Test_Spring_2018/02_18/Prec/20180202_010.txt
ncols	170
nrows	115
xllcorner	350000.000000
yllcorner	4445000.000000
cellsize	1000.000000
nodata_value	-9999.000000
[rows 31 to 61 of 115, columns 70 to 139 of 170]
0.445665 0.451195 0.451726 0.443794 0.442066 0.450653 0.450918 0.448521 0.435599 0.433067 0.425508 0.422214 0.416046 0.406041 0.401105 0.384087 0.331912 0.344701 0.348601 0.332032 0.338245 0.349486 0.335616 0.298757 0.281489 0.25508 0.255251 0.246921 0.2247 -9999 -9999 -9999 -9999 -9999 -9999 -9999 -9999 -9999 -9999 -9999 -9999 -9999 -9999 -9999 -9999 -9999 -9999 -9999 -9999 -9999 -9999 -9999 -9999 -9999 -9999 -9999 -9999 -9999 -9999 -9999 -9999 -9999 -9999 -9999 -9999 -9999 -9999 -9999 -9999 -9999
0.443597 0.444827 0.442121 0.434449 0.440513 0.445976 0.436023 0.431901 0.431623 0.430309 0.424742 0.413411 0.408458 0.403351 0.399689 0.385398 0.347704 0.313496 0.329382 0.328083 0.314172 0.334002 0.320583 0.288658 0.244372 0.265245 0.257159 0.221642 0.210357 -9999 -9999 -9999 -9999 -9999 -9999 -9999 -9999 -9999 -9999 -9999 -9999 -9999 -9999 -9999 -9999 -9999 -9999 -9999 -9999 -9999 -9999 -9999 -9999 -9999 -9999 -9999 -9999 -9999 -9999 -9999 -9999 -9999 -9999 -9999 -9999 -9999 -9999 -9999 -9999 -9999
0.429487 0.436299 0.431217 0.426697 0.43687 0.434479 0.429222 0.432072 0.426999 0.427197 0.424179 0.418445 0.413299 0.4079 0.396262 0.38008 0.34762 0.308946 0.29899 0.31563 0.3149 0.316185 0.304061 0.289235 0.266977 0.282064 0.286849 0.260282 0.232719 0.212185 -9999 -9999 -9999 -9999 -9999 -9999 -9999 -9999 -9999 -9999 -9999 -9999 -9999 -9999 -9999 -9999 -9999 -9999 -9999 -9999 -9999 -9999 -9999 -9999 -9999 -9999 -9999 -9999 -9999 -9999 -9999 -9999 -9999 -9999 -9999 -9999 -9999 -9999 -9999 -9999
0.411554 0.425064 0.418667 0.404605 0.409971 0.413491 0.420889 0.409301 0.409462 0.422782 0.420593 0.418494 0.410785 0.404332 0.394575 0.378922 0.357244 0.33144 0.287568 0.312337 0.331432 0.329509 0.326993 0.316405 0.295285 0.31041 0.3098 0.27698 0.246406 0.227803 0.21906 -9999 -9999 -9999 -9999 -9999 -9999 -9999 -9999 -9999 -9999 -9999 -9999 -9999 -9999 -9999 -9999 -9999 -9999 -9999 -9999 -9999 -9999 -9999 -9999 -9999 -9999 -9999 -9999 -9999 -9999 -9999 -9999 -9999 -9999 -9999 -9999 -9999 -9999 -9999
-9999 0.410801 0.404732 0.388169 0.393703 0.401711 0.41523 0.407967 0.41053 0.413491 0.416507 0.414482 0.406545 0.386044 0.381845 0.379567 0.364906 0.335742 0.306668 0.298219 0.328286 0.33608 0.333141 0.339043 0.321272 0.328138 0.323878 0.312353 0.277158 0.252271 0.240474 0.21851 -9999 -9999 -9999 -9999 -9999 -9999 -9999 -9999 -9999 -9999 -9999 -9999 -9999 -9999 -9999 -9999 -9999 -9999 -9999 -9999 -9999 -9999 -9999 -9999 -9999 -9999 -9999 -9999 -9999 -9999 -9999 -9999 -9999 -9999 -9999 -9999 -9999 -9999
-9999 -9999 -9999 -9999 0.373012 0.386236 0.384358 0.395408 0.404149 0.408624 0.412873 0.41083 0.39638 0.388506 0.386407 0.376237 0.359535 0.348621 0.329928 0.31061 0.31656 0.342312 0.329615 0.347738 0.345422 0.348215 0.334934 0.307155 0.269746 0.251727 0.241407 0.223707 -9999 -9999 -9999 -9999 -9999 -9999 -9999 -9999 -9999 -9999 -9999 -9999 -9999 -9999 -9999 -9999 -9999 -9999 -9999 -9999 -9999 -9999 -9999 -9999 -9999 -9999 -9999 -9999 -9999 -9999 -9999 -9999 -9999 -9999 -9999 -9999 -9999 -9999
-9999 -9999 -9999 -9999 -9999 0.37997 0.375925 0.392955 0.39804 0.400374 0.408096 0.406447 0.399885 0.39453 0.387567 0.379058 0.366146 0.352188 0.334627 0.332142 0.348389 0.347927 0.34381 0.346158 0.354548 0.351924 0.330668 0.295009 0.276911 0.237151 0.221005 0.221916 0.210159 -9999 -9999 -9999 -9999 -9999 -9999 -9999 -9999 -9999 -9999 -9999 -9999 0.222388 -9999 -9999 -9999 -9999 -9999 -9999 -9999 -9999 -9999 -9999 -9999 -9999 -9999 -9999 -9999 -9999 -9999 -9999 -9999 -9999 0 -9999 -9999 -9999
-9999 -9999 -9999 -9999 0.374385 0.375249 0.38297 0.393124 0.391684 0.395159 0.404195 0.402577 0.397317 0.391625 0.381127 0.377349 0.369362 0.354342 0.350483 0.355235 0.357184 0.359665 0.361192 0.359606 0.356036 0.351512 0.336051 0.320525 0.310155 0.272573 0.257265 0.24099 0.216397 0.196948 -9999 -9999 -9999 -9999 -9999 -9999 -9999 0.226626 0.222408 0.219239 0.220728 0.231413 0.218692 -9999 -9999 -9999 -9999 -9999 -9999 -9999 -9999 -9999 -9999 -9999 -9999 -9999 -9999 -9999 -9999 -9999 -9999 -9999 0 0 -9999 -9999
-9999 -9999 -9999 -9999 0.364797 0.375899 0.380754 0.390575 0.395397 0.395239 0.397165 0.398828 0.396295 0.390056 0.381649 0.380002 0.369456 0.363326 0.35886 0.365704 0.366757 0.363535 0.359757 0.356597 0.347441 0.346796 0.341394 0.331993 0.31624 0.299983 0.273278 0.240554 0.208359 0.182247 -9999 -9999 -9999 -9999 -9999 -9999 0.235595 0.244675 0.248478 0.229117 0.238297 0.246154 0.239843 0.217362 -9999 -9999 -9999 -9999 -9999 -9999 -9999 -9999 -9999 -9999 -9999 -9999 -9999 -9999 0.19707 0.174139 0.131028 0.106991 0 0 -9999 -9999
-9999 -9999 -9999 -9999 0.359385 0.372774 0.381317 0.388518 0.388249 0.393399 0.394685 0.39457 0.392261 0.389339 0.386158 0.376458 0.371503 0.358296 0.368794 0.367766 0.364608 0.353192 0.348531 0.329397 0.321456 0.317755 0.33518 0.323914 0.299383 0.268467 0.232968 0.226593 0.214439 0.191515 -9999 -9999 -9999 -9999 -9999 -9999 0.242759 0.25254 0.25971 0.2572 0.237373 0.254333 0.24303 0.225977 0.21838 0.223622 0.224271 0.216807 0.221786 0.221895 0.213563 0.216678 -9999 -9999 -9999 -9999 0.207584 0.20547 0.202898 0.191293 0.14438 0.110908 0 0 -9999 -9999
-9999 -9999 -9999 -9999 0.366446 0.374445 0.377808 0.377136 0.38315 0.387091 0.389304 0.394764 0.391585 0.388835 0.3862 0.381407 0.373385 0.373198 0.371836 0.367787 0.346042 0.32104 0.332897 0.314751 0.281894 0.308597 0.324331 0.311872 0.282385 0.247966 0.239478 0.236903 0.220255 0.205808 -9999 -9999 -9999 0.223058 0.240129 0.239681 0.24264 0.257029 0.26683 0.265204 0.267276 0.260771 0.244436 0.227255 0.20922 0.208842 0.227295 0.228702 0.227081 0.227302 0.219402 0.223701 0.227248 0.227985 0.226261 0.222428 0.219611 0.21745 0.213812 0.203025 0.155848 0.12957 0.111027 0 -9999 -9999
-9999 -9999 -9999 -9999 0.370679 0.37786 0.382984 0.383968 0.383253 0.387549 0.387485 0.390115 0.388032 0.378589 0.38157 0.378568 0.375655 0.372078 0.36803 0.349366 0.324267 0.299566 0.288933 0.293988 0.276204 0.287015 0.303313 0.295552 0.287901 0.257624 0.254557 0.250244 0.217322 0.189265 -9999 -9999 0.19032 0.225113 0.24881 0.259776 0.261236 0.258547 0.271669 0.269006 0.282617 0.273036 0.240179 0.237434 0.212795 0.213502 0.222017 0.219901 0.228399 0.233859 0.232848 0.230046 0.231418 0.229882 0.227855 0.225516 0.220511 0.219184 0.216551 0.208662 0.177171 0.159662 0.1399 0 -9999 -9999
-9999 -9999 -9999 -9999 0.376013 0.384476 0.392965 0.392791 0.397253 0.383005 0.376939 0.383711 0.383929 0.376193 0.369952 0.373749 0.371289 0.36901 0.366834 0.349393 0.329846 0.300551 0.283168 0.272199 0.26608 0.264878 0.274886 0.274892 0.273861 0.279157 0.269059 0.254839 0.23838 0.203127 0.185935 -9999 0.194332 0.209561 0.238095 0.261568 0.275167 0.266212 0.281523 0.280929 0.286897 0.275485 0.251804 0.243574 0.237588 0.230263 0.23768 0.232482 0.234665 0.234756 0.234378 0.232808 0.231597 0.229894 0.228089 0.226308 0.224061 0.221562 0.218291 0.21343 0.19707 0.179229 0.145343 0 -9999 -9999
-9999 -9999 -9999 0.346827 0.373078 0.387546 0.392305 0.394572 0.39545 0.394529 0.392095 0.382039 0.380457 0.376287 0.360647 0.358963 0.359043 0.364655 0.363357 0.361746 0.351454 0.315847 0.30377 0.29425 0.2735 0.265683 0.273683 0.296172 0.297707 0.286683 0.273784 0.256681 0.242608 0.223303 0.182818 0.186371 0.203246 0.215196 0.234163 0.263329 0.282588 0.289171 0.289143 0.29239 0.291617 0.2804 0.263133 0.253995 0.241748 0.235081 0.229443 0.231616 0.232921 0.234281 0.235177 0.232741 0.231328 0.22974 0.228185 0.226672 0.224804 0.222316 0.219767 0.216684 0.212152 0.189997 0.14045 0 -9999 -9999
-9999 -9999 -9999 -9999 0.367094 0.373722 0.374648 0.375741 0.378826 0.381885 0.386088 0.382395 0.382565 0.372958 0.358765 0.343357 0.35193 0.354664 0.358364 0.358534 0.357934 0.33194 0.318879 0.309722 0.290438 0.301566 0.312871 0.316569 0.314521 0.288778 0.262711 0.233596 0.204206 0.203029 0.185671 0.192508 0.203579 0.231969 0.251141 0.257501 0.260917 0.289442 0.293882 0.294046 0.297803 0.281968 0.27026 0.256129 0.252634 0.245877 0.239922 0.211015 0.229027 0.224897 0.234954 0.233253 0.23125 0.229576 0.228163 0.226463 0.224711 0.222584 0.220333 0.217207 0.213642 0.197954 0.135966 0.100386 -9999 -9999
-9999 -9999 -9999 -9999 -9999 -9999 0.367819 0.370777 0.370872 0.3722 0.382802 0.381908 0.379299 0.374131 0.36437 0.346447 0.340755 0.34137 0.328509 0.340349 0.35561 0.358023 0.359847 0.336605 0.326195 0.34362 0.343246 0.326165 0.313026 0.299627 0.26891 0.248071 0.214277 0.188583 0.187388 0.215387 0.237207 0.265946 0.277613 0.268235 0.273749 0.287068 0.301602 0.306413 0.300062 0.283629 0.273114 0.254344 0.260796 0.255617 0.243484 0.232239 0.228818 0.23044 0.227987 0.235115 0.234042 0.229532 0.227837 0.226228 0.224482 0.222518 0.220127 0.217297 0.213881 0.20951 0.145917 0 -9999 -9999
-9999 -9999 -9999 -9999 -9999 -9999 0.356057 0.357075 0.361656 0.377234 0.3816 0.380202 0.374233 0.370475 0.3619 0.346714 0.332144 0.31991 0.305903 0.314445 0.336981 0.352095 0.357245 0.337658 0.353923 0.353481 0.34828 0.325096 0.308485 0.300622 0.271254 0.247431 0.225115 0.193537 0.20676 0.220985 0.239155 0.269948 0.290337 0.297485 0.287706 0.295033 0.312393 0.308807 0.293359 0.2894 0.273729 0.250214 0.26221 0.260933 0.250321 0.244971 0.237709 0.234368 0.233849 0.233793 0.2329 0.230053 0.22716 0.225463 0.223866 0.22211 0.219784 0.217237 0.213944 0.209895 0.167322 0 -9999 -9999
-9999 -9999 -9999 -9999 -9999 -9999 -9999 0.343863 0.358223 0.380149 0.380534 0.374184 0.37361 0.368229 0.357702 0.348779 0.332023 0.311708 0.275555 0.285463 0.30647 0.336906 0.355192 0.357715 0.353727 0.344211 0.314734 0.289037 0.288637 0.286428 0.265507 0.247788 0.222781 0.237538 0.253253 0.270131 0.278327 0.274589 0.291756 0.30517 0.296536 0.306291 0.317657 0.307614 0.299737 0.291961 0.275318 0.268896 0.263476 0.267366 0.253614 0.251437 0.245647 0.239061 0.235721 0.233451 0.232141 0.229221 0.226678 0.224929 0.22304 0.221484 0.219328 0.216724 0.213571 0.209678 0.201921 0.158498 0.130818 -9999
-9999 -9999 -9999 -9999 -9999 -9999 -9999 0.328262 0.333749 0.360462 0.363897 0.371836 0.373098 0.367561 0.353425 0.345036 0.321076 0.312675 0.279677 0.264764 0.279538 0.277862 0.319444 0.35722 0.353956 0.291145 0.270892 0.257182 0.264746 0.267298 0.262803 0.230431 0.221056 0.252433 0.271666 0.286082 0.296539 0.297691 0.295755 0.318019 0.318695 0.324004 0.319496 0.316929 0.301133 0.289381 0.28726 0.273968 0.266532 0.270803 0.253667 0.256557 0.249468 0.240126 0.234018 0.235033 0.231866 0.228997 0.226387 0.224288 0.222732 0.220304 0.218595 0.216165 0.212937 0.209446 0.204923 0.19395 0.169298 0.156526
-9999 -9999 -9999 -9999 -9999 -9999 -9999 -9999 0.305939 0.344797 0.358445 0.363085 0.371752 0.36774 0.3597 0.346347 0.322299 0.302389 0.272892 0.240903 0.222607 0.279064 0.329389 0.358024 0.358627 0.306947 0.288823 0.2913 0.30725 0.298626 0.292014 0.268008 0.260154 0.248629 0.254665 0.275027 0.291614 0.306953 0.317708 0.317219 0.323726 0.324708 0.322476 0.320876 0.315939 0.310724 0.290623 0.293042 0.280265 0.277572 0.268737 0.26004 0.252342 0.239177 0.237818 0.236592 0.233095 0.229742 0.226711 0.224683 0.223175 0.22185 0.217641 0.215342 0.21252 0.20892 0.204872 0.198144 0.190527 0.173093
-9999 -9999 -9999 -9999 -9999 -9999 -9999 -9999 0.286209 0.324936 0.33973 0.360845 0.367965 0.372168 0.365813 0.354295 0.335351 0.310067 0.290378 0.25436 0.218309 0.272741 0.326049 0.357159 0.362987 0.319029 0.335764 0.328503 0.335477 0.31832 0.311797 0.308183 0.294302 0.278596 0.261102 0.251893 0.289653 0.308247 0.322964 0.329171 0.332093 0.332801 0.328928 0.320875 0.300123 0.309664 0.300515 0.293862 0.28659 0.279756 0.272028 0.26393 0.257268 0.25043 0.239975 0.239712 0.234744 0.231008 0.2281 0.225834 0.224087 0.222778 0.221556 0.216106 0.212107 0.208656 0.204633 0.198122 0.192683 0.18626
-9999 -9999 -9999 -9999 -9999 -9999 -9999 -9999 0.228295 0.286716 0.330387 0.351353 0.37306 0.373122 0.37006 0.356486 0.346483 0.327955 0.311851 0.288538 0.254232 0.235153 0.273924 0.33903 0.364664 0.365451 0.36744 0.35824 0.349719 0.350195 0.352267 0.34217 0.323422 0.298383 0.290987 0.280892 0.308552 0.310873 0.307165 0.337967 0.33666 0.333428 0.319539 0.302372 0.302521 0.286706 0.284844 0.269608 0.273504 0.275762 0.272669 0.266147 0.25968 0.253791 0.247108 0.242092 0.237361 0.233311 0.230114 0.227723 0.22588 0.224185 0.222803 0.221658 0.213539 0.210404 0.204639 0.198216 0.193061 0.187034
-9999 -9999 -9999 -9999 -9999 -9999 -9999 -9999 0.233481 0.281317 0.321274 0.350135 0.37036 0.370977 0.374831 0.368971 0.358866 0.342628 0.324101 0.304929 0.275516 0.255167 0.287053 0.322651 0.35564 0.368178 0.369507 0.371453 0.370852 0.371189 0.369096 0.369634 0.355929 0.333875 0.319514 0.298915 0.329912 0.331913 0.325232 0.340098 0.33791 0.311858 0.291376 0.287227 0.294729 0.280845 0.27044 0.254456 0.257007 0.272198 0.26178 0.256692 0.260922 0.256006 0.250273 0.245165 0.240375 0.236336 0.232931 0.230406 0.228449 0.226482 0.224868 0.223256 0.22106 0.210727 0.206992 0.20038 0.193291 0.187728
-9999 -9999 -9999 -9999 -9999 -9999 -9999 -9999 0.237841 0.269493 0.305173 0.347827 0.370269 0.376482 0.380162 0.376443 0.365389 0.356605 0.344825 0.327837 0.317482 0.298922 0.273007 0.325548 0.334117 0.348987 0.357177 0.373841 0.375672 0.370833 0.36452 0.371483 0.371093 0.35186 0.344485 0.332788 0.349287 0.34767 0.345599 0.343167 0.320937 0.290571 0.265895 0.280791 0.275155 0.278013 0.245647 0.263261 0.273916 0.273426 0.252148 0.238242 0.258041 0.254748 0.251433 0.247707 0.244022 0.239722 0.236584 0.233672 0.231345 0.22936 0.227394 0.22545 0.223156 0.220418 0.207798 0.201147 0.196206 0.193
-9999 -9999 -9999 -9999 -9999 -9999 -9999 -9999 -9999 0.25297 0.30873 0.349583 0.370218 0.38166 0.385399 0.381936 0.375194 0.368811 0.361307 0.349063 0.334428 0.311142 0.294984 0.310188 0.316735 0.319252 0.331745 0.362469 0.374039 0.36163 0.331772 0.354047 0.375662 0.374101 0.37067 0.366829 0.360057 0.355963 0.349015 0.333114 0.287497 0.279816 0.261071 0.261395 0.250481 0.265182 0.248638 0.264349 0.268199 0.266171 0.242029 0.242263 0.255562 0.257978 0.25066 0.250453 0.247728 0.243801 0.240428 0.237319 0.234896 0.232713 0.230544 0.230931 0.228564 0.225844 0.211738 0.204933 0.198713 0.192598
-9999 -9999 -9999 -9999 -9999 -9999 -9999 -9999 -9999 0.258481 0.305261 0.354551 0.367466 0.380561 0.391729 0.388983 0.380139 0.372487 0.365553 0.358601 0.340132 0.322902 0.307008 0.303477 0.309806 0.297396 0.315576 0.354582 0.363368 0.361463 0.33277 0.320565 0.349739 0.373735 0.3743 0.370428 0.339218 0.343867 0.326366 0.303282 0.295927 0.28505 0.263529 0.271394 0.254646 0.258373 0.24477 0.251992 0.252916 0.261352 0.239879 0.236956 0.249738 0.254604 0.24923 0.255211 0.254398 0.251143 0.247646 0.244591 0.241832 0.239515 0.237074 0.234556 0.2318 0.228393 0.223787 0.20446 0.175423 0.170595
-9999 -9999 -9999 -9999 -9999 -9999 -9999 -9999 -9999 0.271375 0.302809 0.346364 0.377637 0.376132 0.389921 0.395969 0.386689 0.377249 0.368391 0.364916 0.344339 0.322216 0.305022 0.284609 0.290459 0.30869 0.321372 0.347035 0.352742 0.348833 0.336884 0.345705 0.365473 0.375312 0.377237 0.37327 0.365282 0.359988 0.346701 0.340101 0.322299 0.295262 0.283541 0.287988 0.258701 0.25796 0.264874 0.240954 0.25402 0.257572 0.23167 0.242803 0.255944 0.259967 0.262976 0.261851 0.25871 0.256846 0.253059 0.249834 0.24687 0.244011 0.241308 0.238193 0.234988 0.229558 0.222672 0.198764 0.17029 0.167206
-9999 -9999 -9999 -9999 -9999 -9999 -9999 -9999 -9999 0.284804 0.31287 0.350338 0.371786 0.372849 0.388765 0.403054 0.399146 0.389369 0.386069 0.377263 0.359587 0.340501 0.319931 0.310864 0.288106 0.313901 0.318072 0.339885 0.350658 0.343016 0.33551 0.34933 0.362679 0.367392 0.380259 0.378838 0.372869 0.351771 0.340678 0.343152 0.337432 0.328532 0.309121 0.306239 0.292569 0.285141 0.277574 0.249634 0.254396 0.250623 0.244856 0.262682 0.267033 0.268167 0.268885 0.265498 0.263439 0.262492 0.258861 0.255386 0.252051 0.248981 0.245689 0.241665 0.237649 0.229629 0.217778 0.198567 0.152981 0.165585
-9999 -9999 -9999 -9999 -9999 -9999 -9999 -9999 -9999 0.287069 0.317186 0.348819 0.360094 0.359386 0.390873 0.409464 0.407544 0.402146 0.396626 0.37482 0.376223 0.372503 0.353678 0.326095 0.295844 0.300202 0.315489 0.331312 0.341411 0.323764 0.315061 0.32185 0.342465 0.360572 0.379227 0.383093 0.376094 0.344174 0.31023 0.323642 0.337966 0.335984 0.329182 0.310582 0.302797 0.295179 0.280026 0.248295 0.244608 0.245592 0.263254 0.265087 0.270815 0.274775 0.266337 0.263564 0.26776 0.268511 0.264718 0.261072 0.257698 0.254171 0.250503 0.2452 0.239654 0.232545 0.207457 0.190044 0.161809 0.166496
-9999 -9999 -9999 -9999 -9999 -9999 -9999 -9999 -9999 0.284407 0.305262 0.335412 0.345656 0.364238 0.393971 0.40759 0.413322 0.411684 0.407585 0.397424 0.391523 0.380399 0.36045 0.333221 0.30305 0.283891 0.295425 0.31494 0.326828 0.309281 0.297743 0.313117 0.335354 0.367989 0.386213 0.38789 0.385087 0.377485 0.352307 0.322011 0.320215 0.332453 0.318107 0.301552 0.306337 0.301737 0.286545 0.274275 0.254254 0.248582 0.260762 0.260883 0.268456 0.282183 0.280028 0.274852 0.278302 0.274476 0.270639 0.267085 0.263348 0.259611 0.255709 0.250433 0.243114 0.225029 0.208516 0.186978 0.180117 0.17709
-9999 -9999 -9999 -9999 -9999 -9999 -9999 -9999 -9999 0.27415 0.299241 0.327259 0.353516 0.378473 0.399863 0.399424 0.410188 0.408649 0.414169 0.411536 0.40228 0.392701 0.375336 0.339873 0.310383 0.278319 0.288175 0.31997 0.321749 0.306789 0.278104 0.309122 0.343 0.373441 0.389621 0.376104 0.388439 0.386153 0.375794 0.356991 0.328454 0.3266 0.304117 0.30032 0.307292 0.307115 0.301689 0.291351 0.268025 0.258446 0.265855 0.262702 0.269341 0.278995 0.288498 0.286368 0.28474 0.280684 0.276691 0.272973 0.269115 0.264932 0.260266 0.254613 0.238663 0.220307 0.207122 0.190494 0.1841 0.196672
