Test_Spring_2018/02_18/Prec/20180211_017.txt
ncols	170
nrows	115
xllcorner	350000.000000
yllcorner	4445000.000000
cellsize	1000.000000
nodata_value	-9999.000000
[rows 31 to 61 of 115, columns 70 to 139 of 170]
0.253662 0.256125 0.259424 0.263952 0.268284 0.272234 0.286644 0.29158 0.299877 0.304358 0.309217 0.313424 0.31757 0.321644 0.324665 0.328245 0.334601 0.333795 0.333123 0.333753 0.331459 0.328071 0.326661 0.327119 0.325341 0.324274 0.315476 0.320021 0.317878 -9999 -9999 -9999 -9999 -9999 -9999 -9999 -9999 -9999 -9999 -9999 -9999 -9999 -9999 -9999 -9999 -9999 -9999 -9999 -9999 -9999 -9999 -9999 -9999 -9999 -9999 -9999 -9999 -9999 -9999 -9999 -9999 -9999 -9999 -9999 -9999 -9999 -9999 -9999 -9999 -9999
0.247994 0.251081 0.254857 0.259454 0.263028 0.266979 0.282942 0.284219 0.294325 0.298306 0.302546 0.307104 0.310694 0.313881 0.316439 0.319503 0.324294 0.328131 0.3264 0.325772 0.325832 0.322049 0.321112 0.321639 0.323102 0.317916 0.315472 0.31857 0.311437 -9999 -9999 -9999 -9999 -9999 -9999 -9999 -9999 -9999 -9999 -9999 -9999 -9999 -9999 -9999 -9999 -9999 -9999 -9999 -9999 -9999 -9999 -9999 -9999 -9999 -9999 -9999 -9999 -9999 -9999 -9999 -9999 -9999 -9999 -9999 -9999 -9999 -9999 -9999 -9999 -9999
0.24317 0.24591 0.250103 0.254524 0.257766 0.262492 0.268267 0.278882 0.288903 0.29247 0.296147 0.299814 0.303082 0.305982 0.30906 0.312115 0.316287 0.320567 0.321503 0.319318 0.318383 0.316816 0.316186 0.315485 0.31524 0.311084 0.307796 0.302882 0.305587 0.304136 -9999 -9999 -9999 -9999 -9999 -9999 -9999 -9999 -9999 -9999 -9999 -9999 -9999 -9999 -9999 -9999 -9999 -9999 -9999 -9999 -9999 -9999 -9999 -9999 -9999 -9999 -9999 -9999 -9999 -9999 -9999 -9999 -9999 -9999 -9999 -9999 -9999 -9999 -9999 -9999
0.238442 0.24074 0.245277 0.250828 0.254686 0.258907 0.261552 0.281306 0.284918 0.287033 0.290423 0.293494 0.296766 0.299531 0.302219 0.305072 0.3081 0.311114 0.315498 0.312689 0.310047 0.309111 0.307885 0.307141 0.30716 0.303361 0.300937 0.293655 0.30061 0.298951 0.296435 -9999 -9999 -9999 -9999 -9999 -9999 -9999 -9999 -9999 -9999 -9999 -9999 -9999 -9999 -9999 -9999 -9999 -9999 -9999 -9999 -9999 -9999 -9999 -9999 -9999 -9999 -9999 -9999 -9999 -9999 -9999 -9999 -9999 -9999 -9999 -9999 -9999 -9999 -9999
-9999 0.235674 0.240432 0.246474 0.250528 0.25447 0.255946 0.266304 0.279343 0.282435 0.285207 0.288127 0.291256 0.295243 0.297231 0.29865 0.300926 0.30428 0.307277 0.307895 0.304371 0.302723 0.301817 0.299733 0.299708 0.296996 0.295173 0.29006 0.286762 0.292864 0.290748 0.289764 -9999 -9999 -9999 -9999 -9999 -9999 -9999 -9999 -9999 -9999 -9999 -9999 -9999 -9999 -9999 -9999 -9999 -9999 -9999 -9999 -9999 -9999 -9999 -9999 -9999 -9999 -9999 -9999 -9999 -9999 -9999 -9999 -9999 -9999 -9999 -9999 -9999 -9999
-9999 -9999 -9999 -9999 0.246862 0.249195 0.258018 0.262524 0.274842 0.277838 0.280481 0.283345 0.287028 0.289659 0.291338 0.293458 0.295893 0.297445 0.299472 0.301272 0.300285 0.297047 0.297313 0.294234 0.292886 0.29076 0.289981 0.286385 0.283947 0.289286 0.287056 0.285653 -9999 -9999 -9999 -9999 -9999 -9999 -9999 -9999 -9999 -9999 -9999 -9999 -9999 -9999 -9999 -9999 -9999 -9999 -9999 -9999 -9999 -9999 -9999 -9999 -9999 -9999 -9999 -9999 -9999 -9999 -9999 -9999 -9999 -9999 -9999 -9999 -9999 -9999
-9999 -9999 -9999 -9999 -9999 0.244847 0.25375 0.256909 0.270729 0.274087 0.276467 0.279313 0.282193 0.284525 0.286624 0.288525 0.29055 0.292401 0.294349 0.294555 0.292653 0.292134 0.291692 0.290312 0.288033 0.286547 0.283279 0.283892 0.283061 0.287186 0.285498 0.282199 0.280291 -9999 -9999 -9999 -9999 -9999 -9999 -9999 -9999 -9999 -9999 -9999 -9999 0.257871 -9999 -9999 -9999 -9999 -9999 -9999 -9999 -9999 -9999 -9999 -9999 -9999 -9999 -9999 -9999 -9999 -9999 -9999 -9999 -9999 0.206819 -9999 -9999 -9999
-9999 -9999 -9999 -9999 0.235747 0.243631 0.248343 0.252559 0.258724 0.270607 0.273019 0.275956 0.278745 0.281107 0.283529 0.284926 0.286435 0.288377 0.288979 0.288504 0.288071 0.287332 0.286408 0.285489 0.284448 0.283179 0.278956 0.27801 0.276356 0.274451 0.278408 0.276697 0.275945 0.27489 -9999 -9999 -9999 -9999 -9999 -9999 -9999 0.258522 0.258192 0.257768 0.256836 0.254899 0.255153 -9999 -9999 -9999 -9999 -9999 -9999 -9999 -9999 -9999 -9999 -9999 -9999 -9999 -9999 -9999 -9999 -9999 -9999 -9999 0.205368 0.203239 -9999 -9999
-9999 -9999 -9999 -9999 0.233701 0.238767 0.244283 0.249002 0.253795 0.267216 0.270568 0.273339 0.275951 0.278407 0.280623 0.281789 0.283522 0.284558 0.285204 0.284519 0.284183 0.284024 0.283641 0.282884 0.282384 0.280693 0.275522 0.273873 0.272624 0.271266 0.273433 0.273184 0.273026 0.272494 -9999 -9999 -9999 -9999 -9999 -9999 0.255095 0.253637 0.252793 0.254249 0.25282 0.251401 0.251224 0.235883 -9999 -9999 -9999 -9999 -9999 -9999 -9999 -9999 -9999 -9999 -9999 -9999 -9999 -9999 0.209699 0.209029 0.209882 0.208367 0.205597 0.202914 -9999 -9999
-9999 -9999 -9999 -9999 0.229193 0.234654 0.240402 0.245934 0.251724 0.263872 0.268366 0.27153 0.274259 0.276463 0.278189 0.280142 0.281291 0.282986 0.282109 0.282162 0.282207 0.282822 0.282485 0.283255 0.282561 0.27781 0.273656 0.27203 0.271464 0.27135 0.276574 0.271112 0.268775 0.267759 -9999 -9999 -9999 -9999 -9999 -9999 0.251042 0.249795 0.248912 0.248993 0.250704 0.248625 0.233828 0.23428 0.233701 0.231791 0.230313 0.226674 0.221905 0.22088 0.220774 0.219593 -9999 -9999 -9999 -9999 0.214685 0.212859 0.210601 0.208704 0.209736 0.208866 0.207159 0.197846 -9999 -9999
-9999 -9999 -9999 -9999 0.2238 0.230468 0.237387 0.244318 0.250049 0.26235 0.267129 0.26621 0.269352 0.271823 0.273714 0.27532 0.276818 0.277174 0.277328 0.277459 0.279062 0.280705 0.278409 0.28294 0.28406 0.276834 0.272655 0.270934 0.270624 0.270608 0.272528 0.266789 0.264669 0.260231 -9999 -9999 -9999 0.249894 0.247206 0.246644 0.246053 0.244533 0.243561 0.245829 0.245648 0.238428 0.233015 0.233524 0.234014 0.232696 0.2295 0.228021 0.221465 0.220599 0.220653 0.218127 0.217252 0.216577 0.215965 0.215274 0.214088 0.21235 0.210197 0.20814 0.210095 0.208203 0.204885 0.194091 -9999 -9999
-9999 -9999 -9999 -9999 0.217767 0.224848 0.231961 0.23828 0.245042 0.250697 0.261717 0.266011 0.26933 0.272671 0.274142 0.275635 0.276626 0.277258 0.277569 0.278997 0.280754 0.28217 0.281885 0.279161 0.278841 0.273312 0.268861 0.270597 0.264461 0.263935 0.260683 0.260986 0.259163 0.258574 -9999 -9999 0.251139 0.246323 0.243121 0.241625 0.241414 0.241838 0.240797 0.241297 0.240068 0.234156 0.231057 0.230169 0.233164 0.231765 0.227388 0.226416 0.222095 0.218654 0.218382 0.218393 0.218018 0.21785 0.217529 0.216906 0.216086 0.21433 0.212047 0.20957 0.208688 0.205688 0.198631 0.194102 -9999 -9999
-9999 -9999 -9999 -9999 0.211853 0.219028 0.226061 0.233652 0.240354 0.250599 0.262314 0.266076 0.269941 0.273354 0.275898 0.276801 0.277752 0.278189 0.278186 0.279314 0.280304 0.281929 0.282051 0.280692 0.278932 0.271361 0.267159 0.263804 0.260462 0.256462 0.256869 0.257605 0.25517 0.25417 0.252817 -9999 0.247576 0.244774 0.241232 0.238686 0.237496 0.238779 0.237763 0.238288 0.232229 0.233128 0.229484 0.227056 0.226389 0.225897 0.224044 0.224882 0.221457 0.220998 0.218926 0.219099 0.219281 0.219431 0.219365 0.218916 0.217984 0.216418 0.214171 0.211261 0.208642 0.202527 0.199641 0.194998 -9999 -9999
-9999 -9999 -9999 0.202334 0.209032 0.216179 0.224164 0.232106 0.239753 0.247021 0.25838 0.266571 0.27063 0.274202 0.277856 0.279398 0.280111 0.279701 0.279472 0.278835 0.278666 0.280641 0.279585 0.275532 0.274585 0.270503 0.266187 0.26033 0.25649 0.253892 0.251548 0.252353 0.251998 0.25009 0.250358 0.247472 0.243924 0.241527 0.23906 0.23612 0.234566 0.234522 0.235231 0.231 0.231047 0.229962 0.226044 0.225669 0.225609 0.225066 0.224549 0.223437 0.220555 0.221245 0.221102 0.220096 0.220599 0.221038 0.221224 0.220979 0.22017 0.218678 0.216336 0.213123 0.207089 0.203487 0.198502 0.19162 -9999 -9999
-9999 -9999 -9999 -9999 0.207021 0.215409 0.224266 0.232836 0.24079 0.248195 0.259114 0.26499 0.269558 0.275442 0.279249 0.282257 0.282153 0.281967 0.281107 0.280093 0.278715 0.277555 0.276113 0.273944 0.272495 0.266295 0.261355 0.257102 0.253402 0.252087 0.250908 0.252574 0.25163 0.248306 0.248107 0.244571 0.241635 0.23769 0.235315 0.234769 0.234938 0.232886 0.230096 0.228867 0.228185 0.229297 0.225046 0.225128 0.224186 0.223662 0.22322 0.225262 0.220985 0.221467 0.220797 0.222029 0.221796 0.222521 0.222947 0.22293 0.222257 0.220798 0.218406 0.213797 0.206656 0.201672 0.200377 0.192556 -9999 -9999
-9999 -9999 -9999 -9999 -9999 -9999 0.22357 0.232339 0.241 0.249006 0.2595 0.265485 0.27068 0.275128 0.279015 0.283143 0.284485 0.284463 0.285121 0.282126 0.278439 0.275554 0.272298 0.27118 0.267203 0.261482 0.257445 0.255042 0.252281 0.24963 0.248836 0.249472 0.248945 0.248054 0.245276 0.240223 0.236666 0.232759 0.231215 0.232323 0.232387 0.22943 0.227919 0.227253 0.227549 0.228693 0.224472 0.224973 0.223029 0.222358 0.222568 0.222939 0.220997 0.22108 0.221847 0.221862 0.222761 0.223714 0.224376 0.22452 0.223964 0.222542 0.218224 0.213919 0.208474 0.202035 0.200507 0.194037 -9999 -9999
-9999 -9999 -9999 -9999 -9999 -9999 0.223583 0.232759 0.241228 0.24811 0.259388 0.265719 0.271528 0.276088 0.280059 0.283614 0.28615 0.287376 0.287854 0.285354 0.280782 0.276376 0.272508 0.270749 0.263924 0.259747 0.25601 0.254079 0.251578 0.24834 0.247412 0.248268 0.246661 0.246425 0.242303 0.238697 0.235351 0.231454 0.229104 0.228521 0.229142 0.2284 0.226581 0.226707 0.227858 0.227724 0.224086 0.225019 0.222511 0.221464 0.22156 0.221415 0.22001 0.220719 0.22145 0.222343 0.223393 0.224539 0.225351 0.225615 0.225118 0.222878 0.219715 0.215252 0.209608 0.202905 0.199028 0.19452 -9999 -9999
-9999 -9999 -9999 -9999 -9999 -9999 -9999 0.233103 0.240668 0.247028 0.258801 0.265795 0.271255 0.276155 0.280476 0.283527 0.286262 0.288305 0.290988 0.288244 0.283667 0.277563 0.272201 0.268068 0.26311 0.259705 0.258285 0.256564 0.252465 0.248714 0.24703 0.247347 0.246136 0.241453 0.237215 0.23346 0.23119 0.230714 0.228716 0.227333 0.228165 0.22714 0.225857 0.226557 0.226897 0.227084 0.223538 0.222751 0.221956 0.220409 0.220848 0.22044 0.218974 0.220093 0.2212 0.222409 0.223592 0.224826 0.225711 0.225998 0.225356 0.223421 0.220198 0.215669 0.209918 0.203089 0.195651 0.187927 0.180884 -9999
-9999 -9999 -9999 -9999 -9999 -9999 -9999 0.233594 0.2419 0.247702 0.25919 0.264803 0.27015 0.275156 0.279928 0.282655 0.286332 0.287276 0.289501 0.289434 0.285406 0.282393 0.274641 0.266945 0.261872 0.263727 0.261418 0.258572 0.253782 0.24969 0.24654 0.248503 0.245943 0.239807 0.23539 0.232015 0.229613 0.228312 0.22833 0.225983 0.225939 0.22528 0.225486 0.225366 0.226413 0.22693 0.221871 0.221746 0.22115 0.219579 0.220377 0.219502 0.218168 0.219595 0.221004 0.221908 0.223282 0.224503 0.225078 0.225494 0.224817 0.222881 0.219595 0.215043 0.209308 0.202465 0.194748 0.183865 0.176607 0.167902
-9999 -9999 -9999 -9999 -9999 -9999 -9999 -9999 0.243151 0.247482 0.257883 0.263712 0.268273 0.273119 0.2763 0.280236 0.283997 0.286128 0.288055 0.289205 0.289253 0.280512 0.271923 0.265171 0.259776 0.260633 0.258242 0.253951 0.248513 0.245731 0.243013 0.244458 0.241997 0.240334 0.237419 0.231851 0.229211 0.227406 0.226136 0.22598 0.225072 0.22508 0.224964 0.224656 0.224549 0.224357 0.220935 0.219255 0.219195 0.218328 0.218323 0.218608 0.217254 0.219039 0.219941 0.221009 0.222339 0.222353 0.223563 0.223867 0.223104 0.221162 0.217933 0.213427 0.20776 0.201082 0.193516 0.182406 0.173743 0.165798
-9999 -9999 -9999 -9999 -9999 -9999 -9999 -9999 0.243304 0.247221 0.257342 0.261301 0.26535 0.267976 0.272316 0.276039 0.279315 0.282037 0.283088 0.284757 0.285595 0.278397 0.26989 0.263042 0.258533 0.257593 0.251976 0.248884 0.244585 0.242909 0.240452 0.240273 0.23869 0.237693 0.234273 0.233525 0.229336 0.227183 0.225469 0.224577 0.223937 0.223407 0.224229 0.224243 0.225623 0.223915 0.219221 0.21845 0.217863 0.217423 0.217318 0.217538 0.215926 0.217017 0.21872 0.218422 0.218468 0.220086 0.221083 0.221246 0.220394 0.218401 0.215236 0.211739 0.205417 0.198993 0.191755 0.180941 0.172508 0.16394
-9999 -9999 -9999 -9999 -9999 -9999 -9999 -9999 0.246974 0.2484 0.254198 0.258153 0.259271 0.263757 0.267602 0.271441 0.273823 0.27594 0.276764 0.277357 0.278245 0.277013 0.271619 0.261457 0.255931 0.250854 0.246989 0.244386 0.241919 0.2388 0.235788 0.236693 0.230761 0.231743 0.230087 0.230425 0.227224 0.226638 0.226682 0.22328 0.222972 0.222748 0.223464 0.225816 0.225097 0.225527 0.219893 0.219995 0.218329 0.217007 0.216444 0.216487 0.214636 0.213472 0.215016 0.214 0.215713 0.217075 0.217843 0.217815 0.216841 0.214843 0.211746 0.207558 0.203437 0.197377 0.189549 0.179138 0.171244 0.163227
-9999 -9999 -9999 -9999 -9999 -9999 -9999 -9999 0.24195 0.249543 0.251755 0.252217 0.255121 0.259222 0.262149 0.265089 0.267445 0.269395 0.270605 0.271007 0.27169 0.270904 0.264548 0.259845 0.253013 0.246915 0.244697 0.241327 0.238405 0.228691 0.226806 0.227544 0.227174 0.226257 0.226789 0.228175 0.22462 0.224016 0.224287 0.222385 0.222089 0.224051 0.225361 0.224969 0.225102 0.225644 0.220422 0.220504 0.219 0.216415 0.213805 0.213847 0.210742 0.211708 0.209611 0.211105 0.212486 0.213521 0.214024 0.213787 0.21269 0.210687 0.207692 0.203742 0.198941 0.194333 0.18792 0.177688 0.169849 0.162449
-9999 -9999 -9999 -9999 -9999 -9999 -9999 -9999 0.230823 0.247689 0.24974 0.248142 0.250355 0.253521 0.256184 0.25874 0.261129 0.262391 0.263083 0.263508 0.262613 0.262009 0.261761 0.253527 0.251917 0.246024 0.234536 0.229805 0.226923 0.225115 0.229168 0.226577 0.222896 0.223683 0.223561 0.224067 0.221916 0.22162 0.221372 0.221115 0.222739 0.225078 0.226766 0.224468 0.224155 0.224955 0.221658 0.215556 0.213192 0.212156 0.213623 0.214464 0.209463 0.206055 0.206971 0.207987 0.208908 0.209634 0.209819 0.209401 0.208215 0.206197 0.203338 0.199639 0.195177 0.190029 0.185142 0.175412 0.168574 0.158816
-9999 -9999 -9999 -9999 -9999 -9999 -9999 -9999 -9999 0.23817 0.235886 0.236764 0.239169 0.241877 0.244619 0.247242 0.249291 0.250386 0.250702 0.250677 0.250199 0.250038 0.248797 0.244243 0.242759 0.238519 0.234341 0.228626 0.225125 0.224348 0.228828 0.222442 0.219058 0.218263 0.217884 0.217706 0.219742 0.219645 0.219827 0.220851 0.224745 0.222762 0.223698 0.222678 0.222735 0.22238 0.217053 0.214083 0.212436 0.211562 0.213095 0.208962 0.202874 0.202823 0.203876 0.204254 0.205168 0.205535 0.205468 0.204867 0.203582 0.201585 0.198862 0.194379 0.19006 0.185103 0.180419 0.170824 0.164479 0.157978
-9999 -9999 -9999 -9999 -9999 -9999 -9999 -9999 -9999 0.232093 0.231998 0.231364 0.233927 0.23596 0.237569 0.239853 0.241983 0.24322 0.243633 0.24336 0.243638 0.24333 0.242561 0.240378 0.237154 0.237308 0.233008 0.226862 0.223967 0.222418 0.224307 0.224063 0.220015 0.216725 0.215945 0.215735 0.218298 0.217326 0.218508 0.22017 0.220186 0.220458 0.221704 0.219989 0.220687 0.219373 0.215855 0.213791 0.212476 0.210575 0.211813 0.207674 0.201082 0.200532 0.201095 0.200538 0.200546 0.200567 0.200262 0.199453 0.198063 0.196013 0.193325 0.189993 0.18606 0.181617 0.176789 0.172323 0.165151 0.159223
-9999 -9999 -9999 -9999 -9999 -9999 -9999 -9999 -9999 0.227314 0.228049 0.227339 0.227507 0.230489 0.231449 0.232595 0.234633 0.236047 0.236782 0.236414 0.237246 0.237838 0.237661 0.23763 0.234933 0.231033 0.229312 0.224849 0.222566 0.221463 0.221785 0.219593 0.216554 0.214697 0.213779 0.213552 0.213781 0.213753 0.214489 0.214508 0.215565 0.217464 0.217788 0.216474 0.218481 0.21768 0.216166 0.213234 0.210757 0.209348 0.210994 0.19974 0.198013 0.197314 0.196778 0.196636 0.196586 0.196204 0.19571 0.194767 0.193331 0.191366 0.188838 0.185802 0.182246 0.178422 0.174313 0.171531 0.164048 0.158583
-9999 -9999 -9999 -9999 -9999 -9999 -9999 -9999 -9999 0.222522 0.222953 0.222245 0.222841 0.225101 0.225477 0.225546 0.226912 0.228345 0.228638 0.229014 0.229867 0.230535 0.231112 0.230397 0.230965 0.226732 0.226359 0.22261 0.220108 0.220203 0.219547 0.216983 0.214652 0.213334 0.211337 0.21084 0.210843 0.212354 0.21286 0.211984 0.211868 0.212016 0.213159 0.212639 0.213176 0.21311 0.213092 0.210608 0.20899 0.208313 0.20242 0.195444 0.194425 0.193807 0.193264 0.193096 0.192694 0.192001 0.191313 0.190279 0.188841 0.186944 0.184611 0.181891 0.178723 0.175537 0.172363 0.169609 0.164188 0.157732
-9999 -9999 -9999 -9999 -9999 -9999 -9999 -9999 -9999 0.218901 0.218546 0.217863 0.218961 0.220959 0.219443 0.218834 0.219862 0.220835 0.221431 0.223277 0.222513 0.221995 0.222773 0.224282 0.225982 0.224241 0.221447 0.220362 0.218181 0.219351 0.218974 0.217218 0.214236 0.211626 0.209062 0.208034 0.208124 0.210695 0.213461 0.211521 0.209458 0.208974 0.208937 0.210047 0.21008 0.210105 0.2109 0.207045 0.208128 0.206987 0.193852 0.192864 0.191569 0.190498 0.190663 0.190229 0.189008 0.18797 0.187162 0.186064 0.184615 0.182823 0.180663 0.178279 0.17554 0.172601 0.171122 0.168614 0.163308 0.156603
-9999 -9999 -9999 -9999 -9999 -9999 -9999 -9999 -9999 0.215855 0.215886 0.214844 0.215579 0.215265 0.213592 0.213234 0.213364 0.213927 0.214446 0.215296 0.215488 0.215994 0.217214 0.219038 0.221078 0.221994 0.219874 0.218775 0.214075 0.217869 0.217918 0.215413 0.212333 0.208317 0.205805 0.20499 0.204661 0.204828 0.20674 0.209152 0.20873 0.206902 0.207684 0.208671 0.20754 0.20734 0.208199 0.208791 0.205269 0.199065 0.19187 0.190968 0.189373 0.187193 0.186577 0.186215 0.184912 0.184193 0.183293 0.182136 0.180731 0.179028 0.177024 0.174827 0.172507 0.170941 0.168939 0.167192 0.163804 0.154497
-9999 -9999 -9999 -9999 -9999 -9999 -9999 -9999 -9999 0.213664 0.212792 0.211499 0.210225 0.208905 0.207748 0.208552 0.208044 0.208551 0.208165 0.208402 0.209127 0.209738 0.210996 0.213944 0.216227 0.218714 0.217029 0.213577 0.214638 0.215097 0.216971 0.213008 0.20883 0.205059 0.202759 0.203449 0.201624 0.201276 0.201746 0.20306 0.205338 0.204973 0.206639 0.206448 0.205181 0.204615 0.204565 0.205004 0.200306 0.196025 0.189197 0.188548 0.186949 0.185056 0.183161 0.182372 0.181455 0.180666 0.17972 0.17856 0.177194 0.175611 0.173807 0.171816 0.170557 0.169259 0.16719 0.165238 0.162093 0.153423
