Test_Spring_2018/02_18/Prec/20180225_011.txt
ncols	170
nrows	115
xllcorner	350000.000000
yllcorner	4445000.000000
cellsize	1000.000000
nodata_value	-9999.000000
[rows 31 to 61 of 115, columns 70 to 139 of 170]
0.254889 0.259084 0.262309 0.263736 0.266594 0.278785 0.286474 0.28915 0.309086 0.311203 0.311894 0.31328 0.313823 0.313394 0.314093 0.312185 0.302608 0.307908 0.311607 0.31116 0.31629 0.323012 0.324537 0.321287 0.322737 0.322359 0.331054 0.336255 0.336929 -9999 -9999 -9999 -9999 -9999 -9999 -9999 -9999 -9999 -9999 -9999 -9999 -9999 -9999 -9999 -9999 -9999 -9999 -9999 -9999 -9999 -9999 -9999 -9999 -9999 -9999 -9999 -9999 -9999 -9999 -9999 -9999 -9999 -9999 -9999 -9999 -9999 -9999 -9999 -9999 -9999
0.261452 0.264457 0.266709 0.267946 0.272323 0.27658 0.289069 0.303317 0.314587 0.317058 0.318361 0.318178 0.319274 0.320244 0.321521 0.32048 0.314341 0.309211 0.315604 0.318485 0.318907 0.327271 0.328543 0.325999 0.320966 0.330761 0.334206 0.335987 0.343399 -9999 -9999 -9999 -9999 -9999 -9999 -9999 -9999 -9999 -9999 -9999 -9999 -9999 -9999 -9999 -9999 -9999 -9999 -9999 -9999 -9999 -9999 -9999 -9999 -9999 -9999 -9999 -9999 -9999 -9999 -9999 -9999 -9999 -9999 -9999 -9999 -9999 -9999 -9999 -9999 -9999
0.265405 0.269443 0.270931 0.272654 0.27776 0.28011 0.288508 0.309563 0.320019 0.322931 0.324978 0.326276 0.327586 0.328757 0.328496 0.327239 0.322418 0.31635 0.316924 0.32371 0.326888 0.330824 0.332068 0.333008 0.332557 0.34071 0.346724 0.348127 0.353718 0.364403 -9999 -9999 -9999 -9999 -9999 -9999 -9999 -9999 -9999 -9999 -9999 -9999 -9999 -9999 -9999 -9999 -9999 -9999 -9999 -9999 -9999 -9999 -9999 -9999 -9999 -9999 -9999 -9999 -9999 -9999 -9999 -9999 -9999 -9999 -9999 -9999 -9999 -9999 -9999 -9999
0.268537 0.273858 0.274831 0.274215 0.278084 0.281653 0.303893 0.319433 0.32253 0.328512 0.330929 0.333265 0.334243 0.335417 0.335791 0.334819 0.332516 0.329357 0.322269 0.330741 0.33816 0.34112 0.344228 0.345818 0.34533 0.353226 0.357809 0.361631 0.373192 0.373422 0.375696 -9999 -9999 -9999 -9999 -9999 -9999 -9999 -9999 -9999 -9999 -9999 -9999 -9999 -9999 -9999 -9999 -9999 -9999 -9999 -9999 -9999 -9999 -9999 -9999 -9999 -9999 -9999 -9999 -9999 -9999 -9999 -9999 -9999 -9999 -9999 -9999 -9999 -9999 -9999
-9999 0.277562 0.278392 0.277031 0.280804 0.285312 0.303496 0.318408 0.329089 0.332906 0.33669 0.339269 0.34043 0.338673 0.340476 0.342632 0.341964 0.338038 0.334178 0.335046 0.344712 0.349602 0.352351 0.35738 0.357411 0.363267 0.366899 0.373549 0.381945 0.384547 0.386221 0.385429 -9999 -9999 -9999 -9999 -9999 -9999 -9999 -9999 -9999 -9999 -9999 -9999 -9999 -9999 -9999 -9999 -9999 -9999 -9999 -9999 -9999 -9999 -9999 -9999 -9999 -9999 -9999 -9999 -9999 -9999 -9999 -9999 -9999 -9999 -9999 -9999 -9999 -9999
-9999 -9999 -9999 -9999 0.282454 0.29955 0.31104 0.321233 0.333769 0.338115 0.342397 0.345208 0.345137 0.346415 0.348847 0.34933 0.348229 0.348345 0.346691 0.34494 0.348974 0.357646 0.357963 0.365511 0.368829 0.373654 0.375217 0.38879 0.385527 0.390104 0.392296 0.392682 -9999 -9999 -9999 -9999 -9999 -9999 -9999 -9999 -9999 -9999 -9999 -9999 -9999 -9999 -9999 -9999 -9999 -9999 -9999 -9999 -9999 -9999 -9999 -9999 -9999 -9999 -9999 -9999 -9999 -9999 -9999 -9999 -9999 -9999 -9999 -9999 -9999 -9999
-9999 -9999 -9999 -9999 -9999 0.303904 0.314844 0.322296 0.338227 0.342318 0.347624 0.350771 0.352699 0.354734 0.356211 0.357133 0.356871 0.356217 0.354661 0.356475 0.362578 0.365124 0.367134 0.370956 0.376546 0.380105 0.383775 0.391269 0.392168 0.392479 0.393653 0.398529 0.40034 -9999 -9999 -9999 -9999 -9999 -9999 -9999 -9999 -9999 -9999 -9999 -9999 0.420826 -9999 -9999 -9999 -9999 -9999 -9999 -9999 -9999 -9999 -9999 -9999 -9999 -9999 -9999 -9999 -9999 -9999 -9999 -9999 -9999 0.397165 -9999 -9999 -9999
-9999 -9999 -9999 -9999 0.294724 0.316485 0.321755 0.327893 0.334954 0.346897 0.352768 0.356183 0.358635 0.360775 0.361575 0.363594 0.36439 0.363373 0.364697 0.367895 0.370532 0.373484 0.376539 0.379315 0.382139 0.385281 0.400416 0.401897 0.40484 0.401499 0.407709 0.409143 0.408487 0.408638 -9999 -9999 -9999 -9999 -9999 -9999 -9999 0.430432 0.428899 0.427332 0.426656 0.427994 0.424129 -9999 -9999 -9999 -9999 -9999 -9999 -9999 -9999 -9999 -9999 -9999 -9999 -9999 -9999 -9999 -9999 -9999 -9999 -9999 0.402849 0.397996 -9999 -9999
-9999 -9999 -9999 -9999 0.315584 0.321353 0.326176 0.332508 0.338026 0.352315 0.356884 0.361308 0.364602 0.36679 0.368151 0.370654 0.370793 0.371605 0.372564 0.375962 0.378117 0.379528 0.381179 0.383462 0.384989 0.389066 0.405847 0.409029 0.41117 0.41346 0.417151 0.415397 0.413528 0.412639 -9999 -9999 -9999 -9999 -9999 -9999 0.440257 0.441671 0.441449 0.435726 0.436242 0.436432 0.433528 0.437857 -9999 -9999 -9999 -9999 -9999 -9999 -9999 -9999 -9999 -9999 -9999 -9999 -9999 -9999 0.428737 0.423578 0.413919 0.408594 0.405136 0.4006 -9999 -9999
-9999 -9999 -9999 -9999 0.318466 0.324893 0.330774 0.336823 0.34156 0.354879 0.361657 0.365959 0.36953 0.372615 0.375214 0.375884 0.377158 0.376181 0.380232 0.381567 0.382477 0.381781 0.383027 0.38161 0.383402 0.399186 0.408222 0.411394 0.412056 0.411612 0.415124 0.418555 0.42174 0.422081 -9999 -9999 -9999 -9999 -9999 -9999 0.449598 0.450711 0.450714 0.448201 0.441637 0.44331 0.448849 0.443124 0.439748 0.439523 0.438564 0.439013 0.437053 0.436564 0.434417 0.435017 -9999 -9999 -9999 -9999 0.433338 0.43286 0.432241 0.429584 0.419034 0.411558 0.40481 0.405993 -9999 -9999
-9999 -9999 -9999 -9999 0.323621 0.329013 0.333994 0.338612 0.345145 0.358445 0.365379 0.371279 0.374727 0.377873 0.380553 0.382206 0.382593 0.384262 0.385322 0.385613 0.381982 0.377889 0.382535 0.381965 0.386945 0.400046 0.409082 0.412461 0.412569 0.411961 0.422185 0.427001 0.429791 0.432784 -9999 -9999 -9999 0.451934 0.457009 0.457106 0.457025 0.458731 0.458832 0.456065 0.453804 0.458706 0.452676 0.446524 0.440457 0.438675 0.441468 0.440793 0.440216 0.439671 0.437583 0.435508 0.436524 0.43695 0.436791 0.436071 0.435463 0.434884 0.433877 0.431216 0.423487 0.4176 0.41356 0.406303 -9999 -9999
-9999 -9999 -9999 -9999 0.327416 0.332674 0.338161 0.345098 0.350292 0.356863 0.368439 0.374831 0.378724 0.380491 0.384459 0.386443 0.38781 0.388471 0.388623 0.385307 0.380604 0.376305 0.375715 0.386636 0.386485 0.395841 0.405158 0.412147 0.419302 0.41997 0.426946 0.437966 0.435825 0.435928 -9999 -9999 0.450225 0.460447 0.466923 0.469331 0.468525 0.465903 0.466176 0.462509 0.462331 0.46498 0.45479 0.451585 0.44376 0.441915 0.438324 0.436831 0.440353 0.439441 0.43913 0.438657 0.439259 0.439249 0.439083 0.438735 0.437643 0.437224 0.43639 0.434308 0.426933 0.422767 0.420358 0.405881 -9999 -9999
-9999 -9999 -9999 -9999 0.332398 0.33809 0.344486 0.349545 0.356115 0.359912 0.370192 0.376838 0.382089 0.384329 0.386229 0.389641 0.390922 0.391614 0.391875 0.388505 0.384738 0.379152 0.376876 0.383313 0.385954 0.394765 0.402998 0.409761 0.416954 0.426078 0.434936 0.444256 0.448192 0.445511 0.447818 -9999 0.458698 0.464612 0.472085 0.477053 0.478587 0.474069 0.474271 0.470471 0.474979 0.468937 0.460274 0.451499 0.447493 0.443686 0.443705 0.441102 0.443007 0.442476 0.440879 0.440742 0.440844 0.440878 0.44083 0.440651 0.440189 0.439488 0.438463 0.436992 0.432934 0.430457 0.422805 0.407671 -9999 -9999
-9999 -9999 -9999 0.318917 0.333742 0.34098 0.346799 0.352712 0.358819 0.364839 0.375704 0.380212 0.384673 0.388101 0.387861 0.389927 0.391584 0.393788 0.393952 0.39383 0.391861 0.384638 0.388406 0.391296 0.391004 0.39638 0.404571 0.416859 0.425182 0.43126 0.437282 0.446277 0.454379 0.457508 0.45343 0.459685 0.467557 0.472804 0.47805 0.484068 0.486519 0.485036 0.481284 0.483473 0.47947 0.469322 0.461477 0.455925 0.450183 0.446258 0.44315 0.442368 0.443828 0.443318 0.44334 0.441939 0.442075 0.442217 0.442296 0.442224 0.441863 0.441149 0.440243 0.43911 0.439103 0.433916 0.424979 0.414568 -9999 -9999
-9999 -9999 -9999 -9999 0.334059 0.339727 0.344919 0.350833 0.357719 0.364923 0.377282 0.382024 0.387139 0.390271 0.390421 0.389281 0.392655 0.393985 0.395019 0.395047 0.395031 0.394499 0.394074 0.39551 0.39576 0.405578 0.414881 0.42339 0.431399 0.434713 0.438353 0.44509 0.447398 0.455389 0.460685 0.4667 0.473437 0.482418 0.487636 0.48835 0.486957 0.490021 0.490937 0.484313 0.480458 0.472226 0.465172 0.458153 0.454081 0.449901 0.446547 0.438678 0.443709 0.442139 0.444189 0.443805 0.443102 0.443301 0.443477 0.443408 0.443091 0.442448 0.441575 0.441423 0.441787 0.438392 0.424763 0.415621 -9999 -9999
-9999 -9999 -9999 -9999 -9999 -9999 0.345112 0.351641 0.358059 0.365073 0.378838 0.384298 0.388837 0.392045 0.393298 0.39203 0.392045 0.392721 0.389859 0.392798 0.398534 0.40075 0.403728 0.402135 0.406035 0.415971 0.422957 0.42715 0.433051 0.439541 0.44257 0.451477 0.453172 0.456004 0.463293 0.475757 0.485393 0.494474 0.49795 0.494998 0.493869 0.494331 0.493408 0.489727 0.483278 0.474589 0.467455 0.459125 0.457053 0.453042 0.448164 0.44416 0.444245 0.443932 0.443177 0.444921 0.445049 0.444162 0.444328 0.444317 0.444018 0.443406 0.443753 0.443146 0.442434 0.4416 0.427644 0.414742 -9999 -9999
-9999 -9999 -9999 -9999 -9999 -9999 0.343875 0.350078 0.357599 0.367891 0.380201 0.385549 0.389306 0.392777 0.394217 0.393142 0.391252 0.388938 0.386235 0.388657 0.394698 0.399803 0.403608 0.402953 0.412935 0.419047 0.425152 0.428193 0.433543 0.441513 0.445088 0.45349 0.457955 0.459641 0.470303 0.479778 0.488449 0.498135 0.503524 0.50395 0.5 0.498214 0.497756 0.492004 0.483319 0.477232 0.468729 0.459164 0.458189 0.454933 0.450303 0.447556 0.446686 0.445238 0.444914 0.445063 0.445258 0.445109 0.444839 0.444833 0.444579 0.444558 0.444111 0.443584 0.44292 0.442184 0.432974 0.415162 -9999 -9999
-9999 -9999 -9999 -9999 -9999 -9999 -9999 0.348233 0.357928 0.369599 0.380937 0.385083 0.38995 0.392956 0.393868 0.394121 0.39163 0.387542 0.379743 0.382504 0.388259 0.396877 0.403719 0.40812 0.413639 0.417805 0.418545 0.421087 0.430124 0.4394 0.444896 0.454666 0.458521 0.470581 0.481782 0.49183 0.49824 0.500117 0.504789 0.506995 0.502821 0.501555 0.499722 0.492485 0.485453 0.478462 0.469679 0.463895 0.458965 0.456822 0.451449 0.449384 0.448805 0.446615 0.445654 0.445311 0.445422 0.445269 0.44517 0.445125 0.444938 0.444743 0.444345 0.44382 0.443208 0.442534 0.441164 0.430463 0.424855 -9999
-9999 -9999 -9999 -9999 -9999 -9999 -9999 0.34549 0.353061 0.36564 0.377572 0.384745 0.389858 0.392692 0.392696 0.39328 0.389393 0.387909 0.3808 0.378296 0.382766 0.384293 0.396452 0.408825 0.41455 0.406753 0.409508 0.414644 0.425335 0.435512 0.444495 0.450815 0.457963 0.473545 0.485354 0.494704 0.501524 0.504617 0.504957 0.509132 0.507212 0.505043 0.49976 0.494314 0.485619 0.477839 0.472406 0.46515 0.459817 0.457792 0.451678 0.450754 0.449902 0.447088 0.445498 0.445882 0.445567 0.445416 0.445493 0.445279 0.445217 0.444721 0.444429 0.443957 0.44335 0.442794 0.442182 0.438773 0.433876 0.431944
-9999 -9999 -9999 -9999 -9999 -9999 -9999 -9999 0.347026 0.362055 0.376188 0.382375 0.388933 0.391944 0.395764 0.394102 0.389557 0.385628 0.379468 0.372928 0.370724 0.385414 0.399621 0.409977 0.416572 0.411157 0.41421 0.422734 0.435004 0.442322 0.450433 0.458318 0.46541 0.471001 0.479525 0.492228 0.498591 0.504395 0.507602 0.506762 0.506115 0.503513 0.498976 0.494001 0.487995 0.481919 0.472692 0.469138 0.462749 0.459265 0.45508 0.451596 0.450677 0.447008 0.446469 0.446327 0.445908 0.446391 0.445885 0.445673 0.445605 0.445591 0.444375 0.443947 0.443455 0.442905 0.442432 0.439967 0.438917 0.435953
-9999 -9999 -9999 -9999 -9999 -9999 -9999 -9999 0.342456 0.357104 0.371415 0.381002 0.391028 0.396104 0.396641 0.395484 0.392233 0.387295 0.383557 0.37634 0.369539 0.385094 0.399963 0.41087 0.417104 0.414716 0.425301 0.431278 0.441097 0.445997 0.453572 0.465604 0.470803 0.474952 0.481609 0.48244 0.494602 0.501059 0.505183 0.505976 0.504745 0.501946 0.499572 0.492001 0.482815 0.480396 0.473979 0.468659 0.463719 0.459467 0.45564 0.452352 0.451777 0.449533 0.446935 0.44801 0.447781 0.446978 0.446484 0.446199 0.446056 0.446026 0.446042 0.445051 0.443467 0.442986 0.442553 0.440109 0.439574 0.439087
-9999 -9999 -9999 -9999 -9999 -9999 -9999 -9999 0.329061 0.347725 0.374408 0.382923 0.393083 0.395621 0.396946 0.39545 0.394389 0.391198 0.38852 0.384407 0.378222 0.376043 0.389652 0.408287 0.418473 0.425922 0.43284 0.437932 0.443743 0.45199 0.460829 0.470908 0.480543 0.481148 0.482281 0.484643 0.494311 0.497018 0.497042 0.503509 0.501603 0.498281 0.491824 0.487146 0.48331 0.473488 0.469143 0.462227 0.460054 0.45804 0.455389 0.452534 0.452142 0.451911 0.449823 0.449806 0.448588 0.447706 0.447129 0.446794 0.446608 0.446474 0.446442 0.446525 0.44498 0.444841 0.442631 0.440169 0.439728 0.439336
-9999 -9999 -9999 -9999 -9999 -9999 -9999 -9999 0.336089 0.35857 0.37148 0.384223 0.391703 0.394348 0.397285 0.397653 0.396768 0.394336 0.391383 0.388457 0.383594 0.38129 0.391365 0.405759 0.41796 0.428097 0.433597 0.440688 0.447689 0.462651 0.469574 0.481434 0.484727 0.482263 0.484169 0.483792 0.493948 0.496463 0.495849 0.498915 0.497107 0.489065 0.481593 0.477325 0.479 0.472328 0.466546 0.457552 0.455365 0.456469 0.454826 0.452147 0.454192 0.452109 0.452082 0.450547 0.44932 0.44843 0.447789 0.447404 0.447177 0.446972 0.446887 0.44687 0.446827 0.44489 0.444812 0.442321 0.439743 0.439468
-9999 -9999 -9999 -9999 -9999 -9999 -9999 -9999 0.341014 0.355203 0.366897 0.382982 0.390871 0.394756 0.397714 0.398697 0.397795 0.397273 0.396089 0.3939 0.393517 0.391755 0.388924 0.404353 0.413966 0.424372 0.43955 0.449943 0.457261 0.463183 0.4713 0.479079 0.481077 0.482025 0.484997 0.486216 0.492848 0.494423 0.494864 0.494218 0.488215 0.479605 0.471661 0.472167 0.467836 0.469275 0.459052 0.46333 0.463098 0.460674 0.45176 0.447219 0.452942 0.45353 0.452141 0.450937 0.44996 0.449002 0.448406 0.447921 0.447604 0.447398 0.447246 0.447176 0.447138 0.447143 0.444854 0.442299 0.442115 0.444646
-9999 -9999 -9999 -9999 -9999 -9999 -9999 -9999 -9999 0.355957 0.375523 0.387598 0.394815 0.399661 0.402509 0.403537 0.403717 0.403974 0.404102 0.403413 0.402552 0.400217 0.400021 0.407445 0.417659 0.425209 0.433772 0.446752 0.455646 0.459239 0.464457 0.470976 0.48101 0.485365 0.488701 0.491242 0.489809 0.490694 0.490054 0.486542 0.475572 0.475118 0.469039 0.466837 0.46186 0.467045 0.460697 0.461684 0.460197 0.457654 0.450465 0.452014 0.45619 0.45568 0.453288 0.452754 0.450319 0.449434 0.448775 0.448242 0.447909 0.447678 0.447511 0.449668 0.44978 0.449963 0.447534 0.444844 0.44449 0.444288
-9999 -9999 -9999 -9999 -9999 -9999 -9999 -9999 -9999 0.360639 0.374217 0.388109 0.393588 0.398862 0.40349 0.40484 0.404739 0.404913 0.405356 0.406007 0.404384 0.403433 0.403238 0.406311 0.412103 0.420528 0.429904 0.444222 0.451932 0.457297 0.45806 0.46029 0.471474 0.48107 0.484885 0.487093 0.482488 0.485197 0.482202 0.477236 0.475133 0.471656 0.465312 0.465192 0.459308 0.457887 0.45749 0.456854 0.454952 0.454947 0.448499 0.449496 0.45398 0.4541 0.452197 0.453084 0.452654 0.451843 0.45111 0.45058 0.450206 0.450021 0.449908 0.449896 0.449969 0.450051 0.450026 0.44663 0.438853 0.439004
-9999 -9999 -9999 -9999 -9999 -9999 -9999 -9999 -9999 0.363108 0.373112 0.385639 0.395212 0.397244 0.402544 0.40599 0.405944 0.405879 0.406043 0.407599 0.405583 0.403553 0.403012 0.402167 0.407636 0.41629 0.430794 0.441662 0.448186 0.452584 0.456447 0.462869 0.471451 0.477425 0.48116 0.483041 0.48343 0.483801 0.481746 0.480574 0.476315 0.469475 0.465642 0.465098 0.456753 0.454669 0.454255 0.452183 0.453198 0.452248 0.44491 0.452358 0.454122 0.454104 0.454108 0.453414 0.452465 0.451969 0.451177 0.450627 0.450239 0.449979 0.449869 0.449797 0.449854 0.449575 0.449135 0.44504 0.437163 0.437809
-9999 -9999 -9999 -9999 -9999 -9999 -9999 -9999 -9999 0.365651 0.374775 0.385856 0.393189 0.395808 0.401636 0.407017 0.408286 0.408267 0.409796 0.410253 0.40895 0.407614 0.406271 0.407858 0.406733 0.416835 0.429485 0.439104 0.446345 0.451215 0.45372 0.460812 0.467526 0.471957 0.477805 0.479982 0.48063 0.47735 0.475771 0.476705 0.475304 0.472744 0.467444 0.46554 0.460985 0.457677 0.454264 0.451828 0.451124 0.448633 0.449241 0.455171 0.455002 0.45435 0.453837 0.452623 0.451903 0.451604 0.450854 0.450273 0.449849 0.449612 0.449462 0.449297 0.449298 0.448572 0.447161 0.444262 0.432614 0.43693
-9999 -9999 -9999 -9999 -9999 -9999 -9999 -9999 -9999 0.365635 0.375103 0.384792 0.389797 0.392005 0.401345 0.407741 0.409527 0.410575 0.41169 0.409304 0.412325 0.414445 0.41346 0.410813 0.407869 0.412971 0.422738 0.436161 0.442914 0.445017 0.446879 0.452024 0.460009 0.467112 0.473968 0.477093 0.477337 0.47153 0.464802 0.468233 0.471437 0.470589 0.468314 0.463104 0.460088 0.456945 0.452011 0.444405 0.446644 0.445263 0.454695 0.453749 0.453882 0.453836 0.451232 0.450113 0.45076 0.450822 0.450038 0.44945 0.44908 0.448834 0.448723 0.44842 0.448245 0.447905 0.443716 0.441414 0.434279 0.43654
-9999 -9999 -9999 -9999 -9999 -9999 -9999 -9999 -9999 0.364448 0.371735 0.381008 0.385721 0.39222 0.401158 0.406454 0.409992 0.41193 0.413417 0.413691 0.415109 0.415582 0.414329 0.411708 0.40869 0.408384 0.415166 0.431427 0.43465 0.439999 0.440941 0.447721 0.455789 0.465886 0.472409 0.474848 0.475886 0.475439 0.470641 0.464295 0.463955 0.466406 0.462577 0.457975 0.457926 0.455594 0.450759 0.446507 0.446427 0.447311 0.451907 0.450541 0.451029 0.453099 0.451824 0.45009 0.450508 0.449507 0.448709 0.448175 0.447799 0.447624 0.447614 0.447505 0.447146 0.444578 0.442556 0.439579 0.440037 0.43825
-9999 -9999 -9999 -9999 -9999 -9999 -9999 -9999 -9999 0.36149 0.369632 0.378342 0.386574 0.394447 0.401479 0.403606 0.408272 0.410247 0.413916 0.415907 0.416601 0.417439 0.416768 0.412283 0.409373 0.4061 0.412402 0.425753 0.437691 0.437814 0.434715 0.4448 0.455274 0.464684 0.47057 0.46945 0.473762 0.474426 0.47291 0.469139 0.462837 0.46219 0.456614 0.454956 0.455476 0.454196 0.451587 0.447771 0.44253 0.447305 0.450592 0.448397 0.44856 0.449591 0.450802 0.449635 0.448821 0.447709 0.44686 0.446324 0.446008 0.445871 0.445878 0.445913 0.443881 0.441539 0.440566 0.439004 0.439883 0.442448
