Test_Spring_2018/02_18/Prec/20180226_012.txt
ncols	170
nrows	115
xllcorner	350000.000000
yllcorner	4445000.000000
cellsize	1000.000000
nodata_value	-9999.000000
[rows 31 to 61 of 115, columns 70 to 139 of 170]
0.192291 0.191558 0.19329 0.198869 0.20213 0.209579 0.21022 0.214762 0.25138 0.257076 0.264592 0.270059 0.276466 0.284264 0.289828 0.300387 0.325651 0.324112 0.3266 0.338042 0.340544 0.341549 0.35361 0.375826 0.390424 0.409243 0.410176 0.430075 0.446357 -9999 -9999 -9999 -9999 -9999 -9999 -9999 -9999 -9999 -9999 -9999 -9999 -9999 -9999 -9999 -9999 -9999 -9999 -9999 -9999 -9999 -9999 -9999 -9999 -9999 -9999 -9999 -9999 -9999 -9999 -9999 -9999 -9999 -9999 -9999 -9999 -9999 -9999 -9999 -9999 -9999
0.195672 0.196438 0.199189 0.204307 0.203959 0.204047 0.216713 0.251216 0.254166 0.259193 0.265792 0.274587 0.280553 0.286455 0.291699 0.301395 0.320956 0.339313 0.337192 0.342673 0.353935 0.351765 0.364043 0.384627 0.41091 0.41056 0.422578 0.447728 0.469769 -9999 -9999 -9999 -9999 -9999 -9999 -9999 -9999 -9999 -9999 -9999 -9999 -9999 -9999 -9999 -9999 -9999 -9999 -9999 -9999 -9999 -9999 -9999 -9999 -9999 -9999 -9999 -9999 -9999 -9999 -9999 -9999 -9999 -9999 -9999 -9999 -9999 -9999 -9999 -9999 -9999
0.203436 0.201665 0.205163 0.208707 0.206373 0.209441 0.222311 0.252141 0.25699 0.261258 0.266715 0.273154 0.279228 0.285336 0.294037 0.304715 0.322348 0.342854 0.351814 0.350207 0.356398 0.362386 0.374617 0.388635 0.406362 0.409094 0.416519 0.428505 0.468893 0.499707 -9999 -9999 -9999 -9999 -9999 -9999 -9999 -9999 -9999 -9999 -9999 -9999 -9999 -9999 -9999 -9999 -9999 -9999 -9999 -9999 -9999 -9999 -9999 -9999 -9999 -9999 -9999 -9999 -9999 -9999 -9999 -9999 -9999 -9999 -9999 -9999 -9999 -9999 -9999 -9999
0.212168 0.207472 0.211357 0.218693 0.218172 0.218587 0.254404 0.260615 0.264897 0.263603 0.268633 0.273508 0.280627 0.287193 0.295175 0.305745 0.319059 0.334437 0.357784 0.353148 0.351516 0.359337 0.368153 0.381079 0.3991 0.402688 0.413337 0.43831 0.486734 0.503556 0.515829 -9999 -9999 -9999 -9999 -9999 -9999 -9999 -9999 -9999 -9999 -9999 -9999 -9999 -9999 -9999 -9999 -9999 -9999 -9999 -9999 -9999 -9999 -9999 -9999 -9999 -9999 -9999 -9999 -9999 -9999 -9999 -9999 -9999 -9999 -9999 -9999 -9999 -9999 -9999
-9999 0.214005 0.217674 0.22596 0.22527 0.223715 0.250953 0.262375 0.264746 0.267671 0.270447 0.275203 0.282341 0.294689 0.300332 0.305354 0.31582 0.332736 0.350154 0.359651 0.353884 0.358208 0.367869 0.374738 0.392303 0.400402 0.413783 0.440001 0.469939 0.504233 0.519319 0.538024 -9999 -9999 -9999 -9999 -9999 -9999 -9999 -9999 -9999 -9999 -9999 -9999 -9999 -9999 -9999 -9999 -9999 -9999 -9999 -9999 -9999 -9999 -9999 -9999 -9999 -9999 -9999 -9999 -9999 -9999 -9999 -9999 -9999 -9999 -9999 -9999 -9999 -9999
-9999 -9999 -9999 -9999 0.233938 0.259641 0.261882 0.267602 0.267358 0.269574 0.271729 0.276361 0.28606 0.293008 0.297644 0.305849 0.317125 0.326495 0.339746 0.354041 0.358727 0.356167 0.370639 0.373356 0.385604 0.396682 0.415274 0.464024 0.481889 0.515708 0.532012 0.550766 -9999 -9999 -9999 -9999 -9999 -9999 -9999 -9999 -9999 -9999 -9999 -9999 -9999 -9999 -9999 -9999 -9999 -9999 -9999 -9999 -9999 -9999 -9999 -9999 -9999 -9999 -9999 -9999 -9999 -9999 -9999 -9999 -9999 -9999 -9999 -9999 -9999 -9999
-9999 -9999 -9999 -9999 -9999 0.261976 0.265321 0.262204 0.269532 0.272561 0.273138 0.277418 0.283608 0.289255 0.295657 0.302945 0.312478 0.323044 0.335886 0.343403 0.344216 0.353172 0.364909 0.375243 0.384321 0.399154 0.431615 0.475919 0.499338 0.533309 0.554166 0.567285 0.584734 -9999 -9999 -9999 -9999 -9999 -9999 -9999 -9999 -9999 -9999 -9999 -9999 0.592579 -9999 -9999 -9999 -9999 -9999 -9999 -9999 -9999 -9999 -9999 -9999 -9999 -9999 -9999 -9999 -9999 -9999 -9999 -9999 -9999 0.547357 -9999 -9999 -9999
-9999 -9999 -9999 -9999 0.23276 0.261075 0.26199 0.261825 0.27209 0.273991 0.273851 0.277865 0.283191 0.288606 0.296088 0.301037 0.308214 0.319023 0.326124 0.330784 0.337924 0.34629 0.356585 0.369733 0.385237 0.402577 0.447582 0.471747 0.49427 0.51568 0.553242 0.575897 0.60096 0.622479 -9999 -9999 -9999 -9999 -9999 -9999 -9999 0.639125 0.634858 0.628927 0.62025 0.607346 0.604142 -9999 -9999 -9999 -9999 -9999 -9999 -9999 -9999 -9999 -9999 -9999 -9999 -9999 -9999 -9999 -9999 -9999 -9999 -9999 0.555183 0.558544 -9999 -9999
-9999 -9999 -9999 -9999 0.260159 0.259907 0.262226 0.262336 0.264284 0.27297 0.275574 0.277899 0.281666 0.286811 0.292889 0.296425 0.304205 0.310977 0.31817 0.322029 0.329883 0.341263 0.354726 0.369818 0.389257 0.406907 0.448842 0.472927 0.500294 0.528111 0.561095 0.59325 0.623995 0.650584 -9999 -9999 -9999 -9999 -9999 -9999 0.666036 0.65665 0.647549 0.646687 0.63309 0.619684 0.612264 0.621509 -9999 -9999 -9999 -9999 -9999 -9999 -9999 -9999 -9999 -9999 -9999 -9999 -9999 -9999 0.550594 0.554021 0.565338 0.568433 0.568163 0.570275 -9999 -9999
-9999 -9999 -9999 -9999 0.260902 0.260038 0.261091 0.262464 0.266588 0.267382 0.275177 0.277842 0.280988 0.284129 0.287352 0.293556 0.298393 0.307623 0.308308 0.315417 0.32531 0.340733 0.355567 0.378683 0.399368 0.439657 0.454102 0.481684 0.515569 0.552428 0.607007 0.616663 0.641804 0.669537 -9999 -9999 -9999 -9999 -9999 -9999 0.690005 0.678923 0.666723 0.656977 0.653507 0.634425 0.636475 0.631848 0.624329 0.612779 0.604605 0.615194 0.588809 0.584042 0.584028 0.580158 -9999 -9999 -9999 -9999 0.570985 0.567149 0.562544 0.560851 0.573199 0.579573 0.584684 0.58496 -9999 -9999
-9999 -9999 -9999 -9999 0.256218 0.257993 0.261513 0.266363 0.267941 0.269152 0.275837 0.276842 0.279587 0.281795 0.283876 0.287124 0.292383 0.295475 0.300554 0.308613 0.326186 0.347477 0.355929 0.381113 0.423471 0.44265 0.460493 0.491496 0.530525 0.571995 0.618319 0.630142 0.660024 0.693527 -9999 -9999 -9999 0.733801 0.729071 0.727741 0.721453 0.707404 0.692916 0.675319 0.660644 0.663429 0.650503 0.644301 0.63974 0.629426 0.613044 0.605563 0.596562 0.591872 0.592029 0.591154 0.588064 0.586277 0.585215 0.584361 0.58215 0.578598 0.574596 0.572626 0.58079 0.583553 0.582941 0.582582 -9999 -9999
-9999 -9999 -9999 -9999 0.258577 0.261008 0.263898 0.264752 0.268984 0.270367 0.272375 0.276638 0.278232 0.282393 0.281227 0.282804 0.28508 0.288875 0.294602 0.308577 0.327745 0.349509 0.368322 0.390516 0.419132 0.445759 0.464953 0.502479 0.548616 0.590264 0.620166 0.664073 0.688602 0.722314 -9999 -9999 0.767785 0.760201 0.752626 0.745884 0.739045 0.730518 0.71279 0.699843 0.679178 0.681037 0.673721 0.660578 0.648678 0.636733 0.626053 0.619668 0.621936 0.600454 0.597918 0.597316 0.595675 0.595416 0.595026 0.593994 0.592984 0.589195 0.584695 0.581264 0.586775 0.585914 0.59044 0.594648 -9999 -9999
-9999 -9999 -9999 -9999 0.25686 0.259142 0.260834 0.265366 0.267071 0.271404 0.275585 0.27394 0.277059 0.279626 0.28132 0.279074 0.280231 0.28271 0.287122 0.300366 0.317374 0.341603 0.364201 0.393445 0.419115 0.467357 0.49167 0.521583 0.55289 0.582009 0.626852 0.677161 0.711101 0.737594 0.765815 -9999 0.791726 0.792718 0.782982 0.77033 0.757244 0.749739 0.72925 0.713448 0.705975 0.693695 0.680726 0.668592 0.657266 0.648255 0.635017 0.620592 0.624539 0.619026 0.604081 0.603359 0.603306 0.603682 0.603748 0.602954 0.601135 0.598006 0.593768 0.588904 0.587805 0.59112 0.596323 0.601652 -9999 -9999
-9999 -9999 -9999 0.242738 0.256528 0.256788 0.260365 0.264055 0.267245 0.270004 0.271909 0.273041 0.273297 0.275975 0.280608 0.279651 0.278819 0.27723 0.280721 0.287127 0.300388 0.327733 0.353053 0.391654 0.426415 0.464635 0.49235 0.515617 0.548658 0.587413 0.626794 0.679723 0.725209 0.759104 0.788189 0.805094 0.811325 0.814022 0.808073 0.792359 0.77579 0.760351 0.744534 0.735512 0.717652 0.702368 0.685837 0.67287 0.662878 0.652519 0.643832 0.634032 0.636555 0.622864 0.618635 0.608997 0.609463 0.610296 0.610772 0.610328 0.608714 0.605809 0.601348 0.595672 0.593316 0.593864 0.608982 0.606994 -9999 -9999
-9999 -9999 -9999 -9999 0.257811 0.261753 0.267213 0.271531 0.27378 0.274687 0.273456 0.274507 0.272777 0.272507 0.277343 0.281197 0.275989 0.27488 0.275775 0.28119 0.290482 0.325619 0.351246 0.379318 0.415285 0.447531 0.476136 0.509592 0.546567 0.593923 0.641251 0.701055 0.745247 0.77444 0.8127 0.821571 0.830871 0.826956 0.820714 0.813873 0.802938 0.777153 0.765725 0.745558 0.724587 0.711544 0.691366 0.679229 0.664493 0.653217 0.643858 0.64633 0.640844 0.635429 0.62608 0.619483 0.613937 0.6152 0.616042 0.616088 0.614782 0.611994 0.607566 0.604863 0.600619 0.599109 0.616311 0.612224 -9999 -9999
-9999 -9999 -9999 -9999 -9999 -9999 0.269891 0.273523 0.27697 0.278414 0.274198 0.273623 0.272471 0.27146 0.271951 0.276081 0.276142 0.275349 0.282722 0.286552 0.292678 0.308152 0.328517 0.363653 0.403013 0.428512 0.463753 0.5077 0.551179 0.595307 0.646451 0.704204 0.751732 0.792407 0.818455 0.82705 0.831678 0.827709 0.824394 0.823647 0.811169 0.79425 0.771221 0.75001 0.732275 0.718521 0.696896 0.685764 0.666053 0.653368 0.645914 0.640466 0.642967 0.634682 0.630172 0.623482 0.621634 0.618425 0.619677 0.620003 0.619007 0.616431 0.61482 0.610293 0.604751 0.598636 0.616521 0.61972 -9999 -9999
-9999 -9999 -9999 -9999 -9999 -9999 0.275025 0.279487 0.281002 0.276364 0.274504 0.273808 0.273658 0.271619 0.271157 0.273701 0.277026 0.281239 0.290063 0.293597 0.296156 0.306778 0.326393 0.360817 0.389929 0.423936 0.462315 0.509958 0.556044 0.599017 0.650712 0.710489 0.754073 0.797881 0.818454 0.833116 0.839959 0.834908 0.82782 0.819678 0.815004 0.797931 0.773334 0.755191 0.740798 0.721405 0.701435 0.691776 0.669271 0.654487 0.645935 0.637588 0.640992 0.634321 0.62862 0.624615 0.622497 0.622301 0.621838 0.622385 0.621562 0.620244 0.617263 0.61293 0.607619 0.601604 0.610915 0.623554 -9999 -9999
-9999 -9999 -9999 -9999 -9999 -9999 -9999 0.285631 0.282995 0.275601 0.275266 0.276465 0.273902 0.27237 0.272565 0.272373 0.276507 0.284126 0.301792 0.304823 0.308162 0.312632 0.327069 0.352635 0.390498 0.428658 0.477505 0.526544 0.566206 0.607103 0.655509 0.712859 0.757629 0.782179 0.80168 0.815168 0.82607 0.835396 0.829539 0.819493 0.813479 0.795504 0.773541 0.758238 0.740845 0.723158 0.703605 0.686821 0.671477 0.654392 0.646927 0.636983 0.639388 0.63368 0.628771 0.625339 0.62311 0.622749 0.622976 0.623148 0.622826 0.621192 0.618436 0.61447 0.609464 0.603733 0.598874 0.598638 0.600354 -9999
-9999 -9999 -9999 -9999 -9999 -9999 -9999 0.293188 0.294141 0.284687 0.283074 0.278346 0.275087 0.273741 0.275601 0.277351 0.283879 0.286451 0.303017 0.316485 0.322485 0.340304 0.344973 0.355723 0.393068 0.453041 0.497637 0.541209 0.577007 0.615302 0.656195 0.719076 0.756646 0.773618 0.791063 0.805101 0.814747 0.822426 0.824406 0.810986 0.801339 0.785773 0.771083 0.753401 0.740032 0.724684 0.699594 0.686141 0.67197 0.654918 0.64891 0.636775 0.639689 0.634841 0.630737 0.625572 0.623763 0.623081 0.62351 0.623548 0.623721 0.621368 0.618676 0.614986 0.610423 0.604962 0.599182 0.58568 0.586431 0.582661
-9999 -9999 -9999 -9999 -9999 -9999 -9999 -9999 0.307106 0.292579 0.286827 0.283652 0.277603 0.276004 0.281889 0.282339 0.289099 0.296953 0.312429 0.333196 0.352865 0.346292 0.346898 0.360825 0.395828 0.450147 0.492714 0.528303 0.559262 0.600765 0.641031 0.699275 0.734823 0.768364 0.790214 0.805359 0.809495 0.809884 0.806751 0.80322 0.792332 0.779074 0.76457 0.747715 0.731072 0.714189 0.697501 0.678429 0.667195 0.65355 0.644399 0.6372 0.640704 0.63728 0.630922 0.626334 0.624274 0.624938 0.624284 0.624055 0.624048 0.624009 0.618291 0.614873 0.610571 0.605645 0.600175 0.585096 0.579203 0.577704
-9999 -9999 -9999 -9999 -9999 -9999 -9999 -9999 0.317159 0.302702 0.296683 0.286972 0.284543 0.288431 0.286031 0.286658 0.292158 0.302955 0.314843 0.337502 0.364494 0.356886 0.356845 0.368728 0.394701 0.449911 0.476243 0.514001 0.546694 0.589648 0.627716 0.675855 0.711977 0.745517 0.782918 0.801638 0.797639 0.796518 0.791983 0.786291 0.777841 0.766934 0.763156 0.741277 0.732833 0.711372 0.691381 0.677337 0.664835 0.653689 0.644611 0.637465 0.641218 0.635129 0.632362 0.630365 0.628365 0.626459 0.625401 0.624937 0.62475 0.624505 0.624012 0.620722 0.610301 0.605821 0.60089 0.585844 0.579589 0.573952
-9999 -9999 -9999 -9999 -9999 -9999 -9999 -9999 0.343536 0.32093 0.307218 0.297406 0.299252 0.295246 0.29264 0.295274 0.298099 0.306928 0.317878 0.335461 0.361549 0.385332 0.387878 0.384879 0.401419 0.436165 0.466468 0.502715 0.539404 0.572481 0.604373 0.653273 0.699908 0.734091 0.755085 0.774782 0.774318 0.779778 0.783203 0.768035 0.76248 0.754644 0.748886 0.753311 0.739873 0.716548 0.694978 0.68598 0.670062 0.656102 0.645801 0.638452 0.643094 0.642789 0.637193 0.633637 0.630455 0.628358 0.627043 0.626242 0.625735 0.625355 0.624721 0.623597 0.618921 0.616539 0.601377 0.586335 0.580565 0.575277
-9999 -9999 -9999 -9999 -9999 -9999 -9999 -9999 0.348881 0.330572 0.314361 0.318219 0.307433 0.304392 0.30018 0.300854 0.30484 0.313601 0.326121 0.342153 0.36595 0.389569 0.394982 0.401864 0.413981 0.443033 0.469183 0.498239 0.528949 0.569956 0.60108 0.644218 0.674918 0.704298 0.728277 0.751137 0.748565 0.753959 0.758942 0.751206 0.74724 0.750432 0.749166 0.739586 0.73677 0.730046 0.713682 0.690436 0.67641 0.658145 0.66071 0.652375 0.653381 0.645643 0.640897 0.636342 0.633026 0.630642 0.629048 0.627897 0.627039 0.626421 0.62561 0.624505 0.623154 0.61704 0.614451 0.599615 0.581614 0.576681
-9999 -9999 -9999 -9999 -9999 -9999 -9999 -9999 0.350488 0.338965 0.324835 0.325794 0.315134 0.310966 0.308096 0.309118 0.3146 0.321117 0.331353 0.346598 0.362156 0.384272 0.412531 0.411076 0.431479 0.457313 0.48963 0.512393 0.54157 0.573079 0.611851 0.634039 0.656052 0.68339 0.70282 0.720766 0.723498 0.730191 0.733573 0.733832 0.739412 0.745931 0.748151 0.732502 0.724455 0.7264 0.720433 0.7134 0.697012 0.68551 0.6661 0.662167 0.658212 0.651191 0.644715 0.639659 0.635793 0.633291 0.63126 0.629885 0.628783 0.627802 0.626832 0.625651 0.624233 0.62248 0.615325 0.600123 0.59606 0.604336
-9999 -9999 -9999 -9999 -9999 -9999 -9999 -9999 -9999 0.350113 0.350213 0.333311 0.324326 0.319042 0.317285 0.319339 0.324083 0.330494 0.339616 0.353286 0.370743 0.394679 0.418493 0.431954 0.453128 0.483051 0.503993 0.518132 0.540418 0.572256 0.628426 0.642255 0.653307 0.671457 0.687599 0.700958 0.702896 0.710422 0.716123 0.722727 0.739166 0.748152 0.749997 0.742577 0.738827 0.740262 0.728011 0.710868 0.698591 0.688909 0.68877 0.696234 0.679632 0.668925 0.66331 0.655878 0.638811 0.635991 0.633788 0.632156 0.630727 0.629473 0.628283 0.638158 0.637373 0.636282 0.629695 0.613267 0.610212 0.606609
-9999 -9999 -9999 -9999 -9999 -9999 -9999 -9999 -9999 0.376407 0.358315 0.338632 0.333769 0.328836 0.325074 0.327875 0.334405 0.342034 0.35131 0.362811 0.381499 0.402145 0.424678 0.444383 0.462078 0.498188 0.514344 0.522488 0.543329 0.568218 0.623183 0.648337 0.654331 0.660247 0.673469 0.685961 0.707189 0.710899 0.721312 0.731718 0.733489 0.734904 0.739217 0.730075 0.73021 0.721127 0.726634 0.714258 0.704373 0.691429 0.691165 0.70176 0.686027 0.675017 0.669152 0.659535 0.653752 0.649982 0.647249 0.645154 0.643598 0.642327 0.641362 0.640467 0.639504 0.63847 0.63745 0.631445 0.621906 0.618219
-9999 -9999 -9999 -9999 -9999 -9999 -9999 -9999 -9999 0.377301 0.365996 0.349303 0.337572 0.339581 0.335641 0.335657 0.34312 0.352045 0.362408 0.372436 0.391628 0.413582 0.435585 0.460918 0.477135 0.489746 0.515342 0.526795 0.546633 0.570093 0.616755 0.631251 0.639468 0.64985 0.661387 0.67313 0.68426 0.692008 0.700908 0.704999 0.71191 0.721043 0.722425 0.715939 0.722563 0.716615 0.706979 0.717557 0.703653 0.693702 0.696159 0.701665 0.68722 0.677219 0.668395 0.662112 0.657519 0.653237 0.650546 0.648318 0.646549 0.645149 0.643922 0.642929 0.641872 0.641492 0.641354 0.647847 0.626429 0.622446
-9999 -9999 -9999 -9999 -9999 -9999 -9999 -9999 -9999 0.377882 0.368272 0.354575 0.347528 0.349156 0.345047 0.342318 0.348126 0.357603 0.365844 0.378016 0.395644 0.415685 0.438159 0.457581 0.484269 0.492113 0.519876 0.531051 0.546873 0.59272 0.613686 0.624505 0.633979 0.645301 0.651347 0.661362 0.671269 0.685495 0.693666 0.694419 0.696955 0.699365 0.704887 0.702468 0.703657 0.701554 0.698985 0.713211 0.703619 0.697526 0.691964 0.696236 0.686122 0.677908 0.670514 0.665526 0.660709 0.65614 0.653354 0.651092 0.649258 0.647673 0.646403 0.645519 0.644582 0.645143 0.647036 0.65166 0.636385 0.626283
-9999 -9999 -9999 -9999 -9999 -9999 -9999 -9999 -9999 0.382832 0.372546 0.361589 0.359195 0.362053 0.351987 0.347957 0.353346 0.361278 0.370544 0.388019 0.397389 0.410491 0.431472 0.457627 0.486289 0.501758 0.518165 0.536032 0.550632 0.599606 0.619699 0.632189 0.637537 0.642355 0.645252 0.65254 0.662567 0.681209 0.699011 0.695541 0.690235 0.690395 0.691398 0.696304 0.695868 0.694675 0.696082 0.69503 0.708249 0.700824 0.706787 0.697887 0.687767 0.678876 0.675705 0.670784 0.663585 0.658423 0.655718 0.653452 0.65149 0.649906 0.648587 0.648044 0.647593 0.647691 0.655089 0.659067 0.648385 0.62939
-9999 -9999 -9999 -9999 -9999 -9999 -9999 -9999 -9999 0.389388 0.383008 0.372829 0.37111 0.366248 0.357233 0.355573 0.358025 0.364544 0.373246 0.38576 0.397893 0.413642 0.434508 0.459796 0.487584 0.511893 0.524299 0.5444 0.562104 0.605293 0.625592 0.633625 0.637515 0.63563 0.63818 0.645997 0.654056 0.662517 0.676754 0.691675 0.693405 0.688082 0.692722 0.697326 0.69224 0.690382 0.692395 0.692798 0.705264 0.700144 0.70979 0.702082 0.691644 0.679097 0.673661 0.670018 0.663334 0.660203 0.657565 0.655243 0.653358 0.651751 0.650405 0.649735 0.649936 0.654564 0.658432 0.664241 0.66378 0.628753
-9999 -9999 -9999 -9999 -9999 -9999 -9999 -9999 -9999 0.39851 0.390298 0.381016 0.372712 0.365315 0.359902 0.364213 0.364665 0.37118 0.375846 0.385109 0.398425 0.41323 0.432635 0.460884 0.487863 0.516958 0.529445 0.536934 0.584848 0.606774 0.633637 0.634652 0.633248 0.631892 0.634987 0.6489 0.650527 0.656727 0.664836 0.675087 0.688113 0.68888 0.697178 0.696783 0.691117 0.687764 0.686068 0.686025 0.681886 0.697701 0.709558 0.703554 0.693833 0.683285 0.673275 0.668599 0.664212 0.661309 0.658817 0.656594 0.654749 0.65329 0.65221 0.65165 0.655416 0.660171 0.662722 0.666622 0.666172 0.637488
