Test_Spring_2018/02_18/Prec/20180220_009.txt
ncols	170
nrows	115
xllcorner	350000.000000
yllcorner	4445000.000000
cellsize	1000.000000
nodata_value	-9999.000000
[rows 31 to 61 of 115, columns 70 to 139 of 170]
0.356331 0.359857 0.361768 0.360887 0.362241 0.370905 0.374328 0.375856 0.380589 0.381406 0.380428 0.380814 0.380096 0.377926 0.37734 0.372454 0.355359 0.360366 0.362186 0.356873 0.359275 0.363344 0.358788 0.346369 0.34071 0.331992 0.332359 0.331281 0.324233 -9999 -9999 -9999 -9999 -9999 -9999 -9999 -9999 -9999 -9999 -9999 -9999 -9999 -9999 -9999 -9999 -9999 -9999 -9999 -9999 -9999 -9999 -9999 -9999 -9999 -9999 -9999 -9999 -9999 -9999 -9999 -9999 -9999 -9999 -9999 -9999 -9999 -9999 -9999 -9999 -9999
0.356587 0.358524 0.359184 0.358222 0.362048 0.365743 0.369146 0.368571 0.378558 0.379537 0.378996 0.376397 0.375884 0.375206 0.374902 0.37083 0.358613 0.347469 0.35338 0.353309 0.348846 0.355894 0.351527 0.340821 0.325903 0.333355 0.330942 0.320395 0.308973 -9999 -9999 -9999 -9999 -9999 -9999 -9999 -9999 -9999 -9999 -9999 -9999 -9999 -9999 -9999 -9999 -9999 -9999 -9999 -9999 -9999 -9999 -9999 -9999 -9999 -9999 -9999 -9999 -9999 -9999 -9999 -9999 -9999 -9999 -9999 -9999 -9999 -9999 -9999 -9999 -9999
0.35278 0.356497 0.356191 0.356137 0.361179 0.361974 0.365624 0.368322 0.376317 0.377586 0.377695 0.376802 0.376026 0.375072 0.371884 0.367041 0.356526 0.343793 0.340819 0.346888 0.34695 0.347663 0.343756 0.338914 0.33153 0.336958 0.33888 0.330211 0.314029 0.308769 -9999 -9999 -9999 -9999 -9999 -9999 -9999 -9999 -9999 -9999 -9999 -9999 -9999 -9999 -9999 -9999 -9999 -9999 -9999 -9999 -9999 -9999 -9999 -9999 -9999 -9999 -9999 -9999 -9999 -9999 -9999 -9999 -9999 -9999 -9999 -9999 -9999 -9999 -9999 -9999
0.347732 0.353596 0.352678 0.349182 0.352394 0.355019 0.361726 0.368577 0.36967 0.375231 0.375424 0.375583 0.373747 0.372265 0.369576 0.364793 0.357878 0.349487 0.33485 0.343684 0.350535 0.350151 0.349539 0.346143 0.339123 0.344514 0.344507 0.32632 0.317955 0.311202 0.307824 -9999 -9999 -9999 -9999 -9999 -9999 -9999 -9999 -9999 -9999 -9999 -9999 -9999 -9999 -9999 -9999 -9999 -9999 -9999 -9999 -9999 -9999 -9999 -9999 -9999 -9999 -9999 -9999 -9999 -9999 -9999 -9999 -9999 -9999 -9999 -9999 -9999 -9999 -9999
-9999 0.349711 0.348739 0.344215 0.347307 0.35129 0.356313 0.366155 0.369423 0.371255 0.373051 0.373059 0.370977 0.364527 0.363603 0.363284 0.358678 0.349064 0.339449 0.336873 0.347468 0.350406 0.349642 0.351878 0.345973 0.348477 0.347134 0.335502 0.325327 0.316759 0.312145 0.304019 -9999 -9999 -9999 -9999 -9999 -9999 -9999 -9999 -9999 -9999 -9999 -9999 -9999 -9999 -9999 -9999 -9999 -9999 -9999 -9999 -9999 -9999 -9999 -9999 -9999 -9999 -9999 -9999 -9999 -9999 -9999 -9999 -9999 -9999 -9999 -9999 -9999 -9999
-9999 -9999 -9999 -9999 0.340762 0.345589 0.353734 0.361457 0.366658 0.368849 0.370906 0.370749 0.36628 0.364012 0.363676 0.360539 0.35514 0.351707 0.345598 0.339264 0.341576 0.350654 0.346532 0.352933 0.352284 0.35333 0.348807 0.333012 0.320398 0.313881 0.309592 0.302732 -9999 -9999 -9999 -9999 -9999 -9999 -9999 -9999 -9999 -9999 -9999 -9999 -9999 -9999 -9999 -9999 -9999 -9999 -9999 -9999 -9999 -9999 -9999 -9999 -9999 -9999 -9999 -9999 -9999 -9999 -9999 -9999 -9999 -9999 -9999 -9999 -9999 -9999
-9999 -9999 -9999 -9999 -9999 0.343875 0.350738 0.357124 0.364027 0.365343 0.368447 0.368281 0.366374 0.364834 0.362709 0.360034 0.355844 0.351298 0.345526 0.344927 0.350745 0.350826 0.349626 0.350595 0.353572 0.352697 0.338245 0.326682 0.319679 0.306365 0.299905 0.299238 0.294196 -9999 -9999 -9999 -9999 -9999 -9999 -9999 -9999 -9999 -9999 -9999 -9999 0.281712 -9999 -9999 -9999 -9999 -9999 -9999 -9999 -9999 -9999 -9999 -9999 -9999 -9999 -9999 -9999 -9999 -9999 -9999 -9999 -9999 0.180898 -9999 -9999 -9999
-9999 -9999 -9999 -9999 0.342467 0.349979 0.353087 0.357018 0.360019 0.362944 0.36637 0.366084 0.364495 0.362717 0.359268 0.358115 0.35553 0.350556 0.349432 0.351281 0.35218 0.353254 0.35397 0.353565 0.352399 0.350804 0.339614 0.33347 0.328973 0.316138 0.309837 0.303106 0.293496 0.285645 -9999 -9999 -9999 -9999 -9999 -9999 -9999 0.287167 0.284327 0.281581 0.280107 0.281417 0.274313 -9999 -9999 -9999 -9999 -9999 -9999 -9999 -9999 -9999 -9999 -9999 -9999 -9999 -9999 -9999 -9999 -9999 -9999 -9999 0.18055 0.17314 -9999 -9999
-9999 -9999 -9999 -9999 0.346081 0.350259 0.352304 0.356041 0.35804 0.362429 0.363306 0.364028 0.363259 0.361183 0.358348 0.357835 0.354299 0.352315 0.350943 0.353483 0.354059 0.353166 0.352048 0.351075 0.34795 0.347613 0.339843 0.335674 0.329189 0.322412 0.313053 0.300522 0.288151 0.277881 -9999 -9999 -9999 -9999 -9999 -9999 0.288637 0.290605 0.290541 0.282231 0.283316 0.283505 0.278361 0.259778 -9999 -9999 -9999 -9999 -9999 -9999 -9999 -9999 -9999 -9999 -9999 -9999 -9999 -9999 0.207714 0.20074 0.187046 0.179933 0.175457 0.168963 -9999 -9999
-9999 -9999 -9999 -9999 0.34438 0.349273 0.352514 0.355288 0.355479 0.358536 0.361889 0.3619 0.361105 0.360068 0.358934 0.355585 0.353901 0.349445 0.353168 0.352992 0.352113 0.348403 0.346969 0.340495 0.337739 0.33129 0.336352 0.331415 0.321779 0.309825 0.295926 0.293548 0.287906 0.278613 -9999 -9999 -9999 -9999 -9999 -9999 0.288784 0.291062 0.292186 0.289628 0.280681 0.283811 0.269857 0.259974 0.25286 0.249749 0.244766 0.234013 0.231498 0.22658 0.219094 0.216011 -9999 -9999 -9999 -9999 0.203118 0.202769 0.202839 0.200223 0.185735 0.175902 0.166916 0.158488 -9999 -9999
-9999 -9999 -9999 -9999 0.346969 0.349956 0.351367 0.35139 0.353685 0.356214 0.359568 0.357345 0.356425 0.35562 0.354824 0.353265 0.35058 0.350564 0.350132 0.34876 0.341299 0.33268 0.33663 0.334424 0.32419 0.327138 0.331507 0.326029 0.31455 0.301247 0.296387 0.295143 0.287841 0.274308 -9999 -9999 -9999 0.277024 0.282137 0.281148 0.281141 0.284775 0.286477 0.29067 0.289119 0.280974 0.268456 0.258091 0.246884 0.241261 0.241744 0.236187 0.227987 0.222488 0.214589 0.206535 0.204262 0.201799 0.199337 0.197015 0.195863 0.195659 0.195525 0.193345 0.184049 0.177209 0.172879 0.155144 -9999 -9999
-9999 -9999 -9999 -9999 0.344173 0.346728 0.348693 0.349294 0.349294 0.351078 0.352049 0.355483 0.354945 0.351856 0.352993 0.352048 0.351106 0.349909 0.348522 0.342094 0.33342 0.324827 0.320984 0.323171 0.316686 0.314663 0.319058 0.319396 0.306531 0.294656 0.292198 0.288761 0.277853 0.267287 -9999 -9999 0.265563 0.276923 0.284439 0.287457 0.286982 0.284748 0.287501 0.284334 0.28617 0.2765 0.258416 0.252566 0.245665 0.239798 0.229028 0.22204 0.215798 0.213599 0.208112 0.202619 0.199317 0.195906 0.193294 0.191564 0.189857 0.190233 0.190812 0.190041 0.181424 0.177638 0.1669 0.148818 -9999 -9999
-9999 -9999 -9999 -9999 0.342465 0.345144 0.348065 0.348246 0.350224 0.349596 0.348512 0.351206 0.353422 0.350955 0.348965 0.350375 0.349597 0.348836 0.34806 0.342 0.335157 0.324902 0.318643 0.315111 0.312509 0.299002 0.300652 0.298976 0.297091 0.297556 0.296051 0.289259 0.282649 0.271037 0.264498 -9999 0.26648 0.271322 0.28065 0.288059 0.291786 0.287374 0.290766 0.288115 0.284648 0.276681 0.261449 0.246194 0.238171 0.229489 0.225761 0.222531 0.213626 0.207482 0.203378 0.19796 0.193522 0.189913 0.187353 0.185903 0.185337 0.185595 0.186305 0.186961 0.183932 0.175124 0.165746 0.146952 -9999 -9999
-9999 -9999 -9999 0.333656 0.341623 0.346254 0.347841 0.348853 0.349648 0.350051 0.350539 0.350841 0.350782 0.351052 0.345899 0.345476 0.345594 0.347536 0.347033 0.346343 0.342592 0.330074 0.326012 0.316042 0.307368 0.298892 0.29963 0.305489 0.30438 0.299221 0.293701 0.286323 0.283394 0.276234 0.262949 0.263896 0.269508 0.273434 0.279649 0.289113 0.29481 0.29567 0.293669 0.290305 0.286335 0.271551 0.257958 0.248587 0.237864 0.228873 0.220167 0.214197 0.205264 0.203121 0.197522 0.192997 0.188294 0.184624 0.182149 0.180887 0.180633 0.181147 0.182408 0.184007 0.181084 0.176015 0.160846 0.148991 -9999 -9999
-9999 -9999 -9999 -9999 0.33966 0.341505 0.341728 0.342339 0.343944 0.345812 0.348685 0.348535 0.349749 0.349127 0.345497 0.340432 0.343497 0.34446 0.345644 0.345506 0.344989 0.332247 0.326182 0.321295 0.312858 0.310822 0.312474 0.311738 0.309315 0.299102 0.289138 0.277814 0.267567 0.267304 0.263025 0.266052 0.269919 0.279691 0.286135 0.287875 0.288151 0.296451 0.294613 0.28688 0.28316 0.272022 0.259906 0.248294 0.240065 0.230574 0.221333 0.204333 0.200888 0.193423 0.191474 0.187935 0.184062 0.180316 0.177916 0.176685 0.176623 0.177459 0.179053 0.177808 0.178896 0.17606 0.15727 0.14742 -9999 -9999
-9999 -9999 -9999 -9999 -9999 -9999 0.339228 0.340485 0.34112 0.342495 0.347675 0.348649 0.34909 0.348598 0.346363 0.341858 0.340078 0.340326 0.33581 0.338232 0.342368 0.341618 0.340398 0.330418 0.321435 0.3248 0.322253 0.314262 0.307975 0.302004 0.290537 0.282229 0.270717 0.262345 0.262622 0.273013 0.28191 0.291998 0.296006 0.292414 0.293387 0.293513 0.294844 0.291893 0.284263 0.272447 0.26035 0.246696 0.241463 0.232149 0.22048 0.209273 0.198362 0.192768 0.186489 0.184338 0.180343 0.177229 0.174786 0.17367 0.173719 0.174734 0.174527 0.175857 0.177229 0.17834 0.159074 0.143478 -9999 -9999
-9999 -9999 -9999 -9999 -9999 -9999 0.334906 0.335507 0.337729 0.344075 0.347222 0.348171 0.347619 0.347765 0.346073 0.341813 0.337513 0.333368 0.328071 0.330089 0.336426 0.339821 0.339504 0.330532 0.330559 0.327591 0.323228 0.313042 0.305529 0.301488 0.290587 0.281429 0.274086 0.26397 0.269472 0.275416 0.282616 0.293985 0.301076 0.302776 0.297572 0.297236 0.299246 0.293066 0.281935 0.274001 0.259831 0.244218 0.240602 0.232401 0.221089 0.211798 0.199566 0.192308 0.186768 0.182261 0.178444 0.175004 0.172857 0.171778 0.171928 0.172248 0.173311 0.174716 0.176103 0.177299 0.165221 0.142059 -9999 -9999
-9999 -9999 -9999 -9999 -9999 -9999 -9999 0.33053 0.336142 0.34473 0.346591 0.345958 0.347378 0.347087 0.344831 0.342795 0.337649 0.330777 0.317965 0.320356 0.326027 0.334494 0.33848 0.336881 0.329819 0.323588 0.310794 0.299683 0.297715 0.295662 0.28776 0.280833 0.272774 0.27876 0.285345 0.292408 0.296357 0.295856 0.301934 0.305815 0.301003 0.301307 0.301015 0.292343 0.283516 0.273999 0.259306 0.249369 0.239664 0.233174 0.220791 0.21265 0.201032 0.192836 0.186526 0.181461 0.177685 0.174369 0.172195 0.171254 0.171105 0.17178 0.17281 0.17408 0.175389 0.176518 0.176267 0.163866 0.156363 -9999
-9999 -9999 -9999 -9999 -9999 -9999 -9999 0.324535 0.327128 0.337395 0.340343 0.344676 0.3468 0.346528 0.343098 0.340525 0.333356 0.330637 0.318622 0.312901 0.316325 0.313654 0.325477 0.335812 0.328846 0.304267 0.294576 0.287552 0.288332 0.287967 0.285789 0.273928 0.271378 0.283219 0.291161 0.297504 0.302314 0.303084 0.302739 0.309422 0.307962 0.306579 0.300664 0.294367 0.282659 0.271646 0.261885 0.249583 0.239238 0.232991 0.219622 0.213445 0.201591 0.192749 0.185792 0.182132 0.177958 0.174832 0.172439 0.171516 0.171255 0.17184 0.172856 0.173986 0.175058 0.176121 0.176799 0.175403 0.168848 0.166123
-9999 -9999 -9999 -9999 -9999 -9999 -9999 -9999 0.31672 0.331154 0.337597 0.340821 0.345503 0.345774 0.342636 0.339681 0.332386 0.325697 0.314851 0.302303 0.295714 0.312879 0.327612 0.334737 0.328957 0.308176 0.299216 0.297759 0.301452 0.297317 0.294487 0.285506 0.283567 0.280788 0.284268 0.292052 0.297885 0.304434 0.308343 0.307126 0.306934 0.304885 0.299644 0.293602 0.28558 0.276825 0.261017 0.254257 0.242298 0.233939 0.22374 0.213962 0.20218 0.192424 0.187474 0.183383 0.179367 0.175133 0.173386 0.172473 0.172145 0.172206 0.173291 0.174204 0.17514 0.1759 0.176504 0.176397 0.175544 0.171142
-9999 -9999 -9999 -9999 -9999 -9999 -9999 -9999 0.308799 0.323162 0.329945 0.338785 0.343206 0.342726 0.342553 0.340139 0.334522 0.325945 0.318439 0.304517 0.28986 0.307495 0.324633 0.332593 0.331877 0.310407 0.313444 0.308704 0.309376 0.302369 0.299614 0.297553 0.293567 0.289351 0.283581 0.279405 0.294241 0.301735 0.306851 0.307808 0.306311 0.302748 0.297638 0.290524 0.277182 0.273645 0.261858 0.252299 0.242586 0.233215 0.22384 0.214744 0.203634 0.196508 0.188866 0.182437 0.178914 0.176474 0.174814 0.173788 0.173278 0.173186 0.173333 0.173775 0.175399 0.175911 0.176255 0.17603 0.175758 0.175022
-9999 -9999 -9999 -9999 -9999 -9999 -9999 -9999 0.28749 0.308548 0.325422 0.33414 0.338156 0.340258 0.341043 0.337778 0.335116 0.328791 0.322502 0.31297 0.298993 0.289705 0.302312 0.321525 0.330144 0.323979 0.322057 0.316731 0.312153 0.311224 0.311425 0.30699 0.299151 0.292033 0.286868 0.285472 0.296574 0.29825 0.29686 0.30612 0.303131 0.298264 0.288643 0.278432 0.271961 0.262304 0.253419 0.241348 0.235931 0.230177 0.222918 0.214903 0.204179 0.192853 0.18769 0.183658 0.180487 0.178049 0.176322 0.175214 0.174566 0.174186 0.174086 0.174214 0.174364 0.174349 0.176085 0.175695 0.175346 0.174627
-9999 -9999 -9999 -9999 -9999 -9999 -9999 -9999 0.287662 0.305264 0.320227 0.325212 0.334027 0.33608 0.33901 0.338199 0.335364 0.32975 0.322625 0.314574 0.302394 0.292835 0.300857 0.312824 0.32116 0.318646 0.320115 0.318698 0.316889 0.312908 0.311854 0.310963 0.307208 0.295254 0.292156 0.286798 0.298702 0.299977 0.297354 0.301037 0.297741 0.285163 0.2735 0.266608 0.264563 0.253149 0.241407 0.233102 0.227764 0.226999 0.21156 0.204852 0.198181 0.193266 0.188523 0.184884 0.18186 0.179522 0.17775 0.176557 0.175776 0.175165 0.174819 0.174606 0.174321 0.174302 0.173951 0.173226 0.174798 0.174121
-9999 -9999 -9999 -9999 -9999 -9999 -9999 -9999 0.284318 0.298835 0.312233 0.320967 0.330269 0.333962 0.336575 0.336282 0.332966 0.329823 0.325009 0.317783 0.312275 0.303523 0.291963 0.307162 0.310335 0.30872 0.30541 0.308835 0.307803 0.305163 0.305383 0.308066 0.301844 0.296537 0.295419 0.292698 0.299254 0.298976 0.297715 0.295372 0.285238 0.271341 0.258521 0.258538 0.25098 0.247283 0.228694 0.222037 0.219421 0.213479 0.206435 0.19722 0.196016 0.1917 0.188382 0.185432 0.182935 0.180591 0.178934 0.177579 0.176598 0.175875 0.175283 0.174818 0.174364 0.173897 0.173628 0.172803 0.172096 0.165993
-9999 -9999 -9999 -9999 -9999 -9999 -9999 -9999 -9999 0.287636 0.299618 0.315032 0.323613 0.328986 0.3315 0.331177 0.329234 0.32683 0.32342 0.317781 0.310786 0.300402 0.292179 0.294577 0.297187 0.291255 0.292906 0.301256 0.303583 0.298279 0.285281 0.285448 0.29369 0.294313 0.294393 0.294181 0.29612 0.294678 0.29154 0.284504 0.266417 0.256397 0.245534 0.240531 0.23119 0.231352 0.218722 0.218193 0.213907 0.208049 0.195154 0.185948 0.18733 0.185919 0.181733 0.180452 0.183391 0.181248 0.179536 0.178099 0.177041 0.176183 0.175442 0.170536 0.169643 0.168791 0.167903 0.167105 0.165809 0.164746
-9999 -9999 -9999 -9999 -9999 -9999 -9999 -9999 -9999 0.277289 0.29424 0.312234 0.317835 0.323439 0.328193 0.327862 0.32502 0.322091 0.318879 0.315146 0.307009 0.29893 0.291061 0.287312 0.286961 0.279363 0.283121 0.294392 0.295761 0.293962 0.272554 0.268339 0.278724 0.287602 0.288532 0.287812 0.277385 0.278709 0.271755 0.262103 0.257024 0.249954 0.238544 0.236641 0.225901 0.221941 0.212044 0.209279 0.204627 0.202933 0.191461 0.181214 0.182851 0.182505 0.179133 0.180057 0.178968 0.177271 0.17564 0.174245 0.173 0.171941 0.170886 0.169881 0.168914 0.167884 0.166646 0.164538 0.156505 0.15586
-9999 -9999 -9999 -9999 -9999 -9999 -9999 -9999 -9999 0.277471 0.288907 0.304636 0.316203 0.316483 0.321839 0.324278 0.321113 0.317482 0.313611 0.311155 0.302454 0.292911 0.284837 0.275548 0.275257 0.279316 0.280439 0.28719 0.287471 0.284862 0.268196 0.270815 0.27753 0.281064 0.281957 0.280729 0.27785 0.275462 0.26978 0.265753 0.257226 0.244899 0.237256 0.234696 0.220246 0.215382 0.213083 0.200377 0.20048 0.197648 0.185119 0.179657 0.181888 0.181454 0.181083 0.179645 0.177794 0.176588 0.174865 0.173428 0.172144 0.17095 0.169878 0.168757 0.167733 0.166111 0.164184 0.156639 0.153135 0.153102
-9999 -9999 -9999 -9999 -9999 -9999 -9999 -9999 -9999 0.277584 0.287626 0.300986 0.308884 0.309742 0.315551 0.320584 0.319096 0.315264 0.313294 0.309086 0.301518 0.293201 0.28418 0.278987 0.269078 0.275867 0.274262 0.279708 0.281657 0.265223 0.261531 0.265489 0.269566 0.270868 0.275029 0.274228 0.271665 0.263591 0.258517 0.257601 0.253362 0.247536 0.237663 0.233089 0.224549 0.217986 0.211319 0.197823 0.195625 0.190764 0.185282 0.182545 0.182012 0.180757 0.179709 0.177556 0.176107 0.175234 0.173586 0.1721 0.170748 0.169567 0.168402 0.167098 0.165936 0.163568 0.160074 0.154257 0.145298 0.150696
-9999 -9999 -9999 -9999 -9999 -9999 -9999 -9999 -9999 0.27369 0.284212 0.295313 0.299446 0.29942 0.31031 0.316607 0.31565 0.313238 0.3105 0.3019 0.300987 0.29809 0.289841 0.278472 0.266135 0.26567 0.265722 0.271378 0.272989 0.252382 0.24798 0.249154 0.255289 0.260723 0.266414 0.26701 0.263753 0.251733 0.238717 0.241572 0.244363 0.241196 0.236039 0.226556 0.220561 0.214483 0.205761 0.192009 0.186867 0.18406 0.180452 0.178942 0.179085 0.178935 0.174831 0.172933 0.173651 0.17338 0.171709 0.170219 0.168937 0.167716 0.166566 0.164991 0.163485 0.161613 0.153761 0.148722 0.141878 0.148907
-9999 -9999 -9999 -9999 -9999 -9999 -9999 -9999 -9999 0.268002 0.275147 0.285502 0.289027 0.295359 0.305418 0.309821 0.31135 0.310153 0.307893 0.303333 0.300014 0.294709 0.286211 0.275089 0.262873 0.254392 0.256442 0.260082 0.253567 0.24093 0.235239 0.238972 0.245236 0.255203 0.260317 0.259778 0.257651 0.253757 0.24366 0.231586 0.229028 0.231023 0.223668 0.215341 0.21415 0.209615 0.201375 0.194116 0.184402 0.179798 0.174497 0.172635 0.17357 0.176865 0.174966 0.172267 0.17274 0.170918 0.169268 0.167878 0.166576 0.165426 0.164373 0.163011 0.161119 0.155714 0.151023 0.144779 0.143717 0.150203
-9999 -9999 -9999 -9999 -9999 -9999 -9999 -9999 -9999 0.259683 0.268093 0.277501 0.286283 0.294572 0.301566 0.300984 0.304116 0.302888 0.303916 0.301976 0.297588 0.292913 0.285404 0.271545 0.259609 0.246701 0.2481 0.254281 0.240776 0.233435 0.221527 0.230223 0.240047 0.248826 0.252826 0.24672 0.249499 0.24725 0.242173 0.234105 0.222573 0.220036 0.210273 0.206757 0.206785 0.204237 0.199794 0.193604 0.184446 0.177753 0.170834 0.168031 0.168758 0.170713 0.172824 0.171163 0.169889 0.167993 0.166326 0.164954 0.163732 0.162596 0.161489 0.160239 0.155653 0.150428 0.147148 0.142845 0.14218 0.150174
