Test_Spring_2018/02_18/Prec/20180208_012.txt
ncols	170
nrows	115
xllcorner	350000.000000
yllcorner	4445000.000000
cellsize	1000.000000
nodata_value	-9999.000000
[rows 31 to 61 of 115, columns 70 to 139 of 170]
0.482079 0.489805 0.494992 0.495375 0.50028 0.537564 0.550865 0.557761 0.56516 0.572877 0.577044 0.583543 0.587777 0.589144 0.593398 0.589654 0.563268 0.578497 0.588239 0.585266 0.597452 0.613591 0.614517 0.601672 0.602347 0.598119 0.608803 0.635732 0.634921 -9999 -9999 -9999 -9999 -9999 -9999 -9999 -9999 -9999 -9999 -9999 -9999 -9999 -9999 -9999 -9999 -9999 -9999 -9999 -9999 -9999 -9999 -9999 -9999 -9999 -9999 -9999 -9999 -9999 -9999 -9999 -9999 -9999 -9999 -9999 -9999 -9999 -9999 -9999 -9999 -9999
0.478894 0.483801 0.486802 0.487188 0.496864 0.506566 0.53856 0.558822 0.559852 0.568044 0.573221 0.574365 0.579235 0.58367 0.588753 0.586841 0.569873 0.555201 0.572819 0.579806 0.579243 0.600934 0.602094 0.592224 0.575272 0.60083 0.60855 0.615293 0.616921 -9999 -9999 -9999 -9999 -9999 -9999 -9999 -9999 -9999 -9999 -9999 -9999 -9999 -9999 -9999 -9999 -9999 -9999 -9999 -9999 -9999 -9999 -9999 -9999 -9999 -9999 -9999 -9999 -9999 -9999 -9999 -9999 -9999 -9999 -9999 -9999 -9999 -9999 -9999 -9999 -9999
0.466826 0.475368 0.476877 0.479271 0.491522 0.49609 0.525798 0.55616 0.55382 0.562765 0.569366 0.573905 0.578495 0.582632 0.582546 0.579414 0.565837 0.548388 0.549565 0.568148 0.576113 0.58598 0.587954 0.58893 0.585881 0.607424 0.622956 0.615604 0.626423 0.640353 -9999 -9999 -9999 -9999 -9999 -9999 -9999 -9999 -9999 -9999 -9999 -9999 -9999 -9999 -9999 -9999 -9999 -9999 -9999 -9999 -9999 -9999 -9999 -9999 -9999 -9999 -9999 -9999 -9999 -9999 -9999 -9999 -9999 -9999 -9999 -9999 -9999 -9999 -9999 -9999
0.451194 0.464212 0.465051 0.461482 0.470765 0.479181 0.532034 0.530195 0.539244 0.556465 0.563445 0.570144 0.572925 0.576229 0.577213 0.57432 0.567586 0.558355 0.537835 0.561665 0.58238 0.590247 0.598403 0.602086 0.599701 0.621133 0.632996 0.620223 0.6467 0.644903 0.648976 -9999 -9999 -9999 -9999 -9999 -9999 -9999 -9999 -9999 -9999 -9999 -9999 -9999 -9999 -9999 -9999 -9999 -9999 -9999 -9999 -9999 -9999 -9999 -9999 -9999 -9999 -9999 -9999 -9999 -9999 -9999 -9999 -9999 -9999 -9999 -9999 -9999 -9999 -9999
-9999 0.450197 0.451564 0.446696 0.45636 0.467882 0.501099 0.520395 0.536363 0.546915 0.557129 0.563727 0.566177 0.560283 0.564619 0.570097 0.567695 0.556197 0.545084 0.547632 0.575401 0.589554 0.597526 0.611855 0.611691 0.627881 0.637409 0.641143 0.641013 0.655686 0.657628 0.652402 -9999 -9999 -9999 -9999 -9999 -9999 -9999 -9999 -9999 -9999 -9999 -9999 -9999 -9999 -9999 -9999 -9999 -9999 -9999 -9999 -9999 -9999 -9999 -9999 -9999 -9999 -9999 -9999 -9999 -9999 -9999 -9999 -9999 -9999 -9999 -9999 -9999 -9999
-9999 -9999 -9999 -9999 0.438749 0.471579 0.467725 0.508716 0.528584 0.54015 0.551104 0.557556 0.555631 0.557567 0.562965 0.563107 0.559138 0.559111 0.554497 0.550013 0.562349 0.588081 0.589949 0.612294 0.622244 0.636055 0.640025 0.647591 0.632001 0.651099 0.654074 0.651604 -9999 -9999 -9999 -9999 -9999 -9999 -9999 -9999 -9999 -9999 -9999 -9999 -9999 -9999 -9999 -9999 -9999 -9999 -9999 -9999 -9999 -9999 -9999 -9999 -9999 -9999 -9999 -9999 -9999 -9999 -9999 -9999 -9999 -9999 -9999 -9999 -9999 -9999
-9999 -9999 -9999 -9999 -9999 0.463621 0.459258 0.479074 0.520949 0.531269 0.544442 0.551022 0.553918 0.557154 0.559076 0.559901 0.557996 0.555709 0.551589 0.557754 0.576668 0.585714 0.59328 0.605818 0.622984 0.633736 0.632741 0.635318 0.636124 0.638231 0.637817 0.647527 0.648219 -9999 -9999 -9999 -9999 -9999 -9999 -9999 -9999 -9999 -9999 -9999 -9999 0.675237 -9999 -9999 -9999 -9999 -9999 -9999 -9999 -9999 -9999 -9999 -9999 -9999 -9999 -9999 -9999 -9999 -9999 -9999 -9999 -9999 0.378137 -9999 -9999 -9999
-9999 -9999 -9999 -9999 0.430119 0.446072 0.460723 0.476713 0.508503 0.524491 0.53854 0.545019 0.54849 0.551139 0.550351 0.553723 0.554502 0.551124 0.555461 0.566073 0.575791 0.586835 0.598272 0.608683 0.618692 0.62881 0.64429 0.647587 0.654033 0.639122 0.658823 0.65802 0.650892 0.645983 -9999 -9999 -9999 -9999 -9999 -9999 -9999 0.687167 0.683001 0.678701 0.676629 0.679759 0.667304 -9999 -9999 -9999 -9999 -9999 -9999 -9999 -9999 -9999 -9999 -9999 -9999 -9999 -9999 -9999 -9999 -9999 -9999 -9999 0.390672 0.360931 -9999 -9999
-9999 -9999 -9999 -9999 0.425041 0.442741 0.456349 0.472831 0.485621 0.521373 0.53094 0.539399 0.544322 0.546188 0.546205 0.550359 0.548924 0.550723 0.55427 0.565971 0.575046 0.582557 0.590905 0.600787 0.607848 0.621195 0.643166 0.651321 0.655242 0.658393 0.667856 0.657219 0.645809 0.637107 -9999 -9999 -9999 -9999 -9999 -9999 0.694573 0.699555 0.700272 0.685322 0.68787 0.688869 0.680184 0.641125 -9999 -9999 -9999 -9999 -9999 -9999 -9999 -9999 -9999 -9999 -9999 -9999 -9999 -9999 0.51169 0.487088 0.447993 0.419509 0.394571 0.364829 -9999 -9999
-9999 -9999 -9999 -9999 0.416884 0.437024 0.453909 0.469532 0.479756 0.496084 0.526653 0.533849 0.538592 0.542088 0.544836 0.543156 0.544622 0.541276 0.553916 0.560263 0.566534 0.568918 0.577042 0.577248 0.585823 0.608622 0.634918 0.643008 0.642438 0.637292 0.64627 0.6489 0.651071 0.645025 -9999 -9999 -9999 -9999 -9999 -9999 0.701767 0.706873 0.70936 0.704769 0.688284 0.694626 0.66507 0.646478 0.633693 0.629101 0.621757 0.617304 0.589383 0.582705 0.571508 0.568419 -9999 -9999 -9999 -9999 0.539493 0.531446 0.521598 0.504234 0.4624 0.427279 0.39213 0.348497 -9999 -9999
-9999 -9999 -9999 -9999 0.416732 0.434497 0.449079 0.460571 0.475588 0.491539 0.520982 0.523839 0.527995 0.531429 0.534195 0.535162 0.534019 0.538248 0.542463 0.546023 0.539576 0.532522 0.550608 0.561687 0.563406 0.597564 0.624005 0.632618 0.630173 0.62405 0.650663 0.657152 0.657332 0.643865 -9999 -9999 -9999 0.679315 0.692311 0.692544 0.693522 0.700526 0.703468 0.712368 0.709307 0.706075 0.667057 0.647702 0.627606 0.618866 0.622477 0.615688 0.592958 0.586639 0.576213 0.565872 0.565124 0.562843 0.558814 0.552787 0.546305 0.538731 0.528386 0.511436 0.476295 0.445104 0.416725 0.341293 -9999 -9999
-9999 -9999 -9999 -9999 0.402427 0.420009 0.436292 0.457063 0.46822 0.481661 0.493843 0.519424 0.524082 0.522833 0.528631 0.530063 0.531457 0.532796 0.534656 0.528374 0.519491 0.512575 0.516455 0.537974 0.541369 0.565934 0.593082 0.619926 0.619528 0.61691 0.631131 0.657338 0.645235 0.638259 -9999 -9999 0.661749 0.68792 0.705103 0.712331 0.71181 0.707158 0.711376 0.704464 0.707177 0.699189 0.651023 0.640179 0.630007 0.621326 0.605174 0.596474 0.600688 0.581432 0.576889 0.572314 0.571192 0.568544 0.56539 0.56128 0.554156 0.547604 0.538067 0.522791 0.489944 0.463632 0.417657 0.347131 -9999 -9999
-9999 -9999 -9999 -9999 0.39806 0.416719 0.435476 0.448504 0.464061 0.479274 0.487978 0.500936 0.520374 0.519841 0.519183 0.524289 0.525225 0.52665 0.529037 0.523006 0.517338 0.507372 0.507074 0.517843 0.52942 0.538233 0.561291 0.578804 0.596195 0.617835 0.642885 0.663306 0.666666 0.652899 0.652269 -9999 0.672375 0.686255 0.70647 0.721354 0.727999 0.718527 0.723192 0.716571 0.717655 0.702703 0.660428 0.63261 0.618983 0.605411 0.602401 0.603402 0.603155 0.597379 0.579429 0.576564 0.57486 0.573248 0.571356 0.568602 0.564031 0.557228 0.547446 0.533908 0.510187 0.470027 0.42838 0.354591 -9999 -9999
-9999 -9999 -9999 0.349058 0.392691 0.41605 0.433301 0.44878 0.462911 0.475155 0.487316 0.501275 0.507514 0.51899 0.511819 0.51279 0.514647 0.520405 0.522686 0.526241 0.526121 0.511949 0.51856 0.520132 0.521497 0.534917 0.55766 0.590728 0.611092 0.623761 0.635168 0.654604 0.673869 0.674776 0.657314 0.668808 0.686467 0.698493 0.712518 0.730679 0.740313 0.739942 0.733792 0.732224 0.723763 0.695758 0.657545 0.640191 0.621714 0.607971 0.596273 0.591118 0.59091 0.595926 0.592567 0.578965 0.578201 0.577795 0.577167 0.575564 0.572001 0.565686 0.556514 0.54391 0.517867 0.485199 0.423029 0.361251 -9999 -9999
-9999 -9999 -9999 -9999 0.385861 0.40491 0.420457 0.435957 0.452276 0.467819 0.484818 0.493471 0.502873 0.509853 0.509776 0.501445 0.508142 0.511424 0.516298 0.520467 0.52616 0.516803 0.518799 0.525664 0.528309 0.554478 0.580145 0.602182 0.621433 0.626022 0.630472 0.643112 0.642356 0.657921 0.667972 0.68012 0.694589 0.717382 0.73148 0.734689 0.73357 0.746428 0.744951 0.728406 0.72009 0.698776 0.663737 0.642178 0.628529 0.614203 0.602037 0.576979 0.587425 0.581182 0.585812 0.589075 0.581378 0.58196 0.582429 0.58159 0.578785 0.573123 0.564263 0.545333 0.51992 0.489294 0.42627 0.36663 -9999 -9999
-9999 -9999 -9999 -9999 -9999 -9999 0.414719 0.432001 0.447021 0.462074 0.483678 0.494622 0.502633 0.507017 0.506455 0.502718 0.499851 0.501298 0.495079 0.505182 0.521035 0.53026 0.541596 0.53941 0.550064 0.578474 0.597226 0.606703 0.619773 0.633349 0.636048 0.654787 0.652458 0.653515 0.667899 0.698104 0.722664 0.745903 0.755155 0.747989 0.747683 0.747586 0.74759 0.739806 0.723912 0.701161 0.666486 0.641107 0.633193 0.619477 0.603192 0.589511 0.586299 0.584221 0.581486 0.586504 0.587406 0.585462 0.586567 0.586492 0.584229 0.578993 0.563101 0.547227 0.527003 0.502651 0.437452 0.365857 -9999 -9999
-9999 -9999 -9999 -9999 -9999 -9999 0.405941 0.422324 0.44061 0.465212 0.483202 0.494229 0.500434 0.505976 0.50631 0.500422 0.493969 0.486914 0.479529 0.488048 0.50748 0.524489 0.537665 0.537623 0.565303 0.582374 0.598282 0.604253 0.615662 0.633496 0.637907 0.655349 0.661314 0.65953 0.683989 0.706068 0.727189 0.752984 0.767804 0.770233 0.759372 0.756257 0.757276 0.74325 0.720662 0.705084 0.666757 0.637739 0.632955 0.621512 0.606169 0.596415 0.590908 0.586118 0.585196 0.586255 0.587928 0.588821 0.589113 0.589438 0.587603 0.579672 0.568209 0.552175 0.53151 0.506703 0.454196 0.367747 -9999 -9999
-9999 -9999 -9999 -9999 -9999 -9999 -9999 0.412724 0.437401 0.466259 0.481904 0.490036 0.499971 0.504726 0.504014 0.502268 0.493766 0.481816 0.460208 0.46938 0.487535 0.514005 0.535225 0.548986 0.563444 0.5745 0.574761 0.579132 0.601052 0.622764 0.632961 0.654657 0.659444 0.687895 0.714495 0.738744 0.753829 0.757357 0.770271 0.777093 0.76633 0.764346 0.761015 0.742304 0.724022 0.705513 0.66632 0.647967 0.631886 0.623737 0.606498 0.599006 0.59469 0.588238 0.585964 0.586066 0.5879 0.58911 0.590167 0.590508 0.587871 0.581298 0.569839 0.553586 0.532771 0.507783 0.477267 0.410774 0.362943 -9999
-9999 -9999 -9999 -9999 -9999 -9999 -9999 0.401262 0.420114 0.451975 0.469576 0.486977 0.498271 0.503155 0.500386 0.49866 0.486237 0.482054 0.461377 0.456891 0.470856 0.476445 0.512161 0.548009 0.5625 0.538938 0.544646 0.556297 0.582998 0.607529 0.628103 0.64044 0.655323 0.69457 0.723617 0.746494 0.763212 0.769625 0.770502 0.782589 0.7784 0.773419 0.759748 0.745642 0.722136 0.700974 0.670991 0.64832 0.631094 0.623398 0.604252 0.600301 0.595459 0.587577 0.583831 0.586277 0.587087 0.588403 0.588313 0.588791 0.58642 0.578851 0.567615 0.551471 0.530673 0.506079 0.477837 0.432336 0.386781 0.348473
-9999 -9999 -9999 -9999 -9999 -9999 -9999 -9999 0.400027 0.439359 0.463295 0.478541 0.494652 0.500698 0.501541 0.497693 0.485224 0.474039 0.455927 0.43612 0.435562 0.478093 0.518966 0.548383 0.56479 0.547607 0.553909 0.575159 0.606491 0.62317 0.641747 0.659122 0.674607 0.686117 0.706544 0.734702 0.752273 0.768627 0.777712 0.775342 0.773571 0.768303 0.756255 0.742972 0.726658 0.709963 0.668563 0.656383 0.63617 0.624431 0.610989 0.599964 0.595062 0.584965 0.58439 0.585416 0.585914 0.582464 0.584352 0.584507 0.581845 0.575619 0.561673 0.545794 0.525623 0.5015 0.474252 0.432117 0.398415 0.358104
-9999 -9999 -9999 -9999 -9999 -9999 -9999 -9999 0.384437 0.423175 0.447443 0.473041 0.489772 0.498513 0.501399 0.499105 0.490369 0.47625 0.464913 0.442963 0.421527 0.466759 0.517445 0.547816 0.564313 0.553765 0.581373 0.595326 0.619823 0.629947 0.647508 0.677295 0.688135 0.69631 0.703525 0.705267 0.739838 0.758198 0.769907 0.772065 0.768377 0.760132 0.754496 0.735284 0.709448 0.702834 0.668722 0.651476 0.635462 0.621663 0.609418 0.599145 0.595226 0.58931 0.58288 0.578826 0.574721 0.576917 0.578228 0.577655 0.574402 0.567939 0.557818 0.545548 0.517874 0.494739 0.468617 0.427642 0.396798 0.365035
-9999 -9999 -9999 -9999 -9999 -9999 -9999 -9999 0.343743 0.394424 0.438315 0.46355 0.484518 0.493418 0.498614 0.495373 0.492863 0.483653 0.47522 0.461969 0.44211 0.433057 0.473196 0.52299 0.56422 0.581488 0.598485 0.609927 0.623162 0.643189 0.664851 0.689563 0.699041 0.70017 0.702748 0.709447 0.737092 0.744842 0.744837 0.763086 0.757268 0.747267 0.728211 0.716197 0.704769 0.680011 0.651013 0.62925 0.621244 0.613981 0.605258 0.596369 0.592854 0.577976 0.575376 0.567471 0.568625 0.569723 0.570005 0.568644 0.564838 0.557907 0.547771 0.534419 0.51889 0.4984 0.461603 0.421996 0.393177 0.363547
-9999 -9999 -9999 -9999 -9999 -9999 -9999 -9999 0.343696 0.388559 0.42662 0.452855 0.475953 0.485128 0.494879 0.496899 0.494811 0.48767 0.478338 0.468369 0.452177 0.442679 0.468032 0.510876 0.541824 0.56564 0.595872 0.613067 0.629881 0.649313 0.667253 0.698485 0.707155 0.699361 0.704781 0.703835 0.732996 0.740256 0.738415 0.746871 0.741203 0.717556 0.695423 0.682404 0.688807 0.669151 0.634396 0.611635 0.603743 0.60555 0.579604 0.572732 0.577045 0.57365 0.561202 0.560858 0.560973 0.561059 0.560272 0.558072 0.553705 0.54644 0.536357 0.523277 0.507025 0.489106 0.466939 0.428167 0.388789 0.361568
-9999 -9999 -9999 -9999 -9999 -9999 -9999 -9999 0.334004 0.374962 0.409657 0.443989 0.468135 0.480725 0.490411 0.494055 0.491792 0.489991 0.485617 0.477681 0.474243 0.466289 0.454815 0.495148 0.524746 0.549517 0.565923 0.591784 0.609697 0.624536 0.665647 0.686798 0.691546 0.694074 0.70264 0.706333 0.725483 0.730075 0.731234 0.729053 0.711343 0.686009 0.662471 0.663049 0.649885 0.655989 0.607871 0.59535 0.592915 0.585135 0.566553 0.554266 0.568464 0.553767 0.55286 0.55246 0.552241 0.551117 0.549564 0.54639 0.541356 0.534003 0.524005 0.511406 0.496152 0.478458 0.458624 0.421273 0.396634 0.364798
-9999 -9999 -9999 -9999 -9999 -9999 -9999 -9999 -9999 0.35032 0.394195 0.431178 0.454361 0.47061 0.480752 0.485071 0.48615 0.4865 0.485466 0.481108 0.475364 0.464677 0.459577 0.475955 0.506013 0.523061 0.543283 0.576702 0.599184 0.607337 0.617936 0.636996 0.666106 0.679474 0.690182 0.698621 0.711028 0.713641 0.711703 0.701336 0.66946 0.650694 0.631467 0.62325 0.60725 0.622542 0.584408 0.585101 0.579453 0.571551 0.551134 0.551572 0.543761 0.54476 0.540625 0.54166 0.542389 0.540516 0.537948 0.534006 0.528571 0.521112 0.511386 0.498492 0.483674 0.466665 0.447056 0.409833 0.385545 0.361036
-9999 -9999 -9999 -9999 -9999 -9999 -9999 -9999 -9999 0.342928 0.383516 0.425208 0.442909 0.459863 0.474615 0.479459 0.479454 0.479415 0.479276 0.478877 0.47121 0.464818 0.460117 0.464481 0.476552 0.502674 0.525425 0.562781 0.581891 0.595006 0.593258 0.599152 0.631209 0.659168 0.670871 0.678027 0.665581 0.673703 0.665109 0.650427 0.64349 0.632308 0.612766 0.610993 0.592933 0.587941 0.568601 0.565196 0.55878 0.558406 0.540225 0.538585 0.529387 0.531475 0.527871 0.531994 0.531762 0.52947 0.526053 0.521529 0.515474 0.507769 0.497963 0.486117 0.47226 0.456336 0.43826 0.41533 0.36453 0.343077
-9999 -9999 -9999 -9999 -9999 -9999 -9999 -9999 -9999 0.343044 0.373047 0.410395 0.439303 0.446519 0.462741 0.473197 0.473075 0.472208 0.471262 0.473558 0.464991 0.45582 0.450479 0.444007 0.455476 0.476129 0.520514 0.548069 0.563735 0.57392 0.58073 0.598268 0.622506 0.639707 0.650777 0.656645 0.658191 0.659484 0.653564 0.649845 0.637027 0.616638 0.604755 0.602329 0.577831 0.571531 0.570408 0.545226 0.547623 0.544901 0.524382 0.515661 0.5217 0.522825 0.523957 0.522767 0.520231 0.518063 0.513831 0.508788 0.502478 0.494632 0.485213 0.47388 0.460947 0.445217 0.427399 0.397776 0.354951 0.336687
-9999 -9999 -9999 -9999 -9999 -9999 -9999 -9999 -9999 0.343085 0.370242 0.403059 0.425137 0.433587 0.450911 0.466549 0.469935 0.469061 0.471985 0.471234 0.464881 0.457939 0.450588 0.451341 0.444222 0.469177 0.508744 0.532698 0.55027 0.558752 0.564192 0.583257 0.601721 0.614059 0.630723 0.637062 0.639068 0.629789 0.625229 0.627682 0.623333 0.615603 0.600074 0.594376 0.581345 0.572199 0.563132 0.537122 0.535166 0.528474 0.506069 0.51602 0.516315 0.515239 0.514375 0.511097 0.508586 0.506392 0.501784 0.496316 0.489767 0.482085 0.472897 0.461891 0.44962 0.433648 0.414256 0.389386 0.337446 0.331104
-9999 -9999 -9999 -9999 -9999 -9999 -9999 -9999 -9999 0.335646 0.363503 0.392001 0.407049 0.413943 0.440937 0.459168 0.463807 0.465845 0.467554 0.458744 0.464875 0.467988 0.461867 0.450719 0.438555 0.449306 0.475919 0.515634 0.531579 0.531898 0.535123 0.548173 0.56977 0.589234 0.608303 0.61695 0.617514 0.600871 0.581619 0.591387 0.600526 0.598168 0.591871 0.577399 0.569474 0.561511 0.548791 0.508486 0.515533 0.512546 0.506532 0.50454 0.50564 0.506098 0.498946 0.495552 0.496524 0.494958 0.489921 0.484212 0.477748 0.470148 0.461364 0.450441 0.43832 0.424252 0.397855 0.375713 0.332902 0.326848
-9999 -9999 -9999 -9999 -9999 -9999 -9999 -9999 -9999 0.324818 0.346215 0.373237 0.387132 0.405951 0.431492 0.446322 0.455762 0.460224 0.462954 0.461771 0.463416 0.461949 0.455188 0.44422 0.431892 0.427171 0.442648 0.492952 0.500984 0.507794 0.50792 0.52511 0.546374 0.573822 0.591424 0.597678 0.6002 0.59871 0.584994 0.567042 0.56644 0.574029 0.563943 0.551943 0.55327 0.548416 0.536754 0.527065 0.507861 0.486156 0.491325 0.488409 0.490654 0.497156 0.493699 0.488377 0.488485 0.48367 0.478416 0.472756 0.466264 0.458964 0.450695 0.440669 0.428478 0.408598 0.389017 0.365633 0.351207 0.328541
-9999 -9999 -9999 -9999 -9999 -9999 -9999 -9999 -9999 0.309009 0.332672 0.357858 0.381542 0.404016 0.423858 0.429419 0.441915 0.446376 0.455293 0.459024 0.458645 0.458282 0.453235 0.436956 0.424887 0.411558 0.42542 0.46313 0.494307 0.491253 0.479272 0.505268 0.532752 0.557599 0.572802 0.568413 0.579948 0.581464 0.577146 0.566775 0.549562 0.548883 0.534523 0.53174 0.535556 0.534593 0.530156 0.52254 0.490278 0.479067 0.480795 0.475956 0.477596 0.481343 0.485104 0.481446 0.478032 0.472873 0.467446 0.461772 0.455484 0.44838 0.440297 0.430878 0.414156 0.395207 0.378937 0.35992 0.347027 0.333265
