Test_Spring_2018/02_18/Prec/20180221_010.txt
ncols	170
nrows	115
xllcorner	350000.000000
yllcorner	4445000.000000
cellsize	1000.000000
nodata_value	-9999.000000
[rows 32 to 63 of 115, columns 71 to 141 of 170]
0.264162 0.261987 0.253661 0.261388 0.268139 0.24986 0.242892 0.252848 0.250192 0.242473 0.227959 0.221137 0.214311 0.209438 0.192219 0.147514 0.107273 0.126849 0.126295 0.110998 0.135957 0.121535 0 0 0 0 0 0 -9999 -9999 -9999 -9999 -9999 -9999 -9999 -9999 -9999 -9999 -9999 -9999 -9999 -9999 -9999 -9999 -9999 -9999 -9999 -9999 -9999 -9999 -9999 -9999 -9999 -9999 -9999 -9999 -9999 -9999 -9999 -9999 -9999 -9999 -9999 -9999 -9999 -9999 -9999 -9999 -9999 -9999 -9999
0.264758 0.259461 0.25462 0.267036 0.264356 0.255839 0.25233 0.257045 0.256407 0.252005 0.24447 0.237759 0.2309 0.216806 0.197504 0.15906 0.113425 0.102074 0.122466 0.12234 0.12469 0.111154 0 0 0 0 0 0 0 -9999 -9999 -9999 -9999 -9999 -9999 -9999 -9999 -9999 -9999 -9999 -9999 -9999 -9999 -9999 -9999 -9999 -9999 -9999 -9999 -9999 -9999 -9999 -9999 -9999 -9999 -9999 -9999 -9999 -9999 -9999 -9999 -9999 -9999 -9999 -9999 -9999 -9999 -9999 -9999 -9999 -9999
0.262658 0.255439 0.238946 0.245401 0.249579 0.252546 0.246596 0.245987 0.261113 0.257947 0.255024 0.245581 0.237763 0.226144 0.207626 0.182036 0.151605 0 0.129449 0.152406 0.150379 0.147617 0.135229 0.110288 0.128359 0.127707 0 0 0 0 -9999 -9999 -9999 -9999 -9999 -9999 -9999 -9999 -9999 -9999 -9999 -9999 -9999 -9999 -9999 -9999 -9999 -9999 -9999 -9999 -9999 -9999 -9999 -9999 -9999 -9999 -9999 -9999 -9999 -9999 -9999 -9999 -9999 -9999 -9999 -9999 -9999 -9999 -9999 -9999 -9999
0.257359 0.250103 0.230253 0.23659 0.245872 0.257863 0.257715 0.256983 0.259947 0.263183 0.260623 0.251204 0.226987 0.222211 0.219744 0.202547 0.168059 0.133584 0.123493 0.159031 0.167993 0.164098 0.170613 0.148941 0.156486 0.150798 0.138663 0.104702 0 0 0 -9999 -9999 -9999 -9999 -9999 -9999 -9999 -9999 -9999 -9999 -9999 -9999 -9999 -9999 -9999 -9999 -9999 -9999 -9999 -9999 -9999 -9999 -9999 -9999 -9999 -9999 -9999 -9999 -9999 -9999 -9999 -9999 -9999 -9999 -9999 -9999 -9999 -9999 -9999 -9999
-9999 -9999 -9999 0.222575 0.233525 0.243665 0.251928 0.258959 0.263833 0.268734 0.266415 0.249557 0.240634 0.238609 0.226952 0.207412 0.194562 0.172243 0.14893 0.155385 0.185135 0.169019 0.189363 0.185324 0.187299 0.17017 0.14011 0.100261 0 0 0 -9999 -9999 -9999 -9999 -9999 -9999 -9999 -9999 -9999 -9999 -9999 -9999 -9999 -9999 -9999 -9999 -9999 -9999 -9999 -9999 -9999 -9999 -9999 -9999 -9999 -9999 -9999 -9999 -9999 -9999 -9999 -9999 -9999 -9999 -9999 -9999 -9999 -9999 -9999 -9999
-9999 -9999 -9999 -9999 0.235762 0.242808 0.261907 0.260958 0.26338 0.272596 0.271012 0.263831 0.258215 0.250698 0.241231 0.226311 0.209839 0.188718 0.185114 0.20338 0.201453 0.194899 0.195805 0.203742 0.198521 0.172617 0.130861 0.107448 0 0 0 0 -9999 -9999 -9999 -9999 -9999 -9999 -9999 -9999 -9999 -9999 -9999 -9999 0 -9999 -9999 -9999 -9999 -9999 -9999 -9999 -9999 -9999 -9999 -9999 -9999 -9999 -9999 -9999 -9999 -9999 -9999 -9999 -9999 0 -9999 -9999 -9999 -9999 -9999
-9999 -9999 -9999 0.244897 0.252498 0.259915 0.270688 0.264003 0.266101 0.277064 0.275792 0.270487 0.264818 0.253426 0.249839 0.240932 0.223233 0.218278 0.223012 0.223892 0.224933 0.224448 0.219968 0.212933 0.204663 0.187311 0.166035 0.151056 0.109315 0 0 0 0 -9999 -9999 -9999 -9999 -9999 -9999 -9999 0 0 0 0 0 0 -9999 -9999 -9999 -9999 -9999 -9999 -9999 -9999 -9999 -9999 -9999 -9999 -9999 -9999 -9999 -9999 -9999 -9999 -9999 0 0 -9999 -9999 -9999 -9999
-9999 -9999 -9999 0.251212 0.261826 0.265515 0.275693 0.280572 0.274578 0.277286 0.280199 0.278489 0.272553 0.264012 0.263266 0.251531 0.244475 0.238734 0.245728 0.245167 0.238916 0.231495 0.22442 0.209961 0.205473 0.199006 0.184188 0.162023 0.139529 0.102807 0 0 0 -9999 -9999 -9999 -9999 -9999 -9999 0 0 0 0 0 0 0 0 -9999 -9999 -9999 -9999 -9999 -9999 -9999 -9999 -9999 -9999 -9999 -9999 -9999 -9999 0.124422 0.102025 0 0 0 0 -9999 -9999 -9999 -9999
-9999 -9999 -9999 0.253277 0.266131 0.273837 0.280668 0.279402 0.284453 0.282297 0.283399 0.282336 0.280756 0.278834 0.26888 0.26405 0.248722 0.260736 0.258197 0.252286 0.235805 0.22671 0.199931 0.18611 0.180578 0.196664 0.178776 0.145349 0.104646 0 0 0 0 -9999 -9999 -9999 -9999 -9999 -9999 0 0 0 0 0 0.103296 0.108014 0 0 0.1022 0.108253 0.101082 0.115581 0.12004 0.114038 0.121265 -9999 -9999 -9999 -9999 0.126828 0.128277 0.129662 0.120855 0 0 0 0 -9999 -9999 -9999 -9999
-9999 -9999 -9999 0.269586 0.27553 0.276689 0.273906 0.279982 0.283892 0.283178 0.291481 0.289744 0.288771 0.287904 0.284159 0.275995 0.276342 0.274358 0.26819 0.240039 0.20715 0.217315 0.190086 0.149195 0.175292 0.188498 0.168309 0.128126 0 0 0 0 0 -9999 -9999 -9999 0 0 0 0 0 0 0.105062 0.112508 0.114406 0.108442 0 0 0 0.111926 0.118654 0.121956 0.126495 0.120868 0.124118 0.131595 0.135516 0.136432 0.134907 0.134806 0.135841 0.135594 0.127414 0 0 0 0 -9999 -9999 -9999 -9999
-9999 -9999 -9999 0.274361 0.278885 0.28193 0.287805 0.285863 0.290884 0.291297 0.292597 0.292554 0.284079 0.290344 0.289147 0.287392 0.28393 0.278818 0.255188 0.222782 0.189825 0.172716 0.17682 0.149919 0.156477 0.169836 0.152424 0.125517 0 0 0 0 0 -9999 -9999 0 0 0 0 0 0 0 0 0.120123 0.116915 0 0 0 0 0.10001 0.102737 0.114982 0.1291 0.131878 0.132041 0.136763 0.137756 0.13805 0.138033 0.135087 0.136919 0.137749 0.132996 0.100941 0 0 0 -9999 -9999 -9999 -9999
-9999 -9999 -9999 0.286384 0.292074 0.298893 0.296644 0.301163 0.290547 0.284093 0.294034 0.293941 0.287929 0.283694 0.291001 0.290138 0.288461 0.285676 0.263441 0.237412 0.198627 0.172993 0.157201 0.143512 0.123725 0.128401 0.121497 0.113823 0.114244 0 0 0 0 0 -9999 0 0 0 0 0 0 0.109159 0.112629 0.126977 0.118821 0.10377 0 0 0 0.108209 0.118372 0.123452 0.128406 0.134468 0.136003 0.137492 0.138059 0.138346 0.138702 0.138757 0.138965 0.138879 0.137662 0.123637 0.111409 0 0 -9999 -9999 -9999 -9999
-9999 -9999 0.267698 0.288317 0.300644 0.302672 0.303103 0.303292 0.302714 0.301334 0.296802 0.29774 0.293858 0.27887 0.280063 0.28256 0.290505 0.28889 0.285448 0.270256 0.223676 0.206572 0.179432 0.146606 0.128921 0.130382 0.149386 0.144006 0.124351 0.103211 0 0 0 0 0 0 0 0 0 0.102592 0.113568 0.117266 0.127304 0.131523 0.120575 0.112481 0.108153 0.100277 0 0 0.108016 0.113178 0.129163 0.134516 0.136865 0.137971 0.138464 0.138785 0.139171 0.139387 0.139353 0.139933 0.140729 0.142667 0.123155 0 0 -9999 -9999 -9999 -9999
-9999 -9999 -9999 0.28578 0.288381 0.285556 0.284412 0.287164 0.291368 0.298119 0.296844 0.300963 0.296472 0.281817 0.267037 0.279915 0.284669 0.289129 0.287833 0.284065 0.24462 0.222008 0.20297 0.171215 0.175232 0.179898 0.175882 0.165591 0.127851 0 0 0 0 0 0 0 0 0 0 0 0.113211 0.123499 0.126402 0.135555 0.121929 0.120357 0.110349 0.113153 0.11215 0.112046 0 0.110011 0.111639 0.129444 0.137338 0.138909 0.139129 0.139392 0.139292 0.139372 0.13951 0.140236 0.142069 0.14611 0.134839 0 0 -9999 -9999 -9999 -9999
-9999 -9999 -9999 -9999 -9999 0.280591 0.281542 0.280702 0.282891 0.297413 0.299632 0.30067 0.299095 0.292018 0.27497 0.271112 0.273528 0.258443 0.268756 0.283625 0.280563 0.275272 0.239053 0.21694 0.228211 0.218442 0.189198 0.165219 0.141673 0 0 0 0 0 0 0 0 0 0 0 0.110031 0.130919 0.140787 0.137926 0.123616 0.123363 0.108014 0.122847 0.123971 0.116819 0.110562 0.111068 0.11986 0.123094 0.136846 0.139918 0.140157 0.139919 0.139718 0.139574 0.139676 0.141954 0.143629 0.145828 0.148118 0 0 -9999 -9999 -9999 -9999
-9999 -9999 -9999 -9999 -9999 0.269058 0.267656 0.272136 0.291276 0.298477 0.300176 0.29732 0.297533 0.291983 0.278054 0.263931 0.251186 0.234408 0.242464 0.265071 0.276958 0.275409 0.243262 0.25249 0.242187 0.226326 0.189483 0.161053 0.143788 0.101888 0 0 0 0 0 0 0 0.106772 0.117096 0.108093 0.119806 0.143948 0.143734 0.129972 0.130416 0.123928 0.103009 0.124541 0.130467 0.125334 0.126329 0.122618 0.125812 0.131616 0.137062 0.140503 0.140598 0.140254 0.139821 0.139693 0.140689 0.141689 0.143614 0.145927 0.148632 0.106823 0 -9999 -9999 -9999 -9999
-9999 -9999 -9999 -9999 -9999 -9999 0.253742 0.269861 0.296549 0.299026 0.294819 0.298337 0.296584 0.288682 0.282168 0.265394 0.243031 0.200114 0.209811 0.230606 0.260675 0.274687 0.268734 0.253806 0.232611 0.187792 0.147841 0.13855 0.127901 0 0 0 0 0 0 0 0 0.109553 0.127405 0.119554 0.134012 0.150863 0.142796 0.137847 0.1336 0.125843 0.125178 0.126027 0.13815 0.1294 0.134327 0.13257 0.132143 0.134832 0.137864 0.140986 0.141115 0.140694 0.140428 0.140079 0.140883 0.141987 0.143746 0.146146 0.148986 0.14852 0.112322 0 -9999 -9999 -9999
-9999 -9999 -9999 -9999 -9999 -9999 0.236401 0.242042 0.274414 0.280443 0.293088 0.298626 0.296504 0.284131 0.276783 0.252215 0.244042 0.204734 0.185133 0.198585 0.190609 0.232414 0.268466 0.254546 0.170176 0.136429 0.11082 0.111087 0.106192 0 0 0 0 0 0.101989 0.114579 0.116772 0.115873 0.144129 0.147282 0.156273 0.154043 0.154607 0.140002 0.130797 0.140189 0.131201 0.129545 0.142067 0.129301 0.140303 0.137045 0.133496 0.133076 0.140199 0.141299 0.14165 0.141576 0.14085 0.140555 0.141023 0.142595 0.144468 0.146663 0.149855 0.153106 0.155398 0.137503 0.134371 0.14784 -9999
-9999 -9999 -9999 -9999 -9999 -9999 -9999 0.209733 0.256522 0.274552 0.283079 0.297146 0.296533 0.288935 0.277313 0.251898 0.229872 0.194633 0.154465 0.129271 0.190547 0.243003 0.268507 0.259551 0.18875 0.157862 0.151793 0.162313 0.144415 0.129826 0 0 0 0 0 0.11057 0.129662 0.14379 0.144921 0.154643 0.158503 0.158715 0.16014 0.158135 0.156403 0.144372 0.153788 0.145578 0.149669 0.146658 0.143847 0.139731 0.1317 0.137026 0.141634 0.142518 0.143657 0.14259 0.142143 0.142059 0.142307 0.143442 0.14539 0.147929 0.150807 0.154403 0.161634 0.163695 0.154749 0.141139 0.122569
-9999 -9999 -9999 -9999 -9999 -9999 -9999 0.186513 0.233143 0.252358 0.280206 0.294746 0.296972 0.293769 0.283884 0.264162 0.235496 0.211782 0.166851 0.120076 0.182189 0.236615 0.265508 0.263609 0.202201 0.213221 0.196059 0.196358 0.168735 0.15463 0.139831 0.11987 0 0 0 0.110193 0.133129 0.151883 0.160836 0.166125 0.169014 0.164687 0.160867 0.139762 0.155237 0.156204 0.15452 0.152562 0.151488 0.149593 0.147344 0.144158 0.143606 0.138156 0.14487 0.145737 0.144905 0.144272 0.143829 0.143724 0.14421 0.145233 0.14732 0.149506 0.152339 0.155676 0.163037 0.167274 0.170979 0.171757 0.145101
-9999 -9999 -9999 -9999 -9999 -9999 -9999 0.117451 0.187484 0.244726 0.271608 0.291327 0.295256 0.295399 0.282543 0.273001 0.252052 0.232455 0.202649 0.158154 0.130247 0.173691 0.243637 0.263392 0.255856 0.249972 0.231085 0.213519 0.207336 0.203887 0.181413 0.158093 0.125752 0.113639 0.101242 0.134376 0.137931 0.134694 0.172708 0.172788 0.170782 0.15637 0.135509 0.13828 0.127731 0.137413 0.125179 0.136151 0.145572 0.148914 0.148311 0.144903 0.146475 0.145401 0.148483 0.147584 0.146664 0.146019 0.14578 0.145906 0.146242 0.147323 0.149378 0.151804 0.154625 0.157271 0.16461 0.168686 0.172333 0.175967 0.175195
-9999 -9999 -9999 -9999 -9999 -9999 -9999 0.127514 0.184482 0.233067 0.258136 0.285168 0.289174 0.296928 0.292669 0.282535 0.263981 0.24136 0.216518 0.178067 0.149048 0.180928 0.220755 0.252305 0.259299 0.251133 0.246112 0.238532 0.236572 0.228122 0.217647 0.197989 0.166943 0.148745 0.123913 0.160988 0.164081 0.157186 0.176113 0.174959 0.145645 0.123186 0.120454 0.128317 0.114854 0.11464 0.106242 0.115267 0.139715 0.134907 0.135855 0.144593 0.14607 0.150358 0.149947 0.149174 0.148548 0.148005 0.147997 0.148386 0.148771 0.149889 0.151616 0.153506 0.156715 0.159711 0.167101 0.169773 0.173394 0.176796 0.179153
-9999 -9999 -9999 -9999 -9999 -9999 -9999 0.139436 0.169213 0.212708 0.252451 0.281624 0.291706 0.298659 0.296387 0.284663 0.274647 0.259901 0.237706 0.222131 0.195638 0.159394 0.215535 0.223501 0.234069 0.241961 0.254387 0.24951 0.237253 0.216074 0.220288 0.213539 0.188795 0.178967 0.164709 0.184503 0.183195 0.181639 0.179859 0.15473 0.120114 0 0.112189 0.107912 0.109902 0 0.109893 0.128362 0.134144 0.120863 0.111038 0.13761 0.146472 0.148821 0.150117 0.150824 0.150152 0.15027 0.150201 0.150574 0.151347 0.152405 0.154012 0.15595 0.158281 0.161769 0.169096 0.172574 0.177643 0.181517 0.18251
-9999 -9999 -9999 -9999 -9999 -9999 -9999 -9999 0.155939 0.207728 0.257665 0.283912 0.29936 0.305548 0.302837 0.295663 0.288146 0.278376 0.261957 0.241645 0.210037 0.185966 0.198357 0.205218 0.201478 0.209469 0.239185 0.246445 0.225721 0.177092 0.195603 0.218475 0.214699 0.209497 0.204478 0.196874 0.192497 0.185006 0.167079 0.114024 0.10572 0 0 0 0 0 0.108852 0.118928 0.122543 0.100296 0.102095 0.132831 0.142711 0.140652 0.146534 0.151902 0.151908 0.152071 0.152159 0.152841 0.1538 0.154999 0.15694 0.158937 0.161362 0.164804 0.172581 0.174333 0.176781 0.17783 0.184438
-9999 -9999 -9999 -9999 -9999 -9999 -9999 -9999 0.143799 0.200233 0.260013 0.276801 0.293848 0.308462 0.306213 0.2962 0.286919 0.277682 0.267534 0.242787 0.218619 0.195218 0.185799 0.18754 0.172419 0.187666 0.227714 0.232134 0.224305 0.172441 0.154407 0.186355 0.212951 0.212441 0.207281 0.170146 0.175981 0.155782 0.129161 0.121406 0.109667 0 0 0 0 0 0 0 0.113202 0 0 0.121848 0.134435 0.134558 0.147755 0.152398 0.153633 0.154107 0.154726 0.155464 0.156685 0.157929 0.159466 0.161297 0.163081 0.16427 0.163877 0.146471 0.149955 0.160301 0.170111
-9999 -9999 -9999 -9999 -9999 -9999 -9999 -9999 0.155498 0.193704 0.246547 0.284917 0.284327 0.301726 0.309599 0.298783 0.287167 0.275528 0.269504 0.24236 0.212592 0.187948 0.158845 0.16043 0.176367 0.191664 0.216234 0.217333 0.20741 0.174971 0.181993 0.202767 0.212477 0.213459 0.208028 0.198302 0.192159 0.176818 0.16966 0.149413 0.118428 0.105905 0.112917 0 0 0 0 0 0.104449 0 0.102314 0.124673 0.136069 0.146018 0.150726 0.152653 0.155696 0.156082 0.156844 0.157746 0.158761 0.160127 0.161346 0.16296 0.162557 0.161132 0.14022 0.139757 0.144927 0.159048 0.171676
-9999 -9999 -9999 -9999 -9999 -9999 -9999 -9999 0.167662 0.201926 0.247483 0.274035 0.276284 0.295963 0.313375 0.308719 0.296537 0.29141 0.279048 0.255433 0.229434 0.201007 0.185654 0.153555 0.178777 0.184597 0.20482 0.212122 0.183284 0.170227 0.183144 0.196183 0.199639 0.213418 0.210797 0.203262 0.178165 0.165287 0.168815 0.162877 0.153438 0.131815 0.13017 0.116098 0.109863 0.103911 0 0 0 0 0.121127 0.132855 0.140648 0.14775 0.149712 0.152951 0.157205 0.157994 0.158764 0.159596 0.160772 0.161856 0.162388 0.163377 0.160155 0.15299 0.137703 0.118153 0.141695 0.166134 0.182371
-9999 -9999 -9999 -9999 -9999 -9999 -9999 -9999 0.166529 0.203353 0.242 0.256407 0.256428 0.294443 0.316795 0.314346 0.307245 0.299411 0.271597 0.270692 0.263043 0.236828 0.199643 0.15881 0.158719 0.173403 0.191333 0.19785 0.156678 0.142081 0.146468 0.167904 0.187005 0.207378 0.21076 0.201757 0.163608 0.123454 0.139909 0.157784 0.156624 0.150084 0.129896 0.12294 0.116582 0.101674 0 0 0 0.110125 0.118746 0.131958 0.142962 0.139068 0.141692 0.152364 0.158722 0.159496 0.160323 0.16144 0.162452 0.163492 0.162901 0.162432 0.160595 0.137933 0.124919 0.109691 0.141181 0.15873 0.179758
-9999 -9999 -9999 -9999 -9999 -9999 -9999 -9999 0.159647 0.185665 0.222655 0.235864 0.258766 0.294627 0.310982 0.31753 0.314819 0.30862 0.294616 0.28504 0.268626 0.241116 0.204389 0.163674 0.135642 0.143792 0.168241 0.171323 0.135185 0.116942 0.131196 0.154197 0.190174 0.209664 0.210109 0.205806 0.19633 0.166465 0.13097 0.129753 0.145612 0.130295 0.112749 0.120942 0.118364 0.103562 0 0 0 0.101622 0.108135 0.123429 0.145908 0.149364 0.149056 0.158819 0.15979 0.160645 0.161795 0.162769 0.16388 0.165025 0.164863 0.162676 0.148156 0.13598 0.118303 0.118478 0.151911 0.172528 0.188324
-9999 -9999 -9999 -9999 -9999 -9999 -9999 -9999 0.143988 0.175311 0.209958 0.242307 0.272842 0.29881 0.298455 0.310951 0.308318 0.313506 0.308403 0.294801 0.280172 0.255667 0.209068 0.169031 0.125494 0.131416 0.166273 0.150591 0.127439 0 0.12072 0.157042 0.189914 0.206508 0.188496 0.201847 0.198462 0.186088 0.164249 0.13138 0.130706 0.105996 0.103916 0.115028 0.118005 0.11506 0.106537 0 0 0.101773 0.104376 0.118487 0.136025 0.153215 0.15643 0.160108 0.160813 0.161564 0.162684 0.163758 0.164653 0.16526 0.165053 0.153031 0.138598 0.130759 0.119257 0.120278 0.154876 0.178861 0.191267
-9999 -9999 -9999 -9999 -9999 -9999 -9999 -9999 -9999 0.17778 0.213852 0.239952 0.245188 0.268119 0.279345 0.287395 0.28706 0.31447 0.313062 0.303027 0.288966 0.267154 0.23047 0.203383 0.161031 0.1291 0.127326 0.114449 0.119902 0.11266 0.124735 0.159301 0.195789 0.197029 0.168871 0.170154 0.173283 0.183265 0.17555 0.131223 0.108135 0 0.100614 0.113088 0.115372 0.115069 0.111518 0.115879 0 0.117355 0.130984 0.134363 0.146319 0.155268 0.158051 0.160332 0.161153 0.162114 0.163015 0.1636 0.164533 0.1639 0.160831 0.147223 0.11191 0.116152 0.114779 0.105947 0.143267 0.1735 0.191726
-9999 -9999 -9999 -9999 -9999 -9999 -9999 -9999 -9999 0.170906 0.213248 0.220379 0.217404 0.200296 0.204759 0.257209 0.265554 0.291595 0.315787 0.310139 0.295901 0.274813 0.250811 0.215907 0.16836 0.129349 0.102849 0.129823 0.150167 0.15285 0.159847 0.179307 0.180106 0.150885 0.123644 0.134715 0.140682 0.170045 0.174048 0.166456 0.139312 0.108602 0 0.109256 0.110701 0.110829 0.11009 0.114744 0.113815 0.125039 0.136572 0.144664 0.149219 0.156945 0.159238 0.160332 0.161504 0.162117 0.162654 0.162605 0.162622 0.158372 0.153153 0.129683 0.110734 0.100068 0 0.127161 0.149626 0.175564 0.19265
