Test_Spring_2018/02_18/Prec/20180227_015.txt
ncols	170
nrows	115
xllcorner	350000.000000
yllcorner	4445000.000000
cellsize	1000.000000
nodata_value	-9999.000000
[rows 31 to 61 of 115, columns 71 to 141 of 170]
0.483948 0.484759 0.476392 0.474766 0.494103 0.496233 0.494452 0.478824 0.477284 0.470274 0.467907 0.462457 0.452919 0.449011 0.432158 0.377349 0.393403 0.400151 0.385062 0.395166 0.411205 0.400458 0.365231 0.351761 0.328805 0.339211 0.339848 0.32239 -9999 -9999 -9999 -9999 -9999 -9999 -9999 -9999 -9999 -9999 -9999 -9999 -9999 -9999 -9999 -9999 -9999 -9999 -9999 -9999 -9999 -9999 -9999 -9999 -9999 -9999 -9999 -9999 -9999 -9999 -9999 -9999 -9999 -9999 -9999 -9999 -9999 -9999 -9999 -9999 -9999 -9999 -9999
0.477654 0.474927 0.466824 0.47365 0.479823 0.48067 0.479348 0.475253 0.475073 0.470279 0.459249 0.455199 0.451065 0.448625 0.434804 0.395774 0.360789 0.380526 0.38194 0.370035 0.395188 0.384642 0.354413 0.311157 0.33905 0.335804 0.310547 0.303973 -9999 -9999 -9999 -9999 -9999 -9999 -9999 -9999 -9999 -9999 -9999 -9999 -9999 -9999 -9999 -9999 -9999 -9999 -9999 -9999 -9999 -9999 -9999 -9999 -9999 -9999 -9999 -9999 -9999 -9999 -9999 -9999 -9999 -9999 -9999 -9999 -9999 -9999 -9999 -9999 -9999 -9999 -9999
0.468894 0.463583 0.458902 0.470192 0.467839 0.47266 0.480069 0.470828 0.4723 0.470296 0.465376 0.46115 0.456734 0.44566 0.429804 0.39646 0.356601 0.348207 0.369011 0.371281 0.376096 0.36671 0.354749 0.33506 0.356246 0.366502 0.347178 0.325856 0.31276 -9999 -9999 -9999 -9999 -9999 -9999 -9999 -9999 -9999 -9999 -9999 -9999 -9999 -9999 -9999 -9999 -9999 -9999 -9999 -9999 -9999 -9999 -9999 -9999 -9999 -9999 -9999 -9999 -9999 -9999 -9999 -9999 -9999 -9999 -9999 -9999 -9999 -9999 -9999 -9999 -9999 -9999
0.457078 0.450353 0.43532 0.441401 0.445482 0.466186 0.450801 0.452215 0.467931 0.46682 0.46584 0.458822 0.45325 0.444201 0.428894 0.407224 0.381286 0.335973 0.365504 0.389177 0.39034 0.391187 0.383587 0.364846 0.38574 0.389755 0.363642 0.342201 0.326643 0.321627 -9999 -9999 -9999 -9999 -9999 -9999 -9999 -9999 -9999 -9999 -9999 -9999 -9999 -9999 -9999 -9999 -9999 -9999 -9999 -9999 -9999 -9999 -9999 -9999 -9999 -9999 -9999 -9999 -9999 -9999 -9999 -9999 -9999 -9999 -9999 -9999 -9999 -9999 -9999 -9999 -9999
0.441868 0.435527 0.417803 0.424088 0.433064 0.451046 0.448716 0.453653 0.458086 0.462593 0.461653 0.454339 0.433454 0.430383 0.429537 0.415414 0.385744 0.356412 0.349755 0.385227 0.39681 0.397039 0.407168 0.391853 0.403529 0.403295 0.396041 0.36955 0.350273 0.341551 0.32154 -9999 -9999 -9999 -9999 -9999 -9999 -9999 -9999 -9999 -9999 -9999 -9999 -9999 -9999 -9999 -9999 -9999 -9999 -9999 -9999 -9999 -9999 -9999 -9999 -9999 -9999 -9999 -9999 -9999 -9999 -9999 -9999 -9999 -9999 -9999 -9999 -9999 -9999 -9999 -9999
-9999 -9999 -9999 0.401909 0.419423 0.412518 0.43525 0.446852 0.452879 0.458664 0.45763 0.443159 0.435899 0.43501 0.425488 0.40904 0.39909 0.380932 0.362365 0.371539 0.402526 0.392045 0.415328 0.416661 0.42375 0.413527 0.391471 0.35912 0.346905 0.339488 0.323786 -9999 -9999 -9999 -9999 -9999 -9999 -9999 -9999 -9999 -9999 -9999 -9999 -9999 -9999 -9999 -9999 -9999 -9999 -9999 -9999 -9999 -9999 -9999 -9999 -9999 -9999 -9999 -9999 -9999 -9999 -9999 -9999 -9999 -9999 -9999 -9999 -9999 -9999 -9999 -9999
-9999 -9999 -9999 -9999 0.41288 0.403921 0.423177 0.440213 0.443847 0.453318 0.452612 0.446593 0.44194 0.435633 0.427779 0.415317 0.401937 0.384897 0.38452 0.404798 0.407239 0.406017 0.412102 0.424997 0.426121 0.408268 0.376254 0.360613 0.328501 0.314539 0.318806 0.308999 -9999 -9999 -9999 -9999 -9999 -9999 -9999 -9999 -9999 -9999 -9999 -9999 0.345147 -9999 -9999 -9999 -9999 -9999 -9999 -9999 -9999 -9999 -9999 -9999 -9999 -9999 -9999 -9999 -9999 -9999 -9999 -9999 -9999 0.154982 -9999 -9999 -9999 -9999 -9999
-9999 -9999 -9999 0.403844 0.402956 0.412096 0.423884 0.43235 0.437986 0.448777 0.447976 0.443225 0.438046 0.427733 0.424852 0.417584 0.402912 0.400641 0.408038 0.412723 0.418326 0.423219 0.425028 0.424931 0.423987 0.414869 0.402077 0.394779 0.361671 0.351458 0.336875 0.312909 0.2942 -9999 -9999 -9999 -9999 -9999 -9999 -9999 0.340118 0.337145 0.335285 0.338424 0.351453 0.338923 -9999 -9999 -9999 -9999 -9999 -9999 -9999 -9999 -9999 -9999 -9999 -9999 -9999 -9999 -9999 -9999 -9999 -9999 -9999 0.169701 0.140653 -9999 -9999 -9999 -9999
-9999 -9999 -9999 0.391337 0.404146 0.410174 0.421598 0.427588 0.437779 0.440722 0.443332 0.441368 0.435407 0.42717 0.426414 0.416191 0.411025 0.407978 0.417567 0.42124 0.420644 0.419801 0.419951 0.413851 0.417187 0.418878 0.412799 0.399682 0.385792 0.366718 0.334146 0.301759 0.275617 -9999 -9999 -9999 -9999 -9999 -9999 0.34462 0.356121 0.36194 0.342605 0.354236 0.364339 0.358914 0.332656 -9999 -9999 -9999 -9999 -9999 -9999 -9999 -9999 -9999 -9999 -9999 -9999 -9999 -9999 0.296687 0.269513 0.219927 0.190528 0.169214 0.141588 -9999 -9999 -9999 -9999
-9999 -9999 -9999 0.385904 0.401203 0.411238 0.419811 0.420259 0.426936 0.437527 0.438033 0.436118 0.433546 0.430769 0.421053 0.416713 0.403699 0.416789 0.417757 0.416833 0.407362 0.405628 0.388523 0.383861 0.387187 0.410442 0.402466 0.379914 0.350162 0.317576 0.317127 0.306393 0.283557 -9999 -9999 -9999 -9999 -9999 -9999 0.349265 0.361537 0.371067 0.370127 0.350362 0.370479 0.357206 0.339432 0.331693 0.337663 0.338427 0.333691 0.332275 0.331726 0.322002 0.324727 -9999 -9999 -9999 -9999 0.311083 0.307484 0.302985 0.288184 0.234466 0.19474 0.157429 0.136634 -9999 -9999 -9999 -9999
-9999 -9999 -9999 0.393992 0.40344 0.40785 0.407865 0.415123 0.420442 0.431139 0.429771 0.427192 0.425067 0.423076 0.418791 0.411098 0.412079 0.412012 0.409317 0.387744 0.363011 0.378711 0.370713 0.340539 0.375482 0.397106 0.388023 0.360245 0.32681 0.323458 0.326873 0.31118 0.283455 -9999 -9999 -9999 0.309898 0.329678 0.330261 0.334435 0.350967 0.362499 0.376264 0.380377 0.378539 0.356431 0.338629 0.31965 0.319598 0.33977 0.341228 0.336628 0.336333 0.327233 0.32264 0.326606 0.327428 0.32539 0.320765 0.316842 0.313133 0.30724 0.292951 0.247421 0.215388 0.191043 0.133672 -9999 -9999 -9999 -9999
-9999 -9999 -9999 0.382171 0.39037 0.396707 0.407141 0.407172 0.412787 0.413783 0.42434 0.422887 0.413406 0.417411 0.414944 0.41266 0.40981 0.406678 0.387976 0.36265 0.338171 0.32941 0.338788 0.323228 0.340872 0.362973 0.369134 0.349225 0.320466 0.321192 0.321768 0.29268 0.26517 -9999 -9999 0.272832 0.312051 0.33892 0.351728 0.354054 0.351787 0.366676 0.364448 0.379968 0.37267 0.333209 0.330784 0.321797 0.323 0.321182 0.319209 0.33096 0.332928 0.332263 0.32972 0.331704 0.330422 0.328378 0.325636 0.31951 0.316778 0.311943 0.300661 0.262992 0.239779 0.207413 0.133549 -9999 -9999 -9999 -9999
-9999 -9999 -9999 0.381505 0.390548 0.400229 0.401115 0.407609 0.408243 0.402807 0.411411 0.418082 0.410399 0.404304 0.409117 0.407196 0.405614 0.40437 0.386856 0.367443 0.337886 0.321745 0.313582 0.310745 0.302349 0.316793 0.320821 0.324107 0.334555 0.336704 0.326754 0.312774 0.280421 0.26454 -9999 0.277849 0.295806 0.327825 0.354031 0.369285 0.359911 0.376859 0.376571 0.385391 0.373714 0.344402 0.326215 0.319987 0.31273 0.321913 0.331806 0.33674 0.337286 0.334128 0.333337 0.332937 0.331873 0.330418 0.32855 0.325585 0.321631 0.316031 0.307853 0.28633 0.257485 0.214878 0.137237 -9999 -9999 -9999 -9999
-9999 -9999 0.3485 0.378555 0.39393 0.399492 0.403084 0.405853 0.407258 0.407128 0.410149 0.409812 0.410246 0.393893 0.392676 0.39341 0.400271 0.399839 0.399377 0.389885 0.353364 0.343229 0.325952 0.305572 0.302036 0.314323 0.342907 0.34922 0.342288 0.333584 0.321333 0.317965 0.300897 0.262001 0.268409 0.28873 0.30315 0.324686 0.356879 0.377997 0.385156 0.385067 0.39003 0.38948 0.369228 0.346461 0.336219 0.323132 0.316676 0.311908 0.316162 0.321291 0.336347 0.338232 0.334192 0.334019 0.333495 0.332664 0.331349 0.328943 0.325021 0.320101 0.313632 0.300981 0.271352 0.206039 0.149512 -9999 -9999 -9999 -9999
-9999 -9999 -9999 0.372064 0.378733 0.380069 0.382448 0.387793 0.393798 0.40126 0.400892 0.404754 0.403725 0.391742 0.375578 0.385467 0.389096 0.393962 0.395291 0.396181 0.364073 0.350676 0.342024 0.323006 0.33987 0.355737 0.364011 0.366655 0.344072 0.321509 0.296682 0.270625 0.274884 0.264879 0.276414 0.290604 0.322939 0.344629 0.351856 0.355467 0.386089 0.391458 0.385659 0.388331 0.370014 0.353147 0.337256 0.333602 0.327131 0.322256 0.293129 0.316805 0.31545 0.32974 0.337713 0.335448 0.335238 0.334899 0.333618 0.331456 0.327919 0.323189 0.314009 0.301318 0.27752 0.202713 0.151418 -9999 -9999 -9999 -9999
-9999 -9999 -9999 -9999 -9999 0.372114 0.376586 0.378861 0.383258 0.398031 0.401093 0.402329 0.400522 0.393191 0.37901 0.373369 0.374624 0.361388 0.373059 0.38965 0.392386 0.394814 0.37054 0.362729 0.384397 0.387519 0.373276 0.364048 0.355169 0.327964 0.312576 0.282293 0.260491 0.264687 0.299707 0.328663 0.361465 0.374961 0.364919 0.370523 0.382173 0.39601 0.399156 0.390309 0.370872 0.355105 0.333941 0.341011 0.33633 0.324975 0.315407 0.31621 0.321688 0.323018 0.334749 0.337257 0.336977 0.336625 0.335636 0.333562 0.330162 0.32193 0.313823 0.303826 0.291786 0.21468 0.14436 -9999 -9999 -9999 -9999
-9999 -9999 -9999 -9999 -9999 0.358426 0.360861 0.368175 0.388298 0.396604 0.399471 0.39741 0.397458 0.391674 0.377872 0.364262 0.351521 0.336329 0.345474 0.369674 0.385886 0.391585 0.370948 0.391812 0.39387 0.391638 0.370756 0.357861 0.355215 0.329804 0.31155 0.294225 0.26654 0.286885 0.307359 0.330893 0.367132 0.390088 0.397383 0.385662 0.391648 0.408056 0.401551 0.38231 0.375975 0.354386 0.327849 0.340863 0.340488 0.330994 0.328167 0.325178 0.325797 0.329793 0.334278 0.337482 0.337832 0.337474 0.336524 0.334644 0.330028 0.323683 0.315553 0.305294 0.293176 0.238473 0.143736 -9999 -9999 -9999 -9999
-9999 -9999 -9999 -9999 -9999 -9999 0.345214 0.363292 0.390514 0.394719 0.392493 0.39658 0.395128 0.387443 0.3806 0.364199 0.342849 0.303759 0.314232 0.336542 0.369112 0.388764 0.391823 0.390421 0.382389 0.353622 0.329931 0.334659 0.338269 0.322241 0.31087 0.290991 0.314041 0.337487 0.361192 0.374155 0.372649 0.392284 0.406533 0.395704 0.40398 0.413459 0.399493 0.388039 0.377173 0.354316 0.346167 0.340199 0.345493 0.33276 0.333657 0.332574 0.330102 0.331489 0.33401 0.337149 0.337722 0.33754 0.336789 0.334256 0.33031 0.323963 0.31553 0.305152 0.292927 0.275788 0.215135 0.175517 -9999 -9999 -9999
-9999 -9999 -9999 -9999 -9999 -9999 0.326432 0.334983 0.367548 0.375185 0.388679 0.394959 0.393524 0.382082 0.374735 0.351213 0.342962 0.30642 0.29147 0.306833 0.30429 0.348979 0.390044 0.389226 0.32305 0.304094 0.293272 0.306566 0.315337 0.317215 0.290014 0.287327 0.328681 0.356213 0.377489 0.393113 0.396735 0.395764 0.419172 0.419048 0.422252 0.414189 0.408017 0.387644 0.372176 0.36493 0.349197 0.341001 0.346753 0.330467 0.337059 0.334766 0.329601 0.32829 0.334667 0.336033 0.336838 0.336187 0.335279 0.332779 0.328329 0.322348 0.313976 0.303398 0.291518 0.277837 0.252436 0.216165 0.193164 0.185523 -9999
-9999 -9999 -9999 -9999 -9999 -9999 -9999 0.302392 0.34823 0.366959 0.37697 0.391393 0.391717 0.383852 0.373375 0.349798 0.329096 0.29641 0.25968 0.243864 0.304308 0.358288 0.389187 0.392453 0.338115 0.321229 0.327775 0.349997 0.346487 0.345974 0.327755 0.326754 0.321582 0.334885 0.363242 0.383897 0.403711 0.416579 0.415287 0.419864 0.420696 0.414947 0.409653 0.400902 0.39238 0.36552 0.366807 0.352803 0.351024 0.343824 0.337926 0.335038 0.325869 0.329857 0.333918 0.335011 0.333401 0.33345 0.332573 0.330073 0.325601 0.318803 0.310574 0.300484 0.288585 0.275573 0.254959 0.23747 0.209713 0.177885 0.142083
-9999 -9999 -9999 -9999 -9999 -9999 -9999 0.277843 0.323559 0.343405 0.371319 0.383807 0.387736 0.385953 0.377418 0.35939 0.332915 0.310999 0.270053 0.228142 0.291523 0.352457 0.385868 0.392512 0.348603 0.369324 0.365024 0.377227 0.36419 0.363532 0.367159 0.359467 0.34965 0.338052 0.330432 0.376368 0.399733 0.416957 0.423023 0.423814 0.420868 0.416398 0.405775 0.379828 0.387318 0.372379 0.363843 0.355851 0.349599 0.343618 0.338371 0.33653 0.334231 0.328313 0.330961 0.32878 0.329555 0.329594 0.328368 0.325584 0.32118 0.314964 0.309137 0.296223 0.284766 0.272128 0.252092 0.237444 0.222134 0.204347 0.162023
-9999 -9999 -9999 -9999 -9999 -9999 -9999 0.211019 0.278097 0.328235 0.35615 0.377112 0.382797 0.384388 0.373493 0.365146 0.346079 0.328227 0.301328 0.261611 0.237985 0.287402 0.356652 0.391002 0.395736 0.400174 0.393461 0.388497 0.394256 0.402564 0.398651 0.386069 0.365881 0.359377 0.354514 0.389326 0.394958 0.392213 0.425135 0.421556 0.41461 0.395276 0.377874 0.37417 0.357426 0.350548 0.332801 0.337007 0.340654 0.33968 0.336067 0.334211 0.328233 0.327113 0.324164 0.324687 0.324815 0.324315 0.322837 0.319959 0.315279 0.309162 0.301829 0.294906 0.284418 0.268047 0.248597 0.234886 0.220631 0.206561 0.188985
-9999 -9999 -9999 -9999 -9999 -9999 -9999 0.210478 0.264853 0.312948 0.339633 0.367143 0.373091 0.381913 0.379212 0.37069 0.354183 0.333901 0.311809 0.277787 0.253186 0.285325 0.334371 0.36942 0.386805 0.398097 0.403166 0.406418 0.411638 0.415126 0.422267 0.414145 0.390484 0.381436 0.364783 0.402961 0.408126 0.402184 0.417976 0.413745 0.382416 0.356385 0.347813 0.359025 0.340883 0.324598 0.310721 0.313571 0.331291 0.31533 0.313719 0.323661 0.323885 0.319096 0.319358 0.319349 0.319098 0.3181 0.316356 0.313407 0.308658 0.302681 0.295375 0.286447 0.27919 0.26803 0.248675 0.231593 0.218558 0.205509 0.191989
-9999 -9999 -9999 -9999 -9999 -9999 -9999 0.207447 0.245716 0.289038 0.329327 0.358834 0.370466 0.37877 0.378172 0.368534 0.360193 0.347458 0.328079 0.315182 0.292981 0.262768 0.318128 0.340552 0.360807 0.37013 0.390748 0.396387 0.395861 0.402669 0.416216 0.414693 0.400108 0.398059 0.390591 0.412677 0.413744 0.412827 0.410029 0.384392 0.348865 0.318848 0.331564 0.322141 0.330168 0.290525 0.300241 0.311818 0.31269 0.298097 0.286664 0.312922 0.309623 0.311427 0.312623 0.31329 0.312327 0.311332 0.309063 0.305807 0.301337 0.295462 0.288435 0.28016 0.270857 0.26316 0.24445 0.232332 0.215682 0.203303 0.187866
-9999 -9999 -9999 -9999 -9999 -9999 -9999 -9999 0.218273 0.271067 0.32035 0.347727 0.364861 0.373071 0.372652 0.367685 0.36204 0.354136 0.340177 0.32294 0.29592 0.276587 0.291604 0.313722 0.321156 0.33593 0.371476 0.387217 0.377867 0.349336 0.371649 0.401269 0.405775 0.407934 0.40895 0.411534 0.4097 0.403488 0.386268 0.335618 0.318988 0.295543 0.29255 0.277504 0.298941 0.277047 0.293168 0.297576 0.29682 0.273215 0.276614 0.290693 0.298409 0.295744 0.300612 0.30616 0.305173 0.303653 0.301094 0.297873 0.29354 0.28799 0.279633 0.271608 0.262696 0.255224 0.23671 0.223649 0.211106 0.197492 0.189472
-9999 -9999 -9999 -9999 -9999 -9999 -9999 -9999 0.202545 0.257585 0.315628 0.334179 0.352685 0.368611 0.368728 0.361379 0.354414 0.34734 0.339471 0.318502 0.298534 0.279948 0.275005 0.281248 0.290052 0.310797 0.35499 0.367213 0.368651 0.332297 0.323903 0.360821 0.392191 0.397866 0.39816 0.367905 0.375527 0.357891 0.332987 0.324086 0.310502 0.284803 0.29082 0.270247 0.272386 0.263047 0.270372 0.271854 0.28253 0.261706 0.2609 0.273969 0.28377 0.282584 0.293541 0.296598 0.296182 0.294434 0.291932 0.288449 0.284179 0.278635 0.272073 0.264565 0.255926 0.24582 0.234463 0.192827 0.182525 0.178673 0.174764
-9999 -9999 -9999 -9999 -9999 -9999 -9999 -9999 0.206334 0.244423 0.295869 0.333954 0.336203 0.354639 0.364075 0.356151 0.347292 0.338323 0.334547 0.31169 0.286849 0.267277 0.244352 0.250317 0.270281 0.308551 0.337891 0.346268 0.344892 0.325294 0.338863 0.364641 0.379721 0.386035 0.385519 0.379971 0.376504 0.36341 0.356629 0.336826 0.306319 0.292025 0.295151 0.261773 0.259808 0.266778 0.247931 0.262886 0.268353 0.242629 0.251519 0.269458 0.277819 0.285157 0.287816 0.287832 0.28854 0.286265 0.283577 0.280097 0.275686 0.27051 0.264116 0.257057 0.24723 0.23568 0.205689 0.18124 0.173648 0.174383 0.174111
-9999 -9999 -9999 -9999 -9999 -9999 -9999 -9999 0.210021 0.24423 0.28875 0.315804 0.320488 0.340928 0.3591 0.356915 0.347727 0.344964 0.335678 0.316333 0.295183 0.272319 0.262029 0.237114 0.26534 0.295508 0.320298 0.333662 0.316915 0.311462 0.329588 0.347476 0.356077 0.373438 0.374979 0.371101 0.35017 0.339408 0.342686 0.336435 0.326245 0.304342 0.300317 0.284713 0.27623 0.268103 0.245904 0.252152 0.249797 0.241788 0.261506 0.269548 0.274315 0.278653 0.278347 0.279094 0.280472 0.278207 0.275288 0.271658 0.267483 0.262319 0.255741 0.248715 0.237051 0.221103 0.197187 0.155983 0.166215 0.177369 0.168502
-9999 -9999 -9999 -9999 -9999 -9999 -9999 -9999 0.20107 0.237352 0.275285 0.290989 0.293442 0.330529 0.35318 0.353065 0.348662 0.34363 0.320464 0.322152 0.318028 0.297378 0.267225 0.234316 0.239254 0.264832 0.300319 0.312421 0.283691 0.276158 0.28578 0.310647 0.332897 0.355712 0.362289 0.356766 0.323775 0.288132 0.303476 0.319409 0.317329 0.309849 0.289545 0.281134 0.273191 0.257462 0.224743 0.229514 0.232504 0.247118 0.2519 0.261161 0.268618 0.262576 0.262506 0.269673 0.272634 0.270085 0.267056 0.263659 0.259455 0.254523 0.247337 0.239527 0.229786 0.200405 0.179363 0.143677 0.161103 0.166776 0.149025
-9999 -9999 -9999 -9999 -9999 -9999 -9999 -9999 0.18645 0.212587 0.248729 0.263075 0.286229 0.321182 0.338264 0.346378 0.346077 0.342704 0.332388 0.326397 0.314507 0.292891 0.263315 0.23058 0.209923 0.222794 0.271154 0.278254 0.255038 0.243643 0.26172 0.287437 0.324567 0.346081 0.349575 0.348082 0.341196 0.315005 0.283043 0.281862 0.29581 0.28085 0.263553 0.269595 0.265681 0.250563 0.238961 0.227267 0.220269 0.231826 0.234683 0.245743 0.263504 0.26393 0.260891 0.26694 0.264722 0.262061 0.259237 0.255731 0.251763 0.247197 0.240789 0.231891 0.211114 0.191944 0.167291 0.158624 0.166154 0.161458 0.152599
-9999 -9999 -9999 -9999 -9999 -9999 -9999 -9999 0.163477 0.194205 0.227919 0.259482 0.289357 0.315056 0.31672 0.330224 0.330035 0.337202 0.335223 0.325796 0.315804 0.297191 0.258802 0.226836 0.192061 0.202851 0.247729 0.255027 0.238962 0.208141 0.242327 0.279766 0.313601 0.332052 0.318327 0.332742 0.331313 0.321142 0.30183 0.27199 0.271209 0.248125 0.24548 0.254708 0.256369 0.25254 0.243585 0.222685 0.218598 0.224474 0.223771 0.233678 0.246779 0.259576 0.259548 0.259829 0.257197 0.254333 0.251453 0.248105 0.244105 0.239308 0.233206 0.215731 0.195501 0.180794 0.162298 0.15491 0.165931 0.162546 0.150878
