Test_Spring_2018/02_18/Prec/20180204_012.txt
ncols	170
nrows	115
xllcorner	350000.000000
yllcorner	4445000.000000
cellsize	1000.000000
nodata_value	-9999.000000
[rows 34 to 67 of 115, columns 76 to 151 of 170]
0.127273 0.119359 0.117567 0.114533 0.113204 0.112032 0.111628 0.111321 0.1116 0.112747 0.114793 0.117557 0.122466 0.120717 0.119859 0.121445 0.123388 0.126429 0.130788 0.131676 0.134328 0.134729 0.137949 0.142295 0.145504 -9999 -9999 -9999 -9999 -9999 -9999 -9999 -9999 -9999 -9999 -9999 -9999 -9999 -9999 -9999 -9999 -9999 -9999 -9999 -9999 -9999 -9999 -9999 -9999 -9999 -9999 -9999 -9999 -9999 -9999 -9999 -9999 -9999 -9999 -9999 -9999 -9999 -9999 -9999 -9999 -9999 -9999 -9999 -9999 -9999 -9999 -9999 -9999 -9999 -9999 -9999
0.126575 0.120631 0.116991 0.114971 0.113078 0.111865 0.111455 0.112554 0.112258 0.112051 0.113404 0.11655 0.120016 0.121724 0.119858 0.120587 0.122726 0.124267 0.128485 0.130433 0.133699 0.134932 0.137049 0.141482 0.145283 0.149927 -9999 -9999 -9999 -9999 -9999 -9999 -9999 -9999 -9999 -9999 -9999 -9999 -9999 -9999 -9999 -9999 -9999 -9999 -9999 -9999 -9999 -9999 -9999 -9999 -9999 -9999 -9999 -9999 -9999 -9999 -9999 -9999 -9999 -9999 -9999 -9999 -9999 -9999 -9999 -9999 -9999 -9999 -9999 -9999 -9999 -9999 -9999 -9999 -9999 -9999
0.123413 0.12139 0.116997 0.114724 0.112605 0.111297 0.11146 0.111202 0.110635 0.111195 0.112751 0.114069 0.116544 0.119455 0.120175 0.119253 0.122592 0.123133 0.126053 0.128717 0.133226 0.135348 0.139214 0.1434 0.147426 0.152008 -9999 -9999 -9999 -9999 -9999 -9999 -9999 -9999 -9999 -9999 -9999 -9999 -9999 -9999 -9999 -9999 -9999 -9999 -9999 -9999 -9999 -9999 -9999 -9999 -9999 -9999 -9999 -9999 -9999 -9999 -9999 -9999 -9999 -9999 -9999 -9999 -9999 -9999 -9999 -9999 -9999 -9999 -9999 -9999 -9999 -9999 -9999 -9999 -9999 -9999
0.123822 0.119844 0.11681 0.11459 0.111954 0.110447 0.109659 0.109013 0.108833 0.109151 0.110287 0.111927 0.114348 0.115663 0.115502 0.117457 0.120187 0.122636 0.124814 0.128409 0.131482 0.137553 0.143068 0.146916 0.152001 0.155156 0.15932 -9999 -9999 -9999 -9999 -9999 -9999 -9999 -9999 -9999 -9999 -9999 -9999 0.150414 -9999 -9999 -9999 -9999 -9999 -9999 -9999 -9999 -9999 -9999 -9999 -9999 -9999 -9999 -9999 -9999 -9999 -9999 -9999 -9999 0.109758 -9999 -9999 -9999 -9999 -9999 -9999 -9999 -9999 -9999 -9999 -9999 -9999 -9999 -9999 -9999
0.122617 0.119135 0.118113 0.113933 0.110935 0.109202 0.108072 0.107271 0.107293 0.107015 0.107586 0.109327 0.110414 0.111118 0.1126 0.114511 0.116981 0.120199 0.124009 0.128256 0.130184 0.135867 0.141119 0.145808 0.151061 0.156515 0.162515 0.167601 -9999 -9999 -9999 -9999 -9999 -9999 -9999 0.167067 0.164737 0.161765 0.157871 0.152689 0.149625 -9999 -9999 -9999 -9999 -9999 -9999 -9999 -9999 -9999 -9999 -9999 -9999 -9999 -9999 -9999 -9999 -9999 -9999 -9999 0.10795 0.10944 -9999 -9999 -9999 -9999 -9999 -9999 -9999 -9999 -9999 -9999 -9999 -9999 -9999 -9999
0.122321 0.118618 0.115415 0.112544 0.10998 0.10763 0.105954 0.104965 0.104568 0.103915 0.10465 0.105463 0.106663 0.107287 0.109072 0.111851 0.115221 0.119025 0.123886 0.128274 0.129882 0.135526 0.141934 0.148416 0.152383 0.16015 0.167537 0.17387 -9999 -9999 -9999 -9999 -9999 -9999 0.174218 0.170815 0.167232 0.165387 0.160137 0.154631 0.150289 0.146547 -9999 -9999 -9999 -9999 -9999 -9999 -9999 -9999 -9999 -9999 -9999 -9999 -9999 -9999 0 0.101152 0.104826 0.106567 0.107472 0.108868 -9999 -9999 -9999 -9999 -9999 -9999 -9999 -9999 -9999 -9999 -9999 -9999 -9999 -9999
0.121725 0.117987 0.114981 0.109734 0.108347 0.10584 0.103818 0.102198 0.101017 0.100986 0.101026 0.102511 0.102235 0.103794 0.106235 0.110165 0.114026 0.119928 0.125209 0.127256 0.130587 0.137079 0.145065 0.153737 0.163136 0.165396 0.171437 0.178082 -9999 -9999 -9999 -9999 -9999 -9999 0.179912 0.176058 0.171641 0.167502 0.164552 0.157432 0.152223 0.14779 0.142401 0.135839 0.129987 0.127048 0.119325 0.11469 0.111483 0.107695 -9999 -9999 -9999 -9999 0 0 0 0 0.102656 0.10549 0.107982 0.105401 -9999 -9999 -9999 -9999 -9999 -9999 -9999 -9999 -9999 -9999 -9999 -9999 -9999 -9999
0.121539 0.118263 0.114258 0.108785 0.106846 0.10292 0.100733 0 0 0 0 0 0 0 0.104319 0.109834 0.112275 0.11923 0.126354 0.127426 0.131603 0.138936 0.148175 0.157967 0.165502 0.168333 0.175576 0.184322 -9999 -9999 -9999 0.193284 0.191678 0.190732 0.188356 0.183815 0.178853 0.171889 0.166012 0.163489 0.15496 0.14977 0.144689 0.137985 0.129665 0.123486 0.117769 0.11271 0.109144 0.104848 0.101562 0 0 0 0 0 0 0 0.10055 0.102819 0.104207 0.101389 -9999 -9999 -9999 -9999 -9999 -9999 -9999 -9999 -9999 -9999 -9999 -9999 -9999 -9999
0.122795 0.115659 0.112108 0.108068 0.103021 0.100948 0 0 0 0 0 0 0 0 0.102929 0.108755 0.113912 0.116822 0.124186 0.127478 0.132011 0.141126 0.152719 0.162563 0.169498 0.177097 0.183013 0.191196 -9999 -9999 0.201998 0.199908 0.197682 0.195467 0.192978 0.189768 0.183948 0.178891 0.171509 0.16878 0.161631 0.154546 0.14558 0.138008 0.128808 0.122649 0.117044 0.109928 0.105515 0.102024 0 0 0 0 0 0 0 0 0 0 0 0.100879 -9999 -9999 -9999 -9999 -9999 -9999 -9999 -9999 -9999 -9999 -9999 -9999 -9999 -9999
0.12012 0.116296 0.111864 0.106916 0.102141 0 0 0 0 0 0 0 0 0 0 0.105296 0.111568 0.116715 0.12345 0.132806 0.138654 0.145784 0.153181 0.159987 0.170726 0.180096 0.188399 0.194867 0.201784 -9999 0.208075 0.208179 0.205513 0.201918 0.197934 0.194961 0.188405 0.182531 0.177957 0.171811 0.163076 0.15365 0.14633 0.13933 0.131135 0.120417 0.114817 0.108915 0.10322 0 0 0 0 0 0 0 0 0 0 0 0 0.100422 -9999 -9999 -9999 -9999 -9999 -9999 -9999 -9999 -9999 -9999 -9999 -9999 -9999 -9999
0.119763 0.115366 0.110937 0.106593 0.101082 0 0 0 0 0 0 0 0 0 0 0.1005 0.105457 0.115895 0.124978 0.131715 0.138427 0.143954 0.151786 0.160956 0.170248 0.180552 0.191764 0.200145 0.207343 0.211582 0.213169 0.213796 0.212148 0.207875 0.203075 0.198158 0.192686 0.188246 0.181115 0.171756 0.161974 0.1542 0.146808 0.13906 0.131543 0.123686 0.117416 0.106924 0.101501 0 0 0 0 0 0 0 0 0 0 0 0 0 -9999 -9999 -9999 -9999 -9999 -9999 -9999 -9999 -9999 -9999 -9999 -9999 -9999 -9999
0.12119 0.116628 0.111658 0.106565 0.100063 0 0 0 0 0 0 0 0 0 0 0 0.104582 0.112221 0.121684 0.127162 0.134121 0.142154 0.150959 0.16224 0.173487 0.185645 0.196578 0.203888 0.213464 0.215818 0.218259 0.217371 0.21574 0.213701 0.210313 0.202865 0.198386 0.189519 0.181166 0.17415 0.163252 0.155348 0.146443 0.1381 0.130036 0.124792 0.116227 0.10951 0.102308 0 0 0 0 0 0 0 0 0 0 0 0 0 -9999 -9999 -9999 -9999 -9999 -9999 -9999 -9999 -9999 -9999 -9999 -9999 -9999 -9999
0.121588 0.11662 0.111711 0.106528 0 0 0 0 0 0 0 0 0 0 0 0 0 0.107862 0.11584 0.122197 0.130798 0.141408 0.151811 0.162313 0.174505 0.186299 0.198098 0.208278 0.214924 0.217317 0.218703 0.217885 0.217042 0.216546 0.212811 0.206712 0.198999 0.191076 0.183345 0.175949 0.16451 0.156583 0.146179 0.137198 0.129302 0.121826 0.114957 0.107296 0.101067 0 0 0 0 0 0 0 0 0 0 0 0 0 -9999 -9999 -9999 -9999 -9999 -9999 -9999 -9999 -9999 -9999 -9999 -9999 -9999 -9999
0.122567 0.11767 0.112163 0.105373 0 0 0 0 0 0 0 0 0 0 0 0 0 0.106792 0.112368 0.120821 0.130199 0.141719 0.152764 0.162989 0.175324 0.1877 0.198572 0.209561 0.214921 0.218852 0.220837 0.219809 0.218091 0.215676 0.213648 0.207985 0.199826 0.192558 0.185522 0.176601 0.165436 0.157688 0.146416 0.136733 0.128383 0.120018 0.113221 0.105817 0 0 0 0 0 0 0 0 0 0 0 0 0 0 -9999 -9999 -9999 -9999 -9999 -9999 -9999 -9999 -9999 -9999 -9999 -9999 -9999 -9999
-9999 0.118866 0.112337 0.104868 0 0 0 0 0 0 0 0 0 0 0 0 0 0.104584 0.112312 0.121778 0.133712 0.14557 0.155046 0.164765 0.176301 0.188111 0.199287 0.20559 0.210708 0.214374 0.21737 0.219873 0.218464 0.215644 0.213274 0.207364 0.199806 0.193176 0.185341 0.176765 0.16564 0.156077 0.146483 0.136175 0.128035 0.119234 0.112163 0.104977 0 0 0 0 0 0 0 0 0 0 0 0 0 0 0 -9999 -9999 -9999 -9999 -9999 -9999 -9999 -9999 -9999 -9999 -9999 -9999 -9999
-9999 0.120508 0.11497 0.107109 0.100346 0 0 0 0 0 0 0 0 0 0 0 0.101803 0.105299 0.112825 0.127598 0.138479 0.148992 0.157517 0.166597 0.176296 0.189421 0.19883 0.20327 0.207873 0.211656 0.214326 0.21628 0.216804 0.213135 0.209852 0.204507 0.198706 0.191483 0.184626 0.176627 0.164165 0.155453 0.146198 0.135964 0.12826 0.119018 0.112159 0.10529 0 0 0 0 0 0 0 0 0 0 0 0 0 0 0 0 0 -9999 -9999 -9999 -9999 -9999 -9999 -9999 -9999 -9999 -9999 -9999
-9999 -9999 0.118247 0.109363 0.101756 0 0 0 0 0 0 0 0 0 0.10225 0.101471 0.102466 0.106661 0.113457 0.126812 0.13717 0.145715 0.153046 0.162902 0.17244 0.184337 0.193221 0.201671 0.207303 0.211321 0.212085 0.212469 0.211681 0.210376 0.206753 0.201953 0.196202 0.189209 0.181608 0.173317 0.162996 0.153055 0.144683 0.135468 0.127202 0.119387 0.112866 0.106563 0.100072 0 0 0 0 0 0 0 0 0 0 0 0 0 0 0 0 0 -9999 -9999 -9999 -9999 -9999 -9999 -9999 -9999 -9999 -9999
-9999 -9999 0.120969 0.112402 0.104958 0 0 0 0 0 0 0 0 0 0.106189 0.103977 0.105247 0.108837 0.115773 0.126724 0.133081 0.142131 0.14987 0.160068 0.169056 0.17834 0.187316 0.195705 0.205085 0.208836 0.208237 0.208145 0.206922 0.205014 0.201941 0.197704 0.194524 0.186444 0.180952 0.171689 0.160713 0.152232 0.14381 0.13549 0.12755 0.120073 0.113892 0.107243 0.101907 0 0 0 0 0 0 0 0 0 0 0 0 0 0 0 0 0 0 0 0 -9999 -9999 -9999 -9999 -9999 -9999 -9999
-9999 -9999 0.127779 0.117576 0.106077 0.10001 0 0 0 0 0 0 0 0 0.106423 0.112848 0.112574 0.112299 0.117652 0.123376 0.130662 0.139316 0.148013 0.155784 0.163248 0.172535 0.184034 0.192507 0.196118 0.201267 0.201391 0.202774 0.20338 0.199071 0.196656 0.193165 0.18962 0.187775 0.181076 0.171888 0.160723 0.15377 0.144839 0.136187 0.128326 0.121194 0.115567 0.108147 0.10277 0 0 0 0 0 0 0 0 0 0 0 0 0 0 0 0 0 0 0 0 0 -9999 -9999 -9999 -9999 -9999 -9999
-9999 -9999 0.126992 0.11669 0.108857 0.106483 0.100983 0 0 0 0 0 0 0.102429 0.108574 0.114784 0.11658 0.116829 0.120087 0.124013 0.131325 0.138195 0.145412 0.155232 0.162473 0.170049 0.177578 0.182545 0.188625 0.194392 0.193845 0.195065 0.195927 0.193342 0.191267 0.190472 0.188083 0.183138 0.178924 0.17351 0.163603 0.154295 0.14619 0.136879 0.129749 0.122829 0.116641 0.110545 0.102906 0 0 0 0 0 0 0 0 0 0 0 0 0 0 0 0 0 0 0 0 0 0 -9999 -9999 -9999 -9999 -9999
-9999 -9999 0.129015 0.119466 0.112449 0.109583 0.104318 0.101067 0 0 0 0 0.101099 0.104807 0.108768 0.114437 0.121649 0.121592 0.12468 0.127566 0.135334 0.140585 0.147372 0.154715 0.161923 0.167303 0.16987 0.176629 0.18145 0.18586 0.18645 0.18784 0.188186 0.187464 0.187676 0.187703 0.186231 0.179929 0.175021 0.171473 0.164353 0.155763 0.147056 0.139465 0.131766 0.126335 0.119257 0.110086 0.105326 0.10139 0 0 0 0 0 0 0 0 0 0 0 0 0 0 0 0 0 0 0 0 0 0 -9999 -9999 -9999 -9999
-9999 -9999 -9999 0.123891 0.120353 0.113267 0.108487 0.105007 0.102792 0.101905 0.10205 0.102941 0.104783 0.107968 0.11225 0.118225 0.124225 0.127701 0.130599 0.13408 0.138905 0.142031 0.147121 0.154529 0.164372 0.164456 0.167179 0.171647 0.175601 0.178808 0.180209 0.181664 0.18246 0.183205 0.186031 0.185342 0.183697 0.179352 0.175474 0.171598 0.162985 0.154658 0.147359 0.140626 0.136256 0.131754 0.119343 0.113363 0.109049 0.104735 0.100604 0 0 0 0 0 0 0 0 0 0 0 0 0 0 0 0 0 0 0 0 0 0 -9999 -9999 -9999
-9999 -9999 -9999 0.130588 0.123169 0.115653 0.112078 0.108827 0.106209 0.105536 0.106096 0.107217 0.108993 0.111518 0.115956 0.120979 0.126524 0.131398 0.135767 0.137878 0.141513 0.143164 0.147894 0.153597 0.159383 0.165421 0.166793 0.168138 0.171231 0.174072 0.178928 0.179338 0.181167 0.182725 0.181862 0.180563 0.179602 0.174974 0.172239 0.166901 0.161893 0.155075 0.148727 0.141575 0.137549 0.134127 0.121708 0.115862 0.111636 0.106878 0.10344 0.10086 0 0 0 0 0 0 0 0 0 0 0 0 0 0 0 0 0 0 0 0 0 -9999 -9999 -9999
-9999 -9999 -9999 0.131214 0.125715 0.119151 0.114077 0.112654 0.110075 0.108756 0.109534 0.110921 0.112879 0.114939 0.119381 0.124601 0.129898 0.136042 0.139963 0.142984 0.141852 0.144309 0.148796 0.154152 0.15746 0.16082 0.162641 0.164966 0.167525 0.170054 0.172317 0.173599 0.174966 0.17492 0.17529 0.175899 0.174292 0.170431 0.169448 0.165087 0.15955 0.155562 0.148548 0.142452 0.139417 0.129457 0.122663 0.117238 0.112415 0.108543 0.105412 0.102672 0.100606 0 0 0 0 0 0 0 0 0 0 0 0 0 0 0 0 0 0 0 0 -9999 -9999 -9999
-9999 -9999 -9999 0.131617 0.126753 0.121111 0.117335 0.115934 0.11339 0.111437 0.111809 0.113297 0.114677 0.11718 0.121149 0.125807 0.13113 0.135749 0.142162 0.143971 0.143067 0.145464 0.148983 0.151562 0.156457 0.158864 0.160922 0.163393 0.164515 0.166522 0.168388 0.171162 0.172277 0.171366 0.170648 0.169631 0.169089 0.166316 0.164138 0.160885 0.157278 0.154281 0.148577 0.143689 0.133116 0.128466 0.122904 0.118053 0.113675 0.110169 0.106988 0.104138 0.101967 0.100136 0 0 0 0 0 0 0 0 0 0 0 0 0 0 0 0 0 0 0 0 0 -9999
-9999 -9999 -9999 0.132936 0.128084 0.123264 0.120751 0.119746 0.115813 0.113578 0.113854 0.114947 0.116538 0.120284 0.122173 0.125072 0.129968 0.136179 0.143032 0.146676 0.145857 0.146817 0.150061 0.153127 0.157789 0.160573 0.161579 0.162406 0.162695 0.163966 0.165791 0.169578 0.17299 0.171008 0.168357 0.166798 0.165188 0.164269 0.161788 0.158881 0.156393 0.151294 0.149784 0.144769 0.134419 0.129095 0.123657 0.118736 0.115452 0.111991 0.10822 0.10518 0.102951 0.101011 0 0 0 0 0 0 0 0 0 0 0 0 0 0 0 0 0 0 0 0 0 0
-9999 -9999 -9999 0.134494 0.130729 0.126214 0.123961 0.121145 0.117522 0.115898 0.115471 0.116214 0.11765 0.120156 0.122686 0.126197 0.131033 0.137005 0.143627 0.149423 0.152321 0.149015 0.148654 0.15451 0.159223 0.160911 0.161544 0.160708 0.16088 0.162242 0.163544 0.164803 0.167306 0.169788 0.168837 0.165935 0.165228 0.164269 0.160705 0.157707 0.155457 0.152654 0.149165 0.138405 0.135183 0.130241 0.124797 0.119036 0.115229 0.112085 0.108419 0.105828 0.103543 0.101494 0 0 0 0 0 0 0 0 0 0 0 0 0 0 0 0 0 0 0 0 0 0
-9999 -9999 -9999 0.13653 0.132403 0.128181 0.124383 0.121 0.118298 0.118161 0.117263 0.118015 0.118466 0.120174 0.122987 0.12626 0.130735 0.137431 0.143861 0.15084 0.15378 0.150542 0.149833 0.154986 0.161324 0.161314 0.160666 0.159966 0.16027 0.163114 0.162832 0.16352 0.164506 0.165825 0.167614 0.166184 0.166362 0.164181 0.160484 0.157139 0.154013 0.151142 0.145362 0.137738 0.135117 0.130619 0.125371 0.120109 0.115183 0.111769 0.108632 0.106048 0.103733 0.101628 0 0 0 0 0 0 0 0 0 0 0 0 0 0 0 0 0 0 0 0 0 0
-9999 -9999 -9999 -9999 0.132621 0.128302 0.125064 0.123871 0.121451 0.120343 0.119837 0.120396 0.118943 0.120321 0.122807 0.126002 0.13021 0.136016 0.141294 0.148123 0.15425 0.150724 0.153061 0.155718 0.159285 0.160962 0.16042 0.159369 0.160949 0.164628 0.16535 0.16546 0.164518 0.164621 0.167387 0.167878 0.167599 0.164251 0.160457 0.157196 0.153871 0.150603 0.13808 0.13964 0.133646 0.128225 0.123912 0.119138 0.114921 0.111543 0.108515 0.105903 0.103544 0.101421 0 0 0 0 0 0 0 0 0 0 0 0 0 0 0 0 0 0 0 0 0 0
-9999 -9999 -9999 -9999 0.133271 0.128372 0.126718 0.126194 0.127171 0.126621 0.122306 0.122117 0.120782 0.119981 0.12211 0.125344 0.129522 0.134281 0.140269 0.147589 0.154372 0.155877 0.153159 0.15349 0.156265 0.158432 0.159236 0.161285 0.165511 0.169142 0.169047 0.16892 0.166312 0.165388 0.164975 0.165762 0.166401 0.165398 0.161127 0.157855 0.15441 0.150818 0.140507 0.136406 0.13277 0.127459 0.12268 0.118486 0.11433 0.110959 0.108006 0.105345 0.103003 0.1009 0 0 0 0 0 0 0 0 0 0 0 0 0 0 0 0 0 0 0 0 0 0
-9999 -9999 -9999 -9999 -9999 -9999 -9999 -9999 -9999 0.125719 0.125049 0.122313 0.12061 0.118921 0.120966 0.124189 0.127953 0.133651 0.139934 0.144279 0.147871 0.15497 0.152888 0.154015 0.156051 0.158829 0.161164 0.164664 0.16869 0.172947 0.172754 0.170709 0.167955 0.167494 0.166392 0.166001 0.165619 0.166809 0.162316 0.158978 0.155202 0.151445 0.143883 0.136158 0.13233 0.127768 0.122473 0.117316 0.113474 0.110072 0.107068 0.104427 0.102134 0.100094 0 0 0 0 0 0 0 0 0 0 0 0 0 0 0 0 0 0 0 0 0 0
-9999 -9999 -9999 -9999 -9999 -9999 -9999 -9999 -9999 0.127206 0.127744 0.121013 0.119047 0.117783 0.119461 0.122893 0.12705 0.131852 0.13723 0.143591 0.148149 0.15507 0.156319 0.155218 0.158238 0.16197 0.166646 0.169603 0.173988 0.177137 0.175627 0.173707 0.171306 0.170306 0.16936 0.167874 0.168815 0.168637 0.165008 0.161059 0.156359 0.146076 0.144323 0.138827 0.131863 0.126074 0.120883 0.116306 0.112257 0.108834 0.105804 0.103181 0.100968 0 0 0 0 0 0 0 0 0 0 0 0 0 0 0 0 0 0 0 0 0 0 0
-9999 -9999 -9999 -9999 -9999 -9999 -9999 -9999 -9999 -9999 0.127138 0.121037 0.117688 0.116011 0.117363 0.120629 0.124734 0.129744 0.135567 0.141254 0.146013 0.154339 0.15901 0.158894 0.162192 0.166094 0.172048 0.176368 0.178747 0.180028 0.179431 0.177382 0.175271 0.174039 0.175037 0.171324 0.169343 0.168267 0.166156 0.163194 0.157988 0.149848 0.144927 0.138977 0.129599 0.126213 0.119953 0.115632 0.110763 0.107255 0.104204 0.101623 0 0 0 0 0 0 0 0 0 0 0 0 0 0 0 0 0 0 0 0 0 0 0 0
-9999 -9999 -9999 -9999 -9999 -9999 -9999 -9999 -9999 -9999 0.123206 0.120086 0.11546 0.114193 0.114778 0.11799 0.122238 0.126998 0.132786 0.13622 0.144835 -9999 -9999 -9999 -9999 -9999 -9999 0.18216 0.180979 0.180607 0.181492 0.181017 0.179488 0.178427 0.178796 0.178501 0.173212 0.17022 0.166919 0.163801 0.16346 0.151846 0.145385 0.138337 0.131829 0.125563 0.119855 0.113599 0.108977 0.105381 0.102307 0 0 0 0 0 0 0 0 0 0 0 0 0 0 0 0 0 0 0 0 0 0 0 0 0
