Test_Spring_2018/02_18/Prec/20180226_000.txt
ncols	170
nrows	115
xllcorner	350000.000000
yllcorner	4445000.000000
cellsize	1000.000000
nodata_value	-9999.000000
[rows 32 to 63 of 115, columns 72 to 143 of 170]
2.33774 2.32513 2.34049 2.35427 2.31087 2.30371 2.31919 2.31681 2.30557 2.28243 2.27247 2.26232 2.25534 2.22669 2.1501 2.08095 2.11519 2.11418 2.08725 2.12977 2.10366 2.03919 1.94892 1.99248 1.97599 1.87419 1.84082 -9999 -9999 -9999 -9999 -9999 -9999 -9999 -9999 -9999 -9999 -9999 -9999 -9999 -9999 -9999 -9999 -9999 -9999 -9999 -9999 -9999 -9999 -9999 -9999 -9999 -9999 -9999 -9999 -9999 -9999 -9999 -9999 -9999 -9999 -9999 -9999 -9999 -9999 -9999 -9999 -9999 -9999 -9999 -9999 -9999
2.33311 2.32653 2.34999 2.34737 2.32579 2.31974 2.32608 2.32714 2.32159 2.31048 2.30065 2.2904 2.2674 2.23514 2.16946 2.09104 2.07181 2.10733 2.10699 2.11065 2.08649 2.05651 2.01093 2.04198 2.05152 1.98405 1.89916 1.85549 -9999 -9999 -9999 -9999 -9999 -9999 -9999 -9999 -9999 -9999 -9999 -9999 -9999 -9999 -9999 -9999 -9999 -9999 -9999 -9999 -9999 -9999 -9999 -9999 -9999 -9999 -9999 -9999 -9999 -9999 -9999 -9999 -9999 -9999 -9999 -9999 -9999 -9999 -9999 -9999 -9999 -9999 -9999 -9999
2.32558 2.29882 2.31196 2.32124 2.32264 2.30545 2.30663 2.33502 2.3316 2.32848 2.3139 2.30198 2.28328 2.25242 2.2091 2.15716 2.06785 2.11971 2.15966 2.15605 2.15095 2.12894 2.08499 2.11545 2.11332 2.02064 1.94027 1.90053 1.88127 -9999 -9999 -9999 -9999 -9999 -9999 -9999 -9999 -9999 -9999 -9999 -9999 -9999 -9999 -9999 -9999 -9999 -9999 -9999 -9999 -9999 -9999 -9999 -9999 -9999 -9999 -9999 -9999 -9999 -9999 -9999 -9999 -9999 -9999 -9999 -9999 -9999 -9999 -9999 -9999 -9999 -9999 -9999
2.31547 2.28297 2.29598 2.31417 2.33972 2.32961 2.32556 2.3329 2.34061 2.33814 2.32364 2.28332 2.27653 2.27357 2.24489 2.18603 2.12701 2.11008 2.17207 2.1878 2.18107 2.19224 2.15439 2.16711 2.15682 2.11797 2.03329 1.96387 1.93812 1.89177 -9999 -9999 -9999 -9999 -9999 -9999 -9999 -9999 -9999 -9999 -9999 -9999 -9999 -9999 -9999 -9999 -9999 -9999 -9999 -9999 -9999 -9999 -9999 -9999 -9999 -9999 -9999 -9999 -9999 -9999 -9999 -9999 -9999 -9999 -9999 -9999 -9999 -9999 -9999 -9999 -9999 -9999
-9999 -9999 2.27081 2.29461 2.31108 2.31954 2.32899 2.33973 2.35039 2.34841 2.32107 2.30733 2.30539 2.28657 2.25392 2.2327 2.1949 2.15522 2.16699 2.21902 2.19139 2.22687 2.22 2.22352 2.1939 2.12341 2.03085 1.97559 1.95262 1.91493 -9999 -9999 -9999 -9999 -9999 -9999 -9999 -9999 -9999 -9999 -9999 -9999 -9999 -9999 -9999 -9999 -9999 -9999 -9999 -9999 -9999 -9999 -9999 -9999 -9999 -9999 -9999 -9999 -9999 -9999 -9999 -9999 -9999 -9999 -9999 -9999 -9999 -9999 -9999 -9999 -9999 -9999
-9999 -9999 -9999 2.2977 2.30905 2.34478 2.33259 2.3392 2.35746 2.35685 2.34638 2.33846 2.32708 2.31216 2.28761 2.26022 2.22462 2.21926 2.25169 2.249 2.2382 2.24027 2.25452 2.24596 2.18484 2.11141 2.0705 1.95813 1.92283 1.92333 1.89834 -9999 -9999 -9999 -9999 -9999 -9999 -9999 -9999 -9999 -9999 -9999 -9999 1.90954 -9999 -9999 -9999 -9999 -9999 -9999 -9999 -9999 -9999 -9999 -9999 -9999 -9999 -9999 -9999 -9999 -9999 -9999 -9999 -9999 1.54163 -9999 -9999 -9999 -9999 -9999 -9999 -9999
-9999 -9999 2.30738 2.32245 2.33815 2.35959 2.34284 2.34435 2.36579 2.36584 2.35874 2.35083 2.33283 2.32819 2.31416 2.28473 2.27726 2.28647 2.28889 2.29151 2.29144 2.28443 2.27302 2.25954 2.21335 2.17644 2.15068 2.05727 2.00924 1.97417 1.92274 1.88256 -9999 -9999 -9999 -9999 -9999 -9999 -9999 1.94245 1.93112 1.92121 1.92023 1.93761 1.90633 -9999 -9999 -9999 -9999 -9999 -9999 -9999 -9999 -9999 -9999 -9999 -9999 -9999 -9999 -9999 -9999 -9999 -9999 -9999 1.57625 1.5304 -9999 -9999 -9999 -9999 -9999 -9999
-9999 -9999 2.31634 2.33787 2.34731 2.36789 2.37911 2.35965 2.36694 2.3744 2.37366 2.3654 2.35243 2.3528 2.33394 2.32304 2.31428 2.32748 2.3275 2.31761 2.30567 2.29437 2.27035 2.26375 2.23719 2.2119 2.17419 2.13626 2.05328 1.98413 1.91706 1.86333 -9999 -9999 -9999 -9999 -9999 -9999 1.97546 1.992 1.99671 1.95279 1.96682 1.97743 1.95829 1.89917 -9999 -9999 -9999 -9999 -9999 -9999 -9999 -9999 -9999 -9999 -9999 -9999 -9999 -9999 1.79274 1.74733 1.66034 1.61256 1.58105 1.5385 -9999 -9999 -9999 -9999 -9999 -9999
-9999 -9999 2.31889 2.34458 2.36123 2.3762 2.37693 2.38451 2.37656 2.38105 2.38157 2.38098 2.37958 2.36405 2.35722 2.33201 2.35407 2.35079 2.34159 2.31404 2.29933 2.25403 2.23134 2.20827 2.23659 2.20636 2.14963 2.08073 1.99156 1.96543 1.93965 1.89272 -9999 -9999 -9999 -9999 -9999 -9999 2.00277 2.02053 2.03173 2.02187 1.97532 2.00366 1.96748 1.92408 1.90003 1.90254 1.89594 1.85591 1.8492 1.8453 1.82508 1.82949 -9999 -9999 -9999 -9999 1.81318 1.81083 1.80769 1.78599 1.69152 1.62464 1.56342 1.54572 -9999 -9999 -9999 -9999 -9999 -9999
-9999 -9999 2.34614 2.36016 2.36573 2.36426 2.37789 2.38378 2.37917 2.39324 2.39288 2.39361 2.39427 2.38968 2.37716 2.37915 2.37688 2.36719 2.31929 2.26313 2.28169 2.23893 2.17008 2.20213 2.22572 2.19187 2.12391 2.04696 2.01359 1.99579 1.9608 1.92534 -9999 -9999 -9999 1.96961 2.00599 2.00518 2.01007 2.03709 2.05325 2.0495 2.04721 2.02804 1.97864 1.93366 1.88673 1.87627 1.905 1.89926 1.86255 1.85818 1.83835 1.84166 1.84816 1.84984 1.84727 1.841 1.83728 1.83519 1.83019 1.81047 1.71848 1.66678 1.63087 1.54825 -9999 -9999 -9999 -9999 -9999 -9999
-9999 -9999 2.34575 2.35735 2.36637 2.38464 2.38451 2.39622 2.39664 2.39664 2.39942 2.38731 2.40046 2.40036 2.39898 2.39436 2.38662 2.34659 2.29124 2.23492 2.20617 2.21479 2.16956 2.16911 2.19313 2.16773 2.13376 2.06499 2.05391 2.03258 1.95629 1.89994 -9999 -9999 1.91082 1.98516 2.03571 2.05873 2.06061 2.05226 2.07481 2.0633 2.08395 2.05736 1.97364 1.95753 1.89934 1.88967 1.88958 1.87598 1.87124 1.86893 1.86333 1.85542 1.85737 1.85446 1.85149 1.84861 1.84077 1.8408 1.83828 1.82491 1.76282 1.72937 1.68878 1.56541 -9999 -9999 -9999 -9999 -9999 -9999
-9999 -9999 2.36327 2.37688 2.39249 2.39238 2.40395 2.396 2.38487 2.40516 2.40357 2.39589 2.39095 2.40566 2.40585 2.40429 2.40051 2.3628 2.31841 2.2519 2.20831 2.18242 2.16019 2.12402 2.13375 2.12392 2.11333 2.11737 2.08969 2.04843 2.01412 1.9363 1.90399 -9999 1.92899 1.96375 2.02485 2.07401 2.10102 2.07963 2.10628 2.09838 2.10439 2.071 2.00514 1.96833 1.9443 1.91786 1.92239 1.90272 1.88476 1.87865 1.86703 1.86141 1.85799 1.85485 1.85258 1.8512 1.84944 1.84749 1.84407 1.83734 1.80676 1.77101 1.7038 1.57441 -9999 -9999 -9999 -9999 -9999 -9999
-9999 2.32386 2.36598 2.3913 2.39882 2.40359 2.40791 2.4108 2.40947 2.41089 2.41532 2.40805 2.38457 2.38874 2.39476 2.40982 2.40799 2.40275 2.37703 2.29689 2.26835 2.22948 2.17519 2.13519 2.13957 2.17497 2.16874 2.13844 2.10623 2.05976 2.02842 1.99019 1.90507 1.91691 1.95632 1.98504 2.02703 2.08833 2.12717 2.13771 2.13243 2.13385 2.1231 2.08083 2.02734 1.99547 1.95723 1.93088 1.90732 1.90079 1.88172 1.87746 1.87411 1.86144 1.85757 1.85479 1.85328 1.85279 1.85221 1.8507 1.84919 1.8465 1.83914 1.79654 1.69938 1.61157 -9999 -9999 -9999 -9999 -9999 -9999
-9999 -9999 2.36106 2.36968 2.36897 2.37121 2.3802 2.39163 2.40483 2.40693 2.41801 2.41662 2.39152 2.36804 2.39205 2.40153 2.41013 2.4085 2.40246 2.33906 2.30189 2.2713 2.21907 2.2174 2.22755 2.22331 2.2089 2.14764 2.08784 2.01692 1.95587 1.95492 1.92115 1.9367 1.96484 2.02808 2.07104 2.08576 2.09217 2.14786 2.15321 2.13956 2.13641 2.09134 2.04835 2.00503 1.98367 1.956 1.93073 1.8592 1.87436 1.85852 1.87374 1.86608 1.85769 1.85485 1.85387 1.85331 1.85333 1.85295 1.85242 1.84895 1.84652 1.81782 1.6935 1.61692 -9999 -9999 -9999 -9999 -9999 -9999
-9999 -9999 -9999 -9999 2.3602 2.36624 2.36919 2.37734 2.40437 2.41278 2.41874 2.41965 2.41041 2.38341 2.37838 2.38376 2.3584 2.37833 2.40567 2.4021 2.39506 2.33481 2.28978 2.31095 2.29626 2.2485 2.21063 2.17429 2.10455 2.05085 1.98073 1.92944 1.93031 1.99242 2.04062 2.10509 2.13304 2.11567 2.12658 2.14888 2.17206 2.17262 2.14802 2.10095 2.05967 2.00589 2.00411 1.97881 1.93998 1.90406 1.87494 1.87049 1.8596 1.87044 1.86634 1.85562 1.85425 1.85413 1.85445 1.85471 1.85421 1.85273 1.84982 1.84467 1.71726 1.60573 -9999 -9999 -9999 -9999 -9999 -9999
-9999 -9999 -9999 -9999 2.34003 2.3421 2.35441 2.39212 2.40671 2.41442 2.41382 2.41799 2.41153 2.38984 2.36716 2.34622 2.31834 2.33352 2.37417 2.39658 2.39611 2.34306 2.35276 2.33667 2.31158 2.25082 2.20542 2.18016 2.11296 2.05321 2.00671 1.94338 1.9741 2.00807 2.05068 2.1187 2.16489 2.1812 2.16038 2.17153 2.20035 2.18331 2.13955 2.11769 2.06532 2.00118 2.01024 1.99243 1.95621 1.93195 1.89484 1.87989 1.8728 1.86873 1.86498 1.85912 1.85457 1.85443 1.85524 1.85613 1.85598 1.85529 1.85283 1.84852 1.76457 1.60757 -9999 -9999 -9999 -9999 -9999 -9999
-9999 -9999 -9999 -9999 -9999 2.31778 2.35035 2.40125 2.40778 2.40539 2.41599 2.4169 2.40646 2.39771 2.37044 2.33285 2.25955 2.27759 2.31514 2.36914 2.39575 2.38823 2.35622 2.32137 2.2462 2.18018 2.16806 2.15435 2.10445 2.05727 2.00518 2.03726 2.07312 2.11259 2.13471 2.13204 2.1715 2.20111 2.18245 2.19856 2.21495 2.1845 2.15618 2.12629 2.07175 2.04263 2.01563 2.0083 1.96545 1.94759 1.91352 1.89183 1.8789 1.87027 1.86568 1.85972 1.85627 1.85592 1.8562 1.85758 1.85786 1.85715 1.85508 1.85119 1.83906 1.74713 1.69262 -9999 -9999 -9999 -9999 -9999
-9999 -9999 -9999 -9999 -9999 2.28736 2.30176 2.36254 2.37521 2.40213 2.41633 2.41669 2.3986 2.38934 2.34822 2.3352 2.26813 2.23555 2.26044 2.24856 2.32346 2.38888 2.35856 2.21429 2.15841 2.11732 2.12179 2.11801 2.102 2.02454 2.00457 2.07077 2.11372 2.14796 2.17456 2.18149 2.18158 2.22967 2.22942 2.23636 2.2201 2.20512 2.16063 2.1227 2.09825 2.05519 2.02427 2.01795 1.96836 1.96116 1.92449 1.89729 1.8788 1.87705 1.8687 1.86287 1.85928 1.85817 1.85931 1.85839 1.85956 1.85918 1.85696 1.85393 1.84851 1.82341 1.77521 1.75156 1.75617 -9999 -9999 -9999
-9999 -9999 -9999 -9999 -9999 -9999 2.2451 2.33084 2.36416 2.38395 2.41296 2.41599 2.40865 2.39048 2.34796 2.31105 2.25114 2.18281 2.14119 2.24949 2.34296 2.3902 2.36819 2.24756 2.19672 2.18952 2.21171 2.18523 2.16506 2.10464 2.08771 2.06533 2.08082 2.12809 2.16454 2.20099 2.22686 2.2278 2.24089 2.23672 2.2253 2.21259 2.19085 2.16687 2.10586 2.09577 2.05446 2.03439 2.00248 1.97198 1.93419 1.89949 1.89108 1.88491 1.876 1.86921 1.8647 1.86361 1.86466 1.86686 1.86117 1.86094 1.85947 1.85618 1.85172 1.83522 1.82216 1.78895 1.7471 1.69661 -9999 -9999
-9999 -9999 -9999 -9999 -9999 -9999 2.20389 2.28926 2.32434 2.37757 2.40749 2.41959 2.4167 2.40171 2.36925 2.321 2.28126 2.20483 2.12549 2.23933 2.33316 2.38636 2.38664 2.27188 2.29376 2.2673 2.27165 2.22809 2.20842 2.18972 2.16027 2.12901 2.0976 2.07766 2.16006 2.20263 2.23614 2.25046 2.25591 2.25446 2.23954 2.21009 2.15639 2.16354 2.12585 2.09799 2.06895 2.04126 2.01251 1.98407 1.94859 1.92747 1.90074 1.89605 1.8851 1.87755 1.87319 1.87142 1.87171 1.87364 1.8762 1.86957 1.86214 1.85905 1.85459 1.83828 1.82974 1.81925 1.80312 1.73933 1.69702 1.6644
-9999 -9999 -9999 -9999 -9999 -9999 2.08288 2.20867 2.30915 2.36071 2.40565 2.41578 2.41885 2.3989 2.38431 2.34968 2.31731 2.26732 2.19212 2.14609 2.22982 2.35512 2.3878 2.36588 2.35848 2.32899 2.30222 2.29557 2.294 2.2616 2.22549 2.17405 2.15379 2.13656 2.19742 2.20575 2.20068 2.26518 2.26163 2.252 2.21826 2.17295 2.16357 2.11402 2.09229 2.04791 2.04303 2.0352 2.01709 1.99291 1.95803 1.93868 1.92017 1.90781 1.89673 1.88857 1.8835 1.88125 1.88103 1.88179 1.88364 1.88619 1.8735 1.87184 1.85799 1.8415 1.83359 1.82395 1.81373 1.79575 1.77355 1.72591
-9999 -9999 -9999 -9999 -9999 -9999 2.09833 2.19736 2.28656 2.34297 2.39369 2.40406 2.42048 2.41565 2.40028 2.37007 2.33273 2.29161 2.22713 2.17937 2.23766 2.31725 2.37637 2.3789 2.36148 2.35599 2.34639 2.346 2.33555 2.32379 2.29383 2.23917 2.21158 2.17196 2.23888 2.24576 2.23389 2.26505 2.25941 2.20275 2.15566 2.1404 2.14343 2.10451 2.06584 2.01603 2.00966 2.02974 1.9985 1.97788 1.96436 1.94839 1.93338 1.9203 1.90931 1.90121 1.89562 1.89285 1.89208 1.8919 1.89286 1.89406 1.89414 1.87629 1.87301 1.85585 1.83707 1.82842 1.81886 1.80736 1.79788 1.77515
-9999 -9999 -9999 -9999 -9999 -9999 2.11437 2.16826 2.24843 2.33148 2.38595 2.40696 2.42215 2.42098 2.40311 2.38801 2.36462 2.32839 2.30385 2.2607 2.20106 2.30205 2.32825 2.33617 2.35222 2.37735 2.37262 2.35515 2.31735 2.32837 2.31447 2.27509 2.26125 2.23919 2.27543 2.27407 2.27102 2.26606 2.21889 2.15336 2.09792 2.12243 2.10327 2.09492 2.01213 2.04053 2.05119 2.03914 1.98141 1.94383 1.96252 1.95157 1.94127 1.93144 1.92296 1.91439 1.90926 1.90549 1.90365 1.90307 1.90292 1.90306 1.9026 1.90124 1.87818 1.86038 1.85336 1.84987 1.84103 1.81846 1.80879 1.78259
-9999 -9999 -9999 -9999 -9999 -9999 -9999 2.13938 2.24578 2.33677 2.3864 2.41699 2.43116 2.42956 2.41993 2.40951 2.3951 2.36922 2.33677 2.28503 2.24674 2.27211 2.29789 2.27974 2.29702 2.35212 2.36836 2.33608 2.25824 2.28637 2.32893 2.32499 2.31818 2.31118 2.29358 2.28638 2.27266 2.23953 2.14399 2.1297 2.0868 2.08181 2.05242 2.06819 2.01832 2.04085 2.0389 2.02508 1.96626 1.94143 1.96343 1.96396 1.94569 1.94327 1.9362 1.92848 1.92281 1.91847 1.91618 1.91488 1.91398 1.91897 1.91809 1.91656 1.89013 1.87112 1.86144 1.85194 1.83933 1.83609 1.8275 1.79801
-9999 -9999 -9999 -9999 -9999 -9999 -9999 2.12807 2.23045 2.33847 2.37172 2.40516 2.43409 2.43351 2.41924 2.40608 2.39294 2.37829 2.33851 2.3 2.26318 2.25098 2.25853 2.23051 2.26048 2.33356 2.34489 2.33492 2.24377 2.21536 2.27335 2.3217 2.32261 2.31491 2.25113 2.26107 2.22493 2.17656 2.15961 2.13432 2.08596 2.09699 2.05631 2.05691 2.00677 2.01312 2.00646 2.01552 1.96345 1.93246 1.95439 1.96073 1.94705 1.95779 1.95554 1.94918 1.94314 1.93873 1.93552 1.93369 1.93198 1.93037 1.92847 1.92533 1.91977 1.88234 1.81627 1.80948 1.81402 1.81739 1.80984 1.8053
-9999 -9999 -9999 -9999 -9999 -9999 -9999 2.14579 2.2165 2.31247 2.38318 2.38611 2.42002 2.4372 2.4218 2.40491 2.38797 2.38084 2.33727 2.28942 2.25077 2.20475 2.21229 2.24504 2.26885 2.31524 2.32092 2.30739 2.24939 2.26433 2.30277 2.32161 2.32484 2.31638 2.29983 2.28873 2.2608 2.24606 2.20747 2.14898 2.1211 2.12562 2.05982 2.05209 2.05957 1.98776 2.00734 2.00753 1.94748 1.94614 1.96935 1.97465 1.97877 1.97527 1.96848 1.96511 1.95849 1.95365 1.94989 1.94678 1.94434 1.94133 1.93834 1.93092 1.92061 1.87528 1.80841 1.80531 1.81727 1.82645 1.81141 1.81234
-9999 -9999 -9999 -9999 -9999 -9999 -9999 2.16401 2.22786 2.31119 2.36143 2.36937 2.40736 2.44128 2.43682 2.41926 2.41396 2.39622 2.35916 2.31823 2.2734 2.25158 2.20105 2.25021 2.25822 2.29732 2.31399 2.26261 2.24308 2.26828 2.2933 2.30124 2.32655 2.32283 2.30992 2.2658 2.24203 2.24575 2.232 2.21101 2.16764 2.15759 2.12464 2.10396 2.08253 2.00269 2.00627 1.99244 1.97403 1.98772 1.99356 1.99352 1.99341 1.9856 1.98127 1.97993 1.97368 1.96832 1.96373 1.9601 1.95635 1.95139 1.94667 1.93388 1.91335 1.87774 1.77536 1.80473 1.83528 1.83343 1.81751 1.8174
-9999 -9999 -9999 -9999 -9999 -9999 -9999 2.15889 2.22718 2.29853 2.32775 2.33189 2.4018 2.44446 2.44407 2.43561 2.42596 2.3818 2.38452 2.37583 2.33525 2.27599 2.21073 2.21641 2.22941 2.27613 2.29179 2.21888 2.19693 2.20755 2.2473 2.28249 2.3193 2.32602 2.31055 2.24377 2.17267 2.19879 2.22636 2.21982 2.20279 2.16088 2.14071 2.12039 2.08417 2.00754 1.98384 1.98072 1.99193 1.99263 2.00193 2.00823 1.98966 1.98343 1.9922 1.99449 1.98799 1.98231 1.97765 1.97307 1.96855 1.96096 1.95312 1.94227 1.89456 1.86278 1.79836 1.8093 1.82841 1.80783 1.82657 1.82703
-9999 -9999 -9999 -9999 -9999 -9999 -9999 2.14354 2.19311 2.26161 2.28877 2.33265 2.39892 2.43134 2.44675 2.44618 2.43969 2.41985 2.40795 2.3845 2.34215 2.28417 2.21961 2.17734 2.19803 2.2386 2.23998 2.18467 2.15682 2.18494 2.22775 2.2925 2.32803 2.32984 2.32266 2.30568 2.25246 2.18852 2.18299 2.20599 2.17382 2.13664 2.14296 2.12955 2.09397 2.06416 2.00106 1.98409 1.98554 1.98331 1.99691 2.02374 2.01843 2.0075 2.01491 2.00792 2.00143 1.99601 1.99067 1.98573 1.98081 1.97337 1.962 1.92869 1.89882 1.85874 1.84901 1.83373 1.83806 1.82807 1.83487 1.83381
-9999 -9999 -9999 -9999 -9999 -9999 -9999 2.11276 2.17156 2.23601 2.29637 2.35352 2.40271 2.40626 2.43217 2.43197 2.44553 2.44149 2.42303 2.40315 2.36653 2.29198 2.22918 2.16063 2.1781 2.22603 2.21041 2.17496 2.11162 2.17169 2.23814 2.298 2.32894 2.2991 2.32279 2.31656 2.29377 2.25354 2.19311 2.1874 2.13888 2.12849 2.1399 2.13621 2.12138 2.09617 2.03878 2.0023 1.99437 1.98585 1.9979 2.01663 2.03557 2.03109 2.02819 2.02084 2.01413 2.00849 2.00302 1.9973 1.99096 1.98294 1.954 1.92037 1.89761 1.86792 1.85944 1.8791 1.85419 1.83884 1.8443 1.84373
-9999 -9999 -9999 -9999 -9999 -9999 -9999 -9999 2.17208 2.23901 2.28854 2.30181 2.34576 2.36947 2.38779 2.39177 2.44413 2.44685 2.43501 2.41661 2.38522 2.32849 2.28882 2.22306 2.17566 2.15324 2.15135 2.16631 2.15894 2.18464 2.24879 2.3156 2.32053 2.27361 2.27679 2.28213 2.29827 2.28256 2.2022 2.15747 2.1182 2.13155 2.14511 2.14005 2.12969 2.11308 2.05982 2.01162 2.03008 2.04093 2.03467 2.04407 2.04905 2.04414 2.03907 2.03209 2.02581 2.01974 2.01324 2.0073 1.99843 1.985 1.95283 1.88251 1.88022 1.86766 1.84173 1.87023 1.82436 1.84552 1.85472 1.85393
-9999 -9999 -9999 -9999 -9999 -9999 -9999 -9999 2.1563 2.23409 2.25069 2.24968 2.22417 2.23615 2.33153 2.3507 2.40092 2.44836 2.44455 2.42637 2.39685 2.36281 2.31037 2.23644 2.17768 2.13497 2.17006 2.22387 2.23472 2.2526 2.29151 2.29732 2.25023 2.20558 2.22626 2.2369 2.28683 2.29148 2.27468 2.22266 2.16317 2.12711 2.14834 2.14137 2.13136 2.11928 2.09125 2.04663 2.05211 2.05933 2.06138 2.05814 2.06127 2.0558 2.04896 2.04283 2.03611 2.02947 2.02182 2.01412 1.99871 1.98116 1.93143 1.88896 1.86027 1.82523 1.88536 1.88691 1.87064 1.85314 1.8624 1.86128
