Test_Spring_2018/02_18/Prec/20180226_019.txt
ncols	170
nrows	115
xllcorner	350000.000000
yllcorner	4445000.000000
cellsize	1000.000000
nodata_value	-9999.000000
[rows 31 to 61 of 115, columns 70 to 139 of 170]
0.51767 0.520255 0.523629 0.527991 0.532155 0.541293 0.550389 0.554969 0.563057 0.567568 0.572126 0.575996 0.57971 0.583357 0.586294 0.589868 0.595885 0.59682 0.598331 0.60135 0.602646 0.603603 0.606528 0.611276 0.614623 0.618739 0.619227 0.626635 0.630161 -9999 -9999 -9999 -9999 -9999 -9999 -9999 -9999 -9999 -9999 -9999 -9999 -9999 -9999 -9999 -9999 -9999 -9999 -9999 -9999 -9999 -9999 -9999 -9999 -9999 -9999 -9999 -9999 -9999 -9999 -9999 -9999 -9999 -9999 -9999 -9999 -9999 -9999 -9999 -9999 -9999
0.521675 0.524395 0.527787 0.531882 0.5352 0.538756 0.554179 0.563509 0.565825 0.570092 0.574396 0.57882 0.582429 0.585725 0.58861 0.592034 0.597012 0.601556 0.602185 0.604045 0.606831 0.607065 0.60985 0.614086 0.619315 0.619662 0.622248 0.630062 0.630643 -9999 -9999 -9999 -9999 -9999 -9999 -9999 -9999 -9999 -9999 -9999 -9999 -9999 -9999 -9999 -9999 -9999 -9999 -9999 -9999 -9999 -9999 -9999 -9999 -9999 -9999 -9999 -9999 -9999 -9999 -9999 -9999 -9999 -9999 -9999 -9999 -9999 -9999 -9999 -9999 -9999
0.526061 0.528238 0.531668 0.535371 0.538226 0.542235 0.551979 0.566056 0.568781 0.572867 0.576948 0.580948 0.584598 0.58796 0.591499 0.595115 0.599732 0.604629 0.607204 0.607661 0.609372 0.610905 0.613457 0.61624 0.619625 0.620223 0.621642 0.623442 0.630274 0.641468 -9999 -9999 -9999 -9999 -9999 -9999 -9999 -9999 -9999 -9999 -9999 -9999 -9999 -9999 -9999 -9999 -9999 -9999 -9999 -9999 -9999 -9999 -9999 -9999 -9999 -9999 -9999 -9999 -9999 -9999 -9999 -9999 -9999 -9999 -9999 -9999 -9999 -9999 -9999 -9999
0.530198 0.531813 0.535281 0.539645 0.542811 0.546337 0.559827 0.568538 0.572816 0.575929 0.579992 0.583778 0.587692 0.591203 0.594661 0.598279 0.602096 0.606003 0.6111 0.610857 0.610951 0.612585 0.614246 0.616529 0.619641 0.620049 0.621693 0.622144 0.639568 0.641535 0.642711 -9999 -9999 -9999 -9999 -9999 -9999 -9999 -9999 -9999 -9999 -9999 -9999 -9999 -9999 -9999 -9999 -9999 -9999 -9999 -9999 -9999 -9999 -9999 -9999 -9999 -9999 -9999 -9999 -9999 -9999 -9999 -9999 -9999 -9999 -9999 -9999 -9999 -9999 -9999
-9999 0.535137 0.538589 0.543167 0.546364 0.549618 0.558067 0.565428 0.575506 0.579516 0.583307 0.587211 0.59126 0.595936 0.599047 0.601692 0.604978 0.609099 0.61299 0.615143 0.614251 0.61497 0.616468 0.617302 0.619961 0.620804 0.622547 0.622979 0.63284 0.641039 0.642343 0.644372 -9999 -9999 -9999 -9999 -9999 -9999 -9999 -9999 -9999 -9999 -9999 -9999 -9999 -9999 -9999 -9999 -9999 -9999 -9999 -9999 -9999 -9999 -9999 -9999 -9999 -9999 -9999 -9999 -9999 -9999 -9999 -9999 -9999 -9999 -9999 -9999 -9999 -9999
-9999 -9999 -9999 -9999 0.550002 0.558282 0.560482 0.568838 0.578794 0.582893 0.586792 0.590887 0.595596 0.599449 0.602492 0.605776 0.609204 0.611875 0.614862 0.617677 0.618418 0.617559 0.619571 0.619253 0.620527 0.621482 0.623735 0.633745 0.634829 0.642521 0.643644 0.645301 -9999 -9999 -9999 -9999 -9999 -9999 -9999 -9999 -9999 -9999 -9999 -9999 -9999 -9999 -9999 -9999 -9999 -9999 -9999 -9999 -9999 -9999 -9999 -9999 -9999 -9999 -9999 -9999 -9999 -9999 -9999 -9999 -9999 -9999 -9999 -9999 -9999 -9999
-9999 -9999 -9999 -9999 -9999 0.560701 0.563577 0.567377 0.58207 0.586626 0.590542 0.594863 0.599192 0.603022 0.606543 0.609744 0.612859 0.615668 0.618416 0.619754 0.619479 0.620351 0.621452 0.622078 0.622309 0.62347 0.624242 0.636193 0.638306 0.645121 0.646649 0.646882 0.648041 -9999 -9999 -9999 -9999 -9999 -9999 -9999 -9999 -9999 -9999 -9999 -9999 0.635833 -9999 -9999 -9999 -9999 -9999 -9999 -9999 -9999 -9999 -9999 -9999 -9999 -9999 -9999 -9999 -9999 -9999 -9999 -9999 -9999 0.566459 -9999 -9999 -9999
-9999 -9999 -9999 -9999 0.553206 0.560591 0.565354 0.570086 0.579336 0.590205 0.59438 0.599019 0.603516 0.607574 0.611488 0.614376 0.617078 0.619849 0.621372 0.62192 0.62245 0.622804 0.623182 0.623826 0.624712 0.625804 0.634043 0.635798 0.637262 0.638293 0.645418 0.646972 0.649144 0.650879 -9999 -9999 -9999 -9999 -9999 -9999 -9999 0.644626 0.64332 0.641673 0.639431 0.636279 0.634724 -9999 -9999 -9999 -9999 -9999 -9999 -9999 -9999 -9999 -9999 -9999 -9999 -9999 -9999 -9999 -9999 -9999 -9999 -9999 0.566319 0.562955 -9999 -9999
-9999 -9999 -9999 -9999 0.557553 0.562221 0.567669 0.572929 0.578625 0.593438 0.598582 0.603351 0.607954 0.612285 0.616182 0.618951 0.621794 0.623747 0.625094 0.625204 0.625483 0.625934 0.626384 0.626841 0.62788 0.628454 0.635246 0.636453 0.638281 0.640261 0.645745 0.648597 0.651419 0.653748 -9999 -9999 -9999 -9999 -9999 -9999 0.647368 0.64524 0.643199 0.642615 0.639596 0.636438 0.634156 0.625669 -9999 -9999 -9999 -9999 -9999 -9999 -9999 -9999 -9999 -9999 -9999 -9999 -9999 -9999 0.576332 0.574586 0.573875 0.571211 0.567453 0.563649 -9999 -9999
-9999 -9999 -9999 -9999 0.558891 0.563878 0.569594 0.575638 0.582323 0.594342 0.602527 0.60786 0.612795 0.617129 0.62078 0.6242 0.62655 0.628871 0.628831 0.629221 0.629464 0.630167 0.630324 0.631661 0.632321 0.638369 0.637273 0.638548 0.641012 0.644118 0.653109 0.651267 0.652676 0.654884 -9999 -9999 -9999 -9999 -9999 -9999 0.649123 0.64685 0.644412 0.642366 0.641321 0.637218 0.628587 0.625984 0.622616 0.618313 0.614481 0.60919 0.598887 0.596062 0.594223 0.59182 -9999 -9999 -9999 -9999 0.582969 0.580633 0.577867 0.575242 0.574704 0.572545 0.569589 0.559449 -9999 -9999
-9999 -9999 -9999 -9999 0.558972 0.56492 0.571641 0.578934 0.58581 0.598429 0.606726 0.616171 0.621113 0.625319 0.628768 0.631619 0.633977 0.635073 0.635693 0.636084 0.63753 0.639083 0.637837 0.635447 0.644871 0.640658 0.639574 0.640874 0.6437 0.647105 0.653914 0.652082 0.65396 0.661016 -9999 -9999 -9999 0.659764 0.658039 0.657379 0.656164 0.653758 0.651357 0.643782 0.640833 0.63998 0.629864 0.626918 0.623994 0.619793 0.614323 0.610389 0.598911 0.59608 0.594295 0.596542 0.594341 0.592574 0.591106 0.589775 0.588199 0.58626 0.583988 0.581701 0.575905 0.572971 0.568759 0.556725 -9999 -9999
-9999 -9999 -9999 -9999 0.561173 0.567524 0.574449 0.586715 0.594403 0.601498 0.613603 0.620444 0.625612 0.630534 0.633659 0.636367 0.638229 0.639382 0.639935 0.641115 0.642474 0.643664 0.643803 0.64907 0.650335 0.647339 0.646173 0.643431 0.651263 0.654299 0.655334 0.660964 0.66131 0.663749 -9999 -9999 0.66416 0.661391 0.659231 0.657754 0.656674 0.655549 0.652843 0.650939 0.647408 0.647048 0.638692 0.634617 0.624412 0.619779 0.619627 0.61573 0.609571 0.600778 0.598261 0.596314 0.594428 0.593047 0.591858 0.590692 0.589551 0.587781 0.585601 0.583177 0.581804 0.57858 0.571403 0.565287 -9999 -9999
-9999 -9999 -9999 -9999 0.5669 0.573844 0.581058 0.589044 0.596631 0.605184 0.618022 0.623879 0.629968 0.634948 0.638852 0.64102 0.642726 0.643574 0.643714 0.644488 0.645096 0.646309 0.646657 0.652171 0.652431 0.655978 0.65558 0.656043 0.656659 0.656838 0.655518 0.661646 0.663135 0.66406 0.665688 -9999 0.665427 0.66422 0.661768 0.659405 0.657443 0.656799 0.653895 0.651755 0.650322 0.64812 0.639189 0.638921 0.634898 0.6308 0.625512 0.614505 0.608672 0.605163 0.598213 0.596245 0.594705 0.593555 0.592618 0.591703 0.590645 0.589221 0.587283 0.584737 0.582219 0.576314 0.572949 0.566815 -9999 -9999
-9999 -9999 -9999 0.558272 0.567189 0.574279 0.582382 0.590779 0.599213 0.607533 0.619925 0.627651 0.633515 0.638785 0.643452 0.645992 0.647376 0.647427 0.647247 0.646537 0.646147 0.647551 0.651575 0.656243 0.658202 0.657057 0.656811 0.655573 0.655995 0.657408 0.658971 0.664692 0.663732 0.665383 0.667177 0.667211 0.666123 0.665238 0.663587 0.660863 0.658527 0.656735 0.654987 0.653889 0.65131 0.651667 0.642946 0.639178 0.635336 0.630859 0.626206 0.620991 0.614711 0.604615 0.601448 0.5963 0.594913 0.59396 0.593264 0.59262 0.591827 0.590671 0.58889 0.586339 0.581087 0.57766 0.571814 0.564059 -9999 -9999
-9999 -9999 -9999 -9999 0.567769 0.575986 0.584908 0.593906 0.602659 0.611127 0.623191 0.630308 0.63618 0.642136 0.646866 0.650385 0.651 0.651091 0.650319 0.649242 0.647883 0.654063 0.655078 0.655996 0.657873 0.655391 0.654911 0.655108 0.655804 0.658322 0.660863 0.667225 0.669255 0.669118 0.669131 0.667824 0.667218 0.665145 0.663547 0.662624 0.661557 0.658154 0.657109 0.656699 0.654217 0.652638 0.643653 0.640055 0.635294 0.630528 0.625574 0.622373 0.614553 0.610118 0.605172 0.598476 0.59503 0.594258 0.593779 0.593412 0.592884 0.591958 0.590369 0.586761 0.580446 0.575983 0.573948 0.565544 -9999 -9999
-9999 -9999 -9999 -9999 -9999 -9999 0.586561 0.595798 0.605127 0.61404 0.625716 0.632783 0.638969 0.644214 0.648594 0.652539 0.654122 0.654235 0.654566 0.653413 0.653165 0.652835 0.652751 0.654785 0.654233 0.653192 0.653629 0.655419 0.656956 0.658521 0.661377 0.666876 0.669139 0.670757 0.670529 0.668132 0.665508 0.66344 0.662464 0.662802 0.661651 0.660825 0.658651 0.656721 0.655064 0.653539 0.644605 0.641212 0.635504 0.630384 0.625628 0.620796 0.614355 0.609216 0.60499 0.60079 0.59806 0.594468 0.594181 0.594014 0.593713 0.592998 0.589693 0.58655 0.582263 0.576838 0.574734 0.567439 -9999 -9999
-9999 -9999 -9999 -9999 -9999 -9999 0.588573 0.598164 0.607328 0.615304 0.62746 0.634599 0.641036 0.64614 0.650371 0.653853 0.656131 0.657134 0.658096 0.657107 0.655132 0.653892 0.653632 0.655477 0.65302 0.653397 0.654246 0.656523 0.658321 0.659437 0.662136 0.667679 0.668956 0.6709 0.66947 0.668029 0.66638 0.663699 0.662091 0.661358 0.661912 0.660793 0.658528 0.657349 0.656473 0.654058 0.645633 0.642533 0.636295 0.630727 0.625667 0.620171 0.613829 0.608842 0.60427 0.600457 0.597615 0.595864 0.594503 0.594471 0.594312 0.59292 0.590949 0.587857 0.583583 0.578099 0.574305 0.568584 -9999 -9999
-9999 -9999 -9999 -9999 -9999 -9999 -9999 0.600315 0.608718 0.616163 0.628539 0.63595 0.641867 0.646983 0.651261 0.654188 0.656547 0.658202 0.660689 0.659648 0.657871 0.655577 0.65444 0.654729 0.653907 0.655055 0.6578 0.660294 0.660857 0.661506 0.663497 0.668463 0.669822 0.668127 0.666385 0.664637 0.663667 0.663727 0.662296 0.661151 0.661577 0.660377 0.658688 0.658126 0.656796 0.654771 0.646503 0.64213 0.637196 0.631184 0.626273 0.620417 0.613845 0.608946 0.604432 0.600647 0.597727 0.595912 0.594994 0.594769 0.594499 0.593503 0.591598 0.588586 0.58436 0.578901 0.572477 0.56435 0.557064 -9999
-9999 -9999 -9999 -9999 -9999 -9999 -9999 0.602502 0.611361 0.618207 0.630191 0.636287 0.641851 0.646799 0.651217 0.65456 0.657488 0.658133 0.660407 0.661471 0.660305 0.660595 0.657844 0.655604 0.654799 0.660079 0.662188 0.6638 0.663749 0.663993 0.664663 0.670709 0.670764 0.667682 0.665547 0.663872 0.662638 0.662471 0.662395 0.660756 0.660206 0.659426 0.659051 0.658052 0.65746 0.655872 0.64654 0.642798 0.638101 0.632112 0.627479 0.621228 0.614721 0.609954 0.60555 0.601406 0.598514 0.596589 0.595289 0.595149 0.595158 0.593583 0.591682 0.588723 0.584594 0.579209 0.57265 0.562138 0.554728 0.54574
-9999 -9999 -9999 -9999 -9999 -9999 -9999 -9999 0.613991 0.619517 0.630508 0.636513 0.641222 0.645821 0.652709 0.654812 0.65714 0.658764 0.66092 0.663239 0.665084 0.661151 0.65791 0.656516 0.655449 0.659983 0.661992 0.662402 0.661705 0.66275 0.663503 0.668975 0.668811 0.668865 0.667612 0.665974 0.664374 0.662593 0.661508 0.661565 0.661262 0.659839 0.659382 0.658431 0.657159 0.655236 0.647247 0.642501 0.63838 0.63307 0.627934 0.622659 0.616261 0.61179 0.606993 0.602947 0.599973 0.596784 0.596054 0.595741 0.595598 0.595318 0.591308 0.588394 0.584345 0.579128 0.572733 0.562047 0.553608 0.545243
-9999 -9999 -9999 -9999 -9999 -9999 -9999 -9999 0.615853 0.620866 0.631518 0.635859 0.64395 0.649486 0.651799 0.653807 0.655855 0.658045 0.659652 0.662492 0.665448 0.662497 0.659186 0.657753 0.658351 0.660316 0.659741 0.660911 0.660884 0.662534 0.663212 0.667293 0.667505 0.667784 0.669295 0.669776 0.665899 0.663811 0.662363 0.661856 0.661781 0.661894 0.660987 0.659278 0.659342 0.65647 0.647569 0.643753 0.639456 0.634693 0.62969 0.624562 0.618242 0.61338 0.609305 0.604269 0.599764 0.59818 0.597203 0.596658 0.596292 0.595798 0.594872 0.589828 0.583793 0.578762 0.572632 0.562128 0.55391 0.54512
-9999 -9999 -9999 -9999 -9999 -9999 -9999 -9999 0.620575 0.6235 0.636909 0.640228 0.64646 0.649041 0.651103 0.653343 0.654855 0.656725 0.658284 0.660399 0.663457 0.665528 0.664508 0.660685 0.659759 0.658246 0.658838 0.660176 0.661316 0.661598 0.661571 0.666387 0.668865 0.669449 0.670069 0.669537 0.666392 0.665484 0.665365 0.662917 0.663086 0.663434 0.664446 0.663702 0.662612 0.659641 0.650037 0.647146 0.642291 0.637131 0.632061 0.627082 0.620988 0.615009 0.610834 0.60428 0.601841 0.600054 0.59882 0.597977 0.597308 0.596555 0.595405 0.593574 0.585974 0.581561 0.572467 0.562177 0.554403 0.546088
-9999 -9999 -9999 -9999 -9999 -9999 -9999 -9999 0.62609 0.634999 0.637329 0.644849 0.646596 0.649063 0.65062 0.652374 0.654057 0.655961 0.657938 0.659979 0.662895 0.665269 0.663836 0.663718 0.662517 0.659939 0.660415 0.660928 0.661468 0.664354 0.664433 0.668762 0.66859 0.670703 0.670396 0.670682 0.667278 0.666357 0.666396 0.665067 0.665204 0.667188 0.668626 0.668532 0.665012 0.664456 0.655057 0.650169 0.645726 0.639909 0.634818 0.629932 0.623198 0.618554 0.610206 0.607028 0.604447 0.60243 0.600918 0.599746 0.598732 0.597665 0.596246 0.594241 0.591468 0.581332 0.576054 0.565839 0.555048 0.547248
-9999 -9999 -9999 -9999 -9999 -9999 -9999 -9999 0.627283 0.636337 0.638544 0.645466 0.646894 0.648886 0.650492 0.652196 0.654121 0.655669 0.657362 0.659464 0.661147 0.66357 0.666669 0.663918 0.666372 0.663438 0.666617 0.666107 0.666462 0.667039 0.672696 0.67121 0.672116 0.672274 0.67152 0.671188 0.668903 0.668236 0.667867 0.667758 0.669304 0.671501 0.673159 0.671558 0.671107 0.667076 0.659005 0.653952 0.648967 0.644358 0.638916 0.635035 0.627476 0.617452 0.613635 0.610321 0.607532 0.605321 0.603498 0.602011 0.600656 0.599231 0.597524 0.595302 0.592396 0.588657 0.576302 0.566201 0.559346 0.550018
-9999 -9999 -9999 -9999 -9999 -9999 -9999 -9999 -9999 0.639824 0.647461 0.648054 0.649505 0.651049 0.652669 0.654445 0.656207 0.6578 0.659446 0.6615 0.663835 0.666944 0.669619 0.669985 0.673343 0.671002 0.671037 0.669481 0.669128 0.67032 0.679049 0.678658 0.675891 0.674755 0.673737 0.672825 0.671759 0.67128 0.671235 0.672061 0.675266 0.676145 0.677264 0.6767 0.676615 0.671457 0.661342 0.656781 0.65262 0.648479 0.645688 0.63995 0.626978 0.622276 0.618638 0.614876 0.611107 0.608678 0.606602 0.604799 0.603088 0.601315 0.599295 0.596847 0.593678 0.589741 0.576072 0.565617 0.558992 0.55182
-9999 -9999 -9999 -9999 -9999 -9999 -9999 -9999 -9999 0.648782 0.649358 0.649143 0.65111 0.652547 0.653695 0.655561 0.65766 0.659541 0.661329 0.663149 0.665912 0.668666 0.671395 0.673229 0.674312 0.675505 0.675126 0.672972 0.672876 0.673335 0.684771 0.684938 0.681768 0.678864 0.677694 0.676904 0.6783 0.677144 0.677849 0.67914 0.679343 0.679828 0.681024 0.679781 0.680075 0.678394 0.66485 0.661152 0.65749 0.652878 0.650239 0.645275 0.631698 0.626993 0.623316 0.619108 0.615786 0.613028 0.610625 0.608437 0.606344 0.604169 0.601775 0.59898 0.595636 0.591654 0.587 0.57186 0.562327 0.555522
-9999 -9999 -9999 -9999 -9999 -9999 -9999 -9999 -9999 0.650135 0.651649 0.651738 0.652269 0.654844 0.655886 0.657221 0.659513 0.661696 0.663788 0.665481 0.668513 0.671718 0.674599 0.677749 0.678895 0.679046 0.677936 0.676834 0.677035 0.677735 0.68846 0.687213 0.68495 0.683314 0.682219 0.68158 0.681314 0.680954 0.681324 0.681296 0.68218 0.683753 0.684066 0.682959 0.684121 0.682755 0.680388 0.665966 0.661619 0.657663 0.655685 0.641155 0.635893 0.631436 0.627248 0.623624 0.620438 0.617443 0.614846 0.612386 0.609975 0.60749 0.604776 0.601729 0.598192 0.594226 0.589715 0.585824 0.564648 0.558076
-9999 -9999 -9999 -9999 -9999 -9999 -9999 -9999 -9999 0.651845 0.653446 0.653907 0.655167 0.657593 0.658566 0.659402 0.661427 0.663776 0.665574 0.667777 0.670669 0.6737 0.676873 0.679187 0.682526 0.682137 0.681819 0.681065 0.680968 0.692565 0.692958 0.691534 0.689977 0.688949 0.687227 0.686563 0.686264 0.687163 0.687368 0.686595 0.686458 0.686521 0.68727 0.686581 0.686457 0.685547 0.684296 0.66983 0.666299 0.663141 0.65047 0.644475 0.64009 0.636034 0.632154 0.62877 0.625493 0.622336 0.619553 0.616867 0.614186 0.611389 0.60839 0.605108 0.601379 0.597429 0.5932 0.588956 0.568259 0.560745
-9999 -9999 -9999 -9999 -9999 -9999 -9999 -9999 -9999 0.65476 0.656097 0.656957 0.659002 0.661622 0.661509 0.662133 0.664128 0.666258 0.668321 0.671584 0.673082 0.674981 0.67804 0.681773 0.685701 0.686976 0.682596 0.68579 0.685854 0.698585 0.699265 0.698601 0.696737 0.694938 0.693003 0.692129 0.692048 0.693848 0.6958 0.694151 0.692396 0.691797 0.691435 0.691787 0.69109 0.690114 0.689419 0.678131 0.67222 0.668896 0.653508 0.649488 0.645193 0.641101 0.638057 0.634718 0.630991 0.627653 0.624752 0.621876 0.618936 0.615872 0.612583 0.609086 0.605192 0.600942 0.597551 0.593081 0.582785 0.563452
-9999 -9999 -9999 -9999 -9999 -9999 -9999 -9999 -9999 0.658356 0.660349 0.661325 0.663495 0.664731 0.664848 0.665953 0.667467 0.669398 0.67142 0.673844 0.675919 0.678387 0.681533 0.685244 0.689187 0.692289 0.693041 0.69146 0.69373 0.704539 0.705658 0.704598 0.702882 0.700252 0.6986 0.698106 0.697869 0.697923 0.699239 0.700864 0.700232 0.698414 0.698456 0.698482 0.696679 0.69536 0.694609 0.693409 0.677093 0.663614 0.659071 0.655341 0.651083 0.646426 0.643061 0.640018 0.636407 0.633406 0.630425 0.627383 0.624246 0.620921 0.617339 0.613518 0.609444 0.605739 0.601455 0.597109 0.59126 0.565627
-9999 -9999 -9999 -9999 -9999 -9999 -9999 -9999 -9999 0.662778 0.664468 0.66566 0.666697 0.667547 0.668398 0.670664 0.671877 0.673859 0.675186 0.67705 0.679373 0.681706 0.68464 0.688971 0.692881 0.697014 0.697989 0.691757 0.708098 0.709825 0.7125 0.710542 0.708246 0.706082 0.704864 0.705759 0.704558 0.704324 0.704556 0.705276 0.706569 0.705666 0.70614 0.705002 0.702848 0.701038 0.699442 0.698053 0.684857 0.668192 0.664378 0.661029 0.657004 0.652833 0.648755 0.645626 0.642498 0.639552 0.636547 0.633405 0.63009 0.626546 0.622719 0.618588 0.614816 0.610783 0.605917 0.600904 0.594766 0.580375
