Test_Spring_2018/02_18/Prec/20180225_010.txt
ncols	170
nrows	115
xllcorner	350000.000000
yllcorner	4445000.000000
cellsize	1000.000000
nodata_value	-9999.000000
[rows 31 to 61 of 115, columns 70 to 139 of 170]
0.31462 0.321982 0.328265 0.332252 0.338484 0.354789 0.360225 0.366676 0.393772 0.399322 0.402711 0.406894 0.409632 0.410684 0.412983 0.41118 0.398047 0.405579 0.410361 0.40878 0.414662 0.422373 0.422312 0.415128 0.41433 0.410706 0.413824 0.418485 0.415667 -9999 -9999 -9999 -9999 -9999 -9999 -9999 -9999 -9999 -9999 -9999 -9999 -9999 -9999 -9999 -9999 -9999 -9999 -9999 -9999 -9999 -9999 -9999 -9999 -9999 -9999 -9999 -9999 -9999 -9999 -9999 -9999 -9999 -9999 -9999 -9999 -9999 -9999 -9999 -9999 -9999
0.32539 0.330804 0.335422 0.338835 0.346903 0.354954 0.363141 0.383191 0.400034 0.405739 0.409651 0.411271 0.414477 0.417233 0.420115 0.419362 0.410998 0.403676 0.41232 0.415576 0.41495 0.425233 0.425104 0.419249 0.409597 0.420792 0.422808 0.417045 0.417317 -9999 -9999 -9999 -9999 -9999 -9999 -9999 -9999 -9999 -9999 -9999 -9999 -9999 -9999 -9999 -9999 -9999 -9999 -9999 -9999 -9999 -9999 -9999 -9999 -9999 -9999 -9999 -9999 -9999 -9999 -9999 -9999 -9999 -9999 -9999 -9999 -9999 -9999 -9999 -9999 -9999
0.331922 0.338605 0.34192 0.345787 0.354639 0.359715 0.369865 0.390966 0.406338 0.412392 0.417083 0.420534 0.423792 0.426607 0.427113 0.425908 0.419324 0.410639 0.411047 0.41994 0.423373 0.427561 0.427622 0.426976 0.424112 0.433267 0.43923 0.432511 0.431045 0.443597 -9999 -9999 -9999 -9999 -9999 -9999 -9999 -9999 -9999 -9999 -9999 -9999 -9999 -9999 -9999 -9999 -9999 -9999 -9999 -9999 -9999 -9999 -9999 -9999 -9999 -9999 -9999 -9999 -9999 -9999 -9999 -9999 -9999 -9999 -9999 -9999 -9999 -9999 -9999 -9999
0.336754 0.345122 0.347556 0.347936 0.35485 0.361463 0.388494 0.402443 0.408647 0.418851 0.423855 0.428574 0.431166 0.433811 0.435074 0.434163 0.431087 0.42651 0.416061 0.427419 0.436985 0.439934 0.442819 0.443291 0.440585 0.449592 0.453741 0.44417 0.458638 0.455693 0.455756 -9999 -9999 -9999 -9999 -9999 -9999 -9999 -9999 -9999 -9999 -9999 -9999 -9999 -9999 -9999 -9999 -9999 -9999 -9999 -9999 -9999 -9999 -9999 -9999 -9999 -9999 -9999 -9999 -9999 -9999 -9999 -9999 -9999 -9999 -9999 -9999 -9999 -9999 -9999
-9999 0.350168 0.352317 0.351545 0.358213 0.366034 0.390343 0.40844 0.41687 0.423853 0.43065 0.43557 0.438283 0.436642 0.43983 0.443284 0.442482 0.436801 0.430956 0.431562 0.444401 0.450195 0.452693 0.458184 0.456357 0.462612 0.465553 0.465282 0.470047 0.470814 0.470152 0.466118 -9999 -9999 -9999 -9999 -9999 -9999 -9999 -9999 -9999 -9999 -9999 -9999 -9999 -9999 -9999 -9999 -9999 -9999 -9999 -9999 -9999 -9999 -9999 -9999 -9999 -9999 -9999 -9999 -9999 -9999 -9999 -9999 -9999 -9999 -9999 -9999 -9999 -9999
-9999 -9999 -9999 -9999 0.359824 0.382739 0.39917 0.411691 0.422598 0.430245 0.437661 0.44282 0.443701 0.446293 0.450311 0.451341 0.449895 0.449947 0.447248 0.444169 0.449059 0.460287 0.459402 0.468549 0.471469 0.476336 0.476411 0.487125 0.474461 0.478078 0.478228 0.475947 -9999 -9999 -9999 -9999 -9999 -9999 -9999 -9999 -9999 -9999 -9999 -9999 -9999 -9999 -9999 -9999 -9999 -9999 -9999 -9999 -9999 -9999 -9999 -9999 -9999 -9999 -9999 -9999 -9999 -9999 -9999 -9999 -9999 -9999 -9999 -9999 -9999 -9999
-9999 -9999 -9999 -9999 -9999 0.388051 0.403693 0.415488 0.428186 0.435441 0.444277 0.449879 0.453562 0.457197 0.459832 0.461466 0.461202 0.46016 0.457608 0.45961 0.46746 0.470013 0.471559 0.475437 0.481603 0.484682 0.480742 0.489795 0.488249 0.480878 0.479614 0.483755 0.483716 -9999 -9999 -9999 -9999 -9999 -9999 -9999 -9999 -9999 -9999 -9999 -9999 0.482559 -9999 -9999 -9999 -9999 -9999 -9999 -9999 -9999 -9999 -9999 -9999 -9999 -9999 -9999 -9999 -9999 -9999 -9999 -9999 -9999 0.355326 -9999 -9999 -9999
-9999 -9999 -9999 -9999 0.375197 0.403844 0.412609 0.422546 0.430737 0.441397 0.451053 0.457049 0.461486 0.46528 0.466962 0.470161 0.471407 0.469854 0.471398 0.475366 0.478291 0.481411 0.484422 0.486789 0.488988 0.491427 0.50492 0.504182 0.505477 0.493207 0.499048 0.498316 0.494813 0.492664 -9999 -9999 -9999 -9999 -9999 -9999 -9999 0.507876 0.503239 0.498271 0.494267 0.492823 0.483704 -9999 -9999 -9999 -9999 -9999 -9999 -9999 -9999 -9999 -9999 -9999 -9999 -9999 -9999 -9999 -9999 -9999 -9999 -9999 0.361947 0.350917 -9999 -9999
-9999 -9999 -9999 -9999 0.400167 0.409773 0.417989 0.42826 0.437256 0.448759 0.456631 0.464117 0.469803 0.473711 0.476229 0.480148 0.480484 0.481542 0.482569 0.486808 0.489022 0.489911 0.490872 0.492466 0.492734 0.496398 0.512186 0.513743 0.513783 0.514065 0.511941 0.506669 0.501469 0.497909 -9999 -9999 -9999 -9999 -9999 -9999 0.524571 0.524428 0.521654 0.510722 0.50828 0.505007 0.496992 0.481997 -9999 -9999 -9999 -9999 -9999 -9999 -9999 -9999 -9999 -9999 -9999 -9999 -9999 -9999 0.41062 0.400645 0.383896 0.372856 0.363991 0.353108 -9999 -9999
-9999 -9999 -9999 -9999 0.403084 0.41379 0.423642 0.433614 0.441573 0.454666 0.463377 0.47079 0.476958 0.48222 0.486566 0.487936 0.48992 0.488456 0.493872 0.495158 0.495558 0.493385 0.493678 0.489903 0.490414 0.505486 0.515291 0.51666 0.514435 0.510688 0.512656 0.510608 0.512599 0.510849 -9999 -9999 -9999 -9999 -9999 -9999 0.53851 0.538018 0.535576 0.529138 0.516498 0.515111 0.503244 0.489934 0.479812 0.474132 0.467488 0.4573 0.44715 0.442546 0.436022 0.433836 -9999 -9999 -9999 -9999 0.42076 0.418106 0.415004 0.40864 0.390596 0.376377 0.362607 0.354136 -9999 -9999
-9999 -9999 -9999 -9999 0.409195 0.418638 0.427383 0.435459 0.44607 0.459547 0.468836 0.479001 0.485054 0.490461 0.494977 0.497791 0.498555 0.500875 0.502052 0.501849 0.495778 0.488747 0.493825 0.490716 0.496969 0.506811 0.516396 0.517842 0.514628 0.510468 0.521784 0.522041 0.523476 0.525413 -9999 -9999 -9999 0.546878 0.552894 0.551713 0.550037 0.550556 0.548372 0.541172 0.534492 0.531879 0.509735 0.495322 0.480862 0.472456 0.470649 0.464149 0.450441 0.445542 0.438982 0.433516 0.432437 0.430928 0.428904 0.426273 0.423843 0.421338 0.417955 0.411808 0.396675 0.384585 0.374413 0.353544 -9999 -9999
-9999 -9999 -9999 -9999 0.419105 0.428633 0.438211 0.444354 0.453129 0.463639 0.475849 0.484503 0.491325 0.494897 0.501349 0.504717 0.50693 0.507846 0.507728 0.50236 0.494693 0.487263 0.484771 0.499569 0.497037 0.501992 0.511886 0.517153 0.52283 0.520429 0.527183 0.539747 0.53127 0.529396 -9999 -9999 0.545659 0.559225 0.567462 0.569776 0.56724 0.561717 0.559805 0.551736 0.548023 0.542981 0.515441 0.504975 0.485638 0.476597 0.464743 0.456865 0.451802 0.444169 0.440118 0.436432 0.434836 0.432864 0.43105 0.429207 0.426358 0.424329 0.421385 0.416174 0.402815 0.393279 0.381438 0.354874 -9999 -9999
-9999 -9999 -9999 -9999 0.425378 0.435732 0.446741 0.455486 0.466016 0.467709 0.478547 0.489579 0.496826 0.501206 0.504837 0.510327 0.512482 0.51347 0.513499 0.508011 0.50159 0.492218 0.487184 0.495303 0.496562 0.499615 0.507776 0.513779 0.520409 0.529884 0.537753 0.54778 0.550714 0.542524 0.544282 -9999 0.557736 0.565427 0.575327 0.581499 0.582463 0.574364 0.572387 0.564076 0.563011 0.54977 0.524378 0.50426 0.492128 0.480237 0.473873 0.461549 0.454087 0.448678 0.441076 0.437865 0.435654 0.433925 0.432526 0.431211 0.429555 0.427397 0.424396 0.420186 0.411563 0.401093 0.385246 0.35737 -9999 -9999
-9999 -9999 -9999 0.403789 0.426375 0.439191 0.449578 0.459668 0.469618 0.479063 0.490859 0.494771 0.502552 0.507463 0.508173 0.511846 0.514598 0.517763 0.517647 0.516726 0.512776 0.500963 0.50532 0.505873 0.502683 0.502273 0.510122 0.523732 0.531744 0.536695 0.541782 0.551218 0.55863 0.560897 0.551917 0.559838 0.570376 0.577358 0.584335 0.592218 0.594662 0.590988 0.583436 0.580682 0.570812 0.549708 0.525778 0.511152 0.496064 0.483515 0.472238 0.464528 0.456466 0.448261 0.444246 0.43813 0.436077 0.434695 0.433732 0.432865 0.431656 0.429757 0.427148 0.423556 0.418299 0.406745 0.382229 0.360409 -9999 -9999
-9999 -9999 -9999 -9999 0.426132 0.436952 0.446615 0.456816 0.467932 0.479078 0.493275 0.501068 0.509131 0.512254 0.512747 0.511952 0.517202 0.519152 0.520263 0.519514 0.518263 0.515704 0.512925 0.512376 0.509773 0.515665 0.524866 0.532894 0.540262 0.541113 0.542672 0.548783 0.549183 0.558179 0.5631 0.569665 0.578787 0.591287 0.59844 0.598988 0.596132 0.599023 0.59619 0.581886 0.571853 0.554854 0.531986 0.514855 0.501703 0.488359 0.476312 0.458145 0.455026 0.447472 0.445889 0.440216 0.436388 0.435272 0.434691 0.434103 0.433238 0.431698 0.429341 0.425653 0.41833 0.408226 0.382546 0.362085 -9999 -9999
-9999 -9999 -9999 -9999 -9999 -9999 0.446781 0.457927 0.468409 0.479285 0.495674 0.504489 0.511733 0.516874 0.519066 0.516659 0.517185 0.518228 0.5138 0.516818 0.523912 0.52523 0.527165 0.522178 0.520592 0.530652 0.536384 0.538114 0.542337 0.547566 0.548148 0.557255 0.556746 0.558415 0.567003 0.58351 0.595817 0.608629 0.613478 0.608974 0.606621 0.604063 0.599823 0.590752 0.576875 0.559013 0.535979 0.516655 0.506003 0.492556 0.478012 0.465025 0.45478 0.448832 0.443151 0.441993 0.439528 0.435758 0.435364 0.435084 0.434473 0.433185 0.429619 0.425595 0.420256 0.413567 0.387119 0.360951 -9999 -9999
-9999 -9999 -9999 -9999 -9999 -9999 0.445125 0.455829 0.467872 0.483376 0.497788 0.50642 0.512536 0.518036 0.52049 0.519239 0.516557 0.513367 0.509148 0.511707 0.518892 0.524243 0.527269 0.523521 0.530575 0.535087 0.539457 0.539451 0.542805 0.550061 0.551359 0.559706 0.563116 0.563166 0.576578 0.588897 0.600589 0.613959 0.621631 0.621886 0.614931 0.610383 0.606784 0.594714 0.577562 0.563262 0.538248 0.516963 0.507653 0.495062 0.480661 0.469262 0.457596 0.44992 0.444782 0.441336 0.438992 0.43714 0.435755 0.435629 0.435229 0.433575 0.430883 0.426929 0.421546 0.414824 0.39489 0.361487 -9999 -9999
-9999 -9999 -9999 -9999 -9999 -9999 -9999 0.4535 0.468581 0.48599 0.498995 0.50587 0.513518 0.518327 0.520009 0.520635 0.517255 0.511475 0.499996 0.503017 0.50977 0.520076 0.527377 0.530772 0.531474 0.53319 0.529915 0.529182 0.537759 0.546863 0.550888 0.561181 0.563738 0.578538 0.592736 0.605893 0.614404 0.616858 0.623467 0.626199 0.619141 0.61534 0.609785 0.59559 0.580761 0.565138 0.539715 0.523736 0.508743 0.497667 0.482144 0.471649 0.460376 0.451609 0.445542 0.441389 0.438934 0.437101 0.436193 0.435966 0.435391 0.434047 0.431403 0.427398 0.422005 0.415261 0.406331 0.382898 0.366246 -9999
-9999 -9999 -9999 -9999 -9999 -9999 -9999 0.450082 0.462055 0.480667 0.494371 0.505467 0.513401 0.517913 0.518268 0.519145 0.513939 0.511855 0.501612 0.496625 0.50155 0.50179 0.516656 0.531396 0.532365 0.517147 0.516794 0.519811 0.530803 0.541252 0.550289 0.555733 0.563005 0.582833 0.597902 0.610059 0.619127 0.62299 0.6235 0.62914 0.624975 0.619886 0.609445 0.597827 0.580683 0.564001 0.543347 0.525369 0.509895 0.499074 0.482582 0.473785 0.462151 0.45254 0.445606 0.44249 0.439418 0.437558 0.436372 0.43605 0.435724 0.433623 0.431064 0.427071 0.421631 0.415015 0.407137 0.394074 0.378455 0.366438
-9999 -9999 -9999 -9999 -9999 -9999 -9999 -9999 0.454028 0.476011 0.492588 0.50218 0.512079 0.516773 0.522422 0.52026 0.513914 0.508324 0.499394 0.489686 0.483609 0.502586 0.520421 0.532377 0.534547 0.522851 0.523067 0.531038 0.544411 0.550928 0.558844 0.566604 0.573861 0.579529 0.589931 0.605825 0.614068 0.622314 0.626778 0.625191 0.623378 0.616737 0.607385 0.596509 0.583301 0.569194 0.543184 0.530696 0.513959 0.501301 0.487775 0.47555 0.463891 0.453183 0.447813 0.443971 0.440722 0.437793 0.436767 0.436273 0.435764 0.434786 0.429882 0.425885 0.420587 0.414007 0.406404 0.394834 0.384858 0.371597
-9999 -9999 -9999 -9999 -9999 -9999 -9999 -9999 0.448262 0.469573 0.486061 0.500357 0.516044 0.522477 0.52345 0.521942 0.517376 0.510298 0.504755 0.494044 0.483633 0.502116 0.519897 0.532764 0.538658 0.527189 0.538311 0.542872 0.552962 0.556228 0.563541 0.577319 0.581973 0.585632 0.591666 0.591065 0.60806 0.617054 0.622646 0.623224 0.620463 0.614858 0.60803 0.592386 0.574837 0.566152 0.54418 0.529533 0.515211 0.501817 0.48914 0.477513 0.466449 0.457947 0.449766 0.446313 0.440721 0.438629 0.437366 0.436497 0.435619 0.434384 0.432435 0.426186 0.418872 0.412476 0.405097 0.39383 0.384894 0.375514
-9999 -9999 -9999 -9999 -9999 -9999 -9999 -9999 0.430164 0.457029 0.49215 0.504593 0.517878 0.521682 0.523684 0.52161 0.520074 0.515403 0.511301 0.504945 0.495374 0.491164 0.505464 0.52964 0.539753 0.542269 0.54844 0.551993 0.556628 0.564866 0.574164 0.585322 0.593564 0.592646 0.59134 0.593978 0.60723 0.610682 0.610241 0.618691 0.61483 0.608401 0.596859 0.585459 0.575878 0.555283 0.536307 0.519824 0.509875 0.5001 0.489519 0.478903 0.468228 0.46072 0.453654 0.445643 0.442125 0.439647 0.437948 0.436671 0.435407 0.433741 0.431506 0.428535 0.419384 0.413549 0.403431 0.392503 0.384102 0.37532
-9999 -9999 -9999 -9999 -9999 -9999 -9999 -9999 0.443227 0.469821 0.488599 0.505219 0.516018 0.519855 0.524035 0.524507 0.523125 0.519442 0.51487 0.51014 0.502406 0.498008 0.510857 0.524967 0.539835 0.545966 0.548897 0.555563 0.562147 0.576624 0.583552 0.597518 0.599979 0.592451 0.593957 0.592526 0.606256 0.609204 0.60763 0.611052 0.607184 0.593969 0.58098 0.571904 0.568341 0.554269 0.532928 0.512575 0.503098 0.498239 0.48755 0.477547 0.470276 0.462625 0.452006 0.447182 0.443426 0.440636 0.438492 0.436773 0.435092 0.433016 0.43047 0.427222 0.423031 0.411336 0.404799 0.394011 0.383031 0.374932
-9999 -9999 -9999 -9999 -9999 -9999 -9999 -9999 0.449616 0.466028 0.482906 0.503851 0.515081 0.520544 0.524633 0.52586 0.524343 0.52327 0.521122 0.517368 0.515952 0.512312 0.506857 0.527018 0.533253 0.539742 0.554679 0.566099 0.573234 0.578541 0.586079 0.594615 0.592454 0.592157 0.595051 0.595712 0.604225 0.605609 0.605312 0.603271 0.5933 0.579202 0.565546 0.563339 0.553687 0.548815 0.521175 0.52002 0.51337 0.503556 0.48414 0.471939 0.470003 0.458045 0.45269 0.448208 0.44458 0.441386 0.438946 0.436706 0.434535 0.432143 0.429268 0.425809 0.421605 0.41663 0.40274 0.39231 0.384919 0.377556
-9999 -9999 -9999 -9999 -9999 -9999 -9999 -9999 -9999 0.466061 0.491701 0.508909 0.519132 0.525917 0.529801 0.53103 0.530959 0.530875 0.530444 0.528653 0.526383 0.521754 0.519883 0.528548 0.534591 0.5367 0.545833 0.561219 0.570857 0.573089 0.577587 0.580779 0.592934 0.597331 0.600559 0.602877 0.599458 0.599654 0.597618 0.59133 0.574177 0.571624 0.560548 0.55448 0.54395 0.543991 0.521318 0.517117 0.509219 0.499768 0.483803 0.474973 0.46582 0.461045 0.454167 0.450465 0.44531 0.441928 0.439056 0.436385 0.433843 0.431114 0.427993 0.426139 0.42188 0.41696 0.401808 0.391388 0.383881 0.376332
-9999 -9999 -9999 -9999 -9999 -9999 -9999 -9999 -9999 0.471618 0.49082 0.510378 0.517921 0.52512 0.531355 0.532878 0.532264 0.531935 0.531853 0.531895 0.528507 0.525847 0.524021 0.526591 0.532784 0.52919 0.539752 0.557302 0.565502 0.570464 0.564801 0.565637 0.579445 0.591243 0.595055 0.596758 0.588899 0.591458 0.585858 0.577309 0.572585 0.565594 0.554155 0.551136 0.539493 0.533755 0.515829 0.509797 0.501806 0.496459 0.482024 0.47265 0.463104 0.459312 0.453108 0.451296 0.447979 0.444388 0.441045 0.437982 0.434975 0.431917 0.428509 0.424685 0.420356 0.415387 0.409634 0.391814 0.374582 0.368019
-9999 -9999 -9999 -9999 -9999 -9999 -9999 -9999 -9999 0.476584 0.490448 0.507831 0.520974 0.523375 0.530382 0.534717 0.534031 0.533235 0.532652 0.533902 0.529912 0.52571 0.52342 0.520489 0.526323 0.536497 0.540506 0.553388 0.560118 0.563896 0.562438 0.569299 0.57943 0.586054 0.589675 0.590798 0.589889 0.588971 0.584554 0.581262 0.573385 0.561578 0.553724 0.550194 0.535219 0.528775 0.524362 0.502834 0.499433 0.493194 0.477928 0.465422 0.463689 0.459785 0.456279 0.452118 0.447881 0.444487 0.440772 0.437373 0.43405 0.430629 0.427029 0.423004 0.418622 0.413203 0.407013 0.395139 0.370874 0.365408
-9999 -9999 -9999 -9999 -9999 -9999 -9999 -9999 -9999 0.481869 0.494213 0.509301 0.519046 0.522081 0.529658 0.536574 0.537609 0.53675 0.537997 0.537606 0.534574 0.531336 0.527917 0.528483 0.525026 0.537358 0.538235 0.549536 0.557463 0.557271 0.558481 0.566356 0.573853 0.578265 0.584827 0.586282 0.585628 0.579405 0.575547 0.575147 0.571262 0.565509 0.5556 0.550223 0.540777 0.5328 0.524393 0.502149 0.496695 0.488656 0.472054 0.469623 0.465305 0.460582 0.456342 0.451367 0.447307 0.443992 0.440094 0.436393 0.432766 0.429153 0.425316 0.421039 0.416527 0.410496 0.403017 0.392997 0.3631 0.36313
-9999 -9999 -9999 -9999 -9999 -9999 -9999 -9999 -9999 0.4837 0.496256 0.50912 0.515337 0.517589 0.529974 0.53817 0.539794 0.540322 0.540875 0.536363 0.539413 0.541052 0.538135 0.532708 0.526716 0.532016 0.536663 0.545209 0.552585 0.548306 0.548684 0.553842 0.563164 0.571359 0.579312 0.58205 0.580743 0.570844 0.559591 0.56267 0.565281 0.56195 0.55637 0.546374 0.539239 0.531667 0.521317 0.496702 0.490632 0.4845 0.473337 0.467851 0.464098 0.460313 0.453115 0.448225 0.446 0.443042 0.438905 0.434985 0.431224 0.427403 0.423456 0.418858 0.41402 0.408511 0.39711 0.388006 0.372267 0.361429
-9999 -9999 -9999 -9999 -9999 -9999 -9999 -9999 -9999 0.484008 0.493178 0.505197 0.510775 0.518923 0.530561 0.537038 0.541011 0.542684 0.543664 0.542847 0.54356 0.542818 0.5395 0.534111 0.528032 0.525691 0.533323 0.53842 0.535996 0.541059 0.540186 0.547705 0.557159 0.569601 0.577059 0.578783 0.578553 0.576213 0.567651 0.556803 0.554361 0.555718 0.547964 0.538898 0.536077 0.529793 0.519755 0.510373 0.490716 0.473921 0.469541 0.463614 0.46048 0.459772 0.454485 0.4487 0.446082 0.441507 0.437213 0.433211 0.429274 0.425385 0.42143 0.416973 0.411766 0.403012 0.394635 0.384544 0.379037 0.362594
-9999 -9999 -9999 -9999 -9999 -9999 -9999 -9999 -9999 0.481886 0.49197 0.502928 0.513278 0.523182 0.531942 0.53377 0.539218 0.540835 0.544821 0.546366 0.545989 0.545719 0.543196 0.535141 0.52921 0.522662 0.529628 0.539096 0.539961 0.537887 0.531309 0.543543 0.556428 0.567894 0.574438 0.571091 0.57549 0.574704 0.570782 0.563578 0.552666 0.549636 0.539433 0.534601 0.532662 0.527972 0.521215 0.512594 0.491152 0.474009 0.467975 0.460986 0.457486 0.455369 0.453652 0.448678 0.444285 0.439496 0.435044 0.430929 0.42695 0.422978 0.418901 0.414504 0.406778 0.398207 0.391187 0.382973 0.377933 0.376089
