Test_Spring_2018/02_18/Prec/20180210_009.txt
ncols	170
nrows	115
xllcorner	350000.000000
yllcorner	4445000.000000
cellsize	1000.000000
nodata_value	-9999.000000
[rows 31 to 61 of 115, columns 71 to 141 of 170]
0.660556 0.663368 0.666307 0.669283 0.674808 0.668625 0.671921 0.688879 0.691421 0.693695 0.69571 0.697512 0.699159 0.700708 0.702251 0.703883 0.705553 0.707389 0.709432 0.711638 0.714017 0.716576 0.719275 0.722025 0.724812 0.737796 0.741309 0.744548 -9999 -9999 -9999 -9999 -9999 -9999 -9999 -9999 -9999 -9999 -9999 -9999 -9999 -9999 -9999 -9999 -9999 -9999 -9999 -9999 -9999 -9999 -9999 -9999 -9999 -9999 -9999 -9999 -9999 -9999 -9999 -9999 -9999 -9999 -9999 -9999 -9999 -9999 -9999 -9999 -9999 -9999 -9999
0.668707 0.671174 0.673776 0.676439 0.679125 0.674889 0.683942 0.695252 0.697819 0.700182 0.702349 0.704328 0.706161 0.707891 0.709583 0.7113 0.713059 0.714844 0.716754 0.718796 0.720918 0.723183 0.725554 0.728 0.730404 0.73284 0.74637 0.758799 -9999 -9999 -9999 -9999 -9999 -9999 -9999 -9999 -9999 -9999 -9999 -9999 -9999 -9999 -9999 -9999 -9999 -9999 -9999 -9999 -9999 -9999 -9999 -9999 -9999 -9999 -9999 -9999 -9999 -9999 -9999 -9999 -9999 -9999 -9999 -9999 -9999 -9999 -9999 -9999 -9999 -9999 -9999
0.67675 0.678913 0.681225 0.683634 0.68613 0.690662 0.690284 0.701792 0.704419 0.706897 0.709219 0.711383 0.713406 0.715317 0.717145 0.718936 0.720713 0.722465 0.72422 0.726045 0.727931 0.729899 0.731933 0.734032 0.736131 0.738266 0.750738 0.763848 0.775096 -9999 -9999 -9999 -9999 -9999 -9999 -9999 -9999 -9999 -9999 -9999 -9999 -9999 -9999 -9999 -9999 -9999 -9999 -9999 -9999 -9999 -9999 -9999 -9999 -9999 -9999 -9999 -9999 -9999 -9999 -9999 -9999 -9999 -9999 -9999 -9999 -9999 -9999 -9999 -9999 -9999 -9999
0.684593 0.686494 0.688579 0.690797 0.693144 0.702038 0.705627 0.708429 0.711143 0.713771 0.716272 0.718638 0.720855 0.722932 0.724882 0.726724 0.728478 0.730186 0.731777 0.733361 0.734983 0.736638 0.738351 0.740134 0.741936 0.74381 0.764591 0.777564 0.780028 0.782453 -9999 -9999 -9999 -9999 -9999 -9999 -9999 -9999 -9999 -9999 -9999 -9999 -9999 -9999 -9999 -9999 -9999 -9999 -9999 -9999 -9999 -9999 -9999 -9999 -9999 -9999 -9999 -9999 -9999 -9999 -9999 -9999 -9999 -9999 -9999 -9999 -9999 -9999 -9999 -9999 -9999
0.692144 0.693823 0.69572 0.697793 0.700049 0.707364 0.719845 0.715042 0.717916 0.720726 0.72344 0.726024 0.728462 0.730703 0.732756 0.73464 0.736373 0.737961 0.739413 0.740749 0.742076 0.74342 0.744795 0.746263 0.747787 0.749414 0.760989 0.780251 0.784773 0.787105 0.789453 -9999 -9999 -9999 -9999 -9999 -9999 -9999 -9999 -9999 -9999 -9999 -9999 -9999 -9999 -9999 -9999 -9999 -9999 -9999 -9999 -9999 -9999 -9999 -9999 -9999 -9999 -9999 -9999 -9999 -9999 -9999 -9999 -9999 -9999 -9999 -9999 -9999 -9999 -9999 -9999
-9999 -9999 -9999 0.704548 0.711224 0.723333 0.726005 0.721584 0.724651 0.72769 0.730651 0.733489 0.736134 0.738551 0.74073 0.742658 0.74433 0.745784 0.747052 0.748156 0.749161 0.750191 0.751223 0.752359 0.753606 0.755005 0.774555 0.784731 0.789312 0.791545 0.793818 -9999 -9999 -9999 -9999 -9999 -9999 -9999 -9999 -9999 -9999 -9999 -9999 -9999 -9999 -9999 -9999 -9999 -9999 -9999 -9999 -9999 -9999 -9999 -9999 -9999 -9999 -9999 -9999 -9999 -9999 -9999 -9999 -9999 -9999 -9999 -9999 -9999 -9999 -9999 -9999
-9999 -9999 -9999 -9999 0.717361 0.729316 0.731915 0.727974 0.731289 0.734599 0.737846 0.74095 0.743837 0.74645 0.748747 0.750708 0.752329 0.75364 0.754669 0.75548 0.75619 0.756867 0.757575 0.75838 0.759351 0.769451 0.779459 0.781216 0.793587 0.795731 0.797904 0.80012 -9999 -9999 -9999 -9999 -9999 -9999 -9999 -9999 -9999 -9999 -9999 -9999 0.840581 -9999 -9999 -9999 -9999 -9999 -9999 -9999 -9999 -9999 -9999 -9999 -9999 -9999 -9999 -9999 -9999 -9999 -9999 -9999 -9999 0.981722 -9999 -9999 -9999 -9999 -9999
-9999 -9999 -9999 0.71693 0.73231 0.734874 0.737698 0.74038 0.737759 0.741389 0.744962 0.748373 0.751528 0.754351 0.756768 0.758754 0.760311 0.761446 0.762225 0.762745 0.763104 0.76341 0.763765 0.764254 0.764943 0.782568 0.784038 0.7857 0.794932 0.799545 0.801649 0.803792 0.80594 -9999 -9999 -9999 -9999 -9999 -9999 -9999 0.825627 0.829241 0.833313 0.837864 0.842892 0.848404 -9999 -9999 -9999 -9999 -9999 -9999 -9999 -9999 -9999 -9999 -9999 -9999 -9999 -9999 -9999 -9999 -9999 -9999 -9999 0.982852 0.988583 -9999 -9999 -9999 -9999
-9999 -9999 -9999 0.734777 0.737214 0.740005 0.743097 0.746443 0.744003 0.748006 0.751938 0.755686 0.759132 0.762172 0.764715 0.766733 0.768201 0.769159 0.769671 0.769862 0.769858 0.769786 0.769769 0.769926 0.770323 0.786972 0.788322 0.789917 0.791718 0.803056 0.805084 0.807132 0.809168 -9999 -9999 -9999 -9999 -9999 -9999 0.824398 0.827463 0.830996 0.835076 0.839677 0.844837 0.850544 0.876031 -9999 -9999 -9999 -9999 -9999 -9999 -9999 -9999 -9999 -9999 -9999 -9999 -9999 -9999 0.96487 0.96894 0.973457 0.978431 0.983893 0.989843 -9999 -9999 -9999 -9999
-9999 -9999 -9999 0.738959 0.741623 0.744683 0.74809 0.751787 0.750621 0.754383 0.758712 0.762822 0.766571 0.769834 0.772517 0.774551 0.775939 0.776687 0.776925 0.776773 0.77639 0.775919 0.775537 0.775346 0.790123 0.79105 0.792301 0.793842 0.795627 0.799917 0.808199 0.810105 0.811996 -9999 -9999 -9999 -9999 -9999 -9999 0.825827 0.828775 0.832253 0.836339 0.841082 0.846428 0.870135 0.877345 0.884803 0.892349 0.899839 0.911007 0.925442 0.931476 0.936898 0.941684 -9999 -9999 -9999 -9999 0.959135 0.962323 0.965793 0.969691 0.974151 0.979181 0.984816 1.00154 -9999 -9999 -9999 -9999
-9999 -9999 -9999 0.742596 0.745541 0.748918 0.752682 0.756746 0.756411 0.760469 0.771228 0.775201 0.778786 0.781873 0.784378 0.786253 0.787486 0.788134 0.788296 0.788116 0.787728 0.787236 0.780966 0.787425 0.793987 0.794789 0.795953 0.797444 0.799204 0.803443 0.810961 0.812738 0.816719 -9999 -9999 -9999 0.822467 0.824119 0.826079 0.82844 0.831298 0.834759 0.837176 0.842047 0.854326 0.870675 0.878423 0.886453 0.894565 0.902571 0.91033 0.928117 0.934334 0.939821 0.947092 0.95088 0.954139 0.957018 0.959696 0.962364 0.965218 0.968434 0.972163 0.974676 0.979748 0.985546 1.02564 -9999 -9999 -9999 -9999
-9999 -9999 -9999 0.753179 0.75648 0.760056 0.764054 0.768266 0.77254 0.773592 0.776945 0.781179 0.784977 0.788195 0.790757 0.792603 0.793735 0.79421 0.794155 0.793708 0.79303 0.792276 0.797772 0.797526 0.80331 0.80412 0.799282 0.80392 0.805573 0.807337 0.811248 0.817378 0.818712 -9999 -9999 0.822187 0.823365 0.824758 0.826501 0.828723 0.831539 0.835025 0.839281 0.844301 0.855906 0.871695 0.879725 0.887953 0.896682 0.910009 0.91787 0.928697 0.940305 0.945456 0.949791 0.953374 0.95634 0.95886 0.96115 0.963444 0.965965 0.968927 0.972501 0.976825 0.981921 0.995891 1.02486 -9999 -9999 -9999 -9999
-9999 -9999 -9999 0.76215 0.766102 0.770133 0.774206 0.77826 0.776902 0.778572 0.783414 0.78666 0.790625 0.793957 0.796545 0.798352 0.799375 0.799682 0.799413 0.798719 0.797794 0.796798 0.801415 0.801058 0.808983 0.809912 0.811004 0.812214 0.813491 0.810147 0.813903 0.815401 0.82037 0.821328 -9999 0.823001 0.823914 0.825047 0.826573 0.828652 0.831431 0.834965 0.839367 0.849347 0.855968 0.871842 0.885768 0.894586 0.903353 0.911872 0.920956 0.932006 0.938597 0.948263 0.952485 0.955846 0.958495 0.960636 0.962518 0.964415 0.966593 0.969293 0.972708 0.976981 0.988797 0.995503 1.02388 -9999 -9999 -9999 -9999
-9999 -9999 0.758892 0.764512 0.768867 0.773253 0.777614 0.781902 0.786064 0.787707 0.78805 0.79262 0.795618 0.799018 0.801613 0.803362 0.804272 0.804433 0.803972 0.803077 0.801963 0.80518 0.806734 0.806692 0.811714 0.812646 0.813692 0.814852 0.816069 0.817279 0.820365 0.817621 0.81886 0.822493 0.823043 0.823559 0.824193 0.825091 0.826424 0.828383 0.83112 0.834738 0.842829 0.848924 0.86135 0.87721 0.88653 0.895968 0.905311 0.914371 0.922952 0.933938 0.941983 0.947681 0.955098 0.958226 0.960554 0.962316 0.963796 0.965306 0.967149 0.969594 0.972858 0.982109 0.988124 1.00059 1.02789 -9999 -9999 -9999 -9999
-9999 -9999 -9999 0.766769 0.771515 0.776218 0.780821 0.785279 0.789544 0.791451 0.795656 0.79941 0.800654 0.803252 0.805825 0.807496 0.808316 0.808361 0.807778 0.80675 0.809861 0.809608 0.809434 0.809419 0.814192 0.815144 0.816204 0.817324 0.818473 0.819573 0.8224 0.822919 0.823263 0.821547 0.823769 0.824013 0.824371 0.825052 0.826252 0.828141 0.830846 0.836901 0.846173 0.853334 0.861391 0.877469 0.887373 0.897354 0.907213 0.916736 0.925752 0.936896 0.943873 0.949729 0.95536 0.960439 0.962465 0.963878 0.964994 0.966156 0.9677 0.969922 0.976454 0.985402 0.992366 1.00036 1.02732 -9999 -9999 -9999 -9999
-9999 -9999 -9999 -9999 -9999 0.779078 0.783848 0.788403 0.792696 0.794728 0.798848 0.802489 0.805582 0.808079 0.809078 0.810686 0.811434 0.811433 0.811216 0.812292 0.812086 0.811896 0.81182 0.815622 0.816506 0.817514 0.818601 0.819693 0.820743 0.821716 0.824278 0.824566 0.824675 0.824631 0.824505 0.824476 0.824623 0.825142 0.826242 0.828074 0.834078 0.839292 0.845731 0.853268 0.861734 0.878014 0.888392 0.898805 0.909067 0.918955 0.928252 0.93954 0.946628 0.952531 0.957193 0.960664 0.964185 0.965312 0.966135 0.967023 0.968335 0.974214 0.97892 0.984921 0.99213 1.00046 1.0272 -9999 -9999 -9999 -9999
-9999 -9999 -9999 -9999 -9999 0.781936 0.786785 0.791338 0.795551 0.797574 0.801527 0.804981 0.807876 0.81019 0.811919 0.812922 0.813635 0.814094 0.814175 0.814111 0.814011 0.813949 0.814001 0.817762 0.818763 0.819832 0.820937 0.821997 0.822956 0.823797 0.82615 0.826205 0.826084 0.825785 0.82545 0.825201 0.825182 0.825584 0.826951 0.829881 0.833922 0.839309 0.845988 0.853803 0.862547 0.878985 0.889681 0.900373 0.910881 0.920979 0.930438 0.941778 0.948911 0.954796 0.959396 0.962753 0.964997 0.966621 0.967254 0.967971 0.970785 0.974185 0.978954 0.985087 0.992485 1.00103 1.02766 -9999 -9999 -9999 -9999
-9999 -9999 -9999 -9999 -9999 -9999 0.789694 0.794144 0.798198 0.800069 0.803785 0.806979 0.809634 0.811741 0.813305 0.814378 0.815047 0.815418 0.815591 0.815666 0.815713 0.815813 0.816009 0.819896 0.821012 0.822172 0.823295 0.824305 0.825179 0.825892 0.828087 0.82796 0.827595 0.827109 0.826609 0.826242 0.826175 0.826562 0.82794 0.830678 0.8348 0.840308 0.847128 0.855079 0.86397 0.880489 0.891284 0.90209 0.912659 0.9228 0.932269 0.943577 0.950666 0.956486 0.961009 0.96428 0.966437 0.967707 0.968401 0.969456 0.971583 0.975008 0.979834 0.986051 0.993552 1.00217 1.02875 1.04118 -9999 -9999 -9999
-9999 -9999 -9999 -9999 -9999 -9999 0.792655 0.796934 0.800756 0.802349 0.80575 0.808645 0.811031 0.812921 0.814564 0.815771 0.816325 0.81703 0.816832 0.817083 0.817362 0.817637 0.817985 0.822069 0.82335 0.824561 0.825686 0.826658 0.827459 0.828055 0.830195 0.829916 0.829401 0.828795 0.828208 0.827786 0.828199 0.828459 0.829877 0.832655 0.836832 0.842399 0.849236 0.8572 0.866075 0.882571 0.893284 0.903982 0.914425 0.92443 0.933747 0.944952 0.951911 0.957621 0.962053 0.965273 0.967414 0.969299 0.969797 0.970731 0.973287 0.976772 0.981645 0.987891 0.995399 1.004 1.03063 1.04297 1.05512 1.06671 -9999
-9999 -9999 -9999 -9999 -9999 -9999 -9999 0.79979 0.803316 0.804535 0.807609 0.810182 0.812291 0.816313 0.816795 0.81729 0.817883 0.818658 0.819636 0.818561 0.818981 0.819456 0.820006 0.824356 0.825715 0.826973 0.828092 0.82903 0.82979 0.830314 0.832462 0.832104 0.831573 0.830941 0.831549 0.831866 0.831209 0.831547 0.833073 0.835876 0.84004 0.845569 0.852321 0.860139 0.868826 0.885249 0.895655 0.906059 0.916202 0.925894 0.934932 0.94597 0.952726 0.95828 0.962628 0.965831 0.970341 0.970957 0.971639 0.972757 0.974634 0.979474 0.984379 0.990595 0.998016 1.00647 1.03329 1.04532 1.05718 1.06852 1.07902
-9999 -9999 -9999 -9999 -9999 -9999 -9999 0.802806 0.806017 0.806825 0.809542 0.815747 0.817773 0.818292 0.818731 0.819221 0.81986 0.820697 0.821776 0.823058 0.822015 0.821452 0.822177 0.822944 0.828246 0.8295 0.830633 0.831559 0.83229 0.832767 0.834998 0.834625 0.8341 0.835693 0.837045 0.835802 0.835315 0.835792 0.83741 0.840262 0.844367 0.847674 0.856275 0.863856 0.872208 0.888447 0.89841 0.908347 0.91804 0.927293 0.935922 0.946748 0.953234 0.95862 0.965946 0.970919 0.972083 0.972971 0.973938 0.975327 0.977436 0.980493 0.985931 0.994073 1.00132 1.00952 1.03663 1.04818 1.05957 1.07048 1.08063
-9999 -9999 -9999 -9999 -9999 -9999 -9999 0.806137 0.809002 0.815355 0.816961 0.819649 0.820306 0.820776 0.821209 0.82171 0.822387 0.823282 0.824417 0.825769 0.827249 0.825485 0.826629 0.825467 0.830953 0.832237 0.833365 0.834289 0.834974 0.83542 0.837842 0.841359 0.84024 0.842946 0.841559 0.840593 0.840355 0.841031 0.842726 0.845603 0.84964 0.854799 0.858369 0.865297 0.87611 0.892109 0.90151 0.91086 0.919984 0.928701 0.936843 0.947438 0.958633 0.963099 0.970642 0.972649 0.974119 0.975353 0.976673 0.978389 0.980769 0.984015 0.988251 0.995558 1.00225 1.01305 1.04051 1.05147 1.06228 1.07267 1.08235
-9999 -9999 -9999 -9999 -9999 -9999 -9999 0.816909 0.816649 0.818561 0.821923 0.8228 0.82341 0.823862 0.824302 0.824837 0.825554 0.826496 0.827664 0.829037 0.830532 0.832021 0.829509 0.83071 0.836708 0.835241 0.836338 0.837231 0.843262 0.843325 0.845743 0.844887 0.849051 0.847777 0.846734 0.846075 0.846102 0.846972 0.848784 0.851656 0.855603 0.860546 0.866379 0.870015 0.877365 0.893496 0.90486 0.913574 0.922067 0.936214 0.943664 0.953985 0.959338 0.969414 0.972384 0.97466 0.976473 0.978092 0.9798 0.981867 0.984529 0.987959 0.992265 0.997489 1.00647 1.01379 1.04246 1.05509 1.06527 1.07507 1.08427
-9999 -9999 -9999 -9999 -9999 -9999 -9999 0.82674 0.820606 0.822321 0.825726 0.826546 0.827136 0.827604 0.828074 0.828648 0.82939 0.830343 0.831511 0.832845 0.834301 0.835802 0.837174 0.833993 0.840133 0.847699 0.848874 0.849664 0.850055 0.850023 0.84949 0.854952 0.853995 0.853067 0.852369 0.852054 0.852356 0.853408 0.855324 0.858187 0.861991 0.866675 0.87212 0.878283 0.881909 0.897821 0.911675 0.920277 0.928623 0.937908 0.94489 0.955092 0.967395 0.971288 0.974434 0.976988 0.979155 0.981164 0.98326 0.985674 0.988606 0.992203 0.996557 1.0017 1.00762 1.01795 1.04713 1.05695 1.07041 1.08025 1.0904
-9999 -9999 -9999 -9999 -9999 -9999 -9999 -9999 0.831008 0.834577 0.83542 0.835936 0.83625 0.836501 0.836822 0.837319 0.838067 0.839099 0.840411 0.841947 0.843635 0.845356 0.846979 0.843651 0.850034 0.851458 0.85254 0.853296 0.853732 0.85781 0.864263 0.863436 0.862545 0.861732 0.861174 0.858345 0.858906 0.860135 0.862131 0.864968 0.871729 0.876453 0.881916 0.888038 0.891417 0.907615 0.91556 0.923474 0.93117 0.938503 0.949907 0.964576 0.969413 0.973497 0.976907 0.97965 0.982155 0.984536 0.986996 0.98973 0.992903 0.996641 1.00177 1.00703 1.01298 1.02405 1.05491 1.06447 1.07398 1.0832 1.09191
-9999 -9999 -9999 -9999 -9999 -9999 -9999 -9999 0.838644 0.839885 0.840731 0.841323 0.841732 0.84208 0.842489 0.843044 0.843799 0.844781 0.84598 0.847365 0.848852 0.850357 0.851779 0.85304 0.854253 0.855533 0.856514 0.857236 0.857684 0.869729 0.869425 0.868908 0.868352 0.867916 0.867729 0.867965 0.868691 0.870089 0.872221 0.875104 0.878759 0.883156 0.888177 0.893786 0.899817 0.912287 0.919582 0.926857 0.933942 0.94074 0.951954 0.967216 0.971984 0.976128 0.979706 0.982862 0.985744 0.988523 0.991376 0.994473 0.997958 1.00194 1.00649 1.01163 1.01735 1.02359 1.03562 1.06888 1.07774 1.08637 1.09459
-9999 -9999 -9999 -9999 -9999 -9999 -9999 -9999 0.844536 0.845748 0.846622 0.847263 0.847785 0.848228 0.848705 0.8493 0.850043 0.850956 0.852022 0.853231 0.854506 0.855774 0.856973 0.858006 0.858834 0.859897 0.860784 0.861455 0.86191 0.874794 0.874684 0.874457 0.874237 0.874136 0.874273 0.874766 0.875719 0.877236 0.879366 0.882164 0.885627 0.889697 0.894316 0.899462 0.904968 0.910753 0.923679 0.930372 0.936936 0.943272 0.964931 0.970192 0.974912 0.97911 0.982858 0.986254 0.989421 0.992503 0.995646 0.998987 1.00264 1.00671 1.01124 1.01625 1.02174 1.02767 1.03398 1.0733 1.08157 1.08968 1.09748
-9999 -9999 -9999 -9999 -9999 -9999 -9999 -9999 0.850922 0.852105 0.853016 0.853741 0.854352 0.854882 0.855416 0.856028 0.856741 0.857557 0.85848 0.859486 0.860524 0.86154 0.862468 0.863287 0.863891 0.864562 0.865326 0.865917 0.879789 0.87999 0.880048 0.880059 0.880111 0.880278 0.880681 0.881404 0.882546 0.884152 0.886269 0.888951 0.892194 0.895985 0.900249 0.904955 0.910007 0.915323 0.927789 0.934009 0.940139 0.957023 0.96834 0.973482 0.978177 0.982443 0.986339 0.98994 0.993348 0.996682 1.00006 1.00359 1.00737 1.01148 1.01597 1.02086 1.02614 1.03178 1.03774 1.07771 1.08547 1.09311 1.12973
-9999 -9999 -9999 -9999 -9999 -9999 -9999 -9999 0.857751 0.858913 0.85987 0.860682 0.861387 0.861982 0.862566 0.863186 0.863847 0.864558 0.865331 0.866101 0.86687 0.867613 0.868288 0.868856 0.869251 0.874275 0.870107 0.8706 0.884988 0.885253 0.885446 0.885624 0.885869 0.88625 0.886858 0.887761 0.889042 0.890733 0.892819 0.895376 0.898429 0.901953 0.905922 0.910265 0.914932 0.91986 0.93409 0.937749 0.943523 0.966583 0.971997 0.977052 0.981741 0.986088 0.990114 0.993883 0.997487 1.00102 1.00458 1.00825 1.01211 1.01623 1.02066 1.02542 1.03051 1.03592 1.04159 1.07383 1.08936 1.09664 1.14908
-9999 -9999 -9999 -9999 -9999 -9999 -9999 -9999 0.864934 0.866108 0.867117 0.868014 0.868789 0.869468 0.870106 0.870718 0.871317 0.871906 0.872486 0.873034 0.873545 0.874002 0.874387 0.874677 0.874849 0.874876 0.875092 0.883614 0.890192 0.890481 0.890741 0.891037 0.891414 0.891955 0.892718 0.893743 0.895082 0.896793 0.898895 0.901372 0.904249 0.907567 0.911278 0.91532 0.919683 0.924306 0.929104 0.941523 0.95876 0.970521 0.975834 0.98085 0.985552 0.98997 0.994119 0.998035 1.0018 1.00548 1.00917 1.01292 1.01682 1.02093 1.02529 1.02993 1.03486 1.04006 1.0455 1.05111 1.09319 1.13135 1.15405
-9999 -9999 -9999 -9999 -9999 -9999 -9999 -9999 0.872385 0.873575 0.874656 0.875631 0.8765 0.877273 0.877975 0.878578 0.879112 0.879559 0.879938 0.880245 0.880471 0.880621 0.880706 0.880699 0.880615 0.880411 0.88474 0.895065 0.895315 0.895601 0.895869 0.896217 0.896688 0.897333 0.89821 0.899296 0.900674 0.902372 0.904417 0.906833 0.909591 0.912746 0.916244 0.920071 0.924212 0.928615 0.933217 0.947025 0.962718 0.974496 0.979779 0.984811 0.989574 0.994068 0.998326 1.00237 1.00625 1.01004 1.0138 1.01759 1.02149 1.02556 1.02983 1.03436 1.03915 1.04419 1.04946 1.05491 1.08775 1.13597 1.15869
