Test_Spring_2018/02_18/Prec/20180228_012.txt
ncols	170
nrows	115
xllcorner	350000.000000
yllcorner	4445000.000000
cellsize	1000.000000
nodata_value	-9999.000000
[rows 34 to 67 of 115, columns 76 to 151 of 170]
0.352495 0.327424 0.32199 0.317986 0.312846 0.308061 0.30314 0.298728 0.294402 0.289902 0.285181 0.280372 0.274142 0.274419 0.274311 0.272355 0.270388 0.267685 0.263994 0.263604 0.261727 0.243983 0.219918 0.216734 0.214492 -9999 -9999 -9999 -9999 -9999 -9999 -9999 -9999 -9999 -9999 -9999 -9999 -9999 -9999 -9999 -9999 -9999 -9999 -9999 -9999 -9999 -9999 -9999 -9999 -9999 -9999 -9999 -9999 -9999 -9999 -9999 -9999 -9999 -9999 -9999 -9999 -9999 -9999 -9999 -9999 -9999 -9999 -9999 -9999 -9999 -9999 -9999 -9999 -9999 -9999 -9999
0.356919 0.334577 0.32061 0.315378 0.310455 0.305433 0.300274 0.294388 0.290432 0.287069 0.282952 0.277843 0.273033 0.270354 0.271393 0.270496 0.26867 0.267674 0.264477 0.263505 0.261456 0.24998 0.231845 0.217891 0.215468 0.212137 -9999 -9999 -9999 -9999 -9999 -9999 -9999 -9999 -9999 -9999 -9999 -9999 -9999 -9999 -9999 -9999 -9999 -9999 -9999 -9999 -9999 -9999 -9999 -9999 -9999 -9999 -9999 -9999 -9999 -9999 -9999 -9999 -9999 -9999 -9999 -9999 -9999 -9999 -9999 -9999 -9999 -9999 -9999 -9999 -9999 -9999 -9999 -9999 -9999 -9999
0.343263 0.332354 0.318448 0.312965 0.307793 0.302444 0.296407 0.291459 0.287537 0.283354 0.279025 0.275638 0.271886 0.26836 0.26737 0.268341 0.265843 0.266195 0.264632 0.263476 0.260762 0.239016 0.230199 0.216856 0.214661 0.211807 -9999 -9999 -9999 -9999 -9999 -9999 -9999 -9999 -9999 -9999 -9999 -9999 -9999 -9999 -9999 -9999 -9999 -9999 -9999 -9999 -9999 -9999 -9999 -9999 -9999 -9999 -9999 -9999 -9999 -9999 -9999 -9999 -9999 -9999 -9999 -9999 -9999 -9999 -9999 -9999 -9999 -9999 -9999 -9999 -9999 -9999 -9999 -9999 -9999 -9999
0.341606 0.336081 0.316214 0.310028 0.304713 0.298994 0.293342 0.288361 0.283811 0.279689 0.275705 0.272117 0.26862 0.266851 0.267057 0.265884 0.264449 0.263611 0.263272 0.261824 0.250412 0.236674 0.233354 0.214658 0.212012 0.210957 0.20876 -9999 -9999 -9999 -9999 -9999 -9999 -9999 -9999 -9999 -9999 -9999 -9999 0.186839 -9999 -9999 -9999 -9999 -9999 -9999 -9999 -9999 -9999 -9999 -9999 -9999 -9999 -9999 -9999 -9999 -9999 -9999 -9999 -9999 0 -9999 -9999 -9999 -9999 -9999 -9999 -9999 -9999 -9999 -9999 -9999 -9999 -9999 -9999 -9999
0.341434 0.334575 0.322196 0.307159 0.301405 0.295202 0.289269 0.283954 0.278881 0.275107 0.271596 0.268027 0.265993 0.265156 0.264352 0.263776 0.263184 0.262286 0.261116 0.259717 0.240793 0.237849 0.235294 0.226961 0.21471 0.212161 0.20888 0.206103 -9999 -9999 -9999 -9999 -9999 -9999 -9999 0.198318 0.195597 0.192614 0.189688 0.187241 0.182293 -9999 -9999 -9999 -9999 -9999 -9999 -9999 -9999 -9999 -9999 -9999 -9999 -9999 -9999 -9999 -9999 -9999 -9999 -9999 0 0 -9999 -9999 -9999 -9999 -9999 -9999 -9999 -9999 -9999 -9999 -9999 -9999 -9999 -9999
0.340478 0.332765 0.324662 0.304571 0.297512 0.29105 0.284914 0.279214 0.274123 0.270466 0.266764 0.264172 0.262335 0.262013 0.261493 0.260774 0.260068 0.25937 0.257983 0.257184 0.240107 0.237798 0.234792 0.231668 0.215676 0.211707 0.207834 0.204568 -9999 -9999 -9999 -9999 -9999 -9999 0.201759 0.200575 0.198508 0.19388 0.191436 0.188431 0.183705 0.164823 -9999 -9999 -9999 -9999 -9999 -9999 -9999 -9999 -9999 -9999 -9999 -9999 -9999 -9999 0.106435 0.103202 0 0 0 0 -9999 -9999 -9999 -9999 -9999 -9999 -9999 -9999 -9999 -9999 -9999 -9999 -9999 -9999
0.339851 0.330965 0.321468 0.304793 0.293772 0.286525 0.279912 0.274157 0.269333 0.264867 0.261754 0.25871 0.258552 0.257883 0.257397 0.256359 0.255991 0.254204 0.253255 0.238043 0.238445 0.236028 0.23225 0.227793 0.213994 0.21014 0.208234 0.205404 -9999 -9999 -9999 -9999 -9999 -9999 0.203385 0.202252 0.200407 0.197161 0.191795 0.189291 0.172412 0.165388 0.158992 0.153645 0.147865 0.137808 0.131153 0.126387 0.121317 0.117831 -9999 -9999 -9999 -9999 0.106186 0.105012 0.103919 0.101975 0 0 0 0 -9999 -9999 -9999 -9999 -9999 -9999 -9999 -9999 -9999 -9999 -9999 -9999 -9999 -9999
0.338924 0.328295 0.318367 0.300867 0.28956 0.279976 0.273131 0.267326 0.262578 0.258682 0.255494 0.253935 0.253033 0.252471 0.250672 0.248772 0.250285 0.250235 0.240358 0.236112 0.236456 0.233987 0.22978 0.22501 0.214096 0.210928 0.208742 0.204169 -9999 -9999 -9999 0.204271 0.205052 0.203865 0.20255 0.201779 0.200031 0.198915 0.195291 0.186343 0.17312 0.165484 0.157491 0.150977 0.14619 0.139975 0.128881 0.12369 0.118317 0.113507 0.110669 0.108206 0.106118 0.104364 0.10312 0.102215 0.101293 0 0 0 0 0 -9999 -9999 -9999 -9999 -9999 -9999 -9999 -9999 -9999 -9999 -9999 -9999 -9999 -9999
0.335931 0.322921 0.311838 0.301638 0.284954 0.275292 0.26805 0.261281 0.25686 0.253097 0.250499 0.248882 0.248093 0.246619 0.244982 0.243581 0.243469 0.238676 0.237227 0.232306 0.232821 0.231655 0.225619 0.221338 0.219594 0.21081 0.205787 0.203061 -9999 -9999 0.202969 0.205877 0.207457 0.207446 0.206039 0.203651 0.202071 0.198365 0.195485 0.186389 0.171859 0.165153 0.157301 0.1502 0.141123 0.134293 0.125499 0.119623 0.114828 0.110566 0.107426 0.104761 0.102752 0.101328 0.100139 0 0 0 0 0 0 0 -9999 -9999 -9999 -9999 -9999 -9999 -9999 -9999 -9999 -9999 -9999 -9999 -9999 -9999
0.331821 0.32012 0.309072 0.297785 0.28008 0.27162 0.262992 0.256053 0.250614 0.247466 0.245048 0.24382 0.243576 0.242656 0.242004 0.240653 0.240362 0.235146 0.234996 0.226031 0.225859 0.224593 0.223129 0.222221 0.22027 0.211128 0.209431 0.204863 0.203498 -9999 0.204692 0.206049 0.208277 0.20955 0.20931 0.206301 0.204778 0.201021 0.194383 0.1878 0.173828 0.162723 0.154954 0.147015 0.14052 0.133144 0.123377 0.117432 0.11178 0.107444 0.103989 0.101339 0 0 0 0 0 0 0 0 0 0 -9999 -9999 -9999 -9999 -9999 -9999 -9999 -9999 -9999 -9999 -9999 -9999 -9999 -9999
0.331275 0.318887 0.306632 0.294705 0.277543 0.267278 0.258894 0.251419 0.244979 0.241337 0.239301 0.239065 0.23926 0.240215 0.24086 0.239368 0.235762 0.232977 0.231231 0.225444 0.225117 0.225935 0.224719 0.222327 0.21983 0.211207 0.209963 0.208391 0.204062 0.204927 0.20693 0.208238 0.209786 0.211715 0.212043 0.210418 0.207341 0.201723 0.196489 0.185983 0.172473 0.163972 0.155005 0.146519 0.138242 0.130946 0.121075 0.114554 0.109204 0.104346 0.100824 0 0 0 0 0 0 0 0 0 0 0 -9999 -9999 -9999 -9999 -9999 -9999 -9999 -9999 -9999 -9999 -9999 -9999 -9999 -9999
0.329147 0.315871 0.303074 0.290814 0.273938 0.263794 0.255398 0.247373 0.240746 0.235872 0.23476 0.234498 0.235465 0.236942 0.238854 0.23395 0.233653 0.233436 0.231933 0.228183 0.228175 0.227269 0.22573 0.222003 0.218335 0.209064 0.206548 0.206861 0.205888 0.206576 0.208307 0.21136 0.213111 0.213059 0.211967 0.212315 0.208236 0.201081 0.195466 0.187262 0.173942 0.16442 0.155704 0.146674 0.13786 0.127235 0.118613 0.111751 0.107074 0.101829 0 0 0 0 0 0 0 0 0 0 0 0 -9999 -9999 -9999 -9999 -9999 -9999 -9999 -9999 -9999 -9999 -9999 -9999 -9999 -9999
0.327966 0.314286 0.30067 0.287747 0.271245 0.261045 0.252163 0.244678 0.238503 0.233175 0.230874 0.230603 0.230277 0.232499 0.233948 0.235387 0.236587 0.235165 0.230728 0.231572 0.230488 0.227666 0.225111 0.222542 0.218491 0.21035 0.207589 0.205836 0.206524 0.209971 0.212521 0.215799 0.217007 0.215595 0.21472 0.211595 0.208695 0.203806 0.196916 0.188266 0.174784 0.164383 0.156142 0.146838 0.137064 0.127711 0.116909 0.110362 0.104389 0.10036 0 0 0 0 0 0 0 0 0 0 0 0 -9999 -9999 -9999 -9999 -9999 -9999 -9999 -9999 -9999 -9999 -9999 -9999 -9999 -9999
0.326255 0.312082 0.298593 0.286728 0.26957 0.259192 0.249918 0.242526 0.236469 0.2316 0.228475 0.227133 0.226324 0.228208 0.231588 0.234259 0.235806 0.234743 0.232881 0.232063 0.230517 0.227124 0.224253 0.222216 0.218333 0.210166 0.208594 0.20645 0.208628 0.21097 0.213586 0.217038 0.219143 0.219061 0.216126 0.213635 0.210837 0.204965 0.196988 0.189213 0.175064 0.163926 0.155911 0.146704 0.136834 0.127817 0.116556 0.109449 0.103597 0 0 0 0 0 0 0 0 0 0 0 0 0 -9999 -9999 -9999 -9999 -9999 -9999 -9999 -9999 -9999 -9999 -9999 -9999 -9999 -9999
-9999 0.310119 0.297538 0.286284 0.268822 0.258056 0.249353 0.241886 0.235718 0.231483 0.228227 0.226116 0.223412 0.22541 0.228621 0.232661 0.235366 0.236284 0.232533 0.230835 0.227023 0.223383 0.222007 0.220513 0.21745 0.209951 0.208218 0.210437 0.212943 0.215622 0.217398 0.217781 0.219586 0.220093 0.217346 0.215009 0.211561 0.204977 0.197568 0.189309 0.174982 0.165302 0.155586 0.146777 0.136563 0.127804 0.116681 0.109296 0.10322 0 0 0 0 0 0 0 0 0 0 0 0 0 0 -9999 -9999 -9999 -9999 -9999 -9999 -9999 -9999 -9999 -9999 -9999 -9999 -9999
-9999 0.308114 0.295019 0.284515 0.267533 0.258347 0.25004 0.24274 0.236364 0.231914 0.227849 0.226896 0.224435 0.223931 0.226429 0.227369 0.232078 0.236113 0.232266 0.225594 0.222587 0.22003 0.219389 0.218353 0.216838 0.207941 0.207684 0.211466 0.214321 0.216786 0.218768 0.219272 0.21939 0.220723 0.218688 0.215903 0.210966 0.205055 0.196921 0.188319 0.175353 0.165122 0.15532 0.146662 0.136269 0.12812 0.116988 0.109491 0.10329 0 0 0 0 0 0 0 0 0 0 0 0 0 0 0 0 -9999 -9999 -9999 -9999 -9999 -9999 -9999 -9999 -9999 -9999 -9999
-9999 -9999 0.292587 0.283761 0.268034 0.258981 0.251719 0.244832 0.236667 0.232985 0.229492 0.227337 0.225006 0.222889 0.221828 0.227887 0.233185 0.236192 0.232415 0.226682 0.223819 0.222728 0.222858 0.220809 0.219124 0.210795 0.21066 0.210461 0.212053 0.214379 0.21626 0.218664 0.219847 0.219004 0.217683 0.214169 0.209484 0.203751 0.196749 0.188924 0.174441 0.165923 0.155914 0.146914 0.13759 0.12868 0.117698 0.110099 0.104545 0.100049 0 0 0 0 0 0 0 0 0 0 0 0 0 0 0 0 -9999 -9999 -9999 -9999 -9999 -9999 -9999 -9999 -9999 -9999
-9999 -9999 0.291165 0.283082 0.267859 0.260893 0.250526 0.243735 0.239447 0.235914 0.232771 0.229919 0.228226 0.225436 0.222822 0.227968 0.233179 0.236185 0.236566 0.22739 0.227678 0.225664 0.224962 0.222137 0.220471 0.213677 0.21292 0.212245 0.210433 0.209135 0.213952 0.216464 0.217855 0.217518 0.215817 0.212802 0.208108 0.201294 0.193084 0.186924 0.173687 0.164759 0.155698 0.146764 0.137989 0.129571 0.118962 0.112282 0.106162 0.100001 0 0 0 0 0 0 0 0 0 0 0 0 0 0 0 0 0 0 0 -9999 -9999 -9999 -9999 -9999 -9999 -9999
-9999 -9999 0.286339 0.280955 0.264127 0.258237 0.251048 0.246252 0.242367 0.238615 0.236151 0.233683 0.232015 0.230048 0.227235 0.225821 0.228848 0.234752 0.236596 0.231194 0.230064 0.227842 0.225704 0.224499 0.22362 0.215773 0.212446 0.211117 0.20887 0.209293 0.212903 0.21367 0.213171 0.214973 0.212841 0.209512 0.204201 0.197215 0.19122 0.182468 0.170219 0.161041 0.153562 0.146021 0.138221 0.130476 0.120206 0.110958 0.105891 0.100343 0 0 0 0 0 0 0 0 0 0 0 0 0 0 0 0 0 0 0 0 -9999 -9999 -9999 -9999 -9999 -9999
-9999 -9999 0.28271 0.269678 0.265047 0.256785 0.252991 0.248498 0.245356 0.242285 0.239662 0.237157 0.234948 0.233004 0.230273 0.228386 0.231208 0.233261 0.235743 0.230843 0.229635 0.228404 0.226978 0.223233 0.222086 0.214577 0.213881 0.209073 0.208848 0.20797 0.211569 0.21203 0.211044 0.211253 0.209012 0.20366 0.197927 0.192865 0.187292 0.179718 0.166647 0.157962 0.15098 0.14525 0.134063 0.12702 0.117968 0.11253 0.10556 0.101958 0 0 0 0 0 0 0 0 0 0 0 0 0 0 0 0 0 0 0 0 0 -9999 -9999 -9999 -9999 -9999
-9999 -9999 0.283604 0.269392 0.26513 0.258123 0.254939 0.251217 0.248172 0.245275 0.242425 0.24037 0.238478 0.236393 0.235063 0.233002 0.230198 0.234489 0.233453 0.228377 0.224967 0.224928 0.223636 0.221908 0.212391 0.213157 0.209198 0.208108 0.208178 0.207765 0.209697 0.209539 0.208765 0.207262 0.203164 0.197517 0.191611 0.188619 0.183092 0.176479 0.161793 0.153773 0.147612 0.140583 0.13325 0.125966 0.118626 0.110748 0.106766 0.103408 0.100675 0 0 0 0 0 0 0 0 0 0 0 0 0 0 0 0 0 0 0 0 0 -9999 -9999 -9999 -9999
-9999 -9999 -9999 0.267848 0.260432 0.258335 0.255264 0.252209 0.249247 0.246341 0.243741 0.241659 0.239827 0.237786 0.235637 0.23271 0.230392 0.230873 0.229041 0.222208 0.2217 0.222916 0.222475 0.21999 0.206841 0.203867 0.206114 0.206388 0.206536 0.206551 0.206814 0.206153 0.20473 0.201884 0.195637 0.191131 0.185814 0.181584 0.175728 0.169991 0.156744 0.151762 0.145678 0.139189 0.130933 0.120972 0.113573 0.109702 0.105559 0.102667 0.10203 0 0 0 0 0 0 0 0 0 0 0 0 0 0 0 0 0 0 0 0 0 0 -9999 -9999 -9999
-9999 -9999 -9999 0.262049 0.260265 0.259449 0.25603 0.253351 0.25117 0.248311 0.245406 0.243023 0.24101 0.239199 0.236436 0.23382 0.231304 0.22987 0.229275 0.219168 0.219132 0.221062 0.220309 0.218718 0.199647 0.198273 0.200909 0.203195 0.203351 0.203011 0.19994 0.199829 0.197228 0.193574 0.190773 0.18703 0.181702 0.178516 0.172565 0.168081 0.153519 0.148421 0.142733 0.137849 0.130436 0.12052 0.113096 0.109731 0.105945 0.103702 0.101284 0 0 0 0 0 0 0 0 0 0 0 0 0 0 0 0 0 0 0 0 0 0 -9999 -9999 -9999
-9999 -9999 -9999 0.262296 0.259692 0.258814 0.257426 0.253621 0.251787 0.249745 0.246722 0.244032 0.241658 0.239957 0.236786 0.233514 0.230691 0.22754 0.226763 0.227087 0.218427 0.219072 0.217968 0.216106 0.197635 0.197944 0.199419 0.200077 0.200023 0.199348 0.198121 0.196859 0.194486 0.192282 0.188555 0.183467 0.179286 0.176123 0.169437 0.165027 0.161048 0.145141 0.14118 0.136432 0.129158 0.116219 0.113451 0.110271 0.107428 0.104617 0.101992 0 0 0 0 0 0 0 0 0 0 0 0 0 0 0 0 0 0 0 0 0 0 -9999 -9999 -9999
-9999 -9999 -9999 0.262166 0.25978 0.258763 0.256781 0.253422 0.251897 0.250641 0.248069 0.245251 0.243252 0.240902 0.237831 0.234675 0.231389 0.229144 0.225612 0.226525 0.216729 0.216951 0.216233 0.196612 0.195021 0.195545 0.196148 0.196031 0.196677 0.195943 0.194643 0.191722 0.189421 0.188009 0.185445 0.182172 0.17752 0.174001 0.16914 0.164557 0.159728 0.143641 0.13946 0.134559 0.124619 0.117249 0.113987 0.110779 0.107887 0.104955 0.102453 0.100315 0 0 0 0 0 0 0 0 0 0 0 0 0 0 0 0 0 0 0 0 0 0 0 -9999
-9999 -9999 -9999 0.260624 0.258888 0.257703 0.255065 0.251738 0.251762 0.250949 0.248549 0.246076 0.243783 0.240126 0.238691 0.236826 0.233582 0.229519 0.225188 0.224023 0.217387 0.214541 0.213663 0.192496 0.190591 0.190229 0.191236 0.192073 0.192973 0.192465 0.190847 0.186761 0.182256 0.18183 0.181173 0.178684 0.175418 0.170746 0.166777 0.162571 0.157467 0.144747 0.136722 0.132709 0.119949 0.116465 0.113604 0.110866 0.107278 0.104492 0.102602 0.100614 0 0 0 0 0 0 0 0 0 0 0 0 0 0 0 0 0 0 0 0 0 0 0 0
-9999 -9999 -9999 0.258303 0.256106 0.255102 0.252614 0.25124 0.251219 0.250011 0.248332 0.246186 0.243977 0.241327 0.239141 0.236509 0.233071 0.228947 0.224527 0.221093 0.220467 0.211267 0.203929 0.188801 0.186427 0.18662 0.187525 0.189441 0.19005 0.189113 0.187692 0.185708 0.181937 0.177487 0.175421 0.174387 0.170638 0.166422 0.163923 0.160339 0.155596 0.150986 0.135713 0.126065 0.118264 0.114904 0.112443 0.110784 0.107905 0.104983 0.103071 0.100675 0 0 0 0 0 0 0 0 0 0 0 0 0 0 0 0 0 0 0 0 0 0 0 0
-9999 -9999 -9999 0.255025 0.253541 0.252604 0.2518 0.251171 0.250496 0.248067 0.246894 0.244771 0.24344 0.241457 0.238923 0.236382 0.233118 0.22816 0.223711 0.218984 0.21808 0.212661 0.189199 0.186227 0.182057 0.183457 0.18519 0.186664 0.186859 0.184324 0.184138 0.182538 0.180086 0.176714 0.172271 0.170086 0.165788 0.162989 0.160966 0.158084 0.154546 0.150421 0.139155 0.125229 0.117204 0.113768 0.111406 0.109519 0.107825 0.105264 0.102937 0.10055 0 0 0 0 0 0 0 0 0 0 0 0 0 0 0 0 0 0 0 0 0 0 0 0
-9999 -9999 -9999 -9999 0.25168 0.251043 0.249911 0.247447 0.246636 0.245183 0.243725 0.241825 0.242246 0.240566 0.238312 0.235804 0.232721 0.228487 0.224979 0.220259 0.216315 0.202204 0.184672 0.18375 0.181868 0.18151 0.182921 0.184496 0.183339 0.179883 0.178661 0.177506 0.176775 0.174533 0.169285 0.165488 0.161773 0.160233 0.158523 0.155806 0.152694 0.149172 0.133137 0.119499 0.117326 0.114909 0.11186 0.109661 0.107428 0.104914 0.102543 0.100214 0 0 0 0 0 0 0 0 0 0 0 0 0 0 0 0 0 0 0 0 0 0 0 0
-9999 -9999 -9999 -9999 0.248866 0.248847 0.246355 0.243352 0.239525 0.237628 0.239684 0.238526 0.238903 0.23926 0.237385 0.234887 0.231863 0.22859 0.224427 0.219226 0.214625 0.193428 0.188476 0.184304 0.183011 0.18208 0.182147 0.180797 0.177143 0.17365 0.173115 0.172149 0.172931 0.17165 0.169339 0.16535 0.160892 0.157325 0.156145 0.153529 0.150611 0.147456 0.13756 0.123829 0.116846 0.114374 0.111785 0.109101 0.106853 0.104374 0.10198 0 0 0 0 0 0 0 0 0 0 0 0 0 0 0 0 0 0 0 0 0 0 0 0 0
-9999 -9999 -9999 -9999 -9999 -9999 -9999 -9999 -9999 0.235683 0.234489 0.235717 0.236529 0.237808 0.236136 0.233776 0.231246 0.227225 0.222876 0.220424 0.209328 0.192894 0.187718 0.182718 0.182059 0.180542 0.179193 0.176512 0.173031 0.168975 0.168545 0.169342 0.170289 0.168624 0.166971 0.164075 0.160555 0.154996 0.153991 0.151388 0.148696 0.145594 0.131315 0.122914 0.115927 0.112682 0.110486 0.108623 0.106067 0.103625 0.101314 0 0 0 0 0 0 0 0 0 0 0 0 0 0 0 0 0 0 0 0 0 0 0 0 0
-9999 -9999 -9999 -9999 -9999 -9999 -9999 -9999 -9999 0.230751 0.228505 0.233446 0.234634 0.235699 0.234554 0.232211 0.229529 0.226512 0.22315 0.219008 0.196301 0.191538 0.191868 0.180869 0.179369 0.177045 0.173642 0.171528 0.167804 0.164839 0.165686 0.166448 0.167138 0.166003 0.164221 0.162296 0.157518 0.153097 0.151167 0.148932 0.146855 0.137338 0.129712 0.126827 0.114997 0.112637 0.110162 0.107636 0.105187 0.102739 0.100485 0 0 0 0 0 0 0 0 0 0 0 0 0 0 0 0 0 0 0 0 0 0 0 0 0
-9999 -9999 -9999 -9999 -9999 -9999 -9999 -9999 -9999 -9999 0.224769 0.229245 0.231856 0.233519 0.23293 0.231019 0.228669 0.225738 0.222223 0.218908 0.197006 0.191039 0.188328 0.18195 0.175491 0.17316 0.168755 0.16557 0.163832 0.162724 0.162897 0.163903 0.164425 0.16355 0.160002 0.160032 0.157775 0.153977 0.150417 0.146976 0.14499 0.131945 0.128168 0.125241 0.118717 0.110769 0.108973 0.105999 0.104159 0.101738 0 0 0 0 0 0 0 0 0 0 0 0 0 0 0 0 0 0 0 0 0 0 0 0 0 0
-9999 -9999 -9999 -9999 -9999 -9999 -9999 -9999 -9999 -9999 0.223413 0.225308 0.229278 0.23084 0.231267 0.229753 0.227634 0.225277 0.22212 0.202969 0.196892 -9999 -9999 -9999 -9999 -9999 -9999 0.16112 0.162858 0.163488 0.162533 0.162291 0.162409 0.161439 0.158445 0.155276 0.155831 0.153497 0.150661 0.146931 0.139603 0.129939 0.126955 0.124424 0.121514 0.10946 0.106779 0.105272 0.103028 0.100617 0 0 0 0 0 0 0 0 0 0 0 0 0 0 0 0 0 0 0 0 0 0 0 0 0 0
