Test_Spring_2018/02_18/Prec/20180219_008.txt
ncols	170
nrows	115
xllcorner	350000.000000
yllcorner	4445000.000000
cellsize	1000.000000
nodata_value	-9999.000000
[rows 31 to 61 of 115, columns 70 to 139 of 170]
0.152658 0.153214 0.153005 0.151475 0.150908 0.152 0.148829 0.14825 0.144194 0.143656 0.142321 0.141648 0.140522 0.138798 0.137875 0.135073 0.126784 0.128686 0.12922 0.12657 0.12751 0.129258 0.127092 0.121341 0.11867 0.114577 0.11544 0.114008 0.110648 -9999 -9999 -9999 -9999 -9999 -9999 -9999 -9999 -9999 -9999 -9999 -9999 -9999 -9999 -9999 -9999 -9999 -9999 -9999 -9999 -9999 -9999 -9999 -9999 -9999 -9999 -9999 -9999 -9999 -9999 -9999 -9999 -9999 -9999 -9999 -9999 -9999 -9999 -9999 -9999 -9999
0.153075 0.152905 0.15214 0.150608 0.151228 0.151746 0.146879 0.145702 0.143944 0.143605 0.142594 0.140676 0.139755 0.138812 0.1381 0.135732 0.129711 0.124248 0.126643 0.126363 0.124121 0.127176 0.125037 0.12001 0.113055 0.116309 0.115033 0.110062 0.111946 -9999 -9999 -9999 -9999 -9999 -9999 -9999 -9999 -9999 -9999 -9999 -9999 -9999 -9999 -9999 -9999 -9999 -9999 -9999 -9999 -9999 -9999 -9999 -9999 -9999 -9999 -9999 -9999 -9999 -9999 -9999 -9999 -9999 -9999 -9999 -9999 -9999 -9999 -9999 -9999 -9999
0.151517 0.152184 0.151011 0.149941 0.151178 0.150449 0.149287 0.146074 0.143604 0.143508 0.142906 0.141877 0.140939 0.139963 0.138012 0.135353 0.13015 0.12398 0.122314 0.124818 0.12461 0.124724 0.122743 0.120345 0.116787 0.119079 0.119762 0.116357 0.115539 0.113004 -9999 -9999 -9999 -9999 -9999 -9999 -9999 -9999 -9999 -9999 -9999 -9999 -9999 -9999 -9999 -9999 -9999 -9999 -9999 -9999 -9999 -9999 -9999 -9999 -9999 -9999 -9999 -9999 -9999 -9999 -9999 -9999 -9999 -9999 -9999 -9999 -9999 -9999 -9999 -9999
0.149262 0.150953 0.149552 0.146968 0.147436 0.14762 0.14789 0.141342 0.141246 0.143211 0.142749 0.142301 0.140975 0.139845 0.138197 0.135625 0.132109 0.127946 0.120952 0.124706 0.12757 0.127144 0.126624 0.124841 0.121409 0.123653 0.123434 0.122445 0.118256 0.115452 0.114194 -9999 -9999 -9999 -9999 -9999 -9999 -9999 -9999 -9999 -9999 -9999 -9999 -9999 -9999 -9999 -9999 -9999 -9999 -9999 -9999 -9999 -9999 -9999 -9999 -9999 -9999 -9999 -9999 -9999 -9999 -9999 -9999 -9999 -9999 -9999 -9999 -9999 -9999 -9999
-9999 0.149156 0.147797 0.144811 0.145297 0.146179 0.147353 0.14463 0.1418 0.14215 0.142513 0.142089 0.14074 0.137423 0.136654 0.13618 0.133761 0.129063 0.12437 0.122898 0.127449 0.128506 0.127877 0.128627 0.125668 0.126564 0.125716 0.127483 0.123077 0.119232 0.117447 0.114079 -9999 -9999 -9999 -9999 -9999 -9999 -9999 -9999 -9999 -9999 -9999 -9999 -9999 -9999 -9999 -9999 -9999 -9999 -9999 -9999 -9999 -9999 -9999 -9999 -9999 -9999 -9999 -9999 -9999 -9999 -9999 -9999 -9999 -9999 -9999 -9999 -9999 -9999
-9999 -9999 -9999 -9999 0.1424 0.143521 0.14157 0.143033 0.14118 0.141775 0.142342 0.141929 0.139574 0.138247 0.137817 0.136113 0.133373 0.131524 0.128441 0.125244 0.125987 0.129818 0.127617 0.130232 0.12964 0.129842 0.127525 0.127191 0.121868 0.119041 0.11743 0.114672 -9999 -9999 -9999 -9999 -9999 -9999 -9999 -9999 -9999 -9999 -9999 -9999 -9999 -9999 -9999 -9999 -9999 -9999 -9999 -9999 -9999 -9999 -9999 -9999 -9999 -9999 -9999 -9999 -9999 -9999 -9999 -9999 -9999 -9999 -9999 -9999 -9999 -9999
-9999 -9999 -9999 -9999 -9999 0.142809 0.140601 0.142937 0.140591 0.14086 0.141983 0.141646 0.140543 0.139624 0.138444 0.137008 0.134862 0.13253 0.12961 0.129025 0.13135 0.131038 0.130136 0.130232 0.131262 0.13056 0.130468 0.125276 0.122357 0.116597 0.114007 0.114093 0.112212 -9999 -9999 -9999 -9999 -9999 -9999 -9999 -9999 -9999 -9999 -9999 -9999 0.122476 -9999 -9999 -9999 -9999 -9999 -9999 -9999 -9999 -9999 -9999 -9999 -9999 -9999 -9999 -9999 -9999 -9999 -9999 -9999 -9999 0.157854 -9999 -9999 -9999
-9999 -9999 -9999 -9999 0.143098 0.141141 0.142006 0.143266 0.142761 0.140403 0.141747 0.141432 0.14055 0.139596 0.137878 0.137192 0.135821 0.133318 0.13253 0.133056 0.133112 0.133223 0.13316 0.132589 0.131693 0.130635 0.131788 0.12922 0.12745 0.121947 0.119393 0.116707 0.112729 0.109584 -9999 -9999 -9999 -9999 -9999 -9999 -9999 0.117167 0.117669 0.11855 0.120372 0.123835 0.123817 -9999 -9999 -9999 -9999 -9999 -9999 -9999 -9999 -9999 -9999 -9999 -9999 -9999 -9999 -9999 -9999 -9999 -9999 -9999 0.16121 0.160577 -9999 -9999
-9999 -9999 -9999 -9999 0.140106 0.141495 0.141913 0.143123 0.143567 0.140756 0.141002 0.141221 0.140787 0.139768 0.138394 0.138055 0.136289 0.135176 0.134282 0.135116 0.135003 0.134183 0.133244 0.132376 0.130549 0.130038 0.132599 0.130933 0.128254 0.125479 0.121553 0.116195 0.110926 0.106632 -9999 -9999 -9999 -9999 -9999 -9999 0.116615 0.119061 0.120936 0.119443 0.122672 0.125935 0.127201 0.133723 -9999 -9999 -9999 -9999 -9999 -9999 -9999 -9999 -9999 -9999 -9999 -9999 -9999 -9999 0.169998 0.168152 0.163416 0.161981 0.162128 0.161779 -9999 -9999
-9999 -9999 -9999 -9999 0.139452 0.141209 0.14221 0.143012 0.142661 0.140657 0.140948 0.14091 0.140535 0.140058 0.139523 0.137939 0.137058 0.134838 0.136278 0.135862 0.135061 0.132922 0.1318 0.12838 0.126685 0.129078 0.131579 0.129562 0.125438 0.120286 0.114319 0.113506 0.111257 0.107339 -9999 -9999 -9999 -9999 -9999 -9999 0.116522 0.11915 0.121674 0.12299 0.121896 0.126849 0.134512 0.135081 0.137251 0.141486 0.144988 0.148834 0.157283 0.160083 0.161271 0.163947 -9999 -9999 -9999 -9999 0.169919 0.170833 0.171815 0.171618 0.166205 0.163265 0.161161 0.166616 -9999 -9999
-9999 -9999 -9999 -9999 0.140704 0.14163 0.141828 0.141401 0.142035 0.139982 0.140414 0.140623 0.140173 0.139786 0.139393 0.138621 0.137288 0.137114 0.136684 0.135759 0.131997 0.127666 0.129058 0.126351 0.120977 0.127633 0.12982 0.127555 0.122581 0.116792 0.11494 0.114573 0.111489 0.107462 -9999 -9999 -9999 0.109455 0.11235 0.112747 0.11396 0.117273 0.120195 0.123216 0.125781 0.128154 0.134214 0.135164 0.136114 0.139883 0.146573 0.150484 0.15939 0.162403 0.163782 0.166362 0.168749 0.170376 0.171351 0.171809 0.17234 0.173001 0.173574 0.173281 0.168458 0.166629 0.166479 0.175725 -9999 -9999
-9999 -9999 -9999 -9999 0.139395 0.140174 0.140668 0.141758 0.141358 0.141779 0.139632 0.140213 0.139974 0.138578 0.139101 0.13864 0.138126 0.137428 0.136571 0.133337 0.129016 0.124687 0.122504 0.122968 0.119585 0.12345 0.12567 0.124872 0.121634 0.116433 0.115471 0.11415 0.109001 0.104116 -9999 -9999 0.103188 0.108553 0.112409 0.11455 0.115528 0.116212 0.119752 0.121209 0.125606 0.12736 0.130579 0.133985 0.136886 0.141256 0.147203 0.150767 0.157324 0.164631 0.167125 0.168913 0.170934 0.172112 0.17289 0.173392 0.17337 0.173954 0.1745 0.174517 0.171239 0.170627 0.172885 0.174903 -9999 -9999
-9999 -9999 -9999 -9999 0.139609 0.140555 0.141561 0.141281 0.141803 0.141175 0.138251 0.139432 0.13966 0.138574 0.137691 0.138326 0.137905 0.137421 0.136851 0.13379 0.130306 0.125213 0.121921 0.119796 0.11818 0.118573 0.119677 0.119208 0.118568 0.118904 0.117366 0.114392 0.111215 0.105534 0.102259 -9999 0.102686 0.104879 0.109408 0.113456 0.116323 0.116063 0.120033 0.121957 0.125754 0.126988 0.13172 0.135618 0.138976 0.142211 0.147757 0.154047 0.159872 0.163403 0.168808 0.17082 0.172393 0.173434 0.174081 0.174466 0.174653 0.174835 0.17509 0.175437 0.174443 0.175965 0.173594 0.174906 -9999 -9999
-9999 -9999 -9999 0.135778 0.139181 0.141061 0.141484 0.141596 0.141578 0.141367 0.13937 0.139435 0.139368 0.138918 0.136603 0.136412 0.136411 0.137172 0.136737 0.136138 0.134073 0.127951 0.125625 0.122383 0.118273 0.118678 0.119408 0.1224 0.122099 0.119812 0.117209 0.113759 0.111329 0.107612 0.100942 0.100868 0.103011 0.104584 0.107529 0.112412 0.116146 0.118344 0.119987 0.122862 0.125485 0.128268 0.133874 0.136937 0.139692 0.143412 0.14729 0.152288 0.158247 0.164962 0.168277 0.172151 0.173638 0.174578 0.175093 0.175313 0.175339 0.175309 0.175491 0.175976 0.178412 0.177307 0.174356 0.178344 -9999 -9999
-9999 -9999 -9999 -9999 0.138236 0.138882 0.138706 0.138645 0.138993 0.139437 0.138635 0.138499 0.138996 0.138653 0.136616 0.134305 0.135655 0.135976 0.136321 0.135987 0.135413 0.130229 0.12735 0.125016 0.121063 0.124261 0.125456 0.125452 0.124535 0.119887 0.115161 0.109764 0.104478 0.103599 0.100396 0.100999 0.102131 0.106183 0.10908 0.110336 0.111566 0.117212 0.119709 0.123078 0.126717 0.127795 0.134362 0.136966 0.141425 0.145468 0.149629 0.150078 0.158897 0.16248 0.167738 0.17209 0.174713 0.175523 0.175899 0.1759 0.175743 0.175577 0.175639 0.177113 0.179568 0.179741 0.17334 0.178039 -9999 -9999
-9999 -9999 -9999 -9999 -9999 -9999 0.137581 0.137822 0.137721 0.137923 0.138246 0.138605 0.138728 0.138426 0.137324 0.135038 0.134171 0.134169 0.13192 0.133149 0.134967 0.134567 0.133964 0.129363 0.128674 0.130788 0.13011 0.12681 0.124114 0.121357 0.115859 0.111712 0.105687 0.100915 0 0.103684 0.106677 0.110711 0.11237 0.111114 0.112646 0.116473 0.120752 0.124114 0.12631 0.12747 0.134297 0.136428 0.142709 0.147265 0.150722 0.154188 0.159839 0.1645 0.167929 0.172162 0.174345 0.176242 0.176441 0.176302 0.175985 0.175692 0.176878 0.177738 0.179171 0.181171 0.174622 0.176561 -9999 -9999
-9999 -9999 -9999 -9999 -9999 -9999 0.135635 0.135581 0.136201 0.138659 0.138086 0.13841 0.138052 0.138014 0.137135 0.135078 0.132973 0.130963 0.128478 0.129342 0.132214 0.133768 0.133644 0.12957 0.132961 0.132243 0.130777 0.126491 0.123226 0.121312 0.116003 0.111367 0.107119 0.101403 0.102707 0.104214 0.106441 0.110851 0.113837 0.115233 0.114499 0.11705 0.121804 0.123909 0.124765 0.127987 0.134057 0.135608 0.142925 0.148264 0.152128 0.156679 0.161848 0.165844 0.169657 0.172809 0.175026 0.176117 0.176687 0.176434 0.176039 0.17623 0.176553 0.177435 0.178898 0.18099 0.177803 0.176224 -9999 -9999
-9999 -9999 -9999 -9999 -9999 -9999 -9999 0.133363 0.135528 0.138999 0.137833 0.137409 0.137922 0.137654 0.136489 0.135428 0.132947 0.129686 0.123751 0.124819 0.127435 0.131366 0.133273 0.132634 0.132821 0.130661 0.125377 0.120685 0.119949 0.118917 0.114933 0.111256 0.106597 0.108148 0.109853 0.111783 0.112451 0.111417 0.113907 0.116239 0.115675 0.118601 0.12242 0.123526 0.125589 0.128246 0.134185 0.138465 0.143114 0.149322 0.152754 0.157858 0.163299 0.166824 0.170219 0.173036 0.175186 0.17625 0.176595 0.176419 0.176077 0.176054 0.176395 0.177271 0.178769 0.180908 0.183204 0.18655 0.187819 -9999
-9999 -9999 -9999 -9999 -9999 -9999 -9999 0.13071 0.131496 0.135728 0.135018 0.136839 0.137645 0.137356 0.135628 0.134509 0.130987 0.129602 0.124086 0.121398 0.123032 0.121928 0.127476 0.132351 0.132685 0.122174 0.118331 0.115519 0.116041 0.115772 0.114384 0.108442 0.106272 0.11047 0.112774 0.114364 0.115427 0.115277 0.11477 0.118463 0.119421 0.121636 0.122943 0.125185 0.125967 0.127955 0.136157 0.139303 0.143579 0.149791 0.152638 0.158482 0.163681 0.166733 0.169663 0.172972 0.174821 0.175899 0.176452 0.176171 0.175746 0.175962 0.176409 0.17734 0.178841 0.181045 0.183833 0.19228 0.193972 0.19784
-9999 -9999 -9999 -9999 -9999 -9999 -9999 -9999 0.126869 0.133008 0.133824 0.135117 0.137068 0.137002 0.13593 0.134245 0.130663 0.127469 0.1225 0.116878 0.113746 0.121752 0.128681 0.132139 0.133175 0.124415 0.120918 0.12066 0.12252 0.120537 0.118864 0.11428 0.112414 0.109969 0.110285 0.112898 0.115319 0.11727 0.118804 0.118969 0.120702 0.122432 0.124043 0.12636 0.128743 0.131636 0.136986 0.14243 0.145705 0.150662 0.154648 0.158523 0.163512 0.165853 0.169441 0.172347 0.17413 0.175929 0.176018 0.175852 0.175551 0.175285 0.176599 0.177598 0.179179 0.181345 0.18415 0.193309 0.197525 0.200504
-9999 -9999 -9999 -9999 -9999 -9999 -9999 -9999 0.123427 0.129543 0.130423 0.134268 0.136092 0.136628 0.136162 0.13473 0.131924 0.127879 0.12445 0.118217 0.11176 0.120184 0.127661 0.131539 0.13143 0.126015 0.128002 0.12625 0.126745 0.123474 0.121876 0.120547 0.117821 0.114815 0.11158 0.110326 0.115695 0.118259 0.120494 0.121759 0.122948 0.124289 0.125747 0.127188 0.126949 0.131976 0.138986 0.142764 0.146649 0.150705 0.154616 0.158345 0.163319 0.166479 0.168513 0.172425 0.174634 0.175262 0.175496 0.17545 0.175288 0.175205 0.175351 0.17706 0.179702 0.181851 0.184566 0.193832 0.198166 0.202629
-9999 -9999 -9999 -9999 -9999 -9999 -9999 -9999 0.113919 0.123113 0.128527 0.132304 0.135323 0.135897 0.135891 0.134091 0.132654 0.129655 0.126797 0.122581 0.116445 0.112535 0.118763 0.127965 0.131161 0.13293 0.132643 0.130628 0.128745 0.128293 0.128108 0.125831 0.122517 0.118134 0.117626 0.115527 0.119453 0.119591 0.11904 0.124219 0.124769 0.125471 0.124998 0.125028 0.127926 0.128977 0.137066 0.139195 0.144516 0.14968 0.154007 0.157685 0.162465 0.166931 0.169252 0.172719 0.173849 0.174529 0.174873 0.175002 0.175044 0.175119 0.175441 0.176167 0.178963 0.180862 0.185092 0.194468 0.19857 0.202794
-9999 -9999 -9999 -9999 -9999 -9999 -9999 -9999 0.114423 0.119708 0.126366 0.130238 0.133927 0.134516 0.135528 0.134883 0.133396 0.130744 0.12752 0.123989 0.118675 0.114639 0.118686 0.124691 0.128891 0.132768 0.13259 0.132366 0.131775 0.131514 0.130725 0.130152 0.127621 0.125283 0.122605 0.119013 0.123608 0.123828 0.122915 0.12567 0.126107 0.123213 0.121633 0.123075 0.127559 0.128552 0.135549 0.137029 0.141793 0.148634 0.152754 0.156396 0.162705 0.165655 0.170168 0.171805 0.172966 0.173758 0.174238 0.174561 0.174822 0.175093 0.175594 0.17642 0.1776 0.181513 0.183865 0.193587 0.198952 0.202916
-9999 -9999 -9999 -9999 -9999 -9999 -9999 -9999 0.114684 0.117038 0.122994 0.128849 0.132812 0.134203 0.135119 0.134755 0.133085 0.131591 0.129439 0.126291 0.124024 0.120347 0.115432 0.122757 0.124784 0.129259 0.130196 0.132285 0.132091 0.130895 0.129517 0.130274 0.131729 0.128393 0.126953 0.124903 0.127371 0.127153 0.127067 0.127182 0.124509 0.120917 0.118607 0.122904 0.124405 0.128656 0.13217 0.1398 0.145843 0.150214 0.150289 0.152218 0.160723 0.166577 0.16891 0.170728 0.172101 0.172961 0.173653 0.17413 0.174572 0.175079 0.17574 0.176684 0.177957 0.179623 0.184446 0.194341 0.197916 0.205721
-9999 -9999 -9999 -9999 -9999 -9999 -9999 -9999 -9999 0.113625 0.121287 0.128068 0.13169 0.133838 0.134705 0.134333 0.133309 0.132182 0.130715 0.128348 0.125466 0.121114 0.117798 0.119345 0.121327 0.124208 0.125658 0.129997 0.131379 0.129053 0.123728 0.129144 0.132296 0.131857 0.131175 0.130501 0.129629 0.129142 0.128388 0.12646 0.120151 0.120037 0.118639 0.120608 0.121208 0.127397 0.133717 0.140013 0.144617 0.148374 0.148642 0.154294 0.16366 0.167196 0.168813 0.171136 0.171226 0.172246 0.173061 0.173709 0.17436 0.175061 0.175893 0.179246 0.180797 0.182704 0.188243 0.198738 0.202044 0.205549
-9999 -9999 -9999 -9999 -9999 -9999 -9999 -9999 -9999 0.111923 0.119545 0.127591 0.129941 0.132284 0.134256 0.133953 0.132573 0.131244 0.129886 0.128389 0.124967 0.12164 0.11845 0.117153 0.117388 0.120104 0.122486 0.128163 0.129153 0.128517 0.125802 0.123713 0.128142 0.131808 0.131864 0.131301 0.126557 0.127557 0.125255 0.122283 0.12202 0.121486 0.119598 0.122644 0.122177 0.125251 0.133339 0.137981 0.141788 0.146842 0.147198 0.152067 0.161559 0.165336 0.167182 0.170466 0.172361 0.173584 0.17454 0.175413 0.176273 0.177242 0.178328 0.179626 0.181179 0.182972 0.184943 0.190569 0.198551 0.201926
-9999 -9999 -9999 -9999 -9999 -9999 -9999 -9999 -9999 0.112706 0.11789 0.12499 0.130159 0.13016 0.132493 0.133529 0.13206 0.13045 0.128811 0.1279 0.124206 0.120185 0.116872 0.113014 0.113254 0.11544 0.122664 0.126286 0.126826 0.125909 0.126043 0.12731 0.13034 0.131871 0.132229 0.131744 0.130729 0.13026 0.128692 0.128356 0.126484 0.123415 0.123018 0.125443 0.122884 0.125087 0.128761 0.135992 0.141407 0.145398 0.14477 0.156171 0.16136 0.164875 0.167961 0.170119 0.171693 0.17323 0.174278 0.175291 0.176296 0.177351 0.178544 0.179856 0.181397 0.182871 0.18442 0.183604 0.19778 0.201138
-9999 -9999 -9999 -9999 -9999 -9999 -9999 -9999 -9999 0.113509 0.118142 0.124252 0.127838 0.128196 0.130821 0.133117 0.132474 0.130813 0.130066 0.128359 0.125174 0.121694 0.117924 0.115916 0.111745 0.115177 0.121326 0.12437 0.125724 0.12657 0.125278 0.127372 0.129447 0.130232 0.132366 0.132348 0.131719 0.128843 0.127678 0.128809 0.128854 0.128625 0.126995 0.12821 0.127998 0.12902 0.130257 0.136913 0.140787 0.143384 0.15054 0.158288 0.161948 0.1649 0.167561 0.169347 0.171121 0.172876 0.174059 0.175167 0.176261 0.177426 0.178652 0.179916 0.181382 0.182455 0.183178 0.182995 0.194968 0.20054
-9999 -9999 -9999 -9999 -9999 -9999 -9999 -9999 -9999 0.112524 0.117466 0.122637 0.124599 0.124645 0.129677 0.132624 0.132282 0.131312 0.130238 0.126532 0.126383 0.125366 0.121931 0.117085 0.111799 0.111922 0.117877 0.122131 0.123385 0.122831 0.12137 0.122386 0.125624 0.128537 0.131613 0.132464 0.13172 0.127195 0.122497 0.125378 0.128587 0.12945 0.129782 0.128499 0.129145 0.130045 0.129974 0.134027 0.138448 0.1416 0.154373 0.157663 0.161418 0.164721 0.165892 0.167755 0.170527 0.172601 0.17384 0.175026 0.176229 0.177438 0.178707 0.179852 0.181128 0.182356 0.180978 0.181005 0.189135 0.200248
-9999 -9999 -9999 -9999 -9999 -9999 -9999 -9999 -9999 0.110752 0.114243 0.11917 0.12095 0.123993 0.12873 0.130883 0.131734 0.13136 0.130529 0.128677 0.127427 0.125299 0.121739 0.116999 0.111769 0.108246 0.109523 0.118575 0.123004 0.119701 0.117796 0.120153 0.123645 0.128835 0.131852 0.132375 0.132307 0.131617 0.128321 0.124388 0.1251 0.128209 0.127366 0.126396 0.128984 0.130309 0.130163 0.130629 0.13903 0.146475 0.153074 0.155996 0.159953 0.164717 0.166826 0.168293 0.170955 0.172345 0.173634 0.174908 0.17614 0.177403 0.178718 0.179935 0.180981 0.180513 0.180471 0.179815 0.181611 0.201383
-9999 -9999 -9999 -9999 -9999 -9999 -9999 -9999 -9999 0.107799 0.111966 0.11656 0.120838 0.124867 0.128285 0.128229 0.129867 0.129517 0.13021 0.129565 0.127824 0.125978 0.122863 0.116871 0.111778 0.106257 0.107281 0.116195 0.120812 0.118315 0.113702 0.118482 0.123769 0.128589 0.131265 0.129395 0.131693 0.131841 0.130881 0.128771 0.125326 0.126259 0.124172 0.125223 0.128167 0.130185 0.131552 0.132289 0.137952 0.147178 0.152914 0.155268 0.159027 0.163108 0.167008 0.168932 0.170795 0.172163 0.173458 0.174752 0.17602 0.177276 0.178533 0.179749 0.179492 0.179016 0.179511 0.179622 0.181469 0.196452
