Test_Spring_2018/02_18/Prec/20180203_001.txt
ncols	170
nrows	115
xllcorner	350000.000000
yllcorner	4445000.000000
cellsize	1000.000000
nodata_value	-9999.000000
[rows 32 to 63 of 115, columns 72 to 143 of 170]
1.5563 1.55572 1.55565 1.55555 1.54706 1.5367 1.54635 1.54336 1.54018 1.53673 1.53343 1.52996 1.52632 1.52196 1.51628 1.51026 1.50565 1.49972 1.49259 1.48605 1.47742 1.46731 1.45599 1.44658 1.43548 1.4382 1.42025 -9999 -9999 -9999 -9999 -9999 -9999 -9999 -9999 -9999 -9999 -9999 -9999 -9999 -9999 -9999 -9999 -9999 -9999 -9999 -9999 -9999 -9999 -9999 -9999 -9999 -9999 -9999 -9999 -9999 -9999 -9999 -9999 -9999 -9999 -9999 -9999 -9999 -9999 -9999 -9999 -9999 -9999 -9999 -9999 -9999
1.55606 1.55566 1.55578 1.55539 1.53895 1.53715 1.54646 1.5435 1.54037 1.53707 1.53369 1.53012 1.52609 1.52158 1.51605 1.50983 1.50422 1.49907 1.49259 1.48551 1.47721 1.46811 1.45808 1.44894 1.43892 1.4476 1.42383 1.40764 -9999 -9999 -9999 -9999 -9999 -9999 -9999 -9999 -9999 -9999 -9999 -9999 -9999 -9999 -9999 -9999 -9999 -9999 -9999 -9999 -9999 -9999 -9999 -9999 -9999 -9999 -9999 -9999 -9999 -9999 -9999 -9999 -9999 -9999 -9999 -9999 -9999 -9999 -9999 -9999 -9999 -9999 -9999 -9999
1.55616 1.55538 1.5553 1.55514 1.5317 1.54933 1.54639 1.54395 1.54086 1.53771 1.53422 1.53063 1.52667 1.52219 1.51711 1.51143 1.50454 1.49979 1.49419 1.48713 1.47939 1.47068 1.46097 1.45215 1.44229 1.44235 1.42064 1.41127 1.40263 -9999 -9999 -9999 -9999 -9999 -9999 -9999 -9999 -9999 -9999 -9999 -9999 -9999 -9999 -9999 -9999 -9999 -9999 -9999 -9999 -9999 -9999 -9999 -9999 -9999 -9999 -9999 -9999 -9999 -9999 -9999 -9999 -9999 -9999 -9999 -9999 -9999 -9999 -9999 -9999 -9999 -9999 -9999
1.55662 1.55566 1.55554 1.55551 1.54654 1.54145 1.54736 1.54456 1.54174 1.53867 1.53526 1.53119 1.52755 1.52369 1.51898 1.51326 1.50703 1.50105 1.49597 1.48936 1.48169 1.47374 1.46428 1.45528 1.44545 1.4271 1.43043 1.41472 1.40614 1.39767 -9999 -9999 -9999 -9999 -9999 -9999 -9999 -9999 -9999 -9999 -9999 -9999 -9999 -9999 -9999 -9999 -9999 -9999 -9999 -9999 -9999 -9999 -9999 -9999 -9999 -9999 -9999 -9999 -9999 -9999 -9999 -9999 -9999 -9999 -9999 -9999 -9999 -9999 -9999 -9999 -9999 -9999
-9999 -9999 1.55589 1.54734 1.55868 1.54205 1.54834 1.54569 1.54303 1.5401 1.53659 1.5332 1.52981 1.52582 1.52118 1.51632 1.51061 1.50428 1.49829 1.49242 1.48435 1.47686 1.46797 1.45879 1.4486 1.42331 1.43211 1.41666 1.40811 1.39978 -9999 -9999 -9999 -9999 -9999 -9999 -9999 -9999 -9999 -9999 -9999 -9999 -9999 -9999 -9999 -9999 -9999 -9999 -9999 -9999 -9999 -9999 -9999 -9999 -9999 -9999 -9999 -9999 -9999 -9999 -9999 -9999 -9999 -9999 -9999 -9999 -9999 -9999 -9999 -9999 -9999 -9999
-9999 -9999 -9999 1.54841 1.55899 1.55811 1.54959 1.54698 1.54464 1.54192 1.53896 1.53592 1.5326 1.52892 1.52466 1.51986 1.51433 1.50874 1.50317 1.49621 1.48839 1.48013 1.47149 1.46191 1.44301 1.42572 1.4147 1.41753 1.40851 1.40071 1.39305 -9999 -9999 -9999 -9999 -9999 -9999 -9999 -9999 -9999 -9999 -9999 -9999 1.36608 -9999 -9999 -9999 -9999 -9999 -9999 -9999 -9999 -9999 -9999 -9999 -9999 -9999 -9999 -9999 -9999 -9999 -9999 -9999 -9999 1.32852 -9999 -9999 -9999 -9999 -9999 -9999 -9999
-9999 -9999 1.55897 1.56139 1.56009 1.55895 1.54292 1.54865 1.54658 1.54413 1.54153 1.53881 1.53569 1.53251 1.52874 1.52412 1.51929 1.51406 1.50791 1.50096 1.49317 1.4845 1.47507 1.46506 1.44092 1.42953 1.41843 1.42585 1.41046 1.4016 1.39309 1.38555 -9999 -9999 -9999 -9999 -9999 -9999 -9999 1.36103 1.36065 1.36073 1.3613 1.36241 1.36263 -9999 -9999 -9999 -9999 -9999 -9999 -9999 -9999 -9999 -9999 -9999 -9999 -9999 -9999 -9999 -9999 -9999 -9999 -9999 1.31078 1.30561 -9999 -9999 -9999 -9999 -9999 -9999
-9999 -9999 1.56375 1.56243 1.56098 1.55984 1.55861 1.55072 1.54864 1.54665 1.54453 1.54219 1.53957 1.53687 1.53334 1.52935 1.52468 1.51959 1.51337 1.50603 1.49776 1.48866 1.47857 1.4682 1.44441 1.43268 1.42082 1.40927 1.41097 1.40092 1.39164 1.38343 -9999 -9999 -9999 -9999 -9999 -9999 1.35927 1.35879 1.35856 1.35776 1.35829 1.35881 1.35867 1.3352 -9999 -9999 -9999 -9999 -9999 -9999 -9999 -9999 -9999 -9999 -9999 -9999 -9999 -9999 1.30578 1.30392 1.30089 1.2979 1.29419 1.289 -9999 -9999 -9999 -9999 -9999 -9999
-9999 -9999 1.56477 1.56344 1.56209 1.56087 1.55952 1.5666 1.55105 1.54937 1.5477 1.54596 1.54402 1.54146 1.53855 1.5346 1.53072 1.5254 1.51894 1.51107 1.50242 1.49223 1.48162 1.4588 1.44747 1.43492 1.422 1.40923 1.39023 1.39901 1.38993 1.38134 -9999 -9999 -9999 -9999 -9999 -9999 1.35602 1.35558 1.35547 1.35525 1.35444 1.35499 1.3337 1.33127 1.32875 1.32619 1.32285 1.30974 1.3212 1.31708 1.3123 1.30789 -9999 -9999 -9999 -9999 1.29208 1.29099 1.29026 1.28919 1.28635 1.28323 1.27903 1.28003 -9999 -9999 -9999 -9999 -9999 -9999
-9999 -9999 1.56637 1.56471 1.5631 1.56159 1.56059 1.56741 1.55343 1.57171 1.56925 1.56682 1.56436 1.56169 1.55866 1.55553 1.55179 1.54722 1.54108 1.53381 1.52693 1.49655 1.48155 1.46257 1.4503 1.43683 1.42288 1.4092 1.3909 1.39747 1.38754 1.39696 -9999 -9999 -9999 1.37258 1.37029 1.36857 1.36806 1.36886 1.37004 1.35187 1.35186 1.34424 1.33062 1.32754 1.32385 1.32021 1.31663 1.31174 1.31213 1.30693 1.30115 1.30233 1.29709 1.29243 1.28863 1.28586 1.28423 1.28354 1.28337 1.28305 1.27375 1.27112 1.26743 1.23562 -9999 -9999 -9999 -9999 -9999 -9999
-9999 -9999 1.59684 1.59564 1.59403 1.58501 1.58356 1.58214 1.58726 1.57368 1.57138 1.56886 1.56686 1.56454 1.56202 1.55909 1.55557 1.5507 1.54462 1.53745 1.52964 1.5201 1.50917 1.48984 1.47766 1.43838 1.44493 1.43083 1.41812 1.40119 1.40288 1.39165 -9999 -9999 1.36899 1.36585 1.36386 1.36285 1.36272 1.36339 1.36529 1.36678 1.36873 1.36377 1.35043 1.34793 1.32006 1.31569 1.31874 1.3128 1.29938 1.30516 1.29836 1.29158 1.28547 1.28013 1.27597 1.27316 1.27157 1.27124 1.27156 1.27184 1.27078 1.26925 1.27012 1.23568 -9999 -9999 -9999 -9999 -9999 -9999
-9999 -9999 1.61641 1.61651 1.61575 1.61376 1.61109 1.58322 1.58754 1.58483 1.57327 1.57094 1.56875 1.56694 1.56474 1.5622 1.55909 1.55458 1.54897 1.54176 1.53369 1.52361 1.51282 1.50833 1.49662 1.48346 1.46941 1.45504 1.4179 1.3999 1.38756 1.38712 1.37658 -9999 1.36203 1.35793 1.35622 1.35604 1.35693 1.35803 1.36073 1.36298 1.36036 1.36094 1.3487 1.35191 1.348 1.34253 1.33617 1.30795 1.29373 1.28677 1.2896 1.28206 1.27518 1.26936 1.26495 1.26214 1.26085 1.26084 1.2616 1.2625 1.26247 1.2644 1.2609 1.22795 -9999 -9999 -9999 -9999 -9999 -9999
-9999 1.62285 1.6177 1.61832 1.61752 1.61554 1.61248 1.60844 1.60998 1.58527 1.58203 1.57277 1.57032 1.56849 1.56665 1.56473 1.562 1.55846 1.5535 1.54625 1.53806 1.54021 1.53069 1.51189 1.49959 1.48658 1.4717 1.45558 1.43901 1.4188 1.38526 1.3733 1.37052 1.36163 1.35528 1.35088 1.34891 1.34934 1.35106 1.35351 1.35641 1.3556 1.3578 1.36386 1.35332 1.3506 1.34608 1.34004 1.33238 1.32355 1.30768 1.28129 1.27376 1.27393 1.26651 1.26034 1.25578 1.25302 1.25198 1.25234 1.25358 1.25501 1.2581 1.25722 1.24166 1.21092 -9999 -9999 -9999 -9999 -9999 -9999
-9999 -9999 1.61919 1.61979 1.61894 1.61682 1.61356 1.60924 1.61005 1.60285 1.5958 1.5788 1.57175 1.56948 1.56816 1.5664 1.5642 1.56107 1.55683 1.55682 1.55115 1.54402 1.53467 1.51674 1.50417 1.48981 1.47396 1.45623 1.43794 1.41613 1.39847 1.38319 1.35864 1.35585 1.34884 1.34493 1.34309 1.34302 1.34472 1.34878 1.34974 1.35668 1.36036 1.36219 1.35263 1.34966 1.34518 1.33863 1.33025 1.31935 1.30344 1.29237 1.28181 1.26156 1.25966 1.25325 1.24863 1.24596 1.24515 1.24585 1.24748 1.25069 1.24464 1.24235 1.2361 1.2064 -9999 -9999 -9999 -9999 -9999 -9999
-9999 -9999 -9999 -9999 1.62123 1.61909 1.61542 1.61058 1.61075 1.60295 1.59507 1.58761 1.58097 1.5707 1.56892 1.56728 1.56471 1.56479 1.5631 1.55991 1.55531 1.54802 1.53248 1.52177 1.5085 1.49288 1.47593 1.45782 1.43832 1.41583 1.39682 1.37944 1.365 1.35425 1.34505 1.34101 1.339 1.33865 1.34097 1.34514 1.35029 1.35521 1.35911 1.36138 1.35248 1.34931 1.34499 1.33808 1.32888 1.31797 1.30066 1.28908 1.27735 1.26673 1.25721 1.24826 1.24363 1.24106 1.24044 1.24139 1.24066 1.24134 1.24106 1.23908 1.23248 1.20262 -9999 -9999 -9999 -9999 -9999 -9999
-9999 -9999 -9999 -9999 1.62392 1.62159 1.61783 1.61311 1.61233 1.60385 1.59517 1.58715 1.58006 1.57423 1.5693 1.56726 1.56555 1.56452 1.56359 1.56143 1.55749 1.55081 1.53678 1.52551 1.51202 1.49594 1.47844 1.45995 1.43972 1.41632 1.39681 1.37825 1.36352 1.35155 1.34293 1.33796 1.33635 1.33724 1.33906 1.34357 1.34942 1.35458 1.35862 1.36174 1.35305 1.34968 1.34541 1.33834 1.32876 1.31756 1.29968 1.28737 1.27525 1.26395 1.25416 1.24641 1.24083 1.23835 1.23786 1.23778 1.23864 1.23924 1.23878 1.23653 1.23041 1.19986 -9999 -9999 -9999 -9999 -9999 -9999
-9999 -9999 -9999 -9999 -9999 1.62486 1.62123 1.6164 1.615 1.60577 1.59672 1.5881 1.58049 1.57458 1.57023 1.56756 1.56484 1.56415 1.56357 1.5625 1.55962 1.55432 1.53991 1.5286 1.51434 1.49819 1.48121 1.46266 1.44233 1.4187 1.39843 1.38103 1.36575 1.35334 1.34393 1.33767 1.33582 1.33671 1.33916 1.3441 1.35007 1.35533 1.35996 1.36315 1.35455 1.35183 1.34676 1.33968 1.32971 1.31833 1.30024 1.2875 1.275 1.26342 1.25347 1.24565 1.2404 1.2378 1.23702 1.2373 1.23797 1.2383 1.2375 1.23487 1.22972 1.20025 1.18577 -9999 -9999 -9999 -9999 -9999
-9999 -9999 -9999 -9999 -9999 1.62895 1.62478 1.61984 1.61841 1.60932 1.59992 1.59087 1.58274 1.57786 1.57235 1.56993 1.56878 1.56454 1.56403 1.56212 1.56064 1.55725 1.54318 1.53024 1.51674 1.50136 1.48487 1.46658 1.44686 1.42256 1.40263 1.38554 1.37004 1.35718 1.34755 1.34127 1.33852 1.34003 1.34232 1.34715 1.35259 1.35822 1.3626 1.36566 1.35744 1.35441 1.34918 1.34202 1.33182 1.32054 1.3023 1.28939 1.27674 1.26527 1.25524 1.24741 1.24172 1.2392 1.23851 1.23803 1.23836 1.23824 1.23696 1.23388 1.22842 1.19978 1.18524 1.16898 1.15142 -9999 -9999 -9999
-9999 -9999 -9999 -9999 -9999 -9999 1.62934 1.62469 1.62385 1.61438 1.60501 1.59575 1.59108 1.58335 1.57761 1.57454 1.57338 1.57385 1.56409 1.56478 1.56404 1.56078 1.54703 1.5351 1.52225 1.50803 1.49235 1.47404 1.45459 1.43094 1.41118 1.39243 1.37635 1.36201 1.35406 1.34812 1.34563 1.34604 1.34944 1.35198 1.35731 1.36278 1.36739 1.37051 1.36108 1.35857 1.35308 1.34565 1.33583 1.32421 1.30601 1.2931 1.28081 1.2694 1.25947 1.25005 1.24518 1.24245 1.24144 1.24153 1.23951 1.23882 1.23697 1.23335 1.22749 1.1983 1.18442 1.16816 1.15005 1.13055 -9999 -9999
-9999 -9999 -9999 -9999 -9999 -9999 1.63554 1.63082 1.63053 1.62165 1.61287 1.60931 1.59983 1.59207 1.58635 1.58282 1.58174 1.58173 1.58266 1.57452 1.56792 1.56517 1.55942 1.54062 1.52982 1.51592 1.50061 1.48268 1.46392 1.44179 1.42228 1.40373 1.38456 1.37326 1.36452 1.35851 1.35587 1.35614 1.35893 1.36346 1.35664 1.3691 1.37265 1.37597 1.36615 1.36313 1.35782 1.35029 1.3407 1.32939 1.31143 1.29911 1.2868 1.27728 1.26254 1.25546 1.25043 1.24734 1.24582 1.24529 1.245 1.23326 1.23738 1.23322 1.22695 1.19683 1.1832 1.16772 1.15064 1.1316 1.11244 1.08849
-9999 -9999 -9999 -9999 -9999 -9999 1.64174 1.63782 1.64143 1.63215 1.63091 1.6206 1.61139 1.60356 1.59805 1.5945 1.59314 1.59312 1.59358 1.59472 1.57996 1.58032 1.56565 1.54858 1.53793 1.52478 1.50976 1.49346 1.47601 1.4547 1.43282 1.4147 1.4019 1.38844 1.37938 1.37257 1.36884 1.36952 1.37145 1.37504 1.37906 1.36625 1.36821 1.38211 1.37145 1.3679 1.36298 1.35592 1.34677 1.33594 1.31831 1.3099 1.29741 1.27844 1.2696 1.26247 1.25718 1.25363 1.25147 1.25016 1.24902 1.24735 1.2288 1.22221 1.22679 1.19557 1.18223 1.16725 1.15095 1.13362 1.11581 1.09232
-9999 -9999 -9999 -9999 -9999 -9999 1.65484 1.66041 1.6528 1.65383 1.64426 1.63438 1.62572 1.61831 1.6127 1.60892 1.60697 1.60647 1.60643 1.60684 1.60862 1.58767 1.58496 1.56815 1.54625 1.53442 1.5207 1.50377 1.48691 1.46692 1.44907 1.43487 1.4196 1.40621 1.39748 1.39055 1.3863 1.3857 1.38672 1.38842 1.39114 1.39447 1.37687 1.37664 1.36315 1.37428 1.36923 1.36281 1.35995 1.3489 1.33126 1.31921 1.29661 1.28669 1.27799 1.27079 1.26519 1.26109 1.25819 1.25599 1.25391 1.2513 1.24757 1.22218 1.21355 1.17919 1.18158 1.16716 1.1516 1.13528 1.09628 1.07465
-9999 -9999 -9999 -9999 -9999 -9999 1.67103 1.6735 1.66602 1.66892 1.66003 1.65089 1.64261 1.63546 1.62975 1.62596 1.62374 1.62262 1.62252 1.62221 1.62101 1.62163 1.59419 1.57687 1.56879 1.55803 1.54465 1.52927 1.49925 1.48314 1.46956 1.45369 1.43957 1.42713 1.41812 1.411 1.40654 1.40453 1.40381 1.4042 1.40554 1.40843 1.40982 1.38669 1.37098 1.37455 1.36884 1.36107 1.36846 1.35761 1.34117 1.31586 1.3056 1.29602 1.28746 1.28014 1.2742 1.2695 1.2658 1.26266 1.25958 1.256 1.25141 1.2454 1.21385 1.1784 1.16442 1.12406 1.10828 1.11384 1.09902 1.07759
-9999 -9999 -9999 -9999 -9999 -9999 -9999 1.69322 1.69811 1.69029 1.68149 1.67271 1.66451 1.65733 1.6516 1.64753 1.64495 1.64338 1.64243 1.64125 1.63984 1.63854 1.60764 1.58831 1.58015 1.57079 1.55889 1.54451 1.52728 1.51335 1.49862 1.48357 1.46965 1.45744 1.44056 1.43334 1.4283 1.42504 1.42238 1.42947 1.43028 1.43188 1.43241 1.40641 1.38905 1.38496 1.37888 1.37113 1.36129 1.3442 1.3179 1.30852 1.29914 1.29067 1.2978 1.29034 1.284 1.27868 1.27416 1.27007 1.26598 1.24464 1.23795 1.22997 1.19214 1.15429 1.13985 1.12488 1.10971 1.09492 1.08062 1.04355
-9999 -9999 -9999 -9999 -9999 -9999 -9999 1.72354 1.71726 1.71047 1.7021 1.69404 1.68663 1.67975 1.67394 1.66954 1.66643 1.6643 1.66231 1.66045 1.65821 1.65549 1.65176 1.60118 1.59375 1.5855 1.57452 1.56179 1.54678 1.53214 1.51911 1.50637 1.4937 1.48231 1.47166 1.46447 1.4585 1.45428 1.4523 1.45136 1.45061 1.45103 1.44995 1.44866 1.40113 1.39631 1.38992 1.38259 1.37304 1.35634 1.32797 1.31875 1.30943 1.30109 1.29316 1.28587 1.2793 1.27332 1.26771 1.26217 1.25636 1.24994 1.24262 1.23416 1.22441 1.18187 1.13951 1.12516 1.11085 1.09666 1.0736 1.04431
-9999 -9999 -9999 -9999 -9999 -9999 -9999 1.74454 1.73823 1.73191 1.72499 1.71702 1.71024 1.704 1.6982 1.69348 1.68977 1.68705 1.68411 1.68114 1.67798 1.6739 1.66969 1.66453 1.61011 1.60201 1.59183 1.58018 1.56707 1.5546 1.54257 1.53054 1.51902 1.50844 1.49918 1.49167 1.48554 1.48124 1.4778 1.47493 1.47312 1.47194 1.46897 1.46626 1.46271 1.40916 1.40296 1.39536 1.38573 1.34848 1.33955 1.33032 1.3213 1.31256 1.30429 1.29667 1.28954 1.28288 1.27649 1.2701 1.26345 1.25624 1.24822 1.23914 1.22892 1.21694 1.14044 1.12653 1.11272 1.09896 1.05737 1.04491
-9999 -9999 -9999 -9999 -9999 -9999 -9999 1.76715 1.76125 1.75536 1.74876 1.74155 1.73537 1.72977 1.72424 1.71929 1.71532 1.7117 1.70803 1.70429 1.70015 1.6958 1.68998 1.68492 1.62792 1.62022 1.61107 1.60001 1.58842 1.5774 1.56639 1.55538 1.54534 1.53567 1.52696 1.51894 1.5126 1.50798 1.50403 1.50062 1.49711 1.4942 1.49044 1.48622 1.48105 1.42418 1.41726 1.40918 1.37745 1.3616 1.35228 1.34291 1.33375 1.3248 1.31633 1.30838 1.30074 1.29343 1.28627 1.27906 1.27155 1.26349 1.25471 1.2449 1.23399 1.22184 1.14152 1.12838 1.11508 1.08193 1.05802 1.04531
-9999 -9999 -9999 -9999 -9999 -9999 -9999 1.79067 1.78534 1.77985 1.77353 1.76689 1.76184 1.75674 1.75137 1.7464 1.74192 1.73714 1.73343 1.72943 1.72453 1.71873 1.71209 1.70593 1.67871 1.63992 1.63144 1.62071 1.61009 1.59994 1.5904 1.58106 1.57226 1.56357 1.55531 1.54698 1.5395 1.5347 1.5306 1.52628 1.52192 1.51698 1.51207 1.50656 1.50001 1.47057 1.43234 1.42414 1.38446 1.37496 1.36558 1.35624 1.34664 1.33757 1.32914 1.32091 1.3128 1.30488 1.29701 1.28899 1.28064 1.27169 1.26205 1.25155 1.23949 1.22689 1.18117 1.13078 1.11717 1.07205 1.05871 1.04565
-9999 -9999 -9999 -9999 -9999 -9999 -9999 1.81502 1.80978 1.80483 1.79912 1.79386 1.78926 1.7843 1.77934 1.77439 1.76957 1.76465 1.75989 1.75477 1.749 1.74249 1.73529 1.72789 1.72102 1.66064 1.64744 1.64255 1.63272 1.62394 1.61557 1.60788 1.60002 1.59202 1.58441 1.5772 1.56986 1.56279 1.55719 1.5523 1.54635 1.54009 1.53429 1.5276 1.5199 1.5117 1.44921 1.41397 1.39873 1.38885 1.37934 1.37025 1.3608 1.35151 1.34284 1.33415 1.32562 1.31716 1.30862 1.29984 1.29065 1.28084 1.27027 1.25851 1.24602 1.23256 1.21901 1.13402 1.09842 1.0734 1.05937 1.04577
-9999 -9999 -9999 -9999 -9999 -9999 -9999 1.83975 1.8351 1.83063 1.82618 1.8218 1.81741 1.81226 1.80765 1.8026 1.79781 1.79262 1.78701 1.78113 1.77463 1.76704 1.75927 1.75097 1.74391 1.71372 1.67478 1.66554 1.65583 1.64861 1.64172 1.63498 1.62798 1.62015 1.61364 1.60684 1.59994 1.59284 1.58537 1.57885 1.57131 1.56418 1.55706 1.5492 1.54066 1.53148 1.49727 1.42917 1.414 1.40358 1.39376 1.38434 1.37522 1.36594 1.35692 1.34798 1.33911 1.33018 1.32104 1.31153 1.30149 1.29079 1.27896 1.26626 1.25297 1.23882 1.22444 1.17681 1.10038 1.07474 1.06001 1.04575
-9999 -9999 -9999 -9999 -9999 -9999 -9999 -9999 1.86109 1.85722 1.85321 1.84863 1.84469 1.84034 1.83576 1.83073 1.82637 1.82077 1.81457 1.8079 1.80065 1.79259 1.78459 1.77587 1.76735 1.72613 1.69672 1.68892 1.68097 1.67398 1.66804 1.66245 1.65591 1.64855 1.64221 1.63589 1.62965 1.62257 1.61396 1.60565 1.59702 1.58894 1.58041 1.5711 1.56131 1.55111 1.48656 1.44102 1.43027 1.4197 1.40919 1.39938 1.38988 1.38051 1.37136 1.36228 1.35317 1.34386 1.33418 1.32401 1.31314 1.30143 1.28855 1.27409 1.2601 1.24517 1.22937 1.18773 1.09196 1.07615 1.06059 1.04549
-9999 -9999 -9999 -9999 -9999 -9999 -9999 -9999 1.88664 1.88354 1.87956 1.8754 1.87074 1.86661 1.86375 1.85899 1.85432 1.84906 1.84229 1.83479 1.82668 1.81821 1.80921 1.79977 1.7907 1.78192 1.7485 1.71357 1.70661 1.70031 1.69487 1.68914 1.6826 1.67613 1.67075 1.66486 1.65925 1.65219 1.64407 1.63459 1.62431 1.61385 1.60395 1.59308 1.58184 1.57039 1.52546 1.48837 1.44651 1.43525 1.4245 1.41423 1.4046 1.39521 1.38603 1.37693 1.36769 1.35811 1.348 1.33721 1.32545 1.31275 1.29847 1.28338 1.26763 1.25095 1.23544 1.19131 1.13592 1.07766 1.06097 1.04483
