Test_Spring_2018/02_18/Prec/20180213_008.txt
ncols	170
nrows	115
xllcorner	350000.000000
yllcorner	4445000.000000
cellsize	1000.000000
nodata_value	-9999.000000
[rows 31 to 61 of 115, columns 70 to 139 of 170]
1.22146 1.23278 1.23078 1.20681 1.19752 1.20638 1.18504 1.17261 1.12439 1.11035 1.08408 1.06895 1.04729 1.0168 0.999816 0.953548 0.820356 0.850296 0.858802 0.816822 0.832252 0.860584 0.826382 0.734813 0.69214 0.626532 0.629402 0.588427 0.534151 -9999 -9999 -9999 -9999 -9999 -9999 -9999 -9999 -9999 -9999 -9999 -9999 -9999 -9999 -9999 -9999 -9999 -9999 -9999 -9999 -9999 -9999 -9999 -9999 -9999 -9999 -9999 -9999 -9999 -9999 -9999 -9999 -9999 -9999 -9999 -9999 -9999 -9999 -9999 -9999 -9999
1.22692 1.22729 1.21708 1.19373 1.20399 1.21213 1.15799 1.12441 1.12478 1.11434 1.09362 1.05898 1.04086 1.02302 1.00949 0.970141 0.873031 0.785277 0.823223 0.818698 0.783013 0.831823 0.797679 0.717307 0.605983 0.65731 0.63618 0.527322 0.487565 -9999 -9999 -9999 -9999 -9999 -9999 -9999 -9999 -9999 -9999 -9999 -9999 -9999 -9999 -9999 -9999 -9999 -9999 -9999 -9999 -9999 -9999 -9999 -9999 -9999 -9999 -9999 -9999 -9999 -9999 -9999 -9999 -9999 -9999 -9999 -9999 -9999 -9999 -9999 -9999 -9999
1.20365 1.21764 1.20122 1.18554 1.20597 1.19452 1.16776 1.13466 1.12371 1.11741 1.10348 1.08325 1.06505 1.04682 1.0136 0.969618 0.885503 0.786335 0.759277 0.79894 0.795392 0.796961 0.765026 0.726263 0.668814 0.704505 0.71433 0.648056 0.543759 0.480111 -9999 -9999 -9999 -9999 -9999 -9999 -9999 -9999 -9999 -9999 -9999 -9999 -9999 -9999 -9999 -9999 -9999 -9999 -9999 -9999 -9999 -9999 -9999 -9999 -9999 -9999 -9999 -9999 -9999 -9999 -9999 -9999 -9999 -9999 -9999 -9999 -9999 -9999 -9999 -9999
1.17203 1.20231 1.18218 1.1423 1.15044 1.15358 1.13915 1.09697 1.09042 1.11709 1.1055 1.09466 1.07038 1.0498 1.02149 0.978919 0.921693 0.854458 0.742298 0.801706 0.84696 0.839648 0.830729 0.801472 0.745711 0.780288 0.775393 0.679526 0.566693 0.51821 0.494544 -9999 -9999 -9999 -9999 -9999 -9999 -9999 -9999 -9999 -9999 -9999 -9999 -9999 -9999 -9999 -9999 -9999 -9999 -9999 -9999 -9999 -9999 -9999 -9999 -9999 -9999 -9999 -9999 -9999 -9999 -9999 -9999 -9999 -9999 -9999 -9999 -9999 -9999 -9999
-9999 1.18034 1.16045 1.11378 1.12186 1.13583 1.14231 1.11994 1.1035 1.10434 1.10589 1.09545 1.07084 1.01541 1.00119 0.992158 0.952462 0.876691 0.801185 0.777134 0.849141 0.865291 0.854363 0.865225 0.81666 0.82936 0.81404 0.766991 0.667474 0.578288 0.545678 0.487977 -9999 -9999 -9999 -9999 -9999 -9999 -9999 -9999 -9999 -9999 -9999 -9999 -9999 -9999 -9999 -9999 -9999 -9999 -9999 -9999 -9999 -9999 -9999 -9999 -9999 -9999 -9999 -9999 -9999 -9999 -9999 -9999 -9999 -9999 -9999 -9999 -9999 -9999
-9999 -9999 -9999 -9999 1.08247 1.08794 1.08724 1.09861 1.09774 1.10225 1.1069 1.09654 1.05587 1.03222 1.02347 0.994899 0.950179 0.919938 0.870145 0.818544 0.829729 0.889982 0.853756 0.894079 0.882922 0.884148 0.844909 0.745767 0.649468 0.575749 0.545402 0.496997 -9999 -9999 -9999 -9999 -9999 -9999 -9999 -9999 -9999 -9999 -9999 -9999 -9999 -9999 -9999 -9999 -9999 -9999 -9999 -9999 -9999 -9999 -9999 -9999 -9999 -9999 -9999 -9999 -9999 -9999 -9999 -9999 -9999 -9999 -9999 -9999 -9999 -9999
-9999 -9999 -9999 -9999 -9999 1.08345 1.07646 1.11008 1.09228 1.0912 1.10444 1.09513 1.07434 1.05723 1.03661 1.01243 0.977347 0.939551 0.892468 0.882619 0.919028 0.913098 0.897415 0.897261 0.911621 0.897952 0.82412 0.717443 0.663922 0.537997 0.491552 0.488182 0.453745 -9999 -9999 -9999 -9999 -9999 -9999 -9999 -9999 -9999 -9999 -9999 -9999 0.482974 -9999 -9999 -9999 -9999 -9999 -9999 -9999 -9999 -9999 -9999 -9999 -9999 -9999 -9999 -9999 -9999 -9999 -9999 -9999 -9999 0.145147 -9999 -9999 -9999
-9999 -9999 -9999 -9999 1.11053 1.09483 1.10395 1.11963 1.09952 1.08707 1.10343 1.09422 1.07685 1.05919 1.03008 1.01805 0.99556 0.95528 0.942434 0.950474 0.95076 0.951548 0.949102 0.938052 0.921271 0.901421 0.83189 0.783098 0.747122 0.647604 0.578944 0.531081 0.463152 0.408908 -9999 -9999 -9999 -9999 -9999 -9999 -9999 0.474556 0.466601 0.461478 0.467986 0.497259 0.467693 -9999 -9999 -9999 -9999 -9999 -9999 -9999 -9999 -9999 -9999 -9999 -9999 -9999 -9999 -9999 -9999 -9999 -9999 -9999 0.173227 0.121112 -9999 -9999
-9999 -9999 -9999 -9999 1.09076 1.10691 1.10779 1.12172 1.12406 1.09541 1.09377 1.09275 1.08237 1.06367 1.0402 1.03396 1.00548 0.987719 0.973503 0.986703 0.984447 0.970427 0.953907 0.937854 0.90582 0.894156 0.848927 0.813582 0.762268 0.709832 0.61545 0.524836 0.43641 0.364206 -9999 -9999 -9999 -9999 -9999 -9999 0.484407 0.509709 0.522341 0.477332 0.503564 0.526187 0.512906 0.455422 -9999 -9999 -9999 -9999 -9999 -9999 -9999 -9999 -9999 -9999 -9999 -9999 -9999 -9999 0.407754 0.355851 0.253979 0.199982 0.16585 0.118256 -9999 -9999
-9999 -9999 -9999 -9999 1.08857 1.10911 1.11798 1.12429 1.11304 1.10448 1.09456 1.08906 1.07945 1.06942 1.05952 1.03372 1.01976 0.984771 1.00822 1.00183 0.988857 0.953889 0.934394 0.877379 0.847055 0.807011 0.837145 0.795172 0.719918 0.628861 0.504995 0.48443 0.444498 0.378908 -9999 -9999 -9999 -9999 -9999 -9999 0.491903 0.519553 0.541259 0.539007 0.493383 0.53923 0.51087 0.47026 0.452348 0.465563 0.466415 0.432217 0.447583 0.446621 0.424466 0.431072 -9999 -9999 -9999 -9999 0.413875 0.412918 0.4118 0.388909 0.278369 0.201702 0.132069 0.110748 -9999 -9999
-9999 -9999 -9999 -9999 1.1171 1.12273 1.11732 1.10277 1.10622 1.09468 1.08713 1.08635 1.07556 1.0671 1.05975 1.04734 1.02669 1.02495 1.0192 1.00534 0.945688 0.876235 0.897204 0.84839 0.749213 0.789851 0.813829 0.766818 0.67707 0.57516 0.517543 0.504365 0.451608 0.388533 -9999 -9999 -9999 0.415272 0.457815 0.457926 0.46762 0.506633 0.534631 0.551037 0.560785 0.545739 0.508252 0.467498 0.423486 0.42243 0.467337 0.468735 0.453284 0.451916 0.430132 0.428788 0.437048 0.438989 0.435697 0.428193 0.424348 0.423232 0.419396 0.398492 0.298577 0.240774 0.202374 0.113993 -9999 -9999
-9999 -9999 -9999 -9999 1.11391 1.11622 1.11453 1.11276 1.09912 1.09995 1.08225 1.08 1.07236 1.04781 1.05528 1.04819 1.04111 1.03159 1.01959 0.96942 0.901261 0.832096 0.796095 0.793487 0.735376 0.736181 0.760278 0.727745 0.665885 0.573228 0.549575 0.505717 0.418942 0.33973 -9999 -9999 0.326292 0.411625 0.470957 0.499962 0.506397 0.503279 0.540101 0.537572 0.575455 0.551512 0.473229 0.468285 0.427239 0.428662 0.434502 0.427096 0.433622 0.449783 0.445539 0.437022 0.439429 0.43536 0.431095 0.427254 0.418026 0.419226 0.418277 0.405106 0.333652 0.297538 0.24842 0.114783 -9999 -9999
-9999 -9999 -9999 -9999 1.12366 1.12748 1.13302 1.11902 1.11897 1.09202 1.05977 1.07204 1.06698 1.04737 1.03264 1.04345 1.03839 1.03287 1.02609 0.979235 0.924887 0.843845 0.790246 0.747224 0.716869 0.663091 0.668851 0.649623 0.628212 0.623379 0.581546 0.51256 0.459375 0.367246 0.316448 -9999 0.328237 0.364841 0.436566 0.49725 0.534513 0.516273 0.559064 0.562146 0.578194 0.553174 0.498071 0.467298 0.452854 0.434413 0.452203 0.453359 0.444248 0.442513 0.443251 0.437394 0.432981 0.428199 0.424294 0.421767 0.419481 0.417938 0.415699 0.410508 0.377351 0.334201 0.257795 0.116869 -9999 -9999
-9999 -9999 -9999 1.0938 1.12415 1.14135 1.13625 1.12732 1.11764 1.10634 1.08572 1.07108 1.06509 1.05239 1.01501 1.01303 1.0152 1.03016 1.02615 1.01914 0.98791 0.890773 0.84773 0.789659 0.719 0.670204 0.668991 0.70401 0.68718 0.639882 0.589179 0.513854 0.464843 0.40628 0.301851 0.304876 0.343565 0.372205 0.420391 0.495738 0.547617 0.56866 0.57356 0.583984 0.586309 0.55155 0.511755 0.48999 0.459755 0.442795 0.427811 0.431849 0.422515 0.437034 0.437065 0.431944 0.426745 0.42202 0.418577 0.416645 0.415322 0.413922 0.413701 0.413255 0.404439 0.357257 0.236675 0.144815 -9999 -9999
-9999 -9999 -9999 -9999 1.11554 1.11176 1.09594 1.08323 1.07852 1.07691 1.07352 1.06266 1.06405 1.04985 1.01507 0.979629 1.00382 1.01229 1.0213 1.01904 1.01205 0.924718 0.876673 0.835605 0.767082 0.764227 0.769537 0.755931 0.728564 0.643044 0.558161 0.452644 0.365971 0.352372 0.299861 0.314672 0.339018 0.409005 0.458065 0.476842 0.489534 0.565734 0.580141 0.578509 0.590556 0.553014 0.526967 0.492557 0.484025 0.466706 0.450829 0.377164 0.410106 0.399703 0.424751 0.426963 0.422472 0.417398 0.41421 0.411748 0.410699 0.410242 0.410864 0.406414 0.4018 0.369984 0.223003 0.144447 -9999 -9999
-9999 -9999 -9999 -9999 -9999 -9999 1.0815 1.07285 1.06031 1.05427 1.06742 1.06397 1.05903 1.04974 1.03012 0.991831 0.981017 0.984756 0.952818 0.975107 1.00419 0.997514 0.985787 0.908449 0.852894 0.872604 0.847359 0.780522 0.724222 0.668439 0.571003 0.486091 0.388034 0.313026 0.302054 0.36678 0.419546 0.490707 0.521339 0.501096 0.519269 0.553384 0.593081 0.608083 0.594621 0.555296 0.532007 0.485797 0.501953 0.48848 0.457145 0.427638 0.407597 0.411832 0.405923 0.424066 0.421964 0.414783 0.410861 0.408588 0.407514 0.407423 0.40386 0.402593 0.400673 0.397057 0.246071 0.124782 -9999 -9999
-9999 -9999 -9999 -9999 -9999 -9999 1.05345 1.03968 1.03823 1.06783 1.06584 1.0615 1.04863 1.04339 1.02726 0.994744 0.963132 0.935103 0.89907 0.915736 0.963063 0.987671 0.983624 0.914644 0.92503 0.899171 0.860955 0.778021 0.712291 0.669696 0.575122 0.482811 0.413337 0.323686 0.348908 0.379487 0.422548 0.499611 0.552253 0.572903 0.551556 0.573236 0.619717 0.613386 0.576805 0.568252 0.531804 0.473502 0.503356 0.499586 0.472109 0.457481 0.428357 0.420581 0.419915 0.420512 0.419202 0.413289 0.408429 0.405934 0.405165 0.403849 0.402705 0.401893 0.400032 0.397008 0.29838 0.121596 -9999 -9999
-9999 -9999 -9999 -9999 -9999 -9999 -9999 1.00673 1.02987 1.07554 1.06387 1.04746 1.04836 1.03933 1.01857 1.00188 0.964655 0.916485 0.82561 0.845593 0.888913 0.951516 0.979936 0.965792 0.925233 0.876309 0.777092 0.687581 0.662123 0.633523 0.560017 0.483117 0.407128 0.433497 0.465258 0.50278 0.521201 0.512015 0.556767 0.593059 0.574598 0.601999 0.633061 0.610105 0.591927 0.573372 0.534201 0.51835 0.504578 0.513724 0.478544 0.472105 0.447066 0.431664 0.424456 0.420013 0.418088 0.412321 0.407751 0.405525 0.40357 0.40324 0.402245 0.400955 0.39909 0.396118 0.384175 0.28599 0.225548 -9999
-9999 -9999 -9999 -9999 -9999 -9999 -9999 0.966758 0.968154 1.02614 1.0222 1.04167 1.04726 1.03785 1.008 0.989787 0.9357 0.917459 0.833738 0.792508 0.820116 0.80241 0.888978 0.962901 0.924168 0.742281 0.666318 0.607015 0.601778 0.585458 0.553427 0.44016 0.403695 0.472046 0.513014 0.54472 0.569009 0.571463 0.568631 0.626615 0.631379 0.64717 0.638004 0.633117 0.594585 0.565595 0.562435 0.529189 0.510297 0.520462 0.477043 0.483607 0.455584 0.433828 0.420269 0.424574 0.418491 0.413223 0.408135 0.405365 0.403649 0.40197 0.401784 0.400544 0.398063 0.395668 0.391408 0.374039 0.320928 0.297922
-9999 -9999 -9999 -9999 -9999 -9999 -9999 -9999 0.897202 0.986029 1.00752 1.01884 1.04284 1.037 1.01456 0.988524 0.933809 0.88634 0.811005 0.725064 0.672877 0.800474 0.909131 0.960614 0.931918 0.778529 0.70863 0.690554 0.707086 0.663695 0.627235 0.535121 0.503151 0.464938 0.473417 0.519196 0.557507 0.596792 0.625411 0.626178 0.644201 0.649676 0.645535 0.642416 0.630417 0.617263 0.569004 0.57481 0.542541 0.535432 0.513018 0.491042 0.461565 0.4308 0.429671 0.428931 0.422519 0.414145 0.409668 0.407187 0.405588 0.404206 0.401097 0.399782 0.397856 0.394709 0.391171 0.384107 0.373199 0.338277
-9999 -9999 -9999 -9999 -9999 -9999 -9999 -9999 0.845379 0.934484 0.958574 1.01106 1.02988 1.03194 1.02317 1.0008 0.957994 0.89642 0.845126 0.748941 0.64851 0.778154 0.893381 0.95177 0.944922 0.803861 0.822222 0.781034 0.776361 0.712863 0.677798 0.636839 0.590657 0.542677 0.491066 0.46087 0.554717 0.601892 0.640013 0.656998 0.665491 0.667898 0.656347 0.641202 0.589149 0.612419 0.591449 0.574458 0.55596 0.538672 0.519329 0.499272 0.472239 0.457788 0.434469 0.432405 0.422295 0.41682 0.412859 0.409923 0.407785 0.406421 0.405198 0.40021 0.397608 0.394344 0.390375 0.383549 0.377655 0.369868
-9999 -9999 -9999 -9999 -9999 -9999 -9999 -9999 0.696969 0.835942 0.930011 0.982258 1.02049 1.0262 1.02452 0.995874 0.974372 0.928868 0.886037 0.821451 0.725623 0.664296 0.754643 0.898494 0.941609 0.913549 0.89657 0.852041 0.810148 0.792133 0.779897 0.722879 0.662867 0.592459 0.562268 0.534836 0.603271 0.609439 0.601046 0.678889 0.676211 0.668182 0.632914 0.5861 0.584463 0.5521 0.549412 0.510923 0.520394 0.526018 0.518571 0.50287 0.475961 0.456888 0.444713 0.43418 0.426887 0.420841 0.416348 0.413256 0.410993 0.408727 0.407112 0.406238 0.39779 0.394206 0.389854 0.38298 0.37733 0.370102
-9999 -9999 -9999 -9999 -9999 -9999 -9999 -9999 0.70345 0.804836 0.902056 0.950899 1.00463 1.0106 1.02494 1.01431 0.991447 0.950824 0.901462 0.847156 0.76391 0.700165 0.764181 0.846979 0.909803 0.911368 0.895922 0.880894 0.860397 0.842453 0.820677 0.789199 0.745222 0.67392 0.633943 0.580199 0.656697 0.661631 0.645269 0.682718 0.677248 0.611678 0.559487 0.547624 0.560724 0.52374 0.499431 0.4694 0.47564 0.513796 0.478499 0.467409 0.466775 0.459046 0.446279 0.438436 0.431138 0.425274 0.420426 0.417165 0.414777 0.411969 0.409879 0.407899 0.404843 0.394043 0.389373 0.38176 0.376145 0.369623
-9999 -9999 -9999 -9999 -9999 -9999 -9999 -9999 0.716508 0.768219 0.855066 0.935117 0.993492 1.01229 1.02492 1.0184 0.992077 0.969276 0.93635 0.887511 0.852316 0.793891 0.714719 0.829626 0.845599 0.854573 0.856502 0.878095 0.863596 0.833927 0.786788 0.792928 0.771674 0.717654 0.695197 0.663536 0.70348 0.69891 0.693521 0.687198 0.631144 0.554349 0.491341 0.526824 0.510805 0.511105 0.432551 0.464143 0.490201 0.489341 0.450406 0.417552 0.454877 0.447703 0.444392 0.440051 0.435585 0.429172 0.425123 0.421065 0.417945 0.415294 0.412514 0.409859 0.406662 0.402931 0.389257 0.381546 0.375376 0.362457
-9999 -9999 -9999 -9999 -9999 -9999 -9999 -9999 -9999 0.72611 0.831591 0.933414 0.986099 1.01658 1.02792 1.02065 1.00394 0.986301 0.963616 0.926599 0.881057 0.81147 0.757522 0.780128 0.793456 0.771969 0.784543 0.843006 0.854501 0.807431 0.694047 0.725604 0.771924 0.762432 0.750061 0.73807 0.726812 0.715578 0.697499 0.657038 0.542134 0.513539 0.464483 0.462763 0.432861 0.46062 0.422546 0.460769 0.470146 0.465711 0.406922 0.390956 0.425797 0.437317 0.424801 0.43004 0.438811 0.433381 0.428857 0.424474 0.421329 0.41843 0.415397 0.408094 0.404217 0.400002 0.383556 0.375961 0.366201 0.357605
-9999 -9999 -9999 -9999 -9999 -9999 -9999 -9999 -9999 0.69502 0.809844 0.932401 0.965138 0.998865 1.02776 1.02132 0.998515 0.977102 0.955551 0.931828 0.877157 0.823504 0.771332 0.748505 0.749159 0.706421 0.734813 0.815543 0.82156 0.802046 0.676085 0.63622 0.701675 0.756007 0.753378 0.740908 0.661023 0.671211 0.626238 0.567223 0.54724 0.518142 0.462175 0.479445 0.435228 0.442334 0.405186 0.422611 0.425035 0.447018 0.395091 0.370052 0.403601 0.421041 0.413144 0.433605 0.436856 0.433573 0.429115 0.425135 0.4213 0.418093 0.414293 0.410258 0.405847 0.400276 0.392404 0.365259 0.303691 0.29798
-9999 -9999 -9999 -9999 -9999 -9999 -9999 -9999 -9999 0.712706 0.789303 0.897276 0.975325 0.971838 1.00645 1.02116 0.996589 0.97025 0.943724 0.928839 0.86939 0.804309 0.749946 0.686209 0.687061 0.718192 0.739105 0.787852 0.787412 0.763964 0.67845 0.691491 0.733562 0.752413 0.752876 0.739739 0.717369 0.702237 0.66737 0.649226 0.602984 0.533512 0.502162 0.511157 0.435967 0.432313 0.448154 0.386514 0.419658 0.429737 0.36694 0.372899 0.410421 0.425558 0.43836 0.440834 0.438081 0.438173 0.433007 0.428745 0.424667 0.420481 0.416474 0.411423 0.406346 0.396118 0.382836 0.327754 0.285653 0.284035
-9999 -9999 -9999 -9999 -9999 -9999 -9999 -9999 -9999 0.73063 0.798993 0.891612 0.94471 0.947063 0.986336 1.02101 1.00934 0.981845 0.969138 0.941152 0.889445 0.8327 0.770862 0.736574 0.667162 0.718408 0.719905 0.760112 0.773278 0.694535 0.665548 0.691263 0.717259 0.723068 0.750487 0.743252 0.72545 0.670406 0.640678 0.644995 0.628884 0.604825 0.554519 0.545575 0.50984 0.489959 0.470092 0.39844 0.411264 0.403363 0.387614 0.413034 0.428508 0.436243 0.443092 0.439683 0.439448 0.441728 0.43696 0.432213 0.427468 0.423126 0.418092 0.41125 0.404619 0.388335 0.362972 0.319812 0.236341 0.273724
-9999 -9999 -9999 -9999 -9999 -9999 -9999 -9999 -9999 0.719915 0.793661 0.87167 0.899102 0.896626 0.974328 1.0193 1.01226 0.995523 0.977301 0.917101 0.913531 0.895842 0.839191 0.759577 0.672416 0.671066 0.690367 0.727852 0.739974 0.635341 0.603545 0.611668 0.655595 0.694501 0.735922 0.741398 0.720555 0.638089 0.551019 0.582551 0.616574 0.610023 0.591587 0.543855 0.523362 0.503564 0.465276 0.394347 0.376338 0.38066 0.399898 0.408702 0.427539 0.442169 0.425928 0.423833 0.439039 0.445458 0.440291 0.435242 0.430652 0.425526 0.419991 0.410436 0.40046 0.386887 0.328809 0.290378 0.233381 0.269007
-9999 -9999 -9999 -9999 -9999 -9999 -9999 -9999 -9999 0.696518 0.747466 0.821861 0.846609 0.892084 0.965119 0.997402 1.00929 1.00189 0.987326 0.956497 0.935127 0.899526 0.840744 0.762737 0.676496 0.61707 0.633862 0.675265 0.674071 0.587029 0.548063 0.577363 0.624932 0.699617 0.739409 0.73888 0.728047 0.705975 0.640614 0.56296 0.556896 0.586218 0.549428 0.507396 0.518944 0.50733 0.469549 0.439366 0.38891 0.374567 0.382594 0.387199 0.410592 0.449468 0.448719 0.440407 0.453569 0.448446 0.443166 0.438462 0.433199 0.427895 0.422201 0.41319 0.399273 0.35874 0.322467 0.274014 0.262604 0.287841
-9999 -9999 -9999 -9999 -9999 -9999 -9999 -9999 -9999 0.654164 0.716121 0.785391 0.850173 0.911497 0.96357 0.960627 0.985036 0.977936 0.987573 0.975841 0.946492 0.915226 0.863415 0.765352 0.681271 0.589983 0.602829 0.665852 0.616456 0.567833 0.485652 0.553507 0.629532 0.698066 0.732084 0.692997 0.719495 0.710385 0.68192 0.633067 0.560502 0.555106 0.498615 0.489171 0.506942 0.507124 0.494427 0.469657 0.422966 0.387838 0.383743 0.380267 0.401289 0.429856 0.458027 0.457111 0.457404 0.451586 0.445894 0.440876 0.435529 0.42944 0.42226 0.412785 0.377808 0.337077 0.309541 0.27369 0.263669 0.310551
