Test_Spring_2018/02_18/Prec/20180211_004.txt
ncols	170
nrows	115
xllcorner	350000.000000
yllcorner	4445000.000000
cellsize	1000.000000
nodata_value	-9999.000000
[rows 31 to 61 of 115, columns 70 to 139 of 170]
0.252475 0.250148 0.251529 0.258971 0.262624 0.263972 0.274316 0.279272 0.291498 0.296945 0.305692 0.311403 0.318789 0.328412 0.334216 0.347674 0.384263 0.376688 0.374609 0.385865 0.381464 0.373429 0.382116 0.406193 0.417125 0.434288 0.436221 0.450379 0.464924 -9999 -9999 -9999 -9999 -9999 -9999 -9999 -9999 -9999 -9999 -9999 -9999 -9999 -9999 -9999 -9999 -9999 -9999 -9999 -9999 -9999 -9999 -9999 -9999 -9999 -9999 -9999 -9999 -9999 -9999 -9999 -9999 -9999 -9999 -9999 -9999 -9999 -9999 -9999 -9999 -9999
0.2485 0.249109 0.252665 0.25987 0.258149 0.257118 0.278649 0.286933 0.28781 0.291981 0.298907 0.309537 0.315649 0.321577 0.326204 0.337616 0.364384 0.388442 0.378488 0.379787 0.389319 0.376001 0.384925 0.406248 0.435898 0.421817 0.427292 0.463116 0.475058 -9999 -9999 -9999 -9999 -9999 -9999 -9999 -9999 -9999 -9999 -9999 -9999 -9999 -9999 -9999 -9999 -9999 -9999 -9999 -9999 -9999 -9999 -9999 -9999 -9999 -9999 -9999 -9999 -9999 -9999 -9999 -9999 -9999 -9999 -9999 -9999 -9999 -9999 -9999 -9999 -9999
0.252086 0.249023 0.254223 0.259305 0.254751 0.25885 0.269939 0.280957 0.284452 0.287226 0.292027 0.298471 0.304303 0.310061 0.319752 0.332232 0.355392 0.382483 0.390056 0.379571 0.380621 0.38022 0.388781 0.399147 0.41453 0.404859 0.402171 0.423701 0.456396 0.474352 -9999 -9999 -9999 -9999 -9999 -9999 -9999 -9999 -9999 -9999 -9999 -9999 -9999 -9999 -9999 -9999 -9999 -9999 -9999 -9999 -9999 -9999 -9999 -9999 -9999 -9999 -9999 -9999 -9999 -9999 -9999 -9999 -9999 -9999 -9999 -9999 -9999 -9999 -9999 -9999
0.257797 0.250354 0.256533 0.268081 0.266754 0.266807 0.273028 0.287121 0.289747 0.283391 0.287282 0.290911 0.298097 0.304225 0.312371 0.324295 0.34011 0.358568 0.389069 0.373367 0.361437 0.363618 0.366203 0.374235 0.389379 0.380198 0.381625 0.413102 0.447007 0.460284 0.466885 -9999 -9999 -9999 -9999 -9999 -9999 -9999 -9999 -9999 -9999 -9999 -9999 -9999 -9999 -9999 -9999 -9999 -9999 -9999 -9999 -9999 -9999 -9999 -9999 -9999 -9999 -9999 -9999 -9999 -9999 -9999 -9999 -9999 -9999 -9999 -9999 -9999 -9999 -9999
-9999 0.253411 0.259519 0.272863 0.271488 0.268526 0.266279 0.27502 0.282598 0.282954 0.283046 0.286294 0.293295 0.308544 0.31268 0.315411 0.326398 0.347109 0.367773 0.374615 0.35563 0.351682 0.355015 0.352469 0.365882 0.362771 0.367151 0.38228 0.413242 0.440238 0.449239 0.464959 -9999 -9999 -9999 -9999 -9999 -9999 -9999 -9999 -9999 -9999 -9999 -9999 -9999 -9999 -9999 -9999 -9999 -9999 -9999 -9999 -9999 -9999 -9999 -9999 -9999 -9999 -9999 -9999 -9999 -9999 -9999 -9999 -9999 -9999 -9999 -9999 -9999 -9999
-9999 -9999 -9999 -9999 0.279173 0.277399 0.276787 0.277572 0.280601 0.279744 0.27875 0.28171 0.292768 0.299217 0.301663 0.309482 0.321709 0.330124 0.343892 0.358232 0.355752 0.340117 0.350462 0.340201 0.343753 0.34391 0.354871 0.384018 0.41437 0.437043 0.445413 0.458567 -9999 -9999 -9999 -9999 -9999 -9999 -9999 -9999 -9999 -9999 -9999 -9999 -9999 -9999 -9999 -9999 -9999 -9999 -9999 -9999 -9999 -9999 -9999 -9999 -9999 -9999 -9999 -9999 -9999 -9999 -9999 -9999 -9999 -9999 -9999 -9999 -9999 -9999
-9999 -9999 -9999 -9999 -9999 0.275875 0.276785 0.268156 0.278656 0.279088 0.275536 0.277952 0.283398 0.287839 0.293262 0.299726 0.309247 0.319648 0.332707 0.3359 0.326772 0.329127 0.334151 0.334995 0.331886 0.336232 0.359198 0.387958 0.402805 0.443391 0.456056 0.457007 0.466233 -9999 -9999 -9999 -9999 -9999 -9999 -9999 -9999 -9999 -9999 -9999 -9999 0.471299 -9999 -9999 -9999 -9999 -9999 -9999 -9999 -9999 -9999 -9999 -9999 -9999 -9999 -9999 -9999 -9999 -9999 -9999 -9999 -9999 0.60905 -9999 -9999 -9999
-9999 -9999 -9999 -9999 0.266126 0.268684 0.266687 0.262756 0.271631 0.276746 0.272115 0.274245 0.278506 0.282847 0.290334 0.293353 0.299371 0.310393 0.314261 0.312728 0.313463 0.314196 0.31587 0.319864 0.325345 0.33154 0.352962 0.366817 0.377015 0.408236 0.428811 0.441626 0.459716 0.474066 -9999 -9999 -9999 -9999 -9999 -9999 -9999 0.460948 0.465068 0.468702 0.469428 0.464192 0.474887 -9999 -9999 -9999 -9999 -9999 -9999 -9999 -9999 -9999 -9999 -9999 -9999 -9999 -9999 -9999 -9999 -9999 -9999 -9999 0.600206 0.616146 -9999 -9999
-9999 -9999 -9999 -9999 0.266823 0.263037 0.263178 0.259605 0.258941 0.27127 0.271242 0.270911 0.273025 0.277392 0.283138 0.284426 0.291937 0.296852 0.301112 0.298279 0.299846 0.304754 0.310431 0.315997 0.325797 0.329982 0.345023 0.355384 0.369778 0.384206 0.415431 0.439621 0.463051 0.482029 -9999 -9999 -9999 -9999 -9999 -9999 0.45194 0.446974 0.445804 0.460476 0.456242 0.453167 0.459864 0.479969 -9999 -9999 -9999 -9999 -9999 -9999 -9999 -9999 -9999 -9999 -9999 -9999 -9999 -9999 0.528947 0.544403 0.573467 0.589807 0.600946 0.615825 -9999 -9999
-9999 -9999 -9999 -9999 0.26528 0.260283 0.258208 0.256581 0.259435 0.262572 0.267809 0.268425 0.270071 0.271853 0.273726 0.280097 0.283586 0.293088 0.287236 0.289767 0.294368 0.305105 0.311803 0.328619 0.338179 0.35196 0.345116 0.357384 0.378286 0.403113 0.437784 0.447017 0.457202 0.474168 -9999 -9999 -9999 -9999 -9999 -9999 0.445216 0.439798 0.436443 0.439929 0.455398 0.446475 0.45885 0.473701 0.482371 0.482506 0.485735 0.501659 0.503507 0.505934 0.513705 0.513426 -9999 -9999 -9999 -9999 0.523339 0.524742 0.526355 0.534021 0.565475 0.588015 0.608841 0.617417 -9999 -9999
-9999 -9999 -9999 -9999 0.255714 0.254704 0.256414 0.260304 0.25907 0.262681 0.266867 0.265898 0.267648 0.2688 0.269798 0.272413 0.277597 0.278105 0.280124 0.284731 0.302 0.322158 0.318124 0.333074 0.360179 0.353628 0.348613 0.362359 0.387226 0.414976 0.431584 0.438438 0.451859 0.467777 -9999 -9999 -9999 0.458219 0.447148 0.448065 0.446999 0.43862 0.433724 0.43281 0.43376 0.438947 0.456975 0.47231 0.488435 0.492815 0.484553 0.487658 0.501088 0.50374 0.511455 0.513873 0.512761 0.513154 0.514855 0.517683 0.519609 0.520952 0.523229 0.530331 0.558669 0.576226 0.588784 0.61965 -9999 -9999
-9999 -9999 -9999 -9999 0.257812 0.257715 0.258359 0.255866 0.25913 0.258216 0.262804 0.264842 0.265503 0.270747 0.267548 0.268564 0.269985 0.272543 0.276268 0.290739 0.310447 0.330715 0.342222 0.343607 0.361021 0.365158 0.360207 0.370532 0.388033 0.413283 0.419554 0.43172 0.457474 0.477637 -9999 -9999 0.478222 0.454946 0.439245 0.432364 0.432248 0.435369 0.428347 0.432419 0.426012 0.434064 0.463077 0.469021 0.485909 0.490047 0.494182 0.499793 0.504057 0.50457 0.507488 0.511137 0.511513 0.5134 0.515219 0.516918 0.520165 0.520788 0.522234 0.527248 0.548233 0.559986 0.575795 0.618195 -9999 -9999
-9999 -9999 -9999 -9999 0.253869 0.253353 0.252004 0.255523 0.254898 0.258645 0.266883 0.26219 0.264303 0.268002 0.270584 0.266632 0.26741 0.268852 0.271196 0.284859 0.300987 0.324624 0.341061 0.353584 0.363697 0.382911 0.382999 0.389405 0.39595 0.397575 0.409022 0.427713 0.44101 0.467301 0.4795 -9999 0.473968 0.463606 0.444446 0.429004 0.420648 0.427984 0.419586 0.422448 0.419973 0.43118 0.454248 0.469579 0.478323 0.4879 0.487404 0.492559 0.501073 0.504111 0.507838 0.510732 0.512849 0.514793 0.51636 0.517546 0.518781 0.520029 0.521751 0.524596 0.535307 0.549187 0.572247 0.616621 -9999 -9999
-9999 -9999 -9999 0.260078 0.252697 0.248582 0.250065 0.252145 0.254003 0.255906 0.26058 0.260677 0.260707 0.264234 0.272748 0.272107 0.270854 0.266752 0.268372 0.271383 0.281405 0.309517 0.322308 0.340566 0.361664 0.379206 0.381303 0.373207 0.378571 0.391624 0.405101 0.425322 0.437587 0.451968 0.48065 0.478239 0.466578 0.458169 0.445217 0.425781 0.413527 0.410414 0.412407 0.411587 0.415309 0.431693 0.450777 0.462046 0.475442 0.485 0.493667 0.496779 0.505334 0.505756 0.507826 0.512076 0.51431 0.516105 0.517389 0.518253 0.519078 0.520166 0.521264 0.522799 0.527017 0.54196 0.577613 0.608612 -9999 -9999
-9999 -9999 -9999 -9999 0.254212 0.255746 0.260081 0.263116 0.263545 0.262719 0.262543 0.263484 0.261049 0.261727 0.270699 0.278968 0.271727 0.269343 0.267473 0.269254 0.272832 0.298054 0.313226 0.326578 0.347217 0.35245 0.3529 0.357965 0.366206 0.389549 0.412189 0.440386 0.462513 0.464719 0.477325 0.473138 0.46514 0.445442 0.432139 0.42787 0.426174 0.408303 0.406402 0.412539 0.414142 0.429498 0.445133 0.46017 0.468082 0.478072 0.487287 0.511579 0.508844 0.514652 0.510279 0.512363 0.515385 0.517152 0.518223 0.519079 0.519688 0.520404 0.521191 0.523743 0.527354 0.538266 0.580533 0.607964 -9999 -9999
-9999 -9999 -9999 -9999 -9999 -9999 0.263372 0.265264 0.267727 0.268008 0.263229 0.262071 0.26124 0.261683 0.265187 0.274209 0.276351 0.275224 0.284372 0.27974 0.273274 0.27714 0.282598 0.305773 0.325127 0.322174 0.330916 0.350356 0.366416 0.381768 0.407771 0.430328 0.455454 0.474097 0.475402 0.456428 0.441537 0.421404 0.412969 0.419147 0.415968 0.409453 0.402399 0.40278 0.411442 0.427507 0.442586 0.46108 0.462626 0.471846 0.485465 0.498098 0.509695 0.511692 0.51573 0.512641 0.514411 0.517776 0.518931 0.519613 0.520112 0.520628 0.522715 0.524506 0.526957 0.530322 0.573741 0.612674 -9999 -9999
-9999 -9999 -9999 -9999 -9999 -9999 0.270552 0.273785 0.273218 0.26386 0.263074 0.262107 0.263365 0.262683 0.26522 0.272622 0.280365 0.287778 0.297979 0.294629 0.283561 0.279005 0.282397 0.303327 0.304915 0.314249 0.326507 0.350304 0.368922 0.380741 0.405982 0.430493 0.447916 0.470474 0.462006 0.452176 0.439273 0.417824 0.403413 0.398714 0.40598 0.40287 0.394037 0.400235 0.415223 0.423136 0.441863 0.463781 0.461813 0.468592 0.481335 0.490114 0.504213 0.509537 0.512229 0.513893 0.51545 0.517727 0.519512 0.520176 0.520514 0.521396 0.522627 0.524265 0.526693 0.529914 0.559283 0.613145 -9999 -9999
-9999 -9999 -9999 -9999 -9999 -9999 -9999 0.282478 0.27528 0.261591 0.263399 0.265692 0.263265 0.263623 0.26743 0.270593 0.279852 0.292697 0.317637 0.31336 0.303321 0.288485 0.28308 0.289197 0.304444 0.319951 0.348601 0.374162 0.381952 0.390026 0.409629 0.430017 0.449237 0.440623 0.430433 0.418764 0.412509 0.414147 0.401904 0.392806 0.399452 0.394783 0.390085 0.400749 0.410788 0.421407 0.440887 0.451424 0.461244 0.464602 0.479479 0.486117 0.499152 0.50658 0.511075 0.514128 0.515869 0.51811 0.51963 0.52028 0.520934 0.521479 0.522642 0.524386 0.526797 0.529994 0.536037 0.56874 0.588813 -9999
-9999 -9999 -9999 -9999 -9999 -9999 -9999 0.293288 0.291949 0.274974 0.274767 0.267472 0.263861 0.264401 0.270724 0.274452 0.288142 0.292936 0.315925 0.328077 0.32218 0.328846 0.307679 0.289984 0.304674 0.355865 0.378193 0.395589 0.397932 0.402727 0.411223 0.441475 0.45016 0.43036 0.417804 0.407802 0.400052 0.398617 0.399209 0.384159 0.38477 0.383174 0.389227 0.394939 0.410355 0.423679 0.433401 0.448527 0.459646 0.462669 0.479716 0.482825 0.49667 0.505814 0.512038 0.512766 0.515661 0.517806 0.519541 0.520354 0.520847 0.521999 0.522944 0.52466 0.527211 0.530217 0.53415 0.54509 0.56314 0.57316
-9999 -9999 -9999 -9999 -9999 -9999 -9999 -9999 0.31134 0.286131 0.279204 0.274216 0.265777 0.265479 0.269721 0.275614 0.289695 0.302358 0.323058 0.347107 0.362596 0.330021 0.30275 0.290931 0.302846 0.34623 0.366823 0.373064 0.369532 0.381636 0.391393 0.41608 0.4237 0.432737 0.429095 0.41459 0.404102 0.39289 0.385098 0.385484 0.381999 0.383852 0.388427 0.393498 0.401584 0.410441 0.432151 0.436555 0.451078 0.458576 0.469826 0.480497 0.49471 0.506241 0.509115 0.511225 0.514257 0.51746 0.519023 0.519844 0.520389 0.520992 0.523564 0.525295 0.527664 0.530813 0.534472 0.542618 0.549196 0.562308
-9999 -9999 -9999 -9999 -9999 -9999 -9999 -9999 0.325803 0.300605 0.293146 0.277229 0.269424 0.26774 0.26874 0.273739 0.284669 0.301132 0.315318 0.342033 0.370259 0.335333 0.307768 0.293898 0.297528 0.339755 0.33647 0.348847 0.350991 0.368532 0.377993 0.389077 0.400697 0.412565 0.423796 0.43238 0.406297 0.39312 0.382886 0.378971 0.378053 0.379514 0.385547 0.395443 0.414042 0.41281 0.426969 0.437193 0.44772 0.457695 0.46789 0.477853 0.491362 0.498425 0.507241 0.509586 0.514136 0.516428 0.517972 0.519045 0.51986 0.520571 0.521473 0.524772 0.528338 0.531441 0.535106 0.543164 0.548224 0.553865
-9999 -9999 -9999 -9999 -9999 -9999 -9999 -9999 0.366452 0.327932 0.300576 0.285021 0.273754 0.270789 0.27002 0.276811 0.282065 0.294207 0.306061 0.324167 0.351006 0.368797 0.343873 0.306463 0.298997 0.310757 0.316835 0.330018 0.342141 0.347467 0.350868 0.366456 0.379458 0.397983 0.407434 0.414044 0.39502 0.393066 0.395487 0.375273 0.377367 0.381569 0.393756 0.40992 0.414332 0.430401 0.439392 0.45502 0.457664 0.461148 0.467854 0.4764 0.489812 0.497628 0.503517 0.509077 0.512397 0.514956 0.516785 0.518056 0.51906 0.520151 0.521267 0.522472 0.527623 0.530508 0.535781 0.54383 0.548616 0.553894
-9999 -9999 -9999 -9999 -9999 -9999 -9999 -9999 0.364191 0.336728 0.309298 0.295381 0.279567 0.276694 0.271755 0.273802 0.279478 0.290304 0.303855 0.31908 0.342375 0.36063 0.344627 0.321129 0.305364 0.309112 0.317502 0.322649 0.328976 0.330828 0.337131 0.346255 0.358003 0.379441 0.389661 0.403602 0.382648 0.38123 0.385945 0.376682 0.379532 0.399143 0.415735 0.422016 0.422569 0.436646 0.45132 0.467058 0.470178 0.464547 0.47737 0.484619 0.491141 0.496311 0.503337 0.507329 0.51072 0.513347 0.515423 0.516907 0.518111 0.519497 0.520859 0.522436 0.524601 0.531237 0.534675 0.543018 0.549287 0.55414
-9999 -9999 -9999 -9999 -9999 -9999 -9999 -9999 0.357646 0.347828 0.323298 0.301151 0.284244 0.27807 0.27372 0.27476 0.281415 0.287438 0.296502 0.310139 0.320348 0.336983 0.359307 0.329443 0.323372 0.32513 0.321637 0.316834 0.321627 0.33036 0.347325 0.345899 0.354725 0.369043 0.374792 0.383043 0.372161 0.373503 0.375414 0.378009 0.394473 0.417028 0.436379 0.429702 0.437303 0.441669 0.470714 0.464837 0.462496 0.467346 0.484766 0.497565 0.493787 0.500061 0.503278 0.506332 0.509024 0.51191 0.513917 0.51578 0.517345 0.518836 0.520497 0.522328 0.524552 0.527193 0.535307 0.543694 0.548161 0.554
-9999 -9999 -9999 -9999 -9999 -9999 -9999 -9999 -9999 0.356396 0.327862 0.299531 0.284455 0.275437 0.271703 0.273139 0.277312 0.281941 0.288132 0.298368 0.31106 0.330349 0.345517 0.340135 0.333899 0.3441 0.341714 0.326916 0.324661 0.33805 0.369662 0.365389 0.353178 0.355873 0.359287 0.362613 0.367982 0.371306 0.376771 0.388625 0.420924 0.428294 0.443688 0.446769 0.457828 0.454618 0.472896 0.466822 0.468568 0.473988 0.493894 0.50508 0.501013 0.500762 0.506568 0.507197 0.50774 0.510462 0.51273 0.51483 0.516551 0.518241 0.520073 0.522136 0.524537 0.527268 0.536428 0.545069 0.550371 0.555457
-9999 -9999 -9999 -9999 -9999 -9999 -9999 -9999 -9999 0.36706 0.335286 0.301429 0.29178 0.281946 0.27353 0.274773 0.280587 0.286207 0.292041 0.298623 0.313674 0.328562 0.34313 0.349848 0.350262 0.362576 0.355849 0.33499 0.33416 0.340111 0.379302 0.390516 0.373276 0.358947 0.359911 0.363546 0.38541 0.383199 0.396055 0.412974 0.41972 0.429276 0.446431 0.444243 0.458939 0.460128 0.479018 0.478175 0.481422 0.479373 0.497094 0.510549 0.506815 0.50482 0.509294 0.5058 0.506627 0.508946 0.511374 0.513535 0.51559 0.517481 0.519601 0.521906 0.524476 0.527546 0.531436 0.543978 0.56758 0.571648
-9999 -9999 -9999 -9999 -9999 -9999 -9999 -9999 -9999 0.363928 0.342463 0.312568 0.29077 0.290991 0.28107 0.276637 0.282922 0.289838 0.296957 0.301085 0.317326 0.33518 0.350223 0.367832 0.36808 0.360176 0.355474 0.343159 0.344023 0.351012 0.379694 0.376748 0.365908 0.361259 0.361541 0.365514 0.372057 0.376794 0.387036 0.393021 0.406847 0.427228 0.437666 0.437558 0.460393 0.464239 0.463058 0.488962 0.483616 0.484453 0.504801 0.512221 0.504972 0.503462 0.502288 0.503606 0.506069 0.50754 0.510249 0.512593 0.514824 0.51708 0.519335 0.521961 0.524718 0.529007 0.534272 0.550938 0.572802 0.575542
-9999 -9999 -9999 -9999 -9999 -9999 -9999 -9999 -9999 0.3608 0.341554 0.315807 0.300748 0.299422 0.288266 0.278467 0.281267 0.288461 0.291807 0.299387 0.313456 0.328968 0.345917 0.355497 0.374551 0.361143 0.361433 0.351361 0.348528 0.3757 0.384202 0.377913 0.37149 0.370465 0.363622 0.366141 0.371582 0.387169 0.396113 0.396104 0.40183 0.409953 0.425406 0.429996 0.442045 0.450055 0.458252 0.486798 0.486645 0.492052 0.502239 0.501735 0.500263 0.500634 0.500994 0.503871 0.50567 0.506598 0.509268 0.511824 0.514317 0.516687 0.51927 0.522403 0.52557 0.531443 0.539877 0.553216 0.586415 0.578454
-9999 -9999 -9999 -9999 -9999 -9999 -9999 -9999 -9999 0.365419 0.344703 0.322882 0.314733 0.314714 0.293221 0.280645 0.282181 0.286443 0.291221 0.307401 0.308438 0.313353 0.328814 0.350498 0.374241 0.374907 0.373814 0.360789 0.358206 0.392616 0.401905 0.400405 0.389235 0.379398 0.368893 0.368098 0.37446 0.397512 0.421949 0.414652 0.406888 0.410264 0.417068 0.431987 0.439797 0.447621 0.46059 0.486983 0.496826 0.498734 0.502952 0.503338 0.500842 0.499273 0.505795 0.508301 0.505955 0.505802 0.508628 0.511319 0.513824 0.516448 0.519192 0.523058 0.5271 0.532189 0.549341 0.561295 0.583425 0.579856
-9999 -9999 -9999 -9999 -9999 -9999 -9999 -9999 -9999 0.373455 0.358829 0.337953 0.33051 0.317578 0.29733 0.288152 0.28457 0.286283 0.290028 0.298244 0.304001 0.313659 0.329615 0.350791 0.374215 0.390444 0.386173 0.375681 0.381368 0.406567 0.417813 0.410661 0.398573 0.379182 0.369196 0.370098 0.373841 0.380707 0.399347 0.42145 0.424467 0.418158 0.429841 0.443142 0.442226 0.447725 0.460422 0.471198 0.494232 0.504043 0.508265 0.509676 0.505873 0.497724 0.500046 0.504215 0.502427 0.505402 0.508288 0.510918 0.513631 0.516319 0.519106 0.522807 0.527869 0.54015 0.551349 0.565892 0.570529 0.574918
-9999 -9999 -9999 -9999 -9999 -9999 -9999 -9999 -9999 0.386564 0.368906 0.349358 0.331107 0.313884 0.299252 0.299527 0.292547 0.294144 0.291333 0.294359 0.302204 0.310635 0.324653 0.351164 0.373951 0.398705 0.395457 0.382602 0.39874 0.412628 0.435525 0.418035 0.398336 0.380655 0.372279 0.383612 0.377361 0.380778 0.389517 0.40388 0.42478 0.427785 0.444724 0.449197 0.446535 0.448781 0.454644 0.463876 0.483618 0.501246 0.508663 0.512193 0.508988 0.503588 0.498119 0.500298 0.501983 0.505158 0.508169 0.510894 0.513631 0.516521 0.519685 0.523472 0.534146 0.546408 0.55517 0.566222 0.570371 0.564548
