Test_Spring_2018/02_18/Prec/20180213_023.txt
ncols	170
nrows	115
xllcorner	350000.000000
yllcorner	4445000.000000
cellsize	1000.000000
nodata_value	-9999.000000
[rows 31 to 61 of 115, columns 71 to 141 of 170]
0.59534 0.601266 0.607866 0.615005 0.640397 0.649216 0.65864 0.696033 0.70514 0.713914 0.722199 0.729993 0.737286 0.744043 0.750441 0.756734 0.762356 0.767955 0.773764 0.779634 0.785821 0.792643 0.800159 0.80811 0.816681 0.830275 0.858654 0.867593 -9999 -9999 -9999 -9999 -9999 -9999 -9999 -9999 -9999 -9999 -9999 -9999 -9999 -9999 -9999 -9999 -9999 -9999 -9999 -9999 -9999 -9999 -9999 -9999 -9999 -9999 -9999 -9999 -9999 -9999 -9999 -9999 -9999 -9999 -9999 -9999 -9999 -9999 -9999 -9999 -9999 -9999 -9999
0.592412 0.59839 0.604965 0.611965 0.619412 0.645893 0.671748 0.692945 0.701844 0.710426 0.718627 0.726325 0.733563 0.74036 0.746861 0.753243 0.759431 0.765227 0.771225 0.777518 0.783899 0.79092 0.798539 0.806736 0.814959 0.8238 0.857877 0.872617 -9999 -9999 -9999 -9999 -9999 -9999 -9999 -9999 -9999 -9999 -9999 -9999 -9999 -9999 -9999 -9999 -9999 -9999 -9999 -9999 -9999 -9999 -9999 -9999 -9999 -9999 -9999 -9999 -9999 -9999 -9999 -9999 -9999 -9999 -9999 -9999 -9999 -9999 -9999 -9999 -9999 -9999 -9999
0.588731 0.594853 0.601505 0.608532 0.616035 0.642586 0.668808 0.68969 0.698507 0.706993 0.715084 0.722732 0.729952 0.736827 0.743412 0.749878 0.756262 0.762439 0.768538 0.774974 0.781711 0.788929 0.796602 0.804776 0.813119 0.821899 0.835883 0.871732 0.894836 -9999 -9999 -9999 -9999 -9999 -9999 -9999 -9999 -9999 -9999 -9999 -9999 -9999 -9999 -9999 -9999 -9999 -9999 -9999 -9999 -9999 -9999 -9999 -9999 -9999 -9999 -9999 -9999 -9999 -9999 -9999 -9999 -9999 -9999 -9999 -9999 -9999 -9999 -9999 -9999 -9999 -9999
0.584311 0.59068 0.59763 0.604899 0.612534 0.655863 0.677215 0.686396 0.695179 0.703679 0.711738 0.719385 0.726594 0.733449 0.740049 0.746491 0.752873 0.759406 0.765608 0.772093 0.779055 0.786421 0.794277 0.802646 0.811175 0.820155 0.841856 0.886068 0.893938 0.901436 -9999 -9999 -9999 -9999 -9999 -9999 -9999 -9999 -9999 -9999 -9999 -9999 -9999 -9999 -9999 -9999 -9999 -9999 -9999 -9999 -9999 -9999 -9999 -9999 -9999 -9999 -9999 -9999 -9999 -9999 -9999 -9999 -9999 -9999 -9999 -9999 -9999 -9999 -9999 -9999 -9999
0.579167 0.585895 0.593239 0.600879 0.608833 0.636195 0.672249 0.68291 0.691947 0.700525 0.70864 0.716296 0.723576 0.730352 0.736818 0.743187 0.749596 0.756071 0.76259 0.769137 0.776214 0.783805 0.791803 0.800429 0.80931 0.818619 0.836602 0.862987 0.893206 0.900978 0.908377 -9999 -9999 -9999 -9999 -9999 -9999 -9999 -9999 -9999 -9999 -9999 -9999 -9999 -9999 -9999 -9999 -9999 -9999 -9999 -9999 -9999 -9999 -9999 -9999 -9999 -9999 -9999 -9999 -9999 -9999 -9999 -9999 -9999 -9999 -9999 -9999 -9999 -9999 -9999 -9999
-9999 -9999 -9999 0.596622 0.623897 0.642747 0.668674 0.679494 0.688826 0.6976 0.705825 0.713553 0.720709 0.727386 0.733798 0.740073 0.746271 0.752632 0.759242 0.76604 0.773153 0.781042 0.789255 0.798132 0.807449 0.817265 0.848835 0.862181 0.892901 0.901084 0.908828 -9999 -9999 -9999 -9999 -9999 -9999 -9999 -9999 -9999 -9999 -9999 -9999 -9999 -9999 -9999 -9999 -9999 -9999 -9999 -9999 -9999 -9999 -9999 -9999 -9999 -9999 -9999 -9999 -9999 -9999 -9999 -9999 -9999 -9999 -9999 -9999 -9999 -9999 -9999 -9999
-9999 -9999 -9999 -9999 0.62015 0.639079 0.649059 0.67619 0.68596 0.694998 0.703379 0.711093 0.718171 0.724744 0.73096 0.737008 0.743043 0.749261 0.755693 0.762448 0.769873 0.777941 0.786603 0.795843 0.805716 0.824689 0.847781 0.858521 0.892972 0.901785 0.909923 0.917495 -9999 -9999 -9999 -9999 -9999 -9999 -9999 -9999 -9999 -9999 -9999 -9999 0.957298 -9999 -9999 -9999 -9999 -9999 -9999 -9999 -9999 -9999 -9999 -9999 -9999 -9999 -9999 -9999 -9999 -9999 -9999 -9999 -9999 0.962966 -9999 -9999 -9999 -9999 -9999
-9999 -9999 -9999 0.58719 0.624147 0.635308 0.646203 0.67203 0.6834 0.692795 0.701373 0.709122 0.71611 0.722508 0.728421 0.734133 0.739885 0.745771 0.752003 0.758822 0.766326 0.774595 0.783664 0.793497 0.804011 0.835063 0.846636 0.858192 0.872233 0.902562 0.911485 0.919714 0.927082 -9999 -9999 -9999 -9999 -9999 -9999 -9999 0.955871 0.956997 0.957901 0.958655 0.95931 0.960159 -9999 -9999 -9999 -9999 -9999 -9999 -9999 -9999 -9999 -9999 -9999 -9999 -9999 -9999 -9999 -9999 -9999 -9999 -9999 0.965929 0.963815 -9999 -9999 -9999 -9999
-9999 -9999 -9999 0.607002 0.61937 0.631683 0.643609 0.654997 0.681221 0.691099 0.699885 0.707654 0.714513 0.720629 0.726162 0.731482 0.73677 0.742313 0.748288 0.75501 0.762612 0.771151 0.780642 0.791091 0.802308 0.833208 0.845753 0.858382 0.870815 0.903952 0.913787 0.922748 0.930711 -9999 -9999 -9999 -9999 -9999 -9999 0.958111 0.959153 0.9599 0.96061 0.961044 0.961507 0.962165 0.96906 -9999 -9999 -9999 -9999 -9999 -9999 -9999 -9999 -9999 -9999 -9999 -9999 -9999 -9999 0.976428 0.974935 0.97328 0.971241 0.968956 0.966583 -9999 -9999 -9999 -9999
-9999 -9999 -9999 0.600915 0.614626 0.628199 0.641315 0.65376 0.66586 0.689919 0.698971 0.706765 0.713427 0.719165 0.724296 0.729057 0.733876 0.738861 0.744551 0.751123 0.758795 0.767561 0.777593 0.788668 0.818284 0.831447 0.845159 0.859036 0.872747 0.905434 0.916758 0.926356 0.934916 -9999 -9999 -9999 -9999 -9999 -9999 0.962338 0.962972 0.963285 0.963488 0.963777 0.963897 0.970147 0.970614 0.971221 0.97196 0.972947 0.985308 0.980286 0.980777 0.981424 0.982019 -9999 -9999 -9999 -9999 0.982499 0.981552 0.980186 0.978479 0.976658 0.974448 0.971996 0.967509 -9999 -9999 -9999 -9999
-9999 -9999 -9999 0.594731 0.609962 0.624978 0.639433 0.652956 0.665951 0.689337 0.699322 0.706843 0.713071 0.718242 0.722679 0.726747 0.730757 0.73515 0.740275 0.746512 0.753957 0.762441 0.774293 0.794301 0.815392 0.829744 0.844733 0.859954 0.874994 0.907926 0.92007 0.930544 0.943687 -9999 -9999 -9999 0.964929 0.967272 0.968852 0.969712 0.969997 0.970009 0.966693 0.966421 0.973481 0.971846 0.972216 0.972874 0.973705 0.974691 0.976044 0.98235 0.983082 0.98399 0.987459 0.988094 0.988612 0.988915 0.988918 0.988533 0.98772 0.986483 0.984874 0.979996 0.977483 0.974657 0.966165 -9999 -9999 -9999 -9999
-9999 -9999 -9999 0.583423 0.599433 0.615271 0.641033 0.655163 0.667945 0.680204 0.69953 0.707039 0.713073 0.717769 0.72161 0.724979 0.72834 0.732142 0.73689 0.742856 0.750223 0.759026 0.775444 0.788007 0.809112 0.824001 0.844458 0.868815 0.884502 0.899301 0.928867 0.939424 0.94874 -9999 -9999 0.967307 0.970461 0.972498 0.973625 0.974048 0.973967 0.973477 0.972999 0.972482 0.978673 0.977102 0.977341 0.974366 0.975232 0.979939 0.981355 0.991702 0.988034 0.988918 0.989862 0.990733 0.991475 0.991963 0.992097 0.991816 0.991027 0.989749 0.988025 0.986023 0.983547 0.97987 0.972951 -9999 -9999 -9999 -9999
-9999 -9999 -9999 0.582917 0.600036 0.616761 0.632825 0.647853 0.668875 0.681821 0.692093 0.707675 0.713438 0.717733 0.720911 0.723572 0.726206 0.729339 0.733552 0.739139 0.746421 0.7554 0.771444 0.784627 0.815235 0.831305 0.847883 0.864571 0.880987 0.902909 0.932647 0.944384 0.953748 0.961931 -9999 0.973033 0.976178 0.97789 0.978527 0.97839 0.977845 0.976839 0.975884 0.980484 0.980301 0.978553 0.981863 0.982491 0.983386 0.984416 0.982904 0.99289 0.993596 0.990928 0.992066 0.993161 0.994102 0.994764 0.995036 0.99483 0.994088 0.992793 0.990967 0.988723 0.985469 0.982416 0.975359 -9999 -9999 -9999 -9999
-9999 -9999 0.546693 0.578313 0.596745 0.614777 0.632006 0.648118 0.66285 0.676631 0.694192 0.702677 0.714086 0.71799 0.720601 0.722553 0.724422 0.726892 0.730461 0.735623 0.742801 0.755634 0.775579 0.790299 0.812754 0.829987 0.847624 0.86554 0.883315 0.900511 0.929976 0.948797 0.959349 0.967275 0.973819 0.978467 0.981471 0.982949 0.983144 0.9825 0.981356 0.979973 0.98291 0.982183 0.984377 0.982764 0.983076 0.983723 0.984631 0.985804 0.987157 0.996241 0.994751 0.995624 0.994013 0.995287 0.996402 0.997222 0.997624 0.997509 0.996815 0.995511 0.993615 0.990856 0.98793 0.979149 0.971661 -9999 -9999 -9999 -9999
-9999 -9999 -9999 0.574537 0.594178 0.613333 0.631587 0.648602 0.664104 0.678491 0.690408 0.700045 0.711088 0.718388 0.720558 0.721836 0.723088 0.72493 0.727991 0.732739 0.747452 0.75863 0.772005 0.787418 0.810422 0.82864 0.847473 0.86651 0.885484 0.903841 0.933615 0.947469 0.959243 0.97271 0.978642 0.9833 0.986023 0.98722 0.987208 0.98626 0.984535 0.985811 0.986327 0.985763 0.985627 0.983935 0.984222 0.98479 0.985712 0.986926 0.988552 0.997131 0.997615 0.998104 0.997656 0.997044 0.998295 0.999243 0.99976 0.999733 0.999092 0.997803 0.995742 0.989152 0.985225 0.981238 0.973509 -9999 -9999 -9999 -9999
-9999 -9999 -9999 -9999 -9999 0.612259 0.631262 0.648994 0.665121 0.679969 0.692227 0.702091 0.709572 0.714835 0.720571 0.721475 0.72225 0.723737 0.728354 0.735334 0.744081 0.75538 0.769242 0.790705 0.808617 0.827695 0.847498 0.867463 0.887207 0.90643 0.936326 0.950773 0.963156 0.973167 0.98066 0.986844 0.989414 0.990434 0.990247 0.98897 0.989612 0.988483 0.987533 0.986912 0.986693 0.984976 0.985261 0.985752 0.986673 0.987953 0.98949 0.997893 0.99831 0.998861 0.99944 1.00013 0.999719 1.00076 1.00136 1.00141 1.00082 0.997633 0.994785 0.991189 0.987005 0.982815 0.975048 -9999 -9999 -9999 -9999
-9999 -9999 -9999 -9999 -9999 0.611666 0.631113 0.649219 0.665616 0.68082 0.693318 0.703355 0.710879 0.716087 0.719308 0.721399 0.721972 0.724015 0.727664 0.733646 0.742326 0.753732 0.767801 0.789296 0.807761 0.827349 0.847701 0.868213 0.888444 0.908171 0.938195 0.952903 0.96559 0.975679 0.983354 0.988588 0.991662 0.992473 0.992124 0.991792 0.990673 0.989425 0.988463 0.98786 0.987536 0.985868 0.986184 0.986642 0.987544 0.98882 0.99032 0.99852 0.998917 0.9994 0.999981 1.00064 1.00134 1.00172 1.00237 1.00247 1.00111 0.99913 0.996245 0.992579 0.988294 0.983836 0.976125 -9999 -9999 -9999 -9999
-9999 -9999 -9999 -9999 -9999 -9999 0.631013 0.649123 0.665562 0.680879 0.693504 0.703586 0.711184 0.716443 0.719628 0.721289 0.722128 0.724078 0.727678 0.733648 0.742224 0.753566 0.767537 0.789231 0.807865 0.827743 0.848245 0.868785 0.889118 0.908922 0.938923 0.953733 0.966161 0.976268 0.983934 0.989223 0.992287 0.993178 0.992942 0.992242 0.991115 0.989936 0.989059 0.988456 0.988212 0.986594 0.986828 0.987429 0.988303 0.98959 0.991039 0.999117 0.999461 0.999883 1.0004 1.00099 1.00165 1.00228 1.0028 1.00274 1.00174 0.999787 0.996923 0.993264 0.988971 0.984248 0.976291 0.971077 -9999 -9999 -9999
-9999 -9999 -9999 -9999 -9999 -9999 0.630941 0.648844 0.665046 0.680192 0.692659 0.702735 0.710404 0.715807 0.720305 0.721828 0.722542 0.723934 0.729202 0.735263 0.744044 0.75515 0.76875 0.790339 0.809115 0.828687 0.848854 0.869082 0.889124 0.908562 0.938593 0.953113 0.965276 0.975248 0.982864 0.988117 0.991572 0.992534 0.99211 0.9919 0.990948 0.990032 0.989259 0.988854 0.988764 0.987115 0.987469 0.988123 0.989001 0.990286 0.991645 0.99975 1.00002 1.00036 1.00075 1.00126 1.00183 1.00211 1.00273 1.00285 1.00152 0.999614 0.996821 0.993244 0.98903 0.984362 0.976218 0.971037 0.965987 0.96122 -9999
-9999 -9999 -9999 -9999 -9999 -9999 -9999 0.648276 0.663924 0.67863 0.690916 0.700874 0.708598 0.718322 0.720676 0.72217 0.723398 0.72517 0.728105 0.738582 0.746931 0.757806 0.771175 0.79249 0.81066 0.829642 0.849092 0.868642 0.888137 0.906977 0.936804 0.950888 0.963006 0.972825 0.981933 0.986972 0.989522 0.990582 0.990551 0.989685 0.990443 0.989778 0.989248 0.988992 0.989043 0.987604 0.987951 0.988695 0.989628 0.99082 0.992182 1.00044 1.00065 1.00085 1.00113 1.00153 1.00081 1.00168 1.00222 1.00229 1.0018 0.998701 0.99602 0.992585 0.988533 0.984026 0.975943 0.970803 0.965917 0.96141 0.957418
-9999 -9999 -9999 -9999 -9999 -9999 -9999 0.647411 0.662374 0.676516 0.688362 0.700419 0.713312 0.717573 0.720447 0.722511 0.724395 0.726679 0.730129 0.735151 0.746652 0.761678 0.7746 0.789624 0.812856 0.830754 0.849381 0.868078 0.886714 0.904654 0.934143 0.947648 0.9593 0.971683 0.979537 0.983799 0.986501 0.98781 0.988086 0.987644 0.986817 0.990373 0.989128 0.989259 0.989436 0.988011 0.98854 0.98931 0.990279 0.99142 0.992691 1.00122 1.00129 1.00144 1.00161 0.99939 1.00026 1.00097 1.00139 1.00139 1.00086 0.99973 0.996727 0.991414 0.987579 0.983303 0.975348 0.970429 0.965673 0.96125 0.957433
-9999 -9999 -9999 -9999 -9999 -9999 -9999 0.646661 0.660655 0.676585 0.687939 0.705629 0.711986 0.716701 0.720217 0.722936 0.725513 0.728462 0.732403 0.737828 0.744901 0.761017 0.772557 0.793008 0.815257 0.832229 0.849784 0.867473 0.88487 0.901658 0.930973 0.947845 0.958529 0.969023 0.975395 0.979788 0.982813 0.984586 0.985123 0.985196 0.984902 0.984566 0.990599 0.991159 0.990016 0.988619 0.989336 0.990095 0.991011 0.992076 0.993246 1.00216 1.00219 1.0022 0.99826 0.998961 0.999622 1.00014 1.0004 1.00029 0.999701 0.998569 0.996849 0.992668 0.989496 0.982295 0.974486 0.96985 0.965343 0.961111 0.957306
-9999 -9999 -9999 -9999 -9999 -9999 -9999 0.647543 0.66124 0.673753 0.695823 0.704004 0.71064 0.715806 0.719931 0.723414 0.726764 0.730467 0.734996 0.740825 0.748125 0.756787 0.77702 0.790072 0.811956 0.834068 0.850362 0.866779 0.886351 0.902273 0.932019 0.943767 0.95681 0.964725 0.971051 0.975484 0.97874 0.9809 0.982014 0.982621 0.98303 0.983268 0.983442 0.991592 0.992655 0.99142 0.990158 0.990992 0.991828 0.992656 0.993769 1.0034 1.00328 0.997681 0.998114 0.99858 0.999008 0.999312 0.99939 0.999141 0.998478 0.997325 0.995643 0.993426 0.988153 0.9847 0.976952 0.969112 0.96487 0.96086 0.957207
-9999 -9999 -9999 -9999 -9999 -9999 -9999 0.640463 0.659098 0.670944 0.694286 0.70247 0.709335 0.714984 0.719744 0.723984 0.72806 0.732446 0.737567 0.743693 0.751188 0.760211 0.770237 0.794019 0.815227 0.831736 0.847768 0.864057 0.88015 0.916714 0.928936 0.943915 0.953015 0.960567 0.96671 0.971305 0.974816 0.977312 0.979012 0.980284 0.981268 0.982061 0.982583 0.983353 0.993467 0.992373 0.99303 0.993988 0.995021 0.993645 0.994739 1.00481 0.997768 0.997915 0.998119 0.998343 0.998537 0.998616 0.998502 0.998103 0.997338 0.996143 0.994476 0.992325 0.989706 0.983494 0.975802 0.971778 0.968778 0.964656 0.957467
-9999 -9999 -9999 -9999 -9999 -9999 -9999 -9999 0.651579 0.679566 0.68945 0.698122 0.705584 0.711993 0.717595 0.722684 0.7276 0.732736 0.738484 0.74515 0.753027 0.762174 0.772497 0.798138 0.819623 0.83402 0.848732 0.86368 0.878555 0.911824 0.929168 0.939229 0.94812 0.955662 0.961876 0.967618 0.971364 0.974239 0.976472 0.978398 0.979226 0.98046 0.981518 0.982704 0.994491 0.993168 0.994153 0.995202 0.996253 0.997397 1.00986 1.00101 1.00075 1.00059 1.00041 0.998338 0.998301 0.998161 0.997849 0.997286 0.996403 0.995141 0.995248 0.993155 0.990608 0.983988 0.975969 0.972014 0.968004 0.964087 0.96035
-9999 -9999 -9999 -9999 -9999 -9999 -9999 -9999 0.668022 0.678687 0.688233 0.696914 0.704545 0.711279 0.717409 0.723145 0.72874 0.734513 0.740772 0.747862 0.755906 0.765041 0.775254 0.786544 0.822893 0.836228 0.849774 0.863592 0.87725 0.916911 0.927656 0.937039 0.945301 0.952543 0.95866 0.963886 0.967901 0.971251 0.973984 0.976121 0.977952 0.979661 0.981082 0.982667 0.984156 0.994523 0.995632 0.996735 0.99772 0.998831 1.01191 1.0021 1.00172 1.00142 1.00104 1.00071 1.00036 0.999945 0.999392 0.99864 0.997619 0.996271 0.994545 0.992411 0.989868 0.986943 0.979485 0.971175 0.967309 0.963466 0.959809
-9999 -9999 -9999 -9999 -9999 -9999 -9999 -9999 0.66779 0.678114 0.687452 0.695962 0.703839 0.71087 0.717388 0.723662 0.729837 0.736165 0.742862 0.750303 0.758553 0.767684 0.777804 0.788695 0.800373 0.838258 0.850941 0.863794 0.876487 0.91643 0.926364 0.935286 0.943269 0.950277 0.956322 0.961453 0.965723 0.969328 0.9723 0.974899 0.97724 0.979263 0.981054 0.983024 0.984787 0.98651 0.997406 0.998444 0.999466 1.0006 1.00386 1.00336 1.00289 1.00242 1.00196 1.00148 1.00095 1.00034 0.999593 0.998653 0.997464 0.995969 0.994129 0.991915 0.989337 0.986411 0.983288 0.970233 0.966431 0.962621 0.958972
-9999 -9999 -9999 -9999 -9999 -9999 -9999 -9999 0.667762 0.677743 0.686918 0.695453 0.703427 0.710695 0.717516 0.724185 0.73082 0.737548 0.744657 0.75235 0.760721 0.769868 0.779747 0.790516 0.801678 0.84032 0.852255 0.864277 0.906275 0.91652 0.9259 0.93446 0.942194 0.948965 0.95495 0.960134 0.964675 0.9685 0.971696 0.974524 0.977054 0.97943 0.98154 0.983631 0.985627 0.987595 0.999374 1.00047 1.00155 0.992893 1.00533 1.00484 1.00432 1.00378 1.00322 1.00261 1.00191 1.00113 1.0002 0.999074 0.997703 0.996043 0.994059 0.991722 0.989056 0.986079 0.982858 0.969429 0.965506 0.961602 0.947834
-9999 -9999 -9999 -9999 -9999 -9999 -9999 -9999 0.667968 0.677658 0.686716 0.695288 0.703359 0.710709 0.717773 0.724756 0.731711 0.738792 0.74628 0.754056 0.762439 0.771582 0.781479 0.792076 0.803056 0.823384 0.853744 0.865183 0.907467 0.917283 0.926353 0.934591 0.942051 0.948692 0.954636 0.959902 0.964655 0.968825 0.972163 0.975083 0.977793 0.980292 0.982696 0.984903 0.987026 0.989145 0.988408 1.0029 1.00394 1.00765 1.00719 1.00665 1.00607 1.00553 1.00489 1.00412 1.00329 1.00236 1.00126 0.999948 0.99839 0.996542 0.99438 0.991875 0.989035 0.985991 0.982606 0.974023 0.964547 0.960549 0.942719
-9999 -9999 -9999 -9999 -9999 -9999 -9999 -9999 0.668317 0.677884 0.686848 0.695406 0.703403 0.710897 0.718184 0.725342 0.732516 0.739825 0.747444 0.755433 0.763967 0.773146 0.782995 0.793474 0.804429 0.815621 0.855456 0.876472 0.908965 0.918557 0.927381 0.935479 0.94277 0.949401 0.9554 0.96072 0.965424 0.969672 0.973461 0.97664 0.979389 0.98206 0.984551 0.986751 0.988917 0.991085 0.993182 1.00552 0.996109 1.00982 1.00935 1.00878 1.00812 1.00751 1.00684 1.00601 1.00511 1.00406 1.00281 1.00132 0.99957 0.99751 0.995124 0.992401 0.989401 0.986059 0.98246 0.978527 0.963525 0.948511 0.940638
-9999 -9999 -9999 -9999 -9999 -9999 -9999 -9999 0.668786 0.678231 0.68716 0.695601 0.70359 0.711215 0.718707 0.725961 0.733278 0.740666 0.748367 0.756494 0.765105 0.774323 0.784253 0.794719 0.805726 0.816869 0.836825 0.900698 0.910697 0.920367 0.929073 0.937112 0.944465 0.951181 0.957371 0.962684 0.967449 0.971688 0.975478 0.978906 0.981797 0.984553 0.986968 0.989156 0.991287 0.993386 0.995475 0.994238 0.998464 1.01219 1.01174 1.01118 1.01056 1.00988 1.00918 1.00836 1.00741 1.00626 1.00488 1.00324 1.00129 0.998998 0.996353 0.993403 0.990099 0.986409 0.982434 0.978141 0.96854 0.946839 0.938508
