Test_Spring_2018/02_18/Prec/20180210_018.txt
ncols	170
nrows	115
xllcorner	350000.000000
yllcorner	4445000.000000
cellsize	1000.000000
nodata_value	-9999.000000
[rows 31 to 61 of 115, columns 70 to 139 of 170]
0.517643 0.510429 0.507483 0.511745 0.510774 0.502322 0.499203 0.499154 0.499741 0.501126 0.506905 0.509182 0.513998 0.52215 0.526059 0.540258 0.584315 0.57327 0.5698 0.583754 0.578459 0.569014 0.581025 0.612716 0.627968 0.651158 0.656844 0.667784 0.687979 -9999 -9999 -9999 -9999 -9999 -9999 -9999 -9999 -9999 -9999 -9999 -9999 -9999 -9999 -9999 -9999 -9999 -9999 -9999 -9999 -9999 -9999 -9999 -9999 -9999 -9999 -9999 -9999 -9999 -9999 -9999 -9999 -9999 -9999 -9999 -9999 -9999 -9999 -9999 -9999 -9999
0.516164 0.512578 0.512354 0.516359 0.508724 0.501626 0.508269 0.513998 0.499506 0.499698 0.503609 0.512522 0.516133 0.519976 0.522687 0.534506 0.566269 0.595163 0.58165 0.582838 0.594864 0.578422 0.590373 0.618219 0.656747 0.640166 0.648315 0.687681 0.702833 -9999 -9999 -9999 -9999 -9999 -9999 -9999 -9999 -9999 -9999 -9999 -9999 -9999 -9999 -9999 -9999 -9999 -9999 -9999 -9999 -9999 -9999 -9999 -9999 -9999 -9999 -9999 -9999 -9999 -9999 -9999 -9999 -9999 -9999 -9999 -9999 -9999 -9999 -9999 -9999 -9999
0.524562 0.516254 0.518048 0.51936 0.508194 0.507681 0.511341 0.510226 0.499596 0.498318 0.49986 0.503812 0.507381 0.511292 0.52063 0.533968 0.56127 0.594007 0.602552 0.588718 0.589827 0.589439 0.600651 0.614375 0.634614 0.623351 0.620982 0.65055 0.682773 0.702495 -9999 -9999 -9999 -9999 -9999 -9999 -9999 -9999 -9999 -9999 -9999 -9999 -9999 -9999 -9999 -9999 -9999 -9999 -9999 -9999 -9999 -9999 -9999 -9999 -9999 -9999 -9999 -9999 -9999 -9999 -9999 -9999 -9999 -9999 -9999 -9999 -9999 -9999 -9999 -9999
0.535928 0.521986 0.524923 0.534329 0.527201 0.521588 0.519055 0.511977 0.51046 0.497825 0.49842 0.499037 0.504539 0.509129 0.5167 0.529477 0.547592 0.569453 0.606905 0.586385 0.570957 0.573643 0.577104 0.58767 0.607405 0.596583 0.599268 0.638805 0.670077 0.688487 0.698398 -9999 -9999 -9999 -9999 -9999 -9999 -9999 -9999 -9999 -9999 -9999 -9999 -9999 -9999 -9999 -9999 -9999 -9999 -9999 -9999 -9999 -9999 -9999 -9999 -9999 -9999 -9999 -9999 -9999 -9999 -9999 -9999 -9999 -9999 -9999 -9999 -9999 -9999 -9999
-9999 0.53012 0.53283 0.544368 0.53706 0.527549 0.518395 0.511257 0.505397 0.501286 0.497177 0.497435 0.502845 0.519096 0.521741 0.523024 0.535122 0.559863 0.584885 0.592773 0.568345 0.563173 0.567441 0.564511 0.581931 0.578664 0.584999 0.602459 0.639842 0.667006 0.679985 0.701376 -9999 -9999 -9999 -9999 -9999 -9999 -9999 -9999 -9999 -9999 -9999 -9999 -9999 -9999 -9999 -9999 -9999 -9999 -9999 -9999 -9999 -9999 -9999 -9999 -9999 -9999 -9999 -9999 -9999 -9999 -9999 -9999 -9999 -9999 -9999 -9999 -9999 -9999
-9999 -9999 -9999 -9999 0.550625 0.54154 0.52685 0.518142 0.506562 0.500854 0.49536 0.495286 0.505882 0.511108 0.511712 0.519507 0.533244 0.54251 0.558844 0.576187 0.572558 0.552571 0.56562 0.552877 0.557784 0.558598 0.573226 0.604571 0.644927 0.666819 0.679091 0.69736 -9999 -9999 -9999 -9999 -9999 -9999 -9999 -9999 -9999 -9999 -9999 -9999 -9999 -9999 -9999 -9999 -9999 -9999 -9999 -9999 -9999 -9999 -9999 -9999 -9999 -9999 -9999 -9999 -9999 -9999 -9999 -9999 -9999 -9999 -9999 -9999 -9999 -9999
-9999 -9999 -9999 -9999 -9999 0.542957 0.530458 0.513638 0.507457 0.503201 0.494366 0.493548 0.49705 0.49977 0.504189 0.510343 0.520734 0.53257 0.548058 0.551356 0.539348 0.54207 0.548391 0.549659 0.546156 0.552277 0.579396 0.6132 0.63307 0.67865 0.696485 0.699516 0.712922 -9999 -9999 -9999 -9999 -9999 -9999 -9999 -9999 -9999 -9999 -9999 -9999 0.717703 -9999 -9999 -9999 -9999 -9999 -9999 -9999 -9999 -9999 -9999 -9999 -9999 -9999 -9999 -9999 -9999 -9999 -9999 -9999 -9999 0.86518 -9999 -9999 -9999
-9999 -9999 -9999 -9999 0.541661 0.530059 0.521046 0.509744 0.51111 0.502933 0.492528 0.491212 0.493144 0.495717 0.502763 0.504621 0.510661 0.52336 0.527323 0.524726 0.525232 0.52596 0.5281 0.533395 0.540795 0.549325 0.571347 0.589898 0.604019 0.645356 0.666018 0.684249 0.709078 0.729047 -9999 -9999 -9999 -9999 -9999 -9999 -9999 0.714915 0.718598 0.721365 0.720216 0.711353 0.72247 -9999 -9999 -9999 -9999 -9999 -9999 -9999 -9999 -9999 -9999 -9999 -9999 -9999 -9999 -9999 -9999 -9999 -9999 -9999 0.851805 0.871452 -9999 -9999
-9999 -9999 -9999 -9999 0.538357 0.526513 0.519651 0.508279 0.5009 0.49819 0.493302 0.488668 0.487756 0.490297 0.495138 0.494851 0.50285 0.507936 0.512502 0.508377 0.510042 0.516147 0.523446 0.530831 0.543799 0.549917 0.56429 0.578562 0.598147 0.617962 0.652985 0.685848 0.717703 0.743793 -9999 -9999 -9999 -9999 -9999 -9999 0.709664 0.701918 0.698529 0.714773 0.706855 0.700177 0.70568 0.729221 -9999 -9999 -9999 -9999 -9999 -9999 -9999 -9999 -9999 -9999 -9999 -9999 -9999 -9999 0.760361 0.77976 0.816358 0.836842 0.850648 0.869017 -9999 -9999
-9999 -9999 -9999 -9999 0.540411 0.526398 0.516099 0.506565 0.503048 0.491792 0.490243 0.486527 0.484837 0.484011 0.483931 0.490092 0.493093 0.504084 0.496021 0.498817 0.504466 0.518088 0.526831 0.548578 0.561407 0.574573 0.567023 0.583878 0.61189 0.645077 0.684548 0.699241 0.714704 0.738577 -9999 -9999 -9999 -9999 -9999 -9999 0.706323 0.697684 0.691129 0.692774 0.709198 0.694564 0.707955 0.722697 0.729596 0.72575 0.725905 0.741436 0.74097 0.740858 0.747823 0.74499 -9999 -9999 -9999 -9999 0.751068 0.752583 0.754563 0.764291 0.804069 0.832523 0.858671 0.869077 -9999 -9999
-9999 -9999 -9999 -9999 0.532157 0.522476 0.516242 0.512975 0.503638 0.492831 0.489756 0.485316 0.483557 0.481788 0.480524 0.481934 0.487143 0.486923 0.489007 0.494687 0.516631 0.542461 0.537973 0.555543 0.588347 0.578764 0.573708 0.592641 0.625903 0.663056 0.680469 0.692336 0.712249 0.738404 -9999 -9999 -9999 0.732426 0.718516 0.719062 0.716437 0.703958 0.695322 0.687815 0.685361 0.692501 0.707605 0.722349 0.738046 0.738954 0.724023 0.723635 0.736469 0.736209 0.742742 0.744505 0.740794 0.739475 0.740309 0.743047 0.745076 0.746722 0.749796 0.759093 0.793428 0.815749 0.831581 0.868049 -9999 -9999
-9999 -9999 -9999 -9999 0.535024 0.526058 0.518095 0.509042 0.505006 0.49626 0.488449 0.48376 0.480332 0.483529 0.476858 0.476231 0.476752 0.479253 0.48368 0.502042 0.527319 0.553558 0.568961 0.569874 0.593142 0.59739 0.592617 0.605139 0.633506 0.667658 0.67798 0.691423 0.726742 0.755012 -9999 -9999 0.761837 0.733281 0.713545 0.704169 0.702569 0.704344 0.692677 0.694475 0.682596 0.692777 0.721602 0.724176 0.735628 0.735614 0.736904 0.73929 0.739431 0.736805 0.73693 0.738469 0.736421 0.736863 0.737813 0.73918 0.743007 0.743933 0.746183 0.753084 0.780156 0.795451 0.81552 0.867042 -9999 -9999
-9999 -9999 -9999 -9999 0.532558 0.522649 0.511792 0.507368 0.498157 0.496453 0.493122 0.481371 0.477866 0.478891 0.479393 0.472463 0.47223 0.47346 0.476345 0.493937 0.514976 0.545766 0.567697 0.583218 0.597536 0.624825 0.626824 0.636969 0.64745 0.651859 0.667343 0.689702 0.709871 0.745844 0.764037 -9999 0.761058 0.748923 0.724853 0.70461 0.692458 0.699317 0.685595 0.685477 0.681855 0.691418 0.71235 0.726502 0.732123 0.738732 0.732635 0.7292 0.734221 0.733542 0.735112 0.735411 0.735362 0.735769 0.736387 0.737182 0.738621 0.740544 0.743386 0.747803 0.762146 0.780177 0.809682 0.863951 -9999 -9999
-9999 -9999 -9999 0.554431 0.533798 0.518679 0.510732 0.503839 0.497133 0.491103 0.483668 0.47835 0.473209 0.472719 0.480573 0.477782 0.475034 0.469395 0.471568 0.475967 0.489587 0.526338 0.542629 0.570238 0.599099 0.621233 0.626039 0.618126 0.627351 0.646414 0.666114 0.690911 0.708791 0.730374 0.769224 0.768713 0.755854 0.746297 0.730104 0.704782 0.687591 0.681061 0.680188 0.678183 0.678489 0.693949 0.70978 0.718234 0.729207 0.735255 0.740182 0.738199 0.742651 0.733885 0.732221 0.734726 0.734649 0.734782 0.735048 0.735524 0.736605 0.738539 0.740836 0.743849 0.750051 0.76979 0.820754 0.858848 -9999 -9999
-9999 -9999 -9999 -9999 0.537976 0.52942 0.524506 0.518258 0.509203 0.499202 0.485506 0.480347 0.47199 0.468777 0.476452 0.484858 0.474587 0.471232 0.469182 0.472267 0.47803 0.512299 0.533593 0.55282 0.58143 0.588406 0.591385 0.600316 0.61338 0.645623 0.677067 0.712389 0.743879 0.750026 0.768547 0.7656 0.757501 0.733785 0.717192 0.711001 0.707061 0.681757 0.678037 0.681428 0.678839 0.693047 0.704235 0.717017 0.720613 0.726732 0.731867 0.756141 0.745867 0.747399 0.736682 0.732425 0.733806 0.73384 0.733853 0.734408 0.735369 0.737029 0.739155 0.743508 0.753016 0.768688 0.823551 0.857434 -9999 -9999
-9999 -9999 -9999 -9999 -9999 -9999 0.529546 0.521442 0.514544 0.505539 0.485916 0.477808 0.471222 0.467377 0.468525 0.477569 0.47916 0.477479 0.48949 0.485374 0.478539 0.485557 0.494901 0.526842 0.55228 0.551085 0.564749 0.592015 0.615106 0.637392 0.673193 0.701709 0.73709 0.764086 0.768839 0.747476 0.730328 0.706122 0.695708 0.702708 0.696862 0.686912 0.674697 0.671084 0.677225 0.692099 0.702376 0.719194 0.714399 0.719172 0.729481 0.73864 0.746081 0.742453 0.742051 0.733468 0.731978 0.732925 0.733064 0.733477 0.734423 0.735988 0.741541 0.746073 0.75151 0.757905 0.814434 0.863079 -9999 -9999
-9999 -9999 -9999 -9999 -9999 -9999 0.539269 0.532637 0.521688 0.500282 0.485628 0.477567 0.473447 0.468037 0.467859 0.474957 0.483524 0.492674 0.506203 0.503317 0.49127 0.487893 0.494879 0.524234 0.52751 0.54202 0.560283 0.593172 0.619583 0.637467 0.672338 0.70347 0.729133 0.761071 0.753482 0.743661 0.729295 0.703283 0.685342 0.678568 0.68645 0.680064 0.665583 0.669265 0.683311 0.687777 0.702541 0.723484 0.714031 0.715477 0.72442 0.728446 0.738787 0.739112 0.736795 0.734039 0.732161 0.732311 0.732832 0.733276 0.734099 0.736926 0.740564 0.745089 0.750689 0.757085 0.796035 0.863696 -9999 -9999
-9999 -9999 -9999 -9999 -9999 -9999 -9999 0.544067 0.524733 0.497826 0.486432 0.482428 0.473583 0.469415 0.470775 0.472473 0.482958 0.498964 0.531124 0.527159 0.516538 0.500335 0.496378 0.507195 0.527853 0.550271 0.589312 0.624477 0.63723 0.650364 0.678065 0.703965 0.7318 0.724278 0.714416 0.702187 0.69615 0.699309 0.684081 0.671958 0.678832 0.670525 0.661311 0.670672 0.678497 0.686384 0.702079 0.708606 0.713963 0.711002 0.72253 0.723734 0.732613 0.735474 0.735323 0.734228 0.732513 0.732578 0.732915 0.733283 0.734694 0.736872 0.740499 0.745246 0.750921 0.757382 0.766973 0.808005 0.833552 -9999
-9999 -9999 -9999 -9999 -9999 -9999 -9999 0.558209 0.546479 0.515602 0.501719 0.485689 0.475392 0.471463 0.475984 0.478755 0.494499 0.500294 0.530027 0.546729 0.541375 0.552371 0.528577 0.509392 0.529337 0.596833 0.627893 0.652717 0.658528 0.66742 0.680965 0.719121 0.733461 0.711617 0.698577 0.688287 0.680235 0.679601 0.680491 0.660926 0.660119 0.655778 0.660247 0.663481 0.678223 0.689653 0.693108 0.70553 0.712613 0.709294 0.723615 0.720403 0.730338 0.735378 0.737413 0.733378 0.733109 0.733034 0.733867 0.73431 0.735605 0.738307 0.741636 0.74633 0.752174 0.758397 0.765338 0.778888 0.80191 0.813947
-9999 -9999 -9999 -9999 -9999 -9999 -9999 -9999 0.571908 0.531005 0.508762 0.495861 0.479622 0.474728 0.477112 0.482108 0.498533 0.514211 0.540993 0.57284 0.594173 0.555583 0.524041 0.51223 0.528512 0.586091 0.614878 0.625511 0.623764 0.641715 0.656648 0.687435 0.700158 0.714444 0.712395 0.697489 0.685132 0.671646 0.661896 0.661818 0.65614 0.655906 0.65867 0.661291 0.666997 0.673018 0.69177 0.690895 0.702503 0.70505 0.712253 0.718776 0.729359 0.737551 0.735469 0.733259 0.733208 0.735457 0.735476 0.735874 0.737146 0.739521 0.744009 0.748607 0.754114 0.760431 0.766967 0.776892 0.785438 0.801414
-9999 -9999 -9999 -9999 -9999 -9999 -9999 -9999 0.591301 0.550944 0.528214 0.50185 0.485655 0.481012 0.478835 0.482742 0.495171 0.515583 0.534042 0.569129 0.606799 0.56549 0.532584 0.518046 0.525715 0.57955 0.578037 0.596246 0.60147 0.62606 0.640368 0.653527 0.670973 0.688506 0.707154 0.71889 0.686944 0.670842 0.657934 0.652413 0.65003 0.649964 0.654498 0.663019 0.682281 0.675875 0.685316 0.692138 0.699044 0.705054 0.711253 0.717196 0.727201 0.730002 0.735629 0.733808 0.737894 0.737606 0.7376 0.738241 0.739714 0.742033 0.745319 0.749464 0.756942 0.763041 0.769464 0.779101 0.785718 0.792301
-9999 -9999 -9999 -9999 -9999 -9999 -9999 -9999 0.64386 0.587332 0.53858 0.513101 0.496222 0.488293 0.484054 0.490309 0.49558 0.510473 0.525868 0.549919 0.58564 0.610443 0.582138 0.537984 0.52981 0.544783 0.554883 0.57389 0.591477 0.60039 0.606771 0.625092 0.647634 0.672663 0.685388 0.694856 0.671622 0.669538 0.672516 0.646397 0.647866 0.651383 0.664338 0.680893 0.682544 0.697873 0.701044 0.715111 0.712489 0.710726 0.712937 0.717497 0.727792 0.732123 0.734173 0.739895 0.739992 0.740162 0.740536 0.741344 0.742881 0.745435 0.748698 0.75248 0.757772 0.763288 0.772473 0.781856 0.788104 0.794276
-9999 -9999 -9999 -9999 -9999 -9999 -9999 -9999 0.641746 0.59262 0.551854 0.531618 0.50702 0.499533 0.490256 0.490651 0.496488 0.509668 0.52708 0.54731 0.578327 0.603455 0.585682 0.559424 0.542432 0.54691 0.557523 0.566138 0.576152 0.585435 0.594905 0.604156 0.620615 0.648328 0.662386 0.680873 0.654998 0.653436 0.659215 0.646893 0.649361 0.672448 0.691151 0.696248 0.692411 0.705987 0.716324 0.730875 0.729321 0.716522 0.72804 0.73114 0.732965 0.733867 0.741971 0.742391 0.742845 0.743259 0.743984 0.744983 0.746586 0.749238 0.752481 0.756378 0.761147 0.767017 0.772751 0.782124 0.791231 0.79692
-9999 -9999 -9999 -9999 -9999 -9999 -9999 -9999 0.641072 0.608273 0.571785 0.541987 0.516479 0.505196 0.496932 0.49622 0.503356 0.510443 0.522075 0.540117 0.554375 0.577185 0.607504 0.572157 0.568038 0.569437 0.572673 0.568698 0.576574 0.58914 0.604438 0.604241 0.615899 0.635114 0.643283 0.654362 0.641013 0.642788 0.644934 0.647551 0.667243 0.694152 0.716511 0.705486 0.711955 0.712363 0.741084 0.730708 0.722312 0.722756 0.739629 0.75024 0.739606 0.747336 0.74661 0.746238 0.746106 0.747034 0.747732 0.749142 0.75102 0.753529 0.756813 0.760666 0.765154 0.770093 0.776624 0.785744 0.791496 0.796584
-9999 -9999 -9999 -9999 -9999 -9999 -9999 -9999 -9999 0.626559 0.588335 0.547947 0.524844 0.510006 0.502516 0.502277 0.506245 0.511539 0.519522 0.533266 0.550674 0.576864 0.598186 0.593778 0.58997 0.601304 0.600275 0.58339 0.582117 0.600344 0.636725 0.631522 0.617128 0.621319 0.626193 0.630736 0.635389 0.639535 0.64608 0.660355 0.700064 0.710192 0.727786 0.729356 0.740493 0.731534 0.746517 0.734218 0.731473 0.733149 0.753009 0.761631 0.756926 0.75179 0.7547 0.751599 0.750108 0.751027 0.752131 0.753795 0.755709 0.758217 0.761399 0.763935 0.768273 0.772996 0.779878 0.788936 0.79573 0.801807
-9999 -9999 -9999 -9999 -9999 -9999 -9999 -9999 -9999 0.644574 0.600108 0.553414 0.537743 0.522356 0.509328 0.509104 0.515285 0.521855 0.529306 0.538263 0.558398 0.578728 0.598956 0.609472 0.612133 0.627357 0.620546 0.595745 0.596044 0.60469 0.649095 0.664327 0.643413 0.625956 0.627593 0.632395 0.660002 0.656996 0.672775 0.693416 0.70091 0.711607 0.73151 0.726571 0.742503 0.740926 0.755117 0.749834 0.749432 0.74215 0.759733 0.771818 0.768425 0.761577 0.763246 0.755311 0.753379 0.753951 0.75532 0.757012 0.759196 0.761717 0.764963 0.768743 0.773009 0.777913 0.783713 0.794085 0.821129 0.826039
-9999 -9999 -9999 -9999 -9999 -9999 -9999 -9999 -9999 0.642042 0.611303 0.570253 0.539808 0.537589 0.523037 0.515916 0.522853 0.531113 0.540139 0.545861 0.567293 0.591108 0.611641 0.635601 0.63775 0.629638 0.622649 0.608405 0.61065 0.620447 0.651167 0.648372 0.635402 0.630045 0.630711 0.635839 0.644012 0.649699 0.662115 0.668912 0.685332 0.709717 0.721203 0.719002 0.745373 0.747374 0.742639 0.765038 0.754177 0.750952 0.772281 0.783547 0.770306 0.764525 0.759477 0.757973 0.758387 0.758078 0.759894 0.761812 0.764123 0.766936 0.770132 0.774073 0.778336 0.784568 0.791953 0.813547 0.831764 0.835136
-9999 -9999 -9999 -9999 -9999 -9999 -9999 -9999 -9999 0.639269 0.612 0.576795 0.555394 0.551681 0.535937 0.522318 0.52503 0.533719 0.53797 0.547955 0.566484 0.587131 0.609828 0.623397 0.649035 0.633738 0.632875 0.621276 0.618699 0.64703 0.658756 0.651628 0.644141 0.643276 0.634874 0.638098 0.644817 0.664145 0.674873 0.674065 0.680239 0.689154 0.707011 0.710817 0.723693 0.731119 0.738443 0.764205 0.76022 0.763113 0.777822 0.774065 0.768535 0.765533 0.762798 0.763591 0.763432 0.762627 0.764498 0.766702 0.769283 0.772115 0.775556 0.779945 0.784538 0.792614 0.803894 0.821254 0.853325 0.843351
-9999 -9999 -9999 -9999 -9999 -9999 -9999 -9999 -9999 0.646034 0.617534 0.587855 0.575684 0.574055 0.545619 0.528766 0.530068 0.535156 0.54123 0.562017 0.563975 0.571082 0.591711 0.620358 0.651716 0.654002 0.648889 0.635839 0.633469 0.670689 0.683322 0.682172 0.66864 0.65661 0.643548 0.642556 0.650403 0.67912 0.709371 0.699328 0.688445 0.691354 0.698301 0.715185 0.72278 0.730083 0.743589 0.768901 0.775526 0.774274 0.782782 0.77982 0.773349 0.768245 0.773617 0.774233 0.769084 0.767094 0.769273 0.77169 0.77426 0.777333 0.780858 0.786038 0.791607 0.798592 0.820827 0.836451 0.860622 0.849973
-9999 -9999 -9999 -9999 -9999 -9999 -9999 -9999 -9999 0.656893 0.63666 0.608703 0.597896 0.580375 0.553852 0.541556 0.536587 0.538569 0.54338 0.55409 0.56193 0.574909 0.596021 0.623873 0.654679 0.676479 0.672438 0.657418 0.663424 0.690863 0.705925 0.697617 0.682919 0.65883 0.646429 0.647583 0.652121 0.660389 0.683298 0.710339 0.713032 0.703681 0.716764 0.731599 0.728197 0.732616 0.745867 0.756471 0.774914 0.789588 0.792876 0.791475 0.783635 0.770509 0.770854 0.77382 0.76959 0.771716 0.774085 0.776483 0.77932 0.782436 0.785949 0.790841 0.797628 0.813649 0.828371 0.84733 0.853746 0.848847
-9999 -9999 -9999 -9999 -9999 -9999 -9999 -9999 -9999 0.673966 0.650441 0.62465 0.600637 0.578082 0.558971 0.558866 0.549795 0.551753 0.548346 0.552505 0.562938 0.574289 0.592856 0.627339 0.657238 0.689713 0.686899 0.666187 0.682815 0.701308 0.731084 0.709751 0.685487 0.663604 0.653286 0.667649 0.659596 0.66352 0.673917 0.691155 0.716379 0.71873 0.738391 0.742029 0.736386 0.736684 0.741324 0.75003 0.766623 0.789093 0.796718 0.79818 0.791304 0.781868 0.772594 0.773255 0.773592 0.776123 0.778762 0.781349 0.784249 0.78762 0.791588 0.796563 0.81042 0.826432 0.838135 0.852801 0.858788 0.847188
