Test_Spring_2018/02_18/Prec/20180210_013.txt
ncols	170
nrows	115
xllcorner	350000.000000
yllcorner	4445000.000000
cellsize	1000.000000
nodata_value	-9999.000000
[rows 31 to 61 of 115, columns 70 to 139 of 170]
0.693564 0.697786 0.696804 0.687289 0.683389 0.687229 0.682904 0.677645 0.651286 0.645875 0.635837 0.63019 0.62212 0.610744 0.604668 0.587387 0.536672 0.548927 0.552989 0.537655 0.544525 0.55644 0.544319 0.510157 0.494926 0.470931 0.480436 0.466752 0.44778 -9999 -9999 -9999 -9999 -9999 -9999 -9999 -9999 -9999 -9999 -9999 -9999 -9999 -9999 -9999 -9999 -9999 -9999 -9999 -9999 -9999 -9999 -9999 -9999 -9999 -9999 -9999 -9999 -9999 -9999 -9999 -9999 -9999 -9999 -9999 -9999 -9999 -9999 -9999 -9999 -9999
0.694622 0.694715 0.690663 0.681484 0.685219 0.688105 0.672188 0.657451 0.65119 0.647195 0.639314 0.626149 0.619441 0.612931 0.608174 0.593544 0.556728 0.523595 0.539 0.538102 0.52526 0.545065 0.532958 0.503097 0.461371 0.48242 0.475593 0.442717 0.435244 -9999 -9999 -9999 -9999 -9999 -9999 -9999 -9999 -9999 -9999 -9999 -9999 -9999 -9999 -9999 -9999 -9999 -9999 -9999 -9999 -9999 -9999 -9999 -9999 -9999 -9999 -9999 -9999 -9999 -9999 -9999 -9999 -9999 -9999 -9999 -9999 -9999 -9999 -9999 -9999 -9999
0.684622 0.690058 0.6837 0.677567 0.685303 0.680708 0.671189 0.661052 0.650452 0.648061 0.642789 0.635167 0.628408 0.621723 0.60935 0.592912 0.561089 0.523546 0.513885 0.530025 0.529579 0.531177 0.519925 0.506105 0.48514 0.500136 0.505206 0.488499 0.456526 0.433317 -9999 -9999 -9999 -9999 -9999 -9999 -9999 -9999 -9999 -9999 -9999 -9999 -9999 -9999 -9999 -9999 -9999 -9999 -9999 -9999 -9999 -9999 -9999 -9999 -9999 -9999 -9999 -9999 -9999 -9999 -9999 -9999 -9999 -9999 -9999 -9999 -9999 -9999 -9999 -9999
0.67146 0.683258 0.675551 0.660159 0.663219 0.664299 0.658558 0.639779 0.637231 0.647535 0.643137 0.6391 0.629957 0.622326 0.611809 0.595889 0.574413 0.549172 0.5067 0.530462 0.548848 0.547042 0.544683 0.534542 0.514232 0.528793 0.528165 0.505931 0.463931 0.447357 0.440335 -9999 -9999 -9999 -9999 -9999 -9999 -9999 -9999 -9999 -9999 -9999 -9999 -9999 -9999 -9999 -9999 -9999 -9999 -9999 -9999 -9999 -9999 -9999 -9999 -9999 -9999 -9999 -9999 -9999 -9999 -9999 -9999 -9999 -9999 -9999 -9999 -9999 -9999 -9999
-9999 0.673981 0.666433 0.64848 0.65156 0.656843 0.65818 0.644512 0.641848 0.642146 0.642762 0.638821 0.629496 0.608378 0.603246 0.600218 0.585478 0.556936 0.528602 0.520205 0.548935 0.556208 0.553109 0.558467 0.540954 0.547091 0.542439 0.532426 0.501718 0.46973 0.459189 0.438945 -9999 -9999 -9999 -9999 -9999 -9999 -9999 -9999 -9999 -9999 -9999 -9999 -9999 -9999 -9999 -9999 -9999 -9999 -9999 -9999 -9999 -9999 -9999 -9999 -9999 -9999 -9999 -9999 -9999 -9999 -9999 -9999 -9999 -9999 -9999 -9999 -9999 -9999
-9999 -9999 -9999 -9999 0.635792 0.636865 0.629916 0.635938 0.639174 0.640817 0.642553 0.638565 0.62297 0.614035 0.610954 0.600349 0.583645 0.572651 0.554242 0.535252 0.540572 0.564899 0.552098 0.568863 0.565814 0.567556 0.553694 0.522263 0.494004 0.467846 0.458096 0.441332 -9999 -9999 -9999 -9999 -9999 -9999 -9999 -9999 -9999 -9999 -9999 -9999 -9999 -9999 -9999 -9999 -9999 -9999 -9999 -9999 -9999 -9999 -9999 -9999 -9999 -9999 -9999 -9999 -9999 -9999 -9999 -9999 -9999 -9999 -9999 -9999 -9999 -9999
-9999 -9999 -9999 -9999 -9999 0.634685 0.625554 0.638501 0.636605 0.635996 0.640946 0.637264 0.629239 0.622739 0.615009 0.606047 0.593031 0.579119 0.561774 0.55892 0.574021 0.572896 0.568086 0.569313 0.576162 0.572206 0.551684 0.510777 0.491864 0.4523 0.436252 0.436727 0.425166 -9999 -9999 -9999 -9999 -9999 -9999 -9999 -9999 -9999 -9999 -9999 -9999 0.476289 -9999 -9999 -9999 -9999 -9999 -9999 -9999 -9999 -9999 -9999 -9999 -9999 -9999 -9999 -9999 -9999 -9999 -9999 -9999 -9999 0.471124 -9999 -9999 -9999
-9999 -9999 -9999 -9999 0.645724 0.632593 0.636045 0.641987 0.635712 0.63383 0.63986 0.636094 0.629275 0.622459 0.611375 0.607042 0.598848 0.583977 0.579858 0.583952 0.585195 0.586744 0.587125 0.584237 0.579157 0.572883 0.552523 0.535519 0.523372 0.493399 0.468805 0.45198 0.427325 0.407901 -9999 -9999 -9999 -9999 -9999 -9999 -9999 0.452116 0.453232 0.455921 0.463545 0.480347 0.474801 -9999 -9999 -9999 -9999 -9999 -9999 -9999 -9999 -9999 -9999 -9999 -9999 -9999 -9999 -9999 -9999 -9999 -9999 -9999 0.481661 0.466412 -9999 -9999
-9999 -9999 -9999 -9999 0.631235 0.637357 0.637524 0.642672 0.643324 0.636466 0.635415 0.634664 0.63041 0.623081 0.614082 0.611913 0.601382 0.595194 0.59058 0.596726 0.597073 0.59301 0.588071 0.583359 0.572494 0.569456 0.558495 0.546719 0.528667 0.510048 0.48172 0.448246 0.415478 0.388886 -9999 -9999 -9999 -9999 -9999 -9999 0.449262 0.462809 0.472053 0.45964 0.475219 0.489872 0.49107 0.48635 -9999 -9999 -9999 -9999 -9999 -9999 -9999 -9999 -9999 -9999 -9999 -9999 -9999 -9999 0.555109 0.538783 0.503501 0.487016 0.478531 0.465172 -9999 -9999
-9999 -9999 -9999 -9999 0.630757 0.638438 0.641549 0.643623 0.638896 0.637905 0.634995 0.632363 0.62826 0.624148 0.620281 0.610509 0.605543 0.592719 0.60267 0.601333 0.597645 0.585619 0.579653 0.559267 0.549171 0.53974 0.553389 0.539112 0.511845 0.478306 0.431642 0.431346 0.417037 0.392716 -9999 -9999 -9999 -9999 -9999 -9999 0.448892 0.463446 0.476394 0.480771 0.46904 0.49312 0.498874 0.490999 0.491968 0.504878 0.512816 0.511994 0.531864 0.537273 0.533872 0.540946 -9999 -9999 -9999 -9999 0.550937 0.553602 0.55642 0.551156 0.512482 0.487284 0.465217 0.468014 -9999 -9999
-9999 -9999 -9999 -9999 0.642255 0.644036 0.641484 0.635362 0.636155 0.633689 0.631431 0.631404 0.626682 0.623021 0.620006 0.615303 0.607713 0.607718 0.606471 0.602366 0.580827 0.55567 0.565474 0.547369 0.509067 0.532523 0.543897 0.527741 0.494904 0.457152 0.435911 0.437763 0.418249 0.393142 -9999 -9999 -9999 0.407221 0.425423 0.427862 0.434679 0.453534 0.468889 0.482572 0.492617 0.495059 0.496076 0.488841 0.480451 0.488545 0.51411 0.522495 0.53508 0.54058 0.537445 0.540986 0.547982 0.552018 0.553644 0.55341 0.554516 0.556766 0.558204 0.553415 0.519835 0.501935 0.492025 0.474189 -9999 -9999
-9999 -9999 -9999 -9999 0.651482 0.652083 0.650847 0.640362 0.634454 0.634118 0.628623 0.628151 0.624466 0.614449 0.617024 0.614289 0.611896 0.608911 0.605316 0.587308 0.562617 0.537721 0.525719 0.5251 0.504557 0.512242 0.523734 0.512329 0.488834 0.454607 0.446739 0.430494 0.402801 0.372732 -9999 -9999 0.369019 0.402949 0.427399 0.440839 0.446363 0.44905 0.467997 0.472607 0.493577 0.492354 0.4774 0.484296 0.481579 0.491362 0.503478 0.508759 0.523052 0.541016 0.544644 0.545814 0.55046 0.551988 0.552976 0.553847 0.552559 0.555404 0.557706 0.55572 0.531783 0.522044 0.512165 0.471425 -9999 -9999
-9999 -9999 -9999 -9999 0.656337 0.657498 0.658992 0.652632 0.651375 0.630962 0.619525 0.623233 0.621497 0.613233 0.607127 0.61121 0.609559 0.608131 0.606609 0.589982 0.570749 0.541426 0.522798 0.506905 0.497179 0.48258 0.486987 0.481537 0.474983 0.474531 0.458793 0.432738 0.412936 0.3819 0.362374 -9999 0.367331 0.382176 0.411166 0.436667 0.454025 0.450942 0.472365 0.479427 0.492889 0.491043 0.485335 0.484961 0.488827 0.491094 0.507105 0.52069 0.529217 0.535377 0.545591 0.5478 0.549713 0.550763 0.55161 0.552661 0.553709 0.555176 0.556709 0.557602 0.548323 0.539334 0.515069 0.471545 -9999 -9999
-9999 -9999 -9999 0.646263 0.657325 0.663578 0.660842 0.656265 0.651069 0.644993 0.636956 0.622409 0.619107 0.614284 0.599335 0.598415 0.599521 0.606004 0.605607 0.604439 0.594244 0.558859 0.543319 0.522387 0.497091 0.485124 0.486937 0.502461 0.497691 0.480843 0.46234 0.433682 0.414651 0.392403 0.355235 0.356177 0.371093 0.38258 0.40226 0.433256 0.456186 0.468289 0.475252 0.485585 0.49379 0.491212 0.491363 0.492951 0.491403 0.49491 0.498932 0.509861 0.518547 0.535689 0.541776 0.547627 0.549133 0.550004 0.550751 0.551707 0.552786 0.553985 0.55602 0.558536 0.561124 0.547486 0.511593 0.487078 -9999 -9999
-9999 -9999 -9999 -9999 0.654914 0.653021 0.646046 0.639849 0.636361 0.633778 0.631963 0.625183 0.623301 0.612028 0.598637 0.584754 0.594325 0.598322 0.602995 0.603743 0.603 0.570351 0.553859 0.54009 0.515697 0.521332 0.525741 0.522567 0.513749 0.482142 0.4504 0.410002 0.376919 0.371748 0.351036 0.358528 0.367642 0.394819 0.414627 0.423663 0.431412 0.464797 0.475524 0.483446 0.495991 0.490332 0.496069 0.493367 0.500783 0.504747 0.509004 0.490524 0.515821 0.519783 0.536331 0.54539 0.549273 0.549826 0.550421 0.550876 0.551749 0.553012 0.555113 0.557632 0.563291 0.556371 0.505813 0.486541 -9999 -9999
-9999 -9999 -9999 -9999 -9999 -9999 0.641384 0.636621 0.62994 0.625435 0.629657 0.625477 0.620902 0.615035 0.605758 0.589061 0.58512 0.587304 0.576228 0.586394 0.599051 0.59846 0.596036 0.568345 0.552994 0.563256 0.55594 0.532277 0.512313 0.492153 0.455525 0.422998 0.385427 0.356453 0.351992 0.376687 0.397595 0.425034 0.437574 0.431442 0.441231 0.459411 0.480459 0.493261 0.496234 0.490216 0.497233 0.490435 0.507838 0.513754 0.512513 0.511499 0.516626 0.526542 0.531389 0.544253 0.548024 0.550284 0.550396 0.550688 0.551298 0.552457 0.55549 0.558562 0.562345 0.5664 0.514465 0.478811 -9999 -9999
-9999 -9999 -9999 -9999 -9999 -9999 0.631665 0.624832 0.622299 0.631375 0.629523 0.624806 0.616989 0.612518 0.604461 0.590852 0.578287 0.56823 0.55547 0.563419 0.583477 0.594979 0.595547 0.571106 0.581108 0.573836 0.561545 0.531689 0.508089 0.493001 0.457448 0.422028 0.395424 0.360738 0.370151 0.381592 0.397988 0.427982 0.448908 0.458661 0.453407 0.466159 0.489871 0.494547 0.48875 0.494782 0.496854 0.485672 0.508646 0.518602 0.519147 0.524161 0.525961 0.531462 0.538496 0.544704 0.548824 0.54986 0.550545 0.550601 0.551165 0.552874 0.554991 0.558204 0.562027 0.566375 0.534736 0.47775 -9999 -9999
-9999 -9999 -9999 -9999 -9999 -9999 -9999 0.613393 0.620263 0.63544 0.62975 0.620261 0.617643 0.611618 0.601697 0.594141 0.579558 0.561664 0.527759 0.536987 0.555498 0.581644 0.594721 0.59141 0.581741 0.565566 0.529744 0.497341 0.489258 0.479557 0.452122 0.422638 0.393522 0.403566 0.415499 0.42961 0.436495 0.433074 0.451005 0.466669 0.462521 0.477452 0.495202 0.493461 0.494769 0.496971 0.498015 0.50327 0.509507 0.524538 0.522217 0.530498 0.533949 0.536606 0.541202 0.545531 0.549453 0.550555 0.550921 0.551228 0.551559 0.553118 0.555262 0.558277 0.562101 0.566493 0.568315 0.541661 0.526447 -9999
-9999 -9999 -9999 -9999 -9999 -9999 -9999 0.59954 0.59801 0.617915 0.615225 0.619545 0.618707 0.612511 0.599066 0.590842 0.569683 0.563332 0.532472 0.51749 0.529908 0.525048 0.560495 0.591087 0.582136 0.514639 0.487733 0.46694 0.466632 0.461662 0.450233 0.406756 0.39293 0.419227 0.434785 0.446732 0.455953 0.457241 0.456814 0.48072 0.485785 0.49619 0.498346 0.503463 0.496795 0.494836 0.509681 0.508083 0.512212 0.527517 0.521918 0.53513 0.537395 0.537574 0.539714 0.54743 0.549781 0.551122 0.551771 0.55175 0.551942 0.55357 0.556051 0.559094 0.562675 0.567269 0.572022 0.576516 0.564076 0.563421
-9999 -9999 -9999 -9999 -9999 -9999 -9999 -9999 0.572571 0.604406 0.611677 0.61291 0.619223 0.614451 0.603263 0.592304 0.571065 0.553401 0.525709 0.494522 0.474371 0.525454 0.569332 0.591185 0.58616 0.529548 0.504898 0.499939 0.507992 0.492584 0.479479 0.444214 0.432218 0.417553 0.420728 0.438144 0.45365 0.468935 0.48075 0.482673 0.492256 0.499481 0.503434 0.50903 0.512342 0.5162 0.513481 0.526594 0.525231 0.533557 0.535763 0.537706 0.539269 0.535823 0.542661 0.548395 0.550641 0.552539 0.552556 0.55282 0.553233 0.553873 0.557237 0.560283 0.564062 0.568307 0.573241 0.581666 0.585329 0.579906
-9999 -9999 -9999 -9999 -9999 -9999 -9999 -9999 0.554891 0.586929 0.595472 0.612699 0.616294 0.6144 0.609437 0.599905 0.58323 0.560058 0.541527 0.506248 0.469736 0.517356 0.564516 0.588915 0.588116 0.54041 0.549677 0.535729 0.535564 0.512402 0.499879 0.484411 0.467064 0.448799 0.428836 0.418744 0.454884 0.473424 0.489074 0.497362 0.503312 0.507954 0.508013 0.511212 0.498732 0.516226 0.523782 0.5276 0.531046 0.534966 0.537901 0.540167 0.54244 0.545028 0.543137 0.549714 0.552609 0.553242 0.553693 0.554048 0.554526 0.555431 0.556805 0.560242 0.565852 0.56996 0.574578 0.583026 0.588363 0.593129
-9999 -9999 -9999 -9999 -9999 -9999 -9999 -9999 0.50036 0.551752 0.586648 0.60399 0.615412 0.615584 0.613423 0.601492 0.592997 0.57593 0.560515 0.537226 0.502263 0.480817 0.511293 0.568332 0.587972 0.583926 0.579437 0.564106 0.54954 0.54391 0.540235 0.518659 0.495893 0.469197 0.460166 0.449647 0.476275 0.479262 0.477184 0.509069 0.510759 0.511328 0.502385 0.489757 0.49588 0.49515 0.509466 0.504379 0.517995 0.53015 0.537102 0.54052 0.542539 0.545099 0.547064 0.552515 0.553558 0.554192 0.554728 0.555352 0.556125 0.557006 0.558509 0.560879 0.565263 0.568713 0.576272 0.584619 0.589727 0.594372
-9999 -9999 -9999 -9999 -9999 -9999 -9999 -9999 0.505005 0.544755 0.579558 0.594595 0.613049 0.613439 0.617532 0.612568 0.603503 0.588205 0.570096 0.550541 0.520162 0.497496 0.524149 0.54979 0.575446 0.583079 0.580366 0.576305 0.569929 0.564028 0.556745 0.545103 0.528921 0.505129 0.490043 0.469687 0.499727 0.502512 0.49758 0.514031 0.514689 0.493013 0.477379 0.478185 0.489436 0.482445 0.488423 0.489689 0.501383 0.525418 0.522775 0.527544 0.539603 0.543999 0.551148 0.553016 0.554193 0.555135 0.555849 0.556774 0.557878 0.558912 0.560544 0.562728 0.565141 0.570793 0.574484 0.582609 0.590892 0.59544
-9999 -9999 -9999 -9999 -9999 -9999 -9999 -9999 0.51389 0.534582 0.56554 0.592473 0.612861 0.618314 0.62182 0.618449 0.607992 0.599434 0.587463 0.569762 0.557617 0.53669 0.507823 0.55374 0.551952 0.562582 0.56462 0.574592 0.570505 0.560416 0.544279 0.547688 0.544155 0.52398 0.51593 0.504389 0.520631 0.520018 0.519527 0.519235 0.500429 0.47436 0.454381 0.47316 0.472848 0.479781 0.46462 0.486053 0.505222 0.514118 0.511146 0.506917 0.533281 0.544758 0.549209 0.552436 0.554835 0.555802 0.557144 0.558134 0.559344 0.560811 0.5625 0.564673 0.567191 0.570124 0.576536 0.584615 0.588836 0.59186
-9999 -9999 -9999 -9999 -9999 -9999 -9999 -9999 -9999 0.523145 0.55922 0.596168 0.614379 0.624349 0.627342 0.623635 0.616777 0.610039 0.60179 0.588371 0.571928 0.546374 0.52691 0.536935 0.532431 0.531726 0.538195 0.562264 0.568117 0.551276 0.508185 0.52606 0.544925 0.542197 0.538349 0.534718 0.532362 0.529421 0.524227 0.510891 0.469425 0.461223 0.446523 0.450794 0.444913 0.462259 0.463085 0.485966 0.497996 0.504801 0.490575 0.49707 0.527213 0.538252 0.539283 0.546414 0.555029 0.556598 0.558062 0.559283 0.56086 0.562592 0.564499 0.564777 0.567282 0.570217 0.576794 0.585338 0.588112 0.591494
-9999 -9999 -9999 -9999 -9999 -9999 -9999 -9999 -9999 0.51338 0.555338 0.600371 0.610974 0.622252 0.632034 0.628601 0.619291 0.610933 0.602896 0.594331 0.574062 0.554329 0.535225 0.527421 0.528597 0.507929 0.520348 0.552879 0.556528 0.550255 0.507276 0.493114 0.519485 0.541535 0.541647 0.538055 0.508638 0.5142 0.498835 0.478482 0.473679 0.465923 0.448413 0.459761 0.448021 0.456657 0.458052 0.472295 0.480995 0.497329 0.485111 0.487626 0.517863 0.530926 0.533603 0.54659 0.552354 0.555083 0.556953 0.558737 0.560463 0.562475 0.564453 0.566661 0.569139 0.571639 0.573736 0.577639 0.565913 0.5701
-9999 -9999 -9999 -9999 -9999 -9999 -9999 -9999 -9999 0.524864 0.55211 0.591564 0.61968 0.616633 0.628604 0.633267 0.623157 0.612725 0.602542 0.597113 0.574701 0.550245 0.52998 0.506098 0.507068 0.519629 0.523318 0.543388 0.544444 0.536581 0.509558 0.515843 0.53329 0.541791 0.543254 0.53958 0.532516 0.528479 0.517142 0.512628 0.49772 0.474343 0.466189 0.474129 0.450147 0.454256 0.466342 0.45921 0.479184 0.490352 0.473378 0.498762 0.519814 0.53176 0.542294 0.548332 0.551869 0.556079 0.557929 0.559909 0.561869 0.563826 0.566017 0.568074 0.57047 0.571274 0.571306 0.555604 0.560883 0.566407
-9999 -9999 -9999 -9999 -9999 -9999 -9999 -9999 -9999 0.536624 0.560661 0.594183 0.612673 0.61186 0.625583 0.637856 0.632592 0.621534 0.616455 0.605713 0.585999 0.564455 0.541005 0.528185 0.501791 0.521858 0.5172 0.533839 0.540024 0.515734 0.505847 0.517033 0.528333 0.531888 0.543853 0.542579 0.537404 0.518097 0.508835 0.513038 0.509754 0.503836 0.488257 0.489097 0.480077 0.477614 0.475558 0.464411 0.476075 0.479824 0.4924 0.513951 0.526227 0.535125 0.543258 0.547012 0.55159 0.556794 0.559012 0.561064 0.563049 0.56523 0.567287 0.568878 0.570846 0.569429 0.564856 0.553744 0.543806 0.564203
-9999 -9999 -9999 -9999 -9999 -9999 -9999 -9999 -9999 0.537457 0.563467 0.591285 0.599821 0.597086 0.62555 0.641691 0.638069 0.630981 0.623559 0.600151 0.598727 0.59196 0.570227 0.539655 0.506157 0.505705 0.519679 0.522492 0.528142 0.494085 0.483061 0.48744 0.505659 0.522009 0.539428 0.543125 0.536855 0.507049 0.475739 0.490468 0.506512 0.507301 0.503919 0.489665 0.486329 0.483655 0.474206 0.461691 0.462597 0.470674 0.50227 0.512043 0.525399 0.536802 0.535947 0.540192 0.550779 0.557698 0.559935 0.562084 0.564366 0.566487 0.568583 0.569334 0.570186 0.569945 0.552848 0.543609 0.533886 0.56424
-9999 -9999 -9999 -9999 -9999 -9999 -9999 -9999 -9999 0.533436 0.550484 0.576775 0.584167 0.59982 0.626379 0.637507 0.641038 0.637379 0.631167 0.618857 0.610326 0.596398 0.573583 0.543375 0.509984 0.486907 0.493185 0.503237 0.509273 0.476486 0.462609 0.475089 0.494674 0.524801 0.541594 0.542994 0.540611 0.534121 0.511206 0.483854 0.484438 0.499029 0.488511 0.476361 0.48525 0.485567 0.476114 0.469851 0.467297 0.480978 0.495582 0.503545 0.518504 0.539142 0.544195 0.54603 0.555868 0.558426 0.560751 0.5632 0.565413 0.567667 0.569903 0.571057 0.570564 0.560083 0.551524 0.53853 0.540036 0.573428
-9999 -9999 -9999 -9999 -9999 -9999 -9999 -9999 -9999 0.522056 0.543104 0.567225 0.589893 0.611519 0.629869 0.627286 0.635504 0.6318 0.63474 0.629596 0.617774 0.60529 0.58493 0.546753 0.513963 0.478377 0.482917 0.513583 0.487702 0.469943 0.439281 0.46652 0.496989 0.524676 0.539192 0.525693 0.537682 0.536181 0.527488 0.511239 0.486181 0.487374 0.469236 0.469609 0.480837 0.48562 0.485733 0.48143 0.478399 0.486218 0.495947 0.500684 0.514635 0.531227 0.547388 0.552062 0.556961 0.559307 0.561563 0.564011 0.566334 0.568447 0.570283 0.571437 0.563005 0.552626 0.547612 0.539652 0.541867 0.572615
