Test_Spring_2018/02_18/Prec/20180204_000.txt
ncols	170
nrows	115
xllcorner	350000.000000
yllcorner	4445000.000000
cellsize	1000.000000
nodata_value	-9999.000000
[rows 32 to 63 of 115, columns 72 to 143 of 170]
2.56102 2.59415 2.60903 2.6257 2.76043 2.83478 2.9037 2.92759 2.95608 2.99118 3.01566 3.03886 3.05867 3.09245 3.15857 3.21927 3.20888 3.22294 3.25523 3.24032 3.27319 3.33302 3.41111 3.39759 3.4256 3.52272 3.55874 -9999 -9999 -9999 -9999 -9999 -9999 -9999 -9999 -9999 -9999 -9999 -9999 -9999 -9999 -9999 -9999 -9999 -9999 -9999 -9999 -9999 -9999 -9999 -9999 -9999 -9999 -9999 -9999 -9999 -9999 -9999 -9999 -9999 -9999 -9999 -9999 -9999 -9999 -9999 -9999 -9999 -9999 -9999 -9999 -9999
2.59069 2.61876 2.62718 2.65433 2.72517 2.84837 2.92385 2.94534 2.97017 2.99746 3.02248 3.04645 3.07797 3.11483 3.17389 3.24116 3.26746 3.25606 3.26947 3.28043 3.31095 3.34595 3.39215 3.38611 3.39517 3.44752 3.53818 3.63016 -9999 -9999 -9999 -9999 -9999 -9999 -9999 -9999 -9999 -9999 -9999 -9999 -9999 -9999 -9999 -9999 -9999 -9999 -9999 -9999 -9999 -9999 -9999 -9999 -9999 -9999 -9999 -9999 -9999 -9999 -9999 -9999 -9999 -9999 -9999 -9999 -9999 -9999 -9999 -9999 -9999 -9999 -9999 -9999
2.6222 2.66343 2.67835 2.69691 2.79378 2.94001 2.96252 2.96558 2.98951 3.01201 3.04108 3.06697 3.09622 3.13264 3.17663 3.22573 3.29996 3.2768 3.26174 3.27675 3.29308 3.32146 3.36544 3.35876 3.37496 3.44127 3.5823 3.61945 3.64213 -9999 -9999 -9999 -9999 -9999 -9999 -9999 -9999 -9999 -9999 -9999 -9999 -9999 -9999 -9999 -9999 -9999 -9999 -9999 -9999 -9999 -9999 -9999 -9999 -9999 -9999 -9999 -9999 -9999 -9999 -9999 -9999 -9999 -9999 -9999 -9999 -9999 -9999 -9999 -9999 -9999 -9999 -9999
2.65508 2.69971 2.71442 2.72681 2.78216 2.89047 2.97489 2.99319 3.01035 3.03337 3.06334 3.10963 3.13139 3.14911 3.18321 3.23695 3.28992 3.31335 3.28219 3.28281 3.29909 3.30351 3.34219 3.34678 3.36784 3.40554 3.51349 3.59682 3.62403 3.66499 -9999 -9999 -9999 -9999 -9999 -9999 -9999 -9999 -9999 -9999 -9999 -9999 -9999 -9999 -9999 -9999 -9999 -9999 -9999 -9999 -9999 -9999 -9999 -9999 -9999 -9999 -9999 -9999 -9999 -9999 -9999 -9999 -9999 -9999 -9999 -9999 -9999 -9999 -9999 -9999 -9999 -9999
-9999 -9999 2.75652 2.80996 2.87917 2.92017 2.9977 3.01483 3.03121 3.05513 3.09508 3.12407 3.14325 3.17229 3.20921 3.23679 3.27455 3.31272 3.31497 3.28939 3.31876 3.30524 3.32156 3.3316 3.36533 3.47497 3.53522 3.61006 3.6357 3.67123 -9999 -9999 -9999 -9999 -9999 -9999 -9999 -9999 -9999 -9999 -9999 -9999 -9999 -9999 -9999 -9999 -9999 -9999 -9999 -9999 -9999 -9999 -9999 -9999 -9999 -9999 -9999 -9999 -9999 -9999 -9999 -9999 -9999 -9999 -9999 -9999 -9999 -9999 -9999 -9999 -9999 -9999
-9999 -9999 -9999 2.83129 2.90344 2.90803 3.0199 3.04146 3.05421 3.07872 3.10843 3.13453 3.16098 3.18775 3.21906 3.25045 3.2859 3.29935 3.28609 3.29671 3.31311 3.32127 3.32198 3.33951 3.38966 3.50322 3.54353 3.64343 3.67818 3.68828 3.71553 -9999 -9999 -9999 -9999 -9999 -9999 -9999 -9999 -9999 -9999 -9999 -9999 3.69945 -9999 -9999 -9999 -9999 -9999 -9999 -9999 -9999 -9999 -9999 -9999 -9999 -9999 -9999 -9999 -9999 -9999 -9999 -9999 -9999 3.69508 -9999 -9999 -9999 -9999 -9999 -9999 -9999
-9999 -9999 2.77856 2.88622 2.90525 2.92164 2.97948 3.0639 3.07642 3.10227 3.13123 3.15856 3.19038 3.21044 3.2344 3.26659 3.28169 3.2838 3.28964 3.29501 3.3025 3.31552 3.33277 3.35291 3.44098 3.47788 3.50821 3.56935 3.64085 3.67651 3.72317 3.76141 -9999 -9999 -9999 -9999 -9999 -9999 -9999 3.73849 3.73819 3.73508 3.72436 3.69991 3.70817 -9999 -9999 -9999 -9999 -9999 -9999 -9999 -9999 -9999 -9999 -9999 -9999 -9999 -9999 -9999 -9999 -9999 -9999 -9999 3.68228 3.70085 -9999 -9999 -9999 -9999 -9999 -9999
-9999 -9999 2.87927 2.89411 2.91948 2.93886 2.96563 3.07888 3.10339 3.12621 3.15254 3.18145 3.21065 3.22758 3.25462 3.27332 3.2881 3.28593 3.29169 3.30389 3.31785 3.33237 3.35714 3.3718 3.44279 3.47201 3.51122 3.55173 3.63243 3.6929 3.75182 3.8009 -9999 -9999 -9999 -9999 -9999 -9999 3.75116 3.73256 3.71959 3.73794 3.71476 3.69273 3.69038 3.70973 -9999 -9999 -9999 -9999 -9999 -9999 -9999 -9999 -9999 -9999 -9999 -9999 -9999 -9999 3.58804 3.61026 3.65977 3.68102 3.68988 3.70531 -9999 -9999 -9999 -9999 -9999 -9999
-9999 -9999 2.8923 2.90619 2.929 2.95499 2.99198 3.07923 3.12412 3.15125 3.1786 3.20364 3.22575 3.25384 3.27225 3.29987 3.29206 3.2995 3.30969 3.33209 3.34615 3.38251 3.40521 3.46932 3.46018 3.49327 3.54639 3.60937 3.71486 3.72874 3.76101 3.8072 -9999 -9999 -9999 -9999 -9999 -9999 3.76283 3.74204 3.72283 3.71566 3.7318 3.69509 3.6981 3.70715 3.7032 3.6818 3.66789 3.67114 3.63274 3.62318 3.62701 3.61583 -9999 -9999 -9999 -9999 3.59993 3.59534 3.59003 3.596 3.65041 3.68427 3.71278 3.69905 -9999 -9999 -9999 -9999 -9999 -9999
-9999 -9999 2.88623 2.91032 2.94342 2.98377 3.01519 3.10518 3.14896 3.19906 3.22633 3.2495 3.26901 3.28828 3.30923 3.31679 3.32446 3.33521 3.37113 3.41256 3.40334 3.41372 3.51051 3.48898 3.48328 3.51945 3.58129 3.65115 3.71931 3.73023 3.77078 3.82764 -9999 -9999 -9999 3.83526 3.81218 3.811 3.80225 3.77486 3.75187 3.7221 3.70533 3.72062 3.70722 3.71471 3.72394 3.70909 3.66881 3.65413 3.63065 3.62084 3.62427 3.62248 3.61176 3.60574 3.60347 3.604 3.60244 3.5989 3.59608 3.60178 3.64382 3.66672 3.67699 3.66408 -9999 -9999 -9999 -9999 -9999 -9999
-9999 -9999 2.92899 2.95637 2.98838 3.02752 3.06968 3.10341 3.18892 3.22271 3.24929 3.28224 3.29356 3.30957 3.32217 3.33313 3.34307 3.37301 3.41232 3.45223 3.47411 3.50951 3.54834 3.54924 3.54368 3.5509 3.61334 3.67816 3.70446 3.76183 3.81406 3.86884 -9999 -9999 3.89824 3.85331 3.8208 3.80304 3.79567 3.79142 3.76245 3.75397 3.72105 3.73921 3.74968 3.73621 3.72612 3.70824 3.69156 3.68113 3.66089 3.62695 3.62022 3.61768 3.61055 3.60843 3.60739 3.60662 3.6089 3.60478 3.60091 3.60261 3.63572 3.64699 3.65409 3.68134 -9999 -9999 -9999 -9999 -9999 -9999
-9999 -9999 2.96196 2.99147 3.02164 3.06379 3.09818 3.12691 3.22036 3.24098 3.27201 3.30267 3.32665 3.33217 3.3429 3.35056 3.35629 3.38299 3.41312 3.45852 3.48931 3.54324 3.56628 3.61203 3.61773 3.63876 3.66198 3.67648 3.69698 3.76847 3.80993 3.86611 3.90458 -9999 3.91216 3.89523 3.85581 3.81995 3.79468 3.79832 3.76505 3.75227 3.74576 3.7462 3.74301 3.7426 3.73325 3.72617 3.69892 3.666 3.65366 3.64202 3.62104 3.61701 3.61405 3.61287 3.61235 3.61166 3.61087 3.60909 3.60659 3.60421 3.61579 3.62321 3.65419 3.68638 -9999 -9999 -9999 -9999 -9999 -9999
-9999 2.93607 2.96749 2.99165 3.03013 3.07164 3.11363 3.15572 3.23805 3.25951 3.28782 3.31778 3.35451 3.36683 3.37269 3.36773 3.37074 3.37365 3.38952 3.443 3.48863 3.53668 3.58414 3.61461 3.6247 3.61549 3.63667 3.67586 3.71739 3.79005 3.8171 3.86142 3.92541 3.93248 3.91724 3.90518 3.87925 3.83499 3.80109 3.7819 3.76931 3.76391 3.74978 3.75278 3.74154 3.73523 3.73334 3.72394 3.71381 3.69368 3.67989 3.64321 3.63221 3.61951 3.61729 3.61662 3.61655 3.61635 3.61588 3.61482 3.61185 3.60725 3.59954 3.61595 3.64974 3.6548 -9999 -9999 -9999 -9999 -9999 -9999
-9999 -9999 2.97792 3.01603 3.06258 3.10814 3.14905 3.18718 3.25889 3.29115 3.31268 3.33284 3.36928 3.40003 3.39266 3.39049 3.38517 3.38443 3.3857 3.45484 3.48636 3.51566 3.5623 3.56731 3.57415 3.59299 3.62065 3.68202 3.74344 3.83276 3.89201 3.90906 3.94148 3.93834 3.93166 3.89646 3.87018 3.85795 3.84604 3.79516 3.78567 3.77339 3.75299 3.7588 3.73934 3.73893 3.72343 3.7129 3.70197 3.72463 3.68578 3.67565 3.6478 3.62732 3.61951 3.61951 3.61995 3.62082 3.62098 3.62014 3.61734 3.61169 3.59136 3.59565 3.66281 3.66054 -9999 -9999 -9999 -9999 -9999 -9999
-9999 -9999 -9999 -9999 3.07988 3.12452 3.17104 3.21264 3.27406 3.30215 3.32704 3.35005 3.37447 3.40374 3.41554 3.41536 3.43259 3.41983 3.41078 3.41745 3.42867 3.47892 3.51382 3.51146 3.53606 3.58547 3.62991 3.67475 3.74359 3.82075 3.88652 3.93842 3.95295 3.92322 3.89532 3.85966 3.84394 3.85384 3.83873 3.81571 3.78399 3.76373 3.7573 3.76347 3.74214 3.74745 3.71694 3.70318 3.69995 3.69655 3.68683 3.66759 3.65665 3.63493 3.62775 3.62153 3.62289 3.62426 3.62508 3.62467 3.61552 3.60798 3.59775 3.58557 3.65431 3.67638 -9999 -9999 -9999 -9999 -9999 -9999
-9999 -9999 -9999 -9999 3.10465 3.1529 3.19361 3.21526 3.28435 3.31251 3.34128 3.3613 3.38302 3.40976 3.43193 3.44933 3.47096 3.46231 3.43723 3.42651 3.43382 3.47984 3.47791 3.50181 3.53411 3.59292 3.64288 3.68035 3.74759 3.82848 3.87786 3.93786 3.93169 3.92118 3.90202 3.86105 3.83291 3.81945 3.82884 3.81004 3.77442 3.76612 3.77256 3.76097 3.74695 3.75855 3.71964 3.69971 3.69359 3.68104 3.67584 3.66281 3.64841 3.6363 3.62849 3.62649 3.6256 3.62747 3.62855 3.62527 3.62075 3.61293 3.60248 3.58961 3.62819 3.68173 -9999 -9999 -9999 -9999 -9999 -9999
-9999 -9999 -9999 -9999 -9999 3.18043 3.2069 3.21892 3.2927 3.3268 3.34681 3.36806 3.39161 3.40877 3.434 3.46279 3.51487 3.50462 3.48224 3.45052 3.44 3.4555 3.4829 3.52022 3.58734 3.64997 3.67706 3.70642 3.76146 3.83317 3.88579 3.87957 3.86928 3.85449 3.84906 3.85757 3.8336 3.81203 3.81887 3.79695 3.77021 3.77146 3.76757 3.76169 3.74924 3.73666 3.72231 3.69483 3.6928 3.67529 3.66747 3.65843 3.64744 3.63794 3.63031 3.62815 3.62832 3.62958 3.63054 3.6284 3.62383 3.61624 3.60568 3.59261 3.58181 3.59074 3.60008 -9999 -9999 -9999 -9999 -9999
-9999 -9999 -9999 -9999 -9999 3.21148 3.24922 3.253 3.32181 3.33426 3.3504 3.3708 3.39869 3.41757 3.45303 3.46442 3.51328 3.53739 3.52456 3.53904 3.49622 3.46237 3.48898 3.60193 3.65594 3.70134 3.71668 3.73865 3.76961 3.86158 3.89111 3.86042 3.84428 3.83225 3.82309 3.8254 3.82809 3.79499 3.78739 3.77229 3.76867 3.76005 3.76809 3.76853 3.73585 3.73349 3.72234 3.69452 3.69733 3.67256 3.6665 3.66103 3.65355 3.63896 3.63353 3.63091 3.62976 3.63176 3.63326 3.63016 3.62504 3.61736 3.60713 3.59373 3.5786 3.54156 3.54687 3.53497 3.50426 -9999 -9999 -9999
-9999 -9999 -9999 -9999 -9999 -9999 3.29602 3.28046 3.33454 3.35002 3.35432 3.37158 3.40637 3.42397 3.4567 3.48507 3.52976 3.58159 3.61218 3.54505 3.49036 3.46974 3.49067 3.58758 3.63805 3.65977 3.66228 3.69892 3.73158 3.81131 3.83743 3.86629 3.86778 3.85226 3.8319 3.81146 3.79613 3.79539 3.78338 3.7699 3.7639 3.75485 3.74851 3.74068 3.73389 3.71018 3.70735 3.68999 3.68149 3.67342 3.6686 3.6685 3.6541 3.64237 3.63699 3.63023 3.63167 3.633 3.63395 3.63392 3.6246 3.61688 3.60639 3.59358 3.57832 3.53519 3.51711 3.5125 3.51438 3.52362 -9999 -9999
-9999 -9999 -9999 -9999 -9999 -9999 3.33184 3.31382 3.36644 3.35683 3.381 3.39511 3.40484 3.42052 3.4469 3.48385 3.51562 3.57401 3.6363 3.56303 3.50603 3.48189 3.49599 3.58005 3.58021 3.61455 3.6284 3.67559 3.70646 3.75711 3.79031 3.82375 3.86739 3.88502 3.8339 3.8086 3.78761 3.77753 3.77092 3.76611 3.76085 3.75454 3.77176 3.74424 3.72237 3.7127 3.70315 3.69259 3.68331 3.67499 3.66954 3.66071 3.65921 3.6454 3.63317 3.63272 3.63315 3.63397 3.63445 3.63371 3.63129 3.61935 3.60421 3.59177 3.57722 3.53362 3.51357 3.49445 3.47965 3.49889 3.50541 3.48631
-9999 -9999 -9999 -9999 -9999 -9999 3.42292 3.37409 3.41478 3.40017 3.39948 3.40331 3.40905 3.42861 3.44344 3.47197 3.49968 3.54088 3.6012 3.64343 3.59201 3.51979 3.50624 3.52548 3.54524 3.58085 3.61498 3.63542 3.65226 3.7121 3.76736 3.81011 3.82668 3.84427 3.80703 3.80452 3.80955 3.76477 3.76443 3.76563 3.78052 3.79061 3.78103 3.77901 3.74718 3.75105 3.72697 3.7047 3.68988 3.6802 3.67568 3.66611 3.65911 3.6382 3.63595 3.63509 3.63493 3.63487 3.63445 3.63332 3.63037 3.62494 3.60752 3.59653 3.5751 3.53111 3.51201 3.49365 3.47603 3.46487 3.45844 3.44888
-9999 -9999 -9999 -9999 -9999 -9999 3.45656 3.47577 3.43798 3.43662 3.41566 3.41917 3.41599 3.42575 3.44195 3.4684 3.50051 3.53651 3.59019 3.63408 3.6067 3.5589 3.53363 3.53509 3.55356 3.57171 3.59282 3.63183 3.65185 3.6972 3.72512 3.76399 3.78856 3.82046 3.7781 3.77581 3.78498 3.76283 3.76396 3.79783 3.82255 3.82263 3.79439 3.80373 3.7837 3.77718 3.75638 3.71709 3.71616 3.7047 3.68605 3.67499 3.64695 3.64232 3.63951 3.63775 3.63681 3.63575 3.63429 3.63245 3.62891 3.62347 3.61642 3.59322 3.58077 3.53539 3.51037 3.49279 3.47609 3.46167 3.44351 3.41461
-9999 -9999 -9999 -9999 -9999 -9999 3.47222 3.50765 3.47418 3.45565 3.43161 3.42776 3.42577 3.43365 3.4524 3.46938 3.49276 3.52613 3.55286 3.59384 3.64752 3.5919 3.58112 3.5771 3.6064 3.60363 3.6206 3.6453 3.70154 3.7013 3.71097 3.7434 3.75742 3.77623 3.75404 3.75666 3.75921 3.76158 3.79122 3.83145 3.86248 3.83609 3.83715 3.81244 3.82328 3.78917 3.75744 3.74041 3.73968 3.74186 3.70294 3.66463 3.65525 3.64837 3.64341 3.64113 3.63871 3.63697 3.63478 3.63176 3.6277 3.62195 3.61456 3.60536 3.57763 3.53149 3.51465 3.49353 3.47592 3.45543 3.4417 3.41403
-9999 -9999 -9999 -9999 -9999 -9999 -9999 3.5621 3.53285 3.48573 3.46393 3.45274 3.45109 3.45933 3.4729 3.48753 3.50593 3.53359 3.56727 3.61565 3.65602 3.65353 3.64438 3.65575 3.6577 3.63307 3.63435 3.66798 3.76623 3.74486 3.72027 3.72669 3.73423 3.74117 3.74469 3.75062 3.75996 3.78136 3.84416 3.85947 3.88266 3.87755 3.88679 3.84474 3.8312 3.79498 3.7742 3.7607 3.77785 3.7696 3.69969 3.67977 3.67515 3.66218 3.6483 3.64467 3.64152 3.63885 3.63552 3.63156 3.6267 3.62181 3.6139 3.60423 3.57371 3.52451 3.50978 3.49411 3.48043 3.46086 3.44613 3.37002
-9999 -9999 -9999 -9999 -9999 -9999 -9999 3.61461 3.56211 3.50275 3.49218 3.4794 3.46824 3.47656 3.49412 3.5113 3.52928 3.54939 3.58797 3.62679 3.66541 3.68776 3.6969 3.70563 3.69766 3.65945 3.6629 3.68004 3.77939 3.8038 3.76781 3.73753 3.73909 3.74584 3.79048 3.78372 3.80783 3.83937 3.84808 3.86106 3.88815 3.87244 3.89015 3.87726 3.84458 3.82141 3.80592 3.77882 3.79344 3.79193 3.71977 3.69687 3.6897 3.66787 3.65714 3.65125 3.64688 3.64269 3.63842 3.63334 3.62768 3.62087 3.61273 3.60356 3.594 3.56462 3.54184 3.52544 3.50111 3.47801 3.42963 3.36396
-9999 -9999 -9999 -9999 -9999 -9999 -9999 3.62497 3.59328 3.54176 3.50545 3.51398 3.49996 3.49672 3.51567 3.53589 3.55675 3.57166 3.61251 3.65715 3.69615 3.7407 3.74865 3.73922 3.70831 3.68729 3.69351 3.71206 3.78828 3.78211 3.75887 3.74826 3.74765 3.75439 3.76604 3.77324 3.79124 3.79925 3.82255 3.8582 3.87125 3.86029 3.8958 3.88944 3.87074 3.84769 3.81592 3.79676 3.81874 3.75856 3.7236 3.70234 3.68351 3.67167 3.66387 3.65536 3.65049 3.64543 3.64023 3.63465 3.62816 3.62114 3.61278 3.60588 3.59924 3.61495 3.54874 3.53066 3.50208 3.47575 3.37448 3.35756
-9999 -9999 -9999 -9999 -9999 -9999 -9999 3.63745 3.6097 3.56654 3.54434 3.54974 3.53338 3.51915 3.53103 3.55201 3.56491 3.5869 3.62278 3.66191 3.70419 3.73098 3.77764 3.7557 3.73363 3.71652 3.71418 3.78937 3.80708 3.79321 3.77865 3.77507 3.75885 3.76191 3.77063 3.80011 3.81484 3.80977 3.81567 3.82532 3.84895 3.84811 3.86136 3.86449 3.86649 3.8478 3.82847 3.82048 3.77338 3.74326 3.72127 3.70447 3.68907 3.6804 3.67076 3.6604 3.65451 3.64882 3.64301 3.63654 3.62972 3.6229 3.61477 3.6108 3.61068 3.61947 3.57356 3.53369 3.49285 3.41496 3.3689 3.35216
-9999 -9999 -9999 -9999 -9999 -9999 -9999 3.66814 3.63674 3.6016 3.59394 3.60225 3.56435 3.5445 3.55388 3.56871 3.58448 3.62424 3.63212 3.64821 3.68651 3.73787 3.79345 3.8002 3.77805 3.74964 3.74709 3.83618 3.85491 3.85056 3.82548 3.80285 3.77843 3.77403 3.78421 3.82894 3.87585 3.85502 3.83216 3.83158 3.83689 3.85789 3.86247 3.86565 3.87836 3.88045 3.85689 3.84271 3.77195 3.75354 3.72999 3.70949 3.70722 3.69766 3.67895 3.66573 3.6594 3.65308 3.64631 3.63938 3.63196 3.62586 3.61888 3.61274 3.63064 3.63632 3.60924 3.53349 3.50066 3.39276 3.36119 3.34336
-9999 -9999 -9999 -9999 -9999 -9999 -9999 3.70762 3.68869 3.65543 3.64935 3.63064 3.59559 3.58309 3.58176 3.59112 3.60442 3.62691 3.64406 3.6693 3.7077 3.75697 3.81084 3.84939 3.84455 3.79553 3.79156 3.87782 3.9001 3.88336 3.85594 3.81282 3.78915 3.78799 3.7923 3.80256 3.83688 3.87762 3.87714 3.85586 3.87126 3.88876 3.87499 3.87345 3.88592 3.89336 3.85916 3.80834 3.78969 3.77394 3.74804 3.71395 3.70293 3.6968 3.67899 3.67192 3.66511 3.65793 3.65079 3.64314 3.63495 3.62769 3.62212 3.63047 3.63527 3.64592 3.63472 3.51997 3.43255 3.37816 3.35407 3.33641
-9999 -9999 -9999 -9999 -9999 -9999 -9999 3.75903 3.73357 3.70319 3.67453 3.64705 3.62407 3.63164 3.62314 3.63207 3.63115 3.64209 3.66282 3.68452 3.71776 3.77717 3.82859 3.88405 3.88042 3.82862 3.87627 3.90376 3.9501 3.91121 3.86747 3.82772 3.80724 3.82786 3.8109 3.81364 3.82681 3.85092 3.88777 3.88578 3.91194 3.91057 3.89292 3.88444 3.88252 3.88683 3.87303 3.80886 3.79752 3.78648 3.76204 3.73388 3.70651 3.69613 3.68548 3.67852 3.67155 3.66403 3.65629 3.64835 3.64019 3.63231 3.63776 3.64527 3.64413 3.64663 3.63361 3.54428 3.42195 3.37052 3.34634 3.32725
-9999 -9999 -9999 -9999 -9999 -9999 -9999 -9999 3.76438 3.73255 3.71174 3.71483 3.6958 3.6897 3.6864 3.69215 3.66399 3.66945 3.68459 3.70406 3.73241 3.77825 3.81251 3.86491 3.9049 3.88843 3.93745 3.92988 3.93755 3.92228 3.88023 3.8359 3.83353 3.86608 3.86333 3.85811 3.84437 3.85131 3.90142 3.9257 3.94486 3.92651 3.90675 3.89863 3.89316 3.89122 3.82585 3.81744 3.7873 3.76306 3.7514 3.72992 3.7124 3.70255 3.69352 3.68633 3.67893 3.67139 3.66386 3.65539 3.64811 3.64296 3.64952 3.68106 3.66458 3.65401 3.65167 3.53889 3.40324 3.36621 3.33813 3.31788
-9999 -9999 -9999 -9999 -9999 -9999 -9999 -9999 3.80704 3.76823 3.7706 3.78403 3.81314 3.81529 3.75892 3.75385 3.72648 3.70024 3.70868 3.72666 3.75232 3.78118 3.82293 3.87979 3.92665 3.99615 3.94481 3.9111 3.90623 3.89649 3.87212 3.87013 3.90395 3.93532 3.92081 3.91206 3.87501 3.86769 3.87362 3.90226 3.93454 3.94928 3.92334 3.91563 3.9091 3.90331 3.85338 3.83493 3.78678 3.76488 3.74754 3.73488 3.71887 3.70967 3.70212 3.69454 3.6875 3.68024 3.67319 3.66539 3.66187 3.65858 3.67605 3.6871 3.68729 3.69056 3.62734 3.53014 3.43224 3.36176 3.33199 3.31043
