Test_Spring_2018/02_18/Prec/20180207_016.txt
ncols	170
nrows	115
xllcorner	350000.000000
yllcorner	4445000.000000
cellsize	1000.000000
nodata_value	-9999.000000
[rows 31 to 61 of 115, columns 71 to 141 of 170]
1.18066 1.18475 1.17859 1.17967 1.18447 1.19227 1.19101 1.1852 1.18167 1.17195 1.16716 1.15881 1.14581 1.13881 1.11734 1.05385 1.06786 1.07113 1.04976 1.05531 1.06648 1.04721 0.999963 0.975566 0.939716 0.923267 0.89605 0.863885 -9999 -9999 -9999 -9999 -9999 -9999 -9999 -9999 -9999 -9999 -9999 -9999 -9999 -9999 -9999 -9999 -9999 -9999 -9999 -9999 -9999 -9999 -9999 -9999 -9999 -9999 -9999 -9999 -9999 -9999 -9999 -9999 -9999 -9999 -9999 -9999 -9999 -9999 -9999 -9999 -9999 -9999 -9999
1.18237 1.1824 1.17637 1.18659 1.19594 1.18337 1.17044 1.18892 1.18694 1.17973 1.16552 1.1588 1.15179 1.14639 1.1282 1.08192 1.03964 1.05695 1.05346 1.03456 1.05553 1.03633 0.994518 0.937432 0.957661 0.942882 0.870488 0.836818 -9999 -9999 -9999 -9999 -9999 -9999 -9999 -9999 -9999 -9999 -9999 -9999 -9999 -9999 -9999 -9999 -9999 -9999 -9999 -9999 -9999 -9999 -9999 -9999 -9999 -9999 -9999 -9999 -9999 -9999 -9999 -9999 -9999 -9999 -9999 -9999 -9999 -9999 -9999 -9999 -9999 -9999 -9999
1.18225 1.17918 1.17666 1.19159 1.19144 1.17802 1.17931 1.19233 1.19228 1.1883 1.18098 1.17425 1.16708 1.15231 1.13192 1.09186 1.0441 1.0303 1.04788 1.04428 1.0426 1.0244 1.00246 0.971138 0.983948 0.984072 0.93382 0.867339 0.833622 -9999 -9999 -9999 -9999 -9999 -9999 -9999 -9999 -9999 -9999 -9999 -9999 -9999 -9999 -9999 -9999 -9999 -9999 -9999 -9999 -9999 -9999 -9999 -9999 -9999 -9999 -9999 -9999 -9999 -9999 -9999 -9999 -9999 -9999 -9999 -9999 -9999 -9999 -9999 -9999 -9999 -9999
1.17955 1.17456 1.16034 1.16929 1.17604 1.16764 1.18066 1.1807 1.19647 1.1937 1.19099 1.18147 1.17331 1.16099 1.14136 1.11419 1.08169 1.02717 1.05409 1.0737 1.06764 1.0603 1.04276 1.01214 1.02434 1.01739 0.94378 0.885352 0.855972 0.838666 -9999 -9999 -9999 -9999 -9999 -9999 -9999 -9999 -9999 -9999 -9999 -9999 -9999 -9999 -9999 -9999 -9999 -9999 -9999 -9999 -9999 -9999 -9999 -9999 -9999 -9999 -9999 -9999 -9999 -9999 -9999 -9999 -9999 -9999 -9999 -9999 -9999 -9999 -9999 -9999 -9999
1.17377 1.16874 1.15116 1.16001 1.17192 1.1791 1.18053 1.19154 1.19513 1.19885 1.19656 1.18712 1.16252 1.15712 1.15366 1.13495 1.09838 1.06132 1.04823 1.08044 1.08538 1.07683 1.07822 1.0508 1.05233 1.04023 1.00196 0.939527 0.888875 0.867321 0.834098 -9999 -9999 -9999 -9999 -9999 -9999 -9999 -9999 -9999 -9999 -9999 -9999 -9999 -9999 -9999 -9999 -9999 -9999 -9999 -9999 -9999 -9999 -9999 -9999 -9999 -9999 -9999 -9999 -9999 -9999 -9999 -9999 -9999 -9999 -9999 -9999 -9999 -9999 -9999 -9999
-9999 -9999 -9999 1.14563 1.1523 1.17163 1.1746 1.1936 1.19924 1.20477 1.20286 1.18609 1.177 1.17448 1.16188 1.14089 1.12611 1.10127 1.07484 1.07774 1.10345 1.08247 1.09757 1.08766 1.08336 1.05951 1.00034 0.935009 0.891817 0.871281 0.84251 -9999 -9999 -9999 -9999 -9999 -9999 -9999 -9999 -9999 -9999 -9999 -9999 -9999 -9999 -9999 -9999 -9999 -9999 -9999 -9999 -9999 -9999 -9999 -9999 -9999 -9999 -9999 -9999 -9999 -9999 -9999 -9999 -9999 -9999 -9999 -9999 -9999 -9999 -9999 -9999
-9999 -9999 -9999 -9999 1.15447 1.17045 1.19173 1.19595 1.19934 1.20943 1.20848 1.20167 1.19611 1.18828 1.17804 1.16181 1.14347 1.11983 1.11317 1.12782 1.1215 1.10988 1.10515 1.10694 1.09503 1.04323 0.990774 0.958794 0.877818 0.849435 0.842136 0.820491 -9999 -9999 -9999 -9999 -9999 -9999 -9999 -9999 -9999 -9999 -9999 -9999 0.776478 -9999 -9999 -9999 -9999 -9999 -9999 -9999 -9999 -9999 -9999 -9999 -9999 -9999 -9999 -9999 -9999 -9999 -9999 -9999 -9999 0.502476 -9999 -9999 -9999 -9999 -9999
-9999 -9999 -9999 1.16779 1.17783 1.18751 1.20063 1.18927 1.20295 1.2151 1.21477 1.21016 1.20485 1.19339 1.1893 1.17929 1.15981 1.15245 1.15409 1.1511 1.14752 1.14167 1.13112 1.1174 1.10191 1.05646 1.02606 1.00199 0.93546 0.894828 0.866147 0.828491 0.797956 -9999 -9999 -9999 -9999 -9999 -9999 -9999 0.799009 0.790281 0.782408 0.779608 0.78725 0.7664 -9999 -9999 -9999 -9999 -9999 -9999 -9999 -9999 -9999 -9999 -9999 -9999 -9999 -9999 -9999 -9999 -9999 -9999 -9999 0.517732 0.491019 -9999 -9999 -9999 -9999
-9999 -9999 -9999 1.17407 1.18701 1.19315 1.20594 1.21344 1.21262 1.21685 1.22113 1.22052 1.21532 1.20708 1.20613 1.19351 1.18486 1.17673 1.18056 1.17593 1.16471 1.15148 1.13783 1.11606 1.10373 1.06906 1.04441 1.01241 0.980309 0.915544 0.866261 0.818779 0.779755 -9999 -9999 -9999 -9999 -9999 -9999 0.813094 0.820768 0.821785 0.794629 0.800931 0.80497 0.7914 0.743182 -9999 -9999 -9999 -9999 -9999 -9999 -9999 -9999 -9999 -9999 -9999 -9999 -9999 -9999 0.638229 0.611828 0.561481 0.53394 0.515812 0.491178 -9999 -9999 -9999 -9999
-9999 -9999 -9999 1.17585 1.19122 1.20165 1.21138 1.21306 1.23099 1.22371 1.22663 1.22714 1.22677 1.2256 1.21575 1.21033 1.19353 1.2033 1.19746 1.18722 1.16536 1.14998 1.11593 1.09412 1.0621 1.0678 1.0392 0.995063 0.943904 0.876932 0.849581 0.82523 0.789464 -9999 -9999 -9999 -9999 -9999 -9999 0.821517 0.830382 0.835668 0.828743 0.800353 0.815032 0.781505 0.753557 0.736386 0.734211 0.726425 0.689066 0.685759 0.680058 0.664986 0.664388 -9999 -9999 -9999 -9999 0.645203 0.643321 0.641372 0.628956 0.574536 0.536181 0.501057 0.485143 -9999 -9999 -9999 -9999
-9999 -9999 -9999 1.19199 1.2006 1.20472 1.20512 1.21459 1.2314 1.22664 1.24315 1.24305 1.24338 1.24336 1.23989 1.23129 1.23044 1.22633 1.21703 1.18462 1.1464 1.15045 1.10914 1.05944 1.05905 1.06088 1.029 0.977148 0.920133 0.884389 0.861245 0.830695 0.79962 -9999 -9999 -9999 0.801242 0.819234 0.81662 0.818051 0.832796 0.841474 0.839067 0.836801 0.81682 0.784138 0.755334 0.724869 0.715057 0.727548 0.719765 0.688951 0.68269 0.66756 0.663711 0.664618 0.663143 0.659688 0.654606 0.651521 0.649858 0.646902 0.635707 0.585342 0.556058 0.535861 0.478694 -9999 -9999 -9999 -9999
-9999 -9999 -9999 1.21713 1.22482 1.23095 1.22701 1.22859 1.23714 1.24888 1.24662 1.24867 1.24188 1.24945 1.2489 1.24703 1.24254 1.23537 1.20848 1.17162 1.13302 1.10922 1.10636 1.07036 1.0512 1.05281 1.01338 0.976252 0.923285 0.904147 0.875617 0.819896 0.777687 -9999 -9999 0.76325 0.802219 0.828689 0.840295 0.84049 0.835298 0.848251 0.841392 0.852857 0.829807 0.777716 0.76577 0.728685 0.719186 0.711112 0.698738 0.683221 0.681729 0.674859 0.666873 0.664961 0.660695 0.656941 0.653837 0.648439 0.648152 0.646826 0.639539 0.604199 0.585519 0.557624 0.482908 -9999 -9999 -9999 -9999
-9999 -9999 -9999 1.23497 1.24442 1.25475 1.25563 1.26296 1.23821 1.24293 1.25541 1.25282 1.24894 1.24635 1.2547 1.25402 1.25154 1.24681 1.2213 1.19068 1.14594 1.11314 1.08975 1.06638 1.02099 1.01339 0.993864 0.973515 0.961514 0.919933 0.878981 0.847289 0.791741 0.764258 -9999 0.765954 0.782095 0.814968 0.842162 0.857457 0.845283 0.861192 0.856958 0.854698 0.834342 0.792927 0.765421 0.748156 0.728956 0.727268 0.710546 0.687573 0.680168 0.67275 0.665891 0.660697 0.656179 0.652777 0.650548 0.648756 0.647455 0.645794 0.642566 0.625724 0.601553 0.563242 0.485404 -9999 -9999 -9999 -9999
-9999 -9999 1.21671 1.23674 1.25325 1.25908 1.26292 1.26608 1.26804 1.27589 1.2597 1.26308 1.25782 1.24479 1.24733 1.2503 1.25769 1.25424 1.24762 1.22777 1.17494 1.15119 1.11425 1.07125 1.02835 1.01665 1.02226 1.00331 0.97025 0.936214 0.891015 0.849432 0.816271 0.757918 0.757355 0.774575 0.787359 0.809454 0.844107 0.866772 0.873654 0.871593 0.868714 0.862343 0.833889 0.799747 0.778528 0.752952 0.733658 0.715486 0.706822 0.683719 0.676196 0.670447 0.661907 0.656313 0.65191 0.648908 0.647212 0.646174 0.645249 0.644849 0.64415 0.637437 0.613502 0.552065 0.498233 -9999 -9999 -9999 -9999
-9999 -9999 -9999 1.23423 1.24132 1.24256 1.24502 1.25089 1.25773 1.27333 1.27248 1.27674 1.26553 1.25049 1.23724 1.25088 1.25524 1.258 1.25355 1.24511 1.19924 1.16875 1.14041 1.09798 1.07679 1.06754 1.04922 1.02454 0.972514 0.92147 0.861218 0.811206 0.79753 0.760842 0.762582 0.773269 0.806209 0.829147 0.837179 0.841482 0.875016 0.876328 0.86695 0.864726 0.837518 0.80962 0.781748 0.765874 0.745694 0.726357 0.67981 0.676727 0.663351 0.668153 0.659327 0.652855 0.64836 0.645642 0.643923 0.643288 0.643106 0.643393 0.639863 0.635358 0.618583 0.546372 0.499177 -9999 -9999 -9999 -9999
-9999 -9999 -9999 -9999 -9999 1.23845 1.24314 1.24546 1.25026 1.27329 1.2758 1.27681 1.27503 1.26767 1.24734 1.24432 1.24646 1.22967 1.23656 1.24716 1.23774 1.22447 1.17859 1.13401 1.13151 1.10718 1.0629 1.02384 0.985458 0.927848 0.87691 0.820981 0.777571 0.766392 0.793043 0.812287 0.846082 0.860546 0.850268 0.857514 0.869179 0.883212 0.883825 0.869287 0.840994 0.814182 0.780209 0.775615 0.756705 0.729381 0.703332 0.674738 0.667888 0.657502 0.660047 0.654414 0.645969 0.643025 0.641581 0.641159 0.641397 0.638567 0.637362 0.635411 0.632193 0.558096 0.490697 -9999 -9999 -9999 -9999
-9999 -9999 -9999 -9999 -9999 1.228 1.23036 1.23798 1.25971 1.27505 1.27682 1.27371 1.27354 1.26758 1.25325 1.23822 1.22519 1.20677 1.2118 1.22983 1.23542 1.22585 1.18395 1.17096 1.14649 1.11571 1.06344 1.01952 0.987061 0.930412 0.875536 0.832885 0.782144 0.788017 0.798198 0.816007 0.850797 0.875983 0.885246 0.87318 0.880354 0.897753 0.888225 0.862618 0.848938 0.815722 0.775701 0.777334 0.762696 0.736815 0.717458 0.684365 0.671425 0.663244 0.657169 0.65176 0.645726 0.641209 0.639775 0.639649 0.638888 0.638238 0.637379 0.635559 0.632694 0.58366 0.489885 -9999 -9999 -9999 -9999
-9999 -9999 -9999 -9999 -9999 -9999 1.21778 1.23695 1.26608 1.27641 1.27197 1.27499 1.27261 1.2641 1.25709 1.23985 1.21693 1.1722 1.17894 1.19523 1.21917 1.22533 1.20982 1.17262 1.13719 1.07727 1.02181 0.997035 0.9711 0.924312 0.876579 0.830548 0.835012 0.843786 0.857113 0.863035 0.857269 0.878409 0.895222 0.884769 0.894804 0.904957 0.887596 0.870875 0.852467 0.817959 0.798185 0.778876 0.770287 0.740563 0.724932 0.693684 0.676904 0.665413 0.65677 0.650948 0.644911 0.640972 0.63948 0.638704 0.638724 0.63822 0.637207 0.635453 0.632668 0.625106 0.568964 0.536491 -9999 -9999 -9999
-9999 -9999 -9999 -9999 -9999 -9999 1.20207 1.21046 1.24501 1.25877 1.27096 1.2757 1.27267 1.25941 1.25115 1.22616 1.21746 1.17724 1.15283 1.16186 1.14773 1.18203 1.20898 1.17285 1.07419 1.02566 0.984843 0.969875 0.949879 0.92292 0.857785 0.830525 0.854897 0.867889 0.878245 0.886793 0.886126 0.884514 0.912354 0.911632 0.916181 0.907223 0.898658 0.872393 0.849194 0.832028 0.804121 0.782521 0.774544 0.740975 0.731623 0.698905 0.679062 0.664486 0.659958 0.652071 0.646193 0.641723 0.639999 0.639615 0.638352 0.638231 0.637254 0.63523 0.632751 0.628896 0.611348 0.582413 0.567841 0.569819 -9999
-9999 -9999 -9999 -9999 -9999 -9999 -9999 1.17979 1.22848 1.25427 1.26197 1.27497 1.27314 1.2644 1.25179 1.22552 1.20273 1.16648 1.12481 1.08999 1.14571 1.19104 1.20778 1.17665 1.09217 1.04703 1.02635 1.02216 0.98951 0.960646 0.90581 0.880726 0.854104 0.851437 0.867781 0.882137 0.899494 0.912636 0.912876 0.921258 0.916421 0.909966 0.902437 0.88912 0.87381 0.835312 0.826459 0.798844 0.782969 0.759776 0.737083 0.703693 0.679688 0.671137 0.664223 0.65615 0.647886 0.644081 0.642341 0.641853 0.641981 0.638199 0.637135 0.635354 0.632521 0.629037 0.616279 0.607592 0.587388 0.562376 0.532592
-9999 -9999 -9999 -9999 -9999 -9999 -9999 1.15871 1.20683 1.23391 1.26069 1.27525 1.2745 1.26984 1.2587 1.23789 1.20818 1.18332 1.13671 1.08751 1.13807 1.18244 1.20308 1.19141 1.1047 1.10242 1.07131 1.05752 1.01574 0.987929 0.957926 0.926212 0.89497 0.862686 0.841389 0.883225 0.903964 0.921238 0.928832 0.932307 0.932335 0.917654 0.900686 0.868541 0.871054 0.845893 0.826691 0.806217 0.78603 0.764838 0.743564 0.711427 0.695512 0.676558 0.66824 0.65758 0.651859 0.64812 0.645934 0.644931 0.6448 0.644933 0.63874 0.635447 0.632537 0.628864 0.615992 0.609805 0.602669 0.592489 0.554948
-9999 -9999 -9999 -9999 -9999 -9999 -9999 1.09215 1.16337 1.23122 1.25634 1.27228 1.27432 1.27272 1.25828 1.24739 1.22513 1.20414 1.17253 1.12547 1.09413 1.12115 1.18414 1.19003 1.15758 1.13917 1.10719 1.07628 1.05683 1.04046 1.00332 0.964382 0.922516 0.898186 0.880351 0.909675 0.910362 0.904901 0.941081 0.938749 0.933401 0.914182 0.878163 0.871225 0.841619 0.82552 0.796696 0.790272 0.781725 0.766896 0.748351 0.716406 0.697663 0.684329 0.671311 0.663336 0.657228 0.653028 0.650485 0.649092 0.648179 0.647778 0.647676 0.637328 0.634482 0.628806 0.615607 0.609657 0.602904 0.596057 0.584989
-9999 -9999 -9999 -9999 -9999 -9999 -9999 1.10843 1.17605 1.22317 1.24376 1.26873 1.27055 1.27629 1.27016 1.25833 1.23815 1.2138 1.1869 1.14573 1.11319 1.14076 1.15966 1.18327 1.16484 1.14035 1.12324 1.10329 1.08459 1.0639 1.03934 1.00912 0.962323 0.936999 0.906361 0.939173 0.938792 0.928976 0.945279 0.941077 0.907766 0.880117 0.870723 0.859085 0.834238 0.807956 0.777305 0.770079 0.777841 0.750638 0.734645 0.714803 0.702836 0.686792 0.677405 0.669448 0.663321 0.658731 0.655799 0.653974 0.652398 0.651368 0.650363 0.648622 0.634707 0.63088 0.616714 0.609052 0.60276 0.596182 0.588754
-9999 -9999 -9999 -9999 -9999 -9999 -9999 1.12545 1.16566 1.20732 1.24185 1.26868 1.27633 1.28095 1.27649 1.26271 1.25074 1.23395 1.2094 1.19099 1.16086 1.11995 1.17077 1.15386 1.13892 1.13291 1.13354 1.11645 1.09191 1.05343 1.04674 1.02151 0.988359 0.971376 0.951095 0.966084 0.960689 0.955565 0.95036 0.921412 0.882243 0.849047 0.862058 0.849391 0.82799 0.775952 0.783877 0.786309 0.775437 0.740241 0.714618 0.713079 0.698082 0.690039 0.682503 0.675938 0.669453 0.66503 0.6614 0.658839 0.656915 0.655128 0.6534 0.651242 0.648529 0.631113 0.616444 0.610479 0.603043 0.596724 0.588653
-9999 -9999 -9999 -9999 -9999 -9999 -9999 -9999 1.15947 1.2051 1.25255 1.27604 1.28868 1.29213 1.28682 1.27719 1.2673 1.25509 1.23595 1.21243 1.17687 1.148 1.15474 1.13398 1.10348 1.10116 1.12013 1.11622 1.08411 1.02182 1.01878 1.03231 1.02004 1.00737 0.995919 0.98225 0.973227 0.961506 0.939412 0.881775 0.868473 0.841643 0.836682 0.817294 0.806806 0.773618 0.783178 0.778373 0.766598 0.728709 0.699951 0.702874 0.700949 0.688371 0.685206 0.681925 0.675827 0.670972 0.666882 0.663932 0.661472 0.659139 0.657343 0.654635 0.651513 0.631267 0.615689 0.608006 0.600756 0.592094 0.589272
-9999 -9999 -9999 -9999 -9999 -9999 -9999 -9999 1.14984 1.20377 1.26079 1.27447 1.28843 1.30004 1.29485 1.282 1.26994 1.25787 1.24467 1.21639 1.1881 1.15982 1.1447 1.13982 1.07493 1.08073 1.11097 1.1051 1.08682 1.00959 0.981682 1.00471 1.02317 1.01522 1.00343 0.960248 0.960853 0.935657 0.904097 0.891291 0.873961 0.843372 0.847159 0.82076 0.817999 0.765971 0.76616 0.758693 0.760273 0.726423 0.693716 0.695901 0.697268 0.687245 0.691573 0.688505 0.683134 0.677967 0.673696 0.670031 0.667048 0.664 0.660899 0.657538 0.65343 0.647951 0.620935 0.578091 0.5723 0.5734 0.574179
-9999 -9999 -9999 -9999 -9999 -9999 -9999 -9999 1.16911 1.20432 1.25403 1.28911 1.28505 1.29917 1.30382 1.2898 1.27501 1.26014 1.25071 1.2197 1.18554 1.15589 1.12099 1.11612 1.12483 1.08688 1.10233 1.0939 1.0743 1.01615 1.01393 1.02609 1.02777 1.02136 1.00917 0.993261 0.981411 0.960595 0.948059 0.92217 0.885038 0.865786 0.865296 0.823909 0.81598 0.816608 0.750445 0.758225 0.754736 0.716346 0.691845 0.702682 0.703349 0.703523 0.699445 0.693578 0.689771 0.684101 0.679433 0.675313 0.671473 0.667917 0.663929 0.659881 0.653229 0.644913 0.616375 0.569478 0.565697 0.570907 0.574801
-9999 -9999 -9999 -9999 -9999 -9999 -9999 -9999 1.1897 1.22052 1.26256 1.28546 1.28397 1.30008 1.31402 1.30584 1.29012 1.28142 1.26525 1.23746 1.20683 1.1732 1.15208 1.11343 1.13171 1.08258 1.09429 1.09276 1.03798 1.01565 1.0198 1.02451 1.02012 1.02665 1.01721 1.00329 0.972067 0.953319 0.951073 0.939117 0.923241 0.894528 0.885153 0.862429 0.846677 0.83031 0.758002 0.756513 0.744927 0.721479 0.713996 0.714681 0.712134 0.709709 0.702973 0.698366 0.695557 0.689935 0.684806 0.680072 0.675818 0.67141 0.666209 0.661085 0.651248 0.636917 0.613897 0.545968 0.560853 0.576629 0.566448
-9999 -9999 -9999 -9999 -9999 -9999 -9999 -9999 1.19765 1.23059 1.26532 1.2757 1.27169 1.30596 1.32456 1.31829 1.30733 1.29555 1.2635 1.2582 1.24574 1.21413 1.17095 1.12352 1.11648 1.10122 1.08469 1.0829 1.01531 0.991867 0.987808 1.00127 1.01281 1.02607 1.02265 1.00713 0.962556 0.916077 0.926462 0.938066 0.930158 0.916315 0.888098 0.872445 0.856621 0.831449 0.780637 0.742285 0.736904 0.717347 0.714791 0.717366 0.718354 0.705073 0.699077 0.701886 0.701012 0.695075 0.68961 0.6847 0.679783 0.674828 0.668022 0.661006 0.6522 0.622006 0.601066 0.558985 0.558711 0.567618 0.541987
-9999 -9999 -9999 -9999 -9999 -9999 -9999 -9999 1.20039 1.22198 1.25466 1.26352 1.28224 1.31408 1.3264 1.32888 1.32203 1.31156 1.29305 1.27871 1.25714 1.22399 1.18109 1.1337 1.09859 1.09944 1.06594 1.04445 0.998106 0.971326 0.977497 0.9928 1.02151 1.03401 1.02769 1.01684 1.00094 0.964585 0.922471 0.914573 0.923465 0.900516 0.87473 0.874158 0.862084 0.837075 0.815315 0.750898 0.727523 0.711635 0.707254 0.712178 0.724904 0.71914 0.71024 0.712086 0.70565 0.699557 0.6941 0.688668 0.683432 0.678147 0.671341 0.662189 0.640259 0.620276 0.594363 0.586049 0.567856 0.560453 0.54771
-9999 -9999 -9999 -9999 -9999 -9999 -9999 -9999 1.19468 1.22109 1.25102 1.27881 1.30494 1.3266 1.32189 1.33011 1.32306 1.32375 1.31388 1.29517 1.27508 1.24467 1.19162 1.14474 1.09396 1.09256 1.09606 1.0267 0.995005 0.94753 0.972133 1.00106 1.02686 1.03661 1.01183 1.01875 1.00892 0.990015 0.961433 0.921473 0.913472 0.880804 0.870306 0.872449 0.865796 0.852614 0.833339 0.793306 0.736131 0.714723 0.70653 0.710378 0.718231 0.726335 0.720992 0.716678 0.709867 0.703496 0.697772 0.692148 0.686357 0.680164 0.672926 0.653493 0.631261 0.615255 0.59518 0.58736 0.593951 0.564267 0.547829
