Test_Spring_2018/02_18/Prec/20180225_018.txt
ncols	170
nrows	115
xllcorner	350000.000000
yllcorner	4445000.000000
cellsize	1000.000000
nodata_value	-9999.000000
[rows 32 to 63 of 115, columns 72 to 143 of 170]
1.40912 1.39587 1.40286 1.40849 1.37076 1.35312 1.35533 1.34942 1.33728 1.31674 1.30618 1.29583 1.28813 1.26491 1.20691 1.15463 1.17828 1.17635 1.15566 1.18596 1.16618 1.11845 1.05197 1.08354 1.07128 1.00173 0.983457 -9999 -9999 -9999 -9999 -9999 -9999 -9999 -9999 -9999 -9999 -9999 -9999 -9999 -9999 -9999 -9999 -9999 -9999 -9999 -9999 -9999 -9999 -9999 -9999 -9999 -9999 -9999 -9999 -9999 -9999 -9999 -9999 -9999 -9999 -9999 -9999 -9999 -9999 -9999 -9999 -9999 -9999 -9999 -9999 -9999
1.40257 1.39404 1.40726 1.40121 1.38205 1.36292 1.35864 1.35547 1.34768 1.3361 1.32574 1.31538 1.29599 1.27013 1.22008 1.16096 1.14538 1.17007 1.16869 1.17037 1.1518 1.12907 1.09501 1.11708 1.12349 1.08142 1.02247 0.984406 -9999 -9999 -9999 -9999 -9999 -9999 -9999 -9999 -9999 -9999 -9999 -9999 -9999 -9999 -9999 -9999 -9999 -9999 -9999 -9999 -9999 -9999 -9999 -9999 -9999 -9999 -9999 -9999 -9999 -9999 -9999 -9999 -9999 -9999 -9999 -9999 -9999 -9999 -9999 -9999 -9999 -9999 -9999 -9999
1.39417 1.3711 1.37701 1.3799 1.37 1.34566 1.34256 1.35953 1.3534 1.34774 1.33396 1.32241 1.30619 1.28134 1.24763 1.20784 1.14091 1.17747 1.20545 1.20167 1.19687 1.17976 1.14661 1.16795 1.16545 1.11016 1.04145 1.01285 0.999243 -9999 -9999 -9999 -9999 -9999 -9999 -9999 -9999 -9999 -9999 -9999 -9999 -9999 -9999 -9999 -9999 -9999 -9999 -9999 -9999 -9999 -9999 -9999 -9999 -9999 -9999 -9999 -9999 -9999 -9999 -9999 -9999 -9999 -9999 -9999 -9999 -9999 -9999 -9999 -9999 -9999 -9999 -9999
1.38416 1.35706 1.36303 1.37258 1.37914 1.36476 1.35448 1.35609 1.35815 1.35299 1.33927 1.30693 1.29941 1.29497 1.27195 1.22707 1.18226 1.16842 1.21246 1.22272 1.21659 1.22356 1.19465 1.20271 1.19388 1.1707 1.1087 1.05449 1.03562 1.00168 -9999 -9999 -9999 -9999 -9999 -9999 -9999 -9999 -9999 -9999 -9999 -9999 -9999 -9999 -9999 -9999 -9999 -9999 -9999 -9999 -9999 -9999 -9999 -9999 -9999 -9999 -9999 -9999 -9999 -9999 -9999 -9999 -9999 -9999 -9999 -9999 -9999 -9999 -9999 -9999 -9999 -9999
-9999 -9999 1.34249 1.34834 1.35159 1.35554 1.35501 1.35908 1.36326 1.35842 1.33526 1.32235 1.31835 1.30228 1.27634 1.259 1.22972 1.1992 1.20645 1.2432 1.22167 1.24628 1.23983 1.24087 1.21755 1.16342 1.10282 1.05823 1.04083 1.01265 -9999 -9999 -9999 -9999 -9999 -9999 -9999 -9999 -9999 -9999 -9999 -9999 -9999 -9999 -9999 -9999 -9999 -9999 -9999 -9999 -9999 -9999 -9999 -9999 -9999 -9999 -9999 -9999 -9999 -9999 -9999 -9999 -9999 -9999 -9999 -9999 -9999 -9999 -9999 -9999 -9999 -9999
-9999 -9999 -9999 1.34879 1.34838 1.3702 1.35565 1.35659 1.36624 1.3623 1.35141 1.34269 1.33175 1.31851 1.29851 1.27667 1.24903 1.24365 1.26602 1.2627 1.25341 1.25344 1.26225 1.25419 1.21402 1.15116 1.11966 1.04052 1.01351 1.01264 0.993147 -9999 -9999 -9999 -9999 -9999 -9999 -9999 -9999 -9999 -9999 -9999 -9999 1.02918 -9999 -9999 -9999 -9999 -9999 -9999 -9999 -9999 -9999 -9999 -9999 -9999 -9999 -9999 -9999 -9999 -9999 -9999 -9999 -9999 0.864517 -9999 -9999 -9999 -9999 -9999 -9999 -9999
-9999 -9999 1.3656 1.361 1.36811 1.37931 1.36479 1.35821 1.37001 1.36641 1.35788 1.34908 1.33324 1.32752 1.31524 1.29196 1.28497 1.29032 1.29078 1.29136 1.28989 1.28318 1.27303 1.26112 1.2242 1.19536 1.17445 1.112 1.07118 1.04358 1.00403 0.972834 -9999 -9999 -9999 -9999 -9999 -9999 -9999 1.02374 1.02018 1.01843 1.02386 1.04325 1.0274 -9999 -9999 -9999 -9999 -9999 -9999 -9999 -9999 -9999 -9999 -9999 -9999 -9999 -9999 -9999 -9999 -9999 -9999 -9999 0.888265 0.856803 -9999 -9999 -9999 -9999 -9999 -9999
-9999 -9999 1.35974 1.37111 1.37341 1.38374 1.38721 1.36722 1.36845 1.37009 1.36606 1.35691 1.34471 1.34266 1.32689 1.31726 1.30942 1.31781 1.3166 1.30808 1.29793 1.28801 1.26848 1.26136 1.23884 1.21806 1.18787 1.15725 1.09784 1.04457 0.99278 0.9509 -9999 -9999 -9999 -9999 -9999 -9999 1.03389 1.05028 1.05904 1.03314 1.05042 1.06578 1.05981 1.03265 -9999 -9999 -9999 -9999 -9999 -9999 -9999 -9999 -9999 -9999 -9999 -9999 -9999 -9999 1.03814 1.00657 0.944634 0.911506 0.890406 0.861331 -9999 -9999 -9999 -9999 -9999 -9999
-9999 -9999 1.36091 1.37507 1.38236 1.38829 1.38378 1.38064 1.37305 1.3723 1.36903 1.36538 1.3616 1.34793 1.34105 1.32107 1.33594 1.33242 1.3246 1.30325 1.2911 1.25625 1.23757 1.21739 1.2358 1.21094 1.16628 1.11236 1.03891 1.02459 1.0022 0.964453 -9999 -9999 -9999 -9999 -9999 -9999 1.04339 1.0611 1.07524 1.07506 1.04893 1.07831 1.06806 1.04616 1.03836 1.04971 1.05394 1.0369 1.04664 1.05023 1.04094 1.04877 -9999 -9999 -9999 -9999 1.04965 1.0494 1.0485 1.03407 0.966493 0.919265 0.876339 0.86796 -9999 -9999 -9999 -9999 -9999 -9999
-9999 -9999 1.38043 1.38573 1.38458 1.37812 1.3827 1.37811 1.37252 1.37661 1.37276 1.37018 1.36805 1.36255 1.35168 1.3518 1.34905 1.34101 1.30498 1.26278 1.27499 1.24324 1.18398 1.21091 1.22548 1.1975 1.14405 1.08358 1.05025 1.04068 1.01066 0.978091 -9999 -9999 -9999 1.00084 1.02787 1.02917 1.03615 1.0608 1.07886 1.08655 1.0938 1.0894 1.07044 1.04862 1.02531 1.02835 1.05952 1.06474 1.05629 1.0601 1.05148 1.05687 1.06545 1.06965 1.07002 1.06711 1.06566 1.06517 1.06247 1.04903 0.985519 0.949241 0.924745 0.872942 -9999 -9999 -9999 -9999 -9999 -9999
-9999 -9999 1.38943 1.39302 1.39423 1.38875 1.38315 1.3864 1.37849 1.37664 1.37494 1.36289 1.36989 1.36775 1.36517 1.36062 1.35408 1.32403 1.28273 1.24054 1.21818 1.21714 1.18144 1.18391 1.19852 1.17728 1.14474 1.08981 1.07675 1.052 0.998277 0.952218 -9999 -9999 0.949291 1.00229 1.03943 1.05812 1.0631 1.06228 1.08564 1.08544 1.1099 1.10019 1.0565 1.05651 1.03153 1.03639 1.04719 1.04727 1.05613 1.06729 1.06941 1.06866 1.07401 1.07481 1.07472 1.07403 1.06923 1.06993 1.06868 1.05955 1.01496 0.991596 0.96504 0.880757 -9999 -9999 -9999 -9999 -9999 -9999
-9999 -9999 1.39874 1.40349 1.40925 1.40317 1.40547 1.38439 1.36796 1.3784 1.37551 1.36665 1.36043 1.36922 1.36794 1.36583 1.3624 1.33427 1.30118 1.25166 1.21851 1.19284 1.17375 1.14632 1.15003 1.13887 1.1266 1.12455 1.09891 1.059 1.02838 0.971968 0.943099 -9999 0.953592 0.977158 1.02175 1.05952 1.08306 1.0731 1.10006 1.10327 1.11699 1.10414 1.0745 1.06188 1.05685 1.04975 1.06483 1.0676 1.06749 1.07159 1.07401 1.07521 1.07674 1.07732 1.07755 1.07766 1.07694 1.07579 1.07348 1.06884 1.04699 1.02309 0.975269 0.886328 -9999 -9999 -9999 -9999 -9999 -9999
-9999 1.37969 1.40083 1.41387 1.41337 1.41049 1.40707 1.4026 1.39267 1.38073 1.38016 1.3733 1.35356 1.35474 1.35788 1.36814 1.36635 1.36219 1.34294 1.28358 1.25766 1.2243 1.18125 1.15341 1.15287 1.17439 1.16483 1.13709 1.10749 1.06357 1.03413 1.00025 0.936984 0.940515 0.965454 0.984171 1.01451 1.0611 1.09344 1.10719 1.11131 1.12088 1.12428 1.10819 1.088 1.07842 1.06412 1.05819 1.05377 1.06107 1.06089 1.07303 1.07824 1.07761 1.07891 1.07969 1.0803 1.08076 1.08054 1.0793 1.07796 1.07589 1.07176 1.04133 0.969891 0.910796 -9999 -9999 -9999 -9999 -9999 -9999
-9999 -9999 1.39742 1.39798 1.39116 1.3861 1.38573 1.38714 1.38762 1.38319 1.38604 1.3765 1.35684 1.33789 1.35436 1.36071 1.36676 1.36541 1.36072 1.30942 1.28 1.25474 1.21296 1.2127 1.21606 1.20821 1.19224 1.14138 1.09106 1.02883 0.977596 0.970529 0.939425 0.94863 0.964845 1.00845 1.03928 1.05171 1.06041 1.10746 1.1187 1.1212 1.13099 1.11126 1.09953 1.08256 1.08159 1.07569 1.07096 1.0316 1.05719 1.05613 1.07624 1.08138 1.08141 1.08211 1.08293 1.08306 1.08293 1.08212 1.08111 1.07883 1.0761 1.05534 0.965106 0.913955 -9999 -9999 -9999 -9999 -9999 -9999
-9999 -9999 -9999 -9999 1.38455 1.382 1.37693 1.37564 1.38606 1.38603 1.38496 1.38114 1.37094 1.34792 1.34328 1.34678 1.3281 1.34207 1.35994 1.35567 1.34819 1.30107 1.26852 1.28042 1.26535 1.22536 1.1919 1.15891 1.10093 1.05102 0.992774 0.948494 0.942886 0.982971 1.01517 1.05942 1.07909 1.06796 1.07999 1.10328 1.12923 1.14063 1.13524 1.11466 1.10476 1.08088 1.09501 1.0916 1.07772 1.06515 1.05894 1.0668 1.06831 1.0839 1.08668 1.08467 1.08506 1.0853 1.0851 1.08443 1.08308 1.08115 1.07852 1.07473 0.982039 0.905074 -9999 -9999 -9999 -9999 -9999 -9999
-9999 -9999 -9999 -9999 1.36976 1.36414 1.36574 1.3859 1.38709 1.3864 1.38043 1.37892 1.37073 1.35252 1.33447 1.3188 1.2979 1.30834 1.33696 1.35163 1.34887 1.30688 1.31412 1.29859 1.27572 1.22602 1.18685 1.16177 1.10543 1.05093 1.00979 0.956515 0.972588 0.991919 1.01882 1.06616 1.09907 1.11277 1.10155 1.11646 1.14667 1.14538 1.12624 1.12443 1.10674 1.07573 1.09827 1.10083 1.08935 1.08583 1.07418 1.0748 1.07944 1.08442 1.08764 1.08732 1.08654 1.08663 1.08659 1.08615 1.08479 1.08317 1.08063 1.07724 1.01618 0.90576 -9999 -9999 -9999 -9999 -9999 -9999
-9999 -9999 -9999 -9999 -9999 1.34645 1.36282 1.39256 1.38781 1.37968 1.38186 1.37793 1.36682 1.35807 1.33684 1.30891 1.25485 1.26735 1.29365 1.33136 1.34832 1.33954 1.31614 1.28677 1.22716 1.17353 1.15865 1.14197 1.09827 1.05298 1.00777 1.02436 1.04422 1.06761 1.07954 1.07491 1.10298 1.12619 1.11665 1.13514 1.1562 1.14505 1.1372 1.12952 1.1103 1.105 1.10128 1.11167 1.09553 1.0969 1.08767 1.08357 1.08415 1.08596 1.0887 1.08839 1.08796 1.08808 1.08758 1.08738 1.0862 1.08441 1.08199 1.07877 1.07014 1.00723 0.969368 -9999 -9999 -9999 -9999 -9999
-9999 -9999 -9999 -9999 -9999 1.3246 1.32774 1.36478 1.36456 1.37791 1.38274 1.37843 1.36171 1.35222 1.32071 1.31079 1.26151 1.23632 1.25326 1.24266 1.29487 1.3394 1.31726 1.20777 1.16229 1.12694 1.12428 1.11499 1.09626 1.02896 1.00749 1.04928 1.07458 1.09435 1.10974 1.11233 1.11162 1.1481 1.15238 1.16398 1.1609 1.16081 1.1408 1.12695 1.12951 1.11375 1.10693 1.11787 1.09666 1.10573 1.09454 1.0864 1.08293 1.08983 1.08989 1.08975 1.08929 1.08892 1.08876 1.08754 1.08699 1.08541 1.08282 1.08016 1.07636 1.06233 1.02902 1.01416 1.02034 -9999 -9999 -9999
-9999 -9999 -9999 -9999 -9999 -9999 1.28719 1.34268 1.35766 1.36591 1.38168 1.37937 1.36818 1.35322 1.32111 1.29354 1.24934 1.19888 1.16534 1.24259 1.30832 1.3395 1.32363 1.23148 1.18977 1.17937 1.18989 1.16426 1.14283 1.08828 1.06943 1.04683 1.05244 1.08135 1.10536 1.12962 1.14791 1.14991 1.16288 1.16744 1.1675 1.16858 1.16468 1.16043 1.13577 1.14353 1.12855 1.12892 1.1202 1.11181 1.09951 1.08565 1.0894 1.09299 1.09263 1.09184 1.09083 1.09063 1.0906 1.09039 1.08718 1.08579 1.0838 1.08094 1.07783 1.07016 1.0625 1.04057 1.01269 0.978743 -9999 -9999
-9999 -9999 -9999 -9999 -9999 -9999 1.25834 1.31382 1.33023 1.36315 1.37672 1.38004 1.37533 1.36254 1.33758 1.30149 1.27179 1.21517 1.15609 1.23232 1.30006 1.33561 1.33178 1.24861 1.26028 1.23602 1.2338 1.19607 1.17548 1.15183 1.12437 1.09582 1.06642 1.04935 1.10622 1.13529 1.15935 1.17118 1.17844 1.18255 1.17821 1.17035 1.1423 1.16003 1.15175 1.14565 1.13881 1.13284 1.12571 1.11819 1.10706 1.10271 1.09275 1.09766 1.09527 1.09396 1.09321 1.09274 1.09245 1.09237 1.09215 1.08879 1.08453 1.08191 1.07882 1.07145 1.06703 1.06164 1.05249 1.00872 0.980809 0.96677
-9999 -9999 -9999 -9999 -9999 -9999 1.17142 1.2568 1.31706 1.34941 1.37502 1.37895 1.37848 1.36186 1.34973 1.32331 1.29871 1.26115 1.20485 1.16942 1.22055 1.30836 1.33146 1.3167 1.30717 1.28099 1.25639 1.24616 1.23937 1.20611 1.17262 1.13013 1.11349 1.09698 1.13859 1.14298 1.13904 1.18764 1.18817 1.18598 1.16782 1.14244 1.14532 1.12638 1.12899 1.10974 1.11957 1.12716 1.12691 1.12168 1.11031 1.1068 1.10261 1.10082 1.09864 1.09689 1.09578 1.09524 1.09494 1.09443 1.09414 1.09415 1.08844 1.08646 1.07995 1.07268 1.06865 1.06379 1.05886 1.0485 1.03518 1.01046
-9999 -9999 -9999 -9999 -9999 -9999 1.18032 1.2434 1.30292 1.33537 1.36825 1.3723 1.38145 1.37568 1.3627 1.3392 1.31063 1.27924 1.2305 1.19359 1.23377 1.27904 1.31803 1.32159 1.3089 1.30064 1.28903 1.2822 1.26946 1.25157 1.22512 1.18416 1.16005 1.12779 1.17438 1.17812 1.16944 1.19369 1.19253 1.15558 1.12712 1.12336 1.13429 1.11595 1.10562 1.08725 1.09487 1.12181 1.10957 1.1065 1.11048 1.10898 1.10661 1.10424 1.10193 1.10021 1.09886 1.09824 1.09794 1.09722 1.09679 1.09631 1.09509 1.08775 1.08527 1.07776 1.06981 1.06558 1.061 1.05524 1.05031 1.04456
-9999 -9999 -9999 -9999 -9999 -9999 1.19559 1.22454 1.27763 1.32906 1.3647 1.37645 1.38455 1.38122 1.36613 1.35335 1.33465 1.3065 1.28671 1.25296 1.20669 1.27747 1.28133 1.28951 1.29581 1.30988 1.30194 1.2846 1.25281 1.25678 1.24651 1.21405 1.20068 1.1819 1.20656 1.20468 1.20268 1.20055 1.16885 1.12504 1.08994 1.1146 1.10843 1.11169 1.06829 1.0968 1.11648 1.11973 1.09443 1.07793 1.10459 1.10623 1.1067 1.10629 1.10558 1.10346 1.10257 1.1015 1.10083 1.10031 1.0996 1.09888 1.09774 1.09619 1.08698 1.07943 1.07578 1.07362 1.06961 1.06035 1.05606 1.04809
-9999 -9999 -9999 -9999 -9999 -9999 -9999 1.20704 1.27381 1.33544 1.36735 1.38589 1.39299 1.38904 1.37962 1.36989 1.35737 1.33641 1.31047 1.27012 1.23922 1.25447 1.25604 1.24598 1.25488 1.29129 1.29915 1.27147 1.20505 1.22676 1.2548 1.24911 1.24174 1.23476 1.22493 1.21914 1.20955 1.18684 1.11958 1.10868 1.08216 1.08451 1.07008 1.09022 1.07093 1.09773 1.10701 1.10778 1.07555 1.07031 1.09754 1.1068 1.10129 1.10627 1.1088 1.10723 1.10604 1.10479 1.10417 1.1036 1.10286 1.10426 1.10317 1.10179 1.09135 1.08364 1.07809 1.07309 1.06618 1.06641 1.06294 1.0541
-9999 -9999 -9999 -9999 -9999 -9999 -9999 1.19526 1.26482 1.33892 1.35879 1.37929 1.39699 1.39353 1.38041 1.36835 1.35643 1.34338 1.31181 1.28094 1.25099 1.23872 1.24052 1.20903 1.22754 1.27749 1.28218 1.27128 1.20021 1.17661 1.21646 1.24956 1.24833 1.2413 1.19381 1.20098 1.17521 1.14137 1.13148 1.11645 1.08554 1.09908 1.0757 1.08341 1.06393 1.07784 1.0826 1.09901 1.07064 1.05978 1.08636 1.09909 1.0963 1.11043 1.11403 1.11357 1.11233 1.11133 1.11041 1.10985 1.10892 1.10784 1.10648 1.10435 1.10072 1.08369 1.04281 1.03973 1.04523 1.05012 1.05746 1.05701
-9999 -9999 -9999 -9999 -9999 -9999 -9999 1.21045 1.25682 1.32206 1.36923 1.36726 1.3884 1.39769 1.38345 1.36836 1.35334 1.34552 1.31094 1.27305 1.24167 1.20461 1.20646 1.22647 1.23298 1.26373 1.26465 1.25155 1.20535 1.21392 1.23992 1.25188 1.25277 1.24557 1.23298 1.22499 1.20539 1.1962 1.17037 1.13082 1.11454 1.12282 1.08046 1.08135 1.09404 1.05936 1.08235 1.09128 1.0561 1.06799 1.09294 1.10417 1.11381 1.11706 1.11703 1.11863 1.11699 1.11586 1.11482 1.11371 1.1127 1.11104 1.10933 1.10445 1.09764 1.0655 1.0346 1.03416 1.04498 1.05395 1.05717 1.0595
-9999 -9999 -9999 -9999 -9999 -9999 -9999 1.22602 1.26727 1.32314 1.35519 1.3567 1.38062 1.40191 1.39541 1.37955 1.37278 1.35695 1.32693 1.29396 1.25796 1.23859 1.19799 1.23012 1.2244 1.2501 1.25938 1.21787 1.20142 1.21788 1.23443 1.23878 1.25619 1.25277 1.2431 1.21115 1.1947 1.19904 1.1913 1.17901 1.15107 1.14827 1.12942 1.12022 1.11105 1.07002 1.08045 1.07827 1.07544 1.09502 1.10653 1.1132 1.1192 1.11887 1.12036 1.12329 1.12192 1.12053 1.11912 1.11795 1.11635 1.11365 1.11104 1.10257 1.08855 1.06371 1.00776 1.03103 1.05535 1.05815 1.05889 1.06033
-9999 -9999 -9999 -9999 -9999 -9999 -9999 1.22447 1.26879 1.3157 1.33217 1.33069 1.37774 1.40519 1.40142 1.39197 1.38179 1.34642 1.34534 1.33584 1.30289 1.25611 1.20476 1.20516 1.21888 1.2339 1.24269 1.18592 1.16798 1.17406 1.20168 1.22624 1.25234 1.25679 1.24545 1.19706 1.14605 1.16678 1.1892 1.18732 1.17841 1.15195 1.14203 1.13258 1.11201 1.07088 1.06269 1.06765 1.0879 1.09539 1.10881 1.11957 1.11158 1.11202 1.12283 1.12827 1.12668 1.12513 1.12384 1.12222 1.12035 1.11604 1.11146 1.10469 1.07101 1.04913 1.01095 1.03151 1.04736 1.04749 1.06258 1.06432
-9999 -9999 -9999 -9999 -9999 -9999 -9999 1.21535 1.24568 1.29024 1.30496 1.33231 1.37646 1.39617 1.40375 1.39986 1.39181 1.37408 1.36218 1.34179 1.3075 1.26164 1.21084 1.17622 1.18758 1.20555 1.20902 1.16062 1.13857 1.15765 1.18771 1.23411 1.25944 1.26046 1.25531 1.24345 1.20558 1.16039 1.15852 1.17813 1.15795 1.13469 1.14384 1.13907 1.11854 1.1026 1.07374 1.07155 1.08073 1.08555 1.10161 1.12692 1.12824 1.12491 1.13448 1.13297 1.13132 1.13 1.12832 1.12662 1.12468 1.12073 1.11382 1.09083 1.07039 1.04257 1.03707 1.04641 1.05398 1.05928 1.06554 1.06605
-9999 -9999 -9999 -9999 -9999 -9999 -9999 1.19478 1.23149 1.27274 1.31145 1.34824 1.37962 1.378 1.39305 1.38927 1.39574 1.38947 1.3727 1.35488 1.32475 1.26678 1.2173 1.1635 1.17256 1.21256 1.18055 1.15294 1.10503 1.14761 1.19508 1.23799 1.26005 1.23799 1.25551 1.25156 1.23597 1.20812 1.16603 1.16453 1.13226 1.12844 1.1411 1.14319 1.13754 1.12463 1.09727 1.08297 1.08478 1.08459 1.09913 1.11815 1.13688 1.138 1.1398 1.13788 1.13599 1.13449 1.13279 1.13063 1.12781 1.12361 1.10403 1.08098 1.0659 1.04579 1.04127 1.0655 1.06292 1.06399 1.06918 1.06994
-9999 -9999 -9999 -9999 -9999 -9999 -9999 -9999 1.23312 1.27576 1.30617 1.31054 1.33783 1.35074 1.36009 1.35924 1.39403 1.39265 1.38069 1.36396 1.33767 1.29277 1.26025 1.20852 1.17014 1.16242 1.13639 1.14571 1.13881 1.15626 1.20207 1.25008 1.25311 1.21855 1.22105 1.22557 1.23845 1.22854 1.17182 1.14173 1.11617 1.12965 1.14379 1.14474 1.14222 1.13542 1.11484 1.08906 1.1086 1.12232 1.12319 1.13511 1.14338 1.14395 1.14397 1.14217 1.1405 1.13864 1.13619 1.13392 1.12935 1.12131 1.0995 1.04972 1.04974 1.04227 1.02502 1.05173 1.04895 1.06559 1.07345 1.07394
-9999 -9999 -9999 -9999 -9999 -9999 -9999 -9999 1.22242 1.2725 1.27838 1.27196 1.24815 1.25229 1.31791 1.32811 1.36131 1.39267 1.38663 1.3701 1.34525 1.317 1.27516 1.21748 1.17078 1.13474 1.16618 1.18666 1.19303 1.20471 1.23196 1.23526 1.20014 1.16716 1.18241 1.19075 1.22834 1.2333 1.2231 1.18767 1.14733 1.12467 1.14442 1.14399 1.1417 1.13818 1.12807 1.10991 1.12253 1.13347 1.14025 1.14276 1.14949 1.14947 1.14802 1.14669 1.14458 1.14223 1.1389 1.13535 1.12602 1.11504 1.08046 1.05116 1.03195 1.00809 1.05389 1.06111 1.06806 1.06782 1.07565 1.07581
