Test_Spring_2018/02_18/Prec/20180221_015.txt
ncols	170
nrows	115
xllcorner	350000.000000
yllcorner	4445000.000000
cellsize	1000.000000
nodata_value	-9999.000000
[rows 31 to 61 of 115, columns 70 to 139 of 170]
0.754612 0.769633 0.770959 0.749423 0.743519 0.761508 0.723727 0.715942 0.689561 0.679436 0.656197 0.644413 0.625484 0.59703 0.582574 0.537167 0.400253 0.434873 0.446987 0.406091 0.4257 0.459033 0.426767 0.334335 0.293474 0.228611 0.250854 0.21995 0.1677 -9999 -9999 -9999 -9999 -9999 -9999 -9999 -9999 -9999 -9999 -9999 -9999 -9999 -9999 -9999 -9999 -9999 -9999 -9999 -9999 -9999 -9999 -9999 -9999 -9999 -9999 -9999 -9999 -9999 -9999 -9999 -9999 -9999 -9999 -9999 -9999 -9999 -9999 -9999 -9999 -9999
0.764109 0.767408 0.759893 0.738824 0.753317 0.765729 0.697049 0.675701 0.692156 0.68587 0.66856 0.636372 0.621311 0.606313 0.595658 0.557683 0.458861 0.369826 0.412987 0.411532 0.377392 0.43223 0.399959 0.319209 0.206039 0.264033 0.245905 0.158884 0.142512 -9999 -9999 -9999 -9999 -9999 -9999 -9999 -9999 -9999 -9999 -9999 -9999 -9999 -9999 -9999 -9999 -9999 -9999 -9999 -9999 -9999 -9999 -9999 -9999 -9999 -9999 -9999 -9999 -9999 -9999 -9999 -9999 -9999 -9999 -9999 -9999 -9999 -9999 -9999 -9999 -9999
0.742834 0.760317 0.74615 0.733053 0.758165 0.749923 0.730232 0.688633 0.693257 0.691451 0.681414 0.664537 0.649557 0.634313 0.603108 0.560406 0.475372 0.374423 0.349278 0.394312 0.393954 0.399064 0.369047 0.331972 0.275368 0.316829 0.331175 0.280999 0.205412 0.15311 -9999 -9999 -9999 -9999 -9999 -9999 -9999 -9999 -9999 -9999 -9999 -9999 -9999 -9999 -9999 -9999 -9999 -9999 -9999 -9999 -9999 -9999 -9999 -9999 -9999 -9999 -9999 -9999 -9999 -9999 -9999 -9999 -9999 -9999 -9999 -9999 -9999 -9999 -9999 -9999
0.712123 0.746672 0.728574 0.690022 0.702232 0.709382 0.709936 0.662238 0.660495 0.693556 0.686175 0.679366 0.658176 0.640634 0.614744 0.57366 0.517 0.449695 0.335072 0.40086 0.451785 0.447492 0.441604 0.414447 0.359543 0.399772 0.398597 0.337288 0.242778 0.196845 0.176938 -9999 -9999 -9999 -9999 -9999 -9999 -9999 -9999 -9999 -9999 -9999 -9999 -9999 -9999 -9999 -9999 -9999 -9999 -9999 -9999 -9999 -9999 -9999 -9999 -9999 -9999 -9999 -9999 -9999 -9999 -9999 -9999 -9999 -9999 -9999 -9999 -9999 -9999 -9999
-9999 0.725379 0.707609 0.66202 0.674299 0.69299 0.712003 0.707711 0.676517 0.682662 0.689349 0.683191 0.661875 0.607877 0.596956 0.591249 0.553094 0.476838 0.40075 0.378721 0.457712 0.478009 0.469922 0.484879 0.437485 0.454672 0.442533 0.419632 0.341966 0.263387 0.234169 0.178489 -9999 -9999 -9999 -9999 -9999 -9999 -9999 -9999 -9999 -9999 -9999 -9999 -9999 -9999 -9999 -9999 -9999 -9999 -9999 -9999 -9999 -9999 -9999 -9999 -9999 -9999 -9999 -9999 -9999 -9999 -9999 -9999 -9999 -9999 -9999 -9999 -9999 -9999
-9999 -9999 -9999 -9999 0.634594 0.652315 0.667918 0.687213 0.672724 0.683056 0.693308 0.687515 0.649544 0.629166 0.624148 0.597985 0.554585 0.526203 0.477105 0.426018 0.44094 0.50751 0.472718 0.518578 0.510476 0.515589 0.478332 0.40908 0.325758 0.263731 0.236994 0.191183 -9999 -9999 -9999 -9999 -9999 -9999 -9999 -9999 -9999 -9999 -9999 -9999 -9999 -9999 -9999 -9999 -9999 -9999 -9999 -9999 -9999 -9999 -9999 -9999 -9999 -9999 -9999 -9999 -9999 -9999 -9999 -9999 -9999 -9999 -9999 -9999 -9999 -9999
-9999 -9999 -9999 -9999 -9999 0.649175 0.658025 0.698243 0.669236 0.674083 0.69374 0.689374 0.672579 0.659285 0.641918 0.620451 0.587197 0.550819 0.504476 0.49717 0.538477 0.535306 0.521998 0.525204 0.543898 0.533359 0.480919 0.382274 0.331448 0.226686 0.183127 0.184753 0.153581 -9999 -9999 -9999 -9999 -9999 -9999 -9999 -9999 -9999 -9999 -9999 -9999 0.271243 -9999 -9999 -9999 -9999 -9999 -9999 -9999 -9999 -9999 -9999 -9999 -9999 -9999 -9999 -9999 -9999 -9999 -9999 -9999 -9999 0.159091 -9999 -9999 -9999
-9999 -9999 -9999 -9999 0.666234 0.673047 0.68803 0.70992 0.696455 0.67247 0.695826 0.691923 0.679022 0.665353 0.639192 0.63056 0.610517 0.571433 0.560952 0.572285 0.575418 0.579138 0.579609 0.571261 0.557169 0.540164 0.499774 0.454035 0.421905 0.334416 0.277456 0.232348 0.165951 0.113768 -9999 -9999 -9999 -9999 -9999 -9999 -9999 0.22614 0.225848 0.229559 0.246575 0.288598 0.269755 -9999 -9999 -9999 -9999 -9999 -9999 -9999 -9999 -9999 -9999 -9999 -9999 -9999 -9999 -9999 -9999 -9999 -9999 -9999 0.193946 0.144423 -9999 -9999
-9999 -9999 -9999 -9999 0.662854 0.685868 0.69287 0.713531 0.721847 0.684025 0.688931 0.694033 0.688797 0.674257 0.65415 0.651615 0.625217 0.609671 0.597554 0.614088 0.614318 0.602254 0.587758 0.574042 0.543878 0.535532 0.519861 0.488534 0.440553 0.391434 0.31795 0.227922 0.139924 0 -9999 -9999 -9999 -9999 -9999 -9999 0.229409 0.26312 0.284594 0.24665 0.284888 0.320591 0.319734 0.300188 -9999 -9999 -9999 -9999 -9999 -9999 -9999 -9999 -9999 -9999 -9999 -9999 -9999 -9999 0.430392 0.379357 0.275851 0.222982 0.191454 0.146318 -9999 -9999
-9999 -9999 -9999 -9999 0.659504 0.687959 0.704126 0.717473 0.712113 0.693878 0.693124 0.693948 0.689839 0.684629 0.67889 0.655787 0.644545 0.610694 0.637946 0.6336 0.622285 0.587947 0.570129 0.513218 0.484821 0.471746 0.509332 0.471343 0.3985 0.309063 0.193881 0.187269 0.150183 0 -9999 -9999 -9999 -9999 -9999 -9999 0.236332 0.272445 0.303587 0.310947 0.274177 0.335092 0.343933 0.317524 0.315724 0.347076 0.365497 0.359061 0.399852 0.413237 0.402981 0.421467 -9999 -9999 -9999 -9999 0.438202 0.440658 0.442432 0.421129 0.307773 0.230422 0.161045 0.160736 -9999 -9999
-9999 -9999 -9999 -9999 0.688114 0.701801 0.703784 0.695954 0.706729 0.686795 0.688751 0.69373 0.688615 0.685211 0.682209 0.673135 0.654691 0.655538 0.651718 0.639104 0.578262 0.507224 0.53157 0.485254 0.390172 0.454962 0.486385 0.44344 0.355698 0.255165 0.209582 0.209819 0.159117 0 -9999 -9999 -9999 0.135555 0.184205 0.188811 0.204363 0.25189 0.289206 0.322112 0.344201 0.350751 0.34088 0.315804 0.288159 0.306172 0.372604 0.392938 0.413614 0.427683 0.418692 0.427308 0.446109 0.456428 0.459465 0.456454 0.455942 0.457295 0.455177 0.4349 0.335105 0.276917 0.239856 0.167998 -9999 -9999
-9999 -9999 -9999 -9999 0.692983 0.704042 0.710508 0.706534 0.699759 0.707747 0.684323 0.690883 0.689423 0.669328 0.682004 0.678492 0.674173 0.666583 0.655872 0.604703 0.534547 0.463485 0.427658 0.432158 0.374486 0.395851 0.427437 0.404037 0.341958 0.251285 0.233072 0.200277 0.121329 0 -9999 -9999 0 0.131092 0.19686 0.23138 0.243154 0.246196 0.292826 0.299862 0.35131 0.346943 0.293679 0.3069 0.294531 0.316939 0.34491 0.356918 0.393369 0.432639 0.44268 0.446301 0.45933 0.463408 0.465202 0.465554 0.458671 0.461599 0.461578 0.448496 0.374349 0.33797 0.302585 0.166643 -9999 -9999
-9999 -9999 -9999 -9999 0.701361 0.714662 0.729272 0.722727 0.730209 0.701593 0.664249 0.685248 0.687852 0.673161 0.662568 0.677821 0.675445 0.671787 0.666223 0.618163 0.562154 0.478264 0.423662 0.384951 0.356478 0.316986 0.329208 0.315606 0.300022 0.302018 0.269083 0.209636 0.158964 0 0 -9999 0 0 0.159172 0.226496 0.270305 0.257236 0.310157 0.323358 0.35805 0.346882 0.318598 0.309528 0.314897 0.316814 0.35719 0.391751 0.412841 0.429192 0.449785 0.456865 0.463085 0.466468 0.468392 0.469606 0.469281 0.46843 0.466089 0.460439 0.425686 0.392893 0.315142 0.171222 -9999 -9999
-9999 -9999 -9999 0.653273 0.700577 0.728884 0.733076 0.732518 0.730383 0.725736 0.701333 0.687978 0.689117 0.682436 0.648079 0.649817 0.654865 0.67247 0.669473 0.66295 0.630885 0.529743 0.489231 0.429159 0.357976 0.325076 0.330217 0.373965 0.363526 0.321199 0.275234 0.208871 0.166645 0.109557 0 0 0 0 0.140515 0.222744 0.281529 0.309549 0.322611 0.34785 0.363736 0.347735 0.335469 0.333446 0.323746 0.32885 0.336447 0.363978 0.385825 0.432303 0.4494 0.460697 0.466413 0.469882 0.47203 0.473349 0.473311 0.471743 0.470589 0.469007 0.468257 0.41984 0.300158 0.207847 -9999 -9999
-9999 -9999 -9999 -9999 0.690642 0.697682 0.691274 0.687273 0.690779 0.696642 0.691236 0.687339 0.695286 0.683 0.651673 0.618143 0.646177 0.656713 0.667103 0.66525 0.658359 0.568556 0.519521 0.478551 0.409578 0.424461 0.436681 0.429554 0.408323 0.326094 0.244463 0.146233 0 0 0 0 0 0.125347 0.17863 0.200893 0.218095 0.3039 0.32956 0.34275 0.369862 0.347364 0.350158 0.33609 0.35058 0.356757 0.36492 0.312256 0.379648 0.390437 0.436314 0.462282 0.470595 0.473694 0.475857 0.476144 0.475739 0.474389 0.473296 0.473191 0.471469 0.439547 0.287624 0.209165 -9999 -9999
-9999 -9999 -9999 -9999 -9999 -9999 0.67693 0.677582 0.673142 0.674533 0.687139 0.691146 0.692469 0.688056 0.671622 0.633696 0.624777 0.630139 0.597235 0.620596 0.652517 0.646261 0.63526 0.556042 0.512101 0.53889 0.519141 0.456235 0.404799 0.354075 0.259461 0.182817 0 0 0 0 0.134803 0.210592 0.244078 0.224922 0.247582 0.292333 0.343406 0.37128 0.372022 0.348283 0.354454 0.328963 0.370494 0.381863 0.374962 0.369947 0.382474 0.409649 0.423813 0.460326 0.472106 0.477798 0.478971 0.479072 0.478124 0.476554 0.475678 0.473969 0.472228 0.469699 0.313401 0.189905 -9999 -9999
-9999 -9999 -9999 -9999 -9999 -9999 0.648609 0.644054 0.651396 0.690321 0.687297 0.690371 0.683322 0.683102 0.670257 0.63906 0.607704 0.579541 0.54234 0.56019 0.610284 0.636797 0.633766 0.563266 0.588347 0.567275 0.533979 0.454261 0.393044 0.356332 0.264869 0.180396 0.113284 0 0 0 0.136935 0.219753 0.276127 0.300093 0.28213 0.311577 0.369826 0.375424 0.352125 0.361135 0.353771 0.316185 0.372803 0.395106 0.393025 0.404436 0.407958 0.423142 0.443364 0.461843 0.474719 0.478827 0.480794 0.48041 0.479459 0.478471 0.476394 0.474897 0.473001 0.470938 0.369614 0.187708 -9999 -9999
-9999 -9999 -9999 -9999 -9999 -9999 -9999 0.610927 0.644044 0.699768 0.68653 0.676781 0.684097 0.679795 0.661988 0.647372 0.610201 0.560789 0.465815 0.487118 0.532957 0.599386 0.630461 0.617596 0.589026 0.543695 0.446256 0.359641 0.340807 0.318852 0.249592 0.181322 0.107392 0.140169 0.177564 0.219954 0.241319 0.232995 0.28119 0.32157 0.306336 0.341763 0.38379 0.371929 0.368049 0.366644 0.356509 0.363754 0.374706 0.410828 0.400898 0.421182 0.429186 0.436571 0.450104 0.463428 0.475753 0.48005 0.481553 0.481718 0.479957 0.478971 0.476965 0.474895 0.472942 0.470905 0.460738 0.361496 0.303011 -9999
-9999 -9999 -9999 -9999 -9999 -9999 -9999 0.570605 0.580593 0.649027 0.64352 0.671281 0.683331 0.678483 0.651029 0.634574 0.580019 0.562099 0.47496 0.431496 0.460876 0.442897 0.535156 0.614917 0.588451 0.403219 0.330157 0.275232 0.277585 0.268475 0.242778 0.136298 0.103947 0.180917 0.228064 0.264433 0.292084 0.296644 0.294735 0.357631 0.367621 0.390837 0.390503 0.397539 0.372103 0.359533 0.38714 0.375827 0.381117 0.418026 0.399145 0.43282 0.437491 0.437972 0.444641 0.467029 0.474899 0.479699 0.481513 0.480854 0.478941 0.477661 0.476644 0.474761 0.472285 0.470958 0.468951 0.454753 0.404 0.386081
-9999 -9999 -9999 -9999 -9999 -9999 -9999 -9999 0.507491 0.607972 0.628513 0.647373 0.678526 0.677259 0.658233 0.633469 0.57784 0.529297 0.451116 0.361673 0.305913 0.44088 0.556463 0.612671 0.597187 0.4418 0.374959 0.363216 0.388284 0.350533 0.320027 0.235864 0.208226 0.173177 0.186278 0.238863 0.282292 0.324715 0.356192 0.359186 0.381685 0.396505 0.401359 0.410029 0.412147 0.415769 0.395617 0.424686 0.415175 0.433149 0.43557 0.438437 0.441021 0.431392 0.450598 0.467275 0.474549 0.479176 0.479799 0.479718 0.478284 0.475471 0.475251 0.473617 0.472008 0.470118 0.46903 0.465768 0.459409 0.428904
-9999 -9999 -9999 -9999 -9999 -9999 -9999 -9999 0.454642 0.554922 0.577249 0.638993 0.667035 0.672464 0.666639 0.645766 0.602761 0.539536 0.48682 0.386789 0.282396 0.416901 0.539749 0.603296 0.599071 0.468826 0.494586 0.458287 0.460792 0.401636 0.372367 0.342097 0.299469 0.254201 0.206364 0.180173 0.280624 0.331814 0.373742 0.394195 0.406981 0.415111 0.413598 0.412431 0.371915 0.413158 0.421221 0.425286 0.429147 0.435249 0.439693 0.443364 0.447663 0.454208 0.449248 0.46976 0.473464 0.47621 0.477618 0.477476 0.476029 0.473881 0.47107 0.471877 0.471255 0.46957 0.468253 0.465381 0.4643 0.462238
-9999 -9999 -9999 -9999 -9999 -9999 -9999 -9999 0.300424 0.452576 0.551111 0.611742 0.655597 0.665655 0.66721 0.639757 0.619262 0.573098 0.529477 0.46288 0.36351 0.300682 0.393099 0.546597 0.595244 0.584425 0.572755 0.532638 0.495677 0.484035 0.478481 0.431425 0.377563 0.308284 0.284806 0.258676 0.332928 0.341557 0.33512 0.420064 0.421476 0.418845 0.389525 0.35469 0.366203 0.352467 0.379177 0.359364 0.391267 0.420013 0.43547 0.442211 0.445558 0.45492 0.459563 0.467085 0.470714 0.472891 0.474028 0.474236 0.473354 0.471075 0.468723 0.467025 0.468735 0.466783 0.46751 0.464761 0.46394 0.46235
-9999 -9999 -9999 -9999 -9999 -9999 -9999 -9999 0.313904 0.41381 0.522085 0.57735 0.638348 0.648454 0.666748 0.658238 0.63639 0.595503 0.545194 0.489596 0.403628 0.338386 0.407859 0.491724 0.560792 0.58246 0.571816 0.562391 0.547572 0.539381 0.523401 0.503461 0.462666 0.39852 0.360188 0.306856 0.390144 0.398075 0.383848 0.426836 0.425715 0.362798 0.315694 0.313003 0.344714 0.320755 0.324887 0.316356 0.343343 0.404694 0.398494 0.408486 0.43865 0.449043 0.457934 0.463097 0.466434 0.468817 0.469885 0.470484 0.470246 0.468313 0.466439 0.464544 0.461883 0.465721 0.464021 0.460676 0.462467 0.461499
-9999 -9999 -9999 -9999 -9999 -9999 -9999 -9999 0.332159 0.376519 0.473274 0.560696 0.626197 0.649536 0.66589 0.661647 0.6362 0.614159 0.581276 0.531582 0.496288 0.436742 0.355672 0.479106 0.492236 0.522455 0.533709 0.562877 0.554359 0.530001 0.493269 0.505496 0.496133 0.443839 0.424263 0.394603 0.439984 0.438505 0.436399 0.433872 0.379949 0.305452 0.24698 0.293842 0.288443 0.309706 0.256265 0.315376 0.363037 0.383052 0.36411 0.349551 0.418521 0.436258 0.447514 0.455743 0.461742 0.463543 0.465755 0.466092 0.46588 0.465057 0.463472 0.461871 0.459986 0.458181 0.463121 0.459956 0.458622 0.456737
-9999 -9999 -9999 -9999 -9999 -9999 -9999 -9999 -9999 0.335485 0.449512 0.560782 0.619885 0.655191 0.669951 0.664811 0.649449 0.632902 0.610929 0.573858 0.527895 0.456817 0.402449 0.428932 0.438332 0.4381 0.457032 0.524591 0.543013 0.499975 0.395422 0.443605 0.497396 0.492091 0.48338 0.47477 0.464626 0.456671 0.441751 0.4038 0.288355 0.267668 0.224284 0.232299 0.212416 0.263906 0.253651 0.311508 0.339987 0.354522 0.312065 0.326183 0.391286 0.41922 0.420276 0.438214 0.455607 0.458426 0.460421 0.460968 0.461501 0.461336 0.460475 0.458333 0.456912 0.455671 0.46128 0.458671 0.453889 0.450851
-9999 -9999 -9999 -9999 -9999 -9999 -9999 -9999 -9999 0.302922 0.427711 0.560231 0.597918 0.63631 0.669324 0.66491 0.64308 0.622558 0.601802 0.578745 0.523206 0.468881 0.41633 0.394924 0.398547 0.368107 0.403354 0.493966 0.506242 0.491804 0.384502 0.347947 0.421892 0.483863 0.485669 0.47693 0.397211 0.412297 0.369654 0.312764 0.297692 0.274044 0.223363 0.251092 0.215648 0.235706 0.235815 0.270432 0.290096 0.330831 0.29398 0.297188 0.361086 0.394207 0.399321 0.432734 0.446438 0.451657 0.454113 0.455718 0.456375 0.4569 0.456345 0.45542 0.454277 0.452336 0.448574 0.44605 0.387319 0.387272
-9999 -9999 -9999 -9999 -9999 -9999 -9999 -9999 -9999 0.32358 0.407465 0.524061 0.608924 0.607805 0.646548 0.664187 0.640369 0.614593 0.588567 0.574788 0.514204 0.447822 0.392896 0.328345 0.331996 0.367793 0.406089 0.462723 0.467841 0.448895 0.385022 0.40399 0.453324 0.478063 0.483308 0.474147 0.455268 0.444121 0.412508 0.398961 0.356549 0.290586 0.265775 0.284587 0.216144 0.224234 0.254081 0.230838 0.281497 0.308318 0.258608 0.307257 0.361536 0.3913 0.417448 0.431445 0.438588 0.447368 0.449338 0.451127 0.452184 0.452456 0.452523 0.451371 0.450319 0.444178 0.4353 0.383015 0.367413 0.371689
-9999 -9999 -9999 -9999 -9999 -9999 -9999 -9999 -9999 0.344748 0.419252 0.519081 0.577186 0.581787 0.625097 0.663469 0.653038 0.625915 0.614331 0.586708 0.534208 0.476527 0.413648 0.379941 0.309521 0.366238 0.383712 0.431049 0.450128 0.394358 0.369048 0.401197 0.433552 0.444585 0.478276 0.475501 0.461673 0.408844 0.382943 0.393305 0.382806 0.364735 0.319989 0.319779 0.292497 0.283003 0.274588 0.24105 0.269244 0.275985 0.290216 0.343914 0.374063 0.395233 0.414478 0.42184 0.431399 0.442472 0.445072 0.446756 0.447682 0.448476 0.448213 0.445941 0.443986 0.432139 0.411117 0.371817 0.314545 0.359929
-9999 -9999 -9999 -9999 -9999 -9999 -9999 -9999 -9999 0.335985 0.415403 0.499218 0.529775 0.528829 0.612171 0.661071 0.655264 0.639275 0.621756 0.560149 0.558187 0.541494 0.483971 0.402467 0.313214 0.314402 0.358632 0.394251 0.411906 0.329453 0.300968 0.314437 0.365521 0.411298 0.45972 0.470389 0.453501 0.372023 0.286033 0.325233 0.367643 0.368108 0.356908 0.315821 0.304347 0.294569 0.266257 0.220985 0.228641 0.24731 0.310955 0.33391 0.366834 0.394589 0.389012 0.397371 0.422959 0.438361 0.440702 0.442403 0.443969 0.444526 0.444392 0.439949 0.435145 0.426772 0.371898 0.338036 0.286787 0.354095
-9999 -9999 -9999 -9999 -9999 -9999 -9999 -9999 -9999 0.313981 0.36865 0.447982 0.475124 0.5241 0.602108 0.637314 0.651133 0.644747 0.630908 0.600062 0.579276 0.543651 0.483787 0.403855 0.315418 0.255336 0.275556 0.335738 0.352934 0.275528 0.239268 0.274792 0.329523 0.412789 0.459412 0.463739 0.457414 0.439539 0.37651 0.301033 0.301437 0.339752 0.309323 0.274226 0.296349 0.294969 0.26686 0.247421 0.237596 0.253945 0.288057 0.305989 0.343129 0.395866 0.406151 0.407655 0.430909 0.434135 0.43647 0.438791 0.440035 0.440892 0.441152 0.437882 0.429541 0.393402 0.362008 0.318097 0.313428 0.373108
-9999 -9999 -9999 -9999 -9999 -9999 -9999 -9999 -9999 0.272035 0.337477 0.410705 0.479323 0.544425 0.599929 0.597708 0.624391 0.618079 0.629509 0.618609 0.589326 0.558171 0.50555 0.404424 0.318131 0.224376 0.240236 0.33142 0.298428 0.251772 0.169812 0.245628 0.330043 0.406621 0.446993 0.410646 0.443512 0.439263 0.415085 0.369993 0.300586 0.302525 0.251499 0.250763 0.279465 0.290452 0.2886 0.274637 0.25544 0.263897 0.284527 0.293574 0.327834 0.369362 0.409741 0.41877 0.428327 0.430767 0.43273 0.434902 0.43635 0.436773 0.435937 0.4327 0.402762 0.366974 0.345315 0.315182 0.312463 0.3716
