Test_Spring_2018/02_18/Prec/20180227_003.txt
ncols	170
nrows	115
xllcorner	350000.000000
yllcorner	4445000.000000
cellsize	1000.000000
nodata_value	-9999.000000
[rows 31 to 61 of 115, columns 70 to 139 of 170]
0.547953 0.551263 0.556314 0.564101 0.570733 0.583843 0.608916 0.616559 0.641205 0.647597 0.655104 0.661126 0.667462 0.674274 0.679105 0.686484 0.702548 0.700546 0.70025 0.704823 0.7028 0.699039 0.701716 0.710388 0.713791 0.719707 0.701524 0.710741 0.714588 -9999 -9999 -9999 -9999 -9999 -9999 -9999 -9999 -9999 -9999 -9999 -9999 -9999 -9999 -9999 -9999 -9999 -9999 -9999 -9999 -9999 -9999 -9999 -9999 -9999 -9999 -9999 -9999 -9999 -9999 -9999 -9999 -9999 -9999 -9999 -9999 -9999 -9999 -9999 -9999 -9999
0.543856 0.548432 0.554387 0.562048 0.566429 0.571342 0.608378 0.613703 0.636534 0.642013 0.648387 0.655966 0.661421 0.666432 0.670518 0.676874 0.688899 0.699418 0.696007 0.696698 0.700338 0.694624 0.697545 0.705253 0.716191 0.709719 0.711054 0.710886 0.696064 -9999 -9999 -9999 -9999 -9999 -9999 -9999 -9999 -9999 -9999 -9999 -9999 -9999 -9999 -9999 -9999 -9999 -9999 -9999 -9999 -9999 -9999 -9999 -9999 -9999 -9999 -9999 -9999 -9999 -9999 -9999 -9999 -9999 -9999 -9999 -9999 -9999 -9999 -9999 -9999 -9999
0.54291 0.546075 0.552698 0.559482 0.562651 0.569461 0.586602 0.608808 0.632072 0.636689 0.641899 0.647494 0.652534 0.657197 0.663056 0.669645 0.680102 0.691753 0.695293 0.69133 0.691663 0.69117 0.694032 0.697448 0.702741 0.697999 0.696 0.68501 0.683168 0.689374 -9999 -9999 -9999 -9999 -9999 -9999 -9999 -9999 -9999 -9999 -9999 -9999 -9999 -9999 -9999 -9999 -9999 -9999 -9999 -9999 -9999 -9999 -9999 -9999 -9999 -9999 -9999 -9999 -9999 -9999 -9999 -9999 -9999 -9999 -9999 -9999 -9999 -9999 -9999 -9999
0.542994 0.544422 0.551429 0.560757 0.565155 0.570267 0.583501 0.626653 0.631174 0.63195 0.63657 0.640808 0.646147 0.650732 0.655774 0.661972 0.669379 0.67751 0.690121 0.684073 0.679261 0.679821 0.680329 0.682821 0.687986 0.683358 0.682855 0.659948 0.676258 0.677977 0.677081 -9999 -9999 -9999 -9999 -9999 -9999 -9999 -9999 -9999 -9999 -9999 -9999 -9999 -9999 -9999 -9999 -9999 -9999 -9999 -9999 -9999 -9999 -9999 -9999 -9999 -9999 -9999 -9999 -9999 -9999 -9999 -9999 -9999 -9999 -9999 -9999 -9999 -9999 -9999
-9999 0.543631 0.550586 0.560611 0.564968 0.56885 0.571665 0.602479 0.625497 0.628828 0.631797 0.635722 0.640817 0.648856 0.652139 0.654535 0.659898 0.668829 0.67746 0.680331 0.672684 0.670782 0.671555 0.669785 0.674173 0.67182 0.672298 0.658841 0.653851 0.664568 0.664293 0.666705 -9999 -9999 -9999 -9999 -9999 -9999 -9999 -9999 -9999 -9999 -9999 -9999 -9999 -9999 -9999 -9999 -9999 -9999 -9999 -9999 -9999 -9999 -9999 -9999 -9999 -9999 -9999 -9999 -9999 -9999 -9999 -9999 -9999 -9999 -9999 -9999 -9999 -9999
-9999 -9999 -9999 -9999 0.566178 0.569547 0.589872 0.600921 0.622083 0.62491 0.627392 0.631118 0.63772 0.642139 0.644624 0.648919 0.654661 0.658602 0.664404 0.670182 0.669029 0.66241 0.665887 0.660941 0.661263 0.660018 0.662868 0.657079 0.64981 0.658283 0.657434 0.658502 -9999 -9999 -9999 -9999 -9999 -9999 -9999 -9999 -9999 -9999 -9999 -9999 -9999 -9999 -9999 -9999 -9999 -9999 -9999 -9999 -9999 -9999 -9999 -9999 -9999 -9999 -9999 -9999 -9999 -9999 -9999 -9999 -9999 -9999 -9999 -9999 -9999 -9999
-9999 -9999 -9999 -9999 -9999 0.567483 0.587652 0.588694 0.618945 0.622353 0.623844 0.627343 0.63167 0.635221 0.638802 0.64246 0.647022 0.651649 0.657069 0.658314 0.654416 0.654837 0.656068 0.65538 0.652858 0.653037 0.643648 0.654011 0.656467 0.65625 0.65679 0.652707 0.651979 -9999 -9999 -9999 -9999 -9999 -9999 -9999 -9999 -9999 -9999 -9999 -9999 0.581433 -9999 -9999 -9999 -9999 -9999 -9999 -9999 -9999 -9999 -9999 -9999 -9999 -9999 -9999 -9999 -9999 -9999 -9999 -9999 -9999 0.384517 -9999 -9999 -9999
-9999 -9999 -9999 -9999 0.557969 0.577713 0.581709 0.584879 0.598908 0.619501 0.620668 0.624113 0.627985 0.631477 0.635829 0.638043 0.641122 0.645893 0.647546 0.646791 0.646682 0.646309 0.646037 0.646398 0.647047 0.647669 0.6396 0.64146 0.641648 0.635435 0.641549 0.641904 0.644478 0.645715 -9999 -9999 -9999 -9999 -9999 -9999 -9999 0.604663 0.60003 0.594337 0.586545 0.57542 0.569705 -9999 -9999 -9999 -9999 -9999 -9999 -9999 -9999 -9999 -9999 -9999 -9999 -9999 -9999 -9999 -9999 -9999 -9999 -9999 0.380558 0.37762 -9999 -9999
-9999 -9999 -9999 -9999 0.56996 0.573501 0.578676 0.582331 0.586982 0.615797 0.618974 0.621565 0.624658 0.628189 0.631835 0.633313 0.636909 0.639151 0.640839 0.639429 0.639492 0.640599 0.641708 0.642447 0.644525 0.644008 0.633242 0.633276 0.634677 0.635928 0.632277 0.636893 0.641404 0.644386 -9999 -9999 -9999 -9999 -9999 -9999 0.60373 0.596526 0.590002 0.588801 0.579012 0.568581 0.56097 0.526058 -9999 -9999 -9999 -9999 -9999 -9999 -9999 -9999 -9999 -9999 -9999 -9999 -9999 -9999 0.382066 0.381812 0.386274 0.38487 0.380542 0.376858 -9999 -9999
-9999 -9999 -9999 -9999 0.567239 0.570649 0.575336 0.580182 0.586655 0.606546 0.616728 0.619881 0.622915 0.62549 0.627618 0.631095 0.63303 0.637001 0.634543 0.635113 0.636201 0.639415 0.640686 0.645615 0.647267 0.637586 0.63062 0.630933 0.634434 0.63934 0.65067 0.636067 0.635162 0.637304 -9999 -9999 -9999 -9999 -9999 -9999 0.599206 0.592122 0.584916 0.579314 0.577246 0.564206 0.529423 0.522194 0.511892 0.497885 0.485124 0.46658 0.441174 0.43106 0.424257 0.41547 -9999 -9999 -9999 -9999 0.38971 0.385282 0.380546 0.377559 0.383167 0.384234 0.383562 0.355343 -9999 -9999
-9999 -9999 -9999 -9999 0.561485 0.566867 0.573504 0.581023 0.586364 0.606249 0.615912 0.614591 0.618001 0.620627 0.622646 0.624778 0.627426 0.627739 0.628208 0.629292 0.635018 0.641514 0.638017 0.646077 0.656508 0.636599 0.629861 0.630246 0.63481 0.640387 0.643783 0.629307 0.629577 0.621977 -9999 -9999 -9999 0.606326 0.599047 0.596106 0.59169 0.583443 0.575466 0.57606 0.56803 0.551201 0.528743 0.520789 0.512458 0.499116 0.480778 0.467366 0.436502 0.426097 0.419105 0.404155 0.397098 0.391704 0.387627 0.38447 0.381065 0.377183 0.373103 0.370105 0.380796 0.379887 0.375706 0.352495 -9999 -9999
-9999 -9999 -9999 -9999 0.558228 0.564069 0.570488 0.575703 0.583143 0.588722 0.60654 0.614546 0.617813 0.622294 0.622804 0.624386 0.625544 0.626602 0.627603 0.632394 0.638814 0.645027 0.647339 0.646924 0.650718 0.636 0.628869 0.631259 0.619844 0.624283 0.621459 0.62248 0.619174 0.62358 -9999 -9999 0.61602 0.604609 0.596006 0.5904 0.586673 0.583153 0.574303 0.568426 0.556875 0.541493 0.524569 0.512281 0.509933 0.495351 0.468588 0.456077 0.434249 0.413764 0.405661 0.399424 0.39334 0.389089 0.385725 0.382838 0.380664 0.377122 0.373199 0.369679 0.371276 0.367849 0.347851 0.348558 -9999 -9999
-9999 -9999 -9999 -9999 0.553171 0.558847 0.564574 0.572477 0.578818 0.5898 0.608912 0.611362 0.618366 0.622498 0.625501 0.625222 0.626153 0.626706 0.627013 0.631259 0.635963 0.643166 0.647043 0.650409 0.65086 0.631058 0.62485 0.621231 0.61787 0.612866 0.614204 0.617503 0.618072 0.617659 0.619925 -9999 0.614082 0.608403 0.598971 0.590406 0.583701 0.581978 0.572508 0.565876 0.548931 0.541505 0.522062 0.499544 0.486749 0.474402 0.458522 0.44876 0.428402 0.417648 0.402033 0.395704 0.390731 0.387091 0.38433 0.381992 0.37975 0.377098 0.37378 0.369703 0.367304 0.350709 0.348919 0.349781 -9999 -9999
-9999 -9999 -9999 0.54885 0.551328 0.555889 0.563144 0.570954 0.578827 0.586692 0.604069 0.612056 0.616132 0.622503 0.628081 0.629253 0.629423 0.627723 0.627604 0.62739 0.629371 0.637997 0.641272 0.635439 0.638466 0.629084 0.623041 0.613113 0.608847 0.608074 0.608017 0.612 0.613886 0.615848 0.619493 0.617109 0.611454 0.60716 0.600738 0.591008 0.583018 0.577218 0.571761 0.558553 0.549226 0.530455 0.509231 0.496494 0.484398 0.470977 0.457788 0.443342 0.423801 0.413597 0.404192 0.392924 0.388437 0.385336 0.383166 0.381442 0.379748 0.377649 0.374551 0.370232 0.354741 0.35082 0.345779 0.340698 -9999 -9999
-9999 -9999 -9999 -9999 0.550705 0.557768 0.566501 0.575109 0.5829 0.590219 0.605687 0.611641 0.615599 0.621715 0.628952 0.633812 0.631658 0.630609 0.628976 0.628064 0.6272 0.629367 0.630401 0.630139 0.632361 0.617937 0.61065 0.605465 0.601968 0.60504 0.608518 0.615595 0.620306 0.618031 0.621394 0.615126 0.61153 0.603321 0.597252 0.593918 0.590331 0.578691 0.568363 0.55243 0.539851 0.531018 0.50794 0.49559 0.480267 0.466066 0.452263 0.445545 0.421431 0.411815 0.400269 0.393873 0.386409 0.383867 0.382264 0.381209 0.380063 0.378355 0.375532 0.364652 0.352189 0.345246 0.349114 0.341935 -9999 -9999
-9999 -9999 -9999 -9999 -9999 -9999 0.567162 0.575633 0.584614 0.592807 0.606495 0.612018 0.617 0.621651 0.626527 0.633421 0.635062 0.634492 0.637137 0.631303 0.625365 0.622173 0.618816 0.621901 0.614489 0.605189 0.6007 0.600831 0.600158 0.599893 0.604679 0.609534 0.615678 0.620286 0.618966 0.610387 0.602866 0.594968 0.591229 0.592319 0.588268 0.574935 0.562726 0.551052 0.540515 0.531118 0.507368 0.495475 0.476777 0.461526 0.448845 0.436992 0.418571 0.407344 0.399209 0.390535 0.385967 0.382708 0.381679 0.381097 0.380403 0.379023 0.370139 0.363371 0.354654 0.344254 0.348005 0.344837 -9999 -9999
-9999 -9999 -9999 -9999 -9999 -9999 0.569298 0.578482 0.586491 0.591132 0.606474 0.612363 0.618463 0.622929 0.62764 0.633104 0.637595 0.640414 0.642876 0.638734 0.630283 0.623358 0.618743 0.620478 0.605792 0.600942 0.597486 0.599074 0.599248 0.597518 0.602052 0.607788 0.611144 0.617662 0.612857 0.608328 0.603101 0.594388 0.588527 0.584646 0.582824 0.574485 0.561159 0.551269 0.542642 0.529364 0.506706 0.495546 0.474903 0.458227 0.444847 0.431217 0.413874 0.404022 0.395511 0.388975 0.384635 0.382519 0.381394 0.381158 0.380703 0.376761 0.371996 0.365036 0.356062 0.345262 0.343012 0.345393 -9999 -9999
-9999 -9999 -9999 -9999 -9999 -9999 -9999 0.58112 0.586549 0.589561 0.605999 0.61333 0.61812 0.623153 0.628503 0.632382 0.637363 0.64238 0.650797 0.646141 0.637881 0.626594 0.618173 0.613701 0.60422 0.601567 0.604432 0.606597 0.602422 0.599246 0.601667 0.605926 0.610281 0.604726 0.599571 0.594623 0.5923 0.593188 0.58814 0.582585 0.580688 0.571488 0.559486 0.551002 0.540023 0.52745 0.504881 0.488931 0.472788 0.454646 0.442088 0.427658 0.410061 0.401253 0.393704 0.387982 0.383972 0.382072 0.381325 0.381079 0.380135 0.377283 0.372424 0.365383 0.356233 0.345226 0.333491 0.327288 0.318605 -9999
-9999 -9999 -9999 -9999 -9999 -9999 -9999 0.58427 0.5919 0.593501 0.609185 0.612689 0.617018 0.62215 0.628535 0.631449 0.638935 0.640866 0.648182 0.650536 0.643807 0.640927 0.626084 0.611992 0.602071 0.613551 0.613887 0.612838 0.606582 0.602241 0.600432 0.60881 0.609237 0.599494 0.593631 0.589526 0.586717 0.585458 0.585764 0.577932 0.572996 0.564811 0.556881 0.546255 0.537288 0.525733 0.499257 0.485264 0.469837 0.451822 0.44044 0.424955 0.407918 0.400141 0.393594 0.387206 0.383836 0.381991 0.380267 0.380452 0.379524 0.376394 0.371321 0.364161 0.354994 0.343878 0.33132 0.316535 0.30717 0.294226
-9999 -9999 -9999 -9999 -9999 -9999 -9999 -9999 0.59781 0.595843 0.608879 0.613126 0.615399 0.620097 0.622948 0.628686 0.636064 0.641102 0.64751 0.653499 0.656905 0.638415 0.621148 0.609411 0.598196 0.606713 0.606518 0.601213 0.59282 0.5916 0.590517 0.596877 0.597097 0.598995 0.596789 0.589361 0.583307 0.580095 0.576815 0.57485 0.56905 0.560642 0.552059 0.541215 0.529478 0.516401 0.494864 0.477123 0.463616 0.447985 0.434919 0.423056 0.406445 0.400082 0.392564 0.386962 0.383745 0.378131 0.378663 0.378546 0.377323 0.374604 0.368673 0.361442 0.352232 0.341311 0.328883 0.313297 0.299801 0.288567
-9999 -9999 -9999 -9999 -9999 -9999 -9999 -9999 0.601268 0.598854 0.611672 0.611262 0.61443 0.612732 0.617628 0.622814 0.628816 0.635318 0.639166 0.646317 0.652569 0.634438 0.619085 0.606705 0.60096 0.600415 0.591032 0.588465 0.582615 0.583822 0.58286 0.583975 0.585938 0.589042 0.589954 0.58829 0.579601 0.5752 0.570552 0.566525 0.561472 0.554995 0.548107 0.535614 0.528453 0.511902 0.487721 0.473136 0.458918 0.445158 0.432541 0.421221 0.404614 0.397019 0.392247 0.380328 0.375747 0.375837 0.375907 0.375413 0.373848 0.370791 0.366031 0.36015 0.348152 0.337507 0.325522 0.310429 0.297021 0.283566
-9999 -9999 -9999 -9999 -9999 -9999 -9999 -9999 0.614703 0.606427 0.612223 0.611566 0.604218 0.608086 0.611888 0.617489 0.621046 0.625759 0.628728 0.632616 0.638574 0.639774 0.625542 0.603406 0.597116 0.584478 0.57923 0.577364 0.57582 0.572459 0.569315 0.572328 0.570094 0.576597 0.571323 0.575337 0.568893 0.568401 0.568287 0.557382 0.55327 0.547795 0.543322 0.538128 0.526408 0.512239 0.486522 0.475171 0.458921 0.443666 0.430701 0.419777 0.403385 0.385681 0.381777 0.373656 0.372833 0.372511 0.372111 0.371109 0.369088 0.365763 0.36082 0.354147 0.346754 0.336976 0.321285 0.306894 0.294266 0.281617
-9999 -9999 -9999 -9999 -9999 -9999 -9999 -9999 0.610826 0.617311 0.611812 0.601537 0.600328 0.603664 0.605324 0.608666 0.61215 0.616246 0.619946 0.622883 0.627748 0.629544 0.616916 0.6034 0.589995 0.573395 0.574933 0.570293 0.566802 0.555896 0.554423 0.555184 0.557908 0.553306 0.557889 0.564161 0.55627 0.555347 0.555596 0.548641 0.54461 0.545252 0.542743 0.534339 0.52107 0.512451 0.488893 0.474156 0.459331 0.44165 0.418784 0.408841 0.389995 0.384064 0.372552 0.370366 0.369105 0.36822 0.36727 0.365719 0.363224 0.359601 0.354524 0.347975 0.340108 0.331412 0.320889 0.307167 0.291168 0.279421
-9999 -9999 -9999 -9999 -9999 -9999 -9999 -9999 0.598672 0.618036 0.613131 0.597754 0.595421 0.596814 0.598169 0.60069 0.604288 0.60636 0.608326 0.610838 0.610839 0.612436 0.615562 0.597457 0.591137 0.57393 0.558349 0.549488 0.545367 0.543888 0.554311 0.550718 0.537347 0.542349 0.544485 0.547761 0.543137 0.542633 0.541208 0.538584 0.539797 0.541675 0.540565 0.52754 0.518843 0.505765 0.488576 0.457783 0.440988 0.427867 0.418802 0.411972 0.388892 0.373519 0.369365 0.366492 0.364463 0.363075 0.361447 0.359422 0.356545 0.352593 0.34746 0.341057 0.333483 0.324841 0.315319 0.302466 0.291607 0.276402
-9999 -9999 -9999 -9999 -9999 -9999 -9999 -9999 -9999 0.611895 0.592527 0.585665 0.583766 0.583755 0.585104 0.587566 0.590003 0.591399 0.592154 0.593293 0.594297 0.596987 0.597322 0.589015 0.582561 0.568309 0.560294 0.547926 0.541322 0.541849 0.550022 0.528175 0.521647 0.521836 0.522764 0.52371 0.531484 0.531098 0.530554 0.531271 0.538665 0.527134 0.52407 0.514648 0.507181 0.489931 0.468194 0.450945 0.437158 0.425541 0.420691 0.400131 0.376887 0.36963 0.366228 0.361962 0.359061 0.35703 0.354895 0.352396 0.349119 0.344945 0.339778 0.332019 0.324462 0.315936 0.306355 0.293931 0.283928 0.273731
-9999 -9999 -9999 -9999 -9999 -9999 -9999 -9999 -9999 0.59825 0.589325 0.579457 0.578933 0.577877 0.576743 0.578637 0.581397 0.583034 0.583674 0.583559 0.585849 0.587255 0.587896 0.584983 0.579345 0.56859 0.559368 0.544992 0.539213 0.536882 0.528926 0.530241 0.521102 0.513768 0.512882 0.513088 0.520211 0.517073 0.518927 0.521155 0.517955 0.514447 0.512592 0.501819 0.496735 0.485504 0.461043 0.447228 0.435337 0.42194 0.417255 0.397613 0.373915 0.366094 0.36205 0.355832 0.352048 0.349253 0.34656 0.343494 0.339834 0.335335 0.33001 0.323777 0.31668 0.308885 0.300646 0.291552 0.285951 0.276497
-9999 -9999 -9999 -9999 -9999 -9999 -9999 -9999 -9999 0.591564 0.585981 0.576924 0.570828 0.573084 0.570755 0.569917 0.572536 0.574524 0.575678 0.57475 0.577813 0.580804 0.582108 0.58403 0.578822 0.570325 0.552245 0.541582 0.536657 0.534771 0.52091 0.516146 0.508939 0.504722 0.502762 0.502293 0.502571 0.501568 0.501933 0.499591 0.499231 0.500305 0.496295 0.487075 0.486122 0.476967 0.465385 0.442759 0.428629 0.417446 0.414724 0.377865 0.366954 0.359426 0.353024 0.348434 0.344893 0.341292 0.33824 0.334835 0.330949 0.326457 0.32123 0.315365 0.308775 0.302074 0.295144 0.292259 0.282854 0.273936
-9999 -9999 -9999 -9999 -9999 -9999 -9999 -9999 -9999 0.584876 0.579481 0.57137 0.56727 0.568275 0.564897 0.561478 0.562395 0.564322 0.563956 0.564519 0.566959 0.56935 0.571801 0.570939 0.573603 0.563266 0.547298 0.537744 0.53144 0.515281 0.513967 0.507407 0.501353 0.497875 0.492332 0.490541 0.489706 0.492467 0.491942 0.487053 0.483539 0.480035 0.478528 0.471864 0.467453 0.460879 0.454004 0.432695 0.421663 0.413219 0.391702 0.366323 0.357981 0.351265 0.345361 0.341137 0.336986 0.332781 0.32934 0.325715 0.321741 0.317249 0.312275 0.306906 0.300937 0.295474 0.290533 0.287151 0.282752 0.270542
-9999 -9999 -9999 -9999 -9999 -9999 -9999 -9999 -9999 0.581343 0.574739 0.567557 0.565586 0.566535 0.55854 0.553604 0.553719 0.55431 0.554469 0.558528 0.555963 0.554393 0.556547 0.560803 0.565615 0.561105 0.544423 0.534041 0.527828 0.513179 0.511831 0.506691 0.498155 0.490506 0.48281 0.479029 0.477965 0.483226 0.488562 0.480672 0.471899 0.466815 0.46236 0.460443 0.455098 0.44927 0.445139 0.431093 0.417025 0.407956 0.36703 0.3589 0.350348 0.342887 0.339314 0.334717 0.328626 0.323683 0.320027 0.316253 0.312191 0.307843 0.303124 0.298386 0.293242 0.288061 0.287275 0.284098 0.281471 0.266117
-9999 -9999 -9999 -9999 -9999 -9999 -9999 -9999 -9999 0.579318 0.574583 0.567216 0.56498 0.560283 0.552331 0.548374 0.54618 0.545588 0.545275 0.546204 0.545632 0.546122 0.548674 0.552926 0.557779 0.559568 0.553104 0.532259 0.508697 0.509645 0.508676 0.500779 0.491287 0.479199 0.471065 0.467354 0.464731 0.463167 0.465972 0.469727 0.465382 0.456765 0.454719 0.452749 0.444603 0.438562 0.435036 0.430524 0.406891 0.38536 0.360266 0.352814 0.343856 0.333756 0.328381 0.324237 0.318126 0.314188 0.310364 0.306456 0.302476 0.298277 0.29383 0.289404 0.285154 0.28341 0.280899 0.279434 0.273822 0.258771
-9999 -9999 -9999 -9999 -9999 -9999 -9999 -9999 -9999 0.579528 0.573106 0.565779 0.558769 0.55192 0.545807 0.545282 0.541491 0.540694 0.537701 0.53657 0.536892 0.536993 0.538886 0.545355 0.550007 0.555174 0.549023 0.527991 0.503506 0.502861 0.506064 0.493514 0.480397 0.468369 0.460273 0.460165 0.453123 0.449875 0.448586 0.449276 0.452221 0.447637 0.448135 0.443196 0.43495 0.428219 0.422558 0.417959 0.402936 0.375132 0.351275 0.344813 0.336116 0.327029 0.318399 0.313264 0.308325 0.304288 0.300397 0.296499 0.292609 0.288688 0.284702 0.280725 0.279204 0.278012 0.275129 0.272887 0.267684 0.25589
