Test_Spring_2018/02_18/Prec/20180203_019.txt
ncols	170
nrows	115
xllcorner	350000.000000
yllcorner	4445000.000000
cellsize	1000.000000
nodata_value	-9999.000000
[rows 32 to 63 of 115, columns 72 to 143 of 170]
2.7534 2.77039 2.7745 2.78044 2.86393 2.85962 2.89185 2.9044 2.92131 2.94377 2.95906 2.97348 2.98505 3.00579 3.04848 3.08562 3.06969 3.06934 3.0801 3.05503 3.0627 3.08847 3.12642 3.09794 3.09919 3.13753 3.11282 -9999 -9999 -9999 -9999 -9999 -9999 -9999 -9999 -9999 -9999 -9999 -9999 -9999 -9999 -9999 -9999 -9999 -9999 -9999 -9999 -9999 -9999 -9999 -9999 -9999 -9999 -9999 -9999 -9999 -9999 -9999 -9999 -9999 -9999 -9999 -9999 -9999 -9999 -9999 -9999 -9999 -9999 -9999 -9999 -9999
2.72202 2.73709 2.73795 2.75237 2.78968 2.82199 2.856 2.86577 2.87849 2.89343 2.90703 2.91994 2.93809 2.95961 2.99636 3.03803 3.04904 3.03161 3.03065 3.02655 3.03523 3.04599 3.06384 3.0434 3.03338 3.02624 3.05959 3.05748 -9999 -9999 -9999 -9999 -9999 -9999 -9999 -9999 -9999 -9999 -9999 -9999 -9999 -9999 -9999 -9999 -9999 -9999 -9999 -9999 -9999 -9999 -9999 -9999 -9999 -9999 -9999 -9999 -9999 -9999 -9999 -9999 -9999 -9999 -9999 -9999 -9999 -9999 -9999 -9999 -9999 -9999 -9999 -9999
2.69182 2.71795 2.72476 2.73379 2.7465 2.8239 2.83327 2.8287 2.83924 2.84891 2.86345 2.87583 2.89067 2.91062 2.93582 2.96437 3.01049 2.98588 2.96629 2.96738 2.96841 2.97704 2.99586 2.97731 2.97442 2.95639 2.99906 3.01019 3.01142 -9999 -9999 -9999 -9999 -9999 -9999 -9999 -9999 -9999 -9999 -9999 -9999 -9999 -9999 -9999 -9999 -9999 -9999 -9999 -9999 -9999 -9999 -9999 -9999 -9999 -9999 -9999 -9999 -9999 -9999 -9999 -9999 -9999 -9999 -9999 -9999 -9999 -9999 -9999 -9999 -9999 -9999 -9999
2.66306 2.69319 2.70101 2.70629 2.69442 2.74693 2.79221 2.79745 2.80158 2.80981 2.82309 2.84831 2.8562 2.86156 2.87909 2.91103 2.94258 2.95283 2.92351 2.91648 2.91991 2.91377 2.93113 2.92275 2.92504 2.9122 2.90279 2.9543 2.95885 2.97366 -9999 -9999 -9999 -9999 -9999 -9999 -9999 -9999 -9999 -9999 -9999 -9999 -9999 -9999 -9999 -9999 -9999 -9999 -9999 -9999 -9999 -9999 -9999 -9999 -9999 -9999 -9999 -9999 -9999 -9999 -9999 -9999 -9999 -9999 -9999 -9999 -9999 -9999 -9999 -9999 -9999 -9999
-9999 -9999 2.68264 2.67562 2.69846 2.72294 2.75998 2.76315 2.7651 2.77214 2.79069 2.80167 2.8062 2.81866 2.83773 2.85103 2.87246 2.89472 2.89132 2.86767 2.88288 2.86619 2.86962 2.867 2.8798 2.86679 2.88125 2.92481 2.928 2.93832 -9999 -9999 -9999 -9999 -9999 -9999 -9999 -9999 -9999 -9999 -9999 -9999 -9999 -9999 -9999 -9999 -9999 -9999 -9999 -9999 -9999 -9999 -9999 -9999 -9999 -9999 -9999 -9999 -9999 -9999 -9999 -9999 -9999 -9999 -9999 -9999 -9999 -9999 -9999 -9999 -9999 -9999
-9999 -9999 -9999 2.64715 2.67096 2.66595 2.72932 2.73433 2.73197 2.7375 2.74673 2.75383 2.7621 2.77193 2.78658 2.80288 2.82355 2.82953 2.81692 2.82155 2.82978 2.83096 2.82519 2.82959 2.83429 2.84875 2.86477 2.91098 2.92015 2.91129 2.91496 -9999 -9999 -9999 -9999 -9999 -9999 -9999 -9999 -9999 -9999 -9999 -9999 2.81971 -9999 -9999 -9999 -9999 -9999 -9999 -9999 -9999 -9999 -9999 -9999 -9999 -9999 -9999 -9999 -9999 -9999 -9999 -9999 -9999 2.60902 -9999 -9999 -9999 -9999 -9999 -9999 -9999
-9999 -9999 2.60702 2.62292 2.63024 2.63306 2.67059 2.70495 2.7006 2.70509 2.71176 2.71789 2.72856 2.73259 2.74162 2.75884 2.76589 2.76529 2.76845 2.77158 2.77574 2.78265 2.79069 2.79844 2.77917 2.79462 2.80319 2.82154 2.85623 2.86458 2.88086 2.89175 -9999 -9999 -9999 -9999 -9999 -9999 -9999 2.8148 2.81584 2.81541 2.80949 2.79321 2.79961 -9999 -9999 -9999 -9999 -9999 -9999 -9999 -9999 -9999 -9999 -9999 -9999 -9999 -9999 -9999 -9999 -9999 -9999 -9999 2.59718 2.60074 -9999 -9999 -9999 -9999 -9999 -9999
-9999 -9999 2.58268 2.59007 2.6018 2.60602 2.61262 2.67315 2.67549 2.67569 2.67839 2.68379 2.69109 2.69194 2.7029 2.71085 2.71876 2.71676 2.72195 2.73233 2.7435 2.75365 2.76894 2.77407 2.74745 2.75732 2.77169 2.78471 2.8149 2.83961 2.86309 2.88019 -9999 -9999 -9999 -9999 -9999 -9999 2.78457 2.7736 2.76814 2.78595 2.77391 2.76212 2.76343 2.70331 -9999 -9999 -9999 -9999 -9999 -9999 -9999 -9999 -9999 -9999 -9999 -9999 -9999 -9999 2.55776 2.56767 2.59623 2.6034 2.60059 2.60146 -9999 -9999 -9999 -9999 -9999 -9999
-9999 -9999 2.55686 2.56396 2.57361 2.58174 2.59431 2.62255 2.64913 2.65029 2.6516 2.65234 2.65308 2.66108 2.66563 2.68048 2.67332 2.67997 2.69048 2.71054 2.72412 2.75211 2.76762 2.74498 2.73028 2.7426 2.76616 2.79403 2.84687 2.83053 2.833 2.84622 -9999 -9999 -9999 -9999 -9999 -9999 2.75473 2.74452 2.73725 2.73955 2.75868 2.73909 2.67602 2.6863 2.68596 2.67178 2.66181 2.65917 2.61899 2.6101 2.61054 2.60003 -9999 -9999 -9999 -9999 2.5742 2.56683 2.55813 2.55654 2.58863 2.60469 2.61564 2.56053 -9999 -9999 -9999 -9999 -9999 -9999
-9999 -9999 2.52127 2.53601 2.55276 2.57032 2.57744 2.60519 2.62935 2.61328 2.61514 2.61523 2.61487 2.61733 2.62451 2.62574 2.63045 2.64013 2.66967 2.70378 2.70083 2.7408 2.76223 2.73291 2.72066 2.73466 2.76343 2.79474 2.81765 2.79905 2.80546 2.79688 -9999 -9999 -9999 2.74985 2.72916 2.72798 2.72467 2.71056 2.70139 2.71536 2.71367 2.68112 2.66722 2.67807 2.68873 2.6806 2.65279 2.6422 2.61087 2.6027 2.60367 2.59135 2.58242 2.57665 2.57326 2.57139 2.56734 2.56098 2.55407 2.55207 2.58387 2.59179 2.58914 2.52118 -9999 -9999 -9999 -9999 -9999 -9999
-9999 -9999 2.51224 2.52938 2.54528 2.53513 2.5497 2.55542 2.57902 2.59705 2.597 2.60294 2.59585 2.59556 2.59684 2.60112 2.60853 2.63341 2.66703 2.70172 2.72272 2.70858 2.7352 2.724 2.71132 2.73377 2.72489 2.75212 2.74959 2.76152 2.77683 2.79533 -9999 -9999 2.7693 2.72897 2.70203 2.68999 2.68917 2.69358 2.68221 2.68661 2.67353 2.64889 2.65501 2.65142 2.67958 2.67053 2.64864 2.64232 2.62405 2.5924 2.58767 2.58571 2.58022 2.57806 2.57626 2.57405 2.57323 2.56674 2.55916 2.55418 2.57027 2.56909 2.53646 2.52882 -9999 -9999 -9999 -9999 -9999 -9999
-9999 -9999 2.4807 2.49736 2.5105 2.52844 2.53739 2.54611 2.5746 2.56905 2.58331 2.58673 2.58816 2.58012 2.58027 2.5828 2.58817 2.61198 2.64039 2.68042 2.7091 2.71389 2.72908 2.71929 2.7124 2.71364 2.71377 2.70535 2.72022 2.74035 2.74617 2.76545 2.77307 -9999 2.74902 2.72885 2.69743 2.67331 2.66096 2.67269 2.66009 2.66336 2.63002 2.64023 2.63864 2.63632 2.63533 2.63529 2.6201 2.62551 2.61393 2.60668 2.58626 2.58414 2.58251 2.58182 2.58109 2.57951 2.57688 2.57229 2.56573 2.55761 2.55782 2.5309 2.53994 2.53516 -9999 -9999 -9999 -9999 -9999 -9999
-9999 2.45982 2.46658 2.47901 2.49754 2.51426 2.52781 2.53863 2.56049 2.55912 2.55944 2.57203 2.58239 2.57928 2.57627 2.57035 2.57461 2.5823 2.60149 2.64833 2.65803 2.66853 2.69714 2.70642 2.70171 2.68015 2.67775 2.68599 2.69419 2.71636 2.72787 2.73609 2.7631 2.75077 2.72682 2.71023 2.68895 2.65957 2.64211 2.63873 2.64251 2.6197 2.62022 2.6257 2.6194 2.62219 2.62753 2.62685 2.62509 2.61567 2.60612 2.60456 2.59811 2.58573 2.58549 2.58592 2.58617 2.58546 2.58339 2.57947 2.57251 2.56254 2.53128 2.53025 2.54515 2.52154 -9999 -9999 -9999 -9999 -9999 -9999
-9999 -9999 2.45897 2.48091 2.50466 2.52367 2.53581 2.5432 2.55752 2.56093 2.55741 2.55571 2.57324 2.58371 2.57164 2.56828 2.56717 2.57288 2.58214 2.60406 2.62527 2.64257 2.66951 2.65994 2.65185 2.64947 2.65078 2.67411 2.69585 2.72934 2.74965 2.74091 2.75255 2.73448 2.71662 2.68353 2.66237 2.6566 2.65572 2.63046 2.61402 2.61125 2.60637 2.62046 2.60941 2.6171 2.61344 2.61286 2.61154 2.63403 2.60786 2.60702 2.59295 2.59508 2.58823 2.58986 2.59107 2.59156 2.5902 2.58651 2.57954 2.55685 2.53311 2.52342 2.5574 2.52796 -9999 -9999 -9999 -9999 -9999 -9999
-9999 -9999 -9999 -9999 2.50337 2.52126 2.53712 2.54682 2.55423 2.55505 2.55452 2.55472 2.55903 2.57329 2.57555 2.57408 2.58953 2.58133 2.56678 2.57082 2.57629 2.60742 2.62187 2.60903 2.61267 2.63141 2.64409 2.65502 2.68175 2.70636 2.73149 2.74807 2.74017 2.70376 2.67578 2.6426 2.62933 2.63983 2.637 2.61653 2.60172 2.59629 2.60144 2.6159 2.60421 2.61642 2.60252 2.60035 2.60547 2.61023 2.6063 2.60015 2.59947 2.59032 2.59063 2.59312 2.59548 2.59667 2.59596 2.59256 2.57518 2.56035 2.5414 2.51913 2.55347 2.54109 -9999 -9999 -9999 -9999 -9999 -9999
-9999 -9999 -9999 -9999 2.50956 2.52981 2.5415 2.53712 2.55081 2.55257 2.55585 2.55496 2.55834 2.56901 2.58081 2.5923 2.60697 2.60092 2.58234 2.57267 2.57397 2.60064 2.58754 2.59244 2.60072 2.62557 2.64186 2.64739 2.67314 2.7008 2.71483 2.73802 2.71604 2.6942 2.67009 2.63533 2.61335 2.60683 2.61501 2.60748 2.58944 2.59218 2.60624 2.60767 2.60149 2.61835 2.59873 2.59264 2.59639 2.59542 2.5958 2.5952 2.59311 2.59188 2.59261 2.596 2.59901 2.60079 2.60033 2.5924 2.58192 2.56653 2.54698 2.52374 2.53587 2.54586 -9999 -9999 -9999 -9999 -9999 -9999
-9999 -9999 -9999 -9999 -9999 2.53965 2.54147 2.53086 2.54884 2.55617 2.55455 2.55591 2.56181 2.56652 2.58061 2.60036 2.63772 2.62977 2.61201 2.58586 2.57285 2.57609 2.58298 2.59654 2.62916 2.65642 2.65628 2.65635 2.67401 2.69591 2.71349 2.69033 2.66662 2.64279 2.62938 2.63007 2.61144 2.59744 2.60596 2.5956 2.58323 2.59209 2.59802 2.60299 2.59775 2.59707 2.59519 2.58395 2.59112 2.58722 2.58645 2.58959 2.59081 2.59226 2.5938 2.59758 2.60096 2.60274 2.60163 2.59549 2.58483 2.56943 2.54962 2.52604 2.50248 2.48029 2.46777 -9999 -9999 -9999 -9999 -9999
-9999 -9999 -9999 -9999 -9999 2.55351 2.56409 2.54862 2.56396 2.5573 2.55454 2.55685 2.56716 2.57102 2.59222 2.60026 2.63406 2.65142 2.6393 2.64497 2.60724 2.57358 2.57892 2.6461 2.66889 2.68376 2.67559 2.67116 2.67266 2.71032 2.71294 2.67387 2.64755 2.62705 2.61196 2.60633 2.60781 2.58458 2.58346 2.57722 2.58055 2.58134 2.5949 2.60359 2.58325 2.58953 2.58979 2.57835 2.58923 2.5805 2.58132 2.58761 2.59194 2.59027 2.59382 2.59759 2.59931 2.60204 2.60082 2.59493 2.58389 2.56847 2.54898 2.5253 2.49881 2.44372 2.42859 2.40082 2.35956 -9999 -9999 -9999
-9999 -9999 -9999 -9999 -9999 -9999 2.59117 2.56309 2.56863 2.56588 2.55635 2.55799 2.55476 2.56805 2.59202 2.61196 2.64214 2.67544 2.69768 2.64328 2.59567 2.57034 2.57085 2.62602 2.64619 2.64437 2.62775 2.63507 2.63933 2.66957 2.67169 2.67741 2.66558 2.63109 2.61283 2.59689 2.58545 2.58524 2.57762 2.57586 2.57643 2.57579 2.57792 2.57968 2.57713 2.56749 2.57337 2.56928 2.57201 2.5754 2.57704 2.58745 2.58709 2.58771 2.59149 2.58901 2.59478 2.59702 2.59544 2.58976 2.57931 2.56412 2.5448 2.52201 2.49597 2.4369 2.40566 2.38387 2.36678 2.35527 -9999 -9999
-9999 -9999 -9999 -9999 -9999 -9999 2.61098 2.58254 2.58759 2.56851 2.54815 2.54104 2.54847 2.56038 2.57952 2.60514 2.62532 2.66249 2.70004 2.63713 2.59771 2.56894 2.5658 2.60992 2.59415 2.60207 2.59467 2.61103 2.61578 2.62651 2.63582 2.64689 2.64466 2.65223 2.61383 2.59471 2.57923 2.57206 2.56782 2.5654 2.57051 2.57378 2.59172 2.57827 2.56391 2.56371 2.56425 2.5647 2.56664 2.56973 2.57041 2.57451 2.58341 2.57113 2.57438 2.58165 2.58653 2.58838 2.58659 2.58069 2.57067 2.56319 2.53789 2.51611 2.49144 2.43263 2.40106 2.36994 2.34194 2.33868 2.32677 2.29553
-9999 -9999 -9999 -9999 -9999 -9999 2.6706 2.62137 2.5773 2.56161 2.53685 2.53928 2.54373 2.55812 2.56848 2.5874 2.60392 2.62795 2.66335 2.68334 2.63253 2.56554 2.56082 2.55876 2.55763 2.56737 2.57582 2.57452 2.57104 2.58968 2.57855 2.60441 2.60964 2.62041 2.59247 2.59002 2.59329 2.56094 2.56081 2.56214 2.57384 2.59303 2.58999 2.59874 2.57623 2.58507 2.57459 2.56614 2.56371 2.5655 2.56597 2.5489 2.55717 2.55687 2.56481 2.57137 2.5756 2.57681 2.5746 2.56887 2.55916 2.54541 2.53776 2.51845 2.48535 2.42702 2.39751 2.36831 2.33965 2.31583 2.29586 2.27265
-9999 -9999 -9999 -9999 -9999 -9999 2.64139 2.62019 2.58705 2.55521 2.53852 2.54044 2.53805 2.54485 2.55553 2.57223 2.5912 2.61082 2.64091 2.66177 2.62937 2.57813 2.54368 2.52803 2.55102 2.54927 2.54972 2.51203 2.51582 2.52736 2.54191 2.56158 2.57699 2.59859 2.56734 2.56525 2.57152 2.55532 2.55596 2.58039 2.59867 2.5999 2.59451 2.6052 2.58998 2.59673 2.58802 2.56681 2.54471 2.54709 2.53798 2.54294 2.53956 2.5468 2.55367 2.55909 2.56251 2.56303 2.5604 2.55477 2.54551 2.53286 2.51746 2.50973 2.48916 2.43007 2.39366 2.36659 2.34014 2.31548 2.28043 2.24464
-9999 -9999 -9999 -9999 -9999 -9999 2.59635 2.63415 2.60445 2.55689 2.53756 2.53364 2.53144 2.53613 2.54786 2.557 2.56901 2.58623 2.59661 2.61528 2.64135 2.58738 2.56058 2.54257 2.49095 2.47342 2.4721 2.47864 2.52743 2.52092 2.51802 2.53848 2.54681 2.55937 2.54291 2.54449 2.54604 2.54742 2.56843 2.59722 2.61977 2.60163 2.60413 2.60402 2.61039 2.55669 2.53984 2.53527 2.5514 2.56274 2.53716 2.52782 2.53182 2.5366 2.54121 2.54577 2.54791 2.54802 2.54527 2.53954 2.53092 2.51931 2.50513 2.48861 2.48146 2.42273 2.39782 2.3619 2.33557 2.30516 2.28291 2.24937
-9999 -9999 -9999 -9999 -9999 -9999 -9999 2.61099 2.55283 2.51733 2.50143 2.49391 2.49325 2.49894 2.50699 2.51371 2.5207 2.53174 2.54459 2.56583 2.57956 2.56133 2.52991 2.5252 2.51113 2.47937 2.46805 2.48206 2.52635 2.50207 2.48214 2.48602 2.49175 2.49755 2.52594 2.53001 2.5365 2.5516 2.59646 2.58041 2.59559 2.59092 2.59749 2.5838 2.57264 2.55059 2.54125 2.53867 2.55945 2.55176 2.52205 2.5188 2.52603 2.52623 2.52845 2.53159 2.53304 2.53264 2.52958 2.52399 2.51591 2.5017 2.48813 2.47235 2.46753 2.40662 2.38438 2.36128 2.33961 2.31388 2.29196 2.22721
-9999 -9999 -9999 -9999 -9999 -9999 -9999 2.59905 2.55674 2.51108 2.50172 2.49143 2.48234 2.48665 2.4964 2.50418 2.5105 2.51619 2.5331 2.54837 2.56207 2.56314 2.5543 2.54083 2.52121 2.48109 2.47252 2.47557 2.51529 2.52895 2.50084 2.47817 2.47932 2.48471 2.51746 2.51301 2.53034 2.55252 2.55789 2.56615 2.58472 2.573 2.58621 2.5786 2.57042 2.55772 2.55195 2.53914 2.55746 2.55261 2.52197 2.51567 2.52017 2.51318 2.51285 2.51436 2.51508 2.51392 2.5107 2.50501 2.49724 2.48725 2.47522 2.46164 2.44724 2.44668 2.40468 2.38292 2.35542 2.32892 2.28306 2.22886
-9999 -9999 -9999 -9999 -9999 -9999 -9999 2.58885 2.56032 2.51889 2.48944 2.49285 2.48013 2.47475 2.48439 2.49363 2.50172 2.50382 2.52293 2.54331 2.55849 2.57691 2.56868 2.54805 2.50833 2.48186 2.47631 2.48114 2.50362 2.49544 2.47642 2.46766 2.46693 2.47199 2.48076 2.48625 2.49925 2.50479 2.5211 2.54628 2.55544 2.54786 2.57454 2.57219 2.56221 2.56312 2.54557 2.53818 2.5613 2.52507 2.50948 2.50358 2.49893 2.49845 2.49972 2.49906 2.49942 2.49796 2.49473 2.48966 2.48255 2.47391 2.46341 2.45329 2.44292 2.44835 2.4071 2.38596 2.35721 2.33014 2.25019 2.23045
-9999 -9999 -9999 -9999 -9999 -9999 -9999 2.57877 2.5518 2.51491 2.49401 2.49355 2.47763 2.46301 2.46655 2.47568 2.47781 2.4852 2.50133 2.51866 2.53737 2.54434 2.56531 2.53699 2.50423 2.48169 2.47084 2.48923 2.49693 2.48324 2.47028 2.46625 2.4539 2.45595 2.46236 2.48378 2.49454 2.491 2.49532 2.50249 2.52006 2.5206 2.53207 2.53724 2.54269 2.54813 2.53962 2.54016 2.52637 2.49882 2.49203 2.48875 2.48597 2.48725 2.48682 2.48466 2.48438 2.48286 2.47989 2.47517 2.46908 2.46207 2.45339 2.44717 2.44337 2.44574 2.42265 2.38763 2.35185 2.29091 2.25097 2.23292
-9999 -9999 -9999 -9999 -9999 -9999 -9999 2.5806 2.54962 2.51695 2.5049 2.50494 2.47205 2.45214 2.45294 2.45708 2.46112 2.48153 2.47812 2.47979 2.49676 2.52263 2.55126 2.54475 2.5275 2.48254 2.47222 2.50056 2.50914 2.50221 2.48138 2.46323 2.44453 2.44081 2.44798 2.48028 2.51433 2.49981 2.48405 2.48464 2.48994 2.50715 2.51332 2.51938 2.53323 2.53899 2.54383 2.54001 2.49492 2.49045 2.48222 2.47588 2.48213 2.4824 2.4752 2.47093 2.47051 2.46898 2.46604 2.46199 2.4567 2.45164 2.4454 2.43935 2.45032 2.45233 2.41568 2.38721 2.35896 2.27763 2.25041 2.23316
-9999 -9999 -9999 -9999 -9999 -9999 -9999 2.58778 2.56425 2.53132 2.51876 2.49778 2.46552 2.44972 2.44196 2.44169 2.44388 2.45217 2.45607 2.46523 2.48334 2.50886 2.53741 2.55479 2.54101 2.49102 2.47755 2.50661 2.51775 2.50166 2.47873 2.4453 2.4266 2.42474 2.42737 2.43477 2.45991 2.4901 2.4911 2.47768 2.49124 2.50702 2.50108 2.50476 2.51932 2.53105 2.52812 2.51427 2.49159 2.48907 2.47903 2.46269 2.4624 2.46493 2.45826 2.45845 2.45793 2.45626 2.45377 2.45016 2.44552 2.44101 2.43732 2.44336 2.44665 2.45405 2.44566 2.37745 2.31275 2.27066 2.2505 2.23496
-9999 -9999 -9999 -9999 -9999 -9999 -9999 2.60279 2.57291 2.54032 2.50982 2.48095 2.45599 2.45352 2.43985 2.43888 2.43086 2.43122 2.43839 2.44592 2.46139 2.4953 2.52312 2.55358 2.54135 2.50793 2.48599 2.50016 2.52841 2.49597 2.46072 2.42906 2.41201 2.42526 2.41221 2.41407 2.42415 2.44283 2.47142 2.47282 2.49526 2.49871 2.49123 2.4911 2.4964 2.50679 2.50471 2.49852 2.48084 2.48196 2.47305 2.46095 2.44881 2.4482 2.44666 2.44704 2.44668 2.44524 2.44302 2.44013 2.43663 2.433 2.4387 2.44573 2.44644 2.44974 2.44185 2.36346 2.30702 2.26894 2.25041 2.2355
-9999 -9999 -9999 -9999 -9999 -9999 -9999 -9999 2.57074 2.53527 2.50864 2.50015 2.47667 2.46333 2.45272 2.44921 2.42171 2.41862 2.42254 2.42943 2.44245 2.46768 2.48413 2.51319 2.53289 2.52486 2.50414 2.49298 2.49303 2.47696 2.44217 2.4064 2.40158 2.42275 2.41947 2.41542 2.40628 2.41309 2.45201 2.47338 2.49206 2.48469 2.47713 2.47867 2.48272 2.48975 2.47082 2.46883 2.4571 2.44916 2.44972 2.44256 2.43754 2.43733 2.43701 2.43736 2.43697 2.43597 2.43456 2.43213 2.43033 2.4299 2.4378 2.46365 2.45496 2.45057 2.45216 2.37612 2.2958 2.26987 2.2503 2.23624
-9999 -9999 -9999 -9999 -9999 -9999 -9999 -9999 2.57658 2.53409 2.52227 2.51957 2.52937 2.52097 2.47163 2.46018 2.43351 2.40823 2.40822 2.41511 2.42732 2.44141 2.46419 2.49717 2.52225 2.53333 2.50645 2.45305 2.44346 2.43055 2.40751 2.40117 2.42142 2.44093 2.42863 2.4218 2.39601 2.39306 2.40106 2.42675 2.45629 2.4743 2.46395 2.46743 2.47226 2.47791 2.47255 2.45085 2.44058 2.43498 2.43188 2.43134 2.42756 2.4279 2.42873 2.42893 2.42905 2.42864 2.42815 2.42698 2.42885 2.4309 2.44797 2.46055 2.46545 2.47272 2.43229 2.36935 2.28747 2.27097 2.25201 2.23878
