Test_Spring_2018/02_18/Prec/20180213_021.txt
ncols	170
nrows	115
xllcorner	350000.000000
yllcorner	4445000.000000
cellsize	1000.000000
nodata_value	-9999.000000
[rows 32 to 63 of 115, columns 72 to 143 of 170]
0.854961 0.877798 0.88959 0.902749 1.00328 1.07205 1.11685 1.13716 1.16011 1.18692 1.20687 1.22583 1.24257 1.26802 1.31374 1.35635 1.355 1.36943 1.39584 1.39352 1.42177 1.4676 1.52556 1.5271 1.55508 1.65441 1.68816 -9999 -9999 -9999 -9999 -9999 -9999 -9999 -9999 -9999 -9999 -9999 -9999 -9999 -9999 -9999 -9999 -9999 -9999 -9999 -9999 -9999 -9999 -9999 -9999 -9999 -9999 -9999 -9999 -9999 -9999 -9999 -9999 -9999 -9999 -9999 -9999 -9999 -9999 -9999 -9999 -9999 -9999 -9999 -9999 -9999
0.871913 0.891612 0.899395 0.919107 0.986398 1.07932 1.12832 1.14723 1.168 1.19007 1.21051 1.23012 1.25435 1.2819 1.32339 1.37023 1.39188 1.39049 1.40512 1.41888 1.44552 1.47567 1.51349 1.51935 1.53515 1.58991 1.67405 1.75629 -9999 -9999 -9999 -9999 -9999 -9999 -9999 -9999 -9999 -9999 -9999 -9999 -9999 -9999 -9999 -9999 -9999 -9999 -9999 -9999 -9999 -9999 -9999 -9999 -9999 -9999 -9999 -9999 -9999 -9999 -9999 -9999 -9999 -9999 -9999 -9999 -9999 -9999 -9999 -9999 -9999 -9999 -9999 -9999
0.889274 0.91733 0.929324 0.943833 1.04433 1.1312 1.15108 1.15864 1.17899 1.19821 1.22129 1.24221 1.26512 1.29249 1.32467 1.36025 1.41181 1.40309 1.39997 1.4162 1.43393 1.45986 1.49617 1.5015 1.52157 1.58639 1.71573 1.74801 1.77086 -9999 -9999 -9999 -9999 -9999 -9999 -9999 -9999 -9999 -9999 -9999 -9999 -9999 -9999 -9999 -9999 -9999 -9999 -9999 -9999 -9999 -9999 -9999 -9999 -9999 -9999 -9999 -9999 -9999 -9999 -9999 -9999 -9999 -9999 -9999 -9999 -9999 -9999 -9999 -9999 -9999 -9999 -9999
0.906744 0.937222 0.949378 0.960338 1.01769 1.10443 1.1572 1.17446 1.19075 1.21042 1.23416 1.26786 1.28613 1.30184 1.32784 1.36627 1.40455 1.42485 1.41165 1.4189 1.43659 1.44758 1.48062 1.493 1.51616 1.5525 1.65352 1.73263 1.7583 1.79199 -9999 -9999 -9999 -9999 -9999 -9999 -9999 -9999 -9999 -9999 -9999 -9999 -9999 -9999 -9999 -9999 -9999 -9999 -9999 -9999 -9999 -9999 -9999 -9999 -9999 -9999 -9999 -9999 -9999 -9999 -9999 -9999 -9999 -9999 -9999 -9999 -9999 -9999 -9999 -9999 -9999 -9999
-9999 -9999 0.972746 1.02844 1.07169 1.12091 1.16962 1.18641 1.2024 1.22275 1.25277 1.27569 1.2923 1.31499 1.34263 1.36463 1.39332 1.42272 1.43031 1.42122 1.44713 1.44705 1.46631 1.4823 1.51361 1.60811 1.66576 1.73994 1.76489 1.79539 -9999 -9999 -9999 -9999 -9999 -9999 -9999 -9999 -9999 -9999 -9999 -9999 -9999 -9999 -9999 -9999 -9999 -9999 -9999 -9999 -9999 -9999 -9999 -9999 -9999 -9999 -9999 -9999 -9999 -9999 -9999 -9999 -9999 -9999 -9999 -9999 -9999 -9999 -9999 -9999 -9999 -9999
-9999 -9999 -9999 1.03901 1.08486 1.09351 1.1815 1.20137 1.21532 1.23615 1.25981 1.28087 1.30188 1.32296 1.34689 1.37106 1.39812 1.41198 1.40982 1.42333 1.44126 1.4549 1.46473 1.48578 1.53065 1.6246 1.66058 1.76016 1.79126 1.80632 1.83128 -9999 -9999 -9999 -9999 -9999 -9999 -9999 -9999 -9999 -9999 -9999 -9999 1.84592 -9999 -9999 -9999 -9999 -9999 -9999 -9999 -9999 -9999 -9999 -9999 -9999 -9999 -9999 -9999 -9999 -9999 -9999 -9999 -9999 1.76738 -9999 -9999 -9999 -9999 -9999 -9999 -9999
-9999 -9999 0.979521 1.06538 1.08377 1.10042 1.15952 1.21367 1.22772 1.2495 1.27268 1.29438 1.31852 1.33513 1.35417 1.37852 1.39262 1.39921 1.40887 1.41913 1.43166 1.44864 1.46921 1.49244 1.5732 1.60776 1.63833 1.69649 1.76846 1.80008 1.83766 1.869 -9999 -9999 -9999 -9999 -9999 -9999 -9999 1.87645 1.87511 1.87148 1.86265 1.84488 1.84721 -9999 -9999 -9999 -9999 -9999 -9999 -9999 -9999 -9999 -9999 -9999 -9999 -9999 -9999 -9999 -9999 -9999 -9999 -9999 1.75235 1.75811 -9999 -9999 -9999 -9999 -9999 -9999
-9999 -9999 1.05049 1.06709 1.09025 1.10949 1.13302 1.22136 1.24314 1.26314 1.28463 1.30712 1.32932 1.34359 1.36412 1.37965 1.39318 1.39684 1.40632 1.42087 1.43764 1.45593 1.48173 1.50226 1.57237 1.60314 1.64028 1.6781 1.76425 1.81215 1.85808 1.89673 -9999 -9999 -9999 -9999 -9999 -9999 1.8876 1.87492 1.86504 1.87409 1.85677 1.83976 1.83471 1.84238 -9999 -9999 -9999 -9999 -9999 -9999 -9999 -9999 -9999 -9999 -9999 -9999 -9999 -9999 1.70401 1.71448 1.7415 1.7503 1.75064 1.75429 -9999 -9999 -9999 -9999 -9999 -9999
-9999 -9999 1.05419 1.07118 1.09366 1.11785 1.14847 1.20468 1.2548 1.27758 1.2996 1.31942 1.3368 1.35754 1.37216 1.39272 1.39173 1.40104 1.41311 1.43404 1.45111 1.48346 1.50862 1.57362 1.58113 1.61549 1.66255 1.71563 1.81092 1.83706 1.86723 1.90476 -9999 -9999 -9999 -9999 -9999 -9999 1.8987 1.88401 1.8695 1.86186 1.86822 1.84122 1.8388 1.83858 1.83004 1.81048 1.79558 1.80112 1.76794 1.75551 1.75188 1.73944 -9999 -9999 -9999 -9999 1.71065 1.70508 1.69898 1.69959 1.72987 1.74661 1.75915 1.73698 -9999 -9999 -9999 -9999 -9999 -9999
-9999 -9999 1.04575 1.07018 1.10007 1.13413 1.16204 1.22088 1.26919 1.29423 1.31665 1.3356 1.35147 1.36657 1.38237 1.38977 1.39756 1.40794 1.43499 1.46674 1.46835 1.49873 1.57929 1.58244 1.59332 1.63095 1.68484 1.74363 1.81644 1.84116 1.87745 1.91608 -9999 -9999 -9999 1.94296 1.92987 1.9289 1.92184 1.90201 1.884 1.86822 1.85316 1.86859 1.84361 1.84157 1.84041 1.82414 1.79203 1.77602 1.76095 1.74783 1.74354 1.72886 1.71777 1.71023 1.70558 1.7031 1.69957 1.69482 1.69032 1.69071 1.72073 1.73071 1.73179 1.7016 -9999 -9999 -9999 -9999 -9999 -9999
-9999 -9999 1.05051 1.07731 1.10716 1.14759 1.18276 1.21207 1.26894 1.3086 1.33068 1.35561 1.36607 1.37869 1.3887 1.39759 1.40617 1.42794 1.45668 1.48723 1.50823 1.54548 1.58137 1.59877 1.61 1.6497 1.70132 1.75785 1.78999 1.85378 1.90275 1.94745 -9999 -9999 1.98659 1.96159 1.94239 1.93059 1.92369 1.91743 1.89472 1.88402 1.85755 1.8718 1.86197 1.84607 1.83956 1.82057 1.79175 1.77827 1.76578 1.737 1.72688 1.72015 1.71135 1.70641 1.70279 1.69982 1.69902 1.69423 1.68935 1.68741 1.7043 1.70663 1.69913 1.70133 -9999 -9999 -9999 -9999 -9999 -9999
-9999 -9999 1.05781 1.0859 1.11477 1.15129 1.18296 1.22669 1.28947 1.31021 1.34477 1.36818 1.38624 1.39185 1.40009 1.40625 1.41152 1.43066 1.4532 1.48688 1.51338 1.56157 1.58818 1.63325 1.65196 1.68148 1.71328 1.74021 1.789 1.86233 1.90207 1.95174 1.98539 -9999 2.00304 1.99554 1.97181 1.94823 1.92946 1.92722 1.90082 1.88636 1.88333 1.87649 1.85766 1.83857 1.82424 1.81177 1.78726 1.76483 1.75631 1.74188 1.72222 1.71456 1.70847 1.70436 1.70139 1.69883 1.69649 1.6935 1.68973 1.68539 1.68887 1.68357 1.69637 1.7016 -9999 -9999 -9999 -9999 -9999 -9999
-9999 1.01424 1.05704 1.08257 1.11744 1.15444 1.19173 1.22883 1.28685 1.32306 1.34759 1.37756 1.40331 1.41272 1.41736 1.415 1.41789 1.42156 1.43469 1.47308 1.51245 1.5528 1.59471 1.63136 1.65383 1.66573 1.69769 1.74158 1.78719 1.8626 1.91193 1.95275 2.00503 2.01762 2.0138 2.00941 1.99388 1.96459 1.93974 1.92239 1.90789 1.90354 1.88719 1.87116 1.84664 1.8329 1.82236 1.80774 1.79335 1.77351 1.76367 1.73788 1.72472 1.71154 1.70612 1.70262 1.70028 1.69843 1.69664 1.69442 1.69058 1.68496 1.67249 1.67715 1.68826 1.67671 -9999 -9999 -9999 -9999 -9999 -9999
-9999 -9999 1.05957 1.09442 1.13503 1.17531 1.21273 1.24818 1.30066 1.33183 1.35483 1.38235 1.41227 1.43282 1.42872 1.42751 1.42458 1.42539 1.4289 1.47958 1.50691 1.53534 1.57712 1.59847 1.61979 1.65025 1.68751 1.74665 1.8062 1.89304 1.94861 1.97606 2.01991 2.02768 2.02952 2.01078 1.99484 1.9851 1.97334 1.93544 1.92673 1.90439 1.88184 1.87527 1.84498 1.834 1.81421 1.79827 1.78292 1.78946 1.76344 1.75053 1.7277 1.71252 1.70385 1.7011 1.69945 1.69862 1.69757 1.69574 1.69216 1.68329 1.66385 1.66028 1.69455 1.67822 -9999 -9999 -9999 -9999 -9999 -9999
-9999 -9999 -9999 -9999 1.14311 1.18339 1.22496 1.26325 1.31021 1.33945 1.3651 1.38764 1.40885 1.43453 1.44204 1.44162 1.45225 1.4453 1.44339 1.45258 1.46709 1.50862 1.54634 1.56043 1.59347 1.64382 1.69253 1.74251 1.80794 1.88807 1.94891 1.99923 2.02369 2.01737 2.01196 1.993 1.98351 1.98724 1.97297 1.95126 1.92266 1.9 1.88523 1.878 1.84596 1.83779 1.80802 1.78958 1.77871 1.76882 1.7606 1.74208 1.72999 1.7124 1.70497 1.69977 1.69903 1.69883 1.69844 1.69705 1.68696 1.6784 1.66685 1.65266 1.6875 1.68612 -9999 -9999 -9999 -9999 -9999 -9999
-9999 -9999 -9999 -9999 1.15572 1.1986 1.23697 1.2633 1.31567 1.34547 1.37402 1.39506 1.41483 1.4353 1.45132 1.46161 1.47498 1.47044 1.45735 1.4554 1.46726 1.50604 1.52081 1.55147 1.58966 1.64635 1.69912 1.74525 1.81053 1.8936 1.94508 2.00127 2.01354 2.01976 2.01674 1.99669 1.97939 1.96771 1.96874 1.94935 1.91769 1.90182 1.89438 1.8754 1.84748 1.84269 1.80726 1.78467 1.77183 1.75619 1.75065 1.73618 1.72218 1.71088 1.70341 1.70048 1.69905 1.69938 1.6993 1.69505 1.68947 1.68055 1.6686 1.65366 1.66934 1.68737 -9999 -9999 -9999 -9999 -9999 -9999
-9999 -9999 -9999 -9999 -9999 1.2128 1.24245 1.26301 1.3186 1.35243 1.37587 1.39799 1.41915 1.43382 1.45116 1.46883 1.50105 1.49533 1.4837 1.4684 1.4689 1.48843 1.52133 1.56029 1.62018 1.67935 1.71804 1.75939 1.81739 1.89504 1.94896 1.96428 1.97436 1.97824 1.98399 1.99415 1.97976 1.96354 1.96221 1.94059 1.91411 1.90378 1.88949 1.87369 1.8465 1.82637 1.80606 1.77868 1.76839 1.74976 1.74267 1.73093 1.71935 1.70999 1.70293 1.70015 1.69939 1.69951 1.6991 1.69596 1.69019 1.6812 1.66892 1.65359 1.63823 1.62829 1.62243 -9999 -9999 -9999 -9999 -9999
-9999 -9999 -9999 -9999 -9999 1.2286 1.26517 1.28056 1.33296 1.35344 1.37464 1.39646 1.42058 1.43673 1.4608 1.46769 1.49689 1.5148 1.50902 1.52234 1.50242 1.49086 1.523 1.60876 1.66015 1.70826 1.73936 1.77585 1.81865 1.90886 1.94833 1.94836 1.95481 1.96045 1.96394 1.97022 1.97253 1.94835 1.93949 1.92207 1.90994 1.89337 1.88644 1.87451 1.83468 1.82095 1.80272 1.77525 1.76816 1.74522 1.73952 1.73031 1.72122 1.70897 1.70349 1.70058 1.69865 1.69937 1.69908 1.69539 1.68905 1.67978 1.66748 1.65175 1.63356 1.5949 1.58655 1.56677 1.53477 -9999 -9999 -9999
-9999 -9999 -9999 -9999 -9999 -9999 1.28974 1.29279 1.33555 1.35783 1.37167 1.39165 1.42186 1.43683 1.45914 1.47702 1.50399 1.53511 1.56291 1.52523 1.49766 1.49396 1.52221 1.59738 1.64591 1.67859 1.70098 1.74592 1.78908 1.87123 1.90804 1.94477 1.96186 1.96768 1.96112 1.95336 1.94454 1.94073 1.92622 1.91486 1.90145 1.88485 1.8692 1.85237 1.82886 1.80215 1.78943 1.76882 1.75501 1.7428 1.73832 1.73279 1.71968 1.70943 1.70413 1.69709 1.69767 1.69782 1.69696 1.69444 1.68604 1.67652 1.66388 1.64844 1.63016 1.58775 1.56507 1.55017 1.5389 1.53202 -9999 -9999
-9999 -9999 -9999 -9999 -9999 -9999 1.30648 1.30749 1.34855 1.35489 1.38292 1.40176 1.41433 1.42849 1.44732 1.47112 1.49061 1.52636 1.56503 1.52995 1.50635 1.50004 1.52016 1.59003 1.60633 1.6459 1.67433 1.72475 1.76567 1.82895 1.86925 1.90802 1.9549 1.97335 1.9503 1.93945 1.92724 1.91793 1.90729 1.8949 1.89066 1.87751 1.87708 1.8485 1.816 1.79861 1.78224 1.76636 1.7525 1.74056 1.73623 1.7256 1.72079 1.7069 1.69658 1.6958 1.69554 1.6951 1.69368 1.69045 1.68494 1.67386 1.65858 1.64339 1.6257 1.58315 1.55968 1.53627 1.51523 1.51528 1.5075 1.47686
-9999 -9999 -9999 -9999 -9999 -9999 1.35668 1.3378 1.37236 1.37517 1.38739 1.3983 1.40857 1.42553 1.43772 1.45692 1.47461 1.50036 1.53842 1.56633 1.55095 1.5132 1.52404 1.55289 1.58039 1.6196 1.65939 1.69177 1.72251 1.79053 1.84932 1.89222 1.91043 1.93307 1.91825 1.92147 1.92566 1.89516 1.88912 1.88137 1.88015 1.88909 1.87201 1.86292 1.82479 1.8166 1.79185 1.76928 1.7525 1.74015 1.73702 1.72204 1.71464 1.69726 1.69482 1.69354 1.69261 1.69131 1.68901 1.68528 1.67926 1.67049 1.65523 1.64074 1.62009 1.57754 1.55527 1.53304 1.51102 1.49296 1.47798 1.45373
-9999 -9999 -9999 -9999 -9999 -9999 1.37145 1.3884 1.37694 1.39073 1.38745 1.39806 1.40289 1.41408 1.42767 1.44629 1.46752 1.49083 1.52548 1.55503 1.54173 1.53451 1.52815 1.54551 1.58067 1.60773 1.63802 1.68566 1.7171 1.77557 1.80976 1.84172 1.87036 1.90108 1.88253 1.8857 1.89263 1.87676 1.87246 1.88613 1.89226 1.88183 1.87078 1.86612 1.83522 1.82619 1.80427 1.77176 1.75866 1.74586 1.73489 1.72394 1.70039 1.69568 1.69266 1.69051 1.68875 1.68648 1.68324 1.67884 1.67234 1.66358 1.65278 1.63336 1.61725 1.57358 1.55057 1.52963 1.50906 1.4899 1.4588 1.42294
-9999 -9999 -9999 -9999 -9999 -9999 1.3688 1.39788 1.38834 1.39169 1.38608 1.39191 1.39753 1.40785 1.42354 1.43695 1.45355 1.47607 1.49471 1.52308 1.56075 1.53211 1.55315 1.56675 1.60103 1.61476 1.64222 1.67549 1.74875 1.76496 1.77822 1.81234 1.83321 1.85484 1.84829 1.8543 1.85727 1.85724 1.87158 1.89036 1.90173 1.87621 1.86726 1.86203 1.85127 1.81488 1.78612 1.76764 1.76783 1.76393 1.74081 1.70925 1.70068 1.6944 1.68976 1.68696 1.68393 1.6809 1.67694 1.67165 1.66479 1.65595 1.6452 1.6325 1.60997 1.5663 1.54648 1.51319 1.4924 1.47476 1.45745 1.42262
-9999 -9999 -9999 -9999 -9999 -9999 -9999 1.41637 1.41528 1.39606 1.39187 1.39326 1.39939 1.4104 1.42349 1.43621 1.45057 1.47044 1.4943 1.52808 1.55811 1.56306 1.58817 1.61183 1.62573 1.62458 1.64079 1.67802 1.76898 1.76314 1.76231 1.77961 1.79594 1.80978 1.8224 1.83024 1.83762 1.84999 1.88589 1.88664 1.89402 1.88267 1.8797 1.86692 1.84132 1.80991 1.78887 1.77333 1.77797 1.77409 1.72175 1.70599 1.70064 1.69072 1.68655 1.68258 1.67877 1.67488 1.67 1.66403 1.65672 1.64161 1.63024 1.61706 1.59254 1.54704 1.52892 1.5102 1.49288 1.47218 1.45494 1.38972
-9999 -9999 -9999 -9999 -9999 -9999 -9999 1.44365 1.42075 1.39323 1.39553 1.39562 1.39575 1.40697 1.42296 1.43787 1.45272 1.46869 1.4964 1.52492 1.55437 1.57508 1.58919 1.6354 1.64224 1.6315 1.64775 1.67322 1.75549 1.78433 1.77486 1.76788 1.77927 1.79206 1.82636 1.82631 1.84314 1.86231 1.86516 1.86889 1.88003 1.86351 1.86729 1.85184 1.83945 1.81717 1.80028 1.77692 1.78046 1.78109 1.72733 1.70965 1.70251 1.68676 1.67821 1.67272 1.66795 1.66288 1.65715 1.6502 1.64215 1.63265 1.62167 1.60947 1.5966 1.57293 1.5443 1.52613 1.50316 1.48122 1.43197 1.38539
-9999 -9999 -9999 -9999 -9999 -9999 -9999 1.43719 1.42653 1.40323 1.38894 1.40196 1.40016 1.40427 1.42144 1.43876 1.45607 1.46955 1.49943 1.53225 1.56247 1.59733 1.61076 1.61483 1.63937 1.63841 1.65526 1.68032 1.74666 1.75504 1.75214 1.75615 1.76508 1.77701 1.79018 1.79862 1.81178 1.81678 1.82953 1.84846 1.85207 1.83985 1.85608 1.846 1.82833 1.82382 1.79754 1.77973 1.78827 1.74795 1.72196 1.70523 1.69062 1.68081 1.67376 1.66631 1.66097 1.65517 1.64881 1.64166 1.63336 1.62415 1.6136 1.60352 1.59327 1.59672 1.54376 1.52552 1.50085 1.47782 1.39602 1.38052
-9999 -9999 -9999 -9999 -9999 -9999 -9999 1.43122 1.42231 1.40358 1.39754 1.40822 1.40475 1.40201 1.415 1.43321 1.44613 1.4647 1.49218 1.52223 1.55504 1.57921 1.61692 1.61308 1.64459 1.64535 1.65596 1.72143 1.74384 1.74622 1.74755 1.75483 1.75306 1.76194 1.77279 1.79493 1.80619 1.80347 1.80609 1.80975 1.82106 1.81634 1.8199 1.8169 1.81319 1.81374 1.79588 1.78555 1.74734 1.72984 1.71198 1.69795 1.6853 1.6772 1.66873 1.65986 1.65368 1.64738 1.64067 1.63314 1.62495 1.61635 1.60653 1.599 1.59362 1.59361 1.55417 1.52327 1.49188 1.43682 1.39067 1.37596
-9999 -9999 -9999 -9999 -9999 -9999 -9999 1.43584 1.42401 1.40966 1.41214 1.4242 1.40704 1.40073 1.41228 1.42698 1.44217 1.47242 1.4831 1.49943 1.53034 1.57026 1.61379 1.62789 1.63396 1.654 1.66381 1.73696 1.75911 1.76647 1.76028 1.75476 1.74708 1.75067 1.76201 1.79349 1.82492 1.81275 1.79806 1.79615 1.79701 1.80694 1.80612 1.80416 1.80803 1.79942 1.80372 1.78993 1.74315 1.72704 1.70823 1.6918 1.68715 1.67827 1.6639 1.65304 1.64644 1.63972 1.6325 1.62492 1.61673 1.60908 1.60061 1.59245 1.59909 1.598 1.57032 1.51878 1.49326 1.40727 1.38374 1.36902
-9999 -9999 -9999 -9999 -9999 -9999 -9999 1.44531 1.44067 1.42689 1.4298 1.42456 1.40885 1.40696 1.41187 1.42339 1.43744 1.45745 1.47453 1.49721 1.52878 1.56792 1.61077 1.64489 1.65271 1.67002 1.67423 1.74919 1.77293 1.77186 1.76347 1.74446 1.7366 1.74168 1.74902 1.75888 1.78255 1.80908 1.80886 1.79473 1.80267 1.81128 1.7999 1.79582 1.80029 1.80158 1.79497 1.75505 1.74439 1.73004 1.70975 1.68472 1.67443 1.66747 1.65345 1.64626 1.63928 1.63205 1.62475 1.617 1.60876 1.60092 1.59398 1.59558 1.59485 1.59768 1.58683 1.50576 1.44622 1.39514 1.37698 1.363
-9999 -9999 -9999 -9999 -9999 -9999 -9999 1.46174 1.45248 1.4399 1.42817 1.41695 1.40838 1.41877 1.41916 1.43054 1.43604 1.44932 1.46922 1.49034 1.51936 1.56543 1.60727 1.65232 1.66111 1.65053 1.72474 1.75176 1.79014 1.7748 1.75572 1.73829 1.73193 1.75019 1.74399 1.74905 1.7596 1.77601 1.79948 1.79793 1.81322 1.81076 1.79767 1.78993 1.78602 1.78584 1.76932 1.74561 1.73913 1.72775 1.7083 1.68682 1.66613 1.65631 1.64655 1.6393 1.63218 1.6248 1.61734 1.60974 1.60198 1.59433 1.59493 1.59674 1.59309 1.59165 1.58048 1.51588 1.43575 1.38723 1.3697 1.35545
-9999 -9999 -9999 -9999 -9999 -9999 -9999 -9999 1.45524 1.44119 1.43374 1.44102 1.43444 1.43598 1.43945 1.44891 1.43766 1.44796 1.46494 1.48534 1.51203 1.55037 1.58218 1.6259 1.66234 1.67355 1.74956 1.75477 1.76894 1.76812 1.7498 1.72917 1.73376 1.75916 1.76161 1.76161 1.75542 1.76131 1.79335 1.8086 1.82003 1.80753 1.79366 1.78666 1.78097 1.77724 1.72787 1.74592 1.72245 1.70279 1.69117 1.67366 1.65888 1.64916 1.64023 1.63272 1.62531 1.61803 1.61093 1.60338 1.59666 1.59133 1.59331 1.61085 1.59843 1.58963 1.58592 1.51242 1.40628 1.38136 1.36206 1.34768
-9999 -9999 -9999 -9999 -9999 -9999 -9999 -9999 1.46532 1.44631 1.45267 1.46576 1.48863 1.49488 1.46502 1.46767 1.45709 1.448 1.46137 1.48156 1.50739 1.53598 1.5733 1.62058 1.66199 1.72442 1.71476 1.73032 1.73683 1.73949 1.7321 1.73769 1.76464 1.78911 1.78407 1.78178 1.76106 1.75816 1.76288 1.78114 1.80111 1.80963 1.7923 1.7859 1.77985 1.77394 1.73885 1.72391 1.71178 1.69346 1.67808 1.66582 1.6517 1.64214 1.63392 1.62604 1.61886 1.61189 1.60536 1.59863 1.5948 1.59126 1.60076 1.6063 1.60506 1.60571 1.56483 1.50201 1.42146 1.37543 1.35571 1.3411
