Test_Spring_2018/02_18/Prec/20180203_002.txt
ncols	170
nrows	115
xllcorner	350000.000000
yllcorner	4445000.000000
cellsize	1000.000000
nodata_value	-9999.000000
[rows 32 to 63 of 115, columns 72 to 143 of 170]
1.49619 1.49792 1.49464 1.49166 1.48891 1.49452 1.50379 1.50185 1.50145 1.50311 1.50232 1.50145 1.49985 1.50194 1.51238 1.52121 1.51124 1.50721 1.50741 1.49473 1.49385 1.49934 1.50892 1.49409 1.48953 1.46743 1.44242 -9999 -9999 -9999 -9999 -9999 -9999 -9999 -9999 -9999 -9999 -9999 -9999 -9999 -9999 -9999 -9999 -9999 -9999 -9999 -9999 -9999 -9999 -9999 -9999 -9999 -9999 -9999 -9999 -9999 -9999 -9999 -9999 -9999 -9999 -9999 -9999 -9999 -9999 -9999 -9999 -9999 -9999 -9999 -9999 -9999
1.49645 1.49728 1.49272 1.49284 1.48145 1.49246 1.50345 1.50109 1.49986 1.49954 1.49889 1.49819 1.49961 1.50249 1.51114 1.5218 1.52159 1.51127 1.50701 1.50166 1.50089 1.50077 1.50304 1.49126 1.483 1.45903 1.43998 1.43188 -9999 -9999 -9999 -9999 -9999 -9999 -9999 -9999 -9999 -9999 -9999 -9999 -9999 -9999 -9999 -9999 -9999 -9999 -9999 -9999 -9999 -9999 -9999 -9999 -9999 -9999 -9999 -9999 -9999 -9999 -9999 -9999 -9999 -9999 -9999 -9999 -9999 -9999 -9999 -9999 -9999 -9999 -9999 -9999
1.49755 1.50211 1.49954 1.49768 1.48865 1.51012 1.508 1.50098 1.49959 1.49807 1.49848 1.49829 1.49914 1.50198 1.50683 1.51296 1.52551 1.51252 1.50134 1.49764 1.49388 1.49284 1.49544 1.48448 1.47916 1.43893 1.4352 1.43399 1.42925 -9999 -9999 -9999 -9999 -9999 -9999 -9999 -9999 -9999 -9999 -9999 -9999 -9999 -9999 -9999 -9999 -9999 -9999 -9999 -9999 -9999 -9999 -9999 -9999 -9999 -9999 -9999 -9999 -9999 -9999 -9999 -9999 -9999 -9999 -9999 -9999 -9999 -9999 -9999 -9999 -9999 -9999 -9999
1.49938 1.50507 1.50265 1.49933 1.50038 1.50045 1.50586 1.50287 1.49975 1.49837 1.49903 1.50417 1.50314 1.50123 1.50369 1.51129 1.51865 1.5182 1.50336 1.49651 1.49341 1.48688 1.48892 1.48179 1.47868 1.45533 1.43213 1.43329 1.43081 1.43221 -9999 -9999 -9999 -9999 -9999 -9999 -9999 -9999 -9999 -9999 -9999 -9999 -9999 -9999 -9999 -9999 -9999 -9999 -9999 -9999 -9999 -9999 -9999 -9999 -9999 -9999 -9999 -9999 -9999 -9999 -9999 -9999 -9999 -9999 -9999 -9999 -9999 -9999 -9999 -9999 -9999 -9999
-9999 -9999 1.5076 1.50884 1.52045 1.50328 1.50664 1.50333 1.49998 1.49881 1.50207 1.50274 1.50113 1.50231 1.50573 1.50684 1.51063 1.51448 1.50885 1.49578 1.49673 1.48623 1.4832 1.47827 1.47929 1.45867 1.44202 1.44213 1.44026 1.4413 -9999 -9999 -9999 -9999 -9999 -9999 -9999 -9999 -9999 -9999 -9999 -9999 -9999 -9999 -9999 -9999 -9999 -9999 -9999 -9999 -9999 -9999 -9999 -9999 -9999 -9999 -9999 -9999 -9999 -9999 -9999 -9999 -9999 -9999 -9999 -9999 -9999 -9999 -9999 -9999 -9999 -9999
-9999 -9999 -9999 1.50899 1.521 1.51466 1.5075 1.50525 1.50087 1.49979 1.50036 1.50031 1.50069 1.50146 1.50368 1.50612 1.50972 1.50763 1.4985 1.49542 1.49362 1.48941 1.48299 1.48071 1.46317 1.46874 1.47138 1.45635 1.45782 1.45329 1.45359 -9999 -9999 -9999 -9999 -9999 -9999 -9999 -9999 -9999 -9999 -9999 -9999 1.31487 -9999 -9999 -9999 -9999 -9999 -9999 -9999 -9999 -9999 -9999 -9999 -9999 -9999 -9999 -9999 -9999 -9999 -9999 -9999 -9999 1.00434 -9999 -9999 -9999 -9999 -9999 -9999 -9999
-9999 -9999 1.50243 1.5185 1.51599 1.51247 1.5012 1.50627 1.50169 1.50085 1.50117 1.50145 1.50333 1.50254 1.50313 1.50614 1.50489 1.50034 1.49673 1.49285 1.48932 1.48697 1.48546 1.48448 1.46271 1.46487 1.46552 1.45207 1.45464 1.4578 1.46427 1.46885 -9999 -9999 -9999 -9999 -9999 -9999 -9999 1.39897 1.38493 1.36866 1.34902 1.32463 1.30781 -9999 -9999 -9999 -9999 -9999 -9999 -9999 -9999 -9999 -9999 -9999 -9999 -9999 -9999 -9999 -9999 -9999 -9999 -9999 1.0014 0.999736 -9999 -9999 -9999 -9999 -9999 -9999
-9999 -9999 1.51903 1.51568 1.51457 1.51149 1.51006 1.50556 1.50389 1.5021 1.50165 1.50235 1.50363 1.50223 1.50391 1.50379 1.50291 1.49775 1.49465 1.49311 1.49182 1.49042 1.49142 1.48955 1.46538 1.46598 1.46946 1.47368 1.4589 1.46956 1.48037 1.48901 -9999 -9999 -9999 -9999 -9999 -9999 1.42977 1.41214 1.39404 1.38225 1.358 1.33265 1.31129 1.26356 -9999 -9999 -9999 -9999 -9999 -9999 -9999 -9999 -9999 -9999 -9999 -9999 -9999 -9999 1.0006 1.0006 1.00767 1.00724 1.00335 1.00092 -9999 -9999 -9999 -9999 -9999 -9999
-9999 -9999 1.51825 1.51442 1.51231 1.51052 1.51127 1.51701 1.50462 1.50376 1.50346 1.50313 1.50266 1.50435 1.50408 1.50666 1.50036 1.49821 1.49679 1.49844 1.49771 1.5025 1.50346 1.48128 1.47204 1.47399 1.48154 1.49216 1.50725 1.48618 1.49127 1.50045 -9999 -9999 -9999 -9999 -9999 -9999 1.44849 1.42988 1.40935 1.38975 1.37424 1.34331 1.29254 1.27041 1.24481 1.21505 1.18804 1.151 1.1111 1.09119 1.07674 1.06037 -9999 -9999 -9999 -9999 1.01289 1.00602 0.999293 0.995578 1.00434 1.0075 1.00893 0.990779 -9999 -9999 -9999 -9999 -9999 -9999
-9999 -9999 1.51304 1.51157 1.51173 1.5132 1.51194 1.518 1.50661 1.52703 1.52575 1.52406 1.52222 1.52122 1.52157 1.51929 1.51777 1.51757 1.52421 1.53234 1.52713 1.50964 1.51903 1.4882 1.48005 1.48308 1.49327 1.50619 1.51276 1.49356 1.50203 1.54247 -9999 -9999 -9999 1.53004 1.51815 1.51023 1.49832 1.47931 1.45911 1.40498 1.37934 1.34853 1.30465 1.27963 1.25495 1.22444 1.18826 1.16012 1.1084 1.08712 1.07164 1.07321 1.05791 1.04594 1.03691 1.0303 1.02454 1.01925 1.01476 1.0127 1.0013 1.00201 0.998949 0.975255 -9999 -9999 -9999 -9999 -9999 -9999
-9999 -9999 1.53605 1.53564 1.53532 1.53617 1.53722 1.53552 1.54094 1.52817 1.52625 1.52673 1.52254 1.52064 1.51896 1.5179 1.51747 1.5229 1.53116 1.53966 1.54332 1.54136 1.54823 1.52532 1.51794 1.49328 1.53532 1.54718 1.54922 1.55546 1.54855 1.56034 -9999 -9999 1.56086 1.54551 1.53194 1.5203 1.50907 1.49612 1.47405 1.45462 1.42622 1.40037 1.36241 1.33127 1.25973 1.22585 1.20931 1.18055 1.13848 1.10098 1.08105 1.06475 1.04981 1.03867 1.03013 1.02368 1.01967 1.01517 1.01144 1.00937 1.01528 1.01497 1.00726 1.00223 -9999 -9999 -9999 -9999 -9999 -9999
-9999 -9999 1.55489 1.55584 1.55539 1.55659 1.55448 1.53646 1.54339 1.53786 1.52682 1.5263 1.52512 1.52039 1.51833 1.51672 1.51568 1.52091 1.52751 1.53823 1.54499 1.54964 1.55293 1.56905 1.56665 1.56753 1.5684 1.5666 1.54987 1.56042 1.56785 1.5659 1.57449 -9999 1.57322 1.56601 1.55143 1.53573 1.52028 1.50952 1.48616 1.46507 1.43654 1.41204 1.36916 1.34927 1.31738 1.28535 1.24785 1.17293 1.13145 1.10514 1.0741 1.05642 1.04197 1.03088 1.02267 1.0168 1.01283 1.00999 1.00776 1.00578 1.00716 1.00209 1.00652 1.0035 -9999 -9999 -9999 -9999 -9999 -9999
-9999 1.5552 1.55436 1.55384 1.55524 1.55573 1.55485 1.55283 1.55555 1.53679 1.53305 1.52481 1.52664 1.52355 1.52028 1.51565 1.51436 1.51401 1.51762 1.53121 1.53651 1.56779 1.58108 1.57086 1.57008 1.56342 1.56392 1.56855 1.57348 1.58358 1.57258 1.58135 1.58575 1.58687 1.58181 1.57665 1.56633 1.5491 1.53191 1.51549 1.49749 1.47392 1.44776 1.429 1.38478 1.353 1.32091 1.2859 1.2503 1.21233 1.16729 1.09835 1.07362 1.04859 1.03373 1.02256 1.01466 1.00948 1.00646 1.00489 1.00374 1.0024 0.99619 0.998688 1.00715 0.998332 -9999 -9999 -9999 -9999 -9999 -9999
-9999 -9999 1.55569 1.55874 1.56198 1.56305 1.56121 1.55729 1.5565 1.55057 1.54232 1.52846 1.5254 1.52694 1.52025 1.51656 1.5135 1.51274 1.51321 1.53964 1.55082 1.56112 1.57515 1.55979 1.55865 1.55958 1.56188 1.57223 1.58214 1.59654 1.60632 1.60556 1.6022 1.59338 1.59109 1.58053 1.57078 1.56252 1.55159 1.52732 1.5079 1.48865 1.46168 1.43813 1.39099 1.35916 1.32166 1.28424 1.24612 1.21681 1.16322 1.12909 1.09335 1.04503 1.02569 1.01448 1.00688 1.00249 1.00045 0.999973 1.00002 0.996945 0.993552 0.994184 1.00982 0.999844 -9999 -9999 -9999 -9999 -9999 -9999
-9999 -9999 -9999 -9999 1.56552 1.56597 1.56504 1.56133 1.55722 1.54938 1.54119 1.53373 1.52855 1.52368 1.52196 1.51893 1.52205 1.52316 1.52189 1.5273 1.53419 1.55092 1.54858 1.54676 1.55069 1.55985 1.56659 1.57254 1.58412 1.59518 1.6062 1.61408 1.61292 1.60106 1.58527 1.57498 1.56847 1.56651 1.55531 1.5386 1.51618 1.49296 1.46952 1.44567 1.39758 1.36609 1.32326 1.28332 1.24529 1.20713 1.15935 1.12081 1.08762 1.05572 1.03249 1.00755 1.00029 0.996442 0.995258 0.995777 0.994499 0.994442 0.993242 0.990466 1.00721 1.00423 -9999 -9999 -9999 -9999 -9999 -9999
-9999 -9999 -9999 -9999 1.57182 1.57298 1.57018 1.56079 1.55824 1.54981 1.54202 1.53323 1.5269 1.52452 1.52337 1.525 1.53031 1.52972 1.52656 1.52822 1.53494 1.55142 1.54059 1.54618 1.55253 1.56437 1.57261 1.57651 1.58737 1.5991 1.60532 1.61474 1.60769 1.60044 1.59187 1.57721 1.56775 1.56028 1.55574 1.54084 1.51794 1.49826 1.47844 1.45 1.40369 1.37324 1.32737 1.28472 1.24462 1.20258 1.15465 1.11615 1.08057 1.0499 1.02553 1.00846 0.995849 0.992385 0.991735 0.99187 0.993065 0.993758 0.993307 0.991079 1.00057 1.00629 -9999 -9999 -9999 -9999 -9999 -9999
-9999 -9999 -9999 -9999 -9999 1.58085 1.57421 1.56211 1.56056 1.55336 1.54297 1.53418 1.52806 1.52299 1.52316 1.52754 1.54062 1.53992 1.53792 1.53468 1.5374 1.54658 1.54398 1.55354 1.5693 1.58234 1.58467 1.58632 1.5937 1.60268 1.60917 1.60072 1.59198 1.58307 1.57767 1.57681 1.56796 1.55843 1.55384 1.53871 1.51878 1.50225 1.48033 1.45385 1.40817 1.37146 1.33179 1.28677 1.24712 1.20301 1.15363 1.11519 1.07953 1.04866 1.02361 1.006 0.99525 0.99081 0.990251 0.991166 0.992805 0.99408 0.994136 0.992352 0.989421 0.983834 0.980968 -9999 -9999 -9999 -9999 -9999
-9999 -9999 -9999 -9999 -9999 1.5908 1.5872 1.57305 1.57026 1.55743 1.54601 1.53696 1.5319 1.52975 1.5308 1.53047 1.54381 1.55014 1.55087 1.55996 1.55465 1.5514 1.54863 1.57821 1.59084 1.59956 1.59886 1.59848 1.59932 1.61322 1.61312 1.59766 1.58671 1.57787 1.57095 1.56805 1.56597 1.55462 1.54443 1.53161 1.51841 1.50015 1.48223 1.45824 1.40781 1.37441 1.33605 1.29126 1.25303 1.20704 1.15802 1.1202 1.08508 1.05247 1.02759 1.00948 0.997991 0.99359 0.994354 0.9926 0.994197 0.995615 0.995959 0.99431 0.990457 0.972947 0.969137 0.958769 0.941623 -9999 -9999 -9999
-9999 -9999 -9999 -9999 -9999 -9999 1.60282 1.58403 1.57771 1.566 1.55178 1.54214 1.54327 1.53713 1.53844 1.54249 1.55465 1.57214 1.57816 1.56609 1.55779 1.55812 1.55334 1.57896 1.59085 1.59354 1.58953 1.59289 1.59398 1.60441 1.60292 1.60233 1.5953 1.58397 1.57429 1.56499 1.55783 1.55469 1.54807 1.52914 1.51605 1.49861 1.47802 1.45304 1.41006 1.37228 1.33718 1.29612 1.25584 1.21497 1.16684 1.1308 1.09411 1.06232 1.03738 1.01758 1.0067 1.00171 1.00187 1.00595 0.997529 0.998736 0.998873 0.997296 0.993375 0.974027 0.964168 0.955738 0.947106 0.938796 -9999 -9999
-9999 -9999 -9999 -9999 -9999 -9999 1.61705 1.59824 1.59212 1.57448 1.56142 1.56362 1.55308 1.54679 1.54661 1.55287 1.56147 1.58033 1.60284 1.58401 1.56871 1.56801 1.57635 1.58273 1.58163 1.58768 1.58667 1.59275 1.59329 1.59601 1.59597 1.59608 1.59798 1.59675 1.57769 1.56648 1.55729 1.55131 1.54588 1.5397 1.52281 1.49811 1.48482 1.45607 1.40996 1.37742 1.34217 1.30443 1.26546 1.22596 1.17887 1.14157 1.10903 1.07553 1.0499 1.03237 1.02087 1.01515 1.01439 1.01735 1.02262 1.00712 1.00318 1.00133 0.997332 0.977315 0.966895 0.954715 0.941833 0.936257 0.926206 0.895064
-9999 -9999 -9999 -9999 -9999 -9999 1.6471 1.62108 1.60667 1.58905 1.59156 1.57851 1.56769 1.56294 1.56005 1.56412 1.5714 1.58527 1.60659 1.62485 1.60913 1.59741 1.58749 1.57568 1.57969 1.58612 1.59045 1.58964 1.58655 1.5917 1.59524 1.5976 1.59491 1.59199 1.57589 1.56994 1.56687 1.55131 1.5471 1.54227 1.53912 1.51992 1.50264 1.468 1.42006 1.39287 1.35575 1.31692 1.27847 1.24056 1.19543 1.15855 1.1253 1.0926 1.06956 1.052 1.04002 1.03335 1.0313 1.03286 1.03654 1.04086 1.01438 1.01311 1.00236 0.981421 0.971115 0.959129 0.945621 0.932339 0.919191 0.890099
-9999 -9999 -9999 -9999 -9999 -9999 1.65782 1.64511 1.62248 1.62918 1.61 1.59799 1.58579 1.57919 1.57703 1.58059 1.58871 1.60062 1.61937 1.6371 1.63697 1.61918 1.61823 1.6002 1.59051 1.59243 1.59348 1.59605 1.59387 1.59538 1.59372 1.59611 1.59388 1.59425 1.57627 1.56974 1.56707 1.55675 1.55238 1.55568 1.55495 1.54538 1.50989 1.49475 1.45001 1.40654 1.37233 1.33124 1.30198 1.26452 1.21642 1.18096 1.14269 1.11568 1.09321 1.07564 1.06316 1.05543 1.05189 1.05172 1.0535 1.05601 1.05816 1.02033 1.01646 0.994134 0.976376 0.964542 0.951373 0.937475 0.923904 0.888395
-9999 -9999 -9999 -9999 -9999 -9999 1.67222 1.66388 1.64328 1.649 1.63036 1.61768 1.60686 1.60055 1.5995 1.60067 1.60621 1.6168 1.62765 1.64356 1.66341 1.65473 1.64361 1.62199 1.62865 1.62562 1.62577 1.62606 1.61658 1.60829 1.60289 1.60242 1.59733 1.59404 1.58089 1.57508 1.57005 1.56543 1.56785 1.5723 1.57292 1.55646 1.54438 1.50408 1.46746 1.44256 1.40609 1.37088 1.32393 1.29247 1.24156 1.19803 1.1682 1.14194 1.11976 1.10237 1.08925 1.08053 1.0755 1.07335 1.07309 1.07352 1.07363 1.07246 1.02449 1.00056 0.990542 0.981974 0.968145 0.94593 0.931082 0.895499
-9999 -9999 -9999 -9999 -9999 -9999 -9999 1.69081 1.69799 1.67427 1.65725 1.64368 1.63382 1.6283 1.6263 1.62695 1.63096 1.63955 1.6515 1.66853 1.68411 1.68852 1.67595 1.65518 1.65505 1.64634 1.64262 1.6456 1.66343 1.64872 1.63301 1.62498 1.61734 1.61004 1.59244 1.58706 1.58321 1.58288 1.59325 1.601 1.59963 1.58897 1.57946 1.53338 1.48853 1.45564 1.42404 1.39205 1.36638 1.32504 1.26934 1.23517 1.20696 1.17929 1.1485 1.13112 1.1176 1.10785 1.10122 1.09712 1.0947 1.09897 1.09738 1.09467 1.03916 1.01234 1.00237 0.990553 0.977765 0.962189 0.946946 0.903394
-9999 -9999 -9999 -9999 -9999 -9999 -9999 1.74594 1.72259 1.69711 1.68442 1.67174 1.66054 1.65588 1.65544 1.65688 1.66055 1.66662 1.67902 1.69256 1.70663 1.71648 1.72238 1.68332 1.68044 1.66825 1.66536 1.66451 1.68249 1.68095 1.66289 1.64589 1.63712 1.63 1.63331 1.62394 1.62326 1.62495 1.62073 1.61712 1.61608 1.60219 1.59474 1.57665 1.50457 1.4765 1.44805 1.41462 1.39062 1.35418 1.29838 1.26554 1.23851 1.20999 1.18722 1.16893 1.15442 1.14325 1.13506 1.12911 1.12477 1.12111 1.11731 1.11272 1.10691 1.04466 1.02061 1.0083 0.992671 0.976327 0.93286 0.911793
-9999 -9999 -9999 -9999 -9999 -9999 -9999 1.76543 1.74878 1.72671 1.70872 1.70287 1.69204 1.68523 1.68567 1.68809 1.69231 1.69653 1.70876 1.7229 1.73608 1.75078 1.75559 1.75512 1.70014 1.69253 1.6907 1.69076 1.70326 1.69449 1.68051 1.66934 1.66059 1.65386 1.64872 1.64285 1.64019 1.63514 1.63395 1.63543 1.62998 1.61674 1.61362 1.59729 1.57524 1.4998 1.46859 1.43901 1.41896 1.35919 1.32423 1.29375 1.26538 1.24084 1.21975 1.20119 1.18639 1.17428 1.16463 1.15691 1.15043 1.14465 1.13871 1.13274 1.12595 1.12372 1.0335 1.02035 1.00346 0.986315 0.934773 0.920875
-9999 -9999 -9999 -9999 -9999 -9999 -9999 1.7864 1.77199 1.75341 1.74039 1.73498 1.72461 1.71578 1.71492 1.71772 1.71975 1.72538 1.73565 1.74754 1.76072 1.76998 1.78418 1.78001 1.72549 1.71908 1.71545 1.72956 1.72873 1.71879 1.70795 1.69946 1.68738 1.68023 1.67461 1.67453 1.67073 1.66174 1.6553 1.64919 1.64568 1.63439 1.62501 1.61099 1.59455 1.51873 1.49187 1.46663 1.41657 1.37906 1.34921 1.32157 1.29562 1.27313 1.25242 1.23376 1.21857 1.20567 1.19475 1.1853 1.17694 1.16927 1.16141 1.15432 1.14753 1.14207 1.05217 1.03285 1.01248 0.98554 0.944542 0.930821
-9999 -9999 -9999 -9999 -9999 -9999 -9999 1.8128 1.79857 1.7833 1.77531 1.77181 1.75687 1.74737 1.74639 1.74782 1.75051 1.76039 1.76282 1.76802 1.77942 1.79438 1.81036 1.81333 1.77236 1.74842 1.74526 1.76347 1.76373 1.75722 1.74466 1.7322 1.71887 1.71046 1.70565 1.70967 1.71405 1.70049 1.68587 1.67626 1.66711 1.66068 1.64838 1.63399 1.62028 1.57243 1.5212 1.49538 1.43433 1.40635 1.37751 1.35032 1.32907 1.30743 1.28511 1.26607 1.25069 1.23708 1.22492 1.214 1.20386 1.19457 1.18516 1.17571 1.17196 1.16428 1.12986 1.0454 1.02669 0.971889 0.954316 0.940306
-9999 -9999 -9999 -9999 -9999 -9999 -9999 1.84191 1.83198 1.81834 1.81191 1.80249 1.78925 1.78242 1.77916 1.7794 1.7814 1.78651 1.79086 1.79785 1.80865 1.82251 1.83763 1.84866 1.84817 1.78264 1.77328 1.79771 1.79983 1.7912 1.77919 1.76255 1.75044 1.74371 1.73795 1.73325 1.73427 1.73632 1.72685 1.71098 1.70347 1.69516 1.67723 1.66096 1.64681 1.62996 1.5454 1.49242 1.4631 1.43676 1.40838 1.37877 1.35632 1.33648 1.31508 1.29797 1.28242 1.26813 1.25503 1.24273 1.23092 1.21969 1.20892 1.20153 1.19278 1.18496 1.17082 1.05521 1.0239 0.980524 0.964596 0.950474
-9999 -9999 -9999 -9999 -9999 -9999 -9999 1.8743 1.86365 1.85181 1.84059 1.82991 1.82071 1.81982 1.81518 1.81554 1.81382 1.81569 1.82057 1.82613 1.83508 1.85112 1.86531 1.88067 1.88068 1.82766 1.82431 1.82927 1.83874 1.82559 1.81067 1.79622 1.78616 1.7861 1.77552 1.76925 1.76478 1.76215 1.7617 1.74991 1.7441 1.72973 1.7097 1.69066 1.67206 1.65397 1.59726 1.51562 1.48983 1.46527 1.43801 1.4108 1.38495 1.36478 1.34583 1.32908 1.31349 1.29877 1.28481 1.27139 1.25829 1.2454 1.23589 1.22666 1.21479 1.20341 1.18752 1.13174 1.03362 0.991266 0.974844 0.96004
-9999 -9999 -9999 -9999 -9999 -9999 -9999 -9999 1.89147 1.88025 1.87209 1.87032 1.86299 1.85922 1.85639 1.85614 1.84734 1.84757 1.85064 1.85519 1.86243 1.8746 1.88413 1.89873 1.9104 1.85736 1.86508 1.86195 1.86263 1.85706 1.84411 1.82998 1.82604 1.83028 1.82429 1.81646 1.80509 1.79767 1.79996 1.79398 1.7851 1.76494 1.74298 1.72276 1.70214 1.68158 1.58785 1.54217 1.51203 1.48423 1.46072 1.43582 1.41321 1.39383 1.37584 1.35939 1.34377 1.32881 1.31434 1.29992 1.2859 1.27236 1.26164 1.25709 1.23967 1.2234 1.20892 1.1617 1.02369 1.00293 0.984844 0.969268
-9999 -9999 -9999 -9999 -9999 -9999 -9999 -9999 1.92194 1.90985 1.90867 1.9105 1.91649 1.91549 1.89929 1.89643 1.88781 1.8796 1.8806 1.88438 1.89054 1.89802 1.9094 1.92529 1.93916 1.9575 1.90237 1.88367 1.88254 1.88007 1.87347 1.87211 1.87922 1.88457 1.87659 1.86851 1.85126 1.83982 1.82987 1.82388 1.81697 1.80379 1.77854 1.75678 1.73437 1.71155 1.64993 1.59419 1.53651 1.50914 1.48428 1.46205 1.44033 1.4217 1.40462 1.38846 1.37312 1.35815 1.34341 1.32846 1.31443 1.30013 1.29083 1.27943 1.26477 1.25055 1.21877 1.17336 1.10047 1.01435 0.994994 0.978444
