Test_Spring_2018/02_18/Prec/20180220_006.txt
ncols	170
nrows	115
xllcorner	350000.000000
yllcorner	4445000.000000
cellsize	1000.000000
nodata_value	-9999.000000
[rows 31 to 61 of 115, columns 70 to 139 of 170]
0.372127 0.375292 0.377611 0.378458 0.380698 0.383094 0.39526 0.397245 0.398869 0.399985 0.400061 0.400833 0.400855 0.399873 0.399545 0.396491 0.38619 0.387975 0.387527 0.382593 0.38155 0.380987 0.375112 0.36439 0.35713 0.347848 0.338873 0.334353 0.325327 -9999 -9999 -9999 -9999 -9999 -9999 -9999 -9999 -9999 -9999 -9999 -9999 -9999 -9999 -9999 -9999 -9999 -9999 -9999 -9999 -9999 -9999 -9999 -9999 -9999 -9999 -9999 -9999 -9999 -9999 -9999 -9999 -9999 -9999 -9999 -9999 -9999 -9999 -9999 -9999 -9999
0.36895 0.37143 0.373242 0.37422 0.378 0.38181 0.390352 0.385156 0.395425 0.396564 0.396787 0.395749 0.395747 0.395463 0.395158 0.392447 0.384816 0.377436 0.379304 0.377387 0.372574 0.373849 0.368277 0.358751 0.346515 0.346635 0.340971 0.326816 0.315413 -9999 -9999 -9999 -9999 -9999 -9999 -9999 -9999 -9999 -9999 -9999 -9999 -9999 -9999 -9999 -9999 -9999 -9999 -9999 -9999 -9999 -9999 -9999 -9999 -9999 -9999 -9999 -9999 -9999 -9999 -9999 -9999 -9999 -9999 -9999 -9999 -9999 -9999 -9999 -9999 -9999
0.363539 0.367214 0.368666 0.370328 0.374946 0.377239 0.377006 0.382976 0.391993 0.39328 0.393828 0.393689 0.393459 0.392936 0.390921 0.387706 0.380989 0.372691 0.369553 0.371152 0.368976 0.366782 0.361605 0.355547 0.347733 0.346883 0.343842 0.330186 0.317105 0.306761 -9999 -9999 -9999 -9999 -9999 -9999 -9999 -9999 -9999 -9999 -9999 -9999 -9999 -9999 -9999 -9999 -9999 -9999 -9999 -9999 -9999 -9999 -9999 -9999 -9999 -9999 -9999 -9999 -9999 -9999 -9999 -9999 -9999 -9999 -9999 -9999 -9999 -9999 -9999 -9999
0.357516 0.362574 0.363855 0.363744 0.367486 0.370952 0.36768 0.384939 0.386244 0.389994 0.390604 0.391054 0.390208 0.38936 0.387599 0.384395 0.379699 0.373856 0.364149 0.367345 0.369054 0.366307 0.363065 0.357901 0.350373 0.349579 0.345517 0.32645 0.315066 0.306951 0.300913 -9999 -9999 -9999 -9999 -9999 -9999 -9999 -9999 -9999 -9999 -9999 -9999 -9999 -9999 -9999 -9999 -9999 -9999 -9999 -9999 -9999 -9999 -9999 -9999 -9999 -9999 -9999 -9999 -9999 -9999 -9999 -9999 -9999 -9999 -9999 -9999 -9999 -9999 -9999
-9999 0.357474 0.35889 0.35837 0.362213 0.366605 0.36608 0.372647 0.384318 0.386054 0.387641 0.388061 0.387115 0.383491 0.382752 0.38209 0.378719 0.372206 0.365358 0.362132 0.365978 0.365125 0.361809 0.359831 0.352924 0.350479 0.345628 0.334378 0.317687 0.308774 0.301975 0.293424 -9999 -9999 -9999 -9999 -9999 -9999 -9999 -9999 -9999 -9999 -9999 -9999 -9999 -9999 -9999 -9999 -9999 -9999 -9999 -9999 -9999 -9999 -9999 -9999 -9999 -9999 -9999 -9999 -9999 -9999 -9999 -9999 -9999 -9999 -9999 -9999 -9999 -9999
-9999 -9999 -9999 -9999 0.356239 0.356272 0.365871 0.368322 0.381207 0.383292 0.385154 0.385592 0.383397 0.38222 0.381886 0.379696 0.375927 0.372945 0.368103 0.362764 0.361923 0.36451 0.359248 0.359551 0.355519 0.352134 0.345346 0.328953 0.313685 0.305711 0.298933 0.290942 -9999 -9999 -9999 -9999 -9999 -9999 -9999 -9999 -9999 -9999 -9999 -9999 -9999 -9999 -9999 -9999 -9999 -9999 -9999 -9999 -9999 -9999 -9999 -9999 -9999 -9999 -9999 -9999 -9999 -9999 -9999 -9999 -9999 -9999 -9999 -9999 -9999 -9999
-9999 -9999 -9999 -9999 -9999 0.353485 0.362322 0.367945 0.378428 0.380218 0.382855 0.383456 0.382861 0.382234 0.381011 0.379185 0.376182 0.372628 0.368003 0.3659 0.367001 0.364433 0.360713 0.357802 0.355639 0.350956 0.337814 0.324191 0.315584 0.299917 0.291651 0.28691 0.280022 -9999 -9999 -9999 -9999 -9999 -9999 -9999 -9999 -9999 -9999 -9999 -9999 0.257069 -9999 -9999 -9999 -9999 -9999 -9999 -9999 -9999 -9999 -9999 -9999 -9999 -9999 -9999 -9999 -9999 -9999 -9999 -9999 -9999 0.193546 -9999 -9999 -9999
-9999 -9999 -9999 -9999 0.353072 0.357956 0.362033 0.366521 0.366935 0.378086 0.381142 0.381899 0.381691 0.38112 0.379318 0.378493 0.376507 0.372784 0.370816 0.370078 0.368335 0.366211 0.363405 0.359502 0.354737 0.349344 0.335356 0.326934 0.31936 0.303926 0.29525 0.286749 0.276977 0.268624 -9999 -9999 -9999 -9999 -9999 -9999 -9999 0.256315 0.255039 0.254087 0.25407 0.255791 0.252883 -9999 -9999 -9999 -9999 -9999 -9999 -9999 -9999 -9999 -9999 -9999 -9999 -9999 -9999 -9999 -9999 -9999 -9999 -9999 0.195261 0.189347 -9999 -9999
-9999 -9999 -9999 -9999 0.351503 0.356456 0.360213 0.364882 0.368474 0.377332 0.379236 0.380837 0.381351 0.38085 0.379607 0.379324 0.376939 0.374994 0.372918 0.372543 0.370524 0.367131 0.363067 0.358561 0.35235 0.347279 0.334963 0.32719 0.318011 0.308679 0.294873 0.282674 0.270965 0.260923 -9999 -9999 -9999 -9999 -9999 -9999 0.253842 0.255267 0.255925 0.25223 0.254081 0.255606 0.254247 0.238187 -9999 -9999 -9999 -9999 -9999 -9999 -9999 -9999 -9999 -9999 -9999 -9999 -9999 -9999 0.219592 0.214225 0.204803 0.198901 0.194348 0.188569 -9999 -9999
-9999 -9999 -9999 -9999 0.348801 0.354436 0.359176 0.363629 0.366537 0.378552 0.378601 0.380122 0.380926 0.381294 0.381265 0.379592 0.378416 0.375178 0.376017 0.374069 0.371113 0.365935 0.361423 0.353468 0.347058 0.335538 0.33266 0.323899 0.312369 0.29954 0.285337 0.275885 0.267531 0.257662 -9999 -9999 -9999 -9999 -9999 -9999 0.2502 0.252149 0.25388 0.253876 0.250526 0.254189 0.241585 0.238125 0.236314 0.236815 0.236273 0.22828 0.229357 0.228949 0.226873 0.226993 -9999 -9999 -9999 -9999 0.222597 0.221511 0.22022 0.217031 0.206827 0.199018 0.191523 0.184737 -9999 -9999
-9999 -9999 -9999 -9999 0.348689 0.353538 0.357572 0.360828 0.365297 0.377014 0.377753 0.373399 0.37473 0.375815 0.37651 0.376286 0.37485 0.37427 0.372743 0.369944 0.362958 0.354591 0.352641 0.351287 0.338647 0.333632 0.329768 0.320074 0.306859 0.292623 0.282806 0.273757 0.263967 0.248177 -9999 -9999 -9999 0.238179 0.240071 0.239215 0.239539 0.242456 0.244726 0.251688 0.253013 0.245429 0.240056 0.236771 0.233101 0.232636 0.235629 0.235175 0.229514 0.2292 0.227275 0.222658 0.223222 0.223174 0.222549 0.221379 0.220237 0.219028 0.217319 0.214 0.208681 0.202175 0.196898 0.18588 -9999 -9999
-9999 -9999 -9999 -9999 0.339698 0.34432 0.348863 0.35415 0.357633 0.362115 0.371792 0.373588 0.375594 0.375826 0.378004 0.378451 0.378234 0.377112 0.375053 0.369283 0.361379 0.35269 0.345909 0.340631 0.330804 0.322634 0.318319 0.315641 0.295959 0.282178 0.27397 0.264728 0.251447 0.240418 -9999 -9999 0.229035 0.233705 0.237055 0.238657 0.238992 0.238938 0.242193 0.242493 0.245918 0.23824 0.23015 0.229672 0.232493 0.232356 0.226963 0.226085 0.22252 0.22434 0.224253 0.2238 0.224106 0.223762 0.223192 0.222389 0.220856 0.219792 0.218212 0.215342 0.207634 0.202371 0.193549 0.181185 -9999 -9999
-9999 -9999 -9999 -9999 0.333721 0.338261 0.343345 0.347232 0.35241 0.361838 0.370447 0.374931 0.37663 0.377675 0.378502 0.380622 0.380744 0.379998 0.378287 0.372597 0.365477 0.355487 0.346888 0.33806 0.329825 0.309559 0.302981 0.294476 0.285932 0.278912 0.273575 0.261845 0.25166 0.238763 0.230463 -9999 0.225168 0.226155 0.230626 0.234898 0.237878 0.236927 0.240926 0.241936 0.238566 0.236996 0.230984 0.223824 0.222503 0.220987 0.222416 0.227688 0.223343 0.223699 0.224474 0.224452 0.224441 0.224226 0.223826 0.223214 0.222246 0.22093 0.219147 0.216733 0.21178 0.203876 0.19475 0.181411 -9999 -9999
-9999 -9999 -9999 0.327235 0.332143 0.337941 0.342525 0.347231 0.352179 0.357161 0.366997 0.375863 0.378923 0.380099 0.379554 0.380979 0.38185 0.382757 0.381199 0.378409 0.37278 0.361149 0.352754 0.336079 0.323386 0.310179 0.302414 0.297522 0.288807 0.278039 0.26742 0.255276 0.248671 0.238614 0.22575 0.22241 0.222761 0.223232 0.226037 0.231645 0.235984 0.238317 0.239621 0.237169 0.237842 0.231457 0.22659 0.224669 0.222205 0.220923 0.219975 0.220691 0.217234 0.223528 0.224277 0.224705 0.224853 0.224833 0.224616 0.224139 0.22327 0.221923 0.220186 0.217972 0.213334 0.206468 0.190299 0.180188 -9999 -9999
-9999 -9999 -9999 -9999 0.329981 0.334319 0.338344 0.343131 0.348934 0.355221 0.366653 0.371196 0.376248 0.382446 0.381836 0.380954 0.383711 0.384177 0.383563 0.380956 0.376914 0.361614 0.351333 0.340825 0.327646 0.317434 0.309583 0.300395 0.290406 0.276293 0.262716 0.247939 0.235402 0.229358 0.22263 0.220118 0.219415 0.223194 0.226209 0.227602 0.229085 0.235873 0.235072 0.232737 0.23356 0.230544 0.226849 0.223973 0.223254 0.222049 0.221182 0.216076 0.216354 0.217167 0.220793 0.224876 0.225373 0.225512 0.225455 0.225021 0.224194 0.222872 0.22109 0.21752 0.211735 0.205312 0.189688 0.180194 -9999 -9999
-9999 -9999 -9999 -9999 -9999 -9999 0.336106 0.341497 0.347076 0.353482 0.366451 0.372081 0.377152 0.381198 0.38351 0.383948 0.384149 0.384298 0.38045 0.378035 0.375616 0.369077 0.361084 0.347206 0.332775 0.325532 0.314827 0.301097 0.288521 0.27644 0.261689 0.248335 0.234867 0.224074 0.21917 0.22107 0.223414 0.227387 0.22909 0.227577 0.229598 0.23019 0.233157 0.234177 0.232969 0.229766 0.226337 0.222545 0.223777 0.222956 0.221025 0.219521 0.216084 0.218318 0.219847 0.223161 0.224651 0.226157 0.226167 0.225819 0.225 0.223657 0.219818 0.216478 0.212504 0.207961 0.191711 0.17856 -9999 -9999
-9999 -9999 -9999 -9999 -9999 -9999 0.332676 0.337845 0.344538 0.354033 0.366046 0.372003 0.37686 0.381595 0.384499 0.384896 0.384065 0.381786 0.377137 0.374996 0.373652 0.369175 0.361367 0.347708 0.338016 0.326857 0.314818 0.299575 0.286071 0.274883 0.260289 0.246324 0.235129 0.223299 0.221321 0.220705 0.221961 0.226775 0.23026 0.231756 0.229626 0.231165 0.234582 0.233855 0.230757 0.229853 0.225399 0.220643 0.222951 0.222941 0.221416 0.221214 0.217364 0.218907 0.221094 0.223294 0.225064 0.226002 0.226583 0.226267 0.225473 0.223285 0.220532 0.217041 0.212848 0.20811 0.195673 0.177973 -9999 -9999
-9999 -9999 -9999 -9999 -9999 -9999 -9999 0.333865 0.342562 0.353458 0.364871 0.370132 0.376307 0.38099 0.383744 0.385524 0.384215 0.380401 0.371595 0.369582 0.367738 0.365971 0.360424 0.350758 0.336919 0.323785 0.306881 0.291047 0.280638 0.270566 0.257686 0.245015 0.233484 0.230825 0.229536 0.229621 0.229096 0.227211 0.230148 0.232716 0.231085 0.232971 0.235071 0.232921 0.231117 0.22932 0.224601 0.223083 0.222 0.223022 0.220971 0.221512 0.218139 0.219264 0.221125 0.223108 0.224984 0.226052 0.226522 0.22635 0.225289 0.223403 0.220562 0.216904 0.212563 0.207673 0.201802 0.190065 0.180635 -9999
-9999 -9999 -9999 -9999 -9999 -9999 -9999 0.32892 0.335867 0.347685 0.359757 0.367858 0.374473 0.379212 0.38134 0.382196 0.38007 0.378683 0.370154 0.363784 0.360643 0.35257 0.351451 0.348552 0.33485 0.311444 0.296411 0.283028 0.27434 0.265411 0.25597 0.240706 0.232501 0.233351 0.233002 0.23282 0.232876 0.231487 0.230885 0.234968 0.23523 0.23608 0.234906 0.233993 0.230455 0.227712 0.225688 0.222756 0.221243 0.222344 0.219686 0.221293 0.217705 0.218428 0.219891 0.222639 0.224267 0.225427 0.225634 0.225527 0.224317 0.222566 0.219734 0.216019 0.211568 0.206668 0.20135 0.195886 0.187027 0.180653
-9999 -9999 -9999 -9999 -9999 -9999 -9999 -9999 0.327824 0.341818 0.355818 0.363166 0.371111 0.37605 0.376536 0.378265 0.376 0.372321 0.36444 0.353776 0.345829 0.349083 0.349782 0.345287 0.332561 0.311604 0.297309 0.287413 0.280727 0.270037 0.260601 0.247297 0.23978 0.23268 0.230071 0.229513 0.230632 0.233171 0.234952 0.234506 0.235245 0.235781 0.234819 0.233867 0.23222 0.23056 0.224924 0.224941 0.222341 0.222076 0.221036 0.220435 0.2166 0.21663 0.219057 0.221411 0.223005 0.222923 0.223742 0.223628 0.222411 0.220052 0.217985 0.214276 0.209898 0.204988 0.199794 0.195282 0.189803 0.182633
-9999 -9999 -9999 -9999 -9999 -9999 -9999 -9999 0.320626 0.334271 0.348328 0.358582 0.365673 0.367354 0.371612 0.37342 0.371946 0.367124 0.361143 0.349807 0.336471 0.343182 0.3441 0.340461 0.331363 0.31024 0.30322 0.291978 0.284098 0.272295 0.263405 0.254448 0.246216 0.238692 0.228825 0.223369 0.229892 0.232995 0.235425 0.236117 0.235981 0.235186 0.234627 0.232684 0.227778 0.228802 0.225157 0.22333 0.221735 0.220628 0.219779 0.21928 0.215359 0.216574 0.217196 0.21847 0.218524 0.220048 0.220812 0.220611 0.219346 0.217033 0.213728 0.211614 0.20751 0.202736 0.197678 0.193468 0.188582 0.183731
-9999 -9999 -9999 -9999 -9999 -9999 -9999 -9999 0.305328 0.322349 0.340743 0.35085 0.354219 0.36016 0.364565 0.365577 0.36556 0.361919 0.356664 0.347979 0.335318 0.324055 0.328253 0.331556 0.326536 0.314775 0.305581 0.294636 0.284412 0.276652 0.270021 0.260225 0.246535 0.238328 0.231422 0.228178 0.232698 0.232546 0.231264 0.236545 0.235411 0.233679 0.229698 0.226782 0.225588 0.222441 0.220102 0.216539 0.217042 0.21764 0.217635 0.217382 0.213071 0.212025 0.213706 0.213196 0.214993 0.216279 0.216864 0.216581 0.215315 0.213018 0.20984 0.205953 0.204052 0.199277 0.195101 0.191284 0.186695 0.18217
-9999 -9999 -9999 -9999 -9999 -9999 -9999 -9999 0.299574 0.319935 0.333114 0.336026 0.345667 0.351049 0.356198 0.358226 0.357866 0.354531 0.348867 0.341238 0.329958 0.319031 0.317139 0.321524 0.318703 0.309645 0.301634 0.293595 0.285619 0.272265 0.265671 0.25846 0.251757 0.240202 0.235517 0.230223 0.235305 0.23496 0.232944 0.234974 0.233509 0.227219 0.221843 0.219552 0.221712 0.217794 0.213608 0.21112 0.211305 0.214343 0.209503 0.209707 0.206999 0.208726 0.20733 0.209134 0.210643 0.211706 0.212097 0.211724 0.21047 0.208251 0.205247 0.20156 0.19728 0.195851 0.191073 0.187534 0.184448 0.180305
-9999 -9999 -9999 -9999 -9999 -9999 -9999 -9999 0.289527 0.311536 0.323332 0.32736 0.33667 0.342407 0.346876 0.348801 0.347916 0.345886 0.341611 0.334703 0.327602 0.317672 0.305364 0.307592 0.307653 0.300003 0.287001 0.281933 0.274701 0.267034 0.260059 0.256767 0.247764 0.241471 0.238169 0.23455 0.23672 0.235533 0.234254 0.232787 0.227314 0.220088 0.213832 0.215183 0.212614 0.214229 0.205804 0.204485 0.20612 0.206131 0.204389 0.202734 0.202339 0.200621 0.202533 0.20426 0.205671 0.206431 0.206707 0.206197 0.204922 0.202861 0.200049 0.196638 0.192736 0.188516 0.187571 0.184605 0.18047 0.174629
-9999 -9999 -9999 -9999 -9999 -9999 -9999 -9999 -9999 0.296332 0.301553 0.314172 0.322764 0.329144 0.333274 0.334948 0.334674 0.332986 0.329526 0.323629 0.315884 0.305294 0.295179 0.290524 0.291016 0.281696 0.276222 0.274716 0.27012 0.261631 0.247653 0.241523 0.242528 0.239837 0.237415 0.235364 0.235583 0.233777 0.231413 0.227218 0.217128 0.211306 0.205947 0.204237 0.200425 0.204191 0.198878 0.20102 0.201315 0.200954 0.196793 0.190492 0.191361 0.194127 0.195093 0.197322 0.200114 0.200688 0.200752 0.200149 0.19892 0.197003 0.194438 0.190242 0.186543 0.182558 0.182119 0.17974 0.175574 0.171708
-9999 -9999 -9999 -9999 -9999 -9999 -9999 -9999 -9999 0.278921 0.291752 0.30519 0.311464 0.317382 0.322267 0.323547 0.322527 0.320476 0.317244 0.312719 0.304787 0.296095 0.286882 0.27953 0.273804 0.270203 0.266686 0.26757 0.26313 0.257258 0.236891 0.23071 0.23331 0.235583 0.233866 0.231683 0.224441 0.224223 0.21968 0.213937 0.211084 0.207405 0.201575 0.201423 0.196594 0.195917 0.193859 0.194399 0.194119 0.195718 0.191948 0.184283 0.184621 0.187495 0.188449 0.191497 0.192955 0.193509 0.193452 0.19283 0.191581 0.189754 0.187314 0.184384 0.181075 0.177456 0.173568 0.172911 0.167482 0.164227
-9999 -9999 -9999 -9999 -9999 -9999 -9999 -9999 -9999 0.272582 0.281738 0.293306 0.302363 0.304727 0.309483 0.311972 0.310558 0.308063 0.304585 0.301075 0.29327 0.284323 0.275664 0.265916 0.260988 0.258391 0.260897 0.25991 0.255492 0.249742 0.23233 0.230432 0.231304 0.230829 0.229291 0.22696 0.224066 0.221788 0.21796 0.215355 0.210485 0.203739 0.199911 0.199232 0.192123 0.190716 0.191043 0.187473 0.189553 0.190154 0.185409 0.175819 0.179779 0.182141 0.184348 0.18566 0.18635 0.186927 0.186666 0.185979 0.184781 0.183059 0.180885 0.178241 0.175305 0.171786 0.167952 0.160899 0.162539 0.159972
-9999 -9999 -9999 -9999 -9999 -9999 -9999 -9999 -9999 0.266006 0.273873 0.283573 0.29003 0.29223 0.296824 0.300466 0.29982 0.297185 0.294911 0.290695 0.283952 0.276232 0.267659 0.2609 0.251239 0.250883 0.252897 0.251788 0.248879 0.231456 0.225991 0.225219 0.224899 0.223395 0.223877 0.221907 0.219268 0.213817 0.210341 0.209475 0.206985 0.203846 0.198672 0.196743 0.192831 0.19029 0.187941 0.18382 0.18432 0.183466 0.178531 0.173539 0.175524 0.177005 0.178426 0.178969 0.179576 0.180108 0.179749 0.178996 0.177824 0.176273 0.174297 0.171869 0.169221 0.165674 0.161353 0.155661 0.154894 0.155695
-9999 -9999 -9999 -9999 -9999 -9999 -9999 -9999 -9999 0.257056 0.264757 0.272715 0.276583 0.277854 0.284954 0.289042 0.28855 0.286706 0.284131 0.277703 0.275111 0.270945 0.263372 0.253734 0.24333 0.239498 0.238342 0.24291 0.240304 0.220807 0.21532 0.213286 0.214376 0.215397 0.216884 0.215803 0.212838 0.205198 0.197253 0.198518 0.199984 0.198318 0.195759 0.190989 0.18842 0.186028 0.182359 0.175896 0.17663 0.176677 0.166454 0.167569 0.169574 0.171311 0.170651 0.171011 0.172566 0.17323 0.17273 0.171938 0.170863 0.169433 0.167687 0.165387 0.162869 0.159947 0.153514 0.148596 0.145836 0.151572
-9999 -9999 -9999 -9999 -9999 -9999 -9999 -9999 -9999 0.247071 0.252488 0.259624 0.262747 0.267239 0.273559 0.276353 0.277147 0.275995 0.273821 0.269928 0.266336 0.261255 0.25405 0.245095 0.235315 0.2275 0.225553 0.232124 0.223102 0.210614 0.20471 0.204372 0.205731 0.209459 0.210727 0.20908 0.206805 0.203792 0.197522 0.190373 0.18883 0.190084 0.186276 0.182134 0.18223 0.180635 0.177129 0.174339 0.172268 0.167423 0.159468 0.160096 0.16224 0.165605 0.165881 0.165505 0.166681 0.166284 0.165685 0.164916 0.163877 0.162612 0.161111 0.159176 0.156719 0.152099 0.147748 0.142432 0.140002 0.149027
-9999 -9999 -9999 -9999 -9999 -9999 -9999 -9999 -9999 0.235665 0.241479 0.247738 0.253487 0.258767 0.263092 0.262882 0.264491 0.263338 0.26315 0.260973 0.257105 0.252781 0.246587 0.236567 0.22743 0.217584 0.21571 0.219703 0.209132 0.20239 0.193219 0.195874 0.199383 0.20254 0.203249 0.198506 0.199039 0.196985 0.193583 0.188732 0.182158 0.180888 0.175752 0.174347 0.175133 0.174636 0.173217 0.170936 0.167139 0.162977 0.153795 0.153656 0.155425 0.157767 0.160045 0.160012 0.159992 0.159395 0.158687 0.157898 0.156944 0.155793 0.154425 0.15276 0.149018 0.144748 0.141442 0.137454 0.135453 0.142129
