Test_Spring_2018/02_18/Prec/20180227_020.txt
ncols	170
nrows	115
xllcorner	350000.000000
yllcorner	4445000.000000
cellsize	1000.000000
nodata_value	-9999.000000
[rows 31 to 61 of 115, columns 70 to 139 of 170]
0.29788 0.296678 0.300435 0.312109 0.318852 0.329511 0.344454 0.352829 0.389552 0.398562 0.41151 0.420256 0.431004 0.444616 0.453401 0.47238 0.521754 0.514492 0.515019 0.533547 0.532533 0.527524 0.544816 0.582583 0.60374 0.633246 0.640894 0.667967 0.69364 -9999 -9999 -9999 -9999 -9999 -9999 -9999 -9999 -9999 -9999 -9999 -9999 -9999 -9999 -9999 -9999 -9999 -9999 -9999 -9999 -9999 -9999 -9999 -9999 -9999 -9999 -9999 -9999 -9999 -9999 -9999 -9999 -9999 -9999 -9999 -9999 -9999 -9999 -9999 -9999 -9999
0.30095 0.30335 0.309729 0.320933 0.320612 0.321158 0.35762 0.387893 0.393583 0.401324 0.412396 0.42807 0.437765 0.447191 0.455009 0.47181 0.508815 0.542727 0.533087 0.538579 0.555319 0.543039 0.56011 0.59372 0.638511 0.626949 0.640886 0.693355 0.715176 -9999 -9999 -9999 -9999 -9999 -9999 -9999 -9999 -9999 -9999 -9999 -9999 -9999 -9999 -9999 -9999 -9999 -9999 -9999 -9999 -9999 -9999 -9999 -9999 -9999 -9999 -9999 -9999 -9999 -9999 -9999 -9999 -9999 -9999 -9999 -9999 -9999 -9999 -9999 -9999 -9999
0.313687 0.31118 0.319545 0.327895 0.323862 0.331089 0.353859 0.388322 0.398115 0.404439 0.413231 0.424015 0.433904 0.443654 0.458525 0.477117 0.509738 0.547728 0.560788 0.550866 0.556335 0.560395 0.57653 0.595445 0.621251 0.614928 0.617881 0.648606 0.699584 0.73977 -9999 -9999 -9999 -9999 -9999 -9999 -9999 -9999 -9999 -9999 -9999 -9999 -9999 -9999 -9999 -9999 -9999 -9999 -9999 -9999 -9999 -9999 -9999 -9999 -9999 -9999 -9999 -9999 -9999 -9999 -9999 -9999 -9999 -9999 -9999 -9999 -9999 -9999 -9999 -9999
0.328961 0.320665 0.330204 0.346878 0.347038 0.34912 0.381455 0.407184 0.413793 0.4087 0.416788 0.424438 0.436602 0.44733 0.460638 0.47886 0.502198 0.529104 0.571822 0.554974 0.543351 0.550392 0.558375 0.573843 0.598935 0.592896 0.600906 0.643433 0.708447 0.730764 0.744191 -9999 -9999 -9999 -9999 -9999 -9999 -9999 -9999 -9999 -9999 -9999 -9999 -9999 -9999 -9999 -9999 -9999 -9999 -9999 -9999 -9999 -9999 -9999 -9999 -9999 -9999 -9999 -9999 -9999 -9999 -9999 -9999 -9999 -9999 -9999 -9999 -9999 -9999 -9999
-9999 0.332109 0.341498 0.360491 0.360654 0.358984 0.375662 0.397534 0.413162 0.417197 0.420847 0.428508 0.440932 0.463933 0.472437 0.479045 0.496306 0.526178 0.556075 0.568235 0.547189 0.545948 0.554532 0.55594 0.57848 0.580065 0.591758 0.61647 0.669277 0.714352 0.731107 0.756297 -9999 -9999 -9999 -9999 -9999 -9999 -9999 -9999 -9999 -9999 -9999 -9999 -9999 -9999 -9999 -9999 -9999 -9999 -9999 -9999 -9999 -9999 -9999 -9999 -9999 -9999 -9999 -9999 -9999 -9999 -9999 -9999 -9999 -9999 -9999 -9999 -9999 -9999
-9999 -9999 -9999 -9999 0.377829 0.393966 0.399692 0.408343 0.418905 0.421833 0.424574 0.432368 0.45053 0.462562 0.469226 0.482665 0.501653 0.515594 0.536433 0.55808 0.558114 0.541401 0.558731 0.549846 0.559383 0.565067 0.585268 0.640226 0.679673 0.71996 0.736288 0.758615 -9999 -9999 -9999 -9999 -9999 -9999 -9999 -9999 -9999 -9999 -9999 -9999 -9999 -9999 -9999 -9999 -9999 -9999 -9999 -9999 -9999 -9999 -9999 -9999 -9999 -9999 -9999 -9999 -9999 -9999 -9999 -9999 -9999 -9999 -9999 -9999 -9999 -9999
-9999 -9999 -9999 -9999 -9999 0.398663 0.406904 0.399988 0.42432 0.429419 0.429368 0.436968 0.448333 0.458168 0.468996 0.480873 0.496421 0.512871 0.532617 0.539559 0.530663 0.536911 0.547034 0.552279 0.55303 0.564103 0.598191 0.653989 0.679624 0.737977 0.76043 0.767583 0.785148 -9999 -9999 -9999 -9999 -9999 -9999 -9999 -9999 -9999 -9999 -9999 -9999 0.783557 -9999 -9999 -9999 -9999 -9999 -9999 -9999 -9999 -9999 -9999 -9999 -9999 -9999 -9999 -9999 -9999 -9999 -9999 -9999 -9999 0.834916 -9999 -9999 -9999
-9999 -9999 -9999 -9999 0.374138 0.398705 0.400482 0.400149 0.419333 0.434394 0.433489 0.441238 0.451532 0.461617 0.475388 0.482943 0.493961 0.511092 0.518701 0.519208 0.522735 0.526532 0.532012 0.541122 0.552901 0.566418 0.610507 0.634836 0.654964 0.695986 0.735579 0.758902 0.788777 0.813296 -9999 -9999 -9999 -9999 -9999 -9999 -9999 0.803685 0.804189 0.803132 0.797584 0.783798 0.790336 -9999 -9999 -9999 -9999 -9999 -9999 -9999 -9999 -9999 -9999 -9999 -9999 -9999 -9999 -9999 -9999 -9999 -9999 -9999 0.826782 0.841111 -9999 -9999
-9999 -9999 -9999 -9999 0.397578 0.396963 0.401982 0.402663 0.407473 0.434825 0.440449 0.445536 0.453504 0.463974 0.475716 0.481117 0.494011 0.503046 0.510869 0.509331 0.513545 0.522384 0.532751 0.54371 0.561043 0.572086 0.607417 0.627729 0.65395 0.68073 0.728628 0.767649 0.805429 0.836903 -9999 -9999 -9999 -9999 -9999 -9999 0.810703 0.799791 0.792479 0.804604 0.791421 0.779178 0.779279 0.797044 -9999 -9999 -9999 -9999 -9999 -9999 -9999 -9999 -9999 -9999 -9999 -9999 -9999 -9999 0.759718 0.775038 0.807453 0.822854 0.831014 0.843581 -9999 -9999
-9999 -9999 -9999 -9999 0.400029 0.39828 0.400954 0.40475 0.414761 0.429202 0.443586 0.450422 0.458217 0.465658 0.472562 0.484575 0.49214 0.506865 0.501237 0.506233 0.513953 0.52996 0.541357 0.56673 0.583762 0.616326 0.614002 0.63741 0.672846 0.714017 0.775494 0.78851 0.810262 0.840222 -9999 -9999 -9999 -9999 -9999 -9999 0.817518 0.805197 0.794009 0.790435 0.801447 0.780247 0.787271 0.795359 0.795665 0.785381 0.779766 0.790679 0.773483 0.769679 0.773851 0.768537 -9999 -9999 -9999 -9999 0.763945 0.762171 0.760186 0.765445 0.800864 0.824076 0.84445 0.845145 -9999 -9999
-9999 -9999 -9999 -9999 0.391361 0.395255 0.403398 0.414972 0.420358 0.436174 0.449391 0.458735 0.466607 0.473094 0.478653 0.485518 0.494937 0.497629 0.501799 0.509103 0.532897 0.560838 0.558154 0.578195 0.628717 0.623641 0.624228 0.650273 0.691735 0.737724 0.776994 0.788434 0.815609 0.850828 -9999 -9999 -9999 0.859298 0.845423 0.844902 0.839709 0.823126 0.809407 0.793743 0.784546 0.792448 0.792437 0.799742 0.808363 0.802343 0.780755 0.77487 0.772353 0.768458 0.772391 0.772518 0.767099 0.764319 0.763671 0.764654 0.764374 0.763011 0.762336 0.767251 0.795738 0.812286 0.821606 0.840256 -9999 -9999
-9999 -9999 -9999 -9999 0.395737 0.401062 0.408152 0.41981 0.431315 0.437537 0.454538 0.463857 0.470616 0.482573 0.482728 0.487411 0.491716 0.496719 0.502685 0.522331 0.548877 0.576635 0.593875 0.608129 0.635979 0.645024 0.646032 0.666566 0.707745 0.751063 0.770237 0.803888 0.840207 0.875946 -9999 -9999 0.897538 0.870367 0.850585 0.839738 0.835245 0.832757 0.815258 0.81063 0.791317 0.801178 0.815264 0.809676 0.809521 0.801891 0.795612 0.792421 0.787916 0.772182 0.769809 0.769652 0.766334 0.7658 0.765711 0.76568 0.76755 0.765636 0.764167 0.766534 0.788707 0.798015 0.809755 0.846566 -9999 -9999
-9999 -9999 -9999 -9999 0.398687 0.404098 0.409116 0.420996 0.427896 0.443335 0.465445 0.46638 0.475072 0.485131 0.492739 0.490821 0.494008 0.497191 0.500943 0.519112 0.540636 0.572462 0.595922 0.623592 0.642307 0.679354 0.687726 0.705421 0.724293 0.737589 0.764518 0.807536 0.836084 0.874174 0.899552 -9999 0.906168 0.89612 0.871961 0.849823 0.83416 0.83637 0.816105 0.808755 0.80339 0.804951 0.810401 0.81404 0.811432 0.810463 0.797225 0.783544 0.783821 0.779083 0.77037 0.769243 0.768368 0.768245 0.768268 0.768062 0.767815 0.767142 0.766366 0.766128 0.775046 0.785659 0.808162 0.847518 -9999 -9999
-9999 -9999 -9999 0.39421 0.398978 0.400232 0.409454 0.420019 0.430679 0.441554 0.459228 0.469506 0.475929 0.485412 0.500605 0.502762 0.503008 0.498632 0.501041 0.505022 0.518303 0.555688 0.580544 0.615193 0.649301 0.677168 0.688816 0.6885 0.706704 0.735744 0.765932 0.81117 0.840436 0.870363 0.912424 0.918018 0.90935 0.902196 0.886183 0.858705 0.837563 0.825566 0.817887 0.813182 0.805198 0.809567 0.809684 0.808797 0.810995 0.808839 0.806388 0.797814 0.797103 0.780118 0.775407 0.770668 0.770129 0.770144 0.770242 0.770116 0.76984 0.769416 0.768196 0.766501 0.766267 0.779273 0.811898 0.834097 -9999 -9999
-9999 -9999 -9999 -9999 0.402438 0.411465 0.424852 0.437125 0.446386 0.454142 0.465768 0.474693 0.478373 0.486657 0.501907 0.515362 0.507546 0.505052 0.502593 0.504668 0.509355 0.551295 0.575137 0.598114 0.632103 0.644663 0.6548 0.672225 0.694915 0.738096 0.78101 0.837232 0.878722 0.893578 0.921759 0.921635 0.918186 0.896707 0.880333 0.872381 0.864585 0.83295 0.82577 0.8192 0.807472 0.812451 0.807369 0.81027 0.804294 0.801668 0.798957 0.816924 0.800797 0.797565 0.782971 0.774048 0.771125 0.771398 0.771617 0.771938 0.771855 0.771389 0.770131 0.769549 0.76494 0.771856 0.818134 0.835622 -9999 -9999
-9999 -9999 -9999 -9999 -9999 -9999 0.431181 0.442324 0.45454 0.464005 0.469788 0.476087 0.481853 0.48806 0.496851 0.511752 0.515817 0.514679 0.526245 0.521345 0.51642 0.524438 0.535964 0.572028 0.602509 0.6073 0.628699 0.665302 0.698703 0.732141 0.780034 0.82939 0.875291 0.911922 0.924689 0.909245 0.895634 0.873784 0.863784 0.8693 0.859387 0.844425 0.824653 0.812393 0.80921 0.814429 0.808094 0.81464 0.799589 0.795152 0.797365 0.799496 0.80127 0.792547 0.788421 0.777087 0.774039 0.771976 0.772611 0.773076 0.77324 0.772892 0.771327 0.769373 0.76673 0.763768 0.811322 0.843647 -9999 -9999
-9999 -9999 -9999 -9999 -9999 -9999 0.442248 0.455329 0.463779 0.460869 0.471827 0.478333 0.48671 0.491318 0.49868 0.510886 0.522257 0.532012 0.545737 0.5423 0.529873 0.527187 0.536316 0.56981 0.577681 0.598758 0.625084 0.667692 0.704757 0.733955 0.78118 0.833255 0.869395 0.911285 0.911549 0.908071 0.898146 0.874088 0.856379 0.847508 0.852356 0.840124 0.817883 0.812929 0.817647 0.811956 0.810057 0.820547 0.800435 0.792316 0.792871 0.789501 0.794045 0.789207 0.782997 0.77758 0.774132 0.773586 0.773375 0.774049 0.774269 0.773662 0.772627 0.770593 0.767963 0.764778 0.79402 0.84565 -9999 -9999
-9999 -9999 -9999 -9999 -9999 -9999 -9999 0.468151 0.467994 0.459406 0.473616 0.484181 0.487595 0.493356 0.502183 0.508749 0.521909 0.538754 0.571368 0.566846 0.55594 0.540178 0.538187 0.552778 0.578586 0.607884 0.655625 0.700648 0.723764 0.748135 0.788031 0.834685 0.873029 0.874399 0.872291 0.866305 0.864893 0.870898 0.855899 0.841931 0.845312 0.831143 0.814342 0.815247 0.813605 0.811433 0.810486 0.806142 0.801161 0.788436 0.791544 0.785164 0.788095 0.785732 0.781628 0.777817 0.77447 0.773805 0.773966 0.774349 0.77484 0.774302 0.773277 0.771464 0.768873 0.765687 0.764712 0.788942 0.803051 -9999
-9999 -9999 -9999 -9999 -9999 -9999 -9999 0.483362 0.490604 0.477524 0.488929 0.486799 0.488416 0.494185 0.506104 0.51417 0.533068 0.539363 0.569478 0.586699 0.581406 0.593754 0.571591 0.555544 0.580689 0.656267 0.695793 0.730126 0.745981 0.765808 0.790944 0.850041 0.874278 0.860695 0.855088 0.85089 0.847264 0.849477 0.850943 0.829533 0.824849 0.814916 0.812366 0.80723 0.812942 0.814655 0.801312 0.803221 0.800173 0.787196 0.793235 0.782342 0.78635 0.78615 0.784184 0.777235 0.77524 0.774307 0.774256 0.77489 0.77559 0.774848 0.773541 0.771729 0.769389 0.766048 0.762448 0.758528 0.770138 0.770974
-9999 -9999 -9999 -9999 -9999 -9999 -9999 -9999 0.516309 0.492186 0.494633 0.495132 0.490182 0.494627 0.508266 0.516778 0.535434 0.552154 0.579584 0.612046 0.63549 0.597265 0.56739 0.559063 0.580473 0.645831 0.682883 0.702419 0.710196 0.738911 0.765 0.816341 0.838447 0.861476 0.866731 0.859702 0.849831 0.838284 0.828805 0.827446 0.818601 0.812254 0.808327 0.802993 0.799897 0.79653 0.799182 0.787883 0.789848 0.783188 0.782148 0.781389 0.786165 0.789186 0.782916 0.7777 0.775748 0.774568 0.774869 0.775227 0.775713 0.776208 0.773557 0.771755 0.769251 0.766242 0.762491 0.755011 0.752071 0.75722
-9999 -9999 -9999 -9999 -9999 -9999 -9999 -9999 0.535316 0.510731 0.512206 0.498142 0.498719 0.504123 0.507161 0.514712 0.529566 0.551548 0.570914 0.607197 0.646447 0.607791 0.576704 0.565731 0.578809 0.639676 0.645399 0.672343 0.686795 0.721746 0.746536 0.779561 0.80588 0.831634 0.861365 0.876524 0.847389 0.832989 0.820225 0.813367 0.808111 0.803751 0.804708 0.801701 0.813136 0.797656 0.791164 0.788376 0.786056 0.7834 0.781686 0.780591 0.784979 0.782516 0.784102 0.779191 0.776128 0.775592 0.775481 0.775732 0.776129 0.77635 0.776291 0.773255 0.768855 0.76597 0.762507 0.75498 0.750531 0.746472
-9999 -9999 -9999 -9999 -9999 -9999 -9999 -9999 0.58805 0.545683 0.528466 0.513586 0.509413 0.50826 0.509185 0.519338 0.527201 0.543999 0.560771 0.586304 0.62409 0.651306 0.628377 0.587311 0.583759 0.604521 0.621839 0.649146 0.675702 0.69388 0.709758 0.747838 0.7847 0.816608 0.832706 0.846939 0.826399 0.826173 0.829654 0.801766 0.800713 0.800412 0.808613 0.82194 0.816855 0.817898 0.805444 0.810824 0.799382 0.78931 0.783959 0.78179 0.786763 0.78629 0.784036 0.778356 0.777241 0.776704 0.776501 0.776478 0.776565 0.776753 0.776514 0.775549 0.771089 0.768851 0.762296 0.754814 0.750569 0.74662
-9999 -9999 -9999 -9999 -9999 -9999 -9999 -9999 0.593202 0.569005 0.539213 0.534163 0.517257 0.516341 0.512098 0.51644 0.525256 0.540796 0.56021 0.582411 0.615918 0.643926 0.628701 0.610151 0.598082 0.60801 0.624637 0.640777 0.658927 0.683651 0.701671 0.730429 0.753619 0.784812 0.804185 0.827171 0.803547 0.803632 0.809927 0.796306 0.796552 0.816745 0.831376 0.831153 0.823779 0.830907 0.826137 0.825664 0.816031 0.795255 0.801106 0.797526 0.793931 0.78954 0.782096 0.780131 0.778924 0.778116 0.777739 0.77741 0.777141 0.777119 0.776679 0.775793 0.774678 0.768472 0.765863 0.758519 0.75087 0.747002
-9999 -9999 -9999 -9999 -9999 -9999 -9999 -9999 0.59297 0.583271 0.556908 0.542198 0.523912 0.518876 0.515662 0.519056 0.52956 0.539326 0.55336 0.573877 0.590708 0.616764 0.651177 0.619012 0.625109 0.631543 0.648126 0.651418 0.667195 0.68792 0.721797 0.727713 0.742075 0.766823 0.779555 0.794438 0.783288 0.786571 0.78908 0.790897 0.809088 0.833621 0.852541 0.836404 0.837558 0.834835 0.849288 0.833762 0.817474 0.810387 0.81348 0.818049 0.802075 0.790575 0.786272 0.783134 0.780859 0.780045 0.77909 0.778663 0.778234 0.777735 0.777143 0.776157 0.774839 0.773066 0.765606 0.758202 0.754741 0.752591
-9999 -9999 -9999 -9999 -9999 -9999 -9999 -9999 -9999 0.603261 0.582153 0.549478 0.533301 0.524404 0.52194 0.525963 0.533545 0.541972 0.552895 0.569723 0.590539 0.620792 0.646631 0.646748 0.654649 0.671023 0.676373 0.665845 0.671576 0.697394 0.756149 0.752678 0.742834 0.751512 0.760235 0.76786 0.771834 0.777335 0.784302 0.798183 0.837171 0.847899 0.862508 0.859928 0.86652 0.855279 0.855328 0.835821 0.826042 0.820887 0.834628 0.83853 0.809936 0.799687 0.798478 0.791807 0.783435 0.782095 0.781021 0.780344 0.779514 0.77868 0.777777 0.778841 0.777444 0.775582 0.767572 0.759582 0.757375 0.754493
-9999 -9999 -9999 -9999 -9999 -9999 -9999 -9999 -9999 0.629554 0.593126 0.553405 0.544484 0.534855 0.526726 0.530939 0.541092 0.551208 0.562002 0.574321 0.598284 0.622785 0.647643 0.663083 0.67104 0.6981 0.697081 0.6779 0.68464 0.699975 0.763149 0.783512 0.766395 0.752328 0.75726 0.764767 0.794924 0.79287 0.809252 0.829772 0.83597 0.844655 0.862047 0.853286 0.865357 0.858981 0.862049 0.850407 0.843683 0.829951 0.841913 0.849958 0.821163 0.809172 0.806559 0.794667 0.789392 0.786986 0.785507 0.784265 0.783224 0.782045 0.780977 0.779727 0.77821 0.776599 0.775241 0.769165 0.779162 0.775504
-9999 -9999 -9999 -9999 -9999 -9999 -9999 -9999 -9999 0.627059 0.604003 0.569537 0.545102 0.5488 0.539086 0.536339 0.547493 0.55964 0.572379 0.581701 0.60727 0.635548 0.660824 0.690048 0.697356 0.694587 0.699159 0.69034 0.698547 0.714493 0.763302 0.76463 0.755149 0.753024 0.756548 0.764049 0.774017 0.780733 0.793624 0.800012 0.815546 0.838552 0.847673 0.842158 0.865433 0.863262 0.853828 0.864736 0.847851 0.838821 0.855117 0.841442 0.822365 0.81147 0.801841 0.796305 0.793096 0.789376 0.787906 0.786442 0.785111 0.783872 0.782477 0.781215 0.779617 0.779388 0.779756 0.794224 0.785548 0.780616
-9999 -9999 -9999 -9999 -9999 -9999 -9999 -9999 -9999 0.624724 0.604597 0.575645 0.560154 0.562129 0.551137 0.541783 0.548753 0.561553 0.569632 0.583565 0.606358 0.63153 0.659095 0.677636 0.708927 0.69858 0.709613 0.703112 0.70593 0.753359 0.769405 0.765837 0.761554 0.763644 0.75752 0.762784 0.771051 0.791637 0.802761 0.801405 0.806575 0.813942 0.829902 0.830914 0.840755 0.844597 0.848004 0.862823 0.853467 0.851164 0.839629 0.830778 0.819711 0.811656 0.804281 0.800883 0.796786 0.792194 0.790383 0.78881 0.787375 0.785822 0.784411 0.783417 0.782044 0.783661 0.788038 0.798218 0.802944 0.784481
-9999 -9999 -9999 -9999 -9999 -9999 -9999 -9999 -9999 0.632535 0.610604 0.586897 0.580571 0.584495 0.560396 0.547732 0.553336 0.562572 0.572678 0.597848 0.603775 0.615146 0.640623 0.674605 0.711664 0.719186 0.717694 0.717772 0.720453 0.776638 0.793255 0.795471 0.784652 0.774982 0.763807 0.764525 0.773785 0.803904 0.83503 0.824243 0.812029 0.813413 0.818417 0.833128 0.837872 0.841935 0.85205 0.864106 0.868729 0.862528 0.844412 0.835731 0.823759 0.813523 0.814355 0.810586 0.801112 0.794996 0.793163 0.791459 0.789677 0.788066 0.786481 0.786087 0.785554 0.785936 0.801467 0.8098 0.817228 0.786412
-9999 -9999 -9999 -9999 -9999 -9999 -9999 -9999 -9999 0.644852 0.630952 0.608651 0.603454 0.590888 0.568645 0.560618 0.559806 0.565911 0.574799 0.589712 0.601743 0.619184 0.645167 0.678299 0.714713 0.742128 0.743239 0.73981 0.748155 0.796594 0.815452 0.810079 0.797831 0.775574 0.764887 0.76765 0.773398 0.782466 0.806038 0.833327 0.835119 0.824048 0.835511 0.848318 0.842003 0.843351 0.853461 0.860625 0.867822 0.855102 0.853771 0.846777 0.833429 0.814925 0.8105 0.808984 0.800243 0.7981 0.796183 0.794169 0.792373 0.790531 0.788678 0.787757 0.788263 0.797718 0.805351 0.816904 0.815267 0.780153
-9999 -9999 -9999 -9999 -9999 -9999 -9999 -9999 -9999 0.663787 0.646154 0.625781 0.606801 0.588893 0.574132 0.578535 0.573475 0.579544 0.580007 0.588215 0.602921 0.618697 0.642056 0.681959 0.717389 0.755677 0.757944 0.739951 0.784413 0.806837 0.840651 0.821778 0.799583 0.779467 0.770808 0.787031 0.779793 0.784362 0.795081 0.812326 0.837275 0.838277 0.856578 0.858008 0.84952 0.846777 0.848196 0.853563 0.856649 0.853738 0.856866 0.852839 0.840472 0.825708 0.811328 0.807324 0.803111 0.801194 0.799343 0.797296 0.795327 0.793502 0.791868 0.790779 0.798275 0.807442 0.811671 0.818481 0.816018 0.786297
