Test_Spring_2018/02_18/Prec/20180203_010.txt
ncols	170
nrows	115
xllcorner	350000.000000
yllcorner	4445000.000000
cellsize	1000.000000
nodata_value	-9999.000000
[rows 32 to 63 of 115, columns 71 to 141 of 170]
0.636066 0.636906 0.651628 0.629513 0.609515 0.643335 0.650044 0.624902 0.62556 0.637892 0.665871 0.676393 0.687047 0.693352 0.727965 0.825469 0.912807 0.863426 0.860015 0.890221 0.828307 0.856257 0.934169 1.04548 0.979841 0.992849 1.07669 1.09191 -9999 -9999 -9999 -9999 -9999 -9999 -9999 -9999 -9999 -9999 -9999 -9999 -9999 -9999 -9999 -9999 -9999 -9999 -9999 -9999 -9999 -9999 -9999 -9999 -9999 -9999 -9999 -9999 -9999 -9999 -9999 -9999 -9999 -9999 -9999 -9999 -9999 -9999 -9999 -9999 -9999 -9999 -9999
0.634319 0.642489 0.649454 0.616843 0.618636 0.628213 0.629381 0.616426 0.612687 0.617637 0.629843 0.640267 0.651123 0.678597 0.718037 0.801263 0.900929 0.92221 0.870882 0.866355 0.856051 0.881915 0.914944 0.968039 0.919698 0.899318 0.943076 1.02227 1.05972 -9999 -9999 -9999 -9999 -9999 -9999 -9999 -9999 -9999 -9999 -9999 -9999 -9999 -9999 -9999 -9999 -9999 -9999 -9999 -9999 -9999 -9999 -9999 -9999 -9999 -9999 -9999 -9999 -9999 -9999 -9999 -9999 -9999 -9999 -9999 -9999 -9999 -9999 -9999 -9999 -9999 -9999
0.63908 0.651785 0.68554 0.666723 0.65302 0.632678 0.646544 0.642868 0.603286 0.605592 0.607425 0.624247 0.63743 0.659358 0.697088 0.75099 0.815933 0.929782 0.857157 0.799827 0.799466 0.800635 0.823651 0.875205 0.828315 0.824104 0.884306 0.966842 1.00956 1.02548 -9999 -9999 -9999 -9999 -9999 -9999 -9999 -9999 -9999 -9999 -9999 -9999 -9999 -9999 -9999 -9999 -9999 -9999 -9999 -9999 -9999 -9999 -9999 -9999 -9999 -9999 -9999 -9999 -9999 -9999 -9999 -9999 -9999 -9999 -9999 -9999 -9999 -9999 -9999 -9999 -9999
0.651483 0.664366 0.705899 0.687473 0.662235 0.626226 0.620035 0.618953 0.607333 0.595169 0.596335 0.613255 0.66406 0.670473 0.671621 0.706418 0.780681 0.854829 0.87313 0.787006 0.761466 0.765146 0.744865 0.788852 0.76592 0.773126 0.796343 0.858142 0.935704 0.961116 1.01396 -9999 -9999 -9999 -9999 -9999 -9999 -9999 -9999 -9999 -9999 -9999 -9999 -9999 -9999 -9999 -9999 -9999 -9999 -9999 -9999 -9999 -9999 -9999 -9999 -9999 -9999 -9999 -9999 -9999 -9999 -9999 -9999 -9999 -9999 -9999 -9999 -9999 -9999 -9999 -9999
-9999 -9999 -9999 0.72028 0.686964 0.662828 0.634361 0.615699 0.599855 0.584037 0.584805 0.618885 0.634886 0.635153 0.657429 0.69768 0.722557 0.768958 0.81748 0.797794 0.724676 0.756194 0.704191 0.707744 0.697406 0.730615 0.789907 0.870134 0.930194 0.952851 0.995264 -9999 -9999 -9999 -9999 -9999 -9999 -9999 -9999 -9999 -9999 -9999 -9999 -9999 -9999 -9999 -9999 -9999 -9999 -9999 -9999 -9999 -9999 -9999 -9999 -9999 -9999 -9999 -9999 -9999 -9999 -9999 -9999 -9999 -9999 -9999 -9999 -9999 -9999 -9999 -9999
-9999 -9999 -9999 -9999 0.68282 0.665651 0.617651 0.61243 0.602313 0.576771 0.576013 0.588134 0.596742 0.60972 0.627134 0.656946 0.690193 0.73391 0.737399 0.690686 0.689895 0.69945 0.691736 0.667752 0.673675 0.727767 0.812798 0.860409 0.963334 1.00311 0.996195 1.02326 -9999 -9999 -9999 -9999 -9999 -9999 -9999 -9999 -9999 -9999 -9999 -9999 0.874431 -9999 -9999 -9999 -9999 -9999 -9999 -9999 -9999 -9999 -9999 -9999 -9999 -9999 -9999 -9999 -9999 -9999 -9999 -9999 -9999 0.947273 -9999 -9999 -9999 -9999 -9999
-9999 -9999 -9999 0.671229 0.648763 0.627482 0.598556 0.604809 0.597523 0.568116 0.566799 0.574799 0.583706 0.605715 0.609858 0.626072 0.662236 0.669073 0.653527 0.646523 0.638872 0.634432 0.638859 0.648895 0.66156 0.691632 0.734058 0.762124 0.846688 0.900226 0.941224 1.00429 1.05285 -9999 -9999 -9999 -9999 -9999 -9999 -9999 0.913403 0.913936 0.910926 0.894674 0.852997 0.874552 -9999 -9999 -9999 -9999 -9999 -9999 -9999 -9999 -9999 -9999 -9999 -9999 -9999 -9999 -9999 -9999 -9999 -9999 -9999 0.916605 0.960651 -9999 -9999 -9999 -9999
-9999 -9999 -9999 0.657037 0.628435 0.615669 0.588119 0.572759 0.579566 0.569152 0.55842 0.558382 0.568086 0.583777 0.581613 0.604457 0.616428 0.625151 0.604474 0.600741 0.609673 0.620945 0.631114 0.657882 0.661632 0.666786 0.694121 0.738284 0.783298 0.853051 0.940012 1.02492 1.09265 -9999 -9999 -9999 -9999 -9999 -9999 0.902965 0.868185 0.846865 0.887671 0.85036 0.81617 0.820155 0.837711 -9999 -9999 -9999 -9999 -9999 -9999 -9999 -9999 -9999 -9999 -9999 -9999 -9999 -9999 0.705448 0.752077 0.852288 0.899673 0.924664 0.963523 -9999 -9999 -9999 -9999
-9999 -9999 -9999 0.653427 0.61965 0.597671 0.577762 0.576465 0.562855 0.55921 0.55277 0.551435 0.551388 0.552163 0.571253 0.578503 0.609534 0.577779 0.578936 0.587412 0.619638 0.634585 0.689578 0.714624 0.717595 0.673969 0.707944 0.777464 0.863724 0.975913 0.976316 1.00805 1.06824 -9999 -9999 -9999 -9999 -9999 -9999 0.887918 0.851155 0.820505 0.815293 0.856417 0.797185 0.786581 0.818411 0.824999 0.797387 0.783071 0.796453 0.753168 0.742767 0.756164 0.73908 -9999 -9999 -9999 -9999 0.71599 0.708767 0.70119 0.716547 0.826293 0.898272 0.961638 0.95285 -9999 -9999 -9999 -9999
-9999 -9999 -9999 0.617326 0.599262 0.59219 0.594227 0.576155 0.565104 0.558658 0.567716 0.566115 0.562924 0.559768 0.563563 0.577873 0.573134 0.574052 0.584735 0.645695 0.717335 0.690235 0.714613 0.798157 0.731849 0.694403 0.733215 0.817755 0.915015 0.954533 0.947472 0.992664 1.07497 -9999 -9999 -9999 1.00522 0.952016 0.946017 0.930364 0.883189 0.847873 0.797583 0.778827 0.771593 0.787156 0.818743 0.853219 0.840588 0.777848 0.762516 0.743712 0.733678 0.746739 0.761284 0.742285 0.731123 0.726538 0.727246 0.72443 0.71878 0.715865 0.730936 0.805151 0.856554 0.885716 0.94223 -9999 -9999 -9999 -9999
-9999 -9999 -9999 0.63575 0.621492 0.610056 0.599656 0.599496 0.582862 0.578956 0.565376 0.559464 0.573019 0.553248 0.551029 0.550662 0.554764 0.56312 0.614126 0.685301 0.757601 0.793302 0.778687 0.835289 0.813532 0.7763 0.770777 0.852279 0.938792 0.949487 0.97453 1.04676 1.11923 -9999 -9999 1.10003 0.999138 0.928095 0.891366 0.880128 0.879731 0.835831 0.834065 0.787267 0.794831 0.856228 0.849525 0.84637 0.830431 0.835861 0.829197 0.799541 0.757207 0.74956 0.747564 0.734838 0.730333 0.727146 0.724409 0.728132 0.720739 0.715474 0.722861 0.792587 0.822595 0.852036 0.974952 -9999 -9999 -9999 -9999
-9999 -9999 -9999 0.639861 0.625026 0.606191 0.606627 0.590201 0.584322 0.595399 0.565764 0.555736 0.563158 0.566983 0.545075 0.542599 0.542754 0.546116 0.594408 0.651583 0.737811 0.793565 0.825065 0.851784 0.912578 0.896668 0.905649 0.914838 0.904093 0.908052 0.9595 1.00136 1.08092 1.12273 -9999 1.08803 1.04019 0.95609 0.885629 0.841802 0.85888 0.809556 0.802675 0.770808 0.790823 0.827923 0.871061 0.874083 0.879588 0.844138 0.7963 0.783128 0.770444 0.747444 0.742203 0.736735 0.73308 0.729819 0.726192 0.723089 0.719506 0.716499 0.716013 0.744777 0.771974 0.843614 0.974584 -9999 -9999 -9999 -9999
-9999 -9999 0.688443 0.636846 0.60726 0.599508 0.593649 0.586661 0.579944 0.57662 0.55882 0.549013 0.548309 0.576225 0.567971 0.557708 0.535993 0.537019 0.542882 0.575929 0.68066 0.716761 0.79346 0.867062 0.902691 0.894292 0.843892 0.84733 0.881641 0.917858 0.973908 0.987619 1.03499 1.13013 1.11444 1.06211 1.02299 0.96487 0.87916 0.820359 0.795787 0.788718 0.767281 0.759872 0.809185 0.832534 0.845548 0.865408 0.868647 0.867856 0.844963 0.829762 0.77114 0.756657 0.743235 0.7384 0.734699 0.731204 0.727441 0.723998 0.721103 0.716795 0.712002 0.706652 0.748555 0.868469 0.946928 -9999 -9999 -9999 -9999
-9999 -9999 -9999 0.64453 0.637605 0.641082 0.638653 0.625338 0.606942 0.583863 0.575036 0.55372 0.542748 0.567692 0.595579 0.561439 0.547114 0.534593 0.536088 0.543697 0.642971 0.696258 0.740578 0.812569 0.799182 0.783682 0.785776 0.799972 0.874815 0.946898 1.03452 1.1073 1.10128 1.12749 1.0959 1.0589 0.974877 0.916148 0.892545 0.87718 0.793645 0.771905 0.783298 0.768894 0.806267 0.815748 0.842574 0.838576 0.841601 0.840868 0.901249 0.839019 0.830053 0.783336 0.748704 0.738281 0.734905 0.731328 0.728582 0.725494 0.722375 0.718023 0.712669 0.710403 0.736114 0.884948 0.949158 -9999 -9999 -9999 -9999
-9999 -9999 -9999 -9999 -9999 0.655572 0.648201 0.642647 0.628147 0.586241 0.568312 0.552885 0.544052 0.549217 0.57565 0.579582 0.570664 0.603117 0.582541 0.550397 0.560176 0.574961 0.659567 0.708916 0.680992 0.698753 0.758448 0.803535 0.84522 0.929859 0.994016 1.07787 1.1373 1.12888 1.04098 0.964888 0.879584 0.841142 0.860457 0.839846 0.805473 0.764042 0.748909 0.763214 0.803316 0.810728 0.850509 0.819498 0.817851 0.833134 0.844486 0.838857 0.812718 0.798407 0.759714 0.74565 0.73364 0.730962 0.72834 0.725819 0.722999 0.720511 0.716896 0.7125 0.708015 0.861459 0.972357 -9999 -9999 -9999 -9999
-9999 -9999 -9999 -9999 -9999 0.685965 0.683846 0.665755 0.611897 0.585864 0.568149 0.5606 0.546714 0.547572 0.569912 0.594887 0.620643 0.658289 0.641112 0.592315 0.568863 0.576082 0.652321 0.630803 0.652741 0.684714 0.761785 0.816761 0.843523 0.924258 0.995658 1.04744 1.12178 1.07311 1.02159 0.960379 0.865597 0.803381 0.779622 0.802633 0.781095 0.733183 0.742152 0.782441 0.789814 0.81224 0.865356 0.819394 0.806877 0.817392 0.811774 0.815227 0.801101 0.78005 0.759476 0.74379 0.736662 0.730678 0.728486 0.726007 0.723577 0.721353 0.717859 0.713977 0.709328 0.806197 0.97766 -9999 -9999 -9999 -9999
-9999 -9999 -9999 -9999 -9999 -9999 0.720703 0.675736 0.604168 0.588378 0.583411 0.560501 0.550348 0.555924 0.56083 0.592251 0.639781 0.736981 0.716488 0.672453 0.608193 0.580642 0.597783 0.632056 0.679366 0.777812 0.862059 0.87314 0.884414 0.941834 0.996037 1.05428 1.0019 0.945526 0.885948 0.851157 0.850983 0.796911 0.755555 0.776394 0.749159 0.718632 0.746342 0.767282 0.786103 0.811919 0.819148 0.82067 0.793995 0.812577 0.797583 0.796088 0.789532 0.774841 0.759036 0.743414 0.735693 0.730836 0.727589 0.72622 0.723668 0.721716 0.719239 0.715868 0.711624 0.714654 0.800923 0.850416 -9999 -9999 -9999
-9999 -9999 -9999 -9999 -9999 -9999 0.766766 0.745606 0.660798 0.636715 0.592774 0.564754 0.554956 0.570309 0.578965 0.626802 0.641588 0.731771 0.776328 0.749474 0.772657 0.682116 0.603781 0.636064 0.828129 0.90152 0.95311 0.942336 0.940325 0.95267 1.04636 1.06149 0.96327 0.896659 0.843168 0.801778 0.789167 0.786583 0.72274 0.716387 0.701992 0.715491 0.723928 0.767384 0.797935 0.78471 0.811128 0.818415 0.790735 0.81827 0.789041 0.790629 0.79065 0.782478 0.756758 0.745262 0.736655 0.73156 0.728978 0.728491 0.725313 0.722724 0.720523 0.718204 0.713733 0.70879 0.707391 0.749162 0.755891 0.723283 -9999
-9999 -9999 -9999 -9999 -9999 -9999 -9999 0.827487 0.709701 0.658442 0.623787 0.576116 0.562688 0.572324 0.586747 0.636554 0.682913 0.763726 0.859517 0.914686 0.779783 0.665127 0.611146 0.632071 0.793331 0.860372 0.867462 0.833385 0.86119 0.878762 0.949853 0.960392 0.978228 0.947077 0.875542 0.823236 0.769649 0.732682 0.73078 0.714157 0.704147 0.712155 0.718707 0.733432 0.746947 0.782465 0.766736 0.788872 0.78028 0.785285 0.787348 0.790743 0.800638 0.778964 0.758655 0.747364 0.739821 0.73507 0.731852 0.730947 0.732265 0.725025 0.723038 0.72034 0.716978 0.71159 0.69905 0.695333 0.715375 0.744576 0.783612
-9999 -9999 -9999 -9999 -9999 -9999 -9999 0.890549 0.773323 0.720046 0.641432 0.593021 0.582667 0.575121 0.585746 0.622583 0.684023 0.738266 0.844609 0.957857 0.811548 0.689614 0.627843 0.634663 0.77209 0.743456 0.776072 0.765596 0.815935 0.832769 0.84907 0.87577 0.904858 0.935042 0.957065 0.83963 0.777428 0.729873 0.70989 0.703019 0.705517 0.711224 0.727447 0.785531 0.759413 0.764626 0.773951 0.781513 0.784472 0.786705 0.787294 0.788642 0.781281 0.784107 0.760684 0.753996 0.746407 0.740752 0.737573 0.73672 0.737441 0.739378 0.73017 0.723579 0.720501 0.715843 0.70295 0.694246 0.685308 0.681508 0.738865
-9999 -9999 -9999 -9999 -9999 -9999 -9999 1.06051 0.8902 0.752545 0.676126 0.629253 0.604337 0.589753 0.607583 0.621322 0.665027 0.709504 0.780701 0.888001 0.958813 0.850416 0.695448 0.647392 0.661046 0.671058 0.707782 0.738459 0.740265 0.73335 0.768292 0.804739 0.859807 0.883168 0.894474 0.805058 0.787483 0.790194 0.703455 0.707853 0.720652 0.764353 0.802237 0.806142 0.83443 0.818763 0.851693 0.829292 0.807963 0.798032 0.794768 0.796952 0.788512 0.780664 0.771129 0.762458 0.755396 0.74999 0.746433 0.744981 0.745828 0.747283 0.748135 0.734451 0.732938 0.720955 0.707829 0.699343 0.690385 0.67991 0.677975
-9999 -9999 -9999 -9999 -9999 -9999 -9999 1.05459 0.920343 0.796217 0.741129 0.663974 0.63992 0.608807 0.607595 0.622962 0.661102 0.712043 0.771134 0.863632 0.935874 0.869115 0.763693 0.694255 0.67401 0.682185 0.687354 0.69557 0.692281 0.696896 0.705269 0.732182 0.802531 0.826192 0.867035 0.769436 0.753359 0.764442 0.720897 0.727278 0.801331 0.862042 0.878878 0.844929 0.88453 0.89084 0.907556 0.889109 0.833106 0.847567 0.84029 0.814899 0.802408 0.792936 0.783103 0.774746 0.767502 0.762184 0.758201 0.756015 0.756386 0.757197 0.758094 0.759352 0.739692 0.736902 0.724016 0.706566 0.697436 0.687319 0.678118
-9999 -9999 -9999 -9999 -9999 -9999 -9999 1.05206 0.974408 0.862761 0.776819 0.696092 0.659395 0.631163 0.626151 0.645506 0.664056 0.696493 0.748659 0.787721 0.852877 0.940483 0.816133 0.778396 0.748589 0.733419 0.698784 0.700672 0.716604 0.745555 0.719809 0.738506 0.777798 0.783817 0.801769 0.74461 0.739101 0.737991 0.741276 0.801493 0.886329 0.95725 0.921109 0.939866 0.913437 0.976898 0.928936 0.889044 0.875557 0.893715 0.911183 0.845972 0.828991 0.813822 0.800891 0.789896 0.783356 0.776906 0.77316 0.770817 0.769823 0.77005 0.77033 0.770483 0.769684 0.745271 0.731554 0.724616 0.722095 0.710802 0.689257
-9999 -9999 -9999 -9999 -9999 -9999 -9999 -9999 1.03519 0.925033 0.798027 0.724692 0.676413 0.650509 0.646903 0.65602 0.668737 0.689402 0.727732 0.776824 0.852803 0.911727 0.886587 0.848618 0.849524 0.827677 0.753536 0.728062 0.764077 0.865668 0.829836 0.761156 0.753283 0.749492 0.747013 0.748204 0.750237 0.762693 0.80235 0.925371 0.954022 1.0082 1.01093 1.04337 0.982694 0.999314 0.949183 0.927813 0.918934 0.966864 0.96192 0.897187 0.865767 0.860806 0.837572 0.809061 0.801624 0.795467 0.791451 0.788152 0.786167 0.785243 0.791592 0.791231 0.789833 0.763 0.747161 0.743886 0.737369 0.732282 0.712752
-9999 -9999 -9999 -9999 -9999 -9999 -9999 -9999 1.1094 0.970216 0.822304 0.772213 0.721796 0.677907 0.674154 0.690213 0.706911 0.725813 0.748819 0.806713 0.864137 0.919912 0.943079 0.939403 0.939046 0.900179 0.802358 0.7837 0.790933 0.925029 0.952289 0.864537 0.788972 0.776087 0.775318 0.849791 0.828729 0.870138 0.929228 0.947967 0.978113 1.03824 1.01877 1.06533 1.05463 1.03737 1.0098 0.996298 0.959368 1.00081 1.00779 0.943762 0.907074 0.898166 0.859264 0.840416 0.830422 0.823691 0.818447 0.814841 0.811923 0.810432 0.809296 0.807968 0.806665 0.806105 0.784593 0.823134 0.813721 0.787102 0.760217
-9999 -9999 -9999 -9999 -9999 -9999 -9999 -9999 1.11177 1.01569 0.88525 0.78748 0.778917 0.729963 0.704012 0.722379 0.744384 0.768237 0.780834 0.842869 0.911535 0.968516 1.03511 1.03043 0.99137 0.916326 0.853738 0.842915 0.855553 0.94824 0.91962 0.858992 0.823666 0.808934 0.810116 0.822909 0.829724 0.860004 0.874047 0.92028 0.992953 1.0248 1.01277 1.09157 1.09139 1.06833 1.07072 1.02405 1.00063 1.05479 1.01799 0.960912 0.927866 0.897538 0.879081 0.86737 0.853958 0.847832 0.842303 0.837976 0.834815 0.83202 0.830356 0.828143 0.830429 0.834515 0.882231 0.855796 0.841959 0.806386 0.772989
-9999 -9999 -9999 -9999 -9999 -9999 -9999 -9999 1.11529 1.02968 0.917498 0.848386 0.834874 0.782009 0.735192 0.739965 0.763249 0.771707 0.797827 0.850486 0.908996 0.973 1.0066 1.07754 1.0162 0.960242 0.907351 0.882506 0.970607 0.989927 0.949087 0.90759 0.888081 0.845549 0.841544 0.850224 0.900818 0.925428 0.914501 0.927016 0.949048 1.00003 1.00599 1.04051 1.05679 1.07171 1.08188 1.05741 1.05401 1.04366 0.99982 0.967725 0.943811 0.920996 0.909824 0.896009 0.880504 0.873827 0.868288 0.86375 0.859488 0.856297 0.854939 0.852763 0.86008 0.875945 0.909628 0.924167 0.867717 0.808188 0.783246
-9999 -9999 -9999 -9999 -9999 -9999 -9999 -9999 1.1511 1.06109 0.966311 0.926593 0.919704 0.826222 0.76905 0.769272 0.780942 0.795095 0.8556 0.85507 0.870125 0.927467 1.00941 1.09893 1.09434 1.03979 0.96785 0.944845 1.06293 1.08657 1.06633 1.00694 0.953047 0.896761 0.880158 0.893009 0.973842 1.06074 1.01975 0.976885 0.978685 0.993639 1.0403 1.05688 1.07192 1.106 1.14436 1.12175 1.10542 1.05526 1.03174 0.996917 0.966533 0.969822 0.958101 0.92815 0.908467 0.90216 0.896473 0.890893 0.886265 0.882136 0.882086 0.881854 0.884593 0.934536 0.961833 0.987785 0.888746 0.844535 0.822384
-9999 -9999 -9999 -9999 -9999 -9999 -9999 -9999 1.20157 1.13773 1.04836 1.01302 0.955359 0.868092 0.825563 0.805721 0.807372 0.817316 0.845347 0.86337 0.89696 0.955659 1.03498 1.12282 1.18095 1.1556 1.05212 1.05657 1.14474 1.17737 1.13552 1.07371 0.982474 0.929393 0.920524 0.923371 0.939034 1.00236 1.07961 1.0795 1.04118 1.07475 1.11382 1.09423 1.09919 1.13183 1.15538 1.13631 1.12202 1.1021 1.08378 1.04486 0.989097 0.976528 0.972443 0.945383 0.938614 0.932432 0.925967 0.920315 0.914717 0.90931 0.907022 0.909338 0.939652 0.964276 1.00103 0.996448 0.885362 0.849467 0.824058
-9999 -9999 -9999 -9999 -9999 -9999 -9999 -9999 1.27321 1.19876 1.11639 1.03897 0.965424 0.902078 0.8987 0.865778 0.867275 0.850731 0.857508 0.883464 0.911462 0.961665 1.06194 1.14677 1.23912 1.21797 1.1112 1.15147 1.19584 1.27656 1.19417 1.10292 1.01989 0.974504 1.00875 0.971922 0.974 0.997298 1.04288 1.11428 1.11261 1.1663 1.16857 1.14087 1.13181 1.13625 1.15329 1.1591 1.13506 1.13009 1.12112 1.08556 1.04193 0.998906 0.987687 0.975337 0.969766 0.964117 0.957676 0.951391 0.94554 0.940322 0.936876 0.960279 0.988968 1.00231 1.0237 1.01615 0.923273 0.856083 0.839077
-9999 -9999 -9999 -9999 -9999 -9999 -9999 -9999 -9999 1.23121 1.14731 1.0859 1.07179 1.01675 0.987888 0.965669 0.961951 0.89415 0.891559 0.908061 0.9332 0.975557 1.05149 1.10516 1.19348 1.25786 1.24716 1.26763 1.24663 1.255 1.21963 1.13329 1.043 1.0337 1.09201 1.0834 1.07091 1.04307 1.05595 1.15276 1.20126 1.24122 1.21054 1.17836 1.16965 1.16702 1.17194 1.14813 1.16781 1.12333 1.08958 1.07925 1.04924 1.02601 1.01671 1.00837 1.00313 0.997309 0.991326 0.985754 0.979062 0.975626 0.977443 1.00305 1.078 1.06231 1.05926 1.07313 0.993482 0.907609 0.859912
-9999 -9999 -9999 -9999 -9999 -9999 -9999 -9999 -9999 1.28531 1.18891 1.1727 1.17906 1.21696 1.20462 1.08149 1.05798 0.992829 0.93076 0.935873 0.95977 0.998679 1.04382 1.11367 1.21243 1.29186 1.37711 1.2822 1.21066 1.19662 1.17344 1.12244 1.11466 1.17593 1.23298 1.20262 1.18398 1.11182 1.09753 1.10965 1.1664 1.23133 1.26389 1.21971 1.21174 1.20713 1.20493 1.19446 1.19247 1.13468 1.10621 1.08584 1.07367 1.05424 1.04705 1.04228 1.03688 1.03219 1.02701 1.02249 1.01713 1.02088 1.0263 1.07298 1.109 1.12589 1.15039 1.04891 1.00126 0.943497 0.879458
