Test_Spring_2018/02_18/Prec/20180202_014.txt
ncols	170
nrows	115
xllcorner	350000.000000
yllcorner	4445000.000000
cellsize	1000.000000
nodata_value	-9999.000000
[rows 32 to 63 of 115, columns 72 to 143 of 170]
1.30157 1.29291 1.29059 1.28771 1.26802 1.25412 1.25531 1.24848 1.23995 1.22901 1.22162 1.2146 1.20871 1.19803 1.17626 1.15649 1.16141 1.15811 1.14877 1.15598 1.14698 1.12894 1.10485 1.11253 1.10605 1.0587 1.04332 -9999 -9999 -9999 -9999 -9999 -9999 -9999 -9999 -9999 -9999 -9999 -9999 -9999 -9999 -9999 -9999 -9999 -9999 -9999 -9999 -9999 -9999 -9999 -9999 -9999 -9999 -9999 -9999 -9999 -9999 -9999 -9999 -9999 -9999 -9999 -9999 -9999 -9999 -9999 -9999 -9999 -9999 -9999 -9999 -9999
1.29277 1.286 1.28605 1.27969 1.26662 1.25226 1.25121 1.24539 1.23831 1.23027 1.22291 1.21583 1.2061 1.19452 1.17531 1.15336 1.14565 1.1511 1.1482 1.14636 1.13802 1.12836 1.11506 1.11996 1.1198 1.08391 1.05333 1.02697 -9999 -9999 -9999 -9999 -9999 -9999 -9999 -9999 -9999 -9999 -9999 -9999 -9999 -9999 -9999 -9999 -9999 -9999 -9999 -9999 -9999 -9999 -9999 -9999 -9999 -9999 -9999 -9999 -9999 -9999 -9999 -9999 -9999 -9999 -9999 -9999 -9999 -9999 -9999 -9999 -9999 -9999 -9999 -9999
1.28381 1.2726 1.27052 1.26726 1.25473 1.24657 1.24068 1.24141 1.23486 1.22868 1.22013 1.21258 1.2038 1.1925 1.17858 1.16294 1.13871 1.14818 1.15501 1.15166 1.14807 1.14054 1.12785 1.13282 1.13008 1.08502 1.0459 1.03399 1.02692 -9999 -9999 -9999 -9999 -9999 -9999 -9999 -9999 -9999 -9999 -9999 -9999 -9999 -9999 -9999 -9999 -9999 -9999 -9999 -9999 -9999 -9999 -9999 -9999 -9999 -9999 -9999 -9999 -9999 -9999 -9999 -9999 -9999 -9999 -9999 -9999 -9999 -9999 -9999 -9999 -9999 -9999 -9999
1.27481 1.26247 1.26056 1.25956 1.25443 1.24828 1.23914 1.23485 1.23086 1.22472 1.21607 1.20166 1.1956 1.19086 1.18041 1.16319 1.14626 1.1396 1.15189 1.15339 1.14969 1.15031 1.13933 1.14034 1.13585 1.11975 1.06893 1.04558 1.03704 1.02356 -9999 -9999 -9999 -9999 -9999 -9999 -9999 -9999 -9999 -9999 -9999 -9999 -9999 -9999 -9999 -9999 -9999 -9999 -9999 -9999 -9999 -9999 -9999 -9999 -9999 -9999 -9999 -9999 -9999 -9999 -9999 -9999 -9999 -9999 -9999 -9999 -9999 -9999 -9999 -9999 -9999 -9999
-9999 -9999 1.24884 1.24394 1.24529 1.24026 1.23392 1.2303 1.22682 1.22061 1.20871 1.20043 1.19539 1.18681 1.17542 1.1672 1.15546 1.14363 1.1443 1.15472 1.1464 1.1531 1.14977 1.14886 1.14001 1.10431 1.06527 1.04521 1.03742 1.02607 -9999 -9999 -9999 -9999 -9999 -9999 -9999 -9999 -9999 -9999 -9999 -9999 -9999 -9999 -9999 -9999 -9999 -9999 -9999 -9999 -9999 -9999 -9999 -9999 -9999 -9999 -9999 -9999 -9999 -9999 -9999 -9999 -9999 -9999 -9999 -9999 -9999 -9999 -9999 -9999 -9999 -9999
-9999 -9999 -9999 1.2396 1.23919 1.24122 1.22881 1.22396 1.22201 1.21583 1.20767 1.20054 1.19309 1.18534 1.17588 1.16629 1.15526 1.15184 1.15772 1.15554 1.15159 1.15076 1.15278 1.1493 1.1291 1.09764 1.0863 1.03823 1.02763 1.02543 1.0171 -9999 -9999 -9999 -9999 -9999 -9999 -9999 -9999 -9999 -9999 -9999 -9999 0.97324 -9999 -9999 -9999 -9999 -9999 -9999 -9999 -9999 -9999 -9999 -9999 -9999 -9999 -9999 -9999 -9999 -9999 -9999 -9999 -9999 0.747421 -9999 -9999 -9999 -9999 -9999 -9999 -9999
-9999 -9999 1.24745 1.24351 1.24084 1.23919 1.22836 1.21902 1.21744 1.21105 1.20334 1.19593 1.1867 1.18128 1.17431 1.16435 1.16021 1.16056 1.15971 1.15921 1.15824 1.15567 1.15199 1.14767 1.11954 1.10943 1.10176 1.06381 1.04572 1.0352 1.02073 1.00885 -9999 -9999 -9999 -9999 -9999 -9999 -9999 0.999904 0.993243 0.986568 0.981664 0.980802 0.968154 -9999 -9999 -9999 -9999 -9999 -9999 -9999 -9999 -9999 -9999 -9999 -9999 -9999 -9999 -9999 -9999 -9999 -9999 -9999 0.763941 0.746509 -9999 -9999 -9999 -9999 -9999 -9999
-9999 -9999 1.24372 1.24263 1.23817 1.23594 1.23123 1.21659 1.2112 1.20611 1.1995 1.19167 1.18339 1.17904 1.17092 1.16549 1.16129 1.16293 1.16194 1.15895 1.15564 1.15252 1.14628 1.14395 1.12166 1.11444 1.10403 1.09331 1.05409 1.03564 1.0176 1.00266 -9999 -9999 -9999 -9999 -9999 -9999 1.01125 1.01177 1.00915 0.994639 0.993521 0.991281 0.981748 0.951173 -9999 -9999 -9999 -9999 -9999 -9999 -9999 -9999 -9999 -9999 -9999 -9999 -9999 -9999 0.849122 0.832459 0.805452 0.787381 0.772956 0.755859 -9999 -9999 -9999 -9999 -9999 -9999
-9999 -9999 1.24064 1.24023 1.23708 1.23305 1.22532 1.21564 1.20707 1.20076 1.19399 1.18759 1.18179 1.17353 1.16827 1.15959 1.16297 1.16109 1.15838 1.15171 1.14828 1.1376 1.13212 1.1123 1.11824 1.11001 1.09517 1.07716 1.05024 1.02961 1.02152 1.00836 -9999 -9999 -9999 -9999 -9999 -9999 1.01798 1.01899 1.0181 1.01183 0.996509 0.998624 0.974657 0.959094 0.948205 0.94383 0.937632 0.922281 0.903527 0.899486 0.892057 0.890787 -9999 -9999 -9999 -9999 0.872802 0.867631 0.861493 0.850233 0.821122 0.798103 0.77616 0.755455 -9999 -9999 -9999 -9999 -9999 -9999
-9999 -9999 1.24401 1.24046 1.23422 1.22575 1.22048 1.20972 1.20148 1.20785 1.19988 1.19286 1.18676 1.18056 1.17373 1.17164 1.16974 1.16715 1.1563 1.14403 1.14968 1.12889 1.10237 1.10764 1.11267 1.10374 1.08634 1.06646 1.05285 1.03553 1.02542 1.02914 -9999 -9999 -9999 1.0293 1.03568 1.03332 1.03231 1.03643 1.03776 1.01936 1.01463 1.00068 0.979204 0.963271 0.947008 0.939661 0.941995 0.936647 0.910803 0.907186 0.900449 0.911563 0.910842 0.908986 0.905931 0.901615 0.89736 0.89284 0.886927 0.876834 0.835282 0.815426 0.798985 0.753118 -9999 -9999 -9999 -9999 -9999 -9999
-9999 -9999 1.25447 1.25043 1.24475 1.23804 1.22904 1.2224 1.21006 1.20194 1.19397 1.18327 1.17964 1.17419 1.16992 1.16639 1.16357 1.15433 1.1424 1.13085 1.12607 1.12143 1.11206 1.11024 1.11582 1.09548 1.10246 1.08441 1.07937 1.06875 1.03782 1.02166 -9999 -9999 1.01618 1.03151 1.04141 1.04495 1.04353 1.03962 1.04282 1.03761 1.03961 1.02638 0.997318 0.988727 0.951739 0.944615 0.954419 0.947077 0.941474 0.926754 0.922941 0.91896 0.917539 0.914988 0.912221 0.909062 0.904124 0.900324 0.89512 0.886553 0.865709 0.851033 0.828414 0.780909 -9999 -9999 -9999 -9999 -9999 -9999
-9999 -9999 1.26562 1.26252 1.25853 1.24956 1.24227 1.21753 1.20168 1.19641 1.18786 1.17755 1.16911 1.16685 1.16285 1.16019 1.15868 1.15054 1.14192 1.12873 1.12123 1.11009 1.10671 1.11081 1.11414 1.11173 1.10798 1.10657 1.08574 1.07025 1.0587 1.02892 1.01831 -9999 1.01889 1.02489 1.03745 1.04741 1.05225 1.04559 1.05013 1.04614 1.04205 1.03082 1.00635 1.00493 0.99488 0.983858 0.979902 0.954919 0.946257 0.941375 0.926913 0.923736 0.921342 0.919064 0.916806 0.914334 0.911139 0.907115 0.90187 0.894956 0.881565 0.861701 0.837868 0.788868 -9999 -9999 -9999 -9999 -9999 -9999
-9999 1.26327 1.26489 1.26434 1.25804 1.24964 1.23989 1.22883 1.21385 1.19209 1.18299 1.17335 1.16002 1.15494 1.15222 1.15364 1.15293 1.15304 1.14951 1.13385 1.12446 1.12931 1.12044 1.11144 1.11393 1.12248 1.1198 1.11011 1.09877 1.0811 1.05989 1.0468 1.01717 1.01704 1.02377 1.02836 1.0365 1.04956 1.0575 1.05875 1.05609 1.05243 1.04735 1.04431 1.02415 1.0129 0.999526 0.988456 0.977665 0.970691 0.960635 0.942203 0.938321 0.926324 0.924025 0.922078 0.920281 0.918319 0.915701 0.912051 0.907478 0.901674 0.890575 0.873042 0.842567 0.804081 -9999 -9999 -9999 -9999 -9999 -9999
-9999 -9999 1.26285 1.25817 1.24958 1.24007 1.23074 1.2209 1.20851 1.19584 1.18587 1.16838 1.15521 1.14329 1.14475 1.14495 1.14703 1.14846 1.1502 1.14167 1.13825 1.13632 1.12866 1.12948 1.13374 1.13311 1.12852 1.11133 1.09314 1.0693 1.04917 1.04293 1.02394 1.02032 1.02427 1.03702 1.04548 1.04768 1.04821 1.06051 1.05918 1.06096 1.0596 1.04765 1.03049 1.0167 1.00738 0.995923 0.984524 0.961832 0.959521 0.949914 0.948043 0.934279 0.926004 0.924186 0.922711 0.920976 0.918775 0.915676 0.911604 0.903715 0.896723 0.882693 0.845325 0.809597 -9999 -9999 -9999 -9999 -9999 -9999
-9999 -9999 -9999 -9999 1.24676 1.23775 1.22647 1.21519 1.2054 1.19348 1.18156 1.16972 1.15739 1.14182 1.13632 1.13564 1.1299 1.13944 1.14852 1.15324 1.15767 1.1494 1.14222 1.15091 1.14963 1.13886 1.12872 1.11729 1.09643 1.07633 1.05355 1.03485 1.0286 1.03747 1.04091 1.0539 1.05886 1.05361 1.05545 1.06235 1.06833 1.0688 1.06287 1.0509 1.03462 1.01854 1.01393 1.00296 0.98814 0.973566 0.960368 0.952976 0.944427 0.941639 0.936118 0.925605 0.924135 0.922675 0.920782 0.918118 0.913095 0.907598 0.900734 0.892419 0.854365 0.810513 -9999 -9999 -9999 -9999 -9999 -9999
-9999 -9999 -9999 -9999 1.24195 1.23176 1.22235 1.21766 1.20446 1.19186 1.17788 1.16635 1.15431 1.14122 1.13055 1.12367 1.11774 1.12427 1.1387 1.15007 1.1566 1.15055 1.15687 1.15709 1.1536 1.13988 1.12795 1.11901 1.0985 1.07667 1.05907 1.03706 1.03745 1.03928 1.04429 1.05612 1.06541 1.06881 1.06378 1.06709 1.07484 1.07164 1.06165 1.05609 1.03758 1.01925 1.01729 1.00805 0.993673 0.981567 0.966111 0.955757 0.947611 0.940824 0.934997 0.929712 0.924749 0.92337 0.921773 0.918984 0.915177 0.910184 0.903729 0.89587 0.868297 0.813867 -9999 -9999 -9999 -9999 -9999 -9999
-9999 -9999 -9999 -9999 -9999 1.22667 1.22196 1.22023 1.20496 1.18973 1.17816 1.16563 1.15245 1.14229 1.13073 1.11984 1.1031 1.11047 1.12439 1.14353 1.15678 1.16184 1.15852 1.15451 1.13929 1.12438 1.12032 1.11401 1.09741 1.07836 1.05913 1.0594 1.0607 1.06356 1.0635 1.05915 1.06654 1.07287 1.06872 1.07351 1.0787 1.07273 1.06683 1.05976 1.04102 1.03121 1.02081 1.01404 0.997968 0.987143 0.972117 0.959746 0.949765 0.941456 0.935045 0.929446 0.925651 0.923719 0.921974 0.919747 0.916352 0.911716 0.905734 0.898336 0.888088 0.849289 0.826556 -9999 -9999 -9999 -9999 -9999
-9999 -9999 -9999 -9999 -9999 1.22114 1.21227 1.21301 1.19932 1.19112 1.18046 1.16783 1.15284 1.144 1.12791 1.12274 1.10794 1.10242 1.11338 1.11694 1.14169 1.16409 1.16113 1.13121 1.12058 1.11158 1.11142 1.10739 1.09874 1.07241 1.06063 1.06883 1.07164 1.07311 1.074 1.07218 1.07012 1.08158 1.0806 1.08343 1.08117 1.07919 1.06978 1.06113 1.04966 1.03675 1.02554 1.01905 1.00133 0.992879 0.97707 0.963071 0.951408 0.944355 0.936706 0.93085 0.926625 0.924506 0.923743 0.919741 0.916846 0.912668 0.907074 0.900308 0.892046 0.869269 0.84827 0.832899 0.82428 -9999 -9999 -9999
-9999 -9999 -9999 -9999 -9999 -9999 1.20194 1.20901 1.20064 1.19111 1.18431 1.17259 1.16161 1.14902 1.13361 1.12272 1.1095 1.09705 1.08938 1.12124 1.15019 1.1681 1.16676 1.14231 1.13276 1.13172 1.13571 1.12629 1.11666 1.0944 1.08334 1.07054 1.06684 1.07061 1.07591 1.08035 1.08438 1.08464 1.08971 1.08569 1.08473 1.08349 1.07969 1.07456 1.05441 1.04949 1.03596 1.02629 1.01278 0.998764 0.982679 0.966705 0.957186 0.948813 0.940749 0.933643 0.929442 0.927161 0.926299 0.926301 0.917062 0.913275 0.908283 0.901909 0.894326 0.873706 0.861393 0.844019 0.824542 0.803205 -9999 -9999
-9999 -9999 -9999 -9999 -9999 -9999 1.19654 1.20415 1.19689 1.19592 1.18485 1.18319 1.17213 1.16055 1.14762 1.13397 1.1253 1.11058 1.09723 1.12383 1.15356 1.17247 1.17815 1.15244 1.15991 1.15417 1.1539 1.14046 1.13105 1.11886 1.10498 1.09023 1.07438 1.06709 1.08074 1.0867 1.09253 1.09588 1.09899 1.10189 1.09682 1.08658 1.07529 1.07766 1.06282 1.05384 1.04336 1.03201 1.01934 1.00587 0.990494 0.97768 0.96371 0.953946 0.945218 0.938869 0.934451 0.931783 0.930559 0.930366 0.930575 0.920933 0.909591 0.903704 0.896575 0.876017 0.865212 0.853573 0.840446 0.816107 0.797178 0.777822
-9999 -9999 -9999 -9999 -9999 -9999 1.17343 1.19142 1.19377 1.19386 1.20188 1.1929 1.18383 1.17147 1.16294 1.15246 1.14524 1.13628 1.12327 1.11844 1.13533 1.17079 1.18474 1.18026 1.1805 1.17387 1.16617 1.16157 1.15663 1.14151 1.12477 1.10567 1.09985 1.08895 1.09775 1.09573 1.09242 1.10752 1.10824 1.10885 1.10456 1.09004 1.09065 1.07087 1.05943 1.04663 1.042 1.03551 1.02552 1.01322 0.998314 0.983759 0.971989 0.961475 0.953051 0.946344 0.94151 0.938458 0.936843 0.936121 0.935941 0.935799 0.92082 0.916995 0.89926 0.878551 0.868353 0.857313 0.845906 0.832652 0.818612 0.795597
-9999 -9999 -9999 -9999 -9999 -9999 1.17686 1.18737 1.19716 1.21012 1.21077 1.20272 1.19754 1.18925 1.18077 1.17127 1.16253 1.15509 1.14385 1.13773 1.15726 1.1703 1.18892 1.18931 1.18758 1.18645 1.18279 1.1784 1.17161 1.16175 1.14845 1.13644 1.12296 1.10721 1.11779 1.11562 1.11071 1.11775 1.11762 1.10662 1.09862 1.09836 1.09273 1.08529 1.06964 1.04469 1.03982 1.0401 1.02501 1.01376 1.0044 0.993147 0.980879 0.971176 0.962698 0.955851 0.95066 0.947193 0.945106 0.943805 0.94307 0.942298 0.940783 0.920652 0.915629 0.894556 0.871791 0.861387 0.850479 0.839028 0.834233 0.816384
-9999 -9999 -9999 -9999 -9999 -9999 1.18863 1.18965 1.19816 1.21954 1.22215 1.21758 1.2129 1.20603 1.19723 1.19125 1.18547 1.17857 1.17597 1.16999 1.16058 1.18916 1.18678 1.18737 1.19129 1.19733 1.19482 1.18785 1.17387 1.17142 1.17112 1.15544 1.14583 1.1348 1.13852 1.13462 1.13182 1.1301 1.11974 1.10609 1.09548 1.10398 1.10181 1.09095 1.06391 1.06775 1.06726 1.06005 1.02839 1.01337 1.01225 1.00019 0.990861 0.98202 0.974139 0.967079 0.96179 0.957779 0.955055 0.953228 0.951785 0.95034 0.948331 0.94538 0.92044 0.898603 0.88982 0.88985 0.878898 0.852705 0.841376 0.822832
-9999 -9999 -9999 -9999 -9999 -9999 -9999 1.19301 1.22206 1.23387 1.23615 1.23464 1.23038 1.22389 1.21727 1.21235 1.20836 1.20332 1.1981 1.18924 1.18403 1.19389 1.18924 1.18244 1.18762 1.20056 1.20301 1.19269 1.16926 1.18108 1.18572 1.17897 1.17159 1.16461 1.15648 1.15145 1.14614 1.13752 1.11528 1.11272 1.10448 1.10537 1.1002 1.09335 1.07276 1.07629 1.07283 1.06535 1.0461 1.03653 1.03051 1.02315 1.01134 1.00364 0.986935 0.980024 0.974426 0.969973 0.966733 0.964252 0.962114 0.970119 0.968094 0.965224 0.93776 0.914097 0.904814 0.894716 0.88318 0.87337 0.862048 0.83228
-9999 -9999 -9999 -9999 -9999 -9999 -9999 1.21634 1.23204 1.24899 1.24847 1.2486 1.24864 1.24294 1.2355 1.22991 1.22591 1.22297 1.21523 1.2086 1.20278 1.2028 1.20713 1.18177 1.18958 1.2066 1.2079 1.20307 1.18753 1.17665 1.18562 1.19197 1.18709 1.18054 1.16137 1.1606 1.14999 1.13756 1.13357 1.12836 1.11814 1.1221 1.11354 1.11419 1.07994 1.07946 1.07486 1.07294 1.05557 1.04557 1.03905 1.0335 1.0232 1.01897 1.01217 1.00512 0.998981 0.994085 0.990241 0.987305 0.984706 0.982132 0.979167 0.975297 0.970007 0.936925 0.899083 0.88978 0.882536 0.874577 0.860675 0.838962
-9999 -9999 -9999 -9999 -9999 -9999 -9999 1.23394 1.24315 1.2583 1.26768 1.26153 1.26352 1.26259 1.25517 1.24871 1.24352 1.24184 1.23247 1.22277 1.21561 1.20673 1.21027 1.21924 1.20336 1.2139 1.2139 1.20844 1.20194 1.20191 1.20692 1.20699 1.20336 1.19723 1.1897 1.1842 1.17555 1.17089 1.16134 1.14768 1.14161 1.14329 1.12806 1.1261 1.12701 1.08447 1.08603 1.08212 1.06311 1.05524 1.05437 1.04901 1.04335 1.0361 1.02847 1.02221 1.01584 1.01056 1.00613 1.00229 0.998818 0.995166 0.991209 0.985655 0.978675 0.962532 0.903074 0.894689 0.889329 0.882937 0.854503 0.846005
-9999 -9999 -9999 -9999 -9999 -9999 -9999 1.25234 1.26086 1.274 1.27951 1.27543 1.27914 1.28272 1.27818 1.27157 1.26891 1.26423 1.25574 1.24689 1.23743 1.23348 1.22255 1.23485 1.21373 1.22242 1.22508 1.22166 1.21463 1.21761 1.22012 1.21833 1.22062 1.2162 1.20999 1.19691 1.18927 1.18878 1.18471 1.17935 1.16892 1.1664 1.15824 1.15257 1.14613 1.10027 1.09793 1.09076 1.07528 1.0775 1.07288 1.06667 1.06043 1.05251 1.04571 1.04004 1.03368 1.02802 1.02295 1.01839 1.0139 1.00902 1.00389 0.996348 0.986321 0.971985 0.901985 0.901212 0.900263 0.877433 0.86171 0.852953
-9999 -9999 -9999 -9999 -9999 -9999 -9999 1.26573 1.27615 1.28736 1.28878 1.28463 1.2966 1.30276 1.29947 1.29507 1.29117 1.2798 1.28015 1.27824 1.26904 1.25549 1.24043 1.24194 1.23523 1.23116 1.23368 1.226 1.21884 1.21895 1.22562 1.23099 1.23669 1.23535 1.22897 1.21076 1.19193 1.19655 1.20187 1.19936 1.19449 1.18368 1.17783 1.17161 1.16115 1.12714 1.10587 1.10127 1.09724 1.09198 1.08852 1.08421 1.07399 1.0668 1.06337 1.05868 1.05221 1.04622 1.04072 1.03535 1.02999 1.02372 1.01705 1.0092 0.992036 0.978021 0.936838 0.909685 0.905892 0.874591 0.870025 0.861303
-9999 -9999 -9999 -9999 -9999 -9999 -9999 1.27701 1.28377 1.29512 1.29688 1.30292 1.31468 1.3189 1.31963 1.31715 1.31382 1.30786 1.30421 1.29817 1.28788 1.274 1.25855 1.24826 1.2527 1.23687 1.24485 1.23336 1.22525 1.2301 1.23817 1.25126 1.25734 1.25541 1.25144 1.24528 1.23072 1.2138 1.21087 1.2148 1.20566 1.19524 1.19495 1.18971 1.17887 1.16902 1.12417 1.10767 1.10961 1.10386 1.10172 1.10266 1.09598 1.08804 1.08456 1.0778 1.07131 1.06518 1.05912 1.05311 1.04696 1.03994 1.03161 1.01762 1.00391 0.98724 0.977242 0.923535 0.900004 0.886124 0.878495 0.869219
-9999 -9999 -9999 -9999 -9999 -9999 -9999 1.28475 1.29439 1.30553 1.31593 1.32582 1.33414 1.33198 1.33547 1.33314 1.33442 1.33188 1.32621 1.32045 1.31092 1.29254 1.27701 1.26015 1.26364 1.26249 1.25632 1.24706 1.23102 1.24404 1.25841 1.27107 1.27674 1.26791 1.27169 1.26833 1.26101 1.24952 1.23319 1.22975 1.21605 1.21124 1.21141 1.2078 1.20132 1.19216 1.15945 1.12577 1.1262 1.11913 1.11692 1.11631 1.11578 1.10975 1.10413 1.09747 1.09094 1.08458 1.07813 1.0714 1.06422 1.05626 1.0429 1.02795 1.01506 1.00006 0.989647 0.965048 0.910945 0.895774 0.887469 0.87802
-9999 -9999 -9999 -9999 -9999 -9999 -9999 -9999 1.31009 1.32251 1.33104 1.3312 1.33885 1.3419 1.34386 1.3426 1.35296 1.35172 1.34719 1.34127 1.33244 1.31777 1.3073 1.29079 1.27877 1.26657 1.25828 1.26132 1.25905 1.26457 1.27912 1.29417 1.29439 1.28212 1.2815 1.28114 1.28308 1.27721 1.25575 1.24249 1.23028 1.23033 1.23025 1.22559 1.21957 1.21199 1.16895 1.15023 1.14958 1.14725 1.14098 1.13854 1.13514 1.12941 1.12363 1.11728 1.11092 1.10434 1.09732 1.09001 1.08155 1.07148 1.05645 1.03183 1.02284 1.01097 0.995562 0.973083 0.910071 0.904701 0.896793 0.886906
-9999 -9999 -9999 -9999 -9999 -9999 -9999 -9999 1.32156 1.3372 1.33859 1.336 1.32774 1.32844 1.34892 1.35133 1.36108 1.37018 1.36715 1.36081 1.35192 1.34215 1.32826 1.30957 1.29476 1.2956 1.28949 1.29132 1.29393 1.29829 1.30763 1.30901 1.29765 1.28656 1.29057 1.29175 1.30174 1.3005 1.29369 1.27809 1.26035 1.24788 1.2488 1.24293 1.23633 1.22932 1.20573 1.18351 1.16989 1.16683 1.16283 1.15781 1.15443 1.14905 1.14326 1.13741 1.13108 1.1243 1.11673 1.10852 1.09781 1.08592 1.06574 1.04668 1.03035 1.01208 1.01606 0.985437 0.951654 0.913951 0.905441 0.894988
