Test_Spring_2018/02_18/Prec/20180207_007.txt
ncols	170
nrows	115
xllcorner	350000.000000
yllcorner	4445000.000000
cellsize	1000.000000
nodata_value	-9999.000000
[rows 31 to 61 of 115, columns 70 to 139 of 170]
0 0 0 0 0 0 0 0 0 0 0 0 0 0 0.100739 0.105648 0.122119 0.117641 0.116252 0.121728 0.119998 0.116813 0.121938 0.134639 0.141029 0.150399 0.149622 0.153222 0.160863 -9999 -9999 -9999 -9999 -9999 -9999 -9999 -9999 -9999 -9999 -9999 -9999 -9999 -9999 -9999 -9999 -9999 -9999 -9999 -9999 -9999 -9999 -9999 -9999 -9999 -9999 -9999 -9999 -9999 -9999 -9999 -9999 -9999 -9999 -9999 -9999 -9999 -9999 -9999 -9999 -9999
0 0 0 0 0 0 0 0 0 0 0 0.102867 0.104048 0.105243 0.105967 0.110184 0.122085 0.132958 0.127672 0.128114 0.132795 0.126637 0.1314 0.142264 0.157204 0.150984 0.15417 0.164991 0.168266 -9999 -9999 -9999 -9999 -9999 -9999 -9999 -9999 -9999 -9999 -9999 -9999 -9999 -9999 -9999 -9999 -9999 -9999 -9999 -9999 -9999 -9999 -9999 -9999 -9999 -9999 -9999 -9999 -9999 -9999 -9999 -9999 -9999 -9999 -9999 -9999 -9999 -9999 -9999 -9999 -9999
0 0 0 0 0 0 0 0.101937 0.102593 0.102585 0.103548 0.105319 0.106834 0.10838 0.111924 0.116939 0.127263 0.139647 0.142755 0.13729 0.137556 0.137251 0.141388 0.146477 0.154041 0.149507 0.148344 0.155323 0.164402 0.174281 -9999 -9999 -9999 -9999 -9999 -9999 -9999 -9999 -9999 -9999 -9999 -9999 -9999 -9999 -9999 -9999 -9999 -9999 -9999 -9999 -9999 -9999 -9999 -9999 -9999 -9999 -9999 -9999 -9999 -9999 -9999 -9999 -9999 -9999 -9999 -9999 -9999 -9999 -9999 -9999
0.104244 0 0.101564 0.10608 0.104354 0.103289 0.105952 0.111375 0.111662 0.107631 0.108589 0.109454 0.112074 0.114215 0.117367 0.122381 0.129313 0.137561 0.151676 0.143487 0.137172 0.137737 0.138551 0.142056 0.149054 0.144333 0.144784 0.152574 0.166982 0.17286 0.175491 -9999 -9999 -9999 -9999 -9999 -9999 -9999 -9999 -9999 -9999 -9999 -9999 -9999 -9999 -9999 -9999 -9999 -9999 -9999 -9999 -9999 -9999 -9999 -9999 -9999 -9999 -9999 -9999 -9999 -9999 -9999 -9999 -9999 -9999 -9999 -9999 -9999 -9999 -9999
-9999 0.106359 0.108259 0.11368 0.112023 0.10966 0.110394 0.112368 0.114663 0.114265 0.113812 0.114938 0.117908 0.12487 0.126429 0.127257 0.132009 0.141384 0.150657 0.153174 0.14315 0.140376 0.141131 0.139075 0.144798 0.142603 0.144121 0.146739 0.159304 0.16865 0.17231 0.17925 -9999 -9999 -9999 -9999 -9999 -9999 -9999 -9999 -9999 -9999 -9999 -9999 -9999 -9999 -9999 -9999 -9999 -9999 -9999 -9999 -9999 -9999 -9999 -9999 -9999 -9999 -9999 -9999 -9999 -9999 -9999 -9999 -9999 -9999 -9999 -9999 -9999 -9999
-9999 -9999 -9999 -9999 0.121019 0.121623 0.122196 0.11929 0.120024 0.119422 0.118869 0.120301 0.125674 0.128787 0.129876 0.133426 0.138932 0.142394 0.148244 0.154187 0.151848 0.143047 0.146772 0.140543 0.141061 0.140043 0.144391 0.155847 0.16524 0.172595 0.175847 0.181513 -9999 -9999 -9999 -9999 -9999 -9999 -9999 -9999 -9999 -9999 -9999 -9999 -9999 -9999 -9999 -9999 -9999 -9999 -9999 -9999 -9999 -9999 -9999 -9999 -9999 -9999 -9999 -9999 -9999 -9999 -9999 -9999 -9999 -9999 -9999 -9999 -9999 -9999
-9999 -9999 -9999 -9999 -9999 0.125838 0.127533 0.123255 0.125195 0.125605 0.124246 0.125868 0.128975 0.131531 0.134413 0.137573 0.141924 0.146381 0.151797 0.152141 0.14628 0.145799 0.146521 0.145216 0.142074 0.142679 0.147906 0.163306 0.169202 0.181063 0.186319 0.186085 0.189969 -9999 -9999 -9999 -9999 -9999 -9999 -9999 -9999 -9999 -9999 -9999 -9999 0.165635 -9999 -9999 -9999 -9999 -9999 -9999 -9999 -9999 -9999 -9999 -9999 -9999 -9999 -9999 -9999 -9999 -9999 -9999 -9999 -9999 0.171045 -9999 -9999 -9999
-9999 -9999 -9999 -9999 0.12461 0.12876 0.127651 0.12592 0.127397 0.130694 0.129255 0.131205 0.134199 0.137134 0.141377 0.143141 0.145957 0.150746 0.151621 0.149463 0.148056 0.146396 0.145056 0.144817 0.145382 0.14647 0.153468 0.158344 0.161769 0.171238 0.178307 0.183851 0.19213 0.198686 -9999 -9999 -9999 -9999 -9999 -9999 -9999 0.180468 0.178992 0.176862 0.172969 0.165907 0.166343 -9999 -9999 -9999 -9999 -9999 -9999 -9999 -9999 -9999 -9999 -9999 -9999 -9999 -9999 -9999 -9999 -9999 -9999 -9999 0.167108 0.174394 -9999 -9999
-9999 -9999 -9999 -9999 0.132603 0.130445 0.130567 0.129284 0.129779 0.133925 0.135169 0.136407 0.138838 0.142224 0.145997 0.147202 0.150901 0.152767 0.153731 0.150721 0.149387 0.149341 0.149483 0.149533 0.151729 0.151424 0.154843 0.157729 0.162968 0.168631 0.176757 0.187879 0.198892 0.20789 -9999 -9999 -9999 -9999 -9999 -9999 0.185061 0.179389 0.174987 0.177744 0.170932 0.164346 0.162246 0.16956 -9999 -9999 -9999 -9999 -9999 -9999 -9999 -9999 -9999 -9999 -9999 -9999 -9999 -9999 0.134587 0.141427 0.154992 0.162513 0.167608 0.174587 -9999 -9999
-9999 -9999 -9999 -9999 0.135725 0.1331 0.132349 0.132283 0.134828 0.138801 0.139458 0.141642 0.144329 0.146911 0.149188 0.153133 0.155048 0.159164 0.155132 0.154488 0.154286 0.156645 0.156818 0.16183 0.163444 0.16588 0.1597 0.163209 0.171389 0.181969 0.196598 0.196163 0.200959 0.209235 -9999 -9999 -9999 -9999 -9999 -9999 0.187859 0.181709 0.175879 0.172758 0.174927 0.164902 0.167876 0.168703 0.166503 0.160255 0.155692 0.152048 0.144873 0.141548 0.141326 0.137737 -9999 -9999 -9999 -9999 0.132446 0.132246 0.132398 0.135678 0.150618 0.161364 0.171373 0.174712 -9999 -9999
-9999 -9999 -9999 -9999 0.134513 0.133935 0.135213 0.138093 0.139007 0.143774 0.144507 0.154788 0.157376 0.159492 0.161201 0.163216 0.165888 0.165643 0.165465 0.165922 0.171985 0.179061 0.174203 0.16972 0.183005 0.171428 0.16576 0.16969 0.179586 0.191476 0.197587 0.196354 0.202938 0.218551 -9999 -9999 -9999 0.212501 0.205844 0.204368 0.201254 0.193904 0.187556 0.174276 0.168859 0.169725 0.16972 0.170097 0.170804 0.165913 0.155119 0.150152 0.143077 0.139442 0.138863 0.142066 0.138178 0.135648 0.134374 0.134241 0.13421 0.134361 0.135337 0.138924 0.146592 0.155179 0.161439 0.175387 -9999 -9999
-9999 -9999 -9999 -9999 0.145587 0.145698 0.146598 0.149277 0.152484 0.153943 0.159653 0.159213 0.161577 0.165948 0.165856 0.167267 0.168215 0.168979 0.169562 0.174651 0.18169 0.188566 0.190937 0.191927 0.197145 0.190805 0.185135 0.177253 0.192168 0.202709 0.204533 0.209264 0.217427 0.227181 -9999 -9999 0.227464 0.215617 0.206866 0.201693 0.199028 0.197133 0.189548 0.186592 0.177898 0.180144 0.185188 0.180831 0.170792 0.165055 0.165555 0.161229 0.152318 0.144553 0.140969 0.138404 0.134969 0.133004 0.131747 0.131139 0.131922 0.131987 0.132887 0.135832 0.146706 0.153217 0.161284 0.181899 -9999 -9999
-9999 -9999 -9999 -9999 0.154404 0.154981 0.155386 0.158363 0.159528 0.157688 0.165417 0.165366 0.165568 0.169409 0.172293 0.171432 0.172143 0.17238 0.172245 0.176834 0.181982 0.190286 0.19481 0.200623 0.202119 0.209869 0.20694 0.207287 0.207964 0.206554 0.202127 0.210096 0.216129 0.225525 0.231726 -9999 0.229366 0.223972 0.213717 0.204513 0.197894 0.197981 0.189574 0.185776 0.18275 0.181579 0.183284 0.187183 0.183703 0.180334 0.171927 0.156666 0.149375 0.144398 0.138912 0.135594 0.132716 0.130613 0.129189 0.128412 0.128414 0.129066 0.130456 0.132751 0.139073 0.146589 0.159017 0.180984 -9999 -9999
-9999 -9999 -9999 0.158607 0.155807 0.154886 0.15688 0.15935 0.161874 0.164537 0.170095 0.167964 0.170155 0.171566 0.177431 0.178251 0.178024 0.175585 0.17507 0.174441 0.176535 0.186875 0.192222 0.202743 0.210315 0.211072 0.208978 0.202148 0.202073 0.205999 0.210437 0.218509 0.216756 0.223613 0.23521 0.234492 0.229091 0.224837 0.217761 0.20676 0.198331 0.193361 0.189891 0.187563 0.183383 0.18755 0.187496 0.185156 0.183348 0.179308 0.174602 0.167139 0.159019 0.143079 0.137833 0.133549 0.13044 0.128091 0.126485 0.125631 0.125631 0.126499 0.127954 0.130028 0.13322 0.142122 0.161524 0.177405 -9999 -9999
-9999 -9999 -9999 -9999 0.158276 0.160327 0.1639 0.166987 0.168925 0.170327 0.17352 0.175493 0.17568 0.175176 0.179575 0.184723 0.181607 0.180001 0.177791 0.176552 0.175504 0.189383 0.194413 0.198397 0.205803 0.200733 0.197759 0.197171 0.198328 0.207042 0.215704 0.227464 0.236479 0.236199 0.237761 0.234426 0.230939 0.221386 0.214303 0.210785 0.207573 0.19552 0.192676 0.192427 0.187693 0.188657 0.186686 0.185765 0.180805 0.176386 0.171278 0.173333 0.159166 0.153138 0.142907 0.131892 0.128162 0.125631 0.123873 0.123086 0.123166 0.124135 0.125792 0.128399 0.132562 0.139947 0.16244 0.176964 -9999 -9999
-9999 -9999 -9999 -9999 -9999 -9999 0.167487 0.170128 0.173096 0.175019 0.175891 0.17671 0.177507 0.17868 0.181033 0.184523 0.185915 0.184911 0.188052 0.184808 0.180887 0.18087 0.181391 0.190299 0.193022 0.188348 0.189365 0.195655 0.200463 0.205133 0.215205 0.22403 0.234243 0.241686 0.241094 0.230999 0.221264 0.211602 0.207001 0.208676 0.20488 0.200698 0.193859 0.189605 0.188311 0.189552 0.187163 0.187628 0.17921 0.17395 0.170425 0.166227 0.158481 0.149979 0.143221 0.134071 0.128606 0.123476 0.121706 0.12089 0.121071 0.122185 0.124808 0.127786 0.131365 0.135462 0.158847 0.179248 -9999 -9999
-9999 -9999 -9999 -9999 -9999 -9999 0.172853 0.176196 0.17768 0.174854 0.177505 0.1782 0.17977 0.180162 0.181837 0.185555 0.188892 0.192008 0.196241 0.193485 0.18673 0.182883 0.182662 0.190727 0.185117 0.186499 0.189264 0.197639 0.203591 0.206394 0.215886 0.225435 0.231642 0.240708 0.235152 0.229301 0.222258 0.210857 0.203438 0.200087 0.202359 0.198543 0.191029 0.189749 0.191625 0.188967 0.188302 0.190284 0.179943 0.173196 0.168867 0.162361 0.155438 0.148057 0.140178 0.132909 0.127004 0.123112 0.120304 0.119508 0.119721 0.121208 0.123649 0.12683 0.130689 0.135001 0.151849 0.179699 -9999 -9999
-9999 -9999 -9999 -9999 -9999 -9999 -9999 0.182275 0.18047 0.175397 0.179115 0.181116 0.18061 0.181222 0.183263 0.184744 0.188918 0.19459 0.205859 0.202819 0.196798 0.188261 0.184087 0.185279 0.186508 0.191055 0.201859 0.211118 0.211784 0.212651 0.219225 0.226568 0.233355 0.227044 0.220379 0.213408 0.209415 0.209498 0.202966 0.197684 0.199499 0.195106 0.189795 0.190882 0.190553 0.189355 0.189121 0.185619 0.180935 0.172423 0.16895 0.161177 0.153515 0.146852 0.139545 0.132668 0.126619 0.122542 0.120009 0.118971 0.119388 0.120813 0.123366 0.12677 0.130803 0.135281 0.141003 0.158733 0.170405 -9999
-9999 -9999 -9999 -9999 -9999 -9999 -9999 0.189393 0.19029 0.183428 0.185978 0.183036 0.181639 0.182033 0.185026 0.187159 0.193287 0.194937 0.205692 0.210079 0.206308 0.20847 0.196993 0.186983 0.188111 0.210149 0.218054 0.223444 0.221474 0.220673 0.221719 0.233658 0.235071 0.223051 0.214944 0.20851 0.203577 0.202371 0.201865 0.19412 0.192318 0.189561 0.189651 0.188579 0.1911 0.191455 0.18666 0.185559 0.18164 0.173056 0.170678 0.1612 0.153896 0.147978 0.141402 0.133287 0.127685 0.123466 0.120969 0.119965 0.120637 0.121711 0.124194 0.127634 0.131788 0.136225 0.140967 0.148156 0.158843 0.16522
-9999 -9999 -9999 -9999 -9999 -9999 -9999 -9999 0.201503 0.19043 0.18956 0.187425 0.183377 0.183064 0.187467 0.189015 0.194798 0.200246 0.209951 0.221601 0.226383 0.209851 0.195733 0.188877 0.188741 0.207258 0.214517 0.214631 0.209861 0.212562 0.214109 0.223242 0.223897 0.225548 0.221461 0.214053 0.207389 0.200469 0.195773 0.195411 0.193282 0.189775 0.189335 0.188195 0.187457 0.185964 0.187195 0.181225 0.179255 0.173116 0.168191 0.162602 0.155639 0.151006 0.142903 0.135513 0.129996 0.126292 0.123656 0.122577 0.123172 0.125356 0.126206 0.129576 0.133564 0.13799 0.142516 0.148205 0.153245 0.16101
-9999 -9999 -9999 -9999 -9999 -9999 -9999 -9999 0.210524 0.199222 0.197978 0.190269 0.188919 0.189703 0.188623 0.189659 0.193875 0.201159 0.207754 0.220771 0.234779 0.216018 0.1996 0.192033 0.192647 0.206076 0.20199 0.205219 0.203276 0.208618 0.209968 0.212485 0.214885 0.217671 0.223172 0.22527 0.210293 0.202225 0.196162 0.193561 0.192559 0.192554 0.190285 0.189484 0.194131 0.18811 0.185948 0.183217 0.179747 0.175244 0.170244 0.164742 0.157786 0.151318 0.146364 0.139164 0.134697 0.130594 0.127923 0.126857 0.1274 0.12939 0.132632 0.132613 0.136208 0.140411 0.144742 0.150111 0.154231 0.158205
-9999 -9999 -9999 -9999 -9999 -9999 -9999 -9999 0.232516 0.214552 0.207809 0.199457 0.196734 0.193662 0.191684 0.193558 0.195017 0.200217 0.205704 0.214594 0.22798 0.237113 0.222379 0.204249 0.195751 0.194308 0.194954 0.198731 0.201723 0.201212 0.19963 0.204379 0.212103 0.217084 0.219261 0.219311 0.207577 0.204734 0.204575 0.193878 0.194147 0.195329 0.199962 0.200154 0.198686 0.197899 0.193493 0.193862 0.187101 0.180008 0.17389 0.168282 0.161783 0.156527 0.150328 0.145093 0.140105 0.136256 0.133721 0.132622 0.133007 0.134831 0.137752 0.141434 0.140126 0.144245 0.147493 0.152466 0.156196 0.15976
-9999 -9999 -9999 -9999 -9999 -9999 -9999 -9999 0.239073 0.22871 0.214852 0.211984 0.202841 0.199828 0.195855 0.195458 0.197139 0.201713 0.208024 0.215516 0.227181 0.236531 0.229268 0.214357 0.20648 0.200908 0.198149 0.198197 0.198511 0.203426 0.202706 0.204006 0.205503 0.213295 0.214553 0.218072 0.205265 0.202491 0.203213 0.197568 0.197968 0.206405 0.213031 0.214051 0.204275 0.206687 0.205179 0.202156 0.196191 0.185302 0.184622 0.178631 0.168949 0.162288 0.156869 0.151384 0.146749 0.143109 0.140711 0.13957 0.139756 0.141299 0.143819 0.147101 0.150989 0.148047 0.151914 0.156707 0.158619 0.161695
-9999 -9999 -9999 -9999 -9999 -9999 -9999 -9999 0.247742 0.237641 0.225107 0.2188 0.209195 0.204665 0.201056 0.200238 0.202436 0.204703 0.208831 0.215515 0.220791 0.229292 0.240506 0.226282 0.218973 0.212024 0.217045 0.212429 0.211839 0.212606 0.213033 0.208276 0.209931 0.21295 0.212086 0.212825 0.204792 0.203187 0.202331 0.202166 0.208888 0.21851 0.226287 0.220938 0.221742 0.211658 0.217194 0.21146 0.20304 0.197267 0.193283 0.190725 0.176806 0.170469 0.164334 0.158888 0.154278 0.150969 0.148566 0.147457 0.147496 0.148623 0.150711 0.15347 0.156714 0.160176 0.155728 0.159927 0.163025 0.167996
-9999 -9999 -9999 -9999 -9999 -9999 -9999 -9999 -9999 0.255011 0.246082 0.230888 0.221825 0.215593 0.212004 0.211174 0.212063 0.213651 0.21649 0.221729 0.228488 0.238611 0.246732 0.244712 0.237579 0.233757 0.230993 0.221648 0.217811 0.221038 0.234573 0.229435 0.219315 0.216469 0.214201 0.212266 0.208261 0.20748 0.208141 0.212204 0.226315 0.231937 0.23777 0.23718 0.239759 0.22519 0.225157 0.216328 0.21045 0.205622 0.207232 0.201049 0.188802 0.180745 0.176096 0.169665 0.162619 0.159446 0.157203 0.156056 0.15584 0.15658 0.158151 0.161815 0.164609 0.167594 0.161792 0.165425 0.168591 0.171274
-9999 -9999 -9999 -9999 -9999 -9999 -9999 -9999 -9999 0.271623 0.255391 0.237772 0.231614 0.225268 0.219667 0.218942 0.220745 0.222842 0.225445 0.228769 0.236455 0.244195 0.251759 0.255347 0.255557 0.247586 0.242743 0.230554 0.22756 0.227398 0.246062 0.247652 0.235373 0.224536 0.221272 0.219596 0.227121 0.223422 0.227417 0.233699 0.235247 0.23816 0.244551 0.241182 0.245389 0.24232 0.232339 0.22643 0.221789 0.213967 0.215225 0.211086 0.199183 0.190972 0.186304 0.1784 0.173388 0.170045 0.167789 0.166455 0.166066 0.166467 0.167665 0.169423 0.171554 0.173959 0.176605 0.170617 0.180203 0.181994
-9999 -9999 -9999 -9999 -9999 -9999 -9999 -9999 -9999 0.276258 0.265221 0.249783 0.238043 0.236856 0.23079 0.227523 0.229679 0.232433 0.235591 0.237575 0.245616 0.254527 0.262045 0.270644 0.270567 0.266167 0.248158 0.240171 0.238136 0.238679 0.252647 0.247665 0.238765 0.232875 0.229495 0.228122 0.228285 0.227897 0.23048 0.231245 0.235932 0.243773 0.24662 0.244014 0.252003 0.250181 0.24522 0.236966 0.228607 0.222725 0.225889 0.216516 0.206219 0.198882 0.192067 0.186984 0.183129 0.179583 0.177493 0.176095 0.175463 0.175557 0.176216 0.177441 0.178932 0.181191 0.183797 0.191677 0.186329 0.187062
-9999 -9999 -9999 -9999 -9999 -9999 -9999 -9999 -9999 0.281458 0.271721 0.25857 0.250395 0.248761 0.242366 0.236711 0.237304 0.240223 0.24149 0.244989 0.251754 0.259265 0.267424 0.271876 0.280679 0.273473 0.257307 0.250453 0.246753 0.260789 0.261786 0.255461 0.248986 0.245123 0.23853 0.23662 0.23633 0.241174 0.243016 0.240683 0.241191 0.242809 0.247792 0.247207 0.2498 0.249917 0.249541 0.241919 0.236426 0.233215 0.22797 0.219054 0.21213 0.206275 0.200732 0.196854 0.193015 0.189399 0.187318 0.185879 0.185063 0.184755 0.184996 0.185808 0.186793 0.189105 0.192554 0.198184 0.196801 0.191926
-9999 -9999 -9999 -9999 -9999 -9999 -9999 -9999 -9999 0.290894 0.280694 0.269736 0.26522 0.264526 0.253402 0.24661 0.246717 0.248246 0.250137 0.25764 0.257876 0.25999 0.267145 0.277182 0.288028 0.287474 0.274673 0.261934 0.258462 0.276209 0.277809 0.274069 0.265588 0.257747 0.249631 0.246309 0.246572 0.255043 0.264299 0.258274 0.252021 0.251066 0.251578 0.255728 0.256067 0.255976 0.257902 0.259656 0.248246 0.243707 0.233305 0.227701 0.220774 0.214479 0.212385 0.20873 0.203189 0.199225 0.197246 0.195741 0.194644 0.194033 0.193811 0.194354 0.195091 0.196337 0.203332 0.20766 0.213157 0.196297
-9999 -9999 -9999 -9999 -9999 -9999 -9999 -9999 -9999 0.302387 0.295402 0.285213 0.281367 0.274744 0.264498 0.25956 0.257315 0.257638 0.258958 0.262449 0.264737 0.268871 0.275972 0.285485 0.29594 0.302743 0.299444 0.276597 0.276628 0.290629 0.293387 0.287177 0.278544 0.266375 0.258777 0.256489 0.255624 0.256313 0.262717 0.270774 0.269523 0.263618 0.266204 0.269295 0.265179 0.2638 0.265525 0.265957 0.254346 0.248529 0.243558 0.238813 0.231662 0.222607 0.218887 0.216393 0.211394 0.209104 0.207182 0.205531 0.204275 0.203303 0.202599 0.202476 0.203067 0.20713 0.21059 0.215545 0.215561 0.197798
-9999 -9999 -9999 -9999 -9999 -9999 -9999 -9999 -9999 0.316635 0.308483 0.299273 0.290547 0.282178 0.274933 0.274783 0.271018 0.271309 0.269382 0.270194 0.273253 0.276505 0.282364 0.294165 0.304057 0.314795 0.311884 0.291745 0.297305 0.301566 0.310163 0.299215 0.2872 0.276166 0.269636 0.272634 0.267104 0.266204 0.267801 0.272002 0.279205 0.277547 0.282383 0.280906 0.275674 0.272505 0.270787 0.270432 0.267811 0.254422 0.251608 0.24816 0.241624 0.234251 0.227113 0.223972 0.220902 0.218863 0.217036 0.215335 0.21386 0.212629 0.211642 0.211009 0.213704 0.217118 0.218754 0.221391 0.220579 0.210663
