Test_Spring_2018/02_18/Prec/20180221_014.txt
ncols	170
nrows	115
xllcorner	350000.000000
yllcorner	4445000.000000
cellsize	1000.000000
nodata_value	-9999.000000
[rows 31 to 61 of 115, columns 70 to 139 of 170]
0.721471 0.735231 0.735832 0.714545 0.708138 0.728243 0.695992 0.687856 0.661257 0.651081 0.628479 0.616909 0.598625 0.571354 0.557549 0.514306 0.383828 0.417186 0.429183 0.39072 0.41016 0.442873 0.413163 0.326229 0.288728 0.228523 0.245019 0.216536 0.168418 -9999 -9999 -9999 -9999 -9999 -9999 -9999 -9999 -9999 -9999 -9999 -9999 -9999 -9999 -9999 -9999 -9999 -9999 -9999 -9999 -9999 -9999 -9999 -9999 -9999 -9999 -9999 -9999 -9999 -9999 -9999 -9999 -9999 -9999 -9999 -9999 -9999 -9999 -9999 -9999 -9999
0.729521 0.732089 0.724239 0.703372 0.71639 0.727387 0.669504 0.648441 0.662492 0.655865 0.638804 0.607643 0.59294 0.578413 0.568153 0.531939 0.437776 0.353085 0.394712 0.393902 0.362058 0.415314 0.385609 0.30982 0.203271 0.260271 0.244773 0.155935 0.138837 -9999 -9999 -9999 -9999 -9999 -9999 -9999 -9999 -9999 -9999 -9999 -9999 -9999 -9999 -9999 -9999 -9999 -9999 -9999 -9999 -9999 -9999 -9999 -9999 -9999 -9999 -9999 -9999 -9999 -9999 -9999 -9999 -9999 -9999 -9999 -9999 -9999 -9999 -9999 -9999 -9999
0.70838 0.724458 0.710216 0.6969 0.719979 0.71117 0.695504 0.659608 0.662166 0.659664 0.649393 0.632695 0.617928 0.603037 0.573052 0.532238 0.451174 0.355078 0.3315 0.375079 0.375509 0.381337 0.353821 0.319745 0.267196 0.308399 0.323851 0.270946 0.196442 0.147163 -9999 -9999 -9999 -9999 -9999 -9999 -9999 -9999 -9999 -9999 -9999 -9999 -9999 -9999 -9999 -9999 -9999 -9999 -9999 -9999 -9999 -9999 -9999 -9999 -9999 -9999 -9999 -9999 -9999 -9999 -9999 -9999 -9999 -9999 -9999 -9999 -9999 -9999 -9999 -9999
0.678451 0.71076 0.692691 0.654988 0.665642 0.671396 0.67533 0.63208 0.629393 0.659985 0.652059 0.644785 0.623913 0.606668 0.581617 0.542239 0.48818 0.424155 0.315165 0.378575 0.427999 0.424916 0.420497 0.395951 0.345077 0.385135 0.385777 0.319752 0.228876 0.18639 0.168655 -9999 -9999 -9999 -9999 -9999 -9999 -9999 -9999 -9999 -9999 -9999 -9999 -9999 -9999 -9999 -9999 -9999 -9999 -9999 -9999 -9999 -9999 -9999 -9999 -9999 -9999 -9999 -9999 -9999 -9999 -9999 -9999 -9999 -9999 -9999 -9999 -9999 -9999 -9999
-9999 0.689988 0.672123 0.627574 0.638147 0.65475 0.672343 0.669831 0.643072 0.647747 0.65302 0.646143 0.624936 0.572702 0.561773 0.55603 0.519543 0.446928 0.374714 0.354339 0.430619 0.451097 0.444682 0.460439 0.416829 0.434975 0.425207 0.402084 0.322408 0.24759 0.220946 0.168898 -9999 -9999 -9999 -9999 -9999 -9999 -9999 -9999 -9999 -9999 -9999 -9999 -9999 -9999 -9999 -9999 -9999 -9999 -9999 -9999 -9999 -9999 -9999 -9999 -9999 -9999 -9999 -9999 -9999 -9999 -9999 -9999 -9999 -9999 -9999 -9999 -9999 -9999
-9999 -9999 -9999 -9999 0.599559 0.61572 0.627674 0.64888 0.637746 0.646148 0.654554 0.64776 0.610406 0.590033 0.584543 0.559124 0.517528 0.490556 0.444105 0.396046 0.411265 0.476032 0.444271 0.489674 0.483714 0.490467 0.456833 0.388848 0.304916 0.245839 0.221604 0.178995 -9999 -9999 -9999 -9999 -9999 -9999 -9999 -9999 -9999 -9999 -9999 -9999 -9999 -9999 -9999 -9999 -9999 -9999 -9999 -9999 -9999 -9999 -9999 -9999 -9999 -9999 -9999 -9999 -9999 -9999 -9999 -9999 -9999 -9999 -9999 -9999 -9999 -9999
-9999 -9999 -9999 -9999 -9999 0.611983 0.617273 0.653948 0.632639 0.635493 0.652561 0.646822 0.62939 0.615517 0.598019 0.576909 0.544882 0.510226 0.466415 0.460212 0.500736 0.499095 0.488025 0.492914 0.512727 0.504725 0.454166 0.360915 0.314246 0.208659 0.168464 0.171211 0.142446 -9999 -9999 -9999 -9999 -9999 -9999 -9999 -9999 -9999 -9999 -9999 -9999 0.244242 -9999 -9999 -9999 -9999 -9999 -9999 -9999 -9999 -9999 -9999 -9999 -9999 -9999 -9999 -9999 -9999 -9999 -9999 -9999 -9999 0 -9999 -9999 -9999
-9999 -9999 -9999 -9999 0.628875 0.632718 0.64505 0.663919 0.653183 0.631768 0.652009 0.646364 0.63232 0.617794 0.591652 0.582602 0.56306 0.525769 0.516209 0.527887 0.532123 0.537257 0.539568 0.533674 0.522442 0.508506 0.46874 0.427198 0.398527 0.311231 0.257101 0.215372 0.153098 0.104159 -9999 -9999 -9999 -9999 -9999 -9999 -9999 0.209189 0.207333 0.208978 0.223011 0.260624 0.239889 -9999 -9999 -9999 -9999 -9999 -9999 -9999 -9999 -9999 -9999 -9999 -9999 -9999 -9999 -9999 -9999 -9999 -9999 -9999 0.115675 0 -9999 -9999
-9999 -9999 -9999 -9999 0.624782 0.644537 0.648908 0.666252 0.671794 0.640544 0.642776 0.645338 0.638247 0.622564 0.601926 0.598488 0.572748 0.557874 0.546786 0.56354 0.565184 0.555486 0.543782 0.533056 0.506781 0.501398 0.485628 0.458074 0.414477 0.369601 0.294682 0.210255 0.127524 0 -9999 -9999 -9999 -9999 -9999 -9999 0.21363 0.244582 0.263523 0.225414 0.259693 0.291251 0.28765 0.26308 -9999 -9999 -9999 -9999 -9999 -9999 -9999 -9999 -9999 -9999 -9999 -9999 -9999 -9999 0.349131 0.299135 0.199012 0.147196 0.115753 0 -9999 -9999
-9999 -9999 -9999 -9999 0.621672 0.646252 0.658991 0.668968 0.661067 0.643712 0.644055 0.642114 0.635705 0.628577 0.621362 0.598072 0.586663 0.554271 0.580805 0.577759 0.56859 0.537896 0.52333 0.471708 0.44746 0.434817 0.47343 0.439793 0.37271 0.289563 0.180614 0.17092 0.136984 0 -9999 -9999 -9999 -9999 -9999 -9999 0.220787 0.254038 0.282185 0.287272 0.249891 0.305428 0.308297 0.27989 0.274877 0.301498 0.315854 0.307493 0.336887 0.347061 0.335032 0.350782 -9999 -9999 -9999 -9999 0.360578 0.361875 0.362466 0.340958 0.231522 0.156411 0 0 -9999 -9999
-9999 -9999 -9999 -9999 0.64922 0.659308 0.658099 0.647449 0.654538 0.634933 0.637139 0.637655 0.630039 0.624407 0.61961 0.60956 0.591181 0.591872 0.588776 0.577922 0.521608 0.456045 0.481901 0.441765 0.35286 0.416473 0.449536 0.411478 0.330455 0.236964 0.194661 0.192239 0.145541 0 -9999 -9999 -9999 0.128988 0.175269 0.17922 0.193309 0.237586 0.271766 0.298727 0.317409 0.320101 0.305923 0.278608 0.248745 0.262462 0.322485 0.33869 0.350219 0.361058 0.350295 0.358629 0.375054 0.383672 0.385559 0.381819 0.380536 0.381041 0.378193 0.357947 0.259362 0.202617 0.166021 0 -9999 -9999
-9999 -9999 -9999 -9999 0.650737 0.657966 0.660759 0.655194 0.645268 0.649505 0.625738 0.631948 0.627424 0.60551 0.615385 0.610425 0.605398 0.598002 0.588391 0.54089 0.475915 0.41062 0.379375 0.3855 0.333937 0.356546 0.389947 0.372386 0.319353 0.235402 0.220236 0.190141 0.112368 0 -9999 -9999 0 0.125619 0.188304 0.220847 0.231342 0.233142 0.276166 0.281009 0.327857 0.320495 0.264957 0.274189 0.255025 0.272718 0.297513 0.30568 0.337994 0.36773 0.375079 0.376711 0.387703 0.390478 0.391326 0.390967 0.383784 0.385974 0.385303 0.372081 0.300484 0.264858 0.225373 0 -9999 -9999
-9999 -9999 -9999 -9999 0.657623 0.666614 0.676863 0.66697 0.670548 0.642057 0.604444 0.620762 0.622693 0.605599 0.592984 0.60573 0.602437 0.598767 0.594134 0.549753 0.498509 0.421256 0.372416 0.337737 0.314375 0.282607 0.29793 0.288386 0.276667 0.281399 0.254174 0.19884 0.152199 0 0 -9999 0 0 0.153481 0.217364 0.258436 0.244827 0.293795 0.304432 0.334795 0.321244 0.289423 0.278156 0.279688 0.277826 0.312656 0.338468 0.355865 0.36839 0.381584 0.386521 0.391064 0.393268 0.39437 0.394992 0.394247 0.393016 0.390309 0.38435 0.350504 0.314473 0.239166 0.103429 -9999 -9999
-9999 -9999 -9999 0.615771 0.657266 0.680181 0.680113 0.675584 0.669654 0.661469 0.635983 0.621126 0.618603 0.611217 0.575673 0.575338 0.579027 0.595632 0.593511 0.588916 0.560734 0.467273 0.430989 0.380385 0.316861 0.28872 0.297618 0.343122 0.336592 0.299266 0.258081 0.196445 0.159616 0.106542 0 0 0 0 0.136887 0.215018 0.270376 0.29595 0.306808 0.328633 0.3412 0.323451 0.307004 0.301456 0.288386 0.289331 0.292627 0.315015 0.332685 0.370448 0.38397 0.389753 0.393838 0.396192 0.397616 0.398481 0.398176 0.396438 0.395047 0.393145 0.388867 0.341643 0.230761 0.144442 -9999 -9999
-9999 -9999 -9999 -9999 0.648079 0.650347 0.63984 0.631728 0.630911 0.632507 0.62479 0.617223 0.621361 0.6074 0.576191 0.542052 0.567602 0.577446 0.588155 0.58813 0.584141 0.502669 0.460035 0.425479 0.364379 0.382252 0.398199 0.395413 0.378829 0.303639 0.228607 0.136767 0 0 0 0 0 0.123489 0.1744 0.19531 0.21097 0.291664 0.314396 0.325018 0.348327 0.323849 0.321671 0.304446 0.314267 0.316021 0.319628 0.265229 0.326068 0.332491 0.372839 0.392892 0.397348 0.39939 0.40091 0.400906 0.400396 0.399032 0.39787 0.395456 0.395879 0.365199 0.219926 0.146823 -9999 -9999
-9999 -9999 -9999 -9999 -9999 -9999 0.625756 0.621869 0.613275 0.610431 0.619656 0.619497 0.617197 0.609941 0.591827 0.554659 0.544888 0.549787 0.519207 0.544059 0.57708 0.574873 0.568749 0.497911 0.460226 0.490476 0.47613 0.420311 0.375089 0.330144 0.24288 0.171817 0 0 0 0 0.132936 0.205742 0.237783 0.219169 0.240032 0.281552 0.328615 0.353056 0.351126 0.325376 0.326348 0.298083 0.333561 0.3401 0.32914 0.320019 0.328238 0.35009 0.359972 0.391752 0.400579 0.402875 0.4035 0.403403 0.40249 0.401055 0.400353 0.398824 0.397209 0.394772 0.245496 0.129443 -9999 -9999
-9999 -9999 -9999 -9999 -9999 -9999 0.598287 0.589317 0.591875 0.624783 0.618973 0.617879 0.607556 0.60428 0.589578 0.558067 0.527308 0.500206 0.465637 0.484695 0.53553 0.56469 0.56628 0.503884 0.532245 0.516944 0.489796 0.418055 0.363615 0.332157 0.248005 0.169585 0.107934 0 0 0 0.135711 0.215054 0.268954 0.291512 0.273611 0.300502 0.354407 0.357571 0.332672 0.338146 0.326166 0.286286 0.336077 0.352947 0.346465 0.352884 0.352333 0.36258 0.378092 0.392524 0.402293 0.40444 0.404951 0.404439 0.403601 0.40288 0.401174 0.400025 0.398452 0.39665 0.300022 0.128292 -9999 -9999
-9999 -9999 -9999 -9999 -9999 -9999 -9999 0.557194 0.584374 0.633349 0.617817 0.60454 0.607986 0.600868 0.581475 0.565825 0.529399 0.482096 0.392359 0.414705 0.46147 0.528722 0.562861 0.555476 0.532647 0.494206 0.405856 0.32756 0.313607 0.296272 0.233352 0.170441 0.102324 0.13558 0.172791 0.214354 0.235469 0.227904 0.273965 0.312197 0.296915 0.329534 0.367979 0.354508 0.348174 0.343733 0.329127 0.332042 0.338239 0.368278 0.354264 0.369094 0.372746 0.375462 0.384498 0.393922 0.403089 0.405361 0.405754 0.405614 0.404051 0.403409 0.401897 0.400356 0.398904 0.397305 0.387851 0.295122 0.239608 -9999
-9999 -9999 -9999 -9999 -9999 -9999 -9999 0.518234 0.523468 0.584714 0.576729 0.599405 0.607513 0.600001 0.571505 0.554592 0.501293 0.484015 0.401515 0.362429 0.3934 0.379982 0.472403 0.553309 0.532356 0.360281 0.295112 0.246992 0.253206 0.24809 0.226721 0.127311 0 0.174302 0.220823 0.25664 0.283758 0.288499 0.286743 0.346549 0.355228 0.376234 0.374305 0.378944 0.352116 0.337108 0.358595 0.343884 0.344755 0.375611 0.353105 0.380751 0.381257 0.37738 0.379845 0.397888 0.402764 0.405477 0.406145 0.405195 0.403742 0.402413 0.401936 0.400697 0.398889 0.398121 0.396603 0.385161 0.337117 0.320219
-9999 -9999 -9999 -9999 -9999 -9999 -9999 -9999 0.45345 0.545516 0.562684 0.577099 0.603657 0.599754 0.579955 0.554674 0.500649 0.454164 0.380189 0.296252 0.247101 0.379477 0.493948 0.552149 0.54141 0.397615 0.3382 0.331136 0.358895 0.326329 0.30028 0.222068 0.198068 0.16654 0.180534 0.231793 0.273997 0.314864 0.344981 0.347622 0.368595 0.38121 0.38432 0.390628 0.390231 0.390821 0.366837 0.39083 0.37773 0.390662 0.388626 0.38699 0.385654 0.372207 0.386692 0.399312 0.403621 0.406222 0.405708 0.405271 0.404245 0.402506 0.401226 0.400308 0.399433 0.398244 0.397721 0.396834 0.391234 0.362368
-9999 -9999 -9999 -9999 -9999 -9999 -9999 -9999 0.402809 0.494989 0.514246 0.56989 0.592558 0.597388 0.589756 0.568342 0.526462 0.465998 0.416303 0.322176 0.224569 0.356568 0.479768 0.54467 0.545099 0.424218 0.452929 0.422197 0.428221 0.375056 0.350043 0.323111 0.284708 0.243351 0.199071 0.17522 0.271787 0.321017 0.361116 0.380442 0.392177 0.399178 0.397643 0.39255 0.351623 0.388308 0.391399 0.391744 0.391629 0.393447 0.393554 0.392886 0.393436 0.395582 0.387123 0.401617 0.404615 0.405383 0.405594 0.405053 0.403954 0.402783 0.401439 0.401913 0.399787 0.39887 0.398212 0.397803 0.397291 0.39561
-9999 -9999 -9999 -9999 -9999 -9999 -9999 -9999 0.255397 0.397439 0.488256 0.543322 0.585422 0.592745 0.592403 0.564896 0.544621 0.50049 0.459453 0.397147 0.304183 0.246657 0.339279 0.489332 0.542915 0.535594 0.52827 0.493619 0.461731 0.453709 0.451157 0.408003 0.358551 0.294256 0.273415 0.24947 0.321005 0.329605 0.323552 0.404462 0.405385 0.402177 0.373198 0.339977 0.349375 0.330385 0.351432 0.329244 0.356158 0.379857 0.39074 0.393259 0.393234 0.395311 0.396607 0.403593 0.404624 0.404887 0.404832 0.404579 0.403939 0.402536 0.401509 0.401404 0.401993 0.401502 0.398972 0.398767 0.398532 0.397332
-9999 -9999 -9999 -9999 -9999 -9999 -9999 -9999 0.266199 0.360537 0.461076 0.514676 0.570598 0.578287 0.59419 0.584973 0.563546 0.524515 0.477079 0.425185 0.344862 0.284828 0.353813 0.438923 0.50835 0.531502 0.528246 0.522594 0.511581 0.506089 0.493523 0.476113 0.439302 0.380067 0.344766 0.294808 0.374942 0.382872 0.3694 0.410297 0.408854 0.348176 0.302317 0.298541 0.328921 0.304165 0.303874 0.288738 0.311246 0.366361 0.353262 0.359301 0.385386 0.391959 0.400681 0.402823 0.403701 0.404231 0.404124 0.404202 0.404085 0.402881 0.402154 0.401691 0.400637 0.402459 0.402049 0.401706 0.398939 0.398356
-9999 -9999 -9999 -9999 -9999 -9999 -9999 -9999 0.281492 0.324979 0.414888 0.499988 0.560575 0.581222 0.595553 0.590628 0.565918 0.544949 0.514147 0.467814 0.43572 0.38093 0.305992 0.426576 0.444673 0.475554 0.488306 0.519348 0.514316 0.493989 0.463812 0.477837 0.471292 0.42293 0.40546 0.378053 0.421985 0.420934 0.41905 0.416542 0.364757 0.2931 0.236485 0.280129 0.273582 0.294026 0.238858 0.289305 0.331735 0.347564 0.322117 0.304996 0.368496 0.386098 0.393928 0.399205 0.402781 0.402854 0.403871 0.403666 0.403483 0.403197 0.402571 0.402198 0.401693 0.401276 0.403413 0.403194 0.402809 0.405212
-9999 -9999 -9999 -9999 -9999 -9999 -9999 -9999 -9999 0.2839 0.395174 0.499581 0.554449 0.586883 0.600016 0.594497 0.579598 0.563973 0.543595 0.509239 0.466824 0.400844 0.351185 0.379021 0.393761 0.395248 0.416263 0.483674 0.504095 0.465697 0.36718 0.416287 0.469631 0.466243 0.459277 0.452089 0.445219 0.437994 0.423903 0.387623 0.277171 0.254701 0.212415 0.218908 0.198482 0.247944 0.233911 0.28661 0.311022 0.32193 0.27831 0.290026 0.352963 0.376472 0.374538 0.389038 0.400758 0.401918 0.402776 0.402751 0.403194 0.403399 0.403289 0.405052 0.405018 0.405185 0.407676 0.407999 0.404373 0.40208
-9999 -9999 -9999 -9999 -9999 -9999 -9999 -9999 -9999 0.257312 0.374783 0.499836 0.534593 0.570267 0.601074 0.596455 0.575538 0.55622 0.537047 0.516057 0.464439 0.41434 0.366267 0.348215 0.354294 0.329879 0.366221 0.4554 0.469734 0.458432 0.357931 0.325195 0.397643 0.458362 0.461357 0.453995 0.378607 0.393448 0.352941 0.2986 0.283938 0.260854 0.211722 0.237175 0.202067 0.219663 0.217894 0.248647 0.264908 0.301108 0.263137 0.26492 0.327321 0.356128 0.35839 0.387941 0.39904 0.402469 0.403733 0.404676 0.40519 0.406009 0.406152 0.406202 0.406196 0.40547 0.402941 0.397117 0.343615 0.344177
-9999 -9999 -9999 -9999 -9999 -9999 -9999 -9999 -9999 0.27682 0.355621 0.465818 0.545917 0.544159 0.580678 0.597311 0.574655 0.550432 0.52629 0.514166 0.457698 0.396016 0.345565 0.286194 0.292144 0.328948 0.370057 0.426621 0.433952 0.418195 0.359038 0.379182 0.428049 0.453164 0.459395 0.451608 0.434286 0.424102 0.394155 0.38123 0.340535 0.277142 0.252799 0.269859 0.203392 0.20973 0.236593 0.212361 0.258432 0.281601 0.231623 0.281792 0.33102 0.356945 0.379588 0.390877 0.395934 0.402917 0.403801 0.404928 0.405761 0.406212 0.406774 0.406405 0.406275 0.401342 0.393763 0.34464 0.327655 0.332358
-9999 -9999 -9999 -9999 -9999 -9999 -9999 -9999 -9999 0.29657 0.366761 0.461273 0.516125 0.520087 0.561196 0.597813 0.588091 0.562698 0.552415 0.527111 0.478354 0.424937 0.366828 0.336808 0.271956 0.328617 0.349941 0.397505 0.418052 0.36662 0.344657 0.37732 0.409938 0.421946 0.45532 0.453634 0.44115 0.391209 0.366749 0.376686 0.366502 0.348879 0.305579 0.304567 0.277491 0.267171 0.257665 0.223879 0.248693 0.252903 0.26855 0.319794 0.34628 0.364292 0.380624 0.385829 0.393398 0.40272 0.404293 0.405341 0.406004 0.406852 0.406956 0.405348 0.40418 0.393636 0.374331 0.337512 0.280457 0.324431
-9999 -9999 -9999 -9999 -9999 -9999 -9999 -9999 -9999 0.287508 0.362707 0.442225 0.471047 0.469955 0.549485 0.596333 0.591175 0.576528 0.560666 0.50298 0.502485 0.488188 0.43517 0.359492 0.276617 0.280226 0.323199 0.363567 0.38271 0.305818 0.280804 0.295632 0.346136 0.391328 0.438794 0.449977 0.434614 0.357367 0.275591 0.313089 0.35344 0.353544 0.342303 0.302323 0.290399 0.27989 0.251499 0.204246 0.212105 0.227864 0.293474 0.313289 0.342671 0.36722 0.360104 0.366484 0.38954 0.403137 0.40455 0.405644 0.406893 0.407439 0.407555 0.403741 0.399715 0.39236 0.340646 0.308961 0.261678 0.322366
-9999 -9999 -9999 -9999 -9999 -9999 -9999 -9999 -9999 0.265581 0.317444 0.392945 0.418743 0.465513 0.540141 0.574084 0.5878 0.582438 0.570182 0.541928 0.523518 0.491187 0.435958 0.361795 0.279711 0.224853 0.24676 0.308955 0.328647 0.255693 0.223302 0.259237 0.313287 0.394333 0.440155 0.445355 0.440136 0.42365 0.363829 0.291898 0.29217 0.328409 0.29882 0.264568 0.284731 0.282273 0.254134 0.234121 0.223012 0.240956 0.274466 0.289669 0.323278 0.371883 0.380115 0.380145 0.401139 0.403245 0.404739 0.406463 0.407395 0.40818 0.408591 0.405798 0.398296 0.364352 0.334988 0.29369 0.289826 0.344176
-9999 -9999 -9999 -9999 -9999 -9999 -9999 -9999 -9999 0.224417 0.286819 0.356723 0.422316 0.48466 0.537972 0.536336 0.562459 0.557277 0.569238 0.560109 0.533665 0.50567 0.457422 0.363097 0.28313 0.19621 0.214043 0.301671 0.276612 0.23455 0.158651 0.233165 0.315672 0.390458 0.430431 0.39691 0.429185 0.425768 0.40307 0.360156 0.29379 0.295287 0.246008 0.244518 0.270933 0.280264 0.277192 0.262438 0.239804 0.253071 0.273935 0.280794 0.311809 0.349884 0.387011 0.394386 0.402453 0.403925 0.405146 0.406772 0.407905 0.408248 0.407562 0.404737 0.376557 0.342898 0.322804 0.294671 0.29273 0.350521
