Test_Spring_2018b/04_18/Prec/20180406_016.txt
ncols	170
nrows	115
xllcorner	350000.000000
yllcorner	4445000.000000
cellsize	1000.000000
nodata_value	-9999.000000
[rows 31 to 61 of 115, columns 70 to 139 of 170]
0.28778 0.28449 0.281753 0.28012 0.277451 0.27174 0.265669 0.2632 0.252923 0.251024 0.250119 0.248827 0.248201 0.24836 0.24794 0.24946 0.256319 0.253541 0.252113 0.253744 0.25197 0.249441 0.250664 0.255336 0.257122 0.260327 0.259887 0.25984 0.26274 -9999 -9999 -9999 -9999 -9999 -9999 -9999 -9999 -9999 -9999 -9999 -9999 -9999 -9999 -9999 -9999 -9999 -9999 -9999 -9999 -9999 -9999 -9999 -9999 -9999 -9999 -9999 -9999 -9999 -9999 -9999 -9999 -9999 -9999 -9999 -9999 -9999 -9999 -9999 -9999 -9999
0.283816 0.281327 0.279252 0.277771 0.274126 0.270497 0.264513 0.25826 0.250161 0.248123 0.246917 0.246782 0.245905 0.245246 0.244545 0.245576 0.250213 0.254416 0.251203 0.250596 0.251899 0.248191 0.249468 0.253534 0.259481 0.255749 0.256392 0.260691 0.259127 -9999 -9999 -9999 -9999 -9999 -9999 -9999 -9999 -9999 -9999 -9999 -9999 -9999 -9999 -9999 -9999 -9999 -9999 -9999 -9999 -9999 -9999 -9999 -9999 -9999 -9999 -9999 -9999 -9999 -9999 -9999 -9999 -9999 -9999 -9999 -9999 -9999 -9999 -9999 -9999 -9999
0.281717 0.278536 0.27697 0.275172 0.271055 0.268717 0.265741 0.254809 0.247335 0.245063 0.24343 0.242384 0.241438 0.24072 0.241111 0.242343 0.246146 0.250998 0.251664 0.248441 0.247873 0.247055 0.248279 0.249941 0.252742 0.250001 0.248826 0.252967 0.252793 0.249769 -9999 -9999 -9999 -9999 -9999 -9999 -9999 -9999 -9999 -9999 -9999 -9999 -9999 -9999 -9999 -9999 -9999 -9999 -9999 -9999 -9999 -9999 -9999 -9999 -9999 -9999 -9999 -9999 -9999 -9999 -9999 -9999 -9999 -9999 -9999 -9999 -9999 -9999 -9999 -9999
0.280287 0.276235 0.274997 0.274742 0.271441 0.268289 0.259641 0.24875 0.246329 0.242037 0.240187 0.238483 0.237794 0.237109 0.23711 0.23818 0.240328 0.243255 0.249022 0.244669 0.241262 0.241069 0.241021 0.242215 0.245003 0.242394 0.242136 0.244871 0.241545 0.24431 0.245601 -9999 -9999 -9999 -9999 -9999 -9999 -9999 -9999 -9999 -9999 -9999 -9999 -9999 -9999 -9999 -9999 -9999 -9999 -9999 -9999 -9999 -9999 -9999 -9999 -9999 -9999 -9999 -9999 -9999 -9999 -9999 -9999 -9999 -9999 -9999 -9999 -9999 -9999 -9999
-9999 0.274512 0.273336 0.273545 0.270276 0.266473 0.257567 0.25007 0.242494 0.239629 0.23686 0.234988 0.234174 0.235436 0.234484 0.233471 0.234529 0.237966 0.241583 0.242292 0.237392 0.23592 0.23612 0.235041 0.237504 0.23628 0.236687 0.2356 0.23576 0.237546 0.239275 0.242489 -9999 -9999 -9999 -9999 -9999 -9999 -9999 -9999 -9999 -9999 -9999 -9999 -9999 -9999 -9999 -9999 -9999 -9999 -9999 -9999 -9999 -9999 -9999 -9999 -9999 -9999 -9999 -9999 -9999 -9999 -9999 -9999 -9999 -9999 -9999 -9999 -9999 -9999
-9999 -9999 -9999 -9999 0.269862 0.261364 0.25295 0.248615 0.23977 0.236504 0.233356 0.231283 0.231245 0.230447 0.22904 0.22911 0.230433 0.231166 0.233311 0.235772 0.234642 0.23069 0.232559 0.229867 0.230221 0.229773 0.231659 0.226957 0.23397 0.234579 0.236071 0.2386 -9999 -9999 -9999 -9999 -9999 -9999 -9999 -9999 -9999 -9999 -9999 -9999 -9999 -9999 -9999 -9999 -9999 -9999 -9999 -9999 -9999 -9999 -9999 -9999 -9999 -9999 -9999 -9999 -9999 -9999 -9999 -9999 -9999 -9999 -9999 -9999 -9999 -9999
-9999 -9999 -9999 -9999 -9999 0.25906 0.250975 0.245336 0.237053 0.233872 0.229958 0.227577 0.226127 0.224748 0.223906 0.223624 0.224344 0.225561 0.227635 0.227739 0.225273 0.225463 0.226296 0.226197 0.225173 0.225721 0.226864 0.225852 0.228497 0.233819 0.23616 0.235862 0.237385 -9999 -9999 -9999 -9999 -9999 -9999 -9999 -9999 -9999 -9999 -9999 -9999 0.234954 -9999 -9999 -9999 -9999 -9999 -9999 -9999 -9999 -9999 -9999 -9999 -9999 -9999 -9999 -9999 -9999 -9999 -9999 -9999 -9999 0.274568 -9999 -9999 -9999
-9999 -9999 -9999 -9999 0.263146 0.251163 0.246871 0.242012 0.239441 0.230822 0.22641 0.22373 0.221811 0.220248 0.219753 0.218653 0.218601 0.220019 0.220165 0.219371 0.21927 0.219283 0.219548 0.220305 0.22131 0.22235 0.216813 0.219282 0.22082 0.227967 0.227947 0.230161 0.233523 0.236062 -9999 -9999 -9999 -9999 -9999 -9999 -9999 0.230771 0.23166 0.232393 0.232392 0.230942 0.232875 -9999 -9999 -9999 -9999 -9999 -9999 -9999 -9999 -9999 -9999 -9999 -9999 -9999 -9999 -9999 -9999 -9999 -9999 -9999 0.269065 0.275172 -9999 -9999
-9999 -9999 -9999 -9999 0.253201 0.248475 0.244363 0.239254 0.234717 0.227056 0.223356 0.219847 0.217213 0.215469 0.214465 0.212927 0.213223 0.213369 0.213742 0.212843 0.213136 0.214295 0.215656 0.216943 0.219051 0.219739 0.213344 0.214993 0.217385 0.219652 0.222945 0.227556 0.231972 0.235413 -9999 -9999 -9999 -9999 -9999 -9999 0.2262 0.225156 0.224958 0.228223 0.227185 0.226249 0.227293 0.229822 -9999 -9999 -9999 -9999 -9999 -9999 -9999 -9999 -9999 -9999 -9999 -9999 -9999 -9999 0.2398 0.245317 0.254172 0.260441 0.265709 0.271879 -9999 -9999
-9999 -9999 -9999 -9999 0.25193 0.246635 0.24168 0.236614 0.232448 0.222355 0.219698 0.21608 0.213075 0.210554 0.208561 0.208101 0.207534 0.208802 0.207097 0.207602 0.20881 0.21151 0.213334 0.217324 0.219539 0.213824 0.211806 0.213831 0.217586 0.22205 0.224656 0.227186 0.228529 0.231398 -9999 -9999 -9999 -9999 -9999 -9999 0.222317 0.221263 0.220674 0.22154 0.224938 0.222736 0.223759 0.226492 0.227611 0.226604 0.226077 0.227587 0.231338 0.230404 0.230695 0.229341 -9999 -9999 -9999 -9999 0.230658 0.232332 0.234566 0.238596 0.248276 0.256247 0.264007 0.266924 -9999 -9999
-9999 -9999 -9999 -9999 0.249126 0.244374 0.239863 0.235586 0.230056 0.219801 0.216604 0.208561 0.205657 0.203112 0.201066 0.199929 0.199901 0.199332 0.19952 0.20061 0.204725 0.209581 0.209059 0.216022 0.216689 0.212805 0.211185 0.213489 0.218039 0.223038 0.221611 0.223433 0.225365 0.22241 -9999 -9999 -9999 0.21871 0.216118 0.216262 0.216007 0.214125 0.212969 0.218083 0.218319 0.217004 0.221694 0.224462 0.22712 0.226894 0.223613 0.222656 0.227673 0.226456 0.226395 0.219712 0.218505 0.217956 0.2181 0.218959 0.22012 0.221659 0.223892 0.227633 0.242707 0.249921 0.256215 0.268132 -9999 -9999
-9999 -9999 -9999 -9999 0.24337 0.238535 0.23359 0.227647 0.222934 0.217418 0.208312 0.205425 0.202058 0.200269 0.197213 0.195719 0.194927 0.194946 0.195696 0.19919 0.204074 0.209177 0.212306 0.208181 0.212094 0.210872 0.209212 0.214026 0.20996 0.214412 0.214631 0.212794 0.219247 0.22309 -9999 -9999 0.221953 0.216597 0.213022 0.211475 0.21146 0.212147 0.210515 0.211232 0.209466 0.208487 0.21551 0.216009 0.224938 0.224487 0.216554 0.216186 0.214531 0.217241 0.216321 0.215717 0.214641 0.214255 0.214301 0.214836 0.216275 0.217701 0.219853 0.223289 0.23069 0.236374 0.240874 0.257573 -9999 -9999
-9999 -9999 -9999 -9999 0.237305 0.231858 0.226081 0.221356 0.215802 0.215118 0.206747 0.201349 0.198854 0.196591 0.19476 0.19218 0.191328 0.191242 0.191872 0.195399 0.199709 0.205771 0.210182 0.20923 0.211553 0.207893 0.206958 0.20736 0.207764 0.207082 0.210959 0.21074 0.213046 0.219543 0.221758 -9999 0.219918 0.21749 0.213201 0.209793 0.207969 0.20959 0.207628 0.208028 0.205163 0.206891 0.212429 0.208328 0.208903 0.209642 0.208146 0.212669 0.211795 0.210794 0.213529 0.212562 0.211695 0.211171 0.211045 0.211395 0.212366 0.213961 0.216259 0.219347 0.224646 0.22886 0.23754 0.254824 -9999 -9999
-9999 -9999 -9999 0.24648 0.236868 0.230198 0.224637 0.219204 0.213843 0.20874 0.200182 0.198584 0.194711 0.193021 0.192477 0.190667 0.189457 0.188281 0.188925 0.19028 0.193429 0.200668 0.201 0.200559 0.204603 0.206255 0.205667 0.202764 0.20284 0.204658 0.206644 0.207283 0.211371 0.21413 0.221087 0.220268 0.217522 0.215603 0.21275 0.20849 0.205807 0.205085 0.20538 0.203397 0.203519 0.200559 0.204584 0.205563 0.206997 0.207589 0.208015 0.20726 0.206747 0.209249 0.208084 0.210204 0.209224 0.208546 0.208262 0.208476 0.209328 0.210898 0.21311 0.216002 0.218166 0.224826 0.232962 0.246849 -9999 -9999
-9999 -9999 -9999 -9999 0.236991 0.231192 0.225902 0.220351 0.214379 0.208418 0.198829 0.19496 0.191017 0.189655 0.189762 0.189982 0.187539 0.186872 0.186887 0.188123 0.189992 0.191424 0.19444 0.196849 0.200684 0.199579 0.198521 0.198456 0.199116 0.203197 0.207233 0.209868 0.214628 0.215131 0.218989 0.21858 0.216751 0.212411 0.209538 0.208669 0.208318 0.204272 0.202589 0.199423 0.198037 0.199551 0.202525 0.20414 0.204192 0.204755 0.205218 0.209118 0.20611 0.206295 0.204373 0.206037 0.207209 0.20645 0.206053 0.206214 0.206982 0.208457 0.210612 0.212416 0.21396 0.219186 0.231774 0.244868 -9999 -9999
-9999 -9999 -9999 -9999 -9999 -9999 0.22569 0.219645 0.213927 0.208054 0.197519 0.193167 0.189607 0.187077 0.185975 0.187356 0.187085 0.186797 0.189362 0.188225 0.185822 0.186461 0.187228 0.191702 0.194003 0.192154 0.192833 0.195884 0.198238 0.200543 0.205364 0.206958 0.21253 0.216853 0.217468 0.213655 0.211302 0.206954 0.205213 0.206672 0.205958 0.201945 0.198938 0.197253 0.197167 0.198575 0.201162 0.203358 0.201855 0.202152 0.203545 0.204852 0.205081 0.204503 0.204546 0.203174 0.203049 0.204926 0.204521 0.204609 0.205314 0.206705 0.207363 0.209563 0.212388 0.21588 0.228704 0.24431 -9999 -9999
-9999 -9999 -9999 -9999 -9999 -9999 0.226315 0.220447 0.213976 0.205922 0.196375 0.192128 0.189119 0.186443 0.185233 0.18581 0.187182 0.188852 0.191127 0.190476 0.187937 0.186612 0.1868 0.190643 0.188912 0.189671 0.191035 0.19499 0.197888 0.199426 0.204137 0.20634 0.210356 0.215723 0.214347 0.212731 0.210404 0.206182 0.203152 0.201868 0.202666 0.20077 0.197157 0.196524 0.197591 0.196949 0.200132 0.202931 0.200539 0.200237 0.20143 0.201925 0.202802 0.203092 0.202984 0.202812 0.202767 0.203027 0.203693 0.203766 0.204395 0.205052 0.206528 0.208556 0.211238 0.214577 0.224192 0.243033 -9999 -9999
-9999 -9999 -9999 -9999 -9999 -9999 -9999 0.221352 0.21346 0.20453 0.195677 0.192295 0.188612 0.186305 0.185496 0.185223 0.18689 0.189782 0.195479 0.194561 0.192154 0.188423 0.186518 0.186928 0.188119 0.190138 0.195061 0.199362 0.19985 0.200592 0.204125 0.205532 0.210095 0.208705 0.207108 0.20523 0.204494 0.205348 0.202862 0.200615 0.201289 0.198898 0.196015 0.196164 0.195921 0.195682 0.198891 0.19905 0.19921 0.198137 0.199844 0.199951 0.200708 0.201636 0.202112 0.202429 0.202583 0.202957 0.203275 0.203523 0.204009 0.204807 0.206129 0.208012 0.210508 0.213663 0.217944 0.23198 0.240698 -9999
-9999 -9999 -9999 -9999 -9999 -9999 -9999 0.22275 0.216341 0.206887 0.19771 0.192406 0.188653 0.186549 0.186423 0.185771 0.188492 0.1897 0.19473 0.197681 0.196065 0.196963 0.191409 0.186389 0.187335 0.197186 0.200645 0.203108 0.202399 0.20246 0.203609 0.207251 0.209603 0.205864 0.203873 0.202476 0.20149 0.201336 0.201818 0.198079 0.197554 0.195718 0.195071 0.19396 0.194754 0.194979 0.195974 0.197093 0.197528 0.196414 0.198683 0.198133 0.199193 0.200698 0.201764 0.201766 0.202355 0.202848 0.203033 0.203461 0.203633 0.204948 0.206076 0.207765 0.210079 0.212972 0.216575 0.225661 0.233788 0.240458
-9999 -9999 -9999 -9999 -9999 -9999 -9999 -9999 0.219907 0.208933 0.198376 0.193844 0.189243 0.18713 0.18381 0.185198 0.188487 0.191365 0.195788 0.20062 0.204555 0.196588 0.189531 0.185683 0.185894 0.193946 0.196984 0.196965 0.194977 0.196714 0.198221 0.20059 0.202801 0.205559 0.205633 0.202738 0.200318 0.198815 0.1974 0.197036 0.195032 0.194619 0.193542 0.192189 0.191269 0.190436 0.194147 0.192885 0.194113 0.194068 0.195165 0.196444 0.1977 0.199938 0.200471 0.200985 0.201788 0.201604 0.202485 0.202954 0.203136 0.203181 0.206195 0.207697 0.209746 0.212428 0.215725 0.22408 0.229448 0.236631
-9999 -9999 -9999 -9999 -9999 -9999 -9999 -9999 0.222364 0.211775 0.201188 0.194521 0.187351 0.18303 0.183035 0.184164 0.186661 0.19027 0.193124 0.198426 0.2037 0.195912 0.189581 0.185165 0.184508 0.191191 0.188915 0.190271 0.189576 0.192572 0.194081 0.193302 0.196456 0.199892 0.202278 0.203124 0.198758 0.196747 0.194726 0.193354 0.191881 0.190234 0.189902 0.190576 0.191975 0.188909 0.191103 0.19119 0.191612 0.192227 0.193227 0.19451 0.195693 0.197135 0.199186 0.198481 0.199056 0.200394 0.201338 0.201908 0.202168 0.202227 0.202276 0.204982 0.209378 0.211805 0.214845 0.223095 0.227866 0.233155
-9999 -9999 -9999 -9999 -9999 -9999 -9999 -9999 0.230518 0.217398 0.198066 0.192315 0.184139 0.182836 0.18239 0.183819 0.184931 0.187445 0.189648 0.192921 0.197791 0.200337 0.194868 0.184857 0.183295 0.183185 0.182995 0.184553 0.186109 0.186438 0.186649 0.186655 0.188272 0.193508 0.193274 0.196329 0.193393 0.193757 0.194458 0.189416 0.1886 0.187589 0.187808 0.189623 0.187563 0.190281 0.191587 0.192977 0.191768 0.191075 0.191447 0.192575 0.193776 0.193002 0.195001 0.195282 0.197044 0.198497 0.199557 0.200218 0.200556 0.200722 0.200822 0.201022 0.205215 0.206784 0.213739 0.221947 0.226372 0.231306
-9999 -9999 -9999 -9999 -9999 -9999 -9999 -9999 0.224194 0.207975 0.199187 0.188818 0.184172 0.182858 0.181401 0.181654 0.182717 0.184794 0.187243 0.189769 0.193778 0.196385 0.191165 0.186167 0.180845 0.178754 0.181317 0.18112 0.181422 0.178526 0.179558 0.177852 0.181298 0.182351 0.186093 0.190571 0.18702 0.187351 0.188458 0.1858 0.185164 0.187642 0.188956 0.187639 0.186046 0.186232 0.188995 0.193108 0.192148 0.189576 0.187974 0.189174 0.188966 0.190664 0.190674 0.192617 0.194413 0.195907 0.197056 0.197808 0.198241 0.198523 0.198719 0.199024 0.199679 0.205321 0.207367 0.215616 0.224634 0.229184
-9999 -9999 -9999 -9999 -9999 -9999 -9999 -9999 0.220123 0.208967 0.201108 0.18837 0.1835 0.181405 0.179977 0.179872 0.181006 0.181875 0.183207 0.185292 0.186344 0.188577 0.191883 0.18349 0.182535 0.180067 0.174808 0.172232 0.172145 0.173337 0.175061 0.175189 0.172136 0.176449 0.178945 0.181912 0.180377 0.181147 0.181519 0.181452 0.18387 0.187101 0.189185 0.185188 0.18421 0.183635 0.190054 0.18284 0.180578 0.180403 0.187011 0.189539 0.186906 0.186144 0.187775 0.189485 0.191107 0.192654 0.193804 0.194678 0.19525 0.195627 0.195962 0.196386 0.19709 0.198219 0.205231 0.213653 0.217279 0.218894
-9999 -9999 -9999 -9999 -9999 -9999 -9999 -9999 -9999 0.207261 0.191698 0.183904 0.179505 0.176792 0.175466 0.175368 0.175833 0.176246 0.176778 0.177938 0.17937 0.182027 0.183589 0.180492 0.179479 0.178904 0.176643 0.171887 0.170238 0.172426 0.173731 0.166655 0.164786 0.166451 0.168347 0.170125 0.174534 0.175559 0.176604 0.178558 0.184538 0.181757 0.182894 0.181007 0.180756 0.178308 0.18292 0.179641 0.178481 0.178579 0.182357 0.182067 0.178646 0.179433 0.181807 0.183143 0.187212 0.188691 0.189897 0.190856 0.191525 0.192032 0.192503 0.190131 0.190757 0.191767 0.199252 0.208261 0.211905 0.216021
-9999 -9999 -9999 -9999 -9999 -9999 -9999 -9999 -9999 0.199425 0.190472 0.181502 0.178279 0.175296 0.1728 0.172513 0.1732 0.173714 0.174084 0.174395 0.176359 0.178087 0.179595 0.17928 0.177563 0.179975 0.176806 0.170727 0.169379 0.169855 0.165261 0.16798 0.164683 0.162227 0.163231 0.164751 0.1701 0.169762 0.172334 0.175322 0.175566 0.175994 0.177754 0.17498 0.175843 0.173727 0.179925 0.17804 0.177401 0.175973 0.179341 0.179277 0.17577 0.176062 0.178007 0.178291 0.179529 0.180993 0.182301 0.183327 0.18411 0.184684 0.185221 0.185821 0.18663 0.187824 0.189586 0.19866 0.212251 0.215911
-9999 -9999 -9999 -9999 -9999 -9999 -9999 -9999 -9999 0.195289 0.188754 0.180707 0.174758 0.173924 0.170979 0.169302 0.169972 0.170677 0.17127 0.171017 0.173267 0.175711 0.177406 0.179603 0.177939 0.174526 0.173399 0.169221 0.16821 0.168831 0.160964 0.160268 0.158072 0.157418 0.157921 0.15919 0.160862 0.161862 0.163738 0.16428 0.166173 0.169167 0.169669 0.167635 0.170604 0.169375 0.167147 0.175841 0.173466 0.172792 0.176797 0.171931 0.170657 0.170929 0.171468 0.172666 0.174132 0.175309 0.176632 0.177712 0.178605 0.179381 0.180103 0.180945 0.181956 0.183549 0.185691 0.190767 0.209384 0.212557
-9999 -9999 -9999 -9999 -9999 -9999 -9999 -9999 -9999 0.190784 0.184855 0.177765 0.173286 0.172035 0.168715 0.165739 0.165536 0.166228 0.165943 0.166453 0.168253 0.170239 0.172438 0.172936 0.175522 0.17094 0.171069 0.167369 0.165471 0.155928 0.157238 0.155518 0.153978 0.153782 0.152358 0.152985 0.154145 0.157358 0.158838 0.158037 0.158212 0.158646 0.160487 0.159765 0.160625 0.160598 0.160701 0.170315 0.169246 0.169677 0.168407 0.164495 0.164402 0.164947 0.16566 0.167035 0.168204 0.169151 0.170409 0.17154 0.172558 0.173479 0.174433 0.175565 0.176841 0.178933 0.181875 0.186242 0.207836 0.208482
-9999 -9999 -9999 -9999 -9999 -9999 -9999 -9999 -9999 0.187692 0.181536 0.175348 0.172379 0.171357 0.165659 0.161979 0.161419 0.161407 0.161418 0.163847 0.162795 0.162491 0.164434 0.167691 0.171375 0.169945 0.16807 0.165461 0.163522 0.154905 0.156151 0.155203 0.152281 0.149783 0.147207 0.14679 0.147898 0.152585 0.157407 0.154981 0.152242 0.151782 0.151921 0.153747 0.153935 0.154124 0.155512 0.164799 0.166176 0.165898 0.15932 0.159305 0.158866 0.15882 0.160719 0.161828 0.161915 0.162501 0.163728 0.164886 0.165969 0.167065 0.168216 0.169697 0.171353 0.173435 0.178435 0.182554 0.196796 0.203598
-9999 -9999 -9999 -9999 -9999 -9999 -9999 -9999 -9999 0.185135 0.180412 0.174458 0.171625 0.167683 0.162194 0.1592 0.157449 0.156839 0.156616 0.157301 0.157344 0.158155 0.160274 0.163475 0.167123 0.169149 0.166632 0.16448 0.156581 0.153016 0.154436 0.151929 0.148469 0.143505 0.140711 0.140372 0.140654 0.141576 0.145024 0.149126 0.148866 0.146413 0.147847 0.149557 0.14806 0.147972 0.149503 0.150665 0.159886 0.158695 0.154664 0.154793 0.153925 0.15224 0.153007 0.154288 0.154324 0.155472 0.156636 0.157771 0.158957 0.160186 0.161513 0.163151 0.165236 0.1691 0.172926 0.177713 0.18052 0.196884
-9999 -9999 -9999 -9999 -9999 -9999 -9999 -9999 -9999 0.183564 0.178234 0.172591 0.167337 0.162398 0.158101 0.157156 0.154616 0.153966 0.152299 0.151867 0.152427 0.153027 0.154772 0.1592 0.162719 0.166611 0.164246 0.160194 0.147617 0.149235 0.152958 0.147834 0.142339 0.137407 0.134639 0.136323 0.134153 0.134151 0.135325 0.13772 0.141522 0.141297 0.144107 0.144095 0.142452 0.141864 0.142062 0.143009 0.152082 0.152284 0.148647 0.14914 0.148242 0.146967 0.145784 0.146407 0.147022 0.148067 0.149172 0.150311 0.151557 0.152952 0.154535 0.1564 0.159951 0.164022 0.167487 0.171628 0.174391 0.183607
