Test_Spring_2018b/04_18/Prec/20180418_015.txt
ncols	170
nrows	115
xllcorner	350000.000000
yllcorner	4445000.000000
cellsize	1000.000000
nodata_value	-9999.000000
[rows 31 to 61 of 115, columns 71 to 141 of 170]
1.42074 1.44532 1.47572 1.50594 1.53377 1.64371 1.67631 1.77099 1.79772 1.82576 1.85048 1.87426 1.89685 1.91387 1.93208 1.96088 1.95755 1.95334 1.95328 1.9393 1.91934 1.90672 1.90114 1.88516 1.8716 1.80161 1.81764 1.79706 -9999 -9999 -9999 -9999 -9999 -9999 -9999 -9999 -9999 -9999 -9999 -9999 -9999 -9999 -9999 -9999 -9999 -9999 -9999 -9999 -9999 -9999 -9999 -9999 -9999 -9999 -9999 -9999 -9999 -9999 -9999 -9999 -9999 -9999 -9999 -9999 -9999 -9999 -9999 -9999 -9999 -9999 -9999
1.39205 1.41898 1.4498 1.4767 1.50571 1.62215 1.63311 1.73973 1.7635 1.78802 1.81339 1.83394 1.85196 1.86634 1.88186 1.90366 1.92017 1.91158 1.90651 1.90323 1.88234 1.87267 1.86839 1.86739 1.83726 1.81847 1.80686 1.7408 -9999 -9999 -9999 -9999 -9999 -9999 -9999 -9999 -9999 -9999 -9999 -9999 -9999 -9999 -9999 -9999 -9999 -9999 -9999 -9999 -9999 -9999 -9999 -9999 -9999 -9999 -9999 -9999 -9999 -9999 -9999 -9999 -9999 -9999 -9999 -9999 -9999 -9999 -9999 -9999 -9999 -9999 -9999
1.36363 1.39249 1.42261 1.448 1.4801 1.51554 1.6045 1.70934 1.73072 1.75218 1.77307 1.7916 1.80779 1.82391 1.83902 1.85794 1.87632 1.87932 1.86789 1.86082 1.85008 1.84246 1.83373 1.82625 1.80141 1.77986 1.72794 1.71134 1.69375 -9999 -9999 -9999 -9999 -9999 -9999 -9999 -9999 -9999 -9999 -9999 -9999 -9999 -9999 -9999 -9999 -9999 -9999 -9999 -9999 -9999 -9999 -9999 -9999 -9999 -9999 -9999 -9999 -9999 -9999 -9999 -9999 -9999 -9999 -9999 -9999 -9999 -9999 -9999 -9999 -9999 -9999
1.33614 1.36649 1.40141 1.42935 1.45912 1.47917 1.66401 1.68553 1.7003 1.72009 1.73795 1.75604 1.77123 1.78531 1.79928 1.81314 1.82607 1.84399 1.83015 1.81614 1.8086 1.79899 1.79069 1.78498 1.76233 1.74512 1.66029 1.68496 1.6677 1.64708 -9999 -9999 -9999 -9999 -9999 -9999 -9999 -9999 -9999 -9999 -9999 -9999 -9999 -9999 -9999 -9999 -9999 -9999 -9999 -9999 -9999 -9999 -9999 -9999 -9999 -9999 -9999 -9999 -9999 -9999 -9999 -9999 -9999 -9999 -9999 -9999 -9999 -9999 -9999 -9999 -9999
1.31007 1.34125 1.37819 1.40687 1.43533 1.45141 1.55326 1.65542 1.67419 1.69109 1.70803 1.72522 1.74537 1.75622 1.76386 1.77441 1.78879 1.80086 1.80193 1.78442 1.77417 1.76634 1.75272 1.74728 1.72972 1.7155 1.66019 1.61678 1.63802 1.6194 1.60599 -9999 -9999 -9999 -9999 -9999 -9999 -9999 -9999 -9999 -9999 -9999 -9999 -9999 -9999 -9999 -9999 -9999 -9999 -9999 -9999 -9999 -9999 -9999 -9999 -9999 -9999 -9999 -9999 -9999 -9999 -9999 -9999 -9999 -9999 -9999 -9999 -9999 -9999 -9999 -9999
-9999 -9999 -9999 1.38734 1.40778 1.50677 1.53153 1.63053 1.6489 1.66518 1.68178 1.70121 1.71542 1.72482 1.73538 1.74656 1.75324 1.76122 1.76749 1.76106 1.74422 1.74167 1.72404 1.71316 1.69835 1.6888 1.64009 1.6014 1.61938 1.60043 1.58539 -9999 -9999 -9999 -9999 -9999 -9999 -9999 -9999 -9999 -9999 -9999 -9999 -9999 -9999 -9999 -9999 -9999 -9999 -9999 -9999 -9999 -9999 -9999 -9999 -9999 -9999 -9999 -9999 -9999 -9999 -9999 -9999 -9999 -9999 -9999 -9999 -9999 -9999 -9999 -9999
-9999 -9999 -9999 -9999 1.38632 1.48304 1.50592 1.60799 1.62809 1.64336 1.65995 1.67595 1.68887 1.70005 1.70966 1.71909 1.72707 1.73477 1.73428 1.72402 1.71895 1.71346 1.70322 1.68841 1.67637 1.63107 1.62553 1.61348 1.60741 1.59083 1.56773 1.55109 -9999 -9999 -9999 -9999 -9999 -9999 -9999 -9999 -9999 -9999 -9999 -9999 1.34744 -9999 -9999 -9999 -9999 -9999 -9999 -9999 -9999 -9999 -9999 -9999 -9999 -9999 -9999 -9999 -9999 -9999 -9999 -9999 -9999 1.01372 -9999 -9999 -9999 -9999 -9999
-9999 -9999 -9999 1.33442 1.42499 1.45517 1.48305 1.51557 1.60934 1.62503 1.64222 1.65799 1.67115 1.68379 1.6913 1.69855 1.70695 1.7089 1.70551 1.70156 1.69553 1.68794 1.67961 1.67001 1.65876 1.6096 1.59701 1.58119 1.54652 1.55769 1.54142 1.52983 1.51754 -9999 -9999 -9999 -9999 -9999 -9999 -9999 1.39251 1.38211 1.37021 1.35496 1.33423 1.32179 -9999 -9999 -9999 -9999 -9999 -9999 -9999 -9999 -9999 -9999 -9999 -9999 -9999 -9999 -9999 -9999 -9999 -9999 -9999 1.00414 1.00754 -9999 -9999 -9999 -9999
-9999 -9999 -9999 1.36741 1.39961 1.43382 1.46447 1.49507 1.59188 1.61203 1.62886 1.64415 1.65793 1.66986 1.67649 1.68477 1.68932 1.69146 1.68712 1.68351 1.67985 1.67442 1.66657 1.65903 1.64565 1.59259 1.57656 1.56208 1.54715 1.53383 1.52377 1.5148 1.50495 -9999 -9999 -9999 -9999 -9999 -9999 1.38686 1.37283 1.36027 1.35627 1.33848 1.31933 1.30418 1.21186 -9999 -9999 -9999 -9999 -9999 -9999 -9999 -9999 -9999 -9999 -9999 -9999 -9999 -9999 0.974689 0.97998 0.99372 0.999019 1.00043 1.0035 -9999 -9999 -9999 -9999
-9999 -9999 -9999 1.34355 1.37803 1.41393 1.44882 1.48446 1.58031 1.60112 1.62011 1.6363 1.64931 1.65937 1.66954 1.67542 1.68283 1.6784 1.67714 1.675 1.67445 1.66894 1.66729 1.65852 1.60999 1.58301 1.5665 1.55441 1.54433 1.56084 1.51244 1.49416 1.48245 -9999 -9999 -9999 -9999 -9999 -9999 1.37126 1.35843 1.34577 1.33567 1.33088 1.30814 1.21827 1.20471 1.18591 1.1609 1.13758 1.08858 1.05496 1.03708 1.02457 1.00919 -9999 -9999 -9999 -9999 0.971455 0.968164 0.965594 0.966991 0.983161 0.993132 1.00122 0.968281 -9999 -9999 -9999 -9999
-9999 -9999 -9999 1.31637 1.35669 1.39839 1.44014 1.47642 1.57209 1.59528 1.59709 1.61539 1.62983 1.64085 1.64971 1.6572 1.65889 1.65883 1.65778 1.66215 1.66579 1.65161 1.66596 1.6658 1.60555 1.57775 1.56013 1.54847 1.53824 1.53978 1.49155 1.47425 1.42153 -9999 -9999 -9999 1.36279 1.34723 1.33974 1.33072 1.31603 1.30186 1.3248 1.31138 1.24717 1.21629 1.20145 1.18551 1.16115 1.12849 1.10338 1.04414 1.02511 1.01161 0.970319 0.958461 0.949745 0.94376 0.940017 0.936795 0.93384 0.931673 0.932373 0.973369 0.981018 0.984486 0.981494 -9999 -9999 -9999 -9999
-9999 -9999 -9999 1.28774 1.33003 1.37287 1.41547 1.45662 1.49243 1.57619 1.59713 1.61673 1.63537 1.64494 1.65357 1.65903 1.66194 1.66247 1.66679 1.67153 1.6738 1.66779 1.65172 1.64346 1.592 1.56266 1.55741 1.48583 1.47354 1.45074 1.44546 1.42109 1.41415 -9999 -9999 1.37442 1.35138 1.33448 1.3236 1.3165 1.31011 1.29525 1.28479 1.2648 1.20587 1.18313 1.1608 1.18024 1.15352 1.08672 1.06316 1.01135 0.98459 0.970023 0.958694 0.947994 0.940724 0.935542 0.931959 0.930507 0.928014 0.92615 0.926217 0.935723 0.938542 0.916416 0.949051 -9999 -9999 -9999 -9999
-9999 -9999 -9999 1.26285 1.30593 1.34884 1.39427 1.4357 1.49336 1.57917 1.60238 1.62146 1.6409 1.65546 1.66183 1.66727 1.66937 1.66845 1.67126 1.67237 1.67512 1.67034 1.6594 1.64434 1.55352 1.52282 1.49623 1.4705 1.44304 1.43176 1.42833 1.41189 1.39535 1.38737 -9999 1.36269 1.34941 1.33197 1.31721 1.30619 1.30339 1.28816 1.277 1.22149 1.20594 1.17849 1.12145 1.09732 1.07432 1.04619 1.04909 1.00007 0.981065 0.960815 0.948988 0.939699 0.933058 0.928514 0.925527 0.923756 0.92256 0.921657 0.920979 0.924436 0.906483 0.914089 0.946902 -9999 -9999 -9999 -9999
-9999 -9999 1.20816 1.24824 1.29182 1.33956 1.38733 1.43373 1.47806 1.56064 1.6059 1.62962 1.64747 1.66719 1.67658 1.68115 1.67963 1.67763 1.67263 1.66843 1.67222 1.66303 1.61276 1.59686 1.55074 1.51843 1.48017 1.45161 1.42974 1.41054 1.40736 1.39645 1.38473 1.3783 1.3659 1.35098 1.34056 1.32864 1.31278 1.30043 1.29178 1.28344 1.24084 1.22237 1.17271 1.14042 1.11555 1.09211 1.0671 1.04305 1.01761 0.97254 0.972655 0.95597 0.941244 0.932449 0.926379 0.92249 0.920212 0.919088 0.918613 0.917996 0.916996 0.899289 0.902337 0.890509 0.911527 -9999 -9999 -9999 -9999
-9999 -9999 -9999 1.23756 1.28698 1.33909 1.3903 1.43882 1.48459 1.56475 1.59839 1.6251 1.65756 1.67636 1.69231 1.69351 1.69297 1.68815 1.68131 1.67158 1.64662 1.62959 1.60814 1.58894 1.53328 1.49723 1.46501 1.43644 1.41972 1.40545 1.40606 1.39665 1.37907 1.37455 1.35619 1.34509 1.32909 1.31838 1.31331 1.30851 1.29103 1.26038 1.22095 1.19457 1.17379 1.13764 1.11289 1.08395 1.05744 1.03228 1.0191 0.967593 0.953171 0.936075 0.936409 0.926343 0.920966 0.91776 0.916315 0.915838 0.915793 0.915485 0.903434 0.881824 0.877791 0.892734 0.910014 -9999 -9999 -9999 -9999
-9999 -9999 -9999 -9999 -9999 1.33536 1.38797 1.44014 1.48917 1.56714 1.60175 1.6316 1.65683 1.67819 1.69892 1.70644 1.70662 1.70822 1.68682 1.66374 1.64143 1.61567 1.59772 1.5534 1.51257 1.47951 1.45452 1.4295 1.40681 1.39421 1.39059 1.38352 1.37712 1.36451 1.34345 1.32715 1.31221 1.30572 1.30812 1.30291 1.26916 1.24466 1.21984 1.19604 1.17371 1.13567 1.11119 1.07656 1.04819 1.02477 1.00351 0.961804 0.945217 0.933961 0.921965 0.916335 0.917014 0.914597 0.913733 0.913771 0.914034 0.899318 0.89207 0.88324 0.873499 0.88819 0.911428 -9999 -9999 -9999 -9999
-9999 -9999 -9999 -9999 -9999 1.33475 1.38941 1.44113 1.48575 1.56691 1.60333 1.63615 1.66215 1.6841 1.70272 1.71537 1.72091 1.72009 1.70398 1.6762 1.6467 1.61756 1.59606 1.53909 1.5041 1.47167 1.44822 1.42402 1.39872 1.38566 1.38324 1.37207 1.36917 1.35156 1.33749 1.32509 1.30949 1.29997 1.29378 1.28702 1.2698 1.24305 1.22048 1.19908 1.16997 1.13304 1.10935 1.07138 1.04065 1.01616 0.992255 0.952886 0.938937 0.92757 0.919428 0.914539 0.912718 0.913038 0.912637 0.912893 0.906888 0.901213 0.893237 0.883582 0.872852 0.877773 0.909427 -9999 -9999 -9999 -9999
-9999 -9999 -9999 -9999 -9999 -9999 1.39027 1.43817 1.48066 1.56394 1.60336 1.63484 1.66245 1.68604 1.7026 1.7162 1.72509 1.73409 1.71671 1.68857 1.65136 1.61532 1.58311 1.53376 1.50165 1.47882 1.45605 1.42489 1.39744 1.38135 1.37689 1.36791 1.34648 1.32896 1.31481 1.30748 1.30737 1.29924 1.28968 1.28417 1.26521 1.24008 1.2192 1.19352 1.16502 1.12786 1.09628 1.06532 1.03226 1.00921 0.984302 0.944968 0.933159 0.923831 0.917472 0.913529 0.912361 0.912324 0.912436 0.91135 0.907618 0.901424 0.892867 0.88245 0.870923 0.860377 0.878058 0.879295 -9999 -9999 -9999
-9999 -9999 -9999 -9999 -9999 -9999 1.39144 1.44228 1.48215 1.56437 1.5978 1.62877 1.65684 1.68239 1.6943 1.71373 1.71829 1.72529 1.71919 1.69326 1.66914 1.62265 1.57496 1.52482 1.51522 1.48857 1.46101 1.427 1.39828 1.37616 1.37902 1.36462 1.33733 1.31938 1.30711 1.29937 1.29387 1.2949 1.28144 1.27091 1.25316 1.23405 1.20932 1.18641 1.15918 1.11574 1.08713 1.05729 1.02453 1.00358 0.977318 0.939072 0.929376 0.922134 0.915198 0.912702 0.911967 0.909902 0.911094 0.909203 0.906325 0.899457 0.890272 0.879314 0.86707 0.854677 0.858483 0.858219 0.854137 0.845773 -9999
-9999 -9999 -9999 -9999 -9999 -9999 -9999 1.44585 1.47888 1.55676 1.59085 1.61823 1.64547 1.65616 1.67887 1.69828 1.70784 1.7135 1.71282 1.70418 1.65555 1.60556 1.56205 1.51035 1.49677 1.47005 1.43659 1.4001 1.37729 1.3573 1.35812 1.34437 1.33643 1.32498 1.29989 1.2871 1.28322 1.27826 1.27377 1.26122 1.24312 1.22261 1.19721 1.16965 1.13982 1.10449 1.06994 1.04326 1.01449 0.991146 0.971007 0.933363 0.926337 0.917995 0.912743 0.910898 0.901738 0.905162 0.906027 0.903738 0.898061 0.894844 0.885149 0.873622 0.86111 0.848296 0.850722 0.843221 0.841234 0.842688 0.847732
-9999 -9999 -9999 -9999 -9999 -9999 -9999 1.4442 1.47468 1.55181 1.57742 1.60328 1.60552 1.63157 1.65294 1.66997 1.68189 1.68375 1.68536 1.68072 1.64055 1.58928 1.54575 1.51151 1.47708 1.43706 1.40923 1.37805 1.36033 1.34171 1.33562 1.32568 1.32053 1.30068 1.29024 1.27744 1.27125 1.26366 1.25544 1.24368 1.22771 1.20972 1.18223 1.16187 1.12656 1.08763 1.05826 1.03067 1.00516 0.982864 0.96396 0.925961 0.917328 0.913703 0.897713 0.889269 0.893581 0.896469 0.896929 0.894268 0.888185 0.87892 0.877601 0.865253 0.852611 0.839835 0.843107 0.834876 0.828496 0.825015 0.833228
-9999 -9999 -9999 -9999 -9999 -9999 -9999 1.45727 1.47612 1.53623 1.56132 1.55132 1.57872 1.6019 1.62317 1.63592 1.645 1.64582 1.64294 1.63879 1.6233 1.58944 1.53225 1.49215 1.44015 1.40835 1.38322 1.36038 1.33681 1.316 1.31443 1.27518 1.27992 1.25807 1.26427 1.25449 1.25391 1.25295 1.23331 1.22266 1.20804 1.19348 1.17667 1.14867 1.11927 1.07883 1.0549 1.02441 0.996874 0.974378 0.95646 0.918161 0.891524 0.88999 0.873787 0.877725 0.881478 0.883773 0.883637 0.880503 0.874254 0.864933 0.853027 0.854355 0.841564 0.828993 0.833642 0.825661 0.819526 0.815272 0.814508
-9999 -9999 -9999 -9999 -9999 -9999 -9999 1.43213 1.50443 1.52236 1.5041 1.52468 1.54939 1.56771 1.58437 1.59647 1.6045 1.60688 1.60332 1.59862 1.58555 1.54688 1.5149 1.47178 1.41462 1.39005 1.36225 1.33792 1.27215 1.25701 1.25502 1.25125 1.2245 1.22966 1.23885 1.22608 1.22412 1.22309 1.20923 1.19837 1.19334 1.18195 1.16026 1.12978 1.10708 1.07117 1.04531 1.0175 0.986495 0.945707 0.929855 0.886485 0.881368 0.857321 0.859442 0.862599 0.865455 0.86698 0.86618 0.862595 0.856233 0.847062 0.835664 0.822945 0.827375 0.814884 0.821594 0.814715 0.808889 0.804991 0.803349
-9999 -9999 -9999 -9999 -9999 -9999 -9999 1.36929 1.49385 1.51029 1.47846 1.49485 1.51441 1.53058 1.54474 1.55634 1.56103 1.56105 1.5577 1.54655 1.53476 1.52293 1.47565 1.45614 1.40011 1.32181 1.28769 1.2633 1.24569 1.25725 1.24106 1.19479 1.19822 1.19895 1.20268 1.19432 1.19227 1.18794 1.18049 1.17771 1.17462 1.16564 1.13698 1.11489 1.0845 1.06027 1.00259 0.971629 0.948053 0.937143 0.926512 0.87522 0.842604 0.84124 0.842018 0.84376 0.845728 0.846221 0.844864 0.840996 0.834529 0.825723 0.814973 0.803027 0.790626 0.798453 0.807376 0.800079 0.786137 0.782267 0.783303
-9999 -9999 -9999 -9999 -9999 -9999 -9999 -9999 1.43977 1.40034 1.41112 1.42785 1.44496 1.46099 1.47496 1.48463 1.48814 1.48611 1.48041 1.47065 1.46036 1.44387 1.41198 1.39159 1.34185 1.30957 1.27174 1.24494 1.23168 1.24144 1.17571 1.15806 1.15331 1.15143 1.15067 1.16232 1.15971 1.15617 1.15361 1.1605 1.1343 1.12217 1.09931 1.07932 1.04152 1.01211 0.979692 0.95408 0.933348 0.924819 0.872134 0.824943 0.818226 0.818199 0.81689 0.821555 0.822341 0.822027 0.820082 0.815904 0.809528 0.801165 0.784517 0.772712 0.760483 0.770554 0.782447 0.775896 0.770868 0.768293 0.76572
-9999 -9999 -9999 -9999 -9999 -9999 -9999 -9999 1.37087 1.37642 1.37931 1.39532 1.40822 1.4182 1.4297 1.43893 1.44252 1.44066 1.43391 1.42764 1.41715 1.40325 1.38216 1.35589 1.32372 1.29145 1.25209 1.22792 1.2111 1.17313 1.16546 1.14343 1.1262 1.12071 1.11793 1.12655 1.11878 1.11839 1.11775 1.10753 1.09588 1.08611 1.06171 1.04626 1.02131 0.986165 0.959916 0.937915 0.914814 0.906854 0.854189 0.805381 0.797377 0.795869 0.791001 0.789706 0.789354 0.788298 0.785677 0.781185 0.774631 0.766361 0.756668 0.746083 0.73534 0.725255 0.739565 0.767345 0.762399 0.756767 0.753124
-9999 -9999 -9999 -9999 -9999 -9999 -9999 -9999 1.3449 1.35273 1.35397 1.35841 1.37415 1.38021 1.38585 1.3939 1.39769 1.39688 1.38961 1.38583 1.37947 1.36846 1.35701 1.33337 1.3042 1.26236 1.23026 1.20851 1.19312 1.14461 1.12723 1.10789 1.09498 1.08699 1.08227 1.0792 1.0741 1.07085 1.06271 1.05703 1.05296 1.04031 1.01911 1.01104 0.990253 0.966199 0.937081 0.912147 0.893019 0.88846 0.791797 0.777752 0.769801 0.764058 0.761285 0.759958 0.758042 0.756315 0.75326 0.748707 0.742618 0.735059 0.726523 0.717251 0.708598 0.700712 0.70066 0.748698 0.743606 0.736861 0.732224
-9999 -9999 -9999 -9999 -9999 -9999 -9999 -9999 1.31941 1.32478 1.32487 1.32999 1.34151 1.34402 1.34412 1.34852 1.3518 1.34869 1.34441 1.34065 1.33467 1.32703 1.31277 1.30323 1.27261 1.2358 1.20651 1.18332 1.12963 1.11578 1.09529 1.07726 1.06479 1.05026 1.04256 1.03691 1.03714 1.03205 1.01972 1.00917 0.998253 0.990223 0.973892 0.961237 0.945465 0.92974 0.903516 0.884146 0.869829 0.820312 0.755587 0.745361 0.738288 0.732838 0.730142 0.727405 0.724221 0.721745 0.718405 0.713974 0.70831 0.70168 0.69449 0.686712 0.680393 0.675824 0.67486 0.732863 0.721658 0.711427 0.689286
-9999 -9999 -9999 -9999 -9999 -9999 -9999 -9999 1.29963 1.30064 1.29983 1.30609 1.31551 1.30899 1.30535 1.30757 1.30828 1.30602 1.30771 1.29678 1.28556 1.27864 1.27377 1.26886 1.24858 1.20663 1.18192 1.15928 1.10683 1.09274 1.07405 1.05138 1.03145 1.01258 1.00082 0.994015 0.997627 1.0015 0.984364 0.965716 0.952812 0.940845 0.932953 0.919789 0.906174 0.895702 0.88818 0.858115 0.843268 0.735271 0.724567 0.713755 0.705091 0.702849 0.699051 0.692784 0.688099 0.685119 0.681576 0.677229 0.67218 0.666452 0.660802 0.654833 0.649344 0.651563 0.650858 0.686651 0.696342 0.688737 0.633122
-9999 -9999 -9999 -9999 -9999 -9999 -9999 -9999 1.28311 1.28497 1.28179 1.28568 1.28436 1.27638 1.27309 1.2708 1.26918 1.26608 1.26306 1.25584 1.24863 1.24321 1.23923 1.23521 1.22562 1.20254 1.15957 1.08645 1.08042 1.06648 1.04272 1.01766 0.989701 0.969133 0.95656 0.946506 0.938737 0.938338 0.939743 0.928489 0.910609 0.903321 0.896338 0.879785 0.866868 0.858301 0.848572 0.821791 0.773254 0.704238 0.694582 0.682884 0.669631 0.664036 0.660447 0.653686 0.65025 0.646818 0.643061 0.639032 0.634571 0.629741 0.625105 0.621052 0.621417 0.621122 0.623129 0.619233 0.664835 0.641814 0.601519
-9999 -9999 -9999 -9999 -9999 -9999 -9999 -9999 1.27116 1.26852 1.26364 1.25826 1.252 1.24562 1.24672 1.24112 1.23871 1.2312 1.22502 1.21955 1.2122 1.20628 1.20635 1.20246 1.19852 1.17601 1.1302 1.06282 1.04782 1.03975 1.00765 0.97576 0.946755 0.925144 0.917312 0.899464 0.88852 0.88144 0.878134 0.878936 0.86822 0.865945 0.855357 0.839799 0.826909 0.815961 0.806935 0.803083 0.736553 0.668884 0.660783 0.649266 0.637223 0.625965 0.62028 0.614904 0.61094 0.607186 0.603414 0.599685 0.595988 0.592336 0.588922 0.589705 0.591369 0.590752 0.59158 0.588129 0.613191 0.61115 0.57058
