Test_Spring_2018b/04_18/Prec/20180406_004.txt
ncols	170
nrows	115
xllcorner	350000.000000
yllcorner	4445000.000000
cellsize	1000.000000
nodata_value	-9999.000000
[rows 33 to 65 of 115, columns 74 to 147 of 170]
0 0 0 0 0 0 0 0 0 0 0 0 0.116283 0.143892 0.151635 0.141027 0.14277 0.143359 0.153568 0.165923 0.183708 0.175655 0.17496 0.204325 0.230222 0.251116 -9999 -9999 -9999 -9999 -9999 -9999 -9999 -9999 -9999 -9999 -9999 -9999 -9999 -9999 -9999 -9999 -9999 -9999 -9999 -9999 -9999 -9999 -9999 -9999 -9999 -9999 -9999 -9999 -9999 -9999 -9999 -9999 -9999 -9999 -9999 -9999 -9999 -9999 -9999 -9999 -9999 -9999 -9999 -9999 -9999 -9999 -9999 -9999
0 0 0 0 0 0 0 0 0 0 0 0 0.110113 0.128814 0.160264 0.144009 0.131927 0.134747 0.138234 0.147611 0.164581 0.156487 0.15955 0.191199 0.225233 0.240698 0.249138 -9999 -9999 -9999 -9999 -9999 -9999 -9999 -9999 -9999 -9999 -9999 -9999 -9999 -9999 -9999 -9999 -9999 -9999 -9999 -9999 -9999 -9999 -9999 -9999 -9999 -9999 -9999 -9999 -9999 -9999 -9999 -9999 -9999 -9999 -9999 -9999 -9999 -9999 -9999 -9999 -9999 -9999 -9999 -9999 -9999 -9999 -9999
0 0 0 0 0 0 0 0 0 0 0 0 0.105071 0.126155 0.147304 0.154235 0.134504 0.13055 0.134343 0.132236 0.146905 0.144626 0.15031 0.159546 0.197694 0.224206 0.234864 0.252417 -9999 -9999 -9999 -9999 -9999 -9999 -9999 -9999 -9999 -9999 -9999 -9999 -9999 -9999 -9999 -9999 -9999 -9999 -9999 -9999 -9999 -9999 -9999 -9999 -9999 -9999 -9999 -9999 -9999 -9999 -9999 -9999 -9999 -9999 -9999 -9999 -9999 -9999 -9999 -9999 -9999 -9999 -9999 -9999 -9999 -9999
0 0 0 0 0 0 0 0 0 0 0 0 0.108887 0.117244 0.131148 0.145657 0.142752 0.126284 0.13692 0.126347 0.130324 0.131007 0.143136 0.167025 0.203251 0.225254 0.235055 0.249803 -9999 -9999 -9999 -9999 -9999 -9999 -9999 -9999 -9999 -9999 -9999 -9999 -9999 -9999 -9999 -9999 -9999 -9999 -9999 -9999 -9999 -9999 -9999 -9999 -9999 -9999 -9999 -9999 -9999 -9999 -9999 -9999 -9999 -9999 -9999 -9999 -9999 -9999 -9999 -9999 -9999 -9999 -9999 -9999 -9999 -9999
-9999 0 0 0 0 0 0 0 0 0 0 0 0.104119 0.114568 0.127648 0.130387 0.120291 0.122132 0.126837 0.127366 0.124014 0.128661 0.145076 0.176071 0.191835 0.236173 0.250303 0.252317 0.262885 -9999 -9999 -9999 -9999 -9999 -9999 -9999 -9999 -9999 -9999 -9999 -9999 0.249994 -9999 -9999 -9999 -9999 -9999 -9999 -9999 -9999 -9999 -9999 -9999 -9999 -9999 -9999 -9999 -9999 -9999 -9999 -9999 -9999 0.284932 -9999 -9999 -9999 -9999 -9999 -9999 -9999 -9999 -9999 -9999 -9999
0 0 0 0 0 0 0 0 0 0 0 0 0.101507 0.112624 0.116076 0.113714 0.113572 0.113381 0.114221 0.117623 0.122801 0.129019 0.144595 0.158823 0.169579 0.205771 0.226182 0.240519 0.260345 0.276201 -9999 -9999 -9999 -9999 -9999 -9999 -9999 0.256176 0.257134 0.257031 0.253392 0.243093 0.248908 -9999 -9999 -9999 -9999 -9999 -9999 -9999 -9999 -9999 -9999 -9999 -9999 -9999 -9999 -9999 -9999 -9999 -9999 -9999 0.267232 0.279077 -9999 -9999 -9999 -9999 -9999 -9999 -9999 -9999 -9999 -9999
0 0 0 0 0 0 0 0 0 0 0 0 0.100877 0.105675 0.10944 0.105538 0.105982 0.109788 0.114414 0.11907 0.128375 0.132189 0.140948 0.151331 0.166312 0.181705 0.216337 0.242561 0.268066 0.288894 -9999 -9999 -9999 -9999 -9999 -9999 0.253864 0.245534 0.240432 0.251096 0.241507 0.232545 0.233211 0.239888 -9999 -9999 -9999 -9999 -9999 -9999 -9999 -9999 -9999 -9999 -9999 -9999 -9999 -9999 0.197657 0.2113 0.238758 0.252489 0.26013 0.270845 -9999 -9999 -9999 -9999 -9999 -9999 -9999 -9999 -9999 -9999
0 0 0 0 0 0 0 0 0 0 0 0 0 0.108278 0.101456 0.102932 0.106256 0.115789 0.121122 0.137099 0.145823 0.153378 0.145222 0.157406 0.179059 0.20526 0.240713 0.254239 0.266205 0.285192 -9999 -9999 -9999 -9999 -9999 -9999 0.251676 0.242453 0.234514 0.232864 0.242892 0.22691 0.226082 0.232429 0.231988 0.222467 0.216099 0.217763 0.210697 0.204914 0.205345 0.198209 -9999 -9999 -9999 -9999 0.187568 0.186921 0.186698 0.192674 0.222973 0.243391 0.261197 0.259556 -9999 -9999 -9999 -9999 -9999 -9999 -9999 -9999 -9999 -9999
0 0 0 0 0 0 0 0 0 0 0 0 0 0 0 0.10177 0.117932 0.136874 0.130674 0.146093 0.174695 0.159071 0.152581 0.166154 0.191877 0.221171 0.238282 0.249134 0.264731 0.281505 -9999 -9999 -9999 0.274903 0.262462 0.261494 0.257449 0.244794 0.234771 0.22899 0.223101 0.227554 0.224714 0.230385 0.236448 0.230077 0.21054 0.202966 0.201858 0.195394 0.195017 0.186167 0.179098 0.174634 0.172544 0.172538 0.172325 0.171989 0.172804 0.178491 0.209238 0.224744 0.234064 0.246135 -9999 -9999 -9999 -9999 -9999 -9999 -9999 -9999 -9999 -9999
0 0 0 0 0 0 0 0 0 0 0 0 0 0 0 0.112957 0.131378 0.150114 0.159705 0.160708 0.176943 0.172727 0.166103 0.177776 0.194364 0.221123 0.228797 0.242342 0.272849 0.295874 -9999 -9999 0.301028 0.27703 0.259894 0.250788 0.247513 0.246406 0.233622 0.23128 0.217081 0.2229 0.231841 0.226999 0.232262 0.224353 0.209637 0.204109 0.19275 0.184665 0.179242 0.175676 0.169908 0.166943 0.165107 0.164213 0.165771 0.16515 0.165574 0.169518 0.189504 0.19906 0.206857 0.237192 -9999 -9999 -9999 -9999 -9999 -9999 -9999 -9999 -9999 -9999
0 0 0 0 0 0 0 0 0 0 0 0 0 0 0 0.111125 0.125581 0.147521 0.161918 0.174075 0.182495 0.192592 0.190972 0.196697 0.20339 0.205782 0.220738 0.241546 0.257901 0.288995 0.304071 -9999 0.301731 0.291427 0.270859 0.252867 0.240867 0.243787 0.229052 0.224775 0.219176 0.221436 0.223748 0.21988 0.216447 0.213801 0.200819 0.191801 0.184097 0.176855 0.172843 0.168132 0.164005 0.161126 0.159227 0.158144 0.158056 0.158574 0.159767 0.161882 0.171518 0.179312 0.199165 0.231864 -9999 -9999 -9999 -9999 -9999 -9999 -9999 -9999 -9999 -9999
0 0 0 0 0 0 0 0 0 0 0.103459 0.104141 0.103426 0 0 0.100644 0.108548 0.134885 0.146655 0.161517 0.180986 0.190933 0.191233 0.181829 0.18732 0.201705 0.217374 0.240293 0.257598 0.275664 0.309118 0.309087 0.298748 0.29078 0.276842 0.254742 0.238569 0.230342 0.225928 0.221673 0.216695 0.21579 0.213682 0.212015 0.212278 0.208506 0.203983 0.194103 0.186135 0.172902 0.165501 0.163129 0.159043 0.156104 0.154163 0.153119 0.153057 0.153888 0.154888 0.156026 0.155939 0.16867 0.196908 0.216024 -9999 -9999 -9999 -9999 -9999 -9999 -9999 -9999 -9999 -9999
0 0 0 0 0 0 0 0 0 0 0.104009 0.114049 0.107175 0.104419 0.10127 0.101089 0.102146 0.125377 0.137948 0.148791 0.167607 0.164827 0.163284 0.167485 0.175992 0.201177 0.22657 0.258173 0.284593 0.290626 0.308415 0.30738 0.301205 0.281811 0.267698 0.261401 0.256102 0.23232 0.22678 0.219603 0.210774 0.214958 0.208735 0.209963 0.203528 0.199235 0.194367 0.205635 0.185387 0.179816 0.165139 0.156971 0.154721 0.151904 0.150018 0.14933 0.149459 0.150322 0.15138 0.151591 0.15066 0.158523 0.197488 0.212948 -9999 -9999 -9999 -9999 -9999 -9999 -9999 -9999 -9999 -9999
-9999 -9999 0 0 0 0 0 0 0 0 0.100507 0.110932 0.113824 0.112366 0.120614 0.113307 0.104279 0.105113 0.107475 0.12839 0.140577 0.134534 0.141508 0.160594 0.177239 0.194221 0.223266 0.249315 0.279132 0.302553 0.307944 0.291842 0.279611 0.260001 0.251101 0.255712 0.248828 0.235883 0.220844 0.211729 0.209624 0.213852 0.2066 0.210597 0.196753 0.190896 0.189894 0.188427 0.182657 0.172769 0.166594 0.154822 0.150023 0.148556 0.14702 0.146464 0.146805 0.147769 0.147642 0.148312 0.148602 0.14849 0.188415 0.215787 -9999 -9999 -9999 -9999 -9999 -9999 -9999 -9999 -9999 -9999
-9999 -9999 0 0.100061 0 0 0 0 0 0 0.101244 0.110261 0.118803 0.126202 0.135544 0.129952 0.115671 0.107728 0.107904 0.126446 0.120258 0.126909 0.13749 0.161079 0.180391 0.193753 0.222091 0.250336 0.272314 0.299986 0.295435 0.289029 0.278554 0.25803 0.243032 0.235897 0.239974 0.230805 0.213659 0.210228 0.21426 0.209542 0.205748 0.212747 0.194726 0.185845 0.183495 0.177653 0.17427 0.167664 0.160019 0.153199 0.148279 0.146121 0.145251 0.144895 0.145264 0.145564 0.146382 0.146847 0.14699 0.146539 0.171638 0.214421 -9999 -9999 -9999 -9999 -9999 -9999 -9999 -9999 -9999 -9999
-9999 -9999 -9999 0.109307 0.102249 0 0 0 0 0 0.103396 0.10796 0.118094 0.131099 0.155749 0.149225 0.136055 0.117489 0.108584 0.111794 0.11983 0.132903 0.160506 0.185923 0.19399 0.203457 0.225939 0.249919 0.273771 0.269102 0.262791 0.254509 0.250971 0.254338 0.241662 0.230387 0.23339 0.222505 0.209503 0.210521 0.209196 0.207048 0.203863 0.198816 0.192822 0.180218 0.179952 0.171805 0.167303 0.162922 0.157232 0.151972 0.14738 0.145323 0.144371 0.144053 0.144501 0.144904 0.145543 0.145952 0.145872 0.145169 0.145827 0.166525 0.177855 -9999 -9999 -9999 -9999 -9999 -9999 -9999 -9999 -9999
-9999 -9999 -9999 0.120482 0.119454 0.102699 0.102014 0 0 0 0.105902 0.110726 0.125644 0.13029 0.15303 0.163476 0.154714 0.158594 0.13346 0.112079 0.119554 0.169755 0.190848 0.207804 0.210191 0.216188 0.227042 0.261124 0.27389 0.257451 0.248525 0.241828 0.236614 0.236577 0.23719 0.21957 0.216471 0.20874 0.206873 0.20274 0.207004 0.207691 0.194378 0.194195 0.189677 0.176881 0.179054 0.167459 0.16397 0.161611 0.157947 0.150478 0.147242 0.145181 0.144041 0.144015 0.144216 0.144951 0.145116 0.145223 0.145015 0.143868 0.14214 0.140112 0.149312 0.149026 0.138178 -9999 -9999 -9999 -9999 -9999 -9999 -9999
-9999 -9999 -9999 -9999 0.139212 0.113782 0.105864 0.102552 0 0 0.103345 0.110472 0.12547 0.138275 0.158688 0.181917 0.195051 0.158393 0.127126 0.112034 0.116611 0.158861 0.178243 0.183644 0.179884 0.193351 0.205329 0.233356 0.244726 0.2579 0.2579 0.248113 0.237391 0.227206 0.218947 0.217243 0.209406 0.205969 0.202662 0.198028 0.194906 0.191237 0.190533 0.179639 0.179097 0.171407 0.168037 0.164773 0.162003 0.162533 0.155745 0.14998 0.147053 0.144446 0.144057 0.14383 0.143798 0.143831 0.144952 0.14472 0.144011 0.142773 0.140616 0.135556 0.13297 0.136123 0.14129 0.14869 -9999 -9999 -9999 -9999 -9999 -9999
-9999 -9999 -9999 -9999 0.153617 0.128039 0.119227 0.104319 0 0 0.10019 0.106235 0.117874 0.134609 0.148322 0.174446 0.201675 0.162899 0.130633 0.113651 0.115164 0.150821 0.145535 0.157335 0.159403 0.178353 0.189773 0.203284 0.218404 0.234073 0.252269 0.259799 0.234987 0.222415 0.211364 0.205053 0.199864 0.195118 0.194122 0.195545 0.203747 0.190101 0.181869 0.1777 0.17371 0.169302 0.165548 0.162244 0.159195 0.155632 0.155452 0.148201 0.145535 0.144502 0.143871 0.143572 0.14341 0.143101 0.142535 0.141297 0.142974 0.141477 0.139247 0.133985 0.130083 0.125865 0.122743 0.135148 0.139916 0.133375 0.135979 -9999 -9999 -9999
-9999 -9999 -9999 -9999 0.194997 0.155414 0.127434 0.112411 0.100542 0 0 0.1067 0.112346 0.124576 0.135935 0.153262 0.179249 0.195595 0.1672 0.126202 0.115079 0.119024 0.12359 0.136257 0.148607 0.154692 0.159527 0.177233 0.198582 0.219842 0.226135 0.23543 0.217425 0.216065 0.217834 0.19444 0.19238 0.190655 0.195432 0.203689 0.197163 0.204067 0.19089 0.193201 0.181917 0.171657 0.165153 0.161217 0.158588 0.153421 0.151001 0.146573 0.145165 0.144258 0.143626 0.143119 0.142662 0.142231 0.141392 0.139893 0.13803 0.135597 0.137745 0.132397 0.128581 0.124494 0.119894 0.117396 0.116034 0.114828 0.117072 0.114716 -9999 -9999
-9999 -9999 -9999 -9999 0.193896 0.162675 0.134903 0.11966 0.104263 0.10226 0 0.100556 0.106528 0.117369 0.130551 0.145028 0.167537 0.1846 0.166043 0.139281 0.121231 0.116535 0.122395 0.126752 0.133002 0.142237 0.149327 0.159433 0.173063 0.189501 0.202218 0.218491 0.197901 0.196614 0.200421 0.188224 0.186971 0.201458 0.211213 0.208803 0.199915 0.202943 0.19521 0.202379 0.192581 0.173844 0.171974 0.16738 0.157802 0.153667 0.148137 0.14613 0.144779 0.143754 0.143041 0.142303 0.141534 0.140875 0.139795 0.138274 0.136495 0.133732 0.130757 0.124989 0.127329 0.123384 0.119148 0.115134 0.101675 0 0 0.109773 0.113859 -9999
-9999 -9999 -9999 -9999 0.194175 0.172665 0.147673 0.123443 0.106619 0.100911 0 0 0.105215 0.11104 0.11962 0.132581 0.141697 0.157307 0.178771 0.146144 0.137703 0.130796 0.133441 0.127479 0.1319 0.140846 0.156584 0.155885 0.157103 0.173449 0.180869 0.190586 0.179855 0.180941 0.181495 0.181445 0.194364 0.21215 0.225205 0.209954 0.208395 0.202832 0.210595 0.190203 0.17462 0.166783 0.179105 0.181187 0.161386 0.152848 0.148993 0.146156 0.144043 0.143084 0.141953 0.141159 0.14026 0.139201 0.137973 0.136352 0.134403 0.13204 0.128744 0.123086 0.11935 0.104642 0.100297 0.104496 0.10061 0 0 0 0.107703 0.105194
-9999 -9999 -9999 -9999 -9999 0.188125 0.156003 0.126634 0.111068 0.10178 0 0 0.103324 0.107646 0.113386 0.123142 0.135302 0.154222 0.168843 0.162181 0.154185 0.155434 0.151668 0.135335 0.132372 0.146003 0.17819 0.16356 0.151631 0.155299 0.15964 0.163593 0.168182 0.170858 0.174779 0.184198 0.213606 0.216497 0.225713 0.220959 0.22343 0.210307 0.206605 0.188297 0.178063 0.171877 0.181217 0.175521 0.154459 0.146351 0.145677 0.140705 0.143224 0.141893 0.140706 0.139743 0.138548 0.137246 0.135799 0.126257 0.123663 0.120684 0.116526 0.110764 0.107973 0.104744 0.102326 0 0 0 0 0 0 0.104188
-9999 -9999 -9999 -9999 -9999 0.194766 0.161567 0.126289 0.116184 0.105889 0 0 0.103755 0.109069 0.114443 0.120446 0.135121 0.149559 0.163651 0.169638 0.169181 0.171711 0.163507 0.140889 0.139342 0.145117 0.173281 0.184967 0.16732 0.152761 0.153977 0.15768 0.179818 0.176287 0.187543 0.202025 0.204871 0.209523 0.220969 0.211314 0.21827 0.210433 0.207859 0.196009 0.188354 0.175389 0.183354 0.180467 0.159547 0.14995 0.148036 0.138759 0.134759 0.132941 0.131677 0.130365 0.128961 0.127208 0.12535 0.123218 0.120811 0.11834 0.116144 0.11419 0.123601 0.120022 0.112416 0.105143 0 0 0 0 0 0
-9999 -9999 -9999 -9999 -9999 0.1894 0.16672 0.135366 0.112469 0.112442 0.101862 0 0.102994 0.109613 0.116319 0.119809 0.135785 0.153387 0.168064 0.185446 0.184893 0.176001 0.160096 0.146357 0.146515 0.153244 0.16931 0.165922 0.154466 0.149454 0.14944 0.152984 0.15876 0.162069 0.17036 0.173389 0.183639 0.199746 0.204598 0.197624 0.213672 0.209338 0.199256 0.203094 0.187422 0.178308 0.189782 0.171771 0.156186 0.147371 0.139716 0.135413 0.132965 0.130025 0.128749 0.1273 0.125768 0.124136 0.122244 0.120375 0.118214 0.117184 0.116714 0.127659 0.126716 0.122412 0.112865 0.104217 0 0 0 0 0 0
-9999 -9999 -9999 -9999 -9999 0.183905 0.163333 0.136089 0.119994 0.118183 0.106165 0 0 0.104759 0.107545 0.114649 0.128433 0.143686 0.160434 0.169571 0.188613 0.174061 0.163105 0.151712 0.147989 0.161552 0.16958 0.162392 0.15513 0.153445 0.145586 0.147184 0.151427 0.165688 0.172428 0.169159 0.171064 0.174652 0.18505 0.183412 0.188827 0.189454 0.189801 0.196753 0.18723 0.183579 0.175286 0.15858 0.149346 0.142705 0.136738 0.134029 0.130771 0.127072 0.125515 0.124034 0.122542 0.120847 0.11919 0.117833 0.116186 0.116993 0.120105 0.127982 0.138474 0.123653 0.108325 0.100661 0 0 0 0 0 0
-9999 -9999 -9999 -9999 -9999 0.186327 0.164024 0.140647 0.131524 0.130883 0.107973 0 0 0 0.103323 0.119384 0.119701 0.124035 0.139329 0.16112 0.185105 0.185215 0.174376 0.15823 0.154739 0.174963 0.183597 0.181104 0.168587 0.157395 0.145361 0.143163 0.148046 0.169809 0.192474 0.181591 0.169562 0.168405 0.170117 0.179587 0.181065 0.182021 0.187881 0.19524 0.194375 0.187658 0.165123 0.157554 0.147521 0.139025 0.139512 0.136387 0.128725 0.123751 0.122177 0.120657 0.119024 0.117488 0.115958 0.1154 0.114783 0.114982 0.127427 0.13422 0.143276 0.123195 0.112198 0 0 0 0 0 0 0
-9999 -9999 -9999 -9999 -9999 0.192186 0.175983 0.153367 0.144765 0.130527 0.108742 0 0 0 0 0.106126 0.111403 0.120744 0.136645 0.157998 0.181732 0.198052 0.193156 0.17036 0.162798 0.185386 0.195883 0.187301 0.173569 0.152173 0.140384 0.139668 0.141592 0.146369 0.162907 0.182516 0.181744 0.170691 0.177705 0.185802 0.178583 0.177524 0.183521 0.187211 0.188211 0.179415 0.167371 0.161112 0.149887 0.134648 0.130792 0.129349 0.122177 0.120333 0.118698 0.117003 0.115505 0.114003 0.112542 0.1119 0.112495 0.120374 0.126912 0.136714 0.136059 0.11603 0.106537 0 0 0 0 0 0 0
-9999 -9999 -9999 -9999 -9999 0.203214 0.183625 0.162153 0.142109 0.123213 0.107084 0.106498 0 0 0 0 0.105699 0.113853 0.12784 0.154828 0.177985 0.203216 0.199414 0.176295 0.174672 0.187781 0.210244 0.190764 0.168934 0.149096 0.138762 0.14867 0.14005 0.141124 0.147319 0.158891 0.176747 0.175489 0.188141 0.1873 0.178524 0.174358 0.173534 0.175886 0.176888 0.173015 0.164373 0.160428 0.149885 0.137509 0.125532 0.121959 0.118308 0.116586 0.115005 0.11336 0.111876 0.110617 0.109631 0.109214 0.115815 0.1239 0.12817 0.134636 0.133782 0.114351 0.102307 0 0 0 0 0 0 0
-9999 -9999 -9999 -9999 -9999 -9999 0.183673 0.161113 0.144523 0.140299 0.125791 0.118259 0.112685 0.112116 0 0 0.100798 0.108489 0.120753 0.141764 0.157142 0.181487 0.199706 0.192164 0.194053 0.190123 0.193646 0.185818 0.164767 0.142564 0.141027 0.156704 0.15502 0.152163 0.145169 0.148439 0.17306 0.185039 0.194591 0.185748 0.176289 0.17264 0.170354 0.169848 0.16241 0.165494 0.152188 0.141732 0.137429 0.128251 0.121025 0.117621 0.114722 0.11289 0.111183 0.109708 0.108602 0.107461 0.107389 0.10888 0.116674 0.137309 0.134787 0.13562 0.140874 0.122196 0 0 0 0 0 0 0 0
-9999 -9999 -9999 -9999 -9999 -9999 0.189089 0.162579 0.156901 0.157306 0.16615 0.16245 0.130676 0.124898 0.108801 0 0 0.104137 0.115847 0.129265 0.149071 0.176282 0.198452 0.20879 0.189783 0.170357 0.167812 0.162725 0.150312 0.148851 0.165008 0.179981 0.172421 0.167811 0.149394 0.145782 0.148866 0.163294 0.179654 0.187488 0.175361 0.172271 0.169772 0.167621 0.162182 0.156222 0.144563 0.135244 0.128057 0.123097 0.11646 0.113229 0.110936 0.108845 0.107337 0.106124 0.105496 0.105053 0.107319 0.11033 0.124209 0.135551 0.14212 0.150726 0.126992 0.117486 0 0 0 0 0 0 0 0
-9999 -9999 -9999 -9999 -9999 -9999 -9999 -9999 -9999 -9999 -9999 0.161559 0.154977 0.131712 0.112938 0 0 0.100093 0.108177 0.127123 0.14791 0.153545 0.170655 0.19997 0.183355 0.167789 0.158816 0.156607 0.153464 0.160817 0.174612 0.193092 0.184304 0.166235 0.146805 0.146651 0.145549 0.152668 0.163005 0.187031 0.174627 0.172376 0.168933 0.166957 0.162385 0.152561 0.140457 0.137216 0.127265 0.116304 0.112275 0.109121 0.106634 0.104722 0.103527 0.102681 0.102355 0.102633 0.103901 0.107613 0.117798 0.126291 0.133204 0.149014 0.125277 0.102581 0 0 0 0 0 0 0 0
-9999 -9999 -9999 -9999 -9999 -9999 -9999 -9999 -9999 -9999 -9999 0.181191 0.183244 0.132641 0.111892 0 0 0 0.108316 0.119677 0.132636 0.150354 0.177928 0.198049 0.179033 0.168266 0.163994 0.166337 0.177382 0.179277 0.194042 0.203705 0.185024 0.16736 0.150324 0.146861 0.147629 0.148379 0.169253 0.185587 0.180972 0.176505 0.168726 0.165278 0.16214 0.154545 0.136751 0.126557 0.118538 0.112529 0.107775 0.104924 0.102453 0.100653 0 0 0 0 0.100368 0.10327 0.114551 0.121707 0.129478 0.142018 0.122141 0.103654 0 0 0 0 0 0 0 0
