Test_Spring_2018b/04_18/Prec/20180401_008.txt
ncols	170
nrows	115
xllcorner	350000.000000
yllcorner	4445000.000000
cellsize	1000.000000
nodata_value	-9999.000000
[rows 31 to 61 of 115, columns 70 to 139 of 170]
0.934342 0.934276 0.932078 0.926262 0.92328 0.940518 0.918658 0.918147 0.90607 0.906552 0.905126 0.905819 0.905462 0.903588 0.904047 0.899311 0.879286 0.887771 0.892536 0.888607 0.895011 0.90411 0.902851 0.892267 0.891046 0.88666 0.882802 0.896097 0.894354 -9999 -9999 -9999 -9999 -9999 -9999 -9999 -9999 -9999 -9999 -9999 -9999 -9999 -9999 -9999 -9999 -9999 -9999 -9999 -9999 -9999 -9999 -9999 -9999 -9999 -9999 -9999 -9999 -9999 -9999 -9999 -9999 -9999 -9999 -9999 -9999 -9999 -9999 -9999 -9999 -9999
0.926167 0.924196 0.920576 0.914857 0.915229 0.915446 0.903463 0.901697 0.895213 0.895919 0.894995 0.891772 0.891544 0.891442 0.892151 0.88839 0.874585 0.862521 0.872627 0.875556 0.87339 0.886482 0.885621 0.877317 0.864288 0.880429 0.884551 0.874039 0.858941 -9999 -9999 -9999 -9999 -9999 -9999 -9999 -9999 -9999 -9999 -9999 -9999 -9999 -9999 -9999 -9999 -9999 -9999 -9999 -9999 -9999 -9999 -9999 -9999 -9999 -9999 -9999 -9999 -9999 -9999 -9999 -9999 -9999 -9999 -9999 -9999 -9999 -9999 -9999 -9999 -9999
0.912032 0.912532 0.90791 0.90358 0.905709 0.902381 0.91522 0.892793 0.883511 0.884517 0.884279 0.883037 0.882254 0.881581 0.878425 0.873551 0.861862 0.847797 0.846674 0.857617 0.861456 0.866715 0.866686 0.866069 0.862791 0.876394 0.885982 0.870499 0.856852 0.852029 -9999 -9999 -9999 -9999 -9999 -9999 -9999 -9999 -9999 -9999 -9999 -9999 -9999 -9999 -9999 -9999 -9999 -9999 -9999 -9999 -9999 -9999 -9999 -9999 -9999 -9999 -9999 -9999 -9999 -9999 -9999 -9999 -9999 -9999 -9999 -9999 -9999 -9999 -9999 -9999
0.895574 0.899105 0.894002 0.885556 0.885569 0.884719 0.902414 0.86521 0.865734 0.872056 0.871687 0.871494 0.86904 0.867386 0.864597 0.859599 0.852394 0.843864 0.82796 0.842628 0.855402 0.859585 0.864101 0.865653 0.863118 0.876877 0.88411 0.851595 0.848528 0.846194 0.847848 -9999 -9999 -9999 -9999 -9999 -9999 -9999 -9999 -9999 -9999 -9999 -9999 -9999 -9999 -9999 -9999 -9999 -9999 -9999 -9999 -9999 -9999 -9999 -9999 -9999 -9999 -9999 -9999 -9999 -9999 -9999 -9999 -9999 -9999 -9999 -9999 -9999 -9999 -9999
-9999 0.883855 0.879067 0.869639 0.869746 0.870765 0.874796 0.87974 0.855814 0.857119 0.858453 0.857669 0.854479 0.846074 0.845177 0.845599 0.841173 0.831044 0.821642 0.821969 0.839848 0.848674 0.853442 0.862637 0.861951 0.872394 0.878205 0.864967 0.843145 0.844881 0.84491 0.839938 -9999 -9999 -9999 -9999 -9999 -9999 -9999 -9999 -9999 -9999 -9999 -9999 -9999 -9999 -9999 -9999 -9999 -9999 -9999 -9999 -9999 -9999 -9999 -9999 -9999 -9999 -9999 -9999 -9999 -9999 -9999 -9999 -9999 -9999 -9999 -9999 -9999 -9999
-9999 -9999 -9999 -9999 0.851802 0.856081 0.844063 0.864836 0.842523 0.843924 0.84514 0.843631 0.83686 0.833272 0.832666 0.829132 0.823466 0.821152 0.816313 0.812093 0.819786 0.836938 0.837983 0.853085 0.859689 0.868812 0.87103 0.847443 0.829242 0.833464 0.834057 0.830762 -9999 -9999 -9999 -9999 -9999 -9999 -9999 -9999 -9999 -9999 -9999 -9999 -9999 -9999 -9999 -9999 -9999 -9999 -9999 -9999 -9999 -9999 -9999 -9999 -9999 -9999 -9999 -9999 -9999 -9999 -9999 -9999 -9999 -9999 -9999 -9999 -9999 -9999
-9999 -9999 -9999 -9999 -9999 0.844825 0.831667 0.836069 0.829403 0.829222 0.831205 0.829053 0.824892 0.821599 0.818145 0.814752 0.810338 0.806495 0.802173 0.805546 0.818161 0.824416 0.829873 0.838778 0.850753 0.858136 0.843898 0.831053 0.830364 0.816895 0.815052 0.8199 0.818414 -9999 -9999 -9999 -9999 -9999 -9999 -9999 -9999 -9999 -9999 -9999 -9999 0.798815 -9999 -9999 -9999 -9999 -9999 -9999 -9999 -9999 -9999 -9999 -9999 -9999 -9999 -9999 -9999 -9999 -9999 -9999 -9999 -9999 0.49042 -9999 -9999 -9999
-9999 -9999 -9999 -9999 0.834685 0.825715 0.826264 0.827259 0.841097 0.815981 0.817693 0.814635 0.8101 0.805749 0.799934 0.797945 0.795221 0.790685 0.792376 0.799179 0.806026 0.814226 0.822929 0.830956 0.838547 0.845897 0.830499 0.831923 0.835059 0.818073 0.822101 0.819618 0.812618 0.80701 -9999 -9999 -9999 -9999 -9999 -9999 -9999 0.816596 0.81068 0.804135 0.798473 0.795654 0.78146 -9999 -9999 -9999 -9999 -9999 -9999 -9999 -9999 -9999 -9999 -9999 -9999 -9999 -9999 -9999 -9999 -9999 -9999 -9999 0.492817 0.472657 -9999 -9999
-9999 -9999 -9999 -9999 0.815451 0.818112 0.817181 0.817594 0.815097 0.805351 0.80302 0.800379 0.795994 0.790397 0.784591 0.782795 0.778436 0.77753 0.778978 0.786993 0.793992 0.800445 0.807719 0.816031 0.822174 0.832176 0.82271 0.827542 0.82894 0.829297 0.821639 0.812312 0.802243 0.79391 -9999 -9999 -9999 -9999 -9999 -9999 0.817949 0.818973 0.816651 0.80304 0.800654 0.796396 0.784667 0.733712 -9999 -9999 -9999 -9999 -9999 -9999 -9999 -9999 -9999 -9999 -9999 -9999 -9999 -9999 0.566369 0.550095 0.524188 0.505607 0.489355 0.469594 -9999 -9999
-9999 -9999 -9999 -9999 0.8057 0.809366 0.80981 0.808608 0.803211 0.775229 0.790714 0.786199 0.780788 0.775555 0.771058 0.764943 0.762467 0.758187 0.7662 0.771093 0.776843 0.780531 0.788403 0.790815 0.798608 0.792713 0.810681 0.81557 0.813894 0.808484 0.804669 0.800597 0.799687 0.79307 -9999 -9999 -9999 -9999 -9999 -9999 0.81753 0.818916 0.818039 0.811663 0.79634 0.795665 0.753107 0.733139 0.716428 0.704762 0.690864 0.675741 0.649723 0.63701 0.62185 0.613069 -9999 -9999 -9999 -9999 0.576519 0.570894 0.564789 0.55407 0.526919 0.504403 0.481714 0.437844 -9999 -9999
-9999 -9999 -9999 -9999 0.802016 0.803341 0.801272 0.796132 0.792768 0.764213 0.7777 0.769319 0.762882 0.757073 0.752191 0.747668 0.743409 0.744524 0.747213 0.750805 0.748586 0.746598 0.762033 0.771584 0.763579 0.779208 0.797494 0.802847 0.799892 0.793725 0.801907 0.800939 0.798587 0.788621 -9999 -9999 -9999 0.804118 0.811465 0.810238 0.809485 0.812596 0.812448 0.813161 0.807006 0.790405 0.751457 0.730423 0.708071 0.692841 0.685634 0.671174 0.644824 0.631609 0.616316 0.599675 0.593435 0.587371 0.581407 0.575366 0.570207 0.565328 0.559352 0.5494 0.529478 0.510289 0.492798 0.426285 -9999 -9999
-9999 -9999 -9999 -9999 0.790143 0.791072 0.7897 0.785416 0.77875 0.773367 0.746068 0.756829 0.74979 0.740001 0.736616 0.732082 0.729491 0.728833 0.730357 0.727864 0.724754 0.723699 0.73027 0.738583 0.743867 0.754276 0.773279 0.789235 0.789132 0.785345 0.792396 0.800957 0.787619 0.780215 -9999 -9999 0.789449 0.805725 0.816181 0.820021 0.818549 0.813981 0.814924 0.807462 0.805547 0.787171 0.742383 0.726969 0.706071 0.690069 0.663936 0.647833 0.637424 0.617369 0.605911 0.59545 0.588582 0.582069 0.576696 0.572146 0.566906 0.563222 0.558396 0.550236 0.530347 0.514897 0.473403 0.424832 -9999 -9999
-9999 -9999 -9999 -9999 0.781433 0.782599 0.782374 0.777045 0.772585 0.764104 0.734492 0.73108 0.737487 0.727447 0.719121 0.716803 0.713866 0.71349 0.715829 0.714149 0.714002 0.711692 0.716233 0.719003 0.730351 0.732275 0.748754 0.76047 0.771138 0.783822 0.796146 0.800895 0.800355 0.786384 0.783421 -9999 0.793094 0.801182 0.813968 0.82333 0.827045 0.819446 0.820889 0.813717 0.804004 0.788098 0.74721 0.714163 0.695317 0.675793 0.662983 0.64707 0.632848 0.618881 0.599988 0.590184 0.58256 0.576572 0.572066 0.568634 0.565499 0.562143 0.557743 0.551411 0.538396 0.503433 0.477251 0.426947 -9999 -9999
-9999 -9999 -9999 0.762631 0.77604 0.77973 0.77761 0.772935 0.766366 0.75798 0.731581 0.723768 0.71632 0.717469 0.704238 0.69886 0.69655 0.699361 0.702062 0.707527 0.711876 0.707449 0.710081 0.716733 0.721581 0.726439 0.742904 0.76534 0.778042 0.784522 0.789328 0.793694 0.801832 0.799542 0.783815 0.789533 0.799924 0.806959 0.815773 0.827648 0.833673 0.832517 0.82673 0.81793 0.807567 0.777077 0.738799 0.717655 0.694786 0.674377 0.654819 0.639463 0.624584 0.611666 0.599832 0.584424 0.57713 0.571816 0.568195 0.565742 0.563638 0.561081 0.557645 0.55254 0.530022 0.510482 0.468735 0.4269 -9999 -9999
-9999 -9999 -9999 -9999 0.770025 0.770167 0.766128 0.760588 0.754539 0.74737 0.724283 0.716042 0.70963 0.700761 0.694677 0.682786 0.683808 0.685139 0.689984 0.696368 0.705269 0.700343 0.706912 0.716557 0.722654 0.736906 0.755528 0.770507 0.782452 0.783354 0.783302 0.783175 0.779491 0.786913 0.78959 0.795067 0.803447 0.818039 0.827133 0.829035 0.827936 0.835991 0.829962 0.811422 0.800195 0.778686 0.742292 0.717686 0.697467 0.675969 0.655369 0.625684 0.61741 0.601391 0.593822 0.583328 0.572781 0.568043 0.565214 0.56346 0.562172 0.560453 0.557686 0.542714 0.527348 0.509136 0.468541 0.428474 -9999 -9999
-9999 -9999 -9999 -9999 -9999 -9999 0.76007 0.755086 0.747425 0.739158 0.719255 0.712035 0.704212 0.695821 0.686411 0.677574 0.672117 0.672365 0.669904 0.681097 0.694337 0.705947 0.71923 0.723 0.729318 0.751083 0.765085 0.771535 0.779258 0.78626 0.78495 0.789136 0.78437 0.781899 0.788787 0.806978 0.821289 0.836364 0.842333 0.837326 0.836933 0.832353 0.829238 0.819515 0.802835 0.77999 0.743581 0.715877 0.699053 0.677424 0.653449 0.630966 0.61287 0.599231 0.586239 0.580052 0.572928 0.565436 0.563102 0.562019 0.561324 0.560178 0.54897 0.540868 0.529983 0.51621 0.47426 0.426239 -9999 -9999
-9999 -9999 -9999 -9999 -9999 -9999 0.752502 0.746528 0.740698 0.738542 0.71624 0.708815 0.699547 0.691795 0.682914 0.672541 0.664688 0.659236 0.655633 0.664818 0.682775 0.699857 0.714542 0.7199 0.738133 0.752209 0.7643 0.768368 0.774955 0.784854 0.7847 0.788129 0.789071 0.78472 0.798567 0.811305 0.824066 0.840596 0.850487 0.851801 0.842876 0.838681 0.836142 0.821979 0.800499 0.782278 0.74317 0.712645 0.697615 0.677192 0.653517 0.633382 0.613441 0.597704 0.58575 0.576716 0.57004 0.565041 0.561818 0.561113 0.560836 0.556308 0.550831 0.542692 0.531565 0.517526 0.484275 0.426205 -9999 -9999
-9999 -9999 -9999 -9999 -9999 -9999 -9999 0.738898 0.737405 0.738149 0.714341 0.704991 0.698334 0.690112 0.680582 0.673096 0.663883 0.655106 0.641902 0.651509 0.668551 0.692035 0.712143 0.726854 0.736034 0.745944 0.747305 0.750254 0.764014 0.776579 0.780416 0.78684 0.787068 0.803467 0.818882 0.833203 0.841929 0.843469 0.852014 0.85621 0.847684 0.84418 0.838553 0.821048 0.802349 0.781962 0.742148 0.718759 0.695886 0.677606 0.652553 0.633904 0.614743 0.597872 0.585017 0.575367 0.568849 0.564121 0.561618 0.560899 0.559694 0.556795 0.551285 0.54294 0.531639 0.517399 0.499091 0.454624 0.423274 -9999
-9999 -9999 -9999 -9999 -9999 -9999 -9999 0.730853 0.72573 0.728922 0.706561 0.703904 0.69851 0.69066 0.679937 0.672829 0.660288 0.656845 0.644167 0.644261 0.658202 0.667154 0.696881 0.726407 0.735281 0.721379 0.726342 0.7342 0.751218 0.765751 0.776762 0.776833 0.784088 0.807994 0.825203 0.838682 0.84858 0.851502 0.85199 0.859863 0.85544 0.849782 0.836986 0.822529 0.800188 0.77795 0.744415 0.718137 0.694586 0.676761 0.650595 0.634587 0.615277 0.597683 0.584068 0.576237 0.569194 0.564653 0.560801 0.560415 0.559427 0.555529 0.550014 0.541558 0.530071 0.515905 0.498973 0.468703 0.438805 0.413349
-9999 -9999 -9999 -9999 -9999 -9999 -9999 -9999 0.71327 0.722323 0.704398 0.700907 0.699375 0.692792 0.682468 0.674711 0.663309 0.654946 0.64378 0.633013 0.636595 0.670319 0.703104 0.727804 0.737385 0.727575 0.732763 0.747083 0.767252 0.776488 0.786262 0.789754 0.797578 0.802699 0.81415 0.829454 0.839516 0.85051 0.856476 0.854327 0.852028 0.845099 0.833321 0.819382 0.801968 0.782864 0.741631 0.722773 0.697501 0.677299 0.655464 0.635106 0.616186 0.59756 0.586553 0.578131 0.571159 0.561156 0.56016 0.559459 0.558111 0.555334 0.546964 0.538394 0.52703 0.512892 0.496376 0.468167 0.446211 0.419291
-9999 -9999 -9999 -9999 -9999 -9999 -9999 -9999 0.704829 0.714515 0.696909 0.701339 0.694735 0.692681 0.687659 0.681108 0.672227 0.661666 0.654787 0.642102 0.630783 0.662046 0.704545 0.729337 0.744075 0.732547 0.75206 0.76128 0.776768 0.781605 0.790839 0.80273 0.807556 0.810562 0.809895 0.807525 0.830721 0.842915 0.850476 0.851209 0.847396 0.839668 0.831002 0.812368 0.788549 0.776523 0.740458 0.718559 0.696656 0.67562 0.655241 0.636082 0.618438 0.603322 0.588913 0.5718 0.562873 0.560568 0.559136 0.557788 0.555793 0.552535 0.54742 0.537312 0.522537 0.508711 0.492638 0.464914 0.44472 0.423516
-9999 -9999 -9999 -9999 -9999 -9999 -9999 -9999 0.67997 0.699035 0.68616 0.692226 0.697507 0.69531 0.692243 0.685224 0.680568 0.673134 0.667835 0.66055 0.64968 0.646704 0.672755 0.70946 0.746004 0.752671 0.764685 0.77206 0.779841 0.791526 0.803726 0.812026 0.810693 0.80989 0.806363 0.810217 0.828497 0.833223 0.832537 0.844005 0.838506 0.829394 0.813136 0.79802 0.784164 0.759328 0.727012 0.702565 0.686757 0.670892 0.653691 0.636299 0.619648 0.589956 0.58017 0.566914 0.562609 0.559632 0.557438 0.555364 0.552688 0.548719 0.543146 0.5357 0.521381 0.508455 0.488116 0.460975 0.441952 0.422066
-9999 -9999 -9999 -9999 -9999 -9999 -9999 -9999 0.674967 0.66799 0.682781 0.69101 0.697836 0.696436 0.696899 0.693678 0.689292 0.683035 0.676696 0.671077 0.662038 0.658046 0.677979 0.704023 0.72696 0.736702 0.764191 0.775359 0.785565 0.790013 0.800249 0.812966 0.817337 0.805135 0.807828 0.806285 0.825381 0.829516 0.8273 0.831808 0.826169 0.807554 0.789094 0.775836 0.771286 0.750812 0.714443 0.689811 0.674775 0.665879 0.626512 0.611799 0.601486 0.590639 0.572774 0.566485 0.561695 0.558105 0.55511 0.55225 0.548857 0.544231 0.538205 0.530433 0.520592 0.502636 0.488137 0.460952 0.438694 0.420306
-9999 -9999 -9999 -9999 -9999 -9999 -9999 -9999 0.668251 0.662574 0.676069 0.690603 0.698934 0.700494 0.701347 0.699456 0.694944 0.69211 0.68874 0.683942 0.682946 0.679299 0.673386 0.702721 0.718012 0.72757 0.730525 0.747217 0.758145 0.766698 0.793283 0.806331 0.801381 0.801892 0.806587 0.808023 0.820048 0.822094 0.821643 0.818611 0.804508 0.784563 0.765058 0.761109 0.746782 0.740275 0.695079 0.666619 0.655255 0.640046 0.619419 0.601792 0.59881 0.57819 0.570894 0.564924 0.560126 0.555781 0.552184 0.548437 0.544245 0.539125 0.532665 0.524708 0.515044 0.50368 0.482643 0.45613 0.439306 0.412888
-9999 -9999 -9999 -9999 -9999 -9999 -9999 -9999 -9999 0.644259 0.66507 0.682074 0.690552 0.695316 0.697023 0.695912 0.693736 0.692142 0.690557 0.687481 0.684031 0.677557 0.675035 0.68712 0.700831 0.70406 0.71713 0.738897 0.752906 0.756887 0.753819 0.757964 0.776877 0.785082 0.791493 0.796337 0.810179 0.810611 0.807771 0.798883 0.774877 0.752094 0.734888 0.724319 0.707528 0.70577 0.667297 0.659209 0.646417 0.631915 0.608909 0.596006 0.57891 0.572459 0.56335 0.55869 0.557601 0.552802 0.548428 0.54394 0.539144 0.533534 0.526791 0.514795 0.504747 0.493209 0.470336 0.443625 0.426806 0.409842
-9999 -9999 -9999 -9999 -9999 -9999 -9999 -9999 -9999 0.642898 0.662505 0.683503 0.688884 0.694626 0.69981 0.699211 0.696276 0.694237 0.692946 0.69215 0.686896 0.682834 0.68007 0.683476 0.691987 0.69259 0.707251 0.731626 0.743298 0.750668 0.730182 0.733051 0.753787 0.771728 0.778556 0.782232 0.772415 0.776455 0.768791 0.756566 0.749113 0.738138 0.720743 0.714714 0.69677 0.686974 0.655664 0.645412 0.632777 0.624121 0.603348 0.589613 0.571642 0.566389 0.557993 0.555677 0.551212 0.546156 0.541095 0.535962 0.530365 0.524102 0.516745 0.508217 0.498436 0.48728 0.474631 0.448223 0.411967 0.396988
-9999 -9999 -9999 -9999 -9999 -9999 -9999 -9999 -9999 0.646702 0.659889 0.678638 0.692277 0.691842 0.698355 0.701756 0.698752 0.69601 0.693903 0.694583 0.688282 0.68186 0.678199 0.673778 0.681508 0.695318 0.70645 0.724058 0.73335 0.738727 0.723027 0.73372 0.748959 0.759364 0.76554 0.768089 0.767565 0.766676 0.760588 0.755638 0.74401 0.726662 0.714497 0.708116 0.685969 0.675572 0.668083 0.631811 0.625765 0.616097 0.59432 0.571413 0.568665 0.563136 0.558265 0.552513 0.546563 0.541573 0.535838 0.530147 0.5241 0.517417 0.509971 0.501436 0.491939 0.480596 0.467838 0.446995 0.404797 0.391902
-9999 -9999 -9999 -9999 -9999 -9999 -9999 -9999 -9999 0.650291 0.662247 0.678544 0.688068 0.688912 0.696489 0.703603 0.703031 0.700191 0.700518 0.698817 0.693665 0.68837 0.682939 0.68308 0.677792 0.694282 0.701179 0.716266 0.72684 0.711092 0.713476 0.725112 0.736288 0.743227 0.753052 0.755727 0.755303 0.746974 0.7416 0.740671 0.734674 0.725871 0.711183 0.702608 0.688413 0.676273 0.663638 0.626575 0.617991 0.60607 0.577989 0.573249 0.56693 0.560187 0.554173 0.547135 0.541258 0.53622 0.530117 0.523953 0.517505 0.510656 0.503068 0.494452 0.485114 0.473331 0.459253 0.441442 0.392062 0.387226
-9999 -9999 -9999 -9999 -9999 -9999 -9999 -9999 -9999 0.648573 0.661619 0.675524 0.68073 0.680906 0.695377 0.704439 0.704782 0.703877 0.703221 0.695781 0.69886 0.700106 0.695183 0.686883 0.677875 0.684443 0.690688 0.707515 0.716969 0.694918 0.695725 0.703184 0.716419 0.728128 0.739475 0.743586 0.742016 0.728483 0.712898 0.716794 0.719858 0.714607 0.706151 0.691566 0.680896 0.669663 0.654694 0.615268 0.605438 0.596356 0.574783 0.56675 0.561212 0.555707 0.545537 0.5385 0.535019 0.530364 0.523864 0.517379 0.51079 0.503769 0.496215 0.48741 0.477937 0.467233 0.44817 0.432043 0.399972 0.38331
-9999 -9999 -9999 -9999 -9999 -9999 -9999 -9999 -9999 0.64432 0.653461 0.666827 0.671662 0.68033 0.694073 0.700987 0.704688 0.705422 0.705361 0.702956 0.702745 0.700605 0.694977 0.686543 0.677193 0.67301 0.682563 0.695091 0.687955 0.680953 0.679605 0.689856 0.702827 0.719941 0.730223 0.732616 0.732277 0.728966 0.71702 0.701838 0.698102 0.699507 0.688349 0.675367 0.670967 0.661848 0.647635 0.6344 0.601164 0.573121 0.565344 0.556803 0.552153 0.550859 0.543264 0.534926 0.530832 0.523897 0.517149 0.510566 0.503801 0.496812 0.489428 0.481051 0.471353 0.456512 0.441947 0.424829 0.413853 0.383311
-9999 -9999 -9999 -9999 -9999 -9999 -9999 -9999 -9999 0.636424 0.647515 0.660009 0.671876 0.683341 0.693432 0.694187 0.700069 0.700821 0.70493 0.705764 0.704007 0.702424 0.697758 0.685492 0.676134 0.665919 0.674258 0.686927 0.675976 0.672469 0.66284 0.679108 0.696335 0.71168 0.72032 0.715422 0.72119 0.719857 0.714226 0.704092 0.688866 0.684467 0.67023 0.663386 0.660544 0.653959 0.644579 0.632686 0.598452 0.569022 0.558954 0.549077 0.543992 0.540786 0.538083 0.530832 0.524269 0.51702 0.510062 0.503365 0.496626 0.489652 0.482275 0.474194 0.461285 0.446969 0.434558 0.420317 0.410284 0.397848
