Test_Spring_2018b/04_18/Prec/20180419_016.txt
ncols	170
nrows	115
xllcorner	350000.000000
yllcorner	4445000.000000
cellsize	1000.000000
nodata_value	-9999.000000
[rows 31 to 61 of 115, columns 70 to 139 of 170]
0.25463 0.250896 0.249189 0.251163 0.250843 0.242572 0.252344 0.253094 0.315406 0.318618 0.324276 0.328403 0.333904 0.341093 0.346155 0.356224 0.380953 0.378341 0.379419 0.389122 0.389394 0.387775 0.396976 0.416129 0.427339 0.44257 0.427032 0.450703 0.46149 -9999 -9999 -9999 -9999 -9999 -9999 -9999 -9999 -9999 -9999 -9999 -9999 -9999 -9999 -9999 -9999 -9999 -9999 -9999 -9999 -9999 -9999 -9999 -9999 -9999 -9999 -9999 -9999 -9999 -9999 -9999 -9999 -9999 -9999 -9999 -9999 -9999 -9999 -9999 -9999 -9999
0.236433 0.235255 0.235646 0.238174 0.235109 0.23256 0.24322 0.293176 0.304031 0.306682 0.311368 0.318688 0.323517 0.328566 0.333143 0.342309 0.36144 0.379291 0.376371 0.380986 0.3913 0.387941 0.399062 0.418486 0.44359 0.44175 0.452303 0.471706 0.465442 -9999 -9999 -9999 -9999 -9999 -9999 -9999 -9999 -9999 -9999 -9999 -9999 -9999 -9999 -9999 -9999 -9999 -9999 -9999 -9999 -9999 -9999 -9999 -9999 -9999 -9999 -9999 -9999 -9999 -9999 -9999 -9999 -9999 -9999 -9999 -9999 -9999 -9999 -9999 -9999 -9999
0.223333 0.220479 0.22253 0.224329 0.220007 0.22105 0.220836 0.279984 0.292088 0.294025 0.297462 0.302207 0.306901 0.311931 0.319855 0.330016 0.347406 0.367877 0.376859 0.375327 0.381806 0.388221 0.401074 0.41586 0.434503 0.438102 0.446483 0.446197 0.469196 0.483356 -9999 -9999 -9999 -9999 -9999 -9999 -9999 -9999 -9999 -9999 -9999 -9999 -9999 -9999 -9999 -9999 -9999 -9999 -9999 -9999 -9999 -9999 -9999 -9999 -9999 -9999 -9999 -9999 -9999 -9999 -9999 -9999 -9999 -9999 -9999 -9999 -9999 -9999 -9999 -9999
0.212046 0.206989 0.210198 0.216543 0.214663 0.21349 0.257789 0.283049 0.284876 0.28117 0.284008 0.286914 0.292368 0.297597 0.304631 0.314681 0.32793 0.343704 0.367966 0.364436 0.364368 0.374246 0.385509 0.401262 0.422455 0.429328 0.443506 0.434517 0.476763 0.495365 0.509156 -9999 -9999 -9999 -9999 -9999 -9999 -9999 -9999 -9999 -9999 -9999 -9999 -9999 -9999 -9999 -9999 -9999 -9999 -9999 -9999 -9999 -9999 -9999 -9999 -9999 -9999 -9999 -9999 -9999 -9999 -9999 -9999 -9999 -9999 -9999 -9999 -9999 -9999 -9999
-9999 0.195105 0.198749 0.206656 0.205105 0.202293 0.249887 0.257737 0.269355 0.269775 0.270069 0.2725 0.277591 0.288313 0.292757 0.29716 0.307722 0.325514 0.344569 0.356387 0.353542 0.361572 0.375624 0.387426 0.41051 0.42445 0.444037 0.449688 0.458203 0.504834 0.524139 0.546708 -9999 -9999 -9999 -9999 -9999 -9999 -9999 -9999 -9999 -9999 -9999 -9999 -9999 -9999 -9999 -9999 -9999 -9999 -9999 -9999 -9999 -9999 -9999 -9999 -9999 -9999 -9999 -9999 -9999 -9999 -9999 -9999 -9999 -9999 -9999 -9999 -9999 -9999
-9999 -9999 -9999 -9999 0.197884 0.244122 0.253374 0.248515 0.256664 0.256121 0.255397 0.257221 0.264389 0.269204 0.272294 0.279767 0.291261 0.301861 0.317465 0.335221 0.344352 0.347175 0.3681 0.377973 0.398161 0.417751 0.445386 0.461521 0.476438 0.525863 0.54927 0.574693 -9999 -9999 -9999 -9999 -9999 -9999 -9999 -9999 -9999 -9999 -9999 -9999 -9999 -9999 -9999 -9999 -9999 -9999 -9999 -9999 -9999 -9999 -9999 -9999 -9999 -9999 -9999 -9999 -9999 -9999 -9999 -9999 -9999 -9999 -9999 -9999 -9999 -9999
-9999 -9999 -9999 -9999 -9999 0.232292 0.241655 0.237481 0.243795 0.243691 0.240838 0.241673 0.244638 0.247526 0.251917 0.25819 0.267933 0.280078 0.295973 0.307972 0.314643 0.330876 0.351139 0.371066 0.390654 0.416824 0.436162 0.476906 0.511927 0.55371 0.584819 0.607607 0.633978 -9999 -9999 -9999 -9999 -9999 -9999 -9999 -9999 -9999 -9999 -9999 -9999 0.567532 -9999 -9999 -9999 -9999 -9999 -9999 -9999 -9999 -9999 -9999 -9999 -9999 -9999 -9999 -9999 -9999 -9999 -9999 -9999 -9999 0.234204 -9999 -9999 -9999
-9999 -9999 -9999 -9999 0.167786 0.223246 0.223913 0.222541 0.223332 0.230018 0.225749 0.225512 0.226763 0.228624 0.233446 0.236924 0.244154 0.256771 0.2675 0.277656 0.292158 0.309627 0.330608 0.355849 0.384654 0.416305 0.437525 0.476197 0.513543 0.537804 0.59792 0.633649 0.670902 0.703273 -9999 -9999 -9999 -9999 -9999 -9999 -9999 0.710596 0.690481 0.665903 0.636171 0.600228 0.572579 -9999 -9999 -9999 -9999 -9999 -9999 -9999 -9999 -9999 -9999 -9999 -9999 -9999 -9999 -9999 -9999 -9999 -9999 -9999 0.230113 0.232919 -9999 -9999
-9999 -9999 -9999 -9999 0.208036 0.208689 0.210756 0.209389 0.208739 0.2144 0.212046 0.209124 0.207775 0.208376 0.21093 0.212367 0.219906 0.228539 0.239881 0.250206 0.266852 0.289209 0.31562 0.345396 0.381036 0.416107 0.439028 0.48091 0.526585 0.572921 0.620625 0.669533 0.715995 0.756742 -9999 -9999 -9999 -9999 -9999 -9999 0.783459 0.759562 0.732176 0.709765 0.671677 0.631496 0.595626 0.543661 -9999 -9999 -9999 -9999 -9999 -9999 -9999 -9999 -9999 -9999 -9999 -9999 -9999 -9999 0.211271 0.214792 0.226888 0.230845 0.231171 0.233342 -9999 -9999
-9999 -9999 -9999 -9999 0.196445 0.196638 0.19734 0.196892 0.197809 0.200629 0.196771 0.193049 0.189869 0.187275 0.185912 0.189238 0.193336 0.204385 0.209559 0.224046 0.244122 0.272395 0.302453 0.342968 0.382839 0.40965 0.444319 0.493193 0.54909 0.608311 0.695859 0.712371 0.7569 0.802301 -9999 -9999 -9999 -9999 -9999 -9999 0.84269 0.815221 0.782134 0.747576 0.716024 0.666054 0.606405 0.566226 0.522952 0.476116 0.433814 0.412789 0.358417 0.326393 0.302316 0.277729 -9999 -9999 -9999 -9999 0.216631 0.211106 0.206622 0.206288 0.220732 0.229204 0.235976 0.23011 -9999 -9999
-9999 -9999 -9999 -9999 0.180721 0.18368 0.186725 0.189361 0.187007 0.188369 0.18335 0.183259 0.178166 0.173097 0.169159 0.168334 0.172079 0.176642 0.186498 0.202736 0.231846 0.267742 0.293384 0.333387 0.384838 0.409009 0.45045 0.506379 0.571267 0.639079 0.722422 0.745713 0.79893 0.883988 -9999 -9999 -9999 0.965974 0.960487 0.953225 0.935717 0.905313 0.869761 0.794552 0.747803 0.711006 0.637677 0.590937 0.545695 0.495296 0.440157 0.396047 0.355808 0.320569 0.29395 0.2751 0.253654 0.237609 0.22633 0.219064 0.213814 0.21001 0.207845 0.209066 0.214375 0.220594 0.222766 0.223669 -9999 -9999
-9999 -9999 -9999 -9999 0.207262 0.211603 0.213798 0.18456 0.184232 0.179185 0.177287 0.16888 0.161055 0.156385 0.147717 0.144004 0.14391 0.148828 0.159526 0.18249 0.214528 0.252737 0.29113 0.323532 0.37731 0.41302 0.458213 0.520507 0.63734 0.707742 0.765573 0.847659 0.882319 0.937848 -9999 -9999 1.02791 1.02577 1.01802 1.00519 0.986278 0.959891 0.918852 0.877818 0.824792 0.789091 0.719665 0.663559 0.561464 0.504416 0.450513 0.404764 0.36936 0.318416 0.287006 0.261921 0.240432 0.225111 0.214376 0.207432 0.20444 0.201859 0.200919 0.202503 0.213658 0.218121 0.221038 0.234117 -9999 -9999
-9999 -9999 -9999 -9999 0.202864 0.207569 0.208641 0.209426 0.204293 0.169959 0.168255 0.15538 0.145274 0.137372 0.130071 0.121216 0.119066 0.122194 0.131639 0.154508 0.185571 0.227995 0.272402 0.315638 0.36916 0.469243 0.524211 0.585326 0.647963 0.70815 0.786075 0.877652 0.938852 0.977183 1.02692 -9999 1.08268 1.09043 1.08112 1.06225 1.03628 1.00949 0.963584 0.917001 0.874329 0.821237 0.742475 0.675904 0.617456 0.561263 0.501441 0.398086 0.360331 0.317703 0.275533 0.248232 0.226928 0.211539 0.201256 0.195192 0.192574 0.192264 0.193453 0.19555 0.201936 0.206734 0.217687 0.232947 -9999 -9999
-9999 -9999 -9999 0.162537 0.196517 0.199481 0.20234 0.201726 0.197108 0.188882 0.180626 0.142473 0.129696 0.119215 0.113412 0.104593 0 0 0.106496 0.122977 0.151299 0.198406 0.238014 0.336079 0.405244 0.462775 0.524458 0.582165 0.649823 0.722952 0.796008 0.891798 0.971213 1.03176 1.07384 1.11013 1.13038 1.14095 1.13603 1.11406 1.08396 1.04795 1.00496 0.964485 0.907379 0.837754 0.753751 0.690213 0.628727 0.566719 0.50703 0.447678 0.402607 0.307191 0.268474 0.234859 0.212816 0.197308 0.187533 0.182538 0.181367 0.182914 0.185744 0.188964 0.191139 0.200096 0.217491 0.225566 -9999 -9999
-9999 -9999 -9999 -9999 0.193449 0.200381 0.205022 0.204532 0.198068 0.186713 0.173247 0.15615 0.135616 0.104117 0 0 0 0 0 0.10152 0.126663 0.196216 0.251851 0.314045 0.387276 0.44259 0.50808 0.578961 0.653432 0.738006 0.821748 0.926692 1.00278 1.06068 1.12733 1.14912 1.1737 1.17849 1.17375 1.16078 1.13596 1.08862 1.05075 0.986116 0.92268 0.862524 0.771985 0.705593 0.635477 0.5686 0.504246 0.453321 0.396078 0.342422 0.290237 0.224608 0.199315 0.183805 0.174562 0.170771 0.171076 0.174244 0.178806 0.183093 0.186573 0.193931 0.218521 0.225202 -9999 -9999
-9999 -9999 -9999 -9999 -9999 -9999 0.205192 0.203582 0.197595 0.185761 0.167696 0.147512 0.126034 0.105532 0 0 0 0 0 0.103165 0.126072 0.167787 0.219914 0.291346 0.358197 0.421812 0.496322 0.58007 0.663307 0.746723 0.836295 0.940744 1.02171 1.0925 1.14452 1.17407 1.19227 1.19756 1.19613 1.18942 1.16288 1.12059 1.0664 1.00704 0.945122 0.882143 0.788028 0.719824 0.64169 0.570262 0.50462 0.442481 0.389973 0.330542 0.280738 0.235788 0.203806 0.172594 0.163948 0.161044 0.162616 0.167204 0.172675 0.178814 0.184089 0.187823 0.213925 0.228488 -9999 -9999
-9999 -9999 -9999 -9999 -9999 -9999 0.209621 0.208537 0.200097 0.181447 0.164759 0.143521 0.122082 0 0 0 0 0 0 0 0.122625 0.160425 0.213053 0.285229 0.343692 0.417465 0.496691 0.585648 0.672892 0.756396 0.847636 0.954939 1.03262 1.10711 1.154 1.18997 1.21229 1.21579 1.21072 1.19575 1.17661 1.13609 1.07999 1.02316 0.963801 0.894041 0.800393 0.731975 0.649139 0.573554 0.504653 0.437378 0.383502 0.323654 0.270851 0.227161 0.193887 0.171785 0.157159 0.154889 0.15725 0.162469 0.169489 0.176597 0.182817 0.187257 0.205179 0.229556 -9999 -9999
-9999 -9999 -9999 -9999 -9999 -9999 -9999 0.215664 0.202804 0.181098 0.165625 0.145977 0.121792 0 0 0 0 0 0 0.109908 0.134012 0.166098 0.214114 0.27805 0.346092 0.424752 0.515184 0.606105 0.687305 0.769009 0.857075 0.961927 1.04061 1.09537 1.14082 1.17526 1.2014 1.2196 1.21559 1.19945 1.17887 1.1378 1.08472 1.03108 0.968882 0.900876 0.807448 0.731433 0.655229 0.576566 0.507866 0.437985 0.382073 0.322169 0.269226 0.225325 0.191352 0.168728 0.156335 0.153024 0.155737 0.161437 0.168893 0.176562 0.183241 0.188072 0.191752 0.203147 0.208515 -9999
-9999 -9999 -9999 -9999 -9999 -9999 -9999 0.226269 0.217081 0.193442 0.177051 0.151733 0.127218 0.105553 0 0 0 0 0.103142 0.127548 0.154374 0.19991 0.238002 0.286876 0.353887 0.454333 0.540179 0.625187 0.701965 0.780376 0.860041 0.969699 1.04005 1.08607 1.12838 1.16243 1.18655 1.20208 1.20601 1.18697 1.16259 1.12475 1.08003 1.02513 0.968185 0.903682 0.805452 0.733706 0.659425 0.58137 0.514568 0.442781 0.387696 0.328725 0.276586 0.230866 0.197195 0.17408 0.161176 0.157705 0.161797 0.164206 0.171334 0.178851 0.185539 0.19022 0.192588 0.190324 0.194468 0.190908
-9999 -9999 -9999 -9999 -9999 -9999 -9999 -9999 0.235526 0.207295 0.18775 0.164886 0.138544 0.117643 0.113874 0 0 0.105074 0.12797 0.164609 0.197321 0.217743 0.251028 0.302235 0.365174 0.458835 0.541464 0.617145 0.687648 0.767767 0.845129 0.948686 1.01521 1.07617 1.12127 1.15667 1.17032 1.17885 1.17729 1.16837 1.14487 1.1085 1.06553 1.01332 0.955103 0.891165 0.803051 0.727731 0.658373 0.585571 0.517268 0.451991 0.399113 0.342697 0.289173 0.244662 0.21107 0.187352 0.174265 0.169926 0.173024 0.18173 0.176853 0.183641 0.189606 0.193919 0.195811 0.19142 0.18839 0.18685
-9999 -9999 -9999 -9999 -9999 -9999 -9999 -9999 0.253297 0.22596 0.207716 0.179595 0.149768 0.15719 0.137391 0.124871 0.123074 0.133652 0.153076 0.19125 0.241256 0.246967 0.276773 0.32441 0.389335 0.468269 0.532631 0.60852 0.678687 0.75807 0.830898 0.922384 0.987168 1.04588 1.10712 1.13571 1.14429 1.15029 1.14685 1.13588 1.11556 1.08616 1.06113 0.997201 0.949912 0.884204 0.795019 0.727808 0.660113 0.592659 0.527131 0.464464 0.414579 0.357488 0.309247 0.2659 0.231643 0.208522 0.194605 0.189133 0.190752 0.197652 0.207897 0.192398 0.195477 0.198936 0.200257 0.195146 0.191103 0.185021
-9999 -9999 -9999 -9999 -9999 -9999 -9999 -9999 0.289681 0.255134 0.21938 0.193974 0.208072 0.186391 0.168482 0.159797 0.156663 0.166032 0.184628 0.217117 0.265009 0.31661 0.330965 0.363252 0.411349 0.466017 0.532 0.603896 0.675544 0.742327 0.806213 0.896364 0.972058 1.02897 1.05882 1.09411 1.10456 1.11602 1.12007 1.09966 1.08305 1.05816 1.02943 1.00934 0.961085 0.884337 0.796172 0.737704 0.670172 0.603413 0.540085 0.480508 0.435138 0.384886 0.335302 0.290506 0.258684 0.235585 0.220938 0.214016 0.213656 0.218356 0.226152 0.23516 0.205834 0.20883 0.205729 0.19971 0.19538 0.189211
-9999 -9999 -9999 -9999 -9999 -9999 -9999 -9999 0.294135 0.271136 0.241731 0.266591 0.239699 0.221457 0.204263 0.195605 0.195128 0.205251 0.225497 0.255722 0.299885 0.349286 0.384799 0.401103 0.449241 0.494987 0.545314 0.607232 0.670075 0.742398 0.803647 0.887082 0.941484 0.978382 1.01952 1.05581 1.06238 1.07257 1.07761 1.06479 1.05056 1.03822 1.01604 0.980223 0.950035 0.906215 0.82437 0.744012 0.682332 0.615144 0.572596 0.513743 0.467252 0.412898 0.359342 0.320775 0.289901 0.266816 0.2514 0.242893 0.240312 0.242427 0.247412 0.253716 0.260023 0.21661 0.216671 0.209658 0.200541 0.19424
-9999 -9999 -9999 -9999 -9999 -9999 -9999 -9999 0.30126 0.295489 0.26942 0.297473 0.273167 0.256305 0.242841 0.236561 0.239077 0.247728 0.265682 0.294332 0.328664 0.3744 0.430328 0.459343 0.486667 0.524525 0.586148 0.641859 0.703008 0.764765 0.829374 0.875677 0.903882 0.949174 0.983324 1.01257 1.02283 1.03317 1.03602 1.03134 1.02745 1.0198 1.00305 0.96353 0.92706 0.899338 0.830347 0.791825 0.728447 0.66825 0.593532 0.543091 0.496199 0.43445 0.390773 0.353617 0.323354 0.300499 0.284158 0.274158 0.26939 0.268692 0.27076 0.274125 0.277587 0.280036 0.224252 0.215924 0.211097 0.209924
-9999 -9999 -9999 -9999 -9999 -9999 -9999 -9999 -9999 0.316238 0.352004 0.323618 0.30329 0.287715 0.277699 0.274471 0.277733 0.287096 0.304004 0.330427 0.36543 0.411312 0.460799 0.50281 0.525742 0.563444 0.614722 0.658862 0.710227 0.769589 0.867659 0.885516 0.914647 0.947924 0.976076 0.998271 0.991256 1.00141 1.00608 1.00782 1.01549 1.02624 1.01113 0.982258 0.95262 0.927965 0.851936 0.794335 0.739114 0.6849 0.639731 0.608088 0.529713 0.47893 0.437355 0.398706 0.357677 0.334854 0.317874 0.306376 0.299376 0.295997 0.295124 0.302864 0.304029 0.304435 0.238915 0.228675 0.223867 0.217362
-9999 -9999 -9999 -9999 -9999 -9999 -9999 -9999 -9999 0.412181 0.384894 0.355538 0.341402 0.328251 0.318152 0.317317 0.323569 0.334777 0.351812 0.375355 0.410275 0.450954 0.496815 0.542468 0.588024 0.596593 0.64049 0.676033 0.723459 0.773454 0.850343 0.894409 0.916462 0.935625 0.959277 0.979276 1.00514 1.01033 1.01918 1.02477 1.01822 1.00766 0.996188 0.967171 0.943495 0.906578 0.854544 0.805065 0.755822 0.702043 0.660522 0.637016 0.560011 0.511764 0.472252 0.433079 0.402292 0.378226 0.359824 0.346362 0.337189 0.331316 0.327921 0.325891 0.32426 0.3223 0.319525 0.246043 0.241657 0.23452
-9999 -9999 -9999 -9999 -9999 -9999 -9999 -9999 -9999 0.437292 0.418094 0.393309 0.373987 0.369629 0.361024 0.358786 0.36698 0.379983 0.398028 0.419406 0.453599 0.493881 0.537109 0.586078 0.627638 0.666704 0.658004 0.694764 0.739157 0.785831 0.851671 0.883273 0.906037 0.928348 0.949116 0.967352 0.982212 0.990865 0.997813 0.996924 0.995737 0.993469 0.979895 0.954777 0.939255 0.907496 0.868688 0.818178 0.767857 0.720252 0.684714 0.636495 0.584787 0.540048 0.499595 0.465282 0.436563 0.41217 0.393317 0.378589 0.367523 0.359422 0.353398 0.348796 0.344632 0.34106 0.337165 0.339061 0.252404 0.244389
-9999 -9999 -9999 -9999 -9999 -9999 -9999 -9999 -9999 0.462606 0.446035 0.425483 0.41228 0.408982 0.401565 0.397691 0.405006 0.418922 0.434696 0.457611 0.489137 0.526006 0.567925 0.608951 0.65901 0.691217 0.680185 0.715054 0.753909 0.820428 0.859489 0.886198 0.909206 0.931581 0.946047 0.961893 0.974981 0.989747 0.995665 0.991264 0.985702 0.976905 0.96801 0.947781 0.927866 0.901408 0.871488 0.826167 0.782485 0.74125 0.673871 0.651659 0.606608 0.565718 0.528403 0.496646 0.468422 0.443884 0.424492 0.408731 0.396115 0.385968 0.377793 0.371081 0.364835 0.360136 0.356429 0.354855 0.268692 0.253883
-9999 -9999 -9999 -9999 -9999 -9999 -9999 -9999 -9999 0.492342 0.475644 0.458689 0.451189 0.450204 0.437794 0.433456 0.440924 0.453513 0.470166 0.497885 0.520175 0.548842 0.587838 0.634118 0.684597 0.722985 0.726774 0.73762 0.774347 0.842239 0.879664 0.90746 0.925834 0.941278 0.952268 0.965104 0.978075 0.997069 1.01249 1.00365 0.990047 0.978953 0.965611 0.95307 0.932039 0.907283 0.882445 0.820781 0.803653 0.762806 0.717302 0.673613 0.630258 0.590233 0.558479 0.52775 0.497672 0.472623 0.452917 0.436293 0.422277 0.410534 0.400488 0.392184 0.384485 0.377462 0.377614 0.373906 0.358844 0.262524
-9999 -9999 -9999 -9999 -9999 -9999 -9999 -9999 -9999 0.523196 0.510613 0.494879 0.488671 0.480591 0.469915 0.468531 0.473406 0.484686 0.500607 0.522877 0.54726 0.577706 0.615566 0.659901 0.70846 0.754828 0.790071 0.765012 0.783225 0.865385 0.9029 0.926222 0.943252 0.952116 0.962948 0.976473 0.987536 0.996233 1.00792 1.0174 1.01059 0.99363 0.983647 0.970573 0.944761 0.919432 0.895531 0.867934 0.818834 0.749455 0.738966 0.697547 0.654957 0.612267 0.57911 0.550332 0.521141 0.498164 0.478182 0.460789 0.445805 0.432716 0.421119 0.411045 0.402331 0.398247 0.39331 0.390074 0.380162 0.267154
-9999 -9999 -9999 -9999 -9999 -9999 -9999 -9999 -9999 0.555618 0.540971 0.526177 0.513542 0.503222 0.496522 0.501453 0.504485 0.515781 0.527472 0.546134 0.571239 0.600163 0.635942 0.682684 0.729934 0.780788 0.815963 0.805172 0.845692 0.886697 0.931393 0.948318 0.960766 0.970932 0.983026 1.00329 1.00827 1.01487 1.02032 1.02479 1.02887 1.01738 1.01032 0.991411 0.964268 0.936803 0.908705 0.880417 0.812563 0.764489 0.757241 0.717896 0.676486 0.636309 0.599001 0.56954 0.54286 0.520086 0.499967 0.48212 0.466364 0.452382 0.439833 0.428528 0.422006 0.416643 0.409016 0.402574 0.391506 0.355512
