Test_Spring_2018b/04_18/Prec/20180401_003.txt
ncols	170
nrows	115
xllcorner	350000.000000
yllcorner	4445000.000000
cellsize	1000.000000
nodata_value	-9999.000000
[rows 32 to 63 of 115, columns 72 to 143 of 170]
0.4282 0.445217 0.452962 0.461744 0.530011 0.599842 0.633941 0.64961 0.667484 0.688626 0.704167 0.719026 0.732223 0.752874 0.790639 0.826091 0.825322 0.837976 0.860914 0.860286 0.885335 0.925247 0.975433 0.978837 1.00428 1.07589 1.11842 -9999 -9999 -9999 -9999 -9999 -9999 -9999 -9999 -9999 -9999 -9999 -9999 -9999 -9999 -9999 -9999 -9999 -9999 -9999 -9999 -9999 -9999 -9999 -9999 -9999 -9999 -9999 -9999 -9999 -9999 -9999 -9999 -9999 -9999 -9999 -9999 -9999 -9999 -9999 -9999 -9999 -9999 -9999 -9999 -9999
0.447174 0.461144 0.465136 0.478969 0.529235 0.608912 0.646468 0.660804 0.676757 0.6939 0.709827 0.725248 0.744713 0.767189 0.801534 0.840628 0.859105 0.85877 0.872108 0.885058 0.909048 0.936253 0.970093 0.977577 0.99345 1.03234 1.11389 1.18938 -9999 -9999 -9999 -9999 -9999 -9999 -9999 -9999 -9999 -9999 -9999 -9999 -9999 -9999 -9999 -9999 -9999 -9999 -9999 -9999 -9999 -9999 -9999 -9999 -9999 -9999 -9999 -9999 -9999 -9999 -9999 -9999 -9999 -9999 -9999 -9999 -9999 -9999 -9999 -9999 -9999 -9999 -9999 -9999
0.46646 0.486938 0.493997 0.503094 0.593704 0.653391 0.668224 0.672912 0.688344 0.702996 0.721045 0.737519 0.755895 0.778258 0.804927 0.834757 0.878239 0.871996 0.870792 0.886078 0.902998 0.927102 0.960178 0.967794 0.987899 1.04745 1.16084 1.19116 1.21346 -9999 -9999 -9999 -9999 -9999 -9999 -9999 -9999 -9999 -9999 -9999 -9999 -9999 -9999 -9999 -9999 -9999 -9999 -9999 -9999 -9999 -9999 -9999 -9999 -9999 -9999 -9999 -9999 -9999 -9999 -9999 -9999 -9999 -9999 -9999 -9999 -9999 -9999 -9999 -9999 -9999 -9999 -9999
0.485779 0.507824 0.51457 0.520279 0.578356 0.643317 0.675914 0.688391 0.700229 0.71507 0.733526 0.760523 0.77499 0.78765 0.809219 0.841508 0.87408 0.892143 0.882828 0.890967 0.908262 0.920444 0.951384 0.965547 0.988999 1.03534 1.11873 1.18722 1.21296 1.24512 -9999 -9999 -9999 -9999 -9999 -9999 -9999 -9999 -9999 -9999 -9999 -9999 -9999 -9999 -9999 -9999 -9999 -9999 -9999 -9999 -9999 -9999 -9999 -9999 -9999 -9999 -9999 -9999 -9999 -9999 -9999 -9999 -9999 -9999 -9999 -9999 -9999 -9999 -9999 -9999 -9999 -9999
-9999 -9999 0.53778 0.592975 0.625564 0.659588 0.688539 0.700293 0.711588 0.726752 0.750223 0.768097 0.781066 0.799461 0.822386 0.841077 0.865802 0.891633 0.899876 0.894815 0.91941 0.922963 0.943129 0.961094 0.992232 1.09358 1.13626 1.20223 1.22857 1.25931 -9999 -9999 -9999 -9999 -9999 -9999 -9999 -9999 -9999 -9999 -9999 -9999 -9999 -9999 -9999 -9999 -9999 -9999 -9999 -9999 -9999 -9999 -9999 -9999 -9999 -9999 -9999 -9999 -9999 -9999 -9999 -9999 -9999 -9999 -9999 -9999 -9999 -9999 -9999 -9999 -9999 -9999
-9999 -9999 -9999 0.604673 0.63911 0.642918 0.700368 0.714275 0.723512 0.738754 0.756661 0.772753 0.789199 0.806138 0.825931 0.84644 0.869914 0.88303 0.883483 0.897616 0.916116 0.931734 0.944848 0.967922 1.02213 1.11306 1.15031 1.22795 1.26076 1.28 1.30708 -9999 -9999 -9999 -9999 -9999 -9999 -9999 -9999 -9999 -9999 -9999 -9999 1.32836 -9999 -9999 -9999 -9999 -9999 -9999 -9999 -9999 -9999 -9999 -9999 -9999 -9999 -9999 -9999 -9999 -9999 -9999 -9999 -9999 1.40574 -9999 -9999 -9999 -9999 -9999 -9999 -9999
-9999 -9999 0.550527 0.629162 0.640437 0.650357 0.69196 0.725597 0.734476 0.750112 0.767263 0.783578 0.802375 0.815411 0.831019 0.851666 0.864453 0.871727 0.882328 0.894222 0.908831 0.927961 0.950881 0.976793 1.06727 1.10436 1.13848 1.18395 1.25209 1.28658 1.32556 1.3587 -9999 -9999 -9999 -9999 -9999 -9999 -9999 1.3808 1.37686 1.3706 1.35989 1.34189 1.34097 -9999 -9999 -9999 -9999 -9999 -9999 -9999 -9999 -9999 -9999 -9999 -9999 -9999 -9999 -9999 -9999 -9999 -9999 -9999 1.40605 1.4251 -9999 -9999 -9999 -9999 -9999 -9999
-9999 -9999 0.623815 0.633016 0.64768 0.659171 0.674364 0.732604 0.747407 0.76108 0.776391 0.792976 0.809834 0.820669 0.83735 0.850593 0.862974 0.868001 0.878791 0.89474 0.913524 0.934556 0.962813 0.987615 1.06992 1.10528 1.14635 1.18822 1.25883 1.30844 1.35589 1.3965 -9999 -9999 -9999 -9999 -9999 -9999 1.40975 1.39644 1.38464 1.38811 1.36956 1.35151 1.34392 1.38735 -9999 -9999 -9999 -9999 -9999 -9999 -9999 -9999 -9999 -9999 -9999 -9999 -9999 -9999 1.33687 1.35279 1.38415 1.40229 1.4155 1.43362 -9999 -9999 -9999 -9999 -9999 -9999
-9999 -9999 0.629583 0.638541 0.652029 0.666995 0.687421 0.72187 0.756666 0.772098 0.787347 0.801249 0.813694 0.829587 0.841127 0.858445 0.858773 0.868679 0.881965 0.903737 0.92347 0.957071 0.98586 1.06296 1.07985 1.11975 1.17069 1.22688 1.31991 1.34092 1.37687 1.41801 -9999 -9999 -9999 -9999 -9999 -9999 1.43633 1.42059 1.40406 1.39273 1.39298 1.36585 1.39583 1.39474 1.38771 1.37253 1.36215 1.3802 1.36146 1.35416 1.35442 1.34743 -9999 -9999 -9999 -9999 1.3403 1.34008 1.34053 1.3481 1.38223 1.40733 1.43139 1.44691 -9999 -9999 -9999 -9999 -9999 -9999
-9999 -9999 0.625002 0.639551 0.658568 0.681045 0.698511 0.734766 0.767705 0.779846 0.795232 0.808238 0.81925 0.830276 0.842622 0.848846 0.856343 0.867049 0.892768 0.923603 0.930667 0.968531 1.04826 1.07073 1.09198 1.13624 1.19458 1.25727 1.33362 1.35589 1.39858 1.43666 -9999 -9999 -9999 1.48697 1.47745 1.47569 1.46686 1.4458 1.42517 1.41205 1.39353 1.40958 1.40949 1.40661 1.4056 1.39316 1.36861 1.35836 1.36434 1.35648 1.35613 1.33919 1.33336 1.33021 1.3292 1.32989 1.32987 1.32944 1.33026 1.33672 1.38001 1.39999 1.4154 1.45208 -9999 -9999 -9999 -9999 -9999 -9999
-9999 -9999 0.644088 0.660519 0.67906 0.686132 0.709195 0.72766 0.76331 0.790071 0.804644 0.822137 0.828218 0.8368 0.844048 0.851323 0.859421 0.879699 0.907091 0.937396 0.961221 1.0026 1.04229 1.07671 1.0991 1.15494 1.20881 1.27078 1.31254 1.38257 1.4268 1.47685 -9999 -9999 1.53672 1.52002 1.50533 1.49412 1.48464 1.47384 1.44815 1.43187 1.40258 1.4155 1.425 1.41017 1.41296 1.39825 1.36763 1.3597 1.36209 1.34604 1.34121 1.3391 1.33495 1.33359 1.33294 1.33262 1.33426 1.3332 1.33324 1.33752 1.35977 1.37273 1.39395 1.43998 -9999 -9999 -9999 -9999 -9999 -9999
-9999 -9999 0.645356 0.662201 0.679329 0.702552 0.721562 0.738411 0.778693 0.790875 0.813852 0.829577 0.841517 0.843878 0.849344 0.854139 0.85941 0.877574 0.900054 0.933392 0.962419 1.01334 1.04638 1.10283 1.13222 1.1717 1.21399 1.25286 1.31929 1.39904 1.44766 1.49382 1.53439 -9999 1.56675 1.56486 1.54626 1.52475 1.50458 1.49607 1.46614 1.44554 1.44163 1.42853 1.42845 1.40267 1.39003 1.38062 1.36276 1.3553 1.36082 1.35261 1.3432 1.34014 1.33794 1.33683 1.33614 1.33553 1.3352 1.33502 1.33553 1.33757 1.34876 1.36664 1.39346 1.44207 -9999 -9999 -9999 -9999 -9999 -9999
-9999 0.610671 0.646318 0.66059 0.68217 0.705145 0.72811 0.750791 0.786077 0.799256 0.814601 0.834347 0.852238 0.857372 0.859528 0.857021 0.860222 0.865579 0.88045 0.918086 0.959764 1.00275 1.04901 1.1003 1.13415 1.16043 1.20439 1.25899 1.31537 1.39858 1.4656 1.51472 1.56405 1.58566 1.59049 1.59138 1.57942 1.55265 1.52662 1.50455 1.48339 1.47599 1.45339 1.42519 1.41746 1.40326 1.39359 1.38236 1.37303 1.3606 1.36495 1.35458 1.34744 1.34197 1.33996 1.33887 1.33812 1.33741 1.33689 1.33676 1.33676 1.33754 1.3437 1.36081 1.38472 1.4178 -9999 -9999 -9999 -9999 -9999 -9999
-9999 -9999 0.64983 0.671483 0.697363 0.722503 0.744933 0.765528 0.795726 0.813713 0.825423 0.836113 0.856551 0.870601 0.86521 0.863459 0.861725 0.864725 0.871767 0.920811 0.951767 0.985659 1.03263 1.07191 1.10596 1.14893 1.19865 1.26734 1.33677 1.431 1.49629 1.53656 1.5934 1.60603 1.61601 1.60509 1.59263 1.58163 1.56577 1.52575 1.51287 1.47936 1.44992 1.43479 1.42061 1.40837 1.39083 1.37849 1.36846 1.37814 1.3689 1.36293 1.34874 1.34439 1.34083 1.33987 1.33911 1.33865 1.33813 1.3378 1.33764 1.34102 1.33377 1.34398 1.38972 1.41901 -9999 -9999 -9999 -9999 -9999 -9999
-9999 -9999 -9999 -9999 0.704672 0.729375 0.75473 0.777106 0.802302 0.818087 0.83143 0.842982 0.854535 0.869311 0.873347 0.872096 0.881545 0.878237 0.881271 0.8954 0.916072 0.961341 1.01205 1.03937 1.08405 1.14453 1.2048 1.26698 1.34244 1.43225 1.50296 1.56316 1.59933 1.60668 1.61077 1.59973 1.59246 1.59229 1.57381 1.54677 1.51206 1.48159 1.45791 1.44163 1.42475 1.4146 1.38864 1.37421 1.36797 1.36412 1.36954 1.35895 1.35367 1.34328 1.34037 1.34006 1.33958 1.33913 1.33868 1.33831 1.33531 1.33445 1.33453 1.33636 1.38327 1.42518 -9999 -9999 -9999 -9999 -9999 -9999
-9999 -9999 -9999 -9999 0.715835 0.74241 0.764754 0.776792 0.806192 0.822034 0.83739 0.847341 0.857382 0.869483 0.879307 0.886859 0.898617 0.897313 0.890915 0.895917 0.914596 0.957874 0.989735 1.03131 1.08081 1.14715 1.21144 1.2711 1.34714 1.44011 1.50368 1.56933 1.59583 1.61393 1.6204 1.60843 1.59454 1.58087 1.57535 1.54963 1.51196 1.48668 1.4687 1.44231 1.42813 1.42066 1.38994 1.37206 1.36422 1.35566 1.36318 1.35594 1.34902 1.34375 1.34063 1.34001 1.33986 1.33952 1.33903 1.33725 1.33598 1.33484 1.33473 1.33624 1.36768 1.42588 -9999 -9999 -9999 -9999 -9999 -9999
-9999 -9999 -9999 -9999 -9999 0.75492 0.769871 0.776939 0.808853 0.82787 0.8388 0.849499 0.860582 0.867772 0.878982 0.892526 0.919854 0.917555 0.912361 0.906275 0.915538 0.942869 0.989862 1.03845 1.10613 1.17469 1.22746 1.28333 1.35353 1.44219 1.50797 1.5398 1.56462 1.58086 1.59466 1.60784 1.5963 1.57933 1.57126 1.54361 1.51018 1.48946 1.46573 1.44194 1.42822 1.408 1.38987 1.36801 1.36231 1.35125 1.35742 1.3524 1.34741 1.34365 1.34074 1.34012 1.33992 1.33952 1.33896 1.33753 1.33609 1.33492 1.33462 1.33593 1.34173 1.37673 1.40186 -9999 -9999 -9999 -9999 -9999
-9999 -9999 -9999 -9999 -9999 0.769143 0.789888 0.792714 0.82198 0.82993 0.839061 0.849585 0.863203 0.871789 0.888667 0.893279 0.918702 0.934873 0.934476 0.952064 0.944211 0.945516 0.991764 1.07899 1.13932 1.1984 1.24456 1.29609 1.35333 1.4521 1.50558 1.52444 1.54601 1.56356 1.57539 1.58536 1.58777 1.56434 1.55016 1.52628 1.50507 1.47949 1.4622 1.44191 1.4181 1.40336 1.38704 1.36515 1.36208 1.34738 1.35468 1.35166 1.34865 1.3424 1.34078 1.34005 1.33938 1.33938 1.3387 1.33756 1.33576 1.3344 1.33407 1.33498 1.33828 1.34934 1.37207 1.38877 1.39825 -9999 -9999 -9999
-9999 -9999 -9999 -9999 -9999 -9999 0.812023 0.804843 0.826236 0.835935 0.839214 0.848477 0.867891 0.875483 0.890971 0.904809 0.928385 0.957671 0.981671 0.956648 0.942121 0.949562 0.9923 1.07012 1.12743 1.17298 1.21116 1.26893 1.32566 1.41692 1.46746 1.51615 1.54602 1.56585 1.56667 1.56483 1.55815 1.55194 1.5337 1.51533 1.49372 1.46878 1.44489 1.42111 1.41184 1.38658 1.375 1.35884 1.35014 1.34425 1.35262 1.35253 1.34607 1.34143 1.33998 1.33766 1.33824 1.33808 1.33725 1.33593 1.33485 1.33334 1.33265 1.33353 1.3363 1.34409 1.354 1.37372 1.39927 1.43061 -9999 -9999
-9999 -9999 -9999 -9999 -9999 -9999 0.828175 0.819712 0.839942 0.836814 0.853381 0.861878 0.866355 0.873615 0.886469 0.905346 0.922689 0.955657 0.993155 0.96455 0.951957 0.956654 0.985312 1.06478 1.09433 1.14458 1.18667 1.24783 1.3015 1.37584 1.42817 1.47758 1.53549 1.55869 1.54776 1.54331 1.53402 1.5237 1.50932 1.49127 1.48488 1.45702 1.44668 1.41395 1.39864 1.3815 1.36709 1.35494 1.34613 1.34029 1.3489 1.34442 1.34474 1.34194 1.33503 1.3355 1.33579 1.33562 1.33481 1.33335 1.33161 1.33224 1.33037 1.33103 1.33358 1.34102 1.3489 1.35995 1.37562 1.41082 1.44067 1.46028
-9999 -9999 -9999 -9999 -9999 -9999 0.872582 0.848098 0.865468 0.859424 0.861765 0.864223 0.867287 0.877278 0.884886 0.900074 0.915867 0.94028 0.976852 1.00688 0.99353 0.971973 0.989923 1.03461 1.0723 1.12096 1.17114 1.21587 1.25959 1.33633 1.40854 1.45958 1.48333 1.51301 1.5085 1.51566 1.52025 1.49286 1.48311 1.4699 1.46088 1.46823 1.44656 1.42062 1.40244 1.39337 1.37225 1.35461 1.3433 1.33692 1.34667 1.34645 1.34328 1.33136 1.33143 1.33188 1.33212 1.3318 1.33086 1.32952 1.32776 1.32591 1.3284 1.32921 1.32964 1.33682 1.34396 1.354 1.36666 1.38442 1.40581 1.42841
-9999 -9999 -9999 -9999 -9999 -9999 0.89144 0.89115 0.87339 0.876554 0.866937 0.869714 0.868765 0.874377 0.883423 0.898226 0.916872 0.938969 0.972214 1.00291 0.999642 0.991937 0.997438 1.03275 1.07164 1.10881 1.14956 1.2111 1.25396 1.32128 1.36541 1.40068 1.43682 1.47237 1.46426 1.47125 1.47837 1.46375 1.45633 1.46202 1.4603 1.44438 1.43828 1.4285 1.41961 1.39737 1.37886 1.35303 1.35473 1.34723 1.35047 1.34442 1.32792 1.32677 1.32665 1.32679 1.32686 1.32634 1.32525 1.32392 1.3222 1.32056 1.31978 1.32409 1.3264 1.33392 1.33789 1.34679 1.35818 1.37237 1.4012 1.41147
-9999 -9999 -9999 -9999 -9999 -9999 0.896181 0.902793 0.887188 0.881987 0.871003 0.870349 0.870529 0.875778 0.8868 0.89733 0.911992 0.933094 0.952498 0.98149 1.01968 1.00416 1.01894 1.05033 1.0962 1.12214 1.16019 1.20339 1.2741 1.30271 1.3221 1.36321 1.39169 1.41878 1.42008 1.42926 1.43333 1.43246 1.44145 1.4525 1.45637 1.42914 1.41583 1.41763 1.42753 1.4079 1.38453 1.37059 1.35758 1.35736 1.35083 1.32793 1.32381 1.32149 1.32027 1.32026 1.31978 1.31923 1.31814 1.31663 1.31502 1.3135 1.31263 1.31283 1.3192 1.32657 1.33271 1.35399 1.36449 1.37255 1.38602 1.39468
-9999 -9999 -9999 -9999 -9999 -9999 -9999 0.925245 0.915245 0.892451 0.882814 0.878671 0.879462 0.885436 0.89439 0.904342 0.917037 0.935714 0.95912 0.992177 1.02349 1.03528 1.05101 1.09083 1.11448 1.12649 1.15354 1.19836 1.28975 1.29241 1.3042 1.3299 1.35331 1.37287 1.3823 1.39282 1.40073 1.41073 1.43848 1.44339 1.44549 1.43162 1.42475 1.42334 1.42378 1.39756 1.38078 1.36936 1.37542 1.38635 1.34509 1.33423 1.33209 1.32611 1.31256 1.31191 1.31122 1.31047 1.30917 1.3076 1.30598 1.31364 1.31335 1.31399 1.32163 1.32908 1.33583 1.34394 1.35461 1.36333 1.37513 1.34213
-9999 -9999 -9999 -9999 -9999 -9999 -9999 0.949711 0.923753 0.894449 0.890597 0.885726 0.881821 0.888179 0.899612 0.911324 0.924197 0.939241 0.965279 0.993222 1.02315 1.04698 1.06644 1.10879 1.12521 1.12778 1.15332 1.18678 1.26319 1.29889 1.30205 1.30631 1.32456 1.34247 1.37656 1.3803 1.39627 1.41251 1.41374 1.41456 1.42077 1.40361 1.40331 1.38736 1.41486 1.39651 1.38334 1.3655 1.37064 1.38552 1.34346 1.33112 1.32767 1.31711 1.31255 1.31055 1.30926 1.30799 1.3067 1.30523 1.30399 1.30306 1.3027 1.30341 1.3058 1.31717 1.34207 1.34825 1.35167 1.3567 1.34986 1.31831
-9999 -9999 -9999 -9999 -9999 -9999 -9999 0.947667 0.932077 0.906514 0.889107 0.895192 0.889844 0.89037 0.902772 0.916359 0.931009 0.943578 0.970876 1.00171 1.03144 1.06607 1.08386 1.09479 1.11905 1.12843 1.15304 1.18472 1.24602 1.26326 1.27053 1.28271 1.29791 1.31433 1.33036 1.34096 1.354 1.35886 1.36894 1.38318 1.38404 1.37137 1.3823 1.3716 1.35504 1.39407 1.37326 1.36007 1.36934 1.35111 1.33162 1.32009 1.31051 1.30503 1.30193 1.29859 1.29718 1.29568 1.29422 1.29284 1.29152 1.29074 1.2904 1.29222 1.29579 1.31269 1.33345 1.33741 1.33708 1.33876 1.28677 1.29341
-9999 -9999 -9999 -9999 -9999 -9999 -9999 0.945633 0.931513 0.909787 0.899295 0.903479 0.896765 0.891566 0.900382 0.914515 0.925238 0.941644 0.966449 0.994358 1.02552 1.05041 1.08743 1.0907 1.11883 1.12846 1.14664 1.20582 1.23372 1.24466 1.25421 1.26798 1.27332 1.28646 1.30007 1.32184 1.33334 1.33209 1.33428 1.33653 1.34458 1.33897 1.34016 1.33603 1.33164 1.3769 1.3632 1.35624 1.32867 1.32764 1.31485 1.3055 1.2975 1.29346 1.28927 1.2849 1.28301 1.28135 1.27985 1.27835 1.27722 1.27688 1.27687 1.28026 1.28702 1.29989 1.33227 1.32383 1.31584 1.27596 1.26333 1.26837
-9999 -9999 -9999 -9999 -9999 -9999 -9999 0.9519 0.935161 0.91692 0.91338 0.918593 0.900367 0.892045 0.899485 0.910462 0.922775 0.948523 0.958923 0.974906 1.00387 1.04116 1.08221 1.09948 1.12082 1.12933 1.14578 1.20993 1.23645 1.25037 1.25254 1.25464 1.25418 1.26221 1.27574 1.30503 1.3333 1.32442 1.31266 1.31086 1.31089 1.31817 1.31642 1.31376 1.31616 1.33979 1.36023 1.35039 1.32766 1.3159 1.30217 1.29067 1.28918 1.28439 1.27524 1.26924 1.26709 1.26522 1.26346 1.26206 1.26101 1.26142 1.26232 1.26476 1.28084 1.29184 1.31551 1.30706 1.30218 1.24209 1.23817 1.24116
-9999 -9999 -9999 -9999 -9999 -9999 -9999 0.961584 0.950409 0.932288 0.928781 0.919323 0.902036 0.897132 0.898793 0.906858 0.917934 0.934856 0.950206 0.971054 1.00009 1.03618 1.07603 1.10922 1.12106 1.13582 1.14294 1.21122 1.23805 1.24395 1.2433 1.23326 1.23184 1.24046 1.25019 1.26123 1.28301 1.30646 1.30705 1.29558 1.30207 1.30886 1.29891 1.29503 1.29835 1.29919 1.34275 1.31452 1.3185 1.30805 1.29287 1.27397 1.26755 1.26412 1.25509 1.25204 1.24954 1.24728 1.24553 1.2441 1.24307 1.24333 1.24538 1.25564 1.26509 1.27862 1.28178 1.28203 1.23639 1.2141 1.21292 1.21475
-9999 -9999 -9999 -9999 -9999 -9999 -9999 0.976339 0.960695 0.943005 0.926819 0.911939 0.900185 0.905132 0.902722 0.910389 0.914096 0.925165 0.9426 0.961861 0.988454 1.02991 1.06847 1.11021 1.12223 1.12937 1.17552 1.20448 1.24265 1.23581 1.22542 1.21587 1.21496 1.23392 1.23194 1.23872 1.2495 1.26463 1.28517 1.28454 1.29761 1.29571 1.28485 1.27836 1.27507 1.27493 1.2954 1.2965 1.30318 1.29498 1.28021 1.26392 1.24849 1.24235 1.23656 1.23323 1.23046 1.22802 1.22615 1.22491 1.22437 1.22484 1.23314 1.24343 1.25016 1.25963 1.26181 1.25639 1.21175 1.18934 1.18723 1.18731
-9999 -9999 -9999 -9999 -9999 -9999 -9999 -9999 0.962424 0.942725 0.92941 0.929299 0.91868 0.915838 0.915635 0.921418 0.91099 0.919402 0.934265 0.952788 0.977284 1.01211 1.04207 1.08236 1.11693 1.13842 1.18802 1.19824 1.2156 1.22009 1.20959 1.19666 1.20419 1.22852 1.23329 1.23556 1.2323 1.23872 1.26658 1.28022 1.29047 1.28066 1.26957 1.26408 1.25961 1.25671 1.25511 1.29628 1.27776 1.2624 1.25377 1.24034 1.22935 1.22282 1.2173 1.21339 1.21014 1.20764 1.20603 1.20488 1.20532 1.20784 1.21739 1.24079 1.24013 1.24323 1.25116 1.19562 1.17516 1.16622 1.16147 1.16015
-9999 -9999 -9999 -9999 -9999 -9999 -9999 -9999 0.969111 0.944303 0.941589 0.945551 0.958784 0.959354 0.931067 0.930942 0.920912 0.913144 0.924996 0.943364 0.967159 0.993882 1.02835 1.07146 1.10992 1.1608 1.16845 1.16941 1.17986 1.18665 1.18459 1.19283 1.21834 1.24136 1.23947 1.23955 1.22406 1.22317 1.22843 1.24482 1.26249 1.27051 1.25691 1.25226 1.24774 1.24317 1.22217 1.25149 1.25691 1.24231 1.23011 1.22049 1.20947 1.20247 1.19699 1.19232 1.18889 1.18642 1.18521 1.18481 1.18779 1.19203 1.20806 1.22169 1.23044 1.24139 1.21825 1.17196 1.15316 1.14327 1.13725 1.13467
