Test_Spring_2018b/04_18/Prec/20180405_023.txt
ncols	170
nrows	115
xllcorner	350000.000000
yllcorner	4445000.000000
cellsize	1000.000000
nodata_value	-9999.000000
[rows 31 to 61 of 115, columns 70 to 139 of 170]
0 0 0 0 0 0 0 0 0.119071 0.122309 0.126324 0.12925 0.132545 0.136445 0.139214 0.144367 0.156615 0.1559 0.157129 0.162682 0.163895 0.164351 0.170105 0.180708 0.187558 0.196378 0.199624 0.208264 0.215957 -9999 -9999 -9999 -9999 -9999 -9999 -9999 -9999 -9999 -9999 -9999 -9999 -9999 -9999 -9999 -9999 -9999 -9999 -9999 -9999 -9999 -9999 -9999 -9999 -9999 -9999 -9999 -9999 -9999 -9999 -9999 -9999 -9999 -9999 -9999 -9999 -9999 -9999 -9999 -9999 -9999
0 0 0 0 0 0 0.101965 0.117418 0.122632 0.125617 0.129276 0.133909 0.137091 0.140163 0.142849 0.147629 0.157127 0.165997 0.164923 0.167475 0.172766 0.171498 0.177142 0.186723 0.198977 0.19828 0.203496 0.217528 0.230454 -9999 -9999 -9999 -9999 -9999 -9999 -9999 -9999 -9999 -9999 -9999 -9999 -9999 -9999 -9999 -9999 -9999 -9999 -9999 -9999 -9999 -9999 -9999 -9999 -9999 -9999 -9999 -9999 -9999 -9999 -9999 -9999 -9999 -9999 -9999 -9999 -9999 -9999 -9999 -9999 -9999
0 0 0 0 0 0 0.102135 0.120051 0.126343 0.129053 0.132268 0.135878 0.139226 0.142503 0.146942 0.152247 0.160824 0.170699 0.174899 0.173896 0.176565 0.179035 0.18442 0.19057 0.198418 0.198933 0.201648 0.209779 0.230577 0.246504 -9999 -9999 -9999 -9999 -9999 -9999 -9999 -9999 -9999 -9999 -9999 -9999 -9999 -9999 -9999 -9999 -9999 -9999 -9999 -9999 -9999 -9999 -9999 -9999 -9999 -9999 -9999 -9999 -9999 -9999 -9999 -9999 -9999 -9999 -9999 -9999 -9999 -9999 -9999 -9999
0 0 0 0 0 0.10121 0.11771 0.129746 0.132616 0.132753 0.135894 0.138887 0.142878 0.146498 0.150687 0.156001 0.162507 0.16987 0.18094 0.178336 0.177038 0.180167 0.183643 0.188981 0.196671 0.19729 0.201252 0.217706 0.241364 0.248562 0.25363 -9999 -9999 -9999 -9999 -9999 -9999 -9999 -9999 -9999 -9999 -9999 -9999 -9999 -9999 -9999 -9999 -9999 -9999 -9999 -9999 -9999 -9999 -9999 -9999 -9999 -9999 -9999 -9999 -9999 -9999 -9999 -9999 -9999 -9999 -9999 -9999 -9999 -9999 -9999
-9999 0 0 0.104212 0.105251 0.105946 0.118253 0.12785 0.135066 0.137389 0.139601 0.142705 0.146867 0.153429 0.156606 0.159316 0.164473 0.172551 0.180667 0.184749 0.181252 0.182444 0.186044 0.188139 0.195275 0.19773 0.202661 0.216503 0.234191 0.24895 0.255061 0.263038 -9999 -9999 -9999 -9999 -9999 -9999 -9999 -9999 -9999 -9999 -9999 -9999 -9999 -9999 -9999 -9999 -9999 -9999 -9999 -9999 -9999 -9999 -9999 -9999 -9999 -9999 -9999 -9999 -9999 -9999 -9999 -9999 -9999 -9999 -9999 -9999 -9999 -9999
-9999 -9999 -9999 -9999 0.111643 0.123292 0.12896 0.132639 0.138893 0.141051 0.143157 0.146402 0.151997 0.156125 0.158959 0.163307 0.168898 0.173307 0.179322 0.185569 0.18691 0.184505 0.190117 0.189858 0.194053 0.197562 0.204619 0.2306 0.240243 0.254404 0.26074 0.268396 -9999 -9999 -9999 -9999 -9999 -9999 -9999 -9999 -9999 -9999 -9999 -9999 -9999 -9999 -9999 -9999 -9999 -9999 -9999 -9999 -9999 -9999 -9999 -9999 -9999 -9999 -9999 -9999 -9999 -9999 -9999 -9999 -9999 -9999 -9999 -9999 -9999 -9999
-9999 -9999 -9999 -9999 -9999 0.126566 0.132835 0.132888 0.142517 0.145281 0.146854 0.150166 0.154296 0.158006 0.161868 0.165896 0.170707 0.175684 0.181415 0.184225 0.183463 0.186333 0.19028 0.193321 0.195572 0.200467 0.216172 0.237088 0.246105 0.262654 0.270776 0.275314 0.282142 -9999 -9999 -9999 -9999 -9999 -9999 -9999 -9999 -9999 -9999 -9999 -9999 0.294549 -9999 -9999 -9999 -9999 -9999 -9999 -9999 -9999 -9999 -9999 -9999 -9999 -9999 -9999 -9999 -9999 -9999 -9999 -9999 -9999 0.350048 -9999 -9999 -9999
-9999 -9999 -9999 -9999 0.115325 0.131345 0.133383 0.135058 0.141142 0.148766 0.150262 0.153723 0.157705 0.161551 0.166143 0.169192 0.172947 0.178045 0.180919 0.182182 0.184235 0.186506 0.189382 0.193365 0.19827 0.203902 0.226863 0.235748 0.24386 0.254315 0.269433 0.278136 0.288228 0.296878 -9999 -9999 -9999 -9999 -9999 -9999 -9999 0.305127 0.305064 0.304565 0.303055 0.299764 0.301364 -9999 -9999 -9999 -9999 -9999 -9999 -9999 -9999 -9999 -9999 -9999 -9999 -9999 -9999 -9999 -9999 -9999 -9999 -9999 0.353066 0.35892 -9999 -9999
-9999 -9999 -9999 -9999 0.131281 0.132684 0.135567 0.137596 0.140687 0.151044 0.154173 0.157132 0.16067 0.164669 0.168824 0.171373 0.175524 0.17869 0.181533 0.182242 0.184383 0.187777 0.191785 0.196255 0.20257 0.207834 0.228604 0.23693 0.246864 0.257096 0.272113 0.284915 0.297291 0.307969 -9999 -9999 -9999 -9999 -9999 -9999 0.313018 0.310246 0.308089 0.310338 0.30679 0.303624 0.303571 0.320484 -9999 -9999 -9999 -9999 -9999 -9999 -9999 -9999 -9999 -9999 -9999 -9999 -9999 -9999 0.335844 0.340457 0.349262 0.354486 0.35847 0.363964 -9999 -9999
-9999 -9999 -9999 -9999 0.133286 0.134512 0.136966 0.139849 0.144289 0.152305 0.157031 0.160503 0.164084 0.167432 0.170481 0.174528 0.177385 0.181774 0.181406 0.183519 0.186384 0.191384 0.195633 0.2035 0.209893 0.229103 0.232255 0.241709 0.25423 0.268278 0.290146 0.294376 0.303539 0.314311 -9999 -9999 -9999 -9999 -9999 -9999 0.320705 0.31732 0.313946 0.312243 0.313981 0.308495 0.321385 0.323824 0.324849 0.323807 0.324191 0.332078 0.32927 0.330383 0.33336 0.334074 -9999 -9999 -9999 -9999 0.339619 0.339966 0.340268 0.342382 0.351738 0.358681 0.365478 0.374377 -9999 -9999
-9999 -9999 -9999 -9999 0.132492 0.13512 0.138964 0.143791 0.14732 0.155763 0.160321 0.16705 0.170496 0.173447 0.175997 0.178668 0.181779 0.183241 0.185025 0.187606 0.194169 0.201963 0.203047 0.207698 0.225978 0.232206 0.236421 0.246932 0.261341 0.277026 0.294321 0.298832 0.309751 0.322913 -9999 -9999 -9999 0.335697 0.33342 0.333528 0.331963 0.327324 0.32308 0.317851 0.314603 0.320662 0.325934 0.328153 0.331123 0.331152 0.327985 0.328773 0.332833 0.334098 0.337175 0.341772 0.342182 0.342968 0.343986 0.345134 0.3458 0.346122 0.346635 0.348612 0.353954 0.359292 0.363556 0.384065 -9999 -9999
-9999 -9999 -9999 -9999 0.136783 0.13983 0.143483 0.149617 0.154582 0.158319 0.166651 0.169906 0.173104 0.177289 0.178523 0.18059 0.182395 0.184256 0.186325 0.191649 0.198778 0.206512 0.212245 0.221146 0.230625 0.239913 0.244494 0.252657 0.269256 0.284628 0.294508 0.310478 0.320889 0.333683 -9999 -9999 0.348621 0.344065 0.340351 0.337894 0.336223 0.334512 0.329041 0.326468 0.320639 0.326407 0.334219 0.333413 0.334319 0.334062 0.338105 0.339497 0.343833 0.341241 0.342708 0.344562 0.345471 0.346743 0.347811 0.348604 0.349617 0.34965 0.349827 0.351093 0.357301 0.36105 0.370963 0.389469 -9999 -9999
-9999 -9999 -9999 -9999 0.141225 0.144542 0.147889 0.152885 0.156739 0.161088 0.170558 0.172623 0.175565 0.179254 0.182115 0.182533 0.183937 0.185228 0.186648 0.191521 0.197425 0.206091 0.21332 0.225063 0.232699 0.250526 0.257173 0.26636 0.276128 0.284819 0.296329 0.314863 0.326815 0.337891 0.34811 -9999 0.355952 0.355376 0.350562 0.345306 0.340784 0.339831 0.333372 0.32983 0.330905 0.330151 0.335505 0.34015 0.340648 0.341948 0.340787 0.340198 0.34563 0.346659 0.345731 0.347379 0.348832 0.350136 0.351126 0.351744 0.352113 0.352276 0.352475 0.353039 0.35614 0.364411 0.372261 0.391205 -9999 -9999
-9999 -9999 -9999 0.135176 0.141896 0.144407 0.148865 0.153682 0.158503 0.163288 0.171412 0.174498 0.177513 0.180412 0.184908 0.186126 0.186697 0.186091 0.187068 0.188564 0.192512 0.202468 0.212355 0.225096 0.23672 0.250535 0.258342 0.263799 0.273859 0.28664 0.299776 0.318862 0.331308 0.343368 0.355488 0.360586 0.361404 0.361499 0.358469 0.351794 0.345749 0.341215 0.337346 0.337344 0.333883 0.336603 0.340428 0.340893 0.34255 0.343651 0.345073 0.345385 0.350407 0.349201 0.350138 0.35007 0.351543 0.352787 0.353673 0.354168 0.354382 0.354465 0.354449 0.354607 0.358848 0.363962 0.379921 0.394915 -9999 -9999
-9999 -9999 -9999 -9999 0.143227 0.147676 0.153224 0.158539 0.163111 0.167218 0.173845 0.177451 0.179538 0.181924 0.185898 0.189579 0.188139 0.187828 0.187565 0.188544 0.190477 0.204268 0.212435 0.221084 0.232962 0.243429 0.25125 0.261184 0.272668 0.289104 0.305561 0.32745 0.342874 0.351601 0.362942 0.36524 0.36733 0.3641 0.360891 0.358561 0.355383 0.346067 0.344394 0.342829 0.338859 0.339123 0.341492 0.342863 0.342685 0.343745 0.345179 0.351689 0.353086 0.35449 0.353156 0.353311 0.353498 0.354687 0.35547 0.355932 0.356063 0.356029 0.355932 0.35858 0.362907 0.367615 0.382141 0.396116 -9999 -9999
-9999 -9999 -9999 -9999 -9999 -9999 0.155426 0.160554 0.165851 0.170361 0.175534 0.178447 0.180898 0.183114 0.185627 0.189047 0.190221 0.190111 0.193005 0.192794 0.193692 0.19766 0.203146 0.215025 0.228817 0.235178 0.245895 0.260556 0.27481 0.289287 0.307172 0.327653 0.344286 0.358191 0.365807 0.36596 0.364983 0.361635 0.359815 0.360473 0.356655 0.353252 0.347117 0.342754 0.340725 0.341038 0.342956 0.345216 0.342997 0.343691 0.34631 0.349196 0.35464 0.354729 0.355736 0.354823 0.355477 0.355872 0.356624 0.357003 0.357097 0.357028 0.359924 0.361386 0.363401 0.366097 0.381223 0.398727 -9999 -9999
-9999 -9999 -9999 -9999 -9999 -9999 0.158694 0.164305 0.168738 0.170364 0.176631 0.179492 0.182425 0.184141 0.186191 0.18914 0.191744 0.194082 0.197734 0.197846 0.196502 0.198107 0.203183 0.214639 0.223325 0.233649 0.245702 0.26194 0.277217 0.290875 0.30875 0.329934 0.344388 0.359554 0.364302 0.367211 0.367538 0.363361 0.359704 0.357112 0.35748 0.35325 0.346545 0.343888 0.343719 0.341563 0.344447 0.347679 0.344343 0.344224 0.346477 0.348085 0.354075 0.354976 0.355394 0.355723 0.356153 0.356865 0.357262 0.357606 0.357666 0.358856 0.36 0.361611 0.363847 0.366742 0.377908 0.399992 -9999 -9999
-9999 -9999 -9999 -9999 -9999 -9999 -9999 0.167977 0.170388 0.170642 0.177579 0.181271 0.182945 0.184816 0.187106 0.188675 0.191691 0.195648 0.20359 0.203499 0.202584 0.201269 0.203891 0.2111 0.224017 0.236338 0.253418 0.270273 0.282367 0.294925 0.311101 0.331001 0.345911 0.351658 0.355791 0.358055 0.360292 0.363119 0.360028 0.35638 0.356176 0.35156 0.346194 0.34499 0.34346 0.342221 0.34537 0.345249 0.345455 0.34429 0.347118 0.347984 0.353515 0.354873 0.355646 0.356209 0.356533 0.357107 0.357533 0.357762 0.358204 0.358935 0.360207 0.362039 0.364482 0.36759 0.371986 0.387862 0.39765 -9999
-9999 -9999 -9999 -9999 -9999 -9999 -9999 0.172194 0.176243 0.175371 0.181608 0.182267 0.18343 0.185222 0.188169 0.190318 0.19468 0.196168 0.203672 0.208515 0.208979 0.214238 0.212275 0.212465 0.225279 0.248274 0.263413 0.277724 0.288034 0.29941 0.312019 0.334657 0.346134 0.34826 0.351436 0.353996 0.355645 0.357908 0.358528 0.353325 0.351167 0.347668 0.345756 0.343331 0.34367 0.343483 0.343912 0.345314 0.346005 0.344781 0.348242 0.347986 0.353701 0.355425 0.35655 0.356251 0.356772 0.357203 0.358021 0.358118 0.358678 0.359436 0.360778 0.362768 0.365434 0.36866 0.37258 0.382054 0.391295 0.39834
-9999 -9999 -9999 -9999 -9999 -9999 -9999 -9999 0.182813 0.179282 0.183435 0.184611 0.184186 0.185628 0.190448 0.191974 0.196038 0.200021 0.206992 0.21576 0.222468 0.216107 0.21239 0.214352 0.226309 0.246821 0.261225 0.271917 0.280123 0.29328 0.305815 0.326443 0.337144 0.347465 0.352932 0.355983 0.356108 0.354413 0.352569 0.352106 0.349581 0.346496 0.344495 0.342257 0.340783 0.339615 0.343962 0.342394 0.344274 0.34449 0.346252 0.348231 0.354093 0.356422 0.356413 0.356392 0.356832 0.359029 0.35882 0.358929 0.35954 0.360773 0.361853 0.363978 0.366722 0.370111 0.374039 0.382755 0.388541 0.396436
-9999 -9999 -9999 -9999 -9999 -9999 -9999 -9999 0.187881 0.184125 0.188079 0.185819 0.188484 0.190901 0.191238 0.192659 0.195971 0.201292 0.206511 0.216244 0.227336 0.220751 0.216012 0.217287 0.224723 0.246534 0.253438 0.265531 0.274931 0.28915 0.300985 0.3171 0.328409 0.339033 0.352093 0.359288 0.354216 0.351899 0.349396 0.347816 0.346312 0.34488 0.345155 0.341672 0.343805 0.340054 0.342577 0.343051 0.343964 0.345075 0.346605 0.348389 0.354174 0.355103 0.356785 0.358891 0.360749 0.360305 0.360113 0.360326 0.361053 0.362356 0.364309 0.367005 0.368457 0.371888 0.37584 0.38457 0.389801 0.395314
-9999 -9999 -9999 -9999 -9999 -9999 -9999 -9999 0.200829 0.192846 0.195391 0.192515 0.193522 0.193119 0.19311 0.195289 0.197147 0.201417 0.206154 0.21348 0.224255 0.23323 0.230849 0.225347 0.227327 0.239695 0.248933 0.260724 0.272495 0.282387 0.291693 0.308654 0.325517 0.336708 0.345383 0.350919 0.347809 0.348819 0.35019 0.343933 0.34362 0.343367 0.345098 0.348787 0.347882 0.344827 0.346303 0.348735 0.347558 0.346921 0.34753 0.34895 0.354928 0.359858 0.359972 0.362774 0.362328 0.362035 0.361988 0.362307 0.363123 0.364555 0.366567 0.369132 0.372698 0.376616 0.377919 0.386644 0.391629 0.396831
-9999 -9999 -9999 -9999 -9999 -9999 -9999 -9999 0.206131 0.204887 0.198896 0.200479 0.196755 0.196549 0.195516 0.196533 0.198786 0.202918 0.208378 0.214993 0.224776 0.233857 0.233512 0.232601 0.234101 0.244103 0.250573 0.25935 0.268712 0.283793 0.292968 0.307443 0.316827 0.330112 0.337283 0.344742 0.340904 0.342047 0.344202 0.34143 0.341647 0.346376 0.349842 0.349994 0.349497 0.351835 0.355817 0.352648 0.351903 0.34876 0.356614 0.357335 0.361324 0.361132 0.365062 0.364679 0.36439 0.364233 0.36435 0.364794 0.365701 0.367218 0.369263 0.371863 0.375063 0.379299 0.383555 0.392776 0.393716 0.398553
-9999 -9999 -9999 -9999 -9999 -9999 -9999 -9999 0.209693 0.209433 0.204224 0.203893 0.199972 0.198972 0.198356 0.19934 0.202156 0.205099 0.209414 0.215678 0.221579 0.230105 0.241042 0.237053 0.242156 0.25106 0.263775 0.269589 0.278242 0.287888 0.300263 0.305667 0.315973 0.324674 0.33014 0.335635 0.334664 0.33661 0.338023 0.339003 0.343588 0.349561 0.354257 0.350955 0.351805 0.352933 0.361648 0.36493 0.362952 0.363036 0.359911 0.362477 0.363844 0.368199 0.367609 0.367144 0.366823 0.36689 0.367099 0.36773 0.368772 0.370302 0.372373 0.37494 0.378007 0.381509 0.386324 0.395405 0.400224 0.413341
-9999 -9999 -9999 -9999 -9999 -9999 -9999 -9999 -9999 0.218329 0.217036 0.209987 0.206549 0.204684 0.204299 0.20552 0.207782 0.210556 0.214301 0.219859 0.226809 0.236407 0.245429 0.248908 0.254594 0.265718 0.271446 0.273558 0.279384 0.289719 0.311464 0.3183 0.319076 0.32371 0.327943 0.331533 0.330621 0.333139 0.335705 0.339644 0.349239 0.355923 0.36009 0.360391 0.362939 0.362848 0.368696 0.365957 0.365466 0.365987 0.370761 0.377837 0.37922 0.377352 0.377363 0.375992 0.369662 0.369849 0.370263 0.371044 0.372159 0.373721 0.375763 0.384016 0.387419 0.391207 0.396871 0.406039 0.411075 0.415867
-9999 -9999 -9999 -9999 -9999 -9999 -9999 -9999 -9999 0.229179 0.221601 0.213048 0.211449 0.209605 0.208111 0.209564 0.212576 0.21585 0.219613 0.224103 0.231677 0.239765 0.248305 0.255001 0.260251 0.273632 0.277414 0.277043 0.28262 0.290071 0.317168 0.325021 0.323883 0.323102 0.326367 0.329903 0.33838 0.339175 0.344039 0.349733 0.352057 0.354953 0.359907 0.358906 0.362823 0.362595 0.370851 0.369929 0.370143 0.368691 0.373076 0.381415 0.383572 0.381547 0.381519 0.379254 0.378518 0.378552 0.379022 0.379874 0.381189 0.38295 0.385246 0.38801 0.391191 0.394772 0.398755 0.405425 0.418841 0.423022
-9999 -9999 -9999 -9999 -9999 -9999 -9999 -9999 -9999 0.230739 0.226317 0.219092 0.21406 0.215463 0.213777 0.213783 0.217155 0.220979 0.225213 0.228965 0.236791 0.245563 0.253945 0.263511 0.26825 0.270849 0.279107 0.280678 0.286149 0.293313 0.317248 0.320422 0.320827 0.322647 0.325492 0.328992 0.332825 0.33571 0.339868 0.342424 0.347041 0.353383 0.356559 0.356427 0.363032 0.363857 0.363093 0.373887 0.371775 0.371435 0.376863 0.388948 0.385705 0.384177 0.382807 0.382309 0.382353 0.382373 0.3831 0.384102 0.385483 0.387285 0.38948 0.392135 0.395118 0.398777 0.402871 0.41044 0.423192 0.426703
-9999 -9999 -9999 -9999 -9999 -9999 -9999 -9999 -9999 0.232479 0.2288 0.222952 0.220118 0.22127 0.219435 0.218046 0.220551 0.224579 0.227733 0.232485 0.239541 0.247405 0.256068 0.26287 0.27281 0.273289 0.282752 0.284448 0.288272 0.312313 0.318832 0.320619 0.322019 0.324663 0.325185 0.328125 0.331571 0.337704 0.341534 0.342403 0.344744 0.347596 0.352471 0.353957 0.357562 0.359864 0.362141 0.374132 0.373801 0.375066 0.382812 0.3882 0.387011 0.386378 0.385795 0.386073 0.386193 0.386277 0.387155 0.388313 0.389788 0.391566 0.393732 0.396354 0.399233 0.403112 0.407889 0.414201 0.430193 0.430268
-9999 -9999 -9999 -9999 -9999 -9999 -9999 -9999 -9999 0.236671 0.232639 0.228097 0.227495 0.229222 0.224481 0.222428 0.224687 0.227918 0.231516 0.238782 0.241806 0.246294 0.254237 0.264327 0.275289 0.27956 0.284933 0.288709 0.292143 0.318248 0.324626 0.327517 0.327222 0.327009 0.32627 0.32811 0.331776 0.340138 0.348644 0.347417 0.34584 0.347415 0.349868 0.354624 0.357154 0.359604 0.363523 0.372987 0.378108 0.378551 0.391395 0.391085 0.389895 0.388993 0.390559 0.391012 0.390148 0.390118 0.391195 0.392481 0.393978 0.395782 0.397886 0.400567 0.40351 0.406936 0.414094 0.419774 0.431531 0.43353
-9999 -9999 -9999 -9999 -9999 -9999 -9999 -9999 -9999 0.241973 0.23986 0.23573 0.23549 0.233514 0.229298 0.228392 0.229212 0.231723 0.234995 0.239798 0.244091 0.249793 0.257628 0.267264 0.277795 0.286361 0.28894 0.294722 0.304933 0.323467 0.330123 0.331057 0.330263 0.327012 0.326292 0.328547 0.33138 0.33489 0.341689 0.349314 0.351049 0.349839 0.353882 0.358302 0.358385 0.360316 0.364343 0.367748 0.378726 0.387005 0.395105 0.395375 0.394079 0.391498 0.392091 0.393306 0.392843 0.39394 0.395175 0.396522 0.398099 0.399882 0.401904 0.404399 0.407481 0.412874 0.418067 0.424345 0.427707 0.435007
-9999 -9999 -9999 -9999 -9999 -9999 -9999 -9999 -9999 0.248837 0.245927 0.242325 0.238994 0.235874 0.233462 0.23548 0.23534 0.237824 0.23909 0.242241 0.247005 0.25214 0.259155 0.270118 0.280167 0.29098 0.293556 0.294511 0.319115 0.326468 0.336372 0.334008 0.330765 0.327885 0.32754 0.332839 0.332638 0.335103 0.338951 0.344298 0.351441 0.353096 0.358809 0.360705 0.360398 0.361507 0.363659 0.366788 0.374581 0.387993 0.397324 0.398485 0.397635 0.396146 0.394668 0.395531 0.39632 0.39765 0.399048 0.400496 0.402098 0.403905 0.40596 0.408364 0.412985 0.418224 0.42254 0.42764 0.430746 0.433665
