Test_Spring_2018b/04_18/Prec/20180406_001.txt
ncols	170
nrows	115
xllcorner	350000.000000
yllcorner	4445000.000000
cellsize	1000.000000
nodata_value	-9999.000000
[rows 31 to 61 of 115, columns 70 to 139 of 170]
0 0 0 0 0 0 0 0 0.102766 0.10731 0.113851 0.118242 0.123676 0.130622 0.135179 0.145065 0.170645 0.167445 0.168435 0.178852 0.179504 0.178335 0.188774 0.209863 0.222603 0.239715 0.249957 0.268878 0.284162 -9999 -9999 -9999 -9999 -9999 -9999 -9999 -9999 -9999 -9999 -9999 -9999 -9999 -9999 -9999 -9999 -9999 -9999 -9999 -9999 -9999 -9999 -9999 -9999 -9999 -9999 -9999 -9999 -9999 -9999 -9999 -9999 -9999 -9999 -9999 -9999 -9999 -9999 -9999 -9999 -9999
0 0 0 0 0 0 0 0.102427 0.105406 0.109528 0.115342 0.123507 0.128628 0.133649 0.137909 0.146853 0.166248 0.184207 0.180064 0.183842 0.193565 0.188641 0.198911 0.217806 0.242561 0.23861 0.247771 0.284045 0.303089 -9999 -9999 -9999 -9999 -9999 -9999 -9999 -9999 -9999 -9999 -9999 -9999 -9999 -9999 -9999 -9999 -9999 -9999 -9999 -9999 -9999 -9999 -9999 -9999 -9999 -9999 -9999 -9999 -9999 -9999 -9999 -9999 -9999 -9999 -9999 -9999 -9999 -9999 -9999 -9999 -9999
0 0 0 0 0 0 0 0.102916 0.108242 0.111862 0.116731 0.122612 0.128043 0.133425 0.141469 0.151483 0.168761 0.188899 0.196423 0.19235 0.196313 0.199728 0.20949 0.220838 0.235858 0.234571 0.238119 0.260042 0.297477 0.322402 -9999 -9999 -9999 -9999 -9999 -9999 -9999 -9999 -9999 -9999 -9999 -9999 -9999 -9999 -9999 -9999 -9999 -9999 -9999 -9999 -9999 -9999 -9999 -9999 -9999 -9999 -9999 -9999 -9999 -9999 -9999 -9999 -9999 -9999 -9999 -9999 -9999 -9999 -9999 -9999
0 0 0 0 0 0 0.100846 0.112709 0.116709 0.114709 0.11943 0.123914 0.130701 0.13676 0.144163 0.15412 0.166758 0.181307 0.204051 0.196465 0.191698 0.196638 0.202227 0.211813 0.22648 0.225371 0.231561 0.265017 0.306596 0.320385 0.329539 -9999 -9999 -9999 -9999 -9999 -9999 -9999 -9999 -9999 -9999 -9999 -9999 -9999 -9999 -9999 -9999 -9999 -9999 -9999 -9999 -9999 -9999 -9999 -9999 -9999 -9999 -9999 -9999 -9999 -9999 -9999 -9999 -9999 -9999 -9999 -9999 -9999 -9999 -9999
-9999 0 0 0 0 0 0 0.10971 0.116766 0.119648 0.122306 0.126989 0.134085 0.146578 0.151659 0.155788 0.165404 0.181532 0.197759 0.205031 0.19546 0.196176 0.20209 0.204517 0.21793 0.220797 0.228979 0.250014 0.284837 0.314573 0.325619 0.340872 -9999 -9999 -9999 -9999 -9999 -9999 -9999 -9999 -9999 -9999 -9999 -9999 -9999 -9999 -9999 -9999 -9999 -9999 -9999 -9999 -9999 -9999 -9999 -9999 -9999 -9999 -9999 -9999 -9999 -9999 -9999 -9999 -9999 -9999 -9999 -9999 -9999 -9999
-9999 -9999 -9999 -9999 0 0.104979 0.108704 0.115309 0.120011 0.122543 0.124937 0.129868 0.140059 0.147079 0.15133 0.159039 0.1696 0.17762 0.189241 0.201377 0.202599 0.195422 0.205842 0.203063 0.209913 0.214997 0.22769 0.266222 0.292307 0.319977 0.331042 0.345073 -9999 -9999 -9999 -9999 -9999 -9999 -9999 -9999 -9999 -9999 -9999 -9999 -9999 -9999 -9999 -9999 -9999 -9999 -9999 -9999 -9999 -9999 -9999 -9999 -9999 -9999 -9999 -9999 -9999 -9999 -9999 -9999 -9999 -9999 -9999 -9999 -9999 -9999
-9999 -9999 -9999 -9999 -9999 0.106946 0.112208 0.109834 0.123025 0.126884 0.128044 0.133047 0.139905 0.145917 0.152383 0.159351 0.168185 0.177504 0.188567 0.193184 0.189844 0.194431 0.201213 0.205739 0.208216 0.216219 0.241873 0.275319 0.291594 0.331657 0.346139 0.352692 0.364411 -9999 -9999 -9999 -9999 -9999 -9999 -9999 -9999 -9999 -9999 -9999 -9999 0.382033 -9999 -9999 -9999 -9999 -9999 -9999 -9999 -9999 -9999 -9999 -9999 -9999 -9999 -9999 -9999 -9999 -9999 -9999 -9999 -9999 0.449639 -9999 -9999 -9999
-9999 -9999 -9999 -9999 0 0.106307 0.108655 0.109909 0.122185 0.129837 0.130751 0.13599 0.142426 0.148656 0.156684 0.161468 0.167988 0.177639 0.182473 0.183779 0.186786 0.190139 0.194602 0.201204 0.20947 0.218926 0.251619 0.267423 0.281224 0.308194 0.33614 0.351282 0.369594 0.384929 -9999 -9999 -9999 -9999 -9999 -9999 -9999 0.391801 0.392707 0.392868 0.390855 0.384808 0.389368 -9999 -9999 -9999 -9999 -9999 -9999 -9999 -9999 -9999 -9999 -9999 -9999 -9999 -9999 -9999 -9999 -9999 -9999 -9999 0.447036 0.455293 -9999 -9999
-9999 -9999 -9999 -9999 0.103365 0.104781 0.109079 0.111127 0.115225 0.130428 0.134866 0.13889 0.144243 0.150736 0.157753 0.161428 0.168875 0.174336 0.179226 0.179443 0.182781 0.188727 0.195751 0.203413 0.214695 0.223126 0.251395 0.265505 0.282816 0.300508 0.335231 0.358761 0.381442 0.400612 -9999 -9999 -9999 -9999 -9999 -9999 0.398298 0.39316 0.389825 0.396491 0.390366 0.384941 0.386096 0.406299 -9999 -9999 -9999 -9999 -9999 -9999 -9999 -9999 -9999 -9999 -9999 -9999 -9999 -9999 0.412109 0.420307 0.437318 0.44575 0.450644 0.457983 -9999 -9999
-9999 -9999 -9999 -9999 0.103586 0.104745 0.108153 0.112081 0.119098 0.126967 0.136992 0.142044 0.147395 0.152377 0.156915 0.16393 0.168581 0.176868 0.174796 0.178285 0.183378 0.192996 0.20061 0.215771 0.227098 0.253226 0.255875 0.271976 0.294442 0.319955 0.360175 0.372388 0.387223 0.405913 -9999 -9999 -9999 -9999 -9999 -9999 0.405243 0.399125 0.393542 0.391929 0.39796 0.387789 0.401393 0.407057 0.409005 0.405761 0.405071 0.417476 0.411257 0.411135 0.414958 0.413748 -9999 -9999 -9999 -9999 0.415503 0.414862 0.414056 0.416971 0.435396 0.447731 0.458817 0.465331 -9999 -9999
-9999 -9999 -9999 -9999 0 0.102438 0.108965 0.117166 0.12208 0.130965 0.140456 0.143307 0.148934 0.153625 0.157608 0.162043 0.167607 0.169616 0.172351 0.17676 0.189782 0.20521 0.205362 0.221923 0.251799 0.257439 0.261973 0.279871 0.305901 0.334378 0.36366 0.375228 0.393202 0.412115 -9999 -9999 -9999 0.425943 0.419731 0.419837 0.417163 0.408425 0.401073 0.396076 0.391553 0.401217 0.405401 0.410699 0.416981 0.41604 0.407336 0.406779 0.412491 0.412446 0.416249 0.414806 0.413488 0.413209 0.41369 0.414684 0.414753 0.41406 0.413602 0.415989 0.434055 0.44289 0.448273 0.463167 -9999 -9999
-9999 -9999 -9999 -9999 0 0.105151 0.111347 0.115685 0.123929 0.129357 0.13915 0.146616 0.151792 0.159343 0.160569 0.163838 0.166687 0.169743 0.173244 0.183813 0.198116 0.213371 0.223693 0.233789 0.250812 0.263388 0.268248 0.289318 0.313475 0.3409 0.356034 0.38208 0.40609 0.428423 -9999 -9999 0.448022 0.435563 0.426189 0.420782 0.418165 0.416295 0.406663 0.403717 0.393534 0.403024 0.413988 0.412574 0.418851 0.417229 0.413212 0.414199 0.418236 0.412843 0.413713 0.415487 0.415336 0.416243 0.416984 0.417371 0.418397 0.417238 0.416167 0.417041 0.42815 0.432897 0.443223 0.462599 -9999 -9999
-9999 -9999 -9999 -9999 0 0.102652 0.107854 0.116515 0.122541 0.132622 0.145329 0.148058 0.154838 0.161471 0.166502 0.166331 0.168493 0.170465 0.17266 0.182304 0.193894 0.211131 0.224604 0.241523 0.254027 0.279738 0.288469 0.302528 0.317661 0.330296 0.355486 0.386664 0.406354 0.4308 0.447563 -9999 0.456227 0.452479 0.440713 0.429288 0.420649 0.420833 0.409433 0.404767 0.40517 0.406079 0.412362 0.41302 0.413464 0.415241 0.41117 0.411205 0.417738 0.41783 0.415863 0.417284 0.41848 0.419636 0.420409 0.420617 0.420412 0.419698 0.418767 0.418092 0.422225 0.430901 0.442808 0.463481 -9999 -9999
-9999 -9999 -9999 0 0 0 0.107571 0.115804 0.123983 0.132123 0.142764 0.15033 0.155643 0.162344 0.171241 0.173085 0.173623 0.171571 0.172901 0.175113 0.182334 0.202307 0.216919 0.236248 0.256551 0.27845 0.289179 0.294423 0.309674 0.330874 0.352903 0.385689 0.411374 0.431569 0.45736 0.463426 0.461279 0.458959 0.451206 0.436812 0.42507 0.417654 0.412352 0.411695 0.407099 0.40713 0.41016 0.410946 0.41392 0.415236 0.416891 0.415791 0.421978 0.419912 0.420014 0.419802 0.421265 0.422531 0.423318 0.42348 0.423117 0.422344 0.420976 0.419344 0.421294 0.42793 0.444781 0.456639 -9999 -9999
-9999 -9999 -9999 -9999 0 0.105051 0.115006 0.12432 0.131978 0.138704 0.14648 0.153499 0.157455 0.163394 0.17248 0.180038 0.176343 0.175108 0.173782 0.174852 0.177531 0.199709 0.213253 0.227109 0.247444 0.261532 0.271767 0.28643 0.304381 0.333269 0.362296 0.401066 0.428807 0.442372 0.464776 0.468102 0.468664 0.458966 0.45089 0.446267 0.441083 0.423329 0.420098 0.414173 0.40715 0.409215 0.409354 0.412072 0.410932 0.412141 0.413855 0.426571 0.424996 0.426763 0.42256 0.423026 0.42334 0.424774 0.425602 0.425915 0.425522 0.424559 0.422983 0.423614 0.420737 0.424137 0.448059 0.457502 -9999 -9999
-9999 -9999 -9999 -9999 -9999 -9999 0.117827 0.126714 0.136029 0.143766 0.148727 0.154511 0.159612 0.164468 0.170141 0.178518 0.180815 0.180157 0.18587 0.18313 0.180859 0.185588 0.192776 0.213322 0.235168 0.242051 0.258256 0.282992 0.306739 0.331004 0.362968 0.39852 0.428873 0.453893 0.465838 0.462238 0.459245 0.449311 0.444382 0.44648 0.440006 0.431085 0.419211 0.411337 0.4085 0.41055 0.409866 0.41444 0.40871 0.409099 0.413489 0.418308 0.425992 0.425164 0.426518 0.423807 0.424762 0.426241 0.427267 0.427592 0.427223 0.426186 0.42534 0.423625 0.421737 0.420001 0.444524 0.461545 -9999 -9999
-9999 -9999 -9999 -9999 -9999 -9999 0.123096 0.133055 0.140526 0.142017 0.14973 0.155692 0.162186 0.166262 0.171216 0.178125 0.184157 0.189001 0.195731 0.193745 0.187444 0.186622 0.192531 0.211743 0.221972 0.237265 0.256113 0.284083 0.309901 0.332227 0.364102 0.401235 0.426835 0.454757 0.460483 0.463124 0.461105 0.450626 0.441685 0.436191 0.437498 0.42944 0.41615 0.411862 0.412935 0.409306 0.410769 0.417348 0.409058 0.407632 0.411281 0.413424 0.422601 0.423914 0.424351 0.424798 0.425651 0.427223 0.428295 0.428688 0.428282 0.427465 0.426103 0.424255 0.422287 0.420369 0.435483 0.462366 -9999 -9999
-9999 -9999 -9999 -9999 -9999 -9999 -9999 0.139242 0.142323 0.140927 0.150331 0.1584 0.16239 0.167086 0.172815 0.176854 0.18379 0.192255 0.208619 0.206042 0.200474 0.192919 0.1931 0.202613 0.221988 0.241489 0.271311 0.300557 0.319302 0.339235 0.36745 0.401882 0.428701 0.435991 0.440578 0.441991 0.444357 0.449044 0.441564 0.433637 0.433909 0.424801 0.414225 0.412865 0.410622 0.408738 0.410638 0.409614 0.409063 0.405303 0.410298 0.410961 0.419355 0.42201 0.423603 0.424945 0.425909 0.427461 0.428555 0.428878 0.428692 0.427683 0.426278 0.424489 0.42249 0.420526 0.420157 0.433017 0.441432 -9999
-9999 -9999 -9999 -9999 -9999 -9999 -9999 0.14658 0.153379 0.149638 0.157552 0.159117 0.162193 0.166915 0.174259 0.179054 0.189026 0.192141 0.207243 0.215852 0.213162 0.219972 0.209812 0.203618 0.22266 0.265754 0.291296 0.314992 0.329938 0.347462 0.368045 0.408785 0.42833 0.427925 0.43069 0.433002 0.434239 0.437091 0.438036 0.426118 0.422724 0.415814 0.412553 0.408122 0.409648 0.409748 0.405335 0.407487 0.407898 0.40398 0.410444 0.408772 0.417715 0.421468 0.424155 0.423898 0.425567 0.427 0.428169 0.428572 0.428377 0.427516 0.425964 0.424169 0.422286 0.420229 0.418501 0.416957 0.424079 0.426278
-9999 -9999 -9999 -9999 -9999 -9999 -9999 -9999 0.165869 0.156368 0.159566 0.162417 0.162108 0.166161 0.174419 0.17956 0.18944 0.197982 0.211806 0.228203 0.240395 0.221372 0.207261 0.204969 0.222143 0.259869 0.283974 0.299907 0.310504 0.332337 0.353161 0.38976 0.40801 0.426151 0.434335 0.436247 0.433438 0.429084 0.424516 0.422967 0.416697 0.413121 0.40927 0.40484 0.401939 0.399489 0.403355 0.398728 0.401651 0.400887 0.403635 0.407034 0.416325 0.421634 0.42204 0.42261 0.424266 0.426189 0.427172 0.427485 0.427239 0.426517 0.425207 0.423456 0.421518 0.419648 0.417846 0.414478 0.414134 0.418495
-9999 -9999 -9999 -9999 -9999 -9999 -9999 -9999 0.174787 0.164881 0.167373 0.162676 0.165332 0.169655 0.172525 0.177251 0.185297 0.196662 0.206499 0.22498 0.24517 0.226075 0.211506 0.207813 0.217271 0.256042 0.263882 0.283314 0.296997 0.32166 0.341441 0.368393 0.388473 0.407723 0.430065 0.440796 0.428711 0.422943 0.416814 0.412636 0.40843 0.404131 0.405668 0.402596 0.407262 0.398709 0.398067 0.397768 0.398426 0.399593 0.401843 0.404889 0.413894 0.416235 0.42051 0.422839 0.423408 0.424667 0.42548 0.425812 0.425621 0.424879 0.423718 0.423285 0.420365 0.418605 0.416973 0.413588 0.412438 0.412024
-9999 -9999 -9999 -9999 -9999 -9999 -9999 -9999 0.200814 0.181601 0.174366 0.169166 0.168931 0.170063 0.171873 0.178003 0.182592 0.191454 0.200128 0.213268 0.232843 0.247369 0.237017 0.217921 0.21891 0.237183 0.250659 0.269926 0.289395 0.305036 0.319785 0.34896 0.376815 0.398524 0.410221 0.421287 0.413531 0.415051 0.417371 0.402669 0.400909 0.399019 0.401263 0.410836 0.407195 0.407328 0.403867 0.407719 0.403626 0.400857 0.401052 0.403314 0.412494 0.418337 0.420078 0.419807 0.421305 0.422551 0.423356 0.423636 0.423419 0.422824 0.421753 0.420247 0.420359 0.419019 0.41575 0.412413 0.411331 0.410893
-9999 -9999 -9999 -9999 -9999 -9999 -9999 -9999 0.202305 0.190981 0.178176 0.177693 0.17099 0.172181 0.171346 0.174562 0.179748 0.188114 0.198308 0.209913 0.227445 0.242478 0.235873 0.228502 0.224931 0.237987 0.25062 0.263792 0.278519 0.299902 0.315237 0.339356 0.356774 0.376451 0.390738 0.406075 0.396652 0.398362 0.402272 0.395119 0.394357 0.403327 0.409251 0.407642 0.408415 0.411661 0.412517 0.413452 0.41019 0.401787 0.410589 0.411765 0.416445 0.417066 0.416229 0.417592 0.418954 0.420032 0.420782 0.421003 0.420757 0.420249 0.419293 0.41805 0.416809 0.417364 0.416289 0.4131 0.410124 0.409645
-9999 -9999 -9999 -9999 -9999 -9999 -9999 -9999 0.201877 0.196633 0.185333 0.179757 0.172196 0.171187 0.170849 0.173613 0.17975 0.185297 0.192898 0.203805 0.212956 0.227096 0.245919 0.231225 0.237149 0.24849 0.263585 0.270202 0.283643 0.299915 0.325372 0.333784 0.344941 0.362198 0.37276 0.383725 0.380572 0.383938 0.386058 0.387058 0.395816 0.407402 0.41593 0.406574 0.406315 0.411097 0.42211 0.418308 0.411696 0.410252 0.414141 0.419237 0.41746 0.414732 0.414964 0.415569 0.416279 0.417311 0.417793 0.418064 0.417898 0.417358 0.416564 0.415516 0.414402 0.413302 0.414456 0.411308 0.410623 0.412648
-9999 -9999 -9999 -9999 -9999 -9999 -9999 -9999 -9999 0.20596 0.19714 0.182197 0.175548 0.172443 0.172423 0.175508 0.180217 0.185207 0.191398 0.20063 0.212041 0.228539 0.243157 0.245098 0.252071 0.268923 0.275699 0.274834 0.282669 0.301039 0.34024 0.342296 0.341896 0.350593 0.358805 0.365835 0.368661 0.373169 0.377702 0.385118 0.404844 0.411626 0.418454 0.416524 0.419489 0.421281 0.425424 0.416628 0.413235 0.41261 0.421993 0.430615 0.419312 0.416451 0.418112 0.416776 0.413559 0.414271 0.414714 0.414953 0.414745 0.414249 0.413544 0.414708 0.413859 0.412991 0.414825 0.41151 0.41153 0.411548
-9999 -9999 -9999 -9999 -9999 -9999 -9999 -9999 -9999 0.217555 0.200508 0.181717 0.178586 0.174971 0.17198 0.175147 0.181209 0.187145 0.193378 0.200425 0.213555 0.227189 0.241333 0.251071 0.257454 0.280343 0.283557 0.277891 0.285809 0.298347 0.338377 0.353191 0.348643 0.345335 0.351312 0.35808 0.37584 0.376511 0.386009 0.397087 0.400408 0.404706 0.413313 0.408562 0.414626 0.411544 0.425795 0.420991 0.419064 0.413894 0.422156 0.432674 0.421299 0.417332 0.418082 0.41392 0.412897 0.413036 0.413313 0.413376 0.413244 0.412813 0.412305 0.411681 0.411008 0.410478 0.410353 0.414133 0.420405 0.419974
-9999 -9999 -9999 -9999 -9999 -9999 -9999 -9999 -9999 0.214155 0.203639 0.187267 0.175979 0.179009 0.175093 0.174645 0.181218 0.188239 0.195547 0.201159 0.215206 0.230848 0.245241 0.262006 0.267966 0.269199 0.281483 0.280791 0.289078 0.301505 0.333827 0.338482 0.337438 0.339881 0.344849 0.35141 0.358741 0.363897 0.371714 0.375761 0.384124 0.396059 0.40077 0.397999 0.410074 0.409362 0.405241 0.42487 0.417667 0.414758 0.425041 0.425678 0.417868 0.414253 0.411223 0.410152 0.410076 0.409494 0.409795 0.409833 0.409703 0.409442 0.409002 0.408621 0.408151 0.408547 0.409484 0.417912 0.421137 0.420033
-9999 -9999 -9999 -9999 -9999 -9999 -9999 -9999 -9999 0.210663 0.201319 0.187472 0.180505 0.182447 0.177727 0.173806 0.178201 0.185567 0.190545 0.198592 0.211305 0.225433 0.241042 0.252344 0.270508 0.267737 0.283299 0.283528 0.288737 0.320269 0.332149 0.333925 0.335175 0.339446 0.339207 0.344426 0.350777 0.36301 0.370003 0.370256 0.373554 0.377772 0.386279 0.38714 0.392607 0.395177 0.397758 0.420114 0.416696 0.417104 0.414954 0.416115 0.412207 0.409846 0.407782 0.407647 0.407004 0.40592 0.406057 0.406115 0.406071 0.40584 0.405619 0.405622 0.405512 0.40708 0.41026 0.416643 0.427245 0.419235
-9999 -9999 -9999 -9999 -9999 -9999 -9999 -9999 -9999 0.212178 0.201564 0.190079 0.187514 0.190214 0.178604 0.17286 0.176484 0.182009 0.188051 0.201905 0.206071 0.21322 0.227822 0.247047 0.268138 0.274421 0.282904 0.286929 0.291811 0.327563 0.339426 0.343836 0.341426 0.339388 0.336316 0.339021 0.345766 0.362845 0.380122 0.375687 0.370294 0.371697 0.374868 0.382997 0.386096 0.388972 0.395114 0.40779 0.420379 0.41869 0.417199 0.414297 0.40975 0.406088 0.408042 0.407563 0.404055 0.402131 0.402254 0.402309 0.402214 0.402133 0.402042 0.402593 0.40316 0.404332 0.413424 0.419031 0.425065 0.417256
-9999 -9999 -9999 -9999 -9999 -9999 -9999 -9999 -9999 0.215809 0.208931 0.197817 0.195514 0.189509 0.178626 0.175089 0.175329 0.179209 0.184636 0.193295 0.200662 0.211003 0.225946 0.244794 0.265575 0.282 0.285198 0.293849 0.301928 0.333028 0.345789 0.346051 0.342637 0.333904 0.330854 0.334426 0.339261 0.345534 0.358981 0.37412 0.376055 0.371297 0.378004 0.385395 0.383055 0.384722 0.390989 0.395885 0.415561 0.413089 0.417569 0.415397 0.409986 0.401923 0.401017 0.401537 0.398286 0.398323 0.398392 0.398339 0.398348 0.398315 0.398297 0.398817 0.400165 0.406222 0.411501 0.41895 0.419816 0.410927
-9999 -9999 -9999 -9999 -9999 -9999 -9999 -9999 -9999 0.222634 0.213448 0.202942 0.193242 0.184198 0.176886 0.179511 0.177448 0.181245 0.18236 0.187639 0.196458 0.206055 0.219768 0.242177 0.262523 0.284536 0.2883 0.288973 0.318961 0.333455 0.353679 0.346823 0.338095 0.330232 0.328014 0.338301 0.336379 0.340296 0.347183 0.357262 0.371171 0.372764 0.38317 0.384953 0.3817 0.381445 0.383393 0.38744 0.39643 0.408136 0.414569 0.4138 0.408744 0.402429 0.396265 0.395358 0.394297 0.39437 0.394447 0.394413 0.394432 0.394563 0.394859 0.395529 0.400707 0.406875 0.410662 0.41591 0.416545 0.404311
