Test_Spring_2018b/04_18/Prec/20180430_015.txt
ncols	170
nrows	115
xllcorner	350000.000000
yllcorner	4445000.000000
cellsize	1000.000000
nodata_value	-9999.000000
[rows 32 to 63 of 115, columns 71 to 141 of 170]
0.312239 0.321427 0.337611 0.335819 0.334881 0.374015 0.426003 0.438832 0.445995 0.45803 0.476989 0.486882 0.496536 0.504034 0.525612 0.578432 0.627035 0.60977 0.615956 0.639563 0.619103 0.643333 0.692577 0.758529 0.738203 0.756206 0.796882 0.805886 -9999 -9999 -9999 -9999 -9999 -9999 -9999 -9999 -9999 -9999 -9999 -9999 -9999 -9999 -9999 -9999 -9999 -9999 -9999 -9999 -9999 -9999 -9999 -9999 -9999 -9999 -9999 -9999 -9999 -9999 -9999 -9999 -9999 -9999 -9999 -9999 -9999 -9999 -9999 -9999 -9999 -9999 -9999
0.346066 0.35761 0.368856 0.360965 0.369959 0.384918 0.446241 0.46662 0.472159 0.48143 0.493763 0.50482 0.515801 0.534765 0.559612 0.606059 0.660911 0.677986 0.660205 0.66595 0.669551 0.691464 0.71745 0.753706 0.740745 0.741611 0.769758 0.799857 0.859327 -9999 -9999 -9999 -9999 -9999 -9999 -9999 -9999 -9999 -9999 -9999 -9999 -9999 -9999 -9999 -9999 -9999 -9999 -9999 -9999 -9999 -9999 -9999 -9999 -9999 -9999 -9999 -9999 -9999 -9999 -9999 -9999 -9999 -9999 -9999 -9999 -9999 -9999 -9999 -9999 -9999 -9999
0.383181 0.395775 0.419042 0.417026 0.417872 0.453998 0.505371 0.51169 0.500328 0.509199 0.517556 0.532927 0.546221 0.563526 0.588358 0.620986 0.659015 0.721059 0.692268 0.671311 0.678644 0.687261 0.707124 0.741504 0.728335 0.736465 0.758869 0.836425 0.865003 0.880146 -9999 -9999 -9999 -9999 -9999 -9999 -9999 -9999 -9999 -9999 -9999 -9999 -9999 -9999 -9999 -9999 -9999 -9999 -9999 -9999 -9999 -9999 -9999 -9999 -9999 -9999 -9999 -9999 -9999 -9999 -9999 -9999 -9999 -9999 -9999 -9999 -9999 -9999 -9999 -9999 -9999
0.423819 0.435345 0.461393 0.458785 0.453525 0.482289 0.50512 0.531888 0.534892 0.537658 0.54682 0.563436 0.596261 0.606989 0.614702 0.638422 0.681056 0.723384 0.738339 0.702374 0.696283 0.704928 0.702484 0.732158 0.729921 0.743172 0.750218 0.81681 0.859707 0.880206 0.913857 -9999 -9999 -9999 -9999 -9999 -9999 -9999 -9999 -9999 -9999 -9999 -9999 -9999 -9999 -9999 -9999 -9999 -9999 -9999 -9999 -9999 -9999 -9999 -9999 -9999 -9999 -9999 -9999 -9999 -9999 -9999 -9999 -9999 -9999 -9999 -9999 -9999 -9999 -9999 -9999
-9999 -9999 -9999 0.505911 0.531702 0.551066 0.541076 0.561428 0.563195 0.565231 0.575395 0.601625 0.618609 0.627311 0.646042 0.672778 0.691259 0.719626 0.748599 0.744087 0.713603 0.734653 0.715602 0.7246 0.72787 0.753531 0.813748 0.851405 0.887957 0.908107 0.937917 -9999 -9999 -9999 -9999 -9999 -9999 -9999 -9999 -9999 -9999 -9999 -9999 -9999 -9999 -9999 -9999 -9999 -9999 -9999 -9999 -9999 -9999 -9999 -9999 -9999 -9999 -9999 -9999 -9999 -9999 -9999 -9999 -9999 -9999 -9999 -9999 -9999 -9999 -9999 -9999
-9999 -9999 -9999 -9999 0.557839 0.580954 0.567883 0.589779 0.595298 0.593748 0.604447 0.621239 0.635793 0.65167 0.668686 0.690609 0.713064 0.739619 0.745762 0.726973 0.730611 0.739722 0.74121 0.735895 0.746569 0.765823 0.853375 0.885843 0.934803 0.964614 0.971897 0.995619 -9999 -9999 -9999 -9999 -9999 -9999 -9999 -9999 -9999 -9999 -9999 -9999 0.882155 -9999 -9999 -9999 -9999 -9999 -9999 -9999 -9999 -9999 -9999 -9999 -9999 -9999 -9999 -9999 -9999 -9999 -9999 -9999 -9999 0.656931 -9999 -9999 -9999 -9999 -9999
-9999 -9999 -9999 0.540823 0.590123 0.589042 0.585875 0.592575 0.62244 0.620281 0.632075 0.648204 0.664115 0.685368 0.696524 0.712027 0.735705 0.743644 0.739556 0.738996 0.73801 0.739036 0.745364 0.755849 0.769369 0.812769 0.841941 0.865754 0.905973 0.94592 0.978503 1.02188 1.05756 -9999 -9999 -9999 -9999 -9999 -9999 -9999 0.995718 0.982118 0.964214 0.937779 0.897384 0.886849 -9999 -9999 -9999 -9999 -9999 -9999 -9999 -9999 -9999 -9999 -9999 -9999 -9999 -9999 -9999 -9999 -9999 -9999 -9999 0.637714 0.653647 -9999 -9999 -9999 -9999
-9999 -9999 -9999 0.611078 0.604572 0.607957 0.606162 0.612095 0.641418 0.649919 0.658565 0.67217 0.689704 0.708822 0.717478 0.736371 0.74794 0.756098 0.748467 0.748247 0.754016 0.76143 0.769469 0.787349 0.796149 0.825257 0.847717 0.88051 0.915586 0.953633 1.01089 1.06733 1.11482 -9999 -9999 -9999 -9999 -9999 -9999 1.04394 1.0139 0.986761 0.986865 0.946351 0.905557 0.882241 0.865538 -9999 -9999 -9999 -9999 -9999 -9999 -9999 -9999 -9999 -9999 -9999 -9999 -9999 -9999 0.546097 0.56552 0.610913 0.630013 0.637472 0.650872 -9999 -9999 -9999 -9999
-9999 -9999 -9999 0.631384 0.622328 0.621614 0.624349 0.638291 0.670898 0.672284 0.68453 0.698927 0.712926 0.725678 0.745238 0.756587 0.777084 0.764672 0.76658 0.77099 0.78674 0.794636 0.823485 0.839791 0.865253 0.85121 0.877748 0.924247 0.981246 1.05816 1.06069 1.09387 1.14041 -9999 -9999 -9999 -9999 -9999 -9999 1.08008 1.04682 1.01215 0.986209 0.979993 0.922642 0.889516 0.872198 0.842737 0.79742 0.760024 0.72419 0.667978 0.640882 0.628403 0.604029 -9999 -9999 -9999 -9999 0.550896 0.54411 0.537745 0.542691 0.593423 0.625038 0.651519 0.640852 -9999 -9999 -9999 -9999
-9999 -9999 -9999 0.633309 0.631984 0.639034 0.653367 0.660322 0.695426 0.697071 0.719149 0.734259 0.74745 0.758794 0.77109 0.785722 0.788186 0.79081 0.796163 0.824836 0.858429 0.844473 0.858475 0.937178 0.891827 0.88129 0.911175 0.966494 1.03082 1.07548 1.07729 1.11998 1.17902 -9999 -9999 -9999 1.19556 1.17017 1.16179 1.14269 1.10257 1.0633 1.01241 0.972794 0.963971 0.910021 0.887896 0.867412 0.824939 0.759702 0.719931 0.660125 0.630637 0.616021 0.592352 0.570391 0.555198 0.545778 0.541035 0.536128 0.530826 0.527294 0.532474 0.578396 0.600577 0.610701 0.618823 -9999 -9999 -9999 -9999
-9999 -9999 -9999 0.657944 0.658318 0.663386 0.677779 0.694039 0.704223 0.741448 0.741265 0.755621 0.778135 0.78219 0.791968 0.79939 0.805671 0.811016 0.834842 0.867107 0.899607 0.915045 0.937037 0.968414 0.945928 0.935737 0.94828 1.00473 1.06515 1.0911 1.1325 1.17652 1.23455 -9999 -9999 1.27739 1.23582 1.20227 1.17849 1.16019 1.14067 1.09419 1.06357 1.00732 0.999816 0.966856 0.923063 0.87404 0.825323 0.766074 0.728718 0.670817 0.619181 0.594522 0.576612 0.557237 0.545319 0.537027 0.531365 0.530615 0.525509 0.521846 0.524168 0.556248 0.567865 0.576709 0.619465 -9999 -9999 -9999 -9999
-9999 -9999 -9999 0.67727 0.677512 0.679256 0.693668 0.70269 0.723043 0.768092 0.77244 0.775651 0.796173 0.81245 0.812922 0.819197 0.823008 0.825 0.846314 0.870414 0.908395 0.932457 0.972957 0.989723 1.00996 1.01062 1.02729 1.04788 1.06231 1.09253 1.1498 1.19612 1.2474 1.2918 -9999 1.31104 1.29689 1.25763 1.2171 1.18165 1.16856 1.11654 1.0799 1.04992 1.01933 0.970815 0.920157 0.877467 0.837741 0.780433 0.709048 0.656883 0.622358 0.584736 0.564338 0.548182 0.536863 0.529138 0.523954 0.520971 0.518887 0.517436 0.516873 0.529688 0.539477 0.570095 0.617389 -9999 -9999 -9999 -9999
-9999 -9999 0.692823 0.687072 0.680337 0.688032 0.700187 0.714869 0.732087 0.769594 0.785726 0.799609 0.808392 0.836946 0.844262 0.846544 0.839128 0.839131 0.838661 0.84982 0.895712 0.930008 0.96898 1.00877 1.01639 1.02132 1.01 1.02923 1.06753 1.11022 1.17184 1.21354 1.26451 1.32642 1.34188 1.33402 1.3256 1.29972 1.25157 1.20778 1.17249 1.13853 1.11117 1.06768 1.02037 0.962172 0.918984 0.88024 0.835377 0.791282 0.739752 0.685104 0.614422 0.582625 0.555246 0.539223 0.528193 0.521061 0.516799 0.514797 0.514231 0.513252 0.511529 0.50768 0.525874 0.565987 0.58762 -9999 -9999 -9999 -9999
-9999 -9999 -9999 0.700034 0.704643 0.718327 0.732862 0.74532 0.757815 0.78587 0.802241 0.811608 0.827366 0.848677 0.873664 0.864036 0.859731 0.852414 0.848977 0.846833 0.904296 0.928802 0.951257 0.990436 0.974968 0.977021 0.992264 1.01802 1.07774 1.1399 1.21919 1.2856 1.31332 1.35956 1.36103 1.36243 1.33335 1.30782 1.28996 1.26662 1.20105 1.17253 1.12043 1.06723 1.03563 0.967381 0.927025 0.872859 0.824341 0.777002 0.76321 0.683549 0.646165 0.59602 0.550281 0.530432 0.519953 0.513509 0.510702 0.509948 0.510354 0.510345 0.50865 0.497803 0.506238 0.572829 0.58762 -9999 -9999 -9999 -9999
-9999 -9999 -9999 -9999 -9999 0.73346 0.746106 0.762955 0.777993 0.796842 0.809144 0.82166 0.835242 0.852479 0.875219 0.883904 0.88184 0.896011 0.881326 0.868121 0.869924 0.875588 0.917835 0.932466 0.924439 0.943273 0.987409 1.02924 1.07399 1.14372 1.21316 1.28662 1.34799 1.37416 1.35744 1.33911 1.31034 1.29524 1.29838 1.27201 1.228 1.17219 1.12182 1.08012 1.04708 0.975274 0.938171 0.867844 0.814249 0.772156 0.732104 0.678495 0.631246 0.59589 0.554859 0.531988 0.512916 0.507565 0.505629 0.506024 0.507426 0.504306 0.502314 0.4981 0.491731 0.560343 0.597942 -9999 -9999 -9999 -9999
-9999 -9999 -9999 -9999 -9999 0.754566 0.770069 0.781058 0.777099 0.803504 0.815882 0.832146 0.843094 0.858002 0.879415 0.897621 0.91224 0.930383 0.919536 0.892482 0.878169 0.880346 0.918802 0.899432 0.916114 0.942323 0.995458 1.04272 1.08086 1.14947 1.22329 1.2819 1.3514 1.35874 1.36055 1.35148 1.31786 1.29146 1.27171 1.2677 1.22987 1.16992 1.13002 1.09947 1.04871 0.982639 0.950094 0.870568 0.809868 0.763791 0.713969 0.663783 0.621484 0.582213 0.549707 0.526003 0.512485 0.504087 0.502909 0.503875 0.5039 0.504166 0.502329 0.498305 0.491661 0.532342 0.59942 -9999 -9999 -9999 -9999
-9999 -9999 -9999 -9999 -9999 -9999 0.792717 0.790473 0.77764 0.808699 0.826863 0.835149 0.847454 0.86425 0.876819 0.898123 0.92331 0.970179 0.957913 0.933498 0.89965 0.885291 0.89534 0.903646 0.933074 0.99204 1.0489 1.07486 1.10551 1.16275 1.22817 1.28985 1.29734 1.30081 1.29862 1.30242 1.31531 1.29278 1.26632 1.25947 1.21876 1.16707 1.136 1.09558 1.04989 0.984956 0.929353 0.872373 0.804132 0.761415 0.706501 0.653552 0.614669 0.578344 0.548123 0.524507 0.510834 0.503902 0.50206 0.503219 0.504027 0.504318 0.502766 0.498702 0.491921 0.486422 0.511693 0.524307 -9999 -9999 -9999
-9999 -9999 -9999 -9999 -9999 -9999 0.818112 0.827031 0.807077 0.833633 0.831941 0.836922 0.848671 0.869668 0.883707 0.914405 0.923377 0.96733 0.986796 0.971355 0.980868 0.93639 0.900391 0.907905 1.00836 1.0552 1.096 1.11096 1.13457 1.16903 1.25292 1.29251 1.27655 1.274 1.27387 1.27373 1.27985 1.28233 1.24513 1.22469 1.19065 1.16103 1.12122 1.09251 1.05329 0.96988 0.924367 0.870855 0.802713 0.764908 0.703533 0.652431 0.617129 0.584291 0.549454 0.527989 0.513915 0.506046 0.50464 0.50643 0.50554 0.505038 0.50311 0.49906 0.491719 0.481959 0.464161 0.472897 0.463649 0.434786 -9999
-9999 -9999 -9999 -9999 -9999 -9999 -9999 0.867591 0.830512 0.843295 0.845021 0.83933 0.848379 0.874086 0.887718 0.91625 0.940934 0.980784 1.02702 1.05103 0.984168 0.928702 0.905257 0.907129 0.992788 1.03646 1.05512 1.05792 1.09498 1.13055 1.20183 1.23733 1.27615 1.28907 1.28706 1.27065 1.25615 1.24131 1.23426 1.21038 1.17777 1.14673 1.10757 1.06662 1.02097 0.962988 0.898865 0.854464 0.797366 0.75013 0.705464 0.656214 0.626698 0.587989 0.556261 0.535091 0.518545 0.512191 0.509873 0.5107 0.513366 0.506296 0.503714 0.498819 0.4915 0.48117 0.457663 0.44424 0.441709 0.443385 0.450031
-9999 -9999 -9999 -9999 -9999 -9999 -9999 0.897396 0.859314 0.87062 0.849554 0.860053 0.866046 0.870961 0.882651 0.905017 0.93749 0.964992 1.01715 1.0727 1.00727 0.940539 0.913958 0.923715 0.982761 0.979464 1.00991 1.02311 1.0696 1.10283 1.1452 1.18612 1.22787 1.28273 1.29879 1.25827 1.23819 1.2174 1.20136 1.18276 1.16006 1.13598 1.09466 1.07751 1.01534 0.945026 0.896146 0.847469 0.798659 0.752495 0.709292 0.660515 0.624018 0.598339 0.565861 0.540932 0.528426 0.520973 0.517741 0.517471 0.518635 0.520026 0.506255 0.498395 0.49068 0.480402 0.456475 0.440834 0.424534 0.410619 0.426851
-9999 -9999 -9999 -9999 -9999 -9999 -9999 0.978185 0.912747 0.908711 0.884018 0.873581 0.871327 0.872475 0.887625 0.898937 0.923245 0.9467 0.98256 1.03611 1.07263 1.03003 0.960699 0.93014 0.927875 0.943068 0.974641 1.00657 1.02747 1.04676 1.09571 1.16166 1.20985 1.2201 1.24472 1.21563 1.21567 1.21845 1.16964 1.15718 1.14094 1.13259 1.12063 1.08103 1.03695 0.959511 0.92588 0.866104 0.808729 0.759647 0.717277 0.67072 0.637289 0.606766 0.571008 0.552998 0.540316 0.53214 0.527562 0.52564 0.525428 0.52519 0.523619 0.501017 0.493383 0.47926 0.45503 0.439846 0.424061 0.407543 0.395564
-9999 -9999 -9999 -9999 -9999 -9999 -9999 1.00135 0.974182 0.925816 0.912256 0.885076 0.882684 0.875438 0.881246 0.893604 0.915719 0.943075 0.973903 1.02114 1.0592 1.03068 0.993882 0.968802 0.949317 0.946446 0.961603 0.981036 1.02625 1.04728 1.07972 1.1123 1.13806 1.16851 1.20463 1.16906 1.16796 1.17377 1.14588 1.13512 1.15039 1.15269 1.12798 1.07874 1.05593 0.990825 0.943399 0.889469 0.818816 0.792214 0.748992 0.689044 0.652498 0.607818 0.584649 0.566804 0.553526 0.544449 0.538395 0.534649 0.532683 0.530676 0.52785 0.52393 0.492144 0.48208 0.457147 0.439213 0.423959 0.408348 0.393623
-9999 -9999 -9999 -9999 -9999 -9999 -9999 1.02166 0.996782 0.953579 0.92455 0.894904 0.885798 0.879655 0.883572 0.898124 0.911174 0.930201 0.958478 0.980467 1.01584 1.06332 1.00886 1.00897 0.983353 1.01733 1.01337 1.02873 1.05217 1.07006 1.07434 1.0677 1.10393 1.12254 1.1445 1.12615 1.12833 1.12711 1.12191 1.13821 1.16038 1.17008 1.12254 1.09772 1.05106 1.0173 0.964798 0.901149 0.851444 0.815059 0.78716 0.709844 0.653772 0.624191 0.600069 0.580918 0.567449 0.556858 0.549649 0.544379 0.540259 0.536569 0.532234 0.526831 0.519792 0.480467 0.45514 0.441175 0.419732 0.403498 0.386961
-9999 -9999 -9999 -9999 -9999 -9999 -9999 -9999 1.04965 1.00759 0.954342 0.926563 0.910195 0.90391 0.907722 0.917086 0.927756 0.942128 0.96527 0.994147 1.03697 1.07255 1.06842 1.0726 1.05948 1.05913 1.03457 1.03499 1.06641 1.14106 1.0989 1.07921 1.08858 1.09855 1.10692 1.09705 1.10111 1.10549 1.1179 1.16561 1.17881 1.18291 1.15735 1.14238 1.0825 1.02648 0.962034 0.911548 0.868045 0.854065 0.803021 0.715213 0.673887 0.649653 0.620501 0.595151 0.58072 0.569356 0.560823 0.553747 0.547787 0.542277 0.535035 0.527987 0.519492 0.474432 0.447483 0.435284 0.421683 0.409281 0.390601
-9999 -9999 -9999 -9999 -9999 -9999 -9999 -9999 1.08423 1.02513 0.961266 0.944581 0.927067 0.912055 0.916005 0.929095 0.942131 0.956101 0.972195 1.00573 1.03971 1.07379 1.09307 1.10047 1.09924 1.08963 1.05229 1.05456 1.07022 1.11727 1.14196 1.11034 1.08398 1.08691 1.09373 1.13458 1.12538 1.14276 1.16446 1.16193 1.16046 1.16932 1.13536 1.13023 1.09431 1.02814 0.978544 0.935684 0.882095 0.868283 0.825356 0.737633 0.695258 0.670027 0.633586 0.610079 0.593594 0.580858 0.570407 0.561721 0.553792 0.546529 0.539072 0.530945 0.522162 0.513091 0.466998 0.466718 0.452454 0.430287 0.408717
-9999 -9999 -9999 -9999 -9999 -9999 -9999 -9999 1.08109 1.04255 0.986819 0.946564 0.949347 0.931856 0.925091 0.939553 0.955509 0.972266 0.983635 1.01949 1.05914 1.09384 1.13415 1.14068 1.13147 1.09202 1.07079 1.07556 1.09232 1.11434 1.1095 1.08875 1.07963 1.0793 1.08491 1.09379 1.09683 1.10795 1.10744 1.1188 1.1392 1.13594 1.10783 1.12108 1.09325 1.05235 0.994994 0.939251 0.895417 0.890715 0.797533 0.743481 0.70417 0.669244 0.643069 0.622891 0.604216 0.590985 0.57944 0.569389 0.560373 0.55163 0.543262 0.534271 0.527046 0.520273 0.534464 0.474364 0.458651 0.432797 0.408666
-9999 -9999 -9999 -9999 -9999 -9999 -9999 -9999 1.07825 1.04436 0.997166 0.970615 0.970798 0.95133 0.934424 0.9424 0.959212 0.968726 0.986979 1.01849 1.05332 1.09147 1.11552 1.15863 1.13799 1.1075 1.09006 1.08683 1.10413 1.1208 1.10803 1.09454 1.09103 1.07506 1.07626 1.08155 1.10477 1.11242 1.09956 1.09486 1.09149 1.09905 1.08164 1.07552 1.05825 1.03856 0.987132 0.945003 0.913559 0.84729 0.782451 0.742039 0.708186 0.677499 0.65505 0.633664 0.613505 0.599344 0.587023 0.576077 0.565791 0.55625 0.547593 0.538374 0.533551 0.532654 0.540259 0.498406 0.462539 0.425595 0.393424
-9999 -9999 -9999 -9999 -9999 -9999 -9999 -9999 1.09095 1.05449 1.01543 1.00294 1.00615 0.96672 0.944733 0.950555 0.961837 0.974321 1.00957 1.01528 1.029 1.0639 1.11143 1.16334 1.16996 1.1258 1.11252 1.10922 1.13749 1.15477 1.1504 1.12641 1.10432 1.07991 1.07338 1.07938 1.11639 1.15389 1.12623 1.09483 1.08239 1.07357 1.0776 1.06455 1.04868 1.04048 1.00814 0.965458 0.92972 0.827256 0.790065 0.749352 0.713015 0.695416 0.672735 0.643246 0.620632 0.606113 0.593129 0.581105 0.570149 0.559782 0.551548 0.543219 0.536248 0.552209 0.557004 0.551416 0.46304 0.434108 0.353869
-9999 -9999 -9999 -9999 -9999 -9999 -9999 -9999 1.1106 1.08657 1.04981 1.03916 1.01733 0.980769 0.965847 0.961858 0.968305 0.978842 0.998363 1.01325 1.03611 1.07169 1.11785 1.16872 1.20562 1.20223 1.14656 1.11182 1.16637 1.18681 1.17054 1.14395 1.10218 1.07794 1.07394 1.074 1.0784 1.10394 1.13395 1.12372 1.09231 1.09353 1.09504 1.0657 1.04641 1.03905 1.02607 0.961319 0.892923 0.839687 0.805907 0.763783 0.715374 0.690114 0.671042 0.642686 0.625996 0.611108 0.597327 0.584913 0.57323 0.56211 0.552785 0.545828 0.552558 0.55646 0.566224 0.555767 0.450607 0.413313 0.343895
-9999 -9999 -9999 -9999 -9999 -9999 -9999 -9999 1.14046 1.11094 1.07728 1.04578 1.01592 0.990834 0.994886 0.984427 0.990784 0.988421 0.997635 1.01649 1.03669 1.06814 1.12449 1.17373 1.22708 1.22536 1.15413 1.15562 1.18111 1.22411 1.187 1.14494 1.10607 1.08455 1.10066 1.08055 1.07775 1.08342 1.09791 1.12282 1.10978 1.12149 1.10585 1.07347 1.0483 1.02812 1.01286 0.967661 0.887927 0.842032 0.813145 0.772799 0.730275 0.689948 0.667094 0.645565 0.62909 0.614129 0.600105 0.587234 0.575407 0.564487 0.554822 0.558483 0.5648 0.563597 0.566259 0.554705 0.49284 0.405374 0.340026
-9999 -9999 -9999 -9999 -9999 -9999 -9999 -9999 -9999 1.12132 1.08662 1.06265 1.06153 1.04025 1.03165 1.02627 1.02999 1.00257 1.00724 1.02153 1.0404 1.06806 1.11252 1.14648 1.19771 1.2375 1.17314 1.20377 1.19677 1.20376 1.18889 1.14846 1.10528 1.10067 1.12788 1.12105 1.11077 1.09127 1.08977 1.12724 1.13899 1.14439 1.11311 1.07901 1.05445 1.03118 1.01027 0.917497 0.874213 0.826727 0.785524 0.757156 0.720855 0.689711 0.667304 0.647281 0.630599 0.615304 0.601402 0.588936 0.576911 0.567209 0.560567 0.565822 0.595273 0.580405 0.571582 0.570848 0.5098 0.365718 0.338777
-9999 -9999 -9999 -9999 -9999 -9999 -9999 -9999 -9999 1.14234 1.10127 1.09907 1.10764 1.13146 1.13066 1.07579 1.0697 1.0435 1.0191 1.02787 1.04619 1.07225 1.10173 1.14361 1.19988 1.24689 1.25824 1.1919 1.17125 1.1669 1.15755 1.13394 1.13063 1.16008 1.18634 1.16863 1.15518 1.11397 1.09923 1.09543 1.11134 1.12907 1.12878 1.08885 1.06457 1.04013 1.01537 0.948261 0.886457 0.819795 0.78039 0.746294 0.717873 0.687792 0.665716 0.646878 0.629736 0.614822 0.601363 0.589671 0.578745 0.573152 0.568958 0.585235 0.59638 0.598065 0.603213 0.546508 0.501746 0.412024 0.336873
