Test_Spring_2018b/04_18/Prec/20180418_017.txt
ncols	170
nrows	115
xllcorner	350000.000000
yllcorner	4445000.000000
cellsize	1000.000000
nodata_value	-9999.000000
[rows 32 to 63 of 115, columns 71 to 141 of 170]
0.347257 0.352891 0.360029 0.362159 0.364015 0.37247 0.418505 0.437665 0.438048 0.439224 0.441871 0.442073 0.442299 0.44227 0.446346 0.459091 0.471524 0.467881 0.471032 0.479328 0.476846 0.48614 0.501945 0.521902 0.519394 0.526179 0.4948 0.501364 -9999 -9999 -9999 -9999 -9999 -9999 -9999 -9999 -9999 -9999 -9999 -9999 -9999 -9999 -9999 -9999 -9999 -9999 -9999 -9999 -9999 -9999 -9999 -9999 -9999 -9999 -9999 -9999 -9999 -9999 -9999 -9999 -9999 -9999 -9999 -9999 -9999 -9999 -9999 -9999 -9999 -9999 -9999
0.387723 0.392856 0.397702 0.397418 0.401225 0.388108 0.451931 0.474624 0.47515 0.476461 0.478457 0.480112 0.481835 0.485794 0.491554 0.503228 0.517496 0.522551 0.519138 0.522188 0.525051 0.53288 0.541918 0.553637 0.552669 0.555069 0.54284 0.531171 0.564023 -9999 -9999 -9999 -9999 -9999 -9999 -9999 -9999 -9999 -9999 -9999 -9999 -9999 -9999 -9999 -9999 -9999 -9999 -9999 -9999 -9999 -9999 -9999 -9999 -9999 -9999 -9999 -9999 -9999 -9999 -9999 -9999 -9999 -9999 -9999 -9999 -9999 -9999 -9999 -9999 -9999 -9999
0.430023 0.434238 0.441073 0.441394 0.442478 0.463574 0.515132 0.516281 0.513007 0.515025 0.517007 0.520877 0.524301 0.528841 0.535404 0.544071 0.554247 0.570727 0.564093 0.559667 0.562717 0.566331 0.57307 0.583764 0.582477 0.586828 0.571405 0.591944 0.600298 0.605094 -9999 -9999 -9999 -9999 -9999 -9999 -9999 -9999 -9999 -9999 -9999 -9999 -9999 -9999 -9999 -9999 -9999 -9999 -9999 -9999 -9999 -9999 -9999 -9999 -9999 -9999 -9999 -9999 -9999 -9999 -9999 -9999 -9999 -9999 -9999 -9999 -9999 -9999 -9999 -9999 -9999
0.473922 0.47655 0.482897 0.48208 0.480904 0.518606 0.52348 0.551335 0.552264 0.553508 0.556682 0.561957 0.571472 0.575304 0.578259 0.585156 0.596716 0.608029 0.612213 0.603322 0.602183 0.605035 0.605373 0.614372 0.61569 0.621517 0.622415 0.638852 0.634151 0.641831 0.652965 -9999 -9999 -9999 -9999 -9999 -9999 -9999 -9999 -9999 -9999 -9999 -9999 -9999 -9999 -9999 -9999 -9999 -9999 -9999 -9999 -9999 -9999 -9999 -9999 -9999 -9999 -9999 -9999 -9999 -9999 -9999 -9999 -9999 -9999 -9999 -9999 -9999 -9999 -9999 -9999
-9999 -9999 -9999 0.524087 0.556804 0.585473 0.560074 0.588074 0.589205 0.591054 0.59547 0.604294 0.610825 0.615106 0.621654 0.629818 0.635367 0.642966 0.650327 0.648869 0.640723 0.645993 0.641411 0.644658 0.647239 0.656475 0.694084 0.679853 0.676491 0.685741 0.697828 -9999 -9999 -9999 -9999 -9999 -9999 -9999 -9999 -9999 -9999 -9999 -9999 -9999 -9999 -9999 -9999 -9999 -9999 -9999 -9999 -9999 -9999 -9999 -9999 -9999 -9999 -9999 -9999 -9999 -9999 -9999 -9999 -9999 -9999 -9999 -9999 -9999 -9999 -9999 -9999
-9999 -9999 -9999 -9999 0.590479 0.61982 0.618076 0.623347 0.625968 0.627703 0.633258 0.640759 0.647754 0.654845 0.661712 0.669119 0.675841 0.682806 0.683859 0.678073 0.677896 0.679324 0.679346 0.678488 0.682856 0.684023 0.734703 0.747076 0.722984 0.736548 0.744995 0.757903 -9999 -9999 -9999 -9999 -9999 -9999 -9999 -9999 -9999 -9999 -9999 -9999 0.669128 -9999 -9999 -9999 -9999 -9999 -9999 -9999 -9999 -9999 -9999 -9999 -9999 -9999 -9999 -9999 -9999 -9999 -9999 -9999 -9999 0.521009 -9999 -9999 -9999 -9999 -9999
-9999 -9999 -9999 0.590987 0.647424 0.647022 0.647673 0.626891 0.65991 0.662314 0.669172 0.67762 0.686065 0.69551 0.701627 0.707844 0.715 0.71698 0.714906 0.713078 0.71089 0.709433 0.710018 0.712783 0.717797 0.749453 0.760439 0.771773 0.760478 0.76718 0.784469 0.804964 0.823287 -9999 -9999 -9999 -9999 -9999 -9999 -9999 0.800923 0.783073 0.762017 0.737294 0.708145 0.686404 -9999 -9999 -9999 -9999 -9999 -9999 -9999 -9999 -9999 -9999 -9999 -9999 -9999 -9999 -9999 -9999 -9999 -9999 -9999 0.528724 0.539881 -9999 -9999 -9999 -9999
-9999 -9999 -9999 0.6793 0.675003 0.675164 0.675986 0.680699 0.689872 0.695849 0.702938 0.71187 0.721839 0.73171 0.737924 0.745439 0.749573 0.751348 0.747809 0.745298 0.743973 0.743308 0.743639 0.747875 0.751626 0.778353 0.788471 0.803404 0.820945 0.803251 0.829441 0.856073 0.880254 -9999 -9999 -9999 -9999 -9999 -9999 0.87397 0.852556 0.828606 0.809083 0.777382 0.744645 0.716177 0.719686 -9999 -9999 -9999 -9999 -9999 -9999 -9999 -9999 -9999 -9999 -9999 -9999 -9999 -9999 0.499535 0.506838 0.52192 0.531508 0.539456 0.550325 -9999 -9999 -9999 -9999
-9999 -9999 -9999 0.707412 0.701422 0.699905 0.701677 0.708616 0.747068 0.725361 0.734407 0.744664 0.754819 0.764007 0.773723 0.779694 0.786155 0.782349 0.780653 0.778521 0.778854 0.77745 0.78242 0.785846 0.809133 0.808252 0.820364 0.840214 0.865212 0.89151 0.877326 0.900984 0.927964 -9999 -9999 -9999 -9999 -9999 -9999 0.931902 0.907585 0.878965 0.849525 0.823054 0.782359 0.77547 0.745543 0.713785 0.679765 0.649962 0.610877 0.577747 0.559233 0.546881 0.53362 -9999 -9999 -9999 -9999 0.506914 0.505599 0.505326 0.509004 0.525622 0.538696 0.551938 0.577325 -9999 -9999 -9999 -9999
-9999 -9999 -9999 0.728672 0.723592 0.723413 0.727923 0.73322 0.772344 0.753105 0.77374 0.784488 0.794751 0.803855 0.811902 0.818785 0.820552 0.820397 0.819285 0.823032 0.827622 0.820381 0.813553 0.85724 0.836008 0.836611 0.850611 0.874211 0.903009 0.924827 0.914696 0.943916 0.989979 -9999 -9999 -9999 1.03729 1.03034 1.0221 1.00555 0.97852 0.947415 0.895636 0.856927 0.84841 0.806523 0.771788 0.738933 0.702517 0.662786 0.632386 0.58523 0.564574 0.550528 0.535865 0.524728 0.516987 0.512083 0.509495 0.507834 0.506991 0.507565 0.511453 0.527665 0.538791 0.548455 0.582934 -9999 -9999 -9999 -9999
-9999 -9999 -9999 0.762449 0.75717 0.755925 0.760133 0.767669 0.775994 0.813571 0.798145 0.809558 0.823048 0.831001 0.838915 0.844194 0.846887 0.847092 0.850146 0.854099 0.857653 0.85727 0.881363 0.889242 0.874504 0.875846 0.879206 0.921075 0.950088 0.972682 0.999495 1.00464 1.03923 -9999 -9999 1.09582 1.09144 1.08299 1.07052 1.05304 1.02939 0.993878 0.958613 0.914159 0.902811 0.862881 0.82068 0.757277 0.716006 0.670126 0.638812 0.595995 0.565181 0.54783 0.53489 0.523863 0.516647 0.511907 0.509107 0.50865 0.508091 0.508948 0.512503 0.525018 0.533802 0.559415 0.58468 -9999 -9999 -9999 -9999
-9999 -9999 -9999 0.789918 0.784396 0.782134 0.785997 0.79117 0.794829 0.833733 0.841285 0.83144 0.845098 0.856757 0.862678 0.867826 0.869794 0.868808 0.870699 0.871928 0.876244 0.877517 0.903812 0.908231 0.919286 0.92488 0.937614 0.954438 0.972615 0.994226 1.0282 1.06171 1.0744 1.10689 -9999 1.14346 1.14747 1.13817 1.12121 1.09833 1.07457 1.03526 0.995584 0.975214 0.932514 0.884525 0.828256 0.785171 0.744919 0.70265 0.639174 0.596514 0.571339 0.546848 0.532392 0.521615 0.514236 0.509543 0.506945 0.50614 0.506696 0.508561 0.51191 0.520116 0.542417 0.559649 0.586963 -9999 -9999 -9999 -9999
-9999 -9999 0.806831 0.805082 0.797067 0.795869 0.798912 0.805485 0.815202 0.849946 0.855632 0.866206 0.862459 0.877642 0.885557 0.889746 0.888716 0.886931 0.882819 0.880252 0.886135 0.905138 0.92432 0.936702 0.932179 0.939702 0.946323 0.964097 0.989928 1.01967 1.05648 1.0891 1.12534 1.14605 1.17028 1.18357 1.19029 1.18502 1.166 1.14016 1.10924 1.07252 1.05029 1.00417 0.943754 0.890241 0.842464 0.797388 0.752936 0.711326 0.670776 0.625434 0.569914 0.547725 0.528886 0.517557 0.509936 0.505313 0.503069 0.502798 0.504161 0.506678 0.510359 0.525188 0.538618 0.560816 0.582067 -9999 -9999 -9999 -9999
-9999 -9999 -9999 0.818837 0.813219 0.813205 0.816645 0.822548 0.83104 0.862416 0.871971 0.880311 0.888287 0.89172 0.904222 0.90532 0.904955 0.901082 0.895951 0.889712 0.915784 0.921003 0.927347 0.940268 0.930792 0.938405 0.952813 0.973386 1.00599 1.04214 1.08547 1.12672 1.15788 1.19269 1.20178 1.21885 1.22127 1.21661 1.20534 1.1842 1.14445 1.1208 1.06551 1.01393 0.965592 0.906453 0.85677 0.805131 0.75719 0.712288 0.679073 0.625614 0.59397 0.562943 0.526357 0.51251 0.504716 0.500191 0.498448 0.498802 0.500866 0.504202 0.515486 0.52211 0.534133 0.562743 0.583185 -9999 -9999 -9999 -9999
-9999 -9999 -9999 -9999 -9999 0.824878 0.827666 0.834547 0.843549 0.871661 0.879796 0.888547 0.897468 0.906597 0.912042 0.917698 0.917781 0.919318 0.913539 0.912573 0.911502 0.912483 0.924597 0.922795 0.925366 0.938051 0.960684 0.986243 1.01591 1.05497 1.09708 1.14107 1.18177 1.21174 1.22742 1.23336 1.23651 1.2349 1.22911 1.20695 1.17522 1.13123 1.08301 1.03294 0.98257 0.920318 0.869501 0.81171 0.760447 0.714883 0.672976 0.624689 0.588844 0.560158 0.534077 0.516577 0.49971 0.495376 0.493967 0.494899 0.497647 0.505477 0.512309 0.520318 0.52948 0.559568 0.58668 -9999 -9999 -9999 -9999
-9999 -9999 -9999 -9999 -9999 0.836478 0.83989 0.845081 0.848945 0.878231 0.885853 0.895004 0.902698 0.910732 0.919295 0.92495 0.929211 0.933684 0.929593 0.921237 0.916653 0.917468 0.929403 0.919786 0.929394 0.944626 0.970161 0.997637 1.02607 1.06524 1.10901 1.14943 1.1924 1.21772 1.2383 1.25124 1.25079 1.24649 1.23401 1.21994 1.18749 1.1422 1.09624 1.04843 0.992754 0.930771 0.880005 0.818632 0.764237 0.716276 0.670453 0.621887 0.585997 0.555126 0.530236 0.511761 0.499878 0.49202 0.490867 0.492163 0.49693 0.503035 0.510533 0.519272 0.529072 0.552712 0.587974 -9999 -9999 -9999 -9999
-9999 -9999 -9999 -9999 -9999 -9999 0.850439 0.852023 0.853239 0.883189 0.891647 0.89807 0.905454 0.913399 0.919261 0.926143 0.932853 0.944313 0.940251 0.93316 0.924299 0.921691 0.927178 0.925365 0.938876 0.962997 0.989808 1.01196 1.03843 1.07446 1.11585 1.15653 1.18303 1.20679 1.22585 1.24172 1.25395 1.25021 1.23753 1.22146 1.18865 1.1459 1.1026 1.05258 0.998396 0.936587 0.879754 0.823842 0.767035 0.719318 0.671457 0.621503 0.585643 0.554715 0.529684 0.51064 0.4983 0.491602 0.489791 0.491721 0.49606 0.502481 0.510422 0.519553 0.529723 0.541907 0.566734 0.586714 -9999 -9999 -9999
-9999 -9999 -9999 -9999 -9999 -9999 0.860579 0.864805 0.863749 0.892321 0.89498 0.899809 0.906342 0.914765 0.921829 0.93141 0.933633 0.945697 0.948011 0.943883 0.946932 0.937444 0.931937 0.930353 0.962589 0.98389 1.00661 1.02568 1.04981 1.0792 1.12435 1.15814 1.17733 1.19829 1.21676 1.23076 1.24118 1.24352 1.22918 1.20828 1.17798 1.14192 1.09756 1.05174 1.00037 0.93477 0.88134 0.826924 0.770535 0.724265 0.674755 0.625148 0.589896 0.559481 0.532862 0.513989 0.501231 0.494805 0.492673 0.495417 0.497989 0.504259 0.512178 0.521389 0.531472 0.542578 0.556291 0.575148 0.590603 0.602115 -9999
-9999 -9999 -9999 -9999 -9999 -9999 -9999 0.877743 0.871821 0.896983 0.899812 0.901159 0.906297 0.924767 0.926969 0.933558 0.939927 0.951181 0.965307 0.96548 0.949735 0.938233 0.936671 0.933742 0.962545 0.983101 0.999878 1.01522 1.04182 1.07018 1.11053 1.14147 1.17282 1.19591 1.22008 1.22253 1.22563 1.22315 1.21657 1.1994 1.16479 1.12991 1.08753 1.04055 0.989504 0.932295 0.875782 0.825152 0.772795 0.725062 0.680559 0.631862 0.598324 0.566468 0.540585 0.521639 0.510897 0.502889 0.500313 0.502557 0.508793 0.508388 0.515918 0.524662 0.534457 0.545063 0.556884 0.569526 0.586086 0.604726 0.625454
-9999 -9999 -9999 -9999 -9999 -9999 -9999 0.887305 0.880663 0.905915 0.90225 0.921004 0.927302 0.926794 0.928507 0.933612 0.942167 0.950523 0.966484 0.984778 0.971901 0.944419 0.942647 0.952076 0.963661 0.972031 0.991319 1.00843 1.03615 1.06223 1.09317 1.12328 1.1531 1.19798 1.20713 1.2067 1.20732 1.20276 1.19387 1.17859 1.15664 1.12966 1.07366 1.03529 0.982614 0.924838 0.874602 0.825006 0.776639 0.730777 0.687984 0.640353 0.605744 0.577704 0.559017 0.537914 0.523785 0.51538 0.512278 0.513798 0.51908 0.52729 0.522975 0.529257 0.538346 0.548286 0.559258 0.570448 0.582508 0.596089 0.618121
-9999 -9999 -9999 -9999 -9999 -9999 -9999 0.90956 0.89549 0.939055 0.930931 0.935099 0.932456 0.931071 0.933806 0.936269 0.942971 0.950558 0.96261 0.980622 0.99579 0.990118 0.981321 0.958085 0.953174 0.96596 0.984839 1.00565 1.02531 1.04594 1.07633 1.13212 1.15789 1.16233 1.17983 1.18066 1.18521 1.18603 1.1687 1.15557 1.13642 1.11459 1.08743 1.04898 0.980815 0.924272 0.880761 0.830909 0.782679 0.738131 0.697342 0.65163 0.632538 0.601323 0.573475 0.553982 0.540026 0.531358 0.527561 0.528068 0.53221 0.539058 0.547789 0.53761 0.546558 0.551895 0.561805 0.571969 0.582928 0.594516 0.607898
-9999 -9999 -9999 -9999 -9999 -9999 -9999 0.941504 0.960891 0.946362 0.951631 0.942513 0.940029 0.936705 0.937283 0.940274 0.946682 0.955525 0.966498 0.983025 0.998612 0.998556 0.995593 0.999375 0.990109 0.969979 0.983829 1.00024 1.05256 1.07019 1.09291 1.1135 1.11809 1.13687 1.15525 1.15267 1.15564 1.15652 1.14447 1.13235 1.12246 1.10505 1.07693 1.0378 1.00316 0.953216 0.883283 0.837752 0.788705 0.774555 0.733064 0.683251 0.64839 0.614803 0.590956 0.572184 0.558387 0.549441 0.544882 0.54424 0.547001 0.552268 0.559402 0.567935 0.551711 0.560421 0.569776 0.57344 0.583143 0.59348 0.604589
-9999 -9999 -9999 -9999 -9999 -9999 -9999 0.97601 0.969827 0.956744 0.959596 0.950139 0.946231 0.943494 0.943896 0.947751 0.952111 0.959046 0.969516 0.979619 0.994437 1.01364 1.00793 1.01542 1.00289 1.05246 1.06222 1.07688 1.09338 1.07585 1.08774 1.08036 1.09956 1.11313 1.12587 1.12601 1.12857 1.12693 1.1206 1.11593 1.10893 1.09505 1.06314 1.03409 0.993955 0.954948 0.942561 0.895902 0.852286 0.786485 0.751391 0.69927 0.659951 0.632444 0.609486 0.591133 0.577649 0.568288 0.563039 0.561285 0.562495 0.566113 0.571483 0.578145 0.585651 0.564205 0.572144 0.580653 0.60984 0.619267 0.620195
-9999 -9999 -9999 -9999 -9999 -9999 -9999 -9999 1.01652 1.01566 0.998933 0.988824 0.98197 0.978297 0.978077 0.980396 0.984371 0.990762 1.00093 1.01409 1.03225 1.04984 1.05832 1.06913 1.05723 1.06666 1.07 1.07966 1.097 1.12844 1.10569 1.10789 1.11667 1.12447 1.13047 1.10434 1.10623 1.10536 1.10343 1.10726 1.12577 1.11311 1.08983 1.06639 1.02635 0.982848 0.939781 0.89923 0.860006 0.828514 0.783248 0.730648 0.697144 0.670655 0.645881 0.609884 0.596524 0.586948 0.580973 0.578037 0.577774 0.579702 0.599174 0.605211 0.612117 0.586497 0.593086 0.601379 0.609687 0.618468 0.625591
-9999 -9999 -9999 -9999 -9999 -9999 -9999 -9999 1.04338 1.02597 1.00728 1.00081 0.994431 0.989236 0.989663 0.993401 0.998265 1.00463 1.01284 1.02684 1.04218 1.05866 1.07228 1.0836 1.0722 1.07828 1.07732 1.08639 1.0986 1.10033 1.11323 1.11101 1.10927 1.11397 1.11836 1.12991 1.12683 1.12849 1.12896 1.12072 1.11014 1.09954 1.07531 1.05593 1.02631 0.97943 0.942512 0.90639 0.86712 0.83821 0.797642 0.746434 0.714642 0.689579 0.664264 0.645092 0.630661 0.620141 0.613072 0.609138 0.607829 0.608814 0.611545 0.61557 0.620584 0.626405 0.597691 0.609952 0.616529 0.621268 0.626159
-9999 -9999 -9999 -9999 -9999 -9999 -9999 -9999 1.04777 1.03628 1.02037 1.00857 1.00811 1.00293 1.00116 1.00567 1.01153 1.01866 1.02553 1.03978 1.05607 1.07205 1.09029 1.10052 1.10721 1.08303 1.0853 1.0941 1.10568 1.09836 1.10254 1.10195 1.10347 1.10621 1.10925 1.1117 1.11102 1.11057 1.10511 1.1005 1.09591 1.08291 1.06119 1.04783 1.02186 0.990712 0.945905 0.908601 0.874015 0.849628 0.791781 0.756945 0.727652 0.70156 0.680027 0.662512 0.647947 0.63734 0.62965 0.624674 0.622087 0.621444 0.622503 0.624741 0.628515 0.633254 0.644009 0.611815 0.616607 0.618998 0.62186
-9999 -9999 -9999 -9999 -9999 -9999 -9999 -9999 1.05222 1.04249 1.02939 1.02174 1.02123 1.01612 1.01224 1.01544 1.02173 1.02705 1.03556 1.0484 1.06301 1.0793 1.0927 1.11159 1.11458 1.09146 1.09398 1.1 1.09058 1.09991 1.10113 1.10146 1.10349 1.10133 1.1024 1.10319 1.10709 1.10532 1.09648 1.08779 1.07738 1.06769 1.0495 1.0322 1.01018 0.985912 0.943805 0.911694 0.882045 0.835412 0.794114 0.76433 0.737827 0.714 0.694352 0.677168 0.662549 0.651708 0.643504 0.637688 0.633906 0.631976 0.631719 0.632545 0.635513 0.640305 0.647913 0.617196 0.615582 0.61389 0.592668
-9999 -9999 -9999 -9999 -9999 -9999 -9999 -9999 1.06053 1.05064 1.04016 1.03667 1.03747 1.02772 1.02294 1.0259 1.03094 1.03706 1.04981 1.05579 1.06461 1.0796 1.09849 1.11905 1.12842 1.10082 1.10399 1.10946 1.10093 1.10973 1.11242 1.10938 1.10597 1.10098 1.09946 1.09988 1.10685 1.1124 1.09958 1.08401 1.07143 1.05788 1.04573 1.02736 1.00659 0.986294 0.955774 0.918863 0.889408 0.830247 0.801258 0.772549 0.74644 0.726842 0.707814 0.689011 0.673979 0.663008 0.654348 0.647737 0.643058 0.640024 0.63885 0.638786 0.640024 0.647926 0.653586 0.657885 0.613156 0.612455 0.554226
-9999 -9999 -9999 -9999 -9999 -9999 -9999 -9999 1.07042 1.06414 1.0547 1.05213 1.04695 1.03834 1.03571 1.03639 1.04033 1.04596 1.05459 1.06272 1.0736 1.0884 1.10652 1.12638 1.14308 1.14976 1.11746 1.09 1.11115 1.12034 1.11956 1.11543 1.10656 1.10122 1.09995 1.09849 1.09679 1.09902 1.1008 1.09058 1.07316 1.06232 1.04978 1.02762 1.00646 0.986983 0.964961 0.920006 0.872782 0.836757 0.809421 0.781081 0.75253 0.731517 0.713834 0.695589 0.682174 0.671031 0.661912 0.65478 0.649346 0.645424 0.643177 0.642595 0.646422 0.650272 0.656222 0.657442 0.606883 0.581824 0.545608
-9999 -9999 -9999 -9999 -9999 -9999 -9999 -9999 1.08264 1.0753 1.06702 1.05947 1.05259 1.04723 1.04972 1.04892 1.05294 1.05528 1.06118 1.07018 1.08015 1.09364 1.1141 1.13326 1.15391 1.16078 1.12361 1.1081 1.11881 1.13361 1.12733 1.11909 1.11083 1.10604 1.10978 1.10299 1.09926 1.09623 1.09387 1.0925 1.07968 1.07145 1.05448 1.03156 1.00899 0.986381 0.963995 0.931024 0.873696 0.840003 0.814229 0.786641 0.759865 0.73521 0.716712 0.700293 0.686917 0.67564 0.666241 0.658676 0.652799 0.64844 0.64555 0.647076 0.650136 0.651975 0.655367 0.655538 0.643924 0.574907 0.538834
-9999 -9999 -9999 -9999 -9999 -9999 -9999 -9999 -9999 1.08245 1.07419 1.06886 1.0696 1.06545 1.06488 1.06551 1.06891 1.06482 1.06949 1.07721 1.08671 1.09907 1.11632 1.13144 1.15145 1.16891 1.10994 1.1253 1.12772 1.13339 1.13293 1.12525 1.11603 1.1157 1.12237 1.11903 1.11337 1.10379 1.09717 1.09881 1.09208 1.08192 1.06062 1.03693 1.01418 0.990483 0.966374 0.909456 0.869563 0.838001 0.808901 0.784242 0.75894 0.736529 0.71804 0.701894 0.68834 0.676831 0.667291 0.659627 0.653462 0.649142 0.646715 0.648297 0.656893 0.654788 0.654747 0.657155 0.621857 0.535183 0.533093
-9999 -9999 -9999 -9999 -9999 -9999 -9999 -9999 -9999 1.09186 1.08218 1.08262 1.08604 1.0936 1.09513 1.08314 1.08404 1.08024 1.07742 1.08365 1.09294 1.10482 1.11821 1.13537 1.15674 1.17618 1.16421 1.12717 1.12705 1.13017 1.13154 1.1286 1.13003 1.13883 1.14561 1.13972 1.13338 1.11823 1.10807 1.09885 1.09276 1.08523 1.07124 1.04536 1.02194 0.997168 0.9713 0.92144 0.882913 0.837378 0.808092 0.781386 0.757598 0.735025 0.716258 0.700125 0.686227 0.674649 0.665106 0.657561 0.65162 0.648304 0.646443 0.650766 0.654542 0.656502 0.659803 0.647552 0.615896 0.574731 0.527621
