Test_Spring_2018b/04_18/Prec/20180401_010.txt
ncols	170
nrows	115
xllcorner	350000.000000
yllcorner	4445000.000000
cellsize	1000.000000
nodata_value	-9999.000000
[rows 31 to 61 of 115, columns 70 to 139 of 170]
0.61743 0.621132 0.626818 0.635359 0.643658 0.66817 0.704255 0.715429 0.731412 0.743873 0.757267 0.769336 0.781372 0.793362 0.803202 0.814458 0.832039 0.834383 0.837504 0.84407 0.844994 0.844371 0.848978 0.858617 0.864334 0.872489 0.863542 0.898034 0.904704 -9999 -9999 -9999 -9999 -9999 -9999 -9999 -9999 -9999 -9999 -9999 -9999 -9999 -9999 -9999 -9999 -9999 -9999 -9999 -9999 -9999 -9999 -9999 -9999 -9999 -9999 -9999 -9999 -9999 -9999 -9999 -9999 -9999 -9999 -9999 -9999 -9999 -9999 -9999 -9999 -9999
0.597449 0.602711 0.609637 0.618506 0.625299 0.633066 0.689638 0.708889 0.713498 0.724833 0.736826 0.749614 0.76041 0.77048 0.779374 0.789629 0.803982 0.816679 0.817767 0.821888 0.828235 0.827019 0.832878 0.842819 0.855671 0.854834 0.860651 0.891451 0.880428 -9999 -9999 -9999 -9999 -9999 -9999 -9999 -9999 -9999 -9999 -9999 -9999 -9999 -9999 -9999 -9999 -9999 -9999 -9999 -9999 -9999 -9999 -9999 -9999 -9999 -9999 -9999 -9999 -9999 -9999 -9999 -9999 -9999 -9999 -9999 -9999 -9999 -9999 -9999 -9999 -9999
0.578572 0.583354 0.591453 0.600179 0.606439 0.616024 0.646478 0.691023 0.695297 0.705654 0.716313 0.72704 0.737023 0.746381 0.756372 0.766633 0.779729 0.793559 0.800691 0.801703 0.806204 0.810156 0.817015 0.824587 0.833978 0.83559 0.839707 0.839423 0.864055 0.87712 -9999 -9999 -9999 -9999 -9999 -9999 -9999 -9999 -9999 -9999 -9999 -9999 -9999 -9999 -9999 -9999 -9999 -9999 -9999 -9999 -9999 -9999 -9999 -9999 -9999 -9999 -9999 -9999 -9999 -9999 -9999 -9999 -9999 -9999 -9999 -9999 -9999 -9999 -9999 -9999
0.55928 0.563446 0.572627 0.584111 0.591952 0.600605 0.640791 0.669372 0.679723 0.686798 0.696665 0.705891 0.715676 0.72455 0.733542 0.743281 0.753885 0.76505 0.779888 0.779819 0.780957 0.786698 0.792708 0.80065 0.811077 0.813907 0.820311 0.81073 0.85562 0.862445 0.866907 -9999 -9999 -9999 -9999 -9999 -9999 -9999 -9999 -9999 -9999 -9999 -9999 -9999 -9999 -9999 -9999 -9999 -9999 -9999 -9999 -9999 -9999 -9999 -9999 -9999 -9999 -9999 -9999 -9999 -9999 -9999 -9999 -9999 -9999 -9999 -9999 -9999 -9999 -9999
-9999 0.543332 0.553396 0.566302 0.574859 0.58311 0.604846 0.626405 0.660279 0.669314 0.677593 0.686199 0.695358 0.706588 0.713789 0.720206 0.729074 0.740996 0.752956 0.760631 0.760238 0.764921 0.772206 0.777863 0.788865 0.794742 0.803126 0.799814 0.807778 0.846433 0.852269 0.859818 -9999 -9999 -9999 -9999 -9999 -9999 -9999 -9999 -9999 -9999 -9999 -9999 -9999 -9999 -9999 -9999 -9999 -9999 -9999 -9999 -9999 -9999 -9999 -9999 -9999 -9999 -9999 -9999 -9999 -9999 -9999 -9999 -9999 -9999 -9999 -9999 -9999 -9999
-9999 -9999 -9999 -9999 0.558718 0.58202 0.580577 0.611063 0.642884 0.651485 0.65916 0.667253 0.677187 0.685031 0.69116 0.698782 0.707787 0.715718 0.725658 0.736174 0.741739 0.743537 0.754084 0.758381 0.767381 0.775465 0.787075 0.792214 0.798759 0.836581 0.842976 0.850339 -9999 -9999 -9999 -9999 -9999 -9999 -9999 -9999 -9999 -9999 -9999 -9999 -9999 -9999 -9999 -9999 -9999 -9999 -9999 -9999 -9999 -9999 -9999 -9999 -9999 -9999 -9999 -9999 -9999 -9999 -9999 -9999 -9999 -9999 -9999 -9999 -9999 -9999
-9999 -9999 -9999 -9999 -9999 0.564987 0.564679 0.573342 0.626181 0.635281 0.641974 0.649528 0.657153 0.663769 0.670273 0.676959 0.684745 0.693167 0.702976 0.710271 0.714306 0.722694 0.732536 0.741523 0.749592 0.760249 0.764125 0.783046 0.795646 0.830695 0.839385 0.843632 0.8498 -9999 -9999 -9999 -9999 -9999 -9999 -9999 -9999 -9999 -9999 -9999 -9999 0.809142 -9999 -9999 -9999 -9999 -9999 -9999 -9999 -9999 -9999 -9999 -9999 -9999 -9999 -9999 -9999 -9999 -9999 -9999 -9999 -9999 0.592766 -9999 -9999 -9999
-9999 -9999 -9999 -9999 0.518393 0.533994 0.546477 0.557456 0.590406 0.61959 0.625854 0.632989 0.639722 0.645685 0.6522 0.657187 0.66339 0.671753 0.678606 0.684647 0.692378 0.701026 0.710783 0.72193 0.734007 0.746564 0.752851 0.766787 0.779117 0.788722 0.824818 0.83382 0.843668 0.851444 -9999 -9999 -9999 -9999 -9999 -9999 -9999 0.837133 0.832006 0.825437 0.816672 0.804795 0.796935 -9999 -9999 -9999 -9999 -9999 -9999 -9999 -9999 -9999 -9999 -9999 -9999 -9999 -9999 -9999 -9999 -9999 -9999 -9999 0.586565 0.581932 -9999 -9999
-9999 -9999 -9999 -9999 0.503216 0.517109 0.531486 0.543567 0.555226 0.604167 0.61189 0.617934 0.623455 0.628754 0.63398 0.637713 0.643817 0.649841 0.656694 0.662479 0.670932 0.681651 0.693663 0.706478 0.721242 0.734537 0.740429 0.754644 0.769673 0.784055 0.815935 0.829682 0.842223 0.852352 -9999 -9999 -9999 -9999 -9999 -9999 0.840647 0.833753 0.826651 0.823189 0.812251 0.800339 0.790335 0.748011 -9999 -9999 -9999 -9999 -9999 -9999 -9999 -9999 -9999 -9999 -9999 -9999 -9999 -9999 0.590981 0.589563 0.591816 0.589103 0.583718 0.578489 -9999 -9999
-9999 -9999 -9999 -9999 0.487179 0.502217 0.517253 0.531101 0.544766 0.571907 0.598614 0.604681 0.609512 0.613261 0.616434 0.620996 0.625113 0.632102 0.635464 0.64302 0.65281 0.666067 0.679347 0.696934 0.712955 0.721043 0.731495 0.747821 0.766413 0.785547 0.828957 0.829938 0.839341 0.849814 -9999 -9999 -9999 -9999 -9999 -9999 0.841589 0.834333 0.826127 0.818493 0.813108 0.798388 0.756608 0.745446 0.731726 0.715049 0.699507 0.691358 0.663077 0.649658 0.639451 0.628242 -9999 -9999 -9999 -9999 0.595775 0.591153 0.58641 0.583051 0.586452 0.585894 0.583544 0.552597 -9999 -9999
-9999 -9999 -9999 -9999 0.469641 0.487607 0.50535 0.522237 0.53559 0.562443 0.587762 0.583764 0.588541 0.591842 0.594334 0.597158 0.601191 0.604622 0.609838 0.617445 0.630779 0.646668 0.656278 0.685503 0.707335 0.711986 0.724558 0.742937 0.764377 0.785983 0.823898 0.826371 0.838027 0.84329 -9999 -9999 -9999 0.852467 0.848251 0.846179 0.841701 0.833069 0.823751 0.819454 0.808495 0.787824 0.757763 0.745162 0.732216 0.715312 0.694579 0.678118 0.656317 0.642171 0.631426 0.611939 0.602906 0.595895 0.590579 0.586545 0.582727 0.578786 0.574779 0.571575 0.581931 0.579957 0.574864 0.539846 -9999 -9999
-9999 -9999 -9999 -9999 0.452015 0.471047 0.48925 0.504721 0.520088 0.532006 0.554538 0.575017 0.579097 0.583134 0.583546 0.585052 0.587093 0.590506 0.595782 0.606311 0.620467 0.636723 0.65193 0.663111 0.683354 0.693236 0.706426 0.740007 0.756132 0.778009 0.792934 0.825632 0.835488 0.849474 -9999 -9999 0.863836 0.857867 0.85248 0.847959 0.843568 0.838148 0.82743 0.818295 0.803936 0.784317 0.758547 0.741878 0.73037 0.711663 0.678887 0.662892 0.648516 0.625201 0.61364 0.604375 0.596046 0.589991 0.585385 0.581788 0.579237 0.575871 0.572287 0.568925 0.569411 0.565425 0.542731 0.533184 -9999 -9999
-9999 -9999 -9999 -9999 0.435451 0.454878 0.472964 0.491112 0.506108 0.527123 0.550473 0.555883 0.571678 0.574701 0.576272 0.575392 0.576422 0.578748 0.58301 0.59293 0.605852 0.623385 0.640652 0.656126 0.674941 0.689873 0.705293 0.723039 0.740865 0.756894 0.789732 0.824869 0.839192 0.850129 0.861408 -9999 0.869419 0.868161 0.861969 0.854722 0.84742 0.84281 0.830857 0.82032 0.799653 0.786993 0.758537 0.72762 0.709766 0.692536 0.672817 0.655195 0.640873 0.625789 0.607293 0.597786 0.590306 0.584811 0.580859 0.57795 0.57564 0.573307 0.570515 0.566966 0.564431 0.545883 0.542429 0.533304 -9999 -9999
-9999 -9999 -9999 0.392807 0.425556 0.445188 0.465478 0.484364 0.501233 0.515918 0.537899 0.551653 0.556406 0.567668 0.570548 0.570016 0.569636 0.569461 0.572879 0.578949 0.589703 0.608717 0.622762 0.642787 0.665284 0.682314 0.699528 0.713938 0.732841 0.75411 0.775132 0.81146 0.840455 0.854747 0.867349 0.873344 0.874407 0.874326 0.870403 0.861866 0.853017 0.844485 0.835047 0.817791 0.803331 0.775487 0.745034 0.726202 0.708112 0.689297 0.671114 0.652453 0.63746 0.619447 0.606121 0.592256 0.585158 0.580195 0.576906 0.574747 0.573175 0.571593 0.569265 0.565766 0.549682 0.545114 0.538611 0.525255 -9999 -9999
-9999 -9999 -9999 -9999 0.418111 0.440663 0.462954 0.483185 0.500561 0.515236 0.535743 0.544534 0.549693 0.556879 0.565228 0.566995 0.564062 0.563791 0.565495 0.57069 0.579064 0.595478 0.612441 0.631082 0.65397 0.668231 0.685862 0.705616 0.726724 0.752713 0.778202 0.817816 0.839344 0.852943 0.875245 0.877945 0.880907 0.877703 0.873908 0.870203 0.86444 0.850624 0.836343 0.812711 0.7942 0.778263 0.745665 0.72636 0.704954 0.684874 0.66564 0.65274 0.63315 0.618043 0.602412 0.590247 0.580725 0.57633 0.573688 0.57231 0.571447 0.570449 0.568586 0.557789 0.546653 0.539622 0.540623 0.525759 -9999 -9999
-9999 -9999 -9999 -9999 -9999 -9999 0.459314 0.479956 0.498751 0.514513 0.533723 0.54234 0.548372 0.552438 0.555578 0.562055 0.561696 0.561333 0.566059 0.569008 0.572582 0.583121 0.596859 0.618729 0.637861 0.653911 0.674866 0.700071 0.724693 0.749273 0.777114 0.8156 0.839342 0.85941 0.871947 0.875623 0.879026 0.876088 0.874038 0.873639 0.867131 0.849445 0.832424 0.814716 0.797171 0.780103 0.746438 0.72687 0.702174 0.680747 0.661988 0.644587 0.628899 0.612238 0.599186 0.586939 0.579312 0.573378 0.571372 0.570577 0.570288 0.569753 0.561738 0.55602 0.548195 0.538352 0.539185 0.527679 -9999 -9999
-9999 -9999 -9999 -9999 -9999 -9999 0.457849 0.479355 0.497666 0.510864 0.531593 0.540754 0.547872 0.551894 0.55491 0.55802 0.560971 0.563064 0.567593 0.570027 0.572607 0.580081 0.592877 0.613869 0.627492 0.647642 0.670047 0.697133 0.723214 0.747442 0.77594 0.815609 0.837834 0.860083 0.870333 0.877654 0.881089 0.878806 0.874959 0.870015 0.864528 0.851795 0.833471 0.816765 0.800307 0.779659 0.746524 0.727133 0.7005 0.677604 0.658014 0.638966 0.623733 0.608048 0.594618 0.584078 0.576671 0.572407 0.570023 0.569644 0.569674 0.566568 0.562881 0.557028 0.54898 0.538766 0.534685 0.52771 -9999 -9999
-9999 -9999 -9999 -9999 -9999 -9999 -9999 0.479208 0.495547 0.507617 0.52943 0.540059 0.546439 0.551215 0.554991 0.556991 0.560029 0.56407 0.573243 0.575097 0.577637 0.581398 0.590953 0.606815 0.624603 0.646557 0.674166 0.701897 0.724717 0.748078 0.775208 0.813921 0.837287 0.850109 0.860337 0.86752 0.873422 0.878483 0.875454 0.869266 0.863618 0.850067 0.832661 0.816922 0.798392 0.778137 0.744935 0.721527 0.698389 0.674205 0.6552 0.635459 0.619911 0.605071 0.592445 0.582611 0.575533 0.571512 0.569662 0.56925 0.568768 0.566799 0.563012 0.557045 0.548794 0.538343 0.526542 0.512639 0.501029 -9999
-9999 -9999 -9999 -9999 -9999 -9999 -9999 0.479978 0.497994 0.508978 0.530366 0.538243 0.544672 0.549993 0.555067 0.557881 0.562343 0.564005 0.571763 0.580447 0.584021 0.594246 0.598226 0.605886 0.622918 0.655823 0.680987 0.705771 0.726611 0.748778 0.772288 0.814293 0.834409 0.843806 0.853444 0.861314 0.866852 0.869915 0.871373 0.862954 0.855843 0.843219 0.829215 0.811868 0.795079 0.775757 0.739495 0.717783 0.695338 0.671371 0.653431 0.632959 0.618066 0.604195 0.592506 0.582244 0.575764 0.571832 0.568975 0.568969 0.568548 0.566042 0.561975 0.555803 0.547434 0.536812 0.524288 0.5034 0.491257 0.475782
-9999 -9999 -9999 -9999 -9999 -9999 -9999 -9999 0.50109 0.509109 0.528494 0.5373 0.542551 0.548107 0.552243 0.556466 0.562108 0.566734 0.574071 0.583301 0.598473 0.595708 0.597152 0.605998 0.621271 0.650918 0.67479 0.695301 0.713612 0.737532 0.760908 0.801006 0.820476 0.838874 0.851176 0.856077 0.857812 0.860024 0.858721 0.855267 0.84591 0.836362 0.822197 0.80506 0.786429 0.766265 0.734288 0.709927 0.689377 0.667652 0.64865 0.631374 0.617313 0.604839 0.592581 0.583112 0.576848 0.569033 0.568473 0.568097 0.567276 0.565415 0.559689 0.5533 0.544765 0.53421 0.521752 0.500108 0.484728 0.470767
-9999 -9999 -9999 -9999 -9999 -9999 -9999 -9999 0.502339 0.509775 0.529047 0.534387 0.536694 0.544243 0.549194 0.553768 0.559057 0.565508 0.571251 0.58167 0.593819 0.591853 0.59988 0.607298 0.622463 0.647178 0.662418 0.683911 0.70306 0.727756 0.750091 0.785469 0.805533 0.824232 0.838058 0.845297 0.846396 0.847637 0.84542 0.84067 0.832435 0.820873 0.815061 0.796518 0.782192 0.759834 0.726206 0.704973 0.684383 0.664654 0.646457 0.630014 0.616683 0.603564 0.593799 0.577438 0.57038 0.568481 0.567416 0.566544 0.565209 0.562816 0.558946 0.551696 0.540922 0.530507 0.518393 0.497001 0.481858 0.466319
-9999 -9999 -9999 -9999 -9999 -9999 -9999 -9999 0.511717 0.514089 0.520907 0.527373 0.535011 0.541008 0.545907 0.551709 0.555893 0.561659 0.567266 0.575387 0.587356 0.597935 0.603002 0.600736 0.622381 0.636073 0.65319 0.673761 0.694893 0.714433 0.733577 0.769842 0.783634 0.804848 0.810615 0.824611 0.827213 0.831566 0.833228 0.823396 0.816584 0.806647 0.795969 0.7942 0.776847 0.756668 0.722409 0.704512 0.682949 0.662619 0.644681 0.629036 0.616775 0.592832 0.584461 0.573255 0.569635 0.567326 0.565717 0.564196 0.562207 0.559292 0.554981 0.548989 0.538853 0.528966 0.514253 0.493264 0.478971 0.464356
-9999 -9999 -9999 -9999 -9999 -9999 -9999 -9999 0.4984 0.514314 0.518307 0.527827 0.531607 0.537844 0.541843 0.546729 0.55175 0.557815 0.564628 0.572355 0.583533 0.59438 0.595864 0.604967 0.61109 0.620648 0.649996 0.666714 0.684641 0.691004 0.711001 0.746085 0.76534 0.772677 0.788961 0.804119 0.805187 0.80913 0.811322 0.805188 0.799188 0.795105 0.787046 0.773214 0.767729 0.75316 0.720854 0.701328 0.68165 0.660028 0.630951 0.616647 0.603691 0.592964 0.577816 0.572227 0.568272 0.56542 0.563184 0.560962 0.558288 0.554815 0.550092 0.543944 0.536363 0.52359 0.512587 0.491587 0.475777 0.462206
-9999 -9999 -9999 -9999 -9999 -9999 -9999 -9999 0.470947 0.512783 0.516918 0.523969 0.527222 0.532492 0.537007 0.542081 0.54805 0.553255 0.559278 0.567042 0.574405 0.584903 0.598608 0.59718 0.614901 0.62275 0.619637 0.632665 0.650115 0.669796 0.720469 0.73491 0.735885 0.753541 0.766888 0.778937 0.782247 0.78645 0.787528 0.785409 0.784402 0.782265 0.776404 0.759974 0.746405 0.743587 0.717129 0.681533 0.660388 0.642602 0.630442 0.619145 0.603764 0.584466 0.576599 0.570582 0.56602 0.562669 0.559701 0.556845 0.553568 0.549525 0.544475 0.538209 0.530701 0.521959 0.507193 0.486742 0.474232 0.453638
-9999 -9999 -9999 -9999 -9999 -9999 -9999 -9999 -9999 0.489421 0.498439 0.500159 0.504955 0.51043 0.516319 0.522652 0.528813 0.534331 0.539906 0.54674 0.554751 0.565687 0.576482 0.582165 0.599737 0.609858 0.621047 0.629622 0.643337 0.662853 0.705516 0.701008 0.710498 0.723763 0.735735 0.74564 0.76068 0.764895 0.766903 0.767975 0.772686 0.758776 0.752115 0.739367 0.727535 0.723991 0.694087 0.673227 0.655295 0.639415 0.629437 0.617824 0.591182 0.580217 0.573133 0.566104 0.562847 0.558889 0.555342 0.551872 0.548008 0.543517 0.538193 0.528121 0.520276 0.511346 0.4954 0.474778 0.463071 0.451106
-9999 -9999 -9999 -9999 -9999 -9999 -9999 -9999 -9999 0.493917 0.494493 0.493585 0.499506 0.504358 0.508638 0.515042 0.52207 0.528404 0.534455 0.540727 0.55005 0.560002 0.570845 0.580409 0.589359 0.610838 0.619747 0.625243 0.638062 0.653663 0.679276 0.694992 0.701073 0.70715 0.716758 0.725422 0.737744 0.739846 0.744072 0.746816 0.743569 0.738682 0.73398 0.721194 0.712352 0.698141 0.684778 0.667463 0.651765 0.635071 0.625752 0.615788 0.588963 0.57781 0.570369 0.561822 0.555838 0.551171 0.547003 0.542834 0.538365 0.533284 0.527499 0.520861 0.513342 0.505038 0.496131 0.479745 0.4639 0.452936
-9999 -9999 -9999 -9999 -9999 -9999 -9999 -9999 -9999 0.487489 0.49033 0.489833 0.491205 0.498851 0.502449 0.507055 0.514452 0.521574 0.528512 0.534506 0.544689 0.555974 0.567194 0.580274 0.588956 0.596247 0.61304 0.62029 0.632466 0.647048 0.666981 0.676549 0.683056 0.690667 0.69862 0.70617 0.712646 0.716396 0.719599 0.719062 0.718709 0.718273 0.712696 0.702082 0.697506 0.685879 0.672042 0.661205 0.6443 0.629915 0.622619 0.597133 0.583155 0.572459 0.563246 0.556057 0.550234 0.544816 0.54021 0.535595 0.530766 0.525531 0.519704 0.513296 0.506185 0.498834 0.491126 0.486507 0.460583 0.450448
-9999 -9999 -9999 -9999 -9999 -9999 -9999 -9999 -9999 0.480895 0.483446 0.483427 0.486279 0.492942 0.495858 0.498657 0.505033 0.512493 0.518576 0.526085 0.535972 0.546841 0.558889 0.569447 0.584012 0.589172 0.60769 0.61485 0.624849 0.64397 0.656094 0.663204 0.669719 0.677125 0.681537 0.687551 0.692858 0.699582 0.702211 0.699956 0.697557 0.694054 0.691209 0.683417 0.676821 0.668026 0.658686 0.650624 0.636687 0.624922 0.600802 0.587002 0.575333 0.565456 0.556735 0.549863 0.54351 0.53752 0.532485 0.527561 0.522535 0.517197 0.511509 0.505486 0.49892 0.492673 0.486741 0.481952 0.459668 0.447267
-9999 -9999 -9999 -9999 -9999 -9999 -9999 -9999 -9999 0.476601 0.477726 0.478126 0.482494 0.489036 0.488272 0.489994 0.495948 0.502599 0.509385 0.519965 0.526006 0.533777 0.545565 0.560097 0.576102 0.585527 0.591548 0.609427 0.618729 0.638415 0.64973 0.657236 0.661061 0.6645 0.666686 0.670738 0.675655 0.684349 0.691818 0.6874 0.681145 0.676851 0.672177 0.668798 0.662039 0.654415 0.64782 0.628328 0.631069 0.619081 0.5916 0.57988 0.568195 0.557815 0.551018 0.54384 0.535878 0.529219 0.52392 0.518786 0.513615 0.508345 0.502855 0.497379 0.49157 0.485695 0.48331 0.478933 0.465907 0.443232
-9999 -9999 -9999 -9999 -9999 -9999 -9999 -9999 -9999 0.473209 0.475375 0.47525 0.479126 0.48094 0.480138 0.48267 0.486862 0.492721 0.499323 0.507583 0.515415 0.524986 0.537167 0.551684 0.567617 0.581918 0.590255 0.605515 0.600364 0.632135 0.643272 0.648084 0.650695 0.650163 0.651674 0.655549 0.659076 0.66224 0.667748 0.672903 0.670486 0.663677 0.661324 0.658301 0.649685 0.642271 0.636514 0.629705 0.621177 0.597056 0.584607 0.573536 0.561587 0.549104 0.540843 0.533991 0.525954 0.520038 0.514539 0.509244 0.504111 0.498969 0.493745 0.488613 0.483662 0.480742 0.477192 0.47446 0.468352 0.43682
-9999 -9999 -9999 -9999 -9999 -9999 -9999 -9999 -9999 0.471247 0.471566 0.471047 0.470718 0.470523 0.471014 0.476213 0.479101 0.484856 0.489419 0.496186 0.504931 0.514383 0.526209 0.542659 0.558526 0.575591 0.584158 0.586613 0.611947 0.623726 0.638054 0.638926 0.638427 0.637769 0.639163 0.645835 0.645738 0.647539 0.649797 0.652584 0.656195 0.652821 0.652723 0.647519 0.639028 0.631249 0.623932 0.617185 0.597364 0.587284 0.575646 0.565365 0.553594 0.541871 0.530914 0.523184 0.516014 0.509951 0.50435 0.499045 0.494003 0.489143 0.484393 0.479768 0.477204 0.474953 0.47136 0.468286 0.462818 0.442617
