Test_Spring_2018/03_18/Temp/20180301_022.txt
ncols	170
nrows	115
xllcorner	350000.000000
yllcorner	4445000.000000
cellsize	1000.000000
nodata_value	-9999.000000
[rows 31 to 61 of 115, columns 71 to 141 of 170]
8.54436 8.7513 8.31464 8.34065 9.3312 9.53767 9.50663 9.40159 9.28943 8.79377 8.61716 8.22326 7.54184 7.24694 6.04748 2.20505 3.27227 3.67998 2.55476 3.15827 4.15038 3.25668 0.635757 -0.502356 -2.32581 -1.77283 -2.33469 -3.80601 -9999 -9999 -9999 -9999 -9999 -9999 -9999 -9999 -9999 -9999 -9999 -9999 -9999 -9999 -9999 -9999 -9999 -9999 -9999 -9999 -9999 -9999 -9999 -9999 -9999 -9999 -9999 -9999 -9999 -9999 -9999 -9999 -9999 -9999 -9999 -9999 -9999 -9999 -9999 -9999 -9999 -9999 -9999
8.33577 8.29415 7.87294 8.4831 9.04359 8.67144 8.42342 9.35595 9.3397 9.00008 8.22424 7.9293 7.62409 7.4308 6.44021 3.69018 1.20952 2.51401 2.52931 1.60019 3.22172 2.34078 0.0683293 -3.13309 -1.41762 -1.88427 -4.16239 -4.735 -9999 -9999 -9999 -9999 -9999 -9999 -9999 -9999 -9999 -9999 -9999 -9999 -9999 -9999 -9999 -9999 -9999 -9999 -9999 -9999 -9999 -9999 -9999 -9999 -9999 -9999 -9999 -9999 -9999 -9999 -9999 -9999 -9999 -9999 -9999 -9999 -9999 -9999 -9999 -9999 -9999 -9999 -9999
7.98993 7.76176 7.5716 8.48621 8.45062 8.37521 8.69271 9.26651 9.36771 9.2255 8.87809 8.57519 8.25402 7.46384 6.33306 3.97722 1.15584 0.503487 1.86033 1.91011 2.11468 1.31022 0.303872 -1.26141 -0.00899703 0.467437 -1.03595 -2.99634 -4.25951 -9999 -9999 -9999 -9999 -9999 -9999 -9999 -9999 -9999 -9999 -9999 -9999 -9999 -9999 -9999 -9999 -9999 -9999 -9999 -9999 -9999 -9999 -9999 -9999 -9999 -9999 -9999 -9999 -9999 -9999 -9999 -9999 -9999 -9999 -9999 -9999 -9999 -9999 -9999 -9999 -9999 -9999
7.4623 7.12479 6.20599 6.75075 7.15578 7.91859 8.10444 8.20535 9.29947 9.22473 9.15736 8.66743 8.27242 7.62837 6.53955 4.99611 3.141 -0.0771753 1.88104 3.41086 3.35501 3.25405 2.54399 1.03934 2.26808 2.31009 0.394685 -1.7784 -3.06475 -3.60649 -9999 -9999 -9999 -9999 -9999 -9999 -9999 -9999 -9999 -9999 -9999 -9999 -9999 -9999 -9999 -9999 -9999 -9999 -9999 -9999 -9999 -9999 -9999 -9999 -9999 -9999 -9999 -9999 -9999 -9999 -9999 -9999 -9999 -9999 -9999 -9999 -9999 -9999 -9999 -9999 -9999
6.72496 6.39925 5.28044 5.82856 6.56546 7.61234 8.14636 8.5468 8.86293 9.1857 9.12992 8.629 7.18031 6.95983 6.8819 5.86688 3.75421 1.64419 1.08547 3.42758 4.08616 3.93208 4.44216 3.16481 3.74395 3.48299 2.79455 0.701876 -1.20912 -2.00885 -3.57293 -9999 -9999 -9999 -9999 -9999 -9999 -9999 -9999 -9999 -9999 -9999 -9999 -9999 -9999 -9999 -9999 -9999 -9999 -9999 -9999 -9999 -9999 -9999 -9999 -9999 -9999 -9999 -9999 -9999 -9999 -9999 -9999 -9999 -9999 -9999 -9999 -9999 -9999 -9999 -9999
-9999 -9999 -9999 4.58008 5.58912 6.42361 7.4452 8.32321 8.75696 9.17791 9.12715 8.14183 7.65185 7.59466 6.92424 5.75499 5.01504 3.68046 2.29053 2.79862 4.7932 3.88176 5.28983 5.15233 5.39721 4.42769 2.60835 0.17825 -1.24662 -1.96396 -3.23463 -9999 -9999 -9999 -9999 -9999 -9999 -9999 -9999 -9999 -9999 -9999 -9999 -9999 -9999 -9999 -9999 -9999 -9999 -9999 -9999 -9999 -9999 -9999 -9999 -9999 -9999 -9999 -9999 -9999 -9999 -9999 -9999 -9999 -9999 -9999 -9999 -9999 -9999 -9999 -9999
-9999 -9999 -9999 -9999 5.41018 6.04266 7.416 8.11409 8.39022 9.07893 9.06509 8.68233 8.38951 7.97144 7.42999 6.54731 5.57488 4.31866 4.18737 5.4572 5.45619 5.17037 5.36447 6.00827 5.81675 4.32457 1.76679 0.404931 -2.34917 -3.53644 -3.43325 -4.27945 -9999 -9999 -9999 -9999 -9999 -9999 -9999 -9999 -9999 -9999 -9999 -9999 -1.31522 -9999 -9999 -9999 -9999 -9999 -9999 -9999 -9999 -9999 -9999 -9999 -9999 -9999 -9999 -9999 -9999 -9999 -9999 -9999 -9999 -6.67741 -9999 -9999 -9999 -9999 -9999
-9999 -9999 -9999 5.31048 6.16146 6.82102 7.67612 7.74356 8.24452 9.03891 9.03552 8.75977 8.45006 7.77269 7.59304 7.08378 6.02937 5.80057 6.20476 6.38172 6.58435 6.70242 6.57529 6.29012 5.92663 4.96059 3.76295 2.95355 0.436893 -0.843356 -2.06804 -3.91286 -5.35953 -9999 -9999 -9999 -9999 -9999 -9999 -9999 -2.1957 -2.2799 -2.26378 -1.87918 -0.788594 -1.4556 -9999 -9999 -9999 -9999 -9999 -9999 -9999 -9999 -9999 -9999 -9999 -9999 -9999 -9999 -9999 -9999 -9999 -9999 -9999 -5.66895 -7.12769 -9999 -9999 -9999 -9999
-9999 -9999 -9999 5.55359 6.45034 6.89051 7.72078 8.18942 8.48808 8.75375 9.00701 8.94696 8.60603 8.09509 8.08278 7.38394 6.99953 6.72011 7.27259 7.36808 7.12245 6.81858 6.54773 5.81374 5.71321 5.46405 4.69736 3.45023 2.16578 0.315349 -2.18335 -4.63392 -6.61357 -9999 -9999 -9999 -9999 -9999 -9999 -1.96478 -1.06133 -0.526655 -1.71438 -0.730096 0.16809 0.0054534 -0.900786 -9999 -9999 -9999 -9999 -9999 -9999 -9999 -9999 -9999 -9999 -9999 -9999 -9999 -9999 1.24013 -0.254068 -3.25423 -4.80134 -5.73729 -7.06567 -9999 -9999 -9999 -9999
-9999 -9999 -9999 5.38011 6.44226 7.15705 7.79003 7.87881 8.52787 8.80055 8.9299 8.89817 8.81868 8.71227 8.10074 7.82861 6.91143 7.75709 7.70761 7.47226 6.59107 6.19901 4.69821 4.02777 3.86579 5.09514 4.15565 2.21351 -0.209794 -3.11814 -3.32627 -4.29925 -6.07031 -9999 -9999 -9999 -9999 -9999 -9999 -1.67174 -0.704294 0.100428 0.203614 -0.977175 0.631608 0.550252 -0.376145 -0.599524 0.129061 0.490172 0.190314 1.0595 1.30394 0.886154 1.31067 -9999 -9999 -9999 -9999 1.4898 1.53193 1.55903 0.925678 -2.35039 -4.59416 -6.61128 -6.81673 -9999 -9999 -9999 -9999
-9999 -9999 -9999 6.13349 6.78162 7.10209 7.14166 7.70864 8.27438 8.61546 8.86175 8.79468 8.75874 8.72125 8.5021 8.0127 8.08189 8.02704 7.73363 6.07203 4.13521 4.95398 3.79658 1.34218 3.30542 4.37612 3.31374 0.963821 -1.75799 -2.66068 -2.64352 -3.99026 -5.71815 -9999 -9999 -9999 -4.30465 -2.91204 -2.80525 -2.40592 -1.11014 -0.128408 0.607395 1.10307 1.07219 0.511668 -0.394971 -1.37891 -1.05132 0.671024 1.07842 1.41344 1.66748 1.27864 1.45718 1.90629 2.13056 2.16301 2.03695 1.99486 2.01531 1.94179 1.34945 -1.58273 -3.26962 -4.35317 -6.51778 -9999 -9999 -9999 -9999
-9999 -9999 -9999 5.72521 6.2869 6.7392 7.4979 7.56549 8.04219 8.3189 8.73601 8.77055 8.24922 8.65341 8.5842 8.49032 8.30807 8.04797 6.64286 4.71223 2.77653 1.87306 2.23471 0.749319 1.48396 2.56897 2.14831 0.69938 -1.72744 -2.08427 -2.66176 -4.91792 -7.08781 -9999 -9999 -7.01276 -4.32621 -2.4392 -1.47351 -1.18537 -1.17225 0.0688571 0.15116 1.48828 1.1564 -0.653731 -0.469522 -1.18331 -0.749101 -0.128773 0.0296129 0.929047 1.792 1.94301 1.9313 2.21173 2.25678 2.25636 2.23216 2.01445 2.08877 2.08478 1.70837 -0.421796 -1.47072 -2.62501 -6.47939 -9999 -9999 -9999 -9999
-9999 -9999 -9999 6.02677 6.65649 7.34782 7.44749 7.95631 7.88719 7.72406 8.43981 8.69107 8.31894 8.04676 8.50645 8.45802 8.37889 8.25838 6.93682 5.40968 3.10646 1.66826 0.783675 0.148565 -0.694813 -0.146646 -0.338099 -0.588294 -0.338807 -1.01853 -2.35767 -3.68409 -6.15358 -7.49543 -9999 -6.85922 -5.65542 -3.40814 -1.50077 -0.295887 -0.750983 0.662498 0.911235 1.72083 1.21994 0.113122 -0.37214 -0.430731 -0.590305 0.356078 0.987284 1.42663 1.71627 2.07807 2.15944 2.24121 2.26621 2.27238 2.27839 2.25654 2.2314 2.17051 2.01726 1.0273 -0.019915 -2.26058 -6.3436 -9999 -9999 -9999 -9999
-9999 -9999 4.17013 5.95989 7.02641 7.43025 7.71784 7.96984 8.1485 8.33671 8.51125 8.62791 8.5567 7.59464 7.65707 7.81186 8.33359 8.27844 8.14318 7.30005 4.50126 3.52343 2.09968 0.262466 -0.516914 -0.155499 1.31699 1.23251 0.227707 -0.889781 -2.42846 -3.4132 -4.93279 -7.83604 -7.59244 -6.30849 -5.35708 -3.83477 -1.49973 0.132249 0.851422 1.11278 1.67649 1.96108 1.27946 0.627988 0.345193 -0.163904 -0.250053 -0.262805 0.302746 0.739062 1.73353 2.05774 2.19516 2.25929 2.28661 2.30194 2.31628 2.31007 2.27317 2.256 2.2292 2.1386 0.750698 -2.69337 -5.29615 -9999 -9999 -9999 -9999
-9999 -9999 -9999 5.63305 6.0936 6.20314 6.40638 6.83815 7.3384 8.05309 8.13319 8.52092 8.50457 7.67285 6.71494 7.52105 7.83127 8.15277 8.1455 8.02125 5.66623 4.42528 3.44414 1.68159 2.29105 2.87 2.89706 2.51853 0.384212 -1.74121 -4.18971 -6.47719 -6.60239 -7.84098 -7.21133 -6.3685 -4.17992 -2.64442 -2.03123 -1.59547 0.778156 1.38402 1.58015 2.17512 1.32393 1.09322 0.449204 0.618742 0.547282 0.534564 -1.21832 0.506991 0.594661 1.71463 2.2101 2.30896 2.32546 2.34363 2.33306 2.323 2.3004 2.29372 2.25786 2.21842 1.30907 -3.05173 -5.25586 -9999 -9999 -9999 -9999
-9999 -9999 -9999 -9999 -9999 5.76113 6.10954 6.32796 6.71667 7.93648 8.25529 8.46249 8.46744 8.08912 7.14026 6.87911 7.0342 6.10653 6.85098 7.87604 7.83168 7.68652 5.6135 4.54319 5.54177 5.21382 3.65124 2.41785 1.20061 -1.28485 -3.10945 -5.72863 -7.69939 -7.78945 -5.64911 -3.87441 -1.65956 -0.691087 -1.26714 -0.676328 0.494428 1.82634 2.46171 2.29123 1.39485 1.25229 0.268413 1.20189 1.26673 0.808565 0.410656 0.545907 1.09218 1.29131 2.16435 2.36433 2.38648 2.37805 2.3659 2.34555 2.32313 2.2936 2.26517 2.23295 2.17254 -2.30959 -5.80558 -9999 -9999 -9999 -9999
-9999 -9999 -9999 -9999 -9999 4.91163 5.11824 5.68521 7.16373 7.93041 8.23248 8.20817 8.34032 8.06937 7.23314 6.37448 5.56324 4.52102 5.09045 6.62448 7.52104 7.60637 5.78683 6.70434 6.33461 5.62434 3.58637 2.07987 1.27295 -1.11394 -3.16041 -4.90863 -7.31572 -6.30971 -5.19986 -3.76952 -1.35187 0.274407 0.933124 0.350967 1.09369 2.62886 2.621 1.7558 1.79429 1.25803 -0.0802923 1.27868 1.64933 1.3211 1.38612 1.25295 1.44676 1.81251 2.16184 2.38907 2.40659 2.39465 2.37089 2.35392 2.33716 2.30169 2.28392 2.25165 2.20861 -0.691874 -5.86355 -9999 -9999 -9999 -9999
-9999 -9999 -9999 -9999 -9999 -9999 4.12482 5.4367 7.40389 7.88067 7.82219 8.21759 8.23901 7.83065 7.47379 6.43478 5.02019 2.31691 2.98428 4.395 6.43657 7.5005 7.33561 6.71381 5.64878 3.09866 0.864825 0.577601 0.197048 -1.54965 -3.12974 -5.07147 -3.97295 -2.76775 -1.44744 -0.761233 -0.959474 0.431746 1.56302 1.06002 1.97481 3.04452 2.53558 2.22776 1.96673 1.34999 1.29715 1.34298 2.10785 1.55127 1.86765 1.85927 1.82545 1.99568 2.19399 2.40303 2.4245 2.40941 2.39713 2.35444 2.34614 2.31502 2.28333 2.25206 2.21228 1.93105 -0.866298 -2.54451 -9999 -9999 -9999
-9999 -9999 -9999 -9999 -9999 -9999 2.90864 3.55571 5.88797 6.59739 7.62034 8.15696 8.16833 7.4886 7.10299 5.56236 5.05172 2.55005 1.40772 2.34512 1.96154 4.77935 7.27049 6.70485 1.61993 -0.233606 -1.56077 -1.24267 -1.25727 -1.75607 -4.43362 -5.18378 -2.8185 -1.33508 -0.189202 0.676303 0.84403 0.797879 2.57643 2.79872 3.36554 3.22249 3.26007 2.33768 1.76055 2.2308 1.64932 1.53637 2.32712 1.51636 2.21949 2.11794 1.8871 1.86091 2.31957 2.40045 2.43571 2.42299 2.38841 2.34798 2.31674 2.31395 2.28797 2.24227 2.22364 2.1775 1.82255 0.366719 -0.155676 0.37931 -9999
-9999 -9999 -9999 -9999 -9999 -9999 -9999 1.37464 4.62127 6.09565 6.8645 7.95265 8.07139 7.70349 7.04692 5.4776 4.09525 1.85723 -0.696877 -2.05848 1.94634 5.42932 7.23833 6.97903 2.74338 1.06068 0.96537 1.92772 1.08296 0.438271 -1.60058 -2.22149 -3.07771 -2.57655 -0.97264 0.333981 1.59418 2.50609 2.56591 3.15204 3.48134 3.49337 3.58526 3.46226 3.35887 2.4653 3.05265 2.52392 2.77977 2.58881 2.41512 2.26246 1.74723 2.08563 2.38363 2.44918 2.45795 2.42324 2.40263 2.37267 2.32608 2.29407 2.27332 2.25108 2.21529 2.19492 2.15437 1.9727 1.08871 -0.0875028 -1.5678
-9999 -9999 -9999 -9999 -9999 -9999 -9999 -0.247457 2.98306 4.53106 6.52972 7.55289 7.9578 7.88748 7.35248 6.1563 4.36328 2.86656 0.0173053 -2.94094 1.26344 5.00641 7.01806 7.10758 3.54465 4.50913 3.69717 3.99988 2.52867 1.90755 1.41287 0.352373 -0.805535 -2.06995 -2.74716 0.206911 1.716 2.92733 3.49001 3.80105 3.94818 3.84457 3.60399 2.26841 3.25753 3.18425 3.0675 2.93625 2.86448 2.74439 2.60596 2.51671 2.47571 2.12846 2.48957 2.46441 2.4537 2.4394 2.41313 2.37752 2.34379 2.3057 2.28757 2.25394 2.22143 2.19259 2.16317 2.13187 2.06385 1.8141 -0.166643
-9999 -9999 -9999 -9999 -9999 -9999 -9999 -4.80051 -0.0942485 3.68669 5.65341 7.25024 7.67845 7.82888 7.11615 6.57894 5.28913 4.06653 2.18885 -0.615703 -2.3493 0.793977 5.37148 7.04684 6.8958 6.77198 5.83617 4.99128 4.8695 4.9146 3.93442 2.51585 0.665502 0.076208 -0.582919 1.61311 1.89691 1.71898 4.13524 4.12446 3.96981 3.02266 1.9649 2.14626 1.48356 1.95775 1.17211 1.86254 2.4573 2.66941 2.63454 2.53638 2.51094 2.4587 2.50682 2.48985 2.4633 2.43896 2.41802 2.39191 2.3462 2.31225 2.30414 2.26596 2.23247 2.19606 2.16959 2.14395 2.08849 2.03637 1.71489
-9999 -9999 -9999 -9999 -9999 -9999 -9999 -4.5883 -0.633609 2.71941 4.72317 6.65033 7.0858 7.72591 7.56893 7.00686 5.88353 4.48379 2.93551 0.527092 -1.26751 0.829362 3.86226 6.02935 6.79382 6.76703 6.69688 6.47181 6.37081 6.1118 5.92206 4.89871 3.14903 2.15366 0.704841 3.15397 3.4141 3.01189 4.22593 4.14764 2.27014 0.822737 0.627858 1.4848 0.638045 0.471891 -0.0632525 0.504273 2.05331 1.58049 1.65451 2.34686 2.44783 2.5048 2.50897 2.48795 2.46837 2.43991 2.42507 2.40983 2.36462 2.33395 2.3094 2.26385 2.23951 2.20158 2.16338 2.12769 2.08877 2.03975 1.93423
-9999 -9999 -9999 -9999 -9999 -9999 -9999 -4.49772 -1.84684 1.16886 4.1267 6.18555 7.00682 7.60047 7.57824 6.92732 6.36074 5.4771 4.11295 3.17178 1.55007 -0.66936 3.00528 4.11945 5.11136 5.52162 6.55726 6.51388 6.01367 5.43302 5.9357 5.76442 4.37672 3.9091 3.13127 4.48593 4.47245 4.41769 4.32747 2.73863 0.536682 -1.22666 0.0136609 -0.265582 0.295512 -1.51238 -0.0568817 1.11016 1.47753 0.655336 0.0420314 1.87015 2.15767 2.32339 2.42377 2.48413 2.44936 2.45178 2.42427 2.40192 2.37869 2.34523 2.31765 2.28328 2.24822 2.21276 2.17671 2.13607 2.09089 2.0693 2.00079
-9999 -9999 -9999 -9999 -9999 -9999 -9999 -9999 -3.41384 0.410364 3.8253 5.71957 6.90494 7.47421 7.44756 7.10669 6.71656 6.16225 5.17339 3.93534 1.98863 0.538982 1.43113 2.5225 2.62882 3.34919 5.47159 6.18508 5.13142 2.55103 4.04433 5.71333 5.66872 5.50773 5.3298 5.10503 4.90258 4.4796 3.37481 0.0248373 -0.645959 -1.97008 -1.83802 -2.52535 -1.0762 -1.64459 -0.156304 0.47918 0.708661 -0.69968 -0.42325 1.19325 1.82417 1.70043 2.08143 2.44306 2.43929 2.4338 2.40743 2.39881 2.38475 2.36107 2.32752 2.29704 2.2696 2.21926 2.19771 2.05444 1.95455 1.77199 1.95485
-9999 -9999 -9999 -9999 -9999 -9999 -9999 -9999 -4.17601 -0.357103 3.66726 4.94863 6.22763 7.32925 7.33492 6.82247 6.33417 5.83155 5.26147 3.76341 2.3101 0.921739 0.444315 0.703407 0.662238 1.83865 4.60918 5.13154 4.88386 2.18853 1.26551 3.50107 5.37726 5.50925 5.3206 3.07559 3.53342 2.31477 0.667987 0.202813 -0.527184 -2.05146 -1.34214 -2.46307 -2.00606 -2.15278 -1.31513 -0.915279 0.0842562 -1.1453 -1.15773 0.428942 1.22249 1.22659 2.06034 2.34724 2.41048 2.41422 2.41219 2.39933 2.39601 2.3713 2.3417 2.30784 2.24972 2.13525 1.81821 0.181307 0.164569 0.588327 0.988436
-9999 -9999 -9999 -9999 -9999 -9999 -9999 -9999 -3.72866 -1.08358 2.48538 5.12489 5.27573 6.55068 7.20092 6.64504 6.02109 5.38299 5.09465 3.4658 1.67811 0.230414 -1.48017 -1.21828 -0.0194431 1.94954 3.7331 4.03779 3.64822 2.19461 2.85479 4.37398 5.17268 5.39623 5.18992 4.68781 4.39066 3.48886 3.08864 1.84277 -0.0958986 -0.869481 -0.406469 -2.46358 -2.33748 -1.59942 -2.42145 -1.11663 -0.500876 -2.08384 -0.859518 0.543828 1.2534 1.87178 2.15601 2.25961 2.42705 2.41569 2.41481 2.40677 2.38748 2.37059 2.3238 2.28191 2.09321 1.82298 0.302022 -0.349946 -0.245533 0.430857 1.0209
-9999 -9999 -9999 -9999 -9999 -9999 -9999 -9999 -3.27142 -0.89164 2.20063 4.07781 4.4004 5.81592 7.07276 6.91421 6.26566 6.05665 5.3849 4.00095 2.47397 0.80643 -0.0129743 -1.87488 -0.075562 1.34148 2.84933 3.54558 2.34779 1.73886 2.76947 3.79404 4.19308 5.2282 5.20138 4.84177 3.3469 2.6095 2.89762 2.57144 2.01263 0.673054 0.597638 -0.268779 -0.637322 -0.986344 -2.08738 -1.41506 -1.36277 -1.19425 0.280655 1.00319 1.47682 1.90618 2.007 2.18457 2.41977 2.42566 2.41833 2.4007 2.38874 2.35341 2.26486 2.18734 1.82556 1.19835 0.0430683 -1.82607 -0.544703 0.796033 1.17909
-9999 -9999 -9999 -9999 -9999 -9999 -9999 -9999 -3.67596 -1.14704 1.49331 2.58778 2.76011 5.33497 6.90523 6.89158 6.57546 6.20893 4.57399 4.65235 4.31196 2.80611 0.620264 -1.77881 -1.57237 -0.171504 1.82361 2.47292 0.505221 -0.200279 0.289119 1.84714 3.24009 4.69534 5.05248 4.60388 2.28623 -0.175636 0.941993 2.13734 2.11417 1.74218 0.498654 0.0925431 -0.27666 -1.18843 -2.7247 -2.51975 -2.11483 -0.43964 0.0801297 0.892105 1.56374 1.28818 1.42369 2.06552 2.42685 2.42479 2.41512 2.41102 2.38566 2.34627 2.18687 2.0189 1.74846 0.141636 -0.864294 -2.3264 -0.673289 0.235036 0.703638
-9999 -9999 -9999 -9999 -9999 -9999 -9999 -9999 -4.46017 -2.62955 -0.106708 0.900292 2.51628 4.94854 6.1365 6.69739 6.66821 6.4184 5.67715 5.22482 4.34953 2.78375 0.64883 -1.72253 -3.27225 -2.5101 0.179648 0.8032 -1.0126 -1.94334 -0.822349 0.83919 3.30762 4.7108 4.8858 4.7407 4.24958 2.44773 0.274217 0.265097 1.33052 0.40892 -0.659569 -0.0973464 -0.220878 -1.12136 -1.78084 -2.19447 -1.96778 -1.01977 -0.636667 0.303833 1.69972 1.88577 1.82947 2.40777 2.42125 2.41879 2.42479 2.40752 2.38536 2.35067 2.21761 1.94042 0.865293 -0.0746098 -1.37552 -1.55186 -0.0888071 0.540216 1.1258
-9999 -9999 -9999 -9999 -9999 -9999 -9999 -9999 -5.81302 -3.65648 -1.29432 0.916432 3.00713 4.80421 4.92792 5.86792 5.85021 6.33481 6.17466 5.48625 4.74645 3.39507 0.657382 -1.64742 -4.15956 -3.51881 -0.773507 -0.433947 -1.65487 -3.89605 -1.61645 0.899291 3.17781 4.40358 3.41269 4.39438 4.29576 3.61027 2.30972 0.296744 0.318095 -1.19452 -1.27601 -0.523979 -0.290957 -0.435354 -0.934478 -1.7257 -1.61227 -1.04396 -0.910985 -0.0480113 1.03119 2.08592 2.24964 2.43766 2.43015 2.41714 2.4174 2.40301 2.36404 2.29246 2.15411 1.25023 0.178376 -0.488644 -1.40025 -1.52626 0.16742 0.82793 1.1884
