Test_Spring_2018/03_18/Temp/20180305_000.txt
ncols	170
nrows	115
xllcorner	350000.000000
yllcorner	4445000.000000
cellsize	1000.000000
nodata_value	-9999.000000
[rows 32 to 63 of 115, columns 72 to 143 of 170]
10.3439 9.9979 10.5264 11.0128 10.7085 10.512 11.3149 11.3121 11.0351 10.3881 10.1489 9.901 9.74794 8.91882 6.59783 4.50525 5.62221 5.64606 4.86912 6.25495 5.51888 3.60292 0.89925 2.3647 1.97986 0.0615228 -0.409962 -9999 -9999 -9999 -9999 -9999 -9999 -9999 -9999 -9999 -9999 -9999 -9999 -9999 -9999 -9999 -9999 -9999 -9999 -9999 -9999 -9999 -9999 -9999 -9999 -9999 -9999 -9999 -9999 -9999 -9999 -9999 -9999 -9999 -9999 -9999 -9999 -9999 -9999 -9999 -9999 -9999 -9999 -9999 -9999 -9999
9.89626 9.74612 10.5327 10.5137 10.4599 10.7441 11.2428 11.3397 11.2301 10.9465 10.7006 10.4392 9.78003 8.83209 6.84538 4.46393 3.92165 5.08303 5.13613 5.32049 4.64927 3.80687 2.49055 3.56341 3.97829 2.71693 1.06885 0.0106348 -9999 -9999 -9999 -9999 -9999 -9999 -9999 -9999 -9999 -9999 -9999 -9999 -9999 -9999 -9999 -9999 -9999 -9999 -9999 -9999 -9999 -9999 -9999 -9999 -9999 -9999 -9999 -9999 -9999 -9999 -9999 -9999 -9999 -9999 -9999 -9999 -9999 -9999 -9999 -9999 -9999 -9999 -9999 -9999
9.35993 8.59191 9.0649 9.41944 10.0791 10.2502 10.3468 11.2856 11.2333 11.1872 10.7828 10.4588 9.92365 9.01133 7.71352 6.15142 3.43353 5.10483 6.41289 6.37644 6.30174 5.71058 4.4457 5.49854 5.54513 3.93721 2.10803 1.02847 0.580266 -9999 -9999 -9999 -9999 -9999 -9999 -9999 -9999 -9999 -9999 -9999 -9999 -9999 -9999 -9999 -9999 -9999 -9999 -9999 -9999 -9999 -9999 -9999 -9999 -9999 -9999 -9999 -9999 -9999 -9999 -9999 -9999 -9999 -9999 -9999 -9999 -9999 -9999 -9999 -9999 -9999 -9999 -9999
8.7485 7.81085 8.28667 8.92259 9.8241 10.2881 10.6402 10.9193 11.2041 11.1679 10.7542 9.53686 9.3609 9.30579 8.45608 6.6756 4.89736 4.4345 6.43131 7.00064 6.8809 7.32435 6.25223 6.75431 6.54408 5.9745 4.21518 2.60661 1.93981 0.62489 -9999 -9999 -9999 -9999 -9999 -9999 -9999 -9999 -9999 -9999 -9999 -9999 -9999 -9999 -9999 -9999 -9999 -9999 -9999 -9999 -9999 -9999 -9999 -9999 -9999 -9999 -9999 -9999 -9999 -9999 -9999 -9999 -9999 -9999 -9999 -9999 -9999 -9999 -9999 -9999 -9999 -9999
-9999 -9999 7.23174 8.10095 8.82105 9.69726 10.4544 10.8333 11.2014 11.1695 10.3451 9.94075 9.90332 9.34587 8.3654 7.74891 6.62819 5.46051 5.90222 7.60436 6.84244 8.04733 7.94174 8.16045 7.34951 5.82295 3.77557 2.57945 1.98267 0.916699 -9999 -9999 -9999 -9999 -9999 -9999 -9999 -9999 -9999 -9999 -9999 -9999 -9999 -9999 -9999 -9999 -9999 -9999 -9999 -9999 -9999 -9999 -9999 -9999 -9999 -9999 -9999 -9999 -9999 -9999 -9999 -9999 -9999 -9999 -9999 -9999 -9999 -9999 -9999 -9999 -9999 -9999
-9999 -9999 -9999 7.95281 8.50163 9.67742 10.2808 10.5261 11.1213 11.1208 10.8074 10.5703 10.2269 9.77884 9.04139 8.2278 7.17352 7.07306 8.16065 8.17067 7.93922 8.11477 8.6717 8.52043 7.26913 5.1137 3.97044 1.64911 0.654017 0.753147 0.0472607 -9999 -9999 -9999 -9999 -9999 -9999 -9999 -9999 -9999 -9999 -9999 -9999 2.7083 -9999 -9999 -9999 -9999 -9999 -9999 -9999 -9999 -9999 -9999 -9999 -9999 -9999 -9999 -9999 -9999 -9999 -9999 -9999 -9999 -1.57725 -9999 -9999 -9999 -9999 -9999 -9999 -9999
-9999 -9999 7.85833 8.5946 9.16513 9.90155 9.96879 10.4063 11.0912 11.0996 10.877 10.6256 10.0624 9.92119 9.50039 8.61729 8.43417 8.78775 8.94863 9.13131 9.24232 9.1455 8.91477 8.61774 7.81447 6.81051 6.13584 4.01511 2.94214 1.91551 0.363022 -0.851891 -9999 -9999 -9999 -9999 -9999 -9999 -9999 1.92141 1.86109 1.88588 2.22321 3.15931 2.60524 -9999 -9999 -9999 -9999 -9999 -9999 -9999 -9999 -9999 -9999 -9999 -9999 -9999 -9999 -9999 -9999 -9999 -9999 -9999 -0.719089 -1.94354 -9999 -9999 -9999 -9999 -9999 -9999
-9999 -9999 8.07134 8.84295 9.2275 9.9429 10.3517 10.6165 10.8531 11.0792 11.0397 10.7618 10.3398 10.3405 9.75895 9.44394 9.21789 9.69717 9.78895 9.5915 9.34473 9.12605 8.51479 8.44079 8.24529 7.60688 6.56122 5.48402 3.9291 1.82237 -0.243571 -1.91026 -9999 -9999 -9999 -9999 -9999 -9999 2.11117 2.88814 3.35243 2.3563 3.20199 3.97482 3.84833 3.09771 -9999 -9999 -9999 -9999 -9999 -9999 -9999 -9999 -9999 -9999 -9999 -9999 -9999 -9999 5.09411 3.83892 1.30694 0.00722724 -0.774069 -1.88792 -9999 -9999 -9999 -9999 -9999 -9999
-9999 -9999 7.92752 8.8394 9.45684 10.005 10.0918 10.6553 10.8965 11.0176 11.0021 10.946 10.867 10.3597 10.1399 9.37316 10.1011 10.0699 9.8811 9.1447 8.82314 7.56156 7.00421 6.88217 7.93624 7.15146 5.51665 3.47398 1.02102 0.857771 0.0448866 -1.4448 -9999 -9999 -9999 -9999 -9999 -9999 2.36446 3.19556 3.88868 3.98701 2.99674 4.372 4.32005 3.5463 3.36883 3.99867 4.31702 4.07653 4.82771 5.04696 4.7046 5.07633 -9999 -9999 -9999 -9999 5.28567 5.33285 5.36739 4.84207 2.07612 0.185708 -1.51229 -1.66931 -9999 -9999 -9999 -9999 -9999 -9999
-9999 -9999 8.56951 9.13035 9.41349 9.45856 9.95091 10.4438 10.7432 10.9682 10.9224 10.903 10.8822 10.7074 10.3033 10.3728 10.3372 10.0993 8.70133 7.07007 7.77546 6.80064 4.73229 6.41049 7.33016 6.44133 4.46094 2.16535 1.41327 1.44107 0.311422 -1.13769 -9999 -9999 -9999 0.106824 1.29872 1.4002 1.74966 2.8592 3.70248 4.33357 4.7647 4.75171 4.29089 3.5339 2.71155 3.00142 4.47404 4.83173 5.13132 5.35872 5.04088 5.20669 5.5989 5.80037 5.83912 5.74348 5.7191 5.74786 5.69709 5.20661 2.72969 1.31149 0.405159 -1.40899 -9999 -9999 -9999 -9999 -9999 -9999
-9999 -9999 8.22969 8.71732 9.11226 9.76934 9.83821 10.2539 10.5014 10.8649 10.9053 10.4743 10.8279 10.7801 10.7114 10.5677 10.358 9.17744 7.55138 5.92112 5.16624 5.48574 4.23783 4.87414 5.80614 5.45673 4.24545 2.20007 1.90987 1.43357 -0.466884 -2.29484 -9999 -9999 -2.19645 0.0927221 1.70377 2.53345 2.78854 2.8104 3.87354 3.9542 5.09899 4.83083 3.31009 3.47812 2.88085 3.26118 3.80321 3.94965 4.72585 5.4707 5.61032 5.61181 5.86086 5.91024 5.921 5.9116 5.73819 5.81254 5.82069 5.5133 3.71912 2.84204 1.87954 -1.37176 -9999 -9999 -9999 -9999 -9999 -9999
-9999 -9999 8.49309 9.03874 9.63656 9.7326 10.1755 10.1257 10.0001 10.6181 10.841 10.5365 10.3165 10.7171 10.6869 10.6306 10.5392 9.4295 8.1456 6.20376 4.99555 4.25828 3.73148 3.03409 3.51127 3.3613 3.16148 3.38529 2.81745 1.69542 0.582946 -1.49868 -2.62468 -9999 -2.06232 -1.03047 0.885978 2.51406 3.54641 3.1712 4.38045 4.60219 5.30142 4.88801 3.96351 3.56743 3.52984 3.4066 4.22106 4.76513 5.15115 5.40852 5.72791 5.80821 5.8887 5.92092 5.93713 5.95322 5.94578 5.93572 5.89559 5.77742 4.95011 4.07756 2.19065 -1.2545 -9999 -9999 -9999 -9999 -9999 -9999
-9999 6.90876 8.43928 9.35541 9.70954 9.96496 10.19 10.3528 10.5247 10.6816 10.7914 10.741 9.936 9.99967 10.1416 10.5948 10.5588 10.455 9.75114 7.38917 6.57246 5.38048 3.83504 3.18792 3.50695 4.76806 4.70889 3.86926 2.93394 1.64237 0.816471 -0.459974 -2.90975 -2.69168 -1.59171 -0.773933 0.527722 2.51837 3.9128 4.53324 4.76555 5.25575 5.50823 4.94478 4.40643 4.17881 3.75931 3.69839 3.6996 4.19103 4.57408 5.42637 5.71279 5.84133 5.90672 5.94078 5.96461 5.98764 5.99336 5.97327 5.97018 5.95925 5.89686 4.73287 1.82916 -0.360752 -9999 -9999 -9999 -9999 -9999 -9999
-9999 -9999 8.16504 8.56746 8.67211 8.85605 9.23356 9.66893 10.2871 10.3656 10.7047 10.7001 10.005 9.20339 9.89754 10.1713 10.4547 10.4594 10.3652 8.38247 7.34251 6.52306 5.04117 5.57182 6.0755 6.11116 5.80277 4.00547 2.21555 0.152471 -1.77544 -1.87013 -2.91057 -2.36512 -1.63926 0.227457 1.54023 2.07083 2.45092 4.47419 4.99959 5.17911 5.69532 4.98546 4.80389 4.2701 4.42611 4.37769 4.37895 2.9045 4.38039 4.46593 5.42657 5.85618 5.95144 5.97617 6.00228 6.00407 6.00645 5.99842 6.00422 5.98719 5.96875 5.21118 1.52736 -0.324417 -9999 -9999 -9999 -9999 -9999 -9999
-9999 -9999 -9999 -9999 8.30043 8.60748 8.80407 9.1448 10.1911 10.4718 10.6577 10.6721 10.3614 9.56649 9.35562 9.49777 8.72197 9.36497 10.2462 10.2208 10.1102 8.36517 7.47148 8.3312 8.06607 6.75395 5.7208 4.70116 2.60594 1.07182 -1.13744 -2.79714 -2.86237 -1.03658 0.478572 2.3675 3.19942 2.72159 3.23315 4.23806 5.37887 5.92928 5.79659 5.04854 4.94176 4.1199 4.92375 4.99093 4.61448 4.28891 4.41641 4.89069 5.07038 5.82128 6.00135 6.03031 6.03375 6.03411 6.02769 6.0198 6.00825 5.99691 5.98287 5.94535 2.15886 -0.788206 -9999 -9999 -9999 -9999 -9999 -9999
-9999 -9999 -9999 -9999 7.58329 7.77011 8.26221 9.52695 10.1889 10.4553 10.4448 10.5668 10.347 9.64799 8.93012 8.25287 7.38026 7.87459 9.18729 9.95986 10.0449 8.51495 9.30694 9.0066 8.41742 6.7023 5.43762 4.7659 2.75422 1.03187 -0.438993 -2.46881 -1.6048 -0.65292 0.570596 2.63112 4.02077 4.5901 4.1076 4.74867 6.06193 6.06707 5.34545 5.39024 4.94967 3.82736 4.99205 5.31855 5.05226 5.11916 5.01895 5.19424 5.51507 5.82175 6.02478 6.04995 6.05015 6.04061 6.03702 6.03479 6.01698 6.01479 6.00084 5.97821 3.53301 -0.834816 -9999 -9999 -9999 -9999 -9999 -9999
-9999 -9999 -9999 -9999 -9999 6.93103 8.05472 9.73374 10.1498 10.1104 10.4556 10.4835 10.1471 9.85454 8.98378 7.79492 5.51378 6.09123 7.29949 9.04308 9.95804 9.83128 9.31816 8.42837 6.27922 4.39806 4.16725 3.85702 2.3881 1.06112 -0.573976 0.368552 1.40132 2.53153 3.12397 2.96645 4.15673 5.12678 4.71135 5.49841 6.41711 5.99751 5.74863 5.53956 5.03082 4.99855 5.04982 5.71059 5.25063 5.5306 5.53611 5.51827 5.67318 5.85168 6.03918 6.06761 6.06515 6.06527 6.04009 6.0447 6.03064 6.01673 6.00374 5.98398 5.75982 3.4053 1.99718 -9999 -9999 -9999 -9999 -9999
-9999 -9999 -9999 -9999 -9999 5.9032 6.46313 8.45164 9.06493 9.94236 10.4072 10.4266 9.86001 9.54343 8.24716 7.82471 5.71472 4.75745 5.56446 5.25181 7.65403 9.77949 9.31406 5.01575 3.45728 2.3449 2.62731 2.62731 2.21642 -0.0412224 -0.666092 1.35042 2.61895 3.60114 4.34554 4.49853 4.46994 5.98897 6.18841 6.68051 6.571 6.61491 5.84502 5.36801 5.781 5.30052 5.21715 5.89984 5.22429 5.83212 5.75856 5.57356 5.56182 5.961 6.03974 6.07982 6.07965 6.06075 6.03754 6.02267 6.03268 6.02366 5.99848 5.99671 5.97192 5.68839 4.46883 4.04059 4.50867 -9999 -9999 -9999
-9999 -9999 -9999 -9999 -9999 -9999 4.61725 7.38103 8.64298 9.30489 10.2373 10.3477 10.0471 9.4998 8.17908 7.01752 5.13112 2.9774 1.83421 5.24265 8.20894 9.75604 9.55039 5.97218 4.55852 4.4906 5.31921 4.61519 4.08048 2.36434 1.84893 1.13372 1.56926 2.94028 4.05904 5.13782 5.92163 5.98335 6.49178 6.78191 6.80398 6.89402 6.80203 6.72676 5.98337 6.49396 6.05801 6.28708 6.13701 6.00129 5.88437 5.45814 5.75548 6.01837 6.08408 6.10292 6.08339 6.07637 6.06209 6.03443 6.01937 6.01481 6.00953 5.99318 5.9902 5.97324 5.83397 5.09903 4.11603 2.87483 -9999 -9999
-9999 -9999 -9999 -9999 -9999 -9999 3.24555 5.99563 7.32009 9.02477 9.90307 10.2579 10.2075 9.76337 8.75911 7.2494 5.99159 3.58762 1.09184 4.66882 7.85462 9.57351 9.66264 6.65573 7.48659 6.8109 7.08007 5.84475 5.32989 4.92305 4.03479 3.06367 2.00301 1.4402 3.95503 5.24488 6.2826 6.77075 7.04598 7.18264 7.10544 6.91361 5.79347 6.64458 6.59676 6.51026 6.41129 6.36249 6.27244 6.16652 6.1034 6.07924 5.79516 6.11303 6.1029 6.10342 6.10129 6.08955 6.07053 6.0538 6.03404 6.03058 6.01603 6.00238 5.9921 5.98452 5.97259 5.92935 5.73175 4.06606 3.0683 2.78605
-9999 -9999 -9999 -9999 -9999 -9999 -0.611138 3.39025 6.6098 8.28718 9.65363 10.0259 10.1629 9.56816 9.12277 8.03979 7.01446 5.43429 3.06877 1.61179 4.28895 8.18373 9.61572 9.5017 9.40963 8.62879 7.92474 7.8335 7.88342 7.06493 5.87463 4.31602 3.82849 3.27953 5.15165 5.4026 5.2624 7.32229 7.32466 7.20543 6.41454 5.52795 5.69413 5.14442 5.5608 4.90706 5.50471 6.021 6.21254 6.19437 6.12376 6.11537 6.08099 6.13389 6.12904 6.11626 6.10574 6.09862 6.08771 6.06082 6.04454 6.05073 6.03023 6.01561 5.99927 5.9941 5.98674 5.95393 5.92369 5.66474 5.27694 4.54083
-9999 -9999 -9999 -9999 -9999 -9999 -0.425074 2.94098 5.79419 7.50668 9.15023 9.52889 10.0812 9.9579 9.49155 8.54982 7.37429 6.07339 4.04366 2.53482 4.32593 6.90929 8.7601 9.42239 9.41004 9.36306 9.18442 9.11293 8.90475 8.75647 7.89931 6.42864 5.59466 4.37618 6.46299 6.69396 6.36365 7.40418 7.3493 5.7692 4.55407 4.4012 5.13771 4.43213 4.30565 3.86373 4.35707 5.68241 5.29664 5.37051 5.97018 6.066 6.12737 6.14057 6.13247 6.12578 6.11191 6.11006 6.10843 6.08197 6.0684 6.06053 6.03526 6.02636 6.00805 5.99301 5.9771 5.95806 5.93022 5.85417 5.77294 5.85294
-9999 -9999 -9999 -9999 -9999 -9999 -0.341889 1.91713 4.48441 7.00646 8.76189 9.4679 9.98102 9.97217 9.43061 8.96103 8.22313 7.0783 6.29257 4.93016 3.06116 6.19001 7.14615 8.00101 8.36419 9.25489 9.23027 8.81785 8.33558 8.77264 8.64109 7.47465 7.08826 6.43884 7.59774 7.59678 7.56114 7.49577 6.16004 4.30478 2.82166 3.88561 3.66117 4.14641 2.62777 3.87806 4.87977 5.20308 4.51638 4.00743 5.57037 5.82814 5.97861 6.07359 6.13469 6.11532 6.12779 6.11531 6.10769 6.09984 6.08382 6.07324 6.05725 6.04095 6.02241 6.00904 5.98853 5.96623 5.96161 5.91645 5.89763 5.88053
-9999 -9999 -9999 -9999 -9999 -9999 -9999 0.595718 3.8532 6.75875 8.37473 9.38959 9.88215 9.86967 9.59111 9.27123 8.81261 7.98602 6.94855 5.31053 4.09421 4.86366 5.8004 5.90411 6.52759 8.33958 8.95657 8.07476 5.90038 7.18076 8.6063 8.57861 8.45214 8.31135 8.12849 7.9674 7.61958 6.69395 3.86488 3.31058 2.2 2.32432 1.75393 2.99205 2.52439 3.79861 4.34946 4.55575 3.37297 3.62111 5.00657 5.55177 5.45691 5.78995 6.10568 6.11278 6.1187 6.10729 6.11134 6.11124 6.10341 6.0888 6.07607 6.06616 6.03478 6.03376 5.92611 5.85509 5.71372 5.8819 5.89491 5.90301
-9999 -9999 -9999 -9999 -9999 -9999 -9999 -0.0398215 3.20874 6.63129 7.72784 8.82237 9.76657 9.7817 9.3578 8.95475 8.53996 8.06836 6.81026 5.59038 4.42575 4.03362 4.26599 4.24264 5.25257 7.61394 8.06871 7.87023 5.60232 4.83039 6.73644 8.3376 8.45974 8.31002 6.41679 6.81559 5.79314 4.40798 4.02504 3.41784 2.13736 2.75094 1.81267 2.21233 2.0988 2.82115 3.17206 4.03121 2.99998 3.00342 4.36399 5.04725 5.06098 5.77815 6.03167 6.09573 6.1096 6.11891 6.11944 6.12846 6.11974 6.10723 6.09138 6.05518 5.97133 5.71361 4.34279 4.342 4.71451 5.06671 5.71096 5.89137
-9999 -9999 -9999 -9999 -9999 -9999 -9999 0.345914 2.59937 5.63601 7.88444 8.02265 9.11407 9.67595 9.21536 8.69735 8.16766 7.93486 6.56568 5.06205 3.84685 2.40881 2.64327 3.67209 5.35274 6.87705 7.14713 6.82826 5.61361 6.18419 7.48293 8.17062 8.37055 8.20602 7.79077 7.54951 6.79575 6.46756 5.42257 3.79035 3.14622 3.55074 1.81842 1.93728 2.57494 1.88849 3.00661 3.54025 2.20932 3.2665 4.46716 5.07937 5.61415 5.86557 5.96388 6.11647 6.11766 6.12803 6.13265 6.12807 6.12585 6.09858 6.07569 5.9285 5.71229 4.4356 3.89748 3.99917 4.58568 5.09877 5.63968 5.85735
-9999 -9999 -9999 -9999 -9999 -9999 -9999 0.740331 2.76905 5.40174 7.00404 7.28813 8.49898 9.5754 9.45185 8.91303 8.74715 8.18914 7.02746 5.74466 4.3428 3.66014 2.09351 3.63126 4.84362 6.13397 6.73594 5.73887 5.23362 6.11837 6.99783 7.34678 8.23502 8.22284 7.92854 6.67177 6.05744 6.31287 6.04761 5.58527 4.46103 4.40879 3.68587 3.38509 3.10079 2.17742 2.75911 2.81489 2.97385 4.23915 4.86263 5.27493 5.64961 5.74569 5.90691 6.1171 6.13304 6.138 6.13449 6.13606 6.11807 6.0552 6.00189 5.7077 5.18853 4.22165 2.65116 3.75059 4.90023 5.24369 5.5777 5.74847
-9999 -9999 -9999 -9999 -9999 -9999 -9999 0.404264 2.55966 4.80941 5.74829 5.90522 8.09933 9.44168 9.44111 9.18422 8.88474 7.50991 7.58799 7.31111 6.0461 4.20455 2.1822 2.36907 3.56839 5.27082 5.83289 4.1832 3.59609 4.02201 5.35392 6.54576 7.79039 8.10391 7.73427 5.7799 3.70337 4.66212 5.6869 5.67859 5.3746 4.33168 3.99885 3.6973 2.93564 1.64575 1.82819 2.1829 3.6234 4.07517 4.77458 5.35489 5.13201 5.25768 5.8127 6.12998 6.13927 6.14229 6.15024 6.14037 6.11882 5.9957 5.86548 5.64851 4.29848 3.45801 2.23405 3.64683 4.42967 4.84994 5.59489 5.77014
-9999 -9999 -9999 -9999 -9999 -9999 -9999 -0.253548 1.30997 3.46033 4.3253 5.70659 7.78 8.79836 9.28506 9.2715 9.07095 8.4538 8.08172 7.35108 6.03501 4.2364 2.23731 0.934881 1.59271 3.8837 4.42752 2.9031 2.12503 3.08657 4.50636 6.61027 7.81088 7.97008 7.85788 7.45233 5.93544 4.1035 4.10688 5.02147 4.25126 3.35655 3.84459 3.75115 2.99889 2.45092 2.10997 2.3183 3.13762 3.47354 4.28201 5.47656 5.64522 5.60839 6.10969 6.13212 6.14115 6.15748 6.15424 6.14701 6.12932 6.02837 5.80536 4.90587 4.12112 3.03033 2.89312 4.14784 4.69996 5.21345 5.57745 5.69403
-9999 -9999 -9999 -9999 -9999 -9999 -9999 -1.39339 0.446712 2.46109 4.347 6.13105 7.66609 7.7822 8.59045 8.58665 9.00877 8.88423 8.3118 7.69584 6.56134 4.25138 2.3085 0.189823 0.74456 3.08297 3.38957 2.36553 0.476338 2.42037 4.56457 6.50758 7.5579 6.72863 7.57195 7.49926 6.92896 5.83716 4.14131 4.17044 2.89892 2.84091 3.48968 3.69838 3.58704 3.17492 2.51611 2.62581 3.12331 3.24717 3.98998 4.9161 5.82146 5.97131 6.14179 6.14653 6.14667 6.15815 6.15732 6.13575 6.08666 5.98108 5.2265 4.3296 3.77607 3.01522 2.92054 4.37192 4.94943 5.27213 5.58631 5.70858
-9999 -9999 -9999 -9999 -9999 -9999 -9999 -9999 0.268499 2.34979 3.8892 4.30192 5.66619 6.4016 6.96999 7.09376 8.72057 8.80743 8.44331 7.87706 6.90881 5.15505 3.93215 1.89963 0.437795 1.03359 1.31146 1.84422 1.68289 2.54812 4.60856 6.75536 6.98669 5.61768 5.81678 6.0994 6.73674 6.40872 4.09896 2.92394 1.9481 2.63607 3.35998 3.53288 3.56509 3.42186 3.2571 2.97637 3.94592 4.66262 4.82668 5.45126 5.91169 6.03692 6.13062 6.13988 6.14935 6.1469 6.11729 6.09508 5.97618 5.71305 4.86919 2.84358 2.93529 2.71373 2.08171 3.50316 4.39581 5.19636 5.62045 5.72787
-9999 -9999 -9999 -9999 -9999 -9999 -9999 -9999 -0.414492 1.99415 2.5012 2.4611 1.66054 2.02544 4.98172 5.5747 7.13465 8.61145 8.49955 7.94375 7.0374 5.9914 4.37379 2.08812 0.2713 -0.4903 1.4546 3.3656 3.75809 4.36679 5.6282 5.8654 4.46643 3.15434 3.88615 4.32569 6.00922 6.31382 5.9827 4.5896 2.99722 2.16439 3.14022 3.26778 3.32325 3.33165 3.30033 3.25787 4.34971 4.95354 5.3716 5.59802 5.99305 6.09223 6.12224 6.15033 6.14057 6.11745 6.05198 5.97786 5.66062 5.27712 3.89649 2.74495 2.0258 1.11372 3.16008 3.76647 4.60682 5.14597 5.56788 5.65826
