Test_Spring_2018/03_18/Temp/20180329_006.txt
ncols	170
nrows	115
xllcorner	350000.000000
yllcorner	4445000.000000
cellsize	1000.000000
nodata_value	-9999.000000
[rows 31 to 61 of 115, columns 71 to 141 of 170]
8.14465 8.37148 7.95049 7.99581 9.02422 9.26151 9.25044 9.17906 9.08615 8.60684 8.4486 8.07125 7.40404 7.12579 5.93628 2.08479 3.17761 3.60615 2.49086 3.11664 4.13397 3.25234 0.631535 -0.495586 -2.31256 -1.72751 -2.26174 -3.72332 -9999 -9999 -9999 -9999 -9999 -9999 -9999 -9999 -9999 -9999 -9999 -9999 -9999 -9999 -9999 -9999 -9999 -9999 -9999 -9999 -9999 -9999 -9999 -9999 -9999 -9999 -9999 -9999 -9999 -9999 -9999 -9999 -9999 -9999 -9999 -9999 -9999 -9999 -9999 -9999 -9999 -9999 -9999
7.92343 7.9 7.49458 8.12816 8.71198 8.37819 8.1565 9.12206 9.12551 8.80312 8.0412 7.76335 7.4749 7.29891 6.31974 3.56845 1.08833 2.42016 2.45369 1.53617 3.18758 2.31898 0.0492757 -3.1557 -1.40859 -1.85881 -4.11261 -4.66626 -9999 -9999 -9999 -9999 -9999 -9999 -9999 -9999 -9999 -9999 -9999 -9999 -9999 -9999 -9999 -9999 -9999 -9999 -9999 -9999 -9999 -9999 -9999 -9999 -9999 -9999 -9999 -9999 -9999 -9999 -9999 -9999 -9999 -9999 -9999 -9999 -9999 -9999 -9999 -9999 -9999 -9999 -9999
7.56368 7.35248 7.17982 8.12002 8.10349 8.05911 8.4169 9.02082 9.14239 9.01865 8.68803 8.40201 8.09736 7.32016 6.19977 3.84549 1.0223 0.383513 1.76825 1.83676 2.06134 1.26995 0.275492 -1.2816 -0.000736373 0.498864 -0.986344 -2.92538 -4.16935 -9999 -9999 -9999 -9999 -9999 -9999 -9999 -9999 -9999 -9999 -9999 -9999 -9999 -9999 -9999 -9999 -9999 -9999 -9999 -9999 -9999 -9999 -9999 -9999 -9999 -9999 -9999 -9999 -9999 -9999 -9999 -9999 -9999 -9999 -9999 -9999 -9999 -9999 -9999 -9999 -9999 -9999
7.02061 6.69942 5.79306 6.36086 6.78814 7.5968 7.81951 7.94086 9.06231 9.0064 8.95768 8.48317 8.10403 7.4739 6.39569 4.85955 3.00951 -0.213237 1.77725 3.33646 3.29895 3.21624 2.52036 1.02451 2.28169 2.34391 0.44783 -1.70056 -2.97647 -3.50267 -9999 -9999 -9999 -9999 -9999 -9999 -9999 -9999 -9999 -9999 -9999 -9999 -9999 -9999 -9999 -9999 -9999 -9999 -9999 -9999 -9999 -9999 -9999 -9999 -9999 -9999 -9999 -9999 -9999 -9999 -9999 -9999 -9999 -9999 -9999 -9999 -9999 -9999 -9999 -9999 -9999
6.26613 5.957 4.84937 5.42072 6.18234 7.26657 7.84026 8.27342 8.61133 8.95568 8.91853 8.43283 6.99241 6.78872 6.72848 5.72446 3.61499 1.50829 0.964063 3.34145 4.02361 3.8876 4.42073 3.15403 3.75721 3.51452 2.84631 0.774315 -1.11798 -1.90389 -3.45986 -9999 -9999 -9999 -9999 -9999 -9999 -9999 -9999 -9999 -9999 -9999 -9999 -9999 -9999 -9999 -9999 -9999 -9999 -9999 -9999 -9999 -9999 -9999 -9999 -9999 -9999 -9999 -9999 -9999 -9999 -9999 -9999 -9999 -9999 -9999 -9999 -9999 -9999 -9999 -9999
-9999 -9999 -9999 4.15197 5.19806 6.06282 7.12288 8.03696 8.49335 8.93656 8.90439 7.93073 7.45567 7.41629 6.75921 5.59974 4.87268 3.54691 2.1656 2.69605 4.72385 3.82531 5.26307 5.14456 5.41141 4.45542 2.65539 0.236598 -1.16594 -1.86869 -3.12903 -9999 -9999 -9999 -9999 -9999 -9999 -9999 -9999 -9999 -9999 -9999 -9999 -9999 -9999 -9999 -9999 -9999 -9999 -9999 -9999 -9999 -9999 -9999 -9999 -9999 -9999 -9999 -9999 -9999 -9999 -9999 -9999 -9999 -9999 -9999 -9999 -9999 -9999 -9999 -9999
-9999 -9999 -9999 -9999 5.00688 5.66814 7.07164 7.81514 8.1129 8.82577 8.83073 8.46379 8.18713 7.78412 7.25674 6.38571 5.4244 4.17747 4.06374 5.36143 5.37961 5.11136 5.3268 5.99547 5.82318 4.34632 1.79754 0.446899 -2.28635 -3.46211 -3.33862 -4.17168 -9999 -9999 -9999 -9999 -9999 -9999 -9999 -9999 -9999 -9999 -9999 -9999 -0.96146 -9999 -9999 -9999 -9999 -9999 -9999 -9999 -9999 -9999 -9999 -9999 -9999 -9999 -9999 -9999 -9999 -9999 -9999 -9999 -9999 -5.98325 -9999 -9999 -9999 -9999 -9999
-9999 -9999 -9999 4.86491 5.75598 6.44115 7.3231 7.42184 7.95526 8.7746 8.79003 8.53074 8.23689 7.57252 7.40928 6.91409 5.87004 5.65771 6.08323 6.28033 6.50375 6.64248 6.53472 6.26821 5.92315 4.9824 3.79773 3.00397 0.498081 -0.759372 -1.97291 -3.81149 -5.24957 -9999 -9999 -9999 -9999 -9999 -9999 -9999 -1.92495 -1.99305 -1.96008 -1.55596 -0.440791 -1.09566 -9999 -9999 -9999 -9999 -9999 -9999 -9999 -9999 -9999 -9999 -9999 -9999 -9999 -9999 -9999 -9999 -9999 -9999 -9999 -4.97932 -6.42991 -9999 -9999 -9999 -9999
-9999 -9999 -9999 5.11113 6.03575 6.50046 7.35783 7.85067 8.18991 8.47686 8.75073 8.70853 8.38303 7.886 7.891 7.20462 6.83508 6.57161 7.14638 7.26146 7.03357 6.7476 6.49544 5.77734 5.6976 5.47887 4.72883 3.49483 2.22303 0.398423 -2.09784 -4.54621 -6.52091 -9999 -9999 -9999 -9999 -9999 -9999 -1.71809 -0.791671 -0.236624 -1.41614 -0.408149 0.513207 0.366265 -0.521083 -9999 -9999 -9999 -9999 -9999 -9999 -9999 -9999 -9999 -9999 -9999 -9999 -9999 -9999 1.8943 0.407215 -2.59615 -4.13584 -5.05979 -6.3788 -9999 -9999 -9999 -9999
-9999 -9999 -9999 4.92484 6.0166 6.75843 7.41762 7.52834 8.21063 8.51378 8.66283 8.64901 8.58657 8.49664 7.89783 7.64084 6.73446 7.60382 7.57223 7.35412 6.48626 6.11172 4.62124 3.9676 3.83612 5.0969 4.17352 2.24027 -0.177821 -3.07437 -3.25725 -4.21725 -5.9817 -9999 -9999 -9999 -9999 -9999 -9999 -1.43161 -0.440934 0.385918 0.506351 -0.666193 0.970747 0.913417 -0.00242587 -0.210332 0.540356 0.920784 0.643596 1.54172 1.80328 1.39773 1.84036 -9999 -9999 -9999 -9999 2.09895 2.15824 2.20291 1.58295 -1.69806 -3.93906 -5.95153 -6.13808 -9999 -9999 -9999 -9999
-9999 -9999 -9999 5.67211 6.34753 6.69286 6.755 7.3478 7.94614 8.31754 8.58394 8.5343 8.51542 8.49454 8.29049 7.81429 7.90087 7.86297 7.58543 5.93072 3.99962 4.84446 3.70167 1.2556 3.26075 4.36248 3.3161 0.972926 -1.74507 -2.62154 -2.57762 -3.91371 -5.6346 -9999 -9999 -9999 -4.14071 -2.7218 -2.59807 -2.17983 -0.85878 0.146073 0.904112 1.41982 1.40863 0.864988 -0.0309022 -1.00471 -0.65782 1.09353 1.52035 1.88761 2.15861 1.78193 1.975 2.44221 2.68312 2.73111 2.61987 2.59368 2.63102 2.57428 1.99558 -0.937021 -2.61688 -3.68881 -5.84363 -9999 -9999 -9999 -9999
-9999 -9999 -9999 5.24968 5.83837 6.31678 7.10552 7.1956 7.69702 8.00233 8.44792 8.50048 7.99249 8.4161 8.36266 8.28437 8.11735 7.87245 6.47512 4.54939 2.61948 1.73005 2.11827 0.644837 1.41265 2.52914 2.13306 0.699862 -1.72064 -2.05699 -2.60791 -4.8552 -7.02103 -9999 -9999 -6.89185 -4.16963 -2.25304 -1.26457 -0.958575 -0.929538 0.336307 0.435285 1.79818 1.48314 -0.319343 -0.116702 -0.81698 -0.362662 0.277663 0.453691 1.38201 2.27188 2.43874 2.44157 2.7386 2.79875 2.8134 2.80455 2.60137 2.69293 2.70627 2.34516 0.218406 -0.818966 -1.96162 -5.81908 -9999 -9999 -9999 -9999
-9999 -9999 -9999 5.54445 6.20207 6.92156 7.04479 7.57952 7.53281 7.395 8.13499 8.41128 8.0533 7.79538 8.27419 8.24127 8.1777 8.07305 6.75964 5.24015 2.94015 1.51236 0.645397 0.0287473 -0.789474 -0.21311 -0.381484 -0.60908 -0.333694 -0.990548 -2.30847 -3.62317 -6.08692 -7.41957 -9999 -6.74395 -5.51519 -3.23602 -1.29946 -0.07049 -0.513267 0.925933 1.19233 2.02605 1.53815 0.443807 -0.0285442 -0.0705181 -0.214276 0.755624 1.40927 1.87376 2.1806 2.56441 2.66071 2.75741 2.79707 2.81812 2.8395 2.83345 2.8248 2.78087 2.64464 1.66637 0.631143 -1.60559 -5.69308 -9999 -9999 -9999 -9999
-9999 -9999 3.63303 5.46667 6.56479 6.9953 7.3083 7.58486 7.78678 8.00245 8.19901 8.33466 8.2837 7.33067 7.40903 7.58035 8.12153 8.08238 7.96344 7.13269 4.3336 3.37111 1.96244 0.135743 -0.620593 -0.231632 1.27646 1.21647 0.22938 -0.871647 -2.39059 -3.35667 -4.86665 -7.76908 -7.50592 -6.19589 -5.22149 -3.67267 -1.30567 0.353136 1.09269 1.37134 1.95645 2.25927 1.58885 0.952699 0.684971 0.189344 0.119595 0.123614 0.709828 1.17076 2.18879 2.5301 2.68644 2.76511 2.80687 2.83692 2.86651 2.87608 2.85553 2.85565 2.84685 2.77445 1.3963 -2.05364 -4.65064 -9999 -9999 -9999 -9999
-9999 -9999 -9999 5.12752 5.61587 5.75048 5.97898 6.43699 6.96313 7.70896 7.80914 8.218 8.21973 7.40043 6.45088 7.2778 7.60562 7.94548 7.9552 7.84831 5.49904 4.27092 3.30572 1.55461 2.19736 2.80598 2.859 2.50351 0.379523 -1.73597 -4.17103 -6.45237 -6.55721 -7.78224 -7.12862 -6.26293 -4.04274 -2.48084 -1.84816 -1.39433 1.01116 1.63771 1.85076 2.46594 1.625 1.41244 0.780947 0.968816 0.913917 0.918034 -0.830587 0.928194 1.03174 2.17462 2.68902 2.80512 2.83577 2.86849 2.87282 2.87841 2.87219 2.88287 2.86485 2.84344 1.94709 -2.42472 -4.62013 -9999 -9999 -9999 -9999
-9999 -9999 -9999 -9999 -9999 5.29659 5.67164 5.91508 6.32916 7.58366 7.92435 8.15143 8.17373 7.80909 6.87032 6.62214 6.79347 5.87505 6.64244 7.69384 7.66945 7.54503 5.48039 4.43046 5.46165 5.15738 3.60993 2.39401 1.19411 -1.28348 -3.09006 -5.7051 -7.66831 -7.73874 -5.56427 -3.75796 -1.51142 -0.520741 -1.08596 -0.476185 0.718279 2.07487 2.73028 2.57445 1.68791 1.56399 0.590221 1.54748 1.62989 1.18546 0.801501 0.958717 1.52412 1.73961 2.63355 2.84952 2.88761 2.8934 2.89601 2.89113 2.88503 2.87227 2.86172 2.84813 2.80682 -1.68706 -5.18343 -9999 -9999 -9999 -9999
-9999 -9999 -9999 -9999 -9999 4.43258 4.665 5.25965 6.77143 7.56959 7.89348 7.88746 8.03785 7.7813 6.95471 6.10531 5.3033 4.26968 4.86035 6.42398 7.34717 7.45491 5.64565 6.59773 6.25111 5.56206 3.53613 2.04547 1.25911 -1.1189 -3.14882 -4.88646 -7.28889 -6.25532 -5.11856 -3.66038 -1.20884 0.444209 1.12239 0.550991 1.31384 2.87498 2.88247 2.02689 2.08176 1.56123 0.230492 1.61627 2.0067 1.69316 1.77548 1.66226 1.87273 2.25605 2.62256 2.86597 2.89815 2.90107 2.89194 2.89038 2.88974 2.87119 2.87132 2.85764 2.83381 -0.0671634 -5.25111 -9999 -9999 -9999 -9999
-9999 -9999 -9999 -9999 -9999 -9999 3.6563 5.00117 7.00513 7.51133 7.47217 7.88887 7.92779 7.53288 7.18908 6.15783 4.74829 2.0417 2.73096 4.17034 6.24662 7.33986 7.19696 6.59879 5.55195 3.01003 0.786904 0.524244 0.16738 -1.56578 -3.12595 -5.05837 -3.93021 -2.69595 -1.34716 -0.638365 -0.821578 0.594853 1.74899 1.25712 2.19318 3.28547 2.78823 2.4939 2.24705 1.64541 1.60924 1.67255 2.46 1.91652 2.25202 2.26447 2.24576 2.43222 2.6467 2.87184 2.90803 2.9075 2.91003 2.88251 2.89039 2.87613 2.86214 2.84938 2.82874 2.56553 -0.227288 -1.89621 -9999 -9999 -9999
-9999 -9999 -9999 -9999 -9999 -9999 2.42332 3.09852 5.47005 6.21056 7.26051 7.81947 7.84834 7.18023 6.80805 5.27157 4.77239 2.26857 1.13597 2.09864 1.73247 4.59191 7.12375 6.58203 1.48657 -0.354008 -1.66419 -1.31738 -1.30583 -1.78234 -4.44777 -5.1802 -2.77629 -1.26184 -0.0886904 0.800722 0.986216 0.955087 2.76083 2.99999 3.58561 3.45651 3.50963 2.59631 2.03106 2.52411 1.9555 1.85887 2.67236 1.8729 2.59792 2.51663 2.29958 2.28833 2.76511 2.86127 2.91143 2.91328 2.89342 2.86795 2.85308 2.86726 2.85889 2.83143 2.83193 2.80531 2.47211 1.02701 0.522049 1.08193 -9999
-9999 -9999 -9999 -9999 -9999 -9999 -9999 0.893554 4.18572 5.69667 6.49066 7.60511 7.74222 7.38988 6.74405 5.17876 3.8019 1.56379 -0.991859 -2.34257 1.71071 5.23986 7.08447 6.85106 2.61053 0.941622 0.871657 1.86692 1.04207 0.418325 -1.60394 -2.20638 -3.04697 -2.52181 -0.8868 0.446665 1.73226 2.66612 2.74107 3.34555 3.69389 3.72101 3.82882 3.72056 3.63237 2.75196 3.36042 2.84499 3.11974 2.94447 2.78645 2.65387 2.15049 2.50654 2.82165 2.9025 2.92588 2.90584 2.90012 2.88524 2.85399 2.84 2.83674 2.83271 2.81569 2.81476 2.79805 2.63589 1.76654 0.602884 -0.867151
-9999 -9999 -9999 -9999 -9999 -9999 -9999 -0.748534 2.52708 4.1122 6.14467 7.19441 7.62191 7.56732 7.04423 5.85505 4.06491 2.57361 -0.279083 -3.24057 1.0139 4.80795 6.85629 6.96992 3.41038 4.4069 3.61465 3.94506 2.4888 1.88829 1.42103 0.375583 -0.769051 -2.0212 -2.68435 0.308361 1.84475 3.08032 3.6619 3.98957 4.1519 4.06442 3.8393 2.50986 3.52192 3.46772 3.367 3.25181 3.19656 3.0926 2.97007 2.9016 2.87593 2.54159 2.92011 2.90957 2.91384 2.91448 2.90317 2.88268 2.86441 2.84216 2.84127 2.82832 2.81432 2.80454 2.79886 2.7878 2.73989 2.50898 0.534704
-9999 -9999 -9999 -9999 -9999 -9999 -9999 -5.34241 -0.580967 3.25381 5.254 6.884 7.33246 7.50048 6.79875 6.27359 4.99059 3.77568 1.90168 -0.90491 -2.63192 0.555716 5.18719 6.90227 6.77843 6.67828 5.76064 4.93464 4.83674 4.90657 3.95021 2.54496 0.702626 0.129281 -0.51574 1.71359 2.01612 1.85279 4.30137 4.30521 4.16391 3.22442 2.17752 2.37538 1.72691 2.2242 1.44977 2.162 2.77794 3.00848 2.99021 2.91308 2.90262 2.86561 2.92902 2.92724 2.9157 2.90638 2.90057 2.88973 2.85942 2.84134 2.84971 2.82946 2.81352 2.80025 2.79738 2.7916 2.75595 2.72371 2.42015
-9999 -9999 -9999 -9999 -9999 -9999 -9999 -5.13687 -1.12625 2.2708 4.31255 6.27154 6.72752 7.38899 7.24732 6.69752 5.58255 4.18956 2.64754 0.240027 -1.54843 0.583175 3.66127 5.86588 6.66382 6.66579 6.61923 6.41672 6.33942 6.10259 5.94258 4.93377 3.19291 2.21017 0.769775 3.25403 3.53287 3.14389 4.382 4.31817 2.44211 0.999122 0.817652 1.70052 0.863337 0.7159 0.197205 0.785575 2.36247 1.90203 1.99351 2.71313 2.83071 2.90321 2.92297 2.91724 2.91287 2.89956 2.90001 2.90022 2.87048 2.85569 2.84745 2.81849 2.81294 2.79281 2.77796 2.76682 2.74739 2.71787 2.63143
-9999 -9999 -9999 -9999 -9999 -9999 -9999 -5.05886 -2.35664 0.700415 3.70357 5.79525 6.63995 7.25491 7.24928 6.61037 6.05647 5.18356 3.8272 2.89747 1.28313 -0.932359 2.78892 3.93596 4.96261 5.39803 6.46493 6.44533 5.96561 5.41731 5.94566 5.79531 4.41808 3.96661 3.20188 4.58392 4.58732 4.54848 4.47335 2.88856 0.686084 -1.07476 0.189439 -0.0765435 0.509654 -1.29091 0.189772 1.38184 1.76872 0.961545 0.360742 2.22453 2.52936 2.71205 2.8288 2.90515 2.88563 2.90355 2.89137 2.8845 2.87695 2.85935 2.848 2.83019 2.8121 2.79597 2.78324 2.76133 2.73305 2.73105 2.6873
-9999 -9999 -9999 -9999 -9999 -9999 -9999 -9999 -3.94756 -0.0697449 3.38858 5.31484 6.52663 7.1175 7.1079 6.78169 6.40588 5.86494 4.88675 3.65812 1.71645 0.276111 1.19496 2.31934 2.4543 3.20262 5.36325 6.1051 5.06723 2.50096 4.02829 5.73018 5.70556 5.56297 5.40252 5.19589 5.00909 4.59961 3.50297 0.144856 -0.517036 -1.83533 -1.6871 -2.36393 -0.882547 -1.43429 0.0810538 0.737718 0.985631 -0.415818 -0.113448 1.5302 2.18173 2.07317 2.47281 2.85536 2.86717 2.87723 2.86631 2.87335 2.87508 2.86733 2.84739 2.83328 2.82262 2.7914 2.79361 2.66808 2.58653 2.42195 2.62552
-9999 -9999 -9999 -9999 -9999 -9999 -9999 -9999 -4.71617 -0.850656 3.22128 4.53025 5.83642 6.96358 6.98676 6.48803 6.01366 5.52504 4.96879 3.47843 2.03368 0.654962 0.194292 0.476007 0.466702 1.67368 4.48635 5.03501 4.80811 2.12777 1.21931 3.49132 5.40078 5.553 5.38161 3.13859 3.61696 2.40637 0.764151 0.311565 -0.407961 -1.92753 -1.19764 -2.31091 -1.83489 -1.95473 -1.09466 -0.675375 0.347965 -0.87354 -0.861904 0.751625 1.5669 1.58705 2.44268 2.74747 2.82697 2.8465 2.8602 2.86304 2.87558 2.86673 2.85319 2.83561 2.79392 2.69583 2.39648 0.772619 0.7744 1.22 1.64192
-9999 -9999 -9999 -9999 -9999 -9999 -9999 -9999 -4.27324 -1.59014 2.023 4.69971 4.86976 6.1716 6.84412 6.30187 5.69111 5.06624 4.79391 3.17191 1.39041 -0.0481703 -1.75096 -1.46674 -0.238429 1.77755 3.59565 3.92446 3.55403 2.12416 2.80965 4.35978 5.18378 5.42797 5.23866 4.75088 4.46898 3.57764 3.19104 1.95246 0.0159579 -0.74731 -0.265235 -2.32113 -2.1782 -1.41882 -2.21757 -0.886955 -0.25021 -1.82774 -0.570997 0.858391 1.58904 2.2278 2.52999 2.65021 2.83467 2.83903 2.85396 2.86171 2.85821 2.85725 2.82637 2.80064 2.62733 2.3722 0.857761 0.2283 0.35171 1.05133 1.6641
-9999 -9999 -9999 -9999 -9999 -9999 -9999 -9999 -3.82025 -1.40457 1.72835 3.63726 3.98027 5.42377 6.70731 6.56538 5.93001 5.73743 5.07907 3.70378 2.18482 0.524742 -0.280725 -2.13565 -0.302937 1.15724 2.69716 3.41978 2.24833 1.65562 2.71375 3.76539 4.18661 5.24792 5.23926 4.89495 3.40686 2.68119 2.98799 2.67583 2.12921 0.796152 0.736182 -0.120389 -0.475487 -0.810826 -1.88992 -1.19635 -1.12716 -0.940925 0.568312 1.31199 1.80496 2.25332 2.37077 2.56548 2.81818 2.83995 2.8484 2.84653 2.85043 2.83091 2.75795 2.69628 2.34855 1.73373 0.587348 -1.26787 0.040509 1.40881 1.8128
-9999 -9999 -9999 -9999 -9999 -9999 -9999 -9999 -4.23511 -1.66944 1.00821 2.12877 2.32044 4.93154 6.53081 6.53489 6.23442 5.88331 4.25499 4.35242 4.02845 2.53113 0.349376 -2.04674 -1.81849 -0.380603 1.65569 2.33062 0.383683 -0.306653 0.206091 1.79469 3.21662 4.70088 5.07879 4.64482 2.32812 -0.134168 1.00814 2.22848 2.22146 1.86303 0.626818 0.233955 -0.121706 -1.02373 -2.5486 -2.31778 -1.89353 -0.182089 0.357318 1.19099 1.88332 1.6217 1.77404 2.43628 2.816 2.82976 2.83587 2.84762 2.83804 2.81443 2.67008 2.51725 2.26141 0.659884 -0.336287 -1.78451 -0.0991163 0.833369 1.32571
-9999 -9999 -9999 -9999 -9999 -9999 -9999 -9999 -5.03231 -3.17009 -0.610927 0.42145 2.06698 4.53446 5.74874 6.33149 6.32005 6.08653 5.35829 4.92127 4.05859 2.50084 0.370268 -1.99809 -3.53868 -2.75072 -0.00840552 0.644079 -1.15381 -2.07126 -0.92268 0.769946 3.27483 4.7065 4.90089 4.77251 4.29532 2.49778 0.325665 0.333087 1.42251 0.510693 -0.549127 0.0333158 -0.0748572 -0.965461 -1.61332 -1.99911 -1.7543 -0.775392 -0.373692 0.589349 2.011 2.2142 2.17332 2.77153 2.8009 2.81424 2.83611 2.8346 2.82824 2.80933 2.69147 2.4286 1.36227 0.432269 -0.86115 -1.02187 0.479191 1.13058 1.73995
-9999 -9999 -9999 -9999 -9999 -9999 -9999 -9999 -6.40219 -4.21192 -1.81471 0.429852 2.55339 4.38113 4.52358 5.48813 5.48825 5.99437 5.85135 5.17657 4.45032 3.10847 0.370774 -1.93065 -4.4406 -3.77505 -0.983315 -0.59977 -1.80943 -4.04679 -1.73154 0.821209 3.13471 4.38761 3.40775 4.41414 4.33222 3.65898 2.36606 0.355457 0.393469 -1.11348 -1.17923 -0.405572 -0.154617 -0.283749 -0.770105 -1.54422 -1.40519 -0.808878 -0.659152 0.225741 1.32838 2.40636 2.58699 2.79209 2.80028 2.80295 2.81902 2.82039 2.79706 2.74099 2.61778 1.72371 0.660593 0.00530667 -0.896187 -1.00641 0.72379 1.40975 1.79197
