Test_Spring_2018/03_18/Temp/20180306_010.txt
ncols	170
nrows	115
xllcorner	350000.000000
yllcorner	4445000.000000
cellsize	1000.000000
nodata_value	-9999.000000
[rows 32 to 63 of 115, columns 72 to 143 of 170]
14.5348 14.2977 14.6872 15.0464 14.8342 14.6947 15.2751 15.2838 15.0962 14.6439 14.4839 14.3178 14.2199 13.6376 11.9862 10.4985 11.3106 11.3392 10.7938 11.798 11.2815 9.91933 7.9925 9.05319 8.78789 7.41633 7.08352 -9999 -9999 -9999 -9999 -9999 -9999 -9999 -9999 -9999 -9999 -9999 -9999 -9999 -9999 -9999 -9999 -9999 -9999 -9999 -9999 -9999 -9999 -9999 -9999 -9999 -9999 -9999 -9999 -9999 -9999 -9999 -9999 -9999 -9999 -9999 -9999 -9999 -9999 -9999 -9999 -9999 -9999 -9999 -9999 -9999
14.2051 14.1086 14.6832 14.6804 14.648 14.8528 15.215 15.2951 15.2274 15.0352 14.8702 14.6943 14.2335 13.5659 12.154 10.4591 10.0823 10.9261 10.9757 11.1192 10.6494 10.0568 9.12447 9.90411 10.2121 9.3146 8.13578 7.37834 -9999 -9999 -9999 -9999 -9999 -9999 -9999 -9999 -9999 -9999 -9999 -9999 -9999 -9999 -9999 -9999 -9999 -9999 -9999 -9999 -9999 -9999 -9999 -9999 -9999 -9999 -9999 -9999 -9999 -9999 -9999 -9999 -9999 -9999 -9999 -9999 -9999 -9999 -9999 -9999 -9999 -9999 -9999 -9999
13.8121 13.273 13.623 13.8879 14.3587 14.4848 14.5645 15.2478 15.2209 15.1987 14.92 14.699 14.3269 13.6847 12.7663 11.6586 9.72272 10.9321 11.8812 11.8667 11.8246 11.4124 10.5171 11.2827 11.327 10.1765 8.86265 8.10017 7.79023 -9999 -9999 -9999 -9999 -9999 -9999 -9999 -9999 -9999 -9999 -9999 -9999 -9999 -9999 -9999 -9999 -9999 -9999 -9999 -9999 -9999 -9999 -9999 -9999 -9999 -9999 -9999 -9999 -9999 -9999 -9999 -9999 -9999 -9999 -9999 -9999 -9999 -9999 -9999 -9999 -9999 -9999 -9999
13.3655 12.7049 13.057 13.5236 14.1714 14.5053 14.7663 14.9767 15.1912 15.1759 14.8902 14.0288 13.914 13.8859 13.2886 12.0244 10.762 10.4422 11.885 12.3048 12.2308 12.5602 11.8033 12.1744 12.0348 11.6323 10.3695 9.22352 8.75691 7.82593 -9999 -9999 -9999 -9999 -9999 -9999 -9999 -9999 -9999 -9999 -9999 -9999 -9999 -9999 -9999 -9999 -9999 -9999 -9999 -9999 -9999 -9999 -9999 -9999 -9999 -9999 -9999 -9999 -9999 -9999 -9999 -9999 -9999 -9999 -9999 -9999 -9999 -9999 -9999 -9999 -9999 -9999
-9999 -9999 12.2929 12.9183 13.4387 14.074 14.6248 14.9065 15.1804 15.1679 14.5877 14.3087 14.2929 13.9047 13.2137 12.7837 11.9925 11.1679 11.4965 12.7284 12.1944 13.0697 13.0057 13.1739 12.604 11.5059 10.0473 9.19655 8.78004 8.02737 -9999 -9999 -9999 -9999 -9999 -9999 -9999 -9999 -9999 -9999 -9999 -9999 -9999 -9999 -9999 -9999 -9999 -9999 -9999 -9999 -9999 -9999 -9999 -9999 -9999 -9999 -9999 -9999 -9999 -9999 -9999 -9999 -9999 -9999 -9999 -9999 -9999 -9999 -9999 -9999 -9999 -9999
-9999 -9999 -9999 12.8045 13.2021 14.0545 14.4922 14.6779 15.1143 15.1239 14.9096 14.7502 14.515 14.2051 13.6882 13.1171 12.3737 12.314 13.1058 13.1253 12.9718 13.1097 13.5207 13.4239 12.5338 10.9903 10.182 8.52247 7.82041 7.90251 7.40782 -9999 -9999 -9999 -9999 -9999 -9999 -9999 -9999 -9999 -9999 -9999 -9999 9.4775 -9999 -9999 -9999 -9999 -9999 -9999 -9999 -9999 -9999 -9999 -9999 -9999 -9999 -9999 -9999 -9999 -9999 -9999 -9999 -9999 6.66902 -9999 -9999 -9999 -9999 -9999 -9999 -9999
-9999 -9999 12.7267 13.2514 13.6701 14.2074 14.2631 14.5837 15.084 15.0997 14.9502 14.7803 14.3874 14.2973 14.0073 13.3864 13.2675 13.5335 13.6614 13.8051 13.8972 13.8402 13.687 13.4858 12.9075 12.1992 11.7265 10.2156 9.45271 8.72788 7.62631 6.76681 -9999 -9999 -9999 -9999 -9999 -9999 -9999 8.8535 8.82372 8.85496 9.11012 9.79424 9.41034 -9999 -9999 -9999 -9999 -9999 -9999 -9999 -9999 -9999 -9999 -9999 -9999 -9999 -9999 -9999 -9999 -9999 -9999 -9999 7.27946 6.41562 -9999 -9999 -9999 -9999 -9999 -9999
-9999 -9999 12.8599 13.4227 13.7078 14.2296 14.5315 14.7262 14.9049 15.0762 15.0575 14.8684 14.5765 14.588 14.1829 13.9692 13.8198 14.1761 14.2549 14.1264 13.9625 13.8184 13.3927 13.3515 13.2095 12.763 12.0243 11.2629 10.1527 8.65367 7.18392 6.00045 -9999 -9999 -9999 -9999 -9999 -9999 8.96836 9.53878 9.88524 9.18519 9.80493 10.3723 10.295 9.76101 -9999 -9999 -9999 -9999 -9999 -9999 -9999 -9999 -9999 -9999 -9999 -9999 -9999 -9999 11.3856 10.4999 8.69928 7.7817 7.23558 6.45108 -9999 -9999 -9999 -9999 -9999 -9999
-9999 -9999 12.7509 13.4139 13.8655 14.267 14.3377 14.7471 14.9276 15.0233 15.0215 14.991 14.9448 14.5922 14.4464 13.9092 14.4436 14.4344 14.3125 13.7982 13.581 12.6899 12.303 12.2151 12.9817 12.4301 11.2691 9.81543 8.06272 7.95513 7.38306 6.3262 -9999 -9999 -9999 -9999 -9999 -9999 9.14223 9.75172 10.2625 10.347 9.65143 10.6508 10.6184 10.0773 9.96326 10.4275 10.6684 10.5065 11.0576 11.2274 10.9948 11.274 -9999 -9999 -9999 -9999 11.4904 11.5379 11.5765 11.214 9.24584 7.90508 6.70214 6.59923 -9999 -9999 -9999 -9999 -9999 -9999
-9999 -9999 13.2055 13.6166 13.8281 13.8687 14.2294 14.5877 14.8097 14.9728 14.9495 14.9457 14.9414 14.8274 14.5498 14.6121 14.5996 14.4424 13.4541 12.2985 12.8172 12.1376 10.6598 11.8712 12.5414 11.9151 10.5061 8.87091 8.33679 8.36604 7.56668 6.53459 -9999 -9999 -9999 7.47357 8.34069 8.42684 8.69103 9.50016 10.1186 10.5889 10.9121 10.91 10.5925 10.0635 9.48734 9.708 10.776 11.0449 11.2702 11.4459 11.2308 11.3605 11.6546 11.8122 11.8533 11.7983 11.7945 11.8288 11.8063 11.4688 9.70964 8.70738 8.07185 6.78449 -9999 -9999 -9999 -9999 -9999 -9999
-9999 -9999 12.9483 13.3065 13.598 14.0765 14.1336 14.4393 14.6218 14.8911 14.9293 14.6303 14.8943 14.8714 14.8342 14.744 14.607 13.7746 12.6231 11.4685 10.941 11.1758 10.2937 10.7589 11.4377 11.2037 10.3398 8.88383 8.68548 8.34946 6.9977 5.69836 -9999 -9999 5.80329 7.45628 8.62388 9.23203 9.42882 9.45875 10.235 10.3072 11.1418 10.9575 9.88073 10.0146 9.60394 9.88943 10.288 10.4056 10.9725 11.5193 11.6321 11.6461 11.8376 11.8862 11.9073 11.9141 11.8035 11.8706 11.8904 11.6842 10.4125 9.79791 9.11868 6.80508 -9999 -9999 -9999 -9999 -9999 -9999
-9999 -9999 13.125 13.524 13.9602 14.0369 14.3621 14.3405 14.2554 14.7066 14.8757 14.6673 14.5203 14.8188 14.8093 14.7819 14.73 13.9486 13.0426 11.665 10.8128 10.2912 9.92583 9.43019 9.78273 9.68553 9.55235 9.72258 9.32955 8.5307 7.74349 6.26225 5.4662 -9999 5.89258 6.64463 8.03119 9.21165 9.96563 9.71123 10.5924 10.7659 11.2761 10.9938 10.3444 10.0718 10.0581 9.98279 10.5794 10.9854 11.2727 11.4699 11.7119 11.7823 11.853 11.8893 11.9143 11.9394 11.9478 11.9545 11.9398 11.8692 11.2904 10.6763 9.33788 6.88527 -9999 -9999 -9999 -9999 -9999 -9999
-9999 11.9816 13.0822 13.7462 14.0073 14.1977 14.3665 14.491 14.6197 14.7453 14.8328 14.8069 14.2407 14.2978 14.412 14.7499 14.7379 14.6776 14.1874 12.5089 11.9324 11.0866 9.99051 9.53577 9.77474 10.6885 10.6558 10.0638 9.4031 8.48333 7.90468 7.0002 5.25563 5.42326 6.22352 6.82223 7.76834 9.20877 10.2224 10.6817 10.8629 11.2247 11.4198 11.0281 10.6554 10.5056 10.2182 10.1876 10.2014 10.5664 10.852 11.4784 11.6964 11.8017 11.8615 11.8992 11.9297 11.9598 11.9777 11.9773 11.9891 11.9954 11.9625 11.1422 9.07488 7.52155 -9999 -9999 -9999 -9999 -9999 -9999
-9999 -9999 12.8815 13.1769 13.2588 13.3976 13.6754 13.995 14.4435 14.5087 14.7616 14.771 14.284 13.7212 14.2313 14.4408 14.6578 14.6755 14.6224 13.2097 12.4767 11.9012 10.8505 11.2396 11.6107 11.646 11.4346 10.1561 8.8828 7.41023 6.03907 5.98199 5.24912 5.65156 6.18376 7.53423 8.48841 8.88267 9.16955 10.6342 11.0226 11.1643 11.548 11.053 10.936 10.5668 10.6918 10.6701 10.684 9.64031 10.7092 10.7837 11.4854 11.808 11.8895 11.9204 11.9526 11.9675 11.9831 11.9913 12.0096 12.0099 12.0103 11.4812 8.85505 7.54391 -9999 -9999 -9999 -9999 -9999 -9999
-9999 -9999 -9999 -9999 12.9874 13.2142 13.3622 13.6138 14.3692 14.5795 14.7227 14.7437 14.5327 13.9763 13.838 13.9534 13.4115 13.8857 14.529 14.5235 14.4563 13.2173 12.5863 13.2127 13.0326 12.1019 11.3709 10.6496 9.15743 8.06402 6.49127 5.31276 5.27736 6.59764 7.69645 9.06291 9.67259 9.34429 9.72544 10.4581 11.2896 11.6979 11.6166 11.0942 11.0308 10.4551 11.0443 11.1055 10.8487 10.6283 10.7311 11.0842 11.2264 11.7779 11.9205 11.9554 11.9713 11.9853 11.9945 12.0029 12.0077 12.0133 12.017 12.0038 9.30407 7.20794 -9999 -9999 -9999 -9999 -9999 -9999
-9999 -9999 -9999 -9999 12.4685 12.609 12.9687 13.8825 14.3626 14.5628 14.5654 14.6639 14.5183 14.03 13.5289 13.0572 12.4454 12.8131 13.7667 14.3329 14.4057 13.3206 13.8975 13.6923 13.2798 12.0602 11.1633 10.6912 9.25892 8.03075 6.98724 5.54363 6.17427 6.86843 7.75781 9.24766 10.2571 10.6791 10.347 10.8204 11.7754 11.7929 11.2895 11.3351 11.0325 10.2415 11.0892 11.3362 11.1584 11.2194 11.159 11.298 11.5414 11.7747 11.9338 11.9655 11.9795 11.9864 11.9977 12.0097 12.0106 12.0228 12.0265 12.0239 10.2853 7.17098 -9999 -9999 -9999 -9999 -9999 -9999
-9999 -9999 -9999 -9999 -9999 12.0026 12.815 14.0259 14.3299 14.3112 14.5691 14.6004 14.3714 14.1746 13.5639 12.7256 11.1046 11.5317 12.4104 13.6722 14.3395 14.2598 13.9012 13.2735 11.743 10.4044 10.2483 10.0353 8.9921 8.04739 6.88637 7.57295 8.3247 9.14681 9.58408 9.48442 10.351 11.06 10.7763 11.3542 12.0264 11.7394 11.5746 11.4382 11.0867 11.0768 11.1266 11.6132 11.2966 11.5103 11.5258 11.5265 11.6511 11.7927 11.9408 11.9749 11.9869 12.0007 11.9965 12.0135 12.0171 12.0208 12.0252 12.0246 11.8776 10.206 9.21079 -9999 -9999 -9999 -9999 -9999
-9999 -9999 -9999 -9999 -9999 11.261 11.6696 13.1025 13.5481 14.1868 14.5306 14.5561 14.1624 13.9479 13.0323 12.7434 11.2447 10.5723 11.1633 10.9513 12.6842 14.2183 13.8938 10.8234 9.71617 8.92848 9.14026 9.14971 8.86486 7.25337 6.81652 8.27295 9.19387 9.91007 10.4564 10.5789 10.5722 11.6744 11.8314 12.1979 12.1331 12.1781 11.6399 11.3114 11.6203 11.2891 11.2425 11.7448 11.2738 11.7226 11.6814 11.5625 11.5678 11.8676 11.9378 11.9803 11.9939 11.9942 11.9912 11.9944 12.0152 12.0224 12.018 12.0303 12.0261 11.8385 10.9785 10.6854 11.0346 -9999 -9999 -9999
-9999 -9999 -9999 -9999 -9999 -9999 10.3419 12.3307 13.2414 13.726 14.4053 14.4962 14.29 13.9119 12.9794 12.1608 10.8221 9.2913 8.4859 10.9403 13.0773 14.1967 14.0583 11.5039 10.5005 10.4614 11.0648 10.5699 10.1966 8.97329 8.61515 8.11426 8.43846 9.43182 10.2468 11.0336 11.609 11.6669 12.0447 12.2671 12.2964 12.3744 12.3218 12.2811 11.7613 12.1403 11.841 12.0183 11.924 11.8399 11.7678 11.4761 11.7029 11.9052 11.9661 11.9929 11.9929 12.0018 12.0052 11.9988 12.0023 12.0126 12.0224 12.0242 12.0356 12.0392 11.9532 11.4404 10.7497 9.874 -9999 -9999
-9999 -9999 -9999 -9999 -9999 -9999 9.35385 11.3333 12.289 13.5212 14.1577 14.4225 14.4003 14.0961 13.3903 12.322 11.4337 9.72335 7.94659 10.5234 12.8183 14.0608 14.135 11.9886 12.5938 12.1194 12.3221 11.4467 11.088 10.803 10.1779 9.49389 8.74324 8.35265 10.1685 11.1066 11.864 12.2273 12.438 12.5491 12.5083 12.3846 11.5951 12.2182 12.1968 12.1479 12.0901 12.0683 12.017 11.9544 11.9208 11.9173 11.7276 11.9678 11.9748 11.9894 12.0019 12.0074 12.0074 12.0089 12.008 12.0201 12.0235 12.0272 12.0334 12.0437 12.049 12.0319 11.9041 10.7242 10.0229 9.83402
-9999 -9999 -9999 -9999 -9999 -9999 6.58479 9.46141 11.7687 12.9826 13.9708 14.2511 14.363 13.9508 13.6454 12.8827 12.1608 11.0407 9.35717 8.32415 10.2564 13.0578 14.0958 14.0227 13.9667 13.4171 12.9226 12.8675 12.9138 12.3338 11.4877 10.3837 10.0465 9.66669 11.022 11.2156 11.1287 12.6184 12.6334 12.5611 12.0073 11.3869 11.519 11.1389 11.4502 10.9948 11.4362 11.8194 11.97 11.9704 11.9313 11.9364 11.9262 11.9785 11.9893 11.9944 12.001 12.0097 12.0156 12.0098 12.0115 12.0291 12.0296 12.0325 12.0348 12.047 12.0556 12.046 12.0381 11.8664 11.6022 11.0882
-9999 -9999 -9999 -9999 -9999 -9999 6.70497 9.12293 11.1788 12.4135 13.6042 13.889 14.2985 14.2239 13.9033 13.2416 12.412 11.4919 10.049 8.97881 10.273 12.1383 13.4748 13.9579 13.9614 13.938 13.8204 13.7734 13.6354 13.5358 12.9342 11.8918 11.3076 10.4481 11.9572 12.1365 11.9133 12.6724 12.6464 11.5271 10.6693 10.5726 11.1158 10.6231 10.5453 10.2427 10.6095 11.5725 11.3057 11.3723 11.8137 11.8967 11.955 11.9789 11.9874 11.9968 12.001 12.0135 12.026 12.0206 12.0243 12.0319 12.027 12.0364 12.0367 12.042 12.0451 12.0453 12.0392 11.9986 11.9532 12.0241
-9999 -9999 -9999 -9999 -9999 -9999 6.75316 8.38287 10.2341 12.0485 13.3194 13.8387 14.2199 14.2271 13.8524 13.529 13.0128 12.2045 11.6531 10.6879 9.35939 11.6121 12.3117 12.9331 13.1967 13.8452 13.8381 13.5536 13.2169 13.5425 13.4592 12.6365 12.3731 11.9213 12.7655 12.7784 12.7664 12.733 11.789 10.4726 9.42275 10.1981 10.0501 10.4136 9.33825 10.2431 10.9741 11.2192 10.7421 10.3911 11.5226 11.7216 11.8438 11.9262 11.9843 11.9847 12.0077 12.0126 12.0209 12.0288 12.0308 12.0366 12.0384 12.0401 12.0431 12.0498 12.049 12.0456 12.0562 12.0386 12.039 12.0404
-9999 -9999 -9999 -9999 -9999 -9999 -9999 7.42323 9.76367 11.8584 13.0296 13.7704 14.137 14.1416 13.9553 13.7389 13.4227 12.8423 12.1102 10.9473 10.0862 10.648 11.3338 11.4172 11.8743 13.1833 13.6363 13.0156 11.4624 12.3906 13.4252 13.4188 13.3419 13.2547 13.1404 13.0385 12.8028 12.1528 10.1387 9.75143 8.96836 9.07014 8.6741 9.57721 9.25511 10.1813 10.5893 10.7505 9.91657 10.105 11.1122 11.5173 11.4638 11.7169 11.9587 11.9779 11.9963 12.002 12.0187 12.0322 12.0401 12.0419 12.0461 12.0524 12.0465 12.0624 11.9992 11.9622 11.8749 12.0094 12.0328 12.0547
-9999 -9999 -9999 -9999 -9999 -9999 -9999 6.95364 9.29362 11.7588 12.5576 13.3553 14.0453 14.0695 13.7789 13.5028 13.218 12.892 12.002 11.1389 10.3153 10.045 10.2221 10.2195 10.9538 12.6569 12.994 12.8632 11.2406 10.7002 12.0792 13.24 13.3412 13.2476 11.9045 12.2039 11.4847 10.5054 10.2442 9.82204 8.91734 9.36988 8.71036 9.00969 8.94489 9.47569 9.74048 10.3697 9.64435 9.6572 10.6467 11.1507 11.1749 11.7032 11.8993 11.9594 11.9834 12.0041 12.0183 12.0384 12.0457 12.0502 12.0523 12.0399 11.9933 11.8257 10.8607 10.8741 11.1551 11.4215 11.8968 12.0429
-9999 -9999 -9999 -9999 -9999 -9999 -9999 7.22114 8.84808 11.0367 12.6608 12.773 13.5683 13.9841 13.6671 13.3086 12.9414 12.7866 11.8172 10.7511 9.89152 8.87209 9.05113 9.79946 11.0185 12.1221 12.327 12.1103 11.2421 11.6639 12.6077 13.1139 13.2707 13.1664 12.8824 12.7231 12.1964 11.9746 11.239 10.0824 9.63387 9.93676 8.70839 8.80666 9.27682 8.80196 9.61664 10.0126 9.07259 9.84068 10.7153 11.1684 11.566 11.7605 11.8453 11.9688 11.9838 12.0052 12.0224 12.0329 12.0449 12.039 12.0362 11.9444 11.8031 10.902 10.5375 10.6244 11.0588 11.4407 11.8448 12.0151
-9999 -9999 -9999 -9999 -9999 -9999 -9999 7.49432 8.96026 10.8594 12.0204 12.2369 13.1176 13.902 13.8264 13.453 13.3465 12.9589 12.1383 11.2308 10.2377 9.75999 8.64874 9.76214 10.6462 11.5824 12.0255 11.3123 10.9629 11.6098 12.2532 12.5166 13.1666 13.1714 12.9741 12.087 11.6602 11.8567 11.6799 11.3618 10.5694 10.5451 10.0403 9.83802 9.64765 9.0034 9.43377 9.4874 9.61534 10.5323 10.9933 11.3031 11.5859 11.6691 11.7989 11.9637 11.9893 12.0068 12.0183 12.0332 12.0341 12.0028 11.9784 11.7813 11.4231 10.7441 9.64027 10.4423 11.2803 11.5435 11.7967 11.9335
-9999 -9999 -9999 -9999 -9999 -9999 -9999 7.24356 8.80032 10.425 11.1104 11.2357 12.8209 13.7958 13.8082 13.6368 13.4347 12.4619 12.53 12.3436 11.4489 10.1411 8.70361 8.84931 9.72063 10.9564 11.3711 10.1901 9.78219 10.1004 11.068 11.9354 12.8407 13.0788 12.8275 11.4405 9.9659 10.6664 11.4142 11.4216 11.2171 10.4831 10.258 10.0554 9.52311 8.61329 8.76094 9.02887 10.0712 10.4092 10.9246 11.3548 11.2094 11.3137 11.7257 11.9673 11.9881 12.0043 12.024 12.0309 12.0293 11.955 11.8756 11.734 10.7805 10.1922 9.33314 10.3637 10.9389 11.257 11.8053 11.9453
-9999 -9999 -9999 -9999 -9999 -9999 -9999 6.76189 7.89452 9.44789 10.0803 11.0828 12.5814 13.324 13.6856 13.6886 13.5575 13.1278 12.8736 12.3623 11.4314 10.1547 8.73422 7.813 8.29654 9.95452 10.3541 9.26523 8.72051 9.42255 10.4531 11.974 12.8478 12.9753 12.9084 12.6312 11.5577 10.2585 10.2744 10.9434 10.405 9.77738 10.1407 10.0874 9.56207 9.18318 8.95696 9.12061 9.7174 9.97237 10.566 11.4363 11.5715 11.5593 11.9328 11.9631 11.9837 12.0095 12.0213 12.0301 12.0315 11.9731 11.8273 11.1968 10.6485 9.881 9.79684 10.7185 11.1316 11.5135 11.7889 11.887
-9999 -9999 -9999 -9999 -9999 -9999 -9999 5.93456 7.26539 8.72125 10.0852 11.3762 12.4889 12.5849 13.1768 13.1869 13.5022 13.4256 13.0281 12.5993 11.7989 10.1561 8.77623 7.27039 7.68032 9.36911 9.59324 8.87224 7.53134 8.93746 10.4871 11.8927 12.6586 12.0777 12.6955 12.6569 12.2618 11.493 10.2914 10.326 9.42854 9.40075 9.87949 10.0429 9.97705 9.69567 9.23882 9.33517 9.70132 9.80438 10.351 11.0289 11.692 11.8136 11.95 11.9676 11.9819 12.0043 12.0178 12.0165 11.9954 11.9339 11.4074 10.7788 10.3964 9.86542 9.81188 10.8706 11.3063 11.5515 11.7913 11.8935
-9999 -9999 -9999 -9999 -9999 -9999 -9999 -9999 7.12704 8.63077 9.74628 10.0545 11.0447 11.5844 12.0045 12.106 13.2847 13.3599 13.112 12.7191 12.0382 10.7942 9.93068 8.48687 7.45196 7.89087 8.0961 8.4908 8.38815 9.02117 10.5108 12.0623 12.2413 11.2736 11.4296 11.6457 12.116 11.8946 10.2532 9.42506 8.7397 9.24671 9.77952 9.91751 9.95472 9.86623 9.76465 9.57578 10.285 10.8129 10.9448 11.4067 11.7509 11.8549 11.9362 11.957 11.978 11.9905 11.9834 11.9817 11.9108 11.7365 11.1461 9.70887 9.78897 9.64462 9.20615 10.243 10.9047 11.4931 11.8117 11.9034
-9999 -9999 -9999 -9999 -9999 -9999 -9999 -9999 6.62693 8.36515 8.74074 8.72434 8.16313 8.43725 10.5685 11.0064 12.1373 13.2088 13.1419 12.7568 12.1206 11.3842 10.2381 8.61317 7.3241 6.77973 8.18842 9.57316 9.86738 10.3165 11.2335 11.4165 10.4271 9.50007 10.0379 10.3663 11.5864 11.8185 11.5951 10.6109 9.48392 8.90135 9.61494 9.72068 9.77478 9.79513 9.78826 9.76896 10.5685 11.0156 11.3295 11.5061 11.8034 11.8887 11.9244 11.9587 11.9659 11.9636 11.9309 11.8921 11.6791 11.4187 10.4438 9.63311 9.1323 8.49327 9.9743 10.4274 11.0475 11.4528 11.7699 11.8495
