Test_Spring_2018/03_18/Temp/20180319_002.txt
ncols	170
nrows	115
xllcorner	350000.000000
yllcorner	4445000.000000
cellsize	1000.000000
nodata_value	-9999.000000
[rows 32 to 63 of 115, columns 72 to 143 of 170]
10.9745 10.6483 11.1563 11.6241 11.3348 11.1452 11.9122 11.9134 11.6532 11.0402 10.8163 10.5842 10.4426 9.65617 7.44647 5.45463 6.52454 6.55154 5.81449 7.14056 6.44226 4.61827 2.04275 3.44444 3.08096 1.2501 0.799295 -9999 -9999 -9999 -9999 -9999 -9999 -9999 -9999 -9999 -9999 -9999 -9999 -9999 -9999 -9999 -9999 -9999 -9999 -9999 -9999 -9999 -9999 -9999 -9999 -9999 -9999 -9999 -9999 -9999 -9999 -9999 -9999 -9999 -9999 -9999 -9999 -9999 -9999 -9999 -9999 -9999 -9999 -9999 -9999 -9999
10.5363 10.3971 11.1514 11.1371 11.0877 11.3558 11.8325 11.9288 11.8282 11.5617 11.3313 11.0861 10.4617 9.56176 7.67089 5.40344 4.89048 6.00273 6.05762 6.23764 5.60138 4.80172 3.54987 4.57719 4.97676 3.77382 2.19956 1.18763 -9999 -9999 -9999 -9999 -9999 -9999 -9999 -9999 -9999 -9999 -9999 -9999 -9999 -9999 -9999 -9999 -9999 -9999 -9999 -9999 -9999 -9999 -9999 -9999 -9999 -9999 -9999 -9999 -9999 -9999 -9999 -9999 -9999 -9999 -9999 -9999 -9999 -9999 -9999 -9999 -9999 -9999 -9999 -9999
10.0135 9.28496 9.74023 10.0824 10.7083 10.871 10.9669 11.8662 11.8201 11.7801 11.3983 11.0934 10.5871 9.72101 8.48727 7.00145 4.41304 6.01182 7.26403 7.23355 7.16651 6.60669 5.40406 6.41241 6.46075 4.92326 3.17401 2.148 1.72436 -9999 -9999 -9999 -9999 -9999 -9999 -9999 -9999 -9999 -9999 -9999 -9999 -9999 -9999 -9999 -9999 -9999 -9999 -9999 -9999 -9999 -9999 -9999 -9999 -9999 -9999 -9999 -9999 -9999 -9999 -9999 -9999 -9999 -9999 -9999 -9999 -9999 -9999 -9999 -9999 -9999 -9999 -9999
9.4192 8.52894 8.98697 9.59761 10.4558 10.898 11.2358 11.5058 11.7811 11.7504 11.3596 10.2023 10.0385 9.99013 9.18383 7.48969 5.79773 5.36065 7.27005 7.81761 7.70776 8.13509 7.11649 7.59954 7.40295 6.85893 5.17572 3.64293 3.01068 1.76019 -9999 -9999 -9999 -9999 -9999 -9999 -9999 -9999 -9999 -9999 -9999 -9999 -9999 -9999 -9999 -9999 -9999 -9999 -9999 -9999 -9999 -9999 -9999 -9999 -9999 -9999 -9999 -9999 -9999 -9999 -9999 -9999 -9999 -9999 -9999 -9999 -9999 -9999 -9999 -9999 -9999 -9999
-9999 -9999 7.96988 8.79772 9.48525 10.3238 11.0477 11.4127 11.7674 11.7406 10.9579 10.576 10.5442 10.0166 9.0855 8.5018 7.43717 6.32782 6.75381 8.38222 7.6599 8.81378 8.71737 8.93018 8.16057 6.69751 4.74606 3.6065 3.04096 2.02785 -9999 -9999 -9999 -9999 -9999 -9999 -9999 -9999 -9999 -9999 -9999 -9999 -9999 -9999 -9999 -9999 -9999 -9999 -9999 -9999 -9999 -9999 -9999 -9999 -9999 -9999 -9999 -9999 -9999 -9999 -9999 -9999 -9999 -9999 -9999 -9999 -9999 -9999 -9999 -9999 -9999 -9999
-9999 -9999 -9999 8.646 9.17004 10.2951 10.8714 11.1088 11.68 11.6829 11.3875 11.165 10.8412 10.4179 9.7186 8.94689 7.94574 7.85462 8.89693 8.91126 8.69517 8.86723 9.40296 9.2629 8.06922 6.01056 4.92364 2.70856 1.76293 1.86117 1.19149 -9999 -9999 -9999 -9999 -9999 -9999 -9999 -9999 -9999 -9999 -9999 -9999 3.78834 -9999 -9999 -9999 -9999 -9999 -9999 -9999 -9999 -9999 -9999 -9999 -9999 -9999 -9999 -9999 -9999 -9999 -9999 -9999 -9999 -0.212527 -9999 -9999 -9999 -9999 -9999 -9999 -9999
-9999 -9999 8.54674 9.24508 9.79276 10.4985 10.5654 10.9838 11.6403 11.6515 11.4425 11.2062 10.6727 10.5419 10.1448 9.30681 9.13683 9.479 9.63743 9.81665 9.92744 9.83982 9.62426 9.34521 8.57309 7.61913 6.97913 4.9579 3.93535 2.95948 1.482 0.326652 -9999 -9999 -9999 -9999 -9999 -9999 -9999 3.00807 2.95557 2.98423 3.31096 4.20875 3.6848 -9999 -9999 -9999 -9999 -9999 -9999 -9999 -9999 -9999 -9999 -9999 -9999 -9999 -9999 -9999 -9999 -9999 -9999 -9999 0.597515 -0.565435 -9999 -9999 -9999 -9999 -9999 -9999
-9999 -9999 8.73254 9.47216 9.84226 10.5277 10.9206 11.1737 11.4023 11.621 11.5864 11.3247 10.9258 10.9304 10.3798 10.0839 9.87309 10.3354 10.4281 10.2448 10.0145 9.81079 9.23232 9.16609 8.97426 8.36894 7.37487 6.35055 4.86664 2.86019 0.89271 -0.693788 -9999 -9999 -9999 -9999 -9999 -9999 3.17341 3.91985 4.36802 3.42296 4.23484 4.97705 4.86112 4.14208 -9999 -9999 -9999 -9999 -9999 -9999 -9999 -9999 -9999 -9999 -9999 -9999 -9999 -9999 6.11312 4.9211 2.51105 1.27652 0.536483 -0.520897 -9999 -9999 -9999 -9999 -9999 -9999
-9999 -9999 8.58595 9.45924 10.0513 10.5771 10.6624 11.2001 11.433 11.5513 11.5395 11.4892 11.4173 10.9372 10.7319 10.0051 10.7045 10.6799 10.5052 9.80806 9.50656 8.30809 7.78116 7.66045 8.66989 7.9248 6.36853 4.42297 2.08329 1.92971 1.15742 -0.260389 -9999 -9999 -9999 -9999 -9999 -9999 3.40455 4.20283 4.86952 4.96876 4.02937 5.34644 5.29475 4.56116 4.39621 5.00124 5.30897 5.08165 5.80234 6.01561 5.69319 6.05212 -9999 -9999 -9999 -9999 6.2761 6.32648 6.3649 5.86928 3.23614 1.4382 -0.176274 -0.324965 -9999 -9999 -9999 -9999 -9999 -9999
-9999 -9999 9.18933 9.72757 10.0005 10.046 10.518 10.988 11.2763 11.4899 11.4493 11.4341 11.418 11.2552 10.8741 10.9453 10.9164 10.6948 9.36655 7.81577 8.49396 7.57229 5.59879 7.20131 8.08244 7.23794 5.35181 3.16473 2.44742 2.47608 1.4014 0.0199218 -9999 -9999 -9999 1.2234 2.36533 2.46733 2.8061 3.87011 4.68016 5.28973 5.70651 5.69454 5.25826 4.54066 3.76048 4.04113 5.44994 5.79502 6.08304 6.30399 6.00488 6.16613 6.54483 6.74175 6.78365 6.69754 6.67959 6.71246 6.66957 6.20724 3.85103 2.50368 1.64452 -0.0856413 -9999 -9999 -9999 -9999 -9999 -9999
-9999 -9999 8.85331 9.32156 9.70105 10.3285 10.3964 10.7951 11.0312 11.3812 11.4226 11.0146 11.3557 11.3141 11.2531 11.1209 10.9261 9.8054 8.25975 6.71008 5.99534 6.30077 5.11485 5.72373 6.61651 6.2895 5.13366 3.18519 2.91102 2.45694 0.6466 -1.094 -9999 -9999 -0.988619 1.19981 2.74169 3.53852 3.78743 3.814 4.83397 4.91659 6.01421 5.75935 4.31216 4.47701 3.91347 4.28034 4.7995 4.94306 5.68572 6.40059 6.53796 6.54369 6.78579 6.83762 6.85285 6.84906 6.68902 6.76549 6.7789 6.49133 4.78538 3.95425 3.03813 -0.0591055 -9999 -9999 -9999 -9999 -9999 -9999
-9999 -9999 9.092 9.61521 10.188 10.2819 10.7066 10.6632 10.5432 11.1352 11.3513 11.0639 10.8577 11.244 11.2197 11.171 11.0893 10.0363 8.81727 6.9705 5.82339 5.12125 4.62321 3.95694 4.41558 4.27567 4.088 4.30431 3.76735 2.69714 1.63866 -0.344233 -1.41501 -9999 -0.870524 0.118495 1.95183 3.51044 4.501 4.14893 5.30845 5.52581 6.19481 5.80556 4.92727 4.55221 4.52061 4.40715 5.18813 5.71243 6.08284 6.33233 6.64142 6.72229 6.80356 6.83904 6.85949 6.88008 6.87844 6.87447 6.84192 6.73497 5.95147 5.12186 3.32713 0.0450096 -9999 -9999 -9999 -9999 -9999 -9999
-9999 7.57215 9.03248 9.90889 10.249 10.4947 10.7114 10.8687 11.0328 11.1863 11.2937 11.2494 10.4851 10.55 10.6901 11.1275 11.0988 11.0056 10.34 8.09252 7.31583 6.18111 4.71091 4.09542 4.40302 5.60908 5.55541 4.75705 3.86733 2.63565 1.85204 0.637283 -1.69643 -1.48462 -0.431039 0.353818 1.60075 3.50535 4.84147 5.43938 5.66704 6.1377 6.38396 5.85003 5.34012 5.12737 4.73137 4.67728 4.68236 5.15504 5.52281 6.34088 6.61818 6.74533 6.81218 6.84941 6.87718 6.90444 6.91542 6.90196 6.90483 6.90026 6.84429 5.73932 2.97278 0.888055 -9999 -9999 -9999 -9999 -9999 -9999
-9999 -9999 8.7628 9.14893 9.25078 9.42814 9.79013 10.2073 10.7972 10.8746 11.2012 11.2008 10.5418 9.7813 10.4483 10.7147 10.9907 11.0012 10.9172 9.02797 8.04057 7.26318 5.85346 6.36151 6.84509 6.88193 6.59036 4.87826 3.17313 1.20544 -0.630817 -0.717944 -1.70631 -1.18214 -0.485416 1.30018 2.5578 3.06965 3.43821 5.3745 5.8798 6.05559 6.5532 5.88091 5.71139 5.20648 5.35945 5.31723 5.32228 3.91949 5.32983 5.41554 6.33621 6.75093 6.84651 6.87487 6.90484 6.91188 6.91973 6.91785 6.92926 6.91734 6.90408 6.18654 2.6773 0.915126 -9999 -9999 -9999 -9999 -9999 -9999
-9999 -9999 -9999 -9999 8.88783 9.1825 9.37178 9.69865 10.697 10.9674 11.1478 11.165 10.8727 10.1192 9.92295 10.0639 9.32957 9.9484 10.7935 10.7741 10.6732 9.0127 8.16247 8.98587 8.73589 7.48684 6.50375 5.53342 3.53698 2.07391 -0.0307415 -1.61083 -1.66947 0.076316 1.52645 3.33329 4.13226 3.68216 4.1762 5.13936 6.23315 6.76354 6.64205 5.93328 5.83509 5.05531 5.82624 5.89425 5.53895 5.23213 5.35618 5.81274 5.98842 6.70922 6.88568 6.9185 6.92687 6.93259 6.9321 6.93038 6.92381 6.9183 6.91012 6.87944 3.2722 0.46512 -9999 -9999 -9999 -9999 -9999 -9999
-9999 -9999 -9999 -9999 8.19539 8.37529 8.84646 10.0548 10.6865 10.9434 10.9365 11.0565 10.851 10.1889 9.50918 8.86853 8.04145 8.51839 9.77581 10.5177 10.6032 9.1478 9.9056 9.62219 9.06295 7.42937 6.22534 5.58688 3.67012 2.02755 0.627363 -1.30574 -0.477821 0.434349 1.60611 3.57686 4.90793 5.45675 5.00185 5.61897 6.87723 6.88739 6.204 6.25151 5.83486 4.76841 5.88353 6.19891 5.94867 6.01627 5.92313 6.0945 6.40487 6.70194 6.90037 6.92936 6.93483 6.93113 6.93336 6.93643 6.92482 6.92801 6.91987 6.90333 4.5756 0.413099 -9999 -9999 -9999 -9999 -9999 -9999
-9999 -9999 -9999 -9999 -9999 7.56656 8.64029 10.2439 10.6412 10.6064 10.939 10.9695 10.6529 10.3785 9.55297 8.42426 6.25357 6.80974 7.96743 9.63549 10.5127 10.3957 9.90837 9.06254 7.01506 5.22304 5.00528 4.7117 3.31279 2.04746 0.490716 1.39328 2.3823 3.4647 4.03451 3.88929 5.0302 5.96118 5.57045 6.32679 7.20858 6.81345 6.58098 6.38624 5.90452 5.87791 5.93083 6.56509 6.13013 6.40102 6.40879 6.39598 6.54813 6.72299 6.90665 6.9388 6.9417 6.94727 6.92874 6.93859 6.93052 6.92248 6.9152 6.90135 6.69238 4.45051 3.11187 -9999 -9999 -9999 -9999 -9999
-9999 -9999 -9999 -9999 -9999 6.57782 7.11385 9.0129 9.59839 10.4385 10.8854 10.9079 10.3717 10.0743 8.84276 8.44527 6.43768 5.52986 6.30465 6.01097 8.30685 10.3383 9.89639 5.79886 4.31485 3.25625 3.52816 3.53062 3.14115 0.988101 0.395236 2.3225 3.53658 4.47788 5.19272 5.3435 5.32173 6.77633 6.97221 7.44709 7.34789 7.39486 6.66527 6.21485 6.61242 6.15819 6.08268 6.73787 6.0973 6.68103 6.61342 6.44123 6.43449 6.81995 6.89993 6.94323 6.94811 6.93563 6.91893 6.91023 6.92508 6.92166 6.9027 6.90595 6.88713 6.62091 5.46213 5.05824 5.50943 -9999 -9999 -9999
-9999 -9999 -9999 -9999 -9999 -9999 5.3449 7.98374 9.18814 9.82283 10.716 10.8254 10.5411 10.0246 8.77019 7.66754 5.87318 3.82349 2.73824 5.99428 8.82817 10.3078 10.1136 6.70304 5.35722 5.29509 6.08816 5.41915 4.91174 3.27536 2.7871 2.10853 2.52809 3.83931 4.9115 5.94606 6.69926 6.76357 7.25393 7.53636 7.56259 7.65348 7.57051 7.50329 6.79766 7.2889 6.87706 7.09957 6.96037 6.83485 6.72594 6.32373 6.61194 6.86746 6.93508 6.95727 6.94424 6.94307 6.93486 6.91374 6.90492 6.9057 6.90566 6.89496 6.89691 6.88497 6.75676 6.06028 5.1272 3.94785 -9999 -9999
-9999 -9999 -9999 -9999 -9999 -9999 4.02831 6.65431 7.91844 9.54812 10.3871 10.7291 10.6863 10.2682 9.31561 7.88072 6.68593 4.39739 2.02092 5.43786 8.48184 10.1253 10.2138 7.34675 8.14224 7.50043 7.75998 6.5843 6.09603 5.70879 4.86503 3.94251 2.93292 2.40043 4.80485 6.04075 7.03614 7.50718 7.77499 7.91045 7.84235 7.66442 6.60056 7.41704 7.37494 7.29661 7.20629 7.1638 7.08194 6.98498 6.92742 6.90888 6.64253 6.94906 6.94408 6.95018 6.95372 6.94801 6.93526 6.92452 6.91074 6.91277 6.90418 6.89602 6.89099 6.88798 6.88125 6.84466 6.66087 5.0766 4.12961 3.86448
-9999 -9999 -9999 -9999 -9999 -9999 0.341008 4.16098 7.22898 8.83334 10.1394 10.4997 10.6356 10.0737 9.65423 8.62634 7.65321 6.15047 3.89817 2.51228 5.07055 8.78951 10.1604 10.0532 9.96837 9.22642 8.55772 8.47368 8.52442 7.74454 6.60955 5.12727 4.66605 4.14754 5.93882 6.18358 6.0552 8.02557 8.033 7.92428 7.17464 6.33438 6.49751 5.97797 6.3787 5.75927 6.33359 6.83028 7.01717 7.00404 6.93936 6.93338 6.90576 6.9604 6.96131 6.95469 6.9502 6.94886 6.9438 6.92334 6.91286 6.92366 6.90944 6.90021 6.88999 6.88927 6.88692 6.86032 6.83622 6.59399 6.22895 5.53082
-9999 -9999 -9999 -9999 -9999 -9999 0.505675 3.71698 6.44277 8.0781 9.65081 10.0171 10.5493 10.437 9.99736 9.1041 7.98757 6.75117 4.81917 3.38377 5.09618 7.56478 9.33366 9.96689 9.96022 9.91853 9.75127 9.68206 9.48703 9.34666 8.53337 7.13374 6.34316 5.18593 7.18199 7.40765 7.09783 8.09569 8.04844 6.54601 5.39161 5.25044 5.9586 5.28993 5.1727 4.75598 5.23087 6.49948 6.13234 6.20735 6.78221 6.87869 6.94091 6.95895 6.95673 6.95587 6.94814 6.95179 6.95553 6.93546 6.92754 6.92493 6.9056 6.90247 6.88966 6.87944 6.86982 6.85639 6.83462 6.76693 6.69303 6.77346
-9999 -9999 -9999 -9999 -9999 -9999 0.573243 2.73171 5.18486 7.59221 9.27164 9.95019 10.4449 10.4416 9.93015 9.48721 8.78808 7.70049 6.95521 5.65952 3.88031 6.86875 7.7849 8.60197 8.94698 9.79977 9.77953 9.38959 8.93285 9.3541 9.23148 8.12357 7.76 7.14563 8.25644 8.26079 8.23202 8.17481 6.90561 5.14063 3.73056 4.75022 4.54066 5.00913 3.56385 4.75723 5.71707 6.02984 5.38023 4.89932 6.39304 6.64217 6.79104 6.88707 6.95082 6.93782 6.95517 6.94863 6.94662 6.94428 6.93402 6.92882 6.91837 6.90754 6.89526 6.88667 6.87176 6.8536 6.85398 6.81702 6.80411 6.79182
-9999 -9999 -9999 -9999 -9999 -9999 -9999 1.45862 4.56699 7.34345 8.88997 9.86325 10.3384 10.3317 10.071 9.77079 9.33794 8.55377 7.56813 6.00931 4.85256 5.59002 6.48739 6.58796 7.18593 8.91785 9.50991 8.67237 6.5982 7.82231 9.18705 9.16565 9.0502 8.92116 8.75443 8.60596 8.27933 7.4014 4.70753 4.181 3.12612 3.24919 2.70945 3.896 3.45335 4.67321 5.20306 5.4043 4.28051 4.51935 5.84392 6.36927 6.28413 6.6073 6.91497 6.92717 6.93821 6.93265 6.94175 6.94678 6.94432 6.93416 6.92674 6.92195 6.89736 6.90057 6.80251 6.73947 6.60943 6.77481 6.79229 6.8015
-9999 -9999 -9999 -9999 -9999 -9999 -9999 0.839354 3.9427 7.21232 8.26323 9.31238 10.2182 10.2377 9.83829 9.45862 9.06754 8.62202 7.42597 6.26615 5.15887 4.7884 5.0136 4.99356 5.96044 8.21666 8.65419 8.4687 6.30318 5.57139 7.39455 8.92703 9.04868 8.91107 7.11021 7.49587 6.5256 5.20921 4.8488 4.27431 3.05742 3.64732 2.75672 3.14245 3.03888 3.73239 4.07162 4.89577 3.91665 3.92198 5.22264 5.87968 5.8981 6.58766 6.83494 6.90146 6.92006 6.93423 6.93991 6.95359 6.95023 6.94315 6.93281 6.903 6.8277 6.58723 5.2838 5.28781 5.64802 5.98897 6.60704 6.78189
-9999 -9999 -9999 -9999 -9999 -9999 -9999 1.19757 3.3516 6.25302 8.4027 8.53941 9.58554 10.1265 9.69199 9.20258 8.70186 8.48418 7.18223 5.75185 4.59648 3.22842 3.45582 4.44103 6.04667 7.50456 7.76607 7.46589 6.30498 6.85396 8.09777 8.75879 8.95462 8.80282 8.41187 8.18686 7.47289 7.16482 6.17283 4.62055 4.01079 4.40134 2.75334 2.87131 3.4842 2.83419 3.90543 4.41916 3.15421 4.16215 5.31266 5.90191 6.41737 6.66256 6.76171 6.91263 6.91908 6.93423 6.9438 6.9445 6.94736 6.92623 6.90922 6.77359 6.57208 5.3589 4.85062 4.95242 5.51681 6.01125 6.5279 6.7408
-9999 -9999 -9999 -9999 -9999 -9999 -9999 1.56381 3.50343 6.01943 7.55262 7.82838 8.98833 10.02 9.90697 9.39765 9.24399 8.71611 7.6122 6.39262 5.05934 4.41208 2.92149 4.3924 5.55147 6.78637 7.36467 6.41076 5.93331 6.78205 7.62588 7.96373 8.81615 8.80964 8.53402 7.34021 6.75923 7.00793 6.75982 6.32363 5.25592 5.21083 4.52589 4.24364 3.97712 3.10127 3.66086 3.71881 3.87262 5.08154 5.68144 6.07995 6.44264 6.5396 6.69871 6.90453 6.92501 6.93496 6.93676 6.94333 6.93117 6.87613 6.83013 6.55431 6.06384 5.14626 3.6532 4.70686 5.80847 6.13834 6.46009 6.62817
-9999 -9999 -9999 -9999 -9999 -9999 -9999 1.23297 3.29341 5.44402 6.34422 6.49857 8.59642 9.88173 9.88591 9.64551 9.36442 8.05736 8.13625 7.87643 6.67388 4.92124 2.99609 3.17848 4.32553 5.95345 6.49384 4.91729 4.36181 4.77286 6.04832 7.19026 8.38264 8.68679 8.33926 6.47993 4.50404 5.42369 6.4063 6.40331 6.1182 5.12812 4.81542 4.53255 3.81075 2.5845 2.76422 3.10742 4.48048 4.91651 5.58885 6.14764 5.94023 6.06537 6.60012 6.90806 6.92216 6.93023 6.94296 6.93863 6.92309 6.8106 6.69128 6.48917 5.20611 4.40915 3.2462 4.59934 5.35103 5.75199 6.46769 6.63998
-9999 -9999 -9999 -9999 -9999 -9999 -9999 0.595028 2.09077 4.14649 4.97608 6.29834 8.28095 9.25709 9.72607 9.71779 9.5311 8.94693 8.59649 7.90393 6.65283 4.94133 3.03855 1.80036 2.4322 4.62054 5.14136 3.68658 2.94899 3.87104 5.23033 7.24235 8.3927 8.54961 8.44763 8.06583 6.62383 4.88125 4.88951 5.76701 5.03723 4.18864 4.65915 4.57492 3.86219 3.34436 3.02437 3.22527 4.00838 4.33392 5.1103 6.25504 6.42113 6.39122 6.87467 6.9013 6.91512 6.93588 6.93792 6.93612 6.92428 6.83297 6.62517 5.77199 5.02824 3.99251 3.86647 5.06868 5.59745 6.08996 6.44218 6.55843
-9999 -9999 -9999 -9999 -9999 -9999 -9999 -0.502887 1.25665 3.18254 4.98599 6.69237 8.16129 8.27664 9.05233 9.05336 9.46073 9.34659 8.80514 8.22212 7.1444 4.94527 3.09629 1.07957 1.61321 3.8475 4.1364 3.16415 1.36661 3.22595 5.27632 7.13481 8.14175 7.35565 8.16521 8.10093 7.56197 6.52551 4.9128 4.94568 3.73774 3.68746 4.31141 4.51552 4.41433 4.02618 3.40234 3.50992 3.98602 4.10928 4.82302 5.71167 6.58054 6.72868 6.89651 6.90623 6.91155 6.92767 6.93201 6.91654 6.87477 6.77908 6.06421 5.21352 4.69037 3.9694 3.88394 5.27339 5.8267 6.13709 6.44172 6.5633
-9999 -9999 -9999 -9999 -9999 -9999 -9999 -9999 1.07594 3.06556 4.53835 4.93639 6.24231 6.9484 7.49524 7.61799 9.17466 9.26229 8.91969 8.38427 7.46532 5.79696 4.63499 2.70062 1.31062 1.88071 2.14423 2.65719 2.50803 3.33822 5.30867 7.36154 7.58715 6.28612 6.48108 6.75577 7.36889 7.06111 4.86279 3.74702 2.82126 3.48274 4.17848 4.34856 4.38441 4.25286 4.09801 3.83203 4.76206 5.45089 5.61252 6.21349 6.65788 6.78251 6.87707 6.89107 6.90528 6.90811 6.88501 6.86893 6.76059 6.51462 5.7146 3.78717 3.87959 3.67311 3.07502 4.43316 5.28743 6.05594 6.46534 6.57267
-9999 -9999 -9999 -9999 -9999 -9999 -9999 -9999 0.41363 2.71542 3.20322 3.16917 2.40979 2.76236 5.58719 6.15759 7.65055 9.06426 8.96243 8.43714 7.57741 6.58442 5.04608 2.87034 1.14182 0.412481 2.27238 4.09892 4.47811 5.06356 6.27172 6.50284 5.17314 3.92637 4.62952 5.05391 6.66509 6.96087 6.65022 5.32649 3.81267 3.02344 3.95963 4.08656 4.1447 4.15788 4.13058 4.09163 5.13857 5.71973 6.12367 6.34479 6.72678 6.82653 6.86031 6.89226 6.88811 6.87122 6.81391 6.74834 6.45081 6.09004 4.77797 3.68441 3.00328 2.13805 4.09505 4.67564 5.48003 5.999 6.40623 6.4972
