Test_Spring_2018/03_18/Temp/20180305_021.txt
ncols	170
nrows	115
xllcorner	350000.000000
yllcorner	4445000.000000
cellsize	1000.000000
nodata_value	-9999.000000
[rows 32 to 63 of 115, columns 72 to 143 of 170]
11.4862 11.1557 11.6591 12.1223 11.8229 11.626 12.3859 12.3825 12.1178 11.5005 11.2722 11.0357 10.8899 10.0993 7.88592 5.89033 6.95583 6.97865 6.23755 7.55909 6.85665 5.0287 2.4493 3.84618 3.47823 1.63991 1.18247 -9999 -9999 -9999 -9999 -9999 -9999 -9999 -9999 -9999 -9999 -9999 -9999 -9999 -9999 -9999 -9999 -9999 -9999 -9999 -9999 -9999 -9999 -9999 -9999 -9999 -9999 -9999 -9999 -9999 -9999 -9999 -9999 -9999 -9999 -9999 -9999 -9999 -9999 -9999 -9999 -9999 -9999 -9999 -9999 -9999
11.0479 10.9043 11.654 11.6352 11.5786 11.8362 12.306 12.3977 12.2926 12.0217 11.7869 11.5375 10.9089 10.0049 8.11022 5.83905 5.32199 6.42977 6.48038 6.65606 6.01556 5.21165 3.95556 4.9781 5.37298 4.16521 2.58148 1.56311 -9999 -9999 -9999 -9999 -9999 -9999 -9999 -9999 -9999 -9999 -9999 -9999 -9999 -9999 -9999 -9999 -9999 -9999 -9999 -9999 -9999 -9999 -9999 -9999 -9999 -9999 -9999 -9999 -9999 -9999 -9999 -9999 -9999 -9999 -9999 -9999 -9999 -9999 -9999 -9999 -9999 -9999 -9999 -9999
10.5252 9.79234 10.243 10.5806 11.1962 11.349 11.4403 12.335 12.2844 12.2399 11.8538 11.5446 11.0342 10.1641 8.92636 7.43664 4.84455 6.4387 7.68633 7.65148 7.58001 7.0158 5.80886 6.81235 6.85599 5.31127 3.55265 2.52229 2.09419 -9999 -9999 -9999 -9999 -9999 -9999 -9999 -9999 -9999 -9999 -9999 -9999 -9999 -9999 -9999 -9999 -9999 -9999 -9999 -9999 -9999 -9999 -9999 -9999 -9999 -9999 -9999 -9999 -9999 -9999 -9999 -9999 -9999 -9999 -9999 -9999 -9999 -9999 -9999 -9999 -9999 -9999 -9999
9.93091 9.03636 9.48976 10.0957 10.9458 11.3791 11.709 11.9744 12.2452 12.21 11.815 10.6536 10.4856 10.4331 9.62272 7.92471 6.22886 5.78756 7.69218 8.23519 8.12085 8.54349 7.52044 7.99865 7.79731 7.24598 5.55619 4.01587 3.37913 2.12434 -9999 -9999 -9999 -9999 -9999 -9999 -9999 -9999 -9999 -9999 -9999 -9999 -9999 -9999 -9999 -9999 -9999 -9999 -9999 -9999 -9999 -9999 -9999 -9999 -9999 -9999 -9999 -9999 -9999 -9999 -9999 -9999 -9999 -9999 -9999 -9999 -9999 -9999 -9999 -9999 -9999 -9999
-9999 -9999 8.47271 9.29253 9.97348 10.8048 11.5208 11.8811 12.2313 12.2001 11.4132 11.0271 10.9912 10.4594 9.52436 8.93656 7.8679 6.75445 7.17594 8.7995 8.07275 9.22169 9.12052 9.32843 8.55407 7.08193 5.12572 3.9784 3.40823 2.39067 -9999 -9999 -9999 -9999 -9999 -9999 -9999 -9999 -9999 -9999 -9999 -9999 -9999 -9999 -9999 -9999 -9999 -9999 -9999 -9999 -9999 -9999 -9999 -9999 -9999 -9999 -9999 -9999 -9999 -9999 -9999 -9999 -9999 -9999 -9999 -9999 -9999 -9999 -9999 -9999 -9999 -9999
-9999 -9999 -9999 9.14055 9.65811 10.7781 11.3443 11.5771 12.1436 12.1422 11.8425 11.6158 11.288 10.8606 10.1573 9.38154 8.37634 8.2809 9.31854 9.3283 9.10759 9.27482 9.80554 9.66052 8.45948 6.39436 5.30247 3.07958 2.12926 2.22267 1.54844 -9999 -9999 -9999 -9999 -9999 -9999 -9999 -9999 -9999 -9999 -9999 -9999 4.09232 -9999 -9999 -9999 -9999 -9999 -9999 -9999 -9999 -9999 -9999 -9999 -9999 -9999 -9999 -9999 -9999 -9999 -9999 -9999 -9999 0.0122191 -9999 -9999 -9999 -9999 -9999 -9999 -9999
-9999 -9999 9.04902 9.73779 10.2804 10.9811 11.0409 11.4518 12.1036 12.1105 11.8973 11.6569 11.1193 10.9845 10.5833 9.74138 9.5672 9.90495 10.0589 10.2334 10.3394 10.2469 10.0264 9.74226 8.96095 8.0018 7.35654 5.33034 4.29992 3.31931 1.83732 0.677541 -9999 -9999 -9999 -9999 -9999 -9999 -9999 3.32564 3.26939 3.29427 3.61712 4.51085 3.98308 -9999 -9999 -9999 -9999 -9999 -9999 -9999 -9999 -9999 -9999 -9999 -9999 -9999 -9999 -9999 -9999 -9999 -9999 -9999 0.819339 -0.346499 -9999 -9999 -9999 -9999 -9999 -9999
-9999 -9999 9.23023 9.96461 10.3296 11.0099 11.3977 11.6413 11.8654 12.0797 12.0408 11.7751 11.3722 11.3727 10.8183 10.5183 10.3034 10.7612 10.8494 10.6615 10.4264 10.2177 9.63417 9.56264 9.36145 8.75064 7.75117 6.7215 5.22966 3.21852 1.24649 -0.34446 -9999 -9999 -9999 -9999 -9999 -9999 3.49285 4.23539 4.67975 3.73114 4.53905 5.27722 5.15735 4.43195 -9999 -9999 -9999 -9999 -9999 -9999 -9999 -9999 -9999 -9999 -9999 -9999 -9999 -9999 6.34317 5.14835 2.73582 1.49856 0.755655 -0.304582 -9999 -9999 -9999 -9999 -9999 -9999
-9999 -9999 9.08357 9.95144 10.5382 11.0587 11.139 11.6691 11.8957 12.0096 11.9935 11.9392 11.8634 11.3794 11.1702 10.4395 11.1346 11.1058 10.9266 10.2249 9.9185 8.71515 8.18299 8.05317 9.05658 8.30579 6.744 4.79304 2.44528 2.28664 1.50939 0.0869648 -9999 -9999 -9999 -9999 -9999 -9999 3.72205 4.51649 5.17937 5.27488 4.33192 5.64482 5.58688 4.84926 4.68004 5.28054 5.58373 5.34938 6.06727 6.27619 5.94957 6.30424 -9999 -9999 -9999 -9999 6.50949 6.55665 6.59199 6.09351 3.45802 1.65756 0.0404885 -0.112024 -9999 -9999 -9999 -9999 -9999 -9999
-9999 -9999 9.68667 10.2194 10.487 10.5272 10.9939 11.4564 11.7384 11.9473 11.9026 11.8835 11.8635 11.697 11.3122 11.3794 11.3464 11.1206 9.78818 8.23301 8.90609 7.97936 5.99978 7.59382 8.46869 7.61825 5.7264 3.53373 2.80786 2.83122 1.75148 0.364602 -9999 -9999 -9999 1.55033 2.68815 2.78638 3.12144 4.18161 4.98787 5.5941 6.00704 5.99003 5.54886 4.82716 4.04275 4.31882 5.72271 6.06303 6.34561 6.56206 6.2586 6.41488 6.78938 6.9823 7.02043 6.93077 6.90945 6.93914 6.89322 6.42806 4.07016 2.72028 1.85844 0.127048 -9999 -9999 -9999 -9999 -9999 -9999
-9999 -9999 9.35072 9.81343 10.1874 10.8082 10.8708 11.2645 11.4937 11.838 11.8754 11.4636 11.8009 11.7557 11.6909 11.5549 11.3562 10.2315 8.68171 7.12761 6.40797 6.70728 5.51593 6.11659 7.00298 6.66917 5.50585 3.5516 3.27143 2.80923 0.994267 -0.75102 -9999 -9999 -0.659211 1.52473 3.06248 3.85547 4.10076 4.12381 5.14001 5.219 6.31265 6.05291 4.60114 4.76164 4.19407 4.55622 5.0695 5.20829 5.94391 6.65557 6.78845 6.78983 7.02767 7.07547 7.08689 7.07953 6.91619 6.9895 6.99995 6.70959 5.00122 4.16748 3.24792 0.150474 -9999 -9999 -9999 -9999 -9999 -9999
-9999 -9999 9.58814 10.1057 10.6728 10.7613 11.1806 11.1316 11.005 11.5925 11.8035 11.5123 11.3026 11.6852 11.6573 11.605 11.5193 10.4624 9.23916 7.388 6.23601 5.52796 5.02417 4.34833 4.80044 4.6541 4.46001 4.66989 4.12594 3.04769 1.98393 -0.00336077 -1.07875 -9999 -0.543164 0.441676 2.27088 3.82558 4.81246 4.45704 5.61283 5.82659 6.49086 6.09775 5.21477 4.83436 4.79822 4.68011 5.45616 5.97558 6.33902 6.58385 6.88959 6.96599 7.04296 7.07435 7.09096 7.10797 7.10302 7.09598 7.06054 6.95084 6.16481 5.33194 3.53481 0.252495 -9999 -9999 -9999 -9999 -9999 -9999
-9999 8.07609 9.52824 10.3987 10.7331 10.9732 11.1845 11.3366 11.4942 11.6427 11.746 11.6971 10.9295 10.9909 11.1275 11.5613 11.5287 11.4314 10.7615 8.50973 7.7276 6.58602 5.10999 4.48636 4.78723 5.98631 5.92595 5.12114 4.22515 2.98549 2.19547 0.975715 -1.36207 -1.15486 -0.105722 0.675052 1.91805 3.81877 5.15123 5.74566 5.96989 6.43625 6.67869 6.13994 5.62524 5.40804 5.00748 4.94863 4.94883 5.41646 5.77737 6.5905 6.86316 6.98679 7.04927 7.08237 7.10628 7.12997 7.13766 7.12118 7.12121 7.11395 7.05476 5.94733 3.17846 1.09314 -9999 -9999 -9999 -9999 -9999 -9999
-9999 -9999 9.25811 9.63831 9.73437 9.90603 10.2625 10.6744 11.2576 11.3306 11.6529 11.6484 10.9855 10.2219 10.8854 11.1482 11.4205 11.4268 11.3385 9.44359 8.45083 7.66764 6.2519 6.75144 7.22805 7.25795 6.95953 5.24098 3.52956 1.55399 -0.287702 -0.380269 -1.37403 -0.854284 -0.161899 1.61945 2.87321 3.38155 3.74675 5.67936 6.18074 6.35226 6.84585 6.16961 5.9952 5.48584 5.63404 5.58696 5.58704 4.17951 5.58276 5.66372 6.57956 6.98962 7.08152 7.10572 7.13182 7.13531 7.1399 7.13503 7.14365 7.12865 7.11265 6.39257 2.88133 1.11847 -9999 -9999 -9999 -9999 -9999 -9999
-9999 -9999 -9999 -9999 9.37067 9.65955 9.84324 10.1647 11.1564 11.4223 11.5986 11.6119 11.3161 10.5591 10.3595 10.4971 9.75919 10.3735 11.2136 11.1891 11.0826 9.41635 8.55828 9.37461 9.11763 7.86176 6.8718 5.8947 3.89189 2.42079 0.31067 -1.2746 -1.33832 0.402429 1.84792 3.65056 4.44582 3.99249 4.48321 5.44235 6.53236 7.05893 6.93355 6.22079 6.11768 5.33344 6.09941 6.16247 5.80219 5.49032 5.60757 6.05926 6.23024 6.94639 7.11853 7.14753 7.15204 7.15421 7.15048 7.1458 7.13618 7.12796 7.11711 7.08375 3.47455 0.666962 -9999 -9999 -9999 -9999 -9999 -9999
-9999 -9999 -9999 -9999 8.67749 8.85157 9.31705 10.5198 11.145 11.3973 11.3863 11.5025 11.2935 10.628 9.94511 9.30121 8.47055 8.9432 10.1957 10.9321 11.012 9.55077 10.3003 10.01 9.44372 7.80329 6.59235 5.94695 4.02371 2.37312 0.967263 -0.970982 -0.148352 0.758964 1.92625 3.89273 5.22002 5.76538 5.30718 5.92076 7.17522 7.18165 6.49448 6.5378 6.11628 5.04539 6.15542 6.46574 6.21046 6.27289 6.17301 6.33955 6.64519 6.93771 7.13181 7.15676 7.15851 7.15129 7.15028 7.15027 7.13581 7.13627 7.12545 7.10623 4.77624 0.613501 -9999 -9999 -9999 -9999 -9999 -9999
-9999 -9999 -9999 -9999 -9999 8.04206 9.10996 10.7079 11.0986 11.0594 11.3879 11.4145 11.0944 10.8167 9.98795 8.85608 6.68214 7.23401 8.38676 10.0493 10.9206 10.7975 10.3021 9.44947 7.39526 5.5964 5.37149 5.07087 3.66534 2.39191 0.829517 1.72632 2.71002 3.78753 4.35301 4.20401 5.34119 6.26861 5.87462 6.62738 7.50543 7.10664 6.87025 6.67135 6.18475 6.15344 6.20149 6.83061 6.39063 6.6563 6.65732 6.63974 6.78722 6.95757 7.13694 7.16507 7.16421 7.16628 7.14449 7.15129 7.14035 7.12956 7.11957 7.10299 6.89128 4.64872 3.30755 -9999 -9999 -9999 -9999 -9999
-9999 -9999 -9999 -9999 -9999 7.05255 7.5829 9.47621 10.0551 10.8906 11.3333 11.3519 10.8123 10.5112 9.27671 8.8759 6.86509 5.95311 6.72304 6.42423 8.71393 10.7388 10.2889 6.18531 4.6945 3.62896 3.89365 3.88906 3.49281 1.33186 0.733175 2.65449 3.86321 4.79967 5.51015 5.65698 5.63174 7.08267 7.27508 7.74641 7.64363 7.68681 6.95338 6.49883 6.89131 6.43247 6.35212 7.00217 6.35666 6.93514 6.86082 6.68393 6.6726 7.05355 7.12929 7.1686 7.16969 7.15373 7.13372 7.12202 7.13395 7.12773 7.106 7.10647 7.08482 6.81745 5.65607 5.24921 5.69702 -9999 -9999 -9999
-9999 -9999 -9999 -9999 -9999 -9999 5.8134 8.44638 9.64406 10.2742 11.163 11.2685 10.98 10.4602 9.20281 8.09693 6.29923 4.24592 3.15575 6.40592 9.23355 10.7068 10.5046 7.08793 5.73541 5.66623 6.4521 5.7763 5.26223 3.61789 3.12386 2.43996 2.85438 4.16043 5.22807 6.25867 7.00818 7.06906 7.55592 7.83463 7.85721 7.94424 7.85726 7.7858 7.0753 7.56175 7.14516 7.36268 7.21848 7.08793 6.97233 6.56554 6.84917 7.10027 7.1637 7.18176 7.16507 7.16041 7.14886 7.12453 7.11299 7.11089 7.10802 7.09446 7.09351 7.08036 6.94929 6.24989 5.31371 4.1311 -9999 -9999
-9999 -9999 -9999 -9999 -9999 -9999 4.49616 7.11638 8.37373 9.99861 10.8331 11.1701 11.1239 10.7024 9.74658 8.30845 7.11011 4.81796 2.43751 5.84834 8.88546 10.5226 10.6048 7.73 8.51849 7.86995 8.12258 6.94039 6.44563 6.0502 5.20086 4.27313 3.25834 2.72103 5.12087 6.35271 7.34428 7.81172 8.07599 8.20788 8.13542 7.95401 6.8863 7.69834 7.65123 7.56825 7.47316 7.42581 7.33902 7.23713 7.17287 7.14977 6.87903 7.18075 7.17175 7.17401 7.17389 7.16469 7.14857 7.13458 7.11762 7.11636 7.10567 7.09457 7.08656 7.08235 7.07269 7.03301 6.84597 5.25856 4.3081 4.03875
-9999 -9999 -9999 -9999 -9999 -9999 0.808718 4.62274 7.68327 9.28285 10.583 10.9395 11.0718 10.5065 10.0835 9.05214 8.07533 6.56874 4.31242 2.92194 5.47367 9.18608 10.5497 10.4343 10.3428 9.59437 8.91917 8.8286 8.87293 8.085 6.94402 5.4568 4.99011 4.46731 6.25409 6.49494 6.36288 8.32924 8.33308 8.22075 7.46752 6.62251 6.78139 6.25833 6.65395 6.03004 6.59952 7.0913 7.27331 7.25533 7.18397 7.1728 7.14092 7.19139 7.18835 7.17793 7.16978 7.16492 7.15646 7.1327 7.11898 7.12657 7.10895 7.09649 7.08457 7.08268 7.07735 7.04763 7.02025 6.77463 6.40606 5.70389
-9999 -9999 -9999 -9999 -9999 -9999 0.972289 4.17576 6.8963 8.52495 10.0933 10.4556 10.9839 10.868 10.4248 9.52793 8.40767 7.16729 5.23117 3.79123 5.49808 7.95963 9.7222 10.347 10.3332 10.2851 10.1115 10.0355 9.83428 9.68567 8.86706 7.46155 6.66643 5.50504 7.49651 7.71818 7.40463 8.39857 8.34764 6.8418 5.68382 5.53871 6.24127 5.56836 5.44603 5.02574 5.49589 6.75952 6.38699 6.45725 7.02521 7.11736 7.17528 7.18927 7.18315 7.17851 7.16713 7.16724 7.16754 7.14412 7.1329 7.12701 7.10443 7.09778 7.08167 7.07032 7.05927 7.04269 7.01765 6.94657 6.86795 6.94429
-9999 -9999 -9999 -9999 -9999 -9999 1.04 3.18969 5.63769 8.03792 9.71287 10.3873 10.878 10.871 10.3558 9.90905 9.206 8.11435 7.36468 6.06443 4.28049 7.26289 8.17191 8.98066 9.31926 10.1655 10.1389 9.74269 9.27708 9.6926 9.56331 8.45068 8.08249 7.46383 8.5702 8.57053 8.53788 8.47688 7.20414 5.43572 4.02204 5.03745 4.82378 5.28628 3.83622 5.02404 5.97897 6.28696 5.63408 5.14867 6.63525 6.87995 7.02469 7.11671 7.17659 7.15983 7.17352 7.16342 7.15795 7.1522 7.13858 7.13006 7.11629 7.10215 7.08623 7.0766 7.05853 7.03565 7.03277 6.99442 6.97812 6.96181
-9999 -9999 -9999 -9999 -9999 -9999 -9999 1.91682 5.01717 7.78862 9.33057 10.2995 10.7705 10.7599 10.4953 10.1911 9.75418 8.96581 7.97581 6.4125 5.25091 5.98288 6.87297 6.96531 7.55706 9.28245 9.86825 9.02483 6.94234 8.15892 9.51816 9.49182 9.3717 9.23823 9.06748 8.91496 8.58442 7.70276 5.00558 4.47493 3.41626 3.53518 2.99132 4.1714 3.72373 4.93876 5.46388 5.66048 4.53235 4.76382 6.08372 6.60489 6.51579 6.83501 7.14001 7.14847 7.15585 7.14672 7.15232 7.1539 7.14804 7.13321 7.12235 7.11411 7.08568 7.08805 6.98682 6.92057 6.78731 6.94938 6.96355 6.9711
-9999 -9999 -9999 -9999 -9999 -9999 -9999 1.29358 4.39169 7.65617 8.70256 9.74731 10.6488 10.6643 10.2609 9.87713 9.48187 9.03204 7.83165 6.66728 5.55521 5.17958 5.3993 5.36949 6.33028 8.5801 9.01162 8.82033 6.64461 5.90766 7.72531 9.25257 9.36952 9.22746 7.42268 7.80409 6.82996 5.50984 5.1455 4.5671 3.34639 3.932 3.03735 3.41866 3.30797 3.99684 4.33147 5.15093 4.16754 4.1655 5.46155 6.11442 6.1289 6.81445 7.05791 7.12072 7.13568 7.14626 7.14841 7.15857 7.15172 7.14117 7.12737 7.0941 7.01537 6.77105 5.46743 5.46821 5.82512 6.16274 6.77663 6.95081
-9999 -9999 -9999 -9999 -9999 -9999 -9999 1.65032 3.79932 6.69568 8.84057 8.973 10.0147 10.5514 10.1128 9.61929 9.11435 8.89227 7.58599 6.15114 4.99105 3.61815 3.84019 4.81972 6.41495 7.86681 8.12256 7.8168 6.64535 7.18901 8.42752 9.08356 9.27469 9.11843 8.72322 8.49403 7.77608 7.46398 6.46813 4.91209 4.29833 4.68461 3.03271 3.14633 3.7547 3.0975 4.16407 4.67325 3.40417 4.40426 5.55046 6.13559 6.64703 6.88833 6.9837 7.13088 7.13369 7.14524 7.15125 7.14843 7.14778 7.12317 7.10269 6.96362 6.7587 5.54233 5.0333 5.13186 5.69291 6.18401 6.6993 6.90901
-9999 -9999 -9999 -9999 -9999 -9999 -9999 2.01504 3.94969 6.4607 7.98919 8.2606 9.41605 10.4433 10.326 9.81251 9.65451 9.12227 8.01398 6.7899 5.452 4.79982 3.30434 4.7696 5.91832 7.1474 7.72004 6.75521 6.27262 7.11606 7.95475 8.28773 9.13532 9.12431 8.84438 7.64655 7.06149 7.30599 7.05379 6.61356 5.54192 5.49263 4.80359 4.51709 4.24626 3.36314 3.91825 3.97182 4.12085 5.32224 5.91799 6.31246 6.67119 6.76431 6.91962 7.1217 7.13853 7.14487 7.1431 7.14613 7.13046 7.07193 7.02247 6.74324 6.24943 5.3286 3.83504 4.88527 5.98344 6.31277 6.63067 6.79563
-9999 -9999 -9999 -9999 -9999 -9999 -9999 1.68282 3.73827 5.88395 6.77957 6.92954 9.02263 10.3034 10.3033 10.0586 9.77312 8.46185 8.53611 8.27161 7.06445 5.30719 3.37734 3.55446 4.69343 6.31328 6.84814 5.26074 4.70023 5.10616 6.37643 7.51335 8.70083 9.00041 8.64856 6.78531 4.80561 5.72087 6.69909 6.69193 6.40269 5.40861 5.09173 4.80462 4.07865 2.84759 3.02045 3.35927 4.7241 5.15599 5.82419 6.37893 6.1677 6.289 6.81988 7.12405 7.13449 7.13896 7.1481 7.14023 7.12118 7.00522 6.88245 6.67693 5.3907 4.59048 3.42736 4.77664 5.52498 5.92485 6.63738 6.80661
-9999 -9999 -9999 -9999 -9999 -9999 -9999 1.04354 2.53442 4.58522 5.41022 6.72782 8.70565 9.67726 10.1418 10.1291 9.93806 9.3495 8.99453 8.29741 7.04174 5.32567 3.41825 2.17517 2.80164 4.97924 5.492 4.02893 3.28641 4.20326 5.55739 7.56421 8.70968 8.86203 8.75566 8.36961 6.92365 5.17722 5.18128 6.0544 5.32058 4.46796 4.93412 4.84563 4.12875 3.60669 3.27915 3.4753 4.25076 4.57221 5.34446 6.48503 6.64722 6.6135 7.0931 7.11602 7.12618 7.14332 7.14179 7.13645 7.1211 7.02632 6.8151 5.95866 5.21164 4.17272 4.04331 5.2447 5.77311 6.26175 6.61092 6.72415
-9999 -9999 -9999 -9999 -9999 -9999 -9999 -0.0555964 1.69901 3.62 5.41862 7.12024 8.58446 8.69544 9.46659 9.46323 9.86607 9.74744 9.20151 8.61393 7.53164 5.32807 3.47447 1.45308 1.98142 4.20749 4.48239 3.50522 1.703 3.55697 5.60202 7.45536 8.45744 7.66698 8.47193 8.40332 7.86019 6.81971 5.20314 5.23182 4.01996 3.96547 4.58505 4.78486 4.67939 4.28701 3.6583 3.75849 4.22703 4.34626 5.05588 5.94043 6.80524 6.94953 7.11357 7.11958 7.12124 7.13375 7.13452 7.11551 7.07026 6.97111 6.25295 5.39903 4.87258 4.14838 4.05956 5.44853 6.00122 6.30781 6.60942 6.72803
-9999 -9999 -9999 -9999 -9999 -9999 -9999 -9999 1.51688 3.50157 4.96958 5.36313 6.66438 7.36595 7.9083 8.02663 9.57852 9.66163 9.31452 8.77453 7.85099 6.1781 5.01138 3.07234 1.67747 2.23705 2.48922 2.99693 2.84274 3.66777 5.63291 7.68057 7.90148 6.59619 6.78666 7.05694 7.66564 7.35369 5.15165 4.03194 3.10219 3.75933 4.4507 4.61649 4.64805 4.51223 4.35188 4.0757 5.0015 5.68617 5.8438 6.44071 6.88113 7.0019 7.09268 7.10297 7.11351 7.11273 7.08607 7.06648 6.95469 6.70532 5.90205 3.97165 4.06067 3.85087 3.24956 4.60722 5.46012 6.22554 6.63193 6.7363
-9999 -9999 -9999 -9999 -9999 -9999 -9999 -9999 0.85327 3.15003 3.63326 3.5948 2.8312 3.17933 5.99918 6.56507 8.05329 9.4622 9.35583 8.82597 7.96166 6.96399 5.42097 3.2406 1.50726 0.766704 2.61888 4.4369 4.8109 5.39121 6.5942 6.82048 5.48639 4.23534 4.93389 5.35382 6.96038 7.25188 6.93711 5.60951 4.09186 3.29863 4.23041 4.35308 4.40694 4.41581 4.38356 4.33679 5.37651 5.95351 6.35337 6.5705 6.9485 7.04439 7.07438 7.1026 7.09479 7.0743 7.01346 6.9444 6.64348 6.27937 4.96421 3.86752 3.18321 2.31484 4.2681 4.84848 5.65174 6.16742 6.57165 6.65968
