Test_Spring_2018/03_18/Temp/20180329_014.txt
ncols	170
nrows	115
xllcorner	350000.000000
yllcorner	4445000.000000
cellsize	1000.000000
nodata_value	-9999.000000
[rows 32 to 63 of 115, columns 72 to 143 of 170]
15.5632 15.4211 15.6777 15.9147 15.7729 15.6866 16.058 16.0719 15.9612 15.6821 15.5894 15.4932 15.4406 15.0799 14.039 13.1024 13.63 13.659 13.3226 13.9726 13.6546 12.7981 11.5822 12.2678 12.1092 11.2367 11.0348 -9999 -9999 -9999 -9999 -9999 -9999 -9999 -9999 -9999 -9999 -9999 -9999 -9999 -9999 -9999 -9999 -9999 -9999 -9999 -9999 -9999 -9999 -9999 -9999 -9999 -9999 -9999 -9999 -9999 -9999 -9999 -9999 -9999 -9999 -9999 -9999 -9999 -9999 -9999 -9999 -9999 -9999 -9999 -9999 -9999
15.353 15.3005 15.6749 15.6816 15.6621 15.7868 16.0196 16.0791 16.0448 15.9314 15.8357 15.7332 15.4497 15.0348 14.1463 13.0779 12.8486 13.3964 13.4386 13.5406 13.2522 12.8855 12.3025 12.8091 13.0155 12.4526 11.7038 11.2253 -9999 -9999 -9999 -9999 -9999 -9999 -9999 -9999 -9999 -9999 -9999 -9999 -9999 -9999 -9999 -9999 -9999 -9999 -9999 -9999 -9999 -9999 -9999 -9999 -9999 -9999 -9999 -9999 -9999 -9999 -9999 -9999 -9999 -9999 -9999 -9999 -9999 -9999 -9999 -9999 -9999 -9999 -9999 -9999
15.1026 14.7684 14.9998 15.177 15.4716 15.5462 15.6054 16.0489 16.0407 16.0356 15.8675 15.7364 15.5094 15.1107 14.5364 13.8417 12.6199 13.4004 14.0151 14.0164 14.0002 13.7482 13.1887 13.6862 13.7247 12.9996 12.1585 11.6841 11.4977 -9999 -9999 -9999 -9999 -9999 -9999 -9999 -9999 -9999 -9999 -9999 -9999 -9999 -9999 -9999 -9999 -9999 -9999 -9999 -9999 -9999 -9999 -9999 -9999 -9999 -9999 -9999 -9999 -9999 -9999 -9999 -9999 -9999 -9999 -9999 -9999 -9999 -9999 -9999 -9999 -9999 -9999 -9999
14.8184 14.4067 14.6394 14.9449 15.3584 15.5676 15.7336 15.8761 16.0215 16.0209 15.8484 15.3098 15.2465 15.2388 14.8689 14.0746 13.2815 13.0885 14.0175 14.2953 14.2585 14.4786 14.007 14.2534 14.1746 13.9271 13.1257 12.3983 12.1122 11.5306 -9999 -9999 -9999 -9999 -9999 -9999 -9999 -9999 -9999 -9999 -9999 -9999 -9999 -9999 -9999 -9999 -9999 -9999 -9999 -9999 -9999 -9999 -9999 -9999 -9999 -9999 -9999 -9999 -9999 -9999 -9999 -9999 -9999 -9999 -9999 -9999 -9999 -9999 -9999 -9999 -9999 -9999
-9999 -9999 14.153 14.5523 14.8868 15.2929 15.6433 15.8311 16.0143 16.0154 15.6555 15.4875 15.4874 15.2505 14.821 14.5578 14.0647 13.5504 13.7701 14.5647 14.2352 14.8026 14.772 14.8891 14.5363 13.8395 12.9198 12.3803 12.1259 11.6577 -9999 -9999 -9999 -9999 -9999 -9999 -9999 -9999 -9999 -9999 -9999 -9999 -9999 -9999 -9999 -9999 -9999 -9999 -9999 -9999 -9999 -9999 -9999 -9999 -9999 -9999 -9999 -9999 -9999 -9999 -9999 -9999 -9999 -9999 -9999 -9999 -9999 -9999 -9999 -9999 -9999 -9999
-9999 -9999 -9999 14.4796 14.7359 15.2862 15.5585 15.6851 15.9715 15.9867 15.8597 15.7679 15.6282 15.4412 15.1226 14.7696 14.307 14.2797 14.7942 14.8171 14.7297 14.8277 15.0993 15.0476 14.4893 13.5106 13.006 11.9502 11.5139 11.5769 11.2729 -9999 -9999 -9999 -9999 -9999 -9999 -9999 -9999 -9999 -9999 -9999 -9999 12.7488 -9999 -9999 -9999 -9999 -9999 -9999 -9999 -9999 -9999 -9999 -9999 -9999 -9999 -9999 -9999 -9999 -9999 -9999 -9999 -9999 11.2496 -9999 -9999 -9999 -9999 -9999 -9999 -9999
-9999 -9999 14.429 14.7597 15.0335 15.3828 15.4201 15.6244 15.9514 15.9703 15.8845 15.7861 15.5461 15.4991 15.325 14.9405 14.8756 15.0555 15.1476 15.2495 15.3184 15.2922 15.2046 15.0863 14.7206 14.2793 13.9881 13.0349 12.5516 12.1007 11.4103 10.8742 -9999 -9999 -9999 -9999 -9999 -9999 -9999 12.2984 12.2922 12.325 12.5004 12.9489 12.7176 -9999 -9999 -9999 -9999 -9999 -9999 -9999 -9999 -9999 -9999 -9999 -9999 -9999 -9999 -9999 -9999 -9999 -9999 -9999 11.6367 11.1016 -9999 -9999 -9999 -9999 -9999 -9999
-9999 -9999 14.5035 14.8687 15.057 15.3961 15.5954 15.7142 15.8363 15.9541 15.9515 15.8409 15.6652 15.683 15.4358 15.3107 15.2265 15.4641 15.5249 15.4537 15.3596 15.2779 15.0167 15 14.9122 14.6373 14.1764 13.7011 12.9957 12.0518 11.1268 10.3843 -9999 -9999 -9999 -9999 -9999 -9999 12.3567 12.7325 12.966 12.5333 12.9409 13.3152 13.2792 12.9545 -9999 -9999 -9999 -9999 -9999 -9999 -9999 -9999 -9999 -9999 -9999 -9999 -9999 -9999 14.1915 13.6417 12.5098 11.9402 11.6072 11.1227 -9999 -9999 -9999 -9999 -9999 -9999
-9999 -9999 14.4347 14.8631 15.1569 15.4189 15.4705 15.731 15.8493 15.9189 15.9269 15.9173 15.8981 15.6843 15.6024 15.2715 15.6227 15.6279 15.5611 15.2443 15.1163 14.559 14.3224 14.2694 14.7665 14.4244 13.6943 12.7781 11.6642 11.6052 11.2514 10.5893 -9999 -9999 -9999 -9999 -9999 -9999 12.465 12.8658 13.2039 13.2709 12.8413 13.4907 13.4852 13.1543 13.0953 13.4044 13.5713 13.4792 13.8462 13.9679 13.8333 14.0244 -9999 -9999 -9999 -9999 14.2289 14.2728 14.3111 14.0944 12.8559 12.0169 11.266 11.2174 -9999 -9999 -9999 -9999 -9999 -9999
-9999 -9999 14.7246 14.9921 15.1326 15.1642 15.4 15.6277 15.7726 15.8862 15.8805 15.8879 15.8955 15.8337 15.6681 15.7191 15.7225 15.6338 15.0158 14.2911 14.6317 14.2069 13.2714 14.0501 14.4855 14.0955 13.2072 12.175 11.8368 11.8647 11.366 10.7208 -9999 -9999 -9999 11.3639 11.9281 11.9955 12.1765 12.7046 13.1115 13.4227 13.6418 13.6526 13.4669 13.1439 12.7909 12.945 13.6385 13.8232 13.9802 14.1056 13.9821 14.0797 14.2801 14.3935 14.4328 14.411 14.4219 14.4574 14.4569 14.2561 13.1491 12.5257 12.1361 11.3389 -9999 -9999 -9999 -9999 -9999 -9999
-9999 -9999 14.5624 14.796 14.987 15.2954 15.3375 15.5384 15.6558 15.832 15.8654 15.6849 15.8633 15.8597 15.8473 15.8015 15.7259 15.2076 14.486 13.762 13.4368 13.593 13.0409 13.3446 13.7854 13.6415 13.1005 12.1821 12.0644 11.8535 11.0026 10.1858 -9999 -9999 10.2857 11.3498 12.1053 12.5051 12.6433 12.6756 13.1831 13.2426 13.7875 13.6828 13.0136 13.1127 12.8636 13.0591 13.3288 13.4172 13.7895 14.1528 14.2379 14.2599 14.3948 14.4387 14.4651 14.4825 14.4254 14.4817 14.5081 14.3909 13.5959 13.2194 12.8036 11.3512 -9999 -9999 -9999 -9999 -9999 -9999
-9999 -9999 14.6744 14.9337 15.2166 15.2706 15.4831 15.4731 15.42 15.715 15.8289 15.706 15.6229 15.824 15.8295 15.8239 15.8028 15.3172 14.7521 13.8863 13.3545 13.0297 12.8063 12.4983 12.7312 12.6776 12.601 12.7174 12.472 11.9665 11.4749 10.5419 10.0456 -9999 10.3393 10.8299 11.7248 12.489 12.9821 12.8335 13.408 13.5322 13.8699 13.704 13.307 13.1497 13.1549 13.1208 13.5141 13.7849 13.9794 14.1183 14.2871 14.3449 14.4027 14.4387 14.4674 14.4964 14.515 14.5327 14.5371 14.5064 14.1525 13.7776 12.941 11.4001 -9999 -9999 -9999 -9999 -9999 -9999
-9999 13.9465 14.6472 15.0747 15.2455 15.3715 15.4839 15.5685 15.6516 15.7368 15.801 15.7923 15.4424 15.4901 15.5745 15.8017 15.8062 15.78 15.4798 14.4226 14.0642 13.5353 12.8468 12.5648 12.7252 13.3148 13.3018 12.9326 12.5197 11.9373 11.5748 11.0088 9.90852 10.026 10.5467 10.9397 11.5543 12.4841 13.1426 13.4485 13.5777 13.8212 13.9593 13.7261 13.5052 13.4242 13.2553 13.2497 13.2722 13.518 13.7114 14.1225 14.2744 14.3555 14.4063 14.443 14.4751 14.5071 14.5316 14.5448 14.5661 14.5843 14.5788 14.0719 12.7741 11.8056 -9999 -9999 -9999 -9999 -9999 -9999
-9999 -9999 14.5193 14.7117 14.768 14.8607 15.042 15.2504 15.537 15.5856 15.7545 15.7682 15.4676 15.1208 15.4574 15.6031 15.7537 15.7773 15.7555 14.8659 14.4098 14.0533 13.3936 13.6487 13.8929 13.9231 13.796 12.9894 12.1863 11.2518 10.3875 10.3602 9.90144 10.1683 10.5184 11.3899 12.0097 12.2736 12.4696 13.4157 13.6764 13.7821 14.0408 13.7401 13.6821 13.4616 13.5553 13.5555 13.578 12.9271 13.6192 13.6798 14.1394 14.357 14.4223 14.4545 14.4876 14.5098 14.5328 14.5514 14.5768 14.5918 14.6088 14.2877 12.6321 11.8179 -9999 -9999 -9999 -9999 -9999 -9999
-9999 -9999 -9999 -9999 14.5942 14.7425 14.8408 15.0056 15.4875 15.6282 15.7272 15.7494 15.625 15.281 15.205 15.291 14.9587 15.273 15.6937 15.7014 15.6692 14.8903 14.4967 14.9037 14.797 14.2121 13.754 13.3018 12.359 11.6659 10.673 9.93156 9.91837 10.7688 11.4785 12.3602 12.7608 12.5648 12.821 13.3016 13.8452 14.1197 14.0826 13.7646 13.7408 13.389 13.7783 13.8313 13.6816 13.5547 13.6319 13.8698 13.9731 14.3368 14.4401 14.4749 14.4975 14.519 14.5379 14.5566 14.5746 14.5931 14.6108 14.6183 12.9161 11.6022 -9999 -9999 -9999 -9999 -9999 -9999
-9999 -9999 -9999 -9999 14.2627 14.3559 14.5888 15.1749 15.4815 15.6156 15.625 15.6964 15.6136 15.3138 15.0065 14.7189 14.342 14.5884 15.2074 15.5791 15.636 14.9552 15.3304 15.2081 14.9533 14.1844 13.6205 13.3268 12.4219 11.6429 10.9867 10.0764 10.487 10.9388 11.5157 12.4755 13.1306 13.4124 13.2147 13.5301 14.1525 14.1784 13.8727 13.9165 13.7405 13.2516 13.8057 13.977 13.8775 13.9297 13.903 14.0045 14.1722 14.3333 14.447 14.4795 14.5009 14.5179 14.538 14.5595 14.5744 14.597 14.6149 14.6293 13.539 11.5771 -9999 -9999 -9999 -9999 -9999 -9999
-9999 -9999 -9999 -9999 -9999 13.9686 14.4896 15.2648 15.4593 15.454 15.6258 15.6545 15.5186 15.4042 15.0273 14.5063 13.4871 13.7714 14.3427 15.1573 15.5927 15.5519 15.3316 14.9404 13.974 13.1293 13.0369 12.9081 12.2508 11.6522 10.9211 11.3666 11.8542 12.3874 12.6765 12.6246 13.1887 13.6532 13.4863 13.8684 14.3108 14.1429 14.0529 13.9809 13.7738 13.7822 13.8283 14.1521 13.9643 14.1137 14.1353 14.1487 14.2407 14.3433 14.4499 14.484 14.504 14.5254 14.5357 14.5602 14.5769 14.5942 14.6125 14.6283 14.5512 13.5076 12.8915 -9999 -9999 -9999 -9999 -9999
-9999 -9999 -9999 -9999 -9999 13.4953 13.7595 14.6761 14.9608 15.374 15.6005 15.6255 15.3847 15.259 14.6878 14.5164 13.5753 13.1592 13.5474 13.4239 14.5377 15.5241 15.3256 13.3797 12.6828 12.1888 12.3307 12.3435 12.169 11.1459 10.8758 11.8113 12.4066 12.8724 13.2308 13.3204 13.3286 14.0435 14.1569 14.4044 14.3777 14.4212 14.0934 13.8991 14.1125 13.9164 13.9011 14.2349 13.9488 14.2477 14.2332 14.1704 14.1865 14.3897 14.4468 14.4861 14.5073 14.52 14.5312 14.547 14.5746 14.5942 14.6069 14.6309 14.6447 14.5458 14.0157 13.8464 14.0858 -9999 -9999 -9999
-9999 -9999 -9999 -9999 -9999 -9999 12.9137 14.1844 14.7652 15.0805 15.5206 15.5872 15.4648 15.2352 14.6535 14.1448 13.3054 12.3437 11.8416 13.4153 14.7864 15.509 15.429 13.8116 13.181 13.1637 13.555 13.247 13.0163 12.2403 12.0204 11.7101 11.9256 12.5675 13.0975 13.6099 13.9885 14.0386 14.293 14.4479 14.4811 14.5455 14.5268 14.5157 14.2015 14.4574 14.2812 14.4081 14.3617 14.3215 14.2871 14.1144 14.2714 14.4126 14.4637 14.4938 14.506 14.5242 14.5395 14.5491 14.5658 14.5874 14.6092 14.6264 14.6501 14.6729 14.6354 14.3261 13.9034 13.3626 -9999 -9999
-9999 -9999 -9999 -9999 -9999 -9999 12.2843 13.5495 14.159 14.9504 15.3618 15.5391 15.5351 15.3524 14.9148 14.247 13.694 12.6179 11.4993 13.1498 14.6199 15.421 15.4777 14.1189 14.5124 14.2182 14.3548 13.8049 13.5837 13.405 13.0154 12.5887 12.1197 11.882 13.0486 13.6572 14.1516 14.396 14.5439 14.6291 14.6159 14.5517 14.0639 14.4752 14.4782 14.4616 14.4391 14.4391 14.4201 14.3935 14.3836 14.3943 14.2862 14.452 14.4699 14.4912 14.5115 14.5277 14.5408 14.5555 14.5692 14.5914 14.6098 14.6281 14.6484 14.6754 14.6958 14.7018 14.6372 13.9026 13.4723 13.3698
-9999 -9999 -9999 -9999 -9999 -9999 10.5214 12.3581 13.8262 14.6063 15.2428 15.4305 15.5119 15.2603 15.0774 14.6038 14.1566 13.4559 12.3964 11.7507 12.9896 14.7832 15.4514 15.4125 15.3854 15.0437 14.7367 14.7093 14.7463 14.3799 13.8493 13.1555 12.9516 12.7199 13.5933 13.728 13.685 14.6463 14.6695 14.6377 14.2997 13.9168 14.0155 13.788 14.0026 13.7272 14.0223 14.2801 14.3895 14.4029 14.3896 14.4065 14.4126 14.4601 14.4791 14.4945 14.5111 14.5295 14.5464 14.5565 14.5719 14.5979 14.613 14.6306 14.6492 14.6774 14.6996 14.7101 14.7217 14.6286 14.4764 14.1668
-9999 -9999 -9999 -9999 -9999 -9999 10.5961 12.1355 13.4512 14.2436 15.0102 15.2008 15.4716 15.4348 15.242 14.8325 14.3164 13.7428 12.8363 12.1667 13.0018 14.1967 15.0574 15.3726 15.3813 15.3748 15.3081 15.2863 15.2062 15.1454 14.7712 14.1184 13.7561 13.2192 14.1906 14.3162 14.1864 14.6825 14.6794 13.9809 13.4492 13.4022 13.7591 13.4599 13.4269 13.2482 13.4957 14.1225 13.9673 14.0228 14.3151 14.3807 14.433 14.4605 14.4781 14.4965 14.5117 14.5326 14.5539 14.5642 14.5808 14.6004 14.6125 14.6334 14.6495 14.6734 14.6927 14.7093 14.7216 14.7118 14.7006 14.7634
-9999 -9999 -9999 -9999 -9999 -9999 10.6301 11.6646 12.8505 14.012 14.8298 15.1698 15.4225 15.4377 15.2103 15.0159 14.699 14.1963 13.857 13.2542 12.4197 13.8643 14.3161 14.7194 14.897 15.3183 15.322 15.1488 14.9346 15.1506 15.1083 14.5941 14.4363 14.1591 14.7074 14.7272 14.7317 14.7232 14.1356 13.3114 12.6572 13.1649 13.085 13.3268 12.6588 13.2501 13.7295 13.8992 13.6082 13.398 14.1294 14.272 14.3624 14.4273 14.4767 14.4895 14.5168 14.533 14.5517 14.5705 14.586 14.6043 14.6205 14.6369 14.654 14.6786 14.6944 14.7104 14.7334 14.7384 14.7542 14.7727
-9999 -9999 -9999 -9999 -9999 -9999 -9999 11.0571 12.5522 13.8939 14.6482 15.129 15.3723 15.3856 15.2779 15.1514 14.9616 14.6037 14.1492 13.4203 12.8833 13.2515 13.694 13.7547 14.0548 14.8969 15.1938 14.8072 13.8202 14.4217 15.0896 15.0951 15.0561 15.011 14.9484 14.8952 14.7573 14.3562 13.0873 12.855 12.3704 12.4492 12.2113 12.796 12.6074 13.211 13.4846 13.6008 13.0834 13.2145 13.8724 14.1431 14.1217 14.2953 14.4611 14.4861 14.5106 14.5274 14.5515 14.5739 14.5932 14.6097 14.6274 14.6466 14.6581 14.6888 14.6647 14.6572 14.6175 14.7189 14.7491 14.7854
-9999 -9999 -9999 -9999 -9999 -9999 -9999 10.7558 12.2535 13.8313 14.3488 14.866 15.3152 15.341 15.1667 15.0021 14.832 14.6358 14.0806 13.5424 13.029 12.8676 12.9906 12.9919 13.4687 14.5619 14.7854 14.711 13.6817 13.3472 14.2346 14.9834 15.058 15.009 14.1652 14.3674 13.9216 13.3108 13.1575 12.9021 12.3398 12.6416 12.2356 12.44 12.4104 12.7622 12.9445 13.3585 12.9102 12.9296 13.5765 13.9102 13.9385 14.2875 14.425 14.4762 14.5045 14.5309 14.5534 14.5801 14.599 14.6164 14.6325 14.6397 14.6253 14.5338 13.9403 13.9646 14.1591 14.3441 14.6652 14.7778
-9999 -9999 -9999 -9999 -9999 -9999 -9999 10.9261 11.9703 13.3724 14.4155 14.4965 15.0128 15.2878 15.0967 14.8794 14.6568 14.5694 13.9634 13.2958 12.7595 12.1211 12.2453 12.7316 13.5099 14.2217 14.3614 14.2325 13.6838 13.962 14.5728 14.9051 15.0154 14.9598 14.7903 14.7005 14.3773 14.2485 13.7931 13.07 12.7978 13.0041 12.2357 12.3119 12.6247 12.3338 12.866 13.1316 12.5465 13.0508 13.6208 13.9222 14.1883 14.325 14.3919 14.4835 14.5062 14.5332 14.5577 14.5782 14.6 14.6106 14.6235 14.5799 14.5049 13.9464 13.735 13.8058 14.0977 14.356 14.637 14.7601
-9999 -9999 -9999 -9999 -9999 -9999 -9999 11.0999 12.042 13.2601 14.0087 14.1563 14.727 15.2367 15.1992 14.9723 14.9155 14.6797 14.1684 13.6016 12.9802 12.6866 11.9895 12.7082 13.273 13.8786 14.1701 13.7196 13.5072 13.9291 14.3488 14.5269 14.9513 14.9654 14.8511 14.2981 14.0385 14.1759 14.076 13.8864 13.3951 13.3929 13.0849 12.9695 12.8617 12.4626 12.7501 12.7976 12.8963 13.4917 13.7984 14.0088 14.2019 14.2679 14.3636 14.4817 14.5112 14.5358 14.5567 14.58 14.5946 14.589 14.5879 14.4771 14.2638 13.8465 13.1643 13.6901 14.2387 14.4267 14.6066 14.7083
-9999 -9999 -9999 -9999 -9999 -9999 -9999 10.9403 11.9405 12.9841 13.4302 13.5199 14.5392 15.1702 15.1887 15.0903 14.9726 14.3642 14.4184 14.3105 13.7517 12.9296 12.0249 12.1276 12.6894 13.4805 13.7542 13.0062 12.7567 12.9696 13.5959 14.1587 14.7458 14.9086 14.76 13.8888 12.9622 13.4204 13.9089 13.9264 13.8092 13.355 13.2249 13.1091 12.7834 12.2195 12.3224 12.5063 13.1855 13.4141 13.7555 14.0426 13.9633 14.0429 14.3183 14.4854 14.5119 14.5357 14.5619 14.5801 14.5931 14.5599 14.5237 14.448 13.8556 13.4958 12.9688 13.6404 14.0216 14.2486 14.6124 14.7161
-9999 -9999 -9999 -9999 -9999 -9999 -9999 10.6336 11.3641 12.3626 12.7751 13.4234 14.3877 14.8709 15.1117 15.1243 15.0517 14.7889 14.6379 14.3231 13.7411 12.9388 12.0449 11.4686 11.7863 12.8433 13.1081 12.4183 12.0819 12.5393 13.206 14.1849 14.7521 14.8446 14.8135 14.6488 13.9775 13.1627 13.1853 13.6237 13.2938 12.9072 13.1515 13.1306 12.8092 12.5811 12.4477 12.5693 12.961 13.1368 13.5281 14.0955 14.1949 14.2004 14.4515 14.4841 14.5106 14.5406 14.5617 14.5811 14.5958 14.5727 14.4941 14.1071 13.7725 13.2984 13.2594 13.8666 14.1502 14.4123 14.6023 14.6793
-9999 -9999 -9999 -9999 -9999 -9999 -9999 10.1068 10.9637 11.9004 12.7788 13.6109 14.3296 14.4013 14.7888 14.806 15.0174 14.9795 14.7371 14.4748 13.9757 12.9404 12.0722 11.1238 11.3947 12.4766 12.6175 12.169 11.3259 12.2316 13.2288 14.1345 14.6332 14.2748 14.6797 14.6669 14.4274 13.9502 13.1977 13.2322 12.6736 12.6687 12.9863 13.1033 13.0743 12.9082 12.6322 12.7065 12.9516 13.0308 13.3922 13.8372 14.2727 14.3635 14.4637 14.4884 14.5109 14.5387 14.5609 14.5738 14.5742 14.549 14.2279 13.842 13.6128 13.2892 13.2695 13.963 14.2618 14.437 14.6042 14.6839
-9999 -9999 -9999 -9999 -9999 -9999 -9999 -9999 10.8757 11.8431 12.5635 12.7702 13.4111 13.7653 14.0435 14.1189 14.88 14.9386 14.7914 14.5519 14.1288 13.3473 12.8077 11.8987 11.2499 11.5362 11.6652 11.9269 11.8722 12.2858 13.2449 14.2436 14.3688 13.7642 13.8752 14.0246 14.336 14.2072 13.1747 12.66 12.2364 12.5718 12.9237 13.0244 13.061 13.0176 12.9711 12.8589 13.3239 13.6736 13.7711 14.0786 14.3113 14.3909 14.4562 14.483 14.5098 14.5313 14.5404 14.553 14.5215 14.4244 14.0626 13.1618 13.2269 13.1493 12.8845 13.565 14.011 14.4002 14.6177 14.6906
-9999 -9999 -9999 -9999 -9999 -9999 -9999 -9999 10.5573 11.6741 11.9237 11.9239 11.5775 11.7628 13.1303 13.4199 14.1506 14.8434 14.8114 14.5768 14.1821 13.7236 13.0041 11.9797 11.169 10.826 11.7302 12.6165 12.8144 13.1111 13.7057 13.8333 13.2149 12.6363 12.9904 13.2113 14 14.1599 14.03 13.4159 12.711 12.3528 12.8197 12.8998 12.9471 12.973 12.9853 12.9866 13.5051 13.8034 14.0169 14.1429 14.3458 14.4136 14.4499 14.4853 14.5034 14.5154 14.5082 14.4971 14.3752 14.2232 13.6164 13.1143 12.8096 12.417 13.3741 13.6829 14.1005 14.3749 14.5914 14.6567
