Test_Spring_2018/03_18/Temp/20180330_006.txt
ncols	170
nrows	115
xllcorner	350000.000000
yllcorner	4445000.000000
cellsize	1000.000000
nodata_value	-9999.000000
[rows 32 to 63 of 115, columns 72 to 143 of 170]
10.2499 9.88874 10.4337 10.9352 10.6251 10.4178 11.2471 11.2423 10.9535 10.2814 10.0317 9.77287 9.61232 8.7513 6.34461 4.17451 5.32946 5.35191 4.54474 5.97827 5.21355 3.22656 0.423636 1.94012 1.53983 -0.442189 -0.936259 -9999 -9999 -9999 -9999 -9999 -9999 -9999 -9999 -9999 -9999 -9999 -9999 -9999 -9999 -9999 -9999 -9999 -9999 -9999 -9999 -9999 -9999 -9999 -9999 -9999 -9999 -9999 -9999 -9999 -9999 -9999 -9999 -9999 -9999 -9999 -9999 -9999 -9999 -9999 -9999 -9999 -9999 -9999 -9999 -9999
9.76689 9.60884 10.4214 10.3992 10.3472 10.6395 11.1536 11.2519 11.1364 10.8405 10.5837 10.3108 9.62585 8.64163 6.58121 4.11181 3.5478 4.74882 4.80167 4.99057 4.29315 3.41847 2.0529 3.16266 3.59085 2.28435 0.576432 -0.522055 -9999 -9999 -9999 -9999 -9999 -9999 -9999 -9999 -9999 -9999 -9999 -9999 -9999 -9999 -9999 -9999 -9999 -9999 -9999 -9999 -9999 -9999 -9999 -9999 -9999 -9999 -9999 -9999 -9999 -9999 -9999 -9999 -9999 -9999 -9999 -9999 -9999 -9999 -9999 -9999 -9999 -9999 -9999 -9999
9.19194 8.39392 8.88164 9.24667 9.93265 10.1082 10.2063 11.1768 11.1205 11.0706 10.6494 10.3115 9.75486 8.80745 7.46065 5.84008 3.02214 4.7515 6.1046 6.06483 5.98552 5.37123 4.05902 5.14806 5.19467 3.52602 1.63299 0.512598 0.0462566 -9999 -9999 -9999 -9999 -9999 -9999 -9999 -9999 -9999 -9999 -9999 -9999 -9999 -9999 -9999 -9999 -9999 -9999 -9999 -9999 -9999 -9999 -9999 -9999 -9999 -9999 -9999 -9999 -9999 -9999 -9999 -9999 -9999 -9999 -9999 -9999 -9999 -9999 -9999 -9999 -9999 -9999 -9999
8.53912 7.56553 8.05633 8.71298 9.64405 10.1275 10.4912 10.7782 11.071 11.0312 10.6003 9.33673 9.15205 9.09259 8.20996 6.36311 4.51866 4.03706 6.1038 6.69173 6.56588 7.02355 5.91113 6.42962 6.21015 5.61528 3.79192 2.12782 1.43481 0.0702316 -9999 -9999 -9999 -9999 -9999 -9999 -9999 -9999 -9999 -9999 -9999 -9999 -9999 -9999 -9999 -9999 -9999 -9999 -9999 -9999 -9999 -9999 -9999 -9999 -9999 -9999 -9999 -9999 -9999 -9999 -9999 -9999 -9999 -9999 -9999 -9999 -9999 -9999 -9999 -9999 -9999 -9999
-9999 -9999 6.9444 7.84245 8.58459 9.49657 10.2797 10.6701 11.0491 11.0136 10.1571 9.73557 9.69424 9.11422 8.09603 7.45504 6.2918 5.08004 5.53576 7.29742 6.50638 7.75304 7.64205 7.86703 7.02524 5.43761 3.31721 2.08007 1.45943 0.352564 -9999 -9999 -9999 -9999 -9999 -9999 -9999 -9999 -9999 -9999 -9999 -9999 -9999 -9999 -9999 -9999 -9999 -9999 -9999 -9999 -9999 -9999 -9999 -9999 -9999 -9999 -9999 -9999 -9999 -9999 -9999 -9999 -9999 -9999 -9999 -9999 -9999 -9999 -9999 -9999 -9999 -9999
-9999 -9999 -9999 7.67039 8.23512 9.45112 10.081 10.333 10.9471 10.944 10.6167 10.3683 10.0098 9.54298 8.77645 7.9312 6.83678 6.73073 7.85568 7.8644 7.62307 7.80346 8.37896 8.22074 6.92036 4.68373 3.49732 1.09684 0.0633955 0.163394 -0.570778 -9999 -9999 -9999 -9999 -9999 -9999 -9999 -9999 -9999 -9999 -9999 -9999 2.14741 -9999 -9999 -9999 -9999 -9999 -9999 -9999 -9999 -9999 -9999 -9999 -9999 -9999 -9999 -9999 -9999 -9999 -9999 -9999 -9999 -2.36535 -9999 -9999 -9999 -9999 -9999 -9999 -9999
-9999 -9999 7.55586 8.31493 8.90418 9.66507 9.73872 10.1901 10.8971 10.9031 10.6697 10.4063 9.81991 9.67078 9.23219 8.31486 8.12297 8.48734 8.65231 8.84004 8.95365 8.85201 8.61164 8.30252 7.46475 6.42285 5.72187 3.52535 2.41467 1.34819 -0.263269 -1.52514 -9999 -9999 -9999 -9999 -9999 -9999 -9999 1.32377 1.25863 1.28164 1.62834 2.59519 2.018 -9999 -9999 -9999 -9999 -9999 -9999 -9999 -9999 -9999 -9999 -9999 -9999 -9999 -9999 -9999 -9999 -9999 -9999 -9999 -1.49546 -2.76632 -9999 -9999 -9999 -9999 -9999 -9999
-9999 -9999 7.75605 8.554 8.95071 9.68993 10.1112 10.3895 10.6319 10.8633 10.8192 10.5283 10.088 10.0857 9.48044 9.15159 8.9152 9.40985 9.50332 9.29738 9.04049 8.81277 8.17833 8.1004 7.89258 7.22944 6.1441 5.02582 3.41826 1.23263 -0.910966 -2.64109 -9999 -9999 -9999 -9999 -9999 -9999 1.50304 2.30548 2.78403 1.74955 2.6231 3.42097 3.28687 2.50171 -9999 -9999 -9999 -9999 -9999 -9999 -9999 -9999 -9999 -9999 -9999 -9999 -9999 -9999 4.51596 3.21349 0.58839 -0.760034 -1.57143 -2.72748 -9999 -9999 -9999 -9999 -9999 -9999
-9999 -9999 7.58889 8.53237 9.17053 9.7366 9.82435 10.4055 10.6586 10.781 10.7617 10.7003 10.6151 10.0863 9.85578 9.05881 9.8107 9.77656 9.57947 8.81531 8.48111 7.17312 6.59471 6.46362 7.55423 6.73951 5.04383 2.92528 0.384134 0.214616 -0.630979 -2.17792 -9999 -9999 -9999 -9999 -9999 -9999 1.74592 2.60458 3.32037 3.41994 2.39159 3.81373 3.75311 2.94814 2.76056 3.40904 3.73448 3.48208 4.25845 4.48058 4.1209 4.50115 -9999 -9999 -9999 -9999 4.69905 4.74548 4.77918 4.23314 1.36592 -0.594178 -2.35501 -2.5252 -9999 -9999 -9999 -9999 -9999 -9999
-9999 -9999 8.2361 8.81613 9.10813 9.1531 9.66107 10.1689 10.4818 10.706 10.6556 10.6323 10.6076 10.4233 10.0017 10.0711 10.0318 9.78335 8.33329 6.64179 7.37125 6.36628 4.22057 5.95703 6.90851 5.98607 3.9324 1.55182 0.772492 0.800657 -0.373275 -1.88379 -9999 -9999 -9999 -0.608092 0.623681 0.725978 1.08536 2.23233 3.10351 3.76039 4.20479 4.18637 3.70498 2.91739 2.06168 2.35786 3.87901 4.24477 4.5541 4.78441 4.44986 4.61178 5.01362 5.21818 5.25457 5.15218 5.12404 5.15138 5.09667 4.58666 2.02395 0.553365 -0.387021 -2.27539 -9999 -9999 -9999 -9999 -9999 -9999
-9999 -9999 7.86493 8.36922 8.77714 9.45187 9.52122 9.9496 10.203 10.5816 10.6203 10.1705 10.5336 10.4809 10.4066 10.255 10.0354 8.81024 7.12388 5.43345 4.65012 4.97787 3.68389 4.34118 5.30533 4.94863 3.68558 1.56425 1.26106 0.76655 -1.20306 -3.10032 -9999 -9999 -3.00894 -0.640604 1.0254 1.88214 2.14378 2.16395 3.26296 3.34406 4.5275 4.24444 2.66517 2.83579 2.21953 2.60932 3.1601 3.30708 4.10691 4.87643 5.01602 5.01267 5.26606 5.31296 5.3203 5.30727 5.12481 5.19949 5.20598 4.88583 3.02552 2.11537 1.11172 -2.25986 -9999 -9999 -9999 -9999 -9999 -9999
-9999 -9999 8.11563 8.6798 9.29781 9.39572 9.85266 9.80025 9.66721 10.3048 10.5368 10.2178 9.98663 10.3984 10.3639 10.3027 10.2056 9.05383 7.72194 5.70872 4.45576 3.6889 3.14203 2.41278 2.90542 2.74827 2.5394 2.76931 2.1845 1.02086 -0.13485 -2.29269 -3.46283 -9999 -2.88724 -1.82152 0.160887 1.84478 2.91169 2.52049 3.77088 3.99817 4.71785 4.28663 3.32512 2.90575 2.86278 2.73092 3.57039 4.13448 4.52983 4.79131 5.11963 5.19778 5.27643 5.30549 5.31845 5.33182 5.32137 5.30871 5.2653 5.14135 4.28288 3.3733 1.41685 -2.15533 -9999 -9999 -9999 -9999 -9999 -9999
-9999 6.4574 8.04311 8.99123 9.35689 9.62003 9.85149 10.0181 10.1935 10.3546 10.4655 10.4131 9.57573 9.63833 9.78223 10.2488 10.209 10.0993 9.36825 6.91973 6.07075 4.83076 3.2279 2.55542 2.8842 4.18897 4.12589 3.25417 2.28323 0.944299 0.0905998 -1.23506 -3.77485 -3.55247 -2.41633 -1.57238 -0.226912 1.83259 3.27461 3.9149 4.15314 4.65678 4.91554 4.32404 3.76224 3.52244 3.0837 3.01631 3.01318 3.51785 3.91038 4.79247 5.0841 5.21428 5.27721 5.30811 5.32896 5.34954 5.35276 5.32978 5.32485 5.31211 5.24278 4.03533 1.01988 -1.25213 -9999 -9999 -9999 -9999 -9999 -9999
-9999 -9999 7.74252 8.15852 8.26581 8.45499 8.84447 9.29363 9.93148 10.0105 10.3594 10.3526 9.63106 8.7972 9.51314 9.79377 10.0847 10.0874 9.98788 7.92879 6.84915 5.99813 4.46097 5.00866 5.52871 5.56391 5.24271 3.37896 1.52279 -0.615344 -2.61484 -2.71522 -3.7931 -3.23028 -2.48168 -0.550986 0.806013 1.35287 1.74399 3.83757 4.37814 4.55812 5.08924 4.34996 4.15767 3.60053 3.75791 3.7034 3.70029 2.16827 3.69297 3.77712 4.76798 5.2109 5.30627 5.32751 5.35072 5.34931 5.3491 5.33867 5.34299 5.32152 5.29708 4.50976 0.690839 -1.23086 -9999 -9999 -9999 -9999 -9999 -9999
-9999 -9999 -9999 -9999 7.86462 8.18143 8.38357 8.73481 9.81636 10.1051 10.2954 10.3077 9.98317 9.15771 8.93602 9.08029 8.27385 8.93685 9.84661 9.81764 9.70062 7.89046 6.96235 7.85108 7.57457 6.21347 5.14146 4.08348 1.9112 0.32119 -1.96954 -3.69104 -3.7608 -1.8716 -0.303175 1.65058 2.50942 2.01151 2.53876 3.57502 4.75329 5.31974 5.17833 4.39927 4.28431 3.42857 4.25702 4.32223 3.9278 3.58608 3.71386 4.20086 4.38278 5.15667 5.33936 5.36705 5.3668 5.36393 5.35463 5.34432 5.32757 5.31308 5.29585 5.25434 1.32891 -1.72756 -9999 -9999 -9999 -9999 -9999 -9999
-9999 -9999 -9999 -9999 7.10568 7.29797 7.80635 9.11497 9.79847 10.0725 10.0595 10.1835 9.95327 9.22639 8.47995 7.7753 6.86813 7.37723 8.73424 9.53178 9.61721 8.0297 8.84782 8.53456 7.92225 6.14362 4.83179 4.13437 2.0488 0.263934 -1.26156 -3.36625 -2.47306 -1.48903 -0.223828 1.90854 3.3452 3.93187 3.42847 4.08899 5.4457 5.447 4.6952 4.7373 4.27637 3.10923 4.31143 4.64527 4.36498 4.42996 4.32191 4.49931 4.82764 5.14149 5.34814 5.37074 5.36798 5.35489 5.3485 5.3427 5.32132 5.31614 5.29881 5.27254 2.73651 -1.79197 -9999 -9999 -9999 -9999 -9999 -9999
-9999 -9999 -9999 -9999 -9999 6.4128 7.57555 9.31346 9.74231 9.69966 10.0553 10.0821 9.7312 9.42545 8.52053 7.28589 4.91952 5.51461 6.76324 8.56657 9.51158 9.37756 8.8434 7.91932 5.69076 3.74006 3.49934 3.17651 1.65339 0.278277 -1.41713 -0.442194 0.626068 1.79505 2.40661 2.24088 3.47113 4.47291 4.039 4.8506 5.79833 5.35934 5.09708 4.87596 4.34428 4.30632 4.35495 5.0351 4.55424 4.84006 4.84167 4.81919 4.97583 5.15709 5.34784 5.37395 5.36821 5.3653 5.3362 5.33794 5.32029 5.30279 5.28624 5.26272 5.02752 2.58474 1.12311 -9999 -9999 -9999 -9999 -9999
-9999 -9999 -9999 -9999 -9999 5.33208 5.91077 7.96937 8.60259 9.50997 9.98972 10.0078 9.41852 9.08759 7.742 7.30146 5.11212 4.11763 4.95041 4.62326 7.10888 9.30797 8.82306 4.36756 2.75083 1.59654 1.88752 1.88614 1.45925 -0.879907 -1.52852 0.559277 1.872 2.88781 3.65693 3.81264 3.78026 5.35046 5.55399 6.05985 5.94214 5.98316 5.18093 4.68205 5.1052 4.60281 4.51193 5.21482 4.5107 5.13633 5.05618 4.86074 4.84497 5.25506 5.33333 5.37165 5.3679 5.34549 5.31819 5.30005 5.30719 5.29457 5.26518 5.26008 5.23123 4.93388 3.66748 3.22115 3.70366 -9999 -9999 -9999
-9999 -9999 -9999 -9999 -9999 -9999 3.98246 6.84425 8.14949 8.83367 9.79798 9.91043 9.59497 9.02617 7.65556 6.44932 4.49162 2.25655 1.07023 4.59803 7.66786 9.26758 9.05165 5.34204 3.87524 3.80295 4.65976 3.92902 3.3739 1.59583 1.06076 0.318619 0.768502 2.18656 3.34306 4.45869 5.26797 5.32837 5.85082 6.14903 6.1675 6.25615 6.15609 6.07329 5.29839 5.82273 5.36658 5.59958 5.43998 5.29543 5.17052 4.72539 5.03005 5.29917 5.36412 5.37869 5.35609 5.346 5.32791 5.29549 5.27799 5.2698 5.26083 5.24043 5.23398 5.21267 5.06536 4.3012 3.28035 1.99232 -9999 -9999
-9999 -9999 -9999 -9999 -9999 -9999 2.54528 5.39284 6.76276 8.52731 9.43394 9.79813 9.74452 9.28261 8.23989 6.67297 5.36653 2.87221 0.282451 3.98453 7.28454 9.06209 9.15145 6.0336 6.89204 6.19001 6.4672 5.186 4.65145 4.22987 3.30859 2.30141 1.2 0.613979 3.21807 4.55239 5.62473 6.12691 6.40777 6.54443 6.46173 6.25984 5.09451 5.97139 5.91714 5.8229 5.71591 5.66113 5.56382 5.45032 5.38128 5.3529 5.05542 5.37921 5.36433 5.36286 5.35827 5.34329 5.32027 5.29914 5.27447 5.2684 5.25146 5.23369 5.21953 5.20783 5.19233 5.1447 4.93749 3.20966 2.17413 1.87953
-9999 -9999 -9999 -9999 -9999 -9999 -1.46656 2.67729 6.00772 7.74439 9.156 9.54059 9.681 9.06307 8.59934 7.47455 6.40899 4.76818 2.31342 0.799769 3.56979 7.60079 9.08599 8.96518 8.86735 8.05631 7.32515 7.22918 7.27971 6.43161 5.19502 3.57967 3.07102 2.50145 4.43964 4.69761 4.5496 6.68015 6.67837 6.55 5.72533 4.80488 4.97169 4.40006 4.82683 4.14498 4.75979 5.29054 5.4851 5.46265 5.38597 5.3698 5.3319 5.38123 5.37438 5.3591 5.34581 5.33558 5.32094 5.28928 5.26822 5.27015 5.24709 5.22766 5.2102 5.20092 5.19007 5.15317 5.11929 4.8488 4.44516 3.68021
-9999 -9999 -9999 -9999 -9999 -9999 -1.2936 2.19104 5.14579 6.91521 8.61682 9.00785 9.57852 9.4489 8.96343 7.98498 6.76386 5.41245 3.30567 1.73836 3.58984 6.26297 8.1767 8.85993 8.85046 8.79963 8.61272 8.53345 8.31682 8.16328 7.2746 5.74668 4.88202 3.61869 5.7792 6.01641 5.67143 6.74595 6.68495 5.04323 3.7792 3.61543 4.37741 3.64116 3.50546 3.04678 3.55363 4.92268 4.51332 4.58675 5.20488 5.30174 5.3587 5.37054 5.36024 5.35119 5.33438 5.32958 5.32454 5.29334 5.27512 5.26254 5.23182 5.22151 5.19836 5.17855 5.16282 5.14012 5.10865 5.02758 4.93754 5.01812
-9999 -9999 -9999 -9999 -9999 -9999 -1.22884 1.11319 3.77153 6.37907 8.19638 8.92637 9.45629 9.44513 8.8817 8.39241 7.62471 6.43508 5.6172 4.20172 2.26141 5.49904 6.48666 7.36957 7.73834 8.65876 8.63145 8.2029 7.70967 8.16159 8.02027 6.81112 6.40996 5.73601 6.93504 6.9319 6.89219 6.82104 5.43318 3.50655 1.9651 3.06221 2.82446 3.32694 1.74926 3.03321 4.0666 4.39766 3.68757 3.15725 4.77325 5.03262 5.18647 5.28292 5.3442 5.32191 5.3323 5.31645 5.3052 5.29332 5.27263 5.25733 5.23632 5.21502 5.19542 5.17744 5.15259 5.12122 5.11376 5.06985 5.04857 5.02817
-9999 -9999 -9999 -9999 -9999 -9999 -9999 -0.278113 3.09096 6.09983 7.7727 8.82271 9.33138 9.3165 9.02556 8.69136 8.21298 7.35299 6.27423 4.57311 3.30886 4.10199 5.06917 5.1742 5.81725 7.69211 8.3294 7.4144 5.16101 6.48226 7.95856 7.92932 7.79762 7.65075 7.46451 7.29538 6.93224 5.9699 3.03505 2.45136 1.29572 1.41921 0.822916 2.1056 1.61715 2.93264 3.49911 3.70905 2.48034 2.73353 4.16047 4.72322 4.62306 4.96628 5.29519 5.3002 5.30371 5.28892 5.28978 5.28597 5.27384 5.25041 5.23258 5.21771 5.18486 5.17983 5.06458 4.98774 4.8385 5.01045 5.02212 5.01988
-9999 -9999 -9999 -9999 -9999 -9999 -9999 -0.959032 2.40474 5.94886 7.08325 8.21548 9.1918 9.20532 8.76369 8.3433 7.91037 7.41827 6.1111 4.84339 3.63291 3.22284 3.45996 3.43402 4.4775 6.92148 7.39064 7.1834 4.82801 4.02721 6.00097 7.65889 7.78439 7.62799 5.66488 6.07583 5.01377 3.57537 3.17473 2.54127 1.20996 1.84071 0.863665 1.27282 1.15732 1.90131 2.2608 3.14722 2.07556 2.07502 3.47564 4.18123 4.19335 4.93429 5.19483 5.25887 5.27061 5.27727 5.27442 5.28 5.26687 5.24959 5.22876 5.18685 5.09572 4.82895 3.40546 3.40134 3.78439 4.14682 4.80992 4.98735
-9999 -9999 -9999 -9999 -9999 -9999 -9999 -0.577876 1.75458 4.89853 7.22592 7.36705 8.49561 9.07537 8.59559 8.05604 7.50411 7.25952 5.83743 4.27595 3.01328 1.51984 1.75929 2.82198 4.562 6.13877 6.41649 6.08437 4.81958 5.40933 6.75358 7.46478 7.67055 7.49852 7.0664 6.81411 6.03042 5.68712 4.60077 2.90568 2.23396 2.64848 0.849168 0.967757 1.624 0.915963 2.07046 2.61975 1.23763 2.3218 3.56299 4.19478 4.74649 5.00468 5.10419 5.25976 5.25825 5.26594 5.26736 5.25893 5.25268 5.2203 5.19237 5.03567 4.80759 3.48104 2.92485 3.02687 3.63152 4.16046 4.70764 4.93118
-9999 -9999 -9999 -9999 -9999 -9999 -9999 -0.18798 1.91126 4.63633 6.29395 6.58588 7.83788 8.95048 8.81973 8.25857 8.08357 7.50215 6.29519 4.96268 3.50683 2.79616 1.16983 2.75988 4.01484 5.34923 5.97072 4.9307 4.40544 5.32039 6.22994 6.58988 7.50844 7.49397 7.18696 5.88249 5.24322 5.50466 5.2263 4.74347 3.57466 3.51633 2.76312 2.44729 2.14866 1.19582 1.79472 1.84902 2.00397 3.30971 3.9528 4.37728 4.7629 4.85994 5.0244 5.23948 5.25312 5.25515 5.24816 5.24619 5.22375 5.15466 5.0954 4.7866 4.2448 3.23933 1.61395 2.7496 3.93755 4.28252 4.62249 4.79707
-9999 -9999 -9999 -9999 -9999 -9999 -9999 -0.555095 1.67499 4.00294 4.97286 5.1327 7.40308 8.79095 8.78745 8.51829 8.2049 6.77733 6.85492 6.56474 5.25087 3.33976 1.24145 1.43209 2.67395 4.43492 5.015 3.29848 2.6882 3.12754 4.50554 5.73842 7.02592 7.34863 6.96338 4.93608 2.78194 3.77211 4.83042 4.81822 4.4995 3.41514 3.0664 2.75008 1.95718 0.619775 0.810598 1.17467 2.65485 3.11973 3.84135 4.43972 4.20606 4.33351 4.90577 5.23162 5.23826 5.23823 5.24312 5.22938 5.20338 5.07205 4.93329 4.70466 3.30222 2.4278 1.15767 2.62196 3.42979 3.85012 4.61903 4.79791
-9999 -9999 -9999 -9999 -9999 -9999 -9999 -1.25573 0.360752 2.58532 3.47828 4.90621 7.05123 8.10321 8.60437 8.58723 8.37633 7.7338 7.34516 6.58506 5.21849 3.35205 1.27801 -0.0741709 0.604621 2.97747 3.53445 1.95152 1.14322 2.13723 3.60602 5.78354 7.02517 7.18777 7.06905 6.64626 5.07191 3.17097 3.17125 4.11541 3.31398 2.38347 2.88546 2.78504 2.00211 1.43092 1.08254 1.28858 2.13132 2.47612 3.31059 4.54514 4.71691 4.67582 5.19221 5.21244 5.2187 5.23242 5.22573 5.2148 5.19292 5.08471 4.84999 3.91441 3.09775 1.96407 1.81841 3.12053 3.68121 4.2055 4.57946 4.69721
-9999 -9999 -9999 -9999 -9999 -9999 -9999 -2.45592 -0.553313 1.52994 3.48021 5.32504 6.91198 7.02897 7.8631 7.85598 8.29019 8.1581 7.56203 6.92091 5.74265 3.34665 1.331 -0.866693 -0.29464 2.1282 2.43701 1.37371 -0.585892 1.42578 3.64482 5.65538 6.74105 5.87938 6.75044 6.67239 6.07871 4.94464 3.18466 3.2117 1.89116 1.82777 2.49657 2.70944 2.59076 2.16047 1.47804 1.58702 2.09608 2.22111 2.98742 3.94371 4.87851 5.03062 5.20411 5.20586 5.2028 5.21145 5.20728 5.18156 5.12727 5.01441 4.22914 3.2964 2.71938 1.92759 1.82599 3.32834 3.91879 4.24492 4.56699 4.6903
-9999 -9999 -9999 -9999 -9999 -9999 -9999 -9999 -0.757816 1.39431 2.98518 3.40891 4.81861 5.57695 6.16242 6.2874 7.96968 8.05669 7.67658 7.08716 6.08134 4.26178 2.99223 0.883931 -0.633132 -0.0188213 0.263224 0.812691 0.643034 1.53686 3.66889 5.89033 6.12729 4.70624 4.90972 5.1997 5.85714 5.51443 3.11858 1.8983 0.884337 1.59407 2.341 2.51703 2.54728 2.39574 2.22004 1.92676 2.92785 3.66698 3.83357 4.47728 4.95095 5.07735 5.17111 5.1774 5.18392 5.1781 5.14414 5.11782 4.99133 4.71538 3.83776 1.7358 1.82737 1.59435 0.936049 2.39794 3.31932 4.14499 4.58065 4.68826
-9999 -9999 -9999 -9999 -9999 -9999 -9999 -9999 -1.48539 1.00541 1.52628 1.48048 0.647061 1.0213 4.08048 4.69149 6.30453 7.83164 7.71301 7.13463 6.19318 5.10709 3.42882 1.0584 -0.826325 -1.62344 0.392481 2.36799 2.77196 3.39982 4.70383 4.94667 3.49439 2.1321 2.88734 3.3398 5.0811 5.39386 5.04805 3.60203 1.94958 1.08401 2.09219 2.2215 2.27606 2.28175 2.2409 2.19409 3.32573 3.94784 4.37744 4.60848 5.0142 5.11343 5.14103 5.16669 5.15319 5.12591 5.05482 4.97481 4.64295 4.24245 2.80887 1.61259 0.864193 -0.0841632 2.03234 2.64995 3.51457 4.0714 4.50452 4.59413
