Test_Spring_2018/03_18/Temp/20180303_021.txt
ncols	170
nrows	115
xllcorner	350000.000000
yllcorner	4445000.000000
cellsize	1000.000000
nodata_value	-9999.000000
[rows 32 to 63 of 115, columns 72 to 143 of 170]
11.4067 11.0638 11.5978 12.0895 11.7811 11.5835 12.3907 12.3918 12.1179 11.4731 11.2374 10.993 10.8439 10.0167 7.69339 5.59908 6.72361 6.75175 5.97665 7.37051 6.63614 4.71829 2.01031 3.48351 3.10093 1.17601 0.704583 -9999 -9999 -9999 -9999 -9999 -9999 -9999 -9999 -9999 -9999 -9999 -9999 -9999 -9999 -9999 -9999 -9999 -9999 -9999 -9999 -9999 -9999 -9999 -9999 -9999 -9999 -9999 -9999 -9999 -9999 -9999 -9999 -9999 -9999 -9999 -9999 -9999 -9999 -9999 -9999 -9999 -9999 -9999 -9999 -9999
10.9525 10.806 11.599 11.5838 11.5296 11.811 12.3133 12.4142 12.3082 12.0278 11.7853 11.5274 10.8706 9.92427 7.93612 5.55208 5.01254 6.18157 6.23899 6.42796 5.75874 4.91772 3.60128 4.68089 5.10053 3.83723 2.18323 1.12046 -9999 -9999 -9999 -9999 -9999 -9999 -9999 -9999 -9999 -9999 -9999 -9999 -9999 -9999 -9999 -9999 -9999 -9999 -9999 -9999 -9999 -9999 -9999 -9999 -9999 -9999 -9999 -9999 -9999 -9999 -9999 -9999 -9999 -9999 -9999 -9999 -9999 -9999 -9999 -9999 -9999 -9999 -9999 -9999
10.4093 9.64324 10.1217 10.4813 11.1384 11.3088 11.4095 12.3548 12.3062 12.264 11.8624 11.5417 11.0092 10.0985 8.80125 7.23895 4.51748 6.19797 7.51409 7.4817 7.41084 6.82191 5.55718 6.61684 6.66723 5.05456 3.21569 2.13685 1.69128 -9999 -9999 -9999 -9999 -9999 -9999 -9999 -9999 -9999 -9999 -9999 -9999 -9999 -9999 -9999 -9999 -9999 -9999 -9999 -9999 -9999 -9999 -9999 -9999 -9999 -9999 -9999 -9999 -9999 -9999 -9999 -9999 -9999 -9999 -9999 -9999 -9999 -9999 -9999 -9999 -9999 -9999 -9999
9.79097 8.85479 9.3361 9.97787 10.8813 11.3452 11.6985 11.9822 12.2717 12.2392 11.8284 10.6116 10.4393 10.3883 9.54044 7.75915 5.98011 5.52027 7.52725 8.10249 7.98657 8.43537 7.36407 7.87145 7.66435 7.09461 5.32772 3.71515 3.05038 1.73568 -9999 -9999 -9999 -9999 -9999 -9999 -9999 -9999 -9999 -9999 -9999 -9999 -9999 -9999 -9999 -9999 -9999 -9999 -9999 -9999 -9999 -9999 -9999 -9999 -9999 -9999 -9999 -9999 -9999 -9999 -9999 -9999 -9999 -9999 -9999 -9999 -9999 -9999 -9999 -9999 -9999 -9999
-9999 -9999 8.27307 9.14433 9.86875 10.7477 11.507 11.8907 12.2636 12.2355 11.4127 11.0111 10.9778 10.4229 9.44397 8.8301 7.71057 6.54394 6.99136 8.70283 7.94296 9.15552 9.05365 9.2769 8.46738 6.93305 4.88242 3.68343 3.08888 2.02386 -9999 -9999 -9999 -9999 -9999 -9999 -9999 -9999 -9999 -9999 -9999 -9999 -9999 -9999 -9999 -9999 -9999 -9999 -9999 -9999 -9999 -9999 -9999 -9999 -9999 -9999 -9999 -9999 -9999 -9999 -9999 -9999 -9999 -9999 -9999 -9999 -9999 -9999 -9999 -9999 -9999 -9999
-9999 -9999 -9999 8.99085 9.54338 10.7261 11.3279 11.5775 12.1781 12.1813 11.8709 11.637 11.2968 10.8517 10.1164 9.30494 8.25212 8.15593 9.25122 9.26574 9.03799 9.21829 9.78094 9.63318 8.38003 6.21726 5.07439 2.74589 1.75182 1.85526 1.15143 -9999 -9999 -9999 -9999 -9999 -9999 -9999 -9999 -9999 -9999 -9999 -9999 3.88541 -9999 -9999 -9999 -9999 -9999 -9999 -9999 -9999 -9999 -9999 -9999 -9999 -9999 -9999 -9999 -9999 -9999 -9999 -9999 -9999 -0.305497 -9999 -9999 -9999 -9999 -9999 -9999 -9999
-9999 -9999 8.89174 9.62833 10.2039 10.9458 11.0135 11.4522 12.1426 12.1547 11.9352 11.687 11.1263 10.9889 10.5713 9.69018 9.51116 9.87044 10.0364 10.2242 10.34 10.2473 10.02 9.72609 8.91775 7.91459 7.2416 5.11752 4.04206 3.01637 1.46341 0.249145 -9999 -9999 -9999 -9999 -9999 -9999 -9999 3.06997 3.01494 3.04532 3.38916 4.3335 3.78331 -9999 -9999 -9999 -9999 -9999 -9999 -9999 -9999 -9999 -9999 -9999 -9999 -9999 -9999 -9999 -9999 -9999 -9999 -9999 0.551448 -0.671333 -9999 -9999 -9999 -9999 -9999 -9999
-9999 -9999 9.09555 9.87279 10.2617 10.9823 11.3953 11.658 11.8987 12.1289 12.0929 11.8181 11.399 11.4039 10.8252 10.5139 10.292 10.7774 10.8743 10.681 10.438 10.2231 9.61426 9.54403 9.34555 8.70891 7.66374 6.58691 5.02732 2.91827 0.850265 -0.817176 -9999 -9999 -9999 -9999 -9999 -9999 3.25014 4.03489 4.50611 3.51269 4.36646 5.14714 5.02583 4.27424 -9999 -9999 -9999 -9999 -9999 -9999 -9999 -9999 -9999 -9999 -9999 -9999 -9999 -9999 6.3565 5.10306 2.56908 1.27091 0.49262 -0.619236 -9999 -9999 -9999 -9999 -9999 -9999
-9999 -9999 8.94703 9.86477 10.487 11.0397 11.1296 11.6942 11.937 12.0618 12.0498 11.9974 11.9223 11.4177 11.2019 10.4377 11.1726 11.1463 10.9619 10.2282 9.91035 8.64955 8.0948 7.97061 9.03142 8.24786 6.61169 4.56641 2.10655 1.94614 1.13473 -0.355289 -9999 -9999 -9999 -9999 -9999 -9999 3.49938 4.33852 5.03935 5.14369 4.15626 5.54121 5.49071 4.72026 4.54778 5.18494 5.50965 5.27217 6.03055 6.25596 5.91811 6.29644 -9999 -9999 -9999 -9999 6.53399 6.58681 6.62691 6.10549 3.33686 1.44627 -0.251401 -0.404217 -9999 -9999 -9999 -9999 -9999 -9999
-9999 -9999 9.58677 10.1523 10.439 10.4869 10.9832 11.4768 11.7781 12.0029 11.9608 11.9454 11.9289 11.7581 11.3577 11.4323 11.4016 11.168 9.77084 8.13959 8.85162 7.88205 5.80814 7.49359 8.41949 7.53144 5.5485 3.24938 2.49529 2.52641 1.39717 -0.0546953 -9999 -9999 -9999 1.21221 2.41282 2.52 2.87601 3.99441 4.84584 5.48681 5.92503 5.91471 5.4576 4.70398 3.88476 4.18095 5.66329 6.02741 6.33131 6.56489 6.25164 6.42215 6.82112 7.02877 7.07322 6.98286 6.96392 6.99823 6.95274 6.46621 3.98874 2.57174 1.66803 -0.149227 -9999 -9999 -9999 -9999 -9999 -9999
-9999 -9999 9.23804 9.72993 10.1287 10.7886 10.8601 11.2796 11.5277 11.8944 11.9387 11.5105 11.8696 11.8263 11.7623 11.6232 11.418 10.2392 8.61337 6.98319 6.23072 6.55225 5.30458 5.94522 6.88336 6.53982 5.32459 3.27635 2.98848 2.51145 0.609226 -1.22001 -9999 -9999 -1.10764 1.19329 2.81433 3.65192 3.91337 3.94102 5.01303 5.0997 6.25359 5.98759 4.46757 4.64164 4.05075 4.43766 4.98494 5.13724 5.91976 6.67208 6.81775 6.82488 7.08031 7.13546 7.15187 7.14802 6.97964 7.05968 7.07327 6.77033 4.97621 4.10181 3.14119 -0.116725 -9999 -9999 -9999 -9999 -9999 -9999
-9999 -9999 9.4936 10.0432 10.6452 10.7439 11.1906 11.1461 11.02 11.6431 11.8694 11.5681 11.352 11.7586 11.7333 11.682 11.5956 10.4879 9.20538 7.26276 6.05564 5.31767 4.79311 4.09293 4.57465 4.42734 4.23005 4.45769 3.8941 2.76946 1.65741 -0.426249 -1.55127 -9999 -0.977857 0.0621224 1.98952 3.62792 4.66899 4.29849 5.51712 5.74537 6.45009 6.0411 5.1191 4.72588 4.69366 4.57558 5.39798 5.95134 6.34263 6.60639 6.93213 7.01835 7.10476 7.14275 7.16465 7.18638 7.18446 7.17986 7.14501 7.03183 6.20735 5.33706 3.44973 -0.00252951 -9999 -9999 -9999 -9999 -9999 -9999
-9999 7.90095 9.43588 10.3568 10.7141 10.9725 11.2006 11.3665 11.5392 11.702 11.8157 11.7686 10.9659 11.0347 11.1823 11.642 11.6114 11.5126 10.8118 8.44788 7.63119 6.43702 4.89037 4.24354 4.56646 5.83417 5.77778 4.93873 4.00387 2.70958 1.88704 0.610778 -1.8418 -1.61853 -0.510469 0.314859 1.62574 3.62783 5.03212 5.66025 5.89916 6.39483 6.65371 6.09291 5.55812 5.33528 4.92003 4.86446 4.87125 5.36975 5.75837 6.6207 6.91366 7.0481 7.11941 7.15928 7.18887 7.21758 7.22887 7.21419 7.21647 7.21082 7.15317 5.99089 3.08254 0.889222 -9999 -9999 -9999 -9999 -9999 -9999
-9999 -9999 9.15707 9.56256 9.66944 9.85596 10.2368 10.676 11.2964 11.3788 11.723 11.7238 11.0309 10.232 10.9335 11.2135 11.5032 11.5134 11.424 9.43726 8.39802 7.57958 6.09648 6.63073 7.13865 7.17716 6.87068 5.07106 3.279 1.21102 -0.718557 -0.809249 -1.84718 -1.29545 -0.562562 1.31482 2.63691 3.17475 3.5618 5.59691 6.1285 6.31332 6.83648 6.12997 5.953 5.42307 5.58501 5.54198 5.54884 4.07575 5.56053 5.65234 6.62183 7.05968 7.16085 7.19142 7.22332 7.23076 7.2387 7.23611 7.24729 7.23528 7.22108 6.46618 2.77643 0.922232 -9999 -9999 -9999 -9999 -9999 -9999
-9999 -9999 -9999 -9999 9.29243 9.60229 9.80161 10.1458 11.1957 11.481 11.6717 11.6906 11.384 10.5923 10.3862 10.5343 9.76183 10.4115 11.2993 11.2778 11.1705 9.42361 8.52948 9.39442 9.13113 7.8178 6.78434 5.76456 3.66626 2.12885 -0.082871 -1.7431 -1.80388 0.0321677 1.5573 3.457 4.29688 3.82339 4.34232 5.35495 6.50457 7.06203 6.93435 6.18951 6.08752 5.26866 6.08031 6.15323 5.7813 5.46049 5.59306 6.07482 6.26116 7.02038 7.20704 7.24235 7.25155 7.25756 7.25669 7.25423 7.24749 7.24111 7.23191 7.19908 3.40628 0.453605 -9999 -9999 -9999 -9999 -9999 -9999
-9999 -9999 -9999 -9999 8.5689 8.75812 9.25379 10.5247 11.1893 11.4603 11.454 11.5811 11.3658 10.6702 9.95586 9.28225 8.41233 8.91301 10.234 11.0127 11.1015 9.5702 10.3666 10.0679 9.47952 7.76193 6.49621 5.82534 3.81082 2.08471 0.613588 -1.41777 -0.546526 0.413131 1.64547 3.71754 5.1168 5.69348 5.21502 5.86347 7.18602 7.19657 6.47819 6.52845 6.09168 4.97147 6.14501 6.47801 6.21658 6.28943 6.1937 6.37567 6.70364 7.01742 7.22718 7.25846 7.26461 7.26071 7.26268 7.26567 7.25292 7.25568 7.24651 7.22854 4.78089 0.403292 -9999 -9999 -9999 -9999 -9999 -9999
-9999 -9999 -9999 -9999 -9999 7.91221 9.04136 10.7278 11.1459 11.1103 11.4609 11.4939 11.1618 10.8738 10.0061 8.81941 6.53695 7.12094 8.33706 10.0896 11.0106 10.8865 10.3738 9.48394 7.33098 5.44685 5.218 4.90969 3.43957 2.11005 0.474307 1.42406 2.46463 3.60321 4.2027 4.05021 5.24957 6.22806 5.81698 6.61182 7.53861 7.12311 6.87881 6.67442 6.16926 6.14224 6.1991 6.86735 6.41172 6.69829 6.70864 6.69698 6.8586 7.04389 7.23812 7.27271 7.27615 7.28199 7.26224 7.27216 7.26314 7.2541 7.24585 7.23071 7.01054 4.65211 3.24436 -9999 -9999 -9999 -9999 -9999
-9999 -9999 -9999 -9999 -9999 6.87694 7.44079 9.43779 10.0537 10.9378 11.4086 11.433 10.8701 10.5578 9.26345 8.84545 6.73453 5.77934 6.59296 6.28316 8.6957 10.8303 10.3655 6.0571 4.49654 3.38347 3.66941 3.67231 3.2634 1.00057 0.378105 2.40507 3.68219 4.6724 5.42432 5.58309 5.56009 7.08906 7.29477 7.79373 7.68925 7.73857 6.97168 6.49852 6.91776 6.4412 6.36302 7.05325 6.38142 6.99684 6.92791 6.74864 6.74317 7.14981 7.23501 7.28131 7.28698 7.27377 7.25595 7.2464 7.26151 7.25735 7.23684 7.23973 7.21949 6.93807 5.71942 5.29455 5.76878 -9999 -9999 -9999
-9999 -9999 -9999 -9999 -9999 -9999 5.58515 8.35984 9.62636 10.2944 11.2343 11.3501 11.0523 10.5095 9.19088 8.03155 6.1448 3.98943 2.84735 6.26944 9.24766 10.8022 10.5979 7.0118 5.59657 5.5311 6.36494 5.6619 5.12894 3.40923 2.89668 2.18406 2.62584 4.00535 5.1328 6.22047 7.01221 7.0796 7.59482 7.89169 7.91912 8.01464 7.92759 7.8573 7.11676 7.63416 7.20236 7.43766 7.29285 7.16256 7.05012 6.62894 6.93348 7.20345 7.2756 7.30029 7.28674 7.28544 7.27657 7.25398 7.24427 7.24457 7.24401 7.23227 7.23391 7.21982 7.08465 6.35219 5.37113 4.13133 -9999 -9999
-9999 -9999 -9999 -9999 -9999 -9999 4.20496 6.9661 8.29531 10.0093 10.8932 11.253 11.2085 10.7691 9.7678 8.2592 7.0028 4.59638 2.09737 5.68937 8.88733 10.6142 10.7064 7.69259 8.52855 7.85369 8.12661 6.89089 6.37801 5.97144 5.08507 4.1159 3.05594 2.49657 5.0245 6.32384 7.37021 7.86524 8.14654 8.28871 8.21732 8.03032 6.91207 7.77084 7.72789 7.64644 7.55261 7.50924 7.42462 7.32424 7.26568 7.24774 6.96916 7.29407 7.28972 7.29649 7.30036 7.29433 7.28071 7.26909 7.25418 7.2564 7.24644 7.23743 7.23178 7.22708 7.21965 7.18096 6.98763 5.32212 4.32669 4.0487
-9999 -9999 -9999 -9999 -9999 -9999 0.332342 4.34864 7.57562 9.26275 10.6361 11.0154 11.1586 10.5681 10.1272 9.04645 8.02311 6.44284 4.07445 2.61685 5.30633 9.21553 10.6541 10.5419 10.4524 9.67223 8.96929 8.88118 8.9349 8.11547 6.92416 5.36623 4.88192 4.33705 6.22038 6.47775 6.34272 8.41404 8.42167 8.3072 7.51898 6.63616 6.80789 6.26213 6.68473 6.03439 6.63921 7.16258 7.36039 7.348 7.28184 7.27927 7.2512 7.30987 7.31137 7.30477 7.3002 7.29879 7.2933 7.27152 7.26014 7.27112 7.25655 7.2466 7.23479 7.23249 7.22971 7.20153 7.1761 6.92146 6.53778 5.80457
-9999 -9999 -9999 -9999 -9999 -9999 0.510915 3.88669 6.75268 8.47211 10.1259 10.5114 11.0712 10.9533 10.4912 9.55198 8.37793 7.07771 5.04612 3.53654 5.33625 7.9317 9.7909 10.4573 10.4477 10.4038 10.228 10.1572 9.95237 9.80508 8.95042 7.47964 6.64879 5.43242 7.53102 7.76831 7.44257 8.49153 8.44174 6.86213 5.64846 5.50009 6.24548 5.54293 5.42106 4.98372 5.48394 6.81872 6.43693 6.5169 7.12283 7.22526 7.29219 7.31182 7.31 7.30944 7.30149 7.30535 7.30918 7.28786 7.27926 7.2762 7.25559 7.25299 7.23937 7.22707 7.2158 7.20149 7.17851 7.10734 7.0303 7.11555
-9999 -9999 -9999 -9999 -9999 -9999 0.587464 2.85445 5.43375 7.96475 9.73067 10.4443 10.9646 10.9614 10.4237 9.95795 9.22273 8.07902 7.29509 5.93247 4.06152 7.20282 8.16641 9.02622 9.39083 10.2874 10.2661 9.85629 9.37353 9.81664 9.68846 8.52398 8.142 7.49632 8.66425 8.66889 8.63865 8.57847 7.24409 5.38853 3.90613 4.97819 4.7581 5.25181 3.73378 4.99229 6.00235 6.33218 5.64994 5.14537 6.71721 6.98087 7.13811 7.23968 7.30719 7.29386 7.31229 7.30547 7.30331 7.3007 7.28971 7.28401 7.27281 7.26124 7.2493 7.23868 7.22283 7.20433 7.20465 7.16468 7.15112 7.1389
-9999 -9999 -9999 -9999 -9999 -9999 -9999 1.5214 4.78917 7.70827 9.33433 10.3577 10.8573 10.8503 10.5763 10.2606 9.80537 8.98074 7.94426 6.30516 5.08876 5.86377 6.80794 6.91461 7.54321 9.36397 9.98645 9.10603 6.92564 8.2131 9.64797 9.62559 9.50429 9.36871 9.19142 9.03542 8.69207 7.7691 4.93703 4.38572 3.27694 3.40663 2.8396 4.08862 3.6247 4.90793 5.46583 5.67832 4.49783 4.75042 6.1449 6.69797 6.60915 6.94945 7.27289 7.28605 7.29787 7.29211 7.30168 7.30688 7.30417 7.29389 7.28599 7.28087 7.2563 7.25798 7.15477 7.08841 6.95163 7.12545 7.14381 7.15412
-9999 -9999 -9999 -9999 -9999 -9999 -9999 0.873557 4.13625 7.57376 8.67874 9.78185 10.7342 10.7548 10.3349 9.93565 9.52436 9.0558 7.79815 6.57858 5.41424 5.02452 5.26106 5.24211 6.25856 8.63053 9.09054 8.89562 6.61968 5.85046 7.76727 9.37848 9.50647 9.36189 7.46871 7.87421 6.85424 5.47039 5.0916 4.48779 3.20868 3.82915 2.89325 3.29926 3.19296 3.92277 4.28018 5.14743 4.11893 4.12593 5.49532 6.18678 6.20677 6.93223 7.19263 7.26289 7.28267 7.2977 7.30374 7.31812 7.31456 7.30707 7.29616 7.26481 7.18566 6.93436 5.56219 5.56634 5.94499 6.3034 6.95403 7.13761
-9999 -9999 -9999 -9999 -9999 -9999 -9999 1.25351 3.51815 6.56854 8.82862 8.97245 10.0723 10.6411 10.1843 9.66967 9.14314 8.91413 7.5452 6.04123 4.82638 3.38794 3.62684 4.66246 6.35285 7.88555 8.16053 7.84502 6.62525 7.20252 8.51026 9.20531 9.4113 9.25181 8.84089 8.60443 7.85392 7.53015 6.48741 4.85567 4.21485 4.62574 2.89358 3.01805 3.66293 2.98236 4.10925 4.65007 3.32099 4.38331 5.59354 6.21366 6.75615 7.01441 7.11907 7.27806 7.28509 7.30118 7.31135 7.31215 7.31519 7.293 7.27515 7.13261 6.92084 5.64553 5.11085 5.21784 5.81117 6.33096 6.87487 7.09858
-9999 -9999 -9999 -9999 -9999 -9999 -9999 1.64184 3.68105 6.32621 7.93814 8.22813 9.44763 10.5323 10.4134 9.8779 9.71625 9.16117 8.00047 6.71816 5.31632 4.63571 3.06853 4.61479 5.83584 7.13411 7.74213 6.73999 6.23816 7.13056 8.0178 8.37311 9.26938 9.26264 8.97299 7.71804 7.10737 7.36895 7.10827 6.64989 5.52766 5.48056 4.76085 4.46457 4.18488 3.26693 3.85587 3.91746 4.0813 5.35349 5.98481 6.40437 6.7862 6.88861 7.05628 7.27299 7.29479 7.30545 7.30749 7.31452 7.30183 7.24405 7.19579 6.90593 6.39043 5.42594 3.85607 4.96379 6.12194 6.46865 6.80778 6.9844
-9999 -9999 -9999 -9999 -9999 -9999 -9999 1.2973 3.46349 5.72449 6.67093 6.83324 9.03874 10.39 10.3944 10.1416 9.84599 8.47179 8.55461 8.28135 7.01698 5.17434 3.15034 3.34202 4.54935 6.26201 6.83018 5.17349 4.58964 5.0219 6.36291 7.56355 8.81721 9.13709 8.77185 6.81726 4.74013 5.70712 6.74031 6.73737 6.43789 5.39733 5.06896 4.77202 4.01368 2.72602 2.91693 3.27835 4.7246 5.18363 5.89106 6.47907 6.26153 6.39353 6.95611 7.28018 7.29528 7.304 7.31756 7.31318 7.29699 7.17888 7.0536 6.8413 5.49261 4.655 3.43074 4.8549 5.64522 6.06766 6.82005 7.00112
-9999 -9999 -9999 -9999 -9999 -9999 -9999 0.62985 2.20236 4.36357 5.23575 6.62586 8.71018 9.73639 10.2294 10.2207 10.0243 9.41012 9.04164 8.31348 6.99813 5.19878 3.19834 1.8966 2.56085 4.86422 5.41255 3.8832 3.10789 4.07736 5.50651 7.62185 8.83134 8.99641 8.88933 8.48807 6.97224 5.14044 5.14931 6.07206 5.30512 4.41332 4.90834 4.82022 4.07141 3.52753 3.1941 3.40752 4.23195 4.57478 5.39156 6.59554 6.77063 6.73961 7.24825 7.27657 7.29139 7.31347 7.31584 7.31416 7.30192 7.20614 6.98789 6.09118 5.30954 4.22096 4.08875 5.35249 5.9084 6.42724 6.79755 6.91976
-9999 -9999 -9999 -9999 -9999 -9999 -9999 -0.521181 1.32863 3.35333 5.2493 7.04321 8.58746 8.70871 9.52417 9.52521 9.95344 9.83341 9.26415 8.65119 7.51817 5.20621 3.26237 1.14221 1.70325 4.05381 4.35947 3.33748 1.44785 3.4027 5.55836 7.51231 8.57101 7.7447 8.59591 8.52848 7.96202 6.87257 5.17733 5.21215 3.94255 3.89002 4.54637 4.76139 4.65549 4.24794 3.59366 3.71048 4.2121 4.34224 5.09314 6.02788 6.94177 7.09793 7.27474 7.28529 7.29118 7.3084 7.31322 7.29721 7.25355 7.15321 6.40194 5.50792 4.95825 4.20065 4.11118 5.57028 6.15367 6.48111 6.80145 6.92933
-9999 -9999 -9999 -9999 -9999 -9999 -9999 -9999 1.14183 3.2335 4.78181 5.20025 6.57312 7.31539 7.89026 8.01928 9.65578 9.7479 9.38772 8.82484 7.85877 6.10487 4.88334 2.84979 1.38854 1.9904 2.26858 2.80799 2.65131 3.52421 5.59584 7.75413 7.99142 6.62376 6.82883 7.11775 7.76248 7.4391 5.12824 3.9555 2.98256 3.67833 4.41018 4.58943 4.62761 4.48985 4.33037 4.05327 5.0316 5.75632 5.92676 6.55904 7.02667 7.15809 7.25786 7.27291 7.28815 7.29141 7.26741 7.25079 7.13719 6.87891 6.03819 4.01226 4.1098 3.89315 3.26483 4.69299 5.59205 6.40017 6.83073 6.9437
-9999 -9999 -9999 -9999 -9999 -9999 -9999 -9999 0.448728 2.86855 3.38133 3.34547 2.54707 2.91768 5.88738 6.48701 8.05656 9.54281 9.43579 8.88361 7.97985 6.93601 5.31884 3.03159 1.21449 0.448535 2.40563 4.32715 4.72592 5.34153 6.61176 6.85483 5.457 4.14637 4.8857 5.33198 7.02598 7.33713 7.01078 5.61943 4.02829 3.19897 4.18362 4.31754 4.37918 4.39359 4.3674 4.32831 5.43107 6.0426 6.46778 6.70071 7.10272 7.20798 7.24384 7.27775 7.27369 7.25622 7.19628 7.12765 6.8152 6.43628 5.0573 3.90807 3.19247 2.28335 4.34128 4.95209 5.79716 6.34473 6.77311 6.86897
