Test_Spring_2018/03_18/Temp/20180318_010.txt
ncols	170
nrows	115
xllcorner	350000.000000
yllcorner	4445000.000000
cellsize	1000.000000
nodata_value	-9999.000000
[rows 32 to 63 of 115, columns 72 to 143 of 170]
14.3829 14.2459 14.4717 14.6797 14.5391 14.4498 14.7801 14.7847 14.6758 14.4136 14.3212 14.2255 14.1695 13.8331 12.8772 12.0163 12.4884 12.5064 12.1916 12.7749 12.4766 11.688 10.5719 11.187 11.0335 10.227 10.0305 -9999 -9999 -9999 -9999 -9999 -9999 -9999 -9999 -9999 -9999 -9999 -9999 -9999 -9999 -9999 -9999 -9999 -9999 -9999 -9999 -9999 -9999 -9999 -9999 -9999 -9999 -9999 -9999 -9999 -9999 -9999 -9999 -9999 -9999 -9999 -9999 -9999 -9999 -9999 -9999 -9999 -9999 -9999 -9999 -9999
14.191 14.1355 14.4687 14.467 14.4385 14.5405 14.7447 14.7908 14.7515 14.6402 14.545 14.4437 14.1775 13.7916 12.9745 11.9936 11.7765 12.2668 12.2968 12.381 12.1097 11.767 11.2272 11.6794 11.8581 11.3353 10.6391 10.192 -9999 -9999 -9999 -9999 -9999 -9999 -9999 -9999 -9999 -9999 -9999 -9999 -9999 -9999 -9999 -9999 -9999 -9999 -9999 -9999 -9999 -9999 -9999 -9999 -9999 -9999 -9999 -9999 -9999 -9999 -9999 -9999 -9999 -9999 -9999 -9999 -9999 -9999 -9999 -9999 -9999 -9999 -9999 -9999
13.9626 13.6505 13.8536 14.0071 14.2619 14.3213 14.3671 14.7629 14.7474 14.7348 14.5737 14.4463 14.2316 13.8605 13.3294 12.6887 11.568 12.2702 12.8214 12.8139 12.7904 12.5521 12.0337 12.4776 12.5034 11.8294 11.0503 10.6091 10.4303 -9999 -9999 -9999 -9999 -9999 -9999 -9999 -9999 -9999 -9999 -9999 -9999 -9999 -9999 -9999 -9999 -9999 -9999 -9999 -9999 -9999 -9999 -9999 -9999 -9999 -9999 -9999 -9999 -9999 -9999 -9999 -9999 -9999 -9999 -9999 -9999 -9999 -9999 -9999 -9999 -9999 -9999 -9999
13.7033 13.3208 13.525 13.7954 14.1611 14.3412 14.4835 14.6053 14.7297 14.7211 14.5561 14.0577 13.9921 13.977 13.632 12.9007 12.1703 11.9862 12.8234 13.0676 13.0254 13.2168 12.7785 12.9936 12.9127 12.6742 11.9325 11.2588 10.989 10.4504 -9999 -9999 -9999 -9999 -9999 -9999 -9999 -9999 -9999 -9999 -9999 -9999 -9999 -9999 -9999 -9999 -9999 -9999 -9999 -9999 -9999 -9999 -9999 -9999 -9999 -9999 -9999 -9999 -9999 -9999 -9999 -9999 -9999 -9999 -9999 -9999 -9999 -9999 -9999 -9999 -9999 -9999
-9999 -9999 13.0817 13.4346 13.7317 14.0908 14.401 14.564 14.7228 14.7159 14.3803 14.2194 14.2114 13.9877 13.5885 13.3406 12.8834 12.4067 12.5982 13.313 13.0041 13.5117 13.4747 13.5721 13.2415 12.5921 11.7445 11.2417 11.0008 10.5653 -9999 -9999 -9999 -9999 -9999 -9999 -9999 -9999 -9999 -9999 -9999 -9999 -9999 -9999 -9999 -9999 -9999 -9999 -9999 -9999 -9999 -9999 -9999 -9999 -9999 -9999 -9999 -9999 -9999 -9999 -9999 -9999 -9999 -9999 -9999 -9999 -9999 -9999 -9999 -9999 -9999 -9999
-9999 -9999 -9999 13.3679 13.5939 14.087 14.3236 14.4308 14.6838 14.6897 14.5662 14.4747 14.3396 14.1614 13.8633 13.5337 13.1043 13.0709 13.5308 13.5429 13.4544 13.5345 13.7726 13.7161 13.1947 12.2922 11.8231 10.8495 10.4428 10.4908 10.2049 -9999 -9999 -9999 -9999 -9999 -9999 -9999 -9999 -9999 -9999 -9999 -9999 11.4387 -9999 -9999 -9999 -9999 -9999 -9999 -9999 -9999 -9999 -9999 -9999 -9999 -9999 -9999 -9999 -9999 -9999 -9999 -9999 -9999 9.88988 -9999 -9999 -9999 -9999 -9999 -9999 -9999
-9999 -9999 13.3322 13.623 13.8644 14.1746 14.198 14.3754 14.6653 14.6747 14.5888 14.4914 14.265 14.2143 14.0479 13.6897 13.6223 13.7777 13.8529 13.9369 13.9906 13.9576 13.8684 13.7512 13.4033 12.9917 12.7167 11.8384 11.3867 10.9668 10.3289 9.83162 -9999 -9999 -9999 -9999 -9999 -9999 -9999 11.0606 11.0468 11.0683 11.2196 11.6195 11.4004 -9999 -9999 -9999 -9999 -9999 -9999 -9999 -9999 -9999 -9999 -9999 -9999 -9999 -9999 -9999 -9999 -9999 -9999 -9999 10.2399 9.74451 -9999 -9999 -9999 -9999 -9999 -9999
-9999 -9999 13.3974 13.7219 13.8854 14.1862 14.3598 14.457 14.5604 14.6599 14.6498 14.5414 14.3737 14.3822 14.1492 14.0272 13.9423 14.1502 14.197 14.1232 14.0284 13.9447 13.6974 13.6725 13.5777 13.3173 12.8876 12.4447 11.7901 10.9211 10.0695 9.38429 -9999 -9999 -9999 -9999 -9999 -9999 11.1207 11.4547 11.659 11.2569 11.6195 11.9518 11.9104 11.6004 -9999 -9999 -9999 -9999 -9999 -9999 -9999 -9999 -9999 -9999 -9999 -9999 -9999 -9999 12.5951 12.0868 11.0484 10.5219 10.2108 9.76147 -9999 -9999 -9999 -9999 -9999 -9999
-9999 -9999 13.3343 13.7164 13.9759 14.2066 14.2457 14.4745 14.5722 14.6279 14.6276 14.6112 14.5861 14.3838 14.3014 13.9921 14.3038 14.3 14.2306 13.9332 13.8074 13.2905 13.0653 13.0026 13.4449 13.123 12.448 11.6034 10.5771 10.5134 10.1817 9.56954 -9999 -9999 -9999 -9999 -9999 -9999 11.218 11.5749 11.8746 11.9273 11.5277 12.1104 12.0915 11.7812 11.7182 11.9903 12.1328 12.036 12.3613 12.4631 12.3316 12.4969 -9999 -9999 -9999 -9999 12.6421 12.6743 12.7016 12.4966 11.3613 10.5896 9.89795 9.84397 -9999 -9999 -9999 -9999 -9999 -9999
-9999 -9999 13.5979 13.8335 13.9534 13.9743 14.1811 14.3801 14.5022 14.5976 14.585 14.5842 14.5837 14.5199 14.3614 14.4 14.395 14.3058 13.7345 13.0656 13.3665 12.9703 12.1077 12.8031 13.1889 12.8232 12.0038 11.0534 10.7331 10.7483 10.2845 9.6865 -9999 -9999 -9999 10.2376 10.7432 10.7965 10.9533 11.4261 11.7884 12.0644 12.2555 12.2546 12.074 11.7706 11.4398 11.5705 12.1923 12.3508 12.4813 12.5862 12.4648 12.5433 12.7172 12.8121 12.8398 12.812 12.8142 12.8388 12.8307 12.6403 11.6262 11.0509 10.6882 9.95066 -9999 -9999 -9999 -9999 -9999 -9999
-9999 -9999 13.451 13.6557 13.8216 14.0925 14.1231 14.2982 14.397 14.5483 14.5714 14.3997 14.5549 14.5441 14.5253 14.4758 14.3989 13.9187 13.2529 12.5847 12.2791 12.4109 11.8981 12.1611 12.5517 12.4094 11.9038 11.057 10.9394 10.7354 9.95097 9.19789 -9999 -9999 9.26273 10.2234 10.9032 11.2593 11.3773 11.3987 11.8527 11.8986 12.3863 12.2804 11.6598 11.7406 11.5048 11.673 11.9064 11.9771 12.3034 12.6255 12.6939 12.7051 12.8194 12.851 12.8669 12.875 12.8153 12.8589 12.8755 12.7612 12.0297 11.6792 11.2913 9.9589 -9999 -9999 -9999 -9999 -9999 -9999
-9999 -9999 13.5518 13.7798 14.0294 14.0707 14.2563 14.2383 14.1821 14.4432 14.5382 14.4191 14.3363 14.5122 14.5098 14.497 14.4697 14.0193 13.496 12.6985 12.2048 11.8985 11.6848 11.3885 11.5896 11.5297 11.4489 11.5441 11.3092 10.8369 10.3795 9.52062 9.05973 -9999 9.31011 9.74869 10.5556 11.2436 11.6847 11.5416 12.0567 12.1615 12.4589 12.299 11.9262 11.771 11.766 11.7251 12.0734 12.3102 12.4746 12.5918 12.7367 12.7805 12.8245 12.8489 12.8671 12.8856 12.8949 12.9036 12.9002 12.8647 12.5349 12.1847 11.415 10.0021 -9999 -9999 -9999 -9999 -9999 -9999
-9999 12.8985 13.5266 13.9077 14.0553 14.1621 14.2566 14.3258 14.3935 14.4628 14.514 14.4979 14.1724 14.2086 14.2782 14.4775 14.4737 14.4414 14.1592 13.1875 12.8511 12.3573 11.7197 11.4492 11.5839 12.1094 12.0863 11.739 11.3522 10.8099 10.469 9.94415 8.93347 9.03179 9.49761 9.84741 10.3992 11.2381 11.8299 12.1007 12.2104 12.4227 12.5398 12.3162 12.1038 12.0201 11.8564 11.8413 11.8516 12.0654 12.2291 12.5938 12.723 12.7883 12.8259 12.851 12.8722 12.8936 12.9084 12.913 12.9251 12.9343 12.9208 12.4514 11.2599 10.3682 -9999 -9999 -9999 -9999 -9999 -9999
-9999 -9999 13.4097 13.5768 13.6201 13.6965 13.8537 14.0357 14.2887 14.3256 14.472 14.4769 14.1955 13.8727 14.172 14.2971 14.4264 14.4395 14.4108 13.5901 13.1646 12.8293 12.2177 12.4361 12.6468 12.6627 12.5354 11.7898 11.0475 10.1846 9.3875 9.35292 8.92554 9.16005 9.47054 10.2561 10.8128 11.0455 11.2164 12.0701 12.2987 12.385 12.6115 12.3285 12.2642 12.0534 12.1286 12.1185 12.1288 11.526 12.1436 12.1893 12.5986 12.7876 12.8388 12.8599 12.882 12.8946 12.908 12.9177 12.9335 12.9392 12.9458 12.6453 11.1296 10.3782 -9999 -9999 -9999 -9999 -9999 -9999
-9999 -9999 -9999 -9999 13.4613 13.5883 13.67 13.8124 14.2432 14.3639 14.4467 14.4599 14.3395 14.0187 13.9424 14.0132 13.7029 13.9802 14.354 14.3511 14.3115 13.5915 13.2197 13.5786 13.4696 12.9252 12.4965 12.0733 11.2037 10.5604 9.64621 8.96144 8.94024 9.70586 10.3436 11.1386 11.4957 11.3098 11.5355 11.9643 12.4508 12.692 12.6491 12.3502 12.317 11.9865 12.3307 12.3686 12.2219 12.0961 12.1539 12.361 12.4458 12.7681 12.8535 12.8771 12.8898 12.9018 12.9115 12.9213 12.9295 12.9385 12.9467 12.9454 11.3871 10.1808 -9999 -9999 -9999 -9999 -9999 -9999
-9999 -9999 -9999 -9999 13.1589 13.2358 13.44 13.9659 14.2372 14.3519 14.3532 14.4112 14.3287 14.0485 13.7615 13.4922 13.1411 13.3569 13.9112 14.2397 14.2811 13.6504 13.9785 13.8553 13.6114 12.8994 12.3742 12.0952 11.26 10.5385 9.93086 9.09229 9.45696 9.85964 10.3767 11.2427 11.8316 12.0807 11.8927 12.1719 12.7302 12.7449 12.4574 12.4877 12.3159 11.8606 12.3546 12.5002 12.3992 12.4363 12.3996 12.4825 12.626 12.7637 12.8588 12.8802 12.8919 12.8998 12.9107 12.9226 12.9286 12.9414 12.9497 12.9545 11.9533 10.157 -9999 -9999 -9999 -9999 -9999 -9999
-9999 -9999 -9999 -9999 -9999 12.8826 13.3492 14.0472 14.2164 14.2043 14.3534 14.3724 14.2416 14.1303 13.78 13.2982 12.3623 12.6125 13.1234 13.8551 14.2412 14.193 13.979 13.6109 12.7191 11.938 11.8421 11.7132 11.1034 10.5462 9.87032 10.2662 10.701 11.1778 11.4328 11.3778 11.8839 12.2992 12.1395 12.4793 12.8736 12.7119 12.6207 12.5455 12.3454 12.3427 12.3743 12.6587 12.4772 12.6029 12.6102 12.6129 12.6875 12.7721 12.8607 12.8835 12.894 12.9059 12.9079 12.9226 12.9301 12.9381 12.9467 12.9527 12.8739 11.9137 11.3435 -9999 -9999 -9999 -9999 -9999
-9999 -9999 -9999 -9999 -9999 12.4511 12.6838 13.5106 13.7619 14.1307 14.3297 14.3453 14.119 13.9971 13.4699 13.3065 12.4417 12.0541 12.3982 12.2759 13.2796 14.1668 13.9726 12.189 11.5425 11.0809 11.1983 11.1985 11.0283 10.0846 9.82852 10.6706 11.2035 11.6189 11.9371 12.0107 12.0106 12.6539 12.7493 12.9665 12.9337 12.9644 12.6567 12.4702 12.6528 12.464 12.4396 12.7331 12.4622 12.7241 12.6985 12.6319 12.6374 12.8137 12.8572 12.885 12.8963 12.9004 12.9031 12.9099 12.9273 12.9372 12.9407 12.9541 12.958 12.8579 12.366 12.2025 12.4109 -9999 -9999 -9999
-9999 -9999 -9999 -9999 -9999 -9999 11.9131 13.0623 13.5831 13.8627 14.2562 14.3096 14.1901 13.9742 13.4374 12.9668 12.1946 11.3106 10.8436 12.2666 13.5045 14.1516 14.0654 12.5811 11.9951 11.9676 12.3123 12.0205 11.7993 11.0807 10.8703 10.5782 10.7653 11.3407 11.8147 12.2736 12.6108 12.6487 12.8725 13.0052 13.0268 13.0765 13.0502 13.0305 12.7327 12.9555 12.7847 12.8899 12.8373 12.7905 12.7469 12.5803 12.7142 12.8341 12.8723 12.891 12.8946 12.9036 12.9099 12.911 12.9185 12.9302 12.9418 12.949 12.9618 12.9724 12.929 12.6381 12.2438 11.742 -9999 -9999
-9999 -9999 -9999 -9999 -9999 -9999 11.3394 12.4835 13.0305 13.7435 14.1106 14.2634 14.2528 14.0794 13.6738 13.0581 12.5467 11.5585 10.5312 12.0238 13.3512 14.0698 14.1104 12.8595 13.2062 12.9268 13.0397 12.5278 12.3155 12.1408 11.7761 11.378 10.9412 10.7154 11.7695 12.3159 12.7584 12.9732 13.1 13.1693 13.148 13.0809 12.6275 12.9923 12.9834 12.9582 12.9274 12.9173 12.8897 12.8555 12.8342 12.8347 12.7273 12.869 12.8764 12.8881 12.8989 12.906 12.9103 12.9159 12.9205 12.9323 12.9412 12.9494 12.959 12.9735 12.9829 12.9791 12.9109 12.2328 11.8317 11.7275
-9999 -9999 -9999 -9999 -9999 -9999 9.73365 11.3981 12.7264 13.4292 13.9993 14.1631 14.2301 13.9938 13.8199 13.3811 12.9658 12.3194 11.3459 10.7487 11.8657 13.4885 14.0848 14.0357 13.9997 13.6773 13.3867 13.3507 13.3736 13.0281 12.534 11.893 11.6969 11.4776 12.2649 12.3797 12.3327 13.2 13.2132 13.1759 12.8596 12.501 12.5814 12.3653 12.5491 12.2883 12.5469 12.7716 12.8611 12.8635 12.839 12.8444 12.8412 12.8748 12.8841 12.8903 12.8977 12.9068 12.9145 12.9158 12.9218 12.9373 12.9422 12.9495 12.9586 12.974 12.9851 12.9855 12.9868 12.8928 12.745 12.4524
-9999 -9999 -9999 -9999 -9999 -9999 9.80077 11.194 12.3842 13.0956 13.7862 13.9525 14.1917 14.1509 13.9678 13.5872 13.1091 12.5784 11.7442 11.1253 11.8759 12.9524 13.7254 13.9988 13.9946 13.9777 13.906 13.8742 13.7908 13.7235 13.3732 12.7673 12.4288 11.9316 12.808 12.9143 12.7882 13.2319 13.2209 12.5766 12.0838 12.032 12.3464 12.0644 12.0226 11.8509 12.0663 12.6271 12.4749 12.5158 12.7694 12.8203 12.8575 12.8743 12.8824 12.8912 12.8973 12.9086 12.9201 12.9216 12.9286 12.9382 12.9407 12.9506 12.9564 12.9678 12.9775 12.9835 12.9856 12.9676 12.946 12.9924
-9999 -9999 -9999 -9999 -9999 -9999 9.83135 10.7646 11.8365 12.8834 13.6205 13.9226 14.1453 14.1516 13.9368 13.7519 13.4553 12.989 12.6713 12.1131 11.3437 12.6492 13.0486 13.4022 13.5523 13.9249 13.9174 13.7491 13.5411 13.7279 13.6771 13.1999 13.0475 12.7866 13.2776 13.2875 13.2835 13.2676 12.7244 11.9655 11.3611 11.8145 11.7325 11.9416 11.3216 11.8493 12.2757 12.4203 12.1472 11.9462 12.5996 12.7185 12.7923 12.8432 12.8801 12.8838 12.9009 12.9077 12.9168 12.9259 12.9319 12.9403 12.9465 12.9528 12.9589 12.9711 12.9763 12.9791 12.9909 12.9883 12.9939 13
-9999 -9999 -9999 -9999 -9999 -9999 -9999 10.2109 11.5608 12.7747 13.4538 13.884 14.0978 14.1023 13.9963 13.8731 13.692 13.3576 12.9349 12.262 11.7635 12.089 12.4797 12.5213 12.7839 13.54 13.7997 13.4372 12.5263 13.0607 13.6593 13.6553 13.6109 13.5614 13.4961 13.4394 13.3055 12.9321 11.7684 11.5481 11.0981 11.1609 10.935 11.4558 11.2724 11.8121 12.0514 12.1476 11.6668 11.7729 12.3604 12.5982 12.5703 12.7203 12.8648 12.8795 12.8939 12.9013 12.9152 12.9275 12.9368 12.9417 12.9492 12.9579 12.9585 12.9762 12.9451 12.9293 12.8842 12.9676 12.9864 13.0076
-9999 -9999 -9999 -9999 -9999 -9999 -9999 9.93197 11.2877 12.7164 13.1797 13.6429 14.044 14.0596 13.893 13.7349 13.5717 13.3845 12.8701 12.371 11.8941 11.7374 11.8395 11.8249 12.2487 13.2336 13.4267 13.3488 12.3955 12.0813 12.8799 13.5526 13.6117 13.5585 12.7817 12.9574 12.5432 11.9786 11.8305 11.5893 11.0685 11.3343 10.9555 11.1323 11.0913 11.4019 11.5583 11.9257 11.508 11.5122 12.0896 12.3849 12.4022 12.7118 12.8289 12.8674 12.8851 12.9011 12.9136 12.9297 12.9385 12.9459 12.952 12.9498 12.9278 12.8345 12.2839 12.2971 12.4654 12.6251 12.9059 12.9993
-9999 -9999 -9999 -9999 -9999 -9999 -9999 10.0859 11.0286 12.2972 13.2389 13.3048 13.7669 14.0093 13.8272 13.6211 13.41 13.3218 12.7612 12.1443 11.6466 11.0558 11.1592 11.5921 12.2845 12.9224 13.0395 12.9122 12.3962 12.64 13.1867 13.4802 13.5718 13.5125 13.3495 13.2592 12.9565 12.8307 12.4074 11.7404 11.4837 11.6626 10.9539 11.014 11.2894 11.0102 11.4853 11.7176 11.1756 11.6183 12.1284 12.3943 12.6281 12.7443 12.797 12.8723 12.8849 12.9013 12.9155 12.9259 12.9374 12.9386 12.9418 12.8934 12.8165 12.2992 12.0953 12.151 12.408 12.6345 12.8778 12.9816
-9999 -9999 -9999 -9999 -9999 -9999 -9999 10.2432 11.0927 12.1937 12.8671 12.9935 13.505 13.9609 13.9185 13.7036 13.6434 13.4201 12.9457 12.4206 11.8456 11.5688 10.9245 11.5692 12.0672 12.6085 12.864 12.4371 12.234 12.6087 12.9815 13.1346 13.5121 13.5161 13.4034 12.8913 12.6463 12.7628 12.6632 12.4819 12.0257 12.0148 11.7253 11.6111 11.5036 11.1257 11.3781 11.4121 11.4895 12.018 12.2886 12.4715 12.6388 12.6906 12.7695 12.8687 12.8874 12.9017 12.9125 12.9255 12.9304 12.9169 12.9073 12.7979 12.5951 12.2065 11.5739 12.0439 12.5347 12.6962 12.8485 12.9329
-9999 -9999 -9999 -9999 -9999 -9999 -9999 10.0967 10.9991 11.9411 12.339 12.4125 13.3323 13.8986 13.9071 13.8092 13.6934 13.1308 13.1713 13.0641 12.5461 11.7883 10.9551 11.039 11.5374 12.2446 12.484 11.786 11.5493 11.7336 12.2947 12.7979 13.3235 13.4628 13.3188 12.517 11.6646 12.0731 12.5092 12.5164 12.4008 11.9784 11.8509 11.7363 11.4307 10.9057 10.987 11.1452 11.7463 11.9456 12.2477 12.5005 12.4198 12.4838 12.7263 12.8701 12.8861 12.8995 12.9151 12.9233 12.9268 12.8882 12.8468 12.7694 12.2215 11.8853 11.3956 11.9968 12.3353 12.5291 12.852 12.9382
-9999 -9999 -9999 -9999 -9999 -9999 -9999 9.81645 10.4732 11.374 11.7412 12.3232 13.1928 13.6244 13.8352 13.8383 13.7636 13.5157 13.3693 13.0737 12.5347 11.795 10.9717 10.4374 10.7171 11.6629 11.8897 11.2492 10.9334 11.3404 11.938 12.8202 13.3276 13.4029 13.3658 13.2071 12.5872 11.8366 11.8485 12.2389 11.9297 11.5688 11.7822 11.7541 11.4524 11.2356 11.0993 11.1974 11.5401 11.6913 12.0388 12.5467 12.6286 12.6253 12.8454 12.8668 12.8827 12.9017 12.9126 12.922 12.9271 12.8977 12.8178 12.4569 12.1438 11.7037 11.6596 12.2009 12.4495 12.6763 12.841 12.9029
-9999 -9999 -9999 -9999 -9999 -9999 -9999 9.33586 10.1076 10.952 11.7433 12.4925 13.1385 13.1953 13.5397 13.5467 13.7307 13.6874 13.4579 13.2101 12.7467 11.7948 10.995 10.122 10.359 11.3311 11.4386 11.0206 10.2434 11.0586 11.9572 12.7726 13.2176 12.8824 13.2421 13.2217 12.9949 12.5517 11.8578 11.8805 11.3631 11.3498 11.63 11.7274 11.692 11.5316 11.269 11.3205 11.5296 11.5928 11.9131 12.3095 12.6974 12.7716 12.8544 12.8685 12.8807 12.8977 12.9096 12.9131 12.9052 12.8739 12.5732 12.2134 11.9964 11.6932 11.6669 12.2886 12.5492 12.6968 12.8409 12.9052
-9999 -9999 -9999 -9999 -9999 -9999 -9999 -9999 10.0264 10.8986 11.546 11.7257 12.3007 12.6148 12.8596 12.9197 13.604 13.6486 13.5058 13.2788 12.8845 12.1637 11.6631 10.826 10.2257 10.4688 10.5699 10.7985 10.7391 11.1062 11.9701 12.8701 12.975 12.4155 12.5077 12.6349 12.9096 12.7837 11.8349 11.3576 10.963 11.2596 11.5711 11.6537 11.678 11.6293 11.5723 11.4522 11.8666 12.1761 12.256 12.5273 12.7304 12.7943 12.8453 12.8612 12.8773 12.8885 12.8886 12.8918 12.8549 12.7582 12.4205 11.592 11.6429 11.5639 11.3143 11.9242 12.3153 12.6614 12.8511 12.9093
-9999 -9999 -9999 -9999 -9999 -9999 -9999 -9999 9.73551 10.7437 10.9623 10.9539 10.63 10.7902 12.0267 12.2818 12.9385 13.5605 13.5226 13.3 12.9316 12.5049 11.8405 10.8983 10.1506 9.82103 10.6316 11.4248 11.5953 11.8558 12.3877 12.4946 11.9224 11.3866 11.7 11.8923 12.6016 12.7385 12.6116 12.0437 11.3933 11.0583 11.4745 11.5385 11.5725 11.5869 11.5852 11.5708 12.0297 12.2923 12.4777 12.5836 12.7595 12.8127 12.8372 12.8609 12.869 12.8717 12.8568 12.8385 12.7193 12.5727 12.0121 11.5467 11.2609 10.8951 11.758 12.0296 12.3972 12.6364 12.8253 12.8764
