Test_Spring_2018/03_18/Temp/20180327_003.txt
ncols	170
nrows	115
xllcorner	350000.000000
yllcorner	4445000.000000
cellsize	1000.000000
nodata_value	-9999.000000
[rows 32 to 63 of 115, columns 72 to 143 of 170]
8.75208 8.42773 8.92451 9.38182 9.1051 8.91731 9.67319 9.67104 9.41143 8.80451 8.58035 8.34793 8.20452 7.42628 5.24727 3.28261 4.33115 4.35331 3.62354 4.92427 4.23276 2.43346 -0.105381 1.27006 0.908376 -0.893469 -1.34311 -9999 -9999 -9999 -9999 -9999 -9999 -9999 -9999 -9999 -9999 -9999 -9999 -9999 -9999 -9999 -9999 -9999 -9999 -9999 -9999 -9999 -9999 -9999 -9999 -9999 -9999 -9999 -9999 -9999 -9999 -9999 -9999 -9999 -9999 -9999 -9999 -9999 -9999 -9999 -9999 -9999 -9999 -9999 -9999 -9999
8.32059 8.18023 8.91941 8.9022 8.8557 9.1243 9.59446 9.68576 9.58324 9.3173 9.08673 8.84153 8.22288 7.33299 5.46775 3.23182 2.72255 3.81271 3.86225 4.03497 3.40438 2.61302 1.37669 2.38348 2.77253 1.5854 0.0329042 -0.962757 -9999 -9999 -9999 -9999 -9999 -9999 -9999 -9999 -9999 -9999 -9999 -9999 -9999 -9999 -9999 -9999 -9999 -9999 -9999 -9999 -9999 -9999 -9999 -9999 -9999 -9999 -9999 -9999 -9999 -9999 -9999 -9999 -9999 -9999 -9999 -9999 -9999 -9999 -9999 -9999 -9999 -9999 -9999 -9999
7.80588 7.0855 7.53029 7.86388 8.48386 8.6511 8.74217 9.62388 9.57502 9.53197 9.15244 8.84841 8.34603 7.4895 6.27097 4.80426 2.25235 3.82125 5.04905 5.01447 4.94393 4.38844 3.20037 4.18829 4.23145 2.71316 0.994709 -0.019952 -0.441826 -9999 -9999 -9999 -9999 -9999 -9999 -9999 -9999 -9999 -9999 -9999 -9999 -9999 -9999 -9999 -9999 -9999 -9999 -9999 -9999 -9999 -9999 -9999 -9999 -9999 -9999 -9999 -9999 -9999 -9999 -9999 -9999 -9999 -9999 -9999 -9999 -9999 -9999 -9999 -9999 -9999 -9999 -9999
7.22072 6.34116 6.78867 7.38649 8.23038 8.67089 9.00653 9.26887 9.53644 9.50257 9.11425 7.97134 7.80611 7.7543 6.95642 5.28463 3.6149 3.18009 5.05454 5.58871 5.47588 5.89173 4.88458 5.35532 5.15722 4.61548 2.95936 1.44899 0.821605 -0.414282 -9999 -9999 -9999 -9999 -9999 -9999 -9999 -9999 -9999 -9999 -9999 -9999 -9999 -9999 -9999 -9999 -9999 -9999 -9999 -9999 -9999 -9999 -9999 -9999 -9999 -9999 -9999 -9999 -9999 -9999 -9999 -9999 -9999 -9999 -9999 -9999 -9999 -9999 -9999 -9999 -9999 -9999
-9999 -9999 5.78736 6.60133 7.27862 8.10531 8.82113 9.17711 9.52283 9.49293 8.71895 8.33922 8.30396 7.78043 6.85973 6.28073 5.2283 4.13175 4.54615 6.14389 5.42812 6.55883 6.45906 6.66365 5.9014 4.4594 2.53447 1.41089 0.84896 -0.15349 -9999 -9999 -9999 -9999 -9999 -9999 -9999 -9999 -9999 -9999 -9999 -9999 -9999 -9999 -9999 -9999 -9999 -9999 -9999 -9999 -9999 -9999 -9999 -9999 -9999 -9999 -9999 -9999 -9999 -9999 -9999 -9999 -9999 -9999 -9999 -9999 -9999 -9999 -9999 -9999 -9999 -9999
-9999 -9999 -9999 6.45167 6.96808 8.07253 8.64732 8.87786 9.43673 9.43623 9.14192 8.91913 8.59653 8.17565 7.48305 6.71895 5.72888 5.6343 6.65511 6.66415 6.4464 6.61065 7.13282 6.98993 5.80854 3.78155 2.70654 0.524997 -0.411187 -0.320067 -0.984741 -9999 -9999 -9999 -9999 -9999 -9999 -9999 -9999 -9999 -9999 -9999 -9999 1.49526 -9999 -9999 -9999 -9999 -9999 -9999 -9999 -9999 -9999 -9999 -9999 -9999 -9999 -9999 -9999 -9999 -9999 -9999 -9999 -9999 -2.58763 -9999 -9999 -9999 -9999 -9999 -9999 -9999
-9999 -9999 6.35428 7.04422 7.58056 8.27254 8.33959 8.75468 9.39772 9.40553 9.19642 8.96016 8.43112 8.29823 7.90287 7.07349 6.90131 7.233 7.38375 7.55489 7.65864 7.56712 7.34969 7.06982 6.30725 5.36293 4.7276 2.73363 1.72453 0.758397 -0.701426 -1.84424 -9999 -9999 -9999 -9999 -9999 -9999 -9999 0.748402 0.690849 0.713092 1.02858 1.90595 1.38396 -9999 -9999 -9999 -9999 -9999 -9999 -9999 -9999 -9999 -9999 -9999 -9999 -9999 -9999 -9999 -9999 -9999 -9999 -9999 -1.79367 -2.94515 -9999 -9999 -9999 -9999 -9999 -9999
-9999 -9999 6.54178 7.26706 7.62886 8.30117 8.68552 8.94152 9.16369 9.37585 9.33845 9.07733 8.68077 8.68108 8.13478 7.83875 7.62625 8.07596 8.16183 7.97608 7.74388 7.53789 6.9631 6.89249 6.70057 6.09921 5.11527 4.10154 2.63886 0.658328 -1.28387 -2.85113 -9999 -9999 -9999 -9999 -9999 -9999 0.914018 1.64283 2.07805 1.142 1.93496 2.6592 2.53873 1.8217 -9999 -9999 -9999 -9999 -9999 -9999 -9999 -9999 -9999 -9999 -9999 -9999 -9999 -9999 3.65744 2.47802 0.0997562 -1.12177 -1.85683 -2.90441 -9999 -9999 -9999 -9999 -9999 -9999
-9999 -9999 6.39654 7.2536 7.83413 8.34951 8.43159 8.96451 9.19409 9.30764 9.29281 9.23983 9.1653 8.68856 8.48193 7.76174 8.44487 8.41534 8.23781 7.54604 7.2436 6.0584 5.53412 5.41194 6.39958 5.66052 4.12314 2.20263 -0.10316 -0.259688 -1.02575 -2.42709 -9999 -9999 -9999 -9999 -9999 -9999 1.13879 1.91864 2.56894 2.66066 1.73008 3.02005 2.96025 2.23138 2.06195 2.65017 2.94568 2.71347 3.41453 3.61715 3.29268 3.63891 -9999 -9999 -9999 -9999 3.82686 3.87033 3.90203 3.40809 0.810361 -0.965588 -2.56121 -2.71822 -9999 -9999 -9999 -9999 -9999 -9999
-9999 -9999 6.98925 7.51682 7.78357 7.82668 8.2896 8.75607 9.04003 9.24652 9.20357 9.18528 9.16561 9.00124 8.62163 8.68665 8.65286 8.4291 7.11609 5.5839 6.24532 5.33368 3.38912 4.95882 5.82004 4.983 3.12084 0.962532 0.253158 0.27583 -0.787934 -2.15679 -9999 -9999 -9999 -0.995578 0.122498 0.217085 0.54466 1.58592 2.37714 2.9741 3.3782 3.36085 2.92185 2.20861 1.43358 1.70241 3.08141 3.41345 3.68759 3.89765 3.59603 3.74509 4.1111 4.2984 4.33331 4.24238 4.21861 4.24491 4.19661 3.73541 1.41272 0.0802806 -0.771978 -2.48679 -9999 -9999 -9999 -9999 -9999 -9999
-9999 -9999 6.6575 7.11631 7.48807 8.10396 8.16939 8.56041 8.79584 9.13992 9.17792 8.77322 9.1052 9.06018 8.99544 8.86026 8.66305 7.55424 6.02701 4.49566 3.78596 4.08327 2.91003 3.5018 4.37432 4.04808 2.90074 0.977195 0.701529 0.250707 -1.53623 -3.25513 -9999 -9999 -3.1688 -1.02078 0.490934 1.26936 1.50849 1.52873 2.52651 2.60165 3.67555 3.41868 1.98504 2.14014 1.5816 1.93514 2.43481 2.56855 3.2908 3.98672 4.11484 4.11361 4.34522 4.38978 4.39851 4.3887 4.2252 4.29449 4.3017 4.01256 2.32733 1.50282 0.591349 -2.4654 -9999 -9999 -9999 -9999 -9999 -9999
-9999 -9999 6.89115 7.40417 7.96629 8.05738 8.47415 8.43085 8.316 8.89666 9.10832 8.82244 8.61598 8.99203 8.96346 8.91036 8.82425 7.78191 6.57584 4.75186 3.61639 2.9215 2.42507 1.7585 2.20342 2.05944 1.86864 2.07559 1.54256 0.485221 -0.562403 -2.51918 -3.57878 -9999 -3.05438 -2.08673 -0.28815 1.24001 2.20904 1.85661 2.99168 3.19936 3.85175 3.46204 2.58832 2.20854 2.16995 2.05078 2.8119 3.32294 3.67876 3.91694 4.2138 4.28654 4.3599 4.38844 4.4024 4.41667 4.40918 4.39942 4.36146 4.25014 3.47277 2.64719 0.87382 -2.36493 -9999 -9999 -9999 -9999 -9999 -9999
-9999 5.39473 6.83115 7.69202 8.02539 8.26621 8.47866 8.63265 8.79724 8.9474 9.05101 9.00554 8.2499 8.3097 8.44291 8.86814 8.83403 8.73606 8.07447 5.85591 5.08686 3.96088 2.50711 1.89354 2.18964 3.37017 3.31116 2.51947 1.63807 0.421759 -0.354201 -1.55548 -3.85751 -3.65474 -2.62349 -1.85671 -0.635206 1.23349 2.5426 3.12506 3.34298 3.8002 4.03604 3.50073 2.98947 2.77248 2.3751 2.31423 2.31163 2.76931 3.1228 3.92264 4.1884 4.30658 4.36581 4.39616 4.41742 4.43837 4.44339 4.42438 4.42135 4.41083 4.3475 3.25318 0.521231 -1.53921 -9999 -9999 -9999 -9999 -9999 -9999
-9999 -9999 6.5643 6.94284 7.04202 7.2158 7.5715 7.98163 8.56527 8.64009 8.9596 8.95739 8.30606 7.5536 8.20532 8.46215 8.72786 8.73174 8.64241 6.77597 5.79707 5.02484 3.63038 4.1224 4.59154 4.62126 4.32805 2.63706 0.953179 -0.987542 -2.80035 -2.89161 -3.8692 -3.35863 -2.67851 -0.926776 0.305296 0.803312 1.16019 3.05978 3.55111 3.71561 4.19824 3.52931 3.35297 2.84828 2.99103 2.94171 2.93901 1.55088 2.93044 3.00778 3.90711 4.30975 4.39729 4.41899 4.44252 4.44367 4.4457 4.43815 4.44357 4.42447 4.40338 3.68997 0.22876 -1.51434 -9999 -9999 -9999 -9999 -9999 -9999
-9999 -9999 -9999 -9999 6.6837 6.97315 7.15909 7.48053 8.46623 8.73115 8.90702 8.92166 8.63098 7.8861 7.68819 7.82152 7.09276 7.69465 8.51996 8.49372 8.38707 6.7455 5.90057 6.70375 6.45081 5.21492 4.24107 3.28009 1.30954 -0.134568 -2.21145 -3.77192 -3.83493 -2.12207 -0.699929 1.07278 1.8535 1.40482 1.88516 2.82613 3.89588 4.41087 4.28405 3.57904 3.47282 2.69746 3.44826 3.50734 3.14992 2.84039 2.95408 3.39647 3.5627 4.2657 4.43324 4.45996 4.46233 4.46225 4.45614 4.44879 4.43507 4.423 4.40794 4.37037 0.812575 -1.95899 -9999 -9999 -9999 -9999 -9999 -9999
-9999 -9999 -9999 -9999 6.00101 6.17761 6.64109 7.83018 8.45514 8.70678 8.69839 8.81434 8.60917 7.95376 7.28032 6.64436 5.82428 6.28702 7.51746 8.2402 8.31696 6.87708 7.61459 7.32838 6.77098 5.15658 3.96526 3.33089 1.43878 -0.181972 -1.56546 -3.47325 -2.66365 -1.7711 -0.623117 1.31114 2.61556 3.14979 2.69598 3.29683 4.52832 4.53117 3.8512 3.89034 3.47063 2.41302 3.50247 3.80494 3.55091 3.60988 3.50989 3.67168 3.97058 4.25668 4.44595 4.46868 4.46849 4.45921 4.4558 4.45255 4.43476 4.43117 4.41604 4.39228 2.09359 -2.012 -9999 -9999 -9999 -9999 -9999 -9999
-9999 -9999 -9999 -9999 -9999 5.38037 6.43687 8.015 8.40918 8.37382 8.69958 8.7274 8.41286 8.1391 7.32205 6.20579 4.06337 4.60405 5.73628 7.3705 8.22624 8.10355 7.61557 6.77578 4.75366 2.9833 2.76262 2.46767 1.08524 -0.164214 -1.70171 -0.818666 0.149575 1.20973 1.76537 1.61715 2.73447 3.64487 3.25412 3.9919 4.85277 4.45663 4.2203 4.0209 3.53709 3.50277 3.54681 4.16311 3.72729 3.98638 3.98577 3.96641 4.10971 4.27565 4.4505 4.47643 4.47368 4.47358 4.44961 4.45324 4.43888 4.42416 4.40979 4.38856 4.17499 1.95953 0.633633 -9999 -9999 -9999 -9999 -9999
-9999 -9999 -9999 -9999 -9999 4.40575 4.93297 6.8017 7.3811 8.20665 8.64484 8.66467 8.1341 7.83722 6.62096 6.22434 4.24235 3.34246 4.09786 3.80141 6.05336 8.04507 7.60177 3.56176 2.09418 1.04561 1.30685 1.30327 0.914323 -1.20875 -1.79757 0.0940069 1.2838 2.20515 2.90355 3.04653 3.01962 4.44525 4.63189 5.09258 4.98791 5.02676 4.3011 3.85 4.23149 3.77632 3.69396 4.33089 3.69278 4.25984 4.18513 4.00902 3.99606 4.36936 4.44226 4.47923 4.47824 4.46046 4.4382 4.42364 4.43177 4.42152 4.39557 4.39111 4.36462 4.09349 2.9446 2.53855 2.97401 -9999 -9999 -9999
-9999 -9999 -9999 -9999 -9999 -9999 3.19009 5.78667 6.9751 7.59832 8.47555 8.58084 8.29792 7.78573 6.54662 5.45604 3.68394 1.65989 0.585434 3.78254 6.56401 8.01269 7.81322 4.44934 3.11779 3.04993 3.8241 3.15971 2.6547 1.04018 0.554341 -0.118608 0.289283 1.57485 2.6243 3.63733 4.37308 4.4304 4.90654 5.17816 5.19687 5.27888 5.18955 5.11556 4.4113 4.88666 4.47336 4.68454 4.53995 4.40911 4.2938 3.89143 4.16885 4.41437 4.47517 4.4905 4.47241 4.46574 4.45178 4.42469 4.40985 4.40366 4.39628 4.37806 4.372 4.35115 4.21655 3.52263 2.59583 1.42673 -9999 -9999
-9999 -9999 -9999 -9999 -9999 -9999 1.89214 4.47577 5.72287 7.32508 8.15048 8.48256 8.43729 8.02185 7.07977 5.66224 4.48029 2.22129 -0.124762 3.2312 6.22039 7.8304 7.91009 5.08033 5.85624 5.21794 5.46707 4.30405 3.8179 3.43278 2.59708 1.68404 0.685628 0.155246 2.51666 3.72779 4.70184 5.15941 5.41648 5.54284 5.46898 5.28688 4.23219 5.02793 4.97671 4.8916 4.79482 4.74531 4.65728 4.55467 4.48994 4.46528 4.19702 4.49149 4.48035 4.48117 4.47933 4.46812 4.44963 4.43271 4.41236 4.40806 4.39232 4.37661 4.36371 4.35171 4.33678 4.29242 4.1032 2.53575 1.59561 1.32495
-9999 -9999 -9999 -9999 -9999 -9999 -1.73917 2.01915 5.04379 6.62054 7.90119 8.25294 8.38334 7.82635 7.40884 6.3919 5.42818 3.94267 1.71901 0.347691 2.85877 6.51126 7.85474 7.74117 7.65079 6.91399 6.24961 6.16097 6.20529 5.43378 4.31176 2.84776 2.38678 1.87162 3.62951 3.86513 3.73313 5.66623 5.66702 5.55307 4.80798 3.97405 4.12677 3.60863 3.99328 3.37577 3.93324 4.41449 4.5911 4.57111 4.4994 4.48494 4.45205 4.49896 4.49464 4.48287 4.47304 4.46605 4.45505 4.42852 4.4114 4.41483 4.39453 4.37771 4.36005 4.35042 4.33994 4.30558 4.27371 4.02725 3.66003 2.96333
-9999 -9999 -9999 -9999 -9999 -9999 -1.57739 1.58656 4.26697 5.87129 7.41637 7.77379 8.29394 8.17931 7.74196 6.85753 5.75279 4.52954 2.62129 1.20148 2.87944 5.30255 7.0361 7.65119 7.6399 7.59235 7.42151 7.34777 7.15017 7.00811 6.20231 4.81697 4.03395 2.89007 4.84939 5.06609 4.75546 5.7314 5.67837 4.19282 3.04945 2.90298 3.59289 2.92697 2.80174 2.38531 2.84508 4.08618 3.71473 3.78176 4.33953 4.42853 4.48224 4.49461 4.48711 4.4809 4.46778 4.46562 4.46322 4.43703 4.42243 4.41271 4.38624 4.37689 4.35641 4.33742 4.32056 4.29936 4.26999 4.19551 4.11225 4.18188
-9999 -9999 -9999 -9999 -9999 -9999 -1.51377 0.614048 3.0258 5.38929 7.03909 7.70352 8.18658 8.17915 7.67101 7.22978 6.53591 5.45927 4.71914 3.43704 1.67892 4.61288 5.50843 6.30464 6.63762 7.47031 7.44412 7.05441 6.60346 7.01239 6.88308 5.78754 5.42461 4.81485 5.9028 5.90159 5.86748 5.80502 4.54939 2.80551 1.4106 2.40669 2.19289 2.64694 1.21484 2.3784 3.31538 3.61584 2.97165 2.49168 3.95365 4.19069 4.33158 4.42061 4.47793 4.45966 4.47112 4.45883 4.45073 4.44197 4.42508 4.41288 4.39525 4.37704 4.35879 4.34159 4.31901 4.29014 4.28264 4.23982 4.21971 4.1981
-9999 -9999 -9999 -9999 -9999 -9999 -9999 -0.641646 2.41137 5.14081 6.65955 7.61381 8.07744 8.06647 7.80514 7.50435 7.07262 6.29473 5.31822 3.77736 2.63203 3.35085 4.22815 4.3193 4.90106 6.59903 7.17547 6.34523 4.29996 5.49544 6.83321 6.80697 6.68822 6.55606 6.38852 6.2368 5.90946 5.03925 2.38154 1.85444 0.809025 0.922677 0.383872 1.54447 1.09917 2.29205 2.80605 2.99691 1.88402 2.11026 3.40524 3.91649 3.82713 4.13972 4.43896 4.44538 4.45053 4.43913 4.44191 4.4404 4.43125 4.4121 4.39738 4.38506 4.35473 4.34926 4.24493 4.17513 4.03952 4.19481 4.20475 4.20326
-9999 -9999 -9999 -9999 -9999 -9999 -9999 -1.25756 1.79338 5.00782 6.03848 7.06715 7.95445 7.96911 7.57112 7.19215 6.80158 6.35709 5.17365 4.02566 2.92922 2.55784 2.77271 2.74644 3.69137 5.90541 6.32977 6.14123 4.00208 3.27615 5.06491 6.56772 6.68211 6.54132 4.76349 5.13735 4.1765 2.87471 2.51345 1.9412 0.736485 1.30976 0.425878 0.798066 0.687148 1.36224 1.68882 2.49288 1.52248 1.51876 2.79005 3.43083 3.44327 4.11632 4.35412 4.41396 4.42648 4.43444 4.4338 4.44074 4.43064 4.41664 4.39923 4.3625 4.28091 4.03828 2.7472 2.74362 3.09073 3.41901 4.01717 4.18162
-9999 -9999 -9999 -9999 -9999 -9999 -9999 -0.908217 1.2081 4.05983 6.17156 6.30198 7.32715 7.85487 7.42223 6.93524 6.4368 6.21662 4.9291 3.51498 2.37138 1.01838 1.23557 2.19859 3.77246 5.20086 5.452 5.15054 3.99972 4.53413 5.75254 6.3975 6.58469 6.42973 6.03931 5.81206 5.10337 4.79391 3.81113 2.27669 1.66963 2.04691 0.417833 0.526715 1.12272 0.474138 1.52132 2.02001 0.768396 1.74849 2.87465 3.44862 3.95013 4.18572 4.27761 4.42039 4.42087 4.42973 4.4329 4.42712 4.42324 4.39556 4.37177 4.23111 4.02554 2.82429 2.31766 2.41055 2.95881 3.43834 3.93568 4.13866
-9999 -9999 -9999 -9999 -9999 -9999 -9999 -0.550933 1.35404 3.82615 5.33086 5.59789 6.73487 7.7454 7.62902 7.1224 6.96554 6.44014 5.34762 4.14109 2.82253 2.17906 0.705577 2.1467 3.28117 4.49013 5.05303 4.10568 3.6296 4.45888 5.28346 5.61017 6.44335 6.43119 6.15412 4.97329 4.39542 4.63391 4.38327 3.94735 2.88977 2.83848 2.15741 1.87263 1.60334 0.732642 1.27645 1.3267 1.46865 2.6491 3.23335 3.61955 3.9706 4.0602 4.21098 4.40768 4.4219 4.42561 4.42114 4.4212 4.40264 4.34173 4.2896 4.01118 3.52145 2.61134 1.13584 2.16573 3.24289 3.55949 3.86614 4.02512
-9999 -9999 -9999 -9999 -9999 -9999 -9999 -0.879628 1.14395 3.25617 4.13767 4.28497 6.3448 7.60477 7.60368 7.36167 7.07939 5.7872 5.85882 5.59694 4.40714 2.6759 0.774825 0.947908 2.06995 3.66637 4.1919 2.63147 2.07849 2.47685 3.72604 4.84391 6.01146 6.30487 5.95689 4.12097 2.17023 3.06906 4.02969 4.02022 3.73298 2.75185 2.43732 2.15212 1.43495 0.219807 0.389634 0.720732 2.0595 2.4823 3.13781 3.68168 3.47158 3.58881 4.10918 4.4063 4.41417 4.41602 4.42232 4.41172 4.38995 4.27266 4.14855 3.94287 2.67332 1.88215 0.730467 2.05663 2.78959 3.17277 3.87067 4.03389
-9999 -9999 -9999 -9999 -9999 -9999 -9999 -1.51049 -0.0429295 1.97565 2.78741 4.08391 6.03014 6.9857 7.44194 7.42832 7.23893 6.65819 6.30733 5.61964 4.38214 2.69145 0.812448 -0.412526 0.202914 2.35042 2.85275 1.41575 0.683395 1.58449 2.91601 4.88997 6.01598 6.16431 6.05785 5.67596 4.25062 2.52939 2.53117 3.38836 2.66364 1.82194 2.27838 2.18886 1.48079 0.964543 0.641124 0.829528 1.59034 1.90441 2.66228 3.78276 3.94015 3.90469 4.37449 4.39468 4.40224 4.41656 4.41239 4.40436 4.38636 4.29006 4.07904 3.2328 2.49423 1.46826 1.33757 2.51512 3.02773 3.5022 3.84249 3.95062
-9999 -9999 -9999 -9999 -9999 -9999 -9999 -2.59396 -0.867018 1.02357 2.79355 4.46789 5.9084 6.01666 6.77466 6.77014 7.16537 7.04722 6.5084 5.92856 4.86173 2.69117 0.865134 -1.12603 -0.607277 1.58505 1.86051 0.897001 -0.87866 0.944707 2.95615 4.77883 5.76351 4.9836 5.77411 5.70464 5.16799 4.14171 2.54828 2.57433 1.37918 1.3233 1.93094 2.12536 2.01929 1.6308 1.0091 1.10514 1.56371 1.6787 2.37489 3.24327 4.09223 4.23192 4.39101 4.39451 4.39367 4.40344 4.40158 4.38017 4.33284 4.23238 3.5225 2.67891 2.15762 1.44163 1.35105 2.71196 3.25003 3.54531 3.83886 3.95231
-9999 -9999 -9999 -9999 -9999 -9999 -9999 -9999 -1.04792 0.905182 2.34954 2.7361 4.01605 4.70556 5.23825 5.35345 6.87975 6.96017 6.61706 6.08406 5.17351 3.52532 2.37541 0.46525 -0.909226 -0.358178 -0.10459 0.393437 0.239871 1.0502 2.98278 4.99657 5.21211 3.92527 4.11079 4.37483 4.972 4.66289 2.49321 1.38892 0.471624 1.1164 1.79487 1.95595 1.9849 1.84906 1.68679 1.41384 2.3228 2.99439 3.14716 3.73235 4.16348 4.27995 4.36686 4.37453 4.38241 4.37912 4.3503 4.3284 4.21568 3.96748 3.17397 1.27088 1.35559 1.14611 0.55118 1.88055 2.712 3.46213 3.85886 3.95833
-9999 -9999 -9999 -9999 -9999 -9999 -9999 -9999 -1.70266 0.557481 1.0323 0.993447 0.240679 0.58217 3.35667 3.91237 5.37593 6.7614 6.65524 6.13222 5.27995 4.29642 2.77605 0.628287 -1.07945 -1.80661 0.017216 1.8077 2.17392 2.74318 3.92533 4.14601 2.83069 1.59709 2.28263 2.69394 4.27335 4.55827 4.24644 2.93762 1.44174 0.658965 1.57424 1.69302 1.74404 1.75075 1.71508 1.66604 2.6887 3.25431 3.6455 3.85678 4.22641 4.31832 4.34534 4.37063 4.36043 4.33774 4.27534 4.20482 3.90604 3.54501 2.24775 1.16549 0.489088 -0.368545 1.55129 2.11566 2.89755 3.40276 3.79741 3.88082
