Test_Spring_2018/03_18/Temp/20180307_019.txt
ncols	170
nrows	115
xllcorner	350000.000000
yllcorner	4445000.000000
cellsize	1000.000000
nodata_value	-9999.000000
[rows 32 to 63 of 115, columns 72 to 143 of 170]
12.1804 11.8944 12.3516 12.7732 12.5225 12.3542 13.0433 13.0493 12.8223 12.281 12.0861 11.8837 11.7618 11.0652 9.1006 7.32973 8.28581 8.31263 7.6586 8.84205 8.22209 6.59926 4.30688 5.55712 5.23501 3.6111 3.20615 -9999 -9999 -9999 -9999 -9999 -9999 -9999 -9999 -9999 -9999 -9999 -9999 -9999 -9999 -9999 -9999 -9999 -9999 -9999 -9999 -9999 -9999 -9999 -9999 -9999 -9999 -9999 -9999 -9999 -9999 -9999 -9999 -9999 -9999 -9999 -9999 -9999 -9999 -9999 -9999 -9999 -9999 -9999 -9999 -9999
11.7852 11.6659 12.3426 12.3347 12.2969 12.5371 12.9673 13.0578 12.9728 12.7399 12.539 12.3249 11.7727 10.9749 9.29416 7.27777 6.82394 7.81751 7.86902 8.03177 7.46723 6.75698 5.64381 6.5607 6.91837 5.85011 4.4483 3.54764 -9999 -9999 -9999 -9999 -9999 -9999 -9999 -9999 -9999 -9999 -9999 -9999 -9999 -9999 -9999 -9999 -9999 -9999 -9999 -9999 -9999 -9999 -9999 -9999 -9999 -9999 -9999 -9999 -9999 -9999 -9999 -9999 -9999 -9999 -9999 -9999 -9999 -9999 -9999 -9999 -9999 -9999 -9999 -9999
11.3146 10.6704 11.0808 11.3905 11.9504 12.1012 12.1913 12.997 12.9604 12.9291 12.5933 12.3257 11.8786 11.1108 10.0154 8.69518 6.39266 7.81967 8.93778 8.91314 8.85575 8.35926 7.29004 8.19011 8.23495 6.86445 5.31011 4.39762 4.02176 -9999 -9999 -9999 -9999 -9999 -9999 -9999 -9999 -9999 -9999 -9999 -9999 -9999 -9999 -9999 -9999 -9999 -9999 -9999 -9999 -9999 -9999 -9999 -9999 -9999 -9999 -9999 -9999 -9999 -9999 -9999 -9999 -9999 -9999 -9999 -9999 -9999 -9999 -9999 -9999 -9999 -9999 -9999
10.7801 9.992 10.4049 10.9539 11.7194 12.12 12.426 12.671 12.9207 12.8976 12.5536 11.5266 11.3845 11.345 10.6302 9.12446 7.62046 7.23408 8.93764 9.42797 9.33254 9.71542 8.81018 9.24237 9.06903 8.58168 7.0847 5.72371 5.16188 4.0494 -9999 -9999 -9999 -9999 -9999 -9999 -9999 -9999 -9999 -9999 -9999 -9999 -9999 -9999 -9999 -9999 -9999 -9999 -9999 -9999 -9999 -9999 -9999 -9999 -9999 -9999 -9999 -9999 -9999 -9999 -9999 -9999 -9999 -9999 -9999 -9999 -9999 -9999 -9999 -9999 -9999 -9999
-9999 -9999 9.49409 10.2332 10.8505 11.604 12.2538 12.5834 12.9038 12.8841 12.1909 11.8545 11.83 11.3635 10.5375 10.0208 9.07561 8.09043 8.4727 9.92585 9.28492 10.315 10.2312 10.4227 9.73885 8.4314 6.69685 5.68577 5.18315 4.28189 -9999 -9999 -9999 -9999 -9999 -9999 -9999 -9999 -9999 -9999 -9999 -9999 -9999 -9999 -9999 -9999 -9999 -9999 -9999 -9999 -9999 -9999 -9999 -9999 -9999 -9999 -9999 -9999 -9999 -9999 -9999 -9999 -9999 -9999 -9999 -9999 -9999 -9999 -9999 -9999 -9999 -9999
-9999 -9999 -9999 10.0935 10.5652 11.5723 12.0923 12.3083 12.8215 12.8282 12.5691 12.3746 12.0899 11.7162 11.0967 10.4126 9.5239 9.44572 10.377 10.3924 10.2025 10.358 10.8373 10.7143 9.64876 7.81464 6.84753 4.88052 4.03908 4.12748 3.53193 -9999 -9999 -9999 -9999 -9999 -9999 -9999 -9999 -9999 -9999 -9999 -9999 5.8775 -9999 -9999 -9999 -9999 -9999 -9999 -9999 -9999 -9999 -9999 -9999 -9999 -9999 -9999 -9999 -9999 -9999 -9999 -9999 -9999 2.36985 -9999 -9999 -9999 -9999 -9999 -9999 -9999
-9999 -9999 9.9983 10.6226 11.1156 11.7493 11.8155 12.1929 12.782 12.7962 12.614 12.4073 11.9356 11.8226 11.4721 10.7289 10.5806 10.8884 11.0324 11.1947 11.2959 11.2201 11.0301 10.7832 10.0916 9.24287 8.67363 6.87666 5.96856 5.09989 3.78448 2.75617 -9999 -9999 -9999 -9999 -9999 -9999 -9999 5.16237 5.11911 5.14822 5.44282 6.246 5.78259 -9999 -9999 -9999 -9999 -9999 -9999 -9999 -9999 -9999 -9999 -9999 -9999 -9999 -9999 -9999 -9999 -9999 -9999 -9999 3.08521 2.05296 -9999 -9999 -9999 -9999 -9999 -9999
-9999 -9999 10.1561 10.8205 11.1556 11.7714 12.1264 12.3583 12.5664 12.7654 12.7385 12.5092 12.1574 12.1649 11.6778 11.4174 11.2327 11.6475 11.7329 11.5724 11.3697 11.1904 10.677 10.6196 10.4449 9.90646 9.02156 8.10954 6.79265 5.00563 3.2534 1.84072 -9999 -9999 -9999 -9999 -9999 -9999 5.29934 5.96779 6.37076 5.53278 6.25977 6.92456 6.82475 6.17975 -9999 -9999 -9999 -9999 -9999 -9999 -9999 -9999 -9999 -9999 -9999 -9999 -9999 -9999 7.97596 6.91822 4.77562 3.68009 3.02492 2.08689 -9999 -9999 -9999 -9999 -9999 -9999
-9999 -9999 10.0212 10.8049 11.338 11.8118 11.893 12.3766 12.5905 12.7001 12.6935 12.6525 12.592 12.1678 11.9882 11.344 11.97 11.9512 11.7984 11.1801 10.9139 9.84848 9.38089 9.27009 10.17 9.50686 8.12087 6.38791 4.30517 4.17112 3.48313 2.22036 -9999 -9999 -9999 -9999 -9999 -9999 5.49841 6.21328 6.81117 6.90369 6.071 7.24807 7.19846 6.54823 6.40417 6.94562 7.22192 7.01924 7.66658 7.85828 7.57278 7.89424 -9999 -9999 -9999 -9999 8.10675 8.15538 8.19367 7.75648 5.4154 3.81826 2.38442 2.25212 -9999 -9999 -9999 -9999 -9999 -9999
-9999 -9999 10.5545 11.0401 11.2892 11.3355 11.7613 12.1847 12.4479 12.6362 12.6045 12.5951 12.5846 12.4433 12.1074 12.174 12.1512 11.9566 10.776 9.39686 10.0029 9.19009 7.43246 8.85802 9.64341 8.89137 7.2112 5.26276 4.62454 4.6523 3.69456 2.45751 -9999 -9999 -9999 3.53479 4.55455 4.64845 4.95367 5.90519 6.63068 7.18387 7.55946 7.54782 7.16144 6.5255 5.83341 6.08585 7.3428 7.6519 7.9113 8.10959 7.84458 7.98369 8.32312 8.50086 8.54084 8.46713 8.45448 8.48744 8.45317 8.04546 5.95738 4.76185 4.00102 2.46679 -9999 -9999 -9999 -9999 -9999 -9999
-9999 -9999 10.2471 10.6704 11.0146 11.5772 11.6433 12.0038 12.2189 12.5372 12.5787 12.2197 12.5275 12.4943 12.4434 12.3289 12.1584 11.1628 9.78837 8.41007 7.77516 8.04731 6.99191 7.5325 8.32794 8.04317 7.00509 5.26904 5.0244 4.62006 3.01018 1.45981 -9999 -9999 1.55654 3.50794 4.88401 5.59696 5.82229 5.84991 6.76257 6.84035 7.82214 7.59425 6.30769 6.45767 5.96555 6.29472 6.75134 6.88104 7.54207 8.18389 8.30799 8.31492 8.53256 8.58099 8.59716 8.59679 8.45761 8.52947 8.54545 8.29353 6.77827 6.04225 5.22683 2.4782 -9999 -9999 -9999 -9999 -9999 -9999
-9999 -9999 10.4507 10.9228 11.4391 11.5288 11.9131 11.8841 11.7823 12.315 12.5136 12.2622 12.0828 12.4308 12.4127 12.3726 12.3027 11.3674 10.2837 8.64055 7.62027 6.99479 6.55179 5.94928 6.35733 6.23221 6.06457 6.25689 5.78311 4.8296 3.88634 2.12257 1.16909 -9999 1.65638 2.53944 4.1752 5.56682 6.45293 6.14344 7.18058 7.37853 7.97452 7.63158 6.85191 6.51404 6.48843 6.38977 7.0877 7.56236 7.89179 8.11581 8.39566 8.46943 8.54375 8.57756 8.59837 8.6197 8.62165 8.62192 8.59703 8.50607 7.81258 7.07485 5.48032 2.56679 -9999 -9999 -9999 -9999 -9999 -9999
-9999 9.08829 10.3944 11.1813 11.4906 11.7158 11.9152 12.0615 12.2134 12.3591 12.4601 12.4263 11.75 11.8119 11.9404 12.3333 12.3105 12.23 11.6391 9.6388 8.94732 7.93132 6.62122 6.07047 6.34358 7.417 7.36843 6.65668 5.86379 4.76665 4.0722 2.99007 0.913689 1.10316 2.04309 2.74435 3.85786 5.55779 6.75184 7.28867 7.49589 7.91625 8.13955 7.66177 7.20987 7.02297 6.67269 6.62687 6.63364 7.05687 7.38452 8.1198 8.36865 8.48592 8.54737 8.58273 8.61005 8.63734 8.65056 8.64239 8.64909 8.64937 8.60143 7.62134 5.15657 3.30879 -9999 -9999 -9999 -9999 -9999 -9999
-9999 -9999 10.1511 10.5015 10.5987 10.7633 11.0923 11.4705 12.0019 12.0774 12.3744 12.3816 11.7998 11.1266 11.7245 11.9652 12.2138 12.2254 12.1525 10.4668 9.58699 8.89385 7.63716 8.08686 8.51633 8.54796 8.28722 6.76137 5.24202 3.48916 1.85367 1.77669 0.899257 1.3685 1.99061 3.58334 4.70646 5.16589 5.49818 7.22725 7.67947 7.83611 8.28231 7.68628 7.53751 7.09025 7.22888 7.19358 7.20033 5.95302 7.20952 7.28849 8.11128 8.4858 8.5745 8.60199 8.63129 8.6406 8.65103 8.65318 8.66747 8.65938 8.64864 8.01284 4.8903 3.32951 -9999 -9999 -9999 -9999 -9999 -9999
-9999 -9999 -9999 -9999 10.2728 10.542 10.7174 11.0154 11.911 12.1587 12.326 12.3474 12.0925 11.427 11.2561 11.385 10.7336 11.2856 12.0388 12.0215 11.931 10.4507 9.69051 10.4223 10.198 9.08398 8.20706 7.34183 5.56293 4.25954 2.38505 0.978341 0.927395 2.48425 3.7794 5.39114 6.10579 5.70843 6.15252 7.01157 7.98892 8.46429 8.35883 7.73012 7.64478 6.95255 7.64155 7.70441 7.39019 7.11919 7.2301 7.6396 7.799 8.44404 8.60429 8.63807 8.64819 8.65634 8.65934 8.6616 8.6574 8.65569 8.65157 8.62738 5.41736 2.92551 -9999 -9999 -9999 -9999 -9999 -9999
-9999 -9999 -9999 -9999 9.65338 9.82047 10.2471 11.3305 11.8999 12.1357 12.1364 12.2497 12.0725 11.4877 10.8867 10.3194 9.58489 10.0111 11.1315 11.7919 11.8671 10.5692 11.2411 10.9867 10.4867 9.02992 7.95611 7.38644 5.67856 4.21532 2.96849 1.24751 1.98645 2.80095 3.84715 5.60568 6.79436 7.28648 6.88417 7.4369 8.56057 8.57233 7.96615 8.01087 7.64173 6.69402 7.68954 7.97271 7.75213 7.81474 7.73238 7.88806 8.16766 8.43551 8.61553 8.64464 8.65314 8.65293 8.65833 8.66375 8.65645 8.66228 8.65797 8.64615 6.57564 2.8762 -9999 -9999 -9999 -9999 -9999 -9999
-9999 -9999 -9999 -9999 -9999 9.09746 10.0609 11.4965 11.8572 11.8335 12.1368 12.1705 11.8944 11.6553 10.9243 9.92223 7.99102 8.48765 9.51907 11.0043 11.7843 11.6784 11.241 10.4854 8.65961 7.06167 6.86636 6.60395 5.35744 4.23036 2.84428 3.64939 4.53205 5.49838 6.00854 5.88212 6.90154 7.73399 7.389 8.06558 8.8537 8.50421 8.29944 8.12816 7.70093 7.67932 7.72863 8.29585 7.91078 8.1546 8.16229 8.15414 8.29305 8.45228 8.61936 8.65146 8.65743 8.66566 8.65229 8.66406 8.65974 8.65536 8.65158 8.64191 8.45846 6.46964 5.2809 -9999 -9999 -9999 -9999 -9999
-9999 -9999 -9999 -9999 -9999 8.21394 8.69841 10.3971 10.9255 11.6812 12.0864 12.1131 11.6416 11.3812 10.2889 9.93834 8.15215 7.34507 8.03531 7.77295 9.81658 11.6243 11.2271 7.57508 6.2512 5.30659 5.54754 5.54896 5.2018 3.28417 2.75691 4.47502 5.55838 6.39921 7.0387 7.17552 7.15944 8.45798 8.63586 9.06154 8.97563 9.0197 8.37189 7.97266 8.32852 7.92592 7.86078 8.44666 7.87852 8.40113 8.34181 8.19191 8.18953 8.53657 8.6115 8.65369 8.66114 8.65347 8.64145 8.63705 8.65298 8.6525 8.63809 8.64343 8.62916 8.40006 7.37142 7.01519 7.4206 -9999 -9999 -9999
-9999 -9999 -9999 -9999 -9999 -9999 7.11956 9.47717 10.5567 11.1294 11.9321 12.0362 11.7868 11.3327 10.2202 9.24147 7.64519 5.82013 4.85479 7.7543 10.2771 11.5933 11.4169 8.37679 7.17612 7.11926 7.82462 7.22814 6.77615 5.31897 4.88515 4.28237 4.65824 5.82743 6.78475 7.70993 8.38411 8.44417 8.88319 9.13883 9.16442 9.24739 9.17536 9.11727 8.49037 8.92988 8.56512 8.76562 8.64416 8.53515 8.43908 8.08449 8.34504 8.57654 8.64063 8.66269 8.65514 8.65755 8.65306 8.63646 8.63279 8.63587 8.63812 8.63084 8.63489 8.63235 8.52158 7.90469 7.07707 6.03008 -9999 -9999
-9999 -9999 -9999 -9999 -9999 -9999 5.94329 8.28927 9.42171 10.8806 11.634 11.9421 11.9109 11.5442 10.7005 9.42578 8.36357 6.32583 4.2086 7.25288 9.96395 11.4261 11.503 8.94598 9.6529 9.07993 9.3103 8.26277 7.82811 7.48383 6.73361 5.91377 5.0145 4.54123 6.68678 7.79125 8.68108 9.10335 9.34404 9.46632 9.40872 9.25407 8.30813 9.03707 9.00117 8.93327 8.85491 8.81941 8.74911 8.66565 8.6153 8.60262 8.36936 8.64458 8.64298 8.65297 8.66018 8.65856 8.65 8.64262 8.63202 8.63742 8.6338 8.62864 8.62635 8.63193 8.62928 8.60016 8.44 7.03241 6.19249 5.95954
-9999 -9999 -9999 -9999 -9999 -9999 2.65494 6.06419 8.80134 10.2377 11.4035 11.7316 11.8592 11.3644 10.9953 10.083 9.2183 7.88061 5.87419 4.63865 6.91823 10.229 11.4505 11.352 11.2751 10.6132 10.0171 9.94223 9.98797 9.29415 8.2808 6.96318 6.55191 6.09382 7.69314 7.91467 7.8034 9.56111 9.56978 9.4745 8.80792 8.0629 8.2092 7.75145 8.11002 7.56013 8.07382 8.51862 8.68779 8.67909 8.62231 8.61759 8.59765 8.64841 8.65409 8.65273 8.65276 8.655 8.6533 8.63728 8.62963 8.64058 8.63225 8.62549 8.62182 8.62973 8.63093 8.61068 8.5928 8.38073 8.05931 7.44082
-9999 -9999 -9999 -9999 -9999 -9999 2.79498 5.66075 8.09576 9.55351 10.9615 11.2946 11.7748 11.6801 11.293 10.5006 9.50819 8.4079 6.68702 5.40771 6.93175 9.13182 10.7057 11.2669 11.263 11.2252 11.076 11.0094 10.8368 10.713 9.9909 8.74218 8.04151 7.01439 8.79599 9.00037 8.72738 9.61873 9.57866 8.24193 7.21484 7.09004 7.72473 7.13013 7.02712 6.66232 7.08747 8.21992 7.89105 7.96125 8.47411 8.56455 8.6212 8.64218 8.64497 8.64865 8.64574 8.65241 8.65856 8.64292 8.63764 8.63675 8.6208 8.62319 8.61336 8.61319 8.61198 8.60347 8.5877 8.53117 8.46479 8.54015
-9999 -9999 -9999 -9999 -9999 -9999 2.84526 4.77773 6.96948 9.11381 10.6164 11.2271 11.6735 11.6757 11.2243 10.833 10.2125 9.2449 8.58138 7.42689 5.84121 8.50202 9.31972 10.0452 10.3458 11.1048 11.0867 10.7401 10.3383 10.7154 10.6028 9.619 9.29855 8.75483 9.74774 9.75485 9.7321 9.68359 8.55503 6.98447 5.72972 6.63903 6.45336 6.87504 5.58931 6.6486 7.5055 7.78655 7.21659 6.7916 8.12258 8.34488 8.4822 8.57249 8.6339 8.62665 8.64599 8.64355 8.64461 8.64485 8.6376 8.63455 8.62668 8.61848 8.61355 8.61541 8.60514 8.58666 8.59072 8.56697 8.55976 8.55248
-9999 -9999 -9999 -9999 -9999 -9999 -9999 3.63251 6.40043 8.88008 10.2641 11.1372 11.566 11.565 11.337 11.0727 10.6893 9.99201 9.11442 7.7256 6.69443 7.35027 8.15131 8.23911 8.77104 10.3135 10.8412 10.0961 8.249 9.33481 10.5533 10.5375 10.4381 10.3268 10.1853 10.0561 9.76791 8.98829 6.59073 6.11943 5.18086 5.29135 4.81138 5.87266 5.48032 6.56849 7.04247 7.22422 6.2262 6.43792 7.61774 8.09039 8.01945 8.31222 8.59544 8.61049 8.62413 8.62253 8.63351 8.64041 8.64027 8.62817 8.62284 8.61986 8.60412 8.61748 8.53311 8.48033 8.36827 8.51972 8.53976 8.55717
-9999 -9999 -9999 -9999 -9999 -9999 -9999 3.06666 5.83678 8.75509 9.69702 10.6371 11.4492 11.4711 11.1192 10.7841 10.438 10.0426 8.97789 7.94493 6.95836 6.62787 6.82792 6.81182 7.67283 9.6827 10.073 9.90894 7.97315 7.32351 8.95018 10.3183 10.4299 10.3107 8.7098 9.05634 8.19475 7.02447 6.70532 6.19513 5.11244 5.639 4.84676 5.19151 5.1052 5.72468 6.02895 6.76559 5.8964 5.89961 7.05772 7.64741 7.66841 8.28725 8.512 8.57547 8.59586 8.61184 8.61976 8.63434 8.63335 8.62878 8.62117 8.59623 8.53092 8.32364 7.17507 7.18209 7.50677 7.81462 8.36802 8.53509
-9999 -9999 -9999 -9999 -9999 -9999 -9999 3.37844 5.30238 7.89212 9.81219 9.93901 10.8756 11.3616 10.9782 10.5453 10.1015 9.90929 8.75063 7.47709 6.44818 5.22961 5.43215 6.30976 7.74255 9.04167 9.2755 9.00942 7.96792 8.45907 9.56954 10.1612 10.3387 10.2066 9.86134 9.66377 9.03039 8.75826 7.87661 6.4956 5.95393 6.30316 4.83653 4.94302 5.49055 4.91831 5.8747 6.33486 5.21102 6.10207 7.13079 7.65981 8.12326 8.34598 8.43852 8.57695 8.58639 8.6032 8.61465 8.61783 8.62261 8.60582 8.5926 8.47372 8.29631 7.21798 6.78344 6.87766 7.38426 7.82884 8.2988 8.49336
-9999 -9999 -9999 -9999 -9999 -9999 -9999 3.69711 5.42952 7.67538 9.04575 9.29591 10.3334 11.2563 11.1589 10.7082 10.5737 10.1053 9.12333 8.03797 6.85103 6.27501 4.94771 6.2584 7.29395 8.39475 8.91099 8.0531 7.62951 8.3876 9.14164 9.44523 10.2073 10.2044 9.96172 8.90104 8.38605 8.60987 8.39092 8.00423 7.05487 7.0163 6.40777 6.15801 5.9224 5.1494 5.65014 5.70432 5.83953 6.91366 7.4517 7.81056 8.13763 8.22803 8.37372 8.56085 8.58266 8.59481 8.5994 8.60796 8.59961 8.55289 8.51417 8.27075 7.83625 7.02148 5.71053 6.65272 7.6379 7.94322 8.23272 8.38738
-9999 -9999 -9999 -9999 -9999 -9999 -9999 3.39467 5.23418 7.15404 7.96005 8.10157 9.97406 11.1225 11.1294 10.9181 10.6701 9.50788 9.57979 9.3497 8.27962 6.71941 5.00546 5.16879 6.19231 7.64524 8.12789 6.71501 6.22192 6.59005 7.7284 8.74802 9.81271 10.0863 9.77938 8.12576 6.36821 7.1897 8.06712 8.06647 7.81441 6.93434 6.65765 6.40757 5.76661 4.6788 4.84428 5.15256 6.36726 6.75891 7.36127 7.86263 7.68161 7.79682 8.27686 8.55476 8.57077 8.58122 8.5956 8.59461 8.58348 8.48588 8.38217 8.20472 7.06452 6.35746 5.33595 6.55026 7.22379 7.59099 8.23332 8.39172
-9999 -9999 -9999 -9999 -9999 -9999 -9999 2.81856 4.15458 5.98941 6.73203 7.9134 9.68284 10.5556 10.9763 10.9717 10.8079 10.2897 9.97944 9.36421 8.25127 6.7281 5.03444 3.93273 4.49677 6.45001 6.908 5.61066 4.95531 5.7785 6.99136 8.78579 9.81283 9.95504 9.86669 9.52907 8.24704 6.69719 6.70682 7.49065 6.84273 6.08894 6.51012 6.43721 5.80452 5.34553 5.06843 5.24557 5.93884 6.23192 6.92674 7.94977 8.10115 8.07798 8.51208 8.53922 8.55487 8.57659 8.58153 8.58295 8.57534 8.49689 8.31467 7.5576 6.89809 5.9786 5.86953 6.96118 7.4446 7.88538 8.20395 8.31241
-9999 -9999 -9999 -9999 -9999 -9999 -9999 1.83269 3.40321 5.12192 6.73153 8.25463 9.56613 9.67184 10.3656 10.3692 10.7346 10.6352 10.1551 9.63774 8.67958 6.72239 5.07698 3.28208 3.75887 5.75221 6.00153 5.13698 3.53743 5.19537 7.02361 8.68108 9.58016 8.88219 9.60563 9.55075 9.07307 8.15225 6.71813 6.74979 5.67619 5.63374 6.19185 6.37599 6.2882 5.94483 5.39473 5.49137 5.9108 6.02355 6.66234 7.45701 8.23411 8.36927 8.52199 8.53388 8.54185 8.55942 8.56648 8.55587 8.52183 8.43976 7.80617 7.05165 6.58893 5.95007 5.87735 7.13112 7.64198 7.92032 8.19649 8.30966
-9999 -9999 -9999 -9999 -9999 -9999 -9999 -9999 3.23392 5.00893 6.32355 6.68084 7.8468 8.47845 8.96821 9.08017 10.4693 10.5499 10.2471 9.7724 8.95597 7.47188 6.43872 4.71742 3.48091 3.98582 4.2186 4.67697 4.54561 5.28668 7.04353 8.87391 9.0768 7.91995 8.09579 8.34275 8.89128 8.6196 6.66399 5.6727 4.85067 5.44248 6.06479 6.21883 6.25327 6.13858 6.00306 5.76263 6.59383 7.21018 7.35696 7.8951 8.29382 8.40775 8.49497 8.5105 8.52627 8.53198 8.51466 8.50368 8.41057 8.19492 7.48581 5.7725 5.8584 5.67807 5.14894 6.37244 7.1513 7.84067 8.21013 8.31052
-9999 -9999 -9999 -9999 -9999 -9999 -9999 -9999 2.63575 4.68836 5.12518 5.09718 4.42316 4.73966 7.25838 7.76904 9.10151 10.3634 10.2753 9.80992 9.04655 8.16434 6.79618 4.86009 3.32217 2.66365 4.32472 5.95276 6.29188 6.81476 7.89237 8.09978 6.91704 5.80833 6.43668 6.81691 8.25446 8.52048 8.24646 7.07014 5.72456 5.02442 5.86116 5.97699 6.03146 6.04578 6.02073 5.98466 6.92097 7.44123 7.80359 8.0031 8.34593 8.43743 8.47025 8.50157 8.50088 8.489 8.4413 8.38638 8.12499 7.80738 6.64249 5.67228 5.06946 4.30264 6.04967 6.5812 7.31067 7.78235 8.14984 8.23554
