Test_Spring_2018/03_18/Temp/20180312_013.txt
ncols	170
nrows	115
xllcorner	350000.000000
yllcorner	4445000.000000
cellsize	1000.000000
nodata_value	-9999.000000
[rows 32 to 63 of 115, columns 72 to 143 of 170]
15.878 15.7617 15.9868 16.1952 16.0709 16.0016 16.3238 16.3406 16.2505 16.016 15.9415 15.8639 15.8239 15.5199 14.633 13.8356 14.2933 14.3237 14.041 14.6039 14.337 13.6084 12.5716 13.1647 13.0341 12.2856 12.1219 -9999 -9999 -9999 -9999 -9999 -9999 -9999 -9999 -9999 -9999 -9999 -9999 -9999 -9999 -9999 -9999 -9999 -9999 -9999 -9999 -9999 -9999 -9999 -9999 -9999 -9999 -9999 -9999 -9999 -9999 -9999 -9999 -9999 -9999 -9999 -9999 -9999 -9999 -9999 -9999 -9999 -9999 -9999 -9999 -9999
15.7082 15.6684 15.9946 16.0055 15.9893 16.0975 16.3012 16.3572 16.3327 16.2406 16.1636 16.0809 15.8431 15.4927 14.7364 13.8259 13.6348 14.1099 14.1516 14.2445 14.0027 13.6938 13.1993 13.6388 13.8209 13.3427 12.705 12.3 -9999 -9999 -9999 -9999 -9999 -9999 -9999 -9999 -9999 -9999 -9999 -9999 -9999 -9999 -9999 -9999 -9999 -9999 -9999 -9999 -9999 -9999 -9999 -9999 -9999 -9999 -9999 -9999 -9999 -9999 -9999 -9999 -9999 -9999 -9999 -9999 -9999 -9999 -9999 -9999 -9999 -9999 -9999 -9999
15.504 15.2227 15.4262 15.5832 15.8354 15.9008 15.9565 16.3418 16.3398 16.3406 16.2018 16.0947 15.9055 15.5691 15.0822 14.4921 13.4502 14.1246 14.6569 14.6633 14.6546 14.4438 13.9693 14.4009 14.4388 13.8245 13.1043 12.703 12.5487 -9999 -9999 -9999 -9999 -9999 -9999 -9999 -9999 -9999 -9999 -9999 -9999 -9999 -9999 -9999 -9999 -9999 -9999 -9999 -9999 -9999 -9999 -9999 -9999 -9999 -9999 -9999 -9999 -9999 -9999 -9999 -9999 -9999 -9999 -9999 -9999 -9999 -9999 -9999 -9999 -9999 -9999 -9999
15.2708 14.923 15.1275 15.3944 15.7526 15.9324 16.0768 16.2041 16.334 16.3388 16.1963 15.7401 15.6914 15.6903 15.3786 14.7032 14.0287 13.8686 14.6701 14.9133 14.8869 15.0804 14.6811 14.8972 14.8345 14.6304 13.9476 13.3249 13.0851 12.5921 -9999 -9999 -9999 -9999 -9999 -9999 -9999 -9999 -9999 -9999 -9999 -9999 -9999 -9999 -9999 -9999 -9999 -9999 -9999 -9999 -9999 -9999 -9999 -9999 -9999 -9999 -9999 -9999 -9999 -9999 -9999 -9999 -9999 -9999 -9999 -9999 -9999 -9999 -9999 -9999 -9999 -9999
-9999 -9999 14.7208 15.0665 15.3586 15.707 16.0096 16.1759 16.3383 16.3447 16.0418 15.9035 15.9091 15.7116 15.349 15.1288 14.7115 14.2757 14.4692 15.1552 14.8776 15.3687 15.3472 15.4522 15.1544 14.5655 13.7807 13.319 13.1064 12.7106 -9999 -9999 -9999 -9999 -9999 -9999 -9999 -9999 -9999 -9999 -9999 -9999 -9999 -9999 -9999 -9999 -9999 -9999 -9999 -9999 -9999 -9999 -9999 -9999 -9999 -9999 -9999 -9999 -9999 -9999 -9999 -9999 -9999 -9999 -9999 -9999 -9999 -9999 -9999 -9999 -9999 -9999
-9999 -9999 -9999 15.014 15.2392 15.7159 15.9471 16.0609 16.312 16.3307 16.2275 16.1547 16.0408 15.8863 15.6188 15.3217 14.9305 14.9122 15.3581 15.3825 15.3122 15.4007 15.6379 15.598 15.1265 14.2931 13.8653 12.9597 12.591 12.6505 12.3956 -9999 -9999 -9999 -9999 -9999 -9999 -9999 -9999 -9999 -9999 -9999 -9999 13.7453 -9999 -9999 -9999 -9999 -9999 -9999 -9999 -9999 -9999 -9999 -9999 -9999 -9999 -9999 -9999 -9999 -9999 -9999 -9999 -9999 12.6358 -9999 -9999 -9999 -9999 -9999 -9999 -9999
-9999 -9999 14.9775 15.2645 15.5039 15.8083 15.8407 16.019 16.3049 16.327 16.2593 16.181 15.9813 15.9469 15.8035 15.4795 15.4291 15.5884 15.6721 15.764 15.8274 15.8092 15.7383 15.641 15.3351 14.9613 14.7163 13.9025 13.4896 13.1085 12.5223 12.0686 -9999 -9999 -9999 -9999 -9999 -9999 -9999 13.34 13.3414 13.3764 13.5338 13.9256 13.7348 -9999 -9999 -9999 -9999 -9999 -9999 -9999 -9999 -9999 -9999 -9999 -9999 -9999 -9999 -9999 -9999 -9999 -9999 -9999 12.9771 12.5268 -9999 -9999 -9999 -9999 -9999 -9999
-9999 -9999 15.0501 15.3676 15.5336 15.8291 16.005 16.1058 16.2161 16.3232 16.327 16.2385 16.0941 16.1155 15.9095 15.8079 15.741 15.9497 16.0065 15.9497 15.8732 15.8072 15.5871 15.5767 15.5086 15.2772 14.8866 14.4838 13.879 13.0752 12.2879 11.6572 -9999 -9999 -9999 -9999 -9999 -9999 13.3918 13.7206 13.9274 13.5634 13.9199 14.2481 14.2249 13.9629 -9999 -9999 -9999 -9999 -9999 -9999 -9999 -9999 -9999 -9999 -9999 -9999 -9999 -9999 15.1456 14.6817 13.7189 13.2383 12.961 12.5541 -9999 -9999 -9999 -9999 -9999 -9999
-9999 -9999 15.0006 15.3721 15.6284 15.8577 15.9071 16.1341 16.237 16.3028 16.316 16.3143 16.3043 16.1273 16.0631 15.7852 16.0916 16.1009 16.0482 15.7808 15.675 15.201 15.0017 14.9628 15.3928 15.1035 14.4818 13.7008 12.7473 12.7007 12.4029 11.8411 -9999 -9999 -9999 -9999 -9999 -9999 13.4927 13.8429 14.1394 14.2037 13.8426 14.4067 14.4175 14.1423 14.1003 14.3742 14.5262 14.455 14.7795 14.8929 14.7864 14.9588 -9999 -9999 -9999 -9999 15.1728 15.2175 15.2575 15.0788 14.0245 13.313 12.6774 12.6497 -9999 -9999 -9999 -9999 -9999 -9999
-9999 -9999 15.2584 15.4917 15.6164 15.6481 15.8553 16.0545 16.1805 16.2855 16.2872 16.3001 16.3132 16.2667 16.1309 16.1805 16.1888 16.1177 15.5925 14.9754 15.2712 14.909 14.1116 14.7839 15.1606 14.83 14.0725 13.1919 12.9033 12.9311 12.509 11.9622 -9999 -9999 -9999 12.5378 13.0278 13.0919 13.2536 13.7128 14.0684 14.3416 14.5366 14.5557 14.4094 14.1412 13.8475 13.9887 14.5924 14.76 14.9036 15.0202 14.9234 15.0176 15.1976 15.3027 15.3439 15.3325 15.3489 15.3863 15.3928 15.2277 14.2845 13.7577 13.4318 12.7679 -9999 -9999 -9999 -9999 -9999 -9999
-9999 -9999 15.128 15.3321 15.5001 15.7701 15.8113 15.9888 16.0942 16.2481 16.2834 16.1354 16.2952 16.2988 16.2945 16.2612 16.2018 15.7625 15.1483 14.5317 14.2566 14.3952 13.9251 14.1898 14.5711 14.449 13.9891 13.2059 13.1094 12.9307 12.2055 11.5109 -9999 -9999 11.6145 12.5329 13.1868 13.5359 13.6609 13.6952 14.137 14.195 14.6694 14.5893 14.0283 14.122 13.9176 14.0946 14.338 14.4231 14.751 15.0719 15.1538 15.1812 15.3051 15.3506 15.3807 15.4028 15.3607 15.4157 15.4451 15.3515 14.6772 14.3621 14.0181 12.7871 -9999 -9999 -9999 -9999 -9999 -9999
-9999 -9999 15.2331 15.4592 15.7059 15.7568 15.9439 15.9408 15.9003 16.1594 16.2609 16.1625 16.0983 16.2775 16.2888 16.29 16.2774 15.8661 15.386 14.6478 14.1953 13.9213 13.7328 13.4724 13.6753 13.6328 13.5706 13.6742 13.4659 13.0347 12.6184 11.8232 11.4035 -9999 11.6673 12.0941 12.8675 13.529 13.9581 13.8374 14.3367 14.4503 14.7488 14.6146 14.2867 14.1638 14.1776 14.1578 14.5045 14.7467 14.9225 15.0511 15.2048 15.263 15.3208 15.3594 15.3914 15.4232 15.4458 15.4676 15.478 15.4584 15.1621 14.852 14.1433 12.8363 -9999 -9999 -9999 -9999 -9999 -9999
-9999 14.6157 15.218 15.5881 15.7386 15.851 15.9523 16.0302 16.1066 16.186 16.2477 16.245 15.9523 16.0002 16.0792 16.2801 16.2896 16.272 16.019 15.1166 14.8137 14.3629 13.7756 13.5375 13.6781 14.1866 14.1788 13.8658 13.5157 13.0185 12.7108 12.2309 11.2927 11.3993 11.8517 12.1947 12.7279 13.5313 14.1022 14.3712 14.4888 14.706 14.8322 14.643 14.4662 14.4061 14.271 14.2759 14.3049 14.5254 14.7005 15.0631 15.2025 15.2806 15.3324 15.3715 15.4063 15.4406 15.4681 15.4857 15.5105 15.5327 15.5379 15.1113 14.0097 13.1932 -9999 -9999 -9999 -9999 -9999 -9999
-9999 -9999 15.1162 15.2846 15.3369 15.4207 15.581 15.7649 16.0158 16.0638 16.2153 16.234 15.9821 15.6919 15.9872 16.1184 16.2532 16.2784 16.2639 15.5056 15.1179 14.8152 14.2524 14.4744 14.6866 14.7155 14.6096 13.9216 13.2367 12.4377 11.7013 11.6827 11.2936 11.5277 11.8337 12.5869 13.1245 13.3571 13.5317 14.3494 14.5807 14.6808 14.9108 14.6617 14.6246 14.4452 14.5354 14.5455 14.5748 14.0267 14.6295 14.6911 15.0944 15.2902 15.3542 15.3894 15.4248 15.4506 15.4766 15.4988 15.5269 15.5483 15.572 15.3051 13.8949 13.2106 -9999 -9999 -9999 -9999 -9999 -9999
-9999 -9999 -9999 -9999 15.1952 15.3266 15.4157 15.5623 15.9805 16.1075 16.1991 16.2251 16.1255 15.837 15.7787 15.8588 15.5796 15.8539 16.2193 16.2296 16.2053 15.5405 15.2062 15.5578 15.469 14.9704 14.5807 14.1963 13.3915 12.7992 11.9524 11.3215 11.3152 12.0496 12.663 13.4249 13.7745 13.613 13.8391 14.2593 14.733 14.9764 14.953 14.6893 14.6816 14.3898 14.7336 14.7892 14.6709 14.5723 14.648 14.8617 14.9596 15.2801 15.3768 15.4144 15.4408 15.4658 15.4882 15.5103 15.534 15.5571 15.5802 15.5951 14.145 13.0324 -9999 -9999 -9999 -9999 -9999 -9999
-9999 -9999 -9999 -9999 14.9181 15.0023 15.2067 15.7144 15.9823 16.1037 16.1184 16.1866 16.1226 15.8725 15.6157 15.3755 15.0583 15.2746 15.8096 16.1321 16.1842 15.6034 15.9281 15.826 15.6102 14.9538 14.4732 14.2245 13.4521 12.7862 12.2279 11.4521 11.8089 12.2014 12.7015 13.53 14.0977 14.3459 14.1835 14.4613 15.0027 15.033 14.7796 14.8262 14.688 14.279 14.7641 14.9212 14.8461 14.901 14.8878 14.9846 15.1376 15.2844 15.3899 15.4253 15.4506 15.4716 15.495 15.5204 15.5401 15.5669 15.5902 15.6111 14.6857 13.0177 -9999 -9999 -9999 -9999 -9999 -9999
-9999 -9999 -9999 -9999 -9999 14.6772 15.1286 15.7983 15.9702 15.9719 16.1258 16.1572 16.0477 15.9565 15.6401 15.1998 14.332 14.5809 15.0751 15.7772 16.1539 16.1218 15.9362 15.6035 14.7778 14.0563 13.98 13.8725 13.3123 12.8009 12.1783 12.5646 12.9874 13.4495 13.7028 13.6642 14.1539 14.5586 14.4226 14.7576 15.1448 15.0092 14.9408 14.8881 14.7234 14.7407 14.7905 15.0783 14.9276 15.0657 15.0939 15.1151 15.2032 15.2998 15.3992 15.4358 15.4598 15.4846 15.4998 15.5274 15.5487 15.571 15.5948 15.617 15.5602 14.6795 14.1624 -9999 -9999 -9999 -9999 -9999
-9999 -9999 -9999 -9999 -9999 14.2783 14.5095 15.3004 15.5495 15.9099 16.1106 16.1387 15.9392 15.8381 15.3553 15.2147 14.4139 14.0621 14.3995 14.2976 15.2558 16.1045 15.9377 14.2724 13.6777 13.257 13.3815 13.3955 13.2491 12.3738 12.1463 12.9526 13.4676 13.8719 14.1846 14.2675 14.2806 14.9001 15.0042 15.2239 15.209 15.2546 14.9825 14.8251 15.0208 14.8628 14.8599 15.1562 14.9211 15.1874 15.1846 15.1403 15.1631 15.3459 15.4028 15.4439 15.4692 15.4864 15.5024 15.5226 15.5534 15.5777 15.5968 15.6261 15.6474 15.5765 15.1331 14.9992 15.2159 -9999 -9999 -9999
-9999 -9999 -9999 -9999 -9999 -9999 13.7911 14.8856 15.3884 15.6647 16.0484 16.1122 16.0141 15.8239 15.3318 14.9019 14.1883 13.3695 12.9429 14.2961 15.475 16.0977 16.0326 14.6492 14.1115 14.0995 14.4379 14.177 13.9825 13.3191 13.1346 12.873 13.0624 13.6182 14.0783 14.523 14.8537 14.9033 15.1288 15.2684 15.3048 15.3684 15.3612 15.3608 15.1043 15.3337 15.1927 15.3116 15.2818 15.2572 15.2373 15.0986 15.2421 15.3716 15.4233 15.4576 15.4746 15.4966 15.5161 15.5311 15.5528 15.5789 15.6059 15.6295 15.6592 15.6926 15.6714 15.4174 15.0664 14.6143 -9999 -9999
-9999 -9999 -9999 -9999 -9999 -9999 13.2582 14.3479 14.8753 15.5596 15.9198 16.0774 16.0804 15.9303 15.5616 14.9952 14.5271 13.6102 12.6565 14.076 15.3381 16.0282 16.0799 14.919 15.2594 15.0103 15.1305 14.6624 14.4761 14.3247 13.9949 13.6335 13.237 13.0392 14.0442 14.5715 15.0014 15.2177 15.3518 15.4326 15.4285 15.3813 14.9718 15.3334 15.3488 15.3445 15.3351 15.3451 15.3386 15.3255 15.3263 15.3446 15.2608 15.4131 15.4368 15.4619 15.4858 15.5062 15.5241 15.5435 15.5625 15.5899 15.6137 15.6383 15.665 15.7021 15.7303 15.7465 15.7022 15.0837 14.7259 14.6517
-9999 -9999 -9999 -9999 -9999 -9999 11.7535 13.3332 14.5983 15.2726 15.8234 15.9905 16.0665 15.8571 15.7066 15.3067 14.9291 14.334 13.4311 12.8824 13.9488 15.4904 16.0635 16.0342 16.0143 15.7247 15.4649 15.4448 15.4801 15.1678 14.7188 14.1282 13.9597 13.7657 14.5196 14.6406 14.61 15.4407 15.4678 15.4483 15.1668 14.8458 14.9392 14.7519 14.9487 14.7223 14.985 15.2157 15.319 15.34 15.3376 15.3642 15.3776 15.4278 15.4512 15.4713 15.4922 15.5146 15.5359 15.5516 15.5721 15.6022 15.6246 15.6486 15.6732 15.7113 15.7409 15.7606 15.7813 15.7124 15.5927 15.3409
-9999 -9999 -9999 -9999 -9999 -9999 11.8263 13.1501 14.2833 14.9672 15.6302 15.7997 16.0379 16.0126 15.8534 15.5084 15.0717 14.5855 13.8136 13.2446 13.9651 14.9936 15.7352 16.0099 16.0174 16.0154 15.9617 15.9493 15.8841 15.8336 15.5168 14.9638 14.6578 14.2023 15.0403 15.1536 15.0485 15.4805 15.485 14.8939 14.4462 14.4143 14.7274 14.4799 14.4648 14.3191 14.5407 15.0875 14.9677 15.0244 15.2835 15.3483 15.4036 15.4346 15.457 15.4797 15.4996 15.5243 15.5495 15.5655 15.5873 15.612 15.6306 15.6589 15.6821 15.7168 15.7423 15.7669 15.7881 15.7901 15.7954 15.8627
-9999 -9999 -9999 -9999 -9999 -9999 11.8662 12.753 13.7749 14.775 15.4818 15.7792 16.0019 16.021 15.832 15.6712 15.4053 14.9799 14.6943 14.1825 13.4719 14.7147 15.1059 15.4564 15.6161 15.9809 15.9876 15.8426 15.6566 15.8458 15.8164 15.38 15.2494 15.0168 15.4921 15.5148 15.5249 15.5243 15.0278 14.3288 13.7759 14.2194 14.1594 14.3737 13.8141 14.3345 14.7549 14.9098 14.6667 14.4953 15.1308 15.2644 15.3497 15.4129 15.4626 15.4806 15.5111 15.5319 15.555 15.5785 15.5994 15.6231 15.6453 15.668 15.6937 15.7291 15.7528 15.7817 15.8118 15.824 15.8474 15.8768
-9999 -9999 -9999 -9999 -9999 -9999 -9999 12.2429 13.5282 14.6838 15.3359 15.7537 15.968 15.9852 15.8987 15.796 15.639 15.3378 14.9536 14.334 13.8786 14.1989 14.5826 14.6394 14.9008 15.6265 15.8849 15.5572 14.7126 15.2352 15.8118 15.8209 15.7921 15.7584 15.7077 15.6679 15.5559 15.2188 14.1381 13.949 13.5416 13.6175 13.4221 13.9303 13.7818 14.3085 14.5523 14.6612 14.2266 14.3476 14.9235 15.1637 15.1531 15.3094 15.4562 15.4848 15.513 15.5346 15.5625 15.5892 15.6134 15.6386 15.6623 15.6878 15.7092 15.7501 15.7395 15.7433 15.7193 15.8161 15.8518 15.9
-9999 -9999 -9999 -9999 -9999 -9999 -9999 11.9894 13.2786 14.6366 15.0858 15.5348 15.9255 15.9534 15.8097 15.6743 15.5341 15.3715 14.9009 14.4448 14.0097 13.8761 13.9861 13.9921 14.4051 15.3464 15.5419 15.4821 14.6046 14.3222 15.0873 15.7338 15.8026 15.7658 15.0479 15.2271 14.8513 14.3343 14.21 13.9985 13.5243 13.7911 13.4514 13.6351 13.6209 13.9315 14.0968 14.4606 14.0851 14.1102 14.677 14.9712 15.0032 15.31 15.4353 15.4864 15.5179 15.5479 15.5747 15.6052 15.6293 15.6525 15.6748 15.6897 15.6864 15.6201 15.1262 15.1568 15.3333 15.5015 15.791 15.9002
-9999 -9999 -9999 -9999 -9999 -9999 -9999 12.1417 13.0423 14.2497 15.1495 15.2246 15.6728 15.9143 15.7562 15.5756 15.3903 15.3209 14.8068 14.2397 13.785 13.2426 13.3538 13.7751 14.4472 15.0617 15.1857 15.0795 14.6142 14.8573 15.3855 15.6752 15.7748 15.7325 15.5928 15.5218 15.251 15.1473 14.7638 14.1513 13.9257 14.1104 13.4599 13.5334 13.81 13.5719 14.037 14.2733 13.7804 14.2253 14.7223 14.9888 15.2247 15.3496 15.4144 15.5004 15.5273 15.5579 15.5864 15.6118 15.6384 15.6557 15.6751 15.6464 15.591 15.1213 14.9578 15.028 15.2877 15.5184 15.7777 15.8918
-9999 -9999 -9999 -9999 -9999 -9999 -9999 12.2971 13.1102 14.16 14.8073 14.9396 15.4345 15.8771 15.8506 15.6617 15.6186 15.422 14.989 14.5083 13.9807 13.7339 13.1411 13.7618 14.2511 14.7746 15.0289 14.6479 14.4705 14.8369 15.2016 15.3593 15.7284 15.7459 15.6537 15.1857 14.9695 15.0939 15.0152 14.8599 14.4463 14.4521 14.196 14.1052 14.021 13.69 13.945 13.9944 14.0918 14.6107 14.882 15.0704 15.2439 15.3082 15.3979 15.5067 15.5395 15.5682 15.5937 15.6215 15.642 15.6453 15.6527 15.5662 15.3921 15.0432 14.4763 14.9362 15.4156 15.5904 15.7587 15.8544
-9999 -9999 -9999 -9999 -9999 -9999 -9999 12.1666 13.0297 13.93 14.3181 14.4007 15.2802 15.8267 15.8483 15.7696 15.6742 15.1581 15.2099 15.1227 14.6487 13.949 13.1782 13.271 13.758 14.4404 14.6795 14.0438 13.8348 14.0222 14.5642 15.0518 15.5605 15.7056 15.5841 14.8434 14.0554 14.4548 14.8805 14.9026 14.8095 14.4278 14.324 14.2327 13.9617 13.4906 13.5859 13.752 14.3473 14.5517 14.8527 15.107 15.047 15.1231 15.3669 15.5178 15.5482 15.5763 15.6064 15.6298 15.6488 15.6285 15.6057 15.5492 15.0499 14.7501 14.3125 14.9011 15.2367 15.4504 15.7708 15.8682
-9999 -9999 -9999 -9999 -9999 -9999 -9999 11.9101 12.5421 13.4039 13.7633 14.3248 15.1571 15.577 15.7891 15.8056 15.7488 15.5291 15.4049 15.1403 14.6465 13.9637 13.2023 12.713 12.9899 13.9012 14.1359 13.5473 13.2639 13.6611 14.2377 15.0822 15.5739 15.6588 15.6381 15.5031 14.934 14.2421 14.2684 14.6513 14.3758 14.0519 14.269 14.259 13.9915 13.804 13.7008 13.818 14.1625 14.3217 14.6654 15.16 15.2532 15.266 15.489 15.5247 15.5552 15.5886 15.6144 15.6388 15.6594 15.6476 15.5884 15.2648 14.9864 14.5885 14.5637 15.1024 15.3591 15.5981 15.7694 15.8438
-9999 -9999 -9999 -9999 -9999 -9999 -9999 11.465 12.2055 13.0144 13.7732 14.4923 15.1143 15.1815 15.5194 15.5397 15.7265 15.6994 15.497 15.2773 14.8546 13.972 13.2327 12.4244 12.6613 13.5942 13.7204 13.3408 12.6232 13.4047 14.2648 15.0466 15.4796 15.1782 15.5312 15.5264 15.3275 14.9251 14.2868 14.3235 13.8519 13.8552 14.1351 14.2432 14.2263 14.0919 13.8677 13.9432 14.162 14.2384 14.5566 14.9464 15.3278 15.4137 15.5076 15.5365 15.5636 15.5952 15.622 15.6408 15.649 15.6353 15.3681 15.0455 14.8573 14.5882 14.5798 15.1882 15.4622 15.6266 15.7784 15.8549
-9999 -9999 -9999 -9999 -9999 -9999 -9999 -9999 12.1367 12.972 13.5955 13.7786 14.334 14.6434 14.8876 14.958 15.6159 15.6716 15.5507 15.3506 14.993 14.328 13.8703 13.0958 12.5443 12.7978 12.9112 13.1405 13.0987 13.4584 14.2858 15.1474 15.2603 14.7479 14.849 14.9832 15.2566 15.1528 14.2746 13.8405 13.4845 13.7795 14.0888 14.183 14.2223 14.1932 14.1699 14.0815 14.4888 14.7971 14.8892 15.1612 15.3689 15.4453 15.5092 15.54 15.5709 15.597 15.6126 15.6311 15.612 15.5366 15.2344 14.4702 14.5343 14.476 14.2573 14.8544 15.2604 15.6024 15.7971 15.8679
-9999 -9999 -9999 -9999 -9999 -9999 -9999 -9999 11.8706 12.8341 13.0542 13.0604 12.7694 12.9342 14.1122 14.3661 14.9981 15.5973 15.5752 15.3792 15.0459 14.6577 14.0458 13.1723 12.482 12.1934 12.9742 13.7387 13.9134 14.1728 14.6878 14.8027 14.2782 13.788 14.0975 14.2931 14.9756 15.1193 15.0148 14.4954 13.8985 13.599 14.0069 14.0834 14.132 14.1624 14.186 14.1993 14.6518 14.9161 15.1078 15.2242 15.4065 15.4729 15.512 15.5503 15.5736 15.5917 15.5932 15.5914 15.4946 15.3721 14.8599 14.4374 14.1843 13.8559 14.6845 14.963 15.3394 15.588 15.7819 15.8461
