Test_Spring_2018/03_18/Temp/20180330_008.txt
ncols	170
nrows	115
xllcorner	350000.000000
yllcorner	4445000.000000
cellsize	1000.000000
nodata_value	-9999.000000
[rows 32 to 63 of 115, columns 72 to 143 of 170]
14.4995 14.3105 14.6219 14.9091 14.7353 14.6201 15.0828 15.09 14.9404 14.5795 14.4521 14.32 14.2424 13.7778 12.4594 11.2717 11.9208 11.9441 11.5088 12.3112 11.8988 10.8109 9.27195 10.1191 9.90702 8.8059 8.53606 -9999 -9999 -9999 -9999 -9999 -9999 -9999 -9999 -9999 -9999 -9999 -9999 -9999 -9999 -9999 -9999 -9999 -9999 -9999 -9999 -9999 -9999 -9999 -9999 -9999 -9999 -9999 -9999 -9999 -9999 -9999 -9999 -9999 -9999 -9999 -9999 -9999 -9999 -9999 -9999 -9999 -9999 -9999 -9999 -9999
14.2292 14.1525 14.6118 14.6099 14.582 14.7395 15.028 15.0921 15.0383 14.8851 14.7538 14.6137 14.2462 13.7135 12.5863 11.2332 10.9326 11.6071 11.647 11.7619 11.3869 10.9137 10.1691 10.7917 11.0377 10.317 9.3695 8.76031 -9999 -9999 -9999 -9999 -9999 -9999 -9999 -9999 -9999 -9999 -9999 -9999 -9999 -9999 -9999 -9999 -9999 -9999 -9999 -9999 -9999 -9999 -9999 -9999 -9999 -9999 -9999 -9999 -9999 -9999 -9999 -9999 -9999 -9999 -9999 -9999 -9999 -9999 -9999 -9999 -9999 -9999 -9999 -9999
13.9083 13.4782 13.7581 13.9701 14.3402 14.4377 14.5015 15.0474 15.0263 15.0088 14.7865 14.6105 14.3138 13.8013 13.0683 12.1841 10.6384 11.6048 12.3632 12.3519 12.3186 11.9894 11.2744 11.8858 11.9211 10.9949 9.93897 9.32978 9.08208 -9999 -9999 -9999 -9999 -9999 -9999 -9999 -9999 -9999 -9999 -9999 -9999 -9999 -9999 -9999 -9999 -9999 -9999 -9999 -9999 -9999 -9999 -9999 -9999 -9999 -9999 -9999 -9999 -9999 -9999 -9999 -9999 -9999 -9999 -9999 -9999 -9999 -9999 -9999 -9999 -9999 -9999 -9999
13.5447 13.0176 13.2992 13.6723 14.1857 14.4498 14.6558 14.824 14.9956 14.9836 14.7558 14.0682 13.9769 13.955 13.4784 12.4692 11.4614 11.2064 12.3593 12.6949 12.636 12.8992 12.2948 12.5911 12.4795 12.1537 11.1381 10.22 9.84705 9.10332 -9999 -9999 -9999 -9999 -9999 -9999 -9999 -9999 -9999 -9999 -9999 -9999 -9999 -9999 -9999 -9999 -9999 -9999 -9999 -9999 -9999 -9999 -9999 -9999 -9999 -9999 -9999 -9999 -9999 -9999 -9999 -9999 -9999 -9999 -9999 -9999 -9999 -9999 -9999 -9999 -9999 -9999
-9999 -9999 12.6822 13.178 13.5929 14.0986 14.536 14.7611 14.9801 14.9704 14.5073 14.2848 14.2726 13.963 13.4116 13.0687 12.4373 11.7791 12.0421 13.0264 12.6001 13.2994 13.2483 13.3825 12.9272 12.0421 10.8738 10.1914 9.85842 9.25699 -9999 -9999 -9999 -9999 -9999 -9999 -9999 -9999 -9999 -9999 -9999 -9999 -9999 -9999 -9999 -9999 -9999 -9999 -9999 -9999 -9999 -9999 -9999 -9999 -9999 -9999 -9999 -9999 -9999 -9999 -9999 -9999 -9999 -9999 -9999 -9999 -9999 -9999 -9999 -9999 -9999 -9999
-9999 -9999 -9999 13.0804 13.3972 14.078 14.4234 14.5717 14.9204 14.9283 14.7574 14.6305 14.443 14.196 13.7837 13.328 12.7349 12.6877 13.3206 13.3366 13.2143 13.3246 13.6528 13.5754 12.8604 11.6235 10.9773 9.64607 9.08487 9.15006 8.75465 -9999 -9999 -9999 -9999 -9999 -9999 -9999 -9999 -9999 -9999 -9999 -9999 10.4115 -9999 -9999 -9999 -9999 -9999 -9999 -9999 -9999 -9999 -9999 -9999 -9999 -9999 -9999 -9999 -9999 -9999 -9999 -9999 -9999 8.17192 -9999 -9999 -9999 -9999 -9999 -9999 -9999
-9999 -9999 13.0153 13.43 13.7643 14.1934 14.2363 14.4898 14.8895 14.9021 14.7829 14.6476 14.3342 14.2627 14.0317 13.5364 13.442 13.655 13.7578 13.8729 13.9468 13.9014 13.7789 13.6181 13.1486 12.5822 12.204 10.9941 10.3815 9.80208 8.92183 8.23506 -9999 -9999 -9999 -9999 -9999 -9999 -9999 9.90447 9.88129 9.90677 10.111 10.6577 10.3512 -9999 -9999 -9999 -9999 -9999 -9999 -9999 -9999 -9999 -9999 -9999 -9999 -9999 -9999 -9999 -9999 -9999 -9999 -9999 8.65304 7.96442 -9999 -9999 -9999 -9999 -9999 -9999
-9999 -9999 13.1107 13.5603 13.7878 14.2044 14.4454 14.5969 14.7396 14.8766 14.8618 14.7111 14.4784 14.4881 14.1651 13.9952 13.8765 14.1617 14.2252 14.1231 13.9925 13.8775 13.5374 13.5042 13.3833 13.0259 12.435 11.8259 10.9336 9.73561 8.56115 7.61551 -9999 -9999 -9999 -9999 -9999 -9999 9.98832 10.4447 10.7221 10.1636 10.6591 11.1126 11.0511 10.6194 -9999 -9999 -9999 -9999 -9999 -9999 -9999 -9999 -9999 -9999 -9999 -9999 -9999 -9999 11.9205 11.2145 9.77774 9.0463 8.61153 7.98632 -9999 -9999 -9999 -9999 -9999 -9999
-9999 -9999 13.0174 13.5469 13.9073 14.2277 14.2838 14.6081 14.7511 14.8275 14.8262 14.8022 14.7657 14.4847 14.3689 13.9406 14.3682 14.3616 14.2649 13.8546 13.6815 12.9698 12.6606 12.5836 13.195 12.7535 11.825 10.6628 9.25922 9.17051 8.71288 7.86824 -9999 -9999 -9999 -9999 -9999 -9999 10.12 10.6077 11.0165 11.0848 10.5298 11.3284 11.2979 10.8656 10.7743 11.1448 11.3369 11.2043 11.6443 11.78 11.5943 11.8176 -9999 -9999 -9999 -9999 11.9946 12.0339 12.0662 11.7781 10.2077 9.13833 8.17902 8.09538 -9999 -9999 -9999 -9999 -9999 -9999
-9999 -9999 13.3744 13.7025 13.8711 13.9031 14.1907 14.474 14.6502 14.7793 14.761 14.7583 14.7554 14.6651 14.4442 14.4948 14.4857 14.361 13.5723 12.6499 13.0645 12.5225 11.3392 12.303 12.8372 12.3357 11.2089 9.90143 9.47097 9.49158 8.85224 8.02603 -9999 -9999 -9999 8.77668 9.47001 9.53973 9.75174 10.399 10.8939 11.2713 11.5301 11.5257 11.271 10.8483 10.3878 10.5637 11.4162 11.6304 11.8074 11.9476 11.7758 11.8788 12.1142 12.2408 12.2745 12.2317 12.2299 12.2587 12.2422 11.9742 10.5715 9.77263 9.26659 8.23861 -9999 -9999 -9999 -9999 -9999 -9999
-9999 -9999 13.1631 13.449 13.6814 14.0609 14.106 14.3496 14.493 14.7074 14.7382 14.4998 14.7114 14.6939 14.6651 14.594 14.4855 13.8216 12.9026 11.981 11.56 11.7453 11.0403 11.4082 11.9492 11.7611 11.0673 9.90286 9.74293 9.471 8.38926 7.35089 -9999 -9999 7.4348 8.75569 9.68912 10.1759 10.3342 10.3592 10.9803 11.0389 11.7062 11.5567 10.6956 10.8023 10.4747 10.7021 11.0184 11.1117 11.5616 11.9984 12.0886 12.1 12.2534 12.2929 12.3107 12.3172 12.2303 12.2854 12.3027 12.1396 11.1256 10.6363 10.0931 8.248 -9999 -9999 -9999 -9999 -9999 -9999
-9999 -9999 13.2965 13.6149 13.9628 14.0234 14.2826 14.2642 14.1938 14.5542 14.689 14.523 14.4063 14.6455 14.639 14.6182 14.5778 13.9548 13.2319 12.1322 11.4518 11.0332 10.7407 10.3391 10.6192 10.5399 10.4318 10.5661 10.2503 9.60866 8.97879 7.79413 7.15801 -9999 7.499 8.10038 9.20883 10.1528 10.7563 10.5544 11.2594 11.3989 11.8049 11.5797 11.06 10.8404 10.829 10.7683 11.2442 11.5682 11.7947 11.952 12.1455 12.2019 12.2588 12.2885 12.3094 12.3306 12.3388 12.3457 12.3356 12.2809 11.8204 11.3296 10.2621 8.30595 -9999 -9999 -9999 -9999 -9999 -9999
-9999 12.3801 13.2565 13.7863 13.9943 14.1456 14.2798 14.3785 14.479 14.5786 14.6487 14.6282 14.1767 14.2233 14.3156 14.5867 14.5783 14.5313 14.1406 12.8006 12.3389 11.661 10.7846 10.4177 10.6069 11.3348 11.3068 10.832 10.3024 9.56423 9.10045 8.37717 6.98281 7.11675 7.75638 8.23538 8.99215 10.1439 10.9549 11.3231 11.4692 11.7574 11.9138 11.5997 11.3009 11.1809 10.9507 10.9256 10.9359 11.2267 11.4521 11.9521 12.1262 12.2106 12.2589 12.2896 12.3149 12.3402 12.356 12.3573 12.3685 12.3753 12.3493 11.6957 10.0455 8.80744 -9999 -9999 -9999 -9999 -9999 -9999
-9999 -9999 13.0904 13.3257 13.3904 13.5004 13.7215 13.976 14.3319 14.3839 14.586 14.5936 14.2052 13.7568 14.1654 14.334 14.5087 14.524 14.4824 13.3524 12.7667 12.3062 11.4659 11.7729 12.0674 12.0935 11.9225 10.8992 9.88018 8.70038 7.60389 7.55735 6.97117 7.29233 7.71792 8.79744 9.56076 9.87707 10.1077 11.279 11.5894 11.7023 12.0091 11.6138 11.5193 11.2238 11.323 11.3049 11.3151 10.4806 11.3316 11.3908 11.9511 12.2089 12.2746 12.3 12.3267 12.3399 12.3538 12.3621 12.3785 12.3795 12.3811 11.96 9.86395 8.81932 -9999 -9999 -9999 -9999 -9999 -9999
-9999 -9999 -9999 -9999 13.1676 13.3479 13.4652 13.6653 14.2664 14.4343 14.5488 14.566 14.3982 13.9547 13.8455 13.939 13.5076 13.8871 14.4009 14.3965 14.3424 13.3519 12.8447 13.3431 13.1971 12.4516 11.8654 11.287 10.093 9.21602 7.95846 7.01619 6.98738 8.04184 8.91968 10.0121 10.5003 10.2396 10.5456 11.1311 11.7961 12.1228 12.0582 11.6409 11.5891 11.1287 11.5985 11.6465 11.4404 11.2635 11.3428 11.6245 11.7379 12.1786 12.2929 12.3215 12.3353 12.3477 12.3567 12.3651 12.37 12.376 12.3805 12.3715 10.2167 8.54504 -9999 -9999 -9999 -9999 -9999 -9999
-9999 -9999 -9999 -9999 12.7472 12.8585 13.1448 13.8739 14.2551 14.4149 14.4172 14.4963 14.3808 13.9918 13.5929 13.2176 12.73 13.0245 13.7866 14.2387 14.2964 13.4288 13.8862 13.7204 13.3887 12.4122 11.6934 11.314 10.1678 9.18314 8.34828 7.19427 7.69745 8.25186 8.9627 10.1535 10.9611 11.2997 11.0356 11.4148 12.1784 12.193 11.7911 11.8275 11.5846 10.9521 11.6283 11.8247 11.6817 11.7294 11.6785 11.7891 11.9834 12.1699 12.2974 12.3235 12.3357 12.3425 12.3531 12.3641 12.3665 12.3778 12.3823 12.3817 10.9946 8.50962 -9999 -9999 -9999 -9999 -9999 -9999
-9999 -9999 -9999 -9999 -9999 12.3682 13.0161 13.9824 14.2231 14.2081 14.4142 14.4398 14.2577 14.1016 13.6152 12.947 11.6535 11.9954 12.6976 13.7053 14.2377 14.173 13.8833 13.3799 12.1552 11.0837 10.9566 10.7841 9.9486 9.19038 8.2617 8.80912 9.40908 10.0657 10.4155 10.3369 11.0304 11.5981 11.3727 11.8354 12.3731 12.1444 12.013 11.9039 11.6219 11.6133 11.6522 12.0399 11.7861 11.9558 11.9655 11.9657 12.0651 12.1784 12.2971 12.3251 12.3358 12.3482 12.3463 12.3614 12.3659 12.3704 12.3754 12.3765 12.2605 10.9278 10.1345 -9999 -9999 -9999 -9999 -9999
-9999 -9999 -9999 -9999 -9999 11.7699 12.0954 13.2391 13.5929 14.1029 14.3778 14.3987 14.0851 13.9147 13.1847 12.9554 11.7595 11.2232 11.6955 11.5261 12.9096 14.1337 13.8712 11.4168 10.5303 9.89878 10.0656 10.0708 9.84112 8.5504 8.20018 9.36257 10.0977 10.6698 11.1067 11.2053 11.2014 12.0832 12.2097 12.5034 12.4525 12.4889 12.0592 11.7967 12.0422 11.7769 11.7389 12.1391 11.762 12.1195 12.084 11.9887 11.9929 12.2325 12.2891 12.3239 12.3357 12.3373 12.3364 12.3405 12.3587 12.366 12.3639 12.3752 12.3732 12.2259 11.5405 11.3078 11.588 -9999 -9999 -9999
-9999 -9999 -9999 -9999 -9999 -9999 11.0291 12.617 13.3422 13.7293 14.2721 14.3453 14.1802 13.8797 13.1365 12.4839 11.4159 10.194 9.55074 11.5109 13.2171 14.1102 13.9962 11.9541 11.1505 11.1171 11.5967 11.1993 10.8991 9.91849 9.63126 9.23043 9.48904 10.2819 10.9333 11.5629 12.0239 12.0714 12.3745 12.5528 12.5769 12.6396 12.5978 12.5651 12.1487 12.4508 12.2109 12.3517 12.2754 12.2075 12.1473 11.9141 12.0953 12.2571 12.3063 12.328 12.3294 12.3378 12.3419 12.3383 12.3427 12.3524 12.3617 12.3646 12.375 12.3804 12.3132 11.905 11.3547 10.6565 -9999 -9999
-9999 -9999 -9999 -9999 -9999 -9999 10.2343 11.8147 12.5758 13.5601 14.0676 14.2788 14.2623 14.0207 13.4584 12.6064 11.898 10.5327 9.11393 11.1714 13.0036 13.995 14.0529 12.3348 12.8162 12.4352 12.595 11.8939 11.6055 11.3744 10.8741 10.3271 9.72622 9.41406 10.8653 11.6157 12.2218 12.5133 12.6828 12.7726 12.7404 12.6416 12.0111 12.5086 12.4904 12.4507 12.4039 12.3857 12.344 12.2933 12.2639 12.261 12.1096 12.3007 12.3069 12.3197 12.331 12.3367 12.3381 12.3407 12.3414 12.3524 12.3568 12.3612 12.3674 12.3782 12.3839 12.3715 12.2708 11.3297 10.7708 10.6203
-9999 -9999 -9999 -9999 -9999 -9999 8.01686 10.314 12.1529 13.1228 13.9109 14.1358 14.2264 13.8984 13.6557 13.0477 12.4721 11.5781 10.2338 9.40871 10.9506 13.1872 14.015 13.9528 13.9063 13.4655 13.0687 13.0229 13.0583 12.5917 11.9132 11.0311 10.7608 10.4581 11.5415 11.6971 11.6289 12.8198 12.8329 12.7761 12.3345 11.8389 11.9445 11.6404 11.8878 11.5236 11.8756 12.1811 12.3007 12.3005 12.2667 12.2691 12.2614 12.3034 12.3131 12.3182 12.3247 12.333 12.339 12.3358 12.3385 12.354 12.3555 12.3591 12.3627 12.375 12.3833 12.3769 12.372 12.2361 12.0264 11.6162
-9999 -9999 -9999 -9999 -9999 -9999 8.10521 10.0338 11.676 12.6602 13.612 13.8404 14.1686 14.1102 13.8552 13.3278 12.666 11.9317 10.7795 9.9247 10.958 12.4459 13.5121 13.8941 13.8957 13.8754 13.7798 13.7386 13.627 13.5442 13.0632 12.229 11.7627 11.0767 12.2829 12.4269 12.2498 12.8571 12.8373 11.9442 11.2597 11.1829 11.6161 11.2225 11.1592 10.9168 11.2092 11.978 11.7623 11.8152 12.1651 12.2318 12.2784 12.2982 12.306 12.3146 12.3191 12.3304 12.3417 12.3387 12.343 12.3504 12.3478 12.3563 12.3578 12.3646 12.369 12.3706 12.3671 12.3359 12.3006 12.3576
-9999 -9999 -9999 -9999 -9999 -9999 8.13725 9.4369 10.9157 12.3625 13.3783 13.7939 14.0994 14.1062 13.808 13.5505 13.139 12.4939 12.0537 11.2828 10.2214 12.02 12.5763 13.0689 13.2759 13.7922 13.785 13.5563 13.2846 13.544 13.4751 12.8181 12.608 12.2477 12.9227 12.9339 12.9252 12.8994 12.1463 11.0957 10.2577 10.8774 10.7595 11.0488 10.1888 10.9091 11.4925 11.6878 11.3064 11.0259 11.9269 12.0856 12.1839 12.2506 12.2979 12.2993 12.3188 12.324 12.3319 12.3395 12.3423 12.3482 12.351 12.3535 12.3569 12.3649 12.3656 12.3639 12.3737 12.3616 12.3634 12.3648
-9999 -9999 -9999 -9999 -9999 -9999 -9999 8.66366 10.53 12.2036 13.1397 13.7321 14.0258 14.0304 13.8825 13.7105 13.4585 12.9953 12.4107 11.4817 10.7936 11.2416 11.7865 11.8493 12.213 13.2572 13.6177 13.1208 11.8763 12.6148 13.441 13.4359 13.3748 13.3058 13.2162 13.1357 12.9482 12.4299 10.822 10.512 9.88701 9.96859 9.65239 10.3723 10.1139 10.8534 11.1789 11.3075 10.6412 10.7884 11.5924 11.9164 11.8744 12.0774 12.2717 12.2882 12.3039 12.3097 12.3243 12.3363 12.3439 12.3462 12.3508 12.3569 12.3531 12.3687 12.3195 12.2913 12.2229 12.3318 12.3519 12.3689
-9999 -9999 -9999 -9999 -9999 -9999 -9999 8.27902 10.1482 12.1176 12.7562 13.394 13.9459 13.966 13.7346 13.5148 13.2878 13.0278 12.317 11.6276 10.9694 10.753 10.8938 10.8857 11.4712 12.8303 13.0984 12.9931 11.6905 11.2586 12.3599 13.2872 13.3682 13.2939 12.2219 12.4617 11.888 11.1065 10.8985 10.5619 9.8397 10.2014 9.67485 9.91397 9.85962 10.2834 10.4948 10.9972 10.4178 10.4248 11.2146 11.6177 11.6378 12.0606 12.2181 12.2672 12.2875 12.3051 12.3177 12.3349 12.342 12.3468 12.3496 12.3409 12.3049 12.1718 11.4041 11.4162 11.642 11.8562 12.2358 12.3535
-9999 -9999 -9999 -9999 -9999 -9999 -9999 8.48632 9.786 11.5344 12.8321 12.9223 13.5582 13.891 13.6384 13.3526 13.0598 12.9365 12.1623 11.3107 10.6239 9.80925 9.95166 10.5486 11.5161 12.3966 12.5595 12.3855 11.6855 12.022 12.7758 13.1802 13.3058 13.2229 12.9966 12.87 12.45 12.2734 11.6865 10.7632 10.4054 10.6476 9.66672 9.74533 10.1209 9.73889 10.3896 10.7059 9.95512 10.5642 11.2633 11.6258 11.9441 12.1003 12.169 12.2687 12.2818 12.3 12.3149 12.3244 12.3352 12.3317 12.3306 12.2584 12.1468 11.4282 11.1399 11.2107 11.5591 11.8655 12.1876 12.3251
-9999 -9999 -9999 -9999 -9999 -9999 -9999 8.69809 9.86914 11.3863 12.314 12.4874 13.1914 13.8185 13.7586 13.4608 13.3762 13.0668 12.4116 11.6867 10.8934 10.5115 9.62344 10.5121 11.212 11.959 12.3122 11.7354 11.456 11.9725 12.4864 12.6969 13.2163 13.2205 13.0634 12.3554 12.0152 12.1726 12.032 11.7784 11.1459 11.1269 10.7239 10.5626 10.4106 9.89329 10.2371 10.2801 10.3812 11.1103 11.4792 11.7272 11.9539 12.0212 12.1258 12.2585 12.28 12.2951 12.3054 12.3185 12.3204 12.2965 12.2782 12.122 11.837 11.2959 10.4171 11.0591 11.7298 11.9408 12.143 12.2537
-9999 -9999 -9999 -9999 -9999 -9999 -9999 8.49135 9.73489 11.0327 11.5806 11.681 12.9476 13.7267 13.7371 13.6006 13.4395 12.6628 12.7173 12.5684 11.8538 10.8089 9.66044 9.77635 10.469 11.4523 11.783 10.8326 10.5065 10.7604 11.5332 12.2261 12.9495 13.14 12.9397 11.8324 10.6552 11.2152 11.813 11.8194 11.6565 11.0707 10.8912 10.7296 10.3047 9.57728 9.69329 9.9075 10.7353 11.0057 11.418 11.7623 11.6469 11.7311 12.0611 12.2551 12.2727 12.2868 12.3036 12.3103 12.3102 12.252 12.1898 12.0779 11.3175 10.8489 10.166 10.9901 11.451 11.704 12.1435 12.2569
-9999 -9999 -9999 -9999 -9999 -9999 -9999 8.10015 9.00488 10.2457 10.7511 11.5522 12.7495 13.343 13.6321 13.6349 13.5305 13.1876 12.9847 12.5764 11.8328 10.8129 9.67807 8.94192 9.3277 10.6455 10.9609 10.0872 9.65186 10.2125 11.0356 12.2504 12.9485 13.0507 12.9976 12.7768 11.9199 10.8827 10.8959 11.4307 11.0011 10.5003 10.7908 10.7486 10.3292 10.0269 9.84333 9.97303 10.4462 10.6504 11.1252 11.821 11.9297 11.9209 12.2201 12.2453 12.2628 12.2845 12.295 12.3033 12.3055 12.2601 12.1449 11.6425 11.2058 10.594 10.5281 11.2672 11.5979 11.9026 12.1241 12.204
-9999 -9999 -9999 -9999 -9999 -9999 -9999 7.43285 8.49582 9.65872 10.7483 11.7797 12.6687 12.7457 13.2188 13.2272 13.4793 13.4184 13.1011 12.7587 12.1194 10.8071 9.70482 8.50179 8.82883 10.1745 10.3427 9.76657 8.69537 9.81831 11.056 12.1787 12.7907 12.327 12.8208 12.7904 12.4754 11.8618 10.9026 10.9308 10.2144 10.1927 10.5755 10.7064 10.6541 10.4296 10.0642 10.1379 10.4268 10.5098 10.947 11.4892 12.0195 12.1175 12.2274 12.2424 12.2549 12.2738 12.2858 12.2859 12.2703 12.2223 11.803 11.3022 10.998 10.5752 10.5337 11.3828 11.7311 11.9266 12.1197 12.2029
-9999 -9999 -9999 -9999 -9999 -9999 -9999 -9999 8.37871 9.57977 10.4708 10.7172 11.5083 11.9397 12.2755 12.3569 13.2987 13.359 13.1611 12.8475 12.3036 11.31 10.6201 9.46665 8.63971 8.98395 9.14022 9.45517 9.37294 9.8784 11.0681 12.3074 12.4505 11.6778 11.8028 11.9758 12.3519 12.1757 10.8652 10.2043 9.65744 10.0629 10.4889 10.5995 10.6296 10.5593 10.4764 10.3195 10.8865 11.3087 11.4147 11.7843 12.06 12.1439 12.2098 12.2274 12.2451 12.2562 12.2517 12.2515 12.1961 12.0581 11.5878 10.4412 10.5065 10.3925 10.0436 10.8725 11.4021 11.8736 12.1296 12.2043
-9999 -9999 -9999 -9999 -9999 -9999 -9999 -9999 7.97266 9.36091 9.66092 9.64793 9.19988 9.41908 11.1216 11.4717 12.3753 13.2314 13.1781 12.8708 12.3626 11.7744 10.8589 9.56079 8.53085 8.08858 9.21108 10.3129 10.5476 10.9062 11.6384 11.7846 10.9945 10.2543 10.6842 10.947 11.9219 12.1079 11.9301 11.1445 10.245 9.78026 10.3507 10.4356 10.4792 10.4958 10.4892 10.47 11.1063 11.464 11.7154 11.8571 12.0953 12.1642 12.1936 12.222 12.2288 12.228 12.2031 12.1733 12.0044 11.7977 11.0204 10.3742 9.9755 9.46644 10.6507 11.0134 11.5104 11.835 12.0898 12.1548
