Test_Spring_2018/03_18/Temp/20180317_004.txt
ncols	170
nrows	115
xllcorner	350000.000000
yllcorner	4445000.000000
cellsize	1000.000000
nodata_value	-9999.000000
[rows 32 to 63 of 115, columns 72 to 143 of 170]
12.6865 12.351 12.8385 13.2862 12.9754 12.7714 13.5114 13.4988 13.2283 12.6098 12.3753 12.1328 11.9798 11.1905 8.99707 7.01862 8.06118 8.07474 7.33442 8.6297 7.92753 6.1146 3.56005 4.92964 4.55749 2.73279 2.27241 -9999 -9999 -9999 -9999 -9999 -9999 -9999 -9999 -9999 -9999 -9999 -9999 -9999 -9999 -9999 -9999 -9999 -9999 -9999 -9999 -9999 -9999 -9999 -9999 -9999 -9999 -9999 -9999 -9999 -9999 -9999 -9999 -9999 -9999 -9999 -9999 -9999 -9999 -9999 -9999 -9999 -9999 -9999 -9999 -9999
12.251 12.1 12.8305 12.8026 12.7359 12.9756 13.4294 13.5106 13.3977 13.1212 12.8803 12.625 11.9956 11.0943 9.21546 6.96504 6.44577 7.53003 7.57101 7.7354 7.09432 6.29194 5.04331 6.04342 6.42407 5.22303 3.64962 2.63519 -9999 -9999 -9999 -9999 -9999 -9999 -9999 -9999 -9999 -9999 -9999 -9999 -9999 -9999 -9999 -9999 -9999 -9999 -9999 -9999 -9999 -9999 -9999 -9999 -9999 -9999 -9999 -9999 -9999 -9999 -9999 -9999 -9999 -9999 -9999 -9999 -9999 -9999 -9999 -9999 -9999 -9999 -9999 -9999
11.7322 10.9996 11.4349 11.7587 12.3547 12.491 12.5719 13.4455 13.3865 13.3334 12.9433 12.629 12.1162 11.2484 10.0179 8.5387 5.97158 7.53583 8.75808 8.71466 8.6351 8.06924 6.86906 7.85032 7.8843 6.35057 4.60419 3.57834 3.14689 -9999 -9999 -9999 -9999 -9999 -9999 -9999 -9999 -9999 -9999 -9999 -9999 -9999 -9999 -9999 -9999 -9999 -9999 -9999 -9999 -9999 -9999 -9999 -9999 -9999 -9999 -9999 -9999 -9999 -9999 -9999 -9999 -9999 -9999 -9999 -9999 -9999 -9999 -9999 -9999 -9999 -9999 -9999
11.1427 10.2504 10.6885 11.277 12.1056 12.5222 12.8338 13.0865 13.3446 13.3008 12.9019 11.7466 11.5718 11.5109 10.7021 9.01737 7.33473 6.89019 8.76079 9.28761 9.16569 9.57369 8.55495 9.01777 8.80994 8.25657 6.57946 5.04889 4.4115 3.16418 -9999 -9999 -9999 -9999 -9999 -9999 -9999 -9999 -9999 -9999 -9999 -9999 -9999 -9999 -9999 -9999 -9999 -9999 -9999 -9999 -9999 -9999 -9999 -9999 -9999 -9999 -9999 -9999 -9999 -9999 -9999 -9999 -9999 -9999 -9999 -9999 -9999 -9999 -9999 -9999 -9999 -9999
-9999 -9999 9.6816 10.4802 11.1426 11.9522 12.6448 12.9913 13.3277 13.2878 12.5022 12.1121 12.0676 11.5339 10.602 10.0129 8.94925 7.84135 8.24823 9.84141 9.11505 10.2398 10.1308 10.3268 9.55341 8.09099 6.15117 5.00842 4.43671 3.42349 -9999 -9999 -9999 -9999 -9999 -9999 -9999 -9999 -9999 -9999 -9999 -9999 -9999 -9999 -9999 -9999 -9999 -9999 -9999 -9999 -9999 -9999 -9999 -9999 -9999 -9999 -9999 -9999 -9999 -9999 -9999 -9999 -9999 -9999 -9999 -9999 -9999 -9999 -9999 -9999 -9999 -9999
-9999 -9999 -9999 10.327 10.8281 11.9239 12.4674 12.688 13.238 13.2275 12.9227 12.69 12.3575 11.9266 11.2236 10.449 9.44797 9.34472 10.3596 10.3601 10.1331 10.289 10.8035 10.6512 9.45644 7.40899 6.32221 4.11787 3.17095 3.25412 2.57975 -9999 -9999 -9999 -9999 -9999 -9999 -9999 -9999 -9999 -9999 -9999 -9999 4.97567 -9999 -9999 -9999 -9999 -9999 -9999 -9999 -9999 -9999 -9999 -9999 -9999 -9999 -9999 -9999 -9999 -9999 -9999 -9999 -9999 0.75508 -9999 -9999 -9999 -9999 -9999 -9999 -9999
-9999 -9999 10.2438 10.913 11.4389 12.1208 12.1691 12.561 13.1952 13.1929 12.9735 12.7273 12.1879 12.0459 11.641 10.8011 10.6201 10.9444 11.0872 11.2503 11.3456 11.2451 11.0182 10.7285 9.94773 8.99187 8.34581 6.33683 5.30956 4.33275 2.86119 1.70766 -9999 -9999 -9999 -9999 -9999 -9999 -9999 4.25035 4.18605 4.20183 4.51168 5.38494 4.85534 -9999 -9999 -9999 -9999 -9999 -9999 -9999 -9999 -9999 -9999 -9999 -9999 -9999 -9999 -9999 -9999 -9999 -9999 -9999 1.54797 0.387546 -9999 -9999 -9999 -9999 -9999 -9999
-9999 -9999 10.4184 11.1334 11.484 12.1458 12.5189 12.7447 12.9568 13.1592 13.1119 12.8407 12.4341 12.4258 11.8697 11.5647 11.3435 11.7863 11.8641 11.6695 11.4282 11.213 10.6277 10.5478 10.3395 9.72737 8.73168 7.70622 6.22346 4.2296 2.27441 0.695337 -9999 -9999 -9999 -9999 -9999 -9999 4.42041 5.14442 5.57416 4.6292 5.41774 6.13746 6.0104 5.2845 -9999 -9999 -9999 -9999 -9999 -9999 -9999 -9999 -9999 -9999 -9999 -9999 -9999 -9999 7.03449 5.84585 3.45533 2.22455 1.48153 0.425241 -9999 -9999 -9999 -9999 -9999 -9999
-9999 -9999 10.2702 11.117 11.6863 12.1903 12.26 12.7698 12.9832 13.0866 13.0618 12.9993 12.9157 12.4292 12.2138 11.4837 12.1607 12.1232 11.9371 11.2354 10.9237 9.7268 9.19221 9.05434 10.0351 9.28477 7.73406 5.79934 3.47193 3.30619 2.53008 1.11732 -9999 -9999 -9999 -9999 -9999 -9999 4.64281 5.41803 6.06343 6.14889 5.2095 6.49641 6.42934 5.69252 5.51665 6.10044 6.39083 6.15 6.84808 7.04555 6.71452 7.05582 -9999 -9999 -9999 -9999 7.21394 7.25126 7.27676 6.77529 4.16468 2.37801 0.772199 0.611533 -9999 -9999 -9999 -9999 -9999 -9999
-9999 -9999 10.8619 11.3779 11.6322 11.6622 12.1131 12.5563 12.8245 13.0196 12.9668 12.9392 12.9107 12.7376 12.3491 12.4065 12.365 12.133 10.8087 9.26459 9.91939 8.99731 7.03422 8.59752 9.4514 8.60262 6.7261 4.55277 3.826 3.83983 2.76516 1.38576 -9999 -9999 -9999 2.52076 3.63487 3.72299 4.0448 5.0822 5.86899 6.46008 6.85882 6.83349 6.38799 5.66686 4.88386 5.14746 6.52411 6.85118 7.11912 7.32407 7.01596 7.15975 7.52077 7.70253 7.7314 7.63402 7.60391 7.62394 7.56917 7.10047 4.76548 3.4234 2.56282 0.838752 -9999 -9999 -9999 -9999 -9999 -9999
-9999 -9999 10.5269 10.9738 11.3331 11.933 11.9852 12.3642 12.578 12.9082 12.9364 12.5215 12.8456 12.7924 12.7197 12.5767 12.3715 11.2524 9.71365 8.17049 7.45075 7.73652 6.55112 7.13403 7.99918 7.6623 6.50249 4.56444 4.27863 3.81234 2.01223 0.280943 -9999 -9999 0.345224 2.49178 4.00058 4.77436 5.00757 5.02142 6.01538 6.0844 7.15477 6.88969 5.44694 5.59639 5.02932 5.37787 5.87326 6.0015 6.71819 7.41079 7.53351 7.52645 7.75272 7.79135 7.79394 7.77784 7.60759 7.67067 7.67147 7.37521 5.67932 4.84643 3.92865 0.856791 -9999 -9999 -9999 -9999 -9999 -9999
-9999 -9999 10.7551 11.256 11.8058 11.8833 12.2874 12.2291 12.092 12.663 12.862 12.5661 12.3506 12.7196 12.6834 12.6229 12.5294 11.4772 10.2606 8.42422 7.27772 6.56926 6.06232 5.38343 5.81982 5.66572 5.46466 5.66242 5.11801 4.04381 2.98502 1.01494 -0.0551321 -9999 0.455984 1.41918 3.21563 4.74114 5.70621 5.34653 6.47822 6.68021 7.32694 6.93004 6.04865 5.66215 5.6175 5.4921 6.24927 6.75486 7.10434 7.33754 7.62989 7.69699 7.76461 7.78715 7.79496 7.80296 7.78905 7.77281 7.72828 7.61023 6.82447 5.99233 4.20834 0.954107 -9999 -9999 -9999 -9999 -9999 -9999
-9999 9.26989 10.6923 11.5414 11.8614 12.0885 12.2873 12.4278 12.5714 12.7088 12.8022 12.745 11.9789 12.0311 12.1573 12.5766 12.5355 12.4303 11.7598 9.52792 8.7464 7.60835 6.1416 5.51598 5.80301 6.97661 6.90747 6.10381 5.21035 3.97707 3.18988 1.97727 -0.338597 -0.142802 0.883901 1.64574 2.86369 4.73067 6.03678 6.61449 6.82679 7.27816 7.50842 6.96587 6.44785 6.22436 5.82005 5.75313 5.74465 6.19763 6.54485 7.34039 7.60119 7.71417 7.76761 7.79195 7.80705 7.82169 7.82028 7.79471 7.78515 7.7681 7.69962 6.59633 3.85032 1.77743 -9999 -9999 -9999 -9999 -9999 -9999
-9999 -9999 10.4219 10.7871 10.8719 11.0314 11.3734 11.7702 12.3341 12.3974 12.7068 12.6936 12.0308 11.2687 11.9149 12.1656 12.4253 12.4224 12.3258 10.4451 9.45534 8.67225 7.2649 7.74761 8.20797 8.22765 7.92351 6.21807 4.51987 2.5604 0.734152 0.63423 -0.354307 0.14998 0.824639 2.57396 3.80255 4.29542 4.64694 6.54525 7.03113 7.19009 7.66789 6.99122 6.80901 6.29714 6.43437 6.37907 6.3705 4.97295 6.34898 6.42083 7.31669 7.71414 7.79614 7.81179 7.82913 7.8239 7.81944 7.80532 7.80418 7.77949 7.75144 7.02987 3.55359 1.79889 -9999 -9999 -9999 -9999 -9999 -9999
-9999 -9999 -9999 -9999 10.509 10.7841 10.9556 11.2633 12.2303 12.484 12.6494 12.6541 12.3536 11.5979 11.3925 11.5195 10.7823 11.379 12.1985 12.1643 12.049 10.3944 9.53708 10.3325 10.0688 8.81954 7.83288 6.85915 4.87338 3.41184 1.32073 -0.252275 -0.323585 1.38593 2.80424 4.5746 5.35072 4.89452 5.36991 6.30695 7.37335 7.88364 7.7505 7.03774 6.92586 6.14267 6.88955 6.94295 6.57877 6.26258 6.36956 6.80738 6.96826 7.66716 7.82912 7.84969 7.8458 7.8393 7.82665 7.8127 7.79262 7.77403 7.7525 7.70849 4.13536 1.34961 -9999 -9999 -9999 -9999 -9999 -9999
-9999 -9999 -9999 -9999 9.8209 9.98273 10.4323 11.6096 12.2151 12.4554 12.4359 12.5422 12.3275 11.6623 10.9797 10.3356 9.50677 9.96384 11.1901 11.907 11.9756 10.5231 11.2523 10.9555 10.3866 8.75772 7.55296 6.90658 4.99935 3.36072 1.96468 0.0433906 0.84686 1.73392 2.87749 4.8097 6.11088 6.64018 6.17893 6.77524 8.00388 8.00079 7.31316 7.34651 6.92037 5.85424 6.94066 7.23808 6.97755 7.03079 6.92357 7.08006 7.37392 7.65484 7.83856 7.85517 7.84864 7.8329 7.82295 7.81319 7.78882 7.77871 7.7571 7.72692 5.41611 1.29294 -9999 -9999 -9999 -9999 -9999 -9999
-9999 -9999 -9999 -9999 -9999 9.17973 10.2238 11.7912 12.1653 12.1178 12.4334 12.4513 12.127 11.8445 11.0181 9.89235 7.73786 8.27309 9.40096 11.0316 11.8812 11.7493 11.25 10.3982 8.36075 6.57554 6.34389 6.03778 4.64149 3.37511 1.82463 2.70126 3.66373 4.71878 5.26846 5.11289 6.22648 7.13287 6.73496 7.46859 8.32571 7.92266 7.67986 7.47411 6.98372 6.94353 6.98186 7.5939 7.15111 7.40496 7.39737 7.37221 7.51004 7.67046 7.83969 7.85949 7.8504 7.84385 7.81329 7.81039 7.78944 7.76817 7.7473 7.71965 7.49927 5.27107 3.93562 -9999 -9999 -9999 -9999 -9999
-9999 -9999 -9999 -9999 -9999 8.19907 8.71265 10.5715 11.1313 11.9471 12.3754 12.3853 11.8444 11.5387 10.3119 9.90765 7.9142 7.00466 7.75471 7.44974 9.69915 11.6871 11.2326 7.17245 5.69105 4.62956 4.88111 4.86716 4.46695 2.3247 1.72532 3.61306 4.79762 5.71349 6.40628 6.5426 6.50903 7.932 8.11289 8.56874 8.45788 8.49097 7.75761 7.29953 7.67666 7.21454 7.12615 7.75885 7.11322 7.67579 7.59386 7.41151 7.39263 7.76091 7.8279 7.85874 7.85145 7.82716 7.79833 7.77717 7.77877 7.76197 7.72949 7.71864 7.68581 7.40689 6.24888 5.83578 6.2665 -9999 -9999 -9999
-9999 -9999 -9999 -9999 -9999 -9999 6.96217 9.55102 10.7214 11.3345 12.2031 12.2988 12.0051 11.4839 10.2344 9.13432 7.35117 5.31543 4.22949 7.42699 10.2073 11.6509 11.4409 8.0587 6.71381 6.63566 7.40159 6.72527 6.20882 4.57638 4.08031 3.39699 3.79768 5.07835 6.12324 7.13191 7.86292 7.91406 8.38531 8.6514 8.66422 8.74058 8.64518 8.56516 7.85377 8.32453 7.90431 8.11014 7.95925 7.82209 7.69937 7.29013 7.56233 7.80246 7.85727 7.86658 7.84203 7.82887 7.80838 7.7747 7.75321 7.74049 7.72663 7.70198 7.68961 7.66156 7.52043 6.81868 5.88363 4.70581 -9999 -9999
-9999 -9999 -9999 -9999 -9999 -9999 5.65798 8.23425 9.46333 11.0581 11.8732 12.1962 12.1423 11.718 10.7662 9.33818 8.1465 5.87504 3.51615 6.87206 9.85883 11.4642 11.535 8.68762 9.45575 8.80588 9.04562 7.86959 7.37222 6.97229 6.12556 5.20162 4.19189 3.65255 6.01267 7.21991 8.1898 8.64216 8.89374 9.01446 8.93408 8.74558 7.68232 8.47422 8.41751 8.32632 8.2234 8.16782 8.07358 7.96468 7.89255 7.86191 7.58698 7.8771 7.85915 7.85361 7.84535 7.82766 7.80263 7.77916 7.75225 7.74112 7.71905 7.6969 7.67767 7.65844 7.63725 7.58669 7.39105 5.81381 4.86562 4.58911
-9999 -9999 -9999 -9999 -9999 -9999 2.01458 5.76902 8.77759 10.3474 11.6204 11.9638 12.086 11.5196 11.0936 10.0669 9.09384 7.59764 5.36127 3.97918 6.48695 10.1405 11.4757 11.3515 11.2513 10.503 9.82708 9.72841 9.76309 8.97575 7.84128 6.36515 5.89506 5.37091 7.12596 7.35517 7.21614 9.14775 9.14234 9.02206 8.26913 7.42658 7.5738 7.04829 7.42851 6.80351 7.35645 7.83294 8.00395 7.97782 7.89856 7.8797 7.84044 7.8805 7.86985 7.85168 7.83541 7.82195 7.80445 7.77136 7.74769 7.74466 7.71736 7.69406 7.67034 7.65341 7.63665 7.59607 7.55813 7.30518 6.93129 6.22756
-9999 -9999 -9999 -9999 -9999 -9999 2.17192 5.32051 7.99633 9.59292 11.1321 11.4812 11.9941 11.8711 11.425 10.531 9.41635 8.18287 6.26253 4.83167 6.50621 8.92477 10.6541 11.2607 11.2369 11.1797 10.9989 10.9148 10.7072 10.5506 9.73423 8.33714 7.54419 6.38975 8.34675 8.55698 8.23881 9.21076 9.15131 7.65583 6.50352 6.35072 7.03572 6.36215 6.23117 5.80746 6.26238 7.50059 7.12431 7.18523 7.73675 7.81972 7.86642 7.87252 7.85867 7.84607 7.8265 7.81788 7.80901 7.77626 7.75514 7.73891 7.70593 7.68952 7.66261 7.63618 7.61339 7.58595 7.55045 7.46984 7.38092 7.4454
-9999 -9999 -9999 -9999 -9999 -9999 2.23512 4.34265 6.74947 9.10722 10.7515 11.4085 11.8841 11.8686 11.3514 10.9015 10.1985 9.11181 8.3624 7.06947 5.29907 8.23245 9.11871 9.90696 10.2316 11.057 11.0213 10.6211 10.1511 10.5524 10.4144 9.30794 8.93625 8.31735 9.40077 9.39252 9.35154 9.28236 8.01716 6.26259 4.858 5.85059 5.63022 6.07856 4.63731 5.80026 6.73359 7.02866 6.37612 5.88859 7.34652 7.57686 7.71181 7.79474 7.84585 7.82114 7.8262 7.80743 7.79284 7.77757 7.75416 7.73545 7.71131 7.68664 7.66122 7.6365 7.60751 7.57268 7.55905 7.51053 7.48442 7.45731
-9999 -9999 -9999 -9999 -9999 -9999 -9999 3.0823 6.13032 8.85645 10.3693 11.3168 11.7729 11.7536 11.4836 11.1744 10.734 9.94657 8.96001 7.40752 6.25139 6.96392 7.83138 7.91274 8.48704 10.1803 10.749 9.90746 7.84182 9.0315 10.3644 10.3299 10.2029 10.0628 9.88572 9.72656 9.39157 8.51251 5.84156 5.30864 4.25445 4.36237 3.81619 4.97291 4.5209 5.71076 6.21992 6.40504 5.28301 5.50177 6.79255 7.29879 7.20285 7.50987 7.80318 7.8032 7.80192 7.78404 7.78035 7.77235 7.75668 7.73131 7.71011 7.69133 7.65369 7.6406 7.52962 7.45335 7.31118 7.46076 7.4647 7.45475
-9999 -9999 -9999 -9999 -9999 -9999 -9999 2.45948 5.50773 8.72032 9.74402 10.7662 11.647 11.6533 11.2462 10.8584 10.4591 10.0058 8.81169 7.65297 6.54579 6.16535 6.37244 6.33214 7.27076 9.48163 9.89819 9.70025 7.54011 6.80407 8.58928 10.088 10.1949 10.0462 8.25649 8.62421 7.65404 6.34227 5.9736 5.39356 4.17953 4.74811 3.85582 4.22282 4.10503 4.77567 5.09685 5.89667 4.91742 4.90553 6.17238 6.80843 6.81452 7.48288 7.71485 7.7684 7.77449 7.77599 7.76886 7.76933 7.75272 7.73219 7.70826 7.66498 7.57675 7.32615 6.02403 6.01407 6.35577 6.67868 7.27263 7.42825
-9999 -9999 -9999 -9999 -9999 -9999 -9999 2.80617 4.91767 7.76684 9.8745 9.99616 11.0152 11.5359 11.094 10.5977 10.0902 9.86165 8.56304 7.13745 5.98296 4.61842 4.82791 5.785 7.34855 8.77202 9.01517 8.70429 7.53502 8.06276 9.27635 9.91518 10.0952 9.93241 9.53374 9.29883 8.58145 8.26449 7.27262 5.72782 5.11286 5.48481 3.84529 3.94818 4.53941 3.88243 4.92597 5.41956 4.15832 5.13116 6.25382 6.82285 7.3192 7.54895 7.63461 7.77127 7.76527 7.76766 7.76433 7.75202 7.74162 7.70735 7.67698 7.52946 7.31689 6.10612 5.58931 5.676 6.21928 6.69372 7.18313 7.38032
-9999 -9999 -9999 -9999 -9999 -9999 -9999 3.16063 5.06046 7.52921 9.02842 9.28709 10.4183 11.4229 11.298 10.782 10.6168 10.0822 8.97906 7.76155 6.43166 5.77849 4.29308 5.72962 6.85251 8.0562 8.61214 7.64639 7.16119 7.98475 8.80369 9.12362 9.95143 9.93189 9.64692 8.45602 7.86979 8.10213 7.84421 7.40064 6.33389 6.27606 5.58685 5.29495 5.01856 4.13875 4.67754 4.72147 4.85571 6.03081 6.6101 6.99082 7.33629 7.41963 7.56429 7.75499 7.76272 7.75991 7.7489 7.74241 7.71727 7.64964 7.59083 7.30515 6.80763 5.88868 4.40035 5.42636 6.49981 6.80758 7.10867 7.26159
-9999 -9999 -9999 -9999 -9999 -9999 -9999 2.82715 4.84607 6.95414 7.82862 7.96732 10.0237 11.2784 11.2691 11.0183 10.7273 9.42394 9.48786 9.21742 8.01664 6.27298 4.35898 4.52436 5.63945 7.22701 7.74572 6.16541 5.6033 5.99503 7.23985 8.3531 9.51627 9.80318 9.44717 7.59954 5.63692 6.53125 7.48766 7.47154 7.177 6.18684 5.865 5.57257 4.84705 3.62258 3.78554 4.11096 5.44294 5.86033 6.511 7.04974 6.83258 6.94357 7.45873 7.75006 7.7514 7.74669 7.74644 7.72924 7.70083 7.57665 7.44562 7.23282 5.95343 5.15365 3.99103 5.31275 6.04102 6.41542 7.10846 7.26548
-9999 -9999 -9999 -9999 -9999 -9999 -9999 2.19054 3.65215 5.66642 6.47106 7.76193 9.70444 10.654 11.1031 11.0813 10.8834 10.2933 9.93366 9.23635 7.9878 6.28488 4.39311 3.15699 3.76593 5.90434 6.39882 4.94356 4.2018 5.09772 6.42522 8.3969 9.51853 9.66008 9.54628 9.15644 7.72055 5.98811 5.98316 6.83585 6.10263 5.25215 5.70316 5.6068 4.89031 4.36612 4.03476 4.2153 4.96944 5.27774 6.03098 7.14774 7.29896 7.25683 7.72124 7.7349 7.73589 7.74365 7.73286 7.71819 7.69351 7.59033 7.37213 6.51707 5.76994 4.73469 4.59701 5.76817 6.2721 6.74106 7.07545 7.1771
-9999 -9999 -9999 -9999 -9999 -9999 -9999 1.10001 2.82172 4.70772 6.47306 8.14275 9.57826 9.67833 10.43 10.4173 10.8056 10.6793 10.1312 9.5421 8.46474 6.28081 4.44225 2.43811 2.95027 5.13862 5.39382 4.42044 2.63287 4.45357 6.46288 8.28301 9.26307 8.47409 9.25961 9.18302 8.63812 7.60239 5.9981 6.01747 4.81254 4.74981 5.3523 5.54052 5.42748 5.03128 4.40154 4.48853 4.93961 5.04826 5.73959 6.60356 7.44805 7.58147 7.73435 7.73122 7.72375 7.7269 7.71839 7.69027 7.63615 7.52875 6.81035 5.95788 5.42853 4.70397 4.60641 5.96263 6.49053 6.77968 7.06707 7.17392
-9999 -9999 -9999 -9999 -9999 -9999 -9999 -9999 2.63591 4.58459 6.02347 6.40209 7.67662 8.35944 8.88524 8.99265 10.5149 10.5877 10.236 9.69389 8.77331 7.1132 5.95262 4.02982 2.64404 3.18563 3.4205 3.91254 3.75134 4.55655 6.48693 8.49877 8.70783 7.4107 7.58975 7.84758 8.43941 8.12266 5.94062 4.82671 3.90027 4.53991 5.21333 5.36804 5.39026 5.24728 5.07622 4.79297 5.69753 6.36413 6.51059 7.09058 7.51613 7.62622 7.70669 7.7077 7.70893 7.69895 7.66338 7.63472 7.51499 7.25942 6.45712 4.54238 4.62051 4.40366 3.80037 5.12283 5.94669 6.6917 7.08241 7.17511
-9999 -9999 -9999 -9999 -9999 -9999 -9999 -9999 1.97485 4.2313 4.69812 4.65022 3.88683 4.22075 6.99413 7.54322 9.00266 10.3839 10.2699 9.7379 8.87588 7.88225 6.3504 4.18952 2.46977 1.7249 3.54481 5.32735 5.68739 6.25103 7.42919 7.64344 6.31781 5.07415 5.75457 6.16007 7.73667 8.01549 7.69602 6.377 4.87044 4.07881 4.98955 5.10176 5.14602 5.14586 5.10128 5.04372 6.06127 6.62153 7.00696 7.21203 7.57587 7.66129 7.68167 7.70031 7.68338 7.65393 7.58464 7.50719 7.20089 6.83215 5.52475 4.43287 3.74786 2.88111 4.79891 5.35428 6.12994 6.62764 7.01613 7.0926
