Test_Spring_2018/03_18/Temp/20180331_015.txt
ncols	170
nrows	115
xllcorner	350000.000000
yllcorner	4445000.000000
cellsize	1000.000000
nodata_value	-9999.000000
[rows 32 to 63 of 115, columns 72 to 143 of 170]
18.4456 18.3474 18.5355 18.7096 18.606 18.5377 18.803 18.8166 18.7407 18.5442 18.4816 18.4166 18.383 18.1281 17.3844 16.7155 17.0983 17.1226 16.8842 17.3542 17.1284 16.5156 15.6444 16.139 16.0271 15.3961 15.2465 -9999 -9999 -9999 -9999 -9999 -9999 -9999 -9999 -9999 -9999 -9999 -9999 -9999 -9999 -9999 -9999 -9999 -9999 -9999 -9999 -9999 -9999 -9999 -9999 -9999 -9999 -9999 -9999 -9999 -9999 -9999 -9999 -9999 -9999 -9999 -9999 -9999 -9999 -9999 -9999 -9999 -9999 -9999 -9999 -9999
18.2856 18.2519 18.5248 18.5335 18.5181 18.6011 18.7666 18.8128 18.7918 18.7141 18.6492 18.5796 18.3799 18.0858 17.4515 16.6878 16.5268 16.9239 16.9576 17.034 16.8298 16.569 16.1526 16.5189 16.6693 16.264 15.7183 15.3685 -9999 -9999 -9999 -9999 -9999 -9999 -9999 -9999 -9999 -9999 -9999 -9999 -9999 -9999 -9999 -9999 -9999 -9999 -9999 -9999 -9999 -9999 -9999 -9999 -9999 -9999 -9999 -9999 -9999 -9999 -9999 -9999 -9999 -9999 -9999 -9999 -9999 -9999 -9999 -9999 -9999 -9999 -9999 -9999
18.0969 17.8609 18.0312 18.1623 18.3637 18.4144 18.4602 18.7822 18.7798 18.7798 18.6627 18.5723 18.4131 18.1305 17.7218 17.2266 16.3526 16.917 17.362 17.3663 17.3577 17.1795 16.7801 17.14 17.1698 16.642 16.0276 15.6891 15.5577 -9999 -9999 -9999 -9999 -9999 -9999 -9999 -9999 -9999 -9999 -9999 -9999 -9999 -9999 -9999 -9999 -9999 -9999 -9999 -9999 -9999 -9999 -9999 -9999 -9999 -9999 -9999 -9999 -9999 -9999 -9999 -9999 -9999 -9999 -9999 -9999 -9999 -9999 -9999 -9999 -9999 -9999 -9999
17.884 17.5925 17.7637 17.987 18.2779 18.4226 18.5436 18.6493 18.7571 18.76 18.6396 18.2563 18.2146 18.2128 17.9509 17.3842 16.8182 16.6833 17.3543 17.5572 17.534 17.6951 17.359 17.5385 17.4842 17.3017 16.7181 16.1932 15.99 15.5747 -9999 -9999 -9999 -9999 -9999 -9999 -9999 -9999 -9999 -9999 -9999 -9999 -9999 -9999 -9999 -9999 -9999 -9999 -9999 -9999 -9999 -9999 -9999 -9999 -9999 -9999 -9999 -9999 -9999 -9999 -9999 -9999 -9999 -9999 -9999 -9999 -9999 -9999 -9999 -9999 -9999 -9999
-9999 -9999 17.4057 17.6871 17.9256 18.217 18.4702 18.6082 18.7429 18.747 18.4918 18.3746 18.3782 18.2117 17.9069 17.7217 17.3714 17.0057 17.1673 17.7417 17.5083 17.919 17.8997 17.9863 17.7351 17.2217 16.5616 16.1713 15.9906 15.6565 -9999 -9999 -9999 -9999 -9999 -9999 -9999 -9999 -9999 -9999 -9999 -9999 -9999 -9999 -9999 -9999 -9999 -9999 -9999 -9999 -9999 -9999 -9999 -9999 -9999 -9999 -9999 -9999 -9999 -9999 -9999 -9999 -9999 -9999 -9999 -9999 -9999 -9999 -9999 -9999 -9999 -9999
-9999 -9999 -9999 17.6267 17.809 18.2073 18.4009 18.4947 18.7035 18.7174 18.6293 18.5668 18.4699 18.3393 18.1142 17.8646 17.5362 17.5205 17.8941 17.9142 17.8548 17.9283 18.1263 18.0916 17.6865 16.977 16.616 15.8534 15.5418 15.589 15.3728 -9999 -9999 -9999 -9999 -9999 -9999 -9999 -9999 -9999 -9999 -9999 -9999 16.489 -9999 -9999 -9999 -9999 -9999 -9999 -9999 -9999 -9999 -9999 -9999 -9999 -9999 -9999 -9999 -9999 -9999 -9999 -9999 -9999 15.5076 -9999 -9999 -9999 -9999 -9999 -9999 -9999
-9999 -9999 17.5877 17.8152 18.0149 18.2686 18.2953 18.4427 18.6804 18.6968 18.6382 18.5707 18.4017 18.3716 18.2505 17.9783 17.9357 18.0692 18.1394 18.2164 18.2694 18.2538 18.1936 18.111 17.8365 17.5209 17.313 16.6288 16.2781 15.9558 15.4616 15.0786 -9999 -9999 -9999 -9999 -9999 -9999 -9999 16.1342 16.1353 16.1644 16.296 16.6237 16.4628 -9999 -9999 -9999 -9999 -9999 -9999 -9999 -9999 -9999 -9999 -9999 -9999 -9999 -9999 -9999 -9999 -9999 -9999 -9999 15.7776 15.399 -9999 -9999 -9999 -9999 -9999 -9999
-9999 -9999 17.6208 17.8862 18.0242 18.2703 18.4158 18.499 18.5892 18.6765 18.6775 18.6011 18.4783 18.4948 18.3212 18.2355 18.1793 18.3543 18.4022 18.355 18.2911 18.2356 18.0507 18.0409 17.9665 17.7702 17.4399 17.0992 16.588 15.9111 15.248 14.7163 -9999 -9999 -9999 -9999 -9999 -9999 16.1602 16.4359 16.6095 16.3046 16.6033 16.878 16.8576 16.619 -9999 -9999 -9999 -9999 -9999 -9999 -9999 -9999 -9999 -9999 -9999 -9999 -9999 -9999 17.5801 17.1914 16.3845 15.9815 15.7485 15.4064 -9999 -9999 -9999 -9999 -9999 -9999
-9999 -9999 17.5645 17.8751 18.0886 18.279 18.3181 18.5051 18.5904 18.6427 18.6512 18.6473 18.6369 18.4871 18.4323 18.1989 18.4558 18.464 18.4205 18.197 18.1088 17.7117 17.5444 17.4963 17.8545 17.6095 17.0854 16.4274 15.6222 15.5808 15.3276 14.8533 -9999 -9999 -9999 -9999 -9999 -9999 16.2277 16.5216 16.7708 16.8252 16.5228 16.9953 16.9872 16.7548 16.7174 16.9442 17.0685 17.0022 17.272 17.3638 17.2715 17.4133 -9999 -9999 -9999 -9999 17.5862 17.6238 17.6577 17.5084 16.625 16.0288 15.4956 15.4626 -9999 -9999 -9999 -9999 -9999 -9999
-9999 -9999 17.7664 17.9611 18.0641 18.0887 18.2597 18.4228 18.5272 18.6067 18.6055 18.6141 18.6233 18.5829 18.4683 18.5096 18.5168 18.4577 18.0182 17.5017 17.7502 17.4518 16.7758 17.3322 17.6457 17.3658 16.7276 15.9857 15.7372 15.7578 15.4 14.9336 -9999 -9999 -9999 15.4075 15.8176 15.8714 16.0073 16.3929 16.6916 16.9252 17.0892 17.0959 16.9666 16.7399 16.4913 16.6067 17.1092 17.246 17.3605 17.4547 17.3702 17.4425 17.5911 17.6775 17.7109 17.7008 17.7145 17.7461 17.752 17.6142 16.8279 16.3866 16.1132 15.5441 -9999 -9999 -9999 -9999 -9999 -9999
-9999 -9999 17.6383 17.8084 17.9475 18.1701 18.202 18.3479 18.432 18.5601 18.5869 18.4605 18.5925 18.5941 18.5899 18.5617 18.5124 18.1449 17.6312 17.1153 16.8854 16.9952 16.6006 16.816 17.1332 17.0326 16.6372 15.9769 15.8917 15.7352 15.1253 14.5395 -9999 -9999 14.6187 15.3873 15.9349 16.2277 16.3332 16.3629 16.7342 16.7837 17.1818 17.1063 16.6301 16.7066 16.5364 16.6814 16.8762 16.9438 17.2115 17.4785 17.5439 17.5641 17.6656 17.702 17.7262 17.7443 17.7092 17.7558 17.7812 17.7036 17.1391 16.8752 16.5793 15.5435 -9999 -9999 -9999 -9999 -9999 -9999
-9999 -9999 17.7078 17.8957 18.1005 18.141 18.2953 18.2936 18.2551 18.4693 18.5533 18.4684 18.4126 18.5614 18.5702 18.5713 18.5613 18.2176 17.8163 17.1987 16.8204 16.5852 16.4265 16.1966 16.3638 16.3248 16.269 16.3518 16.1761 15.8077 15.4545 14.786 14.4309 -9999 14.6475 15.0041 15.6521 16.2069 16.5675 16.4677 16.8875 16.9837 17.2275 17.1145 16.834 16.7235 16.7322 16.7123 16.9993 17.2009 17.3409 17.4449 17.5718 17.6177 17.6638 17.6944 17.7203 17.7467 17.766 17.785 17.7948 17.7794 17.5319 17.2661 16.6715 15.5721 -9999 -9999 -9999 -9999 -9999 -9999
-9999 17.1825 17.6826 17.991 18.1151 18.2069 18.2891 18.3516 18.4114 18.4778 18.5266 18.5235 18.2762 18.315 18.3807 18.5492 18.5579 18.5443 18.3336 17.5785 17.321 16.9384 16.4446 16.2389 16.3535 16.7761 16.7655 16.4989 16.2011 15.7776 15.5178 15.1116 14.3234 14.41 14.7873 15.0739 15.5207 16.1946 16.6744 16.9013 17.0015 17.1792 17.285 17.1212 16.9673 16.9142 16.7978 16.7983 16.8188 16.9996 17.1393 17.4411 17.5545 17.6182 17.6592 17.6903 17.7186 17.7472 17.7709 17.7867 17.8087 17.8285 17.829 17.4713 16.5436 15.8551 -9999 -9999 -9999 -9999 -9999 -9999
-9999 -9999 17.5852 17.7244 17.7658 17.8335 17.965 18.1163 18.3223 18.36 18.4848 18.4999 18.2879 18.0436 18.2907 18.4009 18.5147 18.5371 18.5264 17.8861 17.5606 17.3057 16.8323 17.0121 17.1865 17.2067 17.1137 16.5326 15.954 15.2775 14.6564 14.6372 14.3092 14.5038 14.7586 15.389 15.8396 16.0355 16.1832 16.8702 17.0618 17.143 17.3351 17.125 17.0881 16.9348 17.007 17.0117 17.0321 16.5686 17.0667 17.1148 17.4496 17.6117 17.664 17.6919 17.7209 17.7425 17.765 17.7849 17.8098 17.8257 17.8433 17.6188 16.4356 15.8579 -9999 -9999 -9999 -9999 -9999 -9999
-9999 -9999 -9999 -9999 17.6348 17.7422 17.8141 17.934 18.2804 18.3844 18.459 18.4792 18.3946 18.153 18.1039 18.1714 17.9384 18.1685 18.4736 18.482 18.4607 17.9022 17.6167 17.9083 17.8301 17.4081 17.0771 16.7502 16.071 15.5678 14.8542 14.322 14.3139 14.9272 15.4409 16.0787 16.3719 16.2375 16.4286 16.7787 17.1759 17.3795 17.3591 17.1366 17.1242 16.8766 17.1611 17.2036 17.1003 17.0133 17.0697 17.2452 17.3241 17.5902 17.6694 17.7004 17.7219 17.743 17.7626 17.7825 17.8006 17.8201 17.8391 17.8506 16.6338 15.6971 -9999 -9999 -9999 -9999 -9999 -9999
-9999 -9999 -9999 -9999 17.3904 17.4582 17.6267 18.0494 18.2699 18.3693 18.3798 18.4355 18.381 18.171 17.9561 17.7553 17.4897 17.6713 18.1197 18.3894 18.432 17.9436 18.2103 18.1213 17.9366 17.3821 16.9748 16.7617 16.1096 15.5447 15.073 14.4194 14.7159 15.0429 15.4609 16.1552 16.6313 16.8401 16.7041 16.9373 17.391 17.4159 17.2025 17.2398 17.1181 16.7719 17.1747 17.3022 17.2351 17.2767 17.2587 17.3363 17.4615 17.5821 17.6689 17.6976 17.7187 17.7365 17.7571 17.7783 17.7951 17.8175 17.8365 17.8529 17.0756 15.6733 -9999 -9999 -9999 -9999 -9999 -9999
-9999 -9999 -9999 -9999 -9999 17.1738 17.5493 18.1079 18.2481 18.2475 18.3749 18.4001 18.3076 18.2309 17.966 17.5975 16.8707 17.0794 17.4934 18.0811 18.3955 18.3666 18.2055 17.9231 17.227 16.618 16.5495 16.4548 15.9806 15.5454 15.0199 15.3406 15.6925 16.0781 16.2895 16.2569 16.6678 17.0076 16.8941 17.175 17.4993 17.3849 17.3263 17.2803 17.1362 17.1472 17.1851 17.4222 17.2916 17.4031 17.4199 17.4343 17.5053 17.584 17.6658 17.6956 17.7156 17.7368 17.7501 17.7737 17.7917 17.8103 17.8295 17.8468 17.7972 17.0546 16.6179 -9999 -9999 -9999 -9999 -9999
-9999 -9999 -9999 -9999 -9999 16.8275 17.0187 17.6791 17.8841 18.1844 18.3513 18.3739 18.2062 18.1209 17.7165 17.5993 16.9283 16.634 16.9163 16.8299 17.6315 18.3406 18.1949 16.7956 16.2931 15.9363 16.0361 16.0433 15.9162 15.1762 14.9822 15.6551 16.0845 16.4219 16.6832 16.7519 16.7635 17.2831 17.371 17.5551 17.5422 17.5795 17.3499 17.2159 17.3738 17.2378 17.2315 17.4758 17.2747 17.4937 17.4847 17.4445 17.461 17.6122 17.6585 17.6922 17.7129 17.7279 17.7417 17.7592 17.785 17.805 17.8201 17.8432 17.8589 17.7949 17.4199 17.3039 17.4814 -9999 -9999 -9999
-9999 -9999 -9999 -9999 -9999 -9999 16.4049 17.3199 17.7378 17.968 18.2884 18.3412 18.2555 18.0972 17.6856 17.3259 16.7279 16.0411 15.6843 16.8171 17.8034 18.323 18.2625 17.0993 16.6447 16.6305 16.9098 16.6868 16.5197 15.9574 15.7998 15.578 15.7348 16.1972 16.582 16.9553 17.233 17.2749 17.4636 17.5814 17.6114 17.6635 17.6558 17.6532 17.432 17.6207 17.4988 17.5945 17.5656 17.5411 17.5179 17.3988 17.5168 17.6235 17.6657 17.6919 17.7067 17.7257 17.7424 17.7549 17.7736 17.795 17.8165 17.8346 17.8573 17.8806 17.8594 17.6429 17.3448 16.9617 -9999 -9999
-9999 -9999 -9999 -9999 -9999 -9999 15.9465 16.8578 17.2964 17.8688 18.1658 18.2957 18.2993 18.1746 17.8663 17.3922 16.9998 16.2306 15.43 16.619 17.6765 18.2525 18.293 17.3132 17.5946 17.3818 17.4785 17.0822 16.9223 16.7894 16.5102 16.2051 15.8675 15.6996 16.5424 16.9849 17.3456 17.5269 17.639 17.7059 17.7019 17.6626 17.3176 17.6184 17.6249 17.6179 17.6064 17.6111 17.6019 17.5874 17.5816 17.5945 17.5222 17.6449 17.6632 17.6846 17.7052 17.7227 17.7379 17.754 17.7693 17.7915 17.8115 17.8303 17.8504 17.8769 17.8972 17.9072 17.8663 17.3441 17.0404 16.9716
-9999 -9999 -9999 -9999 -9999 -9999 14.6736 15.9957 17.0466 17.6116 18.0697 18.2106 18.2754 18.1008 17.9753 17.6405 17.3239 16.8243 16.0661 15.6043 16.4971 17.7861 18.2666 18.2352 18.2148 17.9684 17.7469 17.7264 17.7526 17.485 17.1 16.6041 16.4594 16.2971 16.9293 17.0312 17.0058 17.7019 17.7241 17.7068 17.4694 17.1994 17.2753 17.1189 17.2774 17.0843 17.3011 17.491 17.5742 17.5886 17.5802 17.5948 17.6051 17.6442 17.664 17.6812 17.6992 17.7182 17.7361 17.7489 17.7653 17.7893 17.8068 17.8246 17.8454 17.8727 17.8943 17.9075 17.9214 17.86 17.7562 17.5388
-9999 -9999 -9999 -9999 -9999 -9999 14.7153 15.8212 16.7705 17.3389 17.8951 18.038 18.2385 18.218 18.0852 17.7962 17.4298 17.0215 16.3731 15.8943 16.4955 17.3564 17.9748 18.1977 18.2048 18.1996 18.1513 18.1293 18.0721 18.0243 17.7576 17.2892 17.0326 16.6511 17.3537 17.449 17.361 17.7228 17.7259 17.2295 16.8527 16.824 17.0851 16.875 16.8554 16.7342 16.9168 17.3718 17.2612 17.3062 17.5173 17.5704 17.6125 17.6384 17.6573 17.6766 17.6935 17.7144 17.7354 17.7483 17.7656 17.785 17.7988 17.8208 17.8376 17.8618 17.8836 17.9011 17.9157 17.9142 17.9089 17.9592
-9999 -9999 -9999 -9999 -9999 -9999 14.7287 15.4757 16.3319 17.1646 17.7575 18.0074 18.1947 18.2113 18.0534 17.9186 17.6953 17.3378 17.097 16.6662 16.0682 17.1071 17.4339 17.7206 17.8418 18.1439 18.1463 18.0221 17.8658 18.0228 17.992 17.6258 17.5162 17.3213 17.7199 17.739 17.7474 17.7465 17.3296 16.7426 16.2777 16.6475 16.5949 16.7731 16.2972 16.7224 17.0714 17.1981 16.9973 16.8513 17.3778 17.4845 17.5555 17.6083 17.65 17.6652 17.6909 17.7083 17.7274 17.7465 17.763 17.7814 17.7983 17.8152 17.8347 17.8597 17.8765 17.8901 17.9122 17.9245 17.9417 17.9602
-9999 -9999 -9999 -9999 -9999 -9999 -9999 15.0273 16.0985 17.0674 17.6147 17.9658 18.1462 18.1613 18.0891 18.003 17.8707 17.617 17.2932 16.7716 16.3872 16.6527 16.9728 17.0134 17.229 17.834 18.0476 17.7705 17.056 17.4869 17.9696 17.977 17.953 17.925 17.8875 17.8541 17.76 17.4769 16.5704 16.4054 16.062 16.1233 15.9569 16.3808 16.2495 16.6878 16.889 16.9775 16.6108 16.7047 17.1816 17.3822 17.3731 17.5042 17.6322 17.6562 17.6797 17.6976 17.7206 17.7423 17.7615 17.7758 17.7936 17.8124 17.8279 17.8575 17.8456 17.8458 17.823 17.9017 17.9294 17.9608
-9999 -9999 -9999 -9999 -9999 -9999 -9999 14.7946 15.875 17.0134 17.3904 17.7673 18.0953 18.1191 17.9989 17.8851 17.7669 17.6294 17.2334 16.8491 16.482 16.3674 16.4568 16.4568 16.8 17.5859 17.7473 17.6949 16.9462 16.7085 17.3491 17.8905 17.9481 17.9172 17.3156 17.4656 17.1503 16.7164 16.6111 16.4324 16.0331 16.2546 15.9676 16.119 16.1012 16.3587 16.4945 16.7969 16.4799 16.4933 16.9622 17.208 17.2345 17.4915 17.5965 17.6393 17.6656 17.6904 17.7123 17.737 17.7558 17.7736 17.7903 17.8006 17.7954 17.7373 17.319 17.3421 17.4875 17.6263 17.8618 17.9492
-9999 -9999 -9999 -9999 -9999 -9999 -9999 14.9078 15.6624 16.6743 17.4287 17.492 17.868 18.0705 17.938 17.7863 17.6303 17.571 17.1386 16.6616 16.2784 15.8215 15.9122 16.2629 16.8213 17.3338 17.4354 17.3443 16.9406 17.1433 17.5852 17.8276 17.9108 17.8751 17.7578 17.698 17.4706 17.3829 17.0605 16.5458 16.3549 16.5078 15.9606 16.0199 16.2494 16.044 16.4313 16.6271 16.212 16.5715 16.9869 17.2095 17.4068 17.5111 17.5653 17.6372 17.6594 17.6846 17.7079 17.7282 17.7493 17.7622 17.7768 17.7507 17.7021 17.3062 17.1651 17.2217 17.4371 17.6286 17.8356 17.9301
-9999 -9999 -9999 -9999 -9999 -9999 -9999 15.0232 15.7043 16.584 17.1265 17.2375 17.6524 18.0233 18.0009 17.8422 17.8053 17.6395 17.2753 16.8709 16.4269 16.2181 15.7192 16.2373 16.6428 17.0793 17.2903 16.9563 16.8062 17.1122 17.4171 17.5487 17.8575 17.8718 17.7942 17.4015 17.2197 17.3231 17.2562 17.1247 16.7765 16.7797 16.5632 16.4851 16.4125 16.1293 16.3409 16.3802 16.4543 16.8811 17.1073 17.2644 17.4092 17.4627 17.5375 17.6283 17.6554 17.6789 17.6996 17.722 17.738 17.7394 17.744 17.6698 17.522 17.2276 16.7486 17.132 17.5319 17.6734 17.8073 17.8865
-9999 -9999 -9999 -9999 -9999 -9999 -9999 14.8987 15.6216 16.3758 16.7009 16.7701 17.507 17.9649 17.9826 17.9162 17.8355 17.4021 17.4444 17.3699 16.9711 16.383 15.7353 15.8112 16.2144 16.785 16.9836 16.4357 16.2592 16.4152 16.8685 17.2765 17.7022 17.8233 17.7209 17.0996 16.4386 16.7725 17.1282 17.1456 17.0662 16.7448 16.6561 16.5778 16.3489 15.9487 16.0263 16.1637 16.648 16.818 17.0692 17.2813 17.2303 17.2935 17.4973 17.6233 17.6483 17.6712 17.6957 17.7144 17.7293 17.711 17.6905 17.6417 17.2216 16.9687 16.5989 17.0896 17.3693 17.5374 17.8048 17.8854
-9999 -9999 -9999 -9999 -9999 -9999 -9999 14.6685 15.1976 15.9193 16.2201 16.6904 17.3877 17.7393 17.9166 17.9299 17.8817 17.6967 17.5917 17.3688 16.9537 16.38 15.7404 15.3287 15.5593 16.3188 16.5067 16.0051 15.7663 16.098 16.5803 17.2872 17.6986 17.7691 17.7511 17.6373 17.1597 16.579 16.6001 16.9199 16.6878 16.4151 16.5955 16.5855 16.3598 16.201 16.1089 16.1995 16.4792 16.6113 16.8983 17.3118 17.3891 17.399 17.5853 17.6146 17.6395 17.6669 17.6878 17.7074 17.7237 17.7128 17.6619 17.3894 17.1547 16.8198 16.7974 17.2453 17.4556 17.6482 17.7908 17.8522
-9999 -9999 -9999 -9999 -9999 -9999 -9999 14.2801 14.8999 15.5772 16.2125 16.8147 17.3355 17.3914 17.6741 17.6906 17.8466 17.8232 17.6527 17.4677 17.1124 16.3716 15.7507 15.072 15.2691 16.0468 16.137 15.8175 15.2148 15.8686 16.5883 17.2425 17.6046 17.3512 17.6463 17.6416 17.4742 17.1361 16.6004 16.6302 16.2339 16.2355 16.4688 16.558 16.5424 16.4283 16.2356 16.2906 16.4649 16.5276 16.7931 17.1186 17.4373 17.5084 17.5863 17.6099 17.6319 17.6577 17.6794 17.6945 17.7005 17.6881 17.4632 17.1917 17.0328 16.806 16.7976 17.3052 17.529 17.6591 17.7853 17.8486
-9999 -9999 -9999 -9999 -9999 -9999 -9999 -9999 14.8267 15.5259 16.0477 16.2005 16.6653 16.9241 17.1282 17.1866 17.7375 17.7836 17.6817 17.5133 17.2128 16.6545 16.2699 15.6197 15.1562 15.3585 15.4443 15.6351 15.5986 15.8989 16.5911 17.3121 17.4058 16.9754 17.0594 17.1711 17.3995 17.3118 16.575 16.2104 15.9112 16.1574 16.4155 16.4932 16.5248 16.499 16.4696 16.3849 16.7248 16.9818 17.0577 17.2844 17.4573 17.5204 17.5731 17.5981 17.6233 17.6445 17.6569 17.6718 17.655 17.5911 17.337 16.6956 16.7483 16.6983 16.5139 17.0098 17.34 17.6257 17.788 17.8464
-9999 -9999 -9999 -9999 -9999 -9999 -9999 -9999 14.5881 15.3945 15.578 15.5824 15.3378 15.4752 16.4619 16.6743 17.2034 17.7053 17.6863 17.5216 17.2417 16.9156 16.4019 15.6689 15.0892 14.8321 15.4837 16.1218 16.2668 16.4829 16.9132 17.0083 16.5676 16.1558 16.4143 16.5775 17.1487 17.2685 17.1803 16.7443 16.2434 15.9915 16.3324 16.3955 16.435 16.459 16.4716 16.4716 16.8474 17.0675 17.2266 17.3229 17.4744 17.5289 17.5608 17.592 17.6108 17.6253 17.6259 17.6239 17.5422 17.4389 17.009 16.6542 16.4412 16.1651 16.8585 17.0876 17.3952 17.6005 17.7621 17.815
