Test_Spring_2018/03_18/Temp/20180304_010.txt
ncols	170
nrows	115
xllcorner	350000.000000
yllcorner	4445000.000000
cellsize	1000.000000
nodata_value	-9999.000000
[rows 32 to 63 of 115, columns 72 to 143 of 170]
13.4064 13.1738 13.5521 13.9009 13.6888 13.5547 14.1203 14.1272 13.9428 13.5 13.3425 13.1792 13.0824 12.5134 10.902 9.45038 10.2418 10.2694 9.73745 10.7169 10.2135 8.88542 7.00686 8.0418 7.78364 6.44505 6.12507 -9999 -9999 -9999 -9999 -9999 -9999 -9999 -9999 -9999 -9999 -9999 -9999 -9999 -9999 -9999 -9999 -9999 -9999 -9999 -9999 -9999 -9999 -9999 -9999 -9999 -9999 -9999 -9999 -9999 -9999 -9999 -9999 -9999 -9999 -9999 -9999 -9999 -9999 -9999 -9999 -9999 -9999 -9999 -9999 -9999
13.0972 13.0016 13.5604 13.556 13.5228 13.7209 14.074 14.1506 14.0832 13.8943 13.7321 13.5594 13.1089 12.4568 11.079 9.42546 9.05735 9.8799 9.92799 10.0678 9.60975 9.03202 8.12304 8.88369 9.18447 8.31025 7.16273 6.42677 -9999 -9999 -9999 -9999 -9999 -9999 -9999 -9999 -9999 -9999 -9999 -9999 -9999 -9999 -9999 -9999 -9999 -9999 -9999 -9999 -9999 -9999 -9999 -9999 -9999 -9999 -9999 -9999 -9999 -9999 -9999 -9999 -9999 -9999 -9999 -9999 -9999 -9999 -9999 -9999 -9999 -9999 -9999 -9999
12.7262 12.1988 12.5385 12.7953 13.2553 13.3754 13.4518 14.1168 14.0893 14.0665 13.7934 13.5769 13.213 12.5858 11.6894 10.6084 8.71992 9.89885 10.824 10.8096 10.7684 10.3663 9.49339 10.2401 10.2836 9.16583 7.88537 7.1423 6.84049 -9999 -9999 -9999 -9999 -9999 -9999 -9999 -9999 -9999 -9999 -9999 -9999 -9999 -9999 -9999 -9999 -9999 -9999 -9999 -9999 -9999 -9999 -9999 -9999 -9999 -9999 -9999 -9999 -9999 -9999 -9999 -9999 -9999 -9999 -9999 -9999 -9999 -9999 -9999 -9999 -9999 -9999 -9999
12.303 11.6571 11.9987 12.4521 13.085 13.4104 13.6607 13.8646 14.0726 14.0566 13.777 12.9361 12.8232 12.795 12.2117 10.9782 9.74635 9.43391 10.8405 11.2495 11.1769 11.4979 10.7598 11.1216 10.9857 10.5968 9.36818 8.2494 7.7948 6.88733 -9999 -9999 -9999 -9999 -9999 -9999 -9999 -9999 -9999 -9999 -9999 -9999 -9999 -9999 -9999 -9999 -9999 -9999 -9999 -9999 -9999 -9999 -9999 -9999 -9999 -9999 -9999 -9999 -9999 -9999 -9999 -9999 -9999 -9999 -9999 -9999 -9999 -9999 -9999 -9999 -9999 -9999
-9999 -9999 11.2657 11.8762 12.3843 13.0016 13.5347 13.8082 14.0743 14.0611 13.4944 13.2215 13.2054 12.8261 12.1514 11.7314 10.9592 10.1543 10.4741 11.6749 11.1537 12.007 11.9443 12.1082 11.5525 10.4877 9.06534 8.23466 7.82896 7.09542 -9999 -9999 -9999 -9999 -9999 -9999 -9999 -9999 -9999 -9999 -9999 -9999 -9999 -9999 -9999 -9999 -9999 -9999 -9999 -9999 -9999 -9999 -9999 -9999 -9999 -9999 -9999 -9999 -9999 -9999 -9999 -9999 -9999 -9999 -9999 -9999 -9999 -9999 -9999 -9999 -9999 -9999
-9999 -9999 -9999 11.777 12.1652 12.995 13.4172 13.5971 14.0217 14.0303 13.8205 13.6644 13.4343 13.1315 12.6267 12.069 11.3433 11.2843 12.0557 12.0741 11.9238 12.0578 12.4582 12.3636 11.4986 9.99629 9.20837 7.58877 6.90465 6.98526 6.50336 -9999 -9999 -9999 -9999 -9999 -9999 -9999 -9999 -9999 -9999 -9999 -9999 8.51936 -9999 -9999 -9999 -9999 -9999 -9999 -9999 -9999 -9999 -9999 -9999 -9999 -9999 -9999 -9999 -9999 -9999 -9999 -9999 -9999 5.80659 -9999 -9999 -9999 -9999 -9999 -9999 -9999
-9999 -9999 11.7126 12.2266 12.6332 13.1556 13.2076 13.5169 14.0039 14.0185 13.872 13.7058 13.322 13.2336 12.9501 12.3439 12.2271 12.4856 12.6096 12.7489 12.838 12.7818 12.6319 12.4355 11.8769 11.1863 10.7258 9.25234 8.50791 7.8017 6.72808 5.89046 -9999 -9999 -9999 -9999 -9999 -9999 -9999 7.92442 7.8947 7.9245 8.17273 8.83939 8.46464 -9999 -9999 -9999 -9999 -9999 -9999 -9999 -9999 -9999 -9999 -9999 -9999 -9999 -9999 -9999 -9999 -9999 -9999 -9999 6.41245 5.57205 -9999 -9999 -9999 -9999 -9999 -9999
-9999 -9999 11.858 12.4049 12.6811 13.1884 13.4815 13.6673 13.8407 14.0071 13.9883 13.8034 13.5182 13.5289 13.1332 12.9242 12.7776 13.1241 13.2 13.0738 12.9131 12.7719 12.3562 12.3157 12.1824 11.7472 11.0273 10.2852 9.20188 7.74076 6.30822 5.15479 -9999 -9999 -9999 -9999 -9999 -9999 8.04873 8.60423 8.94127 8.25777 8.86141 9.41413 9.33835 8.82832 -9999 -9999 -9999 -9999 -9999 -9999 -9999 -9999 -9999 -9999 -9999 -9999 -9999 -9999 10.422 9.55906 7.80415 6.91073 6.37992 5.61703 -9999 -9999 -9999 -9999 -9999 -9999
-9999 -9999 11.7629 12.4074 12.8459 13.2359 13.3034 13.6997 13.874 13.9668 13.9645 13.9344 13.8889 13.5446 13.4018 12.8771 13.3974 13.3875 13.2675 12.765 12.5522 11.6823 11.3044 11.2232 11.9709 11.4333 10.3015 8.88463 7.17556 7.07082 6.51385 5.48402 -9999 -9999 -9999 -9999 -9999 -9999 8.22981 8.82326 9.32037 9.40187 8.72264 9.69652 9.67458 9.14699 9.03607 9.48929 9.72479 9.56893 10.1089 10.2751 10.0488 10.3215 -9999 -9999 -9999 -9999 10.5334 10.58 10.6181 10.2653 8.34695 7.04088 5.86966 5.77595 -9999 -9999 -9999 -9999 -9999 -9999
-9999 -9999 12.2172 12.6159 12.8202 12.858 13.2084 13.555 13.7698 13.9326 13.9093 13.9049 13.9001 13.7883 13.5169 13.5769 13.5638 13.4096 12.4449 11.3171 11.8222 11.1545 9.71496 10.8982 11.5519 10.9415 9.56807 7.97424 7.45382 7.48266 6.70419 5.7019 -9999 -9999 -9999 6.61837 7.46356 7.54692 7.80374 8.59187 9.19403 9.64857 9.96282 9.96425 9.65922 9.14348 8.58202 8.79777 9.84 10.103 10.3265 10.4984 10.2892 10.4192 10.706 10.8596 10.8996 10.8459 10.8422 10.8759 10.8544 10.526 8.80866 7.83278 7.21504 5.97332 -9999 -9999 -9999 -9999 -9999 -9999
-9999 -9999 11.9818 12.329 12.6112 13.0757 13.1299 13.4267 13.6025 13.8632 13.8998 13.6077 13.8646 13.8416 13.8046 13.7158 13.5813 12.7686 11.6448 10.5179 10.0027 10.2332 9.37265 9.82789 10.4902 10.2579 9.42042 8.00138 7.80886 7.48194 6.16367 4.89734 -9999 -9999 5.00069 6.61248 7.75063 8.34297 8.53394 8.56209 9.31802 9.38742 10.2005 10.024 8.97801 9.1088 8.70561 8.98467 9.37842 9.49378 10.0486 10.5834 10.6937 10.7074 10.894 10.9412 10.9615 10.9679 10.86 10.9255 10.9452 10.7449 9.50592 8.90836 8.25168 6.00487 -9999 -9999 -9999 -9999 -9999 -9999
-9999 -9999 12.1681 12.5553 12.9788 13.0517 13.3671 13.3404 13.2552 13.6943 13.8576 13.6537 13.5097 13.8001 13.7902 13.7626 13.7111 12.9482 12.0637 10.7194 9.88754 9.38023 9.02365 8.54548 8.88981 8.79563 8.66643 8.83314 8.44727 7.66917 6.90246 5.4579 4.68223 -9999 5.09846 5.8316 7.18322 8.33358 9.06784 8.8186 9.67677 9.8449 10.3449 10.069 9.43968 9.17814 9.16534 9.09256 9.67496 10.0691 10.3513 10.544 10.781 10.8496 10.9183 10.9533 10.9773 11.0014 11.0094 11.0159 11.0019 10.9338 10.3707 9.77649 8.47408 6.0917 -9999 -9999 -9999 -9999 -9999 -9999
-9999 11.0645 12.1364 12.7819 13.0347 13.2185 13.3812 13.5007 13.6238 13.7416 13.8262 13.7994 13.2465 13.3016 13.4121 13.7408 13.7282 13.6685 13.1896 11.5519 10.9905 10.1682 9.09965 8.65798 8.8917 9.78352 9.75248 9.17586 8.5323 7.63605 7.06991 6.18868 4.48726 4.65109 5.43153 6.01508 6.9371 8.34089 9.32827 9.77494 9.9505 10.3049 10.4944 10.1156 9.75599 9.61061 9.33102 9.30188 9.316 9.67253 9.95269 10.5618 10.7746 10.8777 10.9357 10.9718 11.0009 11.0298 11.0468 11.0463 11.0582 11.0652 11.0366 10.2391 8.22976 6.72434 -9999 -9999 -9999 -9999 -9999 -9999
-9999 -9999 11.9505 12.2366 12.3146 12.448 12.7169 13.0266 13.4613 13.5233 13.7682 13.7742 13.298 12.7484 13.245 13.4485 13.6592 13.6756 13.6229 12.2474 11.5327 10.9718 9.94763 10.329 10.6917 10.727 10.5217 9.27569 8.03475 6.59942 5.26276 5.20741 4.49148 4.88371 5.40269 6.7193 7.64912 8.03263 8.31122 9.73832 10.1177 10.2575 10.6318 10.1492 10.0389 9.67967 9.80236 9.78203 9.79622 8.77893 9.82282 9.89539 10.5793 10.8924 10.9718 11.0012 11.0318 11.0456 11.0602 11.0681 11.0862 11.0889 11.0938 10.581 8.02373 6.75463 -9999 -9999 -9999 -9999 -9999 -9999
-9999 -9999 -9999 -9999 12.0597 12.2788 12.421 12.6643 13.3982 13.6014 13.7392 13.758 13.5507 13.006 12.8702 12.9819 12.4526 12.9149 13.5426 13.5372 13.4721 12.2644 11.6508 12.2625 12.0878 11.1812 10.4693 9.76665 8.31226 7.24666 5.71332 4.56423 4.52968 5.81695 6.88739 8.21953 8.81334 8.49216 8.86267 9.57809 10.3887 10.7869 10.7077 10.1985 10.1405 9.58003 10.1555 10.216 9.96632 9.75191 9.85349 10.1977 10.3358 10.8729 11.011 11.0438 11.0584 11.0711 11.0796 11.0875 11.0946 11.102 11.1082 11.0988 8.47007 6.43558 -9999 -9999 -9999 -9999 -9999 -9999
-9999 -9999 -9999 -9999 11.5633 11.6983 12.0468 12.9358 13.4011 13.5943 13.5948 13.6889 13.5452 13.0675 12.5775 12.1167 11.5195 11.8777 12.8078 13.3601 13.4317 12.3743 12.9387 12.7397 12.3385 11.1502 10.2764 9.81684 8.42078 7.2237 6.20637 4.79863 5.41346 6.09001 6.95675 8.40877 9.39235 9.80309 9.47881 9.94007 10.8713 10.8884 10.3977 10.4427 10.1514 9.38102 10.2087 10.4505 10.2778 10.3377 10.2801 10.4153 10.652 10.8786 11.0326 11.0623 11.0748 11.0805 11.0909 11.1032 11.1053 11.1192 11.1257 11.1268 9.43567 6.40834 -9999 -9999 -9999 -9999 -9999 -9999
-9999 -9999 -9999 -9999 -9999 11.1166 11.9066 13.0851 13.3787 13.3582 13.6074 13.6359 13.4107 13.2171 12.6204 11.8019 10.2205 10.6368 11.4939 12.7248 13.3763 13.2994 12.9517 12.3408 10.8494 9.54501 9.39373 9.1868 8.17005 7.24931 6.11725 6.78672 7.51952 8.32073 8.74646 8.64847 9.49273 10.1834 9.90611 10.4694 11.1249 10.8452 10.6849 10.5525 10.2136 10.205 10.2547 10.7301 10.422 10.6308 10.6471 10.6473 10.768 10.905 11.0481 11.08 11.0905 11.103 11.0984 11.1154 11.1202 11.1259 11.1332 11.1364 10.9975 9.37719 8.41266 -9999 -9999 -9999 -9999 -9999
-9999 -9999 -9999 -9999 -9999 10.4031 10.7993 12.1943 12.6258 13.2463 13.5793 13.6019 13.216 13.0055 12.1112 11.8284 10.3665 9.71027 10.2868 10.0807 11.7715 13.2684 12.954 9.96105 8.88246 8.11536 8.32278 8.3327 8.05542 6.48432 6.05831 7.4784 8.37603 9.07384 9.60581 9.72482 9.71729 10.7916 10.944 11.3011 11.238 11.2823 10.7579 10.4382 10.7435 10.4217 10.3772 10.868 10.4092 10.8471 10.8082 10.6916 10.6958 10.987 11.0541 11.0942 11.1065 11.1056 11.1024 11.1059 11.1275 11.1367 11.1355 11.1514 11.1518 10.9788 10.146 9.86623 10.2127 -9999 -9999 -9999
-9999 -9999 -9999 -9999 -9999 -9999 9.51451 11.4516 12.3366 12.8067 13.4667 13.5531 13.3514 12.9805 12.0695 11.2701 9.96436 8.47179 7.68545 10.0796 12.1645 13.2572 13.1243 10.6346 9.65722 9.62009 10.2093 9.72732 9.36363 8.17095 7.82155 7.33271 7.6483 8.61733 9.41152 10.1776 10.7378 10.7937 11.162 11.3779 11.4067 11.4831 11.4325 11.3935 10.8907 11.2614 10.9706 11.1443 11.0528 10.9711 10.9018 10.6167 10.8369 11.0329 11.091 11.1169 11.1153 11.1229 11.1259 11.1203 11.1249 11.1372 11.1498 11.1555 11.171 11.1844 11.1064 10.6121 9.94425 9.0957 -9999 -9999
-9999 -9999 -9999 -9999 -9999 -9999 8.56115 10.4891 11.418 12.6171 13.2368 13.494 13.4697 13.1708 12.4809 11.438 10.5714 8.90379 7.1719 9.68395 11.9221 13.1348 13.2083 11.1174 11.7086 11.2468 11.4452 10.5921 10.2424 9.96472 9.35489 8.68734 7.95643 7.57565 9.34501 10.2586 10.9962 11.3501 11.5555 11.6642 11.6238 11.5028 10.7335 11.3419 11.3252 11.2787 11.2233 11.2028 11.1532 11.0923 11.0607 11.0565 10.8705 11.1048 11.1116 11.1239 11.1346 11.139 11.1388 11.1409 11.1415 11.1549 11.1616 11.1689 11.1792 11.1991 11.2098 11.1986 11.0794 9.93389 9.25475 9.07748
-9999 -9999 -9999 -9999 -9999 -9999 5.87118 8.6741 10.9236 12.1044 13.0676 13.3381 13.4446 13.0405 12.741 11.9962 11.2919 10.1998 8.55877 7.55248 9.43541 12.1686 13.1805 13.1113 13.0577 12.5225 12.0409 11.9875 12.0327 11.4672 10.6449 9.56712 9.2392 8.86731 10.1876 10.3752 10.2897 11.7419 11.7565 11.6863 11.147 10.5411 10.6708 10.2995 10.6072 10.1642 10.5956 10.97 11.1172 11.1176 11.0808 11.0874 11.076 11.1279 11.1366 11.1399 11.1449 11.1526 11.1583 11.1533 11.1564 11.1759 11.1784 11.1849 11.1914 11.213 11.2265 11.2222 11.2196 11.0568 10.8036 10.3091
-9999 -9999 -9999 -9999 -9999 -9999 6.00211 8.35715 10.3593 11.5634 12.7217 12.9967 13.3936 13.3188 13.0046 12.3584 11.5489 10.6518 9.24526 8.20259 9.46586 11.283 12.5875 13.0607 13.0631 13.0409 12.9266 12.8853 12.7504 12.6531 12.0655 11.0509 10.4797 9.64001 11.1104 11.284 11.0657 11.8055 11.7801 10.689 9.85305 9.75961 10.2881 9.80859 9.73729 9.44111 9.79954 10.7393 10.4825 10.5474 10.9791 11.0589 11.1179 11.1395 11.1461 11.1538 11.1567 11.1683 11.1805 11.176 11.181 11.1906 11.1887 11.2001 11.2044 11.2194 11.2268 11.2317 11.2303 11.195 11.1593 11.235
-9999 -9999 -9999 -9999 -9999 -9999 6.06488 7.64676 9.44949 11.2193 12.456 12.9599 13.3294 13.3345 12.9676 12.6513 12.1474 11.3592 10.8219 9.88149 8.58686 10.7847 11.4645 12.0724 12.3351 12.9682 12.9616 12.684 12.3532 12.67 12.5914 11.7879 11.5297 11.0878 11.9098 11.9214 11.909 11.876 10.9554 9.6719 8.64864 9.40548 9.26203 9.61499 8.57089 9.45783 10.1716 10.4112 9.94327 9.60086 10.7057 10.903 11.0208 11.0997 11.1549 11.154 11.1755 11.1799 11.188 11.1966 11.1999 11.2075 11.212 11.2167 11.222 11.2383 11.2419 11.2479 11.2628 11.248 11.252 11.2598
-9999 -9999 -9999 -9999 -9999 -9999 -9999 6.72743 9.01042 11.0505 12.1899 12.9097 13.2648 13.2674 13.0842 12.8723 12.5634 11.9975 11.284 10.1508 9.31211 9.86102 10.5271 10.61 11.0566 12.3337 12.7756 12.1702 10.6559 11.5643 12.5722 12.5646 12.4882 12.4018 12.287 12.1867 11.9562 11.322 9.35778 8.98268 8.21967 8.31976 7.93447 8.81356 8.50422 9.40846 9.80712 9.96489 9.15178 9.33796 10.3242 10.7182 10.6647 10.9101 11.1421 11.1599 11.177 11.1823 11.1988 11.2127 11.2218 11.2283 11.235 11.2442 11.2411 11.2664 11.209 11.1771 11.096 11.2308 11.2569 11.29
-9999 -9999 -9999 -9999 -9999 -9999 -9999 6.28506 8.56464 10.9663 11.7428 12.5183 13.1891 13.2109 12.9261 12.6559 12.3777 12.0597 11.192 10.3509 9.54836 9.28556 9.45907 9.45372 10.1705 11.8316 12.1604 12.0326 10.4552 9.92739 11.2712 12.4021 12.4994 12.407 11.0962 11.3873 10.6853 9.72999 9.4752 9.06382 8.18204 8.62402 7.9816 8.27424 8.21302 8.73155 8.99045 9.60445 8.89728 8.91253 9.88195 10.3726 10.3952 10.9093 11.0994 11.1572 11.18 11.2 11.2142 11.2346 11.2432 11.2495 11.2539 11.2444 11.202 11.0412 10.1099 10.1267 10.4042 10.6674 11.1383 11.2886
-9999 -9999 -9999 -9999 -9999 -9999 -9999 6.55857 8.14304 10.2752 11.8569 11.9641 12.7378 13.1417 12.8312 12.4806 12.122 11.9708 11.0255 9.98611 9.14825 8.15457 8.32963 9.05977 10.2453 11.3216 11.5214 11.3097 10.4684 10.879 11.7985 12.2911 12.443 12.3402 12.0624 11.9062 11.392 11.1754 10.4579 9.33024 8.89316 9.18902 7.99166 8.08804 8.54704 8.08594 8.88099 9.26752 8.35094 9.10839 9.9609 10.4021 10.789 10.9778 11.0597 11.1796 11.1938 11.2147 11.2318 11.2428 11.2558 11.2517 11.251 11.1638 11.0286 10.1525 9.8062 9.89419 10.3209 10.6961 11.1036 11.2717
-9999 -9999 -9999 -9999 -9999 -9999 -9999 6.83785 8.26553 10.1156 11.2459 11.4552 12.3124 13.0758 13.0008 12.6357 12.5313 12.1528 11.3525 10.4674 9.49917 9.03345 7.94993 9.03582 9.89421 10.8072 11.2391 10.5494 10.2081 10.8384 11.465 11.721 12.3539 12.3577 12.1645 11.2987 10.882 11.0732 10.9007 10.5906 9.81798 9.79463 9.30269 9.10581 8.92052 8.29401 8.71419 8.76681 8.89713 9.79485 10.2442 10.5458 10.821 10.9015 11.0276 11.1879 11.2126 11.2298 11.2413 11.2567 11.2586 11.2296 11.2074 11.0173 10.6701 10.0103 8.94266 9.72757 10.5475 10.813 11.0674 11.2026
-9999 -9999 -9999 -9999 -9999 -9999 -9999 6.60637 8.12282 9.70545 10.3722 10.4928 12.0371 12.9864 12.9974 12.8293 12.6315 11.6822 11.7483 11.5663 10.6937 9.4182 8.0163 8.15826 9.00756 10.2087 10.6129 9.46725 9.06893 9.37863 10.3215 11.1666 12.0487 12.2802 12.0343 10.6811 9.24262 9.9254 10.6544 10.6616 10.4623 9.74663 9.52731 9.32993 8.81107 7.92755 8.06978 8.33136 9.35746 9.68701 10.1895 10.6087 10.4666 10.568 10.9694 11.2047 11.2249 11.2409 11.2605 11.2678 11.2673 11.196 11.12 10.9836 10.0556 9.4839 8.65436 9.66219 10.2255 10.5499 11.0866 11.2249
-9999 -9999 -9999 -9999 -9999 -9999 -9999 6.14982 7.25285 8.76618 9.38141 10.3577 11.8178 12.5407 12.8922 12.8941 12.7655 12.3458 12.0973 11.5983 10.6901 9.44467 8.05912 7.16041 7.63158 9.24397 9.63776 8.57762 8.04595 8.73004 9.73444 11.217 12.0684 12.1921 12.1262 11.8554 10.808 9.54061 9.55589 10.2081 9.68296 9.07094 9.42532 9.37343 8.8612 8.49178 8.27283 8.43819 9.02459 9.27332 9.8522 10.7008 10.8325 10.8205 11.1845 11.2139 11.2341 11.2594 11.2713 11.2805 11.2826 11.2267 11.0857 10.4722 9.93913 9.1923 9.11198 10.0194 10.4311 10.8112 11.0816 11.1789
-9999 -9999 -9999 -9999 -9999 -9999 -9999 5.35625 6.65273 8.07116 9.39997 10.6578 11.7417 11.8341 12.4104 12.4192 12.7258 12.6503 12.2619 11.8431 11.0619 9.45927 8.1131 6.64407 7.04329 8.68898 8.91035 8.20683 6.89873 8.26949 9.78019 11.1504 11.8968 11.3297 11.9316 11.8935 11.5077 10.7576 9.5854 9.61885 8.74346 8.71622 9.18301 9.34234 9.27811 9.00372 8.56156 8.65948 9.02116 9.12184 9.65499 10.3162 10.9628 11.0814 11.2144 11.2316 11.2457 11.2677 11.2812 11.2804 11.2605 11.2014 10.6888 10.077 9.70536 9.18897 9.13826 10.1784 10.6127 10.8594 11.0949 11.1962
-9999 -9999 -9999 -9999 -9999 -9999 -9999 -9999 6.53121 7.9965 9.08324 9.38275 10.3474 10.8727 11.2813 11.3794 12.5279 12.6003 12.3576 11.9736 11.3087 10.0948 9.25194 7.84321 6.83327 7.26355 7.46282 7.84731 7.74677 8.36367 9.81587 11.3285 11.5026 10.5584 10.7101 10.9203 11.3785 11.1622 9.56106 8.75307 8.08439 8.57856 9.09796 9.23238 9.26858 9.18224 9.09121 8.91067 9.60255 10.1177 10.2465 10.6972 11.033 11.1346 11.214 11.2345 11.2551 11.2675 11.2609 11.2596 11.1909 11.0216 10.4466 9.04589 9.12507 8.98548 8.55919 9.57871 10.2381 10.8136 11.1259 11.2168
-9999 -9999 -9999 -9999 -9999 -9999 -9999 -9999 6.05682 7.75096 8.11631 8.09941 7.55122 7.81762 9.89511 10.3211 11.423 12.4669 12.4005 12.024 11.4025 10.6833 9.56469 7.97915 6.72122 6.19626 7.56796 8.91525 9.20178 9.63942 10.5333 10.7114 9.74616 8.84173 9.36577 9.68565 10.875 11.1008 10.8825 9.92222 8.82277 8.25426 8.94983 9.05271 9.10532 9.1251 9.12365 9.11202 9.89118 10.3276 10.6341 10.8067 11.097 11.1804 11.2155 11.2492 11.2564 11.2543 11.2227 11.1851 10.9778 10.7242 9.77407 8.98417 8.49664 7.87446 9.31991 9.76993 10.3867 10.7854 11.0963 11.1753
