Test_Spring_2018/03_18/Temp/20180304_004.txt
ncols	170
nrows	115
xllcorner	350000.000000
yllcorner	4445000.000000
cellsize	1000.000000
nodata_value	-9999.000000
[rows 32 to 63 of 115, columns 72 to 143 of 170]
11.5522 11.2086 11.7345 12.2186 11.9184 11.7196 12.518 12.5156 12.2407 11.5981 11.3609 11.115 10.9635 10.1397 7.83267 5.75262 6.86343 6.88733 6.11494 7.49271 6.76074 4.85561 2.16726 3.6239 3.24093 1.33258 0.860655 -9999 -9999 -9999 -9999 -9999 -9999 -9999 -9999 -9999 -9999 -9999 -9999 -9999 -9999 -9999 -9999 -9999 -9999 -9999 -9999 -9999 -9999 -9999 -9999 -9999 -9999 -9999 -9999 -9999 -9999 -9999 -9999 -9999 -9999 -9999 -9999 -9999 -9999 -9999 -9999 -9999 -9999 -9999 -9999 -9999
11.0995 10.9508 11.7335 11.7151 11.6617 11.9433 12.4392 12.5358 12.4273 12.1458 11.9018 11.6424 10.9876 10.0456 8.07089 5.70362 5.16483 6.31976 6.37274 6.55612 5.8888 5.05121 3.74237 4.80885 5.22113 3.96513 2.32455 1.26816 -9999 -9999 -9999 -9999 -9999 -9999 -9999 -9999 -9999 -9999 -9999 -9999 -9999 -9999 -9999 -9999 -9999 -9999 -9999 -9999 -9999 -9999 -9999 -9999 -9999 -9999 -9999 -9999 -9999 -9999 -9999 -9999 -9999 -9999 -9999 -9999 -9999 -9999 -9999 -9999 -9999 -9999 -9999 -9999
10.5587 9.79582 10.2668 10.6199 11.2727 11.4448 11.5412 12.4749 12.4232 12.3777 11.976 11.6543 11.1226 10.216 8.92613 7.37348 4.6717 6.33369 7.63449 7.59849 7.5244 6.93677 5.67923 6.72596 6.7722 5.16954 3.34711 2.27365 1.82794 -9999 -9999 -9999 -9999 -9999 -9999 -9999 -9999 -9999 -9999 -9999 -9999 -9999 -9999 -9999 -9999 -9999 -9999 -9999 -9999 -9999 -9999 -9999 -9999 -9999 -9999 -9999 -9999 -9999 -9999 -9999 -9999 -9999 -9999 -9999 -9999 -9999 -9999 -9999 -9999 -9999 -9999 -9999
9.94327 9.01192 9.4858 10.1188 11.0124 11.4735 11.8257 12.1035 12.3868 12.3511 11.9401 10.73 10.5554 10.501 9.65657 7.88681 6.11929 5.65955 7.64525 8.21167 8.09296 8.53411 7.46837 7.96765 7.75865 7.18985 5.43532 3.83621 3.17315 1.86574 -9999 -9999 -9999 -9999 -9999 -9999 -9999 -9999 -9999 -9999 -9999 -9999 -9999 -9999 -9999 -9999 -9999 -9999 -9999 -9999 -9999 -9999 -9999 -9999 -9999 -9999 -9999 -9999 -9999 -9999 -9999 -9999 -9999 -9999 -9999 -9999 -9999 -9999 -9999 -9999 -9999 -9999
-9999 -9999 8.42984 9.29181 10.0073 10.8792 11.6339 12.0108 12.3769 12.3453 11.5259 11.124 11.087 10.5331 9.55867 8.94618 7.83245 6.67206 7.11176 8.8046 8.04758 9.24592 9.14126 9.35892 8.55276 7.02838 4.992 3.8028 3.20931 2.14935 -9999 -9999 -9999 -9999 -9999 -9999 -9999 -9999 -9999 -9999 -9999 -9999 -9999 -9999 -9999 -9999 -9999 -9999 -9999 -9999 -9999 -9999 -9999 -9999 -9999 -9999 -9999 -9999 -9999 -9999 -9999 -9999 -9999 -9999 -9999 -9999 -9999 -9999 -9999 -9999 -9999 -9999
-9999 -9999 -9999 9.13779 9.68295 10.8523 11.4544 11.6984 12.2902 12.2897 11.9782 11.7425 11.4012 10.956 10.2231 9.41469 8.36707 8.26784 9.34983 9.36048 9.13101 9.30611 9.86027 9.71019 8.46421 6.31692 5.18023 2.87151 1.88195 1.98028 1.27826 -9999 -9999 -9999 -9999 -9999 -9999 -9999 -9999 -9999 -9999 -9999 -9999 3.92957 -9999 -9999 -9999 -9999 -9999 -9999 -9999 -9999 -9999 -9999 -9999 -9999 -9999 -9999 -9999 -9999 -9999 -9999 -9999 -9999 -0.331831 -9999 -9999 -9999 -9999 -9999 -9999 -9999
-9999 -9999 9.03911 9.76824 10.336 11.0686 11.1362 11.5725 12.2533 12.2615 12.0402 11.7902 11.2303 11.09 10.672 9.79447 9.61305 9.96534 10.1261 10.3086 10.4198 10.3242 10.0954 9.80047 8.99588 7.99779 7.32693 5.21779 4.15056 3.12953 1.58569 0.377532 -9999 -9999 -9999 -9999 -9999 -9999 -9999 3.13774 3.07871 3.10433 3.44066 4.37222 3.82215 -9999 -9999 -9999 -9999 -9999 -9999 -9999 -9999 -9999 -9999 -9999 -9999 -9999 -9999 -9999 -9999 -9999 -9999 -9999 0.516943 -0.700472 -9999 -9999 -9999 -9999 -9999 -9999
-9999 -9999 9.24092 10.0088 10.3917 11.1033 11.5099 11.7748 12.0099 12.2344 12.1948 11.9184 11.4988 11.4996 10.9217 10.6091 10.385 10.8624 10.9546 10.7593 10.515 10.2984 9.69135 9.61826 9.4183 8.78362 7.74385 6.67258 5.12565 3.03064 0.976198 -0.681254 -9999 -9999 -9999 -9999 -9999 -9999 3.319 4.09253 4.55525 3.56603 4.40796 5.17737 5.05254 4.30075 -9999 -9999 -9999 -9999 -9999 -9999 -9999 -9999 -9999 -9999 -9999 -9999 -9999 -9999 6.29125 5.04371 2.52668 1.23466 0.457943 -0.64954 -9999 -9999 -9999 -9999 -9999 -9999
-9999 -9999 9.09189 9.99927 10.6137 11.1589 11.2453 11.8062 12.0465 12.1665 12.1507 12.0946 12.0159 11.5116 11.2934 10.5317 11.2561 11.2261 11.0396 10.3086 9.99002 8.73672 8.18339 8.05717 9.10536 8.32511 6.69953 4.66825 2.2285 2.06548 1.2567 -0.224904 -9999 -9999 -9999 -9999 -9999 -9999 3.56442 4.39192 5.08233 5.18142 4.19819 5.56671 5.51025 4.74182 4.56609 5.19289 5.5099 5.27057 6.01706 6.23545 5.89547 6.26548 -9999 -9999 -9999 -9999 6.47633 6.52381 6.55867 6.03683 3.28719 1.4079 -0.280243 -0.43944 -9999 -9999 -9999 -9999 -9999 -9999
-9999 -9999 9.72441 10.2828 10.5648 10.6098 11.0993 11.5897 11.8877 12.1053 12.0597 12.0404 12.0198 11.8463 11.445 11.5148 11.4801 11.2446 9.85567 8.23483 8.93706 7.97423 5.91498 7.5828 8.49735 7.6136 5.64433 3.36147 2.61255 2.63942 1.51556 0.0702625 -9999 -9999 -9999 1.30786 2.4935 2.59525 2.94372 4.04801 4.88766 5.52024 5.95036 5.93509 5.47642 4.72471 3.90788 4.19671 5.66134 6.01739 6.31436 6.54085 6.22527 6.38826 6.77885 6.97983 7.01905 6.92464 6.90103 6.93019 6.88019 6.3929 3.9329 2.52309 1.622 -0.187768 -9999 -9999 -9999 -9999 -9999 -9999
-9999 -9999 9.37436 9.85981 10.253 10.9068 10.9753 11.3885 11.6346 11.9968 12.0368 11.6082 11.96 11.9128 11.8449 11.7027 11.4951 10.3224 8.70681 7.08701 6.33746 6.65255 5.41233 6.04444 6.97112 6.62941 5.41974 3.38563 3.09648 2.62158 0.731844 -1.08598 -9999 -9999 -0.988354 1.28801 2.89042 3.71624 3.97097 3.99397 5.05231 5.13387 6.27337 6.00458 4.49236 4.66029 4.07161 4.4504 4.98677 5.1329 5.90445 6.64521 6.78468 6.78686 7.0352 7.08505 7.0965 7.0879 6.91618 6.9907 6.99929 6.69402 4.9104 4.03841 3.07891 -0.156824 -9999 -9999 -9999 -9999 -9999 -9999
-9999 -9999 9.62575 10.1685 10.7631 10.8588 11.2994 11.2556 11.1307 11.745 11.9674 11.6646 11.4461 11.8447 11.8152 11.7599 11.67 10.5678 9.29242 7.36288 6.16262 5.42741 4.90406 4.20598 4.68015 4.53073 4.33171 4.55388 3.99346 2.87648 1.7698 -0.299953 -1.41976 -9999 -0.860559 0.165778 2.07188 3.69154 4.71912 4.34742 5.55111 5.77302 6.46666 6.0568 5.13749 4.74191 4.70527 4.58349 5.39404 5.93929 6.32297 6.57952 6.89748 6.97809 7.05893 7.09181 7.10877 7.12557 7.1189 7.10953 7.07012 6.95296 6.13057 5.26102 3.3846 -0.0438543 -9999 -9999 -9999 -9999 -9999 -9999
-9999 8.04645 9.56736 10.4783 10.8306 11.0847 11.3089 11.4711 11.6425 11.803 11.9121 11.8628 11.0627 11.1264 11.2682 11.7195 11.6847 11.5826 10.8839 8.53663 7.72321 6.53518 4.99848 4.35428 4.67108 5.92446 5.86521 5.03002 4.09977 2.81462 1.99676 0.727183 -1.70843 -1.4917 -0.397888 0.41565 1.71056 3.69074 5.07837 5.69662 5.92907 6.41559 6.6678 6.10643 5.57097 5.34537 4.92902 4.86923 4.87128 5.36079 5.74191 6.59314 6.87869 7.00713 7.07305 7.10784 7.13246 7.15622 7.16268 7.14336 7.14076 7.13019 7.06671 5.9091 3.01868 0.838098 -9999 -9999 -9999 -9999 -9999 -9999
-9999 -9999 9.28994 9.69002 9.79416 9.97724 10.3529 10.7863 11.4015 11.4802 11.8183 11.8169 11.1266 10.3301 11.021 11.294 11.5768 11.5826 11.4899 9.51596 8.48192 7.66694 6.19322 6.71987 7.2201 7.25501 6.94791 5.16056 3.38064 1.3285 -0.588238 -0.682189 -1.71442 -1.17192 -0.450017 1.40645 2.71246 3.24107 3.62025 5.63325 6.15546 6.33355 6.84756 6.14257 5.96184 5.4318 5.58763 5.54029 5.54244 4.07751 5.54529 5.63167 6.58814 7.01824 7.1138 7.13941 7.16637 7.16908 7.17225 7.16493 7.17115 7.15343 7.13281 6.37872 2.71511 0.870623 -9999 -9999 -9999 -9999 -9999 -9999
-9999 -9999 -9999 -9999 9.41968 9.72517 9.92103 10.2604 11.3014 11.5815 11.7674 11.7828 11.4752 10.6869 10.4781 10.6203 9.84998 10.4896 11.3653 11.3399 11.2297 9.49422 8.60471 9.45879 9.19452 7.88935 6.86163 5.84744 3.76403 2.23787 0.0415248 -1.60826 -1.67262 0.143244 1.6511 3.5297 4.35767 3.8837 4.39359 5.39243 6.52739 7.07533 6.94409 6.20104 6.09465 5.27816 6.07807 6.14569 5.77236 5.44976 5.57709 6.0501 6.23029 6.97841 7.15896 7.18968 7.19417 7.1955 7.18996 7.18276 7.17015 7.15837 7.14358 7.1052 3.33935 0.405828 -9999 -9999 -9999 -9999 -9999 -9999
-9999 -9999 -9999 -9999 8.70173 8.88769 9.37742 10.6356 11.2946 11.5606 11.5515 11.6742 11.4571 10.7635 10.0512 9.37877 8.51178 9.00362 10.3088 11.0766 11.1607 9.6389 10.4252 10.1257 9.53917 7.83327 6.57534 5.90709 3.9068 2.19361 0.731535 -1.28607 -0.426417 0.520727 1.73804 3.78773 5.17023 5.73725 5.25819 5.89628 7.2026 7.20831 6.49143 6.53653 6.09825 4.98299 6.14165 6.46711 6.20335 6.27103 6.17209 6.34797 6.66863 6.97524 7.17875 7.20531 7.20696 7.19848 7.19576 7.19351 7.17559 7.1728 7.15797 7.13426 4.7018 0.355653 -9999 -9999 -9999 -9999 -9999 -9999
-9999 -9999 -9999 -9999 -9999 8.04844 9.1662 10.8364 11.2511 11.2132 11.558 11.5874 11.2546 10.9652 10.1007 8.91971 6.65244 7.22683 8.428 10.1611 11.0701 10.9432 10.4318 9.54619 7.4086 5.53759 5.30755 4.99876 3.53819 2.21819 0.592998 1.53072 2.55831 3.6829 4.27289 4.11727 5.30163 6.26696 5.85471 6.63786 7.5518 7.1351 6.88811 6.68072 6.17461 6.14305 6.19471 6.85252 6.39626 6.67585 6.68211 6.66609 6.82191 7.00121 7.18938 7.21926 7.21819 7.2194 7.19504 7.19983 7.18557 7.17105 7.15708 7.13611 6.91176 4.56722 3.16547 -9999 -9999 -9999 -9999 -9999
-9999 -9999 -9999 -9999 -9999 7.0214 7.57875 9.55675 10.1676 11.0416 11.5055 11.5265 10.965 10.6514 9.36401 8.94509 6.84767 5.89663 6.69875 6.38734 8.77486 10.887 10.4229 6.14847 4.5981 3.49143 3.77169 3.77141 3.36287 1.11771 0.497065 2.50272 3.76488 4.74243 5.48359 5.63649 5.60913 7.12007 7.31937 7.80918 7.70075 7.74477 6.97969 6.50581 6.91605 6.43883 6.35662 7.03622 6.36567 6.97129 6.89899 6.71686 6.70709 7.10587 7.18599 7.22749 7.22849 7.21089 7.18839 7.17394 7.18357 7.17385 7.14771 7.14457 7.11839 6.83284 5.61855 5.19119 5.6552 -9999 -9999 -9999
-9999 -9999 -9999 -9999 -9999 -9999 5.73828 8.48717 9.74305 10.4029 11.3318 11.4435 11.1444 10.6026 9.29128 8.13751 6.26236 4.12074 2.98533 6.37341 9.32163 10.8587 10.6529 7.0943 5.68792 5.61971 6.44309 5.74297 5.21145 3.50474 2.99309 2.28297 2.71709 4.08041 5.19378 6.26773 7.04807 7.11011 7.61592 7.90585 7.92814 8.01794 7.92674 7.85222 7.11271 7.62081 7.18804 7.41667 7.26859 7.13498 7.01958 6.59769 6.89526 7.15858 7.22578 7.24524 7.22756 7.22175 7.20812 7.18056 7.16584 7.16053 7.15415 7.13653 7.13204 7.11152 6.97133 6.23909 5.26048 4.02548 -9999 -9999
-9999 -9999 -9999 -9999 -9999 -9999 4.36898 7.10434 8.42239 10.119 10.9921 11.3455 11.2981 10.8588 9.86205 8.3621 7.1119 4.72148 2.23919 5.79669 8.96398 10.6718 10.7593 7.76855 8.59377 7.92138 8.18866 6.96042 6.44877 6.04386 5.16164 4.19722 3.14227 2.58352 5.0855 6.3693 7.40208 7.88808 8.16202 8.29789 8.22296 8.03285 6.91939 7.76584 7.71785 7.6323 7.53456 7.48694 7.39854 7.2946 7.23264 7.2105 6.93003 7.247 7.23786 7.24051 7.24007 7.22953 7.21118 7.19449 7.17424 7.17131 7.15569 7.14079 7.12912 7.11796 7.10446 7.06003 6.86239 5.20543 4.21289 3.93122
-9999 -9999 -9999 -9999 -9999 -9999 0.528727 4.50822 7.70687 9.37696 10.7354 11.1084 11.2471 10.658 10.2168 9.14113 8.12205 6.55071 4.19799 2.74816 5.41178 9.28269 10.7069 10.5924 10.5001 9.72332 9.02311 8.93246 8.98245 8.16827 6.98302 5.43509 4.95078 4.40684 6.26981 6.5207 6.38236 8.431 8.43368 8.31517 7.52868 6.64973 6.81499 6.26945 6.68296 6.03346 6.62833 7.14254 7.33411 7.31741 7.24792 7.23959 7.20769 7.26064 7.25814 7.24747 7.23862 7.23263 7.22232 7.19557 7.17885 7.18403 7.16451 7.14868 7.13115 7.12244 7.11363 7.07971 7.04858 6.79035 6.40433 5.67142
-9999 -9999 -9999 -9999 -9999 -9999 0.703194 4.05067 6.88947 8.59115 10.2278 10.6069 11.1585 11.038 10.5759 9.6406 8.47222 7.17861 5.15987 3.65863 5.43804 8.0092 9.84808 10.5055 10.4947 10.4476 10.2699 10.1951 9.98881 9.84113 8.99044 7.5282 6.7009 5.49127 7.56764 7.79864 7.47126 8.50646 8.45225 6.88137 5.67317 5.52101 6.25654 5.55516 5.42887 4.99105 5.48223 6.80082 6.41576 6.49077 7.08769 7.18509 7.2458 7.26126 7.25538 7.25063 7.23837 7.23757 7.23648 7.21019 7.19626 7.1876 7.16136 7.15381 7.1343 7.1157 7.09895 7.07887 7.05027 6.974 6.89108 6.96957
-9999 -9999 -9999 -9999 -9999 -9999 0.774928 3.02575 5.58022 8.08632 9.83406 10.5384 11.0509 11.044 10.5071 10.0411 9.3079 8.16955 7.38777 6.03232 4.17301 7.2826 8.23673 9.08584 9.4418 10.3269 10.3025 9.89289 9.41541 9.85123 9.7199 8.56193 8.17955 7.53562 8.68938 8.68975 8.65534 8.59105 7.26346 5.41909 3.94456 5.00231 4.77914 5.26554 3.75523 4.99567 5.99224 6.31465 5.63464 5.13015 6.68455 6.93989 7.09167 7.18827 7.25103 7.23354 7.24735 7.23593 7.22889 7.22118 7.20492 7.19371 7.17689 7.15959 7.1429 7.12607 7.10444 7.07919 7.0737 7.02912 7.01019 6.99205
-9999 -9999 -9999 -9999 -9999 -9999 -9999 1.70002 4.93688 7.82802 9.43718 10.4487 10.9407 10.9302 10.6548 10.3377 9.88207 9.0601 8.02801 6.39852 5.18809 5.9519 6.88712 6.98978 7.60908 9.41037 10.0239 9.14774 6.98472 8.25692 9.67589 9.65019 9.52634 9.38815 9.21015 9.05127 8.70648 7.78694 4.97471 4.42154 3.31735 3.44084 2.87368 4.10896 3.64364 4.91093 5.4593 5.66538 4.4907 4.73721 6.11322 6.65733 6.56515 6.89836 7.21532 7.224 7.2312 7.2208 7.22538 7.22543 7.21743 7.2011 7.18757 7.17668 7.14758 7.14302 7.03482 6.96322 6.82192 6.98865 7.0014 7.00435
-9999 -9999 -9999 -9999 -9999 -9999 -9999 1.05585 4.28755 7.69246 8.78492 9.87535 10.8162 10.833 10.4129 10.0131 9.60116 9.1323 7.8811 6.66763 5.50894 5.11824 5.34851 5.33056 6.33431 8.68196 9.13437 8.93763 6.67914 5.91304 7.80964 9.40325 9.52641 9.37924 7.49848 7.89627 6.88077 5.50438 5.12416 4.52075 3.24783 3.85797 2.92525 3.32285 3.21438 3.93309 4.28273 5.13791 4.11389 4.11687 5.46779 6.14899 6.16457 6.87949 7.13331 7.19855 7.21359 7.22376 7.22482 7.23396 7.22513 7.21224 7.19584 7.15906 7.07486 6.82108 5.45481 5.4532 5.82294 6.17273 6.81137 6.9869
-9999 -9999 -9999 -9999 -9999 -9999 -9999 1.43052 3.67267 6.69367 8.9311 9.07047 10.1574 10.7177 10.261 9.74692 9.22083 8.98956 7.62818 6.1329 4.92427 3.49405 3.72673 4.74934 6.4264 7.94201 8.21091 7.89453 6.68296 7.25154 8.54425 9.22953 9.42991 9.26789 8.85648 8.61786 7.86951 7.54404 6.50571 4.88339 4.24333 4.64582 2.92386 3.04248 3.67705 2.99951 4.11199 4.64358 3.32156 4.36823 5.56358 6.17397 6.70741 6.95909 7.05843 7.21154 7.21389 7.22508 7.23023 7.22594 7.22371 7.19633 7.17314 7.02625 6.81069 5.54079 5.00603 5.10647 5.68909 6.19891 6.73039 6.94698
-9999 -9999 -9999 -9999 -9999 -9999 -9999 1.81343 3.83197 6.45114 8.04592 8.3301 9.53558 10.6072 10.4856 9.95081 9.78652 9.2321 8.07726 6.80185 5.40795 4.72909 3.17141 4.70028 5.91236 7.19553 7.79452 6.7987 6.29743 7.17831 8.05406 8.40245 9.28703 9.27636 8.98512 7.73684 7.12712 7.38197 7.11898 6.65994 5.54275 5.49133 4.77315 4.47475 4.19285 3.2802 3.85943 3.91594 4.07159 5.32842 5.94981 6.3613 6.7354 6.83247 6.9942 7.20446 7.2214 7.22717 7.22428 7.22618 7.20841 7.14582 7.09258 6.79975 6.2832 5.32152 3.7607 4.85326 5.99587 6.33281 6.66252 6.83242
-9999 -9999 -9999 -9999 -9999 -9999 -9999 1.46978 3.6141 5.85232 6.7873 6.94483 9.12769 10.4636 10.4642 10.2097 9.91267 8.54633 8.62433 8.3493 7.09179 5.26105 3.2506 3.43668 4.63128 6.32935 6.88878 5.24402 4.66136 5.086 6.41148 7.59778 8.83658 9.14962 8.78341 6.84153 4.77809 5.73226 6.75199 6.74452 6.44303 5.40688 5.07674 4.77777 4.02145 2.74023 2.92716 3.28093 4.7079 5.15839 5.85518 6.43359 6.21345 6.33979 6.89292 7.20955 7.2198 7.22363 7.23216 7.22278 7.20159 7.07927 6.94975 6.73389 5.39146 4.55564 3.33657 4.74387 5.52188 5.93264 6.6732 6.8475
-9999 -9999 -9999 -9999 -9999 -9999 -9999 0.806013 2.36171 4.50093 5.3622 6.73681 8.79949 9.81314 10.2981 10.2856 10.087 9.47416 9.10484 8.37896 7.07099 5.28326 3.29622 2.00188 2.65652 4.94196 5.48147 3.96309 3.19057 4.14768 5.56045 7.65344 8.84837 9.00789 8.89755 8.49551 6.9885 5.1682 5.17256 6.08281 5.31801 4.42942 4.91562 4.82375 4.07695 3.53334 3.20039 3.40516 4.21788 4.55317 5.35831 6.5473 6.71631 6.68097 7.18057 7.20397 7.21392 7.23097 7.22841 7.22173 7.2045 7.10436 6.88275 5.98849 5.20826 4.12371 3.98723 5.23563 5.77994 6.28754 6.64933 6.76523
-9999 -9999 -9999 -9999 -9999 -9999 -9999 -0.33714 1.49339 3.49721 5.37333 7.14817 8.67542 8.79193 9.59654 9.59373 10.0144 9.89142 9.32315 8.71156 7.58441 5.28859 3.35772 1.2521 1.80445 4.13265 4.43736 3.42025 1.54302 3.47689 5.60981 7.54272 8.58811 7.76479 8.60439 8.53326 7.96739 6.88303 5.19811 5.22821 3.96518 3.90867 4.55488 4.76361 4.65421 4.24579 3.59272 3.70392 4.19656 4.32099 5.06078 5.98282 6.88417 7.03433 7.20494 7.21067 7.21173 7.22397 7.22383 7.20297 7.15463 7.05003 6.30008 5.40854 4.85832 4.10193 4.00783 5.4491 6.02153 6.33931 6.65153 6.77301
-9999 -9999 -9999 -9999 -9999 -9999 -9999 -9999 1.3061 3.37626 4.90768 5.31892 6.67624 7.40834 7.97443 8.09849 9.71693 9.80436 9.44341 8.88153 7.91997 6.17743 4.96266 2.94295 1.49059 2.08551 2.36277 2.89349 2.73413 3.59539 5.64494 7.78035 8.01139 6.65135 6.85038 7.1325 7.76732 7.4424 5.14724 3.98032 3.01146 3.69684 4.41798 4.59132 4.62482 4.4839 4.31949 4.04206 5.00732 5.72115 5.88551 6.50767 6.96659 7.09219 7.18638 7.19655 7.20685 7.20524 7.17654 7.1551 7.03746 6.77633 5.93774 3.92416 4.01557 3.79546 3.1672 4.57636 5.4617 6.2574 6.67884 6.78548
-9999 -9999 -9999 -9999 -9999 -9999 -9999 -9999 0.616987 3.01242 3.51723 3.47808 2.68291 3.04654 5.98666 6.57725 8.12932 9.59882 9.48889 8.93766 8.03794 6.99937 5.39246 3.1213 1.31621 0.554584 2.49276 4.39763 4.78887 5.39502 6.65007 6.88681 5.49685 4.1933 4.92191 5.36 7.03498 7.33911 7.01129 5.62771 4.04608 3.21967 4.19151 4.31999 4.37681 4.3868 4.35451 4.31121 5.40173 6.00336 6.42022 6.64648 7.04031 7.13994 7.17074 7.19958 7.19074 7.16858 7.10426 7.03129 6.71655 6.33586 4.96371 3.81925 3.10459 2.19803 4.23271 4.83164 5.6629 6.20075 6.61995 6.70955
