Test_Spring_2018/03_18/Temp/20180314_018.txt
ncols	170
nrows	115
xllcorner	350000.000000
yllcorner	4445000.000000
cellsize	1000.000000
nodata_value	-9999.000000
[rows 32 to 63 of 115, columns 72 to 143 of 170]
11.0376 10.7263 11.2189 11.6726 11.3926 11.2094 11.9483 11.9517 11.7032 11.1148 10.9017 10.6808 10.5474 9.79258 7.6662 5.75002 6.7852 6.81529 6.10904 7.39147 6.72267 4.96881 2.49051 3.84571 3.49942 1.73692 1.31051 -9999 -9999 -9999 -9999 -9999 -9999 -9999 -9999 -9999 -9999 -9999 -9999 -9999 -9999 -9999 -9999 -9999 -9999 -9999 -9999 -9999 -9999 -9999 -9999 -9999 -9999 -9999 -9999 -9999 -9999 -9999 -9999 -9999 -9999 -9999 -9999 -9999 -9999 -9999 -9999 -9999 -9999 -9999 -9999 -9999
10.6177 10.4866 11.2167 11.2057 11.1564 11.4148 11.8743 11.9694 11.875 11.6207 11.4014 11.1681 10.5694 9.70535 7.88629 5.70441 5.21379 6.28978 6.34666 6.5242 5.91492 5.14813 3.94543 4.93955 5.32853 4.1778 2.66133 1.68843 -9999 -9999 -9999 -9999 -9999 -9999 -9999 -9999 -9999 -9999 -9999 -9999 -9999 -9999 -9999 -9999 -9999 -9999 -9999 -9999 -9999 -9999 -9999 -9999 -9999 -9999 -9999 -9999 -9999 -9999 -9999 -9999 -9999 -9999 -9999 -9999 -9999 -9999 -9999 -9999 -9999 -9999 -9999 -9999
10.1166 9.41742 9.8591 10.1917 10.7902 10.9479 11.0427 11.912 11.8702 11.8344 11.4693 11.1785 10.6938 9.86245 8.67682 7.24831 4.75711 6.30192 7.5127 7.48711 7.42626 6.89039 5.73488 6.71045 6.76065 5.28985 3.59952 2.61514 2.21142 -9999 -9999 -9999 -9999 -9999 -9999 -9999 -9999 -9999 -9999 -9999 -9999 -9999 -9999 -9999 -9999 -9999 -9999 -9999 -9999 -9999 -9999 -9999 -9999 -9999 -9999 -9999 -9999 -9999 -9999 -9999 -9999 -9999 -9999 -9999 -9999 -9999 -9999 -9999 -9999 -9999 -9999 -9999
9.54686 8.69161 9.13582 9.72705 10.5531 10.976 11.3046 11.5673 11.8354 11.8087 11.4351 10.3228 10.1683 10.1252 9.35166 7.72235 6.09517 5.67753 7.5216 8.05298 7.95063 8.366 7.38762 7.85661 7.67047 7.15259 5.53672 4.05693 3.45198 2.2512 -9999 -9999 -9999 -9999 -9999 -9999 -9999 -9999 -9999 -9999 -9999 -9999 -9999 -9999 -9999 -9999 -9999 -9999 -9999 -9999 -9999 -9999 -9999 -9999 -9999 -9999 -9999 -9999 -9999 -9999 -9999 -9999 -9999 -9999 -9999 -9999 -9999 -9999 -9999 -9999 -9999 -9999
-9999 -9999 8.1583 8.95493 9.61865 10.425 11.1259 11.4803 11.8249 11.802 11.0508 10.686 10.6589 10.1539 9.26013 8.70117 7.67863 6.61291 7.027 8.6 7.90708 9.02252 8.93275 9.14099 8.40226 6.99651 5.12342 4.02248 3.48161 2.50947 -9999 -9999 -9999 -9999 -9999 -9999 -9999 -9999 -9999 -9999 -9999 -9999 -9999 -9999 -9999 -9999 -9999 -9999 -9999 -9999 -9999 -9999 -9999 -9999 -9999 -9999 -9999 -9999 -9999 -9999 -9999 -9999 -9999 -9999 -9999 -9999 -9999 -9999 -9999 -9999 -9999 -9999
-9999 -9999 -9999 8.81117 9.31734 10.404 10.9584 11.1897 11.743 11.7489 11.4674 11.2564 10.948 10.5437 9.8734 9.13327 8.17189 8.08757 9.0956 9.11264 8.90745 9.07628 9.59555 9.46338 8.31826 6.33555 5.29103 3.15742 2.24994 2.34878 1.70759 -9999 -9999 -9999 -9999 -9999 -9999 -9999 -9999 -9999 -9999 -9999 -9999 4.28919 -9999 -9999 -9999 -9999 -9999 -9999 -9999 -9999 -9999 -9999 -9999 -9999 -9999 -9999 -9999 -9999 -9999 -9999 -9999 -9999 0.596882 -9999 -9999 -9999 -9999 -9999 -9999 -9999
-9999 -9999 8.72005 9.39022 9.91993 10.6022 10.6648 11.0714 11.7069 11.7208 11.5228 11.2986 10.7881 10.6659 10.287 9.48304 9.32284 9.65612 9.8121 9.98792 10.0976 10.0159 9.8107 9.54427 8.80376 7.88701 7.27296 5.33181 4.34383 3.40707 1.98702 0.877677 -9999 -9999 -9999 -9999 -9999 -9999 -9999 3.50609 3.4624 3.4973 3.81981 4.69306 4.19614 -9999 -9999 -9999 -9999 -9999 -9999 -9999 -9999 -9999 -9999 -9999 -9999 -9999 -9999 -9999 -9999 -9999 -9999 -9999 1.37605 0.261695 -9999 -9999 -9999 -9999 -9999 -9999
-9999 -9999 8.89744 9.61163 9.96983 10.6323 11.013 11.2563 11.4794 11.6933 11.6634 11.4149 11.0343 11.0427 10.5161 10.2347 10.0352 10.4842 10.5768 10.4031 10.1838 9.9899 9.43464 9.37302 9.19155 8.6105 7.65484 6.67014 5.24113 3.31071 1.41807 -0.107112 -9999 -9999 -9999 -9999 -9999 -9999 3.65676 4.38285 4.82184 3.91827 4.70856 5.43201 5.32857 4.65044 -9999 -9999 -9999 -9999 -9999 -9999 -9999 -9999 -9999 -9999 -9999 -9999 -9999 -9999 6.66533 5.52263 3.20598 2.02248 1.31571 0.303149 -9999 -9999 -9999 -9999 -9999 -9999
-9999 -9999 8.75894 9.60153 10.1733 10.6815 10.7656 11.2872 11.5105 11.6276 11.6197 11.5751 11.51 11.0514 10.8576 10.1611 10.839 10.8188 10.6535 9.9844 9.69629 8.54334 8.03747 7.92407 8.89908 8.18295 6.68503 4.812 2.55354 2.41286 1.67194 0.309064 -9999 -9999 -9999 -9999 -9999 -9999 3.87702 4.65313 5.30285 5.40603 4.50848 5.78625 5.75088 5.0528 4.90287 5.49512 5.80068 5.58976 6.29626 6.51001 6.20703 6.56041 -9999 -9999 -9999 -9999 6.80896 6.86362 6.90677 6.43524 3.90348 2.17689 0.627267 0.495594 -9999 -9999 -9999 -9999 -9999 -9999
-9999 -9999 9.34315 9.8623 10.126 10.171 10.6275 11.0837 11.3605 11.5704 11.5349 11.5242 11.5129 11.3604 10.9975 11.0703 11.0463 10.8363 9.55932 8.0674 8.72361 7.83584 5.9347 7.48259 8.33356 7.52123 5.70497 3.59877 2.90401 2.93825 1.90551 0.576215 -9999 -9999 -9999 1.75362 2.85961 2.96365 3.29637 4.3286 5.1165 5.71292 6.1228 6.12184 5.71368 5.03137 4.2888 4.56871 5.9359 6.27755 6.56638 6.78767 6.50724 6.66914 7.04116 7.23761 7.28433 7.20743 7.19606 7.23363 7.19818 6.75851 4.49486 3.20254 2.38095 0.725807 -9999 -9999 -9999 -9999 -9999 -9999
-9999 -9999 9.0212 9.47259 9.83877 10.4446 10.5115 10.8978 11.1288 11.4662 11.5098 11.1207 11.4539 11.4184 11.3641 11.2411 11.0574 9.98086 8.49429 7.00338 6.31683 6.61295 5.47144 6.06117 6.9232 6.60719 5.49248 3.61604 3.35367 2.91363 1.17495 -0.499536 -9999 -9999 -0.386136 1.728 3.2194 3.99315 4.23928 4.27162 5.262 5.34938 6.41555 6.18015 4.79754 4.96596 4.43494 4.79834 5.30788 5.45544 6.17986 6.87975 7.0201 7.03308 7.27343 7.32996 7.35084 7.35314 7.20464 7.28404 7.30268 7.03131 5.39294 4.598 3.72511 0.747737 -9999 -9999 -9999 -9999 -9999 -9999
-9999 -9999 9.25293 9.757 10.3092 10.4004 10.811 10.7707 10.6584 11.2319 11.4414 11.1686 10.9745 11.3516 11.333 11.2906 11.2161 10.2049 9.03317 7.25587 6.15247 5.47733 4.99862 4.35661 4.79986 4.66615 4.48645 4.69626 4.17787 3.14392 2.12641 0.220947 -0.807844 -9999 -0.275197 0.682709 2.45496 3.96295 4.92399 4.59147 5.7165 5.93396 6.58848 6.22238 5.38836 5.03696 5.01633 4.9168 5.67929 6.19679 6.56272 6.81203 7.11992 7.20539 7.29071 7.33141 7.35721 7.38283 7.38682 7.3885 7.36265 7.2652 6.51584 5.7254 4.00206 0.846501 -9999 -9999 -9999 -9999 -9999 -9999
-9999 7.79382 9.19706 10.0411 10.3687 10.6059 10.8158 10.969 11.1303 11.2807 11.3878 11.3475 10.6155 10.6831 10.8231 11.2495 11.2262 11.1403 10.5021 8.33853 7.59208 6.49791 5.08177 4.49051 4.78786 5.95117 5.90028 5.1317 4.27524 3.08564 2.33048 1.1625 -1.0816 -0.873959 0.145532 0.906523 2.11347 3.95495 5.24912 5.83236 6.05935 6.52201 6.76825 6.2636 5.78466 5.5897 5.2182 5.17626 5.19122 5.65668 6.02047 6.82057 7.0963 7.2278 7.29922 7.34154 7.37428 7.40617 7.42214 7.41447 7.42257 7.42364 7.37781 6.31904 3.6605 1.65912 -9999 -9999 -9999 -9999 -9999 -9999
-9999 -9999 8.93819 9.30929 9.4069 9.5779 9.92754 10.3312 10.9026 10.98 11.2982 11.3017 10.6701 9.94218 10.5902 10.852 11.1226 11.1367 11.0592 9.23967 8.28972 7.54163 6.18359 6.67496 7.14167 7.1777 6.89719 5.24755 3.60479 1.70566 -0.0623239 -0.143941 -1.09506 -0.58495 0.0904214 1.8159 3.0331 3.53211 3.8937 5.76708 6.26233 6.4409 6.92967 6.29128 6.14062 5.6644 5.82236 5.79217 5.80743 4.46545 5.83449 5.92663 6.82299 7.23246 7.33244 7.36616 7.40092 7.41319 7.42597 7.42927 7.44542 7.44091 7.43515 6.75 3.37425 1.68379 -9999 -9999 -9999 -9999 -9999 -9999
-9999 -9999 -9999 -9999 9.05711 9.34097 9.52397 9.84034 10.8054 11.0687 11.246 11.2666 10.9894 10.2676 10.0837 10.2246 9.52149 10.1216 10.9394 10.9232 10.8277 9.2283 8.41026 9.20452 8.96395 7.76031 6.81301 5.87809 3.95427 2.54146 0.514545 -1.00633 -1.06021 0.625688 2.02731 3.7732 4.54826 4.12006 4.60262 5.53871 6.60105 7.12103 7.01325 6.3399 6.25816 5.51723 6.2711 6.34742 6.01558 5.73024 5.8597 6.30951 6.48796 7.19112 7.36883 7.40813 7.422 7.43287 7.43748 7.44079 7.44092 7.44141 7.43965 7.41653 3.94633 1.24871 -9999 -9999 -9999 -9999 -9999 -9999
-9999 -9999 -9999 -9999 8.38942 8.56255 9.01715 10.1831 10.7947 11.0448 11.0415 11.1612 10.9677 10.3344 9.68431 9.07195 8.27937 8.74311 9.95839 10.6759 10.7602 9.35843 10.0902 9.81756 9.2788 7.70437 6.54396 5.92876 4.08157 2.49566 1.14762 -0.713664 0.0868674 0.969152 2.10224 4.00613 5.29406 5.82877 5.39688 5.99907 7.22002 7.23864 6.58936 6.6451 6.25649 5.23939 6.32518 6.64008 6.40968 6.4854 6.40568 6.58074 6.88913 7.18397 7.3829 7.4177 7.42925 7.43099 7.43812 7.44657 7.44082 7.44962 7.44784 7.43832 5.20141 1.19733 -9999 -9999 -9999 -9999 -9999 -9999
-9999 -9999 -9999 -9999 -9999 7.78249 8.81787 10.3648 10.7503 10.7193 11.0432 11.0766 10.7759 10.5163 9.72572 8.64288 6.55528 7.09544 8.21463 9.825 10.6723 10.5607 10.0924 9.27758 7.3043 5.57712 5.36731 5.08447 3.73635 2.51403 1.015 1.88691 2.84266 3.88897 4.44181 4.30609 5.41074 6.3138 5.94373 6.68012 7.5382 7.16618 6.95154 6.77379 6.32248 6.3077 6.36968 6.99199 6.58358 6.85531 6.87292 6.87052 7.02647 7.20356 7.3883 7.42617 7.43504 7.44578 7.43303 7.44771 7.44531 7.44325 7.44227 7.4353 7.24062 5.0878 3.80489 -9999 -9999 -9999 -9999 -9999
-9999 -9999 -9999 -9999 -9999 6.82877 7.34595 9.17764 9.74468 10.5569 10.9909 11.0164 10.5041 10.2219 9.04008 8.66204 6.73177 5.86052 6.61068 6.33022 8.54507 10.5044 10.0799 6.13097 4.70089 3.68072 3.94295 3.9455 3.57041 1.4924 0.922455 2.78207 3.95475 4.86507 5.55771 5.7074 5.69132 7.09906 7.29443 7.75948 7.67193 7.72597 7.03208 6.60779 7.00394 6.5769 6.515 7.15741 6.55074 7.12396 7.06886 6.91281 6.9156 7.29569 7.38051 7.42916 7.4402 7.43347 7.42236 7.41944 7.43914 7.44151 7.42924 7.43873 7.42731 7.17877 6.0692 5.6874 6.12988 -9999 -9999 -9999
-9999 -9999 -9999 -9999 -9999 -9999 5.64024 8.1851 9.3488 9.96304 10.8272 10.9364 10.666 10.173 8.96894 7.91109 6.18626 4.21489 3.17141 6.31254 9.04607 10.4737 10.2882 7.0015 5.70479 5.64525 6.40998 5.76546 5.27682 3.69684 3.22782 2.57579 2.98272 4.24988 5.28714 6.28851 7.01942 7.08707 7.56612 7.84571 7.87894 7.97515 7.90436 7.84924 7.18189 7.66596 7.27967 7.50483 7.38125 7.27068 7.17559 6.79772 7.08474 7.33955 7.41245 7.44166 7.43496 7.43921 7.43637 7.42092 7.4188 7.42523 7.43119 7.42721 7.43577 7.43232 7.31605 6.65218 5.76031 4.63108 -9999 -9999
-9999 -9999 -9999 -9999 -9999 -9999 4.37049 6.90315 8.12458 9.69791 10.51 10.8418 10.805 10.4067 9.49338 8.11513 6.96808 4.76641 2.47948 5.77579 8.71045 10.2961 10.3824 7.62082 8.38832 7.77027 8.02096 6.8883 6.41834 6.04243 5.23091 4.34388 3.37385 2.86407 5.18522 6.38071 7.34507 7.80474 8.0692 8.20676 8.14733 7.98601 6.9695 7.7659 7.73792 7.67267 7.59599 7.56544 7.49686 7.41356 7.36771 7.35948 7.11183 7.41719 7.42046 7.43284 7.44221 7.44222 7.43512 7.42982 7.42157 7.43034 7.4289 7.42735 7.42914 7.43428 7.43503 7.40714 7.23743 5.71783 4.81243 4.567
-9999 -9999 -9999 -9999 -9999 -9999 0.815599 4.49932 7.4603 9.00913 10.2689 10.62 10.7552 10.2182 9.81846 8.83231 7.89875 6.45438 4.2871 2.95443 5.42232 9.00895 10.3295 10.2283 10.1475 9.43323 8.78949 8.70933 8.7592 8.00488 6.91384 5.48722 5.04594 4.54925 6.27952 6.51974 6.40093 8.30574 8.31914 8.22119 7.50604 6.7022 6.86775 6.37874 6.77736 6.19019 6.75378 7.24257 7.43271 7.42989 7.37685 7.38276 7.36474 7.42664 7.43468 7.43488 7.43662 7.44098 7.44147 7.42696 7.42205 7.43778 7.43196 7.42919 7.42727 7.43462 7.4395 7.42114 7.40526 7.17913 6.83456 6.17188
-9999 -9999 -9999 -9999 -9999 -9999 0.974435 4.07287 6.7022 8.27809 9.79728 10.1541 10.6711 10.5672 10.1479 9.29129 8.21935 7.03158 5.17296 3.79258 5.44587 7.82665 9.53332 10.1462 10.1387 10.0997 9.93956 9.87596 9.68897 9.55078 8.76883 7.42288 6.66367 5.55153 7.47931 7.70119 7.40751 8.37488 8.33546 6.89397 5.78846 5.66007 6.34855 5.71254 5.61175 5.22246 5.68982 6.92226 6.58059 6.66235 7.22531 7.32725 7.39752 7.4226 7.42763 7.43345 7.43219 7.44153 7.45068 7.43673 7.43448 7.43743 7.42448 7.43041 7.4245 7.42271 7.42201 7.41624 7.4025 7.34449 7.28002 7.36808
-9999 -9999 -9999 -9999 -9999 -9999 1.04306 3.12266 5.48941 7.8091 9.43113 10.0888 10.5695 10.5706 10.0818 9.65908 8.98929 7.94485 7.23003 5.98431 4.27214 7.15504 8.0389 8.82935 9.16625 9.98947 9.97106 9.59625 9.15039 9.55835 9.44321 8.37797 8.03056 7.44186 8.51649 8.52513 8.50237 8.45272 7.23535 5.54062 4.18845 5.17868 4.98449 5.44177 4.06069 5.22222 6.15684 6.46781 5.85366 5.39923 6.84748 7.09878 7.25035 7.35053 7.41915 7.41333 7.43636 7.43603 7.43984 7.44318 7.43886 7.4395 7.43523 7.43084 7.42888 7.42871 7.4213 7.41005 7.41771 7.39087 7.38561 7.38442
-9999 -9999 -9999 -9999 -9999 -9999 -9999 1.89938 4.89332 7.57215 9.06582 10.0073 10.4688 10.4662 10.219 9.93356 9.52031 8.76826 7.82179 6.32254 5.21048 5.92386 6.78971 6.88972 7.46781 9.1387 9.7108 8.90491 6.90205 8.08469 9.40256 9.38467 9.2765 9.15565 8.99791 8.85931 8.54945 7.70866 5.11796 4.61791 3.60801 3.73392 3.22133 4.37033 3.95574 5.14041 5.66013 5.86319 4.78905 5.0274 6.3164 6.83129 6.75736 7.07658 7.38172 7.40025 7.41731 7.41808 7.43277 7.44342 7.44682 7.44169 7.44045 7.44195 7.42869 7.44009 7.35254 7.29888 7.18072 7.34735 7.37139 7.39589
-9999 -9999 -9999 -9999 -9999 -9999 -9999 1.297 4.29076 7.44509 8.46111 9.4757 10.3524 10.3749 9.99373 9.63163 9.25848 8.83273 7.68335 6.56864 5.50427 5.14979 5.36916 5.35172 6.28561 8.46214 8.88557 8.70849 6.61831 5.91538 7.67539 9.1555 9.27608 9.14713 7.4154 7.79166 6.86139 5.59794 5.25638 4.70888 3.54257 4.11819 3.2671 3.64655 3.55564 4.23259 4.56818 5.37126 4.43619 4.44899 5.71504 6.35664 6.38235 7.05462 7.30024 7.37126 7.39577 7.41575 7.42733 7.4465 7.4492 7.44835 7.44448 7.422 7.35587 7.13528 5.88754 5.89844 6.25276 6.58852 7.1958 7.37614
-9999 -9999 -9999 -9999 -9999 -9999 -9999 1.64114 3.72009 6.51966 8.59486 8.72999 9.74187 10.267 9.85186 9.38386 8.9049 8.69866 7.44713 6.07158 4.96086 3.64487 3.86645 4.81822 6.36779 7.77504 8.02905 7.74168 6.61993 7.15176 8.35356 8.99389 9.18613 9.04364 8.671 8.45869 7.77546 7.48385 6.53341 5.04327 4.46196 4.84518 3.26377 3.38481 3.98316 3.36568 4.40651 4.91002 3.69909 4.68207 5.79932 6.37535 6.88 7.12384 7.22663 7.37903 7.39191 7.41295 7.42844 7.43528 7.44417 7.42997 7.41983 7.29549 7.10782 5.94518 5.46883 5.57395 6.12502 6.60866 7.12386 7.33575
-9999 -9999 -9999 -9999 -9999 -9999 -9999 1.99296 3.86544 6.29366 7.77473 8.04393 9.16552 10.1636 10.0583 9.57098 9.42647 8.92114 7.86043 6.68803 5.40582 4.78463 3.35032 4.77036 5.88955 7.08201 7.64156 6.71891 6.26139 7.08233 7.89876 8.22775 9.053 9.05065 8.78924 7.64314 7.08808 7.33308 7.09954 6.68506 5.66217 5.62527 4.9719 4.70693 4.45733 3.62177 4.16913 4.23302 4.39367 5.56602 6.15232 6.54431 6.90156 7.00243 7.16296 7.36829 7.39475 7.41088 7.41902 7.43169 7.42627 7.37955 7.34163 7.0823 6.61621 5.73858 4.31342 5.33603 6.40489 6.73575 7.05773 7.22647
-9999 -9999 -9999 -9999 -9999 -9999 -9999 1.67283 3.66196 5.73814 6.60919 6.76142 8.78706 10.0296 10.0372 9.80909 9.54168 8.28525 8.36457 8.11724 6.96102 5.27437 3.42124 3.59936 4.7088 6.27836 6.80148 5.27875 4.74614 5.14532 6.3779 7.48203 8.63504 8.93221 8.60152 6.81394 4.91432 5.806 6.75866 6.76161 6.49292 5.545 5.25024 4.98446 4.2958 3.12498 3.3031 3.64169 4.97645 5.40473 6.06066 6.60697 6.41458 6.54251 7.06508 7.36883 7.38918 7.40359 7.42237 7.42467 7.41615 7.31422 7.20578 7.01763 5.7877 5.02643 3.91461 5.23116 5.96275 6.36758 7.06433 7.2372
-9999 -9999 -9999 -9999 -9999 -9999 -9999 1.05667 2.50169 4.48656 5.28967 6.56772 8.48233 9.42684 9.88249 9.87809 9.70163 9.14193 8.80738 8.1429 6.93985 5.29285 3.46129 2.27014 2.88135 4.99269 5.49702 4.09171 3.38361 4.27539 5.58883 7.53165 8.6442 8.79945 8.70546 8.34204 6.95701 5.28255 5.29598 6.14756 5.45016 4.6385 5.09852 5.02407 4.34398 3.8519 3.55195 3.7581 4.51936 4.84096 5.59702 6.70798 6.87548 6.85388 7.32695 7.35953 7.37965 7.40634 7.41492 7.41977 7.41496 7.33358 7.14 6.32443 5.61446 4.62316 4.5088 5.68231 6.20546 6.69255 7.03904 7.15798
-9999 -9999 -9999 -9999 -9999 -9999 -9999 -0.00282391 1.69665 3.55654 5.29846 6.94686 8.3664 8.48125 9.23256 9.23712 9.63326 9.52658 9.00788 8.44894 7.41297 5.2959 3.51615 1.57456 2.09109 4.24868 4.52163 3.58721 1.85743 3.65263 5.63217 7.427 8.40129 7.64758 8.43218 8.3748 7.86016 6.86629 5.31725 5.35465 4.19632 4.15406 4.76191 4.96529 4.87455 4.50735 3.91716 4.03056 4.49573 4.62223 5.31778 6.18179 7.02658 7.17653 7.34532 7.36159 7.37351 7.39578 7.40665 7.39842 7.36487 7.2794 6.5972 5.78418 5.28698 4.59921 4.52409 5.87286 6.42555 6.73718 7.03791 7.16213
-9999 -9999 -9999 -9999 -9999 -9999 -9999 -9999 1.52147 3.44295 4.86628 5.25372 6.51624 7.20056 7.73134 7.85325 9.35717 9.44496 9.11789 8.60476 7.72176 6.11623 4.9986 3.1363 1.79858 2.35171 2.6004 3.09745 2.95643 3.75956 5.66199 7.6441 7.86522 6.61511 6.80726 7.07657 7.67239 7.38085 5.26735 4.19757 3.31119 3.95498 4.63202 4.80255 4.84386 4.72395 4.59054 4.33749 5.24164 5.9132 6.07649 6.66311 7.09868 7.22589 7.32399 7.34435 7.36483 7.37431 7.35877 7.35004 7.25243 7.02223 6.25809 4.40737 4.50365 4.31195 3.74287 5.06645 5.91004 6.65814 7.06002 7.17065
-9999 -9999 -9999 -9999 -9999 -9999 -9999 -9999 0.882154 3.10469 3.57877 3.54984 2.82177 3.16544 5.892 6.44544 7.88797 9.25394 9.1589 8.65547 7.82947 6.8748 5.39426 3.29918 1.63501 0.928101 2.7253 4.48584 4.85392 5.421 6.58852 6.81454 5.5364 4.3385 5.02042 5.43397 6.99177 7.282 6.98799 5.71779 4.26463 3.51015 4.41898 4.54796 4.61077 4.63036 4.61642 4.58834 5.60244 6.17018 6.56696 6.78739 7.16273 7.26589 7.30534 7.34295 7.34571 7.33617 7.28769 7.2313 6.95141 6.61067 5.35311 4.3063 3.65715 2.83068 4.72461 5.29904 6.08845 6.60244 7.00242 7.09745
