Test_Spring_2018/03_18/Temp/20180302_020.txt
ncols	170
nrows	115
xllcorner	350000.000000
yllcorner	4445000.000000
cellsize	1000.000000
nodata_value	-9999.000000
[rows 32 to 63 of 115, columns 72 to 143 of 170]
11.7615 11.3913 11.928 12.4209 12.0842 11.8569 12.6729 12.658 12.3589 11.6763 11.4169 11.1485 10.9787 10.1078 7.68945 5.50798 6.65534 6.66874 5.8513 7.27686 6.50126 4.50159 1.68464 3.19173 2.77951 0.763718 0.256385 -9999 -9999 -9999 -9999 -9999 -9999 -9999 -9999 -9999 -9999 -9999 -9999 -9999 -9999 -9999 -9999 -9999 -9999 -9999 -9999 -9999 -9999 -9999 -9999 -9999 -9999 -9999 -9999 -9999 -9999 -9999 -9999 -9999 -9999 -9999 -9999 -9999 -9999 -9999 -9999 -9999 -9999 -9999 -9999 -9999
11.2862 11.1193 11.9238 11.8926 11.8178 12.0868 12.5873 12.6757 12.5502 12.2444 11.9778 11.6954 11.0005 10.0062 7.93451 5.45333 4.87967 6.07291 6.11643 6.29585 5.58762 4.70156 3.32369 4.42369 4.84105 3.51318 1.77889 0.658252 -9999 -9999 -9999 -9999 -9999 -9999 -9999 -9999 -9999 -9999 -9999 -9999 -9999 -9999 -9999 -9999 -9999 -9999 -9999 -9999 -9999 -9999 -9999 -9999 -9999 -9999 -9999 -9999 -9999 -9999 -9999 -9999 -9999 -9999 -9999 -9999 -9999 -9999 -9999 -9999 -9999 -9999 -9999 -9999
10.7192 9.91146 10.3907 10.747 11.4013 11.5592 11.6472 12.6088 12.5426 12.483 12.0519 11.7044 11.138 10.1806 8.82331 7.19192 4.36167 6.08383 7.42905 7.37951 7.29006 6.66466 5.3402 6.41947 6.45485 4.76259 2.83489 1.70246 1.22505 -9999 -9999 -9999 -9999 -9999 -9999 -9999 -9999 -9999 -9999 -9999 -9999 -9999 -9999 -9999 -9999 -9999 -9999 -9999 -9999 -9999 -9999 -9999 -9999 -9999 -9999 -9999 -9999 -9999 -9999 -9999 -9999 -9999 -9999 -9999 -9999 -9999 -9999 -9999 -9999 -9999 -9999 -9999
10.0745 9.09084 9.57303 10.2211 11.1323 11.5911 11.9407 12.218 12.5013 12.4518 12.011 10.7368 10.5429 10.4745 9.58193 7.72404 5.86842 5.37704 7.43671 8.01555 7.87944 8.32718 7.20267 7.71066 7.47958 6.8699 5.017 3.32777 2.62343 1.24707 -9999 -9999 -9999 -9999 -9999 -9999 -9999 -9999 -9999 -9999 -9999 -9999 -9999 -9999 -9999 -9999 -9999 -9999 -9999 -9999 -9999 -9999 -9999 -9999 -9999 -9999 -9999 -9999 -9999 -9999 -9999 -9999 -9999 -9999 -9999 -9999 -9999 -9999 -9999 -9999 -9999 -9999
-9999 -9999 8.4685 9.34685 10.0773 10.9679 11.7373 12.118 12.4875 12.4423 11.5754 11.1443 11.094 10.5045 9.47641 8.82586 7.65231 6.42996 6.87672 8.63061 7.82846 9.06599 8.94393 9.15791 8.30361 6.69163 4.54993 3.28801 2.65602 1.53758 -9999 -9999 -9999 -9999 -9999 -9999 -9999 -9999 -9999 -9999 -9999 -9999 -9999 -9999 -9999 -9999 -9999 -9999 -9999 -9999 -9999 -9999 -9999 -9999 -9999 -9999 -9999 -9999 -9999 -9999 -9999 -9999 -9999 -9999 -9999 -9999 -9999 -9999 -9999 -9999 -9999 -9999
-9999 -9999 -9999 9.18302 9.73566 10.9425 11.5468 11.7886 12.3935 12.3807 12.0437 11.786 11.4183 10.9423 10.1662 9.31133 8.20679 8.0915 9.20829 9.20716 8.95526 9.12512 9.69015 9.52022 8.20364 5.94491 4.74531 2.31147 1.26598 1.35563 0.610604 -9999 -9999 -9999 -9999 -9999 -9999 -9999 -9999 -9999 -9999 -9999 -9999 3.23786 -9999 -9999 -9999 -9999 -9999 -9999 -9999 -9999 -9999 -9999 -9999 -9999 -9999 -9999 -9999 -9999 -9999 -9999 -9999 -9999 -1.41036 -9999 -9999 -9999 -9999 -9999 -9999 -9999
-9999 -9999 9.09834 9.83496 10.4138 11.1645 11.2163 11.6537 12.3514 12.3476 12.1047 11.8321 11.2364 11.0786 10.6312 9.70429 9.50349 9.85928 10.015 10.1931 10.2964 10.1837 9.93164 9.61032 8.74931 7.69392 6.97988 4.76205 3.62725 2.54879 0.925251 -0.347746 -9999 -9999 -9999 -9999 -9999 -9999 -9999 2.44466 2.37341 2.39058 2.73195 3.69431 3.11096 -9999 -9999 -9999 -9999 -9999 -9999 -9999 -9999 -9999 -9999 -9999 -9999 -9999 -9999 -9999 -9999 -9999 -9999 -9999 -0.52835 -1.8072 -9999 -9999 -9999 -9999 -9999 -9999
-9999 -9999 9.29588 10.0831 10.4686 11.1972 11.6077 11.8612 12.0937 12.3155 12.2622 11.9621 11.5129 11.5024 10.8884 10.5509 10.3058 10.7922 10.8764 10.6603 10.3926 10.1534 9.50649 9.41622 9.18593 8.50919 7.40978 6.27754 4.63891 2.43964 0.283052 -1.45895 -9999 -9999 -9999 -9999 -9999 -9999 2.63692 3.4343 3.90761 2.86631 3.73539 4.52883 4.38934 3.59301 -9999 -9999 -9999 -9999 -9999 -9999 -9999 -9999 -9999 -9999 -9999 -9999 -9999 -9999 5.52807 4.21748 1.58255 0.225704 -0.59347 -1.7576 -9999 -9999 -9999 -9999 -9999 -9999
-9999 -9999 9.13797 10.0702 10.6969 11.2515 11.3276 11.8948 12.1279 12.2406 12.2121 12.142 12.0486 11.5114 11.2728 10.467 11.2116 11.1688 10.9622 10.1872 9.84192 8.52099 7.92978 7.77689 8.85546 8.0263 6.31516 4.18083 1.61313 1.42654 0.569094 -0.989775 -9999 -9999 -9999 -9999 -9999 -9999 2.88608 3.74001 4.45114 4.5455 3.51077 4.92949 4.85893 4.04833 3.85601 4.50087 4.82247 4.55885 5.32878 5.54778 5.18422 5.56131 -9999 -9999 -9999 -9999 5.73584 5.77619 5.80338 5.24985 2.37225 0.402734 -1.36726 -1.54256 -9999 -9999 -9999 -9999 -9999 -9999
-9999 -9999 9.79541 10.3631 10.6425 10.6748 11.171 11.6646 11.9581 12.175 12.1154 12.0837 12.051 11.859 11.4295 11.4916 11.4445 11.1875 9.72691 8.02384 8.74372 7.72246 5.5566 7.27861 8.2172 7.27946 5.20916 2.81173 2.00763 2.01893 0.832357 -0.687495 -9999 -9999 -9999 0.555932 1.78252 1.87888 2.23309 3.37616 4.24337 4.89282 5.33287 5.3047 4.81859 4.02564 3.16466 3.45708 4.97605 5.33844 5.63495 5.86251 5.52448 5.68799 6.08638 6.2869 6.31865 6.21097 6.17716 6.19844 6.13719 5.61981 3.04206 1.56233 0.613446 -1.28359 -9999 -9999 -9999 -9999 -9999 -9999
-9999 -9999 9.42975 9.92115 10.3162 10.9824 11.0392 11.456 11.6957 12.0574 12.0871 11.6284 11.9843 11.9243 11.843 11.6841 11.4569 10.2224 8.52542 6.82348 6.02874 6.34159 5.03329 5.67479 6.62581 6.24817 4.96999 2.83169 2.51396 1.9968 0.00929255 -1.901 -9999 -9999 -1.83649 0.527385 2.18888 3.04083 3.29753 3.31287 4.40858 4.4854 5.66592 5.37418 3.78909 3.95576 3.33078 3.71719 4.27077 4.41416 5.20632 5.97005 6.1066 6.09982 6.34979 6.39262 6.39537 6.37718 6.18884 6.25743 6.2573 5.92984 4.06019 3.14172 2.13179 -1.25242 -9999 -9999 -9999 -9999 -9999 -9999
-9999 -9999 9.69006 10.241 10.8461 10.9308 11.3755 11.3126 11.1652 11.7929 12.01 11.6827 11.4438 11.8492 11.8081 11.7402 11.636 10.4753 9.1334 7.10838 5.84341 5.06072 4.49999 3.75284 4.23148 4.05916 3.83483 4.04975 3.44329 2.25602 1.08631 -1.08829 -2.27 -9999 -1.71105 -0.651242 1.3272 3.00754 4.07079 3.6747 4.9224 5.146 5.85911 5.42341 4.45709 4.03876 3.9921 3.85638 4.69306 5.25106 5.63885 5.89766 6.22022 6.29525 6.37043 6.39552 6.40396 6.41223 6.39606 6.37712 6.32693 6.19573 5.32892 4.4128 2.44667 -1.13852 -9999 -9999 -9999 -9999 -9999 -9999
-9999 8.06078 9.62626 10.561 10.9128 11.1624 11.3808 11.5351 11.6967 11.8484 11.9497 11.8848 11.0393 11.0955 11.2334 11.6942 11.6478 11.5307 10.7906 8.32991 7.46702 6.21261 4.59448 3.90415 4.21813 5.50874 5.42961 4.54083 3.55287 2.18989 1.31605 -0.0232581 -2.57862 -2.36535 -1.2361 -0.398269 0.942673 2.99933 4.43848 5.07548 5.31029 5.80816 6.06351 5.47246 4.90691 4.66359 4.22098 4.15004 4.14331 4.64485 5.03016 5.90775 6.19667 6.32138 6.38095 6.40797 6.42436 6.43985 6.43734 6.40801 6.39623 6.37626 6.30103 5.08471 2.06165 -0.221591 -9999 -9999 -9999 -9999 -9999 -9999
-9999 -9999 9.33373 9.73512 9.82773 10.0028 10.3791 10.8159 11.4403 11.5088 11.8486 11.8336 11.1015 10.2604 10.9714 11.2465 11.5316 11.5273 11.4196 9.34674 8.25475 7.3903 5.83765 6.36855 6.87349 6.89246 6.55424 4.67156 2.7966 0.633143 -1.38316 -1.49709 -2.59163 -2.03899 -1.29781 0.628072 1.9807 2.52321 2.91056 5.0029 5.53878 5.71879 6.24787 5.50511 5.30986 4.74914 4.9036 4.84574 4.83917 3.30175 4.82087 4.90186 5.8904 6.32888 6.41919 6.43657 6.45534 6.44882 6.44285 6.42604 6.42348 6.39593 6.36626 5.5711 1.74076 -0.191756 -9999 -9999 -9999 -9999 -9999 -9999
-9999 -9999 -9999 -9999 9.43317 9.73568 9.92407 10.2626 11.3311 11.6094 11.7904 11.7943 11.462 10.6283 10.4007 10.5396 9.72625 10.383 11.285 11.2464 11.1181 9.29332 8.34779 9.2223 8.92937 7.54995 6.45954 5.383 3.19096 1.57596 -0.732447 -2.46985 -2.55225 -0.671872 0.887503 2.83649 3.6905 3.18722 3.71112 4.7456 5.92257 6.48731 6.34349 5.56128 5.44376 4.58437 5.41089 5.47304 5.07479 4.72908 4.84988 5.33417 5.51278 6.28374 6.4625 6.48462 6.47989 6.47189 6.45682 6.44014 6.41814 6.3971 6.37311 6.32471 2.3878 -0.680761 -9999 -9999 -9999 -9999 -9999 -9999
-9999 -9999 -9999 -9999 8.68021 8.85787 9.35268 10.6495 11.3196 11.5831 11.5604 11.6762 11.4384 10.7042 9.95103 9.24015 8.32591 8.8287 10.1792 10.9681 11.0425 9.44063 10.2433 9.91429 9.28495 7.48724 6.15642 5.4405 3.33486 1.52457 -0.0180876 -2.13947 -1.25809 -0.284156 0.97305 3.0999 4.53247 5.11544 4.60756 5.26595 6.62187 6.62113 5.86654 5.90673 5.4431 4.27215 5.473 5.80419 5.52026 5.5817 5.46648 5.64073 5.9658 6.27607 6.47871 6.49673 6.48877 6.47052 6.45837 6.44695 6.41935 6.40775 6.3838 6.35077 3.80501 -0.737194 -9999 -9999 -9999 -9999 -9999 -9999
-9999 -9999 -9999 -9999 -9999 7.97829 9.12825 10.8549 11.27 11.2164 11.5629 11.5813 11.2227 10.9102 9.99845 8.7569 6.38189 6.97085 8.21288 10.0088 10.944 10.7973 10.2462 9.30568 7.05821 5.0882 4.82965 4.48863 2.94595 1.54579 -0.16716 0.794481 1.85097 3.00994 3.61265 3.43903 4.66481 5.66318 5.22523 6.03503 6.98168 6.54035 6.27608 6.05295 5.51863 5.47829 5.52432 6.20225 5.71748 5.99997 5.99449 5.96848 6.12151 6.29889 6.48544 6.50688 6.49613 6.48793 6.45323 6.44915 6.42542 6.40164 6.37866 6.34857 6.10645 3.65247 2.18218 -9999 -9999 -9999 -9999 -9999
-9999 -9999 -9999 -9999 -9999 6.9029 7.46831 9.51616 10.1359 11.0336 11.5043 11.5139 10.9166 10.5787 9.22562 8.77908 6.58147 5.57851 6.40425 6.06735 8.54502 10.7343 10.2327 5.75683 4.1221 2.94961 3.22354 3.20449 2.75943 0.394127 -0.270775 1.80503 3.10624 4.11184 4.87225 5.02045 4.98209 6.54987 6.74945 7.2532 7.13326 7.17257 6.36779 5.86665 6.2883 5.78302 5.68938 6.39003 5.68168 6.30426 6.21676 6.01741 5.99764 6.40392 6.47771 6.51125 6.50267 6.47483 6.44215 6.41792 6.41916 6.40045 6.36483 6.35339 6.31806 6.01211 4.7374 4.28368 4.75989 -9999 -9999 -9999
-9999 -9999 -9999 -9999 -9999 -9999 5.54465 8.39691 9.68962 10.3639 11.3198 11.4239 11.0995 10.5237 9.14573 7.9324 5.96652 3.72239 2.5253 6.04789 9.11061 10.7001 10.4679 6.73922 5.25498 5.16613 6.00695 5.25809 4.68503 2.88161 2.33063 1.5734 2.01091 3.41821 4.56777 5.67688 6.48107 6.53719 7.05736 7.35102 7.36735 7.4543 7.35245 7.26784 6.48994 7.01252 6.55311 6.78324 6.61992 6.47128 6.33871 5.88918 6.19 6.45496 6.51525 6.52589 6.49777 6.48225 6.45884 6.42122 6.39672 6.38266 6.36769 6.34116 6.32848 6.29899 6.1448 5.37297 4.34411 3.04774 -9999 -9999
-9999 -9999 -9999 -9999 -9999 -9999 4.11275 6.95116 8.30883 10.065 10.9617 11.3172 11.2564 10.7875 9.73743 8.16271 6.84859 4.3447 1.74451 5.44267 8.73245 10.5003 10.5767 7.43824 8.28247 7.56372 7.82482 6.52545 5.97357 5.52848 4.59126 3.56904 2.45199 1.85638 4.45393 5.78195 6.84941 7.34766 7.62572 7.76052 7.67275 7.46714 6.29864 7.17466 7.11803 7.02117 6.91118 6.85306 6.75195 6.63424 6.55728 6.52477 6.22254 6.54332 6.52436 6.51732 6.50721 6.4868 6.4585 6.43224 6.40257 6.39042 6.36564 6.34196 6.32176 6.30197 6.2799 6.22554 6.01133 4.27466 3.23108 2.93006
-9999 -9999 -9999 -9999 -9999 -9999 0.103231 4.23991 7.55868 9.28726 10.69 11.0669 11.2002 10.5747 10.1041 8.97167 7.8984 6.24878 3.78359 2.2597 5.02359 9.04844 10.5174 10.3799 10.2674 9.44016 8.69247 8.58043 8.61505 7.74329 6.48853 4.85811 4.33968 3.75854 5.68956 5.94 5.78558 7.91385 7.90863 7.77772 6.95043 6.02257 6.18802 5.61084 6.03546 5.3501 5.96255 6.49046 6.68139 6.65467 6.56971 6.55139 6.50853 6.55459 6.54216 6.52128 6.50244 6.48681 6.46694 6.43019 6.40419 6.40129 6.37173 6.34713 6.32036 6.30303 6.28576 6.24227 6.20166 5.92407 5.51312 4.74128
-9999 -9999 -9999 -9999 -9999 -9999 0.281601 3.75596 6.70346 8.46312 10.1579 10.5412 11.105 10.9682 10.4755 9.48926 8.25994 6.89982 4.78285 3.20521 5.04939 7.7152 9.61943 10.2872 10.258 10.1926 9.99055 9.89421 9.66196 9.48556 8.58224 7.0433 6.16588 4.89052 7.0443 7.274 6.92226 7.99303 7.92816 6.28168 5.01403 4.8483 5.60335 4.86432 4.7257 4.25976 4.7639 6.13089 5.72009 5.78903 6.39904 6.49126 6.54573 6.55212 6.53624 6.52159 6.49925 6.48908 6.47885 6.4426 6.41948 6.40209 6.36651 6.34926 6.32086 6.29313 6.26684 6.23767 6.19956 6.11168 6.01838 6.09295
-9999 -9999 -9999 -9999 -9999 -9999 0.355912 2.68416 5.33532 7.93399 9.74466 10.4673 10.9902 10.9718 10.4007 9.90392 9.12828 7.92988 7.10317 5.67751 3.72559 6.95675 7.93421 8.80219 9.15762 10.0649 10.0228 9.57874 9.05654 9.49541 9.3448 8.12212 7.70925 7.02433 8.21575 8.20487 8.15866 8.08217 6.68852 4.75633 3.21039 4.30645 4.06623 4.56012 2.97732 4.2633 5.29467 5.62238 4.90232 4.3667 5.97544 6.23326 6.38204 6.47315 6.52895 6.50108 6.50601 6.4848 6.46838 6.45149 6.4259 6.40578 6.37993 6.35368 6.32669 6.30064 6.26983 6.23701 6.22294 6.16697 6.13862 6.11235
-9999 -9999 -9999 -9999 -9999 -9999 -9999 1.30077 4.66062 7.66364 9.32964 10.3726 10.874 10.8515 10.5529 10.2111 9.72483 8.85623 7.76818 6.05646 4.78139 5.56531 6.52247 6.61153 7.24245 9.10602 9.73018 8.8 6.52073 7.83408 9.29952 9.25833 9.11539 8.95825 8.76041 8.58343 8.21332 7.24437 4.30156 3.71594 2.55596 2.67698 2.07755 3.35155 2.85871 4.17262 4.73625 4.9425 3.70797 3.95187 5.37901 5.93721 5.83145 6.16939 6.48922 6.48873 6.48682 6.46671 6.46242 6.4536 6.43658 6.41235 6.38994 6.37038 6.33031 6.31686 6.19567 6.11257 5.95666 6.12199 6.12657 6.11942
-9999 -9999 -9999 -9999 -9999 -9999 -9999 0.622633 3.98087 7.5201 8.64721 9.77253 10.7421 10.748 10.2984 9.87005 9.42908 8.92864 7.61181 6.33398 5.11285 4.69239 4.91917 4.87722 5.90965 8.34372 8.80033 8.57958 6.20254 5.3886 7.35285 9.00146 9.11659 8.95034 6.97624 7.37998 6.31003 4.86426 4.45834 3.82005 2.48364 3.11193 2.13073 2.53733 2.409 3.15042 3.50659 4.38991 3.31252 3.30227 4.70327 5.40455 5.41131 6.14757 6.4028 6.46134 6.46763 6.46901 6.46106 6.46173 6.44383 6.42184 6.39629 6.34954 6.25332 5.97863 4.54417 4.53393 4.911 5.26716 5.92639 6.09713
-9999 -9999 -9999 -9999 -9999 -9999 -9999 1.01096 3.33716 6.4761 8.79784 8.93105 10.0531 10.6258 10.1379 9.59019 9.02995 8.77718 7.34524 5.77331 4.50003 2.99515 3.22458 4.27761 6.0031 7.56959 7.83525 7.49023 6.20577 6.78474 8.11945 8.82087 9.0169 8.83541 8.39436 8.1342 7.34288 6.9933 5.90054 4.19895 3.5224 3.93369 2.12874 2.24395 2.89733 2.17455 3.32642 3.87208 2.48379 3.56315 4.80103 5.42852 5.97562 6.22871 6.32287 6.47316 6.46627 6.46873 6.46503 6.45163 6.44051 6.40327 6.37047 6.20866 5.97522 4.64181 4.07295 4.169 4.76801 5.29098 5.83483 6.05151
-9999 -9999 -9999 -9999 -9999 -9999 -9999 1.40799 3.50117 6.22113 7.8726 8.15699 9.4027 10.509 10.3705 9.80102 9.61807 9.02803 7.81142 6.46876 5.00217 4.28115 2.64291 4.22429 5.46448 6.78885 7.39929 6.33969 5.8028 6.70801 7.60814 7.95846 8.8686 8.84524 8.52969 7.21624 6.56948 6.82518 6.54106 6.05277 4.87814 4.81555 4.05747 3.73733 3.43436 2.46561 3.06105 3.11104 3.26479 4.56286 5.20201 5.62207 6.00303 6.09492 6.25426 6.46425 6.47262 6.46943 6.45731 6.45029 6.42285 6.34874 6.28442 5.97017 5.42253 4.41048 2.77088 3.90178 5.08483 5.42382 5.76032 5.92815
-9999 -9999 -9999 -9999 -9999 -9999 -9999 1.04713 3.27179 5.59456 6.55786 6.71024 8.97568 10.3576 10.3466 10.0695 9.74797 8.31077 8.38019 8.08109 6.75673 4.83402 2.72348 2.90414 4.13216 5.8834 6.45289 4.71659 4.09514 4.52474 5.89441 7.11918 8.39911 8.71366 8.32002 6.28302 4.11965 5.10478 6.15867 6.14124 5.81732 4.72713 4.37359 4.05261 3.25449 1.90834 2.08671 2.44676 3.92263 4.38367 5.10153 5.6958 5.4569 5.57942 6.14717 6.46819 6.46962 6.46441 6.46416 6.44529 6.41417 6.27758 6.13351 5.89937 4.48994 3.60899 2.32713 3.78472 4.58724 5.00481 5.76788 5.94015
-9999 -9999 -9999 -9999 -9999 -9999 -9999 0.352404 1.96324 4.18294 5.06954 6.49178 8.63194 9.67776 10.1721 10.1473 9.92845 9.27721 8.87988 8.11034 6.73327 4.85539 2.7693 1.40558 2.07488 4.43431 4.98324 3.37906 2.55981 3.54518 5.00618 7.17711 8.41149 8.56605 8.43946 8.00895 6.42604 4.51663 4.51108 5.45088 4.64339 3.70692 4.20479 4.09966 3.3113 2.7349 2.37009 2.57493 3.40975 3.75061 4.58156 5.81289 5.98007 5.93401 6.44599 6.46116 6.4623 6.47087 6.459 6.44286 6.41574 6.30214 6.06182 5.11975 4.29662 3.156 3.0044 4.29491 4.84966 5.37172 5.73949 5.85071
-9999 -9999 -9999 -9999 -9999 -9999 -9999 -0.842339 1.05545 3.13412 5.07964 6.91959 8.5013 8.61126 9.43906 9.42447 9.85151 9.71133 9.10634 8.45594 7.26742 4.85942 2.8319 0.621812 1.18445 3.59483 3.88587 2.81148 0.839932 2.8445 5.05698 7.0611 8.13965 7.269 8.13353 8.04827 7.4472 6.3055 4.53752 4.55895 3.23152 3.16293 3.82757 4.03587 3.91234 3.47689 2.78546 2.88484 3.38591 3.50684 4.26969 5.22261 6.15388 6.30144 6.47027 6.46707 6.45896 6.46249 6.4531 6.42207 6.36236 6.24394 5.45224 4.51282 3.92944 3.13096 3.02339 4.51627 5.09857 5.4225 5.7384 5.85532
-9999 -9999 -9999 -9999 -9999 -9999 -9999 -9999 0.858214 3.00631 4.59244 5.01002 6.41459 7.1669 7.74594 7.86374 9.54037 9.61959 9.23082 8.63217 7.61629 5.78539 4.50484 2.38432 0.855509 1.45677 1.72014 2.26058 2.08127 2.96695 5.09259 7.30811 7.53721 6.10675 6.30309 6.5864 7.23794 6.8885 4.48382 3.25636 2.2357 2.94095 3.68363 3.85491 3.88036 3.7239 3.54172 3.23202 4.23021 4.96609 5.12869 5.76886 6.23867 6.36069 6.44989 6.45137 6.45293 6.44199 6.40274 6.37101 6.23886 5.95697 5.07261 2.96241 3.04821 2.80898 2.14395 3.60026 4.51375 5.33388 5.76358 5.86488
-9999 -9999 -9999 -9999 -9999 -9999 -9999 -9999 0.137508 2.62517 3.14053 3.08844 2.24764 2.61569 5.67155 6.2761 7.88351 9.40454 9.27755 8.6899 7.73839 6.64175 4.95195 2.56896 0.672056 -0.143064 1.86087 3.82824 4.22335 4.84292 6.13976 6.37457 4.91267 3.54122 4.29011 4.7362 6.4729 6.7797 6.4274 4.97386 3.31385 2.44186 3.44598 3.57038 3.62011 3.62106 3.57734 3.51878 4.64018 5.25906 5.68518 5.91243 6.31446 6.40949 6.43265 6.45367 6.43528 6.40289 6.32641 6.24081 5.90289 5.49609 4.0549 2.85119 2.09583 1.14026 3.25311 3.86379 4.72201 5.27166 5.69888 5.78229
