Test_Spring_2018/03_18/Temp/20180329_013.txt
ncols	170
nrows	115
xllcorner	350000.000000
yllcorner	4445000.000000
cellsize	1000.000000
nodata_value	-9999.000000
[rows 32 to 63 of 115, columns 72 to 143 of 170]
15.4019 15.259 15.5112 15.7441 15.6005 15.5123 15.8775 15.8893 15.7774 15.4986 15.4047 15.3072 15.253 14.8934 13.8593 12.9287 13.4496 13.4762 13.1405 13.7828 13.4652 12.6139 11.4061 12.0836 11.9241 11.0559 10.8527 -9999 -9999 -9999 -9999 -9999 -9999 -9999 -9999 -9999 -9999 -9999 -9999 -9999 -9999 -9999 -9999 -9999 -9999 -9999 -9999 -9999 -9999 -9999 -9999 -9999 -9999 -9999 -9999 -9999 -9999 -9999 -9999 -9999 -9999 -9999 -9999 -9999 -9999 -9999 -9999 -9999 -9999 -9999 -9999 -9999
15.1926 15.1384 15.5076 15.512 15.4901 15.6108 15.8386 15.8955 15.8594 15.7449 15.6479 15.5443 15.2611 14.8477 13.9647 12.9033 12.6738 13.2148 13.2546 13.3535 13.0654 12.6997 12.1194 12.6195 12.8218 12.2607 11.5154 11.0381 -9999 -9999 -9999 -9999 -9999 -9999 -9999 -9999 -9999 -9999 -9999 -9999 -9999 -9999 -9999 -9999 -9999 -9999 -9999 -9999 -9999 -9999 -9999 -9999 -9999 -9999 -9999 -9999 -9999 -9999 -9999 -9999 -9999 -9999 -9999 -9999 -9999 -9999 -9999 -9999 -9999 -9999 -9999 -9999
14.9435 14.61 14.8373 15.0108 15.2999 15.3704 15.427 15.8646 15.8544 15.8473 15.6785 15.5465 15.3194 14.9219 14.3505 13.6596 12.4462 13.2179 13.8252 13.8244 13.8061 13.5541 12.9972 13.4884 13.5242 12.8017 11.9649 11.4922 11.3053 -9999 -9999 -9999 -9999 -9999 -9999 -9999 -9999 -9999 -9999 -9999 -9999 -9999 -9999 -9999 -9999 -9999 -9999 -9999 -9999 -9999 -9999 -9999 -9999 -9999 -9999 -9999 -9999 -9999 -9999 -9999 -9999 -9999 -9999 -9999 -9999 -9999 -9999 -9999 -9999 -9999 -9999 -9999
14.6607 14.2505 14.4791 14.7798 15.1872 15.3912 15.5532 15.6924 15.8345 15.8317 15.6587 15.1225 15.0578 15.048 14.6791 13.8896 13.1012 12.9078 13.8267 14.1 14.0614 14.2774 13.8078 14.0499 13.9696 13.7213 12.9232 12.1998 11.9138 11.335 -9999 -9999 -9999 -9999 -9999 -9999 -9999 -9999 -9999 -9999 -9999 -9999 -9999 -9999 -9999 -9999 -9999 -9999 -9999 -9999 -9999 -9999 -9999 -9999 -9999 -9999 -9999 -9999 -9999 -9999 -9999 -9999 -9999 -9999 -9999 -9999 -9999 -9999 -9999 -9999 -9999 -9999
-9999 -9999 13.9959 14.3893 14.7179 15.118 15.4628 15.6469 15.8264 15.8254 15.4664 15.2979 15.2957 15.0587 14.6308 14.3677 13.8768 13.3647 13.5805 14.3663 14.0374 14.5979 14.5654 14.6794 14.3274 13.6331 12.7185 12.1812 11.9268 11.4604 -9999 -9999 -9999 -9999 -9999 -9999 -9999 -9999 -9999 -9999 -9999 -9999 -9999 -9999 -9999 -9999 -9999 -9999 -9999 -9999 -9999 -9999 -9999 -9999 -9999 -9999 -9999 -9999 -9999 -9999 -9999 -9999 -9999 -9999 -9999 -9999 -9999 -9999 -9999 -9999 -9999 -9999
-9999 -9999 -9999 14.3163 14.5674 15.1109 15.378 15.5013 15.7832 15.7961 15.668 15.5749 15.4343 15.2468 14.9289 14.5768 14.1161 14.0869 14.595 14.6157 14.5269 14.622 14.8892 14.8358 14.2794 13.3064 12.8039 11.7542 11.3194 11.3797 11.0762 -9999 -9999 -9999 -9999 -9999 -9999 -9999 -9999 -9999 -9999 -9999 -9999 12.5108 -9999 -9999 -9999 -9999 -9999 -9999 -9999 -9999 -9999 -9999 -9999 -9999 -9999 -9999 -9999 -9999 -9999 -9999 -9999 -9999 10.9734 -9999 -9999 -9999 -9999 -9999 -9999 -9999
-9999 -9999 14.2678 14.5923 14.8616 15.2059 15.2404 15.4403 15.7624 15.779 15.6917 15.592 15.3519 15.3032 15.1286 14.7453 14.6789 14.8553 14.9445 15.0435 15.1098 15.0818 14.9928 14.8734 14.5075 14.0678 13.7769 12.8292 12.3477 11.8985 11.2118 10.6781 -9999 -9999 -9999 -9999 -9999 -9999 -9999 12.0729 12.0646 12.0948 12.2664 12.7088 12.4771 -9999 -9999 -9999 -9999 -9999 -9999 -9999 -9999 -9999 -9999 -9999 -9999 -9999 -9999 -9999 -9999 -9999 -9999 -9999 11.3568 10.8238 -9999 -9999 -9999 -9999 -9999 -9999
-9999 -9999 14.3396 14.6996 14.8842 15.2182 15.4136 15.5285 15.6474 15.7621 15.7573 15.6455 15.4692 15.4847 15.2376 15.1115 15.0259 15.2595 15.3178 15.2451 15.1499 15.0668 14.8058 14.7872 14.6969 14.4222 13.9631 13.4896 12.7874 11.8494 10.9302 10.1919 -9999 -9999 -9999 -9999 -9999 -9999 12.1325 12.5029 12.7321 12.3009 12.7027 13.0715 13.0334 12.7076 -9999 -9999 -9999 -9999 -9999 -9999 -9999 -9999 -9999 -9999 -9999 -9999 -9999 -9999 13.8984 13.3511 12.2266 11.6595 11.3271 10.8443 -9999 -9999 -9999 -9999 -9999 -9999
-9999 -9999 14.2706 14.6933 14.9824 15.24 15.289 15.5446 15.6595 15.7263 15.7321 15.7204 15.6992 15.4851 15.4018 15.0717 15.4179 15.4211 15.3529 15.0368 14.9079 14.3534 14.1167 14.0611 14.5518 14.2105 13.4845 12.5739 11.4672 11.4061 11.0532 10.3947 -9999 -9999 -9999 -9999 -9999 -9999 12.2395 12.6347 12.9677 13.0318 12.6035 13.245 13.2358 12.9053 12.8443 13.1482 13.3112 13.217 13.5779 13.6962 13.5604 13.7477 -9999 -9999 -9999 -9999 13.9394 13.9808 14.0166 13.7995 12.5693 11.7352 10.9883 10.9372 -9999 -9999 -9999 -9999 -9999 -9999
-9999 -9999 14.5572 14.8204 14.9575 14.9867 15.2183 15.4414 15.5826 15.693 15.6852 15.6903 15.6958 15.6324 15.4661 15.5147 15.516 15.4261 14.8114 14.0909 14.4267 14.0036 13.0736 13.8431 14.2726 13.8838 13.0009 11.9754 11.6378 11.6628 11.1663 10.5245 -9999 -9999 -9999 11.1538 11.7111 11.7758 11.9531 12.4745 12.8757 13.1819 13.3968 13.4046 13.2173 12.8945 12.542 12.6923 13.3773 13.5579 13.7103 13.8321 13.7074 13.8023 13.9986 14.1089 14.1457 14.1219 14.1307 14.1637 14.161 13.9597 12.8596 12.2392 11.8506 11.0574 -9999 -9999 -9999 -9999 -9999 -9999
-9999 -9999 14.396 14.6256 14.8128 15.1159 15.1555 15.3524 15.4661 15.6386 15.6695 15.4883 15.6631 15.6574 15.6431 15.5956 15.5187 15.0028 14.2854 13.5657 13.2413 13.3938 12.8444 13.143 13.5779 13.4331 12.8945 11.9818 11.863 11.6516 10.8055 9.99355 -9999 -9999 10.0864 11.1394 11.8864 12.2806 12.4155 12.4454 12.9463 13.003 13.541 13.4343 12.7677 12.8634 12.6136 12.8048 13.07 13.155 13.5213 13.8788 13.9608 13.9803 14.1118 14.1531 14.1772 14.1924 14.1337 14.1873 14.2114 14.093 13.3025 12.927 12.512 11.0697 -9999 -9999 -9999 -9999 -9999 -9999
-9999 -9999 14.5062 14.7612 15.0396 15.091 15.2994 15.2869 15.2317 15.5219 15.6325 15.5085 15.4239 15.6212 15.6246 15.6171 15.5941 15.1108 14.5485 13.6883 13.1591 12.8347 12.6113 12.3033 12.5321 12.4769 12.3987 12.512 12.2665 11.7631 11.2735 10.3461 9.85202 -9999 10.1392 10.6235 11.5088 12.2643 12.7511 12.6016 13.169 13.2899 13.6219 13.455 13.0582 12.8998 12.9024 12.866 13.2534 13.519 13.709 13.8443 14.0089 14.0639 14.1191 14.1525 14.179 14.2056 14.2219 14.2374 14.2397 14.207 13.854 13.4797 12.6479 11.1179 -9999 -9999 -9999 -9999 -9999 -9999
-9999 13.7861 14.4787 14.9004 15.0677 15.1903 15.2996 15.3811 15.4609 15.5428 15.6043 15.5934 15.2443 15.2895 15.3711 15.5943 15.5969 15.5689 15.2694 14.2194 13.8618 13.3354 12.6508 12.3687 12.5256 13.1081 13.093 12.7248 12.3133 11.7336 11.3721 10.8088 9.71566 9.83013 10.3444 10.732 11.3394 12.2591 12.9099 13.211 13.3369 13.5757 13.7103 13.4766 13.2545 13.1716 13.0015 12.9933 13.013 13.254 13.443 13.8478 13.9961 14.0739 14.1221 14.1562 14.186 14.2157 14.238 14.2489 14.268 14.2839 14.276 13.7711 12.4821 11.5196 -9999 -9999 -9999 -9999 -9999 -9999
-9999 -9999 14.3513 14.5399 14.5937 14.6833 14.8608 15.0651 15.3466 15.3925 15.5577 15.5689 15.2686 14.9227 15.2543 15.3968 15.5442 15.5656 15.5421 14.658 14.2039 13.8484 13.1924 13.4428 13.6828 13.7106 13.5824 12.7806 11.9822 11.0535 10.1945 10.1652 9.70834 9.97079 10.3158 11.1779 11.7904 12.05 12.2423 13.1781 13.4342 13.5366 13.7907 13.4902 13.4296 13.2083 13.2985 13.2961 13.3157 12.6677 13.351 13.4085 13.8617 14.0749 14.1373 14.1671 14.1978 14.2179 14.2386 14.255 14.2782 14.2907 14.3054 13.9847 12.341 11.5313 -9999 -9999 -9999 -9999 -9999 -9999
-9999 -9999 -9999 -9999 14.4207 14.5655 14.6608 14.8218 15.2969 15.4341 15.5299 15.5498 15.4242 15.0809 15.0036 15.0868 14.7554 15.0651 15.4802 15.4858 15.4519 14.6778 14.2851 14.6866 14.5787 13.9966 13.5403 13.0898 12.153 11.4635 10.477 9.73978 9.72464 10.5658 11.2674 12.1395 12.5347 12.3384 12.5902 13.0645 13.6012 13.871 13.8318 13.5141 13.4874 13.1359 13.5192 13.569 13.4179 13.2894 13.363 13.5963 13.6962 14.0545 14.1545 14.1868 14.2071 14.2265 14.2432 14.2597 14.2755 14.2916 14.307 14.3121 12.6221 11.3171 -9999 -9999 -9999 -9999 -9999 -9999
-9999 -9999 -9999 -9999 14.0915 14.1817 14.4103 14.9891 15.2904 15.421 15.428 15.4967 15.4124 15.1129 14.8062 14.519 14.1434 14.3858 14.9975 15.364 15.4185 14.7416 15.1112 14.9879 14.7332 13.9686 13.4074 13.1141 12.2148 11.4402 10.7875 9.88287 10.2879 10.7338 11.3038 12.2534 12.9009 13.1783 12.9801 13.2907 13.9055 13.9288 13.6233 13.6642 13.4866 12.9993 13.5458 13.713 13.6116 13.6606 13.6313 13.7294 13.8931 14.0504 14.1608 14.1909 14.21 14.2248 14.2428 14.262 14.2748 14.2951 14.3106 14.3226 13.2393 11.2917 -9999 -9999 -9999 -9999 -9999 -9999
-9999 -9999 -9999 -9999 -9999 13.7972 14.3115 15.0777 15.2679 15.2604 15.4284 15.4546 15.3177 15.2021 14.8264 14.3078 13.2953 13.5753 14.1397 14.9453 15.3751 15.3326 15.112 14.722 13.7617 12.9221 12.8283 12.6985 12.0446 11.4489 10.7219 11.1616 11.643 12.1696 12.4542 12.4008 12.958 13.4165 13.249 13.6256 14.062 13.8932 13.8015 13.7276 13.5192 13.5248 13.5679 13.8862 13.6972 13.8426 13.8611 13.8719 13.9606 14.0599 14.1633 14.1948 14.2126 14.2318 14.24 14.2623 14.2768 14.2919 14.3079 14.3212 14.2424 13.2054 12.592 -9999 -9999 -9999 -9999 -9999
-9999 -9999 -9999 -9999 -9999 13.3275 13.5871 14.4936 14.7732 15.1805 15.4029 15.4254 15.1844 15.0577 14.4893 14.3174 13.3823 12.9679 13.3507 13.2263 14.3286 15.3046 15.1055 13.1741 12.481 11.9891 12.1276 12.1382 11.963 10.9464 10.6765 11.602 12.1902 12.6499 13.0033 13.0901 13.0962 13.803 13.9133 14.1565 14.1278 14.1686 13.8412 13.6461 13.8545 13.6574 13.6396 13.9678 13.6814 13.9751 13.9578 13.893 13.9063 14.1055 14.1597 14.1965 14.2154 14.226 14.2351 14.2487 14.2741 14.2914 14.3019 14.3233 14.3347 14.2343 13.7062 13.5357 13.7703 -9999 -9999 -9999
-9999 -9999 -9999 -9999 -9999 -9999 12.7481 14.0057 14.5788 14.8891 15.3232 15.3871 15.2633 15.0336 14.4549 13.9485 13.1143 12.159 11.6591 13.2174 14.5747 15.2891 15.2075 13.6018 12.9744 12.9552 13.341 13.0335 12.8026 12.031 11.8109 11.5012 11.7128 12.3471 12.8706 13.3766 13.75 13.7976 14.0478 14.1992 14.2298 14.2913 14.2704 14.2569 13.9423 14.1933 14.016 14.1391 14.0903 14.0478 14.0109 13.837 13.9902 14.1278 14.1762 14.2037 14.2138 14.2298 14.2429 14.2505 14.2649 14.2842 14.3037 14.3185 14.3396 14.3598 14.3201 14.0109 13.5892 13.0503 -9999 -9999
-9999 -9999 -9999 -9999 -9999 -9999 12.1237 13.3758 13.9774 14.7598 15.1652 15.3388 15.3327 15.1495 14.7136 14.0495 13.4993 12.4304 11.3195 12.9537 14.4092 15.2014 15.2556 13.906 14.294 14.0002 14.1334 13.5861 13.3647 13.1853 12.7969 12.3718 11.9046 11.6669 12.8215 13.423 13.9111 14.1515 14.296 14.3783 14.363 14.2969 13.8109 14.2162 14.2161 14.197 14.1721 14.1695 14.1479 14.1189 14.1062 14.1143 14.0046 14.1664 14.1819 14.2009 14.2189 14.2328 14.2439 14.2564 14.2681 14.2879 14.3038 14.3197 14.3374 14.3619 14.3796 14.3831 14.3164 13.5854 13.156 13.0511
-9999 -9999 -9999 -9999 -9999 -9999 10.3755 12.1942 13.6467 14.418 15.0468 15.2308 15.3093 15.0578 14.8744 14.4029 13.9575 13.2608 12.2085 11.5664 12.7923 14.5687 15.2291 15.188 15.159 14.8181 14.5117 14.4823 14.5168 14.1514 13.6229 12.933 12.7289 12.4971 13.3611 13.4927 13.448 14.399 14.42 14.3863 14.049 13.6671 13.7626 13.5344 13.7441 13.4684 13.7584 14.0114 14.1172 14.128 14.1119 14.1259 14.1295 14.1742 14.1908 14.2039 14.2182 14.2343 14.2491 14.2571 14.2703 14.2941 14.3067 14.322 14.3379 14.3635 14.3831 14.391 14.3998 14.3049 14.1513 13.8412
-9999 -9999 -9999 -9999 -9999 -9999 10.4488 11.9723 13.2746 14.058 14.8158 15.0027 15.269 15.2305 15.0373 14.6293 14.1156 13.5449 12.6442 11.9784 12.8043 13.9867 14.8379 15.148 15.1544 15.1459 15.0776 15.0534 14.9719 14.9094 14.5364 13.8872 13.526 12.9916 13.9528 14.0753 13.9446 14.4344 14.4292 13.7346 13.2052 13.1563 13.5079 13.2088 13.1731 12.9931 13.2359 13.8548 13.6981 13.7506 14.0375 14.1001 14.1495 14.1744 14.1897 14.2056 14.2186 14.2372 14.2563 14.2645 14.2789 14.2963 14.3061 14.3244 14.3381 14.3595 14.3759 14.3898 14.3995 14.3872 14.3733 14.4324
-9999 -9999 -9999 -9999 -9999 -9999 10.4819 11.5052 12.6787 13.8279 14.6366 14.9716 15.22 15.233 15.0055 14.8108 14.4946 13.9942 13.6558 13.0561 12.2267 13.657 14.1025 14.4999 14.6734 15.089 15.0905 14.9167 14.702 14.9142 14.8702 14.3584 14.1999 13.923 14.4646 14.4822 14.4846 14.4741 13.8895 13.0702 12.4194 12.9206 12.8391 13.0764 12.411 12.9946 13.4673 13.633 13.3418 13.1308 13.8532 13.9921 14.0793 14.1414 14.1881 14.1985 14.2235 14.2374 14.2538 14.2705 14.2838 14.2998 14.3138 14.3278 14.3421 14.3644 14.3776 14.391 14.4112 14.4133 14.4263 14.4417
-9999 -9999 -9999 -9999 -9999 -9999 -9999 10.9021 12.3821 13.7102 14.4559 14.9305 15.1696 15.1808 15.0719 14.9445 14.7543 14.3974 13.9448 13.2201 12.6857 13.0487 13.4849 13.5425 13.8379 14.6707 14.963 14.5775 13.5968 14.1911 14.8512 14.8546 14.8138 14.7671 14.7031 14.6482 14.5094 14.1097 12.8496 12.6171 12.1345 12.2104 11.9722 12.5495 12.3594 12.9554 13.2241 13.3369 12.8214 12.9486 13.5983 13.8642 13.8406 14.0105 14.1725 14.1951 14.2172 14.2317 14.2535 14.2737 14.2906 14.305 14.3204 14.3373 14.3459 14.3742 14.3478 14.338 14.2962 14.3941 14.4216 14.4547
-9999 -9999 -9999 -9999 -9999 -9999 -9999 10.6029 12.0856 13.6478 14.1588 14.6694 15.1127 15.1362 14.9613 14.796 14.6254 14.4289 13.8764 13.3408 12.8297 12.6676 12.7875 12.7857 13.2564 14.3381 14.5575 14.4816 13.459 13.1252 14.003 14.7433 14.8152 14.7646 13.926 14.1244 13.6804 13.0727 12.9186 12.6633 12.1036 12.4007 11.9959 12.1963 12.1637 12.51 12.6883 13.0964 12.6495 12.6659 13.3047 13.6332 13.6589 14.0026 14.1367 14.1852 14.2111 14.2351 14.2553 14.2797 14.2963 14.3114 14.3252 14.3301 14.3136 14.2201 13.6294 13.6511 13.8415 14.0225 14.3377 14.4472
-9999 -9999 -9999 -9999 -9999 -9999 -9999 10.7714 11.8045 13.1924 14.2245 14.3027 14.8125 15.0831 14.8915 14.674 14.4513 14.3626 13.7598 13.0958 12.562 11.9271 12.0482 12.5282 13.2967 14.0003 14.1367 14.0069 13.4606 13.7343 14.3378 14.6653 14.7725 14.7154 14.5453 14.4542 14.1317 14.0019 13.5482 12.8292 12.5572 12.7595 11.9956 12.0688 12.3767 12.0849 12.6102 12.8711 12.2886 12.7857 13.3485 13.645 13.9064 14.0397 14.1038 14.1924 14.2127 14.2373 14.2594 14.2777 14.2972 14.3055 14.3161 14.2707 14.1941 13.6381 13.4257 13.4936 13.7806 14.0342 14.3101 14.4296
-9999 -9999 -9999 -9999 -9999 -9999 -9999 10.9434 11.8753 13.0808 13.8208 13.9651 14.5288 15.0321 14.9928 14.7658 14.7074 14.4716 13.9626 13.3986 12.7804 12.4873 11.7941 12.5046 13.0614 13.6596 13.9465 13.4977 13.285 13.7012 14.1153 14.2898 14.7085 14.7204 14.605 14.0547 13.7952 13.9294 13.8282 13.6382 13.1489 13.1446 12.8371 12.7205 12.6113 12.2123 12.4949 12.5397 12.635 13.2226 13.5245 13.7307 13.9199 13.9831 14.0757 14.1905 14.2176 14.2398 14.2584 14.2794 14.2917 14.284 14.2807 14.1686 13.9549 13.5389 12.8598 13.3787 13.9203 14.1045 14.2799 14.3783
-9999 -9999 -9999 -9999 -9999 -9999 -9999 10.7847 11.7742 12.8068 13.2469 13.3338 14.3422 14.9657 14.982 14.8824 14.7635 14.1583 14.21 14.101 13.5449 12.7278 11.8287 11.9286 12.4829 13.2645 13.5337 12.7899 12.5405 12.7494 13.3684 13.9243 14.5044 14.6636 14.5143 13.6485 12.7277 13.1799 13.6621 13.6774 13.559 13.1066 12.9754 12.8584 12.5334 11.9711 12.0706 12.2506 12.9212 13.1455 13.4818 13.7642 13.6832 13.7599 14.0308 14.1942 14.2183 14.2398 14.2635 14.2794 14.2901 14.255 14.2169 14.1397 13.5501 13.1911 12.6663 13.3294 13.7049 13.9273 14.2856 14.3861
-9999 -9999 -9999 -9999 -9999 -9999 -9999 10.4803 11.2024 12.1902 12.5971 13.2377 14.1916 14.6686 14.9052 14.9157 14.8416 14.579 14.4272 14.113 13.534 12.7365 11.8481 11.2747 11.5876 12.6322 12.8928 12.2066 11.871 12.3224 12.9813 13.9498 14.5101 14.5997 14.5668 14.4015 13.7339 12.924 12.9443 13.3768 13.0476 12.6622 12.9022 12.8794 12.5586 12.3302 12.1946 12.3126 12.6984 12.8705 13.2562 13.8165 13.9127 13.9161 14.1628 14.1929 14.2171 14.2446 14.2633 14.2804 14.2928 14.2677 14.1876 13.8016 13.4676 12.9953 12.9544 13.5536 13.8325 14.0896 14.2757 14.3497
-9999 -9999 -9999 -9999 -9999 -9999 -9999 9.95765 10.8051 11.7316 12.6003 13.4232 14.1336 14.2026 14.5847 14.5996 14.8072 14.7675 14.5251 14.263 13.7661 12.7376 11.8748 10.9324 11.1989 12.2689 12.4057 11.9589 11.121 12.0169 13.0035 13.8994 14.3918 14.0344 14.4337 14.419 14.1795 13.7043 12.9562 12.9883 12.4324 12.4254 12.7381 12.8519 12.8211 12.6542 12.3775 12.4484 12.6889 12.7651 13.1213 13.5603 13.9899 14.0777 14.1749 14.1972 14.2173 14.2427 14.2626 14.2732 14.2714 14.2442 13.9236 13.5387 13.3093 12.9861 12.9643 13.6496 13.9431 14.114 14.2776 14.3543
-9999 -9999 -9999 -9999 -9999 -9999 -9999 -9999 10.7174 11.6744 12.3864 12.5892 13.2225 13.5716 13.8453 13.918 14.6705 14.7265 14.5785 14.3389 13.9175 13.1406 12.6036 11.7003 11.0549 11.336 11.4611 11.7185 11.6621 12.0702 13.019 14.0071 14.1292 13.5278 13.6358 13.7818 14.0884 13.9587 12.933 12.4206 11.9985 12.3289 12.6757 12.7734 12.8075 12.7624 12.7129 12.5989 13.0578 13.4023 13.4968 13.7996 14.028 14.1049 14.1674 14.1918 14.2163 14.2354 14.2423 14.2525 14.2192 14.1207 13.7597 12.8643 12.9267 12.8474 12.5826 13.255 13.6939 14.0775 14.2908 14.3609
-9999 -9999 -9999 -9999 -9999 -9999 -9999 -9999 10.4014 11.5065 11.7517 11.7498 11.4042 11.5858 12.9395 13.2245 13.9469 14.6316 14.5978 14.3632 13.9698 13.5131 12.7978 11.7801 10.9743 10.6319 11.5257 12.4018 12.5959 12.888 13.4755 13.6 12.9847 12.4091 12.758 12.975 13.7549 13.9114 13.7805 13.1696 12.4687 12.1114 12.5723 12.6496 12.6944 12.7179 12.7276 12.7256 13.2373 13.5308 13.7404 13.8632 14.0622 14.1273 14.1612 14.1941 14.21 14.2197 14.2104 14.1972 14.0741 13.9212 13.3174 12.8173 12.5129 12.1214 13.0679 13.3717 13.7831 14.0524 14.2648 14.3272
