Test_Spring_2018/03_18/Temp/20180309_014.txt
ncols	170
nrows	115
xllcorner	350000.000000
yllcorner	4445000.000000
cellsize	1000.000000
nodata_value	-9999.000000
[rows 32 to 63 of 115, columns 72 to 143 of 170]
14.131 13.9877 14.2273 14.4481 14.3036 14.2125 14.5602 14.5668 14.4536 14.1788 14.0831 13.9841 13.927 13.574 12.5673 11.6609 12.1614 12.1829 11.8532 12.4715 12.1595 11.3301 10.1552 10.8076 10.6489 9.80471 9.60544 -9999 -9999 -9999 -9999 -9999 -9999 -9999 -9999 -9999 -9999 -9999 -9999 -9999 -9999 -9999 -9999 -9999 -9999 -9999 -9999 -9999 -9999 -9999 -9999 -9999 -9999 -9999 -9999 -9999 -9999 -9999 -9999 -9999 -9999 -9999 -9999 -9999 -9999 -9999 -9999 -9999 -9999 -9999 -9999 -9999
13.9247 13.8674 14.2203 14.2198 14.1935 14.3046 14.5191 14.5695 14.5298 14.4142 14.3155 14.2105 13.9316 13.5263 12.6661 11.633 11.4062 11.9262 11.9604 12.0521 11.7686 11.4099 10.8432 11.3237 11.5157 10.9695 10.2444 9.77701 -9999 -9999 -9999 -9999 -9999 -9999 -9999 -9999 -9999 -9999 -9999 -9999 -9999 -9999 -9999 -9999 -9999 -9999 -9999 -9999 -9999 -9999 -9999 -9999 -9999 -9999 -9999 -9999 -9999 -9999 -9999 -9999 -9999 -9999 -9999 -9999 -9999 -9999 -9999 -9999 -9999 -9999 -9999 -9999
13.6798 13.3517 13.5673 13.7307 14.0052 14.0667 14.1167 14.5362 14.5215 14.51 14.3418 14.2092 13.9845 13.5949 13.0365 12.3625 11.1821 11.9257 12.5101 12.505 12.4831 12.2346 11.6907 12.1625 12.1931 11.4921 10.6759 10.2139 10.0287 -9999 -9999 -9999 -9999 -9999 -9999 -9999 -9999 -9999 -9999 -9999 -9999 -9999 -9999 -9999 -9999 -9999 -9999 -9999 -9999 -9999 -9999 -9999 -9999 -9999 -9999 -9999 -9999 -9999 -9999 -9999 -9999 -9999 -9999 -9999 -9999 -9999 -9999 -9999 -9999 -9999 -9999 -9999
13.4023 12.9999 13.2167 13.5033 13.8927 14.0841 14.2357 14.3659 14.4988 14.4914 14.319 13.7948 13.7274 13.7135 13.3515 12.5819 11.8134 11.6216 12.508 12.7686 12.7271 12.9323 12.4729 12.7034 12.6214 12.3784 11.6017 10.8962 10.6152 10.0503 -9999 -9999 -9999 -9999 -9999 -9999 -9999 -9999 -9999 -9999 -9999 -9999 -9999 -9999 -9999 -9999 -9999 -9999 -9999 -9999 -9999 -9999 -9999 -9999 -9999 -9999 -9999 -9999 -9999 -9999 -9999 -9999 -9999 -9999 -9999 -9999 -9999 -9999 -9999 -9999 -9999 -9999
-9999 -9999 12.745 13.1208 13.4329 13.8159 14.1447 14.3183 14.4875 14.4818 14.1292 13.9611 13.9544 13.7202 13.301 13.0417 12.5615 12.0609 12.2658 13.0232 12.7003 13.2394 13.2038 13.3101 12.9648 12.2886 11.3999 10.8749 10.6244 10.1684 -9999 -9999 -9999 -9999 -9999 -9999 -9999 -9999 -9999 -9999 -9999 -9999 -9999 -9999 -9999 -9999 -9999 -9999 -9999 -9999 -9999 -9999 -9999 -9999 -9999 -9999 -9999 -9999 -9999 -9999 -9999 -9999 -9999 -9999 -9999 -9999 -9999 -9999 -9999 -9999 -9999 -9999
-9999 -9999 -9999 13.0467 13.2837 13.8056 14.059 14.1737 14.4421 14.4498 14.3209 14.226 14.0851 13.8989 13.5862 13.2406 12.7898 12.7572 13.2455 13.2614 13.1712 13.2592 13.5141 13.4582 12.9167 11.9686 11.4776 10.4575 10.0322 10.0867 9.78849 -9999 -9999 -9999 -9999 -9999 -9999 -9999 -9999 -9999 -9999 -9999 -9999 11.1323 -9999 -9999 -9999 -9999 -9999 -9999 -9999 -9999 -9999 -9999 -9999 -9999 -9999 -9999 -9999 -9999 -9999 -9999 -9999 -9999 9.57798 -9999 -9999 -9999 -9999 -9999 -9999 -9999
-9999 -9999 13.0019 13.3094 13.5656 13.8942 13.9229 14.1111 14.4184 14.4296 14.3403 14.2389 14.0016 13.9498 13.7761 13.4002 13.3315 13.4983 13.5806 13.6724 13.7326 13.7014 13.6111 13.4913 13.1334 12.7033 12.4173 11.4964 11.0254 10.586 9.91644 9.39514 -9999 -9999 -9999 -9999 -9999 -9999 -9999 10.7167 10.7053 10.7315 10.8948 11.3206 11.0933 -9999 -9999 -9999 -9999 -9999 -9999 -9999 -9999 -9999 -9999 -9999 -9999 -9999 -9999 -9999 -9999 -9999 -9999 -9999 9.94671 9.42652 -9999 -9999 -9999 -9999 -9999 -9999
-9999 -9999 13.0663 13.4102 13.5841 13.9029 14.0872 14.1931 14.3033 14.4096 14.4001 14.287 14.1114 14.1219 13.8779 13.7513 13.6641 13.8863 13.9387 13.8642 13.7678 13.6834 13.4263 13.4042 13.3135 13.0433 12.5944 12.1315 11.4481 10.5349 9.63991 8.92024 -9999 -9999 -9999 -9999 -9999 -9999 10.774 11.1296 11.3485 10.9275 11.314 11.6686 11.6291 11.3129 -9999 -9999 -9999 -9999 -9999 -9999 -9999 -9999 -9999 -9999 -9999 -9999 -9999 -9999 12.4225 11.8882 10.7944 10.2411 9.91511 9.44355 -9999 -9999 -9999 -9999 -9999 -9999
-9999 -9999 12.9963 13.4009 13.6761 13.9207 13.963 14.2049 14.3116 14.3713 14.372 14.3558 14.3306 14.1185 14.0333 13.709 14.0403 14.0392 13.969 13.6587 13.5298 12.9883 12.755 12.6978 13.1696 12.8348 12.1272 11.2406 10.1634 10.1018 9.75559 9.11313 -9999 -9999 -9999 -9999 -9999 -9999 10.8736 11.2533 11.5729 11.632 11.2142 11.8333 11.8238 11.5012 11.4398 11.7321 11.8878 11.7955 12.1437 12.2556 12.121 12.2993 -9999 -9999 -9999 -9999 12.4673 12.5035 12.5344 12.32 11.1238 10.3116 9.58397 9.53214 -9999 -9999 -9999 -9999 -9999 -9999
-9999 -9999 13.2711 13.521 13.6488 13.6719 13.8911 14.1014 14.2335 14.3359 14.3233 14.3234 14.3239 14.2578 14.0922 14.1349 14.132 14.0407 13.441 12.7388 13.0603 12.6458 11.7395 12.4831 12.8956 12.5149 11.6553 10.6573 10.3254 10.3471 9.86161 9.23556 -9999 -9999 -9999 9.82868 10.3649 10.4238 10.5921 11.0942 11.4799 11.7737 11.9793 11.9846 11.8024 11.4874 11.1437 11.2872 11.9491 12.1219 12.2694 12.3849 12.2611 12.3501 12.5372 12.6405 12.6725 12.6457 12.6502 12.6783 12.6718 12.4728 11.4024 10.7973 10.4169 9.6455 -9999 -9999 -9999 -9999 -9999 -9999
-9999 -9999 13.113 13.3304 13.5066 13.7942 13.8273 14.0128 14.1172 14.2794 14.3043 14.1238 14.2884 14.2782 14.2598 14.2094 14.1307 13.6267 12.9275 12.2261 11.9079 12.051 11.5147 11.8018 12.2195 12.0748 11.5492 10.6605 10.5412 10.3318 9.50867 8.71733 -9999 -9999 8.79434 9.81072 10.5307 10.9091 11.0363 11.0619 11.5444 11.5965 12.1152 12.0096 11.3629 11.4536 11.2099 11.3934 11.6492 11.7295 12.0835 12.428 12.5045 12.5203 12.6445 12.681 12.7006 12.7115 12.6507 12.6987 12.7179 12.5992 11.8291 11.4613 11.0563 9.65454 -9999 -9999 -9999 -9999 -9999 -9999
-9999 -9999 13.2171 13.4591 13.7236 13.768 13.9647 13.9459 13.8865 14.1625 14.2648 14.1395 14.0527 14.2393 14.2381 14.2264 14.2001 13.7277 13.1788 12.3413 11.8246 11.5057 11.2854 10.9849 11.203 11.1456 11.0659 11.1716 10.9291 10.4365 9.95774 9.05549 8.57212 -9999 8.84157 9.30678 10.1607 10.8892 11.3574 11.2093 11.7562 11.8706 12.19 12.026 11.6409 11.4865 11.4872 11.4501 11.8238 12.0798 12.263 12.3916 12.5489 12.5992 12.6493 12.6782 12.7 12.7219 12.7337 12.7447 12.7428 12.707 12.3608 11.995 11.1851 9.69825 -9999 -9999 -9999 -9999 -9999 -9999
-9999 12.5216 13.1874 13.5909 13.7478 13.8612 13.9616 14.035 14.1063 14.1793 14.2336 14.2181 13.8749 13.914 13.9886 14.2007 14.199 14.168 13.8739 12.8525 12.5017 11.9881 11.3208 11.0451 11.1935 11.7542 11.7357 11.3747 10.9717 10.4051 10.05 9.49958 8.43636 8.54274 9.0367 9.40804 9.99258 10.8802 11.5073 11.7959 11.915 12.1438 12.2719 12.0444 11.8287 11.7467 11.5802 11.5707 11.588 11.8199 12.002 12.3927 12.5337 12.6065 12.6499 12.6794 12.7045 12.7293 12.7467 12.7532 12.7675 12.7788 12.7678 12.2745 11.0222 10.0855 -9999 -9999 -9999 -9999 -9999 -9999
-9999 -9999 13.061 13.2386 13.2853 13.3667 13.5331 13.7254 13.9921 14.031 14.1857 14.1907 13.8949 13.5548 13.8718 14.0056 14.1443 14.1613 14.1348 13.274 12.8302 12.4821 11.8426 12.083 12.312 12.3351 12.2069 11.4257 10.6476 9.74277 8.90571 8.87284 8.42518 8.67549 9.00536 9.83647 10.426 10.6737 10.8564 11.7602 12.0054 12.103 12.3472 12.0541 11.995 11.779 11.8651 11.8612 11.8787 11.249 11.9104 11.964 12.4007 12.6049 12.6623 12.6876 12.7135 12.7289 12.7448 12.7565 12.7746 12.7831 12.7939 12.4793 10.8824 10.0939 -9999 -9999 -9999 -9999 -9999 -9999
-9999 -9999 -9999 -9999 13.1147 13.2495 13.3361 13.4865 13.9407 14.0681 14.1554 14.1693 14.0425 13.7047 13.6252 13.7016 13.3764 13.6728 14.0713 14.0731 14.0367 13.2828 12.8997 13.2854 13.1772 12.6093 12.1631 11.7224 10.81 10.137 9.17638 8.45727 8.43794 9.24858 9.9241 10.765 11.1437 10.9495 11.19 11.6468 12.1644 12.4235 12.3835 12.0739 12.0477 11.7057 12.0759 12.1229 11.975 11.8489 11.9194 12.1435 12.2379 12.5823 12.6762 12.7041 12.72 12.7347 12.7466 12.7583 12.7698 12.7814 12.7924 12.7936 11.1519 9.88334 -9999 -9999 -9999 -9999 -9999 -9999
-9999 -9999 -9999 -9999 12.7926 12.8744 13.0903 13.6455 13.9313 14.0522 14.0535 14.1145 14.0277 13.7326 13.4307 13.1481 12.78 13.0111 13.6003 13.952 14.0013 13.3416 13.6974 13.5744 13.3239 12.5792 12.0313 11.7429 10.867 10.1115 9.47433 8.59286 8.98077 9.40827 9.95607 10.872 11.4953 11.7603 11.5647 11.8627 12.4559 12.4762 12.1782 12.2162 12.0438 11.5702 12.0988 12.2595 12.16 12.206 12.1768 12.2698 12.4261 12.5758 12.6797 12.7054 12.7201 12.7303 12.7435 12.758 12.7662 12.7819 12.793 12.8008 11.7472 9.85587 -9999 -9999 -9999 -9999 -9999 -9999
-9999 -9999 -9999 -9999 -9999 12.4989 12.9917 13.7285 13.9066 13.8936 14.0508 14.0708 13.9329 13.816 13.4473 12.9404 11.955 12.2225 12.7659 13.5432 13.9562 13.9115 13.6952 13.3138 12.3794 11.5619 11.4671 11.3371 10.6991 10.1169 9.40782 9.82926 10.2912 10.7968 11.068 11.0118 11.5477 11.9881 11.8222 12.1842 12.6045 12.4386 12.3479 12.2746 12.0724 12.0766 12.1172 12.4245 12.2401 12.3796 12.3967 12.4051 12.4887 12.5822 12.6792 12.7063 12.7197 12.7343 12.738 12.7554 12.7652 12.7758 12.7874 12.7966 12.7165 11.7078 11.1098 -9999 -9999 -9999 -9999 -9999
-9999 -9999 -9999 -9999 -9999 12.0408 12.2868 13.1596 13.4243 13.8135 14.0234 14.0398 13.8011 13.6734 13.1179 12.947 12.0367 11.631 11.9984 11.8743 12.9391 13.8816 13.6861 11.8106 11.1353 10.6548 10.7851 10.7912 10.6171 9.62709 9.36096 10.2533 10.8187 11.2596 11.5975 11.6773 11.6789 12.36 12.4634 12.6961 12.6656 12.7028 12.3836 12.1928 12.3946 12.2023 12.1838 12.5007 12.2218 12.5049 12.4874 12.4225 12.4331 12.6233 12.6727 12.7049 12.7195 12.7257 12.7302 12.7393 12.7597 12.7724 12.7787 12.7957 12.8031 12.7021 12.1868 12.0183 12.2424 -9999 -9999 -9999
-9999 -9999 -9999 -9999 -9999 -9999 11.4709 12.6841 13.2334 13.5285 13.9437 14.0002 13.875 13.6476 13.0821 12.587 11.7745 10.8447 10.3562 11.863 13.175 13.8639 13.7822 12.2225 11.6108 11.5883 11.9583 11.6562 11.4281 10.6756 10.4577 10.1529 10.3534 10.9634 11.4665 11.9524 12.3102 12.3524 12.5913 12.735 12.7621 12.8193 12.7971 12.7822 12.477 12.719 12.5458 12.6638 12.6151 12.5723 12.5357 12.3651 12.5111 12.6416 12.6854 12.7089 12.7147 12.7262 12.7347 12.7378 12.7479 12.7626 12.7776 12.7882 12.805 12.8209 12.779 12.4759 12.0639 11.5382 -9999 -9999
-9999 -9999 -9999 -9999 -9999 -9999 10.8631 12.071 12.6481 13.4008 13.7878 13.951 13.94 13.7577 13.3307 12.6827 12.1453 11.1055 10.025 11.6046 13.012 13.7762 13.8251 12.5147 12.8871 12.5985 12.7237 12.1891 11.9702 11.7917 11.4108 10.9942 10.5366 10.3022 11.4167 11.9952 12.4642 12.6932 12.8298 12.9063 12.8884 12.8226 12.3494 12.7404 12.7399 12.7199 12.6943 12.6903 12.6678 12.638 12.6249 12.6304 12.5216 12.676 12.6881 12.7029 12.7164 12.7259 12.7325 12.7404 12.7476 12.7631 12.7749 12.7866 12.8001 12.8201 12.8339 12.8338 12.7658 12.0539 11.6344 11.5308
-9999 -9999 -9999 -9999 -9999 -9999 9.16624 10.9235 12.3246 13.0667 13.6711 13.8443 13.9154 13.6668 13.4845 13.0232 12.5874 11.9083 10.8846 10.2585 11.4422 13.1601 13.7968 13.7547 13.7228 13.3886 13.0876 13.055 13.0843 12.7254 12.2087 11.5355 11.3339 11.1047 11.9376 12.0608 12.0134 12.9312 12.948 12.9121 12.5823 12.2093 12.2996 12.0772 12.28 12.0112 12.2906 12.5341 12.635 12.6435 12.627 12.6389 12.6397 12.6806 12.6933 12.7024 12.7125 12.7241 12.7344 12.738 12.7467 12.7657 12.7747 12.7857 12.7978 12.8188 12.8343 12.8386 12.8437 12.7483 12.5961 12.2935
-9999 -9999 -9999 -9999 -9999 -9999 9.2343 10.705 11.9618 12.7159 13.4453 13.6213 13.8745 13.8324 13.6405 13.2408 12.7387 12.1816 11.3048 10.6557 11.4526 12.5936 13.4149 13.7131 13.7159 13.7037 13.6336 13.6059 13.5227 13.4575 13.0916 12.459 12.1044 11.582 12.5091 12.6236 12.4928 12.9637 12.9552 12.2787 11.7626 11.7125 12.0506 11.7586 11.7233 11.5479 11.7814 12.3794 12.2262 12.2751 12.5522 12.6104 12.6563 12.6773 12.6888 12.7007 12.7094 12.7236 12.738 12.742 12.7519 12.7648 12.7704 12.7853 12.7949 12.8118 12.8245 12.8346 12.8405 12.8251 12.8084 12.8639
-9999 -9999 -9999 -9999 -9999 -9999 9.26409 10.25 11.3821 12.491 13.2697 13.5893 13.8252 13.8331 13.608 13.4149 13.1043 12.6153 12.2834 11.6983 10.8906 12.2731 12.6997 13.0825 13.2468 13.6457 13.6431 13.4706 13.2582 13.4596 13.414 12.9135 12.7555 12.4827 13.0033 13.0162 13.0146 13.0006 12.4304 11.633 10.9992 11.4821 11.4005 11.628 10.9824 11.5464 12.0027 12.1614 11.8778 11.6711 12.3702 12.5033 12.5849 12.6419 12.6838 12.6903 12.7108 12.7205 12.7325 12.7447 12.7536 12.7653 12.7749 12.7848 12.7961 12.8138 12.8231 12.8327 12.8489 12.8477 12.8568 12.8699
-9999 -9999 -9999 -9999 -9999 -9999 -9999 9.66334 11.0929 12.3749 13.0926 13.5477 13.7745 13.7806 13.6706 13.5427 13.3541 13.0041 12.5614 11.8551 11.3332 11.6812 12.0985 12.1521 12.4346 13.2378 13.5171 13.1394 12.1842 12.7576 13.3932 13.3921 13.3483 13.2988 13.2327 13.1754 13.0369 12.6458 11.4208 11.1921 10.7212 10.7919 10.5584 11.1153 10.9303 11.5059 11.7643 11.8715 11.3697 11.4921 12.1207 12.3758 12.35 12.5115 12.6653 12.6836 12.7014 12.7117 12.729 12.7446 12.7572 12.7673 12.7784 12.7911 12.7971 12.8206 12.7916 12.7786 12.7345 12.8259 12.849 12.8807
-9999 -9999 -9999 -9999 -9999 -9999 -9999 9.37148 10.8035 12.3126 12.8028 13.2929 13.7177 13.7357 13.5618 13.3971 13.2275 13.0328 12.4932 11.9701 11.4708 11.3097 11.4219 11.4162 11.8685 12.913 13.1217 13.044 12.0499 11.7223 12.5689 13.2822 13.3477 13.2945 12.4775 12.6658 12.2316 11.6389 11.4859 11.2351 10.6895 10.9744 10.5793 10.7709 10.7384 11.0718 11.2423 11.6355 11.2 11.2149 11.8331 12.1487 12.1705 12.5005 12.6272 12.6706 12.6921 12.7117 12.7276 12.7474 12.7596 12.7705 12.7802 12.7813 12.7616 12.6689 12.0925 12.11 12.291 12.4629 12.767 12.8707
-9999 -9999 -9999 -9999 -9999 -9999 -9999 9.53278 10.5291 11.8694 12.8648 12.9357 13.4251 13.6827 13.4925 13.2772 13.057 12.9668 12.3784 11.7308 11.2093 10.5899 10.7032 11.1643 11.9052 12.5832 12.7114 12.5815 12.0493 12.3105 12.8913 13.2045 13.3043 13.2448 13.0759 12.9836 12.6672 12.5377 12.0945 11.3941 11.1273 11.3203 10.5769 10.6451 10.9408 10.6573 11.1639 11.4143 10.8472 11.3297 11.8724 12.1569 12.4072 12.5332 12.592 12.6744 12.6905 12.7107 12.7285 12.7424 12.7575 12.762 12.7685 12.7208 12.643 12.1005 11.8923 11.9545 12.2291 12.4714 12.7389 12.851
-9999 -9999 -9999 -9999 -9999 -9999 -9999 9.69753 10.5958 11.7593 12.4717 12.6067 13.1484 13.6315 13.5889 13.3645 13.3035 13.0707 12.5731 12.0223 11.419 11.1308 10.4548 11.1393 11.6749 12.2507 12.5247 12.087 11.8768 12.2762 12.6734 12.8385 13.2403 13.2477 13.1319 12.5946 12.3393 12.4656 12.364 12.1764 11.6989 11.6915 11.3904 11.2745 11.1658 10.7782 11.0495 11.0903 11.182 11.7503 12.04 12.2369 12.4172 12.4752 12.5616 12.6695 12.6922 12.7101 12.7244 12.7411 12.7494 12.7382 12.7313 12.6191 12.4084 12.0016 11.3411 11.8405 12.3618 12.5383 12.707 12.7986
-9999 -9999 -9999 -9999 -9999 -9999 -9999 9.54177 10.4959 11.4919 11.9137 11.9931 12.9658 13.5655 13.5768 13.4758 13.3562 12.7653 12.8111 12.7012 12.158 11.3618 10.4862 10.5788 11.1135 11.8654 12.1222 11.3988 11.153 11.3515 11.9473 12.4821 13.0403 13.1906 13.0419 12.1989 11.3026 11.7372 12.201 12.2123 12.0943 11.6525 11.5223 11.4058 11.0879 10.5417 10.6356 10.8073 11.4581 11.6727 11.9957 12.2663 12.1848 12.2558 12.515 12.67 12.6899 12.707 12.7265 12.7382 12.7449 12.7073 12.6667 12.5883 12.0133 11.6618 11.1492 11.79 12.1504 12.3664 12.71 12.8036
-9999 -9999 -9999 -9999 -9999 -9999 -9999 9.24472 9.93978 10.8924 11.282 11.8982 12.8181 13.2758 13.5006 13.5063 13.4301 13.1712 13.0197 12.711 12.1454 11.3682 10.5029 9.94283 10.2419 11.2503 11.5005 10.8311 10.5019 10.9354 11.5699 12.5047 13.0437 13.1266 13.0908 12.9267 12.2758 11.4871 11.5032 11.9189 11.5965 11.2196 11.4491 11.4238 11.1098 10.8855 10.7531 10.8668 11.2395 11.4034 11.7742 12.3142 12.4043 12.4043 12.64 12.6658 12.6857 12.7088 12.7234 12.7363 12.7447 12.7168 12.6355 12.2578 11.9306 11.4692 11.426 12.0046 12.2731 12.5212 12.6978 12.7658
-9999 -9999 -9999 -9999 -9999 -9999 -9999 8.73618 9.55273 10.446 11.2832 12.0761 12.7601 12.8223 13.1881 13.1981 13.3949 13.352 13.1127 12.8543 12.3684 11.3672 10.5266 9.6089 9.86289 10.8974 11.0258 10.5888 9.77267 10.637 11.5892 12.4535 12.9268 12.5765 12.9596 12.9415 12.7055 12.2413 11.5125 11.5401 10.9979 10.9878 11.2876 11.3948 11.3618 11.197 10.9274 10.9958 11.2276 11.2985 11.6407 12.063 12.4762 12.5581 12.6489 12.6671 12.6831 12.7042 12.7199 12.7265 12.7212 12.6912 12.3769 12.0003 11.7743 11.4576 11.433 12.0932 12.3777 12.5423 12.6971 12.7677
-9999 -9999 -9999 -9999 -9999 -9999 -9999 -9999 9.46577 10.3885 11.074 11.2659 11.8751 12.2089 12.4696 12.5356 13.2605 13.3104 13.1625 12.9259 12.513 11.7557 11.2308 10.351 9.7211 9.99256 10.108 10.3534 10.2948 10.6863 11.6019 12.5556 12.67 12.0831 12.1839 12.3215 12.615 12.4856 11.4877 10.9875 10.5749 10.8918 11.2246 11.3161 11.3461 11.2992 11.2519 11.1407 11.5825 11.9134 12.0019 12.2922 12.5105 12.5817 12.6389 12.6591 12.6793 12.6943 12.6974 12.7038 12.6679 12.5688 12.2153 11.3439 11.4008 11.3205 11.0603 11.7103 12.1362 12.5044 12.7075 12.7717
-9999 -9999 -9999 -9999 -9999 -9999 -9999 -9999 9.15739 10.2237 10.4568 10.4503 10.1107 10.2822 11.5897 11.8615 12.5572 13.2164 13.1792 12.9474 12.5617 12.1147 11.4169 10.4261 9.64069 9.30611 10.1697 11.0133 11.1974 11.4765 12.0419 12.1586 11.5583 10.9964 11.3307 11.5372 12.2893 12.4372 12.3067 11.711 11.0282 10.6785 11.1218 11.1935 11.2338 11.2535 11.2622 11.2601 11.7538 12.0353 12.2353 12.3512 12.5409 12.6008 12.6302 12.6587 12.6705 12.6765 12.6638 12.6474 12.5245 12.3727 11.7839 11.2956 10.9971 10.6141 11.5281 11.8209 12.2181 12.4776 12.6798 12.7367
