Test_Spring_2018/03_18/Temp/20180304_002.txt
ncols	170
nrows	115
xllcorner	350000.000000
yllcorner	4445000.000000
cellsize	1000.000000
nodata_value	-9999.000000
[rows 32 to 63 of 115, columns 72 to 143 of 170]
11.5935 11.2283 11.7903 12.3077 11.9895 11.7805 12.6327 12.6316 12.3398 11.6558 11.4042 11.1434 10.9831 10.1061 7.64743 5.43086 6.61704 6.64427 5.82245 7.29362 6.5151 4.48565 1.62108 3.17669 2.77064 0.739076 0.238015 -9999 -9999 -9999 -9999 -9999 -9999 -9999 -9999 -9999 -9999 -9999 -9999 -9999 -9999 -9999 -9999 -9999 -9999 -9999 -9999 -9999 -9999 -9999 -9999 -9999 -9999 -9999 -9999 -9999 -9999 -9999 -9999 -9999 -9999 -9999 -9999 -9999 -9999 -9999 -9999 -9999 -9999 -9999 -9999 -9999
11.112 10.9546 11.7904 11.772 11.718 12.0202 12.5499 12.6544 12.54 12.2412 11.9824 11.7072 11.0104 10.0073 7.90298 5.38013 4.80719 6.04048 6.09874 6.29616 5.58649 4.69533 3.3017 4.44114 4.88299 3.54684 1.79949 0.676977 -9999 -9999 -9999 -9999 -9999 -9999 -9999 -9999 -9999 -9999 -9999 -9999 -9999 -9999 -9999 -9999 -9999 -9999 -9999 -9999 -9999 -9999 -9999 -9999 -9999 -9999 -9999 -9999 -9999 -9999 -9999 -9999 -9999 -9999 -9999 -9999 -9999 -9999 -9999 -9999 -9999 -9999 -9999 -9999
10.5366 9.72424 10.2276 10.6054 11.3057 11.4893 11.5935 12.5906 12.5369 12.4898 12.0629 11.7212 11.1558 10.1904 8.81643 7.16226 4.28273 6.05669 7.44554 7.40893 7.33178 6.70706 5.36804 6.4863 6.53772 4.83153 2.89221 1.74955 1.27627 -9999 -9999 -9999 -9999 -9999 -9999 -9999 -9999 -9999 -9999 -9999 -9999 -9999 -9999 -9999 -9999 -9999 -9999 -9999 -9999 -9999 -9999 -9999 -9999 -9999 -9999 -9999 -9999 -9999 -9999 -9999 -9999 -9999 -9999 -9999 -9999 -9999 -9999 -9999 -9999 -9999 -9999 -9999
9.88158 8.8895 9.39595 10.0721 11.0277 11.5218 11.898 12.1957 12.4993 12.4627 12.0258 10.7369 10.5522 10.4957 9.59671 7.71101 5.82772 5.33906 7.45821 8.06394 7.93911 8.41138 7.2768 7.81119 7.59034 6.98561 5.11919 3.41622 2.7111 1.31881 -9999 -9999 -9999 -9999 -9999 -9999 -9999 -9999 -9999 -9999 -9999 -9999 -9999 -9999 -9999 -9999 -9999 -9999 -9999 -9999 -9999 -9999 -9999 -9999 -9999 -9999 -9999 -9999 -9999 -9999 -9999 -9999 -9999 -9999 -9999 -9999 -9999 -9999 -9999 -9999 -9999 -9999
-9999 -9999 8.27103 9.19272 9.95673 10.8891 11.6946 12.098 12.4899 12.4577 11.5854 11.1583 11.1204 10.5312 9.49358 8.84194 7.6558 6.41993 6.89041 8.69725 7.89167 9.17131 9.06154 9.29553 8.43782 6.81576 4.64687 3.38099 2.75003 1.62159 -9999 -9999 -9999 -9999 -9999 -9999 -9999 -9999 -9999 -9999 -9999 -9999 -9999 -9999 -9999 -9999 -9999 -9999 -9999 -9999 -9999 -9999 -9999 -9999 -9999 -9999 -9999 -9999 -9999 -9999 -9999 -9999 -9999 -9999 -9999 -9999 -9999 -9999 -9999 -9999 -9999 -9999
-9999 -9999 -9999 9.02946 9.61186 10.8602 11.5042 11.7659 12.3985 12.3995 12.0688 11.819 11.4566 10.9833 10.2033 9.34269 8.22701 8.12269 9.27802 9.29094 9.04788 9.23629 9.82899 9.6708 8.34378 6.05759 4.84734 2.38831 1.33497 1.44169 0.694883 -9999 -9999 -9999 -9999 -9999 -9999 -9999 -9999 -9999 -9999 -9999 -9999 3.53861 -9999 -9999 -9999 -9999 -9999 -9999 -9999 -9999 -9999 -9999 -9999 -9999 -9999 -9999 -9999 -9999 -9999 -9999 -9999 -9999 -0.980097 -9999 -9999 -9999 -9999 -9999 -9999 -9999
-9999 -9999 8.92277 9.7025 10.3092 11.0917 11.1664 11.6326 12.3601 12.3705 12.136 11.8709 11.2754 11.1273 10.683 9.74872 9.55669 9.93381 10.1067 10.3028 10.4229 10.3227 10.0804 9.76768 8.91298 7.8505 7.13701 4.89038 3.7546 2.66766 1.02318 -0.26342 -9999 -9999 -9999 -9999 -9999 -9999 -9999 2.69079 2.62879 2.65698 3.01645 4.01061 3.42474 -9999 -9999 -9999 -9999 -9999 -9999 -9999 -9999 -9999 -9999 -9999 -9999 -9999 -9999 -9999 -9999 -9999 -9999 -9999 -0.0761615 -1.37265 -9999 -9999 -9999 -9999 -9999 -9999
-9999 -9999 9.13983 9.95992 10.3695 11.1297 11.5647 11.8492 12.1014 12.3425 12.3018 12.0087 11.5627 11.5651 10.9503 10.6183 10.3808 10.8913 10.991 10.7842 10.5251 10.2957 9.65009 9.57393 9.36387 8.68893 7.58206 6.44162 4.79487 2.5627 0.373737 -1.39195 -9999 -9999 -9999 -9999 -9999 -9999 2.8835 3.70933 4.20364 3.14955 4.04809 4.86923 4.73673 3.93733 -9999 -9999 -9999 -9999 -9999 -9999 -9999 -9999 -9999 -9999 -9999 -9999 -9999 -9999 6.07336 4.74464 2.06224 0.686231 -0.140247 -1.31944 -9999 -9999 -9999 -9999 -9999 -9999
-9999 -9999 8.98166 9.95048 10.607 11.1898 11.2833 11.8825 12.1413 12.2709 12.2556 12.1974 12.1151 11.5787 11.3475 10.5366 11.3105 11.2799 11.0823 10.3041 9.96587 8.63093 8.04252 7.91094 9.03053 8.20038 6.46884 4.30472 1.70543 1.53398 0.67341 -0.904717 -9999 -9999 -9999 -9999 -9999 -9999 3.14576 4.02907 4.7661 4.87248 3.8246 5.28452 5.22645 4.40743 4.2204 4.88915 5.2275 4.97281 5.77066 6.0039 5.64177 6.03683 -9999 -9999 -9999 -9999 6.26627 6.31832 6.35706 5.80228 2.87192 0.869738 -0.928576 -1.09688 -9999 -9999 -9999 -9999 -9999 -9999
-9999 -9999 9.65681 10.2535 10.5555 10.6049 11.1283 11.6524 11.9727 12.2074 12.1603 12.1413 12.1208 11.9371 11.5106 11.5863 11.5507 11.3008 9.82107 8.09403 8.84433 7.81826 5.62539 7.40538 8.38248 7.44198 5.344 2.91166 2.1155 2.14654 0.95003 -0.588449 -9999 -9999 -9999 0.73742 2.00299 2.11259 2.48517 3.66364 4.5598 5.23416 5.69336 5.67913 5.19028 4.38898 3.51819 3.82641 5.38844 5.76831 6.08674 6.32849 5.99224 6.16615 6.58322 6.79824 6.84093 6.74131 6.71739 6.74993 6.69821 6.18032 3.55919 2.05775 1.09883 -0.827643 -9999 -9999 -9999 -9999 -9999 -9999
-9999 -9999 9.28584 9.80477 10.2253 10.9234 10.9979 11.44 11.7038 12.0922 12.1365 11.681 12.0575 12.0086 11.9376 11.7873 11.5671 10.3178 8.59629 6.87033 6.07247 6.41125 5.09044 5.76598 6.75604 6.39277 5.10611 2.93904 2.63275 2.1288 0.115779 -1.82087 -9999 -9999 -1.71192 0.716898 2.42689 3.3086 3.58118 3.60653 4.73583 4.82341 6.03905 5.75427 4.14189 4.32123 3.6925 4.09653 4.66811 4.82406 5.64703 6.43838 6.58732 6.58995 6.85524 6.90902 6.92207 6.91394 6.73209 6.81303 6.82386 6.50014 4.60006 3.67218 2.65057 -0.796133 -9999 -9999 -9999 -9999 -9999 -9999
-9999 -9999 9.55531 10.1354 10.7709 10.8744 11.3456 11.2989 11.1671 11.8237 12.0629 11.7415 11.5099 11.9364 11.9062 11.8486 11.7539 10.5798 9.22101 7.16473 5.88622 5.10485 4.54852 3.80676 4.31436 4.15703 3.94685 4.18582 3.58973 2.40111 1.22299 -0.982119 -2.17448 -9999 -1.575 -0.47918 1.55465 3.28288 4.37957 3.98397 5.2682 5.50537 6.24673 5.81003 4.82982 4.40757 4.36859 4.23876 5.10309 5.68338 6.0926 6.36623 6.70652 6.79269 6.87926 6.91489 6.93375 6.9527 6.94688 6.93841 6.89811 6.77507 5.9001 4.97449 2.97565 -0.676542 -9999 -9999 -9999 -9999 -9999 -9999
-9999 7.86961 9.49338 10.4662 10.8432 11.1156 11.356 11.5304 11.7144 11.886 12.004 11.9532 11.1014 11.1707 11.3231 11.8056 11.7698 11.6621 10.9182 8.4165 7.55136 6.28709 4.65031 3.965 4.30484 5.64349 5.5824 4.69389 3.704 2.33601 1.4655 0.113611 -2.48178 -2.24898 -1.08104 -0.21213 1.16994 3.28259 4.76321 5.42322 5.67169 6.19197 6.46136 5.86247 5.29151 5.051 4.60701 4.54316 4.54521 5.06705 5.47336 6.37999 6.68457 6.82255 6.89314 6.93074 6.95775 6.98411 6.99231 6.97326 6.97228 6.96297 6.897 5.66472 2.58471 0.263151 -9999 -9999 -9999 -9999 -9999 -9999
-9999 -9999 9.19783 9.62587 9.73833 9.93498 10.337 10.8005 11.4578 11.5432 11.9051 11.9043 11.1698 10.3218 11.0597 11.352 11.6547 11.6621 11.5646 9.46205 8.36111 7.49391 5.92435 6.48768 7.02318 7.06253 6.7372 4.83338 2.93746 0.751605 -1.29036 -1.38864 -2.48775 -1.9075 -1.13614 0.844928 2.23883 2.80355 3.20876 5.35607 5.91421 6.10424 6.65269 5.9011 5.70834 5.1431 5.30917 5.2585 5.26055 3.69811 5.2631 5.35495 6.37475 6.83281 6.93559 6.96336 6.99284 6.99674 7.00144 6.99523 7.0037 6.98653 6.96678 6.16486 2.26032 0.29718 -9999 -9999 -9999 -9999 -9999 -9999
-9999 -9999 -9999 -9999 9.33931 9.66649 9.87675 10.24 11.3513 11.6513 11.8509 11.8686 11.5418 10.7023 10.4808 10.6336 9.81333 10.4967 11.4323 11.4069 11.2911 9.44243 8.49565 9.40848 9.12879 7.73915 6.6454 5.56609 3.34656 1.72162 -0.618499 -2.37587 -2.4427 -0.504626 1.1048 3.10947 3.9936 3.48919 4.03377 5.09979 6.31068 6.89542 6.75575 5.96351 5.84998 4.9792 5.83202 5.90387 5.50544 5.16107 5.29653 5.8006 5.99252 6.79025 6.98294 7.01615 7.02165 7.02409 7.0195 7.01345 7.00175 6.99122 6.97763 6.93898 2.92546 -0.199004 -9999 -9999 -9999 -9999 -9999 -9999
-9999 -9999 -9999 -9999 8.574 8.77372 9.29735 10.6404 11.3443 11.6293 11.6208 11.7529 11.5225 10.784 10.0255 9.30963 8.38638 8.91224 10.3056 11.1261 11.2175 9.59671 10.437 10.1198 9.49644 7.6795 6.34028 5.62989 3.49901 1.67461 0.117504 -2.03211 -1.11359 -0.101912 1.19772 3.38482 4.86028 5.46591 4.95602 5.6372 7.03081 7.03731 6.2731 6.3213 5.85379 4.66438 5.89971 6.24646 5.96482 6.03659 5.93069 6.11786 6.45953 6.78641 7.00356 7.03228 7.03475 7.02673 7.02516 7.02434 7.00708 7.00615 6.99254 6.96954 4.37795 -0.252915 -9999 -9999 -9999 -9999 -9999 -9999
-9999 -9999 -9999 -9999 -9999 7.87906 9.07237 10.8547 11.2981 11.259 11.6278 11.6604 11.3065 10.999 10.0783 8.82005 6.40353 7.01745 8.29991 10.1498 11.121 10.9877 10.4442 9.5019 7.22459 5.23158 4.98849 4.6614 3.10606 1.70094 -0.0301423 0.971716 2.0693 3.27018 3.90083 3.73624 5.00041 6.03086 5.59212 6.428 7.40317 6.95921 6.69608 6.47502 5.93517 5.90137 5.9562 6.65734 6.17041 6.46813 6.4744 6.45692 6.6228 6.81389 7.01468 7.04694 7.04651 7.04882 7.02416 7.03087 7.0175 7.00405 6.99135 6.97127 6.73433 4.23794 2.74558 -9999 -9999 -9999 -9999 -9999
-9999 -9999 -9999 -9999 -9999 6.78416 7.37983 9.4904 10.1429 11.0761 11.5719 11.5955 10.9977 10.6645 9.29279 8.84718 6.61183 5.59901 6.45596 6.12564 8.67353 10.9279 10.4349 5.87881 4.2277 3.04976 3.35082 3.3527 2.91917 0.527446 -0.13245 2.00819 3.35586 4.39992 5.19176 5.35617 5.32817 6.94046 7.15386 7.67693 7.56187 7.60924 6.79362 6.2884 6.72574 6.2167 6.12879 6.85319 6.13775 6.78315 6.70567 6.51107 6.50039 6.92555 7.01114 7.05581 7.05757 7.03983 7.01715 7.00331 7.0154 7.00704 6.98131 6.9802 6.95456 6.65381 5.36132 4.90786 5.4048 -9999 -9999 -9999
-9999 -9999 -9999 -9999 -9999 -9999 5.4175 8.3501 9.69041 10.3952 11.3869 11.507 11.1898 10.6129 9.21548 7.98625 5.98794 3.70565 2.4963 6.11103 9.25687 10.898 10.6803 6.88766 5.39008 5.31949 6.19967 5.4552 4.89048 3.07291 2.52918 1.77371 2.23833 3.69412 4.88257 6.02908 6.86237 6.92958 7.46989 7.77975 7.80413 7.90032 7.80336 7.72402 6.93533 7.47705 7.01535 7.25889 7.10064 6.95781 6.83442 6.38419 6.7013 6.98207 7.05391 7.07503 7.05693 7.05176 7.03851 7.01065 6.99674 6.99303 6.98831 6.97169 6.96911 6.95096 6.80381 6.0252 4.98372 3.66867 -9999 -9999
-9999 -9999 -9999 -9999 -9999 -9999 3.95767 6.8758 8.28238 10.0928 11.0255 11.4038 11.354 10.8865 9.82458 8.22621 6.89435 4.34676 1.70137 5.4962 8.87587 10.6991 10.7945 7.60697 8.48907 7.77415 8.06125 6.75355 6.20995 5.78052 4.84156 3.81485 2.69218 2.09743 4.76683 6.13709 7.23957 7.75887 8.05192 8.1976 8.11816 7.91595 6.72891 7.63172 7.58049 7.48923 7.38486 7.33387 7.23934 7.12822 7.06191 7.03805 6.73883 7.07657 7.06721 7.07055 7.07084 7.06063 7.04232 7.02601 7.0061 7.00416 6.99021 6.97641 6.96609 6.95788 6.94576 6.90056 6.69185 4.92681 3.87014 3.57114
-9999 -9999 -9999 -9999 -9999 -9999 -0.137067 4.10775 7.52088 9.30274 10.753 11.1515 11.3002 10.673 10.2035 9.05761 7.97222 6.29808 3.79087 2.24662 5.0881 9.21793 10.7391 10.6187 10.5223 9.69593 8.95127 8.85658 8.91182 8.04592 6.78488 5.13568 4.6202 4.04152 6.02945 6.29821 6.15182 8.33749 8.34126 8.21569 7.37767 6.44063 6.61719 6.0358 6.47678 5.78419 6.41848 6.9667 7.17082 7.15282 7.0786 7.06913 7.03511 7.09184 7.08952 7.0787 7.07004 7.06466 7.05491 7.02781 7.01159 7.01887 6.99901 6.98395 6.96841 6.9628 6.95558 6.92151 6.89032 6.61681 6.20692 5.42672
-9999 -9999 -9999 -9999 -9999 -9999 0.0508607 3.62153 6.64975 8.46628 10.2124 10.6175 11.2066 11.079 10.5873 9.59107 8.34648 6.9685 4.81742 3.21831 5.11773 7.86049 9.82344 10.526 10.5168 10.4686 10.281 10.2046 9.98645 9.83119 8.92555 7.36712 6.4863 5.1977 7.41316 7.66067 7.31268 8.41761 8.36074 6.6864 5.3987 5.23701 6.02141 5.27372 5.13909 4.67254 5.19634 6.60243 6.19133 6.27121 6.90774 7.01157 7.07649 7.09322 7.08736 7.08289 7.0706 7.07076 7.07079 7.04415 7.03082 7.02325 6.99701 6.98966 6.97067 6.9545 6.94 6.92061 6.89204 6.81255 6.72555 6.81063
-9999 -9999 -9999 -9999 -9999 -9999 0.1294 2.52922 5.25422 7.92869 9.79332 10.5453 11.0927 11.0863 10.5148 10.0192 9.23861 8.02619 7.19415 5.75046 3.76957 7.08748 8.10574 9.01267 9.39576 10.3416 10.3174 9.88244 9.37577 9.84208 9.7028 8.46938 8.06297 7.37758 8.60915 8.6107 8.57509 8.50755 7.09276 5.12679 3.55511 4.68367 4.44616 4.96472 3.35425 4.67685 5.73959 6.08337 5.35863 4.82065 6.47834 6.75076 6.91281 7.01614 7.08353 7.06551 7.08105 7.06986 7.06352 7.05662 7.04074 7.03036 7.01407 6.99733 6.98001 6.96575 6.94462 6.9191 6.91517 6.87088 6.85245 6.83447
-9999 -9999 -9999 -9999 -9999 -9999 -9999 1.11772 4.57156 7.65547 9.37227 10.4517 10.9773 10.9671 10.6744 10.3375 9.85305 8.97803 7.87911 6.14323 4.85433 5.67078 6.66882 6.77959 7.4419 9.36462 10.0207 9.08811 6.78389 8.14124 9.65584 9.62981 9.49905 9.35294 9.16437 8.99607 8.62947 7.64989 4.6519 4.06276 2.88598 3.01828 2.41396 3.73102 3.23495 4.58652 5.17139 5.39121 4.13861 4.40169 5.86913 6.44953 6.3515 6.70722 7.04624 7.05617 7.06467 7.05455 7.06056 7.06189 7.05474 7.03828 7.02538 7.01537 6.98449 6.98343 6.86994 6.79546 6.64664 6.82626 6.84164 6.84723
-9999 -9999 -9999 -9999 -9999 -9999 -9999 0.432954 3.88013 7.51196 8.67782 9.84153 10.8457 10.8647 10.4178 9.99273 9.55481 9.05632 7.72368 6.43137 5.19755 4.78277 5.03019 5.0109 6.08309 8.58836 9.07254 8.86442 6.45747 5.64198 7.66587 9.36659 9.4992 9.34347 7.33902 7.76433 6.68245 5.21567 4.81112 4.16847 2.81178 3.46304 2.46893 2.89333 2.77721 3.54386 3.91689 4.82898 3.73711 3.74061 5.18135 5.90801 5.92497 6.68779 6.95903 7.02929 7.04617 7.05797 7.06019 7.07114 7.06302 7.05067 7.03463 6.99693 6.90869 6.63806 5.18512 5.18522 5.5813 5.95608 6.63839 6.82856
-9999 -9999 -9999 -9999 -9999 -9999 -9999 0.833539 3.22552 6.448 8.83488 8.98446 10.1446 10.743 10.2572 9.71025 9.15059 8.90542 7.45523 5.86234 4.57518 3.05179 3.30169 4.39396 6.18193 7.79986 8.08829 7.75254 6.4619 7.06964 8.4495 9.18157 9.39649 9.22489 8.78731 8.53392 7.73692 7.3908 6.28443 4.55523 3.8734 4.30324 2.46751 2.59444 3.27149 2.54844 3.73501 4.30209 2.89252 4.00903 5.28396 5.93518 6.50443 6.7733 6.87983 7.04382 7.04716 7.06003 7.06659 7.06316 7.06203 7.03416 7.01081 6.85561 6.62722 5.27454 4.7066 4.81546 5.4385 5.98389 6.55322 6.78592
-9999 -9999 -9999 -9999 -9999 -9999 -9999 1.24299 3.39653 6.19054 7.89218 8.19622 9.48275 10.6266 10.4981 9.92905 9.75519 9.16538 7.93539 6.57689 5.0921 4.36984 2.71047 4.34253 5.63448 7.00448 7.64486 6.58436 6.05124 6.99196 7.92716 8.29994 9.24446 9.23424 8.92477 7.59468 6.94548 7.21819 6.93861 6.44989 5.25925 5.20505 4.43973 4.12197 3.82174 2.84796 3.46591 3.52643 3.69255 5.03332 5.69625 6.13541 6.53478 6.63882 6.81191 7.03685 7.05574 7.06282 7.06076 7.06391 7.04615 6.98068 6.92522 6.61433 6.06491 5.04084 3.37862 4.5454 5.76555 6.12789 6.48077 6.66367
-9999 -9999 -9999 -9999 -9999 -9999 -9999 0.877689 3.16537 5.55319 6.55125 6.72028 9.04912 10.4748 10.4766 10.2065 9.89106 8.4354 8.52003 8.22826 6.88884 4.93817 2.79589 2.99596 4.27041 6.08152 6.67967 4.92706 4.30712 4.76129 6.17606 7.44235 8.76457 9.09954 8.7101 6.64036 4.44092 5.45935 6.54761 6.54041 6.2196 5.11528 4.76376 4.44539 3.63924 2.27315 2.47203 2.84955 4.37168 4.85236 5.59571 6.21291 5.97861 6.11388 6.70436 7.04273 7.05448 7.05948 7.06957 7.06065 7.03921 6.90999 6.77315 6.54428 5.11411 4.22419 2.92793 4.42867 5.25997 5.7006 6.49206 6.67963
-9999 -9999 -9999 -9999 -9999 -9999 -9999 0.171051 1.83106 4.11332 5.03281 6.49974 8.70044 9.78252 10.3009 10.2887 10.0783 9.4261 9.03367 8.26106 6.86777 4.9629 2.84553 1.46684 2.16653 4.60281 5.17857 3.56177 2.73934 3.76131 5.26916 7.50231 8.77775 8.949 8.83241 8.40471 6.79862 4.85838 4.86384 5.83527 5.02036 4.07337 4.59233 4.4948 3.69878 3.11939 2.7637 2.98213 3.84943 4.20726 5.06617 6.33448 6.51517 6.47804 7.01144 7.03711 7.04853 7.06761 7.06585 7.05979 7.04253 6.93693 6.70185 5.74951 4.91881 3.76363 3.61946 4.95294 5.53648 6.07896 6.46647 6.59176
-9999 -9999 -9999 -9999 -9999 -9999 -9999 -1.04679 0.906303 3.0442 5.04592 6.93967 8.56942 8.69481 9.55402 9.55226 10.0021 9.8723 9.26766 8.61687 7.41635 4.96961 2.91209 0.668221 1.25878 3.74182 4.06685 2.98362 0.983152 3.04672 5.32252 7.38498 8.50096 7.62412 8.52053 8.44569 7.84321 6.68774 4.89176 4.92456 3.57832 3.51859 4.20816 4.43112 4.31477 3.87952 3.18317 3.30099 3.82695 3.95991 4.74913 5.73275 6.6944 6.85507 7.03762 7.04445 7.04638 7.06031 7.06112 7.03991 6.98946 6.87907 6.08055 5.1311 4.54565 3.74038 3.64138 5.18211 5.79398 6.13403 6.46867 6.5999
-9999 -9999 -9999 -9999 -9999 -9999 -9999 -9999 0.70776 2.9164 4.55056 4.99022 6.43876 7.22063 7.82548 7.959 9.68612 9.78063 9.39705 8.79923 7.77523 5.91845 4.62451 2.47222 0.92497 1.55844 1.85534 2.42269 2.25413 3.1739 5.36081 7.63924 7.88683 6.43767 6.65099 6.95284 7.63073 7.28509 4.83833 3.59461 2.56201 3.29336 4.06277 4.24794 4.28392 4.13385 3.95822 3.66225 4.69176 5.45321 5.62875 6.29257 6.78239 6.91684 7.01789 7.02943 7.04121 7.04035 7.01069 6.98886 6.8645 6.58718 5.69413 3.54813 3.6469 3.41349 2.74486 4.25047 5.1963 6.04651 6.49761 6.613
-9999 -9999 -9999 -9999 -9999 -9999 -9999 -9999 -0.0259612 2.52955 3.06897 3.02834 2.18154 2.57047 5.70694 6.33794 7.99427 9.56257 9.44662 8.86012 7.90202 6.7959 5.08375 2.66329 0.739885 -0.0709875 1.99588 4.0275 4.44611 5.09387 6.43358 6.68734 5.20637 3.81747 4.59555 5.06374 6.85082 7.17596 6.82708 5.35227 3.66616 2.7853 3.82196 3.95921 4.01997 4.03075 3.99604 3.95031 5.11255 5.75427 6.19903 6.44061 6.86098 6.9677 7.00113 7.03256 7.0239 7.00113 6.93348 6.85668 6.52213 6.11732 4.6553 3.43612 2.67531 1.70989 3.88096 4.52258 5.41226 5.98589 6.43459 6.5318
