Test_Spring_2018/03_18/Temp/20180331_011.txt
ncols	170
nrows	115
xllcorner	350000.000000
yllcorner	4445000.000000
cellsize	1000.000000
nodata_value	-9999.000000
[rows 32 to 63 of 115, columns 72 to 143 of 170]
19.1346 19.0477 19.2096 19.3592 19.264 19.2009 19.4272 19.4374 19.3699 19.1976 19.1419 19.0841 19.0538 18.8311 18.1834 17.6008 17.9328 17.9532 17.745 18.1529 17.9557 17.4219 16.6633 17.0925 16.9943 16.4397 16.3066 -9999 -9999 -9999 -9999 -9999 -9999 -9999 -9999 -9999 -9999 -9999 -9999 -9999 -9999 -9999 -9999 -9999 -9999 -9999 -9999 -9999 -9999 -9999 -9999 -9999 -9999 -9999 -9999 -9999 -9999 -9999 -9999 -9999 -9999 -9999 -9999 -9999 -9999 -9999 -9999 -9999 -9999 -9999 -9999 -9999
18.9935 18.9626 19.1984 19.2042 19.1871 19.2541 19.3937 19.4323 19.4125 19.3435 19.2857 19.224 19.0492 18.7924 18.2398 17.5748 17.4339 17.7785 17.807 17.8726 17.6941 17.4666 17.1036 17.4213 17.5512 17.1949 16.7154 16.4069 -9999 -9999 -9999 -9999 -9999 -9999 -9999 -9999 -9999 -9999 -9999 -9999 -9999 -9999 -9999 -9999 -9999 -9999 -9999 -9999 -9999 -9999 -9999 -9999 -9999 -9999 -9999 -9999 -9999 -9999 -9999 -9999 -9999 -9999 -9999 -9999 -9999 -9999 -9999 -9999 -9999 -9999 -9999 -9999
18.8274 18.6206 18.7671 18.8795 19.0492 19.0872 19.1254 19.4038 19.4002 19.3987 19.2955 19.2157 19.076 18.8293 18.4729 18.0413 17.2804 17.7704 18.1567 18.1596 18.1514 17.9957 17.6476 17.9598 17.9849 17.5202 16.9795 16.6843 16.5693 -9999 -9999 -9999 -9999 -9999 -9999 -9999 -9999 -9999 -9999 -9999 -9999 -9999 -9999 -9999 -9999 -9999 -9999 -9999 -9999 -9999 -9999 -9999 -9999 -9999 -9999 -9999 -9999 -9999 -9999 -9999 -9999 -9999 -9999 -9999 -9999 -9999 -9999 -9999 -9999 -9999 -9999 -9999
18.6404 18.3853 18.5326 18.7252 18.9743 19.0943 19.196 19.2862 19.3784 19.3795 19.2734 18.9387 18.9013 18.8987 18.6699 18.1762 17.6832 17.5651 18.1479 18.3237 18.3029 18.4422 18.1493 18.3046 18.2567 18.095 17.5808 17.1214 16.9439 16.582 -9999 -9999 -9999 -9999 -9999 -9999 -9999 -9999 -9999 -9999 -9999 -9999 -9999 -9999 -9999 -9999 -9999 -9999 -9999 -9999 -9999 -9999 -9999 -9999 -9999 -9999 -9999 -9999 -9999 -9999 -9999 -9999 -9999 -9999 -9999 -9999 -9999 -9999 -9999 -9999 -9999 -9999
-9999 -9999 18.2195 18.4605 18.6635 18.9138 19.1302 19.2485 19.3641 19.366 19.1426 19.0394 19.0413 18.8954 18.6294 18.4675 18.162 17.8433 17.9832 18.4821 18.2785 18.6351 18.6177 18.6924 18.4732 18.0207 17.4434 17.1009 16.9432 16.6519 -9999 -9999 -9999 -9999 -9999 -9999 -9999 -9999 -9999 -9999 -9999 -9999 -9999 -9999 -9999 -9999 -9999 -9999 -9999 -9999 -9999 -9999 -9999 -9999 -9999 -9999 -9999 -9999 -9999 -9999 -9999 -9999 -9999 -9999 -9999 -9999 -9999 -9999 -9999 -9999 -9999 -9999
-9999 -9999 -9999 18.4062 18.5603 18.9049 19.0681 19.1478 19.3276 19.3381 19.26 19.2042 19.1187 19.004 18.8073 18.5893 18.3031 18.2888 18.6131 18.6301 18.5779 18.6413 18.8129 18.7822 18.4271 17.8064 17.4918 16.8232 16.5515 16.592 16.4033 -9999 -9999 -9999 -9999 -9999 -9999 -9999 -9999 -9999 -9999 -9999 -9999 17.3629 -9999 -9999 -9999 -9999 -9999 -9999 -9999 -9999 -9999 -9999 -9999 -9999 -9999 -9999 -9999 -9999 -9999 -9999 -9999 -9999 16.476 -9999 -9999 -9999 -9999 -9999 -9999 -9999
-9999 -9999 18.3744 18.5661 18.7377 18.9563 18.9762 19.1006 19.3054 19.3179 19.2653 19.2051 19.0569 19.0296 18.9233 18.6858 18.6481 18.7636 18.8242 18.8907 18.9365 18.9225 18.8697 18.7973 18.553 18.278 18.0965 17.4985 17.1907 16.9098 16.4794 16.1457 -9999 -9999 -9999 -9999 -9999 -9999 -9999 17.0582 17.0582 17.0824 17.1957 17.4793 17.338 -9999 -9999 -9999 -9999 -9999 -9999 -9999 -9999 -9999 -9999 -9999 -9999 -9999 -9999 -9999 -9999 -9999 -9999 -9999 16.7103 16.3798 -9999 -9999 -9999 -9999 -9999 -9999
-9999 -9999 18.3976 18.6263 18.7441 18.9559 19.0802 19.1475 19.2239 19.2979 19.297 19.2291 19.1209 19.1342 18.9822 18.9069 18.8575 19.0092 19.0506 19.0092 18.9533 18.9048 18.7436 18.7346 18.6647 18.4933 18.2055 17.9084 17.459 16.8698 16.2925 15.8296 -9999 -9999 -9999 -9999 -9999 -9999 17.0811 17.32 17.4699 17.2037 17.4622 17.6997 17.6805 17.4674 -9999 -9999 -9999 -9999 -9999 -9999 -9999 -9999 -9999 -9999 -9999 -9999 -9999 -9999 18.282 17.9429 17.2401 16.8884 16.6845 16.3856 -9999 -9999 -9999 -9999 -9999 -9999
-9999 -9999 18.3474 18.6153 18.7985 18.9617 18.9933 19.1516 19.2227 19.2662 19.2717 19.2667 19.2562 19.1248 19.0762 18.8726 19.0955 19.1023 19.0642 18.8697 18.7928 18.4473 18.3015 18.2549 18.5659 18.3522 17.8958 17.3228 16.6199 16.5814 16.3607 15.9478 -9999 -9999 -9999 -9999 -9999 -9999 17.1392 17.394 17.6097 17.6558 17.3916 17.8011 17.7888 17.5849 17.5506 17.746 17.8523 17.7918 18.0229 18.1014 18.0199 18.1422 -9999 -9999 -9999 -9999 18.2885 18.3204 18.3489 18.2181 17.4488 16.929 16.464 16.4319 -9999 -9999 -9999 -9999 -9999 -9999
-9999 -9999 18.5218 18.6887 18.7757 18.7944 18.9405 19.0779 19.1655 19.2312 19.2283 19.2342 19.2408 19.2046 19.1041 19.1394 19.1452 19.0936 18.7112 18.262 18.4779 18.2194 17.6289 18.1108 18.383 18.1389 17.5832 16.9374 16.7187 16.7344 16.4227 16.0161 -9999 -9999 -9999 16.4268 16.7829 16.8291 16.9466 17.2811 17.5399 17.7422 17.8835 17.8864 17.7703 17.5713 17.3531 17.4515 17.8867 18.0038 18.0989 18.1795 18.1048 18.1665 18.2949 18.3693 18.3977 18.3882 18.3995 18.4262 18.4305 18.3098 17.6247 17.2398 17.0006 16.5003 -9999 -9999 -9999 -9999 -9999 -9999
-9999 -9999 18.4076 18.5529 18.6713 18.8616 18.8865 19.0107 19.0796 19.1884 19.2098 19.0982 19.2116 19.2119 19.2073 19.1823 19.1391 18.8194 18.3726 17.924 17.724 17.8174 17.474 17.6596 17.9349 17.8479 17.5026 16.9276 16.8529 16.7145 16.1823 15.6726 -9999 -9999 15.7406 16.4086 16.8844 17.1385 17.2296 17.2546 17.5765 17.6184 17.9632 17.8947 17.477 17.5416 17.3916 17.5156 17.6825 17.7395 17.9697 18.1989 18.2546 18.2712 18.3587 18.3897 18.4101 18.4253 18.3942 18.4341 18.4554 18.387 17.895 17.6643 17.4041 16.4998 -9999 -9999 -9999 -9999 -9999 -9999
-9999 -9999 18.4652 18.6258 18.8011 18.8333 18.9647 18.9615 18.9237 19.1075 19.1782 19.1026 19.0527 19.1811 19.1879 19.1884 19.1794 18.8805 18.5317 17.9947 17.6657 17.4594 17.3212 17.1189 17.2638 17.2293 17.1802 17.2516 17.099 16.7765 16.4689 15.8861 15.5771 -9999 15.765 16.0749 16.638 17.12 17.433 17.3454 17.7094 17.7919 18.0014 17.9014 17.6538 17.555 17.5604 17.541 17.7886 17.9619 18.081 18.1699 18.2779 18.3168 18.3561 18.3822 18.4041 18.4266 18.4429 18.4589 18.4666 18.4524 18.2361 18.0025 17.4839 16.5243 -9999 -9999 -9999 -9999 -9999 -9999
-9999 18.0114 18.4424 18.7076 18.8124 18.8891 18.9576 19.009 19.0568 19.1127 19.153 19.1483 18.9318 18.9645 19.0209 19.1671 19.1745 19.1627 18.9796 18.3232 18.098 17.7646 17.3349 17.1545 17.2536 17.6206 17.6108 17.3784 17.1188 16.7486 16.5229 16.1693 15.4828 15.558 15.886 16.1351 16.5233 17.109 17.5256 17.7221 17.8081 17.9607 18.051 17.906 17.7685 17.7201 17.6166 17.6149 17.6306 17.7858 17.9047 18.1653 18.2626 18.3162 18.3511 18.3776 18.4018 18.4263 18.4464 18.4597 18.4781 18.4946 18.493 18.1805 17.3722 16.7702 -9999 -9999 -9999 -9999 -9999 -9999
-9999 -9999 18.3567 18.4745 18.5074 18.5629 18.6741 18.8026 18.9775 19.0079 19.1142 19.1258 18.94 18.7265 18.9407 19.0362 19.1351 19.1547 19.1457 18.5877 18.3046 18.0828 17.6708 17.8257 17.9769 17.9939 17.9124 17.4065 16.9027 16.3126 15.7722 15.7554 15.4703 15.6389 15.8604 16.4085 16.8002 16.9701 17.098 17.6946 17.8597 17.9282 18.0934 17.9088 17.873 17.7373 17.7977 17.7995 17.815 17.4098 17.8404 17.8806 18.1704 18.3101 18.3542 18.3781 18.4029 18.4214 18.4406 18.4574 18.4785 18.4909 18.505 18.3084 17.2778 16.772 -9999 -9999 -9999 -9999 -9999 -9999
-9999 -9999 -9999 -9999 18.3921 18.4822 18.5413 18.6424 18.9394 19.0273 19.0901 19.1059 19.0309 18.8199 18.7766 18.8349 18.6323 18.8325 19.0975 19.1047 19.0862 18.6003 18.3509 18.604 18.5355 18.1679 17.8794 17.5946 17.0034 16.564 15.9432 15.4803 15.4732 16.0066 16.4531 17.0077 17.2625 17.1453 17.3109 17.614 17.958 18.1334 18.1138 17.9182 17.9037 17.6859 17.9308 17.9654 17.8733 17.7954 17.8418 17.9928 18.06 18.2904 18.3584 18.3844 18.4028 18.4209 18.4377 18.4546 18.4694 18.4855 18.5008 18.5094 17.4496 16.6316 -9999 -9999 -9999 -9999 -9999 -9999
-9999 -9999 -9999 -9999 18.1783 18.2338 18.377 18.7413 18.9288 19.0128 19.0198 19.0665 19.0177 18.8342 18.6467 18.4718 18.2407 18.3986 18.7886 19.0231 19.0601 18.6352 18.866 18.7881 18.6269 18.1441 17.7893 17.6034 17.0358 16.5429 16.1325 15.5641 15.8219 16.1063 16.4698 17.0735 17.4874 17.6686 17.5495 17.7513 18.1444 18.1645 17.9769 18.0072 17.8976 17.594 17.9417 18.0502 17.9894 18.0234 18.005 18.0709 18.1784 18.2822 18.3568 18.3812 18.3991 18.4144 18.432 18.45 18.4639 18.4825 18.4979 18.5107 17.8331 16.6102 -9999 -9999 -9999 -9999 -9999 -9999
-9999 -9999 -9999 -9999 -9999 17.9851 18.3083 18.7909 18.9086 18.9057 19.0143 19.0345 18.9528 18.8852 18.6543 18.3336 17.7014 17.8829 18.2429 18.754 19.0272 19.002 18.8607 18.6146 18.0087 17.4785 17.4183 17.3354 16.9225 16.5424 16.0854 16.3642 16.6702 17.0056 17.1894 17.1611 17.5182 17.8133 17.7139 17.9572 18.2378 18.1366 18.0836 18.0415 17.9124 17.9194 17.9498 18.1535 18.0376 18.1323 18.1442 18.1551 18.2154 18.2828 18.3531 18.3785 18.3955 18.4137 18.425 18.4451 18.4602 18.4754 18.4909 18.5046 18.4599 17.8107 17.4287 -9999 -9999 -9999 -9999 -9999
-9999 -9999 -9999 -9999 -9999 17.6827 17.8456 18.4168 18.591 18.8498 18.9929 19.011 18.8639 18.7887 18.4364 18.3342 17.7506 17.4946 17.7401 17.6649 18.3618 18.9783 18.8504 17.6329 17.1954 16.8845 16.9707 16.9765 16.8654 16.2203 16.0514 16.6366 17.0101 17.3036 17.5308 17.5904 17.6004 18.0518 18.1275 18.2865 18.2739 18.3047 18.1031 17.9844 18.1179 17.9972 17.9892 18.1992 18.0219 18.2102 18.1996 18.163 18.176 18.3065 18.3459 18.3747 18.3922 18.405 18.4168 18.4315 18.4533 18.4699 18.4819 18.5005 18.5126 18.4536 18.1253 18.0222 18.1743 -9999 -9999 -9999
-9999 -9999 -9999 -9999 -9999 -9999 17.3107 18.1035 18.4628 18.6607 18.9376 18.9819 18.9054 18.7671 18.4088 18.0957 17.5755 16.9781 16.6678 17.6528 18.5103 18.9619 18.908 17.8959 17.5 17.487 17.7293 17.5349 17.3891 16.8985 16.7613 16.5684 16.7049 17.1067 17.4413 17.766 18.0073 18.0433 18.2068 18.308 18.3327 18.3764 18.3677 18.3634 18.1673 18.329 18.2206 18.3014 18.274 18.2506 18.2277 18.1225 18.2238 18.3155 18.3514 18.3734 18.3859 18.4022 18.4165 18.427 18.4423 18.46 18.4776 18.492 18.5102 18.5271 18.5066 18.3161 18.0547 17.7194 -9999 -9999
-9999 -9999 -9999 -9999 -9999 -9999 16.9109 17.7006 18.0781 18.5738 18.829 18.9405 18.9428 18.8337 18.5652 18.1526 17.8111 17.142 16.4455 17.4795 18.3989 18.8995 18.9344 18.0807 18.3248 18.1392 18.2227 17.8776 17.7381 17.6208 17.3779 17.1126 16.8185 16.6723 17.4054 17.7902 18.1037 18.2609 18.3577 18.4149 18.4105 18.374 18.0722 18.3318 18.3338 18.3253 18.313 18.3148 18.3047 18.29 18.2824 18.292 18.2278 18.333 18.3481 18.3662 18.3837 18.3986 18.4115 18.4252 18.438 18.4564 18.4721 18.4872 18.5032 18.5228 18.5386 18.5452 18.5075 18.0513 17.7852 17.722
-9999 -9999 -9999 -9999 -9999 -9999 15.8028 16.95 17.8581 18.3478 18.7443 18.8658 18.9212 18.7689 18.6593 18.3677 18.0921 17.6573 16.9977 16.5957 17.3721 18.4927 18.9103 18.8813 18.863 18.6481 18.455 18.4367 18.4589 18.2245 17.8888 17.4576 17.3313 17.1903 17.7402 17.8287 17.8063 18.4113 18.4299 18.4139 18.2063 17.9704 18.0348 17.8959 18.0302 17.8601 18.0464 18.2094 18.2797 18.2903 18.2805 18.2907 18.2985 18.3315 18.3481 18.3625 18.3776 18.3938 18.409 18.4197 18.4335 18.4536 18.4676 18.4821 18.4977 18.5181 18.5351 18.5446 18.5547 18.4994 18.4072 18.2147
-9999 -9999 -9999 -9999 -9999 -9999 15.8359 16.7934 17.6171 18.1091 18.5916 18.7148 18.8884 18.8699 18.7539 18.5022 18.1832 17.8278 17.2636 16.8468 17.3692 18.1179 18.6552 18.8473 18.853 18.848 18.8054 18.7848 18.7346 18.6912 18.4592 18.0511 17.8281 17.4964 18.1074 18.1902 18.1134 18.4275 18.4295 17.9969 17.6681 17.6418 17.8677 17.6833 17.6627 17.5543 17.711 18.1047 18.0056 18.0429 18.224 18.2688 18.3042 18.3258 18.3415 18.3577 18.3719 18.3896 18.4074 18.4182 18.4327 18.4488 18.46 18.4776 18.491 18.5087 18.5248 18.5382 18.549 18.5459 18.5393 18.5796
-9999 -9999 -9999 -9999 -9999 -9999 15.8458 16.4917 17.2345 17.9564 18.4709 18.6873 18.8494 18.8632 18.7253 18.6076 18.413 18.1017 17.8919 17.5168 16.9964 17.8993 18.1836 18.431 18.5347 18.7969 18.7985 18.69 18.552 18.6884 18.6607 18.3422 18.2469 18.0774 18.4239 18.4404 18.4474 18.4461 18.0828 17.5715 17.1661 17.4864 17.4393 17.5931 17.1758 17.5428 17.8443 17.9526 17.7752 17.6466 18.1019 18.1933 18.2539 18.2989 18.3344 18.347 18.3687 18.3834 18.3995 18.4156 18.4293 18.4446 18.4584 18.4722 18.4874 18.5058 18.5188 18.5289 18.5464 18.5542 18.5674 18.5801
-9999 -9999 -9999 -9999 -9999 -9999 -9999 16.0997 17.0286 17.8699 18.3448 18.6492 18.8053 18.8179 18.7545 18.6791 18.5636 18.3425 18.0604 17.6063 17.2715 17.5019 17.7801 17.8135 18.0004 18.526 18.7113 18.4698 17.8458 18.2194 18.6391 18.6455 18.6246 18.6002 18.5678 18.5385 18.4563 18.2096 17.4205 17.2759 16.9762 17.0282 16.8822 17.2497 17.1319 17.5113 17.6845 17.7596 17.439 17.518 17.9308 18.1041 18.095 18.2081 18.3182 18.3384 18.3583 18.3732 18.3927 18.4109 18.427 18.4391 18.4537 18.4691 18.4808 18.503 18.4911 18.4897 18.4682 18.5349 18.5573 18.5796
-9999 -9999 -9999 -9999 -9999 -9999 -9999 15.8946 16.8327 17.8215 18.1483 18.4752 18.7598 18.7798 18.6746 18.5752 18.4719 18.3518 18.0069 17.6721 17.3524 17.2522 17.3294 17.328 17.6258 18.3088 18.4486 18.4026 17.7476 17.5407 18.0977 18.5685 18.6184 18.5915 18.0681 18.1983 17.9236 17.5457 17.4535 17.2972 16.949 17.1405 16.8896 17.02 17.0014 17.2236 17.3401 17.6014 17.3242 17.3332 17.7391 17.9518 17.9738 18.1963 18.2868 18.3233 18.3455 18.3664 18.3849 18.4057 18.4214 18.4361 18.4499 18.4579 18.4523 18.3998 18.0323 18.0509 18.1758 18.295 18.4961 18.5691
-9999 -9999 -9999 -9999 -9999 -9999 -9999 15.9911 16.6461 17.525 18.18 18.2342 18.5605 18.736 18.6201 18.4876 18.3514 18.2994 17.9229 17.5075 17.1737 16.7759 16.8543 17.1587 17.6428 18.088 18.1758 18.0962 17.741 17.9171 18.3012 18.5119 18.5841 18.5529 18.4506 18.3983 18.2001 18.1232 17.8422 17.3938 17.2269 17.3588 16.8817 16.9321 17.1304 16.9485 17.2838 17.4526 17.0902 17.3998 17.7598 17.9522 18.1228 18.2126 18.2589 18.3206 18.3393 18.3605 18.3801 18.3971 18.4148 18.4253 18.4371 18.4136 18.3704 18.025 17.8976 17.9455 18.1315 18.2965 18.4711 18.5521
-9999 -9999 -9999 -9999 -9999 -9999 -9999 16.0895 16.6807 17.4447 17.9155 18.0112 18.3713 18.6932 18.6731 18.5345 18.5019 18.3572 18.04 17.6878 17.3012 17.1191 16.6847 17.1348 17.4859 17.865 18.0481 17.7532 17.6224 17.8883 18.1532 18.2674 18.5358 18.548 18.4802 18.1383 17.9798 18.0692 18.0103 17.8953 17.5916 17.5934 17.4041 17.335 17.2707 17.0213 17.2039 17.2367 17.2992 17.6679 17.8635 17.9991 18.124 18.1696 18.2339 18.3121 18.3349 18.3547 18.372 18.3908 18.404 18.4045 18.4077 18.3423 18.2129 17.9559 17.5346 17.8668 18.2134 18.333 18.446 18.5137
-9999 -9999 -9999 -9999 -9999 -9999 -9999 15.9792 16.6067 17.2617 17.5435 17.6028 18.2429 18.6405 18.6553 18.597 18.5263 18.1489 18.1852 18.1199 17.7726 17.2607 16.697 16.7626 17.1115 17.6075 17.7797 17.2987 17.145 17.2804 17.6744 18.0289 18.3989 18.5039 18.4145 17.8738 17.2985 17.5883 17.897 17.9114 17.8416 17.5612 17.4831 17.414 17.2138 16.8627 16.929 17.0472 17.4652 17.6119 17.8293 18.0128 17.9675 18.0216 18.1981 18.3068 18.3278 18.3471 18.3677 18.3833 18.3956 18.379 18.3603 18.317 17.9509 17.73 17.4048 17.8294 18.0714 18.2119 18.4434 18.5124
-9999 -9999 -9999 -9999 -9999 -9999 -9999 15.7767 16.2358 16.8625 17.1233 17.5315 18.1371 18.4422 18.5959 18.6069 18.5644 18.4031 18.3113 18.117 17.7555 17.2563 16.6996 16.3412 16.5413 17.2003 17.3619 16.9225 16.7146 17.0027 17.4219 18.0364 18.3938 18.4548 18.4388 18.3395 17.9236 17.4181 17.4358 17.7133 17.5107 17.2727 17.4287 17.4191 17.2218 17.0827 16.9995 17.0765 17.3173 17.4311 17.6797 18.0383 18.1046 18.1124 18.2736 18.2984 18.3193 18.3424 18.3599 18.3763 18.3898 18.3796 18.3346 18.0969 17.892 17.5998 17.5795 17.9642 18.1437 18.3078 18.4308 18.4832
-9999 -9999 -9999 -9999 -9999 -9999 -9999 15.4366 15.9747 16.5627 17.1145 17.6374 18.0896 18.1375 18.3828 18.3966 18.5317 18.5109 18.3623 18.201 17.8916 17.247 16.7067 16.1161 16.2872 16.9619 17.0358 16.7577 16.2332 16.8014 17.4271 17.9957 18.3103 18.0896 18.3458 18.3413 18.1952 17.9007 17.4343 17.4595 17.1142 17.1148 17.3169 17.3936 17.3791 17.2789 17.1084 17.1544 17.3036 17.3571 17.5871 17.8692 18.1455 18.2066 18.2735 18.2933 18.3117 18.3335 18.3518 18.3642 18.3688 18.3573 18.161 17.9241 17.7852 17.5872 17.5791 18.0169 18.2069 18.3168 18.4256 18.4798
-9999 -9999 -9999 -9999 -9999 -9999 -9999 -9999 15.9087 16.5158 16.9688 17.1009 17.5044 17.7288 17.9058 17.9561 18.4347 18.4744 18.3853 18.2385 17.9769 17.4911 17.1563 16.5905 16.1872 16.3603 16.4316 16.5972 16.5652 16.8261 17.4278 18.0544 18.1356 17.761 17.8336 17.9303 18.1285 18.0517 17.4104 17.0927 16.8319 17.0453 17.269 17.3357 17.3624 17.339 17.3099 17.2338 17.5284 17.751 17.816 18.0123 18.1619 18.2159 18.261 18.2821 18.3032 18.3211 18.3312 18.3435 18.3283 18.272 18.0504 17.492 17.537 17.4928 17.3317 17.7595 18.0397 18.2873 18.4276 18.4776
-9999 -9999 -9999 -9999 -9999 -9999 -9999 -9999 15.6988 16.3992 16.558 16.561 16.3475 16.4664 17.324 17.5081 17.9679 18.404 18.3871 18.2436 17.9999 17.7161 17.2691 16.6314 16.1271 15.8989 16.4643 17.0189 17.1446 17.3323 17.7061 17.7885 17.4049 17.0464 17.2708 17.4123 17.9087 18.0123 17.9351 17.5555 17.1192 16.8995 17.1952 17.2493 17.2828 17.3029 17.3121 17.3082 17.6338 17.8243 17.9618 18.0447 18.1756 18.2223 18.2492 18.2757 18.2914 18.3033 18.3033 18.3009 18.2293 18.1388 17.7643 17.4551 17.2693 17.0284 17.6307 17.8265 18.0887 18.265 18.4048 18.45
