Test_Spring_2018/03_18/Temp/20180305_010.txt
ncols	170
nrows	115
xllcorner	350000.000000
yllcorner	4445000.000000
cellsize	1000.000000
nodata_value	-9999.000000
[rows 32 to 63 of 115, columns 72 to 143 of 170]
14.9221 14.5811 15.1022 15.5816 15.2711 15.0637 15.848 15.8448 15.5716 14.934 14.6987 14.455 14.3051 13.4887 11.2013 9.13901 10.2413 10.2656 9.49999 10.8667 10.1408 8.25111 5.58448 7.02855 6.648 4.73767 4.25655 -9999 -9999 -9999 -9999 -9999 -9999 -9999 -9999 -9999 -9999 -9999 -9999 -9999 -9999 -9999 -9999 -9999 -9999 -9999 -9999 -9999 -9999 -9999 -9999 -9999 -9999 -9999 -9999 -9999 -9999 -9999 -9999 -9999 -9999 -9999 -9999 -9999 -9999 -9999 -9999 -9999 -9999 -9999 -9999 -9999
14.4679 14.3203 15.0962 15.0774 15.0158 15.2807 15.7649 15.86 15.7518 15.4723 15.2303 14.9731 14.324 13.3903 11.4324 9.0852 8.55145 9.69744 9.75042 9.93258 9.27085 8.44006 7.14169 8.19893 8.60721 7.35109 5.70335 4.64403 -9999 -9999 -9999 -9999 -9999 -9999 -9999 -9999 -9999 -9999 -9999 -9999 -9999 -9999 -9999 -9999 -9999 -9999 -9999 -9999 -9999 -9999 -9999 -9999 -9999 -9999 -9999 -9999 -9999 -9999 -9999 -9999 -9999 -9999 -9999 -9999 -9999 -9999 -9999 -9999 -9999 -9999 -9999 -9999
13.9265 13.1699 13.6367 13.9864 14.6164 14.7748 14.8695 15.7947 15.7428 15.6974 15.2988 14.9798 14.4528 13.5541 12.2753 10.7361 8.05712 9.70602 10.9966 10.9612 10.8879 10.3051 9.05769 10.0954 10.1407 8.52907 6.70177 5.63631 5.19357 -9999 -9999 -9999 -9999 -9999 -9999 -9999 -9999 -9999 -9999 -9999 -9999 -9999 -9999 -9999 -9999 -9999 -9999 -9999 -9999 -9999 -9999 -9999 -9999 -9999 -9999 -9999 -9999 -9999 -9999 -9999 -9999 -9999 -9999 -9999 -9999 -9999 -9999 -9999 -9999 -9999 -9999 -9999
13.3114 12.3876 12.8573 13.4846 14.3602 14.8037 15.1468 15.4214 15.7018 15.6659 15.258 14.0579 13.885 13.8314 12.9945 11.2399 9.48757 9.03224 11.0021 11.5643 11.4468 11.8844 10.8272 11.322 11.1142 10.5361 8.77689 7.18119 6.52281 5.22554 -9999 -9999 -9999 -9999 -9999 -9999 -9999 -9999 -9999 -9999 -9999 -9999 -9999 -9999 -9999 -9999 -9999 -9999 -9999 -9999 -9999 -9999 -9999 -9999 -9999 -9999 -9999 -9999 -9999 -9999 -9999 -9999 -9999 -9999 -9999 -9999 -9999 -9999 -9999 -9999 -9999 -9999
-9999 -9999 11.8054 12.65 13.3527 14.2098 14.9518 15.3246 15.6869 15.655 14.842 14.4434 14.4068 13.8579 12.892 12.2853 11.1814 10.0313 10.468 12.1474 11.3969 12.5855 12.4815 12.697 11.8968 10.3613 8.33275 7.14333 6.55383 5.50187 -9999 -9999 -9999 -9999 -9999 -9999 -9999 -9999 -9999 -9999 -9999 -9999 -9999 -9999 -9999 -9999 -9999 -9999 -9999 -9999 -9999 -9999 -9999 -9999 -9999 -9999 -9999 -9999 -9999 -9999 -9999 -9999 -9999 -9999 -9999 -9999 -9999 -9999 -9999 -9999 -9999 -9999
-9999 -9999 -9999 12.4927 13.0264 14.1847 14.769 15.0099 15.5958 15.5945 15.2851 15.0512 14.7129 14.2718 13.5456 12.7446 11.7065 11.6089 12.6828 12.6939 12.4667 12.6405 13.1899 13.0406 11.7915 9.65114 8.52232 6.21511 5.23263 5.32927 4.63238 -9999 -9999 -9999 -9999 -9999 -9999 -9999 -9999 -9999 -9999 -9999 -9999 7.25881 -9999 -9999 -9999 -9999 -9999 -9999 -9999 -9999 -9999 -9999 -9999 -9999 -9999 -9999 -9999 -9999 -9999 -9999 -9999 -9999 2.97902 -9999 -9999 -9999 -9999 -9999 -9999 -9999
-9999 -9999 12.4008 13.1083 13.6697 14.3944 14.4541 14.88 15.554 15.5613 15.3411 15.093 14.5379 14.3992 13.9854 13.116 12.9371 13.2875 13.4479 13.6296 13.7403 13.6457 13.4185 13.1254 12.3053 11.3137 10.6466 8.54625 7.47788 6.46419 4.93228 3.73359 -9999 -9999 -9999 -9999 -9999 -9999 -9999 6.4731 6.41423 6.43886 6.77116 7.69328 7.14545 -9999 -9999 -9999 -9999 -9999 -9999 -9999 -9999 -9999 -9999 -9999 -9999 -9999 -9999 -9999 -9999 -9999 -9999 -9999 3.81487 2.60761 -9999 -9999 -9999 -9999 -9999 -9999
-9999 -9999 12.5834 13.343 13.7206 14.4241 14.8251 15.0757 15.3074 15.5289 15.489 15.2146 14.7986 14.7999 14.2277 13.9187 13.6978 14.1725 14.265 14.0722 13.8304 13.6157 13.0134 12.9401 12.7203 12.0888 11.0555 9.99086 8.44033 6.36129 4.32282 2.67846 -9999 -9999 -9999 -9999 -9999 -9999 6.64879 7.41612 7.87477 6.89289 7.7265 8.48757 8.36115 7.59358 -9999 -9999 -9999 -9999 -9999 -9999 -9999 -9999 -9999 -9999 -9999 -9999 -9999 -9999 9.53177 8.29589 5.80078 4.52033 3.75057 2.65234 -9999 -9999 -9999 -9999 -9999 -9999
-9999 -9999 12.4324 13.3299 13.9366 14.4747 14.5576 15.1064 15.3384 15.4561 15.4395 15.3836 15.3058 14.8063 14.591 13.8369 14.5569 14.5286 14.3449 13.621 13.3056 12.0628 11.5136 11.3688 12.4062 11.63 10.0152 7.99802 5.56794 5.39925 4.59606 3.12604 -9999 -9999 -9999 -9999 -9999 -9999 6.8885 7.70952 8.39407 8.49152 7.51484 8.86982 8.79353 8.02714 7.8482 8.46496 8.77441 8.52337 9.25622 9.46963 9.12991 9.49505 -9999 -9999 -9999 -9999 9.70541 9.75418 9.79053 9.2747 6.54917 4.68647 3.01287 2.84599 -9999 -9999 -9999 -9999 -9999 -9999
-9999 -9999 13.0567 13.6076 13.8842 13.9255 14.4077 14.8863 15.1757 15.3891 15.3431 15.3237 15.3037 15.1324 14.7358 14.8067 14.7742 14.5424 13.1665 11.5603 12.2576 11.3027 9.25309 10.8953 11.7997 10.9203 8.96418 6.69705 5.94375 5.9637 4.84787 3.41302 -9999 -9999 -9999 4.64328 5.82053 5.92274 6.26937 7.36519 8.19794 8.82448 9.24937 9.22454 8.75705 8.00657 7.19105 7.47183 8.91867 9.26622 9.54448 9.76543 9.44953 9.60844 9.99482 10.194 10.2334 10.1411 10.1194 10.1504 10.103 9.62183 7.18394 5.78705 4.89414 3.08851 -9999 -9999 -9999 -9999 -9999 -9999
-9999 -9999 12.7082 13.1866 13.573 14.2134 14.2778 14.6844 14.9215 15.2761 15.3148 14.8895 15.2389 15.1931 15.1274 14.9884 14.7846 13.6237 12.0232 10.4182 9.67572 9.98294 8.75214 9.36791 10.2842 9.94036 8.73459 6.71397 6.42419 5.94409 4.06484 2.26149 -9999 -9999 2.36043 4.61963 6.21057 7.03122 7.28518 7.30881 8.35855 8.4387 9.56715 9.29181 7.77992 7.94118 7.34926 7.71842 8.24118 8.38017 9.13241 9.86086 9.99618 9.99625 10.2414 10.2907 10.3029 10.2959 10.1277 10.2041 10.2152 9.9149 8.14808 7.28487 6.32703 3.11571 -9999 -9999 -9999 -9999 -9999 -9999
-9999 -9999 12.9522 13.4869 14.0728 14.1638 14.5969 14.5473 14.4163 15.0234 15.2406 14.94 14.7239 15.1205 15.0931 15.0405 14.9538 13.8631 12.6003 10.6883 9.49894 8.76516 8.24513 7.53891 8.006 7.85435 7.65339 7.87016 7.30868 6.19182 5.09267 3.03635 1.92602 -9999 2.48308 3.50288 5.39538 7.0037 8.02445 7.65684 8.85084 9.07015 9.75128 9.34132 8.41729 8.01539 7.97269 7.84528 8.64245 9.17355 9.54081 9.79057 10.1009 10.1785 10.2575 10.2901 10.3079 10.3264 10.3223 10.3159 10.2798 10.1664 9.35324 8.4866 6.62625 3.22381 -9999 -9999 -9999 -9999 -9999 -9999
-9999 11.3927 12.8916 13.791 14.1361 14.3838 14.6017 14.7584 14.9212 15.0754 15.1822 15.1314 14.3385 14.4032 14.5459 14.9961 14.9644 14.8658 14.1752 11.8491 11.0397 9.85831 8.33278 7.68328 7.99386 9.23302 9.1702 8.33789 7.41151 6.12812 5.31272 4.05273 1.63529 1.85141 2.93804 3.74714 5.03384 7.00007 8.3782 8.99261 9.22346 9.70145 9.94898 9.38442 8.84116 8.61083 8.19082 8.12412 8.11867 8.59684 8.96156 9.79722 10.0764 10.2003 10.2645 10.299 10.3246 10.3503 10.3596 10.3437 10.3446 10.3373 10.2723 9.12564 6.25682 4.09196 -9999 -9999 -9999 -9999 -9999 -9999
-9999 -9999 12.6138 13.0061 13.1046 13.2814 13.6492 14.0744 14.6772 14.7525 15.0858 15.082 14.3972 13.6089 14.2964 14.57 14.8535 14.8622 14.7729 12.8128 11.7873 10.9782 9.51492 10.0267 10.5188 10.5491 10.2401 8.46303 6.69362 4.64955 2.74646 2.65206 1.62658 2.16457 2.88262 4.72639 6.02443 6.55134 6.9296 8.92747 9.44327 9.61545 10.1219 9.4181 9.22642 8.69354 8.84034 8.78531 8.77928 7.31843 8.76059 8.84042 9.78431 10.2054 10.2984 10.3239 10.352 10.3571 10.3635 10.3599 10.3698 10.3525 10.3323 9.5855 5.95226 4.12067 -9999 -9999 -9999 -9999 -9999 -9999
-9999 -9999 -9999 -9999 12.7297 13.0275 13.2167 13.5484 14.5734 14.8481 15.0305 15.0448 14.7399 13.9586 13.754 13.8981 13.1374 13.7741 14.6435 14.6192 14.5099 12.7878 11.8969 12.7402 12.4738 11.1747 10.1507 9.14016 7.06949 5.5471 3.36659 1.72911 1.66503 3.46675 4.96293 6.82892 7.65312 7.18595 7.69404 8.68331 9.80813 10.3494 10.2156 9.47372 9.35557 8.53809 9.32315 9.3816 9.00266 8.67422 8.78675 9.24968 9.42342 10.1618 10.3389 10.3681 10.3741 10.3781 10.3761 10.3729 10.3616 10.3525 10.3397 10.3027 6.56798 3.65624 -9999 -9999 -9999 -9999 -9999 -9999
-9999 -9999 -9999 -9999 12.0142 12.1933 12.6737 13.9166 14.5626 14.8234 14.8122 14.933 14.7179 14.0313 13.327 12.6633 11.8063 12.2967 13.5929 14.3553 14.4387 12.9284 13.6995 13.3986 12.8124 11.1157 9.86312 9.1955 7.20711 5.49925 4.04693 2.04465 2.89704 3.83727 5.04641 7.08165 8.45599 9.02113 8.5475 9.18088 10.4756 10.4789 9.76416 9.80372 9.35626 8.24215 9.38266 9.6965 9.4259 9.48422 9.37221 9.54026 9.85317 10.1536 10.3535 10.3795 10.3822 10.3766 10.3776 10.3783 10.3637 10.3635 10.3507 10.3282 7.91586 3.60306 -9999 -9999 -9999 -9999 -9999 -9999
-9999 -9999 -9999 -9999 -9999 11.3575 12.4608 14.1122 14.516 14.4754 14.8153 14.8435 14.5137 14.228 13.373 12.2048 9.95921 10.5314 11.7245 13.4442 14.3456 14.2187 13.7028 12.8205 10.6959 8.83541 8.60226 8.29111 6.83798 5.52012 3.90604 4.83482 5.85381 6.97007 7.55711 7.40545 8.58322 9.54335 9.13624 9.91347 10.819 10.4033 10.1545 9.94352 9.42872 9.38928 9.43178 10.0751 9.61353 9.88194 9.87424 9.85195 10.0014 10.1756 10.3602 10.3896 10.3899 10.3939 10.3731 10.3813 10.3703 10.3585 10.3465 10.3267 10.1042 7.77655 6.38446 -9999 -9999 -9999 -9999 -9999
-9999 -9999 -9999 -9999 -9999 10.3356 10.8832 12.8401 13.4386 14.3024 14.7605 14.7805 14.2239 13.9138 12.6393 12.2269 10.1499 9.20872 10.006 9.69795 12.0657 14.1594 13.6904 9.4471 7.905 6.80263 7.0757 7.07063 6.66099 4.42561 3.8079 5.7959 7.04756 8.01801 8.75496 8.90878 8.88488 10.3863 10.5852 11.0714 10.9629 11.0042 10.2415 9.76632 10.1603 9.67901 9.58888 10.254 9.58 10.1719 10.0864 9.89951 9.88483 10.2768 10.3544 10.3953 10.3972 10.3826 10.3638 10.3526 10.3652 10.3581 10.3339 10.3317 10.3057 10.02 8.81388 8.38751 8.84466 -9999 -9999 -9999
-9999 -9999 -9999 -9999 -9999 -9999 9.05507 11.7768 13.0151 13.6667 14.5862 14.6962 14.3975 13.8622 12.5643 11.423 9.5663 7.44502 6.3192 9.68018 12.604 14.1274 13.9143 10.3813 8.98217 8.90996 9.72191 9.023 8.49164 6.79032 6.28084 5.57549 6.00596 7.35772 8.46326 9.53141 10.3084 10.3726 10.8762 11.1628 11.1839 11.2706 11.1764 11.0974 10.3513 10.8474 10.41 10.6282 10.4728 10.3319 10.2039 9.77947 10.0698 10.3277 10.3925 10.4099 10.3942 10.3912 10.381 10.3572 10.3444 10.3415 10.3368 10.3202 10.3157 10.2929 10.1521 9.42347 8.45003 7.22196 -9999 -9999
-9999 -9999 -9999 -9999 -9999 -9999 7.69446 10.4032 11.7033 13.3835 14.2449 14.5934 14.5476 14.1138 13.1277 11.6428 10.4057 8.03739 5.57753 9.10496 12.245 13.9378 14.0228 11.0458 11.8603 11.1892 11.45 10.2277 9.71637 9.30615 8.42935 7.4719 6.42341 5.86867 8.35254 9.62854 10.6556 11.14 11.4134 11.549 11.4725 11.2803 10.1724 11.0071 10.9469 10.8548 10.7502 10.695 10.5993 10.4885 10.4137 10.3862 10.1036 10.4119 10.4006 10.4039 10.4052 10.3972 10.3821 10.3688 10.3518 10.3492 10.3348 10.3208 10.3092 10.2957 10.2807 10.2344 10.0358 8.38956 7.40213 7.11377
-9999 -9999 -9999 -9999 -9999 -9999 3.88338 7.82648 10.9879 12.6425 13.9859 14.3561 14.4948 13.9123 13.477 12.4125 11.4043 9.84808 7.51649 6.07975 8.7188 12.5571 13.9666 13.8422 13.7471 12.9729 12.2746 12.1809 12.227 11.4109 10.2303 8.69472 8.21167 7.67387 9.52368 9.77492 9.64011 11.674 11.6781 11.5612 10.7809 9.90467 10.0654 9.51807 9.91584 9.26505 9.84795 10.3506 10.5333 10.5097 10.4278 10.4098 10.3748 10.423 10.42 10.4099 10.4026 10.3989 10.3914 10.3677 10.3539 10.3615 10.3404 10.3254 10.3075 10.2965 10.2863 10.2508 10.2176 9.95901 9.57354 8.83773
-9999 -9999 -9999 -9999 -9999 -9999 4.04998 7.36229 10.1755 11.8577 13.4805 13.8569 14.4048 14.2868 13.8305 12.905 11.7483 10.4673 8.46668 6.97879 8.74392 11.2896 13.1119 13.7526 13.7378 13.6878 13.5081 13.4267 13.2191 13.0639 12.2191 10.7641 9.94444 8.74617 10.8073 11.0384 10.7158 11.7442 11.6916 10.1341 8.93541 8.78304 9.506 8.80639 8.66859 8.22704 8.70784 10.0091 9.61564 9.68375 10.2628 10.3554 10.4093 10.4231 10.4167 10.4124 10.4015 10.4026 10.4039 10.3803 10.3689 10.3624 10.338 10.3267 10.3073 10.2864 10.2684 10.2469 10.2166 10.1389 10.0505 10.1193
-9999 -9999 -9999 -9999 -9999 -9999 4.11884 6.34376 8.87537 11.3549 13.088 13.7869 14.2959 14.2904 13.7595 13.2993 12.5739 11.4465 10.6725 9.32902 7.4853 10.569 11.5095 12.3402 12.6868 13.5613 13.5337 13.1243 12.6409 13.0717 12.9348 11.7865 11.4079 10.7704 11.9162 11.9183 11.8858 11.8234 10.5076 8.6787 7.21579 8.26345 8.03981 8.514 7.00379 8.22419 9.20627 9.51964 8.83916 8.33329 9.86219 10.1076 10.2558 10.3502 10.4119 10.3949 10.4096 10.3998 10.3948 10.3892 10.3751 10.3658 10.3505 10.3342 10.3122 10.2931 10.2705 10.24 10.2327 10.1873 10.1668 10.1398
-9999 -9999 -9999 -9999 -9999 -9999 -9999 5.02643 8.22918 11.0957 12.6912 13.6946 14.1833 14.174 13.9022 13.5892 13.1388 12.3249 11.3022 9.68668 8.48625 9.24329 10.1641 10.2537 10.8652 12.6488 13.2545 12.3828 10.227 11.4804 12.8871 12.8616 12.7392 12.6031 12.429 12.2728 11.9321 11.0212 8.23276 7.6825 6.5866 6.70748 6.14258 7.35849 6.88431 8.13596 8.67433 8.87314 7.70268 7.93292 9.28816 9.82485 9.73128 10.0604 10.3759 10.3847 10.3927 10.3836 10.3897 10.3915 10.3853 10.3683 10.3558 10.3455 10.3098 10.3027 10.1943 10.122 9.98037 10.1442 10.1554 10.1469
-9999 -9999 -9999 -9999 -9999 -9999 -9999 4.37878 7.58269 10.9588 12.042 13.1237 14.0573 14.0749 13.6594 13.2641 12.8568 12.3928 11.1527 9.94966 8.80053 8.41263 8.64014 8.60382 9.59701 11.9229 12.3692 12.1718 9.91344 9.1526 11.0331 12.6135 12.736 12.5907 10.7263 11.1218 10.1156 8.75117 8.37439 7.77575 6.51249 7.11614 6.18894 6.58043 6.45376 7.16206 7.50408 8.34742 7.32711 7.31618 8.64642 9.31944 9.33299 10.0408 10.292 10.3568 10.3723 10.3833 10.3856 10.3959 10.3884 10.3766 10.3611 10.325 10.2415 9.98178 8.62401 8.62141 8.98699 9.33276 9.95559 10.1274
-9999 -9999 -9999 -9999 -9999 -9999 -9999 4.7475 6.97022 9.96576 12.1846 12.3229 13.4014 13.9578 13.5058 12.997 12.4762 12.2477 10.8981 9.41553 8.21686 6.79807 7.02812 8.04127 9.68449 11.1856 11.4503 11.1346 9.91385 10.4769 11.7584 12.4379 12.6369 12.4766 12.0693 11.8333 11.0918 10.7694 9.73975 8.13048 7.49489 7.89272 6.183 6.29815 6.92449 6.23216 7.33141 7.85449 6.53931 7.55686 8.73959 9.34272 9.8701 10.1186 10.2166 10.3684 10.3712 10.383 10.389 10.3857 10.3845 10.3582 10.3358 10.1904 9.97657 8.71676 8.17564 8.27452 8.85155 9.35637 9.87051 10.0855
-9999 -9999 -9999 -9999 -9999 -9999 -9999 5.12431 7.12543 9.72254 11.304 11.586 12.782 13.8454 13.7255 13.196 13.0339 12.4847 11.3399 10.0753 8.69288 8.01932 6.47388 7.98931 9.17091 10.4418 11.0342 10.0263 9.52806 10.4009 11.269 11.6143 12.4917 12.4814 12.193 10.9555 10.3512 10.6042 10.3434 9.88778 8.779 8.72677 8.01277 7.71463 7.43243 6.50666 7.07762 7.13012 7.27324 8.50671 9.12058 9.52673 9.89629 9.99158 10.1515 10.3599 10.3769 10.3832 10.381 10.3837 10.3668 10.3054 10.2531 9.96288 9.45055 8.4965 6.93729 8.02036 9.15302 9.48357 9.80049 9.96939
-9999 -9999 -9999 -9999 -9999 -9999 -9999 4.78044 6.90643 9.12583 10.053 10.2093 12.3746 13.7 13.7012 13.4495 13.1556 11.8011 11.879 11.6065 10.3593 8.54339 6.54898 6.73282 7.90483 9.57936 10.1327 8.4808 7.90197 8.3224 9.63652 10.8128 12.0415 12.3521 11.9892 10.0636 8.01739 8.96385 9.97509 9.96729 9.66753 8.63876 8.3098 8.01134 7.25893 5.97613 6.14974 6.49752 7.89112 8.33549 9.02444 9.59639 9.37675 9.50115 10.0492 10.3631 10.3735 10.3776 10.3866 10.3779 10.3575 10.2367 10.1086 9.89471 8.56329 7.7341 6.52227 7.90879 8.68003 9.07341 9.80824 9.98163
-9999 -9999 -9999 -9999 -9999 -9999 -9999 4.11902 5.66133 7.78259 8.63666 10.0001 12.0461 13.0519 13.5334 13.5216 13.3253 12.718 12.3521 11.6324 10.3352 8.56198 6.59086 5.30653 5.95499 8.2 8.72372 7.20685 6.4398 7.38836 8.78906 10.8646 12.0496 12.2079 12.0987 11.7002 10.2057 8.40041 8.40457 9.30694 8.54771 7.66537 8.14616 8.05329 7.31056 6.76908 6.41748 6.60918 7.40213 7.73251 8.52915 9.70683 9.87328 9.83742 10.3324 10.3555 10.3655 10.3827 10.3805 10.3744 10.3578 10.2589 10.0394 9.15259 8.37873 7.30288 7.16715 8.39335 8.92945 9.4223 9.78156 9.89712
-9999 -9999 -9999 -9999 -9999 -9999 -9999 2.98211 4.79704 6.78405 8.64463 10.405 11.92 12.0359 12.8344 12.8322 13.2499 13.1285 12.5653 11.9589 10.841 8.56391 6.64852 4.55963 5.1067 7.40269 7.67471 6.66498 4.80235 6.71965 8.83456 10.7513 11.788 10.9715 11.8043 11.7339 11.1728 10.0973 8.42609 8.45554 7.20222 7.14518 7.78477 7.99015 7.87972 7.47251 6.81276 6.90216 7.37794 7.49937 8.23137 9.14441 10.0373 10.1854 10.3542 10.3597 10.3609 10.3732 10.3735 10.3532 10.3056 10.2022 9.45866 8.57454 8.02877 7.27838 7.18469 8.6113 9.16577 9.47049 9.78062 9.90174
-9999 -9999 -9999 -9999 -9999 -9999 -9999 -9999 4.60808 6.66089 8.17961 8.58757 9.93401 10.6605 11.2225 11.3461 12.9517 13.0389 12.6813 12.1242 11.1706 9.44215 8.23697 6.23326 4.79209 5.35894 5.61377 6.13914 5.98023 6.83372 8.86592 10.9835 11.2125 9.86364 10.0611 10.3411 10.9708 10.6485 8.37206 7.21435 6.25281 6.93161 7.64556 7.81592 7.84729 7.70546 7.5215 7.22375 8.17898 8.88505 9.04641 9.66212 10.1162 10.2401 10.3331 10.343 10.3533 10.352 10.3238 10.303 10.1867 9.92797 9.09645 7.09947 7.19002 6.97145 6.34796 7.74068 8.59653 9.38601 9.80443 9.9108
-9999 -9999 -9999 -9999 -9999 -9999 -9999 -9999 3.92134 6.29672 6.79727 6.75855 5.97022 6.33131 9.2478 9.83412 11.374 12.8319 12.7232 12.1767 11.2844 10.2541 8.65997 6.40682 4.61574 3.83911 5.74929 7.62757 8.01467 8.61509 9.85929 10.0938 8.7151 7.42229 8.14502 8.57967 10.241 10.5427 10.2174 8.84489 7.27566 6.45512 7.41772 7.54359 7.59809 7.60591 7.56137 7.49824 8.56707 9.16184 9.57364 9.7967 10.1863 10.2844 10.3146 10.3431 10.3344 10.3127 10.2493 10.1773 9.86553 9.48825 8.12755 6.9925 6.28355 5.38411 7.40157 7.99057 8.80317 9.32652 9.74262 9.83199
