Test_Spring_2018/03_18/Temp/20180309_004.txt
ncols	170
nrows	115
xllcorner	350000.000000
yllcorner	4445000.000000
cellsize	1000.000000
nodata_value	-9999.000000
[rows 31 to 61 of 115, columns 70 to 139 of 170]
6.64089 7.24034 7.45867 7.03621 7.07484 8.08046 8.30929 8.2919 8.20342 8.10533 7.62534 7.46308 7.08431 6.41901 6.13844 4.95665 1.14221 2.21728 2.6352 1.52608 2.1385 3.13784 2.25893 -0.340207 -1.46238 -3.26694 -2.69848 -3.23668 -4.68987 -9999 -9999 -9999 -9999 -9999 -9999 -9999 -9999 -9999 -9999 -9999 -9999 -9999 -9999 -9999 -9999 -9999 -9999 -9999 -9999 -9999 -9999 -9999 -9999 -9999 -9999 -9999 -9999 -9999 -9999 -9999 -9999 -9999 -9999 -9999 -9999 -9999 -9999 -9999 -9999 -9999
6.74067 7.01315 6.9842 6.57736 7.19795 7.76928 7.4283 7.19438 8.13938 8.13655 7.81167 7.05228 6.77175 6.48085 6.30123 5.32729 2.60077 0.142306 1.45352 1.48056 0.566842 2.19343 1.32762 -0.924051 -4.10085 -2.38044 -2.83318 -5.07415 -5.63344 -9999 -9999 -9999 -9999 -9999 -9999 -9999 -9999 -9999 -9999 -9999 -9999 -9999 -9999 -9999 -9999 -9999 -9999 -9999 -9999 -9999 -9999 -9999 -9999 -9999 -9999 -9999 -9999 -9999 -9999 -9999 -9999 -9999 -9999 -9999 -9999 -9999 -9999 -9999 -9999 -9999
5.96438 6.64907 6.43461 6.25814 7.18211 7.15985 7.10502 7.44433 8.03151 8.14548 8.01695 7.68397 7.39521 7.08813 6.31378 5.20006 2.86606 0.0682659 -0.569358 0.794037 0.855573 1.07126 0.281995 -0.708298 -2.25519 -0.995653 -0.508864 -1.98698 -3.91883 -5.1642 -9999 -9999 -9999 -9999 -9999 -9999 -9999 -9999 -9999 -9999 -9999 -9999 -9999 -9999 -9999 -9999 -9999 -9999 -9999 -9999 -9999 -9999 -9999 -9999 -9999 -9999 -9999 -9999 -9999 -9999 -9999 -9999 -9999 -9999 -9999 -9999 -9999 -9999 -9999 -9999
4.92635 6.10387 5.78078 4.87884 5.43464 5.85135 6.63266 6.84217 6.95576 8.05847 7.99692 7.94259 7.46728 7.08638 6.45735 5.38524 3.86029 2.02488 -1.16813 0.794408 2.33029 2.28695 2.19872 1.50389 0.0177465 1.25403 1.30842 -0.579795 -2.72292 -3.99165 -4.51881 -9999 -9999 -9999 -9999 -9999 -9999 -9999 -9999 -9999 -9999 -9999 -9999 -9999 -9999 -9999 -9999 -9999 -9999 -9999 -9999 -9999 -9999 -9999 -9999 -9999 -9999 -9999 -9999 -9999 -9999 -9999 -9999 -9999 -9999 -9999 -9999 -9999 -9999 -9999
-9999 5.34979 5.03875 3.93786 4.49723 5.24462 6.30255 6.85605 7.277 7.60472 7.93888 7.89584 7.40931 5.97872 5.7713 5.70584 4.70708 2.61514 0.525909 -0.0181641 2.327 2.99553 2.85475 3.37553 2.11614 2.70578 2.4587 1.78639 -0.278787 -2.16089 -2.94497 -4.49045 -9999 -9999 -9999 -9999 -9999 -9999 -9999 -9999 -9999 -9999 -9999 -9999 -9999 -9999 -9999 -9999 -9999 -9999 -9999 -9999 -9999 -9999 -9999 -9999 -9999 -9999 -9999 -9999 -9999 -9999 -9999 -9999 -9999 -9999 -9999 -9999 -9999 -9999
-9999 -9999 -9999 -9999 3.235 4.25585 5.10093 6.13936 7.03562 7.48038 7.91214 7.87387 6.90462 6.42859 6.38357 5.72781 4.57532 3.85054 2.5337 1.16192 1.68071 3.68017 2.78545 4.201 4.07724 4.33432 3.38186 1.58233 -0.817506 -2.21556 -2.91751 -4.17078 -9999 -9999 -9999 -9999 -9999 -9999 -9999 -9999 -9999 -9999 -9999 -9999 -9999 -9999 -9999 -9999 -9999 -9999 -9999 -9999 -9999 -9999 -9999 -9999 -9999 -9999 -9999 -9999 -9999 -9999 -9999 -9999 -9999 -9999 -9999 -9999 -9999 -9999
-9999 -9999 -9999 -9999 -9999 4.05965 4.7034 6.08478 6.80889 7.09659 7.79485 7.79312 7.42374 7.14379 6.73908 6.21155 5.34433 4.38796 3.14921 3.03115 4.30886 4.32108 4.04983 4.2567 4.91149 4.73432 3.26284 0.727044 -0.616037 -3.33079 -4.50071 -4.38565 -5.21639 -9999 -9999 -9999 -9999 -9999 -9999 -9999 -9999 -9999 -9999 -9999 -9999 -2.10619 -9999 -9999 -9999 -9999 -9999 -9999 -9999 -9999 -9999 -9999 -9999 -9999 -9999 -9999 -9999 -9999 -9999 -9999 -9999 -9999 -7.16478 -9999 -9999 -9999
-9999 -9999 -9999 -9999 3.92576 4.78995 5.46092 6.32631 6.41425 6.93332 7.73668 7.74511 7.48202 7.18495 6.52169 6.35426 5.85878 4.82068 4.60524 5.02065 5.21012 5.42548 5.55687 5.44421 5.17421 4.82617 3.87738 2.69841 1.90583 -0.580111 -1.83523 -3.04268 -4.8681 -6.2972 -9999 -9999 -9999 -9999 -9999 -9999 -9999 -3.05125 -3.1224 -3.09348 -2.69747 -1.5983 -2.24969 -9999 -9999 -9999 -9999 -9999 -9999 -9999 -9999 -9999 -9999 -9999 -9999 -9999 -9999 -9999 -9999 -9999 -9999 -9999 -6.17794 -7.61618 -9999 -9999
-9999 -9999 -9999 -9999 4.15234 5.06018 5.51292 6.35376 6.83394 7.15819 7.43481 7.69862 7.65006 7.32157 6.82375 6.82271 6.13822 5.76731 5.50147 6.06468 6.17324 5.94247 5.654 5.39863 4.68206 4.59636 4.36208 3.6127 2.38447 1.1187 -0.697576 -3.17391 -5.60269 -7.56275 -9999 -9999 -9999 -9999 -9999 -9999 -2.85104 -1.9386 -1.39321 -2.56309 -1.56959 -0.661823 -0.810674 -1.6996 -9999 -9999 -9999 -9999 -9999 -9999 -9999 -9999 -9999 -9999 -9999 -9999 -9999 -9999 0.627864 -0.846304 -3.81996 -5.34612 -6.26338 -7.57142 -9999 -9999
-9999 -9999 -9999 -9999 3.96221 5.03514 5.76169 6.40626 6.50825 7.17374 7.4641 7.60426 7.58359 7.51516 7.41989 6.82175 6.56201 5.66035 6.51503 6.4788 6.25807 5.3946 5.01869 3.53875 2.88594 2.73904 3.97834 3.05725 1.13714 -1.26262 -4.1399 -4.32815 -5.28535 -7.03782 -9999 -9999 -9999 -9999 -9999 -9999 -2.57614 -1.59987 -0.785358 -0.669321 -1.83195 -0.216225 -0.28344 -1.1926 -1.40185 -0.663298 -0.291119 -0.57221 0.313682 0.568093 0.162684 0.59606 -9999 -9999 -9999 -9999 0.831303 0.886293 0.926953 0.310411 -2.93772 -5.15734 -7.15101 -7.34123 -9999 -9999
-9999 -9999 -9999 -9999 4.69571 5.35666 5.69081 5.74461 6.32302 6.90512 7.26303 7.51496 7.45908 7.43396 7.40725 7.19978 6.7235 6.80407 6.76169 6.48238 4.841 2.92606 3.75603 2.62335 0.191547 2.1646 3.24634 2.20327 -0.12261 -2.81939 -3.69929 -3.66357 -4.99311 -6.70694 -9999 -9999 -9999 -5.25426 -3.85575 -3.73756 -3.32766 -2.02457 -1.03395 -0.28333 0.223972 0.203871 -0.337239 -1.22653 -2.1931 -1.85383 -0.125853 0.292011 0.650098 0.913779 0.536839 0.720142 1.17798 1.41207 1.45546 1.34149 1.31175 1.34496 1.28523 0.709374 -2.19086 -3.85544 -4.91886 -7.05406 -9999 -9999
-9999 -9999 -9999 -9999 4.26757 4.84252 5.30813 6.07986 6.16101 6.64898 6.94139 7.37375 7.41886 6.91003 7.32295 7.26453 7.18195 7.01191 6.76505 5.37851 3.46929 1.55565 0.670598 1.04316 -0.420857 0.328723 1.42485 1.02753 -0.404767 -2.80753 -3.14916 -3.7067 -5.93621 -8.08582 -9999 -9999 -7.97786 -5.29102 -3.40022 -2.42669 -2.12758 -2.10197 -0.852968 -0.757814 0.587289 0.267293 -1.51853 -1.3214 -2.01291 -1.56733 -0.942141 -0.772193 0.139238 1.01683 1.17764 1.17619 1.46571 1.52101 1.53141 1.51869 1.31393 1.40076 1.41035 1.04972 -1.05702 -2.0864 -3.22195 -7.03894 -9999 -9999
-9999 -9999 -9999 -9999 4.54942 5.19206 5.89575 6.00972 6.5307 6.48027 6.3343 7.05861 7.32421 6.96375 6.70276 7.17086 7.13331 7.06581 6.95786 5.65451 4.14722 1.86769 0.450262 -0.417892 -1.03479 -1.85932 -1.29787 -1.47322 -1.70732 -1.44409 -2.10123 -3.41748 -4.72615 -7.16952 -8.49485 -9999 -7.83946 -6.62954 -4.38007 -2.46876 -1.25666 -1.69741 -0.27671 -0.0157336 0.801434 0.31607 -0.769249 -1.24307 -1.28811 -1.43392 -0.478483 0.16771 0.620587 0.920003 1.29682 1.38781 1.4792 1.51424 1.53095 1.54812 1.5383 1.52603 1.479 1.34075 0.369833 -0.65917 -2.87477 -6.9193 -9999 -9999
-9999 -9999 -9999 2.66629 4.46786 5.54579 5.9634 6.26479 6.53022 6.72202 6.92602 7.11572 7.24281 7.18561 6.2373 6.30953 6.47417 7.00493 6.96196 6.84007 6.01404 3.24101 2.28008 0.87573 -0.938662 -1.69684 -1.32109 0.161131 0.0924115 -0.893247 -1.99153 -3.50634 -4.46941 -5.97087 -8.84777 -8.59434 -7.30483 -6.34642 -4.81913 -2.48199 -0.844616 -0.11589 0.157306 0.729818 1.02658 0.35787 -0.274438 -0.542578 -1.03621 -1.10876 -1.10846 -0.532482 -0.0826096 0.923387 1.25688 1.40841 1.48198 1.5191 1.54472 1.57 1.57561 1.55157 1.54807 1.53585 1.45936 0.0928177 -3.32431 -5.89508 -9999 -9999
-9999 -9999 -9999 -9999 4.12788 4.60248 4.72718 4.94478 5.38949 5.90181 6.63012 6.72218 7.12004 7.11702 6.30088 5.35672 6.1699 6.48985 6.82187 6.82736 6.71728 4.38371 3.16233 2.20026 0.460326 1.08554 1.67818 1.72107 1.35978 -0.750518 -2.85234 -5.27322 -7.53795 -7.64967 -8.86826 -8.22796 -7.37787 -5.18738 -3.64707 -3.02496 -2.5791 -0.202681 0.411968 0.618095 1.22336 0.388543 0.175198 -0.452662 -0.270303 -0.328119 -0.32765 -2.06062 -0.32702 -0.228014 0.898787 1.40558 1.51699 1.54314 1.57141 1.57171 1.57336 1.56346 1.57038 1.54801 1.522 0.631596 -3.69584 -5.86956 -9999 -9999
-9999 -9999 -9999 -9999 -9999 -9999 4.27322 4.63559 4.868 5.26945 6.50086 6.83086 7.04909 7.06537 6.69956 5.76676 5.51688 5.6822 4.76997 5.52376 6.55703 6.52663 6.39654 4.34695 3.29866 4.30931 3.99886 2.45869 1.24623 0.0495854 -2.41053 -4.2099 -6.80472 -8.7543 -8.83133 -6.68748 -4.90654 -2.68993 -1.71446 -2.27692 -1.67675 -0.500387 0.838034 1.48306 1.32581 0.445856 0.320184 -0.646164 0.297108 0.375132 -0.0679233 -0.451221 -0.301286 0.254626 0.464437 1.34511 1.55521 1.59011 1.59178 1.59038 1.58166 1.57184 1.55444 1.53991 1.52238 1.47746 -2.97081 -6.43122 -9999 -9999
-9999 -9999 -9999 -9999 -9999 -9999 3.41367 3.63491 4.21463 5.70168 6.48189 6.79542 6.78328 6.92642 6.66768 5.84568 5.00153 4.20436 3.17766 3.75688 5.29759 6.20415 6.30347 4.50621 5.43765 5.08548 4.39429 2.38075 0.896439 0.108663 -2.25304 -4.27326 -6.00035 -8.38426 -7.36942 -6.25173 -4.81537 -2.39574 -0.765163 -0.0980783 -0.666958 0.0841352 1.62479 1.62898 0.779615 0.830617 0.312678 -1.00672 0.360345 0.743008 0.429467 0.507384 0.390037 0.595087 0.971023 1.33025 1.56761 1.59591 1.59531 1.5823 1.57685 1.57192 1.5494 1.54532 1.52758 1.49983 -1.37324 -6.50268 -9999 -9999
-9999 -9999 -9999 -9999 -9999 -9999 -9999 2.63225 3.95395 5.92786 6.41946 6.37412 6.78022 6.81329 6.41787 6.07345 5.04948 3.6515 0.970457 1.6471 3.06482 5.11158 6.18535 6.03588 5.43405 4.38928 1.86559 -0.343027 -0.612929 -0.975949 -2.69988 -4.25544 -6.17505 -5.06725 -3.8538 -2.52632 -1.83097 -2.017 -0.620377 0.51726 0.0272769 0.949584 2.02645 1.53137 1.23694 0.989441 0.391238 0.352051 0.411226 1.18655 0.645653 0.974042 0.981091 0.959626 1.14102 1.35004 1.56944 1.6018 1.59763 1.59627 1.565 1.56863 1.55027 1.53213 1.51518 1.49047 1.22592 -1.53889 -3.19324 -9999
-9999 -9999 -9999 -9999 -9999 -9999 -9999 1.40776 2.06734 4.40492 5.12839 6.16033 6.70731 6.73061 6.06514 5.69211 4.16856 3.67098 1.1903 0.0652925 1.01144 0.642604 3.46294 5.95854 5.41248 0.363789 -1.46629 -2.772 -2.43906 -2.4376 -2.9186 -5.56708 -6.29975 -3.93009 -2.43937 -1.28544 -0.411364 -0.233098 -0.267918 1.51399 1.74703 2.32263 2.19146 2.2405 1.33377 0.771252 1.25556 0.689743 0.590707 1.39178 0.597765 1.31144 1.22583 1.00833 0.994318 1.46285 1.55481 1.60106 1.59913 1.57572 1.54633 1.52768 1.53738 1.5247 1.49312 1.48921 1.45854 1.12614 -0.306911 -0.810123
-9999 -9999 -9999 -9999 -9999 -9999 -9999 -9999 -0.118252 3.13003 4.61555 5.39458 6.49108 6.62156 6.26553 5.62345 4.07187 2.7062 0.488169 -2.04465 -3.3859 0.615783 4.09835 5.91428 5.67313 1.47001 -0.190164 -0.269185 0.705254 -0.120195 -0.746527 -2.75879 -3.36263 -4.20138 -3.6888 -2.07947 -0.766092 0.501017 1.42048 1.49064 2.0845 2.42579 2.44894 2.55189 2.44115 2.35027 1.4762 2.07436 1.5611 1.82937 1.65265 1.49308 1.35673 0.85615 1.20547 1.51421 1.59111 1.61029 1.58715 1.57773 1.55882 1.52332 1.50609 1.4984 1.48991 1.46859 1.46327 1.44386 1.27954 0.415955
-9999 -9999 -9999 -9999 -9999 -9999 -9999 -9999 -1.74727 1.4849 3.0439 5.04791 6.07751 6.49319 6.4357 5.91488 4.7351 2.96057 1.48096 -1.34575 -4.28084 -0.0792148 3.66529 5.68275 5.78632 2.2554 3.23143 2.43837 2.7556 1.30605 0.703061 0.228789 -0.812852 -1.952 -3.19949 -3.86164 -0.906591 0.608504 1.82628 2.39738 2.71736 2.8738 2.78331 2.55789 1.23929 2.23635 2.17927 2.07599 1.95848 1.90036 1.79418 1.66973 1.59667 1.56856 1.23517 1.60563 1.5919 1.59321 1.59054 1.57561 1.55117 1.52852 1.50165 1.49732 1.48088 1.4625 1.44839 1.43994 1.42502 1.37379
-9999 -9999 -9999 -9999 -9999 -9999 -9999 -9999 -6.29564 -1.59378 2.18544 4.15832 5.76157 6.20122 6.36373 5.66606 5.14279 3.8696 2.66316 0.804226 -1.97773 -3.69276 -0.546517 4.02548 5.71327 5.58033 5.4721 4.55537 3.72933 3.62353 3.68387 2.72605 1.32454 -0.503644 -1.07806 -1.72089 0.479209 0.774029 0.608273 3.02562 3.02523 2.88126 1.94787 0.908427 1.09981 0.456316 0.944565 0.17493 0.875641 1.48125 1.70584 1.6845 1.6027 1.58775 1.54876 1.60807 1.60369 1.58936 1.57684 1.56736 1.5525 1.518 1.49531 1.49858 1.47573 1.45515 1.43918 1.4336 1.4239 1.3848
-9999 -9999 -9999 -9999 -9999 -9999 -9999 -9999 -6.10319 -2.14599 1.20789 3.21678 5.1498 5.59673 6.24705 6.10303 5.55516 4.44797 3.06526 1.53455 -0.852761 -2.6285 -0.528086 2.50962 4.68125 5.45995 5.45391 5.39902 5.18998 5.0995 4.85721 4.68713 3.6829 1.95282 0.975624 -0.453779 1.99841 2.26974 1.88073 3.10087 3.03342 1.17373 -0.257709 -0.441593 0.427332 -0.404931 -0.554433 -1.069 -0.490843 1.06506 0.603607 0.690982 1.39698 1.51082 1.57895 1.59601 1.58766 1.58038 1.56389 1.56063 1.55674 1.52288 1.50353 1.49048 1.45687 1.44924 1.42466 1.40731 1.39435 1.3713
-9999 -9999 -9999 -9999 -9999 -9999 -9999 -9999 -6.03558 -3.36869 -0.350918 2.60809 4.67222 5.5034 6.10749 6.09779 5.46158 4.90906 4.04055 2.69339 1.76755 0.164093 -2.03438 1.63788 2.76577 3.77099 4.18728 5.23352 5.20552 4.72285 4.16991 4.68558 4.5275 3.1598 2.70807 1.94686 3.30896 3.30783 3.26499 3.18629 1.61459 -0.568014 -2.3139 -1.06816 -1.33567 -0.76017 -2.5445 -1.08739 0.0876608 0.466696 -0.332142 -0.92947 0.907704 1.20538 1.38353 1.4964 1.56914 1.54681 1.56119 1.54545 1.53462 1.52279 1.50078 1.48479 1.46234 1.43965 1.42223 1.4072 1.38147 1.34709
-9999 -9999 -9999 -9999 -9999 -9999 -9999 -9999 -9999 -4.95241 -1.12958 2.28579 4.18638 5.38061 5.96083 5.9471 5.61999 5.24341 4.703 3.7296 2.50795 0.580586 -0.851467 0.049214 1.15453 1.27816 2.00965 4.13797 4.86341 3.82912 1.27803 2.77828 4.4554 4.42554 4.2794 4.11588 3.90905 3.71974 3.31027 2.22126 -1.10427 -1.7658 -3.07426 -2.93241 -3.60645 -2.14603 -2.69522 -1.20073 -0.555208 -0.313662 -1.70301 -1.41111 0.210599 0.852457 0.742634 1.13532 1.51297 1.52156 1.52814 1.51366 1.51664 1.51409 1.50196 1.47545 1.45666 1.4413 1.40926 1.40937 1.28117 1.19669
-9999 -9999 -9999 -9999 -9999 -9999 -9999 -9999 -9999 -5.72685 -1.90929 2.11279 3.40272 4.69005 5.80038 5.81882 5.32088 4.84666 4.35792 3.80183 2.32145 0.88571 -0.485136 -0.948396 -0.677705 -0.694618 0.490864 3.26442 3.79917 3.56723 0.899267 -0.00547764 2.23553 4.1184 4.26378 4.08938 1.8664 2.33486 1.13305 -0.495644 -0.947891 -1.66417 -3.17168 -2.45459 -3.56022 -3.09402 -3.21604 -2.3696 -1.95886 -0.950508 -2.16198 -2.15802 -0.566241 0.237371 0.254661 1.09813 1.39671 1.47226 1.48824 1.49815 1.49702 1.50521 1.49204 1.47408 1.45207 1.40624 1.30474 1.00809 -0.599153 -0.601164
-9999 -9999 -9999 -9999 -9999 -9999 -9999 -9999 -9999 -5.29657 -2.64839 0.919851 3.56224 3.72578 5.00863 5.66902 5.12785 4.51863 3.89511 3.61982 2.00938 0.240817 -1.18896 -2.8803 -2.60678 -1.39971 0.586604 2.37692 2.69458 2.32097 0.889338 1.56104 3.08821 3.8976 4.13389 3.94169 3.45448 3.17098 2.28481 1.89781 0.668229 -1.25159 -2.01114 -1.53907 -3.57688 -3.44006 -2.69345 -3.48656 -2.17458 -1.5486 -3.11224 -1.87847 -0.46778 0.251962 0.880855 1.17684 1.29274 1.472 1.47293 1.48407 1.48787 1.48032 1.47512 1.44021 1.41036 1.23458 0.977964 -0.523897 -1.1435 -1.02516
-9999 -9999 -9999 -9999 -9999 -9999 -9999 -9999 -9999 -4.85664 -2.47296 0.62027 2.50318 2.83759 4.26033 5.52481 5.37939 4.74575 4.54972 3.89273 2.5264 1.01767 -0.630899 -1.43454 -3.27621 -1.4711 -0.0340607 1.48145 2.18883 1.01185 0.419241 1.45955 2.49376 2.90479 3.94911 3.93549 3.59007 2.11363 1.39124 1.68994 1.37654 0.831267 -0.491735 -0.555673 -1.40734 -1.76299 -2.09897 -3.16931 -2.48734 -2.42268 -2.24328 -0.758946 -0.0265457 0.457984 0.898401 1.01152 1.20096 1.44762 1.46572 1.47047 1.46482 1.46472 1.44133 1.365 1.29981 0.951752 0.33963 -0.798075 -2.62942 -1.33912
-9999 -9999 -9999 -9999 -9999 -9999 -9999 -9999 -9999 -5.27519 -2.74321 -0.100313 1.00283 1.1874 3.76468 5.34124 5.34013 5.03763 4.68482 3.06866 3.15891 2.83217 1.34479 -0.819672 -3.19628 -2.97764 -1.56314 0.44431 1.10473 -0.839348 -1.52842 -1.02744 0.537775 1.93843 3.40094 3.76953 3.33536 1.03939 -1.40048 -0.275515 0.926654 0.915071 0.555992 -0.671116 -1.06412 -1.42026 -2.31661 -3.82722 -3.60344 -3.18768 -1.50519 -0.975008 -0.153737 0.527782 0.265908 0.413387 1.06506 1.43725 1.44738 1.44982 1.45772 1.44441 1.41713 1.27039 1.11526 0.858283 -0.729453 -1.71843 -3.15085 -1.48361
-9999 -9999 -9999 -9999 -9999 -9999 -9999 -9999 -9999 -6.07201 -4.23574 -1.7101 -0.694291 0.927946 3.36307 4.55878 5.12985 5.11316 4.87668 4.15074 3.71258 2.85325 1.30633 -0.807286 -3.15621 -4.68663 -3.91431 -1.20881 -0.575088 -2.36725 -3.28089 -2.15111 -0.483068 1.98848 3.3989 3.5859 3.45387 2.97702 1.19451 -0.958327 -0.955637 0.117171 -0.789097 -1.84166 -1.27004 -1.38133 -2.26633 -2.91118 -3.29562 -3.05821 -2.0994 -1.7055 -0.756418 0.646225 0.843877 0.800126 1.38836 1.41397 1.42365 1.4417 1.43654 1.42652 1.40406 1.28371 1.01995 -0.0383614 -0.961788 -2.24455 -2.40705 -0.918295
-9999 -9999 -9999 -9999 -9999 -9999 -9999 -9999 -9999 -7.43527 -5.27459 -2.9092 -0.694689 1.40017 3.20251 3.33816 4.28677 4.2815 4.77652 4.62944 3.95629 3.23205 1.89882 -0.815009 -3.09755 -5.58645 -4.93504 -2.18084 -1.82044 -3.02322 -5.2422 -2.9587 -0.44013 1.84204 3.07555 2.10117 3.09127 3.00527 2.33462 1.05128 -0.941698 -0.908602 -2.40332 -2.47267 -1.71183 -1.46785 -1.59971 -2.08479 -2.85234 -2.72035 -2.14009 -1.99547 -1.12379 -0.036774 1.02584 1.20101 1.40036 1.40494 1.40403 1.41635 1.4141 1.38742 1.32834 1.20288 0.315106 -0.739817 -1.39137 -2.28635 -2.39876 -0.687031
