Test_Spring_2018/03_18/Temp/20180323_019.txt
ncols	170
nrows	115
xllcorner	350000.000000
yllcorner	4445000.000000
cellsize	1000.000000
nodata_value	-9999.000000
[rows 31 to 61 of 115, columns 71 to 141 of 170]
6.37433 6.59062 6.18449 6.22578 7.20183 7.4187 7.40503 7.31974 7.22795 6.76539 6.61144 6.24743 5.60547 5.33736 4.19456 0.495993 1.54526 1.95685 0.886133 1.48724 2.46425 1.61775 -0.898896 -1.98148 -3.72667 -3.16865 -3.69138 -5.09554 -9999 -9999 -9999 -9999 -9999 -9999 -9999 -9999 -9999 -9999 -9999 -9999 -9999 -9999 -9999 -9999 -9999 -9999 -9999 -9999 -9999 -9999 -9999 -9999 -9999 -9999 -9999 -9999 -9999 -9999 -9999 -9999 -9999 -9999 -9999 -9999 -9999 -9999 -9999 -9999 -9999 -9999 -9999
6.17318 6.14919 5.7581 6.36436 6.9226 6.58202 6.3601 7.27673 7.27769 6.96601 6.23257 5.96425 5.68607 5.5162 4.57538 1.93321 -0.448392 0.830447 0.862709 -0.0182174 1.56754 0.733457 -1.44612 -4.52392 -2.84682 -3.27977 -5.45705 -5.98848 -9999 -9999 -9999 -9999 -9999 -9999 -9999 -9999 -9999 -9999 -9999 -9999 -9999 -9999 -9999 -9999 -9999 -9999 -9999 -9999 -9999 -9999 -9999 -9999 -9999 -9999 -9999 -9999 -9999 -9999 -9999 -9999 -9999 -9999 -9999 -9999 -9999 -9999 -9999 -9999 -9999 -9999 -9999
5.83929 5.63499 5.46743 6.36817 6.35003 6.29574 6.62159 7.19124 7.30577 7.18497 6.86579 6.58973 6.29607 5.54895 4.47255 2.21157 -0.499487 -1.11293 0.216712 0.282501 0.498107 -0.261914 -1.21704 -2.71255 -1.48314 -1.00404 -2.43408 -4.30523 -5.50805 -9999 -9999 -9999 -9999 -9999 -9999 -9999 -9999 -9999 -9999 -9999 -9999 -9999 -9999 -9999 -9999 -9999 -9999 -9999 -9999 -9999 -9999 -9999 -9999 -9999 -9999 -9999 -9999 -9999 -9999 -9999 -9999 -9999 -9999 -9999 -9999 -9999 -9999 -9999 -9999 -9999 -9999
5.32963 5.01968 4.14756 4.69071 5.0987 5.85678 6.05177 6.16596 7.24064 7.18503 7.13661 6.67961 6.31449 5.70864 4.67278 3.19741 1.42078 -1.67384 0.237407 1.73453 1.69842 1.61883 0.950348 -0.486391 0.720244 0.779356 -1.04521 -3.12586 -4.35083 -4.85582 -9999 -9999 -9999 -9999 -9999 -9999 -9999 -9999 -9999 -9999 -9999 -9999 -9999 -9999 -9999 -9999 -9999 -9999 -9999 -9999 -9999 -9999 -9999 -9999 -9999 -9999 -9999 -9999 -9999 -9999 -9999 -9999 -9999 -9999 -9999 -9999 -9999 -9999 -9999 -9999 -9999
4.61722 4.31876 3.25328 3.79973 4.52868 5.55939 6.0927 6.49697 6.81925 7.14798 7.11067 6.64297 5.25883 5.0625 5.00416 4.03977 2.01407 -0.00888523 -0.531506 1.75123 2.40613 2.27531 2.78691 1.57014 2.14875 1.91503 1.27244 -0.72786 -2.55457 -3.30894 -4.80258 -9999 -9999 -9999 -9999 -9999 -9999 -9999 -9999 -9999 -9999 -9999 -9999 -9999 -9999 -9999 -9999 -9999 -9999 -9999 -9999 -9999 -9999 -9999 -9999 -9999 -9999 -9999 -9999 -9999 -9999 -9999 -9999 -9999 -9999 -9999 -9999 -9999 -9999 -9999 -9999
-9999 -9999 -9999 2.59327 3.58742 4.40863 5.4156 6.28154 6.71748 7.14105 7.1085 6.17224 5.71508 5.67658 5.04521 3.93163 3.2334 1.96036 0.634005 1.14331 3.09031 2.22729 3.60746 3.49315 3.74872 2.83001 1.09325 -1.23251 -2.58903 -3.26361 -4.47342 -9999 -9999 -9999 -9999 -9999 -9999 -9999 -9999 -9999 -9999 -9999 -9999 -9999 -9999 -9999 -9999 -9999 -9999 -9999 -9999 -9999 -9999 -9999 -9999 -9999 -9999 -9999 -9999 -9999 -9999 -9999 -9999 -9999 -9999 -9999 -9999 -9999 -9999 -9999 -9999
-9999 -9999 -9999 -9999 3.41541 4.04128 5.38575 6.08008 6.36351 7.04587 7.04888 6.69518 6.42854 6.04093 5.53419 4.69767 3.77463 2.5774 2.46827 3.71434 3.73171 3.47387 3.68033 4.32179 4.1556 2.73615 0.28112 -1.01644 -3.6534 -4.78228 -4.66341 -5.4628 -9999 -9999 -9999 -9999 -9999 -9999 -9999 -9999 -9999 -9999 -9999 -9999 -2.35468 -9999 -9999 -9999 -9999 -9999 -9999 -9999 -9999 -9999 -9999 -9999 -9999 -9999 -9999 -9999 -9999 -9999 -9999 -9999 -9999 -7.11411 -9999 -9999 -9999 -9999 -9999
-9999 -9999 -9999 3.3016 4.14083 4.7951 5.63837 5.72247 6.22328 7.00769 7.02062 6.77023 6.48709 5.84859 5.69159 5.21611 4.21377 4.01011 4.41891 4.60828 4.82277 4.95573 4.8518 4.5952 4.263 3.35161 2.21318 1.45013 -0.959319 -2.17593 -3.34103 -5.10604 -6.48624 -9999 -9999 -9999 -9999 -9999 -9999 -9999 -3.27978 -3.34254 -3.30811 -2.91715 -1.8433 -2.46894 -9999 -9999 -9999 -9999 -9999 -9999 -9999 -9999 -9999 -9999 -9999 -9999 -9999 -9999 -9999 -9999 -9999 -9999 -9999 -6.13723 -7.52746 -9999 -9999 -9999 -9999
-9999 -9999 -9999 3.53772 4.42148 4.86355 5.68271 6.15203 6.4595 6.73245 6.99337 6.95136 6.63783 6.16009 6.16478 5.50588 5.15141 4.89884 5.45112 5.56186 5.34307 5.06826 4.82563 4.13533 4.05773 3.83989 3.11854 1.93249 0.710222 -1.05327 -3.45024 -5.80094 -7.69651 -9999 -9999 -9999 -9999 -9999 -9999 -3.07304 -2.18091 -1.64521 -2.7749 -1.80396 -0.916065 -1.05382 -1.902 -9999 -9999 -9999 -9999 -9999 -9999 -9999 -9999 -9999 -9999 -9999 -9999 -9999 -9999 0.466207 -0.95936 -3.84091 -5.31698 -6.20172 -7.46568 -9999 -9999 -9999 -9999
-9999 -9999 -9999 3.37142 4.41509 5.12266 5.75095 5.85281 6.49611 6.77826 6.91914 6.90428 6.84336 6.7566 6.18167 5.93529 5.06557 5.901 5.87126 5.66223 4.82905 4.46923 3.03752 2.409 2.27534 3.4846 2.59649 0.738685 -1.58458 -4.37543 -4.55304 -5.47476 -7.1686 -9999 -9999 -9999 -9999 -9999 -9999 -2.78774 -1.83379 -1.03696 -0.918267 -2.04095 -0.465762 -0.517016 -1.39258 -1.58824 -0.863342 -0.493903 -0.75848 0.107236 0.362709 -0.0225072 0.406538 -9999 -9999 -9999 -9999 0.671112 0.730524 0.775723 0.182625 -2.96567 -5.11528 -7.04536 -7.21945 -9999 -9999 -9999 -9999
-9999 -9999 -9999 4.10158 4.74483 5.07102 5.12535 5.68951 6.252 6.59991 6.85433 6.80504 6.78599 6.76564 6.56995 6.11334 6.19739 6.162 5.89645 4.30834 2.45453 3.26585 2.16602 -0.188796 1.73455 2.79078 1.78422 -0.467548 -3.07916 -3.93027 -3.8902 -5.17327 -6.82452 -9999 -9999 -9999 -5.38528 -4.02075 -3.89958 -3.49534 -2.22398 -1.25603 -0.525959 -0.0273678 -0.0360538 -0.552504 -1.4087 -2.33957 -2.00218 -0.316142 0.0981069 0.451931 0.716695 0.3594 0.551041 1.00343 1.23824 1.28753 1.18363 1.16113 1.19941 1.14719 0.593691 -2.22219 -3.83314 -4.86021 -6.92134 -9999 -9999 -9999 -9999
-9999 -9999 -9999 3.7094 4.26907 4.72268 5.47213 5.55325 6.02979 6.31247 6.7333 6.78201 6.29328 6.69982 6.64892 6.57464 6.41546 6.18161 4.84111 2.99301 1.14052 0.286685 0.655149 -0.760736 -0.0255684 1.04475 0.659191 -0.719138 -3.0453 -3.37007 -3.90714 -6.06661 -8.1462 -9999 -9999 -8.01941 -5.40376 -3.56131 -2.6097 -2.31312 -2.2822 -1.06346 -0.964949 0.347365 0.0474126 -1.67781 -1.479 -2.14802 -1.70724 -1.08499 -0.911499 -0.0174334 0.840422 1.005 1.01184 1.30091 1.3622 1.37947 1.37385 1.18133 1.27156 1.28652 0.941831 -1.09827 -2.09226 -3.18499 -6.88377 -9999 -9999 -9999 -9999
-9999 -9999 -9999 4.00357 4.62903 5.31378 5.42606 5.93372 5.88132 5.73843 6.4457 6.70561 6.3609 6.11311 6.57347 6.543 6.48346 6.3846 5.12498 3.66723 1.45958 0.0889241 -0.747305 -1.34061 -2.12916 -1.57762 -1.74143 -1.96226 -1.70017 -2.33638 -3.60987 -4.87302 -7.23982 -8.51913 -9999 -7.86832 -6.68672 -4.49606 -2.63399 -1.45101 -1.87296 -0.487553 -0.228076 0.575235 0.110771 -0.934348 -1.38068 -1.41638 -1.5498 -0.613897 0.0178365 0.466862 0.766193 1.13815 1.23486 1.33163 1.37329 1.39669 1.42005 1.41673 1.41064 1.3705 1.24161 0.304204 -0.685899 -2.83136 -6.75122 -9999 -9999 -9999 -9999
-9999 -9999 2.19197 3.94107 4.9889 5.39557 5.68946 5.94862 6.13657 6.3332 6.51598 6.64373 6.5913 5.67613 5.75214 5.91804 6.43948 6.40382 6.29147 5.49532 2.80865 1.88227 0.528296 -1.227 -1.95561 -1.58428 -0.138644 -0.198887 -1.14943 -2.20933 -3.67577 -4.60769 -6.05812 -8.84554 -8.59217 -7.33306 -6.3957 -4.90629 -2.63081 -1.03496 -0.321444 -0.0502168 0.514602 0.8094 0.172466 -0.432465 -0.684729 -1.15581 -1.21796 -1.20932 -0.641729 -0.195895 0.786102 1.11838 1.27191 1.35142 1.3951 1.42712 1.45831 1.46991 1.45231 1.45435 1.44774 1.3816 0.0603886 -3.2467 -5.73535 -9999 -9999 -9999 -9999
-9999 -9999 -9999 3.62733 4.08915 4.21115 4.42338 4.85626 5.35504 6.0606 6.1527 6.54228 6.5407 5.75244 4.84158 5.6372 5.95404 6.2826 6.29407 6.19323 3.93633 2.75712 1.82964 0.14686 0.761513 1.34354 1.39173 1.04742 -0.995137 -3.02952 -5.37567 -7.56796 -7.66985 -8.84854 -8.22072 -7.38833 -5.25476 -3.75276 -3.14251 -2.70356 -0.390229 0.214565 0.424947 1.02026 0.217554 0.0195479 -0.581784 -0.396352 -0.444065 -0.435177 -2.1094 -0.417129 -0.312922 0.789005 1.28709 1.40188 1.43488 1.46944 1.47632 1.48403 1.48011 1.49222 1.47779 1.46143 0.603369 -3.59172 -5.69482 -9999 -9999 -9999 -9999
-9999 -9999 -9999 -9999 -9999 3.78611 4.13867 4.36513 4.75593 5.94981 6.2726 6.48745 6.50687 6.15597 5.254 5.01746 5.18422 4.30479 5.04379 6.05418 6.03161 5.91226 3.92911 2.91895 3.90709 3.61239 2.12358 0.952824 -0.20269 -2.58508 -4.32781 -6.84078 -8.72735 -8.79583 -6.70802 -4.97367 -2.81481 -1.86127 -2.40119 -1.8124 -0.661317 0.645569 1.27949 1.13468 0.288403 0.175674 -0.754121 0.17026 0.254538 -0.167163 -0.530928 -0.376354 0.171379 0.38283 1.24539 1.45657 1.49628 1.50494 1.51013 1.50774 1.50388 1.49509 1.48742 1.47694 1.43999 -2.87224 -6.22455 -9999 -9999 -9999 -9999
-9999 -9999 -9999 -9999 -9999 2.96719 3.18257 3.74605 5.19066 5.94628 6.25279 6.24369 6.38602 6.13888 5.34558 4.53128 3.76354 2.77338 3.34268 4.84571 5.73313 5.83677 4.09887 5.01108 4.67618 4.01191 2.06354 0.628819 -0.129786 -2.41675 -4.374 -6.04467 -8.35316 -7.36172 -6.27046 -4.86975 -2.51451 -0.92494 -0.270728 -0.815985 -0.079493 1.42395 1.43589 0.619336 0.677189 0.183745 -1.08868 0.247293 0.627416 0.331469 0.415469 0.310435 0.517351 0.889927 1.24601 1.48349 1.51774 1.52344 1.51731 1.51809 1.52018 1.50481 1.50747 1.49699 1.47692 -1.30569 -6.27841 -9999 -9999 -9999 -9999
-9999 -9999 -9999 -9999 -9999 -9999 2.22463 3.50845 5.42561 5.90088 5.85874 6.25549 6.29075 5.91071 5.58098 4.59223 3.24107 0.644582 1.3086 2.6924 4.68709 5.73708 5.59931 5.02298 4.01573 1.57232 -0.56543 -0.821045 -1.16731 -2.83517 -4.34139 -6.19919 -5.11766 -3.93359 -2.63881 -1.95772 -2.13229 -0.769979 0.341171 -0.127598 0.775288 1.82863 1.35602 1.07849 0.84672 0.275475 0.246182 0.312338 1.07372 0.556987 0.884084 0.899711 0.886508 1.07 1.28002 1.4999 1.53794 1.54035 1.54538 1.52139 1.5314 1.52022 1.50942 1.49993 1.48302 1.23334 -1.44333 -3.04231 -9999 -9999 -9999
-9999 -9999 -9999 -9999 -9999 -9999 1.05147 1.69243 3.96269 4.66299 5.6667 6.20009 6.2257 5.58331 5.22614 3.75209 3.27506 0.873502 -0.212438 0.71361 0.363054 3.10903 5.53965 5.01759 0.122884 -1.647 -2.90805 -2.57838 -2.57082 -3.03198 -5.59951 -6.30505 -3.99853 -2.54543 -1.41932 -0.564824 -0.385293 -0.412989 1.324 1.55689 2.12329 2.00386 2.05974 1.18789 0.650411 1.13031 0.589758 0.502318 1.28867 0.526086 1.22714 1.15267 0.948918 0.942461 1.40427 1.50021 1.55162 1.55654 1.53996 1.51803 1.50617 1.52239 1.51708 1.49359 1.4971 1.47469 1.15986 -0.224153 -0.705441 -0.164322 -9999
-9999 -9999 -9999 -9999 -9999 -9999 -9999 -0.41354 2.74105 4.18123 4.93935 6.00623 6.13582 5.79535 5.1759 3.6744 2.35446 0.207872 -2.24354 -3.54051 0.352534 3.74161 5.51242 5.28649 1.21284 -0.392043 -0.462045 0.490469 -0.304926 -0.907282 -2.85725 -3.43786 -4.24666 -3.74344 -2.17417 -0.892622 0.343093 1.24197 1.31699 1.90126 2.2388 2.26933 2.3777 2.27882 2.19938 1.36041 1.95002 1.46036 1.72932 1.56598 1.41901 1.29513 0.816326 1.16243 1.46889 1.55006 1.57669 1.55999 1.55701 1.5453 1.518 1.50698 1.50669 1.50581 1.49259 1.49496 1.48412 1.33204 0.500875 -0.612987 -2.02116
-9999 -9999 -9999 -9999 -9999 -9999 -9999 -1.97875 1.16041 2.67196 4.61954 5.62262 6.03075 5.97795 5.47622 4.33568 2.61867 1.18896 -1.54791 -4.38942 -0.304352 3.33721 5.30373 5.41181 1.99157 2.94629 2.18298 2.49735 1.09594 0.516183 0.0593817 -0.946423 -2.04701 -3.25083 -3.88665 -1.01258 0.463957 1.65251 2.21395 2.53233 2.6926 2.61151 2.39963 1.12805 2.10497 2.05922 1.96772 1.86224 1.81419 1.71918 1.60614 1.54363 1.52337 1.20641 1.57471 1.56906 1.57582 1.57902 1.57074 1.55371 1.53895 1.52055 1.5229 1.51273 1.50251 1.49646 1.49632 1.48934 1.44692 1.22868 -0.663716
-9999 -9999 -9999 -9999 -9999 -9999 -9999 -6.37811 -1.81168 1.85778 3.77488 5.33624 5.76551 5.92641 5.253 4.74986 3.51954 2.35494 0.557558 -2.13545 -3.79218 -0.732982 3.71433 5.35742 5.23635 5.13829 4.25488 3.45917 3.36243 3.42669 2.50029 1.14854 -0.621738 -1.17136 -1.79091 0.350252 0.642054 0.487338 2.8414 2.8487 2.71724 1.81982 0.816908 1.01191 0.39325 0.876888 0.138312 0.827156 1.4234 1.64942 1.63633 1.56526 1.5612 1.52936 1.59572 1.59686 1.58849 1.58218 1.57925 1.57158 1.54535 1.53103 1.5423 1.52637 1.51463 1.50382 1.50646 1.50456 1.4739 1.44639 1.15821
-9999 -9999 -9999 -9999 -9999 -9999 -9999 -6.17093 -2.3314 0.926551 2.88208 4.76103 5.19759 5.83228 5.69651 5.16948 4.10025 2.76435 1.28544 -1.02463 -2.74057 -0.692849 2.25975 4.37616 5.14037 5.1374 5.09074 4.89408 4.81732 4.58735 4.42534 3.45524 1.78464 0.840422 -0.542676 1.84339 2.1125 1.74107 2.93273 2.87488 1.07747 -0.303664 -0.473155 0.376283 -0.422632 -0.558075 -1.05275 -0.483035 1.03575 0.600359 0.692386 1.386 1.50279 1.57885 1.60092 1.59831 1.59688 1.58681 1.58998 1.59301 1.56741 1.55634 1.55172 1.52735 1.52579 1.51014 1.50158 1.49248 1.47738 1.45246 1.37272
-9999 -9999 -9999 -9999 -9999 -9999 -9999 -6.08068 -3.50054 -0.568585 2.31008 4.31667 5.12658 5.71659 5.71135 5.09855 4.5678 3.73099 2.43007 1.53872 -0.0102421 -2.1368 1.43674 2.53391 3.51783 3.93519 4.95777 4.93677 4.47376 3.93521 4.44113 4.29792 2.97473 2.54092 1.8068 3.13464 3.13932 3.10408 3.03464 1.51618 -0.594894 -2.28151 -1.06314 -1.31388 -0.749914 -2.47296 -1.04405 0.105372 0.48143 -0.291471 -0.864332 0.927728 1.22775 1.40651 1.52174 1.59799 1.58209 1.60209 1.59323 1.58955 1.58535 1.57164 1.56408 1.55045 1.53664 1.52513 1.51863 1.50138 1.48096 1.4825 1.44098
-9999 -9999 -9999 -9999 -9999 -9999 -9999 -9999 -5.01294 -1.29578 2.02245 3.87016 5.03247 5.59918 5.58989 5.2771 4.91708 4.39874 3.46067 2.28208 0.418631 -0.96375 -0.0812186 0.99362 1.12124 1.83857 3.91169 4.62223 3.6237 1.15017 2.61778 4.25099 4.22671 4.08954 3.93571 3.73665 3.55876 3.1676 2.11719 -1.10421 -1.73464 -2.99643 -2.84975 -3.49513 -2.07209 -2.59615 -1.13642 -0.501339 -0.258916 -1.60045 -1.30782 0.27849 0.907617 0.806625 1.19341 1.56175 1.576 1.58856 1.581 1.59076 1.59554 1.59135 1.57777 1.56789 1.56139 1.5358 1.54377 1.42707 1.35243 1.19785 1.39652
-9999 -9999 -9999 -9999 -9999 -9999 -9999 -9999 -5.7423 -2.03318 1.87461 3.12986 4.38295 5.46467 5.4868 5.00822 4.55334 4.08501 3.55184 2.12168 0.735175 -0.58819 -1.03036 -0.760075 -0.775908 0.382064 3.08158 3.60696 3.38753 0.80695 -0.0661589 2.11485 3.94803 4.09423 3.93012 1.77729 2.23809 1.07768 -0.496683 -0.928257 -1.61573 -3.07106 -2.36618 -3.43094 -2.96955 -3.08352 -2.25324 -1.8463 -0.859486 -2.02838 -2.01506 -0.45734 0.32903 0.35169 1.17641 1.47209 1.55138 1.57309 1.58926 1.59512 1.61041 1.60532 1.59583 1.58259 1.54626 1.4558 1.17286 -0.380568 -0.375231 0.0560843 0.464438
-9999 -9999 -9999 -9999 -9999 -9999 -9999 -9999 -5.30512 -2.73093 0.736669 3.30551 3.46784 4.71736 5.36299 4.84252 4.25652 3.65717 3.39639 1.83963 0.129589 -1.25138 -2.88632 -2.61363 -1.43472 0.493554 2.23832 2.5529 2.19599 0.816387 1.47415 2.96234 3.75353 3.98831 3.8072 3.33991 3.07076 2.21687 1.84809 0.661645 -1.1946 -1.92398 -1.45732 -3.42749 -3.28623 -2.553 -3.31927 -2.03745 -1.422 -2.93287 -1.71914 -0.342851 0.362285 0.979011 1.2724 1.39096 1.57115 1.5784 1.59584 1.60647 1.60641 1.60891 1.58277 1.56167 1.39891 1.15761 -0.292917 -0.890617 -0.768517 -0.0932881 0.498372
-9999 -9999 -9999 -9999 -9999 -9999 -9999 -9999 -4.85836 -2.54056 0.466258 2.2981 2.62669 4.01232 5.24467 5.10853 4.49879 4.31438 3.68277 2.36272 0.904629 -0.689141 -1.46252 -3.24386 -1.48453 -0.0901963 1.38767 2.08064 0.948758 0.379352 1.39523 2.40504 2.80974 3.82935 3.82188 3.49248 2.06519 1.37038 1.66733 1.37031 0.848472 -0.428247 -0.482309 -1.30112 -1.6383 -1.95647 -2.9924 -2.32243 -2.25207 -2.06463 -0.613 0.104858 0.581816 1.01578 1.13187 1.32206 1.56788 1.59195 1.60326 1.60471 1.61179 1.59647 1.52991 1.47427 1.14399 0.557278 -0.539872 -2.31446 -1.05455 0.262777 0.660441
-9999 -9999 -9999 -9999 -9999 -9999 -9999 -9999 -5.24499 -2.78282 -0.212862 0.862234 1.04567 3.55256 5.08811 5.09217 4.80394 4.46719 2.90408 2.99803 2.68726 1.24968 -0.845293 -3.1463 -2.92757 -1.54919 0.399775 1.04715 -0.829133 -1.49205 -0.999637 0.525994 1.89181 3.31773 3.68161 3.26622 1.04334 -1.31901 -0.21984 0.954552 0.950703 0.609656 -0.574048 -0.9478 -1.28572 -2.1482 -3.60826 -3.38705 -2.97585 -1.32518 -0.803297 0.00100494 0.669433 0.421744 0.571434 1.21065 1.57854 1.595 1.60413 1.61873 1.61289 1.59363 1.45852 1.31531 1.07323 -0.460969 -1.4139 -2.79902 -1.17566 -0.276777 0.210071
-9999 -9999 -9999 -9999 -9999 -9999 -9999 -9999 -5.99883 -4.21181 -1.75536 -0.764713 0.814915 3.18402 4.34997 4.90968 4.89895 4.67505 3.97612 3.55679 2.72864 1.23295 -0.812937 -3.08732 -4.56703 -3.81101 -1.18595 -0.55853 -2.29293 -3.17376 -2.07064 -0.44494 1.96091 3.33648 3.52426 3.4024 2.94588 1.22183 -0.861605 -0.851953 0.196901 -0.675657 -1.69014 -1.12754 -1.22797 -2.07962 -2.69813 -3.06883 -2.82496 -1.88247 -1.4928 -0.564241 0.804564 1.00328 0.967532 1.54537 1.57693 1.59307 1.61741 1.6193 1.61657 1.60184 1.49213 1.24323 0.22288 -0.666532 -1.90489 -2.05562 -0.60725 0.028397 0.621435
-9999 -9999 -9999 -9999 -9999 -9999 -9999 -9999 -7.30262 -5.20033 -2.89916 -0.744345 1.29445 3.0494 3.18625 4.11262 4.113 4.59927 4.46223 3.81452 3.11729 1.82883 -0.800084 -3.01024 -5.42077 -4.78227 -2.10405 -1.7486 -2.91002 -5.05815 -2.83466 -0.382936 1.83926 3.04329 2.10363 3.07144 2.99451 2.35003 1.11079 -0.817354 -0.778168 -2.22228 -2.28234 -1.53625 -1.29194 -1.4125 -1.876 -2.61556 -2.4774 -1.90215 -1.7544 -0.900814 0.161755 1.20054 1.37758 1.57804 1.58936 1.59533 1.61414 1.61883 1.59981 1.54938 1.43452 0.579508 -0.437783 -1.06343 -1.92545 -2.02766 -0.360983 0.309865 0.685031
