Test_Spring_2018/03_18/Temp/20180310_006.txt
ncols	170
nrows	115
xllcorner	350000.000000
yllcorner	4445000.000000
cellsize	1000.000000
nodata_value	-9999.000000
[rows 31 to 61 of 115, columns 71 to 141 of 170]
7.42343 7.63455 7.2249 7.26196 8.24265 8.46256 8.44555 8.36982 8.27463 7.80925 7.65153 7.28395 6.63877 6.36639 5.22107 1.52546 2.56729 2.97289 1.89955 2.49459 3.46499 2.61618 0.101216 -0.982465 -2.72698 -2.16739 -2.68343 -4.08709 -9999 -9999 -9999 -9999 -9999 -9999 -9999 -9999 -9999 -9999 -9999 -9999 -9999 -9999 -9999 -9999 -9999 -9999 -9999 -9999 -9999 -9999 -9999 -9999 -9999 -9999 -9999 -9999 -9999 -9999 -9999 -9999 -9999 -9999 -9999 -9999 -9999 -9999 -9999 -9999 -9999 -9999 -9999
7.21157 7.18286 6.78812 7.38879 7.94172 7.61626 7.39928 8.31545 8.31267 7.99773 7.26173 6.98959 6.7074 6.53309 5.58938 2.94794 0.566478 1.83751 1.86481 0.981093 2.55891 1.72243 -0.456311 -3.53101 -1.86091 -2.29602 -4.45724 -4.99003 -9999 -9999 -9999 -9999 -9999 -9999 -9999 -9999 -9999 -9999 -9999 -9999 -9999 -9999 -9999 -9999 -9999 -9999 -9999 -9999 -9999 -9999 -9999 -9999 -9999 -9999 -9999 -9999 -9999 -9999 -9999 -9999 -9999 -9999 -9999 -9999 -9999 -9999 -9999 -9999 -9999 -9999 -9999
6.86701 6.65837 6.48661 7.38105 7.35878 7.31163 7.64883 8.21864 8.3291 8.20456 7.88187 7.60199 7.30436 6.55408 5.47511 3.21407 0.503912 -0.11316 1.20871 1.26964 1.48028 0.717655 -0.239386 -1.73536 -0.512132 -0.037358 -1.46165 -3.32266 -4.5172 -9999 -9999 -9999 -9999 -9999 -9999 -9999 -9999 -9999 -9999 -9999 -9999 -9999 -9999 -9999 -9999 -9999 -9999 -9999 -9999 -9999 -9999 -9999 -9999 -9999 -9999 -9999 -9999 -9999 -9999 -9999 -9999 -9999 -9999 -9999 -9999 -9999 -9999 -9999 -9999 -9999 -9999
6.34683 6.03278 5.15801 5.69563 6.09856 6.87015 7.0738 7.18403 8.25252 8.19302 8.14047 7.68005 7.3111 6.70177 5.66325 4.18611 2.40834 -0.684508 1.21769 2.70682 2.66627 2.58255 1.91147 0.474063 1.67449 1.73009 -0.0869185 -2.14873 -3.37498 -3.88297 -9999 -9999 -9999 -9999 -9999 -9999 -9999 -9999 -9999 -9999 -9999 -9999 -9999 -9999 -9999 -9999 -9999 -9999 -9999 -9999 -9999 -9999 -9999 -9999 -9999 -9999 -9999 -9999 -9999 -9999 -9999 -9999 -9999 -9999 -9999 -9999 -9999 -9999 -9999 -9999 -9999
5.62412 5.32158 4.25393 4.79491 5.51817 6.55215 7.09476 7.50271 7.82048 8.14449 8.10305 7.63193 6.24617 6.04545 5.98228 5.01496 2.98862 0.965059 0.43866 2.71165 3.36055 3.22569 3.73209 2.51415 3.0879 2.85128 2.20836 0.222362 -1.59499 -2.35189 -3.84666 -9999 -9999 -9999 -9999 -9999 -9999 -9999 -9999 -9999 -9999 -9999 -9999 -9999 -9999 -9999 -9999 -9999 -9999 -9999 -9999 -9999 -9999 -9999 -9999 -9999 -9999 -9999 -9999 -9999 -9999 -9999 -9999 -9999 -9999 -9999 -9999 -9999 -9999 -9999 -9999
-9999 -9999 -9999 3.57933 4.57655 5.39624 6.40733 7.27609 7.70736 8.12607 8.08941 7.15077 6.68994 6.64665 6.01164 4.89537 4.19352 2.91816 1.5897 2.09307 4.03122 3.16572 4.53881 4.42094 4.67239 3.75233 2.0258 -0.293482 -1.6416 -2.31883 -3.53039 -9999 -9999 -9999 -9999 -9999 -9999 -9999 -9999 -9999 -9999 -9999 -9999 -9999 -9999 -9999 -9999 -9999 -9999 -9999 -9999 -9999 -9999 -9999 -9999 -9999 -9999 -9999 -9999 -9999 -9999 -9999 -9999 -9999 -9999 -9999 -9999 -9999 -9999 -9999 -9999
-9999 -9999 -9999 -9999 4.39326 5.0181 6.3565 7.06337 7.34262 8.01967 8.01855 7.6612 7.39045 6.99875 6.48798 5.64806 4.72175 3.5219 3.40792 4.64636 4.65903 4.3974 4.59935 5.23567 5.06638 3.64852 1.20331 -0.0947202 -2.71572 -3.84614 -3.73181 -4.53408 -9999 -9999 -9999 -9999 -9999 -9999 -9999 -9999 -9999 -9999 -9999 -9999 -1.52033 -9999 -9999 -9999 -9999 -9999 -9999 -9999 -9999 -9999 -9999 -9999 -9999 -9999 -9999 -9999 -9999 -9999 -9999 -9999 -9999 -6.44269 -9999 -9999 -9999 -9999 -9999
-9999 -9999 -9999 4.26236 5.10861 5.75864 6.59727 6.68708 7.19121 7.97022 7.97909 7.72484 7.43759 6.79544 6.63353 6.15369 5.14808 4.93947 5.34213 5.52607 5.73538 5.86368 5.75598 5.49631 5.16152 4.25811 3.11912 2.35469 -0.0482334 -1.25718 -2.42385 -4.18949 -5.57155 -9999 -9999 -9999 -9999 -9999 -9999 -9999 -2.42424 -2.49457 -2.46808 -2.08598 -1.0226 -1.65511 -9999 -9999 -9999 -9999 -9999 -9999 -9999 -9999 -9999 -9999 -9999 -9999 -9999 -9999 -9999 -9999 -9999 -9999 -9999 -5.48258 -6.87842 -9999 -9999 -9999 -9999
-9999 -9999 -9999 4.49728 5.37659 5.81529 6.63027 7.09608 7.41551 7.68435 7.94077 7.89447 7.57684 7.09498 7.09423 6.43116 6.07179 5.81416 6.35981 6.46516 6.24207 5.96349 5.71747 5.02518 4.94465 4.73302 4.01054 2.8244 1.60205 -0.14843 -2.54404 -4.89388 -6.79004 -9999 -9999 -9999 -9999 -9999 -9999 -2.22167 -1.3392 -0.812569 -1.94786 -0.987251 -0.109631 -0.255543 -1.10878 -9999 -9999 -9999 -9999 -9999 -9999 -9999 -9999 -9999 -9999 -9999 -9999 -9999 -9999 1.12477 -0.305744 -3.1891 -4.67016 -5.56135 -6.83115 -9999 -9999 -9999 -9999
-9999 -9999 -9999 4.31875 5.35808 6.06218 6.68717 6.78676 7.43328 7.71897 7.85571 7.83653 7.77088 7.679 7.09968 6.84799 5.97422 6.80197 6.76665 6.55278 5.71655 5.35315 3.92072 3.29027 3.16203 4.3662 3.47775 1.62177 -0.698747 -3.47795 -3.65533 -4.57907 -6.27374 -9999 -9999 -9999 -9999 -9999 -9999 -1.9478 -1.00385 -0.216894 -0.106767 -1.23545 0.32772 0.2696 -0.613169 -0.817655 -0.103706 0.255473 -0.0137907 0.84127 1.08634 0.692222 1.11075 -9999 -9999 -9999 -9999 1.33059 1.38179 1.41893 0.819219 -2.33015 -4.48317 -6.41733 -6.60227 -9999 -9999 -9999 -9999
-9999 -9999 -9999 5.03461 5.67491 5.99898 6.0518 6.61317 7.17921 7.53004 7.77996 7.72633 7.7023 7.67647 7.47529 7.01349 7.09107 7.04955 6.7786 5.18835 3.33346 4.13845 3.03848 0.691291 2.60969 3.6616 2.65544 0.406856 -2.20086 -3.04441 -3.00455 -4.28856 -5.9412 -9999 -9999 -9999 -4.52837 -3.17395 -3.0606 -2.66516 -1.40477 -0.447363 0.273501 0.762287 0.748894 0.221951 -0.641727 -1.58006 -1.25301 0.419656 0.823257 1.17125 1.42535 1.05887 1.23725 1.67938 1.90467 1.94511 1.83296 1.80228 1.83242 1.77237 1.21214 -1.60241 -3.21781 -4.25085 -6.32587 -9999 -9999 -9999 -9999
-9999 -9999 -9999 4.63088 5.18803 5.63953 6.38784 6.46746 6.94129 7.22675 7.64845 7.69263 7.19988 7.59984 7.54288 7.46228 7.29685 7.05699 5.71317 3.86329 2.00961 1.15306 1.52125 0.105604 0.838472 1.90461 1.52111 0.145212 -2.1774 -2.50322 -3.03477 -5.19064 -7.26982 -9999 -9999 -7.1596 -4.55635 -2.72517 -1.78337 -1.49558 -1.47319 -0.265821 -0.176433 1.12397 0.819035 -0.913991 -0.725176 -1.40144 -0.971481 -0.36455 -0.201217 0.684122 1.53136 1.68575 1.68298 1.96208 2.0142 2.02272 2.0087 1.80846 1.89054 1.89762 1.54587 -0.497696 -1.4976 -2.59865 -6.30455 -9999 -9999 -9999 -9999
-9999 -9999 -9999 4.91346 5.53662 6.21906 6.33023 6.83573 6.78299 6.64382 7.34643 7.60576 7.25662 7.0035 7.45643 7.41924 7.3529 7.24741 5.98402 4.52342 2.31523 0.942965 0.108596 -0.486009 -1.27187 -0.723098 -0.887825 -1.10928 -0.848857 -1.48186 -2.74813 -4.01143 -6.37509 -7.65617 -9999 -7.01812 -5.84583 -3.66731 -1.81722 -0.645198 -1.07497 0.298398 0.548098 1.34333 0.870552 -0.183976 -0.643035 -0.68865 -0.831751 0.0921917 0.713121 1.154 1.44254 1.80492 1.89173 1.97892 2.01145 2.02613 2.04109 2.02973 2.01581 1.96802 1.83168 0.888475 -0.109543 -2.25878 -6.18497 -9999 -9999 -9999 -9999
-9999 -9999 3.08809 4.8385 5.8836 6.28906 6.58194 6.83994 7.02651 7.22587 7.40655 7.53018 7.4758 6.55659 6.62575 6.7842 7.29725 7.25452 7.1356 6.33496 3.64866 2.72253 1.36975 -0.38403 -1.11129 -0.741917 0.699763 0.639046 -0.309987 -1.36826 -2.82707 -3.7563 -5.20686 -7.99131 -7.74366 -6.49328 -5.56473 -4.08604 -1.82362 -0.239853 0.463093 0.724423 1.28092 1.56566 0.916977 0.301404 0.0394194 -0.440869 -0.513068 -0.514548 0.041818 0.479187 1.44918 1.77078 1.91524 1.98519 2.01978 2.04311 2.06596 2.06958 2.04426 2.03865 2.02439 1.94898 0.622442 -2.69081 -5.18879 -9999 -9999 -9999 -9999
-9999 -9999 -9999 4.51303 4.97381 5.09565 5.30747 5.73921 6.23629 6.94351 7.03271 7.41783 7.41246 6.62178 5.70601 6.49254 6.80115 7.12156 7.12595 7.0189 4.76431 3.58373 2.65529 0.974082 1.58743 2.16741 2.2151 1.87138 -0.166804 -2.19694 -4.53337 -6.7227 -6.82693 -8.00466 -7.38251 -6.55788 -4.43574 -2.94458 -2.34392 -1.91473 0.384296 0.979929 1.17791 1.76175 0.950488 0.740755 0.130205 0.304768 0.246791 0.245414 -1.43525 0.245579 0.339401 1.42905 1.91656 2.02248 2.04645 2.07238 2.07106 2.07087 2.05928 2.06377 2.0406 2.01299 1.14778 -3.04746 -5.16063 -9999 -9999 -9999 -9999
-9999 -9999 -9999 -9999 -9999 4.66002 5.01216 5.23823 5.62784 6.82234 7.14186 7.35271 7.36752 7.01183 6.10627 5.8627 6.02134 5.13618 5.86674 6.86971 6.84224 6.71923 4.73752 3.72895 4.71384 4.41928 2.93365 1.76564 0.612931 -1.76406 -3.49825 -6.00723 -7.89195 -7.96347 -5.88444 -4.15835 -2.011 -1.06718 -1.61428 -1.03575 0.103216 1.39729 2.01957 1.86463 1.00963 0.884809 -0.0537076 0.858006 0.931585 0.500453 0.127319 0.273636 0.810011 1.01115 1.86234 2.06395 2.09513 2.09529 2.09235 2.08214 2.07065 2.05214 2.03588 2.01653 1.97046 -2.34184 -5.70146 -9999 -9999 -9999 -9999
-9999 -9999 -9999 -9999 -9999 3.83142 4.04685 4.60936 6.05063 6.80782 7.11118 7.09858 7.23605 6.98385 6.18575 5.36609 4.59214 3.59668 4.15785 5.6516 6.5321 6.6316 4.89465 5.80431 5.46918 4.80602 2.86201 1.43083 0.674394 -1.60714 -3.55527 -5.22357 -7.5291 -6.54285 -5.45807 -4.06568 -1.72185 -0.143424 0.5007 -0.052317 0.672856 2.16287 2.16432 1.33888 1.38584 0.880997 -0.399561 0.922713 1.2914 0.985688 1.05932 0.946521 1.14286 1.50484 1.85074 2.07868 2.10421 2.10167 2.08748 2.08046 2.07397 2.0502 2.04412 2.02461 1.99521 -0.790972 -5.76749 -9999 -9999 -9999 -9999
-9999 -9999 -9999 -9999 -9999 -9999 3.0796 4.36089 6.27369 6.75111 6.70656 7.09894 7.12955 6.74474 6.40918 5.41526 4.05924 1.46085 2.11651 3.49125 5.47657 6.52034 6.38 5.80436 4.79836 2.35996 0.227022 -0.0275839 -0.372515 -2.03621 -3.53426 -5.3892 -4.31202 -3.13349 -1.84558 -1.1712 -1.35181 -8.55175e-05 1.10015 0.623193 1.5143 2.55508 2.07291 1.78519 1.54303 0.960464 0.920231 0.9754 1.72448 1.19846 1.51469 1.5223 1.49909 1.67249 1.87275 2.08322 2.11262 2.10678 2.10378 2.07182 2.07356 2.05386 2.03421 2.01553 1.98913 1.73018 -0.955373 -2.5617 -9999 -9999 -9999
-9999 -9999 -9999 -9999 -9999 -9999 1.8975 2.53719 4.80217 5.50409 6.50303 7.0317 7.05266 6.40608 6.04342 4.56538 4.08157 1.67748 0.587561 1.50556 1.15073 3.88673 6.3091 5.78753 0.902441 -0.864026 -2.1223 -1.79301 -1.78501 -2.24473 -4.80181 -5.50707 -3.20761 -1.76066 -0.641049 0.206367 0.379064 0.343848 2.06837 2.2919 2.84724 2.71777 2.7629 1.88211 1.33487 1.80113 1.25074 1.15266 1.92668 1.1554 1.84484 1.76266 1.54942 1.53341 1.98502 2.07192 2.11472 2.11109 2.08668 2.05667 2.03659 2.04411 2.02981 1.997 1.99082 1.95852 1.62954 0.237658 -0.253379 0.275955 -9999
-9999 -9999 -9999 -9999 -9999 -9999 -9999 0.423922 3.57104 5.01117 5.7649 6.8258 6.95049 6.60682 5.98176 4.47611 3.15138 1.00187 -1.45148 -2.75005 1.12945 4.50706 6.27093 6.04471 1.97866 0.376583 0.306491 1.25698 0.463516 -0.137382 -2.07833 -2.65912 -3.46835 -2.96931 -1.40665 -0.134185 1.09243 1.98181 2.04804 2.62147 2.9497 2.96992 3.06747 2.95801 2.86785 2.01815 2.59554 2.09619 2.35403 2.18078 2.02416 1.89285 1.4053 1.74121 2.03791 2.11016 2.12698 2.10256 2.09167 2.07179 2.03598 2.01652 2.00709 1.99671 1.97373 1.96605 1.94025 1.77762 0.937493 -0.184485 -1.59983
-9999 -9999 -9999 -9999 -9999 -9999 -9999 -1.14994 1.9814 3.49267 5.43307 6.43222 6.83562 6.77678 6.26936 5.12409 3.4034 1.96943 -0.768548 -3.61042 0.461078 4.09301 6.05198 6.15744 2.74446 3.69605 2.93378 3.24712 1.84855 1.26979 0.818597 -0.186766 -1.28739 -2.49034 -3.1308 -0.268324 1.19858 2.37706 2.92875 3.237 3.38674 3.29716 3.07617 1.79669 2.76071 2.70261 2.60051 2.48463 2.42628 2.32135 2.19871 2.12887 2.099 1.77342 2.13084 2.11489 2.11385 2.1092 2.09294 2.06766 2.04426 2.01683 2.00961 1.9908 1.97073 1.9546 1.93932 1.92152 1.86849 1.64026 -0.258147
-9999 -9999 -9999 -9999 -9999 -9999 -9999 -5.55188 -0.996827 2.67038 4.57985 6.13545 6.55844 6.71298 6.03445 5.52544 4.29066 3.12148 1.32117 -1.37234 -3.03121 0.0180869 4.4518 6.09232 5.971 5.87168 4.98911 4.1943 4.09704 4.16038 3.24042 1.89178 0.122332 -0.432083 -1.05477 1.0763 1.36103 1.19922 3.53975 3.5378 3.39667 2.49074 1.48197 1.66573 1.03951 1.50979 0.762201 1.43909 2.0238 2.23934 2.21657 2.13845 2.12305 2.08235 2.13688 2.13006 2.11383 2.0996 2.08856 2.0725 2.03757 2.01413 2.01583 1.98982 1.96787 1.9487 1.93605 1.9234 1.88221 1.8444 1.54681
-9999 -9999 -9999 -9999 -9999 -9999 -9999 -5.3547 -1.51941 1.72845 3.67865 5.54887 5.97919 6.6066 6.46476 5.93217 4.85841 3.51858 2.0363 -0.274936 -1.99278 0.0454805 2.98973 5.09827 5.86003 5.85915 5.81099 5.61338 5.53766 5.30692 5.14973 4.17903 2.50599 1.55989 0.175098 2.55039 2.81243 2.43444 3.61524 3.5485 1.74533 0.357044 0.177408 1.01765 0.209802 0.0622763 -0.439328 0.11888 1.62429 1.17756 1.25994 1.94527 2.05262 2.11546 2.12924 2.11858 2.10915 2.09104 2.08596 2.08045 2.04605 2.02577 2.01158 1.97738 1.96529 1.93928 1.91491 1.89779 1.87224 1.83712 1.74763
-9999 -9999 -9999 -9999 -9999 -9999 -9999 -5.27842 -2.69839 0.223855 3.09539 5.09289 5.89576 6.47871 6.46729 5.84938 5.31319 4.47164 3.16719 2.27175 0.720609 -1.4063 2.15506 3.24904 4.22975 4.64519 5.66378 5.64132 5.17791 4.64914 5.15129 5.00213 3.67815 3.241 2.50352 3.82273 3.82087 3.77837 3.70097 2.17702 0.0611669 -1.63161 -0.42607 -0.686626 -0.130565 -1.86197 -0.449238 0.68733 1.05253 0.274923 -0.306032 1.47556 1.76063 1.93042 2.03706 2.10496 2.08094 2.09268 2.07545 2.06313 2.04999 2.02703 2.0099 1.98643 1.96258 1.94024 1.91785 1.88987 1.85419 1.84544 1.79789
-9999 -9999 -9999 -9999 -9999 -9999 -9999 -9999 -4.22091 -0.511403 2.79543 4.63445 5.78906 6.34894 6.33372 6.01541 5.64987 5.12639 4.18426 3.00243 1.13766 -0.246588 0.629686 1.70184 1.82812 2.54128 4.60759 5.31449 4.31612 1.85329 3.31156 4.93784 4.90978 4.76853 4.61 4.40724 4.22315 3.82554 2.76945 -0.453518 -1.09344 -2.36217 -2.22583 -2.88001 -1.46626 -2.00118 -0.554943 0.0686396 0.30067 -1.0475 -0.761827 0.805681 1.42462 1.31534 1.69299 2.05511 2.06102 2.06518 2.0491 2.05008 2.04582 2.03232 2.006 1.98604 1.96928 1.93232 1.92403 1.7968 1.7118 1.54739 1.73586
-9999 -9999 -9999 -9999 -9999 -9999 -9999 -9999 -4.95645 -1.25936 2.63554 3.88328 5.12846 6.20229 6.21857 5.73502 5.27504 4.80166 4.26373 2.83102 1.44221 0.116827 -0.328828 -0.0630979 -0.0764573 1.07595 3.76679 4.2884 4.06688 1.4936 0.61885 2.79124 4.61615 4.75727 4.5882 2.43412 2.88733 1.72219 0.14338 -0.295717 -0.990653 -2.45218 -1.75851 -2.83081 -2.38038 -2.50139 -1.68299 -1.28686 -0.311913 -1.48772 -1.48063 0.0577808 0.833506 0.847446 1.66188 1.94853 2.01925 2.03242 2.03989 2.03681 2.04286 2.02828 2.00905 1.98584 1.93945 1.83896 1.54502 -0.0214823 -0.0265267 0.39377 0.791499
-9999 -9999 -9999 -9999 -9999 -9999 -9999 -9999 -4.53197 -1.96763 1.48784 4.04619 4.20295 5.44426 6.08276 5.55755 4.9669 4.36295 4.09696 2.53802 0.826431 -0.556466 -2.1924 -1.92446 -0.751903 1.17506 2.9128 3.2236 2.86439 1.48899 2.14129 3.62191 4.40672 4.63587 4.44958 3.97718 3.70194 2.84266 2.4669 1.27475 -0.586167 -1.32304 -0.86677 -2.8422 -2.7109 -1.98895 -2.76048 -1.49121 -0.886702 -2.40368 -1.20589 0.158081 0.852622 1.45916 1.74323 1.85293 2.02414 2.0227 2.0313 2.03289 2.02358 2.01659 1.98081 1.94987 1.77745 1.52658 0.0691391 -0.545275 -0.433683 0.230067 0.810713
-9999 -9999 -9999 -9999 -9999 -9999 -9999 -9999 -4.09786 -1.7896 1.2059 3.02872 3.35132 4.72844 5.95244 5.81082 5.1966 5.00679 4.37088 3.04822 1.58804 -0.00722056 -0.783569 -2.56535 -0.813884 0.580326 2.05138 2.73934 1.61141 1.03899 2.0482 3.05111 3.4499 4.46188 4.4486 4.11362 2.68268 1.98213 2.27071 1.96619 1.43696 0.154172 0.0911145 -0.735209 -1.08108 -1.40801 -2.44818 -1.7893 -1.72862 -1.55786 -0.116244 0.590639 1.05736 1.48137 1.58833 1.7693 2.00581 2.02098 2.02333 2.01568 2.01347 1.98872 1.91267 1.84736 1.50791 0.912516 -0.192207 -1.9811 -0.734084 0.570413 0.947459
-9999 -9999 -9999 -9999 -9999 -9999 -9999 -9999 -4.49525 -2.04318 0.516226 1.58383 1.76152 4.25742 5.78397 5.78229 5.48894 5.14721 3.5819 3.67019 3.35484 1.91539 -0.179752 -2.4802 -2.26617 -0.892468 1.05298 1.69511 -0.176016 -0.842095 -0.355545 1.16172 2.51924 3.93637 4.29341 3.87249 1.6476 -0.716855 0.372241 1.53602 1.5238 1.17482 -0.015219 -0.397261 -0.74368 -1.61359 -3.08086 -2.86544 -2.46462 -0.831425 -0.320387 0.472637 1.13026 0.873924 1.01422 1.64305 2.00117 2.00861 2.00867 2.01406 1.99894 1.97029 1.8259 1.67331 1.42197 -0.118741 -1.07947 -2.47734 -0.870142 0.0168425 0.476871
-9999 -9999 -9999 -9999 -9999 -9999 -9999 -9999 -5.25901 -3.48083 -1.03486 -0.0516598 1.51908 3.87744 5.03518 5.58795 5.57152 5.34243 4.63944 4.21558 3.38399 1.88653 -0.159701 -2.43369 -3.91453 -3.16432 -0.541951 0.0774761 -1.64993 -2.53372 -1.43807 0.178791 2.57381 3.94051 4.12165 3.99348 3.53103 1.80344 -0.283089 -0.281436 0.756846 -0.122358 -1.14341 -0.591012 -0.700336 -1.55934 -2.18577 -2.5618 -2.33514 -1.40181 -1.02279 -0.105914 1.2504 1.43931 1.39438 1.96178 1.98415 1.99113 2.00625 1.99892 1.98689 1.96278 1.8438 1.58584 0.558007 -0.339232 -1.5847 -1.74492 -0.318364 0.295582 0.871317
-9999 -9999 -9999 -9999 -9999 -9999 -9999 -9999 -6.57152 -4.47895 -2.18807 -0.0433787 1.98542 3.73089 3.86173 4.78032 4.77496 5.25449 5.11217 4.46044 3.75947 2.46876 -0.15926 -2.36923 -4.77895 -4.14613 -1.47559 -1.11505 -2.27886 -4.42737 -2.21399 0.226892 2.43848 3.63384 2.68987 3.64889 3.56512 2.91472 1.67053 -0.261349 -0.230472 -1.67991 -1.74855 -1.01298 -0.778259 -0.907732 -1.37949 -2.12751 -2.00245 -1.43582 -1.29832 -0.456414 0.594149 1.6211 1.78832 1.97898 1.98099 1.9777 1.98724 1.98265 1.95438 1.89468 1.77062 0.907941 -0.116752 -0.750732 -1.62064 -1.73243 -0.0849765 0.560685 0.918727
