Test_Spring_2018/03_18/Temp/20180309_015.txt
ncols	170
nrows	115
xllcorner	350000.000000
yllcorner	4445000.000000
cellsize	1000.000000
nodata_value	-9999.000000
[rows 32 to 63 of 115, columns 72 to 143 of 170]
13.8836 13.7348 13.9808 14.2074 14.0591 13.9645 14.3217 14.3276 14.21 13.9257 13.8262 13.7231 13.6632 13.2983 12.2594 11.324 11.8389 11.8599 11.519 12.1552 11.8324 10.9764 9.76417 10.4357 10.271 9.40104 9.19439 -9999 -9999 -9999 -9999 -9999 -9999 -9999 -9999 -9999 -9999 -9999 -9999 -9999 -9999 -9999 -9999 -9999 -9999 -9999 -9999 -9999 -9999 -9999 -9999 -9999 -9999 -9999 -9999 -9999 -9999 -9999 -9999 -9999 -9999 -9999 -9999 -9999 -9999 -9999 -9999 -9999 -9999 -9999 -9999 -9999
13.6695 13.6094 13.9723 13.9708 13.9435 14.0581 14.278 14.3291 14.2872 14.167 14.0643 13.9551 13.6665 13.2477 12.3598 11.2938 11.0589 11.5939 11.6281 11.7214 11.4281 11.0573 10.4721 10.9664 11.1632 10.5996 9.85177 9.36929 -9999 -9999 -9999 -9999 -9999 -9999 -9999 -9999 -9999 -9999 -9999 -9999 -9999 -9999 -9999 -9999 -9999 -9999 -9999 -9999 -9999 -9999 -9999 -9999 -9999 -9999 -9999 -9999 -9999 -9999 -9999 -9999 -9999 -9999 -9999 -9999 -9999 -9999 -9999 -9999 -9999 -9999 -9999 -9999
13.4157 13.0765 13.2978 13.4652 13.7483 13.8113 13.862 14.2934 14.2773 14.2644 14.09 13.9523 13.7197 13.3169 12.7403 12.0444 10.8265 11.5919 12.1933 12.187 12.1633 11.9061 11.3444 11.8297 11.8602 11.1369 10.2956 9.81829 9.62638 -9999 -9999 -9999 -9999 -9999 -9999 -9999 -9999 -9999 -9999 -9999 -9999 -9999 -9999 -9999 -9999 -9999 -9999 -9999 -9999 -9999 -9999 -9999 -9999 -9999 -9999 -9999 -9999 -9999 -9999 -9999 -9999 -9999 -9999 -9999 -9999 -9999 -9999 -9999 -9999 -9999 -9999 -9999
13.1283 12.7125 12.935 13.2295 13.6303 13.8271 13.9833 14.1165 14.2526 14.244 14.0652 13.5237 13.4533 13.4378 13.0636 12.2691 11.4758 11.277 12.1897 12.4573 12.4135 12.6239 12.1494 12.3859 12.3004 12.0488 11.2479 10.5204 10.2296 9.64611 -9999 -9999 -9999 -9999 -9999 -9999 -9999 -9999 -9999 -9999 -9999 -9999 -9999 -9999 -9999 -9999 -9999 -9999 -9999 -9999 -9999 -9999 -9999 -9999 -9999 -9999 -9999 -9999 -9999 -9999 -9999 -9999 -9999 -9999 -9999 -9999 -9999 -9999 -9999 -9999 -9999 -9999
-9999 -9999 12.4474 12.8342 13.1546 13.5494 13.8881 14.0661 14.2396 14.2327 13.8681 13.6938 13.6859 13.4433 13.0101 12.7417 12.2456 11.7285 11.9387 12.7184 12.3845 12.9392 12.9015 13.01 12.6531 11.9553 11.0385 10.497 10.2377 9.76653 -9999 -9999 -9999 -9999 -9999 -9999 -9999 -9999 -9999 -9999 -9999 -9999 -9999 -9999 -9999 -9999 -9999 -9999 -9999 -9999 -9999 -9999 -9999 -9999 -9999 -9999 -9999 -9999 -9999 -9999 -9999 -9999 -9999 -9999 -9999 -9999 -9999 -9999 -9999 -9999 -9999 -9999
-9999 -9999 -9999 12.7565 12.9996 13.5366 13.7985 13.9158 14.1914 14.1984 14.0645 13.9656 13.8192 13.6261 13.3028 12.9454 12.4796 12.4449 12.9472 12.9625 12.8686 12.9583 13.22 13.1614 12.6022 11.624 11.1169 10.0655 9.626 9.68102 9.3725 -9999 -9999 -9999 -9999 -9999 -9999 -9999 -9999 -9999 -9999 -9999 -9999 10.7421 -9999 -9999 -9999 -9999 -9999 -9999 -9999 -9999 -9999 -9999 -9999 -9999 -9999 -9999 -9999 -9999 -9999 -9999 -9999 -9999 9.1162 -9999 -9999 -9999 -9999 -9999 -9999 -9999
-9999 -9999 12.7095 13.0257 13.2889 13.6268 13.6562 13.85 14.1657 14.1763 14.0831 13.9776 13.7318 13.6773 13.4971 13.1085 13.0366 13.2074 13.2913 13.3849 13.4459 13.4127 13.3187 13.1942 12.8245 12.3801 12.0844 11.1345 10.6485 10.1945 9.50313 8.96457 -9999 -9999 -9999 -9999 -9999 -9999 -9999 10.3173 10.3044 10.3301 10.4972 10.935 10.6994 -9999 -9999 -9999 -9999 -9999 -9999 -9999 -9999 -9999 -9999 -9999 -9999 -9999 -9999 -9999 -9999 -9999 -9999 -9999 9.49487 8.95771 -9999 -9999 -9999 -9999 -9999 -9999
-9999 -9999 12.7746 13.1283 13.3068 13.6345 13.8237 13.9333 14.0459 14.1544 14.1435 14.0258 13.8437 13.8534 13.6008 13.4691 13.3781 13.6061 13.6591 13.5813 13.4809 13.3929 13.1269 13.1032 13.0089 12.7295 12.2657 11.7875 11.0831 10.1406 9.21683 8.47378 -9999 -9999 -9999 -9999 -9999 -9999 10.3762 10.7416 10.9661 10.5309 10.9281 11.2925 11.2504 10.9235 -9999 -9999 -9999 -9999 -9999 -9999 -9999 -9999 -9999 -9999 -9999 -9999 -9999 -9999 12.0493 11.4976 10.3691 9.79777 9.46087 8.97389 -9999 -9999 -9999 -9999 -9999 -9999
-9999 -9999 12.7011 13.1175 13.4004 13.6517 13.6945 13.9436 14.0532 14.1137 14.1133 14.0956 14.0684 13.8486 13.7596 13.4241 13.7646 13.7624 13.689 13.368 13.2342 12.6751 12.4336 12.3739 12.8593 12.5133 11.7829 10.868 9.75718 9.69289 9.33488 8.67142 -9999 -9999 -9999 -9999 -9999 -9999 10.4777 10.8679 11.1962 11.2559 10.824 11.461 11.4501 11.1163 11.0518 11.3519 11.511 11.4148 11.7731 11.887 11.7469 11.9293 -9999 -9999 -9999 -9999 12.0961 12.1323 12.1631 11.9412 10.7072 9.86903 9.1181 9.06361 -9999 -9999 -9999 -9999 -9999 -9999
-9999 -9999 12.9831 13.2401 13.371 13.3941 13.6192 13.8357 13.9715 14.0756 14.0616 14.0606 14.0599 13.9906 13.8187 13.8616 13.8575 13.7623 13.143 12.418 12.7485 12.3207 11.3856 12.1514 12.5757 12.1823 11.2952 10.2655 9.923 9.94464 9.44301 8.79605 -9999 -9999 -9999 9.40263 9.95415 10.0137 10.186 10.7023 11.0987 11.4007 11.6115 11.6156 11.4268 11.1009 10.7453 10.892 11.5729 11.7497 11.9013 12.0189 11.8898 11.9797 12.1711 12.2763 12.308 12.2791 12.2827 12.3105 12.3027 12.0966 10.9929 10.3683 9.9753 9.17866 -9999 -9999 -9999 -9999 -9999 -9999
-9999 -9999 12.8181 13.0415 13.2224 13.5187 13.552 13.7424 13.8496 14.0164 14.0409 13.8537 14.0222 14.0105 13.9904 13.9373 13.855 13.3343 12.6124 11.8883 11.5593 11.7059 11.1521 11.4473 11.877 11.7275 11.1843 10.2674 10.1434 9.92693 9.07766 8.26075 -9999 -9999 8.33652 9.38302 10.124 10.5128 10.6427 10.6678 11.164 11.2165 11.75 11.6398 10.9721 11.0644 10.8125 11.0003 11.262 11.3434 11.7072 12.0614 12.1389 12.1538 12.2804 12.3166 12.3355 12.3455 12.2816 12.33 12.3488 12.2255 11.4307 11.0507 10.6322 9.18605 -9999 -9999 -9999 -9999 -9999 -9999
-9999 -9999 12.924 13.1727 13.4447 13.4898 13.6918 13.6725 13.6107 13.8943 13.9992 13.8689 13.7782 13.9693 13.9669 13.9537 13.9253 13.4372 12.8703 12.0059 11.4723 11.1426 10.9146 10.6037 10.8276 10.7676 10.6845 10.7926 10.5422 10.0339 9.53925 8.60829 8.10883 -9999 8.38416 8.86248 9.74154 10.4913 10.9727 10.8187 11.3813 11.498 11.8259 11.6556 11.2576 11.0967 11.0961 11.0566 11.4404 11.7034 11.891 12.0222 12.1833 12.2337 12.2839 12.3123 12.3335 12.3548 12.3658 12.376 12.373 12.3352 11.9775 11.5993 10.7636 9.22987 -9999 -9999 -9999 -9999 -9999 -9999
-9999 12.2062 12.8922 13.3075 13.4685 13.5848 13.6876 13.7626 13.8357 13.9106 13.9656 13.9489 13.5939 13.6329 13.7086 13.926 13.9231 13.89 13.5857 12.5317 12.1691 11.6385 10.9497 10.6647 10.8168 11.3939 11.3739 11.001 10.5846 10 9.63336 9.06487 7.96788 8.07634 8.58431 8.96587 9.56719 10.4809 11.1262 11.4224 11.5439 11.7785 11.9093 11.673 11.4496 11.3637 11.1909 11.1797 11.1962 11.4339 11.6205 12.0221 12.166 12.2399 12.2832 12.3122 12.3367 12.361 12.3778 12.3834 12.3971 12.4079 12.3955 11.8862 10.5936 9.62689 -9999 -9999 -9999 -9999 -9999 -9999
-9999 -9999 12.7608 12.9432 12.9907 13.074 13.2449 13.4425 13.717 13.7563 13.9148 13.9193 13.6134 13.2616 13.5871 13.7238 13.8657 13.882 13.8535 12.965 12.5065 12.1466 11.4865 11.7334 11.9686 11.9917 11.8587 11.0525 10.2495 9.31626 8.45241 8.41753 7.95525 8.21222 8.55104 9.40656 10.013 10.2671 10.4542 11.3846 11.6361 11.7351 11.9855 11.682 11.6199 11.396 11.4834 11.4781 11.4948 10.8443 11.5249 11.5787 12.0275 12.2368 12.2947 12.3194 12.3447 12.3593 12.3745 12.3854 12.4032 12.4108 12.4205 12.0953 10.4483 9.63442 -9999 -9999 -9999 -9999 -9999 -9999
-9999 -9999 -9999 -9999 12.8138 12.9521 13.0408 13.1952 13.6631 13.7935 13.8827 13.896 13.7643 13.4152 13.332 13.4095 13.073 13.3774 13.7869 13.7877 13.7491 12.9709 12.5752 12.9719 12.8595 12.2732 11.8124 11.3573 10.416 9.72171 8.73048 7.98821 7.96726 8.80183 9.49719 10.3627 10.7519 10.5505 10.7971 11.2666 11.7987 12.0645 12.0219 11.7013 11.6732 11.3193 11.6997 11.7468 11.5929 11.4616 11.5331 11.7626 11.8586 12.2122 12.3076 12.3353 12.3502 12.364 12.3752 12.3861 12.3966 12.4075 12.4179 12.4182 10.725 9.41618 -9999 -9999 -9999 -9999 -9999 -9999
-9999 -9999 -9999 -9999 12.4807 12.5644 12.7864 13.3581 13.6524 13.7763 13.7767 13.8387 13.7482 13.4428 13.1305 12.838 12.4572 12.6942 13.3004 13.6618 13.7116 13.0305 13.3964 13.2687 13.0097 12.2411 11.6755 11.3774 10.4737 9.69435 9.03665 8.12705 8.52591 8.96554 9.52912 10.4722 11.1134 11.3853 11.1823 11.4881 12.0983 12.1178 11.8092 11.847 11.6682 11.1786 11.7222 11.8865 11.7826 11.8287 11.7974 11.8918 12.0516 12.2045 12.3102 12.3353 12.3492 12.3585 12.3708 12.3846 12.3919 12.407 12.4174 12.4245 11.3375 9.38674 -9999 -9999 -9999 -9999 -9999 -9999
-9999 -9999 -9999 -9999 -9999 12.1763 12.6836 13.4426 13.6258 13.6117 13.773 13.7927 13.6495 13.5279 13.1466 12.6228 11.6058 11.8803 12.4393 13.2394 13.6641 13.617 13.3931 12.999 12.035 11.1913 11.0929 10.9581 10.2996 9.69897 8.96709 9.40061 9.87577 10.396 10.6745 10.6153 11.1665 11.6192 11.4468 11.8186 12.2505 12.0781 11.9831 11.9062 11.6966 11.6996 11.7401 12.0555 11.8641 12.0065 12.023 12.0302 12.115 12.2101 12.3088 12.3354 12.3479 12.3615 12.3642 12.3809 12.3899 12.3997 12.4106 12.419 12.3356 11.2946 10.6774 -9999 -9999 -9999 -9999 -9999
-9999 -9999 -9999 -9999 -9999 11.703 11.9559 12.8551 13.1276 13.5281 13.7437 13.7597 13.5126 13.3799 12.8061 12.6286 11.689 11.2696 11.6472 11.518 12.6146 13.5851 13.3827 11.4484 10.7514 10.2552 10.3887 10.3943 10.214 9.19296 8.91774 9.83671 10.4186 10.872 11.2192 11.3003 11.3007 12.0015 12.1069 12.3453 12.3125 12.3494 12.0189 11.8208 12.0277 11.8281 11.8077 12.133 11.8441 12.1347 12.1155 12.0472 12.0567 12.2515 12.3011 12.333 12.3466 12.3517 12.3551 12.3633 12.3832 12.3952 12.4006 12.4171 12.4238 12.3186 11.7865 11.612 11.8423 -9999 -9999 -9999
-9999 -9999 -9999 -9999 -9999 -9999 11.1137 12.3637 12.9297 13.2332 13.6604 13.7177 13.5877 13.3522 12.7681 12.2565 11.4176 10.4577 9.95332 11.5054 12.8567 13.5658 13.4808 11.872 11.2405 11.2165 11.5971 11.2848 11.0489 10.2727 10.0472 9.7321 9.93779 10.5656 11.0831 11.5828 11.9504 11.9925 12.2375 12.3844 12.4109 12.4685 12.4441 12.4273 12.1115 12.3596 12.1798 12.3 12.2485 12.2031 12.1642 11.9869 12.1362 12.2694 12.3132 12.3359 12.3407 12.3513 12.3588 12.3607 12.3701 12.3841 12.3984 12.4083 12.4247 12.4399 12.3959 12.0826 11.6571 11.1146 -9999 -9999
-9999 -9999 -9999 -9999 -9999 -9999 10.4861 11.7306 12.3251 13.1003 13.4984 13.6657 13.6535 13.4645 13.0231 12.3539 11.7987 10.7255 9.61035 11.2378 12.6878 13.4745 13.5238 12.1721 12.5551 12.2567 12.3849 11.833 11.6066 11.422 11.0285 10.5981 10.1255 9.88268 11.0305 11.6257 12.1079 12.3427 12.4821 12.5595 12.5398 12.4707 11.9815 12.3831 12.3814 12.3595 12.3317 12.3262 12.3018 12.2698 12.2551 12.2595 12.146 12.3037 12.3146 12.3286 12.3414 12.3499 12.3554 12.3623 12.3684 12.3832 12.3946 12.4056 12.4185 12.438 12.4512 12.4503 12.3794 11.6449 11.2119 11.1045
-9999 -9999 -9999 -9999 -9999 -9999 8.73562 10.5464 11.9903 12.7546 13.3768 13.5544 13.6268 13.3695 13.1805 12.7037 12.2532 11.5518 10.4952 9.84857 11.0681 12.8379 13.4936 13.4493 13.4155 13.0701 12.7589 12.7245 12.7538 12.3834 11.8497 11.1549 10.9459 10.7086 11.5661 11.692 11.6419 12.5868 12.6027 12.5642 12.2228 11.8371 11.9286 11.6983 11.9062 11.6277 11.9145 12.1642 12.2668 12.2744 12.2561 12.2669 12.2664 12.3069 12.3189 12.327 12.3362 12.347 12.3563 12.3587 12.3663 12.3846 12.3929 12.403 12.4149 12.4354 12.4505 12.454 12.4585 12.3594 12.2017 11.8893
-9999 -9999 -9999 -9999 -9999 -9999 8.80434 10.3201 11.615 12.3916 13.1426 13.3232 13.5832 13.5388 13.34 12.9267 12.4079 11.8324 10.9272 10.2568 11.077 12.2528 13.0983 13.4048 13.4072 13.3938 13.3206 13.2909 13.2043 13.1366 12.7585 12.1052 11.7387 11.1992 12.1539 12.2708 12.1348 12.6189 12.6087 11.9099 11.3764 11.3233 11.6708 11.3683 11.3308 11.149 11.3884 12.0035 11.8439 11.8931 12.1776 12.2364 12.2818 12.3023 12.3129 12.324 12.3319 12.3452 12.3589 12.3616 12.3705 12.3825 12.387 12.4014 12.4101 12.4263 12.4391 12.4485 12.4538 12.4371 12.4189 12.4754
-9999 -9999 -9999 -9999 -9999 -9999 8.83316 9.84976 11.0161 12.1583 12.9602 13.2888 13.531 13.5381 13.3051 13.1048 12.7834 12.278 11.9347 11.3303 10.4965 11.9204 12.3599 12.7536 12.9216 13.3318 13.3284 13.1497 12.9308 13.1375 13.0892 12.5724 12.4085 12.1263 12.6619 12.674 12.6712 12.6555 12.0663 11.2429 10.5881 11.0844 10.9989 11.2324 10.5658 11.1454 11.6144 11.7767 11.4835 11.2693 11.9888 12.124 12.2069 12.2645 12.3066 12.3121 12.332 12.3408 12.3519 12.3631 12.371 12.3817 12.3904 12.3993 12.4101 12.427 12.4355 12.444 12.4598 12.4585 12.4672 12.4799
-9999 -9999 -9999 -9999 -9999 -9999 -9999 9.24306 10.7159 12.0367 12.7758 13.244 13.4769 13.4823 13.3678 13.2348 13.0392 12.6772 12.2196 11.4902 10.951 11.3085 11.7385 11.7929 12.0831 12.9102 13.1971 12.8069 11.8218 12.4116 13.0659 13.0639 13.0178 12.9657 12.8968 12.8367 12.6927 12.2882 11.0241 10.7866 10.2997 10.3712 10.1289 10.7021 10.5105 11.1024 11.3674 11.4767 10.9581 11.0832 11.729 11.9908 11.963 12.1284 12.2862 12.3039 12.321 12.3304 12.3469 12.3618 12.3734 12.3821 12.3922 12.404 12.4093 12.4323 12.4012 12.3867 12.3404 12.4337 12.4568 12.487
-9999 -9999 -9999 -9999 -9999 -9999 -9999 8.94076 10.4162 11.971 12.4755 12.9798 13.4168 13.4344 13.254 13.0832 12.9072 12.7053 12.1479 11.6074 11.0915 10.9242 11.0388 11.0332 11.4984 12.5741 12.7883 12.7073 11.6816 11.343 12.2147 12.9491 13.0156 12.9597 12.1164 12.3094 11.8605 11.2483 11.0893 10.8294 10.2655 10.5578 10.1491 10.3451 10.3113 10.6536 10.8281 11.2321 10.7819 10.7962 11.4311 11.7553 11.7766 12.1157 12.245 12.2887 12.3096 12.3285 12.3436 12.3627 12.3741 12.384 12.3927 12.3924 12.3709 12.2746 11.679 11.696 11.8816 12.0578 12.3703 12.4746
-9999 -9999 -9999 -9999 -9999 -9999 -9999 9.1056 10.1319 11.5126 12.5379 12.6101 13.1136 13.3782 13.181 12.9581 12.7299 12.6358 12.028 11.3593 10.8206 10.1808 10.2965 10.7709 11.535 12.2329 12.364 12.2291 11.6795 11.9479 12.5455 12.8674 12.9693 12.9069 12.7316 12.6354 12.308 12.1733 11.715 10.9918 10.7153 10.9129 10.1451 10.2141 10.5175 10.225 10.7459 11.0028 10.417 10.9121 11.4703 11.7623 12.0192 12.1479 12.2072 12.291 12.3064 12.3259 12.343 12.356 12.3704 12.3736 12.379 12.3286 12.2471 11.6867 11.4711 11.5341 11.8161 12.0648 12.3376 12.4522
-9999 -9999 -9999 -9999 -9999 -9999 -9999 9.27398 10.1991 11.3977 12.1311 12.2694 12.8268 13.3239 13.2789 13.0464 12.9825 12.7414 12.2273 11.6583 11.0353 10.737 10.0391 10.7436 11.2962 11.8887 12.1702 11.7181 11.5004 11.911 12.3195 12.4886 12.9017 12.9083 12.7878 12.2327 11.9683 12.0973 11.9913 11.7965 11.303 11.294 10.9822 10.8614 10.748 10.3483 10.6267 10.6675 10.7596 11.3442 11.6416 11.8434 12.028 12.0865 12.1744 12.2844 12.3065 12.3237 12.3372 12.3531 12.3604 12.3475 12.3391 12.2221 12.0037 11.5831 10.9013 11.4148 11.9511 12.1302 12.3028 12.3961
-9999 -9999 -9999 -9999 -9999 -9999 -9999 9.11194 10.0947 11.1205 11.5543 11.6353 12.637 13.2542 13.2648 13.1596 13.0353 12.425 12.4711 12.3567 11.7956 10.9738 10.0701 10.1644 10.715 11.4902 11.754 11.0071 10.7527 10.9563 11.5695 12.1197 12.694 12.8479 12.6934 11.8232 10.8981 11.3448 11.8217 11.832 11.709 11.2523 11.1167 10.9953 10.6662 10.1025 10.1986 10.3744 11.0429 11.2628 11.5945 11.8722 11.7869 11.8589 12.1248 12.2833 12.3025 12.319 12.3377 12.3485 12.3541 12.314 12.2709 12.1887 11.5947 11.2311 10.7014 11.361 11.7314 11.9507 12.3037 12.3991
-9999 -9999 -9999 -9999 -9999 -9999 -9999 8.80425 9.51986 10.501 10.9016 11.5359 12.4832 12.954 13.1847 13.1895 13.1098 12.8419 12.6847 12.3653 11.7812 10.9789 10.0859 9.50745 9.81467 10.8547 11.1113 10.4206 10.0801 10.5259 11.1789 12.1414 12.696 12.7802 12.7422 12.5719 11.8997 11.0854 11.1007 11.528 11.1943 10.8045 11.0397 11.0124 10.6874 10.4549 10.3184 10.4332 10.8161 10.9837 11.3647 11.92 12.0116 12.0103 12.2521 12.2774 12.2966 12.3191 12.3329 12.3449 12.3523 12.3222 12.237 11.8464 11.5077 11.0309 10.9851 11.5805 11.8542 12.1083 12.2891 12.3579
-9999 -9999 -9999 -9999 -9999 -9999 -9999 8.27854 9.11938 10.0393 10.9014 11.7177 12.4218 12.485 12.861 12.8703 13.072 13.0268 12.779 12.5116 12.0096 10.9764 10.1089 9.16179 9.42259 10.4884 10.621 10.1694 9.32695 10.2168 11.1973 12.0872 12.5739 12.2116 12.6054 12.5855 12.3411 11.8613 11.1088 11.136 10.5757 10.564 10.8718 10.981 10.9457 10.7745 10.4961 10.5647 10.8023 10.8741 11.2255 11.6596 12.0842 12.1673 12.2596 12.277 12.2923 12.3127 12.3276 12.3331 12.3263 12.2941 11.9687 11.5792 11.345 11.0172 10.9905 11.6698 11.9602 12.128 12.2863 12.3577
-9999 -9999 -9999 -9999 -9999 -9999 -9999 -9999 9.02826 9.97852 10.6842 10.881 11.508 11.8511 12.1188 12.1858 12.932 12.9823 12.8288 12.5839 12.1572 11.3754 10.8334 9.92533 9.27502 9.55407 9.67338 9.92532 9.86374 10.2662 11.2089 12.1909 12.3076 11.7015 11.8042 11.9449 12.2462 12.1115 11.0817 10.5648 10.1382 10.4636 10.8054 10.8984 10.928 10.8785 10.8281 10.7125 11.1666 11.5064 11.5964 11.8943 12.1179 12.19 12.2477 12.2672 12.2867 12.3009 12.3027 12.308 12.2696 12.1662 11.8005 10.9009 10.9582 10.874 10.6045 11.2715 11.7088 12.0869 12.2949 12.3596
-9999 -9999 -9999 -9999 -9999 -9999 -9999 -9999 8.70891 9.8072 10.0465 10.0388 9.68766 9.86341 11.2103 11.4894 12.2055 12.884 12.8446 12.6045 12.2059 11.7441 11.0237 10.0014 9.19072 8.84483 9.73453 10.6041 10.7928 11.0794 11.661 11.7801 11.1602 10.5797 10.9232 11.1348 11.9089 12.0601 11.9244 11.3091 10.6039 10.2422 10.698 10.7706 10.8109 10.8299 10.8366 10.8337 11.3417 11.6306 11.8354 11.9535 12.1477 12.2081 12.2371 12.2651 12.276 12.2808 12.2664 12.2482 12.1202 11.9624 11.3541 10.8494 10.5403 10.1441 11.0849 11.3837 11.7912 12.0572 12.2643 12.3214
