Test_Spring_2018/03_18/Temp/20180322_003.txt
ncols	170
nrows	115
xllcorner	350000.000000
yllcorner	4445000.000000
cellsize	1000.000000
nodata_value	-9999.000000
[rows 31 to 61 of 115, columns 71 to 141 of 170]
7.99299 8.23793 7.78685 7.83642 8.9323 9.1859 9.17415 9.0856 8.98625 8.47213 8.30311 7.89898 7.18376 6.88645 5.61051 1.47557 2.65089 3.11263 1.91606 2.58919 3.68253 2.73604 -0.0787223 -1.28955 -3.24159 -2.62229 -3.20377 -4.7748 -9999 -9999 -9999 -9999 -9999 -9999 -9999 -9999 -9999 -9999 -9999 -9999 -9999 -9999 -9999 -9999 -9999 -9999 -9999 -9999 -9999 -9999 -9999 -9999 -9999 -9999 -9999 -9999 -9999 -9999 -9999 -9999 -9999 -9999 -9999 -9999 -9999 -9999 -9999 -9999 -9999 -9999 -9999
7.76999 7.74627 7.31207 7.99359 8.62153 8.25246 8.00723 9.03956 9.04376 8.6982 7.88079 7.58348 7.27497 7.08738 6.03725 3.08387 0.421678 1.85353 1.89081 0.906442 2.68093 1.74858 -0.688875 -4.1311 -2.25493 -2.73894 -5.17547 -5.7722 -9999 -9999 -9999 -9999 -9999 -9999 -9999 -9999 -9999 -9999 -9999 -9999 -9999 -9999 -9999 -9999 -9999 -9999 -9999 -9999 -9999 -9999 -9999 -9999 -9999 -9999 -9999 -9999 -9999 -9999 -9999 -9999 -9999 -9999 -9999 -9999 -9999 -9999 -9999 -9999 -9999 -9999 -9999
7.39845 7.17314 6.98903 7.99995 7.98319 7.92684 8.30208 8.946 9.0771 8.94488 8.59066 8.28452 7.95854 7.12517 5.92329 3.39624 0.365548 -0.319093 1.16946 1.24418 1.48632 0.637054 -0.430563 -2.1027 -0.72703 -0.190636 -1.79453 -3.88597 -5.23126 -9999 -9999 -9999 -9999 -9999 -9999 -9999 -9999 -9999 -9999 -9999 -9999 -9999 -9999 -9999 -9999 -9999 -9999 -9999 -9999 -9999 -9999 -9999 -9999 -9999 -9999 -9999 -9999 -9999 -9999 -9999 -9999 -9999 -9999 -9999 -9999 -9999 -9999 -9999 -9999 -9999 -9999
6.83028 6.48688 5.51478 6.12577 6.58568 7.43847 7.67063 7.80132 9.00627 8.94686 8.89535 8.3867 7.98066 7.30519 6.14859 4.50022 2.51473 -0.945121 1.19409 2.86994 2.83072 2.74273 1.99595 0.389774 1.7402 1.80704 -0.239529 -2.56321 -3.93329 -4.498 -9999 -9999 -9999 -9999 -9999 -9999 -9999 -9999 -9999 -9999 -9999 -9999 -9999 -9999 -9999 -9999 -9999 -9999 -9999 -9999 -9999 -9999 -9999 -9999 -9999 -9999 -9999 -9999 -9999 -9999 -9999 -9999 -9999 -9999 -9999 -9999 -9999 -9999 -9999 -9999 -9999
6.03532 5.70488 4.51659 5.13135 5.95029 7.10738 7.71102 8.17379 8.53711 8.9075 8.86833 8.3476 6.80166 6.58417 6.52088 5.44403 3.17996 0.918846 0.335792 2.89051 3.62434 3.47924 4.0526 2.69267 3.34083 3.08031 2.36036 0.119263 -1.92048 -2.764 -4.4344 -9999 -9999 -9999 -9999 -9999 -9999 -9999 -9999 -9999 -9999 -9999 -9999 -9999 -9999 -9999 -9999 -9999 -9999 -9999 -9999 -9999 -9999 -9999 -9999 -9999 -9999 -9999 -9999 -9999 -9999 -9999 -9999 -9999 -9999 -9999 -9999 -9999 -9999 -9999 -9999
-9999 -9999 -9999 3.78414 4.9006 5.82539 6.9561 7.93517 8.4256 8.90204 8.86812 7.82323 7.31407 7.27303 6.56875 5.325 4.54574 3.12347 1.64149 2.21268 4.3919 3.42796 4.97301 4.84637 5.13338 4.10684 2.16331 -0.441581 -1.95531 -2.70946 -4.06227 -9999 -9999 -9999 -9999 -9999 -9999 -9999 -9999 -9999 -9999 -9999 -9999 -9999 -9999 -9999 -9999 -9999 -9999 -9999 -9999 -9999 -9999 -9999 -9999 -9999 -9999 -9999 -9999 -9999 -9999 -9999 -9999 -9999 -9999 -9999 -9999 -9999 -9999 -9999 -9999
-9999 -9999 -9999 -9999 4.7108 5.41695 6.92439 7.71234 8.03222 8.79812 8.80394 8.4106 8.11447 7.6829 7.11795 6.18408 5.15335 3.8159 3.69549 5.09086 5.11184 4.82495 5.05732 5.77618 5.59157 4.00329 1.25828 -0.19213 -3.14203 -4.40421 -4.27076 -5.16441 -9999 -9999 -9999 -9999 -9999 -9999 -9999 -9999 -9999 -9999 -9999 -9999 -1.68332 -9999 -9999 -9999 -9999 -9999 -9999 -9999 -9999 -9999 -9999 -9999 -9999 -9999 -9999 -9999 -9999 -9999 -9999 -9999 -9999 -7.02631 -9999 -9999 -9999 -9999 -9999
-9999 -9999 -9999 4.58129 5.52709 6.26278 7.20974 7.3083 7.87814 8.7582 8.77512 8.49729 8.18267 7.4704 7.29662 6.76654 5.6471 5.42101 5.87994 6.09343 6.33499 6.48533 6.37064 6.08512 5.71494 4.69509 3.42285 2.57039 -0.127522 -1.48494 -2.78754 -4.76117 -6.30434 -9999 -9999 -9999 -9999 -9999 -9999 -9999 -2.71319 -2.78311 -2.74445 -2.30713 -1.10609 -1.80607 -9999 -9999 -9999 -9999 -9999 -9999 -9999 -9999 -9999 -9999 -9999 -9999 -9999 -9999 -9999 -9999 -9999 -9999 -9999 -5.9266 -7.48268 -9999 -9999 -9999 -9999
-9999 -9999 -9999 4.85105 5.84369 6.34221 7.26238 7.79106 8.1454 8.45342 8.74774 8.70297 8.35431 7.82182 7.82883 7.09355 6.69875 6.41794 7.0374 7.16299 6.91999 6.6143 6.34458 5.57405 5.48877 5.24481 4.43917 3.11367 1.74758 -0.225115 -2.90551 -5.53414 -7.65368 -9999 -9999 -9999 -9999 -9999 -9999 -2.47729 -1.47896 -0.879428 -2.14282 -1.05674 -0.0636737 -0.217941 -1.17409 -9999 -9999 -9999 -9999 -9999 -9999 -9999 -9999 -9999 -9999 -9999 -9999 -9999 -9999 1.46987 -0.125187 -3.34902 -5.001 -5.99173 -7.40674 -9999 -9999 -9999 -9999
-9999 -9999 -9999 4.6677 5.83944 6.63515 7.34202 7.45985 8.18906 8.50805 8.66812 8.65372 8.58758 8.49236 7.851 7.57709 6.60594 7.54207 7.51052 7.27847 6.34831 5.94761 4.34794 3.64661 3.49716 4.85113 3.85906 1.78225 -0.815269 -3.93324 -4.13473 -5.16493 -7.05874 -9999 -9999 -9999 -9999 -9999 -9999 -2.15303 -1.08548 -0.193823 -0.0608353 -1.31651 0.445305 0.381147 -0.598644 -0.817938 -0.00750175 0.405454 0.108355 1.0717 1.35776 0.927378 1.40791 -9999 -9999 -9999 -9999 1.70669 1.77316 1.82344 1.15947 -2.36282 -4.76831 -6.92844 -7.12747 -9999 -9999 -9999 -9999
-9999 -9999 -9999 5.48726 6.21136 6.58072 6.64584 7.28096 7.91961 8.31224 8.59865 8.54577 8.52645 8.5055 8.28831 7.7792 7.87481 7.83685 7.54149 5.76685 3.69505 4.60427 3.37676 0.744405 2.8961 4.07897 2.95447 0.437065 -2.48291 -3.43135 -3.38893 -4.82324 -6.66941 -9999 -9999 -9999 -5.05575 -3.52856 -3.39217 -2.93928 -1.51661 -0.433477 0.383315 0.941075 0.928005 0.347165 -0.611058 -1.65279 -1.27586 0.609702 1.0729 1.4632 1.75977 1.36077 1.57641 2.08331 2.34685 2.4028 2.28725 2.2625 2.30545 2.24686 1.62724 -1.52406 -3.32718 -4.47745 -6.7903 -9999 -9999 -9999 -9999
-9999 -9999 -9999 5.04869 5.67933 6.19135 7.03735 7.13229 7.66922 7.99354 8.46736 8.52411 7.97946 8.43597 8.38068 8.29917 8.12268 7.86269 6.36493 4.29946 2.22914 1.27585 1.68951 0.107529 0.930396 2.12906 1.70019 0.159631 -2.44102 -2.80312 -3.4008 -5.81799 -8.14308 -9999 -9999 -7.99813 -5.07139 -3.00954 -1.9442 -1.61165 -1.57641 -0.212727 -0.102249 1.36572 1.02736 -0.905333 -0.683532 -1.43306 -0.94057 -0.244794 -0.0508689 0.948447 1.90452 2.08937 2.098 2.4224 2.49204 2.51236 2.50689 2.29209 2.39322 2.40978 2.02369 -0.259126 -1.37215 -2.59787 -6.73997 -9999 -9999 -9999 -9999
-9999 -9999 -9999 5.38144 6.08577 6.85641 6.98665 7.55896 7.50763 7.35575 8.14961 8.44305 8.05949 7.7841 8.30063 8.26806 8.20296 8.0939 6.68657 5.05768 2.59007 1.0587 0.124883 -0.537002 -1.41843 -0.800025 -0.981825 -1.22746 -0.932977 -1.64252 -3.06402 -4.47603 -7.12455 -8.55438 -9999 -7.82413 -6.50132 -4.0499 -1.96611 -0.642043 -1.11331 0.436808 0.727334 1.62364 1.10384 -0.0681236 -0.568152 -0.60867 -0.758403 0.288079 0.9938 1.49537 1.83057 2.24417 2.35346 2.46295 2.51082 2.53818 2.56527 2.56222 2.55569 2.51063 2.36589 1.31639 0.206046 -2.19554 -6.58506 -9999 -9999 -9999 -9999
-9999 -9999 3.35269 5.3151 6.49206 6.95187 7.28548 7.58008 7.79479 8.02261 8.23282 8.37815 8.32182 7.29995 7.38653 7.57356 8.15824 8.11982 7.99566 7.10675 4.1033 3.06863 1.55585 -0.405778 -1.21999 -0.803139 0.815303 0.749329 -0.312517 -1.49673 -3.13412 -4.17485 -5.79628 -8.91461 -8.62998 -7.22038 -6.17068 -4.50355 -1.9573 -0.171363 0.627452 0.931343 1.56164 1.89119 1.17809 0.498615 0.21571 -0.311894 -0.382001 -0.372772 0.261863 0.759906 1.85799 2.23033 2.40072 2.49107 2.54137 2.57854 2.61453 2.62829 2.60895 2.61112 2.60313 2.527 1.04753 -2.65292 -5.44143 -9999 -9999 -9999 -9999
-9999 -9999 -9999 4.96795 5.48959 5.63118 5.87365 6.36277 6.92538 7.72242 7.82884 8.26759 8.26983 7.39009 6.37282 7.26417 7.61994 7.98884 8.00312 7.89186 5.36891 4.05156 3.01583 1.13529 1.8236 2.47614 2.53151 2.14783 -0.135417 -2.40956 -5.03099 -7.48207 -7.59497 -8.91192 -8.20953 -7.27715 -4.88939 -3.20811 -2.52441 -2.03246 0.55582 1.23162 1.46664 2.13225 1.23396 1.00965 0.336202 0.542826 0.488786 0.498223 -1.37473 0.517494 0.634369 1.86751 2.42511 2.55328 2.59178 2.63192 2.64086 2.65037 2.64641 2.65988 2.64244 2.62309 1.66171 -3.03257 -5.38989 -9999 -9999 -9999 -9999
-9999 -9999 -9999 -9999 -9999 5.15999 5.55956 5.81798 6.26 7.60323 7.96784 8.21128 8.23568 7.84548 6.839 6.57583 6.7637 5.78138 6.60935 7.74087 7.71714 7.58521 5.36865 4.23973 5.34652 5.0184 3.35462 2.04656 0.75553 -1.90782 -3.85435 -6.66407 -8.77313 -8.84858 -6.51212 -4.57125 -2.15515 -1.0873 -1.69004 -1.03047 0.256966 1.71893 2.4279 2.26562 1.31854 1.18961 0.148691 1.18178 1.2753 0.803058 0.39584 0.568106 1.18106 1.41818 2.38386 2.62119 2.66608 2.67735 2.6845 2.6828 2.67899 2.6688 2.65952 2.64658 2.60357 -2.22181 -5.97646 -9999 -9999 -9999 -9999
-9999 -9999 -9999 -9999 -9999 4.24829 4.49453 5.13002 6.75088 7.60394 7.95047 7.94352 8.10551 7.83143 6.94606 6.03694 5.17953 4.07328 4.71137 6.39392 7.38796 7.50541 5.56312 6.58441 6.21132 5.46982 3.29202 1.68873 0.841685 -1.71489 -3.90136 -5.7689 -8.34985 -7.23971 -6.01787 -4.44987 -1.81423 -0.0349354 0.697975 0.0887575 0.913018 2.59483 2.60808 1.6944 1.75859 1.20383 -0.220369 1.27305 1.69745 1.36582 1.45941 1.34129 1.57302 1.99035 2.38953 2.65629 2.69589 2.70344 2.69799 2.69989 2.70264 2.68536 2.68766 2.67473 2.6506 -0.463882 -6.03101 -9999 -9999 -9999 -9999
-9999 -9999 -9999 -9999 -9999 -9999 3.4274 4.86866 7.01815 7.55768 7.51431 7.96142 8.00373 7.58108 7.21427 6.10997 4.60001 1.69705 2.44104 3.99018 6.22269 7.39861 7.24605 6.60233 5.47718 2.74566 0.356031 0.0716215 -0.314188 -2.17823 -3.86021 -5.93701 -4.72608 -3.40044 -1.95093 -1.18781 -1.38175 0.143323 1.38727 0.863738 1.87412 3.05248 2.52376 2.213 1.95325 1.31147 1.27775 1.35084 2.20169 1.62309 1.98858 2.00541 1.99091 2.19673 2.43253 2.67958 2.72342 2.72748 2.73444 2.70864 2.72035 2.7078 2.6951 2.68333 2.66279 2.38149 -0.61741 -2.40872 -9999 -9999 -9999
-9999 -9999 -9999 -9999 -9999 -9999 2.1195 2.84167 5.3861 6.17739 7.30389 7.90389 7.93548 7.21944 6.822 5.1749 4.64271 1.95763 0.744544 1.78165 1.3909 4.46378 7.18399 6.60094 1.12754 -0.850639 -2.25966 -1.88939 -1.87942 -2.39371 -5.26274 -6.05067 -3.46952 -1.84293 -0.582046 0.375045 0.577043 0.547406 2.49143 2.75261 3.38663 3.25325 3.31569 2.3402 1.73854 2.27252 1.66698 1.56831 2.44712 1.59356 2.37733 2.29338 2.06574 2.05907 2.57645 2.68485 2.7436 2.75039 2.73318 2.7098 2.69683 2.71497 2.70849 2.68115 2.68354 2.65656 2.29951 0.748738 0.207655 0.810221 -9999
-9999 -9999 -9999 -9999 -9999 -9999 -9999 0.490201 4.0237 5.64264 6.49445 7.6912 7.83913 7.46076 6.77004 5.09234 3.61738 1.21754 -1.52343 -2.97194 1.38387 5.17604 7.1582 6.90634 2.3513 0.557669 0.480871 1.5478 0.659666 -0.0125441 -2.19073 -2.83889 -3.74228 -3.17813 -1.42217 0.012713 1.39637 2.40312 2.48817 3.14264 3.52034 3.55473 3.67593 3.5651 3.47584 2.53465 3.19331 2.64483 2.94497 2.76173 2.597 2.4578 1.92248 2.31014 2.65371 2.74552 2.77631 2.75897 2.75692 2.74494 2.71526 2.70211 2.70133 2.6994 2.68323 2.68411 2.66717 2.49452 1.56223 0.313781 -1.26375
-9999 -9999 -9999 -9999 -9999 -9999 -9999 -1.25656 2.25954 3.95839 6.14059 7.26564 7.72533 7.6689 7.10991 5.83601 3.91699 2.31906 -0.741125 -3.91845 0.653588 4.72839 6.92943 7.05184 3.22692 4.29627 3.44399 3.79715 2.23118 1.58425 1.0763 -0.0474262 -1.27716 -2.62346 -3.33327 -0.116979 1.53602 2.86675 3.49586 3.85292 4.03292 3.9431 3.70489 2.28245 3.37486 3.32093 3.21788 3.09922 3.04487 2.93814 2.81142 2.74085 2.71842 2.3644 2.77653 2.77132 2.78009 2.78491 2.77684 2.75886 2.74317 2.72313 2.7255 2.71148 2.69884 2.69051 2.68563 2.6755 2.62565 2.37917 0.260192
-9999 -9999 -9999 -9999 -9999 -9999 -9999 -6.17353 -1.06117 3.05073 5.19893 6.94905 7.43225 7.61487 6.86389 6.30301 4.92846 3.62715 1.61789 -1.39324 -3.2453 0.180086 5.15591 6.99561 6.86088 6.75266 5.76604 4.87755 4.77088 4.84431 3.8112 2.29864 0.320169 -0.29333 -0.984716 1.41176 1.73956 1.56778 4.20198 4.21108 4.06479 3.06157 1.94063 2.15899 1.4648 2.00304 1.17635 1.94628 2.61272 2.86516 2.8503 2.77018 2.76496 2.72994 2.80502 2.80728 2.79902 2.7931 2.79091 2.78331 2.75477 2.73928 2.75211 2.73347 2.71974 2.70336 2.7017 2.69751 2.66108 2.62817 2.30376
-9999 -9999 -9999 -9999 -9999 -9999 -9999 -5.93934 -1.63552 2.01263 4.20407 6.30908 6.8004 7.51297 7.3634 6.77587 5.58159 4.08878 2.43586 -0.146844 -2.06503 0.226569 3.53349 5.9022 6.75761 6.75622 6.70553 6.48708 6.40005 6.14458 5.96678 4.88329 3.01583 1.96129 0.415808 3.08616 3.38854 2.97434 4.30834 4.24458 2.23489 0.69067 0.501536 1.45249 0.559024 0.404805 -0.151205 0.485621 2.18406 1.69573 1.79855 2.57376 2.70473 2.7904 2.81583 2.81381 2.8132 2.80296 2.80751 2.81179 2.7839 2.77203 2.76711 2.73981 2.73674 2.71843 2.70435 2.68901 2.67026 2.6405 2.54949
-9999 -9999 -9999 -9999 -9999 -9999 -9999 -5.8389 -2.93969 0.343671 3.56765 5.81534 6.72422 7.38681 7.38327 6.69988 6.10799 5.17355 3.71983 2.72412 0.992827 -1.38452 2.6139 3.84612 4.94725 5.41243 6.55773 6.53584 6.01965 5.42154 5.98898 5.82982 4.35138 3.86768 3.04806 4.53471 4.54128 4.50309 4.4265 2.72902 0.368522 -1.51735 -0.154056 -0.434145 0.197496 -1.73252 -0.135351 1.14998 1.57031 0.703253 0.0624574 2.06631 2.40224 2.60273 2.7323 2.8184 2.80151 2.82481 2.81579 2.8125 2.80849 2.79366 2.78549 2.77025 2.75456 2.73995 2.72821 2.70751 2.68427 2.68419 2.6324
-9999 -9999 -9999 -9999 -9999 -9999 -9999 -9999 -4.63178 -0.469164 3.24602 5.31617 6.61938 7.25608 7.24819 6.9005 6.49969 5.92155 4.87373 3.55674 1.47365 -0.0713578 0.917041 2.12463 2.26798 3.07178 5.39215 6.18852 5.0733 2.31038 3.95292 5.78127 5.75567 5.60377 5.43319 5.2123 5.01463 4.57832 3.40449 -0.197776 -0.902532 -2.31323 -2.14864 -2.87011 -1.27749 -1.8666 -0.234013 0.476169 0.747157 -0.753509 -0.426993 1.34728 2.05122 1.93864 2.37178 2.78288 2.79963 2.81451 2.80687 2.81855 2.82454 2.82034 2.80696 2.79605 2.78868 2.75837 2.76258 2.63082 2.54594 2.37153 2.59218
-9999 -9999 -9999 -9999 -9999 -9999 -9999 -9999 -5.44311 -1.29068 3.08379 4.49113 5.89578 7.10849 7.13574 6.60265 6.09583 5.57374 4.97895 3.38075 1.83129 0.352452 -0.140723 0.163071 0.150376 1.44708 4.46811 5.05737 4.81358 1.93037 0.955289 3.39633 5.44829 5.6133 5.43118 3.02454 3.54124 2.24447 0.484575 0.00280018 -0.765324 -2.39244 -1.60342 -2.79389 -2.27742 -2.40718 -1.47851 -1.02338 0.0803568 -1.22709 -1.21291 0.52942 1.40929 1.43503 2.358 2.68933 2.77869 2.80368 2.8225 2.82975 2.84749 2.8423 2.83207 2.81744 2.77679 2.67538 2.35692 0.61421 0.619056 1.10027 1.55575
-9999 -9999 -9999 -9999 -9999 -9999 -9999 -9999 -4.95064 -2.06783 1.81415 4.69065 4.87519 6.27555 7.00019 6.42029 5.76688 5.09834 4.80837 3.06869 1.15752 -0.385612 -2.2128 -1.90619 -0.585907 1.57621 3.52935 3.88283 3.48526 1.94537 2.68259 4.34865 5.2351 5.49914 5.29796 4.77662 4.47682 3.5229 3.11148 1.78538 -0.290011 -1.10508 -0.582443 -2.78556 -2.62706 -1.80651 -2.66617 -1.23233 -0.543862 -2.23372 -0.877007 0.662664 1.45172 2.14197 2.47064 2.60382 2.80601 2.81479 2.83498 2.84753 2.84805 2.85135 2.8225 2.79913 2.61715 2.34713 0.724387 0.0491151 0.184816 0.939121 1.59991
-9999 -9999 -9999 -9999 -9999 -9999 -9999 -9999 -4.44746 -1.85154 1.51492 3.56698 3.93742 5.48998 6.87089 6.72091 6.04102 5.8367 5.13205 3.65728 2.02805 0.24703 -0.616354 -2.60713 -0.637554 0.927685 2.58231 3.35904 2.09642 1.46099 2.59875 3.72972 4.18383 5.3257 5.31872 4.95158 3.35636 2.58036 2.91359 2.58236 1.99957 0.572341 0.512599 -0.402616 -0.779192 -1.13455 -2.29577 -1.54621 -1.46733 -1.25782 0.365357 1.16862 1.7025 2.18836 2.31873 2.53203 2.80761 2.83518 2.84848 2.85073 2.85923 2.84259 2.76855 2.7066 2.33732 1.68107 0.453738 -1.53795 -0.129349 1.34341 1.78704
-9999 -9999 -9999 -9999 -9999 -9999 -9999 -9999 -4.87642 -2.11911 0.758639 1.96419 2.17222 4.97892 6.69897 6.70583 6.38561 6.01098 4.26453 4.37147 4.02566 2.41946 0.0779439 -2.494 -2.24754 -0.704546 1.48177 2.20751 0.112262 -0.627753 -0.0755036 1.63241 3.16154 4.75787 5.16622 4.70289 2.21778 -0.423403 0.807134 2.12174 2.11837 1.73776 0.414532 -0.00280974 -0.380137 -1.34425 -2.98023 -2.7321 -2.27189 -0.426443 0.157634 1.05765 1.80574 1.52918 1.69716 2.41272 2.82483 2.84388 2.85473 2.87167 2.86571 2.84469 2.69399 2.53415 2.26361 0.547673 -0.51821 -2.07231 -0.258933 0.746003 1.28709
-9999 -9999 -9999 -9999 -9999 -9999 -9999 -9999 -5.71607 -3.71398 -0.963238 0.147805 1.91748 4.57005 5.8767 6.5051 6.49532 6.24699 5.46722 5.00013 4.07571 2.40461 0.1181 -2.42399 -4.07719 -3.22965 -0.287456 0.415543 -1.52055 -2.5043 -1.26895 0.550893 3.24332 4.78333 4.9947 4.85969 4.3503 2.42307 0.0938035 0.105635 1.27977 0.304686 -0.829213 -0.199174 -0.310802 -1.26274 -1.95395 -2.3712 -2.09852 -1.04471 -0.608456 0.430602 1.96213 2.18492 2.1455 2.79243 2.82837 2.84706 2.87492 2.87765 2.87518 2.85924 2.737 2.45899 1.318 0.323379 -1.06164 -1.2302 0.382826 1.09285 1.75355
-9999 -9999 -9999 -9999 -9999 -9999 -9999 -9999 -7.1708 -4.81608 -2.23903 0.174146 2.4574 4.42301 4.5786 5.61713 5.61981 6.16588 6.01467 5.2922 4.5143 3.07507 0.136507 -2.33366 -5.02795 -4.31179 -1.31475 -0.908741 -2.20629 -4.60751 -2.11898 0.6248 3.11182 4.45995 3.41026 4.49409 4.40928 3.6896 2.30458 0.148963 0.193783 -1.42057 -1.48689 -0.65157 -0.377555 -0.511702 -1.02948 -1.85962 -1.70474 -1.06163 -0.895905 0.0593354 1.24837 2.41084 2.60947 2.83431 2.84763 2.85496 2.87666 2.88254 2.86188 2.80603 2.67806 1.72215 0.584648 -0.114854 -1.07882 -1.19298 0.666351 1.41382 1.83109
