Test_Spring_2018/03_18/Temp/20180330_005.txt
ncols	170
nrows	115
xllcorner	350000.000000
yllcorner	4445000.000000
cellsize	1000.000000
nodata_value	-9999.000000
[rows 32 to 63 of 115, columns 71 to 141 of 170]
9.47271 9.43702 9.04637 9.62044 10.1481 9.81057 9.58644 10.4615 10.451 10.1381 9.41728 9.14625 8.86567 8.6898 7.76829 5.20126 2.88629 4.11171 4.13156 3.26832 4.79099 3.97341 1.85471 -1.13251 0.479345 0.0505857 -2.05704 -2.58579 -9999 -9999 -9999 -9999 -9999 -9999 -9999 -9999 -9999 -9999 -9999 -9999 -9999 -9999 -9999 -9999 -9999 -9999 -9999 -9999 -9999 -9999 -9999 -9999 -9999 -9999 -9999 -9999 -9999 -9999 -9999 -9999 -9999 -9999 -9999 -9999 -9999 -9999 -9999 -9999 -9999 -9999 -9999
9.13201 8.92194 8.74747 9.60633 9.57652 9.51857 9.8214 10.3607 10.46 10.3316 10.0113 9.73273 9.4371 8.70287 7.65018 5.45182 2.8182 2.21345 3.48813 3.54058 3.73809 2.99217 2.05774 0.600852 1.77963 2.23289 0.84334 -0.976759 -2.14794 -9999 -9999 -9999 -9999 -9999 -9999 -9999 -9999 -9999 -9999 -9999 -9999 -9999 -9999 -9999 -9999 -9999 -9999 -9999 -9999 -9999 -9999 -9999 -9999 -9999 -9999 -9999 -9999 -9999 -9999 -9999 -9999 -9999 -9999 -9999 -9999 -9999 -9999 -9999 -9999 -9999 -9999
8.62111 8.30887 7.45299 7.966 8.34833 9.07811 9.25201 9.35089 10.3787 10.3133 10.2548 9.80109 9.43624 8.83856 7.82501 6.38643 4.65656 1.65205 3.48928 4.92613 4.88023 4.79245 4.13528 2.73523 3.89197 3.93897 2.16363 0.147324 -1.048 -1.54707 -9999 -9999 -9999 -9999 -9999 -9999 -9999 -9999 -9999 -9999 -9999 -9999 -9999 -9999 -9999 -9999 -9999 -9999 -9999 -9999 -9999 -9999 -9999 -9999 -9999 -9999 -9999 -9999 -9999 -9999 -9999 -9999 -9999 -9999 -9999 -9999 -9999 -9999 -9999 -9999 -9999
7.91392 7.61286 6.57002 7.08626 7.77902 8.76633 9.2763 9.65277 9.95281 10.259 10.2112 9.74699 8.39644 8.19474 8.12655 7.18211 5.21131 3.24328 2.72652 4.92324 5.54572 5.40845 5.89269 4.70544 5.25479 5.01856 4.38278 2.44322 0.670141 -0.0702518 -1.52582 -9999 -9999 -9999 -9999 -9999 -9999 -9999 -9999 -9999 -9999 -9999 -9999 -9999 -9999 -9999 -9999 -9999 -9999 -9999 -9999 -9999 -9999 -9999 -9999 -9999 -9999 -9999 -9999 -9999 -9999 -9999 -9999 -9999 -9999 -9999 -9999 -9999 -9999 -9999 -9999
-9999 -9999 -9999 5.90131 6.85328 7.6348 8.60327 9.4261 9.836 10.2338 10.1905 9.27299 8.81887 8.76969 8.14716 7.05834 6.37138 5.12864 3.83453 4.31605 6.1883 5.34293 6.66733 6.54644 6.78343 5.88474 4.19234 1.93627 0.617812 -0.0454637 -1.22661 -9999 -9999 -9999 -9999 -9999 -9999 -9999 -9999 -9999 -9999 -9999 -9999 -9999 -9999 -9999 -9999 -9999 -9999 -9999 -9999 -9999 -9999 -9999 -9999 -9999 -9999 -9999 -9999 -9999 -9999 -9999 -9999 -9999 -9999 -9999 -9999 -9999 -9999 -9999 -9999
-9999 -9999 -9999 -9999 6.66895 7.26154 8.54983 9.21295 9.47527 10.1233 10.1142 9.76003 9.49003 9.10304 8.6009 7.77995 6.87547 5.70602 5.5892 6.78335 6.78936 6.52942 6.71874 7.32896 7.15814 5.77171 3.38819 2.12281 -0.430415 -1.53308 -1.42918 -2.21366 -9999 -9999 -9999 -9999 -9999 -9999 -9999 -9999 -9999 -9999 -9999 -9999 0.625822 -9999 -9999 -9999 -9999 -9999 -9999 -9999 -9999 -9999 -9999 -9999 -9999 -9999 -9999 -9999 -9999 -9999 -9999 -9999 -9999 -4.28032 -9999 -9999 -9999 -9999 -9999
-9999 -9999 -9999 6.55016 7.3518 7.97269 8.77626 8.85175 9.32132 10.068 10.0683 9.81389 9.52775 8.89793 8.7339 8.262 7.28073 7.0722 7.4563 7.62847 7.82523 7.94339 7.83267 7.57446 7.24324 6.34961 5.23837 4.49009 2.15298 0.969266 -0.168644 -1.88707 -3.23357 -9999 -9999 -9999 -9999 -9999 -9999 -9999 -0.232894 -0.307045 -0.287445 0.0767008 1.10103 0.48133 -9999 -9999 -9999 -9999 -9999 -9999 -9999 -9999 -9999 -9999 -9999 -9999 -9999 -9999 -9999 -9999 -9999 -9999 -9999 -3.35776 -4.71545 -9999 -9999 -9999 -9999
-9999 -9999 -9999 6.7622 7.60527 8.02102 8.80133 9.24311 9.53156 9.78342 10.0235 9.97041 9.65468 9.18014 9.17231 8.52285 8.16807 7.91216 8.43504 8.53122 8.30902 8.03294 7.78826 7.11078 7.02603 6.80341 6.09576 4.93855 3.74614 2.03694 -0.292344 -2.57719 -4.42214 -9999 -9999 -9999 -9999 -9999 -9999 -0.0380052 0.811548 1.31613 0.209689 1.13463 1.97891 1.83082 0.990453 -9999 -9999 -9999 -9999 -9999 -9999 -9999 -9999 -9999 -9999 -9999 -9999 -9999 -9999 3.05663 1.66546 -1.13382 -2.57382 -3.44209 -4.67745 -9999 -9999 -9999 -9999
-9999 -9999 -9999 6.5833 7.5812 8.25385 8.84962 8.93602 9.54283 9.80951 9.93329 9.90629 9.83467 9.73806 9.16942 8.91877 8.06552 8.86183 8.82178 8.60873 7.79241 7.43429 6.03974 5.42226 5.28156 6.44148 5.57281 3.76613 1.50906 -1.19728 -1.37663 -2.27931 -3.9291 -9999 -9999 -9999 -9999 -9999 -9999 0.220239 1.1295 1.88654 1.98737 0.88721 2.39598 2.32698 1.4642 1.25863 1.94308 2.28349 2.01198 2.83498 3.06499 2.67557 3.07408 -9999 -9999 -9999 -9999 3.25681 3.30156 3.33299 2.74735 -0.309548 -2.40064 -4.27964 -4.46679 -9999 -9999 -9999 -9999
-9999 -9999 -9999 7.27152 7.88232 8.18624 8.22697 8.76052 9.28925 9.61894 9.85124 9.79081 9.75952 9.72698 9.52496 9.0708 9.13986 9.0938 8.82557 7.27862 5.47512 6.24969 5.17784 2.89145 4.74012 5.75233 4.76938 2.58195 0.0462631 -0.783944 -0.752835 -2.00489 -3.61422 -9999 -9999 -9999 -2.27093 -0.963962 -0.859766 -0.482029 0.734118 1.65651 2.34931 2.81701 2.79381 2.27452 1.43007 0.512967 0.822137 2.43542 2.81849 3.14695 3.38541 3.02251 3.1866 3.60823 3.82008 3.8532 3.73887 3.70395 3.72839 3.66573 3.11848 0.387694 -1.18204 -2.18735 -4.20667 -9999 -9999 -9999 -9999
-9999 -9999 -9999 6.87291 7.40295 7.8302 8.54386 8.61025 9.05879 9.31717 9.71624 9.75041 9.26465 9.64477 9.58257 9.49801 9.33168 9.09358 7.78563 5.98726 4.18515 3.34936 3.69626 2.31767 3.01758 4.04353 3.66367 2.32108 0.061642 -0.262344 -0.789489 -2.88647 -4.90913 -9999 -9999 -4.82244 -2.30517 -0.535965 0.371372 0.644917 0.661217 1.82603 1.90698 3.16146 2.8562 1.16799 1.34364 0.679636 1.08829 1.66601 1.81605 2.66351 3.47856 3.62047 3.61031 3.87375 3.91763 3.91975 3.90056 3.70137 3.7763 3.77891 3.43395 1.44926 0.476222 -0.597977 -4.19452 -9999 -9999 -9999 -9999
-9999 -9999 -9999 7.13911 7.73284 8.38368 8.48057 8.95958 8.89799 8.74486 9.41637 9.65862 9.31195 9.059 9.49107 9.44869 9.37858 9.27094 8.04119 6.62038 4.47485 3.13935 2.3212 1.73843 0.965375 1.48972 1.32219 1.09942 1.34359 0.720987 -0.518314 -1.75056 -4.04877 -5.29763 -9999 -4.69227 -3.56195 -1.45596 0.331927 1.46271 1.04088 2.36673 2.60315 3.36522 2.90037 1.8698 1.41489 1.36276 1.21585 2.10304 2.69524 3.1117 3.38318 3.72808 3.80455 3.88181 3.90661 3.91466 3.92359 3.90757 3.88959 3.83918 3.70324 2.78536 1.81167 -0.275401 -4.08525 -9999 -9999 -9999 -9999
-9999 -9999 5.3782 7.06123 8.06362 8.44562 8.71825 8.95697 9.1265 9.30205 9.46737 9.57809 9.51696 8.61835 8.67849 8.82586 9.31752 9.27091 9.15073 8.36983 5.76106 4.85527 3.53707 1.83058 1.11552 1.46584 2.85522 2.78807 1.85969 0.825354 -0.600412 -1.50985 -2.9234 -5.62921 -5.39591 -4.19024 -3.29609 -1.86834 0.319361 1.8494 2.52566 2.77372 3.30542 3.57521 2.93754 2.33237 2.07062 1.59692 1.5185 1.5084 2.03888 2.45187 3.38241 3.68602 3.81958 3.88 3.9067 3.92312 3.93972 3.93831 3.90942 3.90006 3.88263 3.80392 2.51446 -0.700907 -3.12628 -9999 -9999 -9999 -9999
-9999 -9999 -9999 6.74056 7.17628 7.28305 7.47677 7.88356 8.35375 9.02165 9.0983 9.46241 9.44851 8.6745 7.78001 8.53629 8.82994 9.1355 9.13503 9.02661 6.83384 5.6838 4.77774 3.14155 3.726 4.28032 4.31835 3.97671 1.99244 0.01589 -2.26055 -4.39068 -4.49941 -5.64885 -5.05227 -4.25922 -2.20806 -0.768104 -0.191019 0.220005 2.44347 3.01414 3.19868 3.75802 2.96464 2.75277 2.15297 2.31382 2.24896 2.23873 0.600622 2.21875 2.30101 3.3488 3.81253 3.90873 3.92509 3.94402 3.93723 3.9322 3.91671 3.91728 3.88979 3.85944 3.0172 -1.05291 -3.10514 -9999 -9999 -9999 -9999
-9999 -9999 -9999 -9999 -9999 6.85509 7.18458 7.39177 7.75755 8.89786 9.19765 9.39276 9.39863 9.0462 8.16155 7.91944 8.06785 7.20498 7.9083 8.87461 8.84266 8.71774 6.79074 5.80399 6.75111 6.45763 5.00928 3.86852 2.74241 0.429513 -1.26316 -3.7032 -5.53781 -5.61446 -3.60607 -1.93936 0.136322 1.04583 0.510475 1.06635 2.16382 3.41237 4.00936 3.85254 3.01666 2.88701 1.96917 2.84437 2.90686 2.47988 2.10898 2.23961 2.7507 2.93715 3.75412 3.94201 3.96544 3.95939 3.95106 3.93637 3.92106 3.89852 3.87904 3.85672 3.80854 -0.374971 -3.63531 -9999 -9999 -9999 -9999
-9999 -9999 -9999 -9999 -9999 6.04631 6.24316 6.77633 8.16137 8.87788 9.16196 9.14049 9.26526 9.01318 8.2328 7.43231 6.67684 5.70684 6.24584 7.68868 8.53682 8.62758 6.93779 7.81042 7.47797 6.82713 4.9344 3.53846 2.79638 0.575937 -1.32409 -2.94929 -5.1918 -4.24314 -3.19845 -1.85507 0.411057 1.93574 2.55497 2.0135 2.71092 4.14937 4.14454 3.33774 3.37604 2.87796 1.62846 2.90151 3.24993 2.94442 3.00647 2.88588 3.06733 3.40963 3.7368 3.9502 3.96807 3.95946 3.94026 3.92869 3.91786 3.89084 3.88123 3.85877 3.82676 1.12252 -3.70504 -9999 -9999 -9999 -9999
-9999 -9999 -9999 -9999 -9999 -9999 5.30005 6.52994 8.37206 8.81746 8.76437 9.13549 9.15674 8.77616 8.44417 7.47482 6.15513 3.6315 4.26207 5.58953 7.50856 8.51455 8.37232 7.80522 6.82246 4.45083 2.37495 2.11945 1.77623 0.154665 -1.30907 -3.11516 -2.07877 -0.943705 0.297906 0.945357 0.764576 2.06953 3.13081 2.66322 3.52145 4.52441 4.05075 3.7651 3.52309 2.94962 2.90232 2.94711 3.66421 3.14512 3.44231 3.43845 3.40709 3.56664 3.75268 3.94919 3.97084 3.95904 3.95071 3.91487 3.91217 3.88906 3.86626 3.84455 3.81539 3.56076 0.953818 -0.607243 -9999 -9999 -9999
-9999 -9999 -9999 -9999 -9999 -9999 4.14888 4.75701 6.94065 7.6037 8.5622 9.06554 9.07753 8.44328 8.08494 6.64617 6.17195 3.83662 2.77509 3.65976 3.31041 5.95661 8.29837 7.78361 3.04084 1.32054 0.0924891 0.403013 0.401948 -0.0525409 -2.54276 -3.23438 -1.01318 0.382129 1.46064 2.27583 2.43727 2.39791 4.0643 4.2756 4.80831 4.67689 4.71428 3.8537 3.31594 3.75908 3.21728 3.11354 3.85485 3.09809 3.75711 3.66627 3.45084 3.42689 3.85665 3.93346 3.96816 3.95839 3.92936 3.89537 3.87149 3.87469 3.85698 3.82149 3.81183 3.7768 3.45402 2.10077 1.62048 2.12898 -9999
-9999 -9999 -9999 -9999 -9999 -9999 -9999 2.70367 5.74265 7.12126 7.84228 8.86169 8.97435 8.63236 8.02028 6.55513 5.26571 3.17704 0.793895 -0.470194 3.28468 6.55272 8.25613 8.02755 4.07869 2.51779 2.44154 3.3543 2.57649 1.98531 0.0923301 -0.478538 -1.27049 -0.793923 0.713264 1.94032 3.12384 3.98063 4.03956 4.59001 4.90236 4.91596 5.0041 4.89113 4.7964 3.96399 4.51539 4.02279 4.26387 4.08692 3.926 3.78767 3.3065 3.62383 3.90359 3.96631 3.97536 3.94581 3.92986 3.90565 3.86638 3.84338 3.83026 3.81636 3.79029 3.77899 3.74999 3.58817 2.76946 1.67733 0.300616
-9999 -9999 -9999 -9999 -9999 -9999 -9999 1.17339 4.19745 5.64499 7.51651 8.47393 8.85674 8.79291 8.29482 7.17889 5.50554 4.11029 1.4511 -1.3089 2.63156 6.14618 8.03865 8.13408 4.81565 5.73011 4.98306 5.27838 3.91423 3.34468 2.89575 1.91349 0.839206 -0.335267 -0.963324 1.80553 3.22189 4.35879 4.88817 5.18147 5.3209 5.22725 5.00702 3.75993 4.68703 4.62194 4.51481 4.39404 4.32881 4.21828 4.09052 4.0119 3.97458 3.65094 3.9882 3.96598 3.95864 3.94828 3.92709 3.89758 3.87023 3.83922 3.82705 3.80597 3.78255 3.76292 3.74398 3.72245 3.66661 3.44077 1.59582
-9999 -9999 -9999 -9999 -9999 -9999 -9999 -3.09804 1.30646 4.84036 6.68255 8.18131 8.58401 8.727 8.063 7.56369 6.36119 5.22243 3.47194 0.85557 -0.75812 2.19089 6.482 8.06569 7.93781 7.83374 6.97023 6.19162 6.08903 6.1421 5.23881 3.9217 2.19959 1.65398 1.04433 3.10415 3.37452 3.21215 5.47532 5.46781 5.32518 4.44093 3.45549 3.62654 3.01309 3.46021 2.72755 3.37537 3.93367 4.13401 4.10332 4.01682 3.99133 3.94439 3.99015 3.97686 3.95485 3.93521 3.91905 3.89839 3.85973 3.83245 3.82969 3.79886 3.77316 3.7523 3.73577 3.71913 3.67469 3.63339 3.34011
-9999 -9999 -9999 -9999 -9999 -9999 -9999 -2.91479 0.783797 3.92305 5.80354 7.60862 8.01847 8.61985 8.47598 7.95372 6.90713 5.60279 4.16038 1.91439 0.243392 2.21294 5.05953 7.09645 7.82424 7.81641 7.76188 7.56233 7.47819 7.24653 7.08255 6.13446 4.50368 3.58022 2.2318 4.52826 4.77652 4.40448 5.54337 5.47292 3.71916 2.36727 2.18661 2.99264 2.20217 2.05033 1.55752 2.0905 3.54145 3.09724 3.16883 3.82248 3.91892 3.97245 3.97888 3.96197 3.94662 3.92321 3.91279 3.90227 3.86401 3.83963 3.8213 3.78366 3.76585 3.7361 3.70797 3.68918 3.65983 3.6211 3.52953
-9999 -9999 -9999 -9999 -9999 -9999 -9999 -2.84613 -0.363667 2.46028 5.23382 7.16241 7.93347 8.49175 8.47427 7.86918 7.34353 6.522 5.25179 4.37797 2.86844 0.800595 4.24615 5.29875 6.2387 6.63111 7.61052 7.58078 7.12366 6.60022 7.07969 6.92526 5.63527 5.20512 4.48409 5.75681 5.74915 5.70216 5.62133 4.13827 2.0813 0.434186 1.59614 1.33669 1.86659 0.179589 1.5382 2.6317 2.97748 2.21762 1.6465 3.36284 3.63156 3.78906 3.88563 3.94497 3.91553 3.92107 3.89883 3.88162 3.86383 3.83672 3.81537 3.78796 3.76022 3.73207 3.70577 3.67396 3.63191 3.61873 3.57064
-9999 -9999 -9999 -9999 -9999 -9999 -9999 -9999 -1.8455 1.73969 4.93717 6.71229 7.82439 8.36034 8.33915 8.02439 7.66399 7.15057 6.23134 5.07969 3.26591 1.91772 2.76044 3.79151 3.90299 4.58665 6.58183 7.25928 6.28383 3.88407 5.28705 6.8566 6.82283 6.67954 6.5197 6.31861 6.13419 5.74287 4.71326 1.58321 0.955027 -0.281281 -0.155914 -0.797081 0.563639 0.0363728 1.43035 2.02684 2.24376 0.929032 1.19482 2.70653 3.29935 3.18658 3.54605 3.89273 3.89235 3.89054 3.86937 3.86496 3.85568 3.83759 3.80499 3.78071 3.75957 3.7166 3.70394 3.57583 3.48869 3.32459 3.50254
-9999 -9999 -9999 -9999 -9999 -9999 -9999 -9999 -2.56584 1.00978 4.77748 5.9796 7.17954 8.21368 8.22296 7.74794 7.2959 6.83092 6.30337 4.90845 3.55596 2.2648 1.82619 2.07694 2.05161 3.16121 5.76194 6.25999 6.03774 3.52706 2.67223 4.77117 6.53348 6.66387 6.49374 4.39964 4.83286 3.69743 2.16098 1.72914 1.04917 -0.374058 0.291525 -0.754891 -0.325554 -0.454045 0.331551 0.707765 1.64501 0.497552 0.493373 1.97699 2.72192 2.72868 3.51159 3.78317 3.84569 3.85263 3.85425 3.8458 3.84636 3.82703 3.80329 3.77576 3.72582 3.62348 3.33117 1.80815 1.79847 2.2011 2.58186
-9999 -9999 -9999 -9999 -9999 -9999 -9999 -9999 -2.15972 0.318176 3.66011 6.13273 6.27774 7.47422 8.0866 7.57115 6.99236 6.40074 6.13669 4.61934 2.95394 1.60702 0.0146975 0.26765 1.3973 3.25221 4.92927 5.22317 4.86764 3.5177 4.14312 5.57158 6.32572 6.54142 6.35453 5.89041 5.61744 4.77837 4.40792 3.24607 1.43584 0.714971 1.15043 -0.771353 -0.651285 0.0411153 -0.718223 0.504487 1.08283 -0.395145 0.754446 2.06948 2.73582 3.31707 3.58596 3.68605 3.84596 3.83873 3.8414 3.83743 3.82302 3.81097 3.77111 3.73602 3.56385 3.31569 1.89803 1.29515 1.39851 2.0371 2.59514
-9999 -9999 -9999 -9999 -9999 -9999 -9999 -9999 -1.7444 0.485492 3.38174 5.14153 5.44736 6.77552 7.95542 7.81175 7.21006 7.0198 6.39714 5.10877 3.68704 2.13427 1.37517 -0.358613 1.33226 2.6707 4.08941 4.74904 3.63837 3.07663 4.04808 5.01352 5.39351 6.36798 6.34875 6.01776 4.62448 3.93918 4.2126 3.91104 3.39155 2.14149 2.07356 1.26561 0.923206 0.598994 -0.42086 0.210318 0.261659 0.419037 1.80566 2.48387 2.92947 3.33384 3.4311 3.60029 3.8235 3.83234 3.82891 3.81594 3.80837 3.77904 3.70009 3.63163 3.29751 2.71536 1.63955 -0.101952 1.10197 2.36162 2.72437
-9999 -9999 -9999 -9999 -9999 -9999 -9999 -9999 -2.13518 0.234299 2.708 3.73586 3.9013 6.31394 7.78712 7.77908 7.48839 7.15084 5.62728 5.70652 5.39447 3.99274 1.95536 -0.281117 -0.0803892 1.24009 3.11678 3.73212 1.90085 1.24841 1.7133 3.17735 4.48665 5.85382 6.19351 5.77916 3.61626 1.31805 2.36734 3.48894 3.47053 3.12557 1.96523 1.58793 1.24501 0.394535 -1.03626 -0.838029 -0.45691 1.11437 1.60268 2.36445 2.99513 2.74007 2.86966 3.47295 3.81404 3.81536 3.80968 3.80932 3.78919 3.75606 3.61082 3.45773 3.20899 1.71052 0.774276 -0.585543 0.96466 1.81962 2.26069
-9999 -9999 -9999 -9999 -9999 -9999 -9999 -9999 -2.88119 -1.16475 1.19914 2.1453 3.6611 5.94047 7.05619 7.58558 7.56331 7.33494 6.64722 6.23004 5.41759 3.95965 1.96972 -0.241065 -1.68312 -0.962679 1.56592 2.15439 0.467252 -0.396152 0.659188 2.21981 4.53478 5.85305 6.02223 5.89162 5.437 3.75606 1.72715 1.72224 2.72204 1.8631 0.866532 1.39496 1.28185 0.441952 -0.172621 -0.548989 -0.337495 0.556249 0.916609 1.79844 3.10637 3.2829 3.23293 3.77667 3.79228 3.79314 3.80205 3.78932 3.77216 3.74342 3.62281 3.36757 2.36617 1.49142 0.27919 0.118925 1.49401 2.0866 2.63769
-9999 -9999 -9999 -9999 -9999 -9999 -9999 -9999 -4.15918 -2.13785 0.0758201 2.14791 4.10778 5.79314 5.91351 6.79753 6.78601 7.24452 7.10027 6.46223 5.77641 4.5189 1.96507 -0.183618 -2.52598 -1.91927 0.658192 0.987572 -0.147265 -2.23652 -0.097726 2.26165 4.39884 5.55104 4.62964 5.55283 5.46524 4.82839 3.61592 1.7368 1.76008 0.348365 0.274931 0.980874 1.20121 1.06842 0.603753 -0.129879 -0.020359 0.51794 0.64418 1.45332 2.46485 3.45366 3.6093 3.78784 3.78369 3.77457 3.77803 3.76796 3.73505 3.67182 3.5463 2.70492 1.70659 1.08705 0.238871 0.125575 1.71769 2.33817 2.6783
-9999 -9999 -9999 -9999 -9999 -9999 -9999 -9999 -9999 -2.35559 -0.0683733 1.62126 2.06826 3.56505 4.36839 4.98774 5.11692 6.9043 6.99334 6.58521 5.95442 4.88048 2.94034 1.58598 -0.661227 -2.27882 -1.6288 -1.326 -0.743725 -0.927221 0.0214153 2.28818 4.64991 4.89851 3.38155 3.59396 3.8982 4.59338 4.22342 1.6672 0.362362 -0.723063 0.0265146 0.815486 0.996452 1.02206 0.853991 0.658468 0.343938 1.40266 2.18257 2.35301 3.03158 3.52927 3.6574 3.75095 3.75154 3.75255 3.74057 3.69877 3.66524 3.52517 3.22606 2.28642 0.0432961 0.135673 -0.117509 -0.823464 0.728464 1.69625 2.57056
-9999 -9999 -9999 -9999 -9999 -9999 -9999 -9999 -9999 -3.13035 -0.482342 0.0682498 0.0154846 -0.875864 -0.481389 2.7718 3.41851 5.13218 6.7545 6.62477 6.00572 5.00029 3.84109 2.05158 -0.474687 -2.48369 -3.33594 -1.192 0.913208 1.34053 2.00608 3.39132 3.64651 2.09664 0.6423 1.4422 1.91942 3.76854 4.0964 3.72275 2.17744 0.412047 -0.515791 0.551137 0.682135 0.73339 0.732501 0.680628 0.62637 1.82536 2.48045 2.93071 3.16971 3.59488 3.69392 3.7169 3.73802 3.71764 3.68279 3.60147 3.5108 3.15213 2.72048 1.18901 -0.0897448 -0.891586 -1.9063 0.342167 0.995316 1.90683 2.49088
