Test_Spring_2018/03_18/Temp/20180313_010.txt
ncols	170
nrows	115
xllcorner	350000.000000
yllcorner	4445000.000000
cellsize	1000.000000
nodata_value	-9999.000000
[rows 32 to 63 of 115, columns 72 to 143 of 170]
12.7941 12.6145 12.9133 13.1889 13.015 12.909 13.3471 13.3551 13.2132 12.8692 12.7488 12.6241 12.5517 12.1094 10.8507 9.71733 10.3414 10.367 9.95431 10.7257 10.3354 9.29889 7.83106 8.64573 8.44726 7.39916 7.15488 -9999 -9999 -9999 -9999 -9999 -9999 -9999 -9999 -9999 -9999 -9999 -9999 -9999 -9999 -9999 -9999 -9999 -9999 -9999 -9999 -9999 -9999 -9999 -9999 -9999 -9999 -9999 -9999 -9999 -9999 -9999 -9999 -9999 -9999 -9999 -9999 -9999 -9999 -9999 -9999 -9999 -9999 -9999 -9999 -9999
12.543 12.4707 12.911 12.9099 12.881 13.0302 13.302 13.3646 13.3145 13.1695 13.0455 12.9134 12.5639 12.0566 10.9809 9.68927 9.4048 10.0532 10.0949 10.2085 9.85365 9.40499 8.69677 9.29656 9.53602 8.85686 7.95907 7.38287 -9999 -9999 -9999 -9999 -9999 -9999 -9999 -9999 -9999 -9999 -9999 -9999 -9999 -9999 -9999 -9999 -9999 -9999 -9999 -9999 -9999 -9999 -9999 -9999 -9999 -9999 -9999 -9999 -9999 -9999 -9999 -9999 -9999 -9999 -9999 -9999 -9999 -9999 -9999 -9999 -9999 -9999 -9999 -9999
12.2436 11.833 12.1016 12.3051 12.6592 12.7434 12.8057 13.3293 13.3106 13.2956 13.0848 12.9184 12.6367 12.1489 11.4504 10.6074 9.13174 10.0594 10.7882 10.7809 10.7526 10.4416 9.76157 10.3505 10.3883 9.5202 8.51235 7.93476 7.70292 -9999 -9999 -9999 -9999 -9999 -9999 -9999 -9999 -9999 -9999 -9999 -9999 -9999 -9999 -9999 -9999 -9999 -9999 -9999 -9999 -9999 -9999 -9999 -9999 -9999 -9999 -9999 -9999 -9999 -9999 -9999 -9999 -9999 -9999 -9999 -9999 -9999 -9999 -9999 -9999 -9999 -9999 -9999
11.9034 11.3999 11.6699 12.0273 12.5214 12.7675 12.9605 13.1229 13.2886 13.2789 13.063 12.4074 12.3224 12.3039 11.8507 10.8882 9.92705 9.68626 10.7922 11.1167 11.0638 11.3193 10.7449 11.0322 10.9295 10.6308 9.67054 8.79331 8.4418 7.73555 -9999 -9999 -9999 -9999 -9999 -9999 -9999 -9999 -9999 -9999 -9999 -9999 -9999 -9999 -9999 -9999 -9999 -9999 -9999 -9999 -9999 -9999 -9999 -9999 -9999 -9999 -9999 -9999 -9999 -9999 -9999 -9999 -9999 -9999 -9999 -9999 -9999 -9999 -9999 -9999 -9999 -9999
-9999 -9999 11.0868 11.5633 11.957 12.4384 12.8529 13.0697 13.2808 13.2734 12.8324 12.6219 12.6127 12.3192 11.7944 11.4693 10.8682 10.2416 10.4963 11.4411 11.0367 11.7092 11.664 11.7962 11.3647 10.5327 9.42436 8.77284 8.45963 7.88965 -9999 -9999 -9999 -9999 -9999 -9999 -9999 -9999 -9999 -9999 -9999 -9999 -9999 -9999 -9999 -9999 -9999 -9999 -9999 -9999 -9999 -9999 -9999 -9999 -9999 -9999 -9999 -9999 -9999 -9999 -9999 -9999 -9999 -9999 -9999 -9999 -9999 -9999 -9999 -9999 -9999 -9999
-9999 -9999 -9999 11.4765 11.7766 12.4286 12.7519 12.8952 13.2304 13.2399 13.0786 12.9595 12.7828 12.5492 12.1575 11.7245 11.16 11.1179 11.7263 11.7448 11.631 11.74 12.0576 11.9873 11.3153 10.1388 9.52555 8.25777 7.7264 7.79423 7.42146 -9999 -9999 -9999 -9999 -9999 -9999 -9999 -9999 -9999 -9999 -9999 -9999 9.07636 -9999 -9999 -9999 -9999 -9999 -9999 -9999 -9999 -9999 -9999 -9999 -9999 -9999 -9999 -9999 -9999 -9999 -9999 -9999 -9999 7.10451 -9999 -9999 -9999 -9999 -9999 -9999 -9999
-9999 -9999 11.4192 11.8141 12.1343 12.5452 12.5837 12.8231 13.207 13.2211 13.1093 12.9823 12.6852 12.6196 12.4014 11.9305 11.8431 12.0498 12.1511 12.2643 12.3382 12.2981 12.1846 12.0345 11.5992 11.0621 10.7053 9.55681 8.97324 8.42458 7.58816 6.93675 -9999 -9999 -9999 -9999 -9999 -9999 -9999 8.57422 8.55728 8.58718 8.78842 9.31767 9.03121 -9999 -9999 -9999 -9999 -9999 -9999 -9999 -9999 -9999 -9999 -9999 -9999 -9999 -9999 -9999 -9999 -9999 -9999 -9999 7.5697 6.91815 -9999 -9999 -9999 -9999 -9999 -9999
-9999 -9999 11.5154 11.9452 12.1629 12.5617 12.7927 12.9315 13.0696 13.2025 13.1906 13.049 12.8291 12.8412 12.5352 12.3755 12.2649 12.5407 12.6044 12.5097 12.3879 12.2813 11.9595 11.9315 11.8295 11.4924 10.9323 10.3549 9.50756 8.36736 7.24966 6.35074 -9999 -9999 -9999 -9999 -9999 -9999 8.65553 9.09689 9.36734 8.83847 9.31825 9.75835 9.70625 9.3181 -9999 -9999 -9999 -9999 -9999 -9999 -9999 -9999 -9999 -9999 -9999 -9999 -9999 -9999 10.6753 10.0056 8.63717 7.94382 7.53471 6.94394 -9999 -9999 -9999 -9999 -9999 -9999
-9999 -9999 11.4327 11.9385 12.283 12.5894 12.6434 12.9506 13.0859 13.1609 13.1619 13.1415 13.1094 12.8435 12.7357 12.3289 12.7409 12.7375 12.6479 12.2584 12.0959 11.4184 11.1263 11.065 11.6546 11.2373 10.3544 9.24821 7.90859 7.83287 7.40102 6.59883 -9999 -9999 -9999 -9999 -9999 -9999 8.78716 9.25829 9.65421 9.72478 9.19961 9.96982 9.96368 9.55822 9.4793 9.84239 10.0349 9.92104 10.3546 10.4923 10.3223 10.5429 -9999 -9999 -9999 -9999 10.7409 10.7836 10.8196 10.5494 9.05291 8.03625 7.12543 7.06296 -9999 -9999 -9999 -9999 -9999 -9999
-9999 -9999 11.7803 12.0932 12.2538 12.2839 12.5591 12.8272 12.9943 13.1256 13.11 13.1096 13.1094 13.0257 12.8172 12.8687 12.863 12.7468 11.9956 11.1166 11.5167 10.9956 9.86906 10.8013 11.3172 10.8427 9.77039 8.52542 8.11713 8.14575 7.54023 6.76206 -9999 -9999 -9999 7.49926 8.16682 8.23783 8.44506 9.06886 9.54727 9.90781 10.1611 10.1698 9.94176 9.54582 9.11416 9.29145 10.1162 10.3304 10.5163 10.6585 10.5019 10.6124 10.8437 10.9704 11.0079 10.9719 10.9749 11.0074 10.9966 10.7455 9.4051 8.64709 8.16991 7.20804 -9999 -9999 -9999 -9999 -9999 -9999
-9999 -9999 11.589 11.8613 12.0826 12.4457 12.4887 12.7219 12.857 13.0609 13.0921 12.8662 13.071 13.0569 13.0322 12.9672 12.8666 12.2347 11.359 10.4809 10.0818 10.2646 9.59435 9.95609 10.4788 10.2978 9.64797 8.53982 8.39258 8.13663 7.10934 6.12141 -9999 -9999 6.21595 7.48374 8.38077 8.85053 9.00622 9.0347 9.63372 9.69521 10.3396 10.2092 9.40055 9.51133 9.20152 9.42868 9.74818 9.84671 10.2898 10.7183 10.8119 10.8294 10.9822 11.0254 11.0473 11.0583 10.9796 11.0368 11.0582 10.9074 9.9431 9.48154 8.97701 7.22416 -9999 -9999 -9999 -9999 -9999 -9999
-9999 -9999 11.7266 12.0301 12.362 12.4191 12.6664 12.6438 12.5743 12.9199 13.0484 12.8915 12.7822 13.0137 13.0103 12.9935 12.958 12.3654 11.6774 10.629 9.98202 9.58716 9.3118 8.94426 9.21797 9.14791 9.05022 9.18422 8.88285 8.27345 7.67668 6.55016 5.94658 -9999 6.28159 6.86089 7.9251 8.83205 9.41342 9.2247 9.90397 10.043 10.4424 10.2343 9.7522 9.55852 9.5571 9.5086 9.97324 10.2887 10.5184 10.6771 10.8715 10.9321 10.9924 11.026 11.0506 11.0753 11.0872 11.0981 11.093 11.0457 10.6109 10.1546 9.14126 7.28232 -9999 -9999 -9999 -9999 -9999 -9999
-9999 10.8561 11.6932 12.1988 12.3965 12.5401 12.6674 12.7609 12.8546 12.9462 13.0144 12.995 12.5653 12.6125 12.7036 12.966 12.9612 12.9197 12.5496 11.2716 10.8352 10.197 9.3641 9.02312 9.21014 9.91248 9.89157 9.44302 8.94189 8.2399 7.79779 7.11124 5.78317 5.91566 6.53153 6.99352 7.7211 8.8266 9.60635 9.96294 10.1076 10.3927 10.5491 10.2632 9.99255 9.8876 9.67744 9.66336 9.68298 9.97061 10.1986 10.6825 10.8566 10.9453 10.9971 11.0314 11.06 11.0882 11.1072 11.1124 11.1275 11.1389 11.1249 10.5069 8.94133 7.7696 -9999 -9999 -9999 -9999 -9999 -9999
-9999 -9999 11.5389 11.7626 11.823 11.9268 12.1369 12.3791 12.7168 12.7662 12.9596 12.9654 12.595 12.1685 12.5621 12.7265 12.897 12.9152 12.8793 11.8068 11.2519 10.8172 10.0192 10.323 10.6111 10.6423 10.4847 9.51159 8.54223 7.41783 6.37383 6.33377 5.77518 6.08714 6.49803 7.53423 8.26787 8.57403 8.79853 9.92336 10.2278 10.3469 10.6486 10.2793 10.2042 9.93202 10.0373 10.0303 10.0502 9.2616 10.088 10.1525 10.6956 10.9471 11.0163 11.0453 11.0749 11.0913 11.1082 11.1199 11.1398 11.1491 11.1607 10.766 8.76997 7.78351 -9999 -9999 -9999 -9999 -9999 -9999
-9999 -9999 -9999 -9999 11.6139 11.7847 11.8952 12.0852 12.6571 12.817 12.9263 12.9431 12.7836 12.3599 12.2582 12.3508 11.9415 12.3096 12.8065 12.8077 12.7619 11.8205 11.345 11.8286 11.6956 10.9888 10.4343 9.88669 8.74993 7.91512 6.71683 5.81968 5.79591 6.80804 7.65056 8.69884 9.16919 8.92326 9.21982 9.78804 10.4309 10.7512 10.6979 10.308 10.274 9.84438 10.3046 10.3611 10.1743 10.0149 10.1031 10.3805 10.4958 10.9233 11.0378 11.0695 11.0865 11.1019 11.1138 11.1255 11.1379 11.1502 11.1619 11.1618 9.10981 7.52381 -9999 -9999 -9999 -9999 -9999 -9999
-9999 -9999 -9999 -9999 11.2157 11.3203 11.5924 12.288 12.6495 12.8014 12.803 12.8787 12.7689 12.3984 12.0188 11.6629 11.2005 11.4869 12.2212 12.6595 12.7208 11.8973 12.3448 12.1932 11.8828 10.9553 10.2739 9.91663 8.82544 7.88756 7.09338 5.99341 6.47825 7.01177 7.69474 8.83676 9.61246 9.94013 9.69262 10.0613 10.7988 10.8207 10.4452 10.4896 10.273 9.67904 10.337 10.5356 10.4092 10.4647 10.4283 10.5419 10.7344 10.9186 11.0455 11.0746 11.0899 11.0997 11.1131 11.1287 11.1365 11.1538 11.1658 11.174 9.85661 7.49284 -9999 -9999 -9999 -9999 -9999 -9999
-9999 -9999 -9999 -9999 -9999 10.8553 11.4731 12.3956 12.6224 12.6068 12.8033 12.8276 12.6539 12.5059 12.0428 11.4067 10.1732 10.5051 11.1823 12.1523 12.668 12.6128 12.3458 11.8715 10.707 9.6886 9.57319 9.41384 8.61976 7.89832 7.01415 7.54149 8.11864 8.74973 9.08713 9.01478 9.68129 10.2282 10.0176 10.4663 10.9878 10.7773 10.6608 10.5663 10.3124 10.3154 10.3638 10.7455 10.5131 10.6852 10.7066 10.7144 10.816 10.9299 11.0482 11.079 11.0927 11.1078 11.1096 11.1286 11.1384 11.1494 11.162 11.1719 11.0707 9.80931 9.06164 -9999 -9999 -9999 -9999 -9999
-9999 -9999 -9999 -9999 -9999 10.287 10.5965 11.6886 12.0236 12.5102 12.7723 12.7919 12.4923 12.3312 11.6348 11.4183 10.2787 9.76987 10.2273 10.0714 11.4015 12.5794 12.3385 9.99804 9.157 8.55955 8.7252 8.73576 8.52102 7.29002 6.95898 8.07435 8.7806 9.33066 9.75125 9.84903 9.84817 10.6957 10.8217 11.1089 11.0675 11.1108 10.709 10.4678 10.7186 10.4761 10.4508 10.8444 10.4939 10.8455 10.8235 10.7397 10.75 10.9846 11.0433 11.0805 11.0957 11.1003 11.1032 11.1117 11.1348 11.1485 11.1545 11.1743 11.1822 11.0547 10.4103 10.1991 10.4786 -9999 -9999 -9999
-9999 -9999 -9999 -9999 -9999 -9999 9.58102 11.0981 11.7884 12.1573 12.6757 12.7453 12.5901 12.3031 11.5937 10.9725 9.95503 8.79164 8.18021 10.0616 11.7004 12.5616 12.4629 10.5168 9.7551 9.72962 10.1944 9.8197 9.53733 8.6028 8.33182 7.95166 8.20195 8.96443 9.59108 10.1955 10.6395 10.6891 10.9844 11.1607 11.1913 11.2598 11.229 11.2077 10.8253 11.1253 10.9068 11.0519 10.9889 10.9333 10.8875 10.6715 10.8509 11.011 11.0625 11.0894 11.0934 11.1046 11.1124 11.1137 11.1236 11.1398 11.1567 11.1684 11.1882 11.2066 11.1534 10.7741 10.2589 9.60202 -9999 -9999
-9999 -9999 -9999 -9999 -9999 -9999 8.82547 10.3357 11.0605 12.0008 12.4867 12.6912 12.675 12.4444 11.9082 11.0961 10.4226 9.1219 7.77107 9.74375 11.5016 12.4568 12.5191 10.8862 11.3536 10.9955 11.1542 10.4888 10.2175 9.99987 9.52496 9.00489 8.43531 8.14159 9.53151 10.2516 10.8346 11.1177 11.2853 11.3779 11.3529 11.2673 10.6735 11.1591 11.1575 11.1303 11.096 11.0888 11.0585 11.019 11.0025 11.0066 10.8677 11.0589 11.0706 11.0856 11.0993 11.1081 11.1135 11.121 11.1276 11.1442 11.157 11.1701 11.1857 11.2091 11.2253 11.2244 11.1388 10.2492 9.72475 9.59574
-9999 -9999 -9999 -9999 -9999 -9999 6.70955 8.90561 10.664 11.5903 12.3476 12.5618 12.6482 12.3351 12.1047 11.526 10.9795 10.1295 8.84968 8.06719 9.54616 11.6928 12.4887 12.4398 12.4019 11.9864 11.6126 11.5738 11.6121 11.1691 10.5279 9.68652 9.43462 9.14662 10.1848 10.3362 10.2744 11.418 11.4361 11.3884 10.9737 10.5056 10.6158 10.3346 10.587 10.2489 10.5957 10.8976 11.0213 11.0296 11.009 11.0233 11.0208 11.0687 11.0811 11.0891 11.0984 11.11 11.12 11.1221 11.1307 11.1525 11.1607 11.1729 11.1865 11.2111 11.2293 11.2336 11.2393 11.1194 10.9285 10.5509
-9999 -9999 -9999 -9999 -9999 -9999 6.80295 8.6447 10.2143 11.1601 12.0696 12.2874 12.6013 12.5463 12.3043 11.8027 11.1736 10.4762 9.37991 8.56872 9.56404 10.9906 12.0176 12.3938 12.3978 12.3843 12.2984 12.2698 12.1671 12.0907 11.6335 10.8441 10.3999 9.74557 10.9016 11.0422 10.8763 11.4618 11.4484 10.6007 9.95344 9.88829 10.3088 9.94162 9.8969 9.67431 9.96367 10.7082 10.5177 10.5762 10.9224 10.9918 11.0459 11.0687 11.0796 11.0912 11.099 11.1137 11.129 11.1314 11.1416 11.1556 11.1609 11.1763 11.1869 11.2063 11.2205 11.2319 11.2383 11.2181 11.1984 11.2677
-9999 -9999 -9999 -9999 -9999 -9999 6.84615 8.08028 9.49396 10.8835 11.8545 12.2518 12.5444 12.552 12.2687 12.0254 11.6356 11.0234 10.6078 9.87654 8.86768 10.5949 11.1296 11.6113 11.8224 12.3224 12.3209 12.1067 11.8451 12.0967 12.0412 11.415 11.2162 10.8738 11.522 11.5358 11.5313 11.5113 10.7965 9.7979 9.00365 9.6044 9.50006 9.78274 8.9756 9.68146 10.2491 10.445 10.0866 9.82575 10.6993 10.8624 10.961 11.0288 11.0778 11.0827 11.1052 11.1143 11.1266 11.1393 11.1482 11.1607 11.1709 11.1815 11.1922 11.2124 11.2226 11.2355 11.2546 11.2512 11.2614 11.2775
-9999 -9999 -9999 -9999 -9999 -9999 -9999 7.35416 9.1454 10.7456 11.6405 12.207 12.4883 12.4939 12.3544 12.1928 11.9556 11.5173 10.9637 10.0812 9.42943 9.86464 10.3883 10.4587 10.813 11.8176 12.1676 11.6968 10.5102 11.2283 12.0214 12.0189 11.9627 11.8989 11.8119 11.7382 11.5629 11.0718 9.5393 9.25371 8.66328 8.74939 8.45547 9.1501 8.91852 9.63523 9.95569 10.0872 9.45782 9.61204 10.394 10.7092 10.6736 10.8719 11.0592 11.0789 11.0981 11.1081 11.1269 11.1439 11.1573 11.1692 11.1813 11.1954 11.1994 11.2266 11.1888 11.1711 11.1148 11.2276 11.255 11.2915
-9999 -9999 -9999 -9999 -9999 -9999 -9999 7.00097 8.78891 10.6727 11.2836 11.894 12.4228 12.4434 12.2243 12.017 11.8037 11.5595 10.8848 10.231 9.60738 9.4065 9.54728 9.54515 10.1111 11.4168 11.6783 11.582 10.349 9.93937 10.9959 11.8857 11.9659 11.8976 10.8752 11.1081 10.5635 9.82087 9.62755 9.31197 8.62823 8.98188 8.48616 8.72313 8.68335 9.09752 9.30817 9.79684 9.2502 9.27042 10.0392 10.4301 10.4541 10.8629 11.0178 11.0689 11.0927 11.1142 11.1313 11.1535 11.1665 11.178 11.1881 11.1875 11.1612 11.0417 10.3191 10.3393 10.5638 10.7769 11.1564 11.2811
-9999 -9999 -9999 -9999 -9999 -9999 -9999 7.20764 8.45134 10.1243 11.3663 11.4534 12.0629 12.383 12.1438 11.8734 11.597 11.4834 10.7477 9.93838 9.28692 8.51332 8.65523 9.23182 10.1623 11.0099 11.1706 11.0086 10.3528 10.6786 11.403 11.793 11.9162 11.8401 11.6271 11.5097 11.1123 10.9483 10.3924 9.51544 9.17984 9.41871 8.4879 8.57078 8.93778 8.58449 9.21489 9.52508 8.81416 9.41846 10.0931 10.4452 10.7546 10.9086 10.9787 11.0786 11.0956 11.1179 11.1374 11.1522 11.1687 11.1719 11.1779 11.1163 11.0171 10.3376 10.0726 10.1484 10.4896 10.7903 11.1207 11.2586
-9999 -9999 -9999 -9999 -9999 -9999 -9999 7.41881 8.54001 9.99229 10.8808 11.0481 11.7232 12.3251 12.2704 11.9886 11.9113 11.6195 10.9973 10.3087 9.55499 9.19491 8.35071 9.206 9.88007 10.5997 10.9423 10.4054 10.1424 10.6405 11.1358 11.3406 11.841 11.8486 11.702 11.0288 10.7078 10.8633 10.7342 10.4976 9.89888 9.8874 9.50893 9.36174 9.22366 8.74041 9.07684 9.12519 9.23697 9.94854 10.3072 10.5499 10.7718 10.841 10.9458 11.0774 11.1027 11.1222 11.1372 11.1554 11.1632 11.1468 11.1359 10.9935 10.7282 10.2179 9.38757 10.0092 10.6583 10.8737 11.0833 11.1954
-9999 -9999 -9999 -9999 -9999 -9999 -9999 7.2298 8.42084 9.66387 10.1895 10.2874 11.5011 12.2487 12.2614 12.134 11.9835 11.2444 11.3008 11.163 10.4841 9.48947 8.39578 8.51153 9.18162 10.1238 10.4448 9.55102 9.24353 9.4907 10.234 10.9006 11.5964 11.7825 11.5949 10.5399 9.41839 9.95901 10.5361 10.5479 10.3981 9.84398 9.67883 9.53096 9.13126 8.44804 8.56474 8.77659 9.59163 9.85649 10.2567 10.5915 10.4864 10.572 10.8926 11.0829 11.1048 11.1233 11.1447 11.1566 11.1624 11.1128 11.0596 10.9592 10.2387 9.79731 9.15366 9.94946 10.3974 10.6629 11.0895 11.2039
-9999 -9999 -9999 -9999 -9999 -9999 -9999 6.86443 7.73183 8.92081 9.40632 10.1748 11.3226 11.8929 12.1725 12.1783 12.082 11.7577 11.5677 11.1813 10.4745 9.50339 8.42246 7.72289 8.09648 9.3611 9.67668 8.84752 8.43572 8.97642 9.76807 10.9344 11.6063 11.7082 11.6617 11.4548 10.6397 9.65238 9.67019 10.1872 9.78192 9.30874 9.59281 9.55867 9.16392 8.88108 8.71669 8.85571 9.32352 9.52496 9.98496 10.6562 10.7655 10.7623 11.0536 11.0827 11.1045 11.1304 11.1457 11.159 11.1668 11.1292 11.025 10.5507 10.1394 9.5607 9.50421 10.2209 10.5506 10.859 11.0769 11.1591
-9999 -9999 -9999 -9999 -9999 -9999 -9999 6.23495 7.25414 8.36899 9.41376 10.403 11.2562 11.3327 11.7884 11.7997 12.0443 11.9897 11.69 11.3665 10.759 9.508 8.45791 7.31151 7.62877 8.92259 9.09678 8.55051 7.53058 8.60943 9.79795 10.8764 11.4662 11.0271 11.5039 11.4794 11.1826 10.6005 9.68791 9.71998 9.04013 9.0249 9.3968 9.52791 9.48393 9.27535 8.93727 9.02184 9.31359 9.39896 9.82307 10.3474 10.8603 10.9594 11.0697 11.0892 11.1062 11.1295 11.1461 11.1515 11.142 11.1017 10.7063 10.2332 9.94826 9.54998 9.51656 10.3372 10.6844 10.8882 11.0787 11.164
-9999 -9999 -9999 -9999 -9999 -9999 -9999 -9999 7.15131 8.30307 9.15837 9.39703 10.1569 10.5727 10.8972 10.9784 11.8826 11.9439 11.7582 11.4619 10.9456 9.99909 9.34325 8.24411 7.45739 7.80092 7.95608 8.26232 8.1886 8.67699 9.81985 11.0101 11.1517 10.4172 10.5414 10.7115 11.076 10.9121 9.66328 9.03598 8.51791 8.91099 9.32391 9.43531 9.46983 9.4084 9.34749 9.21335 9.76187 10.1719 10.2792 10.6386 10.9079 10.9937 11.0621 11.0842 11.1063 11.122 11.1228 11.1278 11.0799 10.9532 10.5088 9.4175 9.48566 9.38246 9.05468 9.86032 10.387 10.8438 11.0945 11.1716
-9999 -9999 -9999 -9999 -9999 -9999 -9999 -9999 6.77193 8.10314 8.39343 8.38436 7.95914 8.17221 9.80423 10.1425 11.0102 11.8325 11.785 11.4945 11.0121 10.4532 9.58133 8.34367 7.3627 6.95528 8.03464 9.09241 9.32207 9.67017 10.3757 10.5206 9.76977 9.0666 9.48258 9.73865 10.6759 10.8584 10.6929 9.9461 9.09039 8.65072 9.20148 9.28799 9.3352 9.35678 9.3643 9.36481 9.98078 10.3291 10.5756 10.7171 10.9508 11.0224 11.056 11.0884 11.1001 11.1044 11.0856 11.062 10.9054 10.7127 9.97418 9.36129 8.98534 8.50395 9.6425 10.0018 10.4947 10.8133 11.0627 11.1305
