Test_Spring_2018/03_18/Temp/20180321_009.txt
ncols	170
nrows	115
xllcorner	350000.000000
yllcorner	4445000.000000
cellsize	1000.000000
nodata_value	-9999.000000
[rows 32 to 63 of 115, columns 72 to 143 of 170]
10.7945 10.4105 11.0099 11.5618 11.2106 10.9821 11.8844 11.8861 11.5797 10.8575 10.594 10.3209 10.1545 9.22777 6.6233 4.27545 5.53641 5.56778 4.69821 6.26025 5.43575 3.28402 0.246131 1.89615 1.46528 -0.695412 -1.2251 -9999 -9999 -9999 -9999 -9999 -9999 -9999 -9999 -9999 -9999 -9999 -9999 -9999 -9999 -9999 -9999 -9999 -9999 -9999 -9999 -9999 -9999 -9999 -9999 -9999 -9999 -9999 -9999 -9999 -9999 -9999 -9999 -9999 -9999 -9999 -9999 -9999 -9999 -9999 -9999 -9999 -9999 -9999 -9999 -9999
10.2803 10.1168 11.0066 10.9903 10.925 11.2328 11.7928 11.9064 11.7881 11.4742 11.2029 10.9144 10.1786 9.11807 6.88936 4.21662 3.61182 4.92251 4.9866 5.19794 4.4468 3.50279 2.0255 3.23458 3.70352 2.28584 0.429841 -0.769628 -9999 -9999 -9999 -9999 -9999 -9999 -9999 -9999 -9999 -9999 -9999 -9999 -9999 -9999 -9999 -9999 -9999 -9999 -9999 -9999 -9999 -9999 -9999 -9999 -9999 -9999 -9999 -9999 -9999 -9999 -9999 -9999 -9999 -9999 -9999 -9999 -9999 -9999 -9999 -9999 -9999 -9999 -9999 -9999
9.66646 8.80836 9.34561 9.7495 10.4754 10.6616 10.7747 11.835 11.7808 11.7338 11.284 10.9248 10.3282 9.30758 7.85344 6.10207 3.05088 4.93518 6.41077 6.37415 6.2942 5.63315 4.21415 5.40115 5.45636 3.64823 1.57743 0.366983 -0.133288 -9999 -9999 -9999 -9999 -9999 -9999 -9999 -9999 -9999 -9999 -9999 -9999 -9999 -9999 -9999 -9999 -9999 -9999 -9999 -9999 -9999 -9999 -9999 -9999 -9999 -9999 -9999 -9999 -9999 -9999 -9999 -9999 -9999 -9999 -9999 -9999 -9999 -9999 -9999 -9999 -9999 -9999 -9999
8.96837 7.91967 8.46018 9.18051 10.1868 10.6998 11.0942 11.4124 11.7371 11.701 11.2405 9.87646 9.68362 9.6268 8.67652 6.67962 4.68521 4.16985 6.42025 7.06518 6.93496 7.43772 6.23586 6.80387 6.57059 5.93169 3.94392 2.13347 1.3875 -0.0870585 -9999 -9999 -9999 -9999 -9999 -9999 -9999 -9999 -9999 -9999 -9999 -9999 -9999 -9999 -9999 -9999 -9999 -9999 -9999 -9999 -9999 -9999 -9999 -9999 -9999 -9999 -9999 -9999 -9999 -9999 -9999 -9999 -9999 -9999 -9999 -9999 -9999 -9999 -9999 -9999 -9999 -9999
-9999 -9999 7.2638 8.23477 9.04364 10.0257 10.875 11.3053 11.7234 11.6918 10.7693 10.3192 10.2819 9.66015 8.56284 7.87495 6.62011 5.31243 5.8144 7.73355 6.88155 8.24091 8.12624 8.37586 7.46727 5.74019 3.44151 2.09464 1.4274 0.232745 -9999 -9999 -9999 -9999 -9999 -9999 -9999 -9999 -9999 -9999 -9999 -9999 -9999 -9999 -9999 -9999 -9999 -9999 -9999 -9999 -9999 -9999 -9999 -9999 -9999 -9999 -9999 -9999 -9999 -9999 -9999 -9999 -9999 -9999 -9999 -9999 -9999 -9999 -9999 -9999 -9999 -9999
-9999 -9999 -9999 8.05861 8.67468 10.0008 10.6699 10.9497 11.6228 11.6262 11.2781 11.0158 10.6344 10.1356 9.31157 8.40216 7.22225 7.11496 8.34357 8.36026 8.10513 8.30729 8.93788 8.77166 7.36702 4.93444 3.65219 1.04012 -0.0751635 0.0401884 -0.749437 -9999 -9999 -9999 -9999 -9999 -9999 -9999 -9999 -9999 -9999 -9999 -9999 2.34245 -9999 -9999 -9999 -9999 -9999 -9999 -9999 -9999 -9999 -9999 -9999 -9999 -9999 -9999 -9999 -9999 -9999 -9999 -9999 -9999 -2.23502 -9999 -9999 -9999 -9999 -9999 -9999 -9999
-9999 -9999 7.94912 8.76593 9.41144 10.2431 10.3159 10.805 11.5787 11.5918 11.3455 11.067 10.4383 10.2844 9.8166 8.82921 8.62919 9.03279 9.21967 9.43086 9.56116 9.45732 9.2024 8.87239 7.96001 6.83451 6.07904 3.69812 2.48926 1.3384 -0.403513 -1.76545 -9999 -9999 -9999 -9999 -9999 -9999 -9999 1.40907 1.35101 1.38908 1.77895 2.84236 2.23022 -9999 -9999 -9999 -9999 -9999 -9999 -9999 -9999 -9999 -9999 -9999 -9999 -9999 -9999 -9999 -9999 -9999 -9999 -9999 -1.2748 -2.63835 -9999 -9999 -9999 -9999 -9999 -9999
-9999 -9999 8.16482 9.03662 9.47266 10.2803 10.743 11.0318 11.3011 11.5587 11.5178 11.2094 10.7393 10.7451 10.0966 9.74826 9.50025 10.0456 10.1551 9.93922 9.66751 9.4269 8.74424 8.6651 8.43693 7.72231 6.54937 5.34074 3.59047 1.22465 -1.09503 -2.96536 -9999 -9999 -9999 -9999 -9999 -9999 1.60324 2.48661 3.01894 1.9095 2.87156 3.75194 3.62116 2.7881 -9999 -9999 -9999 -9999 -9999 -9999 -9999 -9999 -9999 -9999 -9999 -9999 -9999 -9999 5.20732 3.80755 0.972531 -0.476276 -1.34161 -2.58043 -9999 -9999 -9999 -9999 -9999 -9999
-9999 -9999 7.99534 9.02458 9.72214 10.3413 10.4413 11.0709 11.3402 11.4794 11.4653 11.4061 11.3217 10.7562 10.5147 9.6586 10.4837 10.4553 10.2498 9.42823 9.07273 7.6596 7.03769 6.89341 8.08225 7.20275 5.36694 3.07219 0.309998 0.130867 -0.780216 -2.45194 -9999 -9999 -9999 -9999 -9999 -9999 1.87771 2.82237 3.61254 3.7344 2.63252 4.19094 4.14365 3.28655 3.09991 3.82095 4.19147 3.93213 4.79578 5.05384 4.6799 5.10856 -9999 -9999 -9999 -9999 5.39501 5.45877 5.50878 4.92978 1.83177 -0.281061 -2.17692 -2.33559 -9999 -9999 -9999 -9999 -9999 -9999
-9999 -9999 8.71009 9.34425 9.66546 9.7184 10.2739 10.8236 11.1586 11.4114 11.3634 11.3455 11.3267 11.1354 10.6869 10.7716 10.7384 10.478 8.91308 7.08554 7.88511 6.79649 4.46547 6.35652 7.39396 6.39709 4.17223 1.59256 0.742555 0.777742 -0.490088 -2.11697 -9999 -9999 -9999 -0.697268 0.650576 0.773295 1.17585 2.434 3.39348 4.11511 4.61224 4.60116 4.10427 3.26661 2.35536 2.69461 4.36355 4.77835 5.13272 5.40002 5.05364 5.25224 5.70328 5.93959 5.99287 5.89512 5.87778 5.92062 5.87458 5.33471 2.56079 0.979202 -0.0260714 -2.03788 -9999 -9999 -9999 -9999 -9999 -9999
-9999 -9999 8.32059 8.87226 9.31897 10.0554 10.1345 10.6034 10.8778 11.2864 11.335 10.8542 11.2565 11.2081 11.137 10.9822 10.7536 9.43359 7.61251 5.78642 4.94415 5.30087 3.90214 4.62162 5.67281 5.28314 3.92104 1.62246 1.29742 0.757981 -1.37507 -3.42801 -9999 -9999 -3.30473 -0.72418 1.09504 2.03683 2.3336 2.36911 3.57638 3.67945 4.97959 4.68315 2.99414 3.19703 2.54037 2.98187 3.60776 3.78511 4.66944 5.52367 5.69142 5.70328 5.99309 6.05808 6.07956 6.07848 5.8933 5.98721 6.00733 5.67337 3.66831 2.69535 1.62977 -2.00184 -9999 -9999 -9999 -9999 -9999 -9999
-9999 -9999 8.60632 9.22277 9.89727 10.007 10.5063 10.4509 10.3056 11.0026 11.2542 10.9155 10.6728 11.1289 11.1012 11.045 10.9499 9.70988 8.27392 6.09776 4.74592 3.91537 3.3274 2.54499 3.08448 2.91803 2.69496 2.94782 2.31001 1.04405 -0.205453 -2.5423 -3.80569 -9999 -3.16462 -1.99807 0.164608 2.00438 3.17553 2.76498 4.13709 4.39944 5.19217 4.74081 3.72252 3.29511 3.26715 3.14252 4.07188 4.69824 5.14408 5.4453 5.81943 5.91972 6.01971 6.06509 6.09234 6.11959 6.12074 6.11954 6.08526 5.9641 5.04641 4.08082 1.97377 -1.87573 -9999 -9999 -9999 -9999 -9999 -9999
-9999 6.82187 8.54026 9.57294 9.97297 10.2615 10.5155 10.6992 10.8887 11.0659 11.1919 11.1375 10.2371 10.3144 10.4806 10.9976 10.9651 10.8566 10.0732 7.42484 6.5076 5.17071 3.43698 2.71282 3.07412 4.49404 4.42866 3.48515 2.43375 0.977161 0.048716 -1.38505 -4.1358 -3.88717 -2.64558 -1.71988 -0.248531 1.99912 3.57773 4.28721 4.56125 5.12032 5.4178 4.80193 4.21792 3.9771 3.52021 3.46613 3.48139 4.04727 4.49004 5.46194 5.79507 5.95266 6.03539 6.08249 6.11797 6.15268 6.16834 6.15564 6.1629 6.16233 6.10633 4.81155 1.56196 -0.876449 -9999 -9999 -9999 -9999 -9999 -9999
-9999 -9999 8.2266 8.68126 8.80038 9.0081 9.43316 9.92313 10.6143 10.7042 11.0879 11.0853 10.3076 9.41207 10.1995 10.515 10.8419 10.8558 10.7581 8.53122 7.36765 6.4511 4.78862 5.38864 5.95725 5.99877 5.65273 3.63186 1.61894 -0.705517 -2.87284 -2.97812 -4.14674 -3.52899 -2.70831 -0.603174 0.880694 1.48663 1.92487 4.21219 4.8121 5.03004 5.62498 4.84159 4.65907 4.07448 4.26525 4.22565 4.2413 2.59681 4.26873 4.37705 5.46853 5.96297 6.0812 6.11751 6.15523 6.16574 6.17737 6.17804 6.19518 6.18859 6.18165 5.34412 1.21702 -0.841057 -9999 -9999 -9999 -9999 -9999 -9999
-9999 -9999 -9999 -9999 8.37673 8.72262 8.94396 9.32727 10.4999 10.8171 11.0285 11.0479 10.7031 9.81441 9.58435 9.75209 8.88814 9.61942 10.6162 10.5943 10.4758 8.51821 7.51716 8.48683 8.19066 6.7163 5.55493 4.40819 2.05161 0.321749 -2.16227 -4.02772 -4.09928 -2.04319 -0.334771 1.79527 2.73842 2.21047 2.7967 3.93806 5.23415 5.86726 5.73288 4.90695 4.80874 3.90063 4.82027 4.911 4.5022 4.14985 4.30569 4.85122 5.06451 5.91922 6.13121 6.1738 6.18575 6.1944 6.19592 6.19657 6.19496 6.19427 6.1918 6.16416 1.92188 -1.36777 -9999 -9999 -9999 -9999 -9999 -9999
-9999 -9999 -9999 -9999 7.56487 7.7754 8.32892 9.7512 10.4917 10.7928 10.7834 10.924 10.6815 9.90128 9.10093 8.34739 7.3741 7.93786 9.42136 10.2967 10.398 8.68228 9.57664 9.24164 8.58089 6.65317 5.23127 4.47559 2.21275 0.271128 -1.38272 -3.66451 -2.69126 -1.618 -0.237826 2.08526 3.65559 4.30549 3.77327 4.50638 5.99659 6.01675 5.22036 5.28623 4.81281 3.56711 4.89277 5.27532 4.99056 5.07969 4.97956 5.18892 5.56091 5.91604 6.15376 6.19081 6.19964 6.19699 6.20156 6.20883 6.19959 6.2092 6.20691 6.19612 3.4623 -1.42497 -9999 -9999 -9999 -9999 -9999 -9999
-9999 -9999 -9999 -9999 -9999 6.82662 8.0904 9.97862 10.4427 10.4 10.7908 10.8259 10.4523 10.1292 9.15715 7.82823 5.27119 5.92837 7.29434 9.26153 10.296 10.158 9.58466 8.58673 6.17173 4.05726 3.79791 3.44871 1.79622 0.299221 -1.53927 -0.47861 0.684434 1.95825 2.62879 2.45763 3.8038 4.90392 4.44762 5.34495 6.39152 5.93411 5.6694 5.44988 4.89987 4.88002 4.9537 5.71221 5.20973 5.53849 5.55728 5.54946 5.73486 5.94582 6.16602 6.20668 6.21219 6.22048 6.2008 6.21559 6.21055 6.20698 6.20579 6.19825 5.96205 3.33878 1.77391 -9999 -9999 -9999 -9999 -9999
-9999 -9999 -9999 -9999 -9999 5.6659 6.29591 8.53237 9.21834 10.207 10.7325 10.7581 10.1259 9.77572 8.32486 7.85787 5.49333 4.42428 5.3389 4.9937 7.70048 10.095 9.57532 4.74449 2.99375 1.74388 2.0618 2.06164 1.59911 -0.944255 -1.64653 0.622044 2.05039 3.15791 3.99943 4.17733 4.15294 5.87034 6.10551 6.67108 6.56134 6.62507 5.77438 5.25347 5.7399 5.21592 5.13812 5.92118 5.17621 5.87359 5.80342 5.6076 5.60558 6.06468 6.16261 6.2164 6.22466 6.21156 6.19396 6.18723 6.20928 6.2112 6.19626 6.20889 6.19679 5.90231 4.54936 4.08662 4.63195 -9999 -9999 -9999
-9999 -9999 -9999 -9999 -9999 -9999 4.21585 7.32446 8.74002 9.48666 10.5383 10.6665 10.3306 9.72225 8.24466 6.94639 4.8331 2.41902 1.13955 4.9786 8.31958 10.0637 9.83618 5.81521 4.22749 4.15236 5.08478 4.29329 3.69192 1.75775 1.17896 0.376048 0.868012 2.41071 3.67511 4.89457 5.78374 5.86235 6.44468 6.78325 6.82127 6.93664 6.848 6.77858 5.96452 6.55474 6.08019 6.35295 6.1987 6.05979 5.94074 5.47359 5.81912 6.12499 6.20834 6.23887 6.22519 6.22561 6.2182 6.19636 6.19154 6.19845 6.20578 6.20187 6.21409 6.21928 6.0808 5.27283 4.18606 2.80888 -9999 -9999
-9999 -9999 -9999 -9999 -9999 -9999 2.66929 5.76294 7.24896 9.1686 10.1549 10.558 10.5077 10.0152 8.89332 7.20333 5.79666 3.10091 0.301498 4.32901 7.91597 9.8533 9.95707 6.57901 7.51555 6.75733 7.06108 5.67263 5.09412 4.63263 3.63508 2.54489 1.35085 0.724346 3.55757 5.01451 6.18925 6.74734 7.06729 7.23261 7.15768 6.95726 5.71206 6.68397 6.65187 6.57024 6.47425 6.43421 6.34715 6.24156 6.1828 6.16769 5.85939 6.22777 6.2264 6.23575 6.24186 6.23721 6.2247 6.21534 6.20337 6.21188 6.21079 6.20968 6.21338 6.22899 6.2332 6.20256 5.99848 4.14344 3.03922 2.74489
-9999 -9999 -9999 -9999 -9999 -9999 -1.67152 2.82974 6.43999 8.33016 9.86955 10.2939 10.4541 9.7922 9.29859 8.08822 6.94269 5.17304 2.51985 0.887766 3.90191 8.28614 9.89912 9.77446 9.67349 8.79746 8.00734 7.906 7.96323 7.03923 5.69625 3.94693 3.40545 2.79271 4.90347 5.19232 5.04253 7.36798 7.38094 7.25824 6.38121 5.3964 5.59703 4.99528 5.48492 4.7649 5.45181 6.04679 6.27606 6.26886 6.20146 6.20487 6.17727 6.24801 6.252 6.24665 6.24362 6.24444 6.24132 6.22075 6.21283 6.23104 6.22205 6.21917 6.21887 6.23703 6.24578 6.22623 6.20971 5.93593 5.51703 4.71211
-9999 -9999 -9999 -9999 -9999 -9999 -1.47379 2.30732 5.51938 7.44676 9.30002 9.73151 10.3588 10.2269 9.70947 8.65767 7.34296 5.88708 3.61126 1.92067 3.94031 6.84757 8.93268 9.68124 9.66946 9.61915 9.42042 9.33408 9.10208 8.93229 7.97168 6.3252 5.39163 4.02641 6.3789 6.64548 6.28195 7.46106 7.40945 5.64369 4.28921 4.12995 4.97046 4.19076 4.07002 3.58941 4.15849 5.66281 5.24327 5.33939 6.02554 6.14511 6.2266 6.25165 6.2522 6.25395 6.24747 6.25454 6.26212 6.24225 6.23751 6.23993 6.22363 6.22918 6.22278 6.23003 6.23167 6.22689 6.21235 6.14355 6.07179 6.18466
-9999 -9999 -9999 -9999 -9999 -9999 -1.38943 1.1521 4.04295 6.88052 8.8597 9.65932 10.2425 10.2391 9.63692 9.11582 8.29295 7.01231 6.13517 4.60911 2.51287 6.03618 7.11246 8.07798 8.48163 9.48586 9.46063 8.99929 8.4538 8.94872 8.80867 7.50122 7.07147 6.34659 7.65595 7.66193 7.62984 7.56529 6.07316 3.99766 2.34143 3.55003 3.31033 3.86827 2.1818 3.60199 4.74263 5.12012 4.36241 3.80284 5.57194 5.87537 6.05547 6.17261 6.25119 6.23895 6.26239 6.2578 6.25891 6.26017 6.25278 6.25215 6.24616 6.24056 6.23649 6.2455 6.23818 6.23164 6.24302 6.21098 6.20572 6.20917
-9999 -9999 -9999 -9999 -9999 -9999 -9999 -0.343769 3.32015 6.59244 8.41509 9.56225 10.1224 10.115 9.80842 9.4554 8.94623 8.023 6.86228 5.0258 3.66304 4.53281 5.58618 5.70741 6.41192 8.45272 9.14959 8.16105 5.71234 7.16064 8.76797 8.74153 8.60451 8.45199 8.25377 8.07987 7.69682 6.66483 3.49324 2.87954 1.64189 1.79349 1.16438 2.56855 2.0642 3.51083 4.14393 4.38935 3.07239 3.36313 4.93586 5.56056 5.46492 5.84996 6.21523 6.23301 6.24934 6.24623 6.2607 6.27084 6.27273 6.26792 6.2656 6.26711 6.24905 6.27248 6.16678 6.10255 5.95934 6.16418 6.19435 6.22968
-9999 -9999 -9999 -9999 -9999 -9999 -9999 -1.06668 2.59096 6.44469 7.68324 8.9199 9.98783 10.0112 9.54101 9.09426 8.6342 8.11004 6.70115 5.3349 4.03039 3.59416 3.85978 3.83417 4.97373 7.63283 8.14788 7.92833 5.37963 4.51618 6.66442 8.47016 8.61316 8.45098 6.32881 6.78471 5.6431 4.09435 3.67332 3.00077 1.57173 2.27312 1.22987 1.69148 1.58438 2.4099 2.81767 3.79679 2.64988 2.66517 4.20992 4.98979 5.01628 5.83338 6.12878 6.21088 6.23644 6.25691 6.26767 6.28826 6.28929 6.28653 6.28053 6.25219 6.17079 5.89896 4.3829 4.39688 4.83074 5.24175 5.98968 6.21024
-9999 -9999 -9999 -9999 -9999 -9999 -9999 -0.637761 1.90101 5.32085 7.85469 8.01588 9.24922 9.88728 9.37566 8.79948 8.21007 7.95435 6.42054 4.73525 3.374 1.76184 2.0301 3.19135 5.08196 6.80028 7.10815 6.75376 5.39015 6.0369 7.50274 8.28174 8.51266 8.33418 7.87429 7.61061 6.77124 6.41104 5.2454 3.42001 2.70625 3.17219 1.23563 1.38104 2.11008 1.35934 2.62942 3.24211 1.75786 2.9608 4.32282 5.02272 5.63516 5.92861 6.0496 6.23143 6.24294 6.26478 6.28029 6.28567 6.29401 6.27456 6.26044 6.10699 5.87634 4.45358 3.87857 4.00706 4.68083 5.27202 5.90762 6.16565
-9999 -9999 -9999 -9999 -9999 -9999 -9999 -0.199257 2.08689 5.05254 6.85978 7.18495 8.5525 9.76904 9.63629 9.03659 8.8562 8.23474 6.93427 5.49738 3.92636 3.16385 1.40704 3.14091 4.50501 5.96069 6.64225 5.52318 4.96047 5.961 6.95581 7.35433 8.35964 8.35281 8.02918 6.62373 5.94123 6.23731 5.94838 5.43835 4.18447 4.13647 3.33466 3.00783 2.69974 1.68242 2.34891 2.42393 2.61784 4.05178 4.76464 5.23968 5.6721 5.79094 5.98278 6.22953 6.25777 6.27365 6.2801 6.29243 6.28301 6.2234 6.17486 5.85578 5.28406 4.2092 2.47334 3.72313 5.02946 5.43432 5.8321 6.03686
-9999 -9999 -9999 -9999 -9999 -9999 -9999 -0.582349 1.84632 4.38136 5.44256 5.62468 8.09784 9.61333 9.61878 9.33603 9.00537 7.46538 7.55906 7.25344 5.83646 3.77096 1.50195 1.71706 3.07195 4.98601 5.62311 3.77079 3.11646 3.60145 5.10543 6.45217 7.85858 8.21828 7.81016 5.62041 3.29373 4.3807 5.54237 5.54277 5.21108 4.04882 3.6854 3.35743 2.51227 1.08217 1.29989 1.71082 3.34484 3.86477 4.66293 5.32688 5.08735 5.23951 5.87429 6.24156 6.26241 6.27619 6.29556 6.29502 6.2815 6.154 6.01874 5.7862 4.27977 3.3466 1.99429 3.60194 4.49517 4.99543 5.84555 6.05486
-9999 -9999 -9999 -9999 -9999 -9999 -9999 -1.32738 0.435738 2.859 3.83706 5.39593 7.7333 8.88439 9.43773 9.42858 9.20915 8.5212 8.10876 7.29299 5.81875 3.80173 1.55912 0.0997676 0.844617 3.42203 4.04358 2.32811 1.4594 2.54705 4.1502 6.52288 7.88007 8.06649 7.94804 7.50009 5.80281 3.75164 3.7647 4.8028 3.94671 2.95096 3.51042 3.41627 2.58148 1.97657 1.61452 1.86392 2.7962 3.18578 4.10653 5.46118 5.66197 5.63145 6.20587 6.24166 6.26227 6.29104 6.29782 6.30019 6.2909 6.18814 5.9483 4.94794 4.07683 2.86175 2.71915 4.16072 4.79975 5.39876 5.82 5.96287
-9999 -9999 -9999 -9999 -9999 -9999 -9999 -2.61457 -0.540448 1.72986 3.85593 5.86767 7.59957 7.73604 8.65094 8.65275 9.13356 8.99962 8.36197 7.67529 6.40539 3.81356 1.63437 -0.742618 -0.113433 2.52313 2.86531 1.72022 -0.397664 1.79509 4.21313 6.40513 7.59354 6.6686 7.62482 7.55128 6.91852 5.69967 3.80191 3.84427 2.42436 2.36938 3.10947 3.35496 3.24079 2.78853 2.06803 2.20735 2.77778 2.92887 3.77577 4.8286 5.85786 6.03732 6.23979 6.25571 6.26634 6.28965 6.29909 6.28523 6.24048 6.13232 5.29448 4.29674 3.68527 2.84081 2.74561 4.40147 5.07536 5.45921 5.82396 5.97278
-9999 -9999 -9999 -9999 -9999 -9999 -9999 -9999 -0.746442 1.59904 3.33541 3.80501 5.34484 6.17769 6.82287 6.96818 8.80372 8.9076 8.50432 7.87369 6.79091 4.82471 3.45536 1.17547 -0.462773 0.218447 0.52465 1.13041 0.955766 1.93563 4.25968 6.68104 6.94866 5.41694 5.64883 5.97495 6.70025 6.34031 3.75221 2.44047 1.35302 2.13686 2.96141 3.1666 3.21383 3.06393 2.90194 2.59828 3.70052 4.51829 4.71443 5.42823 5.95722 6.10905 6.22522 6.24625 6.26736 6.27497 6.25196 6.23723 6.11382 5.82826 4.88975 2.62247 2.73625 2.49787 1.79803 3.41458 4.45703 5.36835 5.85625 5.98796
-9999 -9999 -9999 -9999 -9999 -9999 -9999 -9999 -1.52019 1.1933 1.76867 1.72901 0.834435 1.25064 4.58105 5.25405 7.0145 8.6815 8.562 7.94328 6.93029 5.76016 3.94714 1.38277 -0.654465 -1.50776 0.687576 2.83745 3.28575 3.9773 5.40298 5.67711 4.11157 2.64395 3.47498 3.97761 5.87941 6.2309 5.86782 4.31086 2.53013 1.60383 2.71169 2.86594 2.93937 2.96006 2.94004 2.9111 4.15228 4.84322 5.3251 5.59126 6.0468 6.1694 6.214 6.25621 6.25566 6.23993 6.17648 6.10322 5.75656 5.33541 3.79303 2.50835 1.70998 0.694773 3.00642 3.70621 4.68159 5.30591 5.79097 5.9031
