Test_Spring_2018/03_18/Temp/20180302_017.txt
ncols	170
nrows	115
xllcorner	350000.000000
yllcorner	4445000.000000
cellsize	1000.000000
nodata_value	-9999.000000
[rows 32 to 63 of 115, columns 72 to 143 of 170]
11.8735 11.4786 12.059 12.5923 12.2314 11.9909 12.869 12.8564 12.538 11.8073 11.5316 11.2464 11.0672 10.134 7.53654 5.19393 6.43162 6.44975 5.57437 7.11143 6.28116 4.13439 1.10864 2.73351 2.29412 0.130169 -0.410679 -9999 -9999 -9999 -9999 -9999 -9999 -9999 -9999 -9999 -9999 -9999 -9999 -9999 -9999 -9999 -9999 -9999 -9999 -9999 -9999 -9999 -9999 -9999 -9999 -9999 -9999 -9999 -9999 -9999 -9999 -9999 -9999 -9999 -9999 -9999 -9999 -9999 -9999 -9999 -9999 -9999 -9999 -9999 -9999 -9999
11.3642 11.1878 12.0563 12.0258 11.9481 12.2399 12.7788 12.8773 12.7457 12.4202 12.1369 11.8366 11.0928 10.0269 7.80229 5.13734 4.524 5.81106 5.86161 6.05837 5.30047 4.35135 2.8733 4.06027 4.51306 3.08977 1.22837 0.0277667 -9999 -9999 -9999 -9999 -9999 -9999 -9999 -9999 -9999 -9999 -9999 -9999 -9999 -9999 -9999 -9999 -9999 -9999 -9999 -9999 -9999 -9999 -9999 -9999 -9999 -9999 -9999 -9999 -9999 -9999 -9999 -9999 -9999 -9999 -9999 -9999 -9999 -9999 -9999 -9999 -9999 -9999 -9999 -9999
10.7561 9.89055 10.4092 10.7955 11.5024 11.6714 11.7695 12.8071 12.7393 12.6787 12.2185 11.8483 11.2427 10.2165 8.76032 7.00935 3.969 5.82488 7.27539 7.22585 7.1334 6.46456 5.04391 6.20853 6.25044 4.43577 2.36643 1.15244 0.642929 -9999 -9999 -9999 -9999 -9999 -9999 -9999 -9999 -9999 -9999 -9999 -9999 -9999 -9999 -9999 -9999 -9999 -9999 -9999 -9999 -9999 -9999 -9999 -9999 -9999 -9999 -9999 -9999 -9999 -9999 -9999 -9999 -9999 -9999 -9999 -9999 -9999 -9999 -9999 -9999 -9999 -9999 -9999
10.0645 9.00968 9.53142 10.2316 11.2153 11.7091 12.0869 12.3886 12.6968 12.6471 12.1765 10.8096 10.6046 10.5346 9.5783 7.58371 5.59159 5.06674 7.28562 7.91186 7.76917 8.25447 7.0488 7.59895 7.35426 6.70303 4.71561 2.90209 2.14853 0.672168 -9999 -9999 -9999 -9999 -9999 -9999 -9999 -9999 -9999 -9999 -9999 -9999 -9999 -9999 -9999 -9999 -9999 -9999 -9999 -9999 -9999 -9999 -9999 -9999 -9999 -9999 -9999 -9999 -9999 -9999 -9999 -9999 -9999 -9999 -9999 -9999 -9999 -9999 -9999 -9999 -9999 -9999
-9999 -9999 8.34511 9.2934 10.0798 11.0405 11.87 12.2828 12.6837 12.6387 11.7099 11.2499 11.1994 10.569 9.4668 8.77073 7.51216 6.20112 6.68525 8.57523 7.71617 9.05084 8.92329 9.15719 8.24218 6.51369 4.21479 2.86091 2.18516 0.986236 -9999 -9999 -9999 -9999 -9999 -9999 -9999 -9999 -9999 -9999 -9999 -9999 -9999 -9999 -9999 -9999 -9999 -9999 -9999 -9999 -9999 -9999 -9999 -9999 -9999 -9999 -9999 -9999 -9999 -9999 -9999 -9999 -9999 -9999 -9999 -9999 -9999 -9999 -9999 -9999 -9999 -9999
-9999 -9999 -9999 9.1187 9.71405 11.0153 11.6667 11.9303 12.5844 12.5742 12.2153 11.9418 11.55 11.0416 10.2106 9.29477 8.11042 7.99001 9.19474 9.19712 8.92981 9.11615 9.72753 9.54851 8.1368 5.71214 4.42582 1.81218 0.691709 0.79213 -0.00516941 -9999 -9999 -9999 -9999 -9999 -9999 -9999 -9999 -9999 -9999 -9999 -9999 2.86982 -9999 -9999 -9999 -9999 -9999 -9999 -9999 -9999 -9999 -9999 -9999 -9999 -9999 -9999 -9999 -9999 -9999 -9999 -9999 -9999 -2.04685 -9999 -9999 -9999 -9999 -9999 -9999 -9999
-9999 -9999 9.02559 9.81919 10.445 11.2557 11.3142 11.7869 12.5407 12.5403 12.2826 11.9931 11.3561 11.1901 10.7125 9.71923 9.50685 9.89308 10.0641 10.2592 10.3739 10.2563 9.98886 9.64697 8.72599 7.59474 6.83066 4.4498 3.23283 2.07696 0.334829 -1.03029 -9999 -9999 -9999 -9999 -9999 -9999 -9999 2.00344 1.93043 1.95251 2.32329 3.36198 2.73824 -9999 -9999 -9999 -9999 -9999 -9999 -9999 -9999 -9999 -9999 -9999 -9999 -9999 -9999 -9999 -9999 -9999 -9999 -9999 -1.09762 -2.4691 -9999 -9999 -9999 -9999 -9999 -9999
-9999 -9999 9.23777 10.0876 10.5054 11.2923 11.7372 12.0115 12.2651 12.5074 12.4537 12.1347 11.6552 11.6476 10.9908 10.6315 10.3715 10.8981 10.9922 10.7633 10.4789 10.2253 9.53311 9.43971 9.19701 8.473 7.29446 6.08067 4.32237 1.96107 -0.354315 -2.22383 -9999 -9999 -9999 -9999 -9999 -9999 2.20812 3.0693 3.58192 2.46553 3.4038 4.26073 4.11431 3.26362 -9999 -9999 -9999 -9999 -9999 -9999 -9999 -9999 -9999 -9999 -9999 -9999 -9999 -9999 5.40119 3.99546 1.16542 -0.289978 -1.16707 -2.41513 -9999 -9999 -9999 -9999 -9999 -9999
-9999 -9999 9.0694 10.0752 10.7523 11.3521 11.4373 12.0497 12.3034 12.4283 12.4014 12.3297 12.233 11.6588 11.4059 10.5429 11.3473 11.3047 11.086 10.256 9.88816 8.47101 7.83875 7.67912 8.84291 7.95498 6.11855 3.82702 1.06908 0.872923 -0.045164 -1.71767 -9999 -9999 -9999 -9999 -9999 -9999 2.47762 3.39956 4.16788 4.27284 3.16345 4.69282 4.62247 3.75427 3.55106 4.24828 4.59786 4.31821 5.15022 5.38946 5.00214 5.41138 -9999 -9999 -9999 -9999 5.6176 5.66476 5.69781 5.10631 2.01529 -0.0990333 -1.99872 -2.18219 -9999 -9999 -9999 -9999 -9999 -9999
-9999 -9999 9.77787 10.3915 10.6951 10.7331 11.2702 11.8034 12.1222 12.3582 12.2978 12.2675 12.2362 12.0334 11.5752 11.6455 11.5985 11.3255 9.75804 7.92976 8.70741 7.61352 5.28843 7.14445 8.15769 7.153 4.9303 2.35585 1.49481 1.51146 0.239432 -1.39209 -9999 -9999 -9999 -0.0387583 1.28418 1.39142 1.77587 3.00867 3.94474 4.64767 5.12436 5.09881 4.58001 3.73075 2.80836 3.12649 4.76384 5.15727 5.48023 5.72864 5.36874 5.5474 5.97958 6.19894 6.23678 6.12465 6.092 6.1186 6.05647 5.50381 2.73618 1.14866 0.132131 -1.90007 -9999 -9999 -9999 -9999 -9999 -9999
-9999 -9999 9.38587 9.91743 10.3455 11.0638 11.1283 11.58 11.8406 12.2329 12.2687 11.7792 12.1659 12.1051 12.0214 11.8541 11.6132 10.289 8.46722 6.6401 5.7887 6.1292 4.7256 5.41945 6.44606 6.04501 4.67314 2.37741 2.03984 1.48759 -0.645462 -2.69577 -9999 -9999 -2.61409 -0.0678477 1.72283 2.64268 2.9222 2.94204 4.12378 4.20965 5.4826 5.17323 3.47236 3.65512 2.98785 3.40705 4.00501 4.16291 5.01871 5.84404 5.9946 5.99101 6.26355 6.31329 6.31992 6.30403 6.10515 6.18262 6.18621 5.83779 3.83078 2.84683 1.76536 -1.86749 -9999 -9999 -9999 -9999 -9999 -9999
-9999 -9999 9.66585 10.2614 10.9152 11.0095 11.4911 11.4268 11.2711 11.95 12.1871 11.8389 11.5859 12.0257 11.9852 11.9158 11.8072 10.5623 9.1224 6.94776 5.59057 4.7527 4.15311 3.35246 3.87094 3.68946 3.45219 3.68748 3.04056 1.7677 0.514019 -1.82029 -3.08699 -9999 -2.47764 -1.33393 0.797616 2.60838 3.75531 3.33257 4.6777 4.92135 5.69245 5.22712 4.19166 3.74428 3.6976 3.55522 4.45875 5.06374 5.48462 5.76668 6.11748 6.20186 6.28641 6.31706 6.3298 6.34235 6.32861 6.31192 6.26165 6.1243 5.19585 4.21507 2.1045 -1.74462 -9999 -9999 -9999 -9999 -9999 -9999
-9999 7.9116 9.5983 10.6065 10.9879 11.2595 11.4978 11.6671 11.8439 12.0107 12.1236 12.0575 11.1521 11.2163 11.3684 11.8677 11.8212 11.6986 10.906 8.26267 7.33834 5.99181 4.25485 3.51614 3.85753 5.24947 5.1684 4.21669 3.15846 1.69679 0.762396 -0.673641 -3.41754 -3.18396 -1.96537 -1.06039 0.385504 2.60098 4.15214 4.84044 5.0961 5.63543 5.91324 5.27997 4.67538 4.41706 3.94449 3.87176 3.86819 4.41136 4.82964 5.77823 6.09268 6.23064 6.29838 6.33111 6.35237 6.37267 6.37361 6.34572 6.33675 6.31901 6.24239 4.93818 1.69136 -0.757653 -9999 -9999 -9999 -9999 -9999 -9999
-9999 -9999 9.28465 9.71924 9.82184 10.0133 10.4212 10.8945 11.5691 11.6465 12.0158 12.0036 11.22 10.3193 11.0877 11.3872 11.6973 11.696 11.5835 9.35717 8.18589 7.25938 5.5928 6.16752 6.71428 6.73855 6.37886 4.35825 2.34609 0.0235942 -2.14034 -2.25824 -3.43035 -2.83167 -2.03042 0.0447923 1.50325 2.09019 2.51007 4.76357 5.34352 5.53967 6.11172 5.31592 5.10952 4.50978 4.67935 4.62068 4.61727 2.9675 4.60524 4.69622 5.76329 6.23927 6.34017 6.36252 6.38634 6.38295 6.38015 6.3657 6.36662 6.34104 6.31336 5.46218 1.34671 -0.725161 -9999 -9999 -9999 -9999 -9999 -9999
-9999 -9999 -9999 -9999 9.39832 9.72679 9.93268 10.3002 11.4525 11.7556 11.9541 11.9623 11.6088 10.7159 10.4749 10.6279 9.7566 10.4661 11.4396 11.4012 11.2664 9.30694 8.2935 9.23756 8.92619 7.44648 6.27782 5.12426 2.77112 1.03859 -1.43944 -3.30335 -3.38735 -1.36051 0.321073 2.42114 3.34332 2.80548 3.37219 4.48794 5.75679 6.36712 6.21539 5.37709 5.25424 4.33323 5.22558 5.29597 4.87131 4.50326 4.6371 5.16185 5.35786 6.19093 6.38705 6.41485 6.41339 6.4084 6.39579 6.38146 6.36182 6.34304 6.3212 6.27318 2.04311 -1.25066 -9999 -9999 -9999 -9999 -9999 -9999
-9999 -9999 -9999 -9999 8.58924 8.78343 9.31888 10.7171 11.4407 11.728 11.7075 11.836 11.5842 10.7984 9.99207 9.23113 8.2513 8.79537 10.251 11.1026 11.1858 9.4661 10.3329 9.98249 9.30931 7.37974 5.95252 5.18683 2.92667 0.984143 -0.67027 -2.94711 -1.99451 -0.942524 0.413894 2.7054 4.24982 4.8802 4.33726 5.04844 6.50971 6.51181 5.70313 5.7493 5.25415 3.99803 5.29297 5.65271 5.351 5.42086 5.30087 5.49219 5.84575 6.18337 6.40519 6.42837 6.42359 6.40756 6.39809 6.38955 6.36364 6.35501 6.33321 6.30173 3.56786 -1.31086 -9999 -9999 -9999 -9999 -9999 -9999
-9999 -9999 -9999 -9999 -9999 7.8381 9.07817 10.9386 11.3881 11.3343 11.7109 11.7346 11.3528 11.0206 10.0437 8.71204 6.16113 6.79787 8.13688 10.0716 11.0804 10.9259 10.3366 9.32853 6.91502 4.80013 4.52616 4.1637 2.50902 1.00761 -0.829935 0.209094 1.35005 2.60106 3.25357 3.07083 4.39287 5.47006 5.00226 5.87627 6.89734 6.42555 6.14419 5.90713 5.33593 5.29579 5.34868 6.08135 5.56364 5.87125 5.8693 5.84526 6.01381 6.20853 6.41307 6.43994 6.4321 6.42691 6.39322 6.39251 6.37074 6.34901 6.32823 6.29991 6.04366 3.41084 1.83418 -9999 -9999 -9999 -9999 -9999
-9999 -9999 -9999 -9999 -9999 6.68211 7.29349 9.49941 10.169 11.1382 11.6484 11.6627 11.0242 10.6644 9.21305 8.73641 6.37631 5.30087 6.19215 5.83293 8.50082 10.8586 10.3226 5.51219 3.75769 2.50054 2.79926 2.78307 2.30889 -0.230559 -0.940918 1.2964 2.70056 3.7866 4.60872 4.77211 4.73454 6.42411 6.64207 7.18691 7.06083 7.10598 6.24329 5.70722 6.16418 5.62399 5.52667 6.28377 5.5256 6.19899 6.10884 5.89838 5.88109 6.32203 6.4053 6.4452 6.43975 6.41342 6.38187 6.35955 6.36464 6.34835 6.31396 6.30569 6.27183 5.94928 4.58294 4.0996 4.6164 -9999 -9999 -9999
-9999 -9999 -9999 -9999 -9999 -9999 5.22511 8.29618 9.68948 10.4185 11.4505 11.5663 11.2212 10.6058 9.12749 7.82614 5.71528 3.30503 2.02061 5.81236 9.1095 10.8222 10.576 6.5692 4.97654 4.88487 5.79327 4.99213 4.38025 2.44507 1.85719 1.04749 1.52268 3.04105 4.28141 5.47824 6.34685 6.41061 6.9732 7.29238 7.31288 7.40928 7.30263 7.21456 6.38142 6.94672 6.45601 6.70707 6.53509 6.37903 6.2404 5.76088 6.08841 6.37734 6.44611 6.46161 6.43504 6.42197 6.40039 6.36352 6.34116 6.32986 6.31768 6.29316 6.28363 6.25846 6.09724 5.27175 4.1698 2.78008 -9999 -9999
-9999 -9999 -9999 -9999 -9999 -9999 3.68557 6.74174 8.20485 10.0974 11.0661 11.4518 11.3902 10.8897 9.76409 8.07406 6.66417 3.97456 1.18127 5.16191 8.70305 10.6076 10.6931 7.32134 8.233 7.46384 7.74871 6.35546 5.76631 5.29194 4.28861 3.19384 1.99752 1.36091 4.15883 5.5911 6.74286 7.28215 7.58438 7.73233 7.64138 7.42324 6.16941 7.11456 7.05721 6.95632 6.84143 6.78247 6.67741 6.55461 6.47579 6.44478 6.12372 6.47299 6.45669 6.45286 6.44568 6.42736 6.40054 6.3759 6.34761 6.33879 6.31612 6.29464 6.27701 6.26232 6.24316 6.1893 5.96349 4.1002 2.98227 2.66309
-9999 -9999 -9999 -9999 -9999 -9999 -0.626311 3.82617 7.399 9.26178 10.7735 11.1827 11.3299 10.661 10.1585 8.94419 7.79334 6.02253 3.37446 1.73873 4.71453 9.04663 10.6295 10.4854 10.368 9.4822 8.68207 8.56577 8.60733 7.67399 6.32983 4.58076 4.02706 3.40638 5.48738 5.76067 5.59828 7.89072 7.88831 7.75054 6.86368 5.86943 6.0503 5.43274 5.89307 5.15926 5.82139 6.39273 6.60177 6.57683 6.48939 6.47411 6.43191 6.48573 6.47618 6.45748 6.44094 6.42779 6.41006 6.37416 6.34984 6.35041 6.32319 6.3007 6.2761 6.26414 6.2501 6.20788 6.16875 5.8747 5.43715 4.61161
-9999 -9999 -9999 -9999 -9999 -9999 -0.433359 3.30586 6.47949 8.37484 10.2013 10.6174 11.2276 11.0842 10.5579 9.5008 8.18214 6.72268 4.44916 2.75566 4.74241 7.61275 9.66418 10.3862 10.358 10.2915 10.0783 9.97976 9.73419 9.54855 8.58142 6.93002 5.99071 4.6233 6.94385 7.1948 6.82019 7.97529 7.90878 6.14106 4.78066 4.60536 5.42138 4.62956 4.4842 3.98669 4.53235 6.00615 5.56861 5.64653 6.30649 6.40956 6.47258 6.48332 6.47006 6.4581 6.4378 6.43056 6.42322 6.38789 6.36669 6.35169 6.31721 6.30357 6.27707 6.25415 6.23037 6.20351 6.16703 6.07699 5.98127 6.0661
-9999 -9999 -9999 -9999 -9999 -9999 -0.351992 2.15334 5.00823 7.80582 9.75693 10.5379 11.104 11.0879 10.4773 9.94661 9.11588 7.83038 6.94459 5.41457 3.31858 6.79712 7.85165 8.78908 9.17608 10.1557 10.1144 9.64088 9.08253 9.55884 9.40046 8.08977 7.65002 6.91756 8.20302 8.1952 8.14919 8.07042 6.57483 4.4999 2.84029 4.02216 3.76684 4.30222 2.60374 3.99081 5.10354 5.45957 4.68913 4.11683 5.85092 6.13278 6.29667 6.39852 6.46237 6.4362 6.44527 6.42618 6.41222 6.39774 6.37392 6.35602 6.33202 6.30768 6.28386 6.26286 6.23419 6.20353 6.19294 6.13713 6.11107 6.08746
-9999 -9999 -9999 -9999 -9999 -9999 -9999 0.66673 4.28262 7.51596 9.31137 10.4367 10.9796 10.9591 10.6415 10.2774 9.75794 8.82719 7.66037 5.82278 4.45482 5.30138 6.33412 6.43387 7.11614 9.12426 9.79948 8.80308 6.35538 7.77133 9.35167 9.31161 9.16206 8.99717 8.78795 8.60145 8.20708 7.16848 4.0068 3.38067 2.13628 2.26958 1.62802 3.00269 2.47662 3.89315 4.50285 4.72826 3.40419 3.67026 5.20992 5.81415 5.70429 6.07165 6.41969 6.42299 6.42472 6.40684 6.40596 6.4002 6.38563 6.36319 6.34292 6.32579 6.2881 6.28094 6.15507 6.07021 5.90704 6.08935 6.09874 6.10073
-9999 -9999 -9999 -9999 -9999 -9999 -9999 -0.0638087 3.55147 7.36147 8.57724 9.79112 10.8375 10.8474 10.3674 9.91029 9.43952 8.90473 7.49188 6.12096 4.81103 4.36227 4.60968 4.56834 5.68243 8.30412 8.7991 8.56565 6.01185 5.14057 7.25731 9.03457 9.16251 8.98774 6.86851 7.30657 6.1595 4.60811 4.17496 3.49181 2.05775 2.73672 1.68465 2.12521 1.99267 2.79352 3.18012 4.13376 2.9787 2.97138 4.48304 5.24116 5.25232 6.04808 6.32646 6.39327 6.40386 6.40913 6.40436 6.40885 6.39337 6.37354 6.34993 6.30359 6.20413 5.91437 4.37934 4.37281 4.78285 5.17039 5.88419 6.07773
-9999 -9999 -9999 -9999 -9999 -9999 -9999 0.353728 2.85898 6.23842 8.73898 8.88579 10.0961 10.7157 10.1944 9.60885 9.00978 8.74138 7.20473 5.51753 4.15154 2.53648 2.78676 3.9229 5.78258 7.47115 7.76072 7.39356 6.01471 6.64145 8.08103 8.83949 9.05436 8.86315 8.39269 8.11668 7.26929 6.89689 5.72509 3.8984 3.17411 3.61978 1.68184 1.80909 2.51522 1.74363 2.98605 3.57655 2.0871 3.25278 4.58799 5.26674 5.85904 6.13514 6.24029 6.4058 6.40223 6.40869 6.40853 6.39793 6.3898 6.35362 6.32226 6.15222 5.9052 4.47523 3.87297 3.98074 4.62947 5.19641 5.79208 6.02962
-9999 -9999 -9999 -9999 -9999 -9999 -9999 0.780541 3.03513 5.96389 7.74351 8.05284 9.39613 10.5894 10.444 9.83503 9.64174 9.0106 7.70557 6.26497 4.69109 3.91912 2.1607 3.86509 5.20281 6.63096 7.29132 6.15412 5.58062 6.55816 7.53027 7.91104 8.89387 8.87266 8.53713 7.12827 6.43637 6.71498 6.41294 5.89124 4.63133 4.56742 3.75549 3.41459 3.09221 2.05624 2.70024 2.75765 2.92791 4.3277 5.01896 5.4746 5.88821 5.99094 6.16619 6.39591 6.40878 6.40921 6.40002 6.39634 6.37071 6.29492 6.22971 5.89577 5.31087 4.22656 2.47292 3.69369 4.97057 5.34562 5.71278 5.89786
-9999 -9999 -9999 -9999 -9999 -9999 -9999 0.392153 2.78809 5.2896 6.32902 6.49632 8.93628 10.4261 10.4176 10.1231 9.78076 8.23849 8.31664 7.99843 6.57755 4.51317 2.2468 2.44469 3.76973 5.65655 6.27284 4.40774 3.74325 4.2092 5.68622 7.0074 8.38788 8.73005 8.31049 6.12342 3.80036 4.86352 6.00057 5.98536 5.64048 4.47144 4.09469 3.75297 2.8981 1.45501 1.65184 2.04274 3.63494 4.13461 4.91051 5.55352 5.30045 5.43611 6.05061 6.39976 6.40518 6.40346 6.40708 6.3907 6.36117 6.21825 6.06733 5.8196 4.30788 3.36462 1.99401 3.56808 4.43571 4.89627 5.72167 5.91162
-9999 -9999 -9999 -9999 -9999 -9999 -9999 -0.355374 1.38032 3.77089 4.72775 6.26074 8.5659 9.69411 10.2292 10.206 9.97409 9.27715 8.85331 8.02916 6.55163 4.53549 2.29544 0.832334 1.55582 4.09737 4.69084 2.96845 2.09116 3.1548 4.72999 7.0687 8.40013 8.57017 8.43779 7.97849 6.27974 4.22978 4.22744 5.2418 4.37689 3.37327 3.9123 3.8028 2.95849 2.34217 1.95606 2.18145 3.08286 3.45329 4.35083 5.67899 5.86265 5.81699 6.3715 6.39171 6.39683 6.40996 6.40113 6.38774 6.36256 6.24443 5.99006 4.981 4.09993 2.87744 2.71872 4.11703 4.72464 5.29153 5.69185 5.81621
-9999 -9999 -9999 -9999 -9999 -9999 -9999 -1.64074 0.403497 2.64232 4.73799 6.72015 8.42462 8.54625 9.43997 9.42771 9.89046 9.74318 9.09604 8.40006 7.12535 4.53909 2.36205 -0.0113086 0.59746 3.19433 3.50896 2.35722 0.240567 2.40031 4.78366 6.94291 8.10667 7.17403 8.10758 8.0196 7.37682 6.15257 4.25474 4.28143 2.85739 2.78726 3.50572 3.7334 3.60419 3.13951 2.40089 2.51429 3.05671 3.19059 4.01488 5.04359 6.04904 6.2116 6.39705 6.39749 6.39268 6.40041 6.39428 6.36492 6.30476 6.18151 5.3342 4.32806 3.70493 2.8505 2.7392 4.35325 4.99284 5.34668 5.6913 5.82187
-9999 -9999 -9999 -9999 -9999 -9999 -9999 -9999 0.190829 2.50423 4.21328 4.66557 6.17947 6.9919 7.61803 7.74814 9.55487 9.64358 9.22901 8.58873 7.49974 5.5342 4.16058 1.88357 0.242958 0.893583 1.1789 1.76391 1.57481 2.53111 4.821 7.20754 7.45765 5.92287 6.13773 6.44612 7.15056 6.77842 4.19584 2.87938 1.78534 2.54756 3.35003 3.53795 3.56904 3.40448 3.21517 2.88681 3.96421 4.75948 4.93817 5.6305 6.13962 6.27469 6.37447 6.37994 6.38553 6.37772 6.33951 6.30944 6.17144 5.87245 4.92556 2.66032 2.75699 2.50415 1.79338 3.37112 4.3648 5.25183 5.71892 5.83278
-9999 -9999 -9999 -9999 -9999 -9999 -9999 -9999 -0.584888 2.09362 2.65093 2.59801 1.69689 2.09599 5.38595 6.03957 7.77185 9.41127 9.27829 8.64989 7.63019 6.4544 4.64067 2.0814 0.044911 -0.829687 1.33026 3.44916 3.87782 4.54786 5.9463 6.2025 4.63383 3.16246 3.97156 4.45501 6.32656 6.66023 6.28506 4.7255 2.9439 2.00983 3.09356 3.23114 3.28839 3.29317 3.25168 3.1934 4.40455 5.07398 5.53609 5.78429 6.22047 6.32648 6.35521 6.38168 6.36581 6.33494 6.25673 6.16876 5.80951 5.37626 3.83058 2.5404 1.73249 0.709306 2.98632 3.65482 4.58667 5.18529 5.64981 5.7445
