Test_Spring_2018/03_18/Temp/20180313_023.txt
ncols	170
nrows	115
xllcorner	350000.000000
yllcorner	4445000.000000
cellsize	1000.000000
nodata_value	-9999.000000
[rows 32 to 63 of 115, columns 72 to 143 of 170]
10.0752 9.76743 10.2331 10.6615 10.3949 10.2155 10.9228 10.9189 10.6725 10.0991 9.88639 9.66594 9.52939 8.79498 6.74126 4.88944 5.87569 5.89522 5.20653 6.4303 5.77764 4.0816 1.689 2.98317 2.64119 0.942013 0.519044 -9999 -9999 -9999 -9999 -9999 -9999 -9999 -9999 -9999 -9999 -9999 -9999 -9999 -9999 -9999 -9999 -9999 -9999 -9999 -9999 -9999 -9999 -9999 -9999 -9999 -9999 -9999 -9999 -9999 -9999 -9999 -9999 -9999 -9999 -9999 -9999 -9999 -9999 -9999 -9999 -9999 -9999 -9999 -9999 -9999
9.6641 9.52973 10.2237 10.2053 10.1578 10.406 10.8441 10.9282 10.8297 10.5774 10.3586 10.126 9.54177 8.70215 6.94395 4.83665 4.35569 5.38123 5.42668 5.58817 4.99306 4.24655 3.08096 4.02812 4.39346 3.27361 1.81208 0.870706 -9999 -9999 -9999 -9999 -9999 -9999 -9999 -9999 -9999 -9999 -9999 -9999 -9999 -9999 -9999 -9999 -9999 -9999 -9999 -9999 -9999 -9999 -9999 -9999 -9999 -9999 -9999 -9999 -9999 -9999 -9999 -9999 -9999 -9999 -9999 -9999 -9999 -9999 -9999 -9999 -9999 -9999 -9999 -9999
9.17467 8.49404 8.91079 9.22274 9.80293 9.95306 10.0368 10.8652 10.8172 10.7748 10.4155 10.1275 9.65269 8.84445 7.69534 6.31258 3.90778 5.38433 6.53968 6.50608 6.43866 5.91453 4.79461 5.72421 5.76398 4.33436 2.71219 1.75588 1.35789 -9999 -9999 -9999 -9999 -9999 -9999 -9999 -9999 -9999 -9999 -9999 -9999 -9999 -9999 -9999 -9999 -9999 -9999 -9999 -9999 -9999 -9999 -9999 -9999 -9999 -9999 -9999 -9999 -9999 -9999 -9999 -9999 -9999 -9999 -9999 -9999 -9999 -9999 -9999 -9999 -9999 -9999 -9999
8.61892 7.7884 8.20772 8.76854 9.56082 9.96993 10.2811 10.5261 10.7761 10.7422 10.3745 9.29624 9.13893 9.08858 8.33566 6.75977 5.18594 4.77537 6.53992 7.0422 6.93515 7.3261 6.37682 6.81955 6.63232 6.12344 4.55985 3.1366 2.54524 1.38071 -9999 -9999 -9999 -9999 -9999 -9999 -9999 -9999 -9999 -9999 -9999 -9999 -9999 -9999 -9999 -9999 -9999 -9999 -9999 -9999 -9999 -9999 -9999 -9999 -9999 -9999 -9999 -9999 -9999 -9999 -9999 -9999 -9999 -9999 -9999 -9999 -9999 -9999 -9999 -9999 -9999 -9999
-9999 -9999 7.26011 8.02431 8.65725 9.43281 10.1018 10.4349 10.7583 10.7281 9.99703 9.63746 9.60247 9.10777 8.23915 7.69255 6.70022 5.66649 6.05604 7.56025 6.88553 7.95003 7.85563 8.04791 7.32958 5.97032 4.15666 3.0979 2.56839 1.62391 -9999 -9999 -9999 -9999 -9999 -9999 -9999 -9999 -9999 -9999 -9999 -9999 -9999 -9999 -9999 -9999 -9999 -9999 -9999 -9999 -9999 -9999 -9999 -9999 -9999 -9999 -9999 -9999 -9999 -9999 -9999 -9999 -9999 -9999 -9999 -9999 -9999 -9999 -9999 -9999 -9999 -9999
-9999 -9999 -9999 7.87897 8.36034 9.39812 9.93352 10.1483 10.6723 10.6695 10.3902 10.1783 9.87254 9.47444 8.82065 8.09974 7.16622 7.07636 8.03722 8.0453 7.8399 7.99437 8.48602 8.3513 7.2405 5.3286 4.31616 2.26071 1.37891 1.46461 0.838385 -9999 -9999 -9999 -9999 -9999 -9999 -9999 -9999 -9999 -9999 -9999 -9999 3.1676 -9999 -9999 -9999 -9999 -9999 -9999 -9999 -9999 -9999 -9999 -9999 -9999 -9999 -9999 -9999 -9999 -9999 -9999 -9999 -9999 -0.68977 -9999 -9999 -9999 -9999 -9999 -9999 -9999
-9999 -9999 7.78534 8.43021 8.93289 9.58203 9.64207 10.0275 10.6306 10.6355 10.4362 10.2114 9.71114 9.58421 9.21035 8.42798 8.26489 8.57666 8.71824 8.87922 8.97688 8.89072 8.68606 8.4226 7.70386 6.8148 6.21672 4.33848 3.38795 2.47804 1.10305 0.0265362 -9999 -9999 -9999 -9999 -9999 -9999 -9999 2.46462 2.40982 2.43023 2.72689 3.55286 3.0609 -9999 -9999 -9999 -9999 -9999 -9999 -9999 -9999 -9999 -9999 -9999 -9999 -9999 -9999 -9999 -9999 -9999 -9999 -9999 0.0574489 -1.02855 -9999 -9999 -9999 -9999 -9999 -9999
-9999 -9999 7.95532 8.63602 8.97417 9.60461 9.96371 10.1988 10.4053 10.6024 10.5646 10.3163 9.9406 9.93903 9.42296 9.14296 8.94198 9.36506 9.44572 9.2708 9.05232 8.85865 8.31769 8.25163 8.07082 7.50506 6.57889 5.62458 4.24666 2.38152 0.552354 -0.923797 -9999 -9999 -9999 -9999 -9999 -9999 2.61951 3.30533 3.71465 2.83248 3.57889 4.26068 4.14698 3.47163 -9999 -9999 -9999 -9999 -9999 -9999 -9999 -9999 -9999 -9999 -9999 -9999 -9999 -9999 5.19735 4.08499 1.84341 0.691271 -0.00268023 -0.99096 -9999 -9999 -9999 -9999 -9999 -9999
-9999 -9999 7.81472 8.61943 9.16344 9.64587 9.72003 10.2158 10.429 10.533 10.5162 10.4637 10.3912 9.94024 9.74405 9.06457 9.70725 9.67909 9.51187 8.8606 8.57624 7.46059 6.96752 6.85263 7.78385 7.08869 5.64153 3.8334 1.66207 1.51467 0.79344 -0.526316 -9999 -9999 -9999 -9999 -9999 -9999 2.82945 3.56332 4.1752 4.26106 3.38414 4.59882 4.54241 3.85596 3.69657 4.25091 4.52966 4.3139 4.97343 5.16452 4.85909 5.18526 -9999 -9999 -9999 -9999 5.35953 5.3992 5.4276 4.96075 2.5123 0.837809 -0.66683 -0.81516 -9999 -9999 -9999 -9999 -9999 -9999
-9999 -9999 8.36937 8.86361 9.11191 9.14931 9.5819 10.0148 10.2791 10.4699 10.4265 10.4065 10.3856 10.2287 9.86958 9.92968 9.89718 9.6862 8.44967 7.00701 7.63069 6.77345 4.94027 6.42212 7.23457 6.44743 4.69465 2.6628 1.99532 2.01694 1.01547 -0.273092 -9999 -9999 -9999 0.819585 1.87207 1.96049 2.26833 3.24837 3.99297 4.55439 4.93458 4.91745 4.50451 3.83289 3.10324 3.35692 4.65635 4.96976 5.22984 5.42813 5.1444 5.28538 5.6301 5.80627 5.83864 5.75221 5.72875 5.7522 5.70516 5.26906 3.07916 1.82223 1.01758 -0.599412 -9999 -9999 -9999 -9999 -9999 -9999
-9999 -9999 8.05055 8.4799 8.827 9.40548 9.46355 9.82814 10.0436 10.3647 10.3972 10.0131 10.3232 10.2786 10.216 10.0875 9.90121 8.85677 7.41867 5.97705 5.3096 5.58837 4.48461 5.04544 5.86874 5.56379 4.48546 2.67488 2.41619 1.99226 0.309283 -1.30942 -9999 -9999 -1.22855 0.794082 2.21728 2.94973 3.17421 3.19253 4.13165 4.20187 5.21294 4.97035 3.62055 3.76685 3.24106 3.57469 4.04686 4.1736 4.85677 5.51177 5.6329 5.63206 5.8503 5.89212 5.89988 5.88986 5.73476 5.79862 5.80374 5.52957 3.94032 3.1617 2.30236 -0.579873 -9999 -9999 -9999 -9999 -9999 -9999
-9999 -9999 8.26643 8.7467 9.27296 9.35535 9.74432 9.70184 9.58726 10.1305 10.3268 10.0544 9.85714 10.209 10.1804 10.1293 10.0476 9.06594 7.93053 6.21353 5.14533 4.49011 4.02408 3.40104 3.82185 3.68791 3.50972 3.70599 3.20609 2.21108 1.22502 -0.618051 -1.61595 -9999 -1.12254 -0.211698 1.48163 2.92016 3.83205 3.49931 4.56769 4.76273 5.37642 5.0092 4.1868 3.83028 3.79445 3.68288 4.40057 4.88294 5.22106 5.44611 5.72541 5.79436 5.86369 5.89049 5.90324 5.9159 5.90769 5.89701 5.85949 5.75266 5.01835 4.23964 2.56721 -0.486538 -9999 -9999 -9999 -9999 -9999 -9999
-9999 6.8564 8.20688 9.01461 9.32524 9.54847 9.7448 9.88593 10.0348 10.1739 10.2678 10.222 9.50736 9.56128 9.68496 10.0843 10.0518 9.95966 9.33725 7.24882 6.52416 5.46635 4.09895 3.52484 3.80576 4.91959 4.86578 4.12167 3.29285 2.14828 1.41918 0.288172 -1.88026 -1.68941 -0.718504 0.003096 1.15282 2.91203 4.14415 4.6919 4.8964 5.32615 5.54788 5.04438 4.56341 4.35947 3.98583 3.92932 3.92785 4.36 4.69588 5.45036 5.70138 5.81249 5.8686 5.89719 5.91684 5.93578 5.93933 5.91987 5.91514 5.90313 5.84212 4.80916 2.23499 0.291153 -9999 -9999 -9999 -9999 -9999 -9999
-9999 -9999 7.95259 8.3059 8.3958 8.55572 8.88679 9.269 9.81246 9.87921 10.1766 10.1719 9.55572 8.84451 9.45651 9.69729 9.94715 9.95107 9.86778 8.11062 7.19026 6.46484 5.15352 5.62091 6.06505 6.09519 5.82099 4.23006 2.64557 0.818859 -0.887594 -0.972912 -1.89284 -1.41236 -0.772207 0.877035 2.03665 2.50478 2.83995 4.62821 5.08998 5.24486 5.69916 5.06911 4.90365 4.42883 4.56403 4.51853 4.5171 3.21088 4.51325 4.58706 5.43494 5.81504 5.89731 5.91781 5.93962 5.93992 5.94061 5.93189 5.93504 5.91551 5.89415 5.22008 1.95795 0.312961 -9999 -9999 -9999 -9999 -9999 -9999
-9999 -9999 -9999 -9999 8.05519 8.32393 8.495 8.79355 9.71567 9.9614 10.1234 10.134 9.8573 9.15366 8.9654 9.08985 8.40307 8.97061 9.74826 9.72491 9.62624 8.08215 7.29018 8.04919 7.8134 6.65167 5.73657 4.83335 2.97898 1.62014 -0.334947 -1.80402 -1.86306 -0.249824 1.08935 2.7583 3.49275 3.06915 3.52055 4.40602 5.41286 5.8974 5.77771 5.11372 5.01435 4.28467 4.99267 5.04938 4.71395 4.42374 4.53386 4.95158 5.10905 5.77187 5.93007 5.95513 5.95703 5.95617 5.94917 5.94059 5.92638 5.91305 5.89678 5.85924 2.50609 -0.107593 -9999 -9999 -9999 -9999 -9999 -9999
-9999 -9999 -9999 -9999 7.40916 7.57156 8.00398 9.1197 9.70206 9.93527 9.92376 10.0297 9.83356 9.2139 8.57791 7.97779 7.20495 7.64106 8.80086 9.48302 9.55715 8.20313 8.90168 8.63471 8.11228 6.59415 5.47432 4.87882 3.09842 1.57327 0.271326 -1.52484 -0.761971 0.078639 1.15948 2.98061 4.20828 4.71048 4.28201 4.84704 6.00621 6.00841 5.36775 5.40469 5.01009 4.01462 5.04165 5.32766 5.08968 5.14661 5.05548 5.20896 5.49142 5.7616 5.94028 5.96173 5.96113 5.9516 5.94714 5.9427 5.9242 5.91885 5.90251 5.87797 3.71074 -0.159424 -9999 -9999 -9999 -9999 -9999 -9999
-9999 -9999 -9999 -9999 -9999 6.81773 7.80872 9.29091 9.65595 9.6189 9.92218 9.94516 9.64607 9.3859 8.61462 7.56214 5.54384 6.05336 7.12066 8.6613 9.46914 9.35574 8.90005 8.11171 6.20972 4.54472 4.33913 4.06337 2.76304 1.58764 0.140661 0.973114 1.88541 2.88389 3.40681 3.26649 4.31793 5.17439 4.80536 5.49936 6.30948 5.9359 5.71312 5.52543 5.07047 5.03885 5.08126 5.66287 5.25369 5.49913 5.50159 5.48444 5.62033 5.77732 5.9424 5.96685 5.96387 5.96296 5.9392 5.94115 5.92589 5.91009 5.8945 5.87238 5.66909 3.57921 2.32822 -9999 -9999 -9999 -9999 -9999
-9999 -9999 -9999 -9999 -9999 5.89696 6.38953 8.14555 8.68513 9.45908 9.86838 9.88394 9.38148 9.0998 7.95231 7.57766 5.71037 4.8632 5.57552 5.29766 7.42048 9.2985 8.88484 5.08224 3.7025 2.71729 2.96556 2.96419 2.59958 0.601325 0.0478562 1.83021 2.95117 3.81892 4.47632 4.61031 4.58405 5.92579 6.10065 6.53371 6.43445 6.47062 5.78699 5.36225 5.72231 5.2943 5.21765 5.81867 5.21892 5.75438 5.68702 5.52217 5.51084 5.86309 5.93209 5.9669 5.96567 5.94806 5.92595 5.91075 5.91673 5.9052 5.87877 5.87252 5.8455 5.58697 4.50273 4.11827 4.52652 -9999 -9999 -9999
-9999 -9999 -9999 -9999 -9999 -9999 4.74542 7.18716 8.30048 8.88406 9.70706 9.80328 9.53391 9.04948 7.88083 6.85258 5.18297 3.27659 2.26585 5.27835 7.89979 9.26619 9.0821 5.91618 4.66443 4.6028 5.33409 4.71022 4.23623 2.71688 2.26037 1.62724 2.01175 3.22241 4.2107 5.16416 5.85628 5.90931 6.35682 6.612 6.629 6.70587 6.62161 6.55206 5.88949 6.33789 5.94948 6.14944 6.01445 5.89247 5.78683 5.40878 5.67085 5.90266 5.96019 5.97501 5.95739 5.95024 5.93598 5.90912 5.89339 5.88578 5.87694 5.85783 5.85014 5.82739 5.69857 5.04302 4.16824 3.06534 -9999 -9999
-9999 -9999 -9999 -9999 -9999 -9999 3.52049 5.95027 7.11898 8.62487 9.39762 9.70879 9.6639 9.27071 8.3819 7.04575 5.93197 3.80424 1.59499 4.75752 7.57481 9.09299 9.16999 6.50864 7.24165 6.64256 6.87917 5.78553 5.32917 4.96766 4.18155 3.32225 2.38193 1.88279 4.10656 5.24667 6.1633 6.5934 6.83467 6.95293 6.88346 6.71123 5.71775 6.46738 6.41987 6.34032 6.24997 6.20429 6.12245 6.02693 5.96887 5.94643 5.69442 5.97286 5.96281 5.96324 5.96091 5.94952 5.93101 5.91379 5.89318 5.88787 5.87059 5.85395 5.83995 5.82559 5.80957 5.76591 5.58588 4.10783 3.22072 2.96471
-9999 -9999 -9999 -9999 -9999 -9999 0.0978857 3.63435 6.47498 7.95743 9.16231 9.49127 9.61201 9.08564 8.69099 7.73218 6.82394 5.42468 3.33061 2.03972 4.40707 7.84878 9.11632 9.0131 8.92993 8.23786 7.61387 7.53197 7.5751 6.84953 5.79313 4.41496 3.98178 3.49651 5.1519 5.37327 5.24825 7.06821 7.0682 6.96021 6.25791 5.47312 5.61701 5.12847 5.49145 4.91038 5.43614 5.89025 6.05752 6.03967 5.97497 5.96299 5.9324 5.97744 5.97322 5.96176 5.95189 5.94448 5.93309 5.90688 5.88939 5.89117 5.8709 5.85352 5.83408 5.82201 5.8103 5.77614 5.74439 5.51059 5.16312 4.50588
-9999 -9999 -9999 -9999 -9999 -9999 0.245281 3.21924 5.74128 7.2513 8.70426 9.03878 9.5268 9.41722 9.00399 8.17004 7.12897 5.97668 4.17957 2.84286 4.42416 6.70915 8.34343 8.92648 8.91779 8.87466 8.71531 8.6463 8.46155 8.3288 7.5708 6.26755 5.53029 4.45288 6.29803 6.50167 6.20849 7.12704 7.07645 5.67668 4.59932 4.4611 5.11213 4.48517 4.36796 3.97526 4.4089 5.57855 5.23054 5.29447 5.82266 5.90688 5.9587 5.97032 5.96304 5.95678 5.94381 5.94096 5.93772 5.9119 5.89689 5.88637 5.86002 5.85024 5.82947 5.80866 5.7898 5.76814 5.73882 5.66707 5.58841 5.65294
-9999 -9999 -9999 -9999 -9999 -9999 0.301007 2.30092 4.57016 6.79563 8.34746 8.97137 9.42464 9.41617 8.93639 8.51993 7.86584 6.85159 6.1546 4.94746 3.29224 6.05659 6.90319 7.65665 7.97042 8.75633 8.73322 8.36761 7.94373 8.32997 8.21022 7.17884 6.83724 6.26291 7.28739 7.28586 7.25323 7.19386 6.01067 4.36768 3.05348 3.99145 3.79002 4.21935 2.87118 3.96862 4.85177 5.13544 4.528 4.07654 5.45635 5.68114 5.81387 5.89761 5.95133 5.93367 5.94384 5.93149 5.92292 5.9136 5.89653 5.88378 5.86586 5.84737 5.82936 5.81026 5.78743 5.76039 5.7517 5.70831 5.68775 5.66647
-9999 -9999 -9999 -9999 -9999 -9999 -9999 1.11376 3.98915 6.55803 7.98672 8.88389 9.31912 9.30752 9.06034 8.77623 8.36905 7.63609 6.71634 5.2653 4.18706 4.86482 5.69429 5.78372 6.33302 7.93367 8.47793 7.69719 5.77166 6.90017 8.16088 8.13661 8.02498 7.90052 7.74213 7.59891 7.29019 6.47011 3.96645 3.47013 2.48523 2.59215 2.08469 3.17984 2.76109 3.88506 4.36968 4.54997 3.50231 3.71863 4.94007 5.42162 5.33734 5.63152 5.91163 5.9172 5.92142 5.90993 5.91166 5.90925 5.89954 5.88183 5.86686 5.8541 5.82508 5.81695 5.71724 5.65002 5.52076 5.66547 5.67325 5.67179
-9999 -9999 -9999 -9999 -9999 -9999 -9999 0.533089 3.4049 6.4308 7.39999 8.36742 9.20185 9.21452 8.83872 8.48104 8.11265 7.6937 6.579 5.49791 4.4656 4.1164 4.31954 4.30073 5.19186 7.27835 7.67917 7.50263 5.49025 4.80733 6.49271 7.90858 8.01653 7.88395 6.20935 6.56124 5.65594 4.42948 4.08888 3.54961 2.41471 2.95456 2.12207 2.47275 2.37091 3.00707 3.31504 4.07275 3.15915 3.15886 4.35805 4.96152 4.97306 5.60669 5.83026 5.88609 5.89725 5.90401 5.90258 5.90823 5.89778 5.8836 5.86617 5.83051 5.75256 5.52369 4.30449 4.29974 4.62524 4.93299 5.4959 5.64995
-9999 -9999 -9999 -9999 -9999 -9999 -9999 0.859574 2.85131 5.53581 7.5234 7.64498 8.60941 9.10544 8.69711 8.23775 7.76779 7.56012 6.34734 5.01553 3.9387 2.66483 2.87001 3.77781 5.26641 6.61274 6.85022 6.56715 5.48566 5.98971 7.13782 7.74566 7.92217 7.77627 7.40847 7.19425 6.52652 6.23477 5.30885 3.86337 3.29143 3.64668 2.1123 2.21495 2.77649 2.16838 3.15495 3.62491 2.44631 3.37452 4.43518 4.97567 5.44779 5.66936 5.75548 5.88942 5.88926 5.8969 5.89912 5.89284 5.8883 5.86131 5.83795 5.70447 5.50984 4.37738 3.89792 3.98413 4.4992 4.9495 5.41839 5.6081
-9999 -9999 -9999 -9999 -9999 -9999 -9999 1.1934 2.9863 5.31343 6.72949 6.97988 8.04977 9.00067 8.8903 8.41252 8.26432 7.76917 6.74004 5.6037 4.36201 3.75631 2.36899 3.72697 4.80182 5.9413 6.47226 5.58242 5.13476 5.91644 6.69356 7.00162 7.78656 7.77517 7.51417 6.40185 5.85738 6.08179 5.8455 5.43472 4.43846 4.39007 3.74857 3.48039 3.22688 2.40965 2.922 2.96949 3.10544 4.22038 4.77056 5.13412 5.4645 5.54853 5.6901 5.87484 5.88762 5.89044 5.88551 5.88478 5.86648 5.80825 5.75827 5.49512 5.03294 4.17478 2.78288 3.75172 4.76506 5.06275 5.35148 5.49986
-9999 -9999 -9999 -9999 -9999 -9999 -9999 0.881002 2.78581 4.77416 5.60339 5.74117 7.6804 8.86634 8.86465 8.63616 8.36987 7.15252 7.21985 6.97322 5.85275 4.22244 2.4323 2.59584 3.65592 5.16338 5.65903 4.19176 3.67158 4.04733 5.22434 6.27753 7.3774 7.65384 7.32606 5.59676 3.75927 4.60567 5.51028 5.50118 5.2305 4.30631 4.01002 3.74142 3.06601 1.92197 2.08446 2.39638 3.6628 4.06092 4.67815 5.19017 4.99198 5.10201 5.59168 5.87101 5.87783 5.87893 5.88417 5.87345 5.85219 5.74092 5.62321 5.42866 4.23206 3.48601 2.39837 3.64722 4.33647 4.69829 5.35441 5.50689
-9999 -9999 -9999 -9999 -9999 -9999 -9999 0.283878 1.66518 3.5655 4.32921 5.54952 7.38187 8.2812 8.71034 8.69702 8.51827 7.97103 7.64044 6.99273 5.82729 4.23514 2.46573 1.31242 1.89262 3.92186 4.39775 3.04459 2.35541 3.20463 4.45915 6.31866 7.3794 7.51919 7.41891 7.05915 5.71653 4.0952 4.09672 4.90391 4.22118 3.4283 3.85815 3.77382 3.10694 2.62077 2.31908 2.49882 3.21865 3.5143 4.2279 5.28298 5.43089 5.3971 5.83913 5.85763 5.86418 5.87705 5.87246 5.8642 5.84653 5.7551 5.5556 4.75779 4.06138 3.09428 2.9704 4.0774 4.55992 5.00718 5.32659 5.42732
-9999 -9999 -9999 -9999 -9999 -9999 -9999 -0.739632 0.886145 2.66607 4.33244 5.90875 7.26488 7.36626 8.07969 8.07499 8.44692 8.3354 7.82779 7.28165 6.27696 4.23281 2.51326 0.638265 1.12737 3.19548 3.46077 2.55391 0.882037 2.5999 4.49481 6.21183 7.13945 6.40497 7.14953 7.08404 6.57847 5.6117 4.11072 4.1351 3.00927 2.95652 3.52875 3.71183 3.61192 3.24604 2.66082 2.75623 3.19132 3.29943 3.9549 4.77252 5.57178 5.70295 5.85233 5.85511 5.85376 5.86237 5.85999 5.83917 5.79392 5.69862 5.02931 4.23407 3.7424 3.06734 2.98134 4.26023 4.7678 5.04645 5.32196 5.42783
-9999 -9999 -9999 -9999 -9999 -9999 -9999 -9999 0.712827 2.55178 3.91158 4.27508 5.48007 6.12899 6.63026 6.73838 8.17566 8.25119 7.92793 7.42593 6.56844 5.0163 3.93357 2.13487 0.840797 1.3653 1.60784 2.07755 1.93348 2.69719 4.51783 6.41485 6.61806 5.40612 5.58086 5.8295 6.39184 6.10054 4.0568 3.01653 2.15239 2.75954 3.39846 3.5501 3.57733 3.44939 3.29923 3.04811 3.90405 4.53638 4.68002 5.23089 5.6366 5.74589 5.8273 5.83401 5.84089 5.83721 5.80946 5.78821 5.68141 5.447 4.69899 2.9059 2.98508 2.78717 2.22624 3.47833 4.2611 4.96681 5.33964 5.43249
-9999 -9999 -9999 -9999 -9999 -9999 -9999 -9999 0.0931536 2.22143 2.66816 2.63107 1.92158 2.24277 4.85558 5.37863 6.75685 8.06161 7.96154 7.46895 6.66638 5.74028 4.30866 2.28621 0.67828 -0.00412962 1.71693 3.40754 3.75307 4.28976 5.40362 5.61178 4.37312 3.21134 3.85704 4.24437 5.73184 6.00003 5.70612 4.47317 3.06405 2.32661 3.18853 3.30031 3.3483 3.3546 3.32356 3.28047 4.24646 4.77896 5.14716 5.34585 5.69364 5.7798 5.8048 5.82811 5.81797 5.79604 5.73667 5.66965 5.38764 5.047 3.82457 2.80466 2.16704 1.35876 3.16651 3.69814 4.43327 4.90963 5.28065 5.35851
