Test_Spring_2018/03_18/Temp/20180318_012.txt
ncols	170
nrows	115
xllcorner	350000.000000
yllcorner	4445000.000000
cellsize	1000.000000
nodata_value	-9999.000000
[rows 32 to 63 of 115, columns 72 to 143 of 170]
14.828 14.7149 14.9099 15.0898 14.9692 14.8966 15.1782 15.1853 15.0959 14.8764 14.8012 14.7233 14.6792 14.397 13.5885 12.8608 13.2658 13.2851 13.0217 13.5214 13.272 12.6061 11.662 12.1887 12.0624 11.3773 11.216 -9999 -9999 -9999 -9999 -9999 -9999 -9999 -9999 -9999 -9999 -9999 -9999 -9999 -9999 -9999 -9999 -9999 -9999 -9999 -9999 -9999 -9999 -9999 -9999 -9999 -9999 -9999 -9999 -9999 -9999 -9999 -9999 -9999 -9999 -9999 -9999 -9999 -9999 -9999 -9999 -9999 -9999 -9999 -9999 -9999
14.6701 14.6261 14.9124 14.914 14.8908 14.9786 15.1532 15.1955 15.1654 15.0741 14.9966 14.914 14.6914 14.3671 13.6766 12.8469 12.6663 13.0869 13.1163 13.192 12.9655 12.6784 12.2238 12.6121 12.7681 12.3268 11.738 11.3616 -9999 -9999 -9999 -9999 -9999 -9999 -9999 -9999 -9999 -9999 -9999 -9999 -9999 -9999 -9999 -9999 -9999 -9999 -9999 -9999 -9999 -9999 -9999 -9999 -9999 -9999 -9999 -9999 -9999 -9999 -9999 -9999 -9999 -9999 -9999 -9999 -9999 -9999 -9999 -9999 -9999 -9999 -9999 -9999
14.4812 14.2192 14.3948 14.5283 14.7457 14.7952 14.8373 15.1769 15.1669 15.1595 15.0261 14.9214 14.7425 14.4308 13.9834 13.4428 12.4944 13.095 13.5672 13.5649 13.549 13.3505 12.9141 13.2953 13.3213 12.7527 12.0917 11.721 11.5734 -9999 -9999 -9999 -9999 -9999 -9999 -9999 -9999 -9999 -9999 -9999 -9999 -9999 -9999 -9999 -9999 -9999 -9999 -9999 -9999 -9999 -9999 -9999 -9999 -9999 -9999 -9999 -9999 -9999 -9999 -9999 -9999 -9999 -9999 -9999 -9999 -9999 -9999 -9999 -9999 -9999 -9999 -9999
14.2661 13.9441 14.1206 14.3534 14.6668 14.8193 14.9412 15.0479 15.1568 15.1529 15.0162 14.5962 14.5441 14.535 14.2456 13.628 13.0113 12.8588 13.5741 13.7856 13.7537 13.9203 13.5519 13.7387 13.674 13.4766 12.8488 12.2781 12.0532 11.5999 -9999 -9999 -9999 -9999 -9999 -9999 -9999 -9999 -9999 -9999 -9999 -9999 -9999 -9999 -9999 -9999 -9999 -9999 -9999 -9999 -9999 -9999 -9999 -9999 -9999 -9999 -9999 -9999 -9999 -9999 -9999 -9999 -9999 -9999 -9999 -9999 -9999 -9999 -9999 -9999 -9999 -9999
-9999 -9999 13.749 14.0514 14.3053 14.6114 14.876 15.0177 15.1559 15.1534 14.8717 14.7386 14.7354 14.549 14.2136 14.0069 13.6223 13.2211 13.3877 13.999 13.7405 14.1758 14.1484 14.2351 13.9583 13.4113 12.6941 12.2686 12.0683 11.7026 -9999 -9999 -9999 -9999 -9999 -9999 -9999 -9999 -9999 -9999 -9999 -9999 -9999 -9999 -9999 -9999 -9999 -9999 -9999 -9999 -9999 -9999 -9999 -9999 -9999 -9999 -9999 -9999 -9999 -9999 -9999 -9999 -9999 -9999 -9999 -9999 -9999 -9999 -9999 -9999 -9999 -9999
-9999 -9999 -9999 13.9996 14.1931 14.615 14.815 14.9093 15.1274 15.1358 15.0344 14.9603 14.8491 14.7015 14.452 14.1758 13.8148 13.7904 14.185 14.1992 14.128 14.2 14.4063 14.3623 13.9243 13.1614 12.767 11.9403 11.5992 11.6445 11.406 -9999 -9999 -9999 -9999 -9999 -9999 -9999 -9999 -9999 -9999 -9999 -9999 12.5104 -9999 -9999 -9999 -9999 -9999 -9999 -9999 -9999 -9999 -9999 -9999 -9999 -9999 -9999 -9999 -9999 -9999 -9999 -9999 -9999 11.297 -9999 -9999 -9999 -9999 -9999 -9999 -9999
-9999 -9999 13.9718 14.2199 14.4277 14.694 14.7149 14.8669 15.1163 15.1277 15.0581 14.979 14.7904 14.7511 14.6135 14.313 14.2596 14.3956 14.4634 14.5387 14.5883 14.5642 14.4924 14.3968 14.106 13.7604 13.531 12.7878 12.4062 12.0539 11.5165 11.0986 -9999 -9999 -9999 -9999 -9999 -9999 -9999 12.1778 12.1701 12.1925 12.3252 12.6692 12.4872 -9999 -9999 -9999 -9999 -9999 -9999 -9999 -9999 -9999 -9999 -9999 -9999 -9999 -9999 -9999 -9999 -9999 -9999 -9999 11.5995 11.1838 -9999 -9999 -9999 -9999 -9999 -9999
-9999 -9999 14.0306 14.3088 14.4503 14.7085 14.8587 14.9407 15.0316 15.1195 15.1144 15.0259 14.8872 14.8981 14.7041 14.6044 14.5361 14.7167 14.7604 14.7016 14.625 14.5579 14.3516 14.3345 14.2587 14.0417 13.6808 13.3089 12.7539 12.0201 11.3012 10.7236 -9999 -9999 -9999 -9999 -9999 -9999 12.2299 12.5178 12.6955 12.3578 12.6701 12.9565 12.9255 12.6702 -9999 -9999 -9999 -9999 -9999 -9999 -9999 -9999 -9999 -9999 -9999 -9999 -9999 -9999 13.5863 13.1591 12.2816 11.8391 11.5798 11.2032 -9999 -9999 -9999 -9999 -9999 -9999
-9999 -9999 13.9819 14.3089 14.5318 14.7302 14.766 14.9616 15.046 15.0965 15.0997 15.0895 15.0719 14.9038 14.8377 14.5789 14.8476 14.8484 14.7933 14.5446 14.4417 14.0064 13.8191 13.7704 14.1503 13.8811 13.3118 12.5987 11.7292 11.6785 11.4014 10.886 -9999 -9999 -9999 -9999 -9999 -9999 12.3178 12.6251 12.8837 12.9325 12.597 13.0962 13.0877 12.8285 12.7795 13.0154 13.1413 13.0639 13.3452 13.4366 13.3299 13.4752 -9999 -9999 -9999 -9999 13.6221 13.654 13.6817 13.5122 12.5522 11.9014 11.3188 11.2802 -9999 -9999 -9999 -9999 -9999 -9999
-9999 -9999 14.2107 14.413 14.517 14.5371 14.7152 14.8854 14.9906 15.0754 15.0681 15.0711 15.0744 15.024 14.8933 14.9301 14.9299 14.8581 14.3767 13.8124 14.072 13.7387 13.0097 13.6052 13.9372 13.6307 12.9388 12.1358 11.8664 11.8829 11.4936 10.9913 -9999 -9999 -9999 11.478 11.9119 11.9614 12.0988 12.5045 12.8164 13.0539 13.2202 13.2246 13.0774 12.8241 12.5475 12.6634 13.1965 13.3361 13.452 13.5461 13.4479 13.5212 13.6737 13.759 13.7871 13.7681 13.7745 13.7999 13.7976 13.6404 12.7819 12.298 11.9949 11.3797 -9999 -9999 -9999 -9999 -9999 -9999
-9999 -9999 14.0902 14.2661 14.4092 14.6419 14.6702 14.8215 14.907 15.0374 15.0603 14.918 15.0537 15.0484 15.0365 14.9984 14.9372 14.5332 13.9715 13.4078 13.1523 13.2683 12.8366 13.0647 13.4008 13.2834 12.8593 12.1442 12.0488 11.8787 11.2159 10.5808 -9999 -9999 10.65 11.4707 12.0527 12.3594 12.4638 12.486 12.8757 12.9187 13.337 13.2522 12.7308 12.804 12.6072 12.7549 12.9602 13.0251 13.3076 13.5859 13.6489 13.6633 13.7651 13.7966 13.8148 13.8261 13.7798 13.8214 13.84 13.7475 13.1307 12.8379 12.5151 11.3922 -9999 -9999 -9999 -9999 -9999 -9999
-9999 -9999 14.1804 14.376 14.59 14.6271 14.7871 14.7743 14.728 14.9528 15.0359 14.9382 14.8716 15.025 15.0269 15.0202 15.0011 14.6225 14.182 13.5085 13.0931 12.837 12.6595 12.4132 12.5884 12.5419 12.4776 12.5629 12.3673 11.9694 11.5854 10.8596 10.4728 -9999 10.6949 11.072 11.762 12.3507 12.7296 12.612 13.0535 13.1465 13.4041 13.2723 12.9614 12.836 12.8364 12.8065 13.1072 13.3126 13.4575 13.562 13.6897 13.7317 13.7739 13.7992 13.8192 13.8394 13.8517 13.8635 13.8651 13.8395 13.5641 13.2729 12.6243 11.4329 -9999 -9999 -9999 -9999 -9999 -9999
-9999 13.6287 14.1635 14.489 14.6161 14.7087 14.7911 14.8522 14.9113 14.973 15.0196 15.0087 14.7358 14.7706 14.8338 15.0072 15.0081 14.9849 14.7493 13.9279 13.6462 13.2314 12.6939 12.4688 12.5876 13.0384 13.0232 12.7326 12.4085 11.9511 11.6658 11.2246 10.3699 10.4582 10.8587 11.1604 11.6336 12.3505 12.8574 13.0914 13.1885 13.3735 13.4771 13.2929 13.1182 13.0518 12.9175 12.9094 12.9231 13.1096 13.2537 13.568 13.6826 13.7426 13.7793 13.8051 13.8277 13.8503 13.8672 13.8755 13.8902 13.9026 13.897 13.5034 12.4982 11.7496 -9999 -9999 -9999 -9999 -9999 -9999
-9999 -9999 14.0684 14.2119 14.2503 14.317 14.4525 14.6093 14.8257 14.8598 14.9874 14.9948 14.7589 14.4886 14.747 14.8575 14.9715 14.987 14.9668 14.2741 13.9169 13.6363 13.121 13.3112 13.4947 13.5126 13.4089 12.7798 12.1535 11.4239 10.7514 10.7267 10.368 10.5715 10.8399 11.5119 11.9892 12.1911 12.3403 13.0696 13.2683 13.3467 13.5435 13.3074 13.2586 13.0842 13.1529 13.1492 13.1627 12.6554 13.1853 13.2289 13.5813 13.7463 13.7943 13.8167 13.8399 13.855 13.8707 13.8832 13.9011 13.9113 13.9232 13.6734 12.3913 11.7619 -9999 -9999 -9999 -9999 -9999 -9999
-9999 -9999 -9999 -9999 14.1192 14.2289 14.3001 14.4231 14.7906 14.8959 14.9693 14.9837 14.885 14.6161 14.5554 14.6198 14.3603 14.6004 14.9224 14.9244 14.8951 14.2878 13.9765 14.2859 14.1977 13.7396 13.3797 13.0246 12.2902 11.7472 10.9752 10.398 10.3846 11.0397 11.5858 12.2657 12.5735 12.4197 12.6155 12.9845 13.4022 13.6114 13.5793 13.3298 13.3074 13.0313 13.3286 13.3657 13.2459 13.1439 13.1981 13.3787 13.4555 13.7338 13.8109 13.8351 13.8503 13.8648 13.8774 13.89 13.9024 13.9152 13.9275 13.932 12.6138 11.598 -9999 -9999 -9999 -9999 -9999 -9999
-9999 -9999 -9999 -9999 13.8661 13.933 14.1083 14.5572 14.789 14.8892 14.8933 14.9458 14.8793 14.6451 14.4052 14.1806 13.8866 14.0743 14.5498 14.8334 14.873 14.3415 14.625 14.5248 14.322 13.7215 13.2797 13.0471 12.342 11.7326 11.2209 10.513 10.8275 11.1741 11.6179 12.3581 12.8627 13.0786 12.9232 13.1647 13.6433 13.6602 13.4203 13.4506 13.3104 12.9284 13.353 13.4815 13.4006 13.437 13.4108 13.486 13.6124 13.7339 13.819 13.8416 13.8557 13.8667 13.8802 13.8951 13.9051 13.9211 13.9336 13.9434 13.0987 11.5815 -9999 -9999 -9999 -9999 -9999 -9999
-9999 -9999 -9999 -9999 -9999 13.6367 14.0349 14.6299 14.7751 14.7674 14.8971 14.9165 14.8089 14.7181 14.4245 14.0193 13.2284 13.4455 13.8841 14.5103 14.8428 14.8064 14.6293 14.3211 13.5677 12.9085 12.8315 12.7265 12.2128 11.7429 11.1733 11.5142 11.8882 12.2978 12.5189 12.4765 12.9108 13.2679 13.1365 13.4295 13.7689 13.6359 13.5629 13.5036 13.3394 13.342 13.3737 13.6202 13.4709 13.5825 13.5937 13.6006 13.6685 13.7447 13.8243 13.848 13.8611 13.8755 13.8815 13.8987 13.91 13.922 13.9348 13.9457 13.8848 13.0781 12.6005 -9999 -9999 -9999 -9999 -9999
-9999 -9999 -9999 -9999 -9999 13.2738 13.4733 14.1778 14.3927 14.7087 14.8808 14.8972 14.7084 14.6087 14.1648 14.0301 13.2997 12.9747 13.2716 13.1722 14.0295 14.7879 14.6277 13.1167 12.572 12.1842 12.2884 12.293 12.1528 11.3545 11.1415 11.8616 12.3188 12.6762 12.9509 13.0179 13.0221 13.5731 13.6583 13.8472 13.8237 13.8543 13.5974 13.4435 13.6046 13.449 13.4333 13.6875 13.4621 13.6894 13.6727 13.6206 13.6297 13.7839 13.8251 13.8529 13.8669 13.8745 13.8812 13.8916 13.9114 13.9251 13.9337 13.9509 13.9604 13.8845 13.4733 13.3413 13.5252 -9999 -9999 -9999
-9999 -9999 -9999 -9999 -9999 -9999 12.8222 13.8007 14.2447 14.485 14.8222 14.8709 14.7731 14.5933 14.1411 13.7454 13.0937 12.3472 11.9545 13.1682 14.2245 14.7789 14.7104 13.4538 12.9604 12.9415 13.2388 12.9953 12.8117 12.2046 12.0304 11.7867 11.9501 12.4437 12.851 13.2451 13.5358 13.5724 13.767 13.8838 13.9067 13.9534 13.9357 13.9235 13.6765 13.8707 13.7305 13.8247 13.7849 13.7498 13.7177 13.5806 13.6988 13.805 13.8416 13.8624 13.8694 13.8812 13.8911 13.8968 13.908 13.9233 13.9387 13.9508 13.9678 13.986 13.956 13.7156 13.3873 12.9676 -9999 -9999
-9999 -9999 -9999 -9999 -9999 -9999 12.3386 13.3129 13.7791 14.3877 14.7027 14.8361 14.8305 14.6869 14.3461 13.8272 13.397 12.5619 11.6936 12.9664 14.0982 14.7133 14.7524 13.6943 13.9934 13.7604 13.8608 13.4303 13.2542 13.1092 12.8037 12.47 12.1038 11.9167 12.8165 13.285 13.6652 13.8521 13.9642 14.0277 14.0142 13.9611 13.5804 13.8952 13.8936 13.8771 13.8558 13.852 13.8334 13.809 13.7958 13.8007 13.7138 13.8392 13.8503 13.8641 13.8773 13.8876 13.8958 13.9054 13.9144 13.9297 13.9427 13.9555 13.9698 13.9913 14.006 14.0095 13.9582 13.3885 13.0541 12.9727
-9999 -9999 -9999 -9999 -9999 -9999 10.9781 12.3947 13.5251 14.125 14.6129 14.7553 14.8156 14.6186 14.4747 14.106 13.7574 13.2127 12.3901 11.8872 12.841 14.2245 14.7346 14.6977 14.6716 14.4021 14.1596 14.1333 14.1572 13.8669 13.4524 12.912 12.7507 12.5684 13.2415 13.3432 13.3076 14.0489 14.0645 14.0375 13.7735 13.4733 13.5466 13.3665 13.5288 13.312 13.5367 13.7323 13.8132 13.8199 13.804 13.8142 13.8156 13.8495 13.8613 13.8705 13.8809 13.8929 13.904 13.9099 13.9202 13.9388 13.9485 13.9607 13.9739 13.9963 14.0123 14.0192 14.0268 13.9533 13.834 13.5924
-9999 -9999 -9999 -9999 -9999 -9999 11.0394 12.2245 13.2384 13.8463 14.4362 14.5808 14.7875 14.7565 14.6048 14.2855 13.8836 13.4371 12.7328 12.2115 12.8539 13.7732 14.4346 14.6717 14.6712 14.6613 14.6048 14.5835 14.5168 14.4627 14.1693 13.6602 13.3767 12.9583 13.7071 13.8017 13.6988 14.0802 14.0754 13.5325 13.1186 13.0794 13.3511 13.1164 13.0872 12.9446 13.1325 13.6138 13.4909 13.5302 13.7505 13.798 13.8354 13.8536 13.8645 13.876 13.8853 13.8993 13.9137 13.9198 13.9309 13.9445 13.9523 13.9665 13.9774 13.9966 14.0104 14.0218 14.03 14.0209 14.0112 14.0576
-9999 -9999 -9999 -9999 -9999 -9999 11.0711 11.8636 12.7772 13.6703 14.2998 14.5598 14.7526 14.7616 14.5831 14.4301 14.1822 13.7904 13.5249 13.0552 12.406 13.5198 13.8637 14.169 14.3025 14.6236 14.6216 14.4828 14.3074 14.4704 14.4332 14.0319 13.9065 13.6891 14.1104 14.1231 14.124 14.1149 13.6579 13.0177 12.5089 12.8989 12.8342 13.0164 12.4959 12.9512 13.3184 13.4461 13.2167 13.0504 13.6106 13.7179 13.7847 13.832 13.8674 13.8747 13.8934 13.9037 13.916 13.9287 13.9389 13.9514 13.9623 13.9734 13.9844 14.0042 14.0151 14.0267 14.043 14.0453 14.0559 14.0681
-9999 -9999 -9999 -9999 -9999 -9999 -9999 11.3988 12.5493 13.5837 14.1639 14.5327 14.7179 14.7254 14.6393 14.5387 14.389 14.1092 13.7545 13.1873 12.7684 13.0495 13.3861 13.4262 13.6538 14.3006 14.5257 14.2219 13.4509 13.9111 14.4239 14.4246 14.391 14.353 14.3005 14.2566 14.1472 13.8344 12.8501 12.669 12.2914 12.3497 12.1627 12.6099 12.4604 12.924 13.1322 13.2187 12.8149 12.9103 13.416 13.6223 13.6027 13.7342 13.8594 13.8761 13.8927 13.9034 13.9199 13.9353 13.9484 13.9597 13.9717 13.985 13.9915 14.0161 13.9961 13.9889 13.9567 14.0336 14.0554 14.0832
-9999 -9999 -9999 -9999 -9999 -9999 -9999 11.1664 12.3213 13.5385 13.9355 14.3324 14.6769 14.6939 14.5562 14.4259 14.2915 14.1367 13.704 13.2844 12.8837 12.7551 12.8464 12.8387 13.2032 14.0445 14.213 14.151 13.346 13.0833 13.7661 14.3418 14.3962 14.3552 13.6994 13.853 13.5054 13.0302 12.9089 12.7087 12.271 12.5017 12.1847 12.3398 12.3111 12.58 12.7177 13.0347 12.6845 12.6934 13.1908 13.446 13.4649 13.7321 13.8358 13.8728 13.8923 13.9104 13.9258 13.9444 13.9571 13.9687 13.9795 13.9833 13.9705 13.8973 13.4392 13.4565 13.6054 13.747 13.9931 14.0808
-9999 -9999 -9999 -9999 -9999 -9999 -9999 11.3011 12.1054 13.1866 13.9902 14.0497 14.446 14.6558 14.5049 14.3339 14.1587 14.088 13.616 13.0963 12.6779 12.1804 12.2727 12.6449 13.2379 13.7844 13.8882 13.7843 13.351 13.5624 14.0312 14.2849 14.3669 14.3207 14.1866 14.1142 13.8614 13.759 13.404 12.8419 12.6285 12.7853 12.188 12.2439 12.4828 12.2518 12.6603 12.8625 12.4067 12.7908 13.2288 13.4591 13.6621 13.7651 13.8142 13.8826 13.8977 13.9163 13.9331 13.9469 13.9618 13.9682 13.9763 13.9407 13.881 13.4472 13.2839 13.3371 13.5613 13.7595 13.977 14.0705
-9999 -9999 -9999 -9999 -9999 -9999 -9999 11.4386 12.1639 13.1028 13.6786 13.7896 14.228 14.6192 14.5872 14.4086 14.3617 14.1761 13.7774 13.3355 12.8514 12.6207 12.0777 12.6298 13.0576 13.5219 13.7433 13.3858 13.2176 13.5403 13.8614 13.9958 14.3208 14.3286 14.2371 13.8064 13.6027 13.7062 13.6262 13.4768 13.0939 13.0894 12.8482 12.756 12.6695 12.3546 12.5739 12.6076 12.6806 13.1355 13.3699 13.5298 13.6765 13.7249 13.7963 13.8851 13.9056 13.9223 13.9363 13.9523 13.9616 13.9553 13.9525 13.8649 13.6981 13.3734 12.8459 13.251 13.6737 13.8199 13.9569 14.0339
-9999 -9999 -9999 -9999 -9999 -9999 -9999 11.318 12.0883 12.8923 13.2341 13.3003 14.0857 14.5707 14.582 14.5029 14.4086 13.9348 13.9736 13.8868 13.451 12.8115 12.1079 12.1837 12.6115 13.217 13.4247 12.837 12.6403 12.8013 13.2824 13.7143 14.1653 14.288 14.1701 13.4932 12.7735 13.1251 13.5002 13.5109 13.4174 13.0633 12.9597 12.8672 12.6123 12.1724 12.2463 12.3856 12.9049 13.079 13.3404 13.5597 13.4957 13.5546 13.7652 13.8919 13.9101 13.9263 13.9443 13.9562 13.9642 13.9365 13.9065 13.8461 13.3859 13.1057 12.6987 13.2159 13.5091 13.685 13.9648 14.0434
-9999 -9999 -9999 -9999 -9999 -9999 -9999 11.0837 11.6454 12.4145 12.7304 13.2287 13.9715 14.3422 14.5254 14.5321 14.4728 14.2663 14.1462 13.8994 13.4458 12.8216 12.1264 11.6768 11.9188 12.7271 12.9263 12.3853 12.1214 12.4717 12.984 13.7379 14.1735 14.2418 14.2147 14.0844 13.5622 12.929 12.9436 13.28 13.022 12.72 12.9061 12.8871 12.6355 12.4561 12.3466 12.4374 12.7347 12.868 13.168 13.6043 13.6785 13.6803 13.872 13.8948 13.913 13.9339 13.948 13.9608 13.9701 13.9502 13.8874 13.586 13.3252 12.9565 12.9243 13.3943 13.6144 13.815 13.9604 14.0183
-9999 -9999 -9999 -9999 -9999 -9999 -9999 10.6791 11.3386 12.0599 12.7362 13.3767 13.9296 13.9819 14.2786 14.2888 14.4492 14.4167 14.2259 14.0197 13.6302 12.8257 12.1505 11.4131 11.6189 12.4492 12.5461 12.1955 11.5397 12.2368 13.0048 13.7021 14.0847 13.8043 14.1144 14.1016 13.9134 13.5414 12.9565 12.9804 12.5454 12.5388 12.7816 12.8692 12.8439 12.7124 12.4954 12.5469 12.7309 12.7894 13.0664 13.4081 13.7424 13.8102 13.8853 13.9019 13.917 13.9362 13.9512 13.959 13.9572 13.9355 13.685 13.3845 13.2052 12.9528 12.9356 13.4728 13.7042 13.8375 13.9652 14.0252
-9999 -9999 -9999 -9999 -9999 -9999 -9999 -9999 11.2735 12.0185 12.5726 12.7293 13.222 13.4929 13.705 13.7603 14.3459 14.3881 14.2709 14.0823 13.7517 13.1436 12.7226 12.0157 11.51 11.7228 11.8125 12.0113 11.9653 12.2818 13.0203 13.7896 13.8832 13.4124 13.4952 13.6078 13.8458 13.7434 12.9418 12.5408 12.2103 12.4669 12.7363 12.8114 12.8368 12.8003 12.7603 12.6652 13.0223 13.2902 13.363 13.5984 13.7758 13.835 13.8831 13.9014 13.9199 13.9342 13.939 13.9465 13.9201 13.8428 13.5608 12.8618 12.9101 12.848 12.6412 13.1682 13.5129 13.8123 13.9789 14.0336
-9999 -9999 -9999 -9999 -9999 -9999 -9999 -9999 11.0301 11.8908 12.0807 12.0777 11.8065 11.9468 13.0016 13.2226 13.7847 14.3175 14.2895 14.1047 13.796 13.4377 12.8775 12.0813 11.4504 11.1758 11.8689 12.5478 12.6973 12.9232 13.3798 13.4752 12.9935 12.5428 12.8137 12.9817 13.5889 13.7097 13.6065 13.1286 12.5806 12.3007 12.6591 12.7182 12.7519 12.7691 12.7751 12.7702 13.1659 13.394 13.5566 13.6516 13.806 13.8561 13.8818 13.9068 13.9185 13.9256 13.9177 13.9069 13.8104 13.6907 13.2191 12.8286 12.5908 12.285 13.0232 13.2627 13.5859 13.796 13.9618 14.0106
