Test_Spring_2018/03_18/Temp/20180307_012.txt
ncols	170
nrows	115
xllcorner	350000.000000
yllcorner	4445000.000000
cellsize	1000.000000
nodata_value	-9999.000000
[rows 32 to 63 of 115, columns 72 to 143 of 170]
14.316 14.1125 14.4638 14.7882 14.5949 14.4763 14.9909 15.005 14.8454 14.4513 14.3165 14.1765 14.0973 13.5891 12.1339 10.8241 11.5521 11.5862 11.1118 12.0106 11.5621 10.3643 8.66633 9.61526 9.38933 8.18013 7.89884 -9999 -9999 -9999 -9999 -9999 -9999 -9999 -9999 -9999 -9999 -9999 -9999 -9999 -9999 -9999 -9999 -9999 -9999 -9999 -9999 -9999 -9999 -9999 -9999 -9999 -9999 -9999 -9999 -9999 -9999 -9999 -9999 -9999 -9999 -9999 -9999 -9999 -9999 -9999 -9999 -9999 -9999 -9999 -9999 -9999
14.0245 13.9455 14.4609 14.4645 14.4375 14.6169 14.9385 15.0159 14.9627 14.7993 14.6602 14.5117 14.111 13.5273 12.2844 10.791 10.4656 11.2219 11.2746 11.4106 11.0033 10.4873 9.6703 10.3701 10.6521 9.86828 8.83177 8.16718 -9999 -9999 -9999 -9999 -9999 -9999 -9999 -9999 -9999 -9999 -9999 -9999 -9999 -9999 -9999 -9999 -9999 -9999 -9999 -9999 -9999 -9999 -9999 -9999 -9999 -9999 -9999 -9999 -9999 -9999 -9999 -9999 -9999 -9999 -9999 -9999 -9999 -9999 -9999 -9999 -9999 -9999 -9999 -9999
13.6769 13.2057 13.5221 13.763 14.1801 14.2858 14.3629 14.9749 14.9579 14.9452 14.7054 14.5171 14.1951 13.6339 12.8284 11.8552 10.1485 11.2286 12.0782 12.0741 12.0457 11.6894 10.9051 11.5924 11.6406 10.6361 9.47314 8.80744 8.5427 -9999 -9999 -9999 -9999 -9999 -9999 -9999 -9999 -9999 -9999 -9999 -9999 -9999 -9999 -9999 -9999 -9999 -9999 -9999 -9999 -9999 -9999 -9999 -9999 -9999 -9999 -9999 -9999 -9999 -9999 -9999 -9999 -9999 -9999 -9999 -9999 -9999 -9999 -9999 -9999 -9999 -9999 -9999
13.282 12.7031 13.0213 13.4408 14.0186 14.3119 14.5423 14.7353 14.9323 14.9257 14.6799 13.9243 13.8302 13.8133 13.2922 12.1805 11.0704 10.7956 12.0826 12.4633 12.4065 12.7072 12.0455 12.3832 12.2685 11.9245 10.8143 9.80337 9.39984 8.5849 -9999 -9999 -9999 -9999 -9999 -9999 -9999 -9999 -9999 -9999 -9999 -9999 -9999 -9999 -9999 -9999 -9999 -9999 -9999 -9999 -9999 -9999 -9999 -9999 -9999 -9999 -9999 -9999 -9999 -9999 -9999 -9999 -9999 -9999 -9999 -9999 -9999 -9999 -9999 -9999 -9999 -9999
-9999 -9999 12.3449 12.9027 13.3653 13.9303 14.4175 14.6736 14.9232 14.9192 14.4125 14.1728 14.1666 13.8307 13.2267 12.854 12.1615 11.4394 11.7392 12.8394 12.375 13.1593 13.1115 13.2693 12.7733 11.8103 10.5292 9.78 9.42087 8.76394 -9999 -9999 -9999 -9999 -9999 -9999 -9999 -9999 -9999 -9999 -9999 -9999 -9999 -9999 -9999 -9999 -9999 -9999 -9999 -9999 -9999 -9999 -9999 -9999 -9999 -9999 -9999 -9999 -9999 -9999 -9999 -9999 -9999 -9999 -9999 -9999 -9999 -9999 -9999 -9999 -9999 -9999
-9999 -9999 -9999 12.8022 13.156 13.9172 14.3004 14.4714 14.8648 14.8804 14.6979 14.5643 14.3637 14.0972 13.6475 13.1498 12.4997 12.4554 13.1656 13.1916 13.0643 13.1952 13.5681 13.4912 12.7148 11.3539 10.6471 9.18317 8.57104 8.65373 8.22542 -9999 -9999 -9999 -9999 -9999 -9999 -9999 -9999 -9999 -9999 -9999 -9999 10.1949 -9999 -9999 -9999 -9999 -9999 -9999 -9999 -9999 -9999 -9999 -9999 -9999 -9999 -9999 -9999 -9999 -9999 -9999 -9999 -9999 7.97164 -9999 -9999 -9999 -9999 -9999 -9999 -9999
-9999 -9999 12.7303 13.1945 13.571 14.0527 14.1042 14.388 14.8379 14.8588 14.7336 14.5908 14.2505 14.1789 13.9302 13.3886 13.2918 13.5361 13.6581 13.7941 13.8844 13.8427 13.7157 13.5463 13.0436 12.4253 12.0159 10.6883 10.0175 9.38524 8.41926 7.66777 -9999 -9999 -9999 -9999 -9999 -9999 -9999 9.59817 9.58243 9.62095 9.85808 10.4755 10.1469 -9999 -9999 -9999 -9999 -9999 -9999 -9999 -9999 -9999 -9999 -9999 -9999 -9999 -9999 -9999 -9999 -9999 -9999 -9999 8.51201 7.75943 -9999 -9999 -9999 -9999 -9999 -9999
-9999 -9999 12.8429 13.3468 13.6045 14.0722 14.3451 14.514 14.6788 14.8375 14.8282 14.6683 14.4176 14.436 14.0854 13.9047 13.7809 14.1053 14.1839 14.0788 13.9423 13.8235 13.455 13.4274 13.3113 12.9249 12.2798 11.6145 10.6378 9.31955 8.02735 6.98883 -9999 -9999 -9999 -9999 -9999 -9999 9.68918 10.205 10.5226 9.91316 10.4733 10.9874 10.9305 10.4791 -9999 -9999 -9999 -9999 -9999 -9999 -9999 -9999 -9999 -9999 -9999 -9999 -9999 -9999 12.1012 11.328 9.74455 8.94378 8.47248 7.79033 -9999 -9999 -9999 -9999 -9999 -9999
-9999 -9999 12.7471 13.3393 13.7442 14.1049 14.1727 14.535 14.6983 14.7898 14.7954 14.776 14.743 14.4389 14.3182 13.8509 14.3331 14.3338 14.2346 13.7878 13.6041 12.8234 12.4894 12.421 13.1093 12.6299 11.6105 10.332 8.7843 8.70053 8.20366 7.27728 -9999 -9999 -9999 -9999 -9999 -9999 9.84265 10.393 10.8562 10.9419 10.3367 11.2336 11.2256 10.7587 10.6703 11.0943 11.3205 11.1913 11.6961 11.8588 11.6647 11.9238 -9999 -9999 -9999 -9999 12.171 12.2241 12.2695 11.9598 10.2278 9.05215 7.99901 7.92665 -9999 -9999 -9999 -9999 -9999 -9999
-9999 -9999 13.1506 13.5192 13.711 13.7514 14.0758 14.3927 14.5928 14.7454 14.7319 14.736 14.7401 14.6474 14.41 14.4741 14.4719 14.3416 13.475 12.4602 12.9288 12.3336 11.0312 12.116 12.7189 12.1733 10.9342 9.49481 9.02704 9.06429 8.36601 7.4629 -9999 -9999 -9999 8.33429 9.11248 9.19883 9.44308 10.1703 10.7289 11.1553 11.4529 11.4649 11.2016 10.7456 10.248 10.4566 11.4158 11.667 11.8845 12.0524 11.8739 12.0018 12.2736 12.4241 12.4713 12.4332 12.4405 12.4818 12.4729 12.1852 10.6375 9.76182 9.21153 8.09634 -9999 -9999 -9999 -9999 -9999 -9999
-9999 -9999 12.9243 13.246 13.5083 13.9355 13.9906 14.2663 14.4287 14.6715 14.7123 14.4548 14.6967 14.6848 14.6605 14.5894 14.4771 13.7488 12.7378 11.724 11.2657 11.4813 10.7088 11.1322 11.7429 11.5425 10.7879 9.50728 9.34093 9.04949 7.86275 6.72133 -9999 -9999 6.84359 8.31792 9.36225 9.91102 10.0955 10.1324 10.8307 10.9057 11.6564 11.5069 10.5704 10.7019 10.3507 10.6169 10.9857 11.1028 11.6193 12.119 12.2308 12.2546 12.4354 12.4892 12.5185 12.535 12.4475 12.5176 12.546 12.3746 11.2596 10.7274 10.1429 8.11292 -9999 -9999 -9999 -9999 -9999 -9999
-9999 -9999 13.0811 13.4386 13.8291 13.9011 14.1935 14.177 14.1023 14.508 14.663 14.4857 14.3633 14.6362 14.6366 14.6213 14.5846 13.9016 13.1082 11.897 11.1512 10.697 10.3822 9.95552 10.2772 10.2003 10.0916 10.2516 9.91084 9.20952 8.52185 7.22008 6.52447 -9999 6.92154 7.59752 8.83576 9.89152 10.5696 10.3546 11.1459 11.3107 11.7759 11.5377 10.9799 10.754 10.7551 10.7017 11.2436 11.6165 11.8855 12.0727 12.3012 12.375 12.4486 12.4914 12.5239 12.5564 12.5741 12.5905 12.5882 12.5369 12.0358 11.5077 10.3352 8.18208 -9999 -9999 -9999 -9999 -9999 -9999
-9999 12.0663 13.0432 13.6352 13.8702 14.0426 14.196 14.3103 14.425 14.5402 14.6242 14.6073 14.1135 14.1725 14.2825 14.5911 14.5898 14.5459 14.1212 12.6435 12.1411 11.4019 10.44 10.0483 10.2694 11.0882 11.0685 10.5531 9.97689 9.16852 8.66389 7.87223 6.33678 6.49484 7.2134 7.75341 8.60132 9.88734 10.7954 11.2127 11.384 11.717 11.9015 11.5692 11.2564 11.1372 10.8961 10.8825 10.9083 11.245 11.5124 12.0802 12.2855 12.3918 12.4557 12.4994 12.5366 12.5733 12.5992 12.6091 12.6302 12.6469 12.6323 11.9184 10.1029 8.74637 -9999 -9999 -9999 -9999 -9999 -9999
-9999 -9999 12.8653 13.1304 13.2062 13.3326 13.5822 13.8691 14.267 14.3302 14.5602 14.5742 14.1497 13.6595 14.1203 14.3153 14.5171 14.5425 14.5051 13.2629 12.6231 12.1227 11.2011 11.5571 11.8952 11.9358 11.7577 10.634 9.51495 8.21687 7.01139 6.97016 6.32933 6.69576 7.17671 8.38268 9.23764 9.5967 9.86087 11.1689 11.5247 11.6634 12.0157 11.5898 11.5036 11.1902 11.3148 11.3094 11.3354 10.4242 11.3856 11.4642 12.098 12.3957 12.4797 12.5174 12.5558 12.5789 12.6025 12.6199 12.6466 12.6598 12.6744 12.2189 9.90618 8.76431 -9999 -9999 -9999 -9999 -9999 -9999
-9999 -9999 -9999 -9999 12.965 13.169 13.3033 13.5297 14.1995 14.3909 14.5236 14.5488 14.3691 13.8835 13.7699 13.8815 13.4111 13.8413 14.4208 14.4257 14.3759 13.2878 12.7397 13.3043 13.1542 12.3389 11.7005 11.0704 9.7573 8.79517 7.41098 6.37603 6.35385 7.53279 8.51544 9.73549 10.2852 10.004 10.3517 11.0126 11.7607 12.1344 12.0748 11.6248 11.5861 11.09 11.6261 11.6943 11.4807 11.2991 11.4045 11.7301 11.8681 12.3683 12.5055 12.5474 12.5713 12.5932 12.6112 12.6285 12.6452 12.6621 12.6781 12.6799 10.3022 8.46491 -9999 -9999 -9999 -9999 -9999 -9999
-9999 -9999 -9999 -9999 12.5043 12.6317 12.9534 13.7664 14.1922 14.3745 14.3825 14.4762 14.3543 13.9297 13.4944 13.0859 12.5535 12.8891 13.7441 14.2556 14.3299 13.3783 13.9004 13.7284 13.3724 12.3012 11.5156 11.1064 9.84626 8.76473 7.84934 6.5794 7.14722 7.77131 8.56842 9.89765 10.8014 11.1852 10.9014 11.3317 12.1894 12.217 11.7835 11.837 11.5864 10.8997 11.665 11.898 11.7544 11.822 11.783 11.9189 12.1465 12.3647 12.5165 12.5549 12.5773 12.5929 12.6125 12.6339 12.6459 12.6686 12.6847 12.696 11.17 8.43066 -9999 -9999 -9999 -9999 -9999 -9999
-9999 -9999 -9999 -9999 -9999 12.0934 12.8162 13.8923 14.1621 14.1505 14.3845 14.4186 14.2229 14.0564 13.524 12.7907 11.3642 11.7526 12.5411 13.6691 14.2703 14.2094 13.9029 13.3565 12.01 10.8333 10.7042 10.5244 9.60896 8.77853 7.75894 8.37626 9.05129 9.78866 10.1851 10.1061 10.8833 11.5213 11.2803 11.8033 12.4104 12.1683 12.035 11.9273 11.6334 11.6388 11.6972 12.1425 11.876 12.079 12.1072 12.1204 12.2428 12.3796 12.5215 12.562 12.5824 12.6042 12.6102 12.6357 12.6501 12.6654 12.6821 12.6953 12.5795 11.1184 10.2529 -9999 -9999 -9999 -9999 -9999
-9999 -9999 -9999 -9999 -9999 11.4354 11.8006 13.0735 13.4687 14.0395 14.3497 14.3786 14.0369 13.8549 13.0522 12.8056 11.4876 10.9015 11.4351 11.2574 12.8028 14.1718 13.8954 11.1849 10.2135 9.52493 9.72171 9.73903 9.49544 8.07418 7.69613 8.99547 9.82032 10.4638 10.9569 11.0748 11.0783 12.0647 12.2142 12.5499 12.5041 12.5562 12.0921 11.8141 12.1054 11.8262 11.7991 12.2582 11.8548 12.266 12.2439 12.1511 12.1677 12.4446 12.5175 12.5654 12.5875 12.5972 12.6043 12.6178 12.6475 12.6659 12.6748 12.6994 12.7102 12.564 11.8181 11.5748 11.9006 -9999 -9999 -9999
-9999 -9999 -9999 -9999 -9999 -9999 10.6237 12.3894 13.1967 13.6311 14.2385 14.3254 14.1497 13.8227 13.0052 12.2891 11.1129 9.76679 9.06225 11.2469 13.1503 14.152 14.0405 11.7872 10.9078 10.8825 11.4262 10.9967 10.6747 9.59727 9.28892 8.85404 9.15018 10.0397 10.7711 11.4772 11.9965 12.0577 12.4029 12.6108 12.6485 12.7297 12.6958 12.6728 12.2299 12.5797 12.3286 12.4996 12.4298 12.3688 12.3192 12.0731 12.2859 12.4764 12.5411 12.5762 12.5858 12.6031 12.616 12.6207 12.6356 12.6568 12.6784 12.6936 12.7181 12.7412 12.681 12.2428 11.6471 10.8872 -9999 -9999
-9999 -9999 -9999 -9999 -9999 -9999 9.748 11.5057 12.3529 13.4499 14.0188 14.2605 14.248 13.9863 13.3696 12.4322 11.6549 10.1497 8.58581 10.878 12.9203 14.0309 14.1064 12.2161 12.7619 12.3508 12.5396 11.773 11.4639 11.2177 10.6729 10.0758 9.42042 9.08423 10.7018 11.542 12.2224 12.5544 12.7515 12.8611 12.8358 12.7387 12.0518 12.6168 12.6154 12.586 12.5486 12.543 12.5111 12.4689 12.4534 12.4625 12.3062 12.5319 12.5496 12.5723 12.593 12.6075 12.6175 12.6293 12.6396 12.6625 12.6794 12.6962 12.7159 12.7449 12.7653 12.766 12.6687 11.639 11.0331 10.8845
-9999 -9999 -9999 -9999 -9999 -9999 7.29446 9.84737 11.8916 12.9725 13.8545 14.1095 14.2159 13.8585 13.5964 12.9297 12.2997 11.3173 9.83589 8.93096 10.6514 13.1435 14.0712 14.0178 13.9778 13.5002 13.0713 13.0314 13.0812 12.5736 11.8344 10.8649 10.5766 10.2487 11.4583 11.639 11.5716 12.9014 12.9253 12.8723 12.3933 11.8546 11.9841 11.6606 11.9539 11.564 11.9687 12.3217 12.4684 12.4818 12.4613 12.4807 12.4829 12.542 12.5617 12.5761 12.5917 12.6093 12.6247 12.6301 12.6428 12.6702 12.6838 12.6997 12.7172 12.7478 12.7708 12.7777 12.7862 12.6494 12.4305 11.9937
-9999 -9999 -9999 -9999 -9999 -9999 7.40063 9.54277 11.3695 12.4696 13.5308 13.7899 14.16 14.1018 13.8261 13.2489 12.5232 11.7178 10.4494 9.51142 10.6682 12.3287 13.5227 13.9623 13.9728 13.9614 13.8664 13.836 13.7224 13.64 13.1158 12.2034 11.6945 10.9416 12.2877 12.4557 12.2677 12.9503 12.9378 11.9572 11.2087 11.1349 11.6273 11.2034 11.1522 10.8975 11.2357 12.1022 11.8822 11.9539 12.3588 12.4441 12.5098 12.5415 12.5593 12.5777 12.5914 12.6126 12.6341 12.64 12.6545 12.673 12.6811 12.7035 12.7175 12.7422 12.7611 12.7764 12.7861 12.765 12.7428 12.8243
-9999 -9999 -9999 -9999 -9999 -9999 7.44721 8.88742 10.5332 12.1472 13.2796 13.7466 14.0918 14.1061 13.7826 13.5049 13.0568 12.3503 11.8715 11.0263 9.85922 11.865 12.4922 13.0542 13.3001 13.884 13.8869 13.6436 13.3485 13.6459 13.5838 12.8637 12.6391 12.2477 13.0047 13.0256 13.0247 13.0052 12.1794 11.024 10.1052 10.8039 10.6849 11.0181 10.083 10.9012 11.5621 11.7924 11.3819 11.0834 12.0997 12.2912 12.4105 12.4942 12.5561 12.5666 12.5972 12.6119 12.6298 12.6477 12.6608 12.6777 12.6916 12.7059 12.7235 12.7493 12.7632 12.7782 12.8026 12.8022 12.8169 12.8368
-9999 -9999 -9999 -9999 -9999 -9999 -9999 8.0411 10.1206 11.9827 13.0268 13.6899 14.0221 14.034 13.8772 13.6943 13.4233 12.9185 12.2796 11.2592 10.5062 11.0138 11.6285 11.7139 12.1284 13.2976 13.7081 13.1671 11.7964 12.6309 13.5565 13.5596 13.5002 13.4319 13.338 13.2573 13.0582 12.4925 10.7185 10.3883 9.70589 9.80787 9.46905 10.2804 10.0129 10.8465 11.2209 11.3766 10.6504 10.8318 11.7404 12.1107 12.0743 12.3093 12.533 12.5605 12.5872 12.6028 12.6283 12.6513 12.6696 12.6845 12.7006 12.719 12.7291 12.7635 12.7219 12.7037 12.6409 12.7745 12.8093 12.8517
-9999 -9999 -9999 -9999 -9999 -9999 -9999 7.62556 9.70497 11.8956 12.6101 13.3239 13.9427 13.9721 13.7229 13.487 13.2437 12.9642 12.1851 11.4302 10.7101 10.4803 10.6468 10.653 11.3131 12.8313 13.1391 13.0322 11.6036 11.1338 12.3646 13.4021 13.5007 13.4269 12.2463 12.5211 11.8937 11.0363 10.8154 10.4524 9.66207 10.0746 9.50211 9.77935 9.73854 10.2215 10.4688 11.0388 10.4085 10.4343 11.3275 11.7854 11.818 12.297 12.4814 12.5453 12.5772 12.6062 12.6296 12.6587 12.6767 12.6926 12.7067 12.7084 12.6801 12.5475 11.7131 11.7391 12.0022 12.2522 12.6929 12.8399
-9999 -9999 -9999 -9999 -9999 -9999 -9999 7.863 9.31102 11.2569 12.7029 12.8096 13.5219 13.8983 13.6257 13.3167 13.0003 12.8724 12.0228 11.0877 10.3356 9.44188 9.60993 10.2823 11.3707 12.3577 12.5485 12.3654 11.6055 11.9883 12.8337 13.2913 13.4394 13.3563 13.1141 12.9827 12.526 12.3396 11.6984 10.6845 10.2983 10.578 9.50128 9.60013 10.0286 9.62481 10.359 10.7222 9.90145 10.6014 11.3881 11.8009 12.1643 12.3476 12.4336 12.5538 12.5779 12.6077 12.634 12.6545 12.6767 12.6833 12.693 12.6241 12.5117 11.7263 11.4267 11.5175 11.916 12.268 12.6504 12.8141
-9999 -9999 -9999 -9999 -9999 -9999 -9999 8.10541 9.41112 11.1008 12.1367 12.3361 13.1242 13.8273 13.7686 13.4464 13.3609 13.0265 12.3087 11.5139 10.6434 10.2294 9.25411 10.2498 11.0412 11.8799 12.2816 11.6589 11.3587 11.9412 12.5205 12.7631 13.3483 13.362 13.1967 12.4206 12.0524 12.2367 12.0906 11.8195 11.1284 11.1181 10.6822 10.5145 10.3575 9.80352 10.197 10.2566 10.3872 11.2141 11.6342 11.9201 12.1819 12.2667 12.3926 12.5496 12.5831 12.6097 12.6309 12.6555 12.6678 12.6518 12.6422 12.4799 12.1751 11.5863 10.6316 11.3556 12.1114 12.3633 12.6069 12.7407
-9999 -9999 -9999 -9999 -9999 -9999 -9999 7.88357 9.27003 10.7168 11.3317 11.4504 12.8628 13.7347 13.7541 13.6108 13.4406 12.5875 12.6569 12.5009 11.7175 10.5679 9.30344 9.44163 10.2244 11.3256 11.7021 10.6652 10.3132 10.6045 11.4711 12.249 13.0606 13.2812 13.0681 11.8491 10.5526 11.1835 11.8564 11.8737 11.7034 11.0641 10.8759 10.7077 10.2476 9.45863 9.6009 9.85021 10.7939 11.1051 11.5734 11.9659 11.8483 11.9519 12.328 12.553 12.5825 12.6079 12.6365 12.6539 12.6641 12.6099 12.5515 12.4382 11.6058 11.0971 10.3558 11.2856 11.8083 12.1153 12.6137 12.7503
-9999 -9999 -9999 -9999 -9999 -9999 -9999 7.45707 8.46802 9.85187 10.4199 11.3161 12.6519 13.3181 13.6469 13.6581 13.5507 13.1789 12.9626 12.5186 11.7029 10.5808 9.33129 8.52411 8.96149 10.4383 10.8049 9.84632 9.37316 10.0046 10.9272 12.2842 13.0679 13.1905 13.1409 12.9053 11.9642 10.8233 10.8478 11.451 10.9848 10.4396 10.7726 10.7366 10.2825 9.95819 9.77462 9.93703 10.4805 10.7181 11.2556 12.0382 12.1692 12.1697 12.5117 12.5496 12.579 12.613 12.6346 12.6537 12.6664 12.6264 12.509 11.9624 11.4888 10.8212 10.7591 11.5994 11.9842 12.342 12.5985 12.6978
-9999 -9999 -9999 -9999 -9999 -9999 -9999 6.72424 7.91102 9.20869 10.425 11.577 12.571 12.6644 13.1974 13.2149 13.503 13.444 13.1006 12.7296 12.0294 10.5828 9.36921 8.04397 8.41608 9.92287 10.128 9.49869 8.32014 9.57545 10.958 12.2129 12.9011 12.3962 12.9533 12.929 12.589 11.918 10.8638 10.9049 10.1204 10.1066 10.5417 10.6976 10.6505 10.4125 10.0247 10.1273 10.4664 10.5694 11.0652 11.6774 12.2762 12.3952 12.5272 12.5539 12.5777 12.6087 12.6319 12.642 12.6348 12.5919 12.1371 11.5921 11.2653 10.8071 10.772 11.7298 12.1385 12.3751 12.6 12.7028
-9999 -9999 -9999 -9999 -9999 -9999 -9999 -9999 7.78873 9.12899 10.1254 10.4067 11.2924 11.779 12.1598 12.2584 13.3114 13.3868 13.1759 12.8367 12.2422 11.149 10.3927 9.12235 8.21426 8.61646 8.80204 9.16122 9.07977 9.65015 10.9795 12.3638 12.532 11.6844 11.8325 12.0338 12.4606 12.2746 10.8306 10.1073 9.51067 9.97062 10.4536 10.5869 10.631 10.5638 10.4959 10.3435 10.9836 11.463 11.5915 12.0122 12.3285 12.4319 12.5153 12.5449 12.5746 12.5968 12.6017 12.6115 12.56 12.4171 11.9056 10.6441 10.727 10.6112 10.235 11.1726 11.789 12.3228 12.6174 12.7109
-9999 -9999 -9999 -9999 -9999 -9999 -9999 -9999 7.34581 8.89398 9.23499 9.22882 8.74006 8.99148 10.8884 11.2851 12.2958 13.2539 13.2033 12.8709 12.316 11.6723 10.6657 9.23474 8.10143 7.62812 8.88685 10.1206 10.3908 10.7983 11.6202 11.792 10.9252 10.1136 10.5999 10.9009 11.9919 12.2076 12.02 11.1584 10.1704 9.66493 10.308 10.4127 10.4717 10.501 10.5121 10.5142 11.2348 11.6427 11.9324 12.1004 12.3753 12.4622 12.505 12.5466 12.5641 12.5732 12.5554 12.5322 12.3548 12.1355 11.2833 10.5768 10.145 9.59086 10.9152 11.3357 11.91 12.2864 12.5798 12.6624
