Test_Spring_2018/03_18/Temp/20180322_000.txt
ncols	170
nrows	115
xllcorner	350000.000000
yllcorner	4445000.000000
cellsize	1000.000000
nodata_value	-9999.000000
[rows 32 to 63 of 115, columns 71 to 141 of 170]
8.55568 8.53029 8.09214 8.77547 9.40485 9.02599 8.77223 9.80414 9.80651 9.45739 8.63405 8.33369 8.02219 7.83236 6.77553 3.80548 1.1282 2.56653 2.60291 1.61222 3.39485 2.45631 0.00465829 -3.45714 -1.57261 -2.06075 -4.51025 -5.11241 -9999 -9999 -9999 -9999 -9999 -9999 -9999 -9999 -9999 -9999 -9999 -9999 -9999 -9999 -9999 -9999 -9999 -9999 -9999 -9999 -9999 -9999 -9999 -9999 -9999 -9999 -9999 -9999 -9999 -9999 -9999 -9999 -9999 -9999 -9999 -9999 -9999 -9999 -9999 -9999 -9999 -9999 -9999
8.17985 7.95187 7.76519 8.77974 8.76111 8.6995 9.06652 9.70804 9.83802 9.70339 9.34571 9.03647 8.7074 7.86836 6.65895 4.11744 1.06968 0.38033 1.87559 1.94954 2.19171 1.33666 0.262025 -1.4204 -0.039042 0.498557 -1.11116 -3.21891 -4.57661 -9999 -9999 -9999 -9999 -9999 -9999 -9999 -9999 -9999 -9999 -9999 -9999 -9999 -9999 -9999 -9999 -9999 -9999 -9999 -9999 -9999 -9999 -9999 -9999 -9999 -9999 -9999 -9999 -9999 -9999 -9999 -9999 -9999 -9999 -9999 -9999 -9999 -9999 -9999 -9999 -9999 -9999
7.60644 7.2598 6.28103 6.89359 7.35418 8.20137 8.42575 8.55528 9.76479 9.70336 9.64998 9.13716 8.72759 8.04727 6.88336 5.22515 3.22806 -0.251137 1.89818 3.58167 3.54097 3.45117 2.69903 1.08286 2.43878 2.50428 0.448297 -1.89632 -3.2747 -3.84342 -9999 -9999 -9999 -9999 -9999 -9999 -9999 -9999 -9999 -9999 -9999 -9999 -9999 -9999 -9999 -9999 -9999 -9999 -9999 -9999 -9999 -9999 -9999 -9999 -9999 -9999 -9999 -9999 -9999 -9999 -9999 -9999 -9999 -9999 -9999 -9999 -9999 -9999 -9999 -9999 -9999
6.80515 6.47156 5.27549 5.89186 6.71339 7.86902 8.46783 8.92768 9.29111 9.66173 9.62074 9.09576 7.54028 7.32033 7.25549 6.1718 3.89467 1.62051 1.03322 3.60018 4.33659 4.18935 4.76424 3.39555 4.04542 3.78174 3.05518 0.800875 -1.25432 -2.10348 -3.78378 -9999 -9999 -9999 -9999 -9999 -9999 -9999 -9999 -9999 -9999 -9999 -9999 -9999 -9999 -9999 -9999 -9999 -9999 -9999 -9999 -9999 -9999 -9999 -9999 -9999 -9999 -9999 -9999 -9999 -9999 -9999 -9999 -9999 -9999 -9999 -9999 -9999 -9999 -9999 -9999
-9999 -9999 -9999 4.53551 5.65059 6.57472 7.70702 8.6858 9.17697 9.65416 9.61841 8.56649 8.05323 8.01066 7.30145 6.04999 5.26551 3.83463 2.34369 2.91669 5.10608 4.13565 5.6873 5.55831 5.84502 4.81114 2.85008 0.234267 -1.29245 -2.05199 -3.41326 -9999 -9999 -9999 -9999 -9999 -9999 -9999 -9999 -9999 -9999 -9999 -9999 -9999 -9999 -9999 -9999 -9999 -9999 -9999 -9999 -9999 -9999 -9999 -9999 -9999 -9999 -9999 -9999 -9999 -9999 -9999 -9999 -9999 -9999 -9999 -9999 -9999 -9999 -9999 -9999
-9999 -9999 -9999 -9999 5.4578 6.16221 7.67544 8.45982 8.77946 9.54757 9.55173 9.15476 8.85565 8.42049 7.85138 6.91146 5.87422 4.52864 4.40648 5.808 5.82779 5.53794 5.76992 6.49079 6.30328 4.70366 1.93781 0.477618 -2.48862 -3.75913 -3.62658 -4.5264 -9999 -9999 -9999 -9999 -9999 -9999 -9999 -9999 -9999 -9999 -9999 -9999 -1.0221 -9999 -9999 -9999 -9999 -9999 -9999 -9999 -9999 -9999 -9999 -9999 -9999 -9999 -9999 -9999 -9999 -9999 -9999 -9999 -9999 -6.32927 -9999 -9999 -9999 -9999 -9999
-9999 -9999 -9999 5.33294 6.27331 7.01062 7.96028 8.05509 8.62252 9.50531 9.52057 9.23969 8.92197 8.20467 8.02881 7.49486 6.36851 6.1402 6.60049 6.81393 7.05546 7.20512 7.08815 6.79924 6.42502 5.3926 4.11133 3.25198 0.542062 -0.828037 -2.13942 -4.12522 -5.67813 -9999 -9999 -9999 -9999 -9999 -9999 -9999 -2.06909 -2.13789 -2.09729 -1.65576 -0.446363 -1.14795 -9999 -9999 -9999 -9999 -9999 -9999 -9999 -9999 -9999 -9999 -9999 -9999 -9999 -9999 -9999 -9999 -9999 -9999 -9999 -5.22964 -6.78917 -9999 -9999 -9999 -9999
-9999 -9999 -9999 5.59439 6.58993 7.08866 8.01122 8.54024 8.88914 9.19678 9.49083 9.4442 9.09227 8.55571 8.56166 7.82151 7.4237 7.14047 7.7622 7.88733 7.64177 7.33297 7.06008 6.28348 6.19548 5.94312 5.13062 3.79541 2.41937 0.434805 -2.26199 -4.9066 -7.03924 -9999 -9999 -9999 -9999 -9999 -9999 -1.83862 -0.833716 -0.229358 -1.49747 -0.403531 0.597002 0.444188 -0.511 -9999 -9999 -9999 -9999 -9999 -9999 -9999 -9999 -9999 -9999 -9999 -9999 -9999 -9999 2.1826 0.582831 -2.65381 -4.3099 -5.30093 -6.71825 -9999 -9999 -9999 -9999
-9999 -9999 -9999 5.40872 6.5841 7.38139 8.08932 8.20514 8.93248 9.24954 9.40855 9.39241 9.3245 9.22757 8.58181 8.30556 7.32847 8.2687 8.23609 8.00177 7.06545 6.66112 5.05119 4.34403 4.187 5.54536 4.54513 2.45432 -0.160008 -3.30126 -3.50173 -4.53989 -6.44597 -9999 -9999 -9999 -9999 -9999 -9999 -1.51829 -0.443638 0.454605 0.590481 -0.669413 1.10417 1.04548 0.0633936 -0.154378 0.662736 1.07996 0.782237 1.76115 2.04986 1.61805 2.10176 -9999 -9999 -9999 -9999 2.40788 2.47729 2.53108 1.86749 -1.66889 -4.08211 -6.24828 -6.44052 -9999 -9999 -9999 -9999
-9999 -9999 -9999 6.23132 6.95651 7.32497 7.38755 8.02317 8.65939 9.05052 9.33617 9.28139 9.26063 9.23847 9.01924 8.5067 8.60215 8.56332 8.26566 6.48074 4.39685 5.30939 4.07333 1.42155 3.58118 4.76725 3.63355 1.09945 -1.83944 -2.80004 -2.75607 -4.20087 -6.06036 -9999 -9999 -9999 -4.44412 -2.90898 -2.77136 -2.31498 -0.883224 0.207638 1.032 1.59538 1.58304 1.00714 0.0469924 -0.997352 -0.615892 1.28176 1.74913 2.15028 2.44929 2.04871 2.26513 2.77496 3.04028 3.09721 2.9822 2.95908 3.00471 2.94898 2.32998 -0.832106 -2.6394 -3.78994 -6.10029 -9999 -9999 -9999 -9999
-9999 -9999 -9999 5.78914 6.42028 6.93204 7.7783 7.8708 8.40776 8.72862 9.20198 9.2574 8.70856 9.16644 9.11008 9.02752 8.84958 8.5877 7.08143 5.00424 2.92189 1.9621 2.3734 0.780583 1.60431 2.80609 2.37052 0.816323 -1.80178 -2.16954 -2.77716 -5.20624 -7.54647 -9999 -9999 -7.40678 -4.46545 -2.39285 -1.32133 -0.985796 -0.94856 0.424582 0.53826 2.01679 1.67771 -0.257355 -0.0311591 -0.779966 -0.282184 0.419235 0.615873 1.62095 2.58987 2.77593 2.78456 3.11055 3.18057 3.20135 3.19674 2.9824 3.08646 3.10633 2.72225 0.432208 -0.681255 -1.90631 -6.05733 -9999 -9999 -9999 -9999
-9999 -9999 -9999 6.12134 6.82638 7.59799 7.7258 8.29808 8.24307 8.08523 8.88114 9.17372 8.78685 8.50906 9.02764 8.99444 8.92864 8.81864 7.40339 5.76519 3.28351 1.74258 0.799563 0.131505 -0.760141 -0.141962 -0.328457 -0.579314 -0.287336 -1.00603 -2.44203 -3.86491 -6.52711 -7.96731 -9999 -7.23717 -5.90831 -3.44413 -1.34872 -0.0163037 -0.488031 1.07278 1.36774 2.27015 1.75082 0.580587 0.081591 0.0439361 -0.103895 0.950344 1.66313 2.1678 2.50558 2.92736 3.03684 3.14641 3.19417 3.22169 3.24954 3.24788 3.24363 3.20161 3.06031 2.01033 0.900619 -1.50702 -5.90647 -9999 -9999 -9999 -9999
-9999 -9999 4.0871 6.05351 7.23345 7.69238 8.02442 8.31732 8.53007 8.75405 8.96255 9.10687 9.04848 8.02036 8.10686 8.29456 8.88211 8.84327 8.7181 7.82386 4.80356 3.76019 2.23541 0.260435 -0.561967 -0.146689 1.47621 1.40561 0.33376 -0.861141 -2.51425 -3.56567 -5.19895 -8.33399 -8.05039 -6.63519 -5.58098 -3.90522 -1.34485 0.452005 1.25724 1.5655 2.20078 2.53538 1.82255 1.14725 0.866485 0.339384 0.271753 0.283379 0.923173 1.42438 2.53039 2.90494 3.08026 3.17025 3.2201 3.25716 3.2937 3.30876 3.29155 3.29702 3.29331 3.22237 1.74139 -1.9718 -4.76201 -9999 -9999 -9999 -9999
-9999 -9999 -9999 5.70335 6.22433 6.36317 6.60341 7.09169 7.65401 8.45021 8.55491 8.9941 8.99456 8.10909 7.08603 7.9819 8.33948 8.71025 8.72435 8.61194 6.07241 4.74602 3.70218 1.80853 2.49636 3.1483 3.19963 2.80934 0.509335 -1.78156 -4.42409 -6.89218 -7.00938 -8.33735 -7.63199 -6.69666 -4.2974 -2.60742 -1.91935 -1.42318 1.1811 1.86229 2.10233 2.77499 1.87561 1.65794 0.984786 1.19596 1.14462 1.15655 -0.724388 1.17836 1.29673 2.53673 3.09794 3.22892 3.26662 3.30639 3.31551 3.32612 3.32428 3.34109 3.32805 3.31437 2.35431 -2.35761 -4.71418 -9999 -9999 -9999 -9999
-9999 -9999 -9999 -9999 -9999 5.88794 6.28598 6.54221 6.98319 8.32848 8.69268 8.93553 8.95868 8.5655 7.55301 7.28838 7.47729 6.48982 7.32156 8.45759 8.43216 8.29737 6.06637 4.92771 6.0365 5.70241 4.02531 2.70554 1.40273 -1.27967 -3.24388 -6.0727 -8.19675 -8.27592 -5.92979 -3.98016 -1.55246 -0.479136 -1.08424 -0.419489 0.876848 2.3495 3.06562 2.90618 1.9579 1.83616 0.793757 1.83588 1.933 1.46079 1.05335 1.22713 1.84418 2.08287 3.05354 3.29175 3.33789 3.34844 3.35557 3.35477 3.35298 3.34617 3.34137 3.33399 3.29731 -1.5462 -5.30732 -9999 -9999 -9999 -9999
-9999 -9999 -9999 -9999 -9999 4.96988 5.2137 5.84893 7.47491 8.32745 8.67346 8.66461 8.8261 8.5497 7.65922 6.74518 5.88337 4.77113 5.41208 7.1025 8.10018 8.21602 6.26066 7.28344 6.90443 6.15467 3.96069 2.344 1.48736 -1.08785 -3.29334 -5.17513 -7.77365 -6.66106 -5.43548 -3.8611 -1.21251 0.576011 1.31368 0.702772 1.53379 3.2275 3.2443 2.32957 2.39795 1.84814 0.42053 1.92549 2.35528 2.0245 2.12054 2.00245 2.23628 2.65614 3.0573 3.32505 3.36436 3.37193 3.36628 3.369 3.37381 3.3597 3.36653 3.35916 3.34151 0.218011 -5.36509 -9999 -9999 -9999 -9999
-9999 -9999 -9999 -9999 -9999 -9999 4.13938 5.58462 7.74203 8.27941 8.23349 8.68111 8.7223 8.29657 7.92741 6.81721 5.29938 2.38105 3.12846 4.68474 6.92739 8.10724 7.95099 7.29997 6.1649 3.41458 1.00762 0.716714 0.323712 -1.55536 -3.2537 -5.34587 -4.13254 -2.80332 -1.34886 -0.583601 -0.779553 0.753446 2.00473 1.48008 2.49818 3.68576 3.1577 2.84904 2.59175 1.95444 1.92462 2.00178 2.86029 2.28126 2.65066 2.66827 2.65464 2.86191 3.09887 3.34683 3.39042 3.39413 3.40108 3.37592 3.38965 3.38022 3.37188 3.36561 3.3515 3.07605 0.0746613 -1.71725 -9999 -9999 -9999
-9999 -9999 -9999 -9999 -9999 -9999 2.82307 3.54551 6.1 6.8905 8.02065 8.622 8.65243 7.93177 7.53156 5.87568 5.34081 2.64152 1.42138 2.4629 2.06845 5.15525 7.8869 7.29687 1.79069 -0.202269 -1.6234 -1.25611 -1.25117 -1.77329 -4.66487 -5.46129 -2.87043 -1.2386 0.0262974 0.986601 1.18863 1.15875 3.11368 3.37797 4.01765 3.88647 3.95258 2.97555 2.37444 2.91901 2.31428 2.2187 3.10528 2.24982 3.03974 2.95607 2.72823 2.72199 3.24212 3.3508 3.40946 3.41602 3.39871 3.37576 3.36508 3.38642 3.3842 3.36212 3.37088 3.35089 3.00514 1.45487 0.919607 1.53382 -9999
-9999 -9999 -9999 -9999 -9999 -9999 -9999 1.18032 4.72922 6.35175 7.20583 8.40712 8.55452 8.17204 7.47761 5.79112 4.30841 1.89578 -0.860102 -2.31772 2.05937 5.86926 7.85901 7.60199 3.01911 1.2118 1.13006 2.19784 1.30014 0.619469 -1.57751 -2.23324 -3.1451 -2.58115 -0.81912 0.622028 2.01211 3.02405 3.11018 3.76939 4.15173 4.18904 4.31401 4.206 4.11978 3.18133 3.84728 3.29939 3.60417 3.42252 3.25894 3.11973 2.58269 2.97298 3.31852 3.4107 3.44152 3.4239 3.42194 3.41052 3.38198 3.37337 3.37671 3.37993 3.36975 3.37746 3.37343 3.2082 2.27937 1.03257 -0.545358
-9999 -9999 -9999 -9999 -9999 -9999 -9999 -0.576897 2.95468 4.65756 6.84914 7.97708 8.43701 8.37986 7.81773 6.53704 4.60781 3.00119 -0.0756975 -3.27075 1.32323 5.41701 7.62688 7.74665 3.89746 4.9684 4.10732 4.45783 2.87899 2.22403 1.70624 0.572712 -0.666984 -2.02444 -2.73966 0.492052 2.15293 3.49055 4.12353 4.48364 4.6663 4.57708 4.34284 2.91604 4.01745 3.97084 3.87083 3.75483 3.70311 3.59831 3.47292 3.4027 3.38135 3.02619 3.44071 3.43594 3.44468 3.44953 3.44169 3.42434 3.40993 3.39186 3.39796 3.39213 3.38513 3.38318 3.39104 3.38873 3.34657 3.10662 0.984044
-9999 -9999 -9999 -9999 -9999 -9999 -9999 -5.52097 -0.384535 3.74223 5.89994 7.65614 8.14104 8.32409 7.56884 7.00476 5.6227 4.31412 2.29358 -0.734486 -2.59782 0.842615 5.84194 7.68798 7.54862 7.43603 6.44019 5.54281 5.43129 5.50082 4.45531 2.92952 0.93763 0.318996 -0.378033 2.02965 2.35839 2.18557 4.83412 4.84431 4.69877 3.69219 2.56614 2.78797 2.09673 2.6453 1.81756 2.59462 3.26732 3.52346 3.51049 3.43065 3.42645 3.39218 3.46879 3.47133 3.46319 3.45747 3.45576 3.44899 3.42171 3.40822 3.42391 3.41002 3.40078 3.39564 3.40649 3.40961 3.38039 3.35465 3.03566
-9999 -9999 -9999 -9999 -9999 -9999 -9999 -5.28869 -0.967667 2.69764 4.8966 7.01149 7.5045 8.22017 8.06934 7.47832 6.27731 4.77607 3.11362 0.516165 -1.41366 0.888014 4.20858 6.58673 7.44281 7.43792 7.38324 7.15977 7.06664 6.80589 6.62029 5.52795 3.64861 2.58622 1.03078 3.7139 4.01714 3.6006 4.94201 4.8788 2.85986 1.30919 1.12101 2.07742 1.18152 1.03393 0.482135 1.12514 2.8351 2.34599 2.45137 3.23136 3.36446 3.45243 3.47869 3.47716 3.47696 3.46715 3.47241 3.47774 3.45121 3.44134 3.43908 3.415 3.41778 3.4043 3.40247 3.39984 3.38782 3.3647 3.27984
-9999 -9999 -9999 -9999 -9999 -9999 -9999 -5.1887 -2.27988 1.01885 4.2555 6.51381 7.4265 8.09182 8.08764 7.40009 6.80449 5.86441 4.4021 3.39993 1.65795 -0.733854 3.28329 4.5176 5.62095 6.08378 7.23139 7.20559 6.68288 6.07521 6.64251 6.4804 4.99173 4.50342 3.67784 5.17115 5.17708 5.1385 5.06181 3.35613 0.984326 -0.910031 0.462137 0.182452 0.817549 -1.11519 0.492003 1.78674 2.21182 1.3469 0.704684 2.71972 3.05991 3.26259 3.39373 3.48102 3.46469 3.48882 3.48065 3.47852 3.47606 3.46321 3.45759 3.44544 3.43341 3.42539 3.42579 3.41097 3.39172 3.3983 3.35899
-9999 -9999 -9999 -9999 -9999 -9999 -9999 -9999 -3.98208 0.197313 3.93054 6.01031 7.31933 7.95851 7.94981 7.59957 7.19588 6.61381 5.55938 4.2341 2.13838 0.583231 1.57448 2.7837 2.92435 3.72913 6.05834 6.85545 5.73093 2.9462 4.59523 6.4307 6.40277 6.24824 6.07531 5.85329 5.65395 5.21513 4.03534 0.414701 -0.293978 -1.71091 -1.54404 -2.2677 -0.667125 -1.25158 0.39204 1.10837 1.38312 -0.123237 0.205517 1.99261 2.702 2.59033 3.02706 3.44445 3.46217 3.47805 3.47144 3.48448 3.49214 3.48997 3.47609 3.46801 3.46403 3.44012 3.45697 3.33013 3.25071 3.08142 3.30932
-9999 -9999 -9999 -9999 -9999 -9999 -9999 -9999 -4.80262 -0.630029 3.76599 5.17945 6.59039 7.80851 7.83502 7.29826 6.78787 6.26202 5.66293 4.05491 2.49563 1.00706 0.50904 0.811902 0.793676 2.09425 5.12811 5.71734 5.46917 2.56432 1.58163 4.03328 6.09409 6.25831 6.07392 3.65366 4.1725 2.86867 1.09964 0.615778 -0.155647 -1.79033 -0.995939 -2.1913 -1.67058 -1.7956 -0.85984 -0.400111 0.711596 -0.600671 -0.586079 1.16899 2.05523 2.08266 3.01188 3.34622 3.43724 3.46356 3.48375 3.49245 3.51195 3.50871 3.50077 3.48882 3.45116 3.35286 3.03987 1.30137 1.31156 1.80078 2.26416
-9999 -9999 -9999 -9999 -9999 -9999 -9999 -9999 -4.3092 -1.41282 2.48814 5.3785 5.56285 6.96953 7.697 7.11308 6.45522 5.78206 5.48932 3.73905 1.81615 0.263006 -1.57594 -1.27011 0.0545282 2.22244 4.18306 4.53556 4.13308 2.57881 3.31769 4.99052 5.87987 6.14382 5.9404 5.41544 5.11351 4.15432 3.7408 2.40807 0.32236 -0.496159 0.0302586 -2.18326 -2.02261 -1.19631 -2.05465 -0.611247 0.0828469 -1.61397 -0.248157 1.3015 2.09643 2.7919 3.12375 3.259 3.46356 3.4737 3.49539 3.50952 3.51176 3.51705 3.49033 3.46946 3.28951 3.02143 1.39386 0.731549 0.872766 1.63597 2.30519
-9999 -9999 -9999 -9999 -9999 -9999 -9999 -9999 -3.80503 -1.19699 2.18578 4.24734 4.61855 6.17817 7.5653 7.41348 6.72891 6.52234 5.81269 4.3287 2.68925 0.897005 0.0270201 -1.9765 0.00100764 1.56892 3.22967 4.00788 2.73208 2.09115 3.2329 4.368 4.82291 5.96946 5.96136 5.59148 3.98734 3.207 3.542 3.20929 2.62393 1.18989 1.13072 0.21172 -0.165679 -0.521656 -1.68331 -0.927929 -0.846779 -0.632565 0.99935 1.80867 2.34708 2.83709 2.96964 3.1855 3.46393 3.49304 3.50787 3.51172 3.52201 3.50724 3.43501 3.37522 3.0068 2.35018 1.11977 -0.865837 0.554508 2.03945 2.49258
-9999 -9999 -9999 -9999 -9999 -9999 -9999 -9999 -4.23794 -1.46759 1.42392 2.63453 2.84246 5.66279 7.39079 7.39658 7.07352 6.6957 4.93872 5.04475 4.69549 3.07903 0.723199 -1.86445 -1.61901 -0.0706332 2.12194 2.84908 0.736424 -0.00947193 0.543846 2.25909 3.79482 5.39831 5.80782 5.3413 2.8426 0.187254 1.42425 2.74598 2.743 2.36098 1.03156 0.612934 0.234652 -0.733413 -2.37043 -2.12131 -1.65693 0.200091 0.789115 1.69566 2.44938 2.17297 2.34335 3.06415 3.47988 3.50049 3.51291 3.53155 3.52731 3.5081 3.35873 3.20041 2.93105 1.20893 0.140525 -1.40926 0.421642 1.43586 1.9917
-9999 -9999 -9999 -9999 -9999 -9999 -9999 -9999 -5.0837 -3.0725 -0.308622 0.806999 2.58479 5.25016 6.56255 7.19312 7.1821 6.93121 6.14599 5.67496 4.74406 3.06239 0.7619 -1.79566 -3.45981 -2.61014 0.341973 1.0465 -0.906152 -1.89694 -0.656808 1.17106 3.8763 5.42326 5.63481 5.49837 4.98582 3.04818 0.706601 0.718655 1.89932 0.919634 -0.219548 0.414634 0.303362 -0.652552 -1.3463 -1.75986 -1.48209 -0.422826 0.0175432 1.06382 2.60508 2.83065 2.79256 3.44438 3.48198 3.50226 3.53179 3.53615 3.53539 3.52124 3.4004 3.12316 1.9786 0.981385 -0.408091 -0.574534 1.06403 1.78467 2.45727
-9999 -9999 -9999 -9999 -9999 -9999 -9999 -9999 -6.54776 -4.18203 -1.59273 0.831903 3.12598 5.10078 5.25605 6.29889 6.30038 6.84807 6.6947 5.96696 5.18336 3.73479 0.778842 -1.70639 -4.41704 -3.6994 -0.689116 -0.290496 -1.59677 -4.01243 -1.51246 1.24428 3.74307 5.09719 4.04108 5.12992 5.04419 4.32046 2.92809 0.761259 0.806635 -0.815729 -0.881759 -0.0412581 0.235094 0.101227 -0.41822 -1.24496 -1.08765 -0.44128 -0.272902 0.689089 1.88604 3.05621 3.25742 3.48494 3.49979 3.50865 3.53198 3.53948 3.52039 3.46606 3.33938 2.38055 1.23936 0.538631 -0.427794 -0.539796 1.34188 2.10433 2.53178
-9999 -9999 -9999 -9999 -9999 -9999 -9999 -9999 -9999 -4.4132 -1.73829 0.241794 0.777129 2.53278 3.48208 4.21728 4.38239 6.47499 6.59288 6.13246 5.41287 4.17777 1.93533 0.373628 -2.22632 -4.09449 -3.31729 -2.9568 -2.26669 -2.46665 -1.35017 1.29903 4.05903 4.36278 2.61442 2.87705 3.24694 4.07186 3.65903 0.705069 -0.79353 -2.03652 -1.14569 -0.2086 0.0220672 0.072473 -0.101996 -0.293126 -0.63951 0.613438 1.54204 1.76181 2.572 3.17153 3.34106 3.47004 3.49062 3.5114 3.51686 3.48748 3.46761 3.32383 2.99517 1.92192 -0.666637 -0.539898 -0.81477 -1.61591 0.220555 1.39764 2.43375
-9999 -9999 -9999 -9999 -9999 -9999 -9999 -9999 -9999 -5.29169 -2.19721 -1.54121 -1.58677 -2.60739 -2.13333 1.66395 2.43077 4.43774 6.33819 6.20145 5.49551 4.34006 3.0055 0.937891 -1.98649 -4.30971 -5.28371 -2.77677 -0.317224 0.192955 0.980359 2.60477 2.91581 1.12877 -0.546745 0.398931 0.96999 3.13651 3.53501 3.11853 1.34045 -0.692916 -1.75205 -0.491628 -0.318835 -0.238352 -0.218168 -0.246142 -0.284231 1.13107 1.91495 2.46044 2.75998 3.27558 3.41161 3.45882 3.50347 3.49952 3.47843 3.40306 3.31665 2.91857 2.43562 0.6741 -0.793524 -1.70656 -2.86692 -0.233443 0.558033 1.65832 2.36821
