Test_Spring_2018/03_18/Temp/20180305_015.txt
ncols	170
nrows	115
xllcorner	350000.000000
yllcorner	4445000.000000
cellsize	1000.000000
nodata_value	-9999.000000
[rows 32 to 63 of 115, columns 72 to 143 of 170]
13.6405 13.2973 13.8081 14.2776 13.9656 13.7583 14.5304 14.5223 14.2467 13.61 13.3718 13.1253 12.9717 12.158 9.88725 7.83964 8.92658 8.94586 8.18294 9.53216 8.80888 6.93313 4.28795 5.71442 5.33377 3.44431 2.96952 -9999 -9999 -9999 -9999 -9999 -9999 -9999 -9999 -9999 -9999 -9999 -9999 -9999 -9999 -9999 -9999 -9999 -9999 -9999 -9999 -9999 -9999 -9999 -9999 -9999 -9999 -9999 -9999 -9999 -9999 -9999 -9999 -9999 -9999 -9999 -9999 -9999 -9999 -9999 -9999 -9999 -9999 -9999 -9999 -9999
13.1863 13.0345 13.7975 13.7735 13.7109 13.9683 14.4433 14.5325 14.4203 14.1384 13.8936 13.6338 12.9858 12.0558 10.1115 7.78169 7.24813 8.3784 8.42619 8.60209 7.94227 7.11513 5.82502 6.86818 7.26866 6.02543 4.39674 3.34813 -9999 -9999 -9999 -9999 -9999 -9999 -9999 -9999 -9999 -9999 -9999 -9999 -9999 -9999 -9999 -9999 -9999 -9999 -9999 -9999 -9999 -9999 -9999 -9999 -9999 -9999 -9999 -9999 -9999 -9999 -9999 -9999 -9999 -9999 -9999 -9999 -9999 -9999 -9999 -9999 -9999 -9999 -9999 -9999
12.6455 11.8905 12.3473 12.6882 13.3131 13.4626 13.5515 14.4629 14.4065 14.3565 13.9566 13.6356 13.1085 12.2133 10.9417 9.41205 6.75369 8.38203 9.65556 9.61591 9.5388 8.95715 7.71738 8.74107 8.7819 7.19145 5.38404 4.32497 3.88261 -9999 -9999 -9999 -9999 -9999 -9999 -9999 -9999 -9999 -9999 -9999 -9999 -9999 -9999 -9999 -9999 -9999 -9999 -9999 -9999 -9999 -9999 -9999 -9999 -9999 -9999 -9999 -9999 -9999 -9999 -9999 -9999 -9999 -9999 -9999 -9999 -9999 -9999 -9999 -9999 -9999 -9999 -9999
12.0317 11.111 11.5706 12.1864 13.0512 13.489 13.8212 14.0882 14.361 14.3204 13.9113 12.7176 12.5412 12.4831 11.6491 9.90617 8.16556 7.70965 9.65597 10.2081 10.0871 10.516 9.46459 9.95043 9.74042 9.16951 7.43119 5.84909 5.19307 3.90415 -9999 -9999 -9999 -9999 -9999 -9999 -9999 -9999 -9999 -9999 -9999 -9999 -9999 -9999 -9999 -9999 -9999 -9999 -9999 -9999 -9999 -9999 -9999 -9999 -9999 -9999 -9999 -9999 -9999 -9999 -9999 -9999 -9999 -9999 -9999 -9999 -9999 -9999 -9999 -9999 -9999 -9999
-9999 -9999 10.5239 11.3577 12.0488 12.8956 13.623 13.9873 14.3412 14.3046 13.4943 13.0944 13.0532 12.5043 11.5426 10.9365 9.83818 8.69403 9.1217 10.7803 10.0323 11.205 11.0976 11.3067 10.51 8.99447 6.98523 5.80552 5.21767 4.17167 -9999 -9999 -9999 -9999 -9999 -9999 -9999 -9999 -9999 -9999 -9999 -9999 -9999 -9999 -9999 -9999 -9999 -9999 -9999 -9999 -9999 -9999 -9999 -9999 -9999 -9999 -9999 -9999 -9999 -9999 -9999 -9999 -9999 -9999 -9999 -9999 -9999 -9999 -9999 -9999 -9999 -9999
-9999 -9999 -9999 11.1969 11.7206 12.8626 13.4369 13.6705 14.2459 14.2397 13.9282 13.6915 13.3513 12.9093 12.1849 11.3864 10.353 10.2513 11.31 11.3161 11.0864 11.2539 11.7936 11.6413 10.4054 8.28515 7.16318 4.88003 3.90292 3.99455 3.30009 -9999 -9999 -9999 -9999 -9999 -9999 -9999 -9999 -9999 -9999 -9999 -9999 5.84586 -9999 -9999 -9999 -9999 -9999 -9999 -9999 -9999 -9999 -9999 -9999 -9999 -9999 -9999 -9999 -9999 -9999 -9999 -9999 -9999 1.54787 -9999 -9999 -9999 -9999 -9999 -9999 -9999
-9999 -9999 11.1035 11.8019 12.3526 13.0652 13.1219 13.5367 14.1993 14.2016 13.9786 13.7277 13.1728 13.0303 12.6152 11.7489 11.5665 11.9085 12.0623 12.2373 12.3421 12.2437 12.0142 11.7196 10.9119 9.92593 9.26132 7.18061 6.12063 5.1125 3.59094 2.39928 -9999 -9999 -9999 -9999 -9999 -9999 -9999 5.07618 5.01377 5.03429 5.35978 6.26969 5.72387 -9999 -9999 -9999 -9999 -9999 -9999 -9999 -9999 -9999 -9999 -9999 -9999 -9999 -9999 -9999 -9999 -9999 -9999 -9999 2.36988 1.17057 -9999 -9999 -9999 -9999 -9999 -9999
-9999 -9999 11.2819 12.029 12.3978 13.0894 13.4815 13.7253 13.9498 14.1643 14.1197 13.8429 13.4257 13.4219 12.8498 12.5385 12.3144 12.7794 12.8659 12.6699 12.4255 12.2082 11.6071 11.5303 11.3169 10.6876 9.6603 8.60203 7.06776 5.00442 2.98111 1.34798 -9999 -9999 -9999 -9999 -9999 -9999 5.24756 6.00325 6.45345 5.47712 6.29926 7.04982 6.92161 6.16862 -9999 -9999 -9999 -9999 -9999 -9999 -9999 -9999 -9999 -9999 -9999 -9999 -9999 -9999 8.04259 6.81411 4.33859 3.06638 2.30022 1.20898 -9999 -9999 -9999 -9999 -9999 -9999
-9999 -9999 11.1268 12.0105 12.6063 13.1341 13.2112 13.7477 13.9752 14.0869 14.0655 14.0051 13.9228 13.4227 13.2042 12.4519 13.1597 13.1263 12.9392 12.2171 11.8998 10.6641 10.1157 9.97581 10.9996 10.227 8.62392 6.6223 4.21355 4.04542 3.24559 1.78508 -9999 -9999 -9999 -9999 -9999 -9999 5.47794 6.28677 6.96072 7.05351 6.08273 7.42174 7.35265 6.59141 6.41213 7.021 7.32545 7.07867 7.8056 8.01393 7.67408 8.03204 -9999 -9999 -9999 -9999 8.21807 8.26162 8.29298 7.77758 5.07377 3.22484 1.5635 1.3985 -9999 -9999 -9999 -9999 -9999 -9999
-9999 -9999 11.7395 12.28 12.5488 12.5847 13.0574 13.5245 13.8086 14.0181 13.9673 13.9428 13.9176 13.7425 13.3442 13.4089 13.3713 13.1363 11.7684 10.1725 10.8583 9.90522 7.87329 9.50034 10.3925 9.51796 7.57694 5.32784 4.57992 4.59838 3.48886 2.06519 -9999 -9999 -9999 3.26326 4.42418 4.52047 4.85912 5.94011 6.76092 7.37617 7.79374 7.76986 7.30943 6.56432 5.75493 6.03142 7.4628 7.80521 8.08567 8.30166 7.98551 8.14083 8.51932 8.71205 8.74642 8.65002 8.62362 8.64942 8.5977 8.11655 5.6963 4.30874 3.42069 1.63608 -9999 -9999 -9999 -9999 -9999 -9999
-9999 -9999 11.3922 11.861 12.2387 12.8679 12.9267 13.3244 13.5528 13.9005 13.9337 13.507 13.8475 13.7966 13.7259 13.5826 13.3753 12.22 10.6296 9.03493 8.29478 8.59676 7.37355 7.98362 8.88766 8.54117 7.34659 5.34164 5.05087 4.57305 2.70934 0.918329 -9999 -9999 1.00055 3.23283 4.80333 5.61108 5.85784 5.87684 6.91261 6.98845 8.10306 7.8308 6.33571 6.49389 5.90529 6.26974 6.78915 6.92511 7.67158 8.39284 8.52348 8.51971 8.75832 8.80252 8.80963 8.79763 8.62591 8.69649 8.70259 8.40051 6.64619 5.78723 4.83777 1.65735 -9999 -9999 -9999 -9999 -9999 -9999
-9999 -9999 11.631 12.1558 12.7313 12.8165 13.2403 13.183 13.0469 13.6431 13.8543 13.5511 13.3314 13.7185 13.6856 13.6279 13.5365 12.4507 11.1947 9.29598 8.11323 7.38394 6.86486 6.16835 6.62775 6.47424 6.27175 6.48282 5.92111 4.81254 3.7194 1.6795 0.574492 -9999 1.11518 2.11967 3.98867 5.57644 6.5826 6.21406 7.39274 7.60654 8.28077 7.87255 6.95986 6.56383 6.52046 6.39313 7.1814 7.70573 8.07098 8.3158 8.62198 8.69504 8.76895 8.79642 8.80896 8.82202 8.81263 8.80104 8.76026 8.64324 7.83341 6.9734 5.12748 1.75778 -9999 -9999 -9999 -9999 -9999 -9999
-9999 10.0835 11.565 12.4512 12.7882 13.0286 13.2393 13.3892 13.5439 13.689 13.7895 13.7346 12.9436 13.0018 13.1373 13.5774 13.5403 13.4372 12.748 10.4391 9.63431 8.46255 6.948 6.30481 6.6094 7.83362 7.7681 6.94018 6.0188 4.74495 3.93142 2.67855 0.280071 0.488471 1.55895 2.35455 3.62334 5.56547 6.92552 7.52961 7.75436 8.22633 8.46907 7.91122 7.37576 7.14692 6.73022 6.66339 6.65704 7.1294 7.49196 8.31738 8.59092 8.71128 8.7704 8.79971 8.81981 8.83982 8.8435 8.82237 8.81801 8.80596 8.73897 7.59956 4.75742 2.61352 -9999 -9999 -9999 -9999 -9999 -9999
-9999 -9999 11.2838 11.6679 11.7608 11.931 12.2901 12.706 13.2965 13.3654 13.6898 13.6789 12.9954 12.2087 12.8837 13.1489 13.4239 13.4271 13.3334 11.3896 10.3701 9.56509 8.11237 8.61942 9.104 9.13104 8.82178 7.05822 5.30187 3.27451 1.38474 1.28601 0.264112 0.79202 1.49725 3.31748 4.59734 5.11374 5.48336 7.45771 7.96597 8.13599 8.6358 7.93743 7.7504 7.22223 7.3673 7.31236 7.30573 5.85781 7.28761 7.36432 8.29624 8.70988 8.79847 8.81873 8.84116 8.8406 8.84121 8.83208 8.83661 8.81569 8.7934 8.05045 4.44908 2.63534 -9999 -9999 -9999 -9999 -9999 -9999
-9999 -9999 -9999 -9999 11.3838 11.6739 11.856 12.1792 13.1879 13.4543 13.629 13.6371 13.3288 12.5487 12.34 12.4768 11.7175 12.3433 13.2002 13.172 13.06 11.3509 10.4682 11.3008 11.0342 9.74469 8.72732 7.72301 5.66828 4.15753 1.99291 0.365698 0.296533 2.07512 3.55103 5.39311 6.20352 5.73521 6.23337 7.21059 8.3217 8.85553 8.72145 7.98562 7.87156 7.06181 7.83933 7.89705 7.5213 7.1952 7.30806 7.76431 7.93344 8.6612 8.8323 8.85673 8.85713 8.8553 8.84748 8.83863 8.82359 8.81026 8.79389 8.7541 5.05235 2.16883 -9999 -9999 -9999 -9999 -9999 -9999
-9999 -9999 -9999 -9999 10.6694 10.8419 11.3126 12.5381 13.1714 13.4238 13.4067 13.5201 13.3007 12.6144 11.9106 11.2473 10.393 10.8736 12.1529 12.9041 12.983 11.4838 12.2473 11.9468 11.3635 9.68022 8.43658 7.77193 5.7987 4.10417 2.66071 0.67208 1.51053 2.43572 3.62712 5.63679 6.99201 7.54633 7.07271 7.69629 8.97576 8.97695 8.26757 8.3059 7.86578 6.76242 7.89219 8.20302 7.93471 7.99181 7.88228 8.04649 8.35346 8.6474 8.84099 8.86179 8.8591 8.84769 8.84273 8.8383 8.81896 8.81455 8.79821 8.77287 6.38099 2.10981 -9999 -9999 -9999 -9999 -9999 -9999
-9999 -9999 -9999 -9999 -9999 10.0085 11.096 12.7262 13.1194 13.0733 13.4037 13.4254 13.0923 12.803 11.9499 10.7869 8.55711 9.11884 10.2961 11.9955 12.8848 12.7558 12.2447 11.3683 9.26141 7.41588 7.18191 6.87032 5.4272 4.11889 2.51514 3.42955 4.43294 5.53241 6.10757 5.95111 7.11164 8.05718 7.64934 8.41543 9.30946 8.89571 8.64791 8.43819 7.93143 7.89257 7.93486 8.57212 8.11466 8.37986 8.37363 8.34928 8.49428 8.66312 8.84161 8.86566 8.86043 8.8585 8.83218 8.83491 8.81919 8.80327 8.78779 8.76517 8.54235 6.2374 4.85716 -9999 -9999 -9999 -9999 -9999
-9999 -9999 -9999 -9999 -9999 8.99089 9.52802 11.4607 12.0466 12.8961 13.3436 13.3571 12.7992 12.4861 11.2174 10.8029 8.74027 7.80294 8.58817 8.27919 10.6209 12.6915 12.2267 8.02141 6.49143 5.39679 5.66416 5.65567 5.24604 3.02891 2.41197 4.37546 5.60926 6.56428 7.28792 7.43433 7.40456 8.88624 9.07872 9.55662 9.44633 9.48516 8.72842 8.25695 8.65035 8.17376 8.08461 8.74334 8.07544 8.66098 8.57763 8.39018 8.37258 8.75705 8.82943 8.86492 8.86152 8.84117 8.81673 8.80036 8.80806 8.79682 8.76933 8.76418 8.736 8.45362 7.25752 6.83388 7.28535 -9999 -9999 -9999
-9999 -9999 -9999 -9999 -9999 -9999 7.71193 10.4021 11.6217 12.261 13.1654 13.2679 12.9669 12.4299 11.1379 10.0015 8.15698 6.05106 4.93129 8.25634 11.1488 12.6545 12.4433 8.94133 7.55292 7.47852 8.27954 7.58373 7.05344 5.36527 4.85549 4.15127 4.5717 5.90504 6.9943 8.04576 8.8093 8.86756 9.36184 9.64208 9.66017 9.74393 9.6492 9.57007 8.83408 9.32553 8.89218 9.10809 8.95362 8.81322 8.68765 8.26484 8.5493 8.80084 8.86061 8.87373 8.85243 8.8436 8.82777 8.79879 8.78186 8.77484 8.76667 8.74719 8.74025 8.7182 8.57719 7.85408 6.88846 5.67051 -9999 -9999
-9999 -9999 -9999 -9999 -9999 -9999 6.3591 9.03628 10.3171 11.9751 12.8232 13.1631 13.1107 12.6743 11.6912 10.2146 8.98376 6.63322 4.19247 7.68108 10.7884 12.4618 12.5428 9.59455 10.3984 9.73073 9.9857 8.77133 8.26079 7.85145 6.97781 6.02389 4.9806 4.42627 6.87981 8.13729 9.14866 9.6232 9.88953 10.0201 9.94067 9.74897 8.65007 9.47572 9.41906 9.32756 9.22356 9.16839 9.07285 8.96191 8.88902 8.85917 8.57604 8.87856 8.86382 8.86162 8.8572 8.84364 8.82304 8.80457 8.7829 8.77623 8.75942 8.7425 8.72841 8.71552 8.69894 8.65151 8.45311 6.82077 5.84075 5.55637
-9999 -9999 -9999 -9999 -9999 -9999 2.57937 6.47911 9.60545 11.2378 12.5639 12.9237 13.0541 12.4705 12.033 10.9729 9.96884 8.42262 6.1089 4.68191 7.29043 11.0887 12.4824 12.3595 12.2623 11.4922 10.7971 10.7005 10.7419 9.93062 8.75794 7.23115 6.74894 6.20972 8.03545 8.27812 8.13887 10.1482 10.1479 10.0283 9.25229 8.38134 8.53865 7.99633 8.39306 7.74783 8.3245 8.82157 9.00144 8.97659 8.89654 8.87761 8.83934 8.88478 8.87681 8.86156 8.84883 8.83961 8.82674 8.79817 8.77973 8.78291 8.75875 8.74061 8.7216 8.71109 8.69909 8.662 8.62726 8.36905 7.98501 7.25745
-9999 -9999 -9999 -9999 -9999 -9999 2.7421 6.0159 8.79615 10.4586 12.0592 12.4251 12.9611 12.8377 12.3795 11.457 10.3061 9.03235 7.0464 5.56863 7.31319 9.82897 11.6305 12.2653 12.2483 12.1953 12.0137 11.9315 11.7215 11.5648 10.7227 9.27894 8.46082 7.26765 9.30292 9.52589 9.20074 10.2143 10.1578 8.61136 7.42088 7.26734 7.98063 7.28604 7.15233 6.71482 7.18997 8.47759 8.08818 8.15389 8.72864 8.81716 8.86958 8.87875 8.86758 8.85816 8.84202 8.83778 8.83377 8.80542 8.78946 8.77877 8.75073 8.7371 8.71496 8.69465 8.67595 8.65249 8.62032 8.541 8.45315 8.52269
-9999 -9999 -9999 -9999 -9999 -9999 2.80766 5.00271 7.50403 9.95665 11.6666 12.3521 12.8498 12.8379 12.306 11.8444 11.1206 9.99908 9.2279 7.89306 6.06297 9.11353 10.0392 10.8622 11.2046 12.0673 12.0362 11.6267 11.146 11.5676 11.4305 10.2873 9.90626 9.26877 10.3976 10.3939 10.3563 10.2896 8.98201 7.16665 5.71436 6.74921 6.52529 6.99239 5.49913 6.70795 7.67957 7.98868 7.31323 6.8101 8.32562 8.56875 8.71157 8.80064 8.85701 8.83511 8.84455 8.82973 8.81969 8.80934 8.79082 8.77735 8.7583 8.73863 8.7149 8.69632 8.67158 8.64111 8.63162 8.58509 8.56206 8.53674
-9999 -9999 -9999 -9999 -9999 -9999 -9999 3.69571 6.86522 9.69794 11.2718 12.259 12.7365 12.721 12.4457 12.13 11.6787 10.8676 9.85021 8.24586 7.05291 7.79894 8.70482 8.79398 9.39613 11.1591 11.755 10.8874 8.75024 9.99124 11.3791 11.3482 11.2212 11.0805 10.9022 10.7419 10.3992 9.49215 6.7259 6.17725 5.08843 5.20525 4.64319 5.84485 5.37786 6.61609 7.14779 7.34304 6.18182 6.41204 7.75553 8.28358 8.18693 8.50859 8.81575 8.8196 8.8225 8.80856 8.80974 8.80678 8.79611 8.77611 8.75995 8.74627 8.70938 8.70286 8.593 8.51887 8.37606 8.53567 8.5439 8.54017
-9999 -9999 -9999 -9999 -9999 -9999 -9999 3.05428 6.22156 9.55926 10.6258 11.6907 12.6091 12.6203 12.2029 11.8058 11.397 10.9325 9.69957 8.5036 7.36124 6.97299 7.19433 7.15602 8.136 10.4359 10.8738 10.6739 8.44032 7.68168 9.5389 11.0987 11.2144 11.0649 9.2127 9.59908 8.59734 7.24122 6.86369 6.26684 5.01211 5.60687 4.68569 5.0709 4.94748 5.64712 5.98395 6.8172 5.80436 5.79564 7.11458 7.77758 7.78703 8.48382 8.72808 8.7875 8.79804 8.80417 8.80169 8.80739 8.7956 8.77989 8.76069 8.72138 8.6353 8.37689 7.03266 7.02732 7.3866 7.72614 8.34565 8.51522
-9999 -9999 -9999 -9999 -9999 -9999 -9999 3.41633 5.61186 8.57272 10.7641 10.895 11.957 12.5021 12.0486 11.539 11.0178 10.7865 9.44502 7.97197 6.78032 5.37075 5.59436 6.5936 8.21883 9.70155 9.95943 9.64229 8.4369 8.98953 10.2537 10.9213 11.1129 10.9488 10.5399 10.301 9.56154 9.23759 8.21338 6.61544 5.98224 6.37293 4.67642 4.78762 5.4053 4.72182 5.80831 6.32402 5.01881 6.03365 7.20177 7.79547 8.31386 8.55576 8.64836 8.79413 8.79216 8.7992 8.80058 8.79289 8.78736 8.7572 8.73112 8.58345 8.36819 7.11705 6.58367 6.67859 7.24705 7.74388 8.25919 8.46821
-9999 -9999 -9999 -9999 -9999 -9999 -9999 3.78659 5.76273 8.32909 9.88944 10.1626 11.3412 12.3886 12.2641 11.7341 11.5681 11.0191 9.88027 8.62294 7.24909 6.57743 5.04223 6.53874 7.70648 8.96103 9.54334 8.54939 8.05113 8.91069 9.76537 10.1022 10.9659 10.9505 10.6596 9.42877 8.82536 9.07131 8.80859 8.35321 7.25117 7.19588 6.48536 6.18693 5.90443 4.98955 5.55245 5.60176 5.74592 6.9697 7.57426 7.97281 8.33487 8.42505 8.57903 8.78098 8.79331 8.79494 8.78828 8.78651 8.76553 8.70057 8.64478 8.35357 7.8425 6.89402 5.3523 6.4218 7.54038 7.86815 8.18462 8.34787
-9999 -9999 -9999 -9999 -9999 -9999 -9999 3.44322 5.54313 7.73549 8.64786 8.79679 10.9355 12.2425 12.238 11.9832 11.6867 10.3399 10.4119 10.1371 8.897 7.09365 5.11355 5.29095 6.45086 8.10309 8.64668 7.0151 6.43701 6.84852 8.14509 9.30509 10.5168 10.8194 10.4548 8.54259 6.51105 7.44384 8.44102 8.42909 8.12823 7.10552 6.77613 6.47714 5.72865 4.45942 4.62904 4.97057 6.35874 6.79553 7.47437 8.03709 7.81557 7.93464 8.47319 8.77966 8.78542 8.78507 8.78952 8.77652 8.75201 8.62819 8.4973 8.28154 6.95904 6.1341 4.93372 6.30634 7.06676 7.46332 8.1872 8.35484
-9999 -9999 -9999 -9999 -9999 -9999 -9999 2.78544 4.30731 6.40258 7.2427 8.58731 10.6081 11.5985 12.0698 12.0526 11.8527 11.2459 10.8783 10.1604 8.87052 7.10925 5.15203 3.87507 4.5125 6.73331 7.253 5.74985 4.98533 5.91999 7.30238 9.35312 10.5218 10.6736 10.5604 10.1607 8.67569 6.88295 6.88259 7.77206 7.01596 6.13811 6.61057 6.515 5.77588 5.23618 4.88994 5.08223 5.87006 6.19385 6.97929 8.14196 8.30286 8.26322 8.74927 8.76774 8.77318 8.78578 8.77925 8.76879 8.74802 8.64584 8.42432 7.542 6.77163 5.70225 5.56408 6.78141 7.3128 7.80397 8.1558 8.26611
-9999 -9999 -9999 -9999 -9999 -9999 -9999 1.65676 3.44873 5.41113 7.24828 8.98616 10.481 10.5902 11.3755 11.3678 11.776 11.6503 11.0871 10.4813 9.36891 7.10836 5.20617 3.13216 3.66902 5.94173 6.21454 5.20972 3.36007 5.25427 7.34414 9.23769 10.2595 9.44585 10.2658 10.1912 9.63064 8.56076 6.90089 6.92566 5.68005 5.61948 6.24907 6.44873 6.33572 5.92885 5.2763 5.36817 5.84182 5.95858 6.67997 7.58052 8.46093 8.60361 8.76655 8.76771 8.76444 8.77227 8.76806 8.74357 8.69213 8.58542 7.84476 6.96498 6.42042 5.67328 5.57667 6.98935 7.54205 7.84684 8.14995 8.26576
-9999 -9999 -9999 -9999 -9999 -9999 -9999 -9999 3.25906 5.28673 6.78538 7.18387 8.51188 9.22588 9.77689 9.89374 11.4786 11.5594 11.1997 10.6426 9.69264 7.97541 6.77649 4.78672 3.35418 3.919 4.16983 4.68545 4.5233 5.36387 7.37188 9.4644 9.68635 8.34547 8.53619 8.80859 9.42749 9.10359 6.84421 5.69303 4.7363 5.40442 6.10752 6.27235 6.29967 6.15553 5.97929 5.68827 6.63095 7.32677 7.48295 8.08903 8.53491 8.65354 8.74149 8.74705 8.75288 8.7471 8.71479 8.68966 8.57005 8.30947 7.48161 5.49948 5.58509 5.36463 4.74318 6.12318 6.98037 7.75832 8.16868 8.26988
-9999 -9999 -9999 -9999 -9999 -9999 -9999 -9999 2.5763 4.92356 5.41385 5.37 4.58368 4.93579 7.81893 8.39407 9.91366 11.3521 11.2388 10.692 9.80263 8.77674 7.19242 4.95546 3.17625 2.41155 4.30127 6.15618 6.53486 7.12482 8.35239 8.57984 7.2095 5.92416 6.63515 7.06081 8.70149 8.99551 8.66865 7.30458 5.74583 4.92879 5.87804 5.99871 6.04884 6.05288 6.01096 5.95399 7.01107 7.59667 8.00094 8.21815 8.60017 8.69335 8.7191 8.74306 8.73011 8.70416 8.63684 8.56104 8.24773 7.86961 6.51751 5.38902 4.68268 3.78777 5.78208 6.36597 7.17622 7.69454 8.10263 8.18703
