Test_Spring_2018/03_18/Temp/20180307_013.txt
ncols	170
nrows	115
xllcorner	350000.000000
yllcorner	4445000.000000
cellsize	1000.000000
nodata_value	-9999.000000
[rows 32 to 63 of 115, columns 72 to 143 of 170]
14.3563 14.1593 14.5025 14.8195 14.6351 14.5196 15.0254 15.04 14.8854 14.5024 14.3717 14.2358 14.1587 13.6641 12.2477 10.9725 11.6803 11.7125 11.2498 12.1232 11.6852 10.518 8.8638 9.78542 9.56359 8.38577 8.10911 -9999 -9999 -9999 -9999 -9999 -9999 -9999 -9999 -9999 -9999 -9999 -9999 -9999 -9999 -9999 -9999 -9999 -9999 -9999 -9999 -9999 -9999 -9999 -9999 -9999 -9999 -9999 -9999 -9999 -9999 -9999 -9999 -9999 -9999 -9999 -9999 -9999 -9999 -9999 -9999 -9999 -9999 -9999 -9999 -9999
14.0721 13.9964 14.4992 14.504 14.4785 14.6559 14.9738 15.0499 14.9987 14.8402 14.7053 14.561 14.1711 13.603 12.393 10.9393 10.6218 11.3569 11.4071 11.5382 11.1405 10.6367 9.83994 10.5192 10.7917 10.0265 9.01629 8.36864 -9999 -9999 -9999 -9999 -9999 -9999 -9999 -9999 -9999 -9999 -9999 -9999 -9999 -9999 -9999 -9999 -9999 -9999 -9999 -9999 -9999 -9999 -9999 -9999 -9999 -9999 -9999 -9999 -9999 -9999 -9999 -9999 -9999 -9999 -9999 -9999 -9999 -9999 -9999 -9999 -9999 -9999 -9999 -9999
13.7334 13.276 13.5851 13.8208 14.2266 14.3372 14.413 15.0094 14.9935 14.9817 14.7487 14.5656 14.2523 13.7061 12.9218 11.9742 10.3125 11.3628 12.1885 12.1832 12.1542 11.8058 11.0409 11.7079 11.753 10.7722 9.64097 8.99096 8.73121 -9999 -9999 -9999 -9999 -9999 -9999 -9999 -9999 -9999 -9999 -9999 -9999 -9999 -9999 -9999 -9999 -9999 -9999 -9999 -9999 -9999 -9999 -9999 -9999 -9999 -9999 -9999 -9999 -9999 -9999 -9999 -9999 -9999 -9999 -9999 -9999 -9999 -9999 -9999 -9999 -9999 -9999 -9999
13.3486 12.7864 13.0972 13.5068 14.0694 14.359 14.5872 14.7758 14.9681 14.9623 14.7235 13.9884 13.8969 13.8803 13.3728 12.2904 11.2094 10.941 12.1924 12.5616 12.5048 12.7958 12.1501 12.4769 12.3633 12.0257 10.9441 9.95934 9.56448 8.76934 -9999 -9999 -9999 -9999 -9999 -9999 -9999 -9999 -9999 -9999 -9999 -9999 -9999 -9999 -9999 -9999 -9999 -9999 -9999 -9999 -9999 -9999 -9999 -9999 -9999 -9999 -9999 -9999 -9999 -9999 -9999 -9999 -9999 -9999 -9999 -9999 -9999 -9999 -9999 -9999 -9999 -9999
-9999 -9999 12.4385 12.9817 13.4369 13.9872 14.4653 14.7155 14.9591 14.9558 14.4631 14.2302 14.2243 13.8973 13.3091 12.9459 12.2712 11.5675 11.8582 12.9274 12.474 13.2356 13.1871 13.3388 12.854 11.9151 10.6659 9.93573 9.58398 8.94252 -9999 -9999 -9999 -9999 -9999 -9999 -9999 -9999 -9999 -9999 -9999 -9999 -9999 -9999 -9999 -9999 -9999 -9999 -9999 -9999 -9999 -9999 -9999 -9999 -9999 -9999 -9999 -9999 -9999 -9999 -9999 -9999 -9999 -9999 -9999 -9999 -9999 -9999 -9999 -9999 -9999 -9999
-9999 -9999 -9999 12.8835 13.2328 13.9748 14.3512 14.5185 14.9023 14.9182 14.7411 14.6114 14.4164 14.157 13.719 13.2342 12.6007 12.5566 13.2465 13.2703 13.1448 13.2704 13.6314 13.5544 12.7958 11.4703 10.7801 9.35397 8.75589 8.83409 8.41514 -9999 -9999 -9999 -9999 -9999 -9999 -9999 -9999 -9999 -9999 -9999 -9999 10.318 -9999 -9999 -9999 -9999 -9999 -9999 -9999 -9999 -9999 -9999 -9999 -9999 -9999 -9999 -9999 -9999 -9999 -9999 -9999 -9999 8.14886 -9999 -9999 -9999 -9999 -9999 -9999 -9999
-9999 -9999 12.8125 13.2683 13.6362 14.1064 14.1571 14.4374 14.8763 14.8975 14.7763 14.6378 14.3069 14.2371 13.9949 13.4673 13.3723 13.6089 13.7264 13.8571 13.9433 13.9007 13.7749 13.6078 13.1166 12.5123 12.1113 10.8167 10.1624 9.54469 8.60234 7.86892 -9999 -9999 -9999 -9999 -9999 -9999 -9999 9.7377 9.72186 9.75891 9.98929 10.5898 10.2696 -9999 -9999 -9999 -9999 -9999 -9999 -9999 -9999 -9999 -9999 -9999 -9999 -9999 -9999 -9999 -9999 -9999 -9999 -9999 8.67374 7.94161 -9999 -9999 -9999 -9999 -9999 -9999
-9999 -9999 12.9239 13.4158 13.6683 14.1251 14.3924 14.5602 14.7218 14.8773 14.869 14.714 14.4704 14.4884 14.147 13.9706 13.8493 14.1638 14.2388 14.1349 14.0001 13.8823 13.5214 13.492 13.3767 12.998 12.3674 11.7172 10.7648 9.47935 8.21938 7.20648 -9999 -9999 -9999 -9999 -9999 -9999 9.8251 10.3265 10.6352 10.0418 10.5867 11.0867 11.0311 10.5905 -9999 -9999 -9999 -9999 -9999 -9999 -9999 -9999 -9999 -9999 -9999 -9999 -9999 -9999 12.165 11.4126 9.87174 9.09265 8.63426 7.97074 -9999 -9999 -9999 -9999 -9999 -9999
-9999 -9999 12.8298 13.408 13.8039 14.1568 14.2246 14.5819 14.7412 14.8316 14.838 14.82 14.7883 14.4925 14.3749 13.9196 14.388 14.3874 14.2893 13.8526 13.6717 12.9095 12.5819 12.5129 13.1799 12.7103 11.7152 10.468 8.95977 8.87542 8.38926 7.48534 -9999 -9999 -9999 -9999 -9999 -9999 9.97254 10.5077 10.9581 11.0414 10.4523 11.325 11.3161 10.8616 10.7755 11.188 11.4079 11.2799 11.7725 11.9306 11.7414 11.9932 -9999 -9999 -9999 -9999 12.232 12.2835 12.3276 12.0263 10.3409 9.19703 8.17247 8.10296 -9999 -9999 -9999 -9999 -9999 -9999
-9999 -9999 13.2216 13.5823 13.7711 13.8126 14.1305 14.4437 14.6391 14.7901 14.7781 14.7829 14.7875 14.6975 14.4663 14.5281 14.5251 14.397 13.552 12.5625 13.0163 12.4336 11.1645 12.2162 12.7997 12.2654 11.0563 9.65225 9.1946 9.22784 8.54547 7.66392 -9999 -9999 -9999 8.50489 9.26122 9.34453 9.58175 10.2892 10.8326 11.2474 11.5371 11.5469 11.2916 10.8479 10.3637 10.5665 11.4999 11.7441 11.955 12.1181 11.944 12.0684 12.3324 12.4785 12.524 12.4865 12.4933 12.5333 12.5246 12.2447 10.7385 9.88657 9.35145 8.26876 -9999 -9999 -9999 -9999 -9999 -9999
-9999 -9999 13.0033 13.3185 13.5761 13.9932 14.0491 14.3197 14.4821 14.719 14.7601 14.5106 14.7467 14.7354 14.7116 14.642 14.5317 13.8216 12.8359 11.8471 11.3987 11.6071 10.8522 11.2601 11.851 11.651 10.9126 9.66287 9.4977 9.21142 8.05374 6.94028 -9999 -9999 7.05323 8.48671 9.50207 10.0355 10.2146 10.2504 10.93 11.003 11.7337 11.5867 10.6764 10.8044 10.4626 10.7217 11.0809 11.1946 11.6954 12.1824 12.2908 12.3135 12.4889 12.5408 12.5688 12.5844 12.4989 12.567 12.5946 12.4278 11.343 10.8254 10.2573 8.2839 -9999 -9999 -9999 -9999 -9999 -9999
-9999 -9999 13.1565 13.5069 13.8894 13.9618 14.2487 14.2332 14.1651 14.5618 14.7131 14.5418 14.4236 14.6896 14.6899 14.6746 14.6378 13.9717 13.1977 12.0166 11.2882 10.8443 10.5348 10.1142 10.4237 10.3452 10.2357 10.3878 10.051 9.36555 8.69311 7.42367 6.74422 -9999 7.12683 7.78338 8.9875 10.0144 10.674 10.4647 11.235 11.3956 11.8471 11.6156 11.0738 10.8547 10.8558 10.8039 11.331 11.6938 11.9537 12.1357 12.3586 12.4298 12.5009 12.5419 12.573 12.6041 12.621 12.6367 12.6344 12.5846 12.0972 11.5839 10.4434 8.3502 -9999 -9999 -9999 -9999 -9999 -9999
-9999 12.1662 13.1189 13.6976 13.929 14.0994 14.2513 14.365 14.481 14.5937 14.6772 14.6613 14.1818 14.2398 14.3468 14.6466 14.6443 14.6001 14.1847 12.7442 12.2534 11.5299 10.5903 10.2046 10.4158 11.2088 11.1857 10.6802 10.1156 9.32566 8.8296 8.05615 6.55955 6.71117 7.40871 7.93295 8.75725 10.0083 10.8919 11.2981 11.4651 11.7883 11.9683 11.6457 11.3424 11.2267 10.9922 10.9791 11.004 11.3315 11.59 12.1424 12.3418 12.4453 12.5069 12.5488 12.5843 12.6195 12.6443 12.6537 12.6742 12.6906 12.6768 11.9825 10.2163 8.89823 -9999 -9999 -9999 -9999 -9999 -9999
-9999 -9999 12.945 13.2058 13.2825 13.4083 13.654 13.9358 14.3276 14.3909 14.6163 14.6306 14.2181 13.7417 14.1902 14.3794 14.5747 14.5978 14.5592 13.3479 12.7222 12.2318 11.3312 11.6728 11.9978 12.0332 11.8557 10.758 9.66491 8.3981 7.22121 7.1777 6.55022 6.90479 7.37106 8.5434 9.37462 9.72366 9.98071 11.2539 11.5997 11.7355 12.0788 11.6647 11.5821 11.2775 11.3989 11.3938 11.419 10.532 11.466 11.5423 12.1587 12.4479 12.5294 12.5654 12.6021 12.624 12.6465 12.6632 12.6891 12.7022 12.7167 12.274 10.0239 8.9148 -9999 -9999 -9999 -9999 -9999 -9999
-9999 -9999 -9999 -9999 13.0474 13.2489 13.3826 13.6057 14.262 14.4503 14.581 14.6068 14.4328 13.9604 13.8499 13.958 13.4991 13.9158 14.4779 14.4799 14.4283 13.3658 12.8278 13.3731 13.2227 12.425 11.7993 11.1818 9.89973 8.95966 7.60869 6.598 6.57335 7.71814 8.67227 9.85831 10.3925 10.1185 10.4569 11.1001 11.8286 12.1928 12.1354 11.698 11.6616 11.1793 11.7012 11.7678 11.5598 11.3828 11.4839 11.8005 11.9344 12.4206 12.5535 12.5938 12.6163 12.6371 12.654 12.6706 12.6869 12.7035 12.7194 12.7217 10.4085 8.62262 -9999 -9999 -9999 -9999 -9999 -9999
-9999 -9999 -9999 -9999 12.5988 12.7259 13.042 13.836 14.2548 14.4343 14.4437 14.5362 14.4185 14.0057 13.582 13.184 12.6648 12.9897 13.8194 14.3144 14.3836 13.4538 13.9572 13.7855 13.4347 12.3877 11.6188 11.2161 9.98547 8.92907 8.03424 6.79477 7.34423 7.94901 8.72277 10.0149 10.8937 11.2669 10.9907 11.4098 12.2449 12.2723 11.8511 11.9037 11.6612 10.9934 11.7384 11.9653 11.8255 11.8912 11.8518 11.9836 12.2048 12.4165 12.5636 12.6003 12.6214 12.636 12.6546 12.6751 12.6867 12.709 12.725 12.7366 11.2523 8.58856 -9999 -9999 -9999 -9999 -9999 -9999
-9999 -9999 -9999 -9999 -9999 12.2019 12.9082 13.9583 14.2253 14.2159 14.4453 14.4798 14.2902 14.1286 13.6105 12.8963 11.507 11.8832 12.6484 13.7432 14.3251 14.2622 13.9591 13.4231 12.1083 10.9587 10.8286 10.6492 9.75394 8.94187 7.94561 8.54274 9.19651 9.91152 10.2954 10.2171 10.9727 11.5933 11.3587 11.868 12.4594 12.2244 12.0953 11.991 11.7064 11.7121 11.7693 12.2027 11.9433 12.1407 12.1667 12.1792 12.2979 12.4305 12.568 12.6066 12.6258 12.6464 12.6518 12.6763 12.6902 12.7052 12.7219 12.7353 12.6234 11.2036 10.3624 -9999 -9999 -9999 -9999 -9999
-9999 -9999 -9999 -9999 -9999 11.5612 11.9195 13.161 13.55 14.1073 14.4108 14.4401 14.1084 13.9315 13.1505 12.9099 11.6263 11.054 11.5711 11.3954 12.8961 14.2248 13.9512 11.3091 10.3594 9.68492 9.87198 9.88445 9.6431 8.25611 7.88422 9.14511 9.94471 10.5684 11.0462 11.1596 11.1622 12.1219 12.2673 12.5943 12.5502 12.6015 12.1504 11.8805 12.1653 11.894 11.8679 12.3149 11.9223 12.3222 12.2993 12.2086 12.2243 12.4932 12.5636 12.6095 12.6303 12.6392 12.6455 12.6584 12.6872 12.7053 12.7143 12.7389 12.75 12.6099 11.8851 11.6494 11.9675 -9999 -9999 -9999
-9999 -9999 -9999 -9999 -9999 -9999 10.7738 12.4946 13.2846 13.709 14.3016 14.3873 14.2171 13.8991 13.1034 12.406 11.2603 9.94893 9.26051 11.3839 13.2331 14.2044 14.0914 11.8944 11.0344 11.0055 11.5303 11.1081 10.7906 9.73834 9.43439 9.00769 9.29284 10.1555 10.8657 11.5515 12.056 12.1153 12.4513 12.6535 12.6906 12.7702 12.7377 12.7158 12.2861 12.627 12.3829 12.5494 12.4814 12.4218 12.372 12.1322 12.3389 12.5237 12.5861 12.6196 12.6282 12.6445 12.6565 12.6607 12.6754 12.6962 12.7175 12.7328 12.7573 12.7819 12.7243 12.2989 11.7202 10.9817 -9999 -9999
-9999 -9999 -9999 -9999 -9999 -9999 9.92107 11.6339 12.4626 13.5317 14.0876 14.3229 14.3112 14.0568 13.4564 12.5437 11.7862 10.3199 8.79622 11.0239 13.0078 14.0854 14.1552 12.3109 12.838 12.434 12.6135 11.8635 11.5587 11.3156 10.7817 10.1972 9.55574 9.22653 10.7989 11.6152 12.2766 12.5992 12.7911 12.898 12.8728 12.779 12.1109 12.6612 12.6611 12.6328 12.5966 12.5913 12.5601 12.5189 12.5021 12.5107 12.3582 12.5773 12.594 12.6154 12.6349 12.6485 12.6578 12.6689 12.6787 12.701 12.7182 12.7351 12.7548 12.7852 12.8059 12.8076 12.7138 11.7126 11.1238 10.9808
-9999 -9999 -9999 -9999 -9999 -9999 7.53289 10.0194 12.0141 13.0672 13.9256 14.1744 14.2784 13.9307 13.6754 13.026 12.4119 11.4545 10.0111 9.12828 10.799 13.2212 14.1197 14.0633 14.0205 13.5519 13.1307 13.088 13.1328 12.6355 11.9115 10.965 10.6821 10.3608 11.5362 11.7106 11.6442 12.9379 12.961 12.9095 12.4436 11.9184 12.0447 11.7306 12.0172 11.638 12.032 12.3756 12.5182 12.531 12.5094 12.528 12.5297 12.5868 12.6054 12.6188 12.6334 12.6501 12.6646 12.6696 12.6816 12.7083 12.7218 12.7375 12.7558 12.7877 12.8108 12.8184 12.8276 12.6952 12.4829 12.0594
-9999 -9999 -9999 -9999 -9999 -9999 7.63709 9.72627 11.5053 12.5757 13.6093 13.8619 14.2223 14.1657 13.8971 13.3347 12.6276 11.8425 10.6064 9.69153 10.8149 12.4268 13.5856 14.0091 14.015 14.0003 13.9042 13.8698 13.7558 13.6727 13.1594 12.2689 11.771 11.0363 12.3445 12.5067 12.3228 12.9865 12.9741 12.0198 11.2914 11.2199 11.6976 11.2852 11.2365 10.9893 11.3185 12.1616 11.9475 12.017 12.4093 12.492 12.5556 12.586 12.6028 12.6202 12.633 12.6531 12.6736 12.6791 12.6929 12.7109 12.7189 12.7411 12.755 12.7811 12.801 12.8166 12.8268 12.807 12.7862 12.867
-9999 -9999 -9999 -9999 -9999 -9999 7.68143 9.0881 10.6907 12.261 13.3636 13.8184 14.1545 14.1683 13.853 13.582 13.145 12.4562 11.9887 11.1642 10.0262 11.9757 12.5815 13.1244 13.3594 13.9242 13.9234 13.6832 13.3929 13.6791 13.6159 12.9124 12.6915 12.3086 13.0436 13.0626 13.0607 13.0411 12.237 11.1125 10.2183 10.8984 10.7826 11.105 10.1961 10.9924 11.6357 11.8597 11.4604 11.1696 12.1568 12.343 12.4587 12.5397 12.5994 12.6092 12.6385 12.6524 12.6694 12.6865 12.699 12.7154 12.729 12.743 12.7606 12.7878 12.8019 12.8171 12.8416 12.8426 12.8575 12.8783
-9999 -9999 -9999 -9999 -9999 -9999 -9999 8.26376 10.2869 12.0996 13.1161 13.7617 14.0849 14.0963 13.9433 13.7645 13.4998 13.0073 12.3839 11.389 10.6541 11.1456 11.739 11.8181 12.2184 13.353 13.7493 13.2196 11.8833 12.6925 13.5904 13.5908 13.5307 13.4623 13.3693 13.2894 13.0946 12.5434 10.8165 10.4947 9.83049 9.92966 9.59992 10.3871 10.1279 10.9392 11.3035 11.4549 10.748 10.9224 11.8066 12.1667 12.131 12.3593 12.5768 12.6031 12.6286 12.6433 12.6678 12.6899 12.7076 12.7217 12.7374 12.7554 12.7657 12.8013 12.7613 12.7441 12.6836 12.8141 12.8485 12.8922
-9999 -9999 -9999 -9999 -9999 -9999 -9999 7.85778 9.88196 12.0142 12.7097 13.4044 14.0065 14.0347 13.7916 13.5613 13.3235 13.0502 12.2905 11.554 10.8512 10.6253 10.7849 10.7847 11.4243 12.8989 13.1954 13.0885 11.6961 11.2362 12.4314 13.4386 13.5324 13.4586 12.3081 12.5742 11.9626 11.1274 10.9118 10.558 9.78862 10.1899 9.63257 9.90221 9.86097 10.3309 10.5715 11.126 10.5124 10.5353 11.4045 11.8499 11.8813 12.347 12.5261 12.5878 12.6185 12.6463 12.6688 12.6968 12.7141 12.7295 12.7432 12.7448 12.7175 12.5889 11.7791 11.8049 12.0613 12.3051 12.7355 12.8799
-9999 -9999 -9999 -9999 -9999 -9999 -9999 8.08885 9.49835 11.3922 12.7994 12.9031 13.596 13.9619 13.6959 13.3944 13.0854 12.9597 12.1314 11.2197 10.4858 9.61391 9.77512 10.4269 11.4798 12.4376 12.6205 12.4397 11.6983 12.0683 12.8886 13.3316 13.4737 13.391 13.1538 13.0245 12.579 12.3968 11.772 10.7848 10.4084 10.6803 9.6322 9.72812 10.1448 9.75022 10.4645 10.8177 10.0188 10.6979 11.4632 11.8647 12.2181 12.3961 12.4794 12.596 12.619 12.6477 12.6729 12.6927 12.7141 12.7203 12.7297 12.6626 12.5533 11.789 11.5 11.5886 11.9768 12.3196 12.6945 12.8539
-9999 -9999 -9999 -9999 -9999 -9999 -9999 8.32497 9.59575 11.2401 12.2481 12.4418 13.2084 13.892 13.8341 13.5196 13.4354 13.1087 12.4087 11.6335 10.7845 10.3796 9.42827 10.3949 11.1587 11.9723 12.3607 11.7532 11.4585 12.0229 12.5844 12.8184 13.3859 13.3975 13.2352 12.4785 12.1191 12.2975 12.1545 11.89 11.2169 11.2064 10.7818 10.6183 10.4652 9.92411 10.3068 10.3646 10.4915 11.2939 11.7026 11.9805 12.235 12.3172 12.4394 12.5918 12.624 12.6495 12.6699 12.6935 12.7053 12.6896 12.68 12.522 12.2253 11.6523 10.7258 11.4305 12.1662 12.4128 12.6514 12.7817
-9999 -9999 -9999 -9999 -9999 -9999 -9999 8.10948 9.45866 10.8664 11.4645 11.5796 12.9536 13.8014 13.8195 13.6791 13.5123 12.6809 12.747 12.5935 11.8292 10.7085 9.47587 9.60809 10.3663 11.4327 11.7967 10.7863 10.4413 10.7224 11.5637 12.3187 13.1066 13.3196 13.1107 11.9231 10.6603 11.2732 11.9273 11.9433 11.777 11.1543 10.9706 10.8065 10.3583 9.59102 9.72662 9.96897 10.885 11.1877 11.6432 12.0249 11.9102 12.0107 12.3764 12.595 12.6233 12.6477 12.6753 12.6919 12.7015 12.6486 12.5915 12.4811 11.6709 11.1758 10.4563 11.3618 11.8706 12.1721 12.6572 12.7901
-9999 -9999 -9999 -9999 -9999 -9999 -9999 7.69499 8.67855 10.0249 10.5773 11.4489 12.7483 13.3958 13.7149 13.7248 13.6192 13.256 13.044 12.6103 11.8147 10.7207 9.50271 8.71497 9.13832 10.5691 10.9233 9.98935 9.52657 10.1389 11.0346 12.3533 13.1141 13.2318 13.1821 12.9515 12.0345 10.9232 10.9461 11.5324 11.078 10.5469 10.8704 10.8348 10.3924 10.0763 9.8956 10.0534 10.5799 10.811 11.3339 12.0951 12.2224 12.2225 12.5551 12.5916 12.6198 12.6526 12.6733 12.6916 12.7036 12.6644 12.55 12.0178 11.5568 10.9068 10.8463 11.6666 12.0425 12.392 12.6416 12.7381
-9999 -9999 -9999 -9999 -9999 -9999 -9999 6.98255 8.13707 9.39945 10.5826 11.703 12.6697 12.7598 13.2775 13.2935 13.5726 13.5139 13.1782 12.8156 12.1323 10.7226 9.53949 8.24762 8.60748 10.0703 10.2658 9.651 8.50183 9.72132 11.0647 12.2841 12.9521 12.4591 12.9999 12.975 12.6429 11.9889 10.962 11.0012 10.237 10.2229 10.6458 10.7969 10.7505 10.5184 10.1414 10.2384 10.5661 10.6661 11.1484 11.7439 12.3264 12.4419 12.5701 12.5958 12.6186 12.6484 12.6706 12.6801 12.6728 12.6307 12.1878 11.6571 11.3389 10.8927 10.8583 11.7923 12.192 12.4234 12.6421 12.7421
-9999 -9999 -9999 -9999 -9999 -9999 -9999 -9999 8.01877 9.3225 10.2916 10.5646 11.4258 11.8985 12.268 12.3629 13.3864 13.4584 13.2516 12.9198 12.3395 11.2736 10.5355 9.29706 8.41106 8.79842 8.97526 9.3225 9.24101 9.79398 11.0857 12.4309 12.593 11.7665 11.9092 12.1038 12.518 12.336 10.9298 10.2251 9.64367 10.0906 10.56 10.6891 10.7315 10.6656 10.5999 10.4466 11.0693 11.5357 11.6605 12.0697 12.3773 12.4776 12.5584 12.5869 12.6155 12.6367 12.6412 12.6503 12.5998 12.4604 11.9623 10.7342 10.8146 10.7016 10.3352 11.249 11.8524 12.3717 12.6582 12.7489
-9999 -9999 -9999 -9999 -9999 -9999 -9999 -9999 7.58855 9.09452 9.42569 9.41894 8.94246 9.18623 11.0313 11.4161 12.3985 13.3294 13.2786 12.9534 12.4115 11.7831 10.8013 9.40651 8.30127 7.83932 9.0606 10.256 10.5167 10.9111 11.709 11.8744 11.029 10.2377 10.7095 11.0011 12.0617 12.2707 12.0871 11.2478 10.2856 9.79299 10.4182 10.5195 10.5764 10.6043 10.6147 10.6152 11.3137 11.7104 11.9922 12.1555 12.4227 12.507 12.5484 12.5886 12.6053 12.6137 12.596 12.573 12.4 12.1862 11.3564 10.6684 10.2478 9.70816 10.9966 11.407 11.9688 12.3355 12.6207 12.7008
