Test_Spring_2018/03_18/Temp/20180326_002.txt
ncols	170
nrows	115
xllcorner	350000.000000
yllcorner	4445000.000000
cellsize	1000.000000
nodata_value	-9999.000000
[rows 32 to 63 of 115, columns 71 to 141 of 170]
8.12047 8.09615 7.73877 8.28608 8.78977 8.47166 8.26502 9.0928 9.09056 8.8047 8.13622 7.88969 7.63422 7.47702 6.62046 4.22052 2.05694 3.21395 3.24007 2.43773 3.87297 3.11291 1.13215 -1.66356 -0.145957 -0.542636 -2.5294 -3.0211 -9999 -9999 -9999 -9999 -9999 -9999 -9999 -9999 -9999 -9999 -9999 -9999 -9999 -9999 -9999 -9999 -9999 -9999 -9999 -9999 -9999 -9999 -9999 -9999 -9999 -9999 -9999 -9999 -9999 -9999 -9999 -9999 -9999 -9999 -9999 -9999 -9999 -9999 -9999 -9999 -9999 -9999 -9999
7.81303 7.62505 7.47035 8.28475 8.26553 8.20953 8.49714 9.01031 9.11116 8.99852 8.70593 8.45245 8.18302 7.50223 6.52271 4.46856 2.00609 1.44644 2.6494 2.70575 2.89791 2.20491 1.33479 -0.0256692 1.08568 1.51629 0.21125 -1.5002 -2.59701 -9999 -9999 -9999 -9999 -9999 -9999 -9999 -9999 -9999 -9999 -9999 -9999 -9999 -9999 -9999 -9999 -9999 -9999 -9999 -9999 -9999 -9999 -9999 -9999 -9999 -9999 -9999 -9999 -9999 -9999 -9999 -9999 -9999 -9999 -9999 -9999 -9999 -9999 -9999 -9999 -9999 -9999
7.34618 7.06225 6.26833 6.75826 7.12557 7.80377 7.97482 8.07538 9.04728 8.99386 8.94697 8.52946 8.19528 7.6427 6.70001 5.35855 3.74374 0.933204 2.66369 4.01838 3.98206 3.90615 3.29591 1.9886 3.07915 3.12863 1.45976 -0.437547 -1.55323 -2.01569 -9999 -9999 -9999 -9999 -9999 -9999 -9999 -9999 -9999 -9999 -9999 -9999 -9999 -9999 -9999 -9999 -9999 -9999 -9999 -9999 -9999 -9999 -9999 -9999 -9999 -9999 -9999 -9999 -9999 -9999 -9999 -9999 -9999 -9999 -9999 -9999 -9999 -9999 -9999 -9999 -9999
6.6954 6.4218 5.45238 5.94523 6.60365 7.53262 8.0095 8.37087 8.66029 8.95559 8.91888 8.49175 7.23326 7.05227 6.99641 6.11853 4.27776 2.43936 1.96185 4.0291 4.61948 4.49694 4.95703 3.84909 4.36974 4.1534 3.55962 1.73631 0.070291 -0.618508 -1.97782 -9999 -9999 -9999 -9999 -9999 -9999 -9999 -9999 -9999 -9999 -9999 -9999 -9999 -9999 -9999 -9999 -9999 -9999 -9999 -9999 -9999 -9999 -9999 -9999 -9999 -9999 -9999 -9999 -9999 -9999 -9999 -9999 -9999 -9999 -9999 -9999 -9999 -9999 -9999 -9999
-9999 -9999 -9999 4.84596 5.7417 6.48384 7.39034 8.17066 8.56323 8.94466 8.91237 8.0603 7.64285 7.60514 7.02953 6.01637 5.37984 4.2217 3.015 3.47334 5.2357 4.44875 5.69656 5.58851 5.81589 4.97794 3.39072 1.27265 0.0330523 -0.583495 -1.68544 -9999 -9999 -9999 -9999 -9999 -9999 -9999 -9999 -9999 -9999 -9999 -9999 -9999 -9999 -9999 -9999 -9999 -9999 -9999 -9999 -9999 -9999 -9999 -9999 -9999 -9999 -9999 -9999 -9999 -9999 -9999 -9999 -9999 -9999 -9999 -9999 -9999 -9999 -9999 -9999
-9999 -9999 -9999 -9999 5.58057 6.14556 7.36217 7.98308 8.23736 8.85365 8.85374 8.53028 8.28581 7.93154 7.46909 6.70734 5.86689 4.7775 4.67495 5.80153 5.81324 5.57508 5.75791 6.33522 6.17973 4.88085 2.64824 1.46598 -0.938516 -1.96735 -1.86409 -2.59364 -9999 -9999 -9999 -9999 -9999 -9999 -9999 -9999 -9999 -9999 -9999 -9999 0.172484 -9999 -9999 -9999 -9999 -9999 -9999 -9999 -9999 -9999 -9999 -9999 -9999 -9999 -9999 -9999 -9999 -9999 -9999 -9999 -9999 -4.24079 -9999 -9999 -9999 -9999 -9999
-9999 -9999 -9999 5.47859 6.23392 6.82424 7.58614 7.65563 8.10532 8.81428 8.82352 8.59393 8.33466 7.75294 7.60791 7.17377 6.26144 6.07337 6.44059 6.60844 6.79879 6.91492 6.81593 6.57827 6.27188 5.4334 4.39513 3.69747 1.50332 0.390749 -0.670891 -2.27651 -3.5328 -9999 -9999 -9999 -9999 -9999 -9999 -9999 -0.654953 -0.716212 -0.689547 -0.339713 0.629363 0.0564971 -9999 -9999 -9999 -9999 -9999 -9999 -9999 -9999 -9999 -9999 -9999 -9999 -9999 -9999 -9999 -9999 -9999 -9999 -9999 -3.36391 -4.62745 -9999 -9999 -9999 -9999
-9999 -9999 -9999 5.685 6.48328 6.88103 7.62103 8.04386 8.31467 8.55977 8.79412 8.75376 8.4671 8.03141 8.03321 7.43281 7.10826 6.87583 7.37315 7.46955 7.26666 7.01264 6.78754 6.15612 6.08036 5.87084 5.21057 4.12885 3.01444 1.40278 -0.776523 -2.91354 -4.6374 -9999 -9999 -9999 -9999 -9999 -9999 -0.469572 0.335606 0.817178 -0.212331 0.663454 1.46359 1.333 0.552252 -9999 -9999 -9999 -9999 -9999 -9999 -9999 -9999 -9999 -9999 -9999 -9999 -9999 -9999 2.62573 1.33032 -1.28581 -2.62694 -3.4317 -4.58055 -9999 -9999 -9999 -9999
-9999 -9999 -9999 5.52887 6.4721 7.11062 7.67742 7.7669 8.34644 8.59637 8.72199 8.70645 8.64916 8.56836 8.04455 7.81851 7.02665 7.78122 7.75051 7.55671 6.79628 6.46489 5.16079 4.58508 4.45231 5.54297 4.73103 3.03955 0.926039 -1.6149 -1.78365 -2.62446 -4.16534 -9999 -9999 -9999 -9999 -9999 -9999 -0.216951 0.64432 1.36273 1.46558 0.441924 1.86528 1.80784 1.0071 0.822953 1.47379 1.80217 1.5494 2.32851 2.55458 2.19979 2.58407 -9999 -9999 -9999 -9999 2.80609 2.85758 2.89644 2.35643 -0.501458 -2.4534 -4.20624 -4.36896 -9999 -9999 -9999 -9999
-9999 -9999 -9999 6.1858 6.76567 7.05811 7.1042 7.61305 8.11947 8.42944 8.65984 8.61317 8.59398 8.57355 8.39391 7.97729 8.05076 8.01546 7.7709 6.32608 4.63977 5.37075 4.36553 2.22408 3.95651 4.90792 3.98811 1.93884 -0.436591 -1.21799 -1.18925 -2.35796 -3.8599 -9999 -9999 -9999 -2.56851 -1.33398 -1.2275 -0.864461 0.284883 1.15861 1.81523 2.26214 2.24682 1.76888 0.985271 0.133681 0.432476 1.95469 2.32328 2.63181 2.86592 2.53613 2.7048 3.11058 3.31951 3.36066 3.26335 3.24035 3.27287 3.22358 2.71973 0.163409 -1.29964 -2.23312 -4.10671 -9999 -9999 -9999 -9999
-9999 -9999 -9999 5.82719 6.33123 6.73924 7.41444 7.48511 7.91475 8.16793 8.54474 8.58716 8.14211 8.50915 8.46105 8.39143 8.24439 8.02911 6.80938 5.12862 3.44336 2.66355 2.99298 1.70245 2.35726 3.32125 2.96133 1.7035 -0.413178 -0.713896 -1.20958 -3.17527 -5.06607 -9999 -9999 -4.96165 -2.59197 -0.923694 -0.0637093 0.201798 0.225931 1.32716 1.41166 2.59674 2.31742 0.742975 0.916198 0.2998 0.691847 1.24754 1.39743 2.19622 2.96822 3.11165 3.11251 3.36995 3.42137 3.43347 3.42539 3.2483 3.32814 3.34003 3.02587 1.17377 0.270633 -0.724455 -4.08099 -9999 -9999 -9999 -9999
-9999 -9999 -9999 6.08922 6.65298 7.27067 7.36925 7.82671 7.77393 7.6412 8.28084 8.51249 8.19828 7.97195 8.38784 8.35814 8.30161 8.20886 7.06251 5.73579 3.7282 2.47936 1.71565 1.17104 0.442339 0.935427 0.779615 0.572229 0.803176 0.216404 -0.947362 -2.09829 -4.25119 -5.41551 -9999 -4.83156 -3.76258 -1.77822 -0.0921085 0.977652 0.59105 1.84348 2.07393 2.79617 2.36847 1.41076 0.996729 0.95659 0.827617 1.66862 2.23133 2.62619 2.89091 3.22244 3.30456 3.38739 3.42091 3.43858 3.45687 3.45157 3.44426 3.40641 3.28827 2.43676 1.53541 -0.412296 -3.96924 -9999 -9999 -9999 -9999
-9999 -9999 4.44608 6.02638 6.97323 7.3386 7.60187 7.83387 8.00153 8.17673 8.33847 8.45265 8.40181 7.57026 7.63766 7.78626 8.25689 8.22156 8.11597 7.38939 4.94715 4.10193 2.86614 1.26711 0.594027 0.923254 2.22709 2.16501 1.29556 0.327259 -1.01164 -1.86525 -3.18552 -5.719 -5.49239 -4.35307 -3.50545 -2.15702 -0.0956842 1.34878 1.99233 2.23406 2.74082 3.00239 2.4162 1.85772 1.62099 1.18545 1.12065 1.11998 1.6264 2.01832 2.89941 3.19429 3.3281 3.39512 3.43041 3.45591 3.4814 3.48979 3.47224 3.4729 3.46594 3.40344 2.20378 -0.798008 -3.05656 -9999 -9999 -9999 -9999
-9999 -9999 -9999 5.73545 6.15064 6.25772 6.44687 6.83642 7.28601 7.92294 8.00426 8.35565 8.35138 7.63378 6.80608 7.52607 7.81121 8.10636 8.11314 8.0173 5.9645 4.88888 4.04105 2.50755 3.05291 3.57295 3.60874 3.28865 1.42825 -0.42433 -2.56138 -4.55581 -4.65325 -5.72844 -5.16276 -4.41038 -2.47741 -1.11736 -0.566465 -0.171338 1.9236 2.46759 2.65186 3.18571 2.45059 2.26105 1.7073 1.86691 1.81479 1.8139 0.286205 1.80862 1.89542 2.88791 3.33181 3.43106 3.45662 3.48444 3.48797 3.49297 3.48801 3.49801 3.48302 3.46705 2.68761 -1.11924 -3.02792 -9999 -9999 -9999 -9999
-9999 -9999 -9999 -9999 -9999 5.8656 6.182 6.38425 6.73585 7.81577 8.10634 8.29922 8.31499 7.9949 7.17413 6.95789 7.10698 6.30635 6.97276 7.88517 7.85945 7.7452 5.93958 5.01188 5.90019 5.62464 4.26588 3.19582 2.13987 -0.0286366 -1.61838 -3.90386 -5.62036 -5.68686 -3.79657 -2.22714 -0.271076 0.591592 0.0992578 0.630439 1.67022 2.85112 3.42069 3.28301 2.50819 2.39584 1.54384 2.37348 2.44076 2.04891 1.70965 1.83697 2.32584 2.51029 3.28618 3.47209 3.50301 3.50736 3.50942 3.50538 3.50063 3.49106 3.48322 3.47288 3.43842 -0.474585 -3.51643 -9999 -9999 -9999 -9999
-9999 -9999 -9999 -9999 -9999 5.11604 5.30798 5.81592 7.12344 7.80577 8.08152 8.07119 8.19844 7.97246 7.25102 6.51026 5.81166 4.91059 5.42342 6.78248 7.58227 7.67029 6.0871 6.9033 6.59128 5.98034 4.20453 2.89485 2.19881 0.116707 -1.6677 -3.18918 -5.28852 -4.39353 -3.40726 -2.13966 -0.0058497 1.4339 2.0248 1.52703 2.19133 3.55054 3.55585 2.80871 2.85397 2.39614 1.23314 2.43596 2.7714 2.49341 2.56012 2.45183 2.63135 2.96182 3.27815 3.48783 3.51419 3.5156 3.50745 3.50635 3.50674 3.4918 3.49341 3.48314 3.46406 0.938714 -3.57307 -9999 -9999 -9999 -9999
-9999 -9999 -9999 -9999 -9999 -9999 4.43221 5.59359 7.32974 7.75769 7.71707 8.07484 8.10487 7.75828 7.45733 6.55843 5.3305 2.97227 3.57106 4.822 6.6263 7.57286 7.44126 6.90715 5.98521 3.76028 1.81265 1.57256 1.25051 -0.270015 -1.64532 -3.33662 -2.36072 -1.29103 -0.120176 0.494608 0.333672 1.5672 2.57267 2.14434 2.9596 3.9105 3.47624 3.21806 3.00056 2.47211 2.43677 2.4876 3.16883 2.69048 2.97764 2.97877 2.95855 3.11744 3.30124 3.49493 3.52472 3.52326 3.5252 3.50157 3.50931 3.49818 3.48759 3.47822 3.46202 3.23444 0.805534 -0.646623 -9999 -9999 -9999
-9999 -9999 -9999 -9999 -9999 -9999 3.36118 3.93935 5.99577 6.62778 7.53581 8.01742 8.03859 7.45389 7.12773 5.78871 5.35375 3.17255 2.18345 3.01919 2.69606 5.18125 7.37971 6.89487 2.4465 0.832675 -0.319566 -0.0286319 -0.0296585 -0.455486 -2.79358 -3.43962 -1.35249 -0.0387962 0.978997 1.75103 1.91111 1.88368 3.45702 3.66484 4.17484 4.06186 4.10704 3.30975 2.81496 3.24011 2.74104 2.65261 3.35657 2.65527 3.28175 3.20119 3.00818 2.99482 3.40707 3.48837 3.5303 3.531 3.51337 3.49165 3.47936 3.49303 3.48736 3.46522 3.46747 3.44601 3.15964 1.90247 1.46385 1.95239 -9999
-9999 -9999 -9999 -9999 -9999 -9999 -9999 2.02208 4.88068 6.18379 6.86892 7.83436 7.94971 7.63858 7.07462 5.71043 4.51072 2.56077 0.333832 -0.848262 2.67835 5.74707 7.34715 7.13101 3.4277 1.96378 1.8922 2.74832 2.01905 1.46524 -0.312597 -0.845276 -1.58425 -1.1323 0.2873 1.44622 2.56461 3.3776 3.44314 3.97035 4.27159 4.29466 4.3875 4.2915 4.21234 3.44117 3.96752 3.51442 3.74923 3.59177 3.44918 3.32391 2.88156 3.18819 3.45963 3.52762 3.54665 3.52801 3.52267 3.51013 3.48403 3.47236 3.47112 3.46936 3.45633 3.45724 3.44657 3.30689 2.55085 1.53804 0.257946
-9999 -9999 -9999 -9999 -9999 -9999 -9999 0.595389 3.43995 4.80772 6.57176 7.48013 7.84672 7.7966 7.33927 6.30237 4.74234 3.44263 0.956697 -1.62467 2.07554 5.37186 7.14971 7.24116 4.12635 4.98469 4.28447 4.56196 3.28316 2.75005 2.32679 1.40847 0.404805 -0.692032 -1.27372 1.33039 2.66706 3.74264 4.24925 4.53509 4.67703 4.59741 4.39909 3.23939 4.1187 4.06726 3.97603 3.87174 3.81931 3.72418 3.61272 3.54327 3.51718 3.22254 3.54922 3.53866 3.54044 3.53982 3.52958 3.51209 3.49719 3.47937 3.47886 3.46895 3.45848 3.45162 3.45055 3.44242 3.40185 3.2015 1.48216
-9999 -9999 -9999 -9999 -9999 -9999 -9999 -3.40227 0.737027 4.06377 5.79983 7.21178 7.59867 7.74223 7.12897 6.67013 5.55146 4.49213 2.85841 0.411752 -1.09535 1.67312 5.70197 7.18381 7.06198 6.96564 6.15682 5.4276 5.33263 5.38399 4.53481 3.3026 1.69141 1.18657 0.620749 2.5598 2.8215 2.67828 4.81087 4.81432 4.69147 3.87321 2.95568 3.12661 2.55778 2.98678 2.30889 2.92556 3.45803 3.65454 3.63419 3.55718 3.54462 3.50906 3.56296 3.55891 3.547 3.53772 3.53223 3.52306 3.49756 3.4832 3.49224 3.47423 3.4621 3.45143 3.45278 3.44916 3.4192 3.39186 3.12781
-9999 -9999 -9999 -9999 -9999 -9999 -9999 -3.2191 0.260083 3.21231 4.98109 6.68278 7.07612 7.6493 7.52358 7.04289 6.0702 4.85536 3.51047 1.41118 -0.149582 1.7034 4.37417 6.28825 6.96937 6.95728 6.90789 6.72245 6.64631 6.43085 6.27496 5.38915 3.8661 3.00512 1.7465 3.90751 4.14838 3.80832 4.88617 4.83032 3.19603 1.93888 1.78029 2.54159 1.81038 1.67777 1.22085 1.72988 3.09969 2.69549 2.77085 3.38749 3.48649 3.54847 3.56287 3.55555 3.54999 3.53726 3.5372 3.53756 3.51239 3.50071 3.49505 3.47153 3.46563 3.44965 3.44071 3.43122 3.41531 3.39029 3.31536
-9999 -9999 -9999 -9999 -9999 -9999 -9999 -3.14096 -0.807038 1.84943 4.45526 6.2726 7.00448 7.53695 7.52946 6.97079 6.48643 5.72423 4.54073 3.72842 2.31917 0.385525 3.62233 4.60911 5.48956 5.86263 6.78328 6.75718 6.33019 5.83037 6.28325 6.14466 4.93937 4.54134 3.87132 5.07215 5.07291 5.03757 4.97116 3.59009 1.6711 0.136744 1.23717 1.00431 1.50534 -0.0672563 1.22117 2.25612 2.58933 1.88039 1.35309 2.96639 3.23098 3.38721 3.48635 3.55071 3.53207 3.5466 3.5355 3.5296 3.5236 3.50926 3.50066 3.4866 3.47233 3.45655 3.44937 3.43157 3.40909 3.40805 3.36879
-9999 -9999 -9999 -9999 -9999 -9999 -9999 -9999 -2.18258 1.18296 4.18981 5.86277 6.91405 7.4251 7.41368 7.12692 6.79727 6.32386 5.46947 4.39661 2.70214 1.44369 2.23947 3.20572 3.30895 3.95321 5.82724 6.46514 5.55269 3.29946 4.62084 6.09692 6.06979 5.94068 5.79683 5.61159 5.44652 5.08806 4.13154 1.20542 0.629939 -0.51916 -0.390999 -0.981857 0.297803 -0.187223 1.12993 1.69876 1.91124 0.686806 0.939041 2.36993 2.93449 2.83716 3.18282 3.51325 3.52203 3.52978 3.51976 3.52587 3.52779 3.52183 3.50628 3.49529 3.48734 3.45793 3.46381 3.35567 3.28559 3.14288 3.32055
-9999 -9999 -9999 -9999 -9999 -9999 -9999 -9999 -2.85388 0.507478 4.04912 5.18456 6.31809 7.29623 7.31318 6.87589 6.46004 6.03186 5.54469 4.24356 2.98174 1.77687 1.37102 1.61114 1.58029 2.62461 5.06721 5.53748 5.33212 2.97748 2.1797 4.15282 5.81075 5.93865 5.78538 3.82826 4.24233 3.18577 1.75369 1.35818 0.730302 -0.594451 0.0400773 -0.931159 -0.518365 -0.637074 0.109456 0.471749 1.35997 0.29262 0.29174 1.69683 2.40436 2.41946 3.16258 3.42623 3.49403 3.51003 3.52142 3.5238 3.53502 3.52796 3.51704 3.50276 3.46754 3.38316 3.11967 1.70902 1.71143 2.10019 2.46806
-9999 -9999 -9999 -9999 -9999 -9999 -9999 -9999 -2.46368 -0.131899 3.01039 5.33741 5.48138 6.61164 7.19409 6.71868 6.18376 5.63662 5.39646 3.98041 2.42508 1.16797 -0.319824 -0.0773931 0.986827 2.71857 4.29535 4.57468 4.24488 2.97947 3.57059 4.91531 5.62802 5.83625 5.66747 5.23929 4.99099 4.21232 3.87371 2.79325 1.10499 0.438721 0.857138 -0.93538 -0.812843 -0.153648 -0.864844 0.291491 0.843233 -0.533935 0.552325 1.795 2.42912 2.98337 3.24466 3.34774 3.50711 3.50998 3.52243 3.529 3.52611 3.52573 3.49949 3.47788 3.32777 3.10637 1.78796 1.23949 1.34776 1.95775 2.4919
-9999 -9999 -9999 -9999 -9999 -9999 -9999 -9999 -2.06465 0.0345318 2.75879 4.41718 4.71192 5.96558 7.08019 6.95333 6.39678 6.22595 5.6493 4.44795 3.12114 1.671 0.964822 -0.655989 0.934893 2.182 3.51689 4.13972 3.09862 2.57644 3.49255 4.40338 4.76551 5.68569 5.67437 5.37116 4.07213 3.43762 3.70278 3.42904 2.9512 1.78835 1.73439 0.986401 0.675028 0.380629 -0.575456 0.0261568 0.0837579 0.24496 1.54966 2.19532 2.62269 3.01135 3.11196 3.28011 3.49907 3.51716 3.52398 3.52211 3.52556 3.50883 3.44574 3.39261 3.09036 2.55546 1.55748 -0.0590121 1.08137 2.27381 2.6332
-9999 -9999 -9999 -9999 -9999 -9999 -9999 -9999 -2.42152 -0.191376 2.13656 3.10844 3.27146 5.54223 6.93182 6.93206 6.66709 6.35799 4.93625 5.01755 4.73151 3.42304 1.51799 -0.574186 -0.380781 0.856611 2.61404 3.19567 1.4791 0.872205 1.31355 2.69236 3.92641 5.21517 5.54066 5.15938 3.13851 0.991178 1.98397 3.04493 3.03691 2.72282 1.6441 1.29989 0.987948 0.199912 -1.13405 -0.946409 -0.579328 0.902887 1.37082 2.09513 2.6964 2.46686 2.59808 3.17365 3.50338 3.51457 3.51935 3.52931 3.52091 3.50048 3.37504 3.24232 3.01993 1.62537 0.758098 -0.500577 0.964564 1.77736 2.21329
-9999 -9999 -9999 -9999 -9999 -9999 -9999 -9999 -3.11137 -1.49371 0.731256 1.62651 3.05608 5.20181 6.25607 6.76033 6.74702 6.54023 5.90237 5.51798 4.76254 3.40134 1.5408 -0.527215 -1.87453 -1.19382 1.16895 1.72669 0.144553 -0.659946 0.335462 1.8051 3.98263 5.22572 5.39143 5.27637 4.85781 3.28943 1.39502 1.39931 2.3462 1.54992 0.624704 1.12994 1.03351 0.255403 -0.311388 -0.664492 -0.45208 0.390835 0.739018 1.57623 2.81301 2.98856 2.95166 3.47162 3.49628 3.50718 3.52571 3.52408 3.5184 3.50195 3.39944 3.17071 2.24217 1.43243 0.306118 0.16644 1.47322 2.04845 2.57944
-9999 -9999 -9999 -9999 -9999 -9999 -9999 -9999 -4.3 -2.39635 -0.312249 1.63909 3.48519 5.07378 5.19447 6.0313 6.02803 6.46542 6.33723 5.7456 5.10887 3.93559 1.54611 -0.463673 -2.6554 -2.08131 0.334878 0.637262 -0.421851 -2.37596 -0.364174 1.85482 3.86576 4.95322 4.09616 4.96958 4.89533 4.30625 3.17761 1.42396 1.45489 0.140097 0.0806834 0.752398 0.968734 0.853901 0.427815 -0.252511 -0.143558 0.366429 0.495286 1.2646 2.22368 3.1614 3.31762 3.4953 3.50162 3.50329 3.51679 3.51764 3.49713 3.44821 3.34092 2.56224 1.63638 1.06582 0.28081 0.185064 1.69467 2.29674 2.63009
-9999 -9999 -9999 -9999 -9999 -9999 -9999 -9999 -9999 -2.59036 -0.437222 1.15546 1.58263 2.99441 3.7557 4.3443 4.47298 6.15672 6.24727 5.8712 5.28598 4.28479 2.47082 1.20598 -0.896561 -2.40877 -1.8002 -1.52292 -0.97146 -1.13803 -0.242465 1.88974 4.11139 4.35142 2.93584 3.14267 3.43598 4.09632 3.75791 1.3692 0.154446 -0.854306 -0.14177 0.607857 0.787324 0.821158 0.673404 0.501232 0.204041 1.20781 1.95004 2.12059 2.76769 3.24507 3.37576 3.47397 3.48493 3.49623 3.49531 3.4664 3.44522 3.32411 3.05384 2.18282 0.0892225 0.186214 -0.0408759 -0.692608 0.782079 1.7105 2.54152
-9999 -9999 -9999 -9999 -9999 -9999 -9999 -9999 -9999 -3.30669 -0.815089 -0.290672 -0.332153 -1.16021 -0.782335 2.27669 2.89078 4.50538 6.03398 5.91895 5.34462 4.40755 3.3259 1.65275 -0.711683 -2.59116 -3.38956 -1.37968 0.592294 0.99858 1.62861 2.93402 3.17988 1.73309 0.376301 1.13422 1.58984 3.33255 3.64871 3.30717 1.86691 0.220458 -0.640246 0.370176 0.502889 0.560924 0.570149 0.534979 0.487846 1.61584 2.24129 2.67461 2.90973 3.3194 3.42309 3.45535 3.48575 3.47713 3.45481 3.38881 3.31396 2.98768 2.59293 1.16661 -0.0226579 -0.764566 -1.70607 0.413157 1.04469 1.91856 2.47912
