Test_Spring_2018/03_18/Temp/20180327_007.txt
ncols	170
nrows	115
xllcorner	350000.000000
yllcorner	4445000.000000
cellsize	1000.000000
nodata_value	-9999.000000
[rows 32 to 63 of 115, columns 72 to 143 of 170]
9.13404 8.80654 9.31187 9.77704 9.48568 9.29316 10.056 10.0553 9.79359 9.17974 8.95436 8.72079 8.57766 7.79068 5.58284 3.59248 4.65881 4.68393 3.94623 5.26823 4.56918 2.74626 0.173022 1.57039 1.20549 -0.626081 -1.07937 -9999 -9999 -9999 -9999 -9999 -9999 -9999 -9999 -9999 -9999 -9999 -9999 -9999 -9999 -9999 -9999 -9999 -9999 -9999 -9999 -9999 -9999 -9999 -9999 -9999 -9999 -9999 -9999 -9999 -9999 -9999 -9999 -9999 -9999 -9999 -9999 -9999 -9999 -9999 -9999 -9999 -9999 -9999 -9999 -9999
8.69886 8.55807 9.30937 9.29326 9.24123 9.50584 9.97888 10.073 9.9707 9.70277 9.47087 9.22432 8.59907 7.69881 5.80925 3.54373 3.02979 4.13836 4.19129 4.36912 3.73199 2.9317 1.67993 2.70354 3.10043 1.89662 0.320757 -0.692596 -9999 -9999 -9999 -9999 -9999 -9999 -9999 -9999 -9999 -9999 -9999 -9999 -9999 -9999 -9999 -9999 -9999 -9999 -9999 -9999 -9999 -9999 -9999 -9999 -9999 -9999 -9999 -9999 -9999 -9999 -9999 -9999 -9999 -9999 -9999 -9999 -9999 -9999 -9999 -9999 -9999 -9999 -9999 -9999
8.17933 7.4502 7.90289 8.24267 8.86358 9.02323 9.11703 10.013 9.96508 9.92322 9.5402 9.23393 8.72662 7.86019 6.62667 5.14147 2.5555 4.14979 5.39805 5.36572 5.29685 4.73599 3.53335 4.53801 4.58422 3.04521 1.29472 0.268349 -0.15664 -9999 -9999 -9999 -9999 -9999 -9999 -9999 -9999 -9999 -9999 -9999 -9999 -9999 -9999 -9999 -9999 -9999 -9999 -9999 -9999 -9999 -9999 -9999 -9999 -9999 -9999 -9999 -9999 -9999 -9999 -9999 -9999 -9999 -9999 -9999 -9999 -9999 -9999 -9999 -9999 -9999 -9999 -9999
7.58842 6.69783 7.15328 7.76107 8.61455 9.05256 9.38792 9.65552 9.92855 9.89595 9.50396 8.34669 8.18137 8.13126 7.32447 5.63129 3.94029 3.50207 5.40643 5.95118 5.83956 6.26419 5.24526 5.72546 5.52711 4.98057 3.29639 1.76296 1.12968 -0.120804 -9999 -9999 -9999 -9999 -9999 -9999 -9999 -9999 -9999 -9999 -9999 -9999 -9999 -9999 -9999 -9999 -9999 -9999 -9999 -9999 -9999 -9999 -9999 -9999 -9999 -9999 -9999 -9999 -9999 -9999 -9999 -9999 -9999 -9999 -9999 -9999 -9999 -9999 -9999 -9999 -9999 -9999
-9999 -9999 6.14027 6.96355 7.64715 8.48174 9.20256 9.56505 9.91725 9.8886 9.10533 8.72218 8.68867 8.16006 7.22871 6.64414 5.57944 4.47006 4.89345 6.51725 5.79416 6.94413 6.84582 7.05619 6.28573 4.82068 2.86967 1.72874 1.16201 0.148481 -9999 -9999 -9999 -9999 -9999 -9999 -9999 -9999 -9999 -9999 -9999 -9999 -9999 -9999 -9999 -9999 -9999 -9999 -9999 -9999 -9999 -9999 -9999 -9999 -9999 -9999 -9999 -9999 -9999 -9999 -9999 -9999 -9999 -9999 -9999 -9999 -9999 -9999 -9999 -9999 -9999 -9999
-9999 -9999 -9999 6.81449 7.3349 8.45616 9.02897 9.26405 9.83235 9.83338 9.5366 9.31259 8.98759 8.5631 7.86319 7.09094 6.08961 5.99678 7.03548 7.04784 6.83013 6.99987 7.53263 7.39067 6.19553 4.13712 3.04974 0.834451 -0.111804 -0.0158766 -0.686563 -9999 -9999 -9999 -9999 -9999 -9999 -9999 -9999 -9999 -9999 -9999 -9999 1.88182 -9999 -9999 -9999 -9999 -9999 -9999 -9999 -9999 -9999 -9999 -9999 -9999 -9999 -9999 -9999 -9999 -9999 -9999 -9999 -9999 -2.1437 -9999 -9999 -9999 -9999 -9999 -9999 -9999
-9999 -9999 6.72106 7.41424 7.95904 8.66165 8.72584 9.14163 9.79511 9.80444 9.59396 9.35621 8.82175 8.68942 8.29111 7.45273 7.28121 7.62096 7.77723 7.95421 8.06281 7.97327 7.75594 7.47518 6.7 5.7453 5.10402 3.0833 2.05912 1.08265 -0.394554 -1.5501 -9999 -9999 -9999 -9999 -9999 -9999 -9999 1.112 1.05783 1.08469 1.40908 2.30357 1.7786 -9999 -9999 -9999 -9999 -9999 -9999 -9999 -9999 -9999 -9999 -9999 -9999 -9999 -9999 -9999 -9999 -9999 -9999 -9999 -1.3333 -2.49503 -9999 -9999 -9999 -9999 -9999 -9999
-9999 -9999 6.90706 7.64345 8.01092 8.69327 9.08349 9.33365 9.55999 9.77642 9.73999 9.47693 9.07682 9.07962 8.52826 8.23103 8.01876 8.47842 8.56907 8.38422 8.15222 7.94675 7.36706 7.29871 7.10288 6.49615 5.5013 4.47625 2.99096 0.985545 -0.980911 -2.56694 -9999 -9999 -9999 -9999 -9999 -9999 1.28073 2.02423 2.46995 1.52471 2.33348 3.07264 2.95503 2.23479 -9999 -9999 -9999 -9999 -9999 -9999 -9999 -9999 -9999 -9999 -9999 -9999 -9999 -9999 4.17804 2.98706 0.580166 -0.653066 -1.39256 -2.44882 -9999 -9999 -9999 -9999 -9999 -9999
-9999 -9999 6.76329 7.63307 8.22212 8.74493 8.82815 9.36295 9.59304 9.70922 9.69552 9.64351 9.57002 9.08893 8.88221 8.15484 8.85129 8.82499 8.64865 7.9507 7.64766 6.44904 5.92075 5.79609 6.8014 6.05504 4.49883 2.55396 0.214626 0.0586072 -0.714693 -2.13237 -9999 -9999 -9999 -9999 -9999 -9999 1.51343 2.30872 2.97264 3.07001 2.13042 3.44351 3.38956 2.6553 2.48867 3.09071 3.3959 3.16586 3.88489 4.09585 3.77204 4.12851 -9999 -9999 -9999 -9999 4.34428 4.39343 4.43078 3.9351 1.30555 -0.49008 -2.10248 -2.25187 -9999 -9999 -9999 -9999 -9999 -9999
-9999 -9999 7.36826 7.90349 8.17387 8.21723 8.68637 9.15358 9.43893 9.64882 9.60655 9.5897 9.5719 9.40775 9.02568 9.09501 9.06439 8.84128 7.51333 5.96307 6.63801 5.71699 3.74386 5.34022 6.21734 5.37164 3.48599 1.29991 0.580194 0.606072 -0.469189 -1.85248 -9999 -9999 -9999 -0.658538 0.479786 0.579913 0.916434 1.97699 2.78396 3.39254 3.8069 3.79232 3.3553 2.63698 1.8561 2.13425 3.53864 3.88102 4.16689 4.38544 4.08481 4.24268 4.61895 4.81384 4.85408 4.76665 4.7474 4.77904 4.73518 4.2727 1.92091 0.575205 -0.283033 -2.00641 -9999 -9999 -9999 -9999 -9999 -9999
-9999 -9999 7.034 7.49929 7.87602 8.49986 8.56559 8.96167 9.19541 9.5427 9.58236 9.17343 9.5123 9.46925 9.40666 9.27305 9.07684 7.95614 6.4111 4.86192 4.14618 4.44829 3.26189 3.86629 4.75496 4.42709 3.26797 1.32006 1.04376 0.58702 -1.2227 -2.96255 -9999 -9999 -2.86307 -0.679998 0.857654 1.6515 1.89833 1.92318 2.93974 3.02045 4.11442 3.85728 2.41099 2.57359 2.01097 2.37515 2.88976 3.03096 3.76937 4.48231 4.61746 4.62125 4.86109 4.91108 4.92464 4.91938 4.75826 4.83343 4.84581 4.55785 2.85398 2.02361 1.10802 -1.98007 -9999 -9999 -9999 -9999 -9999 -9999
-9999 -9999 7.27332 7.79335 8.36294 8.45457 8.87654 8.83231 8.71063 9.29985 9.51367 9.22515 9.01777 9.40188 9.37608 9.32586 9.24254 8.18949 6.97047 5.12466 3.97722 3.27342 2.77368 2.10276 2.5578 2.41532 2.22521 2.43851 1.90073 0.828873 -0.230158 -2.21198 -3.28298 -9999 -2.74305 -1.75737 0.071291 1.6257 2.61299 2.25984 3.41572 3.63094 4.29632 3.90574 3.02734 2.64949 2.61585 2.5005 3.27812 3.80107 4.16782 4.41487 4.72249 4.80123 4.88046 4.91407 4.93281 4.95185 4.94887 4.94375 4.91026 4.80266 4.01977 3.19054 1.39833 -1.87446 -9999 -9999 -9999 -9999 -9999 -9999
-9999 5.76178 7.21646 8.08902 8.42622 8.66939 8.88374 9.03886 9.20091 9.35324 9.45886 9.41285 8.64833 8.71166 8.85005 9.2852 9.25481 9.15993 8.49346 6.24758 5.46956 4.33235 2.86171 2.24356 2.54769 3.74883 3.69242 2.89264 2.00179 0.768857 -0.0150769 -1.22997 -3.56184 -3.35223 -2.30212 -1.52021 -0.276946 1.62292 2.95523 3.55049 3.77606 4.24364 4.48754 3.95125 3.44047 3.22593 2.82844 2.77231 2.77528 3.24509 3.6094 4.4254 4.70023 4.82599 4.89077 4.92609 4.9521 4.97778 4.98739 4.97279 4.97468 4.96933 4.91243 3.80878 1.04753 -1.03007 -9999 -9999 -9999 -9999 -9999 -9999
-9999 -9999 6.94973 7.33274 7.43208 7.60694 7.96629 8.38095 8.96803 9.04381 9.36836 9.36702 8.70753 7.94691 8.61136 8.87581 9.14971 9.15832 9.07252 7.18283 6.19434 5.41535 4.00496 4.50841 4.98811 5.02187 4.72786 3.01579 1.31084 -0.656862 -2.49226 -2.58125 -3.56953 -3.04804 -2.35416 -0.57312 0.680859 1.1903 1.55667 3.4881 3.99049 4.16325 4.65786 3.98445 3.81341 3.30714 3.45766 3.41334 3.41626 2.01368 3.41886 3.50256 4.4199 4.83284 4.92687 4.9533 4.98149 4.98696 4.99344 4.9904 5.00082 4.98786 4.97477 4.25809 0.754456 -1.0012 -9999 -9999 -9999 -9999 -9999 -9999
-9999 -9999 -9999 -9999 7.07205 7.36402 7.55095 7.87541 8.87034 9.13883 9.31756 9.33341 9.04028 8.28688 8.08952 8.22877 7.49398 8.10953 8.9508 8.92892 8.82536 7.16458 6.31203 7.13087 6.87812 5.62804 4.64359 3.67202 1.67621 0.212335 -1.891 -3.47045 -3.53079 -1.78956 -0.343297 1.459 2.25511 1.80421 2.29586 3.25516 4.34512 4.8725 4.74898 4.03908 3.93918 3.15844 3.92586 3.99157 3.6347 3.32628 3.44732 3.90128 4.07487 4.79275 4.96723 4.99881 5.00543 5.00957 5.0077 5.00482 4.99749 4.99135 4.98273 4.95182 1.3504 -1.4485 -9999 -9999 -9999 -9999 -9999 -9999
-9999 -9999 -9999 -9999 6.38302 6.5604 7.02875 8.23327 8.86225 9.11722 9.109 9.2276 9.02122 8.3589 7.67902 7.03794 6.21043 6.68453 7.93751 8.67547 8.75803 7.30193 8.05468 7.76846 7.2069 5.57286 4.3678 3.72754 1.81128 0.168228 -1.23177 -3.1636 -2.3388 -1.42976 -0.261461 1.70456 3.03192 3.57823 3.12229 3.73649 4.99061 4.99856 4.31401 4.35908 3.94119 2.87421 3.98523 4.29788 4.04589 4.11127 4.01552 4.18478 4.49288 4.78776 4.98419 5.01151 5.01551 5.01024 5.01108 5.01305 5.00058 5.00312 4.99455 4.97778 2.65377 -1.49834 -9999 -9999 -9999 -9999 -9999 -9999
-9999 -9999 -9999 -9999 -9999 5.7552 6.82513 8.42432 8.81923 8.78309 9.11387 9.14311 8.82581 8.55066 7.72517 6.59684 4.42798 4.98116 6.13453 7.79714 8.66995 8.55005 8.05968 7.21193 5.16456 3.37233 3.1519 2.85596 1.45669 0.190303 -1.36595 -0.466756 0.518929 1.59796 2.16533 2.01888 3.15642 4.08425 3.6924 4.44555 5.32377 4.92706 4.69262 4.4958 4.01292 3.98404 4.0346 4.6656 4.2292 4.49756 4.50258 4.48801 4.63818 4.81109 4.99282 5.02332 5.02465 5.02869 5.00882 5.01752 5.00856 4.99988 4.99217 4.97806 4.76932 2.53464 1.19872 -9999 -9999 -9999 -9999 -9999
-9999 -9999 -9999 -9999 -9999 4.77022 5.30336 7.19748 7.78035 8.61765 9.06258 9.0838 8.54741 8.24896 7.01827 6.61998 4.61392 3.70555 4.47663 4.18071 6.46984 8.49484 8.04978 3.95569 2.47086 1.41085 1.67931 1.67894 1.2875 -0.865125 -1.45905 0.463208 1.67361 2.61182 3.32401 3.47298 3.44978 4.90033 5.09413 5.56625 5.46507 5.50968 4.77892 4.32681 4.72175 4.26596 4.18831 4.84021 4.19857 4.77928 4.70908 4.53543 4.52703 4.91023 4.98849 5.03016 5.03352 5.01953 5.00141 4.99172 5.00563 5.00154 4.98212 4.98507 4.96613 4.70384 3.54746 3.14465 3.59536 -9999 -9999 -9999
-9999 -9999 -9999 -9999 -9999 -9999 3.5394 6.17211 7.37288 8.00513 8.8956 9.00363 8.71789 8.20119 6.94767 5.84536 4.05214 2.00367 0.917934 4.16587 6.99212 8.46621 8.26849 4.86026 3.51344 3.4483 4.23711 3.56644 3.0573 1.4205 0.931062 0.251822 0.66906 1.9764 3.04518 4.07668 4.82715 4.88968 5.37736 5.65746 5.68147 5.7699 5.68467 5.61511 4.90871 5.39683 4.98342 5.2034 5.06233 4.93502 4.82359 4.42035 4.70647 4.96 5.02596 5.04671 5.03215 5.02948 5.01984 4.99741 4.98818 4.98823 4.98767 4.97663 4.97838 4.96998 4.84242 4.14746 3.21613 2.03876 -9999 -9999
-9999 -9999 -9999 -9999 -9999 -9999 2.22696 4.84687 6.10726 7.73286 8.56897 8.90808 8.86448 8.44594 7.4937 6.05966 4.865 2.57807 0.203029 3.61202 6.64795 8.28564 8.37077 5.50465 6.29567 5.65188 5.90811 4.73168 4.24172 3.852 3.00768 2.08492 1.07506 0.541511 2.94065 4.17313 5.16535 5.63392 5.89939 6.03253 5.96258 5.78268 4.71817 5.53087 5.48696 5.40647 5.31409 5.26954 5.18577 5.08703 5.02687 5.00673 4.73925 5.04343 5.03755 5.0421 5.04412 5.03694 5.02278 5.01073 4.99576 4.9974 4.98889 4.98032 4.97503 4.97561 4.96924 4.93301 4.74969 3.16804 2.22239 1.95749
-9999 -9999 -9999 -9999 -9999 -9999 -1.45237 2.35955 5.42039 7.02075 8.32184 8.68054 8.81522 8.25311 7.83298 6.80521 5.83182 4.32939 2.07835 0.692023 3.24372 6.9535 8.31902 8.20823 8.12047 7.37678 6.70639 6.61987 6.6681 5.88636 4.75077 3.26928 2.80651 2.28751 4.07448 4.31741 4.18768 6.15307 6.15857 6.04793 5.29727 4.45641 4.61685 4.09591 4.49418 3.87354 4.44474 4.93853 5.12312 5.10812 5.04085 5.03273 5.00372 5.05772 5.05713 5.04904 5.04307 5.04029 5.03384 5.0121 5.00042 5.01012 4.99601 4.98617 4.97663 4.97959 4.9775 4.95115 4.9272 4.68533 4.32066 3.62353
-9999 -9999 -9999 -9999 -9999 -9999 -1.28673 1.91739 4.63718 6.26639 7.83536 8.19998 8.73012 8.61678 8.1765 7.28308 6.16651 4.92998 2.99874 1.56306 3.26981 5.732 7.49493 8.12337 8.11388 8.06941 7.89971 7.82737 7.63031 7.48699 6.67323 5.27318 4.48246 3.32575 5.31711 5.54092 5.23 6.22445 6.17535 4.67331 3.51859 3.37532 4.08034 3.41036 3.29162 2.87365 3.34566 4.61015 4.24095 4.31404 4.88522 4.98008 5.04196 5.05851 5.05485 5.05255 5.04341 5.04565 5.04802 5.02669 5.01758 5.01389 4.99366 4.99107 4.97775 4.97147 4.96305 4.94975 4.92806 4.8604 4.78671 4.86693
-9999 -9999 -9999 -9999 -9999 -9999 -1.21786 0.935323 3.38289 5.78254 7.45796 8.13418 8.6268 8.62226 8.11015 7.66626 6.96637 5.87843 5.13199 3.83585 2.05684 5.0375 5.94987 6.76198 7.10283 7.95135 7.92845 7.53664 7.07751 7.49607 7.37054 6.26286 5.89838 5.28357 6.39108 6.39388 6.36352 6.30462 5.03557 3.27144 1.8615 2.87719 2.66565 3.13143 1.68697 2.87543 3.83158 4.14184 3.49188 3.01002 4.49849 4.74723 4.89441 4.98887 5.05113 5.03676 5.0527 5.04482 5.0415 5.0379 5.02647 5.02021 5.00883 4.99723 4.9859 4.98141 4.96657 4.94866 4.94912 4.91314 4.90003 4.88775
-9999 -9999 -9999 -9999 -9999 -9999 -9999 -0.334502 2.76448 5.53495 7.07761 8.04799 8.521 8.5129 8.25115 7.94967 7.51559 6.73054 5.74415 4.18535 3.0278 3.76124 4.65491 4.75176 5.34589 7.0722 7.66068 6.82208 4.74763 5.96623 7.32695 7.30396 7.18716 7.05685 6.88933 6.73952 6.41174 5.53345 2.8421 2.31385 1.25851 1.37909 0.837917 2.02059 1.57728 2.793 3.31994 3.51893 2.39519 2.63049 3.9532 4.47627 4.38992 4.71121 5.01739 5.02823 5.03793 5.03107 5.03888 5.04268 5.03908 5.02759 5.01925 5.01367 4.99031 4.99801 4.90014 4.83725 4.70745 4.8725 4.88981 4.90363
-9999 -9999 -9999 -9999 -9999 -9999 -9999 -0.954436 2.14219 5.40492 6.45267 7.49868 8.40159 8.41955 8.01917 7.63835 7.24595 6.79902 5.60261 4.44224 3.33418 2.96164 3.18374 3.16095 4.1235 6.37335 6.80762 6.62005 4.4527 3.72015 5.53849 7.06675 7.18659 7.04764 5.24816 5.63155 4.66116 3.34511 2.98335 2.40775 1.19072 1.77745 0.886087 1.26896 1.16473 1.85506 2.19177 3.0127 2.03344 2.03555 3.33464 3.98923 4.00629 4.69342 4.93901 5.00415 5.02146 5.03436 5.03881 5.0513 5.04684 5.03876 5.02754 4.99699 4.92116 4.68262 3.3865 3.39048 3.75008 4.09039 4.70769 4.887
-9999 -9999 -9999 -9999 -9999 -9999 -9999 -0.595905 1.55291 4.44796 6.59257 6.72755 7.77042 8.3089 7.87341 7.38298 6.88111 6.66166 5.35959 3.92917 2.77321 1.40483 1.62925 2.61021 4.21054 5.66347 5.92208 5.62005 4.45546 5.00155 6.24145 6.89963 7.09345 6.94025 6.54829 6.32196 5.60742 5.29801 4.30574 2.75401 2.14318 2.53097 0.88356 0.999203 1.609 0.959529 2.02712 2.5382 1.27363 2.27885 3.42607 4.01302 4.52633 4.76986 4.86761 5.01705 5.02227 5.0362 5.04459 5.04418 5.04599 5.02393 5.00609 4.86993 4.66812 3.45641 2.95652 3.0581 3.62151 4.11505 4.63655 4.84893
-9999 -9999 -9999 -9999 -9999 -9999 -9999 -0.22946 1.70523 4.21542 5.74446 6.01816 7.17457 8.2029 8.08826 7.57793 7.42254 6.89343 5.78912 4.56923 3.23574 2.58708 1.09643 2.56239 3.71699 4.94736 5.52229 4.56402 4.08522 4.93054 5.77107 6.10654 6.9558 6.94757 6.6707 5.47712 4.89531 5.14176 4.89216 4.45474 3.3868 3.33975 2.6539 2.3701 2.10202 1.22721 1.78408 1.84019 1.99426 3.1981 3.79566 4.19222 4.55305 4.64862 4.80626 5.01055 5.02983 5.03862 5.03931 5.04482 5.03169 4.97583 4.92911 4.65304 4.16278 3.24621 1.76347 2.81533 3.91508 4.24979 4.57169 4.73942
-9999 -9999 -9999 -9999 -9999 -9999 -9999 -0.559022 1.49623 3.64155 4.53857 4.69096 6.78364 8.06508 8.06744 7.82555 7.54294 6.23597 6.31256 6.05092 4.84801 3.09588 1.17148 1.35113 2.49353 4.11661 4.65372 3.07372 2.517 2.92532 4.1967 5.33486 6.52343 6.8253 6.47656 4.61852 2.64409 3.56041 4.53953 4.53464 4.24808 3.2577 2.94358 2.65925 1.93674 0.712028 0.889911 1.23087 2.60065 3.0346 3.70452 4.26111 4.05282 4.17654 4.70922 5.0155 5.02845 5.03542 5.04707 5.04176 5.02533 4.9122 4.79234 4.58992 3.30844 2.51235 1.35676 2.7103 3.46073 3.86745 4.58208 4.75411
-9999 -9999 -9999 -9999 -9999 -9999 -9999 -1.19524 0.296197 2.34671 3.17315 4.49145 6.46899 7.44172 7.90806 7.89789 7.70954 7.12428 6.7723 6.07869 4.82739 3.11641 1.21442 -0.0241172 0.604289 2.78658 3.30247 1.84565 1.10709 2.0255 3.38052 5.38724 6.53378 6.68857 6.58493 6.20194 4.76051 3.019 3.02542 3.89964 3.16923 2.3202 2.78809 2.70218 1.98882 1.47006 1.15052 1.35193 2.13044 2.45412 3.22794 4.36954 4.53413 4.50307 4.98456 5.01001 5.02272 5.0424 5.04345 5.04074 5.02808 4.93617 4.72805 3.87572 3.13275 2.09836 1.97223 3.1811 3.71492 4.20751 4.55935 4.67554
-9999 -9999 -9999 -9999 -9999 -9999 -9999 -2.29068 -0.535955 1.38488 3.1835 4.88521 6.34984 6.46314 7.23566 7.23476 7.63949 7.52352 6.98089 6.3967 5.31856 3.12081 1.27258 -0.743147 -0.212755 2.01538 2.29754 1.32462 -0.472188 1.3819 3.42677 5.28014 6.28343 5.49669 6.30302 6.23701 5.69712 4.66058 3.04876 3.07982 1.87213 1.82019 2.44138 2.64343 2.5407 2.15149 1.52862 1.63714 2.10913 2.2309 2.9422 3.82814 4.69435 4.84106 5.00746 5.01605 5.0203 5.03539 5.03879 5.0225 4.98004 4.88384 4.1696 3.31986 2.79722 2.07718 1.99167 3.38478 3.94626 4.25713 4.56157 4.6832
-9999 -9999 -9999 -9999 -9999 -9999 -9999 -9999 -0.715766 1.26863 2.73705 3.13252 4.43437 5.13738 5.6814 5.80202 7.35416 7.43966 7.09559 6.55897 5.63939 3.97159 2.80928 0.875792 -0.514271 0.0509878 0.309203 0.818983 0.667767 1.49433 3.45931 5.50665 5.72982 4.42893 4.62162 4.89398 5.50428 5.19524 2.99884 1.88323 0.957337 1.61609 2.30907 2.47724 2.51142 2.37848 2.22649 1.95759 2.88483 3.57126 3.73137 4.33011 4.77254 4.89576 4.98901 5.00188 5.01502 5.01688 4.99294 4.97611 4.86728 4.62115 3.82201 1.89744 1.98948 1.7832 1.18605 2.54849 3.41087 4.17861 4.58776 4.69529
-9999 -9999 -9999 -9999 -9999 -9999 -9999 -9999 -1.37636 0.919617 1.40462 1.36864 0.608549 0.958594 3.77682 4.34434 5.8329 7.24232 7.13867 6.61221 5.75181 4.7583 3.22027 1.04582 -0.682214 -1.41669 0.438069 2.25881 2.63498 3.21711 4.42097 4.64946 3.31978 2.07299 2.77298 3.19476 4.80147 5.09503 4.78324 3.4601 1.94723 1.15779 2.09093 2.21615 2.27268 2.28432 2.2584 2.21772 3.26161 3.84057 4.2426 4.46209 4.8422 4.94057 4.97311 5.0039 4.99871 4.9809 4.92287 4.85669 4.55908 4.19845 2.88824 1.7963 1.11622 0.252455 2.20633 2.7928 3.60218 4.12417 4.53131 4.62263
