Test_Spring_2018/03_18/Temp/20180317_023.txt
ncols	170
nrows	115
xllcorner	350000.000000
yllcorner	4445000.000000
cellsize	1000.000000
nodata_value	-9999.000000
[rows 32 to 63 of 115, columns 72 to 143 of 170]
15.6017 15.4055 15.7349 16.0387 15.8484 15.7317 16.2178 16.2271 16.0718 15.6943 15.5624 15.4256 15.3462 14.8606 13.4779 12.2329 12.9184 12.9465 12.493 13.3403 12.9111 11.7722 10.1592 11.0537 10.8351 9.67698 9.40288 -9999 -9999 -9999 -9999 -9999 -9999 -9999 -9999 -9999 -9999 -9999 -9999 -9999 -9999 -9999 -9999 -9999 -9999 -9999 -9999 -9999 -9999 -9999 -9999 -9999 -9999 -9999 -9999 -9999 -9999 -9999 -9999 -9999 -9999 -9999 -9999 -9999 -9999 -9999 -9999 -9999 -9999 -9999 -9999 -9999
15.3333 15.255 15.7397 15.7396 15.7082 15.8721 16.1756 16.245 16.1905 16.0316 15.8958 15.751 15.3673 14.8102 13.6286 12.2097 11.8971 12.6093 12.6549 12.7793 12.389 11.8956 11.117 11.7752 12.0375 11.286 10.2921 9.65853 -9999 -9999 -9999 -9999 -9999 -9999 -9999 -9999 -9999 -9999 -9999 -9999 -9999 -9999 -9999 -9999 -9999 -9999 -9999 -9999 -9999 -9999 -9999 -9999 -9999 -9999 -9999 -9999 -9999 -9999 -9999 -9999 -9999 -9999 -9999 -9999 -9999 -9999 -9999 -9999 -9999 -9999 -9999 -9999
15.012 14.5619 14.858 15.0826 15.4706 15.5686 15.6377 16.2136 16.1937 16.1777 15.9466 15.7643 15.4552 14.9195 14.1522 13.2261 11.605 12.6237 13.424 13.4155 13.3839 13.0414 12.2936 12.9396 12.9803 12.016 10.9066 10.2706 10.0144 -9999 -9999 -9999 -9999 -9999 -9999 -9999 -9999 -9999 -9999 -9999 -9999 -9999 -9999 -9999 -9999 -9999 -9999 -9999 -9999 -9999 -9999 -9999 -9999 -9999 -9999 -9999 -9999 -9999 -9999 -9999 -9999 -9999 -9999 -9999 -9999 -9999 -9999 -9999 -9999 -9999 -9999 -9999
14.6457 14.0935 14.3912 14.7849 15.3271 15.6017 15.8152 15.9943 16.1771 16.1672 15.9306 15.2109 15.1179 15.0979 14.6001 13.5427 12.4867 12.2218 13.4362 13.792 13.7331 14.0128 13.3808 13.6953 13.5813 13.2463 12.1866 11.2195 10.8317 10.0543 -9999 -9999 -9999 -9999 -9999 -9999 -9999 -9999 -9999 -9999 -9999 -9999 -9999 -9999 -9999 -9999 -9999 -9999 -9999 -9999 -9999 -9999 -9999 -9999 -9999 -9999 -9999 -9999 -9999 -9999 -9999 -9999 -9999 -9999 -9999 -9999 -9999 -9999 -9999 -9999 -9999 -9999
-9999 -9999 13.7581 14.281 14.7189 15.2475 15.7045 15.9435 16.1763 16.1689 15.6853 15.4546 15.445 15.123 14.5466 14.1894 13.5288 12.84 13.1191 14.1561 13.7109 14.4484 14.3975 14.5414 14.0658 13.1459 11.9222 11.2029 10.857 10.2291 -9999 -9999 -9999 -9999 -9999 -9999 -9999 -9999 -9999 -9999 -9999 -9999 -9999 -9999 -9999 -9999 -9999 -9999 -9999 -9999 -9999 -9999 -9999 -9999 -9999 -9999 -9999 -9999 -9999 -9999 -9999 -9999 -9999 -9999 -9999 -9999 -9999 -9999 -9999 -9999 -9999 -9999
-9999 -9999 -9999 14.1929 14.5278 15.2451 15.601 15.7594 16.1287 16.1401 15.9638 15.8338 15.6402 15.384 14.954 14.4783 13.8578 13.811 14.4785 14.4978 14.3715 14.4897 14.8371 14.7582 14.0126 12.7194 12.0435 10.6429 10.0571 10.1297 9.71846 -9999 -9999 -9999 -9999 -9999 -9999 -9999 -9999 -9999 -9999 -9999 -9999 11.5161 -9999 -9999 -9999 -9999 -9999 -9999 -9999 -9999 -9999 -9999 -9999 -9999 -9999 -9999 -9999 -9999 -9999 -9999 -9999 -9999 9.27759 -9999 -9999 -9999 -9999 -9999 -9999 -9999
-9999 -9999 14.1379 14.5752 14.9279 15.3805 15.4226 15.6878 16.1108 16.1275 16.0057 15.8672 15.5415 15.47 15.2306 14.7133 14.6169 14.8433 14.9535 15.0766 15.1562 15.1104 14.9838 14.8169 14.3324 13.7399 13.3454 12.0773 11.4324 10.8276 9.90686 9.18954 -9999 -9999 -9999 -9999 -9999 -9999 -9999 10.9777 10.9574 10.9884 11.2073 11.7863 11.469 -9999 -9999 -9999 -9999 -9999 -9999 -9999 -9999 -9999 -9999 -9999 -9999 -9999 -9999 -9999 -9999 -9999 -9999 -9999 9.79353 9.0746 -9999 -9999 -9999 -9999 -9999 -9999
-9999 -9999 14.2531 14.7262 14.9664 15.4057 15.6609 15.8145 15.9676 16.115 16.1033 15.9489 15.7082 15.7223 15.3864 15.211 15.0891 15.3912 15.46 15.3544 15.2187 15.0995 14.7437 14.7107 14.5919 14.2188 13.6006 12.9636 12.025 10.7701 9.54019 8.55089 -9999 -9999 -9999 -9999 -9999 -9999 11.074 11.5574 11.8528 11.2699 11.7947 12.2757 12.2156 11.7769 -9999 -9999 -9999 -9999 -9999 -9999 -9999 -9999 -9999 -9999 -9999 -9999 -9999 -9999 13.2202 12.4825 10.9769 10.2126 9.76014 9.10781 -9999 -9999 -9999 -9999 -9999 -9999
-9999 -9999 14.1689 14.7256 15.1052 15.4432 15.5041 15.8445 15.9932 16.0773 16.08 16.059 16.0249 15.7336 15.6156 15.1688 15.6209 15.6162 15.5164 15.0867 14.906 14.1594 13.8357 13.762 14.4064 13.9446 12.9715 11.7532 10.2774 10.1882 9.71157 8.82845 -9999 -9999 -9999 -9999 -9999 -9999 11.2241 11.7403 12.1736 12.2491 11.6699 12.5133 12.4952 12.046 11.9553 12.3502 12.5576 12.423 12.8916 13.04 12.8506 13.0908 -9999 -9999 -9999 -9999 13.3007 13.3461 13.384 13.0853 11.439 10.3194 9.31571 9.2384 -9999 -9999 -9999 -9999 -9999 -9999
-9999 -9999 14.5573 14.9021 15.0798 15.1145 15.4186 15.7163 15.9003 16.0437 16.0285 16.0299 16.0312 15.9404 15.712 15.7686 15.7618 15.633 14.8061 13.8383 14.2753 13.7026 12.4638 13.4793 14.0423 13.5172 12.3356 10.9645 10.5115 10.537 9.86951 9.00868 -9999 -9999 -9999 9.81466 10.5472 10.6243 10.8508 11.5347 12.0584 12.456 12.7318 12.7371 12.4768 12.0377 11.5592 11.7496 12.6513 12.8823 13.0736 13.2269 13.0522 13.1676 13.4202 13.5581 13.5982 13.5575 13.5598 13.594 13.5806 13.3028 11.8314 10.9959 10.4685 9.39861 -9999 -9999 -9999 -9999 -9999 -9999
-9999 -9999 14.3512 14.6515 14.896 15.2961 15.3452 15.6036 15.7554 15.9805 16.017 15.771 15.9978 15.9837 15.9573 15.886 15.7749 15.0795 14.1156 13.1484 12.707 12.9062 12.1664 12.5553 13.1253 12.9247 12.2011 10.9801 10.8152 10.5299 9.39689 8.31 -9999 -9999 8.41116 9.80333 10.7882 11.3034 11.4734 11.5033 12.1596 12.2248 12.9301 12.7824 11.8846 12.0019 11.6603 11.905 12.2454 12.3495 12.8276 13.2925 13.393 13.4106 13.577 13.6235 13.6467 13.6579 13.5705 13.6322 13.6542 13.4865 12.4247 11.9147 11.3529 9.41885 -9999 -9999 -9999 -9999 -9999 -9999
-9999 -9999 14.5061 14.8405 15.2065 15.2711 15.5449 15.5247 15.4522 15.8345 15.977 15.8072 15.6892 15.9451 15.9424 15.924 15.8844 15.2319 14.474 13.3196 12.6055 12.1695 11.863 11.4452 11.7412 11.6597 11.5482 11.6917 11.3586 10.685 10.0271 8.78608 8.12195 -9999 8.48884 9.12488 10.2936 11.2893 11.927 11.7183 12.4627 12.6131 13.048 12.8158 12.2768 12.0534 12.0469 11.9889 12.4948 12.8391 13.0828 13.2541 13.4631 13.528 13.5931 13.6291 13.6556 13.6821 13.6946 13.7055 13.6984 13.6446 13.1644 12.6566 11.5394 9.48869 -9999 -9999 -9999 -9999 -9999 -9999
-9999 13.5566 14.4754 15.0318 15.2504 15.4102 15.5524 15.658 15.765 15.8707 15.9484 15.9289 15.4593 15.5129 15.6141 15.9026 15.8967 15.8495 15.4406 14.0336 13.5518 12.8419 11.9221 11.5384 11.7387 12.5053 12.4778 11.9811 11.4271 10.6519 10.1649 9.40895 7.94763 8.09268 8.76902 9.2764 10.0755 11.2895 12.1452 12.5357 12.6927 13.0027 13.1714 12.8479 12.541 12.4204 12.1842 12.1636 12.1803 12.4918 12.7343 13.2642 13.4531 13.5472 13.6032 13.6403 13.6714 13.702 13.7224 13.7272 13.7425 13.7531 13.7326 13.0501 11.321 10.025 -9999 -9999 -9999 -9999 -9999 -9999
-9999 -9999 14.3116 14.5583 14.6263 14.7424 14.9758 15.245 15.6203 15.6781 15.8941 15.9048 15.4997 15.0332 15.4668 15.6478 15.8343 15.8527 15.8107 14.6272 14.013 13.5304 12.6483 12.9728 13.2835 13.3126 13.1347 12.0614 10.9929 9.75363 8.60461 8.55915 7.945 8.28645 8.73781 9.87621 10.6821 11.0182 11.2641 12.4984 12.8305 12.9548 13.282 12.8715 12.7793 12.4745 12.5845 12.5714 12.5881 11.7172 12.6171 12.6853 13.2797 13.5553 13.6293 13.6609 13.6933 13.7111 13.7294 13.7416 13.7621 13.7689 13.775 13.3368 11.1389 10.0461 -9999 -9999 -9999 -9999 -9999 -9999
-9999 -9999 -9999 -9999 14.4023 14.5921 14.7163 14.9282 15.5611 15.7404 15.8642 15.8862 15.7139 15.2508 15.1404 15.2425 14.7922 15.1937 15.7368 15.734 15.6787 14.6391 14.1076 14.6326 14.4806 13.6986 13.0843 12.4784 11.2259 10.3047 8.98625 7.9993 7.97245 9.08407 10.0095 11.1613 11.6782 11.4078 11.7329 12.3538 13.057 13.4051 13.3421 12.9087 12.8614 12.3834 12.883 12.9394 12.729 12.5491 12.6382 12.9401 13.0649 13.5333 13.6584 13.6927 13.7115 13.7285 13.7415 13.7537 13.7636 13.7739 13.7828 13.7777 11.518 9.76646 -9999 -9999 -9999 -9999 -9999 -9999
-9999 -9999 -9999 -9999 13.9702 14.0874 14.3892 15.1567 15.5585 15.7292 15.7348 15.8217 15.7042 15.2995 14.884 14.4934 13.9845 14.2969 15.1003 15.5774 15.6397 14.7293 15.2116 15.0387 14.6915 13.6668 12.913 12.5161 11.3136 10.2793 9.40478 8.19513 8.72712 9.3131 10.0636 11.3184 12.1708 12.5303 12.2572 12.66 13.4671 13.4872 13.07 13.1135 12.8655 12.2067 12.9234 13.1358 12.9915 13.0477 12.9999 13.1221 13.3318 13.533 13.6719 13.7038 13.7207 13.7317 13.7464 13.7619 13.7682 13.784 13.7929 13.7968 12.3439 9.73773 -9999 -9999 -9999 -9999 -9999 -9999
-9999 -9999 -9999 -9999 -9999 13.5817 14.2633 15.2801 15.534 15.5208 15.7405 15.7709 15.5833 15.4231 14.9158 14.2174 12.8615 13.2239 13.9644 15.0256 15.587 15.5205 15.2178 14.6902 13.4047 12.2801 12.1481 11.9685 11.0925 10.2959 9.32266 9.90077 10.5343 11.2275 11.5985 11.5194 12.2518 12.8523 12.6196 13.1103 13.68 13.4446 13.3118 13.2026 12.9135 12.9104 12.9574 13.3708 13.1101 13.2945 13.3103 13.3163 13.4262 13.5504 13.6799 13.7138 13.7291 13.746 13.7476 13.7673 13.7758 13.7845 13.794 13.7997 13.6826 12.2874 11.4591 -9999 -9999 -9999 -9999 -9999
-9999 -9999 -9999 -9999 -9999 12.9623 13.3051 14.5082 14.8808 15.4193 15.711 15.7362 15.4102 15.235 14.4718 14.2344 12.9815 12.4205 12.9196 12.744 14.1999 15.4881 15.2141 12.6365 11.7064 11.0443 11.2212 11.2283 10.9887 9.63251 9.26696 10.4911 11.2665 11.8708 12.3331 12.4406 12.44 13.3707 13.5076 13.8208 13.772 13.8154 13.3691 13.0987 13.3641 13.0913 13.0573 13.484 13.0936 13.4751 13.4435 13.3489 13.3586 13.6155 13.6797 13.7206 13.7372 13.7427 13.7455 13.7535 13.7765 13.7882 13.7903 13.8067 13.8096 13.66 12.9451 12.7063 13.0066 -9999 -9999 -9999
-9999 -9999 -9999 -9999 -9999 -9999 12.194 13.8638 14.6266 15.0356 15.6087 15.6887 15.5201 15.2073 14.4296 13.7475 12.6289 11.3486 10.6739 12.7363 14.5316 15.4721 15.3544 13.2102 12.3675 12.3339 12.8396 12.4237 12.1099 11.0794 10.7799 10.3613 10.6357 11.4732 12.1608 12.8255 13.3134 13.3674 13.6905 13.8814 13.9117 13.9827 13.9441 13.9153 13.4851 13.8084 13.5624 13.7162 13.6419 13.5763 13.5184 13.2788 13.4745 13.6494 13.7058 13.7338 13.7389 13.7515 13.7597 13.7598 13.768 13.7823 13.7964 13.8041 13.82 13.8307 13.7655 13.3422 12.7698 12.0421 -9999 -9999
-9999 -9999 -9999 -9999 -9999 -9999 11.3681 13.0301 13.8306 14.8671 15.4055 15.6303 15.6155 15.3646 14.7769 13.8851 13.1442 11.7133 10.2261 12.3903 14.3157 15.3598 15.4227 13.6194 14.1271 13.7284 13.8981 13.1631 12.8617 12.6188 12.0954 11.523 10.8965 10.5715 12.099 12.8906 13.5311 13.8415 14.0241 14.1235 14.0931 13.994 13.3369 13.8652 13.8533 13.8175 13.7741 13.7608 13.7227 13.675 13.6494 13.6517 13.4976 13.7054 13.7161 13.7334 13.749 13.7587 13.7641 13.7708 13.7758 13.7911 13.7998 13.809 13.8205 13.837 13.8483 13.8409 13.7407 12.7576 12.1763 12.0255
-9999 -9999 -9999 -9999 -9999 -9999 9.04735 11.4626 13.3999 14.4204 15.2513 15.4897 15.5874 15.2455 14.9936 14.3581 13.7568 12.821 11.4121 10.5486 12.1703 14.5236 15.3918 15.3289 15.282 14.8207 14.4056 14.3592 14.3982 13.9077 13.2011 12.2759 11.9948 11.6789 12.8198 12.9864 12.9183 14.1738 14.1921 14.1373 13.6786 13.1607 13.2772 12.9622 13.2295 12.8525 13.2281 13.5547 13.686 13.6912 13.6608 13.6721 13.6683 13.717 13.7311 13.7403 13.7509 13.7634 13.7737 13.7744 13.7815 13.8022 13.8076 13.8162 13.8242 13.8422 13.8561 13.8549 13.8553 13.7182 13.5036 13.0798
-9999 -9999 -9999 -9999 -9999 -9999 9.155 11.1817 12.9086 13.9453 14.9473 15.1894 15.5366 15.4779 15.213 14.6621 13.9701 13.2021 11.995 11.1003 12.1895 13.7538 14.8771 15.2813 15.2804 15.2611 15.1626 15.1273 15.0114 14.9237 14.4198 13.5463 13.0582 12.3396 13.6097 13.7641 13.5815 14.2237 14.2073 13.2736 12.5595 12.4842 12.9418 12.5338 12.4746 12.2242 12.537 13.3503 13.1339 13.1945 13.5669 13.6414 13.6952 13.7201 13.7322 13.7451 13.7537 13.7695 13.7854 13.7863 13.7951 13.8073 13.8092 13.822 13.8285 13.8408 13.8496 13.8565 13.8583 13.8311 13.8019 13.8688
-9999 -9999 -9999 -9999 -9999 -9999 9.2066 10.5644 12.1198 13.6428 14.7121 15.1509 15.4743 15.4841 15.1736 14.9063 14.4772 13.8029 13.3439 12.5373 11.4252 13.3185 13.9033 14.4237 14.6511 15.1958 15.1901 14.9513 14.6597 14.9339 14.8649 14.1763 13.9576 13.5813 14.2932 14.3081 14.3025 14.2793 13.4923 12.3929 11.5174 12.1738 12.0552 12.3611 11.4646 12.2323 12.8509 13.0615 12.6638 12.3739 13.3254 13.4972 13.6047 13.6788 13.7325 13.7378 13.7623 13.7717 13.784 13.7962 13.8035 13.8141 13.8216 13.8291 13.8363 13.8497 13.8556 13.8616 13.8773 13.8685 13.8756 13.884
-9999 -9999 -9999 -9999 -9999 -9999 -9999 9.77036 11.7335 13.4935 14.4786 15.1029 15.4136 15.4208 15.268 15.0904 14.829 14.3458 13.7352 12.7628 12.0434 12.5177 13.0907 13.1593 13.5441 14.6437 15.0245 14.5041 13.1957 13.9748 14.8446 14.841 14.7787 14.7083 14.6132 14.5316 14.3381 13.7974 12.112 11.7946 11.143 11.234 10.9072 11.6653 11.401 12.1835 12.531 12.6712 11.976 12.1355 12.9855 13.3303 13.2902 13.5075 13.7139 13.7352 13.7557 13.7657 13.7851 13.802 13.8142 13.823 13.8325 13.8439 13.8435 13.8647 13.8181 13.7937 13.727 13.8465 13.8727 13.8991
-9999 -9999 -9999 -9999 -9999 -9999 -9999 9.37738 11.3431 13.4143 14.087 14.7591 15.3412 15.3648 15.1244 14.8964 14.6611 14.3913 13.648 12.9272 12.239 12.015 12.1661 12.157 12.7749 14.2055 14.4894 14.3806 13.0129 12.5608 13.72 14.6963 14.7836 14.7079 13.584 13.8391 13.2397 12.4223 12.208 11.8588 11.1048 11.49 10.9417 11.1982 11.1439 11.5945 11.8217 12.3547 11.7506 11.7627 12.5978 13.0256 13.0508 13.4991 13.6686 13.7241 13.7494 13.7719 13.7892 13.8116 13.8234 13.833 13.8406 13.8361 13.8031 13.6669 12.8648 12.8824 13.1247 13.3548 13.7609 13.8908
-9999 -9999 -9999 -9999 -9999 -9999 -9999 9.60592 10.9734 12.8126 14.1782 14.2751 14.9456 15.2978 15.0351 14.7377 14.4332 14.3069 13.4968 12.6054 11.887 11.0342 11.1869 11.8171 12.8327 13.7604 13.9337 13.753 13.0186 13.3744 14.1686 14.5957 14.73 14.6454 14.4105 14.2805 13.8426 13.6608 13.0481 12.0823 11.7109 11.9702 10.9443 11.0318 11.4313 11.0323 11.721 12.0582 11.2739 11.9195 12.6585 13.0436 13.3822 13.5503 13.6264 13.7352 13.7529 13.7761 13.7958 13.8101 13.8258 13.8265 13.8299 13.7587 13.646 12.8957 12.5958 12.675 13.0458 13.3726 13.7198 13.8689
-9999 -9999 -9999 -9999 -9999 -9999 -9999 9.83928 11.0719 12.6683 13.6453 13.8298 14.5721 15.2336 15.1734 14.8635 14.7776 14.4557 13.7704 13.0119 12.1815 11.7833 10.8531 11.7897 12.5239 13.3113 13.6848 13.0801 12.7888 13.3338 13.8761 14.0997 14.648 14.6551 14.4929 13.7521 13.3979 13.5671 13.4233 13.161 12.5007 12.4852 12.0664 11.9014 11.7464 11.2047 11.5708 11.6205 11.732 12.503 12.8948 13.1597 13.402 13.4767 13.5906 13.734 13.7606 13.7806 13.7954 13.8134 13.8197 13.799 13.7841 13.6244 13.3296 12.7655 11.8448 12.524 13.2335 13.4617 13.6811 13.802
-9999 -9999 -9999 -9999 -9999 -9999 -9999 9.63295 10.942 12.3082 12.8862 12.9943 14.3278 15.1492 15.1629 15.0224 14.8562 14.043 14.1035 13.9502 13.2022 12.1072 10.9032 11.0277 11.7571 12.7899 13.1398 12.1426 11.8023 12.0716 12.8862 13.6168 14.3796 14.5827 14.3751 13.2147 11.9811 12.5732 13.2052 13.216 13.049 12.4376 12.2533 12.0879 11.6457 10.8869 11.0094 11.2389 12.1143 12.4028 12.8403 13.2062 13.089 13.1815 13.5323 13.7401 13.7627 13.7815 13.8033 13.8144 13.8185 13.7616 13.7005 13.5873 12.7927 12.3046 11.5909 12.4601 12.9489 13.2238 13.6899 13.8134
-9999 -9999 -9999 -9999 -9999 -9999 -9999 9.23287 10.1861 11.4926 12.0263 12.8707 14.1317 14.7581 15.0649 15.0707 14.964 14.6066 14.3964 13.9703 13.1918 12.1229 10.9331 10.1622 10.5701 11.9532 12.2878 11.3706 10.9156 11.5073 12.3749 13.6542 14.3906 14.5008 14.4481 14.2193 13.3222 12.2358 12.2534 12.8193 12.3718 11.8495 12.159 12.1187 11.6822 11.3686 11.1772 11.3184 11.8204 12.0393 12.5423 13.2777 13.396 13.3907 13.7092 13.7396 13.762 13.7888 13.8039 13.8166 13.8231 13.7796 13.6627 13.139 12.6843 12.0457 11.9807 12.7598 13.1136 13.4408 13.6778 13.7659
-9999 -9999 -9999 -9999 -9999 -9999 -9999 8.54272 9.66248 10.8873 12.0351 13.1218 14.0589 14.1427 14.6428 14.6546 14.9224 14.8614 14.5308 14.1738 13.5048 12.1285 10.9728 9.7111 10.0572 11.4725 11.6479 11.045 9.92192 11.1046 12.408 13.5906 14.2366 13.7523 14.2744 14.2457 13.918 13.2767 12.2723 12.3056 11.5567 11.5377 11.9438 12.0853 12.0343 11.8024 11.4234 11.5016 11.8101 11.9014 12.3649 12.9388 13.5002 13.6072 13.7266 13.7464 13.7634 13.7873 13.8039 13.808 13.7956 13.7493 13.3127 12.7906 12.4751 12.0349 11.9954 12.8912 13.2621 13.4744 13.6814 13.7729
-9999 -9999 -9999 -9999 -9999 -9999 -9999 -9999 9.55075 10.8159 11.7553 12.0172 12.8516 13.3079 13.6639 13.7524 14.7449 14.8112 14.606 14.2791 13.7103 12.6687 11.9462 10.7365 9.86991 10.2328 10.3955 10.7291 10.6453 11.1792 12.4322 13.7374 13.8908 13.0819 13.2165 13.4015 13.8002 13.6183 12.2447 11.5538 10.9827 11.4125 11.8639 11.9839 12.0193 11.9492 11.8669 11.7032 12.3031 12.7509 12.8664 13.2588 13.5525 13.6447 13.7179 13.7404 13.763 13.7785 13.7778 13.7815 13.7272 13.5862 13.0959 11.8949 11.9675 11.8517 11.4891 12.3661 12.9276 13.4271 13.7001 13.7826
-9999 -9999 -9999 -9999 -9999 -9999 -9999 -9999 9.13538 10.5975 10.916 10.9056 10.4379 10.6715 12.4637 12.8346 13.787 14.6894 14.6361 14.3157 13.7842 13.1685 12.2087 10.8469 9.76687 9.30353 10.484 11.6417 11.891 12.2706 13.043 13.1996 12.3724 11.5977 12.0527 12.3321 13.36 13.5588 13.3753 12.5533 11.6115 11.1266 11.7296 11.8224 11.8719 11.893 11.8899 11.875 12.5442 12.9241 13.1922 13.3452 13.5995 13.6759 13.7108 13.7445 13.7556 13.7587 13.7363 13.7089 13.5353 13.3219 12.5089 11.8337 11.4186 10.8876 12.1359 12.5229 13.051 13.3949 13.6666 13.7388
