Test_Spring_2018/03_18/Temp/20180312_002.txt
ncols	170
nrows	115
xllcorner	350000.000000
yllcorner	4445000.000000
cellsize	1000.000000
nodata_value	-9999.000000
[rows 32 to 63 of 115, columns 72 to 143 of 170]
11.6858 11.4186 11.8054 12.1609 11.9303 11.7736 12.3671 12.3579 12.144 11.6536 11.4681 11.276 11.1549 10.5282 8.78605 7.21447 8.04226 8.05268 7.4643 8.49285 7.93503 6.49518 4.46659 5.55514 5.26059 3.82617 3.45502 -9999 -9999 -9999 -9999 -9999 -9999 -9999 -9999 -9999 -9999 -9999 -9999 -9999 -9999 -9999 -9999 -9999 -9999 -9999 -9999 -9999 -9999 -9999 -9999 -9999 -9999 -9999 -9999 -9999 -9999 -9999 -9999 -9999 -9999 -9999 -9999 -9999 -9999 -9999 -9999 -9999 -9999 -9999 -9999 -9999
11.3228 11.2024 11.7824 11.7602 11.7185 11.9199 12.2854 12.3505 12.2614 12.0422 11.8513 11.6488 11.149 10.4333 8.9409 7.15338 6.74085 7.60202 7.63463 7.76543 7.25666 6.62002 5.62919 6.42473 6.7285 5.77704 4.53535 3.73164 -9999 -9999 -9999 -9999 -9999 -9999 -9999 -9999 -9999 -9999 -9999 -9999 -9999 -9999 -9999 -9999 -9999 -9999 -9999 -9999 -9999 -9999 -9999 -9999 -9999 -9999 -9999 -9999 -9999 -9999 -9999 -9999 -9999 -9999 -9999 -9999 -9999 -9999 -9999 -9999 -9999 -9999 -9999 -9999
10.8934 10.3114 10.6572 10.9144 11.405 11.5227 11.5875 12.2819 12.2352 12.1933 11.8834 11.6338 11.2263 10.5369 9.55946 8.38453 6.34562 7.58833 8.55962 8.52585 8.46362 8.0154 7.06361 7.8447 7.87358 6.65391 5.281 4.46714 4.12521 -9999 -9999 -9999 -9999 -9999 -9999 -9999 -9999 -9999 -9999 -9999 -9999 -9999 -9999 -9999 -9999 -9999 -9999 -9999 -9999 -9999 -9999 -9999 -9999 -9999 -9999 -9999 -9999 -9999 -9999 -9999 -9999 -9999 -9999 -9999 -9999 -9999 -9999 -9999 -9999 -9999 -9999 -9999
10.4078 9.69933 10.0475 10.5152 11.1807 11.5259 11.7787 11.9797 12.1848 12.1498 11.8326 10.9146 10.7753 10.7266 10.084 8.74577 7.40953 7.05699 8.54364 8.9633 8.86799 9.19389 8.38682 8.75671 8.59407 8.15243 6.82381 5.62178 5.11655 4.12656 -9999 -9999 -9999 -9999 -9999 -9999 -9999 -9999 -9999 -9999 -9999 -9999 -9999 -9999 -9999 -9999 -9999 -9999 -9999 -9999 -9999 -9999 -9999 -9999 -9999 -9999 -9999 -9999 -9999 -9999 -9999 -9999 -9999 -9999 -9999 -9999 -9999 -9999 -9999 -9999 -9999 -9999
-9999 -9999 9.23111 9.87337 10.402 11.0569 11.6119 11.8872 12.1542 12.122 11.4973 11.1866 11.1505 10.7259 9.9854 9.51743 8.67293 7.79376 8.11821 9.38536 8.81057 9.7064 9.62258 9.78122 9.17 8.00658 6.47039 5.57663 5.12393 4.32016 -9999 -9999 -9999 -9999 -9999 -9999 -9999 -9999 -9999 -9999 -9999 -9999 -9999 -9999 -9999 -9999 -9999 -9999 -9999 -9999 -9999 -9999 -9999 -9999 -9999 -9999 -9999 -9999 -9999 -9999 -9999 -9999 -9999 -9999 -9999 -9999 -9999 -9999 -9999 -9999 -9999 -9999
-9999 -9999 -9999 9.73592 10.1362 11.0072 11.4545 11.6296 12.066 12.0568 11.8136 11.6275 11.3622 11.019 10.46 9.84465 9.04997 8.96901 9.77681 9.77945 9.60192 9.72889 10.1411 10.0238 9.07523 7.45128 6.59141 4.85673 4.10649 4.17394 3.63917 -9999 -9999 -9999 -9999 -9999 -9999 -9999 -9999 -9999 -9999 -9999 -9999 5.5099 -9999 -9999 -9999 -9999 -9999 -9999 -9999 -9999 -9999 -9999 -9999 -9999 -9999 -9999 -9999 -9999 -9999 -9999 -9999 -9999 2.03934 -9999 -9999 -9999 -9999 -9999 -9999 -9999
-9999 -9999 9.64525 10.1868 10.6058 11.1482 11.1981 11.5126 12.0155 12.0124 11.8366 11.6393 11.2092 11.095 10.7725 10.1051 9.96187 10.2207 10.3361 10.4685 10.5477 10.4718 10.2958 10.0703 9.45027 8.69539 8.18631 6.59625 5.79371 5.01972 3.85215 2.93656 -9999 -9999 -9999 -9999 -9999 -9999 -9999 4.94189 4.88691 4.89507 5.13634 5.82466 5.39828 -9999 -9999 -9999 -9999 -9999 -9999 -9999 -9999 -9999 -9999 -9999 -9999 -9999 -9999 -9999 -9999 -9999 -9999 -9999 2.65667 1.7308 -9999 -9999 -9999 -9999 -9999 -9999
-9999 -9999 9.77644 10.3466 10.6266 11.1533 11.45 11.6427 11.8101 11.9692 11.9295 11.7119 11.3868 11.3783 10.9353 10.6926 10.5174 10.8705 10.9348 10.7836 10.596 10.4298 9.97017 9.91213 9.74794 9.26695 8.48101 7.67099 6.50888 4.92764 3.37639 2.12318 -9999 -9999 -9999 -9999 -9999 -9999 5.07172 5.64322 5.98049 5.22537 5.84661 6.41268 6.30568 5.71214 -9999 -9999 -9999 -9999 -9999 -9999 -9999 -9999 -9999 -9999 -9999 -9999 -9999 -9999 7.01569 6.0684 4.16647 3.18551 2.59168 1.74865 -9999 -9999 -9999 -9999 -9999 -9999
-9999 -9999 9.64346 10.3187 10.773 11.1746 11.2303 11.6368 11.8157 11.8957 11.8734 11.8209 11.7516 11.3629 11.1901 10.6095 11.1476 11.1194 10.9744 10.4209 10.1782 9.23313 8.81466 8.70768 9.4931 8.90331 7.67748 6.14613 4.31211 4.18486 3.57067 2.44998 -9999 -9999 -9999 -9999 -9999 -9999 5.24065 5.85266 6.36101 6.42405 5.67252 6.68872 6.61942 6.02669 5.87917 6.33478 6.55722 6.36349 6.90944 7.05803 6.78731 7.05119 -9999 -9999 -9999 -9999 7.15123 7.17762 7.19495 6.79385 4.71745 3.29527 2.01637 1.87579 -9999 -9999 -9999 -9999 -9999 -9999
-9999 -9999 10.0987 10.5118 10.7163 10.7416 11.1004 11.4536 11.675 11.8254 11.7804 11.7551 11.7292 11.5889 11.2782 11.3227 11.2899 11.1071 10.0581 8.83571 9.3609 8.63778 7.08296 8.3312 9.01685 8.34994 6.86635 5.14644 4.58412 4.60017 3.74944 2.65544 -9999 -9999 -9999 3.55591 4.43876 4.50605 4.75833 5.57839 6.19881 6.6636 6.97452 6.94539 6.57813 5.99726 5.36688 5.56754 6.65214 6.9031 7.1123 7.2663 7.01332 7.11574 7.39609 7.53482 7.55291 7.47144 7.44403 7.45693 7.41071 7.0358 5.18257 4.11384 3.42709 2.03945 -9999 -9999 -9999 -9999 -9999 -9999
-9999 -9999 9.814 10.1724 10.4605 10.9428 10.9849 11.2853 11.4548 11.723 11.7418 11.4082 11.6618 11.616 11.5557 11.4406 11.2777 10.3904 9.17131 7.95013 7.38421 7.61496 6.68116 7.15158 7.84673 7.59205 6.68033 5.1479 4.92703 4.56972 3.14407 1.77123 -9999 -9999 1.82352 3.52717 4.7235 5.33528 5.51702 5.52383 6.30847 6.35781 7.20185 6.98228 5.82309 5.9333 5.47312 5.74057 6.11836 6.2112 6.77546 7.31764 7.40697 7.39398 7.56714 7.59216 7.58946 7.57274 7.43429 7.48171 7.47999 7.2424 5.89298 5.2287 4.48901 2.03988 -9999 -9999 -9999 -9999 -9999 -9999
-9999 -9999 9.98208 10.3836 10.8231 10.8866 11.2085 11.1665 11.0569 11.5077 11.669 11.4294 11.2537 11.5427 11.5109 11.4611 11.3866 10.5525 9.58947 8.13581 7.23151 6.67346 6.27932 5.75148 6.1068 5.99298 5.84154 6.00638 5.5863 4.74642 3.90961 2.34815 1.49995 -9999 1.90633 2.67015 4.09493 5.30367 6.06649 5.77633 6.67001 6.82454 7.32985 7.00706 6.29342 5.97082 5.92583 5.81661 6.40842 6.79878 7.0705 7.2464 7.47113 7.5168 7.56383 7.57608 7.57763 7.58027 7.56629 7.55105 7.51367 7.41796 6.79173 6.12187 4.70141 2.10772 -9999 -9999 -9999 -9999 -9999 -9999
-9999 8.77884 9.92009 10.5986 10.8561 11.0387 11.1976 11.3091 11.4226 11.5327 11.6031 11.5583 10.9448 10.9816 11.0783 11.4091 11.3761 11.2941 10.765 8.99757 8.38105 7.48828 6.33256 5.84504 6.08263 7.02432 6.97861 6.34898 5.64736 4.6814 4.06618 3.10655 1.26948 1.426 2.24139 2.84536 3.81062 5.29046 6.32393 6.77801 6.94107 7.292 7.46754 7.0223 6.59686 6.40934 6.07802 6.01464 5.99774 6.34757 6.61672 7.23708 7.43543 7.51838 7.55409 7.5678 7.57527 7.58341 7.57964 7.5573 7.548 7.53282 7.4715 6.59227 4.40433 2.74913 -9999 -9999 -9999 -9999 -9999 -9999
-9999 -9999 9.69405 9.98857 10.0595 10.1886 10.4615 10.7767 11.2239 11.2717 11.5143 11.5017 10.9735 10.3632 10.8725 11.0691 11.2748 11.2739 11.2007 9.71269 8.93391 8.32077 7.21285 7.60651 7.98255 8.00851 7.77698 6.43193 5.09195 3.54961 2.1051 2.03051 1.25166 1.65354 2.18949 3.57786 4.55154 4.93982 5.21488 6.71759 7.09682 7.21162 7.5824 7.03556 6.87641 6.4592 6.55743 6.50272 6.48525 5.36482 6.45048 6.4975 7.1999 7.5062 7.5654 7.57229 7.58169 7.57425 7.56831 7.55532 7.55297 7.5284 7.50143 6.92488 4.15975 2.75738 -9999 -9999 -9999 -9999 -9999 -9999
-9999 -9999 -9999 -9999 9.7612 9.98237 10.12 10.3645 11.1319 11.331 11.459 11.4588 11.2159 10.6133 10.4459 10.5441 9.95779 10.434 11.0876 11.0663 10.9823 9.67725 9.00684 9.64931 9.45085 8.46951 7.69652 6.93332 5.36561 4.21912 2.56481 1.3207 1.26795 2.62818 3.75658 5.16173 5.776 5.41036 5.7836 6.51999 7.35958 7.75647 7.64148 7.06543 6.96177 6.32854 6.91051 6.94171 6.64141 6.37955 6.45677 6.79428 6.91277 7.45974 7.58148 7.59211 7.5848 7.57653 7.56427 7.5516 7.53127 7.51392 7.49383 7.45536 4.61319 2.39192 -9999 -9999 -9999 -9999 -9999 -9999
-9999 -9999 -9999 -9999 9.20515 9.33644 9.69504 10.6304 11.1107 11.2993 11.2807 11.3611 11.1863 10.6538 10.1083 9.59386 8.93463 9.29896 10.2766 10.8517 10.9139 9.76952 10.3595 10.1347 9.69405 8.4116 7.46577 6.96301 5.45814 4.17127 3.06946 1.54909 2.19148 2.89872 3.80809 5.34247 6.37377 6.79041 6.41883 6.88592 7.85405 7.84282 7.28702 7.30319 6.94964 6.09131 6.94266 7.1674 6.94921 6.98061 6.88744 7.00143 7.22554 7.44055 7.57965 7.58738 7.578 7.56251 7.55249 7.54191 7.52019 7.50952 7.48926 7.46164 5.62196 2.33838 -9999 -9999 -9999 -9999 -9999 -9999
-9999 -9999 -9999 -9999 -9999 8.68967 9.52056 10.7659 11.0625 11.0228 11.2704 11.2809 11.0191 10.7906 10.1307 9.23381 7.5216 7.94793 8.84723 10.148 10.8304 10.7349 10.349 9.68334 8.07636 6.66979 6.49698 6.26465 5.1658 4.17475 2.95048 3.65266 4.42154 5.26237 5.70014 5.57609 6.45847 7.17469 6.85338 7.4294 8.10226 7.77314 7.57044 7.39648 6.99174 6.94813 6.96688 7.44143 7.07842 7.26917 7.25511 7.2249 7.32518 7.4446 7.57232 7.58269 7.5714 7.56325 7.53657 7.53194 7.51285 7.49317 7.47336 7.44759 7.26814 5.48962 4.42281 -9999 -9999 -9999 -9999 -9999
-9999 -9999 -9999 -9999 -9999 7.9021 8.31165 9.78858 10.2329 10.879 11.2165 11.2209 10.7875 10.5413 9.56298 9.23926 7.65445 6.93421 7.53326 7.29643 9.09036 10.6783 10.3276 7.11337 5.94776 5.11578 5.3266 5.32618 5.0184 3.33167 2.86285 4.36816 5.31348 6.04382 6.59531 6.70274 6.67412 7.80043 7.93925 8.29462 8.19859 8.21585 7.62348 7.24909 7.5334 7.15471 7.07287 7.56395 7.03997 7.47609 7.40319 7.24835 7.22438 7.50908 7.55575 7.575 7.56469 7.54263 7.51727 7.49797 7.49662 7.48032 7.45109 7.4385 7.40785 7.17749 6.25157 5.91697 6.25237 -9999 -9999 -9999
-9999 -9999 -9999 -9999 -9999 -9999 6.91286 8.96969 9.89911 10.3846 11.0721 11.1451 10.9084 10.491 9.49549 8.6193 7.20167 5.58479 4.72846 7.27322 9.48841 10.6434 10.4864 7.81011 6.7524 6.70097 7.31989 6.79296 6.39249 5.11055 4.72357 4.1866 4.50921 5.52885 6.35885 7.16005 7.73874 7.7755 8.14416 8.35027 8.3526 8.40436 8.31886 8.24493 7.66481 8.02733 7.6822 7.83451 7.7038 7.58446 7.47958 7.14485 7.35237 7.53554 7.57271 7.57308 7.55019 7.53686 7.51797 7.48864 7.46853 7.45524 7.44059 7.41685 7.40233 7.37109 7.25287 6.68907 5.93978 4.99759 -9999 -9999
-9999 -9999 -9999 -9999 -9999 -9999 5.86868 7.91557 8.89183 10.1574 10.7997 11.0569 11.0112 10.6712 9.91251 8.77616 7.82854 6.02452 4.15249 6.82363 9.20708 10.49 10.5551 8.30298 8.92285 8.41661 8.61691 7.69243 7.30653 7.00327 6.33739 5.60899 4.81026 4.38218 6.25857 7.21743 7.98588 8.34144 8.53581 8.62471 8.55579 8.39764 7.5437 8.16267 8.10282 8.01942 7.92674 7.87185 7.78657 7.6901 7.62599 7.59238 7.36569 7.58549 7.56453 7.55599 7.54594 7.52884 7.50612 7.48464 7.46024 7.44638 7.42616 7.40424 7.38416 7.35979 7.33689 7.29045 7.12863 5.86941 5.1099 4.87943
-9999 -9999 -9999 -9999 -9999 -9999 2.96662 5.94931 8.33444 9.58107 10.595 10.8657 10.9604 10.5081 10.1674 9.35032 8.57658 7.38844 5.61369 4.51882 6.51872 9.42686 10.5025 10.4125 10.3418 9.75647 9.22869 9.15913 9.19508 8.58374 7.68683 6.5199 6.14668 5.7335 7.12906 7.31098 7.19867 8.72931 8.71983 8.61768 8.01183 7.33804 7.44571 7.01954 7.30713 6.80028 7.22907 7.59731 7.72324 7.69303 7.62393 7.5947 7.55634 7.57972 7.56631 7.54767 7.5311 7.51714 7.50014 7.47074 7.44862 7.44257 7.41445 7.3911 7.36946 7.34679 7.32753 7.28918 7.25283 7.04573 6.74266 6.17284
-9999 -9999 -9999 -9999 -9999 -9999 3.07758 5.57969 7.70567 8.97864 10.2001 10.4759 10.8814 10.7818 10.4257 9.71435 8.82842 7.8491 6.32533 5.19152 6.52549 8.45663 9.83694 10.3264 10.3232 10.2859 10.1505 10.0874 9.9307 9.82072 9.17833 8.06847 7.44265 6.52841 8.08407 8.25077 7.9962 8.76477 8.71267 7.51867 6.59612 6.46655 7.00672 6.46236 6.34388 5.99929 6.35083 7.32468 7.00962 7.04933 7.48227 7.54039 7.56737 7.5665 7.55054 7.53622 7.51685 7.50649 7.49607 7.46665 7.44628 7.42951 7.39907 7.37828 7.35164 7.32093 7.30001 7.2723 7.23814 7.1682 7.08642 7.12672
-9999 -9999 -9999 -9999 -9999 -9999 3.10976 4.79468 6.70702 8.58545 9.89078 10.4115 10.7879 10.7741 10.362 10.0038 9.44521 8.58261 7.98885 6.96442 5.56179 7.8963 8.61204 9.24488 9.50336 10.1668 10.1465 9.83669 9.48561 9.8106 9.70035 8.82595 8.53411 8.04475 8.90622 8.89922 8.86481 8.80662 7.79714 6.3978 5.27542 6.05623 5.87298 6.22582 5.06712 5.97438 6.70588 6.93077 6.40707 6.01163 7.16511 7.33649 7.43731 7.49753 7.53314 7.50908 7.50907 7.49041 7.47516 7.45935 7.43691 7.41796 7.39441 7.37011 7.34106 7.31169 7.28275 7.24302 7.22627 7.18642 7.16038 7.12772
-9999 -9999 -9999 -9999 -9999 -9999 -9999 3.7753 6.20472 8.37058 9.57236 10.3247 10.6864 10.6705 10.4554 10.2093 9.85952 9.23465 8.45231 7.22132 6.30608 6.87603 7.57696 7.64794 8.11052 9.46224 9.92104 9.25968 7.6338 8.57834 9.64204 9.61891 9.52132 9.41213 9.27636 9.14932 8.88138 8.18008 6.05437 5.62141 4.77749 4.85577 4.41389 5.32998 4.95715 5.89295 6.28821 6.42638 5.52672 5.6964 6.70879 7.104 7.02165 7.26003 7.49157 7.48702 7.48179 7.46359 7.45676 7.44647 7.42996 7.40144 7.37977 7.35977 7.31979 7.29942 7.20537 7.13897 7.02041 7.13382 7.13186 7.10986
-9999 -9999 -9999 -9999 -9999 -9999 -9999 3.2802 5.70231 8.25463 9.06802 9.87988 10.5793 10.584 10.2604 9.95229 9.63539 9.27608 8.32894 7.41068 6.53413 6.23563 6.4046 6.38594 7.13709 8.89909 9.2361 9.08501 7.37689 6.79701 8.21913 9.41295 9.50046 9.38393 7.96293 8.25435 7.48192 6.437 6.14005 5.67419 4.70387 5.1487 4.43261 4.71631 4.61577 5.13981 5.38636 6.01329 5.22751 5.21451 6.20768 6.70614 6.70486 7.2302 7.40942 7.4473 7.44776 7.44472 7.43484 7.43093 7.41329 7.39236 7.36852 7.32911 7.25384 7.04403 5.99973 5.98629 6.25232 6.50364 6.96239 7.0795
-9999 -9999 -9999 -9999 -9999 -9999 -9999 3.54765 5.2257 7.48941 9.1639 9.26073 10.0702 10.4837 10.1327 9.73878 9.33611 9.15549 8.12546 6.99517 6.08089 5.00044 5.17089 5.93575 7.19136 8.32718 8.52564 8.28402 7.36187 7.78496 8.75228 9.26243 9.4074 9.2792 8.96269 8.77526 8.20359 7.94894 7.15727 5.92552 5.43152 5.72073 4.41173 4.48628 4.94843 4.41989 5.2407 5.62485 4.61546 5.37892 6.26342 6.70874 7.09688 7.27377 7.33664 7.44037 7.43102 7.42848 7.42144 7.40723 7.39443 7.36255 7.33363 7.21151 7.03761 6.07078 5.64444 5.70804 6.13443 6.50632 6.87915 7.03189
-9999 -9999 -9999 -9999 -9999 -9999 -9999 3.82118 5.3311 7.2927 8.48401 8.68982 9.58853 10.3867 10.2878 9.87834 9.74779 9.32419 8.44943 7.48438 6.43064 5.91497 4.73884 5.88407 6.78969 7.75031 8.19654 7.4361 7.0543 7.71165 8.36485 8.62109 9.28005 9.26521 9.03871 8.09178 7.62423 7.80597 7.59747 7.24072 6.38828 6.33658 5.78288 5.54435 5.31787 4.61308 5.03337 5.06071 5.15402 6.08398 6.53703 6.83283 7.1011 7.1616 7.27121 7.41769 7.41908 7.41224 7.39896 7.38927 7.36471 7.30634 7.25487 7.02313 6.62305 5.88818 4.68987 5.4998 6.34752 6.58417 6.8102 6.92784
-9999 -9999 -9999 -9999 -9999 -9999 -9999 3.54819 5.15271 6.82786 7.52305 7.63369 9.26742 10.2644 10.2574 10.0588 9.8285 8.79435 8.84663 8.63378 7.68247 6.30046 4.78364 4.91886 5.80904 7.0834 7.49951 6.25012 5.80665 6.12044 7.11136 7.99723 8.92212 9.15033 8.86714 7.39843 5.8376 6.5452 7.30136 7.28436 7.04557 6.25369 5.99215 5.75358 5.17072 4.18715 4.31483 4.56599 5.61462 5.93874 6.44853 6.86983 6.69115 6.77351 7.17725 7.40351 7.39966 7.39119 7.38635 7.36809 7.34094 7.23768 7.12894 6.95521 5.93426 5.29422 4.36131 5.39939 5.97316 6.25351 6.80006 6.92101
-9999 -9999 -9999 -9999 -9999 -9999 -9999 3.03433 4.19619 5.79688 6.43665 7.46251 9.0059 9.76057 10.1179 10.1013 9.94499 9.47744 9.19332 8.64139 7.65206 6.30227 4.80291 3.8247 4.31231 6.02454 6.41521 5.27023 4.68365 5.39748 6.45367 8.02099 8.91256 9.02503 8.93401 8.62305 7.48054 6.10178 6.09445 6.76767 6.18065 5.49995 5.8525 5.7699 5.19443 4.77149 4.50276 4.63257 5.22836 5.46586 6.05708 6.93741 7.05122 7.01182 7.3751 7.38067 7.37642 7.37774 7.36448 7.34821 7.32406 7.23756 7.0597 6.37598 5.77796 4.95108 4.83711 5.75076 6.14342 6.50197 6.76375 6.84078
-9999 -9999 -9999 -9999 -9999 -9999 -9999 2.1598 3.52828 5.02711 6.42997 7.75677 8.89751 8.97755 9.5752 9.56591 9.87525 9.77612 9.34239 8.87638 8.02299 6.29107 4.83387 3.24549 3.65604 5.39816 5.61624 4.84566 3.42813 4.87622 6.47369 7.92038 8.69927 8.07245 8.69559 8.63333 8.19845 7.37306 6.09544 6.10685 5.14526 5.09035 5.56334 5.70688 5.6108 5.28957 4.77876 4.83948 5.19434 5.27317 5.8151 6.4945 7.15879 7.25867 7.37434 7.36643 7.35535 7.35295 7.34147 7.31456 7.26708 7.17735 6.60235 5.92086 5.49601 4.91608 4.83415 5.90238 6.3066 6.5224 6.74693 6.82814
-9999 -9999 -9999 -9999 -9999 -9999 -9999 -9999 3.37227 4.92091 6.06449 6.36584 7.37873 7.92164 8.3399 8.42598 9.63605 9.69511 9.41729 8.98867 8.2598 6.94394 6.02522 4.50141 3.40442 3.83384 4.04027 4.43352 4.30767 4.94904 6.48368 8.08251 8.24889 7.21835 7.35968 7.56296 8.03089 7.77655 6.04001 5.15128 4.41088 4.91384 5.44315 5.56004 5.57134 5.45114 5.29888 5.07525 5.78587 6.30767 6.41663 6.87025 7.20157 7.2827 7.34068 7.33592 7.33167 7.31879 7.28584 7.25857 7.15911 6.95185 6.3104 4.78537 4.84322 4.66675 4.18331 5.22583 5.85421 6.44226 6.74892 6.81893
-9999 -9999 -9999 -9999 -9999 -9999 -9999 -9999 2.8387 4.63182 5.00331 4.96585 4.36004 4.62578 6.8292 7.26606 8.42621 9.52456 9.43553 9.01496 8.33265 7.54621 6.33267 4.61983 3.25765 2.67204 4.12053 5.54892 5.8371 6.28662 7.22379 7.39483 6.34222 5.35412 5.89364 6.21416 7.46422 7.68285 7.42564 6.37391 5.17263 4.53865 5.25631 5.33927 5.36788 5.36089 5.31207 5.25952 6.06421 6.50126 6.79971 6.95525 7.23728 7.29857 7.30863 7.31773 7.29897 7.27062 7.21094 7.14504 6.89756 6.60063 5.55821 4.687 4.13893 3.44647 4.96565 5.39913 5.99813 6.38115 6.68611 6.74325
