Test_Spring_2018/03_18/Temp/20180319_022.txt
ncols	170
nrows	115
xllcorner	350000.000000
yllcorner	4445000.000000
cellsize	1000.000000
nodata_value	-9999.000000
[rows 32 to 63 of 115, columns 72 to 143 of 170]
8.31331 7.98887 8.4846 8.94082 8.65544 8.46661 9.21499 9.21288 8.95375 8.34785 8.1245 7.8931 7.75077 6.97443 4.79891 2.8376 3.88645 3.91005 3.18253 4.48343 3.79419 1.99833 -0.5363 0.839287 0.479556 -1.31651 -1.75791 -9999 -9999 -9999 -9999 -9999 -9999 -9999 -9999 -9999 -9999 -9999 -9999 -9999 -9999 -9999 -9999 -9999 -9999 -9999 -9999 -9999 -9999 -9999 -9999 -9999 -9999 -9999 -9999 -9999 -9999 -9999 -9999 -9999 -9999 -9999 -9999 -9999 -9999 -9999 -9999 -9999 -9999 -9999 -9999 -9999
7.88055 7.74002 8.47801 8.46029 8.41 8.67209 9.13503 9.2263 9.12409 8.8588 8.62901 8.3848 7.76769 6.8798 5.01771 2.78546 2.27817 3.36875 3.41988 3.59412 2.96592 2.17717 0.943938 1.95152 2.34201 1.16153 -0.382378 -1.37865 -9999 -9999 -9999 -9999 -9999 -9999 -9999 -9999 -9999 -9999 -9999 -9999 -9999 -9999 -9999 -9999 -9999 -9999 -9999 -9999 -9999 -9999 -9999 -9999 -9999 -9999 -9999 -9999 -9999 -9999 -9999 -9999 -9999 -9999 -9999 -9999 -9999 -9999 -9999 -9999 -9999 -9999 -9999 -9999
7.36467 6.64482 7.08878 7.42155 8.03649 8.1913 8.28222 9.16305 9.11441 9.07171 8.69306 8.39 7.889 7.0344 5.81836 4.35456 1.80685 3.3758 4.60411 4.57146 4.50296 3.95008 2.76532 3.75432 3.79955 2.2942 0.574937 -0.435663 -0.854106 -9999 -9999 -9999 -9999 -9999 -9999 -9999 -9999 -9999 -9999 -9999 -9999 -9999 -9999 -9999 -9999 -9999 -9999 -9999 -9999 -9999 -9999 -9999 -9999 -9999 -9999 -9999 -9999 -9999 -9999 -9999 -9999 -9999 -9999 -9999 -9999 -9999 -9999 -9999 -9999 -9999 -9999 -9999
6.77846 5.89966 6.34638 6.94311 7.78469 8.21553 8.54483 8.80686 9.07421 9.04059 8.65305 7.51191 7.34765 7.2969 6.50107 4.83246 3.16611 2.73357 4.60805 5.14377 5.03327 5.45099 4.44725 4.9199 4.72443 4.19198 2.53956 1.03281 0.409334 -0.822037 -9999 -9999 -9999 -9999 -9999 -9999 -9999 -9999 -9999 -9999 -9999 -9999 -9999 -9999 -9999 -9999 -9999 -9999 -9999 -9999 -9999 -9999 -9999 -9999 -9999 -9999 -9999 -9999 -9999 -9999 -9999 -9999 -9999 -9999 -9999 -9999 -9999 -9999 -9999 -9999 -9999 -9999
-9999 -9999 5.3446 6.1564 6.82621 7.64931 8.35812 8.71355 9.05883 9.02903 8.2561 7.87722 7.8427 7.32068 6.40216 5.82526 4.77568 3.68225 4.09841 5.69684 4.98431 6.11643 6.01944 6.22653 5.46782 4.03202 2.11583 0.995722 0.437891 -0.560054 -9999 -9999 -9999 -9999 -9999 -9999 -9999 -9999 -9999 -9999 -9999 -9999 -9999 -9999 -9999 -9999 -9999 -9999 -9999 -9999 -9999 -9999 -9999 -9999 -9999 -9999 -9999 -9999 -9999 -9999 -9999 -9999 -9999 -9999 -9999 -9999 -9999 -9999 -9999 -9999 -9999 -9999
-9999 -9999 -9999 6.00551 6.51469 7.61733 8.18299 8.41291 8.97093 8.97029 8.67636 8.4541 8.13243 7.71289 7.02223 6.26049 5.27332 5.181 6.20316 6.21482 6.0001 6.1671 6.69173 6.55205 5.38105 3.35535 2.28512 0.111651 -0.819789 -0.725078 -1.38546 -9999 -9999 -9999 -9999 -9999 -9999 -9999 -9999 -9999 -9999 -9999 -9999 1.14247 -9999 -9999 -9999 -9999 -9999 -9999 -9999 -9999 -9999 -9999 -9999 -9999 -9999 -9999 -9999 -9999 -9999 -9999 -9999 -9999 -2.79802 -9999 -9999 -9999 -9999 -9999 -9999 -9999
-9999 -9999 5.90818 6.59027 7.12532 7.81569 7.87998 8.28814 8.92997 8.9374 8.72835 8.49245 7.96442 7.83249 7.43876 6.61186 6.44186 6.77557 6.92883 7.10272 7.20949 7.12134 6.90752 6.63137 5.8748 4.93549 4.30481 2.31994 1.31482 0.353586 -1.10094 -2.23891 -9999 -9999 -9999 -9999 -9999 -9999 -9999 0.379664 0.326374 0.353094 0.673072 1.55469 1.03871 -9999 -9999 -9999 -9999 -9999 -9999 -9999 -9999 -9999 -9999 -9999 -9999 -9999 -9999 -9999 -9999 -9999 -9999 -9999 -2.00245 -3.14642 -9999 -9999 -9999 -9999 -9999 -9999
-9999 -9999 6.08817 6.81201 7.17247 7.84291 8.22557 8.47305 8.69416 8.90543 8.86765 8.6067 8.21084 8.21187 7.66734 7.37328 7.16315 7.61496 7.70369 7.52138 7.29292 7.09081 6.52038 6.45366 6.26772 5.67138 4.69278 3.68434 2.22928 0.254911 -1.68133 -3.2432 -9999 -9999 -9999 -9999 -9999 -9999 0.542523 1.2745 1.71348 0.782968 1.58004 2.30885 2.19421 1.49458 -9999 -9999 -9999 -9999 -9999 -9999 -9999 -9999 -9999 -9999 -9999 -9999 -9999 -9999 3.42385 2.2504 -0.120279 -1.33501 -2.06332 -3.10338 -9999 -9999 -9999 -9999 -9999 -9999
-9999 -9999 5.94262 6.79788 7.37658 7.88993 7.97025 8.49523 8.72247 8.83491 8.81937 8.7661 8.69174 8.21611 8.01086 7.29315 7.97785 7.95115 7.77703 7.08958 6.79133 5.61142 5.09188 4.97558 5.96701 5.23349 3.70239 1.78842 -0.511616 -0.660866 -1.42206 -2.8181 -9999 -9999 -9999 -9999 -9999 -9999 0.768117 1.55103 2.20488 2.30114 1.3766 2.67076 2.62656 1.90552 1.74359 2.33868 2.64139 2.42228 3.1347 3.34352 3.02536 3.37676 -9999 -9999 -9999 -9999 3.58687 3.63439 3.67033 3.18149 0.591476 -1.17711 -2.765 -2.90789 -9999 -9999 -9999 -9999 -9999 -9999
-9999 -9999 6.53447 7.06035 7.32528 7.3665 7.82685 8.28518 8.56656 8.77219 8.72831 8.70945 8.68971 8.52599 8.14791 8.21465 8.18333 7.96283 6.65472 5.12808 5.79307 4.886 2.94386 4.52247 5.38802 4.55701 2.70184 0.550647 -0.154303 -0.124609 -1.18308 -2.54308 -9999 -9999 -9999 -1.37046 -0.25043 -0.152647 0.178156 1.22226 2.01701 2.61505 3.02395 3.01312 2.58925 1.88425 1.11781 1.39432 2.77986 3.11944 3.41043 3.6269 3.33169 3.48921 3.85961 4.05106 4.08995 4.00292 3.98294 4.01307 3.96892 3.5127 1.19481 -0.130734 -0.975932 -2.66857 -9999 -9999 -9999 -9999 -9999 -9999
-9999 -9999 6.19978 6.65679 7.02647 7.6425 7.70554 8.0937 8.32183 8.6635 8.70012 8.29495 8.62625 8.58161 8.518 8.3848 8.19037 7.08598 5.56419 4.03876 3.33446 3.63269 2.46566 3.0672 3.94434 3.62343 2.48748 0.570963 0.300262 -0.146314 -1.92551 -3.63906 -9999 -9999 -3.54365 -1.39502 0.118061 0.89883 1.1412 1.16533 2.16647 2.24649 3.32479 3.075 1.657 1.81972 1.26745 1.62909 2.14181 2.28338 3.0172 3.72249 3.8563 3.86029 4.0963 4.14496 4.15744 4.15117 3.99131 4.06413 4.07523 3.79076 2.11223 1.29418 0.395705 -2.64445 -9999 -9999 -9999 -9999 -9999 -9999
-9999 -9999 6.43312 6.94414 7.50381 7.59262 8.00653 7.9627 7.84071 8.41858 8.6282 8.34142 8.1346 8.51042 8.48288 8.43171 8.3484 7.31065 6.10999 4.29259 3.16337 2.47124 1.98068 1.3299 1.78044 1.64246 1.45739 1.6693 1.14171 0.0894171 -0.953002 -2.90269 -3.95806 -9999 -3.4287 -2.45942 -0.659972 0.869599 1.84102 1.49285 2.6312 2.84377 3.5017 3.11894 2.26031 1.89447 1.86442 1.75387 2.52254 3.04002 3.40788 3.6527 3.95801 4.03583 4.11361 4.14603 4.16346 4.18094 4.17662 4.1702 4.13598 4.02902 3.25737 2.44305 0.678433 -2.54347 -9999 -9999 -9999 -9999 -9999 -9999
-9999 4.93993 6.37359 7.23183 7.56269 7.80074 8.0102 8.16109 8.31855 8.46743 8.56881 8.52196 7.7663 7.82606 7.96007 8.38675 8.35552 8.26135 7.60489 5.39365 4.62815 3.51284 2.06678 1.46462 1.76691 2.95243 2.89932 2.11386 1.23833 0.0273071 -0.74356 -1.93999 -4.23552 -4.03032 -2.9977 -2.22932 -1.00654 0.863054 2.17411 2.75983 2.98206 3.44432 3.68602 3.16332 2.66679 2.4589 2.07093 2.01907 2.02524 2.49089 2.85607 3.66149 3.93321 4.05843 4.12193 4.15591 4.18034 4.20418 4.21207 4.19615 4.19663 4.19026 4.13547 3.04859 0.330201 -1.71466 -9999 -9999 -9999 -9999 -9999 -9999
-9999 -9999 6.10751 6.4837 6.58035 6.75116 7.1034 7.50986 8.08581 8.15809 8.47519 8.47188 7.82037 7.06858 7.72051 7.979 8.24737 8.25512 8.17055 6.31194 5.34014 4.57513 3.18871 3.69121 4.16673 4.20295 3.91614 2.23252 0.555468 -1.37911 -3.18595 -3.27359 -4.24699 -3.73376 -3.05214 -1.30004 -0.0669039 0.433295 0.793019 2.6945 3.19005 3.36358 3.8528 3.19235 3.03055 2.53573 2.68776 2.64785 2.65428 1.27634 2.66655 2.75073 3.65521 4.06257 4.15551 4.18062 4.20704 4.21082 4.21545 4.21076 4.21952 4.20692 4.19394 3.48822 0.0384292 -1.68928 -9999 -9999 -9999 -9999 -9999 -9999
-9999 -9999 -9999 -9999 6.22258 6.50872 6.69117 7.00879 7.98633 8.24834 8.42177 8.43472 8.14338 7.39939 7.20253 7.33766 6.61267 7.2189 8.0476 8.02719 7.92701 6.29387 5.46047 6.27023 6.02471 4.7969 3.83036 2.87614 0.91279 -0.525624 -2.5963 -4.15171 -4.21177 -2.49823 -1.07504 0.69782 1.47992 1.03429 1.5173 2.463 3.53719 4.05816 3.93884 3.24269 3.1511 2.38627 3.14607 3.21478 2.86713 2.56688 2.69253 3.14141 3.31353 4.02093 4.19255 4.22316 4.22822 4.23054 4.22683 4.22217 4.21434 4.20743 4.19855 4.16819 0.622185 -2.13277 -9999 -9999 -9999 -9999 -9999 -9999
-9999 -9999 -9999 -9999 5.54091 5.71422 6.17381 7.35808 7.97523 8.2239 8.21321 8.32729 8.12134 7.46651 6.79471 6.16136 5.34523 5.81168 7.046 7.77395 7.85718 6.42573 7.17323 6.89495 6.34549 4.73971 3.55606 2.92819 1.04325 -0.571617 -1.94967 -3.85214 -3.0406 -2.14664 -0.997792 0.936501 2.24166 2.77818 2.32848 2.93337 4.16928 4.17884 3.50719 3.55467 3.15005 2.10352 3.20186 3.5139 3.26969 3.33767 3.24981 3.41837 3.72293 4.01376 4.20694 4.23295 4.23555 4.22852 4.22739 4.22786 4.21428 4.21592 4.2071 4.1907 1.9027 -2.18478 -9999 -9999 -9999 -9999 -9999 -9999
-9999 -9999 -9999 -9999 -9999 4.91826 5.97028 7.54321 7.92987 7.89188 8.21503 8.24113 7.92594 7.65238 6.8371 5.72397 3.58689 4.13123 5.26749 6.90603 7.76751 7.65195 7.17532 6.34412 4.33153 2.57001 2.35602 2.06724 0.691432 -0.552536 -2.0845 -1.19911 -0.229184 0.832121 1.38916 1.24302 2.36128 3.27346 2.88682 3.62858 4.49438 4.10551 3.8772 3.68654 3.21797 3.19379 3.24789 3.87349 3.4477 3.71558 3.72693 3.71443 3.86346 4.03412 4.21278 4.24187 4.24172 4.24386 4.22242 4.22932 4.21921 4.20981 4.20185 4.1881 3.98316 1.78392 0.469731 -9999 -9999 -9999 -9999 -9999
-9999 -9999 -9999 -9999 -9999 3.94534 4.46877 6.33216 6.90396 7.72616 8.16177 8.18 7.64913 7.3531 6.13858 5.74434 3.76745 2.8728 3.63259 3.34244 5.59863 7.59524 7.16323 3.13509 1.67642 0.635896 0.903273 0.905502 0.522097 -1.59463 -2.17897 -0.286149 0.905048 1.82767 2.52732 2.67238 2.64753 4.07441 4.26475 4.7298 4.63116 4.67691 3.95984 3.51778 3.91365 3.46901 3.39679 4.0429 3.41491 3.9903 3.92753 3.7583 3.75109 4.12879 4.20551 4.24559 4.2476 4.23194 4.21219 4.20115 4.21358 4.20872 4.18926 4.19231 4.17428 3.91735 2.77993 2.38485 2.83047 -9999 -9999 -9999
-9999 -9999 -9999 -9999 -9999 -9999 2.72884 5.31962 6.49997 7.12031 7.99475 8.09858 7.81557 7.30399 6.06716 4.9797 3.21247 1.19455 0.126603 3.32624 6.11126 7.56524 7.37676 4.02386 2.70091 2.63994 3.41959 2.76158 2.26214 0.653354 0.171844 -0.497219 -0.0871021 1.19939 2.25087 3.26456 4.00171 4.06182 4.54119 4.81787 4.84252 4.9314 4.84996 4.78453 4.09576 4.58049 4.17744 4.39801 4.2628 4.14076 4.03734 3.6419 3.92461 4.17456 4.23914 4.25922 4.24326 4.23882 4.22752 4.20375 4.19385 4.19312 4.19224 4.18151 4.18381 4.17684 4.05246 3.36957 2.4541 1.29643 -9999 -9999
-9999 -9999 -9999 -9999 -9999 -9999 1.43363 4.01186 5.251 6.84966 7.67027 8.00389 7.95821 7.54345 6.60344 5.18942 4.0117 1.75898 -0.579837 2.77878 5.77116 7.38606 7.4724 4.65673 5.4388 4.80774 5.06271 3.90644 3.42572 3.04498 2.21393 1.30503 0.310374 -0.21483 2.14582 3.35759 4.33297 4.79308 5.05375 5.18476 5.1171 4.94273 3.89681 4.70002 4.66352 4.58804 4.50086 4.46066 4.38159 4.28742 4.23444 4.21609 3.95353 4.25449 4.24832 4.25158 4.25204 4.2433 4.22767 4.21424 4.19819 4.19921 4.19115 4.18282 4.17811 4.17988 4.17471 4.14034 3.96128 2.40529 1.47563 1.21951
-9999 -9999 -9999 -9999 -9999 -9999 -2.19235 1.5598 4.57143 6.14544 7.4275 7.77819 7.90828 7.35235 6.93651 5.92271 4.96296 3.48282 1.26608 -0.0985319 2.41679 6.07186 7.42018 7.3177 7.23405 6.50433 5.84651 5.76332 5.81239 5.04558 3.9285 2.46926 2.0152 1.50255 3.26056 3.49807 3.36879 5.30309 5.30788 5.1989 4.4603 3.63451 3.79456 3.28569 3.68446 3.07672 3.64267 4.13225 4.31713 4.30511 4.2451 4.24033 4.21222 4.26575 4.26443 4.25533 4.24806 4.24379 4.2359 4.21307 4.20038 4.20904 4.19519 4.18546 4.17741 4.18138 4.18023 4.15538 4.13303 3.89615 3.53835 2.85651
-9999 -9999 -9999 -9999 -9999 -9999 -2.03262 1.12103 3.79767 5.40395 6.94678 7.30352 7.82329 7.70951 7.27402 6.39267 5.29202 4.07376 2.17191 0.758585 2.44029 4.86826 6.60624 7.2318 7.22602 7.18453 7.01948 6.95083 6.7582 6.62018 5.81901 4.44339 3.66367 2.52323 4.48273 4.70164 4.39417 5.37251 5.32366 3.84454 2.70802 2.5681 3.26552 2.60811 2.49776 2.09051 2.55839 3.80655 3.44777 3.52217 4.091 4.18533 4.24737 4.26341 4.25911 4.25581 4.24554 4.24637 4.24732 4.22504 4.21499 4.21054 4.1901 4.18818 4.1753 4.17004 4.16342 4.15119 4.13079 4.06519 3.995 4.07871
-9999 -9999 -9999 -9999 -9999 -9999 -1.9685 0.151395 2.56008 4.92572 6.5736 7.23744 7.7205 7.71408 7.20807 6.76954 6.07932 5.00741 4.27227 2.99626 1.24516 4.18156 5.08391 5.89018 6.22845 7.06631 7.04582 6.66173 6.21389 6.62669 6.50747 5.41614 5.05632 4.44973 5.53908 5.5406 5.50962 5.45083 4.20075 2.46358 1.0757 2.07697 1.87017 2.33268 0.916612 2.09143 3.03602 3.34443 2.70755 2.23513 3.70731 3.95403 4.09912 4.19186 4.25252 4.23743 4.25199 4.24299 4.23849 4.2338 4.22157 4.21464 4.20292 4.19124 4.18118 4.1775 4.16341 4.14764 4.14897 4.11505 4.10287 4.09544
-9999 -9999 -9999 -9999 -9999 -9999 -9999 -1.10265 1.95284 4.67948 6.19689 7.15069 7.61472 7.60507 7.34582 7.0477 6.61936 5.84578 4.87434 3.33961 2.20042 2.92373 3.80799 3.91008 4.49717 6.19909 6.78035 5.95602 3.91714 5.12294 6.46295 6.43994 6.32422 6.19496 6.02874 5.88018 5.55652 4.691 2.04038 1.52077 0.482154 0.601982 0.0705346 1.23938 0.809314 2.00911 2.5306 2.72902 1.62465 1.86396 3.16897 3.68464 3.59974 3.91589 4.21657 4.22639 4.23492 4.22706 4.23364 4.23635 4.2319 4.22036 4.21171 4.20599 4.18431 4.19253 4.09656 4.03513 3.90788 4.071 4.08858 4.10581
-9999 -9999 -9999 -9999 -9999 -9999 -9999 -1.7099 1.33823 4.54982 5.58008 6.60859 7.49619 7.51242 7.11684 6.74075 6.35354 5.91298 4.73469 3.59224 2.50164 2.13563 2.35545 2.34282 3.29238 5.50956 5.9387 5.75524 3.6306 2.90966 4.70036 6.20506 6.32253 6.18496 4.4121 4.78885 3.8326 2.53618 2.1798 1.61319 0.415289 0.994021 0.117522 0.49612 0.402423 1.08443 1.4182 2.2287 1.26625 1.27591 2.55755 3.2026 3.21948 3.89587 4.13719 4.20058 4.21672 4.22845 4.23187 4.24325 4.23806 4.22945 4.21791 4.18752 4.11271 3.87938 2.60348 2.60763 2.96203 3.29743 3.91055 4.08558
-9999 -9999 -9999 -9999 -9999 -9999 -9999 -1.35878 0.756159 3.60587 5.71648 5.84806 6.87371 7.40273 6.97275 6.48886 5.99395 5.77743 4.49507 3.08661 1.94871 0.601881 0.823774 1.79084 3.37716 4.8093 5.06521 4.76885 3.63215 4.17034 5.39146 6.03944 6.22992 6.07851 5.6919 5.46843 4.76428 4.45928 3.48206 1.95419 1.35318 1.73587 0.114638 0.229832 0.83183 0.201639 1.25479 1.75981 0.516087 1.5152 2.64557 3.22387 3.72938 3.96892 4.06467 4.21114 4.21547 4.2283 4.23566 4.23439 4.23539 4.213 4.19488 4.06037 3.86134 2.66794 2.17758 2.27758 2.8324 3.3184 3.83573 4.04431
-9999 -9999 -9999 -9999 -9999 -9999 -9999 -0.999851 0.9044 3.3753 4.87993 5.14833 6.28598 7.29757 7.18372 6.68036 6.52673 6.0053 4.91767 3.71647 2.40364 1.76541 0.298216 1.7427 2.89026 4.10302 4.67024 3.73739 3.26657 4.09943 4.92733 5.25763 6.09369 6.08521 5.8121 4.63627 4.06297 4.30545 4.05962 3.62905 2.57781 2.53215 1.85764 1.57924 1.31649 0.464427 1.01431 1.07101 1.22607 2.41881 3.00774 3.39846 3.75374 3.84757 4.00232 4.20285 4.22107 4.22889 4.22872 4.2333 4.21958 4.16385 4.11721 3.8448 3.36157 2.45861 1.00028 2.03582 3.11853 3.44689 3.7684 3.93277
-9999 -9999 -9999 -9999 -9999 -9999 -9999 -1.32633 0.696815 2.8086 3.69103 3.84016 5.9 7.16102 7.16252 6.92363 6.64478 5.35737 5.43264 5.17503 3.99071 2.26573 0.371256 0.548899 1.68007 3.28393 3.81378 2.269 1.72143 2.12397 3.37622 4.49708 5.66742 5.96445 5.62073 3.79069 1.84608 2.74827 3.71245 3.70779 3.42593 2.45117 2.14256 1.86344 1.15295 -0.0476113 0.13277 0.469722 1.82849 2.25637 2.91643 3.46466 3.25945 3.38099 3.90509 4.20607 4.21809 4.22415 4.23478 4.2287 4.21169 4.09948 3.98072 3.78071 2.51814 1.73364 0.595423 1.92976 2.66822 3.07251 3.77526 3.94363
-9999 -9999 -9999 -9999 -9999 -9999 -9999 -1.95481 -0.486709 1.53189 2.34501 3.64245 5.58909 6.54624 7.00479 6.99417 6.8082 6.23153 5.88475 5.20172 3.96969 2.28514 0.412648 -0.806367 -0.186801 1.97324 2.48881 1.05892 0.332288 1.23721 2.5719 4.5482 5.67727 5.82959 5.72735 5.34999 3.93032 2.21522 2.22151 3.08251 2.36347 1.52778 1.9891 1.9052 1.20353 0.693592 0.388512 0.590003 1.3643 1.68347 2.44575 3.57002 3.73199 3.70111 4.1748 4.19926 4.21106 4.22963 4.22981 4.22624 4.21288 4.12148 3.91568 3.07551 2.34308 1.32371 1.1988 2.39081 2.91479 3.40431 3.74958 3.86274
-9999 -9999 -9999 -9999 -9999 -9999 -9999 -3.03556 -1.30798 0.5831 2.35376 4.02894 5.47063 5.58158 6.34174 6.34033 6.73846 6.62393 6.0894 5.5141 4.45254 2.2886 0.468997 -1.51541 -0.992395 1.20785 1.50241 0.54516 -1.22354 0.602883 2.61701 4.44241 5.43053 4.65579 5.44975 5.3846 4.85278 3.83191 2.24458 2.2752 1.08606 1.03519 1.64732 1.84685 1.74635 1.36384 0.755537 0.869889 1.34227 1.46253 2.16319 3.03568 3.88857 4.03275 4.19616 4.20402 4.20748 4.22152 4.22397 4.20697 4.16418 4.06845 3.36409 2.52632 2.01068 1.30068 1.21556 2.58674 3.13983 3.45014 3.74852 3.86685
-9999 -9999 -9999 -9999 -9999 -9999 -9999 -9999 -1.48688 0.466972 1.91264 2.30164 3.58316 4.27494 4.81017 4.92847 6.45656 6.54044 6.20143 5.67295 4.76752 3.12543 1.98129 0.0778718 -1.29028 -0.721066 -0.456357 0.0465726 -0.101519 0.71314 2.64873 4.66526 4.88527 3.6043 3.79405 4.06217 4.66303 4.35855 2.19549 1.09683 0.18508 0.833947 1.51665 1.68269 1.71689 1.58664 1.44403 1.19166 2.10517 2.78145 2.93932 3.52898 3.96456 4.08563 4.17702 4.18911 4.20131 4.20228 4.17775 4.16013 4.05187 3.80836 3.02024 1.12384 1.21333 1.00908 0.419908 1.75969 2.61537 3.36983 3.77114 3.87539
-9999 -9999 -9999 -9999 -9999 -9999 -9999 -9999 -2.13925 0.121619 0.599012 0.563276 -0.185611 0.158668 2.93349 3.49193 4.95741 6.34504 6.24277 5.72428 4.87711 3.89905 2.38493 0.24428 -1.45662 -2.16818 -0.336135 1.46378 1.83517 2.40927 3.59547 3.821 2.51195 1.28435 1.97373 2.38901 3.97109 4.25998 3.95274 2.6496 1.1597 0.382323 1.30141 1.42504 1.48117 1.49323 1.47093 1.44161 2.47526 3.04573 3.44185 3.65809 4.03235 4.12898 4.16061 4.19034 4.18448 4.16604 4.10785 4.04153 3.74722 3.39081 2.09924 1.02259 0.351547 -0.500384 1.42241 1.9978 2.79857 3.31327 3.71242 3.80055
