Test_Spring_2018/03_18/Temp/20180317_022.txt
ncols	170
nrows	115
xllcorner	350000.000000
yllcorner	4445000.000000
cellsize	1000.000000
nodata_value	-9999.000000
[rows 32 to 63 of 115, columns 72 to 143 of 170]
15.9102 15.7019 16.0524 16.3758 16.1764 16.0527 16.5705 16.5808 16.4161 16.015 15.875 15.7297 15.6454 15.1289 13.6586 12.3345 13.0627 13.0919 12.6088 13.5086 13.0513 11.8392 10.1232 11.0729 10.8392 9.61089 9.3177 -9999 -9999 -9999 -9999 -9999 -9999 -9999 -9999 -9999 -9999 -9999 -9999 -9999 -9999 -9999 -9999 -9999 -9999 -9999 -9999 -9999 -9999 -9999 -9999 -9999 -9999 -9999 -9999 -9999 -9999 -9999 -9999 -9999 -9999 -9999 -9999 -9999 -9999 -9999 -9999 -9999 -9999 -9999 -9999 -9999
15.6226 15.5395 16.0552 16.0555 16.0229 16.1997 16.5232 16.5973 16.5396 16.3709 16.2266 16.0727 15.6647 15.0722 13.8156 12.3066 11.9738 12.7303 12.778 12.9095 12.4937 11.9681 11.1393 11.8381 12.1159 11.3173 10.2618 9.58739 -9999 -9999 -9999 -9999 -9999 -9999 -9999 -9999 -9999 -9999 -9999 -9999 -9999 -9999 -9999 -9999 -9999 -9999 -9999 -9999 -9999 -9999 -9999 -9999 -9999 -9999 -9999 -9999 -9999 -9999 -9999 -9999 -9999 -9999 -9999 -9999 -9999 -9999 -9999 -9999 -9999 -9999 -9999 -9999
15.2785 14.8003 15.1155 15.3546 15.7683 15.8752 15.949 16.5614 16.5404 16.5236 16.2779 16.0839 15.7551 15.1854 14.3693 13.3843 11.6602 12.7428 13.593 13.5832 13.5489 13.184 12.3881 13.0741 13.1164 12.0917 10.914 10.2368 9.96352 -9999 -9999 -9999 -9999 -9999 -9999 -9999 -9999 -9999 -9999 -9999 -9999 -9999 -9999 -9999 -9999 -9999 -9999 -9999 -9999 -9999 -9999 -9999 -9999 -9999 -9999 -9999 -9999 -9999 -9999 -9999 -9999 -9999 -9999 -9999 -9999 -9999 -9999 -9999 -9999 -9999 -9999 -9999
14.8867 14.3 14.6168 15.0358 15.6131 15.906 16.1353 16.3259 16.5203 16.5097 16.2581 15.4928 15.3938 15.3722 14.8426 13.718 12.5948 12.3127 13.6033 13.981 13.9178 14.2146 13.5419 13.8757 13.7537 13.3967 12.2708 11.2445 10.8313 10.0039 -9999 -9999 -9999 -9999 -9999 -9999 -9999 -9999 -9999 -9999 -9999 -9999 -9999 -9999 -9999 -9999 -9999 -9999 -9999 -9999 -9999 -9999 -9999 -9999 -9999 -9999 -9999 -9999 -9999 -9999 -9999 -9999 -9999 -9999 -9999 -9999 -9999 -9999 -9999 -9999 -9999 -9999
-9999 -9999 13.9413 14.4983 14.9642 15.5272 16.0153 16.2695 16.5171 16.5092 15.9948 15.7494 15.7389 15.3961 14.783 14.4028 13.7001 12.9674 13.2636 14.3658 13.8919 14.6756 14.6209 14.7734 14.2672 13.2884 11.9884 11.2255 10.857 10.1886 -9999 -9999 -9999 -9999 -9999 -9999 -9999 -9999 -9999 -9999 -9999 -9999 -9999 -9999 -9999 -9999 -9999 -9999 -9999 -9999 -9999 -9999 -9999 -9999 -9999 -9999 -9999 -9999 -9999 -9999 -9999 -9999 -9999 -9999 -9999 -9999 -9999 -9999 -9999 -9999 -9999 -9999
-9999 -9999 -9999 14.4026 14.7589 15.522 15.9031 16.0716 16.4642 16.4762 16.2886 16.1501 15.9439 15.6712 15.2136 14.7074 14.0473 13.9972 14.7066 14.7267 14.5921 14.7175 15.0864 15.0022 14.2091 12.8336 12.1145 10.6289 10.0054 10.0819 9.6439 -9999 -9999 -9999 -9999 -9999 -9999 -9999 -9999 -9999 -9999 -9999 -9999 11.5471 -9999 -9999 -9999 -9999 -9999 -9999 -9999 -9999 -9999 -9999 -9999 -9999 -9999 -9999 -9999 -9999 -9999 -9999 -9999 -9999 9.15606 -9999 -9999 -9999 -9999 -9999 -9999 -9999
-9999 -9999 14.3405 14.8066 15.1822 15.6639 15.7098 15.9935 16.4432 16.4607 16.331 16.1834 15.8367 15.7603 15.5053 14.9548 14.852 15.0924 15.2093 15.3399 15.4244 15.3755 15.2406 15.063 14.5475 13.9172 13.4975 12.1505 11.4665 10.8228 9.84318 9.07984 -9999 -9999 -9999 -9999 -9999 -9999 -9999 10.9758 10.9537 10.9861 11.2184 11.8335 11.4957 -9999 -9999 -9999 -9999 -9999 -9999 -9999 -9999 -9999 -9999 -9999 -9999 -9999 -9999 -9999 -9999 -9999 -9999 -9999 9.7031 8.93819 -9999 -9999 -9999 -9999 -9999 -9999
-9999 -9999 14.4613 14.9651 15.2212 15.6888 15.9606 16.1263 16.289 16.4456 16.4328 16.2682 16.0119 16.0263 15.6687 15.4818 15.3518 15.6727 15.7457 15.6333 15.489 15.3621 14.9838 14.9485 14.8221 14.4251 13.7677 13.0901 12.0953 10.7606 9.45238 8.39989 -9999 -9999 -9999 -9999 -9999 -9999 11.0777 11.5911 11.9047 11.2845 11.842 12.3529 12.2886 11.8198 -9999 -9999 -9999 -9999 -9999 -9999 -9999 -9999 -9999 -9999 -9999 -9999 -9999 -9999 13.3467 12.5619 10.9608 10.1477 9.66619 8.97211 -9999 -9999 -9999 -9999 -9999 -9999
-9999 -9999 14.3697 14.9625 15.3669 15.727 15.7923 16.1558 16.3146 16.4038 16.4063 16.3835 16.3467 16.0364 15.9104 15.4349 15.9152 15.91 15.8037 15.3468 15.1547 14.361 14.0169 13.9385 14.6236 14.1326 13.0979 11.8023 10.2349 10.141 9.63367 8.6941 -9999 -9999 -9999 -9999 -9999 -9999 11.2365 11.7847 12.2449 12.3248 11.7085 12.6048 12.5832 12.1051 12.0082 12.4274 12.6474 12.5045 13.0032 13.1602 12.958 13.2125 -9999 -9999 -9999 -9999 13.4318 13.4796 13.5194 13.2013 11.4506 10.2599 9.19237 9.10991 -9999 -9999 -9999 -9999 -9999 -9999
-9999 -9999 14.7807 15.1484 15.3384 15.3761 15.6999 16.018 16.2143 16.3658 16.3492 16.3502 16.351 16.2538 16.0104 16.0701 16.0625 15.9253 15.046 14.017 14.4816 13.8738 12.5565 13.6366 14.2353 13.6771 12.4209 10.963 10.483 10.511 9.80075 8.88409 -9999 -9999 -9999 9.73828 10.5165 10.5978 10.838 11.5645 12.1208 12.5438 12.8367 12.8403 12.563 12.0957 11.5864 11.7882 12.7462 12.9912 13.1957 13.3577 13.1712 13.2924 13.56 13.7058 13.7476 13.7037 13.7054 13.7413 13.7266 13.4307 11.8666 10.9779 10.4167 9.27886 -9999 -9999 -9999 -9999 -9999 -9999
-9999 -9999 14.5591 14.8796 15.1406 15.5671 15.62 15.8951 16.0577 16.2973 16.3358 16.0737 16.3141 16.2985 16.2698 16.1935 16.0749 15.3353 14.3103 13.282 12.8128 13.0243 12.2379 12.6519 13.2582 13.0462 12.2763 10.9782 10.8027 10.5006 9.29672 8.14059 -9999 -9999 8.24613 9.72555 10.7719 11.3191 11.4992 11.5304 12.2276 12.2965 13.0458 12.8869 11.9318 12.056 11.6932 11.9528 12.3135 12.4234 12.9316 13.426 13.532 13.5496 13.7257 13.7742 13.7981 13.8092 13.7157 13.7807 13.8036 13.6249 12.4957 11.953 11.3554 9.29864 -9999 -9999 -9999 -9999 -9999 -9999
-9999 -9999 14.722 15.0787 15.469 15.5386 15.8304 15.8103 15.7343 16.1406 16.2922 16.1111 15.985 16.2563 16.2527 16.2326 16.1901 15.496 14.6901 13.4627 12.7036 12.2399 11.9143 11.4702 11.7851 11.6986 11.5803 11.733 11.38 10.665 9.96516 8.64615 7.93944 -9999 8.32814 9.00365 10.2455 11.3034 11.9808 11.7584 12.5492 12.7086 13.1693 12.9219 12.3482 12.1097 12.1022 12.0399 12.5771 12.9433 13.2022 13.3835 13.6055 13.6735 13.7417 13.7792 13.8065 13.8339 13.8465 13.8576 13.8496 13.792 13.281 12.7409 11.5527 9.37194 -9999 -9999 -9999 -9999 -9999 -9999
-9999 13.7088 14.688 15.2809 15.5146 15.6855 15.8376 15.9505 16.0652 16.1783 16.2606 16.2396 15.7396 15.7958 15.9027 16.2087 16.202 16.1515 15.7166 14.2207 13.7082 12.9534 11.9757 11.5684 11.7816 12.5969 12.568 12.0401 11.4512 10.6283 10.1112 9.30711 7.75361 7.90715 8.62552 9.16424 10.0131 11.3031 12.2123 12.6268 12.7931 13.1213 13.3 12.9551 12.6282 12.4993 12.2476 12.225 12.2422 12.5727 12.8303 13.3935 13.5934 13.6931 13.7516 13.7902 13.8223 13.8542 13.8751 13.8798 13.8955 13.9065 13.8843 13.1583 11.3194 9.94106 -9999 -9999 -9999 -9999 -9999 -9999
-9999 -9999 14.5127 14.7765 14.8501 14.9747 15.2238 15.5107 15.9108 15.9723 16.2017 16.213 15.7818 15.2851 15.7453 15.937 16.1348 16.1539 16.1091 14.8504 14.1975 13.6845 12.747 13.0926 13.4233 13.4545 13.2657 12.1249 10.9892 9.67288 8.45116 8.40262 7.74989 8.11275 8.59193 9.80152 10.6576 11.0142 11.275 12.5867 12.9385 13.0697 13.4168 12.9798 12.881 12.5563 12.6726 12.6581 12.6752 11.7486 12.7052 12.7768 13.408 13.7005 13.7787 13.8113 13.8449 13.8631 13.8818 13.8942 13.9156 13.9224 13.9284 13.4622 11.125 9.96278 -9999 -9999 -9999 -9999 -9999 -9999
-9999 -9999 -9999 -9999 14.6111 14.8141 14.9471 15.1732 15.8472 16.038 16.1694 16.1924 16.0087 15.5159 15.3977 15.5055 15.0262 15.4526 16.0295 16.0264 15.9676 14.8625 14.298 14.8566 14.6953 13.8643 13.2116 12.5678 11.2364 10.2584 8.85659 7.80716 7.77835 8.95983 9.94357 11.1675 11.7162 11.4281 11.7731 12.432 13.1789 13.5481 13.4803 13.0189 12.9679 12.459 12.9895 13.0489 12.8245 12.6326 12.7271 13.0473 13.1792 13.6763 13.8085 13.8445 13.8636 13.8809 13.894 13.9064 13.9165 13.927 13.9361 13.9303 11.5275 9.66478 -9999 -9999 -9999 -9999 -9999 -9999
-9999 -9999 -9999 -9999 14.151 14.2769 14.5988 15.4156 15.8439 16.0256 16.0315 16.1234 15.998 15.5671 15.1246 14.7086 14.1669 14.4986 15.3523 15.8594 15.9255 14.9578 15.4711 15.2876 14.9189 13.8299 13.029 12.6074 11.3293 10.2309 9.30121 8.01506 8.58046 9.20313 10.0006 11.3342 12.2397 12.6211 12.3298 12.7573 13.6145 13.635 13.1907 13.2362 12.9717 12.2707 13.0319 13.2571 13.1031 13.1622 13.1112 13.2403 13.4624 13.6756 13.8225 13.8556 13.8729 13.8838 13.8988 13.9147 13.9209 13.9373 13.9463 13.9501 12.4049 9.63366 -9999 -9999 -9999 -9999 -9999 -9999
-9999 -9999 -9999 -9999 -9999 13.7386 14.4644 15.5462 15.8173 15.8035 16.0371 16.069 15.8691 15.6981 15.1581 14.4149 12.9727 13.3574 14.1443 15.2722 15.869 15.7985 15.4771 14.9166 13.5502 12.355 12.2152 12.0247 11.0937 10.2482 9.21349 9.82809 10.5015 11.2382 11.6321 11.5475 12.3255 12.9631 12.7149 13.2357 13.8405 13.5894 13.4473 13.3305 13.0224 13.0184 13.0676 13.5066 13.2288 13.4241 13.4408 13.4464 13.5625 13.6937 13.8307 13.866 13.8815 13.8986 13.8997 13.92 13.9286 13.9374 13.9471 13.9527 13.8277 12.3438 11.4626 -9999 -9999 -9999 -9999 -9999
-9999 -9999 -9999 -9999 -9999 13.0795 13.445 14.725 15.1223 15.695 16.0052 16.0318 15.6847 15.4978 14.6857 14.4326 13.0999 12.5029 13.0332 12.8461 14.3939 15.7636 15.4727 12.7326 11.7441 11.0406 11.2291 11.2371 10.9829 9.54231 9.15377 10.4553 11.2795 11.9217 12.4128 12.5265 12.5251 13.5138 13.6586 13.9907 13.938 13.9832 13.5078 13.2196 13.5009 13.2102 13.1734 13.6263 13.2107 13.6157 13.5818 13.4806 13.4902 13.7626 13.8301 13.8729 13.8898 13.8949 13.8971 13.9051 13.929 13.9409 13.9428 13.9598 13.9623 13.8027 13.042 12.7874 13.1059 -9999 -9999 -9999
-9999 -9999 -9999 -9999 -9999 -9999 12.2631 14.0392 14.8514 15.2865 15.8959 15.9808 15.8009 15.4679 14.6405 13.9146 12.7246 11.3628 10.6453 12.8377 14.7462 15.7461 15.6215 13.3421 12.4464 12.4111 12.9492 12.5073 12.1742 11.08 10.7617 10.3166 10.6083 11.4981 12.2288 12.935 13.4531 13.5097 13.8521 14.0548 14.086 14.1607 14.1187 14.0873 13.6291 13.9721 13.7098 13.8727 13.7932 13.7228 13.6611 13.4057 13.613 13.7983 13.8575 13.8865 13.8912 13.9039 13.9119 13.9113 13.9197 13.9344 13.9489 13.9565 13.9729 13.9838 13.9138 13.463 12.8536 12.0791 -9999 -9999
-9999 -9999 -9999 -9999 -9999 -9999 11.3843 13.1521 14.0045 15.1067 15.6788 15.9177 15.9017 15.6345 15.0092 14.0604 13.2721 11.7501 10.1683 12.4692 14.5164 15.6263 15.6932 13.7766 14.3166 13.8931 14.0739 13.2928 12.9728 12.7159 12.1595 11.551 10.8842 10.5384 12.1623 13.0034 13.6837 14.0129 14.206 14.3106 14.2777 14.1721 13.4726 14.0334 14.0201 13.9813 13.9344 13.9197 13.8785 13.8273 13.7998 13.8016 13.6372 13.8573 13.8681 13.8857 13.9016 13.9112 13.9162 13.9226 13.9272 13.943 13.9522 13.9615 13.9731 13.99 14.0014 13.9928 13.8855 12.8394 12.2204 12.0592
-9999 -9999 -9999 -9999 -9999 -9999 8.91637 11.4849 13.5451 14.6305 15.5139 15.7674 15.8711 15.5073 15.239 14.5627 13.9228 12.9273 11.4287 10.5102 12.2347 14.7364 15.66 15.5936 15.544 15.0537 14.6127 14.5637 14.6055 14.0854 13.3331 12.3496 12.0508 11.7148 12.9276 13.1043 13.0312 14.3652 14.3837 14.3245 13.8356 13.2847 13.4075 13.0728 13.3563 12.9547 13.3534 13.7 13.8389 13.8438 13.8115 13.8227 13.8181 13.8692 13.8835 13.8926 13.9032 13.9158 13.926 13.926 13.9327 13.954 13.9594 13.9678 13.9766 13.9951 14.0093 14.0072 14.0069 13.8603 13.6312 13.1798
-9999 -9999 -9999 -9999 -9999 -9999 9.02916 11.1854 13.0219 14.1244 15.1899 15.4472 15.8163 15.7535 15.4715 14.8852 14.149 13.3319 12.0479 11.0962 12.2539 13.9176 15.1117 15.5419 15.5416 15.5213 15.4168 15.3777 15.2549 15.1633 14.6278 13.6991 13.1802 12.4161 13.7662 13.9299 13.7351 14.4172 14.3988 13.4052 12.6449 12.5638 13.0503 12.6155 12.5518 12.2861 12.618 13.4821 13.2512 13.3151 13.711 13.7896 13.8461 13.8719 13.8842 13.8973 13.9057 13.9218 13.9379 13.9382 13.9467 13.9589 13.9602 13.9736 13.9797 13.9921 14.0019 14.0085 14.0096 13.9799 13.9468 14.0172
-9999 -9999 -9999 -9999 -9999 -9999 9.08058 10.5283 12.1824 13.8019 14.9389 15.4054 15.7491 15.7592 15.4288 15.1441 14.6874 13.9699 13.4814 12.6233 11.4407 13.4533 14.0758 14.6296 14.8691 15.4485 15.4426 15.1891 14.8813 15.1731 15.0997 14.3677 14.1351 13.7349 14.4916 14.5069 14.5004 14.4751 13.6375 12.4678 11.5359 12.2328 12.1058 12.4311 11.4773 12.2925 12.9495 13.1727 12.7508 12.442 13.4536 13.6356 13.7492 13.8274 13.8839 13.8889 13.9142 13.9235 13.9359 13.9481 13.9551 13.9656 13.9728 13.9799 13.9876 14.0012 14.0067 14.0109 14.0268 14.018 14.0248 14.033
-9999 -9999 -9999 -9999 -9999 -9999 -9999 9.68055 11.7683 13.6399 14.6875 15.3513 15.6816 15.6891 15.5265 15.3372 15.0587 14.5445 13.8948 12.8604 12.0951 12.599 13.2089 13.2824 13.6916 14.8607 15.2658 14.7127 13.3233 14.1517 15.0766 15.0729 15.0066 14.9316 14.8304 14.7433 14.537 13.9614 12.1687 11.8303 11.1365 11.2324 10.884 11.6904 11.4087 12.2399 12.6086 12.7571 12.0173 12.187 13.0901 13.4562 13.413 13.6435 13.8635 13.8854 13.9066 13.9166 13.9365 13.9536 13.9659 13.9733 13.9826 13.9938 13.9934 14.0153 13.965 13.9382 13.8666 13.9929 14.0201 14.0469
-9999 -9999 -9999 -9999 -9999 -9999 -9999 9.26205 11.3523 13.5546 14.27 14.9846 15.6035 15.6284 15.3725 15.1297 14.8792 14.5918 13.8011 13.0342 12.3021 12.0635 12.2239 12.2161 12.8729 14.3939 14.6959 14.5803 13.1278 12.6473 13.8797 14.9177 15.0104 14.9298 13.7346 14.0054 13.3675 12.4979 12.2693 11.8973 11.0947 11.5034 10.9197 11.1915 11.1345 11.6129 11.8538 12.4197 11.777 11.7899 12.6771 13.1315 13.1577 13.6338 13.8134 13.8718 13.8981 13.9214 13.939 13.9621 13.9738 13.9832 13.9905 13.9849 13.949 13.8042 12.9509 12.9689 13.2258 13.4697 13.9007 14.0376
-9999 -9999 -9999 -9999 -9999 -9999 -9999 9.50415 10.9583 12.9138 14.3658 14.4688 15.1816 15.5558 15.2763 14.9598 14.6357 14.501 13.6392 12.691 11.9269 11.0198 11.1819 11.8517 12.9334 13.9197 14.1041 13.912 13.1329 13.5111 14.3554 14.8094 14.952 14.8619 14.6117 14.4731 14.007 13.8132 13.1611 12.1336 11.7379 12.0128 10.9213 11.0135 11.4376 11.0143 11.7459 12.1037 11.2693 11.9557 12.7408 13.1497 13.5092 13.6874 13.7677 13.8828 13.9009 13.9249 13.9452 13.9596 13.9756 13.9755 13.9784 13.9019 13.7813 12.9828 12.6644 12.7478 13.1414 13.4881 13.8561 14.0139
-9999 -9999 -9999 -9999 -9999 -9999 -9999 9.75137 11.062 12.7593 13.7981 13.9942 14.7832 15.4863 15.4221 15.0923 15.0006 14.658 13.929 13.1222 12.2389 11.8152 10.826 11.8216 12.6042 13.4413 13.8384 13.1972 12.8873 13.4667 14.0431 14.2806 14.8634 14.8707 14.6979 13.9099 13.5328 13.7122 13.5586 13.2791 12.5763 12.5592 12.1131 11.937 11.7715 11.1968 11.5853 11.6376 11.7556 12.5753 12.9913 13.2723 13.5294 13.6083 13.7288 13.8806 13.9083 13.9288 13.944 13.9624 13.9683 13.9455 13.929 13.7584 13.4442 12.8438 11.8655 12.5869 13.3405 13.5819 13.8144 13.9422
-9999 -9999 -9999 -9999 -9999 -9999 -9999 9.53114 10.9229 12.3754 12.9899 13.1047 14.5223 15.3954 15.4097 15.26 15.083 14.218 14.2819 14.1186 13.323 12.1586 10.8782 11.0104 11.7867 12.8859 13.2578 12.1992 11.8373 12.1235 12.9894 13.766 14.5767 14.7923 14.5712 13.3371 12.025 12.654 13.3254 13.3362 13.1579 12.5073 12.3107 12.1342 11.6635 10.8565 10.9875 11.231 12.1617 12.4679 12.9324 13.3209 13.1958 13.2936 13.6659 13.8862 13.9096 13.9289 13.9514 13.9625 13.9662 13.905 13.8393 13.7182 12.8727 12.3531 11.594 12.5183 13.0373 13.3283 13.8232 13.9538
-9999 -9999 -9999 -9999 -9999 -9999 -9999 9.10491 10.1183 11.5073 12.0746 12.9722 14.3126 14.9784 15.3042 15.3101 15.1963 14.816 14.5922 14.1388 13.3109 12.1741 10.909 10.0891 10.5226 11.9952 12.3512 11.3773 10.8935 11.5223 12.4444 13.8043 14.5869 14.7038 14.6474 14.4036 13.4494 12.2939 12.3121 12.913 12.4367 11.8809 12.2093 12.1659 11.7012 11.3672 11.165 11.3147 11.8484 12.0805 12.6148 13.396 13.5212 13.5151 13.853 13.8848 13.908 13.9358 13.9512 13.9641 13.9703 13.9233 13.7983 13.2408 12.7568 12.0772 12.0074 12.8364 13.2115 13.5585 13.8098 13.9028
-9999 -9999 -9999 -9999 -9999 -9999 -9999 8.37028 9.56067 10.8627 12.0828 13.2379 14.234 14.3228 14.8542 14.8664 15.1509 15.0856 14.7339 14.354 13.6424 12.1789 10.95 9.60841 9.97626 11.4818 11.6712 11.03 9.83578 11.0929 12.4784 13.7354 14.4218 13.9066 14.4612 14.4303 14.0814 13.3991 12.3308 12.3656 11.5688 11.548 11.9793 12.1292 12.0745 11.8274 11.4244 11.5086 11.8365 11.933 12.4253 13.0348 13.6311 13.7442 13.8706 13.891 13.9085 13.9333 13.9503 13.954 13.9402 13.8903 13.4255 12.8697 12.5336 12.065 12.0224 12.9746 13.3688 13.5937 13.8131 13.9097
-9999 -9999 -9999 -9999 -9999 -9999 -9999 -9999 9.44094 10.7858 11.7843 12.0625 12.9493 13.4341 13.8122 13.906 14.9609 15.031 14.8126 14.4648 13.8597 12.7521 11.9837 10.6975 9.77597 10.1632 10.3386 10.693 10.6037 11.171 12.5029 13.8902 14.0529 13.1925 13.3351 13.5314 13.9547 13.7609 12.3001 11.565 10.9573 11.4137 11.8931 12.0202 12.0574 11.9824 11.8953 11.7225 12.3598 12.8353 12.9575 13.3742 13.6859 13.7832 13.8605 13.8837 13.9072 13.9231 13.9216 13.925 13.8666 13.7161 13.1942 11.9168 11.9933 11.8696 11.4835 12.415 13.0124 13.5428 13.8324 13.9195
-9999 -9999 -9999 -9999 -9999 -9999 -9999 -9999 8.99842 10.5526 10.8909 10.8795 10.382 10.6299 12.535 12.929 13.9412 14.9003 14.8434 14.5025 13.9372 13.2823 12.2617 10.8137 9.66533 9.17435 10.4302 11.6621 11.9269 12.3302 13.151 13.3171 12.4372 11.6132 12.0964 12.393 13.4854 13.6962 13.5007 12.6263 11.6245 11.1086 11.7492 11.8475 11.8996 11.9216 11.9183 11.9028 12.6151 13.0185 13.3031 13.4651 13.7349 13.8156 13.852 13.8873 13.8984 13.9011 13.8767 13.8469 13.6618 13.4343 12.5693 11.8509 11.409 10.8439 12.1705 12.581 13.1421 13.508 13.7963 13.8724
