Test_Spring_2018/03_18/Temp/20180326_010.txt
ncols	170
nrows	115
xllcorner	350000.000000
yllcorner	4445000.000000
cellsize	1000.000000
nodata_value	-9999.000000
[rows 32 to 63 of 115, columns 72 to 143 of 170]
11.2206 10.895 11.4021 11.8689 11.5674 11.3732 12.1316 12.1326 11.8728 11.261 11.0378 10.8066 10.6661 9.88184 7.67697 5.68965 6.75883 6.78689 6.05215 7.37687 6.68059 4.86042 2.28984 3.68943 3.32677 1.48469 1.0328 -9999 -9999 -9999 -9999 -9999 -9999 -9999 -9999 -9999 -9999 -9999 -9999 -9999 -9999 -9999 -9999 -9999 -9999 -9999 -9999 -9999 -9999 -9999 -9999 -9999 -9999 -9999 -9999 -9999 -9999 -9999 -9999 -9999 -9999 -9999 -9999 -9999 -9999 -9999 -9999 -9999 -9999 -9999 -9999 -9999
10.7846 10.6458 11.3988 11.3844 11.327 11.5851 12.0539 12.1498 12.0494 11.7836 11.5539 11.3098 10.6871 9.78964 7.90304 5.64057 5.12962 6.24104 6.29689 6.47758 5.84329 5.04575 3.79666 4.82268 5.22192 4.01323 2.43338 1.41652 -9999 -9999 -9999 -9999 -9999 -9999 -9999 -9999 -9999 -9999 -9999 -9999 -9999 -9999 -9999 -9999 -9999 -9999 -9999 -9999 -9999 -9999 -9999 -9999 -9999 -9999 -9999 -9999 -9999 -9999 -9999 -9999 -9999 -9999 -9999 -9999 -9999 -9999 -9999 -9999 -9999 -9999 -9999 -9999
10.2643 9.53724 9.99173 10.3332 10.9455 11.096 11.1915 12.0892 12.0432 12.0034 11.6227 11.3189 10.8142 9.95055 8.71995 7.23779 4.65498 6.25213 7.50327 7.47386 7.40786 6.84983 5.64998 6.65717 6.70592 5.16127 3.40197 2.37836 1.95615 -9999 -9999 -9999 -9999 -9999 -9999 -9999 -9999 -9999 -9999 -9999 -9999 -9999 -9999 -9999 -9999 -9999 -9999 -9999 -9999 -9999 -9999 -9999 -9999 -9999 -9999 -9999 -9999 -9999 -9999 -9999 -9999 -9999 -9999 -9999 -9999 -9999 -9999 -9999 -9999 -9999 -9999 -9999
9.67282 8.78425 9.24146 9.85087 10.702 11.1301 11.4618 11.7311 12.006 11.9755 11.5858 10.4311 10.2683 10.221 9.41714 7.72705 6.0392 5.60406 7.51131 8.05901 7.95035 8.37783 7.36177 7.84466 7.649 7.10359 5.41019 3.87384 3.24354 1.99617 -9999 -9999 -9999 -9999 -9999 -9999 -9999 -9999 -9999 -9999 -9999 -9999 -9999 -9999 -9999 -9999 -9999 -9999 -9999 -9999 -9999 -9999 -9999 -9999 -9999 -9999 -9999 -9999 -9999 -9999 -9999 -9999 -9999 -9999 -9999 -9999 -9999 -9999 -9999 -9999 -9999 -9999
-9999 -9999 8.22786 9.04887 9.72893 10.5588 11.2758 11.6399 11.9939 11.9673 11.1864 10.8057 10.7748 10.249 9.32068 8.73919 7.67766 6.57149 6.99798 8.62474 7.90474 9.05759 8.96218 9.17536 8.40773 6.93903 4.98428 3.84059 3.277 2.26674 -9999 -9999 -9999 -9999 -9999 -9999 -9999 -9999 -9999 -9999 -9999 -9999 -9999 -9999 -9999 -9999 -9999 -9999 -9999 -9999 -9999 -9999 -9999 -9999 -9999 -9999 -9999 -9999 -9999 -9999 -9999 -9999 -9999 -9999 -9999 -9999 -9999 -9999 -9999 -9999 -9999 -9999
-9999 -9999 -9999 8.89906 9.41603 10.5385 11.1015 11.3381 11.9082 11.9112 11.6166 11.3951 11.0727 10.6511 9.95426 9.18519 8.18712 8.09754 9.13938 9.15494 8.94037 9.11316 9.64885 9.50981 8.31598 6.25592 5.17158 2.94731 2.00435 2.10363 1.43647 -9999 -9999 -9999 -9999 -9999 -9999 -9999 -9999 -9999 -9999 -9999 -9999 4.04911 -9999 -9999 -9999 -9999 -9999 -9999 -9999 -9999 -9999 -9999 -9999 -9999 -9999 -9999 -9999 -9999 -9999 -9999 -9999 -9999 0.0951248 -9999 -9999 -9999 -9999 -9999 -9999 -9999
-9999 -9999 8.80737 9.49363 10.0394 10.743 10.8028 11.2148 11.8699 11.8811 11.6728 11.4375 10.9057 10.7763 10.3811 9.54603 9.37785 9.72093 9.88055 10.0608 10.1726 10.0863 9.87199 9.59422 8.81595 7.86428 7.22605 5.20218 4.17611 3.2032 1.72976 0.578062 -9999 -9999 -9999 -9999 -9999 -9999 -9999 3.26954 3.21853 3.24841 3.57573 4.47305 3.95102 -9999 -9999 -9999 -9999 -9999 -9999 -9999 -9999 -9999 -9999 -9999 -9999 -9999 -9999 -9999 -9999 -9999 -9999 -9999 0.909048 -0.248512 -9999 -9999 -9999 -9999 -9999 -9999
-9999 -9999 8.98526 9.72243 10.0906 10.7736 11.1646 11.4059 11.6336 11.8518 11.8175 11.5568 11.1594 11.1652 10.6171 10.3232 10.1144 10.5776 10.6717 10.4903 10.2617 10.0594 9.48292 9.4176 9.219 8.61527 7.62351 6.60163 5.10877 3.10712 1.14461 -0.43736 -9999 -9999 -9999 -9999 -9999 -9999 3.43724 4.18399 4.6328 3.69061 4.50219 5.24413 5.12937 4.41074 -9999 -9999 -9999 -9999 -9999 -9999 -9999 -9999 -9999 -9999 -9999 -9999 -9999 -9999 6.40834 5.22116 2.81812 1.58869 0.853073 -0.199113 -9999 -9999 -9999 -9999 -9999 -9999
-9999 -9999 8.84147 9.7117 10.3011 10.8242 10.9079 11.4387 11.6654 11.7832 11.7715 11.7218 11.6511 11.1731 10.9697 10.2458 10.9459 10.9232 10.7506 10.0563 9.75669 8.56149 8.03644 7.9095 8.91766 8.1743 6.6212 4.67956 2.33911 2.18113 1.41183 -0.00162917 -9999 -9999 -9999 -9999 -9999 -9999 3.67208 4.47061 5.13756 5.23784 4.30112 5.61685 5.56434 4.83307 4.66957 5.27491 5.58367 5.35516 6.07404 6.28954 5.97049 6.33177 -9999 -9999 -9999 -9999 6.57036 6.62343 6.6645 6.17245 3.54663 1.75471 0.146143 0.00149633 -9999 -9999 -9999 -9999 -9999 -9999
-9999 -9999 9.44644 9.98178 10.2522 10.2955 10.7647 11.2277 11.5099 11.7225 11.6821 11.6676 11.6525 11.4915 11.1129 11.1859 11.1591 10.9399 9.61602 8.06974 8.74836 7.8291 5.85588 7.45373 8.33368 7.49094 5.60839 3.42553 2.7048 2.72927 1.65816 0.282904 -9999 -9999 -9999 1.49366 2.636 2.74005 3.08029 4.14428 4.95453 5.5622 5.97924 5.96565 5.53179 4.81636 4.03858 4.32 5.72787 6.07412 6.35812 6.58135 6.28566 6.4522 6.83325 7.03288 7.07775 6.99477 6.97975 7.01542 6.97542 6.51671 4.16474 2.82259 1.96801 0.253781 -9999 -9999 -9999 -9999 -9999 -9999
-9999 -9999 9.1118 9.57702 9.95352 10.5775 10.6431 11.0391 11.2695 11.6146 11.6561 11.2494 11.591 11.5511 11.4921 11.3623 11.1702 10.0537 8.5129 6.96788 6.25608 6.55909 5.37613 5.98224 6.87381 6.54637 5.39404 3.44931 3.17613 2.71932 0.909057 -0.826537 -9999 -9999 -0.71404 1.4732 3.01495 3.81276 4.06339 4.09181 5.11165 5.1955 6.29238 6.03697 4.59376 4.75927 4.19469 4.56208 5.08448 5.22947 5.97032 6.68401 6.8239 6.83257 7.0773 7.13213 7.1504 7.14964 6.9928 7.07199 7.0882 6.80397 5.10388 4.27725 3.36658 0.286351 -9999 -9999 -9999 -9999 -9999 -9999
-9999 -9999 9.35108 9.87083 10.44 10.5312 10.9528 10.9079 10.7828 11.3727 11.5854 11.2991 11.0945 11.4818 11.4597 11.4135 11.3344 10.2858 9.07118 7.22974 6.08644 5.38409 4.88778 4.22176 4.67997 4.54055 4.35341 4.56959 4.03263 2.96091 1.90565 -0.0757063 -1.14228 -9999 -0.593459 0.396594 2.22943 3.78785 4.77896 4.42948 5.58867 5.80704 6.47446 6.08667 5.21118 4.83975 4.80928 4.69716 5.47805 6.00029 6.36963 6.62104 6.93025 7.01393 7.09812 7.13664 7.16015 7.18373 7.18505 7.18397 7.15432 7.05041 6.27121 5.44669 3.65845 0.393283 -9999 -9999 -9999 -9999 -9999 -9999
-9999 7.84241 9.2942 10.1661 10.5026 10.7449 10.9585 11.1131 11.2717 11.4239 11.5307 11.4848 10.7231 10.7897 10.9319 11.3711 11.3452 11.2548 10.593 8.3517 7.57607 6.44497 4.97828 4.36236 4.66967 5.87374 5.82021 5.0233 4.1353 2.90259 2.12028 0.909274 -1.42098 -1.20688 -0.152286 0.634089 1.88167 3.78562 5.12181 5.72075 5.94976 6.41988 6.66665 6.13607 5.62836 5.41693 5.02258 4.96961 4.97581 5.44895 5.81562 6.63209 6.91141 7.03962 7.1094 7.14967 7.18049 7.21075 7.22469 7.21417 7.21991 7.21826 7.16585 6.06603 3.31099 1.24082 -9999 -9999 -9999 -9999 -9999 -9999
-9999 -9999 9.02738 9.40949 9.50778 9.68153 10.0398 10.4535 11.0371 11.1132 11.4386 11.4384 10.7804 10.0232 10.6915 10.9602 11.2387 11.252 11.171 9.28605 8.30213 7.52745 6.12112 6.62681 7.1097 7.14644 6.85528 5.14605 3.44388 1.47649 -0.355544 -0.441135 -1.42678 -0.902783 -0.204349 1.58114 2.83951 3.35323 3.72365 5.65875 6.16424 6.34201 6.84 6.1699 6.0019 5.49876 5.65233 5.6111 5.61715 4.2179 5.62531 5.71266 6.63374 7.04873 7.14602 7.1774 7.21041 7.22049 7.23133 7.23241 7.24674 7.23815 7.23024 6.5178 3.0187 1.27036 -9999 -9999 -9999 -9999 -9999 -9999
-9999 -9999 -9999 -9999 9.14707 9.43767 9.6233 9.94664 10.9379 11.2065 11.386 11.4034 11.1125 10.3616 10.1682 10.3118 9.58179 10.2027 11.0483 11.0313 10.9324 9.27611 8.42653 9.24884 8.99935 7.75234 6.77073 5.80186 3.80874 2.34515 0.245072 -1.33099 -1.38785 0.356974 1.80607 3.61284 4.41344 3.96696 4.46274 5.4265 6.52034 7.05142 6.93145 6.22495 6.12812 5.35055 6.12097 6.18969 5.83588 5.53057 5.65386 6.11125 6.28847 7.01009 7.18856 7.22299 7.23441 7.24317 7.24571 7.247 7.24464 7.24278 7.23844 7.21185 3.6151 0.823576 -9999 -9999 -9999 -9999 -9999 -9999
-9999 -9999 -9999 -9999 8.45737 8.63327 9.10017 10.3034 10.9287 11.1837 11.1762 11.2962 11.092 10.4327 9.75652 9.11995 8.29731 8.77637 10.0343 10.7772 10.8645 9.41304 10.1688 9.88616 9.32792 7.69699 6.49476 5.8571 3.94343 2.30065 0.903738 -1.02481 -0.196706 0.715902 1.88803 3.8579 5.18973 5.74059 5.28907 5.9075 7.16563 7.17747 6.49666 6.5452 6.13048 5.06673 6.18073 6.49633 6.24731 6.31566 6.22206 6.3946 6.70612 7.0046 7.20486 7.23623 7.24417 7.24353 7.2488 7.25544 7.24743 7.2544 7.25027 7.23798 4.91871 0.774099 -9999 -9999 -9999 -9999 -9999 -9999
-9999 -9999 -9999 -9999 -9999 7.82741 8.89584 10.4937 10.8849 10.8488 11.1802 11.2109 10.8958 10.6236 9.80195 8.67812 6.51426 7.07244 8.23086 9.8984 10.776 10.6607 10.1735 9.32949 7.28559 5.4965 5.27883 4.98543 3.58867 2.32247 0.769209 1.67137 2.66024 3.74273 4.31392 4.17166 5.31358 6.2459 5.85858 6.61608 7.49849 7.10586 6.87529 6.6821 6.20247 6.17682 6.23047 6.86439 6.43092 6.70212 6.70918 6.69774 6.85117 7.02752 7.21292 7.24736 7.25289 7.26138 7.24608 7.25935 7.25498 7.25089 7.24779 7.23834 7.03433 4.80708 3.47655 -9999 -9999 -9999 -9999 -9999
-9999 -9999 -9999 -9999 -9999 6.84191 7.37371 9.26654 9.84579 10.6831 11.1288 11.1514 10.6172 10.322 9.09491 8.70105 6.70011 5.79654 6.5727 6.28191 8.5758 10.6053 10.1634 6.07337 4.59203 3.53516 3.80636 3.80853 3.41949 1.26707 0.676002 2.60107 3.81455 4.75614 5.47206 5.62525 5.60648 7.06173 7.25966 7.73625 7.63946 7.68828 6.96158 6.51328 6.9115 6.45907 6.38457 7.03941 6.40068 6.98416 6.91592 6.74527 6.73999 7.12646 7.20826 7.25375 7.2614 7.25178 7.23848 7.23302 7.25164 7.25228 7.23765 7.24541 7.23134 6.97644 5.8255 5.42807 5.88409 -9999 -9999 -9999
-9999 -9999 -9999 -9999 -9999 -9999 5.60965 8.24123 9.43843 10.0709 10.9621 11.0716 10.7882 10.2745 9.02475 7.92686 6.13868 4.09567 3.01419 6.26697 9.09794 10.5766 10.382 6.97786 5.63458 5.57256 6.36414 5.69609 5.18939 3.55271 3.06609 2.38981 2.81013 4.1206 5.19356 6.22895 6.98377 7.05108 7.54384 7.8271 7.85562 7.94839 7.86733 7.8017 7.09876 7.59028 7.18012 7.4031 7.26493 7.14041 7.03088 6.63057 6.91967 7.17637 7.24576 7.27084 7.26015 7.26182 7.257 7.23982 7.23391 7.23883 7.24319 7.23712 7.24386 7.24297 7.1208 6.43125 5.50531 4.33327 -9999 -9999
-9999 -9999 -9999 -9999 -9999 -9999 4.29727 6.91637 8.17332 9.79927 10.6349 10.9771 10.9358 10.5203 9.57174 8.14207 6.95229 4.67072 2.30129 5.71489 8.75392 10.3962 10.4857 7.62231 8.41679 7.77624 8.03536 6.86167 6.37423 5.98447 5.14302 4.22323 3.21628 2.68716 5.08966 6.32598 7.32249 7.79578 8.06631 8.20475 8.13903 7.96125 6.90111 7.71781 7.67739 7.60045 7.51138 7.46994 7.3891 7.29315 7.23488 7.21758 6.95307 7.26106 7.25906 7.26699 7.27284 7.26999 7.26064 7.25383 7.24445 7.25001 7.2446 7.24111 7.2409 7.24912 7.24815 7.21727 7.03923 5.46287 4.52236 4.26216
-9999 -9999 -9999 -9999 -9999 -9999 0.618331 4.42972 7.48525 9.0864 10.3904 10.7509 10.888 10.329 9.91247 8.88896 7.92029 6.423 4.17741 2.79654 5.35251 9.06706 10.4343 10.326 10.2418 9.50145 8.83412 8.75037 8.80119 8.01941 6.88645 5.40802 4.94994 4.43417 6.22453 6.47137 6.34597 8.31592 8.32645 8.22106 7.4758 6.63872 6.80413 6.2835 6.68528 6.06833 6.6429 7.13983 7.32741 7.31526 7.24991 7.246 7.21965 7.27757 7.28 7.27528 7.27314 7.27466 7.27298 7.25645 7.25032 7.26582 7.25493 7.25078 7.24309 7.25379 7.25709 7.23605 7.21731 6.98056 6.62089 5.9284
-9999 -9999 -9999 -9999 -9999 -9999 0.782416 3.98255 6.70289 8.33509 9.9055 10.2721 10.8047 10.6944 10.2578 9.36852 8.25656 7.02499 5.09899 3.66859 5.38036 7.84639 9.61387 10.2447 10.2358 10.1947 10.0281 9.95862 9.76425 9.62069 8.8099 7.41495 6.62732 5.47395 7.46871 7.69641 7.38981 8.38884 8.34469 6.84793 5.69855 5.56051 6.26863 5.60345 5.48848 5.06945 5.54492 6.81259 6.44871 6.52451 7.09743 7.19491 7.26085 7.28021 7.27961 7.28073 7.27541 7.28193 7.28903 7.27283 7.26919 7.2712 7.25679 7.25669 7.24901 7.2509 7.24349 7.23545 7.2189 7.15627 7.09188 7.17636
-9999 -9999 -9999 -9999 -9999 -9999 0.852954 3.00109 5.44958 7.85267 9.52978 10.2082 10.7034 10.702 10.1935 9.75364 9.05821 7.97505 7.23358 5.94255 4.16867 7.15397 8.06986 8.88416 9.22917 10.0811 10.0614 9.6725 9.20957 9.63112 9.51097 8.40639 8.04508 7.43366 8.54469 8.55142 8.52532 8.47102 7.20693 5.44798 4.04329 5.06403 4.8575 5.32585 3.88516 5.08048 6.04026 6.3538 5.70125 5.22228 6.71258 6.96556 7.11551 7.21289 7.27829 7.26739 7.28717 7.28354 7.28489 7.28633 7.28025 7.27955 7.27385 7.26793 7.25839 7.26205 7.25278 7.24569 7.25124 7.21459 7.20605 7.19808
-9999 -9999 -9999 -9999 -9999 -9999 -9999 1.73303 4.83543 7.60736 9.15186 10.1245 10.6002 10.5952 10.337 10.0395 9.60978 8.82937 7.84784 6.29403 5.14145 5.87962 6.7767 6.8755 7.47347 9.20323 9.79498 8.9595 6.88473 8.10873 9.47231 9.45231 9.3386 9.21157 9.04541 8.89956 8.57605 7.70236 5.01598 4.49506 3.44498 3.57073 3.03466 4.2198 3.77996 4.9997 5.53036 5.73274 4.61216 4.84973 6.17635 6.70197 6.61821 6.9422 7.24736 7.26174 7.27531 7.27269 7.28509 7.29383 7.29543 7.29359 7.29106 7.2913 7.26954 7.28542 7.19314 7.13556 7.01078 7.18055 7.20229 7.22523
-9999 -9999 -9999 -9999 -9999 -9999 -9999 1.11616 4.21434 7.47884 8.52877 9.57726 10.483 10.5042 10.1074 9.73053 9.34238 8.89995 7.70827 6.55271 5.44948 5.08163 5.30825 5.28609 6.25249 8.50586 8.94356 8.75925 6.59431 5.86508 7.68649 9.21783 9.34095 9.20544 7.40976 7.79704 6.83095 5.5195 5.1625 4.59187 3.37994 3.97163 3.08525 3.47281 3.36942 4.0638 4.40429 5.22867 4.25271 4.25741 5.56062 6.21797 6.23786 6.92787 7.17659 7.24516 7.26626 7.28333 7.29236 7.30977 7.31053 7.30788 7.30219 7.27719 7.20684 6.96927 5.68125 5.69041 6.05491 6.39988 7.02194 7.21056
-9999 -9999 -9999 -9999 -9999 -9999 -9999 1.47539 3.62621 6.52339 8.67039 8.80815 9.85401 10.3958 9.96398 9.4775 8.97983 8.76478 7.46732 6.04162 4.89037 3.52668 3.75556 4.74078 6.34107 7.79768 8.05988 7.7613 6.59934 7.14889 8.39213 9.05369 9.25098 9.10141 8.71326 8.49094 7.78067 7.47574 6.48818 4.94134 4.3354 4.728 3.08547 3.2057 3.81984 3.17064 4.24199 4.75663 3.49552 4.50485 5.65509 6.24502 6.76136 7.00801 7.10907 7.26206 7.27113 7.28922 7.3021 7.30646 7.31327 7.2964 7.28382 7.15294 6.95636 5.74983 5.25317 5.35978 5.92799 6.42614 6.95789 7.17463
-9999 -9999 -9999 -9999 -9999 -9999 -9999 1.84248 3.77954 6.29221 7.82397 8.10068 9.26025 10.292 10.1811 9.67471 9.52347 8.99872 7.89892 6.68364 5.35478 4.71069 3.22461 4.69479 5.84931 7.08348 7.66212 6.70656 6.23162 7.0806 7.92473 8.26385 9.11674 9.1123 8.83935 7.64993 7.07241 7.32324 7.0782 6.64545 5.58228 5.53991 4.85872 4.57941 4.31566 3.44091 4.0016 4.06139 4.21993 5.4271 6.02791 6.42769 6.79176 6.89067 7.05178 7.25973 7.28291 7.29584 7.30094 7.31107 7.30275 7.25183 7.21011 6.93907 6.4538 5.54215 4.06228 5.11895 6.22336 6.56785 6.89521 7.06738
-9999 -9999 -9999 -9999 -9999 -9999 -9999 1.51355 3.57149 5.71963 6.61968 6.77532 8.87128 10.1562 10.1624 9.92452 9.64607 8.34347 8.42444 8.16726 6.96892 5.2214 3.30158 3.48558 4.62891 6.25483 6.7958 5.21884 4.66619 5.07842 6.35362 7.49558 8.68798 8.99378 8.64912 6.79536 4.82534 5.74595 6.72946 6.72909 6.44708 5.4613 5.15166 4.87171 4.15347 2.9309 3.11041 3.45507 4.82943 5.26688 5.94022 6.50021 6.2954 6.42264 6.95892 7.26895 7.28585 7.29696 7.31293 7.3121 7.30028 7.19186 7.07676 6.8791 5.60242 4.81102 3.6622 5.01604 5.77104 6.1887 6.90787 7.0844
-9999 -9999 -9999 -9999 -9999 -9999 -9999 0.877938 2.37241 4.42601 5.25575 6.57743 8.55845 9.53487 10.0051 9.99895 9.81477 9.23382 8.88621 8.19707 6.95031 5.24391 3.3465 2.11246 2.74518 4.92708 5.44901 3.99347 3.25919 4.18171 5.54077 7.55146 8.70204 8.86096 8.76151 8.38279 6.94575 5.20871 5.21951 6.09807 5.3721 4.52751 4.99967 4.91799 4.20883 3.69414 3.37412 3.57991 4.36255 4.68986 5.46725 6.61238 6.78061 6.75325 7.23849 7.26782 7.28453 7.30833 7.31362 7.31524 7.30701 7.21959 7.01599 6.16822 5.42976 4.39985 4.27806 5.48904 6.03259 6.53106 6.88745 7.00817
-9999 -9999 -9999 -9999 -9999 -9999 -9999 -0.216938 1.54108 3.46528 5.26736 6.97264 8.44096 8.55816 9.33464 9.33785 9.74675 9.63506 9.09681 8.51706 7.44343 5.2503 3.40667 1.39555 1.93034 4.15902 4.44358 3.4752 1.68296 3.54132 5.59041 7.448 8.45555 7.6732 8.4838 8.42211 7.88659 6.85444 5.24705 5.28239 4.07905 4.03133 4.65663 4.86277 4.76408 4.37888 3.75745 3.86824 4.34465 4.47017 5.18518 6.07484 6.9448 7.09536 7.26567 7.27824 7.28653 7.30573 7.3133 7.30122 7.26302 7.17109 6.46116 5.61574 5.09735 4.38155 4.30018 5.69924 6.26618 6.583 6.89195 7.01812
-9999 -9999 -9999 -9999 -9999 -9999 -9999 -9999 1.36196 3.34995 4.82208 5.22142 6.52715 7.23416 7.78227 7.90706 9.46333 9.55312 9.21343 8.68124 7.76616 6.10295 4.94523 3.0164 1.63099 2.19857 2.458 2.97239 2.82583 3.65697 5.62642 7.6782 7.90591 6.60964 6.8068 7.08356 7.69816 7.39344 5.20144 4.09009 3.16838 3.83114 4.52807 4.7002 4.7383 4.60928 4.45857 4.19277 5.12376 5.81399 5.97798 6.5806 7.02698 7.15421 7.2515 7.26845 7.28568 7.29164 7.2718 7.25907 7.15432 6.91227 6.11722 4.1968 4.29281 4.09051 3.49733 4.86849 5.73463 6.50676 6.92036 7.03238
-9999 -9999 -9999 -9999 -9999 -9999 -9999 -9999 0.702014 3.00178 3.49077 3.45888 2.70299 3.0572 5.87945 6.4512 7.94395 9.35759 9.25832 8.7363 7.88041 6.89147 5.35809 3.1884 1.46514 0.734395 2.58999 4.41491 4.79591 5.38288 6.59152 6.82483 5.50005 4.25807 4.96264 5.38891 6.9999 7.29772 6.9901 5.67112 4.16232 3.37683 4.31374 4.44276 4.5031 4.51856 4.49621 4.45778 5.50396 6.08681 6.49281 6.71638 7.1006 7.20313 7.23986 7.27482 7.27378 7.26007 7.20608 7.14388 6.8502 6.49345 5.18714 4.09903 3.42275 2.56277 4.52023 5.1152 5.93171 6.45449 6.86599 6.96176
