Test_Spring_2018/03_18/Temp/20180329_004.txt
ncols	170
nrows	115
xllcorner	350000.000000
yllcorner	4445000.000000
cellsize	1000.000000
nodata_value	-9999.000000
[rows 31 to 61 of 115, columns 70 to 139 of 170]
6.48741 7.15431 7.39725 6.92707 6.97045 8.10873 8.36237 8.34491 8.26871 8.16181 7.62944 7.45054 7.03038 6.29107 5.98007 4.66582 0.420826 1.61989 2.08789 0.856509 1.54258 2.66031 1.68785 -1.19886 -2.44037 -4.44086 -3.79021 -4.3686 -5.97682 -9999 -9999 -9999 -9999 -9999 -9999 -9999 -9999 -9999 -9999 -9999 -9999 -9999 -9999 -9999 -9999 -9999 -9999 -9999 -9999 -9999 -9999 -9999 -9999 -9999 -9999 -9999 -9999 -9999 -9999 -9999 -9999 -9999 -9999 -9999 -9999 -9999 -9999 -9999 -9999 -9999
6.60521 6.9079 6.87533 6.42232 7.11338 7.74977 7.38687 7.14772 8.20345 8.20262 7.84302 6.99947 6.68889 6.36667 6.16833 5.08578 2.05228 -0.682429 0.780254 0.813857 -0.199203 1.61672 0.658592 -1.84163 -5.37105 -3.4476 -3.94304 -6.40862 -7.01893 -9999 -9999 -9999 -9999 -9999 -9999 -9999 -9999 -9999 -9999 -9999 -9999 -9999 -9999 -9999 -9999 -9999 -9999 -9999 -9999 -9999 -9999 -9999 -9999 -9999 -9999 -9999 -9999 -9999 -9999 -9999 -9999 -9999 -9999 -9999 -9999 -9999 -9999 -9999 -9999 -9999
5.74713 6.50862 6.26938 6.0727 7.10141 7.07683 7.03488 7.43173 8.08918 8.2184 8.07749 7.70879 7.3892 7.04915 6.18888 4.95089 2.35456 -0.757794 -1.46472 0.0567064 0.129386 0.374397 -0.498669 -1.59479 -3.30988 -1.89985 -1.34963 -2.97838 -5.10463 -6.46787 -9999 -9999 -9999 -9999 -9999 -9999 -9999 -9999 -9999 -9999 -9999 -9999 -9999 -9999 -9999 -9999 -9999 -9999 -9999 -9999 -9999 -9999 -9999 -9999 -9999 -9999 -9999 -9999 -9999 -9999 -9999 -9999 -9999 -9999 -9999 -9999 -9999 -9999 -9999 -9999
4.59706 5.90717 5.54694 4.54254 5.16132 5.62543 6.53274 6.76807 6.89706 8.12713 8.06087 8.00249 7.47531 7.05318 6.3548 5.16324 3.4677 1.42685 -2.12503 0.0634258 1.7775 1.73406 1.64138 0.874098 -0.773471 0.61055 0.679239 -1.40213 -3.75206 -5.1571 -5.73698 -9999 -9999 -9999 -9999 -9999 -9999 -9999 -9999 -9999 -9999 -9999 -9999 -9999 -9999 -9999 -9999 -9999 -9999 -9999 -9999 -9999 -9999 -9999 -9999 -9999 -9999 -9999 -9999 -9999 -9999 -9999 -9999 -9999 -9999 -9999 -9999 -9999 -9999 -9999
-9999 5.07266 4.72587 3.50002 4.12283 4.95517 6.15436 6.78988 7.25993 7.62728 8.00164 7.9559 7.41629 5.82553 5.59657 5.52573 4.41601 2.0895 -0.233549 -0.835815 1.77921 2.52829 2.37711 2.96321 1.56813 2.2323 1.96546 1.23052 -1.03956 -3.11321 -3.97895 -5.69298 -9999 -9999 -9999 -9999 -9999 -9999 -9999 -9999 -9999 -9999 -9999 -9999 -9999 -9999 -9999 -9999 -9999 -9999 -9999 -9999 -9999 -9999 -9999 -9999 -9999 -9999 -9999 -9999 -9999 -9999 -9999 -9999 -9999 -9999 -9999 -9999 -9999 -9999
-9999 -9999 -9999 -9999 2.72241 3.87932 4.82222 5.99671 6.99612 7.49387 7.97697 7.93658 6.85954 6.3315 6.28326 5.55512 4.27413 3.46961 2.00638 0.48252 1.06415 3.29501 2.30451 3.88692 3.75637 4.05056 2.99874 1.02297 -1.63393 -3.16807 -3.94198 -5.3303 -9999 -9999 -9999 -9999 -9999 -9999 -9999 -9999 -9999 -9999 -9999 -9999 -9999 -9999 -9999 -9999 -9999 -9999 -9999 -9999 -9999 -9999 -9999 -9999 -9999 -9999 -9999 -9999 -9999 -9999 -9999 -9999 -9999 -9999 -9999 -9999 -9999 -9999
-9999 -9999 -9999 -9999 -9999 3.66555 4.38463 5.92476 6.74831 7.07135 7.85123 7.85153 7.44228 7.13243 6.68357 6.098 5.13439 4.07183 2.69536 2.56719 3.9937 4.01216 3.71593 3.95292 4.68952 4.5007 2.87665 0.0760445 -1.40976 -4.40337 -5.69765 -5.56197 -6.48009 -9999 -9999 -9999 -9999 -9999 -9999 -9999 -9999 -9999 -9999 -9999 -9999 -3.01698 -9999 -9999 -9999 -9999 -9999 -9999 -9999 -9999 -9999 -9999 -9999 -9999 -9999 -9999 -9999 -9999 -9999 -9999 -9999 -9999 -8.73408 -9999 -9999 -9999
-9999 -9999 -9999 -9999 3.50025 4.48312 5.23267 6.19869 6.31405 6.89409 7.79105 7.80265 7.51163 7.18252 6.44557 6.2606 5.71055 4.5567 4.31926 4.78484 4.99972 5.24442 5.39667 5.27829 4.9858 4.60739 3.57837 2.27605 1.40409 -1.34835 -2.7226 -4.0585 -6.08329 -7.66791 -9999 -9999 -9999 -9999 -9999 -9999 -9999 -4.04581 -4.12849 -4.10033 -3.66393 -2.44498 -3.17517 -9999 -9999 -9999 -9999 -9999 -9999 -9999 -9999 -9999 -9999 -9999 -9999 -9999 -9999 -9999 -9999 -9999 -9999 -9999 -7.63365 -9.23983 -9999 -9999
-9999 -9999 -9999 -9999 3.77431 4.7879 5.29495 6.23406 6.77152 7.14877 7.45936 7.75523 7.70289 7.33853 6.78542 6.7853 6.02439 5.61295 5.31906 5.94898 6.07371 5.82179 5.50688 5.23008 4.44105 4.35552 4.12202 3.2991 1.9433 0.545648 -1.44803 -4.19558 -6.89121 -9.0662 -9999 -9999 -9999 -9999 -9999 -9999 -3.80935 -2.7969 -2.1939 -3.50118 -2.40037 -1.39531 -1.56678 -2.55411 -9999 -9999 -9999 -9999 -9999 -9999 -9999 -9999 -9999 -9999 -9999 -9999 -9999 -9999 -0.037494 -1.68273 -4.99754 -6.70103 -7.7269 -9.18813 -9999 -9999
-9999 -9999 -9999 -9999 3.56568 4.76364 5.57604 6.29712 6.41394 7.15685 7.49622 7.65434 7.63283 7.55766 7.45227 6.78688 6.49833 5.4955 6.44871 6.41099 6.16901 5.21279 4.80085 3.16125 2.44396 2.30664 3.69851 2.68575 0.561074 -2.09767 -5.27489 -5.47099 -6.52721 -8.47018 -9999 -9999 -9999 -9999 -9999 -9999 -3.49153 -2.40876 -1.50698 -1.38351 -2.68408 -0.891726 -0.96516 -1.98468 -2.22495 -1.40991 -1.00259 -1.3115 -0.335121 -0.058892 -0.516794 -0.0403599 -9999 -9999 -9999 -9999 0.198115 0.255549 0.297075 -0.393152 -4.01338 -6.48882 -8.71304 -8.93347 -9999 -9999
-9999 -9999 -9999 -9999 4.38504 5.12494 5.50106 5.56494 6.21262 6.86314 7.27651 7.5635 7.5021 7.47436 7.44445 7.21315 6.68275 6.77279 6.72677 6.41807 4.59431 2.4675 3.39831 2.14327 -0.544594 1.66914 2.88697 1.73992 -0.834938 -3.82276 -4.7751 -4.72097 -6.19053 -8.08363 -9999 -9999 -9999 -6.45048 -4.89397 -4.76449 -4.31162 -2.8655 -1.76816 -0.944005 -0.386394 -0.403605 -1.0191 -2.01727 -3.10144 -2.73161 -0.815455 -0.357562 0.0412534 0.3274 -0.0991147 0.0991391 0.603275 0.858868 0.90268 0.771744 0.734929 0.768401 0.698462 0.0538284 -3.17975 -5.03713 -6.22565 -8.61851 -9999 -9999
-9999 -9999 -9999 -9999 3.9144 4.55899 5.08178 5.94909 6.04326 6.58972 6.91748 7.41005 7.46069 6.8939 7.3528 7.28676 7.19397 7.0044 6.73023 5.18854 3.06651 0.941343 -0.0368028 0.394238 -1.22404 -0.37209 0.862548 0.435738 -1.13198 -3.79163 -4.15717 -4.75243 -7.22269 -9.60668 -9999 -9999 -9.47046 -6.47789 -4.37357 -3.29228 -2.96341 -2.94034 -1.55621 -1.45743 0.0324796 -0.320436 -2.32191 -2.11099 -2.89633 -2.40885 -1.7211 -1.53956 -0.523981 0.443798 0.615796 0.607818 0.924458 0.981007 0.988191 0.970162 0.738722 0.83216 0.839674 0.434897 -1.91413 -3.06409 -4.33557 -8.59684 -9999 -9999
-9999 -9999 -9999 -9999 4.2371 4.95783 5.74623 5.87759 6.46145 6.40684 6.24668 7.05483 7.35859 6.95641 6.66434 7.18375 7.14038 7.0643 6.94429 5.4949 3.82028 1.28794 -0.282459 -1.23302 -1.90713 -2.79535 -2.15448 -2.33335 -2.57743 -2.26796 -2.98091 -4.42007 -5.86453 -8.57443 -10.0419 -9999 -9.30285 -7.95462 -5.45125 -3.32639 -1.98172 -2.47864 -0.904241 -0.621759 0.289298 -0.259528 -1.48168 -2.01948 -2.0787 -2.24999 -1.19501 -0.490469 0.0135398 0.338604 0.749662 0.844405 0.940382 0.974404 0.988743 1.00419 0.99004 0.97344 0.918194 0.761265 -0.323013 -1.4748 -3.94603 -8.46035 -9999 -9999
-9999 -9999 -9999 2.12497 4.1489 5.35494 5.82541 6.16589 6.46556 6.68236 6.91162 7.12324 7.26521 7.20607 6.14812 6.22606 6.40708 6.99642 6.94825 6.81392 5.8977 2.81611 1.75879 0.216851 -1.78844 -2.6128 -2.17721 -0.509162 -0.567592 -1.64705 -2.85246 -4.51259 -5.56766 -7.22794 -10.4225 -10.1341 -8.6947 -7.62652 -5.92744 -3.32896 -1.51144 -0.707084 -0.411046 0.225383 0.547124 -0.208027 -0.926067 -1.23444 -1.79376 -1.88413 -1.89313 -1.26087 -0.761738 0.34375 0.707227 0.868505 0.944591 0.980971 1.00536 1.03005 1.03334 1.00392 0.99743 0.981056 0.890925 -0.63439 -4.44717 -7.32045 -9999 -9999
-9999 -9999 -9999 -9999 3.77329 4.30821 4.45308 4.70066 5.20019 5.77395 6.58695 6.6906 7.13347 7.12853 6.22104 5.16674 6.06914 6.42322 6.79211 6.79933 6.68013 4.09745 2.74871 1.69122 -0.230092 0.486867 1.16522 1.23216 0.849335 -1.48089 -3.8023 -6.47049 -8.97731 -9.08927 -10.4335 -9.71457 -8.7643 -6.32447 -4.61114 -3.92244 -3.43199 -0.793846 -0.112614 0.106954 0.77145 -0.16775 -0.419824 -1.12931 -0.936637 -1.01115 -1.02049 -2.95934 -1.03193 -0.931452 0.314134 0.86722 0.985019 1.00924 1.03672 1.0338 1.03293 1.01951 1.02487 0.99614 0.961304 -0.0344345 -4.85736 -7.28847 -9999 -9999
-9999 -9999 -9999 -9999 -9999 -9999 3.95188 4.36091 4.62425 5.07463 6.44772 6.81607 7.05865 7.07523 6.66552 5.62519 5.34355 5.52504 4.50834 5.35103 6.50787 6.48266 6.34947 4.08195 2.93487 4.07853 3.75247 2.05799 0.728558 -0.583463 -3.3028 -5.27854 -8.15215 -10.3097 -10.3851 -7.99085 -6.00305 -3.53422 -2.44992 -3.08033 -2.41848 -1.11416 0.367611 1.07653 0.891634 -0.098281 -0.253115 -1.33993 -0.300587 -0.224316 -0.727862 -1.16447 -1.00094 -0.392131 -0.167749 0.804609 1.03161 1.06357 1.06154 1.05689 1.04468 1.03155 1.00807 0.988642 0.96533 0.91088 -4.04664 -7.91018 -9999 -9999
-9999 -9999 -9999 -9999 -9999 -9999 2.9994 3.25145 3.90152 5.56051 6.43118 6.78101 6.76685 6.92436 6.63352 5.71507 4.77216 3.88182 2.7385 3.38577 5.10672 6.12495 6.24758 4.2615 5.31902 4.94606 4.19676 1.97589 0.344428 -0.511802 -3.12102 -5.34237 -7.24955 -9.89035 -8.74994 -7.49804 -5.89449 -3.19927 -1.38576 -0.6476 -1.28617 -0.457328 1.24936 1.24458 0.288866 0.335129 -0.256649 -1.73683 -0.225959 0.189186 -0.170448 -0.0938393 -0.228352 -0.010416 0.398717 0.790388 1.04765 1.07353 1.06823 1.05076 1.04231 1.0339 1.00605 0.998308 0.974763 0.939393 -2.26448 -7.98617 -9999 -9999
-9999 -9999 -9999 -9999 -9999 -9999 -9999 2.13996 3.61605 5.81697 6.36622 6.31633 6.76763 6.80242 6.35925 5.97236 4.82894 3.26983 0.284409 1.04021 2.62435 4.91216 6.11987 5.96853 5.31923 4.17538 1.3861 -1.05178 -1.33107 -1.7143 -3.61338 -5.31744 -7.43896 -6.19237 -4.83089 -3.34547 -2.56697 -2.77291 -1.21983 0.0426493 -0.508756 0.510682 1.70101 1.14034 0.802415 0.516294 -0.1649 -0.219874 -0.165207 0.686993 0.0741295 0.429483 0.433282 0.398923 0.59138 0.815738 1.05298 1.08335 1.0744 1.06979 1.03243 1.03393 1.0107 0.98728 0.964586 0.932546 0.632749 -2.45634 -4.30547 -9999
-9999 -9999 -9999 -9999 -9999 -9999 -9999 0.781733 1.5205 4.12615 4.93341 6.08276 6.69081 6.71468 5.97084 5.55362 3.85362 3.29682 0.534291 -0.714957 0.344257 -0.0572526 3.09492 5.88834 5.30096 -0.300791 -2.31813 -3.7511 -3.3596 -3.33743 -3.85313 -6.77424 -7.57469 -4.9236 -3.25372 -1.96174 -0.984401 -0.784393 -0.825082 1.15461 1.4086 2.04221 1.88779 1.9331 0.913671 0.277012 0.801117 0.159973 0.0386099 0.919565 0.0249646 0.809314 0.710084 0.457505 0.43243 0.945733 1.04107 1.0869 1.08011 1.05103 1.01591 0.992123 1.00006 0.982645 0.943581 0.934639 0.895177 0.514081 -1.08866 -1.65656
-9999 -9999 -9999 -9999 -9999 -9999 -9999 -9999 -0.907746 2.7116 4.36715 5.23484 6.45469 6.59797 6.20391 5.48433 3.75297 2.23006 -0.239751 -3.0575 -4.54295 -0.0787571 3.81045 5.84679 5.59839 0.937374 -0.891527 -0.959569 0.145322 -0.75398 -1.43235 -3.64567 -4.30341 -5.22495 -4.64458 -2.8428 -1.3782 0.0330527 1.0549 1.12907 1.78446 2.15851 2.17627 2.282 2.14917 2.03798 1.05003 1.70512 1.12289 1.41093 1.20382 1.01616 0.860854 0.293289 0.672849 1.00833 1.08695 1.10141 1.07165 1.05801 1.0344 0.992629 0.968942 0.956947 0.943489 0.915094 0.903811 0.87107 0.680905 -0.288124
-9999 -9999 -9999 -9999 -9999 -9999 -9999 -9999 -2.71609 0.885072 2.6223 4.85378 6.00227 6.46925 6.40092 5.81691 4.50005 2.52244 0.875147 -2.26953 -5.53225 -0.846659 3.33823 5.59829 5.72961 1.81927 2.92424 2.0601 2.43211 0.836765 0.183169 -0.318561 -1.46471 -2.72154 -4.09609 -4.829 -1.53619 0.151152 1.50528 2.13745 2.48835 2.65575 2.55019 2.29013 0.813106 1.9137 1.8357 1.71035 1.56919 1.49426 1.36604 1.21781 1.13366 1.09238 0.712083 1.11538 1.09172 1.08804 1.08091 1.06093 1.03092 1.00318 0.970725 0.959484 0.936833 0.911636 0.890543 0.869863 0.846143 0.781676
-9999 -9999 -9999 -9999 -9999 -9999 -9999 -9999 -7.77432 -2.53717 1.6764 3.87265 5.66599 6.15221 6.32949 5.54931 4.96405 3.5452 2.2025 0.135529 -2.95667 -4.85856 -1.34519 3.75757 5.65772 5.52922 5.42572 4.42249 3.52022 3.41944 3.5029 2.46202 0.922387 -1.10365 -1.73723 -2.44807 0.00401759 0.332779 0.14677 2.8348 2.82951 2.66306 1.61669 0.455567 0.660302 -0.0657812 0.463794 -0.40281 0.367528 1.03205 1.27257 1.23954 1.14653 1.11886 1.06671 1.1222 1.1111 1.0899 1.07162 1.05745 1.03779 0.996524 0.968385 0.968909 0.934696 0.906961 0.883534 0.865873 0.848122 0.797354
-9999 -9999 -9999 -9999 -9999 -9999 -9999 -9999 -7.54889 -3.141 0.593958 2.84289 4.99308 5.48808 6.20923 6.04624 5.43435 4.20095 2.66246 0.961154 -1.69169 -3.66147 -1.31367 2.08116 4.51259 5.39812 5.41272 5.36744 5.15052 5.07431 4.81924 4.65487 3.54727 1.62846 0.546852 -1.04017 1.69232 1.99492 1.56054 2.91607 2.83667 0.760728 -0.839409 -1.05138 -0.0868597 -1.02166 -1.20201 -1.78435 -1.14984 0.573237 0.0490622 0.13743 0.92265 1.04017 1.10349 1.11536 1.09986 1.0864 1.06348 1.05594 1.04814 1.00721 0.982429 0.964438 0.923158 0.903598 0.870771 0.839501 0.818415 0.785738
-9999 -9999 -9999 -9999 -9999 -9999 -9999 -9999 -7.46528 -4.49586 -1.13513 2.17352 4.47024 5.39373 6.06421 6.05157 5.34207 4.72684 3.76126 2.2645 1.23867 -0.539642 -2.97854 1.12033 2.39065 3.52699 4.01257 5.19287 5.17705 4.6545 4.06862 4.6537 4.48619 2.97082 2.47351 1.62992 3.14854 3.14776 3.09898 3.00884 1.25525 -1.17956 -3.12906 -1.74863 -2.05352 -1.41479 -3.4148 -1.80194 -0.50277 -0.0898295 -0.987458 -1.66091 0.384756 0.702002 0.89259 1.01125 1.08601 1.0557 1.06693 1.04519 1.0293 1.01251 0.984384 0.962773 0.933627 0.903756 0.871271 0.842361 0.806941 0.758054
-9999 -9999 -9999 -9999 -9999 -9999 -9999 -9999 -9999 -6.24995 -1.97595 1.82634 3.94146 5.26973 5.9143 5.89788 5.53322 5.11453 4.51479 3.43458 2.07971 -0.0590789 -1.64472 -0.631691 0.61413 0.768229 1.59622 3.97958 4.80093 3.66261 0.849316 2.52953 4.40507 4.37866 4.22119 4.04277 3.81448 3.60416 3.14735 1.93275 -1.77295 -2.51354 -3.97545 -3.8234 -4.58033 -2.95506 -3.58001 -1.9244 -1.21413 -0.953664 -2.50884 -2.18136 -0.391763 0.314547 0.184629 0.614863 1.0303 1.03428 1.03662 1.01599 1.01513 1.00829 0.990776 0.955326 0.929791 0.907673 0.857209 0.844546 0.694992 0.59398
-9999 -9999 -9999 -9999 -9999 -9999 -9999 -9999 -9999 -7.08602 -2.83483 1.64334 3.07917 4.51177 5.74728 5.76741 5.21323 4.68637 4.14449 3.52897 1.88587 0.293982 -1.22421 -1.73063 -1.41876 -1.41836 -0.0863944 3.01379 3.62131 3.37479 0.430811 -0.567853 1.93448 4.03675 4.20321 4.01225 1.53917 2.06121 0.722472 -1.09267 -1.59905 -2.40031 -4.08324 -3.29014 -4.52693 -4.01423 -4.15636 -3.22165 -2.77221 -1.65751 -3.01417 -3.0062 -1.25036 -0.363698 -0.351926 0.580238 0.90636 0.984738 0.99728 1.00347 0.997627 1.00229 0.983146 0.958521 0.929142 0.872918 0.75434 0.407753 -1.39527 -1.40427
-9999 -9999 -9999 -9999 -9999 -9999 -9999 -9999 -9999 -6.59763 -3.64813 0.32514 3.26721 3.44928 4.87751 5.61299 5.01126 4.33452 3.64284 3.33998 1.55189 -0.410979 -1.99544 -3.86997 -3.55599 -2.20185 0.0286571 2.03283 2.3973 1.99176 0.423605 1.17902 2.88573 3.79215 4.05928 3.84813 3.30733 2.99215 2.00492 1.57242 0.200946 -1.93982 -2.78956 -2.26876 -4.54283 -4.3963 -3.57129 -4.4607 -3.00741 -2.31798 -4.06631 -2.69685 -1.13449 -0.340973 0.35186 0.674548 0.797253 0.990968 0.986557 0.99384 0.993167 0.979977 0.969387 0.92561 0.887248 0.686149 0.394756 -1.28331 -1.99813 -1.87299
-9999 -9999 -9999 -9999 -9999 -9999 -9999 -9999 -9999 -6.09823 -3.44301 0.00174621 2.09872 2.47155 4.05607 5.46463 5.30395 4.60036 4.38479 3.65697 2.14044 0.466443 -1.36221 -2.2492 -4.29102 -2.27207 -0.653737 1.04334 1.84057 0.557129 -0.0950527 1.06989 2.22705 2.68938 3.85567 3.84302 3.45991 1.81656 1.01174 1.34281 0.991578 0.381438 -1.09526 -1.17083 -2.12395 -2.52531 -2.90518 -4.10252 -3.3503 -3.28546 -3.10122 -1.4445 -0.637052 -0.105226 0.377887 0.497035 0.701571 0.970207 0.984731 0.984661 0.973199 0.968007 0.936866 0.846698 0.768761 0.375672 -0.311656 -1.58438 -3.64922 -2.21923
-9999 -9999 -9999 -9999 -9999 -9999 -9999 -9999 -9999 -6.55446 -3.73396 -0.790283 0.438921 0.645359 3.51571 5.27214 5.27247 4.9378 4.54779 2.75204 2.85695 2.49851 0.848791 -1.55389 -4.19201 -3.94015 -2.35449 -0.103529 0.640534 -1.49752 -2.25784 -1.69401 0.0537989 1.61745 3.24899 3.66164 3.17958 0.623775 -2.09313 -0.842058 0.494186 0.478403 0.0750799 -1.29524 -1.73748 -2.13912 -3.1426 -4.83662 -4.58719 -4.13123 -2.26131 -1.67908 -0.772532 -0.0212666 -0.319957 -0.162536 0.556578 0.964869 0.970366 0.967527 0.970914 0.950748 0.915021 0.746221 0.567922 0.276042 -1.49762 -2.60488 -4.21409 -2.37681
-9999 -9999 -9999 -9999 -9999 -9999 -9999 -9999 -9999 -7.43182 -5.38571 -2.57233 -1.44004 0.367328 3.07975 4.41248 5.05009 5.03377 4.77331 3.96858 3.48499 2.53327 0.81682 -1.52978 -4.13767 -5.83372 -4.96561 -1.93586 -1.22028 -3.19161 -4.20247 -2.93902 -1.07709 1.67854 3.25187 3.46219 3.31642 2.78586 0.80081 -1.59735 -1.59647 -0.404898 -1.41734 -2.59325 -1.96144 -2.09039 -3.08112 -3.80478 -4.2384 -3.99025 -2.917 -2.48641 -1.43748 0.116704 0.329656 0.274177 0.922622 0.94498 0.949845 0.964209 0.952859 0.936143 0.905553 0.765899 0.466451 -0.71777 -1.75201 -3.1865 -3.37394 -1.74414
-9999 -9999 -9999 -9999 -9999 -9999 -9999 -9999 -9999 -8.9399 -6.53248 -3.89729 -1.43022 0.903591 2.91178 3.06452 4.1226 4.11907 4.67299 4.5126 3.76718 2.96557 1.48669 -1.52855 -4.06296 -6.82655 -6.09349 -3.01808 -2.58178 -3.91436 -6.37879 -3.83109 -1.02242 1.52225 2.89854 1.81582 2.91931 2.82386 2.07665 0.646491 -1.5745 -1.54052 -3.20815 -3.28948 -2.44706 -2.18054 -2.33281 -2.87862 -3.74587 -3.60817 -2.9564 -2.80333 -1.84056 -0.63776 0.538182 0.726418 0.941865 0.940743 0.933716 0.941574 0.933303 0.897857 0.826315 0.680774 -0.313617 -1.49427 -2.22602 -3.22897 -3.36081 -1.47023
