Test_Spring_2018/03_18/Temp/20180321_018.txt
ncols	170
nrows	115
xllcorner	350000.000000
yllcorner	4445000.000000
cellsize	1000.000000
nodata_value	-9999.000000
[rows 32 to 63 of 115, columns 72 to 143 of 170]
10.365 9.95908 10.5969 11.1844 10.8221 10.5823 11.5427 11.5461 11.2222 10.4571 10.1788 9.89023 9.71503 8.73286 5.96984 3.47939 4.81999 4.85555 3.93499 5.59588 4.72362 2.4427 -0.778706 0.976376 0.522677 -1.7657 -2.32663 -9999 -9999 -9999 -9999 -9999 -9999 -9999 -9999 -9999 -9999 -9999 -9999 -9999 -9999 -9999 -9999 -9999 -9999 -9999 -9999 -9999 -9999 -9999 -9999 -9999 -9999 -9999 -9999 -9999 -9999 -9999 -9999 -9999 -9999 -9999 -9999 -9999 -9999 -9999 -9999 -9999 -9999 -9999 -9999 -9999
9.82828 9.65632 10.6024 10.5867 10.5247 10.8574 11.4546 11.5768 11.4528 11.1212 10.8347 10.5299 9.75046 8.6263 6.26218 3.42681 2.78674 4.18017 4.25046 4.47722 3.68247 2.68315 1.11789 2.40442 2.90538 1.40516 -0.564295 -1.83055 -9999 -9999 -9999 -9999 -9999 -9999 -9999 -9999 -9999 -9999 -9999 -9999 -9999 -9999 -9999 -9999 -9999 -9999 -9999 -9999 -9999 -9999 -9999 -9999 -9999 -9999 -9999 -9999 -9999 -9999 -9999 -9999 -9999 -9999 -9999 -9999 -9999 -9999 -9999 -9999 -9999 -9999 -9999 -9999
9.18585 8.27646 8.84829 9.27859 10.0571 10.2612 10.383 11.5101 11.4543 11.4061 10.9303 10.5506 9.91899 8.83723 7.29534 5.43796 2.20087 4.20301 5.77139 5.73464 5.65202 4.95267 3.44886 4.71148 4.77278 2.85522 0.663521 -0.618938 -1.14759 -9999 -9999 -9999 -9999 -9999 -9999 -9999 -9999 -9999 -9999 -9999 -9999 -9999 -9999 -9999 -9999 -9999 -9999 -9999 -9999 -9999 -9999 -9999 -9999 -9999 -9999 -9999 -9999 -9999 -9999 -9999 -9999 -9999 -9999 -9999 -9999 -9999 -9999 -9999 -9999 -9999 -9999 -9999
8.45398 7.34218 7.91744 8.68363 9.75456 10.307 10.7311 11.0707 11.4172 11.3806 10.8935 9.44734 9.24436 9.18575 8.17869 6.06062 3.94519 3.39984 5.79045 6.47688 6.34055 6.87623 5.60252 6.20766 5.96227 5.28392 3.18104 1.26139 0.471483 -1.0919 -9999 -9999 -9999 -9999 -9999 -9999 -9999 -9999 -9999 -9999 -9999 -9999 -9999 -9999 -9999 -9999 -9999 -9999 -9999 -9999 -9999 -9999 -9999 -9999 -9999 -9999 -9999 -9999 -9999 -9999 -9999 -9999 -9999 -9999 -9999 -9999 -9999 -9999 -9999 -9999 -9999 -9999
-9999 -9999 6.65646 7.68962 8.55101 9.60012 10.5074 10.966 11.4117 11.3801 10.4027 9.92676 9.88902 9.2307 8.06755 7.33894 6.00844 4.62183 5.15619 7.19494 6.29209 7.73671 7.61669 7.88345 6.92081 5.09066 2.65338 1.22541 0.518686 -0.747949 -9999 -9999 -9999 -9999 -9999 -9999 -9999 -9999 -9999 -9999 -9999 -9999 -9999 -9999 -9999 -9999 -9999 -9999 -9999 -9999 -9999 -9999 -9999 -9999 -9999 -9999 -9999 -9999 -9999 -9999 -9999 -9999 -9999 -9999 -9999 -9999 -9999 -9999 -9999 -9999 -9999 -9999
-9999 -9999 -9999 7.51139 8.16825 9.57778 10.2985 10.5974 11.314 11.3196 10.952 10.6756 10.2726 9.74481 8.87176 7.90792 6.65682 6.54426 7.84972 7.86867 7.59909 7.81497 8.48571 8.31066 6.81874 4.24144 2.88151 0.111318 -1.07136 -0.94774 -1.78482 -9999 -9999 -9999 -9999 -9999 -9999 -9999 -9999 -9999 -9999 -9999 -9999 1.5077 -9999 -9999 -9999 -9999 -9999 -9999 -9999 -9999 -9999 -9999 -9999 -9999 -9999 -9999 -9999 -9999 -9999 -9999 -9999 -9999 -3.35447 -9999 -9999 -9999 -9999 -9999 -9999 -9999
-9999 -9999 7.40167 8.27212 8.95907 9.84387 9.92745 10.4526 11.276 11.2921 11.0327 10.7392 10.0737 9.91218 9.41718 8.37047 8.15941 8.58897 8.78836 9.01351 9.15276 9.04349 8.77388 8.42462 7.45843 6.26454 5.46344 2.9381 1.65587 0.435075 -1.41317 -2.85809 -9999 -9999 -9999 -9999 -9999 -9999 -9999 0.518194 0.45729 0.498339 0.912682 2.04184 1.39218 -9999 -9999 -9999 -9999 -9999 -9999 -9999 -9999 -9999 -9999 -9999 -9999 -9999 -9999 -9999 -9999 -9999 -9999 -9999 -2.33238 -3.7795 -9999 -9999 -9999 -9999 -9999 -9999
-9999 -9999 7.64099 8.56797 9.03263 9.89202 10.3854 10.7019 10.99 11.2658 11.2246 10.8994 10.4024 10.4104 9.7236 9.35518 9.09305 9.67285 9.78992 9.56144 9.27364 9.01886 8.29486 8.21155 7.97115 7.21308 5.96852 4.68609 2.82995 0.319154 -2.14267 -4.12749 -9999 -9999 -9999 -9999 -9999 -9999 0.72715 1.6657 2.23154 1.05451 2.07627 3.01113 2.87241 1.98723 -9999 -9999 -9999 -9999 -9999 -9999 -9999 -9999 -9999 -9999 -9999 -9999 -9999 -9999 4.54848 3.06345 0.0548584 -1.48234 -2.40032 -3.71498 -9999 -9999 -9999 -9999 -9999 -9999
-9999 -9999 7.46938 8.56349 9.30581 9.96523 10.0738 10.7483 11.0401 11.1903 11.1777 11.1172 11.0297 10.4312 10.1765 9.26901 10.1458 10.1165 9.89889 9.02721 8.65018 7.15043 6.4906 6.33893 7.60108 6.66768 4.71917 2.28352 -0.648335 -0.837 -1.8038 -3.57801 -9999 -9999 -9999 -9999 -9999 -9999 1.02246 2.0261 2.86568 2.99572 1.82656 3.48117 3.4305 2.52014 2.32121 3.08557 3.47764 3.19928 4.11601 4.38872 3.99066 4.44476 -9999 -9999 -9999 -9999 4.74853 4.81702 4.87108 4.2575 0.969908 -1.27201 -3.28381 -3.45667 -9999 -9999 -9999 -9999 -9999 -9999
-9999 -9999 8.23615 8.91088 9.25377 9.31224 9.90451 10.4944 10.8556 11.1274 11.0789 11.0623 11.0445 10.8432 10.3687 10.4598 10.4255 10.1497 8.48885 6.54912 7.39801 6.24174 3.7706 5.77571 6.87687 5.81859 3.45681 0.718439 -0.183855 -0.145331 -1.49104 -3.21907 -9999 -9999 -9999 -1.71007 -0.278573 -0.147494 0.280674 1.61707 2.63635 3.40419 3.93243 3.9234 3.39286 2.50303 1.53478 1.89369 3.66387 4.10261 4.47677 4.75907 4.39007 4.59797 5.07612 5.32664 5.38322 5.27982 5.26207 5.30845 5.26065 4.68869 1.74698 0.0691368 -0.997184 -3.13929 -9999 -9999 -9999 -9999 -9999 -9999
-9999 -9999 7.82907 8.41619 8.89233 9.67941 9.76602 10.2667 10.5642 11.0028 11.0571 10.5491 10.9784 10.929 10.855 10.6918 10.45 9.04925 7.11635 5.17792 4.28373 4.66507 3.18017 3.94159 5.05713 4.64222 3.1944 0.754226 0.409092 -0.163674 -2.42685 -4.60593 -9999 -9999 -4.47395 -1.73401 0.19787 1.19843 1.51434 1.55291 2.83524 2.94531 4.32588 4.01341 2.2177 2.43239 1.73536 2.20262 2.86266 3.0493 3.98472 4.89137 5.06819 5.07974 5.38666 5.45529 5.47812 5.47741 5.28161 5.38235 5.40493 5.05171 2.92451 1.89274 0.758371 -3.09842 -9999 -9999 -9999 -9999 -9999 -9999
-9999 -9999 8.14117 8.79713 9.51515 9.63408 10.167 10.1128 9.96479 10.7077 10.9794 10.6224 10.3671 10.8531 10.8253 10.7668 10.6665 9.3506 7.82634 5.51611 4.08077 3.20125 2.5768 1.74218 2.31425 2.13703 1.89976 2.1678 1.48944 0.145298 -1.18111 -3.66075 -5.00169 -9999 -4.32035 -3.0814 -0.7849 1.16893 2.41305 1.97814 3.43547 3.7146 4.55822 4.07928 2.99567 2.53847 2.5076 2.37389 3.35885 4.02251 4.49232 4.81048 5.20745 5.31277 5.41812 5.46592 5.49492 5.52434 5.52646 5.52637 5.49136 5.36417 4.39138 3.36409 1.12805 -2.95991 -9999 -9999 -9999 -9999 -9999 -9999
-9999 6.25301 8.07819 9.176 9.60274 9.91157 10.1842 10.3827 10.5899 10.7828 10.9196 10.8659 9.91241 9.99647 10.1745 10.7244 10.6906 10.5756 9.74395 6.9323 5.96016 4.53918 2.69812 1.92683 2.30953 3.81604 3.74598 2.74385 1.62731 0.0806336 -0.906014 -2.42793 -5.34702 -5.08278 -3.7643 -2.78099 -1.2183 1.16854 2.84523 3.59928 3.89099 4.48642 4.8027 4.14661 3.524 3.26729 2.78095 2.72196 2.7364 3.33524 3.80186 4.83207 5.18424 5.35137 5.43836 5.48799 5.52576 5.56319 5.58081 5.56864 5.57786 5.57881 5.51809 4.14457 0.69526 -1.89466 -9999 -9999 -9999 -9999 -9999 -9999
-9999 -9999 7.75214 8.23639 8.365 8.58819 9.04254 9.56618 10.3061 10.405 10.8158 10.8171 9.9948 9.04622 9.88369 10.2197 10.5673 10.5822 10.4783 8.11448 6.87871 5.90502 4.13942 4.77366 5.37624 5.41937 5.0512 2.90528 0.767927 -1.70012 -4.00109 -4.11295 -5.3539 -4.69729 -3.82559 -1.59023 -0.0142134 0.629961 1.09614 3.52513 4.16367 4.39413 5.02576 4.19391 3.99748 3.37571 3.57671 3.53294 3.54766 1.8 3.57132 3.68464 4.84184 5.36557 5.49103 5.52922 5.56941 5.58123 5.59467 5.5968 5.61661 5.60934 5.60283 4.71461 0.334143 -1.852 -9999 -9999 -9999 -9999 -9999 -9999
-9999 -9999 -9999 -9999 7.92204 8.29197 8.53017 8.9407 10.1917 10.5321 10.76 10.7839 10.4208 9.48039 9.23775 9.41689 8.50036 9.2764 10.335 10.3112 10.1846 8.10579 7.04063 8.06873 7.75317 6.18701 4.95322 3.7351 1.23283 -0.604118 -3.24131 -5.22166 -5.29752 -3.11461 -1.30051 0.961325 1.9634 1.40396 2.02726 3.23954 4.61598 5.28838 5.14573 4.26861 4.16165 3.19633 4.17092 4.26538 3.82942 3.45331 3.61524 4.19264 4.41762 5.32384 5.54823 5.59355 5.60646 5.61636 5.61914 5.62132 5.62004 5.6205 5.61893 5.59039 1.0876 -2.40587 -9999 -9999 -9999 -9999 -9999 -9999
-9999 -9999 -9999 -9999 7.06675 7.29305 7.88392 9.3974 10.1897 10.513 10.5065 10.6591 10.4046 9.57885 8.73115 7.93231 6.89978 7.49841 9.07298 10.0017 10.1085 8.28621 9.23302 8.87609 8.17343 6.12593 4.61549 3.81239 1.40957 -0.652209 -2.40818 -4.83049 -3.79724 -2.65759 -1.1919 1.2749 2.94277 3.63352 3.06959 3.84858 5.43102 5.45268 4.60718 4.67662 4.17133 2.84754 4.25303 4.65719 4.35285 4.44534 4.33558 4.55614 4.94963 5.32558 5.57734 5.61656 5.62638 5.62434 5.63039 5.63909 5.63052 5.64189 5.64045 5.62974 2.72816 -2.46124 -9999 -9999 -9999 -9999 -9999 -9999
-9999 -9999 -9999 -9999 -9999 6.29222 7.63705 9.64511 10.1439 10.1023 10.5206 10.5611 10.1675 9.82694 8.79681 7.38724 4.67351 5.37132 6.82113 8.90883 10.0062 9.85872 9.24753 8.18685 5.62196 3.37617 3.09977 2.72813 0.973187 -0.616637 -2.56861 -1.44281 -0.208074 1.1445 1.85693 1.67605 3.10598 4.27476 3.79127 4.74452 5.85595 5.37055 5.08935 4.85574 4.26908 4.24649 4.32295 5.12617 4.59071 4.93761 4.95413 4.94422 5.13972 5.36271 5.59596 5.63909 5.64535 5.65499 5.63517 5.65205 5.64789 5.64521 5.64487 5.63754 5.38715 2.60101 0.939297 -9999 -9999 -9999 -9999 -9999
-9999 -9999 -9999 -9999 -9999 5.06616 5.73818 8.11585 8.85021 9.90318 10.4645 10.4948 9.82653 9.45691 7.91878 7.42414 4.91461 3.78032 4.75105 4.38413 7.2567 9.79766 9.24338 4.114 2.25426 0.926283 1.26267 1.26155 0.769789 -1.93077 -2.67659 -0.268545 1.24784 2.42391 3.31785 3.50747 3.48252 5.3065 5.55696 6.15796 6.04184 6.10955 5.20622 4.6526 5.16609 4.60834 4.524 5.35332 4.56052 5.2988 5.22096 5.0116 5.00827 5.49479 5.59833 5.65546 5.66448 5.65148 5.6338 5.62786 5.65238 5.65545 5.64042 5.65441 5.64185 5.32772 3.89093 3.39884 3.97655 -9999 -9999 -9999
-9999 -9999 -9999 -9999 -9999 -9999 3.53592 6.83927 8.34806 9.14396 10.2636 10.4027 10.0491 9.40542 7.83855 6.46147 4.21867 1.65603 0.29867 4.37349 7.91935 9.76995 9.52583 5.25623 3.5696 3.48869 4.47743 3.63635 2.99725 0.943397 0.328687 -0.523679 -0.00125852 1.63728 2.97945 4.27476 5.21952 5.30383 5.92272 6.28264 6.32327 6.44569 6.35122 6.27681 5.40976 6.03478 5.52934 5.81705 5.65142 5.5021 5.37247 4.87524 5.24099 5.56498 5.65314 5.68488 5.6711 5.67242 5.66549 5.64324 5.63944 5.64769 5.65621 5.65255 5.66573 5.66966 5.52207 4.66354 3.50883 2.04562 -9999 -9999
-9999 -9999 -9999 -9999 -9999 -9999 1.89976 5.18707 6.77059 8.81146 9.86328 10.2928 10.2417 9.72093 8.53159 6.73867 5.24599 2.38443 -0.587613 3.68801 7.49617 9.55194 9.66123 6.07253 7.06555 6.25962 6.5811 5.1064 4.49164 4.00113 2.94194 1.78466 0.518253 -0.147592 2.86059 4.40793 5.65576 6.24895 6.58921 6.76512 6.68503 6.47283 5.15059 6.18155 6.14453 6.05643 5.95294 5.90874 5.8146 5.70081 5.63529 5.61809 5.28994 5.67855 5.6772 5.68765 5.69485 5.69073 5.67833 5.66922 5.65726 5.66675 5.66717 5.66641 5.6705 5.68543 5.68935 5.65604 5.43843 3.46811 2.29471 1.97945
-9999 -9999 -9999 -9999 -9999 -9999 -2.70272 2.0786 5.91952 7.92861 9.56401 10.0169 10.1892 9.48847 8.96596 7.68216 6.46672 4.58832 1.77163 0.0385346 3.23872 7.89174 9.60506 9.46997 9.36179 8.43092 7.59133 7.48302 7.54319 6.56178 5.13755 3.28033 2.7039 2.05389 4.29511 4.60242 4.44413 6.91331 6.92757 6.79764 5.86669 4.82005 5.03233 4.39404 4.91085 4.14518 4.87287 5.50293 5.74474 5.7356 5.66101 5.66056 5.63101 5.70586 5.71041 5.70525 5.7027 5.70434 5.70181 5.68072 5.67296 5.6928 5.68337 5.68038 5.68182 5.69941 5.70821 5.68678 5.6684 5.3768 4.93106 4.07392
-9999 -9999 -9999 -9999 -9999 -9999 -2.48487 1.53518 4.94736 6.99429 8.964 9.42432 10.0923 9.95397 9.40615 8.29065 6.89566 5.35042 2.93446 1.13944 3.28267 6.36971 8.5822 9.37387 9.36299 9.30876 9.09707 9.00714 8.76016 8.57923 7.55909 5.80887 4.81806 3.36924 5.86699 6.15056 5.76529 7.01748 6.96309 5.08891 3.65107 3.48173 4.37206 3.54345 3.41211 2.90244 3.50522 5.10072 4.65008 4.75102 5.4765 5.60301 5.68895 5.71566 5.71657 5.71893 5.71266 5.72086 5.72961 5.70917 5.70471 5.70772 5.6907 5.69637 5.68945 5.69521 5.69873 5.69311 5.67698 5.60315 5.52303 5.64032
-9999 -9999 -9999 -9999 -9999 -9999 -2.38744 0.314058 3.38512 6.39791 8.5011 9.35203 9.97298 9.97101 9.33312 8.78095 7.90811 6.54899 5.61789 3.99769 1.77202 5.51148 6.65518 7.67724 8.10753 9.17262 9.14499 8.65452 8.0778 8.60265 8.45083 7.06294 6.60692 5.83778 7.22814 7.23498 7.20142 7.13332 5.54968 3.34662 1.58841 2.87106 2.61607 3.20591 1.41254 2.91465 4.12405 4.52344 3.72054 3.1256 5.00066 5.32192 5.51305 5.63755 5.72128 5.70877 5.73421 5.72996 5.73177 5.73369 5.72635 5.72606 5.71997 5.71414 5.70933 5.71699 5.70874 5.69768 5.70913 5.67748 5.67136 5.67257
-9999 -9999 -9999 -9999 -9999 -9999 -9999 -1.26573 2.62374 6.09943 8.0362 9.25577 9.85209 9.84561 9.52143 9.14766 8.60788 7.62831 6.3964 4.44694 3.00016 3.92309 5.0431 5.16881 5.91586 8.08142 8.82043 7.77043 5.17035 6.7041 8.41023 8.38227 8.2371 8.07559 7.86811 7.68391 7.27767 6.18252 2.816 2.16182 0.847681 1.00805 0.339486 1.82697 1.28839 2.82274 3.49356 3.75293 2.35396 2.65909 4.32765 4.99067 4.88926 5.29829 5.68872 5.70804 5.7259 5.72315 5.73907 5.75035 5.75281 5.74553 5.74312 5.74468 5.72467 5.74757 5.63492 5.56627 5.4138 5.63083 5.6625 5.69786
-9999 -9999 -9999 -9999 -9999 -9999 -9999 -2.03014 1.85457 5.94737 7.264 8.57848 9.71369 9.7399 9.24197 8.7687 8.28106 7.72517 6.2299 4.77969 3.39486 2.93158 3.21322 3.18556 4.39456 7.21658 7.76267 7.52906 4.81922 3.90234 6.18262 8.09949 8.25146 8.07959 5.82719 6.31146 5.09989 3.45602 3.00911 2.29503 0.777743 1.52177 0.413654 0.902845 0.783643 1.65886 2.09066 3.12902 1.9107 1.92338 3.56229 4.39007 4.4183 5.28594 5.5999 5.68753 5.71518 5.73742 5.7493 5.77156 5.77297 5.77025 5.76401 5.73395 5.6475 5.35802 3.74669 3.76124 4.22152 4.65758 5.44872 5.68338
-9999 -9999 -9999 -9999 -9999 -9999 -9999 -1.56984 1.1271 4.75923 7.45076 7.62353 8.93427 9.61293 9.07099 8.46031 7.8354 7.56451 5.93669 4.14791 2.70294 0.991497 1.27605 2.50845 4.51482 6.33827 6.66452 6.28783 4.83571 5.52192 7.07776 7.90466 8.14986 7.96057 7.47261 7.19292 6.30208 5.91979 4.68241 2.74454 1.98655 2.48069 0.424375 0.578014 1.3511 0.548361 1.89566 2.54521 0.968903 2.24163 3.68723 4.43013 5.08035 5.39209 5.52088 5.71432 5.72699 5.75065 5.76755 5.77365 5.78284 5.76245 5.74766 5.58489 5.34013 3.82987 3.2167 3.35298 4.06811 4.69561 5.36801 5.64216
-9999 -9999 -9999 -9999 -9999 -9999 -9999 -1.09932 1.32941 4.47935 6.39953 6.74632 8.19948 9.49217 9.35239 8.71675 8.52603 7.86693 6.48687 4.96184 3.29427 2.48482 0.619799 2.46013 3.90778 5.45248 6.17546 4.98266 4.38485 5.44657 6.50235 6.92528 7.99242 7.98523 7.6418 6.14999 5.42558 5.73989 5.43311 4.89152 3.56018 3.50881 2.65712 2.30954 1.98179 0.895947 1.60266 1.68156 1.88597 3.40464 4.16117 4.66538 5.12449 5.25086 5.45481 5.71712 5.74751 5.76481 5.77208 5.78557 5.77593 5.71298 5.66172 5.32326 4.71656 3.57574 1.73035 3.0571 4.44387 4.874 5.2938 5.51154
-9999 -9999 -9999 -9999 -9999 -9999 -9999 -1.50087 1.07913 3.77196 4.90017 5.09508 7.72184 9.33186 9.33877 9.03958 8.68936 7.05525 7.15515 6.83102 5.32702 3.13447 0.72578 0.953956 2.38962 4.42329 5.0991 3.12769 2.43259 2.947 4.54321 5.97261 7.46543 7.84723 7.41401 5.08956 2.61974 3.77355 5.00658 5.0068 4.65441 3.42027 3.034 2.68528 1.78748 0.266558 0.493765 0.929327 2.65927 3.2109 4.05799 4.76273 4.50854 4.67023 5.34433 5.73454 5.75706 5.77211 5.7931 5.79296 5.77902 5.64406 5.50086 5.25435 3.65558 2.66531 1.22831 2.93393 3.88235 4.4111 5.31402 5.53673
-9999 -9999 -9999 -9999 -9999 -9999 -9999 -2.28654 -0.413008 2.16118 3.20113 4.85751 7.34012 8.56332 9.15182 9.14307 8.91094 8.18129 7.74394 6.8783 5.31353 3.17247 0.791814 -0.757475 0.0329814 2.76856 3.42357 1.60145 0.678728 1.83281 3.53421 6.05258 7.49308 7.69083 7.56502 7.08946 5.2877 3.11025 3.12398 4.22576 3.31673 2.25935 2.85279 2.75233 1.8656 1.22285 0.832343 1.0957 2.08152 2.49479 3.47201 4.90993 5.1231 5.09085 5.70084 5.73914 5.76139 5.79235 5.79999 5.80297 5.79359 5.68498 5.43086 4.36944 3.4452 2.15583 2.00491 3.53253 4.21155 4.84503 5.29282 5.44514
-9999 -9999 -9999 -9999 -9999 -9999 -9999 -3.64761 -1.44387 0.968 3.22663 5.36375 7.20367 7.34984 8.32216 8.32505 8.83623 8.69468 8.01827 7.28964 5.94178 3.19052 0.877172 -1.64624 -0.978597 1.81752 2.17762 0.961354 -1.28747 1.03963 3.60595 5.93244 7.19367 6.21162 7.2265 7.14832 6.47653 5.18258 3.16793 3.2127 1.70519 1.6465 2.43172 2.69182 2.57008 2.0894 1.32187 1.46487 2.06654 2.22664 3.12544 4.24294 5.3355 5.5261 5.74121 5.75839 5.77003 5.7952 5.80569 5.7915 5.74456 5.63032 4.74152 3.683 3.03452 2.13873 2.03829 3.79482 4.50972 4.91497 5.30295 5.46172
-9999 -9999 -9999 -9999 -9999 -9999 -9999 -9999 -1.65699 0.834772 2.67979 3.17996 4.81604 5.70145 6.38748 6.5427 8.49196 8.60284 8.17518 7.50603 6.35675 4.26956 2.81581 0.395413 -1.34395 -0.627514 -0.301755 0.340459 0.154313 1.19379 3.66025 6.2301 6.51381 4.88755 5.13349 5.4795 6.2493 5.86709 3.11962 1.727 0.57242 1.40419 2.27909 2.49645 2.54605 2.38633 2.21089 1.8809 3.05057 3.91832 4.12628 4.88382 5.44529 5.6065 5.72996 5.75253 5.77529 5.78379 5.75989 5.74484 5.61448 5.31204 4.31652 1.91049 2.03204 1.77977 1.03765 2.75456 3.85598 4.82431 5.34316 5.48391
-9999 -9999 -9999 -9999 -9999 -9999 -9999 -9999 -2.47259 0.409943 1.02265 0.982297 0.0342601 0.477449 4.01394 4.72931 6.59885 8.36899 8.24253 7.58595 6.51068 5.26844 3.34363 0.621129 -1.54189 -2.45304 -0.125353 2.15772 2.63271 3.36601 4.87871 5.16912 3.50679 1.94851 2.8304 3.36375 5.38241 5.7554 5.36986 3.71695 1.82647 0.842918 2.01858 2.18187 2.25929 2.28063 2.25771 2.22149 3.53462 4.26767 4.77886 5.06114 5.54457 5.67468 5.7221 5.76712 5.76688 5.75064 5.68385 5.60675 5.23951 4.79327 3.15686 1.79404 0.947493 -0.129235 2.32558 3.06952 4.1015 4.76383 5.27981 5.39991
