Test_Spring_2018/03_18/Temp/20180306_016.txt
ncols	170
nrows	115
xllcorner	350000.000000
yllcorner	4445000.000000
cellsize	1000.000000
nodata_value	-9999.000000
[rows 32 to 63 of 115, columns 72 to 143 of 170]
13.2791 13.0206 13.4413 13.8291 13.598 13.4465 14.0754 14.0834 13.8786 13.3866 13.2116 13.03 12.9223 12.2895 10.498 8.88385 9.76265 9.7923 9.19981 10.2871 9.72611 8.2485 6.15894 7.30765 7.01912 5.53532 5.17408 -9999 -9999 -9999 -9999 -9999 -9999 -9999 -9999 -9999 -9999 -9999 -9999 -9999 -9999 -9999 -9999 -9999 -9999 -9999 -9999 -9999 -9999 -9999 -9999 -9999 -9999 -9999 -9999 -9999 -9999 -9999 -9999 -9999 -9999 -9999 -9999 -9999 -9999 -9999 -9999 -9999 -9999 -9999 -9999 -9999
12.9209 12.8147 13.436 13.4313 13.3961 13.6167 14.0092 14.0945 14.0196 13.8098 13.6294 13.4371 12.9362 12.2109 10.679 8.8404 8.4304 9.34367 9.39601 9.55021 9.03974 8.39619 7.38441 8.22833 8.56111 7.59082 6.31252 5.49263 -9999 -9999 -9999 -9999 -9999 -9999 -9999 -9999 -9999 -9999 -9999 -9999 -9999 -9999 -9999 -9999 -9999 -9999 -9999 -9999 -9999 -9999 -9999 -9999 -9999 -9999 -9999 -9999 -9999 -9999 -9999 -9999 -9999 -9999 -9999 -9999 -9999 -9999 -9999 -9999 -9999 -9999 -9999 -9999
12.4939 11.9079 12.2857 12.5713 13.0822 13.2181 13.303 14.0421 14.0116 13.986 13.6823 13.4413 13.0365 12.3388 11.3418 10.1397 8.03981 9.34923 10.3765 10.3593 10.3123 9.86411 8.89244 9.72094 9.76774 8.5233 7.10036 6.27277 5.93566 -9999 -9999 -9999 -9999 -9999 -9999 -9999 -9999 -9999 -9999 -9999 -9999 -9999 -9999 -9999 -9999 -9999 -9999 -9999 -9999 -9999 -9999 -9999 -9999 -9999 -9999 -9999 -9999 -9999 -9999 -9999 -9999 -9999 -9999 -9999 -9999 -9999 -9999 -9999 -9999 -9999 -9999 -9999
12.0088 11.2911 11.6711 12.1753 12.8768 13.2399 13.5205 13.7472 13.9783 13.9602 13.6491 12.714 12.588 12.556 11.9071 10.5353 9.16533 8.81715 10.3795 10.8331 10.7513 11.1068 10.285 10.6858 10.5332 10.0959 8.73121 7.4881 6.98107 5.9707 -9999 -9999 -9999 -9999 -9999 -9999 -9999 -9999 -9999 -9999 -9999 -9999 -9999 -9999 -9999 -9999 -9999 -9999 -9999 -9999 -9999 -9999 -9999 -9999 -9999 -9999 -9999 -9999 -9999 -9999 -9999 -9999 -9999 -9999 -9999 -9999 -9999 -9999 -9999 -9999 -9999 -9999
-9999 -9999 10.8418 11.5189 12.083 12.7712 13.366 13.6699 13.9655 13.9505 13.3202 13.0164 12.9978 12.5756 11.825 11.3574 10.4982 9.60272 9.95733 11.291 10.7106 11.6577 11.5868 11.7676 11.1484 9.95895 8.37968 7.45656 7.00374 6.18653 -9999 -9999 -9999 -9999 -9999 -9999 -9999 -9999 -9999 -9999 -9999 -9999 -9999 -9999 -9999 -9999 -9999 -9999 -9999 -9999 -9999 -9999 -9999 -9999 -9999 -9999 -9999 -9999 -9999 -9999 -9999 -9999 -9999 -9999 -9999 -9999 -9999 -9999 -9999 -9999 -9999 -9999
-9999 -9999 -9999 11.3943 11.8252 12.7477 13.2211 13.4209 13.8926 13.9018 13.6681 13.494 13.2376 12.9003 12.3384 11.7178 10.9103 10.844 11.7004 11.7199 11.5518 11.6996 12.1434 12.0368 11.0707 9.39807 8.52036 6.72357 5.96114 6.04867 5.511 -9999 -9999 -9999 -9999 -9999 -9999 -9999 -9999 -9999 -9999 -9999 -9999 7.73603 -9999 -9999 -9999 -9999 -9999 -9999 -9999 -9999 -9999 -9999 -9999 -9999 -9999 -9999 -9999 -9999 -9999 -9999 -9999 -9999 4.68095 -9999 -9999 -9999 -9999 -9999 -9999 -9999
-9999 -9999 11.3095 11.8789 12.3312 12.9121 12.9719 13.3176 13.8586 13.8744 13.711 13.5256 13.0983 12.9992 12.6833 12.0087 11.8782 12.1646 12.3016 12.4554 12.5534 12.4898 12.3219 12.1022 11.4758 10.7063 10.1924 8.55606 7.72796 6.94076 5.7452 4.81201 -9999 -9999 -9999 -9999 -9999 -9999 -9999 7.06154 7.02789 7.06042 7.33569 8.07594 7.65855 -9999 -9999 -9999 -9999 -9999 -9999 -9999 -9999 -9999 -9999 -9999 -9999 -9999 -9999 -9999 -9999 -9999 -9999 -9999 5.33723 4.40105 -9999 -9999 -9999 -9999 -9999 -9999
-9999 -9999 11.4546 12.0631 12.3705 12.9347 13.2606 13.4707 13.6632 13.8477 13.8262 13.62 13.3022 13.3133 12.8726 12.6394 12.4757 12.86 12.9435 12.8024 12.6227 12.4647 12.0013 11.9549 11.8011 11.3154 10.513 9.68594 8.48425 6.85776 5.26304 3.97862 -9999 -9999 -9999 -9999 -9999 -9999 7.18429 7.80111 8.17523 7.41507 8.08548 8.69916 8.61408 8.03749 -9999 -9999 -9999 -9999 -9999 -9999 -9999 -9999 -9999 -9999 -9999 -9999 -9999 -9999 9.78243 8.82219 6.87046 5.87603 5.28434 4.43433 -9999 -9999 -9999 -9999 -9999 -9999
-9999 -9999 11.3349 12.0519 12.5399 12.9738 13.0491 13.4913 13.6865 13.7891 13.786 13.7518 13.7003 13.3167 13.1572 12.5732 13.1506 13.1388 13.0047 12.4452 12.2077 11.2398 10.8184 10.723 11.5521 10.9525 9.69218 8.11483 6.21357 6.09801 5.47624 4.32897 -9999 -9999 -9999 -9999 -9999 -9999 7.36959 8.02873 8.58091 8.67117 7.91581 8.99768 8.96459 8.37675 8.25175 8.7535 9.01299 8.83611 9.43656 9.61866 9.36449 9.66504 -9999 -9999 -9999 -9999 9.89141 9.94219 9.9836 9.59052 7.45731 6.00436 4.70092 4.59097 -9999 -9999 -9999 -9999 -9999 -9999
-9999 -9999 11.8259 12.2699 12.4977 12.5403 12.9302 13.317 13.5572 13.7346 13.7082 13.7027 13.6967 13.5717 13.2692 13.335 13.3196 13.1473 12.0741 10.8195 11.3797 10.6394 9.03713 10.3482 11.0727 10.392 8.86297 7.08879 6.50835 6.5408 5.6726 4.55246 -9999 -9999 -9999 5.56303 6.50118 6.5929 6.87767 7.75317 8.42206 8.93009 9.27911 9.27695 8.93298 8.35825 7.73237 7.97001 9.12598 9.41561 9.66269 9.85086 9.61544 9.75271 10.0693 10.2381 10.2808 10.2196 10.2143 10.2507 10.2258 9.8598 7.95457 6.86871 6.1805 4.78869 -9999 -9999 -9999 -9999 -9999 -9999
-9999 -9999 11.5489 11.9357 12.2502 12.7658 12.8265 13.1567 13.3534 13.6444 13.6847 13.3594 13.6442 13.618 13.576 13.4765 13.3261 12.4219 11.1717 9.91814 9.34424 9.59812 8.63999 9.14213 9.87602 9.61867 8.68101 7.10102 6.88424 6.51848 5.05354 3.64329 -9999 -9999 3.75139 5.54127 6.80508 7.46258 7.67426 7.70516 8.54508 8.62192 9.52522 9.32537 8.15827 8.30202 7.85534 8.1632 8.5923 8.71786 9.33042 9.92487 10.0448 10.0575 10.2627 10.3131 10.334 10.3398 10.2187 10.2906 10.3116 10.088 8.7098 8.0442 7.30915 4.80423 -9999 -9999 -9999 -9999 -9999 -9999
-9999 -9999 11.7399 12.1711 12.6427 12.7244 13.0756 13.0479 12.9546 13.4426 13.625 13.3978 13.2372 13.5593 13.5474 13.5159 13.4577 12.6088 11.6246 10.1293 9.20336 8.63718 8.23906 7.70015 8.08031 7.973 7.82671 8.0093 7.57998 6.71253 5.85745 4.25173 3.38694 -9999 3.84524 4.65852 6.15964 7.43743 8.25305 7.97575 8.9294 9.11606 9.66878 9.36147 8.6576 8.35974 8.34331 8.26007 8.90493 9.34289 9.6523 9.86376 10.1269 10.2006 10.2747 10.3116 10.3366 10.3621 10.3699 10.3763 10.3599 10.2835 9.65649 8.99177 7.54204 4.8866 -9999 -9999 -9999 -9999 -9999 -9999
-9999 10.4996 11.6914 12.4099 12.6917 12.8968 13.0785 13.212 13.3501 13.4827 13.5765 13.5473 12.9323 12.9928 13.1149 13.4794 13.4644 13.3971 12.8636 11.0421 10.416 9.49737 8.30731 7.81234 8.06937 9.0578 9.02047 8.37675 7.65867 6.65998 6.02971 5.04751 3.15588 3.33559 4.20104 4.84808 5.87175 7.4313 8.52834 9.0246 9.21962 9.61121 9.82139 9.39469 8.99055 8.82679 8.51369 8.47882 8.49195 8.88561 9.19306 9.86943 10.1034 10.2174 10.2796 10.3178 10.3486 10.3794 10.3974 10.3961 10.4085 10.4155 10.3805 9.49221 7.25079 5.56994 -9999 -9999 -9999 -9999 -9999 -9999
-9999 -9999 11.4717 11.7907 11.8783 12.0276 12.3274 12.6724 13.1571 13.2264 13.499 13.5065 12.9773 12.3658 12.917 13.1423 13.3756 13.3928 13.333 11.8004 11.0039 10.3781 9.23717 9.6569 10.0571 10.0934 9.8622 8.47438 7.09227 5.49433 4.00605 3.94215 3.14514 3.58022 4.15508 5.61694 6.64933 7.07492 7.38421 8.97025 9.39037 9.54211 9.95669 9.41873 9.2917 8.89009 9.02399 8.99881 9.01194 7.87859 9.03495 9.11332 9.87138 10.2184 10.3057 10.3366 10.3691 10.3834 10.3988 10.4068 10.4263 10.4268 10.4269 9.85403 7.00841 5.59016 -9999 -9999 -9999 -9999 -9999 -9999
-9999 -9999 -9999 -9999 11.5822 11.8268 11.9858 12.2572 13.0746 13.301 13.4546 13.4758 13.2454 12.6401 12.4885 12.6118 12.0225 12.5345 13.2301 13.2221 13.1473 11.8023 11.1163 11.7932 11.596 10.5852 9.79082 9.00688 7.3875 6.20048 4.49365 3.21416 3.17373 4.60277 5.79192 7.27108 7.93005 7.57242 7.9839 8.77657 9.67642 10.1176 10.0281 9.46042 9.39143 8.76602 9.40309 9.46768 9.18743 8.94647 9.05556 9.43593 9.58745 10.1827 10.3347 10.3708 10.3856 10.3987 10.4073 10.4154 10.4198 10.4259 10.4302 10.4167 7.4913 5.22222 -9999 -9999 -9999 -9999 -9999 -9999
-9999 -9999 -9999 -9999 11.0176 11.1687 11.5573 12.5464 13.0652 13.2807 13.2819 13.3869 13.2272 12.6962 12.1512 11.6381 10.973 11.3696 12.4014 13.013 13.09 11.9119 12.5351 12.3107 11.8616 10.5376 9.56335 9.04958 7.49505 6.16193 5.02872 3.46184 4.1433 4.89365 5.85565 7.46861 8.56084 9.01648 8.65491 9.16648 10.2002 10.2178 9.6707 9.71873 9.39039 8.53155 9.44886 9.71487 9.5202 9.58414 9.51644 9.66467 9.92592 10.1762 10.3461 10.3781 10.3912 10.3965 10.4073 10.4191 10.4196 10.4327 10.437 10.4349 8.55137 5.17864 -9999 -9999 -9999 -9999 -9999 -9999
-9999 -9999 -9999 -9999 -9999 10.5094 11.3886 12.6996 13.0277 13.0057 13.2834 13.3156 13.0656 12.8503 12.1866 11.2761 9.51714 9.9782 10.9287 12.2944 13.0159 12.9275 12.5368 11.8544 10.1935 8.74048 8.56923 8.33628 7.20342 6.17751 4.91689 5.65893 6.47163 7.36064 7.83258 7.7226 8.66006 9.4268 9.11756 9.74243 10.4695 10.157 9.97702 9.82773 9.44636 9.43413 9.48657 10.0122 9.66716 9.89668 9.9112 9.90955 10.0421 10.1929 10.3509 10.3854 10.3962 10.4093 10.403 10.4204 10.4237 10.4276 10.4325 10.4325 10.274 8.46503 7.38769 -9999 -9999 -9999 -9999 -9999
-9999 -9999 -9999 -9999 -9999 9.70355 10.145 11.6967 12.1781 12.8686 13.2395 13.2652 12.8365 12.6022 11.6079 11.2928 9.66658 8.93571 9.57439 9.34275 11.2192 12.8801 12.5263 9.19632 7.99418 7.13835 7.36584 7.37398 7.06311 5.31446 4.83874 6.41521 7.41124 8.18545 8.77553 8.90642 8.89726 10.0902 10.2588 10.6544 10.5827 10.63 10.0451 9.68756 10.0221 9.66161 9.60944 10.1521 9.63968 10.124 10.0772 9.94583 9.94908 10.2715 10.3452 10.3889 10.4013 10.3997 10.3947 10.3973 10.4192 10.4267 10.422 10.4358 10.432 10.2315 9.30055 8.98415 9.36381 -9999 -9999 -9999
-9999 -9999 -9999 -9999 -9999 -9999 8.70396 10.8581 11.8435 12.3669 13.1013 13.1979 12.9729 12.5609 11.5483 10.659 9.20625 7.5453 6.66985 9.32837 11.6428 12.8543 12.7023 9.93162 8.84204 8.79762 9.44954 8.91106 8.50428 7.17635 6.78593 6.2408 6.59004 7.66494 8.54598 9.39685 10.0187 10.0796 10.4874 10.7269 10.7572 10.8402 10.7817 10.736 10.1723 10.5815 10.2555 10.4459 10.3417 10.2485 10.1681 9.84958 10.0931 10.3099 10.3735 10.4 10.398 10.4056 10.4076 10.3993 10.403 10.4138 10.4244 10.4266 10.4396 10.4461 10.354 9.79929 9.05175 8.10349 -9999 -9999
-9999 -9999 -9999 -9999 -9999 -9999 7.63115 9.77505 10.8092 12.1429 12.8317 13.1167 13.0904 12.7585 11.9915 10.8316 9.86696 8.01147 6.08401 8.87401 11.3597 12.7046 12.7832 10.4547 11.1087 10.5924 10.81 9.85915 9.46811 9.15728 8.47754 7.73391 6.91861 6.49269 8.45886 9.47367 10.2927 10.6847 10.9112 11.03 10.9834 10.8487 9.99143 10.6652 10.6416 10.5871 10.5228 10.4974 10.4398 10.37 10.3314 10.3254 10.1174 10.3753 10.3801 10.3939 10.4055 10.4095 10.4079 10.408 10.4058 10.4178 10.4233 10.4274 10.4345 10.4482 10.4549 10.4372 10.2996 9.02157 8.26214 8.0589
-9999 -9999 -9999 -9999 -9999 -9999 4.62797 7.74423 10.2449 11.5584 12.6275 12.929 13.0481 12.5991 12.266 11.4374 10.6531 9.43738 7.61098 6.4897 8.58045 11.6151 12.7385 12.6572 12.5945 11.9968 11.4588 11.3969 11.4449 10.8144 9.89596 8.69694 8.32859 7.91477 9.38172 9.58951 9.49348 11.1063 11.1207 11.0406 10.4386 9.76344 9.90472 9.49277 9.82981 9.3346 9.81138 10.2249 10.3862 10.3847 10.3403 10.3435 10.3303 10.3839 10.3936 10.3971 10.4022 10.4099 10.4146 10.4068 10.4073 10.4254 10.4249 10.4275 10.4334 10.4491 10.459 10.4493 10.4415 10.256 9.9703 9.41454
-9999 -9999 -9999 -9999 -9999 -9999 4.75844 7.37763 9.6039 10.9401 12.2285 12.5349 12.9765 12.8935 12.5439 11.8248 10.9237 9.92469 8.35905 7.19747 8.59862 10.6163 12.0631 12.5847 12.5866 12.5592 12.4297 12.378 12.2261 12.1163 11.4618 10.3289 9.69346 8.75961 10.3933 10.5855 10.3417 11.1626 11.1325 9.9176 8.986 8.87939 9.46509 8.92913 8.84441 8.51685 8.91262 9.95465 9.66345 9.73375 10.2101 10.298 10.358 10.3818 10.3891 10.3974 10.4 10.4118 10.4237 10.4163 10.4189 10.4261 10.4198 10.4291 10.4289 10.437 10.4446 10.4453 10.4392 10.3957 10.3457 10.424
-9999 -9999 -9999 -9999 -9999 -9999 4.81104 6.5741 8.57852 10.543 11.9183 12.4789 12.8899 12.8955 12.4873 12.1348 11.5734 10.6956 10.0962 9.04835 7.60664 10.0467 10.8003 11.4718 11.7571 12.458 12.4482 12.1375 11.7709 12.1215 12.028 11.134 10.8462 10.3543 11.2672 11.2792 11.2642 11.2261 10.201 8.77228 7.63249 8.47102 8.30875 8.69944 7.53351 8.51227 9.30277 9.56654 9.04995 8.66761 9.89202 10.1043 10.2348 10.3222 10.3833 10.3818 10.4049 10.4085 10.4158 10.4229 10.4236 10.4286 10.4296 10.4306 10.4329 10.4424 10.4415 10.4361 10.4481 10.4337 10.4347 10.4375
-9999 -9999 -9999 -9999 -9999 -9999 -9999 5.53463 8.06918 10.3374 11.6045 12.405 12.8 12.8028 12.5987 12.3622 12.0176 11.3867 10.5915 9.32935 8.39439 9.00158 9.73996 9.82815 10.3216 11.7385 12.2274 11.5524 9.86714 10.8698 11.989 11.9798 11.8941 11.7975 11.6715 11.5591 11.3015 10.5951 8.41005 7.98819 7.13749 7.2459 6.81468 7.78994 7.44063 8.44267 8.88303 9.05596 8.15015 8.35241 9.44077 9.87803 9.8182 10.0908 10.3529 10.3719 10.3899 10.3944 10.4109 10.424 10.4311 10.4299 10.4332 10.4389 10.4313 10.4509 10.3822 10.3421 10.2477 10.3938 10.4195 10.4438
-9999 -9999 -9999 -9999 -9999 -9999 -9999 5.02465 7.55872 10.2285 11.0919 11.9542 12.6998 12.7238 12.4066 12.1054 11.7947 11.4395 10.473 9.53585 8.64129 8.34653 8.53669 8.52803 9.32206 11.166 11.5292 11.3853 9.6236 9.03558 10.528 11.784 11.8913 11.7877 10.3298 10.6523 9.87064 8.80716 8.522 8.06249 7.0799 7.56845 6.85159 7.17401 7.10181 7.67528 7.9604 8.64048 7.85241 7.86436 8.9333 9.47774 9.50218 10.073 10.2837 10.3472 10.3715 10.3921 10.4058 10.426 10.4324 10.4359 10.4369 10.4222 10.3707 10.1879 9.14463 9.15897 9.46347 9.75234 10.2684 10.4263
-9999 -9999 -9999 -9999 -9999 -9999 -9999 5.31382 7.07501 9.44496 11.203 11.3222 12.182 12.6305 12.2846 11.894 11.494 11.3244 10.2717 9.11433 8.18074 7.07387 7.26599 8.0751 9.39034 10.5844 10.8044 10.5673 9.62332 10.0782 11.0989 11.6453 11.813 11.6977 11.3878 11.213 10.64 10.3975 9.59813 8.34251 7.85429 8.18057 6.84707 6.9515 7.45901 6.9424 7.82351 8.2508 7.22996 8.05868 9.00482 9.494 9.9231 10.1321 10.2222 10.3543 10.3688 10.3903 10.4072 10.4169 10.4285 10.4206 10.4162 10.3153 10.1611 9.18336 8.7907 8.88449 9.35505 9.76871 10.2069 10.3913
-9999 -9999 -9999 -9999 -9999 -9999 -9999 5.6093 7.19594 9.25208 10.5082 10.7405 11.6929 12.5408 12.4567 12.0498 11.9324 11.5102 10.6188 9.63318 8.55485 8.03502 6.82847 8.0332 8.98504 9.99767 10.4758 9.69978 9.31876 10.0177 10.7128 10.996 11.6982 11.7012 11.4852 10.5215 10.0568 10.2676 10.0739 9.72708 8.86605 8.83767 8.28835 8.06697 7.85847 7.15811 7.62262 7.67878 7.8137 8.80537 9.30314 9.63696 9.94162 10.0299 10.1688 10.3456 10.3715 10.3888 10.3995 10.4141 10.4134 10.378 10.35 10.1351 9.74556 9.00846 7.81428 8.68295 9.59077 9.87542 10.15 10.2978
-9999 -9999 -9999 -9999 -9999 -9999 -9999 5.337 7.02205 8.78068 9.52132 9.65477 11.3707 12.4251 12.4363 12.2484 12.0273 10.9707 11.0425 10.8384 9.86659 8.44688 6.88665 7.04239 7.98388 9.31736 9.76469 8.48163 8.03711 8.37967 9.42615 10.364 11.343 11.5989 11.3243 9.81869 8.21823 8.97537 9.78376 9.78968 9.56589 8.76815 8.52197 8.30014 7.72098 6.73457 6.89062 7.17902 8.30472 8.66897 9.22567 9.68993 9.53035 9.64152 10.0862 10.3462 10.3669 10.3827 10.4023 10.4081 10.4048 10.3226 10.235 10.0801 9.04527 8.40636 7.4777 8.59362 9.2164 9.56078 10.1544 10.3055
-9999 -9999 -9999 -9999 -9999 -9999 -9999 4.81449 6.03979 7.72114 8.40426 9.48859 11.1106 11.9132 12.3029 12.304 12.1597 11.6918 11.4141 10.8577 9.84656 8.46047 6.91859 5.91779 6.43959 8.2298 8.6591 7.4773 6.8845 7.64311 8.75782 10.4041 11.3488 11.4848 11.41 11.1074 9.94164 8.53117 8.54626 9.26914 8.68336 8.00089 8.39247 8.33243 7.7607 7.34771 7.10035 7.27375 7.91822 8.19246 8.83381 9.77509 9.91956 9.90443 10.3073 10.3382 10.3587 10.3849 10.3958 10.4037 10.4034 10.3386 10.179 9.49407 8.89836 8.06505 7.97254 8.97378 9.42074 9.83409 10.1317 10.2371
-9999 -9999 -9999 -9999 -9999 -9999 -9999 3.91738 5.35747 6.9331 8.40911 9.80615 11.0099 11.1116 11.751 11.7596 12.0991 12.0139 11.5808 11.1138 10.2439 8.46087 6.96291 5.32833 5.77026 7.59751 7.83347 7.04955 5.59373 7.11546 8.7928 10.314 11.1419 10.51 11.1774 11.1333 10.7028 9.86725 8.56257 8.5978 7.62278 7.59036 8.10696 8.28175 8.20799 7.90062 7.40517 7.50341 7.8978 8.00729 8.59758 9.33028 10.0469 10.1767 10.3225 10.3396 10.3531 10.3755 10.3884 10.3852 10.3606 10.2923 9.71992 9.03708 8.62103 8.04404 7.98458 9.13475 9.60553 9.87044 10.1292 10.239
-9999 -9999 -9999 -9999 -9999 -9999 -9999 -9999 5.20711 6.83459 8.04133 8.37306 9.44406 10.0267 10.4798 10.5875 11.8628 11.942 11.6709 11.2427 10.5022 9.15151 8.21304 6.6456 5.52135 5.99184 6.20899 6.63434 6.52062 7.20435 8.81655 10.4959 10.6876 9.63638 9.80328 10.0352 10.5427 10.3005 8.51907 7.61911 6.87391 7.42112 7.99625 8.14341 8.18129 8.08288 7.97047 7.76102 8.52737 9.09731 9.23799 9.73638 10.1073 10.2178 10.3039 10.3245 10.3452 10.3568 10.3473 10.3437 10.265 10.0744 9.43277 7.87332 7.95855 7.80052 7.3237 8.44655 9.16568 9.80221 10.1463 10.2443
-9999 -9999 -9999 -9999 -9999 -9999 -9999 -9999 4.66461 6.54622 6.95092 6.93079 6.32015 6.61496 8.92278 9.39507 10.6186 11.7776 11.7026 11.2828 10.5906 9.78989 8.54506 6.78118 5.38134 4.78784 6.31111 7.80576 8.12217 8.60656 9.59801 9.79401 8.71926 7.71213 8.29275 8.6465 9.96668 10.2159 9.97151 8.90231 7.6784 7.04452 7.81552 7.92763 7.98373 8.00322 7.99124 7.96967 8.83159 9.31382 9.65172 9.84074 10.1607 10.2509 10.2875 10.3226 10.3283 10.3238 10.2865 10.2426 10.01 9.72597 8.66753 7.78713 7.24263 6.54833 8.15198 8.642 9.31642 9.75359 10.0959 10.1806
