Test_Spring_2018/03_18/Temp/20180301_012.txt
ncols	170
nrows	115
xllcorner	350000.000000
yllcorner	4445000.000000
cellsize	1000.000000
nodata_value	-9999.000000
[rows 31 to 61 of 115, columns 70 to 139 of 170]
4.46102 5.0337 5.24253 4.83968 4.87628 5.82342 6.02922 6.01092 5.91661 5.82125 5.36157 5.20512 4.84232 4.20646 3.93799 2.81018 -0.828733 0.197324 0.596814 -0.460208 0.12527 1.07989 0.242584 -2.23601 -3.30591 -5.02718 -4.48828 -5.01628 -6.403 -9999 -9999 -9999 -9999 -9999 -9999 -9999 -9999 -9999 -9999 -9999 -9999 -9999 -9999 -9999 -9999 -9999 -9999 -9999 -9999 -9999 -9999 -9999 -9999 -9999 -9999 -9999 -9999 -9999 -9999 -9999 -9999 -9999 -9999 -9999 -9999 -9999 -9999 -9999 -9999 -9999
4.58007 4.8405 4.81312 4.42493 5.01657 5.56089 5.21117 4.98351 5.8783 5.87418 5.56287 4.83718 4.56851 4.29019 4.11832 3.18898 0.587988 -1.75701 -0.505531 -0.478982 -1.34984 0.20272 -0.622569 -2.77014 -5.80053 -4.15932 -4.59158 -6.74811 -7.27801 -9999 -9999 -9999 -9999 -9999 -9999 -9999 -9999 -9999 -9999 -9999 -9999 -9999 -9999 -9999 -9999 -9999 -9999 -9999 -9999 -9999 -9999 -9999 -9999 -9999 -9999 -9999 -9999 -9999 -9999 -9999 -9999 -9999 -9999 -9999 -9999 -9999 -9999 -9999 -9999 -9999
3.86372 4.51706 4.31239 4.14371 5.0246 5.00257 4.93645 5.24433 5.79846 5.90603 5.78239 5.46387 5.18773 4.89432 4.15537 3.09286 0.866412 -1.80234 -2.41021 -1.10908 -1.04992 -0.843792 -1.59651 -2.54119 -4.01708 -2.81588 -2.3521 -3.76709 -5.62118 -6.81257 -9999 -9999 -9999 -9999 -9999 -9999 -9999 -9999 -9999 -9999 -9999 -9999 -9999 -9999 -9999 -9999 -9999 -9999 -9999 -9999 -9999 -9999 -9999 -9999 -9999 -9999 -9999 -9999 -9999 -9999 -9999 -9999 -9999 -9999 -9999 -9999 -9999 -9999 -9999 -9999
2.89794 4.02108 3.71244 2.85137 3.38081 3.77741 4.50415 4.68814 4.79541 5.84645 5.787 5.73464 5.28088 4.9174 4.31737 3.29478 1.84025 0.0895951 -2.95622 -1.08376 0.381566 0.340168 0.255773 -0.407499 -1.82587 -0.64724 -0.596281 -2.40078 -4.46199 -5.67246 -6.17535 -9999 -9999 -9999 -9999 -9999 -9999 -9999 -9999 -9999 -9999 -9999 -9999 -9999 -9999 -9999 -9999 -9999 -9999 -9999 -9999 -9999 -9999 -9999 -9999 -9999 -9999 -9999 -9999 -9999 -9999 -9999 -9999 -9999 -9999 -9999 -9999 -9999 -9999 -9999
-9999 3.32598 3.02846 1.97725 2.50981 3.22167 4.22375 4.73501 5.12508 5.43695 5.75524 5.71397 5.24986 3.88532 3.68781 3.62579 2.6734 0.678026 -1.31489 -1.83394 0.403111 1.04043 0.905447 1.40137 0.198851 0.760153 0.52314 -0.117762 -2.09505 -3.9046 -4.65263 -6.12678 -9999 -9999 -9999 -9999 -9999 -9999 -9999 -9999 -9999 -9999 -9999 -9999 -9999 -9999 -9999 -9999 -9999 -9999 -9999 -9999 -9999 -9999 -9999 -9999 -9999 -9999 -9999 -9999 -9999 -9999 -9999 -9999 -9999 -9999 -9999 -9999 -9999 -9999
-9999 -9999 -9999 -9999 1.32879 2.29488 3.09768 4.07395 4.91787 5.3415 5.75312 5.71669 4.79242 4.33888 4.29663 3.67175 2.57287 1.88183 0.625708 -0.683151 -0.188758 1.71786 0.863156 2.21217 2.09252 2.33607 1.42569 -0.292237 -2.58795 -3.93567 -4.60552 -5.80095 -9999 -9999 -9999 -9999 -9999 -9999 -9999 -9999 -9999 -9999 -9999 -9999 -9999 -9999 -9999 -9999 -9999 -9999 -9999 -9999 -9999 -9999 -9999 -9999 -9999 -9999 -9999 -9999 -9999 -9999 -9999 -9999 -9999 -9999 -9999 -9999 -9999 -9999
-9999 -9999 -9999 -9999 -9999 2.12985 2.74076 4.05695 4.72435 4.99821 5.66426 5.66298 5.31132 5.04523 4.66021 4.15798 3.33148 2.41962 1.23797 1.12499 2.34309 2.3535 2.09309 2.2885 2.91102 2.73974 1.33444 -1.08707 -2.37017 -4.97892 -6.09542 -5.9856 -6.77762 -9999 -9999 -9999 -9999 -9999 -9999 -9999 -9999 -9999 -9999 -9999 -9999 -3.78116 -9999 -9999 -9999 -9999 -9999 -9999 -9999 -9999 -9999 -9999 -9999 -9999 -9999 -9999 -9999 -9999 -9999 -9999 -9999 -9999 -8.50868 -9999 -9999 -9999
-9999 -9999 -9999 -9999 2.03319 2.84753 3.48526 4.30892 4.37883 4.86482 5.6313 5.64001 5.39013 5.10812 4.47687 4.31853 3.84696 2.85729 2.65189 3.0477 3.22736 3.43116 3.55436 3.44437 3.18404 2.84914 1.94156 0.814197 0.0557798 -2.32262 -3.53268 -4.68472 -6.42575 -7.7882 -9999 -9999 -9999 -9999 -9999 -9999 -9999 -4.67503 -4.7403 -4.70997 -4.32923 -3.27744 -3.89539 -9999 -9999 -9999 -9999 -9999 -9999 -9999 -9999 -9999 -9999 -9999 -9999 -9999 -9999 -9999 -9999 -9999 -9999 -9999 -7.54795 -8.91505 -9999 -9999
-9999 -9999 -9999 -9999 2.26429 3.12708 3.55614 4.35601 4.81249 5.10113 5.36526 5.61789 5.57306 5.26153 4.78857 4.7894 4.13785 3.78489 3.53147 4.0682 4.17041 3.9482 3.67035 3.42361 2.73659 2.65128 2.42465 1.70647 0.531861 -0.678063 -2.42812 -4.7909 -7.10768 -8.97672 -9999 -9999 -9999 -9999 -9999 -9999 -4.4675 -3.59461 -3.07178 -4.18517 -3.23451 -2.36538 -2.50393 -3.33887 -9999 -9999 -9999 -9999 -9999 -9999 -9999 -9999 -9999 -9999 -9999 -9999 -9999 -9999 -1.05265 -2.45525 -5.2882 -6.74 -7.61055 -8.85347 -9999 -9999
-9999 -9999 -9999 -9999 2.10471 3.12437 3.8141 4.42631 4.52169 5.14869 5.41444 5.54939 5.53159 5.46864 5.38022 4.81189 4.56594 3.70693 4.52259 4.4874 4.27525 3.44906 3.08727 1.67168 1.04479 0.900697 2.07872 1.19603 -0.639268 -2.93159 -5.68929 -5.87379 -6.78688 -8.45796 -9999 -9999 -9999 -9999 -9999 -9999 -4.18699 -3.25321 -2.47369 -2.36037 -3.46668 -1.92217 -1.97434 -2.83742 -3.03244 -2.32294 -1.96267 -2.23161 -1.38148 -1.13268 -1.51344 -1.09422 -9999 -9999 -9999 -9999 -0.846454 -0.790375 -0.748104 -1.33278 -4.42781 -6.54133 -8.43886 -8.60737 -9999 -9999
-9999 -9999 -9999 -9999 2.82568 3.45164 3.76644 3.81458 4.36414 4.91193 5.24306 5.49288 5.44142 5.41981 5.39688 5.20144 4.74919 4.82754 4.78779 4.52108 2.95402 1.12507 1.91395 0.820331 -1.50297 0.373083 1.40002 0.400191 -1.82292 -4.39923 -5.25136 -5.22231 -6.49082 -8.11788 -9999 -9999 -9999 -6.72572 -5.38914 -5.2738 -4.88004 -3.63407 -2.68606 -1.97461 -1.48781 -1.50096 -2.00854 -2.85252 -3.76987 -3.44108 -1.78719 -1.3829 -1.04185 -0.783941 -1.13731 -0.948443 -0.506622 -0.278603 -0.232854 -0.337547 -0.362134 -0.326823 -0.380208 -0.925867 -3.69707 -5.28125 -6.29142 -8.30863 -9999 -9999
-9999 -9999 -9999 -9999 2.44543 2.98915 3.42905 4.16083 4.23576 4.6997 4.9733 5.37753 5.42267 4.93996 5.33685 5.28403 5.20776 5.04738 4.81277 3.48988 1.66726 -0.160634 -1.00821 -0.654746 -2.05621 -1.34783 -0.307369 -0.703195 -2.06743 -4.3637 -4.69303 -5.23539 -7.36676 -9.41749 -9999 -9999 -9.3107 -6.74527 -4.93897 -4.00751 -3.7193 -3.69186 -2.49718 -2.4031 -1.1164 -1.41505 -3.11045 -2.91771 -3.58101 -3.1506 -2.53823 -2.37062 -1.49975 -0.658281 -0.499215 -0.495222 -0.214007 -0.156623 -0.142462 -0.150708 -0.342432 -0.256129 -0.243521 -0.583969 -2.58991 -3.56766 -4.63939 -8.26901 -9999 -9999
-9999 -9999 -9999 -9999 2.73935 3.34772 4.01471 4.11967 4.61358 4.55598 4.41158 5.10329 5.35107 5.0102 4.76456 5.21445 5.18155 5.11933 5.01752 3.77414 2.33497 0.157899 -1.1978 -2.02843 -2.62218 -3.41141 -2.88105 -3.05366 -3.28224 -3.03612 -3.67781 -4.94402 -6.19403 -8.52827 -9.79217 -9999 -9.16403 -8.00755 -5.85899 -4.03276 -2.87336 -3.2906 -1.93188 -1.67937 -0.893577 -1.35248 -2.37962 -2.81729 -2.85485 -2.98862 -2.07195 -1.45695 -1.02311 -0.731538 -0.367919 -0.275776 -0.183652 -0.14571 -0.12567 -0.105569 -0.111485 -0.119866 -0.161396 -0.289761 -1.21216 -2.18373 -4.29212 -8.13894 -9999 -9999
-9999 -9999 -9999 0.973268 2.68031 3.70348 4.09707 4.38034 4.63001 4.81027 4.99945 5.17438 5.29721 5.23985 4.33883 4.41141 4.57176 5.08063 5.04109 4.92501 4.13585 1.48796 0.569441 -0.771805 -2.50754 -3.23808 -2.88541 -1.47735 -1.54884 -2.49489 -3.54803 -5.0042 -5.93465 -7.36811 -10.1146 -9.87189 -8.64005 -7.7235 -6.26381 -4.03117 -2.46583 -1.76714 -1.50284 -0.950877 -0.663483 -1.28863 -1.88308 -2.13305 -2.59828 -2.662 -2.65643 -2.10193 -1.67109 -0.711359 -0.38767 -0.239168 -0.164166 -0.124399 -0.0960377 -0.0683661 -0.0597063 -0.0794424 -0.0795094 -0.0876735 -0.152247 -1.45094 -4.69701 -7.13756 -9999 -9999
-9999 -9999 -9999 -9999 2.37406 2.82128 2.93505 3.13798 3.55825 4.04386 4.73313 4.8203 5.20022 5.19545 4.41673 3.51994 4.29929 4.60734 4.92583 4.93151 4.82551 2.59998 1.4319 0.510075 -1.15479 -0.565931 -0.00678328 0.0276531 -0.323558 -2.34319 -4.35444 -6.67534 -8.83988 -8.94952 -10.1189 -9.50874 -8.69623 -6.6043 -5.1321 -4.53542 -4.10654 -1.83567 -1.24395 -1.03713 -0.453766 -1.24416 -1.43866 -2.03145 -1.85153 -1.90103 -1.89525 -3.54352 -1.88789 -1.78864 -0.709269 -0.224571 -0.114608 -0.0854922 -0.0547855 -0.0511045 -0.0463474 -0.0526661 -0.042823 -0.0574991 -0.0719728 -0.914916 -5.03626 -7.09786 -9999 -9999
-9999 -9999 -9999 -9999 -9999 -9999 2.51888 2.8596 3.07699 3.45645 4.62551 4.93934 5.1476 5.1642 4.81713 3.92748 3.69287 3.85364 2.98537 3.70567 4.69195 4.66153 4.5347 2.57547 1.56856 2.52677 2.2241 0.747928 -0.415778 -1.56436 -3.91805 -5.6464 -8.12647 -9.99002 -10.066 -8.02211 -6.32523 -4.20843 -3.27501 -3.80825 -3.23193 -2.10216 -0.819398 -0.197769 -0.341321 -1.17428 -1.28488 -2.20025 -1.2942 -1.21399 -1.63132 -1.9921 -1.84726 -1.31238 -1.10811 -0.264251 -0.060444 -0.0253388 -0.020203 -0.0182806 -0.0234994 -0.0297633 -0.0386375 -0.0468895 -0.0573125 -0.0932505 -4.32944 -7.61833 -9999 -9999
-9999 -9999 -9999 -9999 -9999 -9999 1.71546 1.92135 2.46981 3.88463 4.62304 4.92082 4.90899 5.04635 4.80123 4.01948 3.21664 2.45933 1.48237 2.03636 3.50637 4.37009 4.46237 2.74406 3.6259 3.28399 2.61799 0.690028 -0.733327 -1.49225 -3.75255 -5.69191 -7.34471 -9.62312 -8.65798 -7.59339 -6.22334 -3.91426 -2.35586 -1.71552 -2.25319 -1.53093 -0.0548146 -0.044071 -0.847427 -0.791842 -1.2764 -2.5283 -1.21779 -0.846891 -1.1407 -1.06162 -1.17186 -0.971981 -0.609563 -0.263496 -0.0340062 -0.00412851 -0.00217476 -0.0114378 -0.0135729 -0.0132267 -0.0296107 -0.0275819 -0.0378403 -0.0570049 -2.79008 -7.67099 -9999 -9999
-9999 -9999 -9999 -9999 -9999 -9999 -9999 0.981113 2.23732 4.11638 4.57927 4.53437 4.92121 4.95326 4.57748 4.25115 3.27708 1.94644 -0.608763 0.0383575 1.39131 3.34309 4.36531 4.21928 3.63862 2.63614 0.222051 -1.89202 -2.15694 -2.51084 -4.16297 -5.65931 -7.49616 -6.44391 -5.28966 -4.02524 -3.36234 -3.5387 -2.20368 -1.11445 -1.57681 -0.690939 0.343068 -0.122127 -0.395718 -0.624573 -1.1855 -1.21591 -1.15301 -0.407509 -0.918299 -0.600439 -0.592172 -0.608689 -0.432187 -0.229754 -0.0176831 0.0158297 0.0145533 0.0161937 -0.010096 -0.0022299 -0.0144259 -0.025526 -0.0346947 -0.0506224 -0.294866 -2.91975 -4.48894 -9999
-9999 -9999 -9999 -9999 -9999 -9999 -9999 -0.170708 0.453855 2.67979 3.3637 4.34626 4.86719 4.88959 4.25587 3.90225 2.45143 1.97962 -0.383758 -1.45662 -0.553313 -0.905678 1.78312 4.16087 3.63372 -1.18813 -2.94024 -4.19275 -3.88245 -3.8886 -4.35503 -6.89414 -7.59886 -5.34304 -3.92452 -2.82589 -1.99267 -1.82109 -1.85188 -0.147518 0.0790626 0.634349 0.516105 0.570226 -0.287269 -0.816442 -0.344548 -0.877274 -0.965291 -0.195276 -0.947662 -0.262429 -0.342782 -0.546608 -0.556824 -0.107093 -0.0168535 0.0297418 0.0311919 0.0114944 -0.012701 -0.0263735 -0.0115941 -0.0172302 -0.0400984 -0.0359228 -0.0568237 -0.36107 -1.71905 -2.19022
-9999 -9999 -9999 -9999 -9999 -9999 -9999 -9999 -1.61457 1.48023 2.89101 3.6321 4.67702 4.80135 4.46415 3.85273 2.37454 1.07438 -1.03856 -3.4518 -4.73441 -0.917051 2.4039 4.13369 3.89778 -0.116939 -1.70654 -1.78842 -0.865806 -1.66058 -2.26546 -4.19765 -4.77947 -5.58449 -5.0992 -3.56546 -2.31201 -1.10295 -0.223434 -0.152127 0.420586 0.749396 0.778437 0.884073 0.786024 0.706853 -0.11712 0.460549 -0.0226976 0.238917 0.0752825 -0.0727347 -0.201756 -0.675888 -0.33974 -0.0426766 0.0330318 0.0563707 0.0359576 0.0296737 0.0155705 -0.013043 -0.0253291 -0.0260207 -0.0266788 -0.0389587 -0.0355753 -0.0411572 -0.188829 -1.00389
-9999 -9999 -9999 -9999 -9999 -9999 -9999 -9999 -3.15169 -0.0720834 1.40874 3.31837 4.30168 4.6983 4.64329 4.14727 3.02349 1.333 -0.0757288 -2.76949 -5.56693 -1.56071 2.0053 3.92779 4.02334 0.648215 1.57407 0.811528 1.10765 -0.282063 -0.864291 -1.32912 -2.32841 -3.41989 -4.61212 -5.2434 -2.42605 -0.980433 0.183582 0.732638 1.04388 1.20052 1.11709 0.907583 -0.342821 0.615822 0.571153 0.479524 0.373682 0.323772 0.227258 0.112574 0.0436932 0.0200855 -0.295248 0.0636533 0.0552947 0.0575617 0.0567924 0.0453736 0.0261044 0.00983845 -0.00923601 -0.00839355 -0.0178948 -0.0273316 -0.0323484 -0.027486 -0.0328009 -0.0730973
-9999 -9999 -9999 -9999 -9999 -9999 -9999 -9999 -7.47348 -2.99152 0.611544 2.49076 4.01955 4.43771 4.59239 3.92739 3.42961 2.21708 1.06867 -0.702093 -3.35362 -4.98783 -1.99094 2.37008 3.96938 3.8363 3.72839 2.84848 2.05454 1.94732 1.99846 1.07259 -0.26648 -2.01574 -2.56291 -3.1794 -1.08211 -0.800598 -0.956552 1.35361 1.35893 1.2286 0.346125 -0.644457 -0.453909 -1.06391 -0.588554 -1.3161 -0.641567 -0.0584687 0.160416 0.143947 0.066513 0.0607493 0.0252553 0.0885153 0.0851462 0.0727017 0.062732 0.0566744 0.046652 0.0191308 0.00402495 0.0146973 -0.00236612 -0.0134274 -0.0229942 -0.0155036 -0.016104 -0.0451165
-9999 -9999 -9999 -9999 -9999 -9999 -9999 -9999 -7.26652 -3.49881 -0.302532 1.6127 3.45476 3.87985 4.49977 4.36274 3.8412 2.78671 1.46981 0.0118693 -2.2634 -3.95567 -1.95084 0.940073 3.01034 3.74743 3.7282 3.67113 3.46647 3.38039 3.14274 2.96793 2.00441 0.355444 -0.58087 -1.94736 0.390654 0.649833 0.280806 1.4486 1.38958 -0.377998 -1.73614 -1.90363 -1.07568 -1.86209 -1.99498 -2.48423 -1.92685 -0.437378 -0.865474 -0.778842 -0.105407 0.0054254 0.0791712 0.0964816 0.0896408 0.0842106 0.0707077 0.0707681 0.07131 0.0443972 0.0323947 0.0273104 0.00330644 0.000309663 -0.014502 -0.0178831 -0.0259724 -0.0400111
-9999 -9999 -9999 -9999 -9999 -9999 -9999 -9999 -7.17246 -4.6465 -1.77052 1.05139 3.0187 3.81042 4.38619 4.37714 3.77107 3.24543 2.41874 1.13558 0.254267 -1.27384 -3.37019 0.13327 1.20012 2.15345 2.55553 3.54928 3.51732 3.05091 2.50107 2.98776 2.83929 1.53021 1.09577 0.367187 1.66557 1.66493 1.62607 1.55453 0.0600451 -2.01612 -3.67485 -2.47912 -2.72688 -2.18078 -3.87377 -2.46856 -1.3416 -0.974975 -1.73941 -2.30599 -0.553371 -0.25867 -0.0871127 0.0219662 0.0928445 0.0734088 0.0896318 0.0779766 0.0719813 0.0660531 0.0513626 0.0432215 0.0295256 0.0159818 0.00305472 0.0015323 -0.0146632 -0.0314038
-9999 -9999 -9999 -9999 -9999 -9999 -9999 -9999 -9999 -6.12678 -2.4821 0.773427 2.58428 3.72183 4.27429 4.26088 3.94925 3.5911 3.07718 2.1505 0.987034 -0.849907 -2.21484 -1.3551 -0.310144 -0.198293 0.496698 2.52337 3.21093 2.21912 -0.226748 1.20686 2.80205 2.76928 2.62636 2.46792 2.26353 2.08351 1.69483 0.659205 -2.50883 -3.12805 -4.36961 -4.22707 -4.86275 -3.47346 -3.98856 -2.55647 -1.93499 -1.69972 -3.02115 -2.7422 -1.18286 -0.568528 -0.671726 -0.295696 0.0611077 0.0715242 0.0806015 0.0703352 0.0775775 0.0804333 0.074964 0.0622056 0.0521422 0.0456986 0.0187441 0.0315438 -0.082531 -0.155431
-9999 -9999 -9999 -9999 -9999 -9999 -9999 -9999 -9999 -6.84496 -3.20544 0.62939 1.85809 3.08476 4.14313 4.16044 3.68573 3.23421 2.76926 2.24031 0.829622 -0.538669 -1.84548 -2.2871 -2.02932 -2.0614 -0.932875 1.70991 2.21624 1.99066 -0.558175 -1.42532 0.708732 2.50154 2.63747 2.46925 0.347818 0.795242 -0.349435 -1.90007 -2.32722 -3.00529 -4.43745 -3.74693 -4.79511 -4.34389 -4.46411 -3.65067 -3.25348 -2.28685 -3.43863 -3.43411 -1.90243 -1.13339 -1.11484 -0.308266 -0.0213922 0.0530695 0.0712689 0.0844288 0.087892 0.1011 0.0947231 0.0844397 0.0707924 0.0347153 -0.0543928 -0.334377 -1.85578 -1.85044
-9999 -9999 -9999 -9999 -9999 -9999 -9999 -9999 -9999 -6.41412 -3.88963 -0.487258 2.03211 2.18702 3.41018 4.03999 3.52399 2.94351 2.34971 2.08831 0.553186 -1.13295 -2.49625 -4.10961 -3.84916 -2.69885 -0.821501 0.883776 1.18362 0.823606 -0.544632 0.09299 1.54688 2.31641 2.53977 2.35515 1.89002 1.62028 0.776694 0.410386 -0.758755 -2.58556 -3.30485 -2.84881 -4.787 -4.65068 -3.93287 -4.69475 -3.43805 -2.83635 -4.3241 -3.13531 -1.78627 -1.09683 -0.494358 -0.209586 -0.0965119 0.0772957 0.0814453 0.0959374 0.104103 0.102147 0.103076 0.0762131 0.0545717 -0.106044 -0.343701 -1.76941 -2.3539 -2.23416
-9999 -9999 -9999 -9999 -9999 -9999 -9999 -9999 -9999 -5.9737 -3.70101 -0.751309 1.04396 1.36223 2.71909 3.92531 3.78686 3.18296 2.99677 2.37094 1.06838 -0.370184 -1.94247 -2.70914 -4.46662 -2.7457 -1.39291 0.0506136 0.72278 -0.401989 -0.969779 0.0202478 1.00463 1.39485 2.38974 2.376 2.04653 0.638919 -0.0484248 0.239215 -0.0562794 -0.572294 -1.82973 -1.88569 -2.69297 -3.02706 -3.34255 -4.37006 -3.71463 -3.64853 -3.46327 -2.04476 -1.3425 -0.87706 -0.453938 -0.343141 -0.159473 0.0790059 0.0998076 0.108339 0.107483 0.112469 0.0957367 0.0289415 -0.0269021 -0.352404 -0.929754 -2.00857 -3.74971 -2.51231
-9999 -9999 -9999 -9999 -9999 -9999 -9999 -9999 -9999 -6.35194 -3.93727 -1.4167 -0.3649 -0.189203 2.26935 3.77347 3.77272 3.48466 3.14874 1.60763 1.69436 1.3831 -0.0356624 -2.10073 -4.36862 -4.16113 -2.81987 -0.91719 -0.28939 -2.14511 -2.80431 -2.32815 -0.836516 0.49845 1.89288 2.24426 1.83047 -0.358778 -2.68458 -1.60885 -0.458832 -0.466165 -0.804568 -1.97076 -2.34105 -2.67613 -3.52666 -4.96357 -4.75708 -4.3561 -2.7378 -2.22783 -1.4405 -0.786754 -1.03318 -0.889172 -0.264126 0.0944481 0.107887 0.11433 0.126368 0.118571 0.0978314 -0.0365317 -0.178653 -0.417771 -1.92635 -2.86375 -4.2213 -2.62825
-9999 -9999 -9999 -9999 -9999 -9999 -9999 -9999 -9999 -7.09077 -5.33933 -2.93016 -1.96123 -0.413634 1.90959 3.05058 3.5958 3.58037 3.3553 2.66325 2.24563 1.42603 -0.0497986 -2.06656 -4.30817 -5.76929 -5.03397 -2.47222 -1.86353 -3.57963 -4.45257 -3.37598 -1.78567 0.571501 1.91676 2.09534 1.9701 1.51646 -0.1822 -2.23361 -2.22815 -1.20137 -2.06225 -3.06243 -2.51298 -2.61493 -3.455 -4.06606 -4.44073 -4.19994 -3.28142 -2.90128 -1.99172 -0.64967 -0.457308 -0.495315 0.0695894 0.0978468 0.111062 0.132473 0.132004 0.127168 0.110727 0.00114153 -0.245056 -1.24911 -2.12441 -3.3425 -3.49191 -2.06658
-9999 -9999 -9999 -9999 -9999 -9999 -9999 -9999 -9999 -8.36978 -6.30841 -4.05165 -1.93873 0.0601325 1.78002 1.90996 2.81546 2.81096 3.28365 3.14366 2.50163 1.81063 0.538409 -2.05118 -4.22963 -6.60522 -5.98523 -3.36692 -3.03376 -4.18227 -6.30011 -4.12243 -1.72022 0.456774 1.63372 0.70475 1.65031 1.5697 0.931777 -0.290241 -2.18886 -2.15429 -3.57694 -3.63957 -2.91002 -2.67343 -2.79532 -3.25417 -3.98375 -3.85473 -3.29677 -3.15422 -2.31822 -1.27691 -0.25898 -0.0877457 0.106519 0.114997 0.118289 0.134296 0.136533 0.115609 0.0639445 -0.0508921 -0.89283 -1.8941 -2.51046 -3.35899 -3.46092 -1.82053
