Test_Spring_2018/03_18/Temp/20180328_022.txt
ncols	170
nrows	115
xllcorner	350000.000000
yllcorner	4445000.000000
cellsize	1000.000000
nodata_value	-9999.000000
[rows 31 to 61 of 115, columns 71 to 141 of 170]
7.8812 8.11497 7.67924 7.72527 8.79278 9.03553 9.02335 8.94764 8.85118 8.35538 8.19135 7.80096 7.11116 6.82351 5.59445 1.61497 2.74511 3.18926 2.03855 2.68747 3.74144 2.83358 0.128936 -1.03185 -2.90521 -2.28797 -2.83586 -4.34103 -9999 -9999 -9999 -9999 -9999 -9999 -9999 -9999 -9999 -9999 -9999 -9999 -9999 -9999 -9999 -9999 -9999 -9999 -9999 -9999 -9999 -9999 -9999 -9999 -9999 -9999 -9999 -9999 -9999 -9999 -9999 -9999 -9999 -9999 -9999 -9999 -9999 -9999 -9999 -9999 -9999 -9999 -9999
7.65679 7.63177 7.212 7.86579 8.46808 8.12632 7.90008 8.89259 8.89582 8.56233 7.77467 7.4873 7.18911 7.0073 5.99574 3.15325 0.591288 1.96878 2.00505 1.05894 2.76784 1.87304 -0.469246 -3.77769 -1.96863 -2.42998 -4.74713 -5.30968 -9999 -9999 -9999 -9999 -9999 -9999 -9999 -9999 -9999 -9999 -9999 -9999 -9999 -9999 -9999 -9999 -9999 -9999 -9999 -9999 -9999 -9999 -9999 -9999 -9999 -9999 -9999 -9999 -9999 -9999 -9999 -9999 -9999 -9999 -9999 -9999 -9999 -9999 -9999 -9999 -9999 -9999 -9999
7.28921 7.07002 6.89064 7.86118 7.84303 7.80178 8.17271 8.79177 8.91715 8.78905 8.44723 8.15157 7.83678 7.03384 5.87645 3.44425 0.527755 -0.131182 1.3012 1.37378 1.60796 0.792608 -0.232292 -1.83832 -0.511497 0.00818591 -1.51468 -3.50976 -4.78635 -9999 -9999 -9999 -9999 -9999 -9999 -9999 -9999 -9999 -9999 -9999 -9999 -9999 -9999 -9999 -9999 -9999 -9999 -9999 -9999 -9999 -9999 -9999 -9999 -9999 -9999 -9999 -9999 -9999 -9999 -9999 -9999 -9999 -9999 -9999 -9999 -9999 -9999 -9999 -9999 -9999 -9999
6.73216 6.39918 5.46149 6.04712 6.48751 7.33044 7.55436 7.6795 8.83814 8.78021 8.7298 8.23947 7.84782 7.19694 6.0832 4.49644 2.58551 -0.743676 1.31451 2.92729 2.89038 2.80703 2.09033 0.547236 1.84921 1.91654 -0.0265648 -2.23832 -3.55314 -4.09336 -9999 -9999 -9999 -9999 -9999 -9999 -9999 -9999 -9999 -9999 -9999 -9999 -9999 -9999 -9999 -9999 -9999 -9999 -9999 -9999 -9999 -9999 -9999 -9999 -9999 -9999 -9999 -9999 -9999 -9999 -9999 -9999 -9999 -9999 -9999 -9999 -9999 -9999 -9999 -9999 -9999
5.95659 5.63594 4.49014 5.07932 5.86513 6.98766 7.58068 8.0267 8.37569 8.73142 8.69301 8.1912 6.70293 6.49277 6.43098 5.39406 3.215 1.03898 0.477746 2.9358 3.64232 3.50364 4.05667 2.75006 3.37593 3.12787 2.44588 0.319743 -1.63214 -2.44101 -4.04579 -9999 -9999 -9999 -9999 -9999 -9999 -9999 -9999 -9999 -9999 -9999 -9999 -9999 -9999 -9999 -9999 -9999 -9999 -9999 -9999 -9999 -9999 -9999 -9999 -9999 -9999 -9999 -9999 -9999 -9999 -9999 -9999 -9999 -9999 -9999 -9999 -9999 -9999 -9999 -9999
-9999 -9999 -9999 3.77185 4.85446 5.74285 6.84259 7.7857 8.25711 8.715 8.68178 7.67577 7.1851 7.14475 6.4662 5.26862 4.51799 3.14884 1.72246 2.2718 4.36865 3.44179 4.92938 4.80903 5.08711 4.10175 2.25419 -0.235216 -1.6812 -2.40436 -3.70386 -9999 -9999 -9999 -9999 -9999 -9999 -9999 -9999 -9999 -9999 -9999 -9999 -9999 -9999 -9999 -9999 -9999 -9999 -9999 -9999 -9999 -9999 -9999 -9999 -9999 -9999 -9999 -9999 -9999 -9999 -9999 -9999 -9999 -9999 -9999 -9999 -9999 -9999 -9999 -9999
-9999 -9999 -9999 -9999 4.66009 5.33848 6.78798 7.55958 7.86704 8.60358 8.60873 8.22969 7.94404 7.52793 6.98338 6.0838 5.09103 3.80324 3.68658 5.02859 5.04862 4.77288 4.99721 5.69012 5.51424 3.99583 1.36883 -0.0241378 -2.83851 -4.05061 -3.9203 -4.77862 -9999 -9999 -9999 -9999 -9999 -9999 -9999 -9999 -9999 -9999 -9999 -9999 -1.43381 -9999 -9999 -9999 -9999 -9999 -9999 -9999 -9999 -9999 -9999 -9999 -9999 -9999 -9999 -9999 -9999 -9999 -9999 -9999 -9999 -6.56589 -9999 -9999 -9999 -9999 -9999
-9999 -9999 -9999 4.51531 5.43354 6.14051 7.05099 7.1568 7.70691 8.55345 8.56941 8.3016 7.99817 7.31195 7.14364 6.63238 5.55402 5.33522 5.77567 5.98024 6.21221 6.35688 6.2471 5.97351 5.619 4.65829 3.43672 2.61915 0.0388827 -1.25739 -2.50883 -4.40636 -5.89025 -9999 -9999 -9999 -9999 -9999 -9999 -9999 -2.44068 -2.50887 -2.4724 -2.05218 -0.896999 -1.57072 -9999 -9999 -9999 -9999 -9999 -9999 -9999 -9999 -9999 -9999 -9999 -9999 -9999 -9999 -9999 -9999 -9999 -9999 -9999 -5.52975 -7.02744 -9999 -9999 -9999 -9999
-9999 -9999 -9999 4.77168 5.72576 6.20478 7.08977 7.5983 7.95186 8.2482 8.53117 8.48767 8.1515 7.63816 7.64364 6.93473 6.55329 6.28154 6.8761 6.9958 6.76128 6.46698 6.20789 5.46758 5.38718 5.17218 4.39974 3.12725 1.81568 -0.0606293 -2.63766 -5.16545 -7.20401 -9999 -9999 -9999 -9999 -9999 -9999 -2.23019 -1.27098 -0.695267 -1.9117 -0.867397 0.087627 -0.0610717 -0.963906 -9999 -9999 -9999 -9999 -9999 -9999 -9999 -9999 -9999 -9999 -9999 -9999 -9999 -9999 1.56712 0.0315204 -3.07084 -4.66062 -5.61405 -6.97567 -9999 -9999 -9999 -9999
-9999 -9999 -9999 4.5822 5.70882 6.47406 7.15416 7.26774 7.97148 8.28844 8.44238 8.42814 8.36376 8.27104 7.65251 7.38723 6.45095 7.34971 7.31758 7.09287 6.19695 5.81106 4.27228 3.59855 3.47275 4.77815 3.82666 1.83166 -0.664382 -3.65475 -3.83543 -4.8253 -6.64674 -9999 -9999 -9999 -9999 -9999 -9999 -1.93544 -0.909922 -0.0533703 0.0735317 -1.13534 0.559271 0.51344 -0.42933 -0.640556 0.138691 0.535157 0.256374 1.19003 1.4624 1.04505 1.50386 -9999 -9999 -9999 -9999 1.7756 1.83773 1.88484 1.24527 -2.14396 -4.45839 -6.53657 -6.72576 -9999 -9999 -9999 -9999
-9999 -9999 -9999 5.35716 6.05338 6.40874 6.47173 7.0834 7.70045 8.08743 8.3666 8.31503 8.29534 8.27367 8.06281 7.57081 7.6605 7.6217 7.33546 5.62633 3.63184 4.50616 3.32289 0.799976 2.87861 4.01977 2.94129 0.522805 -2.28305 -3.18587 -3.13275 -4.51134 -6.28714 -9999 -9999 -9999 -4.73918 -3.272 -3.14304 -2.7095 -1.34271 -0.30231 0.48319 1.01898 1.01682 0.461781 -0.460042 -1.46239 -1.10009 0.713315 1.15774 1.54705 1.82925 1.44176 1.64339 2.12719 2.37693 2.4272 2.31288 2.28648 2.32582 2.26807 1.67111 -1.35858 -3.0931 -4.19929 -6.42536 -9999 -9999 -9999 -9999
-9999 -9999 -9999 4.92291 5.5294 6.02217 6.84059 6.93265 7.44996 7.76451 8.22722 8.2811 7.75584 8.19334 8.13798 8.05706 7.8846 7.63183 6.18842 4.19923 2.20601 1.28829 1.69371 0.173249 0.972937 2.12946 1.71935 0.242948 -2.25551 -2.60047 -3.16707 -5.48304 -7.71962 -9999 -9999 -7.58337 -4.76971 -2.78848 -1.76613 -1.44873 -1.41714 -0.107065 -0.00233238 1.4089 1.09191 -0.764009 -0.550498 -1.26921 -0.795559 -0.128216 0.0571347 1.02312 1.94713 2.12121 2.1254 2.43327 2.4961 2.51178 2.50313 2.29372 2.38898 2.40359 2.03146 -0.165023 -1.23561 -2.41333 -6.40027 -9999 -9999 -9999 -9999
-9999 -9999 -9999 5.23346 5.91131 6.65328 6.77929 7.33075 7.28174 7.13833 7.90243 8.18963 7.81921 7.55229 8.04679 8.01263 7.94699 7.83911 6.4824 4.91305 2.53746 1.06351 0.17169 -0.46323 -1.3009 -0.702333 -0.873378 -1.10573 -0.818519 -1.49757 -2.85669 -4.21315 -6.75409 -8.1302 -9999 -7.43089 -6.16073 -3.80505 -1.80319 -0.532171 -0.988226 0.50096 0.778733 1.64758 1.14721 0.0232598 -0.458273 -0.497274 -0.641604 0.364626 1.04487 1.53153 1.85099 2.25119 2.35193 2.4527 2.49426 2.51642 2.53886 2.53302 2.52462 2.47998 2.34017 1.33049 0.263342 -2.04626 -6.27062 -9999 -9999 -9999 -9999
-9999 -9999 3.26104 5.15488 6.28781 6.73105 7.05306 7.3376 7.54523 7.76703 7.96958 8.10919 8.05758 7.07219 7.15273 7.32952 7.88872 7.84849 7.72611 6.86854 3.9773 2.98602 1.5341 -0.350887 -1.12626 -0.721135 0.840378 0.781365 -0.235906 -1.37121 -2.93833 -3.93685 -5.49554 -8.49122 -8.21879 -6.8648 -5.85771 -4.25695 -1.81049 -0.0954393 0.670181 0.96008 1.57051 1.88699 1.20052 0.550148 0.278248 -0.229206 -0.296741 -0.288313 0.321381 0.804217 1.85997 2.21459 2.37877 2.46083 2.50445 2.53577 2.56656 2.57672 2.55592 2.5567 2.54853 2.47577 1.05325 -2.51246 -5.19656 -9999 -9999 -9999 -9999
-9999 -9999 -9999 4.80598 5.30872 5.44609 5.68068 6.15262 6.69515 7.46469 7.56737 7.98918 7.99045 7.14424 6.16244 7.01657 7.35524 7.70665 7.71727 7.60776 5.18365 3.91685 2.92206 1.1154 1.78586 2.41817 2.47624 2.11199 -0.0800115 -2.26357 -4.77737 -7.13315 -7.24028 -8.50642 -7.82887 -6.93423 -4.63999 -3.02591 -2.37177 -1.90202 0.585026 1.2366 1.46159 2.1013 1.23676 1.02431 0.37681 0.575944 0.524037 0.532833 -1.26994 0.554048 0.663784 1.84694 2.38085 2.50247 2.5345 2.56846 2.57303 2.57894 2.57284 2.58445 2.56727 2.54487 1.61982 -2.89637 -5.16534 -9999 -9999 -9999 -9999
-9999 -9999 -9999 -9999 -9999 4.97829 5.36424 5.61436 6.04097 7.33604 7.6871 7.92091 7.94322 7.56583 6.59567 6.33876 6.51566 5.56683 6.36084 7.44925 7.42608 7.29998 5.16929 4.09013 5.15931 4.84845 3.25281 1.99951 0.762476 -1.79525 -3.65963 -6.36029 -8.38786 -8.45997 -6.21265 -4.34576 -2.02444 -1.00077 -1.5846 -0.953813 0.283881 1.68853 2.36933 2.21246 1.30098 1.18028 0.179314 1.17373 1.26394 0.809437 0.417031 0.586064 1.17317 1.39809 2.32347 2.54774 2.58834 2.59438 2.59706 2.59206 2.58599 2.57291 2.56261 2.54944 2.50791 -2.13444 -5.74766 -9999 -9999 -9999 -9999
-9999 -9999 -9999 -9999 -9999 4.08656 4.32508 4.93806 6.4989 7.32229 7.65586 7.64864 7.80317 7.53734 6.68261 5.80457 4.97564 3.90802 4.51943 6.13685 7.09301 7.20697 5.34033 6.33005 5.97559 5.26722 3.17721 1.64005 0.830366 -1.62447 -3.71969 -5.51375 -7.99528 -6.92665 -5.75176 -4.24498 -1.71177 -0.0037282 0.697387 0.108329 0.898632 2.51468 2.52601 1.64612 1.70757 1.1771 -0.19259 1.24479 1.65342 1.33432 1.42387 1.31346 1.53388 1.93227 2.31267 2.5653 2.59915 2.60255 2.59303 2.5914 2.59073 2.57182 2.57248 2.55916 2.53564 -0.460718 -5.81775 -9999 -9999 -9999 -9999
-9999 -9999 -9999 -9999 -9999 -9999 3.28376 4.67195 6.74132 7.26295 7.22123 7.6507 7.68992 7.281 6.92508 5.85901 4.40233 1.60589 2.31924 3.80836 5.95617 7.08861 6.94401 6.33182 5.25385 2.63084 0.337063 0.0688528 -0.29706 -2.08559 -3.69545 -5.69087 -4.52412 -3.24818 -1.85425 -1.1219 -1.31142 0.152128 1.34514 0.838014 1.8073 2.93885 2.42862 2.12872 1.87838 1.26414 1.23222 1.30304 2.12199 1.56532 1.91655 1.93601 1.91964 2.11464 2.33796 2.57171 2.60972 2.60939 2.61198 2.58344 2.5916 2.57708 2.56309 2.55065 2.53037 2.2597 -0.626473 -2.34958 -9999 -9999 -9999
-9999 -9999 -9999 -9999 -9999 -9999 2.01066 2.70686 5.15603 5.91975 7.0034 7.57979 7.60854 6.91722 6.53213 4.94394 4.42792 1.84093 0.671926 1.66848 1.29243 4.25002 6.8694 6.31557 1.05391 -0.844419 -2.19487 -1.83337 -1.81867 -2.30872 -5.06079 -5.81628 -3.33129 -1.76585 -0.553445 0.36554 0.557369 0.524988 2.3913 2.63971 3.24684 3.11623 3.17466 2.23506 1.65564 2.17253 1.59034 1.49582 2.34162 1.52037 2.27407 2.19668 1.97534 1.96603 2.46042 2.56091 2.61338 2.61548 2.59498 2.56848 2.55332 2.56816 2.55993 2.53225 2.53374 2.50747 2.16288 0.671 0.150856 0.731294 -9999
-9999 -9999 -9999 -9999 -9999 -9999 -9999 0.429432 3.82998 5.38985 6.20898 7.35934 7.49988 7.13601 6.46751 4.84932 3.42636 1.11398 -1.52598 -2.9193 1.27149 4.92109 6.83026 6.59503 2.21669 0.495631 0.426623 1.45807 0.608338 -0.0339941 -2.12153 -2.74277 -3.61056 -3.06743 -1.3766 0.00141444 1.32937 2.29424 2.37209 2.99777 3.36002 3.39078 3.50563 3.3978 3.3112 2.40871 3.04267 2.51521 2.80414 2.62775 2.46883 2.33843 1.82117 2.19139 2.51872 2.60342 2.62802 2.60769 2.60185 2.58635 2.55385 2.54028 2.53731 2.53379 2.5171 2.5173 2.49962 2.33339 1.43661 0.235935 -1.28112
-9999 -9999 -9999 -9999 -9999 -9999 -9999 -1.26624 2.11728 3.75386 5.85279 6.93774 7.37899 7.32115 6.77953 5.55004 3.70005 2.15942 -0.787483 -3.8463 0.552166 4.47678 6.59636 6.71685 3.04486 4.07793 3.26234 3.60657 2.10419 1.48572 1.00497 -0.074142 -1.25615 -2.54762 -3.23207 -0.140126 1.44712 2.72388 3.32535 3.66503 3.8345 3.74542 3.51804 2.14812 3.19824 3.14935 3.0502 2.93608 2.88376 2.78086 2.65842 2.59425 2.57053 2.22729 2.62058 2.60993 2.61517 2.61629 2.60476 2.58355 2.56453 2.54142 2.5413 2.52949 2.51586 2.50682 2.50038 2.49016 2.44209 2.20515 0.166895
-9999 -9999 -9999 -9999 -9999 -9999 -9999 -6.01205 -1.09302 2.87072 4.93601 6.62018 7.08206 7.25437 6.52824 5.98499 4.65909 3.40407 1.4685 -1.43029 -3.21308 0.0834221 4.87188 6.649 6.52717 6.42672 5.48132 4.63034 4.53143 4.60549 3.61924 2.17165 0.268098 -0.322617 -0.989587 1.3137 1.62609 1.45744 3.98827 3.99337 3.84906 2.88053 1.80018 2.0079 1.34479 1.86557 1.06993 1.81051 2.45147 2.69395 2.67901 2.60587 2.59839 2.56227 2.62809 2.62754 2.61651 2.60741 2.60165 2.59052 2.55916 2.54044 2.54912 2.52954 2.5136 2.50246 2.4987 2.49382 2.45827 2.42645 2.11446
-9999 -9999 -9999 -9999 -9999 -9999 -9999 -5.79531 -1.65209 1.85681 3.96685 5.9897 6.45952 7.14189 6.99462 6.42598 5.27378 3.83475 2.2422 -0.244276 -2.09068 0.114034 3.29766 5.57826 6.4089 6.4157 6.37016 6.16322 6.08991 5.84664 5.68303 4.64117 2.84497 1.8293 0.340606 2.90751 3.19561 2.79392 4.074 4.0092 2.07224 0.58332 0.398472 1.31233 0.450734 0.305119 -0.223401 0.388851 2.02249 1.55099 1.64931 2.39966 2.52371 2.59896 2.62109 2.61647 2.61288 2.59972 2.60054 2.60092 2.57026 2.55503 2.54661 2.51689 2.51303 2.49292 2.47642 2.46785 2.4489 2.41969 2.33185
-9999 -9999 -9999 -9999 -9999 -9999 -9999 -5.709 -2.9216 0.236172 3.34006 5.50024 6.37194 7.00642 6.99988 6.33927 5.7669 4.8653 3.46456 2.50505 0.838437 -1.44912 2.39828 3.58662 4.65341 5.11057 6.21545 6.19731 5.70336 5.14053 5.68742 5.53566 4.11267 3.64615 2.85584 4.28395 4.2876 4.24786 4.17098 2.53453 0.260217 -1.55728 -0.248411 -0.520387 0.0869128 -1.76715 -0.233447 1.00251 1.40639 0.579228 -0.038109 1.89457 2.20993 2.40073 2.52303 2.6032 2.58398 2.60316 2.59101 2.58418 2.57655 2.5585 2.54693 2.52875 2.51042 2.49606 2.48154 2.4596 2.42929 2.42841 2.38689
-9999 -9999 -9999 -9999 -9999 -9999 -9999 -9999 -4.55928 -0.551446 3.02098 5.01024 6.26129 6.87088 6.86024 6.5228 6.13452 5.57603 4.56614 3.29785 1.29307 -0.193416 0.758123 1.92347 2.0688 2.84435 5.07914 5.84757 4.77662 2.1269 3.70975 5.46899 5.44391 5.29677 5.13112 4.91865 4.72591 4.30329 3.17091 -0.29802 -0.981182 -2.34147 -2.18592 -2.88262 -1.35067 -1.91417 -0.344567 0.337778 0.597709 -0.846853 -0.526847 1.17224 1.84795 1.73787 2.15259 2.55104 2.56421 2.57532 2.56453 2.57215 2.57419 2.56638 2.54425 2.52982 2.51904 2.48913 2.48979 2.36061 2.27709 2.10797 2.31949
-9999 -9999 -9999 -9999 -9999 -9999 -9999 -9999 -5.34918 -1.35558 2.85126 4.20296 5.55183 6.71586 6.7393 6.22372 5.73364 5.2292 4.65524 3.11633 1.62481 0.201724 -0.272571 0.0203289 0.0178733 1.26704 4.17529 4.74381 4.51067 1.74699 0.809044 3.15742 5.13098 5.28858 5.11175 2.79423 3.289 2.03869 0.3426 -0.123872 -0.865857 -2.43423 -1.6778 -2.8257 -2.33104 -2.4504 -1.55824 -1.12152 -0.060619 -1.31954 -1.30006 0.367464 1.21217 1.23494 2.12074 2.43705 2.52025 2.54123 2.55597 2.55931 2.57255 2.5636 2.54976 2.53177 2.48892 2.38789 2.08114 0.40123 0.403608 0.864777 1.30163
-9999 -9999 -9999 -9999 -9999 -9999 -9999 -9999 -4.88883 -2.11675 1.61633 4.38172 4.55686 5.90166 6.59631 6.03589 5.40493 4.75969 4.479 2.80389 0.96417 -0.521047 -2.27919 -1.98403 -0.713289 1.37717 3.25736 3.59843 3.21675 1.74545 2.45455 4.05696 4.90889 5.1616 4.96635 4.46272 4.17196 3.2516 2.85305 1.57436 -0.425251 -1.21221 -0.71201 -2.83418 -2.68396 -1.89655 -2.71733 -1.33917 -0.678045 -2.30514 -1.00164 0.477722 1.23479 1.89666 2.21047 2.33597 2.52761 2.53292 2.54895 2.55739 2.55409 2.55333 2.52161 2.49519 2.31629 2.05289 0.488277 -0.162019 -0.0341704 0.689231 1.32302
-9999 -9999 -9999 -9999 -9999 -9999 -9999 -9999 -4.41795 -1.92186 1.31531 3.28762 3.6418 5.13323 6.45948 6.31286 5.65653 5.45797 4.77829 3.35794 1.78929 0.0749237 -0.756266 -2.6719 -0.776913 0.739111 2.33155 3.0793 1.87529 1.26361 2.3577 3.44496 3.88069 4.97782 4.96931 4.614 3.07688 2.32777 2.64575 2.32436 1.76092 0.385058 0.324987 -0.558033 -0.92266 -1.26671 -2.37747 -1.65785 -1.58345 -1.39034 0.17598 0.946566 1.45788 1.92286 2.04567 2.24808 2.5102 2.53348 2.54282 2.54134 2.5457 2.52576 2.45053 2.38693 2.02773 1.39255 0.208111 -1.70892 -0.356805 1.05732 1.46753
-9999 -9999 -9999 -9999 -9999 -9999 -9999 -9999 -4.84373 -2.19231 0.574756 1.73275 1.93083 4.62906 6.28176 6.28616 5.97596 5.61355 3.93145 4.03278 3.69875 2.15231 -0.101369 -2.57654 -2.33984 -0.849549 1.25811 1.95632 -0.0489742 -0.761679 -0.23127 1.4108 2.88061 4.41481 4.80579 4.35787 1.96454 -0.579104 0.602251 1.86443 1.85853 1.4897 0.214022 -0.189978 -0.55536 -1.48518 -3.0553 -2.81559 -2.37448 -0.601105 -0.0415864 0.821856 1.53904 1.27027 1.42905 2.11452 2.50786 2.52283 2.52973 2.54232 2.53272 2.50852 2.35947 2.2016 1.93725 0.282308 -0.747071 -2.2458 -0.502179 0.461315 0.965066
-9999 -9999 -9999 -9999 -9999 -9999 -9999 -9999 -5.6645 -3.73963 -1.09465 -0.0274547 1.67328 4.22336 5.47842 6.08091 6.06941 5.82849 5.07639 4.62527 3.73434 2.12519 -0.0758877 -2.52268 -4.1141 -3.29933 -0.458617 0.220444 -1.63512 -2.58267 -1.39534 0.354163 2.943 4.42285 4.62418 4.49206 3.99959 2.14286 -0.100783 -0.0920206 1.03502 0.0942574 -0.999252 -0.395542 -0.505319 -1.42349 -2.09071 -2.48517 -2.23185 -1.21345 -0.796353 0.200664 1.67142 1.88289 1.84195 2.46121 2.49247 2.50697 2.53012 2.52895 2.52263 2.50323 2.38147 2.10978 1.00776 0.0465877 -1.29015 -1.45642 0.0943155 0.759235 1.39102
-9999 -9999 -9999 -9999 -9999 -9999 -9999 -9999 -7.07696 -4.81271 -2.33472 -0.0145635 2.18043 4.06969 4.21736 5.2145 5.21498 5.73832 5.59085 4.89387 4.14368 2.75736 -0.0713727 -2.44929 -5.0427 -4.3547 -1.46612 -1.06034 -2.30999 -4.62165 -2.22885 0.409369 2.80037 4.09545 3.08335 4.12381 4.03978 3.34482 2.00966 -0.0669591 -0.0264652 -1.58229 -1.64865 -0.847446 -0.586216 -0.717613 -1.21804 -2.0126 -1.87016 -1.2472 -1.09055 -0.174348 0.966707 2.08209 2.27001 2.48302 2.49236 2.4958 2.51291 2.51465 2.49073 2.43282 2.30541 1.38133 0.282465 -0.395033 -1.327 -1.44134 0.343886 1.04611 1.44269
