Test_Spring_2018/03_18/Temp/20180327_023.txt
ncols	170
nrows	115
xllcorner	350000.000000
yllcorner	4445000.000000
cellsize	1000.000000
nodata_value	-9999.000000
[rows 32 to 63 of 115, columns 71 to 141 of 170]
8.35505 8.33684 7.95297 8.56264 9.12448 8.79294 8.57526 9.49613 9.50229 9.19697 8.47146 8.20921 7.93706 7.7727 6.84029 4.21299 1.84514 3.12343 3.15984 2.28645 3.87006 3.04304 0.875596 -2.18671 -0.512626 -0.940521 -3.11121 -3.64547 -9999 -9999 -9999 -9999 -9999 -9999 -9999 -9999 -9999 -9999 -9999 -9999 -9999 -9999 -9999 -9999 -9999 -9999 -9999 -9999 -9999 -9999 -9999 -9999 -9999 -9999 -9999 -9999 -9999 -9999 -9999 -9999 -9999 -9999 -9999 -9999 -9999 -9999 -9999 -9999 -9999 -9999 -9999
8.01247 7.81465 7.65344 8.55643 8.54411 8.49428 8.82574 9.40093 9.5202 9.405 9.09214 8.82215 8.53456 7.79518 6.72768 4.48008 1.78402 1.17734 2.50608 2.57573 2.79447 2.04122 1.09348 -0.392666 0.835451 1.31609 -0.109439 -1.97936 -3.17563 -9999 -9999 -9999 -9999 -9999 -9999 -9999 -9999 -9999 -9999 -9999 -9999 -9999 -9999 -9999 -9999 -9999 -9999 -9999 -9999 -9999 -9999 -9999 -9999 -9999 -9999 -9999 -9999 -9999 -9999 -9999 -9999 -9999 -9999 -9999 -9999 -9999 -9999 -9999 -9999 -9999 -9999
7.49486 7.19178 6.32873 6.87551 7.28768 8.0452 8.25072 8.36967 9.44536 9.39511 9.35196 8.90174 8.54297 7.9443 6.91719 5.45215 3.68689 0.608601 2.51668 4.0121 3.98006 3.90457 3.24233 1.81469 3.02008 3.08231 1.25599 -0.815944 -2.03348 -2.53375 -9999 -9999 -9999 -9999 -9999 -9999 -9999 -9999 -9999 -9999 -9999 -9999 -9999 -9999 -9999 -9999 -9999 -9999 -9999 -9999 -9999 -9999 -9999 -9999 -9999 -9999 -9999 -9999 -9999 -9999 -9999 -9999 -9999 -9999 -9999 -9999 -9999 -9999 -9999 -9999 -9999
6.77533 6.48369 5.42802 5.97807 6.70995 7.74035 8.27796 8.68953 9.01576 9.34837 9.31632 8.85547 7.48164 7.29093 7.23757 6.28154 4.26817 2.25738 1.74098 4.01892 4.67517 4.54859 5.0618 3.8532 4.43293 4.20337 3.55786 1.56373 -0.254689 -1.00346 -2.48856 -9999 -9999 -9999 -9999 -9999 -9999 -9999 -9999 -9999 -9999 -9999 -9999 -9999 -9999 -9999 -9999 -9999 -9999 -9999 -9999 -9999 -9999 -9999 -9999 -9999 -9999 -9999 -9999 -9999 -9999 -9999 -9999 -9999 -9999 -9999 -9999 -9999 -9999 -9999 -9999
-9999 -9999 -9999 4.76641 5.7605 6.58653 7.5936 8.46513 8.90462 9.33176 9.30449 8.37695 7.92657 7.89311 7.26897 6.16435 5.47331 4.20952 2.89246 3.40378 5.34706 4.49102 5.86935 5.75883 6.01666 5.10464 3.36853 1.05071 -0.299464 -0.968849 -2.1713 -9999 -9999 -9999 -9999 -9999 -9999 -9999 -9999 -9999 -9999 -9999 -9999 -9999 -9999 -9999 -9999 -9999 -9999 -9999 -9999 -9999 -9999 -9999 -9999 -9999 -9999 -9999 -9999 -9999 -9999 -9999 -9999 -9999 -9999 -9999 -9999 -9999 -9999 -9999 -9999
-9999 -9999 -9999 -9999 5.57931 6.21069 7.55557 8.2547 8.54234 9.22734 9.23558 8.88841 8.62789 8.24675 7.74679 6.91819 6.00322 4.81493 4.71035 5.95553 5.97655 5.72325 5.93227 6.57447 6.412 4.99277 2.54929 1.25913 -1.3701 -2.49215 -2.37115 -3.16474 -9999 -9999 -9999 -9999 -9999 -9999 -9999 -9999 -9999 -9999 -9999 -9999 -0.0346656 -9999 -9999 -9999 -9999 -9999 -9999 -9999 -9999 -9999 -9999 -9999 -9999 -9999 -9999 -9999 -9999 -9999 -9999 -9999 -9999 -4.73148 -9999 -9999 -9999 -9999 -9999
-9999 -9999 -9999 5.45233 6.29434 6.95172 7.79739 7.88532 8.39304 9.17979 9.19802 8.95386 8.677 8.04602 7.89453 7.42562 6.43167 6.23312 6.64441 6.83689 7.05417 7.19002 7.0897 6.83714 6.5091 5.59557 4.46371 3.70578 1.30463 0.0936371 -1.06447 -2.82 -4.19203 -9999 -9999 -9999 -9999 -9999 -9999 -9999 -0.974005 -1.03427 -0.998066 -0.607096 0.463747 -0.158691 -9999 -9999 -9999 -9999 -9999 -9999 -9999 -9999 -9999 -9999 -9999 -9999 -9999 -9999 -9999 -9999 -9999 -9999 -9999 -3.77248 -5.15177 -9999 -9999 -9999 -9999
-9999 -9999 -9999 5.67803 6.56399 7.01004 7.83179 8.30509 8.6188 8.89619 9.16157 9.12511 8.8181 8.34737 8.35703 7.70547 7.35692 7.10963 7.66381 7.77789 7.56344 7.29295 7.05429 6.36948 6.29484 6.07213 5.35546 4.17593 2.9604 1.20149 -1.18384 -3.52284 -5.40826 -9999 -9999 -9999 -9999 -9999 -9999 -0.78069 0.110555 0.646382 -0.47717 0.491335 1.37665 1.23984 0.387099 -9999 -9999 -9999 -9999 -9999 -9999 -9999 -9999 -9999 -9999 -9999 -9999 -9999 -9999 2.76811 1.35366 -1.51093 -2.97538 -3.85079 -5.10405 -9999 -9999 -9999 -9999
-9999 -9999 -9999 5.50242 6.54771 7.2583 7.89 7.99738 8.64743 8.93245 9.07839 9.06914 9.01389 8.93276 8.36515 8.1246 7.26283 8.09933 8.0737 7.86915 7.04256 6.68722 5.26386 4.64037 4.50223 5.70845 4.82539 2.97642 0.663905 -2.1155 -2.29295 -3.20857 -4.89302 -9999 -9999 -9999 -9999 -9999 -9999 -0.506269 0.446587 1.24248 1.36235 0.245109 1.81474 1.75643 0.883574 0.687673 1.40857 1.7753 1.50458 2.36838 2.62274 2.23934 2.66762 -9999 -9999 -9999 -9999 2.94618 3.01043 3.06103 2.47617 -0.653759 -2.78879 -4.70516 -4.87724 -9999 -9999 -9999 -9999
-9999 -9999 -9999 6.21978 6.86624 7.197 7.25707 7.82508 8.39465 8.74545 9.00292 8.95962 8.94633 8.93158 8.74194 8.29209 8.38047 8.34951 8.0889 6.51046 4.667 5.47804 4.38661 2.04362 3.95417 5.00762 4.00625 1.76454 -0.835461 -1.6828 -1.64327 -2.91889 -4.56269 -9999 -9999 -9999 -3.11468 -1.75178 -1.62765 -1.22189 0.0472037 1.01354 1.74351 2.24103 2.22937 1.71088 0.856732 -0.0721814 0.262019 1.93956 2.35028 2.69767 2.96068 2.60458 2.79223 3.24443 3.48064 3.53282 3.43318 3.41535 3.45869 3.41238 2.8671 0.0722311 -1.52582 -2.54231 -4.594 -9999 -9999 -9999 -9999
-9999 -9999 -9999 5.81633 6.37948 6.83721 7.59096 7.67791 8.15886 8.4493 8.87323 8.92775 8.44681 8.85748 8.81222 8.74334 8.58949 8.36084 7.02937 5.19182 3.3495 2.50161 2.87136 1.46294 2.19032 3.25759 2.87557 1.50075 -0.815012 -1.13681 -1.67093 -3.82132 -5.88976 -9999 -9999 -5.75231 -3.1428 -1.3036 -0.352061 -0.0534107 -0.0199241 1.19618 1.29569 2.6036 2.30198 0.579389 0.775808 0.107348 0.543814 1.15507 1.3257 2.2092 3.06505 3.22878 3.23609 3.52534 3.58854 3.6088 3.60714 3.42012 3.51546 3.53638 3.19944 1.17388 0.190454 -0.895588 -4.57374 -9999 -9999 -9999 -9999
-9999 -9999 -9999 6.09796 6.72656 7.4145 7.53247 8.04454 8.00143 7.86798 8.57873 8.8427 8.50543 8.2645 8.72869 8.70356 8.64904 8.55485 7.30389 5.85506 3.65877 2.29583 1.46528 0.875972 0.082633 0.632743 0.470385 0.251443 0.513848 -0.117904 -1.38563 -2.64137 -4.99738 -6.26811 -9999 -5.61166 -4.43039 -2.24408 -0.385391 0.796368 0.37879 1.76086 2.02057 2.81901 2.35563 1.31014 0.857065 0.818858 0.683161 1.61265 2.23823 2.67806 2.97484 3.3468 3.44329 3.54075 3.58428 3.61063 3.63792 3.63955 3.63921 3.60555 3.48392 2.55712 1.57421 -0.556145 -4.45423 -9999 -9999 -9999 -9999
-9999 -9999 4.27919 6.02556 7.0749 7.48589 7.78488 8.04957 8.24357 8.44848 8.63936 8.77295 8.7261 7.82057 7.90205 8.07266 8.59693 8.5657 8.4575 7.6676 4.99397 4.07377 2.72409 0.976716 0.246053 0.616299 2.05685 1.9976 1.05184 -0.00244168 -1.46224 -2.38787 -3.82958 -6.60357 -6.34697 -5.08829 -4.15004 -2.66201 -0.391312 1.20187 1.91542 2.18758 2.74975 3.04325 2.4017 1.79421 1.53993 1.06739 1.00205 1.00722 1.56936 2.00601 2.98096 3.311 3.46563 3.5457 3.59115 3.6261 3.66129 3.67797 3.6664 3.67505 3.67553 3.61393 2.30489 -0.988109 -3.46078 -9999 -9999 -9999 -9999
-9999 -9999 -9999 5.70281 6.16839 6.29587 6.51362 6.9515 7.45531 8.16728 8.26596 8.66093 8.66731 7.88772 6.98629 7.78429 8.1048 8.43639 8.45148 8.35409 6.10701 4.93392 4.01117 2.33573 2.94305 3.52287 3.57109 3.22864 1.1949 -0.830213 -3.16633 -5.3475 -5.44575 -6.61609 -5.98704 -5.15318 -3.02309 -1.52229 -0.91018 -0.469295 1.83794 2.44134 2.64725 3.23899 2.43721 2.23464 1.63209 1.81295 1.76141 1.76628 0.0947456 1.77274 1.87435 2.97067 3.46542 3.58188 3.61665 3.65415 3.66524 3.67819 3.68045 3.69937 3.69013 3.67727 2.82881 -1.34382 -3.43234 -9999 -9999 -9999 -9999
-9999 -9999 -9999 -9999 -9999 5.86217 6.21977 6.45216 6.84856 8.04705 8.37571 8.59681 8.62308 8.28015 7.38801 7.15792 7.32898 6.45726 7.19634 8.20562 8.18508 8.06754 6.09298 5.08259 6.06661 5.77283 4.28978 3.1239 1.97364 -0.398219 -2.13325 -4.63382 -6.50975 -6.57404 -4.48988 -2.75776 -0.602283 0.352369 -0.181083 0.409158 1.55605 2.85857 3.48953 3.3437 2.49812 2.38015 1.44994 2.36643 2.44593 2.02144 1.65489 1.80095 2.34411 2.55321 3.41194 3.623 3.6646 3.67636 3.68584 3.68886 3.69134 3.68664 3.68517 3.68099 3.65045 -0.638884 -3.97176 -9999 -9999 -9999 -9999
-9999 -9999 -9999 -9999 -9999 5.03596 5.25697 5.82514 7.27139 8.03338 8.34595 8.34409 8.49294 8.25348 7.46951 6.66406 5.90427 4.92208 5.49253 6.99229 7.8781 7.98255 6.25213 7.15663 6.82255 6.16047 4.21951 2.79057 2.03562 -0.241234 -2.18992 -3.85141 -6.14756 -5.15591 -4.06432 -2.66414 -0.313057 1.27529 1.93106 1.3909 2.12639 3.62458 3.63578 2.82055 2.87533 2.37786 1.10605 2.43223 2.80614 2.50666 2.5859 2.47326 2.67681 3.04632 3.4005 3.63775 3.67383 3.68275 3.68103 3.68727 3.69446 3.68509 3.69386 3.6896 3.67579 0.910086 -4.03697 -9999 -9999 -9999 -9999
-9999 -9999 -9999 -9999 -9999 -9999 4.29213 5.57789 7.49491 7.97768 7.943 8.3455 8.38773 8.01595 7.6938 6.71457 5.37361 2.79136 3.45613 4.83707 6.82581 7.87289 7.73633 7.158 6.15411 3.71972 1.59007 1.33567 0.991448 -0.668668 -2.16805 -4.01589 -2.93506 -1.75147 -0.457079 0.226325 0.0575054 1.41946 2.5305 2.06659 2.96777 4.0175 3.5459 3.26747 3.0336 2.45851 2.42488 2.48604 3.23964 2.72016 3.04152 3.04909 3.03339 3.21459 3.42335 3.64312 3.68304 3.68871 3.69814 3.67942 3.69498 3.68969 3.68492 3.6815 3.67069 3.42797 0.767986 -0.818874 -9999 -9999 -9999
-9999 -9999 -9999 -9999 -9999 -9999 3.1127 3.75807 6.0268 6.73373 7.74085 8.27945 8.31207 7.67894 7.32906 5.86663 5.39646 3.0083 1.92998 2.85494 2.5075 5.24402 7.66595 7.14164 2.26539 0.50198 -0.754297 -0.425609 -0.41731 -0.875326 -3.43187 -4.13186 -1.83074 -0.379135 0.747241 1.60337 1.78683 1.76424 3.49869 3.73355 4.29948 4.18092 4.23573 3.36524 2.82684 3.29885 2.75599 2.66423 3.44282 2.67856 3.37259 3.29052 3.08518 3.07735 3.53706 3.63352 3.68683 3.69459 3.68268 3.66592 3.65961 3.68145 3.68196 3.66439 3.6737 3.65717 3.34976 1.97691 1.50331 2.04822 -9999
-9999 -9999 -9999 -9999 -9999 -9999 -9999 1.64914 4.7987 6.24263 7.00503 8.07498 8.2111 7.87789 7.26729 5.77738 4.4675 2.33333 -0.105364 -1.39446 2.48535 5.86257 7.62734 7.39801 3.33981 1.74093 1.67125 2.62052 1.82911 1.23054 -0.710779 -1.28627 -2.08842 -1.58304 -0.015746 1.26458 2.50091 3.40116 3.47993 4.06496 4.40249 4.43331 4.54044 4.44002 4.35801 3.51642 4.09959 3.60743 3.8709 3.70389 3.55351 3.42242 2.9434 3.28704 3.59224 3.67415 3.70111 3.68841 3.68998 3.68329 3.66131 3.65591 3.66118 3.66587 3.65826 3.66617 3.66141 3.51557 2.69333 1.58959 0.192796
-9999 -9999 -9999 -9999 -9999 -9999 -9999 0.0786141 3.21268 4.72763 6.67476 7.68142 8.09312 8.04735 7.55388 6.42343 4.71798 3.2979 0.574902 -2.25309 1.81947 5.44762 7.40752 7.51592 4.10384 5.05492 4.29486 4.60866 3.21376 2.63786 2.18396 1.18496 0.0921456 -1.1038 -1.73518 1.13315 2.60913 3.79772 4.36084 4.68087 4.8423 4.76189 4.54949 3.28109 4.25162 4.20047 4.10555 3.9965 3.94463 3.84616 3.73004 3.66033 3.63848 3.32198 3.687 3.681 3.69092 3.69798 3.69415 3.68199 3.67229 3.65907 3.6652 3.66203 3.65713 3.6564 3.66212 3.66064 3.62396 3.41228 1.53307
-9999 -9999 -9999 -9999 -9999 -9999 -9999 -4.31535 0.240298 3.90516 5.82175 7.38156 7.81609 7.98299 7.31834 6.82269 5.602 4.44599 2.65892 -0.0210266 -1.6693 1.38147 5.81286 7.44969 7.3241 7.22679 6.34738 5.55565 5.46058 5.52637 4.60472 3.25978 1.50003 0.952416 0.3403 2.47826 2.77377 2.62401 4.9726 4.98261 4.85338 3.96011 2.96014 3.15285 2.53373 3.01031 2.2713 2.95403 3.54452 3.76639 3.75041 3.67246 3.66397 3.63228 3.69586 3.69942 3.69425 3.69176 3.6931 3.69004 3.66868 3.65926 3.67532 3.66234 3.6552 3.65227 3.66061 3.66399 3.63887 3.61706 3.33577
-9999 -9999 -9999 -9999 -9999 -9999 -9999 -4.12061 -0.286667 2.96534 4.91709 6.79558 7.23713 7.87575 7.74646 7.22689 6.16659 4.83996 3.37021 1.07188 -0.635156 1.40647 4.35127 6.46076 7.2168 7.21403 7.16846 6.97373 6.89723 6.67011 6.50988 5.54664 3.88027 2.94419 1.57116 3.95272 4.22529 3.85936 5.04981 4.99478 3.20601 1.83097 1.66197 2.50608 1.70822 1.56823 1.07273 1.63737 3.14744 2.70763 2.79695 3.48081 3.59668 3.66788 3.69157 3.69144 3.69315 3.68679 3.69404 3.7014 3.68041 3.67393 3.67389 3.65415 3.65465 3.64346 3.64033 3.63991 3.63011 3.61073 3.53696
-9999 -9999 -9999 -9999 -9999 -9999 -9999 -4.04347 -1.46353 1.46356 4.33431 6.33967 7.15285 7.74672 7.74726 7.14212 6.61814 5.7887 4.49634 3.61142 2.07095 -0.0452696 3.51627 4.61307 5.58806 6.00339 7.02295 7.00324 6.54361 6.00789 6.5145 6.36771 5.05351 4.62558 3.89868 5.22575 5.23458 5.20323 5.13723 3.62711 1.52587 -0.15337 1.06034 0.80987 1.36875 -0.352204 1.0658 2.20789 2.57973 1.80879 1.23639 3.01462 3.30714 3.4863 3.60291 3.68136 3.66859 3.69206 3.68711 3.68757 3.68762 3.67826 3.67503 3.66573 3.65627 3.64615 3.64503 3.63253 3.61359 3.62044 3.58908
-9999 -9999 -9999 -9999 -9999 -9999 -9999 -9999 -2.98309 0.722313 4.03408 5.88099 7.045 7.61547 7.61182 7.3054 6.95143 6.43923 5.50838 4.33743 2.48383 1.10908 1.9902 3.06514 3.18684 3.90254 5.96892 6.67822 5.68537 3.22185 4.67775 6.3079 6.28736 6.15466 6.0055 5.81198 5.63861 5.25244 4.20906 1.00247 0.375024 -0.881128 -0.734993 -1.37853 0.0357206 -0.490729 0.961173 1.59157 1.83093 0.492745 0.776 2.34809 2.97534 2.87601 3.26326 3.63501 3.6522 3.66811 3.66426 3.67788 3.68664 3.6865 3.67431 3.66832 3.66573 3.64049 3.65384 3.54206 3.47249 3.32363 3.52703
-9999 -9999 -9999 -9999 -9999 -9999 -9999 -9999 -3.7263 -0.0254468 3.87335 5.12982 6.38401 7.46727 7.49473 7.02304 6.57453 6.11216 5.58474 4.16339 2.78512 1.46945 1.03131 1.30273 1.28422 2.4392 5.12987 5.655 5.43845 2.85873 1.99173 4.16742 5.99694 6.14622 5.9865 3.84568 4.30821 3.15545 1.58989 1.16214 0.478853 -0.969963 -0.267552 -1.32852 -0.869741 -0.98953 -0.164068 0.239652 1.22111 0.055451 0.0606468 1.60384 2.38792 2.41187 3.23536 3.53239 3.61429 3.63916 3.65875 3.66819 3.6871 3.68572 3.67996 3.67046 3.638 3.5517 3.26959 1.72807 1.73801 2.17259 2.58464
-9999 -9999 -9999 -9999 -9999 -9999 -9999 -9999 -3.3039 -0.733807 2.72627 5.29101 5.45842 6.70862 7.35701 6.84348 6.26431 5.67146 5.41549 3.86818 2.16787 0.795078 -0.830911 -0.556784 0.619968 2.5377 4.2776 4.59299 4.23968 2.85553 3.51344 4.99885 5.79022 6.02747 5.85052 5.38844 5.12356 4.27592 3.91111 2.73133 0.883825 0.158279 0.623608 -1.33896 -1.19869 -0.469088 -1.23884 0.0368956 0.648927 -0.856922 0.334848 1.70617 2.40947 3.02525 3.31946 3.43995 3.62223 3.63253 3.65319 3.66719 3.67062 3.67662 3.65413 3.63666 3.47813 3.24143 1.80031 1.2062 1.3323 2.00966 2.60405
-9999 -9999 -9999 -9999 -9999 -9999 -9999 -9999 -2.87205 -0.55753 2.44333 4.27371 4.60653 5.99213 7.22483 7.09405 6.49121 6.31172 5.68645 4.37511 2.92597 1.34145 0.57396 -1.19772 0.557473 1.94359 3.41787 4.11039 2.97227 2.40746 3.42204 4.43081 4.83699 5.85583 5.8516 5.52662 4.10785 3.41848 3.71671 3.42287 2.90464 1.63399 1.58081 0.765413 0.429405 0.112044 -0.926191 -0.259521 -0.19007 -0.0135844 1.42436 2.13997 2.61607 3.04981 3.16736 3.35911 3.60662 3.6335 3.64788 3.65257 3.66295 3.65106 3.58817 3.53618 3.21066 2.62977 1.54052 -0.226355 1.03299 2.34976 2.74349
-9999 -9999 -9999 -9999 -9999 -9999 -9999 -9999 -3.27041 -0.812228 1.75329 2.82967 3.01772 5.5201 7.0547 7.0635 6.78091 6.44971 4.89664 4.99396 4.6879 3.25917 1.17543 -1.11367 -0.892882 0.475815 2.42135 3.06861 1.18844 0.530486 1.02358 2.54607 3.9095 5.33289 5.69836 5.28752 3.07606 0.725463 1.82271 2.99456 2.99235 2.65386 1.47557 1.10373 0.767241 -0.0920481 -1.54887 -1.33275 -0.923472 0.701993 1.2221 2.02391 2.69077 2.44547 2.5964 3.23533 3.60429 3.62344 3.63549 3.65312 3.6505 3.63458 3.50329 3.36399 3.12623 1.60141 0.655691 -0.71836 0.897556 1.79728 2.27089
-9999 -9999 -9999 -9999 -9999 -9999 -9999 -9999 -4.03454 -2.24902 0.203288 1.19539 2.77409 5.13909 6.30542 6.86767 6.86149 6.64275 5.9506 5.53675 4.71546 3.22904 1.19438 -1.06801 -2.5389 -1.78275 0.829262 1.44582 -0.282527 -1.15755 -0.056156 1.56592 3.96522 5.33831 5.5282 5.4096 4.95754 3.24266 1.16955 1.18116 2.22762 1.35976 0.350167 0.911211 0.811485 -0.0368186 -0.653089 -1.02864 -0.796317 0.133775 0.522248 1.44785 2.81234 3.01164 2.97774 3.55539 3.58919 3.60787 3.63492 3.63978 3.64015 3.62865 3.52261 3.27795 2.26485 1.38223 0.152063 0.00537724 1.4486 2.07876 2.6646
-9999 -9999 -9999 -9999 -9999 -9999 -9999 -9999 -5.34645 -3.24698 -0.949452 1.2022 3.23817 4.99129 5.13244 6.05989 6.06476 6.55349 6.42113 5.77989 5.08916 3.80931 1.19404 -1.00423 -3.40219 -2.763 -0.0992532 0.244609 -0.910014 -3.04745 -0.83007 1.61475 3.83101 5.03309 4.09979 5.06654 4.99249 4.35295 3.12074 1.20205 1.24279 -0.194348 -0.25312 0.490818 0.734611 0.61468 0.15292 -0.585586 -0.463303 0.100906 0.248375 1.09922 2.15856 3.19454 3.37247 3.57405 3.58753 3.59595 3.61739 3.62494 3.60902 3.5619 3.45068 2.60221 1.59212 0.972163 0.116756 0.0182379 1.68454 2.34343 2.71171
-9999 -9999 -9999 -9999 -9999 -9999 -9999 -9999 -9999 -3.46678 -1.09354 0.664161 1.14194 2.70082 3.54534 4.20019 4.35 6.20738 6.31536 5.91099 5.27701 4.18633 2.20322 0.823167 -1.4767 -3.12828 -2.45276 -2.13294 -1.51901 -1.69359 -0.70196 1.6475 4.09504 4.36649 2.81981 3.05453 3.38405 4.11645 3.75199 1.13598 -0.191075 -1.29208 -0.503126 0.326422 0.529767 0.573088 0.416925 0.230116 -0.0892727 1.01867 1.83948 2.03261 2.74912 3.27937 3.42904 3.54314 3.56154 3.58039 3.58591 3.56075 3.54413 3.41779 3.12767 2.17787 -0.114428 -0.00131965 -0.244112 -0.953227 0.66458 1.68688 2.60592
-9999 -9999 -9999 -9999 -9999 -9999 -9999 -9999 -9999 -4.26004 -1.51522 -0.93066 -0.967606 -1.86835 -1.44492 1.92262 2.60547 4.387 6.07418 5.95661 5.33477 4.31471 3.13595 1.30776 -1.27949 -3.3342 -4.20579 -1.98774 0.192754 0.647231 1.34728 2.7888 3.06672 1.48586 0.00366773 0.843466 1.35119 3.27211 3.62642 3.2584 1.68376 -0.117453 -1.056 0.0599471 0.211951 0.281813 0.297952 0.258767 0.213644 1.46058 2.15293 2.63434 2.89821 3.35385 3.47362 3.51508 3.55465 3.55151 3.53346 3.46755 3.39202 3.04046 2.61374 1.05427 -0.244945 -1.05298 -2.08028 0.253248 0.94522 1.90898 2.52892
