Test_Spring_2018/03_18/Temp/20180311_014.txt
ncols	170
nrows	115
xllcorner	350000.000000
yllcorner	4445000.000000
cellsize	1000.000000
nodata_value	-9999.000000
[rows 32 to 63 of 115, columns 72 to 143 of 170]
16.511 16.4849 16.5623 16.6342 16.5884 16.565 16.6639 16.6774 16.6587 16.5964 16.5831 16.5692 16.5671 16.4849 16.2258 15.994 16.1436 16.1634 16.0878 16.2691 16.198 15.9864 15.6808 15.8703 15.8397 15.6043 15.559 -9999 -9999 -9999 -9999 -9999 -9999 -9999 -9999 -9999 -9999 -9999 -9999 -9999 -9999 -9999 -9999 -9999 -9999 -9999 -9999 -9999 -9999 -9999 -9999 -9999 -9999 -9999 -9999 -9999 -9999 -9999 -9999 -9999 -9999 -9999 -9999 -9999 -9999 -9999 -9999 -9999 -9999 -9999 -9999 -9999
16.4559 16.4532 16.5614 16.5735 16.5667 16.5909 16.6538 16.6793 16.6806 16.6617 16.6476 16.6322 16.5698 16.4735 16.254 15.9878 15.9402 16.095 16.118 16.1565 16.093 16.0089 15.8682 16.0112 16.0757 15.9324 15.7328 15.6074 -9999 -9999 -9999 -9999 -9999 -9999 -9999 -9999 -9999 -9999 -9999 -9999 -9999 -9999 -9999 -9999 -9999 -9999 -9999 -9999 -9999 -9999 -9999 -9999 -9999 -9999 -9999 -9999 -9999 -9999 -9999 -9999 -9999 -9999 -9999 -9999 -9999 -9999 -9999 -9999 -9999 -9999 -9999 -9999
16.3907 16.3146 16.3855 16.442 16.5065 16.5207 16.5459 16.6714 16.6796 16.6889 16.656 16.6331 16.5855 16.4934 16.3557 16.1869 15.8807 16.0961 16.2682 16.2804 16.2878 16.2335 16.0989 16.2395 16.2602 16.0706 15.8388 15.7266 15.6896 -9999 -9999 -9999 -9999 -9999 -9999 -9999 -9999 -9999 -9999 -9999 -9999 -9999 -9999 -9999 -9999 -9999 -9999 -9999 -9999 -9999 -9999 -9999 -9999 -9999 -9999 -9999 -9999 -9999 -9999 -9999 -9999 -9999 -9999 -9999 -9999 -9999 -9999 -9999 -9999 -9999 -9999 -9999
16.317 16.2206 16.2917 16.3815 16.4872 16.5346 16.5793 16.6264 16.6745 16.6849 16.6509 16.5218 16.5169 16.5267 16.4423 16.2475 16.0531 16.0149 16.2689 16.353 16.355 16.4237 16.3119 16.3869 16.3771 16.3183 16.1031 15.9122 15.8491 15.7093 -9999 -9999 -9999 -9999 -9999 -9999 -9999 -9999 -9999 -9999 -9999 -9999 -9999 -9999 -9999 -9999 -9999 -9999 -9999 -9999 -9999 -9999 -9999 -9999 -9999 -9999 -9999 -9999 -9999 -9999 -9999 -9999 -9999 -9999 -9999 -9999 -9999 -9999 -9999 -9999 -9999 -9999
-9999 -9999 16.1652 16.2674 16.3582 16.4632 16.5557 16.6144 16.6723 16.6831 16.6003 16.5678 16.5794 16.5295 16.4297 16.3733 16.2571 16.1352 16.2045 16.4233 16.349 16.5081 16.5111 16.5523 16.4708 16.2844 16.0493 15.907 15.852 15.7416 -9999 -9999 -9999 -9999 -9999 -9999 -9999 -9999 -9999 -9999 -9999 -9999 -9999 -9999 -9999 -9999 -9999 -9999 -9999 -9999 -9999 -9999 -9999 -9999 -9999 -9999 -9999 -9999 -9999 -9999 -9999 -9999 -9999 -9999 -9999 -9999 -9999 -9999 -9999 -9999 -9999 -9999
-9999 -9999 -9999 16.2486 16.3189 16.4713 16.5336 16.5761 16.6607 16.6751 16.6528 16.6402 16.6155 16.5788 16.508 16.4283 16.3202 16.3253 16.4714 16.4892 16.4779 16.5146 16.5962 16.5932 16.4532 16.1984 16.077 15.7944 15.6917 15.7195 15.6519 -9999 -9999 -9999 -9999 -9999 -9999 -9999 -9999 -9999 -9999 -9999 -9999 16.2165 -9999 -9999 -9999 -9999 -9999 -9999 -9999 -9999 -9999 -9999 -9999 -9999 -9999 -9999 -9999 -9999 -9999 -9999 -9999 -9999 16.1412 -9999 -9999 -9999 -9999 -9999 -9999 -9999
-9999 -9999 16.238 16.3167 16.3965 16.496 16.5053 16.5599 16.6548 16.67 16.6584 16.6441 16.5933 16.5932 16.5602 16.4726 16.4682 16.5275 16.5637 16.6021 16.6315 16.6358 16.6236 16.603 16.5034 16.3982 16.3321 16.0882 15.961 15.8546 15.6861 15.5583 -9999 -9999 -9999 -9999 -9999 -9999 -9999 16.039 16.0522 16.0756 16.1363 16.268 16.2227 -9999 -9999 -9999 -9999 -9999 -9999 -9999 -9999 -9999 -9999 -9999 -9999 -9999 -9999 -9999 -9999 -9999 -9999 -9999 16.2431 16.1201 -9999 -9999 -9999 -9999 -9999 -9999
-9999 -9999 16.2426 16.3458 16.4027 16.499 16.559 16.5826 16.6239 16.6647 16.6747 16.6572 16.6233 16.6403 16.5885 16.5687 16.5595 16.634 16.6622 16.6556 16.6426 16.6323 16.5746 16.5802 16.5534 16.491 16.3802 16.2656 16.0754 15.8401 15.6103 15.4285 -9999 -9999 -9999 -9999 -9999 -9999 16.0375 16.1504 16.2263 16.1287 16.25 16.3627 16.3683 16.2944 -9999 -9999 -9999 -9999 -9999 -9999 -9999 -9999 -9999 -9999 -9999 -9999 -9999 -9999 16.8454 16.7181 16.4392 16.3069 16.2364 16.1265 -9999 -9999 -9999 -9999 -9999 -9999
-9999 -9999 16.2262 16.3451 16.4288 16.5043 16.5253 16.5939 16.6261 16.6541 16.6668 16.6757 16.6827 16.6395 16.6311 16.558 16.6626 16.6769 16.672 16.6016 16.5797 16.4454 16.3939 16.3772 16.5156 16.4351 16.2535 16.0234 15.731 15.7219 15.6405 15.4793 -9999 -9999 -9999 -9999 -9999 -9999 16.0636 16.1832 16.2866 16.3195 16.223 16.4074 16.4171 16.3463 16.3462 16.4421 16.5009 16.4861 16.5969 16.6446 16.6255 16.6913 -9999 -9999 -9999 -9999 16.8242 16.8515 16.8773 16.8367 16.53 16.3276 16.1482 16.1519 -9999 -9999 -9999 -9999 -9999 -9999
-9999 -9999 16.3033 16.3796 16.4226 16.4373 16.5055 16.5652 16.6047 16.6418 16.6511 16.6647 16.6791 16.676 16.6462 16.6731 16.6875 16.6776 16.5294 16.3529 16.4532 16.3541 16.1131 16.3207 16.4425 16.3489 16.1254 15.8644 15.7739 15.7873 15.6677 15.5098 -9999 -9999 -9999 15.7293 15.8907 15.9232 15.9857 16.1388 16.2604 16.3575 16.4302 16.4438 16.4119 16.3432 16.2667 16.3223 16.5183 16.5818 16.6322 16.6809 16.6648 16.7079 16.776 16.8214 16.8476 16.8577 16.8764 16.9015 16.9173 16.8809 16.607 16.4607 16.3754 16.1908 -9999 -9999 -9999 -9999 -9999 -9999
-9999 -9999 16.2568 16.3237 16.3794 16.4664 16.4838 16.5432 16.5757 16.6259 16.6454 16.6102 16.6693 16.6816 16.6922 16.6942 16.6884 16.567 16.392 16.2158 16.1426 16.1882 16.0538 16.1378 16.2607 16.2301 16.0934 15.8618 15.839 15.7835 15.5693 15.3675 -9999 -9999 15.4312 15.7224 15.9339 16.0533 16.1048 16.129 16.2772 16.3086 16.4665 16.4507 16.293 16.3344 16.2853 16.3517 16.4391 16.4776 16.5852 16.6952 16.7334 16.755 16.8061 16.8335 16.8562 16.8766 16.8776 16.9081 16.9308 16.9162 16.7252 16.6433 16.5514 16.1956 -9999 -9999 -9999 -9999 -9999 -9999
-9999 -9999 16.2828 16.3557 16.4348 16.4546 16.5163 16.524 16.512 16.5979 16.634 16.6139 16.6051 16.6711 16.6867 16.6996 16.7084 16.5959 16.462 16.249 16.122 16.0429 15.9938 15.9146 15.9828 15.9761 15.9632 16.0007 15.9425 15.8102 15.6916 15.4572 15.3395 -9999 15.4418 15.5838 15.8318 16.0463 16.1906 16.168 16.3339 16.3825 16.483 16.4556 16.3688 16.3451 16.3622 16.3689 16.4868 16.5731 16.6347 16.6869 16.7463 16.7773 16.8083 16.8335 16.8569 16.8802 16.9009 16.9213 16.9383 16.9463 16.8702 16.7888 16.5874 16.2082 -9999 -9999 -9999 -9999 -9999 -9999
-9999 16.0974 16.277 16.3928 16.442 16.4799 16.5149 16.5435 16.5677 16.6011 16.628 16.6346 16.5565 16.5829 16.6195 16.6935 16.7094 16.7168 16.6522 16.3894 16.3038 16.1726 16.0017 15.9326 15.9813 16.1415 16.1445 16.0549 15.9541 15.802 15.7146 15.5772 15.3006 15.3436 15.4926 15.6092 15.7844 16.0423 16.23 16.3261 16.3763 16.4534 16.5055 16.4621 16.4214 16.4162 16.3879 16.4021 16.4235 16.5029 16.5647 16.6879 16.7434 16.78 16.8091 16.8345 16.8587 16.8829 16.905 16.9243 16.9457 16.9664 16.9811 16.8654 16.5484 16.3183 -9999 -9999 -9999 -9999 -9999 -9999
-9999 -9999 16.2446 16.2984 16.3171 16.3458 16.3982 16.4587 16.5358 16.5577 16.6123 16.6286 16.5617 16.4856 16.5882 16.6413 16.6956 16.7164 16.7245 16.5008 16.3923 16.3086 16.1449 16.2154 16.2854 16.2993 16.2721 16.0679 15.8649 15.621 15.4044 15.4068 15.2967 15.3777 15.4823 15.7237 15.9004 15.985 16.0525 16.3156 16.3983 16.4432 16.5271 16.465 16.4669 16.4254 16.4657 16.4814 16.5028 16.3486 16.5406 16.5723 16.7079 16.7805 16.8131 16.8373 16.8617 16.8832 16.905 16.9256 16.9481 16.9681 16.9918 16.9252 16.5112 16.3213 -9999 -9999 -9999 -9999 -9999 -9999
-9999 -9999 -9999 -9999 16.2711 16.3139 16.3443 16.3931 16.5211 16.567 16.6034 16.6212 16.6021 16.5264 16.5218 16.5596 16.4884 16.5843 16.7058 16.7194 16.7213 16.5274 16.4299 16.5426 16.5208 16.374 16.2601 16.1478 15.908 15.7269 15.4765 15.2926 15.2997 15.5329 15.73 15.9741 16.0938 16.0589 16.1422 16.2836 16.442 16.5302 16.5372 16.4708 16.4816 16.4061 16.5234 16.5529 16.5294 16.5118 16.5437 16.6216 16.6643 16.7749 16.8175 16.8422 16.8638 16.8852 16.9058 16.9265 16.9486 16.9701 16.9917 17.011 16.585 16.2649 -9999 -9999 -9999 -9999 -9999 -9999
-9999 -9999 -9999 -9999 16.1838 16.212 16.2773 16.4357 16.5181 16.5623 16.5754 16.6061 16.598 16.5343 16.4695 16.4102 16.327 16.4053 16.5795 16.688 16.713 16.5445 16.6471 16.6217 16.5611 16.3662 16.2244 16.1532 15.9229 15.7194 15.5566 15.3286 15.4459 15.5752 15.7385 16.0026 16.1887 16.2783 16.2431 16.3421 16.5212 16.5448 16.4819 16.5098 16.4811 16.3699 16.5302 16.5905 16.5802 16.6091 16.6141 16.6564 16.7159 16.7736 16.8189 16.843 16.8642 16.8844 16.9054 16.9274 16.9478 16.9706 16.9924 17.0135 16.7471 16.2582 -9999 -9999 -9999 -9999 -9999 -9999
-9999 -9999 -9999 -9999 -9999 16.1098 16.2503 16.458 16.5113 16.5192 16.5748 16.5945 16.5726 16.5573 16.4744 16.3543 16.1039 16.1922 16.3539 16.5777 16.7013 16.6995 16.647 16.5515 16.3054 16.0906 16.0717 16.0433 15.8775 15.721 15.5386 15.6638 15.8012 15.9517 16.04 16.0407 16.203 16.3401 16.3132 16.4296 16.5618 16.535 16.5284 16.5262 16.4894 16.5078 16.5358 16.6359 16.6025 16.6568 16.6743 16.6937 16.7334 16.7758 16.8192 16.8437 16.8646 16.8858 16.9044 16.927 16.948 16.9694 16.9915 17.0131 17.0108 16.7612 16.6192 -9999 -9999 -9999 -9999 -9999
-9999 -9999 -9999 -9999 -9999 15.9853 16.0591 16.3039 16.3808 16.4979 16.5678 16.5866 16.5374 16.5187 16.3851 16.3561 16.1261 16.0316 16.1456 16.125 16.4253 16.6912 16.6444 16.1439 15.9682 15.845 15.8872 15.8959 15.856 15.589 15.5268 15.7797 15.9452 16.0782 16.1845 16.222 16.2395 16.442 16.4878 16.5691 16.5791 16.6073 16.5387 16.5047 16.5774 16.5426 16.5546 16.6573 16.5983 16.6915 16.6996 16.699 16.7189 16.7875 16.818 16.8439 16.8652 16.8841 16.903 16.9233 16.9472 16.9694 16.99 17.0139 17.0353 17.0319 16.9123 16.8866 16.967 -9999 -9999 -9999
-9999 -9999 -9999 -9999 -9999 -9999 15.8377 16.1752 16.3294 16.4212 16.5469 16.5766 16.5557 16.5111 16.3751 16.258 16.0543 15.818 15.6994 16.1209 16.4883 16.6855 16.6697 16.2551 16.097 16.0982 16.2058 16.1312 16.0771 15.8745 15.8256 15.7542 15.8209 15.9989 16.1506 16.2984 16.4123 16.4415 16.5246 16.5806 16.6061 16.6397 16.6516 16.6653 16.6005 16.6834 16.6535 16.7023 16.7057 16.7106 16.7134 16.6842 16.7408 16.7932 16.8221 16.8464 16.8649 16.8853 16.9052 16.9241 16.9451 16.9679 16.991 17.0131 17.0372 17.0655 17.0743 17.012 16.92 16.7968 -9999 -9999
-9999 -9999 -9999 -9999 -9999 -9999 15.6728 16.0093 16.1711 16.3873 16.5029 16.5597 16.5731 16.5405 16.4418 16.283 16.1536 15.8872 15.6088 16.0514 16.4425 16.6604 16.6833 16.3335 16.4426 16.3722 16.4139 16.2769 16.2257 16.1788 16.0861 15.9847 15.8715 15.8224 16.1396 16.3124 16.4564 16.5361 16.5912 16.6303 16.6425 16.6416 16.5312 16.6548 16.6727 16.6845 16.6946 16.7103 16.7209 16.7293 16.7384 16.7569 16.7444 16.8033 16.8253 16.8461 16.8668 16.8867 16.9061 16.9264 16.9468 16.97 16.9918 17.0143 17.0374 17.067 17.0907 17.1106 17.1117 16.938 16.8431 16.8341
-9999 -9999 -9999 -9999 -9999 -9999 15.2124 15.6985 16.08 16.294 16.4682 16.5306 16.566 16.5151 16.4824 16.3738 16.2717 16.1028 15.8397 15.6833 16.0178 16.4949 16.6743 16.6686 16.6687 16.5865 16.5133 16.513 16.5296 16.434 16.3023 16.132 16.091 16.043 16.2838 16.3331 16.337 16.6032 16.6256 16.634 16.5629 16.478 16.5204 16.476 16.5489 16.4933 16.5861 16.669 16.713 16.7319 16.7398 16.76 16.7773 16.8082 16.8284 16.8477 16.8675 16.888 16.9085 16.9276 16.9485 16.9725 16.9943 17.0168 17.0386 17.0685 17.0927 17.1136 17.1345 17.1278 17.1053 17.0425
-9999 -9999 -9999 -9999 -9999 -9999 15.2264 15.6289 15.9816 16.1944 16.4066 16.4695 16.554 16.5588 16.5232 16.4309 16.3105 16.1745 15.9511 15.7885 16.0171 16.3393 16.5726 16.6594 16.6662 16.672 16.6621 16.6613 16.6481 16.6318 16.5443 16.3857 16.303 16.1756 16.442 16.4889 16.47 16.6148 16.6301 16.4646 16.3427 16.3472 16.4542 16.3927 16.4012 16.3687 16.449 16.628 16.6034 16.6333 16.7204 16.7533 16.7866 16.8091 16.829 16.8492 16.8688 16.8901 16.9118 16.931 16.9522 16.9745 16.9951 17.0189 17.041 17.0703 17.0921 17.1144 17.1355 17.1504 17.1674 17.2016
-9999 -9999 -9999 -9999 -9999 -9999 15.2355 15.5048 15.824 16.1326 16.3581 16.4599 16.5395 16.5575 16.5125 16.4759 16.4071 16.2894 16.2137 16.0685 15.8622 16.2489 16.377 16.4871 16.5399 16.6573 16.6658 16.6283 16.5686 16.6346 16.6346 16.5118 16.4826 16.4231 16.5793 16.5986 16.6146 16.6278 16.4905 16.2919 16.1379 16.2866 16.2822 16.3585 16.2014 16.372 16.5128 16.5727 16.5102 16.4708 16.6722 16.73 16.769 16.8014 16.8298 16.8487 16.8715 16.8917 16.9128 16.9343 16.9552 16.9771 16.9988 17.0207 17.0437 17.0733 17.0957 17.1212 17.1451 17.1615 17.1826 17.2055
-9999 -9999 -9999 -9999 -9999 -9999 -9999 15.3458 15.7394 16.1005 16.3094 16.4476 16.5245 16.5417 16.5275 16.5083 16.4723 16.3921 16.2861 16.108 15.9793 16.0856 16.2114 16.2322 16.3189 16.5466 16.6322 16.5399 16.2806 16.4477 16.6324 16.6452 16.647 16.648 16.6447 16.645 16.6237 16.5344 16.2194 16.1751 16.065 16.1018 16.056 16.2211 16.1888 16.3621 16.4493 16.4953 16.3761 16.4203 16.6132 16.6994 16.7093 16.7701 16.827 16.8493 16.8715 16.892 16.9146 16.937 16.9589 16.9824 17.0046 17.0274 17.0494 17.0809 17.0929 17.109 17.1165 17.1603 17.1852 17.2209
-9999 -9999 -9999 -9999 -9999 -9999 -9999 15.2576 15.659 16.0818 16.2291 16.3768 16.5071 16.5273 16.4955 16.4662 16.4351 16.3969 16.2647 16.1363 16.0139 15.9826 16.0249 16.0313 16.1647 16.4584 16.5256 16.5152 16.2454 16.1689 16.4112 16.618 16.6497 16.6498 16.4435 16.5102 16.4087 16.2645 16.24 16.1891 16.0585 16.1531 16.0634 16.1327 16.138 16.2456 16.309 16.4326 16.3315 16.3463 16.537 16.6398 16.6629 16.7696 16.8211 16.8502 16.8736 16.8967 16.919 16.9427 16.9646 16.9864 17.0081 17.0276 17.0416 17.037 16.9062 16.9305 16.9989 17.0645 17.1675 17.2218
-9999 -9999 -9999 -9999 -9999 -9999 -9999 15.2986 15.5821 15.9594 16.2437 16.2777 16.4254 16.5105 16.4741 16.4308 16.386 16.376 16.2306 16.0687 15.9405 15.7852 15.8282 15.9652 16.1738 16.3688 16.4147 16.3908 16.2462 16.3299 16.5005 16.5992 16.6404 16.639 16.6084 16.5991 16.5294 16.5107 16.4073 16.2344 16.1791 16.2487 16.0644 16.1001 16.1975 16.1344 16.2889 16.3739 16.2372 16.385 16.5496 16.6442 16.7294 16.7809 16.8143 16.8541 16.8762 16.8995 16.9224 16.9445 16.9672 16.9872 17.008 17.0142 17.0123 16.8845 16.8549 16.8912 16.985 17.0697 17.1715 17.2204
-9999 -9999 -9999 -9999 -9999 -9999 -9999 15.3401 15.5973 15.9269 16.1346 16.186 16.3479 16.4939 16.4975 16.4516 16.4499 16.4013 16.2805 16.145 15.9949 15.9297 15.7591 15.9571 16.1104 16.2782 16.3642 16.2444 16.2003 16.3218 16.443 16.5018 16.6251 16.642 16.6259 16.4959 16.4427 16.4933 16.4823 16.4483 16.3358 16.3509 16.2864 16.2722 16.2599 16.1683 16.2591 16.2874 16.3352 16.5008 16.597 16.668 16.7344 16.7677 16.8087 16.8557 16.8796 16.9025 16.9245 16.9474 16.9682 16.9839 17.001 16.9896 16.9517 16.8606 16.7086 16.8634 17.024 17.0994 17.1667 17.2104
-9999 -9999 -9999 -9999 -9999 -9999 -9999 15.2944 15.5671 15.8515 15.9805 16.0169 16.2956 16.4733 16.4914 16.4789 16.4613 16.3157 16.3424 16.3265 16.1929 15.9903 15.766 15.8038 15.9571 16.1733 16.2551 16.058 16.0047 16.072 16.2474 16.4066 16.5725 16.6282 16.6032 16.3904 16.1634 16.2976 16.4398 16.4596 16.4445 16.3418 16.3235 16.3091 16.24 16.1093 16.1481 16.2119 16.4056 16.4816 16.587 16.6781 16.6737 16.7108 16.7988 16.8586 16.882 16.9047 16.9282 16.9498 16.9702 16.9787 16.9866 16.9844 16.8476 16.7715 16.6576 16.8529 16.9699 17.0592 17.1716 17.216
-9999 -9999 -9999 -9999 -9999 -9999 -9999 15.2102 15.413 15.6859 15.8063 15.9883 16.2527 16.3919 16.4679 16.4844 16.4786 16.423 16.3964 16.3268 16.1873 15.9902 15.7689 15.6301 15.7241 16.006 16.0849 15.9042 15.8284 15.9597 16.1458 16.4136 16.5745 16.6121 16.6178 16.589 16.4286 16.2311 16.2519 16.3813 16.3108 16.2256 16.3049 16.3151 16.2472 16.2036 16.1811 16.2354 16.348 16.4104 16.5289 16.6932 16.7356 16.7535 16.8353 16.8603 16.8838 16.9082 16.9305 16.9524 16.9733 16.9844 16.9813 16.8979 16.8283 16.7224 16.7299 16.9144 17.0153 17.1051 17.1724 17.2101
-9999 -9999 -9999 -9999 -9999 -9999 -9999 15.0685 15.3046 15.5616 15.8035 16.0335 16.2341 16.2661 16.3804 16.3982 16.4664 16.4696 16.4193 16.3635 16.2458 15.9882 15.7738 15.5383 15.6203 15.9097 15.9432 15.8383 15.6308 15.8791 16.1515 16.4003 16.5435 16.4637 16.583 16.5939 16.5459 16.4364 16.2553 16.2795 16.1494 16.1637 16.2621 16.3083 16.3165 16.2891 16.2335 16.2718 16.3464 16.3838 16.4946 16.6272 16.7573 16.7976 16.8403 16.8634 16.8859 16.9099 16.9325 16.9528 16.9699 16.9805 16.9142 16.8311 16.789 16.7224 16.735 16.9391 17.0473 17.1148 17.1764 17.2151
-9999 -9999 -9999 -9999 -9999 -9999 -9999 -9999 15.2775 15.5427 15.7437 15.8109 15.9913 16.0971 16.183 16.2161 16.4276 16.456 16.4306 16.381 16.2833 16.0919 15.9633 15.7383 15.5808 15.6622 15.694 15.7742 15.7722 15.8924 16.1549 16.4281 16.474 16.3301 16.373 16.4261 16.5218 16.503 16.2491 16.1303 16.0353 16.1383 16.2457 16.2878 16.3132 16.3178 16.3282 16.3061 16.4442 16.5522 16.5945 16.6914 16.7688 16.8063 16.8401 16.8638 16.8876 16.91 16.9292 16.9495 16.9583 16.9503 16.8733 16.6562 16.6908 16.6883 16.6372 16.8419 16.9888 17.1085 17.1834 17.2206
-9999 -9999 -9999 -9999 -9999 -9999 -9999 -9999 15.1905 15.4949 15.5734 15.587 15.5103 15.5722 15.942 16.031 16.2348 16.4286 16.4333 16.3851 16.2949 16.1878 16.0125 15.7575 15.558 15.4666 15.7114 15.9527 16.0165 16.1062 16.2739 16.3201 16.1723 16.0353 16.1415 16.2133 16.4334 16.4899 16.4712 16.3265 16.1584 16.0808 16.2183 16.2551 16.2835 16.3063 16.3322 16.3438 16.4922 16.5869 16.6596 16.7094 16.7792 16.8138 16.8401 16.8662 16.8877 16.9077 16.9228 16.9369 16.9222 16.8998 16.7592 16.6459 16.5842 16.4998 16.7672 16.8753 17.0108 17.1051 17.1801 17.2155
