Test_Spring_2018/03_18/Temp/20180321_006.txt
ncols	170
nrows	115
xllcorner	350000.000000
yllcorner	4445000.000000
cellsize	1000.000000
nodata_value	-9999.000000
[rows 32 to 63 of 115, columns 72 to 143 of 170]
9.50944 9.11169 9.72938 10.2982 9.94687 9.71584 10.6505 10.6514 10.334 9.58718 9.31393 9.03061 8.85749 7.89935 5.20886 2.7835 4.08476 4.1166 3.21845 4.83146 3.98048 1.75936 -1.37649 0.328594 -0.114793 -2.34107 -2.88839 -9999 -9999 -9999 -9999 -9999 -9999 -9999 -9999 -9999 -9999 -9999 -9999 -9999 -9999 -9999 -9999 -9999 -9999 -9999 -9999 -9999 -9999 -9999 -9999 -9999 -9999 -9999 -9999 -9999 -9999 -9999 -9999 -9999 -9999 -9999 -9999 -9999 -9999 -9999 -9999 -9999 -9999 -9999 -9999 -9999
8.97991 8.80975 9.72727 9.70922 9.64979 9.97594 10.5572 10.6737 10.5505 10.2254 9.94417 9.64499 8.88407 7.78781 5.48536 2.72453 2.09918 3.45195 3.51774 3.73582 2.96035 1.986 0.461268 1.71068 2.19603 0.732995 -1.18064 -2.41182 -9999 -9999 -9999 -9999 -9999 -9999 -9999 -9999 -9999 -9999 -9999 -9999 -9999 -9999 -9999 -9999 -9999 -9999 -9999 -9999 -9999 -9999 -9999 -9999 -9999 -9999 -9999 -9999 -9999 -9999 -9999 -9999 -9999 -9999 -9999 -9999 -9999 -9999 -9999 -9999 -9999 -9999 -9999 -9999
8.34749 7.46 8.01343 8.42923 9.19199 9.39115 9.50718 10.6011 10.5443 10.4948 10.0293 9.65725 9.04009 7.98506 6.48244 4.67296 1.52144 3.46639 4.98951 4.95138 4.86874 4.18632 2.72149 3.9478 4.00562 2.13763 0.0101175 -1.2396 -1.75615 -9999 -9999 -9999 -9999 -9999 -9999 -9999 -9999 -9999 -9999 -9999 -9999 -9999 -9999 -9999 -9999 -9999 -9999 -9999 -9999 -9999 -9999 -9999 -9999 -9999 -9999 -9999 -9999 -9999 -9999 -9999 -9999 -9999 -9999 -9999 -9999 -9999 -9999 -9999 -9999 -9999 -9999 -9999
7.62798 6.54362 7.1004 7.84294 8.88714 9.42749 9.83813 10.166 10.5004 10.4622 9.98569 8.57614 8.3759 8.31608 7.33371 5.27065 3.21025 2.67722 5.00024 5.66568 5.53093 6.05002 4.80919 5.3961 5.15578 4.49517 2.44859 0.583211 -0.187272 -1.71028 -9999 -9999 -9999 -9999 -9999 -9999 -9999 -9999 -9999 -9999 -9999 -9999 -9999 -9999 -9999 -9999 -9999 -9999 -9999 -9999 -9999 -9999 -9999 -9999 -9999 -9999 -9999 -9999 -9999 -9999 -9999 -9999 -9999 -9999 -9999 -9999 -9999 -9999 -9999 -9999 -9999 -9999
-9999 -9999 5.86621 6.8735 7.71116 8.73225 9.61285 10.0564 10.4873 10.4539 9.50033 9.03456 8.995 8.35177 7.21751 6.50603 5.20918 3.85787 4.37533 6.35632 5.4761 6.87952 6.76112 7.01909 6.0813 4.30316 1.92888 0.542067 -0.14726 -1.38137 -9999 -9999 -9999 -9999 -9999 -9999 -9999 -9999 -9999 -9999 -9999 -9999 -9999 -9999 -9999 -9999 -9999 -9999 -9999 -9999 -9999 -9999 -9999 -9999 -9999 -9999 -9999 -9999 -9999 -9999 -9999 -9999 -9999 -9999 -9999 -9999 -9999 -9999 -9999 -9999 -9999 -9999
-9999 -9999 -9999 6.69262 7.33122 8.69987 9.40191 9.69013 10.3845 10.3873 10.0268 9.75506 9.36008 8.84377 7.99164 7.05131 5.83169 5.71973 6.98734 7.00372 6.73965 6.94802 7.59903 7.4275 5.97602 3.47036 2.14643 -0.54769 -1.6997 -1.58117 -2.39735 -9999 -9999 -9999 -9999 -9999 -9999 -9999 -9999 -9999 -9999 -9999 -9999 0.756175 -9999 -9999 -9999 -9999 -9999 -9999 -9999 -9999 -9999 -9999 -9999 -9999 -9999 -9999 -9999 -9999 -9999 -9999 -9999 -9999 -4.10005 -9999 -9999 -9999 -9999 -9999 -9999 -9999
-9999 -9999 6.57591 7.42698 8.09288 8.95117 9.03289 9.54162 10.3399 10.3527 10.0975 9.80896 9.15859 8.99843 8.51396 7.49296 7.285 7.7004 7.89216 8.10923 8.24301 8.1353 7.87185 7.53114 6.59369 5.4316 4.65162 2.19225 0.947607 -0.241303 -2.04077 -3.44816 -9999 -9999 -9999 -9999 -9999 -9999 -9999 -0.19082 -0.254867 -0.219955 0.177914 1.271 0.6337 -9999 -9999 -9999 -9999 -9999 -9999 -9999 -9999 -9999 -9999 -9999 -9999 -9999 -9999 -9999 -9999 -9999 -9999 -9999 -3.11025 -4.52525 -9999 -9999 -9999 -9999 -9999 -9999
-9999 -9999 6.8075 7.70705 8.15685 8.99052 9.46799 9.77651 10.054 10.3194 10.2764 9.95692 9.4703 9.47485 8.80373 8.44244 8.18475 8.74631 8.85804 8.63396 8.35251 8.10348 7.3983 7.31661 7.08534 6.3476 5.13664 3.88882 2.08425 -0.359113 -2.75508 -4.68735 -9999 -9999 -9999 -9999 -9999 -9999 0.0132066 0.921485 1.46693 0.316776 1.3053 2.20919 2.06871 1.19872 -9999 -9999 -9999 -9999 -9999 -9999 -9999 -9999 -9999 -9999 -9999 -9999 -9999 -9999 3.60632 2.15535 -0.778011 -2.2804 -3.18075 -4.46718 -9999 -9999 -9999 -9999 -9999 -9999
-9999 -9999 6.63271 7.69501 8.41504 9.0543 9.15757 9.81144 10.0952 10.2383 10.223 10.1608 10.0724 9.48692 9.23593 8.35016 9.2003 9.16934 8.95553 8.1059 7.73783 6.278 5.63555 5.49054 6.71826 5.81039 3.91513 1.54597 -1.30213 -1.48863 -2.42994 -4.157 -9999 -9999 -9999 -9999 -9999 -9999 0.296914 1.26834 2.07985 2.2009 1.058 2.66178 2.60374 1.71208 1.51258 2.25026 2.62602 2.3521 3.23284 3.493 3.10092 3.53793 -9999 -9999 -9999 -9999 3.80907 3.87002 3.9165 3.31312 0.108201 -2.07994 -4.04456 -4.2228 -9999 -9999 -9999 -9999 -9999 -9999
-9999 -9999 7.37074 8.02528 8.35693 8.41176 8.98564 9.55718 9.90819 10.1666 10.1164 10.097 10.0763 9.87713 9.41224 9.4977 9.46136 9.19042 7.57259 5.68385 6.50814 5.38601 2.98346 4.93511 6.00666 4.97779 2.68101 0.0178662 -0.855655 -0.820548 -2.13003 -3.8146 -9999 -9999 -9999 -2.3548 -0.965833 -0.84245 -0.430636 0.864167 1.85011 2.59414 3.10209 3.08878 2.5623 1.69037 0.742315 1.08544 2.80164 3.22297 3.57861 3.84822 3.48456 3.6798 4.14068 4.38009 4.43067 4.32532 4.30289 4.34235 4.28969 3.72665 0.860216 -0.779464 -1.82468 -3.92144 -9999 -9999 -9999 -9999 -9999 -9999
-9999 -9999 6.96644 7.53584 7.9972 8.75861 8.84068 9.32539 9.61219 10.0382 10.0878 9.5903 10.0044 9.9528 9.87734 9.71531 9.47703 8.11171 6.22919 4.34176 3.4706 3.84166 2.39705 3.13907 4.22478 3.82684 2.41708 0.0443391 -0.290554 -0.843948 -3.0474 -5.16744 -9999 -9999 -5.04338 -2.38091 -0.505208 0.463852 0.766274 0.798362 2.03987 2.14077 3.47737 3.16824 1.4112 1.61345 0.93205 1.38041 2.01309 2.18929 3.09589 3.96888 4.13657 4.14375 4.43835 4.50111 4.51912 4.51387 4.31836 4.41075 4.42651 4.07611 1.99953 0.988022 -0.12516 -3.88819 -9999 -9999 -9999 -9999 -9999 -9999
-9999 -9999 7.26003 7.89633 8.59295 8.70669 9.223 9.1687 9.02222 9.74211 10.0049 9.65421 9.40228 9.87138 9.84069 9.78026 9.67954 8.39665 6.91158 4.6625 3.26504 2.40962 1.80225 0.990575 1.54775 1.37639 1.14688 1.40906 0.755182 -0.548228 -1.83797 -4.25179 -5.55664 -9999 -4.89687 -3.69438 -1.46401 0.432218 1.63733 1.20857 2.61997 2.88497 3.70007 3.22742 2.16289 1.70786 1.67124 1.53502 2.48746 3.13008 3.58371 3.88847 4.26692 4.36559 4.46441 4.5072 4.53148 4.55575 4.55291 4.54727 4.50696 4.37629 3.42243 2.41395 0.230043 -3.75821 -9999 -9999 -9999 -9999 -9999 -9999
-9999 5.41403 7.19125 8.25751 8.67092 8.96951 9.23276 9.42358 9.62282 9.80828 9.93835 9.88392 8.95268 9.03062 9.20003 9.73126 9.695 9.58025 8.76882 6.03199 5.08568 3.70216 1.9113 1.16269 1.53601 3.00289 2.93648 1.96362 0.879539 -0.620432 -1.57488 -3.05492 -5.89612 -5.63993 -4.35907 -3.40516 -1.88862 0.42869 2.05438 2.78188 3.05912 3.63248 3.93312 3.2845 2.66821 2.41122 1.93131 1.86762 1.87592 2.45329 2.90393 3.90348 4.24185 4.39808 4.47933 4.5242 4.55726 4.58954 4.60192 4.58458 4.58725 4.58111 4.5136 3.1689 -0.196756 -2.72794 -9999 -9999 -9999 -9999 -9999 -9999
-9999 -9999 6.86671 7.33625 7.45977 7.67516 8.11524 8.6225 9.33993 9.43351 9.83015 9.8285 9.02567 8.09899 8.9097 9.23275 9.56742 9.57881 9.4753 7.17394 5.97063 5.02296 3.30566 3.92447 4.51197 4.55571 4.19972 2.11469 0.0381177 -2.35774 -4.5941 -4.70153 -5.9056 -5.26864 -4.42222 -2.25032 -0.720828 -0.0987897 0.349192 2.70572 3.32085 3.53551 4.14213 3.32517 3.12324 2.51086 2.69934 2.65032 2.65883 0.953668 2.67347 2.7795 3.90142 4.40851 4.5255 4.5595 4.59517 4.60272 4.61115 4.60778 4.62073 4.60613 4.59059 3.7176 -0.552958 -2.69167 -9999 -9999 -9999 -9999 -9999 -9999
-9999 -9999 -9999 -9999 7.0218 7.38001 7.60991 8.00722 9.22185 9.55034 9.76915 9.78919 9.43239 8.51426 8.2742 8.44456 7.54942 8.30103 9.32821 9.30317 9.17881 7.15615 6.12129 7.12236 6.81696 5.29555 4.09786 2.91569 0.484536 -1.29712 -3.86016 -5.78478 -5.85759 -3.73414 -1.97019 0.22752 1.1987 0.649837 1.25051 2.4226 3.75409 4.40026 4.25341 3.39212 3.27705 2.33025 3.27106 3.3564 2.92648 2.5555 2.7098 3.26738 3.48266 4.36097 4.5762 4.61684 4.62615 4.63199 4.63016 4.62688 4.61856 4.61141 4.6014 4.56443 0.174635 -3.236 -9999 -9999 -9999 -9999 -9999 -9999
-9999 -9999 -9999 -9999 6.1828 6.40133 6.97434 8.44458 9.21303 9.52498 9.51582 9.66107 9.40998 8.60295 7.7745 6.99347 5.9854 6.56445 8.09342 8.99479 9.09739 7.32431 8.24659 7.90046 7.21863 5.22916 3.76255 2.98433 0.650172 -1.34997 -3.05554 -5.40982 -4.40353 -3.29473 -1.86996 0.527437 2.14624 2.81322 2.25882 3.00969 4.54135 4.55432 3.72356 3.78282 3.28016 1.98451 3.34437 3.7309 3.429 3.51387 3.40391 3.61448 3.9938 4.35644 4.59844 4.63365 4.63988 4.6342 4.63562 4.63839 4.62342 4.62681 4.61682 4.59706 1.76466 -3.2958 -9999 -9999 -9999 -9999 -9999 -9999
-9999 -9999 -9999 -9999 -9999 5.4208 6.72722 8.6786 9.16163 9.11863 9.52272 9.55899 9.17262 8.83759 7.83162 6.45655 3.81308 4.48856 5.8961 7.9248 8.99087 8.84688 8.25359 7.22287 4.72958 2.54726 2.2811 1.92266 0.218826 -1.32213 -3.21822 -2.12099 -0.918579 0.397439 1.08955 0.911393 2.29878 3.43087 2.95457 3.87486 4.94826 4.4679 4.18595 3.95034 3.36847 3.3385 3.40551 4.18022 3.65351 3.98589 3.9988 3.98526 4.17206 4.386 4.61007 4.64914 4.65205 4.65772 4.63392 4.64478 4.63409 4.62379 4.61484 4.59833 4.3448 1.62204 -0.00503999 -9999 -9999 -9999 -9999 -9999
-9999 -9999 -9999 -9999 -9999 4.22117 4.87309 7.18399 7.89615 8.91798 9.46121 9.48765 8.83417 8.47088 6.97088 6.48582 4.04089 2.93443 3.87589 3.5168 6.30963 8.78064 8.24262 3.254 1.44653 0.156897 0.486742 0.488643 0.0134991 -2.60794 -3.33078 -0.986266 0.490121 1.63446 2.50314 2.6853 2.65751 4.42688 4.66471 5.24237 5.12171 5.17939 4.2923 3.74543 4.23376 3.68325 3.59389 4.39403 3.61704 4.33017 4.25134 4.0438 4.03723 4.50751 4.60541 4.65809 4.66355 4.64723 4.62554 4.6141 4.63131 4.62663 4.60343 4.60772 4.58561 4.26755 2.85935 2.37017 2.92182 -9999 -9999 -9999
-9999 -9999 -9999 -9999 -9999 -9999 2.72377 5.93507 7.40052 8.17232 9.25871 9.391 9.04375 8.41402 6.88612 5.54277 3.35737 0.861059 -0.461468 3.50003 6.94768 8.747 8.51056 4.35807 2.71879 2.64202 3.60621 2.79083 2.17214 0.179627 -0.415844 -1.243 -0.733599 0.860986 2.16477 3.42268 4.33821 4.41538 5.01133 5.3552 5.38714 5.49819 5.39806 5.31749 4.463 5.06316 4.56431 4.83769 4.67084 4.52061 4.39143 3.90387 4.25627 4.5684 4.65127 4.67872 4.66218 4.6597 4.64842 4.62133 4.61068 4.61111 4.61095 4.59823 4.60135 4.59285 4.43894 3.59353 2.4602 1.02709 -9999 -9999
-9999 -9999 -9999 -9999 -9999 -9999 1.12502 4.32064 5.85875 7.84159 8.86225 9.27685 9.22394 8.71394 7.55341 5.80568 4.35005 1.56304 -1.33111 2.82582 6.52956 8.5283 8.63433 5.14507 6.1121 5.32976 5.64456 4.21249 3.61713 3.14507 2.11695 0.992922 -0.237237 -0.886433 2.03889 3.54193 4.7523 5.32457 5.64967 5.81392 5.73116 5.51566 4.22149 5.2164 5.16948 5.07619 4.9685 4.91916 4.82194 4.70631 4.63953 4.61886 4.29621 4.67084 4.6658 4.67305 4.67676 4.66887 4.65217 4.63785 4.61988 4.62292 4.61311 4.60345 4.59802 4.60048 4.5943 4.55195 4.3305 2.4044 1.25386 0.93546
-9999 -9999 -9999 -9999 -9999 -9999 -3.35928 1.28954 5.02357 6.9755 8.56337 9.00105 9.16557 8.48061 7.96888 6.71652 5.53068 3.70013 0.957144 -0.731356 2.38022 6.90507 8.57274 8.44272 8.33823 7.43398 6.61895 6.5156 6.57633 5.62639 4.24364 2.43839 1.87615 1.24387 3.42297 3.71973 3.56234 5.95961 5.96781 5.83485 4.92208 3.9 4.09903 3.4687 3.96073 3.20862 3.90969 4.51639 4.74607 4.73227 4.65668 4.65176 4.61953 4.68794 4.68939 4.68123 4.67526 4.67282 4.66563 4.63962 4.6258 4.63806 4.62243 4.61128 4.60068 4.60606 4.60505 4.57468 4.54744 4.25467 3.8123 2.96692
-9999 -9999 -9999 -9999 -9999 -9999 -3.15471 0.753356 4.07026 6.05863 7.97201 8.41697 9.0637 8.92595 8.38972 7.30122 5.94086 4.43448 2.08136 0.332624 2.41526 5.41754 7.56888 8.34026 8.33166 8.27975 8.07505 7.98939 7.75101 7.57956 6.58865 4.88439 3.92106 2.51144 4.93988 5.21346 4.83531 6.04892 5.9906 4.16129 2.75583 2.58394 3.44704 2.63388 2.49556 1.991 2.57081 4.11682 3.6723 3.76562 4.46839 4.58743 4.66585 4.68854 4.68619 4.68511 4.67531 4.67909 4.68278 4.6574 4.64686 4.64293 4.61892 4.61787 4.60273 4.59691 4.58805 4.57353 4.54894 4.46844 4.38163 4.48403
-9999 -9999 -9999 -9999 -9999 -9999 -3.0692 -0.442198 2.54278 5.47061 7.51381 8.33874 8.9398 8.93477 8.31104 7.77063 6.9183 5.59307 4.6844 3.10573 0.938508 4.5743 5.68688 6.68219 7.10037 8.13716 8.11144 7.63579 7.08013 7.59186 7.44209 6.09259 5.64905 4.90025 6.25126 6.25555 6.21956 6.14904 4.60343 2.45457 0.737902 1.97887 1.72398 2.29577 0.540991 1.99491 3.16494 3.5475 2.7595 2.17595 3.99693 4.30348 4.48568 4.60326 4.68122 4.66542 4.68625 4.67777 4.67463 4.67101 4.65778 4.65084 4.63774 4.62447 4.61325 4.60964 4.59303 4.57377 4.57616 4.53391 4.51986 4.50948
-9999 -9999 -9999 -9999 -9999 -9999 -9999 -1.98856 1.79229 5.17074 7.05212 8.23574 8.81296 8.80368 8.48524 8.11849 7.59026 6.63431 5.43307 3.53412 2.12452 3.02048 4.10998 4.23346 4.96002 7.06685 7.78638 6.76592 4.24072 5.73032 7.39051 7.36356 7.22211 7.06414 6.86081 6.67916 6.28069 5.21126 1.93164 1.28968 0.00533003 0.154973 -0.501875 0.944005 0.409852 1.89592 2.54231 2.78888 1.42273 1.71636 3.3326 3.97329 3.87067 4.26473 4.63968 4.65461 4.66787 4.66071 4.67125 4.67677 4.67321 4.66054 4.65128 4.64548 4.61992 4.63125 4.5134 4.43833 4.28178 4.4848 4.50774 4.5295
-9999 -9999 -9999 -9999 -9999 -9999 -9999 -2.74037 1.03584 5.01444 6.29248 7.56836 8.66976 8.6923 8.2049 7.74145 7.26403 6.72029 5.26295 3.84967 2.50031 2.04775 2.32025 2.29584 3.47142 6.21642 6.74783 6.521 3.88529 2.99361 5.21177 7.07615 7.22332 7.05494 4.86211 5.33065 4.14884 2.5458 2.10643 1.40662 -0.0749312 0.642899 -0.441059 0.0287389 -0.0913183 0.753894 1.16804 2.17255 0.982234 0.991379 2.57865 3.37949 3.40281 4.24278 4.54418 4.62531 4.64789 4.6649 4.67147 4.6877 4.68323 4.67433 4.66163 4.62545 4.53415 4.24656 2.66843 2.67479 3.1148 3.53136 4.28893 4.50921
-9999 -9999 -9999 -9999 -9999 -9999 -9999 -2.30084 0.319785 3.85012 6.46545 6.63065 7.90274 8.55993 8.02974 7.43268 6.82179 6.55536 4.96914 3.22655 1.81867 0.151908 0.427095 1.62468 3.5793 5.35259 5.66974 5.30329 3.89038 4.5576 6.07058 6.87425 7.11171 6.92607 6.44936 6.17466 5.30485 4.92913 3.72107 1.83116 1.08859 1.56376 -0.442121 -0.298323 0.448111 -0.336438 0.968494 1.59494 0.0565012 1.28896 2.69043 3.40861 4.03681 4.33585 4.45694 4.64083 4.64871 4.66702 4.67845 4.67905 4.6823 4.65644 4.63573 4.47081 4.22594 2.7499 2.14459 2.26986 2.95824 3.56149 4.20253 4.46276
-9999 -9999 -9999 -9999 -9999 -9999 -9999 -1.85154 0.507992 3.56909 5.43395 5.76831 7.17885 8.43328 8.29429 7.67296 7.48448 6.84048 5.49529 4.00929 2.38488 1.59547 -0.220423 1.56834 2.97938 4.48123 5.18395 4.02297 3.44077 4.47282 5.49893 5.90922 6.94586 6.93705 6.60074 5.14686 4.43894 4.74095 4.43834 3.90692 2.60699 2.5519 1.71818 1.37479 1.05073 -0.00862849 0.673383 0.744893 0.936574 2.41029 3.14144 3.62734 4.0695 4.18807 4.38212 4.63286 4.65787 4.66995 4.67204 4.67992 4.66502 4.598 4.54212 4.20666 3.61011 2.49388 0.690402 1.97414 3.31631 3.72637 4.12348 4.32918
-9999 -9999 -9999 -9999 -9999 -9999 -9999 -2.25071 0.255764 2.87201 3.96631 4.15279 6.70483 8.26786 8.27152 7.97747 7.63385 6.04145 6.13593 5.81812 4.35283 2.21799 -0.126828 0.0935914 1.49136 3.47014 4.12667 2.20785 1.53065 2.02991 3.58135 4.9703 6.42069 6.79001 6.36615 4.10223 1.69649 2.8152 4.01061 4.0065 3.65912 2.45383 2.07319 1.72901 0.850735 -0.636813 -0.415553 0.00301634 1.68003 2.21166 3.03085 3.71173 3.45991 3.61271 4.26395 4.639 4.65629 4.66617 4.68165 4.67637 4.65749 4.52067 4.37565 4.12999 2.56879 1.59942 0.192661 1.84634 2.76253 3.26381 4.13617 4.34701
-9999 -9999 -9999 -9999 -9999 -9999 -9999 -3.02367 -1.20465 1.29598 2.30423 3.91214 6.32382 7.51048 8.07981 8.06825 7.83951 7.12695 6.69886 5.85434 4.32997 2.24521 -0.0723879 -1.58107 -0.813597 1.85038 2.48414 0.712448 -0.186475 0.934702 2.58812 5.03605 6.43524 6.62529 6.5003 6.03477 4.27888 2.15722 2.16672 3.23434 2.34577 1.31272 1.88537 1.78296 0.915697 0.285776 -0.0966063 0.152609 1.10769 1.50473 2.45046 3.84444 4.04715 4.01118 4.59995 4.6326 4.64958 4.67495 4.67751 4.67541 4.66114 4.55021 4.2976 3.25957 2.35488 1.09494 0.942354 2.42057 3.0733 3.6785 4.10847 4.25112
-9999 -9999 -9999 -9999 -9999 -9999 -9999 -4.35651 -2.21653 0.125956 2.31944 4.39479 6.18113 6.31999 7.26259 7.26231 7.75661 7.61614 6.95555 6.24437 4.93103 2.25273 0.000604944 -2.45569 -1.80777 0.913596 1.26366 0.0790343 -2.11008 0.151863 2.64636 4.90735 6.13192 5.17412 6.15858 6.07951 5.42276 4.16058 2.19712 2.23674 0.766213 0.704871 1.46432 1.71289 1.58997 1.11787 0.36386 0.50144 1.08268 1.23344 2.10285 3.18506 4.24309 4.42379 4.62836 4.64041 4.64705 4.66681 4.67223 4.65357 4.60297 4.48681 3.61712 2.58224 1.94615 1.06941 0.966286 2.66685 3.35557 3.73907 4.11115 4.26035
-9999 -9999 -9999 -9999 -9999 -9999 -9999 -9999 -2.43312 -0.013192 1.7777 2.2605 3.84836 4.70616 5.37016 5.518 7.41116 7.51626 7.09771 6.44444 5.32435 3.29209 1.87617 -0.479916 -2.17343 -1.47663 -1.15869 -0.535638 -0.718485 0.290725 2.68785 5.18535 5.45883 3.8742 4.11053 4.44401 5.18953 4.81428 2.13808 0.779643 -0.347381 0.457674 1.30457 1.51176 1.55567 1.39592 1.21692 0.896639 2.02941 2.86852 3.06586 3.79785 4.33917 4.49118 4.60652 4.62376 4.64121 4.64481 4.61687 4.59754 4.466 4.16703 3.19381 0.84848 0.961753 0.711336 -0.0156347 1.64751 2.70654 3.64339 4.14306 4.27497
-9999 -9999 -9999 -9999 -9999 -9999 -9999 -9999 -3.23592 -0.43617 0.155719 0.112478 -0.813555 -0.386105 3.05053 3.74319 5.55879 7.27795 7.15245 6.51151 5.46351 4.25328 2.37923 -0.270658 -2.37625 -3.26436 -0.998664 1.2215 1.68164 2.39286 3.86204 4.14205 2.52235 1.00369 1.8585 2.37414 4.33445 4.69384 4.31527 2.70377 0.861059 -0.0995498 1.04009 1.19484 1.26596 1.28243 1.25446 1.21281 2.48982 3.19787 3.6901 3.9597 4.425 4.54667 4.58797 4.62701 4.62208 4.60167 4.53214 4.4526 4.09086 3.65227 2.05592 0.725668 -0.102448 -1.15452 1.22861 1.94568 2.93746 3.57708 4.07421 4.18628
