Test_Spring_2018/03_18/Temp/20180312_010.txt
ncols	170
nrows	115
xllcorner	350000.000000
yllcorner	4445000.000000
cellsize	1000.000000
nodata_value	-9999.000000
[rows 32 to 63 of 115, columns 72 to 143 of 170]
16.0974 15.9905 16.211 16.4155 16.3088 16.2462 16.5631 16.5841 16.5027 16.283 16.2163 16.1467 16.1128 15.8259 14.9803 14.2204 14.6626 14.6954 14.428 14.9705 14.718 14.0233 13.0334 13.6048 13.4831 12.7737 12.6143 -9999 -9999 -9999 -9999 -9999 -9999 -9999 -9999 -9999 -9999 -9999 -9999 -9999 -9999 -9999 -9999 -9999 -9999 -9999 -9999 -9999 -9999 -9999 -9999 -9999 -9999 -9999 -9999 -9999 -9999 -9999 -9999 -9999 -9999 -9999 -9999 -9999 -9999 -9999 -9999 -9999 -9999 -9999 -9999 -9999
15.9301 15.8968 16.214 16.2293 16.2224 16.3338 16.5368 16.5952 16.5765 16.4929 16.4237 16.3489 16.1254 15.7939 15.0735 14.2053 14.0259 14.4847 14.5282 14.6208 14.3926 14.1001 13.6299 14.0544 14.2323 13.7773 13.1687 12.7836 -9999 -9999 -9999 -9999 -9999 -9999 -9999 -9999 -9999 -9999 -9999 -9999 -9999 -9999 -9999 -9999 -9999 -9999 -9999 -9999 -9999 -9999 -9999 -9999 -9999 -9999 -9999 -9999 -9999 -9999 -9999 -9999 -9999 -9999 -9999 -9999 -9999 -9999 -9999 -9999 -9999 -9999 -9999 -9999
15.7299 15.4652 15.665 15.8203 16.07 16.1438 16.2019 16.5757 16.5784 16.5836 16.455 16.3567 16.1796 15.8614 15.399 14.8376 13.8434 14.4931 15.0068 15.0166 15.012 14.8136 14.3627 14.7797 14.8197 14.2297 13.5466 13.1653 13.0205 -9999 -9999 -9999 -9999 -9999 -9999 -9999 -9999 -9999 -9999 -9999 -9999 -9999 -9999 -9999 -9999 -9999 -9999 -9999 -9999 -9999 -9999 -9999 -9999 -9999 -9999 -9999 -9999 -9999 -9999 -9999 -9999 -9999 -9999 -9999 -9999 -9999 -9999 -9999 -9999 -9999 -9999 -9999
15.5018 15.1735 15.3744 15.635 15.983 16.166 16.3125 16.4391 16.5679 16.5768 16.4446 16.0117 15.969 15.9719 15.6773 15.0342 14.3919 14.2424 15.014 15.2508 15.2294 15.4186 15.0399 15.2506 15.1943 14.9973 14.3462 13.7567 13.53 13.0607 -9999 -9999 -9999 -9999 -9999 -9999 -9999 -9999 -9999 -9999 -9999 -9999 -9999 -9999 -9999 -9999 -9999 -9999 -9999 -9999 -9999 -9999 -9999 -9999 -9999 -9999 -9999 -9999 -9999 -9999 -9999 -9999 -9999 -9999 -9999 -9999 -9999 -9999 -9999 -9999 -9999 -9999
-9999 -9999 14.9804 15.3167 15.6034 15.9457 16.2437 16.4074 16.5674 16.5777 16.2916 16.1631 16.1723 15.987 15.6435 15.4364 15.0405 14.627 14.8163 15.4775 15.2155 15.69 15.6733 15.7778 15.4964 14.9301 14.1821 13.7468 13.5461 13.1699 -9999 -9999 -9999 -9999 -9999 -9999 -9999 -9999 -9999 -9999 -9999 -9999 -9999 -9999 -9999 -9999 -9999 -9999 -9999 -9999 -9999 -9999 -9999 -9999 -9999 -9999 -9999 -9999 -9999 -9999 -9999 -9999 -9999 -9999 -9999 -9999 -9999 -9999 -9999 -9999 -9999 -9999
-9999 -9999 -9999 15.2624 15.4848 15.9463 16.1795 16.293 16.5377 16.5597 16.4648 16.3989 16.2935 16.1492 15.8967 15.616 15.2451 15.2315 15.6628 15.6903 15.6271 15.716 15.9474 15.9132 15.461 14.6651 14.2587 13.3986 13.0484 13.1083 12.8669 -9999 -9999 -9999 -9999 -9999 -9999 -9999 -9999 -9999 -9999 -9999 -9999 14.1918 -9999 -9999 -9999 -9999 -9999 -9999 -9999 -9999 -9999 -9999 -9999 -9999 -9999 -9999 -9999 -9999 -9999 -9999 -9999 -9999 13.1371 -9999 -9999 -9999 -9999 -9999 -9999 -9999
-9999 -9999 15.2178 15.4999 15.7345 16.031 16.0706 16.2486 16.5267 16.5518 16.4908 16.4194 16.2317 16.2024 16.0687 15.7621 15.7177 15.8744 15.9587 16.051 16.1161 16.103 16.0393 15.9503 15.6559 15.3014 15.0702 14.2947 13.9053 13.5432 12.9843 12.5523 -9999 -9999 -9999 -9999 -9999 -9999 -9999 13.7912 13.7951 13.8309 13.9837 14.3608 14.1796 -9999 -9999 -9999 -9999 -9999 -9999 -9999 -9999 -9999 -9999 -9999 -9999 -9999 -9999 -9999 -9999 -9999 -9999 -9999 13.4596 13.0288 -9999 -9999 -9999 -9999 -9999 -9999
-9999 -9999 15.2852 15.5948 15.7591 16.0473 16.2207 16.3279 16.4378 16.5441 16.5515 16.4702 16.3354 16.3593 16.1656 16.0719 16.0117 16.2157 16.2744 16.2245 16.1556 16.0968 15.8905 15.8848 15.8186 15.6006 15.2299 14.8474 14.2748 13.5077 12.7561 12.1546 -9999 -9999 -9999 -9999 -9999 -9999 13.8348 14.1523 14.353 14.0066 14.3502 14.6663 14.6455 14.3838 -9999 -9999 -9999 -9999 -9999 -9999 -9999 -9999 -9999 -9999 -9999 -9999 -9999 -9999 15.5271 15.0846 14.1639 13.7049 13.4402 13.0509 -9999 -9999 -9999 -9999 -9999 -9999
-9999 -9999 15.2339 15.5955 15.8465 16.0715 16.1236 16.348 16.4541 16.5209 16.5371 16.5388 16.5325 16.3663 16.3084 16.0458 16.3432 16.3563 16.3101 16.0585 15.9617 15.5122 15.3259 15.2885 15.7043 15.431 14.8391 14.0943 13.1868 13.1456 12.863 12.3274 -9999 -9999 -9999 -9999 -9999 -9999 13.9282 14.2664 14.5531 14.617 14.2732 14.8152 14.816 14.5528 14.5127 14.7749 14.9202 14.8509 15.1603 15.2687 15.1668 15.3323 -9999 -9999 -9999 -9999 15.5446 15.5896 15.6301 15.4611 14.4529 13.7728 13.1648 13.132 -9999 -9999 -9999 -9999 -9999 -9999
-9999 -9999 15.4773 15.7067 15.8319 15.8677 16.0712 16.2687 16.3968 16.4979 16.5031 16.5188 16.5348 16.4935 16.3669 16.418 16.4298 16.3657 15.8667 15.28 15.5679 15.2289 14.4686 15.114 15.479 15.1661 14.4441 13.604 13.3332 13.3633 12.9616 12.4381 -9999 -9999 -9999 13.0004 13.4726 13.537 13.6946 14.1373 14.4804 14.7465 14.9353 14.9515 14.8061 14.5492 14.2677 14.4025 14.9802 15.14 15.275 15.3864 15.2936 15.3816 15.5549 15.6569 15.6981 15.6892 15.7072 15.7454 15.754 15.5981 14.6986 14.1955 13.8842 13.2358 -9999 -9999 -9999 -9999 -9999 -9999
-9999 -9999 15.3468 15.5484 15.7151 15.9787 16.0233 16.1982 16.3051 16.4593 16.4967 16.3583 16.5146 16.5212 16.5205 16.4921 16.439 16.0221 15.438 14.8517 14.5927 14.7288 14.2831 14.5384 14.9077 14.7986 14.3591 13.6124 13.5232 13.3571 12.666 12.0033 -9999 -9999 12.1108 12.9934 13.6228 13.9601 14.0827 14.1183 14.5441 14.602 15.0583 14.9797 14.4373 14.5271 14.3323 14.5011 14.7295 14.8102 15.1225 15.4291 15.5076 15.5343 15.6539 15.6988 15.7295 15.7529 15.7151 15.7704 15.8011 15.7138 15.0699 14.7695 14.4355 13.2504 -9999 -9999 -9999 -9999 -9999 -9999
-9999 -9999 15.4423 15.6649 15.907 15.9613 16.146 16.1502 16.1172 16.3695 16.4727 16.3818 16.3234 16.4983 16.5123 16.517 16.5086 16.1186 15.6628 14.96 14.5312 14.2722 14.0962 13.8468 14.0452 14.0083 13.9526 14.0555 13.8627 13.4545 13.0586 12.3003 11.9011 -9999 12.1595 12.5712 13.3152 13.9518 14.3658 14.253 14.7339 14.8448 15.1298 15.0023 14.6834 14.5614 14.5739 14.554 14.8853 15.117 15.2833 15.4058 15.5528 15.6089 15.6652 15.7037 15.7363 15.7692 15.7936 15.8173 15.83 15.8138 15.5321 15.232 14.5536 13.2958 -9999 -9999 -9999 -9999 -9999 -9999
-9999 14.841 15.4252 15.7859 15.9361 16.0496 16.1521 16.2319 16.3111 16.3933 16.4562 16.4588 16.1815 16.2305 16.3094 16.5052 16.5179 16.505 16.2668 15.4067 15.1202 14.6913 14.133 13.9071 14.0457 14.5368 14.5332 14.2372 13.9055 13.4343 13.1453 12.6884 11.7932 11.8982 12.3346 12.6662 13.18 13.9527 14.5026 14.7631 14.8783 15.0863 15.2085 15.0245 14.8503 14.7919 14.6614 14.6649 14.6915 14.9015 15.0672 15.4141 15.5474 15.6225 15.6731 15.7122 15.7476 15.7831 15.8124 15.8324 15.859 15.883 15.8867 15.479 14.4211 13.6333 -9999 -9999 -9999 -9999 -9999 -9999
-9999 -9999 15.3254 15.4931 15.5493 15.6354 15.7947 15.9763 16.2226 16.2732 16.4225 16.4453 16.2083 15.9334 16.2195 16.3485 16.4811 16.5091 16.4994 15.7757 15.4084 15.1226 14.5878 14.8027 15.01 15.0415 14.944 14.2888 13.6366 12.8762 12.1744 12.16 11.7921 12.0199 12.3161 13.0408 13.5589 13.7849 13.9551 14.7413 14.9638 15.0587 15.2797 15.0413 15.0008 14.8278 14.9129 14.9211 14.9476 14.4212 14.9964 15.0548 15.4409 15.6288 15.6912 15.7267 15.763 15.7905 15.8185 15.843 15.8731 15.8939 15.9161 15.661 14.3098 13.6486 -9999 -9999 -9999 -9999 -9999 -9999
-9999 -9999 -9999 -9999 15.4117 15.5436 15.6348 15.7807 16.1875 16.3138 16.4059 16.4349 16.3432 16.0711 16.0184 16.0984 15.8345 16.1006 16.454 16.4678 16.4484 15.8157 15.498 15.8388 15.7577 15.284 14.9146 14.5503 13.7834 13.2211 12.4137 11.813 11.8106 12.5177 13.1096 13.8426 14.1808 14.0292 14.2488 14.652 15.1073 15.3413 15.3194 15.0666 15.0543 14.7734 15.1011 15.1526 15.0377 14.9416 15.0119 15.2158 15.3094 15.6169 15.7107 15.7486 15.7763 15.8032 15.828 15.8526 15.876 15.9 15.9232 15.9378 14.5483 13.4768 -9999 -9999 -9999 -9999 -9999 -9999
-9999 -9999 -9999 -9999 15.1445 15.2313 15.433 15.925 16.1879 16.3089 16.3275 16.397 16.3396 16.1036 15.8612 15.6344 15.3337 15.5444 16.0605 16.373 16.4268 15.8745 16.188 16.094 15.8912 15.2663 14.81 14.5758 13.84 13.2073 12.6763 11.937 12.2826 12.6624 13.1451 13.9425 14.4897 14.7304 14.577 14.8451 15.365 15.3948 15.1523 15.1965 15.0592 14.6657 15.1286 15.2773 15.2036 15.2546 15.2396 15.3316 15.4781 15.6192 15.7216 15.7575 15.7844 15.8076 15.8334 15.8601 15.8813 15.9087 15.9319 15.9522 15.0651 13.4614 -9999 -9999 -9999 -9999 -9999 -9999
-9999 -9999 -9999 -9999 -9999 14.9183 15.3566 16.0039 16.1748 16.1815 16.3335 16.3679 16.267 16.1833 15.8837 15.4652 14.6372 14.8789 15.3558 16.032 16.3965 16.3696 16.1942 15.8793 15.0921 14.4049 14.3358 14.237 13.7045 13.2199 12.6275 13.0016 13.4106 13.8572 14.1036 14.0702 14.5427 14.9334 14.8054 15.1281 15.5002 15.3709 15.3054 15.2546 15.0916 15.1065 15.1523 15.4262 15.28 15.4108 15.4355 15.4552 15.5395 15.6327 15.7294 15.7665 15.7922 15.8191 15.8368 15.8661 15.8887 15.9117 15.9353 15.9566 15.9015 15.052 14.5539 -9999 -9999 -9999 -9999 -9999
-9999 -9999 -9999 -9999 -9999 14.5345 14.762 15.5254 15.7703 16.1207 16.3177 16.349 16.1619 16.0687 15.6098 15.4784 14.7143 14.3811 14.7076 14.6135 15.535 16.3517 16.1941 14.6025 14.0366 13.6376 13.7608 13.7784 13.6424 12.8093 12.5955 13.372 13.8695 14.2608 14.5642 14.6469 14.6629 15.2591 15.3614 15.5735 15.5603 15.6046 15.3438 15.1925 15.3748 15.2217 15.2171 15.4992 15.2723 15.5259 15.5211 15.4782 15.5002 15.6761 15.7321 15.7736 15.8002 15.82 15.8383 15.8604 15.8921 15.9169 15.9359 15.9639 15.9835 15.9097 15.4822 15.3509 15.5552 -9999 -9999 -9999
-9999 -9999 -9999 -9999 -9999 -9999 14.0721 15.1263 15.6143 15.8842 16.2566 16.3221 16.2315 16.0535 15.5858 15.1774 14.4969 13.7154 13.3112 14.6108 15.7436 16.3437 16.2835 14.9618 14.4505 14.4429 14.7711 14.5253 14.3432 13.7132 13.5407 13.2942 13.4799 14.0155 14.4597 14.8897 15.2099 15.2602 15.4781 15.6144 15.6503 15.7117 15.7047 15.7038 15.4528 15.671 15.5343 15.6465 15.6165 15.5917 15.5705 15.4374 15.5752 15.7002 15.7513 15.7849 15.8043 15.8286 15.8503 15.8672 15.89 15.9164 15.9429 15.9654 15.993 16.0191 15.9962 15.75 15.4106 14.9743 -9999 -9999
-9999 -9999 -9999 -9999 -9999 -9999 13.5598 14.6093 15.1209 15.7816 16.1304 16.2856 16.2931 16.1534 15.804 15.265 14.8197 13.9442 13.0333 14.397 15.611 16.2756 16.3289 15.2186 15.5483 15.3136 15.4327 14.9883 14.8142 14.6747 14.3629 14.021 13.644 13.4573 14.4245 14.9336 15.3488 15.5586 15.689 15.7677 15.7658 15.7217 15.3294 15.6754 15.6849 15.6793 15.6688 15.677 15.6695 15.656 15.6549 15.6724 15.5926 15.7373 15.761 15.7879 15.8139 15.8364 15.8564 15.8774 15.8975 15.9247 15.9484 15.9718 15.9966 16.0262 16.0509 16.0637 16.0185 15.4231 15.0776 15.0004
-9999 -9999 -9999 -9999 -9999 -9999 12.1164 13.6352 14.8516 15.503 16.0348 16.1999 16.2773 16.081 15.9406 15.5611 15.2025 14.6354 13.7732 13.2503 14.2762 15.7561 16.3114 16.285 16.2695 15.9959 15.751 15.7359 15.7739 15.4803 15.0519 14.4908 14.3314 14.1503 14.8767 14.9966 14.9705 15.7689 15.7968 15.7794 15.5104 15.2049 15.2942 15.1158 15.2992 15.0811 15.3315 15.5514 15.6495 15.6689 15.6649 15.6868 15.7008 15.7486 15.7735 15.7955 15.8184 15.8427 15.8658 15.883 15.9044 15.9344 15.9559 15.9786 16.0022 16.0328 16.059 16.0756 16.093 16.0245 15.9075 15.6603
-9999 -9999 -9999 -9999 -9999 -9999 12.1817 13.4564 14.5475 15.2068 15.8471 16.0143 16.2471 16.2271 16.0785 15.7515 15.3365 14.8738 14.1372 13.5949 14.2879 15.278 15.9917 16.2562 16.2704 16.2722 16.2248 16.2132 16.1552 16.1126 15.8138 15.2854 14.9969 14.565 15.3719 15.4842 15.3868 15.8031 15.8094 15.2446 14.8165 14.7862 15.0883 14.8508 14.8307 14.6925 14.9039 15.4268 15.3067 15.3608 15.6077 15.6706 15.7219 15.7537 15.7776 15.8019 15.8237 15.85 15.8766 15.894 15.9164 15.9411 15.9595 15.9858 16.0073 16.0343 16.0584 16.08 16.0982 16.0982 16.0959 16.1546
-9999 -9999 -9999 -9999 -9999 -9999 12.2127 13.0735 14.0578 15.0198 15.7019 15.9916 16.2094 16.2319 16.0549 15.9045 15.6531 15.2487 14.978 14.4907 13.8128 15.0064 15.3866 15.7237 15.8756 16.2287 16.2391 16.1045 15.936 16.1217 16.0942 15.6807 15.56 15.3414 15.8008 15.8261 15.8389 15.8408 15.3672 14.699 14.1703 14.5957 14.5385 14.746 14.2045 14.6972 15.099 15.2467 15.0168 14.8527 15.4601 15.5854 15.6688 15.7313 15.7811 15.8009 15.8326 15.855 15.8793 15.9038 15.9253 15.949 15.9708 15.9927 16.0157 16.0435 16.0645 16.0846 16.1115 16.1242 16.1454 16.1677
-9999 -9999 -9999 -9999 -9999 -9999 -9999 12.5772 13.8128 14.925 15.5549 15.9601 16.1701 16.1909 16.1121 16.0174 15.8704 15.5849 15.2198 14.629 14.1956 14.5054 14.8782 14.934 15.1878 15.8867 16.138 15.8283 15.0249 15.5256 16.0826 16.0959 16.0728 16.0448 16.003 15.9684 15.8641 15.5436 14.5104 14.3278 13.9384 14.0115 13.8244 14.3135 14.1657 14.6696 14.9025 15.0064 14.5899 14.7039 15.2521 15.4835 15.475 15.6269 15.773 15.8027 15.832 15.8549 15.8837 15.911 15.9356 15.9571 15.9801 16.0044 16.0228 16.0556 16.0439 16.0459 16.0215 16.113 16.1461 16.1816
-9999 -9999 -9999 -9999 -9999 -9999 -9999 12.3303 13.5704 14.8763 15.3116 15.7465 16.1253 16.1563 16.0227 15.8967 15.7659 15.6133 15.1656 14.7316 14.3178 14.1929 14.3015 14.3111 14.7102 15.6154 15.8067 15.7535 14.9137 14.6474 15.3847 16.0083 16.0785 16.0472 15.3633 15.5383 15.1813 14.6885 14.5714 14.3703 13.9172 14.1735 13.8485 14.0248 14.0083 14.3055 14.4636 14.812 14.4524 14.4745 15.0137 15.2968 15.3292 15.625 15.7471 15.7983 15.8307 15.8614 15.889 15.9198 15.944 15.967 15.9888 16.0032 15.9998 15.9338 15.4539 15.4822 15.6502 15.8105 16.081 16.1805
-9999 -9999 -9999 -9999 -9999 -9999 -9999 12.4731 13.3406 14.5021 15.3687 15.4452 15.8791 16.1146 15.967 15.7978 15.6238 15.5607 15.0715 14.5314 14.099 13.5826 13.6925 14.0996 14.7475 15.3398 15.4624 15.3646 14.9193 15.1562 15.6664 15.948 16.0474 16.0107 15.8804 15.8157 15.5592 15.4623 15.097 14.5119 14.2971 14.475 13.8526 13.9236 14.189 13.958 14.4035 14.6301 14.1583 14.5775 15.0545 15.3111 15.5387 15.6602 15.7242 15.8087 15.8364 15.8676 15.8967 15.9225 15.9492 15.9667 15.9858 15.9586 15.9056 15.4554 15.2902 15.3568 15.6049 15.8254 16.0614 16.1711
-9999 -9999 -9999 -9999 -9999 -9999 -9999 12.6187 13.4022 14.4124 15.037 15.168 15.6464 16.0745 16.0531 15.8759 15.8382 15.6533 15.2419 14.7848 14.2827 14.0497 13.4853 14.0835 14.5564 15.0616 15.309 14.9442 14.778 15.1329 15.4862 15.6412 15.9985 16.0189 15.934 15.4888 15.2845 15.4062 15.3329 15.186 14.7913 14.7981 14.5538 14.4677 14.3878 14.068 14.3126 14.3603 14.4489 14.9439 15.2048 15.3866 15.5543 15.6176 15.7054 15.8114 15.8448 15.874 15.9002 15.9283 15.9491 15.9532 15.9611 15.8787 15.7122 15.3781 14.8265 15.2667 15.7257 15.8868 16.0415 16.1336
-9999 -9999 -9999 -9999 -9999 -9999 -9999 12.4903 13.3214 14.1882 14.5643 14.6477 15.4942 16.0218 16.0463 15.9747 15.887 15.3962 15.4493 15.3692 14.9187 14.2519 13.5172 13.6098 14.0785 14.7381 14.971 14.3619 14.1654 14.3486 14.8716 15.3424 15.8333 15.9758 15.8627 15.1562 14.4041 14.7892 15.1992 15.2224 15.1349 14.7707 14.6725 14.5862 14.3275 13.8721 13.9656 14.1254 14.6878 14.8845 15.1739 15.4187 15.3627 15.4372 15.6725 15.8187 15.8497 15.8782 15.9087 15.9326 15.9521 15.9337 15.9128 15.8594 15.3816 15.0948 14.67 15.2308 15.5524 15.7438 16.0512 16.145
-9999 -9999 -9999 -9999 -9999 -9999 -9999 12.2411 12.8507 13.6803 14.0287 14.5706 15.3719 15.7781 15.9851 16.0046 15.954 15.7471 15.6318 15.3819 14.9125 14.2622 13.5365 13.0716 13.3408 14.2182 14.4423 13.8825 13.6147 13.9988 14.5548 15.3674 15.8419 15.9266 15.9099 15.7836 15.2412 14.581 14.6084 14.9773 14.7152 14.4066 14.616 14.6077 14.3526 14.1741 14.0727 14.1802 14.5077 14.6611 14.9915 15.4664 15.5571 15.5708 15.7861 15.822 15.8528 15.8865 15.9128 15.9377 15.9588 15.9487 15.893 15.5839 15.318 14.9374 14.9141 15.4214 15.661 15.8832 16.0479 16.1198
-9999 -9999 -9999 -9999 -9999 -9999 -9999 11.8113 12.5246 13.3033 14.0341 14.7268 15.3264 15.3946 15.722 15.7453 15.9279 15.9057 15.7156 15.5089 15.1078 14.2661 13.5618 12.7914 13.0223 13.9186 14.0411 13.6811 12.9973 13.7495 14.577 15.3293 15.7476 15.462 15.8033 15.8016 15.6138 15.2309 14.6219 14.6592 14.2094 14.2143 14.4841 14.589 14.5742 14.4467 14.2281 14.297 14.5042 14.5782 14.8841 15.2586 15.6253 15.709 15.8004 15.8297 15.8573 15.8892 15.9165 15.9361 15.9454 15.9336 15.6788 15.3708 15.1915 14.9345 14.9272 15.5048 15.7576 15.9083 16.0544 16.1286
-9999 -9999 -9999 -9999 -9999 -9999 -9999 -9999 12.4549 13.2587 13.8597 14.0388 14.5744 14.8746 15.1122 15.1833 15.8174 15.8745 15.7626 15.5747 15.2361 14.6031 14.1687 13.4308 12.9066 13.1484 13.2624 13.4857 13.4492 13.7973 14.5934 15.4221 15.5336 15.0459 15.1458 15.2773 15.5419 15.4451 14.6063 14.1926 13.8538 14.1382 14.4363 14.528 14.5671 14.5404 14.5094 14.4231 14.8141 15.1103 15.1995 15.4611 15.6612 15.7358 15.7985 15.8295 15.8607 15.8874 15.9039 15.9233 15.9065 15.8358 15.5476 14.8168 14.8792 14.8243 14.6158 15.1815 15.5546 15.883 16.0704 16.139
-9999 -9999 -9999 -9999 -9999 -9999 -9999 -9999 12.1962 13.1227 13.337 13.3464 13.0712 13.2326 14.3647 14.6117 15.2208 15.7988 15.7815 15.5979 15.2827 14.915 14.3329 13.5004 12.8433 12.5669 13.3178 14.0553 14.2262 14.4783 14.975 15.0884 14.5891 14.1227 14.4222 14.6125 15.269 15.4093 15.3117 14.8166 14.2469 13.9619 14.3545 14.4294 14.4774 14.5078 14.5259 14.5323 14.9671 15.2211 15.4056 15.5182 15.6938 15.7587 15.7976 15.8357 15.8597 15.8787 15.8818 15.8818 15.7908 15.675 15.1858 14.7825 14.5412 14.2277 15.0225 15.2831 15.6327 15.8672 16.0538 16.1161
