Test_Spring_2018/03_18/Temp/20180323_002.txt
ncols	170
nrows	115
xllcorner	350000.000000
yllcorner	4445000.000000
cellsize	1000.000000
nodata_value	-9999.000000
[rows 31 to 61 of 115, columns 71 to 141 of 170]
6.81321 7.04021 6.61549 6.65918 7.67734 7.90498 7.89058 7.79958 7.70306 7.21826 7.05655 6.67486 6.00211 5.72077 4.52358 0.650384 1.74829 2.17845 1.05648 1.68484 2.70663 1.81896 -0.817619 -1.9529 -3.78217 -3.204 -3.75786 -5.23057 -9999 -9999 -9999 -9999 -9999 -9999 -9999 -9999 -9999 -9999 -9999 -9999 -9999 -9999 -9999 -9999 -9999 -9999 -9999 -9999 -9999 -9999 -9999 -9999 -9999 -9999 -9999 -9999 -9999 -9999 -9999 -9999 -9999 -9999 -9999 -9999 -9999 -9999 -9999 -9999 -9999 -9999 -9999
6.60547 6.58079 6.17171 6.80686 7.39167 7.03146 6.79636 7.7569 7.7575 7.43071 6.66228 6.38082 6.089 5.91053 4.92481 2.15767 -0.336714 1.00142 1.03423 0.110759 1.76984 0.895074 -1.38866 -4.61305 -2.85908 -3.31458 -5.60489 -6.16922 -9999 -9999 -9999 -9999 -9999 -9999 -9999 -9999 -9999 -9999 -9999 -9999 -9999 -9999 -9999 -9999 -9999 -9999 -9999 -9999 -9999 -9999 -9999 -9999 -9999 -9999 -9999 -9999 -9999 -9999 -9999 -9999 -9999 -9999 -9999 -9999 -9999 -9999 -9999 -9999 -9999 -9999 -9999
6.25886 6.04528 5.87014 6.81353 6.79479 6.7335 7.07255 7.66989 7.78942 7.66253 7.3279 7.03838 6.7304 5.94757 4.81992 2.45189 -0.38749 -1.0307 0.360425 0.428102 0.652473 -0.14485 -1.14664 -2.7144 -1.42926 -0.929843 -2.43366 -4.40529 -5.66838 -9999 -9999 -9999 -9999 -9999 -9999 -9999 -9999 -9999 -9999 -9999 -9999 -9999 -9999 -9999 -9999 -9999 -9999 -9999 -9999 -9999 -9999 -9999 -9999 -9999 -9999 -9999 -9999 -9999 -9999 -9999 -9999 -9999 -9999 -9999 -9999 -9999 -9999 -9999 -9999 -9999 -9999
5.72831 5.40399 4.49104 5.05993 5.48731 6.27373 6.47983 6.59902 7.72389 7.6653 7.61423 7.13534 6.7526 6.11774 5.03258 3.48712 1.6261 -1.61505 0.384966 1.95119 1.91189 1.82686 1.12506 -0.381299 0.879893 0.939469 -0.983361 -3.16984 -4.45509 -4.98638 -9999 -9999 -9999 -9999 -9999 -9999 -9999 -9999 -9999 -9999 -9999 -9999 -9999 -9999 -9999 -9999 -9999 -9999 -9999 -9999 -9999 -9999 -9999 -9999 -9999 -9999 -9999 -9999 -9999 -9999 -9999 -9999 -9999 -9999 -9999 -9999 -9999 -9999 -9999 -9999 -9999
4.98553 4.67311 3.55759 4.12984 4.89319 5.96918 6.52437 6.94832 7.28544 7.62933 7.58998 7.09997 5.65038 5.44439 5.38278 4.37237 2.25057 0.131448 -0.416968 1.97171 2.65577 2.51695 3.05056 1.77435 2.37781 2.13063 1.44872 -0.65277 -2.57269 -3.36518 -4.93155 -9999 -9999 -9999 -9999 -9999 -9999 -9999 -9999 -9999 -9999 -9999 -9999 -9999 -9999 -9999 -9999 -9999 -9999 -9999 -9999 -9999 -9999 -9999 -9999 -9999 -9999 -9999 -9999 -9999 -9999 -9999 -9999 -9999 -9999 -9999 -9999 -9999 -9999 -9999 -9999
-9999 -9999 -9999 2.86942 3.90704 4.7686 5.81801 6.72551 7.18168 7.62496 7.59069 6.61021 6.13133 6.0907 5.4292 4.26264 3.53076 2.1968 0.806764 1.33848 3.37525 2.4696 3.91243 3.79031 4.05532 3.09072 1.26264 -1.17945 -2.60715 -3.31621 -4.58548 -9999 -9999 -9999 -9999 -9999 -9999 -9999 -9999 -9999 -9999 -9999 -9999 -9999 -9999 -9999 -9999 -9999 -9999 -9999 -9999 -9999 -9999 -9999 -9999 -9999 -9999 -9999 -9999 -9999 -9999 -9999 -9999 -9999 -9999 -9999 -9999 -9999 -9999 -9999 -9999
-9999 -9999 -9999 -9999 3.72947 4.38647 5.79403 6.51731 6.81386 7.52821 7.53131 7.16094 6.8817 6.47569 5.94479 5.06841 4.10117 2.84656 2.73094 4.03394 4.05014 3.77792 3.99158 4.66052 4.48366 2.98795 0.414111 -0.947835 -3.72003 -4.90491 -4.78313 -5.62256 -9999 -9999 -9999 -9999 -9999 -9999 -9999 -9999 -9999 -9999 -9999 -9999 -2.39278 -9999 -9999 -9999 -9999 -9999 -9999 -9999 -9999 -9999 -9999 -9999 -9999 -9999 -9999 -9999 -9999 -9999 -9999 -9999 -9999 -7.43129 -9999 -9999 -9999 -9999 -9999
-9999 -9999 -9999 3.61644 4.49343 5.17814 6.0609 6.14424 6.6698 7.49112 7.50477 7.24275 6.94642 6.27789 6.11335 5.6151 4.56488 4.35058 4.77716 4.97362 5.19602 5.33273 5.22112 4.94945 4.59844 3.63452 2.43879 1.63618 -0.893644 -2.17472 -3.39743 -5.24799 -6.69534 -9999 -9999 -9999 -9999 -9999 -9999 -9999 -3.35137 -3.41908 -3.38526 -2.97838 -1.85672 -2.5147 -9999 -9999 -9999 -9999 -9999 -9999 -9999 -9999 -9999 -9999 -9999 -9999 -9999 -9999 -9999 -9999 -9999 -9999 -9999 -6.40991 -7.86661 -9999 -9999 -9999 -9999
-9999 -9999 -9999 3.8649 4.78963 5.25209 6.10958 6.60099 6.91981 7.20575 7.47925 7.43562 7.10769 6.6077 6.61264 5.92248 5.55068 5.28517 5.86192 5.97591 5.74444 5.45392 5.19678 4.47064 4.38584 4.14782 3.3884 2.14254 0.85895 -0.998165 -3.51087 -5.97475 -7.96175 -9999 -9999 -9999 -9999 -9999 -9999 -3.13182 -2.19954 -1.6407 -2.82587 -1.81191 -0.885188 -1.03264 -1.93182 -9999 -9999 -9999 -9999 -9999 -9999 -9999 -9999 -9999 -9999 -9999 -9999 -9999 -9999 0.50549 -0.98768 -4.00537 -5.55158 -6.47881 -7.80327 -9999 -9999 -9999 -9999
-9999 -9999 -9999 3.6931 4.78514 5.5255 6.18312 6.28981 6.96526 7.25643 7.40444 7.38948 7.32629 7.23592 6.63419 6.37612 5.46494 6.33863 6.30592 6.08496 5.20998 4.83017 3.32766 2.66582 2.5163 3.77782 2.84336 0.893738 -1.543 -4.47268 -4.66483 -5.63265 -7.40846 -9999 -9999 -9999 -9999 -9999 -9999 -2.83181 -1.83477 -1.00255 -0.88073 -2.05904 -0.412957 -0.477172 -1.39804 -1.60718 -0.852541 -0.470049 -0.758051 0.143474 0.407853 0.00175691 0.448599 -9999 -9999 -9999 -9999 0.719178 0.78089 0.827812 0.206423 -3.09041 -5.34175 -7.36341 -7.54935 -9999 -9999 -9999 -9999
-9999 -9999 -9999 4.45974 5.1324 5.47337 5.53001 6.12078 6.71171 7.07223 7.34001 7.2892 7.27005 7.24944 7.045 6.56698 6.65458 6.61657 6.33699 4.67204 2.72834 3.57464 2.41826 -0.050444 1.95249 3.05329 1.99433 -0.368237 -3.10728 -4.00614 -3.97034 -5.31662 -7.04838 -9999 -9999 -9999 -5.54687 -4.11919 -3.99345 -3.57155 -2.24205 -1.23061 -0.468722 0.0503235 0.0355881 -0.513446 -1.41448 -2.3939 -2.04548 -0.284964 0.144077 0.502913 0.7767 0.399589 0.597137 1.06881 1.31311 1.36357 1.25398 1.22991 1.26968 1.21479 0.635031 -2.31332 -4.00053 -5.07664 -7.23979 -9999 -9999 -9999 -9999
-9999 -9999 -9999 4.05086 4.63591 5.11025 5.89544 5.98048 6.47987 6.77794 7.21574 7.26779 6.75716 7.18379 7.13118 7.05368 6.88675 6.641 5.23587 3.29857 1.35605 0.458577 0.841572 -0.64538 0.113697 1.22901 0.817687 -0.632478 -3.07285 -3.41724 -3.98639 -6.25245 -8.43209 -9999 -9999 -8.30336 -5.56552 -3.63722 -2.6418 -2.33248 -2.30169 -1.02765 -0.927033 0.443964 0.124511 -1.69001 -1.48665 -2.19336 -1.73722 -1.09275 -0.916029 0.00989692 0.903667 1.07289 1.07747 1.37806 1.44067 1.45766 1.4511 1.24918 1.34352 1.35916 0.998222 -1.13799 -2.1791 -3.32598 -7.2012 -9999 -9999 -9999 -9999
-9999 -9999 -9999 4.36093 5.01482 5.73114 5.84846 6.38014 6.32597 6.17853 6.91997 7.19026 6.83069 6.57248 7.05544 7.02401 6.96155 6.8572 5.53673 4.00804 1.69345 0.254577 -0.624181 -1.25022 -2.08891 -1.51718 -1.69436 -1.93102 -1.66172 -2.33505 -3.6753 -5.001 -7.48312 -8.82425 -9999 -8.14479 -6.90822 -4.61511 -2.66619 -1.42862 -1.8719 -0.423336 -0.154243 0.682246 0.191941 -0.910663 -1.38547 -1.42823 -1.5734 -0.598928 0.0555282 0.515384 0.824779 1.21036 1.30887 1.40805 1.45011 1.4736 1.49752 1.49387 1.48757 1.44572 1.31092 0.329421 -0.709293 -2.95636 -7.06298 -9999 -9999 -9999 -9999
-9999 -9999 2.46957 4.29684 5.39287 5.81797 6.12543 6.39695 6.59434 6.8024 6.99508 7.13005 7.07431 6.11759 6.19835 6.37273 6.9187 6.88061 6.76135 5.9253 3.10899 2.13608 0.711551 -1.13163 -1.90538 -1.52279 -0.0152732 -0.0842204 -1.08498 -2.19977 -3.7421 -4.72359 -6.24473 -9.16611 -8.90183 -7.58411 -6.60304 -5.04392 -2.66194 -0.991896 -0.246192 0.0358234 0.62358 0.928707 0.25515 -0.386612 -0.656346 -1.15541 -1.22642 -1.22329 -0.634766 -0.178143 0.843855 1.18812 1.34569 1.42675 1.47095 1.50355 1.5358 1.54796 1.5298 1.53232 1.52573 1.45522 0.0715542 -3.39286 -6.00088 -9999 -9999 -9999 -9999
-9999 -9999 -9999 3.96946 4.45181 4.57881 4.80076 5.25421 5.7771 6.51808 6.61568 7.02495 7.02493 6.19964 5.2473 6.08119 6.41307 6.7564 6.7668 6.65869 4.29153 3.0524 2.07617 0.30858 0.941094 1.54388 1.58783 1.22109 -0.923394 -3.0588 -5.52232 -7.82141 -7.93099 -9.16858 -8.51294 -7.64182 -5.40807 -3.83555 -3.19693 -2.73803 -0.317153 0.313538 0.529108 1.14844 0.303303 0.087421 -0.548171 -0.36024 -0.416536 -0.413552 -2.17268 -0.41111 -0.306702 0.842992 1.36 1.47783 1.51089 1.54623 1.55317 1.56142 1.55776 1.57099 1.55538 1.53756 0.638725 -3.75447 -5.95877 -9999 -9999 -9999 -9999
-9999 -9999 -9999 -9999 -9999 4.13455 4.50341 4.74075 5.15063 6.40292 6.74213 6.96855 6.99043 6.62449 5.68082 5.43412 5.60897 4.68754 5.4591 6.51464 6.48728 6.3577 4.27595 3.20805 4.23582 3.92033 2.35469 1.12234 -0.0936468 -2.59367 -4.42548 -7.06046 -9.03872 -9.11257 -6.92794 -5.1135 -2.85311 -1.85468 -2.42015 -1.80423 -0.601425 0.764479 1.42491 1.26918 0.378222 0.251482 -0.728316 0.233008 0.31459 -0.133588 -0.52094 -0.369469 0.199117 0.416292 1.31598 1.53449 1.57386 1.58216 1.58744 1.58524 1.5818 1.57235 1.56454 1.55352 1.51443 -3.00142 -6.51367 -9999 -9999 -9999 -9999
-9999 -9999 -9999 -9999 -9999 3.27765 3.50289 4.0931 5.60637 6.39979 6.72198 6.71394 6.86456 6.60731 5.77796 4.92611 4.12256 3.08516 3.67955 5.25052 6.1759 6.27974 4.45468 5.39953 5.04185 4.33924 2.29224 0.783333 -0.0172413 -2.41751 -4.47399 -6.22714 -8.64724 -7.61132 -6.47009 -5.00419 -2.53853 -0.874044 -0.189281 -0.761053 0.00848953 1.58019 1.58934 0.73017 0.785751 0.260289 -1.07844 0.313633 0.704771 0.388058 0.469333 0.348936 0.560549 0.946333 1.31566 1.56169 1.59582 1.60079 1.59429 1.59549 1.59794 1.58228 1.58532 1.57432 1.55291 -1.36139 -6.57027 -9999 -9999 -9999 -9999
-9999 -9999 -9999 -9999 -9999 -9999 2.50024 3.84467 5.85271 6.35256 6.30967 6.72655 6.76502 6.3686 6.02461 4.99019 3.57572 0.856485 1.55007 2.99622 5.08098 6.1757 6.02602 5.41232 4.35066 1.7852 -0.460124 -0.734516 -1.10341 -2.8555 -4.43977 -6.3889 -5.25955 -4.02199 -2.66768 -1.95524 -2.13819 -0.711707 0.451535 -0.0400752 0.903696 2.00411 1.50591 1.21109 0.963374 0.356414 0.319219 0.381684 1.17195 0.623994 0.959739 0.965666 0.946773 1.13456 1.35095 1.57855 1.61666 1.61832 1.62348 1.59867 1.60961 1.59833 1.58726 1.57728 1.55917 1.2969 -1.50795 -3.18394 -9999 -9999 -9999
-9999 -9999 -9999 -9999 -9999 -9999 1.27207 1.94339 4.32109 5.05651 6.10858 6.66843 6.69671 6.0255 5.65235 4.11001 3.61079 1.09577 -0.0431617 0.923763 0.553047 3.42362 5.96326 5.40643 0.274593 -1.58554 -2.91283 -2.57431 -2.57267 -3.06125 -5.75675 -6.49942 -4.08748 -2.56825 -1.39059 -0.496638 -0.309089 -0.337978 1.48065 1.72335 2.31479 2.18728 2.24243 1.32535 0.757595 1.25124 0.678807 0.580521 1.397 0.591712 1.31908 1.2307 1.01236 1.00132 1.48138 1.57924 1.63136 1.6355 1.61807 1.59546 1.58329 1.60064 1.59528 1.57059 1.5738 1.54946 1.21751 -0.233392 -0.739441 -0.175259 -9999
-9999 -9999 -9999 -9999 -9999 -9999 -9999 -0.261662 3.0419 4.55195 5.34675 6.46505 6.60204 6.24642 5.59895 4.02756 2.64569 0.397587 -2.17048 -3.53184 0.540772 4.08487 5.93386 5.68719 1.4153 -0.271821 -0.351795 0.639068 -0.199823 -0.8361 -2.88494 -3.49675 -4.34666 -3.82202 -2.18069 -0.840189 0.453522 1.39465 1.47301 2.0842 2.43494 2.46444 2.57458 2.46692 2.37885 1.49168 2.10275 1.58352 1.85848 1.68083 1.5205 1.38045 0.874271 1.2325 1.54999 1.63243 1.65806 1.63986 1.6366 1.62459 1.59648 1.58466 1.58446 1.58336 1.569 1.57056 1.55687 1.39586 0.523522 -0.64505 -2.12196
-9999 -9999 -9999 -9999 -9999 -9999 -9999 -1.90067 1.38666 2.97138 5.01144 6.06389 6.49049 6.43634 5.91194 4.71832 2.92059 1.42301 -1.44394 -4.42123 -0.146811 3.65984 5.71403 5.82185 2.22981 3.22305 2.4175 2.74052 1.26739 0.655005 0.169634 -0.887276 -2.04266 -3.30582 -3.97427 -0.965655 0.580004 1.82423 2.4117 2.74431 2.91085 2.82228 2.59639 1.26099 2.27916 2.22264 2.12086 2.00419 1.94753 1.84175 1.71727 1.64155 1.61571 1.27987 1.66138 1.65268 1.65835 1.66091 1.65197 1.63425 1.6191 1.60019 1.60156 1.59059 1.5793 1.57201 1.56948 1.56044 1.51403 1.28331 -0.70047
-9999 -9999 -9999 -9999 -9999 -9999 -9999 -6.50724 -1.72561 2.12017 4.12793 5.76105 6.21146 6.38083 5.67645 5.15001 3.86172 2.64164 0.75836 -2.06338 -3.8008 -0.601127 4.05119 5.76364 5.62615 5.51752 4.58664 3.74775 3.64098 3.7032 2.72623 1.30667 -0.549839 -1.12958 -1.77959 0.461427 0.766384 0.603906 3.06808 3.0748 2.93574 1.99409 0.938777 1.13916 0.485893 0.983834 0.204884 0.920275 1.53862 1.76937 1.74992 1.66535 1.65551 1.61852 1.68418 1.68329 1.67308 1.66559 1.66211 1.654 1.62665 1.61182 1.62367 1.6049 1.59191 1.57959 1.57994 1.57628 1.54228 1.51139 1.20743
-9999 -9999 -9999 -9999 -9999 -9999 -9999 -6.28876 -2.26672 1.14466 3.18959 5.15757 5.61537 6.28056 6.13887 5.58721 4.46743 3.06791 1.51808 -0.902638 -2.7019 -0.561074 2.52649 4.73804 5.52742 5.51586 5.46154 5.25028 5.16468 4.91898 4.74225 3.72295 1.96799 0.97735 -0.472284 2.02493 2.30587 1.91622 3.16306 3.10136 1.21784 -0.230341 -0.410494 0.472235 -0.368499 -0.518826 -1.04277 -0.451689 1.13302 0.670811 0.761726 1.47763 1.59588 1.67076 1.69122 1.68645 1.68347 1.67194 1.67469 1.67759 1.65068 1.63902 1.63404 1.6082 1.60351 1.58607 1.57457 1.56356 1.54596 1.51791 1.43238
-9999 -9999 -9999 -9999 -9999 -9999 -9999 -6.19261 -3.49128 -0.421316 2.58963 4.69103 5.5395 6.15766 6.1524 5.51074 4.95462 4.0776 2.71412 1.77893 0.154657 -2.07491 1.66325 2.80773 3.8273 4.25985 5.32516 5.29785 4.80793 4.23397 4.75972 4.60267 3.21464 2.75832 1.98803 3.37702 3.38084 3.34292 3.2691 1.67788 -0.534195 -2.3023 -1.02929 -1.29504 -0.712382 -2.5248 -1.03393 0.164137 0.552402 -0.262195 -0.866996 0.999085 1.30767 1.4918 1.60993 1.68776 1.66959 1.68945 1.67944 1.67513 1.6704 1.65578 1.64753 1.63276 1.61761 1.60164 1.59227 1.57261 1.5474 1.54708 1.5022
-9999 -9999 -9999 -9999 -9999 -9999 -9999 -9999 -5.07306 -1.18519 2.28918 4.22395 5.44107 6.03452 6.02475 5.69697 5.31945 4.7758 3.79225 2.55639 0.602988 -0.847202 0.0735959 1.19487 1.31754 2.06378 4.22951 4.96859 3.91836 1.32079 2.84879 4.55553 4.5273 4.38135 4.21837 4.0074 3.81982 3.409 2.30785 -1.06661 -1.72779 -3.05118 -2.9003 -3.57921 -2.09767 -2.65489 -1.13129 -0.47129 -0.222473 -1.63205 -1.33706 0.317522 0.972867 0.864215 1.26676 1.65137 1.66475 1.67672 1.66793 1.6775 1.68198 1.67712 1.66115 1.65006 1.64234 1.61091 1.61657 1.49276 1.4129 1.24927 1.45548
-9999 -9999 -9999 -9999 -9999 -9999 -9999 -9999 -5.84165 -1.95819 2.13335 3.44764 4.75964 5.89214 5.91509 5.41357 4.93662 4.44524 3.88562 2.38642 0.932502 -0.455716 -0.921689 -0.642049 -0.670036 0.537988 3.35998 3.9056 3.67149 0.956696 0.0389328 2.31934 4.23597 4.38666 4.21279 1.95691 2.43779 1.22125 -0.428753 -0.882367 -1.60416 -3.13026 -2.39491 -3.51284 -3.03323 -3.16619 -2.30126 -1.87971 -0.851042 -2.07942 -2.07674 -0.452069 0.368147 0.389124 1.25028 1.55792 1.63934 1.66079 1.6767 1.68198 1.69724 1.69118 1.68049 1.66577 1.62674 1.53087 1.22939 -0.399949 -0.395954 0.0540091 0.479925
-9999 -9999 -9999 -9999 -9999 -9999 -9999 -9999 -5.38472 -2.68964 0.940909 3.63044 3.80023 5.10828 5.7839 5.2384 4.62405 3.99544 3.72101 2.0893 0.296738 -1.15164 -2.86627 -2.58385 -1.35286 0.654013 2.47671 2.80196 2.42423 0.966605 1.65188 3.20697 4.03263 4.27601 4.08424 3.59304 3.30944 2.41365 2.02575 0.78161 -1.16404 -1.93008 -1.44414 -3.50997 -3.36538 -2.60129 -3.41801 -2.08005 -1.43983 -3.02588 -1.76927 -0.331499 0.403869 1.047 1.35193 1.47413 1.66117 1.66741 1.68453 1.69467 1.69371 1.69546 1.66721 1.64416 1.47269 1.21885 -0.301205 -0.93405 -0.80769 -0.102216 0.515762
-9999 -9999 -9999 -9999 -9999 -9999 -9999 -9999 -4.91771 -2.49113 0.656887 2.57465 2.91842 4.36885 5.65868 5.51548 4.87621 4.68201 4.0193 2.63548 1.1068 -0.564244 -1.37662 -3.24463 -1.40568 0.0421897 1.58573 2.30746 1.10868 0.508948 1.56931 2.62359 3.04459 4.10969 4.09964 3.75269 2.25633 1.52695 1.83595 1.52296 0.974397 -0.36476 -0.424003 -1.28423 -1.64045 -1.977 -3.07631 -2.37865 -2.30883 -2.11999 -0.610805 0.137798 0.634434 1.08634 1.2057 1.40293 1.65868 1.68246 1.69307 1.69349 1.69989 1.68287 1.6122 1.5529 1.20599 0.590476 -0.559575 -2.42494 -1.10716 0.270724 0.684021
-9999 -9999 -9999 -9999 -9999 -9999 -9999 -9999 -5.32322 -2.7455 -0.0549443 1.07041 1.26212 3.88647 5.49368 5.4972 5.1945 4.84077 3.20275 3.29947 2.97215 1.46473 -0.731259 -3.14322 -2.91715 -1.48442 0.551085 1.22529 -0.753112 -1.45062 -0.938251 0.65617 2.0835 3.57399 3.95267 3.5156 1.18612 -1.28934 -0.140494 1.08704 1.08078 0.721291 -0.520697 -0.914858 -1.27173 -2.17803 -3.715 -3.4936 -3.06663 -1.35326 -0.809868 0.0294247 0.726679 0.464972 0.619583 1.28698 1.67053 1.6863 1.69457 1.70867 1.70146 1.68024 1.5377 1.38667 1.13206 -0.475513 -1.47455 -2.92778 -1.23398 -0.294135 0.206912
-9999 -9999 -9999 -9999 -9999 -9999 -9999 -9999 -6.1131 -4.2423 -1.6706 -0.633707 1.01981 3.49985 4.72002 5.30528 5.2931 5.05752 4.32432 3.88363 3.01464 1.44646 -0.698053 -3.08203 -4.63417 -3.84555 -1.10946 -0.462757 -2.28605 -3.21164 -2.05978 -0.360559 2.15571 3.59346 3.78771 3.6579 3.17779 1.37057 -0.812945 -0.804989 0.29094 -0.625062 -1.68984 -1.10355 -1.21165 -2.10649 -2.75739 -3.16068 -2.91277 -1.93685 -1.53173 -0.562204 0.868476 1.07425 1.03475 1.63791 1.6693 1.68472 1.70886 1.70961 1.70559 1.68905 1.57307 1.31134 0.241823 -0.690643 -1.98853 -2.14768 -0.638882 0.0235434 0.637592
-9999 -9999 -9999 -9999 -9999 -9999 -9999 -9999 -7.47869 -5.27777 -2.86865 -0.612826 1.52144 3.35842 3.50108 4.47022 4.46965 4.97763 4.83276 4.15296 3.42107 2.06989 -0.685032 -3.00172 -5.52839 -4.86277 -2.06914 -1.71299 -2.93246 -5.18493 -2.85998 -0.295883 2.02809 3.28619 2.29994 3.31102 3.2283 2.55139 1.25173 -0.769275 -0.73051 -2.24494 -2.31037 -1.53191 -1.27899 -1.40827 -1.89676 -2.67925 -2.54916 -1.95759 -1.80567 -0.914558 0.195549 1.28095 1.46429 1.67234 1.68254 1.68729 1.70563 1.70928 1.68818 1.63423 1.51282 0.616449 -0.449871 -1.10617 -2.01001 -2.11834 -0.376252 0.31813 0.70413
