Test_Spring_2018/03_18/Temp/20180319_019.txt
ncols	170
nrows	115
xllcorner	350000.000000
yllcorner	4445000.000000
cellsize	1000.000000
nodata_value	-9999.000000
[rows 32 to 63 of 115, columns 72 to 143 of 170]
9.75 9.43004 9.92407 10.3789 10.095 9.90796 10.6521 10.6518 10.3964 9.79686 9.57703 9.34921 9.20982 8.44117 6.28383 4.33908 5.38186 5.40703 4.68668 5.97944 5.29693 3.51603 1.00183 2.36842 2.01266 0.226121 -0.212785 -9999 -9999 -9999 -9999 -9999 -9999 -9999 -9999 -9999 -9999 -9999 -9999 -9999 -9999 -9999 -9999 -9999 -9999 -9999 -9999 -9999 -9999 -9999 -9999 -9999 -9999 -9999 -9999 -9999 -9999 -9999 -9999 -9999 -9999 -9999 -9999 -9999 -9999 -9999 -9999 -9999 -9999 -9999 -9999 -9999
9.3211 9.18367 9.91812 9.90254 9.85234 10.1125 10.5733 10.6657 10.5661 10.3046 10.0784 9.83788 9.22727 8.3479 6.50165 4.28797 3.78628 4.87041 4.92285 5.09739 4.47547 3.69412 2.47155 3.47291 3.86175 2.68799 1.15298 0.163766 -9999 -9999 -9999 -9999 -9999 -9999 -9999 -9999 -9999 -9999 -9999 -9999 -9999 -9999 -9999 -9999 -9999 -9999 -9999 -9999 -9999 -9999 -9999 -9999 -9999 -9999 -9999 -9999 -9999 -9999 -9999 -9999 -9999 -9999 -9999 -9999 -9999 -9999 -9999 -9999 -9999 -9999 -9999 -9999
8.80974 8.09732 8.53995 8.87222 9.48074 9.63551 9.72755 10.6036 10.5571 10.5166 10.1427 9.84375 9.34839 8.50207 7.29701 5.84602 3.31922 4.87811 6.09888 6.06808 6.00163 5.45437 4.2799 5.26281 5.30899 3.81082 2.1022 1.10033 0.686204 -9999 -9999 -9999 -9999 -9999 -9999 -9999 -9999 -9999 -9999 -9999 -9999 -9999 -9999 -9999 -9999 -9999 -9999 -9999 -9999 -9999 -9999 -9999 -9999 -9999 -9999 -9999 -9999 -9999 -9999 -9999 -9999 -9999 -9999 -9999 -9999 -9999 -9999 -9999 -9999 -9999 -9999 -9999
8.22861 7.35841 7.80377 8.398 9.23345 9.66056 9.98885 10.2507 10.5179 10.4864 10.1037 8.97299 8.81185 8.76337 7.97538 6.32112 4.66906 4.24149 6.10356 6.63685 6.52869 6.94471 5.94988 6.4203 6.22756 5.69799 4.05475 2.55844 1.94083 0.719942 -9999 -9999 -9999 -9999 -9999 -9999 -9999 -9999 -9999 -9999 -9999 -9999 -9999 -9999 -9999 -9999 -9999 -9999 -9999 -9999 -9999 -9999 -9999 -9999 -9999 -9999 -9999 -9999 -9999 -9999 -9999 -9999 -9999 -9999 -9999 -9999 -9999 -9999 -9999 -9999 -9999 -9999
-9999 -9999 6.81017 7.61609 8.28257 9.09924 9.80422 10.1588 10.5033 10.4757 9.71044 9.33633 9.30398 8.7878 7.87806 7.30733 6.26742 5.18392 5.5986 7.18659 6.48089 7.60593 7.51099 7.7178 6.96601 5.53868 3.63489 2.52231 1.96983 0.980614 -9999 -9999 -9999 -9999 -9999 -9999 -9999 -9999 -9999 -9999 -9999 -9999 -9999 -9999 -9999 -9999 -9999 -9999 -9999 -9999 -9999 -9999 -9999 -9999 -9999 -9999 -9999 -9999 -9999 -9999 -9999 -9999 -9999 -9999 -9999 -9999 -9999 -9999 -9999 -9999 -9999 -9999
-9999 -9999 -9999 7.46696 7.974 9.07019 9.63108 9.86111 10.4168 10.4181 10.1283 9.90966 9.59238 9.17793 8.49437 7.74021 6.76225 6.67235 7.68847 7.70159 7.48992 7.65702 8.179 8.04158 6.8782 4.86771 3.80655 1.64554 0.72223 0.817451 0.16334 -9999 -9999 -9999 -9999 -9999 -9999 -9999 -9999 -9999 -9999 -9999 -9999 2.69117 -9999 -9999 -9999 -9999 -9999 -9999 -9999 -9999 -9999 -9999 -9999 -9999 -9999 -9999 -9999 -9999 -9999 -9999 -9999 -9999 -1.19675 -9999 -9999 -9999 -9999 -9999 -9999 -9999
-9999 -9999 7.37084 8.04785 8.58066 9.26764 9.33131 9.73796 10.3769 10.3862 10.1807 9.94854 9.42648 9.29753 8.90872 8.08992 7.92302 8.25595 8.40968 8.58377 8.69114 8.60496 8.39395 8.121 7.36794 6.43661 5.8116 3.83977 2.84142 1.8886 0.446291 -0.681727 -9999 -9999 -9999 -9999 -9999 -9999 -9999 1.92989 1.8784 1.90622 2.225 3.10112 2.59005 -9999 -9999 -9999 -9999 -9999 -9999 -9999 -9999 -9999 -9999 -9999 -9999 -9999 -9999 -9999 -9999 -9999 -9999 -9999 -0.406077 -1.53978 -9999 -9999 -9999 -9999 -9999 -9999
-9999 -9999 7.54848 8.26858 8.62805 9.29522 9.6768 9.92215 10.1435 10.3551 10.3197 10.0627 9.67192 9.67499 9.13656 8.84665 8.63994 9.0901 9.17976 9.0003 8.77491 8.57554 8.01052 7.94534 7.75862 7.16756 6.19715 5.19716 3.74957 1.79119 -0.129232 -1.67795 -9999 -9999 -9999 -9999 -9999 -9999 2.09092 2.81891 3.256 2.33377 3.12603 3.85044 3.73764 3.0412 -9999 -9999 -9999 -9999 -9999 -9999 -9999 -9999 -9999 -9999 -9999 -9999 -9999 -9999 4.97356 3.81071 1.45957 0.255676 -0.465486 -1.49607 -9999 -9999 -9999 -9999 -9999 -9999
-9999 -9999 7.40471 8.25519 8.83121 9.34241 9.4239 9.94661 10.1723 10.2859 10.2725 10.2217 10.1501 9.68014 9.47851 8.76818 9.44962 9.42486 9.25365 8.57281 8.27808 7.10819 6.59357 6.4762 7.46088 6.73354 5.21463 3.3158 1.03227 0.882747 0.128546 -1.25559 -9999 -9999 -9999 -9999 -9999 -9999 2.3157 3.09429 3.74464 3.84145 2.92499 4.21045 4.16473 3.44984 3.28987 3.88124 4.1825 3.96348 4.66972 4.87835 4.56411 4.91453 -9999 -9999 -9999 -9999 5.13252 5.18159 5.21913 4.73577 2.16695 0.413348 -1.16096 -1.30234 -9999 -9999 -9999 -9999 -9999 -9999
-9999 -9999 7.99281 8.51631 8.78086 8.82341 9.28204 9.7386 10.0181 10.2233 10.1819 10.1655 10.1481 9.98788 9.61482 9.68312 9.65395 9.43686 8.14015 6.62635 7.28756 6.38916 4.462 6.02735 6.88694 6.06269 4.222 2.08759 1.38713 1.41537 0.366104 -0.982612 -9999 -9999 -9999 0.188413 1.30192 1.4008 1.73085 2.76872 3.55895 4.15392 4.56085 4.54975 4.12859 3.4295 2.66942 2.94448 4.32031 4.65813 4.94389 5.16008 4.86861 5.02663 5.39608 5.58802 5.62862 5.54426 5.52644 5.55831 5.51642 5.06548 2.76664 1.45276 0.615555 -1.06307 -9999 -9999 -9999 -9999 -9999 -9999
-9999 -9999 7.66037 8.11545 8.48392 9.09653 9.16083 9.54792 9.77615 10.1161 10.1547 9.75488 10.0861 10.0441 9.98321 9.85313 9.66213 8.56779 7.05897 5.54633 4.84846 5.14503 3.98751 4.58321 5.4542 5.13664 4.00875 2.10719 1.83923 1.39557 -0.370862 -2.07003 -9999 -9999 -1.96984 0.164654 1.66836 2.44518 2.68752 2.71311 3.7082 3.78889 4.86017 4.61209 3.2043 3.36636 2.81853 3.17793 3.68696 3.82822 4.55547 5.25526 5.38962 5.39531 5.63141 5.68169 5.69614 5.69199 5.5354 5.6097 5.62268 5.34223 3.6781 2.86793 1.977 -1.03807 -9999 -9999 -9999 -9999 -9999 -9999
-9999 -9999 7.89138 8.39994 8.9569 9.04666 9.45923 9.41827 9.29904 9.8747 10.084 9.80177 9.59896 9.9744 9.94941 9.90082 9.82013 8.79194 7.60183 5.79936 4.67969 3.9933 3.50704 2.8588 3.30624 3.16962 2.98635 3.19718 2.67442 1.62959 0.596144 -1.33891 -2.38462 -9999 -1.85527 -0.891181 0.89684 2.41693 3.38291 3.03903 4.17031 4.38254 5.03571 4.65658 3.80388 3.44063 3.41125 3.30201 4.06547 4.57931 4.94338 5.18757 5.49084 5.56981 5.64891 5.68313 5.70254 5.72204 5.71988 5.7156 5.68364 5.57939 4.81536 4.00819 2.25842 -0.937121 -9999 -9999 -9999 -9999 -9999 -9999
-9999 6.40986 7.83285 8.68594 9.01574 9.25358 9.4632 9.61488 9.77309 9.92359 10.0265 9.98167 9.23424 9.29609 9.43151 9.85725 9.8283 9.73662 9.0866 6.8932 6.13424 5.02706 3.59227 2.99323 3.29339 4.47017 4.41773 3.63856 2.77016 1.5679 0.80401 -0.382067 -2.65972 -2.45407 -1.42708 -0.662279 0.553486 2.41113 3.71426 4.29732 4.51937 4.97877 5.21955 4.70075 4.20742 4.00143 3.61668 3.56556 3.57211 4.0348 4.39631 5.19634 5.4674 5.59247 5.65742 5.69323 5.71965 5.74552 5.75555 5.74189 5.74442 5.74004 5.68699 4.60993 1.91433 -0.113008 -9999 -9999 -9999 -9999 -9999 -9999
-9999 -9999 7.56924 7.94382 8.04112 8.21218 8.5635 8.96883 9.54244 9.61648 9.93365 9.93318 9.28863 8.5451 9.19463 9.4535 9.72194 9.73143 9.64899 7.8048 6.841 6.08222 4.70649 5.20375 5.67569 5.71167 5.42715 3.75646 2.09248 0.172086 -1.62007 -1.70566 -2.6701 -2.15944 -1.48073 0.26048 1.48662 1.98522 2.34423 4.2332 4.72612 4.89893 5.38523 4.73029 4.56911 4.07822 4.22931 4.18994 4.19663 2.82946 4.2083 4.2929 5.19187 5.5974 5.69094 5.71799 5.74643 5.75245 5.75931 5.75684 5.76764 5.75677 5.74616 5.04754 1.62537 -0.0872308 -9999 -9999 -9999 -9999 -9999 -9999
-9999 -9999 -9999 -9999 7.6863 7.97181 8.1546 8.47177 9.44399 9.70638 9.88101 9.89647 9.60997 8.87408 8.68127 8.81774 8.10031 8.70354 9.52731 9.50801 9.40922 7.78873 6.96035 7.76393 7.52013 6.30146 5.34224 4.39538 2.44719 1.01923 -1.0348 -2.57715 -2.63508 -0.932487 0.481849 2.24374 3.02229 2.58222 3.06364 4.00353 5.07096 5.58901 5.47131 4.78087 4.68932 3.93036 4.68457 4.7529 4.40808 4.11043 4.2342 4.6807 4.85277 5.55635 5.72842 5.76042 5.76769 5.77231 5.77093 5.76855 5.76293 5.75813 5.75125 5.72294 2.20529 -0.526866 -9999 -9999 -9999 -9999 -9999 -9999
-9999 -9999 -9999 -9999 7.00995 7.18346 7.64132 8.81863 9.4332 9.68238 9.67431 9.7902 9.58848 8.94124 8.27702 7.65082 6.84286 7.30749 8.53384 9.25725 9.34044 7.92007 8.66071 8.38433 7.83881 6.24495 5.07018 4.44719 2.57677 0.973692 -0.392924 -2.27971 -1.47258 -0.5834 0.558966 2.48096 3.77868 4.31338 3.86895 4.47092 5.69886 5.70933 5.04342 5.09099 4.68873 3.65014 4.74028 5.05006 4.80785 4.8756 4.78745 4.9557 5.25919 5.54931 5.74277 5.77055 5.77519 5.77055 5.77177 5.77452 5.76323 5.76694 5.76016 5.74575 3.47668 -0.578005 -9999 -9999 -9999 -9999 -9999 -9999
-9999 -9999 -9999 -9999 -9999 6.39359 7.43944 9.00252 9.38833 9.35304 9.67633 9.7049 9.39481 9.12598 8.31939 7.217 5.09803 5.63996 6.76897 8.39612 9.25171 9.13733 8.663 7.83784 5.84016 4.09172 3.87932 3.59287 2.22776 0.992801 -0.526562 0.353585 1.31792 2.37321 2.92822 2.78547 3.89767 4.80522 4.42341 5.16124 6.02185 5.63688 5.41098 5.22221 4.75647 4.73254 4.78628 5.40723 4.98479 5.25092 5.26124 5.24977 5.39887 5.56972 5.74875 5.77959 5.78159 5.78602 5.76708 5.77624 5.76842 5.76121 5.75531 5.74356 5.54195 3.36134 2.05875 -9999 -9999 -9999 -9999 -9999
-9999 -9999 -9999 -9999 -9999 5.42802 5.94926 7.80064 8.37021 9.18864 9.62356 9.64434 9.12016 8.82889 7.62611 7.23722 5.27726 4.39094 5.1463 4.85924 7.09908 9.08104 8.65101 4.65294 3.20505 2.17224 2.43763 2.44003 2.05991 -0.0412431 -0.620075 1.25995 2.44391 3.36154 4.05809 4.20425 4.18195 5.60037 5.79111 6.2543 6.15771 6.20412 5.49315 5.05489 5.44712 5.00593 4.93432 5.57567 4.95256 5.52392 5.46067 5.29366 5.28769 5.66401 5.74187 5.78359 5.78772 5.77448 5.75728 5.74852 5.7631 5.76042 5.74314 5.74809 5.73202 5.47918 4.35206 3.96164 4.40556 -9999 -9999 -9999
-9999 -9999 -9999 -9999 -9999 -9999 4.22239 6.79569 7.96924 8.58733 9.45777 9.56348 9.28488 8.77991 7.55496 6.47802 4.72611 2.72506 1.66626 4.84282 7.60756 9.05101 8.86272 5.53491 4.22182 4.16128 4.93518 4.28237 3.78716 2.19015 1.7134 1.05079 1.45953 2.7381 3.7837 4.79211 5.52604 5.58792 6.06573 6.34161 6.3674 6.45664 6.37657 6.31217 5.62795 6.10922 5.70934 5.92842 5.79445 5.67367 5.57008 5.17857 5.46038 5.70991 5.77571 5.79757 5.78385 5.78172 5.77288 5.75173 5.74376 5.7452 5.74639 5.7377 5.74184 5.73713 5.61548 4.93945 4.03252 2.88518 -9999 -9999
-9999 -9999 -9999 -9999 -9999 -9999 2.93681 5.49768 6.72955 8.3186 9.13549 9.46861 9.42604 9.0171 8.08668 6.68559 5.51873 3.28464 0.96477 4.29954 7.26948 8.87274 8.95874 6.16276 6.939 6.31279 6.56605 5.41884 4.94229 4.56412 3.7405 2.83988 1.85406 1.33441 3.67956 4.8845 5.85481 6.31362 6.57433 6.70615 6.64049 6.46767 5.43042 6.22822 6.19144 6.11681 6.03053 5.99089 5.91275 5.81972 5.7662 5.749 5.48965 5.78954 5.78543 5.79058 5.79313 5.78669 5.77352 5.7626 5.74909 5.75218 5.74558 5.73931 5.73655 5.74056 5.73726 5.70493 5.52893 3.98629 3.06526 2.81169
-9999 -9999 -9999 -9999 -9999 -9999 -0.662126 3.06386 6.05473 7.61931 8.89334 9.24408 9.37589 8.82674 8.41649 7.41255 6.462 4.99467 2.79599 1.44277 3.94043 7.56875 8.90643 8.80335 8.72054 7.99655 7.34403 7.26196 7.31133 6.55 5.44203 3.99529 3.54578 3.03902 4.78598 5.02391 4.89778 6.81965 6.82635 6.71994 5.98844 5.17004 5.32995 4.82434 5.21965 4.61688 5.17896 5.66526 5.8492 5.83783 5.77732 5.77324 5.74667 5.80173 5.80213 5.79499 5.78983 5.78779 5.78226 5.76197 5.75176 5.76273 5.75084 5.74338 5.73622 5.74247 5.74322 5.72038 5.69996 5.46659 5.11317 4.43707
-9999 -9999 -9999 -9999 -9999 -9999 -0.504041 2.6277 5.28646 6.88187 8.41565 8.77231 9.29076 9.18035 8.75052 7.87798 6.78755 5.58014 3.69402 2.29251 3.96259 6.37345 8.09902 8.71854 8.71225 8.67149 8.50819 8.44017 8.24975 8.11246 7.31864 5.95405 5.18201 4.05212 5.99899 6.21837 5.9153 6.88831 6.84172 5.37544 4.249 4.11148 4.80461 4.15305 4.04312 3.63809 4.10297 5.3423 4.98647 5.06095 5.62449 5.71928 5.78271 5.80016 5.79761 5.79622 5.78806 5.79104 5.79425 5.77445 5.76682 5.76473 5.74675 5.74649 5.73583 5.73307 5.72703 5.71678 5.69836 5.63504 5.56771 5.65133
-9999 -9999 -9999 -9999 -9999 -9999 -0.440519 1.66493 4.05771 6.4066 8.04456 8.70591 9.18784 9.18389 8.68398 8.25089 7.56778 6.50563 5.77749 4.51234 2.77548 5.69078 6.58744 7.3864 7.72233 8.55437 8.53459 8.15404 7.70824 8.11912 8.0011 6.9196 6.56428 5.96417 7.04735 7.0509 7.02216 6.96578 5.72692 4.0045 2.62859 3.62373 3.41969 3.87947 2.47369 3.6403 4.57838 4.88504 4.25224 3.78414 5.24425 5.4909 5.63632 5.72994 5.79187 5.77878 5.79524 5.78843 5.78617 5.78379 5.77395 5.76937 5.76001 5.75065 5.74214 5.74099 5.72905 5.71623 5.71941 5.68592 5.67561 5.66878
-9999 -9999 -9999 -9999 -9999 -9999 -9999 0.419985 3.45315 6.1616 7.66998 8.61901 9.08194 9.0747 8.81962 8.52582 8.1026 7.33653 6.37389 4.85201 3.72252 4.44143 5.32021 5.42024 6.00355 7.69335 8.27097 7.45364 5.42937 6.62596 7.95735 7.9361 7.82297 7.69653 7.53322 7.38775 7.06847 6.21134 3.58243 3.06859 2.03932 2.15964 1.63343 2.79422 2.36699 3.55855 4.07687 4.27452 3.17919 3.41528 4.71213 5.22519 5.14231 5.45762 5.75699 5.76862 5.77907 5.77337 5.78208 5.78699 5.78483 5.7764 5.7701 5.76669 5.74662 5.75733 5.66417 5.60522 5.48085 5.64461 5.66386 5.68327
-9999 -9999 -9999 -9999 -9999 -9999 -9999 -0.185032 2.84234 6.03204 7.05685 8.07995 8.96319 8.98154 8.5911 8.21986 7.83745 7.40191 6.23403 5.10156 4.02041 3.65829 3.87751 3.86403 4.80726 7.00863 7.43541 7.25429 5.14342 4.42921 6.20794 7.70294 7.82125 7.68652 5.92883 6.30464 5.35745 4.07259 3.72065 3.15995 1.9726 2.54841 1.6798 2.05674 1.96297 2.64078 2.97291 3.7782 2.82388 2.83207 4.10589 4.74745 4.76567 5.43857 5.67979 5.74456 5.76253 5.77624 5.78177 5.79528 5.79238 5.7861 5.77691 5.749 5.67695 5.44671 4.18294 4.18914 4.54288 4.87771 5.48675 5.66437
-9999 -9999 -9999 -9999 -9999 -9999 -9999 0.162592 2.26374 5.09421 7.19119 7.32401 8.34419 8.87141 8.44676 7.96851 7.47919 7.26604 5.99493 4.59852 3.47053 2.13508 2.35651 3.31745 4.89082 6.31319 6.56821 6.27516 5.14472 5.68026 6.89372 7.53845 7.7292 7.5807 7.19882 6.97887 6.28184 5.98093 5.01278 3.49803 2.9031 3.28437 1.67668 1.79228 2.39094 1.76456 2.81081 3.31305 2.07969 3.07055 4.19378 4.76918 5.27243 5.51182 5.60861 5.75584 5.7621 5.77688 5.78631 5.78723 5.79044 5.77046 5.75472 5.62346 5.42814 4.24587 3.76093 3.8623 4.41504 4.89943 5.4155 5.62463
-9999 -9999 -9999 -9999 -9999 -9999 -9999 0.517884 2.40989 4.86434 6.35983 6.62837 7.75964 8.76576 8.65481 8.15721 8.00661 7.49087 6.41308 5.22245 3.92095 3.2889 1.83404 3.26897 4.40696 5.61174 6.17586 5.24751 4.78158 5.60964 6.43286 6.76231 7.5938 7.58713 7.31787 6.15268 5.58548 5.82791 5.58565 5.15997 4.1182 4.07439 3.40636 3.1314 2.87189 2.02533 2.57221 2.6296 2.78504 3.96775 4.5537 4.94301 5.29723 5.39205 5.54743 5.74834 5.76839 5.7782 5.78014 5.78685 5.77544 5.72236 5.6783 5.41018 4.9328 4.03882 2.59316 3.62312 4.69986 5.02978 5.34982 5.51518
-9999 -9999 -9999 -9999 -9999 -9999 -9999 0.192856 2.20283 4.30081 5.17871 5.32882 7.3753 8.62892 8.63244 8.3973 8.12244 6.8465 6.92292 6.66889 5.49503 3.78449 1.90568 2.08339 3.20536 4.79828 5.32542 3.78971 3.24768 3.6487 4.89312 6.00721 7.17047 7.46701 7.12765 5.31313 3.38491 4.28208 5.24074 5.23779 4.95965 3.99375 3.68893 3.41331 2.70951 1.51785 1.69734 2.03298 3.38072 3.80686 4.46348 5.00919 4.80718 4.92956 5.45155 5.75218 5.76609 5.77415 5.78681 5.78294 5.76825 5.65912 5.54349 5.34723 4.09639 3.32001 2.19292 3.51865 4.2538 4.65795 5.35778 5.52722
-9999 -9999 -9999 -9999 -9999 -9999 -9999 -0.431943 1.02712 3.03258 3.84163 5.13138 7.06545 8.01745 8.47455 8.46597 8.28331 7.71281 7.37041 6.69423 5.4731 3.80279 1.94591 0.73755 1.35395 3.49689 4.00809 2.58826 1.86857 2.76825 4.09452 6.05764 7.17994 7.33286 7.23316 6.86041 5.45318 3.75271 3.76068 4.6169 3.90489 3.07706 3.53643 3.45462 2.75964 2.2549 1.9512 2.15285 2.92022 3.23854 3.99668 5.11416 5.27663 5.24776 5.71976 5.74597 5.75967 5.78017 5.78246 5.78108 5.77003 5.68156 5.47956 4.64797 3.92331 2.91388 2.79218 3.97704 4.50134 4.98831 5.33345 5.4482
-9999 -9999 -9999 -9999 -9999 -9999 -9999 -1.50563 0.210922 2.08978 3.84913 5.51373 6.94661 7.05873 7.81517 7.81573 8.2128 8.10102 7.57234 7.00314 5.95129 3.80528 2.00098 0.0330738 0.553736 2.73695 3.02644 2.07788 0.324004 2.1383 4.13894 5.9523 6.93472 6.16754 6.95731 6.89443 6.36839 5.35695 3.78328 3.81537 2.63682 2.58794 3.19705 3.39659 3.29831 2.9201 2.31636 2.43074 2.89854 3.01948 3.71652 4.58415 5.43239 5.5773 5.74138 5.75113 5.75659 5.7726 5.77717 5.76247 5.72222 5.62947 4.93268 4.10351 3.59406 2.89172 2.80958 4.17312 4.72561 5.03487 5.33356 5.45354
-9999 -9999 -9999 -9999 -9999 -9999 -9999 -9999 0.0322759 1.97338 3.41014 3.79818 5.07205 5.76062 6.2938 6.41319 7.93176 8.01695 7.68239 7.15973 6.26291 4.63492 3.50109 1.61364 0.257409 0.820211 1.08186 1.58257 1.43717 2.24732 4.17003 6.17311 6.39319 5.1236 5.3137 5.5816 6.17974 5.87933 3.73428 2.6456 1.74239 2.38804 3.06721 3.23355 3.26901 3.1412 3.00001 2.74762 3.65586 4.32869 4.48704 5.07399 5.50808 5.63009 5.7227 5.73667 5.75082 5.75388 5.73168 5.71641 5.61121 5.37181 4.59194 2.71212 2.80331 2.60298 2.02064 3.35466 4.20476 4.9562 5.35715 5.46326
-9999 -9999 -9999 -9999 -9999 -9999 -9999 -9999 -0.616273 1.6295 2.10521 2.07167 1.33034 1.674 4.42997 4.9862 6.44266 7.82186 7.72232 7.20965 6.37073 5.40185 3.9009 1.77807 0.0916424 -0.616929 1.20129 2.98867 3.35889 3.93031 5.10927 5.33482 4.03732 2.82071 3.50671 3.92068 5.4927 5.78123 5.47809 4.1865 2.70951 1.93965 2.85347 2.97775 3.03499 3.04845 3.02802 2.99684 4.0233 4.59112 4.98595 5.2023 5.57554 5.6733 5.70662 5.73812 5.73437 5.71818 5.66261 5.59903 5.30921 4.9578 3.6783 2.61214 1.94856 1.10548 3.01632 3.59178 4.38823 4.9011 5.3 5.39021
