Test_Spring_2018/03_18/Temp/20180309_009.txt
ncols	170
nrows	115
xllcorner	350000.000000
yllcorner	4445000.000000
cellsize	1000.000000
nodata_value	-9999.000000
[rows 32 to 63 of 115, columns 72 to 143 of 170]
11.162 10.9135 11.3071 11.6697 11.4424 11.2982 11.8884 11.8918 11.6939 11.2246 11.055 10.8791 10.7732 10.1708 8.47305 6.94308 7.77008 7.79433 7.23046 8.25476 7.72072 6.3201 4.3409 5.42324 5.14671 3.73207 3.38828 -9999 -9999 -9999 -9999 -9999 -9999 -9999 -9999 -9999 -9999 -9999 -9999 -9999 -9999 -9999 -9999 -9999 -9999 -9999 -9999 -9999 -9999 -9999 -9999 -9999 -9999 -9999 -9999 -9999 -9999 -9999 -9999 -9999 -9999 -9999 -9999 -9999 -9999 -9999 -9999 -9999 -9999 -9999 -9999 -9999
10.8268 10.7223 11.3056 11.2971 11.2574 11.4626 11.8296 11.9062 11.8313 11.6289 11.4543 11.2685 10.7908 10.1012 8.6489 6.90677 6.5153 7.37495 7.42068 7.56274 7.07643 6.46432 5.50407 6.29826 6.60918 5.68165 4.46929 3.69065 -9999 -9999 -9999 -9999 -9999 -9999 -9999 -9999 -9999 -9999 -9999 -9999 -9999 -9999 -9999 -9999 -9999 -9999 -9999 -9999 -9999 -9999 -9999 -9999 -9999 -9999 -9999 -9999 -9999 -9999 -9999 -9999 -9999 -9999 -9999 -9999 -9999 -9999 -9999 -9999 -9999 -9999 -9999 -9999
10.4267 9.86852 10.2216 10.4875 10.9669 11.0894 11.1657 11.8606 11.8277 11.7997 11.5086 11.2769 10.8902 10.2268 9.28033 8.13991 6.1508 7.38496 8.35237 8.33237 8.28423 7.85674 6.93441 7.71403 7.75462 6.56939 5.2197 4.43334 4.1107 -9999 -9999 -9999 -9999 -9999 -9999 -9999 -9999 -9999 -9999 -9999 -9999 -9999 -9999 -9999 -9999 -9999 -9999 -9999 -9999 -9999 -9999 -9999 -9999 -9999 -9999 -9999 -9999 -9999 -9999 -9999 -9999 -9999 -9999 -9999 -9999 -9999 -9999 -9999 -9999 -9999 -9999 -9999
9.97155 9.28889 9.64404 10.1166 10.7785 11.1156 11.3751 11.5856 11.8002 11.7794 11.4815 10.5936 10.4707 10.4367 9.81939 8.51865 7.21963 6.88663 8.35993 8.78491 8.70382 9.03623 8.25557 8.63085 8.48295 8.06701 6.76766 5.58756 5.10446 4.14548 -9999 -9999 -9999 -9999 -9999 -9999 -9999 -9999 -9999 -9999 -9999 -9999 -9999 -9999 -9999 -9999 -9999 -9999 -9999 -9999 -9999 -9999 -9999 -9999 -9999 -9999 -9999 -9999 -9999 -9999 -9999 -9999 -9999 -9999 -9999 -9999 -9999 -9999 -9999 -9999 -9999 -9999
-9999 -9999 8.86343 9.50194 10.0318 10.676 11.2328 11.5163 11.7921 11.7743 11.1748 10.8839 10.8627 10.4598 9.74642 9.30052 8.48445 7.63397 7.96538 9.2224 8.66984 9.56155 9.4908 9.65808 9.06911 7.9435 6.44017 5.56295 5.13132 4.35522 -9999 -9999 -9999 -9999 -9999 -9999 -9999 -9999 -9999 -9999 -9999 -9999 -9999 -9999 -9999 -9999 -9999 -9999 -9999 -9999 -9999 -9999 -9999 -9999 -9999 -9999 -9999 -9999 -9999 -9999 -9999 -9999 -9999 -9999 -9999 -9999 -9999 -9999 -9999 -9999 -9999 -9999
-9999 -9999 -9999 9.38737 9.79147 10.6599 11.0994 11.2847 11.7271 11.7322 11.5078 11.3397 11.0937 10.7712 10.2363 9.64577 8.8786 8.81199 9.61786 9.6324 9.46955 9.60548 10.0214 9.91703 9.0009 7.4177 6.58465 4.87513 4.15102 4.23056 3.71903 -9999 -9999 -9999 -9999 -9999 -9999 -9999 -9999 -9999 -9999 -9999 -9999 5.76419 -9999 -9999 -9999 -9999 -9999 -9999 -9999 -9999 -9999 -9999 -9999 -9999 -9999 -9999 -9999 -9999 -9999 -9999 -9999 -9999 2.75271 -9999 -9999 -9999 -9999 -9999 -9999 -9999
-9999 -9999 9.31218 9.84924 10.273 10.8185 10.8688 11.1907 11.6987 11.7102 11.5524 11.3736 10.9663 10.869 10.5668 9.92529 9.79801 10.065 10.1905 10.332 10.4208 10.3568 10.1944 9.9831 9.38959 8.65886 8.16988 6.61319 5.82677 5.07961 3.9464 3.06121 -9999 -9999 -9999 -9999 -9999 -9999 -9999 5.15583 5.11852 5.14356 5.39797 6.09193 5.69145 -9999 -9999 -9999 -9999 -9999 -9999 -9999 -9999 -9999 -9999 -9999 -9999 -9999 -9999 -9999 -9999 -9999 -9999 -9999 3.38089 2.48918 -9999 -9999 -9999 -9999 -9999 -9999
-9999 -9999 9.45497 10.0264 10.3133 10.843 11.1476 11.3389 11.5176 11.6888 11.6651 11.4669 11.1631 11.1702 10.75 10.5258 10.3671 10.7266 10.8016 10.6641 10.4903 10.337 9.89525 9.8478 9.70116 9.23881 8.47731 7.69263 6.54703 5.00667 3.49642 2.27951 -9999 -9999 -9999 -9999 -9999 -9999 5.28435 5.86216 6.21017 5.48554 6.11329 6.68736 6.60086 6.05006 -9999 -9999 -9999 -9999 -9999 -9999 -9999 -9999 -9999 -9999 -9999 -9999 -9999 -9999 7.61791 6.70366 4.85172 3.90467 3.33832 2.52777 -9999 -9999 -9999 -9999 -9999 -9999
-9999 -9999 9.34458 10.0187 10.4763 10.8829 10.9506 11.3643 11.5431 11.6369 11.6308 11.5953 11.5435 11.1774 11.023 10.4672 11.0093 10.9941 10.8633 10.3303 10.1017 9.18271 8.78061 8.68888 9.46947 8.89955 7.7053 6.2115 4.41186 4.29377 3.70373 2.61685 -9999 -9999 -9999 -9999 -9999 -9999 5.46671 6.08435 6.60048 6.67962 5.95912 6.97558 6.9383 6.37628 6.25214 6.72092 6.96107 6.78803 7.34313 7.51135 7.26737 7.54799 -9999 -9999 -9999 -9999 7.74102 7.7834 7.81637 7.43811 5.41431 4.03343 2.79382 2.68339 -9999 -9999 -9999 -9999 -9999 -9999
-9999 -9999 9.81147 10.2274 10.4392 10.4759 10.841 11.2026 11.4241 11.5916 11.5634 11.555 11.546 11.4243 11.1347 11.1933 11.1749 11.0081 9.98938 8.79932 9.32505 8.6186 7.10162 8.33792 9.01974 8.3733 6.92515 5.24547 4.69494 4.71758 3.89493 2.83733 -9999 -9999 -9999 3.78173 4.66481 4.74706 5.01129 5.83352 6.46002 6.93069 7.25402 7.24745 6.91376 6.36392 5.76607 5.98507 7.07276 7.34188 7.56282 7.73705 7.51115 7.64173 7.93762 8.09353 8.13001 8.06778 8.05781 8.08677 8.05722 7.70465 5.89182 4.85766 4.19937 2.87352 -9999 -9999 -9999 -9999 -9999 -9999
-9999 -9999 9.55545 9.91742 10.2111 10.6948 10.7488 11.0576 11.2396 11.5094 11.5443 11.2335 11.4995 11.4712 11.428 11.3302 11.1842 10.3253 9.13935 7.95021 7.40372 7.64145 6.73212 7.20359 7.89443 7.64555 6.76067 5.26471 5.05773 4.71053 3.31822 1.9831 -9999 -9999 2.07838 3.76738 4.95841 5.57556 5.77061 5.79418 6.58219 6.64843 7.49587 7.30244 6.19045 6.31987 5.88692 6.1722 6.57721 6.69115 7.26549 7.81695 7.92698 7.93582 8.12665 8.17098 8.187 8.1882 8.06889 8.13141 8.14518 7.92708 6.61703 5.98036 5.27917 2.89987 -9999 -9999 -9999 -9999 -9999 -9999
-9999 -9999 9.74094 10.1451 10.5874 10.6611 10.9896 10.9572 10.8651 11.3233 11.4907 11.2728 11.1176 11.4187 11.4038 11.3704 11.3114 10.5048 9.57035 8.15257 7.27332 6.73562 6.35583 5.84656 6.20327 6.09931 5.95866 6.12911 5.71917 4.89789 4.08771 2.56331 1.74399 -9999 2.17274 2.93856 4.35401 5.55761 6.32356 6.05562 6.95098 7.12084 7.63859 7.34123 6.66701 6.38247 6.36085 6.27639 6.88064 7.28599 7.57386 7.76988 8.00966 8.07641 8.14353 8.17534 8.19547 8.21549 8.21815 8.21877 8.19714 8.11805 7.51803 6.88331 5.50486 2.98305 -9999 -9999 -9999 -9999 -9999 -9999
-9999 8.57292 9.69727 10.3731 10.6361 10.8265 10.9947 11.1173 11.2439 11.3636 11.449 11.4168 10.832 10.8857 10.9975 11.3383 11.3203 11.2526 10.7442 9.01807 8.42333 7.5541 6.42608 5.95521 6.19566 7.12781 7.09032 6.47969 5.79887 4.85344 4.25429 3.32393 1.53028 1.69833 2.51421 3.12295 4.08706 5.55704 6.589 7.0523 7.23027 7.59542 7.78726 7.3798 6.98921 6.82791 6.52568 6.48683 6.49372 6.86078 7.14658 7.77885 7.99646 8.09691 8.15299 8.18622 8.21203 8.23724 8.24966 8.24299 8.24864 8.24835 8.20907 7.36157 5.23789 3.63789 -9999 -9999 -9999 -9999 -9999 -9999
-9999 -9999 9.4917 9.78995 9.86936 10.007 10.2868 10.6094 11.0636 11.1254 11.3793 11.3814 10.8768 10.2952 10.8127 11.0219 11.2385 11.2507 11.1902 9.73971 8.98352 8.38892 7.3075 7.70156 8.0775 8.1096 7.88898 6.57497 5.26645 3.75457 2.34563 2.28323 1.52684 1.93389 2.47514 3.85432 4.8267 5.22459 5.51175 7.00531 7.39728 7.53584 7.92137 7.40623 7.27758 6.89132 7.0116 6.98179 6.98858 5.91184 7.00018 7.06983 7.78243 8.10503 8.18188 8.20832 8.23587 8.24556 8.25561 8.25789 8.27014 8.26474 8.25958 7.71081 5.01301 3.66125 -9999 -9999 -9999 -9999 -9999 -9999
-9999 -9999 -9999 -9999 9.59159 9.81937 9.96615 10.219 10.9877 11.1979 11.3392 11.3553 11.1334 10.5566 10.4095 10.5222 9.96117 10.4419 11.0964 11.0855 11.0118 9.73744 9.0861 9.72363 9.53489 8.57714 7.8242 7.08118 5.5484 4.42505 2.8095 1.59783 1.55741 2.90598 4.02625 5.42183 6.04119 5.6986 6.08237 6.82738 7.67228 8.08324 7.99219 7.44895 7.37518 6.77728 7.37321 7.4282 7.15751 6.92435 7.02248 7.37752 7.51655 8.07539 8.21534 8.24405 8.25499 8.26369 8.26736 8.26981 8.26941 8.26899 8.26643 8.24649 5.47334 3.31722 -9999 -9999 -9999 -9999 -9999 -9999
-9999 -9999 -9999 -9999 9.06012 9.19949 9.56319 10.4946 10.981 11.1807 11.1778 11.273 11.1179 10.6117 10.0923 9.60339 8.97096 9.34236 10.3145 10.8897 10.9596 9.84314 10.4297 10.2152 9.78847 8.53472 7.6117 7.12415 5.65269 4.39119 3.3179 1.83447 2.47648 3.18333 4.08994 5.61133 6.64031 7.06677 6.72026 7.19859 8.17016 8.18068 7.65714 7.69611 7.3772 6.55861 7.41947 7.66484 7.47497 7.52996 7.46084 7.59625 7.83887 8.07144 8.22822 8.25469 8.26293 8.26439 8.27019 8.27686 8.27195 8.27834 8.27593 8.267 6.47891 3.27944 -9999 -9999 -9999 -9999 -9999 -9999
-9999 -9999 -9999 -9999 -9999 8.57845 9.40599 10.6416 10.9475 10.9227 11.1811 11.2074 10.9668 10.7591 10.1275 9.2628 7.5961 8.02851 8.92392 10.2121 10.8915 10.8054 10.4335 9.78617 8.21379 6.83809 6.6743 6.45222 5.37936 4.40825 3.2144 3.91378 4.67976 5.5176 5.96081 5.85347 6.73602 7.45668 7.15957 7.74514 8.42697 8.12559 7.94923 7.80179 7.43284 7.41474 7.45795 7.94878 7.61667 7.8281 7.83661 7.83014 7.95087 8.08927 8.2346 8.26344 8.26984 8.27835 8.26831 8.28007 8.27797 8.27584 8.27422 8.26749 8.11052 6.3896 5.36313 -9999 -9999 -9999 -9999 -9999
-9999 -9999 -9999 -9999 -9999 7.81888 8.23256 9.69564 10.1465 10.7952 11.1416 11.1616 10.752 10.5266 9.5824 9.28059 7.73956 7.04477 7.64545 7.42357 9.19503 10.7629 10.426 7.27552 6.13693 5.32583 5.53898 5.54477 5.24895 3.59442 3.1425 4.63062 5.56977 6.29895 6.85374 6.97431 6.9618 8.0857 8.23994 8.6089 8.53568 8.57473 8.01581 7.67166 7.97964 7.63245 7.57684 8.0838 7.59342 8.04564 7.99607 7.86684 7.86516 8.16557 8.23101 8.26835 8.27642 8.27094 8.26245 8.25974 8.27538 8.27692 8.26644 8.273 8.26254 8.06253 7.1746 6.86772 7.21901 -9999 -9999 -9999
-9999 -9999 -9999 -9999 -9999 -9999 6.87254 8.9052 9.83249 10.3231 11.0131 11.1001 10.8843 10.4902 9.52843 8.68375 7.30683 5.7335 4.90163 7.4123 9.59794 10.741 10.5948 7.97323 6.94104 6.89703 7.51138 7.00027 6.61363 5.35674 4.98527 4.46737 4.79484 5.80892 6.63883 7.4395 8.02354 8.0772 8.45873 8.6788 8.70223 8.77521 8.71419 8.66516 8.12401 8.50474 8.19031 8.36426 8.25985 8.1661 8.08469 7.77833 8.00362 8.20394 8.25977 8.28149 8.2753 8.27851 8.27655 8.26488 8.26153 8.26639 8.2706 8.26655 8.27219 8.26803 8.17349 7.64142 6.92712 6.02317 -9999 -9999
-9999 -9999 -9999 -9999 -9999 -9999 5.86082 7.88375 8.85707 10.1137 10.7616 11.0279 10.9982 10.6798 9.9504 8.84993 7.93449 6.17725 4.35242 6.98675 9.33298 10.6022 10.6743 8.47043 9.08663 8.59641 8.80006 7.89892 7.527 7.23156 6.58637 5.8806 5.10822 4.70301 6.55815 7.51376 8.2842 8.65096 8.86118 8.96943 8.92057 8.78494 7.96898 8.60037 8.57011 8.51251 8.4457 8.41574 8.35553 8.28379 8.2419 8.23085 8.02919 8.2693 8.27003 8.27827 8.2848 8.2845 8.27904 8.27536 8.26951 8.27525 8.27146 8.26947 8.26984 8.27266 8.27169 8.24765 8.11017 6.89451 6.16932 5.96826
-9999 -9999 -9999 -9999 -9999 -9999 3.0242 5.96642 8.32785 9.56515 10.5735 10.8537 10.9616 10.5325 10.2134 9.42615 8.68127 7.52886 5.79955 4.73722 6.71028 9.57747 10.635 10.5555 10.4941 9.9268 9.4159 9.3551 9.39808 8.80027 7.93148 6.79462 6.44443 6.04945 7.43254 7.62515 7.53049 9.05141 9.0612 8.98151 8.40834 7.76487 7.89402 7.49419 7.80493 7.33095 7.77589 8.16108 8.30783 8.30067 8.25333 8.25302 8.2349 8.28188 8.28589 8.28433 8.28466 8.2877 8.28814 8.27696 8.27364 8.28682 8.27982 8.27752 8.27141 8.27608 8.27855 8.26223 8.24772 8.06517 7.78794 7.25357
-9999 -9999 -9999 -9999 -9999 -9999 3.15241 5.62435 7.72479 8.98637 10.1997 10.4847 10.8975 10.8146 10.4799 9.7963 8.94098 7.99351 6.51067 5.41015 6.73278 8.63654 10.0025 10.493 10.4896 10.4614 10.3365 10.2881 10.1418 10.036 9.41404 8.34159 7.73712 6.85042 8.39111 8.56897 8.33462 9.10689 9.0746 7.92207 7.03736 6.93252 7.48081 6.9696 6.88184 6.56052 6.92906 7.90859 7.63065 7.69125 8.13609 8.21339 8.26658 8.28362 8.28525 8.28814 8.28599 8.29286 8.30005 8.28914 8.28776 8.29057 8.28058 8.28187 8.27675 8.27441 8.26802 8.26188 8.2492 8.20103 8.15104 8.21578
-9999 -9999 -9999 -9999 -9999 -9999 3.20817 4.86791 6.75863 8.61465 9.91026 10.4356 10.8197 10.8207 10.4307 10.0937 9.55959 8.7266 8.1572 7.16415 5.79889 8.10369 8.81216 9.44414 9.71499 10.3754 10.3637 10.0673 9.71515 10.0435 9.95417 9.10537 8.82956 8.36073 9.21992 9.2274 9.20937 9.16945 8.19651 6.84189 5.7604 6.54919 6.39165 6.75527 5.64524 6.56941 7.31143 7.5552 7.05406 6.68683 7.83909 8.03652 8.15423 8.23139 8.28386 8.27745 8.29461 8.29363 8.29638 8.29908 8.29585 8.29663 8.29342 8.28991 8.28391 8.28281 8.2759 8.27019 8.27457 8.24589 8.23961 8.23309
-9999 -9999 -9999 -9999 -9999 -9999 -9999 3.89164 6.28701 8.42689 9.62017 10.3724 10.7413 10.7396 10.5427 10.3154 9.98628 9.38682 8.63238 7.43676 6.55066 7.12269 7.81662 7.89688 8.36121 9.69837 10.158 9.51711 7.9223 8.86963 9.9241 9.91155 9.8266 9.73123 9.60512 9.49494 9.24761 8.57589 6.50626 6.10686 5.29892 5.39769 4.98613 5.9027 5.56441 6.50685 6.91798 7.07604 6.214 6.40037 7.42573 7.83309 7.77054 8.02241 8.25965 8.27269 8.28504 8.28482 8.29609 8.30443 8.30715 8.30714 8.30642 8.30773 8.29244 8.30042 8.22957 8.18545 8.08949 8.22069 8.2378 8.25148
-9999 -9999 -9999 -9999 -9999 -9999 -9999 3.41709 5.80861 8.32828 9.14018 9.9509 10.6515 10.67 10.3662 10.0778 9.78069 9.44185 8.52534 7.63679 6.78869 6.50777 6.68535 6.67144 7.41975 9.16052 9.50122 9.36229 7.69831 7.13895 8.54635 9.72998 9.82759 9.72564 8.34337 8.64429 7.90148 6.89225 6.61894 6.18083 5.24816 5.7063 5.02467 5.32544 5.2475 5.78486 6.04937 6.68707 5.93654 5.94336 6.95069 7.45961 7.47697 8.01104 8.2048 8.2596 8.27773 8.29269 8.30135 8.31639 8.31849 8.31786 8.31478 8.29672 8.24358 8.0619 7.06381 7.07131 7.3528 7.61924 8.09851 8.2405
-9999 -9999 -9999 -9999 -9999 -9999 -9999 3.69478 5.3557 7.59208 9.24992 9.35835 10.167 10.587 10.2561 9.88322 9.50171 9.3382 8.3401 7.24319 6.358 5.30909 5.48832 6.25086 7.48808 8.61432 8.81955 8.59236 7.70177 8.12838 9.08984 9.60268 9.75742 9.64457 9.34765 9.1785 8.63299 8.39994 7.64044 6.44962 5.98431 6.28899 5.02435 5.11903 5.59461 5.0958 5.92392 6.32279 5.35237 6.13432 7.0233 7.48022 7.88037 8.07255 8.15242 8.27229 8.28114 8.29688 8.30852 8.31352 8.32033 8.30879 8.30047 8.20085 8.05047 7.12123 6.73387 6.81667 7.2554 7.64009 8.04544 8.21319
-9999 -9999 -9999 -9999 -9999 -9999 -9999 3.97859 5.47461 7.41444 8.59782 8.81338 9.70972 10.5075 10.4241 10.0359 9.92148 9.51913 8.67343 7.73873 6.71653 6.22244 5.07914 6.21554 7.10887 8.06346 8.51258 7.78126 7.4178 8.0752 8.72881 8.99292 9.65314 9.65216 9.44405 8.52914 8.086 8.28155 8.09467 7.763 6.94517 6.9145 6.39123 6.17787 5.97654 5.30388 5.73825 5.78638 5.9112 6.84526 7.31056 7.62084 7.90356 7.9818 8.10796 8.27021 8.28993 8.3017 8.30736 8.31683 8.31202 8.27428 8.24356 8.03594 7.66306 6.96132 5.8158 6.63136 7.4837 7.74555 7.99755 8.13099
-9999 -9999 -9999 -9999 -9999 -9999 -9999 3.72574 5.3149 6.97356 7.66978 7.79196 9.41034 10.4034 10.4103 10.229 10.0165 9.01436 9.07912 8.88319 7.96158 6.61654 5.13869 5.2832 6.16852 7.42434 7.8443 6.63374 6.21026 6.53079 7.51671 8.39984 9.32179 9.56001 9.29657 7.86937 6.35246 7.06451 7.82502 7.82682 7.61142 6.85331 6.61661 6.40281 5.85106 4.90938 5.05071 5.31854 6.38216 6.72149 7.24272 7.67655 7.52059 7.62066 8.03613 8.2771 8.29198 8.30235 8.31642 8.31748 8.31 8.22798 8.14074 7.98979 7.00673 6.39782 5.5074 6.55249 7.13553 7.45258 8.00785 8.14472
-9999 -9999 -9999 -9999 -9999 -9999 -9999 3.23642 4.39099 5.97671 6.61867 7.63996 9.16969 9.92475 10.2895 10.2869 10.1471 9.70137 9.43561 8.90654 7.94753 6.63414 5.1735 4.22444 4.71491 6.40034 6.80634 5.68855 5.12492 5.83885 6.88936 8.44231 9.33196 9.45687 9.38249 9.09271 7.98679 6.64949 6.65996 7.33956 6.78186 6.13268 6.49889 6.43804 5.89332 5.4986 5.25376 5.41512 6.02191 6.27633 6.87781 7.76285 7.89456 7.87543 8.25154 8.27606 8.29081 8.31098 8.31684 8.31982 8.31516 8.24938 8.09397 7.44177 6.87383 6.0811 5.98861 6.9178 7.33302 7.71714 7.99277 8.08667
-9999 -9999 -9999 -9999 -9999 -9999 -9999 2.39296 3.75069 5.23655 6.62824 7.9453 9.07964 9.17211 9.77298 9.7776 10.0951 10.0112 9.59836 9.1536 8.32804 6.63926 5.22002 3.67167 4.08656 5.80869 6.03281 5.2886 3.90909 5.34459 6.92712 8.36195 9.14126 8.54029 9.16764 9.12231 8.71157 7.91784 6.68051 6.70993 5.78416 5.74951 6.23385 6.39499 6.32108 6.02624 5.54817 5.63723 6.00789 6.10673 6.66013 7.34819 8.02104 8.13911 8.27239 8.28399 8.29227 8.30892 8.31656 8.30901 8.28128 8.21208 7.66628 7.01597 6.6178 6.06738 6.00615 7.08029 7.51369 7.75789 7.99702 8.09521
-9999 -9999 -9999 -9999 -9999 -9999 -9999 -9999 3.61329 5.14828 6.28549 6.59546 7.60437 8.15162 8.57636 8.6747 9.87691 9.94832 9.68859 9.28045 8.57711 7.29691 6.40653 4.92158 3.85569 4.29764 4.50147 4.90059 4.79002 5.43334 6.95442 8.53893 8.71683 7.71953 7.87381 8.08944 8.56558 8.3328 6.64469 5.78989 5.08133 5.59459 6.13422 6.26917 6.30079 6.20354 6.0892 5.88846 6.60846 7.1428 7.27133 7.73807 8.08431 8.18442 8.2614 8.27641 8.2916 8.29806 8.2846 8.27658 8.19757 8.01265 7.40127 5.92207 5.99774 5.84337 5.38756 6.4411 7.10351 7.6999 8.01984 8.10723
-9999 -9999 -9999 -9999 -9999 -9999 -9999 -9999 3.10509 4.88042 5.25945 5.23684 4.65595 4.93111 7.10944 7.5524 8.70559 9.79782 9.72344 9.32311 8.66537 7.90506 6.72497 5.05423 3.72777 3.16949 4.60361 6.01267 6.30886 6.76384 7.69817 7.88038 6.86108 5.9056 6.45112 6.78202 8.02648 8.25833 8.02332 7.00843 5.84719 5.24373 5.96845 6.07021 6.11902 6.13324 6.11898 6.09164 6.90146 7.35304 7.66822 7.8427 8.14103 8.22211 8.25243 8.28134 8.28247 8.27379 8.23402 8.18789 7.96323 7.6899 6.68432 5.84699 5.3272 4.66574 6.17687 6.63185 7.25633 7.66052 7.97895 8.05393
