Test_Spring_2018/03_18/Temp/20180309_008.txt
ncols	170
nrows	115
xllcorner	350000.000000
yllcorner	4445000.000000
cellsize	1000.000000
nodata_value	-9999.000000
[rows 32 to 63 of 115, columns 72 to 143 of 170]
10.4348 10.1814 10.5827 10.9523 10.7224 10.5748 11.1776 11.1808 10.9789 10.5002 10.327 10.1473 10.0388 9.42419 7.69274 6.13227 6.97451 6.9983 6.42243 7.46554 6.91991 5.49078 3.47176 4.57377 4.29044 2.84797 2.495 -9999 -9999 -9999 -9999 -9999 -9999 -9999 -9999 -9999 -9999 -9999 -9999 -9999 -9999 -9999 -9999 -9999 -9999 -9999 -9999 -9999 -9999 -9999 -9999 -9999 -9999 -9999 -9999 -9999 -9999 -9999 -9999 -9999 -9999 -9999 -9999 -9999 -9999 -9999 -9999 -9999 -9999 -9999 -9999 -9999
10.0923 9.98571 10.5803 10.5716 10.5308 10.7416 11.1166 11.1945 11.1179 10.9112 10.7328 10.543 10.0555 9.35192 7.87069 6.09393 5.69401 6.56945 6.61507 6.75882 6.2619 5.63666 4.65646 5.46477 5.78037 4.83405 3.59615 2.80134 -9999 -9999 -9999 -9999 -9999 -9999 -9999 -9999 -9999 -9999 -9999 -9999 -9999 -9999 -9999 -9999 -9999 -9999 -9999 -9999 -9999 -9999 -9999 -9999 -9999 -9999 -9999 -9999 -9999 -9999 -9999 -9999 -9999 -9999 -9999 -9999 -9999 -9999 -9999 -9999 -9999 -9999 -9999 -9999
9.68356 9.1145 9.47436 9.74543 10.2334 10.3613 10.4389 11.147 11.1132 11.0843 10.7872 10.5504 10.1557 9.47874 8.51322 7.34987 5.32124 6.5785 7.56373 7.5423 7.4921 7.05511 6.11359 6.90709 6.94715 5.73714 4.36065 3.55759 3.22728 -9999 -9999 -9999 -9999 -9999 -9999 -9999 -9999 -9999 -9999 -9999 -9999 -9999 -9999 -9999 -9999 -9999 -9999 -9999 -9999 -9999 -9999 -9999 -9999 -9999 -9999 -9999 -9999 -9999 -9999 -9999 -9999 -9999 -9999 -9999 -9999 -9999 -9999 -9999 -9999 -9999 -9999 -9999
9.2188 8.52277 8.88477 9.36649 10.0409 10.385 10.6515 10.8657 11.0843 11.0626 10.7585 9.8529 9.72705 9.69178 9.06173 7.73493 6.40982 6.06944 7.57043 8.00264 7.91886 8.25657 7.45951 7.84081 7.68873 7.26232 5.93738 4.73333 4.23946 3.26048 -9999 -9999 -9999 -9999 -9999 -9999 -9999 -9999 -9999 -9999 -9999 -9999 -9999 -9999 -9999 -9999 -9999 -9999 -9999 -9999 -9999 -9999 -9999 -9999 -9999 -9999 -9999 -9999 -9999 -9999 -9999 -9999 -9999 -9999 -9999 -9999 -9999 -9999 -9999 -9999 -9999 -9999
-9999 -9999 8.08816 8.73871 9.27981 9.93598 10.5055 10.7943 11.0751 11.0566 10.445 10.1479 10.1257 9.71436 8.98645 8.53112 7.69835 6.83043 7.16731 8.44774 7.88334 8.79123 8.71788 8.88714 8.28542 7.13589 5.60262 4.70731 4.2659 3.47335 -9999 -9999 -9999 -9999 -9999 -9999 -9999 -9999 -9999 -9999 -9999 -9999 -9999 -9999 -9999 -9999 -9999 -9999 -9999 -9999 -9999 -9999 -9999 -9999 -9999 -9999 -9999 -9999 -9999 -9999 -9999 -9999 -9999 -9999 -9999 -9999 -9999 -9999 -9999 -9999 -9999 -9999
-9999 -9999 -9999 8.62112 9.03392 9.91915 10.3688 10.5574 11.0081 11.0129 10.7837 10.6118 10.3605 10.0311 9.48514 8.88233 8.09941 8.0306 8.85117 8.86495 8.69782 8.83522 9.25795 9.15031 8.21405 6.599 5.74831 4.00517 3.26557 3.34527 2.82245 -9999 -9999 -9999 -9999 -9999 -9999 -9999 -9999 -9999 -9999 -9999 -9999 4.89456 -9999 -9999 -9999 -9999 -9999 -9999 -9999 -9999 -9999 -9999 -9999 -9999 -9999 -9999 -9999 -9999 -9999 -9999 -9999 -9999 1.80338 -9999 -9999 -9999 -9999 -9999 -9999 -9999
-9999 -9999 8.54403 9.09206 9.52405 10.0801 10.1309 10.4608 10.9784 10.9898 10.8285 10.6458 10.23 10.1302 9.82141 9.16667 9.03608 9.30733 9.4343 9.57749 9.66688 9.60049 9.43363 9.21691 8.60988 7.86346 7.36349 5.77577 4.97291 4.2098 3.05318 2.14946 -9999 -9999 -9999 -9999 -9999 -9999 -9999 4.27657 4.23769 4.26239 4.52091 5.22752 4.81837 -9999 -9999 -9999 -9999 -9999 -9999 -9999 -9999 -9999 -9999 -9999 -9999 -9999 -9999 -9999 -9999 -9999 -9999 -9999 2.44196 1.53199 -9999 -9999 -9999 -9999 -9999 -9999
-9999 -9999 8.68933 9.2718 9.56431 10.1044 10.4149 10.6113 10.7932 10.9673 10.9429 10.7404 10.4302 10.4367 10.0077 9.77835 9.61578 9.98132 10.0567 9.91552 9.7372 9.57969 9.12801 9.07828 8.92674 8.45389 7.67605 6.87458 5.70616 4.13439 2.59335 1.35143 -9999 -9999 -9999 -9999 -9999 -9999 4.40728 4.99548 5.34944 4.60989 5.24901 5.83338 5.74429 5.17958 -9999 -9999 -9999 -9999 -9999 -9999 -9999 -9999 -9999 -9999 -9999 -9999 -9999 -9999 6.76274 5.82998 3.94128 2.97504 2.39683 1.56961 -9999 -9999 -9999 -9999 -9999 -9999
-9999 -9999 8.57597 9.26318 9.72975 10.1443 10.2134 10.637 10.8186 10.914 10.9074 10.8708 10.8175 10.4437 10.2856 9.71827 10.2701 10.2536 10.1192 9.5747 9.34054 8.40237 7.9911 7.89561 8.68984 8.10725 6.88818 5.36375 3.52773 3.40654 2.80356 1.69415 -9999 -9999 -9999 -9999 -9999 -9999 4.59201 5.22085 5.74622 5.82608 5.09074 6.12609 6.08507 5.51108 5.38341 5.86016 6.10377 5.92527 6.49067 6.66096 6.41105 6.69597 -9999 -9999 -9999 -9999 6.88793 6.93038 6.96329 6.57698 4.51313 3.10465 1.84012 1.72638 -9999 -9999 -9999 -9999 -9999 -9999
-9999 -9999 9.05112 9.47523 9.69119 9.72876 10.1011 10.4716 10.6968 10.866 10.837 10.8281 10.8186 10.694 10.3982 10.4572 10.4375 10.2665 9.22685 8.01242 8.54706 7.8268 6.27929 7.53722 8.23068 7.57001 6.09203 4.37804 3.81535 3.83751 2.99733 1.91686 -9999 -9999 -9999 2.87508 3.77439 3.85736 4.12589 4.96329 5.60116 6.08096 6.40974 6.4011 6.05909 5.49745 4.88682 5.10884 6.21641 6.48943 6.71321 6.88956 6.658 6.7884 7.08897 7.24691 7.28316 7.21884 7.20787 7.23663 7.20576 6.84559 4.99834 3.94337 3.27148 1.91719 -9999 -9999 -9999 -9999 -9999 -9999
-9999 -9999 8.78804 9.1571 9.45658 9.94998 10.0052 10.3202 10.5072 10.7819 10.8173 10.5002 10.7711 10.7418 10.6972 10.5967 10.4469 9.57033 8.36012 7.14656 6.58805 6.82923 5.90065 6.37891 7.08148 6.82738 5.92239 4.39565 4.18303 3.82759 2.40736 1.04489 -9999 -9999 1.13846 2.85933 4.0726 4.7009 4.89893 4.92217 5.7247 5.7914 6.65444 6.45536 5.31997 5.45075 5.00898 5.29851 5.70807 5.82289 6.40631 6.96794 7.07893 7.0868 7.28026 7.32443 7.33982 7.34018 7.21775 7.28074 7.29405 7.07099 5.73471 5.08486 4.36884 1.94103 -9999 -9999 -9999 -9999 -9999 -9999
-9999 -9999 8.97534 9.38735 9.83836 9.91374 10.2489 10.2174 10.1251 10.5921 10.7625 10.5401 10.3816 10.6882 10.6725 10.6376 10.5766 9.75328 8.79938 7.35267 6.45483 5.90538 5.51655 4.99387 5.3557 5.24793 5.10282 5.27493 4.85641 4.01761 3.19016 1.63528 0.798721 -9999 1.23355 2.0133 3.45538 4.68157 5.46164 5.18772 6.0997 6.27205 6.79818 6.49404 5.80493 5.51181 5.48845 5.40101 6.01569 6.42815 6.7195 6.91811 7.16193 7.22883 7.29616 7.32758 7.34716 7.36671 7.36864 7.36854 7.34578 7.26444 6.65201 6.00385 4.59769 2.02465 -9999 -9999 -9999 -9999 -9999 -9999
-9999 7.78403 8.93004 9.61904 9.88727 10.0817 10.2535 10.3789 10.5096 10.6329 10.72 10.6867 10.0904 10.1448 10.2583 10.605 10.5856 10.5155 9.99597 8.23481 7.62718 6.73844 5.58663 5.10408 5.34729 6.29569 6.25568 5.63147 4.9358 3.9705 3.359 2.40916 0.579778 0.749918 1.5806 2.20024 3.18224 4.68001 5.73129 6.20286 6.38353 6.75433 6.94895 6.53088 6.13084 5.96503 5.65554 5.61454 5.6202 5.99304 6.28238 6.92614 7.14681 7.24854 7.30462 7.3375 7.36289 7.38776 7.39965 7.39213 7.39718 7.39618 7.35515 6.49032 4.32304 2.68971 -9999 -9999 -9999 -9999 -9999 -9999
-9999 -9999 8.71969 9.02377 9.10492 9.24554 9.53129 9.86065 10.3254 10.3887 10.6478 10.6507 10.136 9.54276 10.0698 10.2823 10.5022 10.5135 10.4505 8.96983 8.19715 7.58909 6.48468 6.88381 7.26505 7.29583 7.06907 5.72775 4.39215 2.84936 1.41163 1.34678 0.574945 0.989062 1.5398 2.94487 3.93534 4.3402 4.63222 6.1541 6.5525 6.69173 7.08351 6.55706 6.42402 6.0288 6.14998 6.11816 6.12367 5.02462 6.13213 6.20197 6.92735 7.2554 7.33303 7.359 7.38619 7.39525 7.40474 7.40635 7.41813 7.41174 7.40475 6.84422 4.09278 2.71253 -9999 -9999 -9999 -9999 -9999 -9999
-9999 -9999 -9999 -9999 8.82098 9.05358 9.20373 9.46214 10.2474 10.4622 10.6066 10.6232 10.3971 9.80901 9.65863 9.7728 9.19986 9.68849 10.3543 10.3415 10.2645 8.96335 8.29675 8.94455 8.75007 7.77169 7.0022 6.24296 4.67872 3.53201 1.88367 0.64722 0.604925 1.97876 3.12018 4.542 5.1726 4.82261 5.21313 5.97113 6.83136 7.2491 7.155 6.59984 6.52271 5.91168 6.51771 6.5723 6.29491 6.05583 6.1539 6.51471 6.65539 7.22413 7.3659 7.39452 7.40481 7.41288 7.41587 7.41764 7.416 7.41459 7.41091 7.38943 4.56111 2.36084 -9999 -9999 -9999 -9999 -9999 -9999
-9999 -9999 -9999 -9999 8.27837 8.42086 8.79219 9.74233 10.2399 10.4441 10.4415 10.5389 10.3809 9.86478 9.3349 8.83572 8.18998 8.5673 9.55679 10.1414 10.2107 9.07048 9.6658 9.445 9.0078 7.72763 6.78473 6.28591 4.78419 3.49665 2.40114 0.88766 1.54111 2.26077 3.18417 4.73441 5.78261 6.21654 5.86233 6.34895 7.33827 7.34775 6.81269 6.85101 6.52393 5.68788 6.56396 6.8126 6.61759 6.67226 6.59987 6.73681 6.98313 7.2193 7.37828 7.40446 7.41213 7.41284 7.418 7.42386 7.4179 7.42338 7.41979 7.40946 5.58529 2.32135 -9999 -9999 -9999 -9999 -9999 -9999
-9999 -9999 -9999 -9999 -9999 7.78688 8.63108 9.89145 10.205 10.1803 10.4442 10.4713 10.2262 10.0144 9.37011 8.48789 6.78777 7.22728 8.13851 9.44997 10.1405 10.0507 9.6689 9.00675 7.40164 5.99714 5.82823 5.60006 4.5047 3.51322 2.29483 3.00665 3.78651 4.63974 5.09074 4.98054 5.87949 6.61335 6.30953 6.90544 7.59936 7.29083 7.10966 6.9579 6.57978 6.55976 6.60226 7.10112 6.76111 6.97528 6.98204 6.97439 7.0965 7.23671 7.38406 7.41269 7.41847 7.42639 7.41535 7.42645 7.42332 7.42005 7.41721 7.40905 7.24766 5.49099 4.443 -9999 -9999 -9999 -9999 -9999
-9999 -9999 -9999 -9999 -9999 7.01158 7.43386 8.92608 9.38742 10.0493 10.4029 10.4237 10.0064 9.77634 8.81347 8.50508 6.93304 6.22348 6.83424 6.60623 8.41014 10.0064 9.66023 6.44632 5.28345 4.45454 4.66993 4.67409 4.37092 2.68276 2.22076 3.73669 4.69312 5.43559 6.00037 6.12239 6.10891 7.25377 7.41016 7.78523 7.70937 7.74786 7.17666 6.82433 7.13628 6.78075 6.7225 7.23782 6.73647 7.19613 7.14371 7.01094 7.00831 7.31373 7.37966 7.417 7.42441 7.4181 7.40859 7.40498 7.41989 7.4203 7.40837 7.41371 7.40162 7.19541 6.28862 5.97419 6.33078 -9999 -9999 -9999
-9999 -9999 -9999 -9999 -9999 -9999 6.04629 8.11912 9.0662 9.56691 10.2708 10.3598 10.1397 9.73793 8.75712 7.89533 6.49057 4.88527 4.03585 6.59354 8.8197 9.98294 9.83123 7.15651 6.10216 6.05531 6.67975 6.157 5.76128 4.47853 4.0986 3.56953 3.9024 4.93508 5.78011 6.59572 7.19036 7.24416 7.63202 7.85559 7.87824 7.9513 7.88765 7.83615 7.28245 7.669 7.3469 7.52274 7.4149 7.318 7.23313 6.91983 7.14862 7.35203 7.4082 7.42931 7.42238 7.42493 7.42206 7.40912 7.40484 7.40861 7.4116 7.40608 7.41037 7.40379 7.30581 6.76183 6.03213 5.10916 -9999 -9999
-9999 -9999 -9999 -9999 -9999 -9999 5.01365 7.0765 8.07048 9.35205 10.0131 10.2844 10.2543 9.92963 9.18563 8.06306 7.12878 5.33602 3.47406 6.15848 8.5482 9.84009 9.91153 7.66217 8.28834 7.78667 7.99249 7.07218 6.69153 6.38898 5.73003 5.00946 4.22068 3.80619 5.69681 6.67034 7.45498 7.82794 8.04115 8.15022 8.09935 7.96015 7.12687 7.76903 7.73615 7.67586 7.60621 7.5742 7.51144 7.43702 7.39243 7.38021 7.17378 7.41761 7.41714 7.42497 7.431 7.42994 7.42347 7.41866 7.41148 7.41611 7.41132 7.40788 7.40679 7.40729 7.40473 7.37867 7.23705 5.99636 5.25576 5.04908
-9999 -9999 -9999 -9999 -9999 -9999 2.12052 5.12043 7.52967 8.79144 9.81893 10.1049 10.215 9.77748 9.45173 8.6485 7.88812 6.71198 4.94747 3.8627 5.87315 8.79416 9.87003 9.7865 9.72193 9.14178 8.61924 8.55568 8.59806 7.98729 7.0997 5.93982 5.58094 5.17765 6.587 6.78265 6.68534 8.23487 8.24373 8.16121 7.57546 6.91844 7.04851 6.64015 6.95491 6.47017 6.92226 7.31351 7.46177 7.45322 7.40303 7.40149 7.38224 7.42857 7.43209 7.42991 7.42959 7.43191 7.43143 7.41895 7.41432 7.42638 7.41795 7.41404 7.40709 7.40947 7.41044 7.3923 7.37607 7.18863 6.90477 6.35828
-9999 -9999 -9999 -9999 -9999 -9999 2.2498 4.77161 6.91322 8.19872 9.43596 9.72665 10.1476 10.0629 9.72126 9.02361 8.15066 7.1835 5.67033 4.54673 5.89328 7.83327 9.22389 9.7215 9.71599 9.68549 9.55656 9.50475 9.35428 9.24521 8.61011 7.51447 6.89752 5.99291 7.56286 7.74343 7.50366 8.28996 8.2559 7.07968 6.17635 6.06796 6.62592 6.10315 6.01158 5.68354 6.05778 7.05496 6.76993 6.83049 7.282 7.35993 7.41224 7.42899 7.43004 7.43236 7.42946 7.43565 7.44204 7.42981 7.42715 7.42866 7.417 7.41698 7.41018 7.40531 7.39833 7.39062 7.3763 7.3259 7.27225 7.33657
-9999 -9999 -9999 -9999 -9999 -9999 2.30402 3.99876 5.92647 7.81778 9.13876 9.67443 10.0659 10.0667 9.66866 9.32434 8.7789 7.92851 7.34663 6.33269 4.9392 7.28707 8.00873 8.65063 8.92402 9.59557 9.58206 9.27848 8.91816 9.25171 9.15792 8.29177 8.00983 7.53114 8.4063 8.41311 8.39384 8.35213 7.35912 5.97688 4.87297 5.67563 5.51348 5.88323 4.74956 5.68973 6.44464 6.69172 6.18089 5.80533 6.97794 7.17695 7.29623 7.37422 7.42706 7.41983 7.43659 7.43474 7.43656 7.4382 7.43367 7.43311 7.4284 7.42333 7.41587 7.41231 7.40371 7.39464 7.39774 7.3687 7.36121 7.35283
-9999 -9999 -9999 -9999 -9999 -9999 -9999 3.00072 5.44177 7.62343 8.84004 9.60693 9.98297 9.98096 9.77969 9.5473 9.21079 8.5985 7.82801 6.60761 5.70265 6.28411 6.99111 7.07065 7.54234 8.90391 9.37102 8.71629 7.0891 8.05166 9.12568 9.11201 9.0246 8.9266 8.79738 8.6842 8.43112 7.7453 5.63428 5.22564 4.4006 4.49981 4.07871 5.01221 4.66529 5.6245 6.04214 6.20187 5.32178 5.50933 6.55213 6.96661 6.90216 7.15827 7.40063 7.41318 7.42497 7.42386 7.43436 7.44174 7.44329 7.44067 7.43844 7.43822 7.42117 7.42686 7.35309 7.30667 7.20753 7.3401 7.35649 7.36742
-9999 -9999 -9999 -9999 -9999 -9999 -9999 2.51387 4.95192 7.52061 8.34829 9.1747 9.88871 9.90721 9.59699 9.30223 8.99847 8.65194 7.71633 6.80909 5.94301 5.65508 5.83456 5.81958 6.5809 8.35404 8.69999 8.55706 6.85711 6.28579 7.71957 8.92532 9.02396 8.91919 7.50919 7.81506 7.05682 6.0269 5.7471 5.2992 4.34703 4.81264 4.11627 4.42139 4.34063 4.88693 5.15513 5.80386 5.03746 5.04185 6.06611 6.58408 6.60099 7.14473 7.34153 7.39664 7.4143 7.42863 7.43643 7.4506 7.45148 7.44947 7.4449 7.42502 7.36937 7.18271 6.16289 6.16916 6.45487 6.72534 7.21174 7.35444
-9999 -9999 -9999 -9999 -9999 -9999 -9999 2.79486 4.48797 6.76774 8.45769 8.56803 9.39212 9.81982 9.48201 9.10111 8.7113 8.54356 7.52488 6.40535 5.50159 4.43087 4.61217 5.38813 6.6488 7.79557 8.00349 7.77066 6.85899 7.29281 8.27197 8.79384 8.95069 8.83476 8.53116 8.35777 7.80064 7.56198 6.78653 5.5713 5.09561 5.40482 4.11415 4.20922 4.69259 4.18284 5.02564 5.4309 4.44033 5.23303 6.13828 6.60316 7.01024 7.20533 7.28596 7.40733 7.41547 7.43056 7.44138 7.44534 7.45105 7.43797 7.42814 7.32519 7.1705 6.22182 5.82466 5.90777 6.3538 6.74486 7.15455 7.3247
-9999 -9999 -9999 -9999 -9999 -9999 -9999 3.08202 4.60692 6.58424 7.79039 8.00984 8.92323 9.73601 9.65044 9.2539 9.13645 8.7253 7.86206 6.90801 5.8647 5.35972 4.19289 5.35011 6.2604 7.23228 7.6889 6.93944 6.56776 7.23687 7.90217 8.17045 8.84256 8.84063 8.62753 7.69384 7.24105 7.43931 7.24762 6.90826 6.07323 6.04061 5.50576 5.28684 5.08017 4.39325 4.83465 4.88236 5.00651 5.95589 6.42917 6.74448 7.03176 7.11061 7.23835 7.40285 7.42202 7.43303 7.43774 7.44628 7.44018 7.40046 7.36786 7.15489 6.77345 6.05677 4.88676 5.71693 6.58467 6.84926 7.10375 7.2389
-9999 -9999 -9999 -9999 -9999 -9999 -9999 2.82204 4.44178 6.13237 6.84178 6.96593 8.61532 9.62711 9.63353 9.44803 9.23059 8.208 8.27302 8.07221 7.13155 5.7592 4.25144 4.39759 5.29869 6.57892 7.00589 5.76779 5.33494 5.66063 6.66469 7.564 8.5029 8.74478 8.47523 7.01926 5.4718 6.19659 6.97073 6.97134 6.75048 5.9763 5.73363 5.51429 4.95042 3.98879 4.13197 4.40364 5.483 5.82772 6.35795 6.79913 6.63911 6.74015 7.16273 7.40742 7.4216 7.43116 7.44444 7.44441 7.43565 7.35084 7.26069 7.10557 6.10216 5.4802 4.57056 5.63451 6.22776 6.54711 7.11221 7.25082
-9999 -9999 -9999 -9999 -9999 -9999 -9999 2.32097 3.49758 5.11371 5.76769 6.80836 8.3673 9.13645 9.50762 9.50429 9.36095 8.90568 8.63384 8.0935 7.11483 5.77484 4.28474 3.31616 3.81511 5.53315 5.94353 4.80234 4.22664 4.95339 6.02328 7.60542 8.51136 8.6377 8.56086 8.2644 7.13591 5.7715 5.78102 6.47262 5.90283 5.23973 5.61172 5.54832 4.99163 4.58783 4.33711 4.49838 5.11373 5.37183 5.98379 6.88488 7.01804 6.99747 7.37985 7.40382 7.41782 7.43734 7.44226 7.44422 7.43836 7.37017 7.2106 6.54457 5.96442 5.15513 5.05971 6.00483 6.4258 6.81471 7.09472 7.18951
-9999 -9999 -9999 -9999 -9999 -9999 -9999 1.45886 2.84249 4.35674 5.77495 7.11705 8.27284 8.36647 8.97835 8.98233 9.30522 9.21885 8.79717 8.34287 7.50035 5.77778 4.32998 2.75055 3.17252 4.92702 5.15252 4.39273 2.9853 4.44764 6.05991 7.5216 8.31503 7.70135 8.33986 8.2926 7.87279 7.06252 5.79998 5.82878 4.88377 4.84718 5.33962 5.50254 5.4258 5.12383 4.63497 4.72286 5.09737 5.1968 5.75967 6.45986 7.14459 7.2638 7.39855 7.40928 7.41665 7.43256 7.4393 7.43054 7.40121 7.3296 6.77212 6.10809 5.7011 5.1389 5.07541 6.16879 6.60789 6.8541 7.09691 7.19606
-9999 -9999 -9999 -9999 -9999 -9999 -9999 -9999 2.70012 4.26436 5.42306 5.73841 6.76628 7.32348 7.75577 7.8553 9.08015 9.15218 8.88662 8.46974 7.7519 6.44596 5.5374 4.02268 2.93516 3.38254 3.58947 3.99528 3.88149 4.53626 6.08586 7.70013 7.88045 6.8627 7.01892 7.23769 7.72201 7.48359 5.76152 4.88892 4.16536 4.68735 5.23616 5.37239 5.40322 5.30266 5.18296 4.97497 5.70754 6.25085 6.38049 6.85497 7.20664 7.30744 7.38473 7.39887 7.41324 7.41875 7.40398 7.39478 7.31323 7.12372 6.49946 4.99049 5.06664 4.90825 4.44256 5.51441 6.18582 6.79283 7.11801 7.20613
-9999 -9999 -9999 -9999 -9999 -9999 -9999 -9999 2.17976 3.98894 4.37464 4.35087 3.75796 4.03774 6.25771 6.70856 7.88345 8.99621 8.91966 8.51083 7.83955 7.06371 5.85988 4.15585 2.80276 2.22976 3.69095 5.12712 5.42802 5.89079 6.84223 7.02691 5.98672 5.0116 5.56667 5.90294 7.17052 7.40577 7.16507 6.12929 4.94427 4.32781 5.06532 5.1677 5.21604 5.22907 5.21132 5.1801 6.00414 6.46298 6.78281 6.95923 7.26196 7.34328 7.3729 7.40116 7.40115 7.39122 7.34964 7.30163 7.07165 6.79208 5.76604 4.91151 4.38068 3.70542 5.24496 5.70671 6.34026 6.75055 7.07418 7.14962
