Test_Spring_2018/02_18/Temp/20180211_006.txt
ncols	170
nrows	115
xllcorner	350000.000000
yllcorner	4445000.000000
cellsize	1000.000000
nodata_value	-9999.000000
[rows 31 to 61 of 115, columns 70 to 139 of 170]
6.02619 6.58095 6.78394 6.39542 6.43241 7.35904 7.56941 7.55423 7.47381 7.38401 6.94163 6.79246 6.44343 5.82994 5.5716 4.48151 0.961583 1.95477 2.34151 1.31887 1.88528 2.80882 1.99873 -0.39918 -1.43395 -3.09869 -2.57787 -3.07816 -4.41912 -9999 -9999 -9999 -9999 -9999 -9999 -9999 -9999 -9999 -9999 -9999 -9999 -9999 -9999 -9999 -9999 -9999 -9999 -9999 -9999 -9999 -9999 -9999 -9999 -9999 -9999 -9999 -9999 -9999 -9999 -9999 -9999 -9999 -9999 -9999 -9999 -9999 -9999 -9999 -9999 -9999
6.12643 6.37925 6.35384 5.97962 6.55364 7.08214 6.76368 6.54964 7.42225 7.42047 7.12137 6.42119 6.16298 5.8952 5.73015 4.832 2.31626 0.0479977 1.25918 1.28513 0.442768 1.9451 1.14693 -0.930445 -3.86178 -2.27311 -2.69036 -4.76713 -5.28309 -9999 -9999 -9999 -9999 -9999 -9999 -9999 -9999 -9999 -9999 -9999 -9999 -9999 -9999 -9999 -9999 -9999 -9999 -9999 -9999 -9999 -9999 -9999 -9999 -9999 -9999 -9999 -9999 -9999 -9999 -9999 -9999 -9999 -9999 -9999 -9999 -9999 -9999 -9999 -9999 -9999
5.41813 6.05127 5.85449 5.69276 6.54672 6.52727 6.47442 6.78777 7.33037 7.43646 7.31872 7.01226 6.7466 6.46402 5.75016 4.72307 2.56968 -0.0117842 -0.599419 0.659873 0.717538 0.917448 0.189755 -0.723545 -2.15065 -0.987494 -0.537652 -1.90663 -3.69352 -4.84182 -9999 -9999 -9999 -9999 -9999 -9999 -9999 -9999 -9999 -9999 -9999 -9999 -9999 -9999 -9999 -9999 -9999 -9999 -9999 -9999 -9999 -9999 -9999 -9999 -9999 -9999 -9999 -9999 -9999 -9999 -9999 -9999 -9999 -9999 -9999 -9999 -9999 -9999 -9999 -9999
4.46825 5.55613 5.25895 4.4275 4.94154 5.3272 6.04642 6.23938 6.34521 7.364 7.30819 7.25906 6.82136 6.4708 5.89119 4.9026 3.496 1.80282 -1.14347 0.668731 2.08708 2.04774 1.96692 1.32615 -0.045048 1.0965 1.14712 -0.601178 -2.58149 -3.75231 -4.23864 -9999 -9999 -9999 -9999 -9999 -9999 -9999 -9999 -9999 -9999 -9999 -9999 -9999 -9999 -9999 -9999 -9999 -9999 -9999 -9999 -9999 -9999 -9999 -9999 -9999 -9999 -9999 -9999 -9999 -9999 -9999 -9999 -9999 -9999 -9999 -9999 -9999 -9999 -9999
-9999 4.86818 4.58199 3.56678 4.08402 4.77483 5.75244 6.26103 6.64948 6.95304 7.2626 7.22403 6.77614 5.45686 5.26654 5.20718 4.28632 2.35635 0.428804 -0.0726802 2.09249 2.71004 2.58053 3.06157 1.89948 2.44402 2.21626 1.59488 -0.314768 -2.05525 -2.77869 -4.20483 -9999 -9999 -9999 -9999 -9999 -9999 -9999 -9999 -9999 -9999 -9999 -9999 -9999 -9999 -9999 -9999 -9999 -9999 -9999 -9999 -9999 -9999 -9999 -9999 -9999 -9999 -9999 -9999 -9999 -9999 -9999 -9999 -9999 -9999 -9999 -9999 -9999 -9999
-9999 -9999 -9999 -9999 2.92661 3.86967 4.65122 5.60701 6.43441 6.84609 7.24586 7.21185 6.31857 5.88052 5.84023 5.23615 4.17345 3.5054 2.29072 1.02516 1.50446 3.35028 2.52469 3.83139 3.71728 3.95469 3.07571 1.41556 -0.804872 -2.09845 -2.74608 -3.90246 -9999 -9999 -9999 -9999 -9999 -9999 -9999 -9999 -9999 -9999 -9999 -9999 -9999 -9999 -9999 -9999 -9999 -9999 -9999 -9999 -9999 -9999 -9999 -9999 -9999 -9999 -9999 -9999 -9999 -9999 -9999 -9999 -9999 -9999 -9999 -9999 -9999 -9999
-9999 -9999 -9999 -9999 -9999 3.69583 4.29164 5.56774 6.23275 6.49957 7.14546 7.14534 6.80592 6.54903 6.17691 5.69131 4.892 4.0102 2.86756 2.7591 3.93872 3.95015 3.6998 3.89067 4.49494 4.33133 2.97166 0.633153 -0.606517 -3.12064 -4.20021 -4.09357 -4.85978 -9999 -9999 -9999 -9999 -9999 -9999 -9999 -9999 -9999 -9999 -9999 -9999 -1.98583 -9999 -9999 -9999 -9999 -9999 -9999 -9999 -9999 -9999 -9999 -9999 -9999 -9999 -9999 -9999 -9999 -9999 -9999 -9999 -9999 -6.66496 -9999 -9999 -9999
-9999 -9999 -9999 -9999 3.57898 4.37778 4.99797 5.79782 5.87645 6.35643 7.09948 7.10893 6.86781 6.59532 5.98474 5.83164 5.37554 4.41835 4.22018 4.60401 4.77904 4.97776 5.09882 4.99453 4.74498 4.42344 3.54804 2.45956 1.72788 -0.571937 -1.73296 -2.84696 -4.53115 -5.84941 -9999 -9999 -9999 -9999 -9999 -9999 -9999 -2.84908 -2.91502 -2.88876 -2.52381 -1.50992 -2.1118 -9999 -9999 -9999 -9999 -9999 -9999 -9999 -9999 -9999 -9999 -9999 -9999 -9999 -9999 -9999 -9999 -9999 -9999 -9999 -5.74673 -7.07463 -9999 -9999
-9999 -9999 -9999 -9999 3.79561 4.63415 5.05288 5.83006 6.27461 6.57135 6.82838 7.07374 7.03085 6.72957 6.27189 6.27254 5.64208 5.30074 5.05602 5.57617 5.67636 5.46309 5.19639 4.96012 4.29813 4.21847 4.00223 3.31007 2.17614 1.00779 -0.676094 -2.96121 -5.20221 -7.01041 -9999 -9999 -9999 -9999 -9999 -9999 -2.65647 -1.81445 -1.31145 -2.39184 -1.47559 -0.638547 -0.776778 -1.59872 -9999 -9999 -9999 -9999 -9999 -9999 -9999 -9999 -9999 -9999 -9999 -9999 -9999 -9999 0.544006 -0.816906 -3.562 -4.97118 -5.81839 -7.02628 -9999 -9999
-9999 -9999 -9999 -9999 3.62691 4.61773 5.28913 5.88516 5.98068 6.59661 6.86271 6.99415 6.97723 6.91621 6.8303 6.27999 6.0417 5.21052 6.00001 5.96679 5.76289 4.96543 4.61777 3.25096 2.64754 2.51164 3.65464 2.80379 1.0311 -1.18404 -3.84176 -4.01995 -4.90259 -6.51903 -9999 -9999 -9999 -9999 -9999 -9999 -2.39512 -1.49426 -0.742992 -0.636654 -1.71069 -0.220413 -0.284054 -1.12436 -1.31849 -0.637608 -0.294638 -0.557945 0.254869 0.490282 0.11693 0.517938 -9999 -9999 -9999 -9999 0.739295 0.790227 0.827647 0.258219 -2.74036 -4.78976 -6.63066 -6.80676 -9999 -9999
-9999 -9999 -9999 -9999 4.31043 4.92089 5.23005 5.2808 5.81613 6.35528 6.68414 6.92249 6.87305 6.852 6.82935 6.63965 6.20152 6.27699 6.23857 5.98104 4.46596 2.69806 3.46347 2.41333 0.170087 1.98804 2.98536 2.0217 -0.125683 -2.61509 -3.42914 -3.40021 -4.62641 -6.20387 -9999 -9999 -9999 -4.85842 -3.56676 -3.45714 -3.07857 -1.87591 -0.96195 -0.27331 0.193795 0.175309 -0.327302 -1.14947 -2.04282 -1.73063 -0.136394 0.248938 0.571643 0.81571 0.468777 0.642423 1.06607 1.28321 1.32425 1.21988 1.19302 1.22401 1.16893 0.637226 -2.04389 -3.58115 -4.56363 -6.53626 -9999 -9999
-9999 -9999 -9999 -9999 3.92483 4.45592 4.88639 5.60021 5.67656 6.12866 6.40082 6.79882 6.84276 6.37541 6.75871 6.70673 6.63208 6.47631 6.24914 4.9696 3.2072 1.44036 0.622631 0.967874 -0.384496 0.304154 1.3147 0.942375 -0.377096 -2.59522 -2.91063 -3.42644 -5.48757 -7.47055 -9999 -9999 -7.36694 -4.88581 -3.13968 -2.24049 -1.96415 -1.94062 -0.788233 -0.701141 0.539421 0.244319 -1.40716 -1.22659 -1.87076 -1.46063 -0.880812 -0.724436 0.114047 0.920351 1.06962 1.06936 1.33778 1.39003 1.40075 1.38994 1.20162 1.28215 1.29107 0.957986 -0.986995 -1.93777 -2.98604 -6.51141 -9999 -9999
-9999 -9999 -9999 -9999 4.19396 4.78771 5.43804 5.54429 6.02644 5.97872 5.84636 6.51704 6.76185 6.4316 6.19303 6.62714 6.59417 6.53308 6.43415 5.23137 3.83986 1.73519 0.425932 -0.374394 -0.945022 -1.70702 -1.18992 -1.35278 -1.56972 -1.32743 -1.93826 -3.15432 -4.36161 -6.61914 -7.84103 -9999 -7.23317 -6.11511 -4.03781 -2.27298 -1.1539 -1.56081 -0.249982 -0.0099112 0.744566 0.295311 -0.709732 -1.14581 -1.18864 -1.32439 -0.443556 0.148074 0.563408 0.84008 1.18518 1.27031 1.35595 1.38962 1.4063 1.42319 1.4149 1.40402 1.36071 1.23288 0.336219 -0.613622 -2.65951 -6.39502 -9999 -9999
-9999 -9999 -9999 2.46194 4.12417 5.11968 5.50594 5.78516 6.03143 6.20998 6.4004 6.57535 6.69492 6.64252 5.76967 5.8385 5.99224 6.4834 6.44447 6.33216 5.56941 3.00916 2.12293 0.827232 -0.848448 -1.55139 -1.20584 0.161061 0.0965987 -0.814004 -1.82833 -3.22789 -4.1198 -5.50479 -8.16138 -7.92589 -6.73411 -5.84807 -4.43724 -2.27928 -0.767607 -0.0950582 0.15662 0.685324 0.958157 0.341739 -0.244932 -0.493837 -0.950865 -1.01918 -1.02013 -0.489539 -0.0771103 0.847937 1.1563 1.29457 1.36385 1.39954 1.42453 1.44902 1.45508 1.43341 1.43034 1.41885 1.34834 0.0862816 -3.06558 -5.4405 -9999 -9999
-9999 -9999 -9999 -9999 3.81564 4.25427 4.37016 4.57203 4.98375 5.45811 6.13244 6.21918 6.58827 6.58634 5.83408 4.96486 5.71725 6.01389 6.32111 6.32638 6.22445 4.07201 2.94409 2.05525 0.448262 1.02215 1.56777 1.60604 1.27139 -0.677416 -2.61818 -4.85412 -6.94456 -7.04746 -8.17345 -7.58263 -6.79635 -4.77302 -3.35007 -2.77499 -2.36301 -0.16959 0.398126 0.588975 1.14692 0.375399 0.175417 -0.405609 -0.238836 -0.293703 -0.294669 -1.89543 -0.29818 -0.207234 0.832685 1.29877 1.4011 1.42673 1.45425 1.45578 1.45827 1.44975 1.45636 1.43605 1.41357 0.59152 -3.40312 -5.41154 -9999 -9999
-9999 -9999 -9999 -9999 -9999 -9999 3.95625 4.29172 4.50746 4.87943 6.01807 6.32434 6.52754 6.5444 6.20857 5.34851 5.11973 5.27369 4.43251 5.1288 6.08323 6.05498 5.93438 4.04181 3.07145 4.00286 3.71486 2.29189 1.17148 0.0658359 -2.20579 -3.86819 -6.26345 -8.06284 -8.13355 -6.15409 -4.51059 -2.4631 -1.56141 -2.0796 -1.52511 -0.438175 0.797271 1.39234 1.24655 0.433411 0.314372 -0.579135 0.289865 0.360252 -0.0502407 -0.405435 -0.269984 0.242503 0.435876 1.2488 1.44313 1.4747 1.47771 1.47774 1.47075 1.46239 1.44781 1.43487 1.41887 1.37731 -2.72877 -5.92475 -9999 -9999
-9999 -9999 -9999 -9999 -9999 -9999 3.16785 3.37305 3.9093 5.28321 6.0053 6.29626 6.28672 6.42057 6.18348 5.42643 4.64866 3.91425 2.96771 3.50299 4.92534 5.762 5.85325 4.19367 5.05068 4.72424 4.08481 2.22487 0.853468 0.125093 -2.05584 -3.92217 -5.51669 -7.71712 -6.78016 -5.74796 -4.42133 -2.18718 -0.680803 -0.063961 -0.588032 0.105803 1.52803 1.53174 0.747242 0.793441 0.312393 -0.906981 0.353132 0.704617 0.413549 0.483908 0.372565 0.561034 0.907571 1.23906 1.45843 1.4852 1.48527 1.47462 1.4707 1.46744 1.44754 1.4444 1.42836 1.4028 -1.24927 -5.98567 -9999 -9999
-9999 -9999 -9999 -9999 -9999 -9999 -9999 2.45245 3.67352 5.4967 5.95232 5.91191 6.28826 6.32038 5.95701 5.64068 4.69704 3.40803 0.934492 1.55977 2.86872 4.75792 5.74871 5.61016 5.05208 4.08644 1.75567 -0.284318 -0.534849 -0.871239 -2.4636 -3.90117 -5.67352 -4.65126 -3.53113 -2.3054 -1.6628 -1.83345 -0.543119 0.508105 0.0568341 0.908809 1.9031 1.44612 1.17396 0.944758 0.3897 0.352001 0.404951 1.11883 0.617852 0.919294 0.922675 0.901921 1.06874 1.26143 1.46411 1.49453 1.49159 1.49154 1.46395 1.46848 1.45254 1.43657 1.42143 1.39883 1.15457 -1.39919 -2.92693 -9999
-9999 -9999 -9999 -9999 -9999 -9999 -9999 1.32708 1.93696 4.09573 4.76527 5.71903 6.22526 6.2482 5.63544 5.29276 3.888 3.43 1.14165 0.103615 0.97741 0.637166 3.2402 5.54321 5.0367 0.375592 -1.31487 -2.52142 -2.21551 -2.2155 -2.66068 -5.10709 -5.78401 -3.5972 -2.22128 -1.15586 -0.348403 -0.182707 -0.213677 1.43249 1.6481 2.18016 2.05957 2.10495 1.26779 0.747977 1.19216 0.668481 0.575469 1.31315 0.57853 1.23554 1.15333 0.951516 0.937848 1.36994 1.45485 1.498 1.49724 1.47672 1.45111 1.4347 1.44476 1.43398 1.40549 1.40226 1.37403 1.06547 -0.257903 -0.723227
-9999 -9999 -9999 -9999 -9999 -9999 -9999 -9999 -0.0755426 2.92372 4.29655 5.01673 6.03 6.15172 5.82562 5.23393 3.80293 2.54364 0.497714 -1.83874 -3.07747 0.616396 3.83084 5.5067 5.28172 1.40123 -0.132268 -0.206472 0.691618 -0.071571 -0.650903 -2.51013 -3.06823 -3.84285 -3.36988 -1.88372 -0.670783 0.499451 1.34922 1.41541 1.96517 2.27937 2.30132 2.3966 2.2943 2.20997 1.40045 1.95127 1.47604 1.72203 1.55723 1.40826 1.27915 0.815993 1.13758 1.42207 1.49298 1.51174 1.4909 1.48324 1.46728 1.43634 1.42007 1.414 1.40697 1.38783 1.38316 1.36357 1.21137 0.413524
-9999 -9999 -9999 -9999 -9999 -9999 -9999 -9999 -1.57427 1.41005 2.85065 4.70136 5.65453 6.03964 5.98728 5.50743 4.41953 2.78282 1.41843 -1.18929 -3.89708 -0.0191198 3.4353 5.29734 5.39262 2.13076 3.03064 2.29753 2.58913 1.24998 0.692236 0.252572 -0.709658 -1.76162 -2.91232 -3.52299 -0.795326 0.603717 1.72875 2.25722 2.55414 2.70018 2.61625 2.40643 1.18942 2.10943 2.05406 1.95762 1.84783 1.79269 1.69309 1.5766 1.50591 1.47881 1.17022 1.51222 1.50023 1.50136 1.49935 1.48654 1.4654 1.44628 1.42346 1.41954 1.4032 1.38693 1.3743 1.36489 1.35073 1.3028
-9999 -9999 -9999 -9999 -9999 -9999 -9999 -9999 -5.76743 -1.42665 2.066 3.88746 5.36882 5.77514 5.92577 5.28263 4.80061 3.62659 2.51429 0.799808 -1.76665 -3.34843 -0.445233 3.77525 5.32984 5.20435 5.10365 4.25656 3.49308 3.39431 3.44891 2.56297 1.27037 -0.417943 -0.947763 -1.5414 0.489397 0.76205 0.60999 2.84245 2.84357 2.71224 1.85224 0.891392 1.06875 0.4712 0.919217 0.207914 0.85351 1.41115 1.617 1.5958 1.51706 1.50336 1.46624 1.52175 1.51712 1.50378 1.49262 1.48477 1.47239 1.44224 1.42319 1.42819 1.40621 1.38857 1.37085 1.36411 1.35492 1.31834
-9999 -9999 -9999 -9999 -9999 -9999 -9999 -9999 -5.58128 -1.92711 1.16898 3.02491 4.8095 5.22252 5.82336 5.69119 5.18642 4.16555 2.89051 1.47893 -0.723291 -2.36112 -0.421423 2.38095 4.38572 5.10172 5.0919 5.04046 4.84662 4.76496 4.54007 4.38103 3.45305 1.8565 0.95392 -0.365715 1.89772 2.14862 1.79039 2.91772 2.85683 1.14179 -0.178008 -0.346472 0.45305 -0.314697 -0.455233 -0.935093 -0.402428 1.03251 0.607426 0.68649 1.33468 1.43846 1.50227 1.51711 1.50887 1.50203 1.48717 1.48498 1.48262 1.45293 1.43686 1.42667 1.39745 1.38853 1.36693 1.34946 1.33308 1.31147
-9999 -9999 -9999 -9999 -9999 -9999 -9999 -9999 -5.50934 -3.05015 -0.264278 2.46873 4.37436 5.14203 5.7002 5.69198 5.10562 4.59667 3.79618 2.55396 1.70062 0.221788 -1.80639 1.5839 2.62295 3.54795 3.9355 4.90052 4.87375 4.42708 3.91087 4.38574 4.24016 2.97699 2.55947 1.85661 3.11389 3.11324 3.07444 3.00282 1.55337 -0.459848 -2.07 -0.919019 -1.16499 -0.637229 -2.2868 -0.939409 0.144354 0.493055 -0.25028 -0.802994 0.889399 1.1653 1.32871 1.43211 1.49878 1.47808 1.49168 1.4779 1.46903 1.45955 1.44087 1.42784 1.40879 1.38935 1.37049 1.35501 1.33151 1.30327
-9999 -9999 -9999 -9999 -9999 -9999 -9999 -9999 -9999 -4.5018 -0.971639 2.18101 3.93549 5.03806 5.57401 5.5619 5.26073 4.91411 4.41644 3.51925 2.39298 0.615318 -0.705289 0.127013 1.14524 1.25619 1.93113 3.89507 4.56391 3.6083 1.25197 2.63672 4.18364 4.15516 4.01955 3.86818 3.67466 3.5003 3.12301 2.11876 -0.949606 -1.55639 -2.76277 -2.63061 -3.25173 -1.90751 -2.41739 -1.0383 -0.443119 -0.221116 -1.50467 -1.23855 0.259301 0.850472 0.747958 1.10948 1.45433 1.46221 1.4686 1.45593 1.4597 1.45866 1.44894 1.42929 1.4137 1.40114 1.36852 1.36668 1.2487 1.17071
-9999 -9999 -9999 -9999 -9999 -9999 -9999 -9999 -9999 -5.20906 -1.685 2.02775 3.21872 4.40731 5.43262 5.45025 4.9914 4.55463 4.10458 3.59246 2.22728 0.903276 -0.360932 -0.787612 -0.537085 -0.55891 0.535173 3.09479 3.58779 3.37296 0.910138 0.0741944 2.1418 3.87894 4.01256 3.85126 1.79941 2.23204 1.12333 -0.379142 -0.795553 -1.45555 -2.84583 -2.18289 -3.2025 -2.77157 -2.89218 -2.11113 -1.7325 -0.802554 -1.9217 -1.92106 -0.45049 0.290244 0.3053 1.08309 1.35822 1.42782 1.44279 1.45255 1.45246 1.46127 1.45057 1.43555 1.41679 1.37593 1.28347 1.0059 -0.480343 -0.48211
-9999 -9999 -9999 -9999 -9999 -9999 -9999 -9999 -9999 -4.80549 -2.36065 0.933335 3.37273 3.52418 4.70881 5.31901 4.82028 4.25887 3.68436 3.43133 1.94599 0.314685 -1.00401 -2.56428 -2.31119 -1.19665 0.629703 2.28192 2.57469 2.22928 0.907847 1.52717 2.9361 3.68262 3.90029 3.72268 3.27299 3.01157 2.19413 1.83764 0.703606 -1.06742 -1.76751 -1.33089 -3.21102 -3.08418 -2.39477 -3.13575 -1.92516 -1.34796 -2.79195 -1.65347 -0.352164 0.311415 0.89122 1.1639 1.27058 1.43601 1.43714 1.44799 1.45236 1.4465 1.44298 1.41213 1.38594 1.22496 0.98921 -0.396143 -0.97595 -0.866533
-9999 -9999 -9999 -9999 -9999 -9999 -9999 -9999 -9999 -4.39279 -2.19197 0.663709 2.40224 2.71152 4.02535 5.19318 5.05975 4.47577 4.29578 3.69037 2.43024 1.03865 -0.482102 -1.22311 -2.92237 -1.25585 0.0632726 1.46194 2.11455 1.02843 0.481008 1.44074 2.39487 2.77388 3.73752 3.72484 3.4061 2.04361 1.3773 1.65362 1.36508 0.862605 -0.35771 -0.41597 -1.20142 -1.52921 -1.83906 -2.83631 -2.20711 -2.14786 -1.9808 -0.612768 0.0627205 0.509439 0.915513 1.01962 1.19434 1.42208 1.43911 1.44406 1.43964 1.44053 1.42005 1.35079 1.29181 0.971666 0.407661 -0.641641 -2.3403 -1.14909
-9999 -9999 -9999 -9999 -9999 -9999 -9999 -9999 -9999 -4.77229 -2.43446 0.00569453 1.02463 1.19573 3.5753 5.03125 5.03103 4.75269 4.42795 2.93715 3.02134 2.7206 1.34853 -0.648599 -2.84167 -2.63948 -1.3383 0.511437 1.12082 -0.67316 -1.30946 -0.84735 0.597068 1.88966 3.23945 3.57966 3.17908 1.06019 -1.19137 -0.152492 0.957731 0.947708 0.616944 -0.51506 -0.877288 -1.20561 -2.03272 -3.43145 -3.23031 -2.84686 -1.29371 -0.804642 -0.0469117 0.58185 0.339929 0.475943 1.07746 1.42119 1.43092 1.43374 1.44176 1.43035 1.40615 1.27174 1.12958 0.893363 -0.57124 -1.48333 -2.8091 -1.27495
-9999 -9999 -9999 -9999 -9999 -9999 -9999 -9999 -9999 -5.50077 -3.80495 -1.47289 -0.534417 0.963765 3.21223 4.31672 4.84468 4.83014 4.61272 3.94351 3.53989 2.74747 1.32032 -0.629971 -2.79757 -4.20979 -3.49671 -1.0074 -0.422185 -2.07621 -2.91965 -1.87701 -0.337516 1.94367 3.24552 3.41825 3.29661 2.8568 1.21197 -0.774608 -0.771594 0.219149 -0.616803 -1.58784 -1.05984 -1.16226 -1.97893 -2.57407 -2.93902 -2.71834 -1.83466 -1.47121 -0.595324 0.699237 0.881658 0.841354 1.38448 1.40843 1.41781 1.43505 1.43098 1.42252 1.40264 1.29244 1.04987 0.0738942 -0.777657 -1.96097 -2.1104 -0.745405
-9999 -9999 -9999 -9999 -9999 -9999 -9999 -9999 -9999 -6.75195 -4.75657 -2.57227 -0.52726 1.40728 3.07181 3.19795 4.07441 4.07042 4.52814 4.39314 3.77252 3.10468 1.87465 -0.629742 -2.73615 -5.03311 -4.43165 -1.89452 -1.56415 -2.67437 -4.72253 -2.61487 -0.290189 1.81636 2.95506 2.05596 2.97013 2.89112 2.27253 1.08845 -0.750614 -0.719629 -2.09884 -2.1625 -1.45997 -1.23457 -1.35616 -1.80385 -2.51738 -2.39921 -1.86462 -1.73111 -0.926501 0.076925 1.05789 1.21983 1.40417 1.40883 1.40851 1.42047 1.41906 1.39515 1.34137 1.22633 0.40766 -0.565314 -1.16602 -1.99148 -2.09468 -0.519131
