Test_Spring_2018/02_18/Temp/20180206_012.txt
ncols	170
nrows	115
xllcorner	350000.000000
yllcorner	4445000.000000
cellsize	1000.000000
nodata_value	-9999.000000
[rows 32 to 63 of 115, columns 72 to 143 of 170]
12.0295 11.7421 12.1946 12.6112 12.3486 12.1775 12.8548 12.8575 12.6284 12.0865 11.89 11.6863 11.5632 10.8681 8.91091 7.14698 8.09862 8.12528 7.47422 8.65294 8.03608 6.42069 4.13861 5.38391 5.06353 3.43193 3.02987 -9999 -9999 -9999 -9999 -9999 -9999 -9999 -9999 -9999 -9999 -9999 -9999 -9999 -9999 -9999 -9999 -9999 -9999 -9999 -9999 -9999 -9999 -9999 -9999 -9999 -9999 -9999 -9999 -9999 -9999 -9999 -9999 -9999 -9999 -9999 -9999 -9999 -9999 -9999 -9999 -9999 -9999 -9999 -9999 -9999
11.6419 11.5205 12.1915 12.1807 12.1327 12.3657 12.7857 12.8727 12.7852 12.5507 12.3484 12.1332 11.5818 10.7861 9.11162 7.10321 6.65095 7.64013 7.69146 7.85372 7.2919 6.58506 5.47703 6.39037 6.74686 5.67751 4.27357 3.37217 -9999 -9999 -9999 -9999 -9999 -9999 -9999 -9999 -9999 -9999 -9999 -9999 -9999 -9999 -9999 -9999 -9999 -9999 -9999 -9999 -9999 -9999 -9999 -9999 -9999 -9999 -9999 -9999 -9999 -9999 -9999 -9999 -9999 -9999 -9999 -9999 -9999 -9999 -9999 -9999 -9999 -9999 -9999 -9999
11.1796 10.5356 10.9413 11.2466 11.7934 11.9328 12.0194 12.8187 12.7796 12.746 12.4094 12.1412 11.6945 10.9289 9.83727 8.52211 6.22908 7.64978 8.76307 8.73864 8.6817 8.18761 7.1233 8.01986 8.06488 6.69456 5.13365 4.22592 3.85251 -9999 -9999 -9999 -9999 -9999 -9999 -9999 -9999 -9999 -9999 -9999 -9999 -9999 -9999 -9999 -9999 -9999 -9999 -9999 -9999 -9999 -9999 -9999 -9999 -9999 -9999 -9999 -9999 -9999 -9999 -9999 -9999 -9999 -9999 -9999 -9999 -9999 -9999 -9999 -9999 -9999 -9999 -9999
10.6541 9.86654 10.2747 10.8181 11.576 11.9607 12.2594 12.5005 12.7464 12.7211 12.3765 11.3523 11.2094 11.1691 10.4565 8.95665 7.45873 7.0738 8.77 9.25829 9.16342 9.54488 8.64382 9.07451 8.90233 8.41699 6.91693 5.55379 4.9954 3.88877 -9999 -9999 -9999 -9999 -9999 -9999 -9999 -9999 -9999 -9999 -9999 -9999 -9999 -9999 -9999 -9999 -9999 -9999 -9999 -9999 -9999 -9999 -9999 -9999 -9999 -9999 -9999 -9999 -9999 -9999 -9999 -9999 -9999 -9999 -9999 -9999 -9999 -9999 -9999 -9999 -9999 -9999
-9999 -9999 9.37415 10.1053 10.7129 11.453 12.0941 12.4194 12.7356 12.7137 12.0216 11.685 11.6593 11.1938 10.3707 9.85575 8.91429 7.93315 8.31372 9.76069 9.12264 10.1485 10.0654 10.2564 9.57599 8.27028 6.53785 5.52346 5.02425 4.12819 -9999 -9999 -9999 -9999 -9999 -9999 -9999 -9999 -9999 -9999 -9999 -9999 -9999 -9999 -9999 -9999 -9999 -9999 -9999 -9999 -9999 -9999 -9999 -9999 -9999 -9999 -9999 -9999 -9999 -9999 -9999 -9999 -9999 -9999 -9999 -9999 -9999 -9999 -9999 -9999 -9999 -9999
-9999 -9999 -9999 9.97225 10.4348 11.4339 11.9392 12.1512 12.6593 12.6637 12.4037 12.2086 11.9239 11.551 10.9335 10.2519 9.36678 9.28883 10.2161 10.2315 10.0425 10.1976 10.6752 10.5532 9.49183 7.66288 6.70085 4.72903 3.89268 3.98231 3.39098 -9999 -9999 -9999 -9999 -9999 -9999 -9999 -9999 -9999 -9999 -9999 -9999 5.73174 -9999 -9999 -9999 -9999 -9999 -9999 -9999 -9999 -9999 -9999 -9999 -9999 -9999 -9999 -9999 -9999 -9999 -9999 -9999 -9999 2.24366 -9999 -9999 -9999 -9999 -9999 -9999 -9999
-9999 -9999 9.88917 10.5019 10.9887 11.6157 11.6715 12.0416 12.6253 12.637 12.4536 12.2462 11.7754 11.6621 11.3127 10.5724 10.4246 10.731 10.8744 11.0362 11.1371 11.062 10.8731 10.6279 9.93565 9.09143 8.52567 6.73156 5.82138 4.95832 3.65054 2.62863 -9999 -9999 -9999 -9999 -9999 -9999 -9999 5.0316 4.98783 5.01587 5.30811 6.10668 5.6441 -9999 -9999 -9999 -9999 -9999 -9999 -9999 -9999 -9999 -9999 -9999 -9999 -9999 -9999 -9999 -9999 -9999 -9999 -9999 2.96312 1.93637 -9999 -9999 -9999 -9999 -9999 -9999
-9999 -9999 10.0484 10.7052 11.0342 11.6429 11.9922 12.2112 12.4153 12.6109 12.5821 12.3522 12.0008 12.0076 11.5222 11.2628 11.0789 11.492 11.5772 11.4176 11.2161 11.0379 10.5272 10.4706 10.2934 9.75829 8.87836 7.97166 6.64922 4.87207 3.12969 1.72541 -9999 -9999 -9999 -9999 -9999 -9999 5.17769 5.84269 6.24297 5.40733 6.12976 6.7902 6.68934 6.04905 -9999 -9999 -9999 -9999 -9999 -9999 -9999 -9999 -9999 -9999 -9999 -9999 -9999 -9999 7.83721 6.78454 4.65167 3.56148 2.90991 1.97691 -9999 -9999 -9999 -9999 -9999 -9999
-9999 -9999 9.9207 10.6957 11.2213 11.6879 11.7642 12.2396 12.4435 12.5499 12.5412 12.4987 12.4376 12.0145 11.8355 11.194 11.8176 11.7991 11.6472 11.0319 10.7673 9.70688 9.24185 9.12854 10.0255 9.36618 7.98745 6.26351 4.18512 4.04853 3.36619 2.11154 -9999 -9999 -9999 -9999 -9999 -9999 5.38513 6.09613 6.69021 6.78073 5.94981 7.11996 7.07181 6.42273 6.27789 6.81595 7.09035 6.88646 7.52749 7.7189 7.43543 7.75653 -9999 -9999 -9999 -9999 7.97319 8.02224 8.06086 7.62597 5.29537 3.70561 2.27861 2.15028 -9999 -9999 -9999 -9999 -9999 -9999
-9999 -9999 10.4582 10.9357 11.1778 11.2182 11.637 12.0522 12.3053 12.4953 12.4612 12.45 12.4383 12.2969 11.9622 12.0287 12.0065 11.8134 10.6387 9.26634 9.87073 9.05605 7.30438 8.72347 9.50641 8.75877 7.08728 5.14895 4.50955 4.53477 3.5842 2.36228 -9999 -9999 -9999 3.44324 4.45963 4.55357 4.85737 5.8042 6.52551 7.06786 7.43966 7.42826 7.0417 6.40652 5.71572 5.96576 7.21642 7.52373 7.77711 7.9751 7.71211 7.85817 8.197 8.37493 8.4157 8.34325 8.33154 8.36517 8.33182 7.92662 5.84126 4.65128 3.89435 2.36575 -9999 -9999 -9999 -9999 -9999 -9999
-9999 -9999 10.1595 10.5746 10.911 11.4683 11.5285 11.8824 12.0905 12.3995 12.4381 12.0786 12.3837 12.35 12.2992 12.1856 12.0164 11.026 9.65861 8.28739 7.65641 7.92702 6.87734 7.41543 8.20865 7.91933 6.89516 5.16838 4.92674 4.52182 2.91671 1.37584 -9999 -9999 1.47959 3.42428 4.79554 5.50588 5.73009 5.75684 6.66436 6.74018 7.71588 7.48948 6.20627 6.35363 5.85306 6.17924 6.64045 6.76884 7.42564 8.0615 8.18547 8.19303 8.41059 8.45976 8.47685 8.47745 8.3398 8.41221 8.42894 8.17891 6.67099 5.93905 5.13061 2.39078 -9999 -9999 -9999 -9999 -9999 -9999
-9999 -9999 10.3717 10.8352 11.3428 11.4257 11.8023 11.7659 11.6581 12.1842 12.3754 12.1228 11.9427 12.2886 12.2706 12.2311 12.1625 11.2323 10.1547 8.5201 7.50571 6.88305 6.44338 5.85002 6.25808 6.13518 5.96991 6.16302 5.68737 4.73611 3.79972 2.04229 1.09586 -9999 1.58608 2.46713 4.09704 5.48318 6.36529 6.0563 7.08761 7.28292 7.87662 7.5329 6.75406 6.42176 6.39454 6.29462 6.98798 7.45188 7.77839 8.00119 8.27735 8.35138 8.42617 8.46077 8.48248 8.50473 8.50765 8.50885 8.48497 8.3953 7.70572 6.97428 5.38786 2.48412 -9999 -9999 -9999 -9999 -9999 -9999
-9999 9.02985 10.3212 11.0976 11.3984 11.6157 11.8075 11.947 12.0914 12.2298 12.3265 12.2879 11.6129 11.6738 11.8018 12.1937 12.1722 12.0935 11.5069 9.517 8.82925 7.82453 6.52252 5.97491 6.24882 7.31951 7.27289 6.56586 5.77797 4.68372 3.99013 2.91548 0.847721 1.03922 1.97756 2.67768 3.78764 5.4808 6.66952 7.20316 7.40804 7.82669 8.04691 7.57398 7.12179 6.93381 6.5831 6.53555 6.54042 6.96006 7.28417 8.00911 8.25674 8.37181 8.4337 8.46979 8.49797 8.52618 8.54038 8.53328 8.54097 8.54227 8.49728 7.52275 5.07413 3.23231 -9999 -9999 -9999 -9999 -9999 -9999
-9999 -9999 10.0841 10.4253 10.5145 10.6709 10.9913 11.3612 11.883 11.9528 12.244 12.2465 11.6639 10.9929 11.5883 11.8287 12.0777 12.0911 12.0205 10.3466 9.47354 8.78632 7.53786 7.98676 8.4166 8.4501 8.19231 6.67469 5.16342 3.41645 1.79001 1.71534 0.841207 1.30902 1.93096 3.5188 4.63838 5.09639 5.42707 7.14785 7.59815 7.7557 8.19871 7.60365 7.45319 7.00586 7.1418 7.1045 7.10907 5.86501 7.11367 7.19055 8.00835 8.37678 8.46421 8.49237 8.5225 8.53281 8.54432 8.5476 8.56299 8.5573 8.55087 7.92001 4.81313 3.25744 -9999 -9999 -9999 -9999 -9999 -9999
-9999 -9999 -9999 -9999 10.194 10.4542 10.6213 10.9108 11.795 12.0358 12.1974 12.215 11.9586 11.2937 11.1235 11.2528 10.6058 11.1587 11.9113 11.8973 11.8105 10.34 9.58495 10.3163 10.0954 8.98825 8.11699 7.25714 5.48737 4.18801 2.32346 0.924601 0.875609 2.42743 3.71693 5.32372 6.03661 5.64155 6.08361 6.94055 7.91334 8.3859 8.27975 7.65223 7.56491 6.87362 7.55746 7.61772 7.30245 7.0302 7.13789 7.54349 7.70037 8.34123 8.49987 8.5314 8.54237 8.55153 8.5557 8.55921 8.55831 8.55888 8.55721 8.53565 5.34195 2.85954 -9999 -9999 -9999 -9999 -9999 -9999
-9999 -9999 -9999 -9999 9.58112 9.73943 10.1564 11.2277 11.7867 12.0155 12.011 12.1198 11.9405 11.3568 10.7579 10.194 9.46457 9.89158 11.0105 11.6716 11.7502 10.4616 11.1328 10.8824 10.3871 8.93889 7.8716 7.30601 5.60683 4.14829 2.90851 1.19653 1.93384 2.74632 3.78942 5.54136 6.72626 7.21718 6.81736 7.36795 8.48664 8.49778 7.89324 7.93642 7.56659 6.62093 7.60993 7.88944 7.66721 7.7269 7.64186 7.79439 8.07061 8.33555 8.51359 8.54202 8.55019 8.55102 8.55764 8.56526 8.56025 8.5686 8.56703 8.55808 6.49928 2.81473 -9999 -9999 -9999 -9999 -9999 -9999
-9999 -9999 -9999 -9999 -9999 9.0233 9.97476 11.3967 11.7477 11.7179 12.0146 12.0441 11.7662 11.5264 10.7982 9.80142 7.88042 8.37771 9.40813 10.8908 11.6715 11.57 11.1369 10.3877 8.57241 6.98362 6.79107 6.53135 5.29144 4.1675 2.78885 3.59189 4.47208 5.43552 5.94474 5.82007 6.83629 7.66614 7.32334 7.99744 8.78224 8.43394 8.22933 8.05766 7.6301 7.60668 7.65355 8.21584 7.82972 8.06965 8.07408 8.06319 8.19903 8.35553 8.52044 8.55165 8.55761 8.56663 8.55481 8.56854 8.56669 8.5651 8.56433 8.55778 8.37819 6.39711 5.21566 -9999 -9999 -9999 -9999 -9999
-9999 -9999 -9999 -9999 -9999 8.14748 8.62218 10.3062 10.8243 11.5705 11.9687 11.991 11.5186 11.2582 10.1698 9.82159 8.04525 7.24397 7.93477 7.67749 9.71649 11.5205 11.1277 7.49446 6.17904 5.2408 5.48259 5.48548 5.14093 3.22962 2.70588 4.41775 5.49753 6.33582 6.97364 7.11134 7.09635 8.3907 8.56798 8.99244 8.90721 8.95105 8.30557 7.90718 8.25953 7.8569 7.78991 8.37082 7.80239 8.31983 8.25742 8.1052 8.10013 8.44342 8.51638 8.55748 8.56513 8.55815 8.54799 8.54514 8.56361 8.56609 8.55493 8.56352 8.55255 8.32372 7.30177 6.94922 7.35491 -9999 -9999 -9999
-9999 -9999 -9999 -9999 -9999 -9999 7.05455 9.39494 10.4621 11.0263 11.8204 11.9199 11.6698 11.2155 10.1071 9.1333 7.54599 5.73205 4.77286 7.66391 10.1801 11.4947 11.3216 8.29773 7.10499 7.05066 7.75482 7.16227 6.71319 5.26012 4.82919 4.22988 4.60497 5.77089 6.72552 7.64729 8.31956 8.38075 8.8196 9.07274 9.09876 9.1816 9.10972 9.05129 8.42528 8.86135 8.49619 8.69348 8.56987 8.4584 8.35941 8.00328 8.2599 8.48803 8.55006 8.57219 8.56411 8.56714 8.56447 8.5508 8.5478 8.55394 8.55949 8.55564 8.56302 8.55968 8.45171 7.83959 7.01748 5.9768 -9999 -9999
-9999 -9999 -9999 -9999 -9999 -9999 5.88813 8.21741 9.33767 10.7845 11.5292 11.8348 11.8003 11.4332 10.5924 9.32382 8.26817 6.24229 4.13815 7.17263 9.87401 11.334 11.4144 8.86989 9.5765 9.00821 9.23932 8.19755 7.76561 7.42039 6.67421 5.85856 4.96537 4.49612 6.63258 7.7328 8.61976 9.0416 9.28297 9.40665 9.34867 9.1923 8.25052 8.97602 8.93865 8.86973 8.78995 8.75242 8.67988 8.59396 8.54063 8.52496 8.28988 8.5628 8.56052 8.56882 8.57543 8.5744 8.56762 8.56307 8.55615 8.56226 8.56032 8.55862 8.5597 8.56423 8.5639 8.53697 8.37936 6.97948 6.14469 5.91323
-9999 -9999 -9999 -9999 -9999 -9999 2.61901 6.00758 8.72576 10.1506 11.3105 11.6331 11.7571 11.2624 10.8942 9.9865 9.12732 7.79827 5.80419 4.57826 6.85096 10.152 11.3683 11.2715 11.1975 10.5406 9.94862 9.87526 9.92156 9.22804 8.22253 6.91059 6.50384 6.04749 7.64002 7.86104 7.75116 9.50267 9.513 9.42004 8.75827 8.01464 8.16138 7.70083 8.05637 7.50778 8.01774 8.45868 8.62479 8.61349 8.55399 8.54892 8.52581 8.57584 8.57907 8.57614 8.57561 8.5784 8.57836 8.56506 8.56092 8.57586 8.56705 8.56424 8.56085 8.56735 8.57078 8.5526 8.53652 8.32687 8.00817 7.39256
-9999 -9999 -9999 -9999 -9999 -9999 2.76399 5.61092 8.03002 9.48132 10.8788 11.2067 11.6821 11.5861 11.1999 10.4115 9.42503 8.33209 6.62201 5.35213 6.87385 9.06686 10.6381 11.1979 11.1916 11.156 11.009 10.9479 10.7764 10.6499 9.93101 8.69127 7.99327 6.97035 8.74437 8.94831 8.67736 9.56618 9.52791 8.19875 7.17796 7.05546 7.68443 7.09311 6.98936 6.61952 7.04157 8.16745 7.84201 7.9091 8.4168 8.50361 8.55988 8.57797 8.57852 8.58074 8.57735 8.58451 8.59217 8.57906 8.57702 8.57988 8.56804 8.56852 8.56241 8.5605 8.55751 8.55089 8.53677 8.48184 8.42156 8.49628
-9999 -9999 -9999 -9999 -9999 -9999 2.82555 4.73823 6.91576 9.05179 10.544 11.1489 11.5909 11.5916 11.1416 10.7525 10.1361 9.17505 8.51743 7.37144 5.79637 8.44961 9.26558 9.98843 10.2953 11.0531 11.0365 10.6921 10.2828 10.6587 10.551 9.57121 9.2519 8.71037 9.69913 9.70665 9.68484 9.63775 8.51558 6.95349 5.70591 6.613 6.42953 6.84529 5.56381 6.62352 7.47574 7.7539 7.17752 6.75188 8.07471 8.29639 8.43033 8.51775 8.57692 8.56843 8.58727 8.58533 8.58779 8.59027 8.58597 8.58633 8.58216 8.5777 8.56954 8.569 8.56102 8.55032 8.55579 8.52811 8.5216 8.51393
-9999 -9999 -9999 -9999 -9999 -9999 -9999 3.61046 6.36762 8.83253 10.2069 11.0732 11.4978 11.4953 11.2677 11.005 10.6247 9.93263 9.06176 7.68233 6.6593 7.31609 8.11554 8.20261 8.73473 10.2725 10.7992 10.058 8.21544 9.30149 10.5145 10.4983 10.399 10.2878 10.1427 10.0145 9.7284 8.95327 6.56742 6.10419 5.1716 5.28349 4.80718 5.85962 5.4674 6.55073 7.02188 7.20145 6.20576 6.41518 7.59023 8.05792 7.98441 8.27336 8.54879 8.5627 8.57595 8.57483 8.58703 8.59589 8.59833 8.59417 8.5925 8.59322 8.57364 8.5836 8.50175 8.45092 8.3406 8.49222 8.51261 8.52397
-9999 -9999 -9999 -9999 -9999 -9999 -9999 3.06006 5.81476 8.71724 9.65214 10.5857 11.3924 11.4131 11.0623 10.7291 10.3857 9.99402 8.9365 7.91097 6.93187 6.60608 6.80844 6.78967 7.64918 9.65217 10.0421 9.87945 7.95363 7.30707 8.92675 10.2888 10.3997 10.2809 8.68693 9.03238 8.17526 7.01113 6.69479 6.18844 5.11212 5.63807 4.85065 5.19497 5.10138 5.71812 6.02047 6.75282 5.88575 5.88827 7.04221 7.62693 7.64546 8.25953 8.48163 8.54373 8.56364 8.57995 8.58901 8.6054 8.60688 8.60522 8.60075 8.57907 8.51706 8.30559 7.15673 7.16521 7.48959 7.79683 8.34769 8.50792
-9999 -9999 -9999 -9999 -9999 -9999 -9999 3.37817 5.29113 7.8672 9.77675 9.90113 10.8323 11.3154 10.9335 10.5029 10.0623 9.87259 8.72115 7.45567 6.43397 5.22349 5.42793 6.30436 7.72707 9.02221 9.25622 8.99207 7.95707 8.44659 9.5525 10.1417 10.3184 10.1869 9.84343 9.64718 9.01729 8.74737 7.8708 6.49716 5.9593 6.30845 4.84933 4.95627 5.50195 4.9234 5.87524 6.33253 5.21223 6.10259 7.12502 7.64981 8.10937 8.32945 8.42026 8.55726 8.56641 8.58352 8.59594 8.60069 8.60753 8.59322 8.58265 8.46691 8.29277 7.22134 6.77447 6.86955 7.37489 7.81815 8.27913 8.47281
-9999 -9999 -9999 -9999 -9999 -9999 -9999 3.70322 5.42623 7.66063 9.02352 9.2713 10.3034 11.2219 11.125 10.6768 10.5439 10.0791 9.10334 8.02487 6.84544 6.27436 4.95518 6.26254 7.2893 8.38684 8.90201 8.05013 7.62927 8.38476 9.13601 9.4386 10.1977 10.1951 9.95383 8.89827 8.38626 8.61009 8.39322 8.00944 7.0654 7.02818 6.42328 6.17535 5.94118 5.16228 5.66054 5.71381 5.85011 6.9207 7.45499 7.8108 8.13502 8.22375 8.36783 8.55357 8.57515 8.58761 8.59305 8.60289 8.59626 8.5517 8.51525 8.27499 7.84439 7.03496 5.71434 6.65352 7.63521 7.93257 8.22038 8.37421
-9999 -9999 -9999 -9999 -9999 -9999 -9999 3.40986 5.24024 7.15073 7.95233 8.09251 9.95653 11.0999 11.1071 10.8974 10.6515 9.49568 9.569 9.34182 8.27841 6.72703 5.02254 5.1872 6.20266 7.64974 8.13145 6.72725 6.23732 6.60471 7.73886 8.75467 9.8153 10.0882 9.78319 8.13733 6.38809 7.20697 8.08162 8.08202 7.83208 6.95674 6.68203 6.43362 5.79575 4.70879 4.86754 5.17399 6.38798 6.77698 7.37568 7.87379 7.69251 7.80634 8.28366 8.56001 8.57593 8.58669 8.60174 8.6018 8.59205 8.49639 8.39475 8.21971 7.08597 6.38338 5.35836 6.55989 7.2311 7.58904 8.22849 8.38596
-9999 -9999 -9999 -9999 -9999 -9999 -9999 2.84401 4.17375 6.00024 6.73934 7.91548 9.67736 10.5466 10.9661 10.9623 10.8002 10.2855 9.97808 9.36716 8.26077 6.74596 5.06142 3.96624 4.5296 6.46918 6.93057 5.63745 4.98611 5.80681 7.01539 8.80295 9.82635 9.96869 9.88146 9.54605 8.27032 6.72796 6.7384 7.51972 6.87538 6.12554 6.54551 6.47333 5.84358 5.38658 5.10056 5.27863 5.97172 6.26285 6.95396 7.97189 8.12198 8.09837 8.53026 8.55713 8.57281 8.59479 8.6003 8.60252 8.59594 8.51894 8.33868 7.58603 6.93048 6.01596 5.90827 6.97784 7.45139 7.89024 8.20719 8.31485
-9999 -9999 -9999 -9999 -9999 -9999 -9999 1.87013 3.43403 5.14555 6.74852 8.26544 9.5718 9.67767 10.3692 10.3737 10.7386 10.6408 10.1641 9.65037 8.69783 6.75061 5.11387 3.32829 3.80466 5.78447 6.03531 5.17589 3.58453 5.23663 7.05821 8.70968 9.60593 8.91192 9.63317 9.5794 9.10459 8.1885 6.76124 6.79343 5.725 5.6832 6.23927 6.42286 6.33555 5.99364 5.441 5.53336 5.95431 6.06614 6.70178 7.49267 8.26615 8.40053 8.55253 8.56443 8.57257 8.59041 8.59791 8.58794 8.55471 8.47372 7.84359 7.09304 6.633 5.99752 5.92568 7.16428 7.65623 7.93344 8.20806 8.32034
-9999 -9999 -9999 -9999 -9999 -9999 -9999 -9999 3.27382 5.04201 6.35184 6.70848 7.87036 8.50025 8.9889 9.10141 10.4857 10.567 10.2666 9.79522 8.98357 7.50718 6.47986 4.7674 3.53772 4.03863 4.27015 4.72808 4.5988 5.33818 7.08895 8.91288 9.1162 7.96553 8.14171 8.38861 8.93564 8.66584 6.7192 5.7326 4.91443 5.5039 6.12366 6.27706 6.31131 6.19701 6.05779 5.81765 6.64501 7.25851 7.40452 7.94032 8.33737 8.45095 8.538 8.55372 8.56975 8.57578 8.55891 8.54834 8.456 8.24162 7.53587 5.83021 5.91601 5.7367 5.21007 6.41859 7.17691 7.86282 8.23024 8.32975
-9999 -9999 -9999 -9999 -9999 -9999 -9999 -9999 2.68649 4.73169 5.16804 5.14155 4.47175 4.78819 7.29734 7.80695 9.13479 10.3923 10.3056 9.84321 9.08415 8.20684 6.84575 4.91929 3.38942 2.73693 4.38543 6.00866 6.34804 6.87043 7.94517 8.15339 6.97733 5.87485 6.50182 6.88152 8.3138 8.57933 8.30692 7.13588 5.79613 5.09892 5.93191 6.04703 6.10103 6.11508 6.0903 6.05347 6.98131 7.49933 7.86027 8.0592 8.40094 8.49249 8.52566 8.55733 8.55708 8.54561 8.49838 8.44387 8.18367 7.8674 6.70741 5.74122 5.14083 4.37714 6.11656 6.6353 7.35254 7.81364 8.17899 8.26386
