Test_Spring_2018/02_18/Temp/20180218_012.txt
ncols	170
nrows	115
xllcorner	350000.000000
yllcorner	4445000.000000
cellsize	1000.000000
nodata_value	-9999.000000
[rows 32 to 63 of 115, columns 72 to 143 of 170]
12.3418 12.1099 12.4912 12.8428 12.6364 12.5031 13.0722 13.0811 12.8979 12.4555 12.2992 12.137 12.0415 11.472 9.85632 8.40088 9.19626 9.22503 8.69216 9.67598 9.17167 7.83986 5.9556 6.99512 6.73705 5.40149 5.08099 -9999 -9999 -9999 -9999 -9999 -9999 -9999 -9999 -9999 -9999 -9999 -9999 -9999 -9999 -9999 -9999 -9999 -9999 -9999 -9999 -9999 -9999 -9999 -9999 -9999 -9999 -9999 -9999 -9999 -9999 -9999 -9999 -9999 -9999 -9999 -9999 -9999 -9999 -9999 -9999 -9999 -9999 -9999 -9999 -9999
12.0193 11.9249 12.4874 12.4847 12.4556 12.6579 13.0136 13.0923 13.0265 12.8387 12.6777 12.5059 12.0553 11.4024 10.0211 8.36303 7.99482 8.8214 8.87074 9.01212 8.55346 7.97471 7.06356 7.82793 8.13084 7.25783 6.11062 5.37365 -9999 -9999 -9999 -9999 -9999 -9999 -9999 -9999 -9999 -9999 -9999 -9999 -9999 -9999 -9999 -9999 -9999 -9999 -9999 -9999 -9999 -9999 -9999 -9999 -9999 -9999 -9999 -9999 -9999 -9999 -9999 -9999 -9999 -9999 -9999 -9999 -9999 -9999 -9999 -9999 -9999 -9999 -9999 -9999
11.6347 11.1072 11.4498 11.7092 12.175 12.2987 12.3771 13.0462 13.0204 12.9991 12.7267 12.5109 12.1472 11.5191 10.6209 9.53739 7.64347 8.82775 9.75732 9.74401 9.70386 9.30149 8.4266 9.17707 9.22182 8.10449 6.82441 6.07983 5.77805 -9999 -9999 -9999 -9999 -9999 -9999 -9999 -9999 -9999 -9999 -9999 -9999 -9999 -9999 -9999 -9999 -9999 -9999 -9999 -9999 -9999 -9999 -9999 -9999 -9999 -9999 -9999 -9999 -9999 -9999 -9999 -9999 -9999 -9999 -9999 -9999 -9999 -9999 -9999 -9999 -9999 -9999 -9999
11.1977 10.5513 10.896 11.3527 11.9897 12.3198 12.5746 12.781 12.9915 12.9769 12.6978 11.8554 11.7434 11.7164 11.1324 9.89575 8.66087 8.34857 9.76132 10.173 10.1015 10.4249 9.68534 10.0497 9.91447 9.52566 8.29716 7.17893 6.72381 5.81418 -9999 -9999 -9999 -9999 -9999 -9999 -9999 -9999 -9999 -9999 -9999 -9999 -9999 -9999 -9999 -9999 -9999 -9999 -9999 -9999 -9999 -9999 -9999 -9999 -9999 -9999 -9999 -9999 -9999 -9999 -9999 -9999 -9999 -9999 -9999 -9999 -9999 -9999 -9999 -9999 -9999 -9999
-9999 -9999 10.1482 10.763 11.2736 11.8977 12.4362 12.7124 12.981 12.9693 12.402 12.1295 12.1145 11.7351 11.0593 10.6391 9.86539 9.05895 9.38129 10.5876 10.0659 10.9235 10.862 11.0278 10.4714 9.40424 7.98147 7.15226 6.74617 6.01104 -9999 -9999 -9999 -9999 -9999 -9999 -9999 -9999 -9999 -9999 -9999 -9999 -9999 -9999 -9999 -9999 -9999 -9999 -9999 -9999 -9999 -9999 -9999 -9999 -9999 -9999 -9999 -9999 -9999 -9999 -9999 -9999 -9999 -9999 -9999 -9999 -9999 -9999 -9999 -9999 -9999 -9999
-9999 -9999 -9999 10.6515 11.0419 11.8766 12.3064 12.4886 12.9163 12.9263 12.7172 12.5617 12.332 12.0293 11.5239 10.9654 10.2384 10.1806 10.9561 10.976 10.8266 10.9625 11.3658 11.2723 10.4061 8.89941 8.10997 6.49227 5.80676 5.88858 5.40585 -9999 -9999 -9999 -9999 -9999 -9999 -9999 -9999 -9999 -9999 -9999 -9999 7.44521 -9999 -9999 -9999 -9999 -9999 -9999 -9999 -9999 -9999 -9999 -9999 -9999 -9999 -9999 -9999 -9999 -9999 -9999 -9999 -9999 4.73646 -9999 -9999 -9999 -9999 -9999 -9999 -9999
-9999 -9999 10.5724 11.0896 11.4998 12.0261 12.0828 12.3964 12.8867 12.9026 12.7569 12.5912 12.2072 12.1195 11.8362 11.229 11.1131 11.3739 11.4998 11.641 11.732 11.6772 11.5283 11.3327 10.7737 10.0821 9.62125 8.14713 7.40388 6.69606 5.61944 4.7796 -9999 -9999 -9999 -9999 -9999 -9999 -9999 6.82914 6.80099 6.83267 7.08361 7.75448 7.38028 -9999 -9999 -9999 -9999 -9999 -9999 -9999 -9999 -9999 -9999 -9999 -9999 -9999 -9999 -9999 -9999 -9999 -9999 -9999 5.33288 4.48894 -9999 -9999 -9999 -9999 -9999 -9999
-9999 -9999 10.7056 11.2569 11.5364 12.0476 12.3437 12.5357 12.7113 12.8796 12.8618 12.6774 12.3922 12.404 12.0079 11.7992 11.6534 12.0026 12.0802 11.9552 11.7955 11.6555 11.24 11.201 11.0688 10.6336 9.91245 9.169 8.08865 6.62318 5.18628 4.02941 -9999 -9999 -9999 -9999 -9999 -9999 6.94002 7.49908 7.83908 7.15506 7.76279 8.31945 8.24538 7.73153 -9999 -9999 -9999 -9999 -9999 -9999 -9999 -9999 -9999 -9999 -9999 -9999 -9999 -9999 9.34563 8.47982 6.71875 5.822 5.28892 4.5227 -9999 -9999 -9999 -9999 -9999 -9999
-9999 -9999 10.5985 11.2479 11.6903 12.0839 12.1538 12.5544 12.7333 12.8277 12.8265 12.7973 12.7525 12.4078 12.2655 11.7402 12.2635 12.2549 12.1361 11.6334 11.4217 10.5505 10.173 10.0933 10.8453 10.3074 9.173 7.75233 6.04057 5.93932 5.38096 4.34801 -9999 -9999 -9999 -9999 -9999 -9999 7.10948 7.7067 8.20743 8.29123 7.61171 8.59115 8.56763 8.04006 7.93052 8.38698 8.62479 8.47121 9.01449 9.18217 8.95584 9.23019 -9999 -9999 -9999 -9999 9.44565 9.49288 9.53143 9.17756 7.25251 5.94164 4.76583 4.66946 -9999 -9999 -9999 -9999 -9999 -9999
-9999 -9999 11.0428 11.4457 11.6534 11.6938 12.0475 12.3982 12.6176 12.7788 12.7566 12.7533 12.7495 12.6383 12.3669 12.4282 12.4162 12.2627 11.296 10.1657 10.6741 10.0094 8.56598 9.75596 10.4137 9.80279 8.42598 6.82779 6.30869 6.34119 5.56046 4.5516 -9999 -9999 -9999 5.47388 6.32299 6.40779 6.66687 7.45932 8.06533 8.52696 8.84457 8.8469 8.54103 8.02546 7.4639 7.68213 8.72959 8.99492 9.22202 9.39542 9.18625 9.31447 9.60314 9.75803 9.79885 9.74552 9.74229 9.77651 9.75516 9.42564 7.70522 6.72564 6.10518 4.85042 -9999 -9999 -9999 -9999 -9999 -9999
-9999 -9999 10.7917 11.1429 11.4288 11.8978 11.9545 12.2544 12.4333 12.6984 12.7364 12.4443 12.703 12.6809 12.6447 12.5566 12.4227 11.6084 10.4819 9.35261 8.83715 9.06928 8.20738 8.66684 9.33316 9.10601 8.26317 6.84041 6.64838 6.32287 5.00328 3.73303 -9999 -9999 3.83834 5.45652 6.59957 7.19511 7.3881 7.41792 8.17828 8.24985 9.06783 8.89142 7.84227 7.97547 7.57712 7.85898 8.25218 8.36948 8.92863 9.46699 9.57872 9.59342 9.78164 9.8298 9.85091 9.85798 9.7502 9.81636 9.83632 9.63523 8.39168 7.7915 7.13032 4.86882 -9999 -9999 -9999 -9999 -9999 -9999
-9999 -9999 10.9647 11.356 11.7837 11.8595 12.1786 12.1573 12.0744 12.5167 12.6836 12.48 12.3364 12.6287 12.6196 12.5929 12.5422 11.7778 10.8915 9.54393 8.71073 8.20253 7.84637 7.36609 7.71315 7.62018 7.49205 7.66084 7.27852 6.50014 5.7315 4.28464 3.50668 -9999 3.92535 4.66173 6.01896 7.17445 7.91261 7.66407 8.52705 8.69773 9.20029 8.92567 8.29478 8.03134 8.02033 7.94917 8.53551 8.93656 9.22213 9.41681 9.65627 9.7262 9.79614 9.83219 9.85704 9.88191 9.89045 9.89737 9.88346 9.81508 9.24964 8.65155 7.34346 4.94601 -9999 -9999 -9999 -9999 -9999 -9999
-9999 9.84267 10.922 11.5727 11.8292 12.0164 12.1824 12.3049 12.4312 12.5541 12.6404 12.616 12.0621 12.1182 12.23 12.5607 12.549 12.4902 12.0109 10.3688 9.80631 8.98037 7.90929 7.46842 7.70448 8.601 8.57143 7.99436 7.35009 6.45333 5.88915 5.00553 3.3003 3.46512 4.24879 4.83501 5.76108 7.17085 8.163 8.61279 8.79075 9.14728 9.33959 8.95904 8.59883 8.45477 8.1761 8.14882 8.16501 8.52484 8.80869 9.42479 9.63965 9.74466 9.80397 9.84123 9.87134 9.90099 9.91869 9.91852 9.93054 9.93737 9.90742 9.1061 7.08483 5.56745 -9999 -9999 -9999 -9999 -9999 -9999
-9999 -9999 10.7248 11.0149 11.096 11.2328 11.5054 11.8189 12.2582 12.3227 12.5706 12.5799 12.1038 11.5531 12.0523 12.2573 12.4697 12.4872 12.4355 11.0545 10.3383 9.7765 8.74987 9.13488 9.50034 9.53737 9.33295 8.08422 6.84057 5.40287 4.06288 4.00862 3.29289 3.6881 4.20938 5.5312 6.46506 6.85092 7.13174 8.56537 8.94709 9.08758 9.46473 8.98221 8.87226 8.5136 8.63869 8.62034 8.63672 7.61805 8.66846 8.74342 9.43181 9.74962 9.8307 9.86137 9.89301 9.90769 9.92296 9.93119 9.94941 9.95121 9.95292 9.43659 6.86837 5.58809 -9999 -9999 -9999 -9999 -9999 -9999
-9999 -9999 -9999 -9999 10.8298 11.0527 11.1983 11.4453 12.1849 12.3913 12.5319 12.5527 12.3464 11.8019 11.6664 11.7793 11.249 11.7134 12.3437 12.339 12.2745 11.0634 10.4495 11.0648 10.891 9.98275 9.27001 8.56662 7.10888 6.04225 4.50503 3.35333 3.31996 4.61293 5.68913 7.02653 7.62317 7.30181 7.67482 8.39302 9.20766 9.60853 9.53059 9.02131 8.96381 8.40321 8.98273 9.04558 8.79723 8.58442 8.68936 9.03709 9.17794 9.71907 9.85956 9.89486 9.91055 9.92417 9.93321 9.94147 9.94705 9.95336 9.95811 9.94674 7.30654 5.2581 -9999 -9999 -9999 -9999 -9999 -9999
-9999 -9999 -9999 -9999 10.3213 10.4598 10.8126 11.7077 12.1778 12.3743 12.3773 12.4738 12.3314 11.8535 11.3631 10.9013 10.3026 10.6627 11.5966 12.1514 12.2239 11.1635 11.7317 11.5333 11.1321 9.94121 9.06607 8.6067 7.20759 6.0091 4.98984 3.5787 4.19714 4.87735 5.74825 7.20654 8.19432 8.60729 8.28261 8.7464 9.68191 9.70032 9.2093 9.25599 8.96439 8.19312 9.02575 9.27056 9.09956 9.16213 9.10749 9.24568 9.48564 9.71535 9.87203 9.90365 9.91772 9.92436 9.93534 9.94734 9.94874 9.96142 9.96619 9.96523 8.26566 5.22081 -9999 -9999 -9999 -9999 -9999 -9999
-9999 -9999 -9999 -9999 -9999 9.8657 10.6615 11.8473 12.1452 12.1274 12.38 12.4109 12.1868 11.9941 11.3963 10.5759 8.98952 9.40779 10.2683 11.504 12.1583 12.0818 11.7345 11.1226 9.62739 8.31998 8.1699 7.96409 6.94571 6.02461 4.89034 5.56387 6.30081 7.10623 7.53467 7.43732 8.28537 8.97922 8.70172 9.26781 9.92651 9.64693 9.48735 9.35593 9.01647 9.00963 9.06143 9.5407 9.23396 9.44604 9.46563 9.4685 9.59222 9.73215 9.87802 9.91198 9.92395 9.93749 9.93325 9.95009 9.95407 9.95847 9.96387 9.96487 9.82287 8.18992 7.21856 -9999 -9999 -9999 -9999 -9999
-9999 -9999 -9999 -9999 -9999 9.13925 9.53993 10.9429 11.3793 12.0048 12.3416 12.3666 11.9814 11.7715 10.8753 10.5924 9.1258 8.46812 9.04705 8.84052 10.5377 12.0404 11.7266 8.72415 7.64309 6.87482 7.0847 7.09654 6.82028 5.24662 4.821 6.2479 7.15036 7.85213 8.38725 8.50755 8.50089 9.57953 9.73353 10.0927 10.0302 10.0755 9.55041 9.23096 9.53786 9.21661 9.17395 9.66857 9.21067 9.65272 9.61692 9.50265 9.50959 9.80437 9.87406 9.91626 9.92983 9.93008 9.92706 9.93056 9.95139 9.95918 9.95596 9.96951 9.96727 9.78667 8.9475 8.66343 9.00802 -9999 -9999 -9999
-9999 -9999 -9999 -9999 -9999 -9999 8.23998 10.187 11.0784 11.5531 12.2181 12.3072 12.1059 11.7356 10.8229 10.0216 8.7117 7.2139 6.42637 8.82924 10.9218 12.0188 11.887 9.38955 8.41002 8.37425 8.96724 8.48547 8.12253 6.92868 6.58002 6.09136 6.40984 7.38341 8.1815 8.95157 9.51467 9.5713 9.94117 10.1597 10.1894 10.2669 10.2171 10.1792 9.67511 10.0488 9.75878 9.93523 9.84581 9.76641 9.70021 9.41682 9.64059 9.83987 9.90051 9.92764 9.92786 9.9365 9.93979 9.93356 9.93804 9.94891 9.95959 9.96285 9.97582 9.98215 9.90049 9.40124 8.72811 7.87393 -9999 -9999
-9999 -9999 -9999 -9999 -9999 -9999 7.27246 9.21021 10.1457 11.3519 11.9757 12.2353 12.2133 11.9154 11.2245 10.179 9.30977 7.63636 5.89816 8.42046 10.668 11.8854 11.9597 9.8634 10.4579 9.996 10.1967 9.3425 8.99365 8.71803 8.10807 7.44013 6.70766 6.32656 8.10391 9.02206 9.76327 10.119 10.3253 10.4344 10.3956 10.2764 9.50533 10.117 10.1006 10.0554 10.0016 9.9831 9.93569 9.87716 9.84864 9.84723 9.66329 9.90038 9.90821 9.92297 9.93546 9.94088 9.94094 9.94245 9.94184 9.95501 9.96006 9.96514 9.9729 9.98581 9.99332 9.97903 9.85659 8.70461 8.021 7.84075
-9999 -9999 -9999 -9999 -9999 -9999 4.56201 7.37769 9.63691 10.825 11.7928 12.067 12.1764 11.7728 11.4738 10.7274 10.0211 8.92533 7.27841 6.26832 8.15999 10.9029 11.9209 11.8535 11.8009 11.2652 10.7836 10.7318 10.7792 10.2148 9.39003 8.31078 7.98252 7.61139 8.93807 9.1277 9.04289 10.5009 10.5158 10.4455 9.90431 9.2987 9.42938 9.06019 9.36933 8.92618 9.36078 9.73845 9.88843 9.89135 9.85751 9.8656 9.85709 9.90964 9.92108 9.92658 9.93329 9.94205 9.94791 9.94242 9.94435 9.96213 9.96464 9.96875 9.97364 9.98827 9.99883 9.99171 9.98649 9.8209 9.56494 9.06638
-9999 -9999 -9999 -9999 -9999 -9999 4.68036 7.04676 9.05902 10.2683 11.4336 11.7122 12.1129 12.0398 11.7259 11.0785 10.2668 9.36682 7.95535 6.90889 8.17646 10.0028 11.3122 11.7893 11.7952 11.7743 11.6612 11.6192 11.486 11.3916 10.8043 9.78651 9.21557 8.37496 9.85226 10.0279 9.80983 10.553 10.5279 9.43308 8.59433 8.50071 9.03428 8.55377 8.48224 8.18944 8.55076 9.49568 9.23826 9.30588 9.74218 9.82515 9.88409 9.90854 9.91772 9.92754 9.93199 9.94457 9.95706 9.95201 9.95597 9.96401 9.96004 9.97193 9.97371 9.98154 9.98759 9.98996 9.98626 9.94879 9.90745 9.98136
-9999 -9999 -9999 -9999 -9999 -9999 4.72834 6.32208 8.13404 9.9107 11.1545 11.6627 12.0357 12.0428 11.6761 11.3597 10.8548 10.0642 9.52519 8.58146 7.28229 9.48801 10.1737 10.786 11.0477 11.6843 11.6794 11.4028 11.0768 11.3969 11.3182 10.5141 10.257 9.81554 10.6421 10.6552 10.6438 10.6114 9.68812 8.40043 7.37379 8.13355 7.98998 8.34815 7.30039 8.18912 8.90691 9.14918 8.68539 8.34415 9.45579 9.65282 9.77374 9.85551 9.91323 9.9142 9.93722 9.94245 9.95089 9.95905 9.96144 9.9677 9.97034 9.97299 9.97922 9.98834 9.98934 9.98861 10.0012 9.98702 9.98962 9.99538
-9999 -9999 -9999 -9999 -9999 -9999 -9999 5.38388 7.67549 9.72561 10.8718 11.5967 11.9554 11.9599 11.7777 11.5662 11.257 10.6894 9.97367 8.83647 7.99484 8.54577 9.21794 9.30385 9.75295 11.0358 11.4809 10.8752 9.35854 10.2703 11.284 11.2787 11.2042 11.1196 11.0079 10.9087 10.6785 10.0429 8.07236 7.69436 6.92889 7.02957 6.64328 7.52969 7.21932 8.12784 8.52932 8.6894 7.8755 8.06477 9.0532 9.4512 9.40016 9.64898 9.88661 9.90619 9.92469 9.9308 9.94756 9.9613 9.96959 9.97203 9.97701 9.98418 9.98209 10.0002 9.94005 9.90575 9.82227 9.95595 9.98084 10.0054
-9999 -9999 -9999 -9999 -9999 -9999 -9999 4.92512 7.21533 9.628 10.4098 11.1904 11.8658 11.8895 11.6052 11.3353 11.0569 10.7383 9.86794 9.02415 8.21898 7.95553 8.13008 8.13138 8.85166 10.5199 10.8514 10.725 9.14255 8.61496 9.96561 11.1026 11.2023 11.1114 9.7977 10.0913 9.38795 8.43015 8.17511 7.76276 6.87828 7.32222 6.67804 6.97241 6.91506 7.4365 7.69769 8.3155 7.60775 7.62516 8.59621 9.09092 9.11594 9.63409 9.82687 9.88652 9.91073 9.93151 9.94595 9.96623 9.97401 9.97918 9.98211 9.97095 9.92659 9.76661 8.82477 8.83958 9.11631 9.37888 9.84861 9.99181
-9999 -9999 -9999 -9999 -9999 -9999 -9999 5.18682 6.77922 8.92124 10.5108 10.6206 11.399 11.8061 11.4959 11.1454 10.7864 10.6354 9.68726 8.64467 7.80426 6.80755 6.98381 7.71727 8.91441 9.99578 10.1978 9.98703 9.14311 9.55698 10.4817 10.978 11.1322 11.0309 10.7536 10.5983 10.0835 9.86705 9.14784 8.0168 7.57875 7.87623 6.67532 6.77285 7.23448 6.77629 7.57547 7.96493 7.0469 7.80454 8.66207 9.10684 9.4972 9.68867 9.77258 9.89433 9.90971 9.93134 9.94879 9.95968 9.97219 9.96715 9.96529 9.87639 9.73927 8.85866 8.5074 8.59395 9.02063 9.39588 9.7945 9.9624
-9999 -9999 -9999 -9999 -9999 -9999 -9999 5.45413 6.88897 8.74767 9.88399 10.096 10.9581 11.7258 11.652 11.2868 11.183 10.8041 10.0016 9.11409 8.14301 7.67629 6.58969 7.68028 8.54949 9.46693 9.90179 9.20972 8.86892 9.50309 10.1337 10.3923 11.0292 11.0347 10.8422 9.97476 9.55778 9.75071 9.57845 9.26799 8.49341 8.47073 7.97787 7.78124 7.59639 6.9725 7.39547 7.44975 7.5782 8.48013 8.9328 9.23729 9.5153 9.59779 9.72579 9.88797 9.91375 9.93167 9.94353 9.95887 9.96047 9.93063 9.90755 9.71566 9.36616 8.70283 7.62811 8.41429 9.23577 9.4937 9.74552 9.88042
-9999 -9999 -9999 -9999 -9999 -9999 -9999 5.20875 6.73245 8.32256 8.99355 9.11629 10.6678 11.622 11.6343 11.4669 11.2694 10.3178 10.3849 10.2031 9.3282 8.049 6.64303 6.78647 7.6431 8.85351 9.26047 8.11073 7.71251 8.02486 8.97269 9.82237 10.7091 10.9429 10.6976 9.34093 7.89856 8.58482 9.3174 9.32552 9.12636 8.4091 8.18998 7.99296 7.47346 6.58803 6.73594 6.99986 8.02625 8.35847 8.86434 9.28661 9.14549 9.24869 9.65286 9.89015 9.91131 9.92795 9.94795 9.9554 9.95464 9.88267 9.80579 9.66816 8.73604 8.16141 7.32319 8.33605 8.90021 9.21442 9.75197 9.88994
-9999 -9999 -9999 -9999 -9999 -9999 -9999 4.7374 5.84604 7.3664 7.98547 8.96675 10.4335 11.1604 11.5144 11.5176 11.3897 10.9695 10.7211 10.2213 9.31086 8.06202 6.67261 5.7718 6.24578 7.87233 8.26723 7.20474 6.67259 7.36051 8.36989 9.85912 10.7149 10.8404 10.7756 10.5051 9.45527 8.18451 8.20092 8.85643 8.33051 7.7174 8.07414 8.02325 7.51049 7.14114 6.92667 7.09014 7.67884 7.92982 8.51214 9.36514 9.49857 9.48779 9.85426 9.88479 9.9058 9.93184 9.94408 9.95349 9.95556 9.89926 9.75742 9.14125 8.60565 7.85553 7.77425 8.68182 9.08625 9.46374 9.73407 9.83083
-9999 -9999 -9999 -9999 -9999 -9999 -9999 3.92779 5.23039 6.65532 7.99028 9.25392 10.343 10.4371 11.0166 11.0267 11.3355 11.261 10.8723 10.4531 9.67026 8.06307 6.7133 5.24027 5.6421 7.29862 7.52399 6.81928 5.50788 6.88476 8.40208 9.77836 10.5287 9.96086 10.5661 10.529 10.1431 9.39147 8.21636 8.25109 7.3738 7.34768 7.81736 7.97857 7.91547 7.64155 7.19954 7.29904 7.66198 7.76428 8.30056 8.9653 9.61536 9.73547 9.86994 9.88806 9.90286 9.92555 9.93956 9.939 9.91916 9.85973 9.34522 8.73097 8.3576 7.83893 7.78753 8.82605 9.25565 9.49921 9.73456 9.83526
-9999 -9999 -9999 -9999 -9999 -9999 -9999 -9999 5.09501 6.56679 7.65865 7.96046 8.92971 9.45804 9.86936 9.96895 11.1227 11.1966 10.9542 10.5701 9.90412 8.68724 7.84264 6.43023 5.418 5.85397 6.05802 6.44509 6.3454 6.96564 8.42411 9.94319 10.119 9.1726 9.32599 9.53808 9.99907 9.78319 8.17768 7.36813 6.69841 7.19569 7.71832 7.85467 7.89247 7.80731 7.71475 7.53649 8.23202 8.75014 8.88058 9.33386 9.67189 9.77472 9.85533 9.87662 9.89799 9.91094 9.90482 9.90389 9.83518 9.66536 9.08834 7.68264 7.76188 7.62151 7.19334 8.2084 8.86387 9.44035 9.75276 9.84302
-9999 -9999 -9999 -9999 -9999 -9999 -9999 -9999 4.60559 6.30684 6.67458 6.65871 6.10967 6.3781 8.46403 8.89274 9.99973 11.0485 10.9833 10.6068 9.98446 9.26419 8.14302 6.55327 5.29225 4.76513 6.14712 7.50338 7.79202 8.23226 9.13024 9.30998 8.34233 7.43571 7.96262 8.28472 9.47941 9.70728 9.48953 8.52723 7.42538 6.85639 7.55597 7.6608 7.71518 7.73661 7.73356 7.72224 8.50835 8.94741 9.25604 9.43013 9.72231 9.80687 9.84279 9.87728 9.88515 9.88362 9.85239 9.81511 9.60738 9.35325 8.39989 7.60728 7.11798 6.49345 7.9437 8.38739 8.99877 9.39925 9.71014 9.78843
