Test_Spring_2018/02_18/Temp/20180228_010.txt
ncols	170
nrows	115
xllcorner	350000.000000
yllcorner	4445000.000000
cellsize	1000.000000
nodata_value	-9999.000000
[rows 31 to 61 of 115, columns 70 to 139 of 170]
3.00841 3.59246 3.80948 3.40964 3.45282 4.4133 4.62564 4.61368 4.5165 4.42728 3.97096 3.8206 3.4624 2.82904 2.56622 1.43701 -2.22406 -1.1816 -0.770958 -1.82895 -1.23094 -0.260793 -1.09744 -3.58898 -4.66013 -6.38798 -5.83787 -6.36226 -7.75252 -9999 -9999 -9999 -9999 -9999 -9999 -9999 -9999 -9999 -9999 -9999 -9999 -9999 -9999 -9999 -9999 -9999 -9999 -9999 -9999 -9999 -9999 -9999 -9999 -9999 -9999 -9999 -9999 -9999 -9999 -9999 -9999 -9999 -9999 -9999 -9999 -9999 -9999 -9999 -9999 -9999
3.12353 3.39291 3.37195 2.9871 3.59009 4.14534 3.79682 3.56891 4.47374 4.47648 4.16968 3.44525 3.1818 2.90878 2.7432 1.81398 -0.800675 -3.1572 -1.88751 -1.8529 -2.72315 -1.14996 -1.97431 -4.13188 -7.17956 -5.51694 -5.94489 -8.11216 -8.64326 -9999 -9999 -9999 -9999 -9999 -9999 -9999 -9999 -9999 -9999 -9999 -9999 -9999 -9999 -9999 -9999 -9999 -9999 -9999 -9999 -9999 -9999 -9999 -9999 -9999 -9999 -9999 -9999 -9999 -9999 -9999 -9999 -9999 -9999 -9999 -9999 -9999 -9999 -9999 -9999 -9999
2.39639 3.06209 2.86254 2.69916 3.59393 3.57824 3.5178 3.82778 4.38894 4.50422 4.38652 4.07249 3.80134 3.51294 2.77543 1.71182 -0.525276 -3.20827 -3.81327 -2.49345 -2.42586 -2.21007 -2.96105 -3.90558 -5.3857 -4.16656 -3.69092 -5.11014 -6.97657 -8.17572 -9999 -9999 -9999 -9999 -9999 -9999 -9999 -9999 -9999 -9999 -9999 -9999 -9999 -9999 -9999 -9999 -9999 -9999 -9999 -9999 -9999 -9999 -9999 -9999 -9999 -9999 -9999 -9999 -9999 -9999 -9999 -9999 -9999 -9999 -9999 -9999 -9999 -9999 -9999 -9999
1.41784 2.55738 2.25314 1.39177 1.93227 2.33873 3.07339 3.25839 3.37318 4.43963 4.3865 4.34066 3.89024 3.531 2.9334 1.90992 0.451058 -1.30626 -4.36934 -2.47335 -0.987808 -1.02141 -1.09833 -1.75891 -3.18084 -1.98428 -1.92474 -3.74069 -5.81801 -7.03021 -7.52897 -9999 -9999 -9999 -9999 -9999 -9999 -9999 -9999 -9999 -9999 -9999 -9999 -9999 -9999 -9999 -9999 -9999 -9999 -9999 -9999 -9999 -9999 -9999 -9999 -9999 -9999 -9999 -9999 -9999 -9999 -9999 -9999 -9999 -9999 -9999 -9999 -9999 -9999 -9999
-9999 1.85204 1.55914 0.506149 1.04985 1.77418 2.78637 3.30448 3.70114 4.02214 4.34969 4.31482 3.85375 2.48497 2.29306 2.23797 1.28533 -0.718728 -2.72013 -3.23532 -0.971499 -0.320563 -0.448267 0.0601673 -1.14391 -0.569616 -0.800293 -1.44267 -3.43417 -5.2517 -5.99768 -7.47581 -9999 -9999 -9999 -9999 -9999 -9999 -9999 -9999 -9999 -9999 -9999 -9999 -9999 -9999 -9999 -9999 -9999 -9999 -9999 -9999 -9999 -9999 -9999 -9999 -9999 -9999 -9999 -9999 -9999 -9999 -9999 -9999 -9999 -9999 -9999 -9999 -9999 -9999
-9999 -9999 -9999 -9999 -0.145024 0.831313 1.64245 2.63397 3.48782 3.9213 4.34271 4.31247 3.38718 2.93673 2.90118 2.27843 1.17804 0.489119 -0.769319 -2.08072 -1.57377 0.357201 -0.495935 0.872892 0.760862 1.01497 0.105498 -1.62905 -3.93482 -5.28692 -5.9541 -7.15128 -9999 -9999 -9999 -9999 -9999 -9999 -9999 -9999 -9999 -9999 -9999 -9999 -9999 -9999 -9999 -9999 -9999 -9999 -9999 -9999 -9999 -9999 -9999 -9999 -9999 -9999 -9999 -9999 -9999 -9999 -9999 -9999 -9999 -9999 -9999 -9999 -9999 -9999
-9999 -9999 -9999 -9999 -9999 0.661177 1.27873 2.61179 3.2884 3.57061 4.24828 4.25319 3.90498 3.64327 3.26192 2.76269 1.93687 1.02532 -0.157928 -0.263379 0.97349 0.992816 0.739167 0.945106 1.58163 1.41769 0.00558733 -2.43416 -3.71958 -6.34251 -7.46009 -7.3413 -8.13189 -9999 -9999 -9999 -9999 -9999 -9999 -9999 -9999 -9999 -9999 -9999 -9999 -5.00426 -9999 -9999 -9999 -9999 -9999 -9999 -9999 -9999 -9999 -9999 -9999 -9999 -9999 -9999 -9999 -9999 -9999 -9999 -9999 -9999 -9.60778 -9999 -9999 -9999
-9999 -9999 -9999 -9999 0.557653 1.37683 2.0258 2.862 2.93952 3.43166 4.21026 4.22491 3.979 3.70097 3.07113 2.91851 2.4505 1.46053 1.26173 1.66947 1.85955 2.07416 2.20759 2.1059 1.85253 1.52382 0.607526 -0.520627 -1.277 -3.66594 -4.87969 -6.03329 -7.78084 -9.14673 -9999 -9999 -9999 -9999 -9999 -9999 -9999 -5.94232 -5.99961 -5.96056 -5.56832 -4.49964 -5.11472 -9999 -9999 -9999 -9999 -9999 -9999 -9999 -9999 -9999 -9999 -9999 -9999 -9999 -9999 -9999 -9999 -9999 -9999 -9999 -8.64244 -10.0119 -9999 -9999
-9999 -9999 -9999 -9999 0.77958 1.65561 2.09396 2.90589 3.37135 3.66561 3.93734 4.19755 4.15806 3.84996 3.3795 3.38721 2.73767 2.38974 2.14265 2.69269 2.80496 2.59035 2.31974 2.08048 1.39718 1.32036 1.09134 0.375831 -0.800149 -2.01199 -3.76928 -6.14373 -8.47191 -10.3487 -9999 -9999 -9999 -9999 -9999 -9999 -5.74529 -4.85651 -4.32068 -5.43467 -4.46766 -3.58305 -3.71471 -4.55552 -9999 -9999 -9999 -9999 -9999 -9999 -9999 -9999 -9999 -9999 -9999 -9999 -9999 -9999 -2.13368 -3.53866 -6.38574 -7.84024 -8.70876 -9.95286 -9999 -9999
-9999 -9999 -9999 -9999 0.616152 1.65014 2.35106 2.97344 3.07445 3.7074 3.9824 4.12358 4.11096 4.05318 3.9702 3.4039 3.16328 2.30515 3.13615 3.10978 2.90538 2.08214 1.72724 0.3098 -0.312578 -0.457185 0.739586 -0.141727 -1.98384 -4.28706 -7.06178 -7.23867 -8.15166 -9.82898 -9999 -9999 -9999 -9999 -9999 -9999 -5.46583 -4.51553 -3.72072 -3.5977 -4.70456 -3.13889 -3.18968 -4.05221 -4.24142 -3.51888 -3.1487 -3.41299 -2.5469 -2.28937 -2.66654 -2.23696 -9999 -9999 -9999 -9999 -1.94785 -1.88234 -1.83047 -2.41055 -5.52165 -7.64313 -9.54693 -9.7121 -9999 -9999
-9999 -9999 -9999 -9999 1.34095 1.97776 2.30033 2.35363 2.91216 3.46484 3.80531 4.05879 4.01218 3.99605 3.9791 3.7888 3.34023 3.42732 3.39596 3.13629 1.56593 -0.268233 0.537205 -0.552558 -2.8909 -0.991943 0.0526087 -0.94673 -3.17985 -5.76943 -6.6229 -6.58458 -7.85604 -9.49132 -9999 -9999 -9999 -8.05607 -6.70005 -6.57519 -6.16943 -4.90431 -3.93962 -3.21135 -2.7118 -2.72074 -3.22609 -4.06942 -4.98704 -4.64851 -2.97417 -2.55997 -2.20752 -1.94105 -2.29084 -2.09571 -1.64309 -1.40571 -1.35172 -1.449 -1.46511 -1.42047 -1.46497 -2.00563 -4.78807 -6.37561 -7.3845 -9.41278 -9999 -9999
-9999 -9999 -9999 -9999 0.952379 1.50608 1.95463 2.69583 2.77562 3.24751 3.52399 3.93834 3.98881 3.50749 3.91364 3.86704 3.79754 3.64399 3.41632 2.09197 0.26421 -1.56858 -2.41282 -2.05129 -3.45441 -2.73236 -1.67414 -2.0615 -3.43143 -5.73863 -6.06289 -6.604 -8.744 -10.8041 -9999 -9999 -10.6731 -8.07832 -6.24866 -5.30085 -5.00141 -4.96481 -3.7513 -3.6476 -2.34159 -2.63806 -4.34087 -4.13898 -4.79843 -4.3576 -3.73634 -3.56081 -2.67658 -1.81961 -1.65271 -1.64198 -1.35144 -1.2862 -1.26409 -1.26411 -1.44866 -1.35247 -1.33027 -1.66383 -3.67656 -4.65263 -5.72742 -9.37709 -9999 -9999
-9999 -9999 -9999 -9999 1.24349 1.86199 2.5392 2.64942 3.15159 3.09951 2.95432 3.65608 3.91255 3.57402 3.33215 3.79232 3.76655 3.71205 3.61844 2.37448 0.933611 -1.25096 -2.60725 -3.43879 -4.02737 -4.81728 -4.27346 -4.43872 -4.66071 -4.40435 -5.04117 -6.31208 -7.56479 -9.90958 -11.1763 -9999 -10.5274 -9.35315 -7.17835 -5.32828 -4.15038 -4.56205 -3.18306 -2.91955 -2.12176 -2.57626 -3.60523 -4.04171 -4.07249 -4.20052 -3.2696 -2.64158 -2.19822 -1.89798 -1.52309 -1.42364 -1.32388 -1.27832 -1.25032 -1.22172 -1.21885 -1.218 -1.25023 -1.36977 -2.28982 -3.26284 -5.37902 -9.24758 -9999 -9999
-9999 -9999 -9999 -0.541771 1.18293 2.21936 2.62061 2.9103 3.16588 3.35138 3.54279 3.72467 3.85305 3.80185 2.89904 2.97872 3.14781 3.66921 3.63853 3.53139 2.74614 0.0870982 -0.831855 -2.17555 -3.91576 -4.64415 -4.27944 -2.85092 -2.9145 -3.86016 -4.91404 -6.37615 -7.30478 -8.74248 -11.5032 -11.2507 -10.0007 -9.06838 -7.5881 -5.32822 -3.74095 -3.02739 -2.75183 -2.18888 -1.89069 -2.51522 -3.10803 -3.35289 -3.81503 -3.87256 -3.86043 -3.29494 -2.8546 -1.87967 -1.547 -1.38925 -1.30685 -1.25951 -1.22313 -1.18687 -1.16923 -1.17972 -1.17001 -1.16821 -1.22588 -2.52551 -5.79004 -8.24077 -9999 -9999
-9999 -9999 -9999 -9999 0.873277 1.32873 1.44756 1.65596 2.08331 2.57644 3.27199 3.36417 3.75195 3.75289 2.9745 2.07677 2.87 3.18901 3.51943 3.5352 3.43893 1.20231 0.0347402 -0.884602 -2.55332 -1.95124 -1.37833 -1.33478 -1.68037 -3.70848 -5.72836 -8.06226 -10.2367 -10.3392 -11.5095 -10.8858 -10.0586 -7.94107 -6.44814 -5.83771 -5.39626 -3.09749 -2.49357 -2.27805 -1.68188 -2.4711 -2.66071 -3.25135 -3.06314 -3.10646 -3.09423 -4.74985 -3.07471 -2.96834 -1.87358 -1.37773 -1.25898 -1.22242 -1.18367 -1.17157 -1.1578 -1.15468 -1.13488 -1.14146 -1.147 -1.98729 -6.13322 -8.20184 -9999 -9999
-9999 -9999 -9999 -9999 -9999 -9999 1.02673 1.37386 1.59647 1.98242 3.16172 3.48237 3.69705 3.71908 3.37516 2.48551 2.25644 2.427 1.56092 2.29699 3.3003 3.27975 3.16206 1.19671 0.190371 1.16594 0.869902 -0.609645 -1.77444 -2.92425 -5.28937 -7.02569 -9.51817 -11.389 -11.4576 -9.3885 -7.66869 -5.52608 -4.57636 -5.10517 -4.51505 -3.36861 -2.06692 -1.43205 -1.56894 -2.40122 -2.5063 -3.42231 -2.50207 -2.41471 -2.82917 -3.18672 -3.03493 -2.48935 -2.27694 -1.41937 -1.20678 -1.16328 -1.1503 -1.13994 -1.13619 -1.13297 -1.13346 -1.1322 -1.13306 -1.15969 -5.42142 -8.72751 -9999 -9999
-9999 -9999 -9999 -9999 -9999 -9999 0.215576 0.426673 0.983018 2.41285 3.15798 3.46249 3.45531 3.59918 3.35813 2.57681 1.77517 1.0201 0.0440639 0.612195 2.10426 2.98519 3.08835 1.36586 2.26388 1.92853 1.26613 -0.668956 -2.09553 -2.85243 -5.12331 -7.07227 -8.73052 -11.0196 -10.0382 -8.95646 -7.56664 -5.22978 -3.64987 -2.99552 -3.5293 -2.79267 -1.29613 -1.27732 -2.0796 -2.01611 -2.49833 -3.75377 -2.4258 -2.0454 -2.33536 -2.24942 -2.35482 -2.14698 -1.77506 -1.41935 -1.18081 -1.14311 -1.13295 -1.13384 -1.12697 -1.11771 -1.12483 -1.11324 -1.11399 -1.12375 -3.86999 -8.78131 -9999 -9999
-9999 -9999 -9999 -9999 -9999 -9999 -9999 -0.522308 0.747671 2.64566 3.11309 3.07222 3.46716 3.50498 3.13231 2.81028 1.83595 0.502832 -2.06441 -1.40244 -0.0284936 1.94939 2.99006 2.85273 2.27607 1.2746 -1.15041 -3.27317 -3.53171 -3.88018 -5.5378 -7.03998 -8.88367 -7.81436 -6.64218 -5.35886 -4.68195 -4.85116 -3.49642 -2.38956 -2.84726 -1.94575 -0.895092 -1.35628 -1.62454 -1.84795 -2.40725 -2.43115 -2.36116 -1.60307 -2.11179 -1.78506 -1.77092 -1.78118 -1.59662 -1.38563 -1.16457 -1.12313 -1.11632 -1.10614 -1.12378 -1.10671 -1.10967 -1.1114 -1.11114 -1.11773 -1.35462 -3.99129 -5.56435 -9999
-9999 -9999 -9999 -9999 -9999 -9999 -9999 -1.68446 -1.0512 1.19673 1.88715 2.88246 3.41282 3.4411 2.80851 2.45889 1.00373 0.536624 -1.83743 -2.90946 -1.98903 -2.33453 0.386336 2.7935 2.27064 -2.58191 -4.33954 -5.59364 -5.2722 -5.27 -5.73202 -8.28553 -8.9876 -6.70463 -5.26586 -4.14959 -3.30088 -3.1195 -3.14178 -1.41484 -1.17774 -0.609642 -0.720873 -0.658559 -1.51566 -2.04197 -1.55995 -2.09035 -2.17252 -1.38969 -2.14193 -1.44469 -1.51981 -1.71879 -1.72236 -1.26189 -1.16356 -1.10884 -1.09947 -1.1107 -1.12635 -1.13087 -1.10672 -1.10305 -1.11673 -1.10316 -1.11497 -1.41187 -2.77203 -3.23823
-9999 -9999 -9999 -9999 -9999 -9999 -9999 -9999 -3.13718 -0.012922 1.41056 2.1627 3.22164 3.35293 3.01754 2.40894 0.926774 -0.375577 -2.4972 -4.92145 -6.20432 -2.34579 1.01225 2.76589 2.53649 -1.50239 -3.09625 -3.17007 -2.23125 -3.02415 -3.62569 -5.56723 -6.14526 -6.94834 -6.45042 -4.89632 -3.62389 -2.39581 -1.50027 -1.41993 -0.834376 -0.493981 -0.456802 -0.342636 -0.434083 -0.506726 -1.33132 -0.742125 -1.22275 -0.952445 -1.11096 -1.25372 -1.37777 -1.84913 -1.50329 -1.19661 -1.1128 -1.08233 -1.09442 -1.09213 -1.09764 -1.11773 -1.12033 -1.11181 -1.10322 -1.10639 -1.09383 -1.08966 -1.22956 -2.04254
-9999 -9999 -9999 -9999 -9999 -9999 -9999 -9999 -4.68735 -1.57805 -0.0837781 1.84689 2.84075 3.24668 3.19875 2.70654 1.58171 -0.114254 -1.52593 -4.23316 -7.04487 -2.99617 0.610405 2.55813 2.6637 -0.731411 0.210911 -0.54926 -0.24211 -1.63484 -2.21347 -2.67552 -3.67438 -4.76619 -5.9613 -6.58952 -3.73963 -2.27305 -1.09068 -0.528681 -0.20679 -0.0411207 -0.116945 -0.319652 -1.57304 -0.5993 -0.638127 -0.723722 -0.823739 -0.867418 -0.958107 -1.06709 -1.13035 -1.14726 -1.45811 -1.09081 -1.09157 -1.08091 -1.07318 -1.07609 -1.08685 -1.09455 -1.10509 -1.09522 -1.09436 -1.0948 -1.09084 -1.07619 -1.07262 -1.10446
-9999 -9999 -9999 -9999 -9999 -9999 -9999 -9999 -9.04521 -4.52156 -0.892157 1.00878 2.55553 2.98438 3.14796 2.48541 1.99173 0.777616 -0.371707 -2.14843 -4.81317 -6.45217 -3.42117 0.984666 2.60893 2.48251 2.38242 1.50386 0.711918 0.61233 0.672366 -0.254612 -1.59899 -3.35343 -3.89728 -4.50953 -2.38569 -2.09289 -2.24144 0.0962135 0.109621 -0.0140559 -0.896393 -1.88684 -1.68765 -2.29387 -1.80832 -2.53501 -1.84808 -1.25338 -1.02589 -1.03566 -1.10739 -1.10928 -1.1373 -1.06623 -1.06136 -1.06551 -1.06706 -1.06459 -1.06608 -1.0852 -1.09181 -1.07246 -1.08061 -1.08317 -1.08169 -1.06443 -1.05617 -1.07666
-9999 -9999 -9999 -9999 -9999 -9999 -9999 -9999 -8.84225 -5.04257 -1.81382 0.121919 1.98621 2.42217 3.05491 2.92471 2.40705 1.35221 0.0328978 -1.42855 -3.71405 -5.41174 -3.38174 -0.457616 1.63835 2.38895 2.38152 2.33257 2.13478 2.05241 1.82161 1.65195 0.689725 -0.965487 -1.90017 -3.26868 -0.902194 -0.631958 -0.995391 0.190418 0.138949 -1.63551 -2.99741 -3.15903 -2.31582 -3.10178 -3.22965 -3.71371 -3.14477 -1.63604 -2.06488 -1.97027 -1.2846 -1.16516 -1.08388 -1.05828 -1.05688 -1.05394 -1.05906 -1.05045 -1.04133 -1.0599 -1.06346 -1.06006 -1.07577 -1.0697 -1.07614 -1.06997 -1.06655 -1.07196
-9999 -9999 -9999 -9999 -9999 -9999 -9999 -9999 -8.75176 -6.20028 -3.2942 -0.4443 1.54643 2.35215 2.94043 2.93928 2.33636 1.81467 0.989536 -0.295791 -1.17593 -2.70821 -4.81344 -1.27252 -0.187563 0.780971 1.19002 2.20043 2.1768 1.71529 1.17091 1.67081 1.52809 0.217493 -0.211255 -0.936658 0.38152 0.389726 0.359154 0.29535 -1.20345 -3.28901 -4.95392 -3.74097 -3.9836 -3.42446 -5.12518 -3.70597 -2.56282 -2.18614 -2.94661 -3.51047 -1.73663 -1.43288 -1.25186 -1.13368 -1.0539 -1.06507 -1.04023 -1.04347 -1.04099 -1.03845 -1.04477 -1.0445 -1.04986 -1.05508 -1.05898 -1.05089 -1.05862 -1.07032
-9999 -9999 -9999 -9999 -9999 -9999 -9999 -9999 -9999 -7.69782 -4.01864 -0.729081 1.10418 2.25887 2.82384 2.81842 2.51241 2.15955 1.64962 0.723488 -0.441421 -2.28541 -3.65348 -2.77848 -1.71596 -1.59592 -0.886873 1.165 1.86682 0.875524 -1.58503 -0.132688 1.48512 1.46154 1.32685 1.17641 0.982441 0.809721 0.426386 -0.609486 -3.79567 -4.41544 -5.65989 -5.50901 -6.14291 -4.73374 -5.2467 -3.79582 -3.16216 -2.91776 -4.24277 -3.95511 -2.37636 -1.74887 -1.84468 -1.45715 -1.08638 -1.06746 -1.04984 -1.0517 -1.03591 -1.02455 -1.02161 -1.02882 -1.03074 -1.029 -1.0473 -1.02462 -1.13111 -1.196
-9999 -9999 -9999 -9999 -9999 -9999 -9999 -9999 -9999 -8.42567 -4.74914 -0.875377 0.370981 1.61553 2.69057 2.71608 2.2456 1.79854 1.33794 0.812788 -0.601404 -1.97287 -3.28234 -3.71943 -3.45129 -3.47565 -2.32947 0.343601 0.86268 0.64391 -1.92334 -2.78847 -0.627496 1.18944 1.33575 1.1753 -0.954673 -0.494755 -1.64036 -3.19556 -3.61825 -4.29419 -5.73069 -5.02711 -6.07674 -5.61464 -5.72772 -4.90042 -4.49273 -3.51078 -4.6646 -4.65365 -3.10282 -2.31931 -2.29237 -1.47076 -1.17306 -1.08949 -1.06265 -1.0409 -1.02898 -1.00729 -1.00539 -1.00747 -1.01297 -1.04107 -1.12261 -1.39594 -2.91979 -2.90579
-9999 -9999 -9999 -9999 -9999 -9999 -9999 -9999 -9999 -7.99288 -5.44047 -2.00265 0.545089 0.709023 1.95021 2.59325 2.0811 1.50396 0.913416 0.658016 -0.881644 -2.57357 -3.93998 -5.55848 -5.28763 -4.11947 -2.21855 -0.490739 -0.179878 -0.53423 -1.91153 -1.25956 0.215489 1.00053 1.23485 1.05773 0.597641 0.334379 -0.507679 -0.86874 -2.0395 -3.87358 -4.59118 -4.12385 -6.07068 -5.92588 -5.19481 -5.95462 -4.68015 -4.066 -5.55847 -4.35496 -2.98681 -2.28356 -1.66786 -1.3724 -1.24998 -1.06628 -1.05363 -1.03057 -1.01392 -1.00751 -0.998227 -1.01699 -1.0305 -1.18412 -1.41539 -2.84449 -3.42294 -3.29356
-9999 -9999 -9999 -9999 -9999 -9999 -9999 -9999 -9999 -7.5507 -5.25205 -2.27058 -0.4529 -0.12425 1.25172 2.47593 2.34441 1.74363 1.56405 0.941217 -0.36394 -1.80622 -3.38331 -4.14808 -5.91181 -4.16829 -2.79624 -1.33234 -0.646089 -1.77854 -2.34214 -1.33496 -0.333444 0.069019 1.08111 1.07616 0.752751 -0.657856 -1.34241 -1.0441 -1.33392 -1.84627 -3.10633 -3.15509 -3.96148 -4.29082 -4.60143 -5.62882 -4.96046 -4.88623 -4.69328 -3.2567 -2.54065 -2.06325 -1.62841 -1.50839 -1.31483 -1.06596 -1.03655 -1.01952 -1.01196 -0.998542 -1.00704 -1.06602 -1.11396 -1.43378 -2.0075 -3.08679 -4.83133 -3.57502
-9999 -9999 -9999 -9999 -9999 -9999 -9999 -9999 -9999 -7.93418 -5.4923 -2.94346 -1.87537 -1.69048 0.796282 2.32082 2.32813 2.0458 1.71526 0.169582 0.265241 -0.0403573 -1.4626 -3.53646 -5.81478 -5.59719 -4.23714 -2.30984 -1.66834 -3.53804 -4.19388 -3.70492 -2.19207 -0.837172 0.577645 0.940729 0.532213 -1.66656 -4.00314 -2.91021 -1.7425 -1.74186 -2.07516 -3.2432 -3.60884 -3.93902 -4.78895 -6.23013 -6.01311 -5.60113 -3.96483 -3.44275 -2.6409 -1.97365 -2.21392 -2.06044 -1.42189 -1.05196 -1.03001 -1.01509 -0.994531 -0.993976 -1.00647 -1.13354 -1.26841 -1.50107 -3.01366 -3.95031 -5.30857 -3.69305
-9999 -9999 -9999 -9999 -9999 -9999 -9999 -9999 -9999 -8.68145 -6.90822 -4.47167 -3.48713 -1.919 0.431297 1.58969 2.14746 2.14002 1.92127 1.23171 0.818895 0.000801297 -1.47891 -3.504 -5.75576 -7.22054 -6.47067 -3.87957 -3.26012 -4.98643 -5.85785 -4.76359 -3.15134 -0.765897 0.599233 0.787989 0.670343 0.221491 -1.48278 -3.54283 -3.52911 -2.48572 -3.3457 -4.34623 -3.78437 -3.87937 -4.71862 -5.32698 -5.6958 -5.44677 -4.51457 -4.12336 -3.19827 -1.83703 -1.63491 -1.66499 -1.08711 -1.05027 -1.02856 -0.998559 -0.9906 -0.98703 -0.99515 -1.09717 -1.33692 -2.34077 -3.21478 -4.43439 -4.57644 -3.12798
-9999 -9999 -9999 -9999 -9999 -9999 -9999 -9999 -9999 -9.97352 -7.88777 -5.60487 -3.4669 -1.44379 0.298162 0.437108 1.35815 1.36174 1.84655 1.71367 1.07465 0.386304 -0.888042 -3.49063 -5.67863 -8.0654 -7.43177 -4.78384 -4.44676 -5.5961 -7.72278 -5.51839 -3.08762 -0.883938 0.311392 -0.61665 0.345294 0.272521 -0.362243 -1.58601 -3.49207 -3.44901 -4.87532 -4.93042 -4.18686 -3.9404 -4.05543 -4.51023 -5.2378 -5.10035 -4.53174 -4.38008 -3.52917 -2.47118 -1.4367 -1.25586 -1.05172 -1.03486 -1.02317 -0.998619 -0.987913 -1.00053 -1.04411 -1.15136 -1.9917 -2.99268 -3.60553 -4.45246 -4.54658 -2.88172
