Test_Spring_2018/02_18/Temp/20180212_007.txt
ncols	170
nrows	115
xllcorner	350000.000000
yllcorner	4445000.000000
cellsize	1000.000000
nodata_value	-9999.000000
[rows 31 to 61 of 115, columns 70 to 139 of 170]
5.72934 6.25248 6.43789 6.05546 6.08143 6.963 7.15487 7.13085 7.04451 6.94887 6.51481 6.36227 6.01793 5.41979 5.16265 4.10717 0.719324 1.66384 2.02631 1.036 1.57117 2.44928 1.66333 -0.646692 -1.6481 -3.25414 -2.75774 -3.24549 -4.54026 -9999 -9999 -9999 -9999 -9999 -9999 -9999 -9999 -9999 -9999 -9999 -9999 -9999 -9999 -9999 -9999 -9999 -9999 -9999 -9999 -9999 -9999 -9999 -9999 -9999 -9999 -9999 -9999 -9999 -9999 -9999 -9999 -9999 -9999 -9999 -9999 -9999 -9999 -9999 -9999 -9999
5.82809 6.0614 6.02758 5.65888 6.2004 6.69818 6.38406 6.16921 6.99769 6.98658 6.69011 6.00866 5.75153 5.48528 5.31771 4.4465 2.02261 -0.163639 0.990228 1.00645 0.189262 1.62291 0.848334 -1.15408 -3.97616 -2.45927 -2.86785 -4.86466 -5.3656 -9999 -9999 -9999 -9999 -9999 -9999 -9999 -9999 -9999 -9999 -9999 -9999 -9999 -9999 -9999 -9999 -9999 -9999 -9999 -9999 -9999 -9999 -9999 -9999 -9999 -9999 -9999 -9999 -9999 -9999 -9999 -9999 -9999 -9999 -9999 -9999 -9999 -9999 -9999 -9999 -9999
5.15076 5.74916 5.55085 5.38614 6.19638 6.16818 6.10966 6.40043 6.91213 7.00459 6.88222 6.57873 6.31446 6.03402 5.33965 4.34467 2.2686 -0.21831 -0.791196 0.408923 0.455657 0.639027 -0.0679474 -0.953008 -2.33121 -1.22288 -0.79922 -2.11684 -3.83769 -4.94745 -9999 -9999 -9999 -9999 -9999 -9999 -9999 -9999 -9999 -9999 -9999 -9999 -9999 -9999 -9999 -9999 -9999 -9999 -9999 -9999 -9999 -9999 -9999 -9999 -9999 -9999 -9999 -9999 -9999 -9999 -9999 -9999 -9999 -9999 -9999 -9999 -9999 -9999 -9999 -9999
4.2416 5.27651 4.98182 4.17422 4.65817 5.01885 5.70142 5.87687 5.96904 6.93762 6.8747 6.81823 6.38882 6.04311 5.4776 4.51958 3.16036 1.52613 -1.31091 0.419938 1.7728 1.72648 1.64041 1.01691 -0.307689 0.779829 0.82018 -0.859592 -2.76803 -3.89977 -4.37448 -9999 -9999 -9999 -9999 -9999 -9999 -9999 -9999 -9999 -9999 -9999 -9999 -9999 -9999 -9999 -9999 -9999 -9999 -9999 -9999 -9999 -9999 -9999 -9999 -9999 -9999 -9999 -9999 -9999 -9999 -9999 -9999 -9999 -9999 -9999 -9999 -9999 -9999 -9999
-9999 4.61884 4.33468 3.35068 3.83768 4.49128 5.42024 5.90087 6.26366 6.54566 6.83344 6.7871 6.34788 5.07226 4.88042 4.81438 3.92142 2.05988 0.200738 -0.2894 1.78034 2.36456 2.23172 2.68504 1.56114 2.07552 1.84858 1.24635 -0.590476 -2.26894 -2.97135 -4.34835 -9999 -9999 -9999 -9999 -9999 -9999 -9999 -9999 -9999 -9999 -9999 -9999 -9999 -9999 -9999 -9999 -9999 -9999 -9999 -9999 -9999 -9999 -9999 -9999 -9999 -9999 -9999 -9999 -9999 -9999 -9999 -9999 -9999 -9999 -9999 -9999 -9999 -9999
-9999 -9999 -9999 -9999 2.72935 3.62511 4.366 5.2756 6.05971 6.44546 6.81981 6.77781 5.91102 5.48129 5.43344 4.84447 3.81535 3.16512 1.99027 0.766675 1.21808 2.98134 2.18031 3.42618 3.30824 3.52777 2.67567 1.07616 -1.05907 -2.30866 -2.93839 -4.05653 -9999 -9999 -9999 -9999 -9999 -9999 -9999 -9999 -9999 -9999 -9999 -9999 -9999 -9999 -9999 -9999 -9999 -9999 -9999 -9999 -9999 -9999 -9999 -9999 -9999 -9999 -9999 -9999 -9999 -9999 -9999 -9999 -9999 -9999 -9999 -9999 -9999 -9999
-9999 -9999 -9999 -9999 -9999 3.46091 4.02347 5.2388 5.86859 6.11523 6.7258 6.71628 6.38111 6.12524 5.75882 5.28355 4.50723 3.65182 2.54611 2.43322 3.5569 3.55927 3.31043 3.48519 4.05684 3.89141 2.58035 0.327158 -0.871037 -3.28815 -4.33258 -4.23842 -4.98218 -9999 -9999 -9999 -9999 -9999 -9999 -9999 -9999 -9999 -9999 -9999 -9999 -2.32604 -9999 -9999 -9999 -9999 -9999 -9999 -9999 -9999 -9999 -9999 -9999 -9999 -9999 -9999 -9999 -9999 -9999 -9999 -9999 -9999 -6.96508 -9999 -9999 -9999
-9999 -9999 -9999 -9999 3.36105 4.11845 4.70412 5.46223 5.52966 5.98019 6.68395 6.68356 6.4427 6.17179 5.57643 5.4203 4.97341 4.0456 3.84651 4.20619 4.36554 4.54772 4.65542 4.54687 4.29892 3.98189 3.13547 2.08242 1.37185 -0.839952 -1.96254 -3.04019 -4.66526 -5.93913 -9999 -9999 -9999 -9999 -9999 -9999 -9999 -3.1246 -3.19541 -3.17753 -2.83436 -1.86811 -2.45279 -9999 -9999 -9999 -9999 -9999 -9999 -9999 -9999 -9999 -9999 -9999 -9999 -9999 -9999 -9999 -9999 -9999 -9999 -9999 -6.08258 -7.36482 -9999 -9999
-9999 -9999 -9999 -9999 3.57202 4.36724 4.75944 5.49573 5.91273 6.18881 6.42596 6.65195 6.6013 6.3027 5.85405 5.84546 5.23117 4.89452 4.65074 5.14129 5.22882 5.01555 4.75105 4.51584 3.87202 3.78721 3.57352 2.90092 1.80421 0.674388 -0.94634 -3.14827 -5.30795 -7.05226 -9999 -9999 -9999 -9999 -9999 -9999 -2.93136 -2.13076 -1.65536 -2.69968 -1.82718 -1.03056 -1.17002 -1.96131 -9999 -9999 -9999 -9999 -9999 -9999 -9999 -9999 -9999 -9999 -9999 -9999 -9999 -9999 -0.0121704 -1.32636 -3.96915 -5.32944 -6.15022 -7.31716 -9999 -9999
-9999 -9999 -9999 -9999 3.41284 4.35417 4.98884 5.55116 5.63304 6.21377 6.4611 6.57765 6.55186 6.48381 6.39197 5.85447 5.61659 4.80972 5.55871 5.51808 5.31373 4.53972 4.19756 2.87716 2.2896 2.15282 3.24191 2.41701 0.707148 -1.42752 -3.98727 -4.16294 -5.01881 -6.57918 -9999 -9999 -9999 -9999 -9999 -9999 -2.67987 -1.82276 -1.10898 -1.01403 -2.05193 -0.628077 -0.691706 -1.50467 -1.6974 -1.05026 -0.727636 -0.984793 -0.208319 0.0101786 -0.35595 0.0210311 -9999 -9999 -9999 -9999 0.192382 0.233181 0.26115 -0.293262 -3.17933 -5.15413 -6.92869 -7.10352 -9999 -9999
-9999 -9999 -9999 -9999 4.07174 4.64788 4.93475 4.97355 5.47752 5.9845 6.29184 6.50992 6.45291 6.42323 6.39213 6.20077 5.77108 5.83451 5.78875 5.53278 4.06977 2.36418 3.09046 2.07507 -0.0869641 1.65223 2.60153 1.66839 -0.401139 -2.79909 -3.58907 -3.56633 -4.75211 -6.27615 -9999 -9999 -9999 -5.01988 -3.78852 -3.69157 -3.3362 -2.18946 -1.31956 -0.664432 -0.222794 -0.245777 -0.732108 -1.52743 -2.3911 -2.09766 -0.573719 -0.21046 0.097613 0.324442 -0.0163477 0.141288 0.539781 0.739897 0.770903 0.662321 0.628212 0.649729 0.588784 0.070469 -2.50958 -3.99271 -4.94314 -6.84148 -9999 -9999
-9999 -9999 -9999 -9999 3.70321 4.20309 4.60636 5.28143 5.34478 5.76887 6.01967 6.39332 6.42587 5.96773 6.32625 6.26706 6.18625 6.0277 5.80077 4.56377 2.86338 1.15884 0.36546 0.688089 -0.618372 0.0366119 0.998613 0.634476 -0.641178 -2.77873 -3.08993 -3.59378 -5.57803 -7.49045 -9999 -9999 -7.41798 -5.04512 -3.37761 -2.52282 -2.26562 -2.25075 -1.15192 -1.07538 0.108695 -0.180104 -1.76931 -1.60198 -2.22423 -1.83653 -1.28688 -1.1433 -0.343351 0.425932 0.56149 0.553216 0.802624 0.844365 0.846157 0.82728 0.638071 0.707058 0.707484 0.3798 -1.49499 -2.41523 -3.42789 -6.81805 -9999 -9999
-9999 -9999 -9999 -9999 3.96318 4.52308 5.13731 5.22931 5.6822 5.6273 5.48975 6.12384 6.35026 6.02367 5.78519 6.19259 6.15177 6.0841 5.98027 4.81697 3.47264 1.44384 0.178681 -0.59827 -1.15428 -1.89246 -1.40416 -1.5686 -1.78503 -1.5607 -2.15425 -3.33031 -4.49791 -6.67144 -7.85349 -9999 -7.28827 -6.22399 -4.23869 -2.55303 -1.4869 -1.88522 -0.634261 -0.410783 0.307546 -0.129945 -1.09848 -1.52308 -1.57008 -1.70636 -0.866919 -0.303253 0.0905316 0.348957 0.674729 0.748401 0.8223 0.846115 0.853509 0.861102 0.844588 0.825739 0.775949 0.645254 -0.223237 -1.14179 -3.11295 -6.70475 -9999 -9999
-9999 -9999 -9999 2.31345 3.89894 4.84441 5.20507 5.46303 5.68943 5.8509 6.0233 6.18211 6.28726 6.22819 5.38082 5.43755 5.57593 6.03839 5.99216 5.87564 5.13491 2.66882 1.80943 0.557 -1.05982 -1.74088 -1.41721 -0.113151 -0.183167 -1.06551 -2.04754 -3.39966 -4.2635 -5.60185 -8.15926 -7.9425 -6.80773 -5.9663 -4.62087 -2.55791 -1.11497 -0.477099 -0.24281 0.258289 0.513779 -0.0839107 -0.650897 -0.895498 -1.33988 -1.4112 -1.41798 -0.91473 -0.523662 0.359243 0.647801 0.774151 0.832286 0.85795 0.873228 0.887997 0.885139 0.855827 0.844583 0.825511 0.750587 -0.468333 -3.50199 -5.78785 -9999 -9999
-9999 -9999 -9999 -9999 3.60549 4.01632 4.11737 4.30102 4.68618 5.13156 5.76847 5.84207 6.18682 6.17583 5.44477 4.60101 5.31405 5.58978 5.87584 5.87221 5.76582 3.69077 2.59964 1.73808 0.187215 0.731775 1.24754 1.27625 0.946901 -0.932016 -2.80333 -4.95831 -6.97356 -7.08106 -8.17027 -7.61119 -6.86579 -4.93274 -3.57577 -3.03234 -2.64506 -0.547286 -0.0093295 0.167355 0.696604 -0.05003 -0.245726 -0.80895 -0.654329 -0.712534 -0.719137 -2.26163 -0.733135 -0.652523 0.338637 0.779623 0.870579 0.886521 0.904138 0.896762 0.89038 0.873584 0.871548 0.844279 0.814465 0.0177565 -3.82417 -5.7582 -9999 -9999
-9999 -9999 -9999 -9999 -9999 -9999 3.72259 4.03444 4.23143 4.5785 5.66111 5.94544 6.13096 6.13773 5.80606 4.97154 4.74272 4.88149 4.06517 4.72481 5.63226 5.59662 5.47244 3.64737 2.70922 3.59535 3.31093 1.93697 0.853386 -0.216134 -2.40503 -4.00943 -6.31727 -8.05328 -8.13003 -6.23889 -4.66966 -2.7135 -1.85698 -2.36307 -1.83904 -0.803142 0.375634 0.940163 0.793938 0.00743959 -0.110492 -0.973534 -0.144675 -0.0824859 -0.482041 -0.828722 -0.70336 -0.217971 -0.0393289 0.733606 0.912299 0.935152 0.929171 0.920277 0.904701 0.887974 0.865486 0.84485 0.821572 0.774049 -3.17486 -6.24886 -9999 -9999
-9999 -9999 -9999 -9999 -9999 -9999 2.96829 3.15506 3.65972 4.96856 5.65133 5.92097 5.90229 6.02137 5.78449 5.0486 4.29296 3.57896 2.66144 3.16651 4.52323 5.31784 5.397 3.79557 4.61152 4.2902 3.66844 1.87504 0.550532 -0.156816 -2.25863 -4.05877 -5.59794 -7.7189 -6.82836 -5.84652 -4.58212 -2.44644 -1.00949 -0.426051 -0.937307 -0.278968 1.07909 1.07595 0.316626 0.355067 -0.110341 -1.28612 -0.0817258 0.250398 -0.0344083 0.0275273 -0.0839473 0.0905109 0.41627 0.727124 0.929899 0.947366 0.939029 0.91983 0.907148 0.895234 0.867569 0.856269 0.832886 0.800659 -1.75253 -6.30524 -9999 -9999
-9999 -9999 -9999 -9999 -9999 -9999 -9999 2.27383 3.43586 5.17599 5.60299 5.55456 5.90632 5.92778 5.56971 5.25688 4.34198 3.09562 0.712315 1.30377 2.5516 4.35654 5.29917 5.1578 4.61533 3.68041 1.43508 -0.531167 -0.77972 -1.11078 -2.6476 -4.03613 -5.74598 -4.77336 -3.70696 -2.53933 -1.93154 -2.10442 -0.87481 0.125591 -0.315831 0.494275 1.44151 0.996098 0.728546 0.502597 -0.0338691 -0.0753174 -0.0297009 0.650328 0.164064 0.447878 0.446575 0.420262 0.573576 0.751254 0.938052 0.959055 0.947645 0.938699 0.903265 0.898784 0.874864 0.85118 0.828591 0.799144 0.55721 -1.90035 -3.37376 -9999
-9999 -9999 -9999 -9999 -9999 -9999 -9999 1.19601 1.77138 3.83368 4.46605 5.37199 5.84846 5.86114 5.26369 4.92556 3.56801 3.11936 0.913736 -0.0913353 0.738756 0.403557 2.89378 5.09609 4.60311 0.120775 -1.50995 -2.67617 -2.39059 -2.39873 -2.83434 -5.19126 -5.84955 -3.759 -2.44702 -1.43322 -0.66714 -0.517084 -0.555824 1.01554 1.21453 1.7175 1.59445 1.63121 0.821215 0.316217 0.738892 0.23087 0.136315 0.839143 0.128578 0.753704 0.670246 0.470159 0.450253 0.857788 0.931591 0.964856 0.955567 0.927001 0.893336 0.868996 0.869997 0.851235 0.815764 0.804838 0.770203 0.467819 -0.809461 -1.26294
-9999 -9999 -9999 -9999 -9999 -9999 -9999 -9999 -0.158002 2.71117 4.01867 4.70044 5.66368 5.7712 5.44871 4.87168 3.489 2.27118 0.298251 -1.95355 -3.1509 0.386316 3.4634 5.06363 4.84091 1.10786 -0.372239 -0.451531 0.40247 -0.3383 -0.90267 -2.69594 -3.24012 -3.9923 -3.54702 -2.12918 -0.973731 0.140569 0.947325 1.00205 1.52122 1.81588 1.82959 1.91415 1.80943 1.72233 0.94147 1.46474 1.00316 1.23389 1.07021 0.921574 0.793082 0.342106 0.64403 0.909905 0.970309 0.980192 0.951698 0.935536 0.911172 0.872325 0.848938 0.834665 0.819734 0.793463 0.781355 0.756314 0.603181 -0.169573
-9999 -9999 -9999 -9999 -9999 -9999 -9999 -9999 -1.59421 1.26068 2.63326 4.4003 5.30555 5.66586 5.6065 5.13684 4.08352 2.50339 1.18468 -1.32752 -3.93576 -0.221791 3.08637 4.86527 4.94828 1.81072 2.66642 1.95458 2.22636 0.932685 0.389036 -0.0415625 -0.973646 -1.992 -3.1051 -3.6999 -1.09049 0.243535 1.31459 1.81313 2.08961 2.22154 2.13368 1.92675 0.75186 1.62868 1.57163 1.47339 1.36241 1.30391 1.20267 1.08509 1.01261 0.980167 0.677129 0.998445 0.97904 0.972079 0.961726 0.940698 0.911451 0.884011 0.853009 0.841413 0.818683 0.795081 0.775241 0.75992 0.739185 0.686195
-9999 -9999 -9999 -9999 -9999 -9999 -9999 -9999 -5.61694 -1.45987 1.88205 3.62113 5.03361 5.4145 5.55002 4.9236 4.45189 3.31591 2.23919 0.584416 -1.88816 -3.4155 -0.637063 3.40554 4.89054 4.76371 4.65886 3.83754 3.09647 2.99345 3.03759 2.17859 0.929666 -0.699527 -1.21638 -1.79503 0.145527 0.398392 0.243617 2.37793 2.3705 2.23619 1.40269 0.473664 0.63678 0.0590147 0.485068 -0.203628 0.410289 0.939796 1.13157 1.10528 1.025 1.00557 0.96308 1.00883 0.996777 0.975976 0.956917 0.940739 0.919994 0.882067 0.854774 0.850634 0.822434 0.797168 0.774289 0.761489 0.745401 0.703169
-9999 -9999 -9999 -9999 -9999 -9999 -9999 -9999 -5.43644 -1.93917 1.02339 2.79528 4.49915 4.88648 5.45418 5.31827 4.82471 3.83574 2.6028 1.23879 -0.884165 -2.46531 -0.612236 2.06958 3.98532 4.66632 4.65004 4.59243 4.39813 4.31178 4.08761 3.92635 3.02717 1.48665 0.611614 -0.66385 1.50012 1.73221 1.37962 2.45316 2.38625 0.731695 -0.543197 -0.712603 0.0487711 -0.695146 -0.834141 -1.29828 -0.793008 0.578405 0.164236 0.234099 0.851651 0.944675 0.9987 1.00567 0.990145 0.975625 0.953085 0.94244 0.931427 0.894061 0.869724 0.851096 0.814327 0.79939 0.77054 0.747366 0.726552 0.698551
-9999 -9999 -9999 -9999 -9999 -9999 -9999 -9999 -5.36504 -3.01494 -0.350117 2.26372 4.08379 4.81158 5.33832 5.32139 4.74952 4.25195 3.47454 2.2731 1.44498 0.0164525 -1.93935 1.30624 2.29555 3.17728 3.54109 4.45917 4.42522 3.98823 3.4855 3.93306 3.78565 2.56461 2.15527 1.47194 2.67017 2.66089 2.61501 2.53772 1.13794 -0.802828 -2.35645 -1.25935 -1.50294 -1.00196 -2.58958 -1.30319 -0.269026 0.0596379 -0.657352 -1.19417 0.425628 0.683475 0.833289 0.925208 0.981576 0.953782 0.958629 0.936951 0.919799 0.901946 0.875228 0.853958 0.827029 0.799894 0.776039 0.754813 0.724642 0.688651
-9999 -9999 -9999 -9999 -9999 -9999 -9999 -9999 -9999 -4.40625 -1.02735 1.9897 3.66471 4.71399 5.21939 5.19874 4.90063 4.55888 4.07215 3.20192 2.1118 0.396424 -0.88017 -0.0900668 0.879337 0.979852 1.61936 3.49627 4.13001 3.20442 0.933778 2.25577 3.7324 3.69671 3.55811 3.40434 3.21097 3.03501 2.66429 1.6918 -1.26197 -1.85354 -3.01962 -2.90056 -3.50436 -2.21954 -2.71297 -1.39571 -0.830797 -0.624011 -1.86241 -1.61155 -0.180287 0.380438 0.275056 0.614856 0.939913 0.939566 0.937552 0.917019 0.912109 0.902462 0.884454 0.8554 0.831783 0.81121 0.774396 0.766423 0.645483 0.56312
-9999 -9999 -9999 -9999 -9999 -9999 -9999 -9999 -9999 -5.08359 -1.71007 1.84467 2.97875 4.11061 5.08578 5.09367 4.6442 4.21591 3.7749 3.27432 1.95487 0.674975 -0.547477 -0.965908 -0.734205 -0.760232 0.281575 2.73024 3.19515 2.9806 0.608749 -0.20196 1.77449 3.43368 3.55355 3.39028 1.41219 1.81901 0.746265 -0.704405 -1.11245 -1.7542 -3.0968 -2.46827 -3.45465 -3.04838 -3.16623 -2.42325 -2.06645 -1.18032 -2.26115 -2.26533 -0.860408 -0.156291 -0.148958 0.590334 0.846867 0.905859 0.912178 0.913275 0.904751 0.904643 0.885746 0.862704 0.836136 0.788472 0.691434 0.419959 -1.01256 -1.02188
-9999 -9999 -9999 -9999 -9999 -9999 -9999 -9999 -9999 -4.69428 -2.3567 0.796073 3.12857 3.26485 4.39295 4.96966 4.48191 3.93399 3.37351 3.12164 1.68686 0.111991 -1.16276 -2.66935 -2.43518 -1.37403 0.374455 1.95204 2.2247 1.88477 0.608602 1.19482 2.53899 3.24725 3.44784 3.26894 2.82885 2.56949 1.7764 1.42584 0.328976 -1.37925 -2.05931 -1.64805 -3.46052 -3.34626 -2.69178 -3.40465 -2.24941 -1.70212 -3.09499 -2.00699 -0.764812 -0.134926 0.414387 0.6687 0.763473 0.914434 0.907481 0.909692 0.905523 0.891435 0.879537 0.841402 0.807786 0.644878 0.410317 -0.927621 -1.48673 -1.38943
-9999 -9999 -9999 -9999 -9999 -9999 -9999 -9999 -9999 -4.29632 -2.19295 0.539097 2.19882 2.4866 3.73873 4.85073 4.71363 4.14406 3.96229 3.37218 2.1536 0.808858 -0.659833 -1.37998 -3.01993 -1.42893 -0.167236 1.16693 1.78497 0.734633 0.200847 1.11382 2.02139 2.37687 3.29354 3.27299 2.95863 1.64236 0.994399 1.25133 0.966118 0.475633 -0.703803 -0.767609 -1.52931 -1.85154 -2.15637 -3.11516 -2.51819 -2.46827 -2.31445 -1.00662 -0.365343 0.0562203 0.438636 0.531033 0.691049 0.9018 0.910116 0.906688 0.894145 0.886619 0.858533 0.783612 0.718594 0.402951 -0.146684 -1.16205 -2.79495 -1.65931
-9999 -9999 -9999 -9999 -9999 -9999 -9999 -9999 -9999 -4.6589 -2.42399 -0.0908081 0.878154 1.03329 3.30845 4.69701 4.6878 4.41162 4.09092 2.65091 2.7228 2.42522 1.09927 -0.826642 -2.9406 -2.75524 -1.51167 0.256434 0.832945 -0.896843 -1.51596 -1.0807 0.297497 1.52994 2.81728 3.13549 2.74259 0.700259 -1.4694 -0.480434 0.57709 0.559348 0.233825 -0.860708 -1.21618 -1.53897 -2.34042 -3.68696 -3.4986 -3.13763 -1.65168 -1.18943 -0.469359 0.126818 -0.112911 0.0100211 0.579669 0.901712 0.903017 0.897569 0.897022 0.877746 0.846153 0.70877 0.563967 0.328927 -1.0852 -1.96886 -3.24708 -1.77887
-9999 -9999 -9999 -9999 -9999 -9999 -9999 -9999 -9999 -5.35655 -3.73792 -1.50849 -0.616776 0.812261 2.96155 4.01274 4.51053 4.48759 4.26993 3.6186 3.22226 2.45273 1.07394 -0.80699 -2.89648 -4.26083 -3.58501 -1.19971 -0.644958 -2.24181 -3.0598 -2.06729 -0.597845 1.58356 2.82487 2.9823 2.85717 2.42665 0.839422 -1.0758 -1.0811 -0.138157 -0.948612 -1.88863 -1.38956 -1.49554 -2.28703 -2.86577 -3.21727 -3.01204 -2.16946 -1.82792 -0.994546 0.240635 0.40814 0.361733 0.875258 0.890305 0.891255 0.899648 0.88752 0.871122 0.843733 0.729642 0.488506 -0.456614 -1.28224 -2.42626 -2.57777 -1.26939
-9999 -9999 -9999 -9999 -9999 -9999 -9999 -9999 -9999 -6.55602 -4.64983 -2.56225 -0.60835 1.23955 2.82829 2.94033 3.77266 3.75985 4.19029 4.0518 3.44718 2.79726 1.60773 -0.805066 -2.8358 -5.04941 -4.48073 -2.05047 -1.74011 -2.81421 -4.78866 -2.77383 -0.550693 1.46305 2.54772 1.67626 2.54543 2.46124 1.85914 0.714266 -1.05927 -1.03761 -2.36954 -2.43853 -1.77193 -1.56324 -1.68753 -2.12477 -2.81341 -2.70406 -2.19674 -2.07602 -1.31117 -0.355548 0.578417 0.726067 0.895118 0.8916 0.883209 0.886541 0.876974 0.845769 0.785878 0.667181 -0.126934 -1.06914 -1.65396 -2.45448 -2.56163 -1.05456
