Test_Spring_2018/02_18/Temp/20180212_009.txt
ncols	170
nrows	115
xllcorner	350000.000000
yllcorner	4445000.000000
cellsize	1000.000000
nodata_value	-9999.000000
[rows 32 to 63 of 115, columns 71 to 141 of 170]
7.40108 7.38037 7.07385 7.54335 7.97537 7.69871 7.51726 8.22563 8.22353 7.97824 7.40483 7.19348 6.97455 6.83997 6.1055 4.04705 2.19134 3.18408 3.20663 2.51839 3.74951 3.09732 1.39785 -1.00081 0.300543 -0.0403024 -1.74527 -2.16635 -9999 -9999 -9999 -9999 -9999 -9999 -9999 -9999 -9999 -9999 -9999 -9999 -9999 -9999 -9999 -9999 -9999 -9999 -9999 -9999 -9999 -9999 -9999 -9999 -9999 -9999 -9999 -9999 -9999 -9999 -9999 -9999 -9999 -9999 -9999 -9999 -9999 -9999 -9999 -9999 -9999 -9999 -9999
7.13743 6.97644 6.84391 7.54262 7.52617 7.4749 7.71701 8.15546 8.24181 8.1451 7.89411 7.67676 7.4458 6.86201 6.02201 4.26017 2.14804 1.66819 2.7003 2.74874 2.9136 2.31903 1.57242 0.405089 1.35808 1.72703 0.608498 -0.860281 -1.80553 -9999 -9999 -9999 -9999 -9999 -9999 -9999 -9999 -9999 -9999 -9999 -9999 -9999 -9999 -9999 -9999 -9999 -9999 -9999 -9999 -9999 -9999 -9999 -9999 -9999 -9999 -9999 -9999 -9999 -9999 -9999 -9999 -9999 -9999 -9999 -9999 -9999 -9999 -9999 -9999 -9999 -9999
6.73714 6.49395 5.81315 6.23361 6.54881 7.12382 7.26798 7.35403 8.1876 8.14166 8.10141 7.74329 7.45674 6.9829 6.17445 5.02397 3.639 1.22828 2.71298 3.87525 3.84418 3.77908 3.25551 2.13388 3.06913 3.11124 1.68179 0.0481554 -0.908775 -1.30529 -9999 -9999 -9999 -9999 -9999 -9999 -9999 -9999 -9999 -9999 -9999 -9999 -9999 -9999 -9999 -9999 -9999 -9999 -9999 -9999 -9999 -9999 -9999 -9999 -9999 -9999 -9999 -9999 -9999 -9999 -9999 -9999 -9999 -9999 -9999 -9999 -9999 -9999 -9999 -9999 -9999
6.17922 5.94496 5.11368 5.53669 6.10164 6.89455 7.29935 7.60813 7.8562 8.10938 8.07781 7.71139 6.63189 6.47677 6.42906 5.67624 4.09747 2.52072 2.11138 3.88499 4.39162 4.28661 4.6813 3.73078 4.17723 3.99138 3.48296 1.91614 0.485194 -0.10547 -1.27125 -9999 -9999 -9999 -9999 -9999 -9999 -9999 -9999 -9999 -9999 -9999 -9999 -9999 -9999 -9999 -9999 -9999 -9999 -9999 -9999 -9999 -9999 -9999 -9999 -9999 -9999 -9999 -9999 -9999 -9999 -9999 -9999 -9999 -9999 -9999 -9999 -9999 -9999 -9999 -9999
-9999 -9999 -9999 4.59432 5.35904 5.99405 6.76901 7.43705 7.77357 8.10056 8.07272 7.34172 6.98364 6.95141 6.45783 5.58898 5.04327 4.05013 3.01534 3.40886 4.92095 4.24607 5.31659 5.22389 5.41882 4.69976 3.33485 1.51966 0.454426 -0.07429 -1.01933 -9999 -9999 -9999 -9999 -9999 -9999 -9999 -9999 -9999 -9999 -9999 -9999 -9999 -9999 -9999 -9999 -9999 -9999 -9999 -9999 -9999 -9999 -9999 -9999 -9999 -9999 -9999 -9999 -9999 -9999 -9999 -9999 -9999 -9999 -9999 -9999 -9999 -9999 -9999 -9999
-9999 -9999 -9999 -9999 5.22164 5.70462 6.748 7.27689 7.49469 8.02308 8.02294 7.74534 7.5356 7.23178 6.83527 6.18212 5.46153 4.52744 4.43992 5.40677 5.41719 5.21318 5.3702 5.86548 5.73201 4.61883 2.69923 1.68494 -0.377903 -1.26037 -1.17163 -1.79722 -9999 -9999 -9999 -9999 -9999 -9999 -9999 -9999 -9999 -9999 -9999 -9999 0.597593 -9999 -9999 -9999 -9999 -9999 -9999 -9999 -9999 -9999 -9999 -9999 -9999 -9999 -9999 -9999 -9999 -9999 -9999 -9999 -9999 -3.12531 -9999 -9999 -9999 -9999 -9999
-9999 -9999 -9999 5.13862 5.78158 6.28771 6.94093 6.99805 7.38216 7.98995 7.99757 7.80043 7.57794 7.07899 6.95478 6.5827 5.80051 5.63969 5.95525 6.09978 6.26355 6.36356 6.27888 6.07511 5.81221 5.08986 4.1991 3.60044 1.7199 0.763452 -0.147229 -1.52447 -2.60192 -9999 -9999 -9999 -9999 -9999 -9999 -9999 -0.122737 -0.172701 -0.146994 0.156151 0.990681 0.502617 -9999 -9999 -9999 -9999 -9999 -9999 -9999 -9999 -9999 -9999 -9999 -9999 -9999 -9999 -9999 -9999 -9999 -9999 -9999 -2.37092 -3.45235 -9999 -9999 -9999 -9999
-9999 -9999 -9999 5.31208 5.99664 6.33746 6.97176 7.33391 7.56257 7.77233 7.97296 7.93806 7.69203 7.31833 7.3201 6.80544 6.52756 6.32878 6.75607 6.83942 6.66596 6.44852 6.25574 5.71422 5.64917 5.46658 4.9 3.97177 3.01544 1.63251 -0.237102 -2.07037 -3.54908 -9999 -9999 -9999 -9999 -9999 -9999 0.0340256 0.727178 1.14304 0.262933 1.01749 1.70734 1.59894 0.933582 -9999 -9999 -9999 -9999 -9999 -9999 -9999 -9999 -9999 -9999 -9999 -9999 -9999 -9999 2.76029 1.65121 -0.590759 -1.73891 -2.42685 -3.40988 -9999 -9999 -9999 -9999
-9999 -9999 -9999 5.17958 5.98837 6.53559 7.02117 7.09719 7.59233 7.8045 7.91175 7.89807 7.84876 7.77948 7.33038 7.13693 6.45826 7.10629 7.08073 6.91527 6.26365 5.97993 4.86161 4.36791 4.2514 5.18688 4.49009 3.03865 1.22509 -0.957321 -1.10037 -1.82191 -3.14386 -9999 -9999 -9999 -9999 -9999 -9999 0.250555 0.991969 1.61119 1.70269 0.828101 2.05286 2.00801 1.32537 1.17169 1.73425 2.0201 1.8077 2.4823 2.67974 2.37862 2.71122 -9999 -9999 -9999 -9999 2.91334 2.95954 2.99491 2.53377 0.0843539 -1.5878 -3.08905 -3.22384 -9999 -9999 -9999 -9999
-9999 -9999 -9999 5.74473 6.24169 6.49189 6.53061 6.9662 7.39843 7.66218 7.85748 7.81718 7.80065 7.7833 7.62957 7.27276 7.33653 7.30709 7.09819 5.85963 4.41381 5.04146 4.18092 2.34051 3.82785 4.64378 3.85431 2.0958 0.0573587 -0.61583 -0.589804 -1.59286 -2.88209 -9999 -9999 -9999 -1.77273 -0.712367 -0.619225 -0.30555 0.683073 1.43565 2.0029 2.39009 2.37889 1.97585 1.30823 0.582315 0.843195 2.15345 2.4739 2.7452 2.94968 2.6701 2.81787 3.16861 3.35023 3.38771 3.30626 3.28846 3.31824 3.27788 2.84764 0.656997 -0.595805 -1.39417 -2.9937 -9999 -9999 -9999 -9999
-9999 -9999 -9999 5.43499 5.86676 6.21601 6.79566 6.8553 7.22291 7.43802 7.75974 7.79581 7.41396 7.729 7.68818 7.62913 7.50384 7.32013 6.27481 4.83396 3.38913 2.72084 3.00084 1.89377 2.45655 3.28321 2.97513 1.89445 0.0778728 -0.180976 -0.608914 -2.294 -3.91649 -9999 -9999 -3.82683 -1.79322 -0.360813 0.378735 0.608835 0.632367 1.58031 1.65646 2.67704 2.43975 1.09608 1.24945 0.726754 1.06796 1.55006 1.68304 2.37288 3.04062 3.16699 3.17071 3.3942 3.44065 3.45313 3.44812 3.29801 3.36827 3.38027 3.11265 1.52588 0.753304 -0.0962568 -2.97018 -9999 -9999 -9999 -9999
-9999 -9999 -9999 5.65959 6.14234 6.67131 6.75496 7.14651 7.10324 6.98722 7.53521 7.73285 7.46324 7.26931 7.62658 7.60186 7.55434 7.47586 6.4936 5.35657 3.63531 2.56471 1.90734 1.44007 0.814962 1.23754 1.10328 0.92461 1.12184 0.618207 -0.382978 -1.37112 -3.21709 -4.2164 -9999 -3.71545 -2.79772 -1.09421 0.35404 1.27414 0.945482 2.02334 2.22493 2.84698 2.48464 1.67025 1.32126 1.29187 1.1862 1.91248 2.40128 2.74483 2.97593 3.26516 3.33863 3.41233 3.44338 3.46055 3.47804 3.47517 3.47053 3.43974 3.34018 2.61166 1.842 0.173628 -2.87229 -9999 -9999 -9999 -9999
-9999 -9999 4.25496 5.60774 6.41894 6.73129 6.95607 7.15409 7.29702 7.44546 7.58581 7.68328 7.63912 6.92606 6.98446 7.11279 7.51759 7.48848 7.39914 6.77701 4.68295 3.95657 2.89582 1.52387 0.947201 1.22909 2.34681 2.29263 1.54571 0.713921 -0.437446 -1.17028 -2.3037 -4.47642 -4.2824 -3.30499 -2.57725 -1.41931 0.350834 1.59245 2.14762 2.35864 2.796 3.02482 2.52805 2.05624 1.85852 1.49025 1.43993 1.44448 1.88381 2.22504 2.98649 3.24316 3.36202 3.42215 3.45466 3.47846 3.50201 3.51075 3.4972 3.49932 3.49503 3.44436 2.41748 -0.154624 -2.08692 -9999 -9999 -9999 -9999
-9999 -9999 -9999 5.36026 5.7152 5.80584 5.96691 6.29998 6.68471 7.22924 7.29866 7.60005 7.59766 6.98212 6.27276 6.89134 7.13712 7.3916 7.39873 7.31773 5.55586 4.63344 3.90611 2.59029 3.05869 3.50414 3.53397 3.25831 1.66117 0.0706376 -1.7655 -3.47746 -3.56194 -4.48483 -3.99916 -3.3538 -1.69511 -0.527237 -0.0527937 0.288724 2.08906 2.55841 2.72168 3.1844 2.55892 2.40379 1.9344 2.07695 2.03778 2.04239 0.737021 2.04823 2.12716 2.98255 3.3677 3.45611 3.48023 3.50593 3.51054 3.51626 3.51339 3.52341 3.51287 3.5015 2.83513 -0.428011 -2.06025 -9999 -9999 -9999 -9999
-9999 -9999 -9999 -9999 -9999 5.47124 5.74139 5.91374 6.21438 7.13897 7.38793 7.55341 7.56728 7.29334 6.59039 6.40592 6.53506 5.84961 6.42245 7.20544 7.18393 7.08616 5.53715 4.74184 5.50339 5.26626 4.09969 3.18057 2.27339 0.411727 -0.954984 -2.91672 -4.3902 -4.44799 -2.82683 -1.4801 0.198334 0.939503 0.519036 0.977306 1.87242 2.88936 3.38244 3.26928 2.60992 2.52116 1.79614 2.51369 2.57715 2.24659 1.96089 2.0755 2.49948 2.66181 3.33097 3.49345 3.52299 3.5285 3.53176 3.52963 3.52683 3.52058 3.51561 3.50873 3.48143 0.127214 -2.47715 -9999 -9999 -9999 -9999
-9999 -9999 -9999 -9999 -9999 4.83002 4.99336 5.42793 6.54862 7.13219 7.36852 7.35977 7.46935 7.27623 6.65835 6.02413 5.42614 4.65435 5.09535 6.26202 6.94861 7.02431 5.66604 6.36664 6.09842 5.57353 4.04913 2.9244 2.3259 0.538288 -0.995443 -2.30185 -4.10379 -3.33684 -2.49122 -1.40381 0.427286 1.66348 2.17234 1.7478 2.32097 3.49094 3.50006 2.86419 2.90844 2.52341 1.53175 2.56955 2.86319 2.63042 2.6931 2.6057 2.7644 3.05207 3.32704 3.50995 3.53502 3.5383 3.53275 3.53308 3.53489 3.52358 3.52668 3.51983 3.5057 1.34187 -2.52349 -9999 -9999 -9999 -9999
-9999 -9999 -9999 -9999 -9999 -9999 4.24386 5.23901 6.72744 7.09289 7.05791 7.36503 7.39131 7.09481 6.83769 6.06781 5.01576 2.99403 3.50875 4.58263 6.13089 6.94302 6.82994 6.37214 5.58069 3.67123 1.99943 1.79221 1.51454 0.208671 -0.974103 -2.42617 -1.59005 -0.673227 0.330746 0.858153 0.720657 1.77998 2.64435 2.27951 2.98219 3.8019 3.43396 3.21756 3.03643 2.59085 2.56657 2.61619 3.20651 2.8019 3.05373 3.06024 3.04763 3.18814 3.34944 3.51864 3.54667 3.54735 3.55049 3.53153 3.53952 3.53146 3.52406 3.51797 3.50629 3.31356 1.23495 -0.00752555 -9999 -9999 -9999
-9999 -9999 -9999 -9999 -9999 -9999 3.32682 3.82177 5.58505 6.12562 6.90455 7.31801 7.33678 6.83609 6.55728 5.40977 5.03799 3.16802 2.32068 3.03834 2.76158 4.89356 6.77925 6.36373 2.54719 1.16198 0.17252 0.420887 0.418661 0.0519361 -1.95669 -2.51201 -0.722569 0.403648 1.27638 1.93873 2.07662 2.05427 3.4057 3.5867 4.02749 3.93452 3.97781 3.29888 2.87982 3.25222 2.83007 2.76017 3.36992 2.77402 3.31689 3.25328 3.09242 3.08515 3.44242 3.51521 3.55366 3.5563 3.54265 3.52525 3.51625 3.52946 3.5263 3.50925 3.51339 3.49746 3.25679 2.18155 1.80859 2.23099 -9999
-9999 -9999 -9999 -9999 -9999 -9999 -9999 2.17889 4.63045 5.74679 6.33463 7.16324 7.26288 6.99586 6.51354 5.34472 4.31687 2.64522 0.735703 -0.277235 2.74839 5.38093 6.7533 6.56834 3.39097 2.13441 2.07207 2.80537 2.17855 1.70218 0.174258 -0.28368 -0.918427 -0.531306 0.685559 1.68046 2.64054 3.33916 3.39716 3.85179 4.11391 4.13756 4.22161 4.14413 4.08147 3.4275 3.88483 3.50195 3.70911 3.57959 3.46261 3.36054 2.98571 3.25288 3.48933 3.55069 3.56988 3.55575 3.55269 3.54324 3.52203 3.51418 3.51483 3.51528 3.5063 3.50954 3.5054 3.38874 2.74343 1.87788 0.783008
-9999 -9999 -9999 -9999 -9999 -9999 -9999 0.956795 3.39647 4.56834 6.08184 6.85985 7.17497 7.13336 6.74247 5.85437 4.51736 3.40345 1.27171 -0.942188 2.23338 5.06088 6.58576 6.66373 3.99231 4.72797 4.12648 4.36356 3.26551 2.80708 2.44129 1.65272 0.791102 -0.151327 -0.649455 1.58478 2.73219 3.65611 4.09249 4.34005 4.46471 4.39997 4.23516 3.24501 4.00433 3.96762 3.89492 3.81103 3.77155 3.6953 3.60484 3.5505 3.53261 3.2839 3.56831 3.56241 3.56626 3.56765 3.56048 3.54687 3.53538 3.52139 3.52334 3.51744 3.51066 3.5072 3.51134 3.50746 3.47583 3.30716 1.83542
-9999 -9999 -9999 -9999 -9999 -9999 -9999 -2.47087 1.07964 3.9294 5.41936 6.63082 6.96395 7.08845 6.56375 6.17145 5.213 4.30524 2.9045 0.806143 -0.486501 1.88996 5.34586 6.61632 6.51257 6.42939 5.73488 5.10856 5.02624 5.06942 4.33839 3.27899 1.89669 1.46474 0.979523 2.64339 2.86875 2.74721 4.57842 4.58369 4.48112 3.7825 2.99946 3.15036 2.6687 3.04392 2.46767 3.00196 3.46395 3.63763 3.62508 3.56405 3.55854 3.53186 3.58195 3.58126 3.57341 3.56745 3.56446 3.55811 3.53765 3.52675 3.536 3.52364 3.51528 3.50954 3.51582 3.51572 3.49311 3.47276 3.24933
-9999 -9999 -9999 -9999 -9999 -9999 -9999 -2.31522 0.667593 3.2006 4.71777 6.17859 6.51724 7.01023 6.9037 6.49258 5.65928 4.61807 3.46509 1.66471 0.326056 1.91561 4.20844 5.85007 6.43532 6.42429 6.38142 6.22177 6.15366 5.96827 5.83212 5.0721 3.767 3.02854 1.9492 3.80363 4.01124 3.72091 4.64734 4.6017 3.20247 2.12721 1.99474 2.65226 2.02939 1.92273 1.53725 1.97889 3.15888 2.81781 2.88717 3.42101 3.51005 3.5677 3.58324 3.57974 3.57738 3.56855 3.57032 3.57227 3.55224 3.54376 3.54053 3.52211 3.5208 3.50936 3.50695 3.50282 3.49216 3.4737 3.4124
-9999 -9999 -9999 -9999 -9999 -9999 -9999 -2.2485 -0.246524 2.03287 4.26804 5.82808 6.4571 6.91513 6.90995 6.43188 6.01743 5.36447 4.34991 3.65357 2.44494 0.786276 3.56284 4.41126 5.16775 5.48532 6.27465 6.2518 5.88507 5.45379 5.84221 5.72507 4.6913 4.35018 3.77594 4.80685 4.80861 4.77974 4.7246 3.5421 1.89856 0.585355 1.53272 1.33668 1.77123 0.429095 1.53947 2.43215 2.72285 2.12061 1.67271 3.06128 3.29327 3.43077 3.51893 3.57691 3.56337 3.578 3.57042 3.56713 3.56367 3.55306 3.54741 3.53719 3.52694 3.51774 3.51695 3.5045 3.48828 3.4904 3.46071
-9999 -9999 -9999 -9999 -9999 -9999 -9999 -9999 -1.42727 1.45942 4.03977 5.47603 6.3791 6.81878 6.81023 6.5654 6.28362 5.87833 5.14603 4.22611 2.77274 1.69324 2.37578 3.2068 3.29686 3.84933 5.4567 6.00366 5.22071 3.28516 4.42075 5.68721 5.66431 5.55407 5.43138 5.27368 5.13329 4.82731 4.00862 1.50069 1.00937 0.0265564 0.139758 -0.363528 0.738962 0.329808 1.46418 1.95668 2.14349 1.09758 1.3186 2.55171 3.03979 2.95978 3.25945 3.54613 3.55615 3.56503 3.55847 3.56561 3.56908 3.56577 3.554 3.5465 3.54174 3.52122 3.53192 3.44195 3.38469 3.26518 3.42049
-9999 -9999 -9999 -9999 -9999 -9999 -9999 -9999 -2.00356 0.880745 3.91988 4.89502 5.86861 6.70891 6.72465 6.35063 5.99489 5.62841 5.21115 4.09548 3.01337 1.97996 1.63187 1.83782 1.81569 2.71152 4.80683 5.2102 5.03403 3.01368 2.32968 4.02274 5.44553 5.55596 5.42536 3.74757 4.10409 3.19933 1.97272 1.63562 1.0995 -0.0341181 0.513299 -0.316492 0.04123 -0.0528404 0.591725 0.906742 1.67292 0.761477 0.765085 1.97604 2.5866 2.60291 3.24346 3.47244 3.53316 3.54923 3.56115 3.56521 3.57679 3.57265 3.56523 3.555 3.5269 3.45675 3.23585 2.03184 2.03667 2.37297 2.69134
-9999 -9999 -9999 -9999 -9999 -9999 -9999 -9999 -1.66831 0.332853 3.02943 5.02674 5.15142 6.12219 6.62298 6.21624 5.75835 5.28984 5.08453 3.87037 2.53658 1.45851 0.182454 0.390568 1.30359 2.79398 4.14675 4.38652 4.10379 3.0181 3.52574 4.67993 5.29207 5.47158 5.32783 4.96173 4.75016 4.08384 3.79526 2.87057 1.42475 0.855898 1.21778 -0.316712 -0.208193 0.360873 -0.241182 0.754716 1.23198 0.0545135 0.992397 2.06208 2.60952 3.08821 3.31537 3.40658 3.54587 3.55071 3.56363 3.57139 3.57096 3.57265 3.55218 3.53573 3.40912 3.22145 2.09283 1.63148 1.72704 2.25302 2.71393
-9999 -9999 -9999 -9999 -9999 -9999 -9999 -9999 -1.32566 0.476044 2.81405 4.2378 4.4918 5.56839 6.52568 6.41793 5.94149 5.79583 5.30194 4.27204 3.13441 1.8909 1.2855 -0.104561 1.26044 2.33549 3.48092 4.01553 3.12222 2.67495 3.46156 4.24372 4.55529 5.34569 5.33714 5.07837 3.96551 3.42291 3.6523 3.41962 3.01209 2.01716 1.9737 1.33509 1.07121 0.822054 0.00986775 0.529675 0.582821 0.726879 1.85003 2.40741 2.77736 3.11391 3.20317 3.35018 3.54059 3.55854 3.56668 3.56726 3.57235 3.56011 3.5081 3.46466 3.20759 2.751 1.89725 0.519964 1.50083 2.52638 2.84046
-9999 -9999 -9999 -9999 -9999 -9999 -9999 -9999 -1.63157 0.282541 2.28062 3.11547 3.25647 5.20557 6.39875 6.40004 6.17375 5.90953 4.69077 4.76127 4.51658 3.39474 1.76107 -0.0331848 0.133181 1.19759 2.70831 3.20774 1.73523 1.21546 1.59496 2.77873 3.83839 4.9451 5.2256 4.89995 3.16796 1.32765 2.18123 3.0935 3.08895 2.82205 1.89942 1.60707 1.34256 0.669788 -0.46823 -0.302094 0.0163511 1.29385 1.69877 2.32349 2.84251 2.64867 2.76413 3.26062 3.54605 3.55809 3.56453 3.57532 3.57031 3.55495 3.44951 3.33784 3.1493 1.95529 1.21366 0.140157 1.40293 2.10274 2.48668
-9999 -9999 -9999 -9999 -9999 -9999 -9999 -9999 -2.22323 -0.834444 1.07534 1.84449 3.072 4.91385 5.81938 6.25305 6.2427 6.0663 5.52006 5.19119 4.54395 3.37701 1.78168 0.00831211 -1.14684 -0.562312 1.47047 1.95173 0.592612 -0.0965322 0.758396 2.0202 3.88933 4.95696 5.10049 5.00329 4.64588 3.30226 1.67912 1.68493 2.49951 1.81892 1.02791 1.46415 1.38442 0.720047 0.237059 -0.0577707 0.130199 0.856931 1.15901 1.88048 2.94458 3.09818 3.06938 3.51813 3.54187 3.55367 3.57193 3.57282 3.57018 3.55828 3.47255 3.27856 2.48428 1.79195 0.8281 0.710662 1.84157 2.34098 2.80315
-9999 -9999 -9999 -9999 -9999 -9999 -9999 -9999 -3.24282 -1.60861 0.180397 1.85553 3.44037 4.80431 4.90901 5.62801 5.62631 6.0026 5.89365 5.38711 4.84183 3.83623 1.7873 0.0640345 -1.81534 -1.32211 0.754055 1.0163 0.108826 -1.56638 0.160548 2.06527 3.79159 4.7258 3.99204 4.74285 4.68084 4.17733 3.21111 1.7089 1.73773 0.612311 0.563969 1.14297 1.33148 1.23602 0.873652 0.296263 0.397304 0.838356 0.952213 1.61537 2.4412 3.24857 3.3854 3.54051 3.5485 3.55239 3.56635 3.56939 3.55405 3.51432 3.42451 2.75878 1.96681 1.47966 0.808592 0.728832 2.03024 2.55635 2.84892
-9999 -9999 -9999 -9999 -9999 -9999 -9999 -9999 -9999 -1.77489 0.0733993 1.44089 1.80857 3.02086 3.67512 4.18123 4.29278 5.73829 5.81708 5.49557 4.99459 4.13675 2.58164 1.49756 -0.305169 -1.60151 -1.07359 -0.834883 -0.360645 -0.50234 0.267139 2.0975 4.00463 4.21195 2.99912 3.17814 3.43147 3.99977 3.71146 1.66448 0.624714 -0.238177 0.375671 1.02149 1.17834 1.21039 1.08676 0.94765 0.698077 1.56251 2.2025 2.35199 2.91015 3.32259 3.43751 3.52443 3.53639 3.54854 3.55012 3.52763 3.51173 3.41008 3.18047 2.43552 0.641841 0.727349 0.534884 -0.0218215 1.24958 2.05996 2.77522
-9999 -9999 -9999 -9999 -9999 -9999 -9999 -9999 -9999 -2.38919 -0.250492 0.200655 0.166333 -0.542756 -0.217367 2.408 2.93601 4.32228 5.63478 5.53729 5.04578 4.24306 3.31629 1.88208 -0.145178 -1.75645 -2.44094 -0.71265 0.982717 1.33252 1.87427 2.99542 3.20771 1.96805 0.805675 1.45746 1.85004 3.34686 3.62006 3.32923 2.09603 0.686105 -0.0496134 0.819936 0.936697 0.989517 1.00056 0.976373 0.941906 1.91494 2.45475 2.82964 3.0344 3.38875 3.48049 3.51083 3.53945 3.53449 3.5177 3.46338 3.40142 3.12376 2.78736 1.56607 0.548147 -0.0859768 -0.891284 0.929039 1.47723 2.23667 2.72392
