Test_Spring_2018/02_18/Temp/20180216_012.txt
ncols	170
nrows	115
xllcorner	350000.000000
yllcorner	4445000.000000
cellsize	1000.000000
nodata_value	-9999.000000
[rows 32 to 63 of 115, columns 72 to 143 of 170]
10.8522 10.5857 10.9894 11.3608 11.1189 10.9492 11.5607 11.5559 11.341 10.8428 10.6572 10.4651 10.3456 9.70788 7.92632 6.3196 7.17289 7.1878 6.58836 7.64635 7.07721 5.60309 3.52468 4.64184 4.34033 2.84758 2.4741 -9999 -9999 -9999 -9999 -9999 -9999 -9999 -9999 -9999 -9999 -9999 -9999 -9999 -9999 -9999 -9999 -9999 -9999 -9999 -9999 -9999 -9999 -9999 -9999 -9999 -9999 -9999 -9999 -9999 -9999 -9999 -9999 -9999 -9999 -9999 -9999 -9999 -9999 -9999 -9999 -9999 -9999 -9999 -9999 -9999
10.5007 10.3845 10.9862 10.9703 10.9182 11.1191 11.4973 11.5688 11.4822 11.2623 11.0714 10.8687 10.3612 9.63212 8.10665 6.27835 5.85962 6.7465 6.78336 6.92037 6.40104 5.74999 4.73519 5.5515 5.86311 4.88106 3.59847 2.76893 -9999 -9999 -9999 -9999 -9999 -9999 -9999 -9999 -9999 -9999 -9999 -9999 -9999 -9999 -9999 -9999 -9999 -9999 -9999 -9999 -9999 -9999 -9999 -9999 -9999 -9999 -9999 -9999 -9999 -9999 -9999 -9999 -9999 -9999 -9999 -9999 -9999 -9999 -9999 -9999 -9999 -9999 -9999 -9999
10.0815 9.49173 9.85315 10.1236 10.6028 10.7312 10.8024 11.5193 11.4764 11.4385 11.126 10.8751 10.4625 9.76061 8.76311 7.56283 5.47628 6.75404 7.75293 7.72071 7.65867 7.20024 6.22488 7.0258 7.05501 5.8022 4.37339 3.53952 3.18993 -9999 -9999 -9999 -9999 -9999 -9999 -9999 -9999 -9999 -9999 -9999 -9999 -9999 -9999 -9999 -9999 -9999 -9999 -9999 -9999 -9999 -9999 -9999 -9999 -9999 -9999 -9999 -9999 -9999 -9999 -9999 -9999 -9999 -9999 -9999 -9999 -9999 -9999 -9999 -9999 -9999 -9999 -9999
9.60501 8.88529 9.24891 9.7351 10.4073 10.7515 11.0195 11.2305 11.446 11.4155 11.0958 10.16 10.0226 9.9778 9.32377 7.95606 6.58982 6.23158 7.75848 8.19062 8.09404 8.42865 7.60094 7.9795 7.81161 7.36203 5.98816 4.73947 4.22191 3.20789 -9999 -9999 -9999 -9999 -9999 -9999 -9999 -9999 -9999 -9999 -9999 -9999 -9999 -9999 -9999 -9999 -9999 -9999 -9999 -9999 -9999 -9999 -9999 -9999 -9999 -9999 -9999 -9999 -9999 -9999 -9999 -9999 -9999 -9999 -9999 -9999 -9999 -9999 -9999 -9999 -9999 -9999
-9999 -9999 8.4328 9.0813 9.62971 10.2913 10.8695 11.1569 11.4361 11.4089 10.7742 10.4616 10.4303 10.0004 9.24618 8.7708 7.90864 7.01015 7.34495 8.64547 8.05653 8.97471 8.88771 9.04874 8.41997 7.22522 5.64206 4.70871 4.24428 3.42055 -9999 -9999 -9999 -9999 -9999 -9999 -9999 -9999 -9999 -9999 -9999 -9999 -9999 -9999 -9999 -9999 -9999 -9999 -9999 -9999 -9999 -9999 -9999 -9999 -9999 -9999 -9999 -9999 -9999 -9999 -9999 -9999 -9999 -9999 -9999 -9999 -9999 -9999 -9999 -9999 -9999 -9999
-9999 -9999 -9999 8.96066 9.37753 10.276 10.7291 10.914 11.3672 11.3639 11.1209 10.9365 10.6707 10.3247 9.75685 9.13048 8.31935 8.23904 9.06899 9.07232 8.88992 9.01881 9.43937 9.31636 8.34394 6.67263 5.78802 3.98553 3.21505 3.28375 2.73588 -9999 -9999 -9999 -9999 -9999 -9999 -9999 -9999 -9999 -9999 -9999 -9999 4.75445 -9999 -9999 -9999 -9999 -9999 -9999 -9999 -9999 -9999 -9999 -9999 -9999 -9999 -9999 -9999 -9999 -9999 -9999 -9999 -9999 1.47018 -9999 -9999 -9999 -9999 -9999 -9999 -9999
-9999 -9999 8.89913 9.4448 9.87919 10.4406 10.4825 10.815 11.3368 11.3403 11.1669 10.9715 10.5374 10.4267 10.1018 9.42226 9.27911 9.54697 9.66657 9.80222 9.88218 9.802 9.61834 9.38306 8.74313 7.9647 7.43841 5.79865 4.95817 4.16304 2.96539 2.02725 -9999 -9999 -9999 -9999 -9999 -9999 -9999 4.13394 4.08907 4.10985 4.37046 5.09016 4.66753 -9999 -9999 -9999 -9999 -9999 -9999 -9999 -9999 -9999 -9999 -9999 -9999 -9999 -9999 -9999 -9999 -9999 -9999 -9999 2.12471 1.18651 -9999 -9999 -9999 -9999 -9999 -9999
-9999 -9999 9.04041 9.62884 9.92036 10.4654 10.7754 10.9692 11.1473 11.3176 11.2844 11.069 10.7432 10.7415 10.2936 10.0498 9.87399 10.2384 10.3051 10.1493 9.95478 9.78085 9.30498 9.24001 9.06599 8.56681 7.75506 6.91899 5.70371 4.0796 2.48743 1.20217 -9999 -9999 -9999 -9999 -9999 -9999 4.26441 4.86151 5.21958 4.45859 5.10975 5.70515 5.6111 5.02729 -9999 -9999 -9999 -9999 -9999 -9999 -9999 -9999 -9999 -9999 -9999 -9999 -9999 -9999 6.57607 5.61432 3.67374 2.67776 2.0792 1.22575 -9999 -9999 -9999 -9999 -9999 -9999
-9999 -9999 8.92454 9.62015 10.0899 10.5064 10.5692 10.9979 11.1737 11.2635 11.2489 11.2035 11.1409 10.7501 10.5798 9.99011 10.5458 10.5191 10.3708 9.80186 9.54982 8.57603 8.14092 8.02437 8.82216 8.20965 6.94506 5.36762 3.46632 3.32792 2.69529 1.54482 -9999 -9999 -9999 -9999 -9999 -9999 4.444 5.08334 5.61767 5.69657 4.94126 5.99938 5.95271 5.36344 5.23105 5.71728 5.96443 5.77459 6.35232 6.52334 6.26355 6.55087 -9999 -9999 -9999 -9999 6.71865 6.7555 6.78247 6.38014 4.26011 2.81123 1.50987 1.38632 -9999 -9999 -9999 -9999 -9999 -9999
-9999 -9999 9.41141 9.83754 10.0506 10.0811 10.4545 10.8286 11.0496 11.2165 11.1791 11.1623 11.1448 11.0094 10.6983 10.7502 10.721 10.5361 9.46103 8.20611 8.74122 7.98792 6.38575 7.65746 8.3511 7.65758 6.12674 4.35403 3.75536 3.76273 2.88616 1.76131 -9999 -9999 -9999 2.69454 3.60707 3.68524 3.95481 4.80814 5.45817 5.95011 6.28538 6.26917 5.922 5.34632 4.72026 4.94649 6.07902 6.35652 6.5807 6.75837 6.51772 6.64816 6.95098 7.10724 7.13844 7.06629 7.04848 7.07116 7.03269 6.65701 4.75782 3.67082 2.97624 1.58353 -9999 -9999 -9999 -9999 -9999 -9999
-9999 -9999 9.14301 9.51274 9.8113 10.3095 10.3582 10.6731 10.8592 11.1312 11.16 10.8279 11.0978 11.0602 11.0067 10.8955 10.7332 9.82594 8.57614 7.32191 6.73735 6.96847 6.0024 6.47527 7.17772 6.89545 5.94452 4.36285 4.12688 3.74039 2.27142 0.860446 -9999 -9999 0.916381 2.6684 3.90245 4.53927 4.73712 4.75742 5.57684 5.64368 6.52654 6.3164 5.15734 5.29121 4.84327 5.13945 5.56021 5.67608 6.26797 6.84132 6.95151 6.95541 7.14867 7.18845 7.19823 7.19219 7.06009 7.11764 7.12422 6.88878 5.51352 4.84128 4.10097 1.60949 -9999 -9999 -9999 -9999 -9999 -9999
-9999 -9999 9.33656 9.75028 10.204 10.2733 10.6087 10.5684 10.4684 10.9391 11.1049 10.8701 10.7008 11.0074 10.9838 10.94 10.8689 10.0162 9.0288 7.53565 6.6033 6.02466 5.6106 5.05158 5.40418 5.27527 5.10767 5.2646 4.81155 3.92917 3.06397 1.45727 0.58518 -9999 1.00429 1.79245 3.26084 4.51013 5.30443 5.02108 5.95333 6.1292 6.66269 6.35165 5.65038 5.35417 5.33072 5.24125 5.87024 6.29622 6.5898 6.79105 7.03821 7.10273 7.16692 7.19364 7.20763 7.2211 7.21615 7.2089 7.17835 7.08783 6.45362 5.78257 4.33601 1.69574 -9999 -9999 -9999 -9999 -9999 -9999
-9999 8.13191 9.29064 9.98793 10.2545 10.4456 10.6139 10.7348 10.8631 10.9816 11.0636 11.0217 10.4043 10.4531 10.562 10.9093 10.8809 10.7996 10.257 8.44168 7.80504 6.87438 5.67789 5.16527 5.39548 6.34706 6.28602 5.62647 4.8937 3.88101 3.23073 2.24057 0.353238 0.512964 1.351 1.97507 2.97239 4.50002 5.57245 6.05303 6.23713 6.61252 6.81237 6.38891 5.9842 5.81601 5.50037 5.4592 5.46525 5.84664 6.13913 6.80092 7.02415 7.12487 7.17761 7.20579 7.22563 7.24438 7.24944 7.23438 7.2321 7.22366 7.17405 6.28142 4.05353 2.37519 -9999 -9999 -9999 -9999 -9999 -9999
-9999 -9999 9.0757 9.37879 9.45378 9.58985 9.87475 10.2046 10.6749 10.7325 10.9908 10.9869 10.4526 9.83853 10.3712 10.5813 10.7982 10.8003 10.725 9.19259 8.3866 7.74766 6.59905 6.98847 7.35919 7.37029 7.11711 5.72233 4.33333 2.72851 1.23626 1.15094 0.340083 0.750812 1.30192 2.73012 3.73616 4.14489 4.44022 5.99674 6.40103 6.54666 6.94942 6.41243 6.28181 5.87945 6.00549 5.97437 5.98087 4.85565 5.98658 6.05725 6.79815 7.13358 7.20859 7.22967 7.25124 7.25365 7.25607 7.25015 7.25457 7.24022 7.22433 6.64288 3.81837 2.39906 -9999 -9999 -9999 -9999 -9999 -9999
-9999 -9999 -9999 -9999 9.16337 9.39363 9.53972 9.79695 10.5955 10.8084 10.9494 10.9598 10.7218 10.1127 9.95196 10.0615 9.46665 9.95626 10.6261 10.5997 10.5057 9.15661 8.45523 9.09924 8.87979 7.85687 7.04725 6.24777 4.62392 3.42406 1.71552 0.429987 0.368861 1.75983 2.91471 4.35998 4.99757 4.63352 5.02995 5.80404 6.68487 7.11385 7.01959 6.45375 6.38088 5.75811 6.38116 6.43904 6.15633 5.91213 6.00998 6.37893 6.52141 7.10105 7.24236 7.26759 7.27177 7.27303 7.26863 7.26273 7.25253 7.24303 7.23136 7.20174 4.29842 2.03936 -9999 -9999 -9999 -9999 -9999 -9999
-9999 -9999 -9999 -9999 8.60805 8.74605 9.11864 10.0842 10.5882 10.7902 10.7809 10.874 10.7059 10.171 9.62163 9.10326 8.43347 8.80981 9.81127 10.3963 10.452 9.26739 9.8578 9.61202 9.14362 7.81125 6.82363 6.29036 4.73009 3.38567 2.24286 0.673359 1.3244 2.04535 2.97736 4.55378 5.61902 6.058 5.69147 6.18828 7.20151 7.21271 6.66721 6.70937 6.38088 5.52804 6.42796 6.68487 6.48684 6.54372 6.46738 6.60734 6.85818 7.09744 7.25643 7.27827 7.2803 7.27394 7.27167 7.26953 7.25524 7.25267 7.241 7.22271 5.34753 1.99926 -9999 -9999 -9999 -9999 -9999 -9999
-9999 -9999 -9999 -9999 -9999 8.09713 8.95393 10.2372 10.5528 10.5205 10.784 10.8052 10.5479 10.3245 9.65814 8.74752 6.99821 7.43821 8.35949 9.68874 10.3804 10.2713 9.86103 9.16318 7.49877 6.03895 5.84374 5.58749 4.44322 3.40189 2.13322 2.84231 3.62278 4.48051 4.92883 4.80517 5.71754 6.46329 6.14874 6.75747 7.46822 7.15381 6.97071 6.81829 6.4376 6.42044 6.46691 6.98017 6.63379 6.85411 6.85898 6.851 6.97475 7.11582 7.26296 7.28733 7.28719 7.2883 7.26933 7.27264 7.26121 7.24965 7.23869 7.2226 7.05 5.24507 4.16562 -9999 -9999 -9999 -9999 -9999
-9999 -9999 -9999 -9999 -9999 7.30344 7.72821 9.24883 9.71575 10.3864 10.7417 10.7565 10.3227 10.0798 9.08748 8.76448 7.14634 6.40954 7.02312 6.77602 8.60775 10.2251 9.85149 6.54087 5.32944 4.45918 4.65767 4.63955 4.3067 2.55223 2.05834 3.59106 4.55258 5.29709 5.86206 5.97616 5.95427 7.12093 7.27727 7.65969 7.58202 7.62271 7.04001 6.68201 7.00776 6.64689 6.59007 7.12007 6.60841 7.08006 7.02426 6.88815 6.88417 7.19442 7.25821 7.29153 7.29298 7.2796 7.26208 7.25068 7.25776 7.25001 7.22976 7.22751 7.20778 6.99046 6.05557 5.72766 6.08722 -9999 -9999 -9999
-9999 -9999 -9999 -9999 -9999 -9999 6.30752 8.42263 9.3869 9.89245 10.6063 10.6907 10.4565 10.0391 9.02824 8.13839 6.69141 5.03766 4.15561 6.76102 9.02526 10.1995 10.0253 7.26711 6.1672 6.09819 6.71602 6.15891 5.73188 4.39301 3.98371 3.42297 3.74645 4.78658 5.64034 6.46499 7.06577 7.1151 7.50868 7.73488 7.75769 7.83333 7.76989 7.71948 7.15848 7.55705 7.22972 7.4118 7.30282 7.20436 7.11505 6.79394 7.02683 7.23257 7.28636 7.30266 7.28975 7.28553 7.27494 7.25344 7.24207 7.23785 7.23298 7.21966 7.21675 7.20387 7.09715 6.53413 5.78132 4.83093 -9999 -9999
-9999 -9999 -9999 -9999 -9999 -9999 5.25022 7.35504 8.36734 9.67232 10.3416 10.6089 10.5721 10.2333 9.46465 8.30752 7.34209 5.49629 3.57815 6.31321 8.74456 10.0509 10.1061 7.78359 8.40508 7.87103 8.06095 7.09755 6.68676 6.35227 5.65805 4.90194 4.07438 3.6376 5.56098 6.54747 7.34279 7.71874 7.93313 8.04267 7.98621 7.84582 6.99368 7.6529 7.62467 7.56511 7.49574 7.46452 7.40129 7.32549 7.27695 7.2639 7.05096 7.29763 7.29283 7.2962 7.29664 7.28888 7.27479 7.26183 7.2461 7.24502 7.23242 7.22133 7.21295 7.20739 7.19834 7.1656 7.01486 5.73902 4.97549 4.76307
-9999 -9999 -9999 -9999 -9999 -9999 2.28784 5.3521 7.81259 9.09728 10.137 10.4234 10.5297 10.075 9.73421 8.90375 8.11616 6.90166 5.08332 3.95957 6.00271 8.97746 10.0614 9.95731 9.87228 9.25871 8.70373 8.61855 8.64193 7.99266 7.0605 5.85593 5.4757 5.04877 6.47973 6.66989 6.56209 8.14257 8.14731 8.0601 7.45896 6.78097 6.91431 6.49967 6.82675 6.33185 6.79606 7.19765 7.34997 7.34117 7.28629 7.28289 7.26166 7.30554 7.30553 7.29865 7.29269 7.28855 7.28083 7.26029 7.24747 7.25162 7.23861 7.22711 7.21302 7.20946 7.20399 7.17928 7.15682 6.95931 6.66329 6.103
-9999 -9999 -9999 -9999 -9999 -9999 2.41906 4.99605 7.18132 8.48338 9.74335 10.0342 10.4583 10.3644 10.007 9.2843 8.38122 7.38059 5.81965 4.65633 6.021 7.99043 9.39737 9.8888 9.86547 9.81564 9.66468 9.58764 9.41456 9.27968 8.6121 7.47733 6.83075 5.89108 7.4869 7.66181 7.40811 8.20682 8.16717 6.95945 6.03238 5.92026 6.48534 5.95011 5.86072 5.52787 5.91164 6.93301 6.63907 6.70091 7.15925 7.23816 7.28879 7.30315 7.3005 7.29821 7.2897 7.28971 7.28927 7.26928 7.2588 7.25245 7.23266 7.22968 7.21558 7.20469 7.19129 7.17716 7.15653 7.09918 7.03908 7.1045
-9999 -9999 -9999 -9999 -9999 -9999 2.47346 4.20482 6.17094 8.09214 9.43749 9.97875 10.3723 10.3655 9.94989 9.58868 9.02072 8.13956 7.53226 6.48142 5.04078 7.42999 8.15062 8.79068 9.04888 9.71797 9.68539 9.35587 8.96627 9.29057 9.18168 8.27955 7.97676 7.47382 8.3586 8.35579 8.32784 8.27846 7.25644 5.83715 4.70395 5.52389 5.35659 5.72798 4.57085 5.53034 6.30371 6.55697 6.03544 5.65014 6.84608 7.04745 7.16735 7.24417 7.29441 7.28233 7.29402 7.28598 7.28111 7.27563 7.26353 7.25537 7.24296 7.23031 7.22096 7.2115 7.19615 7.18078 7.17793 7.14248 7.12909 7.12014
-9999 -9999 -9999 -9999 -9999 -9999 -9999 3.18195 5.66439 7.89067 9.12886 9.90655 10.2839 10.2739 10.0594 9.81243 9.45812 8.82051 8.01993 6.7576 5.81719 6.39776 7.10294 7.16768 7.63347 9.01009 9.47066 8.78262 7.09349 8.06638 9.15071 9.12224 9.01934 8.9068 8.76677 8.64127 8.37389 7.66474 5.49749 5.07117 4.22275 4.32157 3.88829 4.83513 4.48345 5.46517 5.89244 6.05557 5.15374 5.34009 6.40616 6.82892 6.76057 7.01973 7.26442 7.27256 7.27924 7.2721 7.27635 7.27701 7.27143 7.26126 7.25163 7.24413 7.22591 7.22607 7.14396 7.09004 6.98233 7.11204 7.12294 7.13083
-9999 -9999 -9999 -9999 -9999 -9999 -9999 2.67361 5.16206 7.78436 8.62397 9.46223 10.1853 10.1959 9.86944 9.55834 9.23736 8.8718 7.9022 6.96072 6.06046 5.75128 5.91986 5.88533 6.6485 8.44743 8.78486 8.62181 6.86261 6.26227 7.71579 8.93665 9.02486 8.90584 7.45144 7.7552 6.97052 5.90878 5.61621 5.1525 4.17334 4.64667 3.93084 4.24099 4.15318 4.71142 4.98501 5.64821 4.86222 4.86022 5.90681 6.43511 6.44975 7.00318 7.20071 7.25249 7.2653 7.27415 7.27585 7.28372 7.2777 7.26858 7.25677 7.22931 7.16533 6.97428 5.92463 5.92453 6.2107 6.48141 6.9799 7.11589
-9999 -9999 -9999 -9999 -9999 -9999 -9999 2.96096 4.68646 7.01269 8.73494 8.83968 9.67508 10.1043 9.74939 9.34984 8.94057 8.75803 7.7034 6.54472 5.60615 4.49584 4.66679 5.446 6.71768 7.87598 8.07287 7.81855 6.86737 7.29701 8.2857 8.80691 8.95523 8.82517 8.50395 8.31708 7.7383 7.48661 6.68622 5.4364 4.94463 5.25725 3.93227 4.02671 4.51913 3.99177 4.85315 5.26652 4.25049 5.05431 5.97928 6.45286 6.86672 7.06295 7.14138 7.26097 7.26408 7.27382 7.27878 7.27637 7.27551 7.25526 7.23823 7.12584 6.96052 5.98229 5.57764 5.65605 6.1062 6.50016 6.91633 7.08366
-9999 -9999 -9999 -9999 -9999 -9999 -9999 3.25487 4.80798 6.82435 8.051 8.26721 9.19379 10.0171 9.92019 9.50443 9.37391 8.94206 8.04663 7.05751 5.97627 5.44556 4.2365 5.40658 6.31976 7.29959 7.75177 6.96659 6.57155 7.24272 7.9106 8.17264 8.84898 8.83598 8.60763 7.64234 7.17038 7.36594 7.16306 6.80976 5.94963 5.91178 5.36024 5.13266 4.918 4.20828 4.65821 4.70503 4.82939 5.79372 6.27601 6.59614 6.88709 6.96412 7.09069 7.25441 7.26883 7.27448 7.2733 7.27572 7.26292 7.21551 7.17529 6.95032 6.55285 5.81216 4.61659 5.45979 6.34154 6.60252 6.86268 6.99391
-9999 -9999 -9999 -9999 -9999 -9999 -9999 2.9888 4.63894 6.36159 7.07945 7.19791 8.87794 9.90483 9.90194 9.70211 9.4691 8.4111 8.46617 8.24841 7.27244 5.85379 4.29591 4.43104 5.33961 6.63096 7.05323 5.76829 5.31109 5.63105 6.64621 7.55477 8.5046 8.74148 8.4555 6.95549 5.36261 6.09722 6.88312 6.87769 6.64615 5.84865 5.59592 5.36753 4.78673 3.803 3.93916 4.215 5.31123 5.66195 6.2023 6.65109 6.48386 6.58347 7.01187 7.25765 7.26699 7.27119 7.27886 7.27261 7.25716 7.16366 7.06457 6.89887 5.8645 5.22072 4.28433 5.37451 5.97496 6.29847 6.86961 7.00412
-9999 -9999 -9999 -9999 -9999 -9999 -9999 2.47617 3.67254 5.31888 5.97992 7.03675 8.62405 9.40237 9.77284 9.75944 9.60222 9.12508 8.83519 8.26979 7.25495 5.86956 4.32991 3.32381 3.82001 5.5605 5.96883 4.78076 4.17758 4.90849 5.99132 7.59929 8.51556 8.63428 8.54572 8.23304 7.06916 5.66446 5.66731 6.36927 5.78025 5.09628 5.47271 5.40376 4.83007 4.41321 4.14953 4.31176 4.93303 5.19488 5.81876 6.73834 6.87119 6.8462 7.23338 7.25314 7.26229 7.27672 7.27585 7.27167 7.25923 7.18277 7.01258 6.32368 5.72266 4.88696 4.78221 5.75283 6.17338 6.57095 6.8499 6.93926
-9999 -9999 -9999 -9999 -9999 -9999 -9999 1.59419 3.00256 4.54459 5.98816 7.35361 8.52808 8.61465 9.23153 9.22555 9.54566 9.4462 9.00283 8.52549 7.65003 5.87289 4.37658 2.74503 3.16247 4.94536 5.15391 4.362 2.90726 4.3915 6.02978 7.51451 8.31565 7.67668 8.32065 8.26316 7.82493 6.98761 5.68789 5.71111 4.73781 4.69526 5.19494 5.35764 5.27531 4.96263 4.46281 4.54171 4.91635 5.01566 5.58922 6.30304 7.00064 7.11875 7.25235 7.25855 7.26089 7.27163 7.27262 7.25746 7.22096 7.14095 6.56325 5.87631 5.45246 4.8696 4.79736 5.91185 6.35866 6.60969 6.85027 6.94379
-9999 -9999 -9999 -9999 -9999 -9999 -9999 -9999 2.85798 4.45128 5.62919 5.94336 6.98687 7.54814 7.98113 8.07296 9.31658 9.37925 9.09565 8.65653 7.90863 6.55798 5.61371 4.0483 2.91997 3.36633 3.55377 3.95529 3.82509 4.48233 6.05637 7.69729 7.87057 6.81783 6.96793 7.18283 7.67039 7.41864 5.64839 4.74865 4.00215 4.53161 5.08906 5.22449 5.25237 5.14598 5.02363 4.7935 5.54138 6.09526 6.22526 6.708 7.0646 7.16389 7.23867 7.24837 7.25789 7.25794 7.23687 7.22119 7.13114 6.9303 6.28409 4.73181 4.80249 4.63292 4.14861 5.23599 5.93218 6.54534 6.86995 6.95188
-9999 -9999 -9999 -9999 -9999 -9999 -9999 -9999 2.32677 4.17102 4.55755 4.52461 3.90864 4.18593 6.44948 6.90106 8.09351 9.22174 9.13157 8.70051 8.00011 7.19201 5.94514 4.1856 2.78505 2.1804 3.66342 5.11406 5.40822 5.8686 6.82993 7.0068 5.93018 4.92096 5.47937 5.81454 7.10414 7.33745 7.08416 6.01746 4.79859 4.16252 4.91339 5.01436 5.06038 5.07052 5.04897 5.01193 5.84551 6.31307 6.63796 6.81565 7.12225 7.20168 7.22771 7.2519 7.24669 7.23089 7.1823 7.12676 6.88459 6.59137 5.53356 4.65118 4.10011 3.40103 4.96971 5.43209 6.08104 6.5004 6.82311 6.89173
