Test_Spring_2018/02_18/Temp/20180210_003.txt
ncols	170
nrows	115
xllcorner	350000.000000
yllcorner	4445000.000000
cellsize	1000.000000
nodata_value	-9999.000000
[rows 32 to 63 of 115, columns 71 to 141 of 170]
7.7824 7.76401 7.40184 7.97454 8.5024 8.19891 8.0009 8.86967 8.87507 8.5873 7.90406 7.65643 7.3993 7.24341 6.3648 3.89158 1.66237 2.8633 2.89591 2.07267 3.56099 2.78158 0.741286 -2.14073 -0.566778 -0.970192 -3.00152 -3.49666 -9999 -9999 -9999 -9999 -9999 -9999 -9999 -9999 -9999 -9999 -9999 -9999 -9999 -9999 -9999 -9999 -9999 -9999 -9999 -9999 -9999 -9999 -9999 -9999 -9999 -9999 -9999 -9999 -9999 -9999 -9999 -9999 -9999 -9999 -9999 -9999 -9999 -9999 -9999 -9999 -9999 -9999 -9999
7.46726 7.27988 7.12714 7.97574 7.96338 7.92125 8.24371 8.78718 8.89894 8.78997 8.49488 8.23995 7.9683 7.27145 6.26579 4.14983 1.61191 1.03959 2.28808 2.35211 2.55649 1.84657 0.953823 -0.445309 0.709175 1.16056 -0.176024 -1.92079 -3.03995 -9999 -9999 -9999 -9999 -9999 -9999 -9999 -9999 -9999 -9999 -9999 -9999 -9999 -9999 -9999 -9999 -9999 -9999 -9999 -9999 -9999 -9999 -9999 -9999 -9999 -9999 -9999 -9999 -9999 -9999 -9999 -9999 -9999 -9999 -9999 -9999 -9999 -9999 -9999 -9999 -9999 -9999
6.98722 6.70083 5.88783 6.40131 6.7883 7.51289 7.7125 7.82406 8.83557 8.78769 8.74632 8.32184 7.98321 7.41874 6.45109 5.07136 3.40915 0.511675 2.30524 3.71066 3.6792 3.60699 2.98292 1.63893 2.77216 2.83004 1.12477 -0.81088 -1.95692 -2.42828 -9999 -9999 -9999 -9999 -9999 -9999 -9999 -9999 -9999 -9999 -9999 -9999 -9999 -9999 -9999 -9999 -9999 -9999 -9999 -9999 -9999 -9999 -9999 -9999 -9999 -9999 -9999 -9999 -9999 -9999 -9999 -9999 -9999 -9999 -9999 -9999 -9999 -9999 -9999 -9999 -9999
6.31697 6.04139 5.04724 5.56388 6.2517 7.22853 7.74084 8.132 8.43849 8.75082 8.7199 8.28541 6.99185 6.81118 6.75959 5.85873 3.9631 2.06992 1.58264 3.72429 4.34041 4.22023 4.7021 3.56431 4.10908 3.89264 3.29415 1.42855 -0.274996 -0.979931 -2.37771 -9999 -9999 -9999 -9999 -9999 -9999 -9999 -9999 -9999 -9999 -9999 -9999 -9999 -9999 -9999 -9999 -9999 -9999 -9999 -9999 -9999 -9999 -9999 -9999 -9999 -9999 -9999 -9999 -9999 -9999 -9999 -9999 -9999 -9999 -9999 -9999 -9999 -9999 -9999 -9999
-9999 -9999 -9999 4.43074 5.37319 6.15204 7.10393 7.92792 8.34104 8.74235 8.71598 7.84246 7.41764 7.38489 6.79631 5.75562 5.10398 3.91354 2.67303 3.15273 4.97971 4.17337 5.46923 5.36464 5.60676 4.7485 3.13045 0.954014 -0.308662 -0.938664 -2.0703 -9999 -9999 -9999 -9999 -9999 -9999 -9999 -9999 -9999 -9999 -9999 -9999 -9999 -9999 -9999 -9999 -9999 -9999 -9999 -9999 -9999 -9999 -9999 -9999 -9999 -9999 -9999 -9999 -9999 -9999 -9999 -9999 -9999 -9999 -9999 -9999 -9999 -9999 -9999 -9999
-9999 -9999 -9999 -9999 5.20958 5.80539 7.07074 7.73699 8.00737 8.65137 8.65846 8.33096 8.08475 7.72487 7.25307 6.47199 5.60962 4.49016 4.3903 5.56038 5.57902 5.3398 5.53575 6.13947 5.98642 4.66002 2.36771 1.15449 -1.30747 -2.36303 -2.24935 -2.99628 -9999 -9999 -9999 -9999 -9999 -9999 -9999 -9999 -9999 -9999 -9999 -9999 -0.0677204 -9999 -9999 -9999 -9999 -9999 -9999 -9999 -9999 -9999 -9999 -9999 -9999 -9999 -9999 -9999 -9999 -9999 -9999 -9999 -9999 -4.51438 -9999 -9999 -9999 -9999 -9999
-9999 -9999 -9999 5.08929 5.89058 6.50942 7.3054 7.39247 7.87414 8.61399 8.63055 8.39999 8.13839 7.54341 7.39936 6.95657 6.01981 5.83136 6.21676 6.39649 6.59978 6.72675 6.63183 6.39399 6.08544 5.24059 4.17663 3.46451 1.20985 0.0783039 -1.01105 -2.6627 -3.95384 -9999 -9999 -9999 -9999 -9999 -9999 -9999 -0.937591 -0.995809 -0.963053 -0.596264 0.410443 -0.1755 -9999 -9999 -9999 -9999 -9999 -9999 -9999 -9999 -9999 -9999 -9999 -9999 -9999 -9999 -9999 -9999 -9999 -9999 -9999 -3.60111 -4.90336 -9999 -9999 -9999 -9999
-9999 -9999 -9999 5.31665 6.1508 6.57117 7.34495 7.7908 8.09384 8.35464 8.6038 8.56867 8.27868 7.83439 7.84182 7.22707 6.89733 6.66292 7.18265 7.28857 7.08572 6.83049 6.60558 5.96133 5.89146 5.6963 5.02339 3.9151 2.77292 1.12926 -1.11429 -3.31458 -5.08851 -9999 -9999 -9999 -9999 -9999 -9999 -0.744793 0.0918499 0.59431 -0.464045 0.44608 1.27834 1.14941 0.35531 -9999 -9999 -9999 -9999 -9999 -9999 -9999 -9999 -9999 -9999 -9999 -9999 -9999 -9999 2.58242 1.24717 -1.45256 -2.8352 -3.66374 -4.84768 -9999 -9999 -9999 -9999
-9999 -9999 -9999 5.15755 6.14199 6.81161 7.40696 7.5089 8.12482 8.39634 8.53324 8.52371 8.47054 8.39266 7.85688 7.62861 6.81588 7.60089 7.57501 7.38111 6.60237 6.2674 4.92812 4.34179 4.22504 5.36142 4.53247 2.79491 0.621224 -1.98495 -2.14862 -3.00955 -4.59421 -9999 -9999 -9999 -9999 -9999 -9999 -0.477562 0.416872 1.16387 1.27522 0.223151 1.69928 1.65179 0.831193 0.647801 1.32716 1.67351 1.42696 2.23742 2.47717 2.11662 2.51924 -9999 -9999 -9999 -9999 2.77076 2.82719 2.87028 2.31517 -0.634528 -2.64838 -4.45654 -4.61869 -9999 -9999 -9999 -9999
-9999 -9999 -9999 5.83846 6.44812 6.76083 6.81882 7.35447 7.89483 8.22811 8.47204 8.43029 8.41633 8.40063 8.22012 7.79467 7.87554 7.84425 7.59717 6.11067 4.37527 5.13764 4.10959 1.90993 3.71609 4.70926 3.76954 1.66305 -0.780555 -1.56886 -1.5283 -2.72762 -4.27157 -9999 -9999 -9999 -2.91437 -1.63435 -1.51986 -1.14042 0.0513656 0.958604 1.64222 2.10928 2.10226 1.61717 0.814529 -0.0580289 0.258029 1.83806 2.22637 2.55823 2.80662 2.47219 2.65231 3.07689 3.29765 3.3446 3.24802 3.22774 3.26441 3.21624 2.69826 0.0600075 -1.44905 -2.41098 -4.34469 -9999 -9999 -9999 -9999
-9999 -9999 -9999 5.46708 5.99863 6.43102 7.14352 7.22675 7.68025 7.95714 8.35784 8.40809 7.95408 8.33844 8.29354 8.22625 8.079 7.86152 6.60684 4.87648 3.14216 2.34393 2.69509 1.37103 2.0637 3.07016 2.71345 1.42713 -0.748813 -1.04917 -1.54397 -3.56482 -5.51065 -9999 -9999 -5.38461 -2.93174 -1.20386 -0.311216 -0.0327674 -0.00358809 1.1385 1.2306 2.46009 2.17988 0.561904 0.747814 0.119684 0.532465 1.11529 1.27791 2.11681 2.92018 3.07479 3.08172 3.35325 3.41141 3.42838 3.42394 3.24436 3.32975 3.34455 3.02228 1.11114 0.180275 -0.842789 -4.31136 -9999 -9999 -9999 -9999
-9999 -9999 -9999 5.74151 6.33508 6.98437 7.09723 7.58049 7.54023 7.41835 8.08682 8.33592 8.01695 7.78812 8.22226 8.19587 8.1418 8.05059 6.87147 5.50671 3.43936 2.15667 1.37838 0.825232 0.0915684 0.612032 0.46237 0.259478 0.509285 -0.0814909 -1.2664 -2.44664 -4.66184 -5.8578 -9999 -5.2432 -4.13418 -2.08001 -0.334204 0.774802 0.379438 1.67753 1.92029 2.67372 2.23791 1.2571 0.837907 0.80399 0.678601 1.55544 2.14652 2.56822 2.84884 3.19712 3.28824 3.37957 3.41935 3.4421 3.46485 3.46262 3.45778 3.42098 3.30097 2.4232 1.49633 -0.513674 -4.1893 -9999 -9999 -9999 -9999
-9999 -9999 4.02912 5.67966 6.66949 7.05866 7.34218 7.59303 7.77688 7.97304 8.15201 8.27682 8.23227 7.37801 7.45188 7.60937 8.09955 8.06735 7.96312 7.21815 4.70172 3.83772 2.57264 0.930746 0.251847 0.60361 1.96242 1.91027 1.02395 0.0352178 -1.33063 -2.19892 -3.55476 -6.16426 -5.92414 -4.74197 -3.86181 -2.46481 -0.33166 1.16416 1.83274 2.08655 2.61624 2.89187 2.29381 1.72541 1.48829 1.04621 0.987468 0.995205 1.5269 1.94541 2.86494 3.17656 3.32044 3.3956 3.4373 3.46816 3.49829 3.51008 3.49449 3.49726 3.49186 3.43088 2.1934 -0.906302 -3.24056 -9999 -9999 -9999 -9999
-9999 -9999 -9999 5.38252 5.82356 5.94636 6.15376 6.56781 7.04333 7.71649 7.80909 8.17965 8.1838 7.44868 6.59764 7.34512 7.64339 7.9523 7.96391 7.87034 5.75906 4.65616 3.78963 2.21575 2.79576 3.34513 3.39454 3.07639 1.16695 -0.73474 -2.92496 -4.97541 -5.06716 -6.16759 -5.5768 -4.79446 -2.79328 -1.38449 -0.811926 -0.400354 1.76734 2.33433 2.53048 3.08756 2.33444 2.14725 1.58286 1.75587 1.71054 1.7184 0.14913 1.73556 1.8331 2.86583 3.33245 3.44035 3.47207 3.50533 3.51273 3.52091 3.51818 3.53042 3.51792 3.5026 2.69899 -1.23193 -3.20479 -9999 -9999 -9999 -9999
-9999 -9999 -9999 -9999 -9999 5.54571 5.88492 6.10583 6.48045 7.61129 7.92024 8.12719 8.15006 7.82493 6.98283 6.76294 6.92043 6.09714 6.7907 7.73956 7.72011 7.6104 5.75458 4.81152 5.74118 5.46906 4.07826 2.98579 1.90781 -0.319815 -1.94454 -4.29536 -6.05945 -6.12015 -4.16062 -2.53273 -0.507838 0.38695 -0.11837 0.433557 1.51222 2.73641 3.32971 3.1931 2.39904 2.29166 1.41934 2.28474 2.363 1.96725 1.62597 1.77127 2.28439 2.48257 3.29115 3.4895 3.52709 3.53611 3.54195 3.5407 3.53807 3.53052 3.52405 3.51484 3.4807 -0.560013 -3.7035 -9999 -9999 -9999 -9999
-9999 -9999 -9999 -9999 -9999 4.77596 4.98679 5.52369 6.88602 7.60618 7.89999 7.89712 8.03522 7.80733 7.06666 6.30549 5.58716 4.66028 5.19482 6.60464 7.43792 7.53718 5.91121 6.76968 6.45954 5.84117 4.01979 2.68006 1.97414 -0.163941 -1.98968 -3.55108 -5.71049 -4.77786 -3.75217 -2.43707 -0.228044 1.26277 1.87644 1.36573 2.05568 3.46403 3.4744 2.70821 2.76138 2.29716 1.10369 2.35474 2.71018 2.43221 2.51048 2.41243 2.60611 2.95525 3.28916 3.51215 3.54489 3.55099 3.54623 3.54798 3.55083 3.53727 3.54049 3.53127 3.51295 0.905671 -3.75631 -9999 -9999 -9999 -9999
-9999 -9999 -9999 -9999 -9999 -9999 4.08679 5.29876 7.10396 7.56138 7.52845 7.90593 7.94368 7.59125 7.28499 6.36027 5.09522 2.66293 3.28623 4.5843 6.45524 7.44136 7.31493 6.77846 5.83828 3.55265 1.55383 1.31911 0.999634 -0.558234 -1.96132 -3.69807 -2.68058 -1.56743 -0.35103 0.28969 0.127933 1.40579 2.44773 2.00862 2.8545 3.84104 3.39733 3.13628 2.91803 2.38089 2.35238 2.41342 3.12613 2.64123 2.94729 2.96228 2.94965 3.12157 3.31859 3.52506 3.56135 3.56442 3.5701 3.54862 3.55895 3.54932 3.53992 3.53162 3.51626 3.28265 0.772361 -0.726145 -9999 -9999 -9999
-9999 -9999 -9999 -9999 -9999 -9999 2.98497 3.59437 5.73032 6.39858 7.34566 7.85112 7.87979 7.28149 6.94971 5.5703 5.12442 2.87474 1.85839 2.72754 2.40073 4.97623 7.25672 6.77112 2.18788 0.533413 -0.643859 -0.330134 -0.31809 -0.745187 -3.14287 -3.79986 -1.63447 -0.269256 0.789042 1.59224 1.76233 1.73756 3.36598 3.5845 4.1151 4.00266 4.05427 3.23631 2.73162 3.17957 2.67198 2.58912 3.32524 2.60997 3.26647 3.19704 3.00584 2.99974 3.4327 3.52302 3.57182 3.57721 3.56265 3.54313 3.53286 3.5489 3.54464 3.52322 3.52697 3.50635 3.20939 1.91234 1.46131 1.96851 -9999
-9999 -9999 -9999 -9999 -9999 -9999 -9999 1.61797 4.58239 5.94393 6.66069 7.66598 7.79202 7.47802 6.89983 5.49445 4.25876 2.24815 -0.0481593 -1.26147 2.38859 5.5668 7.22898 7.02089 3.20705 1.70713 1.64594 2.54322 1.80267 1.2431 -0.575863 -1.11591 -1.87009 -1.39513 0.0787945 1.28185 2.44162 3.28518 3.35616 3.9039 4.22032 4.24851 4.3494 4.25592 4.18057 3.39265 3.94425 3.48453 3.73584 3.58218 3.44402 3.32834 2.87939 3.2037 3.49108 3.56755 3.59297 3.57815 3.57631 3.56634 3.54177 3.53195 3.53238 3.53214 3.52023 3.52281 3.51069 3.36814 2.58925 1.54553 0.226136
-9999 -9999 -9999 -9999 -9999 -9999 -9999 0.148123 3.0977 4.52603 6.35723 7.30444 7.69195 7.64557 7.1778 6.11081 4.50318 3.16456 0.600924 -2.06064 1.77063 5.18565 7.03125 7.13573 3.93456 4.83322 4.12217 4.42126 3.11261 2.574 2.1543 1.21562 0.187829 -0.936396 -1.52987 1.16573 2.55115 3.66619 4.19306 4.4917 4.64181 4.56636 4.36688 3.17457 4.0893 4.04484 3.95828 3.85869 3.81301 3.72347 3.61716 3.55908 3.53988 3.24284 3.58841 3.58297 3.58996 3.59376 3.5869 3.57191 3.55904 3.54272 3.54531 3.53604 3.52693 3.52165 3.51947 3.51293 3.47322 3.26883 1.49568
-9999 -9999 -9999 -9999 -9999 -9999 -9999 -3.97783 0.308842 3.76188 5.56399 7.03346 7.43956 7.59347 6.96492 6.49541 5.34408 4.2541 2.5711 0.0488858 -1.50195 1.36907 5.53953 7.08259 6.9731 6.88502 6.06125 5.31985 5.2336 5.29827 4.43846 3.17637 1.5207 1.00821 0.430178 2.43887 2.71401 2.57026 4.77711 4.78434 4.66119 3.81997 2.88093 3.06321 2.48231 2.93408 2.24127 2.88619 3.44443 3.65582 3.64325 3.57728 3.57378 3.54385 3.60539 3.60691 3.59968 3.59453 3.59263 3.58635 3.56268 3.55014 3.56151 3.5466 3.53614 3.52591 3.52627 3.52452 3.49586 3.47024 3.20044
-9999 -9999 -9999 -9999 -9999 -9999 -9999 -3.78453 -0.173618 2.88538 4.7253 6.49052 6.9034 7.50135 7.37673 6.885 5.88483 4.63456 3.25023 1.08708 -0.519072 1.40211 4.17429 6.16079 6.88093 6.88178 6.84195 6.66171 6.59477 6.38349 6.24019 5.33447 3.77161 2.88954 1.59585 3.83396 4.08781 3.74099 4.85858 4.80487 3.12066 1.82632 1.66724 2.46441 1.71531 1.58702 1.12244 1.65587 3.07876 2.67119 2.75713 3.40785 3.51709 3.58724 3.60818 3.60618 3.60542 3.59669 3.60046 3.60414 3.581 3.57144 3.56787 3.54571 3.54395 3.52972 3.51939 3.51048 3.49644 3.47326 3.39882
-9999 -9999 -9999 -9999 -9999 -9999 -9999 -3.70486 -1.27272 1.48043 4.18554 6.07022 6.83291 7.38901 7.3868 6.81486 6.31951 5.53718 4.31987 3.48645 2.03693 0.0463916 3.39788 4.43218 5.35813 5.75342 6.71563 6.7 6.2702 5.77409 6.25157 6.12014 4.88305 4.47913 3.79349 5.03983 5.04584 5.01409 4.94994 3.52757 1.54957 -0.0308854 1.11084 0.875689 1.40563 -0.210314 1.12941 2.20614 2.55817 1.83316 1.29612 2.97639 3.25601 3.42365 3.5319 3.60379 3.58943 3.60884 3.60127 3.59859 3.59543 3.58335 3.57698 3.56483 3.55246 3.54107 3.53256 3.51649 3.49717 3.49876 3.45972
-9999 -9999 -9999 -9999 -9999 -9999 -9999 -9999 -2.69464 0.79738 3.91171 5.64749 6.74047 7.27483 7.26898 6.97836 6.64323 6.15959 5.28254 4.18016 2.43612 1.14312 1.9729 2.98684 3.11035 3.78614 5.73264 6.40231 5.4704 3.16184 4.54001 6.07348 6.05344 5.92736 5.78539 5.59985 5.43475 5.06948 4.0861 1.06796 0.47859 -0.703548 -0.565927 -1.17069 0.164782 -0.327538 1.04015 1.63504 1.86197 0.604571 0.879933 2.36451 2.95405 2.85951 3.22223 3.5677 3.58158 3.59396 3.58755 3.59741 3.6026 3.59937 3.58731 3.57864 3.57307 3.54826 3.55304 3.44376 3.37393 3.22922 3.41564
-9999 -9999 -9999 -9999 -9999 -9999 -9999 -9999 -3.37779 0.103016 3.76961 4.95003 6.128 7.14498 7.16866 6.72279 6.29893 5.86233 5.36492 4.02696 2.73001 1.49242 1.08082 1.33713 1.33013 2.41871 4.95203 5.44797 5.24594 2.83676 2.02148 4.06813 5.78861 5.92796 5.77626 3.76062 4.19402 3.10788 1.63357 1.22996 0.586348 -0.777026 -0.116151 -1.11378 -0.681291 -0.787061 -0.00910485 0.372115 1.29676 0.201268 0.215063 1.67273 2.40968 2.43105 3.20417 3.48163 3.5564 3.57729 3.59306 3.59918 3.61416 3.61001 3.60172 3.58985 3.5563 3.47196 3.20575 1.74692 1.75206 2.15643 2.53934
-9999 -9999 -9999 -9999 -9999 -9999 -9999 -9999 -2.97097 -0.554027 2.69984 5.1111 5.26682 6.44105 7.04906 6.56404 6.01743 5.4582 5.21621 3.75974 2.15973 0.868231 -0.6611 -0.402541 0.70544 2.52067 4.1591 4.45732 4.12625 2.84254 3.4617 4.85893 5.60282 5.82506 5.65735 5.22123 4.97056 4.17169 3.82721 2.71627 0.977468 0.294524 0.732283 -1.11369 -0.981059 -0.293747 -1.01073 0.190487 0.767228 -0.648643 0.488044 1.77777 2.43863 3.01674 3.29195 3.40341 3.57271 3.58001 3.59691 3.60746 3.60798 3.61089 3.58695 3.56767 3.4156 3.18988 1.83092 1.26607 1.38064 2.01359 2.56828
-9999 -9999 -9999 -9999 -9999 -9999 -9999 -9999 -2.55505 -0.378619 2.44323 4.1637 4.47515 5.7769 6.93477 6.80999 6.24124 6.07097 5.48159 4.24708 2.88326 1.39241 0.670507 -0.995833 0.656025 1.9711 3.35928 4.01194 2.96087 2.43 3.38463 4.33343 4.71501 5.67266 5.66761 5.36066 4.02465 3.37487 3.65431 3.37695 2.88874 1.69296 1.64285 0.875969 0.560346 0.262486 -0.70697 -0.0790415 -0.0130317 0.160549 1.52229 2.19504 2.64211 3.04897 3.15803 3.3366 3.56738 3.5904 3.60151 3.6034 3.61057 3.59673 3.53486 3.48317 3.17409 2.62464 1.59682 -0.0711304 1.10971 2.34438 2.71398
-9999 -9999 -9999 -9999 -9999 -9999 -9999 -9999 -2.92001 -0.608494 1.8038 2.81498 2.99032 5.34281 6.78483 6.79148 6.52409 6.21115 4.74893 4.8396 4.55104 3.20661 1.24623 -0.907103 -0.69901 0.59665 2.43088 3.04069 1.29199 0.673378 1.13735 2.56945 3.85164 5.18998 5.53288 5.14533 3.06374 0.851285 1.88253 2.98412 2.9814 2.66255 1.5539 1.20418 0.887961 0.0800976 -1.2888 -1.07917 -0.69367 0.852524 1.3416 2.09539 2.72192 2.49 2.63054 3.2299 3.57505 3.59091 3.59994 3.6141 3.60912 3.59155 3.46538 3.33161 3.10513 1.66774 0.775039 -0.526189 0.993322 1.83584 2.28659
-9999 -9999 -9999 -9999 -9999 -9999 -9999 -9999 -3.62899 -1.95034 0.355454 1.28739 2.77107 4.9944 6.09005 6.61743 6.61014 6.40301 5.75069 5.36041 4.58706 3.18821 1.27386 -0.854521 -2.23809 -1.52641 0.942284 1.53364 -0.08247 -0.905365 0.130857 1.65668 3.91345 5.20457 5.38241 5.26991 4.84363 3.22935 1.27812 1.28823 2.27207 1.45518 0.505175 1.033 0.9394 0.141749 -0.437475 -0.783347 -0.556977 0.327854 0.693056 1.56332 2.84621 3.03264 2.99941 3.54123 3.57119 3.58672 3.60996 3.61219 3.61007 3.59671 3.49431 3.26145 2.30559 1.47241 0.312193 0.171193 1.5231 2.11542 2.66894
-9999 -9999 -9999 -9999 -9999 -9999 -9999 -9999 -4.85326 -2.87929 -0.719108 1.30372 3.21763 4.86538 4.99661 5.8676 5.87072 6.32915 6.20343 5.59916 4.94854 3.74392 1.28322 -0.784956 -3.04082 -2.43927 0.0744665 0.422402 -0.663386 -2.67393 -0.587801 1.71208 3.79673 4.92707 4.04835 4.95701 4.88645 4.28387 3.12377 1.31794 1.35562 0.00313977 -0.0524203 0.647395 0.876899 0.764409 0.330486 -0.363153 -0.233695 0.306989 0.44551 1.24553 2.24144 3.21512 3.3813 3.56947 3.58043 3.58642 3.60446 3.60927 3.59187 3.54501 3.43774 2.63684 1.68381 1.09778 0.290185 0.194609 1.75308 2.37615 2.72541
-9999 -9999 -9999 -9999 -9999 -9999 -9999 -9999 -9999 -3.07617 -0.844755 0.807477 1.25552 2.72055 3.51351 4.12805 4.2675 6.01348 6.1138 5.7323 5.13499 4.10825 2.24218 0.943669 -1.21997 -2.77356 -2.12011 -1.80495 -1.22691 -1.39083 -0.457773 1.75247 4.05479 4.30971 2.85403 3.07408 3.38324 4.07136 3.72763 1.26578 0.0166443 -1.01966 -0.277751 0.502562 0.693982 0.735061 0.588643 0.421397 0.138206 1.18057 1.95267 2.13408 2.80764 3.3057 3.44547 3.55149 3.56721 3.58311 3.58625 3.56032 3.54226 3.42085 3.14526 2.24899 0.089697 0.19331 -0.0379013 -0.707809 0.814068 1.77717 2.63815
-9999 -9999 -9999 -9999 -9999 -9999 -9999 -9999 -9999 -3.81259 -1.2316 -0.683 -0.719187 -1.56808 -1.17128 1.99523 2.63611 4.31065 5.89657 5.7848 5.19884 4.23847 3.12906 1.40892 -1.02509 -2.9579 -3.75726 -1.66404 0.392812 0.820803 1.47964 2.83584 3.09715 1.60956 0.21461 1.00395 1.48076 3.287 3.61943 3.27236 1.79026 0.0951757 -0.788131 0.261594 0.404721 0.470809 0.486566 0.458309 0.425437 1.60657 2.25801 2.71085 2.95879 3.38688 3.49871 3.53657 3.57235 3.56765 3.54866 3.48441 3.4109 3.07756 2.67339 1.20349 -0.0215771 -0.784561 -1.75378 0.438819 1.08966 1.99357 2.57803
