Test_Spring_2018/02_18/Temp/20180214_015.txt
ncols	170
nrows	115
xllcorner	350000.000000
yllcorner	4445000.000000
cellsize	1000.000000
nodata_value	-9999.000000
[rows 32 to 63 of 115, columns 72 to 143 of 170]
8.1153 7.79311 8.3008 8.76837 8.47517 8.28512 9.04443 9.04806 8.7917 8.18452 7.96467 7.73683 7.59929 6.82025 4.62527 2.64719 3.7156 3.74642 3.01707 4.34052 3.64979 1.83901 -0.719547 0.679132 0.321493 -1.49439 -1.93481 -9999 -9999 -9999 -9999 -9999 -9999 -9999 -9999 -9999 -9999 -9999 -9999 -9999 -9999 -9999 -9999 -9999 -9999 -9999 -9999 -9999 -9999 -9999 -9999 -9999 -9999 -9999 -9999 -9999 -9999 -9999 -9999 -9999 -9999 -9999 -9999 -9999 -9999 -9999 -9999 -9999 -9999 -9999 -9999 -9999
7.67906 7.54296 8.29581 8.28374 8.23366 8.49446 8.96503 9.06322 8.96571 8.7033 8.47697 8.23619 7.61816 6.7262 4.84842 2.59608 2.08954 3.20013 3.25872 3.44185 2.81282 2.0212 0.779658 1.80584 2.20741 1.01991 -0.541986 -1.54768 -9999 -9999 -9999 -9999 -9999 -9999 -9999 -9999 -9999 -9999 -9999 -9999 -9999 -9999 -9999 -9999 -9999 -9999 -9999 -9999 -9999 -9999 -9999 -9999 -9999 -9999 -9999 -9999 -9999 -9999 -9999 -9999 -9999 -9999 -9999 -9999 -9999 -9999 -9999 -9999 -9999 -9999 -9999 -9999
7.15881 6.43634 6.89158 7.23418 7.8524 8.00573 8.10348 9.00075 8.95747 8.92035 8.54338 8.24306 7.74256 6.8843 5.66034 4.18569 1.6141 3.20876 4.45866 4.43234 4.36967 3.81669 2.62412 3.63141 3.68349 2.16636 0.423233 -0.592686 -1.00924 -9999 -9999 -9999 -9999 -9999 -9999 -9999 -9999 -9999 -9999 -9999 -9999 -9999 -9999 -9999 -9999 -9999 -9999 -9999 -9999 -9999 -9999 -9999 -9999 -9999 -9999 -9999 -9999 -9999 -9999 -9999 -9999 -9999 -9999 -9999 -9999 -9999 -9999 -9999 -9999 -9999 -9999 -9999
6.56749 5.68405 6.14199 6.75165 7.60343 8.03756 8.37079 8.64176 8.91827 8.89033 8.50437 7.35589 7.19618 7.15148 6.3528 4.67087 2.99124 2.56028 4.46409 5.01293 4.90768 5.3369 4.32744 4.81206 4.62042 4.08694 2.41812 0.89404 0.269877 -0.969397 -9999 -9999 -9999 -9999 -9999 -9999 -9999 -9999 -9999 -9999 -9999 -9999 -9999 -9999 -9999 -9999 -9999 -9999 -9999 -9999 -9999 -9999 -9999 -9999 -9999 -9999 -9999 -9999 -9999 -9999 -9999 -9999 -9999 -9999 -9999 -9999 -9999 -9999 -9999 -9999 -9999 -9999
-9999 -9999 5.12992 5.95159 6.63207 7.4661 8.18334 8.54877 8.90408 8.87998 8.10398 7.72696 7.69858 7.17696 6.25414 5.6771 4.62169 3.52186 3.94975 5.57405 4.85944 6.01159 5.91969 6.13542 5.37363 3.92192 1.98993 0.856964 0.299089 -0.704086 -9999 -9999 -9999 -9999 -9999 -9999 -9999 -9999 -9999 -9999 -9999 -9999 -9999 -9999 -9999 -9999 -9999 -9999 -9999 -9999 -9999 -9999 -9999 -9999 -9999 -9999 -9999 -9999 -9999 -9999 -9999 -9999 -9999 -9999 -9999 -9999 -9999 -9999 -9999 -9999 -9999 -9999
-9999 -9999 -9999 5.80046 6.31836 7.43942 8.00756 8.24585 8.81638 8.82175 8.53051 8.312 7.99306 7.57519 6.88303 6.11897 5.12675 5.04012 6.0813 6.09969 5.88882 6.06412 6.60121 6.46585 5.28577 3.23791 2.16069 -0.0373961 -0.973577 -0.871112 -1.53268 -9999 -9999 -9999 -9999 -9999 -9999 -9999 -9999 -9999 -9999 -9999 -9999 1.13257 -9999 -9999 -9999 -9999 -9999 -9999 -9999 -9999 -9999 -9999 -9999 -9999 -9999 -9999 -9999 -9999 -9999 -9999 -9999 -9999 -2.64844 -9999 -9999 -9999 -9999 -9999 -9999 -9999
-9999 -9999 5.70385 6.39152 6.93786 7.64144 7.70757 8.12081 8.77606 8.78953 8.58416 8.35187 7.82412 7.6974 7.30583 6.4759 6.31076 6.65534 6.81716 6.99971 7.11414 7.03112 6.82072 6.54708 5.78279 4.83784 4.20522 2.20337 1.18678 0.220355 -1.24513 -2.39004 -9999 -9999 -9999 -9999 -9999 -9999 -9999 0.323349 0.278389 0.314568 0.647668 1.54927 1.0365 -9999 -9999 -9999 -9999 -9999 -9999 -9999 -9999 -9999 -9999 -9999 -9999 -9999 -9999 -9999 -9999 -9999 -9999 -9999 -1.84398 -2.99109 -9999 -9999 -9999 -9999 -9999 -9999
-9999 -9999 5.88059 6.6177 6.98703 7.67015 8.06214 8.30906 8.53838 8.75806 8.72601 8.46838 8.07446 8.08239 7.5383 7.24775 7.0421 7.50627 7.60282 7.42487 7.19998 7.00152 6.43007 6.36819 6.18142 5.58329 4.59829 3.58311 2.11215 0.120124 -1.83313 -3.40725 -9999 -9999 -9999 -9999 -9999 -9999 0.478194 1.22786 1.68122 0.748771 1.56485 2.31194 2.20548 1.50918 -9999 -9999 -9999 -9999 -9999 -9999 -9999 -9999 -9999 -9999 -9999 -9999 -9999 -9999 3.60551 2.42796 0.0389789 -1.1799 -1.90632 -2.94807 -9999 -9999 -9999 -9999 -9999 -9999
-9999 -9999 5.73536 6.60513 7.19498 7.71877 7.80448 8.33572 8.56784 8.68741 8.67784 8.63042 8.56195 8.08759 7.88701 7.16784 7.86794 7.84792 7.67852 6.98935 6.69378 5.50565 4.98554 4.86947 5.87805 5.14079 3.59629 1.66435 -0.663563 -0.807213 -1.57151 -2.97806 -9999 -9999 -9999 -9999 -9999 -9999 0.705106 1.50645 2.17741 2.28426 1.35816 2.67757 2.64446 1.92472 1.77078 2.38287 2.69895 2.48497 3.2192 3.43991 3.12714 3.49184 -9999 -9999 -9999 -9999 3.74994 3.80758 3.85376 3.36912 0.758259 -1.02101 -2.61719 -2.74873 -9999 -9999 -9999 -9999 -9999 -9999
-9999 -9999 6.33642 6.87245 7.14438 7.18997 7.65994 8.12366 8.41068 8.62492 8.58668 8.57415 8.56107 8.40253 8.02721 8.10213 8.07777 7.86183 6.54494 5.0066 5.68598 4.77286 2.81026 4.41216 5.29304 4.45679 2.58396 0.411564 -0.302175 -0.265147 -1.3306 -2.70152 -9999 -9999 -9999 -1.48644 -0.344857 -0.237457 0.10612 1.1719 1.98557 2.6009 3.02449 3.02212 2.60618 1.90285 1.13726 1.42706 2.8391 3.19238 3.49806 3.72646 3.43681 3.605 3.9887 4.19127 4.2395 4.16042 4.14939 4.18933 4.1544 3.70274 1.36779 0.0370469 -0.807291 -2.50315 -9999 -9999 -9999 -9999 -9999 -9999
-9999 -9999 6.00194 6.46812 6.84583 7.46974 7.53745 7.93449 8.16626 8.51528 8.55848 8.15502 8.49729 8.4594 8.40251 8.27527 8.08602 6.97567 5.44264 3.90558 3.19917 3.50497 2.32925 2.94223 3.83472 3.51255 2.36576 0.430668 0.161345 -0.290075 -2.08367 -3.81191 -9999 -9999 -3.69515 -1.51301 0.0263756 0.825059 1.07925 1.11291 2.13564 2.22636 3.32752 3.08353 1.66137 1.8363 1.28856 1.66464 2.19349 2.34638 3.09706 3.82294 3.96737 3.98022 4.22777 4.28567 4.30702 4.30953 4.15683 4.23992 4.26088 3.98308 2.29478 1.47767 0.580813 -2.48064 -9999 -9999 -9999 -9999 -9999 -9999
-9999 -9999 6.23899 6.75959 7.32937 7.42268 7.84517 7.80197 7.6794 8.26954 8.4859 8.20228 8.00004 8.38783 8.36763 8.3236 8.24699 7.20425 5.99635 4.16387 3.02742 2.33113 1.83987 1.18345 1.64393 1.50863 1.32556 1.54423 1.01242 -0.052081 -1.10173 -3.06789 -4.12987 -9999 -3.58049 -2.59195 -0.762724 0.793858 1.786 1.44304 2.60481 2.82987 3.50474 3.12752 2.27154 1.91204 1.8919 1.79012 2.57797 3.11238 3.4928 3.74994 4.07022 4.15766 4.24492 4.28623 4.31242 4.33883 4.34343 4.34625 4.32133 4.2232 3.45279 2.64061 0.866162 -2.37914 -9999 -9999 -9999 -9999 -9999 -9999
-9999 4.73008 6.18046 7.05213 7.38999 7.63399 7.84922 8.00547 8.16568 8.31888 8.42729 8.38516 7.62757 7.69563 7.83909 8.27887 8.25516 8.16754 7.51052 5.27953 4.50993 3.38513 1.92658 1.32097 1.63114 2.83496 2.78511 1.99404 1.11187 -0.113268 -0.890534 -2.09584 -4.41199 -4.19788 -3.14584 -2.36065 -1.11502 0.785755 2.12174 2.72408 2.95887 3.4359 3.69073 3.17257 2.683 2.48316 2.10093 2.05868 2.07495 2.55597 2.93386 3.75925 4.04331 4.18045 4.25311 4.29585 4.32897 4.36167 4.37852 4.37165 4.38181 4.3855 4.34137 3.25259 0.513474 -1.54074 -9999 -9999 -9999 -9999 -9999 -9999
-9999 -9999 5.91272 6.29624 6.39678 6.57242 6.93186 7.34646 7.93015 8.00798 8.33423 8.33552 7.68254 6.92939 7.59718 7.86691 8.14659 8.16227 8.08415 6.20818 5.23057 4.46167 3.06332 3.57549 4.06073 4.10114 3.81447 2.11411 0.42045 -1.53707 -3.36107 -3.44471 -4.42549 -3.89896 -3.2022 -1.42147 -0.16533 0.349618 0.722918 2.657 3.16786 3.35411 3.85963 3.20172 3.05098 2.5609 2.72532 2.69529 2.71189 1.32718 2.74257 2.83724 3.76179 4.18344 4.28703 4.32065 4.35565 4.36792 4.38137 4.38579 4.4043 4.40212 4.40022 3.69733 0.217707 -1.51545 -9999 -9999 -9999 -9999 -9999 -9999
-9999 -9999 -9999 -9999 6.0356 6.32773 6.51509 6.83957 7.82963 8.09933 8.28008 8.29913 8.01094 7.26458 7.07347 7.21849 6.49297 7.11404 7.95956 7.94543 7.84993 6.20236 5.36289 6.18658 5.9419 4.70283 3.72802 2.7656 0.781949 -0.673513 -2.76472 -4.33399 -4.38934 -2.64908 -1.20213 0.599614 1.3993 0.957076 1.45522 2.42193 3.51916 4.05676 3.94654 3.25262 3.17298 2.40976 3.18938 3.26935 2.9277 2.63371 2.76938 3.23317 3.41654 4.14133 4.32365 4.36371 4.37698 4.38768 4.3926 4.39699 4.39913 4.4025 4.40442 4.38511 0.80823 -1.96451 -9999 -9999 -9999 -9999 -9999 -9999
-9999 -9999 -9999 -9999 5.34656 5.52437 5.99208 7.1935 7.81878 8.07489 8.06922 8.19058 7.98879 7.33339 6.66126 6.02862 5.21074 5.69054 6.94691 7.69018 7.78028 6.3368 7.09724 6.81967 6.26728 4.64556 3.45088 2.8186 0.914137 -0.71996 -2.11032 -4.03094 -3.20428 -2.29355 -1.12414 0.84088 2.16994 2.72178 2.2759 2.89786 4.15883 4.17893 3.50979 3.56852 3.1721 2.12387 3.24617 3.57246 3.33554 3.41425 3.3339 3.51401 3.83143 4.13462 4.33873 4.37347 4.38457 4.38575 4.39322 4.40295 4.39895 4.41096 4.41296 4.40782 2.10417 -2.01713 -9999 -9999 -9999 -9999 -9999 -9999
-9999 -9999 -9999 -9999 -9999 4.7196 5.78684 7.38158 7.77357 7.73951 8.07167 8.10394 7.79157 7.52202 6.70481 5.58654 3.43186 3.99051 5.14766 6.81251 7.69025 7.57852 7.10006 6.26289 4.22972 2.45035 2.23697 1.94782 0.558573 -0.700176 -2.24634 -1.34555 -0.358622 0.721453 1.29191 1.15145 2.29135 3.22332 2.84134 3.60183 4.48823 4.1051 3.88465 3.70239 3.24125 3.2277 3.2932 3.93683 3.51616 3.7972 3.81728 3.81417 3.97418 4.15578 4.34519 4.38305 4.39121 4.40171 4.38864 4.40478 4.40427 4.40508 4.40793 4.40546 4.20997 1.99965 0.682546 -9999 -9999 -9999 -9999 -9999
-9999 -9999 -9999 -9999 -9999 3.73583 4.26819 6.15696 6.73631 7.57282 8.01878 8.04307 7.51237 7.2198 5.99852 5.60781 3.61542 2.7173 3.49343 3.20635 5.49564 7.52157 7.08831 3.01574 1.54321 0.493589 0.767438 0.772864 0.388046 -1.75396 -2.34104 -0.420639 0.790261 1.73 2.4448 2.59902 2.58204 4.03492 4.23679 4.71719 4.62747 4.68415 3.96899 3.53224 3.94593 3.50681 3.44442 4.10879 3.48346 4.07571 4.02077 3.85905 3.86097 4.25212 4.33841 4.38741 4.39785 4.39034 4.3789 4.37706 4.39935 4.40472 4.39588 4.41035 4.40394 4.15931 3.02104 2.63412 3.09802 -9999 -9999 -9999
-9999 -9999 -9999 -9999 -9999 -9999 2.50845 5.13351 6.32877 6.96107 7.85117 7.96208 7.68113 7.17091 5.9271 4.8347 3.05438 1.02019 -0.054713 3.19005 6.01457 7.4914 7.30468 3.91561 2.58059 2.52247 3.31493 2.65232 2.15024 0.522346 0.0394599 -0.632779 -0.212284 1.09538 2.16658 3.19996 3.95414 4.02373 4.51816 4.80762 4.84258 4.9428 4.87081 4.81512 4.13105 4.63239 4.2351 4.46874 4.34207 4.22846 4.13233 3.74168 4.03705 4.29895 4.373 4.40211 4.39428 4.39819 4.39534 4.38018 4.38055 4.39004 4.39993 4.40035 4.41439 4.42267 4.30949 3.63115 2.71742 1.55847 -9999 -9999
-9999 -9999 -9999 -9999 -9999 -9999 1.19895 3.81155 5.06636 6.68887 7.52377 7.86617 7.82681 7.41443 6.47087 5.0478 3.86392 1.59196 -0.767463 2.63686 5.6703 7.31008 7.40233 4.55642 5.35198 4.71713 4.97881 3.8122 3.32931 2.94433 2.10789 1.1931 0.191396 -0.333545 2.06242 3.29627 4.29152 4.76586 5.03884 5.18103 5.12103 4.95563 3.90738 4.73064 4.70663 4.64086 4.56311 4.53274 4.46281 4.37736 4.3322 4.32318 4.06673 4.38064 4.38344 4.3952 4.40409 4.40373 4.39658 4.39195 4.38501 4.39636 4.40014 4.40284 4.40963 4.42666 4.4339 4.41169 4.24304 2.68078 1.75222 1.50719
-9999 -9999 -9999 -9999 -9999 -9999 -2.46926 1.33169 4.37946 5.97721 7.27822 7.63936 7.77778 7.22238 6.80911 5.79088 4.8274 3.33713 1.10112 -0.272893 2.27659 5.98137 7.34956 7.24971 7.16937 6.43494 5.77313 5.69282 5.74642 4.97081 3.84426 2.37277 1.91947 1.40701 3.19312 3.441 3.31823 5.28443 5.29833 5.19747 4.45969 3.63193 3.80382 3.30044 3.71686 3.11224 3.69535 4.20102 4.39812 4.39575 4.34335 4.34857 4.32935 4.39312 4.40048 4.39985 4.40104 4.40532 4.40611 4.39203 4.38852 4.40701 4.40401 4.40487 4.41004 4.42921 4.44026 4.42741 4.4171 4.18961 3.83958 3.16362
-9999 -9999 -9999 -9999 -9999 -9999 -2.30669 0.884977 3.59834 5.22636 6.79347 7.1607 7.69339 7.58531 7.15196 6.26756 5.16126 3.93583 2.01834 0.594926 2.3034 4.76318 6.52737 7.16445 7.16176 7.12415 6.96137 6.89553 6.70475 6.5654 5.75971 4.37347 3.59037 2.44268 4.43279 4.66185 4.35869 5.35731 5.31677 3.82909 2.6884 2.55652 3.2698 2.61432 2.51549 2.11512 2.5988 3.87205 3.51941 3.60444 4.18829 4.29327 4.36616 4.39137 4.39583 4.4012 4.39949 4.40906 4.4189 4.40544 4.40464 4.40984 4.39921 4.40894 4.40687 4.41673 4.42403 4.42365 4.41503 4.3606 4.30175 4.40066
-9999 -9999 -9999 -9999 -9999 -9999 -2.238 -0.0945251 2.34788 4.74414 6.41761 7.09562 7.59107 7.5915 7.08658 6.65012 5.95898 4.88146 4.14458 2.86002 1.09428 4.07211 4.9868 5.80695 6.15404 7.0064 6.98994 6.60547 6.15111 6.57395 6.45906 5.36039 5.00243 4.39515 5.5047 5.51376 5.49037 5.43927 4.18288 2.43385 1.03857 2.06141 1.86174 2.33682 0.91649 2.11586 3.08192 3.40405 2.77084 2.30238 3.80033 4.06059 4.21666 4.31958 4.38989 4.38346 4.407 4.40675 4.41116 4.41558 4.4126 4.41527 4.41341 4.41191 4.41393 4.42535 4.4227 4.41836 4.43167 4.41115 4.41051 4.41707
-9999 -9999 -9999 -9999 -9999 -9999 -9999 -1.35994 1.73326 4.49799 6.03931 7.01062 7.48661 7.48355 7.22813 6.93354 6.50721 5.73142 4.75522 3.2087 2.06215 2.80018 3.69594 3.80343 4.40249 6.12965 6.72252 5.89285 3.82902 5.0548 6.41657 6.3992 6.28837 6.16424 6.00302 5.86022 5.54059 4.67293 1.99898 1.48207 0.440095 0.570699 0.0423099 1.2317 0.80939 2.03357 2.57126 2.78193 1.67402 1.92397 3.25585 3.78728 3.71073 4.0399 4.35421 4.37309 4.39065 4.39166 4.40739 4.41935 4.42428 4.42148 4.42265 4.42709 4.41745 4.44118 4.35549 4.30491 4.18777 4.3645 4.39386 4.4286
-9999 -9999 -9999 -9999 -9999 -9999 -9999 -1.977 1.11295 4.36861 5.41698 6.4639 7.36851 7.39152 6.99798 6.62428 6.23939 5.80043 4.61475 3.46511 2.36769 2.00327 2.23142 2.21771 3.18386 5.43275 5.87196 5.6912 3.54078 2.81676 4.63488 6.16384 6.28918 6.15675 4.36968 4.7585 3.79859 2.49474 2.14256 1.57788 0.374501 0.969338 0.0915358 0.484042 0.398744 1.09873 1.44628 2.27627 1.31189 1.32922 2.63756 3.2999 3.32637 4.02018 4.27356 4.34682 4.37222 4.39318 4.4058 4.4266 4.43079 4.43173 4.42993 4.4093 4.34396 4.12051 2.84507 2.86056 3.23057 3.58136 4.21621 4.40783
-9999 -9999 -9999 -9999 -9999 -9999 -9999 -1.62015 0.525522 3.41506 5.55688 5.69606 6.74035 7.28224 6.85374 6.37079 5.87672 5.66436 4.37321 2.95426 1.8089 0.451846 0.682146 1.66633 3.27037 4.725 4.98917 4.69441 3.5439 4.09441 5.3363 5.9984 6.19776 6.05142 5.66737 5.44872 4.74392 4.44336 3.46274 1.92507 1.32561 1.72186 0.090177 0.215927 0.834407 0.20622 1.28168 1.8024 0.553254 1.57354 2.72714 3.32192 3.84291 4.09463 4.20075 4.35816 4.37168 4.39383 4.41051 4.41856 4.42903 4.41601 4.4075 4.2814 4.09022 2.89287 2.4146 2.52682 3.09939 3.60232 4.14393 4.36577
-9999 -9999 -9999 -9999 -9999 -9999 -9999 -1.25543 0.677171 3.18345 4.71203 4.9897 6.14732 7.17752 7.06885 6.56607 6.41725 5.89617 4.80198 3.59269 2.27024 1.63032 0.151211 1.61866 2.77838 4.01117 4.5906 3.64598 3.17535 4.02427 4.86836 5.20909 6.06194 6.06033 5.79118 4.60871 4.0363 4.28974 4.04923 3.62196 2.56671 2.52931 1.8556 1.58286 1.32603 0.473018 1.03905 1.10593 1.27402 2.4886 3.09419 3.4991 3.86806 3.97234 4.13821 4.35038 4.37803 4.39517 4.40427 4.41827 4.41386 4.36707 4.32964 4.06389 3.58495 2.68138 1.22355 2.28235 3.38893 3.73627 4.07566 4.25259
-9999 -9999 -9999 -9999 -9999 -9999 -9999 -1.58438 0.468664 2.61158 3.51052 3.66751 5.75841 7.04099 7.049 6.81376 6.53812 5.24172 5.32433 5.06992 3.87749 2.13768 0.226167 0.411553 1.56055 3.18315 3.72491 2.16105 1.61289 2.02645 3.30013 4.44105 5.63228 5.93992 5.59934 3.75477 1.79451 2.71556 3.69956 3.70323 3.42653 2.44872 2.14519 1.87162 1.16154 -0.0410146 0.147546 0.49799 1.88212 2.32475 3.0023 3.5666 3.36831 3.50065 4.04035 4.35422 4.37563 4.39102 4.41109 4.41432 4.40657 4.30261 4.19213 3.99957 2.73179 1.94797 0.811466 2.17515 2.93312 3.3607 4.08244 4.26327
-9999 -9999 -9999 -9999 -9999 -9999 -9999 -2.21898 -0.727584 1.3211 2.14994 3.4691 5.44542 6.42044 6.89094 6.88667 6.70494 6.12775 5.78315 5.09813 3.85735 2.15844 0.269155 -0.958932 -0.326414 1.8576 2.38433 0.937474 0.208179 1.13024 2.48744 4.49417 5.64369 5.80491 5.70873 5.33435 3.90533 2.17751 2.19202 3.07171 2.35249 1.51534 1.99094 1.91485 1.21362 0.706483 0.406962 0.622102 1.41292 1.7455 2.52647 3.67374 3.84705 3.82513 4.31383 4.34786 4.36907 4.39715 4.40665 4.41242 4.40836 4.32543 4.12682 3.28632 2.55496 1.53333 1.41703 2.64183 3.18721 3.69645 4.05626 4.18109
-9999 -9999 -9999 -9999 -9999 -9999 -9999 -3.31131 -1.55726 0.362414 2.16036 3.86184 5.32713 5.44576 6.22148 6.22648 6.63583 6.5263 5.99162 5.41556 4.34725 2.16312 0.327326 -1.6754 -1.1406 1.09033 1.38127 0.418501 -1.36539 0.48931 2.53415 4.38819 5.39508 4.61807 5.4289 5.37049 4.83999 3.81475 2.21641 2.25568 1.06064 1.01772 1.64591 1.85661 1.76375 1.38553 0.782428 0.905922 1.39117 1.52242 2.24101 3.13345 4.006 4.16126 4.33594 4.35317 4.36595 4.38945 4.40125 4.39342 4.35956 4.2722 3.56899 2.73085 2.21883 1.51021 1.43407 2.83726 3.41505 3.74274 4.05497 4.18491
-9999 -9999 -9999 -9999 -9999 -9999 -9999 -9999 -1.73687 0.246356 1.71543 2.11525 3.41846 4.12493 4.673 4.79915 6.35205 6.44328 6.10643 5.5777 4.66733 3.01127 1.85902 -0.0618003 -1.44102 -0.861963 -0.600185 -0.0852195 -0.229006 0.601711 2.56704 4.6145 4.844 3.55467 3.75399 4.03285 4.64867 4.34844 2.16743 1.06379 0.14948 0.81472 1.51432 1.69112 1.73457 1.61164 1.48141 1.22971 2.16379 2.85775 3.02699 3.63319 4.0834 4.21526 4.31704 4.33854 4.36016 4.37042 4.3549 4.34643 4.24628 4.00934 3.22132 1.31175 1.41209 1.21523 0.628894 2.00012 2.88754 3.66129 4.0776 4.19319
-9999 -9999 -9999 -9999 -9999 -9999 -9999 -9999 -2.39572 -0.101768 0.387388 0.357385 -0.394239 -0.0394325 2.77526 3.34685 4.83639 6.24706 6.14977 5.63109 4.77963 3.79551 2.26873 0.107719 -1.60836 -2.32965 -0.470875 1.34982 1.73169 2.31887 3.52571 3.76053 2.44249 1.20713 1.91209 2.33987 3.94873 4.24903 3.9462 2.63565 1.13624 0.358075 1.29693 1.43083 1.4965 1.51762 1.50595 1.48659 2.53884 3.12571 3.53608 3.76435 4.15248 4.2596 4.30089 4.34023 4.34354 4.33413 4.28452 4.22674 3.93828 3.58704 2.28946 1.20949 0.540095 -0.312289 1.64355 2.24124 3.0695 3.60384 4.01788 4.11707
