Test_Spring_2018/02_18/Temp/20180220_019.txt
ncols	170
nrows	115
xllcorner	350000.000000
yllcorner	4445000.000000
cellsize	1000.000000
nodata_value	-9999.000000
[rows 32 to 63 of 115, columns 71 to 141 of 170]
8.60819 8.5829 8.22415 8.77109 9.27435 8.95431 8.74299 9.5684 9.56514 9.278 8.6079 8.36025 8.10369 7.94549 7.08714 4.68362 2.51664 3.67382 3.69873 2.89412 4.32944 3.5669 1.58219 -1.21847 0.298882 -0.100217 -2.09399 -2.58905 -9999 -9999 -9999 -9999 -9999 -9999 -9999 -9999 -9999 -9999 -9999 -9999 -9999 -9999 -9999 -9999 -9999 -9999 -9999 -9999 -9999 -9999 -9999 -9999 -9999 -9999 -9999 -9999 -9999 -9999 -9999 -9999 -9999 -9999 -9999 -9999 -9999 -9999 -9999 -9999 -9999 -9999 -9999
8.29547 8.10646 7.95073 8.76513 8.74498 8.68575 8.97098 9.48132 9.58121 9.46742 9.17353 8.91884 8.64819 7.96573 6.9842 4.92683 2.46061 1.89926 3.10238 3.15753 3.34854 2.65329 1.78063 0.416998 1.52784 1.95713 0.646332 -1.06993 -2.17344 -9999 -9999 -9999 -9999 -9999 -9999 -9999 -9999 -9999 -9999 -9999 -9999 -9999 -9999 -9999 -9999 -9999 -9999 -9999 -9999 -9999 -9999 -9999 -9999 -9999 -9999 -9999 -9999 -9999 -9999 -9999 -9999 -9999 -9999 -9999 -9999 -9999 -9999 -9999 -9999 -9999 -9999
7.82322 7.53826 6.74268 7.23234 7.5992 8.27228 8.4413 8.54084 9.5127 9.45813 9.41013 8.99111 8.65556 8.10138 7.15666 5.81274 4.19513 1.38044 3.11175 4.46679 4.42919 4.35188 3.73955 2.4293 3.51949 3.56738 1.89201 -0.0133866 -1.13191 -1.59644 -9999 -9999 -9999 -9999 -9999 -9999 -9999 -9999 -9999 -9999 -9999 -9999 -9999 -9999 -9999 -9999 -9999 -9999 -9999 -9999 -9999 -9999 -9999 -9999 -9999 -9999 -9999 -9999 -9999 -9999 -9999 -9999 -9999 -9999 -9999 -9999 -9999 -9999 -9999 -9999 -9999
7.16691 6.89239 5.9212 6.41384 7.07216 7.99821 8.47049 8.83219 9.12075 9.41521 9.37731 8.94858 7.6876 7.50536 7.44841 6.56855 4.72476 2.88333 2.40429 4.47278 5.06272 4.93887 5.39821 4.2877 4.80749 4.5894 3.99269 2.16015 0.48998 -0.201074 -1.56334 -9999 -9999 -9999 -9999 -9999 -9999 -9999 -9999 -9999 -9999 -9999 -9999 -9999 -9999 -9999 -9999 -9999 -9999 -9999 -9999 -9999 -9999 -9999 -9999 -9999 -9999 -9999 -9999 -9999 -9999 -9999 -9999 -9999 -9999 -9999 -9999 -9999 -9999 -9999 -9999
-9999 -9999 -9999 5.30886 6.20197 6.9414 7.84641 8.62736 9.01912 9.39972 9.36615 8.51192 8.09284 8.05396 7.47665 6.46136 5.82317 4.66281 3.45386 3.91178 5.67513 4.88627 6.13436 6.02498 6.2513 5.41101 3.81625 1.69257 0.449271 -0.169415 -1.27399 -9999 -9999 -9999 -9999 -9999 -9999 -9999 -9999 -9999 -9999 -9999 -9999 -9999 -9999 -9999 -9999 -9999 -9999 -9999 -9999 -9999 -9999 -9999 -9999 -9999 -9999 -9999 -9999 -9999 -9999 -9999 -9999 -9999 -9999 -9999 -9999 -9999 -9999 -9999 -9999
-9999 -9999 -9999 -9999 6.03645 6.59851 7.81538 8.43529 8.68852 9.30415 9.30289 8.97777 8.73177 8.37592 7.91187 7.14827 6.30597 5.21451 5.11103 6.23805 6.24894 6.00962 6.19168 6.76854 6.61167 5.30948 3.0694 1.88445 -0.526779 -1.5582 -1.45624 -2.18798 -9999 -9999 -9999 -9999 -9999 -9999 -9999 -9999 -9999 -9999 -9999 -9999 0.57239 -9999 -9999 -9999 -9999 -9999 -9999 -9999 -9999 -9999 -9999 -9999 -9999 -9999 -9999 -9999 -9999 -9999 -9999 -9999 -9999 -3.86361 -9999 -9999 -9999 -9999 -9999
-9999 -9999 -9999 5.93361 6.68394 7.27388 8.03547 8.10267 8.55208 9.26038 9.26817 9.03693 8.77602 8.19243 8.04611 7.6105 6.69628 6.50722 6.87413 7.04149 7.23136 7.34686 7.2469 7.008 6.70015 5.85549 4.81477 4.11494 1.91538 0.799132 -0.265134 -1.87393 -3.13294 -9999 -9999 -9999 -9999 -9999 -9999 -9999 -0.257891 -0.319444 -0.292915 0.0571807 1.02723 0.45364 -9999 -9999 -9999 -9999 -9999 -9999 -9999 -9999 -9999 -9999 -9999 -9999 -9999 -9999 -9999 -9999 -9999 -9999 -9999 -2.98656 -4.2529 -9999 -9999 -9999 -9999
-9999 -9999 -9999 6.13153 6.92976 7.32686 8.06643 8.48837 8.75755 9.00136 9.23441 9.19248 8.90409 8.46662 8.46728 7.86523 7.5395 7.30612 7.8034 7.89935 7.69568 7.44075 7.21467 6.58167 6.50478 6.29006 5.62776 4.54342 3.42628 1.80894 -0.374283 -2.51512 -4.24226 -9999 -9999 -9999 -9999 -9999 -9999 -0.0753143 0.730571 1.21259 0.181922 1.05871 1.85979 1.72913 0.943278 -9999 -9999 -9999 -9999 -9999 -9999 -9999 -9999 -9999 -9999 -9999 -9999 -9999 -9999 3.01422 1.71624 -0.904079 -2.24809 -3.05521 -4.20687 -9999 -9999 -9999 -9999
-9999 -9999 -9999 5.97167 6.91497 7.55302 8.11912 8.20721 8.7862 9.03391 9.15799 9.14082 9.08197 8.99973 8.47417 8.24693 7.45342 8.20823 8.17701 7.98258 7.22088 6.88863 5.58247 5.00533 4.8679 5.95861 5.14446 3.44964 1.33221 -1.2142 -1.3859 -2.22917 -3.7732 -9999 -9999 -9999 -9999 -9999 -9999 0.17421 1.03638 1.75563 1.85874 0.834142 2.2593 2.198 1.3966 1.2125 1.86433 2.19335 1.94013 2.71864 2.94526 2.59034 2.97523 -9999 -9999 -9999 -9999 3.19631 3.24703 3.28489 2.74306 -0.119394 -2.07502 -3.83143 -3.9968 -9999 -9999 -9999 -9999
-9999 -9999 -9999 6.62599 7.20547 7.49699 7.54168 8.04949 8.55504 8.86288 9.08984 9.04157 9.02093 8.99922 8.8183 8.40035 8.47323 8.43736 8.19212 6.74532 5.05676 5.78808 4.78287 2.63524 4.36851 5.3198 4.3976 2.34453 -0.0351995 -0.820239 -0.794153 -1.96578 -3.47126 -9999 -9999 -9999 -2.18262 -0.947245 -0.840953 -0.47763 0.67303 1.54789 2.2058 2.65356 2.63563 2.15682 1.3727 0.520554 0.820092 2.34442 2.71386 3.02115 3.25598 2.92625 3.09542 3.50186 3.71108 3.75215 3.65438 3.63075 3.66247 3.61204 3.10635 0.545672 -0.920661 -1.85694 -3.73876 -9999 -9999 -9999 -9999
-9999 -9999 -9999 6.25943 6.76286 7.17002 7.84651 7.91561 8.344 8.59576 8.97091 9.01175 8.56474 8.93091 8.88169 8.81117 8.66335 8.4474 7.226 5.54311 3.8557 3.07464 3.40124 2.10843 2.76293 3.72679 3.36671 2.10513 -0.0155954 -0.318434 -0.817427 -2.7877 -4.68214 -9999 -9999 -4.58121 -2.20963 -0.539996 0.320699 0.586476 0.610795 1.71355 1.79854 2.98541 2.70368 1.12732 1.30119 0.684936 1.07797 1.63485 1.78546 2.58539 3.35739 3.50154 3.50288 3.76096 3.81261 3.82467 3.81628 3.6384 3.71747 3.72823 3.41233 1.55659 0.650704 -0.347838 -3.71347 -9999 -9999 -9999 -9999
-9999 -9999 -9999 6.51689 7.0799 7.69685 7.79406 8.25055 8.19964 8.06492 8.70342 8.93344 8.61739 8.38953 8.80484 8.77432 8.71719 8.62398 7.47614 6.14778 4.13776 2.88722 2.11981 1.57373 0.842505 1.33488 1.17747 0.968285 1.19781 0.609774 -0.558135 -1.71216 -3.86964 -5.03673 -9999 -4.45442 -3.385 -1.3989 0.288899 1.35991 0.973147 2.2274 2.45865 3.18005 2.75244 1.79366 1.37985 1.34025 1.21176 2.05435 2.61875 3.01449 3.28022 3.61155 3.69439 3.7778 3.81165 3.82937 3.84742 3.84154 3.83331 3.79421 3.67446 2.82029 1.91573 -0.0362293 -3.60252 -9999 -9999 -9999 -9999
-9999 -9999 4.8717 6.45125 7.39766 7.7619 8.02391 8.25462 8.42094 8.59474 8.75776 8.87033 8.81782 7.98407 8.05055 8.19858 8.66926 8.63361 8.52776 7.80028 5.35518 4.5069 3.26849 1.66671 0.991797 1.32007 2.62385 2.56006 1.68787 0.716655 -0.62649 -1.48204 -2.80557 -5.34378 -5.11824 -3.97871 -3.13089 -1.78141 0.282075 1.72828 2.37291 2.61545 3.12164 3.38407 2.79803 2.23906 2.00273 1.5674 1.50328 1.50338 2.01118 2.40413 3.28744 3.58342 3.7171 3.78481 3.82053 3.84617 3.87146 3.8793 3.86079 3.86018 3.85164 3.78706 2.58398 -0.424614 -2.69102 -9999 -9999 -9999 -9999
-9999 -9999 -9999 6.15735 6.57139 6.67696 6.8647 7.2531 7.70165 8.33769 8.41775 8.76832 8.76433 8.04466 7.21508 7.9352 8.22024 8.51549 8.52218 8.42618 6.36936 5.29191 4.44232 2.9061 3.45094 3.97017 4.00444 3.68227 1.81798 -0.0385814 -2.1808 -4.17924 -4.27849 -5.35604 -4.79131 -4.03918 -2.10482 -0.743683 -0.192279 0.203482 2.30119 2.84514 3.03027 3.56536 2.83017 2.64067 2.08706 2.24765 2.19632 2.19632 0.667853 2.1927 2.28058 3.27509 3.72054 3.81988 3.84594 3.87396 3.87731 3.88175 3.87583 3.88453 3.86778 3.84888 3.0662 -0.747359 -2.66356 -9999 -9999 -9999 -9999
-9999 -9999 -9999 -9999 -9999 6.2816 6.59669 6.79757 7.14804 8.2276 8.5172 8.70918 8.724 8.40278 7.5809 7.36379 7.51266 6.71097 7.37792 8.29045 8.26419 8.14915 6.34066 5.41092 6.29897 6.02168 4.6598 3.58678 2.52777 0.354888 -1.23944 -3.52929 -5.24943 -5.31756 -3.42651 -1.85634 0.10113 0.964343 0.471392 1.0034 2.04415 3.2268 3.7976 3.66048 2.8856 2.77348 1.92136 2.7528 2.82109 2.42978 2.09115 2.21947 2.70996 2.89562 3.67325 3.86005 3.89128 3.89585 3.89776 3.89315 3.88742 3.87599 3.8662 3.85359 3.81662 -0.103346 -3.15401 -9999 -9999 -9999 -9999
-9999 -9999 -9999 -9999 -9999 5.52842 5.7189 6.22582 7.53333 8.2149 8.48977 8.47841 8.60495 8.37804 7.65527 6.91335 6.21363 5.31121 5.82429 7.18444 7.98455 8.07194 6.48607 7.30212 6.98846 6.37536 4.59594 3.28301 2.58429 0.497892 -1.29131 -2.81631 -4.91971 -4.02529 -3.03926 -1.7713 0.364155 1.80509 2.39661 1.89823 2.56355 3.92474 3.93068 3.18345 3.22962 2.77169 1.60828 2.81336 3.15016 2.87289 2.94074 2.83326 3.01411 3.346 3.66361 3.87426 3.90113 3.90268 3.89438 3.89272 3.89192 3.87539 3.87502 3.86242 3.84077 1.30994 -3.21231 -9999 -9999 -9999 -9999
-9999 -9999 -9999 -9999 -9999 -9999 4.83938 6.00051 7.73719 8.16419 8.12245 8.47972 8.50905 8.16148 7.85973 6.95947 5.72986 3.36872 3.96781 5.21967 7.02536 7.97218 7.83946 7.30366 6.37936 4.15047 2.19902 1.95687 1.63258 0.1084 -1.27122 -2.96619 -1.99089 -0.92155 0.249304 0.86374 0.701905 1.9364 2.94285 2.51413 3.33058 4.28301 3.8489 3.5912 3.37431 2.84571 2.81122 2.86306 3.54605 3.06822 3.35678 3.35887 3.33978 3.49992 3.68486 3.87951 3.90983 3.90855 3.91034 3.88608 3.89272 3.88001 3.86741 3.8557 3.83691 3.60637 1.16931 -0.287526 -9999 -9999 -9999
-9999 -9999 -9999 -9999 -9999 -9999 3.76434 4.3417 6.3991 7.03049 7.93858 8.41994 8.4405 7.85466 7.52766 6.18672 5.751 3.56693 2.57657 3.41271 3.08855 5.57565 7.77551 7.28901 2.83437 1.21725 0.062098 0.3516 0.348729 -0.0794715 -2.42289 -3.07137 -0.98354 0.330147 1.34782 2.11972 2.27917 2.25136 3.82628 4.03444 4.54528 4.43263 4.47848 3.68104 3.18655 3.61258 3.11383 3.02624 3.73197 3.03093 3.65918 3.57946 3.38736 3.37504 3.78866 3.87078 3.91323 3.91403 3.89625 3.87393 3.86048 3.87261 3.86497 3.84052 3.84025 3.81609 3.52395 2.26235 1.82038 2.30684 -9999
-9999 -9999 -9999 -9999 -9999 -9999 -9999 2.41953 5.28011 6.58344 7.26851 8.23436 8.3493 8.0365 7.47187 6.10602 4.90468 2.95209 0.722004 -0.46126 3.06852 6.13975 7.74054 7.52302 3.81426 2.34724 2.274 3.12938 2.39753 1.84131 0.0588454 -0.476045 -1.21736 -0.766272 0.653015 1.81259 2.93169 3.74523 3.81069 4.33852 4.64043 4.66394 4.75745 4.66205 4.5836 3.81192 4.3397 3.88698 4.12301 3.96635 3.82463 3.70008 3.25831 3.56627 3.83888 3.90761 3.9268 3.90839 3.90289 3.88977 3.86265 3.84927 3.84613 3.84216 3.82668 3.825 3.80889 3.66612 2.90645 1.88996 0.606165
-9999 -9999 -9999 -9999 -9999 -9999 -9999 0.988398 3.83505 5.20319 6.96849 7.87566 8.24229 8.19211 7.73422 6.69602 5.13395 3.83228 1.34289 -1.24225 2.46261 5.76168 7.5404 7.63072 4.51126 5.36912 4.66661 4.9428 3.66093 3.12555 2.69925 1.77841 0.772244 -0.328293 -0.911296 1.69504 3.03268 4.10911 4.61613 4.9023 5.04459 4.96563 4.76738 3.60703 4.48805 4.43682 4.34625 4.24267 4.19105 4.09673 3.98609 3.91732 3.89218 3.59812 3.92588 3.91534 3.91763 3.91721 3.90678 3.88871 3.87283 3.85365 3.85173 3.83896 3.82616 3.81683 3.81038 3.79943 3.75615 3.55311 1.82966
-9999 -9999 -9999 -9999 -9999 -9999 -9999 -3.01668 1.12626 4.45309 6.19082 7.60381 7.99113 8.13484 7.52085 7.06131 5.94107 4.88004 3.24378 0.793505 -0.716343 2.05621 6.08838 7.57076 7.44767 7.34986 6.5387 5.80719 5.71058 5.76046 4.90786 3.67088 2.05696 1.55088 0.983691 2.92428 3.18579 3.04209 5.17688 5.18033 5.05749 4.23862 3.32111 3.49288 2.92364 3.35326 2.6753 3.2934 3.82723 4.02478 4.00524 3.92877 3.9169 3.88215 3.9359 3.9325 3.921 3.91184 3.90614 3.8964 3.86994 3.8543 3.86178 3.84224 3.82807 3.81395 3.80995 3.80369 3.77118 3.74146 3.47501
-9999 -9999 -9999 -9999 -9999 -9999 -9999 -2.83946 0.642461 3.59759 5.36763 7.07114 7.46492 8.03871 7.91277 7.43135 6.45722 5.2405 3.89341 1.7909 0.227364 2.08124 4.75643 6.6714 7.3522 7.33904 7.28826 7.10125 7.02097 6.80402 6.64566 5.75791 4.23251 3.3698 2.10912 4.27197 4.51267 4.17192 5.2508 5.19485 3.55886 2.30056 2.14217 2.90559 2.17422 2.04152 1.58409 2.09433 3.46633 3.06201 3.13825 3.75609 3.85601 3.91757 3.93268 3.92589 3.92063 3.90795 3.90765 3.90744 3.88136 3.86848 3.86136 3.83613 3.82865 3.81061 3.79625 3.78315 3.76486 3.7376 3.66057
-9999 -9999 -9999 -9999 -9999 -9999 -9999 -2.76734 -0.429238 2.22987 4.83789 6.65719 7.38986 7.92289 7.91528 7.35577 6.87051 6.10693 4.92142 4.10737 2.69558 0.758698 3.99793 4.98767 5.86814 6.23752 7.15789 7.1305 6.70183 6.19954 6.65198 6.51261 5.30522 4.90606 4.23468 5.43635 5.43671 5.40104 5.33439 3.95174 2.0307 0.494832 1.59678 1.36406 1.86713 0.292689 1.58259 2.61932 2.95357 2.24371 1.71648 3.33192 3.59604 3.75309 3.85288 3.91771 3.89926 3.91379 3.9024 3.89593 3.88908 3.87362 3.86366 3.84802 3.83203 3.81465 3.80206 3.78197 3.75759 3.75434 3.71196
-9999 -9999 -9999 -9999 -9999 -9999 -9999 -9999 -1.81281 1.55588 4.56606 6.24097 7.29352 7.8052 7.79374 7.50649 7.17611 6.70162 5.84554 4.77058 3.07317 1.81217 2.60761 3.57708 3.67962 4.3234 6.19834 6.83581 5.92127 3.66302 4.98531 6.4623 6.43449 6.30465 6.16013 5.97477 5.80915 5.45003 4.49228 1.56286 0.98625 -0.163996 -0.0354661 -0.626655 0.655952 0.170155 1.48925 2.05924 2.27251 1.04728 1.29996 2.73133 3.29706 3.20011 3.54653 3.87689 3.88578 3.89345 3.88309 3.88865 3.88978 3.88277 3.86663 3.8542 3.84467 3.81381 3.8141 3.70367 3.63136 3.48643 3.66235
-9999 -9999 -9999 -9999 -9999 -9999 -9999 -9999 -2.48921 0.875744 4.4213 5.55805 6.69291 7.67215 7.68906 7.25109 6.83444 6.40528 5.91689 4.61351 3.34936 2.14214 1.73479 1.97409 1.94627 2.99068 5.43495 5.90473 5.69819 3.33873 2.53937 4.51404 6.17323 6.30076 6.14686 4.1872 4.6014 3.54344 2.10961 1.71358 1.08502 -0.241112 0.394303 -0.577744 -0.164145 -0.28212 0.465625 0.828744 1.7184 0.650319 0.649445 2.05473 2.76345 2.77891 3.52311 3.78719 3.85506 3.87091 3.88195 3.88377 3.89424 3.88619 3.87411 3.8585 3.82178 3.73574 3.47051 2.05243 2.05284 2.4401 2.80654
-9999 -9999 -9999 -9999 -9999 -9999 -9999 -9999 -2.1027 0.231561 3.37732 5.70695 5.85112 6.98263 7.56563 7.0895 6.55368 6.00547 5.76446 4.34615 2.7883 1.52894 0.0385878 0.280374 1.34487 3.08203 4.65964 4.9384 4.6074 3.33846 3.92963 5.27528 5.98829 6.1963 6.02694 5.59794 5.34909 4.56935 4.2302 3.14847 1.45833 0.791391 1.21042 -0.583873 -0.460914 0.19936 -0.511804 0.646145 1.19885 -0.179489 0.905908 2.15028 2.78539 3.34047 3.6022 3.70543 3.86489 3.86752 3.87959 3.8856 3.88197 3.88066 3.85332 3.83046 3.67883 3.45574 2.13434 1.57961 1.68613 2.29498 2.82796
-9999 -9999 -9999 -9999 -9999 -9999 -9999 -9999 -1.70753 0.393919 3.12119 4.78145 5.07653 6.33156 7.44732 7.32014 6.76269 6.59128 6.0135 4.81023 3.48129 2.02884 1.32114 -0.30222 1.28968 2.54208 3.87766 4.50041 3.45595 2.93264 3.84925 4.76062 5.12273 6.04355 6.03187 5.72803 4.42731 3.7919 4.05722 3.7831 3.30471 2.14062 2.08672 1.33807 1.02659 0.732151 -0.224173 0.378359 0.436291 0.596044 1.90177 2.54836 2.97638 3.36559 3.46635 3.63464 3.85367 3.8715 3.8779 3.87545 3.87817 3.86055 3.79637 3.74204 3.43819 2.90135 1.90084 0.276915 1.4168 2.60883 2.96194
-9999 -9999 -9999 -9999 -9999 -9999 -9999 -9999 -2.06922 0.16338 2.49392 3.46691 3.63012 5.90338 7.29443 7.29452 7.02902 6.71926 5.29555 5.37648 5.0896 3.77913 1.87138 -0.223711 -0.0306816 1.20848 2.97107 3.55271 1.83212 1.2241 1.66551 3.04547 4.28052 5.57038 5.89595 5.51399 3.49067 1.34078 2.33455 3.39661 3.38856 3.07416 1.99433 1.64988 1.33779 0.549114 -0.786886 -0.597456 -0.229771 1.25161 1.72021 2.44544 3.04746 2.81769 2.94901 3.52509 3.85496 3.86583 3.87016 3.87955 3.87042 3.84912 3.72257 3.58862 3.36479 1.96741 1.09784 -0.167697 1.29723 2.10926 2.53812
-9999 -9999 -9999 -9999 -9999 -9999 -9999 -9999 -2.76436 -1.14486 1.08262 1.97892 3.41009 5.55819 6.61356 7.11825 7.10476 6.8975 6.25863 5.87347 5.11682 3.75369 1.89066 -0.180089 -1.52933 -0.848307 1.52159 2.07971 0.493534 -0.312215 0.683959 2.15491 4.33456 5.57875 5.7444 5.629 5.2098 3.63953 1.74291 1.74713 2.69505 1.89791 0.971743 1.47766 1.38128 0.602511 0.0353257 -0.31741 -0.106587 0.736588 1.08523 1.92341 3.16157 3.33727 3.30021 3.82056 3.84497 3.8555 3.87358 3.87135 3.86496 3.84768 3.74411 3.51409 2.58338 1.77151 0.642659 0.501483 1.80384 2.37275 2.90186
-9999 -9999 -9999 -9999 -9999 -9999 -9999 -9999 -3.95889 -2.05301 0.033507 1.98709 3.83527 5.42563 5.54641 6.38409 6.38069 6.81841 6.68988 6.09737 5.45968 4.28483 1.89243 -0.119879 -2.31433 -1.73989 0.679824 0.98446 -0.076102 -2.03265 -0.018886 2.20232 4.21525 5.30369 4.44548 5.31969 5.2452 4.65535 3.52535 1.76971 1.80065 0.484417 0.424999 1.09756 1.31427 1.19949 0.773129 0.0913814 0.199981 0.709798 0.838814 1.60896 2.56906 3.50771 3.66393 3.84157 3.84758 3.84885 3.86187 3.86212 3.84088 3.7911 3.68277 2.90222 1.97422 1.40182 0.614677 0.517503 2.02325 2.61857 2.94977
-9999 -9999 -9999 -9999 -9999 -9999 -9999 -9999 -9999 -2.25173 -0.0960435 1.49851 1.92622 3.33959 4.10172 4.69093 4.81969 6.50521 6.59576 6.21917 5.63318 4.63074 2.81462 1.54824 -0.556785 -2.07083 -1.46002 -1.18085 -0.628952 -0.795889 0.100489 2.23488 4.4588 4.69892 3.28161 3.48852 3.78203 4.44298 4.10412 1.71271 0.496594 -0.513256 0.200127 0.950678 1.13047 1.1645 1.01676 0.841954 0.544923 1.54981 2.29284 2.46352 3.11124 3.589 3.71964 3.81769 3.82831 3.8392 3.83777 3.80821 3.78631 3.66425 3.39277 2.51977 0.422752 0.518658 0.290048 -0.363736 1.10556 2.02828 2.85837
-9999 -9999 -9999 -9999 -9999 -9999 -9999 -9999 -9999 -2.97328 -0.478702 0.0464427 0.00500655 -0.82392 -0.44561 2.6168 3.23157 4.84794 6.37824 6.26307 5.68811 4.75 3.66715 1.99215 -0.374921 -2.2565 -3.05739 -1.04387 0.933892 1.34053 1.97116 3.27788 3.52389 2.07536 0.716932 1.47556 1.93158 3.67613 3.99256 3.6506 2.20874 0.560484 -0.301116 0.710517 0.843501 0.901749 0.911153 0.874192 0.825528 1.95604 2.58214 3.01585 3.25111 3.66107 3.76465 3.79666 3.82674 3.81766 3.7948 3.72811 3.65246 3.32501 2.9289 1.49998 0.308276 -0.435667 -1.37951 0.740701 1.36581 2.23471 2.79324
