Test_Spring_2018/02_18/Temp/20180219_011.txt
ncols	170
nrows	115
xllcorner	350000.000000
yllcorner	4445000.000000
cellsize	1000.000000
nodata_value	-9999.000000
[rows 32 to 63 of 115, columns 72 to 143 of 170]
10.731 10.3915 10.9298 11.4259 11.1276 10.9338 11.7478 11.7524 11.4817 10.8399 10.6073 10.3661 10.22 9.39539 7.07314 4.98009 6.1086 6.13971 5.36684 6.76477 6.03258 4.11586 1.4083 2.88554 2.50538 0.572426 0.0969785 -9999 -9999 -9999 -9999 -9999 -9999 -9999 -9999 -9999 -9999 -9999 -9999 -9999 -9999 -9999 -9999 -9999 -9999 -9999 -9999 -9999 -9999 -9999 -9999 -9999 -9999 -9999 -9999 -9999 -9999 -9999 -9999 -9999 -9999 -9999 -9999 -9999 -9999 -9999 -9999 -9999 -9999 -9999 -9999 -9999
10.2839 10.1411 10.9386 10.9274 10.8777 11.1694 11.678 11.7826 11.6799 11.4027 11.1634 10.9085 10.2544 9.31041 7.32367 4.94063 4.40364 5.57666 5.63706 5.82909 5.16215 4.32324 3.00847 4.09182 4.51461 3.24336 1.58477 0.522706 -9999 -9999 -9999 -9999 -9999 -9999 -9999 -9999 -9999 -9999 -9999 -9999 -9999 -9999 -9999 -9999 -9999 -9999 -9999 -9999 -9999 -9999 -9999 -9999 -9999 -9999 -9999 -9999 -9999 -9999 -9999 -9999 -9999 -9999 -9999 -9999 -9999 -9999 -9999 -9999 -9999 -9999 -9999 -9999
9.74788 8.98498 9.46773 9.83152 10.4946 10.677 10.7813 11.7309 11.6857 11.6468 11.2482 10.9305 10.4008 9.49248 8.19722 6.63664 3.91584 5.60078 6.92099 6.89149 6.82347 6.2369 4.97393 6.03734 6.0906 4.46435 2.62589 1.54802 1.10397 -9999 -9999 -9999 -9999 -9999 -9999 -9999 -9999 -9999 -9999 -9999 -9999 -9999 -9999 -9999 -9999 -9999 -9999 -9999 -9999 -9999 -9999 -9999 -9999 -9999 -9999 -9999 -9999 -9999 -9999 -9999 -9999 -9999 -9999 -9999 -9999 -9999 -9999 -9999 -9999 -9999 -9999 -9999
9.13667 8.20355 8.68917 9.33542 10.2443 10.7151 11.0783 11.3658 11.6589 11.6298 11.2219 10.0073 9.83814 9.79028 8.94481 7.16505 5.3875 4.93027 6.94195 7.52064 7.40754 7.85962 6.79027 7.30096 7.09653 6.52273 4.74767 3.13591 2.47251 1.15861 -9999 -9999 -9999 -9999 -9999 -9999 -9999 -9999 -9999 -9999 -9999 -9999 -9999 -9999 -9999 -9999 -9999 -9999 -9999 -9999 -9999 -9999 -9999 -9999 -9999 -9999 -9999 -9999 -9999 -9999 -9999 -9999 -9999 -9999 -9999 -9999 -9999 -9999 -9999 -9999 -9999 -9999
-9999 -9999 7.63302 8.50983 9.24072 10.1249 10.8945 11.2821 11.6587 11.6339 10.8137 10.4151 10.3849 9.83281 8.85611 8.24478 7.12732 5.96268 6.41347 8.12938 7.37178 8.58831 8.48926 8.71559 7.90825 6.36921 4.31032 3.11255 2.5195 1.45556 -9999 -9999 -9999 -9999 -9999 -9999 -9999 -9999 -9999 -9999 -9999 -9999 -9999 -9999 -9999 -9999 -9999 -9999 -9999 -9999 -9999 -9999 -9999 -9999 -9999 -9999 -9999 -9999 -9999 -9999 -9999 -9999 -9999 -9999 -9999 -9999 -9999 -9999 -9999 -9999 -9999 -9999
-9999 -9999 -9999 8.36413 8.92293 10.1106 10.7231 10.9765 11.581 11.5876 11.2803 11.0495 10.7122 10.2698 9.5371 8.72797 7.67728 7.58401 8.68323 8.70072 8.47572 8.6591 9.22516 9.08018 7.82278 5.66083 4.51943 2.18275 1.18992 1.29555 0.593226 -9999 -9999 -9999 -9999 -9999 -9999 -9999 -9999 -9999 -9999 -9999 -9999 3.33847 -9999 -9999 -9999 -9999 -9999 -9999 -9999 -9999 -9999 -9999 -9999 -9999 -9999 -9999 -9999 -9999 -9999 -9999 -9999 -9999 -0.901338 -9999 -9999 -9999 -9999 -9999 -9999 -9999
-9999 -9999 8.26806 9.01184 9.59196 10.3385 10.4108 10.8591 11.5535 11.569 11.3527 11.1076 10.5496 10.4153 10.0004 9.12157 8.94543 9.30802 9.47715 9.66806 9.78691 9.69698 9.47246 9.1812 8.3693 7.36774 6.69665 4.56489 3.49093 2.46659 0.914544 -0.298519 -9999 -9999 -9999 -9999 -9999 -9999 -9999 2.53594 2.48057 2.51022 2.85316 3.79672 3.2441 -9999 -9999 -9999 -9999 -9999 -9999 -9999 -9999 -9999 -9999 -9999 -9999 -9999 -9999 -9999 -9999 -9999 -9999 -9999 -0.0333212 -1.25822 -9999 -9999 -9999 -9999 -9999 -9999
-9999 -9999 8.48245 9.26444 9.65776 10.3831 10.8006 11.073 11.3174 11.5514 11.5187 11.247 10.8307 10.8388 10.2626 9.95414 9.735 10.2239 10.3238 10.1332 9.89304 9.68087 9.07441 9.00704 8.80565 8.17094 7.12736 6.05211 4.48597 2.37748 0.310121 -1.3563 -9999 -9999 -9999 -9999 -9999 -9999 2.72677 3.51237 3.98362 2.98843 3.84154 4.62104 4.49738 3.73165 -9999 -9999 -9999 -9999 -9999 -9999 -9999 -9999 -9999 -9999 -9999 -9999 -9999 -9999 5.78923 4.53462 1.99803 0.698014 -0.0819658 -1.19606 -9999 -9999 -9999 -9999 -9999 -9999
-9999 -9999 8.34172 9.26439 9.89136 10.4487 10.5428 11.1171 11.3639 11.4924 11.4838 11.4346 11.3626 10.8608 10.6479 9.88605 10.6246 10.6012 10.4196 9.68818 9.37301 8.11404 7.56173 7.43531 8.4995 7.71774 6.08266 4.03816 1.57939 1.41369 0.60423 -0.884369 -9999 -9999 -9999 -9999 -9999 -9999 2.98727 3.82728 4.52824 4.63159 3.64163 5.0256 4.96246 4.18788 4.0117 4.64594 4.96767 4.72298 5.4723 5.69637 5.3573 5.73559 -9999 -9999 -9999 -9999 5.97633 6.02979 6.07025 5.54835 2.77689 0.883844 -0.81649 -0.978036 -9999 -9999 -9999 -9999 -9999 -9999
-9999 -9999 8.98997 9.56014 9.85141 9.90358 10.4046 10.9077 11.2131 11.4432 11.4044 11.3922 11.3788 11.211 10.8132 10.8909 10.8631 10.6323 9.23694 7.60727 8.32291 7.354 5.2816 6.96619 7.89533 7.00898 5.02686 2.72835 1.97688 2.00372 0.876399 -0.572272 -9999 -9999 -9999 0.706485 1.91012 2.01888 2.3761 3.49574 4.34752 4.98596 5.42259 5.40762 4.93969 4.18142 3.35741 3.64987 5.12977 5.49089 5.78185 6.01399 5.69954 5.8714 6.27102 6.47959 6.52511 6.43583 6.41801 6.45332 6.40845 5.92175 3.43967 2.02053 1.11467 -0.713439 -9999 -9999 -9999 -9999 -9999 -9999
-9999 -9999 8.64839 9.14489 9.54829 10.2159 10.2919 10.716 10.9723 11.3428 11.3905 10.9651 11.3277 11.2874 11.2263 11.0901 10.8877 9.7108 8.08658 6.45797 5.70785 6.03305 4.78731 5.42662 6.36804 6.02482 4.81258 2.76521 2.47982 2.00571 0.0987685 -1.72891 -9999 -9999 -1.60721 0.698351 2.323 3.16295 3.4256 3.45352 4.52596 4.61146 5.76438 5.49393 3.96247 4.13248 3.53277 3.91546 4.45944 4.60835 5.38522 6.13075 6.27562 6.28258 6.53868 6.59485 6.61259 6.61021 6.44312 6.52446 6.53894 6.23614 4.44032 3.56447 2.59664 -0.667297 -9999 -9999 -9999 -9999 -9999 -9999
-9999 -9999 8.91424 9.46867 10.0755 10.1788 10.6303 10.5907 10.4725 11.0996 11.3294 11.0311 10.8179 11.2278 11.2055 11.1571 11.0736 9.96791 8.68721 6.74591 5.54074 4.80549 4.2835 3.58226 4.06695 3.92206 3.72718 3.95763 3.39469 2.27247 1.16238 -0.924814 -2.04735 -9999 -1.46679 -0.423002 1.50849 3.15009 4.19311 3.82252 5.04159 5.26858 5.97054 5.55796 4.62484 4.22593 4.18903 4.06625 4.88496 5.4307 5.81582 6.07751 6.39787 6.48403 6.57112 6.61035 6.63388 6.65742 6.65727 6.65418 6.62041 6.50769 5.68243 4.80649 2.91579 -0.542962 -9999 -9999 -9999 -9999 -9999 -9999
-9999 7.32348 8.86453 9.79065 10.1527 10.4158 10.6487 10.819 10.9995 11.1668 11.284 11.2401 10.4397 10.5115 10.6622 11.1253 11.0975 11.0016 10.3032 7.94019 7.12606 5.93474 4.38993 3.74135 4.0671 5.33846 5.28461 4.44748 3.51453 2.22243 1.40084 0.1266 -2.32832 -2.10116 -0.988625 -0.159423 1.15522 3.16099 4.56762 5.19651 5.43491 5.92867 6.18502 5.6189 5.07349 4.8454 4.4246 4.36384 4.36572 4.86013 5.24237 6.09885 6.39048 6.52145 6.59356 6.63488 6.66638 6.69723 6.71061 6.69775 6.70139 6.69646 6.63566 5.47117 2.55777 0.358978 -9999 -9999 -9999 -9999 -9999 -9999
-9999 -9999 8.59356 9.00385 9.11536 9.30661 9.69238 10.1364 10.7648 10.8509 11.1989 11.2034 10.513 9.71636 10.4214 10.7045 10.9974 11.0105 10.9241 8.93926 7.90233 7.08641 5.60523 6.13897 6.64988 6.69098 6.38684 4.58832 2.79746 0.731018 -1.19734 -1.28509 -2.32144 -1.76797 -1.0307 0.851691 2.17774 2.71812 3.1067 5.1438 5.67469 5.85653 6.37705 5.66603 5.47857 4.94265 5.09906 5.05037 5.05185 3.57252 5.0516 5.14021 6.10823 6.54293 6.64272 6.67491 6.70897 6.71881 6.72914 6.72865 6.74143 6.72823 6.71299 5.95616 2.26121 0.401628 -9999 -9999 -9999 -9999 -9999 -9999
-9999 -9999 -9999 -9999 8.74625 9.06102 9.26515 9.6142 10.6724 10.9616 11.1559 11.1782 10.8745 10.0852 9.88182 10.033 9.26267 9.91604 10.8078 10.7895 10.6854 8.9402 8.04515 8.9134 8.65244 7.34054 6.30879 5.2908 3.19346 1.65807 -0.552638 -2.21122 -2.26886 -0.427941 1.10061 3.00551 3.84907 3.37736 3.89801 4.91094 6.06036 6.616 6.48493 5.73528 5.62274 4.79727 5.60359 5.67058 5.29256 4.96614 5.09162 5.57025 5.75424 6.5127 6.69925 6.73373 6.74525 6.75389 6.75564 6.75551 6.74901 6.74308 6.73344 6.6993 2.90114 -0.0580296 -9999 -9999 -9999 -9999 -9999 -9999
-9999 -9999 -9999 -9999 8.03032 8.22438 8.72516 10.0018 10.6742 10.9491 10.9463 11.0769 10.8645 10.1713 9.45928 8.78795 7.92024 8.4244 9.74966 10.5323 10.6245 9.09514 9.89215 9.59582 9.00948 7.29298 6.02878 5.36 3.34652 1.62226 0.152822 -1.87719 -1.00194 -0.0381279 1.19861 3.27543 4.67895 5.25826 4.78047 5.42943 6.75189 6.7601 6.03771 6.08373 5.63603 4.50875 5.67704 6.00409 5.73643 5.80376 5.70059 5.87898 6.20456 6.51709 6.7267 6.75881 6.76636 6.76522 6.76996 6.7748 6.76345 6.76676 6.75722 6.73799 4.28612 -0.0992692 -9999 -9999 -9999 -9999 -9999 -9999
-9999 -9999 -9999 -9999 -9999 7.38599 8.5208 10.2133 10.639 10.6071 10.9615 10.9978 10.6685 10.3833 9.51777 8.3329 6.0514 6.63897 7.85932 9.61662 10.5417 10.4208 9.90777 9.0197 6.86744 4.98425 4.75781 4.45192 2.98329 1.65596 0.0217428 0.975417 2.02013 3.16303 3.76636 3.61696 4.8203 5.80184 5.39154 6.18704 7.11343 6.69524 6.44735 6.2385 5.72235 5.68918 5.73977 6.4023 5.94018 6.22133 6.22426 6.20874 6.36774 6.55158 6.7456 6.78099 6.78623 6.79468 6.7776 6.78973 6.7822 6.7738 6.76527 6.74894 6.52654 4.16209 2.74972 -9999 -9999 -9999 -9999 -9999
-9999 -9999 -9999 -9999 -9999 6.35805 6.92704 8.93036 9.55412 10.4426 10.9173 10.945 10.3848 10.0753 8.78269 8.36719 6.25736 5.30451 6.12203 5.81524 8.23321 10.373 9.90773 5.59823 4.03891 2.92746 3.21625 3.22182 2.8153 0.55382 -0.0662827 1.96549 3.2469 4.24123 4.99709 5.15904 5.13898 6.6717 6.87825 7.37768 7.27198 7.31911 6.54831 6.0706 6.47974 5.99678 5.91235 6.59699 5.91858 6.52892 6.45253 6.26925 6.26099 6.66635 6.75117 6.79821 6.80538 6.79482 6.77991 6.77202 6.78868 6.78524 6.76454 6.76636 6.74418 6.45863 5.23564 4.80669 5.27736 -9999 -9999 -9999
-9999 -9999 -9999 -9999 -9999 -9999 5.07795 7.85959 9.13458 9.80688 10.751 10.8702 10.5756 10.0352 8.71834 7.56089 5.67545 3.52123 2.38162 5.80997 8.79412 10.3534 10.1487 6.56214 5.14828 5.08534 5.92251 5.2215 4.69079 2.97287 2.46269 1.75242 2.19767 3.58144 4.71265 5.80448 6.59977 6.66957 7.18694 7.48262 7.50907 7.60264 7.51248 7.43825 6.68677 7.19893 6.76087 6.99047 6.8398 6.704 6.58418 6.1589 6.46096 6.72952 6.80123 6.82562 6.81399 6.8152 6.80911 6.7893 6.77922 6.78029 6.77965 6.76698 6.76687 6.74904 6.61066 5.87407 4.88838 3.64358 -9999 -9999
-9999 -9999 -9999 -9999 -9999 -9999 3.7047 6.4727 7.81057 9.52969 10.4179 10.7818 10.7402 10.3034 9.30412 7.79712 6.54261 4.13715 1.63911 5.23801 8.44207 10.1738 10.2693 7.25193 8.09124 7.41838 7.69413 6.45994 5.94928 5.5456 4.6612 3.69405 2.63593 2.07826 4.61162 5.91513 6.96514 7.46284 7.74603 7.88923 7.81698 7.62501 6.50308 7.35907 7.30597 7.21922 7.11986 7.07097 6.98093 6.87543 6.80974 6.78824 6.50681 6.82862 6.82357 6.83132 6.83693 6.83316 6.82211 6.81308 6.80052 6.80206 6.7898 6.78001 6.77282 6.76459 6.75436 6.71244 6.51547 4.84489 3.84499 3.55815
-9999 -9999 -9999 -9999 -9999 -9999 -0.163149 3.86103 7.09872 8.79088 10.1696 10.5523 10.6987 10.1107 9.67226 8.59355 7.57233 5.99378 3.62649 2.17084 4.86675 8.78271 10.2258 10.1121 10.0252 9.24698 8.546 8.46039 8.51677 7.69983 6.50982 4.95331 4.47004 3.92778 5.81576 6.07621 5.94361 8.01885 8.02805 7.91438 7.12562 6.24002 6.41012 5.85619 6.26928 5.61368 6.21413 6.73298 6.92611 6.90913 6.8361 6.82757 6.79735 6.85387 6.85535 6.84955 6.84648 6.84707 6.84388 6.82442 6.81518 6.82789 6.81072 6.80067 6.78386 6.77826 6.77302 6.74199 6.71344 6.45535 6.06811 5.32574
-9999 -9999 -9999 -9999 -9999 -9999 0.0237927 3.41115 6.28334 8.00879 9.66734 10.0563 10.6196 10.5047 10.0451 9.10814 7.93612 6.63789 4.6077 3.10005 4.90458 7.50663 9.37075 10.0361 10.0291 9.98773 9.81435 9.74558 9.54316 9.39897 8.54614 7.07482 6.24609 5.03153 7.13475 7.37489 7.05123 8.10309 8.05474 6.47465 5.26015 5.11115 5.85405 5.14864 5.01684 4.57002 5.06636 6.39791 6.0087 6.08462 6.68446 6.78421 6.84762 6.86638 6.86445 6.86452 6.85782 6.86341 6.86923 6.84995 6.84324 6.84172 6.82211 6.81508 6.80075 6.78542 6.76778 6.75103 6.72536 6.65133 6.5718 6.64831
-9999 -9999 -9999 -9999 -9999 -9999 0.107829 2.38639 4.97163 7.50947 9.28026 9.99776 10.5216 10.5214 9.98632 9.52321 8.79044 7.64888 6.86746 5.50689 3.63757 6.78485 7.75382 8.61239 8.97952 9.87939 9.86067 9.45296 8.97311 9.41906 9.29086 8.12799 7.74834 7.10474 8.27627 8.28335 8.25527 8.19688 6.86275 5.00647 3.52309 4.59574 4.37448 4.86455 3.3355 4.58967 5.5965 5.92238 5.23085 4.72224 6.28912 6.54829 6.70413 6.80495 6.87236 6.85949 6.87896 6.87358 6.87311 6.87226 6.86288 6.85853 6.84822 6.837 6.81902 6.80552 6.78801 6.76883 6.76653 6.71952 6.70338 6.68246
-9999 -9999 -9999 -9999 -9999 -9999 -9999 1.06013 4.33583 7.26101 8.89188 9.91943 10.4227 10.4188 10.1477 9.83477 9.38229 8.5601 7.52593 5.88864 4.67444 5.45336 6.40309 6.50735 7.13909 8.96398 9.5895 8.71079 6.53181 7.81986 9.2584 9.23846 9.11954 8.98628 8.81139 8.6575 8.31587 7.39382 4.56063 4.00935 2.89987 3.02936 2.46092 3.70665 3.23223 4.51337 5.06827 5.27733 4.09221 4.3383 5.72776 6.27903 6.18843 6.52796 6.84889 6.86241 6.87506 6.87049 6.88146 6.88814 6.88681 6.87978 6.87271 6.86795 6.83659 6.83527 6.73051 6.66223 6.52318 6.69481 6.7108 6.71384
-9999 -9999 -9999 -9999 -9999 -9999 -9999 0.421819 3.69105 7.13512 8.2445 9.3519 10.3084 10.3321 9.91501 9.51859 9.11011 8.64433 7.3888 6.1714 5.00929 4.62246 4.86241 4.84234 5.86226 8.23882 8.70172 8.50907 6.23126 5.46367 7.38446 8.99938 9.12979 8.98735 7.09472 7.50263 6.48361 5.10013 4.72223 4.11871 2.83884 3.45969 2.5223 2.92746 2.80793 3.5357 3.8905 4.75548 3.72305 3.72381 5.08815 5.77826 5.79679 6.52193 6.78214 6.85254 6.87286 6.88879 6.89595 6.91156 6.90916 6.90266 6.89243 6.86134 6.78195 6.52245 5.14577 5.14843 5.52567 5.88252 6.52438 6.70854
-9999 -9999 -9999 -9999 -9999 -9999 -9999 0.810898 3.08124 6.13789 8.40343 8.55077 9.65492 10.2274 9.77341 9.26157 8.73779 8.51179 7.14489 5.64284 4.43016 2.99368 3.23597 4.27561 5.96572 7.50227 7.77994 7.46659 6.2456 6.82558 8.13667 8.83453 9.04286 8.88536 8.47612 8.24135 7.49192 7.16933 6.12686 4.49451 3.85355 4.26478 2.53065 2.65433 3.29845 2.60305 3.72852 4.26728 2.93452 3.98768 5.19697 5.81598 6.35768 6.61535 6.71972 6.87888 6.88631 6.90311 6.91417 6.91594 6.91992 6.8985 6.88118 6.73873 6.52662 5.24964 4.70344 4.80936 5.40184 5.92062 6.4575 6.68068
-9999 -9999 -9999 -9999 -9999 -9999 -9999 1.20848 3.25323 5.90436 7.52125 7.81495 9.03889 10.1278 10.0121 9.47935 9.3208 8.76845 7.60996 6.32975 4.92989 4.25187 2.68647 4.23719 5.4575 6.75939 7.37039 6.36719 5.86709 6.76242 7.65258 8.01031 8.90942 8.90469 8.61671 7.36246 6.75287 7.01608 6.7563 6.29834 5.1756 5.12856 4.40793 4.11072 3.82977 2.89671 3.48418 3.54374 3.70085 4.96885 5.59905 6.01759 6.39871 6.50052 6.66802 6.88493 6.90705 6.91826 6.92101 6.9288 6.91684 6.85962 6.81174 6.52178 6.00568 5.03987 3.45716 4.56495 5.72306 6.06983 6.40114 6.57753
-9999 -9999 -9999 -9999 -9999 -9999 -9999 0.872634 3.04455 5.31126 6.26216 6.42816 8.63902 9.99483 10.0025 9.75281 9.46021 8.08804 8.17415 7.90383 6.64154 4.80043 2.77778 2.97271 4.17754 5.89592 6.46701 4.80847 4.22625 4.661 6.00527 7.209 8.46576 8.78785 8.42413 6.46954 4.39216 5.36132 6.3965 6.39438 6.09515 5.05387 4.72506 4.42737 3.66758 2.36879 2.55387 2.91388 4.35114 4.80897 5.51563 6.10301 5.88443 6.016 6.5788 6.90317 6.91853 6.9277 6.94183 6.93805 6.92242 6.80468 6.6796 6.4672 5.11718 4.27841 3.0496 4.46592 5.25614 5.67134 6.42415 6.60528
-9999 -9999 -9999 -9999 -9999 -9999 -9999 0.213715 1.79153 3.95845 4.83513 6.23007 8.31974 9.3503 9.84711 9.84168 9.64844 9.03692 8.6713 7.94566 6.63229 4.83447 2.83536 1.53553 2.20336 4.50644 5.05375 3.52637 2.7525 3.72491 5.15736 7.27657 8.48907 8.65619 8.5508 8.15085 6.6352 4.8031 4.81306 5.73742 4.97034 4.078 4.57337 4.48482 3.73474 3.18955 2.84088 3.04753 3.86794 4.20973 5.02606 6.23015 6.40471 6.37323 6.88212 6.91051 6.92558 6.94805 6.95089 6.94969 6.93789 6.84237 6.62414 5.72667 4.94417 3.85425 3.72134 4.97398 5.53028 6.04168 6.4123 6.53472
-9999 -9999 -9999 -9999 -9999 -9999 -9999 -0.929114 0.926359 2.95677 4.85824 6.65744 8.20666 8.33154 9.15113 9.15552 9.58739 9.47045 8.90385 8.29347 7.16253 4.8516 2.90909 0.790071 1.35457 3.70306 4.01041 2.98965 1.10049 3.05912 5.21873 7.1764 8.238 7.41285 8.26658 8.20073 7.63525 6.54612 4.85047 4.88611 3.61593 3.56361 4.2205 4.43541 4.32889 3.92028 3.25516 3.36039 3.85801 3.98711 4.73767 5.67245 6.58659 6.74257 6.91944 6.93009 6.93622 6.95381 6.95904 6.94341 6.90007 6.7999 6.0481 5.15325 4.60288 3.84422 3.75411 5.21076 5.78586 6.106 6.42675 6.55501
-9999 -9999 -9999 -9999 -9999 -9999 -9999 -9999 0.748836 2.84642 4.40005 4.8227 6.20049 6.947 7.52584 7.65834 9.29953 9.3949 9.03752 8.4772 7.51329 5.76083 4.54118 2.50879 1.0492 1.64367 1.92733 2.46932 2.31462 3.19039 5.26592 7.42815 7.66764 6.30071 6.50776 6.79858 7.44534 7.12294 4.81111 3.63812 2.66483 3.36144 4.09388 4.27301 4.31072 4.17216 3.9965 3.7102 4.68819 5.41249 5.58222 6.21441 6.68202 6.81335 6.91321 6.92843 6.94396 6.94759 6.92395 6.90767 6.79427 6.53594 5.69453 3.66671 3.76405 3.54676 2.9173 4.34554 5.22642 6.03532 6.46645 6.57988
-9999 -9999 -9999 -9999 -9999 -9999 -9999 -9999 0.0646892 2.49088 3.00822 2.97631 2.18106 2.55566 5.53146 6.13499 7.70915 9.19982 9.09575 8.54605 7.64442 6.60255 4.98684 2.70047 0.884664 0.118024 2.07235 3.99954 4.40079 5.01909 6.29258 6.53799 5.14102 3.83123 4.57306 5.02142 6.71838 7.03106 6.70544 5.31362 3.72155 2.89168 3.87708 4.01078 4.07192 4.08563 4.05168 4.00049 5.09799 5.70905 6.13382 6.3664 6.76844 6.87369 6.90968 6.94387 6.94016 6.92308 6.86349 6.79515 6.48267 6.10354 4.72332 3.57288 2.85628 1.94584 4.00489 4.6149 5.45093 5.99006 6.41901 6.51533
