Test_Spring_2018/02_18/Temp/20180225_004.txt
ncols	170
nrows	115
xllcorner	350000.000000
yllcorner	4445000.000000
cellsize	1000.000000
nodata_value	-9999.000000
[rows 31 to 61 of 115, columns 71 to 141 of 170]
7.42189 7.67048 7.20696 7.25586 8.37691 8.63745 8.62391 8.53276 8.42968 7.90219 7.7278 7.31278 6.57932 6.27341 4.96594 0.732743 1.93331 2.40354 1.1767 1.86299 2.97921 2.00804 -0.874912 -2.11658 -4.11668 -3.48599 -4.07998 -5.69025 -9999 -9999 -9999 -9999 -9999 -9999 -9999 -9999 -9999 -9999 -9999 -9999 -9999 -9999 -9999 -9999 -9999 -9999 -9999 -9999 -9999 -9999 -9999 -9999 -9999 -9999 -9999 -9999 -9999 -9999 -9999 -9999 -9999 -9999 -9999 -9999 -9999 -9999 -9999 -9999 -9999 -9999 -9999
7.1843 7.15809 6.71193 7.40755 8.04845 7.6733 7.42153 8.47661 8.47943 8.12433 7.28634 6.98052 6.66316 6.46944 5.39299 2.36885 -0.357421 1.10558 1.14144 0.131778 1.94516 0.988655 -1.50802 -5.03286 -3.11543 -3.61311 -6.10548 -6.72186 -9999 -9999 -9999 -9999 -9999 -9999 -9999 -9999 -9999 -9999 -9999 -9999 -9999 -9999 -9999 -9999 -9999 -9999 -9999 -9999 -9999 -9999 -9999 -9999 -9999 -9999 -9999 -9999 -9999 -9999 -9999 -9999 -9999 -9999 -9999 -9999 -9999 -9999 -9999 -9999 -9999 -9999 -9999
6.79458 6.5622 6.37205 7.40483 7.38606 7.32849 7.71431 8.3718 8.50441 8.36754 8.00345 7.6885 7.35317 6.49857 5.26679 2.6789 -0.424423 -1.12714 0.393886 0.468119 0.713633 -0.157686 -1.25244 -2.96579 -1.56034 -1.01369 -2.65748 -4.79957 -6.17882 -9999 -9999 -9999 -9999 -9999 -9999 -9999 -9999 -9999 -9999 -9999 -9999 -9999 -9999 -9999 -9999 -9999 -9999 -9999 -9999 -9999 -9999 -9999 -9999 -9999 -9999 -9999 -9999 -9999 -9999 -9999 -9999 -9999 -9999 -9999 -9999 -9999 -9999 -9999 -9999 -9999 -9999
6.20355 5.85046 4.85408 5.47772 5.94678 6.82079 7.05914 7.19136 8.4228 8.36038 8.30598 7.78372 7.3664 6.67331 5.48783 3.79907 1.7653 -1.77719 0.409735 2.12251 2.08026 1.98811 1.22184 -0.423831 0.955963 1.02229 -1.07703 -3.45399 -4.85842 -5.43876 -9999 -9999 -9999 -9999 -9999 -9999 -9999 -9999 -9999 -9999 -9999 -9999 -9999 -9999 -9999 -9999 -9999 -9999 -9999 -9999 -9999 -9999 -9999 -9999 -9999 -9999 -9999 -9999 -9999 -9999 -9999 -9999 -9999 -9999 -9999 -9999 -9999 -9999 -9999 -9999 -9999
5.38038 5.04068 3.82322 4.45083 5.28739 6.47138 7.08906 7.56342 7.93362 8.31097 8.26914 7.73446 6.15062 5.92611 5.85935 4.75541 2.43659 0.1208 -0.477841 2.13437 2.88332 2.7329 3.31768 1.92416 2.58551 2.31702 1.57549 -0.720315 -2.80649 -3.67202 -5.38373 -9999 -9999 -9999 -9999 -9999 -9999 -9999 -9999 -9999 -9999 -9999 -9999 -9999 -9999 -9999 -9999 -9999 -9999 -9999 -9999 -9999 -9999 -9999 -9999 -9999 -9999 -9999 -9999 -9999 -9999 -9999 -9999 -9999 -9999 -9999 -9999 -9999 -9999 -9999 -9999
-9999 -9999 -9999 3.06295 4.20562 5.15002 6.30762 7.31023 7.81051 8.29635 8.25985 7.18873 6.66574 6.62173 5.899 4.62425 3.82482 2.36745 0.849027 1.43164 3.65977 2.67159 4.25086 4.11954 4.4115 3.35932 1.36546 -1.30197 -2.84979 -3.62375 -5.01038 -9999 -9999 -9999 -9999 -9999 -9999 -9999 -9999 -9999 -9999 -9999 -9999 -9999 -9999 -9999 -9999 -9999 -9999 -9999 -9999 -9999 -9999 -9999 -9999 -9999 -9999 -9999 -9999 -9999 -9999 -9999 -9999 -9999 -9999 -9999 -9999 -9999 -9999 -9999 -9999
-9999 -9999 -9999 -9999 4.00243 4.72314 6.26446 7.07331 7.39907 8.1811 8.18522 7.78076 7.4757 7.03198 6.45179 5.49409 4.43734 3.06679 2.9417 4.36778 4.38755 4.09234 4.32853 5.06257 4.87212 3.24275 0.43151 -1.05445 -4.07171 -5.36539 -5.23103 -6.14776 -9999 -9999 -9999 -9999 -9999 -9999 -9999 -9999 -9999 -9999 -9999 -9999 -2.62542 -9999 -9999 -9999 -9999 -9999 -9999 -9999 -9999 -9999 -9999 -9999 -9999 -9999 -9999 -9999 -9999 -9999 -9999 -9999 -9999 -8.18063 -9999 -9999 -9999 -9999 -9999
-9999 -9999 -9999 3.86029 4.82802 5.57986 6.54776 6.64923 7.23268 8.13151 8.14695 7.86063 7.53656 6.80554 6.62554 6.08099 4.93344 4.70015 5.16796 5.38472 5.63032 5.78267 5.6639 5.37036 4.99021 3.94218 2.63876 1.76486 -0.997439 -2.38542 -3.72042 -5.74216 -7.32353 -9999 -9999 -9999 -9999 -9999 -9999 -9999 -3.67125 -3.7463 -3.71042 -3.26679 -2.04183 -2.76233 -9999 -9999 -9999 -9999 -9999 -9999 -9999 -9999 -9999 -9999 -9999 -9999 -9999 -9999 -9999 -9999 -9999 -9999 -9999 -7.06387 -8.65972 -9999 -9999 -9999 -9999
-9999 -9999 -9999 4.12811 5.14319 5.65251 6.59313 7.13294 7.49761 7.81109 8.11034 8.06244 7.70347 7.15631 7.16124 6.40665 6.00058 5.71129 6.3434 6.47029 6.22017 5.90603 5.62878 4.83912 4.75069 4.49693 3.67117 2.31339 0.914014 -1.10339 -3.84811 -6.53998 -8.71102 -9999 -9999 -9999 -9999 -9999 -9999 -3.43291 -2.4147 -1.80479 -3.10139 -1.99402 -0.982045 -1.14432 -2.13297 -9999 -9999 -9999 -9999 -9999 -9999 -9999 -9999 -9999 -9999 -9999 -9999 -9999 -9999 0.508941 -1.12627 -4.42824 -6.12186 -7.13898 -8.59043 -9999 -9999 -9999 -9999
-9999 -9999 -9999 3.93165 5.1302 5.94382 6.66632 6.78583 7.53218 7.85866 8.0205 8.00361 7.93363 7.83384 7.1752 6.89265 5.89674 6.85272 6.81869 6.57969 5.6265 5.21528 3.57728 2.85862 2.70206 4.08644 3.07011 0.943729 -1.71557 -4.90481 -5.11276 -6.16883 -8.10874 -9999 -9999 -9999 -9999 -9999 -9999 -3.10722 -2.01824 -1.10947 -0.977293 -2.26637 -0.467934 -0.543387 -1.55108 -1.7807 -0.956694 -0.539451 -0.848726 0.131636 0.419314 -0.0259186 0.46123 -9999 -9999 -9999 -9999 0.748431 0.813451 0.862007 0.179706 -3.42754 -5.89211 -8.10579 -8.31586 -9999 -9999 -9999 -9999
-9999 -9999 -9999 4.76161 5.50233 5.87987 5.94585 6.59482 7.24844 7.6502 7.93895 7.88274 7.86073 7.83695 7.61234 7.08906 7.1847 7.14382 6.83973 5.02211 2.90061 3.82973 2.57522 -0.119955 2.07928 3.28878 2.13714 -0.439884 -3.42894 -4.39806 -4.35624 -5.82566 -7.7175 -9999 -9999 -9999 -6.0752 -4.51518 -4.37858 -3.91836 -2.46605 -1.36146 -0.52896 0.0374571 0.0178764 -0.584657 -1.57059 -2.64212 -2.26204 -0.338227 0.130146 0.523892 0.822074 0.40875 0.623216 1.13768 1.40344 1.4571 1.33555 1.30717 1.34823 1.28548 0.648643 -2.57755 -4.42561 -5.60584 -7.98286 -9999 -9999 -9999 -9999
-9999 -9999 -9999 4.30106 4.94622 5.46985 6.3363 6.4326 6.98091 7.31237 7.79686 7.85282 7.29318 7.75791 7.69889 7.61308 7.4302 7.16207 5.62755 3.51234 1.39239 0.415699 0.837152 -0.782507 0.0572525 1.28296 0.846462 -0.731389 -3.39353 -3.76507 -4.3757 -6.85072 -9.23162 -9999 -9999 -9.08932 -6.09685 -3.98966 -2.90248 -2.56544 -2.53293 -1.14137 -1.03251 0.465138 0.112715 -1.87307 -1.65171 -2.42429 -1.92631 -1.22266 -1.02995 -0.0132022 0.95996 1.1441 1.14825 1.47589 1.54323 1.56047 1.55165 1.32892 1.42965 1.44395 1.04622 -1.29251 -2.43439 -3.69425 -7.94 -9999 -9999 -9999 -9999
-9999 -9999 -9999 4.63177 5.35232 6.14064 6.27349 6.85852 6.80819 6.65235 7.46296 7.76235 7.36752 7.08324 7.60927 7.57346 7.50449 7.39073 5.94869 4.28021 1.75374 0.185555 -0.771697 -1.44974 -2.35393 -1.72191 -1.90866 -2.16067 -1.85997 -2.58389 -4.03745 -5.48363 -8.19537 -9.66016 -9999 -8.91684 -7.56557 -5.0597 -2.93033 -1.57871 -2.06459 -0.482373 -0.189434 0.721954 0.184871 -1.02262 -1.54275 -1.59026 -1.74954 -0.684711 0.0311799 0.538319 0.875726 1.29404 1.40109 1.50878 1.55384 1.57834 1.60294 1.59701 1.58773 1.53913 1.3885 0.311919 -0.829196 -3.28999 -7.78875 -9999 -9999 -9999 -9999
-9999 -9999 2.54609 4.55595 5.76029 6.23069 6.57181 6.87283 7.09188 7.3248 7.54099 7.68772 7.62866 6.58046 6.66647 6.85529 7.45114 7.40959 7.28055 6.36924 3.29444 2.23389 0.684896 -1.32316 -2.15818 -1.73227 -0.0766912 -0.14467 -1.23167 -2.44386 -4.11813 -5.18155 -6.84204 -10.0346 -9.74502 -8.30456 -7.23267 -5.5293 -2.92669 -1.10248 -0.28878 0.0180706 0.657748 0.989924 0.252281 -0.451392 -0.74718 -1.29343 -1.37154 -1.3684 -0.725164 -0.221797 0.895627 1.2713 1.4411 1.52917 1.57674 1.61134 1.64517 1.65656 1.63432 1.63418 1.62361 1.54154 0.0246298 -3.76828 -6.62868 -9999 -9999 -9999 -9999
-9999 -9999 -9999 4.19298 4.72685 4.87176 5.11977 5.61999 6.19518 7.01067 7.11842 7.56592 7.56776 6.6656 5.622 6.53148 6.89302 7.26819 7.28075 7.16514 4.58152 3.23225 2.17146 0.246421 0.949073 1.61626 1.67252 1.27961 -1.05704 -3.38433 -6.06543 -8.57413 -8.69037 -10.0375 -9.32046 -8.36822 -5.92703 -4.20913 -3.51244 -3.01238 -0.367625 0.319191 0.553043 1.22855 0.3034 0.0652935 -0.630427 -0.425639 -0.487572 -0.484467 -2.40743 -0.477627 -0.363909 0.89249 1.45772 1.58475 1.62029 1.658 1.66424 1.67141 1.66503 1.67656 1.65528 1.63076 0.643537 -4.16381 -6.58294 -9999 -9999 -9999 -9999
-9999 -9999 -9999 -9999 -9999 4.38223 4.79111 5.05538 5.50731 6.8818 7.25388 7.50164 7.52493 7.12366 6.09213 5.82016 6.00983 5.00225 5.84739 7.00314 6.97725 6.84097 4.57182 3.41501 4.5469 4.21067 2.50785 1.16917 -0.151991 -2.87736 -4.86772 -7.74322 -9.90191 -9.97988 -7.59008 -5.60506 -3.1348 -2.04457 -2.66428 -1.99273 -0.68033 0.810823 1.53092 1.35905 0.383747 0.243091 -0.828901 0.221364 0.310226 -0.179757 -0.603023 -0.433372 0.187884 0.425015 1.4082 1.64663 1.68867 1.69692 1.70141 1.69719 1.69104 1.67686 1.66443 1.64798 1.60045 -3.34113 -7.19011 -9999 -9999 -9999 -9999
-9999 -9999 -9999 -9999 -9999 3.44201 3.69405 4.34427 6.00261 6.8756 7.2293 7.22095 7.38514 7.10277 6.19459 5.26199 4.38201 3.24751 3.89819 5.61793 6.63345 6.75229 4.76375 5.80724 5.42479 4.6656 2.43684 0.796146 -0.0705752 -2.68656 -4.92234 -6.83357 -9.47499 -8.33962 -7.09028 -5.48715 -2.79192 -0.973662 -0.226772 -0.853937 -0.014849 1.70116 1.7092 0.768286 0.827634 0.25111 -1.21325 0.307915 0.73522 0.389019 0.478126 0.350555 0.581667 1.0032 1.4067 1.67528 1.712 1.71646 1.70811 1.70764 1.70757 1.68713 1.68651 1.67001 1.64173 -1.5492 -7.25288 -9999 -9999 -9999 -9999
-9999 -9999 -9999 -9999 -9999 -9999 2.59487 4.06966 6.269 6.82124 6.77607 7.23247 7.27429 6.83997 6.46249 5.33009 3.7824 0.809351 1.56836 3.15151 5.43426 6.63615 6.47896 5.81863 4.66659 1.87101 -0.574488 -0.86556 -1.26025 -3.1675 -4.88698 -7.01225 -5.7734 -4.41743 -2.93505 -2.1555 -2.35579 -0.797633 0.472223 -0.067251 0.962243 2.16301 1.61638 1.29235 1.02012 0.354501 0.31292 0.380631 1.24427 0.645322 1.01265 1.02317 1.00235 1.20747 1.44383 1.69229 1.7334 1.73434 1.73871 1.70973 1.71909 1.70345 1.68741 1.67202 1.64733 1.35547 -1.72022 -3.55817 -9999 -9999 -9999
-9999 -9999 -9999 -9999 -9999 -9999 1.24926 1.98822 4.59172 5.40164 6.55365 7.1666 7.19754 6.4631 6.05437 4.36652 3.81941 1.06914 -0.174167 0.884987 0.483326 3.62627 6.40866 5.81033 0.20872 -1.81602 -3.25811 -2.87928 -2.86899 -3.39505 -6.3292 -7.13557 -4.49456 -2.83061 -1.54123 -0.56317 -0.358487 -0.391185 1.59494 1.85862 2.50298 2.36144 2.41974 1.41548 0.793393 1.33091 0.704229 0.596217 1.48852 0.608261 1.40369 1.31116 1.07231 1.06008 1.58465 1.69129 1.74768 1.75119 1.73092 1.70439 1.68841 1.70411 1.69435 1.66293 1.66162 1.62992 1.25753 -0.334309 -0.893059 -0.281557 -9999
-9999 -9999 -9999 -9999 -9999 -9999 -9999 -0.425367 3.19022 4.84707 5.71805 6.94171 7.09179 6.70271 5.99404 4.27507 2.7633 0.304951 -2.50251 -3.98581 0.469565 4.34847 6.37555 6.116 1.45404 -0.381933 -0.46086 0.630783 -0.278007 -0.965734 -3.19298 -3.85636 -4.78108 -4.20434 -2.40864 -0.942128 0.4721 1.4999 1.58376 2.24951 2.63221 2.66239 2.78086 2.66147 2.5638 1.59186 2.25895 1.69078 1.99108 1.7969 1.62189 1.47295 0.919397 1.31079 1.6576 1.74732 1.77417 1.75354 1.74872 1.73378 1.70064 1.68415 1.68013 1.67462 1.65423 1.65099 1.62655 1.44493 0.485901 -0.796658 -2.41589
-9999 -9999 -9999 -9999 -9999 -9999 -9999 -2.22029 1.37743 3.11602 5.34839 6.49794 6.96744 6.90825 6.33445 5.02878 3.0627 1.42502 -1.70903 -4.9629 -0.285098 3.88376 6.13473 6.25895 2.34309 3.43665 2.56408 2.92521 1.32268 0.660707 0.142528 -1.00759 -2.26635 -3.64512 -4.3734 -1.0833 0.606465 1.96576 2.60635 2.96781 3.1474 3.05177 2.80257 1.34116 2.45283 2.38894 2.27678 2.14865 2.08641 1.97073 1.83482 1.75629 1.72775 1.36034 1.77635 1.76591 1.77168 1.77365 1.76258 1.74138 1.72244 1.69886 1.69741 1.67985 1.663 1.65029 1.63812 1.62284 1.56687 1.3097 -0.863492
-9999 -9999 -9999 -9999 -9999 -9999 -9999 -7.2594 -2.02834 2.17808 4.37587 6.16633 6.65971 6.8452 6.07502 5.49907 4.09024 2.75619 0.697628 -2.38611 -4.28364 -0.77824 4.31189 6.19453 6.05463 5.94308 4.9329 4.02333 3.91393 3.98893 2.93326 1.38413 -0.640728 -1.27079 -1.97903 0.472016 0.805637 0.627392 3.31977 3.32524 3.17106 2.13943 0.988851 1.20652 0.490418 1.03265 0.180254 0.961678 1.63727 1.88938 1.86818 1.78009 1.76768 1.72708 1.79763 1.79636 1.78462 1.77551 1.77034 1.75964 1.7274 1.70835 1.71803 1.69442 1.67625 1.65606 1.64711 1.63798 1.59583 1.55731 1.22059
-9999 -9999 -9999 -9999 -9999 -9999 -9999 -7.02939 -2.62507 1.1077 3.35013 5.50335 6.00505 6.73286 6.57817 5.97504 4.75079 3.2209 1.52709 -1.11814 -3.08326 -0.740377 2.64471 5.06725 5.94034 5.93945 5.88685 5.66277 5.57155 5.31 5.12968 4.02063 2.10699 1.02727 -0.555146 2.176 2.4835 2.05714 3.41906 3.35006 1.28924 -0.295794 -0.494615 0.475198 -0.444931 -0.611321 -1.18578 -0.540268 1.19165 0.684076 0.783584 1.57098 1.69995 1.78022 1.80227 1.79657 1.79259 1.77895 1.78054 1.78184 1.75013 1.73465 1.72607 1.69434 1.68606 1.66296 1.64097 1.62178 1.59783 1.56265 1.46489
-9999 -9999 -9999 -9999 -9999 -9999 -9999 -6.93789 -3.9678 -0.608441 2.69062 4.98979 5.91875 6.59544 6.59023 5.88909 5.28137 4.32297 2.83313 1.81197 0.0381799 -2.39653 1.69322 2.95608 4.0805 4.55314 5.72435 5.70144 5.1729 4.5639 5.14409 4.97811 3.46459 2.96879 2.12891 3.64862 3.65332 3.61168 3.53019 1.78952 -0.630119 -2.56454 -1.17453 -1.46647 -0.823122 -2.80644 -1.17988 0.129232 0.553329 -0.338295 -0.99947 1.04536 1.38076 1.5816 1.71021 1.79465 1.77392 1.79448 1.78204 1.77546 1.76804 1.74941 1.73741 1.71798 1.69787 1.67726 1.65762 1.63164 1.60006 1.59523 1.53966
-9999 -9999 -9999 -9999 -9999 -9999 -9999 -9999 -5.71097 -1.45081 2.35032 4.46794 5.80058 6.45094 6.44144 6.08397 5.67191 5.07822 4.00379 2.6539 0.520127 -1.06289 -0.0533008 1.18469 1.32897 2.15037 4.52388 5.33811 4.19639 1.37067 3.04805 4.91834 4.89138 4.73498 4.55915 4.33225 4.12784 3.67876 2.47452 -1.2152 -1.9413 -3.38938 -3.22587 -3.96934 -2.34225 -2.95342 -1.28866 -0.567763 -0.296176 -1.83732 -1.50908 0.297256 1.01301 0.893579 1.33289 1.75146 1.76508 1.77691 1.76574 1.77433 1.77703 1.76917 1.74985 1.73462 1.72284 1.68562 1.68209 1.54244 1.45083 1.26772 1.48906
-9999 -9999 -9999 -9999 -9999 -9999 -9999 -9999 -6.54858 -2.3001 2.17552 3.61479 5.05115 6.29089 6.31737 5.77023 5.24979 4.71357 4.10288 2.46538 0.877818 -0.637365 -1.14375 -0.834384 -0.84565 0.48006 3.57044 4.17259 3.92242 0.970411 -0.0282081 2.46879 4.56752 4.73516 4.54733 2.08283 2.60937 1.27976 -0.524187 -1.0207 -1.81065 -3.47997 -2.67721 -3.90031 -3.37691 -3.51477 -2.57001 -2.1098 -0.985792 -2.32897 -2.32016 -0.546781 0.349058 0.371174 1.31167 1.64696 1.7348 1.75687 1.77265 1.77653 1.79106 1.78201 1.76762 1.74859 1.70278 1.59466 1.26223 -0.529086 -0.528765 -0.0408721 0.420845
-9999 -9999 -9999 -9999 -9999 -9999 -9999 -9999 -6.05327 -3.10412 0.867402 3.80993 3.99768 5.4294 6.1695 5.57451 4.90415 4.2182 3.91955 2.13744 0.179872 -1.40097 -3.27233 -2.96002 -1.61022 0.604267 2.60181 2.96257 2.55488 0.977141 1.73048 3.43423 4.34009 4.60886 4.40134 3.86591 3.55684 2.57804 2.154 0.793606 -1.33389 -2.17205 -1.64164 -3.90068 -3.7433 -2.90856 -3.79323 -2.33126 -1.63194 -3.3662 -1.98854 -0.417747 0.385205 1.0873 1.41961 1.55206 1.75525 1.76062 1.77768 1.78688 1.78371 1.78326 1.74981 1.72183 1.53142 1.25082 -0.414071 -1.11542 -0.981091 -0.213666 0.458195
-9999 -9999 -9999 -9999 -9999 -9999 -9999 -9999 -5.54711 -2.89168 0.552194 2.65097 3.02886 4.61628 6.02792 5.87289 5.1755 4.96467 4.24183 2.73093 1.06201 -0.762132 -1.64714 -3.68564 -1.67139 -0.0674244 1.6246 2.41838 1.12426 0.472851 1.63589 2.79189 3.25516 4.42204 4.41309 4.03533 2.40061 1.60386 1.94184 1.59957 0.999574 -0.464818 -0.530129 -1.47104 -1.86094 -2.22925 -3.42213 -2.66013 -2.5844 -2.38004 -0.724804 0.0925106 0.634374 1.1273 1.25664 1.47101 1.74921 1.77369 1.7836 1.78218 1.7871 1.76621 1.68649 1.61903 1.23699 0.561207 -0.699017 -2.74762 -1.31068 0.191987 0.63575
-9999 -9999 -9999 -9999 -9999 -9999 -9999 -9999 -5.99492 -3.17445 -0.230803 1.00165 1.21327 4.08397 5.84263 5.84812 5.51883 5.13382 3.34502 3.45278 3.09731 1.45218 -0.945263 -3.57838 -3.32731 -1.75028 0.490225 1.23178 -0.914584 -1.67313 -1.10937 0.636882 2.20006 3.83183 4.24777 3.77149 1.2261 -1.47927 -0.223049 1.11892 1.11195 0.718704 -0.639329 -1.07058 -1.46104 -2.45207 -4.13314 -3.88138 -3.41527 -1.53795 -0.945048 -0.0286838 0.732389 0.445127 0.612901 1.34115 1.75898 1.77466 1.78198 1.79552 1.7856 1.76019 1.60201 1.43439 1.1534 -0.606714 -1.70169 -3.29976 -1.4515 -0.427519 0.110493
-9999 -9999 -9999 -9999 -9999 -9999 -9999 -9999 -6.86306 -4.81552 -2.00194 -0.866299 0.943248 3.65617 4.99177 5.63328 5.6217 5.366 4.5665 4.08698 3.13957 1.42816 -0.912889 -3.51535 -5.20811 -4.34178 -1.32846 -0.612962 -2.59388 -3.60189 -2.33921 -0.478525 2.27493 3.84898 4.06326 3.92288 3.39918 1.42439 -0.962059 -0.953133 0.244922 -0.756514 -1.92067 -1.28 -1.39841 -2.37683 -3.08853 -3.51983 -3.25099 -2.17845 -1.73676 -0.678102 0.884644 1.10833 1.06383 1.72178 1.75461 1.76986 1.79452 1.79347 1.78707 1.76685 1.63778 1.34924 0.177551 -0.844433 -2.26596 -2.44275 -0.803119 -0.0871291 0.579144
-9999 -9999 -9999 -9999 -9999 -9999 -9999 -9999 -8.36067 -5.95238 -3.31665 -0.848648 1.48634 3.49625 3.65394 4.71513 4.71632 5.27358 5.11737 4.37665 3.57929 2.10528 -0.902873 -3.43162 -6.18961 -5.45765 -2.39246 -1.97488 -3.30397 -5.7625 -3.21749 -0.411406 2.1318 3.50943 2.43324 3.54003 3.45078 2.71166 1.29148 -0.917461 -0.874942 -2.53044 -2.60206 -1.75121 -1.47489 -1.61637 -2.1505 -3.00666 -2.85589 -2.20364 -2.03877 -1.06589 0.146365 1.33156 1.53061 1.75659 1.76621 1.76977 1.78809 1.79022 1.76519 1.70412 1.56919 0.58697 -0.581136 -1.30112 -2.2918 -2.41293 -0.518039 0.232745 0.649787
