Test_Spring_2018/02_18/Temp/20180202_003.txt
ncols	170
nrows	115
xllcorner	350000.000000
yllcorner	4445000.000000
cellsize	1000.000000
nodata_value	-9999.000000
[rows 32 to 63 of 115, columns 72 to 143 of 170]
10.6862 10.3554 10.8413 11.2878 10.9941 10.7988 11.5376 11.5275 11.2615 10.6501 10.4195 10.1808 10.0307 9.24937 7.07503 5.11393 6.14959 6.16452 5.43166 6.71816 6.02333 4.22674 1.6946 3.05526 2.68824 0.886674 0.43399 -9999 -9999 -9999 -9999 -9999 -9999 -9999 -9999 -9999 -9999 -9999 -9999 -9999 -9999 -9999 -9999 -9999 -9999 -9999 -9999 -9999 -9999 -9999 -9999 -9999 -9999 -9999 -9999 -9999 -9999 -9999 -9999 -9999 -9999 -9999 -9999 -9999 -9999 -9999 -9999 -9999 -9999 -9999 -9999 -9999
10.2554 10.1077 10.8345 10.8091 10.7504 11.0029 11.4576 11.5404 11.4306 11.1584 10.9214 10.67 10.0473 9.15498 7.29271 5.06184 4.54823 5.62533 5.66755 5.83227 5.19807 4.40397 3.16731 4.16146 4.54121 3.35388 1.80173 0.80234 -9999 -9999 -9999 -9999 -9999 -9999 -9999 -9999 -9999 -9999 -9999 -9999 -9999 -9999 -9999 -9999 -9999 -9999 -9999 -9999 -9999 -9999 -9999 -9999 -9999 -9999 -9999 -9999 -9999 -9999 -9999 -9999 -9999 -9999 -9999 -9999 -9999 -9999 -9999 -9999 -9999 -9999 -9999 -9999
9.74189 9.01725 9.45133 9.77475 10.3783 10.5256 10.6082 11.4771 11.4207 11.3701 10.985 10.6751 10.1681 9.3089 8.08981 6.62397 4.07895 5.6322 6.84626 6.80488 6.72773 6.1683 4.97974 5.95524 5.99113 4.47592 2.75523 1.7395 1.31332 -9999 -9999 -9999 -9999 -9999 -9999 -9999 -9999 -9999 -9999 -9999 -9999 -9999 -9999 -9999 -9999 -9999 -9999 -9999 -9999 -9999 -9999 -9999 -9999 -9999 -9999 -9999 -9999 -9999 -9999 -9999 -9999 -9999 -9999 -9999 -9999 -9999 -9999 -9999 -9999 -9999 -9999 -9999
9.15826 8.27528 8.71201 9.29817 10.1281 10.5499 10.8693 11.1222 11.3804 11.339 10.9451 9.80097 9.62922 9.57038 8.76965 7.0999 5.43226 4.99283 6.85006 7.37438 7.25526 7.66193 6.65341 7.11469 6.91079 6.36657 4.71117 3.19987 2.56949 1.33396 -9999 -9999 -9999 -9999 -9999 -9999 -9999 -9999 -9999 -9999 -9999 -9999 -9999 -9999 -9999 -9999 -9999 -9999 -9999 -9999 -9999 -9999 -9999 -9999 -9999 -9999 -9999 -9999 -9999 -9999 -9999 -9999 -9999 -9999 -9999 -9999 -9999 -9999 -9999 -9999 -9999 -9999
-9999 -9999 7.71439 8.51447 9.1755 9.98571 10.683 11.029 11.3649 11.3274 10.55 10.1648 10.1223 9.59434 8.67149 8.08858 7.03491 5.93744 6.34269 7.92482 7.20616 8.32388 8.21788 8.41458 7.64978 6.20837 4.28781 3.1614 2.59628 1.59308 -9999 -9999 -9999 -9999 -9999 -9999 -9999 -9999 -9999 -9999 -9999 -9999 -9999 -9999 -9999 -9999 -9999 -9999 -9999 -9999 -9999 -9999 -9999 -9999 -9999 -9999 -9999 -9999 -9999 -9999 -9999 -9999 -9999 -9999 -9999 -9999 -9999 -9999 -9999 -9999 -9999 -9999
-9999 -9999 -9999 8.36368 8.8648 9.95467 10.5083 10.7294 11.2773 11.2689 10.9685 10.7393 10.4111 9.98519 9.28923 8.52228 7.53069 7.42977 8.43819 8.44043 8.21716 8.37383 8.88648 8.73774 7.55747 5.53328 4.45779 2.27971 1.34255 1.4271 0.760012 -9999 -9999 -9999 -9999 -9999 -9999 -9999 -9999 -9999 -9999 -9999 -9999 3.14656 -9999 -9999 -9999 -9999 -9999 -9999 -9999 -9999 -9999 -9999 -9999 -9999 -9999 -9999 -9999 -9999 -9999 -9999 -9999 -9999 -1.02841 -9999 -9999 -9999 -9999 -9999 -9999 -9999
-9999 -9999 8.27447 8.9473 9.47201 10.1515 10.2063 10.6049 11.2363 11.2361 11.0203 10.7777 10.2442 10.1047 9.70442 8.8726 8.69449 9.01759 9.16081 9.32436 9.42094 9.32336 9.10059 8.81576 8.05034 7.10493 6.46687 4.47785 3.46599 2.49924 1.04152 -0.100934 -9999 -9999 -9999 -9999 -9999 -9999 -9999 2.42845 2.36489 2.38072 2.68824 3.55467 3.0295 -9999 -9999 -9999 -9999 -9999 -9999 -9999 -9999 -9999 -9999 -9999 -9999 -9999 -9999 -9999 -9999 -9999 -9999 -9999 -0.240212 -1.39095 -9999 -9999 -9999 -9999 -9999 -9999
-9999 -9999 8.45464 9.16714 9.51807 10.1778 10.5512 10.7885 11.0012 11.2042 11.1591 10.8917 10.4899 10.4829 9.93254 9.6312 9.41307 9.85364 9.93244 9.74118 9.50378 9.29248 8.71444 8.63785 8.44021 7.83601 6.85139 5.83721 4.37465 2.39921 0.46191 -1.10252 -9999 -9999 -9999 -9999 -9999 -9999 2.59949 3.3179 3.74431 2.807 3.58928 4.30332 4.1774 3.46074 -9999 -9999 -9999 -9999 -9999 -9999 -9999 -9999 -9999 -9999 -9999 -9999 -9999 -9999 5.20285 4.02395 1.65284 0.432228 -0.30449 -1.35192 -9999 -9999 -9999 -9999 -9999 -9999
-9999 -9999 8.3086 9.15196 9.7202 10.2236 10.2961 10.8117 11.029 11.1338 11.1111 11.0506 10.969 10.4876 10.2751 9.552 10.2247 10.1887 10.0057 9.31131 9.00417 7.81916 7.2915 7.16326 8.13945 7.39845 5.86357 3.94772 1.64674 1.48562 0.718162 -0.681131 -9999 -9999 -9999 -9999 -9999 -9999 2.82288 3.59197 4.23218 4.31691 3.385 4.66158 4.59812 3.86735 3.69309 4.27245 4.56081 4.32519 5.01829 5.21429 4.88603 5.22472 -9999 -9999 -9999 -9999 5.38215 5.41931 5.44478 4.94753 2.3581 0.586049 -1.00654 -1.16498 -9999 -9999 -9999 -9999 -9999 -9999
-9999 -9999 8.89646 9.41192 9.66787 9.70135 10.1523 10.6018 10.8733 11.0714 11.0206 10.9946 10.9674 10.7967 10.4121 10.47 10.4298 10.2009 8.88874 7.35873 8.01039 7.09638 5.15486 6.71097 7.56156 6.72326 4.86553 2.71333 2.00031 2.01749 0.954098 -0.410419 -9999 -9999 -9999 0.72077 1.8265 1.91424 2.2336 3.26268 4.0431 4.62803 5.02339 5.00026 4.55899 3.84374 3.0672 3.32893 4.69486 5.01966 5.28884 5.49225 5.18672 5.33077 5.68892 5.86925 5.89796 5.80144 5.77169 5.79173 5.73761 5.27293 2.95562 1.62461 0.771284 -0.937306 -9999 -9999 -9999 -9999 -9999 -9999
-9999 -9999 8.56547 9.01246 9.37272 9.97526 10.0308 10.4102 10.6308 10.9626 10.9921 10.5817 10.9043 10.8522 10.7808 10.6397 10.437 9.328 7.80298 6.27397 5.56218 5.85071 4.67798 5.26153 6.1235 5.79198 4.64818 2.72954 2.44973 1.99437 0.211587 -1.50351 -9999 -9999 -1.43512 0.69503 2.19222 2.96001 3.19136 3.20497 4.19075 4.25899 5.32059 5.0594 3.62874 3.77709 3.2133 3.5593 4.05281 4.18033 4.89395 5.58133 5.70305 5.69604 5.92048 5.9588 5.9614 5.9455 5.77671 5.83945 5.84048 5.54687 3.86492 3.03911 2.1296 -0.916487 -9999 -9999 -9999 -9999 -9999 -9999
-9999 -9999 8.79627 9.29709 9.84656 9.92746 10.3322 10.2784 10.1506 10.7193 10.9199 10.6276 10.4146 10.7813 10.7459 10.6864 10.5943 9.55155 8.34608 6.5262 5.39114 4.69322 4.19373 3.52846 3.96544 3.81673 3.62141 3.82161 3.28493 2.22657 1.17924 -0.77251 -1.83198 -9999 -1.32221 -0.365978 1.41647 2.92985 3.88707 3.53001 4.65229 4.85231 5.49518 5.10133 4.22743 3.84571 3.80162 3.67744 4.42876 4.92943 5.27862 5.50993 5.80016 5.86666 5.93369 5.95601 5.96376 5.97173 5.95803 5.94209 5.89816 5.78136 5.00228 4.17763 2.40847 -0.818514 -9999 -9999 -9999 -9999 -9999 -9999
-9999 7.31638 8.73493 9.58151 9.90326 10.1328 10.3341 10.4773 10.6275 10.7667 10.861 10.8066 10.0474 10.0995 10.225 10.6413 10.6011 10.4976 9.83376 7.62161 6.85027 5.72687 4.27572 3.66085 3.94999 5.11866 5.05452 4.26164 3.37947 2.16311 1.38518 0.184955 -2.11027 -1.91442 -0.894794 -0.138359 1.07015 2.92216 4.21756 4.79024 5.00038 5.44896 5.67712 5.14013 4.62671 4.40517 4.00429 3.93812 3.92992 4.37948 4.72612 5.51431 5.77294 5.88512 5.93804 5.96211 5.97704 5.99159 5.99028 5.96509 5.95586 5.93928 5.87205 4.77814 2.05719 0.00225903 -9999 -9999 -9999 -9999 -9999 -9999
-9999 -9999 8.46783 8.83457 8.92323 9.08592 9.42943 9.82707 10.3941 10.4591 10.7679 10.7564 10.1002 9.34449 9.98568 10.2345 10.4926 10.4905 10.3959 8.53477 7.55597 6.78279 5.39081 5.8756 6.33697 6.36126 6.06428 4.3771 2.69689 0.760194 -1.04823 -1.14467 -2.12306 -1.62124 -0.950854 0.785099 2.00408 2.4929 2.84126 4.72384 5.20619 5.36443 5.83831 5.16705 4.98671 4.4791 4.61543 4.56077 4.55247 3.16632 4.53337 4.6044 5.49281 5.88635 5.96769 5.9831 6.00023 5.99503 5.9907 5.97687 5.97601 5.95208 5.92644 5.21162 1.76421 0.0249988 -9999 -9999 -9999 -9999 -9999 -9999
-9999 -9999 -9999 -9999 8.56486 8.84242 9.01693 9.32617 10.293 10.547 10.7127 10.7186 10.4212 9.67234 9.46857 9.59463 8.8637 9.45691 10.272 10.2407 10.1295 8.49189 7.64715 8.44095 8.18431 6.95002 5.97621 5.01509 3.04979 1.60705 -0.464028 -2.02166 -2.0902 -0.392733 1.01531 2.77209 3.54216 3.08945 3.5606 4.49051 5.54815 6.05417 5.922 5.21493 5.10435 4.3276 5.06868 5.12184 4.76078 4.44728 4.55534 4.98935 5.14861 5.84159 6.00195 6.02201 6.01805 6.01159 5.99912 5.98546 5.96673 5.94911 5.92873 5.88614 2.34275 -0.419173 -9999 -9999 -9999 -9999 -9999 -9999
-9999 -9999 -9999 -9999 7.88393 8.04918 8.4996 9.67163 10.2797 10.5203 10.5027 10.6092 10.3969 9.73737 9.06042 8.42143 7.59979 8.05431 9.27265 9.98631 10.0577 8.62078 9.3499 9.06037 8.50105 6.89038 5.70034 5.06405 3.17677 1.55836 0.176828 -1.72629 -0.927047 -0.0454626 1.09002 3.00732 4.29821 4.82311 4.36546 4.95673 6.17529 6.17206 5.48985 5.52292 5.1006 4.04319 5.1211 5.41633 5.15806 5.21102 5.10649 5.26138 5.5525 5.83079 6.01268 6.02888 6.0222 6.00656 5.99676 5.98768 5.96418 5.95505 5.93466 5.90587 3.61477 -0.473803 -9999 -9999 -9999 -9999 -9999 -9999
-9999 -9999 -9999 -9999 -9999 7.25437 8.29455 9.85346 10.232 10.1872 10.5019 10.5207 10.1996 9.91955 9.09985 7.98316 5.84642 6.3785 7.49922 9.11943 9.96558 9.83874 9.34916 8.50915 6.49318 4.72744 4.50273 4.204 2.82357 1.5744 0.0396418 0.911999 1.86893 2.91714 3.46346 3.3097 4.41449 5.3135 4.91857 5.64609 6.49613 6.09617 5.85526 5.65118 5.16514 5.12546 5.16369 5.77102 5.33194 5.58388 5.57813 5.55278 5.68908 5.84779 6.01527 6.03459 6.02538 6.01884 5.9887 5.98628 5.96622 5.94606 5.92648 5.90026 5.6829 3.47415 2.15053 -9999 -9999 -9999 -9999 -9999
-9999 -9999 -9999 -9999 -9999 6.2833 6.79716 8.64515 9.20786 10.0193 10.4458 10.4567 9.92076 9.61804 8.4011 8.00009 6.02302 5.12218 5.86815 5.56829 7.80302 9.77903 9.3339 5.31123 3.84677 2.79887 3.05342 3.04443 2.652 0.533934 -0.057424 1.81786 2.99505 3.90515 4.59342 4.72934 4.69612 6.10761 6.28688 6.73889 6.62877 6.6615 5.93402 5.47968 5.85424 5.39603 5.30856 5.93639 5.29609 5.85425 5.77476 5.59345 5.57427 5.93913 6.00516 6.03542 6.02812 6.00391 5.97552 5.95497 5.95732 5.94163 5.91057 5.90106 5.86977 5.59469 4.44711 4.0383 4.46634 -9999 -9999 -9999
-9999 -9999 -9999 -9999 -9999 -9999 5.06233 7.63433 8.80275 9.41307 10.2763 10.3723 10.083 9.56581 8.32628 7.2351 5.46674 3.44834 2.37374 5.54827 8.30961 9.74553 9.54288 6.1926 4.8634 4.7908 5.55543 4.8892 4.38128 2.76889 2.27987 1.60461 2.00412 3.27654 4.31413 5.31509 6.04038 6.09109 6.55847 6.8223 6.83495 6.91068 6.8161 6.73685 6.03165 6.49887 6.08226 6.28663 6.13711 6.00113 5.88123 5.47483 5.74438 5.9821 6.03605 6.04548 6.02074 6.00759 5.98748 5.95461 5.93392 5.9223 5.90972 5.88652 5.87554 5.84932 5.71045 5.0153 4.0885 2.92065 -9999 -9999
-9999 -9999 -9999 -9999 -9999 -9999 3.77019 6.32953 7.55634 9.14043 9.95163 10.2745 10.2212 9.8003 8.85619 7.43984 6.25834 4.00621 1.66792 4.99992 7.96689 9.5632 9.63758 6.81896 7.58561 6.94563 7.18803 6.02584 5.53662 5.14678 4.30975 3.39565 2.39679 1.86357 4.20549 5.40347 6.36578 6.81458 7.06414 7.18389 7.10432 6.91723 5.86263 6.64837 6.59265 6.50245 6.4006 6.34568 6.25234 6.14438 6.07478 6.04395 5.77075 6.05826 6.04096 6.03489 6.02634 6.00872 5.98411 5.96137 5.93551 5.92507 5.90443 5.8837 5.86589 5.84838 5.82846 5.77925 5.58591 4.02182 3.08151 2.80763
-9999 -9999 -9999 -9999 -9999 -9999 0.157642 3.8855 6.87935 8.43837 9.70485 10.0461 10.1676 9.60599 9.1836 8.16562 7.2011 5.71812 3.50142 2.1327 4.62425 8.25202 9.58163 9.46422 9.36921 8.63119 7.96503 7.87125 7.90953 7.13532 6.01399 4.5518 4.08803 3.56915 5.31088 5.53872 5.40108 7.31737 7.3121 7.19288 6.44612 5.61069 5.75699 5.23565 5.61341 4.99371 5.54248 6.01535 6.18514 6.1593 6.08277 6.06401 6.02453 6.06533 6.0541 6.03555 6.0191 6.0057 5.98858 5.95629 5.93361 5.93162 5.90513 5.88323 5.86099 5.84571 5.83015 5.79079 5.75385 5.50341 5.13279 4.43515
-9999 -9999 -9999 -9999 -9999 -9999 0.31701 3.4495 6.10613 7.69476 9.22269 9.56975 10.079 9.95744 9.51537 8.62916 7.52432 6.30205 4.3989 2.98177 4.64562 7.04944 8.76864 9.37593 9.35742 9.30478 9.12936 9.05107 8.84866 8.70029 7.89282 6.5102 5.72502 4.5809 6.52298 6.73206 6.4168 7.38121 7.32244 5.83916 4.6963 4.545 5.22506 4.55724 4.42798 4.00757 4.45913 5.68763 5.31498 5.37546 5.92488 6.00673 6.05468 6.06009 6.04576 6.03282 6.01316 6.0046 5.99605 5.96409 5.9439 5.92877 5.89715 5.88139 5.85588 5.83115 5.80951 5.78314 5.74858 5.66909 5.582 5.64645
-9999 -9999 -9999 -9999 -9999 -9999 0.380562 2.48152 4.87121 7.21531 8.84762 9.50022 9.97277 9.9579 9.44548 9.00003 8.30375 7.22718 6.48558 5.20524 3.45164 6.36449 7.24887 8.03611 8.36292 9.18576 9.1542 8.76088 8.30268 8.70341 8.57036 7.4745 7.10715 6.49426 7.56979 7.5622 7.52199 7.45372 6.19897 4.45877 3.06575 4.05071 3.83247 4.27793 2.84892 4.00344 4.92962 5.22257 4.57487 4.09131 5.54009 5.77073 5.90407 5.9858 6.03602 6.01115 6.01598 5.9974 5.98318 5.96855 5.94605 5.92838 5.90547 5.88209 5.85728 5.83416 5.80638 5.77367 5.76082 5.7129 5.68722 5.66092
-9999 -9999 -9999 -9999 -9999 -9999 -9999 1.23289 4.26293 6.96891 8.47102 9.41199 9.86531 9.84699 9.58005 9.27427 8.83864 8.0591 7.08233 5.54453 4.40026 5.11001 5.97605 6.06196 6.63529 8.31855 8.88625 8.05478 6.01355 7.19827 8.52244 8.48993 8.36532 8.22736 8.0523 7.89507 7.56328 6.69171 4.04257 3.51461 2.4693 2.57679 2.03543 3.18377 2.73611 3.91683 4.42226 4.60616 3.49329 3.71359 4.99667 5.49842 5.40277 5.70685 5.99683 5.99658 5.9952 5.97754 5.97416 5.96671 5.95185 5.92818 5.90817 5.89064 5.85369 5.84204 5.73291 5.65808 5.5177 5.66653 5.67069 5.66453
-9999 -9999 -9999 -9999 -9999 -9999 -9999 0.622252 3.64814 6.83674 7.85369 8.86887 9.74372 9.751 9.34822 8.96469 8.56994 8.12188 6.93918 5.79193 4.6961 4.32144 4.52983 4.49739 5.43178 7.62819 8.04458 7.85126 5.71866 4.99067 6.76342 8.25167 8.35903 8.21257 6.43809 6.80357 5.84178 4.54105 4.17583 3.60092 2.3971 2.9616 2.07694 2.44146 2.32586 2.99154 3.3105 4.10418 3.13297 3.12471 4.38436 5.015 5.02069 5.68334 5.91316 5.96607 5.97206 5.97367 5.9669 5.96787 5.95207 5.93254 5.90973 5.86779 5.78127 5.53302 4.2424 4.2333 4.5729 4.89368 5.48405 5.64163
-9999 -9999 -9999 -9999 -9999 -9999 -9999 0.969197 3.06584 5.89399 7.98632 8.10838 9.12051 9.63816 9.20099 8.71004 8.20798 7.98292 6.69658 5.28452 4.14163 2.79057 3.00112 3.9534 5.51209 6.92709 7.17116 6.86552 5.71598 6.24147 7.44707 8.08226 8.26212 8.10168 7.70708 7.47481 6.76384 6.45 5.46664 3.93475 3.32524 3.69471 2.06884 2.17138 2.75833 2.10789 3.14342 3.63334 2.38244 3.35463 4.46815 5.03242 5.52457 5.75225 5.83704 5.97251 5.96657 5.9691 5.96613 5.9544 5.94471 5.91148 5.88221 5.73678 5.52683 4.32666 3.81432 3.90108 4.44063 4.91175 5.40189 5.59768
-9999 -9999 -9999 -9999 -9999 -9999 -9999 1.32402 3.21072 5.66156 7.15042 7.40853 8.53201 9.52995 9.40737 8.89693 8.73456 8.20588 7.11338 5.90764 4.59062 3.94506 2.47408 3.90174 5.02327 6.21998 6.77407 5.827 5.34773 6.16652 6.98054 7.29932 8.12172 8.1034 7.82161 6.64105 6.0602 6.29131 6.03605 5.5966 4.53894 4.48209 3.79892 3.50985 3.23614 2.3647 2.89954 2.94342 3.08034 4.25006 4.82467 5.20224 5.54483 5.62739 5.77083 5.95999 5.96776 5.96518 5.9546 5.94863 5.92428 5.8579 5.80033 5.51777 5.0251 4.11435 2.6382 3.65672 4.7222 5.03127 5.33168 5.48367
-9999 -9999 -9999 -9999 -9999 -9999 -9999 0.996569 3.00145 5.09459 5.96384 6.10305 8.14448 9.39059 9.38275 9.13549 8.84838 7.55706 7.62224 7.35589 6.16681 4.43933 2.54301 2.70949 3.81964 5.40055 5.91748 4.36081 3.8051 4.19541 5.4318 6.53749 7.69254 7.97821 7.62597 5.79396 3.8478 4.73562 5.68496 5.66955 5.37792 4.39622 4.07747 3.78787 3.06863 1.85455 2.01737 2.34051 3.66988 4.08401 4.72952 5.26395 5.04853 5.15863 5.66969 5.95878 5.96027 5.95585 5.95596 5.93935 5.91173 5.78919 5.65993 5.4496 4.18126 3.38869 2.23598 3.54745 4.27054 4.64728 5.33528 5.49145
-9999 -9999 -9999 -9999 -9999 -9999 -9999 0.36855 1.82066 3.82084 4.62093 5.9032 7.83178 8.77525 9.2223 9.20222 9.00748 8.42369 8.06865 7.37874 6.14214 4.45492 2.58047 1.3565 1.96287 4.0917 4.58748 3.1518 2.41776 3.30814 4.62649 6.5837 7.69753 7.839 7.72704 7.34115 5.91751 4.19962 4.19532 5.04174 4.31494 3.47179 3.91968 3.82457 3.11428 2.59473 2.26738 2.45043 3.20321 3.5092 4.25653 5.36445 5.51456 5.47287 5.93369 5.94741 5.94861 5.9566 5.94627 5.93217 5.90822 5.80647 5.59069 4.7432 4.00282 2.97664 2.84084 4.00277 4.50663 4.97414 5.30646 5.40784
-9999 -9999 -9999 -9999 -9999 -9999 -9999 -0.70966 1.00057 2.87362 4.62682 6.285 7.71075 7.81167 8.55889 8.54788 8.93458 8.81082 8.26881 7.68611 6.6192 4.45468 2.63286 0.646869 1.15708 3.33138 3.59981 2.63602 0.864466 2.67216 4.66682 6.47369 7.44708 6.66549 7.44565 7.37051 6.83072 5.80395 4.21311 4.23288 3.03812 2.97638 3.57451 3.76168 3.64998 3.2574 2.63311 2.72443 3.17668 3.28468 3.97068 4.82793 5.66585 5.79841 5.95027 5.94742 5.94028 5.94374 5.93568 5.90823 5.85505 5.74908 5.03707 4.19213 3.66774 2.94975 2.85376 4.19944 4.72701 5.01635 5.30216 5.40883
-9999 -9999 -9999 -9999 -9999 -9999 -9999 -9999 0.820029 2.75539 4.18489 4.56246 5.82863 6.5077 7.0309 7.13901 8.65058 8.72429 8.3769 7.84076 6.92923 5.2842 4.13478 2.22936 0.856732 1.40032 1.64558 2.13539 1.97714 2.77746 4.69382 6.69086 6.89945 5.6138 5.79236 6.04895 6.63677 6.32321 4.15923 3.05476 2.13622 2.77117 3.43962 3.59351 3.61598 3.47458 3.30865 3.03396 3.93157 4.59312 4.7387 5.31434 5.73676 5.84626 5.92638 5.92769 5.92925 5.91971 5.88481 5.85682 5.73854 5.48556 4.6903 2.79157 2.86978 2.65544 2.05781 3.37361 4.19309 4.93301 5.32144 5.41422
-9999 -9999 -9999 -9999 -9999 -9999 -9999 -9999 0.168122 2.40896 2.87433 2.82893 2.07361 2.40663 5.15942 5.70564 7.15484 8.52646 8.41471 7.88848 7.0349 6.05087 4.53304 2.39134 0.687331 -0.0403976 1.76739 3.5421 3.90091 4.46161 5.63179 5.84569 4.53191 3.29932 3.97525 4.37833 5.94301 6.2202 5.90381 4.59583 3.10176 2.31686 3.22068 3.33237 3.37668 3.37695 3.33674 3.28409 4.29541 4.85155 5.23425 5.43805 5.79935 5.88446 5.90505 5.92391 5.90749 5.87866 5.81033 5.73393 5.43055 5.06529 3.76894 2.68646 2.00766 1.14866 3.05196 3.60683 4.37828 4.8734 5.25978 5.33661
