Test_Spring_2018/02_18/Temp/20180207_014.txt
ncols	170
nrows	115
xllcorner	350000.000000
yllcorner	4445000.000000
cellsize	1000.000000
nodata_value	-9999.000000
[rows 32 to 63 of 115, columns 72 to 143 of 170]
11.9757 11.6235 12.1655 12.6645 12.3503 12.1368 12.9508 12.9495 12.6681 12.0086 11.7665 11.5158 11.3622 10.5172 8.14635 6.00899 7.15402 7.1808 6.38826 7.80743 7.0561 5.09776 2.33357 3.83324 3.44043 1.46802 0.974466 -9999 -9999 -9999 -9999 -9999 -9999 -9999 -9999 -9999 -9999 -9999 -9999 -9999 -9999 -9999 -9999 -9999 -9999 -9999 -9999 -9999 -9999 -9999 -9999 -9999 -9999 -9999 -9999 -9999 -9999 -9999 -9999 -9999 -9999 -9999 -9999 -9999 -9999 -9999 -9999 -9999 -9999 -9999 -9999 -9999
11.4968 11.3453 12.1516 12.1338 12.0746 12.3543 12.8569 12.9573 12.847 12.5589 12.3096 12.0447 11.3732 10.4064 8.3773 5.94442 5.39249 6.58286 6.63952 6.83021 6.14562 5.28572 3.9409 5.03947 5.46497 4.16808 2.46802 1.37202 -9999 -9999 -9999 -9999 -9999 -9999 -9999 -9999 -9999 -9999 -9999 -9999 -9999 -9999 -9999 -9999 -9999 -9999 -9999 -9999 -9999 -9999 -9999 -9999 -9999 -9999 -9999 -9999 -9999 -9999 -9999 -9999 -9999 -9999 -9999 -9999 -9999 -9999 -9999 -9999 -9999 -9999 -9999 -9999
10.9275 10.1443 10.6301 10.9945 11.653 11.8203 11.9202 12.8816 12.8295 12.784 12.3723 12.0431 11.4981 10.5675 9.24283 7.64793 4.87096 6.58305 7.92352 7.88873 7.81464 7.21212 5.92032 6.99878 7.04792 5.38613 3.49666 2.39394 1.93709 -9999 -9999 -9999 -9999 -9999 -9999 -9999 -9999 -9999 -9999 -9999 -9999 -9999 -9999 -9999 -9999 -9999 -9999 -9999 -9999 -9999 -9999 -9999 -9999 -9999 -9999 -9999 -9999 -9999 -9999 -9999 -9999 -9999 -9999 -9999 -9999 -9999 -9999 -9999 -9999 -9999 -9999 -9999
10.2817 9.32518 9.814 10.4662 11.3767 11.8397 12.2 12.4865 12.7788 12.7431 12.3215 11.0783 10.9004 10.8464 9.97987 8.16164 6.34583 5.87541 7.92063 8.50578 8.38603 8.84206 7.74778 8.26326 8.04997 7.45694 5.63843 3.98899 3.30851 1.96527 -9999 -9999 -9999 -9999 -9999 -9999 -9999 -9999 -9999 -9999 -9999 -9999 -9999 -9999 -9999 -9999 -9999 -9999 -9999 -9999 -9999 -9999 -9999 -9999 -9999 -9999 -9999 -9999 -9999 -9999 -9999 -9999 -9999 -9999 -9999 -9999 -9999 -9999 -9999 -9999 -9999 -9999
-9999 -9999 8.71523 9.5938 10.322 11.216 11.9899 12.3781 12.7553 12.7236 11.8816 11.4695 11.433 10.865 9.86471 9.23702 8.09388 6.90287 7.35793 9.10208 8.32594 9.56114 9.45573 9.68166 8.85416 7.26795 5.17041 3.94235 3.33336 2.24456 -9999 -9999 -9999 -9999 -9999 -9999 -9999 -9999 -9999 -9999 -9999 -9999 -9999 -9999 -9999 -9999 -9999 -9999 -9999 -9999 -9999 -9999 -9999 -9999 -9999 -9999 -9999 -9999 -9999 -9999 -9999 -9999 -9999 -9999 -9999 -9999 -9999 -9999 -9999 -9999 -9999 -9999
-9999 -9999 -9999 9.4232 9.97614 11.1792 11.7926 12.0438 12.6528 12.6527 12.3329 12.0914 11.7418 11.2855 10.5338 9.70457 8.62959 8.53042 9.64646 9.6604 9.42723 9.61004 10.1826 10.0303 8.7418 6.52398 5.35592 2.97224 1.95567 2.05827 1.33765 -9999 -9999 -9999 -9999 -9999 -9999 -9999 -9999 -9999 -9999 -9999 -9999 4.0961 -9999 -9999 -9999 -9999 -9999 -9999 -9999 -9999 -9999 -9999 -9999 -9999 -9999 -9999 -9999 -9999 -9999 -9999 -9999 -9999 -0.261321 -9999 -9999 -9999 -9999 -9999 -9999 -9999
-9999 -9999 9.31782 10.0521 10.6361 11.3893 11.4561 11.9013 12.6015 12.6101 12.3827 12.1263 11.5515 11.4089 10.981 10.0809 9.89717 10.2627 10.4314 10.6224 10.7399 10.6446 10.4118 10.1107 9.26665 8.24126 7.55227 5.38027 4.27735 3.22827 1.6415 0.40021 -9999 -9999 -9999 -9999 -9999 -9999 -9999 3.26003 3.2022 3.23124 3.57965 4.54005 3.97593 -9999 -9999 -9999 -9999 -9999 -9999 -9999 -9999 -9999 -9999 -9999 -9999 -9999 -9999 -9999 -9999 -9999 -9999 -9999 0.600613 -0.648514 -9999 -9999 -9999 -9999 -9999 -9999
-9999 -9999 9.49863 10.2885 10.6818 11.4131 11.8304 12.0967 12.3379 12.5686 12.5278 12.244 11.8134 11.8158 11.2235 10.9046 10.6773 11.1719 11.2703 11.073 10.8251 10.6055 9.98384 9.91101 9.6898 9.03811 7.96941 6.86809 5.26859 3.11449 1.00225 -0.701398 -9999 -9999 -9999 -9999 -9999 -9999 3.43155 4.23051 4.70962 3.69488 4.56352 5.35718 5.2305 4.44369 -9999 -9999 -9999 -9999 -9999 -9999 -9999 -9999 -9999 -9999 -9999 -9999 -9999 -9999 6.51436 5.23498 2.64961 1.3243 0.528857 -0.607107 -9999 -9999 -9999 -9999 -9999 -9999
-9999 -9999 9.33507 10.268 10.899 11.4586 11.5459 12.1179 12.3625 12.4852 12.4686 12.4111 12.3311 11.8138 11.5917 10.8109 11.5596 11.5326 11.3446 10.5966 10.2727 8.98684 8.42061 8.27714 9.35686 8.55522 6.88363 4.79446 2.27886 2.10975 1.27872 -0.244195 -9999 -9999 -9999 -9999 -9999 -9999 3.67239 4.52711 5.24068 5.34568 4.33689 5.7469 5.67684 4.88725 4.70701 5.35208 5.67827 5.4276 6.19547 6.42082 6.07208 6.4541 -9999 -9999 -9999 -9999 6.68493 6.73775 6.77777 6.24517 3.42076 1.4915 -0.241389 -0.409106 -9999 -9999 -9999 -9999 -9999 -9999
-9999 -9999 9.97598 10.5494 10.8379 10.8823 11.3837 11.8825 12.1863 12.4061 12.3589 12.3393 12.3191 12.1423 11.732 11.8069 11.775 11.5367 10.1122 8.4491 9.1755 8.19072 6.06717 7.77867 8.72075 7.8124 5.78698 3.43867 2.66223 2.68855 1.53316 0.0452801 -9999 -9999 -9999 1.3277 2.55071 2.65896 3.02114 4.16081 5.02807 5.68364 6.1289 6.10771 5.63244 4.85979 4.01973 4.31675 5.82311 6.18899 6.48983 6.7232 6.3993 6.56607 6.9698 7.17899 7.22231 7.12864 7.10823 7.1424 7.09532 6.59843 4.07402 2.62793 1.70483 -0.160417 -9999 -9999 -9999 -9999 -9999 -9999
-9999 -9999 9.60377 10.1018 10.5044 11.1724 11.2404 11.6631 11.9108 12.2817 12.3222 11.8814 12.2441 12.1973 12.1301 11.9873 11.7777 10.5758 8.91841 7.2567 6.48992 6.81084 5.53793 6.18463 7.13911 6.78943 5.54147 3.44893 3.15134 2.65757 0.713174 -1.15565 -9999 -9999 -1.04887 1.29596 2.94791 3.80127 4.06727 4.09486 5.18729 5.27452 6.44955 6.16849 4.60982 4.78306 4.17823 4.5674 5.11488 5.2647 6.05404 6.81653 6.96079 6.96429 7.22161 7.27532 7.29015 7.28491 7.11233 7.19341 7.20685 6.89746 5.06715 4.17439 3.1853 -0.140031 -9999 -9999 -9999 -9999 -9999 -9999
-9999 -9999 9.84903 10.4054 11.0148 11.1108 11.5614 11.5146 11.3803 12.0104 12.2382 11.9265 11.7025 12.1144 12.0868 12.0336 11.9455 10.8164 9.50939 7.52936 6.2992 5.54064 5.00517 4.28027 4.76895 4.61569 4.41106 4.63947 4.06299 2.90868 1.77072 -0.358215 -1.50859 -9999 -0.928457 0.130631 2.09521 3.76544 4.82673 4.44852 5.69066 5.92239 6.63312 6.21325 5.26454 4.85401 4.81605 4.69024 5.52338 6.08342 6.47358 6.73747 7.06542 7.14947 7.2344 7.27068 7.29125 7.31229 7.30972 7.30475 7.26907 7.15342 6.31214 5.41699 3.49039 -0.0331991 -9999 -9999 -9999 -9999 -9999 -9999
-9999 8.22238 9.78025 10.7149 11.0744 11.3328 11.5602 11.724 11.8946 12.058 12.169 12.1181 11.2958 11.3633 11.512 11.9802 11.9491 11.8491 11.1357 8.72621 7.88929 6.66769 5.08932 4.42353 4.75008 6.03963 5.9785 5.11891 4.16143 2.83446 1.99333 0.688155 -1.81631 -1.59115 -0.463082 0.377273 1.71333 3.75466 5.18657 5.82694 6.07012 6.56971 6.83148 6.25196 5.6981 5.46579 5.03686 4.97445 4.9755 5.47799 5.86564 6.74057 7.03464 7.16816 7.2377 7.27597 7.30453 7.3329 7.34404 7.32904 7.33147 7.32569 7.26131 6.07455 3.10284 0.862814 -9999 -9999 -9999 -9999 -9999 -9999
-9999 -9999 9.48623 9.89487 9.9987 10.1835 10.5664 11.0088 11.6357 11.7146 12.0611 12.0592 11.3501 10.5328 11.2465 11.5315 11.8272 11.8386 11.7488 9.7183 8.65824 7.8229 6.3092 6.84793 7.36296 7.39882 7.08247 5.24315 3.41138 1.29543 -0.675989 -0.771795 -1.83247 -1.27236 -0.526751 1.38664 2.73431 3.2826 3.67731 5.75262 6.29091 6.47446 7.00491 6.28067 6.09164 5.54583 5.70519 5.65526 5.65608 4.14772 5.65312 5.7416 6.72572 7.16856 7.26894 7.29782 7.32889 7.33575 7.34368 7.34123 7.35291 7.33715 7.31905 6.5471 2.78169 0.887333 -9999 -9999 -9999 -9999 -9999 -9999
-9999 -9999 -9999 -9999 9.60406 9.91447 10.1121 10.4575 11.5223 11.8082 11.9981 12.0137 11.6981 10.8893 10.6777 10.8283 10.0409 10.7038 11.6078 11.5859 11.4761 9.69379 8.77708 9.65652 9.38491 8.04203 6.98418 5.94004 3.7959 2.22109 -0.0379953 -1.73429 -1.799 0.0712459 1.62522 3.56153 4.41759 3.93468 4.46397 5.49308 6.66357 7.22949 7.096 6.33241 6.21974 5.37899 6.20065 6.26873 5.88306 5.54958 5.67598 6.16208 6.34756 7.11801 7.30543 7.33955 7.34761 7.35317 7.35227 7.35009 7.34028 7.3326 7.32152 7.28579 3.41513 0.400388 -9999 -9999 -9999 -9999 -9999 -9999
-9999 -9999 -9999 -9999 8.85618 9.04345 9.54324 10.8337 11.5056 11.777 11.7663 11.8923 11.67 10.9587 10.2293 9.54194 8.65464 9.16536 10.5125 11.3065 11.3965 9.83388 10.641 10.3337 9.73041 7.97516 6.68039 5.99202 3.93333 2.16621 0.662496 -1.41212 -0.526196 0.450489 1.70586 3.81819 5.2448 5.83262 5.34351 6.00343 7.35012 7.35813 6.62203 6.66905 6.21486 5.06659 6.25711 6.59026 6.31717 6.38507 6.27868 6.45909 6.78907 7.10537 7.31646 7.34641 7.35159 7.34715 7.34923 7.35124 7.33746 7.339 7.32784 7.30712 4.80805 0.340056 -9999 -9999 -9999 -9999 -9999 -9999
-9999 -9999 -9999 -9999 -9999 8.17086 9.31673 11.0311 11.4517 11.4107 11.7642 11.7944 11.4531 11.1577 10.2719 9.06134 6.7337 7.32928 8.56939 10.3562 11.2947 11.1669 10.639 9.72861 7.52968 5.60453 5.36714 5.04856 3.54513 2.18257 0.511163 1.47683 2.53563 3.69496 4.3051 4.1489 5.37169 6.36913 5.94904 6.75812 7.70106 7.27441 7.02158 6.80873 6.2847 6.25114 6.30281 6.97782 6.50668 6.79258 6.79446 6.77752 6.938 7.12341 7.3188 7.35224 7.35469 7.36025 7.33986 7.3495 7.33943 7.32884 7.31848 7.30051 7.07284 4.66387 3.2242 -9999 -9999 -9999 -9999 -9999
-9999 -9999 -9999 -9999 -9999 7.10527 7.67485 9.70614 10.3288 11.2259 11.7022 11.724 11.1476 10.8271 9.50598 9.07948 6.92646 5.95271 6.78216 6.46565 8.92495 11.1003 10.621 6.22436 4.62951 3.49067 3.77832 3.77722 3.35616 1.04197 0.40411 2.46853 3.76876 4.77695 5.54266 5.70338 5.67979 7.23849 7.44735 7.95456 7.84567 7.89287 7.10698 6.61994 7.03853 6.54652 6.46053 7.15803 6.46655 7.08796 7.00913 6.82146 6.81175 7.22307 7.30741 7.35287 7.35714 7.34347 7.32496 7.31471 7.32912 7.32338 7.30039 7.30066 7.27679 6.98587 5.73901 5.30132 5.78028 -9999 -9999 -9999
-9999 -9999 -9999 -9999 -9999 -9999 5.77298 8.59767 9.88407 10.5613 11.5163 11.6315 11.3224 10.7685 9.42345 8.24087 6.31633 4.11758 2.95372 6.44271 9.47865 11.0623 10.8484 7.18827 5.74161 5.67117 6.51768 5.79684 5.24951 3.48931 2.96378 2.23464 2.68322 4.08669 5.23519 6.34442 7.15161 7.21969 7.74389 8.04511 8.0706 8.16481 8.07212 7.99589 7.23173 7.75344 7.30698 7.54074 7.38695 7.24817 7.12513 6.69104 6.99769 7.26984 7.34101 7.36251 7.34837 7.34677 7.33727 7.31345 7.30262 7.30128 7.29851 7.28378 7.28215 7.26386 7.12196 6.37068 5.3657 4.09674 -9999 -9999
-9999 -9999 -9999 -9999 -9999 -9999 4.35598 7.16724 8.5179 10.2622 11.1559 11.5191 11.473 11.0245 10.0029 8.46405 7.18219 4.72725 2.17752 5.84014 9.1018 10.861 10.9528 7.8727 8.72183 8.03005 8.30472 7.04088 6.51429 6.0933 5.18681 4.19627 3.11033 2.53742 5.1154 6.44038 7.5071 8.01113 8.29665 8.43961 8.36456 8.17072 7.02643 7.89768 7.84492 7.75615 7.65458 7.60445 7.51236 7.40443 7.33652 7.31394 7.02621 7.35109 7.3437 7.34999 7.35352 7.34694 7.33245 7.31966 7.30306 7.30332 7.29147 7.27945 7.27039 7.26175 7.25023 7.20661 7.00515 5.30231 4.28285 3.99168
-9999 -9999 -9999 -9999 -9999 -9999 0.397156 4.48882 7.76841 9.48647 10.882 11.2677 11.413 10.8103 10.3601 9.25746 8.2131 6.6005 4.18383 2.69556 5.43772 9.4218 10.8896 10.7683 10.6738 9.87484 9.15453 9.06126 9.11275 8.27077 7.04805 5.45818 4.96041 4.40461 6.3251 6.58734 6.44913 8.56048 8.56676 8.4479 7.64132 6.73814 6.90921 6.34876 6.77084 6.10219 6.71343 7.2416 7.4379 7.42009 7.3446 7.33221 7.30109 7.35648 7.35698 7.34953 7.3443 7.34226 7.33588 7.31255 7.29941 7.30857 7.29098 7.27773 7.26362 7.25758 7.25096 7.21827 7.18828 6.92453 6.52926 5.77399
-9999 -9999 -9999 -9999 -9999 -9999 0.561749 3.9999 6.91986 8.66708 10.3521 10.7442 11.3142 11.1934 10.7216 9.76307 8.56487 7.23772 5.16438 3.62304 5.45612 8.10233 9.99552 10.6678 10.659 10.611 10.4285 10.3459 10.1344 9.97811 9.10512 7.59995 6.75221 5.51149 7.65135 7.89293 7.56005 8.62865 8.57625 6.96318 5.72272 5.56806 6.32477 5.60387 5.47046 5.02053 5.52546 6.8815 6.47975 6.55688 7.1671 7.26861 7.33098 7.34947 7.34649 7.34506 7.33621 7.33935 7.34227 7.31925 7.3088 7.30358 7.28001 7.27398 7.25663 7.24036 7.2271 7.2088 7.1816 7.10528 7.01884 7.09834
-9999 -9999 -9999 -9999 -9999 -9999 0.623399 2.93728 5.56515 8.13962 9.93909 10.6658 11.1955 11.1915 10.6425 10.1666 9.41582 8.24816 7.4471 6.05558 4.14538 7.34635 8.3284 9.19788 9.55845 10.4693 10.4446 10.0238 9.53005 9.98025 9.84297 8.65464 8.26453 7.60563 8.79621 8.80034 8.76862 8.70599 7.34347 5.44896 3.93447 5.02448 4.79633 5.29599 3.73895 5.00966 6.03444 6.36579 5.66795 5.1493 6.74452 7.00623 7.16457 7.26657 7.33419 7.31957 7.33743 7.32949 7.32612 7.32203 7.30903 7.30106 7.28709 7.2724 7.25636 7.24207 7.22231 7.1951 7.19173 7.1504 7.1334 7.11348
-9999 -9999 -9999 -9999 -9999 -9999 -9999 1.56084 4.886 7.86139 9.51854 10.5614 11.0702 11.0625 10.7823 10.4593 9.99383 9.15125 8.09226 6.41841 5.17532 5.96284 6.92469 7.02598 7.6637 9.51732 10.1492 9.24876 7.01758 8.32313 9.78545 9.76201 9.63789 9.49927 9.3226 9.16272 8.81153 7.8689 4.97899 4.4094 3.27556 3.40423 2.82199 4.09134 3.60919 4.91289 5.47701 5.68909 4.48097 4.72964 6.14344 6.70507 6.61259 6.95812 7.28938 7.30162 7.31255 7.30552 7.31394 7.31769 7.31306 7.29722 7.28637 7.27804 7.24859 7.24706 7.13826 7.06707 6.9242 7.09826 7.11404 7.11511
-9999 -9999 -9999 -9999 -9999 -9999 -9999 0.883542 4.20892 7.71298 8.83867 9.96268 10.9331 10.9533 10.5242 10.116 9.69519 9.21572 7.93125 6.68533 5.49551 5.09546 5.33396 5.30933 6.34281 8.75878 9.22517 9.02393 6.68855 5.9027 7.85636 9.49862 9.62849 9.48043 7.54909 7.96172 6.92035 5.50752 5.11918 4.50092 3.19355 3.82293 2.86483 3.27492 3.15755 3.8973 4.25736 5.13755 4.08475 4.08294 5.47084 6.17361 6.19204 6.93023 7.19438 7.26477 7.28368 7.29765 7.30227 7.31515 7.30943 7.2994 7.28559 7.25067 7.16681 6.90585 5.50384 5.50485 5.8879 6.25047 6.90534 7.08881
-9999 -9999 -9999 -9999 -9999 -9999 -9999 1.2593 3.56696 6.67623 8.97982 9.12546 10.2462 10.8252 10.3584 9.83242 9.29409 9.05894 7.66106 6.12525 4.8841 3.41479 3.65592 4.7095 6.42794 7.98823 8.26609 7.94201 6.683 7.2702 8.6026 9.31039 9.51956 9.35606 8.93608 8.69384 7.92714 7.59528 6.52986 4.86342 4.20713 4.62302 2.85318 2.97649 3.63037 2.92715 4.0723 4.61993 3.26088 4.32904 5.5605 6.19053 6.74173 7.00336 7.10854 7.26923 7.27498 7.28989 7.29861 7.29758 7.29859 7.27363 7.25286 7.10472 6.88582 5.58222 5.03304 5.1392 5.74142 6.26881 6.81288 7.03923
-9999 -9999 -9999 -9999 -9999 -9999 -9999 1.64328 3.7211 6.41713 8.05968 8.35427 9.59685 10.7019 10.5796 10.0323 9.86603 9.29839 8.11296 6.80334 5.37166 4.67538 3.07489 4.64943 5.88945 7.21086 7.82849 6.79035 6.27679 7.18528 8.08872 8.44986 9.36277 9.35483 9.05832 7.77728 7.15306 7.41809 7.15023 6.68046 5.53339 5.48245 4.74536 4.43988 4.15121 3.20608 3.80295 3.86214 4.01934 5.30755 5.94871 6.3742 6.76151 6.86409 7.03339 7.2528 7.27346 7.28271 7.28307 7.28835 7.27335 7.21217 7.16051 6.8623 6.33386 5.34744 3.74272 4.86964 6.04808 6.39696 6.73426 6.91268
-9999 -9999 -9999 -9999 -9999 -9999 -9999 1.2796 3.48698 5.79123 6.75507 6.91939 9.16738 10.5442 10.5475 10.2885 9.98568 8.58277 8.66558 8.3851 7.0938 5.21266 3.14652 3.33986 4.56482 6.31023 6.88733 5.18126 4.58402 5.02318 6.38924 7.61227 8.88946 9.21441 8.84064 6.84598 4.72621 5.71057 6.76222 6.757 6.44912 5.38527 5.0475 4.7416 3.96506 2.64445 2.83428 3.19948 4.65799 5.12323 5.84203 6.43929 6.2153 6.34796 6.91986 7.24862 7.26234 7.26952 7.28158 7.27522 7.25669 7.13407 7.004 6.78504 5.4071 4.55026 3.30015 4.74789 5.5514 5.97082 6.73628 6.91933
-9999 -9999 -9999 -9999 -9999 -9999 -9999 0.586431 2.18842 4.3909 5.27897 6.69531 8.81965 9.86497 10.3665 10.3564 10.1548 9.52701 9.14968 8.40546 7.06232 5.22551 3.18356 1.85409 2.52948 4.87333 5.42286 3.85372 3.06119 4.0481 5.50391 7.6596 8.89157 9.05849 8.94786 8.53716 6.98972 5.11992 5.12704 6.06592 5.28148 4.36952 4.87163 4.77891 4.01231 3.45463 3.10564 3.31331 4.14425 4.49105 5.32136 6.54675 6.72308 6.68939 7.20617 7.23323 7.24658 7.26732 7.26794 7.26436 7.24991 7.15015 6.9254 6.00864 5.20913 4.09653 3.95918 5.24442 5.8068 6.32673 6.70263 6.82566
-9999 -9999 -9999 -9999 -9999 -9999 -9999 -0.600019 1.28479 3.34805 5.28012 7.10819 8.68172 8.80413 9.63449 9.63431 10.0697 9.94597 9.36402 8.73743 7.58037 5.22098 3.2369 1.07294 1.64318 4.03444 4.32968 3.28544 1.35649 3.34818 5.54475 7.5357 8.61376 7.76954 8.63605 8.56569 7.98639 6.87364 5.14299 5.17648 3.87958 3.82366 4.49048 4.70708 4.59628 4.17778 3.50362 3.61087 4.11256 4.24248 5.00559 5.95635 6.88601 7.0431 7.22139 7.23024 7.23441 7.25017 7.25329 7.23513 7.18872 7.08442 6.31623 5.40236 4.83956 4.06463 3.97097 5.45801 6.046 6.37072 6.69568 6.8245
-9999 -9999 -9999 -9999 -9999 -9999 -9999 -9999 1.08162 3.21315 4.79064 5.21597 6.61468 7.37037 7.95538 8.08574 9.7534 9.84609 9.47749 8.90211 7.91547 6.12531 4.87796 2.80243 1.31045 1.9118 2.18571 2.73373 2.57193 3.46016 5.57091 7.7701 8.01036 6.61396 6.82146 7.11445 7.77029 7.4388 5.08043 3.88258 2.88835 3.59569 4.33965 4.51993 4.55619 4.41291 4.23718 3.94203 4.93679 5.67303 5.84413 6.48636 6.96083 7.0926 7.19223 7.2056 7.21926 7.22077 7.19452 7.17581 7.05817 6.79293 5.93365 3.8656 3.96295 3.73979 3.09671 4.54863 5.45479 6.27711 6.71445 6.82802
-9999 -9999 -9999 -9999 -9999 -9999 -9999 -9999 0.362135 2.82828 3.34969 3.31169 2.49614 2.87279 5.90003 6.51036 8.10982 9.62434 9.51405 8.94971 8.02677 6.96085 5.31015 2.97597 1.12114 0.323033 2.31424 4.27126 4.67581 5.30152 6.59488 6.84083 5.41349 4.07515 4.8274 5.28085 7.00672 7.32237 6.98786 5.5672 3.94267 3.09489 4.09679 4.23095 4.29123 4.30318 4.26665 4.2142 5.33271 5.95343 6.38422 6.61908 7.02652 7.1315 7.16587 7.19841 7.19236 7.17275 7.1099 7.03823 6.71792 6.32978 4.92173 3.74787 3.0161 2.08686 4.18325 4.80178 5.6563 6.20942 6.64448 6.7405
