Test_Spring_2018/02_18/Temp/20180204_018.txt
ncols	170
nrows	115
xllcorner	350000.000000
yllcorner	4445000.000000
cellsize	1000.000000
nodata_value	-9999.000000
[rows 32 to 63 of 115, columns 71 to 141 of 170]
8.47226 8.4532 8.09246 8.66069 9.18434 8.87485 8.66567 9.52666 9.5303 9.24264 8.562 8.31425 8.05704 7.90036 7.02538 4.56561 2.34809 3.53902 3.56862 2.7474 4.22291 3.44451 1.41275 -1.45578 0.1035 -0.302428 -2.33456 -2.84087 -9999 -9999 -9999 -9999 -9999 -9999 -9999 -9999 -9999 -9999 -9999 -9999 -9999 -9999 -9999 -9999 -9999 -9999 -9999 -9999 -9999 -9999 -9999 -9999 -9999 -9999 -9999 -9999 -9999 -9999 -9999 -9999 -9999 -9999 -9999 -9999 -9999 -9999 -9999 -9999 -9999 -9999 -9999
8.15117 7.96419 7.81157 8.654 8.64082 8.59205 8.89873 9.43643 9.54573 9.4357 9.14073 8.88566 8.61392 7.91957 6.91824 4.81337 2.28898 1.71764 2.95543 3.01582 3.21535 2.50593 1.61447 0.219456 1.3618 1.80522 0.468097 -1.28527 -2.4086 -9999 -9999 -9999 -9999 -9999 -9999 -9999 -9999 -9999 -9999 -9999 -9999 -9999 -9999 -9999 -9999 -9999 -9999 -9999 -9999 -9999 -9999 -9999 -9999 -9999 -9999 -9999 -9999 -9999 -9999 -9999 -9999 -9999 -9999 -9999 -9999 -9999 -9999 -9999 -9999 -9999 -9999
7.66628 7.38091 6.57217 7.08157 7.46524 8.16767 8.36217 8.47123 9.47464 9.42529 9.38242 8.95881 8.62048 8.05764 7.09401 5.72071 4.06647 1.18443 2.96379 4.35709 4.32214 4.2463 3.6217 2.28132 3.40235 3.45452 1.74186 -0.198713 -1.34314 -1.8169 -9999 -9999 -9999 -9999 -9999 -9999 -9999 -9999 -9999 -9999 -9999 -9999 -9999 -9999 -9999 -9999 -9999 -9999 -9999 -9999 -9999 -9999 -9999 -9999 -9999 -9999 -9999 -9999 -9999 -9999 -9999 -9999 -9999 -9999 -9999 -9999 -9999 -9999 -9999 -9999 -9999
6.99246 6.71782 5.72905 6.24157 6.92417 7.88205 8.38405 8.76932 9.0721 9.3807 9.34822 8.91467 7.62738 7.44593 7.39262 6.49516 4.60894 2.72485 2.23755 4.36237 4.9708 4.84712 5.32131 4.18559 4.72156 4.50078 3.89035 2.0224 0.317385 -0.388902 -1.78342 -9999 -9999 -9999 -9999 -9999 -9999 -9999 -9999 -9999 -9999 -9999 -9999 -9999 -9999 -9999 -9999 -9999 -9999 -9999 -9999 -9999 -9999 -9999 -9999 -9999 -9999 -9999 -9999 -9999 -9999 -9999 -9999 -9999 -9999 -9999 -9999 -9999 -9999 -9999 -9999
-9999 -9999 -9999 5.10774 6.03205 6.80421 7.7434 8.55876 8.9675 9.36456 9.33662 8.46682 8.04289 8.00848 7.42158 6.3852 5.73518 4.54941 3.31352 3.78666 5.59821 4.79243 6.07525 5.96592 6.20073 5.34171 3.7123 1.54059 0.272987 -0.359361 -1.48992 -9999 -9999 -9999 -9999 -9999 -9999 -9999 -9999 -9999 -9999 -9999 -9999 -9999 -9999 -9999 -9999 -9999 -9999 -9999 -9999 -9999 -9999 -9999 -9999 -9999 -9999 -9999 -9999 -9999 -9999 -9999 -9999 -9999 -9999 -9999 -9999 -9999 -9999 -9999 -9999
-9999 -9999 -9999 -9999 5.86172 6.45193 7.7076 8.36143 8.62835 9.26661 9.27198 8.94488 8.69853 8.33915 7.8684 7.09009 6.2307 5.11547 5.01303 6.17212 6.18643 5.94396 6.1334 6.72752 6.56914 5.23497 2.94455 1.73141 -0.730557 -1.78644 -1.68007 -2.42851 -9999 -9999 -9999 -9999 -9999 -9999 -9999 -9999 -9999 -9999 -9999 -9999 0.444124 -9999 -9999 -9999 -9999 -9999 -9999 -9999 -9999 -9999 -9999 -9999 -9999 -9999 -9999 -9999 -9999 -9999 -9999 -9999 -9999 -4.01053 -9999 -9999 -9999 -9999 -9999
-9999 -9999 -9999 5.74672 6.53075 7.14387 7.93304 8.01316 8.48852 9.2221 9.23699 9.00635 8.74487 8.15203 8.00713 7.56513 6.63191 6.44191 6.82166 6.99646 7.19406 7.31518 7.21515 6.97248 6.65897 5.79803 4.73257 4.0166 1.76647 0.627873 -0.461975 -2.11012 -3.39943 -9999 -9999 -9999 -9999 -9999 -9999 -9999 -0.428127 -0.48717 -0.45576 -0.0924869 0.906513 0.32255 -9999 -9999 -9999 -9999 -9999 -9999 -9999 -9999 -9999 -9999 -9999 -9999 -9999 -9999 -9999 -9999 -9999 -9999 -9999 -3.11611 -4.40896 -9999 -9999 -9999 -9999
-9999 -9999 -9999 5.95486 6.78183 7.19763 7.96467 8.40592 8.69954 8.95716 9.20334 9.1671 8.87761 8.43473 8.44061 7.82791 7.49808 7.26247 7.7757 7.87704 7.67082 7.41177 7.18209 6.53496 6.45795 6.24237 5.56463 4.45405 3.3098 1.66038 -0.577242 -2.77131 -4.54098 -9999 -9999 -9999 -9999 -9999 -9999 -0.249535 0.580869 1.07939 0.0268967 0.93044 1.75634 1.6267 0.825056 -9999 -9999 -9999 -9999 -9999 -9999 -9999 -9999 -9999 -9999 -9999 -9999 -9999 -9999 3.00972 1.6841 -0.997228 -2.3696 -3.19131 -4.3663 -9999 -9999 -9999 -9999
-9999 -9999 -9999 5.78945 6.76563 7.42901 8.01868 8.11813 8.72727 8.9915 9.1263 9.11573 9.06185 8.98339 8.44973 8.22136 7.41175 8.18932 8.16038 7.96367 7.18491 6.84624 5.50865 4.91843 4.78176 5.90138 5.06757 3.33063 1.1603 -1.44615 -1.61793 -2.48178 -4.06403 -9999 -9999 -9999 -9999 -9999 -9999 0.0016078 0.889886 1.63188 1.74221 0.696205 2.16224 2.10381 1.28648 1.10191 1.77425 2.11528 1.85749 2.66495 2.90036 2.53928 2.93678 -9999 -9999 -9999 -9999 3.18092 3.23765 3.28165 2.7316 -0.197772 -2.19703 -3.99188 -4.15604 -9999 -9999 -9999 -9999
-9999 -9999 -9999 6.45884 7.06246 7.37104 7.42663 7.95705 8.49121 8.81731 9.05945 9.0171 9.00247 8.9861 8.80582 8.38182 8.46052 8.42713 8.17853 6.69738 4.96795 5.71966 4.68922 2.49205 4.26908 5.24536 4.30039 2.19572 -0.243952 -1.04484 -1.01443 -2.21536 -3.76028 -9999 -9999 -9999 -2.43155 -1.16177 -1.04931 -0.672854 0.511325 1.41295 2.09408 2.55812 2.54292 2.05826 1.25878 0.389243 0.700348 2.26705 2.64913 2.97127 3.21486 2.87933 3.05306 3.47262 3.69012 3.7355 3.63893 3.61885 3.65601 3.60943 3.09641 0.479222 -1.018 -1.97155 -3.89373 -9999 -9999 -9999 -9999
-9999 -9999 -9999 6.0816 6.60752 7.035 7.74219 7.82306 8.27212 8.545 8.93913 8.98849 8.5369 8.91845 8.8733 8.80556 8.65785 8.43962 7.1898 5.46626 3.73767 2.93817 3.27764 1.95293 2.62359 3.61253 3.24207 1.94615 -0.228149 -0.538226 -1.04674 -3.06367 -5.00568 -9999 -9999 -4.89795 -2.46363 -0.748538 0.137582 0.414141 0.4435 1.57902 1.67105 2.89304 2.60741 0.997324 1.18023 0.554946 0.961952 1.53385 1.69153 2.51335 3.31261 3.46297 3.4668 3.73398 3.78968 3.80515 3.80009 3.62178 3.70752 3.72376 3.40552 1.50867 0.586116 -0.432421 -3.875 -9999 -9999 -9999 -9999
-9999 -9999 -9999 6.34726 6.93474 7.57775 7.68787 8.16634 8.12538 8.00217 8.66565 8.91022 8.59317 8.36575 8.79704 8.77031 8.7155 8.62297 7.44833 6.08805 4.02831 2.74702 1.9639 1.4046 0.651444 1.15649 0.995151 0.780702 1.01614 0.411469 -0.783496 -1.96675 -4.17603 -5.37208 -9999 -4.77201 -3.67301 -1.63339 0.100949 1.20336 0.811351 2.10242 2.34463 3.08804 2.65457 1.67789 1.25601 1.21967 1.09187 1.95954 2.54345 2.95074 3.22603 3.57231 3.6595 3.74734 3.78457 3.80566 3.8276 3.82559 3.82182 3.78701 3.67004 2.80042 1.87828 -0.116482 -3.76457 -9999 -9999 -9999 -9999
-9999 -9999 4.64774 6.27845 7.25958 7.64398 7.92364 8.17113 8.3524 8.54551 8.72316 8.84691 8.80086 7.9523 8.02595 8.18231 8.66866 8.63498 8.52862 7.78423 5.27804 4.41136 3.13984 1.49743 0.804227 1.14063 2.47732 2.41162 1.51701 0.520917 -0.854328 -1.73344 -3.09035 -5.69038 -5.45806 -4.28788 -3.41616 -2.02933 0.0903369 1.57761 2.24338 2.49718 3.02027 3.29458 2.69699 2.13016 1.89244 1.45036 1.3886 1.39236 1.91639 2.321 3.23106 3.53711 3.67956 3.75109 3.79006 3.81911 3.84836 3.86035 3.84603 3.85073 3.8479 3.78705 2.56012 -0.519962 -2.83526 -9999 -9999 -9999 -9999
-9999 -9999 -9999 5.97571 6.41137 6.53098 6.73494 7.14461 7.61576 8.28305 8.37468 8.74292 8.74756 8.01636 7.17122 7.91422 8.21012 8.51564 8.5245 8.42741 6.31942 5.21496 4.3438 2.76829 3.32558 3.85749 3.89206 3.56113 1.64889 -0.255317 -2.45037 -4.50012 -4.60197 -5.70751 -5.12592 -4.35305 -2.36717 -0.968348 -0.399158 0.0110494 2.16699 2.72906 2.92308 3.47677 2.7278 2.53986 1.97685 2.1459 2.09729 2.10096 0.53692 2.10227 2.19534 3.21789 3.67804 3.78417 3.8131 3.84446 3.85111 3.85956 3.85812 3.87237 3.86035 3.84626 3.05016 -0.853643 -2.80972 -9999 -9999 -9999 -9999
-9999 -9999 -9999 -9999 -9999 6.12509 6.46 6.67774 7.04866 8.17089 8.47766 8.68349 8.70672 8.38429 7.54769 7.32961 7.48584 6.6664 7.35161 8.28927 8.26297 8.14516 6.29046 5.33567 6.24561 5.96048 4.56314 3.46203 2.37536 0.146591 -1.48694 -3.83565 -5.59975 -5.66929 -3.72917 -2.11719 -0.107603 0.780654 0.278972 0.828956 1.90011 3.1177 3.70801 3.57242 2.78278 2.67418 1.8051 2.6621 2.73617 2.33859 1.99469 2.12804 2.63398 2.82713 3.6272 3.82138 3.85724 3.86447 3.86957 3.86867 3.86738 3.86 3.85554 3.84869 3.81728 -0.195592 -3.31493 -9999 -9999 -9999 -9999
-9999 -9999 -9999 -9999 -9999 5.35231 5.55962 6.09138 7.44388 8.15808 8.44987 8.44731 8.58519 8.35953 7.62425 6.86822 6.15423 5.23149 5.75942 7.15526 7.97622 8.06584 6.43927 7.27453 6.952 6.32236 4.49671 3.14945 2.4321 0.291911 -1.54162 -3.10612 -5.26327 -4.3458 -3.33374 -2.03186 0.160365 1.64107 2.25139 1.74442 2.43124 3.83189 3.84295 3.08171 3.13395 2.67073 1.48243 2.72257 3.072 2.7914 2.86434 2.75596 2.94446 3.28762 3.61601 3.83469 3.86498 3.86978 3.86435 3.86644 3.86972 3.85767 3.86278 3.85587 3.84012 1.25168 -3.37668 -9999 -9999 -9999 -9999
-9999 -9999 -9999 -9999 -9999 -9999 4.6573 5.85993 7.65253 8.10566 8.0728 8.44824 8.48642 8.13704 7.83349 6.91501 5.65768 3.23908 3.8552 5.13995 6.99202 7.96288 7.82636 7.27531 6.32656 4.03996 2.03785 1.78857 1.45514 -0.108545 -1.52211 -3.26088 -2.26101 -1.16414 0.0374788 0.669239 0.505717 1.77476 2.8105 2.37505 3.21678 4.1982 3.75792 3.49857 3.28099 2.74524 2.71453 2.77207 3.4765 2.99025 3.28958 3.29362 3.27719 3.44433 3.63678 3.83913 3.87302 3.87467 3.87971 3.85849 3.86951 3.86127 3.85372 3.8476 3.83466 3.60493 1.11473 -0.371934 -9999 -9999 -9999
-9999 -9999 -9999 -9999 -9999 -9999 3.55433 4.15816 6.27946 6.94209 7.88307 8.38565 8.41474 7.82094 7.49114 6.12111 5.67785 3.44076 2.42723 3.28574 2.95382 5.50418 7.75961 7.25916 2.69029 1.03108 -0.154427 0.141522 0.13776 -0.301995 -2.70376 -3.36933 -1.22854 0.118981 1.16359 1.95686 2.12267 2.09732 3.71593 3.93354 4.46178 4.3509 4.40265 3.58969 3.08732 3.5304 3.02355 2.93806 3.6658 2.95069 3.5984 3.51861 3.32488 3.3153 3.74237 3.82945 3.87589 3.87958 3.86466 3.84522 3.83593 3.85305 3.85045 3.83109 3.83695 3.81868 3.52785 2.24126 1.79519 2.30109 -9999
-9999 -9999 -9999 -9999 -9999 -9999 -9999 2.18602 5.1306 6.48209 7.19411 8.19326 8.31895 8.0052 7.43185 6.03586 4.80755 2.80788 0.522767 -0.688764 2.93142 6.0809 7.72215 7.49765 3.6938 2.18864 2.11271 2.98908 2.23795 1.66707 -0.159241 -0.708165 -1.46833 -1.00522 0.45078 1.64159 2.79182 3.62919 3.69986 4.24499 4.55907 4.58764 4.68809 4.59484 4.51892 3.73374 4.27942 3.81945 4.0655 3.90864 3.76685 3.64113 3.19151 3.51051 3.79313 3.86663 3.88875 3.8732 3.87092 3.86093 3.83675 3.82884 3.83068 3.83213 3.82217 3.82673 3.8188 3.67932 2.9073 1.87191 0.56233
-9999 -9999 -9999 -9999 -9999 -9999 -9999 0.717163 3.64699 5.06473 6.88409 7.82481 8.20657 8.1616 7.69761 6.63758 5.03938 3.70729 1.15643 -1.49335 2.3074 5.69105 7.51498 7.60728 4.407 5.2861 4.56511 4.84778 3.53285 2.98356 2.54826 1.60379 0.572234 -0.556485 -1.15342 1.52137 2.89569 4.00259 4.52595 4.82314 4.97297 4.89479 4.69775 3.51226 4.42003 4.37354 4.28502 4.18298 4.13403 4.0411 3.93124 3.86273 3.84045 3.54227 3.88068 3.87277 3.87858 3.88157 3.8743 3.85926 3.84662 3.8308 3.83368 3.82838 3.82093 3.81738 3.81919 3.81464 3.77702 3.5756 1.81503
-9999 -9999 -9999 -9999 -9999 -9999 -9999 -3.39126 0.867277 4.29606 6.08647 7.5413 7.94556 8.09921 7.47501 7.00831 5.86322 4.778 3.10215 0.590898 -0.956572 1.88828 6.02306 7.54388 7.41646 7.31585 6.48373 5.73332 5.63407 5.68519 4.81314 3.54338 1.889 1.37012 0.790236 2.78238 3.05317 2.90882 5.10125 5.10837 4.98615 4.1503 3.2116 3.39144 2.81494 3.26146 2.57046 3.20836 3.75972 3.96608 3.94968 3.87325 3.86307 3.8312 3.88915 3.88933 3.8811 3.87523 3.87288 3.86644 3.84296 3.83074 3.84246 3.82784 3.81814 3.81346 3.81763 3.81761 3.79078 3.76686 3.50017
-9999 -9999 -9999 -9999 -9999 -9999 -9999 -3.20846 0.3775 3.41648 5.23745 6.99173 7.40228 7.99671 7.87283 7.38362 6.3884 5.14365 3.76451 1.61013 0.00790368 1.9096 4.65481 6.61854 7.31555 7.30333 7.25122 7.05946 6.97566 6.75344 6.59381 5.68387 4.119 3.23573 1.94478 4.16485 4.41427 4.06778 5.17731 5.12337 3.44932 2.16267 2.00394 2.78831 2.04192 1.91166 1.45036 1.97756 3.38835 2.9753 3.05732 3.69288 3.79929 3.86518 3.88451 3.88129 3.87956 3.87017 3.87343 3.87682 3.85375 3.84435 3.84105 3.81942 3.81772 3.80423 3.79753 3.79505 3.78253 3.76088 3.68821
-9999 -9999 -9999 -9999 -9999 -9999 -9999 -3.13794 -0.723242 2.0117 4.69129 6.5639 7.32164 7.87401 7.87131 7.30196 6.80806 6.0281 4.81485 3.98194 2.53562 0.550455 3.87276 4.88984 5.79193 6.16939 7.11313 7.0851 6.64575 6.13614 6.60041 6.45619 5.21921 4.81139 4.1248 5.35925 5.36218 5.32844 5.26317 3.84861 1.8821 0.31063 1.44412 1.20901 1.72586 0.117222 1.44098 2.50787 2.85449 2.13478 1.59797 3.25637 3.52989 3.69489 3.80111 3.87141 3.85623 3.87481 3.86677 3.86378 3.86047 3.84842 3.84218 3.83033 3.81836 3.80697 3.80206 3.78709 3.76438 3.76729 3.73565
-9999 -9999 -9999 -9999 -9999 -9999 -9999 -9999 -2.14517 1.31457 4.40865 6.13297 7.21855 7.7489 7.74216 7.45197 7.11692 6.63348 5.75816 4.65787 2.91884 1.62693 2.44346 3.44009 3.54463 4.20507 6.12798 6.78202 5.8447 3.53277 4.88688 6.4024 6.37519 6.2437 6.09749 5.91157 5.74424 5.37874 4.39958 1.39876 0.808616 -0.367719 -0.232711 -0.8357 0.479738 -0.0123782 1.34391 1.93212 2.15461 0.902074 1.16247 2.63318 3.21753 3.12232 3.48172 3.82778 3.8407 3.85229 3.84538 3.85477 3.85966 3.8563 3.84033 3.83152 3.82591 3.80049 3.80901 3.70119 3.63276 3.4901 3.67664
-9999 -9999 -9999 -9999 -9999 -9999 -9999 -9999 -2.84286 0.61497 4.2576 5.42969 6.59935 7.60891 7.6311 7.18628 6.76277 6.32589 5.82777 4.49346 3.19896 1.96248 1.54593 1.79225 1.76542 2.83696 5.34397 5.8263 5.61522 3.19716 2.37828 4.40427 6.10704 6.23951 6.08368 4.0764 4.50361 3.42138 1.95388 1.55069 0.909137 -0.447671 0.207003 -0.786637 -0.359345 -0.477592 0.292746 0.66875 1.58476 0.493307 0.493467 1.93727 2.66816 2.68816 3.4554 3.73024 3.80379 3.8239 3.839 3.84458 3.85901 3.85448 3.8459 3.83384 3.80034 3.7165 3.45113 2.00577 2.01166 2.41446 2.79607
-9999 -9999 -9999 -9999 -9999 -9999 -9999 -9999 -2.44792 -0.0474352 3.18483 5.57981 5.73329 6.89876 7.5013 7.01727 6.47154 5.91264 5.66831 4.21631 2.62084 1.33114 -0.195706 0.0534221 1.14602 2.92921 4.54775 4.83441 4.49589 3.19614 3.80328 5.18434 5.91692 6.13194 5.96023 5.52251 5.26973 4.47272 4.12766 3.02121 1.29097 0.610016 1.0427 -0.794188 -0.665016 0.0151873 -0.711212 0.479778 1.0502 -0.359472 0.752945 2.03301 2.68833 3.26159 3.53401 3.64385 3.8113 3.81786 3.83404 3.84395 3.84397 3.8464 3.8222 3.80273 3.65138 3.42695 2.0765 1.51848 1.63297 2.26273 2.81485
-9999 -9999 -9999 -9999 -9999 -9999 -9999 -9999 -2.0438 0.117579 2.92038 4.62866 4.93665 6.22859 7.37729 7.25101 6.68308 6.51061 5.92102 4.68965 3.32908 1.84155 1.11745 -0.545815 1.0878 2.37419 3.74469 4.38425 3.3149 2.77909 3.72003 4.65582 5.0286 5.97456 5.96452 5.6551 4.32362 3.67454 3.94923 3.67086 3.1831 1.99227 1.93991 1.1752 0.858803 0.559937 -0.418098 0.203289 0.266289 0.432313 1.77186 2.43883 2.8817 3.28477 3.39205 3.56855 3.79704 3.81917 3.82954 3.8308 3.83737 3.82311 3.76117 3.70943 3.40198 2.85577 1.83428 0.179961 1.3539 2.58145 2.94789
-9999 -9999 -9999 -9999 -9999 -9999 -9999 -9999 -2.41548 -0.119916 2.27578 3.27908 3.45164 5.78756 7.21844 7.22259 6.95401 6.63967 5.18268 5.26825 4.97635 3.63452 1.67998 -0.466894 -0.267607 1.00365 2.8139 3.41138 1.64864 1.02603 1.47972 2.89603 4.16397 5.48833 5.82407 5.43449 3.36197 1.15981 2.1814 3.27314 3.26762 2.94803 1.84359 1.4933 1.17622 0.370487 -0.993308 -0.799404 -0.418834 1.09895 1.58327 2.33078 2.95197 2.72023 2.85875 3.45335 3.79544 3.81039 3.81864 3.83205 3.82649 3.80849 3.68262 3.54926 3.32385 1.89517 1.00786 -0.28104 1.22818 2.06587 2.51065
-9999 -9999 -9999 -9999 -9999 -9999 -9999 -9999 -3.12878 -1.46213 0.827691 1.75216 3.22479 5.43224 6.5188 7.04033 7.03012 6.82087 6.1687 5.77636 5.00277 3.607 1.69837 -0.423484 -1.80565 -1.10602 1.32644 1.89671 0.274787 -0.550581 0.471974 1.98157 4.2181 5.49558 5.66729 5.55099 5.12332 3.51547 1.5731 1.58003 2.55475 1.7401 0.793198 1.31486 1.21895 0.423328 -0.155294 -0.514443 -0.296157 0.568401 0.929618 1.79285 3.06626 3.25019 3.21596 3.75332 3.78212 3.79669 3.819 3.8205 3.81777 3.80391 3.70164 3.46977 2.51949 1.69118 0.537949 0.397626 1.74439 2.33194 2.87993
-9999 -9999 -9999 -9999 -9999 -9999 -9999 -9999 -4.35386 -2.39369 -0.248552 1.75998 3.66013 5.29557 5.42371 6.28663 6.28674 6.73884 6.60995 6.00497 5.35336 4.15065 1.69915 -0.362783 -2.61167 -2.02137 0.460541 0.776189 -0.310648 -2.31614 -0.250173 2.0287 4.0942 5.2119 4.33363 5.23205 5.15781 4.55526 3.39897 1.60124 1.63564 0.288671 0.230554 0.923086 1.14821 1.03343 0.599174 -0.0934709 0.0158413 0.538423 0.674332 1.4677 2.45585 3.42204 3.58589 3.77173 3.78158 3.7866 3.8037 3.80774 3.78978 3.74261 3.63549 2.83911 1.89161 1.30885 0.505969 0.410685 1.9639 2.58054 2.92525
-9999 -9999 -9999 -9999 -9999 -9999 -9999 -9999 -9999 -2.5974 -0.381381 1.25895 1.70245 3.15635 3.9421 4.5502 4.68577 6.41737 6.51308 6.12945 5.53078 4.50478 2.64415 1.34702 -0.810265 -2.36167 -1.73777 -1.44548 -0.878956 -1.04943 -0.129379 2.06036 4.34212 4.58982 3.13814 3.35222 3.65528 4.33532 3.99027 1.54059 0.296212 -0.736568 -0.0022137 0.770298 0.957561 0.995364 0.846783 0.672583 0.363275 1.39723 2.16268 2.34122 3.00893 3.50237 3.63988 3.74399 3.7585 3.77332 3.77555 3.74901 3.73038 3.60913 3.33473 2.44358 0.297343 0.399886 0.169716 -0.496398 1.01468 1.972 2.82767
-9999 -9999 -9999 -9999 -9999 -9999 -9999 -9999 -9999 -3.33687 -0.773315 -0.229577 -0.267146 -1.11258 -0.720416 2.42376 3.05766 4.71827 6.29027 6.1746 5.58711 4.62694 3.51808 1.80177 -0.624394 -2.55287 -3.37266 -1.30781 0.722168 1.13969 1.78706 3.12793 3.38131 1.89729 0.505899 1.28565 1.75531 3.54649 3.87341 3.52533 2.0495 0.362107 -0.518548 0.521719 0.660999 0.72364 0.736178 0.69997 0.653034 1.81121 2.45664 2.90478 3.14941 3.5732 3.68284 3.71912 3.75347 3.74775 3.72796 3.66332 3.58959 3.25774 2.85558 1.39441 0.176547 -0.582107 -1.54571 0.632695 1.27818 2.17818 2.75702
