Test_Spring_2018/02_18/Temp/20180213_017.txt
ncols	170
nrows	115
xllcorner	350000.000000
yllcorner	4445000.000000
cellsize	1000.000000
nodata_value	-9999.000000
[rows 32 to 63 of 115, columns 71 to 141 of 170]
7.69164 7.66969 7.32264 7.85879 8.35242 8.04775 7.84419 8.65441 8.65397 8.37673 7.72604 7.48722 7.23964 7.08788 6.25328 3.91189 1.80102 2.93133 2.95746 2.1746 3.57577 2.83375 0.899939 -1.82954 -0.348612 -0.736393 -2.67437 -3.15452 -9999 -9999 -9999 -9999 -9999 -9999 -9999 -9999 -9999 -9999 -9999 -9999 -9999 -9999 -9999 -9999 -9999 -9999 -9999 -9999 -9999 -9999 -9999 -9999 -9999 -9999 -9999 -9999 -9999 -9999 -9999 -9999 -9999 -9999 -9999 -9999 -9999 -9999 -9999 -9999 -9999 -9999 -9999
7.38753 7.20604 7.05703 7.85404 7.83734 7.78313 8.06782 8.57061 8.67068 8.56238 8.27841 8.03261 7.77119 7.10814 6.15338 4.14949 1.74684 1.2015 2.37657 2.4322 2.6202 1.94398 1.0947 -0.233347 0.851395 1.27155 -0.00295274 -1.67085 -2.7456 -9999 -9999 -9999 -9999 -9999 -9999 -9999 -9999 -9999 -9999 -9999 -9999 -9999 -9999 -9999 -9999 -9999 -9999 -9999 -9999 -9999 -9999 -9999 -9999 -9999 -9999 -9999 -9999 -9999 -9999 -9999 -9999 -9999 -9999 -9999 -9999 -9999 -9999 -9999 -9999 -9999 -9999
6.92787 6.65291 5.88009 6.3605 6.72121 7.38131 7.55497 7.65469 8.60495 8.55431 8.51001 8.10389 7.77909 7.24105 6.32213 5.01389 3.43872 0.696235 2.38643 3.70967 3.67492 3.6014 3.00615 1.73034 2.79511 2.84354 1.21516 -0.638768 -1.72763 -2.17877 -9999 -9999 -9999 -9999 -9999 -9999 -9999 -9999 -9999 -9999 -9999 -9999 -9999 -9999 -9999 -9999 -9999 -9999 -9999 -9999 -9999 -9999 -9999 -9999 -9999 -9999 -9999 -9999 -9999 -9999 -9999 -9999 -9999 -9999 -9999 -9999 -9999 -9999 -9999 -9999 -9999
6.28879 6.02409 5.08012 5.56351 6.20847 7.11474 7.58076 7.93994 8.22389 8.51352 8.479 8.06333 6.83608 6.66063 6.60731 5.75156 3.95585 2.16243 1.69742 3.71646 4.29375 4.17501 4.62489 3.54401 4.05277 3.842 3.26372 1.48023 -0.143815 -0.815748 -2.14216 -9999 -9999 -9999 -9999 -9999 -9999 -9999 -9999 -9999 -9999 -9999 -9999 -9999 -9999 -9999 -9999 -9999 -9999 -9999 -9999 -9999 -9999 -9999 -9999 -9999 -9999 -9999 -9999 -9999 -9999 -9999 -9999 -9999 -9999 -9999 -9999 -9999 -9999 -9999 -9999
-9999 -9999 -9999 4.48726 5.36165 6.08743 6.97358 7.74146 8.12601 8.49959 8.46922 7.63858 7.23217 7.19646 6.6357 5.64786 5.02773 3.89845 2.7218 3.1705 4.89209 4.12506 5.3442 5.23966 5.46242 4.6451 3.09303 1.02656 -0.181202 -0.782488 -1.85758 -9999 -9999 -9999 -9999 -9999 -9999 -9999 -9999 -9999 -9999 -9999 -9999 -9999 -9999 -9999 -9999 -9999 -9999 -9999 -9999 -9999 -9999 -9999 -9999 -9999 -9999 -9999 -9999 -9999 -9999 -9999 -9999 -9999 -9999 -9999 -9999 -9999 -9999 -9999 -9999
-9999 -9999 -9999 -9999 5.20174 5.75444 6.94398 7.55553 7.80499 8.40771 8.4088 8.094 7.85629 7.51144 7.06107 6.31863 5.49948 4.43742 4.33876 5.43999 5.45291 5.22187 5.40169 5.96644 5.81571 4.54991 2.36701 1.21381 -1.13063 -2.13429 -2.03287 -2.74438 -9999 -9999 -9999 -9999 -9999 -9999 -9999 -9999 -9999 -9999 -9999 -9999 -0.0204806 -9999 -9999 -9999 -9999 -9999 -9999 -9999 -9999 -9999 -9999 -9999 -9999 -9999 -9999 -9999 -9999 -9999 -9999 -9999 -9999 -4.27518 -9999 -9999 -9999 -9999 -9999
-9999 -9999 -9999 5.09918 5.8361 6.4145 7.16016 7.22944 7.67346 8.3665 8.37637 8.15304 7.90073 7.33374 7.19313 6.77048 5.88119 5.69908 6.05917 6.22473 6.41228 6.52735 6.43233 6.20179 5.90398 5.08357 4.0712 3.39114 1.25079 0.166689 -0.869016 -2.43573 -3.66139 -9999 -9999 -9999 -9999 -9999 -9999 -9999 -0.839654 -0.896789 -0.867891 -0.523358 0.425794 -0.130141 -9999 -9999 -9999 -9999 -9999 -9999 -9999 -9999 -9999 -9999 -9999 -9999 -9999 -9999 -9999 -9999 -9999 -9999 -9999 -3.41684 -4.64844 -9999 -9999 -9999 -9999
-9999 -9999 -9999 5.29567 6.07739 6.46786 7.19213 7.6065 7.87549 8.1156 8.34506 8.30628 8.02709 7.60251 7.60516 7.02017 6.70472 6.4794 6.96665 7.06267 6.8666 6.62059 6.40272 5.78805 5.71559 5.50959 4.86632 3.81145 2.72449 1.15376 -0.973001 -3.05851 -4.74067 -9999 -9999 -9999 -9999 -9999 -9999 -0.662112 0.126477 0.599446 -0.402415 0.455802 1.24033 1.11642 0.354981 -9999 -9999 -9999 -9999 -9999 -9999 -9999 -9999 -9999 -9999 -9999 -9999 -9999 -9999 2.42557 1.16277 -1.38931 -2.69679 -3.48064 -4.60035 -9999 -9999 -9999 -9999
-9999 -9999 -9999 5.14143 6.06474 6.69028 7.24547 7.33439 7.90455 8.14921 8.27237 8.25766 8.20222 8.12395 7.61343 7.39387 6.62227 7.36054 7.3325 7.14544 6.40534 6.08406 4.81315 4.25309 4.1225 5.18879 4.39757 2.74752 0.685274 -1.79352 -1.95692 -2.77721 -4.28086 -9999 -9999 -9999 -9999 -9999 -9999 -0.416639 0.426879 1.13125 1.23502 0.239358 1.63255 1.57751 0.800036 0.624507 1.26406 1.58878 1.3476 2.11244 2.33673 1.99378 2.37204 -9999 -9999 -9999 -9999 2.60087 2.65295 2.69258 2.16707 -0.621109 -2.52492 -4.23436 -4.39051 -9999 -9999 -9999 -9999
-9999 -9999 -9999 5.78128 6.34996 6.63772 6.68461 7.18286 7.68125 7.98453 8.20632 8.16133 8.14318 8.12395 7.94949 7.54395 7.61712 7.58438 7.34761 5.93935 4.29545 5.0112 4.03558 1.9432 3.63793 4.56839 3.67193 1.67266 -0.645278 -1.40667 -1.37734 -2.51784 -3.98483 -9999 -9999 -9999 -2.72056 -1.51377 -1.40775 -1.05089 0.0739086 0.929995 1.57579 2.01593 2.00079 1.5402 0.779761 -0.0469774 0.249247 1.73967 2.10385 2.41095 2.64331 2.32494 2.49196 2.89106 3.09771 3.14029 3.04743 3.02687 3.06029 3.01372 2.52332 0.0304581 -1.39623 -2.30592 -4.13451 -9999 -9999 -9999 -9999
-9999 -9999 -9999 5.42544 5.92003 6.32061 6.98264 7.05315 7.4738 7.724 8.09274 8.13462 7.70068 8.05962 8.01352 7.94672 7.80466 7.5963 6.40771 4.76926 3.12652 2.36764 2.68783 1.43001 2.07279 3.01555 2.66946 1.44122 -0.624109 -0.916981 -1.3999 -3.31752 -5.1629 -9999 -9999 -5.05902 -2.74455 -1.11438 -0.272778 -0.0110373 0.0155108 1.09388 1.18007 2.3409 2.06867 0.537766 0.711519 0.116556 0.504147 1.05076 1.20166 1.98708 2.74498 2.88874 2.89301 3.14742 3.20037 3.21459 3.2088 3.03772 3.11724 3.13024 2.82486 1.01818 0.137862 -0.831351 -4.10838 -9999 -9999 -9999 -9999
-9999 -9999 -9999 5.67759 6.23026 6.83541 6.9336 7.38193 7.33581 7.20904 7.83392 8.06086 7.75459 7.53426 7.94108 7.91324 7.85957 7.77087 6.65399 5.36125 3.40396 2.18734 1.44094 0.911292 0.202382 0.685411 0.53479 0.333608 0.56011 -0.00882907 -1.14409 -2.26735 -4.3679 -5.50418 -9999 -4.93288 -3.8882 -1.94951 -0.301456 0.745443 0.371175 1.59731 1.82621 2.53214 2.11905 1.1904 0.791042 0.756795 0.63588 1.46182 2.01803 2.40938 2.67214 2.99983 3.08358 3.16764 3.20318 3.22283 3.24272 3.23926 3.23355 3.19785 3.08368 2.25357 1.37556 -0.524444 -3.9971 -9999 -9999 -9999 -9999
-9999 -9999 4.07124 5.61609 6.5427 6.90153 7.16052 7.38878 7.55405 7.728 7.8898 8.00167 7.95284 7.14169 7.20833 7.35455 7.81551 7.7829 7.68203 6.97518 4.59367 3.76852 2.56347 1.00439 0.350775 0.67386 1.9481 1.88877 1.04109 0.0967306 -1.20936 -2.03987 -3.32854 -5.80078 -5.57922 -4.46638 -3.63787 -2.31999 -0.305652 1.10708 1.73851 1.97818 2.47428 2.73386 2.16641 1.62752 1.40154 0.981599 0.92363 0.928257 1.42783 1.81654 2.68319 2.97523 3.1096 3.17832 3.21563 3.24292 3.26978 3.27958 3.26376 3.2655 3.2597 3.20022 2.03022 -0.89957 -3.10477 -9999 -9999 -9999 -9999
-9999 -9999 -9999 5.33219 5.73977 5.84646 6.03311 6.41522 6.85578 7.4804 7.5609 7.90497 7.90339 7.20379 6.39668 7.1007 7.38061 7.67063 7.67946 7.58833 5.58469 4.5367 3.711 2.21586 2.75158 3.26092 3.29734 2.98614 1.17114 -0.636436 -2.7217 -4.66806 -4.76268 -5.81051 -5.25754 -4.52252 -2.6346 -1.30542 -0.765537 -0.377106 1.6712 2.20409 2.38813 2.91361 2.20074 2.02216 1.48695 1.64824 1.60291 1.6076 0.121806 1.6143 1.70403 2.6775 3.11615 3.21637 3.24421 3.27376 3.27913 3.28554 3.28189 3.29262 3.27925 3.26403 2.50401 -1.21111 -3.07481 -9999 -9999 -9999 -9999
-9999 -9999 -9999 -9999 -9999 5.46391 5.7748 5.97414 6.31913 7.3762 7.6611 7.85057 7.86714 7.55591 6.7566 6.54674 6.69385 5.91422 6.56677 7.45863 7.43546 7.32585 5.56511 4.66268 5.53168 5.26438 3.93948 2.89619 1.86647 -0.249478 -1.80051 -4.03096 -5.70605 -5.77042 -3.92452 -2.39104 -0.480636 0.362979 -0.115509 0.405745 1.42307 2.57934 3.13934 3.00939 2.25789 2.15478 1.32861 2.14416 2.21559 1.83886 1.5134 1.64423 2.12665 2.31151 3.07324 3.25848 3.29221 3.29884 3.30274 3.30024 3.29669 3.28821 3.28126 3.27183 3.23894 -0.579917 -3.54979 -9999 -9999 -9999 -9999
-9999 -9999 -9999 -9999 -9999 4.73256 4.92198 5.41978 6.69802 7.36705 7.63764 7.62891 7.75446 7.53523 6.83242 6.11093 5.43057 4.55262 5.05502 6.38351 7.16607 7.2538 5.71009 6.5099 6.20712 5.61239 3.88038 2.60319 1.92483 -0.106732 -1.84776 -3.33238 -5.38113 -4.5069 -3.54346 -2.30519 -0.220932 1.18599 1.76493 1.28128 1.93274 3.26308 3.27229 2.54746 2.59656 2.15628 1.02663 2.20658 2.53992 2.27448 2.34546 2.24642 2.42699 2.75452 3.06773 3.27626 3.30519 3.3092 3.3031 3.30342 3.30483 3.29101 3.2932 3.28376 3.2658 0.801465 -3.60333 -9999 -9999 -9999 -9999
-9999 -9999 -9999 -9999 -9999 -9999 4.06751 5.20324 6.90001 7.32084 7.28277 7.63356 7.66438 7.32757 7.03533 6.15944 4.9624 2.66207 3.24831 4.47116 6.23417 7.15986 7.03304 6.51463 5.61641 3.44613 1.54638 1.31331 1.00008 -0.483225 -1.82484 -3.47514 -2.52185 -1.47702 -0.333318 0.26774 0.111833 1.3175 2.30097 1.8853 2.68411 3.61585 3.19596 2.94843 2.74102 2.23182 2.20298 2.25843 2.92937 2.46838 2.75462 2.76245 2.74811 2.9082 3.0921 3.28505 3.31736 3.31848 3.32226 3.30058 3.30914 3.299 3.28924 3.28064 3.26545 3.04408 0.672509 -0.743978 -9999 -9999 -9999
-9999 -9999 -9999 -9999 -9999 -9999 3.02243 3.58893 5.59843 6.2186 7.10675 7.57861 7.60096 7.03187 6.71504 5.40944 4.98654 2.85882 1.89528 2.71273 2.39892 4.82644 6.97402 6.50366 2.163 0.589227 -0.534083 -0.248746 -0.248546 -0.663155 -2.94451 -3.57433 -1.53618 -0.253028 0.741357 1.496 1.65335 1.62819 3.16587 3.37142 3.87221 3.76538 3.81345 3.03959 2.56145 2.98306 2.50148 2.42094 3.11401 2.43536 3.0528 2.98085 2.79783 2.78977 3.19667 3.27992 3.32408 3.32732 3.31202 3.29214 3.28129 3.29538 3.29043 3.26938 3.27221 3.25205 2.97194 1.74579 1.31902 1.79764 -9999
-9999 -9999 -9999 -9999 -9999 -9999 -9999 1.71778 4.51043 5.78586 6.45659 7.40092 7.51538 7.21221 6.66388 5.33416 4.16475 2.26275 0.0901608 -1.0612 2.38286 5.3799 6.94327 6.7352 3.12178 1.69431 1.62592 2.46302 1.75241 1.21298 -0.521345 -1.04036 -1.7608 -1.31869 0.0669451 1.19989 2.29316 3.08843 3.15428 3.67108 3.96885 3.99476 4.08925 3.99986 3.92732 3.18102 3.70028 3.26362 3.49859 3.35068 3.21726 3.10158 2.67507 2.9793 3.2487 3.31891 3.34071 3.32509 3.32181 3.31096 3.28639 3.27626 3.2757 3.2746 3.26255 3.26427 3.25329 3.11803 2.38141 1.39447 0.146937
-9999 -9999 -9999 -9999 -9999 -9999 -9999 0.325402 3.10442 4.44311 6.16718 7.05356 7.4136 7.36711 6.92292 5.91273 4.39161 3.12435 0.698921 -1.81984 1.79504 5.01463 6.75145 6.84205 3.8047 4.64414 3.96211 4.23442 2.98747 2.46836 2.05648 1.16118 0.182536 -0.889001 -1.45494 1.08867 2.39511 3.44679 3.94325 4.22446 4.36552 4.29205 4.10281 2.97493 3.83784 3.79398 3.71018 3.61381 3.56817 3.4809 3.37768 3.31633 3.29599 3.01315 3.33673 3.32985 3.33477 3.33675 3.32875 3.31313 3.29961 3.28291 3.28417 3.27513 3.26567 3.25987 3.25828 3.25148 3.2133 3.01945 1.34311
-9999 -9999 -9999 -9999 -9999 -9999 -9999 -3.57684 0.466108 3.71347 5.41086 6.79137 7.17167 7.31429 6.71792 6.27202 5.18177 4.14918 2.55566 0.168414 -1.30179 1.40422 5.3382 6.78682 6.67121 6.57872 5.79071 5.08038 4.98914 5.0407 4.21318 3.00833 1.43736 0.946728 0.39609 2.29061 2.5478 2.40982 4.49357 4.49916 4.38174 3.58584 2.69541 2.86618 2.31612 2.74108 2.08436 2.69151 3.21657 3.41374 3.39919 3.33025 3.32332 3.29322 3.34961 3.34934 3.34086 3.3344 3.33109 3.3237 3.29995 3.28679 3.2963 3.28107 3.27009 3.26062 3.2614 3.25907 3.23128 3.20631 2.95055
-9999 -9999 -9999 -9999 -9999 -9999 -9999 -3.40271 -0.00236628 2.88217 4.61098 6.27481 6.66141 7.22341 7.10297 6.63576 5.68803 4.50368 3.19215 1.14404 -0.378496 1.43131 4.04259 5.91222 6.58059 6.57132 6.52469 6.34525 6.2679 6.05944 5.90909 5.04633 3.56206 2.72343 1.49663 3.60794 3.84491 3.51488 4.5691 4.51684 2.92402 1.69966 1.54801 2.29729 1.58763 1.46431 1.0238 1.52559 2.86775 2.47829 2.55701 3.16507 3.26646 3.33097 3.34904 3.34547 3.34314 3.33332 3.33537 3.33739 3.31413 3.30375 3.2991 3.27695 3.27419 3.25967 3.25036 3.24243 3.22839 3.20569 3.13451
-9999 -9999 -9999 -9999 -9999 -9999 -9999 -3.33241 -1.04448 1.55132 4.0972 5.8739 6.59093 7.11318 7.10814 6.56483 6.09383 5.35137 4.19745 3.40572 2.03117 0.144687 3.30543 4.27344 5.13662 5.49716 6.39748 6.37376 5.95884 5.47406 5.91814 5.78559 4.611 4.22441 3.57228 4.74642 4.74912 4.71664 4.65395 3.30811 1.43739 -0.0575946 1.0197 0.795807 1.29178 -0.237373 1.02448 2.03958 2.36981 1.68317 1.17328 2.75397 3.01641 3.17308 3.27369 3.33998 3.32482 3.3416 3.33294 3.32896 3.32456 3.31178 3.30445 3.29173 3.27884 3.26703 3.25947 3.24341 3.22329 3.224 3.18771
-9999 -9999 -9999 -9999 -9999 -9999 -9999 -9999 -2.39367 0.894253 3.83234 5.46835 6.49742 6.99897 6.99027 6.71253 6.39259 5.93203 5.09931 4.05312 2.39999 1.17245 1.95019 2.89831 3.0032 3.63368 5.46475 6.08928 5.20053 3.00281 4.29581 5.73885 5.71452 5.59061 5.45229 5.27443 5.11535 4.76756 3.83605 0.982039 0.421989 -0.696956 -0.568816 -1.14226 0.114118 -0.353346 0.936768 1.49656 1.70862 0.518059 0.770107 2.17123 2.7266 2.63562 2.97677 3.30255 3.31409 3.32425 3.31669 3.32454 3.32803 3.3236 3.30992 3.30039 3.29385 3.26923 3.27437 3.17019 3.10334 2.96576 3.1411
-9999 -9999 -9999 -9999 -9999 -9999 -9999 -9999 -3.05028 0.233664 3.69367 4.80483 5.91407 6.87148 6.89043 6.46571 6.06169 5.64537 5.17124 3.9024 2.67181 1.49677 1.10175 1.33738 1.31589 2.33699 4.72318 5.18416 4.98572 2.69014 1.91358 3.84188 5.46251 5.58957 5.44215 3.53387 3.94025 2.91111 1.51546 1.13179 0.521457 -0.768952 -0.14655 -1.09139 -0.684915 -0.790985 -0.0581527 0.299749 1.17115 0.133619 0.138268 1.51399 2.20868 2.22723 2.95618 3.21681 3.28593 3.30416 3.31757 3.32189 3.33459 3.32925 3.32004 3.30748 3.27449 3.19357 2.9409 1.56327 1.56721 1.94844 2.30942
-9999 -9999 -9999 -9999 -9999 -9999 -9999 -9999 -2.67071 -0.391917 2.67813 4.95235 5.09549 6.20131 6.77222 6.31029 5.79007 5.25772 5.02486 3.64401 2.12711 0.901308 -0.549663 -0.311572 0.72883 2.42879 3.9699 4.24458 3.92475 2.69258 3.27188 4.58683 5.28485 5.4904 5.32791 4.9122 4.6721 3.91431 3.58614 2.53391 0.888494 0.240883 0.652296 -1.09431 -0.971292 -0.324181 -1.00813 0.124632 0.6673 -0.672932 0.392662 1.60964 2.23244 2.77708 3.03553 3.13929 3.29773 3.30312 3.31761 3.3261 3.32516 3.32649 3.30248 3.28294 3.13795 2.92343 1.6381 1.10532 1.21264 1.80984 2.3331
-9999 -9999 -9999 -9999 -9999 -9999 -9999 -9999 -2.28275 -0.231102 2.43076 4.05218 4.34239 5.56858 6.65892 6.53723 5.99594 5.83103 5.26984 4.09874 2.80512 1.39111 0.703346 -0.877187 0.677515 1.90491 3.21001 3.8201 2.80694 2.29952 3.19613 4.0876 4.44345 5.34405 5.33534 5.0417 3.77598 3.15898 3.42026 3.15558 2.69177 1.55942 1.5097 0.782666 0.482031 0.198149 -0.724685 -0.133636 -0.0735636 0.0879268 1.36629 2.00026 2.42103 2.80384 2.90529 3.07245 3.28899 3.30923 3.31824 3.31856 3.3239 3.30942 3.24958 3.19941 2.90606 2.38563 1.41321 -0.161906 0.952968 2.11874 2.46804
-9999 -9999 -9999 -9999 -9999 -9999 -9999 -9999 -2.63284 -0.453443 1.82145 2.7726 2.93414 5.15311 6.51184 6.51422 6.25761 5.95782 4.57183 4.65299 4.37554 3.10003 1.24219 -0.798263 -0.607537 0.606375 2.32853 2.89852 1.22615 0.636126 1.06936 2.41774 3.62478 4.88523 5.20536 4.83557 2.86529 0.771578 1.7432 2.78145 2.7763 2.4725 1.42243 1.08952 0.788255 0.0224018 -1.27376 -1.08238 -0.720393 0.731435 1.1918 1.90235 2.49268 2.27187 2.40305 2.96783 3.29243 3.3059 3.31294 3.32486 3.31872 3.30073 3.18016 3.05243 2.83716 1.47767 0.632937 -0.595733 0.83927 1.63446 2.06031
-9999 -9999 -9999 -9999 -9999 -9999 -9999 -9999 -3.30812 -1.72668 0.4476 1.32385 2.72166 4.81852 5.84986 6.34425 6.33335 6.13353 5.51287 5.13962 4.40415 3.07738 1.26322 -0.753437 -2.0665 -1.39983 0.917602 1.46604 -0.0765617 -0.859391 0.114784 1.55188 3.67997 4.89589 5.0601 4.95023 4.54412 3.01562 1.16891 1.17571 2.10274 1.32826 0.428032 0.9243 0.833365 0.0771299 -0.472713 -0.806618 -0.595256 0.231857 0.575158 1.39575 2.60629 2.78077 2.74772 3.25812 3.28486 3.29801 3.31848 3.31913 3.31572 3.30171 3.20362 2.98228 2.0778 1.28929 0.191776 0.0574102 1.3361 1.89599 2.41788
-9999 -9999 -9999 -9999 -9999 -9999 -9999 -9999 -4.47039 -2.60984 -0.573147 1.33393 3.13824 4.69117 4.81116 5.6302 5.62914 6.05824 5.93523 5.35986 4.74047 3.59736 1.26709 -0.692501 -2.82965 -2.26686 0.0985637 0.401724 -0.629536 -2.53447 -0.568064 1.60058 3.56611 4.63015 3.79601 4.6511 4.58112 4.00862 2.90946 1.20027 1.2332 -0.0474165 -0.102465 0.556304 0.77066 0.661846 0.249288 -0.408751 -0.293625 0.208304 0.337379 1.09156 2.0309 2.94926 3.10461 3.2808 3.28957 3.29369 3.30925 3.31235 3.2945 3.24887 3.1462 2.38812 1.48635 0.9314 0.167131 0.0757089 1.54951 2.13861 2.46747
-9999 -9999 -9999 -9999 -9999 -9999 -9999 -9999 -9999 -2.80129 -0.697287 0.859581 1.2787 2.65896 3.40424 3.98096 4.10875 5.75458 5.84524 5.48046 4.91156 3.93665 2.1684 0.936227 -1.11364 -2.58722 -1.98406 -1.70724 -1.16617 -1.32607 -0.449194 1.6348 3.80606 4.0429 2.66358 2.868 3.15684 3.804 3.47627 1.14717 -0.0358555 -1.0177 -0.319178 0.415656 0.594023 0.630317 0.489423 0.328343 0.0468123 1.02992 1.75766 1.92726 2.56193 3.03083 3.16118 3.25971 3.27295 3.28643 3.2879 3.26195 3.24351 3.12745 2.86576 2.01761 -0.0239791 0.0727951 -0.146788 -0.780891 0.657485 1.56849 2.38123
-9999 -9999 -9999 -9999 -9999 -9999 -9999 -9999 -9999 -3.50259 -1.06828 -0.554306 -0.592761 -1.39903 -1.02808 1.96017 2.56184 4.14025 5.63482 5.52502 4.96695 4.05487 3.00171 1.37121 -0.934076 -2.76595 -3.54143 -1.57197 0.360154 0.759577 1.37734 2.6543 2.89691 1.48717 0.165245 0.907619 1.35492 3.05866 3.36991 3.03921 1.63608 0.0317626 -0.805427 0.184013 0.316761 0.376692 0.389036 0.359301 0.319475 1.42856 2.04224 2.46826 2.70071 3.10343 3.20734 3.24142 3.27359 3.26758 3.24813 3.18599 3.11517 2.79888 2.41573 1.02559 -0.133164 -0.855226 -1.77213 0.298728 0.914108 1.76904 2.32061
