Test_Spring_2018/02_18/Temp/20180224_014.txt
ncols	170
nrows	115
xllcorner	350000.000000
yllcorner	4445000.000000
cellsize	1000.000000
nodata_value	-9999.000000
[rows 32 to 63 of 115, columns 72 to 143 of 170]
11.1631 10.7858 11.3521 11.8727 11.5309 11.3026 12.1569 12.1493 11.8461 11.144 10.8822 10.6112 10.4429 9.54522 7.03763 4.77656 5.97902 6.00171 5.16004 6.65211 5.85406 3.78246 0.86056 2.43758 2.01768 -0.0747084 -0.599257 -9999 -9999 -9999 -9999 -9999 -9999 -9999 -9999 -9999 -9999 -9999 -9999 -9999 -9999 -9999 -9999 -9999 -9999 -9999 -9999 -9999 -9999 -9999 -9999 -9999 -9999 -9999 -9999 -9999 -9999 -9999 -9999 -9999 -9999 -9999 -9999 -9999 -9999 -9999 -9999 -9999 -9999 -9999 -9999 -9999
10.669 10.5033 11.3484 11.3237 11.2527 11.5427 12.0689 12.1688 12.0463 11.7362 11.467 11.1814 10.4669 9.44082 7.29388 4.721 4.13285 5.38314 5.43728 5.63287 4.90496 3.99208 2.56752 3.72107 4.16439 2.78872 0.986567 -0.173033 -9999 -9999 -9999 -9999 -9999 -9999 -9999 -9999 -9999 -9999 -9999 -9999 -9999 -9999 -9999 -9999 -9999 -9999 -9999 -9999 -9999 -9999 -9999 -9999 -9999 -9999 -9999 -9999 -9999 -9999 -9999 -9999 -9999 -9999 -9999 -9999 -9999 -9999 -9999 -9999 -9999 -9999 -9999 -9999
10.0795 9.24723 9.7539 10.1325 10.8208 10.9922 11.0917 12.1002 12.0393 11.9854 11.5451 11.1919 10.611 9.6233 8.21972 6.53103 3.59508 5.39572 6.80424 6.76168 6.67764 6.03603 4.66714 5.79922 5.84521 4.08514 2.08473 0.915388 0.427531 -9999 -9999 -9999 -9999 -9999 -9999 -9999 -9999 -9999 -9999 -9999 -9999 -9999 -9999 -9999 -9999 -9999 -9999 -9999 -9999 -9999 -9999 -9999 -9999 -9999 -9999 -9999 -9999 -9999 -9999 -9999 -9999 -9999 -9999 -9999 -9999 -9999 -9999 -9999 -9999 -9999 -9999 -9999
9.40939 8.39408 8.90382 9.58607 10.5427 11.0247 11.398 11.6945 11.9973 11.9539 11.5035 10.186 9.99269 9.92999 9.00996 7.08563 5.16378 4.66141 6.81334 7.42464 7.29214 7.76717 6.60641 7.14421 6.9131 6.28209 4.35834 2.60853 1.8847 0.461618 -9999 -9999 -9999 -9999 -9999 -9999 -9999 -9999 -9999 -9999 -9999 -9999 -9999 -9999 -9999 -9999 -9999 -9999 -9999 -9999 -9999 -9999 -9999 -9999 -9999 -9999 -9999 -9999 -9999 -9999 -9999 -9999 -9999 -9999 -9999 -9999 -9999 -9999 -9999 -9999 -9999 -9999
-9999 -9999 7.75539 8.67785 9.44331 10.3773 11.1873 11.5913 11.9838 11.9449 11.0511 10.6108 10.5669 9.96206 8.90096 8.23282 7.02065 5.75782 6.2317 8.06565 7.24028 8.53714 8.4195 8.65152 7.77212 6.09627 3.87444 2.56939 1.92098 0.766412 -9999 -9999 -9999 -9999 -9999 -9999 -9999 -9999 -9999 -9999 -9999 -9999 -9999 -9999 -9999 -9999 -9999 -9999 -9999 -9999 -9999 -9999 -9999 -9999 -9999 -9999 -9999 -9999 -9999 -9999 -9999 -9999 -9999 -9999 -9999 -9999 -9999 -9999 -9999 -9999 -9999 -9999
-9999 -9999 -9999 8.50826 9.08881 10.3525 10.9899 11.2495 11.8868 11.8815 11.5389 11.279 10.9049 10.4181 9.61928 8.73855 7.59824 7.4873 8.65839 8.66645 8.4137 8.59984 9.1972 9.02995 7.66406 5.32123 4.08247 1.5557 0.477232 0.579798 -0.186128 -9999 -9999 -9999 -9999 -9999 -9999 -9999 -9999 -9999 -9999 -9999 -9999 2.64629 -9999 -9999 -9999 -9999 -9999 -9999 -9999 -9999 -9999 -9999 -9999 -9999 -9999 -9999 -9999 -9999 -9999 -9999 -9999 -9999 -2.06648 -9999 -9999 -9999 -9999 -9999 -9999 -9999
-9999 -9999 8.41249 9.18511 9.79533 10.5844 10.6456 11.1099 11.8436 11.8477 11.603 11.3275 10.7161 10.5604 10.1034 9.14788 8.9479 9.32717 9.49844 9.69303 9.81 9.70232 9.44969 9.12508 8.23146 7.14288 6.40948 4.10887 2.93663 1.82407 0.144323 -1.17079 -9999 -9999 -9999 -9999 -9999 -9999 -9999 1.80014 1.73247 1.75638 2.1172 3.12378 2.52182 -9999 -9999 -9999 -9999 -9999 -9999 -9999 -9999 -9999 -9999 -9999 -9999 -9999 -9999 -9999 -9999 -9999 -9999 -9999 -1.14951 -2.4723 -9999 -9999 -9999 -9999 -9999 -9999
-9999 -9999 8.61738 9.44439 9.85341 10.6193 11.0543 11.3265 11.5761 11.8148 11.7673 11.4632 11.0041 11.0016 10.3713 10.0291 9.78302 10.2982 10.3952 10.1798 9.91087 9.67177 9.00848 8.92444 8.68749 7.99303 6.85885 5.69056 3.99195 1.71349 -0.52059 -2.32341 -9999 -9999 -9999 -9999 -9999 -9999 1.99763 2.83399 3.33267 2.25499 3.16449 3.99487 3.85423 3.02302 -9999 -9999 -9999 -9999 -9999 -9999 -9999 -9999 -9999 -9999 -9999 -9999 -9999 -9999 5.11832 3.76303 1.02984 -0.373667 -1.21792 -2.42128 -9999 -9999 -9999 -9999 -9999 -9999
-9999 -9999 8.45437 9.43221 10.092 10.6768 10.7637 11.3627 11.6123 11.7374 11.7156 11.6507 11.5617 11.0111 10.7715 9.94194 10.7257 10.6904 10.4849 9.68816 9.33868 7.97421 7.36908 7.21346 8.34539 7.49253 5.72209 3.5114 0.849132 0.662525 -0.219578 -1.83156 -9999 -9999 -9999 -9999 -9999 -9999 2.26159 3.15663 3.90249 4.00605 2.93433 4.41478 4.33908 3.49893 3.30189 3.97585 4.31356 4.04033 4.84408 5.07615 4.70261 5.1002 -9999 -9999 -9999 -9999 5.31646 5.36668 5.40343 4.83605 1.85061 -0.190169 -2.02355 -2.20209 -9999 -9999 -9999 -9999 -9999 -9999
-9999 -9999 9.13978 9.73818 10.0365 10.0778 10.6017 11.1238 11.4363 11.6677 11.6136 11.5887 11.5629 11.3715 10.9334 11.0068 10.9668 10.7087 9.1985 7.43617 8.19493 7.14418 4.89938 6.69657 7.68303 6.71739 4.57347 2.08929 1.26229 1.28206 0.0578321 -1.514 -9999 -9999 -9999 -0.181836 1.10281 1.21089 1.58657 2.78231 3.69036 4.37165 4.83389 4.80772 4.30006 3.47759 2.58417 2.89074 4.47356 4.85324 5.16183 5.40233 5.05497 5.22756 5.64798 5.86316 5.90333 5.79897 5.77191 5.80248 5.74738 5.21776 2.54673 1.01575 0.0368334 -1.9308 -9999 -9999 -9999 -9999 -9999 -9999
-9999 -9999 8.75781 9.27669 9.69533 10.3965 10.4632 10.9044 11.1621 11.5459 11.5846 11.1154 11.4938 11.4398 11.3638 11.2074 10.98 9.70497 7.94889 6.18784 5.37086 5.70499 4.35397 5.02748 6.02697 5.64628 4.32593 2.11154 1.79145 1.26348 -0.795802 -2.77273 -9999 -9999 -2.67518 -0.206473 1.53081 2.42508 2.69923 2.72146 3.86697 3.95165 5.18398 4.88337 3.23229 3.40783 2.75863 3.16226 3.73565 3.88721 4.712 5.50993 5.65635 5.65436 5.92023 5.97132 5.9814 5.9703 5.78266 5.8627 5.87145 5.53968 3.60327 2.6563 1.6105 -1.90075 -9999 -9999 -9999 -9999 -9999 -9999
-9999 -9999 9.02812 9.60875 10.2457 10.3414 10.8116 10.756 10.6108 11.2714 11.505 11.1722 10.9318 11.362 11.3278 11.2661 11.1668 9.9685 8.58194 6.48485 5.17873 4.37331 3.80022 3.02879 3.53686 3.36784 3.14491 3.37919 2.76092 1.5361 0.330068 -1.92332 -3.14199 -9999 -2.53983 -1.42768 0.639519 2.39572 3.50899 3.10298 4.40635 4.64336 5.3887 4.9381 3.93036 3.49172 3.44451 3.30469 4.17678 4.75757 5.1612 5.43356 5.77314 5.85606 5.93999 5.97262 5.98871 6.00532 5.99704 5.98628 5.9432 5.81589 4.92309 3.97585 1.9385 -1.78192 -9999 -9999 -9999 -9999 -9999 -9999
-9999 7.32672 8.96326 9.94298 10.3163 10.5834 10.8182 10.9862 11.1626 11.3297 11.4428 11.3831 10.5115 10.5783 10.7303 11.2187 11.1795 11.0671 10.3067 7.75642 6.86771 5.57237 3.89913 3.18767 3.52455 4.87778 4.80613 3.89231 2.8755 1.46832 0.572226 -0.810037 -3.45905 -3.22629 -2.041 -1.15957 0.2445 2.3923 3.89661 4.56531 4.81457 5.33661 5.6053 4.9877 4.39654 4.1441 3.68424 3.61117 3.60513 4.12829 4.52907 5.44301 5.74726 5.88184 5.94945 5.98413 6.0086 6.0329 6.03907 6.01774 6.0149 6.00355 5.93226 4.67545 1.53572 -0.830397 -9999 -9999 -9999 -9999 -9999 -9999
-9999 -9999 8.66038 9.08507 9.18859 9.37803 9.77691 10.2389 10.8967 10.9757 11.3371 11.3305 10.5768 9.71007 10.4583 10.7534 11.0592 11.0642 10.9619 8.81418 7.68799 6.79877 5.19373 5.75316 6.28882 6.31913 5.97808 4.03038 2.09096 -0.148731 -2.23479 -2.34157 -3.46781 -2.88272 -2.10093 -0.0872402 1.32913 1.9016 2.31153 4.49431 5.05673 5.24402 5.79647 5.02488 4.81856 4.23526 4.39602 4.33598 4.32956 2.73081 4.31088 4.39745 5.42919 5.88842 5.98818 6.01288 6.03995 6.04152 6.0443 6.03623 6.04319 6.02254 5.99892 5.17994 1.20266 -0.798661 -9999 -9999 -9999 -9999 -9999 -9999
-9999 -9999 -9999 -9999 8.77926 9.10121 9.30457 9.66427 10.7841 11.0814 11.2776 11.2898 10.9523 10.0936 9.86546 10.0188 9.18176 9.87447 10.8222 10.7917 10.6683 8.7799 7.80372 8.72371 8.42932 7.0048 5.88127 4.77248 2.50335 0.834576 -1.55515 -3.3508 -3.4247 -1.45685 0.176411 2.2143 3.11199 2.59643 3.14842 4.2288 5.45712 6.04726 5.8992 5.08613 4.96032 4.06578 4.92529 4.98966 4.5753 4.21606 4.341 4.84692 5.0358 5.84208 6.03337 6.06247 6.0652 6.06539 6.05885 6.05108 6.03621 6.0233 6.00704 5.96499 1.87679 -1.30663 -9999 -9999 -9999 -9999 -9999 -9999
-9999 -9999 -9999 -9999 7.99697 8.18899 8.71117 10.068 10.7732 11.0551 11.0395 11.1681 10.929 10.1737 9.39874 8.66799 7.72584 8.25826 9.67284 10.5034 10.5909 8.93442 9.77725 9.44506 8.80071 6.94105 5.56747 4.83399 2.6549 0.783102 -0.80974 -3.00472 -2.07571 -1.05079 0.268255 2.4913 3.99102 4.60534 4.0834 4.77339 6.18772 6.18929 5.40549 5.44778 4.96161 3.74259 4.99127 5.33527 5.03958 5.10373 4.98293 5.16615 5.50733 5.83426 6.05039 6.07563 6.07486 6.06447 6.06109 6.05811 6.03859 6.03551 6.01927 5.99318 3.35231 -1.36444 -9999 -9999 -9999 -9999 -9999 -9999
-9999 -9999 -9999 -9999 -9999 7.27491 8.47876 10.2828 10.7228 10.6749 11.0434 11.0708 10.706 10.3894 9.44951 8.16663 5.70467 6.32673 7.62849 9.5068 10.4897 10.3473 9.78163 8.8132 6.48528 4.44637 4.18846 3.84508 2.25176 0.80674 -0.963208 0.0495773 1.16085 2.37835 3.01648 2.84606 4.13064 5.1773 4.72805 5.57552 6.56396 6.10702 5.83325 5.60145 5.04163 4.99883 5.04586 5.75053 5.24582 5.53989 5.53324 5.50809 5.67029 5.85898 6.05843 6.08727 6.08373 6.08379 6.05679 6.06176 6.04623 6.03042 6.01511 5.992 5.74786 3.20371 1.68126 -9999 -9999 -9999 -9999 -9999
-9999 -9999 -9999 -9999 -9999 6.15706 6.75277 8.89108 9.5441 10.486 10.9838 11.0021 10.3891 10.046 8.64697 8.19129 5.91381 4.87971 5.7483 5.40746 7.99524 10.2833 9.76891 5.12216 3.43173 2.22255 2.51863 2.51021 2.05886 -0.390379 -1.06994 1.10202 2.46787 3.52574 4.32791 4.49204 4.46141 6.10049 6.31454 6.84359 6.72232 6.7655 5.92941 5.40842 5.84328 5.31683 5.21865 5.94707 5.20984 5.85788 5.766 5.56062 5.54314 5.97009 6.05228 6.09375 6.09219 6.07191 6.04701 6.03082 6.04116 6.03052 6.00194 5.99813 5.96904 5.65976 4.34075 3.8756 4.37772 -9999 -9999 -9999
-9999 -9999 -9999 -9999 -9999 -9999 4.75236 7.72772 9.081 9.79063 10.7934 10.9101 10.5805 9.99029 8.56543 7.31196 5.27559 2.9498 1.71419 5.38886 8.58529 10.2492 10.015 6.14557 4.61164 4.52985 5.41566 4.64781 4.06317 2.19837 1.6372 0.861405 1.32847 2.80432 4.01009 5.17442 6.02033 6.08658 6.63422 6.94473 6.96536 7.05827 6.95375 6.86636 6.05338 6.59664 6.11819 6.35735 6.18749 6.03341 5.89486 5.42941 5.74569 6.02574 6.09398 6.11059 6.08931 6.08175 6.06636 6.03634 6.01931 6.01333 6.0061 5.98646 5.98084 5.95921 5.80602 5.00993 3.94617 2.6039 -9999 -9999
-9999 -9999 -9999 -9999 -9999 -9999 3.26353 6.2246 7.6456 9.4809 10.4213 10.7997 10.7452 10.2662 9.18259 7.55315 6.19489 3.59883 0.902693 4.76084 8.19346 10.0428 10.1326 6.87407 7.76268 7.02541 7.30791 5.96714 5.40436 4.95255 3.9893 2.93757 1.78718 1.17643 3.89012 5.28203 6.40172 6.92792 7.22369 7.3691 7.28268 7.07039 5.85641 6.76889 6.70666 6.60589 6.49146 6.43115 6.32646 6.20498 6.12459 6.09336 5.78247 6.11933 6.10444 6.10428 6.10164 6.08883 6.06815 6.04974 6.02773 6.02228 6.00505 5.98825 5.97473 5.96323 5.94751 5.89796 5.68189 3.88166 2.80246 2.4916
-9999 -9999 -9999 -9999 -9999 -9999 -0.907261 3.40471 6.86479 8.67174 10.1396 10.5406 10.688 10.0462 9.56548 8.39627 7.28861 5.58137 3.02568 1.44951 4.33619 8.53376 10.0723 9.93578 9.82885 8.9786 8.21135 8.10574 8.15293 7.25689 5.96312 4.27833 3.74674 3.15349 5.17337 5.44386 5.2921 7.51418 7.51527 7.38437 6.52779 5.56674 5.74111 5.14081 5.57973 4.86723 5.50502 6.05501 6.2547 6.2284 6.14006 6.12178 6.08128 6.13239 6.12578 6.11115 6.0993 6.09126 6.07912 6.04954 6.03109 6.0365 6.01175 5.99373 5.97404 5.96519 5.95448 5.91631 5.881 5.59902 5.17823 4.37748
-9999 -9999 -9999 -9999 -9999 -9999 -0.722666 2.90086 5.97592 7.81501 9.58701 9.9947 10.5902 10.4569 9.95315 8.93606 7.66607 6.26003 4.06665 2.43453 4.36279 7.148 9.13931 9.84029 9.81993 9.76217 9.56248 9.47287 9.24224 9.06935 8.14083 6.5462 5.64465 4.32869 6.57999 6.82862 6.47138 7.59313 7.53222 5.82465 4.51021 4.34134 5.13086 4.36391 4.21694 3.73256 4.25829 5.68191 5.25398 5.32768 5.96265 6.0621 6.1204 6.1326 6.12241 6.11419 6.09854 6.09597 6.0936 6.06426 6.04855 6.03864 6.0096 5.99654 5.97421 5.95465 5.93559 5.91241 5.87984 5.79542 5.70299 5.78271
-9999 -9999 -9999 -9999 -9999 -9999 -0.645262 1.78633 4.55318 7.26529 9.15797 9.91876 10.4717 10.4616 9.8764 9.36855 8.5706 7.33286 6.48191 5.00791 2.98653 6.35803 7.38709 8.2961 8.67548 9.62963 9.59629 9.14492 8.61144 9.07906 8.92772 7.66667 7.24801 6.54595 7.79559 7.79364 7.75409 7.68214 6.23878 4.23415 2.6305 3.77486 3.52822 4.04578 2.39672 3.73485 4.80921 5.15161 4.40464 3.84988 5.52432 5.79286 5.95258 6.05303 6.11742 6.09537 6.10793 6.09366 6.08459 6.07513 6.0566 6.04363 6.02453 6.0048 5.98066 5.96304 5.93822 5.90861 5.90107 5.85157 5.82938 5.80401
-9999 -9999 -9999 -9999 -9999 -9999 -9999 0.346918 3.85091 6.98412 8.72636 9.82041 10.3511 10.3368 10.0352 9.68861 9.19177 8.29717 7.17431 5.40268 4.08551 4.91077 5.91896 6.01712 6.6834 8.63239 9.29203 8.33465 5.97283 7.34348 8.87895 8.8468 8.70859 8.55528 8.35898 8.18392 7.80722 6.80666 3.75157 3.14812 1.94622 2.07636 1.45625 2.78577 2.27081 3.63985 4.22824 4.44493 3.16287 3.41667 4.90046 5.48558 5.38059 5.73793 6.07837 6.08472 6.09001 6.07667 6.07999 6.07869 6.06883 6.04964 6.03379 6.02074 5.9821 5.97786 5.85898 5.77973 5.62476 5.8041 5.81631 5.81307
-9999 -9999 -9999 -9999 -9999 -9999 -9999 -0.3588 3.14392 6.83507 8.01667 9.19649 10.2143 10.2295 9.7708 9.33426 8.88459 8.37307 7.01222 5.69205 4.43099 4.00314 4.24889 4.21318 5.29709 7.83951 8.32465 8.10517 5.63419 4.7977 6.85176 8.57732 8.70721 8.54403 6.49947 6.92837 5.82334 4.32659 3.911 3.2529 1.86773 2.52606 1.50922 1.93583 1.80156 2.57559 2.94875 3.87051 2.75249 2.74224 4.19874 4.93298 4.9452 5.71702 5.98887 6.05654 6.0702 6.07899 6.07825 6.08652 6.07545 6.06006 6.04085 5.99945 5.90647 5.62308 4.14096 4.13764 4.53735 4.91538 5.60178 5.79079
-9999 -9999 -9999 -9999 -9999 -9999 -9999 0.0451753 2.47418 5.74892 8.17349 8.32111 9.49757 10.1026 9.60407 9.04332 8.46958 8.2158 6.73522 5.10908 3.79378 2.23765 2.48612 3.59167 5.39458 7.03421 7.32052 6.97156 5.63649 6.24891 7.64761 8.38731 8.60101 8.42163 7.97181 7.70973 6.89447 6.5382 5.40806 3.64384 2.94549 3.3784 1.50494 1.62887 2.31241 1.5595 2.7611 3.33206 1.89106 3.00921 4.30145 4.95911 5.53366 5.80279 5.90703 6.07006 6.06986 6.07961 6.08311 6.07657 6.07242 6.04104 6.01422 5.85308 5.61733 4.23707 3.65077 3.75815 4.38889 4.9406 5.51006 5.74399
-9999 -9999 -9999 -9999 -9999 -9999 -9999 0.457999 2.64463 5.48348 7.21071 7.51563 8.82081 9.98091 9.84596 9.26266 9.08152 8.47687 7.22037 5.8328 4.3164 3.57584 1.8811 3.53632 4.83432 6.22194 6.86685 5.76507 5.2162 6.16777 7.11401 7.4881 8.44445 8.4293 8.10982 6.75166 6.08669 6.36015 6.07143 5.56973 4.35339 4.29358 3.50968 3.18107 2.87003 1.86158 2.4847 2.54038 2.6983 4.04973 4.71926 5.16126 5.56303 5.66448 5.83649 6.06154 6.0771 6.08085 6.07543 6.07542 6.05417 5.98435 5.92469 5.60494 5.0423 3.99643 2.2959 3.48008 4.71858 5.08192 5.43284 5.61604
-9999 -9999 -9999 -9999 -9999 -9999 -9999 0.0820983 2.40558 4.83121 5.84246 6.01006 8.3762 9.82317 9.82084 9.54174 9.21647 7.73044 7.81203 7.51028 6.14189 4.15107 1.96493 2.16276 3.44555 5.27984 5.88205 4.0756 3.43856 3.89505 5.32956 6.6132 7.95404 8.29023 7.88928 5.77816 3.53515 4.56753 5.67098 5.65931 5.32829 4.19957 3.83689 3.50773 2.68186 1.28125 1.4706 1.84921 3.37934 3.86338 4.61497 5.23834 4.99524 5.12854 5.72543 6.06593 6.07417 6.0757 6.08254 6.0701 6.04496 5.9101 5.76744 5.53106 4.07181 3.16239 1.83927 3.35802 4.20069 4.63829 5.44076 5.62864
-9999 -9999 -9999 -9999 -9999 -9999 -9999 -0.641317 1.04356 3.36197 4.29344 5.78224 8.01805 9.1153 9.63877 9.62228 9.40384 8.73561 8.33162 7.54046 6.11728 4.17314 2.01247 0.603459 1.30978 3.77208 4.34515 2.68336 1.84036 2.87492 4.40426 6.6721 7.96534 8.13488 8.01163 7.57184 5.93271 3.95348 3.9547 4.93907 4.10508 3.13649 3.65987 3.55555 2.74008 2.14495 1.76502 1.97602 2.8454 3.20455 4.07389 5.36014 5.53953 5.49742 6.03623 6.05844 6.06629 6.08209 6.07677 6.06712 6.04612 5.93517 5.69239 4.71947 3.87029 2.69075 2.54022 3.88836 4.47654 5.01982 5.41103 5.53543
-9999 -9999 -9999 -9999 -9999 -9999 -9999 -1.88509 0.0983769 2.27007 4.30328 6.22668 7.88145 8.005 8.87548 8.86956 9.32318 9.18673 8.56676 7.89961 6.67268 4.17704 2.07733 -0.212236 0.383106 2.89597 3.20084 2.09233 0.0503263 2.14517 4.45623 6.55038 7.68134 6.78408 7.69191 7.61126 6.99362 5.81315 3.9807 4.00964 2.63479 2.56932 3.26636 3.4883 3.3647 2.91636 2.19743 2.29801 2.82015 2.95052 3.74902 4.74557 5.71994 5.8792 6.06093 6.06395 6.06213 6.07262 6.06986 6.0447 5.9898 5.87387 5.05746 4.08735 3.48768 2.66417 2.55951 4.1239 4.7351 5.07222 5.40949 5.5398
-9999 -9999 -9999 -9999 -9999 -9999 -9999 -9999 -0.107612 2.13632 3.79559 4.23908 5.70953 6.5014 7.11307 7.24491 8.99871 9.09059 8.69564 8.08242 7.03518 5.14004 3.81758 1.62124 0.0405898 0.664296 0.947253 1.51883 1.34149 2.27212 4.49274 6.80673 7.05381 5.57401 5.78657 6.08935 6.77496 6.41878 3.92391 2.65351 1.5979 2.33763 3.11594 3.29942 3.33089 3.17287 2.97776 2.65515 3.69803 4.46817 4.64208 5.31317 5.80731 5.93993 6.03872 6.04654 6.05473 6.05016 6.01632 5.99047 5.86026 5.57431 4.66157 2.47341 2.57005 2.32849 1.64386 3.16968 4.11761 4.97943 5.43507 5.5491
-9999 -9999 -9999 -9999 -9999 -9999 -9999 -9999 -0.858289 1.73893 2.2841 2.2389 1.37314 1.7652 4.95384 5.59214 7.27396 8.866 8.7435 8.14181 7.16164 6.03054 4.28237 1.81301 -0.150568 -0.998639 1.0917 3.14977 3.57006 4.2238 5.58207 5.83522 4.32287 2.90444 3.69186 4.16399 5.97865 6.30526 5.94579 4.44018 2.71939 1.8181 2.86843 3.00312 3.0598 3.06548 3.01777 2.95462 4.12395 4.77222 5.22016 5.46148 5.88496 5.98938 6.01936 6.04745 6.03485 6.00795 5.93543 5.85359 5.50938 5.09358 3.6016 2.35671 1.57826 0.591453 2.79709 3.44327 4.34002 4.91397 5.36697 5.46229
