Test_Spring_2018/02_18/Temp/20180214_021.txt
ncols	170
nrows	115
xllcorner	350000.000000
yllcorner	4445000.000000
cellsize	1000.000000
nodata_value	-9999.000000
[rows 31 to 61 of 115, columns 70 to 139 of 170]
4.7278 5.37603 5.61642 5.17113 5.21885 6.29488 6.53916 6.52617 6.42882 6.32937 5.82139 5.65335 5.25379 4.54787 4.25369 2.99564 -1.07848 0.0781805 0.532011 -0.647586 0.0145035 1.09049 0.15713 -2.61657 -3.81047 -5.73457 -5.11704 -5.69444 -7.2426 -9999 -9999 -9999 -9999 -9999 -9999 -9999 -9999 -9999 -9999 -9999 -9999 -9999 -9999 -9999 -9999 -9999 -9999 -9999 -9999 -9999 -9999 -9999 -9999 -9999 -9999 -9999 -9999 -9999 -9999 -9999 -9999 -9999 -9999 -9999 -9999 -9999 -9999 -9999 -9999 -9999
4.84312 5.14137 5.11704 4.68831 5.35848 5.97579 5.60438 5.3554 6.36802 6.37067 6.02882 5.22222 4.92797 4.62274 4.43668 3.40106 0.490747 -2.13269 -0.723422 -0.687837 -1.65863 0.0880329 -0.831658 -3.234 -6.62617 -4.77972 -5.25818 -7.65443 -8.24093 -9999 -9999 -9999 -9999 -9999 -9999 -9999 -9999 -9999 -9999 -9999 -9999 -9999 -9999 -9999 -9999 -9999 -9999 -9999 -9999 -9999 -9999 -9999 -9999 -9999 -9999 -9999 -9999 -9999 -9999 -9999 -9999 -9999 -9999 -9999 -9999 -9999 -9999 -9999 -9999 -9999
4.02143 4.76044 4.53747 4.35501 5.34962 5.33188 5.27257 5.63029 6.26053 6.38826 6.25664 5.90639 5.60353 5.28117 4.45905 3.27397 0.783568 -2.20293 -2.87857 -1.41364 -1.34143 -1.10441 -1.94255 -2.9959 -4.64482 -3.29172 -2.76541 -4.33791 -6.40115 -7.72841 -9999 -9999 -9999 -9999 -9999 -9999 -9999 -9999 -9999 -9999 -9999 -9999 -9999 -9999 -9999 -9999 -9999 -9999 -9999 -9999 -9999 -9999 -9999 -9999 -9999 -9999 -9999 -9999 -9999 -9999 -9999 -9999 -9999 -9999 -9999 -9999 -9999 -9999 -9999 -9999
2.91984 4.18585 3.84648 2.88777 3.48841 3.94018 4.7699 4.9904 5.11776 6.30332 6.2435 6.19152 5.68928 5.28814 4.62162 3.48116 1.85626 -0.10077 -3.51016 -1.40449 0.244644 0.204248 0.115674 -0.621969 -2.20628 -0.87842 -0.815017 -2.82219 -5.11763 -6.46866 -7.0263 -9999 -9999 -9999 -9999 -9999 -9999 -9999 -9999 -9999 -9999 -9999 -9999 -9999 -9999 -9999 -9999 -9999 -9999 -9999 -9999 -9999 -9999 -9999 -9999 -9999 -9999 -9999 -9999 -9999 -9999 -9999 -9999 -9999 -9999 -9999 -9999 -9999 -9999 -9999
-9999 3.38787 3.06117 1.88945 2.49374 3.29914 4.43049 5.01934 5.46945 5.82605 6.18968 6.14996 5.63593 4.11206 3.89673 3.83325 2.77131 0.539824 -1.68889 -2.26486 0.249742 0.97055 0.825401 1.38775 0.0455987 0.681305 0.421818 -0.28773 -2.48969 -4.50504 -5.33778 -6.98483 -9999 -9999 -9999 -9999 -9999 -9999 -9999 -9999 -9999 -9999 -9999 -9999 -9999 -9999 -9999 -9999 -9999 -9999 -9999 -9999 -9999 -9999 -9999 -9999 -9999 -9999 -9999 -9999 -9999 -9999 -9999 -9999 -9999 -9999 -9999 -9999 -9999 -9999
-9999 -9999 -9999 -9999 1.15149 2.24296 3.15051 4.26042 5.21922 5.70109 6.16927 6.13482 5.10461 4.6021 4.56069 3.86588 2.63957 1.87063 0.468097 -0.993477 -0.432892 1.71136 0.759303 2.27841 2.15064 2.43013 1.41561 -0.500888 -3.06078 -4.55862 -5.30386 -6.63862 -9999 -9999 -9999 -9999 -9999 -9999 -9999 -9999 -9999 -9999 -9999 -9999 -9999 -9999 -9999 -9999 -9999 -9999 -9999 -9999 -9999 -9999 -9999 -9999 -9999 -9999 -9999 -9999 -9999 -9999 -9999 -9999 -9999 -9999 -9999 -9999 -9999 -9999
-9999 -9999 -9999 -9999 -9999 2.04053 2.73287 4.2161 4.98453 5.29844 6.05184 6.05667 5.66838 5.37587 4.9499 4.39246 3.47145 2.4548 1.13576 1.01521 2.38741 2.40549 2.11998 2.34564 3.05024 2.86468 1.29853 -1.41021 -2.84274 -5.74707 -6.99335 -6.86473 -7.74755 -9999 -9999 -9999 -9999 -9999 -9999 -9999 -9999 -9999 -9999 -9999 -9999 -4.3042 -9999 -9999 -9999 -9999 -9999 -9999 -9999 -9999 -9999 -9999 -9999 -9999 -9999 -9999 -9999 -9999 -9999 -9999 -9999 -9999 -9.44714 -9999 -9999 -9999
-9999 -9999 -9999 -9999 1.90591 2.82772 3.55057 4.48168 4.57499 5.13146 5.99741 6.01331 5.73898 5.42843 4.72615 4.55415 4.03098 2.92699 2.70262 3.15262 3.36044 3.5955 3.74029 3.62366 3.33843 2.96951 1.96167 0.704028 -0.140155 -2.79319 -4.13824 -5.42484 -7.37214 -8.89506 -9999 -9999 -9999 -9999 -9999 -9999 -9999 -5.3578 -5.42335 -5.38133 -4.94614 -3.75829 -4.44271 -9999 -9999 -9999 -9999 -9999 -9999 -9999 -9999 -9999 -9999 -9999 -9999 -9999 -9999 -9999 -9999 -9999 -9999 -9999 -8.38729 -9.91355 -9999 -9999
-9999 -9999 -9999 -9999 2.14838 3.12409 3.61324 4.5179 5.03716 5.37939 5.68199 5.97129 5.92673 5.58287 5.05788 5.06417 4.33902 3.94889 3.67061 4.27864 4.39968 4.15715 3.85237 3.58256 2.81903 2.73013 2.48591 1.68718 0.376322 -0.974491 -2.91797 -5.5625 -8.15573 -10.2471 -9999 -9999 -9999 -9999 -9999 -9999 -5.15292 -4.16667 -3.57244 -4.81254 -3.73782 -2.75432 -2.9007 -3.82641 -9999 -9999 -9999 -9999 -9999 -9999 -9999 -9999 -9999 -9999 -9999 -9999 -9999 -9999 -1.14831 -2.71447 -5.88439 -7.50545 -8.4747 -9.86153 -9999 -9999
-9999 -9999 -9999 -9999 1.9523 3.10427 3.88604 4.58053 4.69508 5.40901 5.72046 5.87771 5.86329 5.79797 5.70396 5.07182 4.80131 3.84358 4.76405 4.73075 4.49933 3.57965 3.1809 1.60057 0.904631 0.752947 2.08092 1.09781 -0.953887 -3.51848 -6.6003 -6.79503 -7.8146 -9.68436 -9999 -9999 -9999 -9999 -9999 -9999 -4.85885 -3.80411 -2.92171 -2.78584 -4.01721 -2.27588 -2.32349 -3.28162 -3.49084 -2.68612 -2.27343 -2.56183 -1.59462 -1.30885 -1.72951 -1.25349 -9999 -9999 -9999 -9999 -0.947213 -0.878146 -0.824284 -1.47319 -4.93685 -7.29977 -9.42043 -9.60331 -9999 -9999
-9999 -9999 -9999 -9999 2.74393 3.45481 3.81649 3.87877 4.50284 5.12783 5.51207 5.79525 5.74308 5.72408 5.70345 5.48933 4.98735 5.08059 5.04168 4.7486 2.99772 0.953437 1.84485 0.628825 -1.97008 0.144463 1.30316 0.188805 -2.29772 -5.18078 -6.12631 -6.08234 -7.50081 -9.32714 -9999 -9999 -9999 -7.74884 -6.24469 -6.10931 -5.66098 -4.25633 -3.18515 -2.37257 -1.81703 -1.82356 -2.37956 -3.31572 -4.33439 -3.95611 -2.09243 -1.63053 -1.22989 -0.933867 -1.32386 -1.11084 -0.609652 -0.348392 -0.291582 -0.403415 -0.425268 -0.379739 -0.43342 -1.03886 -4.13436 -5.90356 -7.02901 -9.28502 -9999 -9999
-9999 -9999 -9999 -9999 2.29813 2.91694 3.41909 4.24925 4.34126 4.86899 5.18543 5.65029 5.70636 5.17017 5.62013 5.56577 5.48522 5.31061 5.0531 3.57563 1.53815 -0.504904 -1.44845 -1.04614 -2.61057 -1.80554 -0.631713 -1.06465 -2.59409 -5.16314 -5.52698 -6.12669 -8.50629 -10.8021 -9999 -9999 -10.6709 -7.78958 -5.75891 -4.70846 -4.37847 -4.3401 -2.99209 -2.87761 -1.42529 -1.75226 -3.64003 -3.41351 -4.13886 -3.64614 -2.9547 -2.75788 -1.76942 -0.813319 -0.628415 -0.617894 -0.296881 -0.227089 -0.205851 -0.209689 -0.419105 -0.316514 -0.296274 -0.671644 -2.91434 -4.00387 -5.19998 -9.26276 -9999 -9999
-9999 -9999 -9999 -9999 2.61033 3.30171 4.05861 4.18496 4.74709 4.69333 4.54099 5.32295 5.61087 5.23364 4.96295 5.47214 5.44006 5.37537 5.26666 3.87827 2.27075 -0.163852 -1.67714 -2.60248 -3.26114 -4.14023 -3.53869 -3.72563 -3.9756 -3.6936 -4.40421 -5.81595 -7.21347 -9.82203 -11.2359 -9999 -10.5243 -9.22322 -6.80893 -4.75523 -3.44837 -3.90855 -2.37643 -2.08403 -1.19499 -1.69927 -2.8373 -3.32063 -3.35234 -3.49211 -2.45423 -1.74781 -1.24934 -0.914747 -0.495894 -0.386525 -0.27761 -0.229734 -0.202051 -0.174267 -0.175493 -0.179221 -0.219806 -0.357433 -1.38514 -2.46901 -4.82618 -9.13238 -9999 -9999
-9999 -9999 -9999 0.603043 2.52859 3.6854 4.13602 4.46262 4.75114 4.96138 5.1832 5.38859 5.53221 5.47636 4.47066 4.55662 4.74111 5.31666 5.27766 5.15326 4.27457 1.31199 0.288033 -1.21245 -3.15225 -3.96131 -3.55897 -1.97337 -2.04713 -3.10189 -4.2771 -5.90197 -6.93819 -8.54176 -11.6142 -11.3388 -9.95394 -8.9221 -7.28044 -4.77114 -3.00912 -2.21792 -1.91291 -1.28625 -0.953957 -1.64672 -2.29975 -2.56922 -3.08007 -3.14083 -3.12415 -2.49227 -1.99673 -0.905883 -0.535719 -0.359674 -0.269992 -0.220158 -0.183277 -0.147166 -0.13222 -0.14885 -0.143089 -0.146047 -0.213009 -1.66253 -5.30137 -8.03113 -9999 -9999
-9999 -9999 -9999 -9999 2.17003 2.68124 2.81832 3.05508 3.53516 4.08806 4.87072 4.97547 5.40794 5.40991 4.54362 3.5425 4.42098 4.77125 5.13359 5.14562 5.0329 2.54112 1.23743 0.210081 -1.65034 -0.980012 -0.346127 -0.300796 -0.688157 -2.9467 -5.19618 -7.79087 -10.2134 -10.332 -11.6379 -10.9477 -10.0332 -7.68356 -6.02803 -5.35332 -4.86573 -2.3116 -1.64074 -1.40073 -0.73688 -1.6129 -1.81726 -2.47082 -2.25788 -2.30228 -2.28493 -4.12266 -2.25345 -2.133 -0.91419 -0.359428 -0.228206 -0.190367 -0.150959 -0.141893 -0.131493 -0.133256 -0.116554 -0.127779 -0.141571 -1.08111 -5.69655 -8.00146 -9999 -9999
-9999 -9999 -9999 -9999 -9999 -9999 2.33722 2.72867 2.98147 3.41554 4.73632 5.09542 5.33557 5.36026 4.97669 3.98551 3.72693 3.91196 2.94343 3.75597 4.86703 4.8386 4.70234 2.51154 1.39175 2.47316 2.14062 0.492065 -0.806332 -2.08805 -4.72143 -6.65172 -9.428 -11.5133 -11.5943 -9.29829 -7.38988 -5.01243 -3.96118 -4.5536 -3.90079 -2.62762 -1.18112 -0.475122 -0.62639 -1.55009 -1.66025 -2.67531 -1.64785 -1.54649 -2.00322 -2.39684 -2.22149 -1.61216 -1.3743 -0.420015 -0.184268 -0.136389 -0.125714 -0.118728 -0.119662 -0.121537 -0.128228 -0.132644 -0.139229 -0.174097 -4.91852 -8.59976 -9999 -9999
-9999 -9999 -9999 -9999 -9999 -9999 1.42206 1.66244 2.28662 3.88185 4.71982 5.06109 5.05461 5.21486 4.94571 4.0744 3.17933 2.33482 1.24406 1.87025 3.52387 4.49789 4.60714 2.68632 3.68426 3.30769 2.56769 0.4125 -1.17702 -2.02173 -4.55027 -6.71714 -8.56563 -11.1159 -10.0294 -8.83141 -7.29093 -4.69701 -2.945 -2.22161 -2.81859 -2.00167 -0.338508 -0.317649 -1.20888 -1.13626 -1.66576 -3.0581 -1.57695 -1.14941 -1.46738 -1.36746 -1.4779 -1.24389 -0.828367 -0.432007 -0.167246 -0.127198 -0.118772 -0.124388 -0.121975 -0.117548 -0.131493 -0.124653 -0.131333 -0.147657 -3.2068 -8.67338 -9999 -9999
-9999 -9999 -9999 -9999 -9999 -9999 -9999 0.594047 2.01189 4.12779 4.6569 4.61405 5.05476 5.09706 4.68153 4.32098 3.23374 1.74641 -1.11407 -0.383542 1.13866 3.33259 4.48441 4.32647 3.68428 2.56685 -0.133457 -2.49738 -2.78789 -3.17837 -5.02485 -6.69484 -8.74952 -7.56483 -6.26601 -4.84382 -4.09617 -4.28954 -2.78788 -1.56127 -2.07376 -1.07355 0.0936663 -0.419372 -0.716751 -0.963251 -1.57848 -1.60115 -1.51898 -0.671315 -1.23245 -0.864589 -0.841971 -0.85036 -0.64305 -0.40751 -0.162078 -0.117809 -0.113445 -0.106599 -0.131557 -0.118445 -0.12789 -0.136008 -0.141724 -0.154674 -0.423221 -3.36017 -5.11343 -9999
-9999 -9999 -9999 -9999 -9999 -9999 -9999 -0.711604 -0.00207529 2.5028 3.27981 4.38919 4.98039 5.01199 4.30734 3.9159 2.29426 1.77005 -0.875696 -2.07324 -1.05536 -1.44534 1.57511 4.24698 3.66468 -1.73574 -3.69387 -5.09176 -4.73727 -4.73776 -5.25457 -8.09371 -8.87868 -6.34415 -4.74877 -3.51227 -2.57347 -2.37676 -2.40653 -0.490492 -0.229921 0.399415 0.274329 0.34336 -0.609049 -1.19257 -0.649811 -1.23594 -1.32313 -0.448038 -1.28009 -0.500228 -0.576887 -0.795155 -0.797039 -0.284003 -0.175009 -0.11592 -0.108736 -0.125623 -0.1486 -0.159032 -0.138364 -0.140538 -0.161829 -0.152461 -0.170781 -0.505637 -2.02221 -2.54387
-9999 -9999 -9999 -9999 -9999 -9999 -9999 -9999 -2.3357 1.14339 2.7355 3.57417 4.753 4.89902 4.52551 3.84597 2.19388 0.740869 -1.62402 -4.32597 -5.75732 -1.47174 2.25739 4.20249 3.94672 -0.548804 -2.32484 -2.41016 -1.3691 -2.2539 -2.92589 -5.08427 -5.73122 -6.62871 -6.07956 -4.35575 -2.94545 -1.58476 -0.59367 -0.508812 0.138499 0.515705 0.555535 0.682036 0.580898 0.501645 -0.40892 0.249791 -0.28084 0.0239586 -0.148045 -0.302632 -0.433862 -0.95519 -0.56859 -0.226626 -0.133788 -0.101986 -0.118401 -0.120158 -0.131752 -0.160478 -0.167813 -0.164559 -0.161099 -0.170361 -0.161636 -0.161694 -0.32124 -1.22865
-9999 -9999 -9999 -9999 -9999 -9999 -9999 -9999 -4.0737 -0.611777 1.05887 3.20785 4.31652 4.76646 4.71149 4.16141 2.9068 1.01618 -0.558961 -3.57542 -6.70836 -2.21044 1.79646 3.95748 4.07008 0.294917 1.33941 0.490722 0.829198 -0.722749 -1.36929 -1.88207 -2.99697 -4.21546 -5.54862 -6.25157 -3.08706 -1.46094 -0.150705 0.46995 0.824087 1.00516 0.919095 0.695299 -0.698377 0.385733 0.348801 0.256614 0.148832 0.103994 0.00699344 -0.110429 -0.174319 -0.190515 -0.534453 -0.124129 -0.127257 -0.116985 -0.111287 -0.118689 -0.135947 -0.150695 -0.169187 -0.161979 -0.165965 -0.172161 -0.172999 -0.161406 -0.161468 -0.200234
-9999 -9999 -9999 -9999 -9999 -9999 -9999 -9999 -8.93439 -3.90015 0.148241 2.26341 3.9827 4.45883 4.63898 3.89945 3.34686 1.99228 0.709137 -1.27222 -4.24144 -6.06999 -2.70317 2.19141 3.99511 3.85545 3.74058 2.76015 1.8762 1.76233 1.82601 0.796423 -0.701977 -2.65741 -3.26589 -3.95147 -1.59422 -1.27329 -1.44304 1.15253 1.16367 1.02296 0.0392337 -1.06289 -0.841879 -1.51176 -0.96578 -1.77148 -1.00461 -0.34002 -0.0837048 -0.0913069 -0.164978 -0.163436 -0.193207 -0.116215 -0.111251 -0.117483 -0.122039 -0.123304 -0.13002 -0.157185 -0.171012 -0.156236 -0.167433 -0.176232 -0.177885 -0.163349 -0.15826 -0.184519
-9999 -9999 -9999 -9999 -9999 -9999 -9999 -9999 -8.71967 -4.48409 -0.891842 1.26053 3.33364 3.81742 4.51922 4.37172 3.79254 2.61525 1.14329 -0.487167 -3.03436 -4.92791 -2.6757 0.573013 2.89909 3.73522 3.72563 3.66775 3.44448 3.35028 3.09044 2.90354 1.82941 -0.0144433 -1.05833 -2.58478 0.042551 0.338596 -0.0699424 1.24476 1.18385 -0.792745 -2.30988 -2.4914 -1.55319 -2.42722 -2.56354 -3.09618 -2.46113 -0.780613 -1.25397 -1.14588 -0.377361 -0.242713 -0.154321 -0.125529 -0.124609 -0.123035 -0.131518 -0.1258 -0.120472 -0.146704 -0.156772 -0.159383 -0.183244 -0.176922 -0.189498 -0.187358 -0.185234 -0.19485
-9999 -9999 -9999 -9999 -9999 -9999 -9999 -9999 -8.63498 -5.78612 -2.55326 0.615267 2.82863 3.72339 4.3756 4.37157 3.69764 3.11344 2.19127 0.756936 -0.227015 -1.93635 -4.28287 -0.349973 0.853991 1.93288 2.38436 3.5046 3.47501 2.95857 2.35821 2.91029 2.74904 1.28733 0.806265 -0.0047928 1.45687 1.4617 1.42354 1.34865 -0.321808 -2.64437 -4.49855 -3.1515 -3.42257 -2.79938 -4.68513 -3.10559 -1.83212 -1.41071 -2.25057 -2.8754 -0.897154 -0.56143 -0.359424 -0.228025 -0.140162 -0.154396 -0.12954 -0.136849 -0.138649 -0.141078 -0.153847 -0.159562 -0.171559 -0.183215 -0.186431 -0.181992 -0.194918 -0.212978
-9999 -9999 -9999 -9999 -9999 -9999 -9999 -9999 -9999 -7.46718 -3.37587 0.28241 2.32047 3.60321 4.22945 4.2207 3.87705 3.48076 2.90934 1.87471 0.574291 -1.48148 -3.00799 -2.03979 -0.8604 -0.724478 0.0603119 2.33869 3.11579 2.01002 -0.723326 0.889983 2.68533 2.65517 2.50137 2.33001 2.11149 1.91528 1.48495 0.329119 -3.21785 -3.91142 -5.29803 -5.13225 -5.83863 -4.27006 -4.83456 -3.21989 -2.51366 -2.24002 -3.71163 -3.38603 -1.63214 -0.933224 -1.03923 -0.608373 -0.195459 -0.176355 -0.159534 -0.165195 -0.15196 -0.144268 -0.146377 -0.161414 -0.169346 -0.173085 -0.191346 -0.170464 -0.29326 -0.369278
-9999 -9999 -9999 -9999 -9999 -9999 -9999 -9999 -9999 -8.29175 -4.20308 0.104457 1.48943 2.87184 4.06518 4.09076 3.56421 3.06325 2.54684 1.95835 0.380894 -1.14916 -2.61032 -3.10122 -2.8077 -2.82932 -1.55845 1.41069 1.98442 1.73766 -1.11207 -2.07811 0.321295 2.33806 2.49683 2.31442 -0.0583836 0.449183 -0.828723 -2.56198 -3.03548 -3.79027 -5.39049 -4.61013 -5.77904 -5.26609 -5.38373 -4.46309 -4.00873 -2.91543 -4.19729 -4.18005 -2.45796 -1.58609 -1.55608 -0.642856 -0.312972 -0.221962 -0.194798 -0.174056 -0.164916 -0.145477 -0.148479 -0.156161 -0.167716 -0.204329 -0.300137 -0.600914 -2.29932 -2.28773
-9999 -9999 -9999 -9999 -9999 -9999 -9999 -9999 -9999 -7.82446 -4.98646 -1.16417 1.66778 1.84814 3.22608 3.93835 3.36544 2.71988 2.05906 1.7707 0.0538717 -1.83243 -3.35676 -5.16146 -4.86486 -3.57024 -1.44961 0.468154 0.810176 0.41248 -1.11357 -0.392467 1.24404 2.11317 2.36983 2.16892 1.65335 1.35673 0.416522 0.0114134 -1.29396 -3.33674 -4.13744 -3.61992 -5.78679 -5.62697 -4.81464 -5.65058 -4.23274 -3.54904 -5.20808 -3.86874 -2.34689 -1.5648 -0.880482 -0.55279 -0.418118 -0.21592 -0.204598 -0.182324 -0.167752 -0.165059 -0.15954 -0.185448 -0.205603 -0.38154 -0.643663 -2.23767 -2.87606 -2.73628
-9999 -9999 -9999 -9999 -9999 -9999 -9999 -9999 -9999 -7.34646 -4.79113 -1.47674 0.542972 0.906276 2.43394 3.79244 3.64282 2.97098 2.76728 2.07037 0.614446 -0.994106 -2.75266 -3.60782 -5.57394 -3.63945 -2.1067 -0.482578 0.276774 -0.976417 -1.60734 -0.491292 0.618503 1.0621 2.18372 2.1743 1.81076 0.238189 -0.526786 -0.198505 -0.524098 -1.09688 -2.50089 -2.55737 -3.45604 -3.82372 -4.17015 -5.3037 -4.56034 -4.47756 -4.26558 -2.66476 -1.86864 -1.3382 -0.855433 -0.723216 -0.509696 -0.235192 -0.2053 -0.189694 -0.185115 -0.17442 -0.18842 -0.258784 -0.31697 -0.677512 -1.32032 -2.5252 -4.45988 -3.06693
-9999 -9999 -9999 -9999 -9999 -9999 -9999 -9999 -9999 -7.78648 -5.07222 -2.23931 -1.05353 -0.850331 1.91253 3.60493 3.60964 3.29194 2.92037 1.19718 1.29922 0.954869 -0.63143 -2.94246 -5.48088 -5.24349 -3.72713 -1.58457 -0.87515 -2.94818 -3.68183 -3.14224 -1.46388 0.0388551 1.6083 2.00814 1.54994 -0.899159 -3.50139 -2.28933 -0.993887 -0.996125 -1.36943 -2.67074 -3.07931 -3.44806 -4.39449 -5.99122 -5.74715 -5.28912 -3.46926 -2.88912 -1.998 -1.25682 -1.52525 -1.35614 -0.647981 -0.239019 -0.217494 -0.204238 -0.185108 -0.188571 -0.206826 -0.352685 -0.507343 -0.770771 -2.45762 -3.50381 -5.01686 -3.21611
-9999 -9999 -9999 -9999 -9999 -9999 -9999 -9999 -9999 -8.63084 -6.66053 -3.95278 -2.86015 -1.1188 1.49215 2.77722 3.39405 3.38203 3.13476 2.36369 1.90025 0.98594 -0.664274 -2.92109 -5.43002 -7.06373 -6.23442 -3.34529 -2.65723 -4.57416 -5.54772 -4.33511 -2.54636 0.102358 1.61643 1.82231 1.68755 1.18459 -0.714414 -3.00888 -2.99679 -1.8393 -2.79833 -3.91334 -3.29042 -3.39769 -4.33237 -5.00999 -5.41062 -5.13658 -4.09771 -3.66345 -2.63562 -1.12296 -0.899702 -0.935024 -0.294571 -0.256209 -0.235051 -0.205037 -0.199872 -0.199879 -0.213121 -0.330972 -0.602105 -1.72309 -2.69965 -4.06052 -4.2229 -2.60581
-9999 -9999 -9999 -9999 -9999 -9999 -9999 -9999 -9999 -10.0809 -7.76323 -5.2266 -2.85138 -0.604191 1.33004 1.48124 2.50198 2.50216 3.03731 2.88531 2.17025 1.40021 -0.0216551 -2.92078 -5.3589 -8.01809 -7.3182 -4.3692 -3.98468 -5.26755 -7.63733 -5.19029 -2.49142 -0.0450177 1.28006 0.243787 1.30959 1.22482 0.515247 -0.849153 -2.97209 -2.92705 -4.51585 -4.57937 -3.75436 -3.48189 -3.61117 -4.1181 -4.92082 -4.76795 -4.13386 -3.96626 -3.02118 -1.84605 -0.697357 -0.498334 -0.273744 -0.257753 -0.247844 -0.223934 -0.215701 -0.233648 -0.286236 -0.409794 -1.34877 -2.46646 -3.15255 -4.09896 -4.20813 -2.35852
