Test_Spring_2018/02_18/Temp/20180208_017.txt
ncols	170
nrows	115
xllcorner	350000.000000
yllcorner	4445000.000000
cellsize	1000.000000
nodata_value	-9999.000000
[rows 32 to 63 of 115, columns 72 to 143 of 170]
10.2759 9.96809 10.4571 10.9077 10.6376 10.4613 11.1973 11.202 10.9569 10.3749 10.1645 9.94637 9.81478 9.06723 6.96028 5.06153 6.08753 6.11743 5.41759 6.68858 6.02593 4.28805 1.83233 3.17575 2.83306 1.0915 0.668043 -9999 -9999 -9999 -9999 -9999 -9999 -9999 -9999 -9999 -9999 -9999 -9999 -9999 -9999 -9999 -9999 -9999 -9999 -9999 -9999 -9999 -9999 -9999 -9999 -9999 -9999 -9999 -9999 -9999 -9999 -9999 -9999 -9999 -9999 -9999 -9999 -9999 -9999 -9999 -9999 -9999 -9999 -9999 -9999 -9999
9.86037 9.73116 10.4555 10.4455 10.4022 10.6655 11.1245 11.22 11.1274 10.8764 10.66 10.4295 9.83668 8.98081 7.17843 5.0164 4.53039 5.59687 5.65341 5.82955 5.22602 4.46646 3.27499 4.26067 4.64673 3.50617 2.00807 1.04761 -9999 -9999 -9999 -9999 -9999 -9999 -9999 -9999 -9999 -9999 -9999 -9999 -9999 -9999 -9999 -9999 -9999 -9999 -9999 -9999 -9999 -9999 -9999 -9999 -9999 -9999 -9999 -9999 -9999 -9999 -9999 -9999 -9999 -9999 -9999 -9999 -9999 -9999 -9999 -9999 -9999 -9999 -9999 -9999
9.36421 8.67201 9.11058 9.4411 10.0438 10.2056 10.3008 11.1635 11.1231 11.0885 10.7275 10.4399 9.96006 9.1366 7.96195 6.54655 4.07798 5.60914 6.8093 6.78425 6.72433 6.19373 5.04916 6.01659 6.06702 4.60876 2.94283 1.96739 1.56733 -9999 -9999 -9999 -9999 -9999 -9999 -9999 -9999 -9999 -9999 -9999 -9999 -9999 -9999 -9999 -9999 -9999 -9999 -9999 -9999 -9999 -9999 -9999 -9999 -9999 -9999 -9999 -9999 -9999 -9999 -9999 -9999 -9999 -9999 -9999 -9999 -9999 -9999 -9999 -9999 -9999 -9999 -9999
8.79981 7.95305 8.3942 8.98114 9.80557 10.2318 10.5608 10.8224 11.0891 11.0634 10.6939 9.59222 9.43961 9.39726 8.63093 7.01652 5.40423 4.99063 6.81846 7.34547 7.24454 7.65677 6.68786 7.1534 6.96977 6.45669 4.85833 3.39773 2.79835 1.60841 -9999 -9999 -9999 -9999 -9999 -9999 -9999 -9999 -9999 -9999 -9999 -9999 -9999 -9999 -9999 -9999 -9999 -9999 -9999 -9999 -9999 -9999 -9999 -9999 -9999 -9999 -9999 -9999 -9999 -9999 -9999 -9999 -9999 -9999 -9999 -9999 -9999 -9999 -9999 -9999 -9999 -9999
-9999 -9999 7.42582 8.22107 8.88168 9.68631 10.3843 10.7366 11.0792 11.0574 10.3135 9.95258 9.92615 9.426 8.54051 7.98681 6.97372 5.91789 6.32866 7.88802 7.20194 8.30807 8.21993 8.42723 7.69615 6.30649 4.4502 3.36521 2.8295 1.86627 -9999 -9999 -9999 -9999 -9999 -9999 -9999 -9999 -9999 -9999 -9999 -9999 -9999 -9999 -9999 -9999 -9999 -9999 -9999 -9999 -9999 -9999 -9999 -9999 -9999 -9999 -9999 -9999 -9999 -9999 -9999 -9999 -9999 -9999 -9999 -9999 -9999 -9999 -9999 -9999 -9999 -9999
-9999 -9999 -9999 8.07913 8.58363 9.66204 10.2189 10.4494 10.9987 11.0054 10.7271 10.5185 10.2132 9.81268 9.14864 8.41536 7.46286 7.37962 8.37903 8.39649 8.19386 8.36203 8.87763 8.74776 7.61364 5.65277 4.61871 2.50967 1.61084 1.70915 1.07393 -9999 -9999 -9999 -9999 -9999 -9999 -9999 -9999 -9999 -9999 -9999 -9999 3.61563 -9999 -9999 -9999 -9999 -9999 -9999 -9999 -9999 -9999 -9999 -9999 -9999 -9999 -9999 -9999 -9999 -9999 -9999 -9999 -9999 -0.103237 -9999 -9999 -9999 -9999 -9999 -9999 -9999
-9999 -9999 7.98313 8.65467 9.18142 9.85926 9.92666 10.3329 10.9638 10.9784 10.7828 10.561 10.0554 9.93446 9.55899 8.76241 8.60384 8.93443 9.08946 9.26434 9.37385 9.29387 9.09172 8.829 8.09885 7.19168 6.58447 4.66113 3.68803 2.76027 1.35339 0.254203 -9999 -9999 -9999 -9999 -9999 -9999 -9999 2.85151 2.80617 2.83848 3.15565 4.01843 3.52325 -9999 -9999 -9999 -9999 -9999 -9999 -9999 -9999 -9999 -9999 -9999 -9999 -9999 -9999 -9999 -9999 -9999 -9999 -9999 0.670826 -0.436466 -9999 -9999 -9999 -9999 -9999 -9999
-9999 -9999 8.1646 8.87449 9.23154 9.89001 10.2691 10.5171 10.7393 10.9522 10.9231 10.6772 10.3002 10.3086 9.78665 9.50782 9.31022 9.75547 9.84764 9.67624 9.45979 9.26882 8.71992 8.66041 8.48435 7.91015 6.96469 5.99041 4.57955 2.66733 0.792338 -0.718738 -9999 -9999 -9999 -9999 -9999 -9999 3.00608 3.72372 4.15658 3.25873 4.0393 4.75347 4.64805 3.96935 -9999 -9999 -9999 -9999 -9999 -9999 -9999 -9999 -9999 -9999 -9999 -9999 -9999 -9999 5.92502 4.79021 2.49185 1.31628 0.61298 -0.393542 -9999 -9999 -9999 -9999 -9999 -9999
-9999 -9999 8.02747 8.86493 9.43395 9.93978 10.0252 10.5454 10.7713 10.8883 10.8811 10.8371 10.7726 10.318 10.1259 9.43547 10.1073 10.0875 9.92415 9.26174 8.97724 7.83597 7.33621 7.22764 8.19576 7.48802 6.00551 4.15122 1.91979 1.78031 1.04694 -0.303051 -9999 -9999 -9999 -9999 -9999 -9999 3.22806 3.99516 4.63671 4.73637 3.84409 5.10739 5.06595 4.37062 4.2185 4.8019 5.10128 4.89036 5.58524 5.79399 5.49088 5.83844 -9999 -9999 -9999 -9999 6.07378 6.12585 6.16641 5.69676 3.18523 1.47141 -0.0672515 -0.203712 -9999 -9999 -9999 -9999 -9999 -9999
-9999 -9999 8.60659 9.12389 9.38799 9.43507 9.88975 10.3453 10.6241 10.8331 10.7984 10.788 10.7767 10.6252 10.2652 10.3371 10.3132 10.1051 8.83996 7.36212 8.01343 7.13553 5.25521 6.79113 7.63665 6.83392 5.03629 2.95128 2.26964 2.3039 1.28164 -0.0342818 -9999 -9999 -9999 1.13223 2.22725 2.32894 2.6569 3.67773 4.45612 5.04394 5.44711 5.4433 5.03193 4.35197 3.61227 3.88592 5.23716 5.57224 5.85461 6.07075 5.78994 5.94761 6.31393 6.50645 6.55074 6.47259 6.4594 6.49466 6.45743 6.01944 3.77351 2.49002 1.67276 0.0232612 -9999 -9999 -9999 -9999 -9999 -9999
-9999 -9999 8.28991 8.74031 9.10611 9.70837 9.77702 10.1619 10.3937 10.7315 10.7752 10.3897 10.7196 10.684 10.6296 10.5072 10.3249 9.25799 7.78508 6.30826 5.62895 5.92534 4.79607 5.38264 6.23928 5.92983 4.8292 2.9721 2.7144 2.2844 0.561597 -1.09681 -9999 -9999 -0.983612 1.11095 2.58793 3.35326 3.59531 3.62511 4.60398 4.68767 5.74111 5.50485 4.12789 4.29087 3.75945 4.11557 4.61608 4.75874 5.47428 6.1633 6.29952 6.30981 6.5457 6.59964 6.61842 6.61888 6.46992 6.54674 6.56321 6.29206 4.66595 3.8754 3.0052 0.048012 -9999 -9999 -9999 -9999 -9999 -9999
-9999 -9999 8.52114 9.02402 9.57444 9.66765 10.077 10.038 9.92965 10.4991 10.7092 10.4389 10.2461 10.6192 10.6 10.5574 10.483 9.4808 8.31981 6.55915 5.4668 4.80057 4.32835 3.69621 4.13811 4.00834 3.83304 4.04372 3.5341 2.51562 1.5089 -0.379183 -1.39784 -9999 -0.86955 0.0792355 1.83454 3.32748 4.2779 3.94597 5.05811 5.2705 5.91618 5.54972 4.71628 4.36293 4.33835 4.23565 4.98735 5.4951 5.85515 6.09884 6.39995 6.48209 6.56439 6.60273 6.62651 6.65022 6.65252 6.65243 6.6249 6.52618 5.78109 4.99327 3.2821 0.148319 -9999 -9999 -9999 -9999 -9999 -9999
-9999 7.06873 8.46648 9.30666 9.63472 9.87291 10.0836 10.2377 10.4004 10.5498 10.6565 10.618 9.89208 9.95821 10.0961 10.5178 10.4941 10.4086 9.77631 7.63289 6.89519 5.81432 4.4134 3.83017 4.12777 5.28368 5.23637 4.47779 3.63202 2.45926 1.71438 0.558379 -1.66535 -1.45897 -0.448551 0.305147 1.50024 3.32361 4.60407 5.17952 5.40151 5.85712 6.09752 5.59243 5.11088 4.91326 4.54071 4.49485 4.50553 4.96287 5.32052 6.10867 6.37884 6.50581 6.5744 6.61445 6.64522 6.67528 6.68959 6.68036 6.68657 6.68554 6.6364 5.58413 2.94478 0.954856 -9999 -9999 -9999 -9999 -9999 -9999
-9999 -9999 8.2109 8.58269 8.68316 8.85598 9.20539 9.60775 10.177 10.2547 10.5705 10.5736 9.94799 9.22571 9.86688 10.1253 10.3927 10.4062 10.3295 8.52855 7.58877 6.8496 5.50644 5.99635 6.46205 6.50108 6.22651 4.5951 2.97042 1.09462 -0.655173 -0.734179 -1.67443 -1.16882 -0.499338 1.21023 2.41547 2.9084 3.26458 5.11845 5.60648 5.7791 6.25954 5.62272 5.46638 4.98977 5.1417 5.10728 5.11807 3.78406 5.13772 5.22534 6.11035 6.51252 6.60896 6.64057 6.67346 6.68419 6.69546 6.69723 6.7115 6.70413 6.69482 6.01259 2.66355 0.981714 -9999 -9999 -9999 -9999 -9999 -9999
-9999 -9999 -9999 -9999 8.33825 8.6231 8.8075 9.12353 10.0828 10.3449 10.521 10.5413 10.266 9.55005 9.36659 9.50515 8.80742 9.40204 10.2131 10.1981 10.1051 8.52231 7.71448 8.5047 8.26967 7.0804 6.14525 5.22238 3.3194 1.92565 -0.0805495 -1.58569 -1.63755 0.0341497 1.42357 3.15339 3.92048 3.49449 3.9705 4.89518 5.94461 6.45614 6.34523 5.67358 5.58544 4.84632 5.58862 5.65959 5.32626 5.03926 5.16432 5.60631 5.77981 6.47376 6.64746 6.68396 6.69623 6.70569 6.70895 6.71082 6.70834 6.70641 6.70181 6.67559 3.23285 0.552875 -9999 -9999 -9999 -9999 -9999 -9999
-9999 -9999 -9999 -9999 7.67849 7.8537 8.30733 9.46533 10.0743 10.3234 10.3205 10.4391 10.2467 9.61808 8.9727 8.36464 7.57839 8.03764 9.24233 9.95444 10.0396 8.65281 9.38097 9.11395 8.58352 7.02692 5.88072 5.27485 3.44796 1.88273 0.549427 -1.29295 -0.497978 0.377408 1.50069 3.38716 4.6625 5.19066 4.76037 5.35424 6.56077 6.57535 5.92771 5.97848 5.58617 4.57325 5.64436 5.95167 5.71877 5.7895 5.70717 5.87683 6.17907 6.46836 6.6631 6.69562 6.70537 6.70584 6.71167 6.71827 6.7106 6.71692 6.71228 6.6995 4.4789 0.504183 -9999 -9999 -9999 -9999 -9999 -9999
-9999 -9999 -9999 -9999 -9999 7.08276 8.11195 9.64752 10.0325 10.0029 10.3243 10.3572 10.0586 9.80042 9.01575 7.94146 5.87176 6.40672 7.51617 9.11306 9.95445 9.84618 9.38498 8.58074 6.62871 4.92078 4.71667 4.44021 3.10796 1.90307 0.420178 1.28646 2.23529 3.27326 3.82153 3.68672 4.78044 5.67369 5.3046 6.03144 6.87834 6.50576 6.28882 6.10818 5.6537 5.63405 5.69054 6.30246 5.89312 6.15807 6.17217 6.16594 6.31711 6.4897 6.67038 6.70596 6.71319 6.72254 6.70859 6.72155 6.71722 6.71277 6.7089 6.69863 6.50187 4.36175 3.08553 -9999 -9999 -9999 -9999 -9999
-9999 -9999 -9999 -9999 -9999 6.13982 6.65537 8.47307 9.03786 9.84388 10.2744 10.2996 9.79131 9.51093 8.33853 7.9627 6.04889 5.18528 5.92901 5.65204 7.84864 9.79265 9.37487 5.46455 4.05077 3.04341 3.30703 3.31333 2.9453 0.892403 0.330203 2.17528 3.33906 4.24223 4.92903 5.07703 5.0601 6.4535 6.64483 7.10278 7.0126 7.0623 6.37046 5.94555 6.33094 5.90278 5.83655 6.46843 5.86266 6.42642 6.3685 6.21004 6.20943 6.5832 6.66486 6.71111 6.72032 6.7124 6.70013 6.69548 6.71302 6.71296 6.6979 6.70394 6.6888 6.43585 5.33144 4.94809 5.3815 -9999 -9999 -9999
-9999 -9999 -9999 -9999 -9999 -9999 4.96712 7.49144 8.64748 9.25724 10.114 10.2222 9.95456 9.46487 8.27045 7.22102 5.51088 3.55684 2.52341 5.63725 8.34779 9.76473 9.58365 6.32955 5.04778 4.99226 5.75371 5.11858 4.63786 3.07846 2.61615 1.97205 2.37688 3.63384 4.66176 5.65384 6.3772 6.44257 6.91501 7.18939 7.219 7.3106 7.23637 7.17743 6.50896 6.98386 6.59628 6.81478 6.68785 6.57406 6.47662 6.09838 6.37948 6.62912 6.69895 6.72532 6.71724 6.72014 6.71599 6.6992 6.69456 6.6985 6.70153 6.69425 6.69896 6.6889 6.56896 5.90617 5.01735 3.8933 -9999 -9999
-9999 -9999 -9999 -9999 -9999 -9999 3.71096 6.223 7.43617 8.99633 9.80213 10.1319 10.0947 9.69889 8.79276 7.42595 6.28851 4.10633 1.84013 5.10722 8.01814 9.59161 9.67967 6.94573 7.70939 7.10015 7.35194 6.23282 5.77037 5.40412 4.6022 3.72505 2.76548 2.26054 4.56114 5.74556 6.70027 7.15419 7.41406 7.54763 7.48657 7.32237 6.31111 7.09622 7.06147 6.99219 6.91162 6.87688 6.80461 6.71799 6.6695 6.65767 6.40897 6.70797 6.70831 6.71883 6.72657 6.72516 6.71669 6.70986 6.69987 6.70552 6.70076 6.69594 6.69403 6.69251 6.68868 6.65631 6.48332 4.97258 4.07061 3.82041
-9999 -9999 -9999 -9999 -9999 -9999 0.190263 3.8428 6.78048 8.31623 9.56666 9.9143 10.0477 9.51462 9.11763 8.13957 7.21384 5.78225 3.63466 2.31467 4.76125 8.31737 9.62995 9.53229 9.45504 8.75013 8.11523 8.03885 8.09124 7.34988 6.27109 4.859 4.42208 3.93064 5.64557 5.88327 5.76456 7.65069 7.66185 7.56218 6.85043 6.05182 6.2123 5.72275 6.11089 5.52463 6.07881 6.55895 6.74326 6.73657 6.68115 6.68229 6.66137 6.71897 6.72479 6.72314 6.72321 6.72598 6.72489 6.70882 6.70204 6.71541 6.70575 6.69984 6.69372 6.69442 6.69487 6.67215 6.65181 6.42313 6.07715 5.41349
-9999 -9999 -9999 -9999 -9999 -9999 0.350567 3.42429 6.03122 7.5959 9.10156 9.45493 9.96679 9.86314 9.44691 8.59741 7.53469 6.35748 4.51583 3.14853 4.78806 7.14872 8.84208 9.45183 9.44854 9.41253 9.2566 9.19621 9.01368 8.88303 8.10998 6.7766 6.02528 4.92375 6.83431 7.05378 6.76178 7.71896 7.67791 6.24694 5.14854 5.01815 5.69867 5.06476 4.95798 4.56714 5.0262 6.24355 5.89973 5.97702 6.53235 6.63002 6.6951 6.71745 6.72022 6.72403 6.721 6.72855 6.73592 6.72028 6.71603 6.71668 6.70125 6.70244 6.69312 6.68465 6.67928 6.66925 6.65127 6.58943 6.52011 6.60038
-9999 -9999 -9999 -9999 -9999 -9999 0.418889 2.48494 4.83146 7.13349 8.74109 9.39269 9.86873 9.86924 9.38434 8.96495 8.3009 7.26581 6.5577 5.32382 3.62807 6.48644 7.36393 8.14935 8.48483 9.30323 9.28768 8.91895 8.48515 8.89134 8.77772 7.72327 7.37984 6.79687 7.86184 7.86993 7.84642 7.79579 6.5875 4.90575 3.56311 4.54152 4.34593 4.79753 3.42209 4.56821 5.49039 5.79461 5.18157 4.72769 6.16057 6.40437 6.55176 6.6485 6.71423 6.7064 6.72731 6.72515 6.72707 6.72844 6.72205 6.72035 6.71351 6.70625 6.69895 6.6921 6.68071 6.66444 6.66767 6.63674 6.62744 6.61928
-9999 -9999 -9999 -9999 -9999 -9999 -9999 1.27309 4.24432 6.89966 8.38018 9.31319 9.77042 9.76752 9.52215 9.23902 8.82931 8.08407 7.14641 5.66125 4.56014 5.26839 6.12788 6.22893 6.80393 8.46207 9.03137 8.23507 6.25712 7.42976 8.73716 8.72052 8.61406 8.49466 8.33867 8.2008 7.89277 7.05818 4.48903 3.99092 2.98761 3.10962 2.59863 3.73607 3.31834 4.48862 4.99992 5.19744 4.12935 4.36343 5.63485 6.14198 6.06585 6.37958 6.67953 6.69573 6.71061 6.7094 6.72198 6.73047 6.73164 6.72403 6.72013 6.71867 6.69979 6.7042 6.61348 6.55624 6.43504 6.5961 6.61595 6.63054
-9999 -9999 -9999 -9999 -9999 -9999 -9999 0.682284 3.64988 6.77634 7.78347 8.78898 9.65765 9.67976 9.3018 8.94277 8.57291 8.15109 7.01237 5.90828 4.85435 4.50421 4.72303 4.70727 5.63462 7.79355 8.2152 8.04173 5.97603 5.28076 7.02605 8.4937 8.61372 8.48613 6.76981 7.14213 6.2193 4.9659 4.62574 4.08117 2.92305 3.49094 2.64473 3.01783 2.92313 3.59051 3.91958 4.71196 3.78188 3.7927 5.04124 5.674 5.69664 6.36024 6.60121 6.66932 6.69144 6.70912 6.71848 6.73528 6.73564 6.73232 6.72579 6.70061 6.63194 6.4071 5.16341 5.17037 5.51763 5.84654 6.4408 6.61336
-9999 -9999 -9999 -9999 -9999 -9999 -9999 1.02635 3.08719 5.86197 7.9187 8.05265 9.05536 9.57558 9.16407 8.70017 8.22552 8.02128 6.78134 5.41872 4.31878 3.01566 3.23651 4.1812 5.7183 7.1146 7.36808 7.08502 5.97886 6.50697 7.69884 8.33404 8.52491 8.38376 8.0142 7.8032 7.12518 6.83494 5.89147 4.41287 3.83467 4.21208 2.64233 2.75957 3.34969 2.73301 3.76118 4.25688 3.05361 4.02301 5.12704 5.69489 6.19219 6.4312 6.53059 6.67926 6.68976 6.70839 6.72152 6.72601 6.73244 6.71585 6.70311 6.57702 6.38798 5.23256 4.75025 4.85079 5.39324 5.8689 6.36887 6.57566
-9999 -9999 -9999 -9999 -9999 -9999 -9999 1.37814 3.23419 5.64085 7.10872 7.37552 8.48695 9.47594 9.37145 8.88851 8.74534 8.24472 7.19388 6.03255 4.76259 4.14791 2.72763 4.1362 5.24658 6.42982 6.98585 6.07731 5.6249 6.43931 7.24907 7.57555 8.39359 8.39119 8.13179 6.99535 6.44436 6.68594 6.45302 6.04051 5.02484 4.98607 4.33619 4.07107 3.82106 2.98849 3.52782 3.58802 3.74104 4.90115 5.47909 5.86462 6.21586 6.31318 6.46975 6.67082 6.69471 6.70839 6.71415 6.72435 6.71654 6.66769 6.62743 6.36759 5.9027 5.02983 3.60707 4.61701 5.67278 5.9938 6.3055 6.46962
-9999 -9999 -9999 -9999 -9999 -9999 -9999 1.06409 3.03559 5.09324 5.9565 6.10733 8.11468 9.3459 9.3534 9.1273 8.86235 7.61739 7.69632 7.45169 6.30652 4.63588 2.80042 2.9781 4.07853 5.63544 6.1552 4.65179 4.1248 4.52107 5.74309 6.8376 7.98033 8.27466 7.94654 6.17436 4.29089 5.17337 6.11603 6.1173 5.84915 4.90767 4.61332 4.34755 3.66257 2.49604 2.67151 3.00409 4.32212 4.74342 5.39043 5.92893 5.7355 5.85964 6.37496 6.67353 6.6913 6.70322 6.71946 6.71933 6.70841 6.60482 6.49467 6.30541 5.08359 4.32612 3.21732 4.5151 5.23677 5.62681 6.31417 6.48246
-9999 -9999 -9999 -9999 -9999 -9999 -9999 0.456724 1.88884 3.85587 4.6517 5.91816 7.81543 8.75133 9.20279 9.19839 9.02357 8.46906 8.13782 7.47976 6.28814 4.65671 2.84254 1.66315 2.27004 4.36343 4.86386 3.47724 2.77621 3.66054 4.96257 6.88814 7.99068 8.14431 8.05071 7.68987 6.31636 4.65579 4.66772 5.51003 4.8171 4.01075 4.46449 4.38841 3.71204 3.22189 2.92014 3.11813 3.87116 4.18681 4.9331 6.0312 6.19444 6.17038 6.63664 6.66645 6.68395 6.708 6.71409 6.71646 6.70918 6.62595 6.43143 5.6204 4.91391 3.92852 3.8121 4.96422 5.47569 5.95089 6.29121 6.40612
-9999 -9999 -9999 -9999 -9999 -9999 -9999 -0.589994 1.09411 2.93716 4.66326 6.29666 7.70324 7.8169 8.56132 8.56578 8.95838 8.8528 8.33903 7.78553 6.75945 4.66213 2.89925 0.976111 1.4891 3.62798 3.9045 2.97921 1.26561 3.04518 5.00726 6.78611 7.7516 7.00439 7.78146 7.72389 7.21295 6.22685 4.69038 4.72588 3.57619 3.53237 4.13266 4.33198 4.23971 3.87338 3.28225 3.39016 3.84977 3.97211 4.65847 5.51186 6.34631 6.49226 6.65697 6.67059 6.67995 6.69959 6.70793 6.69731 6.66154 6.57425 5.8955 5.08702 4.59141 3.90686 3.82936 5.15897 5.69576 5.99716 6.29218 6.41234
-9999 -9999 -9999 -9999 -9999 -9999 -9999 -9999 0.923554 2.82749 4.23775 4.62142 5.87232 6.55026 7.07608 7.19678 8.68717 8.77428 8.45039 7.94227 7.06776 5.47736 4.37063 2.52605 1.20143 1.74982 2.00261 2.49591 2.35678 3.15318 5.03883 7.00327 7.22234 5.9832 6.17313 6.4393 7.02883 6.73876 4.64289 3.58117 2.701 3.33707 4.00593 4.17271 4.21131 4.09005 3.9484 3.69809 4.59103 5.25354 5.41242 5.99093 6.41984 6.54325 6.63791 6.65558 6.67342 6.68037 6.66254 6.65141 6.55216 6.32144 5.56149 3.72463 3.81719 3.62424 3.05725 4.36153 5.18258 5.92089 6.31616 6.42287
-9999 -9999 -9999 -9999 -9999 -9999 -9999 -9999 0.292955 2.49509 2.9645 2.93544 2.21355 2.55381 5.2556 5.80389 7.2334 8.58716 8.49319 7.99467 7.17664 6.23126 4.7649 2.68965 1.04155 0.346793 2.12788 3.874 4.23943 4.80194 5.95933 6.1835 4.91682 3.72944 4.40474 4.81386 6.35672 6.64317 6.35043 5.09005 3.64817 2.89851 3.79704 3.92261 3.98248 3.99944 3.9794 3.94706 4.95066 5.51026 5.90053 6.11612 6.48533 6.58492 6.62146 6.65624 6.65652 6.64464 6.59418 6.53583 6.25595 5.91568 4.66675 3.62657 2.98038 2.15836 4.03221 4.59399 5.36585 5.86776 6.26113 6.35238
