Test_Spring_2018/02_18/Temp/20180213_010.txt
ncols	170
nrows	115
xllcorner	350000.000000
yllcorner	4445000.000000
cellsize	1000.000000
nodata_value	-9999.000000
[rows 32 to 63 of 115, columns 71 to 141 of 170]
8.08319 8.06188 7.72997 8.24222 8.7139 8.42669 8.23542 9.01205 9.01165 8.74664 8.12462 7.89615 7.65922 7.51379 6.71571 4.47754 2.45966 3.53943 3.56395 2.81536 4.15414 3.44472 1.59638 -1.01232 0.403003 0.0324368 -1.81696 -2.27341 -9999 -9999 -9999 -9999 -9999 -9999 -9999 -9999 -9999 -9999 -9999 -9999 -9999 -9999 -9999 -9999 -9999 -9999 -9999 -9999 -9999 -9999 -9999 -9999 -9999 -9999 -9999 -9999 -9999 -9999 -9999 -9999 -9999 -9999 -9999 -9999 -9999 -9999 -9999 -9999 -9999 -9999 -9999
7.79016 7.61635 7.47367 8.23519 8.21909 8.17025 8.44663 8.92942 9.02506 8.92149 8.64996 8.41481 8.16467 7.53061 6.61772 4.70211 2.4054 1.88374 3.00634 3.0591 3.23844 2.59189 1.78003 0.510672 1.54732 1.94887 0.730991 -0.857932 -1.88185 -9999 -9999 -9999 -9999 -9999 -9999 -9999 -9999 -9999 -9999 -9999 -9999 -9999 -9999 -9999 -9999 -9999 -9999 -9999 -9999 -9999 -9999 -9999 -9999 -9999 -9999 -9999 -9999 -9999 -9999 -9999 -9999 -9999 -9999 -9999 -9999 -9999 -9999 -9999 -9999 -9999 -9999
7.34838 7.08522 6.34634 6.80527 7.14985 7.78674 7.95616 8.05151 8.95969 8.91123 8.86876 8.48041 8.1697 7.65513 6.7765 5.52575 4.01987 1.39838 3.01328 4.27751 4.24396 4.17342 3.60431 2.38486 3.40242 3.44869 1.89513 0.129376 -0.911447 -1.34285 -9999 -9999 -9999 -9999 -9999 -9999 -9999 -9999 -9999 -9999 -9999 -9999 -9999 -9999 -9999 -9999 -9999 -9999 -9999 -9999 -9999 -9999 -9999 -9999 -9999 -9999 -9999 -9999 -9999 -9999 -9999 -9999 -9999 -9999 -9999 -9999 -9999 -9999 -9999 -9999 -9999
6.73501 6.48166 5.57921 6.041 6.65726 7.52683 7.97687 8.32157 8.59296 8.86973 8.83662 8.43916 7.26598 7.09795 7.04659 6.22828 4.51163 2.79716 2.35229 4.28149 4.83285 4.71908 5.14883 4.11567 4.60184 4.40041 3.8505 2.14901 0.599774 -0.0426022 -1.31054 -9999 -9999 -9999 -9999 -9999 -9999 -9999 -9999 -9999 -9999 -9999 -9999 -9999 -9999 -9999 -9999 -9999 -9999 -9999 -9999 -9999 -9999 -9999 -9999 -9999 -9999 -9999 -9999 -9999 -9999 -9999 -9999 -9999 -9999 -9999 -9999 -9999 -9999 -9999 -9999
-9999 -9999 -9999 5.00979 5.84875 6.5444 7.39392 8.12929 8.49689 8.85391 8.82481 8.03078 7.6421 7.60762 7.07128 6.12672 5.53356 4.4538 3.32877 3.75716 5.40213 4.66877 5.8337 5.73366 5.94652 5.16543 3.68805 1.71291 0.561617 -0.0131819 -1.04087 -9999 -9999 -9999 -9999 -9999 -9999 -9999 -9999 -9999 -9999 -9999 -9999 -9999 -9999 -9999 -9999 -9999 -9999 -9999 -9999 -9999 -9999 -9999 -9999 -9999 -9999 -9999 -9999 -9999 -9999 -9999 -9999 -9999 -9999 -9999 -9999 -9999 -9999 -9999 -9999
-9999 -9999 -9999 -9999 5.69328 6.22352 7.36058 7.949 8.18756 8.76363 8.76463 8.46362 8.23618 7.90625 7.47539 6.76533 5.98193 4.96637 4.87156 5.92354 5.93549 5.71437 5.88602 6.42566 6.28161 5.07455 2.99158 1.88967 -0.348169 -1.30744 -1.21064 -1.89085 -9999 -9999 -9999 -9999 -9999 -9999 -9999 -9999 -9999 -9999 -9999 -9999 0.701164 -9999 -9999 -9999 -9999 -9999 -9999 -9999 -9999 -9999 -9999 -9999 -9999 -9999 -9999 -9999 -9999 -9999 -9999 -9999 -9999 -3.39294 -9999 -9999 -9999 -9999 -9999
-9999 -9999 -9999 5.5892 6.29858 6.85168 7.56464 7.63338 8.05932 8.7218 8.73123 8.51768 8.2763 7.73405 7.59921 7.19473 6.34425 6.1696 6.51317 6.67088 6.8497 6.95935 6.86834 6.64794 6.36338 5.58491 4.61768 3.96808 1.92244 0.889356 -0.100506 -1.59796 -2.76959 -9999 -9999 -9999 -9999 -9999 -9999 -9999 -0.0792545 -0.135001 -0.10852 0.21965 1.12571 0.593416 -9999 -9999 -9999 -9999 -9999 -9999 -9999 -9999 -9999 -9999 -9999 -9999 -9999 -9999 -9999 -9999 -9999 -9999 -9999 -2.57342 -3.75281 -9999 -9999 -9999 -9999
-9999 -9999 -9999 5.77881 6.52632 6.89995 7.59262 7.9891 8.2499 8.47958 8.69895 8.6618 8.39473 7.98857 7.9906 7.43092 7.12878 6.91278 7.37781 7.46901 7.28116 7.04571 6.83731 6.24983 6.18071 5.98929 5.37496 4.36728 3.32894 1.83047 -0.202011 -2.19518 -3.803 -9999 -9999 -9999 -9999 -9999 -9999 0.0896525 0.842151 1.29299 0.334337 1.15343 1.90218 1.78282 1.05655 -9999 -9999 -9999 -9999 -9999 -9999 -9999 -9999 -9999 -9999 -9999 -9999 -9999 -9999 3.01887 1.80976 -0.631662 -1.88367 -2.63528 -3.70785 -9999 -9999 -9999 -9999
-9999 -9999 -9999 5.62832 6.5113 7.10977 7.64103 7.72662 8.27332 8.50932 8.62715 8.61304 8.55981 8.4846 7.99613 7.78562 7.04745 7.75227 7.72475 7.54533 6.83751 6.53011 5.31532 4.78008 4.66029 5.67987 4.9243 3.34798 1.37771 -0.987866 -1.14443 -1.9283 -3.36542 -9999 -9999 -9999 -9999 -9999 -9999 0.322367 1.1273 1.79924 1.89721 0.944512 2.27498 2.22362 1.47978 1.31135 1.92202 2.23189 2.00296 2.731 2.94483 2.61651 2.97738 -9999 -9999 -9999 -9999 3.19009 3.23794 3.27365 2.76905 0.101853 -1.72023 -3.35658 -3.50796 -9999 -9999 -9999 -9999
-9999 -9999 -9999 6.23666 6.78092 7.05676 7.10241 7.57938 8.05762 8.34955 8.56153 8.51848 8.50086 8.48202 8.31465 7.9263 7.99538 7.96321 7.73607 6.38943 4.81771 5.50133 4.56929 2.57189 4.19414 5.08408 4.22811 2.31822 0.103774 -0.620376 -0.592577 -1.68234 -3.08468 -9999 -9999 -9999 -1.87842 -0.726083 -0.62592 -0.286143 0.787505 1.60434 2.22078 2.64027 2.62663 2.18569 1.45822 0.667527 0.950201 2.3743 2.72213 3.01498 3.23671 2.93207 3.09195 3.47271 3.66933 3.70891 3.61878 3.59746 3.62746 3.58075 3.10967 0.723808 -0.642441 -1.51461 -3.2649 -9999 -9999 -9999 -9999
-9999 -9999 -9999 5.89174 6.36526 6.74903 7.38483 7.45311 7.8559 8.09671 8.45068 8.49068 8.0757 8.41824 8.37349 8.30878 8.17205 7.97193 6.83502 5.26829 3.69763 2.9719 3.27947 2.07753 2.69429 3.59604 3.26732 2.09454 0.121615 -0.157406 -0.615881 -2.44886 -4.2124 -9999 -9999 -4.11417 -1.90306 -0.34614 0.456945 0.705726 0.729669 1.75885 1.83986 2.94804 2.68837 1.22452 1.3899 0.82165 1.19178 1.71509 1.85917 2.6114 3.33346 3.47057 3.47428 3.71689 3.76673 3.77929 3.7724 3.60723 3.68122 3.69136 3.397 1.66764 0.823518 -0.105034 -3.24026 -9999 -9999 -9999 -9999
-9999 -9999 -9999 6.13001 6.65915 7.23854 7.33347 7.76301 7.72174 7.60235 8.19998 8.41792 8.12495 7.91383 8.30186 8.2743 8.22193 8.13606 7.06757 5.83115 3.95981 2.79658 2.08459 1.57865 0.903924 1.3664 1.22342 1.03222 1.24979 0.70836 -0.373522 -1.44655 -3.45444 -4.54043 -9999 -3.99534 -2.99781 -1.1461 0.427642 1.42671 1.06748 2.2378 2.45512 3.12985 2.73404 1.84578 1.46463 1.43151 1.31572 2.105 2.63753 3.01321 3.26419 3.57547 3.65529 3.73523 3.76854 3.78636 3.80405 3.79905 3.79155 3.75507 3.64332 2.84716 2.00567 0.186831 -3.13552 -9999 -9999 -9999 -9999
-9999 -9999 4.58847 6.06801 6.95471 7.29887 7.54765 7.76705 7.92617 8.09433 8.2512 8.35831 8.3121 7.53629 7.59913 7.73783 8.17718 8.1448 8.04723 7.37066 5.09382 4.30588 3.15461 1.66491 1.04263 1.3524 2.57135 2.51589 1.70704 0.805774 -0.439378 -1.23122 -2.46251 -4.82574 -4.61426 -3.55131 -2.7604 -1.50208 0.421635 1.77023 2.37207 2.59951 3.07319 3.32006 2.77775 2.26206 2.04559 1.64396 1.58845 1.59292 2.07055 2.44374 3.27295 3.55195 3.67884 3.74424 3.77932 3.80451 3.82889 3.83656 3.81934 3.81857 3.8103 3.75104 2.62982 -0.172273 -2.28327 -9999 -9999 -9999 -9999
-9999 -9999 -9999 5.7935 6.1843 6.28764 6.46744 6.83404 7.25641 7.85537 7.93313 8.26246 8.26198 7.5932 6.82092 7.49263 7.75886 8.03471 8.04189 7.9537 6.03905 5.03719 4.24812 2.81958 3.33401 3.82191 3.85802 3.562 1.82884 0.102755 -1.88701 -3.74632 -3.83618 -4.83664 -4.3088 -3.60693 -1.80357 -0.53451 -0.0200278 0.349545 2.30541 2.81376 2.98893 3.49005 2.80789 2.63658 2.12465 2.27859 2.23526 2.23991 0.820226 2.24838 2.33432 3.26479 3.68454 3.77911 3.80522 3.8326 3.83647 3.84088 3.83527 3.84303 3.82786 3.81095 3.08167 -0.471909 -2.25661 -9999 -9999 -9999 -9999
-9999 -9999 -9999 -9999 -9999 5.91912 6.21779 6.40983 6.74098 7.75332 8.0265 8.20814 8.22415 7.92645 7.1623 6.96053 7.09976 6.35326 6.9757 7.82744 7.80468 7.69965 6.01697 5.15643 5.98792 5.73368 4.46887 3.47331 2.49079 0.470115 -1.00903 -3.13975 -4.74001 -4.80123 -3.03719 -1.57204 0.252782 1.05773 0.598877 1.09532 2.06656 3.17019 3.70411 3.57884 2.85977 2.76064 1.97068 2.74997 2.81832 2.45854 2.14789 2.27473 2.73605 2.91291 3.64093 3.81775 3.84929 3.8548 3.85726 3.85316 3.84764 3.83749 3.82823 3.81639 3.782 0.129244 -2.71269 -9999 -9999 -9999 -9999
-9999 -9999 -9999 -9999 -9999 5.21725 5.39989 5.87724 7.10039 7.74191 8.00147 7.99372 8.1139 7.90414 7.23177 6.54125 5.88962 5.04922 5.52817 6.79688 7.54415 7.62772 6.15248 6.91878 6.63044 6.06333 4.4095 3.19049 2.54384 0.603899 -1.0568 -2.47466 -4.43197 -3.59613 -2.67544 -1.49253 0.498493 1.84177 2.39353 1.92981 2.55087 3.82085 3.82837 3.13457 3.18067 2.75932 1.67938 2.80698 3.12569 2.87232 2.94062 2.8478 3.02069 3.33392 3.63331 3.83241 3.85955 3.86247 3.85538 3.85398 3.8534 3.83786 3.83734 3.8255 3.80538 1.44716 -2.76616 -9999 -9999 -9999 -9999
-9999 -9999 -9999 -9999 -9999 -9999 4.58034 5.66739 7.29053 7.69486 7.65945 7.99531 8.02497 7.70283 7.42285 6.58469 5.43929 3.23948 3.79855 4.96628 6.65058 7.535 7.41389 6.92035 6.06295 3.99007 2.17595 1.95484 1.65717 0.24123 -1.03773 -2.61391 -1.70212 -0.70321 0.389758 0.963674 0.81372 1.96466 2.90306 2.50423 3.26611 4.15514 3.75257 3.51495 3.31593 2.82874 2.80087 2.85381 3.49519 3.05496 3.329 3.33831 3.32491 3.47813 3.65392 3.83813 3.86848 3.86867 3.87101 3.84864 3.85482 3.84283 3.83093 3.81994 3.80251 3.58797 1.31786 -0.0388919 -9999 -9999 -9999
-9999 -9999 -9999 -9999 -9999 -9999 3.57854 4.12151 6.0435 6.63832 7.48809 7.93965 7.96121 7.41708 7.1137 5.86491 5.45937 3.42441 2.50261 3.28292 2.98236 5.30209 7.35465 6.90703 2.75961 1.25679 0.18468 0.458968 0.460811 0.066201 -2.1109 -2.71181 -0.763222 0.46344 1.41371 2.13441 2.28398 2.25858 3.72663 3.92158 4.39867 4.29516 4.33985 3.59924 3.1415 3.54391 3.08336 3.00632 3.66885 3.02057 3.61112 3.54417 3.36952 3.36198 3.75085 3.83017 3.87182 3.87409 3.85816 3.83756 3.82518 3.83639 3.82917 3.80636 3.80624 3.78408 3.51286 2.33807 1.92734 2.382 -9999
-9999 -9999 -9999 -9999 -9999 -9999 -9999 2.33005 5.00042 6.22142 6.86334 7.76641 7.87597 7.5866 7.06172 5.78978 4.67086 2.85169 0.773934 -0.326599 2.9643 5.82833 7.32251 7.12557 3.67311 2.31003 2.24604 3.04756 2.36997 1.85597 0.201642 -0.29344 -0.98132 -0.558486 0.766094 1.8484 2.8922 3.65094 3.71241 4.20478 4.48805 4.51145 4.60055 4.51412 4.44404 3.73027 4.22624 3.80883 4.0335 3.89241 3.76528 3.65649 3.24906 3.53989 3.79728 3.86408 3.88461 3.86864 3.8642 3.85224 3.82692 3.81489 3.81195 3.80832 3.79411 3.79296 3.77904 3.64692 2.94013 1.99419 0.799287
-9999 -9999 -9999 -9999 -9999 -9999 -9999 0.996028 3.65324 4.93462 6.58314 7.43162 7.77606 7.73118 7.30589 6.3394 4.88443 3.67198 1.35268 -1.0557 2.39936 5.47659 7.13651 7.22344 4.32301 5.12633 4.47573 4.73734 3.54702 3.0523 2.6618 1.80699 0.872263 -0.150895 -0.691619 1.73863 2.9862 3.99006 4.46314 4.73043 4.8638 4.79312 4.61061 3.53171 4.35567 4.31323 4.23282 4.14059 4.09702 4.0138 3.91543 3.85852 3.83916 3.56883 3.87831 3.87155 3.87544 3.87628 3.86731 3.85083 3.83613 3.81819 3.81789 3.80568 3.79407 3.78588 3.78103 3.77179 3.73261 3.54471 1.94005
-9999 -9999 -9999 -9999 -9999 -9999 -9999 -2.7368 1.12821 4.23479 5.85761 7.17787 7.54121 7.67708 7.10642 6.67933 5.63625 4.6482 3.12408 0.841477 -0.564495 2.02278 5.78243 7.16791 7.0598 6.97232 6.22027 5.54259 5.45661 5.50711 4.71932 3.56958 2.06853 1.6004 1.07375 2.88369 3.12854 2.99552 4.98568 4.98965 4.87608 4.11416 3.26331 3.42575 2.89847 3.30408 2.67609 3.25617 3.75795 3.94647 3.93273 3.86851 3.86247 3.83349 3.88753 3.88661 3.87765 3.8704 3.86593 3.85734 3.83293 3.81846 3.82551 3.80969 3.79704 3.78368 3.78121 3.77637 3.74723 3.72082 3.47389
-9999 -9999 -9999 -9999 -9999 -9999 -9999 -2.57272 0.679034 3.43655 5.09016 6.68045 7.0498 7.58652 7.47077 7.02341 6.11666 4.98368 3.72918 1.7708 0.314892 2.04397 4.5415 6.32847 6.96969 6.9623 6.91862 6.74812 6.67628 6.47809 6.33749 5.51344 4.09622 3.29462 2.12175 4.13892 4.36451 4.04803 5.05437 5.00316 3.47963 2.30831 2.16234 2.87918 2.20038 2.08207 1.65955 2.13888 3.42148 3.04987 3.12514 3.70797 3.80465 3.86674 3.88346 3.87932 3.87619 3.86571 3.86637 3.86682 3.84293 3.83122 3.82484 3.80165 3.79799 3.78198 3.77002 3.75781 3.74193 3.71779 3.64735
-9999 -9999 -9999 -9999 -9999 -9999 -9999 -2.50946 -0.320624 2.16083 4.59538 6.2935 6.97864 7.47739 7.472 6.952 6.50097 5.79045 4.68669 3.92916 2.61476 0.811283 3.83175 4.75944 5.58682 5.93287 6.79418 6.77248 6.37691 5.91734 6.3423 6.2174 5.09489 4.72526 4.10162 5.22314 5.22491 5.19289 5.13188 3.8445 2.05549 0.625632 1.65425 1.43946 1.91473 0.452814 1.65902 2.629 2.94452 2.28672 1.79933 3.31169 3.56318 3.71241 3.80793 3.87049 3.85506 3.87 3.86044 3.85519 3.84941 3.83548 3.82666 3.81259 3.79829 3.78622 3.776 3.75841 3.73865 3.73693 3.69734
-9999 -9999 -9999 -9999 -9999 -9999 -9999 -9999 -1.61406 1.53016 4.33844 5.90209 6.88548 7.36452 7.35571 7.08961 6.78309 6.34211 5.54546 4.54486 2.96433 1.79071 2.53377 3.4429 3.54572 4.14884 5.8995 6.49713 5.64852 3.55156 4.78958 6.16894 6.14572 6.02714 5.89458 5.7239 5.57111 5.23783 4.34658 1.61793 1.08186 0.0115188 0.133132 -0.415638 0.786754 0.339517 1.57218 2.10695 2.30944 1.17145 1.41434 2.75423 3.28448 3.19688 3.52215 3.83122 3.84128 3.84988 3.84139 3.84751 3.84933 3.84347 3.83019 3.81937 3.81134 3.78749 3.78938 3.6877 3.6216 3.48784 3.65306
-9999 -9999 -9999 -9999 -9999 -9999 -9999 -9999 -2.24379 0.895091 4.20209 5.26411 6.32411 7.23883 7.2565 6.85002 6.46322 6.06463 5.6108 4.3975 3.22086 2.09745 1.71968 1.94482 1.93014 2.90644 5.18746 5.62859 5.43952 3.25106 2.50914 4.35217 5.90099 6.02223 5.88096 4.05665 4.44436 3.45999 2.12528 1.75769 1.17347 -0.0606481 0.533414 -0.370246 0.0176816 -0.0817418 0.618277 0.960039 1.7926 0.800788 0.807234 2.12292 2.78627 2.80332 3.4992 3.74738 3.81242 3.82871 3.84029 3.84309 3.85382 3.84723 3.83685 3.82323 3.79 3.71091 3.46927 2.1495 2.15117 2.51336 2.85613
-9999 -9999 -9999 -9999 -9999 -9999 -9999 -9999 -1.88468 0.293483 3.22773 5.40125 5.53793 6.59451 7.13973 6.69775 6.19999 5.69059 5.46743 4.14716 2.69695 1.52505 0.138091 0.365544 1.35993 2.99095 4.46417 4.72709 4.42183 3.24981 3.80359 5.06033 5.72733 5.92354 5.76787 5.37005 5.13996 4.41499 4.10057 3.09411 1.52076 0.901055 1.29355 -0.376325 -0.259259 0.358792 -0.292699 0.78957 1.30791 0.0267352 1.04865 2.21122 2.80582 3.32564 3.57185 3.6701 3.82052 3.82456 3.83721 3.84404 3.84178 3.84163 3.81719 3.79696 3.65678 3.45008 2.21996 1.70949 1.81007 2.37877 2.87676
-9999 -9999 -9999 -9999 -9999 -9999 -9999 -9999 -1.51754 0.443456 2.98754 4.53713 4.81435 5.98598 7.02766 6.91091 6.39307 6.23492 5.69804 4.57829 3.34152 1.98976 1.33222 -0.178441 1.30741 2.48699 3.73451 4.31784 3.35539 2.87055 3.72749 4.57943 4.91936 5.7798 5.77107 5.48994 4.27968 3.68934 3.93834 3.68463 3.24064 2.15775 2.10959 1.4142 1.12642 0.854728 -0.0248875 0.539632 0.596713 0.752394 1.97612 2.58148 2.98299 3.34814 3.44429 3.60316 3.80912 3.82738 3.83483 3.8339 3.83769 3.82248 3.76387 3.71444 3.43254 2.93358 2.00258 0.496137 1.55975 2.67195 3.00423
-9999 -9999 -9999 -9999 -9999 -9999 -9999 -9999 -1.85578 0.227259 2.40146 3.31045 3.46468 5.58513 6.88334 6.8852 6.63948 6.35247 5.02737 5.10448 4.8389 3.61955 1.84375 -0.106489 0.0757429 1.23873 2.88861 3.4335 1.84111 1.27723 1.69123 2.97976 4.13313 5.33744 5.64299 5.28908 3.40549 1.40389 2.33183 3.32343 3.31786 3.02689 2.02276 1.7041 1.41576 0.683482 -0.555542 -0.370193 -0.024582 1.36687 1.80636 2.48491 3.04848 2.83675 2.96134 3.50023 3.80949 3.82131 3.82692 3.83712 3.83 3.81148 3.69488 3.57139 3.36418 2.06339 1.25452 0.07745 1.44902 2.20715 2.61359
-9999 -9999 -9999 -9999 -9999 -9999 -9999 -9999 -2.50479 -0.993267 1.08475 1.92213 3.25786 5.26161 6.24695 6.71905 6.7082 6.51677 5.92315 5.566 4.86273 3.5944 1.86034 -0.0671623 -1.32216 -0.68502 1.53668 2.0638 0.592566 -0.155657 0.775255 2.14851 4.1821 5.34381 5.50033 5.39484 5.00616 3.54477 1.77924 1.78513 2.67053 1.92979 1.06894 1.5428 1.45553 0.732492 0.206762 -0.109738 0.0937983 0.886452 1.21409 1.99783 3.15417 3.32025 3.28791 3.77485 3.79948 3.81104 3.82952 3.82899 3.82451 3.80985 3.71479 3.50189 2.63606 1.88102 0.830636 0.700713 1.92186 2.45554 2.95355
-9999 -9999 -9999 -9999 -9999 -9999 -9999 -9999 -3.61922 -1.84096 0.105546 1.92808 3.65232 5.13622 5.25056 6.03295 6.03152 6.44119 6.3232 5.77291 5.1806 4.08782 1.86051 -0.0124621 -2.05506 -1.51723 0.746369 1.0462 0.0605354 -1.76016 0.118991 2.19136 4.06953 5.08606 4.28841 5.10514 5.03772 4.49002 3.43897 1.80491 1.83586 0.611476 0.558441 1.18767 1.39224 1.28801 0.893547 0.26449 0.379117 0.86101 0.983959 1.70427 2.60146 3.47852 3.62629 3.79386 3.80136 3.80432 3.81814 3.81999 3.80176 3.75691 3.65751 2.93169 2.06849 1.53673 0.804903 0.7161 2.12182 2.68555 2.99923
-9999 -9999 -9999 -9999 -9999 -9999 -9999 -9999 -9999 -2.02753 -0.0167002 1.47113 1.87151 3.19038 3.90232 4.45312 4.57484 6.14735 6.23359 5.88458 5.34053 4.40852 2.71835 1.54059 -0.418594 -1.82697 -1.24447 -0.972894 -0.455899 -0.608871 0.22896 2.22038 4.29513 4.52107 3.20236 3.39721 3.67273 4.29067 3.97692 1.75045 0.619343 -0.319437 0.347794 1.0498 1.22005 1.25458 1.11983 0.967827 0.704059 1.64334 2.33851 2.5002 3.10628 3.55385 3.67777 3.77118 3.783 3.79494 3.79533 3.76945 3.75067 3.63855 3.3872 2.57532 0.622829 0.713981 0.502771 -0.104609 1.26897 2.13997 2.9151
-9999 -9999 -9999 -9999 -9999 -9999 -9999 -9999 -9999 -2.70132 -0.374792 0.11633 0.07939 -0.691452 -0.337278 2.51824 3.09284 4.60092 6.02889 5.92357 5.38989 4.51793 3.51121 1.95277 -0.250505 -2.00129 -2.73637 -0.851467 0.999265 1.38083 1.97099 3.19108 3.42256 2.07481 0.810923 1.51988 1.94681 3.57456 3.87149 3.55496 2.21354 0.67991 -0.120486 0.824931 0.951673 1.00889 1.02069 0.994474 0.958488 2.02146 2.60772 3.01457 3.23633 3.62072 3.71944 3.75132 3.78126 3.77463 3.75506 3.69461 3.62579 3.32232 2.9549 1.62505 0.516329 -0.175055 -1.05266 0.925194 1.51225 2.32762 2.85548
