Test_Spring_2018/02_18/Temp/20180222_002.txt
ncols	170
nrows	115
xllcorner	350000.000000
yllcorner	4445000.000000
cellsize	1000.000000
nodata_value	-9999.000000
[rows 32 to 63 of 115, columns 71 to 141 of 170]
8.12778 8.10453 7.76198 8.28704 8.77036 8.46951 8.2697 9.06567 9.06368 8.78971 8.14882 7.91246 7.66743 7.51648 6.69476 4.3929 2.3175 3.42595 3.4498 2.67902 4.05367 3.32311 1.4219 -1.26086 0.192307 -0.19014 -2.09413 -2.56825 -9999 -9999 -9999 -9999 -9999 -9999 -9999 -9999 -9999 -9999 -9999 -9999 -9999 -9999 -9999 -9999 -9999 -9999 -9999 -9999 -9999 -9999 -9999 -9999 -9999 -9999 -9999 -9999 -9999 -9999 -9999 -9999 -9999 -9999 -9999 -9999 -9999 -9999 -9999 -9999 -9999 -9999 -9999
7.82672 7.64666 7.49857 8.2798 8.26175 8.20847 8.48656 8.9806 9.07735 8.96936 8.68875 8.44558 8.18701 7.53386 6.59414 4.62382 2.26181 1.72423 2.87664 2.92943 3.11229 2.44624 1.61025 0.303982 1.36784 1.77889 0.525974 -1.11456 -2.16945 -9999 -9999 -9999 -9999 -9999 -9999 -9999 -9999 -9999 -9999 -9999 -9999 -9999 -9999 -9999 -9999 -9999 -9999 -9999 -9999 -9999 -9999 -9999 -9999 -9999 -9999 -9999 -9999 -9999 -9999 -9999 -9999 -9999 -9999 -9999 -9999 -9999 -9999 -9999 -9999 -9999 -9999
7.37278 7.10083 6.3399 6.81008 7.16273 7.8123 7.98169 8.07815 9.01007 8.95876 8.91364 8.51303 8.19225 7.66195 6.75747 5.4705 3.92131 1.22543 2.88379 4.18168 4.14562 4.07151 3.48491 2.22983 3.27394 3.31972 1.71806 -0.101693 -1.17328 -1.61845 -9999 -9999 -9999 -9999 -9999 -9999 -9999 -9999 -9999 -9999 -9999 -9999 -9999 -9999 -9999 -9999 -9999 -9999 -9999 -9999 -9999 -9999 -9999 -9999 -9999 -9999 -9999 -9999 -9999 -9999 -9999 -9999 -9999 -9999 -9999 -9999 -9999 -9999 -9999 -9999 -9999
6.74247 6.48054 5.55145 6.02453 6.65637 7.54637 8.00552 8.35562 8.63306 8.91606 8.8806 8.47067 7.26347 7.08939 7.03521 6.19274 4.42689 2.66324 2.20446 4.18575 4.75079 4.63214 5.07206 4.00832 4.50614 4.29718 3.72621 1.97542 0.37875 -0.283392 -1.58845 -9999 -9999 -9999 -9999 -9999 -9999 -9999 -9999 -9999 -9999 -9999 -9999 -9999 -9999 -9999 -9999 -9999 -9999 -9999 -9999 -9999 -9999 -9999 -9999 -9999 -9999 -9999 -9999 -9999 -9999 -9999 -9999 -9999 -9999 -9999 -9999 -9999 -9999 -9999 -9999
-9999 -9999 -9999 4.96457 5.82308 6.53623 7.4062 8.15789 8.53423 8.89975 8.86844 8.05096 7.65014 7.61337 7.06076 6.08853 5.47743 4.36612 3.20821 3.64685 5.33584 4.58024 5.77567 5.67088 5.88763 5.08274 3.55772 1.52608 0.338282 -0.254539 -1.31278 -9999 -9999 -9999 -9999 -9999 -9999 -9999 -9999 -9999 -9999 -9999 -9999 -9999 -9999 -9999 -9999 -9999 -9999 -9999 -9999 -9999 -9999 -9999 -9999 -9999 -9999 -9999 -9999 -9999 -9999 -9999 -9999 -9999 -9999 -9999 -9999 -9999 -9999 -9999 -9999
-9999 -9999 -9999 -9999 5.66308 6.20625 7.37322 7.97245 8.21617 8.80686 8.80654 8.49586 8.26082 7.92043 7.47628 6.74511 5.93848 4.89314 4.79407 5.87358 5.88402 5.6548 5.82917 6.3817 6.23145 4.98486 2.84098 1.70593 -0.598082 -1.58623 -1.48883 -2.18998 -9999 -9999 -9999 -9999 -9999 -9999 -9999 -9999 -9999 -9999 -9999 -9999 0.452323 -9999 -9999 -9999 -9999 -9999 -9999 -9999 -9999 -9999 -9999 -9999 -9999 -9999 -9999 -9999 -9999 -9999 -9999 -9999 -9999 -3.78968 -9999 -9999 -9999 -9999 -9999
-9999 -9999 -9999 5.55982 6.28495 6.85162 7.58266 7.65016 8.08419 8.76373 8.77213 8.55139 8.30209 7.74354 7.60371 7.18666 6.31111 6.13008 6.48154 6.64184 6.82368 6.93431 6.83857 6.60976 6.31491 5.50824 4.51142 3.84108 1.73666 0.670238 -0.34941 -1.89067 -3.09691 -9999 -9999 -9999 -9999 -9999 -9999 -9999 -0.345007 -0.403948 -0.378463 -0.0430087 0.886287 0.337057 -9999 -9999 -9999 -9999 -9999 -9999 -9999 -9999 -9999 -9999 -9999 -9999 -9999 -9999 -9999 -9999 -9999 -9999 -9999 -2.95206 -4.16452 -9999 -9999 -9999 -9999
-9999 -9999 -9999 5.7524 6.51876 6.9009 7.61104 8.01684 8.27984 8.51456 8.73879 8.69944 8.42382 8.00523 8.00614 7.42964 7.11772 6.89418 7.37046 7.46232 7.26721 7.023 6.80646 6.20017 6.12657 5.92318 5.28885 4.25026 3.18021 1.63603 -0.455393 -2.50628 -4.16095 -9999 -9999 -9999 -9999 -9999 -9999 -0.171811 0.60004 1.06176 0.0746444 0.914598 1.68207 1.5571 0.805459 -9999 -9999 -9999 -9999 -9999 -9999 -9999 -9999 -9999 -9999 -9999 -9999 -9999 -9999 2.79142 1.54851 -0.960857 -2.24768 -3.02021 -4.12272 -9999 -9999 -9999 -9999
-9999 -9999 -9999 5.59745 6.50297 7.11613 7.66031 7.74654 8.3049 8.54483 8.66477 8.64917 8.59343 8.51509 8.01195 7.7944 7.03436 7.75728 7.72728 7.54096 6.8113 6.49302 5.24192 4.68915 4.55964 5.60445 4.82472 3.20144 1.17332 -1.26315 -1.42575 -2.23381 -3.71313 -9999 -9999 -9999 -9999 -9999 -9999 0.0654693 0.89123 1.58019 1.67906 0.697842 2.0631 2.00539 1.23806 1.06194 1.68644 2.00165 1.76005 2.50802 2.72477 2.38441 2.75262 -9999 -9999 -9999 -9999 2.96286 3.01154 3.04805 2.52946 -0.211756 -2.0843 -3.76598 -3.92308 -9999 -9999 -9999 -9999
-9999 -9999 -9999 6.22236 6.77964 7.06111 7.10612 7.59458 8.08269 8.38023 8.59832 8.55298 8.53386 8.5135 8.34043 7.94016 8.00989 7.97538 7.74028 6.35429 4.73675 5.43708 4.47494 2.41918 4.08007 4.99138 4.1082 2.14182 -0.137485 -0.886967 -0.860302 -1.9829 -3.42641 -9999 -9999 -9999 -2.19378 -1.01085 -0.909316 -0.561511 0.540511 1.37845 2.00984 2.43891 2.4218 1.96438 1.21363 0.397664 0.684735 2.14484 2.49864 2.79592 3.02045 2.70412 2.86414 3.25296 3.4529 3.49184 3.39792 3.37515 3.40555 3.35744 2.87339 0.422858 -0.980936 -1.87697 -3.67698 -9999 -9999 -9999 -9999
-9999 -9999 -9999 5.87119 6.3558 6.74818 7.397 7.46537 7.87771 8.1223 8.48386 8.52396 8.09649 8.44765 8.4007 8.33316 8.19142 7.98433 6.81416 5.20194 3.58543 2.8371 3.1508 1.91249 2.54006 3.46341 3.11968 1.91042 -0.120774 -0.410773 -0.886769 -2.77256 -4.5875 -9999 -9999 -4.4922 -2.22107 -0.622224 0.201868 0.456219 0.479387 1.53561 1.61706 2.75399 2.48408 0.975334 1.14215 0.553677 0.930323 1.46215 1.60636 2.37308 3.11421 3.2518 3.25254 3.49917 3.5481 3.55919 3.55082 3.38027 3.456 3.46648 3.16427 1.38729 0.520228 -0.435213 -3.65692 -9999 -9999 -9999 -9999
-9999 -9999 -9999 6.11633 6.65817 7.25162 7.34713 7.78661 7.73892 7.6134 8.22647 8.44858 8.14659 7.92878 8.32675 8.29746 8.24252 8.15291 7.05308 5.78036 3.85476 2.65667 1.92232 1.39924 0.698716 1.17041 1.01976 0.819555 1.03957 0.477382 -0.639412 -1.74501 -3.81047 -4.9288 -9999 -4.37205 -3.34819 -1.44627 0.170017 1.19562 0.825027 2.02635 2.2479 2.93877 2.52938 1.61216 1.21475 1.17701 1.0541 1.86128 2.40322 2.78273 3.03695 3.35552 3.43425 3.5135 3.54531 3.56175 3.57865 3.57279 3.56489 3.52761 3.41329 2.59568 1.73011 -0.138706 -3.55255 -9999 -9999 -9999 -9999
-9999 -9999 4.53496 6.05192 6.96121 7.31283 7.56641 7.78983 7.95135 8.12121 8.27823 8.3873 8.33829 7.54016 7.60397 7.74566 8.19619 8.16161 8.05975 7.36246 5.02004 4.20786 3.02094 1.48655 0.840642 1.15516 2.40412 2.34322 1.50804 0.578005 -0.70671 -1.52551 -2.79351 -5.22405 -5.00854 -3.91759 -3.10603 -1.8139 0.162192 1.54714 2.16442 2.39668 2.88137 3.13285 2.57063 2.03622 1.81006 1.39331 1.33207 1.33232 1.81879 2.19567 3.04261 3.3257 3.45445 3.5186 3.55213 3.5761 3.59988 3.60711 3.58933 3.58892 3.58111 3.5199 2.36831 -0.513725 -2.68264 -9999 -9999 -9999 -9999
-9999 -9999 -9999 5.769 6.16857 6.27263 6.45525 6.82988 7.26189 7.87454 7.95276 8.28973 8.28645 7.59789 6.80342 7.49302 7.76567 8.04797 8.05381 7.96128 5.9908 4.95837 4.1443 2.67267 3.19504 3.69247 3.72548 3.41713 1.63173 -0.146246 -2.19638 -4.11059 -4.20575 -5.2376 -4.69647 -3.9766 -2.12435 -0.821086 -0.293331 0.0854441 2.0945 2.61528 2.79193 3.30438 2.6002 2.41963 1.88959 2.04364 1.99469 1.99487 0.530979 1.99203 2.07609 3.02844 3.4554 3.55075 3.57499 3.60119 3.6039 3.60785 3.60209 3.61056 3.59491 3.57668 2.82757 -0.824475 -2.65795 -9999 -9999 -9999 -9999
-9999 -9999 -9999 -9999 -9999 5.893 6.19774 6.39288 6.73106 7.76855 8.04756 8.23267 8.24771 7.9405 7.15341 6.94527 7.08745 6.31899 6.95704 7.83064 7.8049 7.69422 5.96163 5.07135 5.92194 5.65644 4.35219 3.32469 2.31066 0.229748 -1.29562 -3.48889 -5.13655 -5.20194 -3.39086 -1.88681 -0.0124332 0.813881 0.341297 0.850544 1.84678 2.97927 3.5258 3.39435 2.65213 2.54564 1.72967 2.52629 2.59193 2.21734 1.89316 2.01658 2.48631 2.66397 3.40854 3.58711 3.61715 3.62086 3.62216 3.6174 3.61178 3.60063 3.59145 3.57974 3.54487 -0.209102 -3.12921 -9999 -9999 -9999 -9999
-9999 -9999 -9999 -9999 -9999 5.17072 5.35617 5.84452 7.09943 7.75575 8.02068 8.01106 8.13312 7.91624 7.22407 6.51324 5.84258 4.97762 5.46838 6.77047 7.5362 7.61937 6.09996 6.88181 6.58133 5.99418 4.29 3.03273 2.36382 0.365796 -1.34623 -2.80687 -4.82157 -3.96497 -3.02071 -1.80652 0.238583 1.61825 2.18432 1.70649 2.34334 3.6468 3.65223 2.93637 2.98052 2.54277 1.42862 2.58312 2.90597 2.64063 2.70582 2.60341 2.77662 3.09439 3.39838 3.59983 3.62516 3.62632 3.61782 3.61585 3.61479 3.5989 3.59867 3.58693 3.56669 1.14323 -3.18644 -9999 -9999 -9999 -9999
-9999 -9999 -9999 -9999 -9999 -9999 4.51295 5.62791 7.29391 7.70638 7.66805 8.01152 8.04047 7.70804 7.41913 6.55664 5.37844 3.11624 3.68937 4.88771 6.61657 7.52288 7.3953 6.88228 5.9969 3.86208 1.99312 1.76149 1.45123 -0.00825856 -1.32796 -2.95136 -2.01717 -0.99298 0.128336 0.71659 0.561204 1.74317 2.70668 2.29556 3.07713 3.98902 3.57291 3.32587 3.11802 2.61254 2.57969 2.62956 3.28401 2.82657 3.1032 3.10577 3.08752 3.24084 3.41781 3.60398 3.63265 3.63098 3.6322 3.60854 3.61462 3.60232 3.59032 3.57936 3.5618 3.34157 1.00912 -0.385315 -9999 -9999 -9999
-9999 -9999 -9999 -9999 -9999 -9999 3.48247 4.03821 6.01132 6.61953 7.49094 7.95325 7.9738 7.41314 7.09999 5.8155 5.39771 3.30513 2.35584 3.156 2.84482 5.22643 7.33305 6.86723 2.60036 1.0515 -0.0547531 0.222831 0.22045 -0.189274 -2.43209 -3.05311 -1.05328 0.204981 1.1796 1.9187 2.07101 2.04392 3.55184 3.75088 4.23971 4.13139 4.17496 3.41089 2.93709 3.34596 2.8684 2.7847 3.46091 2.78969 3.39169 3.31593 3.13202 3.1202 3.51626 3.59469 3.63502 3.63533 3.61784 3.59594 3.58292 3.59438 3.58706 3.56382 3.5639 3.54128 3.26324 2.05576 1.63341 2.10036 -9999
-9999 -9999 -9999 -9999 -9999 -9999 -9999 2.19618 4.93849 6.19024 6.84796 7.77427 7.8852 7.58614 7.04543 5.737 4.58593 2.7151 0.578371 -0.555679 2.82457 5.76569 7.29848 7.09032 3.53786 2.13275 2.06276 2.88234 2.18171 1.64935 -0.0561334 -0.568336 -1.27832 -0.846261 0.512957 1.62327 2.69491 3.47371 3.53582 4.04069 4.32992 4.35199 4.44117 4.34948 4.27413 3.53579 4.04141 3.60795 3.83424 3.68444 3.54895 3.43027 3.00725 3.30226 3.5633 3.62897 3.64687 3.62892 3.62323 3.61015 3.5836 3.57121 3.56814 3.56443 3.54986 3.54867 3.53499 3.39907 2.67236 1.6997 0.471021
-9999 -9999 -9999 -9999 -9999 -9999 -9999 0.824448 3.55324 4.867 6.55929 7.42983 7.78141 7.73376 7.29531 6.30075 4.80419 3.55689 1.17184 -1.30496 2.24266 5.40241 7.10565 7.19182 4.20435 5.02606 4.3533 4.61809 3.3906 2.87818 2.47173 1.58985 0.62619 -0.428131 -0.986958 1.50937 2.79035 3.82097 4.30604 4.57946 4.71498 4.63905 4.44962 3.33786 4.18147 4.13319 4.0465 3.94741 3.89816 3.80804 3.70231 3.63707 3.61313 3.33154 3.64542 3.63484 3.63689 3.63621 3.62582 3.60801 3.59225 3.57333 3.57161 3.56041 3.54832 3.53971 3.53523 3.52549 3.48487 3.29129 1.64144
-9999 -9999 -9999 -9999 -9999 -9999 -9999 -3.01269 0.957512 4.14792 5.81365 7.16763 7.53929 7.67735 7.08938 6.64911 5.5758 4.55905 2.99123 0.643651 -0.803153 1.85143 5.71302 7.13319 7.01576 6.92207 6.14522 5.44477 5.35252 5.40063 4.5859 3.40082 1.85511 1.36987 0.826637 2.68529 2.93553 2.79749 4.8417 4.84435 4.72596 3.94086 3.06197 3.22589 2.68183 3.09413 2.44477 3.03689 3.54835 3.73777 3.71927 3.64666 3.63531 3.60215 3.65311 3.64986 3.63873 3.62971 3.62388 3.61408 3.58822 3.5727 3.57935 3.56111 3.54737 3.53575 3.53361 3.52825 3.49785 3.4702 3.21583
-9999 -9999 -9999 -9999 -9999 -9999 -9999 -2.84335 0.495322 3.32723 5.02336 6.65589 7.03366 7.58363 7.46313 7.00192 6.06861 4.9028 3.612 1.5976 0.0994297 1.87459 4.43591 6.26972 6.92233 6.91045 6.86189 6.68292 6.60557 6.39814 6.24854 5.3984 3.9367 3.11048 1.90297 3.9745 4.2048 3.87804 4.91091 4.8567 3.289 2.08304 1.93062 2.66202 1.96099 1.83467 1.39827 1.88703 3.20127 2.81387 2.88712 3.47958 3.57547 3.63383 3.64841 3.64192 3.63679 3.62442 3.6238 3.62317 3.5977 3.58484 3.57753 3.55294 3.54662 3.52928 3.51716 3.50717 3.4903 3.4649 3.39189
-9999 -9999 -9999 -9999 -9999 -9999 -9999 -2.77659 -0.532228 2.01596 4.51453 6.25784 6.96015 7.47101 7.46384 6.92786 6.46284 5.73111 4.59515 3.81493 2.46215 0.606463 3.70866 4.6556 5.49954 5.85235 6.73396 6.70791 6.2976 5.81959 6.25309 6.11884 4.96248 4.58021 3.93713 5.08799 5.08809 5.05355 4.98922 3.66429 1.82362 0.351837 1.40664 1.18313 1.66538 0.158202 1.39304 2.38601 2.70625 2.02851 1.52371 3.07165 3.32394 3.47451 3.57019 3.6323 3.61454 3.62826 3.61704 3.61044 3.60343 3.58814 3.57813 3.56275 3.54714 3.53165 3.52129 3.50239 3.47797 3.47556 3.43806
-9999 -9999 -9999 -9999 -9999 -9999 -9999 -9999 -1.85973 1.36761 4.25174 5.85672 6.8654 7.35583 7.34499 7.06983 6.75319 6.29839 5.47799 4.44788 2.82155 1.61323 2.37467 3.30201 3.40096 4.01751 5.81341 6.42413 5.54838 3.38775 4.65346 6.06828 6.04175 5.91745 5.77901 5.60179 5.4429 5.09857 4.18074 1.37431 0.820934 -0.281473 -0.159024 -0.725899 0.503103 0.0388108 1.30209 1.84796 2.05227 0.878844 1.12144 2.49181 3.03392 2.94129 3.27328 3.59123 3.59966 3.60681 3.59662 3.60158 3.60224 3.59508 3.57771 3.56533 3.55582 3.52744 3.52958 3.42409 3.35528 3.21706 3.38628
-9999 -9999 -9999 -9999 -9999 -9999 -9999 -9999 -2.50892 0.714977 4.11171 5.20108 6.28848 7.22667 7.24296 6.82341 6.42415 6.0128 5.54464 4.2958 3.0845 1.92774 1.53716 1.76601 1.7392 2.73947 5.08067 5.53072 5.33304 3.07448 2.30887 4.20031 5.78956 5.91171 5.76424 3.88706 4.28355 3.26985 1.89604 1.51619 0.913548 -0.357268 0.250741 -0.680886 -0.285236 -0.396029 0.319974 0.667667 1.51979 0.496814 0.496452 1.84172 2.52071 2.53568 3.24861 3.50161 3.56658 3.58162 3.59196 3.59335 3.60296 3.5948 3.58277 3.5674 3.5319 3.44926 3.19666 1.84063 1.8414 2.21282 2.56441
-9999 -9999 -9999 -9999 -9999 -9999 -9999 -9999 -2.13958 0.0968651 3.11048 5.34226 5.48062 6.56457 7.12303 6.66689 6.15348 5.62812 5.39693 4.03805 2.54548 1.33882 -0.0890624 0.142187 1.16151 2.82539 4.33644 4.60348 4.28653 3.07242 3.63863 4.92751 5.61041 5.80958 5.64724 5.23615 4.99753 4.25031 3.92505 2.88844 1.26904 0.629662 1.03046 -0.688695 -0.571399 0.0606258 -0.618009 0.490962 1.02029 -0.299914 0.739158 1.93112 2.53952 3.07128 3.32201 3.42089 3.57355 3.57592 3.58725 3.59269 3.58884 3.58719 3.5606 3.53834 3.39281 3.17892 1.91316 1.38575 1.48807 2.07164 2.58264
-9999 -9999 -9999 -9999 -9999 -9999 -9999 -9999 -1.76188 0.251363 2.86395 4.45443 4.73722 5.93938 7.00805 6.88611 6.35196 6.18751 5.63378 4.48089 3.20761 1.81603 1.13781 -0.417419 1.10706 2.30656 3.58576 4.18225 3.18323 2.68186 3.55971 4.43255 4.77928 5.66113 5.64977 5.35852 4.11237 3.5034 3.75713 3.4941 3.03539 1.91988 1.86773 1.15017 0.851374 0.56896 -0.344389 0.232557 0.287934 0.44009 1.69089 2.31019 2.72016 3.09295 3.18944 3.35057 3.56026 3.57717 3.58306 3.58043 3.58271 3.56548 3.50366 3.4513 3.16001 2.64563 1.68723 0.135837 1.22788 2.36996 2.70826
-9999 -9999 -9999 -9999 -9999 -9999 -9999 -9999 -2.10906 0.0296021 2.26201 3.19405 3.35039 5.52774 6.86002 6.85992 6.60538 6.3084 4.94441 5.02158 4.74644 3.49087 1.66322 -0.343841 -0.159245 1.02864 2.71568 3.27274 1.62603 1.04347 1.46609 2.78769 3.97048 5.20575 5.51736 5.15124 3.21293 1.15335 2.10481 3.12165 3.11348 2.81187 1.7771 1.44673 1.14737 0.391576 -0.886497 -0.704118 -0.352093 1.06603 1.51475 2.20931 2.78586 2.5657 2.69139 3.24306 3.55886 3.56907 3.57299 3.58171 3.57267 3.55196 3.43045 3.30188 3.08727 1.74867 0.915677 -0.29398 1.111 1.88903 2.30017
-9999 -9999 -9999 -9999 -9999 -9999 -9999 -9999 -2.77557 -1.22435 0.909164 1.76759 3.13829 5.19565 6.20631 6.68948 6.67628 6.47745 5.8652 5.49594 4.77084 3.46484 1.68004 -0.303705 -1.59635 -0.944323 1.32557 1.8593 0.342009 -0.430002 0.523926 1.93261 4.0201 5.21156 5.36995 5.25911 4.85725 3.35283 1.5358 1.53943 2.44695 1.68299 0.795447 1.27961 1.1869 0.440596 -0.103009 -0.437978 -0.236946 0.570504 0.90426 1.70693 2.89271 3.06084 3.02518 3.5234 3.54658 3.55645 3.57352 3.57112 3.56473 3.54791 3.44846 3.22792 2.33628 1.55852 0.477196 0.34196 1.59378 2.13877 2.64595
-9999 -9999 -9999 -9999 -9999 -9999 -9999 -9999 -3.92038 -2.09506 -0.0967371 1.77423 3.54423 5.06725 5.18265 5.9847 5.98112 6.40005 6.27659 5.70872 5.09757 3.97193 1.68007 -0.247696 -2.34992 -1.8 0.518765 0.810613 -0.20552 -2.07985 -0.151308 1.97592 3.90366 4.94589 4.12353 4.96053 4.88882 4.32346 3.24074 1.55873 1.58797 0.32684 0.269531 0.913341 1.12054 1.01023 0.601513 -0.0496551 0.0545357 0.542562 0.665891 1.40332 2.32269 3.22152 3.37091 3.54081 3.54631 3.54727 3.55949 3.55947 3.53888 3.49097 3.38701 2.6392 1.75019 1.20183 0.447826 0.354731 1.7998 2.3717 2.68917
-9999 -9999 -9999 -9999 -9999 -9999 -9999 -9999 -9999 -2.28623 -0.221831 1.3051 1.71439 3.06778 3.79739 4.36138 4.48433 6.0984 6.18477 5.82371 5.26208 4.30157 2.56171 1.34841 -0.668167 -2.11868 -1.53323 -1.26527 -0.736983 -0.897225 -0.0390019 2.00501 4.13478 4.3644 3.00647 3.20427 3.485 4.1177 3.79274 1.5018 0.336593 -0.63104 0.0518963 0.770439 0.942298 0.974541 0.832686 0.666619 0.382627 1.34483 2.05622 2.2194 2.83948 3.29677 3.42158 3.51517 3.52504 3.53517 3.53353 3.50497 3.48377 3.36667 3.10648 2.27017 0.261487 0.353286 0.134281 -0.491948 0.915721 1.80373 2.5989
-9999 -9999 -9999 -9999 -9999 -9999 -9999 -9999 -9999 -2.9782 -0.589362 -0.0868917 -0.127092 -0.921554 -0.559668 2.37315 2.96157 4.50937 5.97475 5.86408 5.31302 4.41413 3.37662 1.77193 -0.495643 -2.29821 -3.06422 -1.13472 0.758031 1.14713 1.75075 3.00194 3.23714 1.84926 0.547678 1.27389 1.71025 3.38083 3.68354 3.35564 1.97423 0.395142 -0.430452 0.538194 0.665242 0.720699 0.729358 0.693273 0.648247 1.73161 2.33093 2.74597 2.97091 3.36317 3.46198 3.49225 3.52069 3.51166 3.48947 3.42534 3.35268 3.03888 2.65937 1.29064 0.149146 -0.563442 -1.46749 0.56331 1.16248 1.99736 2.53378
