Test_Spring_2018/02_18/Temp/20180213_019.txt
ncols	170
nrows	115
xllcorner	350000.000000
yllcorner	4445000.000000
cellsize	1000.000000
nodata_value	-9999.000000
[rows 32 to 63 of 115, columns 71 to 141 of 170]
7.49342 7.47168 7.13377 7.65482 8.13455 7.83923 7.64242 8.42864 8.42833 8.15884 7.52617 7.29411 7.05355 6.90621 6.09482 3.81805 1.76553 2.86531 2.89129 2.13059 3.49407 2.7733 0.893565 -1.75989 -0.318384 -0.694209 -2.5756 -3.04025 -9999 -9999 -9999 -9999 -9999 -9999 -9999 -9999 -9999 -9999 -9999 -9999 -9999 -9999 -9999 -9999 -9999 -9999 -9999 -9999 -9999 -9999 -9999 -9999 -9999 -9999 -9999 -9999 -9999 -9999 -9999 -9999 -9999 -9999 -9999 -9999 -9999 -9999 -9999 -9999 -9999 -9999 -9999
7.19566 7.0188 6.87356 7.64836 7.6318 7.5813 7.85821 8.34543 8.44289 8.3377 8.0617 7.82283 7.56881 6.92421 5.99596 4.04743 1.71116 1.18129 2.32472 2.37951 2.56315 1.90639 1.08144 -0.209046 0.847137 1.25705 0.0190789 -1.59881 -2.64238 -9999 -9999 -9999 -9999 -9999 -9999 -9999 -9999 -9999 -9999 -9999 -9999 -9999 -9999 -9999 -9999 -9999 -9999 -9999 -9999 -9999 -9999 -9999 -9999 -9999 -9999 -9999 -9999 -9999 -9999 -9999 -9999 -9999 -9999 -9999 -9999 -9999 -9999 -9999 -9999 -9999 -9999
6.74654 6.47885 5.72696 6.19392 6.54445 7.18996 7.35576 7.45287 8.37718 8.32807 8.28514 7.89034 7.57466 7.05163 6.15823 4.88625 3.35475 0.688065 2.3325 3.62014 3.58718 3.51663 2.93876 1.6991 2.73589 2.78428 1.20338 -0.596225 -1.65392 -2.09145 -9999 -9999 -9999 -9999 -9999 -9999 -9999 -9999 -9999 -9999 -9999 -9999 -9999 -9999 -9999 -9999 -9999 -9999 -9999 -9999 -9999 -9999 -9999 -9999 -9999 -9999 -9999 -9999 -9999 -9999 -9999 -9999 -9999 -9999 -9999 -9999 -9999 -9999 -9999 -9999 -9999
6.12286 5.86522 4.94695 5.41687 6.04389 6.92661 7.38039 7.72846 8.00475 8.28655 8.25311 7.84899 6.65559 6.48517 6.43359 5.60168 3.8557 2.11203 1.66043 3.62482 4.18714 4.07266 4.5113 3.46127 3.95735 3.7537 3.194 1.46116 -0.115089 -0.767345 -2.0562 -9999 -9999 -9999 -9999 -9999 -9999 -9999 -9999 -9999 -9999 -9999 -9999 -9999 -9999 -9999 -9999 -9999 -9999 -9999 -9999 -9999 -9999 -9999 -9999 -9999 -9999 -9999 -9999 -9999 -9999 -9999 -9999 -9999 -9999 -9999 -9999 -9999 -9999 -9999 -9999
-9999 -9999 -9999 4.3682 5.21994 5.92367 6.78807 7.53357 7.90769 8.2711 8.24166 7.43391 7.03878 7.00422 6.45909 5.49868 4.896 3.79826 2.65458 3.09177 4.76705 4.02213 5.20898 5.10859 5.32659 4.53311 3.02653 1.01846 -0.152909 -0.736421 -1.78083 -9999 -9999 -9999 -9999 -9999 -9999 -9999 -9999 -9999 -9999 -9999 -9999 -9999 -9999 -9999 -9999 -9999 -9999 -9999 -9999 -9999 -9999 -9999 -9999 -9999 -9999 -9999 -9999 -9999 -9999 -9999 -9999 -9999 -9999 -9999 -9999 -9999 -9999 -9999 -9999
-9999 -9999 -9999 -9999 5.06256 5.59806 6.75493 7.35088 7.59359 8.17982 8.18092 7.87479 7.64367 7.30839 6.87056 6.14878 5.35252 4.32016 4.22491 5.29676 5.31034 5.08678 5.26294 5.81357 5.66844 4.44032 2.31889 1.19893 -1.07766 -2.05245 -1.95258 -2.64347 -9999 -9999 -9999 -9999 -9999 -9999 -9999 -9999 -9999 -9999 -9999 -9999 0.0112694 -9999 -9999 -9999 -9999 -9999 -9999 -9999 -9999 -9999 -9999 -9999 -9999 -9999 -9999 -9999 -9999 -9999 -9999 -9999 -9999 -4.12745 -9999 -9999 -9999 -9999 -9999
-9999 -9999 -9999 4.95943 5.67568 6.23828 6.96347 7.03331 7.46378 8.13781 8.14737 7.93013 7.68472 7.13332 6.99668 6.58586 5.72136 5.5448 5.89572 6.05764 6.24113 6.35429 6.26326 6.04056 5.75252 4.95762 3.97479 3.31513 1.23533 0.184176 -0.821806 -2.34437 -3.53539 -9999 -9999 -9999 -9999 -9999 -9999 -9999 -0.78716 -0.842504 -0.814192 -0.478913 0.444391 -0.0960816 -9999 -9999 -9999 -9999 -9999 -9999 -9999 -9999 -9999 -9999 -9999 -9999 -9999 -9999 -9999 -9999 -9999 -9999 -9999 -3.29264 -4.49095 -9999 -9999 -9999 -9999
-9999 -9999 -9999 5.14815 5.90862 6.28848 6.99289 7.39582 7.65841 7.89187 8.11492 8.07706 7.80541 7.39242 7.39502 6.82626 6.5198 6.3012 6.77582 6.87017 6.68065 6.44275 6.23239 5.63625 5.56753 5.37032 4.74664 3.7226 2.66728 1.14307 -0.923932 -2.95098 -4.58591 -9999 -9999 -9999 -9999 -9999 -9999 -0.615649 0.151533 0.611742 -0.362405 0.472485 1.23572 1.11547 0.37627 -9999 -9999 -9999 -9999 -9999 -9999 -9999 -9999 -9999 -9999 -9999 -9999 -9999 -9999 2.39141 1.16283 -1.3197 -2.59181 -3.3547 -4.44423 -9999 -9999 -9999 -9999
-9999 -9999 -9999 4.99641 5.89464 6.50316 7.04316 7.12955 7.68238 7.92268 8.04225 8.0277 7.97354 7.89724 7.40065 7.1872 6.43706 7.15559 7.12908 6.94818 6.22966 5.91868 4.68433 4.14146 4.01758 5.05673 4.28935 2.68666 0.682979 -1.72432 -1.8817 -2.67817 -4.13943 -9999 -9999 -9999 -9999 -9999 -9999 -0.377706 0.442868 1.12811 1.22925 0.261147 1.61637 1.56415 0.808328 0.637952 1.26031 1.57649 1.34449 2.08743 2.30574 1.97237 2.34039 -9999 -9999 -9999 -9999 2.56272 2.61308 2.65124 2.13968 -0.572511 -2.42465 -4.08777 -4.24109 -9999 -9999 -9999 -9999
-9999 -9999 -9999 5.61703 6.17043 6.45049 6.49614 6.98061 7.46365 7.76069 7.9761 7.93199 7.91397 7.89497 7.72511 7.3307 7.40207 7.37071 7.14119 5.77263 4.17515 4.87281 3.92597 1.89258 3.54454 4.45181 3.58229 1.64016 -0.612 -1.34893 -1.31875 -2.42654 -3.85224 -9999 -9999 -9999 -2.62001 -1.44604 -1.34271 -0.995483 0.0985836 0.931319 1.55988 1.98817 1.97466 1.52704 0.787847 -0.0157938 0.272739 1.72272 2.07737 2.37741 2.60366 2.29428 2.45739 2.84568 3.04674 3.08815 2.99775 2.97756 3.00979 2.96411 2.48672 0.0612086 -1.32695 -2.21232 -3.99216 -9999 -9999 -9999 -9999
-9999 -9999 -9999 5.26842 5.7498 6.13962 6.78457 6.85304 7.26188 7.50363 7.86382 7.90407 7.48155 7.8302 7.78507 7.71999 7.58197 7.37979 6.22458 4.63221 3.03596 2.2996 2.61242 1.39129 2.02019 2.93953 2.60606 1.41427 -0.592115 -0.87486 -1.34133 -3.20489 -4.9984 -9999 -9999 -4.89508 -2.64375 -1.05807 -0.239411 0.0152452 0.0411454 1.09001 1.17397 2.30313 2.03941 0.550874 0.720257 0.14257 0.520042 1.05288 1.20016 1.96629 2.70278 2.84288 2.84729 3.09492 3.14654 3.16041 3.15471 2.98815 3.06519 3.07744 2.77996 1.02229 0.165519 -0.778321 -3.96618 -9999 -9999 -9999 -9999
-9999 -9999 -9999 5.51233 6.05024 6.63903 6.73462 7.17056 7.12628 7.0014 7.60872 7.83051 7.53202 7.31716 7.71238 7.6851 7.63298 7.54714 6.46169 5.20558 3.30352 2.1221 1.39778 0.88502 0.200018 0.672396 0.5285 0.335363 0.558053 0.00778099 -1.09305 -2.18385 -4.22555 -5.32962 -9999 -4.77269 -3.75634 -1.87066 -0.26775 0.750442 0.386456 1.57898 1.80168 2.48905 2.08759 1.18481 0.797562 0.764776 0.647743 1.45161 1.99368 2.37652 2.63241 2.95067 3.03244 3.11445 3.14918 3.16837 3.18767 3.18413 3.17829 3.14315 3.03159 2.22367 1.36864 -0.479965 -3.85816 -9999 -9999 -9999 -9999
-9999 -9999 3.94685 5.45117 6.35281 6.70208 6.95406 7.17597 7.33644 7.50416 7.6617 7.76995 7.723 6.93342 6.99768 7.13958 7.5879 7.55657 7.45925 6.773 4.45844 3.65741 2.48831 0.974538 0.342825 0.659855 1.90192 1.84694 1.02512 0.109098 -1.15785 -1.96299 -3.21489 -5.61832 -5.40205 -4.31923 -3.51315 -2.23131 -0.272244 1.10166 1.7157 1.94876 2.43179 2.68443 2.1335 1.60983 1.39056 0.982725 0.926975 0.932144 1.4187 1.7989 2.64271 2.92708 3.0575 3.12464 3.16113 3.18777 3.21387 3.22324 3.20755 3.20882 3.20263 3.14383 2.00518 -0.844498 -2.99002 -9999 -9999 -9999 -9999
-9999 -9999 -9999 5.17383 5.57072 5.6748 5.85644 6.22797 6.65615 7.26219 7.34007 7.67421 7.67241 6.99208 6.20647 6.89079 7.16296 7.44537 7.45474 7.36735 5.42045 4.40331 3.60268 2.15123 2.67635 3.17469 3.21309 2.91333 1.1509 -0.604483 -2.62914 -4.52017 -4.6106 -5.62794 -5.08945 -4.37409 -2.53772 -1.24494 -0.719929 -0.342284 1.64967 2.16819 2.3477 2.85902 2.16609 1.99286 1.47289 1.63038 1.58697 1.59227 0.148015 1.60169 1.68947 2.63668 3.06399 3.16136 3.18867 3.21753 3.22274 3.22881 3.22496 3.23495 3.22118 3.20596 2.4661 -1.1478 -2.96123 -9999 -9999 -9999 -9999
-9999 -9999 -9999 -9999 -9999 5.30166 5.60414 5.79792 6.13314 7.15978 7.43643 7.62018 7.63571 7.33246 6.55499 6.35043 6.4934 5.73549 6.37111 7.23962 7.21883 7.11438 5.40446 4.5307 5.37891 5.12206 3.83664 2.82501 1.82645 -0.228724 -1.73374 -3.90097 -5.52843 -5.58974 -3.79357 -2.30145 -0.443238 0.377255 -0.0882123 0.418549 1.40817 2.53274 3.07751 2.95138 2.22088 2.12108 1.31816 2.11198 2.18219 1.81658 1.50087 1.63023 2.09996 2.28024 3.02149 3.20199 3.23497 3.24155 3.24534 3.24275 3.239 3.23031 3.223 3.21319 3.18049 -0.534313 -3.42358 -9999 -9999 -9999 -9999
-9999 -9999 -9999 -9999 -9999 4.58939 4.77374 5.25779 6.50065 7.14991 7.41265 7.40362 7.52514 7.31134 6.62732 5.92536 5.26355 4.41001 4.89941 6.19273 6.95557 7.04309 5.54429 6.32608 6.03474 5.45954 3.77825 2.53923 1.88246 -0.090562 -1.78032 -3.22212 -5.21293 -4.36136 -3.4234 -2.21852 -0.191161 1.17715 1.74009 1.26963 1.90313 3.19697 3.20605 2.50135 2.54948 2.12177 1.02372 2.17198 2.49693 2.23959 2.30947 2.21527 2.39146 2.71051 3.01557 3.21873 3.2471 3.25111 3.24518 3.24534 3.24642 3.23255 3.23413 3.22431 3.20614 0.808689 -3.47612 -9999 -9999 -9999 -9999
-9999 -9999 -9999 -9999 -9999 -9999 3.94182 5.0463 6.69621 7.10411 7.06668 7.40731 7.43672 7.10857 6.82386 5.97167 4.80739 2.5705 3.14144 4.332 6.04839 6.95086 6.83005 6.3298 5.45937 3.35186 1.50745 1.28391 0.982276 -0.457509 -1.75879 -3.36169 -2.43283 -1.41531 -0.302029 0.283139 0.13179 1.30438 2.26074 1.85636 2.63315 3.53931 3.13105 2.89055 2.68922 2.19448 2.16704 2.22167 2.87497 2.42748 2.70673 2.71646 2.70309 2.85931 3.0386 3.22661 3.25827 3.25948 3.26315 3.24192 3.24995 3.23969 3.22967 3.22069 3.20523 2.98921 0.681829 -0.696542 -9999 -9999 -9999
-9999 -9999 -9999 -9999 -9999 -9999 2.92458 3.47547 5.42956 6.03134 6.89475 7.35319 7.37439 6.82038 6.51191 5.24173 4.83035 2.76123 1.82513 2.6214 2.31792 4.68095 6.77207 6.31851 2.10005 0.572616 -0.516719 -0.236129 -0.232974 -0.633421 -2.84866 -3.4591 -1.47515 -0.225848 0.742233 1.47679 1.63019 1.60572 3.10107 3.30092 3.78788 3.68398 3.73084 2.97846 2.51382 2.92436 2.45661 2.37898 3.05381 2.39461 2.99596 2.92812 2.75069 2.74336 3.13952 3.22083 3.26401 3.26728 3.25239 3.23293 3.22209 3.2354 3.2301 3.20905 3.21116 3.19086 2.91757 1.72433 1.30855 1.77332 -9999
-9999 -9999 -9999 -9999 -9999 -9999 -9999 1.65492 4.37071 5.60978 6.26179 7.17979 7.29064 6.99539 6.46171 5.16822 4.03086 2.18129 0.0688866 -1.04902 2.30216 5.21901 6.74185 6.5433 3.032 1.64673 1.58324 2.40034 1.7121 1.19017 -0.493094 -0.995815 -1.69477 -1.26344 0.0853453 1.1879 2.25142 3.02491 3.08887 3.59135 3.88107 3.90628 3.99831 3.91163 3.84146 3.11614 3.62176 3.19777 3.42706 3.28401 3.15509 3.04474 2.63048 2.92684 3.18926 3.25787 3.27929 3.2642 3.26101 3.25033 3.22622 3.21596 3.21496 3.21336 3.20106 3.20209 3.19057 3.05833 2.34123 1.38069 0.166726
-9999 -9999 -9999 -9999 -9999 -9999 -9999 0.300059 3.00264 4.30323 5.97975 6.84095 7.19136 7.14578 6.71346 5.73081 4.25144 3.01923 0.660943 -1.78778 1.72954 4.86379 6.55519 6.6458 3.69579 4.51504 3.85459 4.12224 2.91223 2.40994 2.01276 1.14399 0.193873 -0.846632 -1.39582 1.07853 2.34941 3.37233 3.85514 4.12855 4.26566 4.19479 4.01074 2.91408 3.7537 3.71154 3.63062 3.53757 3.49392 3.40983 3.31023 3.25274 3.23348 2.95886 3.27374 3.26756 3.27255 3.27457 3.26678 3.25148 3.23813 3.22161 3.22281 3.21307 3.20334 3.19712 3.19478 3.18752 3.14974 2.96056 1.32959
-9999 -9999 -9999 -9999 -9999 -9999 -9999 -3.49574 0.436125 3.59221 5.24297 6.58621 6.95581 7.09424 6.51402 6.08026 5.02002 4.01608 2.46688 0.146038 -1.28262 1.35125 5.17917 6.59193 6.48334 6.39603 5.6323 4.94409 4.85789 4.91044 4.10894 2.93942 1.41313 0.937706 0.403034 2.24615 2.49663 2.36261 4.38922 4.39465 4.28045 3.50643 2.64141 2.80785 2.273 2.68679 2.04866 2.6398 3.15115 3.34364 3.33024 3.2654 3.25879 3.23 3.28551 3.28552 3.27746 3.27127 3.26804 3.26076 3.2375 3.22446 3.2334 3.21869 3.20765 3.19716 3.19718 3.19432 3.16669 3.14181 2.89246
-9999 -9999 -9999 -9999 -9999 -9999 -9999 -3.32792 -0.0223401 2.78312 4.46545 6.08351 6.45934 7.00575 6.8885 6.43412 5.51255 4.36106 3.08614 1.0951 -0.384512 1.37703 3.91918 5.73951 6.39327 6.38836 6.34545 6.17335 6.1007 5.90024 5.75732 4.91999 3.47868 2.66419 1.47191 3.5259 3.75678 3.43606 4.46148 4.41073 2.86169 1.67104 1.52374 2.25382 1.5641 1.44469 1.01644 1.50508 2.81106 2.43236 2.50968 3.10342 3.20253 3.26609 3.28399 3.28077 3.27867 3.2692 3.2712 3.27309 3.25032 3.24003 3.23525 3.21341 3.21094 3.19646 3.18674 3.17758 3.16338 3.14075 3.07095
-9999 -9999 -9999 -9999 -9999 -9999 -9999 -3.26091 -1.03651 1.48819 3.96537 5.69329 6.39059 6.89846 6.89356 6.36525 5.9074 5.18572 4.06408 3.29493 1.95919 0.125791 3.20133 4.14562 4.9887 5.34144 6.2194 6.1987 5.79748 5.33094 5.7647 5.63842 4.49739 4.12249 3.48911 4.63168 4.63477 4.60351 4.54276 3.23402 1.41479 -0.0389842 1.00898 0.791562 1.27562 -0.211053 1.01598 2.00388 2.32576 1.65816 1.16297 2.7027 2.95888 3.11162 3.20976 3.27446 3.25987 3.27627 3.26786 3.26394 3.25955 3.24695 3.23962 3.22699 3.21417 3.20301 3.19502 3.17898 3.15964 3.15979 3.12288
-9999 -9999 -9999 -9999 -9999 -9999 -9999 -9999 -2.35015 0.849117 3.70673 5.29795 6.29886 6.78673 6.7784 6.50848 6.19763 5.75016 4.94092 3.92426 2.31754 1.12493 1.88278 2.80779 2.91342 3.52865 5.31159 5.92111 5.05885 2.92484 4.18553 5.59052 5.56821 5.44884 5.31525 5.14374 4.98954 4.65168 3.74604 0.970603 0.425429 -0.662588 -0.537699 -1.09507 0.128696 -0.325398 0.929892 1.47496 1.68186 0.524657 0.772582 2.13629 2.6768 2.58863 2.92066 3.23714 3.24851 3.25847 3.25114 3.25875 3.26206 3.25763 3.24476 3.23532 3.22875 3.20535 3.20971 3.10802 3.04256 2.90828 3.07828
-9999 -9999 -9999 -9999 -9999 -9999 -9999 -9999 -2.98791 0.206172 3.57144 4.6523 5.73127 6.66258 6.68122 6.26843 5.87587 5.47147 5.011 3.77778 2.58195 1.44033 1.05749 1.28815 1.27215 2.26709 4.58969 5.03993 4.84882 2.62107 1.86741 3.74424 5.32165 5.44631 5.30384 3.44867 3.8445 2.84407 1.4871 1.11428 0.520988 -0.733705 -0.128046 -1.04656 -0.650776 -0.751802 -0.0385088 0.310184 1.1583 0.149894 0.157262 1.49631 2.17229 2.19063 2.89983 3.15349 3.22085 3.23866 3.25174 3.25593 3.26825 3.26299 3.25392 3.24158 3.20932 3.13041 2.88529 1.54477 1.54822 1.91857 2.26917
-9999 -9999 -9999 -9999 -9999 -9999 -9999 -9999 -2.61931 -0.402738 2.58334 4.7954 4.93487 6.0106 6.56612 6.11721 5.6117 5.09448 4.86866 3.5265 2.05217 0.861098 -0.548817 -0.315887 0.697455 2.35586 3.85639 4.12525 3.81589 2.62239 3.18724 4.46743 5.14747 5.34841 5.19127 4.78771 4.55483 3.81835 3.49963 2.47667 0.876784 0.247322 0.647849 -1.05038 -0.930227 -0.300312 -0.963202 0.139077 0.667468 -0.635366 0.404606 1.58859 2.19464 2.72464 2.97625 3.07735 3.23159 3.23693 3.25107 3.25935 3.25842 3.25967 3.23625 3.21713 3.07599 2.86717 1.61692 1.09903 1.20307 1.7835 2.29199
-9999 -9999 -9999 -9999 -9999 -9999 -9999 -9999 -2.24257 -0.246854 2.3423 3.91954 4.20211 5.39497 6.45574 6.33779 5.81182 5.65199 5.10686 3.96867 2.71145 1.33726 0.669517 -0.86638 0.647015 1.84582 3.11665 3.71154 2.73115 2.23908 3.11242 3.98065 4.32785 5.20471 5.1971 4.91227 3.68192 3.08242 3.33703 3.08006 2.62942 1.52859 1.4807 0.774118 0.482278 0.206778 -0.688309 -0.112884 -0.0538537 0.104673 1.35082 1.96779 2.37736 2.74997 2.84889 3.01168 3.22243 3.24223 3.25107 3.25142 3.25662 3.24251 3.18427 3.1354 2.84999 2.3437 1.39779 -0.133723 0.950254 2.0837 2.42277
-9999 -9999 -9999 -9999 -9999 -9999 -9999 -9999 -2.58365 -0.463635 1.74922 2.67466 2.83214 4.9906 6.31244 6.3152 6.06613 5.77514 4.42784 4.50752 4.23854 2.999 1.19321 -0.790083 -0.603342 0.580469 2.25864 2.81439 1.19288 0.62036 1.04294 2.35545 3.5304 4.75719 5.06938 4.71048 2.79493 0.759268 1.70477 2.71503 2.71051 2.41555 1.39481 1.07158 0.779172 0.0349587 -1.2249 -1.03635 -0.683689 0.732268 1.18044 1.8719 2.4464 2.23197 2.35983 2.90933 3.2252 3.23843 3.24538 3.25703 3.25109 3.23359 3.1163 2.99201 2.78256 1.46028 0.638586 -0.556919 0.839458 1.61254 2.02654
-9999 -9999 -9999 -9999 -9999 -9999 -9999 -9999 -3.24101 -1.70249 0.412563 1.2652 2.62507 4.66482 5.6683 6.1496 6.13953 5.94577 5.34279 4.98051 4.26605 2.9766 1.21322 -0.747003 -2.02288 -1.37328 0.88571 1.42251 -0.0749274 -0.835057 0.113529 1.51225 3.58292 4.76636 4.92687 4.82076 4.42645 2.94051 1.14505 1.15221 2.05434 1.30166 0.426704 0.909943 0.822128 0.0873051 -0.44676 -0.768894 -0.561751 0.245746 0.580095 1.3786 2.55631 2.72635 2.69451 3.19114 3.21735 3.2303 3.25032 3.25103 3.24776 3.23415 3.13874 2.92343 2.04371 1.27674 0.209238 0.0784258 1.32248 1.86637 2.37418
-9999 -9999 -9999 -9999 -9999 -9999 -9999 -9999 -4.37202 -2.56201 -0.580715 1.2745 3.02977 4.54055 4.65772 5.45478 5.45429 5.8722 5.75321 5.19433 4.59273 3.48186 1.21648 -0.688306 -2.76571 -2.21722 0.0863841 0.388206 -0.613562 -2.46508 -0.551557 1.55858 3.4711 4.5068 3.69633 4.52867 4.46127 3.90511 2.8367 1.175 1.2076 -0.0372909 -0.0902219 0.551102 0.760242 0.655114 0.254604 -0.384585 -0.269047 0.222209 0.348247 1.0822 1.99618 2.88972 3.04114 3.21277 3.22154 3.22572 3.24098 3.24409 3.2268 3.18244 3.08259 2.34528 1.46821 0.92841 0.185023 0.0960025 1.52878 2.10217 2.42233
-9999 -9999 -9999 -9999 -9999 -9999 -9999 -9999 -9999 -2.74882 -0.70202 0.812644 1.22077 2.56365 3.28897 3.85038 3.9752 5.57644 5.66523 5.31115 4.75862 3.8113 2.09249 0.895112 -1.09746 -2.5295 -1.93767 -1.66365 -1.1363 -1.29072 -0.436879 1.59089 3.70345 3.93461 2.5939 2.79341 3.07498 3.70499 3.38686 1.12228 -0.0276813 -0.98196 -0.301964 0.41338 0.587564 0.623608 0.487357 0.332589 0.0639562 1.02067 1.72899 1.89445 2.51218 2.96863 3.09578 3.19191 3.20506 3.21837 3.21995 3.19483 3.17696 3.06412 2.80961 1.98471 -0.000903818 0.0931482 -0.120487 -0.737274 0.661109 1.54818 2.33837
-9999 -9999 -9999 -9999 -9999 -9999 -9999 -9999 -9999 -3.43151 -1.06342 -0.562995 -0.59986 -1.38349 -1.02221 1.88455 2.47024 4.0059 5.46006 5.35394 4.81193 3.92568 2.90231 1.3175 -0.9235 -2.70403 -3.45338 -1.53514 0.347314 0.736833 1.33864 2.58148 2.8183 1.44804 0.163121 0.885797 1.32145 2.97905 3.28236 2.96134 1.59734 0.037694 -0.775839 0.187167 0.317034 0.376121 0.388962 0.362027 0.326351 1.40778 2.00524 2.42016 2.64675 3.0389 3.14038 3.17388 3.20546 3.19984 3.1811 3.12078 3.05197 2.74439 2.37175 1.01973 -0.107277 -0.809587 -1.7014 0.312554 0.910513 1.74196 2.27935
