Test_Spring_2018/02_18/Temp/20180216_004.txt
ncols	170
nrows	115
xllcorner	350000.000000
yllcorner	4445000.000000
cellsize	1000.000000
nodata_value	-9999.000000
[rows 31 to 61 of 115, columns 70 to 139 of 170]
3.40928 4.12303 4.38871 3.90085 3.95526 5.1391 5.41589 5.40364 5.30737 5.19957 4.64243 4.45876 4.02026 3.2446 2.92122 1.53778 -2.94196 -1.67161 -1.17435 -2.47321 -1.74779 -0.567694 -1.59691 -4.64962 -5.96581 -8.08495 -7.40517 -8.03943 -9.7455 -9999 -9999 -9999 -9999 -9999 -9999 -9999 -9999 -9999 -9999 -9999 -9999 -9999 -9999 -9999 -9999 -9999 -9999 -9999 -9999 -9999 -9999 -9999 -9999 -9999 -9999 -9999 -9999 -9999 -9999 -9999 -9999 -9999 -9999 -9999 -9999 -9999 -9999 -9999 -9999 -9999
3.53896 3.86797 3.8426 3.37289 4.1115 4.79218 4.39096 4.12131 5.24297 5.2472 4.8725 3.98663 3.66373 3.32843 3.12381 1.98483 -1.21547 -4.10078 -2.55304 -2.51583 -3.58533 -1.66768 -2.68159 -5.32572 -9.05825 -7.03183 -7.56146 -10.1897 -10.8295 -9999 -9999 -9999 -9999 -9999 -9999 -9999 -9999 -9999 -9999 -9999 -9999 -9999 -9999 -9999 -9999 -9999 -9999 -9999 -9999 -9999 -9999 -9999 -9999 -9999 -9999 -9999 -9999 -9999 -9999 -9999 -9999 -9999 -9999 -9999 -9999 -9999 -9999 -9999 -9999 -9999
2.63833 3.45192 3.20818 3.00919 4.10443 4.0869 4.02233 4.4263 5.12737 5.26898 5.12529 4.741 4.40853 4.05432 3.15037 1.84705 -0.891614 -4.17601 -4.92026 -3.31156 -3.23426 -2.97604 -3.90007 -5.0609 -6.87669 -5.39231 -4.81701 -6.54389 -8.80182 -10.2599 -9999 -9999 -9999 -9999 -9999 -9999 -9999 -9999 -9999 -9999 -9999 -9999 -9999 -9999 -9999 -9999 -9999 -9999 -9999 -9999 -9999 -9999 -9999 -9999 -9999 -9999 -9999 -9999 -9999 -9999 -9999 -9999 -9999 -9999 -9999 -9999 -9999 -9999 -9999 -9999
1.42982 2.82281 2.45113 1.39879 2.06092 2.55955 3.47515 3.73244 3.87377 5.17829 5.1135 5.05707 4.50538 4.06453 3.33161 2.07735 0.2902 -1.8624 -5.61195 -3.29876 -1.48772 -1.53434 -1.63413 -2.44769 -4.19221 -2.73533 -2.66865 -4.86479 -7.38157 -8.86966 -9.48545 -9999 -9999 -9999 -9999 -9999 -9999 -9999 -9999 -9999 -9999 -9999 -9999 -9999 -9999 -9999 -9999 -9999 -9999 -9999 -9999 -9999 -9999 -9999 -9999 -9999 -9999 -9999 -9999 -9999 -9999 -9999 -9999 -9999 -9999 -9999 -9999 -9999 -9999 -9999
-9999 1.94795 1.59026 0.3038 0.970018 1.85748 3.1063 3.75995 4.26328 4.65653 5.0573 5.01438 4.44975 2.77464 2.53776 2.46751 1.29928 -1.155 -3.60653 -4.24135 -1.47877 -0.688434 -0.850303 -0.234542 -1.71267 -1.01652 -1.30459 -2.07824 -4.4931 -6.70582 -7.62376 -9.43682 -9999 -9999 -9999 -9999 -9999 -9999 -9999 -9999 -9999 -9999 -9999 -9999 -9999 -9999 -9999 -9999 -9999 -9999 -9999 -9999 -9999 -9999 -9999 -9999 -9999 -9999 -9999 -9999 -9999 -9999 -9999 -9999 -9999 -9999 -9999 -9999 -9999 -9999
-9999 -9999 -9999 -9999 -0.503009 0.702085 1.70811 2.92851 3.99124 4.52234 5.03817 5.00115 3.86912 3.31692 3.27129 2.50703 1.15813 0.311734 -1.23148 -2.83988 -2.22542 0.12985 -0.919033 0.748635 0.60568 0.910363 -0.207593 -2.30414 -5.11637 -6.75985 -7.5814 -9.05093 -9999 -9999 -9999 -9999 -9999 -9999 -9999 -9999 -9999 -9999 -9999 -9999 -9999 -9999 -9999 -9999 -9999 -9999 -9999 -9999 -9999 -9999 -9999 -9999 -9999 -9999 -9999 -9999 -9999 -9999 -9999 -9999 -9999 -9999 -9999 -9999 -9999 -9999
-9999 -9999 -9999 -9999 -9999 0.482339 1.25165 2.88469 3.73646 4.08313 4.91271 4.91903 4.49284 4.17161 3.7033 3.0901 2.07687 0.958177 -0.493257 -0.627378 0.87933 0.897166 0.581089 0.826837 1.59902 1.39253 -0.323163 -3.29931 -4.87623 -8.06176 -9.43397 -9.29457 -10.267 -9999 -9999 -9999 -9999 -9999 -9999 -9999 -9999 -9999 -9999 -9999 -9999 -6.48246 -9999 -9999 -9999 -9999 -9999 -9999 -9999 -9999 -9999 -9999 -9999 -9999 -9999 -9999 -9999 -9999 -9999 -9999 -9999 -9999 -12.0729 -9999 -9999 -9999
-9999 -9999 -9999 -9999 0.331506 1.35594 2.15337 3.17974 3.28295 3.90326 4.85683 4.87554 4.57482 4.2339 3.46193 3.27253 2.6967 1.48199 1.23397 1.72704 1.95363 2.20996 2.36691 2.23634 1.92034 1.51232 0.413965 -0.970584 -1.90055 -4.81516 -6.29069 -7.70705 -9.84964 -11.5256 -9999 -9999 -9999 -9999 -9999 -9999 -9999 -7.64246 -7.71359 -7.66594 -7.18551 -5.87711 -6.6265 -9999 -9999 -9999 -9999 -9999 -9999 -9999 -9999 -9999 -9999 -9999 -9999 -9999 -9999 -9999 -9999 -9999 -9999 -9999 -10.9007 -12.5777 -9999 -9999
-9999 -9999 -9999 -9999 0.608479 1.68421 2.22511 3.2228 3.79667 4.17978 4.51434 4.8339 4.78601 4.40864 3.8317 3.83837 3.04051 2.61056 2.30322 2.96994 3.10103 2.83223 2.49485 2.19581 1.35397 1.25378 0.994528 0.114586 -1.32832 -2.81508 -4.94495 -7.85412 -10.7068 -13.0077 -9999 -9999 -9999 -9999 -9999 -9999 -7.4138 -6.32907 -5.67477 -7.03648 -5.85275 -4.7687 -4.92622 -5.92952 -9999 -9999 -9999 -9999 -9999 -9999 -9999 -9999 -9999 -9999 -9999 -9999 -9999 -9999 -2.93611 -4.65811 -8.14308 -9.92503 -10.99 -12.5137 -9999 -9999
-9999 -9999 -9999 -9999 0.394952 1.66489 2.52794 3.29504 3.42444 4.21889 4.5612 4.73591 4.72141 4.65045 4.54745 3.85233 3.55429 2.5003 3.51072 3.47227 3.21575 2.20237 1.76154 0.0216712 -0.745953 -0.904617 0.553467 -0.529121 -2.78639 -5.60746 -8.99246 -9.20516 -10.3279 -12.3852 -9999 -9999 -9999 -9999 -9999 -9999 -7.08733 -5.92727 -4.95605 -4.80488 -6.1561 -4.23854 -4.27762 -5.32577 -5.55019 -4.65967 -4.20006 -4.5076 -3.43651 -3.11762 -3.57597 -3.04925 -9999 -9999 -9999 -9999 -2.7065 -2.63098 -2.57235 -3.2863 -7.09449 -9.69222 -12.0232 -12.2128 -9999 -9999
-9999 -9999 -9999 -9999 1.26725 2.05276 2.4545 2.52708 3.21712 3.914 4.33691 4.64985 4.59406 4.5742 4.55197 4.31647 3.76394 3.86525 3.82084 3.49662 1.56944 -0.680504 0.296821 -1.04179 -3.89866 -1.56949 -0.297478 -1.52431 -4.25957 -7.4307 -8.4673 -8.41795 -9.97929 -11.9882 -9999 -9999 -9999 -10.2597 -8.60709 -8.45885 -7.96607 -6.42133 -5.24252 -4.34761 -3.73405 -3.73738 -4.33546 -5.3588 -6.4724 -6.04997 -3.99444 -3.48011 -3.02797 -2.6973 -3.12154 -2.88225 -2.32872 -2.03981 -1.97649 -2.09928 -2.12372 -2.07446 -2.13444 -2.80097 -6.20563 -8.15089 -9.38787 -11.8587 -9999 -9999
-9999 -9999 -9999 -9999 0.778529 1.46305 2.01949 2.93833 3.04372 3.62785 3.98436 4.4958 4.55932 3.97111 4.46639 4.4066 4.31738 4.12415 3.83926 2.21277 -0.0296969 -2.27852 -3.31869 -2.87682 -4.59947 -3.7106 -2.42198 -2.89826 -4.58006 -7.40597 -7.80755 -8.46479 -11.0805 -13.6065 -9999 -9999 -13.4681 -10.3022 -8.0709 -6.91679 -6.55413 -6.51137 -5.02808 -4.90005 -3.30039 -3.65578 -5.71839 -5.46317 -6.25256 -5.70352 -4.93258 -4.70936 -3.61273 -2.55494 -2.34712 -2.33193 -1.97637 -1.89799 -1.87393 -1.87827 -2.10926 -1.99768 -1.97681 -2.39078 -4.85732 -6.05561 -7.36208 -11.8287 -9999 -9999
-9999 -9999 -9999 -9999 1.12494 1.88955 2.72634 2.86996 3.49254 3.43946 3.28073 4.14321 4.46006 4.04684 3.75004 4.30984 4.2739 4.20142 4.07995 2.55118 0.781148 -1.89837 -3.56513 -4.58331 -5.31031 -6.27219 -5.61266 -5.81987 -6.09629 -5.78782 -6.56929 -8.11957 -9.65811 -12.5261 -14.0828 -9999 -13.3049 -11.8763 -9.22348 -6.96656 -5.53 -6.03527 -4.34941 -4.02552 -3.0448 -3.59462 -4.83279 -5.35309 -5.3807 -5.52688 -4.37835 -3.59205 -3.03359 -2.65963 -2.19348 -2.0694 -1.94693 -1.89269 -1.86174 -1.83161 -1.83411 -1.83983 -1.88625 -2.03924 -3.17038 -4.35561 -6.9465 -11.6806 -9999 -9999
-9999 -9999 -9999 -1.08638 1.03739 2.31412 2.81468 3.17891 3.50119 3.73716 3.98972 4.22052 4.38077 4.31956 3.21484 3.30944 3.51155 4.14283 4.09783 3.95844 2.98941 -0.270792 -1.39805 -3.04974 -5.18513 -6.07163 -5.63112 -3.88966 -3.97236 -5.13348 -6.427 -8.21188 -9.35213 -11.1174 -14.4961 -14.1958 -12.6757 -11.5434 -9.74023 -6.98257 -5.04568 -4.17517 -3.83819 -3.14678 -2.77756 -3.52974 -4.23468 -4.52338 -5.07701 -5.1356 -5.10902 -4.4063 -3.85079 -2.64242 -2.23003 -2.03211 -1.93073 -1.87443 -1.83356 -1.79458 -1.77967 -1.79999 -1.79586 -1.80116 -1.87088 -3.46466 -7.45989 -10.4604 -9999 -9999
-9999 -9999 -9999 -9999 0.645694 1.21306 1.36933 1.63521 2.16852 2.78161 3.65089 3.76965 4.24794 4.25317 3.30076 2.20031 3.16534 3.54885 3.94494 3.95533 3.82816 1.08717 -0.349175 -1.48167 -3.52988 -2.79033 -2.09527 -2.04713 -2.47458 -4.9591 -7.43367 -10.285 -12.9505 -13.0832 -14.5206 -13.7635 -12.7608 -10.18 -8.36171 -7.62105 -7.08525 -4.27661 -3.53753 -3.26741 -2.53276 -3.48991 -3.70131 -4.41162 -4.16889 -4.20885 -4.18091 -6.19258 -4.1265 -3.98698 -2.64108 -2.02478 -1.87764 -1.83462 -1.79117 -1.78221 -1.77263 -1.77695 -1.76114 -1.772 -1.785 -2.81748 -7.8903 -10.4235 -9999 -9999
-9999 -9999 -9999 -9999 -9999 -9999 0.843741 1.28001 1.56376 2.04655 3.50753 3.90616 4.17322 4.20253 3.78203 2.69255 2.40752 2.6093 1.54216 2.43263 3.65159 3.61716 3.46413 1.05248 -0.17721 1.00966 0.642274 -1.17178 -2.60079 -4.01143 -6.90807 -9.02917 -12.0837 -14.3786 -14.4703 -11.9487 -9.85253 -7.24132 -6.08753 -6.74 -6.02259 -4.62071 -3.02785 -2.24776 -2.40887 -3.41801 -3.5256 -4.63281 -3.49412 -3.37332 -3.86608 -4.2897 -4.08546 -3.40819 -3.14048 -2.08655 -1.82408 -1.7691 -1.75742 -1.75097 -1.75412 -1.75883 -1.76529 -1.77115 -1.7787 -1.81654 -7.03104 -11.0771 -9999 -9999
-9999 -9999 -9999 -9999 -9999 -9999 -0.159001 0.111364 0.803578 2.56309 3.49337 3.87256 3.86861 4.04704 3.75241 2.79475 1.80998 0.879888 -0.321508 0.364134 2.17897 3.24651 3.36331 1.24842 2.34672 1.93075 1.11542 -1.25559 -3.00464 -3.93486 -6.71625 -9.09758 -11.1322 -13.9385 -12.7466 -11.4323 -9.74138 -6.89197 -4.96789 -4.17357 -4.8298 -3.93029 -2.09907 -2.07198 -3.04632 -2.95985 -3.52825 -5.04988 -3.41207 -2.93238 -3.27228 -3.15307 -3.26284 -2.99803 -2.53491 -2.09429 -1.79994 -1.75428 -1.74479 -1.75235 -1.75197 -1.74833 -1.76522 -1.75871 -1.76633 -1.7837 -5.14534 -11.154 -9999 -9999
-9999 -9999 -9999 -9999 -9999 -9999 -9999 -1.05981 0.504961 2.8369 3.42765 3.3846 3.87232 3.92112 3.46559 3.06947 1.87344 0.236652 -2.91035 -2.11003 -0.439679 1.96897 3.23194 3.05508 2.35029 1.11987 -1.85052 -4.45098 -4.77193 -5.20278 -7.23434 -9.06946 -11.3308 -10.031 -8.60587 -7.04513 -6.22586 -6.44086 -4.79198 -3.44457 -4.00782 -2.90673 -1.62064 -2.18036 -2.50169 -2.7659 -3.42845 -3.44419 -3.34426 -2.4026 -3.00976 -2.59593 -2.55941 -2.5611 -2.32691 -2.06314 -1.7901 -1.73986 -1.73506 -1.7289 -1.75828 -1.74574 -1.75766 -1.76753 -1.77401 -1.78756 -2.08122 -5.30882 -7.2334 -9999
-9999 -9999 -9999 -9999 -9999 -9999 -9999 -2.49197 -1.70604 1.05341 1.91664 3.14023 3.79334 3.83036 3.05697 2.62701 0.84359 0.265623 -2.64528 -3.96455 -2.84859 -3.28052 0.0368017 2.97101 2.33218 -3.60673 -5.76116 -7.29956 -6.91139 -6.91348 -7.48324 -10.6036 -11.469 -8.68531 -6.93413 -5.57752 -4.54809 -4.33401 -4.36876 -2.26348 -1.97657 -1.28315 -1.41771 -1.3375 -2.37894 -3.01367 -2.40319 -3.03846 -3.12484 -2.15317 -3.05833 -2.19175 -2.26452 -2.49711 -2.49306 -1.92436 -1.80141 -1.73493 -1.72645 -1.74658 -1.77382 -1.78686 -1.76555 -1.76877 -1.79223 -1.78115 -1.79962 -2.16656 -3.8309 -4.40083
-9999 -9999 -9999 -9999 -9999 -9999 -9999 -9999 -4.26876 -0.438572 1.32065 2.24644 3.54544 3.70815 3.29976 2.55263 0.73551 -0.863469 -3.46551 -6.43854 -8.01503 -3.30671 0.789835 2.92518 2.64562 -2.29843 -4.25261 -4.34797 -3.20498 -4.17918 -4.91951 -7.29133 -8.00497 -8.99419 -8.39312 -6.50091 -4.95196 -3.4586 -2.37093 -2.27868 -1.56705 -1.14999 -1.10327 -0.959951 -1.06566 -1.1462 -2.13357 -1.40062 -1.97484 -1.63049 -1.81041 -1.9715 -2.10455 -2.67064 -2.23979 -1.85936 -1.7543 -1.71562 -1.73438 -1.73772 -1.75226 -1.78568 -1.79421 -1.79127 -1.78738 -1.79666 -1.78534 -1.78426 -1.9568 -2.95091
-9999 -9999 -9999 -9999 -9999 -9999 -9999 -9999 -6.17692 -2.36601 -0.520609 1.84543 3.06851 3.5655 3.50583 2.90104 1.52097 -0.558994 -2.29268 -5.6113 -9.05824 -4.11477 0.285835 2.65872 2.7798 -1.3675 -0.220819 -1.15533 -0.78467 -2.49227 -3.20456 -3.76702 -4.995 -6.337 -7.80549 -8.57863 -5.10243 -3.31707 -1.87836 -1.19693 -0.807493 -0.607202 -0.698531 -0.939384 -2.4663 -1.26821 -1.29536 -1.38841 -1.49828 -1.53885 -1.63687 -1.75766 -1.81708 -1.8283 -2.20093 -1.74208 -1.74157 -1.72994 -1.72421 -1.73352 -1.754 -1.77176 -1.79338 -1.78414 -1.78849 -1.79429 -1.79346 -1.77969 -1.77701 -1.81636
-9999 -9999 -9999 -9999 -9999 -9999 -9999 -9999 -11.5183 -5.97928 -1.51821 0.810182 2.70367 3.22854 3.42729 2.61424 2.00602 0.515495 -0.897008 -3.07748 -6.34422 -8.35707 -4.65634 0.722228 2.70029 2.55015 2.42235 1.34309 0.369931 0.243371 0.311942 -0.818376 -2.46837 -4.62029 -5.28818 -6.04455 -3.45555 -3.1048 -3.29291 -0.440153 -0.42769 -0.581135 -1.66026 -2.867 -2.61917 -3.34843 -2.73504 -3.61312 -2.76209 -2.02341 -1.73369 -1.73441 -1.80506 -1.79163 -1.82009 -1.72907 -1.72218 -1.72855 -1.73387 -1.73613 -1.74468 -1.77574 -1.7919 -1.77616 -1.78529 -1.79372 -1.7943 -1.77749 -1.76931 -1.79515
-9999 -9999 -9999 -9999 -9999 -9999 -9999 -9999 -11.2785 -6.61262 -2.66018 -0.28974 1.99126 2.5244 3.29655 3.13435 2.49698 1.20149 -0.418402 -2.21289 -5.01542 -7.09949 -4.62588 -1.05426 1.50085 2.42425 2.40931 2.34435 2.0976 1.99184 1.70491 1.50155 0.318769 -1.70584 -2.85585 -4.53633 -1.65009 -1.3264 -1.77677 -0.331956 -0.398613 -2.57035 -4.236 -4.43232 -3.39458 -4.35003 -4.48659 -5.06442 -4.35904 -2.50424 -3.01081 -2.88521 -2.03051 -1.87753 -1.77171 -1.73763 -1.73514 -1.73278 -1.74216 -1.73642 -1.73136 -1.76101 -1.77269 -1.77577 -1.80168 -1.78974 -1.80163 -1.79855 -1.79475 -1.80257
-9999 -9999 -9999 -9999 -9999 -9999 -9999 -9999 -11.186 -8.04221 -4.4853 -0.997788 1.43715 2.42191 3.13945 3.13498 2.39349 1.75017 0.734893 -0.843759 -1.92749 -3.80878 -6.3906 -2.06901 -0.744634 0.446108 0.940382 2.17084 2.13721 1.56831 0.907827 1.51308 1.33954 -0.269458 -0.800406 -1.69407 -0.0889865 -0.0851471 -0.128081 -0.210756 -2.04678 -4.59888 -6.6352 -5.15132 -5.4455 -4.75295 -6.81311 -5.06384 -3.65665 -3.18626 -4.10366 -4.7845 -2.60026 -2.22061 -1.99533 -1.84853 -1.75042 -1.76528 -1.73776 -1.746 -1.74841 -1.75152 -1.76582 -1.77203 -1.78469 -1.79645 -1.79344 -1.78812 -1.79994 -1.81271
-9999 -9999 -9999 -9999 -9999 -9999 -9999 -9999 -9999 -9.89091 -5.38793 -1.36409 0.878072 2.28936 2.97839 2.96881 2.59055 2.15396 1.52446 0.38542 -1.04603 -3.308 -4.98816 -3.9257 -2.62786 -2.473 -1.61126 0.892509 1.74583 0.529145 -2.47216 -0.693811 1.27807 1.24296 1.07192 0.881682 0.636981 0.420101 -0.0537134 -1.32456 -5.22349 -5.98142 -7.5035 -7.31813 -8.0908 -6.3582 -6.96562 -5.1843 -4.40152 -4.09437 -5.70611 -5.33794 -3.39731 -2.62508 -2.73857 -2.26263 -1.80918 -1.78723 -1.7683 -1.77442 -1.75995 -1.75158 -1.75384 -1.76735 -1.77509 -1.77775 -1.79 -1.76686 -1.89945 -1.98045
-9999 -9999 -9999 -9999 -9999 -9999 -9999 -9999 -9999 -10.7926 -6.29566 -1.55841 -0.0345035 1.48616 2.79852 2.82665 2.24736 1.69581 1.12696 0.478601 -1.25717 -2.94093 -4.54898 -5.09036 -4.7693 -4.78378 -3.38756 -0.124296 0.505547 0.233351 -2.88851 -3.95196 -1.31568 0.899872 1.07283 0.870815 -1.73901 -1.18194 -2.5873 -4.49271 -5.01254 -5.84094 -7.59805 -6.73735 -8.01893 -7.45094 -7.56345 -6.54584 -6.04072 -4.8332 -6.23703 -6.20832 -4.3023 -3.34023 -3.30435 -2.29815 -1.93386 -1.83271 -1.80214 -1.7789 -1.76853 -1.74681 -1.7496 -1.75727 -1.76887 -1.80763 -1.91108 -2.2328 -4.10033 -4.08529
-9999 -9999 -9999 -9999 -9999 -9999 -9999 -9999 -9999 -10.2767 -7.15508 -2.95162 0.162776 0.361758 1.87695 2.65995 2.02973 1.31931 0.591848 0.27364 -1.61513 -3.69031 -5.36758 -7.35305 -7.0284 -5.60649 -3.26463 -1.1571 -0.781881 -1.2199 -2.88563 -2.09404 -0.296162 0.658049 0.938969 0.716956 0.149209 -0.177535 -1.21144 -1.6566 -3.09094 -5.33536 -6.2137 -5.64223 -8.02131 -7.84201 -6.94491 -7.84621 -6.28255 -5.52598 -7.34508 -5.85397 -4.17705 -3.31394 -2.55887 -2.19642 -2.04668 -1.82314 -1.80977 -1.78459 -1.76797 -1.7644 -1.75759 -1.78513 -1.80606 -1.99795 -2.28428 -4.03454 -4.72974 -4.57403
-9999 -9999 -9999 -9999 -9999 -9999 -9999 -9999 -9999 -9.74897 -6.9384 -3.2936 -1.07239 -0.672466 1.00721 2.50061 2.33574 1.59652 1.37172 0.604534 -0.997211 -2.76682 -4.70137 -5.64275 -7.80545 -5.67991 -3.98378 -2.19895 -1.36482 -2.72955 -3.42401 -2.19799 -0.978894 -0.492206 0.739913 0.728712 0.32838 -1.40086 -2.24194 -1.88074 -2.23792 -2.86636 -4.40811 -4.46793 -5.45312 -5.85413 -6.23139 -7.45985 -6.63826 -6.54287 -6.29576 -4.52663 -3.64786 -3.06161 -2.52825 -2.38073 -2.14426 -1.8411 -1.80714 -1.78908 -1.78322 -1.77064 -1.7851 -1.86136 -1.92401 -2.3188 -3.02366 -4.3462 -6.46617 -4.93296
-9999 -9999 -9999 -9999 -9999 -9999 -9999 -9999 -9999 -10.2303 -7.24535 -4.13012 -2.82591 -2.60216 0.435331 2.29575 2.30056 1.95072 1.54147 -0.353824 -0.242639 -0.622246 -2.36723 -4.90894 -7.70061 -7.44061 -5.76615 -3.40713 -2.62776 -4.8931 -5.7003 -5.10778 -3.26339 -1.61206 0.112634 0.551609 0.0474416 -2.64523 -5.50597 -4.17309 -2.74816 -2.74943 -3.1582 -4.58674 -5.0334 -5.43591 -6.47315 -8.21671 -7.93856 -7.4311 -5.4108 -4.76937 -3.7864 -2.96865 -3.26122 -3.07317 -2.29287 -1.8418 -1.8169 -1.80125 -1.77923 -1.78203 -1.80102 -1.96016 -2.12879 -2.41678 -4.26941 -5.41753 -7.08151 -5.0922
-9999 -9999 -9999 -9999 -9999 -9999 -9999 -9999 -9999 -11.1561 -8.98924 -6.01183 -4.81023 -2.89563 -0.0252623 1.3873 2.06504 2.05129 1.77878 0.930325 0.419988 -0.586044 -2.40111 -4.88304 -7.64211 -9.43896 -8.52802 -5.33952 -4.5751 -6.67665 -7.7474 -6.41478 -4.44881 -1.53741 0.126633 0.352585 0.204176 -0.34884 -2.43637 -4.95837 -4.9443 -3.67066 -4.72346 -5.94735 -5.26025 -5.37554 -6.40014 -7.1419 -7.56419 -7.24861 -6.09739 -5.61656 -4.48347 -2.81771 -2.56981 -2.60653 -1.90063 -1.85691 -1.83232 -1.79813 -1.79132 -1.79021 -1.80357 -1.93182 -2.22843 -3.45914 -4.53089 -6.02494 -6.20129 -4.4163
-9999 -9999 -9999 -9999 -9999 -9999 -9999 -9999 -9999 -12.7477 -10.1992 -7.41005 -4.79857 -2.32802 -0.201699 -0.035733 1.08603 1.08571 1.67342 1.50564 0.718809 -0.128477 -1.69235 -4.88023 -7.56127 -10.4853 -9.71647 -6.46623 -6.02452 -7.43509 -10.0406 -7.3507 -4.38399 -1.69482 -0.238367 -1.37783 -0.206249 -0.299403 -1.07924 -2.57873 -4.91183 -4.86122 -6.60644 -6.67448 -5.76534 -5.46332 -5.60269 -6.157 -7.0279 -6.83885 -6.13279 -5.94526 -4.90325 -3.60863 -2.34339 -2.12248 -1.87374 -1.85457 -1.84228 -1.81472 -1.80447 -1.82299 -1.87954 -2.01399 -3.04474 -4.27178 -5.02414 -6.06252 -6.18031 -4.14789
