Test_Spring_2018/02_18/Temp/20180218_009.txt
ncols	170
nrows	115
xllcorner	350000.000000
yllcorner	4445000.000000
cellsize	1000.000000
nodata_value	-9999.000000
[rows 32 to 63 of 115, columns 72 to 143 of 170]
10.6254 10.3451 10.7817 11.1838 10.9424 10.7806 11.441 11.4423 11.219 10.6925 10.5004 10.301 10.1795 9.50376 7.60531 5.89396 6.8129 6.83584 6.20237 7.34134 6.7412 5.17403 2.96127 4.16539 3.85312 2.28526 1.89907 -9999 -9999 -9999 -9999 -9999 -9999 -9999 -9999 -9999 -9999 -9999 -9999 -9999 -9999 -9999 -9999 -9999 -9999 -9999 -9999 -9999 -9999 -9999 -9999 -9999 -9999 -9999 -9999 -9999 -9999 -9999 -9999 -9999 -9999 -9999 -9999 -9999 -9999 -9999 -9999 -9999 -9999 -9999 -9999 -9999
10.247 10.1275 10.7757 10.7637 10.7245 10.96 11.3709 11.4537 11.3675 11.1387 10.9408 10.7302 10.1937 9.42052 7.79596 5.84783 5.40697 6.3623 6.40926 6.56375 6.01699 5.32989 4.25437 5.13692 5.48023 4.44878 3.10071 2.23256 -9999 -9999 -9999 -9999 -9999 -9999 -9999 -9999 -9999 -9999 -9999 -9999 -9999 -9999 -9999 -9999 -9999 -9999 -9999 -9999 -9999 -9999 -9999 -9999 -9999 -9999 -9999 -9999 -9999 -9999 -9999 -9999 -9999 -9999 -9999 -9999 -9999 -9999 -9999 -9999 -9999 -9999 -9999 -9999
9.79597 9.17026 9.56159 9.8558 10.3979 10.5429 10.6254 11.3982 11.3588 11.3244 10.9964 10.7344 10.2993 9.55521 8.49516 7.21854 4.99468 6.36804 7.44368 7.41739 7.35973 6.87877 5.84561 6.71194 6.75356 5.43611 3.93757 3.05618 2.69225 -9999 -9999 -9999 -9999 -9999 -9999 -9999 -9999 -9999 -9999 -9999 -9999 -9999 -9999 -9999 -9999 -9999 -9999 -9999 -9999 -9999 -9999 -9999 -9999 -9999 -9999 -9999 -9999 -9999 -9999 -9999 -9999 -9999 -9999 -9999 -9999 -9999 -9999 -9999 -9999 -9999 -9999 -9999
9.28352 8.51894 8.9127 9.43759 10.1766 10.5604 10.8548 11.0868 11.3235 11.297 10.9613 9.96688 9.82604 9.78432 9.09145 7.63585 6.18215 5.80654 7.44683 7.91721 7.82286 8.19004 7.31507 7.73019 7.56145 7.09586 5.65261 4.33903 3.79589 2.72156 -9999 -9999 -9999 -9999 -9999 -9999 -9999 -9999 -9999 -9999 -9999 -9999 -9999 -9999 -9999 -9999 -9999 -9999 -9999 -9999 -9999 -9999 -9999 -9999 -9999 -9999 -9999 -9999 -9999 -9999 -9999 -9999 -9999 -9999 -9999 -9999 -9999 -9999 -9999 -9999 -9999 -9999
-9999 -9999 8.03719 8.75028 9.34173 10.0655 10.6915 11.0052 11.3099 11.2868 10.6143 10.286 10.2585 9.80498 9.00489 8.50324 7.58849 6.63537 7.00132 8.40033 7.77989 8.77134 8.68871 8.87175 8.21081 6.95641 5.2821 4.30632 3.82051 2.95012 -9999 -9999 -9999 -9999 -9999 -9999 -9999 -9999 -9999 -9999 -9999 -9999 -9999 -9999 -9999 -9999 -9999 -9999 -9999 -9999 -9999 -9999 -9999 -9999 -9999 -9999 -9999 -9999 -9999 -9999 -9999 -9999 -9999 -9999 -9999 -9999 -9999 -9999 -9999 -9999 -9999 -9999
-9999 -9999 -9999 8.61843 9.06941 10.0364 10.5384 10.7425 11.2331 11.2355 10.9816 10.7901 10.5117 10.1477 9.54675 8.88356 8.02333 7.945 8.84048 8.8529 8.66745 8.81552 9.27606 9.15606 8.13262 6.36488 5.43145 3.53355 2.72122 2.80559 2.23015 -9999 -9999 -9999 -9999 -9999 -9999 -9999 -9999 -9999 -9999 -9999 -9999 4.45904 -9999 -9999 -9999 -9999 -9999 -9999 -9999 -9999 -9999 -9999 -9999 -9999 -9999 -9999 -9999 -9999 -9999 -9999 -9999 -9999 1.0207 -9999 -9999 -9999 -9999 -9999 -9999 -9999
-9999 -9999 8.52955 9.13187 9.60296 10.2098 10.2704 10.6335 11.1975 11.207 11.0272 10.8239 10.3651 10.2524 9.9109 9.19076 9.04458 9.3385 9.47468 9.62884 9.7243 9.64938 9.4646 9.22531 8.56454 7.7455 7.19611 5.46188 4.58629 3.7479 2.47847 1.48568 -9999 -9999 -9999 -9999 -9999 -9999 -9999 3.78714 3.74205 3.76677 4.04763 4.81915 4.36929 -9999 -9999 -9999 -9999 -9999 -9999 -9999 -9999 -9999 -9999 -9999 -9999 -9999 -9999 -9999 -9999 -9999 -9999 -9999 1.71639 0.716796 -9999 -9999 -9999 -9999 -9999 -9999
-9999 -9999 8.68938 9.32554 9.64418 10.2337 10.5717 10.7952 10.9916 11.1793 11.1492 10.924 10.5808 10.5843 10.111 9.85643 9.67515 10.0722 10.152 9.99486 9.79735 9.6228 9.12637 9.07004 8.90786 8.38846 7.535 6.65544 5.38521 3.66147 1.97107 0.60785 -9999 -9999 -9999 -9999 -9999 -9999 3.92782 4.56905 4.95415 4.14243 4.84019 5.47816 5.37896 4.76277 -9999 -9999 -9999 -9999 -9999 -9999 -9999 -9999 -9999 -9999 -9999 -9999 -9999 -9999 6.45673 5.43212 3.36113 2.30004 1.66377 0.7549 -9999 -9999 -9999 -9999 -9999 -9999
-9999 -9999 8.56202 9.31315 9.82262 10.275 10.3489 10.8141 11.0167 11.1181 11.1075 11.0638 11.0015 10.5885 10.4116 9.78687 10.3875 10.3664 10.2164 9.61785 9.35929 8.33028 7.87825 7.77712 8.64515 8.00582 6.6695 4.9986 2.99137 2.86109 2.19747 0.979131 -9999 -9999 -9999 -9999 -9999 -9999 4.12502 4.81081 5.38369 5.46921 4.66256 5.79451 5.75163 5.12205 4.98096 5.50133 5.76622 5.57363 6.1934 6.37661 6.09949 6.40761 -9999 -9999 -9999 -9999 6.59769 6.64041 6.67286 6.24652 3.98386 2.43875 1.05128 0.923037 -9999 -9999 -9999 -9999 -9999 -9999
-9999 -9999 9.07908 9.54251 9.77795 9.81787 10.224 10.631 10.8809 11.0615 11.0263 11.0129 10.9985 10.8581 10.5302 10.5909 10.5658 10.3752 9.23416 7.90207 8.48503 7.69668 6.00197 7.38139 8.13935 7.41476 5.79519 3.91693 3.30341 3.32961 2.40619 1.21645 -9999 -9999 -9999 2.2487 3.2293 3.31655 3.60731 4.52126 5.21715 5.74378 6.10232 6.0925 5.71943 5.10374 4.43427 4.67612 5.88708 6.1841 6.43438 6.62427 6.36722 6.5039 6.82898 6.99779 7.03333 6.95881 6.94277 6.97036 6.93283 6.53497 4.51196 3.35395 2.61538 1.12671 -9999 -9999 -9999 -9999 -9999 -9999
-9999 -9999 8.78645 9.18976 9.51679 10.0571 10.1162 10.4593 10.6647 10.9673 11.0025 10.6516 10.944 10.9077 10.8546 10.7406 10.5729 9.60986 8.28199 6.95085 6.33718 6.59984 5.58174 6.10746 6.87544 6.59911 5.60433 3.93114 3.6962 3.30827 1.75441 0.258893 -9999 -9999 0.348159 2.2277 3.55183 4.23595 4.44946 4.47211 5.34834 5.41946 6.36273 6.14398 4.90245 5.04487 4.56523 4.88131 5.32635 5.45037 6.09071 6.70551 6.8236 6.82846 7.03623 7.08041 7.09302 7.0892 6.95105 7.01604 7.02683 6.77905 5.31277 4.59809 3.81032 1.14741 -9999 -9999 -9999 -9999 -9999 -9999
-9999 -9999 8.98858 9.43902 9.93208 10.0137 10.3795 10.3456 10.245 10.7536 10.9406 10.6932 10.5154 10.8466 10.8251 10.7827 10.712 9.80714 8.7598 7.17341 6.18831 5.58542 5.15832 4.58659 4.98153 4.86231 4.70207 4.88886 4.43153 3.51427 2.60509 0.902589 -0.017633 -9999 0.449118 1.29819 2.87263 4.21113 5.06174 4.75905 5.75514 5.94201 6.5168 6.18294 5.4302 5.10761 5.08135 4.98484 5.65679 6.1114 6.43196 6.64668 6.91271 6.98219 7.05184 7.08198 7.09907 7.11615 7.11404 7.10987 7.0811 6.98843 6.31456 5.60102 4.05854 1.23686 -9999 -9999 -9999 -9999 -9999 -9999
-9999 7.67962 8.9366 9.69055 9.98378 10.196 10.3833 10.5193 10.6629 10.7972 10.8893 10.852 10.1947 10.2497 10.3694 10.7445 10.7193 10.6389 10.067 8.13636 7.46922 6.49353 5.23102 4.7047 4.96997 6.00717 5.96219 5.27743 4.51414 3.45832 2.78822 1.74465 -0.259681 -0.0781928 0.826352 1.49998 2.57057 4.20624 5.35364 5.86701 6.06251 6.46671 6.6786 6.21951 5.78312 5.60122 5.26202 5.21667 5.22221 5.62948 5.94797 6.65427 6.89281 7.00232 7.05963 7.0913 7.11467 7.13745 7.14613 7.13373 7.13532 7.13053 7.08152 6.13147 3.75241 1.95937 -9999 -9999 -9999 -9999 -9999 -9999
-9999 -9999 8.70417 9.03698 9.12565 9.27922 9.59138 9.95093 10.4602 10.5273 10.8082 10.809 10.243 9.58896 10.1612 10.3894 10.6259 10.6345 10.5622 8.93819 8.08998 7.42241 6.21184 6.65072 7.06725 7.10007 6.85083 5.38122 3.91757 2.22951 0.652754 0.578456 -0.268902 0.181514 0.779459 2.31277 3.39249 3.83157 4.14768 5.81077 6.24452 6.39501 6.82265 6.24549 6.10152 5.66871 5.80123 5.76621 5.77188 4.56811 5.78237 5.85705 6.64887 7.00736 7.08952 7.11359 7.13884 7.14423 7.15016 7.14765 7.1565 7.14525 7.13182 6.51429 3.49854 1.98261 -9999 -9999 -9999 -9999 -9999 -9999
-9999 -9999 -9999 -9999 8.81327 9.06771 9.23161 9.51366 10.3739 10.6069 10.7623 10.7773 10.526 9.87904 9.70961 9.82996 9.19842 9.72931 10.4547 10.4379 10.3511 8.92481 8.19631 8.90463 8.69099 7.61918 6.77594 5.94371 4.22993 2.97547 1.16828 -0.188494 -0.238452 1.26147 2.50778 4.05933 4.74497 4.35758 4.78141 5.60803 6.54731 7.0028 6.89852 6.28999 6.20729 5.53838 6.20188 6.26166 5.95788 5.69581 5.80512 6.19855 6.3505 6.9705 7.12255 7.15144 7.15814 7.16236 7.16108 7.15865 7.15143 7.14542 7.13713 7.10958 4.00956 1.59594 -9999 -9999 -9999 -9999 -9999 -9999
-9999 -9999 -9999 -9999 8.21785 8.37374 8.77988 9.81931 10.3647 10.5861 10.5807 10.6841 10.5076 9.9384 9.35404 8.80287 8.09152 8.50056 9.58025 10.2172 10.2906 9.04039 9.69324 9.45069 8.97137 7.56924 6.53626 5.98922 4.344 2.93541 1.73355 0.0736273 0.785414 1.56926 2.57579 4.26856 5.41131 5.882 5.4904 6.01991 7.10039 7.10888 6.52181 6.56295 6.20664 5.29146 6.2507 6.52306 6.30964 6.36935 6.29215 6.44071 6.70848 6.96457 7.13557 7.16063 7.16523 7.16135 7.16238 7.16377 7.1525 7.15388 7.14552 7.13004 5.12917 1.5511 -9999 -9999 -9999 -9999 -9999 -9999
-9999 -9999 -9999 -9999 -9999 7.67841 8.60225 9.98134 10.3253 10.2963 10.5827 10.6093 10.3373 10.1013 9.39159 8.42116 6.55554 7.03259 8.02652 9.4591 10.2125 10.112 9.69513 8.96934 7.21144 5.6732 5.48754 5.23684 4.03657 2.95214 1.61588 2.39217 3.24246 4.17263 4.66208 4.53691 5.51635 6.31533 5.97884 6.62788 7.38487 7.04509 6.84533 6.6783 6.26606 6.24419 6.2909 6.83724 6.46517 6.69959 6.70914 6.69956 6.8315 6.98268 7.14107 7.16889 7.17116 7.17531 7.15844 7.16571 7.15743 7.1491 7.14142 7.12818 6.94748 5.01938 3.86846 -9999 -9999 -9999 -9999 -9999
-9999 -9999 -9999 -9999 -9999 6.82835 7.29025 8.92313 9.42891 10.1516 10.5362 10.5559 10.0955 9.83958 8.78117 8.43898 6.71329 5.93296 6.59789 6.34506 8.31714 10.0623 9.68439 6.16499 4.8911 3.9829 4.21789 4.22152 3.88848 2.04145 1.53333 3.19002 4.23373 5.04276 5.65687 5.78598 5.76661 7.01528 7.18301 7.5902 7.50437 7.54433 6.91742 6.53066 6.87377 6.4845 6.42084 6.98515 6.43644 6.93964 6.88447 6.73801 6.7335 7.06564 7.13501 7.17245 7.17637 7.16506 7.14966 7.14118 7.15257 7.14818 7.13042 7.13184 7.11445 6.8836 5.88717 5.53957 5.92688 -9999 -9999 -9999
-9999 -9999 -9999 -9999 -9999 -9999 5.76976 8.03816 9.07569 9.62191 10.39 10.4845 10.2399 9.79617 8.71821 7.77026 6.22778 4.46575 3.53378 6.33046 8.76465 10.0357 9.87054 6.94121 5.78595 5.73373 6.4164 5.84312 5.40874 4.0056 3.58737 3.00545 3.36665 4.49339 5.41447 6.30303 6.94948 7.00378 7.4239 7.6667 7.68858 7.76621 7.69475 7.63713 7.03245 7.45536 7.10269 7.29523 7.1772 7.07105 6.98038 6.63631 6.8852 7.10574 7.16451 7.18351 7.17226 7.1707 7.16262 7.14304 7.13481 7.13402 7.13252 7.12194 7.12238 7.10995 6.99887 6.39989 5.59795 4.58476 -9999 -9999
-9999 -9999 -9999 -9999 -9999 -9999 4.63772 6.89502 7.98389 9.3849 10.106 10.3998 10.3635 10.0044 9.18575 7.95244 6.9251 4.95794 2.91513 5.85092 8.46667 9.87838 9.95442 7.49359 8.17782 7.62751 7.85172 6.84309 6.42509 6.09507 5.37142 4.57992 3.71308 3.25591 5.32176 6.38334 7.23791 7.64171 7.8707 7.98588 7.92788 7.77522 6.86102 7.56251 7.52786 7.46135 7.38482 7.3496 7.28075 7.19905 7.15247 7.13796 6.91039 7.1746 7.17043 7.1761 7.17911 7.17368 7.16175 7.15116 7.13768 7.13926 7.13059 7.1222 7.11666 7.11187 7.10516 7.07307 6.91482 5.55372 4.74038 4.51378
-9999 -9999 -9999 -9999 -9999 -9999 1.46884 4.75178 7.38956 8.76893 9.89095 10.2012 10.3184 9.83584 9.47523 8.59164 7.7548 6.46279 4.52675 3.33505 5.53388 8.72831 9.90783 9.81796 9.74579 9.10931 8.53597 8.46505 8.51001 7.84263 6.86811 5.59584 5.20014 4.75529 6.29443 6.50458 6.3938 8.08577 8.09115 7.99665 7.35156 6.63108 6.77079 6.32556 6.67134 6.13989 6.63424 7.06211 7.22402 7.21422 7.16146 7.15728 7.13484 7.18188 7.18348 7.17821 7.17432 7.17269 7.16743 7.14858 7.13803 7.14562 7.13398 7.12465 7.11499 7.11216 7.10921 7.08569 7.0646 6.85639 6.54291 5.94426
-9999 -9999 -9999 -9999 -9999 -9999 1.60779 4.36979 6.7126 8.11741 9.4694 9.78479 10.2424 10.146 9.7682 9.00033 8.0404 6.9773 5.31652 4.08237 5.55262 7.67515 9.19451 9.7408 9.73776 9.70276 9.56007 9.50054 9.33439 9.21652 8.51908 7.31735 6.63903 5.64545 7.36053 7.55432 7.28775 8.14433 8.10286 6.81114 5.81843 5.6963 6.30696 5.73234 5.63317 5.27706 5.68588 6.77679 6.46174 6.52765 7.02437 7.1086 7.16208 7.1786 7.17742 7.17706 7.17039 7.17309 7.17547 7.15706 7.14884 7.14504 7.12685 7.12551 7.11328 7.10222 7.09354 7.08132 7.06219 7.00386 6.93988 7.01007
-9999 -9999 -9999 -9999 -9999 -9999 1.66173 3.52169 5.63016 7.69802 9.14159 9.72514 10.1505 10.1479 9.70832 9.32738 8.72612 7.79097 7.14981 6.03579 4.50648 7.07322 7.8627 8.56705 8.86215 9.59552 9.57916 9.2454 8.85787 9.22095 9.11639 8.16556 7.85401 7.32677 8.28133 8.28504 8.26001 8.21029 7.11916 5.60203 4.38979 5.26504 5.08446 5.49 4.24998 5.27441 6.09982 6.36958 5.81409 5.40225 6.68824 6.90216 7.03113 7.11453 7.16994 7.15909 7.17396 7.16794 7.16547 7.16241 7.15232 7.14645 7.13603 7.12534 7.11686 7.10721 7.09347 7.07638 7.07626 7.04496 7.03388 7.02428
-9999 -9999 -9999 -9999 -9999 -9999 -9999 2.4236 5.09383 7.48 8.80944 9.64625 10.0549 10.0493 9.82538 9.56711 9.19468 8.52025 7.67263 6.33257 5.33801 5.97091 6.74449 6.83361 7.3477 8.83622 9.34573 8.62727 6.84792 7.90057 9.07413 9.05678 8.95844 8.84822 8.70661 8.57906 8.29821 7.54351 5.22859 4.77424 3.86721 3.97224 3.50802 4.53086 4.15243 5.20086 5.65676 5.83058 4.86627 5.07418 6.21199 6.66446 6.59236 6.87086 7.13651 7.14725 7.15669 7.15155 7.1587 7.16209 7.15885 7.14817 7.14045 7.13503 7.11646 7.11694 7.03177 6.9769 6.86469 7.00651 7.02147 7.02615
-9999 -9999 -9999 -9999 -9999 -9999 -9999 1.88832 4.55515 7.36481 8.26831 9.17018 9.94875 9.96567 9.62248 9.29603 8.95957 8.57619 7.54794 6.55081 5.59888 5.28006 5.47318 5.46214 6.2931 8.23195 8.60856 8.45011 6.59206 5.96433 7.53156 8.84898 8.95423 8.83656 7.28977 7.62117 6.78746 5.65619 5.34604 4.85188 3.80583 4.31206 3.54655 3.87773 3.79481 4.39102 4.68307 5.39192 4.55174 4.55885 5.67591 6.24134 6.25804 6.85116 7.06412 7.12153 7.13748 7.14934 7.15363 7.16455 7.16064 7.15343 7.14337 7.1166 7.05086 6.84737 5.72544 5.72816 6.0371 6.32966 6.86123 7.00692
-9999 -9999 -9999 -9999 -9999 -9999 -9999 2.19371 4.04481 6.53799 8.38529 8.50315 9.40216 9.86702 9.49366 9.07296 8.64239 8.45486 7.33577 6.10633 5.1132 3.93746 4.13254 4.97884 6.36516 7.61808 7.84335 7.58622 6.5911 7.06352 8.13287 8.70148 8.87033 8.74038 8.4048 8.21159 7.59812 7.33319 6.48059 5.14657 4.62226 4.95739 3.54132 3.64257 4.16922 3.61756 4.53842 4.98048 3.89462 4.76155 5.75078 6.2578 6.70135 6.91258 6.99817 7.12802 7.13352 7.14624 7.15395 7.15383 7.15541 7.13628 7.12065 7.00312 6.82908 5.78602 5.35153 5.43826 5.92256 6.34691 6.78654 6.96911
-9999 -9999 -9999 -9999 -9999 -9999 -9999 2.50585 4.17259 6.33449 7.65201 7.8892 8.88589 9.77229 9.67506 9.23729 9.10495 8.65102 7.70218 6.65396 5.50811 4.95171 3.67093 4.93452 5.93748 6.99875 7.49607 6.67869 6.26913 6.99892 7.72449 8.01532 8.74813 8.74291 8.50637 7.48086 6.98169 7.19517 6.98175 6.6067 5.68914 5.65015 5.06158 4.8191 4.5903 3.84498 4.32624 4.37667 4.5085 5.54896 6.06502 6.40804 6.7202 6.80396 6.94096 7.11791 7.13544 7.14372 7.14482 7.14984 7.13865 7.09052 7.05014 6.81231 6.39014 5.60112 4.3209 5.22538 6.17117 6.44963 6.72583 6.86974
-9999 -9999 -9999 -9999 -9999 -9999 -9999 2.21901 3.98939 5.83723 6.61081 6.74356 8.5459 9.65009 9.65357 9.44684 9.20507 8.08185 8.14925 7.92568 6.89225 5.38632 3.73228 3.88895 4.87829 6.28067 6.74533 5.39296 4.91624 5.26988 6.36612 7.3476 8.37234 8.63393 8.33556 6.73829 5.04079 5.83076 6.67476 6.67201 6.42691 5.57624 5.30759 5.06469 4.44483 3.3944 3.5537 3.84913 5.02951 5.40467 5.98285 6.46343 6.2857 6.39355 6.85318 7.1178 7.12982 7.13651 7.14704 7.14279 7.1288 7.03146 6.92821 6.75384 5.65086 4.96555 3.96503 5.13096 5.7761 6.11568 6.72984 6.87721
-9999 -9999 -9999 -9999 -9999 -9999 -9999 1.66824 2.95335 4.71952 5.4323 6.56827 8.2715 9.11002 9.51277 9.50547 9.34484 8.84271 8.54138 7.94615 6.87112 5.40064 3.76589 2.70218 3.2451 5.13287 5.58143 4.33284 3.69955 4.49206 5.66019 7.38902 8.37754 8.51254 8.42506 8.09712 6.85831 5.36123 5.36826 6.12207 5.4951 4.76613 5.17046 5.09833 4.48636 4.04193 3.7748 3.94718 4.62143 4.9016 5.56907 6.55293 6.69597 6.67052 7.08599 7.10889 7.12065 7.13824 7.13964 7.13764 7.12693 7.04789 6.86875 6.13515 5.49558 4.60521 4.49641 5.53203 5.98114 6.40356 6.70536 6.80446
-9999 -9999 -9999 -9999 -9999 -9999 -9999 0.722251 2.23385 3.88835 5.43763 6.90347 8.16528 8.26422 8.93043 8.93111 9.28087 9.18261 8.71727 8.21626 7.29029 5.40097 3.81252 2.08004 2.53861 4.46253 4.71606 3.8811 2.33713 3.93474 5.69644 7.29325 8.15845 7.48322 8.17877 8.12359 7.66059 6.77018 5.38474 5.41305 4.37544 4.33243 4.86873 5.04444 4.95794 4.62499 4.09263 4.18933 4.59967 4.70602 5.3196 6.08339 6.83009 6.95753 7.10178 7.11009 7.11452 7.12814 7.13155 7.11786 7.08153 6.99882 6.38416 5.6528 5.20283 4.58294 4.50903 5.70156 6.1758 6.44157 6.70239 6.80597
-9999 -9999 -9999 -9999 -9999 -9999 -9999 -9999 2.07569 3.78479 5.04985 5.39159 6.51325 7.11961 7.58916 7.6944 9.03155 9.10669 8.81227 8.35224 7.56278 6.12955 5.13141 3.46973 2.27575 2.77129 3.00167 3.4426 3.31466 4.02803 5.72094 7.48461 7.67846 6.56075 6.72823 6.96421 7.49097 7.22661 5.33816 4.37979 3.58472 4.15333 4.75146 4.89806 4.92942 4.81702 4.6875 4.46432 5.26381 5.85602 5.99525 6.51182 6.89379 7.00095 7.0822 7.09415 7.10619 7.10838 7.08824 7.07409 6.98064 6.76891 6.08118 4.42489 4.50383 4.32598 3.8117 4.9739 5.71013 6.36941 6.72016 6.81139
-9999 -9999 -9999 -9999 -9999 -9999 -9999 -9999 1.50379 3.48094 3.89967 3.87005 3.21731 3.51987 5.94638 6.43617 7.71861 8.93304 8.84554 8.39432 7.65585 6.80295 5.48155 3.6126 2.12784 1.50314 3.10564 4.67821 5.00409 5.5071 6.54501 6.7435 5.60105 4.52985 5.13383 5.49837 6.88255 7.13675 6.87006 5.73313 4.43301 3.75548 4.56033 4.67002 4.72067 4.73274 4.71009 4.68064 5.58475 6.08447 6.43185 6.62206 6.95036 7.03609 7.06506 7.09238 7.08862 7.07387 7.02436 6.96772 6.7118 6.40152 5.27397 4.33412 3.74858 3.00486 4.68568 5.17994 5.86966 6.31812 6.66694 6.74402
