Test_Spring_2018/02_18/Temp/20180214_012.txt
ncols	170
nrows	115
xllcorner	350000.000000
yllcorner	4445000.000000
cellsize	1000.000000
nodata_value	-9999.000000
[rows 32 to 63 of 115, columns 72 to 143 of 170]
8.0861 7.78475 8.25554 8.68898 8.40849 8.22173 8.92422 8.92563 8.68526 8.11861 7.91246 7.69893 7.56943 6.84294 4.79882 2.95632 3.94827 3.97447 3.29302 4.52133 3.87515 2.18647 -0.19827 1.09889 0.76167 -0.938212 -1.35392 -9999 -9999 -9999 -9999 -9999 -9999 -9999 -9999 -9999 -9999 -9999 -9999 -9999 -9999 -9999 -9999 -9999 -9999 -9999 -9999 -9999 -9999 -9999 -9999 -9999 -9999 -9999 -9999 -9999 -9999 -9999 -9999 -9999 -9999 -9999 -9999 -9999 -9999 -9999 -9999 -9999 -9999 -9999 -9999 -9999
7.67456 7.54657 8.24566 8.23295 8.17823 8.41162 8.84525 8.93459 8.84194 8.59595 8.3836 8.15786 7.5811 6.74943 5.00037 2.90266 2.42919 3.46021 3.51211 3.67962 3.09114 2.35112 1.19218 2.1431 2.51267 1.39979 -0.0610047 -1.00906 -9999 -9999 -9999 -9999 -9999 -9999 -9999 -9999 -9999 -9999 -9999 -9999 -9999 -9999 -9999 -9999 -9999 -9999 -9999 -9999 -9999 -9999 -9999 -9999 -9999 -9999 -9999 -9999 -9999 -9999 -9999 -9999 -9999 -9999 -9999 -9999 -9999 -9999 -9999 -9999 -9999 -9999 -9999 -9999
7.18496 6.51154 6.93385 7.25126 7.8115 7.94973 8.03855 8.87136 8.82906 8.79257 8.43991 8.15862 7.69109 6.89068 5.74994 4.37586 1.98098 3.46256 4.62314 4.59599 4.53477 4.01708 2.90401 3.83765 3.8823 2.46192 0.82541 -0.123438 -0.514444 -9999 -9999 -9999 -9999 -9999 -9999 -9999 -9999 -9999 -9999 -9999 -9999 -9999 -9999 -9999 -9999 -9999 -9999 -9999 -9999 -9999 -9999 -9999 -9999 -9999 -9999 -9999 -9999 -9999 -9999 -9999 -9999 -9999 -9999 -9999 -9999 -9999 -9999 -9999 -9999 -9999 -9999 -9999
6.6294 5.80635 6.23128 6.79725 7.58048 7.97488 8.28234 8.53231 8.78746 8.75937 8.39822 7.32761 7.17708 7.1336 6.38857 4.82167 3.25684 2.85376 4.62298 5.13124 5.03064 5.42712 4.48467 4.9322 4.75028 4.24876 2.68136 1.25684 0.672751 -0.483517 -9999 -9999 -9999 -9999 -9999 -9999 -9999 -9999 -9999 -9999 -9999 -9999 -9999 -9999 -9999 -9999 -9999 -9999 -9999 -9999 -9999 -9999 -9999 -9999 -9999 -9999 -9999 -9999 -9999 -9999 -9999 -9999 -9999 -9999 -9999 -9999 -9999 -9999 -9999 -9999 -9999 -9999
-9999 -9999 5.28463 6.04057 6.66964 7.43866 8.10316 8.44091 8.76927 8.74463 8.02041 7.66752 7.63912 7.15184 6.29132 5.75256 4.76867 3.74339 4.13949 5.64867 4.9813 6.05066 5.96218 6.15969 5.44737 4.08353 2.27989 1.21918 0.696778 -0.239814 -9999 -9999 -9999 -9999 -9999 -9999 -9999 -9999 -9999 -9999 -9999 -9999 -9999 -9999 -9999 -9999 -9999 -9999 -9999 -9999 -9999 -9999 -9999 -9999 -9999 -9999 -9999 -9999 -9999 -9999 -9999 -9999 -9999 -9999 -9999 -9999 -9999 -9999 -9999 -9999 -9999 -9999
-9999 -9999 -9999 5.89548 6.37314 7.41421 7.93505 8.15439 8.68286 8.6855 8.41222 8.20672 7.9079 7.51715 6.8713 6.15861 5.23367 5.15133 6.1183 6.1334 5.93496 6.09557 6.59251 6.46343 5.36079 3.44385 2.43801 0.383799 -0.490683 -0.398585 -1.0172 -9999 -9999 -9999 -9999 -9999 -9999 -9999 -9999 -9999 -9999 -9999 -9999 1.45199 -9999 -9999 -9999 -9999 -9999 -9999 -9999 -9999 -9999 -9999 -9999 -9999 -9999 -9999 -9999 -9999 -9999 -9999 -9999 -9999 -2.04751 -9999 -9999 -9999 -9999 -9999 -9999 -9999
-9999 -9999 5.80952 6.43888 6.94528 7.59777 7.65269 8.03361 8.64076 8.65079 8.45729 8.23888 7.74572 7.62589 7.2598 6.48595 6.33076 6.64984 6.7988 6.96686 7.0713 6.9917 6.79322 6.53552 5.81221 4.92948 4.3372 2.46888 1.51614 0.613495 -0.753312 -1.82155 -9999 -9999 -9999 -9999 -9999 -9999 -9999 0.69398 0.652614 0.686965 0.997762 1.83766 1.36158 -9999 -9999 -9999 -9999 -9999 -9999 -9999 -9999 -9999 -9999 -9999 -9999 -9999 -9999 -9999 -9999 -9999 -9999 -9999 -1.29841 -2.36423 -9999 -9999 -9999 -9999 -9999 -9999
-9999 -9999 5.96141 6.6455 6.98708 7.62036 7.98254 8.2046 8.41526 8.61702 8.58467 8.3426 7.97394 7.97944 7.47152 7.1997 7.007 7.43758 7.52602 7.35885 7.14774 6.96085 6.42649 6.36584 6.18038 5.6202 4.69983 3.75126 2.3738 0.516611 -1.30427 -2.77208 -9999 -9999 -9999 -9999 -9999 -9999 0.833988 1.53201 1.95464 1.08804 1.84859 2.54508 2.44743 1.79773 -9999 -9999 -9999 -9999 -9999 -9999 -9999 -9999 -9999 -9999 -9999 -9999 -9999 -9999 3.76822 2.67341 0.451515 -0.681445 -1.35597 -2.3237 -9999 -9999 -9999 -9999 -9999 -9999
-9999 -9999 5.82293 6.63035 7.17696 7.66181 7.73878 8.22894 8.43861 8.54705 8.5355 8.48897 8.42313 7.97992 7.79175 7.12128 7.77156 7.75184 7.59304 6.95041 6.67369 5.56604 5.07948 4.96065 5.89561 5.20574 3.7645 1.96258 -0.211148 -0.349941 -1.06481 -2.37694 -9999 -9999 -9999 -9999 -9999 -9999 1.04098 1.78738 2.41282 2.51364 1.65352 2.88294 2.85066 2.18319 2.0422 2.61398 2.91025 2.71145 3.39794 3.60522 3.31589 3.65673 -9999 -9999 -9999 -9999 3.90161 3.9559 3.99958 3.54943 1.12104 -0.533357 -2.01714 -2.13658 -9999 -9999 -9999 -9999 -9999 -9999
-9999 -9999 6.37925 6.87601 7.12663 7.1663 7.60058 8.02759 8.2886 8.48327 8.44513 8.43118 8.41703 8.26787 7.91731 7.98596 7.96238 7.76057 6.53425 5.10165 5.73223 4.88164 3.0464 4.53312 5.34903 4.56678 2.8197 0.793683 0.121555 0.150751 -0.844664 -2.12444 -9999 -9999 -9999 -1.0026 0.0589822 0.158901 0.479141 1.47186 2.23038 2.805 3.20115 3.19468 2.81343 2.16159 1.45183 1.72404 3.04038 3.37144 3.65763 3.87224 3.60457 3.76369 4.12193 4.31141 4.35709 4.28416 4.27448 4.31221 4.28033 3.86082 1.68828 0.451218 -0.33296 -1.90346 -9999 -9999 -9999 -9999 -9999 -9999
-9999 -9999 6.06346 6.49512 6.84409 7.42096 7.48086 7.84708 8.05817 8.37781 8.41538 8.03766 8.35421 8.31741 8.2633 8.14402 7.96723 6.93342 5.50618 4.07493 3.41617 3.69332 2.59647 3.16305 3.98964 3.68589 2.61246 0.807061 0.551564 0.123755 -1.54988 -3.16178 -9999 -9999 -3.06121 -1.03208 0.399728 1.14303 1.38035 1.413 2.36642 2.45293 3.47986 3.24968 1.93214 2.09774 1.59167 1.94451 2.44107 2.58579 3.28536 3.96363 4.09983 4.11329 4.34485 4.39968 4.42027 4.42316 4.28155 4.35931 4.37935 4.12155 2.55152 1.7924 0.960426 -1.88223 -9999 -9999 -9999 -9999 -9999 -9999
-9999 -9999 6.27953 6.76159 7.28909 7.37298 7.76298 7.7206 7.60182 8.14776 8.34469 8.07849 7.88845 8.24785 8.22804 8.18639 8.11463 7.14394 6.01942 4.31343 3.2546 2.59998 2.13985 1.52335 1.94774 1.81735 1.6422 1.84062 1.34026 0.341695 -0.639685 -2.47352 -3.46525 -9999 -2.95914 -2.04066 -0.339107 1.10956 2.03376 1.71628 2.79942 3.01132 3.6371 3.28879 2.49828 2.16889 2.15328 2.0616 2.79755 3.29849 3.65384 3.89544 4.19589 4.2788 4.3612 4.40053 4.42554 4.45055 4.45517 4.45813 4.43537 4.34468 3.62871 2.87502 1.2256 -1.78822 -9999 -9999 -9999 -9999 -9999 -9999
-9999 4.87948 6.22324 7.03177 7.34329 7.56721 7.76417 7.90616 8.05062 8.19063 8.28858 8.24594 7.53922 7.60126 7.73391 8.14262 8.12028 8.0385 7.42672 5.35004 4.62892 3.57822 2.21775 1.65011 1.93436 3.04969 2.99814 2.25666 1.43028 0.282196 -0.446736 -1.57279 -3.73177 -3.53566 -2.55903 -1.8298 -0.671217 1.09786 2.34221 2.90459 3.12551 3.56828 3.80811 3.33097 2.88152 2.69911 2.34691 2.31091 2.32918 2.77966 3.13296 3.90442 4.1708 4.30031 4.36909 4.40968 4.44103 4.47178 4.48767 4.48149 4.49128 4.49527 4.45568 3.44392 0.899048 -1.00659 -9999 -9999 -9999 -9999 -9999 -9999
-9999 -9999 5.97247 6.32662 6.41714 6.57729 6.90829 7.29056 7.82899 7.89831 8.19912 8.19819 7.5882 6.88625 7.50692 7.75758 8.0177 8.03219 7.95919 6.20931 5.2975 4.57923 3.27459 3.74682 4.19372 4.22623 3.95403 2.36614 0.784338 -1.04544 -2.74792 -2.83059 -3.74796 -3.26121 -2.61526 -0.959727 0.208678 0.688378 1.03714 2.83892 3.31416 3.49159 3.96519 3.35647 3.2225 2.77034 2.92706 2.90269 2.9215 1.63614 2.95505 3.0458 3.90832 4.30306 4.40077 4.4328 4.46579 4.47741 4.49002 4.49425 4.51172 4.5106 4.51125 3.85889 0.623259 -0.983661 -9999 -9999 -9999 -9999 -9999 -9999
-9999 -9999 -9999 -9999 6.07926 6.34769 6.51849 6.81683 7.73337 7.98124 8.14671 8.1622 7.89234 7.19655 7.01818 7.15292 6.47785 7.05533 7.84008 7.82533 7.73421 6.19822 5.4132 6.17537 5.94289 4.78465 3.87191 2.97041 1.11852 -0.244268 -2.1956 -3.66081 -3.71667 -2.10092 -0.757274 0.917794 1.66151 1.25066 1.71572 2.61661 3.6402 4.14353 4.04443 3.40243 3.33479 2.62871 3.3581 3.43629 3.12192 2.85162 2.97996 3.41425 3.58715 4.26336 4.4343 4.47272 4.4854 4.49546 4.50003 4.50415 4.50726 4.51128 4.51438 4.49816 1.17214 -1.40208 -9999 -9999 -9999 -9999 -9999 -9999
-9999 -9999 -9999 -9999 5.43646 5.59846 6.03008 7.14441 7.72158 7.95686 7.94896 8.05975 7.87039 7.25953 6.63356 6.04479 5.28344 5.72932 6.8973 7.58724 7.66874 6.32254 7.02608 6.76343 6.24449 4.73006 3.61259 3.01814 1.23981 -0.289277 -1.58859 -3.38081 -2.61607 -1.77224 -0.686712 1.14017 2.37649 2.89078 2.47697 3.05782 4.23387 4.25582 3.6368 3.69529 3.333 2.36188 3.41027 3.71779 3.50098 3.57756 3.505 3.67538 3.97304 4.25694 4.44814 4.48125 4.49204 4.49317 4.50006 4.50951 4.50631 4.51839 4.52162 4.51867 2.37745 -1.45157 -9999 -9999 -9999 -9999 -9999 -9999
-9999 -9999 -9999 -9999 -9999 4.84808 5.8376 7.31797 7.67814 7.64356 7.95012 7.97813 7.686 7.43424 6.67337 5.6327 3.62758 4.14679 5.22239 6.76977 7.58407 7.47696 7.02767 6.24426 4.34743 2.68628 2.48187 2.20669 0.907755 -0.272057 -1.71633 -0.883255 0.0306375 1.03205 1.56028 1.42811 2.4884 3.35614 3.00213 3.71191 4.53948 4.18628 3.98481 3.81912 3.39666 3.38835 3.45346 4.05631 3.66856 3.93342 3.95434 3.95424 4.10542 4.27616 4.45365 4.48964 4.49759 4.50741 4.49528 4.51052 4.51059 4.5123 4.51638 4.51597 4.33642 2.28557 1.06354 -9999 -9999 -9999 -9999 -9999
-9999 -9999 -9999 -9999 -9999 3.93127 4.42321 6.17729 6.71192 7.48753 7.90014 7.92086 7.42566 7.15231 6.01534 5.65172 3.79761 2.96114 3.68214 3.41321 5.54086 7.42276 7.01553 3.22165 1.84654 0.864482 1.11353 1.11257 0.74838 -1.25318 -1.80489 -0.0229503 1.09946 1.97039 2.63299 2.7749 2.75879 4.11126 4.30041 4.74954 4.66882 4.72481 4.06298 3.66046 4.05197 3.64764 3.59371 4.21581 3.63759 4.19199 4.14305 3.99533 3.99936 4.36506 4.44657 4.49292 4.50314 4.49615 4.48552 4.48418 4.50552 4.51153 4.50478 4.52018 4.51661 4.29483 3.23919 2.88285 3.31825 -9999 -9999 -9999
-9999 -9999 -9999 -9999 -9999 -9999 2.78462 5.22399 6.33185 6.91763 7.74367 7.84511 7.58043 7.10546 5.948 4.93139 3.27449 1.38104 0.379303 3.39662 6.02226 7.39324 7.21547 4.05768 2.81065 2.75134 3.48316 2.86086 2.38782 0.864835 0.410334 -0.219897 0.167268 1.37915 2.37451 3.33486 4.03629 4.10161 4.56306 4.83421 4.86938 4.96575 4.90226 4.85416 4.22415 4.69476 4.32908 4.55027 4.43593 4.33343 4.24604 3.88522 4.16224 4.40763 4.47775 4.50617 4.49909 4.5028 4.50024 4.48638 4.48775 4.49766 4.50838 4.51072 4.52618 4.53976 4.43788 3.81029 2.96373 1.88898 -9999 -9999
-9999 -9999 -9999 -9999 -9999 -9999 1.56505 3.99305 5.15645 6.6638 7.4356 7.75217 7.71508 7.33109 6.4529 5.12849 4.02643 1.91161 -0.285029 2.88093 5.70021 7.22285 7.30497 4.65255 5.38821 4.79254 5.03079 3.93985 3.48504 3.11883 2.3357 1.48009 0.541542 0.0515918 2.27906 3.426 4.35175 4.79362 5.04892 5.18322 5.12927 4.97844 4.00634 4.77588 4.7599 4.7026 4.63405 4.60938 4.54768 4.47123 4.43108 4.42525 4.18874 4.48281 4.48746 4.49894 4.50751 4.50736 4.50092 4.49697 4.49114 4.50343 4.50859 4.51307 4.52174 4.5435 4.55355 4.53633 4.3829 2.93269 2.07202 1.84976
-9999 -9999 -9999 -9999 -9999 -9999 -1.84923 1.68474 4.51203 5.99711 7.20485 7.54013 7.6684 7.15123 6.76634 5.81848 4.92136 3.53376 1.45185 0.171535 2.54142 5.98567 7.25417 7.15716 7.07809 6.39008 5.76941 5.68967 5.73448 5.0051 3.9481 2.5755 2.15226 1.67298 3.33315 3.56273 3.44819 5.27816 5.29225 5.2002 4.51607 3.74778 3.91082 3.44567 3.83933 3.28036 3.82646 4.30034 4.48689 4.48757 4.44046 4.44819 4.43231 4.49469 4.50247 4.50251 4.50403 4.50833 4.50942 4.49681 4.49429 4.51255 4.51232 4.51511 4.52225 4.54602 4.55945 4.55076 4.54445 4.33603 4.01345 3.39021
-9999 -9999 -9999 -9999 -9999 -9999 -1.70425 1.26133 3.78427 5.29557 6.75269 7.09359 7.58864 7.48758 7.08387 6.26038 5.23023 4.08893 2.30332 0.977003 2.56439 4.85022 6.48837 7.07725 7.06984 7.03057 6.87465 6.80351 6.62161 6.48465 5.73145 4.44028 3.70889 2.63878 4.48893 4.70109 4.41872 5.3483 5.3116 3.92894 2.86964 2.74942 3.415 2.80815 2.72241 2.35278 2.80608 3.99392 3.66907 3.75093 4.29562 4.39561 4.46746 4.49223 4.49736 4.50308 4.50203 4.51141 4.52107 4.50919 4.5093 4.51528 4.50685 4.51924 4.5196 4.53494 4.5444 4.54711 4.54216 4.49454 4.44522 4.54301
-9999 -9999 -9999 -9999 -9999 -9999 -1.6454 0.348736 2.61967 4.84559 6.40167 7.0317 7.49201 7.49179 7.02135 6.61453 5.97054 4.96677 4.27963 3.08251 1.43726 4.2054 5.05308 5.81261 6.12643 6.91536 6.8958 6.53382 6.10341 6.49337 6.38535 5.36025 5.02475 4.45773 5.48871 5.49627 5.47424 5.42701 4.25884 2.63279 1.33635 2.29028 2.10697 2.5508 1.23523 2.35443 3.25656 3.55938 2.97204 2.53869 3.93368 4.18071 4.32759 4.42469 4.49116 4.486 4.50859 4.50898 4.51375 4.51863 4.51683 4.52052 4.52028 4.52066 4.52652 4.54332 4.54374 4.54535 4.56078 4.54364 4.54566 4.55758
-9999 -9999 -9999 -9999 -9999 -9999 -9999 -0.834175 2.03987 4.61128 6.04455 6.94762 7.3899 7.38644 7.14809 6.87313 6.47534 5.75208 4.842 3.40087 2.33153 3.0154 3.84505 3.9417 4.49547 6.09878 6.64662 5.87084 3.94292 5.08256 6.3468 6.3281 6.2228 6.10555 5.95471 5.82107 5.52341 4.71632 2.22902 1.74881 0.780894 0.904385 0.414975 1.52315 1.13625 2.27827 2.78151 2.98034 1.9521 2.18567 3.43063 3.92705 3.85745 4.16507 4.45743 4.47593 4.49308 4.49479 4.51023 4.52226 4.5279 4.52806 4.5308 4.53685 4.53239 4.56088 4.48398 4.43977 4.33359 4.50073 4.53057 4.57152
-9999 -9999 -9999 -9999 -9999 -9999 -9999 -1.41284 1.46094 4.48913 5.46365 6.43697 7.27794 7.2986 6.93159 6.58291 6.2236 5.81374 4.70876 3.63702 2.61354 2.27181 2.48117 2.46468 3.36037 5.44954 5.8548 5.68323 3.67735 3.00093 4.69016 6.11061 6.22534 6.1006 4.43665 4.79775 3.90435 2.69136 2.36431 1.83993 0.721624 1.27683 0.462019 0.829403 0.754874 1.40885 1.73487 2.50973 1.61481 1.63171 2.85496 3.47316 3.4994 4.14636 4.3833 4.45248 4.47705 4.49747 4.51018 4.53061 4.53575 4.53805 4.53801 4.52066 4.4619 4.25894 3.07885 3.09589 3.44277 3.77167 4.36908 4.552
-9999 -9999 -9999 -9999 -9999 -9999 -9999 -1.08269 0.912486 3.59999 5.59189 5.72048 6.69131 7.19466 6.79502 6.3446 5.88366 5.68463 4.48156 3.15932 2.0914 0.826243 1.03786 1.95076 3.43969 4.79016 5.03292 4.75564 3.68056 4.19042 5.3438 5.95795 6.14182 6.00434 5.64602 5.44199 4.78599 4.50651 3.59462 2.16475 1.60819 1.9784 0.461875 0.580796 1.15832 0.578794 1.58189 2.06875 0.908676 1.8626 2.93809 3.49338 3.97978 4.21543 4.31543 4.46301 4.47665 4.4983 4.51489 4.52354 4.53457 4.52389 4.51758 4.40203 4.22608 3.11404 2.67862 2.78547 3.32063 3.79091 4.30464 4.51278
-9999 -9999 -9999 -9999 -9999 -9999 -9999 -0.745315 1.05163 3.38249 4.80375 5.06113 6.13732 7.09496 6.99284 6.5239 6.38419 5.89791 4.87817 3.75112 2.51857 1.92088 0.542159 1.90498 2.98072 4.12508 4.66151 3.77792 3.33779 4.12563 4.90915 5.22453 6.01668 6.01405 5.7628 4.66203 4.12925 4.36524 4.14194 3.74516 2.76435 2.73086 2.10553 1.85346 1.61631 0.827407 1.35628 1.42069 1.58314 2.71401 3.27953 3.65813 4.00308 4.10158 4.25725 4.45588 4.48276 4.49983 4.50946 4.52371 4.52093 4.47884 4.44559 4.20003 3.75623 2.91744 1.57073 2.55817 3.59006 3.91873 4.2412 4.40749
-9999 -9999 -9999 -9999 -9999 -9999 -9999 -1.05347 0.855571 2.84834 3.68369 3.82873 5.77326 6.96567 6.97206 6.75204 6.49431 5.28665 5.36197 5.12353 4.01208 2.39116 0.610291 0.780415 1.8476 3.35371 3.85535 2.39593 1.88394 2.26693 3.45043 4.5106 5.6178 5.90309 5.58548 3.86873 2.04461 2.90179 3.81782 3.82195 3.56544 2.6568 2.37575 2.12274 1.4637 0.349939 0.526907 0.855021 2.14762 2.56162 3.19405 3.72095 3.53811 3.66276 4.16633 4.45967 4.48082 4.49635 4.51624 4.52051 4.51465 4.41935 4.31809 4.14058 2.96271 2.23524 1.18406 2.45866 3.16602 3.57434 4.24767 4.41755
-9999 -9999 -9999 -9999 -9999 -9999 -9999 -1.64606 -0.259605 1.64547 2.41557 3.64196 5.47984 6.38604 6.82275 6.81763 6.6473 6.1089 5.78677 5.14776 3.99146 2.40874 0.648743 -0.496146 0.0901266 2.11933 2.60933 1.257 0.576681 1.43305 2.69445 4.56042 5.62897 5.77815 5.68807 5.33937 4.00959 2.40205 2.41597 3.23516 2.56681 1.78896 2.23278 2.16341 1.5125 1.04227 0.768403 0.974797 1.71121 2.02277 2.75142 3.82077 3.98372 3.96489 4.42106 4.45408 4.4751 4.50249 4.51259 4.51925 4.51682 4.44107 4.25778 3.47732 2.79851 1.84968 1.74332 2.89315 3.40617 3.88702 4.22352 4.34126
-9999 -9999 -9999 -9999 -9999 -9999 -9999 -2.66458 -1.03371 0.751326 2.42315 4.00525 5.36762 5.47693 6.19764 6.20117 6.58086 6.47766 5.97875 5.44122 4.44553 2.41145 0.701383 -1.16413 -0.668612 1.40581 1.67103 0.773552 -0.887871 0.836459 2.73786 4.46189 5.39785 4.67413 5.42809 5.37344 4.87977 3.92598 2.43915 2.47632 1.3652 1.3263 1.91205 2.10948 2.02459 1.67427 1.1182 1.23904 1.69118 1.8154 2.48602 3.31828 4.1319 4.27797 4.442 4.45944 4.47267 4.49583 4.50809 4.5021 4.47193 4.39205 3.73919 2.96088 2.4861 1.82846 1.75941 3.07132 3.61847 3.93036 4.22257 4.34506
-9999 -9999 -9999 -9999 -9999 -9999 -9999 -9999 -1.20294 0.641236 2.00704 2.37797 3.58951 4.2458 4.75471 4.87099 6.31478 6.39845 6.08371 5.59031 4.74169 3.1991 2.12517 0.335998 -0.949307 -0.409892 -0.173489 0.30417 0.168953 0.940603 2.76813 4.67223 4.88493 3.68458 3.8696 4.12883 4.70182 4.42266 2.39368 1.36739 0.517477 1.1375 1.78968 1.95556 1.9975 1.88473 1.77269 1.53894 2.41029 3.05814 3.21765 3.78361 4.2043 4.32865 4.42489 4.44634 4.46782 4.47868 4.46552 4.45892 4.36705 4.14794 3.41614 1.64083 1.7358 1.55431 1.01049 2.29226 3.13315 3.85484 4.24389 4.35305
-9999 -9999 -9999 -9999 -9999 -9999 -9999 -9999 -1.81806 0.31524 0.769248 0.740231 0.0397946 0.368893 2.98687 3.51768 4.90258 6.21403 6.12228 5.63833 4.84461 3.92736 2.50503 0.492465 -1.10619 -1.78132 -0.0524059 1.63865 1.99261 2.53772 3.65954 3.87707 2.64987 1.49978 2.15532 2.55316 4.05019 4.32983 4.04849 2.8297 1.4354 0.712388 1.58722 1.71323 1.77589 1.79721 1.79265 1.77812 2.75947 3.30774 3.69168 3.90606 4.26905 4.37043 4.41044 4.44851 4.45296 4.44551 4.40062 4.3481 4.08097 3.75547 2.54949 1.54607 0.92478 0.133318 1.95494 2.51696 3.29809 3.80163 4.18859 4.28252
