Test_Spring_2018/02_18/Temp/20180227_008.txt
ncols	170
nrows	115
xllcorner	350000.000000
yllcorner	4445000.000000
cellsize	1000.000000
nodata_value	-9999.000000
[rows 31 to 61 of 115, columns 70 to 139 of 170]
3.53013 4.10373 4.31215 3.90686 3.94233 4.88783 5.09061 5.07115 4.96619 4.87007 4.40877 4.25191 3.88828 3.25093 2.98221 1.85151 -1.79815 -0.768362 -0.36723 -1.42731 -0.839921 0.117609 -0.722514 -3.20915 -4.28275 -6.00977 -5.46835 -5.99778 -7.38898 -9999 -9999 -9999 -9999 -9999 -9999 -9999 -9999 -9999 -9999 -9999 -9999 -9999 -9999 -9999 -9999 -9999 -9999 -9999 -9999 -9999 -9999 -9999 -9999 -9999 -9999 -9999 -9999 -9999 -9999 -9999 -9999 -9999 -9999 -9999 -9999 -9999 -9999 -9999 -9999 -9999
3.64582 3.90641 3.87814 3.48782 4.08029 4.62527 4.26747 4.03395 4.92521 4.9206 4.60807 3.88006 3.61071 3.33183 3.15984 2.22811 -0.380471 -2.73227 -1.47644 -1.44943 -2.32271 -0.765104 -1.59285 -3.74706 -6.7869 -5.14057 -5.57419 -7.73563 -8.26964 -9999 -9999 -9999 -9999 -9999 -9999 -9999 -9999 -9999 -9999 -9999 -9999 -9999 -9999 -9999 -9999 -9999 -9999 -9999 -9999 -9999 -9999 -9999 -9999 -9999 -9999 -9999 -9999 -9999 -9999 -9999 -9999 -9999 -9999 -9999 -9999 -9999 -9999 -9999 -9999 -9999
2.92352 3.57846 3.37256 3.20264 4.08546 4.06246 3.99236 4.29305 4.84239 4.94977 4.82538 4.50567 4.22865 3.93446 3.19348 2.12804 -0.104888 -2.78145 -3.39068 -2.08494 -2.02509 -1.81782 -2.57243 -3.51965 -4.99976 -3.79445 -3.32887 -4.74616 -6.60808 -7.80971 -9999 -9999 -9999 -9999 -9999 -9999 -9999 -9999 -9999 -9999 -9999 -9999 -9999 -9999 -9999 -9999 -9999 -9999 -9999 -9999 -9999 -9999 -9999 -9999 -9999 -9999 -9999 -9999 -9999 -9999 -9999 -9999 -9999 -9999 -9999 -9999 -9999 -9999 -9999 -9999
1.95107 3.07748 2.76749 1.90321 2.43362 2.83066 3.55246 3.72646 3.83337 4.88708 4.82693 4.77404 4.31866 3.954 3.35221 2.32671 0.868068 -0.887509 -3.94218 -2.06316 -0.592493 -0.633225 -0.717085 -1.38164 -2.80368 -1.62064 -1.56883 -3.37866 -5.45328 -6.66641 -7.16974 -9999 -9999 -9999 -9999 -9999 -9999 -9999 -9999 -9999 -9999 -9999 -9999 -9999 -9999 -9999 -9999 -9999 -9999 -9999 -9999 -9999 -9999 -9999 -9999 -9999 -9999 -9999 -9999 -9999 -9999 -9999 -9999 -9999 -9999 -9999 -9999 -9999 -9999 -9999
-9999 2.37688 2.07823 1.02337 1.55701 2.27035 3.27075 3.77505 4.16122 4.47329 4.79189 4.74991 4.28393 2.91489 2.71672 2.65468 1.6997 -0.301313 -2.29968 -2.81942 -0.574351 0.0660721 -0.06817 0.430467 -0.774667 -0.210518 -0.447234 -1.09131 -3.0787 -4.89343 -5.64249 -7.11994 -9999 -9999 -9999 -9999 -9999 -9999 -9999 -9999 -9999 -9999 -9999 -9999 -9999 -9999 -9999 -9999 -9999 -9999 -9999 -9999 -9999 -9999 -9999 -9999 -9999 -9999 -9999 -9999 -9999 -9999 -9999 -9999 -9999 -9999 -9999 -9999 -9999 -9999
-9999 -9999 -9999 -9999 0.369559 1.33436 2.13261 3.10958 3.95057 4.37455 4.78653 4.74917 3.82133 3.36592 3.32332 2.69654 1.59459 0.902037 -0.357096 -1.66889 -1.17162 0.742411 -0.113419 1.24136 1.12287 1.36865 0.456804 -1.27486 -3.57356 -4.92497 -5.59543 -6.79316 -9999 -9999 -9999 -9999 -9999 -9999 -9999 -9999 -9999 -9999 -9999 -9999 -9999 -9999 -9999 -9999 -9999 -9999 -9999 -9999 -9999 -9999 -9999 -9999 -9999 -9999 -9999 -9999 -9999 -9999 -9999 -9999 -9999 -9999 -9999 -9999 -9999 -9999
-9999 -9999 -9999 -9999 -9999 1.16652 1.77223 3.09128 3.75377 4.02727 4.69419 4.69179 4.33807 4.07044 3.6838 3.17993 2.35117 1.43717 0.252902 0.140965 1.36453 1.3768 1.11753 1.31552 1.94192 1.77196 0.362315 -2.07274 -3.35817 -5.97175 -7.0901 -6.9784 -7.77143 -9999 -9999 -9999 -9999 -9999 -9999 -9999 -9999 -9999 -9999 -9999 -9999 -4.74364 -9999 -9999 -9999 -9999 -9999 -9999 -9999 -9999 -9999 -9999 -9999 -9999 -9999 -9999 -9999 -9999 -9999 -9999 -9999 -9999 -9.4436 -9999 -9999 -9999
-9999 -9999 -9999 -9999 1.07133 1.87846 2.51699 3.34173 3.40957 3.89069 4.65801 4.66528 4.41334 4.12945 3.49559 3.33656 2.86379 1.87181 1.66701 2.06572 2.24794 2.45461 2.58057 2.47265 2.21386 1.88017 0.962853 -0.165942 -0.924818 -3.30606 -4.51936 -5.67335 -7.41828 -8.78352 -9999 -9999 -9999 -9999 -9999 -9999 -9999 -5.64763 -5.71116 -5.67875 -5.29486 -4.23785 -4.85587 -9999 -9999 -9999 -9999 -9999 -9999 -9999 -9999 -9999 -9999 -9999 -9999 -9999 -9999 -9999 -9999 -9999 -9999 -9999 -8.48059 -9.84921 -9999 -9999
-9999 -9999 -9999 -9999 1.29284 2.15736 2.58636 3.38694 3.84276 4.12515 4.38817 4.63973 4.59311 4.27929 3.80398 3.80446 3.15111 2.79791 2.54513 3.08547 3.19037 2.97012 2.69423 2.44959 1.76324 1.68032 1.44699 0.728925 -0.44721 -1.65899 -3.41116 -5.77959 -8.10202 -9.97541 -9999 -9999 -9999 -9999 -9999 -9999 -5.44097 -4.5634 -4.03694 -5.15178 -4.19614 -3.32234 -3.45946 -4.29949 -9999 -9999 -9999 -9999 -9999 -9999 -9999 -9999 -9999 -9999 -9999 -9999 -9999 -9999 -1.97713 -3.38137 -6.22029 -7.67366 -8.54397 -9.78785 -9999 -9999
-9999 -9999 -9999 -9999 1.13181 2.15353 2.84376 3.45577 3.54896 4.17019 4.43473 4.56782 4.54792 4.48311 4.39327 3.82267 3.57615 2.71538 3.53521 3.50216 3.29209 2.46642 2.1068 0.690141 0.0645565 -0.0848256 1.09976 0.216936 -1.62172 -3.91909 -6.68497 -6.86538 -7.7797 -9.4545 -9999 -9999 -9999 -9999 -9999 -9999 -5.15906 -4.22038 -3.43635 -3.3206 -4.4283 -2.87698 -2.93146 -3.79543 -3.98939 -3.27616 -2.91341 -3.18024 -2.32281 -2.07238 -2.45352 -2.03215 -9999 -9999 -9999 -9999 -1.77639 -1.71778 -1.67273 -2.25635 -5.35798 -7.47496 -9.37526 -9.54185 -9999 -9999
-9999 -9999 -9999 -9999 1.85455 2.48114 2.79499 2.8408 3.38915 3.93049 4.26032 4.5053 4.45154 4.42812 4.40395 4.2074 3.75398 3.83361 3.79552 3.53042 1.96144 0.130113 0.925 -0.165679 -2.49934 -0.614377 0.418951 -0.581092 -2.80855 -5.39061 -6.24485 -6.21114 -7.48197 -9.11252 -9999 -9999 -9999 -7.71029 -6.36789 -6.25041 -5.8535 -4.6016 -3.64853 -2.93279 -2.44236 -2.4574 -2.9645 -3.80936 -4.72798 -4.39675 -2.73646 -2.32984 -1.98195 -1.7226 -2.07649 -1.88694 -1.44294 -1.2132 -1.16601 -1.26939 -1.29205 -1.25426 -1.30512 -1.84952 -4.62555 -6.21134 -7.22132 -9.24329 -9999 -9999
-9999 -9999 -9999 -9999 1.4698 2.01374 2.45293 3.18309 3.25513 3.71715 3.98375 4.38727 4.43005 3.94378 4.34049 4.28687 4.21058 4.0508 3.81743 2.49313 0.668134 -1.16173 -2.00798 -1.65541 -3.05746 -2.34342 -1.29636 -1.68737 -3.05275 -5.35377 -5.68202 -6.22545 -8.35948 -10.4151 -9999 -9999 -10.3039 -7.729 -5.91543 -4.97927 -4.6882 -4.65859 -3.45802 -3.36147 -2.06861 -2.36953 -4.06819 -3.87314 -4.53721 -4.10414 -3.48931 -3.3202 -2.44461 -1.59695 -1.43695 -1.43247 -1.14977 -1.09136 -1.07597 -1.08267 -1.27299 -1.18399 -1.16854 -1.50695 -3.51584 -4.49322 -5.56563 -9.20403 -9999 -9999
-9999 -9999 -9999 -9999 1.76135 2.36979 3.03648 3.13891 3.63114 3.57168 3.41875 4.10935 4.356 4.01173 3.7637 4.21422 4.1814 4.12017 4.02018 2.7759 1.33588 -0.843884 -2.19946 -3.03365 -3.6252 -4.41248 -3.87689 -4.04675 -4.27306 -4.02349 -4.66227 -5.93166 -7.18376 -9.52185 -10.7884 -9999 -10.1556 -8.99408 -6.83719 -5.00346 -3.83846 -4.25488 -2.88971 -2.63418 -1.84666 -2.30509 -3.33341 -3.77134 -3.80757 -3.94052 -3.01994 -2.40245 -1.96551 -1.67261 -1.30495 -1.21224 -1.1194 -1.08064 -1.05947 -1.03779 -1.04172 -1.04765 -1.08641 -1.21193 -2.13373 -3.10552 -5.21686 -9.07286 -9999 -9999
-9999 -9999 -9999 -0.00680714 1.70304 2.72731 3.11945 3.40043 3.6473 3.82429 4.00625 4.17938 4.29945 4.24024 3.3346 3.40653 3.56756 4.07926 4.04189 3.92865 3.14094 0.489203 -0.431843 -1.7723 -3.50914 -4.23788 -3.88031 -2.46435 -2.53289 -3.47906 -4.53296 -5.99254 -6.92177 -8.35806 -11.1103 -10.8655 -9.62856 -8.70773 -7.24188 -5.00048 -3.42826 -2.72524 -2.45787 -1.90422 -1.61398 -2.23962 -2.83398 -3.08317 -3.54848 -3.61122 -3.60468 -3.04769 -2.614 -1.65128 -1.3263 -1.1751 -1.09959 -1.05913 -1.0297 -1.00048 -0.989789 -1.00707 -1.00415 -1.00898 -1.07085 -2.36987 -5.62408 -8.06938 -9999 -9999
-9999 -9999 -9999 -9999 1.39702 1.84329 1.95447 2.15456 2.57229 3.0553 3.7388 3.82281 4.20087 4.19395 3.41158 2.51106 3.293 3.60334 3.92522 3.93428 3.83208 1.60165 0.434339 -0.48583 -2.15139 -1.55637 -0.991481 -0.953262 -1.30224 -3.32519 -5.34006 -7.66691 -9.8359 -9.9438 -11.1139 -10.4995 -9.68319 -7.58334 -6.10496 -5.50463 -5.07241 -2.79229 -2.1981 -1.98895 -1.40191 -2.193 -2.3862 -2.97933 -2.79753 -2.84608 -2.8394 -4.49213 -2.83001 -2.73026 -1.64736 -1.16115 -1.04919 -1.01952 -0.987807 -0.982686 -0.975919 -0.979706 -0.966785 -0.978616 -0.990555 -1.83262 -5.96329 -8.02831 -9999 -9999
-9999 -9999 -9999 -9999 -9999 -9999 1.53794 1.87605 2.09006 2.4664 3.63118 3.94245 4.14825 4.1624 3.81256 2.91973 2.68457 2.84721 1.97871 2.70494 3.69679 3.67048 3.54777 1.58706 0.581734 1.54732 1.24783 -0.229141 -1.39302 -2.54208 -4.90035 -6.63265 -9.11805 -10.9852 -11.0595 -9.00743 -7.30281 -5.17802 -4.24012 -4.77324 -4.19313 -3.05875 -1.77016 -1.14475 -1.28694 -2.12077 -2.22985 -3.14661 -2.23646 -2.15495 -2.57275 -2.93404 -2.78755 -2.25087 -2.04587 -1.19919 -0.994395 -0.958064 -0.952051 -0.94872 -0.951968 -0.955688 -0.962304 -0.967441 -0.974508 -1.00703 -5.25286 -8.54892 -9999 -9999
-9999 -9999 -9999 -9999 -9999 -9999 0.733185 0.935941 1.48198 2.89684 3.62967 3.92486 3.90992 4.04526 3.79774 3.01286 2.20794 1.44966 0.471875 1.03066 2.50899 3.37962 3.47672 1.75771 2.64708 2.30855 1.64466 -0.285434 -1.70969 -2.46778 -4.73227 -6.67611 -8.33157 -10.6148 -9.64465 -8.57487 -7.1988 -4.88069 -3.31587 -2.67178 -3.20961 -2.48334 -1.00082 -0.988246 -1.79235 -1.73491 -2.21915 -3.47353 -2.1577 -1.78462 -2.07856 -1.99864 -2.10809 -1.90748 -1.54385 -1.19654 -0.96599 -0.935385 -0.932301 -0.940203 -0.940368 -0.937806 -0.95147 -0.946322 -0.953252 -0.96897 -3.70702 -8.60004 -9999 -9999
-9999 -9999 -9999 -9999 -9999 -9999 -9999 -0.00586122 1.25016 3.1308 3.58736 3.53894 3.92406 3.9539 3.57544 3.2475 2.27081 0.937433 -1.62346 -0.971285 0.389553 2.35156 3.38142 3.23954 2.66181 1.66062 -0.756816 -2.87359 -3.13574 -3.4875 -5.14186 -6.64122 -8.48121 -7.42334 -6.26339 -4.9931 -4.32635 -4.50157 -3.16076 -2.06649 -2.52862 -1.63825 -0.599261 -1.06415 -1.33688 -1.56481 -2.1257 -2.15481 -2.0905 -1.34167 -1.85327 -1.53382 -1.5244 -1.54084 -1.36368 -1.16042 -0.94732 -0.913046 -0.913303 -0.910214 -0.934704 -0.924493 -0.93401 -0.942097 -0.948007 -0.960553 -1.20208 -3.83205 -5.4029 -9999
-9999 -9999 -9999 -9999 -9999 -9999 -9999 -1.15966 -0.537085 1.69172 2.37015 3.35265 3.87253 3.89291 3.25589 2.90084 1.44559 0.973785 -1.39483 -2.46791 -1.55825 -1.90772 0.793764 3.18338 2.6592 -2.17337 -3.92684 -5.1794 -4.86455 -4.86746 -5.33237 -7.87773 -8.58199 -6.31673 -4.89161 -3.78757 -2.94993 -2.77626 -2.80546 -1.0943 -0.865034 -0.306313 -0.423202 -0.367194 -1.22569 -1.75492 -1.27978 -1.8128 -1.89989 -1.12647 -1.8804 -1.19239 -1.27182 -1.47609 -1.48616 -1.03476 -0.943807 -0.896359 -0.893973 -0.912228 -0.934712 -0.94601 -0.928544 -0.931252 -0.951019 -0.943518 -0.961117 -1.26331 -2.62236 -3.09195
-9999 -9999 -9999 -9999 -9999 -9999 -9999 -9999 -2.60989 0.490813 1.89856 2.63919 3.68501 3.80794 3.46718 2.85406 1.37209 0.0693442 -2.04812 -4.46626 -5.74896 -1.91591 1.41948 3.15889 2.92668 -1.09642 -2.687 -2.76536 -1.83635 -2.63034 -3.23414 -5.17069 -5.75162 -6.5567 -6.06767 -4.52802 -3.2685 -2.05371 -1.16974 -1.09672 -0.520894 -0.188374 -0.157546 -0.0498956 -0.146611 -0.224469 -1.04926 -0.468424 -0.951981 -0.688525 -0.85182 -0.99961 -1.12775 -1.60307 -1.26559 -0.967234 -0.89076 -0.867047 -0.88626 -0.89105 -0.903427 -0.930114 -0.939389 -0.937263 -0.934897 -0.944059 -0.93745 -0.94018 -1.08526 -1.89991
-9999 -9999 -9999 -9999 -9999 -9999 -9999 -9999 -4.14954 -1.06367 0.414539 2.32774 3.3083 3.70608 3.65069 3.15345 2.02706 0.332752 -1.07837 -3.77806 -6.58132 -2.55902 1.02292 2.95539 3.05526 -0.326297 0.606263 -0.155017 0.145467 -1.24538 -1.82646 -2.29114 -3.29082 -4.38321 -5.57849 -6.20935 -3.38096 -1.92886 -0.759475 -0.207174 0.106405 0.264758 0.183431 -0.023825 -1.27652 -0.313352 -0.356405 -0.446965 -0.551925 -0.600931 -0.696839 -0.811113 -0.878776 -0.902043 -1.21795 -0.858024 -0.866175 -0.862797 -0.862265 -0.872197 -0.889777 -0.90413 -0.921108 -0.918236 -0.923261 -0.929749 -0.931744 -0.924167 -0.926587 -0.964164
-9999 -9999 -9999 -9999 -9999 -9999 -9999 -9999 -8.48246 -3.98941 -0.387822 1.49599 3.02943 3.44844 3.60359 2.93698 2.4386 1.22374 0.073654 -1.70029 -4.35737 -5.99365 -2.98362 1.39454 3.00404 2.87441 2.76978 1.89062 1.09753 0.993112 1.04734 0.120066 -1.22327 -2.97497 -3.52123 -4.13715 -2.03107 -1.74668 -1.90135 0.417606 0.424354 0.294908 -0.589121 -1.57995 -1.38754 -1.99588 -1.51727 -2.24572 -1.56785 -0.981829 -0.761287 -0.77695 -0.853019 -0.859187 -0.894104 -0.830798 -0.833156 -0.844472 -0.853132 -0.857678 -0.866008 -0.891709 -0.904791 -0.891877 -0.907063 -0.915774 -0.919836 -0.909813 -0.907658 -0.934048
-9999 -9999 -9999 -9999 -9999 -9999 -9999 -9999 -8.27876 -4.50693 -1.30199 0.619118 2.46635 2.89255 3.51459 3.37773 2.85559 1.79924 0.480069 -0.980208 -3.26004 -4.95478 -2.94066 -0.0367797 2.04336 2.78637 2.7721 2.71819 2.5161 2.42879 2.19361 2.01983 1.05647 -0.594811 -1.53134 -2.89961 -0.552056 -0.290047 -0.658411 0.514662 0.456935 -1.31479 -2.67591 -2.8427 -2.00887 -2.79649 -2.92815 -3.41499 -2.85461 -1.35934 -1.78894 -1.70102 -1.02362 -0.911653 -0.838156 -0.819792 -0.825555 -0.829777 -0.841949 -0.840356 -0.838119 -0.86327 -0.873327 -0.876328 -0.898211 -0.899417 -0.911941 -0.913179 -0.915395 -0.926907
-9999 -9999 -9999 -9999 -9999 -9999 -9999 -9999 -8.18655 -5.65594 -2.77197 0.0590613 2.03221 2.82642 3.40436 3.39601 2.78914 2.26329 1.4358 0.150729 -0.730958 -2.26121 -4.36127 -0.843885 0.230347 1.19008 1.5919 2.59202 2.56326 2.09868 1.55006 2.04152 1.89559 0.585291 0.152159 -0.576235 0.728444 0.729844 0.692723 0.622646 -0.874947 -2.95615 -4.6187 -3.41795 -3.66524 -3.11374 -4.8103 -3.40086 -2.26922 -1.9003 -2.66291 -3.23016 -1.47004 -1.17515 -1.00205 -0.891549 -0.819284 -0.837507 -0.819836 -0.83 -0.834354 -0.838516 -0.851357 -0.857532 -0.869199 -0.880646 -0.891951 -0.891464 -0.905441 -0.923032
-9999 -9999 -9999 -9999 -9999 -9999 -9999 -9999 -9999 -7.14367 -3.48691 -0.221404 1.59523 2.73677 3.29167 3.2792 2.96782 2.61001 2.09616 1.16846 0.00343179 -1.83698 -3.20371 -2.33867 -1.28677 -1.17116 -0.470913 1.56523 2.25811 1.26637 -1.1862 0.255235 1.8585 1.82857 1.68794 1.53154 1.32989 1.15138 0.763381 -0.273727 -3.45003 -4.07078 -5.31485 -5.17058 -5.807 -4.40937 -4.92427 -3.48647 -2.86184 -2.62463 -3.94899 -3.66684 -2.10342 -1.486 -1.58829 -1.2098 -0.848134 -0.836376 -0.82586 -0.834641 -0.825753 -0.821167 -0.824842 -0.83833 -0.846627 -0.851229 -0.87709 -0.862329 -0.974652 -1.04556
-9999 -9999 -9999 -9999 -9999 -9999 -9999 -9999 -9999 -7.86106 -4.21043 -0.363608 0.869233 2.10029 3.16278 3.18119 2.70627 2.25481 1.79007 1.26131 -0.151744 -1.5221 -2.8306 -3.27103 -3.00973 -3.03762 -1.90259 0.751484 1.26248 1.03926 -1.51666 -2.38337 -0.239648 1.56162 1.70066 1.53442 -0.591318 -0.140367 -1.28666 -2.84034 -3.26716 -3.9458 -5.38098 -4.68691 -5.73703 -5.2831 -5.39875 -4.5815 -4.1818 -3.21092 -4.36505 -4.35808 -2.82258 -2.04994 -2.03009 -1.2197 -0.930583 -0.85448 -0.834762 -0.82005 -0.81502 -0.800172 -0.804929 -0.813562 -0.825525 -0.859935 -0.947483 -1.22727 -2.75151 -2.74408
-9999 -9999 -9999 -9999 -9999 -9999 -9999 -9999 -9999 -7.42733 -4.89498 -1.48178 1.0459 1.20198 2.42986 3.06274 2.54645 1.96565 1.37167 1.11129 -0.426603 -2.11582 -3.48102 -5.09689 -4.83297 -3.67627 -1.78861 -0.0750383 0.228748 -0.129393 -1.50117 -0.85849 0.60289 1.37763 1.60434 1.42163 0.957367 0.688932 -0.155287 -0.520885 -1.69194 -3.52282 -4.24283 -3.78389 -5.72672 -5.58858 -4.86718 -5.62621 -4.3643 -3.75944 -5.25056 -4.05782 -2.70341 -2.01062 -1.40502 -1.11806 -1.00329 -0.827544 -0.821943 -0.805925 -0.796215 -0.796624 -0.794106 -0.819434 -0.839489 -0.998912 -1.23557 -2.66393 -3.24937 -3.12731
-9999 -9999 -9999 -9999 -9999 -9999 -9999 -9999 -9999 -6.98425 -4.70431 -1.74503 0.0564119 0.376467 1.73854 2.94971 2.81218 2.20792 2.02284 1.39692 0.0923266 -1.34854 -2.92338 -3.68994 -5.45025 -3.72117 -2.35966 -0.908689 -0.231457 -1.35924 -1.92569 -0.929548 0.0608142 0.455041 1.45566 1.44437 1.11619 -0.293634 -0.981088 -0.690646 -0.985273 -1.50121 -2.76097 -2.81556 -3.62388 -3.95756 -4.27263 -5.29784 -4.63905 -4.57144 -4.38655 -2.96125 -2.25563 -1.78754 -1.36185 -1.24942 -1.06385 -0.823253 -0.800975 -0.790972 -0.790354 -0.783849 -0.799104 -0.864554 -0.918993 -1.2439 -1.82141 -2.90191 -4.6478 -3.40473
-9999 -9999 -9999 -9999 -9999 -9999 -9999 -9999 -9999 -7.36265 -4.94014 -2.41121 -1.35545 -1.17834 1.28894 2.79898 2.79963 2.51224 2.17701 0.632992 0.722058 0.412057 -1.00875 -3.07772 -5.35001 -5.13908 -3.7902 -1.87748 -1.24474 -3.10577 -3.76393 -3.28327 -1.78408 -0.442169 0.959245 1.31422 0.901473 -1.2924 -3.62338 -2.54236 -1.38691 -1.39252 -1.73032 -2.89857 -3.26849 -3.60313 -4.45486 -5.89393 -5.68206 -5.27852 -3.65499 -3.14229 -2.35134 -1.69436 -1.94032 -1.79459 -1.16628 -0.805242 -0.790382 -0.782512 -0.769004 -0.775374 -0.794708 -0.928004 -1.06907 -1.30741 -2.81916 -3.75791 -5.11815 -3.51951
-9999 -9999 -9999 -9999 -9999 -9999 -9999 -9999 -9999 -8.10303 -6.34569 -3.92842 -2.95571 -1.40237 0.929207 2.07503 2.62339 2.60954 2.38556 1.69331 1.27652 0.456649 -1.02133 -3.04178 -5.28763 -6.75045 -6.00988 -3.43539 -2.82147 -4.5427 -5.41524 -4.33225 -2.73405 -0.366732 0.985379 1.16703 1.04378 0.590953 -1.11091 -3.16673 -3.15939 -2.12763 -2.9895 -3.99119 -3.43846 -3.53922 -4.38045 -4.99196 -5.36199 -5.12156 -4.19772 -3.81526 -2.90171 -1.55428 -1.3601 -1.39698 -0.829024 -0.799361 -0.784761 -0.761915 -0.761 -0.764451 -0.779533 -0.888043 -1.13358 -2.13934 -3.01593 -4.23637 -4.38478 -2.95463
-9999 -9999 -9999 -9999 -9999 -9999 -9999 -9999 -9999 -9.38547 -7.31717 -5.05273 -2.93243 -0.926375 0.800009 0.93165 1.84147 1.83862 2.31465 2.17626 1.53444 0.843685 -0.429949 -3.0249 -5.20729 -7.58733 -6.96234 -4.3322 -3.9963 -5.14512 -7.26637 -5.07879 -2.66611 -0.479473 0.703843 -0.22547 0.725444 0.646848 0.0090685 -1.21476 -3.11741 -3.08093 -4.50632 -4.56751 -3.83412 -3.59529 -3.71609 -4.17492 -4.90441 -4.77265 -4.21051 -4.06642 -3.22667 -2.18094 -1.15864 -0.985648 -0.789519 -0.779728 -0.775117 -0.757731 -0.754147 -0.773788 -0.824263 -0.938108 -1.78133 -2.78438 -3.40133 -4.25118 -4.35209 -2.70519
