Test_Spring_2018/02_18/Temp/20180212_001.txt
ncols	170
nrows	115
xllcorner	350000.000000
yllcorner	4445000.000000
cellsize	1000.000000
nodata_value	-9999.000000
[rows 31 to 61 of 115, columns 71 to 141 of 170]
6.4926 6.67822 6.32377 6.35787 7.20878 7.40053 7.38738 7.31884 7.23763 6.83448 6.69907 6.38117 5.82183 5.58681 4.5924 1.37943 2.28746 2.64189 1.70962 2.22849 3.07368 2.33614 0.149019 -0.793213 -2.31045 -1.8262 -2.2771 -3.49809 -9999 -9999 -9999 -9999 -9999 -9999 -9999 -9999 -9999 -9999 -9999 -9999 -9999 -9999 -9999 -9999 -9999 -9999 -9999 -9999 -9999 -9999 -9999 -9999 -9999 -9999 -9999 -9999 -9999 -9999 -9999 -9999 -9999 -9999 -9999 -9999 -9999 -9999 -9999 -9999 -9999 -9999 -9999
6.31152 6.28861 5.9472 6.47165 6.95454 6.66786 6.47634 7.27492 7.2741 7.0018 6.36328 6.12834 5.88469 5.7349 4.91579 2.61978 0.549842 1.6571 1.68228 0.914823 2.28847 1.56176 -0.332758 -3.00683 -1.55354 -1.93168 -3.81639 -4.28024 -9999 -9999 -9999 -9999 -9999 -9999 -9999 -9999 -9999 -9999 -9999 -9999 -9999 -9999 -9999 -9999 -9999 -9999 -9999 -9999 -9999 -9999 -9999 -9999 -9999 -9999 -9999 -9999 -9999 -9999 -9999 -9999 -9999 -9999 -9999 -9999 -9999 -9999 -9999 -9999 -9999 -9999 -9999
6.01511 5.83572 5.68835 6.46839 6.45096 6.40779 6.69688 7.19411 7.29178 7.18507 6.90606 6.66432 6.40718 5.75629 4.81946 2.85432 0.498426 -0.0367868 1.11457 1.1689 1.35331 0.690927 -0.140737 -1.44137 -0.376696 0.0367918 -1.20443 -2.82594 -3.86868 -9999 -9999 -9999 -9999 -9999 -9999 -9999 -9999 -9999 -9999 -9999 -9999 -9999 -9999 -9999 -9999 -9999 -9999 -9999 -9999 -9999 -9999 -9999 -9999 -9999 -9999 -9999 -9999 -9999 -9999 -9999 -9999 -9999 -9999 -9999 -9999 -9999 -9999 -9999 -9999 -9999 -9999
5.56603 5.29497 4.53608 5.00577 5.35823 6.02308 6.20013 6.29755 7.22858 7.17842 7.13435 6.73551 6.41628 5.88797 4.9863 3.70304 2.15822 -0.530649 1.12557 2.42233 2.38829 2.31655 1.73372 0.484117 1.52903 1.57795 -0.00549107 -1.80515 -2.87117 -3.31228 -9999 -9999 -9999 -9999 -9999 -9999 -9999 -9999 -9999 -9999 -9999 -9999 -9999 -9999 -9999 -9999 -9999 -9999 -9999 -9999 -9999 -9999 -9999 -9999 -9999 -9999 -9999 -9999 -9999 -9999 -9999 -9999 -9999 -9999 -9999 -9999 -9999 -9999 -9999 -9999 -9999
4.94086 4.67985 3.75319 4.2258 4.85691 5.75349 6.22367 6.57826 6.85622 7.13963 7.10518 6.69701 5.49321 5.32032 5.26708 4.42732 2.66629 0.907613 0.45123 2.42992 2.99569 2.87952 3.32103 2.26239 2.76219 2.55694 1.99726 0.264103 -1.31893 -1.97657 -3.27597 -9999 -9999 -9999 -9999 -9999 -9999 -9999 -9999 -9999 -9999 -9999 -9999 -9999 -9999 -9999 -9999 -9999 -9999 -9999 -9999 -9999 -9999 -9999 -9999 -9999 -9999 -9999 -9999 -9999 -9999 -9999 -9999 -9999 -9999 -9999 -9999 -9999 -9999 -9999 -9999
-9999 -9999 -9999 3.172 4.03688 4.75173 5.62936 6.3847 6.76134 7.12709 7.09676 6.28185 5.88264 5.84667 5.296 4.32669 3.71786 2.61008 1.45604 1.89539 3.58272 2.83101 4.02648 3.9248 4.14424 3.34445 1.83829 -0.18074 -1.35569 -1.94409 -2.99717 -9999 -9999 -9999 -9999 -9999 -9999 -9999 -9999 -9999 -9999 -9999 -9999 -9999 -9999 -9999 -9999 -9999 -9999 -9999 -9999 -9999 -9999 -9999 -9999 -9999 -9999 -9999 -9999 -9999 -9999 -9999 -9999 -9999 -9999 -9999 -9999 -9999 -9999 -9999 -9999
-9999 -9999 -9999 -9999 3.88117 4.4264 5.59211 6.20332 6.44766 7.03808 7.03863 6.72935 6.49548 6.15643 5.71386 4.98498 4.18094 3.13891 3.04139 4.12024 4.13265 3.90627 4.08298 4.63736 4.49076 3.257 1.12665 -0.00206382 -2.28633 -3.26906 -3.16886 -3.86586 -9999 -9999 -9999 -9999 -9999 -9999 -9999 -9999 -9999 -9999 -9999 -9999 -1.21488 -9999 -9999 -9999 -9999 -9999 -9999 -9999 -9999 -9999 -9999 -9999 -9999 -9999 -9999 -9999 -9999 -9999 -9999 -9999 -9999 -5.43662 -9999 -9999 -9999 -9999 -9999
-9999 -9999 -9999 3.77369 4.50744 5.0743 5.80517 5.88158 6.31962 6.99869 7.00788 6.78827 6.54003 5.98315 5.84409 5.42849 4.55554 4.37587 4.72785 4.88945 5.07295 5.1858 5.09313 4.86805 4.57741 3.78754 2.79708 2.1324 0.0406676 -1.01338 -2.02766 -3.56283 -4.76411 -9999 -9999 -9999 -9999 -9999 -9999 -9999 -2.00974 -2.06791 -2.04174 -1.70613 -0.777806 -1.32469 -9999 -9999 -9999 -9999 -9999 -9999 -9999 -9999 -9999 -9999 -9999 -9999 -9999 -9999 -9999 -9999 -9999 -9999 -9999 -4.59534 -5.80671 -9999 -9999 -9999 -9999
-9999 -9999 -9999 3.97816 4.74446 5.12739 5.83757 6.24397 6.5185 6.75371 6.9782 6.93946 6.66481 6.2474 6.24858 5.67368 5.36297 5.14075 5.6172 5.7105 5.5179 5.27681 5.06379 4.46231 4.39275 4.20478 3.57645 2.54471 1.48144 -0.0453942 -2.12892 -4.17245 -5.8211 -9999 -9999 -9999 -9999 -9999 -9999 -1.83334 -1.06266 -0.601356 -1.58562 -0.746565 0.0203694 -0.103023 -0.84392 -9999 -9999 -9999 -9999 -9999 -9999 -9999 -9999 -9999 -9999 -9999 -9999 -9999 -9999 1.14747 -0.0942107 -2.59973 -3.88537 -4.65785 -5.7596 -9999 -9999 -9999 -9999
-9999 -9999 -9999 3.82699 4.73239 5.34607 5.89085 5.97854 6.54031 6.78758 6.90793 6.89277 6.83733 6.75922 6.25719 6.04023 5.28217 6.00421 5.97538 5.79106 5.06513 4.75026 3.50515 2.95737 2.84229 3.88989 3.11697 1.50227 -0.516546 -2.93711 -3.09243 -3.8956 -5.36914 -9999 -9999 -9999 -9999 -9999 -9999 -1.59223 -0.767911 -0.0799485 0.0193888 -0.958802 0.404712 0.355742 -0.408243 -0.582171 0.0428474 0.359237 0.127042 0.873595 1.09072 0.751717 1.11952 -9999 -9999 -9999 -9999 1.3271 1.37446 1.40949 0.890466 -1.84652 -3.71675 -5.39654 -5.55423 -9999 -9999 -9999 -9999
-9999 -9999 -9999 4.45399 5.01215 5.2951 5.342 5.83126 6.32293 6.62706 6.84444 6.79946 6.78037 6.75988 6.58696 6.1874 6.25706 6.22304 5.98933 4.60775 2.99572 3.69722 2.74221 0.698092 2.36635 3.28127 2.40569 0.449187 -1.81977 -2.55674 -2.52318 -3.63997 -5.07781 -9999 -9999 -9999 -3.84297 -2.66236 -2.561 -2.21393 -1.11419 -0.2778 0.353529 0.782606 0.771766 0.318578 -0.428596 -1.2407 -0.952051 0.507122 0.862289 1.16624 1.39138 1.07658 1.2369 1.62508 1.82447 1.8629 1.76843 1.74467 1.77371 1.72419 1.23952 -1.20755 -2.61017 -3.50611 -5.30366 -9999 -9999 -9999 -9999
-9999 -9999 -9999 4.10447 4.59018 4.98392 5.63628 5.70643 6.11956 6.36745 6.734 6.77412 6.34737 6.69735 6.65001 6.58219 6.44058 6.23416 5.06724 3.45987 1.84891 1.10501 1.42381 0.192628 0.829555 1.75671 1.42305 0.223874 -1.79723 -2.08128 -2.54652 -4.42252 -6.23082 -9999 -9999 -6.13146 -3.86487 -2.26946 -1.44734 -1.19377 -1.17078 -0.116734 -0.0350523 1.10021 0.836292 -0.666003 -0.49748 -1.08066 -0.702294 -0.168267 -0.0220439 0.75085 1.49081 1.62909 1.63049 1.87691 1.9257 1.93637 1.92724 1.75595 1.83012 1.83895 1.53557 -0.239504 -1.10666 -2.0613 -5.27835 -9999 -9999 -9999 -9999
-9999 -9999 -9999 4.35293 4.89586 5.49035 5.58793 6.02861 5.98567 5.86418 6.47672 6.70264 6.40088 6.18287 6.5792 6.54928 6.49401 6.4046 5.30774 4.03907 2.11972 0.92716 0.20006 -0.317072 -1.00314 -0.526274 -0.670254 -0.863694 -0.637979 -1.18953 -2.29407 -3.39329 -5.4497 -6.56352 -9999 -6.00592 -4.98412 -3.08652 -1.47416 -0.451257 -0.821416 0.37723 0.598588 1.29221 0.885194 -0.0267239 -0.41976 -0.454942 -0.574978 0.233139 0.778483 1.16497 1.42017 1.73844 1.81784 1.89737 1.92915 1.94517 1.96123 1.95421 1.94481 1.90584 1.78981 0.971882 0.106713 -1.76017 -5.16906 -9999 -9999 -9999 -9999
-9999 -9999 2.77135 4.29224 5.20207 5.55547 5.81099 6.03628 6.19958 6.37287 6.53293 6.64208 6.5958 5.79847 5.8611 6.00151 6.45038 6.41567 6.31448 5.61995 3.28471 2.47867 1.30077 -0.225042 -0.858664 -0.538109 0.715051 0.66116 -0.165519 -1.08719 -2.35921 -3.16837 -4.43031 -6.85229 -6.63592 -5.54675 -4.73698 -3.44811 -1.47698 -0.095763 0.519594 0.751071 1.23756 1.48955 0.93143 0.401539 0.178364 -0.234754 -0.292941 -0.289695 0.198715 0.582411 1.43134 1.71518 1.84394 1.90851 1.94208 1.96562 1.98851 1.99448 1.97511 1.97279 1.9629 1.90015 0.748822 -2.12765 -4.29423 -9999 -9999 -9999 -9999
-9999 -9999 -9999 4.01363 4.41502 4.52157 4.70648 5.08283 5.5162 6.13133 6.21058 6.54752 6.54573 5.85965 5.06562 5.75252 6.02366 6.30496 6.3111 6.21996 4.25823 3.2318 2.42422 0.961357 1.49373 1.99726 2.03755 1.73723 -0.0371478 -1.80449 -3.84009 -5.74524 -5.83617 -6.86079 -6.31883 -5.60006 -3.752 -2.45224 -1.92658 -1.54961 0.454313 0.975359 1.1531 1.66566 0.964742 0.788044 0.261831 0.418533 0.372868 0.376336 -1.08113 0.384431 0.470497 1.42261 1.85119 1.94645 1.97078 1.99656 1.9984 2.00101 1.99354 1.99997 1.98253 1.96304 1.21349 -2.43275 -4.26467 -9999 -9999 -9999 -9999
-9999 -9999 -9999 -9999 -9999 4.14686 4.45376 4.65116 4.99102 6.0301 6.30976 6.49518 6.51037 6.2035 5.41846 5.20938 5.35016 4.5828 5.2203 6.09396 6.07107 5.96452 4.24058 3.36225 4.21812 3.9607 2.66697 1.64941 0.645114 -1.42414 -2.93595 -5.11931 -6.75921 -6.82133 -5.0121 -3.50941 -1.63941 -0.815744 -1.28847 -0.781511 0.213165 1.34327 1.88924 1.75929 1.02047 0.917766 0.106399 0.904479 0.973373 0.603101 0.283142 0.413967 0.885065 1.06431 1.80876 1.98788 2.01841 2.02174 2.02213 2.016 2.0086 1.99604 1.98485 1.97107 1.93416 -1.81383 -4.73009 -9999 -9999 -9999 -9999
-9999 -9999 -9999 -9999 -9999 3.43027 3.61823 4.10828 5.36299 6.02172 6.28739 6.27852 6.4005 6.18374 5.49227 4.78212 4.11171 3.24821 3.73844 5.03938 5.80627 5.89321 4.38209 5.17233 4.87979 4.30162 2.60903 1.36242 0.702738 -1.28358 -2.98155 -4.43367 -6.4397 -5.5817 -4.63741 -3.42488 -1.38404 -0.00831454 0.555354 0.0778262 0.71278 2.01342 2.01942 1.3063 1.35219 0.918991 -0.18982 0.965494 1.29118 1.03008 1.09881 1.00431 1.17964 1.49881 1.80371 2.00572 2.03136 2.03229 2.02288 2.01951 2.0169 1.99913 1.99685 1.98301 1.96068 -0.459671 -4.78247 -9999 -9999 -9999 -9999
-9999 -9999 -9999 -9999 -9999 -9999 2.78099 3.89633 5.56127 5.9767 5.9398 6.28329 6.31238 5.98033 5.69127 4.82957 3.6528 1.395 1.96739 3.16477 4.89271 5.80102 5.67873 5.17688 4.30071 2.17821 0.321252 0.0981281 -0.203605 -1.65247 -2.95892 -4.57339 -3.63679 -2.61152 -1.49051 -0.902561 -1.0577 0.120817 1.08113 0.669937 1.44926 2.35914 1.94448 1.69916 1.49359 0.992818 0.963006 1.0161 1.67273 1.22 1.49978 1.51005 1.49438 1.64949 1.82769 2.01447 2.04345 2.04151 2.04182 2.01686 2.02126 2.00709 1.99307 1.98002 1.96038 1.73855 -0.591309 -1.98468 -9999 -9999 -9999
-9999 -9999 -9999 -9999 -9999 -9999 1.75683 2.31411 4.28548 4.89625 5.76714 6.22926 6.25001 5.69028 5.37745 4.09462 3.67661 1.58779 0.641679 1.44171 1.13393 3.51429 5.6213 5.1665 0.915947 -0.62198 -1.71801 -1.43313 -1.42777 -1.82922 -4.05684 -4.67111 -2.67118 -1.41234 -0.437682 0.300824 0.453014 0.425037 1.92843 2.12652 2.61374 2.5056 2.54962 1.78837 1.31739 1.72898 1.25537 1.17514 1.85344 1.18734 1.79175 1.72386 1.54286 1.53317 1.92997 2.00924 2.04986 2.05 2.03161 2.00838 1.99383 2.0034 1.99411 1.96886 1.96689 1.9423 1.66249 0.455711 0.0324954 0.496767 -9999
-9999 -9999 -9999 -9999 -9999 -9999 -9999 0.479972 3.21881 4.47176 5.12943 6.05459 6.1656 5.86827 5.32773 4.02103 2.87145 1.00402 -1.12818 -2.25636 1.11929 4.05781 5.59204 5.39424 1.85628 0.461483 0.399193 1.22462 0.532957 0.00888098 -1.68265 -2.1885 -2.89266 -2.45829 -1.09891 0.0100602 1.07917 1.85548 1.91631 2.41885 2.70825 2.73026 2.8198 2.72946 2.65602 1.9228 2.43017 2.00081 2.23002 2.08409 1.95245 1.84174 1.42205 1.71844 1.98045 2.04694 2.06558 2.04726 2.04067 2.0263 1.99816 1.98429 1.97932 1.97366 1.95715 1.95405 1.93809 1.80065 1.07377 0.10156 -1.12603
-9999 -9999 -9999 -9999 -9999 -9999 -9999 -0.884995 1.84023 3.15507 4.84508 5.71535 6.06808 6.02002 5.58173 4.58843 3.09432 1.84925 -0.5306 -3.00131 0.542139 3.70122 5.40526 5.49654 2.52644 3.35326 2.68907 2.96047 1.74267 1.2381 0.842656 -0.0323024 -0.989761 -2.03709 -2.59223 -0.100597 1.17757 2.20536 2.68844 2.96023 3.09455 3.02066 2.83288 1.72463 2.5681 2.52339 2.43956 2.34367 2.29773 2.21113 2.10898 2.0516 2.02996 1.75086 2.06586 2.0567 2.05887 2.0578 2.04659 2.02758 2.01031 1.98966 1.98735 1.97371 1.9598 1.9494 1.94271 1.93126 1.88907 1.69433 0.0465011
-9999 -9999 -9999 -9999 -9999 -9999 -9999 -4.71019 -0.74636 2.44208 4.10546 5.45981 5.83072 5.96817 5.38092 4.94098 3.86945 2.85465 1.29042 -1.05125 -2.49332 0.160699 4.01772 5.44354 5.33708 5.24996 4.48138 3.78908 3.70359 3.75788 2.95483 1.77942 0.240669 -0.23956 -0.780033 1.07543 1.32526 1.18714 3.22627 3.22813 3.1093 2.32549 1.45202 1.61658 1.07625 1.49105 0.845566 1.43917 1.9525 2.14457 2.12919 2.06445 2.05563 2.02424 2.07732 2.07467 2.06367 2.05432 2.04773 2.03682 2.00958 1.99248 1.9974 1.97926 1.96399 1.94971 1.94544 1.93847 1.90657 1.87746 1.62216
-9999 -9999 -9999 -9999 -9999 -9999 -9999 -4.53679 -1.2008 1.62661 3.32358 4.95318 5.33035 5.87904 5.75852 5.29795 4.36638 3.20305 1.91544 -0.093679 -1.58701 0.186712 2.74921 4.58333 5.24523 5.24313 5.20069 5.0282 4.95936 4.75822 4.61885 3.77477 2.32157 1.49952 0.29624 2.36426 2.5944 2.26821 3.29845 3.24385 1.67908 0.475514 0.32359 1.05855 0.360469 0.237818 -0.194427 0.295794 1.6099 1.22605 1.30205 1.90125 1.99881 2.06003 2.07552 2.06956 2.06454 2.05189 2.05057 2.04892 2.02224 2.00796 1.99911 1.97299 1.96741 1.94869 1.93461 1.9219 1.90359 1.87681 1.80254
-9999 -9999 -9999 -9999 -9999 -9999 -9999 -4.46786 -2.22269 0.3215 2.8197 4.55994 5.2611 5.77099 5.7638 5.22888 4.76484 4.0349 2.90195 2.12446 0.776227 -1.07321 2.02528 2.97813 3.83077 4.18968 5.07528 5.05527 4.65176 4.18852 4.62563 4.49819 3.34732 2.9682 2.32817 3.47761 3.47824 3.4439 3.37958 2.05726 0.220358 -1.24824 -0.195376 -0.417701 0.069998 -1.43063 -0.196901 0.79645 1.1187 0.445712 -0.0554218 1.49723 1.75257 1.904 2.00029 2.06273 2.04509 2.0585 2.0467 2.03922 2.03111 2.01458 2.00323 1.98648 1.96949 1.95537 1.94311 1.92292 1.89783 1.89406 1.85385
-9999 -9999 -9999 -9999 -9999 -9999 -9999 -9999 -3.545 -0.318329 2.56074 4.16311 5.17022 5.65998 5.6494 5.37502 5.05934 4.60598 3.78813 2.76145 1.14034 -0.0630727 0.699666 1.6336 1.74314 2.36342 4.16076 4.77555 3.90701 1.76164 3.0326 4.44806 4.42468 4.30312 4.16684 3.99254 3.8347 3.49147 2.57574 -0.224634 -0.777868 -1.87771 -1.75507 -2.31993 -1.08627 -1.54612 -0.283512 0.26344 0.46971 -0.698744 -0.447584 0.924116 1.46645 1.3751 1.70715 2.02455 2.03303 2.03993 2.02923 2.03341 2.03311 2.02487 2.00679 1.99324 1.98255 1.95618 1.95646 1.84996 1.78006 1.64087 1.80842
-9999 -9999 -9999 -9999 -9999 -9999 -9999 -9999 -4.1842 -0.965873 2.42471 3.51266 4.59844 5.53517 5.55187 5.13364 4.73573 4.32593 3.85971 2.61485 1.4079 0.255861 -0.131133 0.100508 0.0899611 1.09263 3.43356 3.88748 3.69501 1.45576 0.695639 2.58642 4.17515 4.29941 4.15411 2.28233 2.67893 1.66803 0.297563 -0.0811867 -0.682235 -1.94991 -1.34259 -2.27133 -1.87532 -1.97575 -1.25945 -0.91049 -0.0580716 -1.07668 -1.068 0.278739 0.957483 0.973372 1.68545 1.93829 2.00322 2.01806 2.02794 2.02871 2.0375 2.02845 2.01545 1.99909 1.96262 1.87914 1.62951 0.274526 0.274149 0.643609 0.993243
-9999 -9999 -9999 -9999 -9999 -9999 -9999 -9999 -3.81199 -1.57903 1.42926 3.65723 3.79612 4.87843 5.43631 4.98176 4.47013 3.94673 3.71711 2.36251 0.874902 -0.326999 -1.74921 -1.51541 -0.494823 1.18272 2.69481 2.96563 2.65367 1.45676 2.02527 3.31451 3.99866 4.19967 4.03952 3.63074 3.39372 2.64891 2.32496 1.29109 -0.324325 -0.961727 -0.561033 -2.27552 -2.15725 -1.5251 -2.19141 -1.08301 -0.552928 -1.86839 -0.819321 0.371329 0.979485 1.51094 1.76173 1.86074 2.01319 2.01542 2.02639 2.0313 2.0268 2.0244 1.99704 1.97396 1.82786 1.61356 0.349658 -0.174687 -0.0736117 0.507651 1.01646
-9999 -9999 -9999 -9999 -9999 -9999 -9999 -9999 -3.43151 -1.4213 1.18683 2.77492 3.058 4.25838 5.32551 5.2046 4.67243 4.5093 3.95792 2.80895 1.54017 0.153689 -0.520583 -2.06962 -0.545206 0.669195 1.94954 2.5487 1.56696 1.07017 1.94938 2.82325 3.17178 4.05393 4.0444 3.75526 2.51296 1.90625 2.16022 1.89846 1.44143 0.329064 0.277911 -0.437063 -0.733972 -1.01433 -1.91441 -1.33707 -1.28012 -1.12285 0.133984 0.753062 1.16309 1.53582 1.63264 1.79375 2.0031 2.01988 2.0255 2.02246 2.0242 2.00639 1.94403 1.89106 1.59968 1.08567 0.128611 -1.41715 -0.328359 0.810325 1.149
-9999 -9999 -9999 -9999 -9999 -9999 -9999 -9999 -3.77444 -1.63911 0.589662 1.52075 1.67772 3.85128 5.18156 5.18234 4.92929 4.63402 3.27422 3.35271 3.07994 1.82914 0.00782864 -1.99221 -1.805 -0.608961 1.08505 1.64454 0.0165898 -0.561476 -0.136752 1.18473 2.36741 3.60213 3.91485 3.55102 1.61813 -0.435969 0.51437 1.52988 1.52256 1.22248 0.190912 -0.137637 -0.435082 -1.18782 -2.45924 -2.26794 -1.91514 -0.486959 -0.038091 0.655965 1.23212 1.0131 1.13901 1.6898 2.00505 2.0152 2.01892 2.02729 2.01786 1.9967 1.8749 1.74603 1.5313 0.194987 -0.636791 -1.84511 -0.440018 0.335526 0.750226
-9999 -9999 -9999 -9999 -9999 -9999 -9999 -9999 -4.43612 -2.88697 -0.756876 0.100773 1.46953 3.52341 4.53283 5.01591 5.00377 4.80652 4.19691 3.82998 3.10823 1.80711 0.0284968 -1.94836 -3.23534 -2.58161 -0.298427 0.243474 -1.26118 -2.02847 -1.07374 0.334509 2.41983 3.61077 3.77058 3.66149 3.26179 1.76174 -0.0503767 -0.0457996 0.860715 0.0993776 -0.785198 -0.3009 -0.392112 -1.13538 -1.67626 -1.99857 -1.79233 -0.977607 -0.643535 0.158327 1.34235 1.51074 1.47562 1.97307 1.99634 2.00618 2.02308 2.02045 2.01375 1.99658 1.89692 1.6764 0.786221 0.00968066 -1.06976 -1.20513 0.0467709 0.592041 1.10071
-9999 -9999 -9999 -9999 -9999 -9999 -9999 -9999 -5.57515 -3.75249 -1.7573 0.110731 1.87793 3.39865 3.51476 4.31609 4.31359 4.73282 4.611 4.04593 3.43792 2.31677 0.0321894 -1.88884 -3.98371 -3.43195 -1.10733 -0.793178 -1.80402 -3.67137 -1.74422 0.380949 2.30679 3.34876 2.5299 3.36661 3.29637 2.7334 1.65407 -0.0232976 0.0068968 -1.25047 -1.30653 -0.662868 -0.454773 -0.563391 -0.969684 -1.61543 -1.4975 -1.00165 -0.877587 -0.140853 0.777292 1.6748 1.82432 1.99416 1.99981 2.00079 2.0129 2.01271 1.99191 1.94381 1.83975 1.09321 0.205782 -0.341717 -1.09441 -1.18759 0.253282 0.829769 1.14931
