Test_Spring_2018/02_18/Temp/20180205_011.txt
ncols	170
nrows	115
xllcorner	350000.000000
yllcorner	4445000.000000
cellsize	1000.000000
nodata_value	-9999.000000
[rows 32 to 63 of 115, columns 72 to 143 of 170]
10.6114 10.3556 10.7597 11.1318 10.8975 10.7446 11.3501 11.3527 11.1485 10.6654 10.4902 10.3086 10.1989 9.5789 7.83298 6.25941 7.10815 7.13168 6.5506 7.60162 7.05086 5.6093 3.57296 4.68304 4.39644 2.93646 2.57798 -9999 -9999 -9999 -9999 -9999 -9999 -9999 -9999 -9999 -9999 -9999 -9999 -9999 -9999 -9999 -9999 -9999 -9999 -9999 -9999 -9999 -9999 -9999 -9999 -9999 -9999 -9999 -9999 -9999 -9999 -9999 -9999 -9999 -9999 -9999 -9999 -9999 -9999 -9999 -9999 -9999 -9999 -9999 -9999 -9999
10.2679 10.1601 10.7591 10.7498 10.7057 10.9145 11.2904 11.3682 11.2903 11.0813 10.901 10.7091 10.2173 9.50753 8.01383 6.22219 5.8186 6.70074 6.74623 6.89058 6.38896 5.7579 4.7689 5.58294 5.9002 4.94276 3.68979 2.88444 -9999 -9999 -9999 -9999 -9999 -9999 -9999 -9999 -9999 -9999 -9999 -9999 -9999 -9999 -9999 -9999 -9999 -9999 -9999 -9999 -9999 -9999 -9999 -9999 -9999 -9999 -9999 -9999 -9999 -9999 -9999 -9999 -9999 -9999 -9999 -9999 -9999 -9999 -9999 -9999 -9999 -9999 -9999 -9999
9.85768 9.28359 9.64594 9.91872 10.4046 10.5315 10.6089 11.3221 11.2873 11.2575 10.9574 10.7182 10.3198 9.63686 8.66305 7.48981 5.44422 6.7113 7.7041 7.68195 7.63072 7.18948 6.23951 7.03864 7.07813 5.85331 4.45897 3.64852 3.31474 -9999 -9999 -9999 -9999 -9999 -9999 -9999 -9999 -9999 -9999 -9999 -9999 -9999 -9999 -9999 -9999 -9999 -9999 -9999 -9999 -9999 -9999 -9999 -9999 -9999 -9999 -9999 -9999 -9999 -9999 -9999 -9999 -9999 -9999 -9999 -9999 -9999 -9999 -9999 -9999 -9999 -9999 -9999
9.39107 8.68897 9.05345 9.53855 10.2143 10.5572 10.8251 11.0402 11.2598 11.2373 10.9301 10.0165 9.88911 9.85311 9.2175 7.87947 6.54316 6.19958 7.71236 8.14758 8.06254 8.40234 7.59802 7.98161 7.82739 7.39471 6.05301 4.83552 4.3368 3.34908 -9999 -9999 -9999 -9999 -9999 -9999 -9999 -9999 -9999 -9999 -9999 -9999 -9999 -9999 -9999 -9999 -9999 -9999 -9999 -9999 -9999 -9999 -9999 -9999 -9999 -9999 -9999 -9999 -9999 -9999 -9999 -9999 -9999 -9999 -9999 -9999 -9999 -9999 -9999 -9999 -9999 -9999
-9999 -9999 8.25231 8.90422 9.44765 10.1064 10.6797 10.97 11.2522 11.2328 10.6155 10.3154 10.2925 9.87734 9.14307 8.68364 7.84371 6.96831 7.30753 8.59792 8.02836 8.94301 8.86832 9.03812 8.43057 7.26595 5.71727 4.81093 4.36505 3.56522 -9999 -9999 -9999 -9999 -9999 -9999 -9999 -9999 -9999 -9999 -9999 -9999 -9999 -9999 -9999 -9999 -9999 -9999 -9999 -9999 -9999 -9999 -9999 -9999 -9999 -9999 -9999 -9999 -9999 -9999 -9999 -9999 -9999 -9999 -9999 -9999 -9999 -9999 -9999 -9999 -9999 -9999
-9999 -9999 -9999 8.78768 9.20171 10.0932 10.5437 10.7329 11.1863 11.1904 10.9586 10.7846 10.5307 10.1981 9.64733 9.03924 8.2496 8.17988 9.00677 9.02021 8.85119 8.98908 9.41451 9.30513 8.35853 6.7264 5.86768 4.10471 3.35812 3.43759 2.9097 -9999 -9999 -9999 -9999 -9999 -9999 -9999 -9999 -9999 -9999 -9999 -9999 4.99699 -9999 -9999 -9999 -9999 -9999 -9999 -9999 -9999 -9999 -9999 -9999 -9999 -9999 -9999 -9999 -9999 -9999 -9999 -9999 -9999 1.88532 -9999 -9999 -9999 -9999 -9999 -9999 -9999
-9999 -9999 8.7161 9.26339 9.69786 10.2574 10.3058 10.6372 11.1581 11.1687 11.0052 10.8204 10.4006 10.2996 9.98785 9.32746 9.19552 9.4687 9.59638 9.74034 9.82995 9.76239 9.5934 9.374 8.75659 8.00294 7.49769 5.89418 5.08096 4.31063 3.14368 2.23181 -9999 -9999 -9999 -9999 -9999 -9999 -9999 4.37488 4.33592 4.36107 4.62194 5.33452 4.92221 -9999 -9999 -9999 -9999 -9999 -9999 -9999 -9999 -9999 -9999 -9999 -9999 -9999 -9999 -9999 -9999 -9999 -9999 -9999 2.53165 1.6151 -9999 -9999 -9999 -9999 -9999 -9999
-9999 -9999 8.86077 9.44685 9.74053 10.2838 10.5956 10.7908 10.973 11.1476 11.1221 10.9172 10.6039 10.61 10.1772 9.94574 9.78163 10.1499 10.2257 10.083 9.90274 9.74331 9.28715 9.23604 9.07798 8.59999 7.81446 7.00508 5.82175 4.23603 2.68142 1.42849 -9999 -9999 -9999 -9999 -9999 -9999 4.50779 5.10109 5.45828 4.71306 5.35774 5.94719 5.85763 5.28628 -9999 -9999 -9999 -9999 -9999 -9999 -9999 -9999 -9999 -9999 -9999 -9999 -9999 -9999 6.88716 5.94747 4.04411 3.07076 2.48866 1.65556 -9999 -9999 -9999 -9999 -9999 -9999
-9999 -9999 8.74899 9.44049 9.90947 10.326 10.3943 10.8199 11.0003 11.0954 11.0878 11.0502 10.9958 10.6186 10.459 9.88683 10.443 10.4263 10.2906 9.74135 9.50483 8.55837 8.14291 8.04174 8.84115 8.25239 7.02186 5.48344 3.62829 3.50366 2.89463 1.7752 -9999 -9999 -9999 -9999 -9999 -9999 4.69533 5.32971 5.85983 5.94082 5.19993 6.24414 6.201 5.62267 5.49427 5.97517 6.22101 6.03964 6.61043 6.78248 6.53091 6.81855 -9999 -9999 -9999 -9999 7.01449 7.05789 7.09173 6.70297 4.62303 3.20386 1.92987 1.8153 -9999 -9999 -9999 -9999 -9999 -9999
-9999 -9999 9.23064 9.65669 9.87282 9.90909 10.2829 10.6547 10.8792 11.0501 11.0198 11.0101 10.9998 10.8739 10.5754 10.6348 10.6149 10.4426 9.39447 8.17003 8.70876 7.98022 6.41703 7.68267 8.38034 7.71269 6.22095 4.49122 3.91967 3.93955 3.09125 2.00222 -9999 -9999 -9999 2.96609 3.87282 3.95677 4.22797 5.07281 5.71655 6.19943 6.53147 6.52104 6.17696 5.61114 4.99586 5.21999 6.33685 6.61233 6.83713 7.01528 6.78221 6.9153 7.21866 7.37828 7.41526 7.35092 7.34043 7.37007 7.33967 6.97735 5.11456 4.05182 3.37533 2.01183 -9999 -9999 -9999 -9999 -9999 -9999
-9999 -9999 8.96831 9.33875 9.63897 10.1355 10.1895 10.5054 10.6923 10.9668 11.0014 10.6809 10.9534 10.9235 10.8783 10.777 10.6262 9.74261 8.52264 7.29917 6.7359 6.97689 6.03989 6.51958 7.22642 6.96599 6.0528 4.51173 4.29548 3.93319 2.4991 1.12426 -9999 -9999 1.21637 2.95113 4.17444 4.80826 5.0085 5.03268 5.84258 5.91067 6.78156 6.57968 5.4358 5.56814 5.12128 5.41349 5.82814 5.9441 6.5312 7.09798 7.21014 7.21835 7.4137 7.45858 7.47452 7.47537 7.35252 7.41668 7.43085 7.2068 5.86051 5.20631 4.48485 2.0397 -9999 -9999 -9999 -9999 -9999 -9999
-9999 -9999 9.16079 9.57447 10.0274 10.1016 10.4376 10.4036 10.3086 10.7779 10.9477 10.7226 10.5622 10.8709 10.855 10.82 10.7588 9.92899 8.96755 7.50912 6.60383 6.04796 5.65508 5.12627 5.48957 5.37918 5.23094 5.40234 4.97581 4.1261 3.29019 1.72062 0.876107 -9999 1.31317 2.09914 3.55318 4.78987 5.57703 5.30177 6.22217 6.39693 6.92667 6.62081 5.92693 5.63326 5.61018 5.52235 6.14225 6.55659 6.84929 7.04977 7.29606 7.36374 7.43188 7.46387 7.484 7.5042 7.50672 7.5073 7.48514 7.40401 6.78753 6.13457 4.71798 2.1264 -9999 -9999 -9999 -9999 -9999 -9999
-9999 7.96628 9.11783 9.8106 10.0791 10.2731 10.4443 10.5688 10.6985 10.8206 10.907 10.872 10.2701 10.3247 10.4391 10.7888 10.7697 10.6995 10.176 8.4007 7.78689 6.89072 5.7287 5.23985 5.48345 6.43769 6.39522 5.76359 5.0598 4.08241 3.46169 2.50247 0.656521 0.827148 1.66409 2.28865 3.27891 4.78949 5.85019 6.32665 6.50992 6.8836 7.08075 6.66127 6.25896 6.0925 5.781 5.74001 5.74588 6.12181 6.41245 7.0602 7.28286 7.38581 7.44256 7.47598 7.50194 7.52747 7.54005 7.53317 7.53908 7.53899 7.49821 6.62736 4.44304 2.79872 -9999 -9999 -9999 -9999 -9999 -9999
-9999 -9999 8.90846 9.21302 9.29275 9.43236 9.71829 10.0482 10.5146 10.5766 10.8363 10.8377 10.3178 9.71948 10.2509 10.4655 10.6877 10.6996 10.6364 9.14343 8.36434 7.75086 6.63661 7.03662 7.41927 7.44828 7.21736 5.86257 4.51343 2.95369 1.50188 1.43437 0.653188 1.0695 1.62418 3.04059 4.03944 4.44826 4.74362 6.27908 6.68108 6.82335 7.21954 6.68989 6.55686 6.15917 6.28189 6.25016 6.25588 5.14784 6.26332 6.33369 7.06489 7.3948 7.47337 7.49978 7.52752 7.53711 7.54726 7.54961 7.56233 7.55656 7.55025 6.98615 4.21333 2.82414 -9999 -9999 -9999 -9999 -9999 -9999
-9999 -9999 -9999 -9999 9.00892 9.24115 9.39026 9.64856 10.438 10.6526 10.7966 10.8121 10.5833 9.98982 9.83831 9.95381 9.37676 9.87007 10.5414 10.5288 10.4511 9.1389 8.46505 9.11675 8.91889 7.9304 7.15219 6.38409 4.80426 3.64373 1.97942 0.730601 0.686041 2.06964 3.21897 4.65228 5.28835 4.93623 5.33098 6.09627 6.96487 7.3874 7.29385 6.73536 6.65876 6.04356 6.65511 6.71049 6.43098 6.1899 6.28769 6.65132 6.793 7.36623 7.50909 7.53778 7.54845 7.55702 7.56063 7.56316 7.56209 7.56156 7.55882 7.53821 4.68792 2.47201 -9999 -9999 -9999 -9999 -9999 -9999
-9999 -9999 -9999 -9999 8.46433 8.60566 8.97768 9.9333 10.4326 10.6365 10.6322 10.7291 10.5691 10.0483 9.51412 9.0113 8.36084 8.74183 9.7399 10.3295 10.3994 9.2495 9.84788 9.62387 9.18128 7.88846 6.93536 6.42969 4.91278 3.61019 2.50311 0.974901 1.63167 2.35569 3.28567 4.84814 5.90525 6.34355 5.98742 6.4793 7.47812 7.48915 6.95112 6.99102 6.6625 5.82048 6.7043 6.95533 6.75885 6.81389 6.7398 6.87768 7.12579 7.36369 7.52383 7.55023 7.55811 7.55925 7.56504 7.57157 7.56637 7.5728 7.57019 7.56086 5.72294 2.43468 -9999 -9999 -9999 -9999 -9999 -9999
-9999 -9999 -9999 -9999 -9999 7.96898 8.81774 10.0861 10.3999 10.373 10.6374 10.6635 10.4155 10.2016 9.55207 8.66307 6.94965 7.39336 8.31256 9.63503 10.3312 10.2403 9.85361 9.18464 7.56462 6.14645 5.97362 5.74078 4.63351 3.62936 2.39835 3.11355 3.89772 4.75636 5.21007 5.09865 6.00524 6.74584 6.44064 7.04274 7.7438 7.43427 7.25307 7.10138 6.72142 6.70211 6.74557 7.24887 6.90619 7.122 7.12769 7.11976 7.2426 7.38371 7.53209 7.56093 7.56693 7.57531 7.56474 7.57662 7.57429 7.57193 7.57009 7.56297 7.40142 5.63273 4.57753 -9999 -9999 -9999 -9999 -9999
-9999 -9999 -9999 -9999 -9999 7.18992 7.61336 9.11552 9.57832 10.2437 10.5985 10.6182 10.1966 9.96435 8.99356 8.68307 7.09882 6.38395 7.00021 6.77065 8.58931 10.1982 9.84748 6.60596 5.43182 4.59398 4.80862 4.81005 4.50146 2.79496 2.32653 3.85242 4.8146 5.56158 6.13 6.25265 6.23937 7.39443 7.55297 7.93244 7.85744 7.89776 7.32336 6.96948 7.28522 6.92767 6.86957 7.38945 6.8841 7.3474 7.29341 7.15932 7.15638 7.46402 7.5303 7.5679 7.57548 7.56954 7.56055 7.55754 7.5734 7.57477 7.56377 7.57027 7.55924 7.35367 6.44081 6.12512 6.48587 -9999 -9999 -9999
-9999 -9999 -9999 -9999 -9999 -9999 6.21723 8.30484 9.25744 9.76037 10.4684 10.5569 10.3339 9.92849 8.93973 8.07126 6.65561 5.03788 4.18164 6.76049 9.00484 10.1772 10.0225 7.32464 6.25997 6.21065 6.83778 6.30809 5.90631 4.6086 4.22299 3.68726 4.02085 5.05995 5.91132 6.73328 7.33305 7.38811 7.78042 8.00642 8.0307 8.10583 8.0431 7.99249 7.43549 7.82606 7.50195 7.67958 7.57095 7.47316 7.38644 7.07034 7.30071 7.5055 7.56194 7.583 7.57624 7.57921 7.57693 7.56467 7.56094 7.56569 7.56974 7.56527 7.57074 7.56642 7.46895 6.9218 6.18736 5.258 -9999 -9999
-9999 -9999 -9999 -9999 -9999 -9999 5.17906 7.25675 8.25677 9.54705 10.2112 10.4837 10.4527 10.1251 9.37499 8.24353 7.30211 5.4953 3.61872 6.32496 8.73383 10.0359 10.1072 7.8372 8.46686 7.95913 8.16436 7.23403 6.84759 6.53817 5.87141 5.14275 4.34482 3.92614 5.83133 6.81249 7.60378 7.98054 8.19669 8.30817 8.25714 8.11798 7.27927 7.92791 7.89594 7.836 7.76638 7.73446 7.6713 7.59618 7.55005 7.53752 7.32914 7.57442 7.57368 7.58164 7.58794 7.58729 7.58137 7.5773 7.57099 7.57593 7.57227 7.56987 7.56988 7.5727 7.57137 7.54632 7.4047 6.15498 5.40937 5.20223
-9999 -9999 -9999 -9999 -9999 -9999 2.26532 5.28791 7.71375 8.98429 10.019 10.3064 10.4167 9.97522 9.64676 8.83716 8.07096 6.8857 5.10725 4.01398 6.04024 8.98483 10.0683 9.98173 9.91514 9.32843 8.79953 8.73312 8.77338 8.15337 7.25505 6.08378 5.72103 5.31319 6.73323 6.93017 6.83226 8.39511 8.40513 8.32331 7.73435 7.07158 7.2041 6.79311 7.11153 6.62363 7.07999 7.47477 7.62437 7.61569 7.56392 7.56176 7.54217 7.58844 7.59195 7.58984 7.58975 7.59249 7.5926 7.58078 7.57702 7.59019 7.58167 7.57874 7.573 7.57771 7.57987 7.56273 7.54747 7.35954 7.07434 6.5246
-9999 -9999 -9999 -9999 -9999 -9999 2.39756 4.93822 7.09575 8.39042 9.63662 9.92877 10.3525 10.2667 9.92219 9.21895 8.33915 7.36447 5.8393 4.70679 6.06438 8.0191 9.42047 9.91973 9.91228 9.87987 9.74797 9.69238 9.53843 9.42429 8.78205 7.67647 7.05299 6.13983 7.72185 7.90358 7.66202 8.45532 8.42193 7.23733 6.32803 6.2202 6.78165 6.25578 6.16452 5.83388 6.21172 7.21737 6.92973 6.99077 7.44478 7.52325 7.5754 7.59222 7.59328 7.59572 7.59304 7.59969 7.60669 7.59509 7.59328 7.59575 7.58501 7.58465 7.57878 7.57621 7.57045 7.56375 7.55034 7.50051 7.44799 7.514
-9999 -9999 -9999 -9999 -9999 -9999 2.45526 4.16249 6.10456 8.01008 9.34082 9.88003 10.2741 10.2745 9.87304 9.52594 8.97623 8.11914 7.53276 6.5107 5.10584 7.47263 8.1986 8.84331 9.1166 9.79198 9.77648 9.46839 9.10072 9.43512 9.3396 8.46481 8.17924 7.6956 8.57721 8.58379 8.56448 8.52291 7.52261 6.13015 5.01843 5.8289 5.66666 6.03774 4.89573 5.84391 6.60554 6.85498 6.33934 5.96073 7.14174 7.34173 7.46193 7.54052 7.59382 7.58667 7.60381 7.60235 7.60473 7.60707 7.60329 7.60361 7.5998 7.59564 7.58747 7.5862 7.57856 7.57113 7.57523 7.54693 7.54022 7.53291
-9999 -9999 -9999 -9999 -9999 -9999 -9999 3.15962 5.61925 7.81764 9.04325 9.81562 10.1942 10.1917 9.98861 9.75427 9.41508 8.79791 8.02124 6.7909 5.87843 6.46431 7.17528 7.25288 7.72717 9.09837 9.56761 8.90572 7.26108 8.23053 9.31172 9.29649 9.20714 9.10738 8.97669 8.86231 8.60724 7.91621 5.78863 5.37729 4.54655 4.64765 4.22417 5.16306 4.8141 5.78181 6.20337 6.36475 5.47764 5.66553 6.71603 7.13387 7.06884 7.32701 7.57088 7.58369 7.59584 7.5951 7.6062 7.61427 7.61656 7.61523 7.61386 7.61454 7.59643 7.60452 7.53112 7.48524 7.38617 7.52064 7.53795 7.5509
-9999 -9999 -9999 -9999 -9999 -9999 -9999 2.6722 5.12915 7.7179 8.55152 9.38399 10.1033 10.1216 9.80859 9.51132 9.20507 8.85573 7.9125 6.9978 6.12447 5.83383 6.01421 5.9952 6.76159 8.54787 8.89514 8.74944 7.03233 6.45488 7.89898 9.1133 9.21167 9.10521 7.68312 7.99122 7.22681 6.18879 5.90724 5.45641 4.49732 4.96762 4.26646 4.57488 4.49066 5.04203 5.31289 5.96724 5.19477 5.19806 6.22978 6.75199 6.76904 7.31722 7.5157 7.5714 7.58945 7.60425 7.61259 7.62746 7.62902 7.62773 7.62389 7.60462 7.54927 7.3599 6.33413 6.34127 6.63008 6.9035 7.39504 7.54041
-9999 -9999 -9999 -9999 -9999 -9999 -9999 2.95911 4.66524 6.96286 8.66592 8.7766 9.60695 10.0378 9.69698 9.31283 8.91976 8.7506 7.72354 6.59474 5.68337 4.60353 4.78575 5.56729 6.83393 7.98885 8.19714 7.96098 7.03874 7.47484 8.46079 8.98583 9.14302 9.02542 8.71883 8.54378 7.98208 7.74169 6.96034 5.73577 5.25688 5.56934 4.26886 4.36537 4.85327 4.33612 5.18623 5.59512 4.59668 5.39364 6.30638 6.77512 7.18557 7.38231 7.46369 7.58622 7.59468 7.61022 7.62156 7.62606 7.63239 7.61984 7.61057 7.50742 7.3521 6.39627 5.9961 6.08058 6.53093 6.92582 7.34089 7.51301
-9999 -9999 -9999 -9999 -9999 -9999 -9999 3.25231 4.78902 6.7819 7.99736 8.21814 9.1386 9.95771 9.87121 9.47128 9.35274 8.93812 8.0677 7.10567 6.05355 5.54404 4.36713 5.53307 6.4464 7.42511 7.88427 7.12556 6.74973 7.42321 8.09291 8.36244 9.03924 9.03667 8.82139 7.87984 7.42332 7.62334 7.4304 7.08872 6.2474 6.21508 5.67644 5.45627 5.24839 4.5523 4.9977 5.04611 5.17023 6.12632 6.6036 6.92159 7.21131 7.29091 7.41982 7.58584 7.60541 7.61682 7.62194 7.63098 7.62531 7.58578 7.55343 7.33923 6.95517 6.2331 5.05354 5.89106 6.76644 7.03465 7.29231 7.42907
-9999 -9999 -9999 -9999 -9999 -9999 -9999 2.99396 4.62647 6.33044 7.04525 7.17008 8.83264 9.85243 9.85871 9.67153 9.45215 8.42106 8.48641 8.28371 7.33503 5.95102 4.43039 4.57702 5.48244 6.7707 7.20007 5.94886 5.5115 5.83889 6.85026 7.75612 8.70201 8.94533 8.6732 7.20513 5.64498 6.37578 7.15645 7.15739 6.93512 6.15506 5.91084 5.69012 5.12202 4.15227 4.29339 4.56758 5.65339 6.00113 6.53585 6.98078 6.81959 6.92159 7.34778 7.59466 7.60919 7.6191 7.63281 7.63314 7.62468 7.53957 7.44907 7.29306 6.28181 5.65509 4.73978 5.81085 6.40937 6.73331 7.30344 7.44361
-9999 -9999 -9999 -9999 -9999 -9999 -9999 2.4926 3.67854 5.30761 5.9667 7.01565 8.58712 9.36238 9.73642 9.73291 9.58823 9.12904 8.85473 8.30966 7.3226 5.97119 4.46832 3.49113 3.99335 5.72077 6.13354 4.98009 4.39882 5.13067 6.20854 7.80291 8.71568 8.8426 8.76481 8.46574 7.32796 5.95246 5.9622 6.65966 6.08549 5.41728 5.79262 5.72901 5.16805 4.7612 4.5044 4.66574 5.28521 5.54563 6.16278 7.0714 7.20582 7.18525 7.57094 7.59531 7.60965 7.62957 7.63479 7.63704 7.6314 7.56293 7.4023 6.73106 6.14638 5.33066 5.23459 6.18709 6.61276 7.00578 7.28837 7.38426
-9999 -9999 -9999 -9999 -9999 -9999 -9999 1.62731 3.02215 4.54867 5.97838 7.33136 8.49651 8.59082 9.20759 9.21147 9.53681 9.44951 9.02409 8.5657 7.71584 5.97866 4.5184 2.92535 3.34997 5.11548 5.33853 4.57171 3.15201 4.62556 6.25032 7.72337 8.52281 7.90375 8.5472 8.49938 8.07606 7.25919 5.98642 6.01558 5.06303 5.02632 5.52299 5.68743 5.61026 5.30599 4.81249 4.89612 5.27288 5.37335 5.94102 6.64714 7.33767 7.45806 7.59412 7.60516 7.61279 7.62905 7.63604 7.62741 7.598 7.52595 6.96404 6.29466 5.88439 5.3176 5.25357 6.35734 6.79911 7.04813 7.2931 7.39325
-9999 -9999 -9999 -9999 -9999 -9999 -9999 -9999 2.8827 4.4598 5.62804 5.94605 6.98235 7.54412 7.9799 8.08014 9.3148 9.38717 9.11908 8.69836 7.97412 6.65689 5.74022 4.21237 3.11514 3.56252 3.76727 4.1756 4.06014 4.7196 6.28126 7.90823 8.08963 7.06327 7.22055 7.44096 7.92915 7.68877 5.95265 5.07298 4.3436 4.86994 5.42333 5.56077 5.59197 5.49069 5.36739 5.15348 5.89224 6.44021 6.57115 7.04974 7.40453 7.50641 7.58456 7.59904 7.61374 7.61948 7.60473 7.59556 7.51341 7.32237 6.69298 5.17161 5.24826 5.08841 4.61873 5.7 6.37701 6.98896 7.31682 7.40572
-9999 -9999 -9999 -9999 -9999 -9999 -9999 -9999 2.36222 4.18645 4.57556 4.55184 3.95428 4.23646 6.47458 6.92904 8.11335 9.2349 9.15732 8.74463 8.06726 7.28437 6.06993 4.35115 2.98614 2.40556 3.87537 5.3212 5.62385 6.08979 7.04848 7.23427 6.18527 5.20196 5.76139 6.10029 7.37814 7.61527 7.37258 6.32833 5.13363 4.51215 5.25568 5.35892 5.40768 5.42086 5.40091 5.36799 6.19548 6.65831 6.981 7.15914 7.46464 7.54691 7.57704 7.60578 7.60599 7.59613 7.5543 7.50592 7.27402 6.99206 5.95746 5.09571 4.56025 3.87913 5.43085 5.89685 6.53735 6.94887 7.27499 7.35095
