Test_Spring_2018/02_18/Temp/20180218_021.txt
ncols	170
nrows	115
xllcorner	350000.000000
yllcorner	4445000.000000
cellsize	1000.000000
nodata_value	-9999.000000
[rows 32 to 63 of 115, columns 72 to 143 of 170]
9.53573 9.21054 9.71151 10.1728 9.89925 9.71731 10.476 10.4761 10.2172 9.60892 9.38584 9.15454 9.0129 8.23268 6.04329 4.06973 5.12804 5.15394 4.42359 5.73645 5.0452 3.2397 0.690426 2.07964 1.72133 -0.0762022 -0.514739 -9999 -9999 -9999 -9999 -9999 -9999 -9999 -9999 -9999 -9999 -9999 -9999 -9999 -9999 -9999 -9999 -9999 -9999 -9999 -9999 -9999 -9999 -9999 -9999 -9999 -9999 -9999 -9999 -9999 -9999 -9999 -9999 -9999 -9999 -9999 -9999 -9999 -9999 -9999 -9999 -9999 -9999 -9999 -9999 -9999
9.10414 8.96411 9.70901 9.69289 9.65301 9.9284 10.3996 10.4937 10.3928 10.1277 9.89811 9.65396 9.03418 8.14165 6.26798 4.02156 3.51258 4.61308 4.66688 4.8449 4.215 3.42366 2.1849 3.20324 3.60026 2.41732 0.873477 -0.119536 -9999 -9999 -9999 -9999 -9999 -9999 -9999 -9999 -9999 -9999 -9999 -9999 -9999 -9999 -9999 -9999 -9999 -9999 -9999 -9999 -9999 -9999 -9999 -9999 -9999 -9999 -9999 -9999 -9999 -9999 -9999 -9999 -9999 -9999 -9999 -9999 -9999 -9999 -9999 -9999 -9999 -9999 -9999 -9999
8.5887 7.86517 8.31391 8.65077 9.28663 9.45085 9.5447 10.4341 10.3872 10.3462 9.96673 9.66333 9.16051 8.30153 7.07853 5.60606 3.04201 4.62424 5.86359 5.83315 5.76683 5.21291 4.02282 5.02227 5.07137 3.56339 1.84743 0.832764 0.414352 -9999 -9999 -9999 -9999 -9999 -9999 -9999 -9999 -9999 -9999 -9999 -9999 -9999 -9999 -9999 -9999 -9999 -9999 -9999 -9999 -9999 -9999 -9999 -9999 -9999 -9999 -9999 -9999 -9999 -9999 -9999 -9999 -9999 -9999 -9999 -9999 -9999 -9999 -9999 -9999 -9999 -9999 -9999
8.00229 7.11867 7.57021 8.17295 9.02917 9.47549 9.81317 10.0793 10.3507 10.3189 9.93051 8.78303 8.61935 8.56995 7.77015 6.09135 4.41491 3.98125 5.87131 6.41323 6.30452 6.72804 5.72016 6.19945 6.00601 5.47598 3.82303 2.31443 1.6894 0.451911 -9999 -9999 -9999 -9999 -9999 -9999 -9999 -9999 -9999 -9999 -9999 -9999 -9999 -9999 -9999 -9999 -9999 -9999 -9999 -9999 -9999 -9999 -9999 -9999 -9999 -9999 -9999 -9999 -9999 -9999 -9999 -9999 -9999 -9999 -9999 -9999 -9999 -9999 -9999 -9999 -9999 -9999
-9999 -9999 6.5652 7.39112 8.06981 8.90898 9.62901 9.98928 10.3392 10.3113 9.53474 9.15497 9.12193 8.59785 7.6744 7.09506 6.03972 4.94035 5.36155 6.9737 6.25857 7.40156 7.30686 7.51864 6.75788 5.32416 3.39908 2.27988 1.72091 0.718478 -9999 -9999 -9999 -9999 -9999 -9999 -9999 -9999 -9999 -9999 -9999 -9999 -9999 -9999 -9999 -9999 -9999 -9999 -9999 -9999 -9999 -9999 -9999 -9999 -9999 -9999 -9999 -9999 -9999 -9999 -9999 -9999 -9999 -9999 -9999 -9999 -9999 -9999 -9999 -9999 -9999 -9999
-9999 -9999 -9999 7.24306 7.76003 8.87298 9.45642 9.69038 10.2546 10.2561 9.96199 9.73994 9.41765 8.9967 8.30266 7.53703 6.54444 6.45325 7.48469 7.49863 7.28482 7.45573 7.9871 7.84963 6.67639 4.64555 3.57111 1.3924 0.457187 0.555253 -0.107444 -9999 -9999 -9999 -9999 -9999 -9999 -9999 -9999 -9999 -9999 -9999 -9999 2.44801 -9999 -9999 -9999 -9999 -9999 -9999 -9999 -9999 -9999 -9999 -9999 -9999 -9999 -9999 -9999 -9999 -9999 -9999 -9999 -9999 -1.55385 -9999 -9999 -9999 -9999 -9999 -9999 -9999
-9999 -9999 7.14043 7.83749 8.37893 9.07685 9.15135 9.56855 10.2173 10.2269 10.0183 9.78249 9.25228 9.1209 8.72578 7.89439 7.72469 8.06244 8.21867 8.39592 8.50586 8.41979 8.20744 7.9326 7.18238 6.23994 5.60835 3.61398 2.61025 1.64489 0.182417 -0.961548 -9999 -9999 -9999 -9999 -9999 -9999 -9999 1.68289 1.62927 1.65615 1.97832 2.8661 2.34625 -9999 -9999 -9999 -9999 -9999 -9999 -9999 -9999 -9999 -9999 -9999 -9999 -9999 -9999 -9999 -9999 -9999 -9999 -9999 -0.748358 -1.90422 -9999 -9999 -9999 -9999 -9999 -9999
-9999 -9999 7.3327 8.0644 8.43023 9.10831 9.49652 9.7586 9.98371 10.1987 10.1626 9.90145 9.50426 9.50666 8.9595 8.66461 8.45431 8.91088 9.00198 8.82041 8.59269 8.39187 7.82044 7.75664 7.58086 6.98405 6.00228 4.99037 3.53462 1.54902 -0.398515 -1.96934 -9999 -9999 -9999 -9999 -9999 -9999 1.85014 2.58743 3.02953 2.09226 2.89489 3.62875 3.51311 2.80845 -9999 -9999 -9999 -9999 -9999 -9999 -9999 -9999 -9999 -9999 -9999 -9999 -9999 -9999 4.73367 3.54922 1.1586 -0.06814 -0.80531 -1.85674 -9999 -9999 -9999 -9999 -9999 -9999
-9999 -9999 7.18931 8.05363 8.63952 9.15966 9.24363 9.77853 10.0161 10.1316 10.1179 10.0659 9.99236 9.51452 9.30889 8.58711 9.27787 9.25232 9.07857 8.38817 8.09015 6.90457 6.3845 6.27821 7.28071 6.54603 5.00807 3.08444 0.776992 0.630429 -0.133475 -1.53718 -9999 -9999 -9999 -9999 -9999 -9999 2.08104 2.86952 3.52791 3.62466 2.69328 3.99649 3.95216 3.22533 3.06163 3.66037 3.96469 3.74697 4.45883 4.66839 4.34726 4.7005 -9999 -9999 -9999 -9999 4.90703 4.95305 4.98702 4.49202 1.88037 0.0956184 -1.50753 -1.65905 -9999 -9999 -9999 -9999 -9999 -9999
-9999 -9999 7.78848 8.32133 8.59152 8.63643 9.10344 9.57136 9.863 10.0712 10.0289 10.0115 9.99292 9.82906 9.44915 9.51719 9.48653 9.26553 7.9494 6.41355 7.08546 6.17651 4.22798 5.82425 6.70027 5.86774 4.00373 1.8415 1.14066 1.17449 0.111369 -1.25883 -9999 -9999 -9999 -0.0719853 1.05648 1.15505 1.48806 2.53929 3.33926 3.94435 4.35586 4.34873 3.91768 3.20701 2.43449 2.71242 4.10739 4.44895 4.74026 4.9577 4.65988 4.81542 5.18816 5.38054 5.41905 5.33043 5.30894 5.33748 5.29072 4.82843 2.4931 1.15436 0.298956 -1.42154 -9999 -9999 -9999 -9999 -9999 -9999
-9999 -9999 7.45476 7.91841 8.29423 8.91784 8.98484 9.37915 9.61466 9.96574 10.0045 9.59798 9.9328 9.8887 9.8253 9.69175 9.4966 8.38517 6.85368 5.31894 4.61174 4.91804 3.7461 4.35821 5.24598 4.93053 3.78874 1.86306 1.59483 1.1533 -0.634981 -2.35802 -9999 -9999 -2.25662 -0.0918368 1.4324 2.2187 2.46244 2.48617 3.49381 3.57367 4.65899 4.41018 2.97818 3.14135 2.58838 2.95209 3.46463 3.60696 4.3485 5.05499 5.1897 5.19371 5.43138 5.48021 5.49236 5.48524 5.32299 5.39455 5.40338 5.11394 3.41989 2.59199 1.6801 -1.39426 -9999 -9999 -9999 -9999 -9999 -9999
-9999 -9999 7.69271 8.21089 8.7782 8.87134 9.29187 9.25159 9.13454 9.71929 9.93607 9.64868 9.4414 9.8206 9.79333 9.74215 9.65869 8.61417 7.40596 5.57707 4.44186 3.75034 3.25987 2.60932 3.06747 2.93317 2.75161 2.96995 2.44653 1.39506 0.348833 -1.61159 -2.67206 -9999 -2.13573 -1.15878 0.653771 2.19407 3.17188 2.82041 3.96599 4.17912 4.84376 4.45762 3.58908 3.21681 3.18584 3.07405 3.84806 4.37245 4.7454 4.99184 5.29644 5.3751 5.45369 5.48645 5.50382 5.52082 5.51533 5.50711 5.47023 5.35943 4.57854 3.75216 1.96985 -1.28767 -9999 -9999 -9999 -9999 -9999 -9999
-9999 6.1842 7.63567 8.50383 8.84097 9.08469 9.29956 9.45532 9.61962 9.77297 9.87743 9.83438 9.07421 9.13492 9.27014 9.70002 9.66878 9.57441 8.91414 6.68849 5.92171 4.80061 3.3477 2.74746 3.05657 4.25557 4.20728 3.42149 2.54495 1.33373 0.564402 -0.637241 -2.94651 -2.73784 -1.69648 -0.921894 0.309746 2.19234 3.512 4.10089 4.32353 4.7902 5.03276 4.50278 3.9989 3.78848 3.39698 3.34434 3.35048 3.8197 4.19012 5.00429 5.27815 5.40242 5.46692 5.50152 5.52618 5.54976 5.55667 5.53891 5.53692 5.52728 5.46681 4.36728 1.62292 -0.448879 -9999 -9999 -9999 -9999 -9999 -9999
-9999 -9999 7.37065 7.75354 7.85503 8.03126 8.39017 8.80352 9.38939 9.46517 9.787 9.78596 9.13235 8.37555 9.03221 9.2925 9.56283 9.57093 9.48649 7.61693 6.64038 5.87281 4.48007 4.99251 5.47633 5.51808 5.23474 3.54471 1.86128 -0.0784842 -1.89366 -1.97788 -2.95317 -2.43419 -1.74628 0.0190347 1.26102 1.76426 2.12559 4.03942 4.53872 4.71051 5.20176 4.53527 4.3685 3.86899 4.02133 3.98075 3.98724 2.59982 4.0027 4.08815 4.99997 5.41268 5.50542 5.53134 5.55822 5.56176 5.56548 5.55905 5.56533 5.54843 5.52998 4.81398 1.33372 -0.418775 -9999 -9999 -9999 -9999 -9999 -9999
-9999 -9999 -9999 -9999 7.49811 7.79067 7.97873 8.30277 9.29314 9.56009 9.73728 9.75223 9.46011 8.71219 8.51386 8.64975 7.91945 8.53005 9.36604 9.34695 9.24824 7.60633 6.77249 7.59261 7.3504 6.11926 5.15158 4.19645 2.22499 0.785105 -1.29551 -2.85776 -2.91466 -1.1861 0.249651 2.03588 2.82353 2.37404 2.85937 3.81044 4.89065 5.41361 5.29177 4.58914 4.49305 3.72149 4.48592 4.55476 4.20472 3.90286 4.03219 4.48517 4.65961 5.37325 5.54719 5.57879 5.58432 5.58652 5.58191 5.57552 5.56405 5.55319 5.53949 5.50344 1.92599 -0.861215 -9999 -9999 -9999 -9999 -9999 -9999
-9999 -9999 -9999 -9999 6.81496 6.99397 7.46125 8.65822 9.28564 9.53919 9.53096 9.64778 9.44162 8.78276 8.10641 7.46824 6.64616 7.11618 8.36009 9.09467 9.18062 7.74183 8.5002 8.22453 7.67629 6.0646 4.8784 4.25214 2.35985 0.74237 -0.640456 -2.55205 -1.73095 -0.827719 0.331257 2.28043 3.59485 4.1343 3.6803 4.28788 5.53079 5.53849 4.86019 4.90637 4.49495 3.43961 4.54497 4.8589 4.61311 4.68222 4.59661 4.76744 5.07547 5.36974 5.56558 5.59278 5.59593 5.5888 5.58684 5.58519 5.5685 5.56614 5.55236 5.53019 3.21957 -0.909771 -9999 -9999 -9999 -9999 -9999 -9999
-9999 -9999 -9999 -9999 -9999 6.1957 7.25965 8.84807 9.24333 9.20816 9.53616 9.56434 9.24816 8.97329 8.15229 7.03096 4.87842 5.42684 6.57194 8.22358 9.0933 8.97978 8.50519 7.67261 5.65075 3.88222 3.67265 3.38796 2.00852 0.76466 -0.773071 0.123273 1.104 2.17586 2.73885 2.5926 3.71882 4.63677 4.24601 4.99135 5.86137 5.46766 5.23575 5.04199 4.56611 4.54039 4.59402 5.22377 4.79515 5.06568 5.08005 5.06865 5.22015 5.39354 5.57486 5.60527 5.60573 5.60786 5.58534 5.59033 5.5771 5.56357 5.55058 5.53102 5.31831 3.09071 1.75949 -9999 -9999 -9999 -9999 -9999
-9999 -9999 -9999 -9999 -9999 5.2191 5.75058 7.63145 8.21314 9.04426 9.48548 9.50574 8.97232 8.67479 7.45189 7.05459 5.06323 4.16277 4.92869 4.63777 6.91214 8.92582 8.49611 4.44358 2.97948 1.937 2.21215 2.22048 1.84049 -0.282402 -0.865729 1.04527 2.24889 3.1811 3.88778 4.03485 4.0098 5.44601 5.63661 6.10321 6.00183 6.04581 5.32158 4.87456 5.26926 4.82006 4.74646 5.39688 4.76464 5.34492 5.2847 5.1155 5.10971 5.49166 5.57036 5.61184 5.61433 5.59858 5.57777 5.56465 5.57412 5.56518 5.54064 5.53803 5.51362 5.24228 4.08918 3.68387 4.12555 -9999 -9999 -9999
-9999 -9999 -9999 -9999 -9999 -9999 4.00121 6.61451 7.80903 8.43676 9.31989 9.42633 9.14312 8.6284 7.38284 6.28746 4.50735 2.47484 1.40112 4.62495 7.43186 8.89891 8.7144 5.34175 4.01415 3.95802 4.7489 4.09205 3.595 1.9836 1.50372 0.834404 1.25129 2.55084 3.61103 4.63296 5.37542 5.43512 5.91636 6.19408 6.2169 6.30432 6.22029 6.15261 5.45488 5.94172 5.53494 5.75679 5.62085 5.4987 5.39757 5.00053 5.28673 5.53997 5.60641 5.6271 5.6118 5.6073 5.59495 5.56906 5.55603 5.55131 5.5456 5.52926 5.52551 5.506 5.37344 4.67848 3.74955 2.57709 -9999 -9999
-9999 -9999 -9999 -9999 -9999 -9999 2.6996 5.30003 6.55368 8.16659 8.99695 9.33422 9.28926 8.87214 7.92565 6.50151 5.31526 3.0464 0.691062 4.07496 7.09285 8.72184 8.81198 5.98221 6.77442 6.14383 6.40595 5.24697 4.76846 4.39374 3.56159 2.65055 1.6539 1.12645 3.50595 4.72741 5.70988 6.17255 6.43364 6.56362 6.49518 6.31751 5.26216 6.0694 6.02861 5.95128 5.86265 5.82187 5.74246 5.64834 5.59801 5.5807 5.31762 5.62138 5.61597 5.6205 5.62162 5.61269 5.59593 5.58047 5.56143 5.56022 5.54578 5.53211 5.52159 5.511 5.49887 5.45744 5.27053 3.6972 2.75516 2.4899
-9999 -9999 -9999 -9999 -9999 -9999 -0.949589 2.8329 5.87379 7.46149 8.75441 9.10912 9.24124 8.68202 8.26359 7.24269 6.27614 4.78554 2.55328 1.1796 3.715 7.39819 8.76254 8.66523 8.5852 7.85487 7.19729 7.11867 7.17335 6.40958 5.29122 3.82539 3.36972 2.85609 4.62858 4.86884 4.73881 6.68636 6.68991 6.57838 5.83241 5.00122 5.16056 4.6465 5.04412 4.4308 5.00003 5.49283 5.67922 5.66777 5.61032 5.60509 5.57828 5.63268 5.63279 5.62467 5.61784 5.6133 5.6043 5.57939 5.56383 5.56901 5.55281 5.53832 5.52232 5.5141 5.50648 5.47509 5.44643 5.20204 4.83629 4.1424
-9999 -9999 -9999 -9999 -9999 -9999 -0.783832 2.39838 5.09682 6.71659 8.27233 8.63312 9.15772 9.04392 8.60582 7.71848 6.6102 5.3835 3.46851 2.04585 3.74082 6.18904 7.94192 8.57775 8.5796 8.54204 8.38035 8.3181 8.12893 7.99834 7.1955 5.81166 5.02951 3.88343 5.85878 6.0803 5.77088 6.75577 6.7055 5.21425 4.06777 3.92491 4.62874 3.96509 3.84985 3.43891 3.9094 5.16622 4.80271 4.87838 5.45446 5.55062 5.61312 5.63062 5.62747 5.62498 5.61494 5.61542 5.6153 5.59098 5.57823 5.57042 5.5459 5.54185 5.52405 5.50646 5.49141 5.47323 5.44701 5.37555 5.29769 5.3749
-9999 -9999 -9999 -9999 -9999 -9999 -0.7167 1.42428 3.85262 6.23705 7.89848 8.56852 9.05617 9.05057 8.54155 8.10036 7.40559 6.32644 5.58663 4.30234 2.53992 5.49902 6.41139 7.22914 7.5749 8.42281 8.40655 8.0243 7.58536 8.0051 7.88656 6.79074 6.43123 5.82263 6.92149 6.92404 6.89316 6.83365 5.57375 3.82286 2.4235 3.4303 3.2204 3.68849 2.25827 3.43775 4.38839 4.69877 4.05819 3.58299 5.06876 5.31677 5.46399 5.55847 5.62048 5.60587 5.62066 5.61113 5.60548 5.59897 5.58418 5.57413 5.55874 5.54295 5.53092 5.51509 5.49544 5.47227 5.46808 5.42684 5.40992 5.39546
-9999 -9999 -9999 -9999 -9999 -9999 -9999 0.163852 3.24331 5.99141 7.52137 8.48342 8.95192 8.94313 8.68275 8.38312 7.95227 7.17377 6.19613 4.6514 3.50536 4.23557 5.12993 5.23862 5.83319 7.55094 8.14028 7.31414 5.26913 6.48525 7.83841 7.81848 7.70477 7.57691 7.41311 7.26448 6.93889 6.067 3.39675 2.87041 1.82294 1.9421 1.40534 2.58525 2.14808 3.35544 3.88004 4.07964 2.96751 3.21146 4.5249 5.04507 4.96046 5.27974 5.5836 5.59386 5.6024 5.59393 5.59945 5.60047 5.59372 5.57875 5.56665 5.55712 5.5339 5.52978 5.42798 5.36101 5.22786 5.38739 5.40064 5.40781
-9999 -9999 -9999 -9999 -9999 -9999 -9999 -0.445413 2.6265 5.86284 6.90204 7.93925 8.83435 8.85164 8.45404 8.07595 7.68665 7.24364 6.05775 4.90814 3.81103 3.44401 3.66738 3.6622 4.62151 6.85781 7.29349 7.11235 4.97845 4.2556 6.06223 7.58056 7.70138 7.56491 5.78091 6.16139 5.19875 3.89299 3.53355 2.96202 1.75443 2.3361 1.45212 1.83236 1.73845 2.42447 2.76005 3.57613 2.60687 2.61934 3.90908 4.55931 4.57695 5.25879 5.50229 5.56632 5.5824 5.59358 5.5959 5.60572 5.59834 5.58706 5.57243 5.53849 5.45956 5.22347 3.92564 3.92527 4.27774 4.61127 5.22145 5.39068
-9999 -9999 -9999 -9999 -9999 -9999 -9999 -0.0893448 2.04245 4.91413 7.04128 7.17504 8.20913 8.74289 8.31067 7.82408 7.32636 7.10907 5.81842 4.40092 3.25613 1.90118 2.12649 3.10262 4.70837 6.15365 6.41446 6.11917 4.97983 5.52469 6.75724 7.41233 7.60635 7.45568 7.06771 6.84358 6.13489 5.82777 4.84323 3.30381 2.69768 3.0822 1.44845 1.56365 2.16932 1.53541 2.5956 3.10401 1.85139 2.85877 3.99746 4.58026 5.08978 5.3314 5.42807 5.57559 5.57965 5.59189 5.59822 5.59543 5.59451 5.56965 5.54877 5.4104 5.20684 4.00163 3.49809 3.59478 4.14961 4.63528 5.1454 5.35227
-9999 -9999 -9999 -9999 -9999 -9999 -9999 0.27457 2.19394 4.68391 6.20058 6.47203 7.61886 8.63861 8.52478 8.0186 7.86465 7.34031 6.24581 5.03705 3.71604 3.07469 1.59867 3.05544 4.21922 5.44322 6.01721 5.08309 4.61135 5.45259 6.2887 6.62348 7.4674 7.46043 7.1866 6.00322 5.42632 5.67069 5.42296 4.98892 3.9296 3.88297 3.20299 2.92201 2.65692 1.79991 2.35331 2.41018 2.56517 3.76855 4.36177 4.75545 5.11347 5.20812 5.36402 5.56583 5.58379 5.59097 5.58976 5.59301 5.5775 5.51937 5.47012 5.19328 4.70394 3.79173 2.31374 3.35317 4.44016 4.76338 5.0804 5.24302
-9999 -9999 -9999 -9999 -9999 -9999 -9999 -0.0518511 1.98705 4.11514 5.00498 5.15619 7.23172 8.50262 8.50495 8.26512 7.98508 6.68928 6.76601 6.50759 5.31598 3.58 1.67352 1.85419 2.99932 4.61901 5.15503 3.6042 3.0548 3.46226 4.72541 5.85607 7.03637 7.33686 6.99175 5.14938 3.19135 4.10023 5.07132 5.06644 4.78224 3.8001 3.48887 3.20739 2.49153 1.27981 1.46516 1.8043 3.17369 3.60449 4.26922 4.82138 4.61471 4.73709 5.26481 5.56768 5.57932 5.58473 5.59448 5.58715 5.56855 5.45384 5.33231 5.12878 3.85495 3.0625 1.9053 3.24823 3.98895 4.38508 5.09008 5.25702
-9999 -9999 -9999 -9999 -9999 -9999 -9999 -0.682459 0.797208 2.83125 3.65112 4.95873 6.92013 7.88491 8.34749 8.33755 8.15103 7.57106 7.2227 6.5358 5.29609 3.60077 1.71632 0.490171 1.11592 3.29953 3.81972 2.38541 1.65534 2.56845 3.9143 5.90622 7.04468 7.19921 7.09714 6.71776 5.28842 3.56131 3.56776 4.43491 3.7106 2.86875 3.33317 3.2485 2.54168 2.02803 1.72231 1.9242 2.70569 3.02693 3.7945 4.92668 5.08967 5.05838 5.5352 5.55947 5.57085 5.58888 5.58819 5.58355 5.56886 5.4754 5.26655 4.41866 3.67915 2.65058 2.52281 3.71447 4.23514 4.72171 5.067 5.17861
-9999 -9999 -9999 -9999 -9999 -9999 -9999 -1.7686 -0.0278099 1.87761 3.6617 5.3496 6.80231 6.91472 7.681 7.68028 8.08201 7.96747 7.43 6.85157 5.78352 3.60532 1.77404 -0.223106 0.305232 2.52715 2.83045 1.86789 0.0880085 1.92892 3.95879 5.79844 6.79469 6.01529 6.81569 6.75066 6.21549 5.18763 3.58915 3.62011 2.4225 2.37128 2.9878 3.18875 3.08755 2.70234 2.08764 2.20577 2.68295 2.80379 3.50921 4.38768 5.2464 5.3913 5.55552 5.56299 5.56595 5.57945 5.58116 5.56315 5.51904 5.4215 4.71084 3.86573 3.34495 2.62836 2.54106 3.91181 4.46398 4.77038 5.06877 5.18587
-9999 -9999 -9999 -9999 -9999 -9999 -9999 -9999 -0.205877 1.76257 3.21917 3.6115 4.90275 5.60004 6.13968 6.25946 7.79919 7.88445 7.54389 7.01259 6.10176 4.44909 3.29805 1.38238 0.00586565 0.584335 0.8578 1.36566 1.21775 2.0394 3.98989 6.02179 6.24417 4.95473 5.14643 5.41696 6.02253 5.71622 3.53796 2.43167 1.51361 2.16731 2.85507 3.02246 3.05706 2.92601 2.7804 2.53102 3.45076 4.13156 4.2902 4.88372 5.32202 5.44354 5.53512 5.54679 5.55854 5.55893 5.53356 5.51511 5.40529 5.15917 4.36448 2.45349 2.54254 2.33567 1.74108 3.0844 3.93408 4.69209 5.09445 5.19767
-9999 -9999 -9999 -9999 -9999 -9999 -9999 -9999 -0.860833 1.41664 1.89784 1.86223 1.10837 1.45553 4.25071 4.81369 6.2903 7.68861 7.58646 7.06522 6.21305 5.22914 3.70543 1.55075 -0.160991 -0.873475 0.977141 2.79299 3.16809 3.74722 4.94271 5.17054 3.85269 2.61679 3.31154 3.73019 5.32397 5.61528 5.30619 3.99407 2.49386 1.71126 2.63726 2.76208 2.8189 2.83128 2.80885 2.77882 3.823 4.39718 4.79571 5.01303 5.38946 5.48626 5.51758 5.54697 5.54052 5.52141 5.46226 5.39492 5.09794 4.73838 3.43692 2.35188 1.67529 0.816455 2.75217 3.32597 4.11974 4.63784 5.03833 5.12559
