Test_Spring_2018/02_18/Temp/20180219_016.txt
ncols	170
nrows	115
xllcorner	350000.000000
yllcorner	4445000.000000
cellsize	1000.000000
nodata_value	-9999.000000
[rows 32 to 63 of 115, columns 72 to 143 of 170]
9.87912 9.53994 10.073 10.5642 10.2715 10.0793 10.8867 10.8898 10.6193 9.97992 9.7472 9.50577 9.35894 8.53775 6.22849 4.14698 5.26661 5.29587 4.52634 5.91391 5.18501 3.27922 0.58774 2.05457 1.6759 -0.237501 -0.707908 -9999 -9999 -9999 -9999 -9999 -9999 -9999 -9999 -9999 -9999 -9999 -9999 -9999 -9999 -9999 -9999 -9999 -9999 -9999 -9999 -9999 -9999 -9999 -9999 -9999 -9999 -9999 -9999 -9999 -9999 -9999 -9999 -9999 -9999 -9999 -9999 -9999 -9999 -9999 -9999 -9999 -9999 -9999 -9999 -9999
9.43185 9.28812 10.0787 10.0658 10.0187 10.3105 10.8144 10.9167 10.8132 10.5361 10.2966 10.0417 9.39 8.45024 6.47436 4.10471 3.56942 4.73332 4.79175 4.98105 4.31695 3.48205 2.17443 3.24978 3.66885 2.41011 0.766857 -0.286122 -9999 -9999 -9999 -9999 -9999 -9999 -9999 -9999 -9999 -9999 -9999 -9999 -9999 -9999 -9999 -9999 -9999 -9999 -9999 -9999 -9999 -9999 -9999 -9999 -9999 -9999 -9999 -9999 -9999 -9999 -9999 -9999 -9999 -9999 -9999 -9999 -9999 -9999 -9999 -9999 -9999 -9999 -9999 -9999
8.89619 8.13628 8.61414 8.97385 9.63686 9.81814 9.92024 10.8623 10.8158 10.7755 10.3779 10.0604 9.53233 8.62805 7.33924 5.78682 3.08158 4.75413 6.06435 6.03349 5.96446 5.38026 4.12404 5.1795 5.2313 3.62251 1.80083 0.728867 0.286643 -9999 -9999 -9999 -9999 -9999 -9999 -9999 -9999 -9999 -9999 -9999 -9999 -9999 -9999 -9999 -9999 -9999 -9999 -9999 -9999 -9999 -9999 -9999 -9999 -9999 -9999 -9999 -9999 -9999 -9999 -9999 -9999 -9999 -9999 -9999 -9999 -9999 -9999 -9999 -9999 -9999 -9999 -9999
8.28573 7.35669 7.83743 8.47782 9.38161 9.85135 10.2123 10.4964 10.7861 10.7556 10.3486 9.14005 8.97016 8.92082 8.07893 6.30869 4.54069 4.08465 6.08191 6.65535 6.54149 6.98931 5.92544 6.43165 6.22735 5.65942 3.90228 2.30282 1.64256 0.335851 -9999 -9999 -9999 -9999 -9999 -9999 -9999 -9999 -9999 -9999 -9999 -9999 -9999 -9999 -9999 -9999 -9999 -9999 -9999 -9999 -9999 -9999 -9999 -9999 -9999 -9999 -9999 -9999 -9999 -9999 -9999 -9999 -9999 -9999 -9999 -9999 -9999 -9999 -9999 -9999 -9999 -9999
-9999 -9999 6.78484 7.65667 8.38104 9.26173 10.0266 10.4102 10.7829 10.7566 9.93995 9.54215 9.51036 8.95993 7.9876 7.37834 6.26619 5.10721 5.55345 7.25687 6.50257 7.70995 7.61019 7.83383 7.03041 5.50589 3.46392 2.27576 1.68533 0.626915 -9999 -9999 -9999 -9999 -9999 -9999 -9999 -9999 -9999 -9999 -9999 -9999 -9999 -9999 -9999 -9999 -9999 -9999 -9999 -9999 -9999 -9999 -9999 -9999 -9999 -9999 -9999 -9999 -9999 -9999 -9999 -9999 -9999 -9999 -9999 -9999 -9999 -9999 -9999 -9999 -9999 -9999
-9999 -9999 -9999 7.50877 8.06223 9.24091 9.85315 10.1034 10.7026 10.7076 10.4005 10.1694 9.83238 9.39101 8.66105 7.8552 6.80934 6.71488 7.80541 7.82116 7.59605 7.77684 8.33796 8.19264 6.94533 4.79841 3.6632 1.348 0.360284 0.46395 -0.235317 -9999 -9999 -9999 -9999 -9999 -9999 -9999 -9999 -9999 -9999 -9999 -9999 2.47508 -9999 -9999 -9999 -9999 -9999 -9999 -9999 -9999 -9999 -9999 -9999 -9999 -9999 -9999 -9999 -9999 -9999 -9999 -9999 -9999 -1.73672 -9999 -9999 -9999 -9999 -9999 -9999 -9999
-9999 -9999 7.40945 8.14888 8.72396 9.4644 9.5382 9.98369 10.6722 10.686 10.4694 10.224 9.66773 9.53233 9.11818 8.243 8.06608 8.42453 8.59083 8.77888 8.89543 8.80464 8.58021 8.28956 7.48712 6.49091 5.82306 3.70833 2.64281 1.62362 0.0799575 -1.127 -9999 -9999 -9999 -9999 -9999 -9999 -9999 1.67657 1.62047 1.64901 1.98902 2.92596 2.37635 -9999 -9999 -9999 -9999 -9999 -9999 -9999 -9999 -9999 -9999 -9999 -9999 -9999 -9999 -9999 -9999 -9999 -9999 -9999 -0.879076 -2.09601 -9999 -9999 -9999 -9999 -9999 -9999
-9999 -9999 7.62095 8.39669 8.78627 9.50574 9.91933 10.1932 10.4346 10.6654 10.6312 10.3595 9.94388 9.94999 9.3755 9.06696 8.84725 9.33114 9.42859 9.23759 8.99737 8.78511 8.1812 8.11305 7.91708 7.28546 6.24754 5.17809 3.62769 1.53121 -0.524561 -2.18209 -9999 -9999 -9999 -9999 -9999 -9999 1.8627 2.64204 3.10924 2.11952 2.96655 3.7406 3.61736 2.86351 -9999 -9999 -9999 -9999 -9999 -9999 -9999 -9999 -9999 -9999 -9999 -9999 -9999 -9999 4.90226 3.65507 1.13433 -0.157447 -0.932262 -2.03889 -9999 -9999 -9999 -9999 -9999 -9999
-9999 -9999 7.47779 8.39344 9.01532 9.56798 9.66035 10.2311 10.4778 10.6038 10.5936 10.5429 10.4694 9.96872 9.75509 8.99597 9.72778 9.70259 9.52028 8.79181 8.47708 7.2247 6.67463 6.55268 7.60926 6.83162 5.20605 3.17358 0.731741 0.569754 -0.236179 -1.71711 -9999 -9999 -9999 -9999 -9999 -9999 2.1168 2.95019 3.64567 3.74757 2.76336 4.13818 4.0819 3.31244 3.13756 3.76784 4.08744 3.8473 4.59619 4.81776 4.47951 4.85384 -9999 -9999 -9999 -9999 5.08482 5.13679 5.17617 4.65708 1.90305 0.0221687 -1.66695 -1.82458 -9999 -9999 -9999 -9999 -9999 -9999
-9999 -9999 8.11857 8.68411 8.97254 9.02339 9.52024 10.0203 10.3249 10.5514 10.5111 10.4972 10.4818 10.3129 9.91549 9.99055 9.96078 9.72935 8.34091 6.71979 7.42923 6.46595 4.40703 6.08284 7.00535 6.1239 4.1536 1.86882 1.12337 1.15234 0.0304954 -1.41164 -9999 -9999 -9999 -0.149481 1.04446 1.15067 1.50397 2.61512 3.46037 4.09504 4.52847 4.51536 4.05471 3.3017 2.48333 2.77422 4.24483 4.60352 4.89968 5.12924 4.81536 4.98268 5.37796 5.58331 5.62666 5.53615 5.51685 5.55059 5.505 5.02074 2.55644 1.14662 0.247129 -1.56427 -9999 -9999 -9999 -9999 -9999 -9999
-9999 -9999 7.7757 8.2681 8.66804 9.33051 9.40499 9.82536 10.08 10.4488 10.4944 10.0698 10.428 10.3859 10.3229 10.1853 9.98193 8.81033 7.1944 5.57429 4.82726 5.1501 3.91108 4.54805 5.48278 5.14256 3.93694 1.90174 1.61717 1.14675 -0.746606 -2.56462 -9999 -9999 -2.45041 -0.161785 1.45037 2.28301 2.54227 2.5686 3.63312 3.71729 4.86241 4.59506 3.07742 3.24688 2.65359 3.03438 3.57368 3.72162 4.49575 5.2395 5.38203 5.38723 5.63977 5.69352 5.70907 5.70474 5.53696 5.61634 5.62965 5.32812 3.54349 2.67338 1.71367 -1.52629 -9999 -9999 -9999 -9999 -9999 -9999
-9999 -9999 8.03643 8.58646 9.18862 9.29037 9.7381 9.69826 9.58064 10.2024 10.4309 10.1325 9.91857 10.3237 10.2991 10.2486 10.1633 9.06242 7.78778 5.85691 4.65772 3.92669 3.40688 2.7117 3.19262 3.04801 2.8537 3.08195 2.52317 1.40869 0.304102 -1.76921 -2.88685 -9999 -2.31483 -1.28011 0.636802 2.26589 3.30048 2.93079 4.14102 4.36583 5.06418 4.6543 3.73124 3.33467 3.2986 3.17713 3.99104 4.53551 4.92035 5.17958 5.49979 5.58358 5.66804 5.70479 5.72591 5.74716 5.74509 5.74045 5.70574 5.59307 4.77287 3.90384 2.02604 -1.40731 -9999 -9999 -9999 -9999 -9999 -9999
-9999 6.45175 7.9837 8.90319 9.26226 9.52298 9.75356 9.92202 10.1013 10.2666 10.3815 10.3373 9.53986 9.60892 9.75616 10.2139 10.1838 10.0862 9.39009 7.04016 6.23026 5.0453 3.50917 2.86623 3.18933 4.45208 4.39802 3.56558 2.63781 1.3545 0.537997 -0.729947 -3.1696 -2.94638 -1.84351 -1.02215 0.281706 2.27253 3.66834 4.29173 4.52752 5.01834 5.27291 4.71013 4.17208 3.94624 3.52893 3.46931 3.47179 3.96345 4.34541 5.19771 5.48634 5.61713 5.68658 5.72525 5.75411 5.78244 5.79366 5.77917 5.78155 5.77595 5.71609 4.55954 1.66419 -0.517382 -9999 -9999 -9999 -9999 -9999 -9999
-9999 -9999 7.71118 8.11821 8.22841 8.41785 8.80051 9.24098 9.86536 9.9497 10.2941 10.2972 9.60974 8.81581 9.51385 9.79265 10.0811 10.0918 10.0037 8.03012 6.9982 6.18614 4.71329 5.24511 5.7523 5.79271 5.49005 3.70244 1.9223 -0.13044 -2.04786 -2.13664 -3.16754 -2.61885 -1.88896 -0.0212158 1.29386 1.8285 2.21266 4.23526 4.76222 4.94223 5.45926 4.75292 4.57056 4.03903 4.19545 4.14802 4.1503 2.68094 4.15282 4.24049 5.20154 5.63328 5.73187 5.76133 5.79259 5.79987 5.80791 5.8056 5.81696 5.80351 5.78752 5.03581 1.36519 -0.479235 -9999 -9999 -9999 -9999 -9999 -9999
-9999 -9999 -9999 -9999 7.85859 8.17084 8.3731 8.71928 9.77073 10.0569 10.2486 10.2691 9.96541 9.17931 8.9747 9.12227 8.3543 9.00113 9.88524 9.86521 9.76013 8.02474 7.13631 7.99851 7.73879 6.43487 5.40931 4.39735 2.31277 0.787696 -1.41022 -3.05982 -3.11894 -1.29185 0.225353 2.11537 2.95094 2.47984 2.99515 4.00032 5.14139 5.69293 5.56254 4.81789 4.70996 3.89085 4.6932 4.76087 4.38622 4.06261 4.18953 4.66485 4.84693 5.59937 5.78307 5.81631 5.82505 5.83102 5.8304 5.82833 5.82034 5.81354 5.80368 5.77007 1.99693 -0.940032 -9999 -9999 -9999 -9999 -9999 -9999
-9999 -9999 -9999 -9999 7.14416 7.33651 7.83358 9.10147 9.76963 10.0417 10.0375 10.1656 9.9527 9.2617 8.55182 7.88212 7.01738 7.51594 8.83061 9.6064 9.69633 8.17539 8.96824 8.67328 8.09029 6.38437 5.12788 4.46297 2.46177 0.749044 -0.712274 -2.73091 -1.86306 -0.907489 0.319016 2.38025 3.77216 4.34536 3.86863 4.51192 5.8249 5.83246 5.11451 5.16048 4.71951 3.60057 4.76268 5.08886 4.82397 4.89173 4.7915 4.96857 5.29142 5.60082 5.80747 5.83732 5.84269 5.83886 5.84113 5.84385 5.831 5.83331 5.82348 5.80464 3.36924 -0.984881 -9999 -9999 -9999 -9999 -9999 -9999
-9999 -9999 -9999 -9999 -9999 6.5004 7.62748 9.30866 9.73164 9.69877 10.0496 10.084 9.75489 9.46931 8.60687 7.42692 5.15736 5.73877 6.94918 8.69338 9.61099 9.48949 8.98054 8.09759 5.95863 4.08709 3.86178 3.55747 2.09768 0.779373 -0.845644 0.100479 1.13675 2.27028 2.86742 2.71642 3.90949 4.88237 4.47262 5.26147 6.18085 5.76467 5.51816 5.31084 4.80183 4.77005 4.82158 5.48113 5.02306 5.30332 5.30856 5.29303 5.45043 5.63202 5.82321 5.85635 5.85919 5.86499 5.84552 5.85544 5.84631 5.8369 5.82798 5.81195 5.59178 3.24571 1.84436 -9999 -9999 -9999 -9999 -9999
-9999 -9999 -9999 -9999 -9999 5.47591 6.04073 8.03067 8.65045 9.5322 10.0025 10.0284 9.4698 9.16016 7.87337 7.4579 5.35882 4.40981 5.21994 4.91314 7.31407 9.43888 8.97742 4.69474 3.14489 2.04015 2.32677 2.33192 1.92748 -0.319022 -0.936352 1.08105 2.35255 3.3385 4.08723 4.24568 4.22312 5.74353 5.947 6.44162 6.33541 6.38153 5.61535 5.14079 5.55115 5.07236 4.98966 5.67113 4.99812 5.60548 5.53192 5.34975 5.341 5.74275 5.82552 5.87029 5.87508 5.86203 5.84456 5.83489 5.84973 5.84516 5.82406 5.82594 5.80459 5.52414 4.31086 3.88693 4.35715 -9999 -9999 -9999
-9999 -9999 -9999 -9999 -9999 -9999 4.20019 6.96343 8.23029 8.89715 9.8339 9.95069 9.65637 9.1172 7.80622 6.65356 4.77748 2.63436 1.50039 4.905 7.86848 9.41637 9.21391 5.64946 4.24407 4.18111 5.01254 4.31555 3.78766 2.08128 1.57319 0.865982 1.30667 2.67989 3.80156 4.88395 5.67162 5.73844 6.25013 6.54322 6.56827 6.66043 6.57046 6.4967 5.75375 6.26362 5.82941 6.05862 5.90989 5.77579 5.65908 5.23644 5.53608 5.80196 5.87177 5.89406 5.88029 5.87901 5.87037 5.84813 5.83754 5.83737 5.83608 5.82342 5.82384 5.8093 5.67356 4.94376 3.96671 2.73237 -9999 -9999
-9999 -9999 -9999 -9999 -9999 -9999 2.83239 5.58199 6.91127 8.61826 9.49993 9.85992 9.8166 9.38032 8.38498 6.88505 5.63595 3.24324 0.758633 4.33274 7.51576 9.23499 9.32867 6.33184 7.1652 6.49608 6.76957 5.5427 5.03466 4.63419 3.75423 2.79179 1.73913 1.18296 3.69794 4.99076 6.0316 6.52369 6.80274 6.94289 6.87014 6.68 5.56467 6.41506 6.36602 6.28059 6.18273 6.13504 6.04642 5.94229 5.87936 5.8579 5.57776 5.89686 5.89007 5.89602 5.89949 5.89339 5.87992 5.86848 5.8537 5.85443 5.84328 5.83333 5.82652 5.82138 5.81273 5.77293 5.57935 3.92169 2.93053 2.65053
-9999 -9999 -9999 -9999 -9999 -9999 -1.0142 2.98347 6.20115 7.88121 9.24991 9.62836 9.77184 9.18534 8.74739 7.6731 6.65589 5.08489 2.73026 1.2816 3.95885 7.84815 9.28234 9.17087 9.08374 8.3098 7.61265 7.52694 7.58226 6.77115 5.58815 4.04003 3.55812 3.0173 4.8911 5.14757 5.01344 7.07312 7.07999 6.96494 6.17936 5.29915 5.46719 4.91881 5.33297 4.68207 5.27934 5.79557 5.98812 5.97178 5.90152 5.89318 5.86265 5.91736 5.91756 5.91013 5.90511 5.90347 5.89795 5.87626 5.86487 5.87556 5.85868 5.8479 5.83423 5.83157 5.82758 5.79831 5.77176 5.5173 5.13461 4.4018
-9999 -9999 -9999 -9999 -9999 -9999 -0.831135 2.53473 5.38741 7.10091 8.74727 9.13197 9.6897 9.57332 9.11444 8.18103 7.01404 5.72166 3.70205 2.20176 3.99277 6.57712 8.42782 9.09044 9.08446 9.04254 8.8695 8.80105 8.59912 8.45656 7.60786 6.14448 5.31928 4.11051 6.19827 6.43466 6.11078 7.15368 7.10344 5.53135 4.32275 4.17315 4.91177 4.21009 4.08288 3.64181 4.13538 5.45892 5.07259 5.14847 5.7469 5.8458 5.90764 5.92539 5.92224 5.92075 5.91224 5.91571 5.91929 5.89791 5.88913 5.88574 5.86473 5.85888 5.84425 5.83178 5.81854 5.80312 5.77909 5.70718 5.62976 5.71068
-9999 -9999 -9999 -9999 -9999 -9999 -0.751472 1.513 4.08044 6.60119 8.35904 9.07014 9.58869 9.58639 9.05246 8.58999 7.85954 6.7229 5.94418 4.59008 2.73061 5.85603 6.81799 7.6727 8.03686 8.93017 8.91079 8.50492 8.03085 8.47279 8.34426 7.18724 6.80828 6.16691 7.32897 7.33388 7.3038 7.2436 5.91584 4.06937 2.59361 3.65788 3.43672 3.9247 2.40917 3.65481 4.65552 4.97974 4.29561 3.79045 5.34971 5.60626 5.76048 5.85974 5.92552 5.91124 5.92884 5.92154 5.919 5.91607 5.90476 5.89862 5.88686 5.87458 5.85869 5.848 5.83113 5.81206 5.81116 5.76945 5.75493 5.73879
-9999 -9999 -9999 -9999 -9999 -9999 -9999 0.191295 3.44549 6.3505 7.96931 8.98851 9.4866 9.48071 9.20913 8.89598 8.44412 7.6249 6.5951 4.9661 3.75762 4.52975 5.47272 5.57817 6.20483 8.01714 8.63778 7.76375 5.59968 6.8788 8.30689 8.28564 8.16588 8.03173 7.85702 7.70206 7.36051 6.44223 3.62501 3.07436 1.97012 2.09718 1.53099 2.76999 2.30272 3.57558 4.12697 4.33483 3.15742 3.4046 4.78464 5.33208 5.24151 5.57809 5.89741 5.90941 5.92031 5.91394 5.9229 5.92758 5.92436 5.91423 5.90566 5.89972 5.87074 5.87237 5.76861 5.70146 5.56429 5.73605 5.75328 5.7583
-9999 -9999 -9999 -9999 -9999 -9999 -9999 -0.44564 2.80125 6.22177 7.32235 8.42086 9.3693 9.39086 8.97427 8.57819 8.17011 7.70509 6.45539 5.24365 4.08695 3.70073 3.93745 3.92047 4.93272 7.29308 7.752 7.55955 5.29772 4.53374 6.44095 8.04413 8.17211 8.02885 6.14641 6.54979 5.53526 4.15856 3.78108 3.17949 1.90598 2.52127 1.58843 1.98984 1.87777 2.60055 2.95288 3.81223 2.78629 2.7895 4.1444 4.82961 4.84734 5.567 5.82445 5.89309 5.91175 5.92587 5.93116 5.9448 5.94059 5.93243 5.92076 5.88864 5.80886 5.5538 4.18934 4.19235 4.56783 4.92322 5.56539 5.74641
-9999 -9999 -9999 -9999 -9999 -9999 -9999 -0.0624885 2.19176 5.22725 7.47658 7.6211 8.71625 9.28307 8.82985 8.31913 7.79651 7.56981 6.20948 4.71493 3.508 2.0788 2.31781 3.34924 5.03206 6.55763 6.83239 6.51988 5.30817 5.88311 7.18444 7.87634 8.08173 7.92351 7.51506 7.27991 6.5333 6.21082 5.17305 3.54922 2.91059 3.31759 1.59303 1.71466 2.35362 1.67012 2.78798 3.32297 1.99836 3.04672 4.24774 4.86213 5.39957 5.65463 5.75717 5.91399 5.91987 5.93492 5.94419 5.94418 5.94639 5.92348 5.9048 5.76201 5.55028 4.28076 3.74496 3.85028 4.43928 4.9552 5.49001 5.71197
-9999 -9999 -9999 -9999 -9999 -9999 -9999 0.329099 2.35909 4.99155 6.59629 6.88619 8.10036 9.18031 9.06324 8.53178 8.37212 7.82117 6.66797 5.39388 4.00097 3.32541 1.7682 3.30741 4.5235 5.81583 6.42169 5.42653 4.92824 5.81645 6.69945 7.05334 7.9451 7.93868 7.65073 6.4026 5.795 6.05464 5.79463 5.33777 4.22043 4.17207 3.45454 3.15788 2.87754 1.95804 2.54114 2.59975 2.75528 4.017 4.64242 5.05745 5.43518 5.53525 5.70045 5.91461 5.9351 5.94464 5.9457 5.95175 5.9382 5.87977 5.83075 5.54138 5.02753 4.06706 2.50147 3.60203 4.75275 5.09526 5.42751 5.60261
-9999 -9999 -9999 -9999 -9999 -9999 -9999 -0.00808348 2.14817 4.39858 5.3415 5.50445 7.69924 9.04438 9.04994 8.79971 8.50687 7.14134 7.22485 6.95426 5.69806 3.86681 1.85525 2.04725 3.24668 4.95413 5.52026 3.87392 3.29395 3.72444 5.05862 6.2531 7.50019 7.8185 7.45529 5.51129 3.44525 4.40639 5.43315 5.42925 5.1302 4.09391 3.76567 3.46848 2.71225 1.42634 1.61255 1.96952 3.3994 3.85342 4.55463 5.13726 4.91896 5.04847 5.60638 5.92727 5.94102 5.94854 5.96095 5.95555 5.93842 5.81989 5.69418 5.48185 4.13932 3.30498 2.0874 3.49804 4.28293 4.69624 5.44378 5.62325
-9999 -9999 -9999 -9999 -9999 -9999 -9999 -0.666306 0.899534 3.05071 3.9198 5.30384 7.37817 8.40009 8.89165 8.88415 8.69006 8.08037 7.71505 6.99205 5.68512 3.89689 1.90871 0.615436 1.27738 3.5697 4.11316 2.59612 1.82566 2.79034 4.2121 6.31619 7.51927 7.68357 7.57705 7.17781 5.66993 3.84763 3.8557 4.77241 4.00849 3.12019 3.61087 3.52144 2.77477 2.23179 1.89344 2.09807 2.91467 3.2532 4.06322 5.25848 5.43067 5.39806 5.90231 5.92903 5.94245 5.96318 5.96438 5.96157 5.94827 5.85186 5.63361 4.74055 3.96188 2.87788 2.74496 3.9971 4.54748 5.05786 5.42535 5.54618
-9999 -9999 -9999 -9999 -9999 -9999 -9999 -1.80538 0.0362689 2.05172 3.93902 5.72469 7.26195 7.38392 8.19618 8.19844 8.62549 8.50725 7.94225 7.33381 6.20816 3.9101 1.97817 -0.129083 0.430175 2.76621 3.07472 2.05893 0.180223 2.12482 4.26906 6.2126 7.2657 6.44401 7.29049 7.22321 6.65947 5.57543 3.88873 3.92238 2.65855 2.60492 3.25607 3.46813 3.36088 2.95352 2.2975 2.40451 2.90011 3.02717 3.77169 4.6992 5.60614 5.75966 5.93389 5.94289 5.94738 5.96323 5.9668 5.94967 5.90505 5.80403 5.05561 4.16516 3.6171 2.86219 2.77167 4.22275 4.79543 5.11534 5.43302 5.55938
-9999 -9999 -9999 -9999 -9999 -9999 -9999 -9999 -0.143734 1.93838 3.47999 3.89779 5.26465 6.00426 6.57728 6.70681 8.33549 8.42822 8.07113 7.51245 6.55281 4.80969 3.59605 1.5749 0.122936 0.717236 1.00099 1.538 1.3827 2.25128 4.31194 6.45869 6.69488 5.33481 5.53869 5.82579 6.46658 6.14438 3.84542 2.67811 1.7093 2.39983 3.12604 3.30251 3.33853 3.19944 3.03024 2.74983 3.72029 4.43864 4.60589 5.23258 5.69569 5.82459 5.92217 5.93564 5.94939 5.95132 5.92617 5.9084 5.79417 5.53602 4.69857 2.68234 2.77786 2.56082 1.9343 3.35143 4.23609 5.03867 5.46581 5.57719
-9999 -9999 -9999 -9999 -9999 -9999 -9999 -9999 -0.827156 1.5814 2.09323 2.05928 1.26685 1.63686 4.59156 5.18912 6.75119 8.23036 8.12499 7.57689 6.67917 5.64216 4.03502 1.76152 -0.0443654 -0.804569 1.13967 3.05458 3.45169 4.06441 5.32809 5.57016 4.18024 2.87691 3.61213 4.05574 5.74003 6.04885 5.72347 4.33872 2.75505 1.92881 2.90636 3.03768 3.09695 3.10913 3.07499 3.03041 4.12275 4.72847 5.14899 5.37849 5.7763 5.87916 5.91316 5.94536 5.9399 5.9212 5.8603 5.79077 5.47875 5.10057 3.72776 2.58334 1.87008 0.964273 3.00912 3.61325 4.44942 4.98728 5.41207 5.50625
