Test_Spring_2018/02_18/Temp/20180209_020.txt
ncols	170
nrows	115
xllcorner	350000.000000
yllcorner	4445000.000000
cellsize	1000.000000
nodata_value	-9999.000000
[rows 32 to 63 of 115, columns 72 to 143 of 170]
8.35808 7.99188 8.57205 9.10658 8.79893 8.59458 9.46937 9.47476 9.18337 8.49166 8.24126 7.98152 7.82461 6.93627 4.43368 2.17858 3.39718 3.43317 2.60293 4.11363 3.32838 1.26661 -1.64729 -0.0490611 -0.452972 -2.50571 -2.99869 -9999 -9999 -9999 -9999 -9999 -9999 -9999 -9999 -9999 -9999 -9999 -9999 -9999 -9999 -9999 -9999 -9999 -9999 -9999 -9999 -9999 -9999 -9999 -9999 -9999 -9999 -9999 -9999 -9999 -9999 -9999 -9999 -9999 -9999 -9999 -9999 -9999 -9999 -9999 -9999 -9999 -9999 -9999 -9999 -9999
7.87419 7.71991 8.57937 8.56686 8.52566 8.84614 9.39202 9.50529 9.39518 9.09679 8.83927 8.56505 7.86057 6.8437 4.70286 2.13507 1.5579 2.82471 2.89243 3.1025 2.38697 1.48648 0.0733691 1.24609 1.70693 0.36422 -1.40246 -2.53042 -9999 -9999 -9999 -9999 -9999 -9999 -9999 -9999 -9999 -9999 -9999 -9999 -9999 -9999 -9999 -9999 -9999 -9999 -9999 -9999 -9999 -9999 -9999 -9999 -9999 -9999 -9999 -9999 -9999 -9999 -9999 -9999 -9999 -9999 -9999 -9999 -9999 -9999 -9999 -9999 -9999 -9999 -9999 -9999
7.29443 6.47141 6.9914 7.38319 8.11361 8.30987 8.42292 9.44739 9.39931 9.35803 8.92903 8.5872 8.01693 7.03862 5.64327 3.96209 1.03031 2.84873 4.27426 4.24501 4.17461 3.54552 2.18754 3.338 3.39965 1.68517 -0.277631 -1.43404 -1.90729 -9999 -9999 -9999 -9999 -9999 -9999 -9999 -9999 -9999 -9999 -9999 -9999 -9999 -9999 -9999 -9999 -9999 -9999 -9999 -9999 -9999 -9999 -9999 -9999 -9999 -9999 -9999 -9999 -9999 -9999 -9999 -9999 -9999 -9999 -9999 -9999 -9999 -9999 -9999 -9999 -9999 -9999 -9999
6.63345 5.62677 6.14976 6.84603 7.82998 8.34639 8.74076 9.05139 9.36817 9.33763 8.89868 7.59007 7.40854 7.35789 6.44742 4.5298 2.61474 2.12333 4.29396 4.91994 4.8004 5.29052 4.14067 4.69457 4.47772 3.87702 1.99763 0.268674 -0.44178 -1.85377 -9999 -9999 -9999 -9999 -9999 -9999 -9999 -9999 -9999 -9999 -9999 -9999 -9999 -9999 -9999 -9999 -9999 -9999 -9999 -9999 -9999 -9999 -9999 -9999 -9999 -9999 -9999 -9999 -9999 -9999 -9999 -9999 -9999 -9999 -9999 -9999 -9999 -9999 -9999 -9999 -9999 -9999
-9999 -9999 5.00868 5.95743 6.74233 7.70707 8.53992 8.95853 9.36548 9.33965 8.45629 8.0275 7.99588 7.40155 6.34951 5.69144 4.48778 3.2334 3.72081 5.57242 4.75755 6.07132 5.96701 6.21378 5.34634 3.71311 1.5174 0.234096 -0.401179 -1.54435 -9999 -9999 -9999 -9999 -9999 -9999 -9999 -9999 -9999 -9999 -9999 -9999 -9999 -9999 -9999 -9999 -9999 -9999 -9999 -9999 -9999 -9999 -9999 -9999 -9999 -9999 -9999 -9999 -9999 -9999 -9999 -9999 -9999 -9999 -9999 -9999 -9999 -9999 -9999 -9999 -9999 -9999
-9999 -9999 -9999 5.79742 6.39718 7.6779 8.3521 8.62614 9.27886 9.287 8.95665 8.70885 8.34611 7.87013 7.081 6.20949 5.07756 4.97793 6.16408 6.18417 5.94306 6.14251 6.7548 6.60076 5.2612 2.94187 1.71449 -0.777901 -1.84479 -1.72767 -2.48188 -9999 -9999 -9999 -9999 -9999 -9999 -9999 -9999 -9999 -9999 -9999 -9999 0.538615 -9999 -9999 -9999 -9999 -9999 -9999 -9999 -9999 -9999 -9999 -9999 -9999 -9999 -9999 -9999 -9999 -9999 -9999 -9999 -9999 -3.83906 -9999 -9999 -9999 -9999 -9999 -9999 -9999
-9999 -9999 5.68775 6.49014 7.11564 7.92084 8.00943 8.4963 9.24606 9.26386 9.03179 8.76855 8.1679 8.0239 7.57737 6.63053 6.44123 6.83276 7.0158 7.22249 7.35169 7.25607 7.01561 6.70346 5.85147 4.77449 4.05379 1.77719 0.625738 -0.476011 -2.14699 -3.45276 -9999 -9999 -9999 -9999 -9999 -9999 -9999 -0.371306 -0.424548 -0.385244 -0.00735587 1.01876 0.432371 -9999 -9999 -9999 -9999 -9999 -9999 -9999 -9999 -9999 -9999 -9999 -9999 -9999 -9999 -9999 -9999 -9999 -9999 -9999 -2.91682 -4.23075 -9999 -9999 -9999 -9999 -9999 -9999
-9999 -9999 5.91645 6.75926 7.1834 7.96582 8.41671 8.72335 8.98802 9.2414 9.20733 8.91549 8.46759 8.47714 7.85658 7.52443 7.28852 7.81592 7.92398 7.71907 7.46082 7.23305 6.58047 6.50935 6.31442 5.6327 4.51012 3.35326 1.68824 -0.582953 -2.81018 -4.60544 -9999 -9999 -9999 -9999 -9999 -9999 -0.187069 0.665495 1.18027 0.115107 1.04359 1.89351 1.77036 0.982539 -9999 -9999 -9999 -9999 -9999 -9999 -9999 -9999 -9999 -9999 -9999 -9999 -9999 -9999 3.32353 1.976 -0.753048 -2.14837 -2.98254 -4.17656 -9999 -9999 -9999 -9999 -9999 -9999
-9999 -9999 5.76115 6.7556 7.43169 8.03309 8.13549 8.75826 9.03427 9.17402 9.166 9.11413 9.03745 8.49712 8.26806 7.44692 8.24326 8.21809 8.02235 7.23399 6.89459 5.53793 4.94343 4.82705 5.97672 5.13628 3.37577 1.17368 -1.47304 -1.63285 -2.5046 -4.1089 -9999 -9999 -9999 -9999 -9999 -9999 0.0775431 0.988843 1.75155 1.87122 0.813309 2.31573 2.28374 1.46098 1.28328 1.9789 2.33693 2.09351 2.92587 3.17457 2.81489 3.22752 -9999 -9999 -9999 -9999 3.5034 3.56475 3.61272 3.05513 0.0730059 -1.96138 -3.7874 -3.94581 -9999 -9999 -9999 -9999 -9999 -9999
-9999 -9999 6.45606 7.07045 7.38464 7.44154 7.98283 8.52911 8.8674 9.11737 9.07676 9.06469 9.05108 8.87066 8.44209 8.52594 8.49584 8.24676 6.74219 4.98511 5.75674 4.71242 2.48484 4.31365 5.31764 4.36431 2.22949 -0.246678 -1.05318 -1.00743 -2.22256 -3.78993 -9999 -9999 -9999 -2.41069 -1.11153 -0.991678 -0.602681 0.609688 1.53467 2.2378 2.71864 2.72388 2.2448 1.44088 0.565956 0.894252 2.50196 2.90245 3.24937 3.50698 3.17382 3.3589 3.79339 4.02117 4.07274 3.97886 3.96222 4.00332 3.95865 3.43843 0.77426 -0.74893 -1.71799 -3.66932 -9999 -9999 -9999 -9999 -9999 -9999
-9999 -9999 6.0873 6.62232 7.05741 7.77526 7.85828 8.31705 8.59741 9.0045 9.05714 8.59964 8.99132 8.94843 8.88273 8.73576 8.51722 7.24789 5.49632 3.74013 2.93126 3.28699 1.94461 2.64534 3.66239 3.29541 1.98513 -0.220497 -0.526787 -1.03535 -3.07744 -5.0484 -9999 -9999 -4.91941 -2.43373 -0.68121 0.226559 0.513393 0.548758 1.71187 1.81251 3.06541 2.79324 1.16728 1.36465 0.743556 1.17038 1.76693 1.93918 2.7951 3.61897 3.78116 3.79323 4.0727 4.13574 4.15681 4.15605 3.97795 4.06821 4.08718 3.76503 1.83424 0.896269 -0.134546 -3.64066 -9999 -9999 -9999 -9999 -9999 -9999
-9999 -9999 6.36992 6.96747 7.62198 7.73396 8.22177 8.17762 8.05419 8.73214 8.98637 8.66576 8.43674 8.87913 8.85507 8.80265 8.71211 7.51935 6.13793 4.0444 2.74475 1.95641 1.39424 0.64483 1.16908 1.01463 0.806203 1.05617 0.451352 -0.7563 -1.95286 -4.1926 -5.40428 -9999 -4.78119 -3.65649 -1.5737 0.197946 1.32589 0.931587 2.25297 2.50656 3.28027 2.8482 1.86797 1.45244 1.4274 1.30948 2.20602 2.81827 3.25213 3.54313 3.90491 4.00227 4.09925 4.14358 4.17035 4.19695 4.19823 4.19695 4.1635 4.04602 3.16152 2.22774 0.197321 -3.5184 -9999 -9999 -9999 -9999 -9999 -9999
-9999 4.64871 6.31094 7.30925 7.69993 7.98435 8.23652 8.42172 8.62012 8.79997 8.92822 8.88571 8.02359 8.10139 8.26374 8.76261 8.73198 8.62773 7.87392 5.32558 4.45079 3.16356 1.4981 0.808593 1.16146 2.53385 2.47743 1.57635 0.571646 -0.819461 -1.70439 -3.07862 -5.71844 -5.47569 -4.27816 -3.3854 -1.96815 0.195705 1.71543 2.39864 2.66288 3.209 3.49727 2.90138 2.33886 2.10877 1.67099 1.62109 1.63812 2.18522 2.61655 3.55992 3.88177 4.03512 4.11571 4.1619 4.19674 4.23064 4.24592 4.23355 4.23999 4.23842 4.18094 2.93245 -0.200034 -2.5575 -9999 -9999 -9999 -9999 -9999 -9999
-9999 -9999 6.01311 6.45533 6.57593 6.78296 7.2001 7.68041 8.3617 8.45608 8.83278 8.83802 8.09672 7.23816 7.99812 8.30285 8.61779 8.63096 8.53678 6.39664 5.27806 4.39802 2.80105 3.38576 3.93823 3.98424 3.65794 1.72031 -0.209394 -2.43553 -4.51458 -4.60973 -5.72761 -5.12753 -4.33509 -2.30736 -0.878265 -0.294617 0.127295 2.32862 2.91119 3.11888 3.69239 2.93974 2.7636 2.20261 2.38815 2.3523 2.36992 0.790089 2.4045 2.51138 3.56439 4.04607 4.16149 4.1975 4.23466 4.24537 4.2568 4.25727 4.2731 4.26419 4.25379 3.44473 -0.530671 -2.52218 -9999 -9999 -9999 -9999 -9999 -9999
-9999 -9999 -9999 -9999 6.17212 6.51237 6.73372 7.11167 8.25625 8.5696 8.78056 8.80589 8.4794 7.62941 7.40997 7.57231 6.74096 7.44367 8.40497 8.38435 8.27133 6.38936 5.43166 6.36922 6.08951 4.67679 3.56601 2.46985 0.209675 -1.44408 -3.82762 -5.61645 -5.67971 -3.69642 -2.04771 0.00392033 0.912507 0.40471 0.96878 2.06827 3.31579 3.92545 3.79679 3.00296 2.90791 2.03548 2.92248 3.01216 2.62148 2.28545 2.44101 2.96903 3.17729 4.00269 4.20926 4.25371 4.26624 4.27524 4.27697 4.27736 4.27346 4.27071 4.26558 4.23559 0.148986 -3.02786 -9999 -9999 -9999 -9999 -9999 -9999
-9999 -9999 -9999 -9999 5.39417 5.60429 6.14547 7.5234 8.25202 8.54989 8.54829 8.69023 8.46217 7.71523 6.94756 6.22315 5.2868 5.82933 7.25706 8.09989 8.19841 6.54907 7.41535 7.09731 6.46676 4.61779 3.25636 2.53666 0.366873 -1.49057 -3.07497 -5.26427 -4.32185 -3.28426 -1.95254 0.285588 1.79768 2.42299 1.91134 2.61673 4.05076 4.07023 3.30417 3.36833 2.9121 1.71468 2.99239 3.36297 3.09182 3.1809 3.09033 3.29517 3.65653 4.0015 4.23315 4.27118 4.28171 4.27992 4.28456 4.29058 4.28017 4.2871 4.28185 4.26778 1.63259 -3.08187 -9999 -9999 -9999 -9999 -9999 -9999
-9999 -9999 -9999 -9999 -9999 4.6941 5.91878 7.74506 8.20754 8.17444 8.55784 8.59803 8.24376 7.93662 7.00336 5.72533 3.26472 3.89716 5.21178 7.10535 8.10189 7.97092 7.42467 6.46861 4.14974 2.12101 1.87837 1.54987 -0.0325062 -1.46203 -3.22404 -2.19654 -1.07135 0.159349 0.808218 0.645715 1.94218 3.00115 2.56187 3.42508 4.43191 3.99151 3.73686 3.52613 2.99604 2.97823 3.05103 3.78346 3.30289 3.62275 3.64681 3.64292 3.82501 4.03153 4.24658 4.28829 4.29541 4.30435 4.28548 4.29891 4.29237 4.28643 4.28201 4.27086 4.0391 1.50336 -0.00857401 -9999 -9999 -9999 -9999 -9999
-9999 -9999 -9999 -9999 -9999 3.57937 4.19394 6.35513 7.03105 7.99015 8.50299 8.53382 7.9304 7.59664 6.20328 5.75469 3.47904 2.45101 3.33134 2.99957 5.60555 7.91185 7.4172 2.77234 1.09265 -0.104155 0.208621 0.215884 -0.221416 -2.658 -3.32659 -1.13664 0.243884 1.31458 2.12804 2.30173 2.27916 3.93189 4.15848 4.70227 4.5961 4.65701 3.8382 3.33721 3.80444 3.30136 3.2283 3.98436 3.27046 3.94518 3.88375 3.69913 3.70106 4.14658 4.24413 4.2986 4.30821 4.29667 4.27953 4.27261 4.29203 4.29123 4.27345 4.28157 4.26539 3.97076 2.66277 2.21156 2.73066 -9999 -9999 -9999
-9999 -9999 -9999 -9999 -9999 -9999 2.19365 5.19378 6.57171 7.29749 8.31628 8.4455 8.12865 7.5461 6.12601 4.8775 2.84381 0.520059 -0.708857 2.98632 6.2027 7.88307 7.66965 3.80406 2.28107 2.21458 3.11849 2.36393 1.79274 -0.0577382 -0.607675 -1.37378 -0.894497 0.597674 1.81619 2.9918 3.84848 3.92413 4.48374 4.81061 4.84653 4.95699 4.8714 4.80475 4.02029 4.58938 4.13443 4.39934 4.25392 4.12383 4.01543 3.56977 3.90627 4.20442 4.28802 4.3192 4.30829 4.30974 4.30238 4.27987 4.27495 4.27888 4.28249 4.27468 4.28193 4.27567 4.13662 3.35336 2.30199 0.971444 -9999 -9999
-9999 -9999 -9999 -9999 -9999 -9999 0.706258 3.69149 5.1371 6.99127 7.95243 8.34292 8.29822 7.82716 6.74943 5.12407 3.77062 1.17607 -1.51848 2.35884 5.81543 7.68173 7.78426 4.54023 5.44627 4.7221 5.02064 3.6912 3.14162 2.70816 1.75491 0.712082 -0.426771 -1.02808 1.70166 3.10587 4.23746 4.77463 5.08183 5.23963 5.1676 4.97641 3.7777 4.7131 4.68108 4.60351 4.5128 4.4766 4.39578 4.29769 4.2473 4.23665 3.9439 4.30078 4.30229 4.31447 4.32254 4.31907 4.30679 4.29631 4.28219 4.29028 4.28645 4.28143 4.28063 4.28442 4.283 4.24813 4.04657 2.2565 1.18941 0.900914
-9999 -9999 -9999 -9999 -9999 -9999 -3.47064 0.868681 4.36681 6.1911 7.6749 8.08756 8.24537 7.61117 7.13809 5.97446 4.87255 3.16956 0.616065 -0.954678 1.94868 6.16907 7.72936 7.61632 7.52361 6.6857 5.93109 5.83987 5.90163 5.02272 3.74421 2.06557 1.54575 0.959984 2.99441 3.2745 3.13147 5.36965 5.38154 5.26234 4.41687 3.4699 3.66195 3.08685 3.5569 2.8649 3.52754 4.10238 4.32586 4.32232 4.26352 4.26789 4.24568 4.31652 4.32413 4.322 4.32116 4.32292 4.31968 4.29849 4.28842 4.30262 4.29469 4.28785 4.28482 4.29115 4.29448 4.27071 4.25008 3.98219 3.57502 2.79541
-9999 -9999 -9999 -9999 -9999 -9999 -3.27099 0.384301 3.48073 5.33758 7.12565 7.54493 8.15203 8.02776 7.53183 6.52094 5.25646 3.85573 1.66574 0.0390126 1.9832 4.78503 6.79358 7.52087 7.52001 7.47634 7.29042 7.22266 7.00503 6.85128 5.93183 4.34805 3.45397 2.14387 4.41083 4.66948 4.32084 5.45594 5.40589 3.70566 2.40095 2.24645 3.05698 2.3061 2.18843 1.73193 2.28112 3.73096 3.32561 3.42171 4.08834 4.20751 4.28842 4.31647 4.3205 4.32501 4.3207 4.32841 4.33552 4.31514 4.30836 4.30767 4.28835 4.29542 4.28516 4.2806 4.27998 4.2709 4.25265 4.18248 4.10387 4.20795
-9999 -9999 -9999 -9999 -9999 -9999 -3.18216 -0.72728 2.05964 4.79173 6.70061 7.47388 8.03832 8.03766 7.46017 6.96013 6.16921 4.93742 4.09378 2.62568 0.609081 4.00102 5.04192 5.97813 6.3799 7.35076 7.33137 6.89265 6.38355 6.86467 6.73003 5.47621 5.06667 4.37258 5.63551 5.64332 5.61369 5.55206 4.11591 2.11786 0.523036 1.68521 1.45375 1.99319 0.368852 1.73089 2.82993 3.19535 2.47516 1.93997 3.64849 3.94259 4.11971 4.23604 4.31486 4.30566 4.32999 4.32643 4.32738 4.32752 4.31849 4.31524 4.30631 4.2974 4.29622 4.29361 4.28215 4.26492 4.27182 4.2414 4.2334 4.23234
-9999 -9999 -9999 -9999 -9999 -9999 -9999 -2.15846 1.36791 4.52096 6.27858 7.38572 7.92756 7.92267 7.62956 7.29139 6.80269 5.91535 4.79941 3.03323 1.72316 2.56195 3.58202 3.70596 4.38748 6.35545 7.03047 6.08381 3.7367 5.13044 6.68189 6.66086 6.53306 6.38982 6.20581 6.04044 5.67308 4.68055 1.62833 1.03324 -0.15876 -0.0138397 -0.620102 0.733698 0.247244 1.64004 2.25062 2.48881 1.22409 1.50931 3.02506 3.63002 3.5418 3.91599 4.27489 4.29433 4.31168 4.3095 4.3234 4.3323 4.33253 4.32108 4.31576 4.31381 4.29994 4.31107 4.20525 4.13958 3.99828 4.19235 4.21878 4.24289
-9999 -9999 -9999 -9999 -9999 -9999 -9999 -2.85823 0.66566 4.37801 5.57328 6.7664 7.79678 7.82156 7.371 6.9427 6.50137 5.99821 4.64356 3.32999 2.07601 1.65788 1.91554 1.90263 3.00246 5.56501 6.06452 5.85735 3.40852 2.58155 4.65296 6.39463 6.53583 6.38292 4.34321 4.78395 3.68663 2.19684 1.79179 1.14426 -0.231556 0.442843 -0.561627 -0.11755 -0.218358 0.576805 0.970524 1.91469 0.81339 0.833008 2.32161 3.07547 3.10433 3.89389 4.18101 4.26232 4.28854 4.30909 4.31946 4.33852 4.33805 4.33334 4.32511 4.2951 4.21393 3.95684 2.48648 2.4967 2.91131 3.30427 4.01918 4.22382
-9999 -9999 -9999 -9999 -9999 -9999 -9999 -2.44562 0.00120378 3.29574 5.73735 5.8953 7.08477 7.70105 7.21062 6.6578 6.09206 5.84732 4.37251 2.75196 1.44336 -0.106521 0.15352 1.27326 3.10532 4.76203 5.06164 4.72415 3.415 4.0408 5.45488 6.20788 6.43319 6.26419 5.82394 5.57201 4.76553 4.41967 3.29824 1.54154 0.85445 1.30262 -0.561204 -0.421136 0.280966 -0.438541 0.785045 1.37647 -0.0496949 1.11141 2.42496 3.10145 3.69378 3.97898 4.09791 4.27495 4.2875 4.30936 4.32446 4.32917 4.33617 4.31594 4.30052 4.15078 3.92667 2.55532 1.99888 2.11992 2.76596 3.3328 3.93341 4.18032
-9999 -9999 -9999 -9999 -9999 -9999 -9999 -2.02376 0.179687 3.03688 4.77903 5.09464 6.41314 7.58606 7.46022 6.88478 6.7127 6.11601 4.8658 3.4843 1.97378 1.24147 -0.447537 1.22302 2.54845 3.95196 4.6107 3.53639 2.99755 3.96322 4.9234 5.30967 6.27974 6.2755 5.96608 4.61516 3.95959 4.2454 3.96788 3.47733 2.27076 2.22468 1.45324 1.13911 0.843311 -0.132459 0.510273 0.584165 0.772416 2.15598 2.84446 3.30417 3.72287 3.83966 4.02646 4.26574 4.29428 4.31043 4.31698 4.32868 4.31901 4.26068 4.21273 3.90426 3.35259 2.31673 0.64407 1.84483 3.10017 3.4817 3.85974 4.05564
-9999 -9999 -9999 -9999 -9999 -9999 -9999 -2.39254 -0.0521577 2.39043 3.41443 3.59221 5.97461 7.43515 7.44225 7.1718 6.85509 5.37443 5.46591 5.17307 3.81073 1.82432 -0.357828 -0.149169 1.16249 3.0116 3.62705 1.84633 1.21873 1.68766 3.13728 4.43553 5.7911 6.13919 5.74813 3.64222 1.40426 2.45126 3.56993 3.57084 3.25207 2.13398 1.78475 1.46979 0.657318 -0.717683 -0.504563 -0.107467 1.46789 1.97028 2.74056 3.38174 3.15342 3.30194 3.91473 4.2698 4.29115 4.30532 4.32448 4.32411 4.31093 4.18777 4.05697 3.83242 2.38186 1.48302 0.173366 1.72618 2.58449 3.05451 3.8716 4.07215
-9999 -9999 -9999 -9999 -9999 -9999 -9999 -3.10958 -1.40988 0.924972 1.8688 3.3714 5.623 6.73275 7.26705 7.25985 7.05014 6.38942 5.99375 5.20989 3.79232 1.85242 -0.304548 -1.70764 -0.989354 1.50387 2.09976 0.454092 -0.380379 0.667959 2.21243 4.49747 5.80518 5.98607 5.87347 5.44361 3.81129 1.83824 1.85164 2.85144 2.02829 1.07074 1.60997 1.5203 0.71801 0.137136 -0.207426 0.0345544 0.934093 1.31084 2.19884 3.50445 3.69956 3.67199 4.22644 4.26233 4.28338 4.31204 4.31926 4.322 4.3133 4.21448 3.9836 3.02075 2.18225 1.01273 0.875388 2.26179 2.86933 3.44117 3.84589 3.9828
-9999 -9999 -9999 -9999 -9999 -9999 -9999 -4.34828 -2.3494 -0.161888 1.88663 3.82493 5.49373 5.62693 6.50911 6.51237 6.97648 6.84885 6.23637 5.57662 4.35556 1.86227 -0.233891 -2.5204 -1.9138 0.63132 0.966153 -0.134909 -2.17211 -0.0608253 2.26729 4.37789 5.52266 4.6336 5.55488 5.48513 4.87717 3.70515 1.87975 1.92148 0.555991 0.504121 1.21748 1.45493 1.34636 0.912518 0.221514 0.359542 0.910373 1.05745 1.87416 2.88903 3.88116 4.05539 4.25166 4.26829 4.27968 4.30315 4.31312 4.30054 4.25813 4.15461 3.34879 2.38906 1.80106 0.988842 0.897711 2.48438 3.13278 3.49787 3.84863 3.9916
-9999 -9999 -9999 -9999 -9999 -9999 -9999 -9999 -2.54754 -0.287776 1.3856 1.83968 3.32354 4.12682 4.74932 4.89059 6.65836 6.7595 6.37245 5.7665 4.72535 2.83395 1.51688 -0.676495 -2.25241 -1.59262 -1.28999 -0.706594 -0.874242 0.0691969 2.30628 4.63705 4.89518 3.42171 3.64558 3.96022 4.65912 4.31371 1.82405 0.562839 -0.482432 0.273268 1.06821 1.26716 1.31412 1.17141 1.01958 0.729962 1.79232 2.58086 2.7711 3.45944 3.96986 4.11725 4.23026 4.25166 4.2731 4.28151 4.26044 4.24733 4.12961 3.85585 2.95372 0.772803 0.883381 0.655054 -0.0173744 1.533 2.53186 3.40908 3.87878 4.00565
-9999 -9999 -9999 -9999 -9999 -9999 -9999 -9999 -3.29188 -0.678004 -0.122008 -0.158116 -1.01717 -0.614946 2.59166 3.24067 4.93606 6.54139 6.42729 5.83264 4.85845 3.73293 1.9886 -0.478903 -2.43919 -3.26058 -1.14085 0.932122 1.3634 2.02878 3.4007 3.66445 2.15785 0.745623 1.54575 2.03003 3.86105 4.20031 3.8521 2.3551 0.642913 -0.246871 0.821043 0.971254 1.04368 1.0653 1.04947 1.02413 2.22105 2.88742 3.35245 3.60976 4.04924 4.16825 4.21217 4.25381 4.25435 4.24037 4.18055 4.1114 3.77923 3.37547 1.89272 0.658031 -0.108608 -1.08393 1.14244 1.81122 2.74047 3.34781 3.81522 3.92365
