Test_Spring_2018/02_18/Temp/20180216_020.txt
ncols	170
nrows	115
xllcorner	350000.000000
yllcorner	4445000.000000
cellsize	1000.000000
nodata_value	-9999.000000
[rows 31 to 61 of 115, columns 70 to 139 of 170]
6.42061 7.04865 7.27741 6.83457 6.87482 7.93588 8.17578 8.15667 8.07528 7.97117 7.46636 7.29421 6.89496 6.19541 5.89927 4.65902 0.66024 1.78662 2.22511 1.06409 1.70821 2.75865 1.84131 -0.878308 -2.04958 -3.93577 -3.32649 -3.88969 -5.4071 -9999 -9999 -9999 -9999 -9999 -9999 -9999 -9999 -9999 -9999 -9999 -9999 -9999 -9999 -9999 -9999 -9999 -9999 -9999 -9999 -9999 -9999 -9999 -9999 -9999 -9999 -9999 -9999 -9999 -9999 -9999 -9999 -9999 -9999 -9999 -9999 -9999 -9999 -9999 -9999 -9999
6.54681 6.83163 6.80067 6.3737 7.02343 7.6214 7.27164 7.03815 8.02808 8.02414 7.68236 6.88498 6.58934 6.28283 6.09308 5.07114 2.21283 -0.364027 1.0105 1.03982 0.0838284 1.79081 0.886216 -1.47033 -4.79608 -2.98909 -3.45952 -5.80022 -6.37134 -9999 -9999 -9999 -9999 -9999 -9999 -9999 -9999 -9999 -9999 -9999 -9999 -9999 -9999 -9999 -9999 -9999 -9999 -9999 -9999 -9999 -9999 -9999 -9999 -9999 -9999 -9999 -9999 -9999 -9999 -9999 -9999 -9999 -9999 -9999 -9999 -9999 -9999 -9999 -9999 -9999
5.75493 6.47127 6.24538 6.05937 7.02671 7.00234 6.95034 7.31941 7.93522 8.05398 7.91845 7.56851 7.26484 6.94195 6.12942 4.96136 2.51465 -0.417822 -1.08597 0.343459 0.408939 0.636426 -0.188873 -1.22446 -2.84305 -1.5201 -1.00684 -2.54539 -4.55969 -5.84623 -9999 -9999 -9999 -9999 -9999 -9999 -9999 -9999 -9999 -9999 -9999 -9999 -9999 -9999 -9999 -9999 -9999 -9999 -9999 -9999 -9999 -9999 -9999 -9999 -9999 -9999 -9999 -9999 -9999 -9999 -9999 -9999 -9999 -9999 -9999 -9999 -9999 -9999 -9999 -9999
4.68866 5.92103 5.58083 4.6341 5.21526 5.65077 6.48519 6.70929 6.828 7.98333 7.91843 7.86105 7.36241 6.9627 6.30293 5.17882 3.58018 1.65628 -1.69026 0.366642 1.97666 1.93189 1.84042 1.11354 -0.442327 0.855324 0.914543 -1.04594 -3.27575 -4.60286 -5.15296 -9999 -9999 -9999 -9999 -9999 -9999 -9999 -9999 -9999 -9999 -9999 -9999 -9999 -9999 -9999 -9999 -9999 -9999 -9999 -9999 -9999 -9999 -9999 -9999 -9999 -9999 -9999 -9999 -9999 -9999 -9999 -9999 -9999 -9999 -9999 -9999 -9999 -9999 -9999
-9999 5.15172 4.82369 3.66806 4.25268 5.0346 6.15354 6.73944 7.1847 7.52814 7.8784 7.83337 7.32352 5.82419 5.60671 5.5379 4.49085 2.29802 0.108006 -0.462596 1.99494 2.69548 2.54808 3.09432 1.77522 2.39432 2.13683 1.44374 -0.698077 -2.66966 -3.48938 -5.10723 -9999 -9999 -9999 -9999 -9999 -9999 -9999 -9999 -9999 -9999 -9999 -9999 -9999 -9999 -9999 -9999 -9999 -9999 -9999 -9999 -9999 -9999 -9999 -9999 -9999 -9999 -9999 -9999 -9999 -9999 -9999 -9999 -9999 -9999 -9999 -9999 -9999 -9999
-9999 -9999 -9999 -9999 2.94936 4.02784 4.91542 6.00702 6.95136 7.41782 7.87084 7.83133 6.81611 6.3177 6.27082 5.58362 4.37554 3.61544 2.23462 0.796059 1.33884 3.43349 2.4951 3.97824 3.8485 4.11831 3.12088 1.26137 -1.24839 -2.7126 -3.44653 -4.75831 -9999 -9999 -9999 -9999 -9999 -9999 -9999 -9999 -9999 -9999 -9999 -9999 -9999 -9999 -9999 -9999 -9999 -9999 -9999 -9999 -9999 -9999 -9999 -9999 -9999 -9999 -9999 -9999 -9999 -9999 -9999 -9999 -9999 -9999 -9999 -9999 -9999 -9999
-9999 -9999 -9999 -9999 -9999 3.84045 4.51755 5.96536 6.7328 7.03506 7.76788 7.76721 7.38122 7.08881 6.66536 6.1128 5.20376 4.20083 2.90152 2.7764 4.1139 4.12508 3.8393 4.05488 4.74031 4.55431 3.02074 0.379844 -1.02681 -3.86734 -5.09191 -4.96973 -5.83887 -9999 -9999 -9999 -9999 -9999 -9999 -9999 -9999 -9999 -9999 -9999 -9999 -2.58079 -9999 -9999 -9999 -9999 -9999 -9999 -9999 -9999 -9999 -9999 -9999 -9999 -9999 -9999 -9999 -9999 -9999 -9999 -9999 -9999 -7.87483 -9999 -9999 -9999
-9999 -9999 -9999 -9999 3.7107 4.62666 5.32942 6.23669 6.33166 6.88272 7.72621 7.73677 7.46275 7.15292 6.45891 6.28398 5.76461 4.67588 4.44869 4.88213 5.07844 5.30177 5.43716 5.31707 5.03254 4.6668 3.69556 2.46016 1.63022 -0.971178 -2.28481 -3.54871 -5.46029 -6.95667 -9999 -9999 -9999 -9999 -9999 -9999 -9999 -3.55624 -3.6321 -3.603 -3.18899 -2.03776 -2.72087 -9999 -9999 -9999 -9999 -9999 -9999 -9999 -9999 -9999 -9999 -9999 -9999 -9999 -9999 -9999 -9999 -9999 -9999 -9999 -6.83159 -8.34077 -9999 -9999
-9999 -9999 -9999 -9999 3.9767 4.92684 5.40097 6.28276 6.78743 7.13635 7.42836 7.70718 7.65859 7.31636 6.79614 6.79586 6.07844 5.68879 5.40841 5.99622 6.10705 5.86203 5.5566 5.28616 4.5329 4.4415 4.21738 3.43194 2.14526 0.819734 -1.07935 -3.67305 -6.2169 -8.26967 -9999 -9999 -9999 -9999 -9999 -9999 -3.33284 -2.37822 -1.80832 -3.036 -1.99614 -1.04581 -1.20243 -2.11302 -9999 -9999 -9999 -9999 -9999 -9999 -9999 -9999 -9999 -9999 -9999 -9999 -9999 -9999 0.319159 -1.22817 -4.34703 -5.94879 -6.91227 -8.28511 -9999 -9999
-9999 -9999 -9999 -9999 3.79344 4.91652 5.67771 6.3541 6.46286 7.16952 7.47669 7.62654 7.6078 7.53865 7.44074 6.81491 6.5427 5.59662 6.49022 6.44924 6.21428 5.30541 4.90755 3.35296 2.66583 2.5304 3.82823 2.86264 0.850759 -1.66323 -4.6762 -4.86999 -5.87145 -7.70651 -9999 -9999 -9999 -9999 -9999 -9999 -3.03271 -2.0116 -1.16008 -1.04046 -2.26067 -0.568622 -0.619966 -1.57311 -1.79237 -1.01802 -0.627414 -0.919418 0.00911602 0.27619 -0.148434 0.305758 -9999 -9999 -9999 -9999 0.546586 0.601982 0.64214 -0.00658886 -3.41334 -5.74208 -7.83384 -8.02838 -9999 -9999
-9999 -9999 -9999 -9999 4.57706 5.26831 5.61838 5.67593 6.28448 6.90445 7.28259 7.55929 7.50348 7.47953 7.45325 7.23662 6.73723 6.82033 6.77355 6.47758 4.75353 2.74249 3.60829 2.40866 -0.12965 1.94081 3.07327 1.97971 -0.457467 -3.28267 -4.20194 -4.16127 -5.55277 -7.34615 -9999 -9999 -9999 -5.82221 -4.35771 -4.23562 -3.80823 -2.44499 -1.40928 -0.625538 -0.0959168 -0.103411 -0.668223 -1.60043 -2.61326 -2.25717 -0.445405 -0.00653627 0.370954 0.647982 0.253407 0.446236 0.925743 1.17032 1.21458 1.09346 1.0602 1.09258 1.02732 0.421018 -2.62172 -4.36897 -5.48595 -7.71884 -9999 -9999
-9999 -9999 -9999 -9999 4.15352 4.75481 5.24269 6.05271 6.14023 6.65494 6.97139 7.42673 7.47718 6.94665 7.38137 7.32109 7.23428 7.05456 6.79314 5.33633 3.33106 1.32084 0.388661 0.787109 -0.750394 0.0369127 1.18443 0.758793 -0.739863 -3.25698 -3.61339 -4.19435 -6.52835 -8.77953 -9999 -9999 -8.6642 -5.84894 -3.86873 -2.8505 -2.53958 -2.51559 -1.20948 -1.11248 0.29491 -0.0290702 -1.89874 -1.69233 -2.41634 -1.94861 -1.29108 -1.11195 -0.153826 0.765964 0.935031 0.933728 1.23694 1.29419 1.30386 1.28876 1.07192 1.16029 1.16745 0.78647 -1.42449 -2.50619 -3.69333 -7.69533 -9999 -9999
-9999 -9999 -9999 -9999 4.4707 5.14356 5.8814 6.00215 6.55029 6.49184 6.3491 7.11198 7.39257 7.01781 6.74644 7.23805 7.19839 7.12595 7.00984 5.63983 4.05535 1.6612 0.170621 -0.732979 -1.38281 -2.24426 -1.65711 -1.84143 -2.08667 -1.81011 -2.50438 -3.88024 -5.24959 -7.80812 -9.19566 -9999 -8.50788 -7.24062 -4.88471 -2.88393 -1.6165 -2.08164 -0.595948 -0.325486 0.539557 0.0295532 -1.10609 -1.60122 -1.64804 -1.80011 -0.797749 -0.118432 0.35932 0.674168 1.06904 1.16477 1.26044 1.2965 1.31276 1.32889 1.3162 1.30051 1.24809 1.09995 0.0791553 -0.997564 -3.3221 -7.56267 -9999 -9999
-9999 -9999 -9999 2.50681 4.39641 5.52567 5.96391 6.28131 6.56187 6.76595 6.98895 7.18478 7.32171 7.26369 6.27208 6.34882 6.52099 7.07539 7.02713 6.89505 6.02423 3.11253 2.10874 0.634141 -1.27057 -2.06431 -1.67177 -0.118878 -0.190742 -1.22301 -2.37285 -3.95736 -4.97012 -6.54159 -9.55507 -9.28859 -7.9371 -6.93353 -5.33467 -2.88786 -1.17502 -0.414824 -0.132079 0.473441 0.782669 0.0820171 -0.578964 -0.859861 -1.37663 -1.45172 -1.45014 -0.845031 -0.370349 0.686248 1.03667 1.19525 1.27234 1.31061 1.33616 1.3607 1.36404 1.33582 1.32883 1.31254 1.23273 -0.202264 -3.78805 -6.4843 -9999 -9999
-9999 -9999 -9999 -9999 4.05052 4.54767 4.67914 4.90892 5.37754 5.91767 6.69001 6.78922 7.20869 7.20455 6.35046 5.36192 6.21368 6.54701 6.89159 6.89282 6.77214 4.32759 3.04348 2.03152 0.204886 0.860802 1.48069 1.52515 1.1467 -1.06419 -3.26576 -5.79986 -8.17204 -8.28797 -9.56688 -8.895 -8.00408 -5.70935 -4.097 -3.44782 -2.98397 -0.49717 0.149392 0.364221 0.997001 0.121024 -0.100885 -0.758634 -0.566772 -0.626215 -0.624253 -2.4388 -0.618557 -0.513346 0.668737 1.20129 1.3175 1.34429 1.37258 1.37086 1.36992 1.35637 1.36011 1.33569 1.30405 0.367696 -4.17051 -6.45073 -9999 -9999
-9999 -9999 -9999 -9999 -9999 -9999 4.21358 4.59521 4.8414 5.26533 6.5647 6.91309 7.14405 7.16284 6.78039 5.8015 5.539 5.71016 4.75063 5.53623 6.61761 6.58171 6.44146 4.28985 3.19065 4.248 3.92149 2.30689 1.0364 -0.216955 -2.79405 -4.67686 -7.39507 -9.43727 -9.51735 -7.27044 -5.40549 -3.08348 -2.06322 -2.65566 -2.03024 -0.797185 0.603225 1.27727 1.11096 0.187762 0.0577464 -0.954621 0.0348519 0.117926 -0.344785 -0.744659 -0.584055 0.000129451 0.221263 1.14501 1.36534 1.40137 1.40173 1.39816 1.38626 1.37268 1.35174 1.33305 1.31126 1.26094 -3.40396 -7.03274 -9999 -9999
-9999 -9999 -9999 -9999 -9999 -9999 3.32244 3.55622 4.16635 5.7279 6.55407 6.88486 6.87402 7.0254 6.75483 5.89304 5.00682 4.16918 3.09041 3.69401 5.30497 6.25125 6.35165 4.46472 5.44042 5.06964 4.34419 2.23352 0.678097 -0.146811 -2.62088 -4.73527 -6.54425 -9.04181 -7.97774 -6.80647 -5.30189 -2.76775 -1.061 -0.364804 -0.962941 -0.178275 1.43411 1.4366 0.544991 0.597554 0.0564554 -1.32582 0.107897 0.51034 0.183453 0.267034 0.147561 0.364071 0.759341 1.1366 1.38549 1.41455 1.41253 1.39673 1.3882 1.38008 1.35309 1.34531 1.32324 1.29088 -1.72317 -7.1012 -9999 -9999
-9999 -9999 -9999 -9999 -9999 -9999 -9999 2.51469 3.90231 5.97382 6.49719 6.45141 6.87842 6.91398 6.49978 6.13821 5.06359 3.59619 0.783445 1.48932 2.97163 5.11317 6.23514 6.07543 5.4444 4.34789 1.70201 -0.613102 -0.895829 -1.2757 -3.08152 -4.70914 -6.72013 -5.55849 -4.2865 -2.89555 -2.16773 -2.36432 -0.90286 0.286876 -0.229218 0.734936 1.86133 1.34063 1.03069 0.770487 0.145308 0.104794 0.167834 0.981824 0.416668 0.762748 0.773624 0.752702 0.944046 1.16383 1.39386 1.42713 1.42133 1.41772 1.38222 1.38289 1.36025 1.33773 1.3165 1.28733 1.00711 -1.89269 -3.62852 -9999
-9999 -9999 -9999 -9999 -9999 -9999 -9999 1.2404 1.93382 4.3861 5.15216 6.23488 6.80899 6.8338 6.13614 5.74438 4.14659 3.62267 1.0204 -0.162454 0.825929 0.43617 3.38895 6.00172 5.42938 0.13677 -1.78211 -3.15095 -2.80199 -2.80005 -3.30347 -6.07674 -6.84409 -4.36028 -2.79796 -1.58911 -0.674133 -0.48837 -0.527338 1.33786 1.5792 2.18008 2.04049 2.09014 1.13857 0.548272 1.05765 0.465209 0.362412 1.20334 0.372829 1.12261 1.03629 0.809796 0.796232 1.2879 1.38428 1.43206 1.42873 1.40195 1.36843 1.34581 1.35262 1.33588 1.29936 1.29203 1.25696 0.906433 -0.597455 -1.12634
-9999 -9999 -9999 -9999 -9999 -9999 -9999 -9999 -0.348223 3.05805 4.62253 5.43961 6.58908 6.72569 6.35558 5.68018 4.05158 2.61788 0.290989 -2.36564 -3.7764 0.41467 4.06186 5.96262 5.71014 1.30385 -0.436935 -0.520219 0.500915 -0.364016 -1.02005 -3.1268 -3.75948 -4.63853 -4.10165 -2.41237 -1.0381 0.287323 1.24851 1.31978 1.94017 2.29434 2.31658 2.42283 2.30556 2.2096 1.29538 1.92279 1.38578 1.66819 1.48448 1.31889 1.17925 0.655897 1.02294 1.34699 1.42749 1.44737 1.42144 1.40936 1.38687 1.34664 1.32539 1.31396 1.30173 1.27623 1.26778 1.24532 1.07111 0.164502
-9999 -9999 -9999 -9999 -9999 -9999 -9999 -9999 -2.04696 1.34194 2.98327 5.08363 6.17019 6.60385 6.541 5.99255 4.75355 2.89137 1.33847 -1.626 -4.70383 -0.305361 3.6151 5.72735 5.83407 2.13473 3.15679 2.32506 2.65722 1.13794 0.506032 0.0109107 -1.08097 -2.27521 -3.57737 -4.27322 -1.17881 0.406534 1.68041 2.27674 2.61016 2.77247 2.6736 2.43551 1.05241 2.09667 2.03873 1.9309 1.80853 1.74869 1.63869 1.50966 1.43618 1.40775 1.05907 1.45017 1.43411 1.43431 1.42984 1.41203 1.38383 1.35717 1.32586 1.31894 1.29778 1.27546 1.25787 1.24696 1.22932 1.17403
-9999 -9999 -9999 -9999 -9999 -9999 -9999 -9999 -6.80512 -1.8764 2.10367 4.16927 5.84768 6.3058 6.47336 5.73946 5.18847 3.85173 2.58522 0.635128 -2.28208 -4.08087 -0.789455 4.00069 5.76529 5.62729 5.51294 4.55146 3.68521 3.57392 3.63687 2.63473 1.17539 -0.742958 -1.34651 -2.02285 0.28036 0.586841 0.410772 2.94211 2.93981 2.78732 1.8078 0.713675 0.913267 0.237598 0.7512 -0.0551209 0.679852 1.3154 1.55182 1.53057 1.44773 1.437 1.396 1.45643 1.45105 1.43481 1.42002 1.40798 1.38991 1.35096 1.32417 1.32452 1.2987 1.27436 1.25373 1.2459 1.23371 1.19108
-9999 -9999 -9999 -9999 -9999 -9999 -9999 -9999 -6.58056 -2.42472 1.08841 3.19211 5.21538 5.68099 6.3597 6.20599 5.6292 4.46645 3.01524 1.4092 -1.09434 -2.95671 -0.756563 2.42014 4.69487 5.51266 5.50188 5.44345 5.22359 5.14171 4.88622 4.70879 3.65402 1.8396 0.812862 -0.687826 1.87959 2.1615 1.75149 3.02815 2.95561 1.00499 -0.496514 -0.690234 0.215013 -0.657822 -0.812393 -1.35248 -0.746153 0.885105 0.407492 0.49964 1.24209 1.36141 1.43095 1.44829 1.43865 1.42974 1.41079 1.40532 1.39884 1.36069 1.33756 1.32095 1.28282 1.2735 1.24522 1.22522 1.20816 1.18228
-9999 -9999 -9999 -9999 -9999 -9999 -9999 -9999 -6.48553 -3.69599 -0.535305 2.56395 4.72452 5.59276 6.22298 6.21001 5.54062 4.95919 4.04688 2.6332 1.66132 -0.0205281 -2.32586 1.52164 2.6959 3.75104 4.20167 5.29726 5.26667 4.75924 4.17633 4.71449 4.54785 3.11186 2.6358 1.83541 3.2604 3.25677 3.2096 3.12505 1.476 -0.813059 -2.64416 -1.33965 -1.62082 -1.02365 -2.8916 -1.35888 -0.126921 0.270833 -0.567674 -1.19337 0.734481 1.04445 1.23073 1.34833 1.42356 1.39883 1.41221 1.39371 1.38005 1.36511 1.33934 1.3198 1.2935 1.26702 1.24793 1.23041 1.20145 1.16625
-9999 -9999 -9999 -9999 -9999 -9999 -9999 -9999 -9999 -5.32945 -1.32593 2.25029 4.23866 5.48663 6.09116 6.07347 5.72773 5.33064 4.76235 3.74076 2.45939 0.438681 -1.06278 -0.119437 1.03138 1.16235 1.92802 4.15736 4.91614 3.83035 1.15842 2.72956 4.48442 4.45023 4.29414 4.1199 3.89678 3.69596 3.26455 2.12115 -1.36599 -2.05697 -3.42941 -3.28159 -3.98863 -2.46448 -3.03783 -1.47143 -0.794673 -0.541261 -1.99711 -1.68836 0.00894257 0.681207 0.565455 0.976106 1.36903 1.37662 1.38183 1.36468 1.36557 1.36047 1.34517 1.31663 1.2944 1.27582 1.24189 1.24028 1.10392 1.01356
-9999 -9999 -9999 -9999 -9999 -9999 -9999 -9999 -9999 -6.12952 -2.13126 2.08094 3.4295 4.77522 5.93551 5.95166 5.42693 4.92747 4.4132 3.82873 2.27588 0.770036 -0.667707 -1.15429 -0.87178 -0.895914 0.345194 3.25042 3.80905 3.56391 0.771058 -0.179908 2.16589 4.13629 4.28573 4.10013 1.76767 2.25612 0.994289 -0.714684 -1.19043 -1.94264 -3.52383 -2.77331 -3.93289 -3.44494 -3.57726 -2.69025 -2.25978 -1.20295 -2.47261 -2.46575 -0.800182 0.041426 0.0587426 0.941709 1.25338 1.33107 1.34608 1.35452 1.35119 1.35748 1.34126 1.31996 1.29441 1.24393 1.13519 0.8242 -0.861805 -0.86586
-9999 -9999 -9999 -9999 -9999 -9999 -9999 -9999 -9999 -5.66613 -2.89337 0.843331 3.60948 3.77761 5.11887 5.80791 5.23791 4.5969 3.94121 3.65076 1.96126 0.10618 -1.39378 -3.16792 -2.88294 -1.61974 0.454767 2.32916 2.65994 2.26606 0.768972 1.47005 3.06761 3.91291 4.15762 3.95335 3.44004 3.14039 2.20934 1.80165 0.511147 -1.50253 -2.29997 -1.80643 -3.94315 -3.80062 -3.01888 -3.85472 -2.4799 -1.82402 -3.46297 -2.16972 -0.691894 0.061649 0.719808 1.02887 1.14901 1.33534 1.33457 1.3443 1.34617 1.33601 1.32821 1.28921 1.25547 1.06881 0.79749 -0.778819 -1.42749 -1.30555
-9999 -9999 -9999 -9999 -9999 -9999 -9999 -9999 -9999 -5.19202 -2.6964 0.542597 2.51295 2.86033 4.34834 5.67057 5.51534 4.84864 4.64078 3.95002 2.51598 0.932778 -0.79698 -1.64128 -3.57361 -1.68413 -0.18618 1.39981 2.13868 0.908843 0.284746 1.37196 2.45275 2.88046 3.97196 3.95479 3.59005 2.04012 1.28066 1.59154 1.26113 0.687917 -0.700188 -0.768555 -1.66233 -2.03611 -2.38916 -3.51613 -2.80175 -2.73433 -2.54877 -0.991073 -0.224282 0.282602 0.743105 0.860424 1.05755 1.31446 1.33165 1.33469 1.32668 1.32435 1.29751 1.21512 1.14437 0.777149 0.133204 -1.06152 -2.98009 -1.63003
-9999 -9999 -9999 -9999 -9999 -9999 -9999 -9999 -9999 -5.61711 -2.96599 -0.198832 0.954453 1.14496 3.8431 5.49248 5.48847 5.16871 4.79633 3.10001 3.19213 2.84723 1.2859 -0.985127 -3.47862 -3.25234 -1.77155 0.322233 1.01151 -1.02248 -1.74795 -1.2262 0.410938 1.87568 3.40535 3.78868 3.33085 0.921946 -1.63758 -0.46082 0.79705 0.783054 0.405055 -0.8825 -1.29573 -1.67017 -2.61067 -4.19263 -3.96556 -3.5303 -1.76692 -1.21211 -0.352305 0.360911 0.0852765 0.238511 0.92 1.30842 1.31723 1.31783 1.32402 1.30784 1.27693 1.12076 0.955732 0.683936 -0.98255 -2.02149 -3.52423 -1.777
-9999 -9999 -9999 -9999 -9999 -9999 -9999 -9999 -9999 -6.43822 -4.51614 -1.87174 -0.809812 0.887583 3.43685 4.68715 5.28279 5.26245 5.01176 4.24808 3.786 2.88245 1.25818 -0.960107 -3.42515 -5.0325 -4.22661 -1.4007 -0.738468 -2.61493 -3.57606 -2.39557 -0.650884 1.93602 3.41096 3.60385 3.46257 2.96008 1.08941 -1.16919 -1.16852 -0.0461333 -0.997714 -2.10245 -1.50483 -1.62278 -2.55151 -3.22846 -3.63705 -3.39091 -2.38408 -1.9722 -0.978549 0.490341 0.696223 0.648965 1.2639 1.28905 1.29735 1.31427 1.30675 1.29402 1.26814 1.13959 0.860677 -0.251004 -1.22135 -2.5683 -2.74115 -1.18013
-9999 -9999 -9999 -9999 -9999 -9999 -9999 -9999 -9999 -7.85266 -5.59049 -3.11387 -0.795482 1.3974 3.28363 3.42299 4.41428 4.40578 4.9215 4.76415 4.05534 3.29287 1.89201 -0.955911 -3.35197 -5.96443 -5.28582 -2.40242 -2.02896 -3.29355 -5.62311 -3.23379 -0.597972 1.79024 3.07958 2.05515 3.08978 2.9968 2.2913 0.943874 -1.14708 -1.11444 -2.68282 -2.75719 -1.96133 -1.70704 -1.84652 -2.35611 -3.15944 -3.03107 -2.42108 -2.27052 -1.35806 -0.22002 0.892319 1.07444 1.28176 1.28482 1.28198 1.29287 1.28836 1.25812 1.19383 1.05988 0.126906 -0.981306 -1.66682 -2.60749 -2.728 -0.935617
