Test_Spring_2018/02_18/Temp/20180211_020.txt
ncols	170
nrows	115
xllcorner	350000.000000
yllcorner	4445000.000000
cellsize	1000.000000
nodata_value	-9999.000000
[rows 31 to 61 of 115, columns 71 to 141 of 170]
6.8107 7.00388 6.63217 6.66675 7.55344 7.75158 7.73659 7.66169 7.57568 7.15302 7.01042 6.67703 6.09118 5.84459 4.80385 1.4429 2.39187 2.76188 1.78623 2.32822 3.21146 2.4394 0.15127 -0.834958 -2.4226 -1.91929 -2.3934 -3.67142 -9999 -9999 -9999 -9999 -9999 -9999 -9999 -9999 -9999 -9999 -9999 -9999 -9999 -9999 -9999 -9999 -9999 -9999 -9999 -9999 -9999 -9999 -9999 -9999 -9999 -9999 -9999 -9999 -9999 -9999 -9999 -9999 -9999 -9999 -9999 -9999 -9999 -9999 -9999 -9999 -9999 -9999 -9999
6.62006 6.59515 6.2371 6.78454 7.28849 6.98413 6.78243 7.61465 7.61274 7.32696 6.65823 6.41162 6.15596 5.99851 5.14111 2.73915 0.573664 1.73101 1.7567 0.953404 2.38935 1.62863 -0.353438 -3.15082 -1.63172 -2.02803 -4.00386 -4.4888 -9999 -9999 -9999 -9999 -9999 -9999 -9999 -9999 -9999 -9999 -9999 -9999 -9999 -9999 -9999 -9999 -9999 -9999 -9999 -9999 -9999 -9999 -9999 -9999 -9999 -9999 -9999 -9999 -9999 -9999 -9999 -9999 -9999 -9999 -9999 -9999 -9999 -9999 -9999 -9999 -9999 -9999 -9999
6.30883 6.12028 5.96517 6.77994 6.76064 6.71223 7.01192 7.52901 7.63014 7.51757 7.22483 6.97114 6.70138 6.01987 5.03937 2.98346 0.518915 -0.0414803 1.162 1.21819 1.41041 0.717008 -0.153452 -1.5144 -0.401652 0.0300381 -1.27122 -2.96831 -4.06108 -9999 -9999 -9999 -9999 -9999 -9999 -9999 -9999 -9999 -9999 -9999 -9999 -9999 -9999 -9999 -9999 -9999 -9999 -9999 -9999 -9999 -9999 -9999 -9999 -9999 -9999 -9999 -9999 -9999 -9999 -9999 -9999 -9999 -9999 -9999 -9999 -9999 -9999 -9999 -9999 -9999 -9999
5.83797 5.55355 4.7589 5.24908 5.61664 6.30844 6.48939 6.59023 7.56294 7.50951 7.4625 7.04451 6.70983 6.15653 5.21281 3.87005 2.25377 -0.558974 1.17253 2.52812 2.4919 2.41626 1.80608 0.498559 1.5907 1.64119 -0.0169589 -1.90267 -3.01814 -3.48006 -9999 -9999 -9999 -9999 -9999 -9999 -9999 -9999 -9999 -9999 -9999 -9999 -9999 -9999 -9999 -9999 -9999 -9999 -9999 -9999 -9999 -9999 -9999 -9999 -9999 -9999 -9999 -9999 -9999 -9999 -9999 -9999 -9999 -9999 -9999 -9999 -9999 -9999 -9999 -9999 -9999
5.18299 4.90907 3.93895 4.43218 5.09114 6.02727 6.51428 6.88268 7.17237 7.4678 7.43086 7.00311 5.74333 5.56175 5.50537 4.62645 2.78407 0.944173 0.46628 2.53508 3.12621 3.00413 3.46529 2.35754 2.87965 2.66439 2.07928 0.262539 -1.39505 -2.08331 -3.44273 -9999 -9999 -9999 -9999 -9999 -9999 -9999 -9999 -9999 -9999 -9999 -9999 -9999 -9999 -9999 -9999 -9999 -9999 -9999 -9999 -9999 -9999 -9999 -9999 -9999 -9999 -9999 -9999 -9999 -9999 -9999 -9999 -9999 -9999 -9999 -9999 -9999 -9999 -9999 -9999
-9999 -9999 -9999 3.3289 4.23186 4.97678 5.89161 6.6791 7.07198 7.45352 7.42087 6.56774 6.14942 6.11106 5.53445 4.52006 3.88272 2.72358 1.51609 1.97504 3.73916 2.95247 4.20219 4.09532 4.32428 3.48729 1.91122 -0.203122 -1.4338 -2.04955 -3.15125 -9999 -9999 -9999 -9999 -9999 -9999 -9999 -9999 -9999 -9999 -9999 -9999 -9999 -9999 -9999 -9999 -9999 -9999 -9999 -9999 -9999 -9999 -9999 -9999 -9999 -9999 -9999 -9999 -9999 -9999 -9999 -9999 -9999 -9999 -9999 -9999 -9999 -9999 -9999 -9999
-9999 -9999 -9999 -9999 4.0678 4.63536 5.85336 6.48825 6.74273 7.35921 7.35883 7.03451 6.7891 6.43378 5.97024 5.20732 4.36585 3.27551 3.173 4.3008 4.31328 4.07604 4.26037 4.83968 4.68588 3.39582 1.16635 -0.014428 -2.40742 -3.43547 -3.33094 -4.06011 -9999 -9999 -9999 -9999 -9999 -9999 -9999 -9999 -9999 -9999 -9999 -9999 -1.29243 -9999 -9999 -9999 -9999 -9999 -9999 -9999 -9999 -9999 -9999 -9999 -9999 -9999 -9999 -9999 -9999 -9999 -9999 -9999 -9999 -5.72657 -9999 -9999 -9999 -9999 -9999
-9999 -9999 -9999 3.95584 4.72013 5.31178 6.07494 6.15191 6.6076 7.31674 7.32538 7.09481 6.83438 6.25124 6.10513 5.66989 4.75637 4.56796 4.93559 5.10414 5.29561 5.4132 5.31585 5.08003 4.77565 3.94883 2.91268 2.21726 0.0271516 -1.07667 -2.1376 -3.74326 -4.99972 -9999 -9999 -9999 -9999 -9999 -9999 -9999 -2.12136 -2.18271 -2.15585 -1.80537 -0.834981 -1.40736 -9999 -9999 -9999 -9999 -9999 -9999 -9999 -9999 -9999 -9999 -9999 -9999 -9999 -9999 -9999 -9999 -9999 -9999 -9999 -4.84536 -6.11413 -9999 -9999 -9999 -9999
-9999 -9999 -9999 4.16674 4.96691 5.36611 6.10755 6.53131 6.81432 7.05921 7.29298 7.25155 6.96348 6.5262 6.52679 5.92496 5.5995 5.36662 5.86448 5.96165 5.75983 5.50731 5.28416 4.65474 4.58163 4.38441 3.72705 2.64782 1.53565 -0.0646379 -2.24372 -4.38095 -6.10517 -9999 -9999 -9999 -9999 -9999 -9999 -1.93606 -1.13056 -0.648642 -1.67857 -0.801584 1.5476e-05 -0.129446 -0.905883 -9999 -9999 -9999 -9999 -9999 -9999 -9999 -9999 -9999 -9999 -9999 -9999 -9999 -9999 1.16936 -0.130829 -2.75298 -4.0995 -4.90942 -6.06374 -9999 -9999 -9999 -9999
-9999 -9999 -9999 4.00764 4.95319 5.59361 6.16198 6.25232 6.83733 7.09327 7.21808 7.20127 7.14246 7.06002 6.53435 6.30689 5.51361 6.26832 6.23778 6.04466 5.28513 4.95551 3.65301 3.07981 2.95885 4.05425 3.24572 1.55688 -0.554576 -3.08714 -3.25166 -4.09158 -5.63259 -9999 -9999 -9999 -9999 -9999 -9999 -1.68368 -0.822084 -0.103152 0.000161091 -1.02342 0.402091 0.349328 -0.450054 -0.632194 0.0213842 0.352339 0.109597 0.88732 1.11479 0.760675 1.14573 -9999 -9999 -9999 -9999 1.36182 1.41022 1.4454 0.900839 -1.96358 -3.92169 -5.68073 -5.84738 -9999 -9999 -9999 -9999
-9999 -9999 -9999 4.66238 5.24467 5.53911 5.58666 6.09686 6.6085 6.92399 7.15122 7.10314 7.08227 7.06006 6.87856 6.46014 6.53255 6.49662 6.25191 4.80677 3.12064 3.8541 2.85399 0.715064 2.46014 3.41684 2.501 0.454743 -1.91825 -2.68993 -2.65667 -3.82449 -5.32715 -9999 -9999 -9999 -4.03575 -2.80125 -2.69556 -2.333 -1.18335 -0.309149 0.349641 0.7978 0.785963 0.310491 -0.471295 -1.32081 -1.01896 0.507261 0.879036 1.19424 1.4303 1.10171 1.27113 1.6775 1.88624 1.92637 1.82718 1.80159 1.83085 1.77759 1.26894 -1.29372 -2.76301 -3.70253 -5.58771 -9999 -9999 -9999 -9999
-9999 -9999 -9999 4.29636 4.80285 5.21308 5.89397 5.96578 6.39631 6.65318 7.03418 7.07505 6.62778 6.993 6.94283 6.87137 6.72287 6.50668 5.28606 3.60485 1.91992 1.1418 1.47442 0.186676 0.853148 1.82272 1.47243 0.219288 -1.89447 -2.19153 -2.67876 -4.64233 -6.53333 -9999 -9999 -6.42918 -4.0588 -2.39047 -1.53098 -1.26622 -1.24268 -0.140881 -0.0560171 1.13075 0.854364 -0.718233 -0.54231 -1.15351 -0.757742 -0.197557 -0.0442444 0.764691 1.53643 1.68177 1.68393 1.94223 1.99362 2.00484 1.99498 1.81512 1.89154 1.89922 1.58002 -0.278612 -1.18793 -2.18814 -5.5585 -9999 -9999 -9999 -9999
-9999 -9999 -9999 4.5558 5.12212 5.74228 5.84271 6.30193 6.25472 6.12521 6.76443 6.99865 6.68207 6.45322 6.86706 6.83524 6.77707 6.68331 5.53602 4.20912 2.20175 0.954492 0.193436 -0.347471 -1.06374 -0.564996 -0.715574 -0.917898 -0.681872 -1.25972 -2.41547 -3.56493 -5.71685 -6.88153 -9999 -6.2982 -5.22963 -3.24526 -1.55933 -0.489975 -0.877623 0.375389 0.606313 1.3313 0.905166 -0.0499582 -0.460042 -0.496906 -0.622352 0.223055 0.792986 1.19795 1.46559 1.79691 1.88084 1.96476 1.99851 2.01544 2.032 2.02396 2.01295 1.97057 1.84718 0.9894 0.0827368 -1.87251 -5.44363 -9999 -9999 -9999 -9999
-9999 -9999 2.90257 4.49133 5.44127 5.80919 6.07469 6.30853 6.47754 6.65626 6.82152 6.93434 6.88424 6.0495 6.11432 6.26065 6.72975 6.69326 6.58734 5.86096 3.41871 2.5753 1.34412 -0.251525 -0.913729 -0.578398 0.73225 0.67591 -0.188667 -1.15261 -2.48351 -3.33048 -4.65014 -7.18406 -6.95761 -5.81846 -4.97163 -3.62389 -1.56274 -0.118659 0.524366 0.765867 1.27418 1.53718 0.954071 0.398649 0.165058 -0.26702 -0.327728 -0.324014 0.187264 0.589346 1.47735 1.77506 1.90881 1.97725 2.013 2.03791 2.06169 2.06725 2.0458 2.04168 2.02919 1.96177 0.754909 -2.25557 -4.52726 -9999 -9999 -9999 -9999
-9999 -9999 -9999 4.19892 4.61705 4.72673 4.91828 5.31001 5.76135 6.4021 6.48333 6.83421 6.83064 6.11181 5.28069 5.99857 6.28183 6.57586 6.58226 6.48699 4.43555 3.36226 2.51785 0.98811 1.54539 2.07214 2.11438 1.80035 -0.0553528 -1.90372 -4.03316 -6.02562 -6.12076 -7.19282 -6.62664 -5.87485 -3.94214 -2.583 -2.03359 -1.6398 0.455437 0.999867 1.18586 1.72156 0.988251 0.802278 0.251795 0.415696 0.368132 0.372134 -1.15159 0.382025 0.472814 1.46939 1.91812 2.0174 2.0436 2.07093 2.07275 2.07483 2.06582 2.0708 2.05091 2.02838 1.24177 -2.57449 -4.49623 -9999 -9999 -9999 -9999
-9999 -9999 -9999 -9999 -9999 4.33368 4.65275 4.85724 5.21071 6.29477 6.58552 6.77786 6.79235 6.47026 5.64812 5.42896 5.5759 4.77325 5.44015 6.35385 6.33014 6.21896 4.41627 3.49823 4.39357 4.12454 2.77165 1.70752 0.657218 -1.50691 -3.08853 -5.37197 -7.0871 -7.15217 -5.26017 -3.68919 -1.73355 -0.872335 -1.36706 -0.837318 0.202778 1.38428 1.9549 1.81868 1.04578 0.937251 0.0885824 0.923295 0.995579 0.608749 0.274707 0.412458 0.90596 1.09427 1.87366 2.06169 2.09351 2.09743 2.09778 2.09074 2.08181 2.0674 2.05365 2.03679 1.99544 -1.92732 -4.98312 -9999 -9999 -9999 -9999
-9999 -9999 -9999 -9999 -9999 3.58311 3.77774 4.28825 5.59844 6.2847 6.56075 6.54984 6.67597 6.44809 5.72403 4.98068 4.27925 3.37609 3.88886 5.24962 6.05194 6.14318 4.56312 5.39018 5.08452 4.48008 2.71007 1.40641 0.716514 -1.36089 -3.1372 -4.65593 -6.754 -5.85682 -4.86942 -3.60153 -1.46747 -0.0289036 0.560321 0.0605759 0.724265 2.08415 2.0901 1.34404 1.39187 0.937754 -0.221954 0.986397 1.32726 1.05463 1.1271 1.02921 1.21339 1.54803 1.86773 2.07969 2.10702 2.10808 2.0982 2.09407 2.09037 2.07023 2.06582 2.0489 2.02279 -0.511481 -5.03828 -9999 -9999 -9999 -9999
-9999 -9999 -9999 -9999 -9999 -9999 2.90101 4.06547 5.80468 6.23646 6.19605 6.55362 6.58259 6.23411 5.93089 5.02909 3.79808 1.4367 2.03542 3.28791 5.09536 6.04566 5.91813 5.3939 4.4779 2.25838 0.316476 0.0832152 -0.232337 -1.74768 -3.11453 -4.80309 -3.8237 -2.75162 -1.57945 -0.964791 -1.12729 0.104994 1.10903 0.678682 1.4934 2.44466 2.01073 1.75397 1.53886 1.01412 0.982903 1.03854 1.72553 1.25247 1.54565 1.55731 1.5417 1.70472 1.89185 2.08786 2.11865 2.11684 2.11706 2.09042 2.094 2.07766 2.06103 2.04501 2.02176 1.78682 -0.655658 -2.11641 -9999 -9999 -9999
-9999 -9999 -9999 -9999 -9999 -9999 1.82887 2.40971 4.46942 5.10551 6.01452 6.49616 6.5164 5.92981 5.60181 4.25948 3.82201 1.63743 0.647919 1.48485 1.1633 3.65314 5.85711 5.3821 0.937071 -0.671086 -1.81718 -1.51916 -1.51356 -1.9335 -4.26378 -4.90634 -2.81491 -1.4986 -0.479516 0.292574 0.451533 0.422009 1.99413 2.20084 2.71011 2.59676 2.64258 1.8463 1.35368 1.78314 1.28781 1.20402 1.91367 1.21744 1.85009 1.77996 1.59136 1.58194 1.99762 2.08112 2.12402 2.12442 2.10504 2.08032 2.06393 2.07249 2.06088 2.0322 2.02755 1.99899 1.70058 0.43505 -0.010952 0.471332 -9999
-9999 -9999 -9999 -9999 -9999 -9999 -9999 0.490601 3.35302 4.66076 5.34682 6.31276 6.42742 6.11533 5.54909 4.18187 2.97929 1.02624 -1.20346 -2.38354 1.14715 4.22073 5.82566 5.61943 1.91964 0.461169 0.396182 1.2595 0.536115 -0.0120926 -1.78177 -2.31095 -3.0476 -2.59358 -1.1721 -0.0124315 1.10534 1.91698 1.98043 2.50596 2.80783 2.83064 2.92414 2.82957 2.75277 1.98495 2.51558 2.06666 2.30662 2.15435 2.01715 1.90216 1.46383 1.77441 2.04902 2.11904 2.13916 2.12002 2.11295 2.09749 2.06736 2.05082 2.04385 2.0358 2.01609 2.01016 1.98776 1.84072 1.07726 0.0573137 -1.22957
-9999 -9999 -9999 -9999 -9999 -9999 -9999 -0.937728 1.91056 3.28308 5.04886 5.95712 6.32508 6.27366 5.81437 4.77493 3.212 1.90981 -0.578932 -3.16251 0.543408 3.84708 5.62959 5.72538 2.61974 3.48469 2.79018 3.07406 1.8004 1.27257 0.858341 -0.056912 -1.0585 -2.15399 -2.73453 -0.129081 1.20734 2.28199 2.78706 3.07128 3.21183 3.13428 2.93685 1.77777 2.65994 2.61216 2.52451 2.42434 2.3765 2.28624 2.17979 2.12049 2.09834 1.80693 2.13742 2.1282 2.13055 2.12939 2.11744 2.09712 2.07838 2.05585 2.05195 2.03421 2.01741 2.00403 1.99141 1.97633 1.92911 1.7224 -0.00386398
-9999 -9999 -9999 -9999 -9999 -9999 -9999 -4.93896 -0.79518 2.53647 4.27453 5.69004 6.07664 6.21928 5.60424 5.14352 4.02253 2.96113 1.32534 -1.12335 -2.63108 0.144494 4.17877 5.66929 5.55851 5.46758 4.66388 3.93986 3.85037 3.907 3.06643 1.83714 0.227566 -0.274417 -0.840068 1.10006 1.36103 1.21634 3.34881 3.35073 3.22654 2.40698 1.49314 1.6655 1.09888 1.53163 0.856582 1.47749 2.01452 2.21563 2.19984 2.13275 2.12489 2.09226 2.14818 2.14547 2.13396 2.12407 2.1169 2.10504 2.07589 2.05712 2.06112 2.04033 2.02263 2.00304 1.99302 1.98285 1.94658 1.91328 1.64352
-9999 -9999 -9999 -9999 -9999 -9999 -9999 -4.75859 -1.27222 1.68324 3.45712 5.16006 5.5533 6.12609 5.99921 5.51693 4.5423 3.32552 1.97896 -0.122003 -1.68343 0.171994 2.85167 4.77023 5.46305 5.45978 5.41546 5.23505 5.16327 4.9527 4.80617 3.92313 2.4038 1.54369 0.284863 2.44731 2.68771 2.34636 3.4237 3.36657 1.73017 0.471612 0.312966 1.08118 0.35141 0.222079 -0.231931 0.280832 1.65529 1.25534 1.33496 1.96211 2.06424 2.12869 2.14492 2.13866 2.13331 2.11989 2.11819 2.116 2.08744 2.07166 2.06135 2.03274 2.0248 2.0034 1.98315 1.96451 1.94268 1.91201 1.83174
-9999 -9999 -9999 -9999 -9999 -9999 -9999 -4.68646 -2.34138 0.318011 2.93002 4.74878 5.48095 6.01324 6.00492 5.4449 4.95923 4.19565 3.01079 2.19782 0.788043 -1.14585 2.09497 3.09105 3.98326 4.3592 5.28547 5.26451 4.84236 4.35563 4.81255 4.67994 3.47597 3.07911 2.40938 3.61117 3.61156 3.57545 3.50807 2.12513 0.204109 -1.33165 -0.230309 -0.462564 0.0469716 -1.52361 -0.231684 0.807346 1.14447 0.438297 -0.0857396 1.53851 1.80599 1.96432 2.06496 2.13014 2.11152 2.12529 2.11258 2.10428 2.09515 2.07706 2.0642 2.04549 2.02634 2.00922 1.99088 1.96743 1.9406 1.93402 1.88646
-9999 -9999 -9999 -9999 -9999 -9999 -9999 -9999 -3.72412 -0.350229 2.65953 4.33417 5.38637 5.89764 5.88582 5.59828 5.26774 4.7934 3.93803 2.86438 1.16916 -0.0891611 0.708794 1.68498 1.79996 2.44879 4.32853 4.97144 4.06292 1.81841 3.14838 4.62836 4.60349 4.47593 4.333 4.1493 3.98397 3.62482 2.66702 -0.261722 -0.839085 -1.98912 -1.86058 -2.45101 -1.16131 -1.64361 -0.322996 0.24913 0.464916 -0.757076 -0.493876 0.940971 1.50797 1.4122 1.7592 2.08898 2.09761 2.10452 2.09293 2.0968 2.09585 2.08646 2.06856 2.05339 2.04102 2.01128 2.00578 1.89224 1.81682 1.66884 1.84162
-9999 -9999 -9999 -9999 -9999 -9999 -9999 -9999 -4.39223 -1.02755 2.51731 3.65406 4.78864 5.76745 5.78421 5.34626 4.92972 4.50089 4.0132 2.7113 1.44913 0.244431 -0.160145 0.0822503 0.0707004 1.11939 3.56758 4.0422 3.84073 1.49917 0.70393 2.68104 4.34222 4.47179 4.31947 2.36159 2.77611 1.7187 0.285348 -0.11075 -0.739249 -2.06486 -1.42948 -2.40053 -1.98611 -2.09356 -1.34433 -0.979309 -0.0877996 -1.15312 -1.1435 0.265228 0.974865 0.991221 1.73564 1.99974 2.06728 2.08239 2.09228 2.09258 2.10119 2.09104 2.07664 2.05858 2.01933 1.93072 1.6673 0.243907 0.241409 0.625607 0.989019
-9999 -9999 -9999 -9999 -9999 -9999 -9999 -9999 -4.00317 -1.66888 1.4763 3.80544 3.94982 5.08097 5.66377 5.18786 4.65239 4.10473 3.86442 2.44768 0.891894 -0.365048 -1.85238 -1.60783 -0.54045 1.2133 2.79464 3.07773 2.75127 1.49989 2.0942 3.44223 4.1574 4.3673 4.19949 3.77169 3.52358 2.74447 2.40559 1.32432 -0.365068 -1.03156 -0.612338 -2.40521 -2.28132 -1.61999 -2.31959 -1.16037 -0.606 -1.98181 -0.883656 0.361377 0.997172 1.5527 1.81468 1.91788 2.07692 2.07884 2.08984 2.09446 2.08917 2.08597 2.05658 2.03153 1.8777 1.65238 0.329205 -0.226427 -0.122637 0.483268 1.01335
-9999 -9999 -9999 -9999 -9999 -9999 -9999 -9999 -3.60543 -1.50398 1.22282 2.88287 3.17816 4.43287 5.54831 5.42136 4.8644 4.6935 4.11665 2.91488 1.58787 0.137803 -0.567405 -2.18748 -0.593261 0.676013 2.01493 2.64137 1.61508 1.09532 2.01459 2.92824 3.29245 4.21474 4.2045 3.90185 2.6024 1.96774 2.23325 1.95947 1.48151 0.318241 0.264856 -0.482752 -0.793122 -1.08618 -2.03042 -1.42662 -1.3671 -1.20225 0.11277 0.760022 1.1886 1.57813 1.67907 1.8472 2.06575 2.08288 2.08828 2.08457 2.0858 2.06651 2.00052 1.94426 1.63853 1.09986 0.097696 -1.52621 -0.389267 0.799785 1.15125
-9999 -9999 -9999 -9999 -9999 -9999 -9999 -9999 -3.96424 -1.73182 0.598349 1.57139 1.73488 4.00745 5.39816 5.39851 5.13347 4.82436 3.40198 3.48388 3.19845 1.8902 -0.0147029 -2.10653 -1.91087 -0.660184 1.11059 1.69553 -0.00655857 -0.611313 -0.167347 1.21446 2.45108 3.74213 4.06894 3.68821 1.66654 -0.481855 0.51194 1.57394 1.56628 1.25247 0.173689 -0.169835 -0.480817 -1.26796 -2.59974 -2.40064 -2.03172 -0.536954 -0.0676752 0.657991 1.26031 1.03098 1.16234 1.73803 2.06733 2.07751 2.08092 2.08916 2.0787 2.05591 1.92779 1.79217 1.56667 0.168059 -0.702989 -1.97282 -0.506115 0.30331 0.733929
-9999 -9999 -9999 -9999 -9999 -9999 -9999 -9999 -4.6564 -3.03693 -0.809845 0.0864934 1.5174 3.66488 4.72007 5.22486 5.21178 5.00516 4.36732 3.98333 3.22828 1.86732 0.00700079 -2.06065 -3.40682 -2.72334 -0.336471 0.231107 -1.34306 -2.14571 -1.14744 0.325131 2.5058 3.75109 3.918 3.80371 3.38552 1.81656 -0.078717 -0.0740063 0.874016 0.0777729 -0.84733 -0.340798 -0.436141 -1.21342 -1.77904 -2.11932 -1.90329 -1.05049 -0.70127 0.137152 1.37521 1.55106 1.51403 2.03395 2.0579 2.06777 2.08497 2.0817 2.0741 2.05549 1.95053 1.71909 0.787213 -0.0259058 -1.15589 -1.29862 0.00304232 0.570634 1.10076
-9999 -9999 -9999 -9999 -9999 -9999 -9999 -9999 -5.8478 -3.94216 -1.85607 0.0970475 1.94475 3.5347 3.6557 4.49334 4.49035 4.92845 4.80073 4.20947 3.57331 2.40051 0.0109546 -1.99837 -4.18952 -3.61273 -1.18196 -0.853564 -1.91092 -3.86406 -1.84879 0.373579 2.38748 3.477 2.62041 3.49529 3.42166 2.83274 1.70382 -0.0505316 -0.0190272 -1.33407 -1.39272 -0.719572 -0.501929 -0.615503 -1.04039 -1.71811 -1.59533 -1.07597 -0.946376 -0.17605 0.783975 1.72238 1.87848 2.05579 2.06134 2.06196 2.07417 2.07345 2.05112 2.00016 1.89061 1.10905 0.180075 -0.393466 -1.18167 -1.2802 0.220356 0.819422 1.15195
