Test_Spring_2018/02_18/Temp/20180205_010.txt
ncols	170
nrows	115
xllcorner	350000.000000
yllcorner	4445000.000000
cellsize	1000.000000
nodata_value	-9999.000000
[rows 32 to 63 of 115, columns 72 to 143 of 170]
10.2097 9.95564 10.3528 10.7184 10.4804 10.3262 10.9213 10.922 10.7186 10.24 10.0654 9.88457 9.77462 9.16117 7.43639 5.88174 6.71796 6.73966 6.16455 7.2003 6.65498 5.23033 3.21852 4.31224 4.0273 2.58156 2.22609 -9999 -9999 -9999 -9999 -9999 -9999 -9999 -9999 -9999 -9999 -9999 -9999 -9999 -9999 -9999 -9999 -9999 -9999 -9999 -9999 -9999 -9999 -9999 -9999 -9999 -9999 -9999 -9999 -9999 -9999 -9999 -9999 -9999 -9999 -9999 -9999 -9999 -9999 -9999 -9999 -9999 -9999 -9999 -9999 -9999
9.87024 9.76228 10.3519 10.3411 10.2924 10.4937 10.8622 10.9372 10.8585 10.6505 10.4709 10.2799 9.79288 9.09082 7.61499 5.8451 5.44525 6.31441 6.35774 6.49859 6.00179 5.37714 4.39913 5.2007 5.51186 4.56441 3.32385 2.52476 -9999 -9999 -9999 -9999 -9999 -9999 -9999 -9999 -9999 -9999 -9999 -9999 -9999 -9999 -9999 -9999 -9999 -9999 -9999 -9999 -9999 -9999 -9999 -9999 -9999 -9999 -9999 -9999 -9999 -9999 -9999 -9999 -9999 -9999 -9999 -9999 -9999 -9999 -9999 -9999 -9999 -9999 -9999 -9999
9.46505 8.89689 9.25296 9.52057 9.99352 10.1148 10.1894 10.8915 10.8555 10.8244 10.5266 10.2889 9.89414 9.21857 8.25591 7.09641 5.07586 6.32498 7.30333 7.27985 7.22761 6.79034 5.85089 6.63777 6.67482 5.46363 4.08108 3.27945 2.94834 -9999 -9999 -9999 -9999 -9999 -9999 -9999 -9999 -9999 -9999 -9999 -9999 -9999 -9999 -9999 -9999 -9999 -9999 -9999 -9999 -9999 -9999 -9999 -9999 -9999 -9999 -9999 -9999 -9999 -9999 -9999 -9999 -9999 -9999 -9999 -9999 -9999 -9999 -9999 -9999 -9999 -9999 -9999
9.00425 8.30974 8.66791 9.14511 9.80863 10.1416 10.4026 10.6133 10.8283 10.8044 10.4996 9.59633 9.46911 9.43211 8.80329 7.48117 6.16071 5.82009 7.31169 7.73965 7.65404 7.98769 7.19202 7.56878 7.41466 6.98576 5.65718 4.45151 3.95767 2.98124 -9999 -9999 -9999 -9999 -9999 -9999 -9999 -9999 -9999 -9999 -9999 -9999 -9999 -9999 -9999 -9999 -9999 -9999 -9999 -9999 -9999 -9999 -9999 -9999 -9999 -9999 -9999 -9999 -9999 -9999 -9999 -9999 -9999 -9999 -9999 -9999 -9999 -9999 -9999 -9999 -9999 -9999
-9999 -9999 7.87695 8.51696 9.05132 9.69657 10.259 10.5438 10.8207 10.7999 10.1891 9.89138 9.86732 9.45611 8.72996 8.27507 7.44458 6.57906 6.91234 8.18439 7.62055 8.5216 8.44608 8.61184 8.01028 6.85689 5.32615 4.42765 3.98599 3.19505 -9999 -9999 -9999 -9999 -9999 -9999 -9999 -9999 -9999 -9999 -9999 -9999 -9999 -9999 -9999 -9999 -9999 -9999 -9999 -9999 -9999 -9999 -9999 -9999 -9999 -9999 -9999 -9999 -9999 -9999 -9999 -9999 -9999 -9999 -9999 -9999 -9999 -9999 -9999 -9999 -9999 -9999
-9999 -9999 -9999 8.40171 8.80833 9.68647 10.1246 10.3097 10.7555 10.7579 10.5276 10.3544 10.1025 9.7728 9.22779 8.62622 7.84541 7.77514 8.58979 8.60147 8.43297 8.56733 8.98544 8.87562 7.93936 6.32466 5.47528 3.73093 2.99247 3.06944 2.54702 -9999 -9999 -9999 -9999 -9999 -9999 -9999 -9999 -9999 -9999 -9999 -9999 4.59598 -9999 -9999 -9999 -9999 -9999 -9999 -9999 -9999 -9999 -9999 -9999 -9999 -9999 -9999 -9999 -9999 -9999 -9999 -9999 -9999 1.53129 -9999 -9999 -9999 -9999 -9999 -9999 -9999
-9999 -9999 8.33437 8.87083 9.29779 9.84821 9.89127 10.2151 10.7275 10.7364 10.5736 10.3897 9.97398 9.87297 9.56401 8.91086 8.77928 9.04749 9.17202 9.31253 9.39932 9.33088 9.16225 8.94382 8.33064 7.58489 7.08437 5.49952 4.6932 3.9314 2.77822 1.87691 -9999 -9999 -9999 -9999 -9999 -9999 -9999 3.98471 3.94556 3.96973 4.22662 4.92943 4.52199 -9999 -9999 -9999 -9999 -9999 -9999 -9999 -9999 -9999 -9999 -9999 -9999 -9999 -9999 -9999 -9999 -9999 -9999 -9999 2.16923 1.26576 -9999 -9999 -9999 -9999 -9999 -9999
-9999 -9999 8.47518 9.05173 9.33967 9.87393 10.1798 10.3664 10.5446 10.7154 10.6888 10.4852 10.1746 10.1795 9.75096 9.52127 9.35799 9.72015 9.79346 9.65103 9.47144 9.31231 8.86021 8.80783 8.64811 8.1744 7.39717 6.59645 5.42451 3.85788 2.32206 1.08412 -9999 -9999 -9999 -9999 -9999 -9999 4.11685 4.7017 5.05356 4.31735 4.95306 5.53433 5.44546 4.884 -9999 -9999 -9999 -9999 -9999 -9999 -9999 -9999 -9999 -9999 -9999 -9999 -9999 -9999 6.46485 5.53785 3.65987 2.70005 2.12664 1.30569 -9999 -9999 -9999 -9999 -9999 -9999
-9999 -9999 8.36478 9.04529 9.50616 9.91526 9.98066 10.3975 10.5714 10.6637 10.6548 10.6163 10.5614 10.1879 10.0292 9.46327 10.011 9.99319 9.8578 9.31412 9.07899 8.143 7.73103 7.62755 8.41457 7.83143 6.61491 5.09454 3.25976 3.13499 2.53246 1.42628 -9999 -9999 -9999 -9999 -9999 -9999 4.30199 4.92741 5.44995 5.52925 4.79738 5.8275 5.78703 5.21607 5.08926 5.56388 5.8065 5.62667 6.19157 6.36138 6.113 6.39678 -9999 -9999 -9999 -9999 6.58955 6.6325 6.66618 6.28297 4.23076 2.831 1.5748 1.46576 -9999 -9999 -9999 -9999 -9999 -9999
-9999 -9999 8.84011 9.25852 9.46971 9.50338 9.87027 10.234 10.4516 10.6197 10.5884 10.5775 10.5661 10.4407 10.145 10.2025 10.1818 10.0104 8.97459 7.76459 8.29475 7.57258 6.02641 7.27338 7.95989 7.2988 5.82435 4.11508 3.54727 3.56509 2.72636 1.65184 -9999 -9999 -9999 2.59885 3.49298 3.57507 3.84206 4.6753 5.31011 5.78444 6.1116 6.10025 5.76321 5.20463 4.59729 4.8185 5.92086 6.19275 6.41525 6.59105 6.36088 6.49369 6.79276 6.94995 6.98613 6.92239 6.91194 6.94128 6.91159 6.55453 4.71524 3.66738 3.00108 1.66078 -9999 -9999 -9999 -9999 -9999 -9999
-9999 -9999 8.58225 8.94574 9.23987 9.72736 9.77848 10.0883 10.2698 10.5372 10.5699 10.2522 10.52 10.4894 10.4438 10.3428 10.1928 9.3196 8.11419 6.90518 6.34765 6.5828 5.65601 6.12719 6.82274 6.56178 5.66001 4.13689 3.92147 3.56059 2.1433 0.784853 -9999 -9999 0.872243 2.58356 3.79017 4.41504 4.61203 4.63531 5.43419 5.50093 6.3601 6.16008 5.03337 5.16396 4.72098 5.00942 5.4209 5.53526 6.11409 6.67431 6.78468 6.79236 6.9847 7.02852 7.04381 7.04432 6.92289 6.98626 7.00056 6.78002 5.45213 4.80767 4.0991 1.689 -9999 -9999 -9999 -9999 -9999 -9999
-9999 -9999 8.77269 9.17884 9.62367 9.69465 10.0241 9.98712 9.89041 10.3519 10.5164 10.2929 10.1335 10.4372 10.4206 10.3851 10.3236 9.50356 8.55338 7.1125 6.2174 5.66617 5.27638 4.75335 5.10987 4.99878 4.85029 5.01729 4.59257 3.75059 2.92383 1.37294 0.538013 -9999 0.967118 1.74195 3.17632 4.39626 5.1726 4.90039 5.80841 5.9805 6.50269 6.20048 5.51786 5.23006 5.20735 5.12065 5.73238 6.13968 6.42794 6.62557 6.86907 6.93533 7.00198 7.03294 7.05224 7.07173 7.07397 7.07454 7.05298 6.97356 6.36611 5.72457 4.32829 1.77386 -9999 -9999 -9999 -9999 -9999 -9999
-9999 7.59699 8.73017 9.41171 9.67438 9.8635 10.0302 10.1508 10.2758 10.3933 10.4769 10.44 9.84481 9.89773 10.0097 10.3541 10.3343 10.264 9.74617 7.99254 7.38454 6.49908 5.35029 4.8655 5.10381 6.04346 5.99926 5.37352 4.67658 3.7085 3.09254 2.14413 0.320592 0.487736 1.31271 1.92823 2.90484 4.39516 5.44156 5.91138 6.0919 6.46014 6.65445 6.24205 5.84719 5.6831 5.37577 5.33532 5.34101 5.71179 5.99789 6.63562 6.85493 6.95653 7.0118 7.04402 7.06895 7.09359 7.10567 7.09884 7.10499 7.10561 7.06763 6.20982 4.05751 2.43821 -9999 -9999 -9999 -9999 -9999 -9999
-9999 -9999 8.52336 8.82165 8.89795 9.03331 9.31309 9.63636 10.0936 10.1528 10.4072 10.4064 9.89139 9.29994 9.82359 10.0346 10.2531 10.2639 10.2005 8.72568 7.95525 7.34809 6.24645 6.63896 7.01447 7.04081 6.81052 5.4709 4.13684 2.59391 1.15883 1.09024 0.316644 0.726177 1.27252 2.6696 3.6547 4.05759 4.34862 5.86378 6.26007 6.40152 6.79266 6.26998 6.14089 5.74867 5.86998 5.8387 5.84422 4.75026 5.85045 5.9193 6.64025 6.96435 7.04146 7.06664 7.0932 7.102 7.11161 7.11385 7.12674 7.12255 7.1189 6.56422 3.82986 2.46258 -9999 -9999 -9999 -9999 -9999 -9999
-9999 -9999 -9999 -9999 8.6175 8.84421 8.98887 9.24135 10.0174 10.2271 10.3674 10.381 10.1538 9.56632 9.416 9.52925 8.9589 9.44511 10.1066 10.093 10.0149 8.71808 8.05086 8.69205 8.49455 7.51654 6.746 5.98535 4.4235 3.27453 1.62959 0.394905 0.349055 1.71307 2.84586 4.25959 4.88663 4.53848 4.92767 5.6832 6.54056 6.95774 6.8656 6.31456 6.24119 5.63434 6.23819 6.29292 6.0169 5.7786 5.87426 6.23247 6.37143 6.93621 7.07613 7.10332 7.11293 7.12064 7.12374 7.12614 7.12641 7.12713 7.12621 7.10813 4.2975 2.11439 -9999 -9999 -9999 -9999 -9999 -9999
-9999 -9999 -9999 -9999 8.07968 8.21663 8.58127 9.52196 10.0117 10.2107 10.2046 10.2985 10.1391 9.62388 9.09559 8.59856 7.95581 8.33104 9.3152 9.89606 9.96368 8.82711 9.41565 9.1925 8.75344 7.47503 6.53181 6.03014 4.5303 3.24106 2.14603 0.635484 1.28178 1.9947 2.91121 4.45223 5.49486 5.927 5.5752 6.06065 7.04663 7.05775 6.52699 6.56667 6.24467 5.41401 6.28664 6.53448 6.3404 6.39433 6.32029 6.45559 6.69951 6.93319 7.09007 7.11496 7.12168 7.12201 7.12723 7.134 7.1296 7.13728 7.13658 7.12976 5.31849 2.07708 -9999 -9999 -9999 -9999 -9999 -9999
-9999 -9999 -9999 -9999 -9999 7.58793 8.4231 9.67247 9.97903 9.9503 10.2093 10.2333 9.98703 9.77466 9.13265 8.25443 6.56252 6.99968 7.90603 9.21026 9.89613 9.80485 9.42114 8.75885 7.15765 5.75552 5.58244 5.35003 4.25448 3.25977 2.04235 2.74605 3.51802 4.36376 4.81013 4.69902 5.59305 6.32354 6.02207 6.61637 7.30852 7.00331 6.82483 6.67547 6.30273 6.28415 6.32733 6.82417 6.48576 6.69834 6.703 6.69431 6.8145 6.95257 7.09777 7.12501 7.12985 7.1373 7.12646 7.13835 7.13683 7.13588 7.13601 7.13144 6.97487 5.23336 4.19535 -9999 -9999 -9999 -9999 -9999
-9999 -9999 -9999 -9999 -9999 6.81875 7.23416 8.7143 9.16793 9.82244 10.1707 10.1884 9.77075 9.54038 8.58112 8.27389 6.70959 6.00296 6.61034 6.38271 8.17652 9.76308 9.4149 6.21349 5.05243 4.22314 4.43253 4.43136 4.12413 2.43617 1.97141 3.47524 4.42288 5.15837 5.71793 5.83792 5.82397 6.96362 7.11977 7.49435 7.42056 7.46072 6.89417 6.54528 6.85926 6.50684 6.44977 6.96296 6.46398 6.9208 6.86651 6.73325 6.72924 7.03165 7.09578 7.13165 7.1382 7.13145 7.12221 7.11941 7.13587 7.13862 7.12973 7.13861 7.13061 6.93192 6.03437 5.72634 6.086 -9999 -9999 -9999
-9999 -9999 -9999 -9999 -9999 -9999 5.85604 7.91409 8.85119 9.34541 10.0423 10.1279 9.90626 9.50488 8.52793 7.66992 6.27201 4.67472 3.82796 6.37234 8.58637 9.74213 9.58748 6.92272 5.86978 5.81885 6.43543 5.91009 5.51092 4.22645 3.84344 3.3124 3.63961 4.66332 5.50254 6.31258 6.90373 6.95764 7.34479 7.5675 7.59171 7.66624 7.60474 7.55519 7.00778 7.39375 7.07411 7.24946 7.14203 7.04501 6.9584 6.64546 6.87172 7.07262 7.12704 7.14721 7.13928 7.14137 7.13879 7.12694 7.12399 7.13007 7.13601 7.13401 7.14223 7.14209 7.04923 6.51261 5.79115 4.87725 -9999 -9999
-9999 -9999 -9999 -9999 -9999 -9999 4.83135 6.87968 7.86362 9.13502 9.78815 10.0559 10.0238 9.69909 8.9577 7.84008 6.91018 5.12623 3.27341 5.94316 8.31861 9.60245 9.67127 7.42854 8.04803 7.54472 7.74496 6.82427 6.44033 6.13137 5.47091 4.74948 3.95972 3.54544 5.42429 6.39148 7.17165 7.54307 7.75631 7.86654 7.81572 7.67861 6.85119 7.4918 7.46262 7.40388 7.33539 7.30389 7.24129 7.16664 7.1201 7.10679 6.90001 7.14159 7.14019 7.14659 7.15164 7.15023 7.14411 7.14037 7.13498 7.14066 7.13929 7.13923 7.14192 7.14868 7.15052 7.12903 6.99248 5.76214 5.02925 4.82917
-9999 -9999 -9999 -9999 -9999 -9999 1.9555 4.93658 7.32737 8.5794 9.59939 9.88129 9.98862 9.55161 9.22631 8.42632 7.66931 6.49878 4.74277 3.663 5.66114 8.56643 9.63272 9.54523 9.4776 8.89643 8.37218 8.30431 8.34165 7.72618 6.83711 5.67887 5.31998 4.91555 6.31558 6.50873 6.41124 7.95333 7.96307 7.88245 7.30148 6.64661 6.77782 6.37224 6.68892 6.20771 6.65833 7.04795 7.19533 7.18625 7.13416 7.13236 7.11175 7.15722 7.15921 7.1558 7.15466 7.15669 7.15659 7.14521 7.14231 7.15663 7.14925 7.14852 7.14577 7.1542 7.15923 7.14529 7.13318 6.95058 6.67185 6.13343
-9999 -9999 -9999 -9999 -9999 -9999 2.08578 4.59031 6.71776 7.99433 9.22251 9.50917 9.92588 9.83988 9.49872 8.80366 7.93446 6.97169 5.46562 4.34706 5.6862 7.61328 8.99519 9.48597 9.47494 9.44099 9.30872 9.25172 9.09743 8.98127 8.34517 7.25334 6.63593 5.73283 7.2928 7.47097 7.23168 8.01417 7.98101 6.81183 5.91457 5.80849 6.36167 5.84297 5.75541 5.42883 5.80189 6.79441 6.51195 6.57158 7.01863 7.09504 7.14685 7.1621 7.16182 7.16305 7.15949 7.16547 7.17222 7.16107 7.16005 7.1637 7.15473 7.15555 7.15208 7.15321 7.15036 7.14641 7.13583 7.08923 7.04168 7.11088
-9999 -9999 -9999 -9999 -9999 -9999 2.14393 3.82502 5.73989 7.61953 8.93122 9.46179 9.84924 9.84833 9.45092 9.10733 8.56386 7.71711 7.13756 6.12796 4.74044 7.07551 7.78938 8.42373 8.6922 9.35694 9.33959 9.03329 8.66497 8.99291 8.89829 8.03284 7.74908 7.27002 8.13875 8.14407 8.12415 8.08256 7.09496 5.72052 4.62336 5.42355 5.26369 5.62868 4.50399 5.44208 6.19396 6.44006 5.92991 5.55563 6.72033 6.91857 7.03607 7.11245 7.16391 7.15582 7.17195 7.17002 7.17227 7.17487 7.17184 7.17326 7.17095 7.16861 7.16178 7.16393 7.15881 7.15571 7.16231 7.13643 7.13196 7.12863
-9999 -9999 -9999 -9999 -9999 -9999 -9999 2.83648 5.26298 7.43098 8.63891 9.39961 9.77171 9.76797 9.56628 9.33393 8.99821 8.38819 7.62077 6.40556 5.50403 6.08128 6.78019 6.85471 7.32125 8.67291 9.13414 8.4788 6.8521 7.80875 8.87385 8.85682 8.76675 8.66659 8.53491 8.42089 8.16827 7.48562 5.38529 4.98049 4.16064 4.26066 3.84294 4.76827 4.42642 5.38181 5.79796 5.95709 5.08113 5.26589 6.30406 6.71554 6.65029 6.90401 7.143 7.15477 7.16609 7.16497 7.17585 7.18409 7.18698 7.18754 7.18759 7.18994 7.17321 7.18445 7.11425 7.07124 6.97567 7.11051 7.12955 7.14566
-9999 -9999 -9999 -9999 -9999 -9999 -9999 2.3567 4.77996 7.33336 8.15448 8.97456 9.68307 9.69977 9.38963 9.09513 8.79186 8.44614 7.51426 6.61053 5.74757 5.45965 5.63651 5.61387 6.3688 8.13026 8.47124 8.32554 6.62942 6.05759 7.48108 8.67783 8.77321 8.66656 7.26157 7.56455 6.8092 5.78404 5.50578 5.06062 4.11395 4.57823 3.88628 4.19079 4.10845 4.6528 4.92013 5.56581 4.803 4.80565 5.8255 6.34012 6.35605 6.8962 7.09122 7.14544 7.16268 7.17698 7.1852 7.20017 7.20232 7.20197 7.19939 7.1818 7.1288 6.943 5.93352 5.9425 6.22945 6.50112 6.99034 7.13456
-9999 -9999 -9999 -9999 -9999 -9999 -9999 2.64054 4.32283 6.58899 8.26836 8.37608 9.19424 9.61817 9.28058 8.9003 8.51129 8.34336 7.32867 6.21357 5.31301 4.24611 4.42478 5.19488 6.44094 7.57932 7.78324 7.5484 6.63712 7.06586 8.03733 8.55391 8.7075 8.58999 8.28613 8.11228 7.55702 7.31911 6.54745 5.33849 4.86566 5.174 3.89036 3.98558 4.46705 3.95736 4.79636 5.19973 4.21388 5.00232 5.90264 6.3646 6.76896 6.96238 7.04198 7.1623 7.17017 7.18527 7.19645 7.20114 7.20791 7.19629 7.18814 7.08752 6.93556 5.9936 5.60065 5.68566 6.13175 6.52302 6.93602 7.10694
-9999 -9999 -9999 -9999 -9999 -9999 -9999 2.93064 4.44582 6.41128 7.60947 7.82594 8.73309 9.54029 9.45371 9.05784 8.93978 8.52952 7.6694 6.71884 5.67933 5.17532 4.0125 5.16204 6.05929 7.02384 7.47549 6.72578 6.35331 7.01651 7.676 7.94055 8.60716 8.60332 8.38966 7.45933 7.00789 7.20464 7.0137 6.67607 5.8454 5.8133 5.28148 5.064 4.8586 4.17216 4.61164 4.65918 4.78353 5.72705 6.19764 6.51091 6.79625 6.87417 7.00081 7.16417 7.1831 7.19415 7.1992 7.20832 7.20313 7.16473 7.1336 6.92315 6.54517 5.83366 4.67113 5.49914 6.36447 6.63008 6.88786 7.02366
-9999 -9999 -9999 -9999 -9999 -9999 -9999 2.67638 4.28621 5.96661 6.67072 6.79256 8.43224 9.43756 9.44257 9.25669 9.03908 8.02031 8.08378 7.88265 6.94521 5.57804 4.07595 4.21943 5.11068 6.37896 6.80131 5.5657 5.13264 5.4544 6.45128 7.34405 8.2764 8.51538 8.2457 6.79573 5.25499 5.97562 6.7456 6.74606 6.52629 5.75603 5.5147 5.29656 4.73553 3.78024 3.91794 4.18831 5.26225 5.60512 6.13248 6.57115 6.41154 6.51169 6.93187 7.17512 7.18915 7.19875 7.21225 7.21271 7.20466 7.12112 7.03242 6.87918 5.88191 5.26427 4.36265 5.42057 6.01239 6.33529 6.89876 7.03773
-9999 -9999 -9999 -9999 -9999 -9999 -9999 2.18229 3.35144 4.95799 5.60719 6.64123 8.19106 8.95506 9.32308 9.31849 9.1746 8.7203 8.44847 7.9094 6.93404 5.59902 4.11447 3.14873 3.64315 5.34379 5.75155 4.6109 4.03593 4.75703 5.81969 7.39219 8.29198 8.41617 8.3384 8.04231 6.91849 5.56012 5.56911 6.25699 5.68979 5.02983 5.39991 5.33673 4.78267 4.38069 4.12776 4.28888 4.90049 5.15723 5.76601 6.66245 6.79471 6.77399 7.15427 7.17798 7.19186 7.21136 7.21645 7.21873 7.21337 7.1461 6.98801 6.32603 5.74959 4.94517 4.85113 5.79259 6.21321 6.60446 6.88394 6.97904
-9999 -9999 -9999 -9999 -9999 -9999 -9999 1.32901 2.70441 4.20983 5.61973 6.95393 8.10277 8.1947 8.80233 8.80505 9.12508 9.03782 8.61682 8.16328 7.32331 5.60752 4.16502 2.59143 3.00929 4.74933 4.96727 4.20926 2.80684 4.26014 5.86273 7.31561 8.10365 7.49165 8.12584 8.07779 7.65918 6.85217 5.59525 5.62343 4.68268 4.64593 5.13566 5.29751 5.22088 4.92011 4.43466 4.51784 4.89001 4.9889 5.54891 6.24555 6.92679 7.04529 7.17926 7.18987 7.19717 7.21304 7.21984 7.21131 7.18238 7.11145 6.5571 5.89679 5.4923 4.93339 4.87077 5.96149 6.39761 6.64658 6.88875 6.98793
-9999 -9999 -9999 -9999 -9999 -9999 -9999 -9999 2.56762 4.12303 5.27493 5.58765 6.60938 7.16275 7.59178 7.68962 8.90718 8.9775 8.71178 8.29539 7.5794 6.2781 5.37213 3.8629 2.7787 3.21906 3.41774 3.81971 3.70472 4.35461 5.89503 7.49995 7.67808 6.66417 6.81857 7.03531 7.5164 7.27839 5.5641 4.69518 3.97462 4.49353 5.03917 5.17429 5.20457 5.10411 4.98574 4.77404 5.503 6.04364 6.17264 6.64478 6.99471 7.095 7.17189 7.18595 7.20023 7.20571 7.19101 7.18187 7.10077 6.91225 6.29116 4.78974 4.86568 4.70826 4.24508 5.31239 5.98423 6.58855 6.91241 7.00036
-9999 -9999 -9999 -9999 -9999 -9999 -9999 -9999 2.05472 3.85412 4.23707 4.21256 3.62168 3.89914 6.10717 6.55467 7.72253 8.82842 8.75072 8.34223 7.67248 6.89856 5.69869 4.00101 2.65252 2.07913 3.52734 4.95185 5.24963 5.70861 6.654 6.83654 5.80035 4.82901 5.38041 5.71416 6.97468 7.20799 6.96771 5.93628 4.75637 4.14227 4.87552 4.9768 5.02437 5.03685 5.01864 4.98822 5.80394 6.26058 6.57891 6.75456 7.05591 7.13692 7.16647 7.19463 7.19462 7.18468 7.14321 7.09529 6.86626 6.58789 5.56669 4.71617 4.18779 3.51572 5.04758 5.50738 6.14287 6.54939 6.87145 6.94654
