Test_Spring_2018/02_18/Temp/20180216_007.txt
ncols	170
nrows	115
xllcorner	350000.000000
yllcorner	4445000.000000
cellsize	1000.000000
nodata_value	-9999.000000
[rows 31 to 61 of 115, columns 70 to 139 of 170]
4.05336 4.76212 5.0252 4.53887 4.59162 5.75924 6.03217 6.01783 5.91421 5.80463 5.24831 5.06341 4.62519 3.85179 3.52814 2.15045 -2.30603 -1.04505 -0.5529 -1.8469 -1.1283 0.0421014 -0.984624 -4.02373 -5.33649 -7.448 -6.78136 -7.42303 -9.12445 -9999 -9999 -9999 -9999 -9999 -9999 -9999 -9999 -9999 -9999 -9999 -9999 -9999 -9999 -9999 -9999 -9999 -9999 -9999 -9999 -9999 -9999 -9999 -9999 -9999 -9999 -9999 -9999 -9999 -9999 -9999 -9999 -9999 -9999 -9999 -9999 -9999 -9999 -9999 -9999 -9999
4.18399 4.51017 4.48385 4.01558 4.74868 5.42408 5.01485 4.73901 5.85186 5.85374 5.47889 4.5958 4.27255 3.93702 3.73144 2.5968 -0.58755 -3.45877 -1.92217 -1.88774 -2.95396 -1.05021 -2.06172 -4.69453 -8.40988 -6.39917 -6.9303 -9.55943 -10.2026 -9999 -9999 -9999 -9999 -9999 -9999 -9999 -9999 -9999 -9999 -9999 -9999 -9999 -9999 -9999 -9999 -9999 -9999 -9999 -9999 -9999 -9999 -9999 -9999 -9999 -9999 -9999 -9999 -9999 -9999 -9999 -9999 -9999 -9999 -9999 -9999 -9999 -9999 -9999 -9999 -9999
3.29039 4.09837 3.85488 3.65578 4.74349 4.72465 4.6504 5.04398 5.73875 5.87729 5.73218 5.34789 5.01517 4.66086 3.75993 2.46187 -0.263474 -3.53156 -4.27403 -2.67705 -2.60303 -2.34937 -3.27154 -4.42946 -6.23889 -4.76711 -4.19947 -5.92598 -8.18458 -9.64369 -9999 -9999 -9999 -9999 -9999 -9999 -9999 -9999 -9999 -9999 -9999 -9999 -9999 -9999 -9999 -9999 -9999 -9999 -9999 -9999 -9999 -9999 -9999 -9999 -9999 -9999 -9999 -9999 -9999 -9999 -9999 -9999 -9999 -9999 -9999 -9999 -9999 -9999 -9999 -9999
2.09088 3.47492 3.10415 2.05648 2.71349 3.20787 4.10263 4.35596 4.49421 5.78911 5.72251 5.66429 5.11365 4.67325 3.94243 2.69318 0.913979 -1.22872 -4.95951 -2.66207 -0.864185 -0.913691 -1.01636 -1.82902 -3.56763 -2.12321 -2.06131 -4.25726 -6.77533 -8.25929 -8.87572 -9999 -9999 -9999 -9999 -9999 -9999 -9999 -9999 -9999 -9999 -9999 -9999 -9999 -9999 -9999 -9999 -9999 -9999 -9999 -9999 -9999 -9999 -9999 -9999 -9999 -9999 -9999 -9999 -9999 -9999 -9999 -9999 -9999 -9999 -9999 -9999 -9999 -9999 -9999
-9999 2.60729 2.25035 0.969806 1.63081 2.51176 3.74537 4.38574 4.88358 5.27241 5.66879 5.62407 5.06065 3.39306 3.15556 3.08368 1.91994 -0.522719 -2.96283 -3.59674 -0.852753 -0.0701292 -0.234605 0.373862 -1.09997 -0.412069 -0.702996 -1.48028 -3.89445 -6.10579 -7.02268 -8.82938 -9999 -9999 -9999 -9999 -9999 -9999 -9999 -9999 -9999 -9999 -9999 -9999 -9999 -9999 -9999 -9999 -9999 -9999 -9999 -9999 -9999 -9999 -9999 -9999 -9999 -9999 -9999 -9999 -9999 -9999 -9999 -9999 -9999 -9999 -9999 -9999 -9999 -9999
-9999 -9999 -9999 -9999 0.168225 1.35849 2.35764 3.56107 4.61523 5.14115 5.65199 5.61323 4.48572 3.9348 3.88758 3.12572 1.78242 0.938605 -0.598317 -2.20031 -1.59234 0.746266 -0.300325 1.35395 1.20756 1.50605 0.389766 -1.7069 -4.51232 -6.15773 -6.97886 -8.44404 -9999 -9999 -9999 -9999 -9999 -9999 -9999 -9999 -9999 -9999 -9999 -9999 -9999 -9999 -9999 -9999 -9999 -9999 -9999 -9999 -9999 -9999 -9999 -9999 -9999 -9999 -9999 -9999 -9999 -9999 -9999 -9999 -9999 -9999 -9999 -9999 -9999 -9999
-9999 -9999 -9999 -9999 -9999 1.14194 1.90565 3.52735 4.36408 4.70663 5.5295 5.53393 5.1084 4.78729 4.31993 3.70843 2.69902 1.58453 0.138923 0.0028464 1.49796 1.51226 1.19417 1.43437 2.19772 1.98768 0.273185 -2.69457 -4.26762 -7.45064 -8.8195 -8.685 -9.65567 -9999 -9999 -9999 -9999 -9999 -9999 -9999 -9999 -9999 -9999 -9999 -9999 -5.91738 -9999 -9999 -9999 -9999 -9999 -9999 -9999 -9999 -9999 -9999 -9999 -9999 -9999 -9999 -9999 -9999 -9999 -9999 -9999 -9999 -11.5061 -9999 -9999 -9999
-9999 -9999 -9999 -9999 1.00229 2.0135 2.80412 3.82248 3.91547 4.52996 5.4762 5.49306 5.19244 4.85193 4.08282 3.89291 3.31859 2.10876 1.85981 2.34739 2.56957 2.82089 2.97296 2.83874 2.51979 2.10904 1.00492 -0.377252 -1.30736 -4.21465 -5.69283 -7.10548 -9.23985 -10.9098 -9999 -9999 -9999 -9999 -9999 -9999 -9999 -7.06475 -7.13671 -7.09053 -6.61401 -5.31418 -6.06051 -9999 -9999 -9999 -9999 -9999 -9999 -9999 -9999 -9999 -9999 -9999 -9999 -9999 -9999 -9999 -9999 -9999 -9999 -9999 -10.339 -12.0075 -9999 -9999
-9999 -9999 -9999 -9999 1.27486 2.34192 2.87727 3.86697 4.43543 4.80704 5.13785 5.45399 5.40495 5.02842 4.45347 4.45874 3.66385 3.2345 2.92668 3.58694 3.71411 3.44313 3.10345 2.80144 1.95927 1.85423 1.58432 0.703446 -0.737142 -2.22116 -4.35381 -7.25109 -10.0918 -12.3832 -9999 -9999 -9999 -9999 -9999 -9999 -6.83541 -5.75799 -5.10853 -6.46365 -5.28775 -4.21098 -4.36875 -5.37278 -9999 -9999 -9999 -9999 -9999 -9999 -9999 -9999 -9999 -9999 -9999 -9999 -9999 -9999 -2.4134 -4.12664 -7.59296 -9.36597 -10.4261 -11.9424 -9999 -9999
-9999 -9999 -9999 -9999 1.06473 2.32466 3.18014 3.94039 4.06679 4.85497 5.18655 5.35881 5.34318 5.27157 5.16814 4.47587 4.17822 3.12855 4.13115 4.09029 3.83199 2.8205 2.37773 0.642718 -0.126036 -0.295606 1.14784 0.064939 -2.18592 -4.99718 -8.37465 -8.5942 -9.71491 -11.7644 -9999 -9999 -9999 -9999 -9999 -9999 -6.51044 -5.35798 -4.39326 -4.24394 -5.58855 -3.68293 -3.72781 -4.77119 -4.99547 -4.11108 -3.65507 -3.9679 -2.90511 -2.58824 -3.04415 -2.52055 -9999 -9999 -9999 -9999 -2.18147 -2.10713 -2.04975 -2.76071 -6.5485 -9.13278 -11.4518 -11.6408 -9999 -9999
-9999 -9999 -9999 -9999 1.93423 2.71221 3.10875 3.17824 3.86199 4.55311 4.96552 5.27717 5.22063 5.19999 5.1771 4.94208 4.39163 4.49097 4.44495 4.12012 2.20077 -0.040165 0.92724 -0.411536 -3.25987 -0.954114 0.303738 -0.92318 -3.64991 -6.80981 -7.85242 -7.81148 -9.36863 -11.3697 -9999 -9999 -9999 -9.66077 -8.01889 -7.87255 -7.38343 -5.84822 -4.67684 -3.78872 -3.17956 -3.1873 -3.78418 -4.80292 -5.91138 -5.49245 -3.44961 -2.93913 -2.49742 -2.16878 -2.5907 -2.35131 -1.80108 -1.51402 -1.45135 -1.57386 -1.59873 -1.55046 -1.61096 -2.27471 -5.66294 -7.59854 -8.82993 -11.2876 -9999 -9999
-9999 -9999 -9999 -9999 1.45427 2.13177 2.68201 3.59001 3.69236 4.27106 4.62402 5.12584 5.18812 4.60261 5.09458 5.03456 4.94508 4.75178 4.46682 2.84718 0.614326 -1.62561 -2.66449 -2.23149 -3.95057 -3.07699 -1.80286 -2.28805 -3.96874 -6.78569 -7.19162 -7.85592 -10.4638 -12.9797 -9999 -9999 -12.8504 -9.70389 -7.48645 -6.33973 -5.97978 -5.93782 -4.46347 -4.33677 -2.74686 -3.10396 -5.15696 -4.90432 -5.69183 -5.14704 -4.38 -4.15904 -3.07417 -2.02421 -1.81771 -1.8027 -1.44926 -1.37147 -1.3478 -1.35249 -1.58272 -1.47248 -1.4526 -1.86527 -4.31901 -5.51181 -6.81138 -11.2545 -9999 -9999
-9999 -9999 -9999 -9999 1.80138 2.55844 3.38738 3.52724 4.14359 4.08469 3.92531 4.78143 5.09126 4.67999 4.38464 4.94102 4.90479 4.83181 4.70952 3.18716 1.42408 -1.2442 -2.90632 -3.92519 -4.65464 -5.62342 -4.97522 -5.18898 -5.47155 -5.17237 -5.96098 -7.51344 -9.04866 -11.9065 -13.4579 -9999 -12.6892 -11.2702 -8.63343 -6.38993 -4.96192 -5.46465 -3.78866 -3.467 -2.49481 -3.04236 -4.27551 -4.79274 -4.82129 -4.96777 -3.82688 -3.04736 -2.49731 -2.12575 -1.66373 -1.5404 -1.41867 -1.36484 -1.33425 -1.30464 -1.30763 -1.31402 -1.36107 -1.51426 -2.64021 -3.8193 -6.39694 -11.1061 -9999 -9999
-9999 -9999 -9999 -0.387758 1.71596 2.98204 3.47645 3.83551 4.1531 4.38518 4.63443 4.85912 5.01746 4.95299 3.85456 3.94864 4.14939 4.77643 4.73037 4.58963 3.62305 0.377297 -0.749007 -2.39934 -4.52962 -5.42187 -4.99199 -3.26867 -3.35919 -4.52186 -5.81586 -7.60183 -8.74561 -10.5057 -13.8701 -13.5744 -12.065 -10.9404 -9.14827 -6.40665 -4.48091 -3.61541 -3.28042 -2.59503 -2.2285 -2.97616 -3.67888 -3.96695 -4.51856 -4.57798 -4.55274 -3.85518 -3.30777 -2.10777 -1.69792 -1.50223 -1.40142 -1.34549 -1.305 -1.26654 -1.2522 -1.27308 -1.26986 -1.27622 -1.34613 -2.93224 -6.9048 -9.89012 -9999 -9999
-9999 -9999 -9999 -9999 1.32792 1.88849 2.0404 2.30152 2.82879 3.43573 4.29811 4.41422 4.88827 4.89078 3.94173 2.84776 3.80734 4.18823 4.58093 4.58925 4.4598 1.7287 0.294964 -0.83761 -2.88155 -2.15727 -1.47474 -1.43564 -1.86947 -4.34857 -6.81743 -9.66405 -12.3211 -12.4587 -13.895 -13.1458 -12.1508 -9.58581 -7.77853 -7.04229 -6.50948 -3.71659 -2.9829 -2.71393 -1.98375 -2.93597 -3.14784 -3.8551 -3.61486 -3.6558 -3.62925 -5.63079 -3.58118 -3.44296 -2.10509 -1.49325 -1.34767 -1.30492 -1.26183 -1.25318 -1.24411 -1.24907 -1.23422 -1.24562 -1.25877 -2.28649 -7.33182 -9.85251 -9999 -9999
-9999 -9999 -9999 -9999 -9999 -9999 1.51881 1.94922 2.22823 2.70551 4.15613 4.55046 4.81445 4.84249 4.42367 3.3387 3.05548 3.25582 2.19373 3.07669 4.2854 4.24667 4.08888 1.68422 0.45115 1.62277 1.24852 -0.56441 -1.99452 -3.40622 -6.29518 -8.41593 -11.46 -13.7479 -13.844 -11.3405 -9.25988 -6.66466 -5.51796 -6.16681 -5.45324 -4.05944 -2.47544 -1.69974 -1.8601 -2.86392 -2.97246 -4.07436 -2.94322 -2.82433 -3.31559 -3.73814 -3.53971 -2.86683 -2.6011 -1.55352 -1.29287 -1.23899 -1.22747 -1.22129 -1.22484 -1.23016 -1.23672 -1.24329 -1.2517 -1.29039 -6.47657 -10.5016 -9999 -9999
-9999 -9999 -9999 -9999 -9999 -9999 0.522663 0.788033 1.47313 3.2198 4.14264 4.51756 4.51203 4.68832 4.39466 3.44203 2.46239 1.53736 0.341689 1.02135 2.82264 3.87965 3.99012 1.88047 2.96214 2.53983 1.71998 -0.646982 -2.39556 -3.32981 -6.10445 -8.48411 -10.5143 -13.3109 -12.1308 -10.8279 -9.14921 -6.31773 -4.40503 -3.61512 -4.26756 -3.37282 -1.55168 -1.52459 -2.49346 -2.40778 -2.97445 -4.48838 -2.86095 -2.38521 -2.72453 -2.60736 -2.72111 -2.45842 -1.99844 -1.56076 -1.26844 -1.22335 -1.21432 -1.22206 -1.22208 -1.21875 -1.2361 -1.23031 -1.23872 -1.257 -4.60077 -10.5772 -9999 -9999
-9999 -9999 -9999 -9999 -9999 -9999 -9999 -0.375676 1.17699 3.49281 4.07798 4.03297 4.51624 4.56357 4.10987 3.71557 2.52607 0.898247 -2.23196 -1.43822 0.219443 2.61001 3.86022 3.67766 2.96646 1.73431 -1.22843 -3.82358 -4.15221 -4.58999 -6.61914 -8.45575 -10.7115 -9.42533 -8.01342 -6.46547 -5.6536 -5.86897 -4.22999 -2.8902 -3.44999 -2.35473 -1.07555 -1.63187 -1.95136 -2.21431 -2.87455 -2.89108 -2.79281 -1.85773 -2.46282 -2.05275 -2.02105 -2.02339 -1.79111 -1.52934 -1.25826 -1.20865 -1.20418 -1.19834 -1.22786 -1.21579 -1.22813 -1.23857 -1.24578 -1.2602 -1.5533 -4.76436 -6.67951 -9999
-9999 -9999 -9999 -9999 -9999 -9999 -9999 -1.79888 -1.02063 1.72024 2.57633 3.79072 4.43835 4.47386 3.704 3.27563 1.50214 0.927141 -1.96797 -3.28254 -2.17607 -2.60991 0.683135 3.59417 2.94868 -2.96516 -5.11639 -6.65536 -6.27876 -6.29011 -6.86564 -9.98021 -10.848 -8.08622 -6.35012 -5.00518 -3.98436 -3.7732 -3.80833 -1.71477 -1.42965 -0.739755 -0.87317 -0.793153 -1.82864 -2.45997 -1.85438 -2.48691 -2.57388 -1.60896 -2.51037 -1.65013 -1.72717 -1.95917 -1.95579 -1.39087 -1.26909 -1.20338 -1.19518 -1.21553 -1.24283 -1.25632 -1.23558 -1.23934 -1.26338 -1.25322 -1.27262 -1.63917 -3.29551 -3.86377
-9999 -9999 -9999 -9999 -9999 -9999 -9999 -9999 -3.56791 0.237661 1.98467 2.90288 4.19265 4.35301 3.94509 3.20177 1.39462 -0.195756 -2.78387 -5.74144 -7.31425 -2.63682 1.43123 3.54815 3.26007 -1.66422 -3.61603 -3.71981 -2.59237 -3.57006 -4.31493 -6.68507 -7.40173 -8.39149 -7.79892 -5.92209 -4.38431 -2.90101 -1.82017 -1.72834 -1.02008 -0.606471 -0.559672 -0.416929 -0.521992 -0.60227 -1.58551 -0.857557 -1.42958 -1.08841 -1.26867 -1.4303 -1.5674 -2.13106 -1.70335 -1.3257 -1.22177 -1.18331 -1.20249 -1.20618 -1.22086 -1.25422 -1.26368 -1.26127 -1.25804 -1.26806 -1.25776 -1.25832 -1.43123 -2.42121
-9999 -9999 -9999 -9999 -9999 -9999 -9999 -9999 -5.46424 -1.67778 0.154958 2.50521 3.71944 4.2105 4.15028 3.54829 2.17549 0.106647 -1.61819 -4.91951 -8.34912 -3.43888 0.928926 3.28235 3.39587 -0.738747 0.393186 -0.544567 -0.184642 -1.89115 -2.60776 -3.17859 -4.40642 -5.74676 -7.21302 -7.98516 -4.53131 -2.75775 -1.32799 -0.650485 -0.262777 -0.0628011 -0.155401 -0.395481 -1.91376 -0.722666 -0.751187 -0.844542 -0.954834 -0.996384 -1.09519 -1.21672 -1.28077 -1.29274 -1.66401 -1.2079 -1.20761 -1.19675 -1.1916 -1.20125 -1.22186 -1.23967 -1.26128 -1.25285 -1.25858 -1.26507 -1.26512 -1.25302 -1.25162 -1.29216
-9999 -9999 -9999 -9999 -9999 -9999 -9999 -9999 -10.7742 -5.26937 -0.835488 1.47722 3.35558 3.87605 4.07257 3.26324 2.65766 1.17468 -0.230996 -2.40076 -5.65126 -7.65574 -3.98303 1.35989 3.31615 3.1564 3.0216 1.94045 0.964689 0.83078 0.891105 -0.244103 -1.89278 -4.03806 -4.70643 -5.46216 -2.8905 -2.54353 -2.73153 0.104794 0.117427 -0.0345774 -1.10688 -2.30993 -2.06337 -2.79007 -2.18177 -3.0557 -2.21052 -1.4772 -1.19042 -1.19253 -1.26794 -1.25447 -1.28372 -1.19329 -1.18729 -1.19435 -1.20021 -1.20288 -1.21166 -1.24272 -1.25891 -1.2434 -1.25357 -1.26239 -1.26517 -1.25 -1.24304 -1.27007
-9999 -9999 -9999 -9999 -9999 -9999 -9999 -9999 -10.534 -5.89672 -1.96947 0.381984 2.64813 3.17664 3.94308 3.78066 3.14582 1.85652 0.2444 -1.54172 -4.33074 -6.40602 -3.95018 -0.407518 2.12741 3.03534 3.00887 2.93685 2.68397 2.57015 2.27738 2.0639 0.881767 -1.13638 -2.28426 -3.95878 -1.09157 -0.771598 -1.22055 0.215581 0.149274 -2.00988 -3.66567 -3.86046 -2.83307 -3.78328 -3.92079 -4.49775 -3.79736 -1.95421 -2.45759 -2.33419 -1.48995 -1.33883 -1.2335 -1.20056 -1.19894 -1.19732 -1.20724 -1.20197 -1.19725 -1.22695 -1.23872 -1.24194 -1.26793 -1.25751 -1.26989 -1.26829 -1.26731 -1.27632
-9999 -9999 -9999 -9999 -9999 -9999 -9999 -9999 -10.4384 -7.31657 -3.78256 -0.320863 2.09823 3.07564 3.78756 3.78172 3.04309 2.402 1.39086 -0.180822 -1.26085 -3.13451 -5.70538 -1.41262 -0.105878 1.06816 1.55282 2.76907 2.72819 2.15505 1.48278 2.07837 1.90021 0.295459 -0.236651 -1.12868 0.464626 0.466485 0.422495 0.33955 -1.48639 -4.02405 -6.0487 -4.57307 -4.86553 -4.18255 -6.23293 -4.49237 -3.09413 -2.6276 -3.54296 -4.22136 -2.0553 -1.67752 -1.45448 -1.30943 -1.21271 -1.22821 -1.20143 -1.21009 -1.21283 -1.21618 -1.23059 -1.23696 -1.2498 -1.26183 -1.26062 -1.25681 -1.2695 -1.28206
-9999 -9999 -9999 -9999 -9999 -9999 -9999 -9999 -9999 -9.15065 -4.68055 -0.682036 1.54512 2.94634 3.62961 3.61836 3.24058 2.80477 2.17698 1.04224 -0.383655 -2.63588 -4.31017 -3.25801 -1.97829 -1.83442 -0.983907 1.49903 2.34069 1.12406 -1.87189 -0.110141 1.84515 1.80538 1.63109 1.4384 1.19049 0.972808 0.500225 -0.764389 -4.64181 -5.39396 -6.90747 -6.72314 -7.49149 -5.77514 -6.38129 -4.61084 -3.83347 -3.52921 -5.13313 -4.77365 -2.84366 -2.07682 -2.19068 -1.71841 -1.26952 -1.24841 -1.23017 -1.23674 -1.22273 -1.2147 -1.21719 -1.22969 -1.23758 -1.24052 -1.25451 -1.23309 -1.3658 -1.44739
-9999 -9999 -9999 -9999 -9999 -9999 -9999 -9999 -9999 -10.0503 -5.58154 -0.873665 0.639241 2.1491 3.45201 3.47805 2.90016 2.34982 1.78213 1.13513 -0.593473 -2.2708 -3.87335 -4.4158 -4.10125 -4.13196 -2.74951 0.489162 1.10918 0.832254 -2.28394 -3.3468 -0.730466 1.46802 1.63603 1.43178 -1.16604 -0.614305 -2.01334 -3.90912 -4.42679 -5.251 -6.99851 -6.14296 -7.4176 -6.85326 -6.9743 -5.96327 -5.46196 -4.26239 -5.6595 -5.63766 -3.74192 -2.78623 -2.75148 -1.75187 -1.39048 -1.29063 -1.26086 -1.23825 -1.22833 -1.20704 -1.21006 -1.21791 -1.22969 -1.26856 -1.37187 -1.69383 -3.55267 -3.53869
-9999 -9999 -9999 -9999 -9999 -9999 -9999 -9999 -9999 -9.53565 -6.43435 -2.25725 0.837095 1.03267 2.53711 3.3136 2.68488 1.97637 1.25079 0.931918 -0.948924 -3.01548 -4.68682 -6.66508 -6.34676 -4.93783 -2.62643 -0.536494 -0.169168 -0.610475 -2.27856 -1.49647 0.286578 1.23116 1.50675 1.28276 0.715507 0.3884 -0.641396 -1.08538 -2.51261 -4.74509 -5.61906 -5.05137 -7.41752 -7.23985 -6.34858 -7.25478 -5.70092 -4.94969 -6.75965 -5.28228 -3.61567 -2.75828 -2.00833 -1.64875 -1.50062 -1.27903 -1.26634 -1.24181 -1.2257 -1.22249 -1.21602 -1.24368 -1.2648 -1.45597 -1.74113 -3.48206 -4.17681 -4.02287
-9999 -9999 -9999 -9999 -9999 -9999 -9999 -9999 -9999 -9.00901 -6.21701 -2.5954 -0.389221 0.00608941 1.67399 3.15672 2.99057 2.25326 2.02734 1.2619 -0.33363 -2.0964 -4.02355 -4.96354 -7.11832 -5.00953 -3.34047 -1.57103 -0.746982 -2.11605 -2.81149 -1.59707 -0.389214 0.0907562 1.31235 1.29811 0.89738 -0.824307 -1.66246 -1.30479 -1.66115 -2.28702 -3.82087 -3.8811 -4.86146 -5.26096 -5.63694 -6.86905 -6.05304 -5.95921 -5.7135 -3.96073 -3.08766 -2.50549 -1.9759 -1.82996 -1.59551 -1.29471 -1.26152 -1.24406 -1.23867 -1.22653 -1.24125 -1.31742 -1.38006 -1.77303 -2.47437 -3.79 -5.90154 -4.37784
-9999 -9999 -9999 -9999 -9999 -9999 -9999 -9999 -9999 -9.48563 -6.52018 -3.42514 -2.13079 -1.91071 1.10725 2.95483 2.95728 2.60702 2.19757 0.310305 0.417918 0.0372303 -1.70142 -4.23264 -7.01274 -6.75876 -5.10377 -2.77084 -2.00094 -4.26536 -5.0726 -4.48782 -2.65796 -1.01973 0.691821 1.12531 0.621388 -2.05828 -4.90472 -3.58099 -2.16548 -2.16789 -2.57536 -3.99674 -4.44177 -4.8429 -5.87521 -7.61251 -7.34435 -6.84073 -4.83746 -4.20028 -3.22353 -2.41107 -2.70266 -2.51633 -1.74107 -1.29314 -1.26892 -1.25385 -1.23239 -1.23558 -1.25485 -1.41347 -1.58154 -1.86834 -3.71098 -4.85316 -6.50986 -4.53411
-9999 -9999 -9999 -9999 -9999 -9999 -9999 -9999 -9999 -10.404 -8.25202 -5.29402 -4.1017 -2.20036 0.65138 2.05358 2.72507 2.70891 2.43532 1.58887 1.0784 0.0747778 -1.7336 -4.20536 -6.95299 -8.74413 -7.84304 -4.69069 -3.93756 -6.03688 -7.10597 -5.78508 -3.83414 -0.942813 0.708561 0.930326 0.780192 0.228066 -1.84959 -4.35899 -4.34646 -3.0813 -4.12929 -5.34731 -4.66511 -4.78075 -5.80057 -6.53917 -6.97044 -6.65661 -5.51836 -5.0408 -3.9147 -2.25895 -2.01304 -2.05011 -1.34877 -1.30583 -1.28187 -1.24835 -1.24203 -1.24135 -1.25506 -1.38301 -1.67838 -2.90259 -3.96879 -5.45495 -5.63092 -3.85984
-9999 -9999 -9999 -9999 -9999 -9999 -9999 -9999 -9999 -11.9842 -9.45279 -6.68201 -4.08779 -1.63364 0.478249 0.640876 1.75384 1.75097 2.33267 2.16296 1.37748 0.531635 -1.02702 -4.20078 -6.87084 -9.78277 -9.02293 -5.80123 -5.38214 -6.78918 -9.3842 -6.7136 -3.76746 -1.097 0.348046 -0.78781 0.374618 0.279762 -0.497626 -1.99034 -4.31176 -4.2628 -5.99938 -6.06818 -5.16529 -4.86604 -5.00568 -5.55792 -6.42784 -6.24749 -5.5517 -5.36572 -4.3301 -3.04331 -1.78572 -1.56655 -1.3197 -1.30112 -1.28936 -1.26241 -1.25266 -1.27152 -1.3282 -1.46236 -2.48775 -3.70835 -4.45699 -5.49005 -5.60778 -3.58925
