Test_Spring_2018/02_18/Temp/20180210_011.txt
ncols	170
nrows	115
xllcorner	350000.000000
yllcorner	4445000.000000
cellsize	1000.000000
nodata_value	-9999.000000
[rows 32 to 63 of 115, columns 72 to 143 of 170]
8.98781 8.63598 9.16266 9.647 9.33418 9.12372 9.92154 9.91428 9.63171 8.97767 8.73342 8.4805 8.32295 7.48621 5.15062 3.04438 4.16241 4.18206 3.39697 4.78446 4.03997 2.1099 -0.611704 0.855023 0.462782 -1.47951 -1.96733 -9999 -9999 -9999 -9999 -9999 -9999 -9999 -9999 -9999 -9999 -9999 -9999 -9999 -9999 -9999 -9999 -9999 -9999 -9999 -9999 -9999 -9999 -9999 -9999 -9999 -9999 -9999 -9999 -9999 -9999 -9999 -9999 -9999 -9999 -9999 -9999 -9999 -9999 -9999 -9999 -9999 -9999 -9999 -9999 -9999
8.52067 8.36581 9.15195 9.1286 9.06597 9.34004 9.83211 9.92486 9.81036 9.52116 9.26998 9.00332 8.33718 7.38091 5.38104 2.98455 2.43566 3.5982 3.64715 3.82779 3.1487 2.29744 0.969879 2.04246 2.45389 1.17436 -0.498021 -1.57553 -9999 -9999 -9999 -9999 -9999 -9999 -9999 -9999 -9999 -9999 -9999 -9999 -9999 -9999 -9999 -9999 -9999 -9999 -9999 -9999 -9999 -9999 -9999 -9999 -9999 -9999 -9999 -9999 -9999 -9999 -9999 -9999 -9999 -9999 -9999 -9999 -9999 -9999 -9999 -9999 -9999 -9999 -9999 -9999
7.96458 7.18911 7.66027 8.01232 8.65894 8.82257 8.91493 9.85342 9.79628 9.74552 9.33488 9.00519 8.46342 7.54282 6.23496 4.6616 1.92705 3.60198 4.91188 4.87088 4.7913 4.19268 2.91703 3.9697 4.01132 2.37619 0.520626 -0.569362 -1.02496 -9999 -9999 -9999 -9999 -9999 -9999 -9999 -9999 -9999 -9999 -9999 -9999 -9999 -9999 -9999 -9999 -9999 -9999 -9999 -9999 -9999 -9999 -9999 -9999 -9999 -9999 -9999 -9999 -9999 -9999 -9999 -9999 -9999 -9999 -9999 -9999 -9999 -9999 -9999 -9999 -9999 -9999 -9999
7.33325 6.38745 6.86152 7.49626 8.38943 8.84333 9.19263 9.46827 9.74963 9.7086 9.28847 8.06106 7.88001 7.82049 6.96276 5.17002 3.37955 2.91054 4.91256 5.48035 5.35574 5.79674 4.71495 5.21447 4.9982 4.41217 2.62523 0.999765 0.324529 -1.00173 -9999 -9999 -9999 -9999 -9999 -9999 -9999 -9999 -9999 -9999 -9999 -9999 -9999 -9999 -9999 -9999 -9999 -9999 -9999 -9999 -9999 -9999 -9999 -9999 -9999 -9999 -9999 -9999 -9999 -9999 -9999 -9999 -9999 -9999 -9999 -9999 -9999 -9999 -9999 -9999 -9999 -9999
-9999 -9999 5.78496 6.64634 7.36051 8.23324 8.9891 9.36479 9.72964 9.69273 8.85982 8.44898 8.40695 7.84266 6.85355 6.23024 5.10044 3.92349 4.36336 6.06944 5.29987 6.50605 6.39545 6.6104 5.7907 4.23489 2.16761 0.956237 0.351267 -0.724984 -9999 -9999 -9999 -9999 -9999 -9999 -9999 -9999 -9999 -9999 -9999 -9999 -9999 -9999 -9999 -9999 -9999 -9999 -9999 -9999 -9999 -9999 -9999 -9999 -9999 -9999 -9999 -9999 -9999 -9999 -9999 -9999 -9999 -9999 -9999 -9999 -9999 -9999 -9999 -9999 -9999 -9999
-9999 -9999 -9999 6.48118 7.02318 8.19945 8.79801 9.03928 9.63203 9.62642 9.30665 9.06365 8.71412 8.25967 7.5147 6.69342 5.63049 5.52589 6.61486 6.62117 6.38475 6.55699 7.11212 6.95548 5.68555 3.50623 2.35212 0.0054898 -0.999768 -0.905649 -1.62016 -9999 -9999 -9999 -9999 -9999 -9999 -9999 -9999 -9999 -9999 -9999 -9999 0.995557 -9999 -9999 -9999 -9999 -9999 -9999 -9999 -9999 -9999 -9999 -9999 -9999 -9999 -9999 -9999 -9999 -9999 -9999 -9999 -9999 -3.42417 -9999 -9999 -9999 -9999 -9999 -9999 -9999
-9999 -9999 6.3818 7.10547 7.67366 8.40827 8.4684 8.90218 9.58476 9.58786 9.35909 9.10158 8.5311 8.38483 7.958 7.06699 6.87942 7.23116 7.38935 7.56935 7.67719 7.57597 7.33991 7.03689 6.20915 5.19504 4.51153 2.37097 1.2829 0.245851 -1.31935 -2.54521 -9999 -9999 -9999 -9999 -9999 -9999 -9999 0.206766 0.142243 0.163057 0.497618 1.43342 0.871825 -9999 -9999 -9999 -9999 -9999 -9999 -9999 -9999 -9999 -9999 -9999 -9999 -9999 -9999 -9999 -9999 -9999 -9999 -9999 -2.57655 -3.81033 -9999 -9999 -9999 -9999 -9999 -9999
-9999 -9999 6.5692 7.33946 7.72055 8.43377 8.8388 9.09682 9.32879 9.55031 9.50512 9.2209 8.79212 8.7884 8.20014 7.87998 7.64946 8.12772 8.21673 8.01509 7.7637 7.54023 6.92198 6.84305 6.62656 5.97952 4.92307 3.83476 2.25853 0.136156 -1.94507 -3.62496 -9999 -9999 -9999 -9999 -9999 -9999 0.385305 1.16231 1.62506 0.620413 1.46584 2.2377 2.10569 1.33222 -9999 -9999 -9999 -9999 -9999 -9999 -9999 -9999 -9999 -9999 -9999 -9999 -9999 -9999 3.26189 1.99786 -0.548946 -1.8579 -2.64623 -3.76887 -9999 -9999 -9999 -9999 -9999 -9999
-9999 -9999 6.40985 7.32078 7.93555 8.48044 8.5616 9.12082 9.35574 9.47149 9.45025 9.38863 9.3044 8.79024 8.56554 7.79167 8.51974 8.48543 8.29284 7.55001 7.2237 5.95265 5.38865 5.24759 6.30103 5.5067 3.8581 1.79953 -0.675648 -0.84888 -1.67144 -3.17367 -9999 -9999 -9999 -9999 -9999 -9999 0.624123 1.45576 2.14864 2.24373 1.24481 2.62197 2.55178 1.76881 1.58458 2.21121 2.52476 2.2722 3.01996 3.23465 2.88541 3.25392 -9999 -9999 -9999 -9999 3.44522 3.48969 3.52156 2.99098 0.209284 -1.69299 -3.40219 -3.57029 -9999 -9999 -9999 -9999 -9999 -9999
-9999 -9999 7.04037 7.59835 7.87695 7.91603 8.40425 8.89203 9.18531 9.39912 9.34779 9.3233 9.29786 9.11807 8.70844 8.775 8.73615 8.49425 7.08689 5.445 6.15032 5.17279 3.08406 4.75923 5.67744 4.77832 2.78221 0.469206 -0.297484 -0.278644 -1.41967 -2.88546 -9999 -9999 -9999 -1.65268 -0.458706 -0.359996 -0.0120802 1.0994 1.94321 2.57726 3.00646 2.98145 2.50888 1.74253 0.910169 1.19494 2.6678 3.02053 3.30997 3.53261 3.20782 3.36649 3.75615 3.9546 3.98997 3.89066 3.8632 3.8893 3.83558 3.34007 0.851523 -0.576204 -1.48999 -3.32454 -9999 -9999 -9999 -9999 -9999 -9999
-9999 -9999 6.67941 7.16357 7.55429 8.20558 8.26824 8.67937 8.92051 9.27938 9.31447 8.8764 9.22719 9.17516 9.10256 8.95508 8.74158 7.55288 5.91656 4.27583 3.51421 3.82564 2.5674 3.19638 4.12677 3.77449 2.54467 0.482927 0.184522 -0.304595 -2.22164 -4.06356 -9999 -9999 -3.9783 -1.6821 -0.066813 0.76372 1.01706 1.03603 2.10089 2.17834 3.3244 3.04374 1.50671 1.6695 1.06637 1.44168 1.97482 2.11528 2.88454 3.62674 3.76171 3.75835 4.00418 4.04987 4.05722 4.04471 3.86772 3.93981 3.94547 3.63407 1.82881 0.944668 -0.0310716 -3.3031 -9999 -9999 -9999 -9999 -9999 -9999
-9999 -9999 6.92357 7.46537 8.05948 8.14945 8.5879 8.53519 8.4013 9.016 9.23425 8.92321 8.69781 9.09639 9.06262 9.00313 8.90874 7.79142 6.49902 4.5454 3.32841 2.57884 2.0449 1.32859 1.80156 1.64424 1.43671 1.65475 1.08102 -0.0569029 -1.18076 -3.27897 -4.41521 -9999 -3.85858 -2.82534 -0.903016 0.729856 1.7643 1.38455 2.59634 2.81562 3.50845 3.0881 2.15007 1.74138 1.69698 1.56642 2.37792 2.9199 3.29709 3.54967 3.86495 3.94071 4.01719 4.04573 4.05867 4.07191 4.06185 4.04934 4.00668 3.88554 3.05175 2.16763 0.268356 -3.19841 -9999 -9999 -9999 -9999 -9999 -9999
-9999 5.32874 6.85608 7.76969 8.11862 8.36841 8.58783 8.74482 8.91015 9.06453 9.16913 9.11352 8.30044 8.36067 8.50013 8.95265 8.91411 8.80754 8.098 5.72238 4.89469 3.68823 2.13012 1.46969 1.78345 3.04343 2.97691 2.12631 1.17972 -0.128008 -0.96128 -2.24942 -4.71646 -4.50171 -3.40038 -2.58201 -1.27711 0.720231 2.11865 2.73933 2.96977 3.45443 3.70349 3.12801 2.57781 2.34239 1.91399 1.84573 1.83991 2.32672 2.70131 3.55296 3.83512 3.9593 4.02064 4.05109 4.07182 4.0922 4.09553 4.07313 4.06784 4.05458 3.98578 2.81307 -0.111237 -2.31711 -9999 -9999 -9999 -9999 -9999 -9999
-9999 -9999 6.56722 6.96437 7.06235 7.24006 7.61243 8.04318 8.6568 8.72998 9.06563 9.05781 8.35528 7.5464 8.24079 8.51327 8.79573 8.79833 8.70133 6.70107 5.65165 4.82318 3.32861 3.85133 4.35027 4.37882 4.06167 2.24875 0.443404 -1.63935 -3.58203 -3.68241 -4.73114 -4.18792 -3.46226 -1.58989 -0.273619 0.257082 0.636616 2.66677 3.1887 3.36197 3.87523 3.15616 2.96428 2.42096 2.57045 2.51448 2.50846 1.02004 2.49256 2.57262 3.53237 3.95981 4.05127 4.07245 4.09559 4.09478 4.09491 4.08478 4.08856 4.06677 4.04288 3.27791 -0.427243 -2.29351 -9999 -9999 -9999 -9999 -9999 -9999
-9999 -9999 -9999 -9999 6.67498 6.97619 7.16668 7.50231 8.54609 8.82258 9.00443 9.01453 8.69875 7.8975 7.68283 7.82326 7.04171 7.68452 8.56525 8.53551 8.41955 6.6609 5.75353 6.61019 6.33648 5.01076 3.96529 2.93348 0.821337 -0.729915 -2.95519 -4.62774 -4.69776 -2.86735 -1.34821 0.546641 1.37999 0.89772 1.40943 2.41338 3.55525 4.10331 3.96445 3.20678 3.0899 2.25692 3.05701 3.11698 2.73131 2.39696 2.51488 2.98545 3.16065 3.91035 4.0872 4.1131 4.11358 4.11145 4.10286 4.09297 4.07686 4.06225 4.04453 4.00283 0.194384 -2.77235 -9999 -9999 -9999 -9999 -9999 -9999
-9999 -9999 -9999 -9999 5.94054 6.12087 6.60822 7.87218 8.52994 8.79218 8.77686 8.89538 8.67113 7.96598 7.24234 6.55966 5.68028 6.17384 7.48895 8.26072 8.34108 6.79831 7.5843 7.27527 6.67581 4.94506 3.66688 2.98456 0.956333 -0.783894 -2.26723 -4.31146 -3.44776 -2.49514 -1.26904 0.79848 2.19224 2.76182 2.27374 2.91413 4.22913 4.22924 3.49852 3.53717 3.08483 1.94982 3.11227 3.43263 3.15753 3.21742 3.10662 3.27686 3.59392 3.89743 4.09746 4.11942 4.11688 4.10489 4.09922 4.09397 4.07319 4.0677 4.04998 4.02311 1.56205 -2.83213 -9999 -9999 -9999 -9999 -9999 -9999
-9999 -9999 -9999 -9999 -9999 5.26387 6.3858 8.0661 8.47696 8.43216 8.77447 8.79875 8.45753 8.16081 7.28359 6.08692 3.79263 4.3696 5.57962 7.32674 8.24067 8.10738 7.58207 6.6807 4.51392 2.61631 2.37678 2.05766 0.574815 -0.76808 -2.41623 -1.47414 -0.440717 0.691227 1.28346 1.12268 2.3162 3.28823 2.86781 3.65477 4.57326 4.14649 3.89056 3.67403 3.15312 3.11311 3.15692 3.81307 3.34342 3.6174 3.61289 3.5892 3.73968 3.91453 4.09906 4.12438 4.11918 4.11697 4.08935 4.0914 4.07432 4.05698 4.04012 4.01602 3.7862 1.41461 -0.00530572 -9999 -9999 -9999 -9999 -9999
-9999 -9999 -9999 -9999 -9999 4.2172 4.77292 6.76434 7.37352 8.2501 8.71284 8.72869 8.15639 7.83509 6.53043 6.10385 3.98128 3.01653 3.82328 3.50443 5.91236 8.04159 7.56406 3.2383 1.66493 0.539718 0.81589 0.808581 0.388844 -1.88889 -2.52192 -0.500655 0.769807 1.75319 2.49818 2.64889 2.61804 4.14148 4.33877 4.8293 4.71467 4.75346 3.974 3.48821 3.89328 3.40298 3.31157 3.9898 3.30368 3.90717 3.82333 3.63185 3.61506 4.01174 4.08711 4.12421 4.12094 4.09977 4.07405 4.05653 4.06356 4.05103 4.02182 4.01571 3.9861 3.69507 2.46457 2.02899 2.49389 -9999 -9999 -9999
-9999 -9999 -9999 -9999 -9999 -9999 2.90453 5.67507 6.9361 7.59642 8.52916 8.63662 8.32853 7.7771 6.44843 5.2792 3.38114 1.21375 0.0618215 3.4812 6.45569 8.0038 7.78713 4.18488 2.7571 2.68135 3.50644 2.79207 2.24819 0.514574 -0.00824648 -0.731174 -0.297404 1.0751 2.19599 3.27785 4.06307 4.12233 4.62974 4.91755 4.93501 5.02006 4.92162 4.83943 4.08277 4.58826 4.14276 4.36545 4.20745 4.06414 3.93683 3.50321 3.79711 4.057 4.11938 4.13364 4.11185 4.10254 4.08571 4.05507 4.03708 4.02893 4.01962 3.9988 3.99107 3.96783 3.82267 3.07902 2.0862 0.834087 -9999 -9999
-9999 -9999 -9999 -9999 -9999 -9999 1.51239 4.26946 5.59344 7.30162 8.17672 8.52793 8.47556 8.02767 7.01679 5.49764 4.23094 1.81201 -0.69993 2.88963 6.08499 7.80569 7.88863 4.85695 5.68431 4.9982 5.26152 4.01368 3.49004 3.07188 2.17471 1.19489 0.122817 -0.446857 2.07773 3.37154 4.41171 4.89925 5.17224 5.30533 5.22398 5.02545 3.8941 4.74267 4.68487 4.5907 4.48398 4.42777 4.33032 4.21725 4.14406 4.11459 3.82456 4.13745 4.1229 4.12109 4.11668 4.10252 4.08082 4.06105 4.03783 4.03097 4.01254 3.9944 3.97934 3.96555 3.9484 3.89977 3.69614 2.01771 1.01051 0.719458
-9999 -9999 -9999 -9999 -9999 -9999 -2.37652 1.63796 4.86072 6.54237 7.90824 8.28022 8.41591 7.81658 7.36698 6.27638 5.24307 3.65166 1.27051 -0.198541 2.48675 6.39326 7.82638 7.70112 7.60153 6.81008 6.09599 5.99786 6.04195 5.21024 4.00506 2.43595 1.9405 1.38685 3.26561 3.51551 3.37212 5.43854 5.43729 5.31324 4.51376 3.61896 3.77995 3.22098 3.62967 2.96589 3.55932 4.07113 4.25691 4.23231 4.15166 4.13428 4.09591 4.14342 4.1359 4.12062 4.10766 4.098 4.08431 4.05423 4.03441 4.03675 4.01245 3.99318 3.97265 3.96134 3.94891 3.91092 3.87558 3.6106 3.21638 2.46935
-9999 -9999 -9999 -9999 -9999 -9999 -2.21026 1.16439 4.02681 5.73873 7.38733 7.76555 8.31838 8.19242 7.72156 6.77267 5.58833 4.27739 2.23358 0.712468 2.50611 5.09704 6.9499 7.60433 7.58688 7.53304 7.34714 7.26301 7.04844 6.89017 6.02529 4.54069 3.70033 2.47391 4.56816 4.7978 4.46323 5.50541 5.44655 3.85479 2.62913 2.47013 3.20581 2.4907 2.35393 1.90332 2.39229 3.71726 3.31844 3.38686 3.97965 4.07166 4.12642 4.13663 4.12575 4.11646 4.09999 4.09548 4.09096 4.0612 4.04403 4.03222 4.0026 3.9897 3.96652 3.9452 3.92535 3.90136 3.86862 3.78759 3.69902 3.7718
-9999 -9999 -9999 -9999 -9999 -9999 -2.14642 0.120621 2.69591 5.22052 6.9814 7.68831 8.20155 8.19033 7.6437 7.16898 6.42417 5.26997 4.47596 3.10206 1.21877 4.35619 5.31235 6.16049 6.51208 7.40023 7.36922 6.94912 6.45713 6.89207 6.75149 5.57666 5.18583 4.53093 5.69275 5.68919 5.65048 5.58149 4.23576 2.36755 0.872733 1.93635 1.70521 2.18836 0.653192 1.89773 2.89742 3.21583 2.52094 2.00412 3.56455 3.81549 3.96318 4.05549 4.11403 4.09185 4.10169 4.08635 4.07568 4.06452 4.04484 4.0303 4.01004 3.98923 3.96649 3.947 3.92152 3.89149 3.8821 3.834 3.81092 3.78601
-9999 -9999 -9999 -9999 -9999 -9999 -9999 -1.22766 2.03465 4.95065 6.57152 7.58875 8.08132 8.06639 7.78384 7.45933 6.9949 6.16019 5.11304 3.46204 2.23427 3.00119 3.93764 4.03118 4.65101 6.46514 7.07907 6.18771 3.99215 5.26899 6.69781 6.66709 6.53742 6.39348 6.21005 6.04541 5.69292 4.75956 1.9135 1.34912 0.228372 0.347833 -0.230968 1.00843 0.529145 1.80287 2.35001 2.55122 1.35723 1.5954 2.97822 3.52209 3.42334 3.75481 4.07056 4.07483 4.07794 4.06353 4.06448 4.06102 4.04953 4.02916 4.01205 3.99757 3.96174 3.95472 3.84174 3.76565 3.61908 3.78371 3.79273 3.78867
-9999 -9999 -9999 -9999 -9999 -9999 -9999 -1.88976 1.37022 4.80546 5.90427 7.00125 7.94728 7.95981 7.53102 7.12282 6.70236 6.22433 4.95567 3.72499 2.54947 2.14979 2.37738 2.34526 3.35377 5.7202 6.17152 5.96692 3.67115 2.8918 4.80331 6.40885 6.52873 6.37559 4.47082 4.86854 3.83812 2.44294 2.05422 1.43976 0.148498 0.759742 -0.188348 0.20752 0.0858916 0.805586 1.15223 2.00967 0.968245 0.960487 2.31803 3.00063 3.01092 3.7282 3.97987 4.04127 4.05223 4.0585 4.05576 4.06133 4.04882 4.03226 4.01213 3.97138 3.88264 3.61935 2.23646 2.23114 2.601 2.95067 3.58888 3.76245
-9999 -9999 -9999 -9999 -9999 -9999 -9999 -1.51962 0.740552 3.78794 6.04373 6.17969 7.27335 7.83492 7.36909 6.84527 6.30934 6.0713 4.69122 3.17572 1.94971 0.499639 0.729714 1.75784 3.43775 4.96361 5.22968 4.90437 3.66617 4.23558 5.53688 6.22456 6.42241 6.25419 5.83406 5.58857 4.82798 4.49463 3.44081 1.7967 1.14492 1.54638 -0.199139 -0.0850443 0.550186 -0.146935 0.970828 1.50157 0.159313 1.20465 2.40672 3.01794 3.55167 3.80093 3.89654 4.04674 4.04483 4.05206 4.05336 4.04524 4.03928 4.00796 3.98087 3.82877 3.60723 2.32024 1.77426 1.87207 2.4571 2.96854 3.49807 3.71348
-9999 -9999 -9999 -9999 -9999 -9999 -9999 -1.1412 0.893102 3.5345 5.14095 5.42322 6.63661 7.7149 7.5875 7.04269 6.87227 6.30761 5.13617 3.84278 2.42956 1.73873 0.159734 1.69951 2.9093 4.20044 4.80021 3.77948 3.26775 4.15278 5.03278 5.38002 6.26921 6.25386 5.95507 4.68923 4.06862 4.32159 4.05118 3.5825 2.44858 2.39141 1.66026 1.35309 1.0624 0.127592 0.706742 0.75768 0.906762 2.16649 2.78877 3.19915 3.57197 3.6651 3.82378 4.03173 4.04453 4.04623 4.03932 4.03737 4.01561 3.94862 3.89108 3.59144 3.0657 2.09012 0.507131 1.60749 2.7584 3.09466 3.42078 3.58904
-9999 -9999 -9999 -9999 -9999 -9999 -9999 -1.49701 0.664454 2.92096 3.8607 4.01499 6.21599 7.56126 7.55728 7.29564 6.99104 5.60588 5.68014 5.39761 4.12219 2.26742 0.230935 0.413905 1.61046 3.31632 3.87625 2.19957 1.60566 2.02972 3.36419 4.55812 5.8052 6.11691 5.74229 3.7755 1.68586 2.64542 3.67111 3.65871 3.34905 2.29685 1.95788 1.65022 0.880247 -0.423156 -0.244165 0.107326 1.53657 1.98617 2.68478 3.26395 3.03638 3.15914 3.71336 4.0288 4.03483 4.03452 4.03909 4.02566 4.00038 3.87295 3.73827 3.51635 2.15604 1.30761 0.0732219 1.48818 2.27069 2.67789 3.4228 3.59554
-9999 -9999 -9999 -9999 -9999 -9999 -9999 -2.17633 -0.609617 1.54686 2.41214 3.79626 5.8758 6.89541 7.38086 7.36367 7.1585 6.53466 6.15689 5.41875 4.09234 2.28103 0.268237 -1.0447 -0.388291 1.90555 2.44063 0.8963 0.110586 1.07273 2.49542 4.60554 5.80827 5.96482 5.84871 5.43786 3.91044 2.06638 2.06602 2.98095 2.20312 1.30005 1.78601 1.68769 0.927423 0.372358 0.0230571 0.22177 1.0327 1.36599 2.17418 3.37042 3.53615 3.49558 3.99573 4.01487 4.02057 4.0336 4.02692 4.01618 3.99484 3.88978 3.662 2.75453 1.96227 0.862502 0.720717 1.97626 2.52205 3.02768 3.38987 3.50361
-9999 -9999 -9999 -9999 -9999 -9999 -9999 -3.3401 -1.49566 0.524007 2.41476 4.20331 5.74179 5.85483 6.66325 6.65584 7.07632 6.94753 6.3687 5.74603 4.60233 2.27761 0.321586 -1.81111 -1.25804 1.08386 1.37179 0.338889 -1.56308 0.386081 2.53647 4.48483 5.53645 4.69982 5.54359 5.46709 4.89065 3.79023 2.08287 2.1084 0.827118 0.764859 1.41254 1.618 1.50187 1.08347 0.414858 0.514779 1.00238 1.12266 1.86489 2.79141 3.69721 3.8441 4.01183 4.01312 4.00983 4.01797 4.01373 3.98863 3.93583 3.82623 3.06454 2.1598 1.59995 0.831763 0.732806 2.18672 2.75729 3.07114 3.38325 3.50264
-9999 -9999 -9999 -9999 -9999 -9999 -9999 -9999 -1.69361 0.393079 1.93551 2.34616 3.7129 4.44799 5.01538 5.13617 6.76701 6.85078 6.48144 5.909 4.93261 3.16697 1.93455 -0.111337 -1.58399 -0.998422 -0.733397 -0.202226 -0.368314 0.49699 2.56314 4.71613 4.94485 3.56588 3.76236 4.0428 4.67963 4.34661 2.02261 0.838563 -0.145469 0.541942 1.26534 1.43506 1.46333 1.31525 1.13787 0.842969 1.81282 2.5287 2.68947 3.31299 3.77172 3.8938 3.98431 3.99009 3.99614 3.99029 3.95717 3.93148 3.80865 3.54087 2.68961 0.651052 0.739564 0.513276 -0.125445 1.29387 2.17885 2.97949 3.40195 3.50634
-9999 -9999 -9999 -9999 -9999 -9999 -9999 -9999 -2.39872 0.0166201 0.521666 0.477174 -0.331125 0.0316237 2.99795 3.59017 5.15396 6.63431 6.51862 5.95695 5.04305 3.98874 2.36005 0.0600564 -1.76905 -2.55363 -0.605353 1.30888 1.69915 2.30666 3.56997 3.80439 2.39513 1.07325 1.80487 2.24294 3.93085 4.23348 3.89745 2.49448 0.891262 0.0510272 1.02773 1.15209 1.20391 1.20828 1.16691 1.1108 2.2025 2.80496 3.22086 3.4443 3.83724 3.93307 3.95953 3.98417 3.97088 3.94427 3.87518 3.79742 3.47544 3.08686 1.69647 0.536154 -0.189854 -1.10978 0.942353 1.54293 2.37712 2.91332 3.33351 3.42066
