Test_Spring_2018/02_18/Temp/20180223_009.txt
ncols	170
nrows	115
xllcorner	350000.000000
yllcorner	4445000.000000
cellsize	1000.000000
nodata_value	-9999.000000
[rows 32 to 63 of 115, columns 72 to 143 of 170]
11.9772 11.6268 12.1624 12.6552 12.3399 12.1305 12.9385 12.9355 12.6549 11.9997 11.7579 11.5075 11.3533 10.5141 8.16333 6.04391 7.17655 7.2014 6.41461 7.81912 7.07329 5.13167 2.39167 3.87603 3.48541 1.52724 1.0373 -9999 -9999 -9999 -9999 -9999 -9999 -9999 -9999 -9999 -9999 -9999 -9999 -9999 -9999 -9999 -9999 -9999 -9999 -9999 -9999 -9999 -9999 -9999 -9999 -9999 -9999 -9999 -9999 -9999 -9999 -9999 -9999 -9999 -9999 -9999 -9999 -9999 -9999 -9999 -9999 -9999 -9999 -9999 -9999 -9999
11.5127 11.3611 12.1584 12.1392 12.0787 12.3556 12.8552 12.9532 12.8421 12.555 12.3062 12.0419 11.3748 10.4151 8.40294 5.99076 5.44212 6.61968 6.67408 6.8613 6.1814 5.32783 3.99385 5.08064 5.50058 4.21285 2.52597 1.44177 -9999 -9999 -9999 -9999 -9999 -9999 -9999 -9999 -9999 -9999 -9999 -9999 -9999 -9999 -9999 -9999 -9999 -9999 -9999 -9999 -9999 -9999 -9999 -9999 -9999 -9999 -9999 -9999 -9999 -9999 -9999 -9999 -9999 -9999 -9999 -9999 -9999 -9999 -9999 -9999 -9999 -9999 -9999 -9999
10.9587 10.1811 10.6607 11.0202 11.6735 11.8395 11.9371 12.8881 12.8349 12.7883 12.3787 12.0509 11.5092 10.5856 9.27133 7.68937 4.93625 6.6306 7.95677 7.92043 7.84516 7.24638 5.96472 7.03141 7.07832 5.42902 3.55783 2.46335 2.00875 -9999 -9999 -9999 -9999 -9999 -9999 -9999 -9999 -9999 -9999 -9999 -9999 -9999 -9999 -9999 -9999 -9999 -9999 -9999 -9999 -9999 -9999 -9999 -9999 -9999 -9999 -9999 -9999 -9999 -9999 -9999 -9999 -9999 -9999 -9999 -9999 -9999 -9999 -9999 -9999 -9999 -9999 -9999
10.3288 9.37935 9.86195 10.5066 11.41 11.8699 12.224 12.5065 12.7948 12.758 12.3389 11.1057 10.9278 10.8727 10.0125 8.20923 6.40832 5.94026 7.9645 8.54217 8.42145 8.87121 7.78505 8.29379 8.08056 7.49115 5.6897 4.05278 3.37661 2.04384 -9999 -9999 -9999 -9999 -9999 -9999 -9999 -9999 -9999 -9999 -9999 -9999 -9999 -9999 -9999 -9999 -9999 -9999 -9999 -9999 -9999 -9999 -9999 -9999 -9999 -9999 -9999 -9999 -9999 -9999 -9999 -9999 -9999 -9999 -9999 -9999 -9999 -9999 -9999 -9999 -9999 -9999
-9999 -9999 8.783 9.65443 10.3784 11.2614 12.0256 12.409 12.7815 12.7489 11.9134 11.5038 11.4662 10.902 9.90927 9.28556 8.15101 6.96893 7.41758 9.14331 8.37208 9.59357 9.48692 9.70862 8.88673 7.31712 5.23501 4.01571 3.41038 2.32975 -9999 -9999 -9999 -9999 -9999 -9999 -9999 -9999 -9999 -9999 -9999 -9999 -9999 -9999 -9999 -9999 -9999 -9999 -9999 -9999 -9999 -9999 -9999 -9999 -9999 -9999 -9999 -9999 -9999 -9999 -9999 -9999 -9999 -9999 -9999 -9999 -9999 -9999 -9999 -9999 -9999 -9999
-9999 -9999 -9999 9.4947 10.045 11.2356 11.8397 12.0875 12.6899 12.6888 12.3709 12.1306 11.7829 11.3294 10.583 9.75965 8.69257 8.59208 9.69541 9.70675 9.47324 9.65188 10.2167 10.0635 8.78437 6.58905 5.4297 3.06363 2.05454 2.15433 1.43857 -9999 -9999 -9999 -9999 -9999 -9999 -9999 -9999 -9999 -9999 -9999 -9999 4.13792 -9999 -9999 -9999 -9999 -9999 -9999 -9999 -9999 -9999 -9999 -9999 -9999 -9999 -9999 -9999 -9999 -9999 -9999 -9999 -9999 -0.239868 -9999 -9999 -9999 -9999 -9999 -9999 -9999
-9999 -9999 9.39876 10.1307 10.7079 11.453 11.5165 11.956 12.6489 12.6566 12.4306 12.1756 11.6051 11.4625 11.037 10.1433 9.95914 10.3189 10.4835 10.67 10.7837 10.6865 10.4533 10.1525 9.31749 8.29925 7.61448 5.4585 4.36368 3.32255 1.74877 0.517303 -9999 -9999 -9999 -9999 -9999 -9999 -9999 3.33198 3.27138 3.29671 3.63833 4.58623 4.0237 -9999 -9999 -9999 -9999 -9999 -9999 -9999 -9999 -9999 -9999 -9999 -9999 -9999 -9999 -9999 -9999 -9999 -9999 -9999 0.621056 -0.619017 -9999 -9999 -9999 -9999 -9999 -9999
-9999 -9999 9.59262 10.3736 10.762 11.4854 11.8981 12.1591 12.3974 12.6254 12.5845 12.3026 11.875 11.8762 11.2879 10.9701 10.7427 11.2301 11.3249 11.1265 10.8779 10.6574 10.0386 9.96375 9.74543 9.09735 8.03635 6.94325 5.35455 3.21873 1.12449 -0.5649 -9999 -9999 -9999 -9999 -9999 -9999 3.51453 4.30283 4.774 3.76498 4.62177 5.4042 5.2748 4.49397 -9999 -9999 -9999 -9999 -9999 -9999 -9999 -9999 -9999 -9999 -9999 -9999 -9999 -9999 6.49729 5.22716 2.66313 1.3475 0.556842 -0.571145 -9999 -9999 -9999 -9999 -9999 -9999
-9999 -9999 9.4389 10.3617 10.9857 11.5392 11.6251 12.191 12.4312 12.5525 12.5357 12.4784 12.3983 11.8847 11.6632 10.8878 11.6272 11.5977 11.4085 10.6643 10.3401 9.063 8.49892 8.35708 9.42403 8.62731 6.96898 4.8972 2.40336 2.23204 1.40729 -0.102878 -9999 -9999 -9999 -9999 -9999 -9999 3.76261 4.606 5.30926 5.40936 4.40584 5.79863 5.7275 4.941 4.7583 5.3934 5.71273 5.45895 6.21489 6.43505 6.08663 6.46234 -9999 -9999 -9999 -9999 6.67827 6.72805 6.76512 6.23484 3.43396 1.51995 -0.199496 -0.367147 -9999 -9999 -9999 -9999 -9999 -9999
-9999 -9999 10.0819 10.6485 10.9333 10.9766 11.4729 11.9668 12.2659 12.4874 12.4402 12.4202 12.3994 12.2231 11.815 11.8873 11.8534 11.6146 10.2003 8.54943 9.26587 8.28329 6.18003 7.87154 8.802 7.89949 5.89058 3.5621 2.79148 2.81399 1.66805 0.195715 -9999 -9999 -9999 1.45956 2.6689 2.77346 3.12923 4.25496 5.11051 5.75296 6.18974 6.16734 5.69119 4.92122 4.08457 4.37462 5.86299 6.22167 6.51321 6.74125 6.41739 6.58179 6.97905 7.18368 7.22406 7.12877 7.10608 7.13748 7.08837 6.5936 4.08788 2.65254 1.73536 -0.114476 -9999 -9999 -9999 -9999 -9999 -9999
-9999 -9999 9.72567 10.2178 10.6157 11.2764 11.3434 11.762 12.0075 12.373 12.4129 11.9758 12.3345 12.287 12.219 12.0754 11.8654 10.6718 9.02661 7.37695 6.61386 6.93195 5.66768 6.30418 7.24693 6.89385 5.65871 3.5836 3.28708 2.79682 0.867036 -0.985746 -9999 -9999 -0.884265 1.43692 3.07127 3.91402 4.17445 4.1983 5.27679 5.35911 6.51897 6.23893 4.68929 4.85637 4.24864 4.62974 5.17 5.31444 6.09139 6.84219 6.98198 6.98252 7.23469 7.28529 7.29747 7.28981 7.11642 7.19433 7.20523 6.89626 5.08045 4.19348 3.21208 -0.0853215 -9999 -9999 -9999 -9999 -9999 -9999
-9999 -9999 9.97969 10.53 11.133 11.2274 11.6733 11.6229 11.4902 12.1144 12.3383 12.0293 11.8069 12.2139 12.185 12.1303 12.0405 10.9189 9.62075 7.65557 6.43324 5.68134 5.14759 4.42793 4.90934 4.75497 4.54991 4.77407 4.19785 3.05325 1.9245 -0.187659 -1.32854 -9999 -0.756581 0.290852 2.23498 3.88705 4.93536 4.55708 5.78377 6.00911 6.71131 6.29077 5.34524 4.93523 4.89303 4.76385 5.58479 6.13179 6.51318 6.77105 7.09169 7.17198 7.25333 7.28665 7.30453 7.32296 7.31805 7.31076 7.27305 7.1561 6.32021 5.43179 3.52063 0.0268459 -9999 -9999 -9999 -9999 -9999 -9999
-9999 8.37546 9.91858 10.8438 11.1994 11.4549 11.6797 11.8417 12.0107 12.1696 12.2794 12.2275 11.4123 11.4782 11.6241 12.0858 12.0524 11.9504 11.2401 8.84938 8.01909 6.80756 5.2409 4.5772 4.89796 6.17301 6.11009 5.25633 4.30577 2.98986 2.15245 0.85815 -1.62561 -1.40372 -0.287532 0.543268 1.86475 3.8845 5.29998 5.93079 6.16768 6.66036 6.91526 6.33747 5.78318 5.54825 5.11852 5.05192 5.04827 5.54151 5.92014 6.77997 7.06788 7.19633 7.2624 7.29768 7.32349 7.34922 7.35794 7.3408 7.34092 7.33288 7.26746 6.08939 3.14283 0.920786 -9999 -9999 -9999 -9999 -9999 -9999
-9999 -9999 9.63415 10.0384 10.1407 10.3234 10.7025 11.1404 11.7616 11.8393 12.182 12.1779 11.4739 10.6632 11.3688 11.6491 11.9395 11.9476 11.8553 9.84292 8.78969 7.95912 6.45656 6.98626 7.49375 7.52671 7.21092 5.38647 3.56969 1.47208 -0.482839 -0.579437 -1.63324 -1.08044 -0.343095 1.55086 2.88388 3.42445 3.81235 5.86479 6.39552 6.57379 7.09503 6.37295 6.18 5.63434 5.78727 5.73285 5.72877 4.22957 5.71544 5.79876 6.76969 7.20296 7.29902 7.32498 7.3533 7.35774 7.36335 7.35871 7.36807 7.35072 7.3306 6.56358 2.83077 0.951249 -9999 -9999 -9999 -9999 -9999 -9999
-9999 -9999 -9999 -9999 9.75679 10.064 10.2595 10.6014 11.6564 11.9391 12.1265 12.141 11.8272 11.0237 10.8125 10.9596 10.1768 10.8308 11.7245 11.6999 11.5882 9.81949 8.90736 9.77576 9.50392 8.1709 7.12047 6.08379 3.9575 2.39595 0.155949 -1.52639 -1.59221 0.258978 1.79595 3.71263 4.55864 4.07759 4.59885 5.61593 6.77196 7.32866 7.19211 6.43102 6.31367 5.47571 6.28468 6.34702 5.95985 5.62447 5.74397 6.22103 6.40055 7.15995 7.34209 7.37194 7.37745 7.38065 7.37755 7.37325 7.36167 7.35203 7.33898 7.30144 3.46442 0.474947 -9999 -9999 -9999 -9999 -9999 -9999
-9999 -9999 -9999 -9999 9.02281 9.20803 9.70287 10.981 11.6467 11.9149 11.9035 12.0273 11.8057 11.0994 10.3747 9.69159 8.81021 9.31362 10.6456 11.4295 11.5158 9.96489 10.7608 10.4534 9.85303 8.11148 6.8263 6.14206 4.10035 2.34818 0.856461 -1.2008 -0.324884 0.640941 1.88281 3.97341 5.3847 5.96452 5.47732 6.12796 7.45863 7.46264 6.72912 6.77115 6.31543 5.17275 6.3471 6.67197 6.3962 6.45834 6.34708 6.52112 6.84365 7.15297 7.35845 7.38489 7.38704 7.38034 7.38023 7.38025 7.36463 7.36421 7.35116 7.32857 4.85051 0.421288 -9999 -9999 -9999 -9999 -9999 -9999
-9999 -9999 -9999 -9999 -9999 8.35045 9.48533 11.1834 11.6 11.5585 11.9077 11.9365 11.5969 11.3025 10.4229 9.22141 6.91296 7.50052 8.72654 10.4942 11.4213 11.292 10.7654 9.86062 7.67941 5.76955 5.53194 5.21402 3.72235 2.37091 0.71291 1.66764 2.7147 3.86137 4.46391 4.30713 5.51641 6.50218 6.08324 6.88173 7.81248 7.38596 7.13131 6.91596 6.39107 6.3528 6.39884 7.06235 6.59032 6.86834 6.86426 6.84267 6.99715 7.17668 7.36651 7.39634 7.39595 7.39906 7.37673 7.3843 7.37242 7.36004 7.34786 7.32805 7.1004 4.71116 3.28248 -9999 -9999 -9999 -9999 -9999
-9999 -9999 -9999 -9999 -9999 7.30166 7.86548 9.87735 10.494 11.3818 11.8525 11.8727 11.3 10.9809 9.6701 9.24531 7.11012 6.14254 6.96183 6.64576 9.07977 11.2325 10.754 6.39545 4.81278 3.68199 3.96453 3.9611 3.54169 1.24734 0.613173 2.65633 3.94244 4.93924 5.6958 5.85311 5.82748 7.3695 7.57339 8.0729 7.96166 8.00473 7.22208 6.73518 7.14426 6.65186 6.56156 7.24738 6.55705 7.16745 7.08337 6.89257 6.87835 7.28162 7.36136 7.40306 7.40445 7.38848 7.36816 7.35577 7.36818 7.36064 7.33599 7.3343 7.30859 7.0178 5.78016 5.34409 5.81612 -9999 -9999 -9999
-9999 -9999 -9999 -9999 -9999 -9999 5.98805 8.78582 10.0599 10.7297 11.6744 11.787 11.4807 10.9294 9.59447 8.42061 6.51183 4.33154 3.17484 6.62916 9.63462 11.2013 10.9858 7.35704 5.92126 5.849 6.68522 5.96867 5.42407 3.6785 3.15548 2.43081 2.87299 4.26215 5.39764 6.49419 7.29159 7.35678 7.87384 8.16826 8.19027 8.28003 8.1843 8.10456 7.34194 7.854 7.40667 7.63315 7.47558 7.33287 7.20501 6.77005 7.06925 7.3346 7.40125 7.41932 7.40234 7.39828 7.38685 7.36159 7.34807 7.3449 7.34028 7.32375 7.3201 7.29941 7.15649 6.40974 5.41156 4.1518 -9999 -9999
-9999 -9999 -9999 -9999 -9999 -9999 4.59109 7.37537 8.71299 10.4397 11.3259 11.6846 11.6364 11.1895 10.1751 8.64822 7.37618 4.94213 2.41431 6.03977 9.26766 11.0084 11.0971 8.04179 8.88061 8.19279 8.46247 7.20791 6.68376 6.26495 5.36437 4.38057 3.30384 2.73374 5.28521 6.59544 7.64992 8.14699 8.42756 8.56681 8.48843 8.29175 7.1543 8.01343 7.95573 7.86312 7.75764 7.70298 7.60666 7.49461 7.42143 7.39423 7.10457 7.42273 7.4113 7.41403 7.41451 7.40547 7.38903 7.37462 7.35669 7.35379 7.33961 7.32577 7.31474 7.30357 7.28982 7.24416 7.04205 5.3524 4.33977 4.04754
-9999 -9999 -9999 -9999 -9999 -9999 0.675997 4.72864 7.98083 9.68092 11.0629 11.4424 11.5839 10.9842 10.5358 9.44117 8.40447 6.80498 4.40902 2.93297 5.64597 9.59139 11.0413 10.9174 10.8214 10.0274 9.31127 9.21639 9.26491 8.42899 7.21768 5.63951 5.14376 4.59026 6.49026 6.74751 6.60815 8.6976 8.70148 8.58132 7.77966 6.88 7.04615 6.48509 6.89793 6.231 6.8319 7.35035 7.53991 7.51729 7.43672 7.42082 7.38522 7.43549 7.43202 7.42112 7.4129 7.40829 7.39979 7.37484 7.36022 7.36782 7.3464 7.33145 7.31444 7.30578 7.29686 7.26202 7.22977 6.96585 6.5716 5.81947
-9999 -9999 -9999 -9999 -9999 -9999 0.850578 4.25634 7.14733 8.87818 10.5452 10.9311 11.4933 11.3711 10.9012 9.94944 8.76033 7.44366 5.38786 3.85922 5.67379 8.29119 10.1651 10.8274 10.8137 10.7637 10.5804 10.4999 10.2875 10.1307 9.26273 7.76885 6.92595 5.69383 7.81109 8.04781 7.71551 8.7718 8.71749 7.11693 5.88539 5.72939 6.47343 5.75569 5.61828 5.166 5.66176 7.0006 6.59977 6.67116 7.26989 7.36559 7.42236 7.43642 7.42955 7.42463 7.41278 7.41324 7.41386 7.38908 7.37698 7.37018 7.34522 7.33438 7.31521 7.29639 7.27962 7.25901 7.2295 7.15125 7.06408 7.13876
-9999 -9999 -9999 -9999 -9999 -9999 0.923516 3.21118 5.81269 8.36331 10.1437 10.8611 11.3834 11.377 10.8306 10.357 9.61118 8.45251 7.65717 6.27694 4.38287 7.55258 8.52077 9.37829 9.73776 10.6379 10.6108 10.1912 9.69722 10.1402 10.0015 8.8211 8.43157 7.77583 8.95256 8.95396 8.91997 8.85542 7.50308 5.62362 4.12056 5.1977 4.96864 5.45731 3.9095 5.16696 6.17785 6.50148 5.80292 5.28428 6.85909 7.11307 7.26553 7.36243 7.42557 7.40761 7.4222 7.4116 7.40587 7.39971 7.38492 7.37522 7.3596 7.34321 7.32165 7.30464 7.2827 7.25475 7.24877 7.20361 7.18398 7.16007
-9999 -9999 -9999 -9999 -9999 -9999 -9999 1.85996 5.15444 8.09977 9.73892 10.7694 11.2708 11.2605 10.9806 10.6584 10.1953 9.35876 8.30804 6.64826 5.41531 6.19409 7.14223 7.23835 7.86803 9.70216 10.3257 9.43083 7.21904 8.50954 9.95506 9.92857 9.80238 9.66191 9.48164 9.3205 8.96992 8.03346 5.16779 4.60328 3.47743 3.60224 3.0225 4.27354 3.79051 5.07818 5.63285 5.83852 4.63696 4.87789 6.27278 6.82461 6.72854 7.06666 7.3896 7.39827 7.40598 7.39621 7.40205 7.40349 7.39682 7.38051 7.36788 7.35772 7.32233 7.31777 7.20756 7.13448 6.99026 7.15993 7.17271 7.16887
-9999 -9999 -9999 -9999 -9999 -9999 -9999 1.19987 4.4922 7.96137 9.07407 10.185 11.1439 11.1614 10.7338 10.3272 9.90838 9.43155 8.15733 6.9214 5.74106 5.34314 5.57777 5.54538 6.56712 8.95837 9.41792 9.21585 6.90118 6.1195 8.05188 9.67573 9.80122 9.65143 7.73501 8.14096 7.10651 5.70415 5.31685 4.70176 3.40388 4.02469 3.07251 3.47561 3.35026 4.07932 4.43198 5.29976 4.25229 4.24536 5.61458 6.30645 6.32044 7.04772 7.30562 7.37183 7.38735 7.3983 7.40026 7.41063 7.40275 7.3907 7.37493 7.33821 7.25291 6.9875 5.59504 5.59342 5.97019 6.32659 6.97092 7.14924
-9999 -9999 -9999 -9999 -9999 -9999 -9999 1.58101 3.86508 6.94317 9.22293 9.3647 10.4725 11.0438 10.5789 10.0556 9.52028 9.28542 7.89873 6.37544 5.1441 3.68669 3.92378 4.96567 6.65946 8.20294 8.47571 8.15196 6.90382 7.48253 8.79948 9.49758 9.70171 9.53667 9.11762 8.87475 8.11237 7.78089 6.72269 5.06901 4.41608 4.82528 3.06882 3.18778 3.83214 3.12573 4.25633 4.79479 3.4441 4.49595 5.71171 6.33169 6.87368 7.12895 7.22943 7.38516 7.38763 7.39943 7.40534 7.40177 7.40037 7.37332 7.35044 7.20133 6.98205 5.688 5.13545 5.23793 5.83178 6.35143 6.88514 7.10659
-9999 -9999 -9999 -9999 -9999 -9999 -9999 1.97057 4.02695 6.69569 8.32062 8.61005 9.83869 10.9311 10.8076 10.2632 10.0964 9.53207 8.35574 7.0564 5.63616 4.94446 3.35686 4.91478 6.13421 7.44099 8.05039 7.02143 6.50972 7.40682 8.29886 8.65361 9.55501 9.54414 9.24743 7.97538 7.35412 7.61393 7.3458 6.87761 5.73834 5.68493 4.95158 4.64568 4.35622 3.40988 3.99738 4.05206 4.20193 5.47363 6.10471 6.5222 6.90197 6.99978 7.16388 7.37781 7.39505 7.40118 7.3987 7.40123 7.38378 7.32064 7.26695 6.96897 6.44282 5.46284 3.86403 4.97772 6.14238 6.48419 6.81382 6.98774
-9999 -9999 -9999 -9999 -9999 -9999 -9999 1.61963 3.80439 6.08504 7.03764 7.19808 9.42289 10.7847 10.7856 10.5268 10.2247 8.8327 8.91272 8.63286 7.35153 5.48581 3.43674 3.62615 4.83391 6.55716 7.1264 5.43574 4.84118 5.27336 6.62381 7.83255 9.09494 9.41393 9.04071 7.06164 4.95865 5.93107 6.97014 6.96209 6.65412 5.59708 5.25927 4.95289 4.18007 2.86546 3.04578 3.40372 4.84242 5.29932 6.00748 6.59528 6.36954 6.49726 7.06029 7.38261 7.39295 7.39699 7.40599 7.39686 7.37574 7.25154 7.11996 6.90029 5.53232 4.68055 3.4376 4.86404 5.65714 6.067 6.82245 7.00087
-9999 -9999 -9999 -9999 -9999 -9999 -9999 0.942429 2.52745 4.70733 5.58492 6.98586 9.08825 10.1216 10.6163 10.604 10.4021 9.77794 9.40198 8.66252 7.32968 5.50773 3.4825 2.16309 2.82991 5.14223 5.68384 4.12916 3.34117 4.3161 5.75555 7.88838 9.10605 9.26855 9.15606 8.74629 7.21031 5.35494 5.35907 6.28628 5.50605 4.59939 5.09358 4.99834 4.23531 3.67915 3.32287 3.52255 4.34172 4.68138 5.50013 6.71035 6.88132 6.84433 7.35283 7.37627 7.38625 7.40367 7.40125 7.39473 7.37751 7.27578 7.05021 6.139 5.34391 4.23857 4.09937 5.36296 5.91594 6.42635 6.79574 6.91464
-9999 -9999 -9999 -9999 -9999 -9999 -9999 -0.223359 1.64189 3.6839 5.5959 7.40484 8.96158 9.08063 9.90105 9.89863 10.3278 10.2029 9.62407 9.00101 7.85239 5.51253 3.5445 1.39822 1.96078 4.32336 4.61225 3.57494 1.6611 3.63156 5.80501 7.77472 8.83999 8.00078 8.85643 8.78388 8.20704 7.10166 5.38405 5.41415 4.12609 4.06742 4.72468 4.9358 4.82243 4.40412 3.72951 3.82554 4.31868 4.44354 5.19578 6.13401 7.05143 7.20353 7.37674 7.38217 7.38306 7.3955 7.39548 7.37441 7.32537 7.21897 6.45481 5.54627 4.98551 4.21452 4.11845 5.58673 6.15973 6.47669 6.79551 6.92004
-9999 -9999 -9999 -9999 -9999 -9999 -9999 -9999 1.45036 3.56008 5.12087 5.54015 6.92376 7.67026 8.24762 8.37451 10.0244 10.1139 9.74631 9.17383 8.19389 6.41785 5.17957 3.12079 1.64014 2.22846 2.497 3.03722 2.8742 3.7515 5.84001 8.01614 8.25147 6.86528 7.06808 7.35554 8.00241 7.67101 5.33141 4.14147 3.15315 3.85054 4.58411 4.75911 4.79135 4.64563 4.462 4.16201 5.14367 5.86925 6.03504 6.66767 7.13419 7.26128 7.35662 7.36657 7.37686 7.37516 7.34597 7.32425 7.20451 6.9385 6.08391 4.0317 4.12477 3.90025 3.25966 4.69294 5.57932 6.39071 6.82075 6.93005
-9999 -9999 -9999 -9999 -9999 -9999 -9999 -9999 0.747321 3.18862 3.70321 3.66353 2.85347 3.2245 6.22148 6.82386 8.40613 9.90417 9.79237 9.23069 8.31368 7.25501 5.61698 3.30182 1.4616 0.670658 2.63615 4.56941 4.96755 5.58485 6.86364 7.10473 5.68803 4.35946 5.10204 5.54851 7.2555 7.56521 7.23065 5.81986 4.20696 3.36347 4.35244 4.48161 4.53751 4.54549 4.50222 4.4439 5.54429 6.15544 6.57853 6.80763 7.20782 7.30843 7.33918 7.36817 7.35895 7.33631 7.27081 7.19654 6.87588 6.48796 5.0895 3.923 3.19443 2.27017 4.34347 4.95079 5.79102 6.33041 6.75802 6.84982
