Test_Spring_2018/02_18/Temp/20180211_023.txt
ncols	170
nrows	115
xllcorner	350000.000000
yllcorner	4445000.000000
cellsize	1000.000000
nodata_value	-9999.000000
[rows 31 to 61 of 115, columns 71 to 141 of 170]
6.52095 6.71143 6.35248 6.38876 7.25532 7.4519 7.44007 7.37072 7.28968 6.88115 6.74499 6.42321 5.85584 5.61841 4.60846 1.34159 2.267 2.62924 1.68251 2.21201 3.07346 2.32478 0.101428 -0.855524 -2.39745 -1.90462 -2.36245 -3.60309 -9999 -9999 -9999 -9999 -9999 -9999 -9999 -9999 -9999 -9999 -9999 -9999 -9999 -9999 -9999 -9999 -9999 -9999 -9999 -9999 -9999 -9999 -9999 -9999 -9999 -9999 -9999 -9999 -9999 -9999 -9999 -9999 -9999 -9999 -9999 -9999 -9999 -9999 -9999 -9999 -9999 -9999 -9999
6.3364 6.31474 5.96907 6.5042 6.99705 6.70627 6.51242 7.32576 7.3265 7.05108 6.40313 6.16575 5.91952 5.76879 4.93717 2.60312 0.499048 1.62712 1.65441 0.875322 2.27437 1.53671 -0.38898 -3.10771 -1.62773 -2.01086 -3.92864 -4.39869 -9999 -9999 -9999 -9999 -9999 -9999 -9999 -9999 -9999 -9999 -9999 -9999 -9999 -9999 -9999 -9999 -9999 -9999 -9999 -9999 -9999 -9999 -9999 -9999 -9999 -9999 -9999 -9999 -9999 -9999 -9999 -9999 -9999 -9999 -9999 -9999 -9999 -9999 -9999 -9999 -9999 -9999 -9999
6.03454 5.8537 5.70542 6.50058 6.48446 6.44147 6.73648 7.24326 7.3442 7.23725 6.95502 6.71073 6.45077 5.79028 4.83891 2.84144 0.446462 -0.0963441 1.07658 1.13351 1.32274 0.65052 -0.193925 -1.51546 -0.430805 -0.00860554 -1.27114 -2.91948 -3.97935 -9999 -9999 -9999 -9999 -9999 -9999 -9999 -9999 -9999 -9999 -9999 -9999 -9999 -9999 -9999 -9999 -9999 -9999 -9999 -9999 -9999 -9999 -9999 -9999 -9999 -9999 -9999 -9999 -9999 -9999 -9999 -9999 -9999 -9999 -9999 -9999 -9999 -9999 -9999 -9999 -9999 -9999
5.57738 5.3033 4.53292 5.01235 5.37253 6.04926 6.23023 6.33091 7.27963 7.2302 7.18699 6.78287 6.45976 5.92396 5.00835 3.70456 2.13469 -0.599027 1.08749 2.40833 2.37534 2.30398 1.71268 0.443048 1.50761 1.55894 -0.0514255 -1.88192 -2.96481 -3.41198 -9999 -9999 -9999 -9999 -9999 -9999 -9999 -9999 -9999 -9999 -9999 -9999 -9999 -9999 -9999 -9999 -9999 -9999 -9999 -9999 -9999 -9999 -9999 -9999 -9999 -9999 -9999 -9999 -9999 -9999 -9999 -9999 -9999 -9999 -9999 -9999 -9999 -9999 -9999 -9999 -9999
4.94112 4.67724 3.7362 4.2186 4.86224 5.77529 6.25402 6.6162 6.90054 7.19046 7.15703 6.74341 5.52044 5.34621 5.29371 4.44109 2.65127 0.86384 0.401222 2.41579 2.99298 2.87642 3.32717 2.2518 2.76183 2.55458 1.98701 0.223563 -1.38594 -2.05337 -3.37366 -9999 -9999 -9999 -9999 -9999 -9999 -9999 -9999 -9999 -9999 -9999 -9999 -9999 -9999 -9999 -9999 -9999 -9999 -9999 -9999 -9999 -9999 -9999 -9999 -9999 -9999 -9999 -9999 -9999 -9999 -9999 -9999 -9999 -9999 -9999 -9999 -9999 -9999 -9999 -9999
-9999 -9999 -9999 3.14629 4.02712 4.75535 5.64916 6.41901 6.80375 7.17742 7.14817 6.32079 5.91631 5.88138 5.32285 4.33844 3.72075 2.59548 1.42314 1.87175 3.5899 2.82681 4.04455 3.9427 4.16751 3.35543 1.82449 -0.229197 -1.42357 -2.02056 -3.09027 -9999 -9999 -9999 -9999 -9999 -9999 -9999 -9999 -9999 -9999 -9999 -9999 -9999 -9999 -9999 -9999 -9999 -9999 -9999 -9999 -9999 -9999 -9999 -9999 -9999 -9999 -9999 -9999 -9999 -9999 -9999 -9999 -9999 -9999 -9999 -9999 -9999 -9999 -9999 -9999
-9999 -9999 -9999 -9999 3.86842 4.42411 5.61155 6.23422 6.48435 7.08657 7.08873 6.77574 6.53946 6.19621 5.74766 5.00785 4.19158 3.13321 3.03567 4.13483 4.14909 3.92042 4.10178 4.66733 4.51975 3.26639 1.10027 -0.0463983 -2.37054 -3.36868 -3.26517 -3.9726 -9999 -9999 -9999 -9999 -9999 -9999 -9999 -9999 -9999 -9999 -9999 -9999 -1.25319 -9999 -9999 -9999 -9999 -9999 -9999 -9999 -9999 -9999 -9999 -9999 -9999 -9999 -9999 -9999 -9999 -9999 -9999 -9999 -9999 -5.51431 -9999 -9999 -9999 -9999 -9999
-9999 -9999 -9999 3.75784 4.50474 5.08295 5.828 5.90676 6.35381 7.0462 7.05715 6.83537 6.58448 6.01963 5.87984 5.45875 4.57239 4.3913 4.75105 4.9171 5.10541 5.22183 5.12915 4.90174 4.60762 3.80535 2.79931 2.12468 -0.00290538 -1.07424 -2.10448 -3.66459 -4.88501 -9999 -9999 -9999 -9999 -9999 -9999 -9999 -2.06909 -2.12645 -2.09801 -1.75476 -0.808533 -1.36301 -9999 -9999 -9999 -9999 -9999 -9999 -9999 -9999 -9999 -9999 -9999 -9999 -9999 -9999 -9999 -9999 -9999 -9999 -9999 -4.65772 -5.88887 -9999 -9999 -9999 -9999
-9999 -9999 -9999 3.96455 4.74562 5.13669 5.86067 6.27562 6.55583 6.79667 7.02664 6.98886 6.7111 6.28815 6.29104 5.7079 5.39353 5.16916 5.65554 5.75212 5.55783 5.31419 5.09907 4.48874 4.4195 4.22955 3.59188 2.54381 1.46367 -0.089777 -2.20777 -4.28505 -5.96057 -9999 -9999 -9999 -9999 -9999 -9999 -1.89162 -1.1058 -0.634673 -1.63411 -0.778661 0.00343524 -0.120166 -0.872818 -9999 -9999 -9999 -9999 -9999 -9999 -9999 -9999 -9999 -9999 -9999 -9999 -9999 -9999 1.18043 -0.0814373 -2.62909 -3.93584 -4.72058 -5.84031 -9999 -9999 -9999 -9999
-9999 -9999 -9999 3.81057 4.73311 5.35888 5.91457 6.00528 6.57818 6.83081 6.95483 6.94103 6.88629 6.80851 6.29951 6.08052 5.31106 6.04731 6.01968 5.83385 5.09701 4.77831 3.51324 2.95752 2.84173 3.90895 3.12415 1.48301 -0.569244 -3.0307 -3.18824 -4.00371 -5.50112 -9999 -9999 -9999 -9999 -9999 -9999 -1.64659 -0.80616 -0.104428 -0.00148041 -0.994674 0.394369 0.34571 -0.429508 -0.604417 0.0334898 0.357478 0.123126 0.88383 1.10695 0.764325 1.14069 -9999 -9999 -9999 -9999 1.36144 1.4111 1.44809 0.921295 -1.86193 -3.76348 -5.47134 -5.63092 -9999 -9999 -9999 -9999
-9999 -9999 -9999 4.44822 5.01748 5.30677 5.35593 5.85512 6.35668 6.66719 6.89063 6.84645 6.82866 6.80947 6.63526 6.23051 6.30312 6.27026 6.03425 4.63051 2.9923 3.7076 2.73688 0.65857 2.35732 3.28954 2.40027 0.411372 -1.89538 -2.64415 -2.60947 -3.744 -5.20479 -9999 -9999 -9999 -3.94177 -2.73894 -2.63398 -2.27905 -1.15839 -0.305611 0.338247 0.776702 0.76739 0.3079 -0.450162 -1.27422 -0.978429 0.508191 0.87176 1.1821 1.41349 1.09559 1.26155 1.65865 1.86359 1.90465 1.81037 1.78786 1.81888 1.76984 1.27798 -1.211 -2.63696 -3.54755 -5.37581 -9999 -9999 -9999 -9999
-9999 -9999 -9999 4.09267 4.58822 4.99018 5.65574 5.72854 6.15027 6.40386 6.77791 6.82029 6.38777 6.74547 6.69902 6.63176 6.48946 6.28124 5.09592 3.4625 1.8254 1.07031 1.39599 0.145073 0.794633 1.7393 1.40033 0.182067 -1.87258 -2.16012 -2.63239 -4.54014 -6.37812 -9999 -9999 -6.27201 -3.96445 -2.33964 -1.50144 -1.24159 -1.21628 -0.142054 -0.0569739 1.09994 0.833292 -0.693373 -0.519847 -1.11135 -0.724214 -0.177941 -0.0268801 0.76157 1.51587 1.65892 1.66271 1.91568 1.96749 1.98036 1.97292 1.80033 1.87725 1.88752 1.58002 -0.22477 -1.10603 -2.07632 -5.34868 -9999 -9999 -9999 -9999
-9999 -9999 -9999 4.34582 4.8996 5.5058 5.60648 6.05619 6.01369 5.89147 6.51608 6.74717 6.4418 6.22168 6.62658 6.59789 6.54345 6.45429 5.34026 4.05143 2.10063 0.889137 0.150873 -0.373654 -1.06986 -0.583272 -0.728317 -0.923722 -0.692756 -1.25337 -2.37603 -3.49281 -5.5839 -6.71538 -9999 -6.14475 -5.1035 -3.17126 -1.52915 -0.486637 -0.861247 0.36012 0.587331 1.29483 0.882866 -0.0431421 -0.440152 -0.473725 -0.593575 0.230826 0.787716 1.18318 1.44526 1.77076 1.85398 1.93725 1.97181 1.99019 2.0084 2.00292 1.99481 1.95641 1.83943 1.00827 0.129033 -1.76945 -5.23709 -9999 -9999 -9999 -9999
-9999 -9999 2.73565 4.28389 5.21087 5.57178 5.83311 6.06367 6.23117 6.40879 6.57284 6.68538 6.63969 5.83022 5.89565 6.04025 6.49869 6.46521 6.36409 5.65936 3.2855 2.46706 1.2705 -0.280132 -0.923122 -0.595568 0.680662 0.627181 -0.212497 -1.14884 -2.44193 -3.26448 -4.54678 -7.00958 -6.78782 -5.6781 -4.85256 -3.53957 -1.53246 -0.125416 0.502563 0.740065 1.23688 1.49532 0.930286 0.39303 0.168223 -0.249766 -0.306639 -0.300969 0.198298 0.590984 1.45695 1.74821 1.88109 1.94922 1.98566 2.01173 2.03692 2.04466 2.0264 2.02524 2.01619 1.95332 0.782774 -2.14263 -4.34649 -9999 -9999 -9999 -9999
-9999 -9999 -9999 4.00025 4.40998 4.51975 4.7092 5.09341 5.53561 6.16269 6.2447 6.58892 6.58847 5.89205 5.086 5.78656 6.06422 6.35223 6.36034 6.26946 4.27551 3.23305 2.41316 0.926568 1.46973 1.98341 2.02576 1.72156 -0.08226 -1.87895 -3.94887 -5.88571 -5.97692 -7.01833 -6.46569 -5.73278 -3.85099 -2.52692 -1.99028 -1.60484 0.43575 0.967747 1.15106 1.6747 0.963929 0.786046 0.25301 0.414748 0.370665 0.376611 -1.1036 0.389731 0.479821 1.45093 1.88934 1.98828 2.01538 2.04376 2.04756 2.05189 2.04572 2.05344 2.03679 2.01784 1.25601 -2.45269 -4.31618 -9999 -9999 -9999 -9999
-9999 -9999 -9999 -9999 -9999 4.13831 4.45185 4.65397 5.00103 6.05935 6.34522 6.53527 6.5522 6.2416 5.44457 5.23365 5.37871 4.59995 5.25037 6.14093 6.11945 6.0128 4.26071 3.36883 4.24101 3.98057 2.66581 1.63192 0.611479 -1.49239 -3.02949 -5.2494 -6.91642 -6.97829 -5.13636 -3.6064 -1.7023 -0.862557 -1.34156 -0.823865 0.190168 1.34197 1.89959 1.76966 1.02038 0.917825 0.0947468 0.908997 0.981495 0.607276 0.28428 0.419839 0.901653 1.08655 1.84637 2.03099 2.06414 2.06971 2.07206 2.0675 2.0614 2.04989 2.03949 2.02628 1.98939 -1.82288 -4.78952 -9999 -9999 -9999 -9999
-9999 -9999 -9999 -9999 -9999 3.40908 3.6016 4.10143 5.37914 6.05052 6.32213 6.31451 6.44006 6.22112 5.51935 4.79865 4.11849 3.24194 3.74252 5.06783 5.84981 5.94001 4.40443 5.20999 4.9139 4.32715 2.60663 1.33972 0.669819 -1.34971 -3.07622 -4.55228 -6.59179 -5.71767 -4.75565 -3.52064 -1.4429 -0.041551 0.53381 0.0500224 0.698057 2.02337 2.03172 1.30857 1.35761 0.918885 -0.206749 0.970945 1.3047 1.04156 1.114 1.02036 1.2013 1.52855 1.84123 2.04914 2.0775 2.08053 2.07291 2.07117 2.06998 2.05312 2.05179 2.03851 2.01644 -0.445237 -4.84277 -9999 -9999 -9999 -9999
-9999 -9999 -9999 -9999 -9999 -9999 2.74965 3.88558 5.58061 6.00447 5.96826 6.31908 6.35014 6.01389 5.72148 4.84663 3.65135 1.35637 1.94055 3.16052 4.92019 5.84598 5.72328 5.21439 4.32459 2.16681 0.279067 0.0533368 -0.252432 -1.72523 -3.05345 -4.69469 -3.7407 -2.69643 -1.55466 -0.955044 -1.11121 0.0894933 1.06834 0.652059 1.44698 2.37479 1.95523 1.708 1.50126 0.993816 0.965863 1.02229 1.69272 1.23465 1.52178 1.53472 1.52134 1.68168 1.86545 2.05786 2.08961 2.08975 2.092 2.06832 2.07426 2.06107 2.04782 2.03536 2.01605 1.79094 -0.579182 -1.99625 -9999 -9999 -9999
-9999 -9999 -9999 -9999 -9999 -9999 1.70757 2.27579 4.28256 4.90514 5.79243 6.26393 6.28649 5.71861 5.40202 4.09873 3.67533 1.55228 0.591654 1.4074 1.09615 3.51947 5.66463 5.20363 0.881089 -0.682004 -1.79565 -1.50459 -1.49794 -1.90521 -4.17054 -4.79428 -2.75856 -1.47669 -0.483811 0.268965 0.425454 0.398796 1.93018 2.13362 2.63139 2.52359 2.57065 1.79858 1.32186 1.74256 1.26314 1.18393 1.8764 1.20125 1.81862 1.75202 1.57043 1.56307 1.96918 2.05219 2.09576 2.09801 2.08123 2.05934 2.04597 2.05696 2.04856 2.02373 2.02244 1.99802 1.71344 0.486223 0.0561139 0.528858 -9999
-9999 -9999 -9999 -9999 -9999 -9999 -9999 0.409772 3.1973 4.47319 5.14357 6.08612 6.2005 5.89952 5.35128 4.02372 2.85609 0.958246 -1.2089 -2.35484 1.08104 4.07218 5.63466 5.43512 1.83751 0.420035 0.358025 1.199 0.49658 -0.03541 -1.75538 -2.2688 -2.98394 -2.54078 -1.15657 -0.0267843 1.06244 1.85399 1.91785 2.43124 2.72742 2.75202 2.8454 2.75585 2.68353 1.93961 2.45812 2.02373 2.25933 2.11332 1.98186 1.87166 1.44719 1.75116 2.0201 2.09006 2.11129 2.0947 2.08991 2.07703 2.04999 2.03698 2.03302 2.02819 2.01218 2.00968 1.99357 1.85425 1.11528 0.12674 -1.12157
-9999 -9999 -9999 -9999 -9999 -9999 -9999 -0.978923 1.79479 3.13366 4.85425 5.74087 6.1012 6.05387 5.60964 4.60089 3.08274 1.81801 -0.601084 -3.1126 0.493895 3.70924 5.44448 5.53897 2.51911 3.3617 2.6874 2.96479 1.72716 1.21505 0.81361 -0.0752868 -1.04807 -2.11231 -2.67541 -0.139189 1.16272 2.2101 2.70351 2.98214 3.12106 3.04782 2.85868 1.73359 2.59404 2.55048 2.46756 2.37239 2.32804 2.24235 2.14083 2.08482 2.06524 1.7837 2.10661 2.09953 2.10387 2.10481 2.09529 2.0777 2.06173 2.04217 2.04107 2.0277 2.01442 2.0046 1.99799 1.98692 1.94456 1.747 0.0712486
-9999 -9999 -9999 -9999 -9999 -9999 -9999 -4.87036 -0.836588 2.4082 4.10175 5.48097 5.85978 6.00117 5.4054 4.95957 3.8713 2.84079 1.25141 -1.12886 -2.59398 0.107581 4.03308 5.48493 5.37825 5.29111 4.51064 3.8077 3.72199 3.77845 2.96239 1.76778 0.203682 -0.283154 -0.831582 1.05749 1.31329 1.17458 3.25096 3.25496 3.13633 2.34132 1.45455 1.62439 1.07638 1.50023 0.845898 1.45211 1.97667 2.17441 2.16111 2.09755 2.09114 2.0615 2.11777 2.11723 2.10813 2.1006 2.09577 2.08642 2.06033 2.04441 2.05076 2.03342 2.01894 2.00452 2.00045 1.99404 1.96224 1.93327 1.67422
-9999 -9999 -9999 -9999 -9999 -9999 -9999 -4.69411 -1.29902 1.57869 3.30643 4.96567 5.35088 5.91063 5.78966 5.32282 4.37692 3.1953 1.88728 -0.154706 -1.67199 0.134234 2.74256 4.61008 5.28506 5.28411 5.24237 5.06827 4.99949 4.79612 4.65523 3.79783 2.32126 1.48635 0.263687 2.36902 2.60481 2.27479 3.32481 3.27135 1.68173 0.459654 0.307486 1.05682 0.3491 0.226178 -0.212157 0.28884 1.62798 1.24002 1.31963 1.93142 2.03294 2.0975 2.11542 2.11146 2.10839 2.09747 2.09798 2.09805 2.07254 2.05953 2.05192 2.02663 2.02196 2.00394 1.98997 1.97699 1.95911 1.93262 1.85781
-9999 -9999 -9999 -9999 -9999 -9999 -9999 -4.62378 -2.33853 0.251117 2.79396 4.5658 5.28062 5.80091 5.79523 5.25275 4.78245 4.04168 2.89098 2.10189 0.73218 -1.14744 2.0064 2.97712 3.84613 4.21281 5.11516 5.09617 4.68699 4.21636 4.66233 4.53454 3.36511 2.98084 2.33121 3.50211 3.50444 3.47132 3.40783 2.0647 0.198193 -1.29355 -0.220151 -0.443955 0.0537076 -1.47112 -0.213487 0.799369 1.12949 0.445996 -0.0615667 1.52011 1.78215 1.93835 2.03842 2.10399 2.08803 2.10359 2.09342 2.08756 2.08096 2.06568 2.05558 2.03988 2.02383 2.01039 1.99835 1.97871 1.95499 1.95191 1.91088
-9999 -9999 -9999 -9999 -9999 -9999 -9999 -9999 -3.68339 -0.399506 2.53085 4.16245 5.18852 5.68833 5.6792 5.40176 5.08235 4.62294 3.79276 2.75014 1.1028 -0.119641 0.658024 1.60946 1.7225 2.35504 4.18492 4.81175 3.92953 1.74799 3.04284 4.48413 4.46172 4.33948 4.20234 4.02647 3.86761 3.52025 2.59061 -0.256166 -0.816674 -1.93331 -1.80626 -2.37856 -1.12217 -1.58833 -0.301599 0.257085 0.46917 -0.717278 -0.459626 0.938017 1.49183 1.40094 1.74074 2.06469 2.07527 2.08418 2.07511 2.08111 2.08247 2.07566 2.05968 2.04733 2.0378 2.01202 2.01271 1.90537 1.83518 1.69444 1.86573
-9999 -9999 -9999 -9999 -9999 -9999 -9999 -9999 -4.33358 -1.05805 2.39272 3.50103 4.60716 5.5617 5.58033 5.15655 4.75349 4.33836 3.86586 2.60126 1.37521 0.205003 -0.186974 0.0503291 0.0408481 1.0624 3.44529 3.90849 3.71408 1.43769 0.665808 2.59069 4.20833 4.33621 4.18994 2.28741 2.69258 1.66601 0.273756 -0.109534 -0.718881 -2.00631 -1.38626 -2.32879 -1.92365 -2.02532 -1.29439 -0.93717 -0.0678062 -1.10186 -1.09092 0.281299 0.973844 0.992024 1.71839 1.97754 2.04549 2.06242 2.07428 2.07681 2.08745 2.07986 2.06819 2.05302 2.01731 1.93368 1.68071 0.302626 0.303261 0.680082 1.03671
-9999 -9999 -9999 -9999 -9999 -9999 -9999 -9999 -3.95474 -1.68157 1.38034 3.64844 3.79133 4.89399 5.46318 5.00246 4.4837 3.95299 3.72115 2.34488 0.83329 -0.387677 -1.8328 -1.59332 -0.553497 1.15422 2.69397 2.97092 2.65498 1.43903 2.0188 3.33179 4.02925 4.23526 4.07392 3.65972 3.42032 2.66445 2.33679 1.28702 -0.354281 -1.00059 -0.590795 -2.33273 -2.21019 -1.56487 -2.24241 -1.11266 -0.571248 -1.90733 -0.837944 0.375372 0.99608 1.53872 1.79581 1.89845 2.0554 2.05951 2.07246 2.0792 2.07632 2.07551 2.04925 2.02727 1.88008 1.66343 0.378943 -0.154347 -0.0504177 0.541964 1.06062
-9999 -9999 -9999 -9999 -9999 -9999 -9999 -9999 -3.56745 -1.52083 1.13405 2.75124 3.04086 4.26366 5.35093 5.22961 4.68995 4.52573 3.96655 2.79943 1.51042 0.101652 -0.582626 -2.15684 -0.604489 0.632055 1.93604 2.54702 1.55 1.04609 1.94197 2.83245 3.18853 4.08749 4.07941 3.78693 2.52488 1.9095 2.16974 1.90541 1.44249 0.312958 0.263037 -0.462154 -0.762027 -1.04505 -1.96054 -1.37107 -1.31101 -1.14883 0.131814 0.76365 1.18278 1.56394 1.66438 1.83017 2.04501 2.06392 2.07142 2.07007 2.07354 2.05707 1.99521 1.94286 1.6479 1.1264 0.15412 -1.41822 -0.30942 0.850108 1.19604
-9999 -9999 -9999 -9999 -9999 -9999 -9999 -9999 -3.91605 -1.74209 0.52692 1.4758 1.63717 3.85001 5.20499 5.20749 4.95178 4.65312 3.2715 3.35306 3.07724 1.80647 -0.0447194 -2.07776 -1.88576 -0.667605 1.05688 1.62751 -0.026868 -0.613439 -0.179866 1.166 2.37068 3.62834 3.94811 3.57967 1.6151 -0.472724 0.495923 1.53092 1.52546 1.22222 0.174887 -0.157242 -0.457706 -1.22132 -2.51359 -2.31797 -1.95695 -0.501918 -0.0432192 0.664879 1.253 1.03217 1.16219 1.72441 2.04697 2.05912 2.06469 2.07496 2.06705 2.04718 1.92488 1.79533 1.57837 0.220378 -0.624408 -1.85316 -0.422807 0.367369 0.79086
-9999 -9999 -9999 -9999 -9999 -9999 -9999 -9999 -4.58887 -3.01118 -0.8425 0.0317184 1.42588 3.51701 4.5456 5.03876 5.02812 4.82916 4.21069 3.83909 3.1065 1.7845 -0.0232867 -2.03278 -3.3405 -2.67396 -0.350229 0.202997 -1.32641 -2.10547 -1.13271 0.301442 2.42441 3.63756 3.80178 3.6925 3.28764 1.76345 -0.0781501 -0.0715858 0.852564 0.0800557 -0.817785 -0.323045 -0.413748 -1.16776 -1.71589 -2.04383 -1.83188 -1.00097 -0.659066 0.158697 1.3652 1.53847 1.50468 2.01264 2.03818 2.05001 2.069 2.06806 2.06295 2.04714 1.94736 1.72458 0.820518 0.0320052 -1.06469 -1.20103 0.0726508 0.628825 1.14778
-9999 -9999 -9999 -9999 -9999 -9999 -9999 -9999 -5.74728 -3.89128 -1.85978 0.042347 1.84189 3.39068 3.51055 4.32746 4.32663 4.75481 4.63255 4.05935 3.44243 2.30347 -0.0190776 -1.97181 -4.10142 -3.53865 -1.1725 -0.851482 -1.87831 -3.77646 -1.81445 0.349027 2.30977 3.37138 2.54002 3.39292 3.32322 2.75231 1.65616 -0.0483347 -0.0156859 -1.29283 -1.34785 -0.691025 -0.477271 -0.585689 -0.996917 -1.65286 -1.53185 -1.02531 -0.897049 -0.145538 0.790496 1.70551 1.85956 2.03424 2.04186 2.04469 2.0588 2.06036 2.0409 1.99363 1.88938 1.13149 0.230227 -0.325268 -1.08954 -1.18293 0.283302 0.870972 1.19761
