Test_Spring_2018/02_18/Temp/20180209_017.txt
ncols	170
nrows	115
xllcorner	350000.000000
yllcorner	4445000.000000
cellsize	1000.000000
nodata_value	-9999.000000
[rows 32 to 63 of 115, columns 72 to 143 of 170]
10.0022 9.7141 10.165 10.5803 10.3273 10.1576 10.8406 10.8421 10.6119 10.0693 9.87121 9.66577 9.54046 8.84382 6.88647 5.12193 6.0691 6.09238 5.43876 6.61233 5.99273 4.37593 2.09336 3.33338 3.00988 1.38971 0.98996 -9999 -9999 -9999 -9999 -9999 -9999 -9999 -9999 -9999 -9999 -9999 -9999 -9999 -9999 -9999 -9999 -9999 -9999 -9999 -9999 -9999 -9999 -9999 -9999 -9999 -9999 -9999 -9999 -9999 -9999 -9999 -9999 -9999 -9999 -9999 -9999 -9999 -9999 -9999 -9999 -9999 -9999 -9999 -9999 -9999
9.61696 9.49453 10.1636 10.1519 10.1078 10.347 10.7728 10.8584 10.7696 10.5338 10.3298 10.1128 9.55974 8.76256 7.08755 5.07887 4.62405 5.60856 5.6564 5.81492 5.25029 4.54081 3.43068 4.33916 4.69155 3.62768 2.23283 1.33505 -9999 -9999 -9999 -9999 -9999 -9999 -9999 -9999 -9999 -9999 -9999 -9999 -9999 -9999 -9999 -9999 -9999 -9999 -9999 -9999 -9999 -9999 -9999 -9999 -9999 -9999 -9999 -9999 -9999 -9999 -9999 -9999 -9999 -9999 -9999 -9999 -9999 -9999 -9999 -9999 -9999 -9999 -9999 -9999
9.15697 8.51256 8.91668 9.22065 9.77255 9.92372 10.009 10.8058 10.7652 10.7299 10.3919 10.1219 9.67339 8.90619 7.81319 6.4968 4.20369 5.61913 6.72746 6.69954 6.6391 6.14205 5.07553 5.96722 6.00851 4.6492 3.09822 2.18817 1.81171 -9999 -9999 -9999 -9999 -9999 -9999 -9999 -9999 -9999 -9999 -9999 -9999 -9999 -9999 -9999 -9999 -9999 -9999 -9999 -9999 -9999 -9999 -9999 -9999 -9999 -9999 -9999 -9999 -9999 -9999 -9999 -9999 -9999 -9999 -9999 -9999 -9999 -9999 -9999 -9999 -9999 -9999 -9999
8.63369 7.84601 8.25256 8.7943 9.5529 9.94697 10.2501 10.4895 10.7336 10.7065 10.3605 9.33544 9.19034 9.14735 8.43293 6.93202 5.43291 5.04513 6.73554 7.2196 7.12123 7.4985 6.59496 7.02133 6.84565 6.36334 4.87384 3.51463 2.95334 1.84455 -9999 -9999 -9999 -9999 -9999 -9999 -9999 -9999 -9999 -9999 -9999 -9999 -9999 -9999 -9999 -9999 -9999 -9999 -9999 -9999 -9999 -9999 -9999 -9999 -9999 -9999 -9999 -9999 -9999 -9999 -9999 -9999 -9999 -9999 -9999 -9999 -9999 -9999 -9999 -9999 -9999 -9999
-9999 -9999 7.35482 8.08672 8.6993 9.4414 10.0865 10.4101 10.7245 10.7009 10.0077 9.66947 9.64131 9.1738 8.34887 7.83149 6.88802 5.90479 6.28129 7.72265 7.08177 8.10252 8.01571 8.20266 7.51936 6.22259 4.4957 3.48462 2.98229 2.08364 -9999 -9999 -9999 -9999 -9999 -9999 -9999 -9999 -9999 -9999 -9999 -9999 -9999 -9999 -9999 -9999 -9999 -9999 -9999 -9999 -9999 -9999 -9999 -9999 -9999 -9999 -9999 -9999 -9999 -9999 -9999 -9999 -9999 -9999 -9999 -9999 -9999 -9999 -9999 -9999 -9999 -9999
-9999 -9999 -9999 7.95552 8.42315 9.42025 9.93345 10.144 10.6501 10.6529 10.3914 10.1944 9.90761 9.53248 8.9129 8.22901 7.34174 7.26037 8.18274 8.19443 8.00186 8.15292 8.62592 8.50022 7.44226 5.61677 4.65227 2.69146 1.85231 1.93783 1.34332 -9999 -9999 -9999 -9999 -9999 -9999 -9999 -9999 -9999 -9999 -9999 -9999 3.64801 -9999 -9999 -9999 -9999 -9999 -9999 -9999 -9999 -9999 -9999 -9999 -9999 -9999 -9999 -9999 -9999 -9999 -9999 -9999 -9999 0.159021 -9999 -9999 -9999 -9999 -9999 -9999 -9999
-9999 -9999 7.87218 8.49209 8.9778 9.60353 9.66221 10.0365 10.6182 10.6284 10.4435 10.2343 9.76177 9.64588 9.29387 8.55132 8.40025 8.70264 8.84209 8.99978 9.09665 9.0176 8.82504 8.5761 7.89104 7.04417 6.47533 4.68626 3.77834 2.91228 1.60207 0.57735 -9999 -9999 -9999 -9999 -9999 -9999 -9999 2.95152 2.90637 2.93339 3.22464 4.02186 3.55994 -9999 -9999 -9999 -9999 -9999 -9999 -9999 -9999 -9999 -9999 -9999 -9999 -9999 -9999 -9999 -9999 -9999 -9999 -9999 0.877928 -0.148935 -9999 -9999 -9999 -9999 -9999 -9999
-9999 -9999 8.04065 8.69636 9.02481 9.63264 9.98127 10.208 10.4109 10.6049 10.5744 10.3429 9.98955 9.99358 9.50582 9.24337 9.05615 9.46488 9.54608 9.38268 9.17731 8.99531 8.48116 8.42055 8.24926 7.71097 6.82831 5.91883 4.60497 2.82585 1.08137 -0.325467 -9999 -9999 -9999 -9999 -9999 -9999 3.09733 3.75965 4.15814 3.3229 4.04408 4.70373 4.60344 3.97267 -9999 -9999 -9999 -9999 -9999 -9999 -9999 -9999 -9999 -9999 -9999 -9999 -9999 -9999 5.75356 4.7001 2.56811 1.47759 0.825305 -0.107837 -9999 -9999 -9999 -9999 -9999 -9999
-9999 -9999 7.91398 8.6881 9.21321 9.67958 9.75594 10.236 10.4415 10.5467 10.5365 10.4922 10.4288 10.0035 9.82157 9.17752 9.79649 9.77406 9.61833 8.99966 8.73115 7.66793 7.19926 7.09083 7.98265 7.32032 5.93945 4.21373 2.13822 2.00309 1.31693 0.0592283 -9999 -9999 -9999 -9999 -9999 -9999 3.30224 4.01063 4.60286 4.69281 3.86311 5.0322 4.99227 4.34566 4.20265 4.74153 5.01689 4.81786 5.46418 5.6551 5.37123 5.69059 -9999 -9999 -9999 -9999 5.89518 5.94149 5.97753 5.54092 3.21142 1.62203 0.195443 0.0705745 -9999 -9999 -9999 -9999 -9999 -9999
-9999 -9999 8.45161 8.92899 9.17147 9.21257 9.63144 10.0515 10.3062 10.4962 10.4606 10.4475 10.4334 10.2894 9.95185 10.0146 9.98859 9.79159 8.61421 7.23941 7.83859 7.01996 5.26969 6.68745 7.46538 6.71474 5.0414 3.10147 2.46261 2.48834 1.53403 0.30802 -9999 -9999 -9999 1.36897 2.38033 2.47113 2.77215 3.71602 4.43537 4.97776 5.34953 5.3401 4.96144 4.32931 3.64168 3.89351 5.14434 5.45272 5.71513 5.91283 5.64953 5.79373 6.13018 6.30551 6.34353 6.26827 6.2536 6.28425 6.24815 5.84096 3.75713 2.56699 1.80962 0.290429 -9999 -9999 -9999 -9999 -9999 -9999
-9999 -9999 8.15677 8.57214 8.909 9.46657 9.52757 9.88161 10.094 10.4035 10.4408 10.0799 10.3823 10.3457 10.2917 10.1744 10.0015 9.00811 7.63809 6.26419 5.62949 5.89807 4.84536 5.38281 6.17092 5.87751 4.85007 3.1213 2.87552 2.46971 0.866265 -0.677859 -9999 -9999 -0.589623 1.34801 2.71358 3.41983 3.64138 3.66654 4.57206 4.64774 5.62273 5.3985 4.12431 4.27395 3.77937 4.10785 4.57164 4.70159 5.36168 6.00109 6.12423 6.13042 6.3457 6.39231 6.40648 6.40393 6.26324 6.33237 6.3461 6.09371 4.5855 3.8526 3.04705 0.313996 -9999 -9999 -9999 -9999 -9999 -9999
-9999 -9999 8.37194 8.83601 9.3441 9.42814 9.80523 9.76828 9.66528 10.1902 10.3814 10.1274 9.94528 10.2877 10.2663 10.2231 10.1503 9.21697 8.13616 6.49903 5.48125 4.85726 4.41362 3.82048 4.22386 4.09692 3.92756 4.11594 3.63596 2.68414 1.74369 -0.01298 -0.963792 -9999 -0.484929 0.39025 2.01392 3.39495 4.27351 3.96348 4.99283 5.18814 5.78235 5.44096 4.6708 4.34369 4.31947 4.22253 4.91754 5.38606 5.71657 5.93971 6.21846 6.29107 6.36371 6.39561 6.41418 6.433 6.43242 6.43019 6.40313 6.31072 5.61963 4.88992 3.30439 0.407645 -9999 -9999 -9999 -9999 -9999 -9999
-9999 7.02984 8.32245 9.09938 9.40138 9.61997 9.81295 9.95333 10.1018 10.2391 10.3349 10.2956 9.61923 9.67714 9.80147 10.1889 10.163 10.0797 9.48912 7.497 6.80727 5.79905 4.49411 3.9466 4.21595 5.2809 5.22995 4.51932 3.72776 2.63267 1.93421 0.855409 -1.21236 -1.02694 -0.0953583 0.598884 1.70313 3.39065 4.57539 5.10695 5.31116 5.72982 5.95127 5.48342 5.03951 4.85529 4.50861 4.46453 4.47253 4.89431 5.22262 5.95059 6.19789 6.31409 6.37378 6.40702 6.43185 6.45637 6.46678 6.45601 6.46025 6.45851 6.41307 5.43814 2.99385 1.15749 -9999 -9999 -9999 -9999 -9999 -9999
-9999 -9999 8.08682 8.4295 8.52055 8.67862 9.00033 9.37105 9.8966 9.96609 10.2562 10.2569 9.67338 9.00033 9.5914 9.82738 10.0715 10.08 10.0046 8.32912 7.45243 6.76133 5.50978 5.95716 6.38218 6.4113 6.14939 4.62919 3.11513 1.36788 -0.262055 -0.342449 -1.22142 -0.758173 -0.14281 1.43772 2.55141 3.00537 3.33322 5.05035 5.4997 5.65967 6.10413 5.51267 5.37039 4.92769 5.06751 5.03417 5.04235 3.80316 5.05503 5.13334 5.95064 6.31998 6.40681 6.43201 6.45858 6.46501 6.47248 6.47183 6.48355 6.47604 6.46889 5.83747 2.73392 1.18331 -9999 -9999 -9999 -9999 -9999 -9999
-9999 -9999 -9999 -9999 8.20232 8.46434 8.63314 8.92391 9.81124 10.0517 10.2124 10.2285 9.97031 9.30347 9.12997 9.25489 8.60413 9.15128 9.89855 9.87967 9.78806 8.31462 7.55892 8.28502 8.06012 6.95013 6.07553 5.21213 3.43985 2.13936 0.271507 -1.13142 -1.18632 0.35755 1.64045 3.23973 3.94716 3.54913 3.98818 4.8435 5.81523 6.28851 6.18483 5.56126 5.48227 4.79633 5.48369 5.54818 5.23734 4.96901 5.08169 5.48853 5.64601 6.28575 6.44288 6.47331 6.48061 6.4857 6.48565 6.48503 6.48187 6.47975 6.47604 6.4531 3.26292 0.786865 -9999 -9999 -9999 -9999 -9999 -9999
-9999 -9999 -9999 -9999 7.59222 7.75261 8.17112 9.24268 9.80532 10.0338 10.0287 10.1359 9.95466 9.36877 8.76711 8.19974 7.46682 7.88845 9.00087 9.65613 9.72965 8.43779 9.10624 8.85191 8.353 6.90231 5.83191 5.26234 3.5605 2.10091 0.856898 -0.858808 -0.128563 0.676879 1.71293 3.45748 4.6362 5.12305 4.72152 5.27044 6.38793 6.40054 5.79928 5.84569 5.4847 4.54499 5.53734 5.82103 5.60336 5.66674 5.58712 5.74141 6.0182 6.28264 6.45918 6.48525 6.49044 6.48711 6.48937 6.49339 6.48502 6.4906 6.48696 6.47661 4.41981 0.743261 -9999 -9999 -9999 -9999 -9999 -9999
-9999 -9999 -9999 -9999 -9999 7.03947 7.99169 9.41339 9.76834 9.73856 10.0342 10.0621 9.78242 9.54001 8.80918 7.80952 5.88656 6.37836 7.40243 8.87805 9.65269 9.54632 9.1119 8.3594 6.5423 4.95124 4.75438 4.49025 3.24705 2.12156 0.738855 1.53474 2.40765 3.36385 3.86673 3.73706 4.74738 5.5726 5.22803 5.90027 6.68433 6.33798 6.13614 5.968 5.54939 5.53072 5.58229 6.14846 5.7672 6.01067 6.02045 6.01164 6.14831 6.30451 6.46798 6.49684 6.49951 6.50445 6.48841 6.4982 6.49294 6.48857 6.48568 6.4777 6.29755 4.32213 3.14277 -9999 -9999 -9999 -9999 -9999
-9999 -9999 -9999 -9999 -9999 6.16682 6.64277 8.32609 8.84779 9.59288 9.9897 10.0105 9.53641 9.27338 8.18305 7.83104 6.05255 5.24763 5.93256 5.67064 7.70186 9.49846 9.10431 5.47174 4.15377 3.21238 3.44929 3.44743 3.09839 1.18669 0.657786 2.36134 3.43364 4.26491 4.89628 5.02881 5.0093 6.29826 6.47333 6.89622 6.81134 6.8565 6.21427 5.81959 6.17974 5.78225 5.71999 6.30465 5.74123 6.26176 6.20476 6.05478 6.05073 6.39349 6.46516 6.50393 6.50857 6.49749 6.48294 6.4766 6.49163 6.4913 6.47801 6.48512 6.4733 6.24773 5.22759 4.8761 5.28185 -9999 -9999 -9999
-9999 -9999 -9999 -9999 -9999 -9999 5.07896 7.41747 8.48738 9.05049 9.84253 9.94028 9.68892 9.23202 8.12135 7.14473 5.55507 3.73883 2.77624 5.65842 8.16622 9.47413 9.29953 6.27554 5.08009 5.02143 5.72009 5.12365 4.6703 3.21639 2.78029 2.17593 2.54465 3.7031 4.65163 5.56699 6.23391 6.29143 6.72707 6.97969 7.00578 7.08968 7.02002 6.96458 6.34751 6.78725 6.42695 6.62823 6.50877 6.40102 6.30737 5.95363 6.21083 6.43854 6.49932 6.52015 6.50863 6.50766 6.50072 6.48275 6.47783 6.48117 6.48455 6.47917 6.48561 6.4852 6.37766 5.76684 4.94632 3.90744 -9999 -9999
-9999 -9999 -9999 -9999 -9999 -9999 3.91574 6.2428 7.36563 8.80995 9.55408 9.85707 9.81996 9.45011 8.60671 7.33578 6.27714 4.24935 2.14325 5.16841 7.86186 9.315 9.39044 6.84855 7.54989 6.978 7.20431 6.15933 5.72318 5.37587 4.62512 3.8049 2.90703 2.43416 4.56224 5.656 6.53744 6.9552 7.19364 7.31551 7.25681 7.10397 6.16526 6.89229 6.86279 6.79779 6.72203 6.68839 6.61955 6.53696 6.48869 6.47472 6.24075 6.51426 6.51166 6.51734 6.52065 6.51582 6.50498 6.49631 6.48545 6.49002 6.48756 6.48427 6.4843 6.49173 6.4915 6.46488 6.30777 4.91 4.07633 3.84958
-9999 -9999 -9999 -9999 -9999 -9999 0.652658 4.03715 6.75792 8.17971 9.3364 9.65627 9.77729 9.28005 8.90869 7.9982 7.13586 5.80407 3.808 2.57892 4.84329 8.13492 9.34576 9.24855 9.17038 8.51002 7.91443 7.83662 7.87817 7.18336 6.17352 4.85793 4.44824 3.98702 5.57216 5.78814 5.67425 7.41996 7.42768 7.33313 6.67142 5.9288 6.07631 5.62203 5.98459 5.44001 5.95265 6.39631 6.5653 6.55679 6.50208 6.50006 6.47742 6.52875 6.53028 6.52489 6.52126 6.52049 6.51662 6.49946 6.49159 6.50312 6.49433 6.48951 6.48757 6.49695 6.50026 6.48213 6.46614 6.25675 5.93826 5.32801
-9999 -9999 -9999 -9999 -9999 -9999 0.801337 3.64927 6.06428 7.51233 8.90601 9.23109 9.70293 9.6038 9.21456 8.42324 7.43387 6.33799 4.62566 3.35283 4.86774 7.05248 8.61671 9.17555 9.16622 9.12637 8.9752 8.90929 8.73347 8.60537 7.88227 6.64156 5.93916 4.91242 6.6791 6.87824 6.60368 7.48796 7.44715 6.11799 5.09756 4.97497 5.60375 5.01454 4.91829 4.55536 4.97961 6.1067 5.78566 5.85506 6.36665 6.45437 6.51353 6.53071 6.52962 6.52952 6.52324 6.52708 6.53119 6.5145 6.50898 6.50862 6.49398 6.49596 6.48831 6.48937 6.48893 6.48209 6.4678 6.41267 6.35239 6.43196
-9999 -9999 -9999 -9999 -9999 -9999 0.863013 2.77939 4.95283 7.08444 8.57252 9.17402 9.61255 9.60993 9.15695 8.76443 8.14473 7.18068 6.5195 5.37051 3.79296 6.43792 7.24747 7.96944 8.27114 9.02363 9.00279 8.65446 8.24611 8.61655 8.5071 7.52359 7.19965 6.65395 7.6367 7.63993 7.61433 7.56407 6.44083 4.87895 3.63184 4.53715 4.35401 4.77038 3.49772 4.5586 5.41225 5.69266 5.12268 4.69951 6.02479 6.25047 6.38397 6.47033 6.52783 6.51717 6.5333 6.52831 6.5275 6.52664 6.51911 6.51648 6.50963 6.5029 6.49754 6.50003 6.49144 6.48011 6.4854 6.46026 6.4532 6.45067
-9999 -9999 -9999 -9999 -9999 -9999 -9999 1.65377 4.40613 6.86586 8.23617 9.09865 9.51979 9.51402 9.28315 9.01697 8.63308 7.93774 7.06368 5.68164 4.65544 5.30672 6.09969 6.18728 6.71447 8.24591 8.7677 8.02324 6.18269 7.26621 8.47276 8.45181 8.34784 8.23218 8.0837 7.95166 7.66227 6.88503 4.49982 4.03456 3.10188 3.21287 2.73707 3.78912 3.4047 4.48833 4.96079 5.14212 4.1497 4.36354 5.5429 6.01038 5.93681 6.22457 6.49956 6.51138 6.52212 6.51818 6.52736 6.53315 6.5326 6.5246 6.52038 6.51891 6.5029 6.51626 6.43383 6.38254 6.27192 6.42287 6.44265 6.46557
-9999 -9999 -9999 -9999 -9999 -9999 -9999 1.10659 3.85576 6.75219 7.6834 8.61297 9.41549 9.43284 9.07898 8.7424 8.39549 8.00014 6.93976 5.91124 4.929 4.59913 4.79666 4.77801 5.63221 7.62831 8.01349 7.84686 5.92751 5.27724 6.89011 8.24573 8.352 8.22893 6.63304 6.97416 6.11471 4.9491 4.6306 4.12287 3.04648 3.57072 2.78389 3.12773 3.04203 3.65915 3.96247 4.69525 3.83072 3.8375 4.99591 5.57998 5.59813 6.21049 6.4309 6.49107 6.50872 6.52247 6.52879 6.54236 6.54108 6.5368 6.52996 6.50621 6.4425 6.23585 5.09254 5.10026 5.42352 5.72963 6.28628 6.45131
-9999 -9999 -9999 -9999 -9999 -9999 -9999 1.42658 3.33485 5.90506 7.80938 7.93069 8.8574 9.33654 8.95153 8.51772 8.0737 7.88017 6.72607 5.45799 4.43328 3.21999 3.41965 4.29035 5.71182 7.00106 7.2306 6.96264 5.93345 6.41786 7.51785 8.10183 8.27401 8.13855 7.79157 7.59189 6.95948 6.68691 5.80893 4.43501 3.89619 4.24364 2.78572 2.89214 3.43707 2.86768 3.8191 4.27667 3.15875 4.05772 5.07903 5.60299 6.06139 6.2802 6.36951 6.50455 6.51158 6.52632 6.53621 6.53838 6.54267 6.52595 6.51315 6.39556 6.21991 5.14845 4.71267 4.80669 5.31045 5.7522 6.22635 6.41811
-9999 -9999 -9999 -9999 -9999 -9999 -9999 1.75375 3.47204 5.70081 7.05901 7.30342 8.33087 9.24461 9.14427 8.69281 8.55619 8.08794 7.10929 6.02801 4.84583 4.27111 2.94926 4.25033 5.2765 6.36843 6.87877 6.0331 5.60851 6.35866 7.10459 7.40254 8.15646 8.14983 7.90512 6.84742 6.33281 6.55336 6.33417 5.94867 5.00409 4.9655 4.36037 4.11209 3.87786 3.10825 3.60626 3.65993 3.80285 4.87557 5.40911 5.76409 6.08717 6.17473 6.31721 6.50097 6.52054 6.53078 6.53388 6.54133 6.53235 6.48558 6.44706 6.20521 5.77348 4.96365 3.65581 4.59263 5.57195 5.87548 6.16965 6.32161
-9999 -9999 -9999 -9999 -9999 -9999 -9999 1.46356 3.28882 5.19391 5.99142 6.12823 7.98635 9.12468 9.12816 8.91487 8.66539 7.50703 7.57607 7.34494 6.27864 4.72497 3.01835 3.1783 4.19383 5.6342 6.11113 4.71425 4.22074 4.58341 5.71182 6.72214 7.77731 8.04598 7.73766 6.09055 4.34045 5.15527 6.02609 6.02419 5.77264 4.89689 4.6213 4.37229 3.73463 2.65546 2.81582 3.12198 4.34454 4.73298 5.33061 5.82751 5.64564 5.75818 6.23342 6.5077 6.52169 6.53035 6.54319 6.54103 6.52908 6.43143 6.32792 6.15128 5.01741 4.31428 3.29488 4.50082 5.16997 5.5427 6.17977 6.33536
-9999 -9999 -9999 -9999 -9999 -9999 -9999 0.901454 2.22654 4.04755 4.78249 5.95372 7.70974 8.57422 8.98936 8.98167 8.81581 8.29774 7.98655 7.37219 6.26296 4.74581 3.0591 1.96092 2.51898 4.45712 4.91852 3.62805 2.97338 3.78879 4.9916 6.77269 7.79076 7.9291 7.83835 7.49997 6.22276 4.67956 4.68733 5.46523 4.81973 4.0692 4.48717 4.41397 3.7842 3.32715 3.04993 3.23469 3.93007 4.22057 4.91029 5.92615 6.07509 6.05031 6.48015 6.50531 6.5191 6.53905 6.54247 6.54258 6.53391 6.45501 6.27308 5.5197 4.86343 3.9487 3.83983 4.91989 5.39991 5.84553 6.16056 6.26644
-9999 -9999 -9999 -9999 -9999 -9999 -9999 -0.0679658 1.49076 3.19679 4.7943 6.30574 7.60677 7.70882 8.39563 8.39618 8.7565 8.65477 8.17443 7.65713 6.70151 4.75251 3.11351 1.32585 1.79701 3.77581 4.03155 3.16908 1.5757 3.22139 5.0364 6.6816 7.57273 6.8759 7.59256 7.53545 7.0581 6.14031 4.71232 4.74207 3.673 3.62945 4.18325 4.36534 4.27713 3.93484 3.38919 3.4905 3.91392 4.0252 4.6594 5.44842 6.21981 6.35275 6.50305 6.51325 6.51954 6.5354 6.54088 6.52889 6.49371 6.4109 5.77982 5.02861 4.56766 3.93164 3.85863 5.10008 5.6065 5.89068 6.1635 6.27406
-9999 -9999 -9999 -9999 -9999 -9999 -9999 -9999 1.33386 3.09635 4.401 4.75365 5.91032 6.5356 7.01973 7.1281 8.5064 8.5834 8.27919 7.80406 6.98909 5.51023 4.47977 2.76508 1.53248 2.03877 2.27065 2.72371 2.59039 3.3246 5.06887 6.8863 7.08544 5.93257 6.1049 6.34804 6.89113 6.61874 4.67205 3.68439 2.8652 3.45203 4.06938 4.22127 4.25439 4.13934 4.01353 3.77899 4.60489 5.21709 5.36225 5.89645 6.29187 6.40397 6.48937 6.50338 6.51754 6.52163 6.50279 6.49026 6.39611 6.18017 5.47365 3.76872 3.85295 3.67259 3.14548 4.36056 5.1384 5.82214 6.18772 6.28564
-9999 -9999 -9999 -9999 -9999 -9999 -9999 -9999 0.75052 2.78955 3.22182 3.19178 2.51921 2.83141 5.33322 5.8381 7.15997 8.41152 8.32057 7.8544 7.09189 6.21121 4.84739 2.91891 1.38648 0.740206 2.38755 4.00422 4.33888 4.85634 5.92546 6.12934 4.95092 3.84613 4.46859 4.84433 6.27143 6.53363 6.25888 5.08702 3.74697 3.04887 3.87918 3.99284 4.0457 4.05884 4.04137 4.01299 4.94195 5.45878 5.81856 6.01632 6.35646 6.44652 6.47807 6.50795 6.50583 6.49243 6.44328 6.38687 6.12513 5.8075 4.64743 3.68105 3.08014 2.31631 4.05231 4.57884 5.30687 5.77496 6.13862 6.22205
