Test_Spring_2018/02_18/Temp/20180219_015.txt
ncols	170
nrows	115
xllcorner	350000.000000
yllcorner	4445000.000000
cellsize	1000.000000
nodata_value	-9999.000000
[rows 32 to 63 of 115, columns 72 to 143 of 170]
10.1881 9.84796 10.3841 10.8781 10.5814 10.3884 11.1996 11.2033 10.9322 10.2905 10.0574 9.81552 9.66871 8.84448 6.52538 4.43505 5.56048 5.59053 4.8181 6.21259 5.48089 3.56688 0.863542 2.33748 1.95744 0.0329941 -0.440601 -9999 -9999 -9999 -9999 -9999 -9999 -9999 -9999 -9999 -9999 -9999 -9999 -9999 -9999 -9999 -9999 -9999 -9999 -9999 -9999 -9999 -9999 -9999 -9999 -9999 -9999 -9999 -9999 -9999 -9999 -9999 -9999 -9999 -9999 -9999 -9999 -9999 -9999 -9999 -9999 -9999 -9999 -9999 -9999 -9999
9.74034 9.59658 10.3914 10.379 10.3304 10.6221 11.1284 11.2318 11.1284 10.8506 10.6107 10.3552 9.70125 8.75789 6.77368 4.3939 3.85686 5.02676 5.0861 5.27689 4.61033 3.77218 2.45909 3.53985 3.96129 2.69568 1.04279 -0.0158908 -9999 -9999 -9999 -9999 -9999 -9999 -9999 -9999 -9999 -9999 -9999 -9999 -9999 -9999 -9999 -9999 -9999 -9999 -9999 -9999 -9999 -9999 -9999 -9999 -9999 -9999 -9999 -9999 -9999 -9999 -9999 -9999 -9999 -9999 -9999 -9999 -9999 -9999 -9999 -9999 -9999 -9999 -9999 -9999
9.20386 8.44107 8.92169 9.28359 9.94787 10.1286 10.2316 11.1786 11.1324 11.0925 10.6936 10.3754 9.84556 8.93783 7.64383 6.08502 3.36812 5.04902 6.36591 6.33558 6.26687 5.68061 4.41924 5.48009 5.53267 3.91413 2.08213 1.00576 0.562026 -9999 -9999 -9999 -9999 -9999 -9999 -9999 -9999 -9999 -9999 -9999 -9999 -9999 -9999 -9999 -9999 -9999 -9999 -9999 -9999 -9999 -9999 -9999 -9999 -9999 -9999 -9999 -9999 -9999 -9999 -9999 -9999 -9999 -9999 -9999 -9999 -9999 -9999 -9999 -9999 -9999 -9999 -9999
8.59225 7.65953 8.143 8.78684 9.69457 10.165 10.5265 10.8124 11.104 11.0739 10.6656 9.45215 9.28214 9.23324 8.38821 6.6106 4.83524 4.37785 6.38497 6.96174 6.84805 7.29859 6.23051 6.73966 6.53504 5.96354 4.19641 2.58895 1.92626 0.614188 -9999 -9999 -9999 -9999 -9999 -9999 -9999 -9999 -9999 -9999 -9999 -9999 -9999 -9999 -9999 -9999 -9999 -9999 -9999 -9999 -9999 -9999 -9999 -9999 -9999 -9999 -9999 -9999 -9999 -9999 -9999 -9999 -9999 -9999 -9999 -9999 -9999 -9999 -9999 -9999 -9999 -9999
-9999 -9999 7.0872 7.9628 8.69064 9.57417 10.3414 10.7272 11.1021 11.0763 10.2564 9.8574 9.8261 9.27383 8.29776 7.68645 6.56997 5.40646 5.85551 7.56747 6.81047 8.0241 7.9246 8.14995 7.34354 5.81005 3.75801 2.56381 1.97134 0.908781 -9999 -9999 -9999 -9999 -9999 -9999 -9999 -9999 -9999 -9999 -9999 -9999 -9999 -9999 -9999 -9999 -9999 -9999 -9999 -9999 -9999 -9999 -9999 -9999 -9999 -9999 -9999 -9999 -9999 -9999 -9999 -9999 -9999 -9999 -9999 -9999 -9999 -9999 -9999 -9999 -9999 -9999
-9999 -9999 -9999 7.81579 8.37188 9.55629 10.1687 10.4205 11.0228 11.0283 10.7203 10.4888 10.1509 9.70816 8.97557 8.16679 7.11693 7.02284 8.11917 8.1358 7.91047 8.09287 8.65731 8.51208 7.25829 5.1012 3.96148 1.63387 0.642369 0.747271 0.0455917 -9999 -9999 -9999 -9999 -9999 -9999 -9999 -9999 -9999 -9999 -9999 -9999 2.77587 -9999 -9999 -9999 -9999 -9999 -9999 -9999 -9999 -9999 -9999 -9999 -9999 -9999 -9999 -9999 -9999 -9999 -9999 -9999 -9999 -1.45169 -9999 -9999 -9999 -9999 -9999 -9999 -9999
-9999 -9999 7.71787 8.46014 9.03814 9.78223 9.85523 10.3016 10.9937 11.008 10.7909 10.545 9.98671 9.85136 9.43605 8.55765 8.38074 8.74167 8.90959 9.09936 9.2173 9.12693 8.9023 8.61112 7.80334 6.8033 6.13312 4.00819 2.93745 1.91444 0.364584 -0.847007 -9999 -9999 -9999 -9999 -9999 -9999 -9999 1.97514 1.91913 1.94807 2.28981 3.23114 2.67907 -9999 -9999 -9999 -9999 -9999 -9999 -9999 -9999 -9999 -9999 -9999 -9999 -9999 -9999 -9999 -9999 -9999 -9999 -9999 -0.588306 -1.81027 -9999 -9999 -9999 -9999 -9999 -9999
-9999 -9999 7.93115 8.71069 9.10226 9.8252 10.2409 10.5135 10.7563 10.9886 10.9547 10.6822 10.2653 10.2722 9.69579 9.38665 9.16679 9.65378 9.75258 9.56162 9.32121 9.10888 8.50308 8.43548 8.23708 7.60333 6.56144 5.48789 3.92896 1.8238 -0.240426 -1.90457 -9999 -9999 -9999 -9999 -9999 -9999 2.16435 2.94768 3.41732 2.42327 3.27426 4.05185 3.92798 3.16818 -9999 -9999 -9999 -9999 -9999 -9999 -9999 -9999 -9999 -9999 -9999 -9999 -9999 -9999 5.21878 3.96656 1.43494 0.13787 -0.639923 -1.75108 -9999 -9999 -9999 -9999 -9999 -9999
-9999 -9999 7.78904 8.70904 9.33388 9.88916 9.98204 10.5541 10.8011 10.928 10.9181 10.8677 10.7945 10.2922 10.0783 9.31658 10.0526 10.0283 9.84608 9.11525 8.80005 7.54289 6.99123 6.86746 7.92966 7.14926 5.51706 3.47614 1.02303 0.860136 0.0515376 -1.43512 -9999 -9999 -9999 -9999 -9999 -9999 2.42233 3.25993 3.95884 4.06133 3.0726 4.4536 4.39467 3.62137 3.44536 4.07821 4.39902 4.15665 4.90773 5.13043 4.79087 5.16727 -9999 -9999 -9999 -9999 5.40242 5.45538 5.49567 4.97492 2.20897 0.320108 -1.37617 -1.53456 -9999 -9999 -9999 -9999 -9999 -9999
-9999 -9999 8.43447 9.00267 9.29245 9.34352 9.84262 10.3436 10.6488 10.8775 10.8374 10.8238 10.8089 10.6399 10.2414 10.3177 10.2887 10.0573 8.66356 7.03611 7.74988 6.78222 4.71413 6.39725 7.32478 6.44013 4.46166 2.16731 1.41846 1.44755 0.321678 -1.12476 -9999 -9999 -9999 0.147255 1.34751 1.45493 1.81045 2.92713 3.77655 4.41296 4.84826 4.83403 4.36971 3.61277 2.79016 3.08192 4.55885 4.91886 5.21424 5.44489 5.12976 5.29938 5.69688 5.90371 5.94791 5.85773 5.83914 5.87389 5.82893 5.34329 2.86713 1.45149 0.54846 -1.27067 -9999 -9999 -9999 -9999 -9999 -9999
-9999 -9999 8.09161 8.5863 8.98803 9.65428 9.72902 10.1512 10.4059 10.7756 10.8217 10.3956 10.756 10.7143 10.6518 10.5144 10.3112 9.1353 7.51312 5.88676 5.13748 5.46235 4.21874 4.85841 5.79829 5.45612 4.24716 2.20355 1.9186 1.4463 -0.455589 -2.2808 -9999 -9999 -2.16272 0.137373 1.7578 2.59501 2.85607 2.88296 3.95262 4.03728 5.18757 4.91814 3.392 3.56168 2.9632 3.3451 3.88752 4.0357 4.8123 5.55841 5.70167 5.70712 5.9612 6.01574 6.03204 6.02847 5.86079 5.94145 5.95574 5.65372 3.86177 2.98846 2.0247 -1.22907 -9999 -9999 -9999 -9999 -9999 -9999
-9999 -9999 8.35587 8.90844 9.5133 9.61539 10.065 10.0248 9.90546 10.5301 10.7591 10.4597 10.2453 10.6529 10.629 10.5792 10.4946 9.38978 8.11052 6.17206 4.96862 4.23494 3.71388 3.01649 3.50059 3.35625 3.16194 3.39211 2.83063 1.7114 0.60285 -1.47958 -2.60113 -9999 -2.02417 -0.98365 0.942978 2.58032 3.62027 3.24933 4.46533 4.69122 5.39215 4.98002 4.05108 3.65285 3.61598 3.49327 4.31023 4.85482 5.24024 5.50039 5.8213 5.90566 5.99087 6.02832 6.05024 6.07242 6.07126 6.06759 6.03372 5.9215 5.09846 4.22599 2.3403 -1.10777 -9999 -9999 -9999 -9999 -9999 -9999
-9999 6.76612 8.30467 9.22831 9.58887 9.85058 10.082 10.2509 10.4299 10.5957 10.7113 10.6666 9.86597 9.93597 10.0847 10.5454 10.5164 10.4195 9.72149 7.36212 6.54941 5.36109 3.81924 3.17347 3.49907 4.76855 4.71516 3.8798 2.94866 1.65983 0.839772 -0.432823 -2.88301 -2.65754 -1.54842 -0.722184 0.588631 2.58939 3.99224 4.61893 4.85602 5.34876 5.60424 5.03899 4.49689 4.26931 3.84931 3.78859 3.79025 4.28335 4.66573 5.51989 5.80966 5.94063 6.01073 6.05011 6.07983 6.10917 6.12143 6.10793 6.1114 6.10682 6.04743 4.88644 1.97922 -0.211299 -9999 -9999 -9999 -9999 -9999 -9999
-9999 -9999 8.03266 8.44144 8.55193 8.74195 9.12601 9.56814 10.1942 10.2788 10.6247 10.6278 9.93738 9.14043 9.84246 10.1235 10.4145 10.4264 10.3393 8.35827 7.32309 6.50874 5.03052 5.56499 6.07555 6.11713 5.81401 4.01912 2.23171 0.169969 -1.75523 -1.84341 -2.87844 -2.32638 -1.59192 0.28553 1.60766 2.14562 2.53221 4.56451 5.09391 5.27498 5.79417 5.08419 4.89935 4.36458 4.52081 4.47221 4.47352 2.99649 4.47365 4.56101 5.52594 5.95849 6.05748 6.08762 6.11976 6.128 6.13712 6.13593 6.1485 6.13595 6.12131 5.36717 1.68063 -0.171196 -9999 -9999 -9999 -9999 -9999 -9999
-9999 -9999 -9999 -9999 8.18207 8.4954 8.69818 9.04551 10.1005 10.3879 10.5803 10.601 10.2962 9.50689 9.30216 9.4514 8.6811 9.33238 10.2219 10.2033 10.0992 8.35739 7.46545 8.33276 8.07294 6.76406 5.73475 4.71906 2.6258 1.09416 -1.11284 -2.76899 -2.82734 -0.990831 0.534091 2.43395 3.2744 2.80206 3.32042 4.33068 5.47721 6.03129 5.90008 5.15158 5.04149 4.21775 5.02277 5.08968 4.71223 4.38605 4.51201 4.98867 5.17097 5.92649 6.11097 6.14417 6.15371 6.16066 6.16114 6.16025 6.15354 6.14796 6.13922 6.10652 2.31705 -0.632297 -9999 -9999 -9999 -9999 -9999 -9999
-9999 -9999 -9999 -9999 7.46606 7.65891 8.1578 9.43102 10.101 10.374 10.3698 10.4985 10.2849 9.5912 8.87881 8.20706 7.33959 7.84181 9.16397 9.94487 10.0368 8.51044 9.30753 9.01243 8.42788 6.71519 5.45389 4.78683 2.77733 1.05717 -0.409878 -2.43676 -1.56393 -0.602938 0.630257 2.70194 4.10131 4.67807 4.19988 4.84661 6.16587 6.17349 5.45204 5.49777 5.05311 3.92812 5.0945 5.42104 5.15376 5.22066 5.11834 5.29531 5.61894 5.92932 6.13679 6.16701 6.17288 6.17002 6.17343 6.17744 6.16585 6.16947 6.16083 6.14302 3.69744 -0.67552 -9999 -9999 -9999 -9999 -9999 -9999
-9999 -9999 -9999 -9999 -9999 6.82068 7.95246 9.64085 10.0645 10.0313 10.3836 10.4182 10.0878 9.80141 8.93578 7.75144 5.47272 6.05819 7.27564 9.02941 9.95282 9.83235 9.32173 8.43597 6.28835 4.40929 4.1839 3.87907 2.41345 1.0895 -0.542032 0.409363 1.45136 2.5911 3.19204 3.04143 4.24102 5.21928 4.80842 5.60141 6.5253 6.10728 5.85946 5.65077 5.13776 5.1049 5.1556 5.81701 5.35564 5.63598 5.63957 5.623 5.78036 5.96229 6.15421 6.18771 6.19113 6.19789 6.17948 6.19074 6.18292 6.17481 6.16713 6.15219 5.93199 3.57629 2.16919 -9999 -9999 -9999 -9999 -9999
-9999 -9999 -9999 -9999 -9999 5.79327 6.36026 8.35885 8.98023 9.86578 10.3381 10.3642 9.8033 9.49284 8.20083 7.78446 5.67704 4.72501 5.54037 5.23377 7.6473 9.78341 9.32049 5.01946 3.46367 2.35491 2.64379 2.64984 2.24437 -0.0120436 -0.63131 1.39623 2.67448 3.66594 4.41913 4.57937 4.55776 6.08613 6.29118 6.78862 6.68228 6.72871 5.9589 5.4818 5.89239 5.41052 5.32641 6.00987 5.33259 5.94152 5.86595 5.68196 5.6724 6.07547 6.15844 6.2036 6.20899 6.19678 6.18046 6.1719 6.18818 6.18495 6.16505 6.16812 6.14769 5.86707 4.64891 4.22351 4.69616 -9999 -9999 -9999
-9999 -9999 -9999 -9999 -9999 -9999 4.5132 7.28869 8.56013 9.22986 10.1708 10.2882 9.99295 9.4518 8.13555 6.97861 5.09519 2.94373 1.80586 5.22762 8.20626 9.76282 9.56003 5.98053 4.56986 4.50764 5.34382 4.6445 4.115 2.40115 1.89158 1.18202 1.62563 3.006 4.13389 5.22225 6.01455 6.08267 6.59762 6.89224 6.91779 7.01055 6.9201 6.8457 6.09777 6.60915 6.172 6.40119 6.25065 6.11478 5.99591 5.57037 5.87062 6.13722 6.20716 6.22979 6.21647 6.21607 6.20859 6.1877 6.17789 6.17908 6.17909 6.16756 6.16902 6.15553 6.01985 5.28721 4.30599 3.06613 -9999 -9999
-9999 -9999 -9999 -9999 -9999 -9999 3.14112 5.903 7.23719 8.95188 9.83725 10.1995 10.1563 9.71853 8.71937 7.21356 5.95997 3.55774 1.06335 4.65535 7.8541 9.58274 9.67835 6.66808 7.50637 6.83523 7.11091 5.87928 5.36972 4.9677 4.08454 3.11854 2.06179 1.50414 4.03158 5.33129 6.37789 6.8732 7.15444 7.29604 7.22309 7.03181 5.9114 6.76547 6.71467 6.62814 6.52898 6.48012 6.39005 6.28439 6.21961 6.19716 5.91503 6.23502 6.22825 6.23436 6.23834 6.23306 6.22068 6.21058 6.1973 6.19869 6.1884 6.17959 6.17378 6.16975 6.16176 6.1223 5.92815 4.26308 3.2674 2.98512
-9999 -9999 -9999 -9999 -9999 -9999 -0.721 3.29476 6.52564 8.21339 9.58908 9.96944 10.1139 9.52526 9.08605 8.00783 6.98715 5.41034 3.04647 1.59279 4.28379 8.19251 9.63402 9.52221 9.4358 8.65934 7.95994 7.87468 7.93104 7.11648 5.92865 4.37428 3.89122 3.3488 5.23208 5.49066 5.35687 7.42691 7.43471 7.31995 6.53145 5.64695 5.81595 5.26419 5.67875 5.0243 5.62358 6.14134 6.33386 6.31651 6.24448 6.23527 6.20392 6.25876 6.25878 6.25147 6.24689 6.24605 6.24159 6.22112 6.21114 6.22342 6.20662 6.19705 6.1837 6.18215 6.17887 6.15 6.1237 5.86829 5.48392 4.74679
-9999 -9999 -9999 -9999 -9999 -9999 -0.535328 2.84472 5.71048 7.43268 9.08672 9.47344 10.0341 9.91778 9.45756 8.52084 7.34968 6.05271 4.02532 2.51971 4.32049 6.91809 8.77878 9.44447 9.4387 9.39761 9.2247 9.15654 8.95448 8.81148 7.9597 6.49069 5.66252 4.44905 6.54722 6.78559 6.46115 7.50973 7.46013 5.88165 4.6682 4.51845 5.2598 4.55497 4.42569 3.98134 4.47659 5.80549 5.41686 5.49222 6.09197 6.19059 6.25246 6.26992 6.26664 6.2653 6.25721 6.26145 6.26606 6.24581 6.23835 6.23638 6.21668 6.21044 6.19683 6.18547 6.17207 6.15715 6.13342 6.06145 5.98381 6.0641
-9999 -9999 -9999 -9999 -9999 -9999 -0.453113 1.82057 4.3999 6.93322 8.69937 9.41407 9.93546 9.93377 9.39819 8.93456 8.2019 7.06134 6.28044 4.92162 3.05515 6.19635 7.16405 8.02257 8.38933 9.28774 9.2692 8.8623 8.38527 8.83003 8.70198 7.54044 7.16054 6.51703 7.68524 7.69103 7.66169 7.6021 6.26911 4.41497 2.93315 4.00283 3.78104 4.27029 2.74636 3.9979 5.00266 5.32768 4.63896 4.13078 5.69591 5.95332 6.1078 6.20725 6.27327 6.25911 6.27724 6.27062 6.26901 6.26719 6.25708 6.25223 6.24172 6.23061 6.2138 6.20418 6.18801 6.16962 6.16913 6.12659 6.11219 6.09501
-9999 -9999 -9999 -9999 -9999 -9999 -9999 0.495072 3.76533 6.68392 8.31049 9.33477 9.83568 9.83043 9.55841 9.24479 8.79196 7.97023 6.93704 5.302 4.08942 4.86652 5.8151 5.92072 6.55134 8.37294 8.99733 8.12014 5.94633 7.23231 8.66766 8.64701 8.52741 8.39338 8.218 8.06316 7.7209 6.79926 3.96997 3.41823 2.30965 2.43787 1.86952 3.11315 2.64217 3.9206 4.47413 4.68243 3.49905 3.7462 5.13211 5.68155 5.59017 5.92804 6.2485 6.26077 6.27217 6.26643 6.27631 6.28204 6.27994 6.27121 6.26381 6.259 6.22872 6.23142 6.12795 6.0611 5.92376 6.09663 6.11416 6.11941
-9999 -9999 -9999 -9999 -9999 -9999 -9999 -0.141431 3.12069 6.55728 7.66335 8.76741 9.7208 9.74317 9.32552 8.92859 8.51972 8.05377 6.79963 5.58368 4.42306 4.03643 4.27556 4.25798 5.27593 7.64807 8.10999 7.9175 5.64575 4.87905 6.79571 8.40694 8.53623 8.39305 6.50276 6.90877 5.8904 4.50822 4.12982 3.52623 2.24758 2.86627 1.92962 2.33317 2.21759 2.94355 3.29723 4.16016 3.12909 3.13137 4.49213 5.18011 5.19766 5.92047 6.17913 6.2483 6.26746 6.28227 6.28838 6.30303 6.29984 6.29274 6.28211 6.25089 6.17171 5.91394 4.54414 4.54779 4.92547 5.28288 5.92708 6.1105
-9999 -9999 -9999 -9999 -9999 -9999 -9999 0.245915 2.51099 5.5609 7.82108 7.96689 9.06774 9.63793 9.18352 8.67143 8.14749 7.9209 6.55559 5.05548 3.84432 2.40989 2.65127 3.68864 5.37832 6.91185 7.18877 6.87568 5.65886 6.23722 7.54525 8.24106 8.44812 8.28992 7.88036 7.64489 6.89566 6.57249 5.53074 3.90022 3.25932 3.66876 1.93678 2.05931 2.70138 2.01142 3.13427 3.67148 2.34053 3.39296 4.5992 5.21618 5.75593 6.01212 6.11524 6.27303 6.27937 6.29508 6.30512 6.30597 6.30913 6.2871 6.26932 6.12682 5.915 4.64044 4.10052 4.20694 4.79916 5.31788 5.85556 6.07899
-9999 -9999 -9999 -9999 -9999 -9999 -9999 0.641755 2.68167 5.32683 6.9396 7.23154 8.45204 9.53776 9.42106 8.88817 8.72883 8.17649 7.0192 5.7405 4.34247 3.66506 2.10195 3.64938 4.87014 6.16934 6.77888 5.77962 5.27989 6.17298 7.06081 7.41708 8.31367 8.30797 8.01947 6.76639 6.15678 6.41837 6.15791 5.69966 4.57785 4.52983 3.80949 3.51184 3.23047 2.30336 2.88909 2.94787 3.10384 4.37085 4.99899 5.41582 5.79526 5.89585 6.06198 6.27743 6.29845 6.3086 6.31035 6.31721 6.30444 6.24662 6.19826 5.90841 5.393 4.42886 2.85423 3.96045 5.11698 5.46263 5.79585 5.97227
-9999 -9999 -9999 -9999 -9999 -9999 -9999 0.305509 2.47239 4.73386 5.68189 5.84641 8.05209 9.40427 9.41081 9.16044 8.86732 7.49665 7.58169 7.31103 6.05028 4.21183 2.19226 2.38629 3.59024 5.30647 5.8761 4.22269 3.64094 4.07424 5.41533 6.61607 7.86965 8.19018 7.82609 5.87397 3.79923 4.76551 5.79768 5.79444 5.49463 4.45415 4.12488 3.8267 3.0673 1.77366 1.95916 2.31776 3.75368 4.20973 4.91414 5.49945 5.28024 5.4105 5.97122 6.29392 6.30819 6.3163 6.32941 6.32469 6.30824 6.18995 6.06445 5.85192 4.50396 3.66645 2.44376 3.85895 4.64799 5.06375 5.81531 5.99619
-9999 -9999 -9999 -9999 -9999 -9999 -9999 -0.353233 1.22065 3.38256 4.25652 5.64781 7.73255 8.76011 9.2549 9.2484 9.05448 8.44308 8.0772 7.35203 6.04026 4.245 2.24887 0.950804 1.61688 3.91856 4.46541 2.94191 2.16882 3.13878 4.56789 6.68243 7.89184 8.05769 7.95147 7.55118 6.03716 4.20726 4.21605 5.1376 4.37078 3.47894 3.97232 3.88286 3.13308 2.58785 2.24434 2.44964 3.26988 3.61003 4.42384 5.62469 5.79785 5.76534 6.27221 6.29945 6.31341 6.33478 6.33659 6.33443 6.32175 6.22559 6.00705 5.11058 4.32898 3.24062 3.10763 4.36332 4.91777 5.43012 5.79992 5.92195
-9999 -9999 -9999 -9999 -9999 -9999 -9999 -1.49502 0.356056 2.38173 4.27866 6.07351 7.61881 7.74236 8.55937 8.56269 8.99275 8.87504 8.30854 7.6984 6.56871 4.26124 2.32157 0.205778 0.76868 3.11416 3.42469 2.40519 0.518815 2.47321 4.62814 6.58144 7.64022 6.81561 7.66678 7.59998 7.03442 5.94613 4.25239 4.28681 3.01777 2.96439 3.61895 3.83236 3.72492 3.31596 2.65489 2.76053 3.25845 3.38623 4.13433 5.0663 5.97766 6.13222 6.30763 6.31712 6.32213 6.33859 6.34276 6.32616 6.28196 6.1811 5.42987 4.53594 3.98594 3.2281 3.13766 4.59558 5.16989 5.49098 5.81077 5.93838
-9999 -9999 -9999 -9999 -9999 -9999 -9999 -9999 0.177847 2.2706 3.82037 4.24118 5.61539 6.35947 6.93618 7.06738 8.70456 8.79878 8.4411 7.88092 6.91794 5.16791 3.94979 1.92046 0.462929 1.05857 1.34444 1.88485 1.72979 2.60329 4.67431 6.8318 7.06999 5.70457 5.91024 6.19946 6.84394 6.52097 4.21215 3.0401 2.06738 2.76153 3.49146 3.66909 3.70557 3.56611 3.39349 3.11051 4.08558 4.80743 4.97569 5.60555 6.07113 6.20103 6.29951 6.31353 6.32788 6.33036 6.30567 6.28839 6.1742 5.91542 5.07467 3.04974 3.14617 2.92861 2.29967 3.72439 4.61017 5.41706 5.84683 5.95942
-9999 -9999 -9999 -9999 -9999 -9999 -9999 -9999 -0.506082 1.91471 2.4301 2.3972 1.60232 1.97517 4.9445 5.54588 7.11615 8.60313 8.4983 7.94871 7.04789 6.00716 4.39369 2.11083 0.297749 -0.465305 1.48649 3.41136 3.81127 4.42779 5.69824 5.94241 4.5471 3.23874 3.97821 4.42469 6.11745 6.42839 6.10215 4.71162 3.1212 2.29159 3.27397 3.4062 3.46602 3.4785 3.44363 3.39702 4.49308 5.10182 5.52459 5.75551 6.15557 6.25938 6.29406 6.32695 6.32204 6.30381 6.24319 6.17388 5.86094 5.48152 4.10289 2.95367 2.23756 1.328 3.38257 3.99047 4.82993 5.36852 5.79591 5.89122
