Test_Spring_2018/02_18/Temp/20180225_023.txt
ncols	170
nrows	115
xllcorner	350000.000000
yllcorner	4445000.000000
cellsize	1000.000000
nodata_value	-9999.000000
[rows 31 to 61 of 115, columns 70 to 139 of 170]
3.42611 4.10378 4.35704 3.8966 3.94949 5.07125 5.33336 5.3226 5.24286 5.14156 4.6147 4.44147 4.02699 3.29336 2.98823 1.67956 -2.56079 -1.35575 -0.882364 -2.10941 -1.41919 -0.298087 -1.26881 -4.15547 -5.39761 -7.40008 -6.77082 -7.37328 -8.98598 -9999 -9999 -9999 -9999 -9999 -9999 -9999 -9999 -9999 -9999 -9999 -9999 -9999 -9999 -9999 -9999 -9999 -9999 -9999 -9999 -9999 -9999 -9999 -9999 -9999 -9999 -9999 -9999 -9999 -9999 -9999 -9999 -9999 -9999 -9999 -9999 -9999 -9999 -9999 -9999 -9999
3.56853 3.88171 3.85921 3.41584 4.11655 4.76228 4.38184 4.13563 5.20152 5.20651 4.85266 4.01478 3.71007 3.39375 3.20134 2.12439 -0.904262 -3.63432 -2.1662 -2.12816 -3.13778 -1.31846 -2.27492 -4.77492 -8.30543 -6.38246 -6.87993 -9.38961 -10.0052 -9999 -9999 -9999 -9999 -9999 -9999 -9999 -9999 -9999 -9999 -9999 -9999 -9999 -9999 -9999 -9999 -9999 -9999 -9999 -9999 -9999 -9999 -9999 -9999 -9999 -9999 -9999 -9999 -9999 -9999 -9999 -9999 -9999 -9999 -9999 -9999 -9999 -9999 -9999 -9999 -9999
2.73558 3.50746 3.27802 3.09086 4.12918 4.11368 4.05261 4.44377 5.11174 5.24699 5.11211 4.74944 4.43594 4.10196 3.24756 2.01518 -0.576186 -3.68409 -4.38637 -2.86028 -2.78408 -2.53633 -3.40787 -4.50346 -6.21908 -4.80953 -4.26074 -5.91245 -8.06547 -9.44284 -9999 -9999 -9999 -9999 -9999 -9999 -9999 -9999 -9999 -9999 -9999 -9999 -9999 -9999 -9999 -9999 -9999 -9999 -9999 -9999 -9999 -9999 -9999 -9999 -9999 -9999 -9999 -9999 -9999 -9999 -9999 -9999 -9999 -9999 -9999 -9999 -9999 -9999 -9999 -9999
1.61131 2.93166 2.58088 1.58548 2.21354 2.68674 3.56097 3.80921 3.94428 5.18087 5.12088 5.0689 4.54803 4.13223 3.44001 2.25424 0.564017 -1.47209 -5.02023 -2.82709 -1.10925 -1.15029 -1.24148 -2.00836 -3.65661 -2.27316 -2.20601 -4.3149 -6.69893 -8.10584 -8.68683 -9999 -9999 -9999 -9999 -9999 -9999 -9999 -9999 -9999 -9999 -9999 -9999 -9999 -9999 -9999 -9999 -9999 -9999 -9999 -9999 -9999 -9999 -9999 -9999 -9999 -9999 -9999 -9999 -9999 -9999 -9999 -9999 -9999 -9999 -9999 -9999 -9999 -9999 -9999
-9999 2.12329 1.78555 0.56827 1.20005 2.04135 3.23243 3.85424 4.33262 4.7064 5.08742 5.0484 4.51547 2.93109 2.70876 2.64432 1.54028 -0.781461 -3.10046 -3.69898 -1.08017 -0.328786 -0.478866 0.107648 -1.28841 -0.625329 -0.894054 -1.63766 -3.93862 -6.03578 -6.90258 -8.61713 -9999 -9999 -9999 -9999 -9999 -9999 -9999 -9999 -9999 -9999 -9999 -9999 -9999 -9999 -9999 -9999 -9999 -9999 -9999 -9999 -9999 -9999 -9999 -9999 -9999 -9999 -9999 -9999 -9999 -9999 -9999 -9999 -9999 -9999 -9999 -9999 -9999 -9999
-9999 -9999 -9999 -9999 -0.175314 0.973494 1.93117 3.08593 4.0943 4.59869 5.08877 5.0555 3.98544 3.46456 3.42347 2.70196 1.42691 0.627774 -0.83112 -2.35161 -1.76705 0.466159 -0.523956 1.0586 0.926866 1.2193 0.164835 -1.82838 -4.50808 -6.06553 -6.8406 -8.22934 -9999 -9999 -9999 -9999 -9999 -9999 -9999 -9999 -9999 -9999 -9999 -9999 -9999 -9999 -9999 -9999 -9999 -9999 -9999 -9999 -9999 -9999 -9999 -9999 -9999 -9999 -9999 -9999 -9999 -9999 -9999 -9999 -9999 -9999 -9999 -9999 -9999 -9999
-9999 -9999 -9999 -9999 -9999 0.784393 1.51785 3.0655 3.87203 4.20183 4.98911 4.99699 4.59547 4.29344 3.85222 3.27385 2.31671 1.25974 -0.112264 -0.236761 1.19265 1.21236 0.916111 1.15217 1.88705 1.69552 0.0603895 -2.75084 -4.24033 -7.27665 -8.57261 -8.43713 -9.35461 -9999 -9999 -9999 -9999 -9999 -9999 -9999 -9999 -9999 -9999 -9999 -9999 -5.81042 -9999 -9999 -9999 -9999 -9999 -9999 -9999 -9999 -9999 -9999 -9999 -9999 -9999 -9999 -9999 -9999 -9999 -9999 -9999 -9999 -11.3503 -9999 -9999 -9999
-9999 -9999 -9999 -9999 0.653628 1.63426 2.39034 3.36344 3.46019 4.05018 4.95494 4.97466 4.69206 4.37149 3.64282 3.46584 2.92293 1.77503 1.54256 2.01192 2.22906 2.47455 2.62619 2.50591 2.21041 1.8282 0.781346 -0.525953 -1.40244 -4.17749 -5.57353 -6.91047 -8.93518 -10.5182 -9999 -9999 -9999 -9999 -9999 -9999 -9999 -6.84671 -6.92164 -6.8856 -6.44107 -5.2136 -5.93564 -9999 -9999 -9999 -9999 -9999 -9999 -9999 -9999 -9999 -9999 -9999 -9999 -9999 -9999 -9999 -9999 -9999 -9999 -9999 -10.2213 -11.8186 -9999 -9999
-9999 -9999 -9999 -9999 0.944332 1.96352 2.47652 3.42237 3.9672 4.3303 4.64894 4.95362 4.91051 4.55553 4.0116 4.02034 3.26719 2.8624 2.57371 3.20744 3.33408 3.08224 2.76577 2.48599 1.69266 1.60213 1.35021 0.521091 -0.84066 -2.24354 -4.27649 -7.02612 -9.72224 -11.896 -9999 -9999 -9999 -9999 -9999 -9999 -6.59501 -5.57433 -4.96315 -6.26276 -5.15352 -4.13992 -4.30298 -5.29019 -9999 -9999 -9999 -9999 -9999 -9999 -9999 -9999 -9999 -9999 -9999 -9999 -9999 -9999 -2.6295 -4.2665 -7.57382 -9.26939 -10.287 -11.7396 -9999 -9999
-9999 -9999 -9999 -9999 0.76039 1.96326 2.78116 3.50854 3.63241 4.38777 4.71116 4.87872 4.8673 4.80252 4.70744 4.05164 3.77179 2.77603 3.73512 3.70103 3.46056 2.5036 2.08918 0.44507 -0.277839 -0.433408 0.951253 -0.0693544 -2.20174 -4.86748 -8.06786 -8.28173 -9.33851 -11.2805 -9999 -9999 -9999 -9999 -9999 -9999 -6.25563 -5.16422 -4.25386 -4.12205 -5.41469 -3.61342 -3.6863 -4.69692 -4.92756 -4.10202 -3.68371 -4.00014 -3.02019 -2.72991 -3.17376 -2.68307 -9999 -9999 -9999 -9999 -2.38312 -2.3161 -2.26578 -2.948 -6.56139 -9.0297 -11.2465 -11.4512 -9999 -9999
-9999 -9999 -9999 -9999 1.60431 2.34822 2.72909 2.79867 3.45336 4.11631 4.51615 4.81916 4.76837 4.75171 4.73287 4.51208 3.9911 4.08927 4.04948 3.74484 1.92248 -0.205214 0.723517 -0.544712 -3.242 -1.04507 0.163718 -0.993025 -3.57745 -6.57399 -7.5494 -7.51264 -8.98352 -10.871 -9999 -9999 -9999 -9.21604 -7.65091 -7.51265 -7.05059 -5.59488 -4.48805 -3.66106 -3.09471 -3.11155 -3.71754 -4.70674 -5.78144 -5.40109 -3.47332 -3.00359 -2.618 -2.31719 -2.72901 -2.50626 -1.9883 -1.71949 -1.66328 -1.78275 -1.80901 -1.76584 -1.82686 -2.46328 -5.70035 -7.55101 -8.73234 -11.1069 -9999 -9999
-9999 -9999 -9999 -9999 1.1624 1.8106 2.33784 3.21009 3.311 3.86555 4.20616 4.68991 4.75202 4.19709 4.66822 4.61375 4.5314 4.35058 4.08304 2.54519 0.424287 -1.70229 -2.6839 -2.25821 -3.88469 -3.05036 -1.82551 -2.27581 -3.853 -6.52218 -6.8952 -7.5099 -9.99425 -12.3782 -9999 -9999 -12.2281 -9.22698 -7.11337 -6.02242 -5.68377 -5.65088 -4.25661 -4.14817 -2.64834 -2.99863 -4.99102 -4.77044 -5.55425 -5.0561 -4.34549 -4.1523 -3.13808 -2.16483 -1.9783 -1.97188 -1.64109 -1.5711 -1.55133 -1.55778 -1.77876 -1.67576 -1.65956 -2.05638 -4.39836 -5.54099 -6.79811 -11.0494 -9999 -9999
-9999 -9999 -9999 -9999 1.51146 2.23565 3.02841 3.16502 3.75541 3.7034 3.55593 4.37416 4.67406 4.28471 4.00567 4.53781 4.50581 4.43925 4.3264 2.88108 1.20757 -1.32676 -2.90156 -3.8586 -4.54192 -5.45123 -4.8213 -5.01153 -5.26672 -4.96752 -5.70286 -7.1622 -8.61052 -11.3306 -12.796 -9999 -12.0456 -10.6889 -8.17556 -6.04011 -4.68468 -5.17125 -3.58599 -3.29322 -2.37742 -2.91695 -4.12972 -4.64787 -4.69658 -4.85721 -3.791 -3.08147 -2.57779 -2.2384 -1.82032 -1.71081 -1.60045 -1.55275 -1.52566 -1.49856 -1.50222 -1.50942 -1.5562 -1.70537 -2.78253 -3.92117 -6.38529 -10.8903 -9999 -9999
-9999 -9999 -9999 -0.568522 1.44514 2.65415 3.12839 3.47377 3.77963 4.00396 4.24546 4.46286 4.61607 4.55838 3.51414 3.60561 3.79892 4.3987 4.35821 4.22855 3.31362 0.229521 -0.831929 -2.385 -4.40078 -5.24497 -4.822 -3.16646 -3.23767 -4.3295 -5.54619 -7.22726 -8.29988 -9.96239 -13.1626 -12.8696 -11.4232 -10.3463 -8.63697 -6.02712 -4.198 -3.3822 -3.07497 -2.43176 -2.09991 -2.83693 -3.54457 -3.8423 -4.39107 -4.47066 -4.46873 -3.82516 -3.32553 -2.21147 -1.83352 -1.66354 -1.57288 -1.52265 -1.48541 -1.44902 -1.43523 -1.45534 -1.45348 -1.46223 -1.54015 -3.05826 -6.85257 -9.71545 -9999 -9999
-9999 -9999 -9999 -9999 1.09049 1.62769 1.7758 2.02792 2.53345 3.11471 3.93993 4.05309 4.50682 4.51157 3.61036 2.57003 3.48566 3.85073 4.22789 4.2401 4.12244 1.53559 0.180849 -0.885447 -2.81821 -2.12171 -1.45727 -1.40477 -1.80198 -4.1465 -6.48103 -9.17128 -11.6859 -11.8024 -13.1554 -12.4363 -11.479 -9.02979 -7.30578 -6.60568 -6.10334 -3.45252 -2.76224 -2.5261 -1.84954 -2.77745 -3.01862 -3.71728 -3.51364 -3.57731 -3.57574 -5.50412 -3.57518 -3.46142 -2.20218 -1.63856 -1.51052 -1.47239 -1.43201 -1.4232 -1.41359 -1.4177 -1.40403 -1.42157 -1.44087 -2.42729 -7.24193 -9.66252 -9999 -9999
-9999 -9999 -9999 -9999 -9999 -9999 1.29399 1.70735 1.97643 2.43412 3.81939 4.19731 4.45075 4.47919 4.08187 3.05059 2.78236 2.97528 1.96684 2.81392 3.97291 3.94526 3.80612 1.52896 0.362669 1.49255 1.15127 -0.559269 -1.90454 -3.23178 -5.96562 -7.96393 -10.8465 -13.0101 -13.0877 -10.6917 -8.70288 -6.22445 -5.1293 -5.74822 -5.07385 -3.75573 -2.26052 -1.53856 -1.711 -2.68907 -2.8326 -3.90839 -2.85766 -2.77044 -3.26328 -3.68916 -3.52421 -2.90221 -2.66472 -1.67913 -1.43934 -1.39763 -1.38679 -1.37971 -1.38142 -1.38519 -1.3947 -1.40396 -1.41725 -1.46174 -6.41067 -10.264 -9999 -9999
-9999 -9999 -9999 -9999 -9999 -9999 0.360188 0.616384 1.27215 2.93867 3.82119 4.18046 4.17703 4.34643 4.06808 3.16216 2.2308 1.35185 0.216868 0.869537 2.59241 3.60856 3.72526 1.72946 2.76822 2.38059 1.6154 -0.622306 -2.27042 -3.14254 -5.76706 -8.01159 -9.92827 -12.5759 -11.4379 -10.185 -8.57691 -5.87433 -4.04955 -3.29872 -3.92478 -3.0822 -1.36141 -1.35276 -2.29565 -2.23674 -2.81698 -4.28596 -2.76342 -2.33719 -2.68616 -2.59887 -2.73195 -2.50124 -2.07929 -1.6749 -1.40514 -1.36712 -1.36128 -1.36705 -1.36494 -1.36145 -1.37859 -1.37576 -1.38884 -1.41379 -4.60816 -10.3199 -9999 -9999
-9999 -9999 -9999 -9999 -9999 -9999 -9999 -0.47701 1.00496 3.21343 3.77429 3.73353 4.19549 4.24195 3.81106 3.43675 2.30539 0.757207 -2.22028 -1.45889 0.127354 2.41368 3.616 3.45568 2.78726 1.62859 -1.17717 -3.63205 -3.92778 -4.32702 -6.24154 -7.9689 -10.1004 -8.85991 -7.50122 -6.01504 -5.23242 -5.43108 -3.86714 -2.59208 -3.13036 -2.09677 -0.89205 -1.43897 -1.76343 -2.03658 -2.70598 -2.74912 -2.68307 -1.81966 -2.42204 -2.05614 -2.051 -2.07303 -1.86822 -1.63159 -1.38223 -1.33999 -1.33732 -1.33057 -1.35674 -1.3441 -1.35626 -1.36867 -1.38039 -1.40151 -1.6905 -4.76865 -6.60736 -9999
-9999 -9999 -9999 -9999 -9999 -9999 -9999 -1.81752 -1.07309 1.54015 2.359 3.51756 4.13599 4.17116 3.43918 3.03355 1.34568 0.80003 -1.95361 -3.19965 -2.13824 -2.54161 0.60623 3.39206 2.78604 -2.83123 -4.86429 -6.3135 -5.93786 -5.93129 -6.46183 -9.40657 -10.2167 -7.57135 -5.90432 -4.61182 -3.63049 -3.42312 -3.45356 -1.46024 -1.19447 -0.546653 -0.686838 -0.627311 -1.63317 -2.25666 -1.72025 -2.34957 -2.45951 -1.56735 -2.45166 -1.65685 -1.75513 -1.99585 -2.00906 -1.48383 -1.37678 -1.31937 -1.31386 -1.332 -1.35538 -1.36865 -1.34928 -1.35523 -1.38282 -1.38032 -1.40842 -1.77749 -3.36947 -3.92654
-9999 -9999 -9999 -9999 -9999 -9999 -9999 -9999 -3.48406 0.143108 1.81047 2.68699 3.91698 4.07112 3.68765 2.97995 1.25989 -0.252535 -2.71363 -5.52481 -7.0141 -2.54986 1.33593 3.36531 3.09908 -1.57613 -3.41967 -3.50258 -2.41244 -3.32678 -4.01932 -6.25574 -6.9227 -7.85083 -7.27354 -5.47259 -4.00198 -2.5835 -1.55134 -1.46436 -0.79377 -0.410963 -0.378884 -0.258824 -0.3777 -0.475418 -1.45148 -0.784102 -1.35501 -1.05596 -1.25269 -1.43034 -1.58525 -2.14144 -1.75032 -1.40337 -1.31341 -1.28427 -1.30393 -1.30664 -1.31844 -1.34755 -1.36245 -1.36254 -1.36405 -1.38052 -1.38 -1.4003 -1.57904 -2.5372
-9999 -9999 -9999 -9999 -9999 -9999 -9999 -9999 -5.27504 -1.66606 0.0830737 2.32345 3.4836 3.95745 3.90024 3.32747 2.02141 0.053618 -1.58512 -4.72353 -7.98231 -3.29603 0.876063 3.1303 3.25274 -0.678134 0.414455 -0.463395 -0.105004 -1.71433 -2.38093 -2.90467 -4.05947 -5.32247 -6.7026 -7.43205 -4.13494 -2.44052 -1.07633 -0.43161 -0.0660884 0.117423 0.0207733 -0.2303 -1.69378 -0.579372 -0.645336 -0.758601 -0.888325 -0.952394 -1.0703 -1.20865 -1.29304 -1.32313 -1.69246 -1.27429 -1.28365 -1.27794 -1.27498 -1.28402 -1.30217 -1.31714 -1.33608 -1.33592 -1.35128 -1.36414 -1.37303 -1.38103 -1.39305 -1.44623
-9999 -9999 -9999 -9999 -9999 -9999 -9999 -9999 -10.3168 -5.07136 -0.841763 1.36255 3.16028 3.65647 3.84424 3.07448 2.4995 1.09 -0.244534 -2.30519 -5.39341 -7.29331 -3.78342 1.31742 3.19512 3.04839 2.93382 1.91851 1.00389 0.891129 0.963268 -0.0989602 -1.64917 -3.68076 -4.31229 -5.02298 -2.5668 -2.23153 -2.40832 0.292289 0.30087 0.149716 -0.880741 -2.03672 -1.81672 -2.53838 -1.99685 -2.85165 -2.06965 -1.3941 -1.14322 -1.16642 -1.26038 -1.2706 -1.31308 -1.2411 -1.24324 -1.25502 -1.26318 -1.26637 -1.27412 -1.30257 -1.31714 -1.30247 -1.32594 -1.33958 -1.35918 -1.36399 -1.36984 -1.40919
-9999 -9999 -9999 -9999 -9999 -9999 -9999 -9999 -10.0693 -5.6485 -1.90606 0.34479 2.50412 3.00849 3.73955 3.58641 2.98404 1.75938 0.228508 -1.46668 -4.11546 -6.08301 -3.73397 -0.346103 2.08123 2.94988 2.93813 2.88286 2.65558 2.56828 2.30278 2.11735 1.00305 -0.91511 -1.99881 -3.5855 -0.848701 -0.539764 -0.965391 0.401716 0.335398 -1.72665 -3.31191 -3.50827 -2.54156 -3.46226 -3.63066 -4.21233 -3.56627 -1.8319 -2.33629 -2.23882 -1.45597 -1.32864 -1.24656 -1.22578 -1.23219 -1.2361 -1.24879 -1.24527 -1.24112 -1.26924 -1.28048 -1.28438 -1.3113 -1.32092 -1.33978 -1.35747 -1.37769 -1.39882
-9999 -9999 -9999 -9999 -9999 -9999 -9999 -9999 -9.95903 -6.98506 -3.61692 -0.307137 1.99836 2.93079 3.6105 3.60703 2.90632 2.29937 1.34108 -0.149786 -1.17112 -2.94692 -5.38543 -1.28629 -0.0263529 1.09414 1.57507 2.7465 2.72073 2.18785 1.56391 2.14236 1.97535 0.456534 -0.0418759 -0.884392 0.638396 0.643774 0.603466 0.523873 -1.21792 -3.63985 -5.5755 -4.17993 -4.47024 -3.8326 -5.82186 -4.18459 -2.87332 -2.44959 -3.35123 -4.01568 -1.97251 -1.63432 -1.43447 -1.30662 -1.22249 -1.24306 -1.22144 -1.23203 -1.23594 -1.23995 -1.25462 -1.26227 -1.27719 -1.29284 -1.31622 -1.33179 -1.35437 -1.37764
-9999 -9999 -9999 -9999 -9999 -9999 -9999 -9999 -9999 -8.71183 -4.43949 -0.62934 1.49366 2.83004 3.48284 3.47463 3.11801 2.70697 2.11415 1.03974 -0.310713 -2.44685 -4.03141 -3.0184 -1.78329 -1.64561 -0.823737 1.55293 2.36652 1.21967 -1.61582 0.0634534 1.93489 1.90543 1.74677 1.56932 1.33555 1.13129 0.682506 -0.522461 -4.21769 -4.93665 -6.38487 -6.21823 -6.96084 -5.33808 -5.95278 -4.28428 -3.56225 -3.29105 -4.83688 -4.51396 -2.70179 -1.98618 -2.10735 -1.66826 -1.25353 -1.23952 -1.22659 -1.23596 -1.22481 -1.21893 -1.22311 -1.23404 -1.24476 -1.25205 -1.29278 -1.2925 -1.42898 -1.51781
-9999 -9999 -9999 -9999 -9999 -9999 -9999 -9999 -9999 -9.53881 -5.28001 -0.793804 0.649557 2.09 3.33352 3.36139 2.81467 2.29493 1.75956 1.14967 -0.489191 -2.07816 -3.59489 -4.10112 -3.79042 -3.81548 -2.48795 0.607443 1.20894 0.955984 -2.00417 -3.00733 -0.507395 1.59373 1.76013 1.57087 -0.899178 -0.371218 -1.70261 -3.50875 -4.00422 -4.79345 -6.4638 -5.65698 -6.88056 -6.35442 -6.50557 -5.55848 -5.09749 -3.9718 -5.31889 -5.31561 -3.53591 -2.63938 -2.61826 -1.67653 -1.34081 -1.25248 -1.22936 -1.21183 -1.20551 -1.18788 -1.19338 -1.20387 -1.21885 -1.26066 -1.36509 -1.7028 -3.49493 -3.49172
-9999 -9999 -9999 -9999 -9999 -9999 -9999 -9999 -9999 -9.03148 -6.07461 -2.0934 0.856548 1.04591 2.48191 3.22496 2.63027 1.96022 1.27467 0.977304 -0.806681 -2.76662 -4.34931 -6.22349 -5.90987 -4.55709 -2.3533 -0.352728 0.00725012 -0.403122 -1.98561 -1.23266 0.472819 1.37896 1.64705 1.4383 0.901489 0.592086 -0.387899 -0.811469 -2.17297 -4.30295 -5.14078 -4.60727 -6.8693 -6.71019 -5.87277 -6.77391 -5.3089 -4.60854 -6.34722 -4.96792 -3.39457 -2.59068 -1.88773 -1.55508 -1.42231 -1.21817 -1.2117 -1.19291 -1.18141 -1.18178 -1.179 -1.209 -1.23336 -1.42049 -1.69813 -3.36322 -4.07212 -3.93472
-9999 -9999 -9999 -9999 -9999 -9999 -9999 -9999 -9999 -8.5128 -5.8501 -2.39747 -0.292872 0.0872005 1.67935 3.09543 2.94164 2.24443 2.03489 1.31226 -0.20014 -1.87103 -3.69771 -4.5836 -6.62579 -4.60713 -3.01563 -1.32098 -0.526748 -1.82448 -2.4788 -1.31487 -0.157869 0.305145 1.47354 1.46402 1.08535 -0.552485 -1.35014 -1.01029 -1.35183 -1.95145 -3.41721 -3.48103 -4.42247 -4.81204 -5.18034 -6.39118 -5.62749 -5.55183 -5.3444 -3.68958 -2.87092 -2.32826 -1.83453 -1.70491 -1.48977 -1.21025 -1.18453 -1.17293 -1.1722 -1.1647 -1.18272 -1.25946 -1.32378 -1.70333 -2.37733 -3.63719 -5.69697 -4.2543
-9999 -9999 -9999 -9999 -9999 -9999 -9999 -9999 -9999 -8.94963 -6.12139 -3.16984 -1.93318 -1.71955 1.15873 2.92265 2.92973 2.60136 2.21715 0.426172 0.535635 0.180739 -1.46675 -3.8684 -6.50655 -6.25479 -4.68353 -2.44624 -1.70409 -3.85552 -4.61687 -4.05309 -2.30423 -0.738642 0.89593 1.31242 0.835166 -1.71522 -4.42557 -3.16573 -1.81975 -1.82541 -2.21812 -3.57771 -4.00872 -4.39909 -5.39157 -7.08123 -6.83993 -6.37291 -4.49225 -3.8981 -2.97984 -2.21716 -2.50489 -2.33643 -1.60606 -1.18642 -1.16943 -1.16043 -1.14483 -1.15242 -1.17525 -1.33095 -1.49601 -1.77465 -3.53559 -4.63012 -6.23063 -4.38437
-9999 -9999 -9999 -9999 -9999 -9999 -9999 -9999 -9999 -9.8073 -7.75342 -4.93201 -3.79214 -1.97703 0.743307 2.08338 2.72787 2.71785 2.46312 1.66335 1.18411 0.235801 -1.47832 -3.82364 -6.43119 -8.12741 -7.25942 -4.25683 -3.54102 -5.52602 -6.53707 -5.27259 -3.40871 -0.650018 0.927 1.14164 1.00113 0.476753 -1.50154 -3.89216 -3.88224 -2.68062 -3.68312 -4.84874 -4.20587 -4.32386 -5.30386 -6.01681 -6.46593 -6.19391 -5.12196 -4.67911 -3.61798 -2.05163 -1.82702 -1.87098 -1.2108 -1.1768 -1.16014 -1.13377 -1.13288 -1.13713 -1.15504 -1.28187 -1.56842 -2.73996 -3.76151 -5.18352 -5.35829 -3.72327
-9999 -9999 -9999 -9999 -9999 -9999 -9999 -9999 -9999 -11.2955 -8.87988 -6.23645 -3.76119 -1.4193 0.59673 0.756563 1.82167 1.82443 2.38428 2.22899 1.48779 0.689615 -0.786841 -3.8009 -6.33476 -9.09855 -8.36526 -5.30387 -4.89246 -6.22511 -8.68949 -6.13972 -3.32816 -0.779865 0.600608 -0.477708 0.631736 0.542782 -0.197266 -1.61969 -3.83249 -3.78908 -5.4473 -5.51838 -4.66518 -4.38785 -4.52934 -5.06446 -5.92862 -5.78619 -5.13494 -4.96931 -3.99389 -2.7785 -1.59008 -1.38973 -1.16219 -1.15128 -1.14623 -1.12621 -1.12223 -1.14531 -1.20438 -1.33736 -2.31935 -3.4876 -4.20679 -5.19727 -5.31642 -3.41776
