Test_Spring_2018/02_18/Temp/20180217_010.txt
ncols	170
nrows	115
xllcorner	350000.000000
yllcorner	4445000.000000
cellsize	1000.000000
nodata_value	-9999.000000
[rows 32 to 63 of 115, columns 72 to 143 of 170]
12.0325 11.8141 12.1508 12.4606 12.2583 12.1256 12.6346 12.6331 12.4576 12.0473 11.896 11.7393 11.6429 11.1171 9.64404 8.31584 9.02536 9.04054 8.54693 9.42626 8.9579 7.73999 6.02157 6.95007 6.70345 5.46699 5.15809 -9999 -9999 -9999 -9999 -9999 -9999 -9999 -9999 -9999 -9999 -9999 -9999 -9999 -9999 -9999 -9999 -9999 -9999 -9999 -9999 -9999 -9999 -9999 -9999 -9999 -9999 -9999 -9999 -9999 -9999 -9999 -9999 -9999 -9999 -9999 -9999 -9999 -9999 -9999 -9999 -9999 -9999 -9999 -9999 -9999
11.7434 11.6494 12.15 12.139 12.0965 12.2683 12.5842 12.6459 12.5767 12.397 12.2415 12.0761 11.6582 11.057 9.79607 8.28441 7.94037 8.67785 8.71135 8.82788 8.40084 7.86477 7.02746 7.70691 7.96833 7.15531 6.09318 5.41016 -9999 -9999 -9999 -9999 -9999 -9999 -9999 -9999 -9999 -9999 -9999 -9999 -9999 -9999 -9999 -9999 -9999 -9999 -9999 -9999 -9999 -9999 -9999 -9999 -9999 -9999 -9999 -9999 -9999 -9999 -9999 -9999 -9999 -9999 -9999 -9999 -9999 -9999 -9999 -9999 -9999 -9999 -9999 -9999
11.3981 10.9118 11.2134 11.4397 11.8423 11.9491 12.0106 12.607 12.574 12.5452 12.2889 12.0838 11.7446 11.1659 10.3424 9.35098 7.62554 8.68685 9.51726 9.49368 9.4455 9.06908 8.26457 8.93144 8.95917 7.91941 6.74037 6.05282 5.76633 -9999 -9999 -9999 -9999 -9999 -9999 -9999 -9999 -9999 -9999 -9999 -9999 -9999 -9999 -9999 -9999 -9999 -9999 -9999 -9999 -9999 -9999 -9999 -9999 -9999 -9999 -9999 -9999 -9999 -9999 -9999 -9999 -9999 -9999 -9999 -9999 -9999 -9999 -9999 -9999 -9999 -9999 -9999
11.0054 10.4114 10.7148 11.1197 11.684 11.97 12.1924 12.3698 12.5509 12.5283 12.2661 11.4937 11.3826 11.3482 10.8092 9.6792 8.55044 8.2567 9.52452 9.88565 9.80896 10.0895 9.4075 9.72472 9.58943 9.21777 8.08192 7.05123 6.62599 5.78945 -9999 -9999 -9999 -9999 -9999 -9999 -9999 -9999 -9999 -9999 -9999 -9999 -9999 -9999 -9999 -9999 -9999 -9999 -9999 -9999 -9999 -9999 -9999 -9999 -9999 -9999 -9999 -9999 -9999 -9999 -9999 -9999 -9999 -9999 -9999 -9999 -9999 -9999 -9999 -9999 -9999 -9999
-9999 -9999 10.0406 10.5849 11.0422 11.5906 12.0701 12.3108 12.5447 12.5248 12.0018 11.7456 11.7225 11.3692 10.7472 10.3564 9.6452 8.90401 9.18447 10.265 9.78055 10.5447 10.4763 10.6136 10.0968 9.10988 7.79925 7.03033 6.6495 5.97101 -9999 -9999 -9999 -9999 -9999 -9999 -9999 -9999 -9999 -9999 -9999 -9999 -9999 -9999 -9999 -9999 -9999 -9999 -9999 -9999 -9999 -9999 -9999 -9999 -9999 -9999 -9999 -9999 -9999 -9999 -9999 -9999 -9999 -9999 -9999 -9999 -9999 -9999 -9999 -9999 -9999 -9999
-9999 -9999 -9999 10.4866 10.835 11.5817 11.9556 12.1114 12.4895 12.4895 12.2909 12.1409 11.9236 11.6398 11.1723 10.6564 9.98752 9.92408 10.6147 10.6209 10.4733 10.5838 10.9361 10.8383 10.034 8.65579 7.92743 6.43593 5.80205 5.86326 5.41365 -9999 -9999 -9999 -9999 -9999 -9999 -9999 -9999 -9999 -9999 -9999 -9999 7.10439 -9999 -9999 -9999 -9999 -9999 -9999 -9999 -9999 -9999 -9999 -9999 -9999 -9999 -9999 -9999 -9999 -9999 -9999 -9999 -9999 4.38155 -9999 -9999 -9999 -9999 -9999 -9999 -9999
-9999 -9999 10.4302 10.8897 11.252 11.7196 11.7549 12.0311 12.4661 12.4717 12.3308 12.1718 11.815 11.7262 11.4599 10.8999 10.7844 11.0094 11.1117 11.2275 11.2973 11.2348 11.0869 10.8964 10.3696 9.7295 9.29838 7.94158 7.251 6.59723 5.60995 4.83744 -9999 -9999 -9999 -9999 -9999 -9999 -9999 6.60061 6.56288 6.57903 6.79342 7.38779 7.03575 -9999 -9999 -9999 -9999 -9999 -9999 -9999 -9999 -9999 -9999 -9999 -9999 -9999 -9999 -9999 -9999 -9999 -9999 -9999 4.92422 4.14873 -9999 -9999 -9999 -9999 -9999 -9999
-9999 -9999 10.5537 11.0436 11.2875 11.7415 12.0009 12.1605 12.3107 12.4545 12.4298 12.2542 11.9871 11.9885 11.6203 11.4214 11.2787 11.5836 11.6422 11.5167 11.3593 11.2193 10.8296 10.7805 10.64 10.2315 9.56444 8.87739 7.87365 6.53382 5.22036 4.1609 -9999 -9999 -9999 -9999 -9999 -9999 6.71688 7.21111 7.50665 6.87466 7.4119 7.90259 7.82199 7.33362 -9999 -9999 -9999 -9999 -9999 -9999 -9999 -9999 -9999 -9999 -9999 -9999 -9999 -9999 8.60482 7.80992 6.20429 5.38105 4.88695 4.18167 -9999 -9999 -9999 -9999 -9999 -9999
-9999 -9999 10.459 11.0376 11.4292 11.7768 11.8314 12.1875 12.3341 12.4112 12.4019 12.3671 12.318 11.997 11.8588 11.3732 11.8365 11.8175 11.698 11.2303 11.0254 10.2231 9.86734 9.77468 10.4406 9.93878 8.89712 7.59656 6.02926 5.9169 5.39888 4.4517 -9999 -9999 -9999 -9999 -9999 -9999 6.87411 7.40293 7.84395 7.90702 7.27856 8.15176 8.1079 7.6159 7.5024 7.90151 8.1029 7.9419 8.41622 8.55605 8.3396 8.57688 -9999 -9999 -9999 -9999 8.7194 8.75158 8.77572 8.44433 6.69017 5.49189 4.41573 4.31485 -9999 -9999 -9999 -9999 -9999 -9999
-9999 -9999 10.8634 11.2188 11.3978 11.4256 11.7375 12.0486 12.2326 12.3744 12.3461 12.3349 12.323 12.2135 11.9586 12.0043 11.983 11.833 10.9459 9.9101 10.3574 9.73734 8.41687 9.47272 10.0528 9.48436 8.22271 6.76101 6.27344 6.28266 5.56328 4.64136 -9999 -9999 -9999 5.43264 6.1908 6.25675 6.48018 7.18612 7.72276 8.124 8.39813 8.3829 8.08703 7.60542 7.08219 7.26514 8.19916 8.42542 8.60572 8.75062 8.54968 8.6573 8.90788 9.03764 9.06431 9.00582 8.99268 9.01334 8.9835 8.67441 7.10252 6.20411 5.63063 4.47892 -9999 -9999 -9999 -9999 -9999 -9999
-9999 -9999 10.6436 10.9524 11.2022 11.6167 11.6596 11.9229 12.0785 12.3049 12.3313 12.0589 12.285 12.2565 12.2147 12.1253 11.9938 11.2454 10.2136 9.17841 8.69837 8.89578 8.10085 8.49549 9.08318 8.8557 8.0797 6.77661 6.58831 6.27699 5.06361 3.90158 -9999 -9999 3.96429 5.41909 6.44367 6.97231 7.13612 7.15169 7.82815 7.88038 8.60783 8.43169 7.46298 7.56866 7.18675 7.42682 7.77009 7.86206 8.34809 8.81922 8.90866 8.91079 9.07049 9.10372 9.11271 9.10909 9.00146 9.0512 9.0589 8.86619 7.72934 7.1747 6.56339 4.50182 -9999 -9999 -9999 -9999 -9999 -9999
-9999 -9999 10.8056 11.1509 11.5293 11.5891 11.8694 11.8371 11.7557 12.1481 12.2867 12.0947 11.9569 12.2133 12.1963 12.1627 12.1065 11.4033 10.5888 9.35588 8.5879 8.11464 7.77724 7.32216 7.62062 7.52064 7.38895 7.52634 7.15944 6.43796 5.72883 4.402 3.68639 -9999 4.04457 4.70126 5.92005 6.95596 7.61361 7.37734 8.14679 8.28875 8.72843 8.46562 7.87542 7.62251 7.59733 7.51767 8.03342 8.37591 8.6143 8.77776 8.97948 9.0316 9.08426 9.10665 9.11918 9.13186 9.12976 9.12605 9.10324 9.03081 8.50798 7.95439 6.75834 4.5736 -9999 -9999 -9999 -9999 -9999 -9999
-9999 9.80317 10.7684 11.3486 11.572 11.7328 11.8745 11.9769 12.0845 12.184 12.2542 12.221 11.7119 11.7547 11.8473 12.1374 12.1167 12.0524 11.6063 10.1066 9.58457 8.82268 7.83794 7.41751 7.61501 8.41046 8.36752 7.82914 7.2303 6.40125 5.87163 5.05906 3.5003 3.63903 4.33855 4.85954 5.68825 6.95468 7.84255 8.23874 8.38809 8.69687 8.85738 8.49874 8.15383 8.00794 7.73999 7.6996 7.69866 8.00909 8.24585 8.78502 8.96724 9.04864 9.0917 9.11529 9.13274 9.14995 9.15634 9.14641 9.14727 9.14306 9.10458 8.36775 6.52523 5.13739 -9999 -9999 -9999 -9999 -9999 -9999
-9999 -9999 10.5912 10.845 10.9097 11.0248 11.2632 11.5385 11.9294 11.9793 12.1952 12.1934 11.7524 11.246 11.6895 11.866 12.0483 12.053 11.9941 10.7317 10.0695 9.54628 8.60154 8.92874 9.24301 9.25985 9.05819 7.91125 6.76932 5.45023 4.2226 4.15996 3.49654 3.84156 4.30368 5.49093 6.32695 6.66658 6.91065 8.19783 8.53088 8.64524 8.97317 8.522 8.40357 8.06307 8.16031 8.1276 8.1264 7.18828 8.11897 8.17276 8.78269 9.05491 9.11608 9.13377 9.15274 9.15657 9.16096 9.15884 9.16548 9.15652 9.14668 8.66784 6.33079 5.1576 -9999 -9999 -9999 -9999 -9999 -9999
-9999 -9999 -9999 -9999 10.67 10.8632 10.9865 11.2017 11.8644 12.0427 12.1614 12.1718 11.9765 11.4735 11.3425 11.4357 10.9455 11.355 11.9142 11.8971 11.8249 10.7137 10.1377 10.6781 10.5039 9.66457 9.00233 8.34881 7.01268 6.02934 4.62285 3.56633 3.52336 4.68227 5.64404 6.84556 7.37646 7.076 7.40375 8.04274 8.76859 9.11891 9.03482 8.55934 8.48836 7.9648 8.4732 8.51368 8.27243 8.06356 8.13809 8.43853 8.55244 9.02961 9.14494 9.16426 9.16888 9.17187 9.17079 9.16887 9.16374 9.15915 9.15267 9.13108 6.72887 4.86018 -9999 -9999 -9999 -9999 -9999 -9999
-9999 -9999 -9999 -9999 10.211 10.3277 10.6386 11.4405 11.8592 12.0284 12.0224 12.1013 11.9638 11.5224 11.0693 10.6423 10.0904 10.4056 11.2394 11.7289 11.7808 10.8061 11.3004 11.104 10.7237 9.62831 8.81884 8.38602 7.10273 5.9998 5.06205 3.77044 4.31745 4.92146 5.69912 7.00908 7.89424 8.25877 7.95475 8.36396 9.19939 9.20353 8.7455 8.77343 8.49048 7.77606 8.51348 8.71849 8.54703 8.58721 8.51713 8.6276 8.83101 9.02604 9.15589 9.17345 9.1756 9.17236 9.17314 9.17453 9.16608 9.16738 9.16101 9.14893 7.59842 4.82759 -9999 -9999 -9999 -9999 -9999 -9999
-9999 -9999 -9999 -9999 -9999 9.79122 10.5032 11.5681 11.8307 11.8058 12.0258 12.045 11.8335 11.6502 11.1002 10.3482 8.9021 9.2701 10.0375 11.1436 11.7224 11.6386 11.3041 10.7334 9.36262 8.16172 8.00866 7.80532 6.86664 6.01475 4.9727 5.5684 6.22257 6.93982 7.3168 7.21864 7.97714 8.59599 8.33486 8.83682 9.42176 9.15624 8.99842 8.86517 8.53895 8.51665 8.54707 8.96429 8.66981 8.84523 8.84226 8.83003 8.92803 9.04161 9.16154 9.18115 9.18177 9.1846 9.1716 9.17753 9.17151 9.16542 9.15972 9.14951 9.0093 7.51685 6.6247 -9999 -9999 -9999 -9999 -9999
-9999 -9999 -9999 -9999 -9999 9.13485 9.48891 10.7505 11.1384 11.6957 11.9917 12.0055 11.6479 11.449 10.6288 10.3635 9.02616 8.41924 8.93183 8.73231 10.2555 11.6018 11.2976 8.56276 7.56713 6.8545 7.02746 7.02125 6.7545 5.31176 4.91126 6.18897 6.99289 7.61617 8.08962 8.18832 8.17294 9.14054 9.26937 9.58402 9.5161 9.54492 9.05631 8.75299 9.01208 8.70525 8.65025 9.08144 8.65014 9.03377 8.98059 8.86223 8.8544 9.10807 9.15893 9.1859 9.18781 9.17859 9.16696 9.16029 9.16957 9.16662 9.15321 9.15446 9.14088 8.96345 8.19105 7.92099 8.21998 -9999 -9999 -9999
-9999 -9999 -9999 -9999 -9999 -9999 8.31326 10.0672 10.8671 11.2877 11.8807 11.9523 11.7615 11.4171 10.5815 9.84681 8.65132 7.28536 6.55851 8.72176 10.6032 11.5824 11.4432 9.16587 8.26248 8.21335 8.73343 8.28051 7.93544 6.83666 6.50586 6.04919 6.32428 7.19313 7.90457 8.59164 9.09196 9.13409 9.45992 9.64488 9.66047 9.71859 9.66048 9.61234 9.13724 9.45984 9.18112 9.32445 9.22695 9.1386 9.05787 8.78642 8.97489 9.14206 9.18464 9.19756 9.18746 9.18572 9.1797 9.16538 9.15794 9.15781 9.15705 9.14906 9.14936 9.14124 9.0548 8.59002 7.96766 7.18131 -9999 -9999
-9999 -9999 -9999 -9999 -9999 -9999 7.43871 9.18419 10.0238 11.1066 11.6634 11.8887 11.8594 11.5803 10.9455 9.98945 9.19291 7.66792 6.0838 8.35423 10.373 11.4615 11.5144 9.59541 10.1176 9.68303 9.84834 9.05851 8.72647 8.45922 7.89196 7.27301 6.59591 6.23837 7.83643 8.65736 9.31872 9.63142 9.80897 9.89838 9.84995 9.72735 9.01646 9.55665 9.52328 9.46697 9.40244 9.36957 9.31042 9.24124 9.19465 9.17863 8.99803 9.19929 9.19351 9.19558 9.19645 9.19163 9.18251 9.17504 9.16572 9.16552 9.15803 9.15176 9.14745 9.14533 9.13977 9.11423 8.99059 7.93473 7.30299 7.12344
-9999 -9999 -9999 -9999 -9999 -9999 4.98626 7.52649 9.56677 10.6327 11.4988 11.7374 11.8268 11.4519 11.1717 10.4864 9.83723 8.83517 7.33368 6.40825 8.1061 10.5768 11.4796 11.3978 11.3345 10.8337 10.3816 10.3187 10.3458 9.81738 9.05505 8.06381 7.75281 7.4046 8.59444 8.75553 8.66873 9.97916 9.98322 9.90993 9.40985 8.84613 8.95244 8.60055 8.86202 8.44579 8.82386 9.15009 9.27004 9.25686 9.20552 9.1984 9.17664 9.21003 9.20816 9.20175 9.19722 9.19523 9.19114 9.17708 9.16985 9.17686 9.16512 9.15844 9.14891 9.14836 9.14573 9.12684 9.10951 8.94692 8.70251 8.2347
-9999 -9999 -9999 -9999 -9999 -9999 5.09775 7.23338 9.04543 10.13 11.1752 11.4176 11.7706 11.6947 11.4009 10.805 10.0603 9.2354 7.94706 6.98872 8.12495 9.76217 10.9346 11.3456 11.3305 11.2962 11.1783 11.1246 10.9884 10.8856 10.3392 9.40273 8.87277 8.09942 9.42546 9.57367 9.36591 10.0288 9.99627 8.99515 8.22551 8.12998 8.59557 8.14784 8.06467 7.78014 8.09228 8.93255 8.68519 8.73072 9.10473 9.16537 9.20338 9.21255 9.20864 9.20605 9.19932 9.20057 9.20222 9.1883 9.18264 9.18059 9.1674 9.16229 9.15305 9.14636 9.13662 9.1265 9.11074 9.06433 9.01565 9.06576
-9999 -9999 -9999 -9999 -9999 -9999 5.14595 6.57957 8.21019 9.80827 10.9244 11.3745 11.7024 11.6989 11.3571 11.0608 10.5937 9.86777 9.36928 8.50397 7.31632 9.30145 9.9046 10.4382 10.6615 11.2228 11.2029 10.9369 10.6191 10.8941 10.807 10.0654 9.81969 9.40765 10.1444 10.1452 10.1243 10.0847 9.23863 8.06256 7.12258 7.79956 7.65807 7.963 6.9959 7.78872 8.42377 8.62786 8.18768 7.86349 8.84911 9.0112 9.10725 9.16844 9.2085 9.19784 9.20775 9.20213 9.19985 9.19759 9.19021 9.18629 9.17887 9.17112 9.15923 9.1536 9.14273 9.13204 9.13097 9.10218 9.09205 9.08041
-9999 -9999 -9999 -9999 -9999 -9999 -9999 5.73564 7.7995 9.64547 10.673 11.3191 11.6337 11.6276 11.4526 11.2511 10.9611 10.437 9.77848 8.73804 7.96475 8.45175 9.04219 9.09859 9.49097 10.6379 11.026 10.4626 9.07229 9.88054 10.7841 10.7655 10.6848 10.5956 10.4798 10.3787 10.1594 9.57338 7.77882 7.42888 6.72525 6.80545 6.44421 7.22657 6.92661 7.73525 8.08434 8.21449 7.46256 7.61225 8.48955 8.8359 8.77613 8.98839 9.18861 9.19474 9.20043 9.19539 9.20038 9.20288 9.20054 9.19528 9.18986 9.18612 9.16572 9.16791 9.10169 9.05859 8.97072 9.07933 9.08939 9.09287
-9999 -9999 -9999 -9999 -9999 -9999 -9999 5.32243 7.38585 9.56005 10.2576 10.9541 11.5553 11.5666 11.299 11.0445 10.7822 10.4834 9.68481 8.90997 8.1697 7.91943 8.06523 8.0387 8.67705 10.1734 10.4591 10.3301 8.87784 8.38593 9.59491 10.6108 10.6881 10.5932 9.39173 9.64597 8.99806 8.12002 7.87843 7.4944 6.68273 7.07351 6.47864 6.733 6.65318 7.11166 7.3341 7.87913 7.22379 7.21821 8.07969 8.51393 8.52328 8.97958 9.14178 9.18398 9.19459 9.20258 9.20519 9.21335 9.21034 9.20493 9.19737 9.17679 9.12582 8.96116 8.09351 8.09499 8.33343 8.55893 8.96662 9.08256
-9999 -9999 -9999 -9999 -9999 -9999 -9999 5.56275 6.99435 8.92349 10.3524 10.4415 11.136 11.4942 11.2032 10.8755 10.5401 10.3929 9.52381 8.56891 7.79672 6.88262 7.03009 7.68161 8.73636 9.70171 9.87068 9.6658 8.88227 9.24315 10.0668 10.5028 10.6296 10.5254 10.2623 10.1101 9.63261 9.42553 8.76338 7.72836 7.32063 7.57858 6.47952 6.55564 6.96093 6.5166 7.22647 7.56513 6.71981 7.38054 8.14334 8.53267 8.87305 9.03373 9.09744 9.19587 9.1984 9.20698 9.21207 9.21145 9.21239 9.19744 9.18525 9.09405 8.95892 8.15031 7.80795 7.87448 8.2488 8.57647 8.91764 9.058
-9999 -9999 -9999 -9999 -9999 -9999 -9999 5.80849 7.09742 8.77005 9.78858 9.97022 10.7404 11.4252 11.348 11.007 10.9025 10.5489 9.81153 8.99696 8.10643 7.67221 6.67637 7.6514 8.40885 9.22611 9.60628 8.9603 8.63809 9.19877 9.75642 9.97757 10.5415 10.534 10.3478 9.55062 9.1616 9.32498 9.1578 8.86548 8.15281 8.1207 7.66257 7.47229 7.29229 6.69728 7.06679 7.1023 7.19983 7.99603 8.39256 8.65515 8.89402 8.95619 9.05992 9.19494 9.20682 9.21188 9.21171 9.21486 9.20565 9.16794 9.13627 8.95159 8.62397 8.01197 7.01381 7.71384 8.44569 8.66458 8.87529 8.98585
-9999 -9999 -9999 -9999 -9999 -9999 -9999 5.59035 6.95974 8.38919 8.98642 9.08724 10.4816 11.3352 11.336 11.1739 10.9846 10.1122 10.1622 9.98643 9.18296 8.0131 6.72816 6.84574 7.59881 8.67427 9.02948 7.96917 7.59528 7.86487 8.71001 9.46652 10.2569 10.4563 10.2221 8.98201 7.66448 8.27436 8.92622 8.92212 8.73022 8.06905 7.85863 7.66792 7.18492 6.36265 6.47319 6.69875 7.60219 7.88979 8.33473 8.70418 8.56377 8.64483 8.99868 9.20173 9.20936 9.21315 9.22016 9.21594 9.20433 9.12823 9.04758 8.9118 8.05648 7.52463 6.74971 7.64514 8.14404 8.40809 8.88315 8.99652
-9999 -9999 -9999 -9999 -9999 -9999 -9999 5.16789 6.16148 7.52782 8.07807 8.95625 10.2739 10.9217 11.2318 11.2242 11.0977 10.7065 10.4706 10.0069 9.17113 8.02871 6.75875 5.93093 6.34762 7.78972 8.12939 7.15294 6.65803 7.26793 8.16904 9.50481 10.2673 10.3688 10.2981 10.0414 9.07921 7.91707 7.92034 8.5022 8.01425 7.44718 7.75801 7.69951 7.22257 6.87524 6.64962 6.77848 7.29144 7.50566 8.02002 8.77963 8.88796 8.86595 9.18575 9.20162 9.20909 9.22129 9.22113 9.21849 9.20921 9.14705 9.00735 8.43805 7.94154 7.25063 7.16513 7.96044 8.31154 8.63586 8.86896 8.94501
-9999 -9999 -9999 -9999 -9999 -9999 -9999 4.43938 5.60861 6.88859 8.08708 9.22096 10.1968 10.2716 10.7859 10.7844 11.0533 10.9749 10.6119 10.2211 9.50074 8.03379 6.79968 5.45375 5.80517 7.28177 7.45919 6.80813 5.60788 6.84177 8.20298 9.43668 10.1038 9.57769 10.1138 10.0685 9.70733 9.01513 7.93945 7.95908 7.15283 7.11705 7.52997 7.66337 7.59348 7.33251 6.91096 6.97121 7.28008 7.3598 7.8326 8.4219 8.99812 9.09474 9.20456 9.20924 9.21107 9.22018 9.22149 9.20966 9.18034 9.11512 8.63777 8.06998 7.72014 7.23859 7.17997 8.10353 8.46692 8.67005 8.87141 8.95098
-9999 -9999 -9999 -9999 -9999 -9999 -9999 -9999 5.49074 6.8132 7.79167 8.0548 8.92216 9.39022 9.7522 9.83179 10.8656 10.9215 10.6909 10.3317 9.717 8.60331 7.82648 6.53537 5.60646 5.97237 6.13605 6.4736 6.37058 6.91956 8.22768 9.59085 9.73802 8.86925 8.99636 9.17667 9.58236 9.37516 7.90969 7.16476 6.54627 6.9842 7.44488 7.55561 7.57693 7.48679 7.37475 7.18341 7.80015 8.25641 8.36184 8.75979 9.05361 9.13468 9.19582 9.20342 9.2112 9.21145 9.19446 9.18215 9.10842 8.94305 8.40887 7.12425 7.18397 7.04471 6.64475 7.54709 8.10881 8.61881 8.88983 8.95984
-9999 -9999 -9999 -9999 -9999 -9999 -9999 -9999 5.05242 6.58274 6.9057 6.8813 6.3741 6.60693 8.48516 8.86274 9.85419 10.7927 10.7223 10.3698 9.79449 9.13027 8.10287 6.65107 5.4968 5.0006 6.2284 7.43607 7.68473 8.07087 8.87167 9.02237 8.13441 7.30183 7.76726 8.04727 9.11729 9.31185 9.1028 8.21944 7.20953 6.68186 7.30255 7.38454 7.42069 7.42689 7.40297 7.36635 8.05429 8.43896 8.70577 8.85099 9.10339 9.16801 9.18879 9.2084 9.20401 9.19115 9.15137 9.10604 8.90629 8.66439 7.78925 7.05949 6.60419 6.0263 7.32683 7.71142 8.2437 8.58364 8.8531 8.91214
