Test_Spring_2018/02_18/Temp/20180205_002.txt
ncols	170
nrows	115
xllcorner	350000.000000
yllcorner	4445000.000000
cellsize	1000.000000
nodata_value	-9999.000000
[rows 31 to 61 of 115, columns 70 to 139 of 170]
4.80045 5.39868 5.6159 5.19247 5.22987 6.23241 6.45379 6.43502 6.3441 6.24468 5.76343 5.59981 5.21977 4.55335 4.27163 3.08911 -0.725071 0.348886 0.766064 -0.34315 0.268776 1.2676 0.388849 -2.20955 -3.33145 -5.13555 -4.56613 -5.10712 -6.55997 -9999 -9999 -9999 -9999 -9999 -9999 -9999 -9999 -9999 -9999 -9999 -9999 -9999 -9999 -9999 -9999 -9999 -9999 -9999 -9999 -9999 -9999 -9999 -9999 -9999 -9999 -9999 -9999 -9999 -9999 -9999 -9999 -9999 -9999 -9999 -9999 -9999 -9999 -9999 -9999 -9999
4.90222 5.17345 5.14333 4.7354 5.3545 5.92429 5.57433 5.34011 6.28154 6.27748 5.95144 5.19104 4.90937 4.61739 4.43672 3.46208 0.735533 -1.72294 -0.412802 -0.386316 -1.3002 0.325503 -0.540363 -2.79161 -5.9677 -4.24814 -4.70109 -6.94328 -7.50086 -9999 -9999 -9999 -9999 -9999 -9999 -9999 -9999 -9999 -9999 -9999 -9999 -9999 -9999 -9999 -9999 -9999 -9999 -9999 -9999 -9999 -9999 -9999 -9999 -9999 -9999 -9999 -9999 -9999 -9999 -9999 -9999 -9999 -9999 -9999 -9999 -9999 -9999 -9999 -9999 -9999
4.12818 4.81136 4.59567 4.41793 5.34026 5.31661 5.25857 5.59126 6.17524 6.28804 6.15844 5.82446 5.53472 5.2267 4.45162 3.33733 1.00322 -1.79447 -2.43261 -1.07029 -1.00937 -0.794304 -1.58383 -2.57431 -4.12121 -2.86256 -2.37644 -3.85351 -5.78615 -7.0304 -9999 -9999 -9999 -9999 -9999 -9999 -9999 -9999 -9999 -9999 -9999 -9999 -9999 -9999 -9999 -9999 -9999 -9999 -9999 -9999 -9999 -9999 -9999 -9999 -9999 -9999 -9999 -9999 -9999 -9999 -9999 -9999 -9999 -9999 -9999 -9999 -9999 -9999 -9999 -9999
3.09241 4.26814 3.94375 3.04069 3.5949 4.01006 4.78802 4.9889 5.1014 6.20273 6.1402 6.08492 5.60882 5.22715 4.59745 3.52486 1.99957 0.163964 -3.02879 -1.06762 0.467048 0.423 0.334093 -0.361206 -1.84756 -0.61234 -0.558643 -2.44462 -4.58877 -5.85753 -6.38497 -9999 -9999 -9999 -9999 -9999 -9999 -9999 -9999 -9999 -9999 -9999 -9999 -9999 -9999 -9999 -9999 -9999 -9999 -9999 -9999 -9999 -9999 -9999 -9999 -9999 -9999 -9999 -9999 -9999 -9999 -9999 -9999 -9999 -9999 -9999 -9999 -9999 -9999 -9999
-9999 3.51602 3.20358 2.10155 2.65927 3.40497 4.46114 5.01 5.42407 5.75075 6.08391 6.04005 5.55289 4.12199 3.91389 3.8477 2.84849 0.756424 -1.33295 -1.87769 0.465874 1.13331 0.991695 1.51143 0.251564 0.840169 0.59234 -0.079193 -2.14234 -4.02671 -4.81103 -6.35649 -9999 -9999 -9999 -9999 -9999 -9999 -9999 -9999 -9999 -9999 -9999 -9999 -9999 -9999 -9999 -9999 -9999 -9999 -9999 -9999 -9999 -9999 -9999 -9999 -9999 -9999 -9999 -9999 -9999 -9999 -9999 -9999 -9999 -9999 -9999 -9999 -9999 -9999
-9999 -9999 -9999 -9999 1.39879 2.41764 3.26013 4.29482 5.18424 5.62799 6.05884 6.01988 5.05028 4.57378 4.52814 3.87192 2.71908 1.99375 0.676477 -0.695795 -0.17816 1.81963 0.924135 2.33816 2.21338 2.46935 1.51621 -0.280937 -2.68032 -4.08078 -4.78307 -6.03644 -9999 -9999 -9999 -9999 -9999 -9999 -9999 -9999 -9999 -9999 -9999 -9999 -9999 -9999 -9999 -9999 -9999 -9999 -9999 -9999 -9999 -9999 -9999 -9999 -9999 -9999 -9999 -9999 -9999 -9999 -9999 -9999 -9999 -9999 -9999 -9999 -9999 -9999
-9999 -9999 -9999 -9999 -9999 2.22251 2.86389 4.24352 4.95893 5.24576 5.94313 5.94083 5.57104 5.29069 4.8856 4.35766 3.49006 2.53322 1.29397 1.17494 2.45113 2.46215 2.18974 2.39527 3.04861 2.87029 1.39915 -1.13527 -2.47889 -5.1952 -6.36537 -6.25089 -7.08184 -9999 -9999 -9999 -9999 -9999 -9999 -9999 -9999 -9999 -9999 -9999 -9999 -3.97702 -9999 -9999 -9999 -9999 -9999 -9999 -9999 -9999 -9999 -9999 -9999 -9999 -9999 -9999 -9999 -9999 -9999 -9999 -9999 -9999 -9.02506 -9999 -9999 -9999
-9999 -9999 -9999 -9999 2.0915 2.95282 3.62212 4.48592 4.57049 5.0838 5.88635 5.89434 5.63096 5.33364 4.67021 4.50236 4.00644 2.96791 2.75161 3.16579 3.35396 3.5679 3.69782 3.58373 3.31238 2.96306 2.01578 0.835988 0.0425866 -2.4432 -3.70047 -4.90813 -6.73346 -8.16254 -9999 -9999 -9999 -9999 -9999 -9999 -9999 -4.92083 -4.99237 -4.96384 -4.56827 -3.46968 -4.12102 -9999 -9999 -9999 -9999 -9999 -9999 -9999 -9999 -9999 -9999 -9999 -9999 -9999 -9999 -9999 -9999 -9999 -9999 -9999 -8.03977 -9.47703 -9999 -9999
-9999 -9999 -9999 -9999 2.31782 3.22372 3.67482 4.51406 4.99296 5.30969 5.58577 5.84919 5.80042 5.47184 4.97394 4.97254 4.28773 3.91621 3.64949 4.21134 4.3185 4.08628 3.79629 3.53934 2.82136 2.73411 2.50082 1.75033 0.521294 -0.745121 -2.56309 -5.03926 -7.46778 -9.42766 -9999 -9999 -9999 -9999 -9999 -9999 -4.72039 -3.80875 -3.26402 -4.43398 -3.44118 -2.534 -2.68301 -3.56689 -9999 -9999 -9999 -9999 -9999 -9999 -9999 -9999 -9999 -9999 -9999 -9999 -9999 -9999 -1.23855 -2.71214 -5.68464 -7.20998 -8.1265 -9.43355 -9999 -9999
-9999 -9999 -9999 -9999 2.12833 3.1992 3.92398 4.567 4.66783 5.32809 5.61602 5.75596 5.73524 5.66678 5.57145 4.97325 4.71314 3.81106 4.66448 4.62701 4.40486 3.53998 3.1624 1.68108 1.02662 0.880219 2.1175 1.19521 -0.725602 -3.12575 -6.00466 -6.19327 -7.15071 -8.90306 -9999 -9999 -9999 -9999 -9999 -9999 -4.44588 -3.47049 -2.65679 -2.54131 -3.70403 -2.08917 -2.1521 -3.061 -3.27013 -2.5317 -2.15949 -2.44109 -1.55402 -1.29949 -1.70463 -1.27131 -9999 -9999 -9999 -9999 -1.03647 -0.981576 -0.940939 -1.5572 -4.8041 -7.02267 -9.01522 -9.20216 -9999 -9999
-9999 -9999 -9999 -9999 2.86191 3.52088 3.85333 3.90574 4.48286 5.06008 5.41573 5.6716 5.61554 5.59028 5.56337 5.35566 4.87906 4.95892 4.91564 4.63525 2.99303 1.07714 1.90519 0.766789 -1.66456 0.30623 1.38583 0.341453 -1.98513 -4.68229 -5.5644 -5.52923 -6.85891 -8.56946 -9999 -9999 -9999 -7.11942 -5.72186 -5.60422 -5.19494 -3.89273 -2.90284 -2.15609 -1.64945 -1.66753 -2.20695 -3.09597 -4.06217 -3.72287 -1.99527 -1.57735 -1.21874 -0.954947 -1.33163 -1.14569 -0.688188 -0.454407 -0.411268 -0.525416 -0.555297 -0.52216 -0.58182 -1.1573 -4.05898 -5.72268 -6.78523 -8.91614 -9999 -9999
-9999 -9999 -9999 -9999 2.4385 3.01157 3.47543 4.24516 4.32514 4.81197 5.10061 5.53077 5.57575 5.06701 5.47967 5.42104 5.33806 5.16744 4.91973 3.53246 1.62243 -0.292218 -1.17876 -0.806457 -2.27189 -1.52436 -0.430376 -0.834156 -2.26388 -4.66722 -5.00995 -5.56939 -7.79904 -9.9487 -9999 -9999 -9.8426 -7.15715 -5.26748 -4.29477 -3.99625 -3.97112 -2.72292 -2.62816 -1.28377 -1.60165 -3.38553 -3.1884 -3.88316 -3.43756 -2.8089 -2.63891 -1.72814 -0.850103 -0.689478 -0.691138 -0.401997 -0.347038 -0.336964 -0.349967 -0.554877 -0.468171 -0.458534 -0.818845 -2.92453 -3.95304 -5.08541 -8.89987 -9999 -9999
-9999 -9999 -9999 -9999 2.7235 3.36449 4.06649 4.179 4.69842 4.64293 4.49356 5.21735 5.48122 5.12086 4.85989 5.32767 5.28976 5.22166 5.11285 3.80874 2.30049 0.0200195 -1.39879 -2.26705 -2.8857 -3.70907 -3.14947 -3.32643 -3.56213 -3.30062 -3.96315 -5.28108 -6.59027 -9.0337 -10.3593 -9999 -9.70543 -8.49647 -6.24827 -4.33808 -3.12685 -3.5679 -2.14803 -1.88746 -1.0689 -1.55417 -2.63779 -3.10818 -3.15299 -3.29863 -2.3435 -1.70045 -1.24808 -0.948794 -0.571696 -0.481044 -0.390069 -0.355463 -0.339169 -0.322375 -0.332463 -0.344851 -0.391825 -0.529789 -1.49996 -2.52627 -4.7402 -8.782 -9999 -9999
-9999 -9999 -9999 0.84277 2.64151 3.71768 4.13369 4.4335 4.69738 4.88773 5.08812 5.27401 5.40085 5.34244 4.39441 4.46647 4.63073 5.16075 5.11692 4.99391 4.16671 1.39289 0.431685 -0.971908 -2.78732 -3.54707 -3.17317 -1.69319 -1.76367 -2.7508 -3.85049 -5.36724 -6.33471 -7.83661 -10.7134 -10.4608 -9.17239 -8.21489 -6.68865 -4.35277 -2.71637 -1.98827 -1.71549 -1.14194 -0.845275 -1.51093 -2.14153 -2.40918 -2.90237 -2.97476 -2.97447 -2.39886 -1.94972 -0.946669 -0.613513 -0.461981 -0.388924 -0.352347 -0.327251 -0.302424 -0.297132 -0.321317 -0.324755 -0.336699 -0.411339 -1.77653 -5.19047 -7.75882 -9999 -9999
-9999 -9999 -9999 -9999 2.30106 2.77412 2.8973 3.11331 3.55634 4.06699 4.79156 4.88263 5.27951 5.27415 4.45741 3.51342 4.32603 4.64534 4.97642 4.98079 4.86935 2.53706 1.31479 0.351608 -1.38933 -0.766148 -0.17546 -0.13442 -0.497482 -2.60903 -4.71211 -7.13477 -9.40053 -9.51385 -10.7353 -10.0961 -9.24699 -7.05784 -5.5186 -4.89719 -4.45188 -2.07656 -1.46134 -1.25331 -0.647702 -1.48171 -1.69341 -2.32057 -2.13791 -2.19554 -2.1951 -3.92776 -2.19536 -2.09697 -0.971257 -0.46671 -0.355629 -0.33012 -0.302465 -0.302679 -0.301389 -0.311448 -0.304461 -0.325607 -0.350056 -1.23901 -5.56374 -7.73503 -9999 -9999
-9999 -9999 -9999 -9999 -9999 -9999 2.44288 2.80356 3.03428 3.43398 4.66149 4.99028 5.20743 5.22282 4.85635 3.92239 3.67229 3.83703 2.9243 3.67724 4.7097 4.67831 4.54711 2.49685 1.44722 2.45591 2.14379 0.602232 -0.611819 -1.81012 -4.27153 -6.07302 -8.66894 -10.6197 -10.6984 -8.55669 -6.77813 -4.56292 -3.58833 -4.15109 -3.55149 -2.37427 -1.03578 -0.390333 -0.546842 -1.42582 -1.5498 -2.51524 -1.57186 -1.49367 -1.93664 -2.32011 -2.17095 -1.61592 -1.40704 -0.527614 -0.318587 -0.284971 -0.283999 -0.285966 -0.295073 -0.305054 -0.321468 -0.335241 -0.351712 -0.39532 -4.8407 -8.29815 -9999 -9999
-9999 -9999 -9999 -9999 -9999 -9999 1.58297 1.80254 2.38038 3.86523 4.64161 4.95379 4.94049 5.08255 4.82299 4.00049 3.15581 2.35838 1.3315 1.9099 3.44938 4.35479 4.45305 2.65516 3.58472 3.23108 2.53836 0.523568 -0.962306 -1.75197 -4.11514 -6.13752 -7.86617 -10.2513 -9.23863 -8.1229 -6.6883 -4.27055 -2.64109 -1.97451 -2.54302 -1.79178 -0.251002 -0.246038 -1.09429 -1.04249 -1.55853 -2.87683 -1.50975 -1.12701 -1.44054 -1.363 -1.48112 -1.27695 -0.902129 -0.544115 -0.307958 -0.280718 -0.282289 -0.295908 -0.301765 -0.306471 -0.328516 -0.331758 -0.348344 -0.374684 -3.24526 -8.37112 -9999 -9999
-9999 -9999 -9999 -9999 -9999 -9999 -9999 0.799576 2.11911 4.09055 4.57834 4.5316 4.93625 4.96813 4.57181 4.22663 3.20228 1.80418 -0.876566 -0.200693 1.21595 3.26133 4.33387 4.18338 3.58026 2.53431 0.00972933 -2.20008 -2.47195 -2.83706 -4.56275 -6.12073 -8.04199 -6.93669 -5.72559 -4.40025 -3.70651 -3.89352 -2.49799 -1.36098 -1.85068 -0.928192 0.149063 -0.344974 -0.638358 -0.884861 -1.48109 -1.51953 -1.4599 -0.684631 -1.22547 -0.897609 -0.891434 -0.913813 -0.733578 -0.525842 -0.307725 -0.276505 -0.281615 -0.283645 -0.315217 -0.311492 -0.329335 -0.346577 -0.362298 -0.385532 -0.648352 -3.41028 -5.06238 -9999
-9999 -9999 -9999 -9999 -9999 -9999 -9999 -0.425048 0.232534 2.56746 3.28692 4.31698 4.86232 4.88429 4.21787 3.84425 2.32039 1.82234 -0.65786 -1.78346 -0.838139 -1.20747 1.61122 4.10511 3.55782 -1.49067 -3.32179 -4.62893 -4.29816 -4.29893 -4.78214 -7.43275 -8.16755 -5.80091 -4.31273 -3.16098 -2.28865 -2.11129 -2.14685 -0.365615 -0.132743 0.443205 0.312874 0.362859 -0.542563 -1.10392 -0.617947 -1.18283 -1.28136 -0.480369 -1.27429 -0.561317 -0.647825 -0.86626 -0.881452 -0.41435 -0.323708 -0.278637 -0.281394 -0.305533 -0.335156 -0.353781 -0.343543 -0.355284 -0.385605 -0.388012 -0.417008 -0.747308 -2.17818 -2.67958
-9999 -9999 -9999 -9999 -9999 -9999 -9999 -9999 -1.95277 1.29253 2.77367 3.55079 4.64536 4.77435 4.41833 3.77502 2.22288 0.856981 -1.36066 -3.89269 -5.2353 -1.2354 2.24543 4.05998 3.8176 -0.385488 -2.04668 -2.12747 -1.15536 -1.98276 -2.61127 -4.6259 -5.23197 -6.07277 -5.5625 -3.95498 -2.64322 -1.3779 -0.459486 -0.389468 0.204674 0.545538 0.569502 0.673414 0.563752 0.473899 -0.398073 0.200641 -0.311998 -0.043677 -0.220529 -0.38057 -0.517845 -1.01932 -0.671344 -0.364029 -0.288458 -0.269938 -0.294212 -0.30434 -0.32347 -0.358676 -0.375735 -0.382485 -0.389723 -0.409549 -0.413241 -0.430707 -0.593314 -1.45504
-9999 -9999 -9999 -9999 -9999 -9999 -9999 -9999 -3.58147 -0.352286 1.20219 3.20383 4.23275 4.64751 4.58821 4.06608 2.88558 1.11091 -0.368574 -3.19443 -6.12845 -1.92994 1.81169 3.8278 3.93043 0.399094 1.37336 0.578832 0.894004 -0.557261 -1.1624 -1.6395 -2.68323 -3.82436 -5.07258 -5.73561 -2.78346 -1.27023 -0.0536071 0.517165 0.837473 0.994754 0.903513 0.679038 -0.638124 0.359593 0.304321 0.201771 0.0847177 0.0267122 -0.079671 -0.204636 -0.278637 -0.307819 -0.642353 -0.272462 -0.287261 -0.28738 -0.291149 -0.306749 -0.331387 -0.353745 -0.379888 -0.384357 -0.399331 -0.416278 -0.428836 -0.435453 -0.448819 -0.498571
-9999 -9999 -9999 -9999 -9999 -9999 -9999 -9999 -8.12835 -3.42993 0.346121 2.31627 3.91846 4.35592 4.51656 3.81761 3.29337 2.01984 0.813395 -1.04505 -3.82604 -5.54038 -2.39774 2.17246 3.857 3.7226 3.61302 2.69495 1.8673 1.75942 1.81747 0.857055 -0.544453 -2.37474 -2.94976 -3.59473 -1.39723 -1.10387 -1.27035 1.14605 1.14601 1.00287 0.0708768 -0.969689 -0.777322 -1.42001 -0.930198 -1.69896 -0.998121 -0.392659 -0.168399 -0.190313 -0.27303 -0.28748 -0.327963 -0.269518 -0.275451 -0.291129 -0.304679 -0.314788 -0.329837 -0.364057 -0.386069 -0.381766 -0.405028 -0.424273 -0.438536 -0.442444 -0.450737 -0.488512
-9999 -9999 -9999 -9999 -9999 -9999 -9999 -9999 -7.93283 -3.98146 -0.630683 1.37731 3.3076 3.7524 4.40072 4.25525 3.7064 2.59876 1.21604 -0.314364 -2.70092 -4.47604 -2.37627 0.657021 2.82742 3.60443 3.59478 3.53835 3.32759 3.2381 2.99344 2.82038 1.81383 0.0838995 -0.895496 -2.32667 0.122923 0.392844 0.0031697 1.22268 1.15551 -0.702938 -2.13298 -2.31572 -1.44926 -2.28036 -2.42809 -2.94254 -2.36429 -0.808885 -1.26824 -1.18163 -0.476886 -0.364361 -0.296805 -0.28127 -0.291048 -0.299581 -0.31702 -0.320867 -0.324945 -0.358569 -0.377309 -0.38944 -0.42189 -0.430283 -0.453549 -0.469356 -0.480939 -0.502836
-9999 -9999 -9999 -9999 -9999 -9999 -9999 -9999 -7.86037 -5.20304 -2.1882 0.769857 2.83131 3.66031 4.26248 4.25132 3.61414 3.06096 2.1922 0.845185 -0.080483 -1.68348 -3.88135 -0.210486 0.912837 1.91622 2.33489 3.37932 3.34947 2.86477 2.3067 2.81974 2.66174 1.29199 0.838056 0.0750141 1.43497 1.43256 1.38895 1.30996 -0.261102 -2.44252 -4.1871 -2.94087 -3.20737 -2.63495 -4.41715 -2.95747 -1.7825 -1.40364 -2.20358 -2.80143 -0.965747 -0.668383 -0.491638 -0.380185 -0.308781 -0.332239 -0.318743 -0.335027 -0.346048 -0.357698 -0.379195 -0.394403 -0.415868 -0.437451 -0.456021 -0.46974 -0.494379 -0.526457
-9999 -9999 -9999 -9999 -9999 -9999 -9999 -9999 -9999 -6.78096 -2.95939 0.452756 2.3506 3.5424 4.12058 4.10528 3.77701 3.39966 2.85886 1.88549 0.664142 -1.2626 -2.69421 -1.79397 -0.693433 -0.57159 0.158569 2.28479 3.00826 1.97226 -0.580433 0.919568 2.59365 2.56133 2.4129 2.24736 2.03716 1.84669 1.43655 0.347504 -2.97696 -3.63608 -4.94343 -4.80076 -5.47372 -4.01707 -4.56464 -3.07017 -2.42465 -2.18329 -3.57261 -3.28127 -1.66005 -1.01957 -1.13066 -0.73941 -0.363838 -0.356284 -0.350503 -0.365494 -0.362724 -0.365165 -0.376911 -0.401946 -0.419837 -0.434188 -0.467721 -0.466509 -0.593713 -0.677307
-9999 -9999 -9999 -9999 -9999 -9999 -9999 -9999 -9999 -7.55153 -3.73705 0.281799 1.56936 2.8544 3.96265 3.97959 3.48057 3.00558 2.51634 1.96 0.479829 -0.955638 -2.32626 -2.78969 -2.51961 -2.5428 -1.35879 1.41251 1.94545 1.71168 -0.954789 -1.86145 0.376592 2.25663 2.39985 2.22362 -0.000230429 0.466855 -0.735393 -2.36399 -2.81615 -3.53196 -5.03852 -4.32106 -5.42572 -4.95912 -5.08428 -4.23779 -3.82707 -2.8192 -4.0307 -4.02704 -2.43567 -1.63337 -1.61724 -0.775213 -0.477831 -0.403267 -0.388053 -0.37864 -0.379985 -0.371735 -0.384589 -0.402027 -0.423356 -0.468406 -0.569083 -0.867508 -2.47357 -2.47494
-9999 -9999 -9999 -9999 -9999 -9999 -9999 -9999 -9999 -7.11946 -4.47383 -0.908487 1.73128 1.89305 3.17391 3.83268 3.29049 2.6805 2.05643 1.78067 0.170306 -1.59807 -3.02779 -4.71909 -4.44633 -3.24052 -1.26182 0.526593 0.842584 0.467322 -0.962829 -0.293326 1.23132 2.03846 2.27277 2.07893 1.59042 1.30585 0.419138 0.031763 -1.19762 -3.11677 -3.87584 -3.40358 -5.44037 -5.30326 -4.55669 -5.35327 -4.04169 -3.41611 -4.97967 -3.74545 -2.33602 -1.61745 -0.989774 -0.694918 -0.580028 -0.401684 -0.401446 -0.390795 -0.387262 -0.394841 -0.399874 -0.434437 -0.463833 -0.639044 -0.895041 -2.39591 -3.01773 -2.89899
-9999 -9999 -9999 -9999 -9999 -9999 -9999 -9999 -9999 -6.67749 -4.29611 -1.20545 0.67526 1.00801 2.42884 3.6916 3.54507 2.91064 2.71384 2.05638 0.689877 -0.818933 -2.46757 -3.27163 -5.11352 -3.30996 -1.88073 -0.367023 0.338633 -0.836537 -1.43068 -0.392498 0.639553 1.04867 2.09097 2.0758 1.72917 0.252098 -0.470889 -0.172854 -0.486482 -1.03171 -2.35426 -2.41807 -3.26933 -3.62476 -3.96062 -5.03475 -4.35308 -4.28868 -4.10893 -2.62493 -1.89349 -1.40994 -0.970555 -0.858369 -0.669852 -0.424045 -0.406591 -0.402328 -0.408288 -0.408526 -0.431904 -0.508072 -0.573016 -0.920694 -1.53234 -2.66942 -4.50302 -3.21292
-9999 -9999 -9999 -9999 -9999 -9999 -9999 -9999 -9999 -7.09351 -4.56372 -1.92309 -0.821725 -0.638604 1.93654 3.51136 3.50912 3.20572 2.85212 1.23566 1.32513 0.99774 -0.48994 -2.65456 -5.03136 -4.81387 -3.40313 -1.40201 -0.743249 -2.68503 -3.37547 -2.87627 -1.31319 0.0854179 1.54596 1.91304 1.47779 -0.818489 -3.25842 -2.13444 -0.933105 -0.944977 -1.30412 -2.53094 -2.9239 -3.28001 -4.17624 -5.6866 -5.46734 -5.05199 -3.36884 -2.83938 -2.01902 -1.33844 -1.601 -1.45435 -0.803643 -0.43227 -0.422743 -0.420793 -0.413268 -0.426832 -0.454253 -0.601 -0.756084 -1.01295 -2.60015 -3.5888 -5.02135 -3.3573
-9999 -9999 -9999 -9999 -9999 -9999 -9999 -9999 -9999 -7.88752 -6.05307 -3.52949 -2.51526 -0.894771 1.53838 2.73257 3.30238 3.28468 3.0473 2.32066 1.88174 1.02176 -0.52563 -2.63959 -4.98887 -6.52 -5.74922 -3.05257 -2.41816 -4.21019 -5.12501 -3.99708 -2.33103 0.138313 1.54694 1.73263 1.59952 1.12184 -0.660941 -2.81379 -2.81166 -1.73964 -2.64598 -3.69852 -3.12735 -3.23889 -4.12391 -4.76892 -5.15796 -4.92038 -3.9612 -3.56794 -2.61973 -1.21816 -1.02124 -1.06565 -0.478262 -0.453284 -0.444181 -0.426652 -0.432248 -0.442636 -0.465401 -0.585973 -0.849872 -1.90806 -2.83141 -4.11399 -4.2767 -2.79197
-9999 -9999 -9999 -9999 -9999 -9999 -9999 -9999 -9999 -9.24767 -7.08878 -4.72523 -2.51251 -0.419398 1.38131 1.51587 2.46314 2.45684 2.95068 2.80261 2.12861 1.40351 0.0695658 -2.64459 -4.92766 -7.41709 -6.76727 -4.01791 -3.65984 -4.86362 -7.08329 -4.80187 -2.28541 -0.00523001 1.22669 0.251501 1.24026 1.15335 0.482077 -0.801605 -2.79462 -2.76212 -4.25689 -4.32671 -3.56657 -3.32312 -3.45538 -3.94078 -4.70895 -4.58104 -4.00012 -3.85601 -2.98512 -1.89898 -0.837251 -0.662706 -0.463997 -0.45998 -0.461444 -0.449664 -0.452427 -0.479594 -0.53912 -0.664996 -1.55294 -2.60798 -3.25978 -4.15496 -4.26781 -2.55796
