Test_Spring_2018/02_18/Temp/20180208_010.txt
ncols	170
nrows	115
xllcorner	350000.000000
yllcorner	4445000.000000
cellsize	1000.000000
nodata_value	-9999.000000
[rows 32 to 63 of 115, columns 72 to 143 of 170]
11.2281 10.9553 11.3957 11.8015 11.5489 11.3898 12.0477 12.0546 11.838 11.3199 11.1348 10.9428 10.8284 10.1627 8.28003 6.58383 7.50602 7.53644 6.9135 8.05488 7.46506 5.91255 3.71728 4.92309 4.61931 3.05859 2.68413 -9999 -9999 -9999 -9999 -9999 -9999 -9999 -9999 -9999 -9999 -9999 -9999 -9999 -9999 -9999 -9999 -9999 -9999 -9999 -9999 -9999 -9999 -9999 -9999 -9999 -9999 -9999 -9999 -9999 -9999 -9999 -9999 -9999 -9999 -9999 -9999 -9999 -9999 -9999 -9999 -9999 -9999 -9999 -9999 -9999
10.8575 10.7446 11.3957 11.3893 11.3478 11.5739 11.9837 12.072 11.992 11.7704 11.5797 11.3766 10.8493 10.0866 8.47665 6.54473 6.11328 7.07171 7.12595 7.2872 6.75036 6.07376 5.0104 5.89604 6.2448 5.22604 3.88577 3.02455 -9999 -9999 -9999 -9999 -9999 -9999 -9999 -9999 -9999 -9999 -9999 -9999 -9999 -9999 -9999 -9999 -9999 -9999 -9999 -9999 -9999 -9999 -9999 -9999 -9999 -9999 -9999 -9999 -9999 -9999 -9999 -9999 -9999 -9999 -9999 -9999 -9999 -9999 -9999 -9999 -9999 -9999 -9999 -9999
10.4147 9.79781 10.1931 10.4916 11.0244 11.1597 11.2476 12.0227 11.9894 11.9615 11.6414 11.3873 10.961 10.2274 9.17934 7.91584 5.70953 7.08398 8.16208 8.14327 8.09316 7.62161 6.6003 7.46969 7.51807 6.21621 4.71958 3.85006 3.49571 -9999 -9999 -9999 -9999 -9999 -9999 -9999 -9999 -9999 -9999 -9999 -9999 -9999 -9999 -9999 -9999 -9999 -9999 -9999 -9999 -9999 -9999 -9999 -9999 -9999 -9999 -9999 -9999 -9999 -9999 -9999 -9999 -9999 -9999 -9999 -9999 -9999 -9999 -9999 -9999 -9999 -9999 -9999
9.91091 9.15561 9.55318 10.0812 10.8171 11.1934 11.4818 11.7186 11.9603 11.9402 11.6126 10.6295 10.4963 10.4619 9.77939 8.33777 6.89807 6.53152 8.17161 8.64708 8.56032 8.9329 8.06892 8.48905 8.32795 7.87313 6.44054 5.13257 4.59983 3.53848 -9999 -9999 -9999 -9999 -9999 -9999 -9999 -9999 -9999 -9999 -9999 -9999 -9999 -9999 -9999 -9999 -9999 -9999 -9999 -9999 -9999 -9999 -9999 -9999 -9999 -9999 -9999 -9999 -9999 -9999 -9999 -9999 -9999 -9999 -9999 -9999 -9999 -9999 -9999 -9999 -9999 -9999
-9999 -9999 8.68765 9.39759 9.98836 10.7065 11.325 11.6431 11.9526 11.9359 11.2731 10.9532 10.9329 10.4886 9.69951 9.20753 8.30433 7.3629 7.73442 9.13418 8.52363 9.51749 9.44208 9.63107 8.97989 7.73584 6.07708 5.10536 4.62964 3.77127 -9999 -9999 -9999 -9999 -9999 -9999 -9999 -9999 -9999 -9999 -9999 -9999 -9999 -9999 -9999 -9999 -9999 -9999 -9999 -9999 -9999 -9999 -9999 -9999 -9999 -9999 -9999 -9999 -9999 -9999 -9999 -9999 -9999 -9999 -9999 -9999 -9999 -9999 -9999 -9999 -9999 -9999
-9999 -9999 -9999 9.27189 9.72287 10.6903 11.1783 11.3872 11.8816 11.8904 11.6443 11.4607 11.1908 10.8358 10.2449 9.59225 8.74337 8.67273 9.57133 9.59078 9.41312 9.56733 10.0325 9.91963 8.90879 7.15243 6.23021 4.34127 3.54044 3.63239 3.06775 -9999 -9999 -9999 -9999 -9999 -9999 -9999 -9999 -9999 -9999 -9999 -9999 5.41011 -9999 -9999 -9999 -9999 -9999 -9999 -9999 -9999 -9999 -9999 -9999 -9999 -9999 -9999 -9999 -9999 -9999 -9999 -9999 -9999 2.24104 -9999 -9999 -9999 -9999 -9999 -9999 -9999
-9999 -9999 9.18945 9.78594 10.2594 10.868 10.9263 11.284 11.8514 11.8672 11.695 11.4996 11.0503 10.9456 10.6132 9.90395 9.76594 10.0659 10.2087 10.3691 10.471 10.4031 10.2257 9.99395 9.34059 8.53193 7.9918 6.27306 5.40174 4.57505 3.31952 2.3396 -9999 -9999 -9999 -9999 -9999 -9999 -9999 4.70412 4.66928 4.70414 4.99419 5.77286 5.33596 -9999 -9999 -9999 -9999 -9999 -9999 -9999 -9999 -9999 -9999 -9999 -9999 -9999 -9999 -9999 -9999 -9999 -9999 -9999 2.93699 1.95466 -9999 -9999 -9999 -9999 -9999 -9999
-9999 -9999 9.34701 9.98432 10.3056 10.8967 11.2376 11.4501 11.6514 11.8446 11.8214 11.6044 11.2702 11.2813 10.8179 10.5722 10.3994 10.8021 10.8887 10.7393 10.5495 10.3823 9.89446 9.84463 9.68754 9.17691 8.33387 7.46501 6.20147 4.49334 2.81866 1.46991 -9999 -9999 -9999 -9999 -9999 -9999 4.83821 5.48634 5.87973 5.082 5.78707 6.43287 6.34509 5.75041 -9999 -9999 -9999 -9999 -9999 -9999 -9999 -9999 -9999 -9999 -9999 -9999 -9999 -9999 7.61101 6.60257 4.55286 3.50876 2.8879 1.99602 -9999 -9999 -9999 -9999 -9999 -9999
-9999 -9999 9.22611 9.9774 10.4882 10.9423 11.02 11.4795 11.681 11.7882 11.7844 11.7482 11.6938 11.2905 11.1224 10.5084 11.114 11.1006 10.9586 10.3697 10.119 9.10111 8.65733 8.56087 9.43102 8.80074 7.47678 5.81996 3.82185 3.70062 3.04786 1.84322 -9999 -9999 -9999 -9999 -9999 -9999 5.03797 5.73048 6.31083 6.40628 5.6139 6.75151 6.7267 6.11178 5.98325 6.51323 6.78892 6.6078 7.24123 7.43539 7.17108 7.48908 -9999 -9999 -9999 -9999 7.73239 7.78578 7.82917 7.41619 5.17568 3.64983 2.28133 2.17278 -9999 -9999 -9999 -9999 -9999 -9999
-9999 -9999 9.74652 10.2109 10.4485 10.4916 10.8995 11.3011 11.55 11.7388 11.7105 11.7043 11.6976 11.5658 11.2476 11.3161 11.2992 11.1173 9.98904 8.67029 9.2575 8.47571 6.79252 8.17202 8.93231 8.21688 6.61066 4.74714 4.13646 4.17066 3.25912 2.08597 -9999 -9999 -9999 3.14759 4.13292 4.22926 4.52847 5.44826 6.15128 6.68284 7.05042 7.05242 6.69796 6.09707 5.44279 5.69573 6.91335 7.22114 7.48517 7.686 7.44166 7.59168 7.92601 8.10459 8.1504 8.08665 8.08121 8.11941 8.09309 7.70845 5.70408 4.56363 3.8412 2.38709 -9999 -9999 -9999 -9999 -9999 -9999
-9999 -9999 9.46338 9.86777 10.1962 10.7356 10.7978 11.1433 11.3459 11.6486 11.6904 11.3483 11.6472 11.6192 11.5747 11.4695 11.3108 10.3602 9.04614 7.72842 7.12448 7.39092 6.38349 6.91299 7.68321 7.40922 6.42773 4.76813 4.54039 4.15554 2.6167 1.13563 -9999 -9999 1.24919 3.129 4.45626 5.14676 5.36914 5.40184 6.2845 6.36604 7.316 7.11036 5.89105 6.04499 5.57673 5.90379 6.36323 6.49876 7.14727 7.774 7.90275 7.91844 8.13582 8.19014 8.2129 8.2193 8.09212 8.16738 8.18906 7.9538 6.50611 5.80712 5.04062 2.41167 -9999 -9999 -9999 -9999 -9999 -9999
-9999 -9999 9.67051 10.1217 10.6152 10.6993 11.0664 11.0329 10.9311 11.4429 11.632 11.393 11.224 11.5619 11.549 11.5154 11.4536 10.5611 9.52639 7.95469 6.98107 6.38612 5.96688 5.40576 5.80468 5.69164 5.53768 5.72916 5.27544 4.36371 3.46569 1.77892 0.870621 -9999 1.35172 2.20571 3.78212 5.12405 5.98068 5.68966 6.69181 6.88877 7.47279 7.15207 6.41932 6.1146 6.101 6.01733 6.69841 7.16078 7.49115 7.71665 7.99516 8.07503 8.15473 8.19485 8.22183 8.24881 8.25683 8.2631 8.24531 8.16442 7.50558 6.81171 5.2898 2.50278 -9999 -9999 -9999 -9999 -9999 -9999
-9999 8.37398 9.62367 10.3765 10.6707 10.8843 11.0733 11.2118 11.3531 11.4888 11.5867 11.5541 10.9079 10.9711 11.0989 11.4812 11.4648 11.3932 10.8319 8.91768 8.2597 7.29622 6.04564 5.52769 5.79734 6.83518 6.79565 6.11923 5.36468 4.31492 3.65067 2.619 0.631829 0.820368 1.72907 2.40833 3.48318 5.12096 6.27313 6.79458 6.99998 7.41392 7.63642 7.19507 6.77729 6.60911 6.28426 6.25173 6.26961 6.68706 7.01528 7.72828 7.97702 8.09853 8.16574 8.20715 8.24013 8.27256 8.29112 8.28906 8.30141 8.30799 8.27411 7.34155 4.99165 3.22846 -9999 -9999 -9999 -9999 -9999 -9999
-9999 -9999 9.39692 9.7302 9.82038 9.97522 10.2882 10.6487 11.154 11.2255 11.5105 11.516 10.9589 10.3164 10.8949 11.131 11.3754 11.3926 11.3289 9.72016 8.88304 8.22519 7.02629 7.46899 7.88905 7.9269 7.68378 6.2258 4.77374 3.09454 1.5309 1.4632 0.624386 1.08081 1.68419 3.21912 4.30305 4.74976 5.07454 6.7406 7.18361 7.34755 7.7856 7.22369 7.09712 6.67947 6.82442 6.80235 6.82049 5.63436 6.85432 6.94004 7.73913 8.1056 8.19864 8.23225 8.2669 8.28179 8.29746 8.3051 8.32461 8.32672 8.32913 7.72841 4.74106 3.2538 -9999 -9999 -9999 -9999 -9999 -9999
-9999 -9999 -9999 -9999 9.5132 9.76815 9.9332 10.2162 11.0709 11.3072 11.4672 11.4883 11.2452 10.608 10.4484 10.5774 9.95781 10.4954 11.2257 11.2168 11.1379 9.72479 9.00578 9.71661 9.50929 8.44742 7.61282 6.78903 5.08769 3.83999 2.04666 0.702066 0.658775 2.15884 3.40655 4.95956 5.6512 5.27527 5.70738 6.54235 7.48916 7.95488 7.86374 7.27089 7.20543 6.553 7.22669 7.29914 7.00934 6.76063 6.88071 7.28366 7.44568 8.07312 8.23432 8.27281 8.2888 8.30236 8.31071 8.31835 8.32447 8.33103 8.33621 8.32302 5.25209 2.87135 -9999 -9999 -9999 -9999 -9999 -9999
-9999 -9999 -9999 -9999 8.92417 9.08086 9.48685 10.5236 11.0647 11.2894 11.2891 11.3981 11.2293 10.6706 10.0974 9.558 8.85914 9.27531 10.3587 11.0008 11.0813 9.84367 10.4997 10.2641 9.79226 8.40149 7.37789 6.83781 5.2045 3.80326 2.61224 0.965641 1.68038 2.46746 3.4769 5.17008 6.31672 6.79521 6.4161 6.9546 8.04218 8.06315 7.49167 7.54573 7.20802 6.31064 7.27884 7.56299 7.36317 7.43475 7.36916 7.52826 7.80546 8.0705 8.25042 8.28475 8.29861 8.30401 8.31457 8.3271 8.32755 8.34158 8.34687 8.34589 6.3693 2.82951 -9999 -9999 -9999 -9999 -9999 -9999
-9999 -9999 -9999 -9999 -9999 8.3923 9.31357 10.6883 11.0289 11.0042 11.2943 11.3267 11.0628 10.8357 10.1378 9.18104 7.33323 7.81718 8.81528 10.2495 11.007 10.914 10.5053 9.78872 8.04423 6.51797 6.33777 6.09259 4.90207 3.82341 2.49845 3.27674 4.12918 5.06177 5.5564 5.44003 6.42406 7.22928 6.90509 7.56269 8.32838 8.00285 7.81705 7.66403 7.27072 7.26264 7.32255 7.87944 7.52167 7.76712 7.78782 7.78939 7.93126 8.09175 8.259 8.29598 8.3074 8.32076 8.31376 8.3317 8.33518 8.33964 8.34572 8.34709 8.18245 6.28515 5.15628 -9999 -9999 -9999 -9999 -9999
-9999 -9999 -9999 -9999 -9999 7.54985 8.01139 9.63885 10.1405 10.8639 11.2517 11.2772 10.8257 10.5788 9.53365 9.20216 7.49394 6.72566 7.39632 7.15295 9.12374 10.8681 10.4983 7.00094 5.73835 4.83933 5.07791 5.08592 4.75867 2.92084 2.42016 4.07474 5.11963 5.93156 6.55022 6.68713 6.67683 7.92983 8.10735 8.52426 8.45105 8.50358 7.89265 7.52096 7.87957 7.50576 7.45577 8.03048 7.4968 8.0097 7.96588 7.83109 7.83702 8.17757 8.25612 8.30264 8.31611 8.31393 8.3084 8.31078 8.33389 8.34233 8.33842 8.35441 8.35236 8.14456 7.16943 6.84008 7.24198 -9999 -9999 -9999
-9999 -9999 -9999 -9999 -9999 -9999 6.50197 8.76224 9.79316 10.341 11.1106 11.2104 10.9738 10.5397 9.47502 8.54042 7.01446 5.27017 4.34938 7.14161 9.5725 10.845 10.6871 7.77734 6.63301 6.58621 7.27056 6.70444 6.27641 4.88042 4.46926 3.89548 4.26099 5.3893 6.31422 7.20662 7.85908 7.92318 8.35241 8.60487 8.63888 8.72888 8.6708 8.62668 8.04183 8.47636 8.13857 8.34309 8.23799 8.1442 8.06493 7.73332 7.99141 8.2208 8.28879 8.31857 8.31604 8.32366 8.32551 8.31679 8.32061 8.33264 8.34489 8.34888 8.36449 8.37409 8.28008 7.70031 6.91821 5.92537 -9999 -9999
-9999 -9999 -9999 -9999 -9999 -9999 5.3795 7.62904 8.71107 10.1099 10.8324 11.1312 11.1017 10.7517 9.94507 8.72625 7.7129 5.76426 3.74033 6.66979 9.27923 10.6918 10.7743 8.331 9.01794 8.47553 8.70375 7.70449 7.29298 6.96523 6.25017 5.46788 4.61137 4.16439 6.22778 7.29245 8.15208 8.56404 8.80294 8.92941 8.88191 8.74289 7.8458 8.55718 8.53966 8.48682 8.4237 8.40133 8.34502 8.27542 8.2399 8.23624 8.02 8.29464 8.30154 8.31575 8.32757 8.3315 8.32964 8.32996 8.32828 8.34184 8.34803 8.35407 8.36352 8.38069 8.39026 8.37448 8.23282 6.89338 6.09861 5.89086
-9999 -9999 -9999 -9999 -9999 -9999 2.22976 5.50064 8.12429 9.50174 10.6243 10.939 11.0624 10.5893 10.2384 9.36754 8.54361 7.26683 5.34899 4.1719 6.36644 9.5542 10.7318 10.6487 10.5829 9.95499 9.38957 9.32401 9.37363 8.71013 7.74635 6.48546 6.1 5.66356 7.20277 7.41998 7.31868 9.01284 9.02905 8.94663 8.31676 7.60928 7.76112 7.33107 7.69212 7.1762 7.68111 8.11948 8.29268 8.29448 8.2527 8.26231 8.24973 8.30913 8.31946 8.32299 8.32816 8.33606 8.341 8.33318 8.33445 8.35459 8.35558 8.36033 8.36703 8.38607 8.399 8.39134 8.38583 8.19365 7.89616 7.31805
-9999 -9999 -9999 -9999 -9999 -9999 2.37335 5.11965 7.45584 8.85942 10.2105 10.5304 10.9926 10.904 10.5358 9.77987 8.83318 7.78402 6.13996 4.92045 6.39264 8.50991 10.0298 10.5802 10.5793 10.5504 10.414 10.3619 10.2014 10.0846 9.39591 8.20856 7.5394 6.55698 8.2715 8.4725 8.21614 9.07867 9.04808 7.77371 6.79755 6.6884 7.3053 6.74601 6.66425 6.32241 6.7419 7.84002 7.54231 7.61911 8.12399 8.21808 8.28544 8.31102 8.31883 8.32751 8.33016 8.34258 8.35528 8.34798 8.35158 8.36029 8.35536 8.36704 8.36921 8.38031 8.38837 8.39152 8.38755 8.34418 8.29803 8.38581
-9999 -9999 -9999 -9999 -9999 -9999 2.43695 4.28073 6.38401 8.44785 9.89036 10.4773 10.9074 10.912 10.4823 10.1113 9.52145 8.59941 7.97007 6.86994 5.35617 7.91931 8.7085 9.41632 9.71947 10.4556 10.4449 10.1179 9.72819 10.0953 10.0006 9.06015 8.7564 8.23844 9.19613 9.20803 9.1921 9.1524 8.07679 6.57779 5.38281 6.26611 6.09866 6.51075 5.29317 6.32978 7.16393 7.44456 6.90229 6.50341 7.79393 8.02242 8.16043 8.25281 8.31722 8.31573 8.34008 8.34403 8.35205 8.3601 8.3618 8.36834 8.37095 8.37379 8.37864 8.39105 8.39245 8.39377 8.40866 8.39243 8.39525 8.40373
-9999 -9999 -9999 -9999 -9999 -9999 -9999 3.19762 5.86028 8.24055 9.56936 10.4083 10.8215 10.8231 10.6077 10.3587 9.99637 9.3337 8.49874 7.17355 6.19206 6.83026 7.60323 7.6985 8.21702 9.70506 10.2182 9.50867 7.73783 8.79522 9.96931 9.95813 9.86668 9.76387 9.62785 9.50922 9.23866 8.49712 6.20315 5.76462 4.87338 4.98992 4.54004 5.56619 5.20627 6.26237 6.72837 6.91325 5.96478 6.18259 7.33209 7.79261 7.73061 8.01736 8.29014 8.31042 8.32961 8.33463 8.35236 8.36687 8.37535 8.3785 8.38379 8.39184 8.3867 8.40957 8.33968 8.29986 8.20272 8.35808 8.38671 8.41908
-9999 -9999 -9999 -9999 -9999 -9999 -9999 2.67034 5.33008 8.13229 9.03741 9.94132 10.7229 10.7468 10.4127 10.0957 9.769 9.39583 8.38082 7.39675 6.45751 6.14822 6.34817 6.33851 7.17261 9.10916 9.49032 9.33862 7.49364 6.87509 8.44149 9.7594 9.87098 9.76108 8.22913 8.56737 7.74648 6.63005 6.3316 5.85053 4.82053 5.33604 4.58581 4.92734 4.8567 5.46228 5.76489 6.48209 5.65702 5.67494 6.80433 7.37742 7.40401 8.00419 8.2259 8.29285 8.31874 8.34089 8.35594 8.37806 8.38594 8.39103 8.39375 8.38023 8.32822 8.13915 7.04513 7.06217 7.38383 7.68888 8.23755 8.40527
-9999 -9999 -9999 -9999 -9999 -9999 -9999 2.97999 4.82815 7.31568 9.16057 9.28428 10.1859 10.6558 10.2916 9.88066 9.46013 9.2817 8.17605 6.96053 5.98012 4.81771 5.01956 5.86932 7.24997 8.50396 8.73476 8.48517 7.49967 7.97664 9.04785 9.62077 9.79603 9.67422 9.34815 9.1643 8.56267 8.30852 7.46991 6.15255 5.64157 5.98636 4.58817 4.7004 5.23608 4.69864 5.62689 6.07831 5.00853 5.88965 6.88501 7.40009 7.85175 8.07202 8.16719 8.30649 8.32219 8.34535 8.36388 8.37502 8.38828 8.38134 8.37826 8.27409 8.11392 7.08889 6.67888 6.77913 7.27497 7.71089 8.17899 8.37326
-9999 -9999 -9999 -9999 -9999 -9999 -9999 3.2964 4.96142 7.11953 8.43736 8.68008 9.67911 10.5686 10.4794 10.0513 9.92754 9.48377 8.54741 7.51211 6.37952 5.83352 4.56622 5.83138 6.83015 7.89355 8.3954 7.58689 7.18628 7.9198 8.64918 8.94597 9.68293 9.68555 9.45827 8.44605 7.9582 8.18019 7.97767 7.61464 6.71189 6.68394 6.10908 5.87881 5.66217 4.93145 5.42187 5.48326 5.63263 6.6798 7.20422 7.55616 7.87721 7.9708 8.11736 8.30375 8.33159 8.35046 8.36246 8.3787 8.37914 8.34317 8.31522 8.09102 7.68353 6.91103 5.65904 6.57293 7.52782 7.82943 8.12445 8.28021
-9999 -9999 -9999 -9999 -9999 -9999 -9999 3.01661 4.78514 6.63093 7.40758 7.54656 9.34771 10.4541 10.4651 10.2671 10.0343 8.92412 8.99921 8.78463 7.76381 6.27253 4.63364 4.79696 5.78748 7.18503 7.65458 6.31393 5.84677 6.20617 7.30485 8.28944 9.3173 9.58575 9.29711 7.71585 6.03518 6.83096 7.68086 7.6882 7.45456 6.61833 6.3616 6.1306 5.52439 4.49354 4.65923 4.96435 6.15829 6.54271 7.12901 7.61799 7.45155 7.56929 8.03718 8.31101 8.33352 8.35089 8.37231 8.37928 8.37685 8.29172 8.20098 8.03967 6.95421 6.28466 5.30996 6.48479 7.14014 7.51037 8.1345 8.29371
-9999 -9999 -9999 -9999 -9999 -9999 -9999 2.47411 3.7599 5.52468 6.24106 7.37889 9.08155 9.92364 10.3321 10.3325 10.1805 9.68849 9.39642 8.81176 7.74942 6.29333 4.67359 3.62212 4.16979 6.0489 6.50569 5.26561 4.64284 5.43937 6.6099 8.33869 9.33076 9.47341 9.39486 9.07722 7.85315 6.37228 6.38892 7.14916 6.53515 5.81979 6.23269 6.1714 5.57279 5.14097 4.88581 5.07566 5.75874 6.04859 6.72383 7.7139 7.86688 7.85209 8.27619 8.30953 8.33188 8.36017 8.37251 8.38167 8.38239 8.31532 8.14883 7.43064 6.80624 5.93232 5.83648 6.88997 7.36181 7.80315 8.1163 8.22747
-9999 -9999 -9999 -9999 -9999 -9999 -9999 1.5382 3.0497 4.70358 6.25287 7.71927 8.9827 9.08872 9.75953 9.76793 10.1239 10.0339 9.57844 9.08746 8.17339 6.3003 4.72659 3.0094 3.47314 5.39361 5.64626 4.82289 3.29379 4.89197 6.65359 8.25122 9.12074 8.45707 9.15811 9.11205 8.66026 7.78324 6.41366 6.45155 5.42858 5.39581 5.93983 6.12501 6.04926 5.72824 5.21245 5.32327 5.74379 5.86063 6.48229 7.25337 8.00738 8.1449 8.29915 8.31809 8.33321 8.35758 8.3719 8.36937 8.34447 8.2736 7.67341 6.95726 6.52138 5.91651 5.85524 7.06319 7.56176 7.8472 8.11956 8.23522
-9999 -9999 -9999 -9999 -9999 -9999 -9999 -9999 2.8982 4.60667 5.87328 6.22092 7.34503 7.95628 8.43142 8.54396 9.88276 9.96531 9.67995 9.22968 8.4514 7.03222 6.04605 4.3993 3.21806 3.71884 3.94651 4.39329 4.27389 4.99206 6.68541 8.44934 8.65078 7.54682 7.72232 7.96617 8.49962 8.24574 6.37536 5.43093 4.64922 5.22507 5.83044 5.98646 6.02786 5.92624 5.81773 5.60471 6.41158 7.01208 7.16162 7.68672 8.07777 8.19523 8.28685 8.30949 8.33224 8.34524 8.33609 8.33301 8.25114 8.05169 7.37862 5.7416 5.83205 5.66707 5.16733 6.34888 7.11242 7.78153 8.14343 8.24687
-9999 -9999 -9999 -9999 -9999 -9999 -9999 -9999 2.33477 4.31028 4.73464 4.71283 4.07085 4.37985 6.80309 7.29848 8.58285 9.79945 9.72001 9.27842 8.5508 7.70919 6.40117 4.54804 3.07733 2.46112 4.06189 5.63001 5.96247 6.4714 7.51291 7.71899 6.59042 5.5329 6.14302 6.5149 7.90186 8.16412 7.90798 6.78571 5.50109 4.83634 5.64732 5.76644 5.82691 5.84909 5.84389 5.82941 6.73766 7.24614 7.60295 7.80327 8.141 8.23722 8.27689 8.31489 8.32193 8.31804 8.2796 8.23414 7.99042 7.69275 6.58172 5.65773 5.08663 4.35826 6.04352 6.5602 7.27411 7.73651 8.09655 8.186
