Test_Spring_2018/02_18/Temp/20180228_022.txt
ncols	170
nrows	115
xllcorner	350000.000000
yllcorner	4445000.000000
cellsize	1000.000000
nodata_value	-9999.000000
[rows 31 to 61 of 115, columns 70 to 139 of 170]
0.603108 1.4204 1.72029 1.14997 1.20556 2.58303 2.88529 2.86475 2.75286 2.62242 1.97303 1.75484 1.24255 0.341267 -0.0373152 -1.63919 -6.81529 -5.3511 -4.77836 -6.27824 -5.43948 -4.07445 -5.25911 -8.77899 -10.2928 -12.7328 -11.9399 -12.6649 -14.6267 -9999 -9999 -9999 -9999 -9999 -9999 -9999 -9999 -9999 -9999 -9999 -9999 -9999 -9999 -9999 -9999 -9999 -9999 -9999 -9999 -9999 -9999 -9999 -9999 -9999 -9999 -9999 -9999 -9999 -9999 -9999 -9999 -9999 -9999 -9999 -9999 -9999 -9999 -9999 -9999 -9999
0.771661 1.14429 1.10773 0.558023 1.40335 2.18161 1.7185 1.41217 2.69592 2.69514 2.25681 1.2283 0.850006 0.457706 0.216723 -1.1025 -4.80109 -8.1351 -6.34959 -6.30716 -7.54147 -5.32562 -6.49358 -9.54286 -13.8479 -11.5027 -12.1082 -15.1366 -15.8795 -9999 -9999 -9999 -9999 -9999 -9999 -9999 -9999 -9999 -9999 -9999 -9999 -9999 -9999 -9999 -9999 -9999 -9999 -9999 -9999 -9999 -9999 -9999 -9999 -9999 -9999 -9999 -9999 -9999 -9999 -9999 -9999 -9999 -9999 -9999 -9999 -9999 -9999 -9999 -9999 -9999
-0.249526 0.682255 0.393191 0.155758 1.41262 1.38455 1.32038 1.78099 2.57968 2.73774 2.56642 2.11743 1.72847 1.31471 0.266587 -1.24214 -4.40758 -8.20242 -9.06352 -7.20695 -7.11768 -6.81859 -7.88364 -9.22122 -11.3142 -9.59605 -8.92696 -10.9161 -13.5289 -15.1977 -9999 -9999 -9999 -9999 -9999 -9999 -9999 -9999 -9999 -9999 -9999 -9999 -9999 -9999 -9999 -9999 -9999 -9999 -9999 -9999 -9999 -9999 -9999 -9999 -9999 -9999 -9999 -9999 -9999 -9999 -9999 -9999 -9999 -9999 -9999 -9999 -9999 -9999 -9999 -9999
-1.6264 -0.0259518 -0.463056 -1.68608 -0.929541 -0.361797 0.714635 0.991367 1.14914 2.65005 2.57004 2.49986 1.85804 1.34449 0.494073 -0.957887 -3.02464 -5.51276 -9.84413 -7.1745 -5.08391 -5.13742 -5.25151 -6.18894 -8.20056 -6.51506 -6.43422 -8.9762 -11.8684 -13.5838 -14.2923 -9999 -9999 -9999 -9999 -9999 -9999 -9999 -9999 -9999 -9999 -9999 -9999 -9999 -9999 -9999 -9999 -9999 -9999 -9999 -9999 -9999 -9999 -9999 -9999 -9999 -9999 -9999 -9999 -9999 -9999 -9999 -9999 -9999 -9999 -9999 -9999 -9999 -9999 -9999
-9999 -1.01815 -1.43939 -2.93301 -2.17198 -1.15543 0.289283 1.04931 1.61535 2.06414 2.5218 2.46736 1.81076 -0.127771 -0.405345 -0.490171 -1.84234 -4.67896 -7.51184 -8.24647 -5.05765 -4.14534 -4.33172 -3.61947 -5.3242 -4.51779 -4.84729 -5.74785 -8.52422 -11.0761 -12.1342 -14.2264 -9999 -9999 -9999 -9999 -9999 -9999 -9999 -9999 -9999 -9999 -9999 -9999 -9999 -9999 -9999 -9999 -9999 -9999 -9999 -9999 -9999 -9999 -9999 -9999 -9999 -9999 -9999 -9999 -9999 -9999 -9999 -9999 -9999 -9999 -9999 -9999 -9999 -9999
-9999 -9999 -9999 -9999 -3.85594 -2.46301 -1.3132 0.105002 1.31719 1.92514 2.51567 2.46811 1.15644 0.514507 0.45776 -0.428449 -1.98936 -2.96965 -4.75405 -6.61316 -5.90506 -3.18627 -4.39733 -2.47102 -2.63463 -2.28074 -3.56896 -5.98745 -9.23368 -11.1287 -12.0759 -13.7719 -9999 -9999 -9999 -9999 -9999 -9999 -9999 -9999 -9999 -9999 -9999 -9999 -9999 -9999 -9999 -9999 -9999 -9999 -9999 -9999 -9999 -9999 -9999 -9999 -9999 -9999 -9999 -9999 -9999 -9999 -9999 -9999 -9999 -9999 -9999 -9999 -9999 -9999
-9999 -9999 -9999 -9999 -9999 -2.70086 -1.82395 0.0544232 1.03834 1.43328 2.38604 2.3885 1.89181 1.51653 0.971665 0.259753 -0.913769 -2.20871 -3.88742 -4.04462 -2.30667 -2.28715 -2.65246 -2.36833 -1.47563 -1.71228 -3.70088 -7.12582 -8.9449 -12.6216 -14.2049 -14.0432 -15.166 -9999 -9999 -9999 -9999 -9999 -9999 -9999 -9999 -9999 -9999 -9999 -9999 -10.8833 -9999 -9999 -9999 -9999 -9999 -9999 -9999 -9999 -9999 -9999 -9999 -9999 -9999 -9999 -9999 -9999 -9999 -9999 -9999 -9999 -17.666 -9999 -9999 -9999
-9999 -9999 -9999 -9999 -2.85992 -1.68019 -0.767096 0.410682 0.537446 1.24015 2.33599 2.35268 2.00077 1.60264 0.707008 0.484249 -0.184463 -1.59055 -1.88006 -1.31339 -1.05384 -0.759249 -0.578664 -0.729274 -1.09321 -1.56269 -2.82921 -4.42632 -5.4984 -8.86353 -10.5647 -12.1993 -14.6731 -16.6089 -9999 -9999 -9999 -9999 -9999 -9999 -9999 -12.1673 -12.2598 -12.2162 -11.674 -10.1768 -11.0565 -9999 -9999 -9999 -9999 -9999 -9999 -9999 -9999 -9999 -9999 -9999 -9999 -9999 -9999 -9999 -9999 -9999 -9999 -9999 -16.3104 -18.2618 -9999 -9999
-9999 -9999 -9999 -9999 -2.51978 -1.28591 -0.669218 0.475296 1.13088 1.57327 1.95424 2.31816 2.25801 1.81764 1.14698 1.15036 0.225009 -0.275253 -0.633564 0.133296 0.282325 -0.0296628 -0.420018 -0.765251 -1.7364 -1.85041 -2.1484 -3.1627 -4.82683 -6.54161 -8.99939 -12.3574 -15.6508 -18.3079 -9999 -9999 -9999 -9999 -9999 -9999 -11.8819 -10.639 -9.89446 -11.4789 -10.1255 -8.88825 -9.08562 -10.2732 -9999 -9999 -9999 -9999 -9999 -9999 -9999 -9999 -9999 -9999 -9999 -9999 -9999 -9999 -7.06087 -9.06047 -13.0964 -15.1668 -16.4107 -18.1853 -9999 -9999
-9999 -9999 -9999 -9999 -2.75147 -1.29362 -0.305174 0.572918 0.715174 1.6183 2.02128 2.21775 2.19596 2.10914 1.98545 1.17823 0.829683 -0.39144 0.771474 0.723852 0.425103 -0.746763 -1.25664 -3.26551 -4.15086 -4.33259 -2.64742 -3.89536 -6.49939 -9.75437 -13.6589 -13.9049 -15.2003 -17.5757 -9999 -9999 -9999 -9999 -9999 -9999 -11.491 -10.1617 -9.05186 -8.89028 -10.4648 -8.26627 -8.33894 -9.56889 -9.84844 -8.84105 -8.33128 -8.70805 -7.50039 -7.15118 -7.69816 -7.10638 -9999 -9999 -9999 -9999 -6.77301 -6.69595 -6.63847 -7.47354 -11.8822 -14.8944 -17.5999 -17.8555 -9999 -9999
-9999 -9999 -9999 -9999 -1.73007 -0.831805 -0.376249 -0.300269 0.489175 1.28005 1.77454 2.13022 2.06049 2.03237 2.00163 1.72476 1.08202 1.19449 1.1391 0.761179 -1.46688 -4.06678 -2.93942 -4.484 -7.77371 -5.09067 -3.61992 -5.03392 -8.18931 -11.8479 -13.0402 -12.9829 -14.7842 -17.1057 -9999 -9999 -9999 -15.1188 -13.2165 -13.0528 -12.4928 -10.7199 -9.37104 -8.34913 -7.6561 -7.6658 -8.39625 -9.59904 -10.9068 -10.4414 -8.09044 -7.51866 -7.02701 -6.66513 -7.1734 -6.91933 -6.29464 -5.97395 -5.91234 -6.06452 -6.10241 -6.0549 -6.13371 -6.91346 -10.8516 -13.1102 -14.5526 -17.4462 -9999 -9999
-9999 -9999 -9999 -9999 -2.27917 -1.49759 -0.863534 0.187289 0.301548 0.969088 1.36881 1.96358 2.03132 1.34667 1.91315 1.83882 1.7307 1.50276 1.16945 -0.712332 -3.30456 -5.9032 -7.10526 -6.58887 -8.5763 -7.55539 -6.06533 -6.60992 -8.54995 -11.8096 -12.27 -13.0242 -16.0441 -18.9594 -9999 -9999 -18.8025 -15.1509 -12.5803 -11.2553 -10.846 -10.8079 -9.10832 -8.97528 -7.14461 -7.56334 -9.98379 -9.71121 -10.6459 -10.036 -9.17966 -8.94452 -7.70213 -6.50627 -6.28446 -6.28322 -5.88709 -5.8092 -5.7924 -5.80712 -6.0827 -5.96242 -5.94712 -6.43466 -9.2934 -10.6894 -12.2286 -17.4074 -9999 -9999
-9999 -9999 -9999 -9999 -1.86697 -0.993053 -0.0354179 0.122292 0.8335 0.763381 0.568514 1.55891 1.92707 1.44414 1.09571 1.73646 1.68951 1.6007 1.45582 -0.3133 -2.36013 -5.45606 -7.38149 -8.55148 -9.38889 -10.5045 -9.74058 -9.97681 -10.2925 -9.93249 -10.8278 -12.6122 -14.3855 -17.6967 -19.493 -9999 -18.5967 -16.9508 -13.8934 -11.2951 -9.64625 -10.2416 -8.30894 -7.95078 -6.82749 -7.48147 -8.95042 -9.58598 -9.64207 -9.83517 -8.5331 -7.65136 -7.03158 -6.62113 -6.10562 -5.97885 -5.85176 -5.80138 -5.77603 -5.75019 -5.7611 -5.77541 -5.83703 -6.02264 -7.33909 -8.73367 -11.7407 -17.2286 -9999 -9999
-9999 -9999 -9999 -4.40316 -1.95587 -0.490813 0.0784017 0.490656 0.854924 1.11999 1.40027 1.65956 1.83925 1.7686 0.486989 0.590251 0.817857 1.54136 1.48456 1.31952 0.197506 -3.56886 -4.8672 -6.77317 -9.2366 -10.2639 -9.75242 -7.73805 -7.82936 -9.16547 -10.6543 -12.7089 -14.0181 -16.0533 -19.9543 -19.6071 -17.8531 -16.5489 -14.4723 -11.296 -9.06974 -8.07713 -7.70278 -6.91422 -6.50618 -7.40636 -8.2598 -8.6185 -9.28351 -9.37696 -9.37171 -8.58503 -7.96934 -6.59942 -6.14297 -5.93373 -5.83083 -5.77764 -5.74022 -5.70338 -5.69335 -5.72369 -5.72622 -5.74074 -5.84195 -7.69581 -12.3305 -15.8172 -9999 -9999
-9999 -9999 -9999 -9999 -2.39645 -1.75058 -1.57905 -1.28052 -0.672793 0.027508 1.01999 1.15107 1.69753 1.69719 0.595166 -0.681723 0.426506 0.863696 1.31601 1.32381 1.17383 -1.99006 -3.6485 -4.95481 -7.31722 -6.46628 -5.66041 -5.60069 -6.08946 -8.95293 -11.8047 -15.0898 -18.1624 -18.3114 -19.9659 -19.092 -17.9349 -14.9578 -12.8637 -12.0163 -11.4081 -8.17815 -7.33506 -7.04841 -6.22093 -7.34876 -7.63303 -8.47998 -8.22688 -8.30014 -8.29452 -10.6431 -8.28412 -8.14572 -6.61201 -5.92051 -5.76608 -5.72779 -5.68678 -5.68388 -5.67925 -5.69041 -5.67884 -5.70664 -5.7374 -6.94412 -12.8183 -15.7659 -9999 -9999
-9999 -9999 -9999 -9999 -9999 -9999 -2.17486 -1.67974 -1.36032 -0.810655 0.865059 1.31908 1.62144 1.6494 1.15803 -0.104675 -0.440032 -0.212853 -1.45015 -0.426084 0.979809 0.938867 0.762376 -2.02065 -3.44281 -2.06968 -2.4902 -4.58023 -6.22498 -7.84798 -11.1864 -13.6278 -17.1489 -19.7938 -19.8959 -16.9824 -14.5619 -11.5494 -10.2224 -10.9836 -10.1659 -8.56167 -6.7393 -5.85801 -6.06579 -7.25472 -7.41973 -8.72615 -7.43965 -7.32833 -7.92486 -8.44057 -8.23205 -7.47316 -7.1846 -5.9854 -5.69707 -5.64679 -5.64193 -5.64135 -5.65082 -5.66188 -5.68186 -5.69889 -5.72009 -5.77868 -11.8169 -16.5118 -9999 -9999
-9999 -9999 -9999 -9999 -9999 -9999 -3.32191 -3.01843 -2.2275 -0.203852 0.85906 1.29045 1.27969 1.47963 1.13341 0.0216513 -1.12117 -2.201 -3.59306 -2.8052 -0.712216 0.51931 0.654489 -1.78575 -0.519615 -0.997025 -1.93456 -4.66746 -6.68147 -7.74943 -10.9545 -13.6959 -16.0389 -19.2738 -17.8935 -16.3735 -14.4208 -11.133 -8.91637 -8.00786 -8.77612 -7.75182 -5.65475 -5.64355 -6.79104 -6.71571 -7.41324 -9.19896 -7.33691 -6.81183 -7.23243 -7.12179 -7.27619 -6.99371 -6.47955 -5.98841 -5.66306 -5.62182 -5.62 -5.6352 -5.64024 -5.64404 -5.67188 -5.67467 -5.6961 -5.73133 -9.63055 -16.5919 -9999 -9999
-9999 -9999 -9999 -9999 -9999 -9999 -9999 -4.36022 -2.56187 0.122635 0.79341 0.737097 1.29387 1.34397 0.811823 0.348322 -1.0387 -2.93439 -6.57303 -5.65273 -3.72655 -0.946516 0.512097 0.309601 -0.506157 -1.92396 -5.34981 -8.34764 -8.71268 -9.20399 -11.5432 -13.6538 -16.2585 -14.7521 -13.1023 -11.2977 -10.3513 -10.6017 -8.70277 -7.15504 -7.81669 -6.55987 -5.09254 -5.75926 -6.15316 -6.48312 -7.2896 -7.33689 -7.2508 -6.1925 -6.92181 -6.47105 -6.45653 -6.48163 -6.23164 -5.94449 -5.64352 -5.59677 -5.59982 -5.59919 -5.63914 -5.63156 -5.65373 -5.67558 -5.69589 -5.72695 -6.08401 -9.8344 -12.0792 -9999
-9999 -9999 -9999 -9999 -9999 -9999 -9999 -6.00347 -5.10439 -1.92633 -0.941067 0.465011 1.21261 1.24899 0.349742 -0.152805 -2.21786 -2.89109 -6.25737 -7.78379 -6.49774 -6.99758 -3.16702 0.22251 -0.51733 -7.37192 -9.85583 -11.6276 -11.1741 -11.1706 -11.8221 -15.417 -16.4101 -13.1905 -11.1643 -9.59539 -8.40642 -8.16156 -8.20666 -5.78399 -5.46399 -4.67797 -4.85105 -4.77894 -6.00432 -6.76209 -6.09869 -6.86113 -6.98992 -5.8967 -6.96976 -5.99586 -6.10718 -6.39852 -6.41389 -5.77435 -5.64646 -5.58085 -5.58062 -5.61004 -5.64744 -5.67007 -5.65412 -5.66852 -5.70867 -5.71144 -5.75086 -6.19822 -8.1425 -8.82476
-9999 -9999 -9999 -9999 -9999 -9999 -9999 -9999 -8.05305 -3.63865 -1.61901 -0.55685 0.936441 1.11787 0.641619 -0.227775 -2.33221 -4.18426 -7.19384 -10.631 -12.452 -7.0168 -2.28669 0.180187 -0.145364 -5.85159 -8.10468 -8.21066 -6.88608 -8.0055 -8.85449 -11.5856 -12.4039 -13.5411 -12.8433 -10.6534 -8.86838 -7.14636 -5.89562 -5.79734 -4.98713 -4.51981 -4.48342 -4.33819 -4.4828 -4.60026 -5.78154 -4.96353 -5.6549 -5.28528 -5.5202 -5.73217 -5.91245 -6.58823 -6.11029 -5.68777 -5.58033 -5.55059 -5.57969 -5.59009 -5.61325 -5.65878 -5.67931 -5.68692 -5.69568 -5.72205 -5.727 -5.74924 -5.97064 -7.14217
-9999 -9999 -9999 -9999 -9999 -9999 -9999 -9999 -10.2459 -5.85371 -3.73474 -1.00964 0.399106 0.966146 0.890295 0.18536 -1.41433 -3.82164 -5.82848 -9.66459 -13.648 -7.94323 -2.85723 -0.116428 0.0254404 -4.76689 -3.44016 -4.51568 -4.08351 -6.05045 -6.86782 -7.51051 -8.92344 -10.4687 -12.1562 -13.0536 -9.04011 -6.98128 -5.32544 -4.54696 -4.10871 -3.89187 -4.01243 -4.31166 -6.0966 -4.73691 -4.80903 -4.94369 -5.09783 -5.17157 -5.31085 -5.47525 -5.56965 -5.60394 -6.05311 -5.54632 -5.56059 -5.55645 -5.55772 -5.57556 -5.6062 -5.63426 -5.66798 -5.67095 -5.6904 -5.71273 -5.72957 -5.73678 -5.75523 -5.82355
-9999 -9999 -9999 -9999 -9999 -9999 -9999 -9999 -16.4029 -10.0152 -4.87138 -2.19043 -0.0109602 0.587997 0.810679 -0.134578 -0.84293 -2.56951 -4.20541 -6.72732 -10.5027 -12.8293 -8.55867 -2.34882 -0.0556063 -0.233637 -0.379122 -1.6225 -2.74277 -2.88505 -2.80172 -4.10106 -5.9943 -8.47671 -9.25464 -10.1271 -7.13863 -6.73674 -6.95958 -3.67409 -3.67097 -3.86221 -5.12489 -6.53479 -6.26982 -7.13571 -6.46761 -7.50733 -6.55062 -5.72326 -5.41354 -5.43808 -5.54443 -5.56015 -5.60973 -5.52365 -5.52709 -5.54414 -5.55873 -5.56913 -5.58672 -5.63085 -5.65887 -5.6516 -5.67969 -5.70499 -5.7242 -5.72737 -5.73862 -5.79032
-9999 -9999 -9999 -9999 -9999 -9999 -9999 -9999 -16.1094 -10.7355 -6.17939 -3.44922 -0.822616 -0.213943 0.670975 0.477385 -0.264474 -1.76573 -3.641 -5.71719 -8.95658 -11.3656 -8.51124 -4.38897 -1.4385 -0.378462 -0.385218 -0.458262 -0.74068 -0.85031 -1.17883 -1.40921 -2.7727 -5.11945 -6.44607 -8.38643 -5.05552 -4.68543 -5.21141 -3.55166 -3.6397 -6.16089 -8.1001 -8.3449 -7.16424 -8.28927 -8.48756 -9.17849 -8.38842 -6.27086 -6.89201 -6.76906 -5.80573 -5.64752 -5.54833 -5.52241 -5.53116 -5.53857 -5.55848 -5.56037 -5.56303 -5.60627 -5.62973 -5.6446 -5.68745 -5.6949 -5.72586 -5.74476 -5.76034 -5.79008
-9999 -9999 -9999 -9999 -9999 -9999 -9999 -9999 -15.9837 -12.3758 -8.27618 -4.25599 -1.45146 -0.321136 0.500904 0.489598 -0.37232 -1.12045 -2.29753 -4.12451 -5.37937 -7.5544 -10.5375 -5.54888 -4.0208 -2.65307 -2.07274 -0.650619 -0.687572 -1.34224 -2.09256 -1.39199 -1.60365 -3.4605 -4.0734 -5.10622 -3.25538 -3.25519 -3.31108 -3.41509 -5.54589 -8.50575 -10.8722 -9.17597 -9.5344 -8.75294 -11.1715 -9.18741 -7.58695 -7.06753 -8.14514 -8.9521 -6.4528 -6.04086 -5.79589 -5.6398 -5.53838 -5.56612 -5.54405 -5.56282 -5.57485 -5.58814 -5.61518 -5.63404 -5.66171 -5.68983 -5.71067 -5.72625 -5.75907 -5.80605
-9999 -9999 -9999 -9999 -9999 -9999 -9999 -9999 -9999 -14.4915 -9.29957 -4.66086 -2.07917 -0.456604 0.332343 0.315026 -0.127509 -0.636844 -1.36831 -2.68744 -4.3435 -6.95777 -8.89952 -7.67383 -6.17602 -6.00559 -5.01056 -2.11909 -1.1329 -2.53654 -5.99937 -3.95882 -1.68107 -1.72113 -1.91894 -2.14003 -2.41979 -2.67505 -3.22878 -4.70476 -9.21722 -10.1115 -11.8841 -11.6871 -12.5977 -10.6154 -11.357 -9.32297 -8.44177 -8.10927 -9.99153 -9.59027 -7.37915 -6.50406 -6.64994 -6.11369 -5.59645 -5.58214 -5.57056 -5.58754 -5.58076 -5.58141 -5.59503 -5.62977 -5.65253 -5.67075 -5.7114 -5.70615 -5.87803 -5.99089
-9999 -9999 -9999 -9999 -9999 -9999 -9999 -9999 -9999 -15.5222 -10.3371 -4.87434 -3.12171 -1.37258 0.136319 0.162742 -0.511765 -1.15375 -1.81519 -2.56787 -4.57549 -6.52245 -8.38136 -9.00802 -8.6383 -8.66483 -7.05339 -3.2858 -2.55855 -2.87262 -6.49085 -7.71881 -4.67514 -2.11772 -1.91948 -2.15519 -5.17232 -4.53435 -6.164 -8.37287 -8.98381 -9.95289 -11.996 -11.0181 -12.5151 -11.8776 -12.0456 -10.8917 -10.3295 -8.95596 -10.5969 -10.5867 -8.41579 -7.32106 -7.29432 -6.1459 -5.73753 -5.63211 -5.60764 -5.5914 -5.59014 -5.57619 -5.59123 -5.61278 -5.63986 -5.69938 -5.83464 -6.23458 -8.41181 -8.41248
-9999 -9999 -9999 -9999 -9999 -9999 -9999 -9999 -9999 -14.9164 -11.319 -6.47235 -2.88305 -2.65977 -0.916492 -0.018302 -0.751503 -1.57689 -2.42149 -2.79307 -4.97756 -7.37674 -9.31595 -11.6105 -11.2372 -9.59647 -6.90355 -4.47117 -4.03874 -4.54516 -6.48423 -5.5714 -3.49692 -2.397 -2.07515 -2.33489 -2.99492 -3.378 -4.57905 -5.1019 -6.7685 -9.37206 -10.3998 -9.75486 -12.5179 -12.328 -11.3099 -12.3898 -10.604 -9.74986 -11.8691 -10.1829 -8.26361 -7.28276 -6.42548 -6.02043 -5.86003 -5.6137 -5.60956 -5.59158 -5.58356 -5.59092 -5.59508 -5.63959 -5.67726 -5.91318 -6.25897 -8.29585 -9.13115 -8.96818
-9999 -9999 -9999 -9999 -9999 -9999 -9999 -9999 -9999 -14.2969 -11.0586 -6.85685 -4.29868 -3.84323 -1.90988 -0.191333 -0.387152 -1.24578 -1.51004 -2.40013 -4.2534 -6.30004 -8.53667 -9.6261 -12.1253 -9.6727 -7.72622 -5.66711 -4.70553 -6.29847 -7.10236 -5.68891 -4.28372 -3.72461 -2.3054 -2.32255 -2.78997 -4.79291 -5.77158 -5.36339 -5.78605 -6.52327 -8.31632 -8.39946 -9.55211 -10.0311 -10.4833 -11.9403 -11.0102 -10.9184 -10.6647 -8.64401 -7.64575 -6.98427 -6.38286 -6.22603 -5.96569 -5.62774 -5.6002 -5.59081 -5.59554 -5.59272 -5.62154 -5.72224 -5.80784 -6.27762 -7.10606 -8.64832 -11.1288 -9.37419
-9999 -9999 -9999 -9999 -9999 -9999 -9999 -9999 -9999 -14.8429 -11.403 -7.81267 -6.31319 -6.06105 -2.55983 -0.417439 -0.417316 -0.82636 -1.30365 -3.49642 -3.37206 -3.81399 -5.83204 -8.76965 -11.9955 -11.6975 -9.7761 -7.05519 -6.15749 -8.79194 -9.72682 -9.0457 -6.91938 -5.0164 -3.02924 -2.52731 -3.11519 -6.23096 -9.54184 -8.01173 -6.37651 -6.38918 -6.8735 -8.53631 -9.06635 -9.5462 -10.7595 -12.8086 -12.5071 -11.9386 -9.64234 -8.91851 -7.79955 -6.87052 -7.22268 -7.01911 -6.131 -5.62249 -5.60567 -5.59933 -5.58558 -5.60066 -5.6347 -5.83095 -6.03864 -6.38466 -8.5378 -9.87796 -11.8176 -9.54982
-9999 -9999 -9999 -9999 -9999 -9999 -9999 -9999 -9999 -15.9023 -13.4069 -9.97563 -8.59456 -6.39006 -3.08176 -1.45646 -0.679354 -0.700373 -1.01986 -2.00402 -2.59745 -3.76289 -5.86213 -8.73103 -11.9196 -13.9969 -12.9475 -9.27951 -8.41548 -10.8464 -12.0862 -10.5513 -8.28532 -4.92813 -3.01166 -2.75629 -2.93388 -3.57946 -5.99774 -8.91864 -8.9123 -7.45261 -8.6801 -10.1061 -9.32639 -9.47393 -10.672 -11.5439 -12.0703 -11.7377 -10.4302 -9.8914 -8.59884 -6.69052 -6.41859 -6.47459 -5.67252 -5.63451 -5.61821 -5.5906 -5.59452 -5.60506 -5.63252 -5.7929 -6.14804 -7.58212 -8.83309 -10.5721 -10.7899 -8.76137
-9999 -9999 -9999 -9999 -9999 -9999 -9999 -9999 -9999 -17.7305 -14.7946 -11.5807 -8.5717 -5.72526 -3.27608 -3.09016 -1.8004 -1.80597 -1.13229 -1.33063 -2.24345 -3.22577 -5.03519 -8.71948 -11.8183 -15.1974 -14.3125 -10.5729 -10.0841 -11.7168 -14.7293 -11.6278 -8.20693 -5.1069 -3.43067 -4.75232 -3.40617 -3.52104 -4.42956 -6.16984 -8.87351 -8.82575 -10.8524 -10.9434 -9.90689 -9.57212 -9.74759 -10.4026 -11.4432 -11.2599 -10.4663 -10.266 -9.07846 -7.59863 -6.15205 -5.91066 -5.63654 -5.62699 -5.62497 -5.60506 -5.60497 -5.6381 -5.71522 -5.8825 -7.08495 -8.51437 -9.39605 -10.6083 -10.7579 -8.42807
