Test_Spring_2018b/02_18/Prec/20180219_014.txt
ncols	170
nrows	115
xllcorner	350000.000000
yllcorner	4445000.000000
cellsize	1000.000000
nodata_value	-9999.000000
[rows 31 to 61 of 115, columns 70 to 139 of 170]
0.402436 0.407329 0.407812 0.400809 0.399311 0.409847 0.402812 0.401313 0.391739 0.390096 0.384016 0.381732 0.37692 0.368729 0.365055 0.35071 0.305256 0.317421 0.321781 0.308091 0.314692 0.325867 0.314925 0.283755 0.270089 0.248467 0.25585 0.252517 0.235193 -9999 -9999 -9999 -9999 -9999 -9999 -9999 -9999 -9999 -9999 -9999 -9999 -9999 -9999 -9999 -9999 -9999 -9999 -9999 -9999 -9999 -9999 -9999 -9999 -9999 -9999 -9999 -9999 -9999 -9999 -9999 -9999 -9999 -9999 -9999 -9999 -9999 -9999 -9999 -9999 -9999
0.400825 0.401853 0.399422 0.392611 0.397983 0.402831 0.389234 0.386421 0.387833 0.387261 0.382936 0.373519 0.369772 0.365912 0.363362 0.351431 0.318809 0.289331 0.30431 0.304143 0.292895 0.31165 0.301059 0.274191 0.23649 0.256641 0.251237 0.229061 0.22319 -9999 -9999 -9999 -9999 -9999 -9999 -9999 -9999 -9999 -9999 -9999 -9999 -9999 -9999 -9999 -9999 -9999 -9999 -9999 -9999 -9999 -9999 -9999 -9999 -9999 -9999 -9999 -9999 -9999 -9999 -9999 -9999 -9999 -9999 -9999 -9999 -9999 -9999 -9999 -9999 -9999
0.388407 0.394343 0.389775 0.385728 0.394715 0.392579 0.391004 0.386182 0.383289 0.384041 0.381954 0.377475 0.373535 0.369395 0.359758 0.346135 0.318137 0.284694 0.276764 0.292481 0.292896 0.295193 0.285711 0.273938 0.255682 0.270608 0.276487 0.260342 0.241824 0.22678 -9999 -9999 -9999 -9999 -9999 -9999 -9999 -9999 -9999 -9999 -9999 -9999 -9999 -9999 -9999 -9999 -9999 -9999 -9999 -9999 -9999 -9999 -9999 -9999 -9999 -9999 -9999 -9999 -9999 -9999 -9999 -9999 -9999 -9999 -9999 -9999 -9999 -9999 -9999 -9999
0.372447 0.384298 0.378549 0.366035 0.370749 0.373833 0.383285 0.366548 0.367246 0.379604 0.378225 0.376934 0.370689 0.36558 0.357578 0.344395 0.325927 0.303867 0.265871 0.288777 0.306744 0.30618 0.305185 0.297129 0.279827 0.294714 0.295719 0.276124 0.253713 0.239117 0.233211 -9999 -9999 -9999 -9999 -9999 -9999 -9999 -9999 -9999 -9999 -9999 -9999 -9999 -9999 -9999 -9999 -9999 -9999 -9999 -9999 -9999 -9999 -9999 -9999 -9999 -9999 -9999 -9999 -9999 -9999 -9999 -9999 -9999 -9999 -9999 -9999 -9999 -9999 -9999
-9999 0.371421 0.365971 0.351246 0.356109 0.363162 0.375147 0.372935 0.367645 0.370798 0.373995 0.372728 0.366234 0.348632 0.34551 0.344137 0.331852 0.306788 0.281884 0.275343 0.303022 0.311059 0.309675 0.31621 0.301842 0.309363 0.307068 0.30112 0.277696 0.259254 0.250505 0.232676 -9999 -9999 -9999 -9999 -9999 -9999 -9999 -9999 -9999 -9999 -9999 -9999 -9999 -9999 -9999 -9999 -9999 -9999 -9999 -9999 -9999 -9999 -9999 -9999 -9999 -9999 -9999 -9999 -9999 -9999 -9999 -9999 -9999 -9999 -9999 -9999 -9999 -9999
-9999 -9999 -9999 -9999 0.337461 0.349202 0.348661 0.361332 0.361418 0.365877 0.370123 0.368787 0.356466 0.349994 0.348675 0.340258 0.326121 0.317194 0.301467 0.285282 0.291588 0.315538 0.305509 0.32287 0.322184 0.326073 0.315746 0.295835 0.269751 0.257215 0.249652 0.23546 -9999 -9999 -9999 -9999 -9999 -9999 -9999 -9999 -9999 -9999 -9999 -9999 -9999 -9999 -9999 -9999 -9999 -9999 -9999 -9999 -9999 -9999 -9999 -9999 -9999 -9999 -9999 -9999 -9999 -9999 -9999 -9999 -9999 -9999 -9999 -9999 -9999 -9999
-9999 -9999 -9999 -9999 -9999 0.343305 0.340756 0.355704 0.355419 0.357941 0.365211 0.364164 0.358763 0.354452 0.348755 0.341748 0.330918 0.319256 0.304507 0.303228 0.318661 0.319394 0.316985 0.320383 0.329196 0.328286 0.313687 0.283938 0.269434 0.242758 0.229923 0.232086 0.222921 -9999 -9999 -9999 -9999 -9999 -9999 -9999 -9999 -9999 -9999 -9999 -9999 0.255392 -9999 -9999 -9999 -9999 -9999 -9999 -9999 -9999 -9999 -9999 -9999 -9999 -9999 -9999 -9999 -9999 -9999 -9999 -9999 -9999 0.195604 -9999 -9999 -9999
-9999 -9999 -9999 -9999 0.337822 0.339759 0.346517 0.355366 0.356786 0.352695 0.361069 0.359977 0.355651 0.350959 0.342051 0.339164 0.332639 0.319993 0.31736 0.322488 0.325261 0.328626 0.331249 0.331197 0.329444 0.326875 0.317634 0.305468 0.297795 0.271133 0.260458 0.247262 0.226566 0.210328 -9999 -9999 -9999 -9999 -9999 -9999 -9999 0.247018 0.245468 0.245061 0.248965 0.26116 0.252711 -9999 -9999 -9999 -9999 -9999 -9999 -9999 -9999 -9999 -9999 -9999 -9999 -9999 -9999 -9999 -9999 -9999 -9999 -9999 0.207401 0.191384 -9999 -9999
-9999 -9999 -9999 -9999 0.329923 0.339804 0.344049 0.352595 0.356628 0.352157 0.354164 0.355899 0.3539 0.348632 0.341488 0.34041 0.331552 0.326737 0.323542 0.330519 0.332517 0.330862 0.32883 0.327434 0.320784 0.321697 0.321338 0.314627 0.302188 0.289176 0.273138 0.24524 0.217647 0.195322 -9999 -9999 -9999 -9999 -9999 -9999 0.250147 0.260196 0.265856 0.251248 0.262147 0.27204 0.269486 0.262222 -9999 -9999 -9999 -9999 -9999 -9999 -9999 -9999 -9999 -9999 -9999 -9999 -9999 -9999 0.285195 0.268065 0.23348 0.216211 0.206367 0.192151 -9999 -9999
-9999 -9999 -9999 -9999 0.324515 0.336496 0.34404 0.35026 0.349744 0.346872 0.351318 0.35139 0.349495 0.347066 0.344456 0.336156 0.332183 0.321047 0.331086 0.33109 0.329378 0.320507 0.317751 0.302268 0.296762 0.297682 0.314874 0.306557 0.286363 0.260356 0.231175 0.23135 0.221352 0.201662 -9999 -9999 -9999 -9999 -9999 -9999 0.253644 0.264364 0.273114 0.273595 0.258991 0.277177 0.27912 0.267895 0.264947 0.273189 0.277106 0.276959 0.286308 0.288458 0.282816 0.287078 -9999 -9999 -9999 -9999 0.286761 0.287267 0.287839 0.280921 0.24324 0.217981 0.19568 0.195817 -9999 -9999
-9999 -9999 -9999 -9999 0.330165 0.337453 0.340445 0.339685 0.344695 0.341008 0.345949 0.343834 0.341522 0.339588 0.337755 0.334012 0.327419 0.327795 0.327175 0.32424 0.305711 0.284398 0.295858 0.288278 0.26056 0.288613 0.304391 0.295082 0.270534 0.241431 0.236059 0.239108 0.224966 0.201256 -9999 -9999 -9999 0.220357 0.236445 0.237127 0.241002 0.255233 0.265667 0.278219 0.283228 0.281989 0.278199 0.267189 0.255295 0.258817 0.278715 0.283136 0.289724 0.291919 0.286535 0.285252 0.289891 0.291924 0.291769 0.289855 0.289072 0.289214 0.288486 0.281937 0.251192 0.232678 0.221602 0.201446 -9999 -9999
-9999 -9999 -9999 -9999 0.32129 0.32769 0.332311 0.337018 0.336154 0.339758 0.333856 0.339407 0.338102 0.330268 0.333429 0.331273 0.329188 0.326521 0.323463 0.307507 0.285928 0.264808 0.256276 0.261262 0.246679 0.260445 0.276575 0.279931 0.261498 0.236168 0.23499 0.233038 0.209458 0.185776 -9999 -9999 0.189561 0.22121 0.243053 0.253711 0.256117 0.255084 0.268356 0.267979 0.282383 0.277004 0.25813 0.259761 0.257098 0.261863 0.265737 0.267278 0.280294 0.289754 0.290837 0.289997 0.292591 0.292446 0.291831 0.291042 0.288139 0.28888 0.288968 0.284996 0.260777 0.249651 0.238144 0.197424 -9999 -9999
-9999 -9999 -9999 -9999 0.318745 0.325852 0.333212 0.33316 0.337489 0.335324 0.324546 0.331313 0.334331 0.328067 0.323097 0.326985 0.325292 0.323738 0.322276 0.30732 0.290567 0.26528 0.25068 0.241437 0.237131 0.229089 0.238907 0.240203 0.240908 0.247511 0.247463 0.23685 0.223932 0.197525 0.183401 -9999 0.192635 0.206877 0.232891 0.254481 0.267474 0.26072 0.275783 0.277129 0.284919 0.277622 0.266692 0.257833 0.256616 0.254438 0.265448 0.278003 0.285424 0.288131 0.291649 0.291849 0.292043 0.291586 0.290964 0.290449 0.289776 0.289299 0.288702 0.287378 0.276632 0.265946 0.241529 0.198275 -9999 -9999
-9999 -9999 -9999 0.292365 0.315689 0.328037 0.33207 0.33422 0.335478 0.335465 0.329397 0.330032 0.329569 0.328218 0.314986 0.314055 0.314618 0.320024 0.319273 0.318251 0.309586 0.278589 0.268175 0.251821 0.233111 0.229212 0.237157 0.258365 0.26142 0.253722 0.244668 0.232171 0.227736 0.212405 0.180459 0.184632 0.200429 0.211719 0.229149 0.255626 0.273442 0.280252 0.281531 0.286207 0.287771 0.276029 0.269882 0.265689 0.259133 0.257819 0.257603 0.264362 0.271891 0.2876 0.290647 0.29146 0.291384 0.290879 0.29028 0.289777 0.28921 0.288535 0.288421 0.288593 0.288625 0.273848 0.232685 0.206545 -9999 -9999
-9999 -9999 -9999 -9999 0.309868 0.315179 0.315789 0.316943 0.320271 0.323964 0.324344 0.323592 0.326321 0.324352 0.313584 0.300552 0.30866 0.311491 0.315103 0.315557 0.315354 0.287194 0.274549 0.265513 0.247814 0.260389 0.271152 0.275689 0.275643 0.255066 0.234591 0.211753 0.188789 0.190759 0.181227 0.190226 0.200933 0.226774 0.244296 0.250412 0.253986 0.280007 0.285033 0.283747 0.288415 0.276318 0.274803 0.266268 0.267638 0.2665 0.266331 0.245933 0.268566 0.269621 0.282768 0.29086 0.291147 0.29045 0.28981 0.288934 0.288243 0.287672 0.287641 0.287765 0.286595 0.277047 0.227539 0.206149 -9999 -9999
-9999 -9999 -9999 -9999 -9999 -9999 0.308976 0.311829 0.312626 0.31497 0.321507 0.323557 0.324157 0.322338 0.316088 0.303697 0.299197 0.300137 0.289012 0.297782 0.310069 0.310846 0.311052 0.289204 0.281443 0.296941 0.297231 0.283322 0.273508 0.264023 0.239669 0.22446 0.197955 0.178575 0.180636 0.2081 0.231137 0.257305 0.268117 0.260149 0.26538 0.276331 0.28937 0.294158 0.289589 0.276753 0.276013 0.263394 0.273699 0.27417 0.268817 0.26442 0.268365 0.274905 0.277324 0.287542 0.289681 0.290377 0.289367 0.288406 0.287528 0.286898 0.28581 0.285574 0.285771 0.286202 0.235321 0.198793 -9999 -9999
-9999 -9999 -9999 -9999 -9999 -9999 0.297605 0.298786 0.303674 0.318822 0.320197 0.322094 0.320018 0.319729 0.314763 0.303333 0.292003 0.281553 0.268767 0.27549 0.294113 0.305857 0.308695 0.289775 0.305333 0.304796 0.300677 0.281311 0.26846 0.264009 0.241061 0.22347 0.207473 0.18323 0.1984 0.213942 0.232276 0.261346 0.279858 0.286184 0.277314 0.283515 0.29874 0.295763 0.282836 0.280813 0.275264 0.258407 0.27368 0.277755 0.273977 0.275098 0.275915 0.278416 0.282891 0.287041 0.289559 0.289385 0.288854 0.287717 0.286829 0.285894 0.285131 0.284957 0.285103 0.285713 0.25342 0.197214 -9999 -9999
-9999 -9999 -9999 -9999 -9999 -9999 -9999 0.285926 0.299583 0.320513 0.318565 0.316313 0.319261 0.317762 0.31126 0.305519 0.292034 0.274508 0.242244 0.250045 0.26712 0.292199 0.306413 0.306818 0.304208 0.295442 0.269683 0.248027 0.249551 0.250198 0.234893 0.222906 0.204803 0.221916 0.239587 0.257735 0.267423 0.265639 0.281459 0.293353 0.285331 0.293443 0.303071 0.294072 0.287564 0.281909 0.275328 0.273525 0.273354 0.282076 0.275659 0.279803 0.282142 0.282068 0.284345 0.286813 0.289192 0.289114 0.288359 0.287447 0.28616 0.285411 0.284643 0.284243 0.284339 0.284932 0.283371 0.255037 0.238743 -9999
-9999 -9999 -9999 -9999 -9999 -9999 -9999 0.270627 0.276509 0.301803 0.302582 0.313156 0.317898 0.316418 0.306855 0.300626 0.281329 0.274505 0.244493 0.231186 0.2426 0.239052 0.273713 0.305154 0.303082 0.246934 0.229226 0.218116 0.226676 0.231576 0.230917 0.206044 0.201987 0.234046 0.255058 0.271229 0.283089 0.285542 0.284542 0.303871 0.304693 0.308688 0.304025 0.301397 0.287619 0.278207 0.284418 0.276387 0.274352 0.283397 0.274032 0.282775 0.284099 0.2818 0.281864 0.287483 0.288441 0.288596 0.287806 0.286709 0.285308 0.284552 0.28408 0.283691 0.283548 0.284312 0.28543 0.285738 0.271978 0.269844
-9999 -9999 -9999 -9999 -9999 -9999 -9999 -9999 0.250059 0.286197 0.295861 0.303593 0.314977 0.314928 0.30788 0.299287 0.279994 0.262983 0.236085 0.205728 0.19065 0.238516 0.280811 0.304029 0.305412 0.259008 0.24308 0.246231 0.262166 0.25714 0.254616 0.237135 0.234519 0.228683 0.238134 0.259654 0.276323 0.291903 0.302214 0.301416 0.305875 0.308229 0.305434 0.303485 0.299133 0.295316 0.285639 0.291357 0.284456 0.287241 0.285189 0.283668 0.284486 0.27892 0.283349 0.287168 0.288034 0.287511 0.286802 0.285928 0.284695 0.283152 0.283319 0.282946 0.283009 0.283475 0.284777 0.288707 0.289757 0.283205
-9999 -9999 -9999 -9999 -9999 -9999 -9999 -9999 0.230273 0.266336 0.276671 0.299 0.308359 0.31098 0.309417 0.302367 0.287555 0.26579 0.247635 0.213802 0.17899 0.228808 0.275352 0.30072 0.304078 0.267259 0.282133 0.276567 0.28446 0.271792 0.269277 0.269711 0.261741 0.252209 0.240641 0.234591 0.271195 0.289721 0.303624 0.308852 0.310231 0.309022 0.306963 0.301413 0.282928 0.292044 0.292246 0.289743 0.28755 0.286515 0.285318 0.284231 0.285893 0.285953 0.282393 0.286977 0.285965 0.285963 0.285573 0.284716 0.283496 0.282172 0.280835 0.282483 0.282344 0.282742 0.2838 0.287779 0.290372 0.293155
-9999 -9999 -9999 -9999 -9999 -9999 -9999 -9999 0.176092 0.229605 0.263694 0.286091 0.302348 0.306785 0.307922 0.298891 0.291917 0.276138 0.261247 0.238833 0.205786 0.185664 0.223422 0.278445 0.302253 0.305333 0.307078 0.299699 0.293748 0.296569 0.30152 0.295926 0.282833 0.26514 0.260455 0.25545 0.283071 0.287206 0.284871 0.312032 0.309844 0.305343 0.291159 0.278954 0.27835 0.268699 0.275671 0.265391 0.272907 0.279737 0.282459 0.282594 0.284243 0.284325 0.284341 0.283977 0.284248 0.28412 0.283694 0.282997 0.281994 0.28063 0.279426 0.278716 0.281647 0.28197 0.282716 0.286651 0.289041 0.291661
-9999 -9999 -9999 -9999 -9999 -9999 -9999 -9999 0.175555 0.21249 0.251275 0.271953 0.294085 0.298678 0.305651 0.303237 0.296054 0.2823 0.265372 0.246838 0.218414 0.197496 0.222672 0.259531 0.286571 0.300327 0.305134 0.307537 0.30846 0.309489 0.310734 0.314312 0.306402 0.2882 0.279714 0.265221 0.295699 0.299541 0.294658 0.307874 0.305149 0.280716 0.260991 0.255871 0.267345 0.255133 0.255056 0.248474 0.254619 0.272699 0.266804 0.268301 0.27947 0.281332 0.280789 0.281513 0.281756 0.281757 0.281359 0.280836 0.28008 0.278846 0.277791 0.27697 0.276219 0.280818 0.281513 0.285432 0.287108 0.289577
-9999 -9999 -9999 -9999 -9999 -9999 -9999 -9999 0.172996 0.196991 0.23184 0.263465 0.287165 0.296329 0.302809 0.302038 0.293873 0.286715 0.275888 0.259527 0.248315 0.22936 0.203707 0.24769 0.262356 0.278677 0.283438 0.298672 0.301665 0.299634 0.300168 0.309932 0.310221 0.297233 0.294615 0.287759 0.305234 0.305829 0.305111 0.303192 0.282995 0.255089 0.232025 0.244145 0.238504 0.247646 0.228787 0.244168 0.257446 0.26176 0.253263 0.24667 0.271238 0.273105 0.275775 0.277604 0.278802 0.278656 0.278688 0.278116 0.2774 0.276557 0.275594 0.274835 0.274269 0.274094 0.279894 0.283792 0.285538 0.288353
-9999 -9999 -9999 -9999 -9999 -9999 -9999 -9999 -9999 0.173861 0.215476 0.255221 0.277149 0.290763 0.297124 0.296446 0.292029 0.286997 0.280033 0.268014 0.253186 0.230233 0.213402 0.224446 0.238429 0.24455 0.255234 0.282826 0.294248 0.285213 0.259773 0.279731 0.302707 0.305299 0.30612 0.306198 0.305926 0.304255 0.299284 0.28563 0.245021 0.234563 0.216951 0.216339 0.206172 0.226509 0.222933 0.239705 0.246847 0.2496 0.23345 0.239973 0.257204 0.265353 0.264658 0.269822 0.274998 0.275234 0.275228 0.27476 0.274324 0.273721 0.273002 0.272009 0.271559 0.271501 0.277882 0.282145 0.282494 0.2838
-9999 -9999 -9999 -9999 -9999 -9999 -9999 -9999 -9999 0.160145 0.204451 0.251255 0.265893 0.280534 0.293097 0.292769 0.286329 0.280155 0.273819 0.266741 0.248867 0.231692 0.215524 0.210365 0.214222 0.218695 0.234412 0.269229 0.277962 0.27791 0.249525 0.241644 0.270789 0.295504 0.299391 0.299057 0.274014 0.280114 0.265889 0.246038 0.239556 0.229569 0.210003 0.216588 0.20173 0.205602 0.213113 0.222417 0.226912 0.238779 0.224751 0.227848 0.244598 0.254593 0.255334 0.265764 0.269647 0.270729 0.270913 0.270836 0.270474 0.270128 0.269524 0.268955 0.268534 0.268126 0.267438 0.271631 0.257533 0.259443
-9999 -9999 -9999 -9999 -9999 -9999 -9999 -9999 -9999 0.163309 0.193696 0.235023 0.2655 0.266787 0.281305 0.288493 0.281509 0.273728 0.265803 0.262041 0.242631 0.221507 0.204586 0.184837 0.188565 0.203636 0.232243 0.255106 0.260867 0.258689 0.244386 0.25462 0.274878 0.286499 0.29109 0.29026 0.285509 0.28267 0.272218 0.267177 0.251785 0.227935 0.217575 0.22167 0.196208 0.196553 0.204331 0.205372 0.220634 0.228072 0.209921 0.224971 0.24199 0.250937 0.258825 0.262741 0.264432 0.266732 0.266771 0.266775 0.266568 0.266152 0.265759 0.265092 0.264646 0.262718 0.260145 0.243243 0.247936 0.250925
-9999 -9999 -9999 -9999 -9999 -9999 -9999 -9999 -9999 0.166401 0.193519 0.229096 0.250475 0.253651 0.269713 0.283943 0.281569 0.273465 0.270565 0.262293 0.245752 0.22767 0.208116 0.198746 0.177379 0.199298 0.221248 0.240546 0.250527 0.238736 0.23359 0.24772 0.261719 0.268229 0.281992 0.282988 0.279723 0.262735 0.25425 0.257441 0.253096 0.245774 0.229129 0.227286 0.216194 0.21108 0.206388 0.204895 0.212873 0.213784 0.214133 0.234149 0.243137 0.249255 0.254858 0.256557 0.259073 0.262153 0.262412 0.262393 0.262155 0.261927 0.261425 0.260362 0.259561 0.255617 0.248804 0.236078 0.226848 0.243353
-9999 -9999 -9999 -9999 -9999 -9999 -9999 -9999 -9999 0.159189 0.187882 0.217974 0.22999 0.231247 0.260797 0.278602 0.27785 0.273599 0.268817 0.249214 0.249841 0.245679 0.227983 0.202482 0.17468 0.177704 0.199261 0.224006 0.23309 0.211865 0.205177 0.212527 0.232373 0.250165 0.268517 0.273746 0.269248 0.242507 0.213785 0.226848 0.240597 0.239861 0.234928 0.219729 0.214412 0.209633 0.19863 0.186893 0.195328 0.20049 0.220795 0.227317 0.237337 0.245736 0.242996 0.245042 0.252965 0.257503 0.257674 0.257665 0.257651 0.257351 0.256893 0.255082 0.253277 0.250425 0.232066 0.220989 0.209329 0.237457
-9999 -9999 -9999 -9999 -9999 -9999 -9999 -9999 -9999 0.147346 0.167633 0.196144 0.206938 0.224979 0.252698 0.265883 0.271784 0.270836 0.267386 0.258261 0.252643 0.242182 0.223752 0.19879 0.171211 0.153449 0.163007 0.199935 0.208657 0.188632 0.178928 0.193306 0.213975 0.244028 0.261435 0.264254 0.263133 0.257758 0.236798 0.211304 0.211101 0.223426 0.212359 0.199568 0.205983 0.204427 0.193857 0.186247 0.194315 0.195745 0.209263 0.214219 0.225745 0.242618 0.245248 0.244983 0.252109 0.252527 0.252688 0.252885 0.252766 0.252573 0.252249 0.250821 0.247788 0.235502 0.224949 0.210319 0.209068 0.239653
-9999 -9999 -9999 -9999 -9999 -9999 -9999 -9999 -9999 0.128669 0.152555 0.17895 0.203668 0.227085 0.247165 0.247701 0.257944 0.257055 0.262188 0.25987 0.251473 0.242602 0.226677 0.194594 0.167722 0.138529 0.146479 0.184107 0.188997 0.175566 0.150127 0.177752 0.208086 0.23555 0.25055 0.239406 0.251332 0.250466 0.242617 0.227471 0.203906 0.204219 0.186517 0.185662 0.194655 0.197625 0.196243 0.190779 0.189176 0.195191 0.204109 0.206185 0.216813 0.229941 0.242731 0.244994 0.247482 0.247615 0.247634 0.247773 0.247721 0.247385 0.246694 0.24527 0.234926 0.2227 0.215335 0.205206 0.204413 0.230266
