Test_Spring_2018b/02_18/Prec/20180225_022.txt
ncols	170
nrows	115
xllcorner	350000.000000
yllcorner	4445000.000000
cellsize	1000.000000
nodata_value	-9999.000000
[rows 32 to 63 of 115, columns 72 to 143 of 170]
2.04679 2.0217 2.04851 2.07226 1.99702 1.98714 2.0252 2.02011 1.99856 1.95497 1.93605 1.91702 1.90422 1.85157 1.71031 1.5835 1.64972 1.65117 1.60528 1.68941 1.64678 1.53365 1.37335 1.46267 1.44094 1.29564 1.27095 -9999 -9999 -9999 -9999 -9999 -9999 -9999 -9999 -9999 -9999 -9999 -9999 -9999 -9999 -9999 -9999 -9999 -9999 -9999 -9999 -9999 -9999 -9999 -9999 -9999 -9999 -9999 -9999 -9999 -9999 -9999 -9999 -9999 -9999 -9999 -9999 -9999 -9999 -9999 -9999 -9999 -9999 -9999 -9999 -9999
2.04212 2.02804 2.06978 2.06293 2.04104 2.01962 2.04081 2.04223 2.03141 2.01037 1.99188 1.97283 1.93038 1.87111 1.75012 1.606 1.57254 1.64159 1.64465 1.65589 1.61612 1.56624 1.48803 1.55293 1.57833 1.49147 1.37479 1.31506 -9999 -9999 -9999 -9999 -9999 -9999 -9999 -9999 -9999 -9999 -9999 -9999 -9999 -9999 -9999 -9999 -9999 -9999 -9999 -9999 -9999 -9999 -9999 -9999 -9999 -9999 -9999 -9999 -9999 -9999 -9999 -9999 -9999 -9999 -9999 -9999 -9999 -9999 -9999 -9999 -9999 -9999 -9999 -9999
2.03212 1.98032 2.00271 2.01788 2.04049 2.00555 2.00717 2.05946 2.05267 2.04656 2.01932 1.99724 1.96284 1.90617 1.82669 1.73165 1.56761 1.6667 1.74422 1.74136 1.73636 1.70054 1.62447 1.6873 1.68992 1.58109 1.45674 1.39211 1.3653 -9999 -9999 -9999 -9999 -9999 -9999 -9999 -9999 -9999 -9999 -9999 -9999 -9999 -9999 -9999 -9999 -9999 -9999 -9999 -9999 -9999 -9999 -9999 -9999 -9999 -9999 -9999 -9999 -9999 -9999 -9999 -9999 -9999 -9999 -9999 -9999 -9999 -9999 -9999 -9999 -9999 -9999 -9999
2.0173 1.95464 1.97661 2.00821 2.057 2.06499 2.04457 2.05769 2.07161 2.06673 2.03963 1.96472 1.95244 1.94755 1.89517 1.78706 1.67908 1.64986 1.76797 1.80058 1.79196 1.81717 1.75173 1.78075 1.76729 1.731 1.61778 1.50286 1.46289 1.38424 -9999 -9999 -9999 -9999 -9999 -9999 -9999 -9999 -9999 -9999 -9999 -9999 -9999 -9999 -9999 -9999 -9999 -9999 -9999 -9999 -9999 -9999 -9999 -9999 -9999 -9999 -9999 -9999 -9999 -9999 -9999 -9999 -9999 -9999 -9999 -9999 -9999 -9999 -9999 -9999 -9999 -9999
-9999 -9999 1.9333 1.97822 2.01659 2.04811 2.05278 2.07215 2.09151 2.08748 2.03644 2.01089 2.00749 1.97298 1.91303 1.87468 1.80588 1.73402 1.75833 1.85801 1.81005 1.87995 1.87151 1.88275 1.83263 1.74488 1.60709 1.51732 1.48153 1.41794 -9999 -9999 -9999 -9999 -9999 -9999 -9999 -9999 -9999 -9999 -9999 -9999 -9999 -9999 -9999 -9999 -9999 -9999 -9999 -9999 -9999 -9999 -9999 -9999 -9999 -9999 -9999 -9999 -9999 -9999 -9999 -9999 -9999 -9999 -9999 -9999 -9999 -9999 -9999 -9999 -9999 -9999
-9999 -9999 -9999 1.98694 2.01534 2.07927 2.06097 2.07254 2.10591 2.10431 2.08453 2.06965 2.04854 2.02106 1.97596 1.92587 1.86089 1.85254 1.91494 1.91249 1.89544 1.90278 1.93315 1.92143 1.84122 1.71789 1.64775 1.47732 1.41769 1.42408 1.38259 -9999 -9999 -9999 -9999 -9999 -9999 -9999 -9999 -9999 -9999 -9999 -9999 1.51828 -9999 -9999 -9999 -9999 -9999 -9999 -9999 -9999 -9999 -9999 -9999 -9999 -9999 -9999 -9999 -9999 -9999 -9999 -9999 -9999 1.17668 -9999 -9999 -9999 -9999 -9999 -9999 -9999
-9999 -9999 2.00777 2.04519 2.07165 2.10891 2.09213 2.08308 2.12219 2.12167 2.10797 2.09292 2.05927 2.05068 2.02488 1.97075 1.95781 1.97629 1.98259 1.98974 1.99233 1.98246 1.96478 1.94352 1.897 1.83409 1.79166 1.64917 1.56994 1.50915 1.41734 1.34602 -9999 -9999 -9999 -9999 -9999 -9999 -9999 1.50606 1.49789 1.49419 1.50879 1.55903 1.51999 -9999 -9999 -9999 -9999 -9999 -9999 -9999 -9999 -9999 -9999 -9999 -9999 -9999 -9999 -9999 -9999 -9999 -9999 -9999 1.23865 1.16144 -9999 -9999 -9999 -9999 -9999 -9999
-9999 -9999 2.03872 2.07581 2.09052 2.12608 2.14443 2.11212 2.12471 2.13776 2.13567 2.11973 2.0952 2.09567 2.06062 2.04067 2.02507 2.05074 2.05234 2.03599 2.01631 1.99825 1.95689 1.94819 1.93686 1.89531 1.83028 1.76431 1.64348 1.5183 1.39621 1.2984 -9999 -9999 -9999 -9999 -9999 -9999 1.53862 1.58083 1.60335 1.53763 1.58174 1.62124 1.60688 1.56243 -9999 -9999 -9999 -9999 -9999 -9999 -9999 -9999 -9999 -9999 -9999 -9999 -9999 -9999 1.6132 1.5344 1.37873 1.29661 1.24544 1.17441 -9999 -9999 -9999 -9999 -9999 -9999
-9999 -9999 2.04517 2.0899 2.11791 2.14293 2.14165 2.14278 2.14262 2.14989 2.1499 2.14795 2.14466 2.11528 2.10232 2.05551 2.097 2.0918 2.07608 2.02674 2.00177 1.92035 1.88135 1.87294 1.93125 1.8804 1.77971 1.65573 1.49628 1.47435 1.42784 1.34127 -9999 -9999 -9999 -9999 -9999 -9999 1.57085 1.61576 1.65123 1.65018 1.58332 1.65788 1.6539 1.59945 1.58122 1.61206 1.62509 1.59551 1.62426 1.63502 1.61296 1.63426 -9999 -9999 -9999 -9999 1.64161 1.64186 1.64066 1.6053 1.43524 1.31729 1.21074 1.2 -9999 -9999 -9999 -9999 -9999 -9999
-9999 -9999 2.09725 2.12017 2.12744 2.12175 2.14435 2.14283 2.14716 2.17905 2.1767 2.17649 2.17635 2.16672 2.14273 2.14621 2.14232 2.12524 2.03769 1.93539 1.97254 1.88934 1.76807 1.85704 1.90664 1.84903 1.72729 1.58797 1.5314 1.52204 1.45713 1.38588 -9999 -9999 -9999 1.46798 1.53893 1.54317 1.56083 1.62266 1.66736 1.68521 1.70248 1.7047 1.6625 1.60811 1.55039 1.56011 1.64165 1.6575 1.65059 1.66191 1.64156 1.66364 1.68617 1.69749 1.69902 1.69224 1.68929 1.68899 1.68332 1.65075 1.48418 1.39408 1.33447 1.21682 -9999 -9999 -9999 -9999 -9999 -9999
-9999 -9999 2.11718 2.13602 2.14966 2.16845 2.16528 2.18417 2.1745 2.18423 2.1873 2.16278 2.18545 2.18382 2.18025 2.1712 2.15702 2.08346 1.9821 1.87958 1.8289 1.85116 1.77079 1.7972 1.84764 1.80001 1.73751 1.61296 1.59465 1.55812 1.43485 1.3283 -9999 -9999 1.34251 1.48081 1.57711 1.62503 1.6369 1.63326 1.69063 1.68806 1.74846 1.7349 1.62893 1.62976 1.56823 1.58257 1.62209 1.62463 1.65876 1.68942 1.69567 1.69444 1.70857 1.71102 1.71116 1.70983 1.69821 1.70083 1.69881 1.67723 1.566 1.50923 1.45103 1.24391 -9999 -9999 -9999 -9999 -9999 -9999
-9999 -9999 2.15658 2.17968 2.20583 2.20213 2.21965 2.18383 2.15301 2.18887 2.19321 2.17649 2.1651 2.19064 2.18969 2.18613 2.17921 2.10998 2.02909 1.90779 1.82972 1.78757 1.75022 1.70659 1.73028 1.71687 1.70107 1.71133 1.65686 1.58238 1.51776 1.38633 1.3225 -9999 1.36232 1.4257 1.54055 1.63641 1.69478 1.66711 1.73284 1.73818 1.78123 1.74733 1.67645 1.6542 1.64306 1.62703 1.66757 1.67808 1.68885 1.70024 1.70804 1.71154 1.71571 1.71734 1.71807 1.71857 1.71718 1.715 1.71028 1.70015 1.64687 1.59403 1.47634 1.25764 -9999 -9999 -9999 -9999 -9999 -9999
-9999 2.08512 2.16226 2.20729 2.21837 2.22355 2.22722 2.22773 2.2141 2.19943 2.20571 2.19677 2.1505 2.15607 2.16568 2.19289 2.18952 2.18072 2.13469 1.98825 1.94024 1.87073 1.77366 1.7239 1.73792 1.80875 1.80102 1.74719 1.68833 1.60297 1.5391 1.46532 1.31464 1.33152 1.40052 1.45142 1.52971 1.64744 1.72752 1.75937 1.76632 1.79559 1.80208 1.76768 1.72071 1.69756 1.66289 1.64985 1.64089 1.66182 1.67158 1.70465 1.71845 1.71776 1.72107 1.72297 1.72439 1.72559 1.7253 1.72283 1.7206 1.71711 1.71291 1.63918 1.46839 1.32605 -9999 -9999 -9999 -9999 -9999 -9999
-9999 -9999 2.1538 2.16792 2.16368 2.16398 2.17599 2.1919 2.20511 2.20407 2.21983 2.20557 2.16085 2.11467 2.15751 2.17419 2.1902 2.18818 2.17891 2.06444 1.99887 1.94593 1.85291 1.87386 1.89885 1.89606 1.8731 1.7615 1.651 1.51944 1.40313 1.39732 1.32757 1.35885 1.40571 1.51971 1.59891 1.62936 1.64879 1.76468 1.79508 1.80387 1.82757 1.77685 1.75108 1.70915 1.70839 1.69544 1.68574 1.58811 1.66288 1.66099 1.71263 1.72672 1.727 1.7284 1.73012 1.7303 1.73013 1.72872 1.72737 1.72611 1.727 1.67914 1.45529 1.33353 -9999 -9999 -9999 -9999 -9999 -9999
-9999 -9999 -9999 -9999 2.14842 2.15561 2.15607 2.16542 2.20412 2.21424 2.2199 2.21658 2.19507 2.14081 2.12948 2.13844 2.09127 2.12929 2.18275 2.17924 2.1699 2.06202 1.99914 2.04554 2.0245 1.94085 1.87421 1.80881 1.67955 1.57952 1.44583 1.34579 1.34187 1.45168 1.53855 1.65403 1.70461 1.67484 1.70232 1.76333 1.82723 1.85441 1.83943 1.78649 1.76518 1.70572 1.74336 1.73682 1.70386 1.67432 1.66783 1.68846 1.69261 1.73227 1.73911 1.73405 1.73449 1.73477 1.73436 1.7333 1.73486 1.73362 1.73153 1.72726 1.49761 1.3106 -9999 -9999 -9999 -9999 -9999 -9999
-9999 -9999 -9999 -9999 2.11228 2.11194 2.12954 2.19347 2.20877 2.21709 2.21005 2.21233 2.19558 2.15154 2.10677 2.06672 2.01496 2.04445 2.1224 2.16732 2.17036 2.07596 2.11459 2.09179 2.05147 1.94366 1.86295 1.81805 1.69332 1.58172 1.49167 1.36887 1.42009 1.47714 1.55083 1.67381 1.75789 1.79142 1.76182 1.79756 1.8722 1.86712 1.8172 1.812 1.77082 1.69331 1.75236 1.76101 1.73417 1.72756 1.70697 1.709 1.72092 1.73336 1.74109 1.73971 1.73727 1.73705 1.73702 1.73816 1.73753 1.73737 1.73584 1.73296 1.58407 1.31231 -9999 -9999 -9999 -9999 -9999 -9999
-9999 -9999 -9999 -9999 -9999 2.06845 2.12352 2.2117 2.21173 2.20088 2.21427 2.21009 2.18565 2.16544 2.11213 2.0411 1.90478 1.93963 2.01187 2.1156 2.16902 2.15933 2.12027 2.06256 1.92904 1.81134 1.79245 1.76892 1.67628 1.58795 1.48743 1.54204 1.60277 1.67 1.70552 1.69644 1.76816 1.82609 1.8001 1.84498 1.89646 1.86643 1.84531 1.82531 1.7803 1.76824 1.76062 1.78917 1.75047 1.75623 1.7416 1.73149 1.73289 1.7371 1.74342 1.74188 1.74013 1.74 1.73917 1.74037 1.74038 1.74 1.73904 1.73684 1.72144 1.5706 1.48139 -9999 -9999 -9999 -9999 -9999
-9999 -9999 -9999 -9999 -9999 2.01421 2.03538 2.14178 2.15299 2.19638 2.21619 2.21076 2.17187 2.1505 2.07147 2.04603 1.92156 1.86183 1.91049 1.89164 2.03479 2.16065 2.12483 1.86341 1.76558 1.69407 1.7059 1.70076 1.67115 1.52661 1.48599 1.60428 1.67851 1.7363 1.78049 1.79064 1.78894 1.88082 1.88996 1.91754 1.90791 1.90619 1.85444 1.81894 1.82947 1.79092 1.77549 1.80546 1.75382 1.77907 1.75946 1.73895 1.72992 1.74689 1.74628 1.74509 1.74379 1.74218 1.74221 1.74105 1.7428 1.74311 1.74188 1.74122 1.7382 1.71163 1.63399 1.60297 1.62502 -9999 -9999 -9999
-9999 -9999 -9999 -9999 -9999 -9999 1.93305 2.08584 2.13526 2.16526 2.21253 2.21195 2.19329 2.15521 2.07331 2.00337 1.89217 1.76661 1.69014 1.89466 2.07215 2.16393 2.1439 1.92608 1.83727 1.82853 1.87313 1.82572 1.78845 1.67587 1.64127 1.59533 1.61905 1.70306 1.76921 1.83239 1.87916 1.88365 1.91549 1.92505 1.92376 1.92538 1.91485 1.90405 1.84567 1.86703 1.83092 1.83405 1.8141 1.79491 1.77263 1.73749 1.74671 1.75519 1.75346 1.75284 1.74882 1.74774 1.74819 1.74937 1.74495 1.74581 1.74612 1.74498 1.74366 1.73315 1.72053 1.67137 1.60663 1.52591 -9999 -9999
-9999 -9999 -9999 -9999 -9999 -9999 1.86034 2.01251 2.0651 2.15732 2.20796 2.2232 2.21232 2.18015 2.11691 2.02582 1.95198 1.81119 1.66597 1.87157 2.05578 2.15831 2.16241 1.97278 2.01876 1.97387 1.98507 1.90583 1.86961 1.83505 1.77767 1.71589 1.65565 1.62085 1.7684 1.84393 1.90564 1.93546 1.95318 1.9628 1.95044 1.92913 1.85763 1.90299 1.88661 1.87286 1.85753 1.84454 1.82861 1.81153 1.79259 1.78156 1.75588 1.77021 1.76549 1.7603 1.75711 1.75551 1.75543 1.75703 1.75948 1.75608 1.75082 1.75012 1.74869 1.73866 1.734 1.72655 1.70908 1.60307 1.5367 1.5076
-9999 -9999 -9999 -9999 -9999 -9999 1.64013 1.86766 2.04496 2.13362 2.20897 2.22156 2.22187 2.18053 2.15049 2.08461 2.02428 1.93237 1.7945 1.71149 1.85761 2.09245 2.16619 2.14965 2.14066 2.08972 2.04279 2.03215 2.02973 1.97019 1.90547 1.80616 1.77594 1.73849 1.8473 1.86031 1.85115 1.97481 1.97592 1.96999 1.9236 1.85831 1.866 1.81745 1.82914 1.78215 1.80924 1.83074 1.83227 1.82096 1.80189 1.79736 1.78566 1.78427 1.77685 1.77081 1.76696 1.76537 1.76542 1.76603 1.76828 1.77232 1.76444 1.76529 1.75479 1.74466 1.74059 1.73407 1.72689 1.70537 1.6757 1.61932
-9999 -9999 -9999 -9999 -9999 -9999 1.6793 1.85022 2.00937 2.1054 2.19322 2.20648 2.23179 2.21864 2.18712 2.12931 2.05946 1.98367 1.86527 1.7785 1.88925 2.02424 2.13576 2.16556 2.14819 2.14144 2.12617 2.1332 2.11402 2.09312 2.03533 1.94651 1.89099 1.81337 1.93487 1.94643 1.92556 1.98779 1.9851 1.89133 1.81925 1.8102 1.83777 1.79235 1.77186 1.72563 1.74722 1.81792 1.79451 1.78838 1.80898 1.80467 1.80376 1.79623 1.78884 1.78323 1.77906 1.77752 1.77772 1.77785 1.77973 1.78238 1.78389 1.77306 1.77268 1.76178 1.7465 1.7411 1.73436 1.72408 1.72027 1.71192
-9999 -9999 -9999 -9999 -9999 -9999 1.72305 1.8034 1.94602 2.09129 2.18638 2.21967 2.24289 2.23662 2.20042 2.17049 2.12627 2.05912 2.01444 1.93564 1.8264 2.01591 2.04854 2.08904 2.12816 2.17784 2.1713 2.14035 2.08409 2.1039 2.09571 2.01984 1.99125 1.94774 2.01356 2.01102 2.00747 2.00307 1.92322 1.81255 1.72405 1.78762 1.77313 1.7818 1.67773 1.75853 1.81116 1.82185 1.75715 1.71696 1.79606 1.80719 1.8075 1.80539 1.80248 1.79626 1.79361 1.79117 1.79059 1.79128 1.79237 1.7942 1.79566 1.79657 1.78179 1.77018 1.76634 1.77137 1.76592 1.74433 1.73664 1.72271
-9999 -9999 -9999 -9999 -9999 -9999 -9999 1.76488 1.95215 2.1148 2.20071 2.25162 2.27275 2.26548 2.24435 2.22286 2.19502 2.14676 2.08701 1.99187 1.92197 1.97046 1.9996 1.99327 2.02828 2.1332 2.16532 2.10661 1.96477 2.04035 2.11885 2.11049 2.09675 2.08299 2.05762 2.04531 2.02277 1.96644 1.79668 1.77416 1.70821 1.71584 1.68105 1.73331 1.69116 1.76203 1.78834 1.79286 1.71323 1.71435 1.79224 1.81552 1.80089 1.81273 1.81568 1.81126 1.80822 1.80562 1.80531 1.80589 1.80679 1.81708 1.81871 1.82005 1.80309 1.79067 1.78173 1.77376 1.76043 1.76464 1.75876 1.7489
-9999 -9999 -9999 -9999 -9999 -9999 -9999 1.74861 1.93284 2.12748 2.18323 2.23974 2.2885 2.28318 2.25331 2.22646 2.20056 2.1726 2.0985 2.02717 1.95915 1.93693 1.95124 1.90532 1.9633 2.10113 2.12371 2.10626 1.96515 1.9127 2.02053 2.11025 2.11184 2.09784 1.98031 2.00109 1.93775 1.85359 1.83015 1.79367 1.71691 1.75328 1.69603 1.71795 1.67463 1.7129 1.72786 1.77228 1.70264 1.69044 1.76775 1.80032 1.79314 1.82879 1.83765 1.83641 1.83356 1.83187 1.831 1.83179 1.83232 1.83306 1.83363 1.83259 1.82796 1.7947 1.69691 1.69327 1.71099 1.72663 1.75311 1.76001
-9999 -9999 -9999 -9999 -9999 -9999 -9999 1.79129 1.91682 2.08931 2.21497 2.21497 2.27312 2.30084 2.26875 2.23466 2.2012 2.18663 2.10477 2.01525 1.94299 1.857 1.87049 1.93059 1.98194 2.06957 2.08121 2.05682 1.97946 2.0079 2.07987 2.11538 2.12206 2.10749 2.07864 2.06104 2.01357 1.99232 1.9287 1.83023 1.79097 1.81426 1.70901 1.71386 1.74881 1.66761 1.72908 1.75473 1.668 1.72424 1.78877 1.81808 1.84304 1.85159 1.85178 1.85624 1.85276 1.85099 1.84998 1.84934 1.8495 1.8485 1.84778 1.8393 1.82609 1.74852 1.68139 1.68395 1.71472 1.74036 1.76318 1.7707
-9999 -9999 -9999 -9999 -9999 -9999 -9999 1.83558 1.94845 2.0976 2.18538 2.19485 2.26068 2.31951 2.30758 2.27192 2.25964 2.22472 2.15424 2.07679 1.99219 1.95036 1.85501 1.94486 1.96528 2.03877 2.07033 2.00657 1.97122 2.0189 2.06622 2.08192 2.13024 2.1251 2.10367 2.02523 1.98593 1.99929 1.9819 1.95294 1.88435 1.87975 1.83454 1.81399 1.79365 1.6966 1.72643 1.72409 1.73014 1.79713 1.82801 1.84628 1.86255 1.86258 1.86717 1.87548 1.87304 1.87086 1.86901 1.86818 1.86669 1.86276 1.85939 1.84133 1.80931 1.74981 1.61898 1.68131 1.74597 1.76239 1.77254 1.7777
-9999 -9999 -9999 -9999 -9999 -9999 -9999 1.83699 1.95812 2.08507 2.13386 2.13636 2.26158 2.3366 2.33204 2.31297 2.29212 2.20747 2.21026 2.19198 2.11447 2.00216 1.87858 1.88676 1.93645 2.00178 2.03093 1.9284 1.88838 1.90893 1.98377 2.05039 2.12045 2.13513 2.10935 1.98915 1.86212 1.91732 1.97677 1.97451 1.95451 1.89007 1.86781 1.84694 1.79792 1.70118 1.68378 1.69992 1.78104 1.80257 1.83885 1.86807 1.84939 1.85195 1.88073 1.89588 1.89323 1.89088 1.88943 1.88742 1.88505 1.87676 1.86801 1.85383 1.77139 1.71896 1.62593 1.68829 1.73108 1.74727 1.78737 1.79321
-9999 -9999 -9999 -9999 -9999 -9999 -9999 1.81973 1.90596 2.02759 2.0726 2.14903 2.26748 2.32334 2.34798 2.34324 2.3278 2.2878 2.26271 2.21622 2.13459 2.02382 1.90071 1.8189 1.85406 1.93428 1.9651 1.86737 1.81607 1.86898 1.94945 2.07108 2.13887 2.14461 2.13444 2.10706 2.01344 1.90123 1.89913 1.95169 1.90328 1.84724 1.87375 1.86506 1.81647 1.77967 1.7146 1.7237 1.76702 1.7823 1.82589 1.89271 1.89828 1.89184 1.91801 1.91591 1.91347 1.91189 1.90954 1.90724 1.90451 1.89684 1.88179 1.826 1.77678 1.70883 1.69758 1.73232 1.76045 1.7832 1.80073 1.80339
-9999 -9999 -9999 -9999 -9999 -9999 -9999 1.77392 1.87714 1.99116 2.0979 2.199 2.28564 2.28772 2.33166 2.3273 2.3487 2.33753 2.29959 2.25899 2.18721 2.0448 1.92412 1.79262 1.82098 1.93508 1.91725 1.85123 1.73346 1.84543 1.96959 2.08193 2.14107 2.08789 2.13516 2.12779 2.09081 2.02273 1.91853 1.91764 1.83874 1.83237 1.8681 1.87721 1.86685 1.8382 1.77705 1.75642 1.78166 1.78484 1.8252 1.8767 1.92716 1.9326 1.93955 1.93683 1.93409 1.93225 1.92985 1.9263 1.92114 1.91253 1.86491 1.80857 1.77254 1.72381 1.7147 1.77871 1.78928 1.80136 1.81608 1.81937
-9999 -9999 -9999 -9999 -9999 -9999 -9999 -9999 1.88924 2.00773 2.09425 2.11372 2.19056 2.23002 2.25968 2.26281 2.35598 2.35686 2.33059 2.29204 2.22922 2.11912 2.04061 1.91343 1.8203 1.82841 1.8092 1.83625 1.82197 1.86947 1.98887 2.11374 2.12415 2.03894 2.04785 2.06188 2.09722 2.07473 1.93347 1.86008 1.79846 1.83633 1.87616 1.8828 1.88084 1.86824 1.83485 1.79243 1.84664 1.88587 1.89221 1.92636 1.9509 1.95556 1.95851 1.95652 1.95461 1.952 1.94772 1.94379 1.93392 1.91524 1.86156 1.73689 1.73883 1.72182 1.68007 1.75674 1.76795 1.81175 1.83316 1.8358
-9999 -9999 -9999 -9999 -9999 -9999 -9999 -9999 1.87069 2.00919 2.03436 2.02723 1.97485 1.99245 2.16528 2.19643 2.28528 2.36885 2.35694 2.31812 2.25801 2.18929 2.08615 1.9429 1.82774 1.77676 1.86478 1.94355 1.96237 1.9946 2.06635 2.07714 1.99024 1.90876 1.94982 1.97341 2.07143 2.08673 2.06375 1.97695 1.87799 1.82432 1.87882 1.88238 1.88157 1.87793 1.86866 1.84667 1.88653 1.91949 1.94165 1.95263 1.97398 1.97778 1.97752 1.97715 1.97439 1.97065 1.96411 1.95675 1.93451 1.90798 1.82144 1.74838 1.70104 1.64202 1.76017 1.78684 1.81286 1.82373 1.84506 1.84688
