Test_Spring_2018b/02_18/Prec/20180207_013.txt
ncols	170
nrows	115
xllcorner	350000.000000
yllcorner	4445000.000000
cellsize	1000.000000
nodata_value	-9999.000000
[rows 31 to 61 of 115, columns 70 to 139 of 170]
0.15134 0.155949 0.157104 0.152447 0.151978 0.160422 0.161781 0.16081 0.17589 0.174765 0.170147 0.168401 0.164704 0.158454 0.155782 0.14506 0.110619 0.120766 0.125199 0.116052 0.122818 0.133383 0.127171 0.105577 0 0 0 0 0 -9999 -9999 -9999 -9999 -9999 -9999 -9999 -9999 -9999 -9999 -9999 -9999 -9999 -9999 -9999 -9999 -9999 -9999 -9999 -9999 -9999 -9999 -9999 -9999 -9999 -9999 -9999 -9999 -9999 -9999 -9999 -9999 -9999 -9999 -9999 -9999 -9999 -9999 -9999 -9999 -9999
0.152519 0.154159 0.153067 0.148549 0.153358 0.157723 0.154047 0.166914 0.176401 0.176235 0.173141 0.166114 0.163468 0.160792 0.159226 0.150589 0.126226 0.104512 0.117259 0.118631 0.111762 0.128247 0.122404 0.104249 0 0 0 0 0 -9999 -9999 -9999 -9999 -9999 -9999 -9999 -9999 -9999 -9999 -9999 -9999 -9999 -9999 -9999 -9999 -9999 -9999 -9999 -9999 -9999 -9999 -9999 -9999 -9999 -9999 -9999 -9999 -9999 -9999 -9999 -9999 -9999 -9999 -9999 -9999 -9999 -9999 -9999 -9999 -9999
0.145746 0.151125 0.148348 0.145918 0.153479 0.152454 0.15127 0.17005 0.176376 0.177348 0.176129 0.173082 0.170486 0.167805 0.160996 0.15126 0.130639 0.106039 0.101306 0.115028 0.117254 0.121208 0.116371 0.110022 0 0.113472 0.121194 0.10803 0 0 -9999 -9999 -9999 -9999 -9999 -9999 -9999 -9999 -9999 -9999 -9999 -9999 -9999 -9999 -9999 -9999 -9999 -9999 -9999 -9999 -9999 -9999 -9999 -9999 -9999 -9999 -9999 -9999 -9999 -9999 -9999 -9999 -9999 -9999 -9999 -9999 -9999 -9999 -9999 -9999
0.136596 0.146446 0.142681 0.133667 0.137884 0.140843 0.162482 0.166384 0.167402 0.177404 0.176859 0.176416 0.172214 0.168961 0.163584 0.154354 0.141224 0.125528 0 0.117191 0.133065 0.134983 0.136877 0.133641 0.123574 0.13852 0.142985 0.127337 0.118955 0.110908 0.109379 -9999 -9999 -9999 -9999 -9999 -9999 -9999 -9999 -9999 -9999 -9999 -9999 -9999 -9999 -9999 -9999 -9999 -9999 -9999 -9999 -9999 -9999 -9999 -9999 -9999 -9999 -9999 -9999 -9999 -9999 -9999 -9999 -9999 -9999 -9999 -9999 -9999 -9999 -9999
-9999 0.139869 0.136213 0.125392 0.129642 0.135601 0.160671 0.166012 0.170919 0.173922 0.177002 0.176697 0.172434 0.159703 0.158215 0.1582 0.149951 0.132065 0.114536 0.111405 0.134908 0.143637 0.145478 0.15378 0.146365 0.15613 0.158643 0.157855 0.143877 0.135579 0.132719 0.122669 -9999 -9999 -9999 -9999 -9999 -9999 -9999 -9999 -9999 -9999 -9999 -9999 -9999 -9999 -9999 -9999 -9999 -9999 -9999 -9999 -9999 -9999 -9999 -9999 -9999 -9999 -9999 -9999 -9999 -9999 -9999 -9999 -9999 -9999 -9999 -9999 -9999 -9999
-9999 -9999 -9999 -9999 0.11845 0.142317 0.151131 0.159883 0.169134 0.173206 0.177169 0.176897 0.168241 0.164164 0.16415 0.1588 0.149209 0.143825 0.133456 0.12303 0.130253 0.15144 0.146915 0.163915 0.16749 0.175033 0.172052 0.16599 0.145734 0.14333 0.142361 0.136115 -9999 -9999 -9999 -9999 -9999 -9999 -9999 -9999 -9999 -9999 -9999 -9999 -9999 -9999 -9999 -9999 -9999 -9999 -9999 -9999 -9999 -9999 -9999 -9999 -9999 -9999 -9999 -9999 -9999 -9999 -9999 -9999 -9999 -9999 -9999 -9999 -9999 -9999
-9999 -9999 -9999 -9999 -9999 0.140721 0.147685 0.160385 0.167286 0.169909 0.176247 0.176247 0.172961 0.170587 0.167241 0.163007 0.155993 0.14855 0.139 0.140148 0.154551 0.158109 0.159764 0.166442 0.177859 0.182366 0.175811 0.163874 0.158924 0.141568 0.137654 0.145129 0.143574 -9999 -9999 -9999 -9999 -9999 -9999 -9999 -9999 -9999 -9999 -9999 -9999 0.160512 -9999 -9999 -9999 -9999 -9999 -9999 -9999 -9999 -9999 -9999 -9999 -9999 -9999 -9999 -9999 -9999 -9999 -9999 -9999 -9999 0 -9999 -9999 -9999
-9999 -9999 -9999 -9999 0.125238 0.148278 0.154574 0.162595 0.162705 0.168397 0.175601 0.175576 0.173117 0.170438 0.164598 0.163505 0.15978 0.151572 0.15137 0.157524 0.162338 0.168158 0.174031 0.178521 0.182411 0.186383 0.189581 0.187116 0.188525 0.169446 0.1717 0.168632 0.159461 0.153163 -9999 -9999 -9999 -9999 -9999 -9999 -9999 0.189273 0.183228 0.17719 0.173829 0.176438 0.162973 -9999 -9999 -9999 -9999 -9999 -9999 -9999 -9999 -9999 -9999 -9999 -9999 -9999 -9999 -9999 -9999 -9999 -9999 -9999 0 0 -9999 -9999
-9999 -9999 -9999 -9999 0.142076 0.150598 0.15494 0.162729 0.167151 0.170211 0.172501 0.174619 0.173899 0.170706 0.166136 0.166342 0.160734 0.158486 0.15783 0.165451 0.169799 0.171998 0.174657 0.178625 0.17941 0.186885 0.197566 0.200407 0.199373 0.198267 0.191991 0.179021 0.165927 0.15625 -9999 -9999 -9999 -9999 -9999 -9999 0.212666 0.21582 0.214283 0.196117 0.196833 0.196323 0.186053 0.176397 -9999 -9999 -9999 -9999 -9999 -9999 -9999 -9999 -9999 -9999 -9999 -9999 -9999 -9999 0.133707 0.119961 0 0 0 0 -9999 -9999
-9999 -9999 -9999 -9999 0.140068 0.150148 0.157 0.162988 0.163907 0.170735 0.172198 0.172961 0.172217 0.171077 0.169845 0.164333 0.162328 0.155091 0.164542 0.166803 0.168406 0.16529 0.167776 0.161452 0.163838 0.175481 0.197129 0.199948 0.194283 0.184608 0.177207 0.180268 0.182206 0.17596 -9999 -9999 -9999 -9999 -9999 -9999 0.232944 0.235733 0.235452 0.227595 0.207279 0.211687 0.207487 0.18887 0.177002 0.174323 0.169048 0.164001 0.162673 0.158529 0.149323 0.148603 -9999 -9999 -9999 -9999 0.13795 0.137467 0.137254 0.13145 0.102124 0 0 0 -9999 -9999
-9999 -9999 -9999 -9999 0.146381 0.152787 0.156103 0.156702 0.161855 0.167686 0.169643 0.178588 0.176713 0.175124 0.173705 0.171033 0.166525 0.167882 0.169122 0.169362 0.158501 0.146477 0.160707 0.152074 0.14218 0.171272 0.192979 0.196331 0.188741 0.178204 0.190877 0.197994 0.198316 0.205536 -9999 -9999 -9999 0.241881 0.254821 0.253765 0.253117 0.258583 0.259553 0.245337 0.238623 0.233848 0.215904 0.195989 0.175857 0.168282 0.174177 0.169154 0.167441 0.162683 0.153192 0.154025 0.153916 0.152637 0.150421 0.147496 0.145978 0.145599 0.144875 0.139905 0.109475 0 0 0 -9999 -9999
-9999 -9999 -9999 -9999 0.153667 0.159552 0.164021 0.168083 0.168484 0.17211 0.174462 0.175891 0.174405 0.167854 0.169848 0.167994 0.166615 0.165391 0.164649 0.154922 0.141935 0.130458 0.129882 0.144373 0.142053 0.160917 0.183844 0.189328 0.208136 0.201326 0.213035 0.228945 0.214719 0.206725 -9999 -9999 0.231105 0.258489 0.275928 0.282331 0.280064 0.273056 0.275276 0.265576 0.266196 0.258205 0.227726 0.216974 0.182945 0.175009 0.173791 0.16573 0.169565 0.168084 0.16276 0.157073 0.155088 0.15198 0.149393 0.147439 0.144492 0.144847 0.145066 0.14241 0.124322 0.11637 0.111431 0 -9999 -9999
-9999 -9999 -9999 -9999 0.163179 0.170238 0.177151 0.177934 0.181604 0.169955 0.167819 0.172127 0.171464 0.16563 0.160872 0.163202 0.161733 0.16109 0.161446 0.152533 0.143486 0.12922 0.124574 0.128445 0.135017 0.156722 0.17676 0.190681 0.204396 0.222702 0.230901 0.241329 0.243747 0.22805 0.227062 -9999 0.248047 0.262359 0.283064 0.297676 0.303103 0.291022 0.293757 0.284367 0.285612 0.267604 0.241978 0.225556 0.212095 0.198163 0.194815 0.175457 0.173931 0.167608 0.162548 0.157188 0.153045 0.149545 0.146954 0.145347 0.144366 0.144116 0.144189 0.143968 0.136633 0.132139 0.114462 0 -9999 -9999
-9999 -9999 -9999 0.135032 0.162288 0.173523 0.177919 0.180323 0.181426 0.180913 0.180599 0.171081 0.169054 0.16496 0.153309 0.151436 0.151289 0.155709 0.15648 0.158331 0.155742 0.137506 0.138771 0.150908 0.149362 0.157925 0.177832 0.208361 0.225133 0.233631 0.240859 0.249838 0.256133 0.25619 0.236678 0.248571 0.267025 0.279323 0.293469 0.311671 0.320434 0.318226 0.30963 0.307806 0.296793 0.276403 0.254155 0.237217 0.218491 0.204037 0.190852 0.18364 0.179987 0.166393 0.161056 0.155137 0.150473 0.146786 0.144222 0.142778 0.142153 0.142117 0.142985 0.144357 0.147857 0.138136 0.114102 0 -9999 -9999
-9999 -9999 -9999 -9999 0.159325 0.165303 0.167114 0.168675 0.171161 0.173155 0.176956 0.173084 0.171512 0.162123 0.150887 0.139216 0.144474 0.14664 0.15065 0.153695 0.157854 0.15316 0.154338 0.160029 0.160466 0.18302 0.206289 0.225139 0.240608 0.240207 0.239572 0.241285 0.23664 0.249801 0.251357 0.263343 0.278196 0.301858 0.3161 0.318517 0.316061 0.328237 0.326428 0.31483 0.306108 0.283405 0.263903 0.242686 0.22906 0.213689 0.199447 0.170228 0.176923 0.16542 0.164682 0.153085 0.148147 0.144162 0.141571 0.139989 0.139543 0.139955 0.141314 0.144519 0.149983 0.145675 0.110368 0 -9999 -9999
-9999 -9999 -9999 -9999 -9999 -9999 0.163757 0.166552 0.16689 0.167517 0.175334 0.17302 0.169153 0.163358 0.154514 0.140162 0.135378 0.135867 0.128461 0.141603 0.158598 0.168771 0.180703 0.177522 0.185233 0.212549 0.228747 0.234323 0.243108 0.251975 0.248994 0.256995 0.249978 0.246962 0.258661 0.287833 0.309478 0.333457 0.34254 0.334065 0.332768 0.335924 0.336686 0.329243 0.313085 0.289382 0.269929 0.244893 0.237379 0.222405 0.20327 0.18541 0.176636 0.168392 0.158525 0.156501 0.150344 0.142159 0.139273 0.137749 0.137396 0.138093 0.141813 0.14501 0.14879 0.152691 0.116799 0 -9999 -9999
-9999 -9999 -9999 -9999 -9999 -9999 0.157153 0.158598 0.161908 0.172101 0.175419 0.172492 0.166032 0.160881 0.152537 0.140121 0.128863 0.120449 0.112914 0.122828 0.144685 0.163876 0.178539 0.178388 0.204858 0.220594 0.234092 0.236073 0.243025 0.256159 0.254546 0.260834 0.261926 0.255117 0.276801 0.296677 0.316383 0.341486 0.356473 0.358988 0.348113 0.345879 0.348401 0.335025 0.312415 0.296924 0.27353 0.24488 0.240732 0.227979 0.209414 0.19509 0.183095 0.170972 0.161965 0.154647 0.148297 0.142286 0.137676 0.136089 0.135902 0.137817 0.140402 0.144085 0.148281 0.152756 0.131553 0 -9999 -9999
-9999 -9999 -9999 -9999 -9999 -9999 -9999 0.151156 0.161077 0.175505 0.175986 0.169525 0.166569 0.16014 0.150311 0.142038 0.129269 0.115346 0 0.103496 0.124492 0.154366 0.178263 0.193485 0.20642 0.216241 0.213425 0.213881 0.232018 0.249087 0.253256 0.263676 0.262839 0.287491 0.310733 0.332282 0.345075 0.346669 0.359385 0.366605 0.356041 0.355549 0.354084 0.336404 0.319029 0.300976 0.27686 0.259798 0.243663 0.234268 0.213356 0.200953 0.189671 0.175051 0.163845 0.154771 0.147935 0.141732 0.137595 0.135816 0.135682 0.137423 0.140244 0.144038 0.148499 0.153258 0.155964 0.139437 0.129574 -9999
-9999 -9999 -9999 -9999 -9999 -9999 -9999 0.142306 0.146163 0.163827 0.166409 0.169654 0.167924 0.161378 0.1491 0.142435 0.124288 0.118404 0 0 0.108773 0.116858 0.156711 0.196002 0.209369 0.182776 0.186106 0.194527 0.21782 0.237794 0.252759 0.252824 0.262176 0.297695 0.322912 0.342427 0.356506 0.361559 0.361156 0.374607 0.370398 0.367171 0.355245 0.343051 0.320671 0.300275 0.286363 0.26487 0.24755 0.23854 0.215389 0.206458 0.194343 0.177789 0.164627 0.157715 0.149541 0.14331 0.139425 0.137237 0.137536 0.138252 0.141371 0.145276 0.149676 0.154693 0.159576 0.165145 0.157279 0.157369
-9999 -9999 -9999 -9999 -9999 -9999 -9999 -9999 0.129275 0.155257 0.164969 0.166054 0.169491 0.164134 0.159762 0.147595 0.129464 0.115952 0 0 0 0.122298 0.167981 0.200822 0.216434 0.197011 0.201296 0.22018 0.248541 0.260176 0.272917 0.278027 0.287625 0.293151 0.308704 0.334302 0.350602 0.364514 0.372763 0.370862 0.371406 0.365091 0.355295 0.344404 0.330094 0.314806 0.289262 0.279019 0.258524 0.245161 0.227996 0.211435 0.199292 0.180308 0.170515 0.162169 0.153826 0.148625 0.143649 0.141477 0.141732 0.144024 0.143797 0.147632 0.152123 0.15686 0.161844 0.17014 0.173614 0.170252
-9999 -9999 -9999 -9999 -9999 -9999 -9999 -9999 0.11822 0.144214 0.155008 0.167525 0.171377 0.177031 0.169286 0.158813 0.144558 0.127698 0.116709 0 0 0.124905 0.171685 0.205767 0.22414 0.209394 0.23665 0.248022 0.269313 0.27411 0.285835 0.303973 0.308429 0.310141 0.313097 0.313022 0.344294 0.360221 0.371176 0.374051 0.372552 0.367631 0.359539 0.341846 0.317624 0.313265 0.296059 0.280394 0.264342 0.24877 0.232904 0.217233 0.206482 0.192187 0.176505 0.170624 0.162671 0.155324 0.150498 0.148128 0.148082 0.150158 0.153878 0.151785 0.155563 0.160033 0.164642 0.172796 0.177309 0.181019
-9999 -9999 -9999 -9999 -9999 -9999 -9999 -9999 0 0.121046 0.154048 0.166408 0.186793 0.183713 0.178822 0.167525 0.159866 0.147992 0.139673 0.128525 0.112025 0.10798 0.144626 0.201854 0.231064 0.245755 0.261953 0.270915 0.280481 0.296075 0.312391 0.32511 0.33172 0.325142 0.327079 0.327217 0.351142 0.355742 0.354144 0.374028 0.370106 0.363137 0.3474 0.330113 0.321624 0.29632 0.285112 0.264507 0.256908 0.248305 0.236303 0.222346 0.212649 0.202791 0.1894 0.180949 0.171504 0.164194 0.159279 0.156784 0.156491 0.157991 0.161181 0.165743 0.160677 0.164982 0.168136 0.175965 0.1801 0.183529
-9999 -9999 -9999 -9999 -9999 -9999 -9999 -9999 0 0.125682 0.151779 0.179788 0.191185 0.189178 0.189701 0.184316 0.177143 0.16724 0.157492 0.14918 0.135808 0.130472 0.162452 0.198269 0.234191 0.256272 0.267384 0.282735 0.296426 0.317995 0.330065 0.349142 0.350756 0.343188 0.341335 0.333614 0.359329 0.363465 0.359845 0.369118 0.365069 0.343209 0.323786 0.314336 0.313955 0.295948 0.279963 0.254816 0.247219 0.248288 0.237591 0.224647 0.222884 0.210295 0.201158 0.190578 0.18155 0.174554 0.169634 0.167007 0.166425 0.167372 0.169906 0.173553 0.17766 0.169767 0.173649 0.181327 0.18303 0.186155
-9999 -9999 -9999 -9999 -9999 -9999 -9999 -9999 0.100252 0.121668 0.145188 0.18436 0.197959 0.200502 0.201639 0.198391 0.191137 0.18672 0.181777 0.174934 0.174299 0.169703 0.161596 0.208291 0.226606 0.248863 0.274479 0.299815 0.314825 0.324783 0.332873 0.348629 0.356127 0.35141 0.353453 0.351114 0.366471 0.367898 0.367421 0.365139 0.347883 0.32372 0.302222 0.306641 0.296166 0.292793 0.26287 0.274056 0.272372 0.262835 0.234533 0.216429 0.226564 0.219063 0.209322 0.200314 0.192534 0.185692 0.181103 0.178174 0.177115 0.177659 0.179422 0.182203 0.185532 0.189128 0.178416 0.185578 0.188814 0.197614
-9999 -9999 -9999 -9999 -9999 -9999 -9999 -9999 -9999 0.118263 0.168745 0.195558 0.208388 0.215006 0.216721 0.214181 0.210362 0.208002 0.206293 0.202887 0.199417 0.191565 0.189966 0.210961 0.228151 0.240896 0.261973 0.295544 0.315851 0.319347 0.31801 0.340823 0.364042 0.370274 0.373984 0.376131 0.36857 0.368079 0.364271 0.353016 0.320224 0.318922 0.302465 0.298026 0.285027 0.291319 0.272752 0.275832 0.270421 0.260764 0.23597 0.234671 0.237982 0.231657 0.219467 0.213092 0.203681 0.197423 0.192826 0.189725 0.188379 0.188398 0.189493 0.195884 0.198773 0.201984 0.188924 0.19591 0.197899 0.199868
-9999 -9999 -9999 -9999 -9999 -9999 -9999 -9999 -9999 0.141101 0.172911 0.206127 0.214415 0.222908 0.230412 0.229012 0.224284 0.221412 0.220236 0.220355 0.213956 0.209694 0.207535 0.214846 0.229734 0.232304 0.256033 0.294003 0.311178 0.320643 0.317209 0.317464 0.344949 0.367848 0.373669 0.375332 0.357216 0.362409 0.351387 0.335474 0.329238 0.3196 0.301758 0.303058 0.286756 0.283665 0.270743 0.268829 0.262248 0.260567 0.238437 0.236333 0.240215 0.236385 0.226267 0.224746 0.219595 0.213897 0.209225 0.206072 0.204312 0.203971 0.204545 0.205918 0.207816 0.209786 0.211291 0.193664 0.185304 0.187498
-9999 -9999 -9999 -9999 -9999 -9999 -9999 -9999 -9999 0.15609 0.177953 0.207864 0.22933 0.228551 0.238498 0.243674 0.239109 0.235316 0.232936 0.235322 0.227172 0.219062 0.215326 0.21029 0.223898 0.246507 0.265289 0.293056 0.307045 0.314103 0.32124 0.33495 0.355252 0.367847 0.374064 0.375258 0.372698 0.370971 0.362808 0.358242 0.345107 0.32478 0.314034 0.313499 0.289211 0.283694 0.28279 0.263163 0.265564 0.261279 0.236864 0.248403 0.250475 0.246805 0.243068 0.237274 0.230984 0.226535 0.221802 0.218499 0.216398 0.215331 0.215239 0.215615 0.216545 0.216434 0.21567 0.20351 0.185075 0.187874
-9999 -9999 -9999 -9999 -9999 -9999 -9999 -9999 -9999 0.171559 0.191598 0.217906 0.233265 0.234841 0.24681 0.258105 0.257589 0.253807 0.255284 0.25392 0.24745 0.24094 0.234283 0.236238 0.22951 0.25638 0.26854 0.292741 0.309268 0.319794 0.322335 0.338727 0.354022 0.362588 0.37583 0.37843 0.37702 0.364396 0.357705 0.359395 0.354655 0.34693 0.331253 0.326096 0.312884 0.303291 0.293042 0.271407 0.268708 0.260017 0.252635 0.267056 0.263783 0.258762 0.254029 0.24718 0.242011 0.238444 0.233934 0.230428 0.227895 0.226373 0.225454 0.224695 0.224495 0.222006 0.217235 0.207666 0.176481 0.189472
-9999 -9999 -9999 -9999 -9999 -9999 -9999 -9999 -9999 0.179435 0.201297 0.224109 0.233051 0.233937 0.257006 0.271651 0.272805 0.272191 0.272189 0.261841 0.268099 0.271646 0.265641 0.254342 0.241805 0.25332 0.268977 0.291802 0.307141 0.310156 0.311246 0.322287 0.342055 0.359351 0.376216 0.382172 0.379888 0.359786 0.337485 0.346662 0.355677 0.352813 0.345928 0.330299 0.321389 0.311998 0.296949 0.270549 0.265244 0.260229 0.278359 0.273567 0.271741 0.269138 0.258617 0.252578 0.251982 0.24978 0.245251 0.241598 0.238889 0.236793 0.23526 0.233199 0.231474 0.229096 0.214783 0.205932 0.19517 0.192774
-9999 -9999 -9999 -9999 -9999 -9999 -9999 -9999 -9999 0.183875 0.1998 0.222023 0.230704 0.245175 0.267449 0.279039 0.285651 0.28773 0.288699 0.286162 0.28719 0.28533 0.278108 0.266532 0.25349 0.248393 0.264539 0.285862 0.300281 0.304384 0.303095 0.319607 0.340162 0.367101 0.383468 0.387776 0.38824 0.384641 0.368277 0.347651 0.345698 0.352577 0.340627 0.3265 0.326297 0.319136 0.30427 0.291002 0.275327 0.268292 0.280888 0.27528 0.275075 0.279487 0.273583 0.266198 0.265325 0.260158 0.255666 0.252049 0.24897 0.246522 0.244546 0.24216 0.238844 0.22858 0.219703 0.20764 0.205746 0.202617
-9999 -9999 -9999 -9999 -9999 -9999 -9999 -9999 -9999 0.182971 0.20212 0.223254 0.243223 0.262398 0.279304 0.281566 0.291783 0.294006 0.301505 0.30397 0.302487 0.301376 0.295552 0.277961 0.264961 0.25065 0.265251 0.290253 0.310855 0.307355 0.294125 0.321102 0.349442 0.374775 0.389667 0.383559 0.394295 0.394278 0.387972 0.375136 0.354905 0.352129 0.334589 0.329126 0.330399 0.326261 0.318091 0.306213 0.285625 0.278812 0.288393 0.280748 0.280119 0.281977 0.284233 0.279117 0.274938 0.269717 0.265162 0.261409 0.258156 0.255249 0.252543 0.249647 0.240166 0.22942 0.222512 0.213507 0.21166 0.22807
