Test_Spring_2018b/02_18/Prec/20180214_001.txt
ncols	170
nrows	115
xllcorner	350000.000000
yllcorner	4445000.000000
cellsize	1000.000000
nodata_value	-9999.000000
[rows 31 to 61 of 115, columns 70 to 139 of 170]
0.585558 0.589058 0.592863 0.596976 0.601151 0.609709 0.617604 0.621843 0.637761 0.641104 0.644186 0.646889 0.649325 0.65155 0.653512 0.655498 0.657874 0.659424 0.661143 0.663211 0.665091 0.667009 0.669334 0.672018 0.674487 0.677081 0.669091 0.672809 0.674398 -9999 -9999 -9999 -9999 -9999 -9999 -9999 -9999 -9999 -9999 -9999 -9999 -9999 -9999 -9999 -9999 -9999 -9999 -9999 -9999 -9999 -9999 -9999 -9999 -9999 -9999 -9999 -9999 -9999 -9999 -9999 -9999 -9999 -9999 -9999 -9999 -9999 -9999 -9999 -9999 -9999
0.590539 0.594023 0.597785 0.60181 0.605815 0.609929 0.622548 0.630364 0.642804 0.646249 0.649476 0.65249 0.655143 0.657541 0.659703 0.66183 0.664136 0.666326 0.667846 0.669585 0.671503 0.673017 0.67498 0.677199 0.679582 0.681127 0.683021 0.676509 0.671178 -9999 -9999 -9999 -9999 -9999 -9999 -9999 -9999 -9999 -9999 -9999 -9999 -9999 -9999 -9999 -9999 -9999 -9999 -9999 -9999 -9999 -9999 -9999 -9999 -9999 -9999 -9999 -9999 -9999 -9999 -9999 -9999 -9999 -9999 -9999 -9999 -9999 -9999 -9999 -9999 -9999
0.595571 0.598936 0.602681 0.606633 0.61058 0.614824 0.623196 0.635272 0.648067 0.65168 0.655103 0.658301 0.661221 0.663877 0.666363 0.668683 0.67102 0.673282 0.675054 0.676396 0.677893 0.679319 0.680884 0.682461 0.684118 0.685283 0.686565 0.677001 0.673752 0.680252 -9999 -9999 -9999 -9999 -9999 -9999 -9999 -9999 -9999 -9999 -9999 -9999 -9999 -9999 -9999 -9999 -9999 -9999 -9999 -9999 -9999 -9999 -9999 -9999 -9999 -9999 -9999 -9999 -9999 -9999 -9999 -9999 -9999 -9999 -9999 -9999 -9999 -9999 -9999 -9999
0.600488 0.60374 0.607492 0.611583 0.61565 0.619926 0.63138 0.649621 0.653644 0.657353 0.661061 0.664523 0.667783 0.670734 0.673431 0.675913 0.678199 0.680288 0.682388 0.683424 0.68438 0.685487 0.686516 0.68759 0.688765 0.689461 0.690356 0.674152 0.683322 0.68286 0.682269 -9999 -9999 -9999 -9999 -9999 -9999 -9999 -9999 -9999 -9999 -9999 -9999 -9999 -9999 -9999 -9999 -9999 -9999 -9999 -9999 -9999 -9999 -9999 -9999 -9999 -9999 -9999 -9999 -9999 -9999 -9999 -9999 -9999 -9999 -9999 -9999 -9999 -9999 -9999
-9999 0.608371 0.612141 0.616333 0.620519 0.624921 0.633029 0.649116 0.65907 0.663261 0.667271 0.671106 0.674725 0.678174 0.681057 0.683544 0.68582 0.687925 0.689701 0.690926 0.691416 0.692 0.692583 0.692964 0.693601 0.693912 0.694382 0.687451 0.683358 0.685573 0.684711 0.684012 -9999 -9999 -9999 -9999 -9999 -9999 -9999 -9999 -9999 -9999 -9999 -9999 -9999 -9999 -9999 -9999 -9999 -9999 -9999 -9999 -9999 -9999 -9999 -9999 -9999 -9999 -9999 -9999 -9999 -9999 -9999 -9999 -9999 -9999 -9999 -9999 -9999 -9999
-9999 -9999 -9999 -9999 0.6253 0.633283 0.646948 0.654068 0.66462 0.66923 0.673676 0.677955 0.682072 0.685721 0.688863 0.69164 0.694019 0.695848 0.69733 0.69842 0.69885 0.698762 0.698976 0.698677 0.698587 0.698431 0.698521 0.698353 0.686798 0.68876 0.687596 0.686622 -9999 -9999 -9999 -9999 -9999 -9999 -9999 -9999 -9999 -9999 -9999 -9999 -9999 -9999 -9999 -9999 -9999 -9999 -9999 -9999 -9999 -9999 -9999 -9999 -9999 -9999 -9999 -9999 -9999 -9999 -9999 -9999 -9999 -9999 -9999 -9999 -9999 -9999
-9999 -9999 -9999 -9999 -9999 0.637762 0.651625 0.656883 0.670141 0.67531 0.680249 0.685044 0.689538 0.693566 0.69709 0.700052 0.70246 0.704272 0.70555 0.706114 0.705999 0.705755 0.705316 0.70465 0.703851 0.703209 0.695382 0.701965 0.701008 0.692206 0.690857 0.68946 0.68836 -9999 -9999 -9999 -9999 -9999 -9999 -9999 -9999 -9999 -9999 -9999 -9999 0.654458 -9999 -9999 -9999 -9999 -9999 -9999 -9999 -9999 -9999 -9999 -9999 -9999 -9999 -9999 -9999 -9999 -9999 -9999 -9999 -9999 0.517386 -9999 -9999 -9999
-9999 -9999 -9999 -9999 0.633563 0.650179 0.655878 0.661816 0.669469 0.681372 0.686919 0.69231 0.697332 0.701828 0.705751 0.708879 0.711305 0.71306 0.713946 0.714068 0.713677 0.712854 0.711748 0.710514 0.709251 0.708039 0.706668 0.705055 0.703567 0.691927 0.693416 0.692088 0.691084 0.690169 -9999 -9999 -9999 -9999 -9999 -9999 -9999 0.675318 0.671642 0.667381 0.662514 0.657033 0.651433 -9999 -9999 -9999 -9999 -9999 -9999 -9999 -9999 -9999 -9999 -9999 -9999 -9999 -9999 -9999 -9999 -9999 -9999 -9999 0.520747 0.51503 -9999 -9999
-9999 -9999 -9999 -9999 0.647814 0.653631 0.659977 0.666603 0.673503 0.687335 0.69368 0.699702 0.705296 0.71031 0.714597 0.717941 0.720483 0.722041 0.722692 0.722402 0.721519 0.720179 0.718497 0.716616 0.714762 0.712866 0.710439 0.708236 0.706373 0.704804 0.696173 0.694936 0.694005 0.693235 -9999 -9999 -9999 -9999 -9999 -9999 0.682243 0.67893 0.675034 0.670781 0.665543 0.659762 0.653692 0.635896 -9999 -9999 -9999 -9999 -9999 -9999 -9999 -9999 -9999 -9999 -9999 -9999 -9999 -9999 0.543432 0.539407 0.535088 0.529973 0.524244 0.51814 -9999 -9999
-9999 -9999 -9999 -9999 0.650366 0.656747 0.663733 0.671157 0.67894 0.692984 0.70037 0.707149 0.713398 0.718922 0.723558 0.727262 0.729815 0.731369 0.731564 0.730958 0.72959 0.727724 0.725368 0.722983 0.720413 0.717589 0.714239 0.711528 0.709324 0.707574 0.709649 0.697849 0.696677 0.695976 -9999 -9999 -9999 -9999 -9999 -9999 0.686384 0.683033 0.678962 0.67426 0.669065 0.662757 0.645906 0.6382 0.630247 0.622203 0.614481 0.598706 0.580982 0.575756 0.571418 0.567641 -9999 -9999 -9999 -9999 0.554084 0.550996 0.547381 0.543252 0.538896 0.533693 0.527826 0.511601 -9999 -9999
-9999 -9999 -9999 -9999 0.652309 0.659408 0.66721 0.675562 0.684147 0.699032 0.706994 0.716689 0.723282 0.729076 0.7339 0.737638 0.740215 0.741466 0.741563 0.740649 0.739098 0.73694 0.733885 0.729055 0.733214 0.721872 0.717928 0.714687 0.712084 0.710012 0.711373 0.700274 0.699208 0.699052 -9999 -9999 -9999 0.696798 0.695523 0.69391 0.69156 0.688285 0.684246 0.67822 0.672377 0.66704 0.648969 0.640615 0.632136 0.623524 0.614987 0.607182 0.582109 0.576817 0.572557 0.568983 0.566205 0.563929 0.56193 0.55996 0.557743 0.555075 0.551819 0.547937 0.542696 0.537186 0.530816 0.517904 -9999 -9999
-9999 -9999 -9999 -9999 0.658799 0.66639 0.674613 0.68336 0.692526 0.701689 0.71624 0.723551 0.730793 0.737228 0.742396 0.746367 0.748955 0.750145 0.749997 0.74884 0.746781 0.743986 0.740537 0.742974 0.739433 0.728371 0.724041 0.717673 0.714189 0.711835 0.709691 0.710717 0.702043 0.701745 -9999 -9999 0.701279 0.700516 0.699449 0.697905 0.695688 0.692625 0.688414 0.683462 0.677413 0.672009 0.654744 0.645946 0.633763 0.624432 0.613442 0.60551 0.591245 0.577189 0.573087 0.56994 0.567511 0.565674 0.564134 0.562604 0.560833 0.558491 0.555445 0.551615 0.547174 0.541643 0.528358 0.523379 -9999 -9999
-9999 -9999 -9999 -9999 0.66406 0.672291 0.681042 0.69029 0.699706 0.706963 0.722181 0.730907 0.737906 0.744848 0.750529 0.754651 0.7573 0.758365 0.75792 0.756331 0.753671 0.750325 0.746309 0.747645 0.743405 0.731411 0.726737 0.722614 0.719005 0.715863 0.71094 0.711805 0.710434 0.70382 0.704037 -9999 0.704466 0.704314 0.703502 0.702036 0.699797 0.696826 0.69247 0.687248 0.682224 0.675049 0.657532 0.645073 0.635677 0.626415 0.617302 0.60493 0.590751 0.58488 0.573581 0.57062 0.56855 0.567133 0.566061 0.565004 0.56364 0.561674 0.558885 0.555129 0.55046 0.539204 0.53214 0.526448 -9999 -9999
-9999 -9999 -9999 0.655738 0.665082 0.673911 0.683416 0.69336 0.70356 0.713824 0.728826 0.73677 0.745278 0.751705 0.757849 0.762244 0.764911 0.765772 0.765066 0.762899 0.759647 0.755836 0.755836 0.750115 0.745559 0.734471 0.729309 0.724444 0.720417 0.717173 0.714601 0.715019 0.711297 0.710578 0.70632 0.706864 0.70729 0.707538 0.707166 0.705872 0.703707 0.700567 0.696313 0.692074 0.68547 0.674251 0.656882 0.646964 0.636967 0.627032 0.617457 0.608381 0.594338 0.584128 0.57931 0.571078 0.56932 0.568302 0.567685 0.567094 0.566163 0.564564 0.562027 0.55838 0.549452 0.54298 0.539383 0.533305 -9999 -9999
-9999 -9999 -9999 -9999 0.666073 0.675599 0.685768 0.696346 0.707137 0.71796 0.733237 0.742689 0.751198 0.758334 0.763931 0.768648 0.771235 0.77204 0.771066 0.768574 0.764817 0.762923 0.758267 0.753226 0.74822 0.736655 0.731013 0.725999 0.721684 0.718356 0.71575 0.716048 0.714449 0.713186 0.711574 0.708972 0.709792 0.710151 0.710066 0.709293 0.707476 0.704102 0.700748 0.692377 0.685011 0.676815 0.659193 0.648739 0.638023 0.627494 0.617357 0.608158 0.593793 0.587075 0.581476 0.575023 0.569878 0.569216 0.569003 0.568837 0.568305 0.567043 0.564755 0.558544 0.555068 0.549026 0.542426 0.535791 -9999 -9999
-9999 -9999 -9999 -9999 -9999 -9999 0.687779 0.698791 0.710064 0.721334 0.736752 0.746465 0.755254 0.762853 0.769029 0.773258 0.776028 0.776788 0.775885 0.772639 0.77028 0.765781 0.760653 0.755493 0.744716 0.738255 0.732437 0.727393 0.722962 0.719261 0.716548 0.716518 0.714903 0.713943 0.713345 0.712913 0.711325 0.711927 0.712166 0.711784 0.710071 0.706163 0.701202 0.694909 0.687423 0.678912 0.661132 0.650268 0.638949 0.62793 0.617421 0.607579 0.59339 0.586362 0.580778 0.576492 0.573672 0.569921 0.570028 0.570196 0.569988 0.569009 0.566248 0.562692 0.557782 0.551549 0.544828 0.538069 -9999 -9999
-9999 -9999 -9999 -9999 -9999 -9999 0.689695 0.700979 0.712414 0.723696 0.739259 0.749072 0.757967 0.765583 0.771752 0.776297 0.778945 0.779823 0.779143 0.776635 0.772717 0.767942 0.762642 0.757294 0.746126 0.739704 0.733763 0.728623 0.724074 0.72016 0.71731 0.717161 0.715331 0.714419 0.713651 0.713449 0.713583 0.713359 0.713629 0.712896 0.711384 0.708035 0.703005 0.696729 0.689216 0.680357 0.66256 0.65147 0.639786 0.628423 0.617608 0.60742 0.593207 0.58608 0.580365 0.576126 0.573326 0.57182 0.570789 0.571168 0.57117 0.570099 0.568011 0.564592 0.559774 0.553574 0.546559 0.539916 -9999 -9999
-9999 -9999 -9999 -9999 -9999 -9999 -9999 0.702807 0.714087 0.725224 0.74074 0.750492 0.759187 0.766697 0.772781 0.777161 0.77985 0.780802 0.780332 0.777832 0.77397 0.769041 0.763612 0.758011 0.747128 0.740813 0.735157 0.730008 0.725199 0.721152 0.718129 0.717824 0.715965 0.714411 0.713577 0.713326 0.71359 0.714172 0.714361 0.71376 0.712133 0.708773 0.703827 0.697628 0.69 0.681156 0.663362 0.651985 0.640447 0.628935 0.61807 0.60775 0.593488 0.586329 0.580591 0.57634 0.573528 0.572033 0.571565 0.571764 0.57178 0.570946 0.568981 0.565699 0.561014 0.554934 0.547574 0.54055 0.531705 -9999
-9999 -9999 -9999 -9999 -9999 -9999 -9999 0.704355 0.715468 0.726224 0.741455 0.75069 0.759044 0.766275 0.772183 0.776168 0.77936 0.780111 0.779772 0.777501 0.773883 0.769555 0.764031 0.758178 0.747379 0.741914 0.736274 0.731068 0.726216 0.722132 0.718891 0.718778 0.716665 0.714827 0.713865 0.713559 0.71371 0.71403 0.714443 0.714023 0.711596 0.708307 0.703614 0.697401 0.689983 0.68132 0.663406 0.652277 0.640917 0.629539 0.618839 0.608552 0.594323 0.587227 0.581519 0.577193 0.57435 0.572781 0.572126 0.572303 0.572641 0.57113 0.569228 0.566064 0.561547 0.555663 0.548481 0.541254 0.532575 0.522927
-9999 -9999 -9999 -9999 -9999 -9999 -9999 -9999 0.716425 0.726486 0.741216 0.749979 0.757764 0.764568 0.771435 0.775017 0.777368 0.77829 0.778019 0.776587 0.773052 0.768301 0.763008 0.757615 0.746913 0.741633 0.73624 0.731046 0.726248 0.722408 0.719242 0.719109 0.716932 0.715554 0.714638 0.714784 0.71353 0.713746 0.713824 0.71354 0.712377 0.707031 0.702397 0.696334 0.689005 0.680537 0.662988 0.652029 0.641103 0.63016 0.619672 0.609813 0.595656 0.588732 0.583015 0.578698 0.575771 0.573655 0.573098 0.573077 0.573239 0.573212 0.568895 0.565832 0.5615 0.555883 0.549021 0.542119 0.533601 0.524399
-9999 -9999 -9999 -9999 -9999 -9999 -9999 -9999 0.716952 0.726303 0.740564 0.748469 0.759796 0.764226 0.768708 0.772063 0.774263 0.775287 0.775036 0.773899 0.771824 0.767453 0.761489 0.756516 0.751689 0.740994 0.735541 0.730787 0.726345 0.722783 0.71971 0.719479 0.717347 0.715928 0.716365 0.713775 0.713349 0.713259 0.71303 0.712435 0.711143 0.708924 0.704115 0.694584 0.68778 0.679526 0.66202 0.651721 0.641263 0.630892 0.620872 0.611435 0.597369 0.590572 0.585075 0.578461 0.576902 0.575271 0.574445 0.57414 0.57403 0.573769 0.573029 0.568908 0.561068 0.555764 0.54931 0.542918 0.534894 0.526107
-9999 -9999 -9999 -9999 -9999 -9999 -9999 -9999 0.717799 0.726077 0.745297 0.751853 0.756356 0.76139 0.765471 0.768618 0.770602 0.771573 0.771438 0.770412 0.768676 0.76605 0.761452 0.756654 0.750687 0.73963 0.734821 0.730472 0.726527 0.722955 0.719904 0.719978 0.720077 0.718275 0.713752 0.713336 0.712736 0.712533 0.712227 0.711044 0.7096 0.707312 0.704153 0.697594 0.691633 0.67844 0.661054 0.651526 0.641587 0.631739 0.622258 0.613339 0.599403 0.589295 0.584354 0.581939 0.579141 0.577276 0.576147 0.575505 0.57506 0.574508 0.573547 0.571909 0.565566 0.561432 0.54952 0.543731 0.536328 0.528217
-9999 -9999 -9999 -9999 -9999 -9999 -9999 -9999 0.723911 0.737915 0.744289 0.748832 0.753916 0.758446 0.762057 0.764852 0.766722 0.767691 0.767746 0.766943 0.765514 0.763341 0.760008 0.755192 0.751065 0.739718 0.734349 0.730268 0.726552 0.726492 0.723303 0.72332 0.720776 0.71457 0.71352 0.712959 0.711987 0.711439 0.710834 0.709563 0.707911 0.705795 0.702715 0.69846 0.689839 0.68337 0.666018 0.6511 0.641905 0.632598 0.620181 0.611789 0.597621 0.591662 0.588459 0.584598 0.581677 0.579581 0.578146 0.577153 0.576352 0.575484 0.574281 0.57251 0.569978 0.561528 0.556623 0.551693 0.537971 0.530611
-9999 -9999 -9999 -9999 -9999 -9999 -9999 -9999 0.727956 0.737831 0.743531 0.74713 0.751589 0.75555 0.758777 0.761284 0.763043 0.76393 0.764041 0.763468 0.762146 0.760367 0.758231 0.754752 0.750146 0.738939 0.739072 0.734899 0.731094 0.727645 0.727581 0.724375 0.716262 0.714632 0.713286 0.712333 0.71122 0.710371 0.709373 0.708034 0.706426 0.704253 0.701231 0.696863 0.691897 0.681897 0.664923 0.653755 0.644675 0.635704 0.621843 0.614157 0.599865 0.595958 0.591251 0.587409 0.584382 0.582089 0.580367 0.579045 0.577908 0.576732 0.575295 0.573396 0.570863 0.567561 0.557349 0.552982 0.547136 0.542152
-9999 -9999 -9999 -9999 -9999 -9999 -9999 -9999 -9999 0.742622 0.745804 0.749975 0.753787 0.757072 0.759793 0.761933 0.763443 0.764293 0.764529 0.764236 0.763436 0.762266 0.760588 0.758156 0.754015 0.742567 0.738831 0.734893 0.731324 0.728268 0.729589 0.719462 0.716683 0.714628 0.712972 0.711607 0.710574 0.709433 0.708187 0.706753 0.70525 0.702204 0.698964 0.694715 0.689826 0.678997 0.661199 0.653046 0.644809 0.636612 0.628862 0.613318 0.608128 0.602388 0.597528 0.593354 0.587151 0.584694 0.582736 0.58113 0.579695 0.57825 0.576611 0.577095 0.57464 0.571516 0.560767 0.556762 0.551403 0.545365
-9999 -9999 -9999 -9999 -9999 -9999 -9999 -9999 -9999 0.741507 0.74553 0.749022 0.752448 0.75532 0.757647 0.759574 0.761004 0.761853 0.762149 0.761931 0.761386 0.760398 0.759015 0.75715 0.754891 0.741966 0.738566 0.734898 0.731694 0.728777 0.722935 0.720218 0.717329 0.714847 0.712961 0.711355 0.710219 0.708625 0.707177 0.705525 0.70327 0.700545 0.697359 0.69315 0.688591 0.683127 0.659985 0.652609 0.645106 0.63747 0.63035 0.615146 0.610518 0.605124 0.600497 0.596381 0.592988 0.590209 0.587924 0.586001 0.584293 0.582635 0.580867 0.57883 0.576381 0.573408 0.569828 0.557959 0.554452 0.549203
-9999 -9999 -9999 -9999 -9999 -9999 -9999 -9999 -9999 0.742073 0.745687 0.748722 0.751463 0.75415 0.756157 0.75777 0.759086 0.759921 0.760279 0.760122 0.759768 0.759053 0.757934 0.75656 0.754601 0.752285 0.738165 0.734993 0.732117 0.729467 0.723111 0.720193 0.717415 0.715031 0.712979 0.71117 0.709498 0.707777 0.706033 0.703965 0.701696 0.69911 0.695824 0.691785 0.687616 0.682539 0.676867 0.652293 0.645249 0.638289 0.631813 0.618224 0.612582 0.607549 0.603065 0.599186 0.59587 0.593029 0.59063 0.588541 0.586648 0.58482 0.582924 0.580839 0.578444 0.575669 0.572431 0.568881 0.557615 0.553117
-9999 -9999 -9999 -9999 -9999 -9999 -9999 -9999 -9999 0.743036 0.746147 0.748781 0.751236 0.753549 0.75526 0.756571 0.757695 0.758478 0.758773 0.758751 0.758476 0.75788 0.756996 0.755693 0.754333 0.752164 0.738064 0.73521 0.732509 0.726219 0.723359 0.720435 0.717735 0.715353 0.713042 0.711039 0.70915 0.707428 0.705462 0.703114 0.700576 0.697709 0.694548 0.690712 0.686539 0.681824 0.676691 0.651889 0.645469 0.639119 0.633601 0.61953 0.614383 0.609696 0.605472 0.601771 0.59851 0.595655 0.593193 0.591008 0.589005 0.587079 0.58513 0.583062 0.580773 0.578237 0.57539 0.572238 0.561236 0.557274
-9999 -9999 -9999 -9999 -9999 -9999 -9999 -9999 -9999 0.744532 0.747134 0.749417 0.751637 0.753668 0.754934 0.756005 0.756976 0.757632 0.757938 0.75811 0.757662 0.756974 0.756199 0.755285 0.75419 0.752474 0.740949 0.735598 0.733094 0.726635 0.723882 0.721094 0.718301 0.715702 0.71323 0.711039 0.70902 0.707284 0.705464 0.702855 0.699976 0.696986 0.693688 0.69014 0.686044 0.681549 0.676789 0.659252 0.645893 0.639896 0.62602 0.62091 0.616059 0.611596 0.607691 0.604123 0.600866 0.59802 0.59555 0.593331 0.591286 0.589337 0.587401 0.585416 0.583291 0.580979 0.578644 0.575924 0.573372 0.561604
-9999 -9999 -9999 -9999 -9999 -9999 -9999 -9999 -9999 0.746449 0.748751 0.750686 0.752603 0.754121 0.755192 0.756156 0.756904 0.75743 0.757676 0.757694 0.757364 0.756822 0.756135 0.755308 0.754315 0.753013 0.751191 0.736258 0.725074 0.727074 0.724422 0.721558 0.718747 0.715933 0.71341 0.711166 0.708996 0.706847 0.704817 0.702683 0.699953 0.696757 0.693573 0.690061 0.685911 0.681528 0.676961 0.672094 0.646149 0.640928 0.627042 0.622221 0.617583 0.613198 0.609378 0.605967 0.602809 0.600078 0.597641 0.595441 0.593421 0.591513 0.589653 0.58779 0.585876 0.583973 0.581884 0.579671 0.577074 0.565952
-9999 -9999 -9999 -9999 -9999 -9999 -9999 -9999 -9999 0.748777 0.750671 0.752325 0.753772 0.754984 0.755975 0.756967 0.757533 0.75797 0.758032 0.757917 0.757614 0.757055 0.756352 0.75566 0.754698 0.753608 0.75186 0.739832 0.73013 0.727463 0.725067 0.722025 0.719069 0.716271 0.713745 0.711653 0.709238 0.706965 0.704692 0.702364 0.699943 0.696913 0.693839 0.690196 0.686076 0.681719 0.677135 0.672372 0.654515 0.641454 0.627903 0.623294 0.618824 0.61463 0.610782 0.607436 0.604429 0.601775 0.599407 0.597275 0.595333 0.593528 0.591807 0.590124 0.588551 0.586948 0.585189 0.583366 0.581301 0.578965
