Test_Spring_2018b/02_18/Prec/20180203_005.txt
ncols	170
nrows	115
xllcorner	350000.000000
yllcorner	4445000.000000
cellsize	1000.000000
nodata_value	-9999.000000
[rows 31 to 61 of 115, columns 70 to 139 of 170]
0.262805 0.243713 0.236379 0.248758 0.247315 0.220631 0.221081 0.221827 0.235598 0.238456 0.252881 0.257514 0.268579 0.288171 0.295814 0.330655 0.445424 0.411021 0.396409 0.428118 0.407251 0.374508 0.398934 0.475764 0.507655 0.560407 0.538349 0.558464 0.600309 -9999 -9999 -9999 -9999 -9999 -9999 -9999 -9999 -9999 -9999 -9999 -9999 -9999 -9999 -9999 -9999 -9999 -9999 -9999 -9999 -9999 -9999 -9999 -9999 -9999 -9999 -9999 -9999 -9999 -9999 -9999 -9999 -9999 -9999 -9999 -9999 -9999 -9999 -9999 -9999 -9999
0.255142 0.246156 0.246477 0.258464 0.239329 0.221864 0.243922 0.254292 0.233401 0.233186 0.242701 0.265332 0.273229 0.281266 0.285721 0.314168 0.395795 0.469071 0.427366 0.424638 0.450466 0.398862 0.42315 0.489662 0.584392 0.530024 0.541913 0.611758 0.627407 -9999 -9999 -9999 -9999 -9999 -9999 -9999 -9999 -9999 -9999 -9999 -9999 -9999 -9999 -9999 -9999 -9999 -9999 -9999 -9999 -9999 -9999 -9999 -9999 -9999 -9999 -9999 -9999 -9999 -9999 -9999 -9999 -9999 -9999 -9999 -9999 -9999 -9999 -9999 -9999 -9999
0.274124 0.252713 0.2588 0.26386 0.235536 0.236156 0.242255 0.242805 0.232477 0.228582 0.231973 0.241465 0.249463 0.257861 0.280327 0.31297 0.382631 0.466285 0.484035 0.440754 0.437069 0.428663 0.450866 0.479214 0.524554 0.484466 0.467965 0.508739 0.572795 0.610907 -9999 -9999 -9999 -9999 -9999 -9999 -9999 -9999 -9999 -9999 -9999 -9999 -9999 -9999 -9999 -9999 -9999 -9999 -9999 -9999 -9999 -9999 -9999 -9999 -9999 -9999 -9999 -9999 -9999 -9999 -9999 -9999 -9999 -9999 -9999 -9999 -9999 -9999 -9999 -9999
0.301076 0.26477 0.274281 0.301537 0.284501 0.271791 0.256398 0.264879 0.261016 0.226928 0.228176 0.22906 0.242616 0.253145 0.271089 0.302403 0.347402 0.401773 0.497434 0.436034 0.387617 0.387308 0.388391 0.407987 0.451729 0.412596 0.4095 0.464487 0.536277 0.57292 0.586928 -9999 -9999 -9999 -9999 -9999 -9999 -9999 -9999 -9999 -9999 -9999 -9999 -9999 -9999 -9999 -9999 -9999 -9999 -9999 -9999 -9999 -9999 -9999 -9999 -9999 -9999 -9999 -9999 -9999 -9999 -9999 -9999 -9999 -9999 -9999 -9999 -9999 -9999 -9999
-9999 0.28321 0.292472 0.325903 0.30886 0.286156 0.258582 0.252513 0.247038 0.23652 0.225647 0.226095 0.239885 0.282279 0.287289 0.287873 0.316813 0.37901 0.441113 0.456168 0.383257 0.361458 0.364365 0.347179 0.384268 0.365085 0.371421 0.392142 0.453098 0.51496 0.536988 0.58212 -9999 -9999 -9999 -9999 -9999 -9999 -9999 -9999 -9999 -9999 -9999 -9999 -9999 -9999 -9999 -9999 -9999 -9999 -9999 -9999 -9999 -9999 -9999 -9999 -9999 -9999 -9999 -9999 -9999 -9999 -9999 -9999 -9999 -9999 -9999 -9999 -9999 -9999
-9999 -9999 -9999 -9999 0.343219 0.316918 0.297898 0.27031 0.250279 0.236202 0.22232 0.222552 0.250952 0.26417 0.264135 0.282619 0.316192 0.33674 0.375357 0.415711 0.398563 0.336407 0.362491 0.318293 0.321051 0.312264 0.340351 0.397561 0.46719 0.514526 0.534276 0.570706 -9999 -9999 -9999 -9999 -9999 -9999 -9999 -9999 -9999 -9999 -9999 -9999 -9999 -9999 -9999 -9999 -9999 -9999 -9999 -9999 -9999 -9999 -9999 -9999 -9999 -9999 -9999 -9999 -9999 -9999 -9999 -9999 -9999 -9999 -9999 -9999 -9999 -9999
-9999 -9999 -9999 -9999 -9999 0.319223 0.306035 0.264203 0.253209 0.243958 0.221949 0.221016 0.231061 0.238202 0.249015 0.263498 0.288313 0.315882 0.352135 0.354369 0.314224 0.312761 0.320063 0.312921 0.292231 0.296951 0.342745 0.42097 0.46122 0.546517 0.580773 0.575751 0.599385 -9999 -9999 -9999 -9999 -9999 -9999 -9999 -9999 -9999 -9999 -9999 -9999 0.469316 -9999 -9999 -9999 -9999 -9999 -9999 -9999 -9999 -9999 -9999 -9999 -9999 -9999 -9999 -9999 -9999 -9999 -9999 -9999 -9999 0.539644 -9999 -9999 -9999
-9999 -9999 -9999 -9999 0.314451 0.299024 0.279184 0.253268 0.254606 0.245215 0.220019 0.218737 0.225464 0.233018 0.251584 0.254982 0.268379 0.298378 0.303451 0.289478 0.282576 0.275078 0.270318 0.273149 0.280901 0.291121 0.322784 0.358416 0.382214 0.455126 0.498034 0.533543 0.587692 0.629581 -9999 -9999 -9999 -9999 -9999 -9999 -9999 0.510975 0.509997 0.505882 0.490522 0.453706 0.470196 -9999 -9999 -9999 -9999 -9999 -9999 -9999 -9999 -9999 -9999 -9999 -9999 -9999 -9999 -9999 -9999 -9999 -9999 -9999 0.510727 0.549306 -9999 -9999
-9999 -9999 -9999 -9999 0.313622 0.286957 0.274044 0.249119 0.234919 0.234909 0.225791 0.216702 0.216814 0.225207 0.238595 0.236785 0.255815 0.265403 0.271969 0.253509 0.249148 0.255375 0.263596 0.271016 0.292651 0.295193 0.305301 0.3282 0.365609 0.404038 0.462011 0.53644 0.609204 0.667468 -9999 -9999 -9999 -9999 -9999 -9999 0.50779 0.476961 0.457196 0.489588 0.456034 0.425068 0.426292 0.445923 -9999 -9999 -9999 -9999 -9999 -9999 -9999 -9999 -9999 -9999 -9999 -9999 -9999 -9999 0.32492 0.365108 0.45069 0.491947 0.514465 0.548743 -9999 -9999
-9999 -9999 -9999 -9999 0.315441 0.284085 0.263152 0.244488 0.242043 0.22802 0.221785 0.216442 0.215622 0.215966 0.216938 0.233149 0.23909 0.264723 0.237087 0.236871 0.242591 0.268207 0.279274 0.324232 0.344213 0.351673 0.314391 0.342894 0.401745 0.475064 0.568167 0.570701 0.598898 0.651051 -9999 -9999 -9999 -9999 -9999 -9999 0.499442 0.466635 0.438634 0.431826 0.463919 0.411383 0.40634 0.430584 0.433628 0.407952 0.393598 0.401797 0.369288 0.358739 0.368378 0.352495 -9999 -9999 -9999 -9999 0.329493 0.323698 0.31795 0.331846 0.425555 0.487647 0.542621 0.540772 -9999 -9999
-9999 -9999 -9999 -9999 0.289324 0.270881 0.262248 0.261894 0.245205 0.233571 0.225122 0.21875 0.218726 0.217439 0.216003 0.220015 0.232299 0.227833 0.227422 0.2346 0.283665 0.341453 0.315991 0.348787 0.423889 0.366315 0.334214 0.366826 0.438425 0.521164 0.553513 0.549756 0.589557 0.641022 -9999 -9999 -9999 0.589474 0.544358 0.538003 0.522561 0.479753 0.446344 0.420013 0.401194 0.397666 0.408031 0.431664 0.45781 0.44437 0.388836 0.373406 0.359769 0.34916 0.358173 0.350476 0.334003 0.324194 0.319943 0.320153 0.317401 0.312299 0.309587 0.322175 0.40453 0.449423 0.475723 0.531259 -9999 -9999
-9999 -9999 -9999 -9999 0.303061 0.287506 0.275036 0.25282 0.251358 0.236974 0.232615 0.220539 0.217313 0.230577 0.215534 0.214782 0.214866 0.217864 0.223572 0.264439 0.321705 0.379575 0.406542 0.395983 0.441371 0.421173 0.38889 0.400698 0.446482 0.520489 0.531469 0.553012 0.618322 0.682916 -9999 -9999 0.674932 0.590865 0.530742 0.498289 0.486153 0.482171 0.440806 0.434518 0.390144 0.395879 0.444343 0.434899 0.45231 0.435695 0.414266 0.40651 0.378418 0.347143 0.339972 0.337785 0.326676 0.322528 0.319461 0.316713 0.319352 0.312605 0.307696 0.313571 0.372183 0.397597 0.424883 0.532817 -9999 -9999
-9999 -9999 -9999 -9999 0.294854 0.27766 0.258237 0.256285 0.241361 0.240442 0.249184 0.225921 0.217854 0.226413 0.231673 0.214649 0.21314 0.212833 0.214186 0.252467 0.297518 0.366637 0.409997 0.437356 0.457235 0.486588 0.470887 0.477566 0.485894 0.478864 0.498875 0.543535 0.583064 0.655002 0.694301 -9999 0.671028 0.631957 0.56088 0.499802 0.459772 0.469896 0.4232 0.411767 0.382894 0.394199 0.421382 0.432657 0.430812 0.432272 0.400439 0.377995 0.36393 0.352516 0.337127 0.332359 0.327517 0.324201 0.321123 0.317595 0.314366 0.310636 0.307378 0.306334 0.330141 0.354564 0.415313 0.529827 -9999 -9999
-9999 -9999 -9999 0.343137 0.294533 0.264469 0.254099 0.246717 0.239785 0.234394 0.231791 0.222504 0.216769 0.217423 0.243404 0.23821 0.230326 0.211614 0.210858 0.213092 0.237404 0.321639 0.351357 0.396441 0.453127 0.479346 0.469652 0.426196 0.429827 0.461159 0.49563 0.546062 0.574844 0.619954 0.705199 0.696109 0.655028 0.623616 0.574496 0.500376 0.4473 0.421699 0.409848 0.388473 0.375806 0.392755 0.406304 0.411014 0.422837 0.422107 0.419441 0.399522 0.385488 0.352562 0.340397 0.332509 0.328425 0.325246 0.322069 0.318422 0.314796 0.311433 0.306791 0.301785 0.297746 0.332772 0.430477 0.500055 -9999 -9999
-9999 -9999 -9999 -9999 0.302476 0.291124 0.289965 0.285371 0.273154 0.258112 0.239314 0.234841 0.220376 0.216574 0.239343 0.264906 0.237077 0.22462 0.212321 0.210611 0.213114 0.284995 0.322943 0.353525 0.408194 0.392533 0.376536 0.377222 0.390059 0.455927 0.521226 0.599265 0.668134 0.670937 0.706882 0.685065 0.657398 0.58845 0.538889 0.516934 0.500059 0.424175 0.401605 0.391628 0.369518 0.391376 0.392209 0.407847 0.399084 0.397938 0.395331 0.445829 0.392722 0.387639 0.351409 0.33412 0.32801 0.325336 0.322226 0.319455 0.316019 0.312244 0.307247 0.302255 0.297061 0.31755 0.442295 0.499535 -9999 -9999
-9999 -9999 -9999 -9999 -9999 -9999 0.302306 0.293474 0.287847 0.276257 0.241959 0.230179 0.221083 0.217602 0.22544 0.250473 0.254875 0.246999 0.2725 0.248335 0.216197 0.217284 0.222107 0.285968 0.321107 0.292548 0.304289 0.353422 0.392411 0.430668 0.507083 0.566201 0.645248 0.704119 0.705441 0.638626 0.582019 0.512262 0.479865 0.49393 0.472283 0.43275 0.388234 0.364804 0.365862 0.389053 0.387252 0.413183 0.381248 0.375991 0.386941 0.396399 0.39154 0.372624 0.36442 0.335857 0.327677 0.324261 0.322073 0.319442 0.316383 0.312631 0.308311 0.303213 0.297549 0.292153 0.42041 0.516663 -9999 -9999
-9999 -9999 -9999 -9999 -9999 -9999 0.327313 0.322865 0.306718 0.262091 0.241419 0.230091 0.227938 0.220502 0.224982 0.246541 0.268944 0.290307 0.319337 0.300222 0.25267 0.225253 0.223153 0.279417 0.254347 0.267427 0.2909 0.354589 0.401994 0.42793 0.501472 0.567323 0.620017 0.692174 0.660278 0.624735 0.579008 0.50283 0.450453 0.427026 0.440892 0.414346 0.363628 0.359681 0.381792 0.376613 0.386791 0.423471 0.378637 0.364122 0.371157 0.366608 0.36989 0.361703 0.348486 0.335857 0.326902 0.324138 0.321844 0.319622 0.316507 0.312613 0.308493 0.303065 0.297373 0.291395 0.371592 0.518584 -9999 -9999
-9999 -9999 -9999 -9999 -9999 -9999 -9999 0.352539 0.313775 0.254295 0.242365 0.24193 0.227001 0.222882 0.231492 0.238478 0.266337 0.306003 0.385369 0.363279 0.31947 0.257328 0.225557 0.231647 0.253293 0.287493 0.366807 0.436467 0.446915 0.459946 0.514096 0.565794 0.624375 0.590201 0.552268 0.510343 0.487188 0.490451 0.445153 0.407376 0.41885 0.387086 0.350494 0.36176 0.36698 0.370908 0.383555 0.381258 0.376275 0.349814 0.363785 0.351615 0.3511 0.349809 0.342511 0.334453 0.32604 0.323154 0.321071 0.318465 0.316152 0.312036 0.307823 0.302857 0.297171 0.291124 0.291881 0.366844 0.409175 -9999
-9999 -9999 -9999 -9999 -9999 -9999 -9999 0.389196 0.370505 0.299872 0.2809 0.247632 0.228413 0.224612 0.241483 0.24961 0.292605 0.304856 0.378164 0.410952 0.381499 0.392902 0.307886 0.23335 0.253239 0.409305 0.467409 0.509487 0.501497 0.503356 0.519586 0.604565 0.62696 0.55433 0.50794 0.471298 0.442705 0.434867 0.433194 0.375901 0.365228 0.344065 0.344315 0.339058 0.362978 0.376547 0.35624 0.370017 0.369875 0.342638 0.364311 0.340383 0.342675 0.347306 0.345903 0.329878 0.325286 0.321923 0.319722 0.317767 0.315462 0.311929 0.306915 0.30186 0.296713 0.290135 0.283873 0.284831 0.320513 0.327737
-9999 -9999 -9999 -9999 -9999 -9999 -9999 -9999 0.436512 0.338019 0.295925 0.270353 0.234433 0.227438 0.235497 0.251546 0.295536 0.334325 0.399704 0.475402 0.515563 0.39379 0.288505 0.234536 0.24501 0.375137 0.427879 0.432411 0.404706 0.431585 0.452089 0.517677 0.536061 0.561091 0.544457 0.493826 0.451894 0.410961 0.380263 0.375157 0.353908 0.339456 0.335094 0.328285 0.328044 0.327323 0.348397 0.326772 0.339274 0.328268 0.331116 0.333735 0.337556 0.350723 0.338151 0.326881 0.322636 0.319964 0.318344 0.315905 0.313257 0.310547 0.305995 0.300901 0.295199 0.289324 0.28248 0.274063 0.2713 0.289689
-9999 -9999 -9999 -9999 -9999 -9999 -9999 -9999 0.48577 0.38761 0.343428 0.28055 0.246616 0.232084 0.230502 0.243031 0.27586 0.327238 0.370219 0.454906 0.543598 0.414391 0.302146 0.241847 0.240222 0.351021 0.323198 0.349209 0.341261 0.386905 0.406472 0.425201 0.456787 0.490871 0.527569 0.546275 0.454353 0.405899 0.366172 0.345883 0.333059 0.325109 0.324568 0.326663 0.363321 0.329559 0.325746 0.325549 0.326029 0.324963 0.325628 0.327107 0.328984 0.327645 0.335731 0.322324 0.320739 0.318518 0.316157 0.313803 0.311284 0.308192 0.304674 0.299853 0.293495 0.287759 0.281439 0.272908 0.265881 0.259808
-9999 -9999 -9999 -9999 -9999 -9999 -9999 -9999 0.62419 0.481083 0.369289 0.307423 0.257699 0.241377 0.233292 0.251415 0.264442 0.300705 0.335465 0.390708 0.474694 0.526781 0.429804 0.291322 0.242759 0.249782 0.254652 0.2841 0.310655 0.315069 0.314155 0.347595 0.389472 0.444552 0.461037 0.479091 0.410162 0.398912 0.40139 0.324955 0.321988 0.323292 0.348597 0.377017 0.368101 0.382464 0.362027 0.382196 0.357789 0.336503 0.32705 0.325306 0.32744 0.325322 0.324342 0.320451 0.318379 0.316472 0.314274 0.311657 0.308799 0.306076 0.302498 0.297623 0.29288 0.287659 0.280081 0.271723 0.264884 0.258789
-9999 -9999 -9999 -9999 -9999 -9999 -9999 -9999 0.617964 0.502622 0.39931 0.338206 0.276921 0.260553 0.237822 0.239302 0.253278 0.284641 0.324863 0.370126 0.442028 0.495823 0.43202 0.338314 0.273056 0.252119 0.255043 0.257877 0.265285 0.267684 0.275886 0.285617 0.315859 0.367943 0.396499 0.438456 0.361843 0.351341 0.360685 0.320804 0.319985 0.373655 0.414235 0.416817 0.387193 0.409603 0.408587 0.418768 0.398128 0.347893 0.358806 0.35371 0.331957 0.326075 0.321775 0.318918 0.316786 0.314496 0.312278 0.309371 0.30613 0.303398 0.299791 0.295547 0.29149 0.285888 0.280614 0.272802 0.264767 0.258569
-9999 -9999 -9999 -9999 -9999 -9999 -9999 -9999 0.612987 0.540546 0.447384 0.357565 0.292402 0.264505 0.243387 0.240987 0.257843 0.272453 0.297089 0.336758 0.364061 0.412446 0.479344 0.367752 0.332095 0.303938 0.290282 0.259461 0.261306 0.276865 0.300069 0.284147 0.288672 0.329343 0.341782 0.363327 0.319899 0.317722 0.316581 0.316344 0.36144 0.425051 0.475312 0.434445 0.439688 0.419081 0.467782 0.419939 0.381224 0.366871 0.385922 0.401588 0.345383 0.333934 0.325992 0.320046 0.315273 0.313281 0.309989 0.307368 0.304295 0.300907 0.297458 0.293442 0.289241 0.284677 0.279084 0.271458 0.265846 0.262051
-9999 -9999 -9999 -9999 -9999 -9999 -9999 -9999 -9999 0.586745 0.47172 0.36602 0.306103 0.267453 0.247375 0.245384 0.253053 0.26245 0.277139 0.30537 0.341537 0.399567 0.44285 0.415373 0.379812 0.37841 0.35676 0.292583 0.271078 0.303049 0.386191 0.340603 0.288763 0.288611 0.291701 0.295029 0.299683 0.303252 0.313325 0.343932 0.442533 0.459661 0.496677 0.489501 0.507185 0.459613 0.4705 0.421996 0.399431 0.389256 0.428842 0.420033 0.367913 0.34555 0.346104 0.331348 0.314977 0.311902 0.30873 0.30599 0.302463 0.298813 0.295142 0.29362 0.289568 0.28507 0.280216 0.272152 0.269946 0.266202
-9999 -9999 -9999 -9999 -9999 -9999 -9999 -9999 -9999 0.614612 0.497001 0.372806 0.33154 0.290154 0.254058 0.251222 0.264215 0.276672 0.289823 0.305318 0.349273 0.39217 0.433366 0.447155 0.438777 0.439118 0.403267 0.319052 0.302971 0.310132 0.397351 0.424172 0.354933 0.296349 0.290434 0.294014 0.359761 0.343325 0.37758 0.424687 0.435846 0.454962 0.498126 0.473508 0.504407 0.487448 0.484933 0.45621 0.440813 0.407276 0.441409 0.441425 0.390184 0.362821 0.359416 0.330834 0.318806 0.313497 0.30989 0.306318 0.302897 0.298972 0.295452 0.291809 0.288008 0.284646 0.282694 0.285711 0.326506 0.320652
-9999 -9999 -9999 -9999 -9999 -9999 -9999 -9999 -9999 0.603475 0.52139 0.410998 0.328578 0.321501 0.280254 0.25797 0.272366 0.288986 0.306244 0.31313 0.360929 0.413785 0.456543 0.507455 0.498673 0.461563 0.400692 0.346059 0.33623 0.34736 0.396861 0.37541 0.327701 0.301643 0.292833 0.296871 0.309705 0.316161 0.34082 0.350149 0.385038 0.440876 0.461325 0.444234 0.50358 0.496698 0.47126 0.488868 0.446037 0.424138 0.468969 0.431756 0.385828 0.360959 0.338854 0.32687 0.320327 0.311784 0.308574 0.304923 0.301338 0.297914 0.294211 0.291189 0.287779 0.288574 0.291594 0.332313 0.342524 0.333378
-9999 -9999 -9999 -9999 -9999 -9999 -9999 -9999 -9999 0.592344 0.518228 0.42228 0.363019 0.350797 0.305365 0.264754 0.26715 0.28453 0.288738 0.307167 0.347392 0.392143 0.441325 0.464922 0.520255 0.4646 0.420027 0.373426 0.351395 0.39356 0.410536 0.377622 0.344728 0.330643 0.297099 0.295611 0.304072 0.346838 0.366511 0.354976 0.361997 0.376014 0.413672 0.412952 0.436212 0.444363 0.451922 0.477886 0.454255 0.449447 0.441508 0.396382 0.371077 0.353325 0.336907 0.330434 0.321593 0.310945 0.307171 0.303693 0.300397 0.296778 0.293697 0.292043 0.289855 0.296085 0.310162 0.340061 0.38737 0.342872
-9999 -9999 -9999 -9999 -9999 -9999 -9999 -9999 -9999 0.607605 0.528891 0.446633 0.411136 0.403519 0.322973 0.272901 0.270922 0.278203 0.287128 0.334665 0.33037 0.338919 0.382951 0.447723 0.519053 0.511409 0.468909 0.40522 0.384316 0.449686 0.469353 0.45265 0.4034 0.359023 0.312623 0.299405 0.310509 0.378202 0.450173 0.413476 0.374354 0.372141 0.38047 0.415207 0.424524 0.43271 0.457352 0.497218 0.486995 0.471488 0.420902 0.401729 0.373692 0.349908 0.354844 0.347285 0.324328 0.309825 0.306273 0.30286 0.299169 0.295995 0.293104 0.293698 0.294389 0.298018 0.342021 0.367635 0.403952 0.347314
-9999 -9999 -9999 -9999 -9999 -9999 -9999 -9999 -9999 0.634572 0.576974 0.498259 0.465428 0.414049 0.337862 0.299409 0.279997 0.278533 0.283834 0.304131 0.315762 0.340324 0.385929 0.448888 0.519093 0.564432 0.539677 0.455879 0.436627 0.496059 0.522344 0.486295 0.433746 0.356613 0.311687 0.303913 0.305751 0.317994 0.369918 0.433046 0.430458 0.395225 0.420233 0.449669 0.429618 0.430358 0.45466 0.47165 0.476429 0.466737 0.437823 0.422792 0.390849 0.345083 0.336002 0.334246 0.313203 0.309243 0.305702 0.301825 0.298561 0.295337 0.292373 0.292264 0.296392 0.324587 0.348545 0.383327 0.383881 0.330233
-9999 -9999 -9999 -9999 -9999 -9999 -9999 -9999 -9999 0.678907 0.611364 0.537505 0.468167 0.402408 0.345509 0.339343 0.308406 0.306534 0.289455 0.29198 0.310589 0.330824 0.369682 0.450665 0.518581 0.592843 0.571503 0.487483 0.480993 0.515944 0.58179 0.510429 0.431826 0.360334 0.320692 0.348207 0.315801 0.316091 0.334115 0.370737 0.428919 0.425348 0.468277 0.467767 0.441955 0.431875 0.433237 0.445356 0.4624 0.455346 0.43793 0.43049 0.400901 0.364742 0.32931 0.320881 0.31168 0.308365 0.30516 0.301482 0.298167 0.295505 0.293731 0.293873 0.317125 0.34536 0.361204 0.384369 0.383616 0.324396
