Test_Spring_2018b/02_18/Prec/20180210_019.txt
ncols	170
nrows	115
xllcorner	350000.000000
yllcorner	4445000.000000
cellsize	1000.000000
nodata_value	-9999.000000
[rows 31 to 61 of 115, columns 70 to 139 of 170]
0.290374 0.282753 0.281474 0.290739 0.29259 0.283938 0.285451 0.288484 0.304156 0.308454 0.318826 0.323887 0.332347 0.345368 0.352064 0.373403 0.43761 0.422326 0.417864 0.438424 0.43118 0.417877 0.43539 0.481146 0.503099 0.536354 0.544379 0.560521 0.589029 -9999 -9999 -9999 -9999 -9999 -9999 -9999 -9999 -9999 -9999 -9999 -9999 -9999 -9999 -9999 -9999 -9999 -9999 -9999 -9999 -9999 -9999 -9999 -9999 -9999 -9999 -9999 -9999 -9999 -9999 -9999 -9999 -9999 -9999 -9999 -9999 -9999 -9999 -9999 -9999 -9999
0.291884 0.28937 0.291872 0.300618 0.292721 0.285679 0.301476 0.316191 0.306785 0.30935 0.317058 0.33174 0.338545 0.345456 0.350522 0.368517 0.415075 0.457357 0.438422 0.440553 0.458193 0.434718 0.452039 0.49215 0.547537 0.523423 0.534822 0.592052 0.618104 -9999 -9999 -9999 -9999 -9999 -9999 -9999 -9999 -9999 -9999 -9999 -9999 -9999 -9999 -9999 -9999 -9999 -9999 -9999 -9999 -9999 -9999 -9999 -9999 -9999 -9999 -9999 -9999 -9999 -9999 -9999 -9999 -9999 -9999 -9999 -9999 -9999 -9999 -9999 -9999 -9999
0.307605 0.298178 0.303467 0.308218 0.29513 0.297494 0.305617 0.313825 0.310085 0.310578 0.314953 0.322594 0.329462 0.336594 0.351323 0.371598 0.411792 0.459631 0.472452 0.452882 0.454699 0.454231 0.470354 0.489985 0.518898 0.502338 0.49851 0.540423 0.592255 0.625568 -9999 -9999 -9999 -9999 -9999 -9999 -9999 -9999 -9999 -9999 -9999 -9999 -9999 -9999 -9999 -9999 -9999 -9999 -9999 -9999 -9999 -9999 -9999 -9999 -9999 -9999 -9999 -9999 -9999 -9999 -9999 -9999 -9999 -9999 -9999 -9999 -9999 -9999 -9999 -9999
0.327545 0.309895 0.31673 0.333055 0.325724 0.320715 0.323069 0.328685 0.329053 0.313295 0.316445 0.31944 0.329257 0.337526 0.349845 0.369418 0.396437 0.428622 0.48305 0.453765 0.431637 0.435445 0.440233 0.455144 0.483171 0.46711 0.470456 0.53083 0.5828 0.608584 0.622166 -9999 -9999 -9999 -9999 -9999 -9999 -9999 -9999 -9999 -9999 -9999 -9999 -9999 -9999 -9999 -9999 -9999 -9999 -9999 -9999 -9999 -9999 -9999 -9999 -9999 -9999 -9999 -9999 -9999 -9999 -9999 -9999 -9999 -9999 -9999 -9999 -9999 -9999 -9999
-9999 0.324972 0.331395 0.350736 0.343129 0.332529 0.325919 0.326341 0.325175 0.321875 0.318449 0.321139 0.331033 0.356294 0.361679 0.364813 0.38323 0.41957 0.456037 0.467567 0.432319 0.424618 0.430363 0.425623 0.45012 0.444769 0.453237 0.482182 0.540309 0.580751 0.59877 0.629002 -9999 -9999 -9999 -9999 -9999 -9999 -9999 -9999 -9999 -9999 -9999 -9999 -9999 -9999 -9999 -9999 -9999 -9999 -9999 -9999 -9999 -9999 -9999 -9999 -9999 -9999 -9999 -9999 -9999 -9999 -9999 -9999 -9999 -9999 -9999 -9999 -9999 -9999
-9999 -9999 -9999 -9999 0.365796 0.359027 0.350222 0.339296 0.330313 0.32496 0.319805 0.322286 0.339911 0.349522 0.35216 0.36481 0.385657 0.399701 0.42358 0.448594 0.443118 0.413849 0.431997 0.41287 0.419103 0.419421 0.439662 0.494281 0.550469 0.583455 0.600447 0.626206 -9999 -9999 -9999 -9999 -9999 -9999 -9999 -9999 -9999 -9999 -9999 -9999 -9999 -9999 -9999 -9999 -9999 -9999 -9999 -9999 -9999 -9999 -9999 -9999 -9999 -9999 -9999 -9999 -9999 -9999 -9999 -9999 -9999 -9999 -9999 -9999 -9999 -9999
-9999 -9999 -9999 -9999 -9999 0.363998 0.358246 0.337546 0.335058 0.332115 0.322477 0.324217 0.331934 0.338211 0.346565 0.357004 0.373105 0.390842 0.413409 0.418024 0.40025 0.403426 0.411589 0.41235 0.406188 0.4139 0.455715 0.509602 0.53741 0.603279 0.628252 0.632062 0.650971 -9999 -9999 -9999 -9999 -9999 -9999 -9999 -9999 -9999 -9999 -9999 -9999 0.661342 -9999 -9999 -9999 -9999 -9999 -9999 -9999 -9999 -9999 -9999 -9999 -9999 -9999 -9999 -9999 -9999 -9999 -9999 -9999 -9999 0.914577 -9999 -9999 -9999
-9999 -9999 -9999 -9999 0.358664 0.356666 0.347341 0.334923 0.338829 0.33552 0.324018 0.32543 0.331248 0.33763 0.350021 0.35444 0.364352 0.383312 0.389164 0.385088 0.385075 0.385065 0.386867 0.393089 0.402307 0.413196 0.453129 0.478739 0.498137 0.555522 0.586851 0.612539 0.647915 0.676445 -9999 -9999 -9999 -9999 -9999 -9999 -9999 0.656981 0.662722 0.667298 0.666425 0.65466 0.671916 -9999 -9999 -9999 -9999 -9999 -9999 -9999 -9999 -9999 -9999 -9999 -9999 -9999 -9999 -9999 -9999 -9999 -9999 -9999 0.898621 0.92855 -9999 -9999
-9999 -9999 -9999 -9999 0.367062 0.353664 0.347778 0.335656 0.329453 0.332448 0.329354 0.32643 0.328563 0.335253 0.344746 0.34626 0.359074 0.367038 0.373623 0.367117 0.368472 0.375854 0.384704 0.393551 0.410421 0.417505 0.445647 0.464894 0.492013 0.519695 0.570271 0.616998 0.662487 0.699848 -9999 -9999 -9999 -9999 -9999 -9999 0.651274 0.640393 0.635914 0.659888 0.649274 0.640704 0.649964 0.693846 -9999 -9999 -9999 -9999 -9999 -9999 -9999 -9999 -9999 -9999 -9999 -9999 -9999 -9999 0.76625 0.794855 0.848352 0.878845 0.9 0.928066 -9999 -9999
-9999 -9999 -9999 -9999 0.371514 0.355318 0.344875 0.335852 0.335708 0.329554 0.329141 0.328031 0.329492 0.331716 0.334418 0.345418 0.35111 0.367542 0.35578 0.358991 0.365751 0.383568 0.39408 0.423191 0.439458 0.464684 0.452049 0.474795 0.513877 0.560692 0.619214 0.638114 0.65996 0.694124 -9999 -9999 -9999 -9999 -9999 -9999 0.64821 0.636013 0.626951 0.629896 0.654378 0.634418 0.662777 0.686162 0.698519 0.695623 0.698663 0.72317 0.725379 0.728117 0.740875 0.739266 -9999 -9999 -9999 -9999 0.755214 0.757942 0.761232 0.775702 0.833599 0.875432 0.914287 0.936526 -9999 -9999
-9999 -9999 -9999 -9999 0.360781 0.35119 0.347042 0.347545 0.339557 0.334519 0.332535 0.334393 0.33586 0.3368 0.337834 0.341992 0.350829 0.351033 0.353777 0.361003 0.391081 0.426324 0.417611 0.437141 0.487229 0.473225 0.463901 0.489401 0.535849 0.588228 0.614831 0.629645 0.657857 0.697297 -9999 -9999 -9999 0.688412 0.668455 0.66937 0.665791 0.648128 0.636166 0.624052 0.62139 0.635313 0.663426 0.687045 0.71234 0.716583 0.698194 0.700859 0.721788 0.724584 0.736951 0.744603 0.741308 0.741076 0.743551 0.748407 0.75194 0.754715 0.759462 0.773219 0.820856 0.853718 0.877641 0.942074 -9999 -9999
-9999 -9999 -9999 -9999 0.365889 0.357527 0.351137 0.34895 0.34886 0.342014 0.340812 0.336286 0.335764 0.344208 0.33772 0.339109 0.341248 0.345316 0.351271 0.376514 0.411069 0.446529 0.466078 0.469524 0.500365 0.505777 0.496739 0.509114 0.55055 0.598471 0.61236 0.633006 0.681815 0.722096 -9999 -9999 0.731466 0.690336 0.661961 0.648568 0.646463 0.649351 0.633062 0.636412 0.620359 0.638646 0.686206 0.692482 0.710217 0.713437 0.722328 0.729064 0.732341 0.731134 0.734171 0.738905 0.738065 0.740364 0.74294 0.745696 0.751653 0.753201 0.756568 0.766696 0.806088 0.828851 0.863575 0.94403 -9999 -9999
-9999 -9999 -9999 -9999 0.367612 0.35839 0.348242 0.347698 0.340477 0.345227 0.35075 0.3391 0.336436 0.342074 0.346162 0.338617 0.339714 0.341888 0.345462 0.36935 0.39749 0.439154 0.467732 0.491349 0.50902 0.54871 0.549371 0.561963 0.575262 0.580048 0.597891 0.631141 0.659314 0.709414 0.735272 -9999 0.730664 0.713147 0.678499 0.64944 0.632142 0.642385 0.623192 0.623872 0.621693 0.637192 0.673367 0.700185 0.711438 0.724252 0.718837 0.716444 0.727076 0.729477 0.734112 0.737154 0.739225 0.741445 0.743454 0.745248 0.747591 0.750385 0.754417 0.760802 0.781732 0.812311 0.856245 0.940509 -9999 -9999
-9999 -9999 -9999 0.393293 0.369689 0.353357 0.34783 0.344184 0.341041 0.338949 0.338567 0.337893 0.335472 0.337185 0.352064 0.350597 0.348097 0.340313 0.342715 0.347381 0.364561 0.414505 0.438231 0.475922 0.514571 0.545062 0.549562 0.535944 0.54724 0.572947 0.599805 0.636024 0.657961 0.688261 0.742876 0.741844 0.72314 0.709285 0.685955 0.649571 0.625033 0.616034 0.615428 0.614928 0.616895 0.64448 0.673376 0.688815 0.708067 0.720343 0.731058 0.731793 0.7417 0.732025 0.732751 0.73841 0.740442 0.742212 0.74361 0.744801 0.74646 0.749094 0.752176 0.7564 0.768597 0.798032 0.872871 0.93351 -9999 -9999
-9999 -9999 -9999 -9999 0.375889 0.369366 0.368586 0.366262 0.36013 0.352714 0.343504 0.342028 0.335345 0.336199 0.349518 0.364255 0.350921 0.346369 0.34257 0.345174 0.350829 0.400066 0.427873 0.452525 0.490649 0.499024 0.500729 0.511209 0.527866 0.572381 0.615975 0.66706 0.710797 0.71826 0.742395 0.737154 0.725228 0.690918 0.666979 0.658155 0.652735 0.616753 0.613118 0.621679 0.620161 0.64321 0.665522 0.687477 0.696361 0.708981 0.720207 0.758945 0.747831 0.753468 0.741057 0.737358 0.740961 0.742513 0.743435 0.744603 0.745941 0.748036 0.750744 0.758957 0.773213 0.796806 0.877386 0.931892 -9999 -9999
-9999 -9999 -9999 -9999 -9999 -9999 0.376582 0.371876 0.369142 0.363438 0.345803 0.340262 0.336276 0.335413 0.34075 0.356157 0.359897 0.357707 0.374085 0.366358 0.355442 0.362945 0.373461 0.416346 0.450793 0.446233 0.463225 0.499999 0.530965 0.560986 0.610691 0.651711 0.700848 0.738142 0.743649 0.711805 0.68565 0.650577 0.635512 0.645697 0.637571 0.625467 0.609475 0.606305 0.617594 0.641844 0.662957 0.690966 0.687979 0.698846 0.717679 0.734765 0.749287 0.74752 0.74996 0.740084 0.73984 0.742276 0.743271 0.74412 0.745325 0.747186 0.756006 0.76276 0.771191 0.781481 0.864558 0.940302 -9999 -9999
-9999 -9999 -9999 -9999 -9999 -9999 0.391172 0.388753 0.380331 0.356894 0.346444 0.341027 0.340623 0.337514 0.340928 0.353694 0.367357 0.380736 0.399612 0.393985 0.374524 0.367064 0.374197 0.413368 0.415832 0.433876 0.457454 0.502267 0.53793 0.5615 0.609732 0.654321 0.68928 0.733515 0.721072 0.70571 0.684129 0.645981 0.620052 0.610607 0.622853 0.614937 0.595837 0.60336 0.626236 0.635693 0.663377 0.697507 0.687959 0.69415 0.711098 0.720833 0.73957 0.743466 0.743085 0.741521 0.740618 0.742024 0.743342 0.744154 0.74512 0.749293 0.754528 0.761306 0.77003 0.7804 0.838245 0.941389 -9999 -9999
-9999 -9999 -9999 -9999 -9999 -9999 -9999 0.405697 0.38519 0.353798 0.347985 0.34833 0.341029 0.339616 0.345164 0.350084 0.366501 0.389744 0.435397 0.42827 0.410945 0.385105 0.376582 0.389148 0.416717 0.446216 0.499762 0.547857 0.563817 0.580485 0.618299 0.655234 0.693187 0.680435 0.664583 0.645635 0.635963 0.639933 0.617844 0.600704 0.611462 0.600878 0.589494 0.605343 0.619403 0.633931 0.663042 0.676501 0.688356 0.68823 0.708903 0.714541 0.731127 0.738583 0.741214 0.741927 0.741151 0.742341 0.743378 0.744018 0.745953 0.748989 0.754258 0.761426 0.770341 0.780893 0.796527 0.86134 0.901586 -9999
-9999 -9999 -9999 -9999 -9999 -9999 -9999 0.426307 0.416595 0.379291 0.369755 0.352565 0.342968 0.341716 0.35167 0.358108 0.382295 0.390775 0.433035 0.455691 0.446102 0.459623 0.422712 0.392246 0.418965 0.513541 0.555694 0.588962 0.594953 0.605506 0.622891 0.677466 0.695896 0.662421 0.641901 0.625667 0.613034 0.611765 0.612807 0.585124 0.584581 0.579783 0.588196 0.595309 0.619421 0.639122 0.650651 0.67261 0.686929 0.686237 0.71085 0.710017 0.728009 0.738456 0.744088 0.740432 0.741627 0.742541 0.744453 0.745128 0.746976 0.750767 0.755699 0.762893 0.772149 0.782443 0.794324 0.819596 0.856199 0.877414
-9999 -9999 -9999 -9999 -9999 -9999 -9999 -9999 0.452973 0.400899 0.379121 0.36612 0.347666 0.344767 0.353126 0.361998 0.386559 0.409316 0.447417 0.492259 0.52105 0.463375 0.415557 0.395969 0.417679 0.498168 0.537212 0.550163 0.545355 0.569009 0.588414 0.632458 0.648535 0.667075 0.66235 0.639967 0.621575 0.601209 0.586936 0.587342 0.580418 0.580639 0.586637 0.592898 0.604009 0.615913 0.649486 0.65221 0.672942 0.680568 0.694771 0.707787 0.72654 0.741341 0.74087 0.739698 0.741104 0.746061 0.746337 0.747003 0.7489 0.752492 0.758971 0.766145 0.77502 0.785526 0.796862 0.816968 0.832648 0.859428
-9999 -9999 -9999 -9999 -9999 -9999 -9999 -9999 0.480419 0.428699 0.405988 0.373198 0.357604 0.354546 0.353727 0.360949 0.379743 0.409377 0.435611 0.485299 0.538306 0.478491 0.427026 0.403806 0.412458 0.488774 0.484377 0.508411 0.513779 0.547098 0.565673 0.584503 0.607421 0.630661 0.656747 0.673324 0.625792 0.601703 0.582905 0.575476 0.573283 0.575096 0.582632 0.596545 0.627137 0.621062 0.641188 0.654843 0.668623 0.68104 0.693583 0.705542 0.723252 0.730076 0.740526 0.741828 0.748588 0.748705 0.749 0.750104 0.752406 0.756043 0.761298 0.768141 0.779276 0.789524 0.800702 0.820451 0.833222 0.846293
-9999 -9999 -9999 -9999 -9999 -9999 -9999 -9999 0.555509 0.480005 0.424096 0.391641 0.371715 0.363108 0.359164 0.369688 0.378165 0.399921 0.421882 0.455872 0.506312 0.54074 0.500147 0.434979 0.418069 0.438722 0.451286 0.476669 0.500013 0.510885 0.518152 0.544682 0.576868 0.610629 0.629079 0.640829 0.605953 0.602131 0.606254 0.569146 0.572458 0.579347 0.600383 0.625081 0.630507 0.654047 0.665066 0.68894 0.688762 0.689739 0.696287 0.706004 0.723907 0.736132 0.740731 0.750227 0.751215 0.75203 0.752949 0.754405 0.756927 0.761035 0.766379 0.77276 0.78176 0.791434 0.805334 0.824765 0.836825 0.849075
-9999 -9999 -9999 -9999 -9999 -9999 -9999 -9999 0.556598 0.496277 0.441964 0.417845 0.385577 0.377388 0.366038 0.368045 0.377342 0.396711 0.421724 0.450411 0.494319 0.529485 0.502645 0.465486 0.439516 0.445521 0.455435 0.466059 0.478678 0.492979 0.504579 0.518233 0.539608 0.580177 0.598366 0.623281 0.584738 0.581761 0.589961 0.572716 0.577398 0.612361 0.641513 0.651479 0.646563 0.669268 0.690846 0.71281 0.713907 0.698718 0.722788 0.72994 0.73526 0.738516 0.751813 0.753575 0.755084 0.756302 0.757815 0.759659 0.762406 0.766782 0.772203 0.778824 0.787003 0.797298 0.807623 0.827384 0.84149 0.852776
-9999 -9999 -9999 -9999 -9999 -9999 -9999 -9999 0.557419 0.518084 0.469551 0.431532 0.397691 0.383831 0.373806 0.374156 0.385335 0.396006 0.412837 0.438566 0.458561 0.490643 0.533348 0.481293 0.476439 0.478267 0.485011 0.47769 0.487255 0.503421 0.522598 0.520076 0.538028 0.563653 0.573585 0.588025 0.567683 0.569616 0.572626 0.576882 0.606294 0.646622 0.680849 0.667357 0.679353 0.680293 0.728183 0.721197 0.712523 0.716335 0.740009 0.757768 0.745011 0.7581 0.758483 0.759073 0.759756 0.761769 0.763332 0.765879 0.769136 0.773413 0.778976 0.785577 0.793347 0.802042 0.813654 0.833039 0.844135 0.859374
-9999 -9999 -9999 -9999 -9999 -9999 -9999 -9999 -9999 0.546736 0.497052 0.441964 0.411298 0.392061 0.382954 0.383872 0.390468 0.398641 0.4104 0.430209 0.455078 0.492403 0.522532 0.515417 0.51187 0.52818 0.52548 0.499751 0.496341 0.520884 0.575032 0.568872 0.545949 0.549913 0.555078 0.560089 0.562897 0.568352 0.577743 0.598767 0.656926 0.675997 0.703412 0.70811 0.726859 0.714192 0.742317 0.72783 0.726979 0.732286 0.763517 0.778841 0.77408 0.768222 0.773631 0.770109 0.765751 0.767806 0.770035 0.77304 0.776442 0.780795 0.786263 0.794345 0.80213 0.810701 0.823203 0.842681 0.855175 0.866713
-9999 -9999 -9999 -9999 -9999 -9999 -9999 -9999 -9999 0.574431 0.513671 0.449291 0.429179 0.409054 0.391924 0.392864 0.402692 0.412783 0.423883 0.436924 0.465865 0.494899 0.52361 0.53816 0.541224 0.566483 0.555602 0.518636 0.517679 0.528627 0.598584 0.618623 0.586617 0.5597 0.560487 0.566118 0.604967 0.600147 0.622868 0.653088 0.664857 0.681692 0.712184 0.707211 0.73254 0.7328 0.756742 0.752041 0.75427 0.746417 0.774158 0.794395 0.791375 0.783 0.78662 0.776174 0.774201 0.775723 0.778353 0.781475 0.785386 0.789912 0.795641 0.802318 0.809878 0.818534 0.82865 0.846295 0.89193 0.901433
-9999 -9999 -9999 -9999 -9999 -9999 -9999 -9999 -9999 0.570995 0.529802 0.473392 0.431882 0.430657 0.411304 0.40232 0.413282 0.425878 0.439338 0.447825 0.478747 0.512924 0.542201 0.576249 0.578714 0.566242 0.559772 0.538155 0.540164 0.552955 0.603855 0.598196 0.577917 0.568712 0.568363 0.574691 0.58572 0.593537 0.611453 0.621694 0.646211 0.682588 0.700722 0.699418 0.739488 0.744591 0.740064 0.775769 0.762671 0.760438 0.793393 0.812425 0.79505 0.788172 0.782117 0.780972 0.782437 0.782764 0.786108 0.789611 0.793735 0.798676 0.804285 0.811099 0.818511 0.828892 0.841056 0.873801 0.907405 0.914344
-9999 -9999 -9999 -9999 -9999 -9999 -9999 -9999 -9999 0.567515 0.531175 0.483077 0.454524 0.45111 0.430037 0.411714 0.416634 0.42991 0.436562 0.451269 0.478093 0.507792 0.540277 0.559449 0.595855 0.573146 0.575861 0.558166 0.553364 0.601625 0.617123 0.605459 0.593329 0.590844 0.577664 0.58145 0.590542 0.61811 0.633627 0.632878 0.642535 0.656466 0.683569 0.690676 0.71104 0.723688 0.736268 0.776478 0.773062 0.779456 0.802796 0.800029 0.793694 0.79079 0.788075 0.790271 0.790961 0.790627 0.794098 0.798043 0.802557 0.807491 0.813378 0.820719 0.828445 0.841277 0.85881 0.885179 0.938607 0.925979
-9999 -9999 -9999 -9999 -9999 -9999 -9999 -9999 -9999 0.578078 0.539885 0.499696 0.484418 0.484008 0.44467 0.421723 0.424658 0.432796 0.442128 0.472446 0.475449 0.48569 0.515245 0.556194 0.600902 0.603598 0.596753 0.58079 0.576387 0.637871 0.654853 0.652001 0.631375 0.613018 0.593325 0.591212 0.602063 0.643241 0.686911 0.672826 0.657823 0.662963 0.67417 0.699907 0.712439 0.724682 0.745946 0.787483 0.796897 0.797173 0.812282 0.809773 0.802036 0.796091 0.805069 0.807043 0.800586 0.798585 0.802528 0.806783 0.811258 0.816478 0.822386 0.830724 0.839676 0.850721 0.883785 0.907375 0.947937 0.935314
-9999 -9999 -9999 -9999 -9999 -9999 -9999 -9999 -9999 0.594834 0.568541 0.530844 0.517558 0.494294 0.457759 0.441426 0.435373 0.439078 0.44662 0.462443 0.473933 0.492643 0.522902 0.562718 0.606652 0.637492 0.631004 0.613677 0.625339 0.669101 0.689721 0.67672 0.654588 0.619035 0.60046 0.601582 0.607778 0.619565 0.652681 0.691992 0.696469 0.68383 0.703725 0.726339 0.722845 0.730751 0.751475 0.768444 0.797871 0.820957 0.828496 0.828184 0.818455 0.800961 0.802721 0.808116 0.803021 0.806979 0.811206 0.815417 0.820229 0.825426 0.831192 0.838955 0.849464 0.873295 0.89528 0.923389 0.933453 0.933483
-9999 -9999 -9999 -9999 -9999 -9999 -9999 -9999 -9999 0.620823 0.589852 0.555352 0.523122 0.492686 0.466904 0.468198 0.456283 0.45998 0.455693 0.46207 0.477272 0.493602 0.520157 0.569491 0.612096 0.658307 0.653599 0.624175 0.660649 0.686277 0.728196 0.696555 0.660777 0.628543 0.613101 0.633368 0.621515 0.6271 0.642206 0.667371 0.704243 0.708365 0.737615 0.743962 0.737098 0.738929 0.747123 0.761252 0.789839 0.821962 0.835807 0.839604 0.831273 0.819124 0.807068 0.809189 0.810711 0.815274 0.819888 0.824341 0.829175 0.834632 0.84091 0.848611 0.86909 0.892665 0.910032 0.931669 0.940809 0.929426
