Test_Spring_2018b/02_18/Prec/20180203_011.txt
ncols	170
nrows	115
xllcorner	350000.000000
yllcorner	4445000.000000
cellsize	1000.000000
nodata_value	-9999.000000
[rows 31 to 61 of 115, columns 70 to 139 of 170]
0.574561 0.556036 0.551142 0.568844 0.571466 0.560733 0.574903 0.58159 0.613735 0.623145 0.645394 0.656403 0.67434 0.701519 0.714918 0.758538 0.891668 0.856957 0.844352 0.883781 0.864245 0.831601 0.863542 0.954801 0.996057 1.06126 1.0358 1.07871 1.13161 -9999 -9999 -9999 -9999 -9999 -9999 -9999 -9999 -9999 -9999 -9999 -9999 -9999 -9999 -9999 -9999 -9999 -9999 -9999 -9999 -9999 -9999 -9999 -9999 -9999 -9999 -9999 -9999 -9999 -9999 -9999 -9999 -9999 -9999 -9999 -9999 -9999 -9999 -9999 -9999 -9999
0.560724 0.553699 0.55751 0.574817 0.557531 0.542462 0.595694 0.622506 0.606282 0.611941 0.628367 0.659308 0.673429 0.687426 0.697118 0.733516 0.829462 0.915887 0.873061 0.874075 0.907319 0.8538 0.885883 0.965798 1.07784 1.02278 1.04256 1.13489 1.1497 -9999 -9999 -9999 -9999 -9999 -9999 -9999 -9999 -9999 -9999 -9999 -9999 -9999 -9999 -9999 -9999 -9999 -9999 -9999 -9999 -9999 -9999 -9999 -9999 -9999 -9999 -9999 -9999 -9999 -9999 -9999 -9999 -9999 -9999 -9999 -9999 -9999 -9999 -9999 -9999 -9999
0.576203 0.555404 0.565859 0.575503 0.54795 0.553188 0.5805 0.604845 0.600017 0.601319 0.610617 0.62654 0.640536 0.654734 0.684516 0.725551 0.808055 0.906229 0.930375 0.886055 0.886417 0.881741 0.911784 0.949099 1.00589 0.967053 0.955043 1.00029 1.08446 1.13984 -9999 -9999 -9999 -9999 -9999 -9999 -9999 -9999 -9999 -9999 -9999 -9999 -9999 -9999 -9999 -9999 -9999 -9999 -9999 -9999 -9999 -9999 -9999 -9999 -9999 -9999 -9999 -9999 -9999 -9999 -9999 -9999 -9999 -9999 -9999 -9999 -9999 -9999 -9999 -9999
0.600084 0.56279 0.577322 0.612106 0.597389 0.587738 0.601434 0.625301 0.626685 0.593915 0.600612 0.606642 0.626652 0.64303 0.667555 0.706974 0.761719 0.82702 0.938824 0.874332 0.824682 0.8294 0.836032 0.863836 0.919133 0.881642 0.884917 0.939924 1.04734 1.09326 1.11348 -9999 -9999 -9999 -9999 -9999 -9999 -9999 -9999 -9999 -9999 -9999 -9999 -9999 -9999 -9999 -9999 -9999 -9999 -9999 -9999 -9999 -9999 -9999 -9999 -9999 -9999 -9999 -9999 -9999 -9999 -9999 -9999 -9999 -9999 -9999 -9999 -9999 -9999 -9999
-9999 0.576925 0.59148 0.633489 0.619012 0.598327 0.584616 0.597731 0.605497 0.599134 0.592067 0.597409 0.617458 0.669407 0.679183 0.683905 0.720499 0.794566 0.868722 0.890284 0.813339 0.794203 0.803224 0.790067 0.838266 0.823557 0.837769 0.860944 0.935432 1.0247 1.05411 1.10908 -9999 -9999 -9999 -9999 -9999 -9999 -9999 -9999 -9999 -9999 -9999 -9999 -9999 -9999 -9999 -9999 -9999 -9999 -9999 -9999 -9999 -9999 -9999 -9999 -9999 -9999 -9999 -9999 -9999 -9999 -9999 -9999 -9999 -9999 -9999 -9999 -9999 -9999
-9999 -9999 -9999 -9999 0.651801 0.639643 0.622514 0.612459 0.603678 0.593302 0.582748 0.587669 0.623901 0.642807 0.646658 0.671264 0.712894 0.740073 0.787843 0.837938 0.823854 0.759663 0.795095 0.752007 0.762085 0.759523 0.798636 0.869674 0.948069 1.02131 1.04852 1.094 -9999 -9999 -9999 -9999 -9999 -9999 -9999 -9999 -9999 -9999 -9999 -9999 -9999 -9999 -9999 -9999 -9999 -9999 -9999 -9999 -9999 -9999 -9999 -9999 -9999 -9999 -9999 -9999 -9999 -9999 -9999 -9999 -9999 -9999 -9999 -9999 -9999 -9999
-9999 -9999 -9999 -9999 -9999 0.637076 0.626692 0.585852 0.601641 0.596729 0.576973 0.580414 0.595774 0.607559 0.623287 0.643105 0.674653 0.709563 0.754622 0.761946 0.722204 0.726505 0.741227 0.74025 0.724515 0.737701 0.79116 0.892248 0.944912 1.05495 1.09897 1.09833 1.12929 -9999 -9999 -9999 -9999 -9999 -9999 -9999 -9999 -9999 -9999 -9999 -9999 0.967835 -9999 -9999 -9999 -9999 -9999 -9999 -9999 -9999 -9999 -9999 -9999 -9999 -9999 -9999 -9999 -9999 -9999 -9999 -9999 -9999 0.856253 -9999 -9999 -9999
-9999 -9999 -9999 -9999 0.607974 0.607207 0.591793 0.569238 0.591122 0.59315 0.569768 0.57265 0.584013 0.595922 0.61999 0.626989 0.64539 0.682798 0.692703 0.681832 0.679599 0.677413 0.679003 0.689763 0.706598 0.726637 0.770313 0.818644 0.853543 0.937002 1.00498 1.0505 1.1163 1.1676 -9999 -9999 -9999 -9999 -9999 -9999 -9999 1.03649 1.03139 1.02184 0.998784 0.95083 0.962086 -9999 -9999 -9999 -9999 -9999 -9999 -9999 -9999 -9999 -9999 -9999 -9999 -9999 -9999 -9999 -9999 -9999 -9999 -9999 0.825037 0.859248 -9999 -9999
-9999 -9999 -9999 -9999 0.610896 0.588638 0.581592 0.560644 0.551208 0.576975 0.571637 0.565575 0.569211 0.581677 0.599492 0.600198 0.624533 0.638696 0.650093 0.634142 0.634889 0.648415 0.665034 0.681526 0.714648 0.72683 0.74691 0.781803 0.832862 0.884755 0.964254 1.05427 1.14169 1.212 -9999 -9999 -9999 -9999 -9999 -9999 1.03936 1.00145 0.974903 1.00595 0.961936 0.919972 0.91343 0.908399 -9999 -9999 -9999 -9999 -9999 -9999 -9999 -9999 -9999 -9999 -9999 -9999 -9999 -9999 0.647194 0.686191 0.775424 0.814007 0.830679 0.859757 -9999 -9999
-9999 -9999 -9999 -9999 0.60747 0.58068 0.565293 0.551954 0.556178 0.55223 0.563024 0.560997 0.563266 0.566257 0.569622 0.590066 0.599217 0.631021 0.603731 0.608187 0.620351 0.655939 0.676208 0.735492 0.767504 0.785498 0.753673 0.79585 0.871998 0.964074 1.09076 1.09416 1.13232 1.1965 -9999 -9999 -9999 -9999 -9999 -9999 1.0347 0.994258 0.958029 0.944476 0.97358 0.906643 0.875556 0.892126 0.884582 0.844723 0.817789 0.819497 0.756544 0.735638 0.738477 0.713686 -9999 -9999 -9999 -9999 0.663485 0.652414 0.64085 0.650589 0.74908 0.811026 0.863943 0.835419 -9999 -9999
-9999 -9999 -9999 -9999 0.572934 0.561459 0.560631 0.568502 0.557231 0.555934 0.563233 0.564371 0.566818 0.567172 0.566999 0.572939 0.588522 0.585967 0.588921 0.601549 0.66248 0.734456 0.714056 0.757337 0.855221 0.797784 0.772808 0.820682 0.912258 1.01601 1.0749 1.07281 1.12492 1.19081 -9999 -9999 -9999 1.14616 1.09569 1.08745 1.06765 1.0158 0.97324 0.93551 0.906642 0.894022 0.879906 0.894721 0.912076 0.884952 0.810814 0.782284 0.744152 0.722877 0.724922 0.711214 0.687096 0.671399 0.662648 0.65931 0.652713 0.643205 0.635801 0.644741 0.727614 0.770169 0.790595 0.821068 -9999 -9999
-9999 -9999 -9999 -9999 0.585419 0.577662 0.572912 0.562671 0.568652 0.558968 0.563831 0.563214 0.561636 0.577778 0.561676 0.561604 0.562871 0.568207 0.577709 0.628062 0.698299 0.770674 0.809695 0.809915 0.872312 0.857923 0.833373 0.857059 0.924826 1.01943 1.04259 1.0872 1.16283 1.24231 -9999 -9999 1.2469 1.15426 1.08705 1.04942 1.03311 1.02447 0.972418 0.95845 0.900472 0.898007 0.927375 0.904462 0.906423 0.874623 0.837712 0.817401 0.776724 0.71992 0.703838 0.694745 0.676924 0.668033 0.66119 0.655187 0.655325 0.6446 0.635251 0.63702 0.696821 0.717961 0.727423 0.831667 -9999 -9999
-9999 -9999 -9999 -9999 0.579157 0.570437 0.558495 0.565229 0.556255 0.561811 0.581152 0.558588 0.559224 0.569508 0.575562 0.556529 0.555373 0.556472 0.56072 0.608008 0.66458 0.749875 0.8078 0.850859 0.885426 0.932851 0.927811 0.947967 0.969792 0.973974 1.00811 1.07905 1.1323 1.21581 1.2665 -9999 1.24922 1.20744 1.12804 1.05818 1.01026 1.01705 0.958414 0.937943 0.89721 0.899473 0.904553 0.902004 0.886622 0.874991 0.826248 0.783018 0.757147 0.733612 0.698258 0.686339 0.67584 0.668347 0.662094 0.655903 0.650155 0.64348 0.636539 0.630928 0.651821 0.661704 0.720018 0.831261 -9999 -9999
-9999 -9999 -9999 0.609143 0.575403 0.55303 0.551964 0.553176 0.553621 0.554404 0.560509 0.55383 0.549489 0.556459 0.585168 0.578775 0.569843 0.549747 0.551262 0.557869 0.591167 0.693683 0.737672 0.804606 0.881582 0.921845 0.924552 0.889399 0.906985 0.955309 1.00657 1.08375 1.12656 1.1855 1.28438 1.27994 1.23793 1.20505 1.15043 1.06583 1.003 0.969215 0.949161 0.917668 0.8935 0.898316 0.888371 0.879483 0.878384 0.863262 0.846326 0.810644 0.783813 0.73007 0.706954 0.684252 0.674881 0.667995 0.66222 0.656569 0.651069 0.64546 0.637513 0.627848 0.610002 0.640809 0.734365 0.794905 -9999 -9999
-9999 -9999 -9999 -9999 0.581692 0.581036 0.590925 0.595765 0.590647 0.580828 0.568576 0.5669 0.552548 0.549222 0.577824 0.605422 0.57354 0.560014 0.548225 0.550224 0.559015 0.651515 0.705183 0.752265 0.827717 0.821982 0.818473 0.833813 0.862653 0.950698 1.03751 1.14607 1.23369 1.24574 1.29442 1.27324 1.2467 1.17188 1.11686 1.0908 1.06842 0.977755 0.945963 0.923258 0.887497 0.899838 0.875188 0.877593 0.852404 0.835897 0.818165 0.860818 0.789222 0.771283 0.720116 0.68891 0.672662 0.666751 0.661582 0.657521 0.652863 0.647385 0.639545 0.625091 0.608137 0.621686 0.750603 0.796864 -9999 -9999
-9999 -9999 -9999 -9999 -9999 -9999 0.604019 0.604464 0.607026 0.601264 0.571475 0.56152 0.553027 0.549604 0.558072 0.5869 0.590825 0.582094 0.612511 0.590433 0.5612 0.571638 0.588435 0.673377 0.725419 0.708008 0.736323 0.806785 0.865711 0.923443 1.02345 1.11106 1.2107 1.28628 1.29567 1.22683 1.16692 1.09139 1.05571 1.07007 1.04215 0.991243 0.933151 0.896904 0.886563 0.899736 0.871786 0.884977 0.832996 0.811149 0.807973 0.803892 0.785838 0.751919 0.731933 0.691193 0.675581 0.66454 0.660825 0.657404 0.653671 0.648699 0.636917 0.625646 0.611671 0.595946 0.728481 0.818255 -9999 -9999
-9999 -9999 -9999 -9999 -9999 -9999 0.631926 0.637495 0.628385 0.585594 0.57104 0.561544 0.560746 0.552724 0.557226 0.580559 0.605265 0.629181 0.663793 0.646604 0.600017 0.57854 0.587751 0.664421 0.649225 0.67896 0.720844 0.808066 0.876869 0.921189 1.01842 1.11378 1.18418 1.27502 1.24738 1.21393 1.16719 1.08413 1.02604 0.997976 1.00975 0.973689 0.908341 0.89364 0.906567 0.887442 0.872732 0.897514 0.830569 0.79787 0.789874 0.769666 0.760343 0.738204 0.71239 0.689452 0.672969 0.665723 0.660321 0.657663 0.654192 0.647186 0.639126 0.627577 0.613569 0.597094 0.675437 0.82203 -9999 -9999
-9999 -9999 -9999 -9999 -9999 -9999 -9999 0.671238 0.636718 0.577237 0.572475 0.575199 0.560019 0.555689 0.564793 0.57171 0.602262 0.646867 0.7379 0.717348 0.674958 0.614468 0.59036 0.610684 0.648043 0.701566 0.806263 0.900275 0.927645 0.957572 1.03313 1.11264 1.18977 1.16126 1.12694 1.08641 1.0651 1.0715 1.02131 0.977278 0.986185 0.944191 0.894622 0.896904 0.89073 0.881712 0.869712 0.85056 0.828262 0.782017 0.781697 0.752818 0.739105 0.724632 0.705409 0.687571 0.671694 0.66434 0.659962 0.656632 0.653655 0.64741 0.639332 0.628369 0.614407 0.59786 0.586916 0.652532 0.684765 -9999
-9999 -9999 -9999 -9999 -9999 -9999 -9999 0.713213 0.701104 0.628994 0.61634 0.582182 0.562235 0.558354 0.576859 0.585941 0.63326 0.647051 0.730977 0.772912 0.746615 0.768659 0.684563 0.614088 0.649178 0.83938 0.919987 0.982751 0.989157 1.0063 1.03902 1.15584 1.19216 1.12031 1.0764 1.04173 1.01426 1.00805 1.00691 0.941123 0.924883 0.894876 0.88681 0.870664 0.885665 0.887665 0.83874 0.837881 0.821251 0.774352 0.782893 0.740987 0.730615 0.72292 0.710402 0.68365 0.672058 0.664118 0.658731 0.656362 0.653801 0.647203 0.638213 0.627182 0.613901 0.596869 0.578177 0.560752 0.585687 0.577789
-9999 -9999 -9999 -9999 -9999 -9999 -9999 -9999 0.776174 0.672577 0.63401 0.608536 0.569953 0.562688 0.573527 0.59045 0.639196 0.683089 0.758325 0.846962 0.901129 0.773329 0.666132 0.618345 0.642228 0.802746 0.876769 0.896779 0.880471 0.925171 0.962165 1.05696 1.08837 1.12591 1.11514 1.06511 1.02144 0.978192 0.944406 0.93729 0.909967 0.886752 0.873803 0.856282 0.844566 0.830986 0.828817 0.788757 0.786897 0.758777 0.746672 0.735058 0.726884 0.729097 0.704248 0.682948 0.671739 0.661363 0.658272 0.655048 0.651791 0.648056 0.636132 0.625056 0.611257 0.59522 0.576165 0.548459 0.530628 0.535731
-9999 -9999 -9999 -9999 -9999 -9999 -9999 -9999 0.832727 0.729254 0.688456 0.621122 0.585047 0.57303 0.570753 0.584198 0.620866 0.679303 0.729671 0.828578 0.93383 0.796784 0.686187 0.630686 0.642364 0.778095 0.760788 0.804115 0.809186 0.874159 0.909309 0.951108 0.996744 1.04392 1.09347 1.11854 1.01967 0.967811 0.923822 0.899701 0.882012 0.867916 0.861222 0.850927 0.881322 0.831334 0.801584 0.786461 0.771935 0.75579 0.741989 0.729785 0.72016 0.706557 0.705258 0.677194 0.667081 0.661682 0.657335 0.653735 0.650146 0.645543 0.639559 0.626811 0.607661 0.592059 0.574006 0.546533 0.524554 0.502859
-9999 -9999 -9999 -9999 -9999 -9999 -9999 -9999 0.989819 0.83555 0.718954 0.652915 0.604258 0.58653 0.57749 0.597797 0.612765 0.65469 0.696163 0.762162 0.86212 0.927925 0.829129 0.684296 0.649392 0.667323 0.685773 0.731962 0.774799 0.79245 0.803611 0.86152 0.918874 0.989007 1.01184 1.03775 0.96435 0.954065 0.957422 0.870288 0.863899 0.860563 0.882555 0.907404 0.887888 0.888083 0.840116 0.848937 0.807484 0.769617 0.745384 0.730416 0.722005 0.700966 0.690864 0.674275 0.667231 0.661788 0.657113 0.652639 0.648078 0.643345 0.636842 0.627659 0.611265 0.59755 0.571161 0.544313 0.523332 0.502464
-9999 -9999 -9999 -9999 -9999 -9999 -9999 -9999 0.984287 0.865853 0.754585 0.695946 0.629035 0.611756 0.586846 0.58907 0.605691 0.642605 0.690561 0.74551 0.83185 0.899325 0.836074 0.742595 0.680544 0.665671 0.688503 0.703686 0.7239 0.737823 0.758566 0.790027 0.832704 0.895584 0.934036 0.98624 0.903785 0.89408 0.905062 0.859086 0.855363 0.911283 0.951003 0.946644 0.905507 0.920751 0.894479 0.888752 0.85268 0.783389 0.774666 0.757041 0.723021 0.706225 0.685543 0.67595 0.668597 0.662309 0.657062 0.651634 0.645999 0.640656 0.633624 0.624806 0.614843 0.593902 0.578701 0.552801 0.523091 0.503045
-9999 -9999 -9999 -9999 -9999 -9999 -9999 -9999 0.974779 0.910971 0.810997 0.721072 0.650172 0.620438 0.597928 0.596404 0.616833 0.635396 0.66616 0.714956 0.751107 0.812212 0.89533 0.778986 0.751904 0.727594 0.720947 0.697847 0.711511 0.740407 0.79496 0.785841 0.795215 0.847618 0.867235 0.895908 0.850297 0.849668 0.84877 0.847424 0.895558 0.963082 1.01427 0.961811 0.96003 0.928479 0.958482 0.885468 0.829415 0.800807 0.807362 0.813988 0.742244 0.710483 0.693874 0.680798 0.670257 0.663902 0.656909 0.651178 0.645085 0.638401 0.631044 0.622131 0.611843 0.599821 0.575802 0.550415 0.532576 0.51217
-9999 -9999 -9999 -9999 -9999 -9999 -9999 -9999 -9999 0.959963 0.844829 0.729886 0.665574 0.62454 0.604008 0.603715 0.614491 0.627703 0.647601 0.68364 0.729639 0.801291 0.857443 0.835082 0.808049 0.812745 0.798561 0.736807 0.723014 0.769118 0.884392 0.837946 0.786951 0.793139 0.801958 0.809919 0.821565 0.827115 0.838717 0.872105 0.980614 0.992472 1.02894 1.01456 1.02704 0.965219 0.952184 0.886611 0.849951 0.827233 0.860687 0.84287 0.762063 0.728002 0.720834 0.69761 0.673368 0.665437 0.658082 0.651636 0.644426 0.636876 0.628793 0.621709 0.611176 0.598947 0.57402 0.547749 0.534014 0.517915
-9999 -9999 -9999 -9999 -9999 -9999 -9999 -9999 -9999 1.00499 0.877564 0.741962 0.698874 0.655147 0.617069 0.616302 0.633507 0.650526 0.668942 0.69076 0.745421 0.799791 0.853133 0.8765 0.87568 0.885102 0.853915 0.768536 0.759691 0.776763 0.8925 0.929616 0.858106 0.797771 0.795721 0.803351 0.879761 0.862685 0.901377 0.953294 0.963607 0.98168 1.02565 0.992408 1.02059 0.994166 0.96636 0.924181 0.896735 0.848879 0.877246 0.870538 0.790088 0.750859 0.739488 0.700769 0.681536 0.670618 0.6622 0.654178 0.646418 0.637906 0.629391 0.620046 0.609641 0.598723 0.58833 0.569949 0.597909 0.580304
-9999 -9999 -9999 -9999 -9999 -9999 -9999 -9999 -9999 0.997353 0.909827 0.789862 0.700783 0.695949 0.65248 0.630268 0.64942 0.671406 0.694609 0.706778 0.765617 0.830867 0.885489 0.949944 0.947911 0.914531 0.85431 0.801151 0.798286 0.818774 0.891297 0.87323 0.825039 0.800469 0.794488 0.802077 0.818614 0.826994 0.854801 0.864331 0.901535 0.961251 0.98022 0.956086 1.017 1.00274 0.966998 0.960391 0.903154 0.86938 0.910708 0.84846 0.788095 0.752099 0.719968 0.69997 0.686799 0.671994 0.663646 0.655081 0.646651 0.638234 0.629116 0.620179 0.610064 0.603832 0.599214 0.63609 0.616488 0.595927
-9999 -9999 -9999 -9999 -9999 -9999 -9999 -9999 -9999 0.990159 0.911599 0.807997 0.745171 0.734859 0.687025 0.644556 0.650513 0.673563 0.682198 0.707299 0.757443 0.813253 0.874622 0.907784 0.977086 0.922075 0.879524 0.834476 0.816976 0.881852 0.906601 0.874828 0.842526 0.830729 0.796367 0.797263 0.808521 0.857467 0.879573 0.865706 0.87178 0.884821 0.923565 0.918375 0.93938 0.942739 0.944861 0.948021 0.91325 0.899551 0.867314 0.810988 0.77433 0.74673 0.72124 0.707534 0.691733 0.674383 0.665115 0.656382 0.647881 0.638857 0.630096 0.622438 0.613551 0.613411 0.621343 0.646328 0.667704 0.608011
-9999 -9999 -9999 -9999 -9999 -9999 -9999 -9999 -9999 1.01297 0.929295 0.841216 0.805309 0.800436 0.713428 0.660591 0.661846 0.67368 0.687642 0.745353 0.745251 0.760036 0.815154 0.894018 0.980647 0.97887 0.932434 0.873099 0.856067 0.946213 0.973239 0.958986 0.90767 0.861269 0.811972 0.799285 0.813208 0.889962 0.970744 0.92863 0.882995 0.878047 0.884181 0.919267 0.925119 0.929102 0.951058 0.972243 0.951244 0.92625 0.848975 0.819272 0.780012 0.745995 0.744743 0.72994 0.698282 0.676493 0.667274 0.658347 0.649094 0.640257 0.631424 0.626062 0.620259 0.617144 0.658754 0.679088 0.702452 0.614489
-9999 -9999 -9999 -9999 -9999 -9999 -9999 -9999 -9999 1.04921 0.989341 0.905401 0.872697 0.818885 0.737007 0.697426 0.679235 0.681304 0.691155 0.718113 0.735649 0.768069 0.824505 0.900804 0.985584 1.04271 1.0213 0.933239 0.914654 1.00008 1.03394 0.997386 0.941857 0.8582 0.810172 0.803284 0.806552 0.820838 0.879017 0.949076 0.944585 0.902709 0.927835 0.957283 0.930519 0.926571 0.948631 0.962101 0.940937 0.906379 0.86984 0.845249 0.801994 0.743597 0.726831 0.718694 0.689239 0.67926 0.669937 0.660309 0.651312 0.642177 0.633027 0.626666 0.624564 0.648952 0.668011 0.698693 0.690447 0.59683
-9999 -9999 -9999 -9999 -9999 -9999 -9999 -9999 -9999 1.10514 1.03423 0.955922 0.882404 0.812646 0.752631 0.749475 0.718415 0.720021 0.704629 0.711426 0.736518 0.763709 0.812127 0.90819 0.989872 1.07895 1.06082 0.965705 0.981265 1.02463 1.10247 1.02582 0.940632 0.862983 0.820609 0.853141 0.817754 0.818486 0.838507 0.878774 0.942613 0.936415 0.981831 0.977834 0.944844 0.929028 0.925641 0.934002 0.929461 0.895179 0.871969 0.856265 0.815977 0.768656 0.722508 0.707039 0.690989 0.681766 0.672785 0.663284 0.654089 0.64541 0.637402 0.631129 0.650335 0.674613 0.684437 0.701989 0.692245 0.607881
