Test_Spring_2018b/02_18/Prec/20180221_014.txt
ncols	170
nrows	115
xllcorner	350000.000000
yllcorner	4445000.000000
cellsize	1000.000000
nodata_value	-9999.000000
[rows 31 to 61 of 115, columns 70 to 139 of 170]
0.829277 0.845093 0.845784 0.821317 0.813951 0.837061 0.79999 0.790639 0.760066 0.748369 0.72239 0.709091 0.688074 0.656729 0.640861 0.591156 0.441182 0.479524 0.493314 0.449103 0.471449 0.509049 0.4749 0.374976 0.331871 0.262671 0.281631 0.248892 0.193584 -9999 -9999 -9999 -9999 -9999 -9999 -9999 -9999 -9999 -9999 -9999 -9999 -9999 -9999 -9999 -9999 -9999 -9999 -9999 -9999 -9999 -9999 -9999 -9999 -9999 -9999 -9999 -9999 -9999 -9999 -9999 -9999 -9999 -9999 -9999 -9999 -9999 -9999 -9999 -9999 -9999
0.83853 0.841482 0.832459 0.808473 0.823437 0.836077 0.769545 0.745335 0.761485 0.753868 0.734257 0.69844 0.68154 0.664843 0.653049 0.611425 0.50319 0.405844 0.453691 0.452761 0.416159 0.477373 0.443229 0.356114 0.233645 0.299162 0.281349 0.179236 0.159582 -9999 -9999 -9999 -9999 -9999 -9999 -9999 -9999 -9999 -9999 -9999 -9999 -9999 -9999 -9999 -9999 -9999 -9999 -9999 -9999 -9999 -9999 -9999 -9999 -9999 -9999 -9999 -9999 -9999 -9999 -9999 -9999 -9999 -9999 -9999 -9999 -9999 -9999 -9999 -9999 -9999
0.814229 0.83271 0.81634 0.801035 0.827562 0.817436 0.799429 0.75817 0.76111 0.758235 0.746428 0.727236 0.710262 0.693146 0.65868 0.611768 0.51859 0.408136 0.381035 0.431125 0.431619 0.438319 0.406691 0.367523 0.307122 0.354482 0.372243 0.311432 0.225795 0.169152 -9999 -9999 -9999 -9999 -9999 -9999 -9999 -9999 -9999 -9999 -9999 -9999 -9999 -9999 -9999 -9999 -9999 -9999 -9999 -9999 -9999 -9999 -9999 -9999 -9999 -9999 -9999 -9999 -9999 -9999 -9999 -9999 -9999 -9999 -9999 -9999 -9999 -9999 -9999 -9999
0.779829 0.816966 0.796197 0.75286 0.765106 0.771719 0.776242 0.726529 0.72344 0.758603 0.749493 0.741133 0.717141 0.697319 0.668525 0.623264 0.561126 0.487534 0.362259 0.435144 0.491953 0.488409 0.48333 0.455116 0.39664 0.442684 0.443422 0.367532 0.263075 0.214242 0.193857 -9999 -9999 -9999 -9999 -9999 -9999 -9999 -9999 -9999 -9999 -9999 -9999 -9999 -9999 -9999 -9999 -9999 -9999 -9999 -9999 -9999 -9999 -9999 -9999 -9999 -9999 -9999 -9999 -9999 -9999 -9999 -9999 -9999 -9999 -9999 -9999 -9999 -9999 -9999
-9999 0.793089 0.772555 0.72135 0.733503 0.752587 0.772808 0.76992 0.739164 0.744536 0.750597 0.742693 0.718318 0.658278 0.645716 0.639115 0.597176 0.51371 0.430706 0.407287 0.494965 0.518502 0.511129 0.52924 0.479114 0.499971 0.488744 0.462165 0.370584 0.284586 0.253961 0.194136 -9999 -9999 -9999 -9999 -9999 -9999 -9999 -9999 -9999 -9999 -9999 -9999 -9999 -9999 -9999 -9999 -9999 -9999 -9999 -9999 -9999 -9999 -9999 -9999 -9999 -9999 -9999 -9999 -9999 -9999 -9999 -9999 -9999 -9999 -9999 -9999 -9999 -9999
-9999 -9999 -9999 -9999 0.689148 0.707724 0.721465 0.74584 0.733042 0.742699 0.752361 0.744552 0.701616 0.678199 0.671889 0.642671 0.59486 0.563857 0.510466 0.455225 0.472719 0.547164 0.510656 0.562843 0.555993 0.563755 0.525095 0.446952 0.350478 0.282573 0.254717 0.205742 -9999 -9999 -9999 -9999 -9999 -9999 -9999 -9999 -9999 -9999 -9999 -9999 -9999 -9999 -9999 -9999 -9999 -9999 -9999 -9999 -9999 -9999 -9999 -9999 -9999 -9999 -9999 -9999 -9999 -9999 -9999 -9999 -9999 -9999 -9999 -9999 -9999 -9999
-9999 -9999 -9999 -9999 -9999 0.703429 0.709509 0.751665 0.727171 0.730452 0.75007 0.743473 0.723437 0.70749 0.687378 0.663114 0.626301 0.586466 0.536109 0.52898 0.575558 0.573673 0.560949 0.566568 0.589341 0.580144 0.52203 0.414845 0.361202 0.239837 0.193637 0.196794 0.16373 -9999 -9999 -9999 -9999 -9999 -9999 -9999 -9999 -9999 -9999 -9999 -9999 0.280738 -9999 -9999 -9999 -9999 -9999 -9999 -9999 -9999 -9999 -9999 -9999 -9999 -9999 -9999 -9999 -9999 -9999 -9999 -9999 -9999 0 -9999 -9999 -9999
-9999 -9999 -9999 -9999 0.722845 0.727262 0.741437 0.763126 0.750785 0.72617 0.749436 0.742947 0.726805 0.710108 0.68006 0.669658 0.647195 0.604332 0.593344 0.606767 0.611636 0.617537 0.620193 0.613418 0.600508 0.58449 0.538782 0.491032 0.458077 0.357737 0.295519 0.247554 0.175974 0.119723 -9999 -9999 -9999 -9999 -9999 -9999 -9999 0.240447 0.238314 0.240205 0.256334 0.299568 0.275734 -9999 -9999 -9999 -9999 -9999 -9999 -9999 -9999 -9999 -9999 -9999 -9999 -9999 -9999 -9999 -9999 -9999 -9999 -9999 0.13296 0 -9999 -9999
-9999 -9999 -9999 -9999 0.71814 0.740848 0.745871 0.765807 0.772177 0.736257 0.738823 0.741768 0.733617 0.71559 0.691869 0.687917 0.658331 0.641234 0.62849 0.647747 0.649637 0.63849 0.625036 0.612708 0.582507 0.576319 0.558193 0.526522 0.47641 0.424829 0.338715 0.241673 0.146579 0 -9999 -9999 -9999 -9999 -9999 -9999 0.245551 0.281129 0.3029 0.259097 0.298498 0.334771 0.330632 0.302391 -9999 -9999 -9999 -9999 -9999 -9999 -9999 -9999 -9999 -9999 -9999 -9999 -9999 -9999 0.4013 0.343833 0.228749 0.169191 0.13305 0 -9999 -9999
-9999 -9999 -9999 -9999 0.714565 0.742819 0.757461 0.768928 0.759847 0.739899 0.740293 0.738062 0.730696 0.722502 0.71421 0.687439 0.674325 0.637093 0.667592 0.664091 0.653551 0.618271 0.601529 0.542193 0.514322 0.49979 0.544172 0.505509 0.428402 0.332831 0.207603 0.19646 0.157453 0 -9999 -9999 -9999 -9999 -9999 -9999 0.253779 0.291998 0.32435 0.330198 0.287231 0.351066 0.354364 0.321713 0.315951 0.346549 0.363051 0.353441 0.387227 0.398921 0.385095 0.403198 -9999 -9999 -9999 -9999 0.414457 0.415949 0.416627 0.391906 0.266118 0.179782 0.10219 0 -9999 -9999
-9999 -9999 -9999 -9999 0.746229 0.757825 0.756436 0.744195 0.752342 0.729808 0.732343 0.732937 0.724183 0.71771 0.712196 0.700644 0.679518 0.680313 0.676754 0.664278 0.599549 0.52419 0.55391 0.507776 0.405586 0.478705 0.516708 0.472964 0.379833 0.272372 0.223748 0.220965 0.167288 0 -9999 -9999 -9999 0.148262 0.201458 0.206 0.222195 0.273087 0.312375 0.343365 0.364838 0.367933 0.351636 0.320239 0.285913 0.30168 0.370673 0.389299 0.402551 0.41501 0.402638 0.412217 0.431097 0.441002 0.443171 0.438873 0.437398 0.437978 0.434705 0.411433 0.298117 0.232893 0.190828 0.107873 -9999 -9999
-9999 -9999 -9999 -9999 0.747973 0.756282 0.759493 0.753096 0.741688 0.746557 0.719239 0.726377 0.721177 0.695988 0.707339 0.701638 0.69586 0.687359 0.676312 0.621713 0.547029 0.471977 0.436063 0.443103 0.383835 0.409823 0.448215 0.42803 0.367073 0.270577 0.253145 0.218552 0.129159 0 -9999 -9999 0 0.14439 0.216442 0.253847 0.265911 0.267979 0.317432 0.322999 0.376847 0.368385 0.304548 0.31516 0.293132 0.313469 0.341969 0.351357 0.388499 0.422678 0.431125 0.433001 0.445636 0.448826 0.4498 0.449387 0.441131 0.443649 0.442876 0.42768 0.345384 0.304434 0.25905 0.111987 -9999 -9999
-9999 -9999 -9999 -9999 0.755889 0.766223 0.778003 0.766632 0.770745 0.737997 0.694763 0.71352 0.715739 0.696091 0.681591 0.696242 0.692457 0.688238 0.682913 0.6319 0.572999 0.484202 0.428065 0.388203 0.361351 0.324836 0.342448 0.331478 0.318008 0.323447 0.292154 0.228551 0.174941 0 0 -9999 0 0 0.176414 0.249844 0.297053 0.281411 0.337696 0.349921 0.384821 0.369246 0.33267 0.31972 0.321481 0.31934 0.359375 0.389043 0.40904 0.423436 0.438602 0.444277 0.449499 0.452032 0.453298 0.454014 0.453157 0.451742 0.448631 0.441782 0.402878 0.361463 0.274903 0.118884 -9999 -9999
-9999 -9999 -9999 0.707782 0.755478 0.781818 0.78174 0.776533 0.769717 0.760309 0.731015 0.713938 0.711038 0.702548 0.661693 0.661308 0.665548 0.684634 0.682197 0.676915 0.644521 0.537095 0.49539 0.437225 0.364208 0.331862 0.34209 0.394394 0.386888 0.343984 0.296644 0.225799 0.183467 0.122462 0 0 0 0 0.157341 0.247147 0.310778 0.340173 0.352652 0.377739 0.392184 0.371783 0.352878 0.346501 0.331478 0.332565 0.336353 0.362087 0.382397 0.425802 0.441344 0.447992 0.452687 0.455393 0.45703 0.458024 0.457673 0.455676 0.454077 0.45189 0.446973 0.392693 0.265242 0.166025 -9999 -9999
-9999 -9999 -9999 -9999 0.744918 0.747525 0.735448 0.726125 0.725185 0.727019 0.718149 0.709451 0.714208 0.698161 0.662289 0.623049 0.652416 0.663731 0.67604 0.676012 0.671427 0.577781 0.528776 0.489056 0.418827 0.439371 0.4577 0.454498 0.435435 0.34901 0.262767 0.157204 0 0 0 0 0 0.141941 0.20046 0.224494 0.242494 0.335246 0.361375 0.373584 0.400376 0.37224 0.369737 0.349938 0.361226 0.363243 0.367388 0.304861 0.374791 0.382173 0.428551 0.4516 0.456722 0.459069 0.460816 0.460811 0.460226 0.458657 0.457322 0.454547 0.455034 0.419769 0.252789 0.168763 -9999 -9999
-9999 -9999 -9999 -9999 -9999 -9999 0.71926 0.714792 0.704914 0.701644 0.712248 0.712065 0.709421 0.701082 0.680261 0.637539 0.626308 0.631939 0.59679 0.625355 0.663311 0.660774 0.653734 0.572312 0.528995 0.563765 0.547275 0.483116 0.431137 0.379476 0.279173 0.197491 0 0 0 0 0.1528 0.236485 0.273314 0.251919 0.275899 0.323623 0.377719 0.405812 0.403593 0.373996 0.375112 0.342624 0.383403 0.39092 0.378322 0.367838 0.377285 0.402402 0.413761 0.45029 0.460436 0.463075 0.463793 0.463682 0.462632 0.460983 0.460176 0.458418 0.456562 0.453761 0.282179 0.148785 -9999 -9999
-9999 -9999 -9999 -9999 -9999 -9999 0.687686 0.677375 0.680316 0.718141 0.711464 0.710206 0.698341 0.694575 0.677676 0.641457 0.606102 0.57495 0.535215 0.557121 0.615551 0.649069 0.650897 0.579177 0.611776 0.594189 0.562984 0.480524 0.417948 0.38179 0.285063 0.194926 0.124062 0 0 0.103276 0.15599 0.247189 0.309143 0.335072 0.314496 0.345405 0.407365 0.411001 0.382381 0.388673 0.374904 0.329064 0.386295 0.405687 0.398236 0.405613 0.40498 0.416759 0.434589 0.451177 0.462405 0.464873 0.465461 0.464873 0.46391 0.46308 0.46112 0.459799 0.457991 0.45592 0.344852 0.147462 -9999 -9999
-9999 -9999 -9999 -9999 -9999 -9999 -9999 0.640453 0.671694 0.727987 0.710135 0.694874 0.698834 0.690653 0.668362 0.650374 0.608505 0.554133 0.450987 0.476673 0.530425 0.607726 0.646966 0.638479 0.612238 0.568053 0.466501 0.376506 0.360467 0.340542 0.26822 0.195909 0.117614 0.155839 0.198611 0.246383 0.270654 0.261958 0.314902 0.358847 0.341282 0.378775 0.422965 0.407481 0.4002 0.395096 0.378307 0.381658 0.38878 0.423308 0.4072 0.424246 0.428444 0.431566 0.441952 0.452784 0.463321 0.465932 0.466384 0.466223 0.464426 0.463689 0.461951 0.46018 0.45851 0.456672 0.445806 0.339221 0.275411 -9999
-9999 -9999 -9999 -9999 -9999 -9999 -9999 0.595672 0.601687 0.672085 0.662907 0.688971 0.698291 0.689657 0.656902 0.637462 0.576199 0.556339 0.461512 0.416585 0.452184 0.436761 0.542992 0.635988 0.611904 0.414116 0.339209 0.283899 0.291041 0.285161 0.260599 0.146334 0.113643 0.200348 0.25382 0.294988 0.326159 0.331608 0.32959 0.398332 0.408308 0.432453 0.430236 0.435568 0.404731 0.387481 0.412178 0.395269 0.39627 0.431737 0.405868 0.437645 0.438226 0.43377 0.436603 0.457342 0.462947 0.466065 0.466833 0.465741 0.464071 0.462543 0.461995 0.460571 0.458494 0.45761 0.455866 0.442714 0.387491 0.368067
-9999 -9999 -9999 -9999 -9999 -9999 -9999 -9999 0.521207 0.62703 0.646763 0.663332 0.693859 0.689372 0.666615 0.637556 0.575458 0.522027 0.436999 0.340519 0.284025 0.436181 0.567756 0.634654 0.622311 0.457029 0.388735 0.380616 0.412523 0.375091 0.345149 0.255251 0.227665 0.191425 0.20751 0.266429 0.314939 0.361913 0.39653 0.399566 0.423672 0.438173 0.441748 0.448998 0.448541 0.44922 0.421652 0.44923 0.434173 0.449037 0.446696 0.444816 0.44328 0.427824 0.444474 0.458979 0.463932 0.466921 0.466331 0.465829 0.464649 0.462651 0.461179 0.460124 0.459119 0.457752 0.457151 0.456131 0.449695 0.416515
-9999 -9999 -9999 -9999 -9999 -9999 -9999 -9999 0.462998 0.568952 0.591088 0.655046 0.681101 0.686653 0.67788 0.653267 0.605129 0.53563 0.47851 0.370318 0.258125 0.409848 0.551458 0.626057 0.626551 0.487607 0.520608 0.485284 0.492208 0.431098 0.402348 0.371392 0.32725 0.279714 0.228818 0.201403 0.312398 0.368985 0.415076 0.43729 0.450778 0.458825 0.457061 0.451207 0.404165 0.446331 0.449883 0.450281 0.450148 0.452238 0.452361 0.451593 0.452225 0.454692 0.444969 0.461629 0.465074 0.465958 0.4662 0.465578 0.464315 0.462969 0.461424 0.461969 0.459526 0.458471 0.457715 0.457245 0.456656 0.454725
-9999 -9999 -9999 -9999 -9999 -9999 -9999 -9999 0.293559 0.456826 0.561214 0.624508 0.672899 0.681317 0.680923 0.649306 0.626001 0.575276 0.528107 0.456491 0.349636 0.283514 0.389976 0.56245 0.62404 0.615625 0.607207 0.567378 0.530726 0.521505 0.518571 0.468969 0.412127 0.338225 0.31427 0.286747 0.368971 0.378857 0.371898 0.464899 0.46596 0.462272 0.428964 0.390779 0.401581 0.379753 0.403945 0.378441 0.409377 0.436617 0.449127 0.452022 0.451994 0.454381 0.45587 0.4639 0.465085 0.465388 0.465324 0.465033 0.464298 0.462685 0.461504 0.461383 0.462061 0.461496 0.458588 0.458353 0.458083 0.456703
-9999 -9999 -9999 -9999 -9999 -9999 -9999 -9999 0.305976 0.41441 0.529973 0.591582 0.65586 0.664698 0.682977 0.672382 0.647754 0.60289 0.548367 0.488718 0.396393 0.327388 0.406681 0.504509 0.58431 0.610922 0.607179 0.600683 0.588024 0.581712 0.567268 0.547256 0.504945 0.436859 0.396283 0.33886 0.430968 0.440083 0.424597 0.471606 0.469947 0.400202 0.34749 0.343151 0.37807 0.349615 0.34928 0.331883 0.357754 0.421105 0.406048 0.412989 0.442973 0.450527 0.460553 0.463015 0.464024 0.464633 0.46451 0.4646 0.464466 0.463082 0.462246 0.461714 0.460502 0.462597 0.462126 0.461731 0.458551 0.457881
-9999 -9999 -9999 -9999 -9999 -9999 -9999 -9999 0.323554 0.373539 0.476883 0.574699 0.644339 0.668072 0.684543 0.678883 0.65048 0.626379 0.590974 0.537717 0.500827 0.437851 0.351715 0.490317 0.511118 0.546614 0.561272 0.596952 0.591168 0.567804 0.533117 0.549238 0.541714 0.486127 0.466046 0.434543 0.485041 0.483832 0.481667 0.478784 0.419261 0.336896 0.271822 0.321987 0.314462 0.337961 0.274549 0.332534 0.381304 0.399499 0.370249 0.35057 0.423558 0.443791 0.45279 0.458856 0.462967 0.46305 0.464219 0.463984 0.463773 0.463445 0.462726 0.462296 0.461716 0.461237 0.463693 0.463441 0.462998 0.465761
-9999 -9999 -9999 -9999 -9999 -9999 -9999 -9999 -9999 0.326322 0.454223 0.574231 0.637298 0.674578 0.689673 0.683329 0.666205 0.648245 0.624822 0.585332 0.536579 0.46074 0.403661 0.435657 0.452599 0.454308 0.478463 0.555947 0.57942 0.535284 0.422046 0.478491 0.539806 0.535912 0.527905 0.519643 0.511745 0.503441 0.487245 0.445544 0.318588 0.29276 0.244155 0.251618 0.22814 0.284993 0.268864 0.329437 0.357496 0.370034 0.319897 0.333363 0.405705 0.432726 0.430504 0.44717 0.460642 0.461975 0.46296 0.462932 0.463441 0.463677 0.46355 0.465577 0.465538 0.46573 0.468593 0.468965 0.464796 0.462161
-9999 -9999 -9999 -9999 -9999 -9999 -9999 -9999 -9999 0.295761 0.430785 0.574524 0.614475 0.655479 0.69089 0.68558 0.661538 0.639333 0.617295 0.593169 0.533838 0.476253 0.420997 0.400247 0.407234 0.379171 0.420944 0.523449 0.539924 0.526933 0.411415 0.373787 0.457061 0.526853 0.530295 0.521833 0.435181 0.452239 0.40568 0.343218 0.326365 0.299832 0.243359 0.272615 0.232261 0.252487 0.250453 0.285801 0.304492 0.346101 0.302457 0.304506 0.376231 0.409342 0.411942 0.44591 0.458667 0.462608 0.464061 0.465145 0.465736 0.466677 0.466841 0.466898 0.466892 0.466058 0.463151 0.456457 0.39496 0.395606
-9999 -9999 -9999 -9999 -9999 -9999 -9999 -9999 -9999 0.318184 0.40876 0.535422 0.627491 0.62547 0.667446 0.686565 0.660523 0.63268 0.604931 0.590996 0.52609 0.45519 0.397201 0.328958 0.335798 0.378101 0.425353 0.490369 0.498796 0.480684 0.412687 0.435842 0.49201 0.520878 0.528041 0.519089 0.499179 0.487474 0.453051 0.438195 0.391419 0.318554 0.290574 0.310182 0.233784 0.241069 0.271946 0.244093 0.297049 0.32368 0.266233 0.323899 0.380483 0.410281 0.436308 0.449284 0.455096 0.463123 0.464139 0.465435 0.466392 0.46691 0.467557 0.467132 0.466983 0.461313 0.452601 0.396138 0.376615 0.38202
-9999 -9999 -9999 -9999 -9999 -9999 -9999 -9999 -9999 0.340885 0.421565 0.530199 0.593247 0.597801 0.645053 0.687141 0.675967 0.646779 0.63496 0.605875 0.549832 0.488433 0.421642 0.387136 0.312593 0.37772 0.402231 0.456903 0.480519 0.421402 0.396157 0.433702 0.471193 0.484996 0.523356 0.521418 0.507069 0.449666 0.42155 0.432972 0.421267 0.40101 0.35124 0.350077 0.318956 0.307093 0.296167 0.257332 0.285854 0.290693 0.308678 0.367579 0.398023 0.418726 0.437499 0.443482 0.452181 0.462897 0.464705 0.465909 0.466671 0.467646 0.467765 0.465918 0.464575 0.452455 0.430266 0.387945 0.322364 0.372909
-9999 -9999 -9999 -9999 -9999 -9999 -9999 -9999 -9999 0.330469 0.416905 0.508305 0.541434 0.540178 0.631592 0.68544 0.679512 0.662676 0.644444 0.578138 0.577569 0.561136 0.500196 0.413209 0.31795 0.322098 0.371493 0.417894 0.439896 0.351515 0.322764 0.339807 0.397857 0.449803 0.504361 0.517215 0.499556 0.410767 0.316772 0.359873 0.406253 0.406372 0.393451 0.347498 0.333792 0.321713 0.289079 0.234765 0.243799 0.261913 0.337326 0.360102 0.393875 0.422092 0.413913 0.421246 0.447747 0.463376 0.465001 0.466258 0.467693 0.468321 0.468454 0.46407 0.459442 0.450988 0.391547 0.355128 0.300779 0.370535
-9999 -9999 -9999 -9999 -9999 -9999 -9999 -9999 -9999 0.305266 0.364878 0.451661 0.481314 0.535073 0.620852 0.659867 0.675633 0.669469 0.655382 0.622906 0.601744 0.564583 0.501101 0.415857 0.321507 0.258451 0.283632 0.355121 0.377755 0.293901 0.256669 0.297974 0.3601 0.453256 0.505925 0.511902 0.505904 0.486954 0.418194 0.335515 0.335828 0.377482 0.343471 0.304101 0.327277 0.324452 0.292108 0.269104 0.256336 0.276961 0.315478 0.332953 0.371584 0.427452 0.436914 0.436948 0.46108 0.463501 0.465217 0.467199 0.46827 0.469172 0.469645 0.466435 0.457811 0.418795 0.385043 0.337575 0.333134 0.395605
-9999 -9999 -9999 -9999 -9999 -9999 -9999 -9999 -9999 0.257951 0.329677 0.410026 0.48542 0.557081 0.618359 0.616479 0.646504 0.640549 0.654297 0.643803 0.613408 0.58123 0.525772 0.417353 0.325437 0.225528 0.246026 0.346749 0.317945 0.269597 0.182357 0.268006 0.362841 0.448803 0.494748 0.456219 0.493316 0.489388 0.463298 0.413972 0.33769 0.33941 0.282768 0.281055 0.311417 0.322143 0.318612 0.301653 0.275637 0.290886 0.314868 0.322752 0.358401 0.402166 0.444841 0.453318 0.46259 0.464282 0.465685 0.467554 0.468856 0.46925 0.468463 0.465215 0.432824 0.394136 0.371039 0.338703 0.336472 0.402898
