Test_Spring_2018b/02_18/Prec/20180202_022.txt
ncols	170
nrows	115
xllcorner	350000.000000
yllcorner	4445000.000000
cellsize	1000.000000
nodata_value	-9999.000000
[rows 31 to 61 of 115, columns 70 to 139 of 170]
0.586554 0.591797 0.593997 0.591012 0.592242 0.600189 0.613187 0.614202 0.610861 0.611001 0.607905 0.607418 0.6049 0.599648 0.597257 0.586707 0.553217 0.5606 0.561727 0.549213 0.550674 0.554834 0.542536 0.515214 0.500118 0.479015 0.468585 0.462798 0.443841 -9999 -9999 -9999 -9999 -9999 -9999 -9999 -9999 -9999 -9999 -9999 -9999 -9999 -9999 -9999 -9999 -9999 -9999 -9999 -9999 -9999 -9999 -9999 -9999 -9999 -9999 -9999 -9999 -9999 -9999 -9999 -9999 -9999 -9999 -9999 -9999 -9999 -9999 -9999 -9999 -9999
0.580283 0.583014 0.583349 0.58068 0.586963 0.593061 0.59983 0.592729 0.60374 0.604382 0.602238 0.596278 0.594181 0.591716 0.58984 0.580795 0.556387 0.533732 0.542542 0.539901 0.528743 0.538665 0.526985 0.503164 0.47119 0.480582 0.471387 0.442519 0.423001 -9999 -9999 -9999 -9999 -9999 -9999 -9999 -9999 -9999 -9999 -9999 -9999 -9999 -9999 -9999 -9999 -9999 -9999 -9999 -9999 -9999 -9999 -9999 -9999 -9999 -9999 -9999 -9999 -9999 -9999 -9999 -9999 -9999 -9999 -9999 -9999 -9999 -9999 -9999 -9999 -9999
0.566366 0.572853 0.571852 0.571337 0.580334 0.581455 0.581021 0.588799 0.596268 0.597672 0.596909 0.594248 0.591748 0.588826 0.581623 0.571183 0.549989 0.524439 0.516797 0.525708 0.523132 0.521452 0.510857 0.498215 0.480557 0.486499 0.485716 0.45899 0.433062 0.412851 -9999 -9999 -9999 -9999 -9999 -9999 -9999 -9999 -9999 -9999 -9999 -9999 -9999 -9999 -9999 -9999 -9999 -9999 -9999 -9999 -9999 -9999 -9999 -9999 -9999 -9999 -9999 -9999 -9999 -9999 -9999 -9999 -9999 -9999 -9999 -9999 -9999 -9999 -9999 -9999
0.5501 0.561026 0.55935 0.552893 0.558934 0.563887 0.566254 0.579328 0.580699 0.590345 0.58994 0.589398 0.585051 0.58125 0.575062 0.564813 0.550402 0.533025 0.503779 0.517961 0.528166 0.524611 0.520336 0.51059 0.493835 0.499949 0.495829 0.458477 0.434845 0.418359 0.408302 -9999 -9999 -9999 -9999 -9999 -9999 -9999 -9999 -9999 -9999 -9999 -9999 -9999 -9999 -9999 -9999 -9999 -9999 -9999 -9999 -9999 -9999 -9999 -9999 -9999 -9999 -9999 -9999 -9999 -9999 -9999 -9999 -9999 -9999 -9999 -9999 -9999 -9999 -9999
-9999 0.547379 0.546068 0.538167 0.544445 0.552357 0.558165 0.564104 0.577215 0.580194 0.583009 0.582383 0.577743 0.564833 0.562056 0.560231 0.550229 0.530686 0.510902 0.503963 0.521266 0.52403 0.519612 0.520501 0.505976 0.506878 0.500439 0.481598 0.447451 0.42951 0.41735 0.398861 -9999 -9999 -9999 -9999 -9999 -9999 -9999 -9999 -9999 -9999 -9999 -9999 -9999 -9999 -9999 -9999 -9999 -9999 -9999 -9999 -9999 -9999 -9999 -9999 -9999 -9999 -9999 -9999 -9999 -9999 -9999 -9999 -9999 -9999 -9999 -9999 -9999 -9999
-9999 -9999 -9999 -9999 0.527324 0.533741 0.542638 0.552336 0.569266 0.573219 0.576785 0.57608 0.567199 0.56225 0.560725 0.553797 0.542449 0.534537 0.521396 0.507572 0.50956 0.523853 0.513278 0.52201 0.517355 0.515628 0.503351 0.471343 0.438747 0.42477 0.413322 0.397302 -9999 -9999 -9999 -9999 -9999 -9999 -9999 -9999 -9999 -9999 -9999 -9999 -9999 -9999 -9999 -9999 -9999 -9999 -9999 -9999 -9999 -9999 -9999 -9999 -9999 -9999 -9999 -9999 -9999 -9999 -9999 -9999 -9999 -9999 -9999 -9999 -9999 -9999
-9999 -9999 -9999 -9999 -9999 0.526444 0.533545 0.546667 0.561839 0.564497 0.570305 0.569845 0.565964 0.562578 0.557906 0.552003 0.543055 0.533203 0.520803 0.517749 0.526343 0.523947 0.518858 0.517508 0.519621 0.514324 0.489889 0.459696 0.44335 0.4112 0.395727 0.391263 0.378929 -9999 -9999 -9999 -9999 -9999 -9999 -9999 -9999 -9999 -9999 -9999 -9999 0.349701 -9999 -9999 -9999 -9999 -9999 -9999 -9999 -9999 -9999 -9999 -9999 -9999 -9999 -9999 -9999 -9999 -9999 -9999 -9999 -9999 0.157231 -9999 -9999 -9999
-9999 -9999 -9999 -9999 0.521084 0.527119 0.534704 0.543657 0.545688 0.558166 0.564898 0.564507 0.561478 0.557881 0.550953 0.548065 0.542263 0.531746 0.528105 0.529687 0.529173 0.528648 0.52712 0.523181 0.517532 0.510829 0.487263 0.472429 0.460647 0.428069 0.414363 0.398556 0.377674 0.360395 -9999 -9999 -9999 -9999 -9999 -9999 -9999 0.355791 0.35146 0.347758 0.34689 0.351669 0.341246 -9999 -9999 -9999 -9999 -9999 -9999 -9999 -9999 -9999 -9999 -9999 -9999 -9999 -9999 -9999 -9999 -9999 -9999 -9999 0.165842 0.146444 -9999 -9999
-9999 -9999 -9999 -9999 0.514148 0.524308 0.530357 0.539368 0.544917 0.555695 0.558034 0.559837 0.558618 0.554723 0.549164 0.547666 0.540259 0.535438 0.53143 0.534354 0.533257 0.52905 0.524054 0.518973 0.509562 0.505066 0.487922 0.476587 0.460923 0.444766 0.420213 0.39347 0.36733 0.345447 -9999 -9999 -9999 -9999 -9999 -9999 0.357859 0.362298 0.363466 0.349814 0.354197 0.357465 0.351355 0.316648 -9999 -9999 -9999 -9999 -9999 -9999 -9999 -9999 -9999 -9999 -9999 -9999 -9999 -9999 0.248645 0.230807 0.199698 0.180316 0.165544 0.146932 -9999 -9999
-9999 -9999 -9999 -9999 0.507498 0.519453 0.528187 0.535846 0.538444 0.552104 0.554616 0.555435 0.554477 0.552789 0.550638 0.544063 0.540271 0.530972 0.536529 0.534431 0.530613 0.521105 0.515419 0.49996 0.491064 0.475978 0.481685 0.468675 0.446888 0.420834 0.39276 0.379871 0.366061 0.345829 -9999 -9999 -9999 -9999 -9999 -9999 0.357206 0.362487 0.366215 0.363709 0.349947 0.359315 0.333682 0.320069 0.312174 0.312209 0.30913 0.295044 0.289221 0.286287 0.278145 0.277501 -9999 -9999 -9999 -9999 0.260422 0.256651 0.252291 0.241779 0.208278 0.182836 0.158644 0.140223 -9999 -9999
-9999 -9999 -9999 -9999 0.509142 0.518014 0.52381 0.526808 0.533758 0.546496 0.549874 0.567751 0.565513 0.563211 0.560768 0.556847 0.550843 0.549847 0.548095 0.54455 0.529529 0.512101 0.517707 0.489557 0.46235 0.468824 0.472952 0.45863 0.433097 0.404206 0.392522 0.381919 0.364764 0.356699 -9999 -9999 -9999 0.350197 0.35899 0.35744 0.358725 0.367744 0.374035 0.365087 0.365654 0.351683 0.332794 0.319102 0.304502 0.300863 0.309023 0.306198 0.291176 0.28834 0.280546 0.289993 0.28949 0.2875 0.284226 0.279828 0.276197 0.272965 0.268617 0.259381 0.215972 0.195051 0.178439 0.139367 -9999 -9999
-9999 -9999 -9999 -9999 0.520611 0.529375 0.536475 0.545877 0.548546 0.553708 0.561925 0.56367 0.562058 0.555389 0.556437 0.553595 0.550833 0.547714 0.544337 0.531597 0.514573 0.497458 0.488789 0.488249 0.473338 0.47002 0.474542 0.446235 0.441448 0.414773 0.40525 0.395382 0.365428 0.340715 -9999 -9999 0.325981 0.345165 0.358374 0.364448 0.365246 0.363919 0.372908 0.371764 0.380672 0.366991 0.338402 0.334208 0.305217 0.30216 0.314592 0.30921 0.306087 0.301275 0.297242 0.29234 0.290446 0.287078 0.283763 0.280543 0.275796 0.273404 0.270002 0.262882 0.24017 0.225698 0.203227 0.157849 -9999 -9999
-9999 -9999 -9999 -9999 0.536146 0.546871 0.556864 0.560453 0.566053 0.550447 0.554427 0.558956 0.558593 0.552901 0.547961 0.549383 0.54689 0.54464 0.542557 0.530738 0.517413 0.497507 0.484621 0.473989 0.466398 0.460714 0.461361 0.4546 0.446234 0.441108 0.411066 0.394021 0.37527 0.3444 0.326883 -9999 0.322444 0.329168 0.345658 0.360066 0.369088 0.364329 0.375306 0.376056 0.374358 0.366834 0.344676 0.346332 0.339888 0.331757 0.332293 0.315525 0.308314 0.3043 0.296698 0.292485 0.288918 0.285501 0.282472 0.279836 0.277137 0.274323 0.270841 0.265945 0.253107 0.233772 0.207695 0.16025 -9999 -9999
-9999 -9999 -9999 0.512344 0.532724 0.547811 0.555844 0.561283 0.564765 0.566032 0.570939 0.55742 0.555922 0.55229 0.541234 0.539076 0.538178 0.541003 0.539584 0.538014 0.530764 0.506991 0.49681 0.491912 0.475592 0.461163 0.460204 0.46732 0.459988 0.443727 0.425587 0.404922 0.37358 0.353102 0.319789 0.316242 0.322563 0.327215 0.337793 0.356177 0.369277 0.374975 0.376744 0.375516 0.37571 0.37647 0.359749 0.352303 0.341867 0.334023 0.325975 0.322216 0.313935 0.302258 0.298695 0.290974 0.28723 0.283922 0.281181 0.27893 0.276758 0.274278 0.271592 0.268136 0.259428 0.241767 0.203587 0.168819 -9999 -9999
-9999 -9999 -9999 -9999 0.527938 0.5385 0.544456 0.549393 0.554406 0.558217 0.566872 0.563307 0.561538 0.549796 0.539489 0.528485 0.53297 0.533995 0.535867 0.535586 0.534696 0.518969 0.509644 0.501911 0.486555 0.48432 0.485199 0.479923 0.469769 0.443461 0.416164 0.386884 0.356728 0.345189 0.317462 0.31557 0.318055 0.333209 0.344088 0.348234 0.351647 0.371828 0.373408 0.38038 0.385036 0.376436 0.363853 0.353361 0.348513 0.340487 0.331992 0.308059 0.31019 0.301769 0.302533 0.291931 0.285879 0.282527 0.279976 0.277791 0.275953 0.274012 0.27184 0.266156 0.259852 0.246126 0.20186 0.170372 -9999 -9999
-9999 -9999 -9999 -9999 -9999 -9999 0.540497 0.546798 0.549966 0.552633 0.564955 0.56292 0.559089 0.5533 0.544631 0.530055 0.525401 0.525101 0.5165 0.524639 0.534268 0.535641 0.536024 0.519463 0.505694 0.511719 0.504959 0.486118 0.468462 0.449491 0.418603 0.393827 0.360164 0.332327 0.321345 0.330742 0.335962 0.35135 0.357575 0.351926 0.357008 0.36832 0.380719 0.386933 0.385591 0.376992 0.365652 0.352334 0.353846 0.346725 0.334077 0.321102 0.309333 0.304194 0.296597 0.29561 0.290223 0.281511 0.278839 0.276854 0.275233 0.273662 0.269502 0.265873 0.261043 0.254614 0.209318 0.166867 -9999 -9999
-9999 -9999 -9999 -9999 -9999 -9999 0.533964 0.539109 0.545133 0.556801 0.564831 0.562227 0.55598 0.550824 0.542683 0.530767 0.519736 0.511251 0.502176 0.507807 0.52247 0.532159 0.53487 0.520811 0.524254 0.518881 0.508951 0.486032 0.465884 0.450081 0.419617 0.392407 0.365562 0.333488 0.33128 0.331565 0.336665 0.351841 0.36371 0.369213 0.364512 0.372134 0.386693 0.387921 0.381128 0.380788 0.366499 0.350273 0.355347 0.35065 0.338817 0.329367 0.314955 0.306334 0.299649 0.293787 0.288282 0.282702 0.277871 0.275912 0.274531 0.272356 0.269851 0.266586 0.26199 0.255873 0.224028 0.167425 -9999 -9999
-9999 -9999 -9999 -9999 -9999 -9999 -9999 0.53226 0.544444 0.560029 0.565333 0.559349 0.556311 0.549897 0.540321 0.532258 0.519951 0.506245 0.483014 0.489625 0.503466 0.523106 0.534379 0.534589 0.525243 0.514156 0.48876 0.464198 0.454289 0.441937 0.416657 0.393104 0.36428 0.361502 0.360649 0.362437 0.361046 0.354669 0.364271 0.3734 0.36995 0.379293 0.390233 0.387565 0.385819 0.383241 0.3685 0.363272 0.357279 0.355856 0.34194 0.334378 0.32077 0.309865 0.301152 0.293659 0.287702 0.281943 0.277814 0.275578 0.273855 0.272304 0.270048 0.266897 0.262538 0.256648 0.2471 0.210648 0.185692 -9999
-9999 -9999 -9999 -9999 -9999 -9999 -9999 0.524476 0.530857 0.549334 0.556546 0.559501 0.557461 0.550787 0.538769 0.531399 0.51414 0.507961 0.487102 0.477292 0.487256 0.486537 0.51281 0.535654 0.526811 0.481871 0.462481 0.445669 0.440924 0.431674 0.416918 0.3841 0.365249 0.37306 0.374425 0.374603 0.374606 0.371356 0.368705 0.384 0.385439 0.391961 0.392814 0.394967 0.388239 0.383199 0.377698 0.368156 0.360928 0.359779 0.343709 0.339358 0.324866 0.312109 0.301518 0.295997 0.288733 0.282894 0.278296 0.275923 0.274779 0.271982 0.270085 0.267152 0.26287 0.257368 0.250011 0.234318 0.211387 0.195031
-9999 -9999 -9999 -9999 -9999 -9999 -9999 -9999 0.515757 0.541803 0.555658 0.556392 0.558975 0.553188 0.545904 0.534568 0.517311 0.503746 0.485081 0.465622 0.452591 0.489011 0.520944 0.538071 0.531632 0.49398 0.47616 0.469907 0.470765 0.454658 0.438839 0.411749 0.394127 0.3748 0.367925 0.370109 0.376241 0.381891 0.387228 0.387856 0.395027 0.395236 0.39741 0.400068 0.400181 0.399261 0.382075 0.382589 0.372015 0.366504 0.355821 0.344174 0.32933 0.314172 0.306621 0.299654 0.29213 0.284583 0.280412 0.277956 0.276728 0.276202 0.270148 0.267347 0.263412 0.257963 0.251057 0.238135 0.226255 0.207115
-9999 -9999 -9999 -9999 -9999 -9999 -9999 -9999 0.50653 0.532318 0.5472 0.558394 0.559575 0.561065 0.553629 0.543468 0.529441 0.512389 0.499888 0.477745 0.455992 0.48762 0.52133 0.540102 0.541485 0.504304 0.508993 0.496862 0.492387 0.471282 0.456007 0.442593 0.421607 0.400048 0.37542 0.364634 0.382187 0.389899 0.397617 0.40225 0.406773 0.411334 0.405699 0.403785 0.393591 0.401923 0.391324 0.386053 0.379057 0.371027 0.361218 0.350154 0.336107 0.325145 0.311925 0.303511 0.294482 0.288641 0.284396 0.281603 0.280018 0.279294 0.278819 0.27071 0.26419 0.258932 0.252192 0.239451 0.229212 0.217375
-9999 -9999 -9999 -9999 -9999 -9999 -9999 -9999 0.47378 0.511974 0.545387 0.556508 0.5702 0.566812 0.56158 0.550172 0.54185 0.529036 0.518685 0.504455 0.483599 0.472415 0.491788 0.532294 0.54607 0.537252 0.532839 0.519867 0.505994 0.496703 0.487541 0.470892 0.44286 0.416459 0.407016 0.392331 0.403648 0.401002 0.396797 0.416769 0.418101 0.419557 0.414981 0.397297 0.400298 0.391531 0.38502 0.374249 0.374445 0.372368 0.365745 0.355974 0.342286 0.32895 0.318779 0.308151 0.300709 0.294583 0.289994 0.286896 0.284973 0.283699 0.282819 0.281882 0.269189 0.264628 0.253835 0.241149 0.231373 0.220125
-9999 -9999 -9999 -9999 -9999 -9999 -9999 -9999 0.481681 0.521113 0.54535 0.564871 0.574803 0.571969 0.571324 0.564948 0.556585 0.545156 0.533087 0.521248 0.503218 0.490925 0.51149 0.52641 0.545257 0.543344 0.538645 0.533202 0.524911 0.511206 0.500134 0.491359 0.472152 0.453976 0.435681 0.414764 0.428484 0.425683 0.4194 0.428809 0.429001 0.415201 0.40566 0.406692 0.401004 0.39402 0.381231 0.369018 0.368423 0.374771 0.360223 0.351795 0.345186 0.336319 0.324015 0.315784 0.308345 0.302171 0.297294 0.29386 0.291539 0.289717 0.2883 0.2867 0.284181 0.267087 0.261058 0.248103 0.233867 0.223264
-9999 -9999 -9999 -9999 -9999 -9999 -9999 -9999 0.487332 0.520565 0.542114 0.570808 0.582408 0.583406 0.582877 0.578018 0.569093 0.562341 0.554379 0.543641 0.537413 0.525894 0.509259 0.541892 0.537264 0.536426 0.532002 0.535888 0.529218 0.517395 0.507043 0.501589 0.498048 0.476513 0.463354 0.448638 0.453425 0.44839 0.444867 0.442824 0.429618 0.412312 0.399277 0.411643 0.41061 0.398532 0.370907 0.377715 0.382261 0.378665 0.360075 0.34637 0.350047 0.338484 0.331297 0.324123 0.317474 0.31111 0.306258 0.302319 0.299407 0.297153 0.295065 0.29282 0.289861 0.285844 0.264513 0.251309 0.242201 0.230805
-9999 -9999 -9999 -9999 -9999 -9999 -9999 -9999 -9999 0.51548 0.553992 0.578236 0.589052 0.593757 0.593585 0.589108 0.583011 0.577702 0.572215 0.56411 0.55466 0.539588 0.528647 0.536992 0.529627 0.52 0.522716 0.53598 0.536052 0.520028 0.494724 0.506455 0.511127 0.501435 0.491322 0.482042 0.473853 0.467324 0.460521 0.449475 0.420738 0.415335 0.405227 0.407454 0.402286 0.394904 0.3762 0.384954 0.385235 0.380858 0.361532 0.353191 0.351327 0.347903 0.338283 0.333436 0.327658 0.321533 0.316405 0.312086 0.308748 0.305924 0.303222 0.301359 0.297832 0.29336 0.269223 0.255248 0.24524 0.234515
-9999 -9999 -9999 -9999 -9999 -9999 -9999 -9999 -9999 0.532826 0.561804 0.591686 0.597879 0.603938 0.608756 0.6049 0.597509 0.591308 0.585975 0.58093 0.568649 0.557027 0.545864 0.541941 0.543447 0.513907 0.520448 0.539328 0.538086 0.529334 0.512846 0.496657 0.506934 0.514283 0.507358 0.498544 0.473445 0.472506 0.458763 0.442712 0.437771 0.431405 0.418756 0.425018 0.415417 0.418411 0.381226 0.384503 0.382988 0.385485 0.368176 0.35842 0.355661 0.354132 0.346051 0.34538 0.340708 0.33494 0.329547 0.324957 0.320991 0.31758 0.314148 0.310481 0.306232 0.300924 0.294042 0.264329 0.234715 0.22501
-9999 -9999 -9999 -9999 -9999 -9999 -9999 -9999 -9999 0.552128 0.571539 0.598071 0.616324 0.613412 0.62019 0.622133 0.614528 0.607109 0.600334 0.597172 0.583128 0.567929 0.555493 0.540421 0.541349 0.549301 0.533311 0.543919 0.541085 0.531545 0.526977 0.524897 0.529896 0.528909 0.523459 0.515052 0.505051 0.497845 0.486643 0.480751 0.468616 0.451282 0.444155 0.447504 0.429226 0.428803 0.432706 0.385762 0.392056 0.391633 0.371812 0.364232 0.368527 0.36681 0.3644 0.359455 0.35346 0.348618 0.34294 0.338004 0.333544 0.329326 0.325205 0.320615 0.315561 0.308505 0.299807 0.279463 0.236445 0.227938
-9999 -9999 -9999 -9999 -9999 -9999 -9999 -9999 -9999 0.572916 0.590456 0.613464 0.625846 0.624955 0.633409 0.640824 0.636725 0.62902 0.625569 0.618657 0.606019 0.592263 0.57718 0.568903 0.551239 0.563805 0.541466 0.549747 0.550411 0.55002 0.53819 0.5399 0.541444 0.537808 0.539891 0.533542 0.525101 0.507895 0.497972 0.497553 0.492644 0.486279 0.473579 0.471578 0.462637 0.457425 0.451711 0.400422 0.401478 0.396572 0.381689 0.386289 0.385322 0.382124 0.378596 0.372493 0.367379 0.363191 0.357543 0.352235 0.347192 0.342384 0.337356 0.331619 0.325485 0.31626 0.303955 0.28627 0.23108 0.232535
-9999 -9999 -9999 -9999 -9999 -9999 -9999 -9999 -9999 0.58762 0.606806 0.626506 0.632842 0.631244 0.649984 0.660384 0.65765 0.652674 0.647583 0.632015 0.631075 0.626586 0.61207 0.591474 0.568607 0.567199 0.561109 0.555571 0.555954 0.549861 0.537668 0.535386 0.542103 0.547551 0.553816 0.551229 0.542382 0.518358 0.493762 0.500049 0.507504 0.505018 0.499765 0.487131 0.481381 0.475575 0.46468 0.430159 0.405159 0.403473 0.399953 0.39795 0.398211 0.397191 0.388185 0.382784 0.381882 0.378881 0.373093 0.367491 0.362097 0.356551 0.350744 0.343599 0.335883 0.326656 0.305383 0.288404 0.256949 0.239245
-9999 -9999 -9999 -9999 -9999 -9999 -9999 -9999 -9999 0.600078 0.613762 0.632994 0.639172 0.65035 0.668364 0.675865 0.678128 0.675494 0.671081 0.662558 0.656456 0.646664 0.630825 0.609872 0.586543 0.569735 0.572025 0.557209 0.563756 0.55313 0.539406 0.542977 0.551167 0.566335 0.572747 0.569111 0.563171 0.554743 0.535668 0.513849 0.510661 0.51678 0.50619 0.494324 0.49609 0.491788 0.480565 0.470979 0.421873 0.406198 0.408862 0.406061 0.407859 0.413462 0.408852 0.402262 0.401145 0.395367 0.389552 0.383857 0.377929 0.37181 0.365306 0.357557 0.348053 0.331169 0.314744 0.294576 0.283275 0.252574
-9999 -9999 -9999 -9999 -9999 -9999 -9999 -9999 -9999 0.608419 0.625293 0.643718 0.66068 0.676457 0.689594 0.688438 0.694052 0.691434 0.692922 0.688795 0.68001 0.670566 0.655695 0.628819 0.605311 0.579757 0.580594 0.582473 0.580145 0.564246 0.53974 0.553553 0.569506 0.583646 0.589114 0.576091 0.580019 0.575074 0.565406 0.550736 0.530185 0.526917 0.510681 0.506481 0.5092 0.507346 0.502085 0.493594 0.462205 0.42276 0.423157 0.418572 0.420153 0.423582 0.426833 0.422574 0.418526 0.412793 0.406926 0.401012 0.394728 0.387895 0.380344 0.371697 0.35597 0.338173 0.323142 0.305419 0.293793 0.286134
