Test_Spring_2018b/02_18/Prec/20180203_021.txt
ncols	170
nrows	115
xllcorner	350000.000000
yllcorner	4445000.000000
cellsize	1000.000000
nodata_value	-9999.000000
[rows 32 to 63 of 115, columns 72 to 143 of 170]
3.48433 3.50827 3.53295 3.55929 3.60538 3.6226 3.72337 3.74809 3.77206 3.79497 3.81551 3.83387 3.84967 3.86366 3.87673 3.88684 3.89051 3.89307 3.89443 3.89137 3.88935 3.88763 3.8861 3.87921 3.87447 3.86066 3.80492 -9999 -9999 -9999 -9999 -9999 -9999 -9999 -9999 -9999 -9999 -9999 -9999 -9999 -9999 -9999 -9999 -9999 -9999 -9999 -9999 -9999 -9999 -9999 -9999 -9999 -9999 -9999 -9999 -9999 -9999 -9999 -9999 -9999 -9999 -9999 -9999 -9999 -9999 -9999 -9999 -9999 -9999 -9999 -9999 -9999
3.46909 3.4928 3.51695 3.54338 3.59634 3.60409 3.70223 3.72553 3.74784 3.76879 3.78782 3.80479 3.82 3.83323 3.84537 3.85567 3.86158 3.86338 3.86464 3.86409 3.86317 3.86131 3.85915 3.85354 3.84838 3.79331 3.78117 3.78236 -9999 -9999 -9999 -9999 -9999 -9999 -9999 -9999 -9999 -9999 -9999 -9999 -9999 -9999 -9999 -9999 -9999 -9999 -9999 -9999 -9999 -9999 -9999 -9999 -9999 -9999 -9999 -9999 -9999 -9999 -9999 -9999 -9999 -9999 -9999 -9999 -9999 -9999 -9999 -9999 -9999 -9999 -9999 -9999
3.45242 3.47722 3.50193 3.5279 3.56997 3.65913 3.6828 3.70437 3.7257 3.74532 3.76345 3.77943 3.79355 3.806 3.81683 3.82596 3.83456 3.83613 3.83649 3.83694 3.8361 3.83471 3.83313 3.828 3.82347 3.72997 3.76966 3.75771 3.74534 -9999 -9999 -9999 -9999 -9999 -9999 -9999 -9999 -9999 -9999 -9999 -9999 -9999 -9999 -9999 -9999 -9999 -9999 -9999 -9999 -9999 -9999 -9999 -9999 -9999 -9999 -9999 -9999 -9999 -9999 -9999 -9999 -9999 -9999 -9999 -9999 -9999 -9999 -9999 -9999 -9999 -9999 -9999
3.43445 3.46019 3.48556 3.5117 3.52946 3.64548 3.66303 3.68525 3.7058 3.72484 3.74229 3.7586 3.77159 3.78241 3.79226 3.8014 3.80885 3.81313 3.81298 3.81313 3.8128 3.81058 3.80906 3.80468 3.80031 3.75054 3.70767 3.73316 3.72013 3.70814 -9999 -9999 -9999 -9999 -9999 -9999 -9999 -9999 -9999 -9999 -9999 -9999 -9999 -9999 -9999 -9999 -9999 -9999 -9999 -9999 -9999 -9999 -9999 -9999 -9999 -9999 -9999 -9999 -9999 -9999 -9999 -9999 -9999 -9999 -9999 -9999 -9999 -9999 -9999 -9999 -9999 -9999
-9999 -9999 3.4692 3.49028 3.58235 3.62859 3.64528 3.66781 3.6884 3.70731 3.72494 3.73986 3.75219 3.76314 3.77273 3.78019 3.78668 3.79176 3.79353 3.79246 3.79302 3.78996 3.78723 3.78295 3.77883 3.7399 3.68846 3.71161 3.69746 3.68405 -9999 -9999 -9999 -9999 -9999 -9999 -9999 -9999 -9999 -9999 -9999 -9999 -9999 -9999 -9999 -9999 -9999 -9999 -9999 -9999 -9999 -9999 -9999 -9999 -9999 -9999 -9999 -9999 -9999 -9999 -9999 -9999 -9999 -9999 -9999 -9999 -9999 -9999 -9999 -9999 -9999 -9999
-9999 -9999 -9999 3.47531 3.56488 3.58926 3.62933 3.65298 3.67391 3.6931 3.71018 3.72474 3.73715 3.7476 3.75652 3.76386 3.76997 3.77355 3.77438 3.77518 3.77493 3.77285 3.76895 3.76456 3.7194 3.72071 3.71097 3.69247 3.67762 3.66161 3.64694 -9999 -9999 -9999 -9999 -9999 -9999 -9999 -9999 -9999 -9999 -9999 -9999 3.46757 -9999 -9999 -9999 -9999 -9999 -9999 -9999 -9999 -9999 -9999 -9999 -9999 -9999 -9999 -9999 -9999 -9999 -9999 -9999 -9999 2.76474 -9999 -9999 -9999 -9999 -9999 -9999 -9999
-9999 -9999 3.433 3.51893 3.5473 3.57438 3.62261 3.64052 3.66243 3.68233 3.69968 3.71437 3.72693 3.73674 3.74493 3.75194 3.75659 3.75922 3.76075 3.76093 3.75981 3.75751 3.75387 3.74879 3.71096 3.70079 3.68912 3.64006 3.65482 3.63884 3.624 3.60955 -9999 -9999 -9999 -9999 -9999 -9999 -9999 3.51269 3.50105 3.4877 3.47201 3.45339 3.4343 -9999 -9999 -9999 -9999 -9999 -9999 -9999 -9999 -9999 -9999 -9999 -9999 -9999 -9999 -9999 -9999 -9999 -9999 -9999 2.77099 2.73791 -9999 -9999 -9999 -9999 -9999 -9999
-9999 -9999 3.46825 3.5001 3.53173 3.56157 3.58981 3.63047 3.65442 3.67514 3.69297 3.70804 3.72048 3.72995 3.73797 3.74383 3.748 3.74989 3.75088 3.75085 3.74943 3.74644 3.74229 3.7358 3.69629 3.68422 3.67138 3.65762 3.63504 3.61895 3.60348 3.58859 -9999 -9999 -9999 -9999 -9999 -9999 3.50458 3.49465 3.48395 3.47324 3.45811 3.44054 3.42143 3.28953 -9999 -9999 -9999 -9999 -9999 -9999 -9999 -9999 -9999 -9999 -9999 -9999 -9999 -9999 2.885 2.86333 2.83989 2.81156 2.77924 2.74422 -9999 -9999 -9999 -9999 -9999 -9999
-9999 -9999 3.44711 3.48255 3.51743 3.55071 3.5822 3.60323 3.64933 3.6716 3.69036 3.70572 3.71796 3.72793 3.73517 3.74105 3.74342 3.74517 3.74567 3.74538 3.74307 3.74024 3.7348 3.69921 3.68503 3.67142 3.65745 3.64295 3.65541 3.60154 3.58331 3.56726 -9999 -9999 -9999 -9999 -9999 -9999 3.48814 3.4798 3.47038 3.45969 3.44775 3.43008 3.30919 3.28414 3.25675 3.22744 3.19833 3.14061 3.06076 3.03828 3.01902 3.00133 -9999 -9999 -9999 -9999 2.93191 2.9155 2.89622 2.87407 2.85066 2.8221 2.78928 2.68599 -9999 -9999 -9999 -9999 -9999 -9999
-9999 -9999 3.42588 3.46586 3.50507 3.54258 3.57684 3.60094 3.64759 3.63744 3.65895 3.67669 3.69078 3.70158 3.70943 3.71379 3.71567 3.71549 3.71465 3.71226 3.70541 3.73596 3.73801 3.69239 3.67654 3.66112 3.64557 3.62936 3.63565 3.58382 3.56471 3.51305 -9999 -9999 -9999 3.46852 3.46048 3.45435 3.4478 3.43942 3.42969 3.44999 3.43721 3.3829 3.30714 3.28089 3.2529 3.22256 3.19065 3.1608 3.05745 3.03533 3.01691 2.98106 2.96881 2.95826 2.9484 2.93812 2.92605 2.91118 2.89284 2.87085 2.86289 2.8327 2.79711 2.64384 -9999 -9999 -9999 -9999 -9999 -9999
-9999 -9999 3.44844 3.49194 3.53338 3.50198 3.53915 3.57315 3.59843 3.6417 3.66516 3.68496 3.69966 3.71083 3.71827 3.72235 3.72344 3.72299 3.72073 3.71644 3.70929 3.70403 3.69401 3.65134 3.63336 3.6532 3.58899 3.57174 3.55285 3.55227 3.51355 3.49973 -9999 -9999 3.46634 3.45695 3.44979 3.44421 3.43909 3.43312 3.42394 3.41331 3.39832 3.3468 3.27714 3.2488 3.24918 3.21701 3.15221 3.12327 3.07006 3.00999 2.99427 2.98198 2.97204 2.96408 2.95675 2.94871 2.93882 2.92539 2.9078 2.88566 2.86002 2.82795 2.74154 2.64961 -9999 -9999 -9999 -9999 -9999 -9999
-9999 -9999 3.40612 3.45058 3.49304 3.53352 3.57054 3.57534 3.60479 3.63623 3.67405 3.69548 3.71212 3.72342 3.73087 3.73432 3.7342 3.73213 3.72758 3.72153 3.71265 3.70568 3.6925 3.61064 3.58904 3.56851 3.54871 3.5294 3.53934 3.53677 3.5177 3.48628 3.47454 -9999 3.45616 3.44962 3.44354 3.4384 3.43358 3.42903 3.4203 3.40973 3.36597 3.34666 3.27744 3.2156 3.18434 3.15368 3.12323 3.11506 3.06303 3.0416 2.99407 2.9835 2.976 2.97057 2.9658 2.96016 2.95214 2.94031 2.92359 2.90126 2.87369 2.79993 2.75799 2.66477 -9999 -9999 -9999 -9999 -9999 -9999
-9999 3.34247 3.39254 3.44038 3.48668 3.53026 3.57058 3.60736 3.63646 3.64592 3.67582 3.70739 3.7261 3.73858 3.74596 3.74831 3.74704 3.7422 3.73499 3.72719 3.7191 3.67211 3.65313 3.60901 3.58499 3.56058 3.53888 3.51959 3.50218 3.50001 3.50411 3.48785 3.46537 3.45596 3.44841 3.44354 3.43959 3.4353 3.4311 3.4261 3.4189 3.38553 3.36796 3.31622 3.24742 3.21459 3.18182 3.14941 3.11862 3.08977 3.04168 3.03599 3.01919 2.98549 2.98024 2.97728 2.97503 2.97174 2.96569 2.95531 2.93929 2.91683 2.85749 2.81808 2.76018 2.66631 -9999 -9999 -9999 -9999 -9999 -9999
-9999 -9999 3.38212 3.43378 3.48337 3.52982 3.57258 3.61151 3.64275 3.67519 3.7024 3.7144 3.73952 3.75387 3.76082 3.76297 3.76031 3.75381 3.74394 3.71532 3.69587 3.67418 3.65213 3.60491 3.57821 3.55328 3.5304 3.51128 3.49443 3.49205 3.47802 3.46493 3.46682 3.44981 3.44403 3.43926 3.43658 3.4351 3.43289 3.42666 3.40375 3.36725 3.34367 3.31808 3.24875 3.2142 3.17891 3.14498 3.11307 3.08588 3.03755 3.01997 3.00605 3.00441 2.98445 2.98378 2.98382 2.98268 2.97839 2.96925 2.95386 2.91126 2.86432 2.82087 2.77479 2.67891 -9999 -9999 -9999 -9999 -9999 -9999
-9999 -9999 -9999 -9999 3.48099 3.5293 3.5742 3.61511 3.64793 3.68189 3.71089 3.73481 3.75362 3.76583 3.77414 3.77615 3.77391 3.75743 3.74149 3.72114 3.69778 3.67436 3.62998 3.59968 3.5718 3.54687 3.52375 3.50313 3.48656 3.48305 3.47012 3.45999 3.45136 3.44363 3.43954 3.43595 3.43485 3.43534 3.43341 3.40901 3.39203 3.37103 3.34658 3.31929 3.24954 3.21354 3.17597 3.14074 3.1085 3.07956 3.03387 3.01657 3.00472 2.99687 2.99359 2.98956 2.99149 2.99204 2.98913 2.98094 2.9485 2.91852 2.88 2.83381 2.78555 2.68968 -9999 -9999 -9999 -9999 -9999 -9999
-9999 -9999 -9999 -9999 3.48067 3.53011 3.57567 3.61653 3.65106 3.68619 3.71657 3.74141 3.76099 3.7753 3.78346 3.78631 3.78164 3.769 3.74955 3.72613 3.70023 3.67423 3.62625 3.59541 3.56638 3.54084 3.5174 3.49623 3.47989 3.47675 3.46402 3.45564 3.44732 3.44201 3.43888 3.43656 3.43547 3.43319 3.42576 3.41353 3.39528 3.37361 3.34841 3.31869 3.24889 3.21197 3.17296 3.13675 3.10406 3.07466 3.03019 3.0141 3.00318 2.99714 2.99519 2.99613 2.9973 2.99895 2.99689 2.98174 2.96058 2.93003 2.89056 2.8431 2.79175 2.69672 -9999 -9999 -9999 -9999 -9999 -9999
-9999 -9999 -9999 -9999 -9999 3.53132 3.57604 3.61649 3.65154 3.68745 3.71793 3.74346 3.76373 3.778 3.78689 3.79013 3.78715 3.77358 3.75305 3.727 3.69851 3.66925 3.62165 3.59036 3.56237 3.53659 3.51186 3.49061 3.47433 3.47146 3.46024 3.44973 3.44262 3.43838 3.43701 3.43785 3.43722 3.43406 3.4277 3.41452 3.39574 3.37345 3.34656 3.31612 3.24593 3.20708 3.16906 3.13238 3.10012 3.07092 3.0271 3.01214 3.00241 2.99753 2.99654 2.99829 3.00094 3.00259 2.99903 2.98704 2.96573 2.93491 2.89504 2.84709 2.79255 2.69485 2.62857 -9999 -9999 -9999 -9999 -9999
-9999 -9999 -9999 -9999 -9999 3.53299 3.57717 3.61629 3.65023 3.68462 3.71479 3.74035 3.76105 3.77112 3.78328 3.78607 3.78331 3.77019 3.74958 3.72529 3.69428 3.66162 3.61335 3.58586 3.55715 3.53068 3.50587 3.48504 3.46853 3.468 3.45699 3.44662 3.44052 3.4375 3.43667 3.43447 3.43621 3.43178 3.42437 3.41075 3.39235 3.36871 3.34176 3.31115 3.23949 3.20131 3.16381 3.12767 3.09641 3.06768 3.02451 3.01065 3.00194 2.99745 2.99705 2.99899 2.99891 3.0015 2.99823 2.98493 2.96347 2.93266 2.89299 2.84537 2.79109 2.69128 2.62557 2.5582 2.49055 -9999 -9999 -9999
-9999 -9999 -9999 -9999 -9999 -9999 3.5777 3.61394 3.64514 3.67854 3.70726 3.73214 3.74257 3.7601 3.77147 3.77515 3.77218 3.76246 3.74117 3.71256 3.68102 3.64925 3.60069 3.57299 3.54485 3.51804 3.4936 3.47478 3.45969 3.46005 3.45034 3.44452 3.44048 3.42955 3.4253 3.42858 3.42885 3.42547 3.41635 3.40344 3.38427 3.36017 3.33226 3.30129 3.23079 3.19231 3.15628 3.12186 3.0912 3.06457 3.02171 3.00899 3.00049 2.99645 2.99601 2.98706 2.99276 2.99447 2.99042 2.97928 2.95404 2.92357 2.88464 2.83819 2.78538 2.68622 2.62136 2.55654 2.49277 2.43143 -9999 -9999
-9999 -9999 -9999 -9999 -9999 -9999 3.57694 3.61038 3.63856 3.66871 3.69861 3.70212 3.7243 3.74095 3.75153 3.75554 3.752 3.74298 3.72804 3.68638 3.66325 3.63232 3.60288 3.55715 3.52778 3.50313 3.48081 3.46404 3.45031 3.45081 3.44285 3.43842 3.42251 3.41296 3.41583 3.41812 3.41727 3.41257 3.40299 3.38832 3.37957 3.34768 3.32136 3.28999 3.21868 3.18245 3.14766 3.11523 3.08611 3.06093 3.01791 3.00546 2.99801 2.97541 2.9711 2.97725 2.98147 2.98185 2.97672 2.96486 2.94559 2.92477 2.87084 2.82625 2.77581 2.67814 2.61638 2.55404 2.4926 2.43488 2.37953 2.29478
-9999 -9999 -9999 -9999 -9999 -9999 3.57868 3.60713 3.6312 3.65926 3.65611 3.68065 3.70085 3.71643 3.72561 3.72887 3.72528 3.71592 3.70181 3.68197 3.63219 3.59746 3.58306 3.53547 3.50917 3.4865 3.46706 3.4505 3.43749 3.44013 3.40876 3.40986 3.39104 3.39715 3.39977 3.40223 3.40178 3.39434 3.38449 3.36984 3.35138 3.34305 3.3171 3.27732 3.20572 3.17222 3.13868 3.1076 3.08 3.05635 3.01291 2.96957 2.96699 2.95465 2.95896 2.96324 2.96562 2.96436 2.95798 2.94544 2.9261 2.89983 2.87432 2.83504 2.7632 2.66742 2.60975 2.55153 2.49396 2.43846 2.38599 2.30305
-9999 -9999 -9999 -9999 -9999 -9999 3.57531 3.59399 3.6204 3.61073 3.63422 3.65593 3.67335 3.68669 3.69485 3.69751 3.6943 3.68536 3.67207 3.65389 3.62862 3.57167 3.54136 3.49228 3.49007 3.46863 3.45042 3.40126 3.39189 3.39729 3.39462 3.36736 3.37187 3.37756 3.37861 3.37983 3.37849 3.37147 3.36127 3.34839 3.33091 3.30865 3.29873 3.27243 3.20001 3.15907 3.12801 3.09818 3.03274 3.01266 2.96851 2.96111 2.94023 2.94113 2.94347 2.94563 2.94599 2.94298 2.93535 2.92221 2.90302 2.8777 2.84652 2.81751 2.77521 2.67978 2.60181 2.54822 2.49522 2.44386 2.37515 2.29103
-9999 -9999 -9999 -9999 -9999 -9999 3.54018 3.58673 3.6094 3.59067 3.61024 3.6283 3.64308 3.65424 3.66115 3.66263 3.65899 3.65061 3.63714 3.62054 3.60171 3.57514 3.51497 3.46853 3.40661 3.3838 3.36639 3.35406 3.38913 3.38182 3.34407 3.34601 3.34876 3.35234 3.35302 3.35316 3.3504 3.34401 3.33513 3.32288 3.30654 3.28411 3.2609 3.25228 3.18211 3.10897 3.07763 3.05001 3.02341 3.00528 2.95815 2.92911 2.92577 2.92484 2.92506 2.9251 2.92341 2.91875 2.91002 2.89644 2.87763 2.8535 2.8243 2.79046 2.75927 2.66573 2.61701 2.55098 2.49927 2.42985 2.38467 2.30176
-9999 -9999 -9999 -9999 -9999 -9999 -9999 3.54747 3.52302 3.54103 3.55884 3.57492 3.58838 3.59843 3.60408 3.60463 3.60005 3.59082 3.57728 3.56072 3.54092 3.5171 3.44886 3.40527 3.38222 3.36085 3.34455 3.33398 3.34046 3.29432 3.29119 3.29237 3.29513 3.2981 3.32397 3.32297 3.3196 3.31372 3.30663 3.26634 3.24834 3.22597 3.20239 3.19245 3.11942 3.08875 3.06072 3.03561 3.01525 2.95903 2.9206 2.91253 2.90814 2.90522 2.90427 2.90227 2.89874 2.89262 2.88297 2.86919 2.85097 2.82429 2.796 2.76351 2.73404 2.6388 2.5928 2.54601 2.49959 2.45408 2.41094 2.30235
-9999 -9999 -9999 -9999 -9999 -9999 -9999 3.49227 3.50549 3.51765 3.53129 3.54303 3.55237 3.55956 3.56343 3.56303 3.55824 3.54927 3.53742 3.52236 3.50491 3.48512 3.46408 3.37496 3.35438 3.33471 3.32035 3.31003 3.27424 3.2697 3.26487 3.26253 3.26314 3.26421 3.26642 3.26398 3.26052 3.25427 3.24337 3.2294 3.21327 3.1925 3.17189 3.14878 3.0945 3.06741 3.04226 3.01863 2.99985 2.94251 2.90271 2.89389 2.88823 2.88329 2.87953 2.87561 2.87035 2.86277 2.85212 2.83783 2.81965 2.79751 2.77156 2.74217 2.70981 2.67985 2.58412 2.54222 2.50012 2.4591 2.36943 2.30944
-9999 -9999 -9999 -9999 -9999 -9999 -9999 3.47938 3.48818 3.49551 3.5029 3.51142 3.51688 3.52046 3.52226 3.52077 3.51579 3.50703 3.49654 3.48362 3.46843 3.45231 3.43373 3.41447 3.32239 3.30587 3.29326 3.28398 3.24415 3.23744 3.23221 3.22944 3.22821 3.22752 3.22637 3.22345 3.21895 3.21133 3.20178 3.19023 3.17509 3.15677 3.13963 3.11954 3.09871 3.04399 3.0204 2.99925 2.98244 2.89388 2.88159 2.87235 2.86505 2.85931 2.8542 2.84866 2.8421 2.8336 2.82257 2.80858 2.79138 2.77097 2.74744 2.72122 2.6926 2.66322 2.57401 2.53665 2.4989 2.4621 2.34476 2.31539
-9999 -9999 -9999 -9999 -9999 -9999 -9999 3.46686 3.47028 3.47277 3.47601 3.47995 3.48149 3.48142 3.4806 3.47777 3.47187 3.46382 3.4541 3.44249 3.42948 3.41462 3.40038 3.38256 3.28896 3.27461 3.26291 3.21998 3.21175 3.20406 3.19824 3.19443 3.19076 3.18829 3.18559 3.18285 3.17766 3.16941 3.15962 3.14795 3.13517 3.11957 3.10367 3.08664 3.06946 3.01732 2.99665 2.97795 2.93074 2.86964 2.85814 2.8487 2.84075 2.83406 2.82762 2.82081 2.81327 2.80419 2.79309 2.77962 2.76361 2.74505 2.72397 2.70087 2.67602 2.65004 2.56491 2.53065 2.49646 2.42985 2.3468 2.32035
-9999 -9999 -9999 -9999 -9999 -9999 -9999 3.45553 3.4531 3.45069 3.44977 3.44944 3.44599 3.44252 3.43927 3.43468 3.42833 3.42143 3.41107 3.39964 3.38819 3.37662 3.36483 3.3504 3.31804 3.24146 3.23087 3.18679 3.17856 3.17077 3.16335 3.15718 3.15161 3.14732 3.1435 3.14077 3.13699 3.12813 3.1176 3.10672 3.09475 3.08246 3.06842 3.05379 3.03952 2.98021 2.97196 2.95458 2.85792 2.84517 2.83367 2.82368 2.81575 2.80811 2.80023 2.79241 2.78423 2.77488 2.76397 2.75125 2.73656 2.71993 2.70132 2.68095 2.66027 2.63762 2.55661 2.52424 2.49432 2.37405 2.34803 2.32423
-9999 -9999 -9999 -9999 -9999 -9999 -9999 3.44472 3.43724 3.42952 3.4237 3.41747 3.41036 3.40419 3.39807 3.39172 3.3846 3.3769 3.36781 3.35813 3.34829 3.33834 3.3282 3.31705 3.30366 3.20737 3.15591 3.15164 3.14342 3.13431 3.12572 3.11718 3.11031 3.10493 3.09979 3.09456 3.08995 3.08479 3.07637 3.06578 3.05614 3.04574 3.03293 3.02028 3.00812 2.99569 2.9444 2.89854 2.83218 2.82009 2.80853 2.79751 2.78855 2.7804 2.77186 2.76378 2.75524 2.74588 2.73543 2.72363 2.71035 2.69559 2.6794 2.66251 2.64412 2.62493 2.6037 2.51697 2.45332 2.3716 2.34882 2.32753
-9999 -9999 -9999 -9999 -9999 -9999 -9999 3.43441 3.42069 3.40762 3.39556 3.38438 3.37412 3.36598 3.35723 3.34945 3.34096 3.33275 3.3246 3.31593 3.3073 3.2995 3.29077 3.28188 3.26958 3.24175 3.12358 3.11459 3.10735 3.0963 3.08578 3.07619 3.06822 3.06288 3.05572 3.04961 3.04385 3.0383 3.0329 3.02479 3.01753 3.00812 2.99722 2.98629 2.97531 2.96442 2.90951 2.87156 2.80534 2.79391 2.78245 2.77149 2.76118 2.75225 2.74358 2.73515 2.72651 2.71739 2.70758 2.69688 2.68514 2.67228 2.65896 2.64457 2.62863 2.61191 2.59358 2.51418 2.44819 2.36956 2.34933 2.33026
-9999 -9999 -9999 -9999 -9999 -9999 -9999 -9999 3.40275 3.38396 3.36721 3.35319 3.33937 3.32752 3.3169 3.30766 3.29721 3.28894 3.2813 3.27374 3.26631 3.25931 3.25109 3.24321 3.23409 3.17046 3.08806 3.07716 3.06735 3.05672 3.04517 3.03409 3.02587 3.0201 3.01294 3.00604 2.99896 2.9931 2.98951 2.98432 2.97849 2.97016 2.96118 2.95224 2.94285 2.93314 2.85473 2.78992 2.77745 2.76558 2.75478 2.74391 2.73371 2.72436 2.71541 2.70678 2.69821 2.68952 2.68055 2.67104 2.66095 2.65017 2.63911 2.62844 2.61422 2.59944 2.58436 2.5246 2.38708 2.36793 2.34979 2.33277
-9999 -9999 -9999 -9999 -9999 -9999 -9999 -9999 3.38446 3.35947 3.33875 3.32078 3.30583 3.29155 3.2761 3.26518 3.2545 3.24495 3.23793 3.23165 3.22563 3.21926 3.21282 3.20627 3.19818 3.14924 3.12595 3.03756 3.0264 3.01507 3.00325 2.99314 2.98563 2.97877 2.97027 2.96292 2.95481 2.94891 2.94413 2.94075 2.93747 2.93291 2.9256 2.91856 2.91077 2.90219 2.86398 2.76477 2.75049 2.73888 2.72764 2.71692 2.7064 2.69669 2.68753 2.67881 2.67048 2.66239 2.65438 2.64623 2.63798 2.62922 2.6209 2.61141 2.60046 2.58882 2.57283 2.51615 2.39452 2.3667 2.35052 2.33536
