Test_Spring_2018b/02_18/Prec/20180203_015.txt
ncols	170
nrows	115
xllcorner	350000.000000
yllcorner	4445000.000000
cellsize	1000.000000
nodata_value	-9999.000000
[rows 32 to 63 of 115, columns 72 to 143 of 170]
3.1888 3.20844 3.2008 3.19528 3.25145 3.25289 3.28184 3.28898 3.30477 3.33205 3.34571 3.35881 3.36784 3.39726 3.47301 3.53997 3.50271 3.49893 3.51939 3.46941 3.48627 3.54007 3.61849 3.56317 3.56694 3.62193 3.59068 -9999 -9999 -9999 -9999 -9999 -9999 -9999 -9999 -9999 -9999 -9999 -9999 -9999 -9999 -9999 -9999 -9999 -9999 -9999 -9999 -9999 -9999 -9999 -9999 -9999 -9999 -9999 -9999 -9999 -9999 -9999 -9999 -9999 -9999 -9999 -9999 -9999 -9999 -9999 -9999 -9999 -9999 -9999 -9999 -9999
3.17901 3.19326 3.17802 3.18906 3.20973 3.22481 3.26149 3.26483 3.27445 3.28915 3.302 3.31457 3.33894 3.37152 3.43623 3.51242 3.52858 3.48908 3.48393 3.47358 3.48969 3.51052 3.54591 3.50441 3.48368 3.49608 3.5263 3.53859 -9999 -9999 -9999 -9999 -9999 -9999 -9999 -9999 -9999 -9999 -9999 -9999 -9999 -9999 -9999 -9999 -9999 -9999 -9999 -9999 -9999 -9999 -9999 -9999 -9999 -9999 -9999 -9999 -9999 -9999 -9999 -9999 -9999 -9999 -9999 -9999 -9999 -9999 -9999 -9999 -9999 -9999 -9999 -9999
3.17227 3.20714 3.20263 3.20219 3.19079 3.26432 3.26771 3.24373 3.25092 3.25728 3.27438 3.28814 3.30784 3.33876 3.38115 3.43113 3.51721 3.46199 3.41754 3.41527 3.41345 3.42742 3.46229 3.42246 3.41439 3.40785 3.46439 3.4885 3.49267 -9999 -9999 -9999 -9999 -9999 -9999 -9999 -9999 -9999 -9999 -9999 -9999 -9999 -9999 -9999 -9999 -9999 -9999 -9999 -9999 -9999 -9999 -9999 -9999 -9999 -9999 -9999 -9999 -9999 -9999 -9999 -9999 -9999 -9999 -9999 -9999 -9999 -9999 -9999 -9999 -9999 -9999 -9999
3.1684 3.20956 3.20572 3.19687 3.16992 3.21314 3.23645 3.23341 3.22942 3.23491 3.25166 3.29335 3.30097 3.30403 3.33185 3.38883 3.44513 3.45872 3.39296 3.37221 3.37281 3.35467 3.38432 3.36293 3.36373 3.34122 3.36113 3.42081 3.43192 3.46394 -9999 -9999 -9999 -9999 -9999 -9999 -9999 -9999 -9999 -9999 -9999 -9999 -9999 -9999 -9999 -9999 -9999 -9999 -9999 -9999 -9999 -9999 -9999 -9999 -9999 -9999 -9999 -9999 -9999 -9999 -9999 -9999 -9999 -9999 -9999 -9999 -9999 -9999 -9999 -9999 -9999 -9999
-9999 -9999 3.21849 3.19554 3.22191 3.21186 3.22148 3.21527 3.2084 3.21336 3.24275 3.25789 3.26059 3.27934 3.31115 3.33091 3.36641 3.40301 3.38766 3.33143 3.35341 3.31174 3.31122 3.29954 3.32002 3.31609 3.35942 3.4051 3.41379 3.43755 -9999 -9999 -9999 -9999 -9999 -9999 -9999 -9999 -9999 -9999 -9999 -9999 -9999 -9999 -9999 -9999 -9999 -9999 -9999 -9999 -9999 -9999 -9999 -9999 -9999 -9999 -9999 -9999 -9999 -9999 -9999 -9999 -9999 -9999 -9999 -9999 -9999 -9999 -9999 -9999 -9999 -9999
-9999 -9999 -9999 3.18226 3.21196 3.18404 3.2074 3.20567 3.19149 3.19519 3.20785 3.2172 3.22927 3.24419 3.26805 3.29411 3.32769 3.33055 3.29508 3.29365 3.29936 3.29131 3.2702 3.27081 3.2748 3.32274 3.35104 3.41913 3.44028 3.42638 3.4384 -9999 -9999 -9999 -9999 -9999 -9999 -9999 -9999 -9999 -9999 -9999 -9999 3.23293 -9999 -9999 -9999 -9999 -9999 -9999 -9999 -9999 -9999 -9999 -9999 -9999 -9999 -9999 -9999 -9999 -9999 -9999 -9999 -9999 2.96009 -9999 -9999 -9999 -9999 -9999 -9999 -9999
-9999 -9999 3.1598 3.17864 3.17211 3.15917 3.17607 3.19181 3.17486 3.17815 3.18763 3.19707 3.21581 3.22062 3.23416 3.26244 3.26831 3.25697 3.25162 3.24523 3.24057 3.24178 3.24633 3.25191 3.22946 3.2539 3.26693 3.3144 3.35196 3.37363 3.41227 3.44049 -9999 -9999 -9999 -9999 -9999 -9999 -9999 3.28595 3.27963 3.26958 3.24824 3.20627 3.21041 -9999 -9999 -9999 -9999 -9999 -9999 -9999 -9999 -9999 -9999 -9999 -9999 -9999 -9999 -9999 -9999 -9999 -9999 -9999 2.92217 2.94477 -9999 -9999 -9999 -9999 -9999 -9999
-9999 -9999 3.16307 3.15246 3.15321 3.14205 3.13914 3.16935 3.16697 3.16329 3.16673 3.17672 3.19062 3.19061 3.20912 3.21918 3.22654 3.21144 3.20869 3.21492 3.22217 3.22771 3.24475 3.24335 3.20302 3.21546 3.23994 3.26463 3.30635 3.36203 3.4166 3.45886 -9999 -9999 -9999 -9999 -9999 -9999 3.27413 3.24251 3.22012 3.24328 3.206 3.16929 3.15948 3.09386 -9999 -9999 -9999 -9999 -9999 -9999 -9999 -9999 -9999 -9999 -9999 -9999 -9999 -9999 2.77637 2.80645 2.87607 2.90459 2.9146 2.93321 -9999 -9999 -9999 -9999 -9999 -9999
-9999 -9999 3.14947 3.13601 3.1308 3.12626 3.13468 3.14555 3.15231 3.15208 3.15465 3.15732 3.15996 3.17595 3.18269 3.20713 3.18404 3.18546 3.19199 3.21581 3.22582 3.26503 3.28053 3.24291 3.20202 3.21871 3.26148 3.31642 3.39565 3.37942 3.39337 3.42956 -9999 -9999 -9999 -9999 -9999 -9999 3.2544 3.22188 3.1929 3.18156 3.20327 3.1472 3.06656 3.07252 3.05798 3.0166 2.98462 2.95466 2.8958 2.86996 2.86362 2.8362 -9999 -9999 -9999 -9999 2.77685 2.7675 2.75817 2.76573 2.84342 2.89107 2.93023 2.88095 -9999 -9999 -9999 -9999 -9999 -9999
-9999 -9999 3.11239 3.11189 3.11898 3.13194 3.12857 3.14117 3.14622 3.1422 3.14566 3.14701 3.14758 3.15271 3.16517 3.16274 3.16404 3.17213 3.21744 3.27004 3.24734 3.27863 3.33109 3.24932 3.21226 3.23171 3.28488 3.34719 3.37013 3.3485 3.37204 3.40675 -9999 -9999 -9999 3.33283 3.28926 3.28132 3.26566 3.22533 3.19254 3.16271 3.13912 3.09796 3.06332 3.06735 3.07186 3.03963 2.96896 2.93396 2.8744 2.84728 2.83947 2.81581 2.79018 2.77273 2.76235 2.75774 2.75177 2.74435 2.73902 2.74659 2.81604 2.84878 2.86236 2.83215 -9999 -9999 -9999 -9999 -9999 -9999
-9999 -9999 3.12497 3.12811 3.1325 3.11437 3.12521 3.12262 3.13765 3.13738 3.13815 3.15257 3.14098 3.14184 3.14339 3.14766 3.15449 3.19279 3.24551 3.29822 3.32235 3.30131 3.3385 3.29221 3.25448 3.25501 3.28129 3.33529 3.33256 3.34331 3.3857 3.43235 -9999 -9999 3.4019 3.32269 3.26649 3.23616 3.22447 3.21983 3.18074 3.1713 3.12548 3.09678 3.09869 3.07256 3.06045 3.02347 2.97298 2.9441 2.88176 2.82829 2.80603 2.79053 2.76961 2.75752 2.74887 2.74258 2.74261 2.73499 2.72891 2.73153 2.77959 2.7956 2.7827 2.8342 -9999 -9999 -9999 -9999 -9999 -9999
-9999 -9999 3.10797 3.11046 3.10932 3.12188 3.12074 3.12136 3.14789 3.13307 3.13429 3.14467 3.15132 3.13766 3.13782 3.13916 3.14212 3.17811 3.2199 3.2826 3.32124 3.33493 3.34871 3.34385 3.32019 3.31527 3.31075 3.29174 3.29485 3.32475 3.34653 3.39688 3.42218 -9999 3.38806 3.34971 3.28456 3.22961 3.19401 3.20293 3.15985 3.14631 3.09355 3.09297 3.07641 3.05686 3.03425 3.01317 2.96142 2.90789 2.85713 2.82701 2.79117 2.77297 2.75765 2.7467 2.73878 2.73284 2.72885 2.72522 2.72185 2.71932 2.737 2.72919 2.7722 2.8304 -9999 -9999 -9999 -9999 -9999 -9999
-9999 3.12631 3.09973 3.09199 3.1001 3.1088 3.11567 3.12167 3.13668 3.12752 3.12722 3.1342 3.15954 3.15657 3.15108 3.13598 3.13705 3.14075 3.16389 3.23994 3.25889 3.29263 3.33831 3.33519 3.31594 3.2652 3.2555 3.26984 3.28664 3.32063 3.33005 3.3579 3.42288 3.40713 3.36525 3.3344 3.28972 3.22405 3.17774 3.1556 3.14437 3.10608 3.08673 3.07949 3.05176 3.03537 3.02332 2.99852 2.97106 2.92792 2.87683 2.81582 2.78675 2.762 2.74746 2.7371 2.72989 2.72489 2.72175 2.71968 2.71622 2.7111 2.68647 2.70938 2.76912 2.78811 -9999 -9999 -9999 -9999 -9999 -9999
-9999 -9999 3.10069 3.11073 3.12803 3.14008 3.14299 3.14102 3.14145 3.14316 3.13419 3.13014 3.15512 3.17981 3.15657 3.14709 3.13779 3.13785 3.14131 3.19866 3.23008 3.2534 3.29657 3.25612 3.23033 3.21817 3.21585 3.26026 3.30388 3.36152 3.40859 3.39821 3.41785 3.39038 3.36093 3.29714 3.25283 3.23465 3.22153 3.15514 3.12357 3.10156 3.07187 3.07819 3.03913 3.03112 2.99916 2.97242 2.94343 2.96172 2.87486 2.8475 2.79498 2.75634 2.73824 2.72884 2.72246 2.71921 2.71731 2.71595 2.71315 2.69634 2.67537 2.68277 2.77996 2.78807 -9999 -9999 -9999 -9999 -9999 -9999
-9999 -9999 -9999 -9999 3.13624 3.14513 3.15451 3.15616 3.14274 3.1383 3.13447 3.13436 3.14353 3.16735 3.17305 3.16769 3.19212 3.17104 3.13975 3.13897 3.14019 3.19266 3.20202 3.16568 3.16395 3.19441 3.21482 3.23395 3.287 3.32702 3.38292 3.42257 3.41313 3.34556 3.28932 3.22534 3.19699 3.21166 3.19487 3.15108 3.10712 3.07907 3.06959 3.07639 3.03489 3.03494 2.98105 2.9494 2.9313 2.91171 2.86743 2.82697 2.79903 2.75653 2.73646 2.72209 2.71721 2.71488 2.71415 2.71362 2.6997 2.69049 2.67755 2.66129 2.76089 2.80389 -9999 -9999 -9999 -9999 -9999 -9999
-9999 -9999 -9999 -9999 3.157 3.17014 3.17044 3.14291 3.14174 3.13805 3.14076 3.13741 3.14384 3.16506 3.18678 3.20759 3.23428 3.21721 3.17367 3.14694 3.14145 3.18657 3.14199 3.14231 3.15055 3.19357 3.22113 3.22894 3.27922 3.32495 3.35728 3.4089 3.36993 3.33059 3.28523 3.2154 3.16958 3.1504 3.16176 3.1363 3.08665 3.07572 3.08461 3.06547 3.03453 3.04341 2.97718 2.93646 2.91412 2.88133 2.84406 2.81286 2.78024 2.75198 2.73138 2.72089 2.7145 2.71306 2.71279 2.70725 2.70165 2.69204 2.67877 2.66152 2.71751 2.80578 -9999 -9999 -9999 -9999 -9999 -9999
-9999 -9999 -9999 -9999 -9999 3.19618 3.17631 3.13562 3.14238 3.14868 3.14026 3.14016 3.15054 3.15893 3.18571 3.22284 3.29464 3.27469 3.23418 3.176 3.14356 3.14339 3.14033 3.15922 3.21716 3.26538 3.25983 3.25614 3.28919 3.32237 3.36023 3.31705 3.27298 3.22823 3.20331 3.20491 3.16542 3.13293 3.1433 3.11302 3.07576 3.07812 3.07156 3.06018 3.03127 3.00493 2.97404 2.9224 2.90608 2.86637 2.82575 2.80081 2.77364 2.74968 2.72979 2.71945 2.71422 2.71228 2.71158 2.70804 2.70221 2.69275 2.67914 2.66142 2.64593 2.66959 2.6815 -9999 -9999 -9999 -9999 -9999
-9999 -9999 -9999 -9999 -9999 3.22916 3.22699 3.17619 3.17678 3.15385 3.14178 3.14221 3.16022 3.16931 3.20948 3.22227 3.28869 3.31744 3.28953 3.29684 3.21649 3.14397 3.13896 3.26682 3.30587 3.3296 3.30785 3.29454 3.29412 3.35757 3.36358 3.28649 3.23527 3.19553 3.16591 3.15599 3.15592 3.10593 3.09586 3.07475 3.07012 3.05742 3.06735 3.06445 3.00588 2.99404 2.9677 2.91569 2.90667 2.85692 2.81918 2.80004 2.77863 2.74795 2.73179 2.72117 2.71392 2.71323 2.71281 2.70848 2.70156 2.69164 2.67815 2.65965 2.63767 2.5949 2.60093 2.57966 2.52854 -9999 -9999 -9999
-9999 -9999 -9999 -9999 -9999 -9999 3.2863 3.21021 3.1902 3.17415 3.14726 3.145 3.1513 3.16945 3.21158 3.24808 3.30733 3.37469 3.40824 3.2963 3.1977 3.14351 3.12963 3.23457 3.26921 3.25985 3.22106 3.23079 3.23492 3.28188 3.28503 3.29591 3.27178 3.2138 3.17217 3.13604 3.1096 3.10581 3.08652 3.06983 3.06072 3.04639 3.03463 3.01904 2.99729 2.95437 2.94006 2.90341 2.87851 2.85352 2.81776 2.80715 2.77652 2.75067 2.73515 2.71772 2.71529 2.71365 2.71231 2.7103 2.69973 2.68929 2.67497 2.65691 2.63442 2.58301 2.55519 2.54459 2.54087 2.54516 -9999 -9999
-9999 -9999 -9999 -9999 -9999 -9999 3.33098 3.25459 3.23277 3.18321 3.15177 3.14214 3.1455 3.16043 3.19253 3.24023 3.27937 3.3547 3.43237 3.30918 3.2077 3.14797 3.13929 3.21098 3.17421 3.18481 3.16453 3.19196 3.1962 3.20236 3.21819 3.2379 3.25163 3.25954 3.17628 3.13291 3.09777 3.07973 3.06732 3.05751 3.04902 3.04267 3.06396 3.01914 2.97496 2.95217 2.92824 2.90176 2.87629 2.85173 2.81503 2.79263 2.78145 2.74291 2.72601 2.72024 2.7165 2.71413 2.71199 2.70871 2.70344 2.68673 2.67043 2.65246 2.63068 2.57889 2.54819 2.51682 2.48946 2.50892 2.50767 2.46506
-9999 -9999 -9999 -9999 -9999 -9999 3.4558 3.33845 3.24613 3.19872 3.15777 3.14877 3.1461 3.16589 3.18016 3.21424 3.24596 3.2949 3.36836 3.41202 3.31428 3.18387 3.13947 3.11817 3.11148 3.1261 3.13769 3.12932 3.11633 3.13694 3.1458 3.18763 3.18857 3.20188 3.13868 3.12794 3.12978 3.06072 3.05638 3.05423 3.07136 3.08419 3.06441 3.06424 3.00504 3.00169 2.95694 2.91395 2.88112 2.8554 2.81985 2.77956 2.76402 2.73744 2.72874 2.72266 2.71824 2.71461 2.71106 2.70701 2.7007 2.691 2.66703 2.64941 2.626 2.57409 2.54479 2.51482 2.48397 2.46035 2.44153 2.41412
-9999 -9999 -9999 -9999 -9999 -9999 3.43886 3.35691 3.27315 3.22211 3.17351 3.16407 3.14799 3.15265 3.1676 3.19716 3.23368 3.27366 3.33636 3.38168 3.3206 3.2227 3.15709 3.1092 3.11041 3.10228 3.09787 3.06664 3.06409 3.06588 3.08445 3.11257 3.13361 3.16795 3.09733 3.08653 3.09369 3.05649 3.05329 3.09734 3.12774 3.12185 3.07839 3.08422 3.04055 3.03335 2.99355 2.92642 2.89158 2.86541 2.80949 2.78773 2.75365 2.74143 2.73234 2.72526 2.71988 2.71486 2.70976 2.70452 2.69715 2.68722 2.675 2.64325 2.6229 2.56956 2.54193 2.51346 2.4846 2.45726 2.4098 2.35651
-9999 -9999 -9999 -9999 -9999 -9999 3.41498 3.39231 3.31672 3.23878 3.18609 3.16583 3.1508 3.15169 3.16897 3.18339 3.20586 3.24083 3.26371 3.30437 3.36048 3.25583 3.20733 3.15297 3.10712 3.06878 3.05999 3.06407 3.09174 3.0686 3.05028 3.08084 3.08735 3.10309 3.06159 3.05751 3.05448 3.0519 3.08902 3.14139 3.1801 3.1353 3.12951 3.09037 3.09101 3.00699 2.95068 2.91593 2.92037 2.91445 2.82822 2.78171 2.76269 2.74769 2.73587 2.72835 2.72105 2.71514 2.70897 2.70197 2.69373 2.68326 2.67048 2.65499 2.61724 2.56378 2.5375 2.48879 2.45939 2.43707 2.41096 2.36098
-9999 -9999 -9999 -9999 -9999 -9999 -9999 3.4146 3.31554 3.22779 3.18021 3.15083 3.13717 3.13873 3.1479 3.15749 3.17066 3.19474 3.22473 3.27313 3.30724 3.27706 3.22546 3.19412 3.16525 3.09835 3.06984 3.08961 3.15864 3.09254 3.03984 3.03449 3.03307 3.0327 3.04519 3.04558 3.05183 3.07609 3.16039 3.15786 3.18336 3.16744 3.17176 3.10567 3.0707 3.00816 2.96811 2.93892 2.95454 2.90703 2.81864 2.78514 2.77423 2.75164 2.7401 2.73093 2.7228 2.71569 2.70797 2.69964 2.69027 2.66809 2.65382 2.63701 2.59498 2.53901 2.51602 2.49109 2.46828 2.43606 2.40993 2.33189
-9999 -9999 -9999 -9999 -9999 -9999 -9999 3.43796 3.33904 3.2336 3.20168 3.16896 3.14024 3.14046 3.15397 3.16605 3.17777 3.19057 3.22781 3.26311 3.29595 3.30342 3.29028 3.24604 3.20572 3.12208 3.09953 3.09809 3.15222 3.16912 3.10103 3.04336 3.0336 3.03296 3.08833 3.07032 3.09743 3.13547 3.14046 3.15135 3.1823 3.15101 3.16768 3.13988 3.08175 3.03847 3.00647 2.95805 2.9704 2.93148 2.84204 2.8045 2.79013 2.75491 2.736 2.72429 2.71492 2.70592 2.6969 2.68679 2.67596 2.6636 2.64944 2.63387 2.61779 2.57855 2.5634 2.53823 2.501 2.46484 2.38849 2.33392
-9999 -9999 -9999 -9999 -9999 -9999 -9999 3.43089 3.36249 3.26827 3.19855 3.19565 3.1616 3.14384 3.15817 3.17372 3.18901 3.19418 3.23509 3.27969 3.31445 3.35576 3.34302 3.30438 3.2026 3.1465 3.13054 3.13356 3.15318 3.12732 3.07869 3.0501 3.03754 3.03694 3.04449 3.04638 3.06432 3.06804 3.09383 3.13732 3.14792 3.12357 3.16613 3.14804 3.11204 3.06784 3.01273 2.97617 2.99948 2.89641 2.84125 2.80631 2.77528 2.75468 2.74018 2.72486 2.71498 2.70497 2.69489 2.68442 2.6728 2.66061 2.64669 2.63504 2.62389 2.64508 2.57465 2.54796 2.50565 2.46604 2.36213 2.336
-9999 -9999 -9999 -9999 -9999 -9999 -9999 3.42451 3.36204 3.27966 3.22968 3.22135 3.18284 3.14813 3.1513 3.16725 3.17076 3.18628 3.2206 3.25826 3.29921 3.31666 3.36192 3.30743 3.21945 3.1715 3.14553 3.15844 3.16685 3.13114 3.09599 3.07816 3.04336 3.03757 3.04084 3.07476 3.08779 3.07243 3.07297 3.07885 3.1048 3.09525 3.1059 3.10182 3.09609 3.05869 3.02193 3.00184 2.94576 2.867 2.83082 2.80254 2.77663 2.76076 2.74378 2.72598 2.71487 2.70423 2.69365 2.68232 2.67073 2.65943 2.64649 2.63983 2.63895 2.65106 2.61187 2.55472 2.49586 2.42939 2.36378 2.33983
-9999 -9999 -9999 -9999 -9999 -9999 -9999 3.44237 3.37462 3.30344 3.2738 3.26878 3.19819 3.15447 3.15331 3.15995 3.16754 3.2091 3.20373 3.20927 3.24598 3.30072 3.36084 3.34991 3.28183 3.20077 3.17661 3.20969 3.22103 3.20021 3.15067 3.10586 3.05955 3.04313 3.04852 3.10444 3.16391 3.12574 3.08475 3.07595 3.07563 3.09788 3.09631 3.09267 3.10277 3.09313 3.05333 3.02459 2.90502 2.87386 2.83562 2.80213 2.79533 2.77831 2.74836 2.72664 2.71514 2.70394 2.69239 2.68091 2.66905 2.65947 2.64899 2.64007 2.66619 2.67488 2.65683 2.55694 2.51096 2.40542 2.36252 2.33891
-9999 -9999 -9999 -9999 -9999 -9999 -9999 3.47121 3.42123 3.35222 3.32407 3.27915 3.21182 3.17796 3.16082 3.15937 3.16356 3.18074 3.1897 3.20976 3.24818 3.30167 3.36124 3.39821 3.3722 3.24727 3.20194 3.25248 3.2702 3.23246 3.18025 3.10632 3.0614 3.04981 3.04682 3.05298 3.09432 3.14521 3.1367 3.09823 3.11275 3.13027 3.10256 3.09248 3.1026 3.10546 3.04627 2.98674 2.92181 2.89469 2.85317 2.80012 2.78075 2.76876 2.74025 2.72759 2.71566 2.70358 2.69194 2.67999 2.66772 2.65726 2.64971 2.66275 2.67104 2.68813 2.67388 2.53991 2.46525 2.39235 2.36208 2.34062
-9999 -9999 -9999 -9999 -9999 -9999 -9999 3.51597 3.456 3.39036 3.32873 3.27022 3.21953 3.21406 3.18624 3.18417 3.16821 3.16945 3.18472 3.20106 3.23368 3.30358 3.36146 3.42469 3.40219 3.29676 3.24618 3.2719 3.32543 3.25647 3.18127 3.11261 3.07258 3.09264 3.05903 3.05446 3.06539 3.09245 3.13816 3.12787 3.15831 3.14899 3.11609 3.09637 3.08606 3.08472 3.05363 2.978 2.92375 2.90352 2.86416 2.8197 2.77668 2.75858 2.74046 2.72811 2.71619 2.70396 2.69196 2.68022 2.66875 2.65829 2.66769 2.68065 2.68163 2.68833 2.67294 2.56838 2.45548 2.38911 2.36059 2.33902
-9999 -9999 -9999 -9999 -9999 -9999 -9999 -9999 3.46916 3.40044 3.34909 3.3338 3.28803 3.2623 3.24179 3.23534 3.18061 3.17491 3.18338 3.19805 3.2253 3.2774 3.31227 3.37282 3.41494 3.34285 3.31506 3.2912 3.28968 3.25548 3.18318 3.10821 3.09455 3.13201 3.11911 3.1032 3.07547 3.07802 3.14326 3.17134 3.19215 3.15876 3.12327 3.1045 3.08944 3.07934 2.99624 2.94709 2.89916 2.85985 2.8389 2.80399 2.77511 2.75769 2.7419 2.72928 2.71693 2.70502 2.69381 2.68196 2.67259 2.66707 2.67921 2.72819 2.70844 2.6978 2.69953 2.5928 2.43512 2.39032 2.35815 2.3369
-9999 -9999 -9999 -9999 -9999 -9999 -9999 -9999 3.49851 3.41841 3.39935 3.39793 3.42093 3.40665 3.30941 3.2877 3.23489 3.18455 3.18482 3.19904 3.22423 3.25363 3.30109 3.36973 3.42322 3.4289 3.33498 3.24553 3.22652 3.20078 3.15431 3.14073 3.1795 3.2154 3.18566 3.16488 3.10376 3.08607 3.08791 3.12282 3.1631 3.17807 3.13416 3.11644 3.10021 3.08482 3.02903 2.96201 2.8882 2.85218 2.82284 2.80047 2.77354 2.75687 2.74309 2.72988 2.71817 2.70695 2.69691 2.68672 2.68366 2.6819 2.71108 2.73189 2.73782 2.74895 2.6646 2.58294 2.46899 2.39089 2.35838 2.33729
