Test_Spring_2018b/02_18/Prec/20180215_003.txt
ncols	170
nrows	115
xllcorner	350000.000000
yllcorner	4445000.000000
cellsize	1000.000000
nodata_value	-9999.000000
[rows 31 to 61 of 115, columns 70 to 139 of 170]
0.613767 0.633018 0.642342 0.634721 0.639374 0.671766 0.672218 0.675352 0.697168 0.697072 0.686404 0.683829 0.675204 0.658763 0.652486 0.622267 0.522138 0.552374 0.565424 0.538166 0.557045 0.586504 0.5662 0.500261 0.47369 0.428935 0.446341 0.43233 0.396442 -9999 -9999 -9999 -9999 -9999 -9999 -9999 -9999 -9999 -9999 -9999 -9999 -9999 -9999 -9999 -9999 -9999 -9999 -9999 -9999 -9999 -9999 -9999 -9999 -9999 -9999 -9999 -9999 -9999 -9999 -9999 -9999 -9999 -9999 -9999 -9999 -9999 -9999 -9999 -9999 -9999
0.629393 0.639449 0.641685 0.633997 0.653708 0.672089 0.658779 0.665712 0.705788 0.708328 0.701996 0.683821 0.678153 0.672033 0.668775 0.64436 0.573361 0.509621 0.546375 0.549153 0.5271 0.57284 0.552405 0.4952 0.413434 0.462 0.452684 0.391956 0.378332 -9999 -9999 -9999 -9999 -9999 -9999 -9999 -9999 -9999 -9999 -9999 -9999 -9999 -9999 -9999 -9999 -9999 -9999 -9999 -9999 -9999 -9999 -9999 -9999 -9999 -9999 -9999 -9999 -9999 -9999 -9999 -9999 -9999 -9999 -9999 -9999 -9999 -9999 -9999 -9999 -9999
0.621662 0.642232 0.639073 0.637088 0.664508 0.666815 0.669314 0.682564 0.713521 0.719313 0.718445 0.711926 0.706385 0.700184 0.681414 0.653524 0.59312 0.52038 0.505173 0.543293 0.546863 0.554635 0.535762 0.511624 0.47274 0.508583 0.523869 0.484936 0.432169 0.411023 -9999 -9999 -9999 -9999 -9999 -9999 -9999 -9999 -9999 -9999 -9999 -9999 -9999 -9999 -9999 -9999 -9999 -9999 -9999 -9999 -9999 -9999 -9999 -9999 -9999 -9999 -9999 -9999 -9999 -9999 -9999 -9999 -9999 -9999 -9999 -9999 -9999 -9999 -9999 -9999
0.606792 0.640053 0.633587 0.611921 0.629239 0.643016 0.675284 0.689575 0.69563 0.727927 0.729119 0.730349 0.720203 0.712389 0.697794 0.671241 0.632494 0.585369 0.502033 0.555854 0.598309 0.598759 0.598063 0.581293 0.543545 0.578332 0.58174 0.529281 0.483336 0.450769 0.437885 -9999 -9999 -9999 -9999 -9999 -9999 -9999 -9999 -9999 -9999 -9999 -9999 -9999 -9999 -9999 -9999 -9999 -9999 -9999 -9999 -9999 -9999 -9999 -9999 -9999 -9999 -9999 -9999 -9999 -9999 -9999 -9999 -9999 -9999 -9999 -9999 -9999 -9999 -9999
-9999 0.632033 0.62551 0.598222 0.615384 0.637812 0.676956 0.706818 0.714902 0.726823 0.738868 0.740769 0.73071 0.695326 0.69226 0.692719 0.668085 0.614115 0.560005 0.546847 0.610467 0.629413 0.626829 0.641911 0.609723 0.626878 0.621915 0.603158 0.557674 0.508148 0.4884 0.448386 -9999 -9999 -9999 -9999 -9999 -9999 -9999 -9999 -9999 -9999 -9999 -9999 -9999 -9999 -9999 -9999 -9999 -9999 -9999 -9999 -9999 -9999 -9999 -9999 -9999 -9999 -9999 -9999 -9999 -9999 -9999 -9999 -9999 -9999 -9999 -9999 -9999 -9999
-9999 -9999 -9999 -9999 0.592587 0.629623 0.668803 0.697636 0.719044 0.734389 0.749409 0.751853 0.729369 0.719777 0.721354 0.706326 0.6777 0.660077 0.626348 0.590863 0.605476 0.659369 0.636211 0.674595 0.672152 0.68004 0.655971 0.61811 0.551668 0.515346 0.497805 0.465669 -9999 -9999 -9999 -9999 -9999 -9999 -9999 -9999 -9999 -9999 -9999 -9999 -9999 -9999 -9999 -9999 -9999 -9999 -9999 -9999 -9999 -9999 -9999 -9999 -9999 -9999 -9999 -9999 -9999 -9999 -9999 -9999 -9999 -9999 -9999 -9999 -9999 -9999
-9999 -9999 -9999 -9999 -9999 0.634213 0.667847 0.707737 0.723288 0.73483 0.75738 0.761265 0.755207 0.751254 0.743599 0.732212 0.71127 0.687429 0.655578 0.653128 0.687503 0.688006 0.680904 0.686592 0.704379 0.700294 0.658856 0.603804 0.568942 0.494191 0.464271 0.468708 0.448045 -9999 -9999 -9999 -9999 -9999 -9999 -9999 -9999 -9999 -9999 -9999 -9999 0.51904 -9999 -9999 -9999 -9999 -9999 -9999 -9999 -9999 -9999 -9999 -9999 -9999 -9999 -9999 -9999 -9999 -9999 -9999 -9999 -9999 0.31572 -9999 -9999 -9999
-9999 -9999 -9999 -9999 0.631083 0.676213 0.696999 0.723439 0.727023 0.740804 0.76665 0.771329 0.768609 0.764655 0.750482 0.748915 0.737955 0.711868 0.707025 0.718408 0.723352 0.728722 0.731767 0.728398 0.721071 0.712016 0.695346 0.664352 0.644065 0.575051 0.543616 0.513075 0.466224 0.429922 -9999 -9999 -9999 -9999 -9999 -9999 -9999 0.514997 0.510162 0.507487 0.514181 0.539295 0.517636 -9999 -9999 -9999 -9999 -9999 -9999 -9999 -9999 -9999 -9999 -9999 -9999 -9999 -9999 -9999 -9999 -9999 -9999 -9999 0.343643 0.302606 -9999 -9999
-9999 -9999 -9999 -9999 0.664741 0.691453 0.706676 0.732805 0.749828 0.756671 0.769057 0.781107 0.784648 0.780345 0.770958 0.774065 0.758158 0.749741 0.743305 0.758229 0.760515 0.753439 0.744714 0.73697 0.717239 0.714737 0.716036 0.696314 0.664387 0.631973 0.582004 0.517971 0.455411 0.405364 -9999 -9999 -9999 -9999 -9999 -9999 0.532597 0.554105 0.565125 0.529889 0.55175 0.570986 0.561894 0.532849 -9999 -9999 -9999 -9999 -9999 -9999 -9999 -9999 -9999 -9999 -9999 -9999 -9999 -9999 0.535507 0.49439 0.413131 0.37013 0.343059 0.305329 -9999 -9999
-9999 -9999 -9999 -9999 0.666731 0.698041 0.720852 0.742153 0.74959 0.769556 0.7798 0.789174 0.794042 0.79717 0.798891 0.786355 0.78183 0.759187 0.7823 0.780852 0.773846 0.749334 0.737663 0.696735 0.678171 0.680655 0.713074 0.68864 0.638281 0.575791 0.502556 0.495298 0.472305 0.428231 -9999 -9999 -9999 -9999 -9999 -9999 0.549931 0.572714 0.59033 0.588633 0.55234 0.589585 0.581991 0.551041 0.53879 0.551979 0.555756 0.537499 0.551397 0.554057 0.539777 0.548399 -9999 -9999 -9999 -9999 0.545752 0.545777 0.545274 0.52705 0.438499 0.376992 0.321161 0.312308 -9999 -9999
-9999 -9999 -9999 -9999 0.692451 0.713052 0.725769 0.731786 0.752416 0.771188 0.783834 0.807124 0.810807 0.814812 0.818077 0.815674 0.805159 0.808476 0.807594 0.799616 0.7548 0.702353 0.722851 0.681009 0.625396 0.672268 0.700252 0.672448 0.611294 0.541026 0.521373 0.520585 0.488131 0.452259 -9999 -9999 -9999 0.497697 0.53477 0.536769 0.545506 0.577022 0.599323 0.607198 0.614554 0.61439 0.585981 0.554668 0.521384 0.523109 0.562195 0.566942 0.561857 0.564398 0.550642 0.554695 0.564426 0.568719 0.568343 0.564056 0.562149 0.561914 0.559074 0.542257 0.460292 0.413516 0.382324 0.312464 -9999 -9999
-9999 -9999 -9999 -9999 0.707763 0.726701 0.743112 0.759517 0.767066 0.785711 0.798094 0.811997 0.818767 0.810224 0.825421 0.827105 0.827062 0.823584 0.817022 0.779249 0.726914 0.674079 0.648512 0.666231 0.626071 0.640415 0.668847 0.647087 0.617917 0.555484 0.548494 0.538038 0.477273 0.422987 -9999 -9999 0.432992 0.505504 0.555807 0.580565 0.586203 0.58343 0.612179 0.609326 0.639 0.63031 0.568743 0.565989 0.52959 0.533274 0.543595 0.541285 0.555285 0.570096 0.570393 0.567157 0.572382 0.571993 0.570899 0.569526 0.56321 0.564652 0.563881 0.552964 0.495183 0.465611 0.432471 0.319059 -9999 -9999
-9999 -9999 -9999 -9999 0.730023 0.751743 0.775147 0.782854 0.80133 0.787795 0.78915 0.814664 0.824381 0.820047 0.817482 0.833251 0.834377 0.833495 0.830407 0.794556 0.752578 0.689645 0.649556 0.632902 0.615168 0.594112 0.608673 0.604106 0.598474 0.606564 0.581894 0.551495 0.519617 0.454137 0.422068 -9999 0.444522 0.477984 0.537987 0.587732 0.617564 0.60214 0.635088 0.636158 0.657088 0.636878 0.593479 0.57195 0.562172 0.549782 0.566923 0.567069 0.568517 0.570931 0.573754 0.572843 0.572781 0.571947 0.571206 0.570876 0.57003 0.56912 0.567099 0.562305 0.534884 0.50527 0.443483 0.324285 -9999 -9999
-9999 -9999 -9999 0.676909 0.73178 0.765641 0.781873 0.794892 0.806775 0.816465 0.825947 0.822743 0.832016 0.833218 0.812453 0.817702 0.824148 0.839057 0.837509 0.832867 0.808763 0.732433 0.71116 0.677077 0.628234 0.603112 0.612723 0.652266 0.651041 0.62591 0.598244 0.561865 0.53173 0.49505 0.418986 0.428887 0.465678 0.492688 0.533633 0.594774 0.635873 0.651402 0.653524 0.667389 0.668442 0.641865 0.610573 0.59423 0.571758 0.560542 0.551487 0.558146 0.558794 0.570878 0.574863 0.573291 0.572748 0.572071 0.571758 0.571902 0.571761 0.570838 0.57025 0.569033 0.565562 0.527066 0.431198 0.351717 -9999 -9999
-9999 -9999 -9999 -9999 0.726439 0.744779 0.753615 0.764661 0.781436 0.799654 0.823097 0.829381 0.843266 0.839307 0.820138 0.798286 0.821899 0.831079 0.839373 0.837975 0.832778 0.775803 0.742477 0.716197 0.669458 0.681343 0.696762 0.698018 0.689007 0.633936 0.579548 0.518994 0.460643 0.459764 0.425911 0.444202 0.469526 0.529523 0.570965 0.586548 0.595943 0.655235 0.669865 0.668335 0.677284 0.646977 0.626506 0.599974 0.594833 0.583321 0.57357 0.518088 0.552413 0.54747 0.570958 0.5745 0.573579 0.572703 0.572638 0.572358 0.572391 0.572132 0.57209 0.570857 0.567341 0.541308 0.423063 0.354332 -9999 -9999
-9999 -9999 -9999 -9999 -9999 -9999 0.746045 0.761106 0.772246 0.787394 0.824082 0.836358 0.845075 0.847839 0.839875 0.813615 0.808821 0.813787 0.788898 0.808396 0.837238 0.835769 0.831694 0.776684 0.74467 0.770908 0.76237 0.72153 0.689858 0.659057 0.59506 0.550915 0.483652 0.433749 0.433736 0.492713 0.539779 0.600598 0.627125 0.611278 0.624836 0.653736 0.684508 0.695515 0.683991 0.652219 0.633857 0.597858 0.612457 0.604014 0.581888 0.561746 0.553505 0.560236 0.558912 0.576745 0.578128 0.574107 0.573474 0.573346 0.573335 0.573323 0.572168 0.570976 0.569004 0.565518 0.444035 0.341207 -9999 -9999
-9999 -9999 -9999 -9999 -9999 -9999 0.727715 0.739064 0.759342 0.803144 0.827549 0.838943 0.841054 0.846732 0.841211 0.820266 0.797898 0.777182 0.750092 0.765256 0.805877 0.829602 0.831918 0.783908 0.804878 0.79502 0.77646 0.723067 0.684138 0.664135 0.602624 0.552413 0.508024 0.446349 0.475206 0.506733 0.546497 0.611561 0.655588 0.672425 0.655761 0.672393 0.708615 0.70259 0.672615 0.665519 0.636618 0.590961 0.616525 0.615831 0.59676 0.588479 0.572807 0.569826 0.572598 0.576299 0.578239 0.576123 0.574133 0.573821 0.574054 0.574042 0.573337 0.572551 0.570664 0.567682 0.488119 0.340974 -9999 -9999
-9999 -9999 -9999 -9999 -9999 -9999 -9999 0.717036 0.756838 0.813255 0.829606 0.830932 0.843644 0.845895 0.836312 0.827764 0.800916 0.764038 0.692697 0.710633 0.748244 0.802631 0.831222 0.827397 0.807824 0.779744 0.71255 0.654015 0.647368 0.638551 0.593823 0.555755 0.505944 0.536887 0.570743 0.607614 0.627485 0.62354 0.661161 0.690875 0.676002 0.697326 0.721353 0.702184 0.687095 0.672135 0.641121 0.629497 0.620166 0.629785 0.604486 0.602661 0.590114 0.580872 0.578251 0.577768 0.57909 0.576995 0.575414 0.575194 0.574726 0.575132 0.574612 0.573522 0.571716 0.568859 0.558739 0.474566 0.424992 -9999
-9999 -9999 -9999 -9999 -9999 -9999 -9999 0.689337 0.711191 0.776865 0.798958 0.828402 0.844318 0.845812 0.828632 0.819586 0.779514 0.766403 0.701326 0.669929 0.69529 0.685741 0.76118 0.828098 0.810195 0.67579 0.627196 0.592735 0.60208 0.602816 0.590936 0.523551 0.50497 0.569118 0.609988 0.641917 0.666288 0.672106 0.671481 0.718782 0.722417 0.734676 0.726768 0.722326 0.691198 0.668101 0.666034 0.640582 0.627182 0.637582 0.605596 0.614034 0.598988 0.584458 0.576543 0.582863 0.580687 0.578862 0.577145 0.576314 0.576213 0.575289 0.575502 0.574563 0.572389 0.570119 0.566265 0.546807 0.503179 0.483877
-9999 -9999 -9999 -9999 -9999 -9999 -9999 -9999 0.657908 0.747348 0.789288 0.811456 0.841475 0.845359 0.840254 0.821837 0.779864 0.743657 0.685646 0.620088 0.580147 0.687259 0.780679 0.829845 0.820137 0.708458 0.664519 0.662739 0.68909 0.667656 0.651654 0.600991 0.585451 0.5638 0.578226 0.623994 0.658523 0.692524 0.717147 0.718823 0.733855 0.737376 0.733834 0.731151 0.721573 0.711416 0.673424 0.679336 0.655264 0.651793 0.636501 0.62192 0.605644 0.583669 0.585457 0.587507 0.584865 0.581783 0.579605 0.578976 0.578972 0.579034 0.575928 0.575062 0.573484 0.570771 0.567649 0.556438 0.546711 0.517962
-9999 -9999 -9999 -9999 -9999 -9999 -9999 -9999 0.619955 0.708478 0.751982 0.806242 0.84041 0.852478 0.849126 0.83387 0.801768 0.754691 0.716372 0.643049 0.567531 0.674239 0.772128 0.826949 0.830852 0.732772 0.759101 0.738336 0.74712 0.708907 0.693269 0.683375 0.655798 0.625733 0.596576 0.577506 0.656072 0.696404 0.728754 0.743623 0.751311 0.753922 0.744942 0.73139 0.690108 0.70939 0.693418 0.681204 0.668182 0.65651 0.643541 0.630295 0.615965 0.606794 0.590564 0.594626 0.588334 0.585288 0.583456 0.582425 0.581983 0.582083 0.58219 0.577583 0.574407 0.571778 0.568487 0.557422 0.551871 0.544958
-9999 -9999 -9999 -9999 -9999 -9999 -9999 -9999 0.505016 0.632172 0.744425 0.796018 0.840709 0.85043 0.852911 0.832949 0.818326 0.784597 0.75354 0.705947 0.634457 0.591803 0.667508 0.791261 0.832845 0.82498 0.82253 0.798471 0.776745 0.774127 0.775898 0.753043 0.721935 0.67207 0.654193 0.6365 0.694653 0.70221 0.697485 0.761295 0.760346 0.754942 0.727699 0.690739 0.69055 0.662964 0.661793 0.632485 0.641867 0.648466 0.644875 0.634905 0.620721 0.613263 0.604771 0.598225 0.593608 0.590019 0.587694 0.586492 0.585933 0.585321 0.585149 0.585464 0.577321 0.574909 0.569517 0.558323 0.553152 0.546829
-9999 -9999 -9999 -9999 -9999 -9999 -9999 -9999 0.529086 0.63636 0.725245 0.781819 0.831468 0.841404 0.856913 0.851732 0.836479 0.807155 0.771348 0.732381 0.671241 0.626784 0.685646 0.755602 0.815453 0.831603 0.826228 0.825079 0.819683 0.826203 0.819058 0.816719 0.78853 0.738834 0.711761 0.672833 0.737379 0.744002 0.733055 0.764775 0.761884 0.710752 0.670285 0.662131 0.673376 0.645317 0.627141 0.60143 0.608233 0.640795 0.622268 0.615294 0.622008 0.616952 0.608686 0.603509 0.598801 0.59528 0.592605 0.591222 0.590535 0.589485 0.588952 0.588421 0.586918 0.576182 0.572922 0.560884 0.553747 0.548142
-9999 -9999 -9999 -9999 -9999 -9999 -9999 -9999 0.549901 0.612106 0.691804 0.773911 0.827078 0.847317 0.861684 0.860148 0.842569 0.827967 0.805731 0.771465 0.748973 0.708813 0.652959 0.753259 0.769858 0.791485 0.813675 0.841958 0.841111 0.827655 0.809081 0.821313 0.81258 0.774775 0.761448 0.740033 0.775277 0.77435 0.772329 0.769234 0.72612 0.666283 0.617432 0.647414 0.636231 0.637443 0.575898 0.611435 0.634257 0.635447 0.601865 0.577351 0.614722 0.61098 0.609337 0.606886 0.604371 0.600342 0.598246 0.596177 0.594871 0.59393 0.592848 0.591799 0.590224 0.588105 0.574472 0.562144 0.557001 0.550228
-9999 -9999 -9999 -9999 -9999 -9999 -9999 -9999 -9999 0.590902 0.695993 0.784942 0.833197 0.862596 0.875908 0.873941 0.864371 0.854343 0.840834 0.816603 0.786404 0.737838 0.702614 0.729373 0.743845 0.740944 0.76122 0.818176 0.837296 0.809113 0.744936 0.77888 0.821552 0.818774 0.812982 0.806888 0.795072 0.78886 0.776805 0.746567 0.656566 0.641921 0.604862 0.605701 0.583989 0.607942 0.578676 0.611251 0.620652 0.618898 0.573542 0.56967 0.599238 0.609174 0.599849 0.604755 0.609193 0.605891 0.60336 0.600983 0.599619 0.598454 0.597158 0.595957 0.59408 0.591827 0.575873 0.563051 0.555202 0.548196
-9999 -9999 -9999 -9999 -9999 -9999 -9999 -9999 -9999 0.586133 0.686446 0.791653 0.823856 0.855965 0.883595 0.882624 0.868539 0.855811 0.843433 0.829932 0.792362 0.75632 0.722131 0.712004 0.721122 0.694792 0.726963 0.800949 0.814904 0.808031 0.7364 0.710484 0.768143 0.81623 0.818123 0.811619 0.750744 0.761632 0.728154 0.683302 0.66961 0.648587 0.606045 0.622094 0.588907 0.596744 0.567614 0.583466 0.587213 0.606508 0.56655 0.555736 0.584263 0.598929 0.593303 0.610395 0.61377 0.611999 0.609385 0.607251 0.605321 0.603958 0.602151 0.600148 0.597796 0.594427 0.589095 0.564091 0.507035 0.502469
-9999 -9999 -9999 -9999 -9999 -9999 -9999 -9999 -9999 0.609869 0.679009 0.772218 0.840578 0.842974 0.875367 0.891582 0.876341 0.859882 0.843642 0.837209 0.795669 0.750191 0.713824 0.670417 0.679061 0.712177 0.73635 0.784014 0.792094 0.781407 0.742455 0.758481 0.797141 0.816646 0.820915 0.813849 0.799025 0.789706 0.764387 0.75231 0.717655 0.664347 0.641501 0.650894 0.59286 0.592004 0.606664 0.557587 0.585811 0.595472 0.546715 0.561896 0.59266 0.60547 0.616405 0.619101 0.617668 0.618584 0.615375 0.612976 0.610799 0.60859 0.606553 0.603677 0.600743 0.593617 0.58395 0.540713 0.494623 0.493457
-9999 -9999 -9999 -9999 -9999 -9999 -9999 -9999 -9999 0.634781 0.696792 0.777398 0.825664 0.832755 0.868997 0.901349 0.896596 0.879319 0.874157 0.857146 0.821584 0.782438 0.739639 0.719258 0.671062 0.719624 0.727343 0.76752 0.785864 0.754302 0.736852 0.762684 0.788239 0.797152 0.82291 0.82054 0.809381 0.768152 0.746978 0.752899 0.742357 0.725368 0.687297 0.682253 0.655689 0.641727 0.627683 0.570411 0.582242 0.577392 0.567393 0.597129 0.610205 0.617066 0.623225 0.621206 0.621777 0.624427 0.621511 0.618684 0.615923 0.613532 0.610613 0.606247 0.602023 0.590022 0.570681 0.537007 0.457363 0.487522
-9999 -9999 -9999 -9999 -9999 -9999 -9999 -9999 -9999 0.637592 0.703416 0.772029 0.799614 0.802817 0.869867 0.910544 0.909557 0.900901 0.891254 0.848291 0.850976 0.842708 0.803597 0.746411 0.683436 0.689311 0.714926 0.747876 0.764851 0.712528 0.692472 0.703957 0.743672 0.778954 0.815855 0.823635 0.810042 0.746875 0.679811 0.707491 0.737025 0.733971 0.7213 0.685085 0.670573 0.656519 0.627572 0.57085 0.55769 0.56248 0.589183 0.596889 0.6126 0.624943 0.612601 0.611616 0.624529 0.630472 0.627208 0.624102 0.621419 0.618348 0.614974 0.608386 0.601444 0.591587 0.54606 0.51619 0.462354 0.486239
-9999 -9999 -9999 -9999 -9999 -9999 -9999 -9999 -9999 0.630874 0.678007 0.743445 0.768732 0.810254 0.873565 0.904097 0.91824 0.916987 0.910118 0.890423 0.878537 0.855529 0.814243 0.757832 0.695058 0.65392 0.673889 0.712398 0.721862 0.679836 0.653767 0.682 0.7245 0.78834 0.823902 0.826864 0.821279 0.806433 0.756712 0.696955 0.694317 0.719847 0.692336 0.660507 0.671444 0.663742 0.635004 0.61226 0.571388 0.562163 0.578741 0.582988 0.602274 0.63397 0.63399 0.628006 0.639262 0.635946 0.632563 0.629699 0.626436 0.623176 0.619628 0.613432 0.6033 0.571846 0.543766 0.505893 0.497617 0.503974
-9999 -9999 -9999 -9999 -9999 -9999 -9999 -9999 -9999 0.609387 0.664936 0.726018 0.783196 0.837323 0.883816 0.886109 0.910193 0.909037 0.921322 0.916619 0.897983 0.878019 0.841843 0.76889 0.707351 0.640239 0.656611 0.715582 0.704514 0.670739 0.609898 0.668864 0.734069 0.792959 0.823898 0.796011 0.8203 0.815806 0.795559 0.758758 0.70277 0.700347 0.656868 0.650894 0.666575 0.668072 0.659174 0.640543 0.602403 0.576363 0.583127 0.580791 0.598091 0.621472 0.644591 0.644491 0.645421 0.641524 0.637785 0.63464 0.631274 0.627347 0.62257 0.615966 0.588952 0.557322 0.536232 0.508463 0.501339 0.530051
