Test_Spring_2018b/02_18/Prec/20180204_009.txt
ncols	170
nrows	115
xllcorner	350000.000000
yllcorner	4445000.000000
cellsize	1000.000000
nodata_value	-9999.000000
[rows 31 to 61 of 115, columns 70 to 139 of 170]
0.21991 0.220647 0.222427 0.225892 0.228527 0.233568 0.243765 0.247033 0.266417 0.269642 0.273661 0.276816 0.280299 0.284242 0.287079 0.291769 0.302314 0.301394 0.301832 0.305679 0.3055 0.304422 0.307716 0.315055 0.319093 0.324816 0.322103 0.331617 0.336196 -9999 -9999 -9999 -9999 -9999 -9999 -9999 -9999 -9999 -9999 -9999 -9999 -9999 -9999 -9999 -9999 -9999 -9999 -9999 -9999 -9999 -9999 -9999 -9999 -9999 -9999 -9999 -9999 -9999 -9999 -9999 -9999 -9999 -9999 -9999 -9999 -9999 -9999 -9999 -9999 -9999
0.216308 0.217942 0.220407 0.223911 0.225227 0.226833 0.243019 0.254238 0.263847 0.2667 0.270205 0.274585 0.277707 0.280685 0.28323 0.287434 0.295521 0.302859 0.301407 0.302857 0.30646 0.304233 0.307815 0.314683 0.323791 0.321717 0.324751 0.335775 0.335084 -9999 -9999 -9999 -9999 -9999 -9999 -9999 -9999 -9999 -9999 -9999 -9999 -9999 -9999 -9999 -9999 -9999 -9999 -9999 -9999 -9999 -9999 -9999 -9999 -9999 -9999 -9999 -9999 -9999 -9999 -9999 -9999 -9999 -9999 -9999 -9999 -9999 -9999 -9999 -9999 -9999
0.214685 0.215492 0.218494 0.22155 0.222211 0.225185 0.233142 0.251163 0.261284 0.263763 0.266696 0.269971 0.272999 0.275922 0.279779 0.284292 0.291512 0.299726 0.302918 0.301491 0.303097 0.304412 0.308136 0.312434 0.318135 0.317481 0.318706 0.321235 0.331304 0.339079 -9999 -9999 -9999 -9999 -9999 -9999 -9999 -9999 -9999 -9999 -9999 -9999 -9999 -9999 -9999 -9999 -9999 -9999 -9999 -9999 -9999 -9999 -9999 -9999 -9999 -9999 -9999 -9999 -9999 -9999 -9999 -9999 -9999 -9999 -9999 -9999 -9999 -9999 -9999 -9999
0.213657 0.213439 0.216801 0.221624 0.223205 0.225204 0.23948 0.258371 0.260893 0.261032 0.263727 0.266261 0.269621 0.272626 0.276086 0.280475 0.28585 0.291918 0.30113 0.298507 0.29695 0.299145 0.301573 0.30554 0.311474 0.311262 0.313883 0.314917 0.332322 0.337032 0.339923 -9999 -9999 -9999 -9999 -9999 -9999 -9999 -9999 -9999 -9999 -9999 -9999 -9999 -9999 -9999 -9999 -9999 -9999 -9999 -9999 -9999 -9999 -9999 -9999 -9999 -9999 -9999 -9999 -9999 -9999 -9999 -9999 -9999 -9999 -9999 -9999 -9999 -9999 -9999
-9999 0.211881 0.21533 0.220725 0.222397 0.223711 0.233503 0.247053 0.257265 0.25917 0.260897 0.263327 0.266621 0.271957 0.274369 0.276392 0.280549 0.287254 0.294025 0.297343 0.294142 0.294971 0.297844 0.299375 0.305184 0.306888 0.31065 0.312197 0.319636 0.333671 0.337592 0.343096 -9999 -9999 -9999 -9999 -9999 -9999 -9999 -9999 -9999 -9999 -9999 -9999 -9999 -9999 -9999 -9999 -9999 -9999 -9999 -9999 -9999 -9999 -9999 -9999 -9999 -9999 -9999 -9999 -9999 -9999 -9999 -9999 -9999 -9999 -9999 -9999 -9999 -9999
-9999 -9999 -9999 -9999 0.222442 0.232217 0.240926 0.245905 0.254964 0.256613 0.258086 0.260439 0.264756 0.26779 0.269733 0.273043 0.277518 0.281085 0.286147 0.291512 0.292726 0.290755 0.295696 0.295545 0.299165 0.302101 0.307985 0.315675 0.321349 0.334866 0.339114 0.344439 -9999 -9999 -9999 -9999 -9999 -9999 -9999 -9999 -9999 -9999 -9999 -9999 -9999 -9999 -9999 -9999 -9999 -9999 -9999 -9999 -9999 -9999 -9999 -9999 -9999 -9999 -9999 -9999 -9999 -9999 -9999 -9999 -9999 -9999 -9999 -9999 -9999 -9999
-9999 -9999 -9999 -9999 -9999 0.230192 0.239052 0.239375 0.25271 0.254768 0.255615 0.257824 0.260662 0.263126 0.265776 0.268682 0.272423 0.276498 0.281417 0.283999 0.283648 0.28652 0.290357 0.293394 0.295678 0.300125 0.304881 0.317581 0.324739 0.33872 0.344642 0.347389 0.352035 -9999 -9999 -9999 -9999 -9999 -9999 -9999 -9999 -9999 -9999 -9999 -9999 0.334633 -9999 -9999 -9999 -9999 -9999 -9999 -9999 -9999 -9999 -9999 -9999 -9999 -9999 -9999 -9999 -9999 -9999 -9999 -9999 -9999 0.237951 -9999 -9999 -9999
-9999 -9999 -9999 -9999 0.215543 0.232328 0.234664 0.236392 0.243522 0.252575 0.253184 0.255311 0.257795 0.260156 0.263244 0.26517 0.267933 0.272124 0.274679 0.276105 0.278424 0.281079 0.284325 0.288517 0.293425 0.298821 0.305664 0.313069 0.319628 0.326658 0.340665 0.347117 0.354678 0.360928 -9999 -9999 -9999 -9999 -9999 -9999 -9999 0.354865 0.352098 0.348533 0.343638 0.33673 0.33356 -9999 -9999 -9999 -9999 -9999 -9999 -9999 -9999 -9999 -9999 -9999 -9999 -9999 -9999 -9999 -9999 -9999 -9999 -9999 0.236327 0.233856 -9999 -9999
-9999 -9999 -9999 -9999 0.226741 0.228942 0.232084 0.234129 0.236724 0.249695 0.251532 0.253008 0.254872 0.257134 0.259645 0.260991 0.264018 0.266548 0.269167 0.270289 0.272928 0.276847 0.281398 0.286353 0.292813 0.298204 0.303949 0.311077 0.319384 0.327751 0.340483 0.350595 0.360243 0.368358 -9999 -9999 -9999 -9999 -9999 -9999 0.362678 0.35797 0.353358 0.352046 0.345194 0.338102 0.333122 0.318169 -9999 -9999 -9999 -9999 -9999 -9999 -9999 -9999 -9999 -9999 -9999 -9999 -9999 -9999 0.240546 0.239973 0.24234 0.240818 0.237338 0.234241 -9999 -9999
-9999 -9999 -9999 -9999 0.224213 0.226404 0.229261 0.232058 0.235766 0.244298 0.249371 0.251065 0.252721 0.254182 0.255529 0.258007 0.259831 0.26341 0.263345 0.265842 0.269342 0.274937 0.280023 0.288245 0.295104 0.301147 0.304242 0.312538 0.323248 0.335059 0.354979 0.356741 0.363759 0.372096 -9999 -9999 -9999 -9999 -9999 -9999 0.368565 0.363352 0.357642 0.352786 0.350252 0.340821 0.324607 0.319598 0.313 0.304393 0.296942 0.292964 0.276789 0.271043 0.267483 0.262607 -9999 -9999 -9999 -9999 0.247815 0.244733 0.241267 0.238776 0.241729 0.241644 0.240372 0.22896 -9999 -9999
-9999 -9999 -9999 -9999 0.219722 0.223264 0.227403 0.231895 0.234774 0.2433 0.248024 0.246457 0.248169 0.249453 0.250509 0.251903 0.254004 0.255071 0.256823 0.259648 0.266227 0.274107 0.276348 0.287855 0.301068 0.30112 0.305333 0.314729 0.327239 0.340621 0.356595 0.358931 0.367621 0.373105 -9999 -9999 -9999 0.381632 0.378576 0.377217 0.373963 0.36752 0.360803 0.357269 0.350173 0.344226 0.328237 0.322312 0.316626 0.308167 0.296902 0.289182 0.276017 0.270011 0.266292 0.256967 0.253118 0.2502 0.247941 0.246049 0.243757 0.240924 0.237752 0.235106 0.241632 0.240099 0.236381 0.221583 -9999 -9999
-9999 -9999 -9999 -9999 0.216415 0.22031 0.224326 0.227292 0.231452 0.234191 0.241731 0.245372 0.246743 0.248957 0.248761 0.249539 0.250455 0.25185 0.25388 0.259147 0.266338 0.274326 0.280757 0.286067 0.295662 0.299153 0.303693 0.317684 0.32617 0.339494 0.348017 0.362616 0.370908 0.381772 -9999 -9999 0.393849 0.389345 0.38525 0.381809 0.378505 0.374529 0.366595 0.360383 0.35056 0.344484 0.331535 0.322478 0.317928 0.308408 0.291261 0.284 0.276549 0.263506 0.259067 0.255854 0.252668 0.250515 0.248723 0.246984 0.245434 0.242729 0.239538 0.236407 0.236439 0.233111 0.225145 0.219167 -9999 -9999
-9999 -9999 -9999 -9999 0.212135 0.215954 0.219517 0.224194 0.227574 0.233971 0.242298 0.242851 0.245748 0.24744 0.248554 0.247836 0.248354 0.249238 0.250723 0.255652 0.261872 0.270777 0.278635 0.286942 0.295047 0.301472 0.307549 0.31586 0.324732 0.332752 0.348494 0.365463 0.375882 0.385151 0.394099 -9999 0.400883 0.400078 0.395247 0.389526 0.383801 0.380406 0.371439 0.364098 0.355405 0.348193 0.33309 0.316604 0.307435 0.299104 0.288988 0.28131 0.274476 0.268187 0.258439 0.25521 0.252793 0.251081 0.249705 0.248317 0.246683 0.244481 0.241573 0.237944 0.23523 0.228477 0.226236 0.220528 -9999 -9999
-9999 -9999 -9999 0.202817 0.210435 0.213578 0.21813 0.222691 0.226949 0.230884 0.238177 0.242162 0.243418 0.245847 0.248321 0.248247 0.248012 0.247239 0.248337 0.250373 0.254945 0.265019 0.272393 0.280927 0.291853 0.299895 0.307004 0.312194 0.321473 0.333238 0.345456 0.363491 0.379379 0.390228 0.400827 0.405649 0.40662 0.406673 0.403589 0.396769 0.389756 0.383188 0.376253 0.368352 0.35922 0.343637 0.326993 0.316981 0.308006 0.298785 0.290281 0.281451 0.274487 0.266989 0.261726 0.25494 0.252897 0.25159 0.250634 0.249654 0.248353 0.246451 0.243594 0.239689 0.232521 0.229004 0.225379 0.216253 -9999 -9999
-9999 -9999 -9999 -9999 0.20964 0.214445 0.219948 0.224976 0.229079 0.232507 0.238508 0.240914 0.241876 0.244173 0.247209 0.249252 0.247271 0.246732 0.24674 0.248307 0.251127 0.260149 0.267771 0.275941 0.287005 0.292373 0.299495 0.308608 0.319252 0.334377 0.34974 0.370489 0.385268 0.394354 0.408007 0.410517 0.412898 0.410353 0.407309 0.404336 0.399795 0.389008 0.38156 0.367129 0.355491 0.346611 0.328406 0.318377 0.307094 0.297202 0.288185 0.284296 0.274066 0.268217 0.261316 0.257123 0.252897 0.252005 0.251457 0.250931 0.249976 0.248288 0.24554 0.240215 0.2318 0.226425 0.22788 0.217535 -9999 -9999
-9999 -9999 -9999 -9999 -9999 -9999 0.220146 0.225044 0.22984 0.233716 0.23852 0.240477 0.241904 0.243073 0.244516 0.247517 0.247801 0.247423 0.250111 0.249771 0.24985 0.253529 0.258665 0.269457 0.278358 0.283983 0.293568 0.306792 0.319936 0.333562 0.350415 0.370238 0.386437 0.400385 0.408883 0.41075 0.411953 0.409532 0.407843 0.407518 0.402407 0.391724 0.380191 0.368786 0.358213 0.348727 0.329834 0.319903 0.306269 0.295566 0.287178 0.279897 0.273103 0.266157 0.261436 0.256483 0.254197 0.252292 0.25215 0.25195 0.251289 0.249791 0.244983 0.240095 0.233747 0.226112 0.227457 0.219823 -9999 -9999
-9999 -9999 -9999 -9999 -9999 -9999 0.221436 0.226773 0.230896 0.232403 0.238254 0.240349 0.242384 0.243302 0.244502 0.24653 0.248495 0.250221 0.253045 0.253002 0.251791 0.253235 0.257811 0.268044 0.272511 0.28143 0.292105 0.306696 0.320802 0.333875 0.350938 0.371611 0.386256 0.401634 0.408001 0.412555 0.414437 0.411922 0.408753 0.405009 0.401946 0.39337 0.380993 0.370625 0.361173 0.349058 0.330736 0.321169 0.306172 0.294453 0.285532 0.277035 0.270752 0.264632 0.25962 0.256023 0.253872 0.253077 0.252657 0.252696 0.252195 0.249845 0.246451 0.241443 0.234926 0.22702 0.22446 0.220493 -9999 -9999
-9999 -9999 -9999 -9999 -9999 -9999 -9999 0.228531 0.230979 0.231423 0.237986 0.241001 0.242167 0.243429 0.245017 0.245992 0.248266 0.251417 0.258021 0.257683 0.256669 0.255392 0.257633 0.263996 0.271972 0.282476 0.297402 0.312504 0.323909 0.336137 0.351893 0.371636 0.386916 0.394434 0.400517 0.404732 0.408428 0.411901 0.409303 0.404724 0.401269 0.392168 0.38069 0.371278 0.360338 0.348704 0.330424 0.317736 0.305618 0.292898 0.284449 0.275364 0.268807 0.263285 0.258828 0.255703 0.253726 0.253048 0.252953 0.252945 0.252326 0.250341 0.246891 0.241832 0.235203 0.227164 0.218458 0.208959 0.201306 -9999
-9999 -9999 -9999 -9999 -9999 -9999 -9999 0.230788 0.234702 0.234286 0.240389 0.240997 0.241946 0.243359 0.245706 0.246875 0.250414 0.251561 0.25754 0.261747 0.261762 0.265953 0.264033 0.264139 0.271809 0.291375 0.304537 0.317402 0.327272 0.338524 0.35129 0.373478 0.385939 0.39048 0.395868 0.400441 0.403698 0.405961 0.406783 0.400633 0.395701 0.387438 0.3788 0.368201 0.358751 0.347932 0.327221 0.315872 0.304247 0.291599 0.283867 0.274029 0.26781 0.262868 0.258972 0.255334 0.253704 0.25301 0.252546 0.252675 0.252116 0.249824 0.24623 0.241096 0.234461 0.226365 0.217144 0.20207 0.194008 0.183628
-9999 -9999 -9999 -9999 -9999 -9999 -9999 -9999 0.238982 0.236366 0.240805 0.242047 0.241836 0.243155 0.244961 0.246957 0.250756 0.254075 0.259578 0.266302 0.272739 0.266753 0.263136 0.26458 0.271241 0.288547 0.300982 0.310663 0.318682 0.331454 0.344159 0.364597 0.37642 0.388043 0.395411 0.399259 0.399397 0.399823 0.398413 0.396256 0.390301 0.383353 0.374627 0.364222 0.35329 0.341753 0.324439 0.310809 0.300515 0.289437 0.280587 0.273026 0.267144 0.263021 0.258392 0.255161 0.253537 0.251471 0.251706 0.25161 0.250829 0.249052 0.244464 0.239284 0.232634 0.22469 0.21559 0.199942 0.189274 0.180069
-9999 -9999 -9999 -9999 -9999 -9999 -9999 -9999 0.241842 0.239093 0.243461 0.241898 0.241833 0.242737 0.244084 0.246042 0.249235 0.253732 0.257728 0.265263 0.273723 0.268144 0.26496 0.265657 0.271903 0.286458 0.292343 0.303153 0.312128 0.325746 0.337775 0.354203 0.366474 0.378267 0.389995 0.394441 0.393037 0.392687 0.390531 0.38731 0.382218 0.375316 0.370549 0.359334 0.351769 0.338331 0.31957 0.308192 0.297564 0.287754 0.279184 0.271908 0.266168 0.261147 0.258185 0.253609 0.250485 0.250265 0.250163 0.249778 0.248729 0.246689 0.243471 0.238679 0.229872 0.222143 0.213384 0.197964 0.187455 0.17691
-9999 -9999 -9999 -9999 -9999 -9999 -9999 -9999 0.251301 0.244938 0.243903 0.242534 0.241535 0.242456 0.243507 0.246131 0.248089 0.2517 0.255301 0.260777 0.268973 0.275494 0.273987 0.268366 0.272214 0.278394 0.286214 0.296678 0.307599 0.317376 0.327091 0.344027 0.357097 0.369886 0.373197 0.381395 0.381272 0.383456 0.384408 0.377054 0.373017 0.367293 0.361709 0.359472 0.349351 0.337781 0.318332 0.309291 0.2975 0.286795 0.278001 0.270919 0.265521 0.258774 0.255442 0.249943 0.248945 0.248425 0.247971 0.247204 0.245803 0.243537 0.240157 0.235552 0.229286 0.222239 0.210576 0.195491 0.185614 0.175714
-9999 -9999 -9999 -9999 -9999 -9999 -9999 -9999 0.248737 0.248882 0.244756 0.243533 0.241606 0.24263 0.242749 0.244343 0.246634 0.250141 0.254395 0.259303 0.266692 0.273353 0.271903 0.272175 0.272805 0.276423 0.285013 0.292796 0.301528 0.309971 0.319858 0.334746 0.345588 0.350288 0.359799 0.369101 0.367859 0.369766 0.371136 0.366684 0.363171 0.361967 0.358254 0.350496 0.344532 0.336968 0.319145 0.308289 0.297587 0.285393 0.276754 0.26979 0.262858 0.258028 0.250247 0.248189 0.246888 0.245966 0.245107 0.243926 0.24216 0.239646 0.236135 0.231584 0.226065 0.218498 0.210878 0.19591 0.183532 0.174355
-9999 -9999 -9999 -9999 -9999 -9999 -9999 -9999 0.242953 0.250299 0.246769 0.243374 0.241143 0.241363 0.241746 0.243246 0.245992 0.248479 0.251784 0.256452 0.260577 0.266846 0.275197 0.27082 0.276778 0.279314 0.283146 0.288228 0.296401 0.306056 0.322112 0.328954 0.328684 0.339011 0.346421 0.353425 0.35412 0.356301 0.356766 0.355455 0.355799 0.355938 0.353714 0.343542 0.336128 0.331642 0.318265 0.304398 0.292492 0.283123 0.276599 0.271673 0.262398 0.252029 0.248544 0.246039 0.24422 0.242937 0.241589 0.240046 0.237974 0.235196 0.231611 0.227132 0.221803 0.215673 0.207201 0.192632 0.184165 0.172284
-9999 -9999 -9999 -9999 -9999 -9999 -9999 -9999 -9999 0.248328 0.243855 0.23906 0.237438 0.237109 0.237869 0.23971 0.24206 0.244417 0.247179 0.251119 0.255972 0.262944 0.269402 0.271216 0.277368 0.281637 0.286067 0.28791 0.293503 0.303513 0.323196 0.317816 0.320884 0.327384 0.333378 0.338374 0.341677 0.343934 0.345133 0.346294 0.351063 0.348637 0.345998 0.339022 0.333211 0.327846 0.311636 0.299484 0.289662 0.281361 0.277574 0.271208 0.255619 0.249957 0.246936 0.243495 0.241016 0.239281 0.237561 0.23566 0.23328 0.230314 0.226675 0.221277 0.215949 0.209905 0.201153 0.18644 0.178621 0.170654
-9999 -9999 -9999 -9999 -9999 -9999 -9999 -9999 -9999 0.249463 0.243762 0.237377 0.237045 0.236461 0.236033 0.237901 0.240798 0.243564 0.246397 0.249542 0.255108 0.260986 0.267243 0.272024 0.275787 0.284264 0.287062 0.286722 0.291964 0.299261 0.308638 0.316918 0.317702 0.318853 0.323326 0.327629 0.335547 0.33599 0.33891 0.341409 0.339832 0.337613 0.336137 0.32866 0.324744 0.316798 0.306419 0.296641 0.288159 0.278777 0.275135 0.269717 0.253926 0.247924 0.244495 0.239782 0.236762 0.234482 0.232347 0.230024 0.227345 0.224126 0.220352 0.215954 0.210943 0.205416 0.199528 0.190868 0.179906 0.172588
-9999 -9999 -9999 -9999 -9999 -9999 -9999 -9999 -9999 0.246715 0.243447 0.2379 0.234306 0.236236 0.2354 0.235839 0.238935 0.242144 0.24543 0.248056 0.25401 0.260681 0.267013 0.274463 0.277944 0.279847 0.283941 0.285241 0.290268 0.297105 0.302227 0.30596 0.307479 0.310232 0.313701 0.317373 0.320777 0.322632 0.324716 0.324459 0.324989 0.326043 0.323489 0.317332 0.316384 0.310041 0.302102 0.293396 0.283543 0.275644 0.273292 0.25768 0.249583 0.243784 0.238828 0.235158 0.232273 0.229441 0.227038 0.22446 0.221604 0.218367 0.21465 0.210501 0.20585 0.201086 0.196123 0.193728 0.177922 0.171121
-9999 -9999 -9999 -9999 -9999 -9999 -9999 -9999 -9999 0.243813 0.240892 0.236221 0.234211 0.235635 0.234423 0.23347 0.235701 0.239046 0.241441 0.245037 0.25049 0.256573 0.263354 0.268615 0.276731 0.27691 0.282112 0.283498 0.286997 0.290933 0.296874 0.298943 0.300782 0.303668 0.304558 0.307209 0.309819 0.31413 0.31573 0.313982 0.312675 0.310998 0.310313 0.306055 0.30309 0.298615 0.293887 0.286639 0.278837 0.272732 0.259245 0.250288 0.243863 0.238589 0.233945 0.230494 0.227189 0.223936 0.221252 0.218506 0.215574 0.21233 0.208785 0.204982 0.200778 0.196881 0.193295 0.190686 0.177939 0.169174
-9999 -9999 -9999 -9999 -9999 -9999 -9999 -9999 -9999 0.242756 0.239231 0.23537 0.234969 0.236596 0.232627 0.230909 0.232805 0.235419 0.238227 0.244089 0.246223 0.249586 0.255945 0.264226 0.273377 0.276924 0.2773 0.281854 0.284927 0.289532 0.295022 0.297628 0.297531 0.297449 0.296746 0.297979 0.30038 0.306317 0.311778 0.308196 0.303625 0.301089 0.298666 0.29765 0.294232 0.290369 0.287521 0.277427 0.27574 0.269216 0.251883 0.245503 0.238928 0.233152 0.229996 0.226275 0.221685 0.217926 0.215079 0.212219 0.209223 0.20608 0.202723 0.199368 0.195758 0.192122 0.191325 0.188965 0.180058 0.166625
-9999 -9999 -9999 -9999 -9999 -9999 -9999 -9999 -9999 0.242437 0.240257 0.236428 0.23602 0.23416 0.230388 0.22946 0.229991 0.231935 0.234489 0.238325 0.2417 0.246292 0.252754 0.26083 0.269764 0.277116 0.279436 0.281464 0.275039 0.287455 0.292901 0.293464 0.292527 0.289392 0.288271 0.289462 0.29081 0.292322 0.296177 0.300204 0.298585 0.293853 0.293086 0.292124 0.286967 0.283026 0.280608 0.277481 0.269197 0.255648 0.247495 0.241518 0.234643 0.227118 0.222754 0.21929 0.214651 0.211516 0.208539 0.205584 0.202646 0.19962 0.196475 0.193379 0.190421 0.189104 0.187299 0.186174 0.182358 0.16225
-9999 -9999 -9999 -9999 -9999 -9999 -9999 -9999 -9999 0.243299 0.240111 0.236404 0.233005 0.229856 0.227378 0.228768 0.228343 0.230213 0.231065 0.233572 0.237502 0.24179 0.247744 0.257151 0.26583 0.275229 0.277597 0.274692 0.277729 0.283522 0.291525 0.288946 0.285553 0.28237 0.281209 0.284691 0.283153 0.283568 0.284779 0.286836 0.289964 0.287867 0.288766 0.285892 0.280669 0.276268 0.27244 0.269218 0.258431 0.249126 0.24162 0.236221 0.229451 0.222521 0.21599 0.211833 0.207911 0.20468 0.201642 0.198691 0.195827 0.193015 0.190222 0.187488 0.186388 0.185534 0.18361 0.182119 0.178719 0.163762
