Test_Spring_2018b/02_18/Prec/20180204_006.txt
ncols	170
nrows	115
xllcorner	350000.000000
yllcorner	4445000.000000
cellsize	1000.000000
nodata_value	-9999.000000
[rows 31 to 61 of 115, columns 70 to 139 of 170]
0.646115 0.638797 0.634676 0.636129 0.633325 0.628442 0.625408 0.623526 0.618149 0.617492 0.620494 0.620903 0.623527 0.629004 0.631319 0.64201 0.676613 0.667667 0.664937 0.676249 0.672484 0.665636 0.676045 0.702303 0.715731 0.735684 0.733252 0.743708 0.761226 -9999 -9999 -9999 -9999 -9999 -9999 -9999 -9999 -9999 -9999 -9999 -9999 -9999 -9999 -9999 -9999 -9999 -9999 -9999 -9999 -9999 -9999 -9999 -9999 -9999 -9999 -9999 -9999 -9999 -9999 -9999 -9999 -9999 -9999 -9999 -9999 -9999 -9999 -9999 -9999 -9999
0.641545 0.637351 0.635658 0.637186 0.62937 0.621913 0.630872 0.630024 0.616476 0.615047 0.61671 0.622504 0.624258 0.626375 0.627775 0.636591 0.661427 0.684167 0.673413 0.674512 0.6844 0.671863 0.682055 0.705049 0.736705 0.724771 0.732635 0.756572 0.767772 -9999 -9999 -9999 -9999 -9999 -9999 -9999 -9999 -9999 -9999 -9999 -9999 -9999 -9999 -9999 -9999 -9999 -9999 -9999 -9999 -9999 -9999 -9999 -9999 -9999 -9999 -9999 -9999 -9999 -9999 -9999 -9999 -9999 -9999 -9999 -9999 -9999 -9999 -9999 -9999 -9999
0.645027 0.637294 0.637434 0.637062 0.626678 0.624676 0.6304 0.625334 0.614912 0.612446 0.61233 0.61426 0.616033 0.618234 0.624911 0.63493 0.656206 0.681964 0.688677 0.677783 0.678914 0.679012 0.688472 0.700072 0.71698 0.708998 0.708188 0.723875 0.748552 0.761044 -9999 -9999 -9999 -9999 -9999 -9999 -9999 -9999 -9999 -9999 -9999 -9999 -9999 -9999 -9999 -9999 -9999 -9999 -9999 -9999 -9999 -9999 -9999 -9999 -9999 -9999 -9999 -9999 -9999 -9999 -9999 -9999 -9999 -9999 -9999 -9999 -9999 -9999 -9999 -9999
0.651088 0.639064 0.640308 0.646563 0.639579 0.633711 0.631241 0.624416 0.621789 0.610391 0.609585 0.608905 0.612232 0.614975 0.620238 0.629792 0.643745 0.660832 0.690456 0.674198 0.662128 0.664575 0.667762 0.676701 0.693017 0.685148 0.688063 0.710222 0.731084 0.746166 0.754449 -9999 -9999 -9999 -9999 -9999 -9999 -9999 -9999 -9999 -9999 -9999 -9999 -9999 -9999 -9999 -9999 -9999 -9999 -9999 -9999 -9999 -9999 -9999 -9999 -9999 -9999 -9999 -9999 -9999 -9999 -9999 -9999 -9999 -9999 -9999 -9999 -9999 -9999 -9999
-9999 0.642949 0.644179 0.652293 0.645324 0.636501 0.624525 0.621404 0.615945 0.611362 0.606842 0.60588 0.60912 0.621099 0.622418 0.622811 0.631952 0.651291 0.671009 0.677268 0.658 0.65414 0.657877 0.655976 0.670293 0.668216 0.673775 0.686342 0.704276 0.725518 0.735873 0.752822 -9999 -9999 -9999 -9999 -9999 -9999 -9999 -9999 -9999 -9999 -9999 -9999 -9999 -9999 -9999 -9999 -9999 -9999 -9999 -9999 -9999 -9999 -9999 -9999 -9999 -9999 -9999 -9999 -9999 -9999 -9999 -9999 -9999 -9999 -9999 -9999 -9999 -9999
-9999 -9999 -9999 -9999 0.654141 0.642627 0.628622 0.625094 0.615015 0.60917 0.603536 0.602276 0.60959 0.612764 0.612414 0.617932 0.628335 0.635354 0.648147 0.66189 0.659108 0.643443 0.65409 0.644305 0.648554 0.649541 0.661458 0.680954 0.705412 0.72198 0.731441 0.745569 -9999 -9999 -9999 -9999 -9999 -9999 -9999 -9999 -9999 -9999 -9999 -9999 -9999 -9999 -9999 -9999 -9999 -9999 -9999 -9999 -9999 -9999 -9999 -9999 -9999 -9999 -9999 -9999 -9999 -9999 -9999 -9999 -9999 -9999 -9999 -9999 -9999 -9999
-9999 -9999 -9999 -9999 -9999 0.642136 0.629876 0.615056 0.613879 0.609155 0.600816 0.598902 0.600511 0.601623 0.604235 0.608395 0.616099 0.625134 0.637242 0.639827 0.630387 0.632741 0.638012 0.63929 0.636759 0.641812 0.66208 0.684856 0.700573 0.728212 0.741783 0.743497 0.753364 -9999 -9999 -9999 -9999 -9999 -9999 -9999 -9999 -9999 -9999 -9999 -9999 0.745713 -9999 -9999 -9999 -9999 -9999 -9999 -9999 -9999 -9999 -9999 -9999 -9999 -9999 -9999 -9999 -9999 -9999 -9999 -9999 -9999 0.761027 -9999 -9999 -9999
-9999 -9999 -9999 -9999 0.643589 0.629454 0.620938 0.610498 0.614835 0.607075 0.597406 0.595002 0.595267 0.59617 0.600789 0.601475 0.605685 0.615387 0.618346 0.616265 0.616782 0.617567 0.619514 0.623957 0.630009 0.636851 0.649032 0.663587 0.674448 0.69976 0.714385 0.727872 0.746522 0.761277 -9999 -9999 -9999 -9999 -9999 -9999 -9999 0.743993 0.746446 0.748094 0.746513 0.738659 0.746513 -9999 -9999 -9999 -9999 -9999 -9999 -9999 -9999 -9999 -9999 -9999 -9999 -9999 -9999 -9999 -9999 -9999 -9999 -9999 0.756268 0.763804 -9999 -9999
-9999 -9999 -9999 -9999 0.635966 0.625347 0.618527 0.608 0.600556 0.601488 0.59609 0.590931 0.58882 0.58959 0.592367 0.591285 0.597015 0.600665 0.604121 0.600865 0.602348 0.607444 0.613511 0.619607 0.630031 0.634856 0.641112 0.652038 0.66696 0.681842 0.701103 0.725925 0.74988 0.769245 -9999 -9999 -9999 -9999 -9999 -9999 0.736528 0.730227 0.72742 0.740167 0.733638 0.727963 0.731812 0.738234 -9999 -9999 -9999 -9999 -9999 -9999 -9999 -9999 -9999 -9999 -9999 -9999 -9999 -9999 0.717992 0.727498 0.749793 0.758514 0.761278 0.767161 -9999 -9999
-9999 -9999 -9999 -9999 0.636517 0.624157 0.61457 0.605445 0.600997 0.590046 0.591788 0.58722 0.584357 0.582334 0.58111 0.585084 0.586815 0.59516 0.588625 0.590923 0.595639 0.606769 0.614031 0.631547 0.641833 0.647565 0.641201 0.653958 0.675302 0.70049 0.729572 0.733631 0.744305 0.761671 -9999 -9999 -9999 -9999 -9999 -9999 0.730449 0.723721 0.718731 0.720254 0.733446 0.72186 0.721896 0.732653 0.737126 0.733074 0.732265 0.742564 0.727723 0.727203 0.732463 0.729976 -9999 -9999 -9999 -9999 0.72749 0.724723 0.72123 0.7228 0.747203 0.761698 0.773596 0.762073 -9999 -9999
-9999 -9999 -9999 -9999 0.629094 0.620134 0.613714 0.609487 0.600328 0.589591 0.589625 0.571237 0.569059 0.567023 0.565514 0.566227 0.570024 0.569547 0.570909 0.575112 0.592196 0.612321 0.608314 0.635134 0.65761 0.649227 0.644682 0.658878 0.684131 0.712166 0.723298 0.725506 0.739464 0.748404 -9999 -9999 -9999 0.740513 0.72907 0.729238 0.726987 0.716971 0.710028 0.714106 0.712668 0.717212 0.721029 0.732109 0.743912 0.744002 0.731609 0.730909 0.727267 0.727314 0.732956 0.729389 0.727097 0.726257 0.726406 0.727099 0.726065 0.72344 0.720627 0.721479 0.746002 0.755018 0.757988 0.760602 -9999 -9999
-9999 -9999 -9999 -9999 0.614852 0.606115 0.598325 0.590374 0.585583 0.577304 0.569183 0.568815 0.565423 0.567456 0.561781 0.560989 0.561147 0.562874 0.566092 0.580313 0.599945 0.620255 0.631872 0.628318 0.645845 0.648376 0.643617 0.667035 0.675587 0.701137 0.707723 0.715437 0.738183 0.759497 -9999 -9999 0.762449 0.739294 0.723301 0.715669 0.71431 0.715694 0.706434 0.707872 0.698451 0.704772 0.720478 0.721933 0.742138 0.741829 0.735262 0.737366 0.736915 0.725461 0.727166 0.730066 0.729915 0.731223 0.732092 0.732153 0.732797 0.729628 0.725963 0.724506 0.737724 0.74045 0.738543 0.761663 -9999 -9999
-9999 -9999 -9999 -9999 0.599694 0.589267 0.578626 0.573695 0.565585 0.576647 0.57225 0.562422 0.562666 0.56315 0.563343 0.557696 0.557365 0.558137 0.560124 0.573664 0.589804 0.613554 0.630146 0.638369 0.648485 0.658621 0.658353 0.664803 0.671788 0.674217 0.697153 0.711838 0.726337 0.750537 0.764063 -9999 0.760397 0.750367 0.731006 0.7148 0.705101 0.71055 0.699685 0.699641 0.695286 0.702914 0.712856 0.717192 0.721258 0.726635 0.722504 0.730556 0.73461 0.735643 0.730206 0.732964 0.735224 0.737257 0.73849 0.738552 0.737546 0.735186 0.731781 0.727928 0.730431 0.728726 0.74026 0.764639 -9999 -9999
-9999 -9999 -9999 0.620806 0.600234 0.585353 0.576847 0.569928 0.563928 0.559203 0.552949 0.559741 0.555734 0.557927 0.564174 0.561998 0.559801 0.555182 0.556589 0.559561 0.569652 0.597925 0.60732 0.619249 0.639346 0.654876 0.656488 0.648344 0.654175 0.668182 0.683034 0.700682 0.723603 0.739393 0.767009 0.765992 0.755342 0.747459 0.734421 0.714212 0.70051 0.695301 0.694603 0.691791 0.691958 0.698471 0.704548 0.710448 0.718904 0.724099 0.729114 0.729359 0.734288 0.738153 0.739222 0.737377 0.7404 0.742933 0.744483 0.744721 0.74366 0.741319 0.737272 0.731895 0.723191 0.727174 0.75291 0.764116 -9999 -9999
-9999 -9999 -9999 -9999 0.602944 0.59296 0.586697 0.580282 0.572559 0.564966 0.554206 0.552083 0.547782 0.552944 0.561068 0.567992 0.559966 0.557224 0.55525 0.557066 0.560729 0.579925 0.59358 0.605456 0.624845 0.627907 0.627729 0.632725 0.641481 0.665941 0.690208 0.716454 0.741738 0.7471 0.76729 0.762907 0.756185 0.737169 0.723872 0.718861 0.715638 0.695443 0.691512 0.690039 0.686895 0.697289 0.699877 0.709196 0.711896 0.717377 0.722914 0.744486 0.738415 0.743595 0.739394 0.744852 0.744747 0.747835 0.74971 0.750387 0.749427 0.746874 0.742505 0.73521 0.730048 0.72998 0.759986 0.767087 -9999 -9999
-9999 -9999 -9999 -9999 -9999 -9999 0.589357 0.58148 0.575632 0.569126 0.554108 0.550156 0.547811 0.547704 0.551277 0.562733 0.564273 0.562915 0.572065 0.566119 0.557346 0.559565 0.563222 0.584674 0.6015 0.597231 0.605228 0.624583 0.641217 0.657802 0.685671 0.706791 0.735494 0.757776 0.762477 0.746371 0.734504 0.715215 0.706874 0.712321 0.707506 0.697052 0.686028 0.681745 0.685287 0.696013 0.697976 0.710454 0.706559 0.711158 0.721109 0.731098 0.739682 0.741365 0.745991 0.744123 0.747451 0.75156 0.753946 0.754803 0.753984 0.751358 0.747035 0.741136 0.733922 0.725886 0.756555 0.774792 -9999 -9999
-9999 -9999 -9999 -9999 -9999 -9999 0.595365 0.588696 0.5798 0.563735 0.553055 0.549614 0.549724 0.548856 0.551792 0.559793 0.568354 0.575637 0.585201 0.58084 0.56824 0.561789 0.563112 0.582043 0.580859 0.588711 0.600103 0.623772 0.643005 0.656171 0.68348 0.706962 0.728306 0.7549 0.75018 0.743572 0.733078 0.713187 0.698909 0.693062 0.69833 0.69195 0.678861 0.680092 0.689651 0.691902 0.697436 0.713126 0.705569 0.707667 0.716771 0.723011 0.734342 0.739633 0.743231 0.746475 0.749936 0.75403 0.756923 0.757988 0.757166 0.75446 0.750111 0.743969 0.736571 0.728168 0.744474 0.777459 -9999 -9999
-9999 -9999 -9999 -9999 -9999 -9999 -9999 0.595638 0.58025 0.560072 0.552278 0.55245 0.549215 0.549718 0.554206 0.558162 0.567984 0.580846 0.605378 0.599969 0.588222 0.57124 0.563496 0.56733 0.579651 0.593519 0.621229 0.646616 0.655015 0.66452 0.686337 0.705918 0.729341 0.724979 0.718821 0.710621 0.706984 0.710156 0.698155 0.688074 0.692494 0.684381 0.675226 0.680708 0.685084 0.689849 0.696056 0.700233 0.704448 0.703133 0.714447 0.718663 0.729092 0.736699 0.742324 0.747179 0.751025 0.755253 0.758186 0.759239 0.758664 0.755883 0.751487 0.745458 0.73804 0.729598 0.722494 0.734251 0.738648 -9999
-9999 -9999 -9999 -9999 -9999 -9999 -9999 0.604156 0.594955 0.571827 0.562219 0.553124 0.549018 0.549969 0.557184 0.561089 0.575538 0.580455 0.602299 0.614481 0.606707 0.611077 0.58732 0.567078 0.578686 0.628195 0.649476 0.666634 0.669578 0.675848 0.68663 0.716132 0.729158 0.713756 0.705395 0.699017 0.693995 0.693931 0.694886 0.678584 0.677266 0.672126 0.673631 0.674035 0.683706 0.691117 0.687483 0.696289 0.701867 0.700304 0.713904 0.714705 0.726025 0.735474 0.742934 0.745531 0.750574 0.754712 0.75764 0.758893 0.758239 0.755852 0.751292 0.745345 0.738227 0.729796 0.720814 0.71095 0.713586 0.707893
-9999 -9999 -9999 -9999 -9999 -9999 -9999 -9999 0.611863 0.580909 0.564667 0.558208 0.549522 0.549826 0.551759 0.559707 0.575033 0.587773 0.607251 0.628809 0.646036 0.610903 0.580868 0.56637 0.575099 0.616699 0.636182 0.642123 0.639165 0.652774 0.664848 0.688593 0.70059 0.714141 0.714759 0.704424 0.695284 0.685905 0.678441 0.677589 0.671337 0.670937 0.670947 0.67072 0.673083 0.676086 0.684448 0.682667 0.691822 0.694904 0.702834 0.711331 0.723009 0.734882 0.738965 0.742877 0.747943 0.752242 0.755303 0.756404 0.755684 0.753266 0.749692 0.743967 0.736981 0.729103 0.720329 0.708057 0.699778 0.697763
-9999 -9999 -9999 -9999 -9999 -9999 -9999 -9999 0.623139 0.59268 0.575884 0.558754 0.547644 0.544074 0.547363 0.554285 0.56633 0.582784 0.595681 0.619911 0.644644 0.612038 0.583589 0.56696 0.568199 0.607779 0.603302 0.615373 0.618081 0.637108 0.648845 0.658571 0.674497 0.690803 0.707045 0.716611 0.693527 0.68211 0.672166 0.66701 0.663384 0.660866 0.667062 0.669773 0.682846 0.675935 0.676754 0.681086 0.686489 0.692269 0.699309 0.707202 0.718066 0.725412 0.735325 0.736825 0.744085 0.748358 0.751101 0.752212 0.751609 0.749252 0.745359 0.744658 0.734744 0.727403 0.719325 0.707523 0.698574 0.689921
-9999 -9999 -9999 -9999 -9999 -9999 -9999 -9999 0.659805 0.616499 0.574479 0.558644 0.543415 0.542409 0.543716 0.552228 0.558411 0.570428 0.580968 0.596636 0.620128 0.633938 0.613718 0.572909 0.566476 0.575609 0.580536 0.593409 0.606086 0.612802 0.618364 0.632042 0.65018 0.672899 0.682454 0.692874 0.67668 0.67639 0.679088 0.657636 0.657157 0.657595 0.665113 0.683009 0.682464 0.690294 0.686012 0.696133 0.693954 0.693485 0.697208 0.703773 0.714346 0.717958 0.725476 0.733606 0.738855 0.742985 0.745647 0.746673 0.746093 0.744098 0.740559 0.735567 0.736368 0.730422 0.717773 0.706641 0.698466 0.690508
-9999 -9999 -9999 -9999 -9999 -9999 -9999 -9999 0.646659 0.60693 0.577982 0.557959 0.543291 0.542138 0.538992 0.542491 0.548903 0.559505 0.571766 0.584684 0.604864 0.619454 0.599515 0.58321 0.564578 0.565574 0.577424 0.582254 0.589082 0.59328 0.601607 0.607941 0.623565 0.644015 0.658259 0.675708 0.657323 0.657411 0.662363 0.651965 0.652439 0.668623 0.68094 0.682376 0.686333 0.695653 0.696894 0.704778 0.703443 0.69412 0.698208 0.703902 0.707544 0.713347 0.72256 0.728029 0.732892 0.736644 0.739163 0.740116 0.73959 0.737911 0.734821 0.730589 0.725671 0.72788 0.721959 0.71168 0.698503 0.691306
-9999 -9999 -9999 -9999 -9999 -9999 -9999 -9999 0.635265 0.611234 0.585423 0.556569 0.540607 0.535864 0.533005 0.53522 0.542422 0.548137 0.555963 0.567489 0.574864 0.58823 0.607154 0.573935 0.577425 0.576788 0.572669 0.56737 0.572594 0.58265 0.599954 0.601772 0.60842 0.62653 0.635876 0.647245 0.638667 0.641345 0.643446 0.64504 0.659408 0.67891 0.694452 0.683419 0.68649 0.695919 0.711707 0.694911 0.688243 0.689611 0.702356 0.713628 0.706502 0.714466 0.718479 0.72258 0.726286 0.72986 0.73194 0.733016 0.732748 0.731246 0.72872 0.725196 0.720973 0.716176 0.720011 0.710454 0.704399 0.698429
-9999 -9999 -9999 -9999 -9999 -9999 -9999 -9999 -9999 0.612414 0.575169 0.546804 0.532468 0.524599 0.522066 0.524426 0.528972 0.533239 0.53827 0.546598 0.556779 0.573186 0.585346 0.57707 0.58235 0.59056 0.586988 0.571742 0.569876 0.584474 0.609951 0.602777 0.59415 0.600574 0.607528 0.613904 0.625373 0.629861 0.635496 0.646502 0.677023 0.677499 0.689205 0.688099 0.694795 0.69778 0.702523 0.69195 0.689807 0.692055 0.709593 0.715823 0.712851 0.712571 0.718768 0.719967 0.719627 0.722641 0.724663 0.725776 0.725618 0.724448 0.722413 0.720674 0.717173 0.713113 0.719253 0.709947 0.705551 0.700568
-9999 -9999 -9999 -9999 -9999 -9999 -9999 -9999 -9999 0.605184 0.572418 0.538436 0.529339 0.520383 0.512881 0.514821 0.520883 0.526144 0.530961 0.535912 0.548862 0.56135 0.573445 0.577832 0.576286 0.602192 0.594461 0.573236 0.572791 0.579817 0.605617 0.619678 0.605521 0.594357 0.598346 0.604589 0.628454 0.627352 0.640412 0.65657 0.661608 0.668668 0.682733 0.677011 0.688047 0.685592 0.702624 0.697811 0.697592 0.692653 0.70817 0.716308 0.714001 0.711783 0.71637 0.713108 0.714116 0.716355 0.718247 0.71925 0.719402 0.718567 0.717112 0.715007 0.712376 0.709521 0.70684 0.716768 0.722302 0.717614
-9999 -9999 -9999 -9999 -9999 -9999 -9999 -9999 -9999 0.590464 0.568115 0.538021 0.516547 0.517415 0.508151 0.504205 0.510646 0.517246 0.523539 0.526357 0.540948 0.55694 0.570081 0.585952 0.584753 0.575868 0.586503 0.57397 0.575237 0.583204 0.597421 0.596907 0.588708 0.586757 0.589587 0.595753 0.603951 0.609649 0.62009 0.625463 0.637939 0.656332 0.664252 0.661272 0.681147 0.682021 0.678048 0.702584 0.694154 0.692395 0.710708 0.715004 0.706995 0.705107 0.703797 0.705084 0.707453 0.7086 0.710606 0.711736 0.712146 0.711915 0.710999 0.709785 0.70807 0.707313 0.70702 0.717706 0.727222 0.722476
-9999 -9999 -9999 -9999 -9999 -9999 -9999 -9999 -9999 0.574591 0.554538 0.528519 0.513613 0.512696 0.501968 0.492482 0.495371 0.502328 0.505062 0.511702 0.524592 0.538791 0.554436 0.562842 0.581029 0.567069 0.584045 0.573917 0.571519 0.582412 0.592749 0.588544 0.584362 0.585598 0.580853 0.585186 0.592006 0.608444 0.617602 0.617149 0.621842 0.628418 0.641937 0.644297 0.654012 0.659692 0.665699 0.693913 0.691072 0.69417 0.705051 0.698946 0.696696 0.696569 0.696612 0.699244 0.700736 0.701169 0.703045 0.704405 0.705227 0.705408 0.705271 0.705167 0.704607 0.706313 0.710187 0.718631 0.740747 0.726497
-9999 -9999 -9999 -9999 -9999 -9999 -9999 -9999 -9999 0.565501 0.544036 0.521871 0.513716 0.513896 0.492607 0.480204 0.481802 0.485929 0.49035 0.505997 0.50632 0.51047 0.525231 0.54637 0.569806 0.570414 0.572191 0.574341 0.572267 0.589884 0.600826 0.601133 0.591829 0.583837 0.575035 0.575716 0.583221 0.607032 0.631756 0.624183 0.615683 0.617952 0.623345 0.636658 0.642738 0.648826 0.660159 0.676572 0.694753 0.694602 0.695298 0.694646 0.691357 0.689195 0.695274 0.697371 0.694559 0.693808 0.695818 0.697397 0.698441 0.699223 0.699735 0.700988 0.702057 0.703843 0.717426 0.725539 0.733713 0.729139
-9999 -9999 -9999 -9999 -9999 -9999 -9999 -9999 -9999 0.559069 0.543755 0.522451 0.514834 0.501866 0.481646 0.472539 0.469006 0.47071 0.474367 0.482437 0.488006 0.497501 0.513381 0.534624 0.558304 0.574992 0.571378 0.579592 0.580243 0.594004 0.606767 0.601166 0.590629 0.572714 0.564093 0.566187 0.570863 0.578357 0.597316 0.619402 0.622029 0.61502 0.625818 0.638073 0.635981 0.640295 0.65186 0.661589 0.685305 0.696707 0.694354 0.69482 0.690225 0.681405 0.68317 0.686818 0.68447 0.686808 0.688913 0.690569 0.692078 0.69331 0.694379 0.696105 0.698949 0.7088 0.717361 0.729093 0.730741 0.725541
-9999 -9999 -9999 -9999 -9999 -9999 -9999 -9999 -9999 0.557197 0.538868 0.518795 0.500164 0.482692 0.467927 0.468198 0.461269 0.463002 0.460376 0.463664 0.471857 0.480727 0.495305 0.52253 0.546156 0.571893 0.569695 0.561833 0.574694 0.589991 0.614336 0.598172 0.579738 0.563232 0.555927 0.56822 0.562699 0.566665 0.57575 0.590259 0.61112 0.613857 0.630411 0.634348 0.631048 0.63262 0.637806 0.646385 0.657444 0.687593 0.688308 0.690991 0.687008 0.6809 0.674776 0.676348 0.677422 0.679958 0.682264 0.684191 0.686016 0.687862 0.689842 0.692301 0.701521 0.712198 0.71924 0.728466 0.730677 0.712485
