Test_Spring_2018b/02_18/Prec/20180219_013.txt
ncols	170
nrows	115
xllcorner	350000.000000
yllcorner	4445000.000000
cellsize	1000.000000
nodata_value	-9999.000000
[rows 31 to 61 of 115, columns 70 to 139 of 170]
0.327164 0.332594 0.334697 0.330972 0.331883 0.34503 0.341985 0.343346 0.340663 0.341843 0.339301 0.339647 0.337749 0.332903 0.331477 0.321208 0.285607 0.296327 0.300571 0.290098 0.295895 0.305306 0.296811 0.271962 0.261246 0.244123 0.251048 0.252771 0.23904 -9999 -9999 -9999 -9999 -9999 -9999 -9999 -9999 -9999 -9999 -9999 -9999 -9999 -9999 -9999 -9999 -9999 -9999 -9999 -9999 -9999 -9999 -9999 -9999 -9999 -9999 -9999 -9999 -9999 -9999 -9999 -9999 -9999 -9999 -9999 -9999 -9999 -9999 -9999 -9999 -9999
0.325936 0.328191 0.327869 0.324208 0.330558 0.336627 0.330522 0.332733 0.336827 0.338737 0.337484 0.331958 0.330824 0.329401 0.328832 0.320489 0.295253 0.272383 0.285255 0.285772 0.277244 0.292867 0.284749 0.263464 0.233426 0.250101 0.246159 0.233524 0.229408 -9999 -9999 -9999 -9999 -9999 -9999 -9999 -9999 -9999 -9999 -9999 -9999 -9999 -9999 -9999 -9999 -9999 -9999 -9999 -9999 -9999 -9999 -9999 -9999 -9999 -9999 -9999 -9999 -9999 -9999 -9999 -9999 -9999 -9999 -9999 -9999 -9999 -9999 -9999 -9999 -9999
0.31564 0.321838 0.319761 0.318293 0.32751 0.327876 0.331195 0.33201 0.332514 0.335412 0.335888 0.334274 0.33292 0.331218 0.32489 0.315163 0.293659 0.267606 0.262017 0.27541 0.276359 0.278763 0.271612 0.262585 0.248313 0.260831 0.266052 0.254159 0.244221 0.235945 -9999 -9999 -9999 -9999 -9999 -9999 -9999 -9999 -9999 -9999 -9999 -9999 -9999 -9999 -9999 -9999 -9999 -9999 -9999 -9999 -9999 -9999 -9999 -9999 -9999 -9999 -9999 -9999 -9999 -9999 -9999 -9999 -9999 -9999 -9999 -9999 -9999 -9999 -9999 -9999
0.302142 0.313136 0.310123 0.30183 0.307603 0.312181 0.326548 0.316037 0.318966 0.331206 0.33222 0.333146 0.329897 0.327382 0.32235 0.312962 0.299147 0.28229 0.252445 0.271669 0.286827 0.286966 0.286717 0.280743 0.267294 0.279831 0.281163 0.267137 0.257326 0.245661 0.241003 -9999 -9999 -9999 -9999 -9999 -9999 -9999 -9999 -9999 -9999 -9999 -9999 -9999 -9999 -9999 -9999 -9999 -9999 -9999 -9999 -9999 -9999 -9999 -9999 -9999 -9999 -9999 -9999 -9999 -9999 -9999 -9999 -9999 -9999 -9999 -9999 -9999 -9999 -9999
-9999 0.301853 0.299144 0.289132 0.295087 0.302927 0.317304 0.320224 0.31875 0.323583 0.328305 0.329254 0.3258 0.313189 0.312083 0.312217 0.303382 0.284092 0.264816 0.260273 0.283287 0.29039 0.289856 0.295696 0.284655 0.291285 0.289996 0.286455 0.271905 0.261681 0.254763 0.240496 -9999 -9999 -9999 -9999 -9999 -9999 -9999 -9999 -9999 -9999 -9999 -9999 -9999 -9999 -9999 -9999 -9999 -9999 -9999 -9999 -9999 -9999 -9999 -9999 -9999 -9999 -9999 -9999 -9999 -9999 -9999 -9999 -9999 -9999 -9999 -9999 -9999 -9999
-9999 -9999 -9999 -9999 0.279208 0.293456 0.295475 0.310321 0.313253 0.319217 0.324845 0.325779 0.317643 0.314027 0.314375 0.308808 0.298459 0.292178 0.280291 0.267945 0.273693 0.293643 0.286137 0.300734 0.300764 0.304495 0.296758 0.285338 0.265205 0.25981 0.25389 0.242595 -9999 -9999 -9999 -9999 -9999 -9999 -9999 -9999 -9999 -9999 -9999 -9999 -9999 -9999 -9999 -9999 -9999 -9999 -9999 -9999 -9999 -9999 -9999 -9999 -9999 -9999 -9999 -9999 -9999 -9999 -9999 -9999 -9999 -9999 -9999 -9999 -9999 -9999
-9999 -9999 -9999 -9999 -9999 0.287963 0.288503 0.303224 0.308024 0.31255 0.32072 0.321963 0.319465 0.31762 0.314437 0.309995 0.302289 0.293762 0.282624 0.282275 0.295357 0.296539 0.295171 0.298495 0.306205 0.306085 0.295643 0.275449 0.264286 0.24793 0.2378 0.23975 0.232521 -9999 -9999 -9999 -9999 -9999 -9999 -9999 -9999 -9999 -9999 -9999 -9999 0.258687 -9999 -9999 -9999 -9999 -9999 -9999 -9999 -9999 -9999 -9999 -9999 -9999 -9999 -9999 -9999 -9999 -9999 -9999 -9999 -9999 0.221439 -9999 -9999 -9999
-9999 -9999 -9999 -9999 0.277524 0.284202 0.292565 0.302585 0.308403 0.308196 0.317399 0.318714 0.317158 0.315047 0.309282 0.30815 0.303882 0.294507 0.293089 0.297849 0.300653 0.303911 0.306572 0.307092 0.306271 0.304828 0.301809 0.292602 0.28702 0.266488 0.26232 0.251914 0.235413 0.222472 -9999 -9999 -9999 -9999 -9999 -9999 -9999 0.252245 0.25092 0.250511 0.253581 0.263343 0.256439 -9999 -9999 -9999 -9999 -9999 -9999 -9999 -9999 -9999 -9999 -9999 -9999 -9999 -9999 -9999 -9999 -9999 -9999 -9999 0.230049 0.218072 -9999 -9999
-9999 -9999 -9999 -9999 0.272217 0.283367 0.289993 0.300048 0.306347 0.307792 0.312034 0.315768 0.316187 0.313664 0.309336 0.309643 0.303441 0.300317 0.298362 0.304527 0.306622 0.305756 0.304604 0.304006 0.299219 0.300597 0.304557 0.299819 0.29046 0.280628 0.272456 0.250229 0.228201 0.210378 -9999 -9999 -9999 -9999 -9999 -9999 0.254891 0.262931 0.267417 0.255533 0.264241 0.272137 0.269987 0.264777 -9999 -9999 -9999 -9999 -9999 -9999 -9999 -9999 -9999 -9999 -9999 -9999 -9999 -9999 0.288852 0.275645 0.248454 0.23534 0.228294 0.217765 -9999 -9999
-9999 -9999 -9999 -9999 0.266607 0.279799 0.28943 0.297933 0.300862 0.30214 0.310128 0.312682 0.313296 0.313127 0.312476 0.306924 0.304602 0.296285 0.304909 0.305333 0.304326 0.297541 0.295731 0.283709 0.279822 0.284544 0.29914 0.293172 0.277627 0.257384 0.238353 0.239001 0.231223 0.215561 -9999 -9999 -9999 -9999 -9999 -9999 0.257798 0.266365 0.273331 0.273616 0.261721 0.276303 0.278437 0.269343 0.266936 0.273564 0.276698 0.277236 0.288045 0.289682 0.285012 0.28834 -9999 -9999 -9999 -9999 0.288321 0.289086 0.290039 0.285074 0.255392 0.235841 0.218755 0.220348 -9999 -9999
-9999 -9999 -9999 -9999 0.269883 0.279671 0.286008 0.289238 0.296966 0.297886 0.30635 0.307279 0.307603 0.307847 0.3078 0.305869 0.301338 0.302192 0.302065 0.299959 0.285217 0.268237 0.277773 0.272488 0.253134 0.277007 0.290515 0.283813 0.264833 0.242176 0.242277 0.245289 0.23421 0.216968 -9999 -9999 -9999 0.232496 0.24545 0.245962 0.249057 0.260518 0.268919 0.277402 0.281327 0.280177 0.277684 0.26876 0.259128 0.261944 0.277978 0.281513 0.290415 0.292024 0.28749 0.285677 0.289287 0.290833 0.290677 0.289191 0.28873 0.289142 0.288986 0.284263 0.260868 0.246792 0.238802 0.224135 -9999 -9999
-9999 -9999 -9999 -9999 0.263102 0.272436 0.280308 0.287577 0.290746 0.297253 0.296263 0.304558 0.305829 0.301387 0.305394 0.304713 0.303744 0.302028 0.299795 0.287029 0.269679 0.252724 0.24601 0.252374 0.241123 0.253408 0.267197 0.271517 0.259806 0.240221 0.240072 0.242231 0.22347 0.204506 -9999 -9999 0.20765 0.233162 0.250748 0.259306 0.261212 0.260353 0.271055 0.270743 0.282365 0.278043 0.263312 0.26463 0.26057 0.264386 0.266891 0.268108 0.279101 0.2892 0.289867 0.28897 0.290859 0.290578 0.289986 0.289355 0.287141 0.288011 0.288503 0.285864 0.267015 0.258849 0.250734 0.21909 -9999 -9999
-9999 -9999 -9999 -9999 0.260819 0.271014 0.281339 0.285523 0.293016 0.294309 0.289636 0.298207 0.303858 0.30076 0.298222 0.302385 0.301651 0.300713 0.299623 0.287508 0.273899 0.253439 0.241709 0.23625 0.233274 0.230024 0.238858 0.240853 0.242383 0.248656 0.250343 0.245353 0.23519 0.214036 0.202701 -9999 0.210118 0.221555 0.242491 0.259866 0.270316 0.264845 0.277005 0.278101 0.284427 0.278543 0.270213 0.262465 0.261426 0.259582 0.268355 0.276746 0.283187 0.285277 0.290078 0.289957 0.289841 0.289241 0.288585 0.288123 0.287671 0.287534 0.287465 0.286971 0.279018 0.271412 0.252685 0.219053 -9999 -9999
-9999 -9999 -9999 0.23174 0.257324 0.27213 0.280127 0.286423 0.29174 0.295707 0.294883 0.298246 0.300596 0.302025 0.292832 0.29307 0.294075 0.298638 0.29798 0.296958 0.289727 0.264516 0.257453 0.246279 0.231892 0.229992 0.237369 0.255507 0.259006 0.253807 0.247466 0.240769 0.238325 0.226096 0.200354 0.2037 0.216386 0.225415 0.239402 0.260712 0.275057 0.280546 0.281592 0.285414 0.286714 0.276756 0.27222 0.268811 0.263461 0.262309 0.262005 0.267298 0.273649 0.284789 0.287141 0.289184 0.288791 0.288094 0.287403 0.286905 0.286504 0.286185 0.286499 0.287218 0.288079 0.277062 0.246602 0.226928 -9999 -9999
-9999 -9999 -9999 -9999 0.251789 0.261239 0.266781 0.272557 0.279806 0.286997 0.291569 0.294253 0.29918 0.299655 0.29274 0.283174 0.290198 0.292577 0.295312 0.295343 0.294805 0.273797 0.263948 0.257202 0.243641 0.25506 0.264761 0.269498 0.270558 0.255027 0.239527 0.224374 0.206233 0.208097 0.200999 0.208211 0.216758 0.237508 0.251552 0.256416 0.259264 0.280275 0.284375 0.283061 0.286808 0.277011 0.2762 0.269292 0.270342 0.269325 0.269046 0.252393 0.270883 0.2714 0.281666 0.28713 0.288166 0.287268 0.286498 0.285661 0.285131 0.284876 0.285247 0.28597 0.28704 0.280528 0.241844 0.226079 -9999 -9999
-9999 -9999 -9999 -9999 -9999 -9999 0.261177 0.268535 0.273931 0.280203 0.289884 0.294942 0.29823 0.298942 0.295457 0.286492 0.283281 0.284051 0.274788 0.281811 0.292081 0.292839 0.293334 0.276234 0.271048 0.284499 0.285786 0.275678 0.268904 0.262379 0.243794 0.234718 0.213727 0.198351 0.200164 0.222385 0.241101 0.262092 0.270703 0.26419 0.268383 0.277093 0.287605 0.291466 0.287773 0.277391 0.277199 0.267 0.275263 0.275537 0.27106 0.267307 0.270661 0.275577 0.277149 0.285025 0.286403 0.286847 0.28575 0.284817 0.284111 0.28379 0.283897 0.284571 0.28581 0.287399 0.247655 0.219725 -9999 -9999
-9999 -9999 -9999 -9999 -9999 -9999 0.252003 0.25812 0.266919 0.283617 0.2892 0.294192 0.295359 0.297331 0.294887 0.286616 0.277895 0.269421 0.258978 0.26423 0.279194 0.288775 0.291378 0.276636 0.290279 0.290805 0.288562 0.274082 0.264891 0.262464 0.245044 0.233992 0.221485 0.202176 0.214559 0.227137 0.241891 0.265297 0.280113 0.285115 0.277893 0.282873 0.295166 0.292777 0.282353 0.280716 0.276639 0.263022 0.275294 0.27847 0.275251 0.275936 0.27673 0.278359 0.281567 0.284519 0.286184 0.285726 0.285095 0.284005 0.283275 0.282951 0.282948 0.283683 0.2849 0.286656 0.261947 0.218164 -9999 -9999
-9999 -9999 -9999 -9999 -9999 -9999 -9999 0.247853 0.263727 0.285088 0.287984 0.28962 0.294839 0.29583 0.292142 0.28846 0.277981 0.263809 0.237567 0.24368 0.257385 0.277728 0.289514 0.29038 0.289362 0.283259 0.263559 0.247247 0.249678 0.25138 0.24014 0.233596 0.219382 0.233452 0.24784 0.262506 0.270265 0.268718 0.28137 0.290881 0.284354 0.290893 0.298686 0.291453 0.286227 0.281671 0.276762 0.2753 0.275099 0.282018 0.276656 0.279767 0.281769 0.281301 0.282719 0.284299 0.28584 0.285452 0.284592 0.283698 0.282699 0.282415 0.282402 0.28295 0.284124 0.285866 0.285971 0.264695 0.252883 -9999
-9999 -9999 -9999 -9999 -9999 -9999 -9999 0.235616 0.245102 0.269886 0.274901 0.286823 0.29344 0.294415 0.288243 0.284387 0.269224 0.263668 0.239258 0.228396 0.237557 0.234811 0.263124 0.289062 0.288494 0.244142 0.230945 0.223148 0.231256 0.236385 0.236958 0.220032 0.217148 0.243272 0.260344 0.273403 0.282908 0.284757 0.283839 0.299328 0.300018 0.303248 0.29952 0.297447 0.286366 0.278784 0.284207 0.277714 0.276 0.28317 0.275416 0.282227 0.283405 0.281132 0.280756 0.284876 0.285269 0.285069 0.284277 0.283197 0.282078 0.281834 0.282046 0.282584 0.283541 0.285394 0.287636 0.289463 0.279676 0.279171
-9999 -9999 -9999 -9999 -9999 -9999 -9999 -9999 0.223663 0.257015 0.26905 0.278549 0.290434 0.292507 0.289441 0.283117 0.267802 0.254089 0.232265 0.207629 0.195572 0.234383 0.268897 0.28822 0.290464 0.253978 0.242211 0.245912 0.259954 0.257044 0.256083 0.245186 0.243451 0.238968 0.246698 0.264071 0.27737 0.289871 0.298095 0.297348 0.300857 0.302986 0.30078 0.299266 0.295802 0.292741 0.285339 0.289939 0.284286 0.286389 0.284527 0.283041 0.283821 0.278908 0.282058 0.28473 0.285056 0.284685 0.283754 0.282867 0.281891 0.280877 0.281758 0.282277 0.283356 0.284921 0.287261 0.291965 0.294091 0.289984
-9999 -9999 -9999 -9999 -9999 -9999 -9999 -9999 0.20755 0.240584 0.25295 0.274058 0.285267 0.290261 0.290077 0.285051 0.273432 0.255975 0.241311 0.21397 0.185904 0.226296 0.264559 0.285651 0.289158 0.260766 0.27385 0.270488 0.278005 0.268887 0.267893 0.271559 0.265487 0.258011 0.248767 0.243699 0.273228 0.288117 0.299255 0.303391 0.304434 0.303405 0.302222 0.297791 0.282916 0.290292 0.290868 0.288815 0.286948 0.285952 0.284767 0.283623 0.285107 0.28474 0.281447 0.284766 0.284343 0.283876 0.28323 0.282375 0.28142 0.280581 0.27993 0.281134 0.283231 0.284676 0.286751 0.291428 0.294739 0.298117
-9999 -9999 -9999 -9999 -9999 -9999 -9999 -9999 0.163655 0.210472 0.243238 0.264064 0.281054 0.286161 0.288173 0.281605 0.276405 0.263893 0.251985 0.233981 0.207448 0.191465 0.222379 0.267413 0.287835 0.291667 0.294129 0.289273 0.285572 0.288916 0.293906 0.292834 0.282602 0.268545 0.264571 0.260581 0.282865 0.28615 0.284196 0.306061 0.304245 0.300577 0.289102 0.279965 0.279527 0.271696 0.277731 0.269378 0.275329 0.280664 0.282629 0.282461 0.283968 0.283673 0.283265 0.283783 0.28349 0.282965 0.282326 0.281625 0.280855 0.27998 0.279419 0.279427 0.281496 0.282513 0.286253 0.290816 0.293891 0.297079
-9999 -9999 -9999 -9999 -9999 -9999 -9999 -9999 0.164565 0.198233 0.232512 0.253937 0.2737 0.27889 0.285625 0.284457 0.279181 0.268419 0.254994 0.240248 0.217562 0.201033 0.221851 0.252291 0.274941 0.287438 0.292731 0.29574 0.29755 0.299192 0.301197 0.307824 0.301803 0.286933 0.280226 0.268586 0.293192 0.296258 0.292268 0.302894 0.300661 0.280914 0.264975 0.260822 0.270999 0.261126 0.261479 0.255994 0.26081 0.275206 0.270278 0.271185 0.280423 0.281502 0.282291 0.282364 0.282101 0.28173 0.281154 0.280621 0.280061 0.279285 0.278822 0.278704 0.27878 0.282022 0.28342 0.287805 0.29262 0.295625
-9999 -9999 -9999 -9999 -9999 -9999 -9999 -9999 0.160986 0.18535 0.21617 0.246577 0.267494 0.276321 0.282661 0.28287 0.276888 0.271562 0.263186 0.250318 0.241642 0.226794 0.206648 0.242849 0.255596 0.270187 0.274679 0.288107 0.291656 0.291108 0.296159 0.304546 0.30465 0.294419 0.29246 0.287 0.301128 0.301595 0.300987 0.299412 0.283086 0.260543 0.241908 0.251668 0.247066 0.255493 0.240652 0.253075 0.263615 0.266855 0.259595 0.253953 0.274048 0.277135 0.278809 0.279827 0.28039 0.279951 0.279764 0.279218 0.278701 0.278234 0.277822 0.277717 0.277893 0.27849 0.282555 0.286883 0.289199 0.292771
-9999 -9999 -9999 -9999 -9999 -9999 -9999 -9999 -9999 0.165058 0.204442 0.238633 0.258112 0.270567 0.276879 0.277256 0.274413 0.270925 0.265788 0.256539 0.245043 0.227053 0.214101 0.223766 0.236015 0.242468 0.252173 0.275561 0.285889 0.279656 0.263863 0.279919 0.298864 0.301239 0.302086 0.302252 0.302056 0.300716 0.296695 0.285659 0.25286 0.244447 0.230211 0.229681 0.221408 0.239046 0.236517 0.249892 0.255429 0.257368 0.244003 0.249679 0.265503 0.271612 0.270587 0.274328 0.278007 0.277922 0.277742 0.277306 0.277025 0.276746 0.276509 0.276369 0.276633 0.277318 0.281657 0.286297 0.287497 0.289466
-9999 -9999 -9999 -9999 -9999 -9999 -9999 -9999 -9999 0.157499 0.195444 0.235138 0.248595 0.261802 0.273095 0.273777 0.26936 0.265036 0.260511 0.25536 0.241513 0.228285 0.215949 0.212596 0.216617 0.221894 0.23567 0.264889 0.273036 0.274044 0.255415 0.249575 0.273519 0.293781 0.297132 0.296997 0.276855 0.281817 0.270346 0.254321 0.249081 0.240999 0.225166 0.230418 0.21832 0.221301 0.229138 0.236418 0.23976 0.249006 0.237309 0.240236 0.255883 0.263505 0.263674 0.271707 0.274514 0.275142 0.275144 0.275047 0.274843 0.274783 0.274645 0.274661 0.274911 0.27527 0.275482 0.277981 0.267781 0.270217
-9999 -9999 -9999 -9999 -9999 -9999 -9999 -9999 -9999 0.160347 0.18681 0.221893 0.248003 0.250342 0.263178 0.269934 0.265119 0.259566 0.253842 0.251464 0.236469 0.22014 0.207274 0.192204 0.19617 0.209367 0.234275 0.253857 0.259615 0.258916 0.251764 0.260578 0.277382 0.287111 0.29107 0.290575 0.28685 0.284622 0.276215 0.272151 0.259708 0.240414 0.23198 0.235179 0.21447 0.214547 0.220574 0.223209 0.235171 0.240776 0.225694 0.241039 0.25433 0.261115 0.267075 0.269874 0.270943 0.272585 0.272495 0.272483 0.272415 0.272298 0.27232 0.272238 0.272443 0.271548 0.27021 0.257359 0.26049 0.263797
-9999 -9999 -9999 -9999 -9999 -9999 -9999 -9999 -9999 0.163258 0.186852 0.217109 0.235738 0.239513 0.253548 0.265981 0.264911 0.259146 0.257546 0.251602 0.239006 0.225211 0.210292 0.203667 0.187429 0.206203 0.225804 0.242543 0.251741 0.247116 0.243655 0.255664 0.267468 0.273125 0.284544 0.28557 0.283085 0.269462 0.262657 0.265239 0.261697 0.255713 0.242159 0.240506 0.231333 0.226931 0.222815 0.223443 0.229437 0.229692 0.232228 0.248998 0.255783 0.260274 0.26439 0.265411 0.267163 0.269452 0.269558 0.269542 0.269459 0.269497 0.269429 0.269022 0.268932 0.266401 0.261633 0.252152 0.243935 0.258178
-9999 -9999 -9999 -9999 -9999 -9999 -9999 -9999 -9999 0.157945 0.182596 0.20825 0.219185 0.221316 0.246184 0.261479 0.261725 0.259101 0.256031 0.241 0.242334 0.23985 0.226502 0.206924 0.185557 0.18914 0.208167 0.229702 0.238237 0.226074 0.221437 0.228044 0.244643 0.259481 0.274673 0.279176 0.275742 0.254276 0.231143 0.241687 0.252727 0.252015 0.247854 0.235344 0.23075 0.226528 0.217224 0.20783 0.215852 0.219442 0.239272 0.244002 0.251576 0.257879 0.255242 0.256536 0.262652 0.266123 0.266166 0.266168 0.266276 0.266265 0.266242 0.26524 0.264351 0.262713 0.248642 0.240517 0.23206 0.253944
-9999 -9999 -9999 -9999 -9999 -9999 -9999 -9999 -9999 0.14896 0.166624 0.190834 0.20065 0.216232 0.239554 0.251082 0.256689 0.256745 0.254783 0.248261 0.244612 0.237111 0.223244 0.204177 0.18307 0.169953 0.178942 0.210854 0.21866 0.208058 0.201082 0.213463 0.230824 0.255654 0.270167 0.272796 0.272142 0.267959 0.251103 0.230502 0.230239 0.240012 0.230822 0.220163 0.224937 0.223207 0.214138 0.207409 0.215655 0.218973 0.230511 0.233895 0.242619 0.255712 0.257371 0.25677 0.262225 0.262362 0.262394 0.262568 0.262601 0.262693 0.262798 0.262131 0.260281 0.251065 0.243341 0.232401 0.232319 0.256268
-9999 -9999 -9999 -9999 -9999 -9999 -9999 -9999 -9999 0.134493 0.154873 0.177215 0.19814 0.217958 0.235035 0.236301 0.245388 0.245491 0.250477 0.249489 0.243649 0.237498 0.22573 0.201002 0.18056 0.158318 0.16612 0.198237 0.208126 0.198337 0.178786 0.201991 0.227278 0.250135 0.262807 0.254247 0.26419 0.263683 0.257421 0.245152 0.225978 0.225978 0.211334 0.210197 0.216927 0.218717 0.21693 0.211795 0.210285 0.219123 0.22685 0.227803 0.235712 0.245705 0.255503 0.256894 0.258568 0.25845 0.258357 0.258483 0.258583 0.258582 0.258425 0.257804 0.250105 0.241002 0.235926 0.228706 0.229089 0.251005
