Test_Spring_2018b/02_18/Prec/20180208_009.txt
ncols	170
nrows	115
xllcorner	350000.000000
yllcorner	4445000.000000
cellsize	1000.000000
nodata_value	-9999.000000
[rows 34 to 67 of 115, columns 76 to 151 of 170]
0.724005 0.688744 0.676536 0.682081 0.6679 0.654553 0.634592 0.617002 0.595727 0.567244 0.531238 0.490027 0.425134 0.450192 0.467492 0.456749 0.444666 0.421362 0.38359 0.39279 0.380829 0.311374 0.205233 0.171863 0.151883 -9999 -9999 -9999 -9999 -9999 -9999 -9999 -9999 -9999 -9999 -9999 -9999 -9999 -9999 -9999 -9999 -9999 -9999 -9999 -9999 -9999 -9999 -9999 -9999 -9999 -9999 -9999 -9999 -9999 -9999 -9999 -9999 -9999 -9999 -9999 -9999 -9999 -9999 -9999 -9999 -9999 -9999 -9999 -9999 -9999 -9999 -9999 -9999 -9999 -9999 -9999
0.739807 0.689529 0.678898 0.670692 0.663229 0.649909 0.629615 0.593589 0.579637 0.568754 0.542005 0.496426 0.450978 0.432426 0.464078 0.465994 0.453208 0.451345 0.417714 0.415764 0.398655 0.361465 0.274077 0.202322 0.177897 0.14075 -9999 -9999 -9999 -9999 -9999 -9999 -9999 -9999 -9999 -9999 -9999 -9999 -9999 -9999 -9999 -9999 -9999 -9999 -9999 -9999 -9999 -9999 -9999 -9999 -9999 -9999 -9999 -9999 -9999 -9999 -9999 -9999 -9999 -9999 -9999 -9999 -9999 -9999 -9999 -9999 -9999 -9999 -9999 -9999 -9999 -9999 -9999 -9999 -9999 -9999
0.694778 0.674483 0.671541 0.664955 0.658837 0.645314 0.616388 0.59694 0.585821 0.564714 0.535453 0.514004 0.482338 0.449627 0.449662 0.475102 0.449358 0.463282 0.449574 0.441813 0.412302 0.327199 0.263334 0.199587 0.176402 0.14419 -9999 -9999 -9999 -9999 -9999 -9999 -9999 -9999 -9999 -9999 -9999 -9999 -9999 -9999 -9999 -9999 -9999 -9999 -9999 -9999 -9999 -9999 -9999 -9999 -9999 -9999 -9999 -9999 -9999 -9999 -9999 -9999 -9999 -9999 -9999 -9999 -9999 -9999 -9999 -9999 -9999 -9999 -9999 -9999 -9999 -9999 -9999 -9999 -9999 -9999
0.685124 0.694259 0.664543 0.654576 0.652589 0.639308 0.620609 0.604481 0.587116 0.568424 0.544436 0.519311 0.489426 0.479044 0.492729 0.483764 0.469139 0.462051 0.461931 0.446438 0.395602 0.310685 0.273837 0.178083 0.146291 0.137611 0.113207 -9999 -9999 -9999 -9999 -9999 -9999 -9999 -9999 -9999 -9999 -9999 -9999 0.110584 -9999 -9999 -9999 -9999 -9999 -9999 -9999 -9999 -9999 -9999 -9999 -9999 -9999 -9999 -9999 -9999 -9999 -9999 -9999 -9999 0 -9999 -9999 -9999 -9999 -9999 -9999 -9999 -9999 -9999 -9999 -9999 -9999 -9999 -9999 -9999
0.696105 0.695086 0.659067 0.647918 0.647085 0.633481 0.616333 0.5998 0.578006 0.565871 0.548786 0.522739 0.511289 0.510775 0.505929 0.500892 0.49354 0.480942 0.464558 0.445798 0.37809 0.343536 0.315541 0.250405 0.189969 0.157601 0.115331 0 -9999 -9999 -9999 -9999 -9999 -9999 -9999 0 0 0 0 0.117606 0.104599 -9999 -9999 -9999 -9999 -9999 -9999 -9999 -9999 -9999 -9999 -9999 -9999 -9999 -9999 -9999 -9999 -9999 -9999 -9999 0 0 -9999 -9999 -9999 -9999 -9999 -9999 -9999 -9999 -9999 -9999 -9999 -9999 -9999 -9999
0.695186 0.692341 0.683438 0.647878 0.637018 0.627283 0.613538 0.596361 0.577605 0.568737 0.548881 0.535138 0.5235 0.526241 0.520567 0.508177 0.493745 0.478697 0.454327 0.439742 0.385892 0.357918 0.321317 0.284115 0.206518 0.151215 0 0 -9999 -9999 -9999 -9999 -9999 -9999 0.10003 0.114285 0.122475 0.100873 0.117114 0.131788 0.127851 0 -9999 -9999 -9999 -9999 -9999 -9999 -9999 -9999 -9999 -9999 -9999 -9999 -9999 -9999 0 0 0 0 0 0 -9999 -9999 -9999 -9999 -9999 -9999 -9999 -9999 -9999 -9999 -9999 -9999 -9999 -9999
0.698088 0.69019 0.673142 0.662488 0.632434 0.619873 0.606245 0.59354 0.582028 0.563185 0.551405 0.52917 0.537942 0.531003 0.520259 0.49732 0.481641 0.445217 0.42171 0.3724 0.378746 0.346655 0.296764 0.238516 0.147582 0.126398 0 0 -9999 -9999 -9999 -9999 -9999 -9999 0 0.115657 0.129154 0.130596 0.109674 0.13715 0.114978 0 0 0.10398 0.108873 0 0.100584 0.104607 0 0.1043 -9999 -9999 -9999 -9999 0.104596 0.104076 0.102974 0 0 0 0 0 -9999 -9999 -9999 -9999 -9999 -9999 -9999 -9999 -9999 -9999 -9999 -9999 -9999 -9999
0.695726 0.675701 0.66528 0.651598 0.623563 0.609938 0.595909 0.584386 0.574698 0.56349 0.548879 0.544853 0.539025 0.528877 0.49425 0.453737 0.459752 0.428738 0.353465 0.363275 0.365741 0.330245 0.271895 0.207054 0.150624 0.132907 0 0 -9999 -9999 -9999 0 0 0 0 0.104668 0.122009 0.133709 0.142546 0.127535 0.11333 0 0 0 0.111218 0.116858 0.106871 0.111176 0.104335 0.107606 0.115294 0.118973 0.119157 0.116366 0.114765 0.113933 0.111113 0 0 0 0 0 -9999 -9999 -9999 -9999 -9999 -9999 -9999 -9999 -9999 -9999 -9999 -9999 -9999 -9999
0.683885 0.672422 0.652486 0.640774 0.622809 0.601531 0.588919 0.568933 0.567236 0.559223 0.552303 0.544845 0.536435 0.507877 0.469363 0.429447 0.405798 0.385666 0.346865 0.335785 0.338065 0.308313 0.260711 0.200282 0.176334 0.129589 0 0 -9999 -9999 0 0 0 0 0 0 0.120748 0.123273 0.14747 0.129801 0 0 0 0 0 0 0.101283 0.113847 0.116523 0.116386 0.121299 0.122016 0.12177 0.120866 0.116283 0.116416 0.11478 0.106238 0 0 0 0 -9999 -9999 -9999 -9999 -9999 -9999 -9999 -9999 -9999 -9999 -9999 -9999 -9999 -9999
0.68662 0.665747 0.652784 0.632044 0.605301 0.600356 0.58105 0.563685 0.550566 0.55239 0.547113 0.542439 0.537485 0.511348 0.480672 0.434951 0.402306 0.362539 0.337967 0.293863 0.285972 0.264216 0.240832 0.225956 0.188989 0.128857 0 0 0 -9999 0 0 0 0 0.106522 0.100009 0.126404 0.132567 0.137578 0.129416 0.106807 0 0 0 0.106201 0.113281 0.109799 0.114829 0.119247 0.12089 0.122514 0.123047 0.123066 0.122808 0.121715 0.120148 0.117499 0.112761 0 0 0 0 -9999 -9999 -9999 -9999 -9999 -9999 -9999 -9999 -9999 -9999 -9999 -9999 -9999 -9999
0.687023 0.667777 0.648849 0.63002 0.609234 0.594206 0.581073 0.561797 0.537043 0.532591 0.531691 0.538437 0.535615 0.531055 0.513066 0.459283 0.423867 0.382351 0.335987 0.298058 0.285793 0.29174 0.269886 0.231766 0.19192 0.128785 0 0 0 0 0 0 0 0 0.10805 0.122725 0.129827 0.133739 0.139978 0.128465 0.114297 0.108873 0 0 0 0.102898 0.100142 0.115056 0.120841 0.121997 0.123477 0.124212 0.124537 0.124545 0.123805 0.122069 0.120163 0.117552 0.113037 0 0 0 -9999 -9999 -9999 -9999 -9999 -9999 -9999 -9999 -9999 -9999 -9999 -9999 -9999 -9999
0.664541 0.642422 0.625356 0.611019 0.598607 0.581749 0.573242 0.560172 0.533541 0.51192 0.523111 0.527031 0.531638 0.53012 0.525323 0.468618 0.437265 0.407789 0.362159 0.347899 0.338429 0.318112 0.289945 0.230914 0.172252 0 0 0 0 0 0 0 0 0 0 0.116892 0.124683 0.129767 0.141693 0.128007 0.121551 0.109973 0.112094 0.109634 0.107903 0 0 0 0.116446 0.123752 0.124862 0.125553 0.126059 0.125742 0.125012 0.123559 0.121825 0.118886 0.11392 0 0 0 -9999 -9999 -9999 -9999 -9999 -9999 -9999 -9999 -9999 -9999 -9999 -9999 -9999 -9999
0.655527 0.6349 0.613206 0.596146 0.591995 0.578909 0.567078 0.555098 0.539816 0.516058 0.509271 0.51115 0.494682 0.505474 0.515938 0.508117 0.495769 0.447033 0.406281 0.405129 0.379111 0.330271 0.2863 0.242256 0.176334 0.107728 0 0 0 0 0 0 0 0 0 0.104718 0.130227 0.143519 0.142447 0.128236 0.123621 0.106236 0.121704 0.12162 0.112104 0.103423 0 0.105541 0.108853 0.123985 0.127473 0.127046 0.127192 0.126935 0.126087 0.12467 0.121794 0.118702 0.114876 0.109954 0 0 -9999 -9999 -9999 -9999 -9999 -9999 -9999 -9999 -9999 -9999 -9999 -9999 -9999 -9999
0.639136 0.615492 0.599401 0.600935 0.588681 0.575182 0.559312 0.549644 0.536428 0.516598 0.498808 0.484258 0.464974 0.472647 0.494981 0.503601 0.495217 0.450731 0.444459 0.4191 0.385967 0.328339 0.279057 0.241565 0.176752 0.104156 0 0 0 0 0 0 0 0.107237 0 0.113525 0.142841 0.145188 0.132244 0.13448 0.123208 0 0.12263 0.127865 0.120582 0.119911 0.108317 0.111437 0.117651 0.123683 0.127671 0.128046 0.127667 0.127262 0.126515 0.124899 0.122364 0.119408 0.115503 0.110781 0 0 -9999 -9999 -9999 -9999 -9999 -9999 -9999 -9999 -9999 -9999 -9999 -9999 -9999 -9999
-9999 0.596247 0.593169 0.603297 0.586112 0.5665 0.558107 0.546683 0.531236 0.519887 0.499369 0.474151 0.426346 0.435762 0.455964 0.484506 0.493124 0.477387 0.444289 0.406742 0.341489 0.28034 0.252155 0.221947 0.168132 0.10364 0 0 0 0 0 0 0 0.116639 0.109746 0.128146 0.149463 0.143188 0.140031 0.137124 0.124516 0.12343 0.123486 0.135572 0.12429 0.12796 0.118594 0.117728 0.12052 0.123909 0.127575 0.12802 0.127804 0.127518 0.126262 0.124926 0.12246 0.119244 0.115331 0.11063 0.101176 0 0 -9999 -9999 -9999 -9999 -9999 -9999 -9999 -9999 -9999 -9999 -9999 -9999 -9999
-9999 0.573285 0.559201 0.576232 0.563536 0.563181 0.557589 0.546226 0.526168 0.513522 0.483819 0.474453 0.430415 0.40716 0.41898 0.405236 0.444374 0.474934 0.442864 0.335587 0.282732 0.23767 0.220347 0.196848 0.165088 0 0 0 0 0 0.106549 0.104997 0.103346 0.135363 0.140356 0.152616 0.152751 0.155921 0.142013 0.133559 0.13979 0.129479 0.12675 0.139267 0.123543 0.133927 0.122824 0.118488 0.11782 0.125699 0.127095 0.127745 0.127426 0.126777 0.125688 0.123675 0.121707 0.118608 0.114471 0.110176 0.104857 0 0 0 0 -9999 -9999 -9999 -9999 -9999 -9999 -9999 -9999 -9999 -9999 -9999
-9999 -9999 0.520552 0.554457 0.555796 0.551695 0.556194 0.546985 0.526397 0.511678 0.482621 0.457598 0.417643 0.371347 0.34002 0.402514 0.453253 0.472128 0.445525 0.353554 0.304294 0.281365 0.276001 0.238831 0.205315 0.133171 0.104979 0 0 0 0.102371 0.121024 0.135842 0.137691 0.150098 0.155846 0.158436 0.162329 0.162143 0.161778 0.144059 0.154015 0.144001 0.147182 0.142233 0.137354 0.125085 0.115745 0.12136 0.126377 0.127436 0.127104 0.126596 0.126125 0.125167 0.123486 0.120065 0.117107 0.113457 0.108967 0.104221 0 0 0 0 0 -9999 -9999 -9999 -9999 -9999 -9999 -9999 -9999 -9999 -9999
-9999 -9999 0.491966 0.52687 0.530429 0.548594 0.544108 0.53808 0.531109 0.518056 0.494894 0.462041 0.434289 0.382213 0.326808 0.392509 0.442641 0.465331 0.452155 0.365511 0.363226 0.328835 0.313079 0.266139 0.234179 0.189217 0.154217 0.119488 0 0 0.105079 0.127896 0.147631 0.157836 0.164994 0.170159 0.166416 0.163961 0.142368 0.160769 0.156993 0.154577 0.151409 0.148852 0.145127 0.140871 0.129293 0.12814 0.121745 0.127766 0.126211 0.126097 0.125831 0.12516 0.124023 0.122512 0.120437 0.116791 0.111942 0.107669 0.102968 0 0 0 0 0 0 0 0 -9999 -9999 -9999 -9999 -9999 -9999 -9999
-9999 -9999 0.41246 0.474544 0.506025 0.525884 0.53601 0.535229 0.531803 0.515124 0.502727 0.477834 0.454047 0.41815 0.364839 0.328424 0.372308 0.44085 0.448315 0.421623 0.4015 0.366186 0.331783 0.30971 0.290742 0.237692 0.189091 0.144247 0.122808 0.103381 0.135848 0.137159 0.132362 0.174337 0.175312 0.174594 0.160473 0.137596 0.142136 0.130958 0.136281 0.122076 0.133116 0.142114 0.144163 0.141726 0.129471 0.128516 0.127163 0.126131 0.125762 0.125223 0.124639 0.123934 0.12286 0.121073 0.119044 0.116963 0.111775 0.10787 0.101621 0 0 0 0 0 0 0 0 0 -9999 -9999 -9999 -9999 -9999 -9999
-9999 -9999 0.403021 0.44871 0.491191 0.504341 0.527498 0.526842 0.531638 0.524081 0.510522 0.487702 0.460004 0.429098 0.382105 0.344278 0.372378 0.411242 0.436003 0.425409 0.400376 0.381482 0.359321 0.330348 0.307605 0.268075 0.236587 0.192748 0.165807 0.132917 0.169835 0.170556 0.161479 0.181995 0.181147 0.14974 0.126201 0.124504 0.13238 0.118259 0.111863 0.101225 0.11002 0.135574 0.126205 0.125584 0.126104 0.127255 0.125631 0.125418 0.124816 0.124232 0.123415 0.122673 0.121673 0.11982 0.117819 0.115477 0.112294 0.106252 0.101997 0 0 0 0 0 0 0 0 0 0 -9999 -9999 -9999 -9999 -9999
-9999 -9999 0.404669 0.428073 0.465876 0.495143 0.520953 0.527042 0.530763 0.525039 0.509248 0.495339 0.475845 0.447454 0.425472 0.390359 0.343312 0.397171 0.400082 0.393968 0.378186 0.378825 0.360184 0.333521 0.278925 0.273675 0.255561 0.220733 0.203533 0.182638 0.200581 0.19638 0.19298 0.190257 0.16246 0.124683 0 0.117487 0.113453 0.113886 0 0.103619 0.122669 0.127481 0.110744 0 0.117815 0.11954 0.121917 0.123223 0.123868 0.122847 0.1224 0.121288 0.120045 0.118495 0.116417 0.114046 0.11114 0.107799 0.100653 0 0 0 0 0 0 0 0 0 0 0 -9999 -9999 -9999 -9999
-9999 -9999 -9999 0.400696 0.441287 0.489091 0.512159 0.524485 0.527461 0.521137 0.510051 0.498408 0.483786 0.46108 0.433159 0.391741 0.357608 0.362754 0.364182 0.342321 0.339659 0.360662 0.356747 0.322046 0.237348 0.245974 0.263264 0.252085 0.240368 0.229922 0.218913 0.21129 0.201142 0.180252 0.121175 0.110488 0 0 0 0 0 0.102906 0.112571 0.114912 0 0 0.103035 0.113292 0.110479 0.116504 0.122345 0.121694 0.120945 0.119706 0.118583 0.117115 0.115175 0.112362 0.109503 0.106308 0 0 0 0 0 0 0 0 0 0 0 0 0 -9999 -9999 -9999
-9999 -9999 -9999 0.372992 0.427086 0.486201 0.498985 0.513026 0.525093 0.518953 0.504362 0.490428 0.476139 0.460242 0.427472 0.394523 0.361579 0.343272 0.336551 0.30639 0.31287 0.346502 0.340704 0.321509 0.230303 0.202459 0.230589 0.253624 0.247576 0.237285 0.192551 0.196152 0.171759 0.140933 0.131486 0.118015 0 0.103143 0 0 0 0 0 0.104948 0 0 0 0.102568 0.101834 0.11558 0.119827 0.120165 0.119404 0.118425 0.117084 0.115682 0.113634 0.111193 0.108349 0.10475 0 0 0 0 0 0 0 0 0 0 0 0 0 -9999 -9999 -9999
-9999 -9999 -9999 0.37826 0.412898 0.464774 0.501605 0.496163 0.511172 0.515997 0.500276 0.48355 0.466481 0.455142 0.419879 0.381067 0.347252 0.307865 0.301798 0.311082 0.314512 0.332178 0.323882 0.303544 0.23386 0.234602 0.251155 0.256161 0.252241 0.241974 0.227698 0.218083 0.198946 0.189405 0.165846 0.130745 0.116247 0.123419 0 0 0 0 0 0 0 0 0 0.102957 0.112774 0.116807 0.117708 0.119702 0.118528 0.117434 0.116068 0.114313 0.112368 0.10964 0.106719 0.10096 0 0 0 0 0 0 0 0 0 0 0 0 0 -9999 -9999 -9999
-9999 -9999 -9999 0.383131 0.414055 0.458297 0.482288 0.480046 0.497525 0.51278 0.503744 0.48631 0.476435 0.458205 0.42709 0.392839 0.355386 0.331875 0.289394 0.309853 0.303833 0.317747 0.31738 0.250135 0.229079 0.237163 0.245887 0.244577 0.255263 0.24843 0.236766 0.206265 0.189788 0.19189 0.183897 0.172303 0.147417 0.144687 0.128219 0.120347 0.112675 0 0 0 0 0 0 0.106805 0.113199 0.1139 0.115946 0.118977 0.117968 0.116642 0.115011 0.113315 0.111016 0.107568 0.104075 0 0 0 0 0 0 0 0 0 0 0 0 0 0 0 0 -9999
-9999 -9999 -9999 0.372545 0.40689 0.443896 0.454705 0.450112 0.48788 0.508579 0.501971 0.490184 0.477429 0.442336 0.436646 0.423126 0.388688 0.341733 0.29038 0.283729 0.286367 0.300827 0.300567 0.220077 0.198153 0.197561 0.216223 0.232756 0.251173 0.251303 0.238225 0.193393 0.146758 0.163035 0.181169 0.178481 0.169987 0.146476 0.137591 0.129319 0.11152 0 0 0 0 0 0 0.108383 0.102381 0.103558 0.113555 0.118656 0.117391 0.11592 0.114438 0.112447 0.110044 0.105363 0.100328 0 0 0 0 0 0 0 0 0 0 0 0 0 0 0 0 0
-9999 -9999 -9999 0.355022 0.37796 0.413511 0.42324 0.444079 0.479554 0.493695 0.497113 0.490309 0.479567 0.460031 0.445155 0.422445 0.387166 0.341393 0.290915 0.254191 0.257241 0.273086 0.263978 0.19551 0.170297 0.181282 0.202269 0.237965 0.255827 0.253032 0.245368 0.232342 0.197102 0.155911 0.152815 0.168747 0.150328 0.129493 0.137098 0.132767 0.114866 0.101088 0 0 0 0 0 0.11091 0.112822 0.110543 0.11932 0.11826 0.116888 0.115602 0.113818 0.111829 0.109475 0.105243 0 0 0 0 0 0 0 0 0 0 0 0 0 0 0 0 0 0
-9999 -9999 -9999 0.327406 0.356679 0.389982 0.4211 0.450542 0.475218 0.471022 0.48117 0.474665 0.476789 0.467456 0.448582 0.428374 0.397017 0.340997 0.291978 0.238865 0.240222 0.266848 0.216177 0.18601 0.138439 0.170016 0.206261 0.238995 0.254052 0.231176 0.243251 0.237099 0.221246 0.195128 0.156969 0.154491 0.125512 0.12156 0.132171 0.133758 0.12875 0.117525 0 0 0 0 0 0 0.11643 0.117874 0.119762 0.118247 0.116611 0.115154 0.113362 0.111034 0.108008 0.103669 0 0 0 0 0 0 0 0 0 0 0 0 0 0 0 0 0 0
-9999 -9999 -9999 -9999 0.349305 0.38448 0.408912 0.410568 0.432045 0.440819 0.446266 0.442573 0.469597 0.464766 0.450325 0.431299 0.403527 0.359109 0.325075 0.273961 0.234183 0.215486 0.174612 0.176658 0.16482 0.174524 0.209311 0.246469 0.244929 0.211148 0.210122 0.21133 0.220272 0.209779 0.158913 0.131565 0.108462 0.119603 0.131524 0.132137 0.12984 0.12391 0.104925 0 0 0 0 0.110666 0.118337 0.119179 0.119407 0.117914 0.116409 0.114615 0.11219 0.109816 0.105331 0 0 0 0 0 0 0 0 0 0 0 0 0 0 0 0 0 0 0
-9999 -9999 -9999 -9999 0.331531 0.373878 0.377533 0.370275 0.34767 0.349165 0.403925 0.410138 0.436037 0.459954 0.450882 0.432235 0.405873 0.3761 0.334068 0.277849 0.230872 0.168388 0.190296 0.209029 0.208651 0.213207 0.23173 0.229841 0.194988 0.162516 0.172547 0.177069 0.20754 0.210046 0.199761 0.167861 0.131988 0.111763 0.128675 0.128158 0.126126 0.12309 0.112334 0 0 0.104676 0.111195 0.113873 0.120097 0.120321 0.119178 0.118021 0.116084 0.113837 0.110653 0.107192 0 0 0 0 0 0 0 0 0 0 0 0 0 0 0 0 0 0 0 0
-9999 -9999 -9999 -9999 -9999 -9999 -9999 -9999 -9999 0.341946 0.349371 0.388652 0.41985 0.456157 0.44945 0.432561 0.413421 0.373616 0.330055 0.314681 0.260204 0.180064 0.197997 0.209233 0.220934 0.220048 0.221104 0.202613 0.172202 0.133154 0.145543 0.175462 0.207932 0.204033 0.201721 0.183649 0.159145 0.108445 0.125801 0.123552 0.123061 0.119376 0 0 0 0 0.106436 0.119976 0.120915 0.120681 0.119679 0.118063 0.115524 0.112682 0.109128 0.1046 0 0 0 0 0 0 0 0 0 0 0 0 0 0 0 0 0 0 0 0
-9999 -9999 -9999 -9999 -9999 -9999 -9999 -9999 -9999 0.295788 0.287071 0.378018 0.413262 0.445322 0.445139 0.427845 0.40635 0.3812 0.352675 0.314786 0.222461 0.178988 0.208967 0.203943 0.206731 0.19722 0.171536 0.1633 0.131086 0.108688 0.139791 0.169081 0.197199 0.19968 0.193987 0.187998 0.143711 0.107449 0.110026 0.111724 0.119059 0.10492 0 0 0 0.10944 0.116512 0.120235 0.12211 0.120977 0.119724 0.117802 0.114591 0.111202 0.107525 0.102972 0 0 0 0 0 0 0 0 0 0 0 0 0 0 0 0 0 0 0 0
-9999 -9999 -9999 -9999 -9999 -9999 -9999 -9999 -9999 -9999 0.259521 0.342249 0.396091 0.435019 0.441329 0.429136 0.41184 0.388001 0.358084 0.333525 0.245956 0.188858 0.179267 0.1797 0.173948 0.167153 0.129626 0.108076 0.105565 0.11041 0.132006 0.164298 0.188984 0.193736 0.161157 0.18122 0.171135 0.14223 0.120368 0.104107 0.112487 0 0 0 0.108131 0 0.114972 0.112384 0.122646 0.121215 0.119635 0.117297 0.114449 0.110736 0.106471 0.101339 0 0 0 0 0 0 0 0 0 0 0 0 0 0 0 0 0 0 0 0
-9999 -9999 -9999 -9999 -9999 -9999 -9999 -9999 -9999 -9999 0.267785 0.311804 0.382943 0.418351 0.437288 0.429324 0.41444 0.398667 0.374517 0.312918 0.256177 -9999 -9999 -9999 -9999 -9999 -9999 0 0.120603 0.150644 0.155912 0.169542 0.187116 0.188782 0.162194 0.134766 0.163088 0.153732 0.141345 0.120683 0 0 0 0 0.103735 0 0 0.118445 0.122914 0.121059 0.11923 0.116578 0.113753 0.1106 0.105793 0.10035 0 0 0 0 0 0 0 0 0 0 0 0 0 0 0 0 0 0 0 0
