Test_Spring_2018b/02_18/Prec/20180227_013.txt
ncols	170
nrows	115
xllcorner	350000.000000
yllcorner	4445000.000000
cellsize	1000.000000
nodata_value	-9999.000000
[rows 32 to 63 of 115, columns 72 to 143 of 170]
0.253304 0.259763 0.265882 0.272384 0.296243 0.311154 0.32184 0.328286 0.334504 0.340508 0.345556 0.350012 0.353798 0.357647 0.362347 0.366406 0.367194 0.368664 0.370612 0.370411 0.371979 0.374499 0.377643 0.37695 0.37787 0.379618 0.37153 -9999 -9999 -9999 -9999 -9999 -9999 -9999 -9999 -9999 -9999 -9999 -9999 -9999 -9999 -9999 -9999 -9999 -9999 -9999 -9999 -9999 -9999 -9999 -9999 -9999 -9999 -9999 -9999 -9999 -9999 -9999 -9999 -9999 -9999 -9999 -9999 -9999 -9999 -9999 -9999 -9999 -9999 -9999 -9999 -9999
0.257147 0.263216 0.268878 0.275612 0.287731 0.3138 0.324692 0.330908 0.336883 0.342512 0.347558 0.352049 0.356336 0.360347 0.364801 0.369169 0.37149 0.371947 0.373139 0.374002 0.375474 0.376981 0.378829 0.378456 0.378633 0.3718 0.372655 0.384352 -9999 -9999 -9999 -9999 -9999 -9999 -9999 -9999 -9999 -9999 -9999 -9999 -9999 -9999 -9999 -9999 -9999 -9999 -9999 -9999 -9999 -9999 -9999 -9999 -9999 -9999 -9999 -9999 -9999 -9999 -9999 -9999 -9999 -9999 -9999 -9999 -9999 -9999 -9999 -9999 -9999 -9999 -9999 -9999
0.260579 0.267121 0.272991 0.279331 0.298725 0.321985 0.328517 0.333995 0.33997 0.345457 0.350733 0.355372 0.359631 0.363677 0.367551 0.371191 0.375458 0.375403 0.375385 0.376351 0.37718 0.378355 0.380061 0.37963 0.380089 0.365884 0.386925 0.386198 0.384891 -9999 -9999 -9999 -9999 -9999 -9999 -9999 -9999 -9999 -9999 -9999 -9999 -9999 -9999 -9999 -9999 -9999 -9999 -9999 -9999 -9999 -9999 -9999 -9999 -9999 -9999 -9999 -9999 -9999 -9999 -9999 -9999 -9999 -9999 -9999 -9999 -9999 -9999 -9999 -9999 -9999 -9999 -9999
0.263569 0.2703 0.276237 0.282431 0.29754 0.312102 0.331452 0.337712 0.343577 0.349253 0.354721 0.360328 0.364388 0.367741 0.371241 0.375056 0.378401 0.380158 0.379367 0.379615 0.380307 0.380377 0.381759 0.381706 0.382317 0.374472 0.379155 0.387762 0.386728 0.386286 -9999 -9999 -9999 -9999 -9999 -9999 -9999 -9999 -9999 -9999 -9999 -9999 -9999 -9999 -9999 -9999 -9999 -9999 -9999 -9999 -9999 -9999 -9999 -9999 -9999 -9999 -9999 -9999 -9999 -9999 -9999 -9999 -9999 -9999 -9999 -9999 -9999 -9999 -9999 -9999 -9999 -9999
-9999 -9999 0.279454 0.294351 0.304947 0.315412 0.334961 0.34148 0.347613 0.353604 0.359727 0.364832 0.368936 0.372839 0.376476 0.379181 0.381803 0.384011 0.384398 0.383373 0.384393 0.383537 0.383839 0.383878 0.384919 0.390141 0.382431 0.39095 0.389959 0.389443 -9999 -9999 -9999 -9999 -9999 -9999 -9999 -9999 -9999 -9999 -9999 -9999 -9999 -9999 -9999 -9999 -9999 -9999 -9999 -9999 -9999 -9999 -9999 -9999 -9999 -9999 -9999 -9999 -9999 -9999 -9999 -9999 -9999 -9999 -9999 -9999 -9999 -9999 -9999 -9999 -9999 -9999
-9999 -9999 -9999 0.296681 0.307859 0.315208 0.338564 0.345716 0.35213 0.358535 0.364579 0.369835 0.374427 0.378341 0.381762 0.384548 0.386925 0.387911 0.387407 0.38758 0.387789 0.387556 0.386993 0.387156 0.379815 0.39354 0.393895 0.395064 0.394575 0.393204 0.39261 -9999 -9999 -9999 -9999 -9999 -9999 -9999 -9999 -9999 -9999 -9999 -9999 0.341749 -9999 -9999 -9999 -9999 -9999 -9999 -9999 -9999 -9999 -9999 -9999 -9999 -9999 -9999 -9999 -9999 -9999 -9999 -9999 -9999 0.173317 -9999 -9999 -9999 -9999 -9999 -9999 -9999
-9999 -9999 0.282423 0.301347 0.309736 0.318186 0.329614 0.350014 0.356972 0.36393 0.370366 0.376006 0.381046 0.384802 0.387924 0.390635 0.391977 0.392221 0.392166 0.391769 0.391259 0.390893 0.390715 0.390754 0.394768 0.394801 0.394747 0.387606 0.396004 0.395896 0.396367 0.396547 -9999 -9999 -9999 -9999 -9999 -9999 -9999 0.373033 0.367373 0.360875 0.353392 0.34475 0.336943 -9999 -9999 -9999 -9999 -9999 -9999 -9999 -9999 -9999 -9999 -9999 -9999 -9999 -9999 -9999 -9999 -9999 -9999 -9999 0.172607 0.167016 -9999 -9999 -9999 -9999 -9999 -9999
-9999 -9999 0.294072 0.302613 0.311978 0.321309 0.330957 0.354205 0.362321 0.369751 0.376581 0.382673 0.387866 0.391618 0.394851 0.396867 0.39794 0.397665 0.397203 0.396654 0.395981 0.395278 0.395062 0.394599 0.397218 0.39685 0.397151 0.397774 0.398614 0.399777 0.401073 0.402066 -9999 -9999 -9999 -9999 -9999 -9999 0.383998 0.378138 0.371621 0.365526 0.356947 0.347718 0.338713 0.314644 -9999 -9999 -9999 -9999 -9999 -9999 -9999 -9999 -9999 -9999 -9999 -9999 -9999 -9999 0.189903 0.1862 0.18318 0.178509 0.172805 0.166852 -9999 -9999 -9999 -9999 -9999 -9999
-9999 -9999 0.294505 0.303769 0.313867 0.324354 0.335321 0.357942 0.367665 0.375949 0.383385 0.38975 0.394935 0.399266 0.402114 0.404313 0.404158 0.403869 0.403119 0.402489 0.401329 0.401061 0.400364 0.402612 0.400257 0.399943 0.400799 0.402418 0.413311 0.404421 0.405 0.406303 -9999 -9999 -9999 -9999 -9999 -9999 0.390473 0.384323 0.377191 0.369542 0.361916 0.351318 0.327635 0.31678 0.30524 0.29306 0.281475 0.263563 0.24392 0.2352 0.227974 0.221063 -9999 -9999 -9999 -9999 0.198037 0.194081 0.189859 0.185691 0.182965 0.178783 0.173731 0.158102 -9999 -9999 -9999 -9999 -9999 -9999
-9999 -9999 0.293799 0.304331 0.315784 0.327844 0.339585 0.362989 0.373338 0.387382 0.394906 0.401209 0.406225 0.410057 0.412798 0.413909 0.414071 0.413581 0.413545 0.413372 0.410974 0.406011 0.417194 0.40585 0.403421 0.403115 0.404311 0.406298 0.415615 0.407556 0.40888 0.414354 -9999 -9999 -9999 0.411849 0.408826 0.405771 0.401359 0.395068 0.387826 0.37502 0.365355 0.355082 0.331399 0.319383 0.307269 0.294269 0.280584 0.268532 0.242421 0.233226 0.225705 0.223078 0.217022 0.212048 0.207961 0.204517 0.201276 0.197992 0.194532 0.190996 0.182987 0.178343 0.172387 0.153786 -9999 -9999 -9999 -9999 -9999 -9999
-9999 -9999 0.294095 0.305199 0.317125 0.338445 0.351109 0.363075 0.384824 0.393433 0.401482 0.40859 0.41352 0.417301 0.41962 0.420638 0.420536 0.420381 0.41998 0.419226 0.417594 0.424608 0.42419 0.414218 0.411713 0.406324 0.411384 0.413222 0.41393 0.422118 0.417196 0.419524 -9999 -9999 0.420674 0.41793 0.414839 0.411294 0.40697 0.401486 0.39369 0.385464 0.375061 0.365187 0.34284 0.329469 0.308459 0.294179 0.28317 0.270695 0.252473 0.235247 0.226956 0.220064 0.214161 0.209521 0.2058 0.202723 0.200119 0.197299 0.194241 0.190901 0.188125 0.183591 0.171992 0.16241 -9999 -9999 -9999 -9999 -9999 -9999
-9999 -9999 0.301572 0.313653 0.326242 0.339562 0.352557 0.367965 0.390424 0.400177 0.407869 0.415267 0.420936 0.424348 0.426489 0.427126 0.426486 0.425746 0.42447 0.423425 0.421663 0.428094 0.426778 0.421757 0.419777 0.418834 0.418426 0.418118 0.415488 0.424139 0.425657 0.422629 0.42486 -9999 0.425916 0.424744 0.42171 0.41764 0.412646 0.407376 0.399123 0.390269 0.380343 0.369143 0.345775 0.332674 0.318594 0.304544 0.289859 0.267848 0.249422 0.238547 0.224101 0.216974 0.211256 0.206846 0.203489 0.200872 0.198663 0.19647 0.193958 0.190852 0.18747 0.178053 0.172872 0.163333 -9999 -9999 -9999 -9999 -9999 -9999
-9999 0.284231 0.300823 0.313553 0.327384 0.341597 0.355818 0.369744 0.391763 0.405438 0.414616 0.421213 0.427583 0.431301 0.433129 0.433007 0.431908 0.429774 0.427454 0.426269 0.430376 0.43171 0.431537 0.423496 0.421546 0.419282 0.418767 0.419506 0.420846 0.428977 0.427651 0.429812 0.428975 0.43029 0.430312 0.429755 0.427608 0.423419 0.418158 0.411887 0.404243 0.395638 0.384614 0.372262 0.3489 0.334273 0.31947 0.304279 0.28925 0.274285 0.25524 0.235241 0.225377 0.213963 0.208293 0.204097 0.201103 0.198964 0.197295 0.195674 0.193646 0.190868 0.183333 0.178728 0.170147 0.159451 -9999 -9999 -9999 -9999 -9999 -9999
-9999 -9999 0.300391 0.314447 0.329393 0.344565 0.359527 0.374052 0.39597 0.407515 0.417202 0.427198 0.432781 0.437246 0.438414 0.438186 0.436448 0.433813 0.430517 0.434806 0.433493 0.432207 0.431861 0.422923 0.420722 0.419532 0.419259 0.420932 0.423165 0.431812 0.434018 0.434857 0.435426 0.433597 0.434359 0.433221 0.431363 0.428697 0.424437 0.416846 0.409613 0.399057 0.387417 0.375405 0.351344 0.336098 0.319836 0.30367 0.287674 0.273538 0.252868 0.239981 0.227954 0.213788 0.20549 0.201494 0.198833 0.197158 0.196002 0.194897 0.193355 0.188456 0.181231 0.175751 0.171528 0.160367 -9999 -9999 -9999 -9999 -9999 -9999
-9999 -9999 -9999 -9999 0.330697 0.346425 0.362198 0.37742 0.399142 0.410885 0.420991 0.429282 0.43572 0.4407 0.442538 0.442219 0.441183 0.438201 0.436938 0.434503 0.432239 0.431711 0.424838 0.4217 0.420148 0.42016 0.420554 0.421566 0.424148 0.43215 0.434688 0.43705 0.438156 0.437542 0.435381 0.434493 0.433304 0.431725 0.427444 0.420748 0.411922 0.401699 0.390308 0.377885 0.353483 0.337812 0.320236 0.303206 0.286775 0.270833 0.25085 0.237004 0.225188 0.21486 0.207201 0.199294 0.196915 0.195598 0.194868 0.194202 0.190164 0.186883 0.182235 0.176119 0.17188 0.161591 -9999 -9999 -9999 -9999 -9999 -9999
-9999 -9999 -9999 -9999 0.332244 0.348452 0.364302 0.379001 0.401128 0.413038 0.423418 0.431648 0.437986 0.442493 0.444884 0.445176 0.444775 0.442297 0.438722 0.435538 0.433094 0.432386 0.424141 0.422048 0.420792 0.421172 0.421782 0.422489 0.425008 0.433037 0.434902 0.437611 0.437912 0.43815 0.437918 0.436083 0.43453 0.432001 0.428828 0.422495 0.413498 0.403685 0.392672 0.379305 0.355063 0.33926 0.320911 0.303164 0.286127 0.269312 0.249161 0.235148 0.222836 0.212636 0.204797 0.199414 0.195579 0.194497 0.19404 0.192415 0.190509 0.187406 0.182879 0.176791 0.171297 0.162229 -9999 -9999 -9999 -9999 -9999 -9999
-9999 -9999 -9999 -9999 -9999 0.350105 0.365386 0.379683 0.401949 0.414044 0.423998 0.432206 0.438549 0.442604 0.445014 0.445804 0.446511 0.444001 0.440594 0.436629 0.433545 0.431682 0.424727 0.423241 0.423446 0.424002 0.423677 0.42403 0.426008 0.433575 0.435494 0.435422 0.435486 0.435499 0.435799 0.436303 0.434809 0.432099 0.428809 0.422428 0.41387 0.404511 0.393121 0.380001 0.355827 0.338962 0.321504 0.303302 0.286254 0.269033 0.248612 0.234548 0.222177 0.211916 0.203961 0.198505 0.195297 0.193975 0.193342 0.192345 0.190556 0.187577 0.183141 0.177112 0.169637 0.158747 0.149138 -9999 -9999 -9999 -9999 -9999
-9999 -9999 -9999 -9999 -9999 0.351581 0.367028 0.38068 0.402554 0.413489 0.423037 0.431008 0.437384 0.441645 0.444776 0.44479 0.445352 0.4446 0.441753 0.439862 0.43565 0.431954 0.425012 0.426751 0.426519 0.426426 0.425628 0.425639 0.426551 0.434904 0.435734 0.434497 0.434147 0.434103 0.434102 0.434196 0.433735 0.430852 0.4264 0.420402 0.412947 0.40339 0.39272 0.380106 0.355251 0.339051 0.321944 0.303917 0.287219 0.269815 0.249512 0.235607 0.223354 0.212828 0.204881 0.19931 0.195536 0.194321 0.194042 0.192187 0.190367 0.187408 0.183037 0.177067 0.169501 0.156793 0.147116 0.135737 0.122824 -9999 -9999 -9999
-9999 -9999 -9999 -9999 -9999 -9999 0.368311 0.380599 0.40157 0.412159 0.420824 0.428355 0.437632 0.440585 0.442783 0.443632 0.444225 0.44446 0.444298 0.439356 0.434934 0.43203 0.424844 0.426133 0.425903 0.424925 0.423619 0.424176 0.42504 0.432911 0.433401 0.434355 0.434463 0.434418 0.433129 0.43215 0.430776 0.429097 0.425785 0.418002 0.41068 0.40143 0.390573 0.378079 0.354544 0.338016 0.321777 0.304679 0.287984 0.271679 0.251679 0.23823 0.225846 0.215494 0.207516 0.200059 0.19716 0.195664 0.195102 0.194914 0.190038 0.18701 0.18263 0.176753 0.169311 0.156459 0.146059 0.135237 0.123932 0.112438 -9999 -9999
-9999 -9999 -9999 -9999 -9999 -9999 0.368741 0.380149 0.400681 0.409635 0.423332 0.430558 0.434589 0.437466 0.439514 0.440918 0.441264 0.442099 0.44274 0.440503 0.434936 0.432186 0.431156 0.425662 0.423557 0.423196 0.422374 0.423304 0.423958 0.430721 0.431266 0.432123 0.434325 0.433831 0.431574 0.430084 0.428221 0.425982 0.422809 0.418414 0.411075 0.39887 0.389504 0.376829 0.353025 0.337853 0.322121 0.306061 0.290061 0.274422 0.254833 0.241463 0.229913 0.217627 0.208076 0.203145 0.199897 0.198004 0.19701 0.196379 0.195569 0.188995 0.182079 0.176275 0.169019 0.156281 0.146139 0.135118 0.12357 0.112954 0.10164 0
-9999 -9999 -9999 -9999 -9999 -9999 0.37119 0.380432 0.406705 0.414078 0.422604 0.427602 0.431346 0.43439 0.436103 0.437407 0.437918 0.438438 0.439411 0.439506 0.439631 0.43554 0.431503 0.423225 0.422114 0.421916 0.42195 0.42173 0.42167 0.428948 0.431336 0.432072 0.430551 0.430766 0.428684 0.427759 0.426651 0.422777 0.419752 0.415626 0.410737 0.401935 0.392676 0.37661 0.352788 0.339114 0.323747 0.308158 0.292849 0.278021 0.259057 0.243462 0.232345 0.21931 0.212424 0.207258 0.203631 0.201242 0.199692 0.198513 0.197182 0.195217 0.184973 0.17975 0.168747 0.156131 0.146436 0.13593 0.124813 0.113548 0.102326 0
-9999 -9999 -9999 -9999 -9999 -9999 0.377941 0.398135 0.4051 0.415247 0.420164 0.424873 0.428123 0.430782 0.432698 0.43418 0.435219 0.435932 0.437065 0.437655 0.43532 0.436996 0.435145 0.425755 0.42248 0.421684 0.421219 0.423158 0.422983 0.429976 0.429643 0.428035 0.428073 0.428476 0.425782 0.424486 0.423222 0.420037 0.416953 0.41418 0.409863 0.40327 0.391005 0.381684 0.358258 0.339988 0.32581 0.310582 0.294834 0.280605 0.261325 0.249151 0.23303 0.224525 0.217597 0.212189 0.20816 0.205234 0.203065 0.201256 0.199331 0.196874 0.193547 0.179642 0.173107 0.160439 0.146933 0.136986 0.126506 0.115765 0.10212 0
-9999 -9999 -9999 -9999 -9999 -9999 0.376696 0.397753 0.404165 0.413539 0.417916 0.422054 0.425229 0.427829 0.429997 0.43135 0.432375 0.433376 0.433826 0.434709 0.436066 0.432991 0.437357 0.427452 0.429011 0.427489 0.426831 0.426564 0.432392 0.430589 0.42692 0.426838 0.426108 0.425605 0.42335 0.421889 0.420041 0.417626 0.41559 0.413096 0.409207 0.401864 0.394477 0.380783 0.358885 0.345202 0.330872 0.316738 0.299232 0.286591 0.267208 0.248418 0.2387 0.230328 0.223332 0.217726 0.213282 0.209833 0.207048 0.204571 0.202026 0.199035 0.195291 0.190544 0.173414 0.160727 0.151946 0.140521 0.129994 0.115787 0.105475 0
-9999 -9999 -9999 -9999 -9999 -9999 -9999 0.398732 0.409324 0.413509 0.417751 0.421446 0.424588 0.427267 0.429401 0.430941 0.432135 0.433339 0.434544 0.436206 0.437474 0.43698 0.442723 0.432699 0.43147 0.42915 0.427896 0.427982 0.438824 0.43282 0.429912 0.428352 0.426901 0.425439 0.421943 0.42029 0.418437 0.416592 0.415805 0.41394 0.409851 0.403601 0.396863 0.382255 0.358691 0.345897 0.333136 0.320305 0.308613 0.290002 0.267311 0.256197 0.246716 0.238016 0.229449 0.223647 0.218856 0.214907 0.211517 0.208398 0.205232 0.202105 0.197838 0.19267 0.173532 0.160273 0.151641 0.1423 0.132549 0.122284 0.112183 0
-9999 -9999 -9999 -9999 -9999 -9999 -9999 0.405051 0.409368 0.412597 0.416971 0.420407 0.423092 0.425821 0.428264 0.430133 0.43159 0.432798 0.434522 0.436104 0.437586 0.438357 0.438567 0.435244 0.433731 0.430941 0.429819 0.429232 0.437014 0.435945 0.432448 0.429221 0.427309 0.425589 0.425329 0.422799 0.421247 0.419593 0.41647 0.412859 0.409049 0.402631 0.39666 0.388503 0.359191 0.347902 0.336402 0.324101 0.313393 0.296069 0.273037 0.262453 0.253345 0.244567 0.237214 0.231014 0.225747 0.221209 0.217182 0.213386 0.209561 0.205418 0.200715 0.195276 0.189001 0.167581 0.154524 0.145602 0.135957 0.126151 0.102288 0
-9999 -9999 -9999 -9999 -9999 -9999 -9999 0.405352 0.410027 0.413193 0.416245 0.420389 0.422905 0.425205 0.42783 0.430014 0.431822 0.433075 0.435156 0.437228 0.438959 0.440842 0.44118 0.440767 0.43511 0.433092 0.432125 0.431609 0.438452 0.436088 0.433028 0.430479 0.428319 0.426406 0.424589 0.422415 0.420418 0.417651 0.415038 0.412356 0.408088 0.402103 0.397233 0.389859 0.381209 0.350415 0.339189 0.328194 0.318778 0.289212 0.278182 0.268282 0.259165 0.251094 0.243979 0.237612 0.232099 0.227161 0.222629 0.218288 0.213896 0.209251 0.204125 0.198478 0.19216 0.186026 0.156719 0.148085 0.138705 0.129266 0.102177 0
-9999 -9999 -9999 -9999 -9999 -9999 -9999 0.406204 0.410652 0.413861 0.417282 0.42118 0.423567 0.42546 0.427902 0.430269 0.431937 0.433679 0.435759 0.437798 0.439838 0.441152 0.443203 0.442395 0.437435 0.435634 0.434361 0.441972 0.440596 0.437902 0.435153 0.432819 0.429919 0.427727 0.425644 0.424226 0.421955 0.418543 0.415161 0.41143 0.407694 0.402327 0.396868 0.390321 0.383079 0.352395 0.342491 0.332809 0.3097 0.292953 0.283121 0.273974 0.265443 0.257803 0.250761 0.244306 0.238589 0.233331 0.228381 0.223548 0.218665 0.213572 0.208057 0.202221 0.195971 0.189483 0.159969 0.150692 0.14113 0.12752 0.105033 0
-9999 -9999 -9999 -9999 -9999 -9999 -9999 0.408256 0.412283 0.415615 0.419494 0.423442 0.42494 0.426648 0.429072 0.431304 0.433223 0.435831 0.436906 0.438133 0.440126 0.442543 0.445046 0.445489 0.433289 0.43869 0.43745 0.445546 0.444238 0.441948 0.438769 0.435637 0.43236 0.429798 0.42769 0.426802 0.425754 0.421627 0.417035 0.412901 0.4085 0.404187 0.398628 0.392438 0.386091 0.363233 0.346834 0.337624 0.307249 0.297847 0.28854 0.279756 0.272178 0.264803 0.257561 0.251024 0.245189 0.239685 0.234376 0.229136 0.223808 0.218325 0.212472 0.206225 0.200472 0.193717 0.179411 0.15334 0.144292 0.115784 0.107683 0.100425
-9999 -9999 -9999 -9999 -9999 -9999 -9999 0.411106 0.41549 0.418795 0.422679 0.425508 0.427142 0.429197 0.431253 0.433341 0.435242 0.437226 0.438751 0.440415 0.442465 0.444842 0.447319 0.449102 0.449058 0.442624 0.437351 0.449197 0.448083 0.445337 0.442106 0.438168 0.434936 0.432502 0.430132 0.427802 0.426199 0.424547 0.420846 0.415879 0.411945 0.407604 0.401482 0.395363 0.389353 0.382737 0.350472 0.326947 0.312012 0.303251 0.294354 0.285472 0.277924 0.270987 0.263975 0.257767 0.251873 0.246183 0.240611 0.23502 0.229292 0.223374 0.217201 0.211203 0.204628 0.19786 0.189804 0.155575 0.141049 0.117909 0.110184 0.103018
-9999 -9999 -9999 -9999 -9999 -9999 -9999 0.414857 0.418947 0.422369 0.425354 0.427864 0.430041 0.43297 0.434785 0.4369 0.438254 0.439786 0.441464 0.442979 0.444809 0.44759 0.449961 0.452438 0.452464 0.438241 0.453288 0.452481 0.452422 0.448854 0.445043 0.441326 0.438295 0.436805 0.433605 0.430985 0.42852 0.426181 0.423994 0.419815 0.416345 0.411294 0.405122 0.398886 0.392523 0.386083 0.362153 0.33051 0.316553 0.308411 0.299997 0.291758 0.283903 0.27709 0.270587 0.264506 0.258626 0.25284 0.247065 0.241202 0.235151 0.228846 0.222745 0.216343 0.209182 0.20178 0.193401 0.175563 0.143088 0.120236 0.112433 0.10516
-9999 -9999 -9999 -9999 -9999 -9999 -9999 -9999 0.422344 0.425812 0.429223 0.433079 0.4355 0.437933 0.439997 0.441992 0.442217 0.443483 0.444872 0.446225 0.44778 0.449938 0.451553 0.453871 0.455667 0.43927 0.45818 0.456015 0.454476 0.451991 0.448379 0.444609 0.442445 0.441557 0.43903 0.436153 0.432629 0.429604 0.427955 0.424833 0.421064 0.415322 0.409092 0.402937 0.396545 0.390022 0.350222 0.329327 0.320499 0.312145 0.3046 0.296985 0.289869 0.283379 0.277188 0.271269 0.265453 0.259652 0.253773 0.247684 0.241387 0.234849 0.228408 0.22258 0.214385 0.206054 0.197743 0.179493 0.131384 0.122565 0.114377 0.106872
-9999 -9999 -9999 -9999 -9999 -9999 -9999 -9999 0.426713 0.43011 0.434657 0.439091 0.443594 0.446434 0.446355 0.447881 0.448067 0.447933 0.448919 0.450069 0.451372 0.452707 0.454521 0.456945 0.458982 0.468046 0.452489 0.457917 0.455992 0.453888 0.451174 0.449317 0.448816 0.448053 0.445194 0.442289 0.43789 0.434317 0.430861 0.427882 0.424593 0.420138 0.413599 0.407426 0.400987 0.394348 0.369628 0.342396 0.324926 0.316899 0.309401 0.302457 0.295726 0.289576 0.283726 0.278015 0.272361 0.266626 0.26072 0.254509 0.248119 0.241325 0.23493 0.227815 0.219817 0.211556 0.200267 0.181917 0.152228 0.124697 0.116061 0.108179
