Test_Spring_2018b/02_18/Prec/20180211_007.txt
ncols	170
nrows	115
xllcorner	350000.000000
yllcorner	4445000.000000
cellsize	1000.000000
nodata_value	-9999.000000
[rows 31 to 61 of 115, columns 70 to 139 of 170]
0.244229 0.243215 0.243263 0.245085 0.245544 0.245689 0.24699 0.247433 0.251888 0.252345 0.253803 0.254315 0.255427 0.257382 0.258329 0.261949 0.27318 0.270792 0.270486 0.274733 0.274345 0.273082 0.277323 0.286591 0.291815 0.299062 0.301067 0.303501 0.309943 -9999 -9999 -9999 -9999 -9999 -9999 -9999 -9999 -9999 -9999 -9999 -9999 -9999 -9999 -9999 -9999 -9999 -9999 -9999 -9999 -9999 -9999 -9999 -9999 -9999 -9999 -9999 -9999 -9999 -9999 -9999 -9999 -9999 -9999 -9999 -9999 -9999 -9999 -9999 -9999 -9999
0.247249 0.247065 0.247715 0.249405 0.24815 0.246982 0.252442 0.255669 0.255184 0.255451 0.256583 0.258919 0.259901 0.260944 0.261735 0.264866 0.273077 0.28068 0.277795 0.278716 0.282473 0.27922 0.283166 0.291166 0.301892 0.298861 0.302028 0.310311 0.318946 -9999 -9999 -9999 -9999 -9999 -9999 -9999 -9999 -9999 -9999 -9999 -9999 -9999 -9999 -9999 -9999 -9999 -9999 -9999 -9999 -9999 -9999 -9999 -9999 -9999 -9999 -9999 -9999 -9999 -9999 -9999 -9999 -9999 -9999 -9999 -9999 -9999 -9999 -9999 -9999 -9999
0.252876 0.251428 0.252502 0.253451 0.251267 0.251735 0.254583 0.257943 0.258643 0.258649 0.259326 0.260575 0.26171 0.262923 0.265503 0.269108 0.276247 0.284799 0.287358 0.284385 0.28522 0.285747 0.289236 0.293405 0.299246 0.297234 0.297465 0.304496 0.315641 0.324167 -9999 -9999 -9999 -9999 -9999 -9999 -9999 -9999 -9999 -9999 -9999 -9999 -9999 -9999 -9999 -9999 -9999 -9999 -9999 -9999 -9999 -9999 -9999 -9999 -9999 -9999 -9999 -9999 -9999 -9999 -9999 -9999 -9999 -9999 -9999 -9999 -9999 -9999 -9999 -9999
0.259348 0.256399 0.257674 0.260577 0.259359 0.258541 0.260715 0.26477 0.264829 0.262103 0.262678 0.263247 0.265023 0.266554 0.268815 0.272365 0.277241 0.28305 0.292763 0.287978 0.284483 0.285543 0.286825 0.289914 0.295329 0.293127 0.294331 0.306892 0.317045 0.322237 0.325292 -9999 -9999 -9999 -9999 -9999 -9999 -9999 -9999 -9999 -9999 -9999 -9999 -9999 -9999 -9999 -9999 -9999 -9999 -9999 -9999 -9999 -9999 -9999 -9999 -9999 -9999 -9999 -9999 -9999 -9999 -9999 -9999 -9999 -9999 -9999 -9999 -9999 -9999 -9999
-9999 0.262025 0.263146 0.266506 0.265196 0.263393 0.262739 0.265456 0.267011 0.266532 0.266072 0.266708 0.268619 0.273215 0.274364 0.27512 0.278522 0.285026 0.291544 0.293726 0.287785 0.286643 0.287859 0.287285 0.291826 0.291221 0.293056 0.30117 0.312225 0.318427 0.32206 0.327809 -9999 -9999 -9999 -9999 -9999 -9999 -9999 -9999 -9999 -9999 -9999 -9999 -9999 -9999 -9999 -9999 -9999 -9999 -9999 -9999 -9999 -9999 -9999 -9999 -9999 -9999 -9999 -9999 -9999 -9999 -9999 -9999 -9999 -9999 -9999 -9999 -9999 -9999
-9999 -9999 -9999 -9999 0.271941 0.271036 0.271249 0.270287 0.270684 0.26993 0.269273 0.269989 0.273364 0.275353 0.276116 0.278584 0.282428 0.285034 0.28929 0.293692 0.292759 0.287672 0.290816 0.2875 0.288616 0.288742 0.292373 0.306709 0.315141 0.319898 0.323169 0.327979 -9999 -9999 -9999 -9999 -9999 -9999 -9999 -9999 -9999 -9999 -9999 -9999 -9999 -9999 -9999 -9999 -9999 -9999 -9999 -9999 -9999 -9999 -9999 -9999 -9999 -9999 -9999 -9999 -9999 -9999 -9999 -9999 -9999 -9999 -9999 -9999 -9999 -9999
-9999 -9999 -9999 -9999 -9999 0.274484 0.275267 0.271811 0.274177 0.273923 0.272592 0.273298 0.275073 0.276597 0.278447 0.280594 0.283636 0.286859 0.290816 0.291555 0.288325 0.288677 0.289865 0.289764 0.28848 0.289643 0.299172 0.310642 0.31552 0.324292 0.328773 0.329614 0.333106 -9999 -9999 -9999 -9999 -9999 -9999 -9999 -9999 -9999 -9999 -9999 -9999 0.340989 -9999 -9999 -9999 -9999 -9999 -9999 -9999 -9999 -9999 -9999 -9999 -9999 -9999 -9999 -9999 -9999 -9999 -9999 -9999 -9999 0.400997 -9999 -9999 -9999
-9999 -9999 -9999 -9999 0.276123 0.277471 0.275866 0.273881 0.27541 0.277123 0.275575 0.276347 0.27792 0.279581 0.282232 0.283402 0.285397 0.288814 0.289798 0.288913 0.288609 0.288214 0.288078 0.288689 0.289833 0.291304 0.302218 0.306447 0.309657 0.317952 0.322288 0.326776 0.332993 0.338062 -9999 -9999 -9999 -9999 -9999 -9999 -9999 0.337423 0.339104 0.340686 0.341427 0.340386 0.344497 -9999 -9999 -9999 -9999 -9999 -9999 -9999 -9999 -9999 -9999 -9999 -9999 -9999 -9999 -9999 -9999 -9999 -9999 -9999 0.400426 0.405221 -9999 -9999
-9999 -9999 -9999 -9999 0.281809 0.279293 0.278273 0.276371 0.275692 0.279028 0.279053 0.2792 0.280267 0.282108 0.284363 0.285104 0.287638 0.289133 0.290183 0.288764 0.288544 0.289243 0.290114 0.290947 0.293178 0.293747 0.302185 0.305095 0.309441 0.313952 0.320026 0.328017 0.335856 0.342341 -9999 -9999 -9999 -9999 -9999 -9999 0.335746 0.334495 0.33448 0.339539 0.338729 0.338416 0.341344 0.353852 -9999 -9999 -9999 -9999 -9999 -9999 -9999 -9999 -9999 -9999 -9999 -9999 -9999 -9999 0.382013 0.386489 0.395175 0.399806 0.402805 0.407037 -9999 -9999
-9999 -9999 -9999 -9999 0.284806 0.281743 0.279914 0.278578 0.279025 0.280606 0.28138 0.281975 0.283064 0.284264 0.285453 0.287925 0.289265 0.292226 0.290035 0.2902 0.290771 0.293098 0.294045 0.298168 0.300055 0.307349 0.304445 0.307754 0.313974 0.321614 0.330481 0.33205 0.335647 0.341457 -9999 -9999 -9999 -9999 -9999 -9999 0.334989 0.333555 0.332822 0.334339 0.33977 0.337658 0.34734 0.353087 0.357035 0.35843 0.360927 0.36701 0.369439 0.371851 0.37588 0.37723 -9999 -9999 -9999 -9999 0.383804 0.384057 0.38414 0.385956 0.395174 0.401527 0.407349 0.41095 -9999 -9999
-9999 -9999 -9999 -9999 0.284968 0.282986 0.28223 0.282577 0.281732 0.283607 0.284127 0.287589 0.288651 0.289602 0.29048 0.291749 0.293626 0.293764 0.294089 0.294951 0.299567 0.304909 0.302494 0.302541 0.311977 0.31007 0.307534 0.311116 0.318415 0.326827 0.330016 0.330836 0.335403 0.343543 -9999 -9999 -9999 0.341658 0.338436 0.339008 0.338982 0.3367 0.335603 0.333197 0.33406 0.340491 0.347631 0.353698 0.360193 0.363145 0.362246 0.365043 0.370871 0.373596 0.377832 0.380743 0.381726 0.382907 0.384176 0.385454 0.386099 0.386242 0.386413 0.387907 0.395436 0.399978 0.40295 0.412263 -9999 -9999
-9999 -9999 -9999 -9999 0.291805 0.290079 0.288915 0.287229 0.287773 0.287369 0.28986 0.289819 0.290635 0.292985 0.292643 0.293498 0.294252 0.29507 0.295927 0.299856 0.305155 0.31041 0.312755 0.313986 0.318174 0.319319 0.316739 0.315256 0.323109 0.330579 0.332189 0.334392 0.34114 0.34766 -9999 -9999 0.348501 0.341379 0.336654 0.334735 0.334995 0.33635 0.334606 0.336504 0.335258 0.342387 0.353059 0.356343 0.360482 0.363577 0.367744 0.371478 0.374665 0.376746 0.37958 0.382471 0.384075 0.385834 0.387194 0.38811 0.389111 0.388912 0.388663 0.389307 0.39485 0.397411 0.402695 0.413968 -9999 -9999
-9999 -9999 -9999 -9999 0.295729 0.293973 0.292236 0.292353 0.291489 0.289531 0.293198 0.292121 0.292488 0.294433 0.296004 0.295368 0.295982 0.296485 0.296914 0.300563 0.304673 0.310904 0.314693 0.319109 0.32088 0.328888 0.327958 0.329073 0.330287 0.330003 0.329725 0.333967 0.338045 0.345172 0.349141 -9999 0.34771 0.344614 0.338757 0.33411 0.331762 0.334464 0.332323 0.3339 0.337032 0.34186 0.350809 0.35815 0.362626 0.367468 0.369211 0.370752 0.375573 0.378816 0.381912 0.384741 0.387037 0.388912 0.39024 0.390988 0.391294 0.391184 0.390873 0.390653 0.39275 0.397079 0.40304 0.414759 -9999 -9999
-9999 -9999 -9999 0.302423 0.29737 0.294378 0.293446 0.293028 0.292879 0.29308 0.295324 0.293317 0.293945 0.295099 0.298601 0.299069 0.299094 0.297885 0.298107 0.298391 0.300548 0.308146 0.312316 0.318442 0.323937 0.329064 0.328679 0.325096 0.325796 0.32896 0.332297 0.336771 0.337489 0.341855 0.349984 0.349287 0.345698 0.343163 0.339229 0.333303 0.32973 0.32916 0.330354 0.333215 0.335657 0.343168 0.351024 0.356371 0.362502 0.367519 0.372336 0.375453 0.380312 0.381157 0.38413 0.387298 0.389755 0.391667 0.392947 0.393585 0.393708 0.393451 0.392811 0.392018 0.392981 0.396242 0.40573 0.413138 -9999 -9999
-9999 -9999 -9999 -9999 0.299559 0.298283 0.298182 0.297994 0.29732 0.296585 0.297198 0.297438 0.296835 0.29626 0.299381 0.302692 0.300859 0.300229 0.299382 0.299302 0.299437 0.308291 0.312144 0.315288 0.320641 0.32178 0.320814 0.321298 0.322784 0.329048 0.335104 0.341983 0.348107 0.348013 0.349881 0.34789 0.345381 0.339223 0.335144 0.334001 0.33378 0.328591 0.330261 0.334057 0.336099 0.342665 0.349595 0.356305 0.360869 0.366181 0.371321 0.381271 0.382731 0.38684 0.387589 0.389403 0.391979 0.393946 0.395187 0.395816 0.395826 0.395375 0.394531 0.394743 0.394128 0.395971 0.407708 0.413866 -9999 -9999
-9999 -9999 -9999 -9999 -9999 -9999 0.300577 0.29997 0.299868 0.299397 0.298441 0.297906 0.297703 0.29807 0.299496 0.30215 0.303291 0.303085 0.305758 0.304052 0.302007 0.302556 0.303425 0.30974 0.315245 0.313236 0.314863 0.319824 0.323682 0.32729 0.334248 0.339225 0.346107 0.351018 0.350563 0.343859 0.337945 0.331594 0.329025 0.331182 0.330522 0.330251 0.329257 0.330857 0.335286 0.342235 0.349134 0.357081 0.359768 0.364959 0.3716 0.377964 0.384061 0.387034 0.390495 0.391468 0.393659 0.39561 0.396891 0.397456 0.3974 0.396835 0.396654 0.395844 0.39503 0.394396 0.4064 0.416105 -9999 -9999
-9999 -9999 -9999 -9999 -9999 -9999 0.304023 0.303805 0.302682 0.299077 0.299266 0.298657 0.298981 0.298869 0.299888 0.302486 0.305065 0.307569 0.31085 0.309616 0.305754 0.303756 0.304086 0.309792 0.309726 0.31164 0.314384 0.32069 0.325288 0.327677 0.334261 0.339741 0.34402 0.349997 0.346295 0.342341 0.337654 0.330404 0.325926 0.324716 0.327894 0.327953 0.326505 0.330066 0.336624 0.341128 0.349288 0.358423 0.360091 0.364584 0.371006 0.376195 0.383129 0.387164 0.390203 0.392673 0.394788 0.396735 0.397989 0.39854 0.398419 0.398084 0.397388 0.396499 0.395641 0.394919 0.402436 0.416809 -9999 -9999
-9999 -9999 -9999 -9999 -9999 -9999 -9999 0.307588 0.304321 0.299263 0.300169 0.300447 0.299455 0.299527 0.300822 0.301988 0.305089 0.309282 0.31718 0.315729 0.312299 0.307179 0.30486 0.30601 0.310342 0.314277 0.322237 0.329103 0.330246 0.331385 0.336091 0.340171 0.344882 0.340872 0.336496 0.33185 0.32918 0.329327 0.325461 0.322959 0.325813 0.325446 0.325388 0.330452 0.335539 0.340985 0.349445 0.355041 0.36047 0.363901 0.370997 0.375493 0.382071 0.386725 0.390281 0.393138 0.395263 0.397161 0.398395 0.398892 0.398905 0.398413 0.397709 0.396869 0.396021 0.395302 0.395454 0.403137 0.407794 -9999
-9999 -9999 -9999 -9999 -9999 -9999 -9999 0.311981 0.310537 0.304371 0.304567 0.301675 0.300154 0.300128 0.302079 0.303504 0.307963 0.309538 0.317 0.320493 0.318471 0.320268 0.313106 0.306868 0.311135 0.326435 0.332462 0.336781 0.336205 0.33628 0.337425 0.344553 0.345843 0.338202 0.332987 0.328792 0.325593 0.324934 0.325052 0.320842 0.32152 0.322167 0.325555 0.329107 0.335941 0.34228 0.347663 0.354709 0.360529 0.363815 0.371538 0.374843 0.381594 0.386689 0.390688 0.392714 0.395122 0.396927 0.398242 0.39876 0.398796 0.398416 0.397693 0.396904 0.396164 0.395448 0.39499 0.395832 0.399884 0.401567
-9999 -9999 -9999 -9999 -9999 -9999 -9999 -9999 0.317628 0.308809 0.306851 0.304563 0.301372 0.30093 0.303253 0.304669 0.308919 0.312943 0.319678 0.327576 0.331479 0.320992 0.31203 0.307782 0.311296 0.324232 0.329792 0.330646 0.328248 0.330645 0.332182 0.337521 0.33843 0.339851 0.337406 0.332641 0.32841 0.324209 0.32168 0.322346 0.322369 0.323149 0.326084 0.329442 0.333958 0.33887 0.347986 0.35159 0.358412 0.363019 0.368798 0.374363 0.381096 0.386796 0.389592 0.391923 0.394262 0.396509 0.3976 0.39811 0.398182 0.397937 0.397404 0.396718 0.396028 0.395465 0.395022 0.395049 0.395553 0.398271
-9999 -9999 -9999 -9999 -9999 -9999 -9999 -9999 0.323222 0.314379 0.312271 0.306431 0.304894 0.304362 0.303903 0.304961 0.308151 0.313327 0.317978 0.326716 0.335985 0.323908 0.314193 0.309417 0.309989 0.323109 0.321217 0.324085 0.323544 0.327706 0.329187 0.330238 0.332415 0.33473 0.338585 0.34017 0.330783 0.325987 0.322694 0.321984 0.32278 0.324818 0.327138 0.331146 0.338934 0.340592 0.347211 0.352548 0.357986 0.363235 0.368526 0.373699 0.380034 0.384141 0.38864 0.391698 0.393959 0.395521 0.396555 0.39713 0.397309 0.397153 0.396785 0.396175 0.395732 0.395296 0.394991 0.395082 0.395217 0.395662
-9999 -9999 -9999 -9999 -9999 -9999 -9999 -9999 0.337188 0.324137 0.318336 0.312161 0.308681 0.306706 0.305641 0.307209 0.308549 0.312306 0.316176 0.322166 0.330984 0.336931 0.327416 0.315479 0.311412 0.315001 0.31616 0.319371 0.322064 0.322445 0.322085 0.324609 0.330159 0.334109 0.335897 0.33652 0.329438 0.328231 0.328943 0.323054 0.324734 0.327536 0.333226 0.338327 0.341819 0.347315 0.352139 0.359037 0.361824 0.364849 0.368852 0.37338 0.379486 0.384932 0.388131 0.390701 0.392722 0.394274 0.39534 0.395959 0.396219 0.39624 0.396027 0.395633 0.395171 0.39485 0.394858 0.395054 0.395234 0.395673
-9999 -9999 -9999 -9999 -9999 -9999 -9999 -9999 0.340816 0.332626 0.322629 0.318431 0.312247 0.310303 0.307902 0.307938 0.309364 0.312651 0.317003 0.322032 0.32969 0.335755 0.330922 0.321268 0.316044 0.317241 0.317687 0.318451 0.319406 0.323051 0.323353 0.3236 0.325485 0.331095 0.332724 0.335791 0.328194 0.32721 0.328653 0.32618 0.328008 0.335544 0.342457 0.346348 0.346028 0.352524 0.359102 0.363801 0.366552 0.366501 0.373841 0.377689 0.381367 0.384327 0.3873 0.389579 0.391492 0.392966 0.394048 0.394711 0.39505 0.395218 0.395166 0.394998 0.394862 0.394504 0.39445 0.394786 0.395289 0.395713
-9999 -9999 -9999 -9999 -9999 -9999 -9999 -9999 0.345583 0.337855 0.328837 0.322233 0.315758 0.312804 0.3106 0.310304 0.312006 0.313727 0.316601 0.321064 0.324525 0.330026 0.337262 0.327882 0.323207 0.323801 0.327195 0.32487 0.325258 0.326603 0.327802 0.325727 0.327452 0.330406 0.330792 0.332203 0.327894 0.327838 0.328398 0.329617 0.335636 0.343946 0.351534 0.351108 0.355317 0.355712 0.366552 0.368175 0.369203 0.372374 0.376636 0.382034 0.382274 0.384922 0.386936 0.388763 0.390324 0.39178 0.392775 0.39353 0.393992 0.394237 0.394355 0.394364 0.394362 0.394384 0.394211 0.394666 0.395 0.398368
-9999 -9999 -9999 -9999 -9999 -9999 -9999 -9999 -9999 0.348086 0.339177 0.328816 0.322693 0.318607 0.316378 0.316025 0.316812 0.318026 0.319995 0.323455 0.32783 0.334344 0.339519 0.338076 0.33343 0.336596 0.335388 0.329977 0.328254 0.331225 0.339035 0.336563 0.331142 0.330472 0.330166 0.330061 0.329842 0.330468 0.332147 0.336228 0.347129 0.351653 0.357893 0.36044 0.365622 0.363198 0.370367 0.370063 0.372139 0.375261 0.382828 0.387819 0.386888 0.387643 0.390183 0.390964 0.389414 0.390719 0.39173 0.392526 0.393039 0.39338 0.393612 0.396101 0.396381 0.396656 0.396826 0.397343 0.398076 0.398735
-9999 -9999 -9999 -9999 -9999 -9999 -9999 -9999 -9999 0.355309 0.344058 0.33213 0.327888 0.323686 0.320086 0.319737 0.32106 0.322555 0.324335 0.326527 0.331511 0.336488 0.341332 0.34359 0.343687 0.344513 0.341952 0.334689 0.333522 0.334292 0.345074 0.347295 0.340493 0.334653 0.333763 0.333913 0.340087 0.338972 0.342965 0.348595 0.351343 0.35527 0.361828 0.36244 0.368481 0.370287 0.373932 0.375028 0.377337 0.377872 0.384543 0.390102 0.389025 0.38908 0.391071 0.390441 0.391078 0.392089 0.393036 0.393799 0.394428 0.3949 0.39534 0.395734 0.396111 0.396549 0.397159 0.398144 0.403322 0.403765
-9999 -9999 -9999 -9999 -9999 -9999 -9999 -9999 -9999 0.356863 0.349043 0.338542 0.33063 0.32975 0.325789 0.323719 0.325216 0.327097 0.329215 0.330527 0.335756 0.341529 0.346385 0.351963 0.351917 0.349115 0.34417 0.339657 0.339121 0.340354 0.347977 0.345907 0.341322 0.338734 0.337806 0.338209 0.339645 0.340771 0.343922 0.346017 0.35086 0.358012 0.36221 0.363211 0.371537 0.37389 0.374637 0.379925 0.379282 0.380508 0.387807 0.390537 0.388877 0.388938 0.389018 0.389802 0.390866 0.391537 0.392517 0.393299 0.393959 0.394539 0.395028 0.395543 0.396012 0.39688 0.397978 0.40261 0.404813 0.40493
-9999 -9999 -9999 -9999 -9999 -9999 -9999 -9999 -9999 0.358581 0.351629 0.342611 0.336992 0.33577 0.331534 0.327846 0.328274 0.330229 0.331097 0.333404 0.337826 0.342725 0.34805 0.350975 0.356779 0.352184 0.34861 0.344845 0.343222 0.350571 0.352333 0.349371 0.346358 0.34509 0.342073 0.342149 0.343325 0.347916 0.350634 0.350752 0.352895 0.355981 0.361531 0.363755 0.368396 0.371783 0.375214 0.380835 0.3816 0.384056 0.387177 0.387949 0.387951 0.388463 0.388903 0.390074 0.390839 0.391264 0.392174 0.392979 0.393692 0.394291 0.394881 0.395567 0.396187 0.397587 0.399728 0.403358 0.408996 0.405808
-9999 -9999 -9999 -9999 -9999 -9999 -9999 -9999 -9999 0.362882 0.355627 0.348014 0.344739 0.344074 0.33669 0.332206 0.332273 0.333296 0.334567 0.339506 0.339699 0.341124 0.345852 0.352485 0.359679 0.359473 0.35813 0.350602 0.349123 0.358845 0.360977 0.359671 0.355316 0.351421 0.34739 0.346536 0.34808 0.355057 0.362642 0.360372 0.358114 0.359514 0.362107 0.367342 0.370377 0.373433 0.378105 0.385979 0.386278 0.387419 0.388808 0.389291 0.388811 0.388571 0.390838 0.391786 0.391154 0.391164 0.392063 0.392863 0.393546 0.394204 0.394833 0.395751 0.396657 0.397829 0.402752 0.405979 0.410712 0.406241
-9999 -9999 -9999 -9999 -9999 -9999 -9999 -9999 -9999 0.368369 0.363191 0.356037 0.353142 0.348541 0.341669 0.338342 0.336837 0.337055 0.33796 0.340306 0.341887 0.344691 0.349452 0.355811 0.362811 0.367459 0.365545 0.358233 0.359039 0.366286 0.369136 0.36617 0.361662 0.354888 0.351148 0.350933 0.351717 0.3536 0.359323 0.366257 0.367269 0.365429 0.369347 0.373829 0.373851 0.37591 0.380239 0.383943 0.387005 0.389515 0.39159 0.392223 0.391175 0.388721 0.389544 0.390917 0.390375 0.391301 0.392158 0.392891 0.393602 0.394253 0.394879 0.395736 0.396964 0.400416 0.403472 0.407537 0.408433 0.404705
-9999 -9999 -9999 -9999 -9999 -9999 -9999 -9999 -9999 0.37553 0.369542 0.362966 0.356812 0.350998 0.346021 0.345769 0.343239 0.343429 0.342228 0.342865 0.345007 0.347307 0.351335 0.359264 0.365966 0.373236 0.37161 0.366135 0.367533 0.371295 0.377909 0.371784 0.364993 0.358883 0.355767 0.35894 0.356625 0.357436 0.359999 0.364404 0.370936 0.371865 0.377235 0.378695 0.377917 0.378695 0.380614 0.38359 0.388609 0.389933 0.392888 0.394018 0.393008 0.391292 0.38954 0.390188 0.39066 0.39158 0.392419 0.393134 0.393814 0.394498 0.395221 0.39609 0.399082 0.402524 0.404812 0.407779 0.40853 0.404374
