Test_Spring_2018b/02_18/Prec/20180226_004.txt
ncols	170
nrows	115
xllcorner	350000.000000
yllcorner	4445000.000000
cellsize	1000.000000
nodata_value	-9999.000000
[rows 32 to 63 of 115, columns 72 to 143 of 170]
0.637512 0.654848 0.64854 0.643722 0.693418 0.734638 0.732609 0.742261 0.759008 0.785459 0.800223 0.81483 0.826529 0.856677 0.927889 0.992966 0.969999 0.97759 1.00782 0.979183 1.0097 1.07345 1.1596 1.13159 1.155 1.26615 1.33264 -9999 -9999 -9999 -9999 -9999 -9999 -9999 -9999 -9999 -9999 -9999 -9999 -9999 -9999 -9999 -9999 -9999 -9999 -9999 -9999 -9999 -9999 -9999 -9999 -9999 -9999 -9999 -9999 -9999 -9999 -9999 -9999 -9999 -9999 -9999 -9999 -9999 -9999 -9999 -9999 -9999 -9999 -9999 -9999 -9999
0.65516 0.666887 0.653244 0.662115 0.693038 0.733516 0.739836 0.746694 0.758855 0.775396 0.790496 0.805671 0.831527 0.86518 0.927411 1.00063 1.02349 0.999847 1.00724 1.01165 1.04029 1.07434 1.12212 1.10473 1.10594 1.18128 1.29926 1.36845 -9999 -9999 -9999 -9999 -9999 -9999 -9999 -9999 -9999 -9999 -9999 -9999 -9999 -9999 -9999 -9999 -9999 -9999 -9999 -9999 -9999 -9999 -9999 -9999 -9999 -9999 -9999 -9999 -9999 -9999 -9999 -9999 -9999 -9999 -9999 -9999 -9999 -9999 -9999 -9999 -9999 -9999 -9999 -9999
0.674832 0.703468 0.698371 0.696888 0.733661 0.762391 0.769577 0.753312 0.76399 0.774115 0.793725 0.810778 0.833376 0.866191 0.909575 0.960328 1.04313 1.00547 0.978311 0.988761 1.00093 1.02803 1.07436 1.05751 1.06888 1.19241 1.30378 1.34767 1.37377 -9999 -9999 -9999 -9999 -9999 -9999 -9999 -9999 -9999 -9999 -9999 -9999 -9999 -9999 -9999 -9999 -9999 -9999 -9999 -9999 -9999 -9999 -9999 -9999 -9999 -9999 -9999 -9999 -9999 -9999 -9999 -9999 -9999 -9999 -9999 -9999 -9999 -9999 -9999 -9999 -9999 -9999 -9999
0.696128 0.729444 0.724315 0.715174 0.727799 0.751602 0.766349 0.768406 0.769967 0.779976 0.799981 0.841744 0.854539 0.863806 0.89487 0.951621 1.00852 1.02957 0.983398 0.977142 0.990558 0.989218 1.03035 1.02884 1.04753 1.11978 1.22978 1.31118 1.34372 1.39359 -9999 -9999 -9999 -9999 -9999 -9999 -9999 -9999 -9999 -9999 -9999 -9999 -9999 -9999 -9999 -9999 -9999 -9999 -9999 -9999 -9999 -9999 -9999 -9999 -9999 -9999 -9999 -9999 -9999 -9999 -9999 -9999 -9999 -9999 -9999 -9999 -9999 -9999 -9999 -9999 -9999 -9999
-9999 -9999 0.757637 0.769812 0.768452 0.771962 0.776052 0.77563 0.77513 0.785207 0.816651 0.836108 0.845103 0.868156 0.902731 0.927315 0.965981 1.00631 1.00287 0.965396 0.996541 0.97438 0.989148 0.995795 1.03149 1.15365 1.2475 1.31854 1.34977 1.39334 -9999 -9999 -9999 -9999 -9999 -9999 -9999 -9999 -9999 -9999 -9999 -9999 -9999 -9999 -9999 -9999 -9999 -9999 -9999 -9999 -9999 -9999 -9999 -9999 -9999 -9999 -9999 -9999 -9999 -9999 -9999 -9999 -9999 -9999 -9999 -9999 -9999 -9999 -9999 -9999 -9999 -9999
-9999 -9999 -9999 0.77799 0.781555 0.760197 0.785151 0.788777 0.782324 0.791754 0.809253 0.824134 0.841489 0.861388 0.889069 0.918845 0.955446 0.966193 0.944834 0.953912 0.97054 0.976944 0.973851 0.991216 1.08072 1.17876 1.22692 1.35042 1.39339 1.40556 1.4391 -9999 -9999 -9999 -9999 -9999 -9999 -9999 -9999 -9999 -9999 -9999 -9999 1.52518 -9999 -9999 -9999 -9999 -9999 -9999 -9999 -9999 -9999 -9999 -9999 -9999 -9999 -9999 -9999 -9999 -9999 -9999 -9999 -9999 2.03721 -9999 -9999 -9999 -9999 -9999 -9999 -9999
-9999 -9999 0.748033 0.771441 0.767268 0.75869 0.783664 0.796613 0.788051 0.797473 0.81258 0.82783 0.85109 0.862293 0.880934 0.912266 0.924536 0.922493 0.926456 0.930729 0.938045 0.952253 0.971349 0.99343 1.09186 1.13713 1.17361 1.26895 1.33726 1.38121 1.43868 1.4858 -9999 -9999 -9999 -9999 -9999 -9999 -9999 1.49624 1.5102 1.5232 1.52918 1.52035 1.55422 -9999 -9999 -9999 -9999 -9999 -9999 -9999 -9999 -9999 -9999 -9999 -9999 -9999 -9999 -9999 -9999 -9999 -9999 -9999 2.02782 2.07062 -9999 -9999 -9999 -9999 -9999 -9999
-9999 -9999 0.77674 0.767438 0.769199 0.762023 0.763218 0.795235 0.799427 0.803108 0.813262 0.829156 0.848294 0.855227 0.877844 0.893051 0.906039 0.900148 0.905761 0.920424 0.937728 0.955664 0.985855 1.00266 1.08316 1.11979 1.16792 1.21685 1.31679 1.39138 1.46364 1.52359 -9999 -9999 -9999 -9999 -9999 -9999 1.48579 1.47514 1.47444 1.51562 1.508 1.50442 1.52764 1.62878 -9999 -9999 -9999 -9999 -9999 -9999 -9999 -9999 -9999 -9999 -9999 -9999 -9999 -9999 1.85646 1.89632 1.97169 2.0139 2.04296 2.08252 -9999 -9999 -9999 -9999 -9999 -9999
-9999 -9999 0.782192 0.769923 0.766214 0.76459 0.77556 0.785959 0.802997 0.809826 0.819369 0.82901 0.838374 0.858818 0.870899 0.89793 0.884073 0.891753 0.90477 0.934166 0.953679 1.00076 1.03018 1.10323 1.09414 1.13641 1.20241 1.27952 1.38811 1.4255 1.46394 1.5194 -9999 -9999 -9999 -9999 -9999 -9999 1.48362 1.47092 1.46363 1.47473 1.5181 1.49881 1.57541 1.62189 1.65335 1.6635 1.68255 1.74683 1.75673 1.77307 1.80285 1.81065 -9999 -9999 -9999 -9999 1.85828 1.86198 1.86529 1.88389 1.96466 2.02232 2.07609 2.11855 -9999 -9999 -9999 -9999 -9999 -9999
-9999 -9999 0.765511 0.763903 0.770445 0.78372 0.78452 0.797277 0.811929 0.822726 0.832425 0.840233 0.847072 0.857394 0.873603 0.876745 0.883184 0.896016 0.941992 0.995911 0.987246 1.02288 1.10984 1.11635 1.11266 1.1596 1.23692 1.32273 1.38539 1.41696 1.46481 1.52897 -9999 -9999 -9999 1.53295 1.50739 1.51201 1.5106 1.48966 1.47797 1.46781 1.47254 1.51454 1.57844 1.62668 1.67837 1.7005 1.69047 1.71081 1.76353 1.78153 1.81213 1.83773 1.84193 1.8486 1.85708 1.86691 1.87287 1.87605 1.88078 1.89764 1.95988 2.00366 2.03508 2.12487 -9999 -9999 -9999 -9999 -9999 -9999
-9999 -9999 0.772393 0.773231 0.777226 0.789377 0.802168 0.804643 0.821493 0.83005 0.837246 0.856023 0.851991 0.858107 0.864296 0.872521 0.883046 0.921283 0.973218 1.02706 1.05885 1.07546 1.1262 1.15916 1.15604 1.18993 1.26434 1.34399 1.37421 1.42549 1.50429 1.56838 -9999 -9999 1.59448 1.5381 1.49988 1.48339 1.48369 1.49208 1.47408 1.48587 1.47141 1.51834 1.60994 1.63398 1.67986 1.70231 1.74039 1.76752 1.80164 1.80818 1.82594 1.8445 1.85304 1.86384 1.87262 1.87924 1.88821 1.8889 1.89074 1.90138 1.9538 1.98242 2.03917 2.14095 -9999 -9999 -9999 -9999 -9999 -9999
-9999 -9999 0.776225 0.776621 0.775908 0.788987 0.792148 0.813597 0.840613 0.834243 0.843127 0.857997 0.869128 0.862126 0.86641 0.87139 0.877914 0.91363 0.955814 1.01819 1.06273 1.10746 1.13944 1.2257 1.23708 1.26618 1.29656 1.31466 1.35721 1.42636 1.47449 1.55362 1.59577 -9999 1.59586 1.57294 1.52509 1.48548 1.46344 1.48212 1.45985 1.46794 1.48212 1.51647 1.59229 1.65584 1.68952 1.72626 1.73722 1.75845 1.80422 1.82393 1.83908 1.8562 1.86966 1.88076 1.88882 1.89381 1.89706 1.89879 1.90068 1.90495 1.92979 1.97785 2.03719 2.14429 -9999 -9999 -9999 -9999 -9999 -9999
-9999 0.787935 0.778108 0.769332 0.776345 0.786006 0.796046 0.806967 0.825471 0.837581 0.843326 0.855716 0.8823 0.883787 0.882482 0.87261 0.876882 0.884357 0.910259 0.984166 1.02614 1.09008 1.15291 1.22065 1.23821 1.23024 1.25844 1.30736 1.35758 1.4306 1.47601 1.52591 1.60976 1.61173 1.58722 1.56899 1.53685 1.48612 1.45319 1.44384 1.44824 1.46095 1.47426 1.53554 1.60131 1.64131 1.688 1.72554 1.76135 1.78289 1.82803 1.83803 1.85456 1.87098 1.885 1.89578 1.90297 1.90684 1.90858 1.90936 1.90903 1.90927 1.92806 1.96527 2.07207 2.14585 -9999 -9999 -9999 -9999 -9999 -9999
-9999 -9999 0.786265 0.792536 0.807305 0.81977 0.826365 0.830417 0.836595 0.845961 0.846096 0.856644 0.882752 0.907328 0.890046 0.884371 0.879212 0.883224 0.892084 0.970672 1.01516 1.05659 1.11892 1.15458 1.16868 1.19603 1.23258 1.3092 1.38408 1.47839 1.54999 1.56787 1.61151 1.60728 1.59207 1.54384 1.51027 1.49872 1.49289 1.4444 1.44849 1.47571 1.48567 1.53336 1.59036 1.64098 1.67408 1.7135 1.75147 1.82916 1.8449 1.87195 1.87115 1.88464 1.89736 1.90803 1.9145 1.91807 1.91888 1.91826 1.91667 1.92728 1.94389 1.97282 2.08463 2.14962 -9999 -9999 -9999 -9999 -9999 -9999
-9999 -9999 -9999 -9999 0.819951 0.829652 0.841778 0.848887 0.843207 0.847078 0.851342 0.858084 0.871665 0.898779 0.905794 0.903164 0.926682 0.9165 0.903707 0.917467 0.937039 1.00482 1.07441 1.07895 1.11551 1.18121 1.23885 1.29506 1.37918 1.4589 1.53843 1.59933 1.61275 1.57071 1.53658 1.48681 1.46557 1.48098 1.47092 1.46214 1.44666 1.45221 1.48119 1.53132 1.58719 1.64754 1.6646 1.7026 1.75263 1.80023 1.85353 1.87073 1.89198 1.89292 1.90466 1.91681 1.9233 1.92617 1.92643 1.92502 1.93571 1.93996 1.94641 1.95591 2.07111 2.16679 -9999 -9999 -9999 -9999 -9999 -9999
-9999 -9999 -9999 -9999 0.842175 0.855538 0.859822 0.841711 0.846516 0.850752 0.860294 0.86385 0.874635 0.896787 0.918539 0.938122 0.965665 0.958216 0.931778 0.923924 0.938627 1.00113 1.02448 1.06182 1.10814 1.18572 1.25042 1.29763 1.37988 1.46467 1.52387 1.59477 1.58227 1.56382 1.53487 1.48113 1.44395 1.4314 1.45237 1.44613 1.42632 1.44757 1.49364 1.52299 1.58875 1.65859 1.6669 1.69886 1.74687 1.78454 1.84427 1.87008 1.88761 1.90075 1.91165 1.92235 1.92926 1.93189 1.9316 1.93499 1.93774 1.9419 1.94868 1.95824 2.03708 2.17238 -9999 -9999 -9999 -9999 -9999 -9999
-9999 -9999 -9999 -9999 -9999 0.881275 0.868174 0.83862 0.850085 0.86261 0.862201 0.868175 0.882003 0.892818 0.918308 0.952197 1.01811 1.00847 0.985106 0.95079 0.942969 0.9672 1.02671 1.08062 1.17018 1.25256 1.28896 1.3263 1.3936 1.46732 1.53084 1.51963 1.50217 1.4785 1.46661 1.47319 1.4416 1.418 1.43641 1.4264 1.41785 1.45128 1.48488 1.5218 1.58983 1.63018 1.66958 1.69268 1.74626 1.7782 1.83488 1.86585 1.88771 1.90407 1.91508 1.92537 1.93178 1.93409 1.93557 1.93665 1.93954 1.94439 1.95162 1.96163 1.97985 2.06011 2.11505 -9999 -9999 -9999 -9999 -9999
-9999 -9999 -9999 -9999 -9999 0.912041 0.914177 0.875814 0.881745 0.868809 0.864938 0.871047 0.891187 0.904818 0.941591 0.954173 1.01502 1.04904 1.03693 1.05939 1.01073 0.972993 1.03145 1.17899 1.25202 1.3129 1.33479 1.36315 1.40088 1.5 1.53531 1.4942 1.47 1.45026 1.43418 1.43416 1.43574 1.39683 1.39963 1.39808 1.41815 1.43908 1.48721 1.53157 1.57426 1.62671 1.66947 1.69151 1.75047 1.77273 1.83118 1.86608 1.8919 1.90164 1.91522 1.92494 1.93315 1.93531 1.93679 1.93923 1.94197 1.94726 1.9554 1.96545 1.97864 2.00212 2.05202 2.0815 2.08726 -9999 -9999 -9999
-9999 -9999 -9999 -9999 -9999 -9999 0.96682 0.906608 0.8946 0.887313 0.870406 0.873982 0.895049 0.910607 0.947493 0.980929 1.0361 1.10113 1.14635 1.06642 1.00212 0.980029 1.0316 1.15858 1.22682 1.25809 1.26406 1.31093 1.35123 1.43521 1.46696 1.50069 1.49925 1.47286 1.44988 1.42077 1.40065 1.40254 1.39535 1.40289 1.41957 1.43924 1.46849 1.50136 1.57554 1.59976 1.65114 1.68447 1.72766 1.76906 1.82808 1.8685 1.88484 1.89759 1.91105 1.92874 1.9331 1.93541 1.93727 1.93988 1.94552 1.9514 1.95962 1.97058 1.98351 1.99969 2.01978 2.05742 2.10266 2.15533 -9999 -9999
-9999 -9999 -9999 -9999 -9999 -9999 1.00619 0.945686 0.931919 0.895599 0.885846 0.891311 0.894606 0.908022 0.936942 0.980698 1.01923 1.09167 1.16949 1.08801 1.02061 0.993238 1.01321 1.14703 1.15223 1.19896 1.21906 1.27932 1.31792 1.36567 1.40704 1.44743 1.49399 1.52506 1.45772 1.42379 1.39769 1.38879 1.38882 1.3965 1.41902 1.44929 1.50629 1.51277 1.56713 1.60623 1.64662 1.68579 1.72545 1.76413 1.82092 1.8488 1.87995 1.90057 1.92108 1.92787 1.93231 1.93553 1.93844 1.94171 1.94629 1.95747 1.96504 1.97636 1.98969 2.00546 2.02173 2.03981 2.0627 2.12616 2.17098 2.2149
-9999 -9999 -9999 -9999 -9999 -9999 1.11391 1.0182 0.96067 0.923843 0.908119 0.901778 0.900685 0.919131 0.933593 0.966489 0.999386 1.04973 1.1243 1.17667 1.12535 1.0372 1.02311 1.07706 1.10612 1.15417 1.19951 1.22681 1.24853 1.30747 1.36771 1.42234 1.46025 1.47966 1.43116 1.42708 1.43466 1.38361 1.39206 1.40737 1.44508 1.49682 1.51763 1.56481 1.60546 1.65818 1.67725 1.69861 1.72823 1.76223 1.81844 1.86062 1.8813 1.90878 1.91907 1.92671 1.93215 1.93622 1.94 1.94467 1.9502 1.95679 1.97388 1.98633 1.99665 2.012 2.02766 2.04474 2.06212 2.08578 2.1126 2.16903
-9999 -9999 -9999 -9999 -9999 -9999 1.11909 1.05198 0.984335 0.96525 0.926093 0.920267 0.908612 0.915071 0.931132 0.961101 0.998945 1.04219 1.10782 1.16161 1.12708 1.08308 1.0526 1.08656 1.11361 1.13973 1.16892 1.2069 1.23412 1.27495 1.31298 1.38679 1.41698 1.4559 1.40279 1.40065 1.41482 1.39304 1.40397 1.46003 1.50953 1.53337 1.54658 1.59373 1.64988 1.69547 1.715 1.71161 1.77292 1.80174 1.8394 1.85903 1.89459 1.90764 1.91824 1.9263 1.93271 1.93772 1.94243 1.94825 1.95477 1.96261 1.97267 1.99455 2.00898 2.02483 2.03486 2.05075 2.06707 2.08455 2.11754 2.15197
-9999 -9999 -9999 -9999 -9999 -9999 1.1195 1.08208 1.02195 0.983295 0.941556 0.927451 0.917789 0.922119 0.94129 0.959225 0.985819 1.02533 1.05696 1.10665 1.17249 1.10284 1.10739 1.13579 1.1612 1.16156 1.18634 1.22045 1.27221 1.27662 1.32137 1.36364 1.38234 1.40673 1.3805 1.38616 1.39358 1.40341 1.45046 1.51456 1.57143 1.5613 1.58965 1.61471 1.70798 1.72131 1.72691 1.75071 1.79603 1.83857 1.84945 1.88678 1.89888 1.90955 1.91853 1.92758 1.93419 1.94059 1.94664 1.95309 1.96067 1.96937 1.97971 1.99159 2.01798 2.033 2.04856 2.0819 2.09753 2.10405 2.11778 2.15563
-9999 -9999 -9999 -9999 -9999 -9999 -9999 1.12271 1.06975 0.998266 0.960927 0.939042 0.930815 0.936226 0.949201 0.964062 0.983956 1.01558 1.05487 1.1127 1.16094 1.1564 1.16407 1.21482 1.22077 1.1939 1.19929 1.24479 1.34721 1.36086 1.3345 1.34591 1.3582 1.36958 1.37589 1.38732 1.40461 1.43919 1.52811 1.56419 1.6117 1.62807 1.66628 1.67374 1.73867 1.73381 1.74915 1.77353 1.83505 1.88877 1.90205 1.90569 1.92405 1.92794 1.92116 1.93012 1.93781 1.94524 1.95206 1.95933 1.96758 1.98827 2 2.013 2.04378 2.05796 2.07598 2.09289 2.11126 2.12029 2.13248 2.18222
-9999 -9999 -9999 -9999 -9999 -9999 -9999 1.17223 1.09288 1.00751 0.985057 0.96177 0.942039 0.947687 0.96564 0.983661 1.00304 1.02532 1.07083 1.11697 1.16329 1.18995 1.20083 1.27165 1.26523 1.22155 1.22983 1.25514 1.39678 1.43312 1.39372 1.36089 1.36726 1.38007 1.44039 1.43774 1.47496 1.5235 1.54625 1.57733 1.62929 1.63149 1.6787 1.69112 1.76359 1.77151 1.78987 1.79384 1.8489 1.90891 1.92438 1.92353 1.93864 1.93211 1.9364 1.94438 1.95272 1.96069 1.96891 1.97733 1.98703 1.99783 2.00982 2.02345 2.03933 2.07931 2.12942 2.14348 2.14679 2.14988 2.17703 2.19094
-9999 -9999 -9999 -9999 -9999 -9999 -9999 1.16736 1.11554 1.04116 0.987564 0.991342 0.968409 0.959899 0.979728 1.00167 1.0248 1.04087 1.08953 1.1433 1.19055 1.24529 1.25517 1.24417 1.27207 1.24997 1.26198 1.28942 1.40514 1.40437 1.38192 1.3748 1.37988 1.39415 1.41494 1.43106 1.46191 1.48215 1.52362 1.58303 1.61718 1.62445 1.69246 1.71121 1.7171 1.80833 1.80337 1.81417 1.87548 1.94123 1.92766 1.92819 1.92877 1.93524 1.94427 1.95052 1.96005 1.96888 1.97783 1.98736 1.99742 2.00895 2.02123 2.03779 2.057 2.10599 2.15245 2.16291 2.15956 2.15753 2.20016 2.20177
-9999 -9999 -9999 -9999 -9999 -9999 -9999 1.16259 1.11716 1.05428 1.01902 1.01946 0.993993 0.972098 0.983389 1.00655 1.02014 1.04544 1.08845 1.13596 1.18794 1.22127 1.27996 1.25402 1.29583 1.27896 1.28072 1.39489 1.425 1.41553 1.40488 1.40762 1.39452 1.40551 1.42395 1.46899 1.49684 1.50164 1.52199 1.54922 1.59628 1.61547 1.65472 1.6838 1.71363 1.81182 1.81976 1.84191 1.89798 1.92277 1.92432 1.92993 1.93482 1.94576 1.95351 1.95878 1.96863 1.97835 1.98821 1.99814 2.00904 2.02178 2.03494 2.0554 2.08266 2.12272 2.19845 2.1808 2.16138 2.17677 2.21329 2.21613
-9999 -9999 -9999 -9999 -9999 -9999 -9999 1.17817 1.12952 1.07758 1.06111 1.06566 1.01379 0.985235 0.993754 1.00967 1.02731 1.07531 1.08421 1.10386 1.15174 1.21648 1.28709 1.29764 1.31699 1.31157 1.3136 1.44789 1.48004 1.48325 1.46044 1.44048 1.41824 1.42105 1.44238 1.50739 1.57614 1.56203 1.54708 1.56176 1.58591 1.63179 1.65947 1.68753 1.72932 1.81172 1.85552 1.86802 1.92957 1.93668 1.9356 1.93632 1.95767 1.96803 1.96534 1.96821 1.97883 1.98919 1.99926 2.00992 2.02121 2.03573 2.05099 2.06918 2.11907 2.15534 2.19932 2.19576 2.18605 2.23743 2.22547 2.22831
-9999 -9999 -9999 -9999 -9999 -9999 -9999 1.20274 1.17072 1.12196 1.10803 1.07942 1.03143 1.01234 1.00793 1.01754 1.03274 1.06001 1.08129 1.11329 1.16231 1.2255 1.29504 1.34611 1.34374 1.35883 1.40461 1.49349 1.53087 1.5195 1.49461 1.45003 1.4296 1.43731 1.4522 1.47514 1.52895 1.59196 1.60523 1.59438 1.63103 1.6723 1.6767 1.69822 1.73884 1.77459 1.85838 1.9141 1.95376 1.96355 1.95918 1.94291 1.95359 1.9687 1.96788 1.97932 1.99042 2.00086 2.01161 2.02247 2.0338 2.04775 2.06548 2.10231 2.13645 2.1794 2.19638 2.19504 2.20506 2.24105 2.23974 2.24448
-9999 -9999 -9999 -9999 -9999 -9999 -9999 1.24062 1.20141 1.15686 1.11531 1.07611 1.04342 1.0496 1.03669 1.0463 1.04452 1.0583 1.08506 1.11378 1.1576 1.23464 1.30238 1.37567 1.37591 1.36381 1.47375 1.51866 1.58679 1.54865 1.50422 1.46455 1.44879 1.48424 1.47331 1.48749 1.51552 1.5583 1.61832 1.63166 1.68179 1.69957 1.699 1.7116 1.73396 1.76536 1.82868 1.91707 1.96538 1.98081 1.97821 1.96945 1.96009 1.97038 1.97905 1.99136 2.00307 2.01394 2.02484 2.03622 2.04843 2.06245 2.0947 2.13131 2.15893 2.19269 2.20846 2.17679 2.21202 2.25381 2.25424 2.25932
-9999 -9999 -9999 -9999 -9999 -9999 -9999 -9999 1.21331 1.16741 1.13588 1.13488 1.10728 1.09672 1.09065 1.09689 1.062 1.06994 1.09089 1.11813 1.15726 1.21887 1.26671 1.33761 1.39343 1.47193 1.54089 1.54322 1.56413 1.55612 1.51446 1.46967 1.47692 1.52765 1.5348 1.53944 1.53433 1.55606 1.63283 1.67908 1.72073 1.7176 1.71456 1.72777 1.74584 1.76957 1.85856 1.96122 1.95417 1.95341 1.96699 1.96685 1.9701 1.98146 1.99261 2.00513 2.01683 2.02825 2.04 2.05136 2.06539 2.08359 2.11812 2.18565 2.19541 2.21431 2.24498 2.23358 2.28284 2.27085 2.26885 2.27505
-9999 -9999 -9999 -9999 -9999 -9999 -9999 -9999 1.23913 1.18476 1.18213 1.19398 1.22627 1.22611 1.15439 1.14773 1.11463 1.0842 1.09808 1.12493 1.16229 1.20442 1.26323 1.3413 1.40722 1.51986 1.51501 1.51126 1.51748 1.5171 1.49799 1.50627 1.55882 1.6083 1.60098 1.60136 1.56739 1.57152 1.59356 1.64549 1.70377 1.74218 1.73195 1.74623 1.7636 1.78323 1.84857 1.92906 1.95454 1.95736 1.96446 1.9758 1.98137 1.9939 2.00718 2.01944 2.03182 2.04382 2.05646 2.06906 2.0883 2.10954 2.15861 2.2019 2.23393 2.27193 2.22912 2.24014 2.26111 2.28755 2.28646 2.29407
