Test_Spring_2018b/02_18/Prec/20180219_019.txt
ncols	170
nrows	115
xllcorner	350000.000000
yllcorner	4445000.000000
cellsize	1000.000000
nodata_value	-9999.000000
[rows 31 to 61 of 115, columns 70 to 139 of 170]
0.626156 0.631787 0.631698 0.622111 0.619143 0.628769 0.618583 0.615165 0.599439 0.595479 0.586168 0.581733 0.574363 0.563017 0.55747 0.538906 0.482004 0.496585 0.501617 0.48438 0.492305 0.505904 0.492101 0.453217 0.435959 0.408804 0.413669 0.403991 0.38212 -9999 -9999 -9999 -9999 -9999 -9999 -9999 -9999 -9999 -9999 -9999 -9999 -9999 -9999 -9999 -9999 -9999 -9999 -9999 -9999 -9999 -9999 -9999 -9999 -9999 -9999 -9999 -9999 -9999 -9999 -9999 -9999 -9999 -9999 -9999 -9999 -9999 -9999 -9999 -9999 -9999
0.624345 0.625257 0.621644 0.612392 0.618041 0.622894 0.602569 0.591867 0.595376 0.592854 0.585816 0.572632 0.566643 0.560694 0.556544 0.540945 0.499873 0.462815 0.480885 0.480259 0.465942 0.488765 0.475231 0.441501 0.39431 0.418694 0.411402 0.374096 0.366822 -9999 -9999 -9999 -9999 -9999 -9999 -9999 -9999 -9999 -9999 -9999 -9999 -9999 -9999 -9999 -9999 -9999 -9999 -9999 -9999 -9999 -9999 -9999 -9999 -9999 -9999 -9999 -9999 -9999 -9999 -9999 -9999 -9999 -9999 -9999 -9999 -9999 -9999 -9999 -9999 -9999
0.609622 0.616622 0.610386 0.604591 0.61476 0.611025 0.605679 0.592287 0.590522 0.589704 0.585497 0.578478 0.572287 0.566013 0.553091 0.535377 0.499987 0.45795 0.447567 0.466496 0.466486 0.46879 0.456469 0.441257 0.417957 0.435681 0.442155 0.417411 0.388884 0.365028 -9999 -9999 -9999 -9999 -9999 -9999 -9999 -9999 -9999 -9999 -9999 -9999 -9999 -9999 -9999 -9999 -9999 -9999 -9999 -9999 -9999 -9999 -9999 -9999 -9999 -9999 -9999 -9999 -9999 -9999 -9999 -9999 -9999 -9999 -9999 -9999 -9999 -9999 -9999 -9999
0.590967 0.605249 0.597515 0.581208 0.586066 0.588784 0.591317 0.572398 0.57143 0.584997 0.581687 0.578635 0.569609 0.562146 0.551248 0.534065 0.510443 0.482449 0.434771 0.46251 0.484119 0.482747 0.480781 0.470001 0.447692 0.46516 0.465374 0.436557 0.397742 0.379014 0.371109 -9999 -9999 -9999 -9999 -9999 -9999 -9999 -9999 -9999 -9999 -9999 -9999 -9999 -9999 -9999 -9999 -9999 -9999 -9999 -9999 -9999 -9999 -9999 -9999 -9999 -9999 -9999 -9999 -9999 -9999 -9999 -9999 -9999 -9999 -9999 -9999 -9999 -9999 -9999
-9999 0.590756 0.583295 0.564158 0.569114 0.576668 0.583922 0.581296 0.572685 0.574825 0.577163 0.574134 0.564799 0.541872 0.537019 0.534454 0.518473 0.486732 0.455216 0.446428 0.479968 0.489124 0.486533 0.493643 0.47477 0.482892 0.478771 0.470254 0.432246 0.402617 0.390915 0.368062 -9999 -9999 -9999 -9999 -9999 -9999 -9999 -9999 -9999 -9999 -9999 -9999 -9999 -9999 -9999 -9999 -9999 -9999 -9999 -9999 -9999 -9999 -9999 -9999 -9999 -9999 -9999 -9999 -9999 -9999 -9999 -9999 -9999 -9999 -9999 -9999 -9999 -9999
-9999 -9999 -9999 -9999 0.547376 0.554433 0.555977 0.567732 0.565713 0.569399 0.572982 0.569837 0.553273 0.544125 0.541513 0.530238 0.511971 0.500205 0.48003 0.459258 0.466264 0.495018 0.481584 0.501925 0.499782 0.503164 0.488821 0.458522 0.421464 0.39873 0.388181 0.369523 -9999 -9999 -9999 -9999 -9999 -9999 -9999 -9999 -9999 -9999 -9999 -9999 -9999 -9999 -9999 -9999 -9999 -9999 -9999 -9999 -9999 -9999 -9999 -9999 -9999 -9999 -9999 -9999 -9999 -9999 -9999 -9999 -9999 -9999 -9999 -9999 -9999 -9999
-9999 -9999 -9999 -9999 -9999 0.548398 0.547102 0.563482 0.558989 0.560161 0.567406 0.564563 0.556544 0.550071 0.542057 0.532558 0.518418 0.503292 0.484336 0.482004 0.500261 0.500184 0.496054 0.498934 0.50833 0.505506 0.48573 0.442961 0.423149 0.37944 0.362005 0.363249 0.350622 -9999 -9999 -9999 -9999 -9999 -9999 -9999 -9999 -9999 -9999 -9999 -9999 0.397304 -9999 -9999 -9999 -9999 -9999 -9999 -9999 -9999 -9999 -9999 -9999 -9999 -9999 -9999 -9999 -9999 -9999 -9999 -9999 -9999 0.339964 -9999 -9999 -9999
-9999 -9999 -9999 -9999 0.55095 0.549216 0.555182 0.563786 0.561561 0.554161 0.562659 0.559692 0.552972 0.546033 0.534078 0.529733 0.520986 0.504701 0.50079 0.506404 0.508966 0.512079 0.514059 0.512491 0.508575 0.503411 0.486038 0.468789 0.457015 0.418912 0.39799 0.37983 0.352563 0.33105 -9999 -9999 -9999 -9999 -9999 -9999 -9999 0.377631 0.377388 0.37878 0.385676 0.402958 0.394763 -9999 -9999 -9999 -9999 -9999 -9999 -9999 -9999 -9999 -9999 -9999 -9999 -9999 -9999 -9999 -9999 -9999 -9999 -9999 0.356032 0.335097 -9999 -9999
-9999 -9999 -9999 -9999 0.540999 0.550532 0.553086 0.561043 0.563558 0.553884 0.554362 0.55481 0.550938 0.543301 0.533581 0.531557 0.520018 0.513524 0.508998 0.516952 0.51856 0.515411 0.511518 0.508113 0.497892 0.496733 0.490252 0.479326 0.461188 0.442284 0.411809 0.375015 0.338809 0.3094 -9999 -9999 -9999 -9999 -9999 -9999 0.376611 0.390737 0.399762 0.383964 0.399949 0.414836 0.414411 0.40362 -9999 -9999 -9999 -9999 -9999 -9999 -9999 -9999 -9999 -9999 -9999 -9999 -9999 -9999 0.458091 0.436257 0.392507 0.369933 0.356333 0.337139 -9999 -9999
-9999 -9999 -9999 -9999 0.535972 0.547738 0.554028 0.558786 0.555393 0.549075 0.550955 0.54925 0.545474 0.541376 0.537345 0.52649 0.52113 0.506945 0.518922 0.518328 0.51538 0.503271 0.498386 0.477368 0.468315 0.463531 0.481958 0.468579 0.440334 0.404811 0.3599 0.355421 0.340564 0.314029 -9999 -9999 -9999 -9999 -9999 -9999 0.377264 0.392513 0.405723 0.409018 0.393879 0.419511 0.420946 0.410169 0.409673 0.423036 0.431024 0.431617 0.447921 0.453628 0.449478 0.457321 -9999 -9999 -9999 -9999 0.46382 0.464409 0.464619 0.455132 0.407185 0.374297 0.344801 0.341168 -9999 -9999
-9999 -9999 -9999 -9999 0.544683 0.550232 0.5505 0.546262 0.549402 0.54183 0.544288 0.540128 0.535864 0.532452 0.529495 0.524434 0.51601 0.516274 0.515253 0.511203 0.487589 0.460188 0.472963 0.4606 0.420707 0.452543 0.468782 0.453678 0.419505 0.379584 0.363731 0.362579 0.34213 0.312985 -9999 -9999 -9999 0.331489 0.351821 0.353798 0.360396 0.380399 0.396181 0.412035 0.421644 0.421886 0.418824 0.408802 0.397728 0.405748 0.434018 0.443068 0.45408 0.460278 0.456844 0.459429 0.467574 0.472067 0.473371 0.471976 0.471441 0.471514 0.470001 0.460812 0.419757 0.394785 0.3787 0.350415 -9999 -9999
-9999 -9999 -9999 -9999 0.536908 0.541154 0.543216 0.543227 0.538943 0.540541 0.530457 0.534409 0.531359 0.520678 0.524002 0.521051 0.518386 0.515073 0.511212 0.491189 0.463893 0.436756 0.424727 0.426513 0.405718 0.419637 0.436084 0.434306 0.409409 0.373767 0.367958 0.356811 0.322844 0.290434 -9999 -9999 0.289322 0.328083 0.355557 0.370025 0.375059 0.376517 0.396243 0.399491 0.421332 0.417319 0.396203 0.40227 0.399969 0.410033 0.420991 0.426783 0.44513 0.461456 0.466227 0.468274 0.474158 0.476162 0.477026 0.477074 0.473877 0.474569 0.473862 0.467586 0.435762 0.419728 0.401832 0.348931 -9999 -9999
-9999 -9999 -9999 -9999 0.534543 0.539397 0.544627 0.540842 0.542731 0.534886 0.518581 0.524801 0.526341 0.517645 0.51101 0.515701 0.513716 0.511988 0.510302 0.491684 0.470476 0.438224 0.418643 0.402999 0.394675 0.382612 0.3911 0.388603 0.385009 0.388439 0.381223 0.358975 0.338788 0.301657 0.281164 -9999 0.288826 0.305923 0.338573 0.366715 0.38511 0.379839 0.402213 0.40808 0.420767 0.416492 0.405879 0.401599 0.404547 0.406186 0.424015 0.441487 0.453492 0.461084 0.469839 0.47349 0.476665 0.478483 0.47947 0.479907 0.479439 0.478509 0.476759 0.473494 0.458018 0.44144 0.40798 0.351362 -9999 -9999
-9999 -9999 -9999 0.511984 0.532172 0.543141 0.543894 0.542504 0.540291 0.536874 0.526164 0.52274 0.520556 0.517501 0.500745 0.499631 0.500634 0.507733 0.50713 0.505933 0.49486 0.455594 0.439632 0.417736 0.391618 0.383231 0.389042 0.410773 0.409601 0.394785 0.378084 0.353277 0.34067 0.317476 0.274034 0.276578 0.294446 0.307779 0.329811 0.364134 0.388742 0.4006 0.406317 0.415455 0.422363 0.415168 0.411167 0.410993 0.407777 0.410907 0.415235 0.428021 0.44045 0.46269 0.470709 0.475756 0.478838 0.480781 0.481917 0.482417 0.482054 0.480778 0.479453 0.477799 0.474961 0.453505 0.402711 0.367207 -9999 -9999
-9999 -9999 -9999 -9999 0.526182 0.528117 0.524327 0.521417 0.521507 0.522451 0.51954 0.516008 0.517449 0.512707 0.498813 0.482861 0.493381 0.497483 0.502466 0.503257 0.502776 0.466451 0.449157 0.435597 0.410564 0.42232 0.431313 0.432035 0.426599 0.395363 0.364004 0.326044 0.292225 0.289719 0.272191 0.280218 0.291588 0.322835 0.34499 0.354217 0.361404 0.397341 0.407034 0.412032 0.42345 0.414327 0.416624 0.411492 0.418484 0.4222 0.426927 0.406408 0.437941 0.44378 0.464234 0.47728 0.481169 0.483028 0.484213 0.484293 0.483759 0.482531 0.481168 0.479071 0.477109 0.462496 0.397916 0.36792 -9999 -9999
-9999 -9999 -9999 -9999 -9999 -9999 0.516383 0.515363 0.512123 0.511222 0.515789 0.515625 0.514371 0.510839 0.502504 0.486746 0.481796 0.483705 0.470588 0.48192 0.496513 0.496574 0.495187 0.465706 0.452747 0.468046 0.463842 0.441445 0.423587 0.40571 0.369141 0.34035 0.301754 0.272444 0.270399 0.300783 0.32633 0.357906 0.371757 0.363633 0.373035 0.390757 0.411837 0.423351 0.423703 0.414038 0.417741 0.407889 0.426254 0.432247 0.430816 0.430346 0.439042 0.451869 0.459216 0.475763 0.481759 0.485128 0.485927 0.485936 0.485159 0.483804 0.481959 0.479918 0.477789 0.475376 0.408902 0.359895 -9999 -9999
-9999 -9999 -9999 -9999 -9999 -9999 0.502696 0.499486 0.501198 0.516046 0.514133 0.513713 0.509102 0.507451 0.500722 0.486615 0.473035 0.460931 0.445778 0.454443 0.477311 0.49099 0.492875 0.466997 0.482845 0.478192 0.468396 0.439073 0.417253 0.405376 0.370289 0.338371 0.312528 0.276954 0.290923 0.306369 0.32653 0.361294 0.38468 0.394471 0.386456 0.39836 0.422354 0.424492 0.414749 0.418728 0.416768 0.401892 0.42661 0.437244 0.437921 0.44442 0.449417 0.457344 0.46732 0.476422 0.482944 0.485476 0.486775 0.486582 0.485792 0.484438 0.482408 0.480417 0.478184 0.475928 0.432378 0.358859 -9999 -9999
-9999 -9999 -9999 -9999 -9999 -9999 -9999 0.483848 0.4964 0.518384 0.512335 0.506752 0.508337 0.505168 0.496525 0.489458 0.473292 0.452406 0.413169 0.423198 0.44418 0.474399 0.490392 0.488457 0.481812 0.466964 0.430351 0.398155 0.394078 0.388442 0.362736 0.337694 0.309154 0.324692 0.341673 0.360278 0.369685 0.366347 0.386347 0.402907 0.396122 0.410466 0.427624 0.422413 0.420729 0.420324 0.417196 0.421047 0.426719 0.443164 0.440616 0.450881 0.457794 0.462526 0.469767 0.476766 0.483094 0.48573 0.486791 0.486855 0.485673 0.484414 0.482414 0.480186 0.477933 0.475693 0.470214 0.431185 0.406601 -9999
-9999 -9999 -9999 -9999 -9999 -9999 -9999 0.465213 0.46822 0.495672 0.493045 0.503359 0.507162 0.503994 0.491521 0.483857 0.460313 0.45264 0.416275 0.399893 0.413859 0.408651 0.449995 0.486537 0.480626 0.407197 0.380641 0.361597 0.36633 0.366063 0.358591 0.317658 0.30659 0.340704 0.361883 0.378088 0.390214 0.392168 0.391333 0.417215 0.42112 0.430341 0.429776 0.432419 0.421698 0.4166 0.429228 0.425316 0.428619 0.445396 0.439118 0.454985 0.460532 0.462398 0.466784 0.477577 0.482052 0.4849 0.486013 0.485773 0.484504 0.483224 0.481673 0.479568 0.477143 0.475247 0.473218 0.469765 0.44843 0.441019
-9999 -9999 -9999 -9999 -9999 -9999 -9999 -9999 0.43598 0.476998 0.485483 0.492339 0.504384 0.502964 0.493192 0.482576 0.459113 0.438705 0.406081 0.36899 0.349379 0.407825 0.458664 0.485114 0.483605 0.422403 0.398245 0.397076 0.411181 0.398886 0.389381 0.357781 0.348742 0.336166 0.34323 0.365614 0.384537 0.402738 0.415908 0.416824 0.425649 0.431927 0.433528 0.436843 0.437611 0.439252 0.431941 0.444866 0.44196 0.450799 0.453382 0.456347 0.461029 0.458643 0.468235 0.476613 0.480815 0.483263 0.48407 0.484082 0.483045 0.481014 0.480142 0.478222 0.476246 0.474198 0.472629 0.473894 0.47113 0.458483
-9999 -9999 -9999 -9999 -9999 -9999 -9999 -9999 0.412089 0.453219 0.462702 0.487727 0.496269 0.498565 0.49602 0.487178 0.469102 0.442636 0.420672 0.379139 0.336048 0.395771 0.451667 0.480893 0.482131 0.432896 0.447151 0.435511 0.44002 0.418657 0.409582 0.400445 0.38516 0.368363 0.348789 0.339112 0.382136 0.40408 0.421703 0.429997 0.434843 0.43763 0.438642 0.43692 0.419887 0.437228 0.441719 0.444164 0.446796 0.450619 0.453978 0.4572 0.462586 0.466885 0.466317 0.475271 0.478255 0.48037 0.481487 0.48149 0.4805 0.478829 0.476588 0.476759 0.474917 0.473069 0.471507 0.473161 0.472644 0.471902
-9999 -9999 -9999 -9999 -9999 -9999 -9999 -9999 0.345686 0.408672 0.446406 0.471743 0.490324 0.494596 0.495298 0.483857 0.475304 0.456051 0.437935 0.410371 0.369341 0.343864 0.387394 0.453428 0.479954 0.480391 0.47873 0.465242 0.453054 0.451356 0.45205 0.435811 0.413459 0.387084 0.378971 0.369686 0.401825 0.40608 0.403612 0.438952 0.439165 0.437566 0.424819 0.41302 0.417975 0.410823 0.423137 0.41557 0.42985 0.443052 0.450915 0.455308 0.46027 0.463864 0.467542 0.472399 0.475158 0.476971 0.477952 0.478124 0.477436 0.475815 0.4739 0.472099 0.473171 0.471421 0.470246 0.472236 0.471879 0.471368
-9999 -9999 -9999 -9999 -9999 -9999 -9999 -9999 0.344446 0.386991 0.432254 0.455798 0.481483 0.485929 0.493772 0.490382 0.481388 0.464439 0.443599 0.420663 0.385226 0.358698 0.388739 0.429979 0.460886 0.474699 0.477192 0.476252 0.473072 0.468961 0.4655 0.460768 0.446566 0.421829 0.407874 0.387227 0.42318 0.427225 0.421615 0.439568 0.438865 0.41223 0.392182 0.390766 0.407835 0.398164 0.401251 0.396414 0.408575 0.435302 0.431254 0.437126 0.453521 0.45951 0.46511 0.46863 0.471158 0.472986 0.473915 0.474276 0.473933 0.472575 0.471011 0.469298 0.467223 0.469768 0.468355 0.470593 0.470564 0.470354
-9999 -9999 -9999 -9999 -9999 -9999 -9999 -9999 0.343719 0.36887 0.409462 0.44668 0.474378 0.484483 0.491647 0.490167 0.479791 0.470817 0.45734 0.436927 0.422678 0.398519 0.365648 0.4185 0.431288 0.448587 0.451137 0.466169 0.46568 0.45871 0.451057 0.459086 0.457499 0.43798 0.431785 0.420999 0.44115 0.441337 0.4409 0.439985 0.417387 0.386073 0.361424 0.380826 0.378548 0.392195 0.371281 0.393556 0.41444 0.424007 0.415237 0.410687 0.443189 0.452564 0.458615 0.463273 0.4668 0.468314 0.469698 0.46998 0.469728 0.468958 0.467672 0.46626 0.464694 0.463204 0.466773 0.469438 0.469045 0.47159
-9999 -9999 -9999 -9999 -9999 -9999 -9999 -9999 -9999 0.342899 0.391906 0.439048 0.464486 0.479991 0.486859 0.485316 0.479383 0.472842 0.463962 0.448764 0.429921 0.400743 0.378783 0.390898 0.40249 0.40731 0.417578 0.448405 0.458906 0.443863 0.403382 0.42646 0.451641 0.451899 0.450419 0.448611 0.448369 0.445913 0.440229 0.424658 0.376526 0.365123 0.346762 0.349901 0.341516 0.368237 0.365525 0.390382 0.403183 0.410356 0.393893 0.403671 0.432741 0.445588 0.447141 0.455624 0.461721 0.463591 0.464864 0.465265 0.465405 0.465035 0.464209 0.464935 0.463875 0.462923 0.46745 0.470872 0.469165 0.468254
-9999 -9999 -9999 -9999 -9999 -9999 -9999 -9999 -9999 0.326866 0.379555 0.435606 0.452124 0.468945 0.483475 0.482295 0.473746 0.465655 0.457411 0.448202 0.425494 0.403432 0.38232 0.374485 0.377419 0.376478 0.393381 0.433626 0.441328 0.437981 0.396194 0.383576 0.416958 0.445127 0.447901 0.445955 0.414024 0.421333 0.404204 0.380838 0.37471 0.364854 0.343648 0.355207 0.340485 0.3491 0.356388 0.37151 0.380565 0.398581 0.384333 0.389451 0.418031 0.432921 0.436057 0.45091 0.457391 0.460158 0.461581 0.462455 0.462753 0.462844 0.462372 0.46168 0.460881 0.459779 0.457984 0.459532 0.440352 0.440738
-9999 -9999 -9999 -9999 -9999 -9999 -9999 -9999 -9999 0.331828 0.367495 0.416929 0.453169 0.453512 0.47047 0.478555 0.469258 0.45908 0.448763 0.44357 0.418898 0.391931 0.369933 0.34415 0.347119 0.3638 0.392489 0.418375 0.422893 0.41745 0.393606 0.403964 0.426873 0.439326 0.443406 0.441202 0.434648 0.431031 0.41859 0.413451 0.396068 0.368725 0.358508 0.36652 0.338168 0.341901 0.354883 0.353105 0.375047 0.387165 0.367433 0.392388 0.416011 0.429383 0.441196 0.447851 0.451528 0.455748 0.456969 0.457958 0.458496 0.458584 0.458497 0.45785 0.457236 0.454524 0.450728 0.428885 0.430919 0.433167
-9999 -9999 -9999 -9999 -9999 -9999 -9999 -9999 -9999 0.336673 0.368482 0.410948 0.436034 0.438785 0.45768 0.474474 0.470844 0.460207 0.456048 0.445216 0.424066 0.400873 0.375674 0.362862 0.334949 0.360369 0.380858 0.402736 0.412932 0.392293 0.384053 0.399738 0.415389 0.421971 0.437813 0.438199 0.433725 0.412721 0.402733 0.407688 0.403774 0.396592 0.378218 0.378446 0.367422 0.363919 0.360991 0.355359 0.367874 0.371531 0.379649 0.4055 0.418941 0.428618 0.43745 0.44125 0.445874 0.451018 0.452504 0.453485 0.454037 0.454442 0.454339 0.453363 0.452517 0.447567 0.438837 0.422541 0.407607 0.427088
-9999 -9999 -9999 -9999 -9999 -9999 -9999 -9999 -9999 0.328729 0.362653 0.398465 0.412066 0.412517 0.448154 0.469388 0.467759 0.461869 0.455353 0.430472 0.430577 0.424649 0.401823 0.369162 0.333463 0.335731 0.360263 0.384763 0.394259 0.362392 0.352694 0.360438 0.383773 0.40474 0.426632 0.432563 0.426781 0.393826 0.3588 0.375888 0.39419 0.394887 0.390669 0.373969 0.369671 0.366149 0.354977 0.33877 0.34875 0.357327 0.388698 0.399038 0.413546 0.425878 0.424254 0.428392 0.439652 0.446573 0.44795 0.44897 0.449855 0.450255 0.450324 0.448576 0.446683 0.443328 0.420601 0.406706 0.391407 0.423379
-9999 -9999 -9999 -9999 -9999 -9999 -9999 -9999 -9999 0.315021 0.338675 0.372649 0.384838 0.406146 0.439573 0.455125 0.461751 0.459961 0.455098 0.443201 0.435599 0.421923 0.39827 0.366401 0.331149 0.307905 0.318345 0.35755 0.367784 0.337015 0.323981 0.340835 0.365588 0.402111 0.423168 0.426391 0.42499 0.418599 0.393201 0.362475 0.363334 0.379955 0.367833 0.353758 0.363601 0.363677 0.352653 0.345319 0.350232 0.359371 0.376851 0.385025 0.401215 0.423895 0.428812 0.430015 0.440245 0.44205 0.443422 0.44473 0.445541 0.446155 0.446502 0.445373 0.442145 0.427341 0.414561 0.396605 0.395086 0.429942
-9999 -9999 -9999 -9999 -9999 -9999 -9999 -9999 -9999 0.292816 0.321034 0.35249 0.382008 0.410051 0.434087 0.434032 0.446078 0.444396 0.450194 0.446762 0.435768 0.424125 0.403665 0.363103 0.328886 0.291692 0.300391 0.345107 0.341552 0.324208 0.292047 0.325664 0.362741 0.396397 0.414777 0.400962 0.415897 0.415193 0.406045 0.388061 0.359847 0.361374 0.340757 0.341137 0.353827 0.35915 0.359152 0.35414 0.349198 0.361336 0.37303 0.377441 0.392359 0.410283 0.427691 0.431968 0.436424 0.437869 0.439079 0.440349 0.4413 0.441816 0.441813 0.440826 0.428719 0.414209 0.405642 0.393582 0.393011 0.424511
