Test_Spring_2018b/02_18/Prec/20180203_001.txt
ncols	170
nrows	115
xllcorner	350000.000000
yllcorner	4445000.000000
cellsize	1000.000000
nodata_value	-9999.000000
[rows 32 to 63 of 115, columns 72 to 143 of 170]
1.78885 1.78819 1.78811 1.78799 1.77823 1.76633 1.77741 1.77398 1.77033 1.76636 1.76256 1.75858 1.75439 1.74938 1.74285 1.73594 1.73063 1.72382 1.71563 1.7081 1.69819 1.68656 1.67355 1.66273 1.64998 1.6531 1.63247 -9999 -9999 -9999 -9999 -9999 -9999 -9999 -9999 -9999 -9999 -9999 -9999 -9999 -9999 -9999 -9999 -9999 -9999 -9999 -9999 -9999 -9999 -9999 -9999 -9999 -9999 -9999 -9999 -9999 -9999 -9999 -9999 -9999 -9999 -9999 -9999 -9999 -9999 -9999 -9999 -9999 -9999 -9999 -9999 -9999
1.78857 1.78811 1.78826 1.78781 1.7689 1.76684 1.77754 1.77414 1.77054 1.76675 1.76286 1.75876 1.75412 1.74894 1.74259 1.73544 1.72899 1.72306 1.71562 1.70748 1.69794 1.68749 1.67596 1.66545 1.65393 1.66391 1.63659 1.61797 -9999 -9999 -9999 -9999 -9999 -9999 -9999 -9999 -9999 -9999 -9999 -9999 -9999 -9999 -9999 -9999 -9999 -9999 -9999 -9999 -9999 -9999 -9999 -9999 -9999 -9999 -9999 -9999 -9999 -9999 -9999 -9999 -9999 -9999 -9999 -9999 -9999 -9999 -9999 -9999 -9999 -9999 -9999 -9999
1.7887 1.78779 1.78771 1.78752 1.76057 1.78084 1.77746 1.77465 1.7711 1.76748 1.76348 1.75934 1.75479 1.74964 1.7438 1.73728 1.72936 1.72389 1.71746 1.70934 1.70044 1.69044 1.67927 1.66914 1.6578 1.65788 1.63292 1.62215 1.61222 -9999 -9999 -9999 -9999 -9999 -9999 -9999 -9999 -9999 -9999 -9999 -9999 -9999 -9999 -9999 -9999 -9999 -9999 -9999 -9999 -9999 -9999 -9999 -9999 -9999 -9999 -9999 -9999 -9999 -9999 -9999 -9999 -9999 -9999 -9999 -9999 -9999 -9999 -9999 -9999 -9999 -9999 -9999
1.78921 1.78812 1.78798 1.78795 1.77763 1.77178 1.77857 1.77536 1.77212 1.76858 1.76466 1.75999 1.75581 1.75137 1.74595 1.73938 1.73222 1.72534 1.7195 1.71191 1.7031 1.69395 1.68308 1.67274 1.66144 1.64035 1.64417 1.62611 1.61626 1.60652 -9999 -9999 -9999 -9999 -9999 -9999 -9999 -9999 -9999 -9999 -9999 -9999 -9999 -9999 -9999 -9999 -9999 -9999 -9999 -9999 -9999 -9999 -9999 -9999 -9999 -9999 -9999 -9999 -9999 -9999 -9999 -9999 -9999 -9999 -9999 -9999 -9999 -9999 -9999 -9999 -9999 -9999
-9999 -9999 1.78838 1.77856 1.79159 1.77247 1.7797 1.77665 1.7736 1.77023 1.7662 1.7623 1.75841 1.75381 1.74849 1.74289 1.73633 1.72906 1.72218 1.71542 1.70615 1.69754 1.68733 1.67677 1.66506 1.63599 1.6461 1.62834 1.61852 1.60895 -9999 -9999 -9999 -9999 -9999 -9999 -9999 -9999 -9999 -9999 -9999 -9999 -9999 -9999 -9999 -9999 -9999 -9999 -9999 -9999 -9999 -9999 -9999 -9999 -9999 -9999 -9999 -9999 -9999 -9999 -9999 -9999 -9999 -9999 -9999 -9999 -9999 -9999 -9999 -9999 -9999 -9999
-9999 -9999 -9999 1.77978 1.79194 1.79093 1.78113 1.77814 1.77544 1.77232 1.76892 1.76542 1.76161 1.75738 1.75248 1.74696 1.74061 1.73418 1.72778 1.71979 1.71079 1.7013 1.69137 1.68035 1.65863 1.63876 1.62609 1.62934 1.61898 1.61001 1.60121 -9999 -9999 -9999 -9999 -9999 -9999 -9999 -9999 -9999 -9999 -9999 -9999 1.5702 -9999 -9999 -9999 -9999 -9999 -9999 -9999 -9999 -9999 -9999 -9999 -9999 -9999 -9999 -9999 -9999 -9999 -9999 -9999 -9999 1.52703 -9999 -9999 -9999 -9999 -9999 -9999 -9999
-9999 -9999 1.79192 1.7947 1.79321 1.7919 1.77347 1.78006 1.77768 1.77487 1.77187 1.76874 1.76516 1.76151 1.75717 1.75187 1.74631 1.74029 1.73323 1.72524 1.71629 1.70632 1.69549 1.68397 1.65623 1.64314 1.63038 1.6389 1.62122 1.61103 1.60126 1.59259 -9999 -9999 -9999 -9999 -9999 -9999 -9999 1.5644 1.56396 1.56405 1.56471 1.56598 1.56624 -9999 -9999 -9999 -9999 -9999 -9999 -9999 -9999 -9999 -9999 -9999 -9999 -9999 -9999 -9999 -9999 -9999 -9999 -9999 1.50665 1.5007 -9999 -9999 -9999 -9999 -9999 -9999
-9999 -9999 1.79741 1.7959 1.79423 1.79292 1.79151 1.78244 1.78005 1.77776 1.77532 1.77263 1.76962 1.76652 1.76246 1.75788 1.7525 1.74666 1.7395 1.73107 1.72156 1.7111 1.6995 1.68758 1.66025 1.64676 1.63312 1.61985 1.6218 1.61026 1.59959 1.59015 -9999 -9999 -9999 -9999 -9999 -9999 1.56238 1.56183 1.56156 1.56065 1.56125 1.56185 1.56169 1.53471 -9999 -9999 -9999 -9999 -9999 -9999 -9999 -9999 -9999 -9999 -9999 -9999 -9999 -9999 1.5009 1.49876 1.49528 1.49184 1.48758 1.48161 -9999 -9999 -9999 -9999 -9999 -9999
-9999 -9999 1.79859 1.79706 1.79551 1.7941 1.79255 1.80069 1.78282 1.78089 1.77896 1.77696 1.77473 1.77179 1.76845 1.76391 1.75945 1.75333 1.7459 1.73686 1.72692 1.7152 1.70302 1.67678 1.66376 1.64933 1.63448 1.61981 1.59797 1.60806 1.59762 1.58775 -9999 -9999 -9999 -9999 -9999 -9999 1.55864 1.55814 1.55801 1.55776 1.55683 1.55746 1.53299 1.5302 1.5273 1.52436 1.52052 1.50545 1.51862 1.51388 1.50839 1.50332 -9999 -9999 -9999 -9999 1.48515 1.4839 1.48306 1.48183 1.47856 1.47497 1.47015 1.4713 -9999 -9999 -9999 -9999 -9999 -9999
-9999 -9999 1.80043 1.79852 1.79667 1.79494 1.79378 1.80163 1.78555 1.80656 1.80373 1.80094 1.79811 1.79505 1.79156 1.78797 1.78367 1.77842 1.77135 1.763 1.75509 1.72017 1.70293 1.68111 1.66701 1.65153 1.63549 1.61977 1.59873 1.60629 1.59488 1.6057 -9999 -9999 -9999 1.57768 1.57505 1.57307 1.57249 1.5734 1.57476 1.55388 1.55386 1.54511 1.52945 1.52591 1.52167 1.51748 1.51337 1.50775 1.5082 1.50222 1.49557 1.49694 1.49091 1.48555 1.48119 1.47801 1.47613 1.47533 1.47514 1.47477 1.46409 1.46106 1.45682 1.42025 -9999 -9999 -9999 -9999 -9999 -9999
-9999 -9999 1.83544 1.83407 1.83222 1.82186 1.82019 1.81855 1.82444 1.80883 1.80619 1.80329 1.80098 1.79832 1.79542 1.79206 1.78801 1.78241 1.77543 1.76719 1.7582 1.74724 1.73468 1.71246 1.69846 1.65331 1.66084 1.64463 1.63002 1.61057 1.61251 1.59959 -9999 -9999 1.57355 1.56994 1.56765 1.56649 1.56634 1.56712 1.5693 1.57101 1.57325 1.56755 1.55222 1.54935 1.51731 1.51229 1.5158 1.50896 1.49353 1.50018 1.49236 1.48457 1.47755 1.47142 1.46664 1.4634 1.46158 1.46119 1.46156 1.46189 1.46067 1.4589 1.45991 1.42032 -9999 -9999 -9999 -9999 -9999 -9999
-9999 -9999 1.85794 1.85806 1.85719 1.85489 1.85183 1.81979 1.82475 1.82165 1.80836 1.80568 1.80316 1.80108 1.79855 1.79563 1.79206 1.78688 1.78042 1.77214 1.76286 1.75127 1.73888 1.73371 1.72025 1.70512 1.68897 1.67245 1.62977 1.60908 1.59489 1.59439 1.58228 -9999 1.56555 1.56084 1.55887 1.55866 1.55969 1.56096 1.56406 1.56664 1.56363 1.5643 1.55023 1.55392 1.54942 1.54313 1.53583 1.5034 1.48705 1.47905 1.4823 1.47363 1.46572 1.45903 1.45397 1.45073 1.44926 1.44924 1.45012 1.45115 1.45112 1.45334 1.44931 1.41144 -9999 -9999 -9999 -9999 -9999 -9999
-9999 1.86534 1.85943 1.86014 1.85922 1.85694 1.85342 1.84878 1.85055 1.82214 1.81842 1.80779 1.80497 1.80286 1.80074 1.79854 1.79541 1.79133 1.78563 1.7773 1.76788 1.77035 1.75941 1.73781 1.72366 1.70871 1.69161 1.67309 1.65403 1.63081 1.59225 1.57851 1.5753 1.5651 1.55779 1.55273 1.55047 1.55096 1.55294 1.55576 1.55909 1.55816 1.56069 1.56765 1.55554 1.55242 1.54722 1.54028 1.53147 1.52132 1.50308 1.47274 1.46409 1.46429 1.45576 1.44866 1.44343 1.44026 1.43906 1.43947 1.4409 1.44254 1.44609 1.44508 1.4272 1.39186 -9999 -9999 -9999 -9999 -9999 -9999
-9999 -9999 1.86113 1.86183 1.86085 1.85842 1.85467 1.8497 1.85063 1.84236 1.83425 1.81471 1.80661 1.804 1.80248 1.80046 1.79793 1.79434 1.78945 1.78945 1.78293 1.77473 1.76399 1.74338 1.72893 1.71242 1.6942 1.67383 1.6528 1.62774 1.60744 1.58987 1.56166 1.55845 1.55039 1.54589 1.54379 1.5437 1.54566 1.55032 1.55143 1.5594 1.56363 1.56574 1.55474 1.55133 1.54619 1.53865 1.52902 1.51649 1.49821 1.48548 1.47334 1.45006 1.44789 1.44052 1.43521 1.43213 1.4312 1.43201 1.43389 1.43758 1.43062 1.42799 1.42081 1.38666 -9999 -9999 -9999 -9999 -9999 -9999
-9999 -9999 -9999 -9999 1.86349 1.86102 1.85681 1.85124 1.85144 1.84248 1.83342 1.82484 1.8172 1.80541 1.80336 1.80147 1.79851 1.7986 1.79667 1.793 1.78772 1.77933 1.76148 1.74916 1.73391 1.71595 1.69647 1.67566 1.65324 1.62739 1.60554 1.58556 1.56896 1.55661 1.54604 1.5414 1.53908 1.53868 1.54134 1.54614 1.55206 1.55771 1.5622 1.5648 1.55457 1.55093 1.54597 1.53802 1.52745 1.5149 1.49501 1.4817 1.46822 1.45602 1.44507 1.43478 1.42946 1.42651 1.4258 1.42689 1.42604 1.42683 1.42651 1.42422 1.41664 1.38232 -9999 -9999 -9999 -9999 -9999 -9999
-9999 -9999 -9999 -9999 1.86658 1.8639 1.85957 1.85415 1.85326 1.84351 1.83353 1.82431 1.81617 1.80946 1.80379 1.80144 1.79949 1.7983 1.79722 1.79474 1.79022 1.78254 1.76642 1.75346 1.73796 1.71947 1.69935 1.6781 1.65485 1.62796 1.60552 1.5842 1.56727 1.5535 1.54359 1.53789 1.53604 1.53706 1.53915 1.54434 1.55106 1.55699 1.56163 1.56522 1.55523 1.55136 1.54645 1.53832 1.52731 1.51443 1.49388 1.47974 1.4658 1.45282 1.44156 1.43266 1.42624 1.4234 1.42282 1.42274 1.42372 1.42441 1.42389 1.4213 1.41427 1.37915 -9999 -9999 -9999 -9999 -9999 -9999
-9999 -9999 -9999 -9999 -9999 1.86766 1.86349 1.85793 1.85633 1.84571 1.83531 1.82541 1.81665 1.80986 1.80486 1.80179 1.79866 1.79788 1.7972 1.79598 1.79266 1.78657 1.77001 1.75701 1.74062 1.72206 1.70254 1.68121 1.65785 1.6307 1.60739 1.58739 1.56983 1.55556 1.54475 1.53756 1.53543 1.53645 1.53926 1.54494 1.55181 1.55785 1.56318 1.56684 1.55695 1.55383 1.548 1.53987 1.52841 1.51532 1.49453 1.47989 1.46552 1.4522 1.44077 1.43178 1.42575 1.42275 1.42186 1.42218 1.42296 1.42333 1.42241 1.4194 1.41347 1.3796 1.36295 -9999 -9999 -9999 -9999 -9999
-9999 -9999 -9999 -9999 -9999 1.87236 1.86756 1.86188 1.86025 1.84979 1.83898 1.82859 1.81924 1.81363 1.8073 1.80451 1.8032 1.79833 1.79773 1.79554 1.79384 1.78994 1.77377 1.75889 1.74338 1.7257 1.70675 1.68572 1.66306 1.63513 1.61222 1.59258 1.57476 1.55997 1.54891 1.54169 1.53853 1.54027 1.54289 1.54845 1.5547 1.56118 1.56621 1.56972 1.56028 1.55679 1.55078 1.54255 1.53083 1.51786 1.4969 1.48206 1.46752 1.45433 1.4428 1.4338 1.42727 1.42436 1.42358 1.42302 1.4234 1.42327 1.4218 1.41825 1.41198 1.37906 1.36234 1.34366 1.32348 -9999 -9999 -9999
-9999 -9999 -9999 -9999 -9999 -9999 1.8728 1.86747 1.86649 1.85561 1.84484 1.83419 1.82883 1.81994 1.81334 1.80982 1.80848 1.80903 1.7978 1.79859 1.79775 1.794 1.7782 1.76449 1.74971 1.73337 1.71535 1.6943 1.67194 1.64475 1.62204 1.60049 1.58201 1.56553 1.55639 1.54956 1.54671 1.54718 1.55108 1.554 1.56013 1.56641 1.57171 1.5753 1.56446 1.56158 1.55527 1.54672 1.53543 1.52208 1.50116 1.48632 1.47219 1.45908 1.44766 1.43684 1.43124 1.4281 1.42694 1.42705 1.42472 1.42393 1.42181 1.41765 1.41091 1.37735 1.36141 1.34271 1.3219 1.29949 -9999 -9999
-9999 -9999 -9999 -9999 -9999 -9999 1.87993 1.87451 1.87417 1.86397 1.85387 1.84979 1.83888 1.82996 1.82339 1.81934 1.8181 1.81808 1.81915 1.80979 1.80221 1.79904 1.79244 1.77083 1.75841 1.74244 1.72484 1.70423 1.68267 1.65723 1.6348 1.61349 1.59145 1.57846 1.56842 1.5615 1.55847 1.55878 1.56199 1.56719 1.55936 1.57368 1.57776 1.58158 1.57028 1.56682 1.56071 1.55206 1.54103 1.52804 1.50739 1.49323 1.47909 1.46813 1.4512 1.44306 1.43727 1.43372 1.43198 1.43137 1.43104 1.41754 1.42228 1.41749 1.41029 1.37567 1.36 1.34221 1.32258 1.30069 1.27867 1.25113
-9999 -9999 -9999 -9999 -9999 -9999 1.88705 1.88255 1.8867 1.87604 1.87461 1.86276 1.85217 1.84317 1.83684 1.83276 1.8312 1.83117 1.8317 1.83302 1.81605 1.81646 1.7996 1.77998 1.76774 1.75262 1.73535 1.71662 1.69657 1.67207 1.64692 1.62609 1.61138 1.59591 1.58549 1.57767 1.57338 1.57416 1.57637 1.58051 1.58513 1.5704 1.57266 1.58863 1.57638 1.5723 1.56664 1.55853 1.54802 1.53556 1.5153 1.50563 1.49128 1.46947 1.45931 1.45111 1.44504 1.44096 1.43847 1.43696 1.43565 1.43374 1.41241 1.40484 1.41011 1.37422 1.35889 1.34166 1.32293 1.30301 1.28254 1.25554
-9999 -9999 -9999 -9999 -9999 -9999 1.90212 1.90852 1.89977 1.90095 1.88996 1.8786 1.86865 1.86012 1.85367 1.84934 1.84709 1.84652 1.84647 1.84695 1.84899 1.82491 1.8218 1.80247 1.7773 1.7637 1.74793 1.72847 1.70909 1.68612 1.6656 1.64927 1.63173 1.61633 1.60629 1.59834 1.59345 1.59276 1.59394 1.59589 1.59901 1.60284 1.58261 1.58234 1.56684 1.57963 1.57383 1.56644 1.56316 1.55046 1.53018 1.51634 1.49035 1.47896 1.46895 1.46067 1.45424 1.44953 1.4462 1.44367 1.44127 1.43828 1.43399 1.40481 1.39489 1.35539 1.35814 1.34156 1.32368 1.30492 1.26009 1.23523
-9999 -9999 -9999 -9999 -9999 -9999 1.92073 1.92356 1.91497 1.9183 1.90808 1.89758 1.88806 1.87984 1.87328 1.86892 1.86636 1.86508 1.86497 1.86461 1.86323 1.86395 1.8324 1.81249 1.80321 1.79083 1.77546 1.75779 1.72328 1.70476 1.68915 1.67091 1.65468 1.64038 1.63003 1.62184 1.61671 1.61441 1.61357 1.61402 1.61557 1.61889 1.62049 1.5939 1.57584 1.57994 1.57337 1.56444 1.57294 1.56047 1.54157 1.51248 1.50069 1.48968 1.47984 1.47143 1.4646 1.4592 1.45494 1.45134 1.44779 1.44368 1.43841 1.43149 1.39523 1.35448 1.33842 1.29203 1.27389 1.28028 1.26324 1.23861
-9999 -9999 -9999 -9999 -9999 -9999 -9999 1.94623 1.95185 1.94286 1.93275 1.92265 1.91323 1.90498 1.89839 1.89372 1.89075 1.88894 1.88785 1.8865 1.88488 1.88338 1.84786 1.82564 1.81626 1.8055 1.79182 1.77529 1.75549 1.73948 1.72255 1.70526 1.68925 1.67522 1.65582 1.64752 1.64172 1.63797 1.63492 1.64307 1.644 1.64584 1.64645 1.61656 1.59661 1.59191 1.58491 1.57601 1.5647 1.54506 1.51483 1.50405 1.49326 1.48353 1.49172 1.48315 1.47586 1.46975 1.46455 1.45985 1.45514 1.43063 1.42293 1.41376 1.37028 1.32677 1.31017 1.29297 1.27552 1.25853 1.24209 1.19948
-9999 -9999 -9999 -9999 -9999 -9999 -9999 1.98109 1.97386 1.96606 1.95644 1.94717 1.93866 1.93075 1.92407 1.91901 1.91543 1.91299 1.9107 1.90857 1.90598 1.90286 1.89858 1.84044 1.8319 1.82241 1.80979 1.79516 1.7779 1.76107 1.7461 1.73146 1.7169 1.7038 1.69157 1.6833 1.67644 1.67158 1.66932 1.66823 1.66737 1.66785 1.66661 1.66512 1.6105 1.60495 1.59761 1.58918 1.57821 1.55901 1.52641 1.5158 1.50509 1.4955 1.48639 1.47802 1.47046 1.46358 1.45713 1.45077 1.44409 1.43671 1.4283 1.41858 1.40736 1.35848 1.30979 1.29329 1.27683 1.26053 1.23402 1.20036
-9999 -9999 -9999 -9999 -9999 -9999 -9999 2.00522 1.99797 1.99071 1.98275 1.97359 1.96579 1.95862 1.95196 1.94653 1.94227 1.93914 1.93575 1.93235 1.92871 1.92402 1.91918 1.91326 1.8507 1.84139 1.82969 1.8163 1.80123 1.7869 1.77306 1.75925 1.746 1.73384 1.7232 1.71456 1.70751 1.70257 1.69863 1.69532 1.69325 1.69189 1.68847 1.68536 1.68128 1.61972 1.61259 1.60386 1.5928 1.54998 1.53971 1.5291 1.51874 1.50869 1.49919 1.49043 1.48223 1.47458 1.46722 1.45989 1.45224 1.44395 1.43474 1.4243 1.41256 1.39878 1.31085 1.29486 1.27899 1.26317 1.21536 1.20104
-9999 -9999 -9999 -9999 -9999 -9999 -9999 2.03121 2.02443 2.01766 2.01007 2.00178 1.99468 1.98825 1.98189 1.97619 1.97164 1.96747 1.96326 1.95896 1.9542 1.9492 1.9425 1.93669 1.87117 1.86232 1.8518 1.83909 1.82577 1.8131 1.80045 1.78779 1.77626 1.76514 1.75513 1.7459 1.73861 1.73331 1.72877 1.72485 1.72082 1.71747 1.71315 1.70829 1.70236 1.63699 1.62903 1.61975 1.58327 1.56506 1.55435 1.54357 1.53305 1.52275 1.51303 1.50388 1.49511 1.4867 1.47847 1.47019 1.46156 1.45229 1.4422 1.43092 1.41838 1.40441 1.3121 1.29699 1.2817 1.2436 1.21612 1.2015
-9999 -9999 -9999 -9999 -9999 -9999 -9999 2.05824 2.05212 2.04581 2.03854 2.03091 2.0251 2.01924 2.01306 2.00736 2.00221 1.99671 1.99244 1.98785 1.98221 1.97555 1.96792 1.96084 1.92955 1.88497 1.87521 1.86288 1.85068 1.83901 1.82805 1.81731 1.80719 1.79721 1.78771 1.77814 1.76954 1.76402 1.75931 1.75435 1.74934 1.74365 1.73801 1.73168 1.72415 1.69031 1.64637 1.63694 1.59134 1.58041 1.56963 1.55889 1.54786 1.53744 1.52774 1.51829 1.50896 1.49986 1.49082 1.4816 1.472 1.46171 1.45063 1.43856 1.4247 1.41022 1.35767 1.29975 1.28411 1.23224 1.21691 1.20189
-9999 -9999 -9999 -9999 -9999 -9999 -9999 2.08623 2.08021 2.07451 2.06795 2.06191 2.05662 2.05092 2.04522 2.03953 2.03399 2.02833 2.02286 2.01698 2.01034 2.00286 1.99459 1.98608 1.97819 1.90878 1.89361 1.88799 1.87669 1.8666 1.85697 1.84813 1.83911 1.82991 1.82116 1.81287 1.80443 1.79631 1.78987 1.78425 1.77741 1.77022 1.76355 1.75587 1.74702 1.73758 1.66575 1.62525 1.60773 1.59638 1.58545 1.57501 1.56413 1.55346 1.5435 1.5335 1.5237 1.51398 1.50416 1.49407 1.4835 1.47223 1.46008 1.44657 1.4322 1.41674 1.40116 1.30347 1.26255 1.23379 1.21766 1.20203
-9999 -9999 -9999 -9999 -9999 -9999 -9999 2.11466 2.10931 2.10417 2.09906 2.09403 2.08897 2.08306 2.07776 2.07195 2.06645 2.06048 2.05403 2.04728 2.03981 2.03108 2.02214 2.01261 2.0045 1.96979 1.92503 1.91442 1.90325 1.89495 1.88704 1.87928 1.87124 1.86224 1.85476 1.84695 1.83901 1.83085 1.82226 1.81477 1.8061 1.7979 1.78972 1.78069 1.77087 1.76032 1.721 1.64272 1.62529 1.61331 1.60202 1.5912 1.58071 1.57004 1.55968 1.54941 1.53921 1.52894 1.51844 1.5075 1.49597 1.48367 1.47007 1.45547 1.4402 1.42393 1.4074 1.35265 1.26481 1.23534 1.2184 1.20202
-9999 -9999 -9999 -9999 -9999 -9999 -9999 -9999 2.13919 2.13473 2.13012 2.12487 2.12034 2.11533 2.11007 2.10429 2.09928 2.09284 2.08571 2.07805 2.06971 2.06045 2.05125 2.04123 2.03143 1.98406 1.95025 1.94128 1.93215 1.92412 1.91729 1.91086 1.90334 1.89488 1.8876 1.88033 1.87316 1.86503 1.85513 1.84558 1.83566 1.82637 1.81657 1.80586 1.79461 1.78288 1.70869 1.65635 1.64399 1.63184 1.61976 1.60848 1.59756 1.58679 1.57628 1.56584 1.55537 1.54467 1.53354 1.52185 1.50935 1.4959 1.48109 1.46447 1.44839 1.43123 1.41306 1.3652 1.25513 1.23695 1.21907 1.20171
-9999 -9999 -9999 -9999 -9999 -9999 -9999 -9999 2.16855 2.16498 2.16042 2.15563 2.15028 2.14553 2.14224 2.13677 2.1314 2.12535 2.11758 2.10895 2.09964 2.08989 2.07956 2.0687 2.05827 2.04819 2.00976 1.96962 1.96162 1.95438 1.94812 1.94154 1.93402 1.92658 1.9204 1.91363 1.90718 1.89907 1.88973 1.87884 1.86702 1.855 1.84362 1.83112 1.81821 1.80505 1.7534 1.71077 1.66265 1.64972 1.63736 1.62555 1.61449 1.60369 1.59314 1.58268 1.57206 1.56105 1.54943 1.53702 1.52351 1.50891 1.4925 1.47515 1.45705 1.43788 1.42004 1.36933 1.30566 1.23869 1.21951 1.20096
