Test_Spring_2018b/02_18/Prec/20180208_013.txt
ncols	170
nrows	115
xllcorner	350000.000000
yllcorner	4445000.000000
cellsize	1000.000000
nodata_value	-9999.000000
[rows 31 to 61 of 115, columns 70 to 139 of 170]
2.1313 2.09457 2.0465 1.98284 1.92392 1.81321 1.69022 1.62504 1.41797 1.36043 1.30008 1.24996 1.20074 1.15114 1.11295 1.06273 0.968926 0.965538 0.952641 0.91404 0.907307 0.908077 0.875428 0.811909 0.774555 0.724635 0.688356 0.594391 0.551597 -9999 -9999 -9999 -9999 -9999 -9999 -9999 -9999 -9999 -9999 -9999 -9999 -9999 -9999 -9999 -9999 -9999 -9999 -9999 -9999 -9999 -9999 -9999 -9999 -9999 -9999 -9999 -9999 -9999 -9999 -9999 -9999 -9999 -9999 -9999 -9999 -9999 -9999 -9999 -9999 -9999
2.09866 2.05761 2.00712 1.9461 1.90023 1.85095 1.65124 1.53551 1.3968 1.34303 1.28703 1.22729 1.18043 1.13774 1.10123 1.05437 0.979582 0.912493 0.915226 0.896799 0.862859 0.875267 0.843589 0.787339 0.714557 0.729317 0.705043 0.550766 0.508253 -9999 -9999 -9999 -9999 -9999 -9999 -9999 -9999 -9999 -9999 -9999 -9999 -9999 -9999 -9999 -9999 -9999 -9999 -9999 -9999 -9999 -9999 -9999 -9999 -9999 -9999 -9999 -9999 -9999 -9999 -9999 -9999 -9999 -9999 -9999 -9999 -9999 -9999 -9999 -9999 -9999
2.05388 2.02135 1.96892 1.91358 1.87476 1.81649 1.69165 1.51701 1.37294 1.32218 1.27027 1.21841 1.17139 1.1282 1.08073 1.03103 0.962988 0.889705 0.857661 0.863516 0.847686 0.835791 0.806701 0.774481 0.73252 0.740834 0.735279 0.666255 0.528993 0.394083 -9999 -9999 -9999 -9999 -9999 -9999 -9999 -9999 -9999 -9999 -9999 -9999 -9999 -9999 -9999 -9999 -9999 -9999 -9999 -9999 -9999 -9999 -9999 -9999 -9999 -9999 -9999 -9999 -9999 -9999 -9999 -9999 -9999 -9999 -9999 -9999 -9999 -9999 -9999 -9999
2.0082 1.98523 1.93164 1.86404 1.81924 1.76927 1.60977 1.38344 1.33021 1.29688 1.24569 1.19821 1.14718 1.102 1.05656 1.00723 0.953548 0.897676 0.820429 0.837881 0.849635 0.834584 0.819748 0.794691 0.755797 0.765723 0.75446 0.660505 0.434687 0.407398 0.393474 -9999 -9999 -9999 -9999 -9999 -9999 -9999 -9999 -9999 -9999 -9999 -9999 -9999 -9999 -9999 -9999 -9999 -9999 -9999 -9999 -9999 -9999 -9999 -9999 -9999 -9999 -9999 -9999 -9999 -9999 -9999 -9999 -9999 -9999 -9999 -9999 -9999 -9999 -9999
-9999 1.94904 1.89584 1.82459 1.77947 1.73468 1.63535 1.44274 1.31122 1.26254 1.21691 1.16814 1.11552 1.0504 1.01167 0.979895 0.935623 0.875634 0.819083 0.79305 0.821027 0.820737 0.807172 0.806181 0.773676 0.774312 0.759835 0.714667 0.548815 0.432713 0.415778 0.385186 -9999 -9999 -9999 -9999 -9999 -9999 -9999 -9999 -9999 -9999 -9999 -9999 -9999 -9999 -9999 -9999 -9999 -9999 -9999 -9999 -9999 -9999 -9999 -9999 -9999 -9999 -9999 -9999 -9999 -9999 -9999 -9999 -9999 -9999 -9999 -9999 -9999 -9999
-9999 -9999 -9999 -9999 1.73551 1.63704 1.5 1.40842 1.28118 1.2319 1.18541 1.1343 1.07095 1.02123 0.984248 0.941364 0.894438 0.85966 0.818284 0.779313 0.776894 0.802999 0.778674 0.796467 0.786992 0.784238 0.759496 0.598149 0.531364 0.424695 0.410785 0.386832 -9999 -9999 -9999 -9999 -9999 -9999 -9999 -9999 -9999 -9999 -9999 -9999 -9999 -9999 -9999 -9999 -9999 -9999 -9999 -9999 -9999 -9999 -9999 -9999 -9999 -9999 -9999 -9999 -9999 -9999 -9999 -9999 -9999 -9999 -9999 -9999 -9999 -9999
-9999 -9999 -9999 -9999 -9999 1.61259 1.47182 1.42939 1.25065 1.19464 1.14923 1.09545 1.03999 0.991574 0.946684 0.905438 0.863807 0.8259 0.787682 0.773532 0.787545 0.781233 0.771339 0.770752 0.778311 0.770646 0.718809 0.571922 0.544438 0.398271 0.377525 0.379464 0.364192 -9999 -9999 -9999 -9999 -9999 -9999 -9999 -9999 -9999 -9999 -9999 -9999 0.37255 -9999 -9999 -9999 -9999 -9999 -9999 -9999 -9999 -9999 -9999 -9999 -9999 -9999 -9999 -9999 -9999 -9999 -9999 -9999 -9999 0.109258 -9999 -9999 -9999
-9999 -9999 -9999 -9999 1.71173 1.52454 1.46545 1.4083 1.29902 1.15957 1.1113 1.05347 0.996373 0.944929 0.893634 0.85808 0.823392 0.785309 0.767579 0.765872 0.763825 0.764868 0.766 0.763431 0.757947 0.750394 0.618359 0.596202 0.580194 0.516618 0.421 0.400679 0.368889 0.343793 -9999 -9999 -9999 -9999 -9999 -9999 -9999 0.385495 0.378701 0.372859 0.372808 0.38465 0.364591 -9999 -9999 -9999 -9999 -9999 -9999 -9999 -9999 -9999 -9999 -9999 -9999 -9999 -9999 -9999 -9999 -9999 -9999 -9999 0.128869 0 -9999 -9999
-9999 -9999 -9999 -9999 1.57475 1.51711 1.44782 1.38351 1.31249 1.12994 1.06652 1.00822 0.95076 0.895566 0.845187 0.811785 0.774117 0.749538 0.733486 0.737817 0.738283 0.735617 0.733581 0.732664 0.723088 0.723702 0.614199 0.60169 0.579537 0.555735 0.437936 0.396323 0.355032 0.32161 -9999 -9999 -9999 -9999 -9999 -9999 0.398577 0.41023 0.41429 0.386671 0.396865 0.404732 0.393036 0.331496 -9999 -9999 -9999 -9999 -9999 -9999 -9999 -9999 -9999 -9999 -9999 -9999 -9999 -9999 0.272757 0.242025 0.184004 0.1514 0.129207 0 -9999 -9999
-9999 -9999 -9999 -9999 1.56832 1.50696 1.43523 1.35963 1.27387 1.12033 1.02568 0.959407 0.8977 0.843599 0.798182 0.753242 0.723709 0.691462 0.698418 0.695861 0.694882 0.685659 0.686868 0.668656 0.664465 0.568222 0.594761 0.581213 0.54836 0.50562 0.385341 0.374525 0.360876 0.332357 -9999 -9999 -9999 -9999 -9999 -9999 0.409112 0.421822 0.430438 0.425413 0.39646 0.416319 0.371742 0.344587 0.33 0.332665 0.329285 0.317341 0.315314 0.312185 0.298309 0.300441 -9999 -9999 -9999 -9999 0.285797 0.28337 0.280332 0.265041 0.202073 0.156889 0.115131 0 -9999 -9999
-9999 -9999 -9999 -9999 1.58166 1.50549 1.41856 1.32374 1.23769 1.07632 0.979429 0.893782 0.829506 0.774953 0.730363 0.69295 0.661062 0.648863 0.643055 0.640049 0.617904 0.594226 0.621269 0.621513 0.508651 0.543381 0.56959 0.555946 0.517527 0.470811 0.390399 0.38613 0.367127 0.33686 -9999 -9999 -9999 0.37078 0.39503 0.395021 0.398827 0.417207 0.428639 0.437614 0.437889 0.408614 0.376016 0.348004 0.318704 0.313157 0.333095 0.33043 0.321499 0.318181 0.304654 0.297154 0.301224 0.30202 0.299876 0.295114 0.291787 0.289276 0.2846 0.270054 0.217655 0.182256 0.156847 0 -9999 -9999
-9999 -9999 -9999 -9999 1.53689 1.45432 1.3652 1.27218 1.1726 1.08264 0.926853 0.84421 0.776673 0.709677 0.670599 0.635019 0.610871 0.59631 0.59019 0.571655 0.54961 0.531117 0.532592 0.486903 0.47429 0.491085 0.519573 0.525681 0.498453 0.458249 0.453411 0.391143 0.348381 0.315235 -9999 -9999 0.327454 0.376595 0.410038 0.425496 0.427251 0.422487 0.438066 0.431573 0.446198 0.413587 0.35876 0.349401 0.324603 0.319803 0.310581 0.303279 0.311756 0.313238 0.309862 0.304886 0.306225 0.304222 0.301956 0.29949 0.293478 0.292289 0.289095 0.278497 0.23579 0.21149 0.177709 0 -9999 -9999
-9999 -9999 -9999 -9999 1.50683 1.41876 1.32815 1.22531 1.13008 1.04152 0.873581 0.799829 0.724238 0.656232 0.602858 0.575977 0.553422 0.542886 0.542641 0.529893 0.519915 0.499992 0.496997 0.441605 0.447315 0.435424 0.455979 0.461071 0.462945 0.471796 0.467869 0.396463 0.380175 0.335212 0.317014 -9999 0.336242 0.359506 0.399705 0.432053 0.450028 0.436582 0.454703 0.450482 0.441441 0.420171 0.376997 0.345024 0.330448 0.314844 0.319956 0.319452 0.319031 0.315858 0.311068 0.307891 0.305995 0.304063 0.302418 0.30101 0.298972 0.296406 0.292469 0.285971 0.263551 0.233632 0.186369 0.101598 -9999 -9999
-9999 -9999 -9999 1.61213 1.51029 1.42232 1.31873 1.21135 1.10375 0.997524 0.838407 0.756432 0.678592 0.610072 0.54246 0.507951 0.489854 0.492143 0.496262 0.508674 0.515414 0.491389 0.451791 0.445324 0.431537 0.42782 0.447108 0.483561 0.48977 0.477373 0.461135 0.392121 0.386431 0.366566 0.315457 0.325246 0.352113 0.37137 0.398928 0.438959 0.464387 0.471509 0.468551 0.459139 0.451851 0.416675 0.380901 0.360534 0.336739 0.321397 0.308523 0.307309 0.306366 0.31405 0.313032 0.307249 0.305356 0.303904 0.30293 0.302196 0.300922 0.298548 0.295668 0.291556 0.281094 0.249726 0.176921 0.118269 -9999 -9999
-9999 -9999 -9999 -9999 1.50799 1.40249 1.28685 1.17121 1.06019 0.953328 0.800698 0.709135 0.634874 0.56634 0.499424 0.446428 0.44077 0.441159 0.454731 0.472817 0.496167 0.448289 0.449543 0.45506 0.445024 0.468754 0.493672 0.50581 0.507962 0.476392 0.442965 0.361285 0.33024 0.336546 0.323763 0.336947 0.356541 0.398263 0.426277 0.435639 0.439574 0.475835 0.471736 0.456386 0.452402 0.421704 0.392533 0.364555 0.351795 0.335784 0.322125 0.278954 0.300406 0.293067 0.306035 0.308638 0.305206 0.303972 0.303522 0.302827 0.301931 0.300179 0.297743 0.290909 0.281858 0.258319 0.17216 0.120195 -9999 -9999
-9999 -9999 -9999 -9999 -9999 -9999 1.26957 1.15151 1.03188 0.918479 0.772992 0.682679 0.602854 0.533882 0.474087 0.4207 0.396774 0.39584 0.389159 0.423252 0.448506 0.47195 0.494837 0.482853 0.482727 0.519559 0.52961 0.514503 0.502325 0.487856 0.448645 0.380862 0.344762 0.31896 0.325293 0.369834 0.405327 0.447832 0.465894 0.454054 0.460596 0.467685 0.479666 0.477052 0.458507 0.426055 0.397737 0.362768 0.362785 0.348473 0.326263 0.306758 0.299428 0.300053 0.29654 0.306995 0.307214 0.304432 0.303895 0.303564 0.302844 0.301389 0.29582 0.290633 0.283862 0.275198 0.186529 0.111204 -9999 -9999
-9999 -9999 -9999 -9999 -9999 -9999 1.24532 1.12206 1.00618 0.909972 0.7558 0.663983 0.579189 0.512013 0.454032 0.403197 0.369024 0.351731 0.340194 0.366628 0.415989 0.457343 0.485438 0.478997 0.515494 0.528766 0.532729 0.509785 0.493301 0.486649 0.44965 0.379696 0.359751 0.326757 0.353145 0.379743 0.410219 0.456111 0.485988 0.495475 0.478377 0.482237 0.497366 0.482731 0.4512 0.434792 0.398989 0.357102 0.364171 0.354854 0.334584 0.323042 0.310671 0.304911 0.304356 0.305551 0.306402 0.305023 0.303895 0.303612 0.303181 0.300753 0.297027 0.292002 0.285121 0.276588 0.215876 0.110463 -9999 -9999
-9999 -9999 -9999 -9999 -9999 -9999 -9999 1.09522 0.992828 0.905734 0.747128 0.649663 0.573156 0.504776 0.445023 0.403273 0.366314 0.338166 0.298222 0.326451 0.373619 0.435358 0.480857 0.503877 0.513012 0.51393 0.485181 0.458876 0.464301 0.465465 0.440125 0.379129 0.356088 0.385919 0.416162 0.446762 0.464157 0.463698 0.489301 0.507011 0.49191 0.498698 0.50535 0.481575 0.459756 0.437785 0.400384 0.381211 0.364706 0.362283 0.337847 0.330726 0.320533 0.310732 0.306741 0.305318 0.305935 0.304727 0.303953 0.303818 0.302701 0.300974 0.297323 0.292014 0.285088 0.276528 0.262403 0.199228 0.158394 -9999
-9999 -9999 -9999 -9999 -9999 -9999 -9999 1.06684 0.955494 0.877952 0.725505 0.65005 0.578481 0.511898 0.448734 0.407432 0.357982 0.34648 0.309517 0.304337 0.341947 0.359268 0.434854 0.50413 0.513229 0.441747 0.424853 0.414328 0.430324 0.43793 0.434863 0.353755 0.352006 0.404487 0.43976 0.467313 0.487945 0.492889 0.493268 0.522693 0.520265 0.520949 0.506117 0.492245 0.459654 0.432244 0.414376 0.386006 0.366889 0.365134 0.336361 0.336312 0.324625 0.311449 0.304061 0.307345 0.305705 0.304729 0.303493 0.303072 0.302121 0.299494 0.296282 0.291035 0.283839 0.275673 0.265786 0.246207 0.209441 0.189081
-9999 -9999 -9999 -9999 -9999 -9999 -9999 -9999 0.917139 0.861286 0.725559 0.650026 0.592116 0.530476 0.455515 0.417018 0.374569 0.346603 0.312879 0.281 0.274944 0.368273 0.453544 0.508648 0.521184 0.463392 0.448408 0.458998 0.485897 0.478347 0.472496 0.401079 0.401392 0.396256 0.413863 0.445956 0.473449 0.500336 0.517739 0.516582 0.521542 0.517338 0.505698 0.493304 0.475523 0.457149 0.415436 0.408522 0.382571 0.371804 0.354542 0.339262 0.327024 0.309023 0.308284 0.308761 0.306811 0.303469 0.302714 0.302293 0.301284 0.299128 0.293837 0.288643 0.281907 0.273555 0.264316 0.250549 0.236804 0.210335
-9999 -9999 -9999 -9999 -9999 -9999 -9999 -9999 0.891825 0.842907 0.712344 0.664509 0.568916 0.523739 0.484327 0.448567 0.412362 0.375791 0.353269 0.313581 0.276923 0.368709 0.456729 0.512731 0.533276 0.480901 0.511517 0.508122 0.522385 0.50307 0.497265 0.450679 0.442657 0.431713 0.41116 0.402986 0.462607 0.493647 0.516292 0.524196 0.524533 0.519134 0.508817 0.48674 0.448225 0.450242 0.423873 0.405358 0.387364 0.371541 0.356225 0.342147 0.331554 0.322333 0.309559 0.308901 0.303862 0.302612 0.301861 0.30096 0.299489 0.297255 0.293856 0.288081 0.278957 0.270877 0.261802 0.248569 0.237991 0.226583
-9999 -9999 -9999 -9999 -9999 -9999 -9999 -9999 0.81585 0.801667 0.656773 0.621088 0.586479 0.546976 0.513417 0.475206 0.450313 0.421247 0.401292 0.375974 0.338725 0.323465 0.394235 0.49324 0.539392 0.54499 0.554329 0.547264 0.539978 0.543936 0.549474 0.490761 0.464108 0.442315 0.434578 0.431423 0.476919 0.485736 0.483487 0.524556 0.519527 0.509338 0.482786 0.454727 0.445014 0.412294 0.396597 0.367338 0.365072 0.362094 0.353535 0.341999 0.331864 0.319688 0.312827 0.306249 0.303572 0.301657 0.300279 0.299009 0.297275 0.294469 0.290896 0.286658 0.278384 0.270936 0.258812 0.246071 0.236213 0.225683
-9999 -9999 -9999 -9999 -9999 -9999 -9999 -9999 0.765101 0.67094 0.656748 0.62082 0.601946 0.565994 0.543304 0.515858 0.490155 0.462588 0.437096 0.414598 0.380942 0.360963 0.411783 0.477716 0.53002 0.549079 0.557215 0.563983 0.566525 0.555011 0.555686 0.506417 0.499453 0.469501 0.461062 0.442894 0.492186 0.500129 0.493721 0.513498 0.507689 0.467465 0.432878 0.418966 0.424761 0.396825 0.370263 0.340418 0.337157 0.352254 0.328459 0.319529 0.324131 0.318475 0.309199 0.30543 0.302374 0.300161 0.298222 0.296563 0.294566 0.291403 0.287648 0.283025 0.277014 0.267122 0.258957 0.246304 0.233635 0.224141
-9999 -9999 -9999 -9999 -9999 -9999 -9999 -9999 0.770992 0.657955 0.644961 0.630267 0.618527 0.593 0.571752 0.547698 0.520185 0.501218 0.482694 0.46057 0.449735 0.429326 0.399731 0.475748 0.504556 0.524446 0.522329 0.5478 0.553146 0.549503 0.480526 0.500294 0.496861 0.481386 0.481176 0.47397 0.502988 0.505564 0.505166 0.501828 0.469528 0.424222 0.384924 0.39768 0.382216 0.382776 0.327941 0.338389 0.34621 0.340505 0.309727 0.289298 0.31474 0.307012 0.30472 0.302512 0.300595 0.297688 0.295815 0.29344 0.29088 0.287768 0.283757 0.279028 0.273327 0.266796 0.255266 0.243175 0.234371 0.225403
-9999 -9999 -9999 -9999 -9999 -9999 -9999 -9999 -9999 0.629639 0.623005 0.631761 0.620795 0.604687 0.584999 0.561796 0.539599 0.522452 0.507477 0.488935 0.469181 0.439115 0.419409 0.442252 0.46692 0.468169 0.486927 0.530107 0.547557 0.532904 0.42292 0.447644 0.486462 0.493937 0.49826 0.500921 0.500939 0.499646 0.492487 0.47118 0.407902 0.390484 0.359661 0.353394 0.331423 0.348462 0.315845 0.330347 0.329956 0.322929 0.287555 0.28498 0.297914 0.3023 0.294504 0.296831 0.297514 0.294762 0.292299 0.289501 0.286796 0.28356 0.279567 0.276371 0.270816 0.264599 0.2523 0.240572 0.230376 0.220835
-9999 -9999 -9999 -9999 -9999 -9999 -9999 -9999 -9999 0.601439 0.617009 0.642203 0.624739 0.613563 0.605481 0.583878 0.55865 0.538912 0.523312 0.510163 0.483362 0.459507 0.438289 0.434211 0.443699 0.437755 0.462851 0.516046 0.528787 0.527405 0.398726 0.390467 0.438015 0.478446 0.486843 0.488344 0.451792 0.461834 0.440286 0.409349 0.397742 0.379792 0.346231 0.351251 0.32267 0.321504 0.298966 0.303117 0.299688 0.307429 0.276132 0.2691 0.28137 0.288916 0.283465 0.293756 0.295081 0.292985 0.290153 0.287304 0.284125 0.280793 0.276621 0.271817 0.266362 0.25991 0.25194 0.23395 0.19379 0.186539
-9999 -9999 -9999 -9999 -9999 -9999 -9999 -9999 -9999 0.606655 0.607488 0.629769 0.6407 0.612574 0.609727 0.600789 0.575072 0.552422 0.533272 0.523521 0.492437 0.460492 0.436037 0.407855 0.415399 0.439908 0.466977 0.501209 0.508889 0.503966 0.392782 0.411422 0.444923 0.464948 0.473897 0.474165 0.467965 0.464075 0.44796 0.439296 0.414086 0.375139 0.355703 0.35723 0.312965 0.306964 0.311447 0.276622 0.290348 0.29216 0.255337 0.262054 0.279736 0.285997 0.291538 0.291931 0.289771 0.289237 0.285808 0.282664 0.279309 0.275519 0.271429 0.266394 0.261006 0.252572 0.242293 0.209392 0.180894 0.17657
-9999 -9999 -9999 -9999 -9999 -9999 -9999 -9999 -9999 0.608298 0.610006 0.62854 0.629756 0.607679 0.609455 0.612616 0.5945 0.571254 0.55903 0.541287 0.513103 0.484158 0.454064 0.440059 0.408121 0.441829 0.457404 0.485543 0.499166 0.383799 0.378892 0.402935 0.426456 0.438264 0.46069 0.463315 0.458995 0.433309 0.41991 0.42354 0.414979 0.40109 0.372203 0.364904 0.342723 0.328812 0.314835 0.275698 0.279012 0.271538 0.257693 0.277648 0.283504 0.285714 0.287899 0.284919 0.283884 0.284312 0.280933 0.277438 0.273737 0.269991 0.265593 0.259952 0.254189 0.243042 0.226872 0.201046 0.150927 0.168299
-9999 -9999 -9999 -9999 -9999 -9999 -9999 -9999 -9999 0.591069 0.600415 0.615145 0.605919 0.583933 0.608417 0.618518 0.603698 0.586524 0.57116 0.535537 0.532427 0.523462 0.494985 0.455338 0.41257 0.416696 0.43243 0.466532 0.478437 0.34663 0.338927 0.352256 0.384251 0.412799 0.441832 0.450547 0.444045 0.403282 0.358938 0.377351 0.396107 0.392139 0.38102 0.353532 0.34026 0.327074 0.303802 0.258429 0.253116 0.252517 0.266936 0.268758 0.27642 0.282245 0.271842 0.269368 0.276436 0.278913 0.275197 0.271504 0.267953 0.263964 0.259589 0.252887 0.245813 0.236689 0.203534 0.180908 0.14597 0.16279
-9999 -9999 -9999 -9999 -9999 -9999 -9999 -9999 -9999 0.563965 0.565205 0.581569 0.573901 0.580161 0.604035 0.608697 0.604983 0.59333 0.580061 0.560061 0.546943 0.527721 0.497345 0.457721 0.414547 0.386489 0.399949 0.435608 0.428933 0.315539 0.302881 0.326536 0.359473 0.406341 0.433677 0.438484 0.436867 0.428293 0.395515 0.355241 0.352668 0.368389 0.347877 0.324 0.32853 0.320285 0.297766 0.279253 0.252606 0.239929 0.250561 0.250161 0.260219 0.278963 0.276716 0.270695 0.276471 0.272585 0.268725 0.265226 0.261426 0.257568 0.253443 0.247469 0.238793 0.215743 0.194951 0.167588 0.160163 0.169725
-9999 -9999 -9999 -9999 -9999 -9999 -9999 -9999 -9999 0.52412 0.534873 0.551573 0.568069 0.585024 0.599359 0.58641 0.590421 0.57959 0.579722 0.570134 0.552652 0.53553 0.508544 0.457662 0.41511 0.369303 0.37999 0.418056 0.318854 0.300385 0.263562 0.30707 0.35446 0.397218 0.420735 0.404197 0.422213 0.420314 0.407252 0.382496 0.344294 0.341608 0.310855 0.304924 0.313223 0.311723 0.303047 0.287715 0.256715 0.240121 0.24382 0.239035 0.247704 0.260725 0.273834 0.271578 0.27024 0.265844 0.261706 0.258083 0.254393 0.250381 0.245833 0.240079 0.220618 0.198067 0.182619 0.162699 0.156686 0.179345
