Test_Spring_2018b/02_18/Prec/20180220_011.txt
ncols	170
nrows	115
xllcorner	350000.000000
yllcorner	4445000.000000
cellsize	1000.000000
nodata_value	-9999.000000
[rows 31 to 61 of 115, columns 70 to 139 of 170]
0.60347 0.612542 0.616384 0.611493 0.613367 0.618354 0.625978 0.627399 0.624033 0.62361 0.618034 0.616939 0.612679 0.604072 0.600286 0.583132 0.528216 0.540515 0.542394 0.521641 0.523671 0.529892 0.508754 0.462615 0.436336 0.399934 0.389216 0.372745 0.34033 -9999 -9999 -9999 -9999 -9999 -9999 -9999 -9999 -9999 -9999 -9999 -9999 -9999 -9999 -9999 -9999 -9999 -9999 -9999 -9999 -9999 -9999 -9999 -9999 -9999 -9999 -9999 -9999 -9999 -9999 -9999 -9999 -9999 -9999 -9999 -9999 -9999 -9999 -9999 -9999 -9999
0.59432 0.599105 0.599741 0.595242 0.605314 0.614952 0.603772 0.587663 0.611745 0.612047 0.607917 0.597675 0.593958 0.589781 0.586691 0.571876 0.531797 0.49458 0.509077 0.504602 0.485947 0.501798 0.481882 0.441766 0.388017 0.402165 0.385556 0.339561 0.311491 -9999 -9999 -9999 -9999 -9999 -9999 -9999 -9999 -9999 -9999 -9999 -9999 -9999 -9999 -9999 -9999 -9999 -9999 -9999 -9999 -9999 -9999 -9999 -9999 -9999 -9999 -9999 -9999 -9999 -9999 -9999 -9999 -9999 -9999 -9999 -9999 -9999 -9999 -9999 -9999 -9999
0.572899 0.583674 0.581923 0.580788 0.595148 0.596414 0.586942 0.580875 0.598884 0.600299 0.598291 0.593321 0.588782 0.583704 0.57171 0.554485 0.519618 0.477594 0.465017 0.479611 0.475188 0.472098 0.454171 0.432698 0.402796 0.41158 0.409159 0.372946 0.328676 0.290491 -9999 -9999 -9999 -9999 -9999 -9999 -9999 -9999 -9999 -9999 -9999 -9999 -9999 -9999 -9999 -9999 -9999 -9999 -9999 -9999 -9999 -9999 -9999 -9999 -9999 -9999 -9999 -9999 -9999 -9999 -9999 -9999 -9999 -9999 -9999 -9999 -9999 -9999 -9999 -9999
0.547893 0.565748 0.562657 0.551508 0.560764 0.568096 0.558371 0.571656 0.572711 0.587501 0.585896 0.584235 0.576489 0.569814 0.559368 0.542368 0.518614 0.490035 0.441932 0.465285 0.482025 0.476015 0.46869 0.452216 0.424056 0.433398 0.425775 0.376472 0.326938 0.30034 0.284431 -9999 -9999 -9999 -9999 -9999 -9999 -9999 -9999 -9999 -9999 -9999 -9999 -9999 -9999 -9999 -9999 -9999 -9999 -9999 -9999 -9999 -9999 -9999 -9999 -9999 -9999 -9999 -9999 -9999 -9999 -9999 -9999 -9999 -9999 -9999 -9999 -9999 -9999 -9999
-9999 0.545051 0.542297 0.528491 0.537843 0.549741 0.552556 0.560367 0.566445 0.570022 0.57349 0.571485 0.563075 0.541258 0.536314 0.53311 0.516586 0.484463 0.452002 0.440698 0.469268 0.473835 0.466476 0.467728 0.443471 0.444475 0.43328 0.406613 0.354248 0.319194 0.300038 0.270605 -9999 -9999 -9999 -9999 -9999 -9999 -9999 -9999 -9999 -9999 -9999 -9999 -9999 -9999 -9999 -9999 -9999 -9999 -9999 -9999 -9999 -9999 -9999 -9999 -9999 -9999 -9999 -9999 -9999 -9999 -9999 -9999 -9999 -9999 -9999 -9999 -9999 -9999
-9999 -9999 -9999 -9999 0.510669 0.514333 0.534905 0.54088 0.552844 0.557729 0.562166 0.559795 0.544206 0.535338 0.53235 0.520693 0.501955 0.489026 0.467597 0.445097 0.448625 0.47236 0.455072 0.469444 0.461647 0.458534 0.437935 0.384825 0.34006 0.311627 0.293774 0.26852 -9999 -9999 -9999 -9999 -9999 -9999 -9999 -9999 -9999 -9999 -9999 -9999 -9999 -9999 -9999 -9999 -9999 -9999 -9999 -9999 -9999 -9999 -9999 -9999 -9999 -9999 -9999 -9999 -9999 -9999 -9999 -9999 -9999 -9999 -9999 -9999 -9999 -9999
-9999 -9999 -9999 -9999 -9999 0.502991 0.519766 0.538579 0.540101 0.542507 0.550323 0.548087 0.540512 0.534057 0.525792 0.515785 0.501022 0.48498 0.464899 0.460293 0.474887 0.471358 0.463311 0.461297 0.464836 0.45603 0.420254 0.365858 0.339135 0.289282 0.264862 0.258664 0.239657 -9999 -9999 -9999 -9999 -9999 -9999 -9999 -9999 -9999 -9999 -9999 -9999 0.240436 -9999 -9999 -9999 -9999 -9999 -9999 -9999 -9999 -9999 -9999 -9999 -9999 -9999 -9999 -9999 -9999 -9999 -9999 -9999 -9999 0.128388 -9999 -9999 -9999
-9999 -9999 -9999 -9999 0.502628 0.512194 0.521465 0.532917 0.526241 0.531154 0.540134 0.537712 0.531304 0.524338 0.512265 0.507204 0.497669 0.480644 0.475142 0.478364 0.478185 0.477961 0.475997 0.469927 0.460875 0.449915 0.411028 0.386922 0.367788 0.322789 0.29531 0.270399 0.237258 0.210219 -9999 -9999 -9999 -9999 -9999 -9999 -9999 0.22619 0.224188 0.223769 0.228531 0.243058 0.232962 -9999 -9999 -9999 -9999 -9999 -9999 -9999 -9999 -9999 -9999 -9999 -9999 -9999 -9999 -9999 -9999 -9999 -9999 -9999 0.139259 0.119055 -9999 -9999
-9999 -9999 -9999 -9999 0.494679 0.507868 0.514081 0.525066 0.53037 0.526076 0.527426 0.528287 0.524607 0.51698 0.507077 0.504302 0.492201 0.484694 0.478781 0.484442 0.483549 0.477512 0.470071 0.46233 0.447262 0.440074 0.412079 0.39379 0.368293 0.341951 0.304479 0.26146 0.219526 0.184751 -9999 -9999 -9999 -9999 -9999 -9999 0.223318 0.235244 0.242395 0.225748 0.23935 0.251625 0.248894 0.214322 -9999 -9999 -9999 -9999 -9999 -9999 -9999 -9999 -9999 -9999 -9999 -9999 -9999 -9999 0.231025 0.210542 0.16916 0.148008 0.135306 0.117031 -9999 -9999
-9999 -9999 -9999 -9999 0.48461 0.500227 0.510277 0.518418 0.518232 0.524309 0.520271 0.519157 0.515643 0.511478 0.50711 0.495996 0.489949 0.475244 0.485303 0.482955 0.477856 0.463358 0.455026 0.430411 0.41636 0.391808 0.401757 0.380732 0.345139 0.302456 0.250529 0.238264 0.216428 0.184148 -9999 -9999 -9999 -9999 -9999 -9999 0.219941 0.233324 0.244831 0.246743 0.23075 0.25339 0.232194 0.219039 0.215398 0.224731 0.228685 0.217445 0.231245 0.233563 0.2266 0.231374 -9999 -9999 -9999 -9999 0.230695 0.23138 0.232066 0.223708 0.178641 0.147947 0.120339 0.115248 -9999 -9999
-9999 -9999 -9999 -9999 0.488281 0.498269 0.502857 0.50266 0.508957 0.513361 0.510834 0.512726 0.508538 0.504839 0.501362 0.495742 0.486819 0.486117 0.484021 0.478743 0.454304 0.425635 0.434653 0.41273 0.364644 0.379931 0.38732 0.36413 0.322318 0.274872 0.250053 0.240654 0.213058 0.181499 -9999 -9999 -9999 0.1803 0.197525 0.197966 0.203404 0.222004 0.236652 0.24676 0.254687 0.237675 0.22915 0.216393 0.202225 0.205974 0.22882 0.233086 0.233593 0.235895 0.229175 0.232332 0.237307 0.239358 0.239022 0.236814 0.236124 0.236634 0.236109 0.228553 0.186453 0.163669 0.149202 0.116466 -9999 -9999
-9999 -9999 -9999 -9999 0.478032 0.48692 0.493357 0.50323 0.502468 0.50658 0.506106 0.505048 0.502101 0.49152 0.494143 0.490656 0.487387 0.483427 0.478794 0.458404 0.430589 0.402269 0.387569 0.381861 0.356396 0.355178 0.362714 0.343654 0.312758 0.269141 0.254142 0.233592 0.193327 0.154719 -9999 -9999 0.137452 0.171531 0.195897 0.208718 0.213163 0.21455 0.233486 0.236434 0.256714 0.238361 0.212792 0.215384 0.202855 0.208088 0.217776 0.218457 0.224613 0.237316 0.237824 0.236078 0.238527 0.237942 0.23706 0.236241 0.233143 0.234499 0.235088 0.230719 0.202049 0.188425 0.171091 0.117502 -9999 -9999
-9999 -9999 -9999 -9999 0.47877 0.488769 0.498603 0.499151 0.504389 0.499316 0.492415 0.498635 0.495867 0.487286 0.480486 0.48444 0.481971 0.479695 0.477312 0.458424 0.436556 0.403405 0.381463 0.359338 0.345543 0.32059 0.320372 0.308825 0.295595 0.28868 0.263413 0.231546 0.203038 0.160423 0.133919 -9999 0.13144 0.144947 0.174582 0.200933 0.218692 0.214199 0.236208 0.242135 0.242776 0.236948 0.221507 0.216924 0.215855 0.212847 0.224729 0.229852 0.229695 0.232134 0.237312 0.236668 0.236177 0.235174 0.234294 0.233869 0.233533 0.233601 0.233541 0.232456 0.219852 0.204543 0.174321 0.117751 -9999 -9999
-9999 -9999 -9999 0.452188 0.473876 0.490077 0.495948 0.49907 0.500622 0.500206 0.497994 0.495056 0.492707 0.486412 0.470044 0.468574 0.46911 0.475435 0.474242 0.47216 0.460089 0.420261 0.399599 0.37417 0.343312 0.321288 0.318008 0.329077 0.317529 0.292463 0.265419 0.230106 0.200656 0.169916 0.122161 0.118837 0.131714 0.141774 0.161557 0.194254 0.218473 0.230919 0.237516 0.238199 0.243865 0.237615 0.228936 0.225427 0.218161 0.216172 0.214627 0.220626 0.220551 0.230685 0.233384 0.234907 0.234009 0.23291 0.232076 0.231741 0.231657 0.231649 0.232331 0.23317 0.2317 0.213584 0.16635 0.130503 -9999 -9999
-9999 -9999 -9999 -9999 0.466129 0.473978 0.475775 0.477691 0.481665 0.48561 0.490582 0.487591 0.488767 0.483647 0.468027 0.45248 0.462255 0.465845 0.470123 0.470048 0.468183 0.429794 0.409659 0.391889 0.361827 0.359032 0.358351 0.3488 0.3326 0.2912 0.249477 0.200865 0.157373 0.144927 0.115342 0.117985 0.124642 0.15199 0.172164 0.181228 0.189231 0.22521 0.229883 0.236083 0.246599 0.236622 0.234083 0.225682 0.227928 0.226139 0.224527 0.198127 0.216043 0.215156 0.228516 0.232131 0.2327 0.231342 0.230479 0.229776 0.229666 0.229931 0.230871 0.230581 0.231165 0.219738 0.160131 0.129964 -9999 -9999
-9999 -9999 -9999 -9999 -9999 -9999 0.467199 0.471111 0.472071 0.474407 0.486353 0.486663 0.485326 0.481437 0.472806 0.456422 0.451495 0.453087 0.440132 0.450202 0.461993 0.4595 0.454519 0.421386 0.397078 0.403238 0.38958 0.357506 0.328973 0.299874 0.252648 0.212258 0.163714 0.12519 0.114301 0.136315 0.154662 0.18244 0.194883 0.18764 0.198121 0.214124 0.235198 0.24669 0.2468 0.236404 0.235309 0.222283 0.235213 0.235316 0.227448 0.219811 0.21563 0.221007 0.221421 0.231261 0.231959 0.230604 0.229322 0.228581 0.228348 0.228668 0.22865 0.229417 0.230278 0.230745 0.169517 0.121458 -9999 -9999
-9999 -9999 -9999 -9999 -9999 -9999 0.453568 0.455488 0.461294 0.478808 0.484469 0.484608 0.480128 0.478105 0.471075 0.457024 0.443512 0.43175 0.416742 0.424088 0.444329 0.454854 0.452963 0.423206 0.426501 0.413397 0.394187 0.355253 0.322665 0.299013 0.252887 0.20916 0.17251 0.127711 0.131922 0.13949 0.153734 0.183917 0.20562 0.215838 0.208468 0.221083 0.24516 0.247868 0.238462 0.241212 0.234767 0.216872 0.235755 0.24011 0.234014 0.232756 0.224862 0.225256 0.227907 0.230378 0.231387 0.229887 0.228527 0.227617 0.22744 0.22756 0.227968 0.228919 0.229818 0.230564 0.191383 0.120043 -9999 -9999
-9999 -9999 -9999 -9999 -9999 -9999 -9999 0.440408 0.456613 0.480999 0.482713 0.477974 0.47949 0.47608 0.467277 0.46001 0.444176 0.423946 0.385937 0.394589 0.413024 0.439375 0.450983 0.444136 0.425923 0.403044 0.358144 0.316426 0.300771 0.283029 0.245801 0.208558 0.169224 0.17324 0.18024 0.190758 0.194668 0.188626 0.207005 0.223279 0.217847 0.232903 0.250548 0.246328 0.244724 0.24334 0.235811 0.235826 0.236434 0.246273 0.236983 0.239202 0.233052 0.230252 0.230154 0.230496 0.23123 0.229768 0.22835 0.227599 0.226991 0.227357 0.227823 0.228576 0.229483 0.230264 0.227532 0.189241 0.166354 -9999
-9999 -9999 -9999 -9999 -9999 -9999 -9999 0.422747 0.429758 0.459349 0.46444 0.474959 0.478655 0.475303 0.462882 0.455061 0.432042 0.424495 0.389401 0.372357 0.384068 0.376526 0.412434 0.442481 0.424974 0.346171 0.311057 0.2821 0.275055 0.26263 0.243023 0.190741 0.16825 0.190133 0.201203 0.209437 0.215927 0.214448 0.212973 0.238375 0.24265 0.252784 0.253464 0.25677 0.246536 0.240687 0.248224 0.240846 0.239224 0.249419 0.236601 0.244225 0.236769 0.231254 0.228452 0.232449 0.231424 0.230174 0.228687 0.227673 0.227087 0.227114 0.227939 0.228725 0.229377 0.230395 0.23088 0.226536 0.206706 0.199474
-9999 -9999 -9999 -9999 -9999 -9999 -9999 -9999 0.399217 0.441699 0.457611 0.464841 0.476466 0.474834 0.464273 0.453912 0.431226 0.411438 0.379857 0.343744 0.322152 0.375559 0.420632 0.441154 0.427852 0.361038 0.328548 0.317062 0.319378 0.295845 0.2747 0.23177 0.211556 0.189026 0.186779 0.197706 0.21232 0.227342 0.23911 0.240444 0.250265 0.255832 0.258467 0.262329 0.263038 0.263627 0.252021 0.260832 0.253381 0.256126 0.251968 0.247449 0.239256 0.22986 0.232219 0.234061 0.232894 0.230897 0.229401 0.228581 0.228122 0.227875 0.228221 0.228995 0.229877 0.230555 0.231302 0.231239 0.229081 0.216774
-9999 -9999 -9999 -9999 -9999 -9999 -9999 -9999 0.37689 0.419335 0.436459 0.461081 0.46774 0.470016 0.467472 0.458778 0.441194 0.415534 0.394066 0.353609 0.311205 0.366389 0.413767 0.437133 0.432477 0.371474 0.376214 0.355225 0.348918 0.317298 0.297165 0.276373 0.250692 0.224552 0.191483 0.177378 0.214398 0.232846 0.248646 0.256759 0.262465 0.266669 0.264151 0.264223 0.247781 0.263346 0.262921 0.26181 0.259832 0.258014 0.254894 0.250964 0.243614 0.24094 0.233883 0.235626 0.23352 0.231996 0.230813 0.229915 0.229345 0.229215 0.22935 0.228791 0.230602 0.23119 0.231691 0.231648 0.231498 0.230494
-9999 -9999 -9999 -9999 -9999 -9999 -9999 -9999 0.31414 0.377324 0.419255 0.444544 0.462746 0.466948 0.467486 0.456262 0.447728 0.428885 0.410998 0.38381 0.343301 0.317037 0.355724 0.415031 0.430889 0.417527 0.407591 0.385458 0.363852 0.351773 0.341728 0.314945 0.274052 0.240576 0.226858 0.212321 0.238888 0.240246 0.236544 0.270186 0.271049 0.270635 0.259603 0.242085 0.246223 0.240173 0.247069 0.236501 0.245889 0.253348 0.254916 0.252549 0.245028 0.240965 0.238427 0.237176 0.235371 0.233699 0.232416 0.231589 0.231106 0.230726 0.230803 0.231427 0.230059 0.230187 0.232376 0.232207 0.232036 0.231141
-9999 -9999 -9999 -9999 -9999 -9999 -9999 -9999 0.310619 0.362053 0.406947 0.430333 0.455367 0.459711 0.467054 0.463491 0.454469 0.437741 0.417145 0.394286 0.359054 0.331759 0.357835 0.393277 0.417999 0.417234 0.407645 0.398201 0.385961 0.361139 0.348389 0.33388 0.311542 0.281082 0.261033 0.235774 0.265991 0.266994 0.259997 0.276602 0.276123 0.251257 0.232766 0.231828 0.239171 0.228438 0.225989 0.220663 0.228261 0.249003 0.239096 0.238471 0.241825 0.241637 0.240463 0.238929 0.23718 0.235688 0.234389 0.233642 0.233255 0.232782 0.232768 0.233 0.232995 0.231213 0.231042 0.230399 0.232336 0.231596
-9999 -9999 -9999 -9999 -9999 -9999 -9999 -9999 0.30134 0.346486 0.386795 0.423141 0.450068 0.459808 0.466481 0.46471 0.454304 0.445127 0.431481 0.410942 0.395918 0.370871 0.336792 0.383916 0.39114 0.393674 0.377775 0.383823 0.374528 0.358749 0.339215 0.33816 0.3293 0.303381 0.291105 0.275481 0.290606 0.287784 0.285456 0.283599 0.261681 0.231817 0.208416 0.226954 0.224251 0.225844 0.200199 0.218246 0.234034 0.238301 0.227894 0.217819 0.236894 0.23897 0.2398 0.239742 0.239244 0.237626 0.236798 0.235864 0.235316 0.235037 0.234833 0.234847 0.234808 0.234714 0.232175 0.231388 0.230651 0.226873
-9999 -9999 -9999 -9999 -9999 -9999 -9999 -9999 -9999 0.314121 0.362981 0.409384 0.434615 0.449979 0.456758 0.455198 0.449161 0.442254 0.432776 0.416852 0.39695 0.366573 0.342422 0.350124 0.35546 0.345546 0.348349 0.370235 0.372225 0.349505 0.302251 0.316152 0.332518 0.325674 0.317988 0.310945 0.305444 0.299988 0.292379 0.276111 0.229282 0.218809 0.200968 0.203531 0.194646 0.207105 0.198362 0.218881 0.227206 0.229551 0.208789 0.205621 0.226421 0.234012 0.231049 0.235133 0.241022 0.239918 0.239017 0.238084 0.237658 0.237389 0.237164 0.234765 0.234464 0.234164 0.230715 0.229952 0.227638 0.225792
-9999 -9999 -9999 -9999 -9999 -9999 -9999 -9999 -9999 0.301703 0.353685 0.40848 0.425061 0.441585 0.455606 0.454309 0.445693 0.437237 0.428323 0.418119 0.394552 0.371077 0.347907 0.336772 0.335228 0.31873 0.328468 0.360022 0.360038 0.349241 0.301444 0.281871 0.3067 0.327086 0.323861 0.316928 0.282175 0.285865 0.267003 0.242888 0.235817 0.22551 0.204441 0.214601 0.199273 0.205772 0.19365 0.20499 0.209975 0.22304 0.204823 0.197579 0.217884 0.227834 0.226749 0.237229 0.24017 0.240122 0.23941 0.238799 0.23822 0.237932 0.237466 0.237 0.236485 0.235589 0.233818 0.226185 0.202594 0.201817
-9999 -9999 -9999 -9999 -9999 -9999 -9999 -9999 -9999 0.309697 0.34529 0.393684 0.429089 0.429803 0.446109 0.45364 0.444262 0.433765 0.422831 0.416449 0.391013 0.362902 0.339003 0.310888 0.309662 0.320928 0.331507 0.349883 0.347469 0.335319 0.305315 0.308357 0.323738 0.329576 0.327985 0.321055 0.310691 0.303873 0.289302 0.282314 0.264062 0.236559 0.22554 0.231873 0.20314 0.204712 0.214632 0.192026 0.209555 0.217282 0.194202 0.203193 0.221813 0.230689 0.238256 0.24118 0.241643 0.243092 0.242179 0.241554 0.24097 0.24035 0.239851 0.238981 0.238178 0.235285 0.231173 0.209539 0.196368 0.197175
-9999 -9999 -9999 -9999 -9999 -9999 -9999 -9999 -9999 0.318145 0.350024 0.391753 0.416501 0.419542 0.437719 0.45359 0.449626 0.438665 0.43359 0.42178 0.399701 0.375217 0.34832 0.332745 0.302168 0.32209 0.324889 0.339887 0.343425 0.317105 0.302731 0.311424 0.320376 0.32105 0.331079 0.326876 0.318621 0.295144 0.282769 0.285175 0.27946 0.270846 0.251601 0.25009 0.237607 0.232009 0.22657 0.199279 0.207958 0.207849 0.207777 0.221526 0.230746 0.236432 0.241466 0.241928 0.243494 0.245931 0.245265 0.244517 0.243724 0.243092 0.24219 0.240568 0.239084 0.233593 0.224328 0.207613 0.177126 0.194197
-9999 -9999 -9999 -9999 -9999 -9999 -9999 -9999 -9999 0.314912 0.348874 0.384316 0.398162 0.39909 0.433365 0.453537 0.451511 0.445086 0.437725 0.412424 0.410639 0.402648 0.378023 0.343504 0.305591 0.303549 0.311857 0.328145 0.331422 0.294728 0.279423 0.280988 0.297747 0.312595 0.32875 0.330096 0.320719 0.285814 0.249368 0.263173 0.278423 0.277001 0.270934 0.252867 0.246514 0.240666 0.227201 0.202683 0.195277 0.200088 0.214832 0.221382 0.231925 0.240459 0.235777 0.236811 0.244912 0.249147 0.248378 0.247562 0.24688 0.245945 0.244836 0.242052 0.239118 0.2347 0.211603 0.196783 0.17472 0.193704
-9999 -9999 -9999 -9999 -9999 -9999 -9999 -9999 -9999 0.306696 0.330973 0.364818 0.377481 0.398527 0.430821 0.445652 0.451582 0.44909 0.443279 0.430339 0.421094 0.405602 0.380118 0.346323 0.308862 0.282492 0.288011 0.307995 0.310056 0.27686 0.258729 0.269398 0.287898 0.317992 0.333654 0.332639 0.327595 0.318151 0.290852 0.258733 0.257049 0.270571 0.256619 0.240748 0.247647 0.245019 0.231553 0.221389 0.202602 0.203098 0.20951 0.21421 0.226619 0.245327 0.247168 0.245622 0.252911 0.252347 0.251579 0.250947 0.250005 0.248996 0.247799 0.245201 0.240547 0.22472 0.210699 0.191572 0.188022 0.203236
-9999 -9999 -9999 -9999 -9999 -9999 -9999 -9999 -9999 0.290839 0.319721 0.351406 0.380904 0.408626 0.432126 0.432166 0.443369 0.441003 0.445355 0.440426 0.427805 0.414112 0.391538 0.349302 0.312749 0.273006 0.276906 0.303645 0.293274 0.271124 0.234954 0.26197 0.292582 0.320241 0.333618 0.31652 0.327259 0.323321 0.311547 0.291508 0.261809 0.260639 0.23828 0.235961 0.245322 0.247498 0.244431 0.236414 0.221611 0.210693 0.21205 0.213322 0.224731 0.239125 0.253159 0.25477 0.256701 0.255893 0.254989 0.254246 0.253266 0.251904 0.250037 0.247179 0.233593 0.217591 0.207146 0.19322 0.190163 0.211398
