Test_Spring_2018b/02_18/Prec/20180211_009.txt
ncols	170
nrows	115
xllcorner	350000.000000
yllcorner	4445000.000000
cellsize	1000.000000
nodata_value	-9999.000000
[rows 31 to 61 of 115, columns 70 to 139 of 170]
0.184084 0.186269 0.188269 0.189817 0.191875 0.196285 0.197334 0.199533 0.20968 0.211624 0.213077 0.214665 0.215904 0.216737 0.217786 0.217906 0.215556 0.217562 0.218933 0.218908 0.220445 0.222353 0.222594 0.221316 0.221403 0.220896 0.222207 0.223141 0.222853 -9999 -9999 -9999 -9999 -9999 -9999 -9999 -9999 -9999 -9999 -9999 -9999 -9999 -9999 -9999 -9999 -9999 -9999 -9999 -9999 -9999 -9999 -9999 -9999 -9999 -9999 -9999 -9999 -9999 -9999 -9999 -9999 -9999 -9999 -9999 -9999 -9999 -9999 -9999 -9999 -9999
0.187681 0.189313 0.190806 0.192067 0.194342 0.19663 0.198218 0.205022 0.211014 0.212831 0.214247 0.215154 0.216375 0.217473 0.21857 0.218862 0.217503 0.21634 0.21856 0.219616 0.219835 0.222381 0.222711 0.221831 0.220155 0.222939 0.223778 0.222985 0.227004 -9999 -9999 -9999 -9999 -9999 -9999 -9999 -9999 -9999 -9999 -9999 -9999 -9999 -9999 -9999 -9999 -9999 -9999 -9999 -9999 -9999 -9999 -9999 -9999 -9999 -9999 -9999 -9999 -9999 -9999 -9999 -9999 -9999 -9999 -9999 -9999 -9999 -9999 -9999 -9999 -9999
0.190369 0.192135 0.193197 0.194392 0.196663 0.19814 0.200841 0.206851 0.212351 0.214085 0.215522 0.216686 0.2178 0.218812 0.219324 0.219465 0.218455 0.216998 0.217485 0.21979 0.220944 0.222279 0.222755 0.223105 0.223006 0.225492 0.227316 0.226827 0.230378 0.235399 -9999 -9999 -9999 -9999 -9999 -9999 -9999 -9999 -9999 -9999 -9999 -9999 -9999 -9999 -9999 -9999 -9999 -9999 -9999 -9999 -9999 -9999 -9999 -9999 -9999 -9999 -9999 -9999 -9999 -9999 -9999 -9999 -9999 -9999 -9999 -9999 -9999 -9999 -9999 -9999
0.192696 0.194682 0.195404 0.195693 0.197381 0.199011 0.206899 0.211212 0.212821 0.215285 0.216643 0.217944 0.218797 0.21967 0.220262 0.220407 0.220113 0.219525 0.217716 0.220593 0.223125 0.224286 0.225474 0.226186 0.226257 0.228858 0.230448 0.232877 0.238361 0.238579 0.239417 -9999 -9999 -9999 -9999 -9999 -9999 -9999 -9999 -9999 -9999 -9999 -9999 -9999 -9999 -9999 -9999 -9999 -9999 -9999 -9999 -9999 -9999 -9999 -9999 -9999 -9999 -9999 -9999 -9999 -9999 -9999 -9999 -9999 -9999 -9999 -9999 -9999 -9999 -9999
-9999 0.196919 0.197427 0.197307 0.198773 0.200486 0.207615 0.21329 0.214529 0.216151 0.217743 0.21895 0.219706 0.219558 0.220474 0.221487 0.221641 0.220808 0.219999 0.220628 0.22393 0.225793 0.227013 0.228927 0.229332 0.231503 0.233001 0.237467 0.24123 0.242386 0.243249 0.243357 -9999 -9999 -9999 -9999 -9999 -9999 -9999 -9999 -9999 -9999 -9999 -9999 -9999 -9999 -9999 -9999 -9999 -9999 -9999 -9999 -9999 -9999 -9999 -9999 -9999 -9999 -9999 -9999 -9999 -9999 -9999 -9999 -9999 -9999 -9999 -9999 -9999 -9999
-9999 -9999 -9999 -9999 0.199794 0.20632 0.211578 0.214077 0.215676 0.217279 0.218852 0.219968 0.220203 0.220846 0.221847 0.222274 0.222248 0.222624 0.222503 0.222393 0.224074 0.227195 0.227816 0.230652 0.232226 0.234272 0.23534 0.243963 0.242526 0.2445 0.245725 0.246385 -9999 -9999 -9999 -9999 -9999 -9999 -9999 -9999 -9999 -9999 -9999 -9999 -9999 -9999 -9999 -9999 -9999 -9999 -9999 -9999 -9999 -9999 -9999 -9999 -9999 -9999 -9999 -9999 -9999 -9999 -9999 -9999 -9999 -9999 -9999 -9999 -9999 -9999
-9999 -9999 -9999 -9999 -9999 0.207926 0.212766 0.21502 0.216758 0.218113 0.219829 0.22089 0.221587 0.222331 0.222937 0.223417 0.223595 0.223721 0.223647 0.224668 0.227058 0.228435 0.229706 0.231572 0.234009 0.23586 0.239745 0.244658 0.245782 0.245647 0.24677 0.248985 0.250238 -9999 -9999 -9999 -9999 -9999 -9999 -9999 -9999 -9999 -9999 -9999 -9999 0.261942 -9999 -9999 -9999 -9999 -9999 -9999 -9999 -9999 -9999 -9999 -9999 -9999 -9999 -9999 -9999 -9999 -9999 -9999 -9999 -9999 0.250448 -9999 -9999 -9999
-9999 -9999 -9999 -9999 0.204435 0.213428 0.214859 0.216541 0.217816 0.219063 0.220788 0.221774 0.222486 0.223135 0.223428 0.224159 0.224605 0.224602 0.225414 0.226903 0.228325 0.229937 0.231662 0.233371 0.235149 0.237065 0.246279 0.247807 0.249769 0.248743 0.251664 0.253032 0.253717 0.254587 -9999 -9999 -9999 -9999 -9999 -9999 -9999 0.265076 0.26488 0.264698 0.264835 0.265656 0.264993 -9999 -9999 -9999 -9999 -9999 -9999 -9999 -9999 -9999 -9999 -9999 -9999 -9999 -9999 -9999 -9999 -9999 -9999 -9999 0.254073 0.250604 -9999 -9999
-9999 -9999 -9999 -9999 0.213586 0.215032 0.216169 0.21774 0.219044 0.220267 0.221435 0.222572 0.223394 0.223929 0.224283 0.225076 0.225269 0.225797 0.226511 0.228108 0.229465 0.230721 0.23216 0.233882 0.235449 0.237847 0.247617 0.249889 0.251832 0.253792 0.255168 0.255767 0.256263 0.256974 -9999 -9999 -9999 -9999 -9999 -9999 0.269318 0.269988 0.270156 0.268686 0.269168 0.269644 0.269298 0.268291 -9999 -9999 -9999 -9999 -9999 -9999 -9999 -9999 -9999 -9999 -9999 -9999 -9999 -9999 0.271342 0.268303 0.263614 0.259992 0.25674 0.253011 -9999 -9999
-9999 -9999 -9999 -9999 0.214699 0.216207 0.217512 0.218831 0.219723 0.221058 0.222281 0.223226 0.223987 0.224663 0.225281 0.225433 0.225911 0.225873 0.227533 0.22855 0.229609 0.230339 0.231795 0.232561 0.234394 0.24374 0.248018 0.250521 0.252246 0.253596 0.256281 0.257574 0.259775 0.26101 -9999 -9999 -9999 -9999 -9999 -9999 0.273596 0.274132 0.274324 0.27379 0.272106 0.273031 0.272571 0.271377 0.271072 0.271899 0.272667 0.275467 0.274536 0.275572 0.276082 0.277329 -9999 -9999 -9999 -9999 0.278144 0.277105 0.275608 0.273107 0.267871 0.263276 0.258668 0.257293 -9999 -9999
-9999 -9999 -9999 -9999 0.216476 0.217542 0.218427 0.21915 0.220411 0.22164 0.222814 0.226479 0.226927 0.227358 0.227767 0.228034 0.228128 0.228851 0.229645 0.23046 0.230321 0.230245 0.232983 0.231898 0.236054 0.243437 0.247955 0.250762 0.252551 0.254074 0.259007 0.260986 0.26324 0.265697 -9999 -9999 -9999 0.274839 0.276811 0.277144 0.277325 0.277994 0.278173 0.277363 0.276956 0.2785 0.27505 0.273767 0.272727 0.273203 0.275266 0.276446 0.277688 0.278945 0.279719 0.28158 0.282897 0.283774 0.284133 0.283918 0.283292 0.282213 0.280553 0.27797 0.271987 0.267538 0.263374 0.257979 -9999 -9999
-9999 -9999 -9999 -9999 0.223181 0.224234 0.225161 0.223421 0.224116 0.225138 0.226002 0.226754 0.227151 0.226989 0.227637 0.227885 0.228197 0.228583 0.229122 0.228912 0.228562 0.228576 0.22991 0.235857 0.23767 0.243963 0.248783 0.25059 0.255322 0.257373 0.261239 0.26646 0.266368 0.267744 -9999 -9999 0.275025 0.278715 0.281089 0.282078 0.281983 0.281278 0.28145 0.280487 0.28069 0.281637 0.277081 0.276719 0.27503 0.275613 0.277587 0.278616 0.282644 0.2825 0.283917 0.285188 0.286589 0.287511 0.288 0.287972 0.287206 0.286113 0.284371 0.281764 0.27712 0.273076 0.270363 0.261447 -9999 -9999
-9999 -9999 -9999 -9999 0.226791 0.228061 0.229264 0.229783 0.230501 0.225529 0.225888 0.226838 0.227209 0.227014 0.226882 0.22744 0.227646 0.228009 0.2286 0.228443 0.228491 0.228268 0.229274 0.23392 0.236812 0.243763 0.248461 0.25263 0.25682 0.261466 0.264208 0.269072 0.271895 0.271693 0.273649 -9999 0.278794 0.28117 0.283812 0.285522 0.28607 0.284725 0.284814 0.283762 0.285145 0.283725 0.279729 0.279346 0.279102 0.279151 0.280577 0.281483 0.285177 0.286729 0.286715 0.288311 0.289769 0.290884 0.291546 0.29165 0.291093 0.289862 0.287942 0.285335 0.281451 0.278724 0.272925 0.263453 -9999 -9999
-9999 -9999 -9999 0.222711 0.227414 0.229122 0.230063 0.230695 0.231075 0.231163 0.231257 0.227103 0.227251 0.227105 0.226175 0.226208 0.226449 0.227239 0.227818 0.228712 0.229414 0.228843 0.232439 0.236191 0.238448 0.243827 0.248739 0.254791 0.25951 0.263396 0.267095 0.271796 0.274538 0.276986 0.276378 0.279349 0.282551 0.284706 0.286631 0.288602 0.289361 0.288868 0.287701 0.288266 0.287246 0.285939 0.282444 0.281553 0.280867 0.280992 0.281608 0.283141 0.286747 0.288693 0.290558 0.290917 0.292578 0.293895 0.294726 0.294945 0.294444 0.293173 0.29119 0.288524 0.286641 0.281748 0.275313 0.267138 -9999 -9999
-9999 -9999 -9999 -9999 0.227787 0.229004 0.229682 0.230187 0.230623 0.230845 0.231203 0.23052 0.22998 0.226932 0.225924 0.22488 0.225571 0.226069 0.226928 0.227927 0.229321 0.231772 0.233896 0.236778 0.239406 0.246293 0.251741 0.256829 0.261612 0.264796 0.267887 0.271984 0.274223 0.277938 0.279958 0.282381 0.285235 0.288495 0.290368 0.290677 0.290212 0.291039 0.291141 0.290046 0.289269 0.287389 0.284247 0.282968 0.282864 0.28301 0.283671 0.283196 0.287991 0.28953 0.292161 0.294161 0.294952 0.296427 0.297401 0.297697 0.29724 0.295971 0.293925 0.292205 0.289197 0.284717 0.276698 0.268642 -9999 -9999
-9999 -9999 -9999 -9999 -9999 -9999 0.230051 0.230638 0.230782 0.230757 0.231376 0.230685 0.229746 0.228592 0.227196 0.224869 0.224488 0.224765 0.224459 0.226599 0.230126 0.232887 0.236192 0.238318 0.243387 0.249269 0.254172 0.258092 0.262356 0.266602 0.269585 0.274392 0.276475 0.278638 0.281888 0.286455 0.289548 0.292811 0.294117 0.293271 0.292842 0.293205 0.292999 0.292098 0.290557 0.288577 0.285511 0.283885 0.284453 0.284728 0.285017 0.285815 0.289186 0.291208 0.293095 0.295629 0.29744 0.298372 0.299425 0.299798 0.299377 0.298115 0.296737 0.294151 0.2909 0.287055 0.278763 0.269371 -9999 -9999
-9999 -9999 -9999 -9999 -9999 -9999 0.23014 0.230555 0.230924 0.23175 0.231799 0.230904 0.229559 0.228329 0.226859 0.225161 0.223753 0.223111 0.222957 0.22491 0.228485 0.23221 0.235867 0.238388 0.245384 0.250218 0.254953 0.258609 0.262777 0.267525 0.270712 0.275386 0.278312 0.280118 0.284369 0.288003 0.29116 0.294346 0.296206 0.296428 0.295214 0.294671 0.294616 0.293111 0.290927 0.289778 0.286373 0.284418 0.285366 0.285921 0.286338 0.287572 0.290686 0.29241 0.294474 0.29657 0.298445 0.299855 0.300695 0.301104 0.300724 0.299796 0.297946 0.295363 0.292083 0.2882 0.281254 0.27026 -9999 -9999
-9999 -9999 -9999 -9999 -9999 -9999 -9999 0.230604 0.231569 0.232733 0.232408 0.231046 0.229937 0.228474 0.226769 0.22542 0.22392 0.222697 0.220961 0.223039 0.226559 0.23139 0.236013 0.240112 0.245793 0.250077 0.253219 0.256747 0.262045 0.267192 0.270956 0.276032 0.278751 0.283671 0.288056 0.291835 0.294284 0.295171 0.296768 0.297497 0.296235 0.295872 0.295434 0.29352 0.291883 0.290506 0.287061 0.286285 0.286062 0.286973 0.287177 0.288619 0.291811 0.293294 0.295144 0.29707 0.298902 0.300299 0.301239 0.30162 0.301311 0.300292 0.298484 0.295927 0.292684 0.288833 0.28426 0.275401 0.268798 -9999
-9999 -9999 -9999 -9999 -9999 -9999 -9999 0.230628 0.23094 0.232363 0.232194 0.231721 0.230661 0.229125 0.22713 0.22599 0.224032 0.223574 0.222257 0.222335 0.22546 0.228132 0.234351 0.240845 0.246572 0.247198 0.250912 0.255184 0.260938 0.266312 0.271082 0.275072 0.27874 0.284685 0.289218 0.29276 0.295319 0.296628 0.296907 0.298343 0.297638 0.29705 0.295621 0.294307 0.292219 0.29065 0.288228 0.287028 0.286688 0.287621 0.287567 0.289303 0.292364 0.293579 0.295153 0.297214 0.298839 0.300172 0.301171 0.301458 0.301224 0.300076 0.298352 0.295882 0.292725 0.289001 0.28475 0.278173 0.271864 0.266258
-9999 -9999 -9999 -9999 -9999 -9999 -9999 -9999 0.230274 0.232486 0.233018 0.232291 0.231717 0.230283 0.229951 0.227897 0.225702 0.224504 0.223451 0.223042 0.222904 0.229503 0.236267 0.242066 0.247989 0.249231 0.252931 0.258128 0.264262 0.268676 0.273095 0.277491 0.281074 0.283937 0.287437 0.291929 0.294606 0.29663 0.297809 0.297769 0.297855 0.296675 0.295544 0.294439 0.293224 0.292214 0.288614 0.288543 0.287866 0.288313 0.288771 0.289634 0.292594 0.293418 0.295169 0.296928 0.298391 0.300004 0.300616 0.300857 0.300608 0.29979 0.297634 0.295287 0.292304 0.288742 0.284709 0.278574 0.273615 0.267873
-9999 -9999 -9999 -9999 -9999 -9999 -9999 -9999 0.230379 0.232575 0.233247 0.233659 0.234796 0.234362 0.232489 0.230671 0.228914 0.22741 0.227042 0.226336 0.226362 0.231019 0.237707 0.243533 0.24803 0.251224 0.257045 0.261318 0.266567 0.270116 0.274254 0.27982 0.282745 0.285107 0.287913 0.289382 0.293467 0.295721 0.297226 0.297736 0.297705 0.297315 0.296525 0.294074 0.291953 0.292087 0.289274 0.288663 0.288389 0.288534 0.288999 0.289788 0.29275 0.293834 0.29478 0.297533 0.298482 0.299244 0.299756 0.299908 0.299613 0.298815 0.29747 0.295468 0.291518 0.288191 0.28441 0.278504 0.273969 0.269244
-9999 -9999 -9999 -9999 -9999 -9999 -9999 -9999 0.228135 0.231685 0.237316 0.23734 0.238443 0.236951 0.23547 0.233662 0.232625 0.231646 0.23153 0.231634 0.231664 0.233326 0.236545 0.244648 0.249724 0.255723 0.260232 0.264046 0.267905 0.272309 0.276688 0.281564 0.285539 0.286811 0.288874 0.290148 0.293502 0.294664 0.294983 0.297275 0.297102 0.29661 0.295308 0.293762 0.293495 0.290343 0.288062 0.286952 0.287466 0.288203 0.288904 0.289669 0.292575 0.295363 0.296078 0.297017 0.297736 0.29832 0.298686 0.298744 0.298409 0.297607 0.29633 0.294577 0.292045 0.289186 0.28398 0.278334 0.274153 0.269789
-9999 -9999 -9999 -9999 -9999 -9999 -9999 -9999 0.233976 0.237376 0.239006 0.241006 0.241019 0.239767 0.23895 0.237833 0.236911 0.23615 0.235864 0.236169 0.236381 0.237742 0.243098 0.245651 0.251668 0.258431 0.261501 0.265706 0.269729 0.275564 0.279287 0.284672 0.286882 0.288329 0.289619 0.290068 0.293598 0.294748 0.294932 0.296257 0.296173 0.294303 0.292729 0.292265 0.292594 0.291657 0.288848 0.285759 0.28621 0.287798 0.290217 0.290812 0.294349 0.294953 0.295768 0.296366 0.296903 0.297326 0.297547 0.297509 0.297133 0.296339 0.295135 0.293498 0.291403 0.288461 0.285417 0.279948 0.274332 0.27037
-9999 -9999 -9999 -9999 -9999 -9999 -9999 -9999 0.237604 0.239093 0.240551 0.243741 0.244109 0.243449 0.24282 0.242016 0.241146 0.240943 0.24109 0.241442 0.24277 0.244009 0.245139 0.251906 0.252164 0.258764 0.264802 0.269954 0.274019 0.277479 0.280596 0.284232 0.287426 0.288554 0.290143 0.29108 0.293569 0.294479 0.295036 0.295294 0.293991 0.29199 0.290301 0.291291 0.290941 0.291159 0.286845 0.290811 0.291922 0.292421 0.289224 0.28911 0.29369 0.294565 0.29513 0.295649 0.29609 0.296341 0.296456 0.296312 0.295884 0.295121 0.293987 0.29248 0.290587 0.288321 0.285053 0.279834 0.276388 0.274622
-9999 -9999 -9999 -9999 -9999 -9999 -9999 -9999 -9999 0.241961 0.246271 0.248018 0.248365 0.248176 0.247668 0.246984 0.246484 0.24648 0.246908 0.247524 0.248459 0.249237 0.250859 0.254894 0.254371 0.25998 0.264427 0.27011 0.274421 0.276974 0.280368 0.285223 0.289154 0.291207 0.292825 0.294109 0.293056 0.293794 0.294068 0.293504 0.290739 0.292461 0.29145 0.29173 0.291278 0.292592 0.289204 0.290554 0.291211 0.29158 0.290554 0.294133 0.295857 0.29654 0.296565 0.297044 0.295329 0.295468 0.29546 0.295235 0.294783 0.294047 0.292995 0.293771 0.292145 0.290179 0.287184 0.281984 0.278731 0.275302
-9999 -9999 -9999 -9999 -9999 -9999 -9999 -9999 -9999 0.24698 0.249397 0.25189 0.251906 0.252024 0.252197 0.2517 0.25114 0.251065 0.25147 0.252306 0.252767 0.253675 0.254978 0.257362 0.260588 0.260314 0.264741 0.270578 0.274303 0.277192 0.281066 0.282701 0.286906 0.290506 0.292257 0.293452 0.292546 0.293849 0.29345 0.292505 0.292502 0.292172 0.291071 0.291955 0.291187 0.291854 0.288553 0.289364 0.289829 0.290887 0.289991 0.293388 0.295061 0.295824 0.295885 0.296683 0.296953 0.296956 0.296805 0.296512 0.296035 0.295359 0.294425 0.293224 0.29174 0.289946 0.287811 0.284364 0.277578 0.274624
-9999 -9999 -9999 -9999 -9999 -9999 -9999 -9999 -9999 0.251297 0.252783 0.255033 0.256462 0.255755 0.256254 0.256466 0.255934 0.25573 0.255926 0.256847 0.256944 0.25724 0.258125 0.258994 0.261796 0.265534 0.266594 0.271142 0.274285 0.276685 0.281515 0.284305 0.287641 0.290094 0.291798 0.292892 0.293512 0.294129 0.294038 0.294262 0.293617 0.292268 0.291914 0.292643 0.291092 0.291508 0.292489 0.288259 0.289556 0.290265 0.289025 0.29385 0.295099 0.295733 0.296284 0.296516 0.296548 0.296575 0.29635 0.296016 0.295527 0.294852 0.293979 0.29286 0.291513 0.289792 0.287756 0.284361 0.277793 0.27532
-9999 -9999 -9999 -9999 -9999 -9999 -9999 -9999 -9999 0.255818 0.257158 0.25911 0.260004 0.259605 0.260365 0.261218 0.261083 0.26083 0.261311 0.261711 0.261786 0.262014 0.262354 0.263646 0.264136 0.268009 0.267868 0.2718 0.274944 0.280145 0.281718 0.284593 0.287276 0.289203 0.291513 0.292681 0.293378 0.292896 0.292958 0.293828 0.294051 0.293992 0.29318 0.293472 0.293035 0.293041 0.293068 0.288508 0.289248 0.289446 0.29018 0.294894 0.2955 0.295883 0.296217 0.296233 0.296279 0.296318 0.29607 0.295708 0.29521 0.294569 0.293741 0.292683 0.291441 0.289744 0.28761 0.284808 0.277317 0.276246
-9999 -9999 -9999 -9999 -9999 -9999 -9999 -9999 -9999 0.259694 0.261226 0.262864 0.263167 0.262747 0.264649 0.265847 0.265856 0.265855 0.266083 0.265439 0.266595 0.267606 0.267766 0.267476 0.267116 0.269186 0.273571 0.272421 0.275206 0.279515 0.280742 0.282905 0.28588 0.288548 0.291116 0.292543 0.293102 0.291847 0.290347 0.291971 0.293583 0.294034 0.294123 0.293394 0.293398 0.293425 0.29296 0.28838 0.288281 0.288794 0.294375 0.29478 0.295448 0.295985 0.295654 0.295669 0.296101 0.296226 0.295952 0.295583 0.295112 0.294497 0.293731 0.292706 0.291514 0.290066 0.287252 0.284824 0.279 0.277444
-9999 -9999 -9999 -9999 -9999 -9999 -9999 -9999 -9999 0.263293 0.264216 0.265805 0.266105 0.267064 0.268901 0.269789 0.270307 0.270504 0.270719 0.270707 0.27116 0.271422 0.271229 0.270663 0.269997 0.270152 0.27244 0.272562 0.276201 0.279284 0.280078 0.282611 0.285509 0.289006 0.291415 0.292592 0.293362 0.293711 0.292782 0.291433 0.291962 0.293402 0.293008 0.292449 0.293338 0.293595 0.293146 0.292912 0.288678 0.289477 0.293978 0.294256 0.295032 0.296208 0.296279 0.296107 0.296468 0.296272 0.295997 0.295653 0.295197 0.294631 0.293938 0.29303 0.291861 0.289839 0.287808 0.285328 0.28375 0.27939
-9999 -9999 -9999 -9999 -9999 -9999 -9999 -9999 -9999 0.266371 0.267575 0.26904 0.270466 0.271899 0.273201 0.273143 0.273977 0.274113 0.27487 0.275214 0.275244 0.275381 0.275108 0.273709 0.272806 0.271798 0.273688 0.278483 0.279523 0.279921 0.279335 0.282736 0.286254 0.289455 0.291602 0.291647 0.293368 0.294023 0.294065 0.29348 0.29219 0.292681 0.291751 0.292079 0.293136 0.293713 0.293942 0.293847 0.289728 0.289996 0.294129 0.294185 0.294893 0.295786 0.296639 0.296665 0.296679 0.296472 0.296203 0.295878 0.29546 0.294931 0.294273 0.293449 0.291826 0.289942 0.288318 0.286376 0.285058 0.282267
