Test_Spring_2018b/02_18/Prec/20180210_003.txt
ncols	170
nrows	115
xllcorner	350000.000000
yllcorner	4445000.000000
cellsize	1000.000000
nodata_value	-9999.000000
[rows 31 to 61 of 115, columns 70 to 139 of 170]
0 0 0 0 0 0 0 0 0 0 0 0 0 0 0 0 0 0 0 0 0.101875 0.104622 0.106345 0.107111 0.109064 0.110669 0.118603 0.120819 0.122964 -9999 -9999 -9999 -9999 -9999 -9999 -9999 -9999 -9999 -9999 -9999 -9999 -9999 -9999 -9999 -9999 -9999 -9999 -9999 -9999 -9999 -9999 -9999 -9999 -9999 -9999 -9999 -9999 -9999 -9999 -9999 -9999 -9999 -9999 -9999 -9999 -9999 -9999 -9999 -9999 -9999
0 0 0 0 0 0 0 0 0.102338 0.102688 0.10277 0.102531 0.10263 0.102768 0.103069 0.102956 0.101811 0.101054 0.103111 0.104535 0.105565 0.108581 0.110118 0.110907 0.111229 0.115033 0.117426 0.122916 0.133467 -9999 -9999 -9999 -9999 -9999 -9999 -9999 -9999 -9999 -9999 -9999 -9999 -9999 -9999 -9999 -9999 -9999 -9999 -9999 -9999 -9999 -9999 -9999 -9999 -9999 -9999 -9999 -9999 -9999 -9999 -9999 -9999 -9999 -9999 -9999 -9999 -9999 -9999 -9999 -9999 -9999
0 0 0 0 0 0 0 0.102772 0.105935 0.106454 0.106793 0.106994 0.107247 0.107534 0.107576 0.107487 0.106695 0.105743 0.106452 0.10873 0.110324 0.112234 0.113659 0.115137 0.116402 0.119727 0.122623 0.128663 0.138147 0.144785 -9999 -9999 -9999 -9999 -9999 -9999 -9999 -9999 -9999 -9999 -9999 -9999 -9999 -9999 -9999 -9999 -9999 -9999 -9999 -9999 -9999 -9999 -9999 -9999 -9999 -9999 -9999 -9999 -9999 -9999 -9999 -9999 -9999 -9999 -9999 -9999 -9999 -9999 -9999 -9999
0 0 0 0 0 0 0.106654 0.108236 0.108819 0.110092 0.110582 0.1111 0.111361 0.111732 0.111993 0.112028 0.11185 0.111579 0.110516 0.113144 0.115653 0.117265 0.119037 0.12058 0.121758 0.124958 0.127475 0.140464 0.147127 0.149208 0.151707 -9999 -9999 -9999 -9999 -9999 -9999 -9999 -9999 -9999 -9999 -9999 -9999 -9999 -9999 -9999 -9999 -9999 -9999 -9999 -9999 -9999 -9999 -9999 -9999 -9999 -9999 -9999 -9999 -9999 -9999 -9999 -9999 -9999 -9999 -9999 -9999 -9999 -9999 -9999
-9999 0.101916 0.101626 0.100815 0.101175 0.101706 0.108342 0.11302 0.112558 0.113366 0.114219 0.114852 0.11522 0.114981 0.115626 0.116423 0.116646 0.116204 0.115867 0.116714 0.119691 0.121688 0.123316 0.125592 0.126841 0.129539 0.131823 0.142045 0.151377 0.15405 0.156467 0.158262 -9999 -9999 -9999 -9999 -9999 -9999 -9999 -9999 -9999 -9999 -9999 -9999 -9999 -9999 -9999 -9999 -9999 -9999 -9999 -9999 -9999 -9999 -9999 -9999 -9999 -9999 -9999 -9999 -9999 -9999 -9999 -9999 -9999 -9999 -9999 -9999 -9999 -9999
-9999 -9999 -9999 -9999 0.10386 0.109895 0.113515 0.115722 0.115763 0.116709 0.117708 0.118436 0.118568 0.119073 0.119903 0.120344 0.120483 0.120967 0.121119 0.121334 0.122977 0.125798 0.126825 0.129645 0.131629 0.134089 0.135919 0.149848 0.154235 0.157522 0.160135 0.162282 -9999 -9999 -9999 -9999 -9999 -9999 -9999 -9999 -9999 -9999 -9999 -9999 -9999 -9999 -9999 -9999 -9999 -9999 -9999 -9999 -9999 -9999 -9999 -9999 -9999 -9999 -9999 -9999 -9999 -9999 -9999 -9999 -9999 -9999 -9999 -9999 -9999 -9999
-9999 -9999 -9999 -9999 -9999 0.112964 0.116427 0.117749 0.11879 0.119679 0.120929 0.121761 0.122383 0.123093 0.123729 0.124288 0.124623 0.124922 0.125075 0.12608 0.128164 0.129546 0.130937 0.132889 0.135401 0.137599 0.146635 0.152453 0.154736 0.160151 0.162629 0.165901 0.168392 -9999 -9999 -9999 -9999 -9999 -9999 -9999 -9999 -9999 -9999 -9999 -9999 0.198339 -9999 -9999 -9999 -9999 -9999 -9999 -9999 -9999 -9999 -9999 -9999 -9999 -9999 -9999 -9999 -9999 -9999 -9999 -9999 -9999 0.272014 -9999 -9999 -9999
-9999 -9999 -9999 -9999 0.111063 0.119205 0.119903 0.120883 0.122255 0.122576 0.123957 0.124862 0.125621 0.126371 0.126863 0.127678 0.12825 0.128449 0.12924 0.130534 0.131794 0.133247 0.134868 0.136588 0.138496 0.140656 0.154291 0.156756 0.159646 0.163835 0.167936 0.170526 0.17254 0.174622 -9999 -9999 -9999 -9999 -9999 -9999 -9999 0.193117 0.194723 0.196565 0.198896 0.201996 0.20421 -9999 -9999 -9999 -9999 -9999 -9999 -9999 -9999 -9999 -9999 -9999 -9999 -9999 -9999 -9999 -9999 -9999 -9999 -9999 0.276008 0.277665 -9999 -9999
-9999 -9999 -9999 -9999 0.121442 0.122115 0.122648 0.123622 0.124514 0.125493 0.126564 0.127698 0.128652 0.129415 0.130035 0.130952 0.131357 0.131953 0.132632 0.133943 0.135069 0.136156 0.137458 0.139092 0.140756 0.143216 0.157064 0.160078 0.16295 0.165906 0.172073 0.17405 0.175879 0.177784 -9999 -9999 -9999 -9999 -9999 -9999 0.195404 0.197402 0.19925 0.200124 0.202769 0.205707 0.208309 0.225516 -9999 -9999 -9999 -9999 -9999 -9999 -9999 -9999 -9999 -9999 -9999 -9999 -9999 -9999 0.276342 0.276817 0.276456 0.277363 0.27903 0.280809 -9999 -9999
-9999 -9999 -9999 -9999 0.12382 0.124567 0.125272 0.12612 0.126782 0.12749 0.129131 0.130221 0.131227 0.132184 0.133073 0.133549 0.134189 0.134343 0.135701 0.13651 0.13733 0.137929 0.139156 0.139984 0.141783 0.154536 0.158928 0.162126 0.164852 0.167373 0.171244 0.17676 0.179843 0.182084 -9999 -9999 -9999 -9999 -9999 -9999 0.199063 0.200885 0.202719 0.20432 0.205394 0.208799 0.225089 0.228122 0.231959 0.236695 0.241337 0.250576 0.256855 0.260765 0.26394 0.267342 -9999 -9999 -9999 -9999 0.277397 0.27863 0.279833 0.280696 0.279986 0.280318 0.28122 0.290779 -9999 -9999
-9999 -9999 -9999 -9999 0.126569 0.126998 0.127421 0.12787 0.128882 0.129674 0.131267 0.135412 0.136191 0.136965 0.137692 0.138244 0.138574 0.139282 0.139955 0.140581 0.140464 0.140424 0.142596 0.14115 0.145233 0.155657 0.160248 0.163705 0.16652 0.169213 0.174866 0.180575 0.183659 0.189412 -9999 -9999 -9999 0.199452 0.201727 0.2029 0.204174 0.206098 0.207979 0.207153 0.209281 0.217849 0.226755 0.230066 0.233702 0.238521 0.24447 0.249577 0.260425 0.264601 0.267995 0.274401 0.277224 0.27947 0.281192 0.282477 0.283589 0.284633 0.285637 0.286445 0.283097 0.28371 0.285234 0.292762 -9999 -9999
-9999 -9999 -9999 -9999 0.131631 0.13205 0.132544 0.133493 0.134118 0.135125 0.135938 0.137153 0.137948 0.138318 0.139258 0.139812 0.140306 0.140739 0.141182 0.140985 0.140653 0.140627 0.141687 0.146915 0.148688 0.157865 0.162687 0.164813 0.17348 0.176529 0.180907 0.186698 0.189836 0.191789 -9999 -9999 0.199212 0.202546 0.204963 0.206502 0.207477 0.208323 0.210221 0.21168 0.214461 0.222234 0.229783 0.23402 0.235859 0.241134 0.251504 0.25651 0.266229 0.271544 0.275109 0.278102 0.2808 0.282844 0.284401 0.285566 0.28634 0.287197 0.288043 0.288831 0.288759 0.289875 0.297054 0.297163 -9999 -9999
-9999 -9999 -9999 -9999 0.136358 0.137014 0.137779 0.138199 0.138942 0.136676 0.137198 0.138434 0.139363 0.139737 0.140103 0.140896 0.141301 0.141694 0.142143 0.141945 0.141873 0.141627 0.142405 0.146587 0.149182 0.161856 0.166801 0.171417 0.176075 0.181058 0.184355 0.18985 0.193127 0.195474 0.197545 -9999 0.20223 0.204381 0.206834 0.208788 0.210166 0.210496 0.212362 0.21385 0.220956 0.223443 0.23139 0.240315 0.245108 0.249991 0.255678 0.260022 0.269509 0.273913 0.278261 0.281354 0.283879 0.285803 0.2872 0.288179 0.288859 0.289423 0.290028 0.290812 0.291423 0.297221 0.298461 0.298613 -9999 -9999
-9999 -9999 -9999 0.133923 0.137769 0.138762 0.139346 0.139882 0.14041 0.140885 0.141369 0.139817 0.140497 0.140977 0.14074 0.141127 0.141542 0.142236 0.142648 0.143216 0.143612 0.143078 0.146204 0.151946 0.154476 0.162704 0.167903 0.174022 0.179137 0.183574 0.187774 0.193036 0.196095 0.19878 0.200027 0.202527 0.205111 0.206908 0.208656 0.210682 0.212145 0.213103 0.214059 0.219349 0.221892 0.229018 0.237285 0.242012 0.24685 0.252128 0.257487 0.263142 0.27231 0.276723 0.280719 0.284124 0.286572 0.288369 0.289596 0.290371 0.29084 0.291184 0.291638 0.292376 0.297174 0.298514 0.30123 0.302673 -9999 -9999
-9999 -9999 -9999 -9999 0.138867 0.139495 0.139897 0.140362 0.140964 0.141575 0.14232 0.142516 0.142849 0.141777 0.141488 0.14104 0.141775 0.142224 0.142828 0.143459 0.144367 0.14802 0.150178 0.153088 0.155987 0.165301 0.171 0.176463 0.181676 0.185605 0.189335 0.194087 0.19672 0.200227 0.202216 0.204975 0.207111 0.209575 0.211138 0.211798 0.212273 0.214227 0.217863 0.223014 0.226566 0.229755 0.23838 0.243187 0.24881 0.254404 0.260043 0.264361 0.274414 0.278712 0.283127 0.286356 0.288842 0.290492 0.291543 0.292106 0.292377 0.292553 0.292871 0.296024 0.299282 0.301349 0.301697 0.303656 -9999 -9999
-9999 -9999 -9999 -9999 -9999 -9999 0.140905 0.141453 0.141856 0.1423 0.143278 0.143477 0.14351 0.143339 0.142878 0.141729 0.141625 0.141889 0.141599 0.143681 0.146771 0.14932 0.152457 0.154887 0.162221 0.168261 0.173632 0.178273 0.183132 0.187875 0.191504 0.196732 0.199156 0.20137 0.204154 0.207729 0.210359 0.212682 0.213701 0.213406 0.213873 0.217922 0.2208 0.223887 0.227115 0.230507 0.239283 0.244135 0.250543 0.25647 0.262013 0.267427 0.276367 0.281008 0.284772 0.288291 0.290624 0.292135 0.293009 0.293409 0.293522 0.293574 0.295977 0.297493 0.299633 0.302423 0.302872 0.304163 -9999 -9999
-9999 -9999 -9999 -9999 -9999 -9999 0.141597 0.142033 0.142619 0.143716 0.144274 0.144307 0.144015 0.143762 0.143221 0.142351 0.14155 0.141105 0.141134 0.142823 0.14589 0.149247 0.152741 0.155562 0.164373 0.169706 0.175019 0.179507 0.184313 0.18943 0.193179 0.198242 0.201214 0.203048 0.206472 0.209219 0.211483 0.213823 0.215187 0.215929 0.216603 0.218502 0.221628 0.224428 0.227364 0.231593 0.240195 0.245008 0.251886 0.25817 0.263916 0.269723 0.278423 0.282787 0.286591 0.289651 0.291879 0.293255 0.294 0.294281 0.294311 0.295247 0.29624 0.297831 0.300076 0.303014 0.304699 0.30501 -9999 -9999
-9999 -9999 -9999 -9999 -9999 -9999 -9999 0.142617 0.143661 0.145009 0.145274 0.144926 0.144778 0.144312 0.143556 0.142921 0.142002 0.141139 0.139936 0.141761 0.144851 0.149124 0.153435 0.157539 0.165409 0.170389 0.174539 0.178952 0.184615 0.190011 0.194151 0.19946 0.202189 0.206291 0.209723 0.212494 0.214149 0.214632 0.215813 0.216952 0.21746 0.219565 0.222494 0.225093 0.228561 0.232733 0.241364 0.247162 0.253219 0.259815 0.265411 0.271362 0.280067 0.284175 0.287727 0.290557 0.292651 0.293925 0.294588 0.294831 0.295051 0.295629 0.296687 0.298358 0.300711 0.303768 0.307356 0.30938 0.313011 -9999
-9999 -9999 -9999 -9999 -9999 -9999 -9999 0.143099 0.143648 0.145178 0.145534 0.14582 0.145664 0.145095 0.144077 0.143899 0.142482 0.142159 0.141248 0.141709 0.144562 0.147272 0.152869 0.158859 0.166852 0.169092 0.173691 0.178665 0.184652 0.190181 0.195032 0.19947 0.202848 0.207657 0.211142 0.213688 0.215403 0.216578 0.216656 0.218304 0.219404 0.221387 0.223611 0.226705 0.229859 0.233898 0.243332 0.248769 0.254682 0.261225 0.266545 0.272628 0.281177 0.284993 0.288256 0.291126 0.293024 0.294236 0.295214 0.295317 0.295591 0.296233 0.297408 0.299187 0.30163 0.304787 0.308598 0.312295 0.316074 0.320923
-9999 -9999 -9999 -9999 -9999 -9999 -9999 -9999 0.143531 0.14564 0.146489 0.146536 0.146695 0.146152 0.147369 0.145828 0.144176 0.143317 0.142649 0.142595 0.143342 0.149091 0.155162 0.160678 0.168929 0.171637 0.176212 0.18186 0.188095 0.192846 0.197374 0.202094 0.205356 0.20779 0.210468 0.214591 0.217011 0.21795 0.218787 0.219388 0.220869 0.222823 0.22527 0.228489 0.232243 0.236616 0.245148 0.251278 0.256766 0.262769 0.26831 0.273573 0.281996 0.285416 0.288752 0.291373 0.293171 0.295651 0.295841 0.296042 0.296435 0.29719 0.298467 0.300358 0.3029 0.306091 0.309923 0.313751 0.318304 0.322765
-9999 -9999 -9999 -9999 -9999 -9999 -9999 -9999 0.143934 0.14601 0.146925 0.147787 0.149523 0.151162 0.149797 0.14845 0.147158 0.146108 0.146013 0.145795 0.146297 0.151259 0.157261 0.162827 0.167519 0.174281 0.180425 0.185325 0.190836 0.194877 0.199138 0.204743 0.207478 0.209525 0.213206 0.215723 0.218019 0.219271 0.220475 0.221588 0.22304 0.225003 0.227611 0.230518 0.233442 0.238503 0.247588 0.25304 0.258568 0.264087 0.269397 0.274395 0.282785 0.286302 0.288984 0.293884 0.295922 0.296402 0.29672 0.297059 0.297602 0.298517 0.299923 0.302012 0.30451 0.307706 0.311477 0.31514 0.31962 0.324408
-9999 -9999 -9999 -9999 -9999 -9999 -9999 -9999 0.142507 0.145592 0.150701 0.151172 0.154709 0.153697 0.152656 0.151352 0.150653 0.150057 0.150215 0.150676 0.151244 0.153229 0.157678 0.165034 0.169986 0.178957 0.18405 0.188542 0.192939 0.197572 0.201971 0.207082 0.213232 0.214045 0.21829 0.218504 0.220444 0.22105 0.221507 0.224079 0.225479 0.22736 0.229324 0.232157 0.236228 0.239559 0.248974 0.253704 0.259494 0.265149 0.270354 0.275093 0.28343 0.290652 0.292763 0.295947 0.296831 0.29742 0.297886 0.298405 0.299133 0.300203 0.30174 0.303823 0.306674 0.309959 0.313255 0.316672 0.320915 0.325415
-9999 -9999 -9999 -9999 -9999 -9999 -9999 -9999 0.147708 0.150527 0.152184 0.157066 0.157279 0.156488 0.155997 0.155271 0.154722 0.154358 0.154456 0.155135 0.1559 0.157703 0.162702 0.167171 0.173057 0.182867 0.186338 0.191061 0.195523 0.204737 0.20839 0.213785 0.215637 0.220747 0.221223 0.22105 0.223358 0.224167 0.224692 0.226644 0.228158 0.228969 0.230631 0.233697 0.238588 0.24232 0.251589 0.255021 0.26039 0.266344 0.275539 0.279824 0.288678 0.291373 0.295657 0.297027 0.298005 0.298744 0.299386 0.300099 0.301019 0.302245 0.303897 0.306021 0.30862 0.312159 0.315829 0.319072 0.322276 0.326444
-9999 -9999 -9999 -9999 -9999 -9999 -9999 -9999 0.153665 0.152027 0.153548 0.159768 0.160301 0.160016 0.159731 0.159314 0.158879 0.159014 0.159513 0.160293 0.161959 0.16371 0.165529 0.171757 0.174924 0.184682 0.194739 0.200249 0.204723 0.208482 0.211687 0.214958 0.222618 0.223347 0.2243 0.224758 0.22653 0.22738 0.228363 0.229616 0.230243 0.230913 0.232369 0.23635 0.239728 0.244993 0.25302 0.263752 0.269614 0.274694 0.276232 0.279752 0.289501 0.294919 0.296868 0.298358 0.299505 0.300391 0.301236 0.302129 0.303216 0.304594 0.306329 0.308472 0.311029 0.313992 0.318044 0.320913 0.324729 0.333193
-9999 -9999 -9999 -9999 -9999 -9999 -9999 -9999 -9999 0.157463 0.165 0.166553 0.16699 0.16699 0.166747 0.166409 0.166287 0.166657 0.167501 0.168656 0.170229 0.171853 0.174269 0.178635 0.18186 0.191072 0.196106 0.201948 0.206572 0.209645 0.214262 0.224368 0.227592 0.229191 0.230356 0.231283 0.229599 0.23054 0.231479 0.232211 0.231755 0.236442 0.238449 0.241891 0.245161 0.251575 0.260619 0.266396 0.271499 0.276115 0.279303 0.289446 0.29657 0.299189 0.300839 0.302464 0.30133 0.302391 0.303404 0.304469 0.305714 0.307206 0.309001 0.314113 0.316872 0.319988 0.324468 0.327001 0.330613 0.334317
-9999 -9999 -9999 -9999 -9999 -9999 -9999 -9999 -9999 0.165829 0.168062 0.170296 0.170607 0.170967 0.171368 0.171293 0.171236 0.171643 0.172541 0.173909 0.175144 0.176865 0.179019 0.1821 0.185893 0.193173 0.198114 0.204022 0.208182 0.211526 0.223074 0.225005 0.228659 0.231689 0.233235 0.234376 0.234048 0.235625 0.236233 0.236823 0.238564 0.240508 0.242299 0.245982 0.248736 0.252821 0.263567 0.268521 0.273094 0.277895 0.280908 0.290975 0.298213 0.300927 0.302721 0.304772 0.30623 0.307422 0.30857 0.309814 0.311242 0.312935 0.314914 0.317209 0.319811 0.322683 0.325762 0.330319 0.331088 0.33444
-9999 -9999 -9999 -9999 -9999 -9999 -9999 -9999 -9999 0.169681 0.17132 0.17349 0.174998 0.174862 0.175638 0.176222 0.176295 0.176699 0.177511 0.178994 0.179982 0.181247 0.183076 0.184989 0.188436 0.19263 0.201392 0.206293 0.210013 0.213023 0.225953 0.228938 0.232154 0.234568 0.236348 0.23768 0.238756 0.240018 0.24101 0.242566 0.243825 0.244924 0.247136 0.250493 0.252394 0.255995 0.26016 0.270866 0.275726 0.279966 0.282481 0.297295 0.300772 0.303423 0.305695 0.30748 0.308956 0.310376 0.311665 0.313036 0.31455 0.316259 0.318207 0.320384 0.322811 0.325362 0.32805 0.330037 0.332598 0.335645
-9999 -9999 -9999 -9999 -9999 -9999 -9999 -9999 -9999 0.173673 0.17532 0.177387 0.178617 0.178843 0.179942 0.181131 0.181613 0.182071 0.183173 0.184315 0.185322 0.186555 0.187976 0.190208 0.191898 0.196194 0.204312 0.208743 0.21249 0.226362 0.228775 0.232007 0.234946 0.237204 0.239697 0.241334 0.242692 0.243307 0.244546 0.246657 0.24857 0.250572 0.252298 0.255133 0.257646 0.260676 0.263843 0.274358 0.278502 0.282104 0.289728 0.300902 0.30386 0.306358 0.308562 0.310322 0.311974 0.313573 0.314994 0.316452 0.318008 0.319718 0.321588 0.323613 0.325832 0.32803 0.330196 0.33212 0.333586 0.337077
-9999 -9999 -9999 -9999 -9999 -9999 -9999 -9999 -9999 0.177158 0.179073 0.181029 0.181937 0.182273 0.184359 0.185924 0.186618 0.187357 0.18834 0.188748 0.190615 0.192471 0.193776 0.194825 0.19589 0.198842 0.207291 0.211254 0.214781 0.228499 0.230799 0.233677 0.237051 0.240103 0.243028 0.245087 0.246543 0.246733 0.246897 0.249631 0.252585 0.2549 0.257183 0.259071 0.261714 0.264537 0.267103 0.274365 0.280917 0.284557 0.300798 0.303828 0.30682 0.309477 0.311265 0.313144 0.315223 0.317016 0.318522 0.320038 0.32162 0.323285 0.325064 0.326897 0.328862 0.330887 0.332114 0.333844 0.333418 0.338778
-9999 -9999 -9999 -9999 -9999 -9999 -9999 -9999 -9999 0.180411 0.181995 0.184041 0.185073 0.186576 0.188729 0.190166 0.191342 0.192314 0.193358 0.194302 0.195683 0.197009 0.198081 0.198956 0.19983 0.201383 0.204588 0.213465 0.224859 0.230983 0.233119 0.236468 0.239995 0.243896 0.246921 0.248996 0.25079 0.252335 0.253021 0.253537 0.255649 0.258641 0.26044 0.262306 0.265446 0.268259 0.270656 0.273292 0.284466 0.292121 0.303704 0.306596 0.309677 0.312872 0.315049 0.316889 0.319021 0.320665 0.322236 0.323793 0.325352 0.326957 0.328626 0.330318 0.332008 0.333248 0.33467 0.335919 0.337991 0.341115
-9999 -9999 -9999 -9999 -9999 -9999 -9999 -9999 -9999 0.183249 0.185181 0.187264 0.189273 0.191253 0.193108 0.193924 0.195427 0.196429 0.197949 0.199218 0.200327 0.201604 0.202662 0.202959 0.203717 0.204467 0.207468 0.216352 0.232044 0.234135 0.235404 0.23961 0.243818 0.247708 0.250739 0.252143 0.254812 0.256704 0.258195 0.259308 0.260011 0.262211 0.263495 0.265901 0.269024 0.271934 0.274708 0.277334 0.28467 0.295728 0.307093 0.309813 0.312878 0.315923 0.318779 0.320864 0.322819 0.32452 0.326126 0.327684 0.329204 0.33071 0.332221 0.333735 0.334787 0.335794 0.337148 0.3384 0.34024 0.341056
