Test_Spring_2018b/02_18/Prec/20180210_015.txt
ncols	170
nrows	115
xllcorner	350000.000000
yllcorner	4445000.000000
cellsize	1000.000000
nodata_value	-9999.000000
[rows 31 to 61 of 115, columns 70 to 139 of 170]
0.901879 0.901757 0.896625 0.883666 0.875569 0.868547 0.856009 0.84705 0.814183 0.805807 0.793878 0.78636 0.777135 0.765311 0.758386 0.741585 0.69506 0.704175 0.705748 0.689801 0.693215 0.700806 0.686843 0.653165 0.636176 0.611395 0.611619 0.595695 0.575438 -9999 -9999 -9999 -9999 -9999 -9999 -9999 -9999 -9999 -9999 -9999 -9999 -9999 -9999 -9999 -9999 -9999 -9999 -9999 -9999 -9999 -9999 -9999 -9999 -9999 -9999 -9999 -9999 -9999 -9999 -9999 -9999 -9999 -9999 -9999 -9999 -9999 -9999 -9999 -9999 -9999
0.891163 0.887742 0.88027 0.867972 0.866947 0.865102 0.836402 0.81374 0.803682 0.796364 0.786035 0.77145 0.762983 0.755018 0.748853 0.734081 0.699689 0.668532 0.680314 0.677503 0.663948 0.679193 0.666017 0.637012 0.597439 0.613522 0.604924 0.568104 0.554074 -9999 -9999 -9999 -9999 -9999 -9999 -9999 -9999 -9999 -9999 -9999 -9999 -9999 -9999 -9999 -9999 -9999 -9999 -9999 -9999 -9999 -9999 -9999 -9999 -9999 -9999 -9999 -9999 -9999 -9999 -9999 -9999 -9999 -9999 -9999 -9999 -9999 -9999 -9999 -9999 -9999
0.870999 0.872592 0.86336 0.854013 0.856718 0.848327 0.83071 0.806838 0.792217 0.786039 0.77764 0.767519 0.758527 0.749943 0.736621 0.719948 0.68983 0.654777 0.644535 0.657214 0.655201 0.654996 0.643383 0.629478 0.609228 0.620865 0.623714 0.603147 0.567297 0.53175 -9999 -9999 -9999 -9999 -9999 -9999 -9999 -9999 -9999 -9999 -9999 -9999 -9999 -9999 -9999 -9999 -9999 -9999 -9999 -9999 -9999 -9999 -9999 -9999 -9999 -9999 -9999 -9999 -9999 -9999 -9999 -9999 -9999 -9999 -9999 -9999 -9999 -9999 -9999 -9999
0.848491 0.855932 0.845699 0.828293 0.826924 0.823531 0.80512 0.776317 0.769443 0.774139 0.76605 0.758591 0.746958 0.737044 0.724955 0.708452 0.687377 0.663283 0.62419 0.644057 0.659339 0.656851 0.653963 0.644225 0.62549 0.637671 0.636367 0.60799 0.554073 0.539048 0.532484 -9999 -9999 -9999 -9999 -9999 -9999 -9999 -9999 -9999 -9999 -9999 -9999 -9999 -9999 -9999 -9999 -9999 -9999 -9999 -9999 -9999 -9999 -9999 -9999 -9999 -9999 -9999 -9999 -9999 -9999 -9999 -9999 -9999 -9999 -9999 -9999 -9999 -9999 -9999
-9999 0.837578 0.827614 0.807998 0.806616 0.806801 0.798558 0.776925 0.762399 0.757731 0.753525 0.745552 0.733166 0.710754 0.703001 0.697633 0.682409 0.655466 0.629189 0.621017 0.646117 0.652465 0.649806 0.654756 0.639467 0.645131 0.641171 0.628071 0.584513 0.553814 0.544759 0.527005 -9999 -9999 -9999 -9999 -9999 -9999 -9999 -9999 -9999 -9999 -9999 -9999 -9999 -9999 -9999 -9999 -9999 -9999 -9999 -9999 -9999 -9999 -9999 -9999 -9999 -9999 -9999 -9999 -9999 -9999 -9999 -9999 -9999 -9999 -9999 -9999 -9999 -9999
-9999 -9999 -9999 -9999 0.783059 0.775145 0.762137 0.759356 0.748954 0.744865 0.740976 0.732266 0.713646 0.701435 0.69502 0.682615 0.665529 0.65424 0.637079 0.620036 0.625081 0.647394 0.637076 0.653137 0.651684 0.65444 0.643254 0.598253 0.572384 0.547265 0.539547 0.525426 -9999 -9999 -9999 -9999 -9999 -9999 -9999 -9999 -9999 -9999 -9999 -9999 -9999 -9999 -9999 -9999 -9999 -9999 -9999 -9999 -9999 -9999 -9999 -9999 -9999 -9999 -9999 -9999 -9999 -9999 -9999 -9999 -9999 -9999 -9999 -9999 -9999 -9999
-9999 -9999 -9999 -9999 -9999 0.764322 0.748528 0.753681 0.735804 0.728975 0.727141 0.717895 0.70522 0.694491 0.683416 0.672117 0.65817 0.644403 0.628532 0.626366 0.640844 0.641498 0.639272 0.642617 0.651007 0.64975 0.630364 0.58188 0.567105 0.528903 0.516246 0.517966 0.508761 -9999 -9999 -9999 -9999 -9999 -9999 -9999 -9999 -9999 -9999 -9999 -9999 0.550211 -9999 -9999 -9999 -9999 -9999 -9999 -9999 -9999 -9999 -9999 -9999 -9999 -9999 -9999 -9999 -9999 -9999 -9999 -9999 -9999 0.582132 -9999 -9999 -9999
-9999 -9999 -9999 -9999 0.774478 0.752019 0.748641 0.746856 0.732887 0.715637 0.713838 0.703598 0.691124 0.679353 0.664706 0.657122 0.647305 0.632802 0.629035 0.633645 0.636655 0.640654 0.644109 0.644934 0.643878 0.641659 0.609907 0.597965 0.58999 0.564348 0.54158 0.52853 0.508199 0.492196 -9999 -9999 -9999 -9999 -9999 -9999 -9999 0.53263 0.532812 0.53417 0.539687 0.553131 0.546566 -9999 -9999 -9999 -9999 -9999 -9999 -9999 -9999 -9999 -9999 -9999 -9999 -9999 -9999 -9999 -9999 -9999 -9999 -9999 0.588413 0.581465 -9999 -9999
-9999 -9999 -9999 -9999 0.749196 0.748396 0.741422 0.738089 0.730173 0.706871 0.697752 0.689154 0.677989 0.664922 0.651462 0.645366 0.633314 0.626629 0.622824 0.62991 0.632999 0.633061 0.632943 0.633343 0.628353 0.630153 0.60884 0.602446 0.59006 0.576711 0.549981 0.52275 0.495716 0.473767 -9999 -9999 -9999 -9999 -9999 -9999 0.530396 0.541843 0.549227 0.537158 0.549662 0.561109 0.560405 0.552032 -9999 -9999 -9999 -9999 -9999 -9999 -9999 -9999 -9999 -9999 -9999 -9999 -9999 -9999 0.627849 0.617857 0.591838 0.583192 0.582245 0.577459 -9999 -9999
-9999 -9999 -9999 -9999 0.742358 0.742344 0.737199 0.730191 0.716418 0.696559 0.685563 0.674171 0.662093 0.650971 0.641351 0.62805 0.620752 0.608305 0.617831 0.61897 0.619395 0.613481 0.613648 0.6014 0.598338 0.580851 0.598376 0.590705 0.570997 0.54517 0.504113 0.505835 0.495668 0.476145 -9999 -9999 -9999 -9999 -9999 -9999 0.530189 0.542517 0.553142 0.555884 0.544069 0.563739 0.56445 0.555998 0.555284 0.565084 0.570437 0.572939 0.598689 0.601582 0.596827 0.601647 -9999 -9999 -9999 -9999 0.612098 0.617314 0.623634 0.623737 0.595103 0.579215 0.566778 0.576918 -9999 -9999
-9999 -9999 -9999 -9999 0.747086 0.741173 0.730145 0.714837 0.704788 0.682364 0.671069 0.665914 0.65219 0.64045 0.630737 0.621344 0.611467 0.610519 0.610618 0.610144 0.595848 0.579574 0.59509 0.580651 0.540742 0.567954 0.584494 0.576116 0.55234 0.523543 0.505738 0.510151 0.495872 0.489166 -9999 -9999 -9999 0.504207 0.520601 0.522971 0.52916 0.54592 0.559407 0.557762 0.56511 0.557669 0.562181 0.554025 0.54473 0.549963 0.570636 0.576066 0.598696 0.601146 0.596091 0.605853 0.610069 0.612359 0.613414 0.613889 0.616738 0.621834 0.627424 0.628621 0.596584 0.58772 0.586701 0.590541 -9999 -9999
-9999 -9999 -9999 -9999 0.73898 0.731395 0.721036 0.716088 0.699321 0.686765 0.661587 0.651363 0.637338 0.61888 0.613254 0.605016 0.599488 0.595989 0.594457 0.582425 0.566365 0.551537 0.54904 0.545731 0.535922 0.550254 0.567767 0.558464 0.560286 0.535014 0.532046 0.518849 0.495331 0.470342 -9999 -9999 0.469312 0.499721 0.521677 0.53386 0.538999 0.541543 0.558343 0.562174 0.580155 0.571887 0.561593 0.566115 0.545447 0.551856 0.571212 0.573339 0.587244 0.607436 0.607174 0.605004 0.606446 0.60592 0.605963 0.607154 0.607822 0.613599 0.620305 0.624512 0.61039 0.609785 0.609526 0.593158 -9999 -9999
-9999 -9999 -9999 -9999 0.7428 0.735462 0.727153 0.71074 0.697905 0.675386 0.643865 0.634191 0.622694 0.604725 0.590545 0.587769 0.58264 0.580611 0.581355 0.571295 0.561074 0.543503 0.536419 0.522012 0.522897 0.533716 0.546617 0.549638 0.550411 0.55529 0.541483 0.519975 0.505009 0.478054 0.461842 -9999 0.467276 0.480715 0.506689 0.529607 0.545329 0.542885 0.562023 0.568161 0.57443 0.571446 0.568986 0.576152 0.577752 0.577199 0.588127 0.582644 0.590573 0.592046 0.603595 0.601566 0.599856 0.598282 0.597729 0.598806 0.60149 0.606214 0.61262 0.619941 0.61952 0.619771 0.608133 0.589794 -9999 -9999
-9999 -9999 -9999 0.739761 0.740929 0.737405 0.724542 0.708807 0.691491 0.67265 0.6446 0.623907 0.607876 0.593987 0.571181 0.563434 0.56051 0.565575 0.567711 0.572038 0.570743 0.548876 0.537301 0.541821 0.531518 0.53167 0.543329 0.565836 0.568896 0.559751 0.547687 0.523828 0.506183 0.488146 0.455297 0.456681 0.470187 0.480567 0.498255 0.526075 0.546826 0.557982 0.564458 0.569642 0.576032 0.580409 0.583374 0.583625 0.580246 0.580469 0.580294 0.585479 0.591638 0.589726 0.590617 0.596442 0.593644 0.591288 0.590181 0.590904 0.593568 0.598232 0.605468 0.614794 0.624779 0.622484 0.5981 0.596134 -9999 -9999
-9999 -9999 -9999 -9999 0.736554 0.725179 0.707859 0.689925 0.673297 0.656675 0.633533 0.613995 0.59965 0.580673 0.560228 0.540546 0.544931 0.547858 0.554814 0.561401 0.569242 0.552651 0.550683 0.551785 0.543421 0.560398 0.575291 0.581994 0.58207 0.56027 0.536726 0.502648 0.475428 0.471876 0.452151 0.458566 0.466788 0.490975 0.508729 0.517102 0.524485 0.554654 0.561855 0.573834 0.585434 0.580336 0.588163 0.584602 0.589026 0.589358 0.588945 0.567463 0.587353 0.583811 0.591408 0.586246 0.588704 0.585493 0.583824 0.58386 0.586303 0.591194 0.598851 0.607906 0.620441 0.624124 0.589969 0.593036 -9999 -9999
-9999 -9999 -9999 -9999 -9999 -9999 0.700797 0.683581 0.663542 0.644609 0.626439 0.608686 0.591469 0.574616 0.556875 0.536472 0.528745 0.530113 0.523334 0.541762 0.560196 0.571681 0.583058 0.57273 0.573198 0.595305 0.600539 0.589682 0.580339 0.569005 0.541301 0.514315 0.483043 0.458226 0.454323 0.47582 0.493086 0.517393 0.528652 0.523598 0.532886 0.550567 0.570455 0.582918 0.586302 0.581103 0.59005 0.582892 0.59607 0.597893 0.592221 0.585706 0.586865 0.587848 0.584283 0.588286 0.585222 0.581432 0.578984 0.578679 0.580866 0.585812 0.593471 0.603749 0.616223 0.630166 0.595347 0.584192 -9999 -9999
-9999 -9999 -9999 -9999 -9999 -9999 0.689825 0.670494 0.653865 0.646712 0.623036 0.604621 0.584357 0.568591 0.551812 0.532839 0.518147 0.508692 0.500727 0.514717 0.542581 0.565279 0.579868 0.573013 0.596594 0.603702 0.605001 0.58904 0.576762 0.570107 0.543431 0.513909 0.492251 0.462192 0.47038 0.47991 0.493764 0.519754 0.538407 0.547901 0.543906 0.556541 0.579066 0.584625 0.580524 0.586257 0.59088 0.579907 0.597985 0.603224 0.598848 0.597275 0.594864 0.591334 0.589084 0.586579 0.583286 0.578884 0.576035 0.575392 0.577529 0.582592 0.590364 0.601038 0.613868 0.628421 0.611954 0.582068 -9999 -9999
-9999 -9999 -9999 -9999 -9999 -9999 -9999 0.658537 0.650328 0.648708 0.621785 0.599317 0.583834 0.566842 0.548532 0.535012 0.518358 0.50209 0.475387 0.490589 0.517204 0.55305 0.578924 0.591018 0.597371 0.596787 0.577397 0.559316 0.560887 0.559043 0.539542 0.515233 0.491212 0.500646 0.510882 0.522605 0.527881 0.524321 0.540222 0.554665 0.552093 0.56688 0.58439 0.584557 0.587044 0.589635 0.593473 0.597181 0.600438 0.610106 0.603026 0.604102 0.60282 0.596387 0.591573 0.587012 0.583201 0.578592 0.575523 0.57493 0.576751 0.581941 0.589835 0.600456 0.613419 0.628134 0.641445 0.638484 0.638291 -9999
-9999 -9999 -9999 -9999 -9999 -9999 -9999 0.645193 0.629977 0.633056 0.609212 0.599525 0.58613 0.569436 0.548361 0.536254 0.512355 0.506287 0.481877 0.476238 0.497304 0.505483 0.551008 0.592982 0.599751 0.553504 0.541885 0.533981 0.542336 0.544581 0.539159 0.502331 0.491727 0.515429 0.528745 0.538431 0.54569 0.546383 0.545978 0.56798 0.573397 0.584377 0.588308 0.594819 0.590496 0.589635 0.605878 0.603641 0.605108 0.615044 0.605033 0.610414 0.608072 0.599307 0.592174 0.59048 0.58516 0.580678 0.577639 0.576818 0.578697 0.583631 0.591814 0.602416 0.615081 0.629852 0.6456 0.670119 0.672157 0.684286
-9999 -9999 -9999 -9999 -9999 -9999 -9999 -9999 0.607774 0.622283 0.607915 0.596346 0.590098 0.575378 0.557857 0.541834 0.519501 0.503472 0.481793 0.460112 0.454043 0.511342 0.563811 0.597495 0.607114 0.570032 0.559993 0.565778 0.58126 0.574019 0.566931 0.537233 0.528126 0.51541 0.517674 0.530677 0.545493 0.558356 0.568855 0.571453 0.581704 0.588971 0.594693 0.601838 0.606573 0.611071 0.611922 0.622868 0.619592 0.623459 0.620481 0.615983 0.613343 0.601485 0.598639 0.59531 0.59001 0.585435 0.582314 0.581775 0.583845 0.588518 0.596151 0.606542 0.619088 0.633183 0.648665 0.676362 0.692156 0.699545
-9999 -9999 -9999 -9999 -9999 -9999 -9999 -9999 0.593237 0.609046 0.596627 0.600342 0.585198 0.583343 0.571068 0.556874 0.538939 0.518151 0.50449 0.478868 0.454707 0.510296 0.566769 0.601876 0.614649 0.584322 0.603707 0.600984 0.608755 0.594318 0.587519 0.575221 0.561271 0.545321 0.524514 0.518331 0.549345 0.565177 0.579167 0.5875 0.594614 0.601248 0.602484 0.60673 0.597603 0.614338 0.624461 0.627299 0.628448 0.628602 0.626502 0.622564 0.621189 0.61503 0.604807 0.60184 0.596743 0.592323 0.589733 0.589326 0.591398 0.596138 0.60334 0.607218 0.624895 0.638285 0.652828 0.680086 0.696585 0.712257
-9999 -9999 -9999 -9999 -9999 -9999 -9999 -9999 0.546588 0.580867 0.581987 0.588295 0.601253 0.593028 0.58417 0.568567 0.558347 0.543149 0.532145 0.516786 0.493411 0.48391 0.526636 0.589661 0.62159 0.628792 0.635173 0.630562 0.625048 0.625784 0.626588 0.60875 0.585633 0.562938 0.559921 0.549681 0.572414 0.574603 0.572997 0.602338 0.605717 0.608745 0.603695 0.593121 0.600864 0.599789 0.616016 0.611073 0.621415 0.629118 0.630903 0.628387 0.627687 0.62143 0.615088 0.610797 0.605592 0.601504 0.599193 0.599079 0.601299 0.605735 0.612607 0.621802 0.624477 0.635764 0.658121 0.684705 0.700026 0.71465
-9999 -9999 -9999 -9999 -9999 -9999 -9999 -9999 0.541174 0.55744 0.579931 0.599262 0.607643 0.600846 0.598593 0.589995 0.579816 0.566421 0.552945 0.54052 0.520581 0.509184 0.542749 0.582856 0.617155 0.633625 0.642082 0.646741 0.647935 0.642025 0.639958 0.631245 0.61889 0.60523 0.591522 0.572785 0.598773 0.600981 0.596986 0.612714 0.615178 0.598419 0.58733 0.590798 0.600549 0.595943 0.60505 0.603325 0.612137 0.630648 0.62434 0.623314 0.63258 0.629013 0.625267 0.620375 0.615803 0.612381 0.61046 0.610648 0.612988 0.617175 0.623583 0.631866 0.641394 0.642845 0.654245 0.680216 0.703677 0.717144
-9999 -9999 -9999 -9999 -9999 -9999 -9999 -9999 0.542618 0.551608 0.571965 0.604951 0.616469 0.615469 0.613828 0.607539 0.596732 0.589601 0.581527 0.570398 0.566017 0.555353 0.538753 0.589135 0.605982 0.623658 0.62701 0.643996 0.647341 0.644043 0.632633 0.638774 0.645456 0.628181 0.620977 0.610352 0.62439 0.623818 0.623913 0.624851 0.610016 0.589236 0.574113 0.593314 0.59523 0.60016 0.590408 0.610041 0.625608 0.630774 0.6214 0.612921 0.636147 0.635707 0.633301 0.630252 0.627315 0.624326 0.623185 0.623433 0.625632 0.629733 0.63551 0.642923 0.65154 0.661125 0.660909 0.686181 0.698373 0.712798
-9999 -9999 -9999 -9999 -9999 -9999 -9999 -9999 -9999 0.535155 0.580331 0.607816 0.6191 0.623722 0.623063 0.617632 0.610811 0.605674 0.600857 0.593097 0.58417 0.568466 0.559177 0.576723 0.591654 0.598189 0.612165 0.640938 0.652538 0.642859 0.607246 0.635466 0.653992 0.652445 0.64927 0.645974 0.643401 0.641017 0.637095 0.626503 0.591496 0.586997 0.576426 0.582617 0.579457 0.593457 0.597753 0.61786 0.627227 0.630819 0.614689 0.623377 0.638575 0.642273 0.63717 0.637919 0.639407 0.637343 0.636499 0.636908 0.63914 0.64294 0.648157 0.654568 0.662386 0.671123 0.668413 0.694042 0.704093 0.714565
-9999 -9999 -9999 -9999 -9999 -9999 -9999 -9999 -9999 0.549994 0.583166 0.619241 0.625119 0.632121 0.638544 0.634222 0.625861 0.619669 0.615162 0.611577 0.59891 0.587837 0.578208 0.579212 0.588499 0.587312 0.6058 0.641449 0.650625 0.650013 0.62457 0.615054 0.640461 0.661216 0.661938 0.659069 0.633267 0.638679 0.625902 0.609148 0.60661 0.601771 0.588416 0.600555 0.591883 0.600706 0.602405 0.614788 0.621283 0.633568 0.619619 0.62616 0.641006 0.647159 0.644184 0.650745 0.651601 0.650734 0.650282 0.651053 0.653099 0.656655 0.661284 0.667013 0.673642 0.680721 0.687664 0.680416 0.687911 0.697819
-9999 -9999 -9999 -9999 -9999 -9999 -9999 -9999 -9999 0.564883 0.586473 0.619014 0.641756 0.63728 0.646716 0.650454 0.642046 0.634433 0.628193 0.627321 0.612474 0.596765 0.585537 0.571649 0.580106 0.598903 0.618697 0.642783 0.649305 0.647092 0.63653 0.64531 0.663107 0.67224 0.674596 0.672083 0.666471 0.663642 0.654578 0.651868 0.64023 0.621282 0.615882 0.624618 0.60472 0.609213 0.620109 0.613374 0.629893 0.637786 0.61997 0.640245 0.654235 0.659998 0.664599 0.66556 0.664894 0.665631 0.665245 0.666036 0.667888 0.670753 0.67471 0.679261 0.684629 0.688912 0.692671 0.682503 0.687057 0.696863
-9999 -9999 -9999 -9999 -9999 -9999 -9999 -9999 -9999 0.57986 0.600046 0.628721 0.644243 0.642954 0.655004 0.666372 0.662932 0.65521 0.653706 0.648115 0.635455 0.62197 0.607454 0.602857 0.58653 0.611508 0.624251 0.644917 0.655763 0.648812 0.644331 0.657714 0.670437 0.675638 0.687787 0.68786 0.684307 0.668211 0.661116 0.66611 0.664606 0.66084 0.648472 0.650485 0.643431 0.641731 0.639818 0.629266 0.638377 0.639819 0.640336 0.665404 0.672072 0.675656 0.678664 0.678089 0.678732 0.680578 0.680547 0.681203 0.682639 0.685031 0.68799 0.69107 0.694865 0.695888 0.694211 0.686735 0.675591 0.697293
-9999 -9999 -9999 -9999 -9999 -9999 -9999 -9999 -9999 0.584966 0.608323 0.633306 0.641289 0.639472 0.665629 0.68129 0.679976 0.67623 0.672893 0.656111 0.659537 0.658887 0.645537 0.624804 0.601792 0.608245 0.623119 0.646206 0.656501 0.641541 0.63627 0.643974 0.663291 0.680355 0.697868 0.702837 0.698712 0.673576 0.647047 0.661325 0.676753 0.678598 0.676614 0.664765 0.662278 0.65997 0.651176 0.640263 0.638602 0.643935 0.671019 0.676006 0.684011 0.690259 0.685755 0.686031 0.692321 0.695859 0.695825 0.696331 0.697566 0.699219 0.701326 0.702606 0.704221 0.705004 0.69088 0.68369 0.687031 0.699742
-9999 -9999 -9999 -9999 -9999 -9999 -9999 -9999 -9999 0.585586 0.6024 0.62737 0.635592 0.65122 0.67669 0.688743 0.69442 0.694167 0.69216 0.685297 0.682347 0.675159 0.660594 0.639905 0.616736 0.602941 0.615276 0.641104 0.66133 0.63866 0.631203 0.646555 0.667632 0.697502 0.715043 0.718497 0.718236 0.714044 0.695061 0.67195 0.673428 0.687128 0.678335 0.66782 0.67564 0.6755 0.666312 0.659559 0.655746 0.655906 0.67765 0.681224 0.69095 0.705755 0.706878 0.70537 0.71126 0.711056 0.711047 0.71156 0.712258 0.71334 0.714687 0.715275 0.714518 0.704943 0.69705 0.685158 0.686036 0.710314
-9999 -9999 -9999 -9999 -9999 -9999 -9999 -9999 -9999 0.579516 0.601274 0.625638 0.648628 0.670656 0.689805 0.690495 0.700943 0.701081 0.707442 0.707026 0.701122 0.695088 0.682527 0.654601 0.631835 0.6069 0.61776 0.645711 0.656253 0.646212 0.624353 0.653378 0.684761 0.713144 0.729314 0.720125 0.733047 0.733554 0.727268 0.713897 0.692352 0.693736 0.677643 0.677631 0.686919 0.690181 0.689008 0.683655 0.679051 0.672945 0.690904 0.691737 0.700803 0.712328 0.723631 0.724947 0.726685 0.726394 0.726256 0.726503 0.726825 0.7271 0.72722 0.726767 0.717797 0.707039 0.700945 0.69213 0.692233 0.728833
