Test_Spring_2018b/02_18/Prec/20180224_003.txt
ncols	170
nrows	115
xllcorner	350000.000000
yllcorner	4445000.000000
cellsize	1000.000000
nodata_value	-9999.000000
[rows 31 to 61 of 115, columns 71 to 141 of 170]
0.131371 0.133738 0.130289 0.131031 0.140693 0.143265 0.143505 0.143422 0.14292 0.138943 0.137848 0.134782 0.129109 0.126927 0.116558 0 0 0 0 0 0.102254 0 0 0 0 0 0 0 -9999 -9999 -9999 -9999 -9999 -9999 -9999 -9999 -9999 -9999 -9999 -9999 -9999 -9999 -9999 -9999 -9999 -9999 -9999 -9999 -9999 -9999 -9999 -9999 -9999 -9999 -9999 -9999 -9999 -9999 -9999 -9999 -9999 -9999 -9999 -9999 -9999 -9999 -9999 -9999 -9999 -9999 -9999
0.130001 0.130119 0.126809 0.132834 0.138414 0.135946 0.134385 0.143526 0.143888 0.14132 0.134802 0.132629 0.130358 0.129096 0.120616 0 0 0 0 0 0 0 0 0 0 0 0 0 -9999 -9999 -9999 -9999 -9999 -9999 -9999 -9999 -9999 -9999 -9999 -9999 -9999 -9999 -9999 -9999 -9999 -9999 -9999 -9999 -9999 -9999 -9999 -9999 -9999 -9999 -9999 -9999 -9999 -9999 -9999 -9999 -9999 -9999 -9999 -9999 -9999 -9999 -9999 -9999 -9999 -9999 -9999
0.127386 0.125817 0.124597 0.133376 0.133562 0.133588 0.137342 0.143232 0.144654 0.143871 0.141227 0.13898 0.136565 0.129902 0.120155 0 0 0 0 0 0 0 0 0 0 0 0 0 0 -9999 -9999 -9999 -9999 -9999 -9999 -9999 -9999 -9999 -9999 -9999 -9999 -9999 -9999 -9999 -9999 -9999 -9999 -9999 -9999 -9999 -9999 -9999 -9999 -9999 -9999 -9999 -9999 -9999 -9999 -9999 -9999 -9999 -9999 -9999 -9999 -9999 -9999 -9999 -9999 -9999 -9999
0.123124 0.120567 0.112756 0.118189 0.122362 0.130145 0.132726 0.134147 0.144551 0.144377 0.144265 0.140326 0.137241 0.1319 0.122532 0.109049 0 0 0 0 0 0 0 0 0 0 0 0 0 0 -9999 -9999 -9999 -9999 -9999 -9999 -9999 -9999 -9999 -9999 -9999 -9999 -9999 -9999 -9999 -9999 -9999 -9999 -9999 -9999 -9999 -9999 -9999 -9999 -9999 -9999 -9999 -9999 -9999 -9999 -9999 -9999 -9999 -9999 -9999 -9999 -9999 -9999 -9999 -9999 -9999
0.116963 0.114515 0.104896 0.110361 0.117536 0.127719 0.133406 0.13775 0.141116 0.144538 0.144531 0.140491 0.127874 0.126363 0.12614 0.117437 0 0 0 0 0.103736 0.102833 0.107943 0 0.10263 0.100776 0 0 0 0 0 -9999 -9999 -9999 -9999 -9999 -9999 -9999 -9999 -9999 -9999 -9999 -9999 -9999 -9999 -9999 -9999 -9999 -9999 -9999 -9999 -9999 -9999 -9999 -9999 -9999 -9999 -9999 -9999 -9999 -9999 -9999 -9999 -9999 -9999 -9999 -9999 -9999 -9999 -9999 -9999
-9999 -9999 -9999 0 0.109417 0.117644 0.127575 0.136242 0.140673 0.144984 0.145022 0.136601 0.132655 0.132621 0.127035 0.116936 0.110719 0 0 0 0.110643 0.10289 0.116126 0.115385 0.118107 0.109848 0 0 0 0 0 -9999 -9999 -9999 -9999 -9999 -9999 -9999 -9999 -9999 -9999 -9999 -9999 -9999 -9999 -9999 -9999 -9999 -9999 -9999 -9999 -9999 -9999 -9999 -9999 -9999 -9999 -9999 -9999 -9999 -9999 -9999 -9999 -9999 -9999 -9999 -9999 -9999 -9999 -9999 -9999
-9999 -9999 -9999 -9999 0.108317 0.114713 0.127662 0.134864 0.137873 0.144608 0.144981 0.14201 0.139847 0.136546 0.132125 0.124616 0.116294 0.105406 0.104698 0.116669 0.117149 0.115058 0.117314 0.123645 0.122424 0.113308 0 0 0 0 0 0 -9999 -9999 -9999 -9999 -9999 -9999 -9999 -9999 -9999 -9999 -9999 -9999 0 -9999 -9999 -9999 -9999 -9999 -9999 -9999 -9999 -9999 -9999 -9999 -9999 -9999 -9999 -9999 -9999 -9999 -9999 -9999 -9999 0 -9999 -9999 -9999 -9999 -9999
-9999 -9999 -9999 0.107218 0.115771 0.12227 0.130538 0.131831 0.137074 0.144768 0.145236 0.143234 0.140916 0.135268 0.134117 0.129983 0.120916 0.11932 0.123455 0.125538 0.127861 0.129425 0.128779 0.12671 0.123939 0.119859 0.109804 0.103252 0 0 0 0 0 -9999 -9999 -9999 -9999 -9999 -9999 -9999 0 0 0 0 0 0 -9999 -9999 -9999 -9999 -9999 -9999 -9999 -9999 -9999 -9999 -9999 -9999 -9999 -9999 -9999 -9999 -9999 -9999 -9999 0.104417 0 -9999 -9999 -9999 -9999
-9999 -9999 -9999 0.110241 0.118893 0.123417 0.131468 0.136244 0.1398 0.142714 0.145506 0.145454 0.142853 0.138707 0.139067 0.133213 0.130204 0.128147 0.13362 0.134965 0.133232 0.130982 0.129039 0.122915 0.122529 0.12484 0.118699 0.108194 0 0 0 0 0 -9999 -9999 -9999 -9999 -9999 -9999 0 0 0 0 0 0.105721 0.107547 0.106674 -9999 -9999 -9999 -9999 -9999 -9999 -9999 -9999 -9999 -9999 -9999 -9999 -9999 -9999 0.165247 0.152425 0.125934 0.112576 0.10476 0 -9999 -9999 -9999 -9999
-9999 -9999 -9999 0.109171 0.11933 0.126347 0.132623 0.133971 0.140558 0.143668 0.14534 0.145545 0.145307 0.144817 0.139751 0.137753 0.129919 0.138035 0.138059 0.136409 0.128927 0.12588 0.112814 0.107271 0.109959 0.121907 0.114218 0 0 0 0 0 0 -9999 -9999 -9999 -9999 -9999 -9999 0 0 0 0 0 0.109664 0.115998 0.111534 0.113534 0.124173 0.131436 0.134898 0.147441 0.152834 0.151914 0.158272 -9999 -9999 -9999 -9999 0.167579 0.168742 0.169631 0.164461 0.135345 0.115569 0 0 -9999 -9999 -9999 -9999
-9999 -9999 -9999 0.116486 0.122909 0.12637 0.127289 0.132973 0.138806 0.142527 0.147954 0.147666 0.14765 0.14763 0.145995 0.141958 0.143029 0.143037 0.140944 0.126522 0.109648 0.117722 0.105163 0 0.105252 0.115791 0.107008 0 0 0 0 0 0 -9999 -9999 -9999 0 0 0 0 0 0 0.102402 0.110044 0.114281 0.115371 0.111426 0.1069 0.11427 0.134199 0.142086 0.15217 0.157878 0.157398 0.164485 0.170563 0.17426 0.175911 0.175863 0.176361 0.177268 0.177222 0.172427 0.143593 0.128723 0.119364 0.106722 -9999 -9999 -9999 -9999
-9999 -9999 -9999 0.119292 0.125066 0.129718 0.134164 0.135297 0.140057 0.143177 0.147246 0.147824 0.143363 0.147289 0.14697 0.146485 0.145271 0.143431 0.131306 0.11449 0 0 0 0 0 0.102715 0 0 0 0 0 0 0 -9999 -9999 0 0 0 0 0 0 0 0 0.114886 0.116572 0.106383 0.112545 0.109079 0.117802 0.132414 0.138127 0.152342 0.16408 0.168331 0.170681 0.175256 0.177309 0.178599 0.179377 0.178172 0.179442 0.1799 0.176942 0.158115 0.149099 0.141816 0.110634 -9999 -9999 -9999 -9999
-9999 -9999 -9999 0.12505 0.131646 0.138576 0.139921 0.144743 0.139188 0.138269 0.144983 0.147465 0.144291 0.14204 0.146459 0.146355 0.146065 0.145497 0.134158 0.121038 0.100955 0 0 0 0 0 0 0 0 0 0 0 0 0 -9999 0 0 0 0 0 0 0 0.105212 0.116828 0.116539 0.112992 0.11787 0.122307 0.125717 0.138934 0.148294 0.158503 0.164735 0.171412 0.174671 0.177462 0.1793 0.180577 0.181527 0.181974 0.182216 0.182034 0.180979 0.172366 0.165524 0.145839 0.112415 -9999 -9999 -9999 -9999
-9999 -9999 0.107715 0.125001 0.13563 0.139993 0.143026 0.145467 0.147003 0.148744 0.146054 0.147241 0.146733 0.138178 0.138953 0.140655 0.145789 0.145825 0.145251 0.13837 0.113865 0.105971 0 0 0 0 0 0 0 0 0 0 0 0 0 0 0 0 0 0 0 0.102641 0.111511 0.118149 0.120716 0.121662 0.124489 0.12523 0.129655 0.134512 0.144291 0.154371 0.166685 0.172828 0.176859 0.17949 0.181306 0.182588 0.18351 0.183981 0.183996 0.184093 0.184077 0.185272 0.173238 0.147507 0.127601 -9999 -9999 -9999 -9999
-9999 -9999 -9999 0.122687 0.127913 0.129646 0.131899 0.135905 0.140247 0.146591 0.146667 0.149468 0.146556 0.139131 0.130624 0.138185 0.141396 0.144853 0.145472 0.145147 0.126079 0.116173 0.108627 0 0.103019 0.109523 0.110779 0.108076 0 0 0 0 0 0 0 0 0 0 0 0 0 0.104271 0.112771 0.123049 0.120673 0.12574 0.125662 0.132883 0.137752 0.142887 0.131931 0.153777 0.158311 0.171613 0.178614 0.181637 0.183303 0.184533 0.185134 0.185466 0.185507 0.185604 0.186654 0.190004 0.183052 0.144902 0.12857 -9999 -9999 -9999 -9999
-9999 -9999 -9999 -9999 -9999 0.12651 0.130057 0.13207 0.135303 0.14607 0.14815 0.149159 0.148393 0.144329 0.134724 0.1326 0.134399 0.12657 0.134506 0.144969 0.145909 0.146029 0.128719 0.1224 0.133004 0.13137 0.118275 0.10783 0 0 0 0 0 0 0 0 0 0 0 0 0 0.109713 0.120019 0.123643 0.12115 0.127275 0.124418 0.138823 0.14517 0.146488 0.147966 0.155496 0.164255 0.169263 0.179756 0.18357 0.185241 0.186158 0.186665 0.186824 0.186794 0.188834 0.189673 0.190645 0.191468 0.152318 0.124295 -9999 -9999 -9999 -9999
-9999 -9999 -9999 -9999 -9999 0.119829 0.12207 0.127177 0.140178 0.146724 0.148516 0.147291 0.147545 0.144344 0.136328 0.12837 0.121421 0.112714 0.118849 0.13397 0.143511 0.145814 0.130893 0.14259 0.140891 0.135851 0.118478 0.105554 0 0 0 0 0 0 0 0 0 0 0 0 0 0.116618 0.121279 0.118817 0.124991 0.127734 0.12187 0.140302 0.149568 0.152186 0.157949 0.163074 0.168666 0.175175 0.180901 0.184916 0.186484 0.187314 0.187662 0.187806 0.188744 0.189355 0.190357 0.191416 0.192496 0.167755 0.1246 -9999 -9999 -9999 -9999
-9999 -9999 -9999 -9999 -9999 -9999 0.114231 0.126024 0.143371 0.147212 0.145636 0.1481 0.147254 0.142725 0.138986 0.129482 0.117036 0 0.100317 0.114376 0.134343 0.145572 0.145692 0.14351 0.135572 0.11392 0 0 0 0 0 0 0 0 0 0 0 0 0 0 0.107068 0.120772 0.120999 0.123685 0.127254 0.12935 0.135196 0.141813 0.154689 0.155264 0.163304 0.169533 0.173028 0.177718 0.182021 0.185817 0.187371 0.188133 0.188564 0.188693 0.189346 0.190052 0.191006 0.192169 0.193378 0.192429 0.170805 0.157258 -9999 -9999 -9999
-9999 -9999 -9999 -9999 -9999 -9999 0.104575 0.110313 0.13091 0.136817 0.144956 0.148631 0.147633 0.140599 0.136829 0.122634 0.118325 0 0 0 0 0.121921 0.146109 0.14449 0.100204 0 0 0 0 0 0 0 0 0 0 0 0 0 0.108461 0.112596 0.120845 0.123601 0.128786 0.125916 0.126617 0.138515 0.139534 0.144657 0.157696 0.15589 0.167338 0.172655 0.174271 0.177094 0.183674 0.186249 0.187888 0.188999 0.189096 0.189279 0.189783 0.190818 0.19191 0.193034 0.194527 0.19579 0.196334 0.184847 0.181465 0.187231 -9999
-9999 -9999 -9999 -9999 -9999 -9999 -9999 0 0.120968 0.133808 0.139621 0.148262 0.148215 0.144709 0.137985 0.123517 0.111317 0 0 0 0 0.129046 0.14707 0.148278 0.111661 0 0 0.107444 0.100082 0 0 0 0 0 0 0 0.10025 0.108755 0.110458 0.117882 0.123975 0.128093 0.1337 0.137964 0.142829 0.14225 0.153678 0.154866 0.162891 0.166513 0.169853 0.174604 0.173502 0.179501 0.184534 0.186907 0.189622 0.189751 0.190028 0.190376 0.190817 0.191681 0.192907 0.194327 0.195743 0.197308 0.20078 0.200852 0.194223 0.184525 0.171602
-9999 -9999 -9999 -9999 -9999 -9999 -9999 0 0.107957 0.121527 0.138476 0.146728 0.150392 0.148619 0.143028 0.13195 0.116027 0.103342 0 0 0 0.126761 0.146591 0.14894 0.120428 0.130534 0.124235 0.12765 0.114634 0.108935 0.104444 0 0 0 0 0 0.10418 0.11549 0.121798 0.126744 0.1311 0.132941 0.136513 0.129622 0.144152 0.150758 0.15555 0.160066 0.164863 0.168871 0.172287 0.177487 0.180496 0.180149 0.186807 0.189946 0.190487 0.190878 0.191197 0.191592 0.192246 0.193137 0.194529 0.195871 0.197376 0.198914 0.202571 0.204019 0.20479 0.203498 0.186081
-9999 -9999 -9999 -9999 -9999 -9999 -9999 0 0 0.116553 0.133154 0.148001 0.150588 0.150894 0.143753 0.138664 0.127284 0.117031 0.101318 0 0 0 0.133666 0.150121 0.152495 0.152705 0.145258 0.138289 0.137506 0.13789 0.12916 0.115988 0 0 0 0.107034 0.109375 0.108239 0.131374 0.133399 0.134948 0.130078 0.123511 0.129967 0.130767 0.142011 0.140411 0.152025 0.162526 0.169232 0.173298 0.178289 0.183112 0.185021 0.190433 0.191259 0.191749 0.192161 0.192648 0.193246 0.193898 0.194916 0.196408 0.197964 0.199564 0.200869 0.204632 0.206133 0.207031 0.207558 0.205205
-9999 -9999 -9999 -9999 -9999 -9999 -9999 0 0 0.110477 0.129458 0.145649 0.148425 0.153266 0.151229 0.145949 0.136062 0.124144 0.111304 0 0 0 0.122122 0.143203 0.154003 0.154582 0.154933 0.153571 0.153602 0.15125 0.149827 0.139944 0.127276 0.117255 0.103288 0.124916 0.12724 0.124208 0.136524 0.137912 0.123767 0.114188 0.116512 0.127344 0.124611 0.129837 0.13149 0.141617 0.160393 0.162698 0.167426 0.179497 0.183211 0.190303 0.191759 0.192634 0.193304 0.193814 0.194493 0.195317 0.196082 0.197213 0.198614 0.199986 0.201925 0.203502 0.207374 0.208287 0.209347 0.209942 0.209613
-9999 -9999 -9999 -9999 -9999 -9999 -9999 0 0 0 0.127398 0.144919 0.151323 0.155861 0.155126 0.149078 0.144209 0.136886 0.125588 0.118412 0.105274 0 0.121643 0.128225 0.141064 0.146749 0.157128 0.157423 0.153254 0.148226 0.15249 0.155179 0.141902 0.136948 0.129337 0.141321 0.141375 0.14162 0.142187 0.129869 0.11266 0.100014 0.115045 0.116726 0.124855 0.114844 0.134672 0.150145 0.158143 0.155748 0.153967 0.176257 0.186862 0.190251 0.192636 0.194352 0.195019 0.195956 0.196666 0.197554 0.198621 0.1998 0.201218 0.202711 0.204264 0.206269 0.210202 0.211629 0.213528 0.214473 0.213727
-9999 -9999 -9999 -9999 -9999 -9999 -9999 -9999 0 0 0.129119 0.145202 0.154957 0.159326 0.158584 0.155346 0.152041 0.147629 0.139626 0.129641 0.113429 0.101796 0.111329 0.116963 0.12188 0.129615 0.149782 0.156927 0.147803 0.12562 0.144398 0.159081 0.158155 0.156196 0.154237 0.151557 0.150101 0.147142 0.138571 0.11027 0.10757 0 0.103712 0.101563 0.117539 0.118544 0.136628 0.146885 0.153254 0.14451 0.153535 0.177696 0.185814 0.186653 0.191683 0.196123 0.197213 0.198229 0.199094 0.20023 0.201475 0.202805 0.204558 0.206168 0.207863 0.210008 0.214237 0.214791 0.215443 0.214994 0.217462
-9999 -9999 -9999 -9999 -9999 -9999 -9999 -9999 0 0 0.131824 0.142506 0.153245 0.162546 0.162174 0.157409 0.153185 0.149152 0.144796 0.132277 0.120319 0.109021 0.105951 0.109451 0.106924 0.118702 0.14469 0.150109 0.148328 0.131234 0.122888 0.142953 0.159691 0.160679 0.158907 0.138788 0.143481 0.133451 0.120049 0.117859 0.113786 0.102998 0.112819 0.106402 0.114486 0.117398 0.129201 0.136947 0.149935 0.142499 0.148849 0.173182 0.182739 0.18477 0.193985 0.198015 0.199875 0.201143 0.20239 0.203635 0.205104 0.206529 0.208047 0.209625 0.211028 0.2119 0.211784 0.201329 0.202758 0.207867 0.212428
-9999 -9999 -9999 -9999 -9999 -9999 -9999 -9999 0 0 0.125528 0.148623 0.149281 0.160254 0.16578 0.160641 0.155154 0.149804 0.147856 0.133973 0.118784 0.106735 0 0 0.107331 0.122675 0.139694 0.143148 0.140133 0.134902 0.141077 0.154901 0.162159 0.16425 0.162581 0.158457 0.156491 0.14943 0.147325 0.138009 0.122856 0.118639 0.125954 0.110746 0.115488 0.125883 0.12243 0.138026 0.147237 0.136339 0.161557 0.176979 0.185767 0.193405 0.197747 0.20025 0.2032 0.20448 0.205871 0.207268 0.208669 0.210209 0.211585 0.213083 0.213286 0.212732 0.200786 0.200348 0.202908 0.210389 0.216808
-9999 -9999 -9999 -9999 -9999 -9999 -9999 -9999 0 0.100268 0.127549 0.143857 0.146175 0.158507 0.169575 0.168042 0.162292 0.160733 0.155179 0.143338 0.130312 0.116069 0.1095 0 0.110431 0.120342 0.134827 0.141826 0.139538 0.134539 0.144245 0.153814 0.157698 0.167378 0.167565 0.16493 0.152278 0.146787 0.150919 0.149855 0.147045 0.137505 0.139695 0.134969 0.134927 0.135175 0.128847 0.138436 0.142295 0.154857 0.175009 0.184226 0.190894 0.196889 0.199677 0.20298 0.206685 0.208259 0.209712 0.211118 0.212648 0.214053 0.215057 0.216221 0.21484 0.211045 0.202414 0.19114 0.204397 0.217987 0.228268
-9999 -9999 -9999 -9999 -9999 -9999 -9999 -9999 0 0.102627 0.125889 0.135202 0.136247 0.159139 0.173085 0.172866 0.170081 0.167008 0.15261 0.153835 0.151359 0.138388 0.119274 0 0.100641 0.116017 0.128846 0.135423 0.126607 0.120852 0.125823 0.140411 0.1535 0.167196 0.171059 0.167789 0.147817 0.126791 0.138426 0.151059 0.152964 0.151994 0.143391 0.142579 0.142267 0.137161 0.127335 0.13174 0.138591 0.168983 0.176597 0.186611 0.19511 0.194809 0.198024 0.205658 0.210639 0.212267 0.213806 0.215413 0.216871 0.21826 0.218621 0.218952 0.218381 0.205719 0.198458 0.189233 0.207731 0.217527 0.235127
-9999 -9999 -9999 -9999 -9999 -9999 -9999 -9999 0 0 0.116228 0.124814 0.138987 0.160645 0.171165 0.17614 0.175908 0.173806 0.167372 0.163644 0.156159 0.14247 0.123648 0.102677 0 0 0.117407 0.129982 0.11667 0.108981 0.119807 0.1355 0.158503 0.171913 0.174299 0.173916 0.170567 0.155558 0.13741 0.13908 0.150714 0.144609 0.137397 0.145132 0.146826 0.141614 0.138658 0.138138 0.151441 0.16738 0.173732 0.184933 0.200049 0.204023 0.205623 0.212812 0.214774 0.216512 0.218284 0.219835 0.221357 0.222797 0.223386 0.222711 0.214846 0.20822 0.198322 0.198567 0.217775 0.230726 0.24433
-9999 -9999 -9999 -9999 -9999 -9999 -9999 -9999 0 0 0.110304 0.129824 0.148343 0.164299 0.165216 0.173614 0.173445 0.177908 0.176618 0.170615 0.1642 0.152289 0.127859 0.107353 0 0 0.118221 0.124857 0.114655 0 0.116631 0.140198 0.16164 0.173602 0.165582 0.175506 0.175783 0.170904 0.160634 0.144111 0.146191 0.134599 0.136153 0.145434 0.150184 0.151656 0.150019 0.146245 0.158313 0.170924 0.175035 0.185595 0.19794 0.209889 0.213609 0.217398 0.219291 0.221034 0.222829 0.224452 0.225839 0.22694 0.227462 0.221094 0.213247 0.209099 0.202766 0.203553 0.222637 0.238418 0.250395
