Test_Spring_2018b/02_18/Prec/20180214_013.txt
ncols	170
nrows	115
xllcorner	350000.000000
yllcorner	4445000.000000
cellsize	1000.000000
nodata_value	-9999.000000
[rows 33 to 65 of 115, columns 73 to 145 of 170]
0.555039 0.555936 0.556096 0.55226 0.548254 0.547813 0.547453 0.546923 0.54623 0.545541 0.544764 0.543484 0.541758 0.538818 0.535238 0.53313 0.532339 0.530146 0.527742 0.524188 0.520166 0.515423 0.512758 0.509302 0.490487 0.468244 0.45372 -9999 -9999 -9999 -9999 -9999 -9999 -9999 -9999 -9999 -9999 -9999 -9999 -9999 -9999 -9999 -9999 -9999 -9999 -9999 -9999 -9999 -9999 -9999 -9999 -9999 -9999 -9999 -9999 -9999 -9999 -9999 -9999 -9999 -9999 -9999 -9999 -9999 -9999 -9999 -9999 -9999 -9999 -9999 -9999 -9999 -9999
0.547477 0.548239 0.548863 0.539095 0.541176 0.540699 0.541009 0.540339 0.539641 0.538549 0.537469 0.536096 0.534247 0.531884 0.529093 0.524985 0.524864 0.524135 0.521837 0.519218 0.51582 0.511509 0.509191 0.505713 0.47174 0.456142 0.45026 0.445111 -9999 -9999 -9999 -9999 -9999 -9999 -9999 -9999 -9999 -9999 -9999 -9999 -9999 -9999 -9999 -9999 -9999 -9999 -9999 -9999 -9999 -9999 -9999 -9999 -9999 -9999 -9999 -9999 -9999 -9999 -9999 -9999 -9999 -9999 -9999 -9999 -9999 -9999 -9999 -9999 -9999 -9999 -9999 -9999 -9999
0.540358 0.541281 0.542275 0.536032 0.532324 0.534885 0.534437 0.533918 0.533022 0.531703 0.529555 0.528352 0.527204 0.525218 0.522241 0.519142 0.517151 0.51733 0.515908 0.513567 0.511494 0.507686 0.505127 0.50165 0.480504 0.454876 0.447526 0.442242 0.436459 -9999 -9999 -9999 -9999 -9999 -9999 -9999 -9999 -9999 -9999 -9999 -9999 -9999 -9999 -9999 -9999 -9999 -9999 -9999 -9999 -9999 -9999 -9999 -9999 -9999 -9999 -9999 -9999 -9999 -9999 -9999 -9999 -9999 -9999 -9999 -9999 -9999 -9999 -9999 -9999 -9999 -9999 -9999 -9999
-9999 0.534226 0.528855 0.528123 0.526258 0.528859 0.528393 0.527795 0.526717 0.524808 0.523261 0.522045 0.52032 0.518179 0.516367 0.514019 0.511535 0.510456 0.510396 0.507725 0.506666 0.504045 0.501434 0.497547 0.467696 0.450626 0.443505 0.438314 0.43278 -9999 -9999 -9999 -9999 -9999 -9999 -9999 -9999 -9999 -9999 -9999 -9999 -9999 -9999 -9999 -9999 -9999 -9999 -9999 -9999 -9999 -9999 -9999 -9999 -9999 -9999 -9999 -9999 -9999 -9999 -9999 -9999 -9999 -9999 -9999 -9999 -9999 -9999 -9999 -9999 -9999 -9999 -9999 -9999
-9999 -9999 0.523345 0.522279 0.523145 0.523172 0.52247 0.521942 0.520721 0.519128 0.517581 0.515948 0.514257 0.512345 0.510407 0.508255 0.506985 0.506759 0.505328 0.503425 0.501617 0.499839 0.497026 0.47693 0.462841 0.457526 0.438919 0.433326 0.428895 0.423846 -9999 -9999 -9999 -9999 -9999 -9999 -9999 -9999 -9999 -9999 -9999 -9999 0.366072 -9999 -9999 -9999 -9999 -9999 -9999 -9999 -9999 -9999 -9999 -9999 -9999 -9999 -9999 -9999 -9999 -9999 -9999 -9999 -9999 0.17614 -9999 -9999 -9999 -9999 -9999 -9999 -9999 -9999 -9999
-9999 0.523577 0.517234 0.5178 0.51822 0.515939 0.517122 0.516539 0.515166 0.513497 0.511795 0.509846 0.508401 0.506808 0.504884 0.503712 0.503074 0.502185 0.501161 0.499821 0.497955 0.495576 0.49272 0.465787 0.460713 0.455732 0.439605 0.432104 0.426548 0.420676 0.415354 -9999 -9999 -9999 -9999 -9999 -9999 -9999 0.387636 0.382532 0.376835 0.3707 0.364381 0.355892 -9999 -9999 -9999 -9999 -9999 -9999 -9999 -9999 -9999 -9999 -9999 -9999 -9999 -9999 -9999 -9999 -9999 -9999 -9999 0.173892 0.166959 -9999 -9999 -9999 -9999 -9999 -9999 -9999 -9999
-9999 0.511627 0.512782 0.513208 0.513584 0.513311 0.512533 0.511385 0.510069 0.508428 0.506574 0.504675 0.503336 0.501621 0.50034 0.499283 0.498965 0.498235 0.497074 0.495599 0.493787 0.491155 0.488555 0.463032 0.458153 0.452631 0.44693 0.429934 0.423275 0.416899 0.411194 -9999 -9999 -9999 -9999 -9999 -9999 0.390864 0.387333 0.382829 0.376126 0.370324 0.36355 0.355034 0.315634 -9999 -9999 -9999 -9999 -9999 -9999 -9999 -9999 -9999 -9999 -9999 -9999 -9999 -9999 0.194025 0.189195 0.182743 0.176937 0.170995 0.164055 -9999 -9999 -9999 -9999 -9999 -9999 -9999 -9999
-9999 0.507196 0.508579 0.509267 0.509461 0.508802 0.50948 0.506984 0.505427 0.503675 0.501925 0.500289 0.49845 0.497133 0.49553 0.495554 0.494948 0.494168 0.492704 0.491346 0.488669 0.486162 0.463163 0.460065 0.454825 0.448493 0.441615 0.432598 0.419452 0.414271 0.408808 -9999 -9999 -9999 -9999 -9999 -9999 0.390361 0.387096 0.382906 0.377207 0.369432 0.362864 0.326746 0.315205 0.303725 0.292746 0.281445 0.260267 0.243689 0.234657 0.226034 0.219121 -9999 -9999 -9999 -9999 0.196672 0.193792 0.190876 0.187145 0.180763 0.174553 0.167742 0.147089 -9999 -9999 -9999 -9999 -9999 -9999 -9999 -9999
-9999 0.504028 0.505161 0.505562 0.505252 0.504914 0.505182 0.5029 0.495264 0.493811 0.492436 0.491184 0.489957 0.4887 0.488068 0.487446 0.486649 0.484642 0.482192 0.481655 0.484877 0.474872 0.460761 0.457288 0.45167 0.444715 0.437306 0.429601 0.417403 0.411915 0.401097 -9999 -9999 -9999 0.392137 0.390964 0.388421 0.385566 0.382681 0.378606 0.377711 0.371053 0.351518 0.327234 0.314748 0.301614 0.289239 0.277987 0.265951 0.239642 0.230016 0.220996 0.210009 0.204522 0.19993 0.196126 0.192937 0.190304 0.187925 0.18538 0.182049 0.179029 0.17345 0.167403 0.140584 -9999 -9999 -9999 -9999 -9999 -9999 -9999 -9999
-9999 0.496571 0.4976 0.498136 0.495335 0.494651 0.494024 0.49345 0.492011 0.490657 0.488925 0.488099 0.487087 0.486269 0.485564 0.484912 0.483336 0.481215 0.478838 0.476922 0.470272 0.466562 0.452541 0.44886 0.448642 0.434255 0.427073 0.421762 0.414637 0.403178 0.398188 -9999 -9999 0.391522 0.391978 0.391667 0.39022 0.387565 0.383787 0.379915 0.373862 0.36752 0.348692 0.324125 0.311935 0.30057 0.28713 0.266772 0.254182 0.234596 0.220793 0.212427 0.205262 0.199671 0.195146 0.191681 0.189052 0.186819 0.185035 0.183052 0.180309 0.175411 0.170464 0.152998 0.138219 -9999 -9999 -9999 -9999 -9999 -9999 -9999 -9999
-9999 0.488277 0.488994 0.489501 0.48927 0.489138 0.491225 0.490188 0.489383 0.488046 0.48652 0.485247 0.48479 0.484143 0.483658 0.483245 0.481841 0.480118 0.477468 0.475094 0.467948 0.464712 0.442644 0.437899 0.432456 0.427008 0.422143 0.420124 0.412343 0.407171 0.397505 0.394101 -9999 0.391501 0.391261 0.391726 0.391453 0.389836 0.385819 0.382058 0.375929 0.360769 0.350259 0.325975 0.304195 0.290354 0.276344 0.263435 0.250775 0.230381 0.219784 0.207719 0.200504 0.194823 0.190535 0.187481 0.185392 0.183891 0.182599 0.181088 0.178945 0.175254 0.160934 0.153173 0.13808 -9999 -9999 -9999 -9999 -9999 -9999 -9999 -9999
0.486767 0.486045 0.487077 0.487329 0.487256 0.486949 0.486416 0.485917 0.487261 0.486099 0.484854 0.483163 0.482532 0.482197 0.482333 0.482078 0.481711 0.480572 0.477497 0.47178 0.462074 0.45676 0.442069 0.436756 0.43231 0.426707 0.420615 0.414831 0.407384 0.405304 0.40085 0.393083 0.391994 0.392183 0.392251 0.392601 0.393068 0.39207 0.389128 0.384376 0.372265 0.363322 0.343778 0.319747 0.305018 0.289735 0.274742 0.260065 0.246426 0.22631 0.215018 0.205648 0.195987 0.190402 0.186397 0.183771 0.182207 0.181282 0.180536 0.179557 0.177909 0.167888 0.1619 0.148711 0.134758 -9999 -9999 -9999 -9999 -9999 -9999 -9999 -9999
-9999 0.483923 0.484396 0.484379 0.484246 0.484135 0.483957 0.483965 0.483325 0.482987 0.48352 0.482085 0.480791 0.481137 0.481218 0.481346 0.48111 0.480536 0.471423 0.467342 0.462873 0.457234 0.443718 0.438186 0.43223 0.426136 0.418962 0.412292 0.404216 0.399041 0.396453 0.394906 0.392296 0.392611 0.394165 0.394955 0.394362 0.392611 0.3911 0.38252 0.36884 0.358509 0.34544 0.321296 0.305292 0.289597 0.273691 0.258149 0.241837 0.222459 0.210961 0.202028 0.193549 0.186676 0.18295 0.180728 0.179622 0.179202 0.178958 0.178416 0.172055 0.165385 0.159118 0.148708 0.134853 -9999 -9999 -9999 -9999 -9999 -9999 -9999 -9999
-9999 -9999 -9999 0.482289 0.482287 0.482067 0.481915 0.482457 0.482226 0.481977 0.481669 0.481168 0.480639 0.480255 0.480303 0.479451 0.478399 0.476304 0.473563 0.470043 0.464323 0.451091 0.445653 0.439041 0.43152 0.424541 0.418016 0.411049 0.403629 0.3984 0.394604 0.39319 0.394304 0.395191 0.397164 0.397834 0.39653 0.39506 0.38735 0.380986 0.371993 0.360453 0.346674 0.322199 0.305122 0.289278 0.272757 0.256188 0.240392 0.219511 0.208096 0.198255 0.19097 0.185194 0.180396 0.178498 0.177781 0.177751 0.17788 0.173259 0.170332 0.166051 0.16031 0.149536 0.134423 -9999 -9999 -9999 -9999 -9999 -9999 -9999 -9999
-9999 -9999 -9999 0.480017 0.479913 0.48005 0.480917 0.481241 0.481226 0.48104 0.481088 0.480905 0.48032 0.479776 0.479096 0.477466 0.476568 0.475644 0.473402 0.469761 0.463923 0.452221 0.44536 0.438187 0.430098 0.422796 0.416585 0.40976 0.402328 0.398044 0.394181 0.393982 0.394587 0.395922 0.398114 0.399539 0.398853 0.394703 0.389842 0.383377 0.373494 0.360948 0.347443 0.322348 0.304448 0.288453 0.27173 0.254871 0.239122 0.217944 0.206126 0.196393 0.188737 0.183113 0.17936 0.177176 0.176707 0.176925 0.175402 0.173709 0.17079 0.16643 0.160554 0.150861 0.134223 -9999 -9999 -9999 -9999 -9999 -9999 -9999 -9999
-9999 -9999 -9999 -9999 0.477612 0.478432 0.479829 0.480071 0.479992 0.480392 0.480588 0.480501 0.480467 0.47981 0.47863 0.475793 0.474846 0.47363 0.472086 0.468986 0.464241 0.45112 0.443506 0.434703 0.426388 0.420079 0.414282 0.408105 0.401222 0.397014 0.396264 0.396484 0.397496 0.398419 0.398705 0.399945 0.399592 0.395842 0.390983 0.383945 0.373421 0.361077 0.347074 0.321756 0.304692 0.287456 0.270928 0.253805 0.238229 0.21721 0.205284 0.195501 0.187853 0.182355 0.178742 0.176886 0.176425 0.176244 0.175524 0.173806 0.170808 0.166349 0.160355 0.152664 0.13787 0.126218 -9999 -9999 -9999 -9999 -9999 -9999 -9999
-9999 -9999 -9999 -9999 0.47513 0.475475 0.477291 0.477858 0.478866 0.479596 0.479987 0.479849 0.479124 0.478261 0.477965 0.47511 0.472764 0.470999 0.467297 0.465444 0.462701 0.449413 0.438477 0.430245 0.422723 0.417011 0.411659 0.406681 0.399052 0.39603 0.396513 0.397128 0.398118 0.399248 0.399023 0.399299 0.39945 0.396011 0.390749 0.382617 0.372459 0.359573 0.345318 0.320897 0.303537 0.286348 0.270059 0.252978 0.23799 0.217085 0.205264 0.195561 0.188322 0.182859 0.179328 0.176796 0.176536 0.176396 0.175251 0.173421 0.170297 0.165715 0.159656 0.152112 0.1393 0.127882 0.116459 0.105372 -9999 -9999 -9999 -9999 -9999
-9999 -9999 -9999 -9999 -9999 0.472187 0.474845 0.476132 0.477096 0.478443 0.479073 0.475905 0.476905 0.476515 0.475444 0.472717 0.468721 0.465562 0.465324 0.463921 0.460563 0.447289 0.437143 0.429185 0.422837 0.417846 0.412032 0.407158 0.400157 0.39742 0.395409 0.395295 0.394594 0.394961 0.397266 0.398106 0.39665 0.393715 0.387666 0.379652 0.36962 0.357558 0.343951 0.318598 0.302656 0.285635 0.269445 0.253423 0.238273 0.217621 0.206001 0.196946 0.189823 0.184477 0.178291 0.177224 0.176742 0.176341 0.175549 0.172491 0.169194 0.164519 0.158411 0.150937 0.138459 0.12831 0.116885 0.104749 0 -9999 -9999 -9999 -9999
-9999 -9999 -9999 -9999 -9999 0.469196 0.471904 0.47329 0.475367 0.473605 0.471716 0.473524 0.474522 0.474332 0.472824 0.470611 0.466304 0.460949 0.461694 0.460766 0.457619 0.452527 0.435023 0.429474 0.422807 0.417549 0.411489 0.406876 0.401186 0.398225 0.39603 0.39081 0.387371 0.391388 0.393537 0.39429 0.39297 0.389623 0.384173 0.377397 0.365128 0.352442 0.340213 0.315863 0.30009 0.284175 0.268519 0.253353 0.239008 0.218774 0.208101 0.198919 0.187519 0.181355 0.179083 0.177739 0.17689 0.176093 0.174926 0.173012 0.168696 0.162776 0.15669 0.149347 0.137038 0.127395 0.117097 0.106243 0 0 0 0 -9999
-9999 -9999 -9999 -9999 -9999 0.46359 0.467527 0.46573 0.468544 0.466033 0.468261 0.470061 0.470735 0.470922 0.469696 0.467619 0.464066 0.458854 0.453712 0.453231 0.452076 0.449267 0.434472 0.428372 0.42194 0.416067 0.411397 0.407573 0.401475 0.392024 0.390268 0.384136 0.384951 0.387869 0.388553 0.387766 0.387648 0.38386 0.37814 0.369953 0.360795 0.350031 0.334292 0.310846 0.295477 0.281213 0.267088 0.253164 0.23983 0.219989 0.202533 0.195112 0.186111 0.182415 0.179869 0.178144 0.176857 0.175599 0.173976 0.171685 0.168481 0.162015 0.156103 0.147432 0.135356 0.126218 0.116518 0.106483 0 0 0 0 0
-9999 -9999 -9999 -9999 -9999 0.455575 0.458769 0.462406 0.458653 0.46184 0.463811 0.465752 0.466641 0.466608 0.465372 0.463072 0.459782 0.454964 0.449915 0.447443 0.446686 0.443463 0.428777 0.424995 0.419645 0.414621 0.401911 0.39854 0.393322 0.391349 0.381396 0.381249 0.380879 0.383445 0.383585 0.382174 0.380764 0.376771 0.369681 0.361311 0.352423 0.343557 0.331219 0.307092 0.290987 0.27772 0.265468 0.24347 0.23139 0.212463 0.203952 0.192182 0.187114 0.183273 0.180439 0.178304 0.176545 0.174801 0.172718 0.170048 0.166568 0.162111 0.153672 0.146776 0.134638 0.124904 0.115883 0.106585 0 0 0 0 0
-9999 -9999 -9999 -9999 -9999 0.445981 0.454922 0.458154 0.454165 0.457152 0.459122 0.460718 0.461442 0.461114 0.460181 0.458234 0.455117 0.451607 0.44689 0.441161 0.439857 0.437498 0.423022 0.408887 0.40436 0.399629 0.395318 0.391853 0.390273 0.378982 0.377598 0.377358 0.376957 0.378047 0.377428 0.375865 0.373101 0.367767 0.360499 0.352162 0.34493 0.335254 0.325254 0.300356 0.280724 0.268073 0.255129 0.242228 0.230542 0.212744 0.198765 0.192637 0.18768 0.183761 0.180621 0.178106 0.175871 0.173645 0.171144 0.168123 0.164414 0.159888 0.154491 0.144408 0.132576 0.124371 0.109978 0.100864 0 0 0 0 0
-9999 -9999 -9999 -9999 -9999 -9999 0.442988 0.438696 0.442696 0.445609 0.447916 0.449497 0.450173 0.450001 0.449065 0.447196 0.444163 0.440168 0.434942 0.429614 0.425856 0.422992 0.407376 0.402605 0.399406 0.395632 0.391086 0.381994 0.369683 0.369988 0.369462 0.369158 0.368864 0.371472 0.370188 0.367923 0.364084 0.357248 0.347388 0.339269 0.331094 0.321156 0.311546 0.287404 0.276223 0.264368 0.252495 0.239865 0.218482 0.203187 0.19636 0.190117 0.185385 0.183715 0.180329 0.177437 0.17478 0.172139 0.169265 0.165959 0.159037 0.15412 0.148447 0.137316 0.1254 0.117338 0.109051 0.100617 0 0 0 0 0
-9999 -9999 -9999 -9999 -9999 -9999 0.429523 0.433172 0.437239 0.439193 0.441119 0.442708 0.44305 0.44247 0.441301 0.439449 0.436861 0.432877 0.428379 0.423503 0.419081 0.415119 0.400358 0.396448 0.394188 0.390566 0.386868 0.364754 0.361965 0.362357 0.362904 0.362269 0.361366 0.358515 0.357333 0.354015 0.349389 0.344644 0.338544 0.330672 0.323572 0.314053 0.305055 0.281163 0.270611 0.259718 0.249579 0.23811 0.216826 0.201386 0.195062 0.189097 0.184728 0.180699 0.177094 0.173842 0.170766 0.167645 0.164299 0.160542 0.156269 0.151406 0.145911 0.139774 0.127366 0.11414 0.106653 0 0 0 0 0 0
-9999 -9999 -9999 -9999 -9999 -9999 0.425026 0.427345 0.430618 0.433232 0.433794 0.435115 0.435638 0.434772 0.433353 0.431374 0.429122 0.425252 0.420795 0.416255 0.411253 0.407733 0.404971 0.391249 0.388552 0.385022 0.381368 0.359082 0.357362 0.356817 0.356031 0.35495 0.353493 0.351554 0.349327 0.345962 0.342208 0.336864 0.330008 0.323165 0.316452 0.306905 0.298491 0.290083 0.264853 0.255744 0.246287 0.235442 0.206054 0.199709 0.193651 0.188351 0.183543 0.179241 0.175499 0.17195 0.16857 0.165168 0.161584 0.157696 0.153381 0.148609 0.143232 0.137315 0.129947 0.111952 0.105238 0 0 0 0 0 0
-9999 -9999 -9999 -9999 -9999 -9999 0.420259 0.421996 0.424472 0.426036 0.426317 0.427368 0.428066 0.427292 0.42573 0.424093 0.421635 0.418174 0.414225 0.40986 0.405974 0.401117 0.399222 0.385159 0.382554 0.379568 0.356069 0.352676 0.351047 0.349775 0.348253 0.347374 0.345596 0.34334 0.339784 0.336318 0.333036 0.328518 0.323034 0.316138 0.309541 0.301641 0.293595 0.285139 0.260131 0.251425 0.242376 0.223525 0.204202 0.197744 0.191785 0.186477 0.181538 0.177209 0.173356 0.169609 0.166001 0.162393 0.158669 0.1547 0.15038 0.145711 0.14043 0.13456 0.12792 0.108906 0.103758 0 0 0 0 0 0
-9999 -9999 -9999 -9999 -9999 -9999 0.414579 0.41608 0.417794 0.418314 0.418077 0.419716 0.420376 0.419513 0.418114 0.416349 0.413211 0.41114 0.40843 0.40452 0.399866 0.394918 0.392047 0.37919 0.376147 0.373299 0.348369 0.344808 0.342536 0.341405 0.340333 0.339401 0.337541 0.334859 0.330356 0.325316 0.322675 0.319506 0.314713 0.308997 0.301957 0.29504 0.287671 0.279479 0.257985 0.246222 0.238188 0.207622 0.200818 0.194796 0.189237 0.183479 0.178592 0.174583 0.170719 0.166824 0.163071 0.159357 0.155555 0.151582 0.147284 0.142704 0.137744 0.131399 0.125274 0.113762 0.102254 0 0 0 0 0 0
-9999 -9999 -9999 -9999 -9999 -9999 0.408448 0.409028 0.410267 0.410329 0.410898 0.412092 0.412174 0.411596 0.410342 0.408682 0.406376 0.404059 0.401162 0.397493 0.393186 0.388558 0.384522 0.382348 0.369018 0.352348 0.340802 0.336956 0.335006 0.333693 0.333182 0.331872 0.329539 0.326825 0.323607 0.319 0.313689 0.309674 0.306027 0.300231 0.293795 0.288198 0.281608 0.274027 0.266384 0.242006 0.223464 0.203188 0.196652 0.191011 0.186223 0.180935 0.175913 0.171818 0.167603 0.163626 0.159816 0.15605 0.152255 0.148348 0.144196 0.139717 0.134351 0.128856 0.122844 0.117561 0.101165 0 0 0 0 0 0
-9999 -9999 -9999 -9999 -9999 -9999 0.401783 0.402279 0.403017 0.403689 0.404297 0.404669 0.403643 0.403214 0.401899 0.400859 0.399134 0.396803 0.394248 0.391015 0.386484 0.38216 0.377553 0.37544 0.364259 0.338271 0.333929 0.328898 0.327703 0.326842 0.325899 0.324161 0.320618 0.318611 0.315574 0.311831 0.307288 0.3018 0.29756 0.291627 0.286405 0.281418 0.275598 0.269117 0.262073 0.242307 0.219394 0.199041 0.192564 0.187048 0.182118 0.177596 0.172763 0.168332 0.164069 0.160057 0.156236 0.152499 0.148761 0.144942 0.140953 0.136175 0.131065 0.12608 0.120697 0.115786 0.107625 0 0 0 0 0 0
-9999 -9999 -9999 -9999 -9999 -9999 -9999 0.396183 0.396619 0.396599 0.395557 0.395481 0.394834 0.394037 0.392795 0.39295 0.391542 0.389589 0.387301 0.384467 0.380706 0.377284 0.372924 0.368977 0.343596 0.330074 0.327161 0.323653 0.321228 0.320057 0.319065 0.316302 0.312034 0.309256 0.306482 0.303908 0.300195 0.294301 0.289163 0.283835 0.279692 0.275161 0.26969 0.263712 0.257261 0.228012 0.201361 0.195615 0.189855 0.183875 0.178703 0.173766 0.168904 0.164388 0.160127 0.156144 0.15236 0.148685 0.145077 0.14136 0.137424 0.132795 0.126855 0.122758 0.118167 0.113012 0.105239 0 0 0 0 0 0
-9999 -9999 -9999 -9999 -9999 -9999 -9999 0.389657 0.390039 0.388672 0.386876 0.384453 0.383256 0.384641 0.383824 0.383969 0.384026 0.382498 0.380436 0.377886 0.375017 0.37139 0.366906 0.362668 0.338223 0.328036 0.322541 0.319404 0.316532 0.31437 0.31132 0.306789 0.302417 0.300054 0.297407 0.295895 0.292926 0.289141 0.284057 0.278437 0.273151 0.269177 0.263955 0.258254 0.252152 0.233907 0.203938 0.191778 0.185939 0.180199 0.174617 0.169583 0.164667 0.160079 0.155855 0.151912 0.148211 0.144648 0.141175 0.137487 0.133678 0.128788 0.123946 0.11932 0.114301 0.111936 0.103604 0 0 0 0 0 0
-9999 -9999 -9999 -9999 -9999 -9999 -9999 -9999 -9999 -9999 -9999 -9999 0.375776 0.374839 0.375553 0.376012 0.376784 0.375551 0.373783 0.371786 0.368637 0.365085 0.362598 0.345276 0.332864 0.322995 0.316694 0.313935 0.310595 0.307394 0.303358 0.298861 0.294059 0.291752 0.290316 0.288995 0.285897 0.282715 0.278549 0.27375 0.267322 0.263628 0.258541 0.25307 0.247026 0.215897 0.200146 0.18769 0.181214 0.1756 0.170431 0.165067 0.160075 0.155481 0.151273 0.147396 0.143815 0.140434 0.137152 0.133836 0.130264 0.125998 0.121691 0.117292 0.11186 0.109676 0 0 0 0 0 0 0
-9999 -9999 -9999 -9999 -9999 -9999 -9999 -9999 -9999 -9999 -9999 -9999 0.366653 0.364878 0.36802 0.36876 0.369491 0.368767 0.367204 0.365312 0.363034 0.360314 0.356828 0.332268 0.327274 0.325468 0.310936 0.307549 0.30358 0.298909 0.295162 0.290434 0.286328 0.284887 0.28349 0.282109 0.279517 0.276431 0.273107 0.267658 0.262156 0.257973 0.253207 0.24816 0.230932 0.211522 0.205083 0.183681 0.177595 0.171592 0.16579 0.160332 0.155213 0.150585 0.146413 0.142627 0.139213 0.136077 0.133085 0.130157 0.126995 0.122955 0.119057 0.114826 0.109872 0.103202 0 0 0 0 0 0 0
