Test_Spring_2018b/02_18/Prec/20180225_018.txt
ncols	170
nrows	115
xllcorner	350000.000000
yllcorner	4445000.000000
cellsize	1000.000000
nodata_value	-9999.000000
[rows 32 to 63 of 115, columns 72 to 143 of 170]
1.61967 1.60445 1.61248 1.61896 1.57558 1.55531 1.55785 1.55105 1.5371 1.5135 1.50136 1.48946 1.48061 1.45391 1.38725 1.32716 1.35434 1.35213 1.32834 1.36317 1.34043 1.28557 1.20916 1.24545 1.23135 1.15141 1.13041 -9999 -9999 -9999 -9999 -9999 -9999 -9999 -9999 -9999 -9999 -9999 -9999 -9999 -9999 -9999 -9999 -9999 -9999 -9999 -9999 -9999 -9999 -9999 -9999 -9999 -9999 -9999 -9999 -9999 -9999 -9999 -9999 -9999 -9999 -9999 -9999 -9999 -9999 -9999 -9999 -9999 -9999 -9999 -9999 -9999
1.61215 1.60234 1.61754 1.61059 1.58856 1.56657 1.56166 1.55801 1.54906 1.53574 1.52384 1.51193 1.48965 1.45992 1.40239 1.33444 1.31653 1.34491 1.34332 1.34525 1.32391 1.29778 1.25863 1.284 1.29136 1.24301 1.17525 1.1315 -9999 -9999 -9999 -9999 -9999 -9999 -9999 -9999 -9999 -9999 -9999 -9999 -9999 -9999 -9999 -9999 -9999 -9999 -9999 -9999 -9999 -9999 -9999 -9999 -9999 -9999 -9999 -9999 -9999 -9999 -9999 -9999 -9999 -9999 -9999 -9999 -9999 -9999 -9999 -9999 -9999 -9999 -9999 -9999
1.60249 1.57598 1.58277 1.58609 1.57471 1.54673 1.54317 1.56267 1.55564 1.54913 1.53329 1.52001 1.50137 1.47281 1.43405 1.38832 1.31139 1.35341 1.38557 1.38122 1.37571 1.35604 1.31794 1.34247 1.33959 1.27605 1.19707 1.16419 1.14856 -9999 -9999 -9999 -9999 -9999 -9999 -9999 -9999 -9999 -9999 -9999 -9999 -9999 -9999 -9999 -9999 -9999 -9999 -9999 -9999 -9999 -9999 -9999 -9999 -9999 -9999 -9999 -9999 -9999 -9999 -9999 -9999 -9999 -9999 -9999 -9999 -9999 -9999 -9999 -9999 -9999 -9999 -9999
1.59099 1.55984 1.5667 1.57768 1.58522 1.56869 1.55687 1.55873 1.56109 1.55516 1.53939 1.50222 1.49358 1.48847 1.46201 1.41042 1.35892 1.34301 1.39363 1.40543 1.39837 1.40639 1.37316 1.38243 1.37227 1.34563 1.27436 1.21206 1.19037 1.15135 -9999 -9999 -9999 -9999 -9999 -9999 -9999 -9999 -9999 -9999 -9999 -9999 -9999 -9999 -9999 -9999 -9999 -9999 -9999 -9999 -9999 -9999 -9999 -9999 -9999 -9999 -9999 -9999 -9999 -9999 -9999 -9999 -9999 -9999 -9999 -9999 -9999 -9999 -9999 -9999 -9999 -9999
-9999 -9999 1.54309 1.54982 1.55355 1.5581 1.55748 1.56216 1.56697 1.5614 1.53479 1.51994 1.51534 1.49687 1.46706 1.44713 1.41347 1.37839 1.38672 1.42897 1.40421 1.43251 1.42509 1.42629 1.39948 1.33726 1.26761 1.21635 1.19636 1.16396 -9999 -9999 -9999 -9999 -9999 -9999 -9999 -9999 -9999 -9999 -9999 -9999 -9999 -9999 -9999 -9999 -9999 -9999 -9999 -9999 -9999 -9999 -9999 -9999 -9999 -9999 -9999 -9999 -9999 -9999 -9999 -9999 -9999 -9999 -9999 -9999 -9999 -9999 -9999 -9999 -9999 -9999
-9999 -9999 -9999 1.55033 1.54986 1.57494 1.55822 1.5593 1.57039 1.56586 1.55335 1.54333 1.53074 1.51553 1.49254 1.46744 1.43566 1.42948 1.45519 1.45138 1.4407 1.44074 1.45086 1.4416 1.39542 1.32317 1.28697 1.19601 1.16496 1.16396 1.14155 -9999 -9999 -9999 -9999 -9999 -9999 -9999 -9999 -9999 -9999 -9999 -9999 1.18297 -9999 -9999 -9999 -9999 -9999 -9999 -9999 -9999 -9999 -9999 -9999 -9999 -9999 -9999 -9999 -9999 -9999 -9999 -9999 -9999 0.993698 -9999 -9999 -9999 -9999 -9999 -9999 -9999
-9999 -9999 1.56966 1.56437 1.57254 1.58541 1.56872 1.56116 1.57472 1.57059 1.56078 1.55067 1.53246 1.52588 1.51177 1.48502 1.47698 1.48313 1.48365 1.48432 1.48263 1.47492 1.46326 1.44956 1.40713 1.37398 1.34994 1.27816 1.23124 1.19952 1.15405 1.1182 -9999 -9999 -9999 -9999 -9999 -9999 -9999 1.17672 1.17262 1.17061 1.17685 1.19914 1.18092 -9999 -9999 -9999 -9999 -9999 -9999 -9999 -9999 -9999 -9999 -9999 -9999 -9999 -9999 -9999 -9999 -9999 -9999 -9999 1.02099 0.984831 -9999 -9999 -9999 -9999 -9999 -9999
-9999 -9999 1.56292 1.57598 1.57864 1.59051 1.5945 1.57152 1.57293 1.57482 1.57019 1.55967 1.54565 1.54329 1.52517 1.51409 1.50509 1.51473 1.51334 1.50355 1.49187 1.48047 1.45803 1.44984 1.42396 1.40007 1.36537 1.33017 1.26189 1.20065 1.14113 1.09299 -9999 -9999 -9999 -9999 -9999 -9999 1.18838 1.20721 1.21729 1.18752 1.20738 1.22504 1.21817 1.18696 -9999 -9999 -9999 -9999 -9999 -9999 -9999 -9999 -9999 -9999 -9999 -9999 -9999 -9999 1.19327 1.15698 1.08579 1.04771 1.02345 0.990036 -9999 -9999 -9999 -9999 -9999 -9999
-9999 -9999 1.56426 1.58054 1.58892 1.59574 1.59055 1.58694 1.57822 1.57735 1.57359 1.5694 1.56506 1.54935 1.54143 1.51847 1.53556 1.53151 1.52252 1.49799 1.48402 1.44397 1.42249 1.3993 1.42045 1.39188 1.34055 1.27857 1.19415 1.17769 1.15196 1.10857 -9999 -9999 -9999 -9999 -9999 -9999 1.19929 1.21965 1.23591 1.2357 1.20566 1.23944 1.22766 1.20248 1.19351 1.20657 1.21143 1.19184 1.20303 1.20717 1.19649 1.20548 -9999 -9999 -9999 -9999 1.2065 1.2062 1.20518 1.18859 1.11091 1.05663 1.00729 0.997655 -9999 -9999 -9999 -9999 -9999 -9999
-9999 -9999 1.5867 1.5928 1.59147 1.58404 1.58931 1.58403 1.57761 1.58231 1.57789 1.57492 1.57247 1.56615 1.55366 1.55379 1.55064 1.54139 1.49998 1.45147 1.46551 1.42901 1.36089 1.39185 1.4086 1.37644 1.315 1.2455 1.20719 1.19618 1.16168 1.12424 -9999 -9999 -9999 1.15039 1.18146 1.18295 1.19098 1.21931 1.24007 1.24891 1.25724 1.25218 1.23039 1.20532 1.17851 1.18202 1.21784 1.22383 1.21412 1.2185 1.2086 1.21479 1.22465 1.22948 1.2299 1.22656 1.2249 1.22434 1.22123 1.20578 1.13278 1.09108 1.06293 1.00338 -9999 -9999 -9999 -9999 -9999 -9999
-9999 -9999 1.59705 1.60118 1.60256 1.59627 1.58982 1.59356 1.58448 1.58235 1.58039 1.56654 1.57459 1.57213 1.56916 1.56394 1.55641 1.52187 1.4744 1.4259 1.40021 1.39901 1.35798 1.36082 1.37761 1.35319 1.3158 1.25265 1.23764 1.2092 1.14745 1.0945 -9999 -9999 1.09114 1.15206 1.19475 1.21623 1.22195 1.22101 1.24787 1.24763 1.27575 1.26459 1.21437 1.21438 1.18567 1.19125 1.20366 1.20376 1.21395 1.22677 1.22921 1.22834 1.2345 1.23542 1.23531 1.23452 1.229 1.22981 1.22836 1.21788 1.16662 1.13976 1.10924 1.01236 -9999 -9999 -9999 -9999 -9999 -9999
-9999 -9999 1.60774 1.61321 1.61982 1.61284 1.61549 1.59126 1.57236 1.58437 1.58105 1.57086 1.56371 1.57382 1.57234 1.56992 1.56598 1.53364 1.4956 1.43869 1.40059 1.37108 1.34914 1.31761 1.32187 1.30904 1.29494 1.29258 1.26312 1.21724 1.18204 1.1172 1.08402 -9999 1.09608 1.12317 1.17442 1.21784 1.2449 1.23345 1.26444 1.26812 1.2839 1.26912 1.23506 1.22055 1.21477 1.20661 1.22394 1.22712 1.22701 1.23172 1.23449 1.23587 1.23763 1.23829 1.23856 1.23869 1.23787 1.23654 1.23388 1.22855 1.20344 1.17596 1.121 1.01877 -9999 -9999 -9999 -9999 -9999 -9999
-9999 1.58585 1.61015 1.62514 1.62456 1.62125 1.61732 1.61218 1.60077 1.58705 1.58639 1.57851 1.55581 1.55717 1.56078 1.57258 1.57052 1.56574 1.54361 1.47538 1.44558 1.40724 1.35775 1.32576 1.32513 1.34987 1.33889 1.30701 1.27298 1.22249 1.18865 1.14972 1.07699 1.08105 1.10972 1.13123 1.16611 1.21966 1.25683 1.27263 1.27737 1.28837 1.29227 1.27379 1.25058 1.23957 1.22313 1.21631 1.21123 1.21962 1.21941 1.23337 1.23936 1.23863 1.24012 1.24103 1.24172 1.24225 1.242 1.24057 1.23903 1.23665 1.23191 1.19693 1.11482 1.04689 -9999 -9999 -9999 -9999 -9999 -9999
-9999 -9999 1.60623 1.60688 1.59904 1.59321 1.5928 1.59441 1.59496 1.58987 1.59315 1.58218 1.55958 1.5378 1.55673 1.56404 1.57098 1.56944 1.56405 1.50508 1.47126 1.44223 1.3942 1.3939 1.39777 1.38874 1.3704 1.31193 1.2541 1.18256 1.12367 1.11555 1.0798 1.09038 1.10902 1.15914 1.19458 1.20886 1.21886 1.27294 1.28586 1.28873 1.29999 1.27731 1.26383 1.24432 1.24321 1.23642 1.23099 1.18574 1.21516 1.21394 1.23705 1.24296 1.243 1.2438 1.24474 1.2449 1.24475 1.24382 1.24265 1.24003 1.2369 1.21303 1.10932 1.05052 -9999 -9999 -9999 -9999 -9999 -9999
-9999 -9999 -9999 -9999 1.59144 1.5885 1.58268 1.5812 1.59317 1.59314 1.59191 1.58752 1.57579 1.54934 1.544 1.54802 1.52656 1.5426 1.56315 1.55824 1.54964 1.49549 1.45806 1.47175 1.45443 1.40846 1.37 1.33208 1.26544 1.20807 1.14112 1.09022 1.08378 1.12985 1.16686 1.21773 1.24033 1.22754 1.24137 1.26814 1.29797 1.31107 1.30487 1.28122 1.26984 1.24239 1.25863 1.25472 1.23875 1.22431 1.21717 1.22621 1.22794 1.24587 1.24906 1.24674 1.2472 1.24747 1.24724 1.24648 1.24492 1.2427 1.23968 1.23533 1.12878 1.04031 -9999 -9999 -9999 -9999 -9999 -9999
-9999 -9999 -9999 -9999 1.57444 1.56797 1.56982 1.59298 1.59436 1.59357 1.5867 1.58497 1.57555 1.55462 1.53388 1.51586 1.49183 1.50384 1.53674 1.5536 1.55043 1.50216 1.51049 1.49263 1.46635 1.40922 1.36419 1.33536 1.27061 1.20797 1.16068 1.09944 1.11792 1.14014 1.17106 1.22547 1.2633 1.27905 1.26615 1.28329 1.31801 1.31653 1.29453 1.29245 1.27212 1.23647 1.26237 1.26532 1.25213 1.24807 1.23469 1.2354 1.24074 1.24646 1.25016 1.2498 1.2489 1.249 1.24896 1.24845 1.24689 1.24503 1.2421 1.23821 1.16803 1.0411 -9999 -9999 -9999 -9999 -9999 -9999
-9999 -9999 -9999 -9999 -9999 1.54764 1.56646 1.60065 1.59518 1.58584 1.58834 1.58382 1.57105 1.561 1.5366 1.5045 1.44235 1.45673 1.48695 1.5303 1.54979 1.5397 1.5128 1.47905 1.41053 1.34888 1.33178 1.31261 1.26238 1.21032 1.15836 1.17742 1.20026 1.22714 1.24085 1.23553 1.2678 1.29447 1.28351 1.30475 1.32896 1.31615 1.30712 1.2983 1.2762 1.27012 1.26584 1.27778 1.25923 1.2608 1.25019 1.24548 1.24615 1.24823 1.25138 1.25102 1.25053 1.25067 1.25009 1.24986 1.24851 1.24645 1.24367 1.23996 1.23005 1.15773 1.11422 -9999 -9999 -9999 -9999 -9999
-9999 -9999 -9999 -9999 -9999 1.52253 1.52614 1.56872 1.56846 1.5838 1.58936 1.5844 1.56518 1.55428 1.51806 1.50666 1.45001 1.42106 1.44053 1.42834 1.48835 1.53954 1.51409 1.38825 1.33596 1.29533 1.29227 1.2816 1.26007 1.18272 1.15803 1.20607 1.23515 1.25787 1.27556 1.27854 1.27772 1.31966 1.32458 1.3379 1.33437 1.33426 1.31127 1.29534 1.29829 1.28018 1.27233 1.28491 1.26053 1.27095 1.25809 1.24874 1.24475 1.25268 1.25274 1.25258 1.25206 1.25163 1.25145 1.25004 1.24942 1.2476 1.24462 1.24156 1.23719 1.22107 1.18278 1.1657 1.17281 -9999 -9999 -9999
-9999 -9999 -9999 -9999 -9999 -9999 1.47953 1.54331 1.56052 1.57001 1.58814 1.58548 1.57262 1.55543 1.51852 1.48683 1.43602 1.37802 1.33947 1.42827 1.50382 1.53966 1.52141 1.4155 1.36755 1.35559 1.36769 1.33824 1.3136 1.2509 1.22923 1.20325 1.2097 1.24293 1.27052 1.29842 1.31944 1.32174 1.33664 1.34188 1.34196 1.3432 1.33871 1.33383 1.30548 1.31441 1.29718 1.29761 1.28758 1.27795 1.2638 1.24787 1.25219 1.25631 1.2559 1.25499 1.25383 1.2536 1.25356 1.25332 1.24964 1.24804 1.24574 1.24246 1.23888 1.23007 1.22126 1.19606 1.16401 1.12499 -9999 -9999
-9999 -9999 -9999 -9999 -9999 -9999 1.44637 1.51013 1.52901 1.56684 1.58244 1.58625 1.58084 1.56614 1.53745 1.49596 1.46183 1.39674 1.32884 1.41646 1.49432 1.53518 1.53079 1.43518 1.44859 1.42071 1.41816 1.3748 1.35113 1.32394 1.29237 1.25956 1.22577 1.20615 1.27151 1.30493 1.33259 1.34619 1.35452 1.35926 1.35426 1.34523 1.31299 1.33337 1.32385 1.31684 1.30898 1.30211 1.29392 1.28527 1.27249 1.26749 1.25603 1.26167 1.25893 1.25743 1.25656 1.25603 1.25569 1.2556 1.25535 1.25148 1.24659 1.24357 1.24002 1.23155 1.22647 1.22028 1.20976 1.15945 1.12737 1.11123
-9999 -9999 -9999 -9999 -9999 -9999 1.34646 1.4446 1.51386 1.55105 1.58048 1.585 1.58446 1.56536 1.55141 1.52105 1.49277 1.44959 1.38488 1.34417 1.40293 1.50386 1.53042 1.51344 1.50249 1.47241 1.44413 1.43237 1.42456 1.38634 1.34784 1.299 1.27988 1.2609 1.30872 1.31377 1.30924 1.3651 1.36571 1.36319 1.34232 1.31315 1.31646 1.29469 1.29769 1.27557 1.28686 1.29559 1.2953 1.28929 1.27622 1.27219 1.26737 1.26531 1.2628 1.26079 1.25952 1.25889 1.25855 1.25797 1.25763 1.25765 1.25108 1.2488 1.24132 1.23297 1.22834 1.22275 1.21708 1.20517 1.18986 1.16144
-9999 -9999 -9999 -9999 -9999 -9999 1.35669 1.4292 1.49761 1.5349 1.5727 1.57735 1.58788 1.58124 1.56632 1.53931 1.50647 1.47039 1.41437 1.37194 1.41813 1.47017 1.51497 1.51907 1.50448 1.49498 1.48164 1.4738 1.45915 1.43859 1.40818 1.3611 1.3334 1.29631 1.34986 1.35416 1.34418 1.37206 1.37073 1.32825 1.29554 1.29122 1.30379 1.28271 1.27082 1.24971 1.25847 1.28943 1.27536 1.27184 1.27641 1.27469 1.27196 1.26924 1.26658 1.26461 1.26306 1.26234 1.262 1.26117 1.26068 1.26013 1.25872 1.25029 1.24743 1.23881 1.22967 1.2248 1.21954 1.21291 1.20726 1.20064
-9999 -9999 -9999 -9999 -9999 -9999 1.37424 1.40752 1.46855 1.52766 1.56862 1.58212 1.59144 1.58761 1.57026 1.55557 1.53408 1.50173 1.47898 1.44018 1.38699 1.46836 1.4728 1.4822 1.48944 1.50561 1.49648 1.47655 1.44001 1.44458 1.43277 1.39546 1.38009 1.35851 1.38686 1.38469 1.3824 1.37994 1.3435 1.29315 1.25281 1.28115 1.27405 1.2778 1.22792 1.26069 1.28331 1.28705 1.25797 1.23901 1.26964 1.27152 1.27206 1.2716 1.27078 1.26835 1.26733 1.26609 1.26532 1.26472 1.26391 1.26308 1.26177 1.25999 1.2494 1.24072 1.23653 1.23405 1.22944 1.21879 1.21386 1.20471
-9999 -9999 -9999 -9999 -9999 -9999 -9999 1.3874 1.46415 1.53499 1.57167 1.59298 1.60113 1.5966 1.58577 1.57459 1.56019 1.5361 1.50629 1.45991 1.4244 1.44192 1.44373 1.43216 1.44239 1.48424 1.49328 1.46146 1.38512 1.41007 1.4423 1.43576 1.42729 1.41926 1.40797 1.40131 1.39029 1.36418 1.28687 1.27435 1.24386 1.24657 1.22998 1.25312 1.23095 1.26176 1.27242 1.27331 1.23626 1.23024 1.26153 1.27218 1.26585 1.27157 1.27448 1.27268 1.27131 1.26988 1.26916 1.26851 1.26766 1.26926 1.26801 1.26642 1.25443 1.24556 1.23919 1.23344 1.22549 1.22576 1.22177 1.2116
-9999 -9999 -9999 -9999 -9999 -9999 -9999 1.37387 1.45382 1.53899 1.56182 1.58539 1.60574 1.60176 1.58668 1.57282 1.55911 1.54412 1.50782 1.47235 1.43792 1.42381 1.42588 1.38968 1.41097 1.46837 1.47376 1.46124 1.37955 1.35242 1.39823 1.43628 1.43486 1.42678 1.3722 1.38043 1.35082 1.31192 1.30055 1.28328 1.24775 1.26331 1.23644 1.2453 1.22291 1.2389 1.24436 1.26323 1.23062 1.21814 1.24869 1.26332 1.26011 1.27636 1.28049 1.27997 1.27854 1.27739 1.27633 1.27569 1.27463 1.27337 1.27181 1.26936 1.2652 1.24562 1.19863 1.19509 1.20141 1.20704 1.21547 1.21495
-9999 -9999 -9999 -9999 -9999 -9999 -9999 1.39133 1.44463 1.51961 1.57383 1.57156 1.59586 1.60653 1.59018 1.57283 1.55557 1.54658 1.50683 1.46328 1.4272 1.38461 1.38674 1.40974 1.41722 1.45256 1.45362 1.43856 1.38546 1.39531 1.4252 1.43894 1.43997 1.43169 1.41721 1.40804 1.38551 1.37494 1.34525 1.2998 1.28109 1.2906 1.2419 1.24293 1.25751 1.21766 1.24408 1.25435 1.2139 1.22758 1.25625 1.26916 1.28024 1.28398 1.28395 1.28578 1.28389 1.2826 1.2814 1.28013 1.27897 1.27706 1.27509 1.26948 1.26166 1.22471 1.18919 1.18869 1.20113 1.21144 1.21514 1.21782
-9999 -9999 -9999 -9999 -9999 -9999 -9999 1.40922 1.45664 1.52085 1.55769 1.55943 1.58692 1.61139 1.60393 1.58569 1.57791 1.55971 1.52521 1.48731 1.44593 1.42366 1.377 1.41394 1.40735 1.4369 1.44756 1.39986 1.38095 1.39986 1.41889 1.42388 1.44389 1.43996 1.42885 1.39213 1.37322 1.37821 1.36931 1.35518 1.32307 1.31985 1.29819 1.28761 1.27707 1.22991 1.24189 1.23939 1.23613 1.25864 1.27187 1.27955 1.28643 1.28606 1.28777 1.29114 1.28956 1.28796 1.28634 1.285 1.28316 1.28005 1.27706 1.26732 1.25121 1.22266 1.15834 1.18509 1.21304 1.21627 1.21711 1.21877
-9999 -9999 -9999 -9999 -9999 -9999 -9999 1.40744 1.45838 1.5123 1.53123 1.52953 1.5836 1.61516 1.61082 1.59996 1.58826 1.54761 1.54637 1.53545 1.49758 1.4438 1.38478 1.38525 1.40101 1.41827 1.42838 1.36312 1.34251 1.34949 1.38124 1.40948 1.43947 1.44458 1.43155 1.37593 1.31729 1.34113 1.3669 1.36473 1.35449 1.32408 1.31268 1.30182 1.27818 1.2309 1.22149 1.22718 1.25046 1.25907 1.2745 1.28686 1.27768 1.27819 1.29061 1.29686 1.29503 1.29325 1.29177 1.28991 1.28776 1.28281 1.27755 1.26976 1.23105 1.2059 1.16202 1.18564 1.20386 1.20401 1.22136 1.22335
-9999 -9999 -9999 -9999 -9999 -9999 -9999 1.39696 1.43182 1.48304 1.49995 1.53139 1.58213 1.6048 1.61351 1.60904 1.59978 1.5794 1.56572 1.54229 1.50287 1.45016 1.39177 1.35198 1.36503 1.38569 1.38968 1.33404 1.3087 1.33063 1.36519 1.41851 1.44763 1.4488 1.44288 1.42926 1.38572 1.33378 1.33164 1.35417 1.33097 1.30424 1.31476 1.30928 1.28567 1.26735 1.23418 1.23166 1.24222 1.24775 1.26622 1.29531 1.29682 1.293 1.304 1.30226 1.30037 1.29885 1.29692 1.29497 1.29273 1.2882 1.28025 1.25383 1.23034 1.19836 1.19203 1.20277 1.21147 1.21757 1.22476 1.22534
-9999 -9999 -9999 -9999 -9999 -9999 -9999 1.37331 1.4155 1.46292 1.50741 1.5497 1.58578 1.5839 1.60121 1.59686 1.6043 1.59709 1.57781 1.55733 1.5227 1.45607 1.39919 1.33736 1.34777 1.39375 1.35696 1.32521 1.27014 1.31909 1.37366 1.42298 1.44834 1.42298 1.44311 1.43857 1.42065 1.38865 1.34026 1.33854 1.30145 1.29706 1.31161 1.31401 1.30752 1.29268 1.26123 1.24479 1.24687 1.24665 1.26336 1.28524 1.30676 1.30805 1.31012 1.3079 1.30574 1.30402 1.30205 1.29957 1.29633 1.29151 1.269 1.24251 1.22517 1.20206 1.19686 1.22471 1.22175 1.22298 1.22895 1.22982
-9999 -9999 -9999 -9999 -9999 -9999 -9999 -9999 1.41738 1.4664 1.50134 1.50637 1.53774 1.55258 1.56332 1.56234 1.60233 1.60075 1.587 1.56777 1.53756 1.48594 1.44857 1.38911 1.34498 1.33611 1.3062 1.31691 1.30897 1.32904 1.38169 1.43688 1.44036 1.40063 1.4035 1.4087 1.42351 1.41211 1.34692 1.31233 1.28296 1.29845 1.3147 1.3158 1.31289 1.30508 1.28142 1.25179 1.27425 1.29002 1.29102 1.30473 1.31423 1.31489 1.31491 1.31283 1.31091 1.30878 1.30596 1.30336 1.2981 1.28886 1.26379 1.20658 1.2066 1.19801 1.17819 1.20888 1.20569 1.22482 1.23384 1.23442
-9999 -9999 -9999 -9999 -9999 -9999 -9999 -9999 1.40507 1.46264 1.4694 1.46202 1.43466 1.43942 1.51484 1.52656 1.56473 1.60078 1.59383 1.57483 1.54626 1.51379 1.46571 1.39941 1.34573 1.3043 1.34044 1.36397 1.3713 1.38472 1.41605 1.41984 1.37947 1.34157 1.35909 1.36868 1.41188 1.41758 1.40586 1.36514 1.31877 1.29272 1.31543 1.31493 1.3123 1.30826 1.29663 1.27575 1.29027 1.30283 1.31063 1.31352 1.32125 1.32123 1.31956 1.31803 1.31561 1.31291 1.30909 1.30501 1.29428 1.28166 1.2419 1.20823 1.18615 1.15872 1.21137 1.21967 1.22766 1.22738 1.23638 1.23656
