Test_Spring_2018b/02_18/Prec/20180210_007.txt
ncols	170
nrows	115
xllcorner	350000.000000
yllcorner	4445000.000000
cellsize	1000.000000
nodata_value	-9999.000000
[rows 32 to 63 of 115, columns 72 to 143 of 170]
0.666853 0.66788 0.672631 0.677019 0.673644 0.687171 0.700092 0.701134 0.700689 0.698402 0.697769 0.697067 0.696864 0.693893 0.684675 0.676824 0.683449 0.68569 0.684794 0.69369 0.693507 0.688276 0.679613 0.689149 0.690408 0.676697 0.691944 -9999 -9999 -9999 -9999 -9999 -9999 -9999 -9999 -9999 -9999 -9999 -9999 -9999 -9999 -9999 -9999 -9999 -9999 -9999 -9999 -9999 -9999 -9999 -9999 -9999 -9999 -9999 -9999 -9999 -9999 -9999 -9999 -9999 -9999 -9999 -9999 -9999 -9999 -9999 -9999 -9999 -9999 -9999 -9999 -9999
0.680326 0.681911 0.687595 0.689705 0.687805 0.703093 0.71568 0.717654 0.718563 0.718569 0.718636 0.718579 0.716777 0.713766 0.706312 0.697283 0.696505 0.703395 0.705623 0.708603 0.707975 0.706699 0.703399 0.710577 0.714827 0.709737 0.713065 0.721514 -9999 -9999 -9999 -9999 -9999 -9999 -9999 -9999 -9999 -9999 -9999 -9999 -9999 -9999 -9999 -9999 -9999 -9999 -9999 -9999 -9999 -9999 -9999 -9999 -9999 -9999 -9999 -9999 -9999 -9999 -9999 -9999 -9999 -9999 -9999 -9999 -9999 -9999 -9999 -9999 -9999 -9999 -9999 -9999
0.693573 0.692166 0.6963 0.700014 0.711755 0.725311 0.727818 0.733996 0.735784 0.737532 0.737628 0.737987 0.73733 0.734935 0.73078 0.725415 0.714955 0.723736 0.730951 0.732322 0.733597 0.732694 0.728929 0.735417 0.737574 0.742533 0.743832 0.741331 0.741564 -9999 -9999 -9999 -9999 -9999 -9999 -9999 -9999 -9999 -9999 -9999 -9999 -9999 -9999 -9999 -9999 -9999 -9999 -9999 -9999 -9999 -9999 -9999 -9999 -9999 -9999 -9999 -9999 -9999 -9999 -9999 -9999 -9999 -9999 -9999 -9999 -9999 -9999 -9999 -9999 -9999 -9999 -9999
0.706461 0.704031 0.708017 0.712953 0.730122 0.738728 0.745114 0.748942 0.75286 0.755369 0.756158 0.753295 0.75481 0.756624 0.754698 0.74843 0.741929 0.740995 0.750702 0.754082 0.754447 0.757358 0.753762 0.757251 0.75783 0.769649 0.771832 0.763531 0.762929 0.759566 -9999 -9999 -9999 -9999 -9999 -9999 -9999 -9999 -9999 -9999 -9999 -9999 -9999 -9999 -9999 -9999 -9999 -9999 -9999 -9999 -9999 -9999 -9999 -9999 -9999 -9999 -9999 -9999 -9999 -9999 -9999 -9999 -9999 -9999 -9999 -9999 -9999 -9999 -9999 -9999 -9999 -9999
-9999 -9999 0.718291 0.733897 0.750676 0.750702 0.76004 0.764889 0.76986 0.773139 0.772887 0.774299 0.777029 0.777093 0.77485 0.773725 0.769926 0.765518 0.767858 0.775536 0.772357 0.777874 0.777837 0.779508 0.777016 0.796589 0.784202 0.778396 0.778251 0.776255 -9999 -9999 -9999 -9999 -9999 -9999 -9999 -9999 -9999 -9999 -9999 -9999 -9999 -9999 -9999 -9999 -9999 -9999 -9999 -9999 -9999 -9999 -9999 -9999 -9999 -9999 -9999 -9999 -9999 -9999 -9999 -9999 -9999 -9999 -9999 -9999 -9999 -9999 -9999 -9999 -9999 -9999
-9999 -9999 -9999 0.747015 0.763302 0.771937 0.774553 0.779449 0.786152 0.790363 0.793149 0.796035 0.798051 0.799054 0.798131 0.796166 0.792454 0.79231 0.796897 0.796455 0.794842 0.795092 0.797267 0.796734 0.802422 0.807701 0.804538 0.788798 0.787086 0.790502 0.790597 -9999 -9999 -9999 -9999 -9999 -9999 -9999 -9999 -9999 -9999 -9999 -9999 0.827531 -9999 -9999 -9999 -9999 -9999 -9999 -9999 -9999 -9999 -9999 -9999 -9999 -9999 -9999 -9999 -9999 -9999 -9999 -9999 -9999 0.86765 -9999 -9999 -9999 -9999 -9999 -9999 -9999
-9999 -9999 0.749314 0.773798 0.779445 0.786561 0.783569 0.794239 0.802125 0.80722 0.811246 0.814847 0.81655 0.819371 0.820087 0.817827 0.817703 0.819101 0.819 0.818572 0.817663 0.815933 0.813939 0.812173 0.83183 0.828515 0.827336 0.814198 0.811121 0.809936 0.806738 0.80513 -9999 -9999 -9999 -9999 -9999 -9999 -9999 0.834478 0.834665 0.835296 0.837569 0.842914 0.842316 -9999 -9999 -9999 -9999 -9999 -9999 -9999 -9999 -9999 -9999 -9999 -9999 -9999 -9999 -9999 -9999 -9999 -9999 -9999 0.885482 0.879523 -9999 -9999 -9999 -9999 -9999 -9999
-9999 -9999 0.781089 0.786942 0.792037 0.799502 0.806455 0.809733 0.816496 0.823437 0.829148 0.833444 0.836439 0.840363 0.840623 0.840848 0.840277 0.841742 0.840675 0.837797 0.834484 0.8314 0.826997 0.825602 0.846338 0.844416 0.84156 0.839375 0.82864 0.823085 0.818081 0.814968 -9999 -9999 -9999 -9999 -9999 -9999 0.849766 0.853278 0.855229 0.850843 0.854852 0.859088 0.860112 0.881006 -9999 -9999 -9999 -9999 -9999 -9999 -9999 -9999 -9999 -9999 -9999 -9999 -9999 -9999 0.931225 0.924186 0.911262 0.90373 0.898724 0.892741 -9999 -9999 -9999 -9999 -9999 -9999
-9999 -9999 0.791372 0.797946 0.804355 0.811562 0.81774 0.832312 0.831263 0.838671 0.845399 0.851496 0.856679 0.858859 0.860945 0.859166 0.862496 0.861211 0.85822 0.852166 0.847662 0.839164 0.834241 0.852218 0.856538 0.853782 0.84831 0.842009 0.835018 0.831498 0.832451 0.830604 -9999 -9999 -9999 -9999 -9999 -9999 0.864988 0.868246 0.870653 0.87052 0.865991 0.872486 0.893871 0.893024 0.895708 0.902828 0.909392 0.913309 0.913653 0.921098 0.926004 0.933647 -9999 -9999 -9999 -9999 0.949804 0.949409 0.947998 0.943462 0.928766 0.917913 0.908228 0.919419 -9999 -9999 -9999 -9999 -9999 -9999
-9999 -9999 0.803991 0.809156 0.814419 0.81992 0.828534 0.843756 0.844192 0.863996 0.870573 0.876782 0.882152 0.885706 0.886888 0.888671 0.888547 0.886255 0.877877 0.867834 0.867785 0.84937 0.849455 0.860918 0.864328 0.860942 0.853934 0.846649 0.847753 0.845671 0.845701 0.856548 -9999 -9999 -9999 0.875397 0.882209 0.883467 0.885169 0.889775 0.893051 0.883482 0.88471 0.898694 0.90267 0.902 0.902102 0.908116 0.920251 0.928258 0.927371 0.935669 0.941492 0.960822 0.967617 0.972619 0.975765 0.977079 0.977472 0.976983 0.975245 0.970961 0.944925 0.935387 0.928493 0.937226 -9999 -9999 -9999 -9999 -9999 -9999
-9999 -9999 0.824552 0.829747 0.835671 0.844217 0.851209 0.860465 0.874968 0.876077 0.883714 0.888726 0.896227 0.900667 0.90346 0.90425 0.903109 0.896264 0.886339 0.875677 0.868579 0.877554 0.869264 0.875038 0.87852 0.865797 0.8768 0.870506 0.872649 0.875953 0.86537 0.861841 -9999 -9999 0.873724 0.886148 0.894692 0.898947 0.899972 0.899505 0.903435 0.903211 0.908117 0.920344 0.919065 0.922803 0.911137 0.91796 0.94203 0.949058 0.959882 0.961418 0.968793 0.975082 0.981656 0.986272 0.989423 0.991081 0.990626 0.990004 0.988084 0.984096 0.973264 0.966484 0.971613 0.960201 -9999 -9999 -9999 -9999 -9999 -9999
-9999 -9999 0.8443 0.85064 0.858098 0.864184 0.872508 0.869443 0.882745 0.893404 0.895251 0.901328 0.906716 0.913383 0.916444 0.917544 0.916687 0.909777 0.900873 0.888306 0.878664 0.881366 0.875968 0.887184 0.88935 0.889482 0.890102 0.893231 0.884677 0.885341 0.88471 0.87439 0.873912 -9999 0.883606 0.890471 0.900237 0.907815 0.912028 0.909581 0.913921 0.914122 0.927959 0.927352 0.928529 0.944216 0.94869 0.953307 0.962464 0.961137 0.970872 0.979185 0.980113 0.987168 0.993336 0.998095 1.00136 1.00307 1.00316 1.00187 0.99935 0.995752 0.988703 0.991938 0.98118 0.968289 -9999 -9999 -9999 -9999 -9999 -9999
-9999 0.837706 0.850322 0.858662 0.865434 0.872598 0.880333 0.888323 0.901918 0.902687 0.911021 0.912832 0.915933 0.921291 0.925153 0.928405 0.927593 0.924797 0.918068 0.903251 0.903103 0.903627 0.895175 0.894817 0.896303 0.902617 0.903825 0.902235 0.900747 0.899839 0.892762 0.891334 0.880393 0.885316 0.893337 0.899176 0.906125 0.915148 0.920793 0.922564 0.922499 0.932551 0.934401 0.945757 0.94939 0.95289 0.956088 0.961333 0.967229 0.975529 0.984722 0.98754 0.995802 0.997083 1.00341 1.00831 1.01163 1.01331 1.0133 1.01172 1.00907 1.00561 1.00998 1.00206 0.999717 0.992842 -9999 -9999 -9999 -9999 -9999 -9999
-9999 -9999 0.854692 0.861164 0.867196 0.874358 0.883024 0.892421 0.907919 0.915091 0.923019 0.925319 0.925046 0.926664 0.932931 0.935315 0.935764 0.93326 0.928988 0.926963 0.920332 0.914823 0.906795 0.911414 0.91379 0.914761 0.914847 0.908966 0.903576 0.899072 0.893279 0.895511 0.889922 0.892895 0.899144 0.909451 0.91633 0.918853 0.919982 0.927871 0.935282 0.944894 0.950134 0.950615 0.956101 0.958709 0.964816 0.970425 0.976552 0.976384 0.990501 0.996899 1.00671 1.00977 1.01183 1.01671 1.02002 1.02153 1.02137 1.0197 1.01691 1.01924 1.02487 1.02086 1.00421 0.998755 -9999 -9999 -9999 -9999 -9999 -9999
-9999 -9999 -9999 -9999 0.871304 0.879222 0.887228 0.896261 0.91345 0.921334 0.928368 0.933956 0.937184 0.934784 0.937004 0.938738 0.934482 0.936667 0.941492 0.93967 0.937398 0.928123 0.925462 0.92899 0.92814 0.923263 0.920139 0.91754 0.910594 0.908105 0.900672 0.8956 0.897348 0.907117 0.912867 0.923105 0.927768 0.92583 0.927565 0.93857 0.945925 0.951279 0.954248 0.955129 0.961294 0.963075 0.972364 0.978717 0.983318 0.988213 0.99639 1.0043 1.01043 1.01841 1.02309 1.0232 1.02631 1.02773 1.02747 1.02575 1.0302 1.02977 1.02932 1.02885 1.01212 1.00194 -9999 -9999 -9999 -9999 -9999 -9999
-9999 -9999 -9999 -9999 0.87347 0.880961 0.890248 0.903211 0.918421 0.925899 0.931687 0.937362 0.940638 0.940753 0.939215 0.937299 0.933868 0.935425 0.940099 0.942151 0.941153 0.93324 0.938194 0.936932 0.934859 0.928301 0.924128 0.922899 0.91605 0.912382 0.90771 0.900505 0.905824 0.911308 0.917744 0.927131 0.934153 0.937503 0.937644 0.942656 0.951267 0.9548 0.955777 0.9607 0.965764 0.966613 0.977751 0.985382 0.990478 0.996984 1.00399 1.01024 1.0166 1.02223 1.02663 1.02941 1.03049 1.03178 1.03153 1.03306 1.03307 1.0331 1.03312 1.0332 1.02281 1.00661 -9999 -9999 -9999 -9999 -9999 -9999
-9999 -9999 -9999 -9999 -9999 0.882293 0.894184 0.908676 0.92245 0.928096 0.934927 0.939691 0.942024 0.943596 0.941625 0.937326 0.927461 0.929648 0.934254 0.94104 0.9442 0.942952 0.942559 0.939063 0.930387 0.923205 0.92353 0.923713 0.918947 0.916654 0.910754 0.916041 0.921575 0.927381 0.930696 0.93065 0.936553 0.941928 0.941952 0.948002 0.955382 0.957606 0.961214 0.965541 0.97063 0.976556 0.982979 0.992102 0.996238 1.00344 1.01061 1.01556 1.02068 1.02525 1.02914 1.03159 1.03317 1.03409 1.03455 1.03505 1.03546 1.03592 1.03649 1.03713 1.03698 1.02992 1.02505 -9999 -9999 -9999 -9999 -9999
-9999 -9999 -9999 -9999 -9999 0.882561 0.891681 0.907101 0.921366 0.930436 0.937183 0.941341 0.942185 0.944367 0.940429 0.939232 0.930981 0.925366 0.928664 0.926975 0.937234 0.946425 0.946712 0.92865 0.922815 0.919115 0.921658 0.923028 0.922599 0.915915 0.913949 0.923422 0.929489 0.934216 0.937878 0.940163 0.940328 0.948753 0.950756 0.955893 0.959223 0.963969 0.965772 0.969346 0.978714 0.982856 0.988738 0.997868 1.00083 1.00912 1.01557 1.01924 1.02307 1.02806 1.031 1.03313 1.03565 1.03597 1.03707 1.03679 1.03772 1.03872 1.03979 1.04109 1.04234 1.0447 1.04095 1.04048 1.04367 -9999 -9999 -9999
-9999 -9999 -9999 -9999 -9999 -9999 0.887896 0.906186 0.922958 0.930433 0.938584 0.942548 0.950191 0.947958 0.942514 0.938115 0.930995 0.923205 0.91434 0.92952 0.94284 0.950066 0.952004 0.937465 0.932511 0.933502 0.938413 0.936539 0.935291 0.930762 0.928832 0.925868 0.927849 0.937342 0.943387 0.947054 0.950823 0.952974 0.958648 0.96006 0.964345 0.969683 0.974816 0.980447 0.984856 0.993395 0.997661 1.00461 1.00956 1.01415 1.02002 1.02205 1.02665 1.03049 1.0329 1.03904 1.03863 1.03902 1.04028 1.04243 1.04027 1.04179 1.0435 1.04527 1.04712 1.051 1.05225 1.05057 1.04741 1.04268 -9999 -9999
-9999 -9999 -9999 -9999 -9999 -9999 0.886246 0.903895 0.920682 0.932077 0.946903 0.954594 0.954391 0.95251 0.948437 0.942581 0.938365 0.929691 0.921136 0.935592 0.944813 0.953324 0.954784 0.945344 0.950451 0.94888 0.951322 0.94699 0.945601 0.94672 0.942799 0.938346 0.93949 0.939937 0.948828 0.953494 0.958468 0.962592 0.96735 0.972941 0.975228 0.975294 0.976139 0.98598 0.993401 0.999244 1.00481 1.01025 1.01508 1.01935 1.02509 1.02831 1.0298 1.0394 1.04424 1.04338 1.04306 1.0435 1.04486 1.04723 1.05049 1.05092 1.04783 1.05009 1.05233 1.05656 1.05859 1.06007 1.06037 1.0537 1.04941 1.0503
-9999 -9999 -9999 -9999 -9999 -9999 0.873978 0.896523 0.933009 0.94213 0.956526 0.958237 0.958783 0.956227 0.954644 0.950749 0.947686 0.942786 0.934978 0.931566 0.94108 0.960967 0.959586 0.963129 0.964374 0.962433 0.960605 0.961198 0.962119 0.961489 0.966609 0.957548 0.960653 0.955521 0.961783 0.962061 0.962003 0.973105 0.9767 0.981145 0.98379 0.982111 0.989967 0.986159 0.995418 0.998584 1.00694 1.01452 1.02017 1.02435 1.02977 1.0429 1.0433 1.05119 1.05012 1.04927 1.049 1.04957 1.0511 1.05355 1.05694 1.06111 1.06063 1.06477 1.05831 1.06276 1.06498 1.0666 1.06767 1.06713 1.06542 1.0645
-9999 -9999 -9999 -9999 -9999 -9999 0.893235 0.919957 0.934494 0.952562 0.960141 0.961855 0.964243 0.963812 0.962223 0.959051 0.955439 0.951868 0.945625 0.942062 0.953191 0.961263 0.972329 0.980145 0.970395 0.971747 0.972233 0.987656 0.986296 0.988037 0.98232 0.98362 0.97719 0.969457 0.97696 0.977389 0.976657 0.983355 0.986666 0.984576 0.985144 0.991132 0.995904 0.999973 1.00724 1.00107 1.00864 1.01939 1.03609 1.03937 1.04691 1.04829 1.05909 1.05833 1.0574 1.05674 1.05662 1.05736 1.05904 1.06156 1.06499 1.06909 1.07349 1.07204 1.07613 1.08143 1.072 1.07375 1.07487 1.07514 1.08647 1.08886
-9999 -9999 -9999 -9999 -9999 -9999 0.915099 0.92172 0.934704 0.957295 0.965375 0.968587 0.9709 0.971088 0.969288 0.968291 0.966678 0.96384 0.963066 0.96013 0.955176 0.972153 0.972133 0.980731 1.00206 1.00802 1.00903 1.00736 0.995304 0.995825 1.00537 0.997907 0.993897 0.989095 0.992907 0.992607 0.99334 0.995234 0.99284 0.989329 0.988401 0.999321 1.00498 1.00787 1.00837 1.0357 1.0459 1.05206 1.03957 1.04005 1.05201 1.0663 1.06673 1.06655 1.06618 1.06571 1.06592 1.06677 1.06852 1.07114 1.07451 1.07849 1.08279 1.08715 1.08461 1.0897 1.0928 1.10982 1.1111 1.0963 1.09549 1.09822
-9999 -9999 -9999 -9999 -9999 -9999 -9999 0.939724 0.966382 0.97924 0.985963 0.98984 0.991498 0.991284 0.99047 0.990198 0.990111 0.989179 0.987979 0.984617 0.983343 0.990762 0.991229 0.996259 1.00179 1.01177 1.01567 1.01214 1.00791 1.02497 1.02884 1.02606 1.02289 1.02009 1.00754 1.00685 1.00639 1.00454 0.995468 1.00877 1.00995 1.01723 1.02182 1.02845 1.03282 1.04453 1.05227 1.05755 1.05571 1.06389 1.08485 1.08715 1.086 1.0864 1.07627 1.07622 1.07665 1.07768 1.07956 1.08219 1.08548 1.10085 1.10582 1.11085 1.10872 1.11356 1.11653 1.11868 1.11943 1.12042 1.11966 1.13918
-9999 -9999 -9999 -9999 -9999 -9999 -9999 0.957814 0.973034 0.988422 0.993213 0.997822 1.00183 1.00206 1.00083 1.0003 1.00038 1.00086 0.998425 0.996554 0.995124 0.997067 1.00152 0.997725 1.00482 1.01719 1.02048 1.02017 1.03056 1.02602 1.03272 1.03784 1.03653 1.03439 1.02527 1.02712 1.02384 1.02016 1.02204 1.02398 1.02382 1.03254 1.03475 1.04283 1.04165 1.05036 1.05676 1.06456 1.06319 1.07084 1.09287 1.09618 1.09601 1.09864 1.09927 1.09939 1.09988 1.10111 1.10318 1.10615 1.10979 1.11397 1.11846 1.1229 1.12688 1.12279 1.1201 1.12249 1.12558 1.1276 1.13717 1.15269
-9999 -9999 -9999 -9999 -9999 -9999 -9999 0.96968 0.98069 0.994653 1.00484 1.00563 1.01065 1.01357 1.0124 1.01145 1.01099 1.01234 1.00916 1.0057 1.00366 1.00064 1.00478 1.01206 1.0147 1.02339 1.02598 1.02538 1.04215 1.04411 1.04886 1.05073 1.0505 1.04897 1.04689 1.04632 1.0444 1.04531 1.04404 1.04105 1.04308 1.0502 1.0482 1.05432 1.06251 1.05728 1.06662 1.0727 1.06988 1.09855 1.1052 1.10862 1.11124 1.11239 1.11287 1.11384 1.11461 1.11604 1.11815 1.1209 1.12427 1.12799 1.13197 1.13544 1.1384 1.13631 1.12972 1.1325 1.13662 1.1396 1.16717 1.16714
-9999 -9999 -9999 -9999 -9999 -9999 -9999 0.98232 0.992503 1.00496 1.01264 1.01443 1.02031 1.02577 1.02626 1.0253 1.02638 1.02614 1.02359 1.02076 1.01754 1.01748 1.01341 1.02269 1.02267 1.03035 1.03453 1.05444 1.05272 1.05665 1.06024 1.06135 1.06486 1.06464 1.06362 1.05895 1.05781 1.06124 1.06313 1.06484 1.06421 1.06867 1.07041 1.07403 1.07757 1.0704 1.077 1.08076 1.09992 1.11531 1.11974 1.12272 1.12515 1.12615 1.12743 1.1291 1.13026 1.13184 1.13392 1.13654 1.13954 1.1427 1.14609 1.14845 1.14967 1.14861 1.13683 1.14393 1.15063 1.17002 1.18169 1.18214
-9999 -9999 -9999 -9999 -9999 -9999 -9999 0.992363 1.00326 1.0143 1.01939 1.02096 1.03147 1.03835 1.03954 1.03987 1.0403 1.03631 1.03893 1.04019 1.03722 1.03174 1.02539 1.02856 1.03495 1.03748 1.04164 1.05994 1.05832 1.06081 1.06704 1.07254 1.07829 1.08011 1.07924 1.07185 1.06444 1.0709 1.07821 1.08151 1.08394 1.08345 1.08627 1.08928 1.0902 1.08527 1.08519 1.09008 1.12338 1.12786 1.13294 1.13709 1.13741 1.13908 1.14258 1.14515 1.14659 1.14831 1.15043 1.15284 1.15554 1.15804 1.16065 1.16291 1.1601 1.1593 1.15437 1.15693 1.16214 1.19322 1.19729 1.19843
-9999 -9999 -9999 -9999 -9999 -9999 -9999 1.00145 1.00992 1.02077 1.02584 1.0331 1.04337 1.04907 1.05254 1.05397 1.05477 1.05392 1.05431 1.05327 1.04975 1.04415 1.03765 1.03412 1.03906 1.04292 1.06165 1.06705 1.06505 1.07046 1.0777 1.08786 1.09405 1.09577 1.09648 1.09618 1.09135 1.08551 1.08811 1.09507 1.09496 1.09456 1.1004 1.10378 1.10427 1.10557 1.09939 1.11905 1.13492 1.1391 1.145 1.15229 1.15483 1.1563 1.16005 1.16173 1.16345 1.16537 1.16742 1.16968 1.1721 1.17432 1.1761 1.17495 1.17425 1.17209 1.1739 1.17337 1.19441 1.2104 1.2133 1.21483
-9999 -9999 -9999 -9999 -9999 -9999 -9999 1.0087 1.01856 1.02907 1.03892 1.04824 1.05643 1.05839 1.0634 1.0649 1.06834 1.06946 1.06872 1.06788 1.06485 1.05672 1.05024 1.043 1.04746 1.05747 1.08015 1.07766 1.07125 1.08152 1.09255 1.10264 1.10878 1.10669 1.11202 1.11345 1.11287 1.11021 1.10512 1.10783 1.10506 1.1078 1.11382 1.11803 1.12092 1.12252 1.11806 1.13379 1.14892 1.15241 1.15839 1.16495 1.17123 1.17403 1.17681 1.17879 1.18074 1.18276 1.18479 1.18681 1.18879 1.19062 1.18966 1.18812 1.18809 1.18713 1.18903 1.19389 1.21047 1.22659 1.22978 1.23196
-9999 -9999 -9999 -9999 -9999 -9999 -9999 -9999 1.03034 1.0414 1.05003 1.05364 1.06134 1.06621 1.07028 1.07235 1.08097 1.08284 1.08276 1.08183 1.07922 1.07326 1.06973 1.06276 1.05839 1.073 1.08372 1.08841 1.09005 1.09614 1.10742 1.11901 1.12215 1.11821 1.1211 1.12434 1.12914 1.12974 1.12172 1.11878 1.11685 1.12237 1.12822 1.13183 1.135 1.13754 1.14833 1.15922 1.16677 1.17314 1.17699 1.18271 1.18756 1.19077 1.19368 1.19605 1.19828 1.20034 1.2022 1.20402 1.2054 1.20615 1.20439 1.1975 1.19997 1.20115 1.20061 1.22427 1.23649 1.24234 1.24651 1.24926
-9999 -9999 -9999 -9999 -9999 -9999 -9999 -9999 1.03985 1.05262 1.05703 1.05896 1.05744 1.06088 1.07551 1.07963 1.08785 1.09561 1.09636 1.09518 1.09254 1.08942 1.08397 1.07579 1.0699 1.094 1.10032 1.10802 1.11257 1.11811 1.12649 1.13033 1.1269 1.1237 1.12931 1.13346 1.1429 1.14617 1.14657 1.1423 1.13722 1.13559 1.14207 1.14507 1.14802 1.15105 1.16788 1.17505 1.18276 1.18898 1.19438 1.19888 1.20398 1.20761 1.2107 1.21353 1.21591 1.21796 1.21958 1.22096 1.22114 1.22096 1.21643 1.21297 1.21156 1.2095 1.22063 1.24032 1.25453 1.2581 1.26279 1.2661
