Test_Spring_2018b/02_18/Prec/20180213_011.txt
ncols	170
nrows	115
xllcorner	350000.000000
yllcorner	4445000.000000
cellsize	1000.000000
nodata_value	-9999.000000
[rows 31 to 61 of 115, columns 71 to 141 of 170]
1.69885 1.70223 1.6779 1.67307 1.69661 1.69693 1.68901 1.65175 1.64119 1.61476 1.60236 1.5811 1.5479 1.53134 1.4763 1.3086 1.34976 1.36246 1.30943 1.32949 1.36554 1.32072 1.20182 1.14561 1.05984 1.05867 1.01912 0.947281 -9999 -9999 -9999 -9999 -9999 -9999 -9999 -9999 -9999 -9999 -9999 -9999 -9999 -9999 -9999 -9999 -9999 -9999 -9999 -9999 -9999 -9999 -9999 -9999 -9999 -9999 -9999 -9999 -9999 -9999 -9999 -9999 -9999 -9999 -9999 -9999 -9999 -9999 -9999 -9999 -9999 -9999 -9999
1.68193 1.67509 1.6518 1.67222 1.69039 1.65369 1.62161 1.64312 1.63667 1.6168 1.5787 1.56142 1.54395 1.53142 1.48501 1.36361 1.25353 1.3044 1.30002 1.255 1.31817 1.27431 1.17073 1.02719 1.09272 1.06507 0.936318 0.884992 -9999 -9999 -9999 -9999 -9999 -9999 -9999 -9999 -9999 -9999 -9999 -9999 -9999 -9999 -9999 -9999 -9999 -9999 -9999 -9999 -9999 -9999 -9999 -9999 -9999 -9999 -9999 -9999 -9999 -9999 -9999 -9999 -9999 -9999 -9999 -9999 -9999 -9999 -9999 -9999 -9999 -9999 -9999
1.65932 1.64485 1.63171 1.66538 1.6584 1.63728 1.62647 1.63253 1.63103 1.61945 1.59941 1.58155 1.56315 1.52496 1.47236 1.3676 1.24294 1.21049 1.26337 1.26028 1.26341 1.22319 1.17397 1.10058 1.14686 1.15985 1.07196 0.953924 0.87452 -9999 -9999 -9999 -9999 -9999 -9999 -9999 -9999 -9999 -9999 -9999 -9999 -9999 -9999 -9999 -9999 -9999 -9999 -9999 -9999 -9999 -9999 -9999 -9999 -9999 -9999 -9999 -9999 -9999 -9999 -9999 -9999 -9999 -9999 -9999 -9999 -9999 -9999 -9999 -9999 -9999 -9999
1.62921 1.61034 1.56641 1.58452 1.59644 1.59721 1.58234 1.58057 1.62125 1.61236 1.60404 1.57798 1.5562 1.52402 1.47305 1.40281 1.31929 1.17765 1.25632 1.3165 1.30886 1.29896 1.26275 1.19233 1.23799 1.23282 1.11016 0.982918 0.92056 0.890125 -9999 -9999 -9999 -9999 -9999 -9999 -9999 -9999 -9999 -9999 -9999 -9999 -9999 -9999 -9999 -9999 -9999 -9999 -9999 -9999 -9999 -9999 -9999 -9999 -9999 -9999 -9999 -9999 -9999 -9999 -9999 -9999 -9999 -9999 -9999 -9999 -9999 -9999 -9999 -9999 -9999
1.59049 1.57233 1.52005 1.53842 1.56451 1.58784 1.5827 1.58846 1.59582 1.60364 1.59556 1.56879 1.50191 1.4876 1.47957 1.4318 1.33737 1.24306 1.21474 1.3098 1.33291 1.32109 1.33718 1.27677 1.29505 1.27722 1.221 1.09402 0.99488 0.953513 0.879835 -9999 -9999 -9999 -9999 -9999 -9999 -9999 -9999 -9999 -9999 -9999 -9999 -9999 -9999 -9999 -9999 -9999 -9999 -9999 -9999 -9999 -9999 -9999 -9999 -9999 -9999 -9999 -9999 -9999 -9999 -9999 -9999 -9999 -9999 -9999 -9999 -9999 -9999 -9999 -9999
-9999 -9999 -9999 1.47864 1.50146 1.51888 1.54695 1.57249 1.58459 1.5963 1.58816 1.54049 1.51423 1.50673 1.4734 1.41907 1.38322 1.32213 1.25867 1.27593 1.35626 1.31252 1.36716 1.35556 1.35981 1.31193 1.19136 1.06751 0.988775 0.950877 0.889647 -9999 -9999 -9999 -9999 -9999 -9999 -9999 -9999 -9999 -9999 -9999 -9999 -9999 -9999 -9999 -9999 -9999 -9999 -9999 -9999 -9999 -9999 -9999 -9999 -9999 -9999 -9999 -9999 -9999 -9999 -9999 -9999 -9999 -9999 -9999 -9999 -9999 -9999 -9999 -9999
-9999 -9999 -9999 -9999 1.48779 1.49668 1.54853 1.5574 1.56244 1.58521 1.57832 1.55604 1.53796 1.51496 1.48709 1.44504 1.39945 1.34194 1.3324 1.38244 1.37813 1.36135 1.36457 1.38645 1.37223 1.28349 1.15092 1.0852 0.937558 0.879514 0.876679 0.833733 -9999 -9999 -9999 -9999 -9999 -9999 -9999 -9999 -9999 -9999 -9999 -9999 0.881285 -9999 -9999 -9999 -9999 -9999 -9999 -9999 -9999 -9999 -9999 -9999 -9999 -9999 -9999 -9999 -9999 -9999 -9999 -9999 -9999 0.447478 -9999 -9999 -9999 -9999 -9999
-9999 -9999 -9999 1.49761 1.50295 1.52429 1.55362 1.54155 1.54994 1.57681 1.56999 1.55197 1.53297 1.49881 1.48636 1.46034 1.41148 1.39804 1.41166 1.41553 1.42027 1.42101 1.4108 1.39326 1.37176 1.29045 1.23169 1.1892 1.06266 0.990005 0.930436 0.844834 0.776626 -9999 -9999 -9999 -9999 -9999 -9999 -9999 0.868822 0.859289 0.853398 0.862483 0.900878 0.86367 -9999 -9999 -9999 -9999 -9999 -9999 -9999 -9999 -9999 -9999 -9999 -9999 -9999 -9999 -9999 -9999 -9999 -9999 -9999 0.486916 0.41853 -9999 -9999 -9999 -9999
-9999 -9999 -9999 1.47921 1.51069 1.5222 1.54993 1.56201 1.5543 1.55818 1.5619 1.55275 1.53221 1.50506 1.49979 1.46586 1.44582 1.43058 1.45093 1.45175 1.43778 1.42088 1.40477 1.36823 1.35791 1.30841 1.26763 1.20608 1.14281 1.03535 0.921283 0.809725 0.718754 -9999 -9999 -9999 -9999 -9999 -9999 0.881451 0.914775 0.931793 0.874703 0.909257 0.939232 0.923122 0.842053 -9999 -9999 -9999 -9999 -9999 -9999 -9999 -9999 -9999 -9999 -9999 -9999 -9999 -9999 0.797348 0.729552 0.597236 0.526276 0.480721 0.417782 -9999 -9999 -9999 -9999
-9999 -9999 -9999 1.46833 1.50637 1.529 1.5477 1.54294 1.55622 1.55395 1.55196 1.5437 1.53411 1.52413 1.49342 1.47789 1.4355 1.46859 1.46376 1.45095 1.41032 1.38998 1.3217 1.28794 1.24542 1.28971 1.2411 1.14945 1.03714 0.894511 0.868524 0.819714 0.737563 -9999 -9999 -9999 -9999 -9999 -9999 0.89182 0.928201 0.956935 0.954888 0.897128 0.957079 0.914016 0.863035 0.841451 0.860107 0.863067 0.825696 0.845 0.845567 0.818877 0.829079 -9999 -9999 -9999 -9999 0.811087 0.809394 0.80705 0.776316 0.63255 0.532093 0.440513 0.410858 -9999 -9999 -9999 -9999
-9999 -9999 -9999 1.49757 1.51742 1.52262 1.51535 1.53023 1.53929 1.54015 1.55184 1.5414 1.53308 1.52564 1.51147 1.4868 1.48682 1.48224 1.46792 1.39541 1.31092 1.34322 1.2796 1.15764 1.21953 1.25659 1.2022 1.09257 0.966952 0.909445 0.893697 0.828773 0.755196 -9999 -9999 -9999 0.79514 0.850883 0.852039 0.865529 0.916758 0.953879 0.971186 0.984691 0.960739 0.912339 0.861268 0.806274 0.806786 0.866651 0.870776 0.855318 0.855687 0.829801 0.832875 0.845098 0.848917 0.845641 0.836518 0.831628 0.829765 0.823945 0.795762 0.66242 0.585864 0.534057 0.410016 -9999 -9999 -9999 -9999
-9999 -9999 -9999 1.49728 1.51356 1.52401 1.5351 1.52822 1.53852 1.5356 1.54032 1.53372 1.50438 1.51557 1.5078 1.50019 1.48989 1.4771 1.41605 1.33272 1.24888 1.20833 1.21092 1.14288 1.15378 1.19155 1.14989 1.08399 0.97061 0.945371 0.903166 0.792229 0.692637 -9999 -9999 0.679932 0.790756 0.868067 0.906368 0.915681 0.912778 0.96132 0.959357 1.00946 0.975464 0.874732 0.869898 0.81289 0.816794 0.830499 0.823414 0.838224 0.859125 0.855821 0.846914 0.851842 0.848124 0.84374 0.839408 0.827607 0.828664 0.826426 0.807995 0.714211 0.665547 0.600269 0.418234 -9999 -9999 -9999 -9999
-9999 -9999 -9999 1.51463 1.53404 1.55464 1.54877 1.55927 1.52675 1.50448 1.52507 1.52409 1.50076 1.48298 1.49776 1.49231 1.4868 1.48051 1.42365 1.35816 1.25929 1.19648 1.14747 1.11567 1.06371 1.07873 1.06115 1.04016 1.0398 0.986596 0.911759 0.84633 0.72841 0.664972 -9999 0.682826 0.73093 0.824121 0.90312 0.952067 0.929745 0.986026 0.991375 1.00954 0.978802 0.908032 0.873542 0.856924 0.835288 0.860344 0.859439 0.854191 0.854323 0.855832 0.85058 0.846952 0.842499 0.838714 0.836153 0.833298 0.830781 0.826774 0.818432 0.773668 0.716158 0.615043 0.423594 -9999 -9999 -9999 -9999
-9999 -9999 1.44929 1.51065 1.54832 1.55615 1.55756 1.55625 1.55099 1.54197 1.52241 1.51784 1.50496 1.45763 1.45553 1.45895 1.47942 1.47644 1.47072 1.435 1.31561 1.26615 1.20471 1.12224 1.07059 1.07729 1.13007 1.1155 1.06099 1.00126 0.917182 0.853559 0.780593 0.646755 0.652092 0.702972 0.740747 0.803588 0.901384 0.969102 0.997312 1.00493 1.01668 1.02096 0.980761 0.930074 0.90406 0.867292 0.847716 0.830783 0.83839 0.832325 0.849518 0.85203 0.846416 0.841961 0.837739 0.834669 0.832949 0.83136 0.828997 0.827498 0.825119 0.811977 0.748541 0.59404 0.46634 -9999 -9999 -9999 -9999
-9999 -9999 -9999 1.49608 1.50766 1.50249 1.49968 1.50525 1.51278 1.52537 1.51516 1.51897 1.49891 1.45583 1.4103 1.44165 1.45346 1.46699 1.46725 1.46272 1.35943 1.30536 1.26104 1.18186 1.1898 1.20545 1.19622 1.16856 1.06527 0.961894 0.838656 0.729732 0.713958 0.645799 0.66523 0.697572 0.78841 0.852284 0.877274 0.894576 0.993728 1.01143 1.01248 1.02979 0.983553 0.950748 0.908616 0.899895 0.87999 0.862034 0.769837 0.81805 0.80665 0.840771 0.843517 0.839022 0.834471 0.831824 0.829489 0.828281 0.827122 0.826657 0.819477 0.813389 0.770192 0.57853 0.468009 -9999 -9999 -9999 -9999
-9999 -9999 -9999 -9999 -9999 1.48294 1.48581 1.48167 1.48373 1.51717 1.51639 1.51184 1.50033 1.47473 1.42455 1.41059 1.41606 1.37674 1.40996 1.45236 1.45054 1.44345 1.35286 1.29318 1.32813 1.30493 1.22764 1.16313 1.09836 0.979055 0.88204 0.758468 0.663649 0.650508 0.734278 0.801554 0.893802 0.933896 0.908655 0.932988 0.977707 1.03015 1.05112 1.03576 0.987379 0.958301 0.901127 0.924271 0.909413 0.871662 0.836313 0.816297 0.823716 0.818017 0.843139 0.842071 0.833176 0.829644 0.8276 0.826392 0.825717 0.821126 0.818146 0.813824 0.806862 0.609988 0.444603 -9999 -9999 -9999 -9999
-9999 -9999 -9999 -9999 -9999 1.44675 1.44327 1.45357 1.50156 1.51525 1.51324 1.49834 1.49184 1.47053 1.42793 1.38681 1.35128 1.30693 1.33194 1.39811 1.43664 1.43962 1.36002 1.38536 1.362 1.32239 1.22466 1.14823 1.10059 0.985078 0.878362 0.791506 0.677772 0.711058 0.75079 0.806395 0.905582 0.973918 1.0014 0.97461 1.00366 1.06492 1.05858 1.01364 1.00497 0.959125 0.886513 0.927358 0.925037 0.89228 0.876073 0.844275 0.836191 0.837166 0.839662 0.839558 0.833335 0.827935 0.825629 0.824845 0.823172 0.820955 0.81863 0.814447 0.808292 0.678763 0.44211 -9999 -9999 -9999 -9999
-9999 -9999 -9999 -9999 -9999 -9999 1.40164 1.44352 1.51212 1.51326 1.49564 1.49837 1.48694 1.45959 1.4373 1.38898 1.32753 1.21253 1.24181 1.30286 1.3903 1.43511 1.42611 1.38603 1.33311 1.21516 1.10904 1.08446 1.05485 0.966433 0.87945 0.784156 0.819536 0.861141 0.909715 0.933559 0.921991 0.980067 1.02746 1.00467 1.04117 1.08271 1.05514 1.034 1.01261 0.963355 0.94541 0.930205 0.94451 0.901829 0.896102 0.869462 0.851462 0.843908 0.839806 0.838811 0.832699 0.827896 0.82581 0.823654 0.823093 0.821161 0.818333 0.814264 0.808291 0.790326 0.654832 0.57289 -9999 -9999 -9999
-9999 -9999 -9999 -9999 -9999 -9999 1.3516 1.36527 1.44952 1.46065 1.48911 1.49787 1.48599 1.44704 1.42371 1.35332 1.33035 1.22476 1.17514 1.216 1.20017 1.31971 1.42389 1.3861 1.1621 1.07395 1.00658 1.0079 0.993981 0.958803 0.825088 0.780547 0.869849 0.923244 0.964303 0.995677 0.999023 0.99596 1.07151 1.07829 1.09997 1.08992 1.08572 1.03853 1.00383 1.00092 0.960655 0.938874 0.954456 0.901112 0.912001 0.881449 0.855127 0.839246 0.846236 0.839755 0.834174 0.828827 0.825932 0.824287 0.821711 0.820931 0.818314 0.813622 0.808565 0.80065 0.76915 0.696764 0.662925 0.673176 -9999
-9999 -9999 -9999 -9999 -9999 -9999 -9999 1.2756 1.39918 1.44323 1.46118 1.49368 1.48655 1.45912 1.4246 1.35381 1.29348 1.19882 1.09222 1.02975 1.20068 1.34847 1.42359 1.3985 1.21086 1.13023 1.11562 1.14468 1.09574 1.05468 0.94831 0.909475 0.861707 0.873317 0.931308 0.981746 1.03265 1.0701 1.07217 1.09695 1.10422 1.10077 1.09896 1.08599 1.07173 1.0108 1.02075 0.981729 0.975023 0.948577 0.922619 0.890153 0.852067 0.851981 0.8523 0.845228 0.836285 0.831174 0.828607 0.827112 0.82577 0.820119 0.817576 0.813797 0.807994 0.801235 0.783032 0.765138 0.716168 0.653842 0.577961
-9999 -9999 -9999 -9999 -9999 -9999 -9999 1.21109 1.3346 1.38236 1.45323 1.47838 1.48565 1.47374 1.44434 1.38923 1.31106 1.24751 1.12782 1.00422 1.17493 1.33223 1.41591 1.41612 1.24636 1.2788 1.23406 1.2355 1.16039 1.12086 1.08054 1.02335 0.963013 0.895328 0.858567 0.979665 1.04081 1.09059 1.11363 1.12625 1.13155 1.11748 1.09904 1.03464 1.06725 1.04129 1.02189 1.0005 0.980596 0.95795 0.934281 0.904958 0.887655 0.858835 0.857805 0.846852 0.840353 0.835818 0.832614 0.830408 0.829112 0.827828 0.819473 0.813827 0.808122 0.801076 0.783186 0.772037 0.75823 0.73583 0.639142
-9999 -9999 -9999 -9999 -9999 -9999 -9999 1.02304 1.21018 1.3471 1.41791 1.47475 1.48248 1.48015 1.44316 1.4159 1.35874 1.30629 1.22728 1.10949 1.0373 1.15738 1.3505 1.41599 1.39103 1.37749 1.32797 1.28111 1.26411 1.25362 1.19302 1.11445 1.02587 0.990249 0.955655 1.04419 1.05275 1.04285 1.14425 1.14259 1.13453 1.09185 1.03206 1.03291 0.991738 0.989108 0.941985 0.956456 0.96587 0.958354 0.940092 0.910972 0.888468 0.873632 0.862736 0.853783 0.846448 0.841146 0.83768 0.835284 0.832831 0.831083 0.830065 0.816149 0.810556 0.801365 0.783373 0.772883 0.760122 0.746723 0.721338
-9999 -9999 -9999 -9999 -9999 -9999 -9999 1.03255 1.18463 1.31484 1.38834 1.45918 1.46767 1.48645 1.47316 1.44461 1.39408 1.33344 1.26767 1.16591 1.09029 1.17979 1.28976 1.37861 1.39143 1.38032 1.36819 1.34835 1.32553 1.30299 1.2764 1.22245 1.13518 1.08489 1.01658 1.11563 1.12275 1.10275 1.15232 1.14712 1.06507 1.00059 0.988225 1.00501 0.960445 0.929909 0.890631 0.900811 0.951899 0.909472 0.896903 0.901765 0.892597 0.879421 0.869697 0.860646 0.85346 0.847626 0.843885 0.841289 0.838126 0.835785 0.833399 0.829351 0.811341 0.804156 0.7849 0.772805 0.76131 0.74869 0.733208
-9999 -9999 -9999 -9999 -9999 -9999 -9999 1.04355 1.14247 1.25907 1.37359 1.45069 1.47611 1.49321 1.48571 1.45317 1.42589 1.38655 1.32779 1.28762 1.21847 1.12335 1.27826 1.30171 1.32339 1.32641 1.3613 1.34927 1.31709 1.27294 1.28404 1.26225 1.19445 1.16678 1.127 1.1792 1.17425 1.16849 1.16185 1.09164 0.995128 0.916646 0.96503 0.947296 0.947116 0.846456 0.890673 0.926415 0.927287 0.875212 0.834467 0.8883 0.882845 0.878957 0.873662 0.868184 0.860227 0.85536 0.85054 0.84696 0.843974 0.840747 0.837526 0.83337 0.828208 0.805575 0.786012 0.77559 0.759151 0.747687 0.733687
-9999 -9999 -9999 -9999 -9999 -9999 -9999 -9999 1.08483 1.23556 1.37026 1.44081 1.48211 1.49839 1.49071 1.47112 1.45083 1.42474 1.38101 1.3271 1.24301 1.17962 1.21511 1.23373 1.21601 1.23902 1.32073 1.34157 1.28653 1.15793 1.20517 1.26699 1.25647 1.24184 1.22746 1.21328 1.19991 1.17793 1.12745 0.981564 0.947825 0.88727 0.887773 0.852121 0.886816 0.837742 0.889137 0.903229 0.899315 0.825251 0.811797 0.86061 0.87566 0.859648 0.866395 0.874601 0.867863 0.862339 0.857054 0.853401 0.850064 0.846499 0.840564 0.835775 0.830261 0.8039 0.783803 0.769053 0.755442 0.7378 0.735445
-9999 -9999 -9999 -9999 -9999 -9999 -9999 -9999 1.06281 1.21519 1.37653 1.42157 1.4673 1.50651 1.50023 1.47311 1.4482 1.42368 1.397 1.33118 1.26726 1.20572 1.18225 1.18916 1.13802 1.18078 1.29054 1.30382 1.28377 1.14327 1.0948 1.18117 1.25276 1.25076 1.2359 1.13429 1.14858 1.09212 1.01784 0.994034 0.958763 0.889151 0.913851 0.859537 0.871185 0.818799 0.843234 0.848177 0.878044 0.812635 0.787749 0.835076 0.857728 0.847671 0.874015 0.878228 0.874094 0.86854 0.863704 0.859147 0.855453 0.850991 0.846148 0.84066 0.833436 0.822935 0.782128 0.691228 0.68169 0.690482 0.698035
-9999 -9999 -9999 -9999 -9999 -9999 -9999 -9999 1.09437 1.1974 1.33997 1.44341 1.44153 1.48838 1.50959 1.48045 1.44936 1.41848 1.40307 1.33087 1.25189 1.18707 1.11045 1.11704 1.16256 1.19255 1.26066 1.26516 1.23964 1.15165 1.17107 1.22734 1.25336 1.25543 1.23984 1.21232 1.19415 1.15073 1.129 1.07135 0.984013 0.945853 0.959664 0.865246 0.86277 0.885251 0.800353 0.844586 0.858957 0.779409 0.798559 0.847194 0.866885 0.883464 0.88671 0.883233 0.883456 0.876989 0.871768 0.866856 0.861846 0.857061 0.850868 0.844508 0.831324 0.813952 0.742519 0.671019 0.667085 0.687155 0.703364
-9999 -9999 -9999 -9999 -9999 -9999 -9999 -9999 1.12712 1.2194 1.34222 1.4137 1.41954 1.47263 1.51974 1.50738 1.47489 1.46175 1.42934 1.36681 1.29816 1.22324 1.18396 1.09962 1.17044 1.17466 1.23129 1.25285 1.17528 1.14098 1.17659 1.21217 1.22146 1.25829 1.2504 1.22886 1.15944 1.12265 1.12976 1.11074 1.08163 1.01886 1.00933 0.965352 0.941709 0.917984 0.819601 0.837486 0.828547 0.813446 0.853866 0.874113 0.884285 0.893235 0.888952 0.888748 0.891809 0.885861 0.88 0.874196 0.86894 0.862784 0.854247 0.845873 0.824927 0.792096 0.736138 0.61103 0.657563 0.70634 0.705715
-9999 -9999 -9999 -9999 -9999 -9999 -9999 -9999 1.12379 1.22285 1.3269 1.36549 1.36531 1.46801 1.52856 1.52226 1.50363 1.48331 1.40927 1.40832 1.38947 1.32074 1.22264 1.11493 1.11758 1.14818 1.19664 1.21649 1.10576 1.06767 1.08057 1.13921 1.19112 1.24605 1.25461 1.22924 1.1246 1.01407 1.0561 1.1014 1.0946 1.07256 1.01286 0.988174 0.964326 0.916617 0.822522 0.796625 0.803214 0.84051 0.852259 0.876795 0.895834 0.875117 0.872562 0.892253 0.900667 0.894219 0.887964 0.882334 0.876029 0.869187 0.857126 0.844437 0.826999 0.752173 0.702425 0.61706 0.655633 0.686287 0.67438
-9999 -9999 -9999 -9999 -9999 -9999 -9999 -9999 1.10473 1.17439 1.27382 1.30907 1.3707 1.46758 1.51194 1.53004 1.52339 1.50763 1.47111 1.44692 1.40461 1.33264 1.23609 1.12904 1.05652 1.08199 1.13634 1.14309 1.0506 1.00316 1.04324 1.10658 1.20457 1.2575 1.25843 1.246 1.21905 1.13639 1.03792 1.03152 1.07061 1.02469 0.972018 0.988206 0.97456 0.927196 0.889521 0.81717 0.803579 0.822517 0.828782 0.85914 0.909355 0.908585 0.898075 0.915181 0.908789 0.902215 0.896405 0.889892 0.883327 0.876244 0.864853 0.847084 0.794998 0.748276 0.685761 0.670741 0.684354 0.693417 0.696023
-9999 -9999 -9999 -9999 -9999 -9999 -9999 -9999 1.06168 1.14545 1.23835 1.32521 1.40737 1.47743 1.47659 1.51082 1.50448 1.51966 1.5074 1.47257 1.43538 1.37188 1.24902 1.14425 1.03029 1.05029 1.13537 1.09296 1.03315 0.930046 1.0197 1.11968 1.20984 1.25544 1.20689 1.24252 1.23225 1.19699 1.13543 1.04332 1.03752 0.965972 0.954871 0.97872 0.979902 0.964477 0.933481 0.869223 0.825045 0.828399 0.824187 0.851457 0.888415 0.924859 0.9239 0.924503 0.917256 0.910178 0.903973 0.897342 0.889743 0.880719 0.868703 0.823843 0.771519 0.736089 0.689888 0.676824 0.724265 0.709141 0.702511
