Test_Spring_2018b/02_18/Prec/20180226_003.txt
ncols	170
nrows	115
xllcorner	350000.000000
yllcorner	4445000.000000
cellsize	1000.000000
nodata_value	-9999.000000
[rows 32 to 63 of 115, columns 72 to 143 of 170]
1.07587 1.09268 1.09381 1.09614 1.15865 1.21285 1.2257 1.23804 1.25483 1.27781 1.29259 1.30699 1.31923 1.34383 1.39614 1.44446 1.43365 1.44378 1.4696 1.45619 1.48316 1.53301 1.59839 1.58716 1.61087 1.70008 1.75418 -9999 -9999 -9999 -9999 -9999 -9999 -9999 -9999 -9999 -9999 -9999 -9999 -9999 -9999 -9999 -9999 -9999 -9999 -9999 -9999 -9999 -9999 -9999 -9999 -9999 -9999 -9999 -9999 -9999 -9999 -9999 -9999 -9999 -9999 -9999 -9999 -9999 -9999 -9999 -9999 -9999 -9999 -9999 -9999 -9999
1.09276 1.1056 1.1016 1.11299 1.1512 1.21712 1.23572 1.2462 1.25998 1.27642 1.29162 1.30662 1.32865 1.35584 1.4023 1.45626 1.47646 1.46559 1.476 1.48482 1.51044 1.54016 1.57957 1.57542 1.5841 1.64011 1.73814 1.80696 -9999 -9999 -9999 -9999 -9999 -9999 -9999 -9999 -9999 -9999 -9999 -9999 -9999 -9999 -9999 -9999 -9999 -9999 -9999 -9999 -9999 -9999 -9999 -9999 -9999 -9999 -9999 -9999 -9999 -9999 -9999 -9999 -9999 -9999 -9999 -9999 -9999 -9999 -9999 -9999 -9999 -9999 -9999 -9999
1.11084 1.13496 1.13662 1.14096 1.203 1.24987 1.26083 1.25581 1.26873 1.28101 1.29944 1.3159 1.33592 1.36272 1.3966 1.4355 1.49617 1.47586 1.46295 1.4758 1.49026 1.51526 1.55369 1.54994 1.56558 1.65604 1.76397 1.8001 1.82394 -9999 -9999 -9999 -9999 -9999 -9999 -9999 -9999 -9999 -9999 -9999 -9999 -9999 -9999 -9999 -9999 -9999 -9999 -9999 -9999 -9999 -9999 -9999 -9999 -9999 -9999 -9999 -9999 -9999 -9999 -9999 -9999 -9999 -9999 -9999 -9999 -9999 -9999 -9999 -9999 -9999 -9999 -9999
1.12979 1.15701 1.15864 1.15784 1.19408 1.23345 1.26356 1.27105 1.278 1.2904 1.30928 1.34258 1.35613 1.36715 1.39279 1.43576 1.47895 1.49819 1.47241 1.47396 1.48925 1.4951 1.53011 1.53687 1.55768 1.61666 1.70984 1.78302 1.81171 1.85168 -9999 -9999 -9999 -9999 -9999 -9999 -9999 -9999 -9999 -9999 -9999 -9999 -9999 -9999 -9999 -9999 -9999 -9999 -9999 -9999 -9999 -9999 -9999 -9999 -9999 -9999 -9999 -9999 -9999 -9999 -9999 -9999 -9999 -9999 -9999 -9999 -9999 -9999 -9999 -9999 -9999 -9999
-9999 -9999 1.1855 1.22023 1.23317 1.25138 1.27479 1.28085 1.28664 1.2993 1.32608 1.34448 1.35556 1.37592 1.40392 1.42515 1.45597 1.48811 1.49107 1.47153 1.49878 1.49068 1.50809 1.52064 1.55331 1.66168 1.72854 1.7958 1.82428 1.86073 -9999 -9999 -9999 -9999 -9999 -9999 -9999 -9999 -9999 -9999 -9999 -9999 -9999 -9999 -9999 -9999 -9999 -9999 -9999 -9999 -9999 -9999 -9999 -9999 -9999 -9999 -9999 -9999 -9999 -9999 -9999 -9999 -9999 -9999 -9999 -9999 -9999 -9999 -9999 -9999 -9999 -9999
-9999 -9999 -9999 1.22986 1.24626 1.23919 1.28536 1.29446 1.29652 1.30898 1.32653 1.34196 1.35873 1.37693 1.4002 1.4248 1.45407 1.46612 1.45688 1.46867 1.48616 1.49746 1.5031 1.52327 1.59423 1.68473 1.72659 1.82528 1.86257 1.87875 1.90882 -9999 -9999 -9999 -9999 -9999 -9999 -9999 -9999 -9999 -9999 -9999 -9999 1.97211 -9999 -9999 -9999 -9999 -9999 -9999 -9999 -9999 -9999 -9999 -9999 -9999 -9999 -9999 -9999 -9999 -9999 -9999 -9999 -9999 2.18135 -9999 -9999 -9999 -9999 -9999 -9999 -9999
-9999 -9999 1.18716 1.2358 1.24057 1.2426 1.27486 1.30428 1.30525 1.31796 1.33407 1.34983 1.37056 1.38281 1.3998 1.42524 1.43787 1.44107 1.44875 1.45723 1.46849 1.48524 1.50619 1.53005 1.62205 1.66254 1.6975 1.76652 1.83389 1.8726 1.91987 1.95939 -9999 -9999 -9999 -9999 -9999 -9999 -9999 1.98259 1.98804 1.99196 1.99046 1.97852 1.99511 -9999 -9999 -9999 -9999 -9999 -9999 -9999 -9999 -9999 -9999 -9999 -9999 -9999 -9999 -9999 -9999 -9999 -9999 -9999 2.18059 2.20049 -9999 -9999 -9999 -9999 -9999 -9999
-9999 -9999 1.23478 1.2362 1.2455 1.24903 1.2583 1.30769 1.31761 1.32672 1.33965 1.35588 1.37376 1.38295 1.40237 1.41662 1.42941 1.42974 1.43832 1.4537 1.47175 1.49125 1.5201 1.54103 1.62073 1.65641 1.70037 1.74515 1.82945 1.89009 1.94857 1.99789 -9999 -9999 -9999 -9999 -9999 -9999 1.99336 1.98257 1.9772 1.99904 1.98723 1.97767 1.98594 2.04289 -9999 -9999 -9999 -9999 -9999 -9999 -9999 -9999 -9999 -9999 -9999 -9999 -9999 -9999 2.10177 2.12213 2.16557 2.18581 2.19642 2.21348 -9999 -9999 -9999 -9999 -9999 -9999
-9999 -9999 1.24059 1.24055 1.24677 1.25469 1.2712 1.29995 1.32454 1.33603 1.34868 1.3607 1.37185 1.38989 1.40185 1.42367 1.41796 1.42707 1.44038 1.46558 1.48517 1.52458 1.55341 1.62696 1.63214 1.67281 1.73013 1.7953 1.89412 1.92397 1.96102 2.00859 -9999 -9999 -9999 -9999 -9999 -9999 2.00754 1.99451 1.98365 1.98402 2.00533 1.98388 2.02394 2.04538 2.05704 2.05487 2.05945 2.09949 2.08358 2.08876 2.104 2.10523 -9999 -9999 -9999 -9999 2.12044 2.11826 2.11488 2.12078 2.16755 2.19774 2.22439 2.23837 -9999 -9999 -9999 -9999 -9999 -9999
-9999 -9999 1.23101 1.23876 1.25257 1.27125 1.28162 1.31215 1.33488 1.36284 1.37464 1.38437 1.39275 1.40298 1.41689 1.42198 1.42959 1.4421 1.47782 1.51997 1.52116 1.54164 1.62167 1.63814 1.64809 1.69321 1.7596 1.83218 1.90138 1.92913 1.97402 2.0475 -9999 -9999 -9999 2.07417 2.05816 2.06051 2.05693 2.03849 2.02484 1.99204 1.98592 2.01518 2.03418 2.05551 2.07962 2.0845 2.06859 2.07422 2.09211 2.0983 2.11421 2.1401 2.13932 2.14073 2.14363 2.14738 2.14819 2.1465 2.145 2.15065 2.17108 2.19142 2.20234 2.22663 -9999 -9999 -9999 -9999 -9999 -9999
-9999 -9999 1.23832 1.24802 1.26043 1.29595 1.3145 1.32554 1.35626 1.37143 1.38136 1.39815 1.39874 1.40558 1.41216 1.42014 1.43005 1.45937 1.49897 1.54115 1.56993 1.60003 1.64547 1.68026 1.6915 1.71796 1.80911 1.87826 1.91374 1.97409 2.03202 2.08622 -9999 -9999 2.12657 2.09202 2.06745 2.0553 2.05238 2.05305 2.03432 2.03439 2.01577 2.04826 2.0861 2.09079 2.08592 2.0899 2.1193 2.12877 2.14748 2.13253 2.13905 2.14724 2.14962 2.15421 2.15779 2.15992 2.16328 2.16036 2.15725 2.15889 2.18739 2.1985 2.22525 2.26225 -9999 -9999 -9999 -9999 -9999 -9999
-9999 -9999 1.25807 1.2688 1.27895 1.2983 1.31061 1.3358 1.37298 1.37509 1.38837 1.4021 1.41237 1.40975 1.41441 1.41962 1.42635 1.45366 1.48657 1.53461 1.57232 1.62072 1.65445 1.74926 1.77248 1.80804 1.84456 1.87262 1.91047 1.98359 2.02935 2.0878 2.12646 -9999 2.14084 2.12903 2.09793 2.06994 2.05151 2.05849 2.03611 2.0328 2.0419 2.05463 2.08131 2.12192 2.13295 2.14611 2.14217 2.12454 2.15019 2.15552 2.14969 2.15695 2.16288 2.16805 2.17165 2.17326 2.17334 2.17165 2.16899 2.16659 2.17656 2.19938 2.22909 2.26994 -9999 -9999 -9999 -9999 -9999 -9999
-9999 1.24411 1.2601 1.2654 1.28147 1.29917 1.31665 1.33399 1.36455 1.38068 1.38941 1.40269 1.42279 1.42524 1.42548 1.42008 1.42484 1.43282 1.45468 1.51064 1.55359 1.62713 1.68512 1.74671 1.77549 1.78744 1.8238 1.87388 1.92427 1.99922 2.03935 2.08533 2.14705 2.15713 2.14695 2.13844 2.11788 2.08218 2.05602 2.04359 2.03855 2.04539 2.04432 2.08209 2.10303 2.11753 2.13636 2.14904 2.16081 2.16344 2.18626 2.16503 2.16921 2.16809 2.17457 2.17987 2.18337 2.18479 2.18446 2.1827 2.17902 2.17424 2.17962 2.19599 2.25541 2.27501 -9999 -9999 -9999 -9999 -9999 -9999
-9999 -9999 1.26645 1.28258 1.30452 1.32465 1.34025 1.35326 1.37512 1.38767 1.39249 1.40395 1.42418 1.44156 1.43041 1.42732 1.42532 1.43075 1.4411 1.51685 1.55982 1.60288 1.66181 1.70312 1.73086 1.76785 1.81099 1.88079 1.94874 2.03837 2.10023 2.12412 2.16183 2.16391 2.16018 2.1315 2.10992 2.10047 2.09233 2.05314 2.05316 2.06702 2.06462 2.08652 2.10137 2.12229 2.13111 2.14415 2.15641 2.1959 2.19766 2.20394 2.19296 2.18331 2.18371 2.18921 2.19264 2.19437 2.19398 2.19185 2.18783 2.19015 2.1929 2.20354 2.26816 2.28207 -9999 -9999 -9999 -9999 -9999 -9999
-9999 -9999 -9999 -9999 1.31524 1.33392 1.35355 1.3688 1.38229 1.39093 1.3982 1.40562 1.41638 1.43602 1.44074 1.43928 1.45635 1.45659 1.45779 1.47821 1.50526 1.56713 1.6318 1.65352 1.69748 1.76131 1.81955 1.87635 1.95117 2.03107 2.09855 2.15155 2.17049 2.14984 2.13023 2.10048 2.08716 2.0958 2.08469 2.07748 2.06067 2.05656 2.06688 2.09025 2.1043 2.13125 2.12864 2.13998 2.15956 2.17789 2.2039 2.20263 2.20573 2.19709 2.19793 2.19578 2.19951 2.20117 2.20089 2.19874 2.20241 2.20064 2.19833 2.19596 2.26276 2.29762 -9999 -9999 -9999 -9999 -9999 -9999
-9999 -9999 -9999 -9999 1.33253 1.35391 1.36838 1.36665 1.3869 1.39553 1.40601 1.41088 1.41933 1.43456 1.44925 1.46252 1.48393 1.48428 1.47505 1.4815 1.506 1.56515 1.59948 1.64415 1.69544 1.76792 1.83145 1.88257 1.9564 2.03965 2.09335 2.15295 2.15421 2.14924 2.13492 2.1012 2.07707 2.06717 2.07907 2.07029 2.05079 2.05746 2.07948 2.0889 2.10972 2.14284 2.13396 2.14076 2.15838 2.16934 2.19886 2.20263 2.2025 2.20149 2.20133 2.2035 2.20412 2.20587 2.20556 2.20659 2.20598 2.20452 2.20273 2.20059 2.24294 2.30473 -9999 -9999 -9999 -9999 -9999 -9999
-9999 -9999 -9999 -9999 -9999 1.37379 1.37649 1.36692 1.39144 1.40537 1.40883 1.41501 1.42522 1.43256 1.44949 1.47254 1.51942 1.51853 1.51174 1.50081 1.51067 1.54456 1.60376 1.66005 1.74085 1.81681 1.86138 1.90583 1.96944 2.04496 2.1012 2.10502 2.10251 2.09363 2.09052 2.09771 2.07713 2.06016 2.06991 2.05892 2.0474 2.06272 2.07674 2.09161 2.11417 2.12749 2.13953 2.14018 2.16125 2.16792 2.19489 2.20157 2.20379 2.20443 2.20391 2.20552 2.20703 2.20797 2.2089 2.20879 2.20858 2.20791 2.20675 2.20519 2.20687 2.23173 2.25201 -9999 -9999 -9999 -9999 -9999
-9999 -9999 -9999 -9999 -9999 1.39715 1.4099 1.39411 1.41481 1.4113 1.41216 1.41823 1.43255 1.44426 1.46799 1.47638 1.51988 1.5491 1.55021 1.57788 1.56049 1.55285 1.61138 1.73085 1.80043 1.86171 1.89619 1.93418 1.97732 2.06955 2.10611 2.08912 2.08145 2.0747 2.06838 2.07174 2.07323 2.04651 2.04521 2.04039 2.04874 2.05624 2.08067 2.10114 2.1069 2.12877 2.14334 2.14341 2.16811 2.16815 2.19621 2.2052 2.20971 2.20548 2.20632 2.2072 2.20951 2.21025 2.21207 2.21115 2.21101 2.21089 2.21065 2.20946 2.20809 2.19478 2.21193 2.21419 2.19979 -9999 -9999 -9999
-9999 -9999 -9999 -9999 -9999 -9999 1.44781 1.41692 1.42559 1.42563 1.41754 1.42181 1.44561 1.45346 1.47675 1.49959 1.53964 1.58932 1.63047 1.58924 1.56133 1.56415 1.61765 1.72289 1.78877 1.82951 1.85257 1.90226 1.94627 2.0278 2.06109 2.09373 2.10067 2.09211 2.08058 2.06226 2.04912 2.05007 2.04418 2.04338 2.05009 2.05749 2.06996 2.08344 2.11076 2.11425 2.13518 2.14328 2.15766 2.17078 2.19953 2.21219 2.21013 2.20768 2.20813 2.21337 2.21309 2.21359 2.21535 2.21845 2.21391 2.21435 2.21444 2.21423 2.21312 2.1949 2.19248 2.20073 2.21338 2.23082 -9999 -9999
-9999 -9999 -9999 -9999 -9999 -9999 1.47696 1.44545 1.45315 1.43343 1.4352 1.4513 1.45129 1.45831 1.47684 1.50721 1.53652 1.59155 1.65322 1.61258 1.58285 1.58171 1.614 1.72224 1.7448 1.79506 1.82666 1.88433 1.9261 1.98268 2.02145 2.05766 2.10181 2.12897 2.08567 2.06397 2.04684 2.0407 2.03999 2.04375 2.05517 2.06535 2.09738 2.09392 2.10816 2.12254 2.13682 2.14953 2.16208 2.17382 2.20178 2.20617 2.21416 2.21734 2.22049 2.219 2.21833 2.21891 2.22086 2.2239 2.22787 2.22458 2.21899 2.21939 2.21903 2.20041 2.19614 2.19191 2.19018 2.21551 2.22849 2.23118
-9999 -9999 -9999 -9999 -9999 -9999 1.55256 1.49686 1.48319 1.46203 1.47061 1.4654 1.46322 1.47448 1.48406 1.50782 1.53387 1.57434 1.63392 1.68121 1.66468 1.62241 1.63043 1.68349 1.72106 1.77107 1.81851 1.85273 1.88188 1.94557 2.00533 2.04884 2.08309 2.09913 2.06832 2.06667 2.0723 2.03792 2.04318 2.05248 2.07612 2.10605 2.11566 2.13235 2.13752 2.16204 2.16285 2.16439 2.17093 2.18018 2.20879 2.22486 2.22548 2.2296 2.22787 2.22661 2.2261 2.22663 2.22846 2.23174 2.2357 2.23971 2.23376 2.2365 2.22576 2.20658 2.20273 2.1987 2.1941 2.19341 2.19499 2.20622
-9999 -9999 -9999 -9999 -9999 -9999 1.56787 1.54347 1.50315 1.5159 1.49044 1.48646 1.47812 1.48228 1.49386 1.51642 1.54638 1.58237 1.63595 1.68394 1.6745 1.66595 1.6631 1.70171 1.73451 1.76846 1.80373 1.85507 1.88633 1.9376 1.97103 2.032 2.05626 2.08518 2.0511 2.05073 2.06087 2.04639 2.05357 2.09069 2.12268 2.13644 2.13909 2.16565 2.18102 2.19247 2.19456 2.18034 2.21307 2.2189 2.23587 2.23499 2.24138 2.23957 2.23798 2.2367 2.23633 2.2368 2.23846 2.24168 2.24549 2.24964 2.2541 2.24474 2.24696 2.2272 2.21066 2.20674 2.20237 2.19843 2.20381 2.19955
-9999 -9999 -9999 -9999 -9999 -9999 1.57598 1.56869 1.53342 1.53629 1.50992 1.50132 1.49539 1.49917 1.51382 1.52907 1.55199 1.58573 1.61634 1.66122 1.71885 1.68662 1.71302 1.74604 1.79046 1.80709 1.83907 1.87586 1.9317 1.9435 1.98724 2.02072 2.03691 2.05584 2.03981 2.0447 2.05037 2.05734 2.08908 2.13186 2.16914 2.16037 2.17645 2.18578 2.22586 2.23245 2.22557 2.22971 2.23817 2.25419 2.25474 2.2599 2.25635 2.25319 2.25051 2.24966 2.24893 2.24965 2.25136 2.25408 2.25771 2.26164 2.26562 2.26915 2.2569 2.23578 2.23364 2.24338 2.2384 2.21764 2.21163 2.20985
-9999 -9999 -9999 -9999 -9999 -9999 -9999 1.60668 1.60597 1.56136 1.53862 1.52556 1.52147 1.5269 1.5383 1.55234 1.57151 1.60057 1.63684 1.68756 1.73352 1.74526 1.77582 1.82229 1.84194 1.83882 1.85642 1.89974 1.9969 2.02173 2.0099 2.02198 2.03334 2.0431 2.04259 2.05141 2.06381 2.08758 2.14768 2.1784 2.20995 2.21968 2.24308 2.24133 2.26072 2.24905 2.24965 2.25518 2.28485 2.31746 2.30308 2.29269 2.29308 2.28494 2.26604 2.26495 2.2645 2.26524 2.26664 2.26898 2.27211 2.28771 2.29208 2.29593 2.28304 2.25903 2.25876 2.25651 2.25433 2.24533 2.23838 2.22772
-9999 -9999 -9999 -9999 -9999 -9999 -9999 1.67962 1.63175 1.5786 1.56692 1.55404 1.54337 1.55008 1.56583 1.58276 1.60207 1.62499 1.66529 1.70764 1.75155 1.78336 1.80534 1.87442 1.8844 1.86868 1.88708 1.91577 2.04798 2.07972 2.05882 2.04095 2.04835 2.05916 2.10135 2.10065 2.12657 2.15992 2.17565 2.19664 2.23117 2.23139 2.26097 2.26589 2.28658 2.28419 2.28761 2.28029 2.30659 2.34549 2.33195 2.31932 2.31817 2.30344 2.29724 2.29491 2.2942 2.2945 2.29595 2.29816 2.30139 2.30505 2.30874 2.31236 2.31603 2.30469 2.30068 2.29722 2.28571 2.27359 2.26321 2.24112
-9999 -9999 -9999 -9999 -9999 -9999 -9999 1.6868 1.65814 1.61326 1.58159 1.58807 1.57637 1.57459 1.59252 1.61279 1.63505 1.65389 1.69612 1.74314 1.78696 1.8368 1.8571 1.86368 1.90263 1.90036 1.92031 1.94963 2.06509 2.07148 2.06188 2.06137 2.06801 2.07999 2.0957 2.10781 2.12952 2.1438 2.1721 2.2121 2.23451 2.23807 2.28166 2.29097 2.29043 2.32036 2.3087 2.30675 2.33814 2.36966 2.34893 2.338 2.32769 2.32217 2.31939 2.31584 2.31561 2.31591 2.31708 2.3191 2.32159 2.32477 2.32778 2.33267 2.33812 2.36227 2.32316 2.31781 2.30247 2.28763 2.26771 2.25632
-9999 -9999 -9999 -9999 -9999 -9999 -9999 1.69479 1.67113 1.63488 1.61657 1.62187 1.60952 1.5997 1.6127 1.6344 1.65058 1.67572 1.71393 1.75627 1.80263 1.83724 1.88955 1.88516 1.93332 1.93369 1.94598 2.06335 2.09165 2.09203 2.09041 2.09671 2.09132 2.10134 2.11571 2.14748 2.16725 2.1711 2.18504 2.20315 2.23406 2.24545 2.26952 2.28577 2.30149 2.33568 2.3332 2.33953 2.35428 2.3721 2.3623 2.3555 2.3487 2.34665 2.34324 2.33904 2.33877 2.33917 2.34025 2.34169 2.3438 2.34685 2.34957 2.35635 2.36667 2.38447 2.36222 2.33826 2.31254 2.2878 2.28452 2.27423
-9999 -9999 -9999 -9999 -9999 -9999 -9999 1.71706 1.692 1.66403 1.65938 1.66847 1.6393 1.62588 1.63774 1.65508 1.67427 1.71475 1.72974 1.75288 1.79588 1.85098 1.91061 1.9301 1.94743 1.97065 1.98262 2.11399 2.14352 2.15251 2.14289 2.13418 2.12298 2.12782 2.14443 2.18986 2.23728 2.22832 2.21828 2.22766 2.24279 2.27185 2.28784 2.30322 2.32696 2.35327 2.37216 2.37244 2.4027 2.39721 2.38626 2.3768 2.38166 2.37966 2.36948 2.3637 2.36377 2.3642 2.3648 2.36595 2.36743 2.37076 2.37401 2.37847 2.40341 2.41821 2.40628 2.35758 2.33865 2.32166 2.30112 2.29096
-9999 -9999 -9999 -9999 -9999 -9999 -9999 1.74582 1.73282 1.70791 1.70595 1.69365 1.66802 1.66178 1.66555 1.67907 1.69681 1.7233 1.74642 1.7775 1.82076 1.87424 1.93257 1.97885 1.98934 2.01854 2.06856 2.16085 2.19401 2.19342 2.18279 2.15793 2.14843 2.15702 2.16963 2.18693 2.22433 2.26728 2.27601 2.26781 2.29092 2.31641 2.31625 2.32687 2.34962 2.36837 2.39022 2.4031 2.43499 2.43174 2.4191 2.39874 2.39693 2.39856 2.38994 2.39005 2.39034 2.39049 2.39101 2.39159 2.39228 2.39432 2.39835 2.41454 2.42811 2.44682 2.44724 2.36709 2.33623 2.33285 2.31947 2.3106
-9999 -9999 -9999 -9999 -9999 -9999 -9999 1.78382 1.76689 1.74579 1.72618 1.70768 1.69321 1.70471 1.70329 1.71714 1.72356 1.74087 1.76744 1.79593 1.83525 1.8976 1.95428 2.0152 2.02725 2.02021 2.15578 2.19495 2.24919 2.23104 2.20782 2.18691 2.18117 2.20902 2.20465 2.21629 2.23637 2.26552 2.30546 2.31309 2.34471 2.35373 2.34962 2.35369 2.36371 2.37929 2.38935 2.42087 2.45944 2.46031 2.4493 2.43448 2.41965 2.41847 2.41657 2.41744 2.41812 2.41833 2.41851 2.41881 2.41931 2.42053 2.43342 2.44855 2.45688 2.46863 2.46762 2.40084 2.34983 2.35066 2.33825 2.32946
-9999 -9999 -9999 -9999 -9999 -9999 -9999 -9999 1.78852 1.76754 1.75567 1.76382 1.75356 1.7544 1.75801 1.76981 1.75394 1.76717 1.78954 1.81666 1.85241 1.90399 1.94696 2.00611 2.05563 2.11755 2.21852 2.22942 2.25243 2.25533 2.23479 2.21126 2.22182 2.26065 2.26897 2.27446 2.27225 2.28702 2.33784 2.36705 2.39222 2.38634 2.37976 2.38351 2.39002 2.39998 2.40831 2.48337 2.46893 2.45907 2.4593 2.45073 2.44488 2.44489 2.44505 2.4463 2.44705 2.44749 2.4479 2.44763 2.44862 2.45179 2.46526 2.50025 2.49555 2.49636 2.50456 2.4531 2.39333 2.37169 2.35724 2.3489
-9999 -9999 -9999 -9999 -9999 -9999 -9999 -9999 1.81965 1.79405 1.80266 1.82036 1.8512 1.85957 1.81923 1.82244 1.80769 1.79481 1.81208 1.83855 1.87273 1.91088 1.96108 2.02508 2.08161 2.2027 2.19658 2.22631 2.2403 2.24934 2.24506 2.25835 2.30043 2.33922 2.33839 2.34135 2.31972 2.32237 2.33576 2.36807 2.40355 2.42469 2.41225 2.41576 2.42096 2.42747 2.44278 2.47976 2.4864 2.47903 2.47515 2.47472 2.47092 2.47222 2.47427 2.4757 2.47709 2.4779 2.47866 2.47874 2.48256 2.48691 2.50918 2.52674 2.53593 2.5485 2.50609 2.46772 2.426 2.39267 2.37823 2.37039
