Test_Spring_2018b/02_18/Prec/20180213_007.txt
ncols	170
nrows	115
xllcorner	350000.000000
yllcorner	4445000.000000
cellsize	1000.000000
nodata_value	-9999.000000
[rows 31 to 61 of 115, columns 70 to 139 of 170]
1.01943 1.03529 1.03678 1.01426 1.00836 1.02292 1.00286 0.993993 0.956033 0.94515 0.920388 0.907647 0.887243 0.856615 0.840547 0.791525 0.645561 0.680357 0.690997 0.645253 0.662981 0.694794 0.656953 0.555226 0.507635 0.434429 0.437959 0.397731 0.336515 -9999 -9999 -9999 -9999 -9999 -9999 -9999 -9999 -9999 -9999 -9999 -9999 -9999 -9999 -9999 -9999 -9999 -9999 -9999 -9999 -9999 -9999 -9999 -9999 -9999 -9999 -9999 -9999 -9999 -9999 -9999 -9999 -9999 -9999 -9999 -9999 -9999 -9999 -9999 -9999 -9999
1.02693 1.03048 1.02267 1.00062 1.0162 1.02967 0.972906 0.947561 0.95641 0.94931 0.930528 0.895963 0.879375 0.862709 0.850446 0.809112 0.703271 0.607474 0.650949 0.646983 0.608169 0.662973 0.625479 0.536498 0.413014 0.470033 0.446489 0.332428 0.299528 -9999 -9999 -9999 -9999 -9999 -9999 -9999 -9999 -9999 -9999 -9999 -9999 -9999 -9999 -9999 -9999 -9999 -9999 -9999 -9999 -9999 -9999 -9999 -9999 -9999 -9999 -9999 -9999 -9999 -9999 -9999 -9999 -9999 -9999 -9999 -9999 -9999 -9999 -9999 -9999 -9999
1.00197 1.02056 1.00574 0.992094 1.01883 1.0104 0.984872 0.959159 0.955301 0.952695 0.941352 0.922716 0.905989 0.888861 0.85473 0.808281 0.71693 0.608548 0.579959 0.625211 0.622264 0.624818 0.590018 0.547514 0.48416 0.524155 0.535361 0.462646 0.365381 0.302396 -9999 -9999 -9999 -9999 -9999 -9999 -9999 -9999 -9999 -9999 -9999 -9999 -9999 -9999 -9999 -9999 -9999 -9999 -9999 -9999 -9999 -9999 -9999 -9999 -9999 -9999 -9999 -9999 -9999 -9999 -9999 -9999 -9999 -9999 -9999 -9999 -9999 -9999 -9999 -9999
0.967165 1.00381 0.984852 0.944298 0.957357 0.965092 0.960374 0.921252 0.918542 0.952548 0.943804 0.935599 0.912128 0.892409 0.863757 0.818926 0.757491 0.684644 0.561645 0.628937 0.680321 0.673179 0.664131 0.632413 0.571201 0.610267 0.605477 0.511535 0.402086 0.348696 0.322873 -9999 -9999 -9999 -9999 -9999 -9999 -9999 -9999 -9999 -9999 -9999 -9999 -9999 -9999 -9999 -9999 -9999 -9999 -9999 -9999 -9999 -9999 -9999 -9999 -9999 -9999 -9999 -9999 -9999 -9999 -9999 -9999 -9999 -9999 -9999 -9999 -9999 -9999 -9999
-9999 0.979177 0.960542 0.912513 0.925578 0.945412 0.964725 0.94714 0.933409 0.938819 0.944755 0.93707 0.913312 0.854967 0.84202 0.834478 0.792562 0.710289 0.628053 0.60274 0.683925 0.702953 0.691825 0.704845 0.651856 0.666906 0.650869 0.611701 0.509476 0.419275 0.383991 0.320874 -9999 -9999 -9999 -9999 -9999 -9999 -9999 -9999 -9999 -9999 -9999 -9999 -9999 -9999 -9999 -9999 -9999 -9999 -9999 -9999 -9999 -9999 -9999 -9999 -9999 -9999 -9999 -9999 -9999 -9999 -9999 -9999 -9999 -9999 -9999 -9999 -9999 -9999
-9999 -9999 -9999 -9999 0.881552 0.89959 0.907149 0.92369 0.927476 0.937155 0.946706 0.939267 0.897798 0.874849 0.868059 0.838876 0.791419 0.759733 0.706072 0.650193 0.663879 0.73195 0.692832 0.738712 0.727458 0.73002 0.687732 0.598539 0.492503 0.420145 0.387833 0.335501 -9999 -9999 -9999 -9999 -9999 -9999 -9999 -9999 -9999 -9999 -9999 -9999 -9999 -9999 -9999 -9999 -9999 -9999 -9999 -9999 -9999 -9999 -9999 -9999 -9999 -9999 -9999 -9999 -9999 -9999 -9999 -9999 -9999 -9999 -9999 -9999 -9999 -9999
-9999 -9999 -9999 -9999 -9999 0.894346 0.895064 0.937731 0.921988 0.925743 0.945098 0.939048 0.919838 0.90429 0.884408 0.860161 0.823427 0.783344 0.732672 0.723132 0.764816 0.759407 0.743153 0.744188 0.761432 0.74768 0.678446 0.56966 0.512502 0.381702 0.331963 0.330088 0.293717 -9999 -9999 -9999 -9999 -9999 -9999 -9999 -9999 -9999 -9999 -9999 -9999 0.350732 -9999 -9999 -9999 -9999 -9999 -9999 -9999 -9999 -9999 -9999 -9999 -9999 -9999 -9999 -9999 -9999 -9999 -9999 -9999 -9999 0 -9999 -9999 -9999
-9999 -9999 -9999 -9999 0.911427 0.909491 0.925372 0.948554 0.930528 0.922239 0.94539 0.939732 0.924553 0.908549 0.879346 0.868646 0.845885 0.802999 0.790274 0.80052 0.80202 0.804029 0.802477 0.791471 0.774262 0.75385 0.696588 0.644959 0.607719 0.498731 0.432696 0.381848 0.308696 0.250679 -9999 -9999 -9999 -9999 -9999 -9999 -9999 0.337287 0.330285 0.326763 0.336589 0.372201 0.34303 -9999 -9999 -9999 -9999 -9999 -9999 -9999 -9999 -9999 -9999 -9999 -9999 -9999 -9999 -9999 -9999 -9999 -9999 -9999 0 0 -9999 -9999
-9999 -9999 -9999 -9999 0.897942 0.922063 0.929348 0.951102 0.959837 0.932766 0.936341 0.94011 0.93296 0.915995 0.893166 0.888912 0.859475 0.8415 0.82713 0.842967 0.841515 0.826979 0.80975 0.793207 0.759157 0.748019 0.717293 0.680994 0.627157 0.572221 0.476665 0.378766 0.283245 0.205626 -9999 -9999 -9999 -9999 -9999 -9999 0.351678 0.381266 0.397033 0.349178 0.380946 0.409317 0.398494 0.349694 -9999 -9999 -9999 -9999 -9999 -9999 -9999 -9999 -9999 -9999 -9999 -9999 -9999 -9999 0.366592 0.308551 0.194885 0.134445 0 0 -9999 -9999
-9999 -9999 -9999 -9999 0.893891 0.92352 0.940305 0.95421 0.948417 0.945901 0.939129 0.938314 0.932305 0.925164 0.917502 0.891549 0.878158 0.840919 0.868198 0.862081 0.848539 0.810589 0.789959 0.727909 0.695826 0.669232 0.705765 0.662507 0.582525 0.485162 0.359171 0.337471 0.296167 0.226204 -9999 -9999 -9999 -9999 -9999 -9999 0.364384 0.396434 0.422169 0.421755 0.373785 0.428119 0.41037 0.370772 0.357081 0.37856 0.386774 0.361582 0.386588 0.392445 0.374334 0.387521 -9999 -9999 -9999 -9999 0.383277 0.382241 0.380361 0.353883 0.229906 0.143621 0 0 -9999 -9999
-9999 -9999 -9999 -9999 0.923772 0.937552 0.939175 0.930597 0.941771 0.936549 0.932989 0.936357 0.92928 0.924054 0.91931 0.908214 0.887279 0.886751 0.881307 0.866554 0.800816 0.724218 0.748214 0.697415 0.594645 0.651146 0.681188 0.63274 0.537106 0.428152 0.375944 0.362889 0.307684 0.239069 -9999 -9999 -9999 0.277847 0.326393 0.327565 0.339275 0.383632 0.416056 0.438452 0.452041 0.441996 0.410876 0.371651 0.329631 0.33602 0.393991 0.403975 0.400526 0.406715 0.389721 0.394134 0.408627 0.414991 0.414315 0.407705 0.403975 0.402257 0.396747 0.371799 0.259828 0.19381 0.149685 0 -9999 -9999
-9999 -9999 -9999 -9999 0.919073 0.929597 0.935761 0.941348 0.933892 0.94211 0.92996 0.931922 0.92868 0.905827 0.917652 0.912464 0.906493 0.897119 0.88447 0.829082 0.753585 0.677033 0.637558 0.640259 0.577387 0.588936 0.619232 0.590833 0.525428 0.427026 0.405355 0.367428 0.27292 0.18837 -9999 -9999 0.181166 0.277509 0.344539 0.377581 0.385436 0.382786 0.424837 0.423779 0.468401 0.447966 0.371125 0.371895 0.337797 0.347741 0.36405 0.364776 0.38592 0.411892 0.414851 0.412249 0.420696 0.420655 0.418962 0.416275 0.406225 0.406573 0.40364 0.386582 0.304603 0.262001 0.214413 0 -9999 -9999
-9999 -9999 -9999 -9999 0.928407 0.941024 0.955608 0.948378 0.956389 0.934868 0.907085 0.927264 0.925683 0.908541 0.895819 0.910483 0.906617 0.901455 0.894307 0.842269 0.781772 0.691733 0.632482 0.589629 0.557622 0.50778 0.517833 0.50064 0.481451 0.480997 0.443289 0.377491 0.32242 0.222037 0.168821 -9999 0.186613 0.22872 0.309316 0.377294 0.419124 0.399445 0.447948 0.453036 0.475625 0.451798 0.400723 0.375111 0.366747 0.354837 0.383889 0.399691 0.404217 0.411522 0.420079 0.421008 0.42231 0.421725 0.42048 0.419096 0.416409 0.413208 0.408226 0.399348 0.359204 0.316005 0.228851 0 -9999 -9999
-9999 -9999 -9999 0.87968 0.927289 0.955449 0.958864 0.957904 0.955811 0.951469 0.936906 0.928541 0.927735 0.917116 0.87933 0.879765 0.883787 0.901134 0.896753 0.888629 0.853467 0.745254 0.700752 0.637228 0.560423 0.515978 0.518541 0.561906 0.548174 0.500971 0.450196 0.377337 0.330809 0.269511 0.155388 0.161415 0.20636 0.239475 0.293718 0.377727 0.435529 0.459244 0.465502 0.480344 0.485832 0.453436 0.419226 0.40225 0.376977 0.367432 0.360886 0.376024 0.380863 0.41183 0.420986 0.422402 0.423206 0.422893 0.422187 0.421306 0.419362 0.415851 0.412541 0.408311 0.400911 0.345409 0.211981 0.109225 -9999 -9999
-9999 -9999 -9999 -9999 0.916322 0.921757 0.913835 0.909211 0.913145 0.920049 0.925043 0.920198 0.927911 0.917869 0.882048 0.845281 0.873619 0.88355 0.893351 0.8902 0.881656 0.786321 0.73328 0.688601 0.614178 0.620537 0.630562 0.620208 0.595098 0.505802 0.417435 0.311108 0.219728 0.209022 0.15646 0.174497 0.203424 0.282295 0.337303 0.35826 0.372316 0.457081 0.474916 0.476432 0.493075 0.455952 0.437136 0.406593 0.405982 0.396676 0.38984 0.319436 0.371842 0.371278 0.409356 0.42391 0.424987 0.424438 0.424018 0.4224 0.420476 0.417617 0.414769 0.410118 0.403331 0.365091 0.199414 0.111099 -9999 -9999
-9999 -9999 -9999 -9999 -9999 -9999 0.897605 0.897888 0.893512 0.895844 0.919525 0.923169 0.924034 0.918829 0.900851 0.860763 0.850118 0.85462 0.818739 0.842596 0.87523 0.867523 0.854691 0.769673 0.715484 0.74092 0.717186 0.647938 0.590951 0.53495 0.432925 0.349518 0.245681 0.166913 0.158543 0.233377 0.294306 0.374338 0.40871 0.386152 0.40612 0.445405 0.490689 0.509527 0.497972 0.459087 0.443463 0.400208 0.427464 0.422933 0.399477 0.378683 0.372711 0.388898 0.39304 0.422635 0.428045 0.426514 0.425253 0.423722 0.421555 0.418816 0.414471 0.409886 0.404445 0.397324 0.227033 0 -9999 -9999
-9999 -9999 -9999 -9999 -9999 -9999 0.866354 0.861162 0.869312 0.911415 0.918452 0.921257 0.913432 0.912792 0.898719 0.865107 0.831258 0.800381 0.760072 0.777917 0.829803 0.85673 0.852349 0.776575 0.795464 0.770373 0.732347 0.645363 0.578065 0.536883 0.438212 0.346611 0.274624 0.179667 0.21152 0.248422 0.298218 0.384908 0.443607 0.466475 0.442956 0.467508 0.52034 0.515559 0.478455 0.473916 0.443796 0.387386 0.430153 0.436718 0.417883 0.413956 0.398158 0.401283 0.411483 0.421778 0.428187 0.42735 0.425519 0.423652 0.421703 0.418939 0.414885 0.41071 0.405251 0.398717 0.286514 0 -9999 -9999
-9999 -9999 -9999 -9999 -9999 -9999 -9999 0.824571 0.860023 0.919978 0.916291 0.905697 0.913179 0.908355 0.889145 0.873115 0.833035 0.779777 0.678479 0.699976 0.747381 0.816473 0.848129 0.833245 0.795547 0.744874 0.639151 0.544916 0.522396 0.496814 0.421594 0.347114 0.267918 0.30181 0.340921 0.385516 0.407921 0.398733 0.448668 0.488931 0.468503 0.499448 0.535226 0.512075 0.495517 0.479994 0.446935 0.43779 0.432231 0.453247 0.425951 0.431195 0.419975 0.414655 0.417597 0.422281 0.427981 0.42727 0.42553 0.424013 0.421081 0.418796 0.414938 0.410281 0.404879 0.398472 0.382593 0.272173 0.20405 -9999
-9999 -9999 -9999 -9999 -9999 -9999 -9999 0.780051 0.791162 0.864621 0.869351 0.898491 0.911091 0.905796 0.876486 0.858776 0.800264 0.78026 0.686993 0.640541 0.670563 0.650533 0.746808 0.829752 0.794203 0.595866 0.515941 0.455215 0.4551 0.443096 0.413865 0.298998 0.263636 0.3441 0.393401 0.43152 0.460449 0.464433 0.461516 0.525872 0.531473 0.549639 0.540863 0.537884 0.498813 0.471763 0.478735 0.450243 0.438924 0.460953 0.424349 0.443836 0.429125 0.416518 0.412177 0.426367 0.42728 0.427005 0.425179 0.422847 0.420113 0.416713 0.413917 0.40951 0.40363 0.398064 0.390897 0.370356 0.310475 0.284786
-9999 -9999 -9999 -9999 -9999 -9999 -9999 -9999 0.711738 0.819087 0.85175 0.871596 0.904464 0.903032 0.883152 0.856379 0.796796 0.744481 0.660684 0.56485 0.506299 0.647757 0.768667 0.826762 0.802608 0.635865 0.562586 0.547521 0.571436 0.529204 0.494876 0.403485 0.372987 0.335014 0.348175 0.402503 0.447277 0.491782 0.523939 0.52493 0.545167 0.552522 0.54948 0.548582 0.539037 0.529565 0.486455 0.501145 0.474717 0.477237 0.463566 0.450912 0.434213 0.41114 0.420163 0.428367 0.428615 0.426802 0.424312 0.422381 0.419941 0.416539 0.411721 0.40755 0.402615 0.396529 0.390444 0.381583 0.368723 0.329893
-9999 -9999 -9999 -9999 -9999 -9999 -9999 -9999 0.65331 0.760475 0.795589 0.860803 0.890234 0.896989 0.890481 0.867873 0.821667 0.753891 0.69702 0.59004 0.478355 0.623516 0.75044 0.816301 0.81047 0.663631 0.688222 0.647308 0.647453 0.582639 0.54959 0.514988 0.468517 0.419555 0.366873 0.336985 0.442877 0.496315 0.539247 0.558499 0.56841 0.571972 0.56326 0.547681 0.493688 0.524597 0.511748 0.500814 0.48927 0.479989 0.469144 0.457971 0.443458 0.437854 0.421633 0.432131 0.427929 0.425907 0.423992 0.421686 0.418895 0.415858 0.412204 0.407376 0.40102 0.395205 0.388995 0.380712 0.373622 0.365044
-9999 -9999 -9999 -9999 -9999 -9999 -9999 -9999 0.487454 0.649402 0.765181 0.82939 0.877395 0.887893 0.889242 0.859747 0.83737 0.787671 0.740467 0.668858 0.562547 0.494769 0.597358 0.75861 0.805971 0.78492 0.770095 0.725239 0.683774 0.669155 0.661125 0.608667 0.548005 0.473825 0.445345 0.417328 0.495138 0.503254 0.494805 0.581942 0.579755 0.572003 0.534658 0.489019 0.491508 0.457939 0.46532 0.43011 0.44911 0.464649 0.466301 0.459177 0.444165 0.439415 0.433942 0.431159 0.428343 0.425547 0.423055 0.420741 0.418119 0.414502 0.410914 0.407779 0.400969 0.395474 0.387573 0.379603 0.373014 0.3652
-9999 -9999 -9999 -9999 -9999 -9999 -9999 -9999 0.497034 0.617302 0.731791 0.792447 0.856917 0.867537 0.886629 0.877208 0.853481 0.809439 0.755266 0.695372 0.603318 0.533099 0.60511 0.700389 0.772337 0.785049 0.768477 0.756127 0.738113 0.724301 0.705415 0.681574 0.637017 0.56412 0.52278 0.465604 0.552517 0.559493 0.542487 0.585095 0.580136 0.508779 0.452864 0.44253 0.4656 0.42982 0.413657 0.383613 0.398446 0.449422 0.427223 0.424146 0.437618 0.437247 0.433542 0.43091 0.427787 0.425047 0.422182 0.419872 0.417453 0.413699 0.410131 0.406357 0.40133 0.393888 0.387901 0.379618 0.371309 0.364437
-9999 -9999 -9999 -9999 -9999 -9999 -9999 -9999 0.50848 0.574746 0.67717 0.772241 0.841552 0.866226 0.88335 0.878523 0.851094 0.827061 0.791411 0.73788 0.699468 0.635402 0.548592 0.677722 0.699749 0.721037 0.727845 0.756356 0.74508 0.717118 0.672114 0.683214 0.666875 0.610327 0.588406 0.555807 0.602273 0.598922 0.594392 0.588718 0.527911 0.444378 0.376667 0.419023 0.405027 0.415785 0.339242 0.389163 0.426176 0.433683 0.39317 0.365119 0.420166 0.423854 0.426638 0.427455 0.427175 0.423684 0.421737 0.418743 0.415863 0.412759 0.408986 0.405063 0.400479 0.395442 0.386645 0.37864 0.372097 0.367001
-9999 -9999 -9999 -9999 -9999 -9999 -9999 -9999 -9999 0.524442 0.64864 0.766648 0.829513 0.86711 0.882813 0.877268 0.860683 0.842609 0.818597 0.778478 0.728852 0.652641 0.594048 0.620833 0.640288 0.628602 0.646455 0.715614 0.732874 0.685246 0.571597 0.614536 0.669476 0.662101 0.651162 0.640281 0.625779 0.615238 0.596885 0.553605 0.427751 0.402717 0.351076 0.352652 0.323683 0.366391 0.335029 0.384386 0.402198 0.405004 0.347611 0.344029 0.395172 0.414398 0.406272 0.417099 0.425192 0.422665 0.420227 0.417071 0.41451 0.411593 0.408082 0.406135 0.401789 0.397166 0.387524 0.379999 0.369873 0.361175
-9999 -9999 -9999 -9999 -9999 -9999 -9999 -9999 -9999 0.48982 0.622228 0.762796 0.803149 0.8441 0.879178 0.874517 0.85124 0.829129 0.806585 0.781465 0.721942 0.66364 0.607184 0.583616 0.586494 0.554275 0.589478 0.683097 0.69397 0.676617 0.553534 0.512874 0.588946 0.6524 0.65231 0.641003 0.55458 0.567988 0.520049 0.456547 0.436555 0.406749 0.347548 0.370225 0.32526 0.33797 0.314958 0.340674 0.350144 0.381614 0.331139 0.3169 0.366731 0.392051 0.388671 0.416128 0.423764 0.423414 0.421044 0.418546 0.415644 0.412997 0.409387 0.405353 0.400867 0.395167 0.387065 0.366889 0.299853 0.294532
-9999 -9999 -9999 -9999 -9999 -9999 -9999 -9999 -9999 0.507843 0.597262 0.72118 0.811488 0.810853 0.852115 0.870885 0.845672 0.818195 0.790286 0.775175 0.710547 0.639737 0.580995 0.512086 0.515202 0.552273 0.59222 0.650087 0.653516 0.631501 0.553742 0.57166 0.621646 0.645639 0.648987 0.637011 0.614588 0.600061 0.563561 0.54567 0.496729 0.422259 0.3905 0.404011 0.324575 0.325151 0.34795 0.298928 0.34197 0.359629 0.296459 0.322956 0.370538 0.392871 0.412125 0.419357 0.420186 0.423559 0.420493 0.417882 0.415003 0.411633 0.408205 0.403477 0.398687 0.388233 0.374508 0.314526 0.279219 0.278637
-9999 -9999 -9999 -9999 -9999 -9999 -9999 -9999 -9999 0.526215 0.60598 0.712408 0.774651 0.780227 0.826482 0.867318 0.856424 0.827721 0.81527 0.785757 0.729887 0.668487 0.601568 0.565441 0.490552 0.549914 0.568609 0.616795 0.635097 0.565621 0.536804 0.568638 0.600651 0.610087 0.643349 0.637963 0.620704 0.561995 0.531372 0.538607 0.523303 0.499414 0.446706 0.44033 0.404659 0.387075 0.369986 0.310192 0.330219 0.327412 0.323578 0.364253 0.38693 0.400671 0.413011 0.413489 0.416987 0.422765 0.420222 0.417249 0.413894 0.410684 0.406495 0.400184 0.39408 0.377302 0.350538 0.304141 0.22387 0.266813
-9999 -9999 -9999 -9999 -9999 -9999 -9999 -9999 -9999 0.512855 0.59812 0.687906 0.721295 0.721227 0.809953 0.862104 0.856292 0.839551 0.821042 0.755861 0.75357 0.735664 0.674613 0.588226 0.493655 0.494583 0.529822 0.578276 0.595226 0.497248 0.465154 0.477309 0.529114 0.575218 0.623985 0.632717 0.61213 0.523063 0.42889 0.466492 0.507007 0.502692 0.485471 0.436071 0.417311 0.39973 0.362018 0.294425 0.288801 0.299173 0.341033 0.356193 0.382264 0.403356 0.389802 0.391551 0.412086 0.422439 0.41952 0.416367 0.413416 0.409631 0.405231 0.396279 0.386847 0.373463 0.310741 0.269943 0.209672 0.261251
-9999 -9999 -9999 -9999 -9999 -9999 -9999 -9999 -9999 0.485467 0.544971 0.630345 0.660407 0.713303 0.796626 0.834534 0.849654 0.843258 0.82884 0.796342 0.774376 0.736682 0.673358 0.588829 0.495317 0.43175 0.452977 0.517008 0.525725 0.440758 0.400571 0.436113 0.491845 0.577585 0.624476 0.62651 0.61705 0.595096 0.525112 0.441575 0.437696 0.473332 0.43583 0.392826 0.409668 0.401144 0.3639 0.335391 0.299957 0.298044 0.318879 0.32911 0.359981 0.40776 0.411207 0.4059 0.424074 0.421589 0.418598 0.415957 0.412458 0.408733 0.404463 0.396457 0.383007 0.340052 0.301909 0.250337 0.239994 0.281897
-9999 -9999 -9999 -9999 -9999 -9999 -9999 -9999 -9999 0.437061 0.508376 0.587679 0.661862 0.732068 0.791881 0.790497 0.819409 0.813288 0.82574 0.814487 0.78373 0.750934 0.69544 0.588715 0.497657 0.39873 0.415557 0.500093 0.467372 0.416422 0.328142 0.406382 0.493598 0.572399 0.612789 0.571944 0.603909 0.596357 0.567386 0.515904 0.438273 0.435463 0.376188 0.369463 0.39328 0.397881 0.388475 0.365912 0.325559 0.310168 0.317188 0.318276 0.346338 0.382498 0.417908 0.420692 0.424499 0.421218 0.417806 0.414918 0.411488 0.407113 0.401461 0.393247 0.356748 0.313926 0.285847 0.248634 0.240196 0.296061
