Test_Spring_2018b/02_18/Prec/20180215_008.txt
ncols	170
nrows	115
xllcorner	350000.000000
yllcorner	4445000.000000
cellsize	1000.000000
nodata_value	-9999.000000
[rows 31 to 61 of 115, columns 70 to 139 of 170]
0.22833 0.234359 0.236297 0.23131 0.231327 0.245344 0.244517 0.244295 0.243855 0.243106 0.238207 0.23675 0.23296 0.226098 0.223463 0.211147 0.170415 0.182815 0.188267 0.177368 0.185342 0.19774 0.190017 0.163881 0.153964 0.13684 0.144134 0.142423 0.129206 -9999 -9999 -9999 -9999 -9999 -9999 -9999 -9999 -9999 -9999 -9999 -9999 -9999 -9999 -9999 -9999 -9999 -9999 -9999 -9999 -9999 -9999 -9999 -9999 -9999 -9999 -9999 -9999 -9999 -9999 -9999 -9999 -9999 -9999 -9999 -9999 -9999 -9999 -9999 -9999 -9999
0.230358 0.232792 0.232001 0.227141 0.23343 0.239189 0.235543 0.236632 0.243927 0.244237 0.241056 0.233175 0.230505 0.227761 0.226283 0.21628 0.187392 0.161543 0.176701 0.178122 0.169543 0.1887 0.181057 0.158603 0.126316 0.147269 0.14481 0.123129 0.117739 -9999 -9999 -9999 -9999 -9999 -9999 -9999 -9999 -9999 -9999 -9999 -9999 -9999 -9999 -9999 -9999 -9999 -9999 -9999 -9999 -9999 -9999 -9999 -9999 -9999 -9999 -9999 -9999 -9999 -9999 -9999 -9999 -9999 -9999 -9999 -9999 -9999 -9999 -9999 -9999 -9999
0.22272 0.229593 0.226766 0.22438 0.233937 0.23325 0.235926 0.239975 0.243442 0.245033 0.244002 0.240769 0.238042 0.235159 0.227274 0.215792 0.19119 0.161689 0.155745 0.171652 0.173633 0.177478 0.17063 0.161796 0.147111 0.162998 0.170639 0.155389 0.136799 0.127346 -9999 -9999 -9999 -9999 -9999 -9999 -9999 -9999 -9999 -9999 -9999 -9999 -9999 -9999 -9999 -9999 -9999 -9999 -9999 -9999 -9999 -9999 -9999 -9999 -9999 -9999 -9999 -9999 -9999 -9999 -9999 -9999 -9999 -9999 -9999 -9999 -9999 -9999 -9999 -9999
0.21207 0.224279 0.220271 0.210019 0.215583 0.219651 0.234676 0.230787 0.232377 0.244688 0.24439 0.244186 0.239447 0.235776 0.229477 0.218458 0.202634 0.183571 0.149941 0.172344 0.190302 0.191335 0.192074 0.186429 0.172385 0.188 0.190931 0.169795 0.15232 0.140564 0.136738 -9999 -9999 -9999 -9999 -9999 -9999 -9999 -9999 -9999 -9999 -9999 -9999 -9999 -9999 -9999 -9999 -9999 -9999 -9999 -9999 -9999 -9999 -9999 -9999 -9999 -9999 -9999 -9999 -9999 -9999 -9999 -9999 -9999 -9999 -9999 -9999 -9999 -9999 -9999
-9999 0.216549 0.212688 0.200296 0.20591 0.21357 0.228387 0.234747 0.23636 0.240266 0.244248 0.244155 0.239283 0.224223 0.222479 0.222357 0.212225 0.190375 0.168703 0.163944 0.190679 0.199439 0.199627 0.207178 0.195619 0.204257 0.203955 0.197499 0.177474 0.161068 0.154495 0.139523 -9999 -9999 -9999 -9999 -9999 -9999 -9999 -9999 -9999 -9999 -9999 -9999 -9999 -9999 -9999 -9999 -9999 -9999 -9999 -9999 -9999 -9999 -9999 -9999 -9999 -9999 -9999 -9999 -9999 -9999 -9999 -9999 -9999 -9999 -9999 -9999 -9999 -9999
-9999 -9999 -9999 -9999 0.192623 0.206843 0.212676 0.22742 0.234155 0.239313 0.244329 0.244258 0.23412 0.229366 0.229343 0.222787 0.210958 0.203899 0.190585 0.176856 0.183814 0.207027 0.19909 0.216396 0.217215 0.222331 0.214477 0.197717 0.172324 0.161292 0.155714 0.144008 -9999 -9999 -9999 -9999 -9999 -9999 -9999 -9999 -9999 -9999 -9999 -9999 -9999 -9999 -9999 -9999 -9999 -9999 -9999 -9999 -9999 -9999 -9999 -9999 -9999 -9999 -9999 -9999 -9999 -9999 -9999 -9999 -9999 -9999 -9999 -9999 -9999 -9999
-9999 -9999 -9999 -9999 -9999 0.205044 0.208873 0.223814 0.232027 0.235455 0.243319 0.243595 0.2399 0.237208 0.233222 0.227994 0.219202 0.209593 0.197102 0.196959 0.212163 0.213887 0.212777 0.217079 0.226449 0.226993 0.212248 0.188993 0.176995 0.150171 0.139692 0.142979 0.135814 -9999 -9999 -9999 -9999 -9999 -9999 -9999 -9999 -9999 -9999 -9999 -9999 0.165707 -9999 -9999 -9999 -9999 -9999 -9999 -9999 -9999 -9999 -9999 -9999 -9999 -9999 -9999 -9999 -9999 -9999 -9999 -9999 -9999 0 -9999 -9999 -9999
-9999 -9999 -9999 -9999 0.200644 0.210248 0.217513 0.226865 0.231057 0.233904 0.242853 0.24317 0.240546 0.23758 0.230702 0.229288 0.224449 0.213896 0.212461 0.218093 0.221532 0.22552 0.228868 0.229835 0.229341 0.228214 0.220942 0.21092 0.205113 0.179095 0.169916 0.159098 0.141367 0.12767 -9999 -9999 -9999 -9999 -9999 -9999 -9999 0.16449 0.162257 0.160794 0.163034 0.172659 0.163125 -9999 -9999 -9999 -9999 -9999 -9999 -9999 -9999 -9999 -9999 -9999 -9999 -9999 -9999 -9999 -9999 -9999 -9999 -9999 0 0 -9999 -9999
-9999 -9999 -9999 -9999 0.203635 0.213521 0.218442 0.227531 0.232673 0.236493 0.239664 0.242661 0.242259 0.238839 0.233637 0.233915 0.226928 0.223529 0.221501 0.228727 0.231321 0.230549 0.229466 0.229045 0.223906 0.22585 0.226499 0.221406 0.211162 0.200482 0.18377 0.159487 0.135486 0.116279 -9999 -9999 -9999 -9999 -9999 -9999 0.170548 0.179168 0.183423 0.168742 0.177202 0.184479 0.180106 0.167565 -9999 -9999 -9999 -9999 -9999 -9999 -9999 -9999 -9999 -9999 -9999 -9999 -9999 -9999 0.162928 0.146565 0.113998 0 0 0 -9999 -9999
-9999 -9999 -9999 -9999 0.20182 0.213542 0.221456 0.22842 0.229443 0.233602 0.240003 0.241554 0.241331 0.240592 0.239612 0.233283 0.23078 0.221535 0.231592 0.232307 0.231367 0.223824 0.22193 0.208423 0.204205 0.205945 0.222604 0.215974 0.19857 0.175944 0.150151 0.149006 0.141269 0.124601 -9999 -9999 -9999 -9999 -9999 -9999 0.176689 0.185823 0.192768 0.191753 0.176547 0.191173 0.187442 0.174157 0.168393 0.172909 0.173534 0.168471 0.173688 0.173574 0.166631 0.169121 -9999 -9999 -9999 -9999 0.165527 0.165646 0.165748 0.158813 0.1234 0 0 0 -9999 -9999
-9999 -9999 -9999 -9999 0.209973 0.217285 0.220974 0.221537 0.227698 0.23104 0.237806 0.242934 0.242031 0.241453 0.240918 0.238559 0.233501 0.234767 0.23505 0.233161 0.216931 0.198158 0.209538 0.197894 0.175715 0.199607 0.214898 0.207312 0.185891 0.160433 0.156619 0.158405 0.14699 0.134424 -9999 -9999 -9999 0.15523 0.170432 0.171249 0.174728 0.187412 0.196269 0.198652 0.201205 0.199815 0.188403 0.174958 0.160613 0.16044 0.175415 0.176366 0.176883 0.176641 0.169829 0.171527 0.174499 0.175449 0.174728 0.172666 0.171832 0.171935 0.171214 0.165009 0.131262 0.113143 0.101488 0 -9999 -9999
-9999 -9999 -9999 -9999 0.208291 0.214775 0.219907 0.228313 0.22902 0.233971 0.234517 0.241165 0.241159 0.235125 0.239139 0.238196 0.237238 0.235668 0.233676 0.219795 0.200739 0.182123 0.17512 0.182977 0.170661 0.181601 0.197291 0.195162 0.188562 0.166488 0.16656 0.166003 0.142914 0.122227 -9999 -9999 0.128461 0.15821 0.178761 0.188799 0.19097 0.189646 0.20109 0.199588 0.21124 0.206502 0.181518 0.179704 0.163372 0.163959 0.168614 0.166636 0.173768 0.179065 0.17782 0.175242 0.176275 0.175239 0.174178 0.173293 0.170697 0.171556 0.171787 0.168124 0.145575 0.134664 0.120122 0 -9999 -9999
-9999 -9999 -9999 -9999 0.213987 0.221424 0.229255 0.230417 0.235715 0.232322 0.228134 0.235528 0.239684 0.235032 0.231515 0.236067 0.23542 0.234836 0.234287 0.221315 0.206694 0.184261 0.1717 0.166236 0.163417 0.162226 0.172624 0.175052 0.176778 0.183753 0.179693 0.171153 0.160259 0.134913 0.12296 -9999 0.133263 0.14708 0.171532 0.191685 0.203644 0.197107 0.210203 0.210247 0.21773 0.208878 0.19122 0.182965 0.178214 0.172268 0.178227 0.176515 0.178253 0.177692 0.177984 0.176224 0.174989 0.173682 0.172708 0.172233 0.171893 0.171866 0.171697 0.17067 0.160648 0.147893 0.124099 0 -9999 -9999
-9999 -9999 -9999 0.190839 0.213373 0.225627 0.230403 0.233582 0.23604 0.237392 0.236868 0.23622 0.23688 0.236812 0.225621 0.225675 0.227045 0.232821 0.232915 0.232755 0.225595 0.19796 0.190952 0.183289 0.168246 0.163885 0.172661 0.193432 0.197313 0.191097 0.183428 0.172698 0.165245 0.151993 0.121985 0.126781 0.142186 0.153343 0.169981 0.194707 0.21118 0.217173 0.217646 0.222399 0.222232 0.211804 0.199071 0.191746 0.181787 0.17627 0.171498 0.17301 0.174066 0.176754 0.176776 0.175168 0.17362 0.172284 0.171424 0.171122 0.171092 0.171126 0.171646 0.172211 0.170474 0.156138 0.121698 0 -9999 -9999
-9999 -9999 -9999 -9999 0.21006 0.215869 0.21751 0.219766 0.224097 0.228801 0.233901 0.233807 0.236885 0.234563 0.225624 0.214473 0.222715 0.226096 0.230201 0.231431 0.232103 0.212044 0.202774 0.196892 0.18301 0.194063 0.205541 0.211051 0.212079 0.193972 0.175702 0.15532 0.134324 0.136159 0.125357 0.133432 0.144165 0.168724 0.185512 0.19162 0.195108 0.218845 0.224037 0.223528 0.226684 0.213771 0.205386 0.193879 0.19094 0.185256 0.180143 0.156279 0.170809 0.166982 0.174765 0.17418 0.172782 0.171278 0.170462 0.169966 0.170025 0.170386 0.17122 0.170729 0.172684 0.16401 0.11793 0 -9999 -9999
-9999 -9999 -9999 -9999 -9999 -9999 0.213215 0.217024 0.218991 0.222384 0.232873 0.235192 0.23614 0.234862 0.229546 0.218356 0.214953 0.216573 0.207155 0.217452 0.231253 0.234364 0.237158 0.219763 0.213033 0.229233 0.231204 0.219823 0.211871 0.203888 0.181936 0.168402 0.143958 0.125978 0.127722 0.152931 0.173179 0.19805 0.208722 0.201974 0.20709 0.218531 0.230617 0.234619 0.229394 0.215848 0.208273 0.192885 0.197955 0.193485 0.183288 0.173756 0.170768 0.171598 0.169176 0.17468 0.173707 0.170871 0.169776 0.169323 0.169377 0.169882 0.170662 0.171678 0.172719 0.173391 0.126163 0 -9999 -9999
-9999 -9999 -9999 -9999 -9999 -9999 0.204674 0.206938 0.212617 0.22769 0.233227 0.235239 0.233549 0.233503 0.229214 0.219096 0.209167 0.200305 0.189914 0.197847 0.217198 0.230602 0.236055 0.221587 0.236536 0.238161 0.236189 0.219843 0.20909 0.205663 0.184881 0.169001 0.15401 0.131355 0.144949 0.159045 0.17596 0.202802 0.220572 0.227148 0.219923 0.226238 0.2405 0.237531 0.224762 0.22124 0.209344 0.190009 0.199528 0.198194 0.189215 0.184479 0.178349 0.175162 0.17434 0.174022 0.173214 0.171081 0.169408 0.168866 0.169026 0.169708 0.170569 0.171849 0.173042 0.174048 0.14402 0 -9999 -9999
-9999 -9999 -9999 -9999 -9999 -9999 -9999 0.197007 0.210692 0.230989 0.233347 0.231389 0.234146 0.232825 0.226982 0.221982 0.210067 0.194715 0.166319 0.175347 0.193427 0.219267 0.235371 0.238856 0.237277 0.231475 0.209708 0.191296 0.193734 0.194921 0.181046 0.170176 0.15306 0.168199 0.183899 0.200227 0.209079 0.207749 0.222944 0.234716 0.228232 0.236437 0.245715 0.237376 0.230657 0.223925 0.211164 0.205689 0.201001 0.203869 0.192353 0.190241 0.185349 0.179594 0.176552 0.174503 0.173418 0.171271 0.169745 0.169238 0.169151 0.16998 0.170964 0.172183 0.173484 0.174618 0.172945 0.143544 0.126056 -9999
-9999 -9999 -9999 -9999 -9999 -9999 -9999 0.184871 0.191368 0.21559 0.220426 0.230118 0.23438 0.232937 0.224162 0.219389 0.201813 0.196166 0.16998 0.159512 0.172505 0.172182 0.207215 0.239353 0.238318 0.189082 0.174772 0.166069 0.17495 0.179983 0.179463 0.156656 0.152279 0.180974 0.199571 0.213929 0.224653 0.227353 0.226991 0.245851 0.247086 0.251609 0.247889 0.245555 0.232314 0.222282 0.221331 0.210244 0.203923 0.207133 0.192921 0.195015 0.189158 0.181276 0.176103 0.176843 0.174348 0.172321 0.170795 0.170024 0.170096 0.170403 0.171707 0.17301 0.174184 0.175579 0.176474 0.173444 0.158373 0.152976
-9999 -9999 -9999 -9999 -9999 -9999 -9999 -9999 0.169042 0.203154 0.216237 0.223218 0.233478 0.233248 0.229318 0.220722 0.202905 0.187918 0.164625 0.138901 0.127074 0.174061 0.216185 0.240841 0.24291 0.202673 0.190027 0.194429 0.210063 0.205929 0.20362 0.187559 0.184381 0.178125 0.185964 0.20581 0.220977 0.235155 0.245126 0.245459 0.251028 0.252591 0.250682 0.249094 0.24466 0.239929 0.2244 0.226121 0.215496 0.213106 0.205744 0.198522 0.192303 0.181461 0.180308 0.179373 0.176742 0.174451 0.172665 0.171998 0.172123 0.17282 0.172776 0.174092 0.175481 0.17666 0.177811 0.178127 0.176795 0.167488
-9999 -9999 -9999 -9999 -9999 -9999 -9999 -9999 0.152996 0.186989 0.200879 0.221216 0.231076 0.236369 0.233862 0.22674 0.213088 0.193769 0.178532 0.149624 0.120442 0.168276 0.21424 0.240875 0.247151 0.213137 0.228786 0.225168 0.233393 0.222205 0.219861 0.22028 0.212107 0.20237 0.192094 0.186273 0.219113 0.235931 0.249125 0.254914 0.257579 0.258051 0.255315 0.249124 0.231828 0.239134 0.232645 0.227038 0.220971 0.215308 0.208968 0.202374 0.197158 0.19164 0.183259 0.182112 0.179669 0.177202 0.175616 0.174822 0.174784 0.175489 0.176688 0.176039 0.177109 0.178236 0.179223 0.179559 0.17981 0.179288
-9999 -9999 -9999 -9999 -9999 -9999 -9999 -9999 0.105566 0.155567 0.194035 0.214056 0.233377 0.236307 0.236419 0.227596 0.221234 0.207466 0.195242 0.176802 0.149188 0.133883 0.170488 0.224428 0.249076 0.251433 0.254987 0.249682 0.24517 0.248201 0.252709 0.247685 0.237171 0.21947 0.215008 0.209171 0.233738 0.237281 0.235471 0.261298 0.26056 0.257883 0.246241 0.232825 0.232377 0.220298 0.219927 0.207422 0.210549 0.212409 0.20998 0.204824 0.199937 0.193416 0.188598 0.186711 0.183449 0.180871 0.179168 0.178357 0.178288 0.178683 0.179716 0.181343 0.179422 0.180486 0.180985 0.181205 0.181456 0.181036
-9999 -9999 -9999 -9999 -9999 -9999 -9999 -9999 0.110533 0.150445 0.185785 0.21066 0.230047 0.233337 0.239011 0.236434 0.230002 0.218162 0.204076 0.189154 0.165692 0.149529 0.175936 0.21143 0.239442 0.251209 0.256936 0.260586 0.262383 0.267301 0.268153 0.271514 0.263006 0.246412 0.237217 0.222727 0.249936 0.253174 0.248934 0.261815 0.260418 0.239254 0.222358 0.218577 0.225461 0.213661 0.206504 0.195074 0.197232 0.209755 0.198885 0.195211 0.199336 0.196002 0.194128 0.190646 0.187505 0.185089 0.183346 0.182524 0.182421 0.182611 0.183427 0.184605 0.185674 0.182774 0.183491 0.183436 0.18302 0.182736
-9999 -9999 -9999 -9999 -9999 -9999 -9999 -9999 0.114573 0.139692 0.171524 0.207431 0.228526 0.236281 0.241745 0.240883 0.233695 0.227994 0.219518 0.206532 0.198764 0.184243 0.163772 0.207309 0.222069 0.235739 0.246113 0.261592 0.265228 0.263648 0.264106 0.272267 0.273066 0.259869 0.256211 0.248842 0.264155 0.264393 0.263894 0.262726 0.245089 0.220522 0.200351 0.212233 0.20732 0.210679 0.185959 0.197393 0.206148 0.206019 0.191276 0.180558 0.197472 0.198109 0.196198 0.194015 0.191942 0.189469 0.188076 0.187044 0.186707 0.186911 0.187427 0.188278 0.189171 0.190026 0.185957 0.185695 0.185667 0.186007
-9999 -9999 -9999 -9999 -9999 -9999 -9999 -9999 -9999 0.126168 0.172473 0.208506 0.228037 0.23995 0.245383 0.244688 0.241029 0.237365 0.232519 0.223598 0.212586 0.194471 0.182187 0.195543 0.209874 0.213491 0.225245 0.252039 0.263445 0.255518 0.233579 0.252809 0.272897 0.274095 0.273663 0.272705 0.271078 0.269238 0.264756 0.25266 0.216068 0.207921 0.192561 0.192568 0.183356 0.196373 0.184949 0.197838 0.201225 0.199998 0.180941 0.181867 0.196715 0.199665 0.194764 0.195717 0.196227 0.194206 0.192754 0.191668 0.191329 0.191412 0.191762 0.192955 0.193672 0.19441 0.189398 0.189028 0.187825 0.186814
-9999 -9999 -9999 -9999 -9999 -9999 -9999 -9999 -9999 0.126963 0.167769 0.210642 0.223848 0.237071 0.248534 0.248434 0.24311 0.238497 0.234232 0.229762 0.215785 0.202757 0.190828 0.189048 0.195439 0.195441 0.211728 0.245137 0.254118 0.254555 0.231894 0.224167 0.25017 0.27194 0.274549 0.273386 0.249744 0.255012 0.241939 0.224003 0.218571 0.210013 0.192592 0.198963 0.18524 0.188196 0.18098 0.187149 0.188327 0.19577 0.179017 0.177427 0.192341 0.197418 0.194232 0.200351 0.201 0.19973 0.198348 0.197437 0.19691 0.196922 0.197046 0.197351 0.197726 0.197843 0.197253 0.18857 0.170173 0.170006
-9999 -9999 -9999 -9999 -9999 -9999 -9999 -9999 -9999 0.135339 0.163679 0.201882 0.230016 0.231338 0.244931 0.252011 0.246384 0.2404 0.234683 0.233179 0.217634 0.200769 0.187913 0.172494 0.17856 0.194855 0.215911 0.238332 0.24465 0.243271 0.233923 0.243084 0.261195 0.271212 0.274718 0.2733 0.268428 0.265525 0.255866 0.251395 0.237564 0.216008 0.206761 0.210572 0.186878 0.186431 0.192275 0.177347 0.18858 0.192195 0.171962 0.185689 0.197552 0.202069 0.205827 0.206281 0.205153 0.205131 0.203626 0.202681 0.202079 0.201723 0.201686 0.20153 0.201535 0.199972 0.19746 0.181311 0.167221 0.168311
-9999 -9999 -9999 -9999 -9999 -9999 -9999 -9999 -9999 0.14396 0.16962 0.202899 0.223047 0.226468 0.241808 0.255628 0.254431 0.248256 0.247171 0.241452 0.228402 0.21414 0.198652 0.192557 0.175389 0.19785 0.212519 0.231683 0.241969 0.235758 0.231343 0.244351 0.257009 0.26263 0.274838 0.275321 0.271964 0.256123 0.248234 0.251195 0.247302 0.240663 0.225346 0.223408 0.212655 0.206994 0.201266 0.183416 0.188056 0.185853 0.186011 0.201697 0.206529 0.208808 0.21081 0.209528 0.209386 0.210216 0.208941 0.207892 0.20708 0.206633 0.206179 0.205325 0.20469 0.201013 0.194431 0.182052 0.154265 0.168013
-9999 -9999 -9999 -9999 -9999 -9999 -9999 -9999 -9999 0.143363 0.170796 0.199392 0.211305 0.213317 0.241367 0.258734 0.259216 0.256685 0.253891 0.237701 0.240297 0.238652 0.224681 0.203585 0.180355 0.185362 0.200384 0.223726 0.233311 0.218705 0.213115 0.220186 0.238538 0.254848 0.271571 0.27619 0.271872 0.247149 0.220646 0.232554 0.245077 0.244217 0.239349 0.224825 0.219084 0.213489 0.201795 0.179895 0.17909 0.180898 0.200451 0.203286 0.209351 0.214033 0.208676 0.207986 0.213026 0.21533 0.214016 0.212921 0.212167 0.211431 0.210746 0.208913 0.207077 0.20417 0.186821 0.175898 0.158138 0.169729
-9999 -9999 -9999 -9999 -9999 -9999 -9999 -9999 -9999 0.138696 0.158736 0.186233 0.197384 0.21516 0.241836 0.255211 0.261986 0.262591 0.261038 0.25442 0.251164 0.243581 0.228768 0.208011 0.184866 0.170713 0.181591 0.209297 0.219169 0.205435 0.197344 0.211194 0.230652 0.258578 0.27476 0.277438 0.276416 0.271419 0.252038 0.228412 0.22791 0.238768 0.227938 0.215281 0.219987 0.217062 0.205541 0.196435 0.185793 0.186656 0.197753 0.199314 0.206983 0.219704 0.219541 0.216968 0.221475 0.220129 0.21886 0.217924 0.21696 0.216141 0.215349 0.213617 0.21041 0.19863 0.188312 0.174069 0.171911 0.179279
-9999 -9999 -9999 -9999 -9999 -9999 -9999 -9999 -9999 0.127867 0.151549 0.177457 0.201756 0.224807 0.244763 0.246758 0.257693 0.258444 0.264792 0.264374 0.258458 0.252195 0.239535 0.212103 0.189512 0.164823 0.174266 0.202921 0.212952 0.201859 0.179617 0.205995 0.234718 0.260654 0.274984 0.265136 0.276321 0.275585 0.268255 0.254026 0.231852 0.23138 0.214102 0.21203 0.218726 0.219613 0.216243 0.208892 0.194665 0.193835 0.20108 0.200086 0.207084 0.216563 0.225951 0.225914 0.226342 0.224866 0.223534 0.222537 0.221556 0.220462 0.219143 0.217202 0.207068 0.195163 0.187647 0.177488 0.175792 0.191467
