Test_Spring_2018b/02_18/Prec/20180204_004.txt
ncols	170
nrows	115
xllcorner	350000.000000
yllcorner	4445000.000000
cellsize	1000.000000
nodata_value	-9999.000000
[rows 32 to 63 of 115, columns 72 to 143 of 170]
1.32597 1.34558 1.33754 1.33148 1.3958 1.42225 1.42832 1.43794 1.45626 1.48622 1.50258 1.51868 1.5311 1.56469 1.64579 1.71888 1.68773 1.69143 1.72068 1.67992 1.70768 1.77369 1.86538 1.82273 1.84019 1.93083 1.95939 -9999 -9999 -9999 -9999 -9999 -9999 -9999 -9999 -9999 -9999 -9999 -9999 -9999 -9999 -9999 -9999 -9999 -9999 -9999 -9999 -9999 -9999 -9999 -9999 -9999 -9999 -9999 -9999 -9999 -9999 -9999 -9999 -9999 -9999 -9999 -9999 -9999 -9999 -9999 -9999 -9999 -9999 -9999 -9999 -9999
1.32611 1.33986 1.3238 1.33419 1.36369 1.40301 1.41757 1.42348 1.4358 1.45337 1.46928 1.48523 1.51352 1.55066 1.62088 1.70346 1.7263 1.69389 1.69715 1.69615 1.72288 1.75529 1.80325 1.77429 1.76684 1.81297 1.90612 1.95183 -9999 -9999 -9999 -9999 -9999 -9999 -9999 -9999 -9999 -9999 -9999 -9999 -9999 -9999 -9999 -9999 -9999 -9999 -9999 -9999 -9999 -9999 -9999 -9999 -9999 -9999 -9999 -9999 -9999 -9999 -9999 -9999 -9999 -9999 -9999 -9999 -9999 -9999 -9999 -9999 -9999 -9999 -9999 -9999
1.32899 1.3632 1.35766 1.35621 1.37597 1.42737 1.43326 1.41163 1.42161 1.43095 1.4514 1.46881 1.49264 1.52832 1.57618 1.63239 1.72585 1.67753 1.64102 1.64807 1.65655 1.68193 1.72931 1.70205 1.70748 1.77726 1.87292 1.9136 1.93368 -9999 -9999 -9999 -9999 -9999 -9999 -9999 -9999 -9999 -9999 -9999 -9999 -9999 -9999 -9999 -9999 -9999 -9999 -9999 -9999 -9999 -9999 -9999 -9999 -9999 -9999 -9999 -9999 -9999 -9999 -9999 -9999 -9999 -9999 -9999 -9999 -9999 -9999 -9999 -9999 -9999 -9999 -9999
1.33439 1.37464 1.36947 1.35928 1.35594 1.38532 1.41061 1.41006 1.40877 1.4173 1.43751 1.48323 1.49499 1.50263 1.53585 1.59917 1.66255 1.68367 1.62562 1.61399 1.62493 1.61798 1.66025 1.65189 1.66667 1.70543 1.7737 1.8574 1.88525 1.93366 -9999 -9999 -9999 -9999 -9999 -9999 -9999 -9999 -9999 -9999 -9999 -9999 -9999 -9999 -9999 -9999 -9999 -9999 -9999 -9999 -9999 -9999 -9999 -9999 -9999 -9999 -9999 -9999 -9999 -9999 -9999 -9999 -9999 -9999 -9999 -9999 -9999 -9999 -9999 -9999 -9999 -9999
-9999 -9999 1.39066 1.38921 1.3928 1.39211 1.40373 1.39985 1.39557 1.40352 1.43647 1.45539 1.46217 1.48564 1.52285 1.54854 1.59089 1.63521 1.62805 1.58068 1.61336 1.58293 1.59514 1.59711 1.63244 1.70714 1.78226 1.85333 1.87974 1.92078 -9999 -9999 -9999 -9999 -9999 -9999 -9999 -9999 -9999 -9999 -9999 -9999 -9999 -9999 -9999 -9999 -9999 -9999 -9999 -9999 -9999 -9999 -9999 -9999 -9999 -9999 -9999 -9999 -9999 -9999 -9999 -9999 -9999 -9999 -9999 -9999 -9999 -9999 -9999 -9999 -9999 -9999
-9999 -9999 -9999 1.38295 1.39117 1.36421 1.39702 1.39743 1.38558 1.39212 1.40803 1.42097 1.43707 1.45653 1.48557 1.51751 1.55783 1.56804 1.54063 1.54874 1.5653 1.56925 1.56129 1.57646 1.64027 1.72335 1.77103 1.87886 1.91905 1.92323 1.95271 -9999 -9999 -9999 -9999 -9999 -9999 -9999 -9999 -9999 -9999 -9999 -9999 1.91942 -9999 -9999 -9999 -9999 -9999 -9999 -9999 -9999 -9999 -9999 -9999 -9999 -9999 -9999 -9999 -9999 -9999 -9999 -9999 -9999 2.0764 -9999 -9999 -9999 -9999 -9999 -9999 -9999
-9999 -9999 1.34665 1.36473 1.3587 1.34653 1.37171 1.38982 1.3749 1.38075 1.39319 1.40596 1.42852 1.4375 1.45588 1.48985 1.50205 1.4979 1.50097 1.50431 1.51082 1.52474 1.5435 1.56472 1.61753 1.66242 1.69626 1.77588 1.8422 1.88357 1.94106 1.98682 -9999 -9999 -9999 -9999 -9999 -9999 -9999 1.93113 1.93674 1.93979 1.93298 1.90709 1.92962 -9999 -9999 -9999 -9999 -9999 -9999 -9999 -9999 -9999 -9999 -9999 -9999 -9999 -9999 -9999 -9999 -9999 -9999 -9999 2.06054 2.09485 -9999 -9999 -9999 -9999 -9999 -9999
-9999 -9999 1.35672 1.34577 1.34667 1.33592 1.33392 1.37263 1.37204 1.37047 1.37643 1.38936 1.40664 1.41036 1.4334 1.44867 1.46218 1.45417 1.45998 1.47636 1.49543 1.51448 1.54688 1.56234 1.59662 1.63121 1.67845 1.72601 1.80814 1.8853 1.96008 2.02095 -9999 -9999 -9999 -9999 -9999 -9999 1.92214 1.90069 1.88955 1.92586 1.90304 1.88295 1.89233 1.91846 -9999 -9999 -9999 -9999 -9999 -9999 -9999 -9999 -9999 -9999 -9999 -9999 -9999 -9999 1.9047 1.94121 2.01813 2.05465 2.07405 2.10405 -9999 -9999 -9999 -9999 -9999 -9999
-9999 -9999 1.35026 1.33596 1.33037 1.32589 1.33494 1.34729 1.36136 1.3628 1.36737 1.37239 1.37778 1.39714 1.40783 1.43725 1.41976 1.42834 1.44363 1.47814 1.50061 1.55456 1.58661 1.6184 1.6002 1.64113 1.70894 1.78908 1.90212 1.91606 1.95111 2.00678 -9999 -9999 -9999 -9999 -9999 -9999 1.91496 1.89175 1.8733 1.87448 1.9113 1.87224 1.8763 1.9077 1.92034 1.90732 1.90468 1.93642 1.90528 1.90442 1.92138 1.91473 -9999 -9999 -9999 -9999 1.91857 1.91496 1.91039 1.92272 2.00646 2.06123 2.10938 2.10591 -9999 -9999 -9999 -9999 -9999 -9999
-9999 -9999 1.31945 1.31773 1.32408 1.33681 1.3335 1.34725 1.35841 1.35473 1.35967 1.36276 1.36545 1.37325 1.38913 1.3909 1.39761 1.41262 1.46692 1.5305 1.52016 1.56923 1.65016 1.62617 1.61402 1.66 1.7406 1.8304 1.88873 1.89773 1.94376 2.00206 -9999 -9999 -9999 1.98153 1.94638 1.94632 1.93833 1.90606 1.8828 1.86455 1.85574 1.8594 1.88009 1.91168 1.94601 1.94496 1.90612 1.90353 1.90472 1.90478 1.9221 1.93019 1.92246 1.9198 1.92109 1.92526 1.92558 1.92265 1.92086 1.93203 1.9983 2.03693 2.05857 2.10635 -9999 -9999 -9999 -9999 -9999 -9999
-9999 -9999 1.30377 1.30465 1.30796 1.32265 1.33331 1.33082 1.34688 1.35162 1.35319 1.36881 1.35852 1.36133 1.36558 1.37361 1.38557 1.43096 1.49288 1.55698 1.59464 1.59701 1.65378 1.66347 1.6518 1.68848 1.75313 1.83567 1.86008 1.9052 1.97476 2.04181 -9999 -9999 2.05459 1.98412 1.93512 1.91122 1.90601 1.9087 1.8783 1.88031 1.8487 1.8614 1.91669 1.91888 1.94478 1.9418 1.94423 1.94899 1.94673 1.91915 1.92199 1.92861 1.92629 1.92918 1.93182 1.93344 1.93858 1.93397 1.92988 1.93457 1.98616 2.00731 2.03064 2.12499 -9999 -9999 -9999 -9999 -9999 -9999
-9999 -9999 1.2917 1.29139 1.28873 1.30121 1.30108 1.33236 1.35951 1.34465 1.3497 1.36049 1.36787 1.3553 1.35748 1.36202 1.36971 1.41265 1.46366 1.53828 1.59133 1.62879 1.66341 1.72585 1.73029 1.75462 1.77982 1.79026 1.83273 1.89856 1.94498 2.01909 2.06212 -9999 2.05311 2.02292 1.96366 1.91357 1.88292 1.89819 1.86296 1.86046 1.84147 1.86144 1.89803 1.92929 1.93974 1.9534 1.93707 1.92956 1.94014 1.94021 1.92827 1.93319 1.93704 1.94107 1.94394 1.94494 1.94472 1.94264 1.93972 1.93776 1.95745 1.97818 2.03033 2.12997 -9999 -9999 -9999 -9999 -9999 -9999
-9999 1.30534 1.28761 1.27631 1.2825 1.29079 1.29858 1.30663 1.32428 1.34025 1.33965 1.34915 1.37464 1.37212 1.36795 1.35536 1.36079 1.371 1.40331 1.49183 1.53056 1.59439 1.66364 1.71632 1.72738 1.70764 1.72975 1.7759 1.82367 1.89466 1.94033 1.9903 2.07483 2.07286 2.04105 2.01739 1.97755 1.91532 1.87259 1.85542 1.85159 1.83874 1.83626 1.87065 1.89578 1.9125 1.93606 1.94855 1.95937 1.95452 1.96465 1.94696 1.94601 1.94215 1.94711 1.95157 1.95454 1.95549 1.95485 1.95291 1.94845 1.94255 1.93774 1.96656 2.06516 2.12502 -9999 -9999 -9999 -9999 -9999 -9999
-9999 -9999 1.29188 1.29797 1.31306 1.3245 1.32818 1.32817 1.33118 1.33638 1.33095 1.34227 1.36865 1.39339 1.3707 1.3633 1.35795 1.36437 1.37694 1.45721 1.50711 1.55217 1.62036 1.63585 1.64223 1.66337 1.6948 1.7731 1.84958 1.94559 2.0204 2.03365 2.07946 2.06578 2.04579 1.98788 1.94726 1.93177 1.92143 1.85866 1.84395 1.84911 1.83961 1.87096 1.88517 1.9124 1.91807 1.93089 1.94247 2.00188 1.97683 1.98358 1.96132 1.95607 1.95491 1.96005 1.9632 1.96497 1.96443 1.96197 1.95698 1.95174 1.95326 1.97091 2.08234 2.1309 -9999 -9999 -9999 -9999 -9999 -9999
-9999 -9999 -9999 -9999 1.32292 1.33103 1.34123 1.34493 1.33407 1.33314 1.33293 1.33621 1.3484 1.37922 1.38528 1.38166 1.41012 1.3979 1.3789 1.39341 1.41364 1.48915 1.5489 1.54451 1.5767 1.64237 1.6982 1.75232 1.83955 1.9186 2.00303 2.06718 2.0774 2.02432 1.98043 1.9215 1.89606 1.91279 1.89788 1.87009 1.83782 1.82604 1.83776 1.87072 1.88301 1.92007 1.90538 1.91504 1.93941 1.96229 1.98085 1.97542 1.97871 1.96251 1.96347 1.96599 1.97003 1.97192 1.97168 1.96916 1.96912 1.96483 1.95943 1.9538 2.06847 2.15222 -9999 -9999 -9999 -9999 -9999 -9999
-9999 -9999 -9999 -9999 1.34461 1.35701 1.35814 1.3325 1.33418 1.33415 1.34064 1.34069 1.35006 1.37377 1.39836 1.42094 1.45266 1.44341 1.41126 1.39999 1.41403 1.48282 1.48831 1.5219 1.56511 1.6444 1.70832 1.75183 1.83695 1.9222 1.98315 2.05953 2.03989 2.01507 1.97945 1.91548 1.8718 1.85501 1.87252 1.85502 1.81721 1.82319 1.85416 1.86181 1.88525 1.93239 1.90643 1.9081 1.92927 1.93981 1.96571 1.97011 1.96896 1.96718 1.96744 1.9719 1.97502 1.97726 1.97696 1.97624 1.97372 1.96933 1.96414 1.95822 2.02971 2.15937 -9999 -9999 -9999 -9999 -9999 -9999
-9999 -9999 -9999 -9999 -9999 1.3833 1.36424 1.32554 1.33543 1.34571 1.34113 1.3446 1.35805 1.36884 1.39774 1.43717 1.51425 1.50219 1.47326 1.43048 1.4176 1.44098 1.48859 1.54125 1.63495 1.71975 1.75047 1.78252 1.85034 1.92293 1.98939 1.96993 1.94497 1.91447 1.89926 1.90667 1.86948 1.83944 1.85492 1.83275 1.80779 1.82763 1.84353 1.85958 1.88542 1.89756 1.90773 1.89875 1.92629 1.93001 1.95243 1.96301 1.96712 1.96938 1.97002 1.97427 1.97785 1.97957 1.98048 1.97893 1.97657 1.97291 1.96808 1.96247 1.96259 2.02746 2.06424 -9999 -9999 -9999 -9999 -9999
-9999 -9999 -9999 -9999 -9999 1.41577 1.41488 1.36628 1.37017 1.35123 1.34325 1.34749 1.36885 1.38213 1.4242 1.43895 1.5094 1.54924 1.5331 1.55647 1.49519 1.44544 1.49125 1.6536 1.72785 1.7875 1.80139 1.82322 1.85674 1.95947 1.99332 1.93924 1.90676 1.88116 1.86118 1.85905 1.86125 1.81338 1.80963 1.79716 1.80557 1.81059 1.84345 1.86826 1.86435 1.89097 1.90546 1.89568 1.93004 1.92296 1.94782 1.96352 1.97272 1.96756 1.97145 1.97513 1.9792 1.98122 1.98246 1.98123 1.97847 1.97514 1.97126 1.96565 1.95991 1.95829 1.9894 1.99445 1.97016 -9999 -9999 -9999
-9999 -9999 -9999 -9999 -9999 -9999 1.47345 1.39969 1.38309 1.37143 1.34881 1.35067 1.36606 1.38554 1.42951 1.46862 1.5322 1.60616 1.65981 1.5626 1.48256 1.45083 1.48784 1.6261 1.69488 1.72006 1.71565 1.75965 1.79669 1.88199 1.91214 1.94625 1.94074 1.90196 1.8723 1.83981 1.81612 1.81567 1.80129 1.79717 1.80154 1.80522 1.81625 1.82809 1.86136 1.85581 1.88145 1.88601 1.90301 1.9195 1.94564 1.96866 1.96742 1.96622 1.97016 1.97699 1.97992 1.98156 1.98263 1.9834 1.97997 1.97709 1.97324 1.96883 1.96311 1.95342 1.95025 1.96574 1.98872 2.01964 -9999 -9999
-9999 -9999 -9999 -9999 -9999 -9999 1.51638 1.44276 1.42462 1.37952 1.3557 1.35729 1.36268 1.37963 1.41414 1.46519 1.50903 1.59144 1.67886 1.58265 1.50097 1.46283 1.47917 1.60844 1.6036 1.64735 1.66003 1.72031 1.75594 1.79899 1.84087 1.8831 1.92445 1.95356 1.87639 1.83754 1.80616 1.79246 1.78609 1.78512 1.7976 1.80894 1.85319 1.835 1.84548 1.8589 1.87325 1.8863 1.90079 1.91568 1.93998 1.94942 1.96637 1.96385 1.97456 1.97763 1.97991 1.98174 1.98312 1.98381 1.98402 1.9842 1.97513 1.97144 1.96679 1.9574 1.9509 1.94475 1.94298 1.98812 2.01132 2.01286
-9999 -9999 -9999 -9999 -9999 -9999 1.63923 1.52475 1.44005 1.39706 1.37145 1.36555 1.36571 1.38841 1.40578 1.44388 1.4809 1.53719 1.62065 1.67688 1.61637 1.50605 1.48665 1.52167 1.54531 1.59116 1.63407 1.6563 1.67273 1.7291 1.77715 1.83889 1.87043 1.89426 1.8383 1.83358 1.84088 1.77704 1.78007 1.78785 1.81843 1.86108 1.86439 1.88821 1.88323 1.91454 1.90587 1.90005 1.90475 1.91605 1.94054 1.95009 1.95826 1.97071 1.97467 1.97801 1.98052 1.98227 1.98357 1.9849 1.98539 1.98465 1.98571 1.98444 1.97058 1.96174 1.95596 1.95031 1.94391 1.94432 1.94846 1.96553
-9999 -9999 -9999 -9999 -9999 -9999 1.62264 1.54331 1.46395 1.43219 1.38752 1.38207 1.36964 1.37805 1.39707 1.43152 1.47415 1.52199 1.59492 1.65286 1.60619 1.55465 1.51125 1.52097 1.54945 1.5702 1.59481 1.60859 1.63332 1.66938 1.71014 1.77815 1.81321 1.85897 1.79658 1.79313 1.80726 1.77703 1.78254 1.83801 1.88267 1.89412 1.88803 1.92038 1.93283 1.95235 1.94645 1.91383 1.93676 1.94458 1.9481 1.95233 1.96807 1.97211 1.97598 1.97903 1.98165 1.98334 1.98457 1.98619 1.987 1.98719 1.98743 1.98843 1.98704 1.97947 1.96241 1.95722 1.95163 1.94698 1.94763 1.93895
-9999 -9999 -9999 -9999 -9999 -9999 1.5982 1.57384 1.50342 1.4475 1.39962 1.38422 1.37387 1.37951 1.40192 1.42204 1.45133 1.49472 1.52782 1.58111 1.65246 1.5641 1.56994 1.57275 1.56911 1.55933 1.57912 1.61099 1.66791 1.66793 1.69678 1.74435 1.76504 1.79275 1.76083 1.7655 1.7708 1.77699 1.82449 1.88937 1.94303 1.91537 1.93029 1.93536 1.99207 1.96097 1.93893 1.93878 1.96431 1.99014 1.96267 1.97517 1.97541 1.97659 1.97809 1.98152 1.98336 1.98555 1.9872 1.98854 1.98983 1.99057 1.99104 1.99095 1.99254 1.98521 1.98225 1.98685 1.98098 1.96138 1.95467 1.95065
-9999 -9999 -9999 -9999 -9999 -9999 -9999 1.59504 1.52184 1.43958 1.39768 1.37391 1.36584 1.37313 1.38839 1.40473 1.42573 1.45921 1.50046 1.56238 1.61217 1.5994 1.60822 1.63601 1.63307 1.59214 1.5898 1.63547 1.74055 1.72859 1.69443 1.70561 1.71846 1.73041 1.74501 1.75545 1.7715 1.80613 1.90246 1.92382 1.96583 1.96877 1.99501 1.97779 2.00006 1.96841 1.96027 1.96318 2.01068 2.02895 2.00776 1.99561 2.00322 1.99621 1.98219 1.98481 1.98697 1.98932 1.99086 1.99227 1.99366 2.00257 2.00391 2.00463 2.0086 2.00064 2.00131 1.99971 1.99932 1.98792 1.9807 1.99459
-9999 -9999 -9999 -9999 -9999 -9999 -9999 1.63337 1.54101 1.44202 1.41707 1.39109 1.36899 1.3761 1.39685 1.41673 1.43712 1.45984 1.50877 1.55752 1.60572 1.63029 1.63601 1.69549 1.67887 1.61892 1.62054 1.64292 1.7682 1.80593 1.75583 1.71424 1.71912 1.73162 1.79948 1.79259 1.83118 1.88135 1.89929 1.92484 1.97269 1.96001 1.99815 1.99376 2.01957 2.0052 2.00291 1.98409 2.02605 2.05248 2.03336 2.01662 2.02071 2.00137 1.9964 1.99709 1.99906 2.00095 2.00298 2.00462 2.0067 2.00869 2.01049 2.01249 2.01544 2.02704 2.06192 2.05898 2.04304 2.02688 2.00671 2.01216
-9999 -9999 -9999 -9999 -9999 -9999 -9999 1.61939 1.55906 1.47257 1.41061 1.41589 1.38954 1.37964 1.40231 1.42665 1.45148 1.46713 1.52013 1.57835 1.62828 1.6865 1.69179 1.67244 1.68016 1.64616 1.65266 1.67787 1.7704 1.76423 1.73342 1.72121 1.72366 1.73689 1.7574 1.77168 1.80214 1.81871 1.85853 1.9176 1.94518 1.9394 2.0032 2.00775 1.99602 2.04089 2.01329 2.00445 2.05556 2.06839 2.03562 2.02113 2.00845 2.00429 2.00454 2.00261 2.00526 2.00739 2.00956 2.01191 2.01406 2.01684 2.01921 2.02522 2.03297 2.07436 2.08692 2.08158 2.05978 2.03959 2.04343 2.03149
-9999 -9999 -9999 -9999 -9999 -9999 -9999 1.60505 1.55198 1.47865 1.4378 1.43873 1.40901 1.38305 1.39548 1.42115 1.43486 1.46156 1.5083 1.55967 1.61573 1.64947 1.71267 1.67644 1.70102 1.6737 1.66859 1.75669 1.78573 1.769 1.75151 1.75017 1.73048 1.73903 1.75598 1.80348 1.82989 1.82807 1.84311 1.86472 1.90803 1.91713 1.94833 1.96632 1.98417 2.03748 2.0268 2.03297 2.05665 2.04335 2.02916 2.02118 2.0138 2.01486 2.01333 2.00982 2.01229 2.01489 2.01761 2.02004 2.02298 2.0272 2.03089 2.04206 2.06011 2.09213 2.13891 2.10222 2.06327 2.06755 2.06306 2.05413
-9999 -9999 -9999 -9999 -9999 -9999 -9999 1.61425 1.55722 1.49647 1.47732 1.48272 1.42168 1.38764 1.39664 1.41376 1.43232 1.48587 1.49293 1.51207 1.56383 1.63498 1.71274 1.71985 1.7129 1.7052 1.70073 1.81082 1.84211 1.83996 1.80772 1.77916 1.74808 1.74632 1.76601 1.8364 1.91041 1.88623 1.85991 1.8671 1.88409 1.92527 1.94387 1.96181 1.99494 2.04215 2.06284 2.05907 2.06368 2.0556 2.03901 2.02573 2.03786 2.03822 2.02427 2.01762 2.02062 2.02359 2.02623 2.0293 2.03262 2.03907 2.04558 2.05465 2.10003 2.1286 2.15991 2.1192 2.09312 2.10657 2.08089 2.07328
-9999 -9999 -9999 -9999 -9999 -9999 -9999 1.63382 1.59619 1.53894 1.52251 1.48872 1.43198 1.40884 1.40255 1.41226 1.42804 1.4575 1.47942 1.51344 1.56699 1.6368 1.71375 1.76883 1.7611 1.75371 1.77188 1.85625 1.89353 1.87397 1.83888 1.78093 1.75142 1.75486 1.76649 1.78713 1.84335 1.90957 1.91647 1.89402 1.92618 1.96262 1.9547 1.96588 1.99863 2.025 2.06017 2.08339 2.08674 2.08249 2.06253 2.02964 2.0294 2.03533 2.02345 2.02667 2.03 2.03285 2.03613 2.03937 2.04282 2.04883 2.05863 2.09013 2.11774 2.15501 2.16122 2.11754 2.11737 2.11247 2.10043 2.09615
-9999 -9999 -9999 -9999 -9999 -9999 -9999 1.66901 1.62287 1.5704 1.52137 1.47494 1.43595 1.4423 1.42597 1.4357 1.43169 1.44551 1.47415 1.50467 1.55251 1.63895 1.71415 1.79562 1.7912 1.74772 1.83214 1.87785 1.95102 1.89979 1.84141 1.78881 1.76434 1.79991 1.78089 1.791 1.81683 1.85931 1.92122 1.92747 1.97587 1.98531 1.97221 1.97362 1.98565 2.00764 2.03354 2.0809 2.09487 2.09767 2.0801 2.0562 2.03252 2.03279 2.03197 2.03612 2.04007 2.04336 2.04682 2.05077 2.05545 2.06184 2.0891 2.12088 2.14149 2.16871 2.17431 2.11881 2.1255 2.12864 2.11954 2.1165
-9999 -9999 -9999 -9999 -9999 -9999 -9999 -9999 1.6277 1.57356 1.53614 1.53436 1.5012 1.48782 1.47947 1.4853 1.44257 1.44975 1.47184 1.50092 1.54356 1.61221 1.66433 1.7432 1.80411 1.84062 1.90341 1.89903 1.91661 1.90045 1.84501 1.78605 1.78825 1.84146 1.84342 1.84219 1.82913 1.84701 1.92878 1.97393 2.01278 1.99811 1.98258 1.98517 1.99262 2.00602 2.03844 2.10011 2.07616 2.06014 2.06165 2.04789 2.03901 2.0405 2.04256 2.04693 2.0509 2.05492 2.05953 2.06368 2.0708 2.08248 2.11288 2.18144 2.18166 2.19206 2.21578 2.18926 2.17281 2.14937 2.13806 2.13692
-9999 -9999 -9999 -9999 -9999 -9999 -9999 -9999 1.64923 1.58511 1.58149 1.59469 1.63169 1.63046 1.5451 1.53585 1.49534 1.4577 1.47173 1.50061 1.54144 1.58745 1.65262 1.74 1.81278 1.89742 1.8646 1.85432 1.85443 1.84695 1.81766 1.8207 1.87581 1.92738 1.91227 1.90604 1.85919 1.8566 1.87441 1.92652 1.98521 2.01962 1.99594 2.00005 2.00687 2.01557 2.04937 2.07514 2.07107 2.05917 2.05296 2.05257 2.04629 2.04909 2.05363 2.05776 2.06265 2.06756 2.07351 2.07947 2.09312 2.10883 2.15676 2.19739 2.22422 2.25751 2.19549 2.1958 2.17321 2.16928 2.15941 2.16028
