Test_Spring_2018b/02_18/Prec/20180211_014.txt
ncols	170
nrows	115
xllcorner	350000.000000
yllcorner	4445000.000000
cellsize	1000.000000
nodata_value	-9999.000000
[rows 31 to 61 of 115, columns 70 to 139 of 170]
0.525634 0.527272 0.528436 0.528828 0.529678 0.523124 0.527742 0.52751 0.522826 0.521696 0.520074 0.518745 0.517103 0.515055 0.513334 0.510464 0.504456 0.503715 0.50195 0.498122 0.495825 0.493509 0.488594 0.481243 0.475059 0.467653 0.453305 0.439597 0.431511 -9999 -9999 -9999 -9999 -9999 -9999 -9999 -9999 -9999 -9999 -9999 -9999 -9999 -9999 -9999 -9999 -9999 -9999 -9999 -9999 -9999 -9999 -9999 -9999 -9999 -9999 -9999 -9999 -9999 -9999 -9999 -9999 -9999 -9999 -9999 -9999 -9999 -9999 -9999 -9999 -9999
0.528825 0.53005 0.530884 0.531243 0.532707 0.534063 0.529822 0.52079 0.525407 0.52438 0.522933 0.520931 0.519387 0.51773 0.516072 0.513359 0.508476 0.503645 0.502753 0.500069 0.495931 0.494211 0.48923 0.482224 0.473727 0.470321 0.464127 0.439051 0.424141 -9999 -9999 -9999 -9999 -9999 -9999 -9999 -9999 -9999 -9999 -9999 -9999 -9999 -9999 -9999 -9999 -9999 -9999 -9999 -9999 -9999 -9999 -9999 -9999 -9999 -9999 -9999 -9999 -9999 -9999 -9999 -9999 -9999 -9999 -9999 -9999 -9999 -9999 -9999 -9999 -9999
0.531332 0.532946 0.533494 0.534041 0.535791 0.536448 0.527844 0.523915 0.528229 0.527354 0.526163 0.52468 0.523164 0.521513 0.51919 0.516297 0.511801 0.506507 0.503314 0.502 0.498814 0.495362 0.490325 0.48461 0.477839 0.473838 0.468653 0.451433 0.427377 0.415429 -9999 -9999 -9999 -9999 -9999 -9999 -9999 -9999 -9999 -9999 -9999 -9999 -9999 -9999 -9999 -9999 -9999 -9999 -9999 -9999 -9999 -9999 -9999 -9999 -9999 -9999 -9999 -9999 -9999 -9999 -9999 -9999 -9999 -9999 -9999 -9999 -9999 -9999 -9999 -9999
0.533823 0.535885 0.536205 0.535843 0.537105 0.538211 0.522221 0.531045 0.530224 0.530511 0.529467 0.528384 0.526748 0.525096 0.522998 0.520184 0.516592 0.512332 0.506178 0.505407 0.503714 0.499781 0.495326 0.48973 0.482818 0.47859 0.472735 0.446398 0.426006 0.418122 0.411316 -9999 -9999 -9999 -9999 -9999 -9999 -9999 -9999 -9999 -9999 -9999 -9999 -9999 -9999 -9999 -9999 -9999 -9999 -9999 -9999 -9999 -9999 -9999 -9999 -9999 -9999 -9999 -9999 -9999 -9999 -9999 -9999 -9999 -9999 -9999 -9999 -9999 -9999 -9999
-9999 0.538803 0.538998 0.53829 0.539461 0.540879 0.533133 0.529494 0.534007 0.533505 0.533021 0.532088 0.530587 0.527899 0.5264 0.524809 0.521855 0.517297 0.512315 0.508598 0.507629 0.504261 0.499474 0.494942 0.487965 0.482685 0.476167 0.459209 0.438338 0.421491 0.414159 0.406332 -9999 -9999 -9999 -9999 -9999 -9999 -9999 -9999 -9999 -9999 -9999 -9999 -9999 -9999 -9999 -9999 -9999 -9999 -9999 -9999 -9999 -9999 -9999 -9999 -9999 -9999 -9999 -9999 -9999 -9999 -9999 -9999 -9999 -9999 -9999 -9999 -9999 -9999
-9999 -9999 -9999 -9999 0.541534 0.533997 0.54007 0.532016 0.537322 0.537068 0.536855 0.536121 0.534289 0.532885 0.531762 0.529664 0.526638 0.52365 0.51949 0.514716 0.511487 0.509335 0.503357 0.499437 0.493305 0.487196 0.479418 0.45791 0.43933 0.422641 0.41504 0.407236 -9999 -9999 -9999 -9999 -9999 -9999 -9999 -9999 -9999 -9999 -9999 -9999 -9999 -9999 -9999 -9999 -9999 -9999 -9999 -9999 -9999 -9999 -9999 -9999 -9999 -9999 -9999 -9999 -9999 -9999 -9999 -9999 -9999 -9999 -9999 -9999 -9999 -9999
-9999 -9999 -9999 -9999 -9999 0.537084 0.542759 0.544155 0.540756 0.54048 0.540776 0.540336 0.539457 0.538559 0.537298 0.53557 0.533027 0.529857 0.525766 0.522278 0.519674 0.514963 0.509273 0.503508 0.497708 0.490526 0.471794 0.458738 0.449206 0.422457 0.413847 0.407173 0.39999 -9999 -9999 -9999 -9999 -9999 -9999 -9999 -9999 -9999 -9999 -9999 -9999 0.357491 -9999 -9999 -9999 -9999 -9999 -9999 -9999 -9999 -9999 -9999 -9999 -9999 -9999 -9999 -9999 -9999 -9999 -9999 -9999 -9999 0.264057 -9999 -9999 -9999
-9999 -9999 -9999 -9999 0.549314 0.54633 0.546733 0.54757 0.539024 0.544212 0.544886 0.544772 0.544362 0.543806 0.542599 0.541575 0.539676 0.536542 0.533613 0.530609 0.526538 0.521687 0.515969 0.50927 0.501776 0.493689 0.472886 0.462723 0.453042 0.434063 0.417124 0.408457 0.399755 0.392192 -9999 -9999 -9999 -9999 -9999 -9999 -9999 0.367618 0.364973 0.36231 0.359868 0.357987 0.353899 -9999 -9999 -9999 -9999 -9999 -9999 -9999 -9999 -9999 -9999 -9999 -9999 -9999 -9999 -9999 -9999 -9999 -9999 -9999 0.265538 0.261075 -9999 -9999
-9999 -9999 -9999 -9999 0.549403 0.549743 0.549848 0.550686 0.55141 0.548378 0.548771 0.54932 0.54957 0.549415 0.548817 0.548354 0.546534 0.54433 0.54139 0.538449 0.534032 0.528276 0.521547 0.514028 0.505276 0.49665 0.476086 0.465476 0.454397 0.443534 0.418345 0.407655 0.397805 0.389308 -9999 -9999 -9999 -9999 -9999 -9999 0.369494 0.368248 0.366509 0.362658 0.360979 0.3589 0.355318 0.335951 -9999 -9999 -9999 -9999 -9999 -9999 -9999 -9999 -9999 -9999 -9999 -9999 -9999 -9999 0.282879 0.279307 0.273798 0.26964 0.265885 0.261423 -9999 -9999
-9999 -9999 -9999 -9999 0.552324 0.552705 0.553061 0.553714 0.554142 0.560757 0.552996 0.553836 0.554601 0.555244 0.555592 0.554901 0.553914 0.551346 0.549749 0.54605 0.541004 0.534108 0.526693 0.517071 0.507544 0.487662 0.47837 0.46651 0.453618 0.4405 0.420294 0.405266 0.396542 0.387908 -9999 -9999 -9999 -9999 -9999 -9999 0.368698 0.36784 0.366674 0.364471 0.360489 0.359234 0.342143 0.336892 0.332238 0.328556 0.324474 0.307306 0.300851 0.298355 0.295463 0.293847 -9999 -9999 -9999 -9999 0.286747 0.285394 0.28384 0.281292 0.27548 0.270489 0.265411 0.257673 -9999 -9999
-9999 -9999 -9999 -9999 0.556119 0.555883 0.555738 0.55577 0.556878 0.563499 0.556841 0.559501 0.56064 0.561781 0.562668 0.562861 0.562023 0.56087 0.558472 0.554592 0.547923 0.539708 0.533411 0.521402 0.508933 0.490888 0.480275 0.467117 0.452632 0.438101 0.419421 0.404507 0.394796 0.384709 -9999 -9999 -9999 0.369655 0.369032 0.367398 0.366305 0.366225 0.365625 0.364559 0.362601 0.35307 0.342721 0.337233 0.331416 0.32694 0.324024 0.319762 0.300997 0.2984 0.295497 0.293449 0.292312 0.291201 0.290072 0.288863 0.287738 0.286567 0.285079 0.282719 0.277109 0.272685 0.268526 0.25319 -9999 -9999
-9999 -9999 -9999 -9999 0.562587 0.562233 0.562198 0.56004 0.560705 0.562323 0.568363 0.563504 0.565289 0.566456 0.568405 0.569288 0.569327 0.568197 0.56571 0.560543 0.553339 0.544704 0.535884 0.527842 0.515756 0.496411 0.485225 0.467249 0.448791 0.433999 0.422254 0.405204 0.390009 0.380484 -9999 -9999 0.366638 0.367088 0.367375 0.367115 0.366327 0.365217 0.365253 0.363595 0.362825 0.354013 0.34278 0.338453 0.331677 0.32695 0.320941 0.316271 0.302838 0.29775 0.295522 0.293559 0.292327 0.291162 0.290181 0.289288 0.288167 0.287234 0.28596 0.283923 0.279511 0.275861 0.268386 0.25533 -9999 -9999
-9999 -9999 -9999 -9999 0.566143 0.565846 0.566095 0.566194 0.567268 0.564758 0.570395 0.572819 0.569578 0.571484 0.573249 0.575259 0.575799 0.575109 0.572943 0.567852 0.560891 0.551448 0.541455 0.531364 0.519382 0.492657 0.47993 0.466253 0.452653 0.440005 0.421429 0.40302 0.392111 0.378633 0.37112 -9999 0.363864 0.36294 0.364015 0.365253 0.365951 0.364748 0.365347 0.364154 0.358314 0.354598 0.344284 0.336951 0.331849 0.32647 0.322298 0.31629 0.302668 0.299765 0.295171 0.29335 0.291998 0.290969 0.290191 0.289548 0.28886 0.288005 0.286815 0.285118 0.282004 0.275674 0.26985 0.256534 -9999 -9999
-9999 -9999 -9999 0.574178 0.56809 0.568186 0.568079 0.568421 0.56931 0.570681 0.576298 0.575588 0.577916 0.576197 0.577729 0.579801 0.581001 0.581304 0.579387 0.575633 0.569269 0.558925 0.549806 0.532591 0.518119 0.496103 0.482083 0.469178 0.45469 0.439603 0.425086 0.406045 0.389351 0.379346 0.367691 0.363353 0.361603 0.360688 0.361338 0.363499 0.36513 0.365671 0.365347 0.361195 0.359111 0.352981 0.343447 0.338128 0.332215 0.326579 0.320978 0.316135 0.303121 0.298942 0.29654 0.292923 0.291657 0.29079 0.290219 0.289801 0.289343 0.288665 0.287672 0.286209 0.28216 0.277729 0.26845 0.256937 -9999 -9999
-9999 -9999 -9999 -9999 0.56945 0.568796 0.568336 0.56861 0.569782 0.571652 0.57785 0.579607 0.582023 0.582907 0.582001 0.583361 0.585666 0.586019 0.584693 0.581114 0.575439 0.562722 0.551195 0.538292 0.52314 0.502055 0.48733 0.471853 0.456094 0.438832 0.422326 0.401745 0.388064 0.378483 0.366301 0.361065 0.358979 0.35972 0.36074 0.361376 0.362082 0.364862 0.362771 0.359873 0.357919 0.353555 0.344556 0.338604 0.333177 0.327254 0.321337 0.313582 0.302224 0.29862 0.296782 0.293775 0.291399 0.290666 0.290279 0.290029 0.289762 0.289274 0.28843 0.285726 0.281934 0.277705 0.269017 0.257906 -9999 -9999
-9999 -9999 -9999 -9999 -9999 -9999 0.569208 0.569662 0.570646 0.572481 0.579214 0.581367 0.583747 0.586063 0.587865 0.587282 0.588669 0.589069 0.586488 0.58244 0.577764 0.569245 0.558568 0.543958 0.522365 0.50788 0.491415 0.473423 0.455977 0.439032 0.42145 0.401157 0.386633 0.374628 0.366673 0.363226 0.359802 0.360793 0.361462 0.361086 0.362291 0.361805 0.362335 0.361317 0.358543 0.354094 0.345239 0.338725 0.333937 0.327928 0.321261 0.314772 0.301796 0.29858 0.295632 0.294137 0.292589 0.290638 0.290366 0.290274 0.290151 0.289804 0.287581 0.285639 0.282991 0.279621 0.27066 0.258063 -9999 -9999
-9999 -9999 -9999 -9999 -9999 -9999 0.569369 0.56967 0.571057 0.574135 0.580311 0.582478 0.584654 0.58719 0.58921 0.590235 0.590304 0.58975 0.586865 0.583577 0.578999 0.571401 0.560776 0.546177 0.526607 0.51018 0.492854 0.473887 0.45569 0.438765 0.420873 0.400074 0.386225 0.373503 0.366625 0.361963 0.359719 0.360128 0.361712 0.36278 0.36203 0.362652 0.363521 0.361852 0.358324 0.354898 0.345628 0.338602 0.334154 0.328335 0.321654 0.315524 0.30235 0.298661 0.295851 0.293753 0.292252 0.291202 0.290486 0.290482 0.290464 0.289586 0.288343 0.286422 0.283748 0.280339 0.27306 0.258561 -9999 -9999
-9999 -9999 -9999 -9999 -9999 -9999 -9999 0.569425 0.571616 0.575195 0.580978 0.582671 0.585248 0.587602 0.589426 0.590964 0.591073 0.589719 0.585063 0.581906 0.577204 0.570889 0.561346 0.548566 0.527242 0.509959 0.490482 0.47119 0.454244 0.437675 0.420377 0.400021 0.385859 0.376981 0.370271 0.365816 0.362738 0.360582 0.361795 0.363315 0.362969 0.363825 0.364204 0.361991 0.359092 0.355322 0.345966 0.340343 0.334382 0.328957 0.321971 0.316072 0.303074 0.299106 0.296062 0.293792 0.292277 0.291248 0.290765 0.290709 0.290546 0.28996 0.288736 0.286801 0.28412 0.280695 0.276318 0.264466 0.257 -9999
-9999 -9999 -9999 -9999 -9999 -9999 -9999 0.56871 0.570085 0.573957 0.579923 0.582655 0.585203 0.587353 0.58869 0.589255 0.589187 0.588849 0.584771 0.578811 0.573658 0.564763 0.557362 0.547766 0.526644 0.505125 0.486685 0.468652 0.452611 0.436661 0.420948 0.399471 0.386757 0.379376 0.37302 0.368375 0.365468 0.363319 0.362958 0.365458 0.365184 0.365578 0.364545 0.362908 0.359305 0.355187 0.34703 0.340862 0.33478 0.329447 0.322241 0.316841 0.303707 0.299553 0.296311 0.29434 0.292677 0.291646 0.29091 0.290889 0.290839 0.289924 0.288715 0.286783 0.284095 0.280714 0.276632 0.267523 0.26036 0.254034
-9999 -9999 -9999 -9999 -9999 -9999 -9999 -9999 0.568001 0.572723 0.579467 0.581659 0.584535 0.586499 0.586497 0.587646 0.587029 0.585511 0.581598 0.575638 0.56572 0.561989 0.555684 0.545755 0.525268 0.505273 0.487599 0.471509 0.456731 0.440366 0.424963 0.404484 0.392225 0.381465 0.374145 0.368779 0.366268 0.365968 0.366464 0.3668 0.368096 0.365912 0.364918 0.363258 0.360518 0.356949 0.347228 0.342493 0.336094 0.330327 0.323989 0.317781 0.304493 0.300107 0.297329 0.295199 0.293504 0.291506 0.291198 0.291087 0.290944 0.29056 0.2883 0.286364 0.283728 0.280387 0.276423 0.267692 0.262109 0.25554
-9999 -9999 -9999 -9999 -9999 -9999 -9999 -9999 0.566382 0.570872 0.57763 0.580882 0.584673 0.582732 0.584469 0.585329 0.584756 0.582485 0.579213 0.572857 0.564656 0.560843 0.551639 0.542542 0.529923 0.504433 0.490552 0.474482 0.459764 0.443457 0.428788 0.410464 0.398187 0.387439 0.376273 0.369049 0.368992 0.36873 0.369245 0.369783 0.370395 0.370799 0.366646 0.363168 0.359028 0.356714 0.347856 0.342521 0.336793 0.330909 0.324912 0.319005 0.30563 0.301909 0.298447 0.295291 0.292755 0.291986 0.291553 0.291274 0.290965 0.290452 0.289561 0.286852 0.283054 0.279809 0.275975 0.267295 0.262115 0.256705
-9999 -9999 -9999 -9999 -9999 -9999 -9999 -9999 0.56139 0.567292 0.5785 0.581104 0.578387 0.580221 0.581678 0.581834 0.581551 0.57949 0.576298 0.570952 0.563007 0.554639 0.547226 0.542214 0.52705 0.506021 0.491925 0.476714 0.461685 0.44782 0.434767 0.416427 0.401318 0.390527 0.380862 0.375126 0.374063 0.372145 0.370723 0.372894 0.372686 0.372312 0.370742 0.362939 0.360697 0.354551 0.346234 0.340385 0.335856 0.331027 0.325727 0.320258 0.306665 0.301371 0.298567 0.294835 0.293479 0.292546 0.291921 0.29145 0.290955 0.290253 0.289228 0.287774 0.283762 0.280846 0.275382 0.266749 0.261868 0.25678
-9999 -9999 -9999 -9999 -9999 -9999 -9999 -9999 0.563879 0.573673 0.577282 0.573014 0.575869 0.577162 0.578603 0.578836 0.578044 0.575789 0.572155 0.567095 0.559687 0.551523 0.546277 0.53665 0.528311 0.508512 0.490626 0.477475 0.464207 0.448839 0.436153 0.418904 0.407998 0.394697 0.387181 0.380568 0.37963 0.377383 0.375301 0.375648 0.374865 0.372084 0.369534 0.367921 0.359784 0.355659 0.346335 0.338981 0.334625 0.331207 0.323984 0.318915 0.305599 0.302516 0.297576 0.295679 0.294214 0.293131 0.292305 0.291626 0.29093 0.290037 0.288867 0.287302 0.285238 0.280037 0.276682 0.267885 0.26154 0.256813
-9999 -9999 -9999 -9999 -9999 -9999 -9999 -9999 0.5666 0.57251 0.575486 0.570998 0.573497 0.574674 0.575499 0.575341 0.573967 0.571956 0.568656 0.563722 0.558053 0.550359 0.540734 0.536496 0.523068 0.504141 0.49157 0.479901 0.467001 0.453871 0.43214 0.422419 0.408921 0.399913 0.39319 0.387349 0.385039 0.382193 0.380095 0.378507 0.375533 0.37191 0.368587 0.36825 0.365704 0.355122 0.343829 0.340014 0.336316 0.331566 0.324005 0.318524 0.306158 0.300432 0.298242 0.296417 0.294943 0.293686 0.292699 0.291791 0.290874 0.289818 0.288497 0.28684 0.284766 0.282246 0.276017 0.267226 0.262924 0.256984
-9999 -9999 -9999 -9999 -9999 -9999 -9999 -9999 -9999 0.573858 0.568187 0.571481 0.573192 0.574137 0.574292 0.573523 0.571967 0.569736 0.566525 0.561879 0.55589 0.547976 0.539463 0.532447 0.518495 0.498355 0.487761 0.478444 0.467523 0.454862 0.434406 0.420456 0.413786 0.406315 0.399861 0.39451 0.389506 0.386181 0.383295 0.38013 0.374718 0.372688 0.369421 0.367476 0.364184 0.353088 0.342667 0.339892 0.335931 0.331395 0.325029 0.308738 0.30335 0.301207 0.298625 0.297 0.29559 0.294224 0.293046 0.291939 0.290839 0.289617 0.288173 0.286228 0.284052 0.281481 0.274657 0.265527 0.261241 0.256853
-9999 -9999 -9999 -9999 -9999 -9999 -9999 -9999 -9999 0.563393 0.566652 0.570256 0.57086 0.571454 0.571735 0.570545 0.568385 0.565707 0.562323 0.558047 0.55182 0.544669 0.536599 0.52858 0.520484 0.493912 0.484833 0.47728 0.46718 0.456418 0.429833 0.419927 0.414435 0.409491 0.403572 0.39825 0.391511 0.388569 0.38437 0.380135 0.37748 0.374601 0.37074 0.36915 0.365181 0.362584 0.341847 0.338601 0.334685 0.331353 0.32554 0.308744 0.303107 0.301258 0.298861 0.297718 0.296256 0.294781 0.293406 0.292106 0.290783 0.289369 0.287746 0.285865 0.283675 0.281125 0.278174 0.270317 0.25884 0.254885
-9999 -9999 -9999 -9999 -9999 -9999 -9999 -9999 -9999 0.563715 0.565371 0.56813 0.569877 0.568804 0.568865 0.567996 0.565426 0.562303 0.558569 0.554526 0.5482 0.540862 0.533053 0.524119 0.516616 0.509478 0.483908 0.476157 0.466719 0.456673 0.43145 0.423928 0.418115 0.412304 0.40668 0.401386 0.396513 0.392524 0.38839 0.385204 0.381307 0.37672 0.373386 0.371274 0.366095 0.36306 0.360392 0.337379 0.334753 0.331296 0.325402 0.305096 0.303761 0.301918 0.300249 0.298475 0.296739 0.295269 0.293735 0.292279 0.290806 0.289237 0.287519 0.285559 0.283356 0.280714 0.277702 0.273024 0.257997 0.25448
-9999 -9999 -9999 -9999 -9999 -9999 -9999 -9999 -9999 0.564275 0.565373 0.567303 0.567872 0.566646 0.566513 0.565986 0.563558 0.560163 0.556742 0.5522 0.546186 0.539294 0.531509 0.523954 0.51456 0.508674 0.482395 0.47509 0.466845 0.441243 0.432258 0.425661 0.419697 0.413727 0.409179 0.404136 0.39936 0.393875 0.389696 0.387005 0.383842 0.380513 0.376294 0.373381 0.369405 0.365765 0.361908 0.33777 0.334676 0.33085 0.321616 0.30668 0.304716 0.302694 0.300852 0.298862 0.297155 0.295673 0.294045 0.292456 0.290848 0.289178 0.287357 0.285307 0.283063 0.280275 0.27696 0.272836 0.256163 0.254219
-9999 -9999 -9999 -9999 -9999 -9999 -9999 -9999 -9999 0.56413 0.565162 0.566333 0.565755 0.564077 0.564959 0.564511 0.562002 0.558783 0.555051 0.54937 0.545018 0.539567 0.532167 0.523373 0.513749 0.506522 0.489343 0.473936 0.466227 0.439738 0.431114 0.424308 0.419257 0.414627 0.410685 0.406116 0.401202 0.394683 0.388404 0.386435 0.384753 0.381809 0.378483 0.374115 0.370558 0.366879 0.362416 0.349706 0.333647 0.330429 0.308966 0.306717 0.304958 0.303226 0.300625 0.298668 0.297443 0.296036 0.294314 0.292628 0.290942 0.289175 0.28729 0.285128 0.282785 0.280139 0.275805 0.271962 0.260982 0.254172
-9999 -9999 -9999 -9999 -9999 -9999 -9999 -9999 -9999 0.563835 0.563884 0.564713 0.56382 0.563538 0.564043 0.562962 0.560915 0.557868 0.554162 0.549429 0.544489 0.538509 0.531174 0.52263 0.513286 0.504395 0.497716 0.472163 0.455601 0.438455 0.429904 0.424083 0.41937 0.416106 0.412205 0.407468 0.402871 0.398323 0.39267 0.386879 0.383699 0.381828 0.377758 0.373485 0.370948 0.36752 0.363087 0.358796 0.334158 0.324755 0.308447 0.306142 0.304601 0.303728 0.301667 0.299494 0.298172 0.296332 0.294552 0.292819 0.291054 0.289236 0.287315 0.285161 0.282699 0.279182 0.275649 0.271557 0.268589 0.254946
-9999 -9999 -9999 -9999 -9999 -9999 -9999 -9999 -9999 0.563181 0.563422 0.563904 0.564196 0.564288 0.563933 0.561523 0.559778 0.556642 0.553683 0.549555 0.544339 0.538533 0.531496 0.52237 0.513225 0.50341 0.496775 0.481252 0.447032 0.438024 0.428186 0.423815 0.420184 0.4168 0.412759 0.406742 0.403398 0.399253 0.394791 0.389902 0.3844 0.38128 0.37648 0.373257 0.370897 0.367855 0.36428 0.360203 0.3481 0.32511 0.308568 0.306038 0.304453 0.303255 0.30218 0.300253 0.298481 0.296593 0.294769 0.292994 0.291197 0.289328 0.287343 0.285173 0.282012 0.278515 0.27532 0.27171 0.268859 0.261274
