Test_Spring_2018b/02_18/Prec/20180220_019.txt
ncols	170
nrows	115
xllcorner	350000.000000
yllcorner	4445000.000000
cellsize	1000.000000
nodata_value	-9999.000000
[rows 31 to 61 of 115, columns 70 to 139 of 170]
0.223856 0.226729 0.227298 0.224099 0.223759 0.229036 0.23447 0.234154 0.237704 0.236962 0.234099 0.233228 0.23111 0.227259 0.2256 0.218414 0.195345 0.201103 0.202672 0.19488 0.197077 0.201365 0.194318 0.176932 0.168279 0.155563 0.156469 0.155782 0.14512 -9999 -9999 -9999 -9999 -9999 -9999 -9999 -9999 -9999 -9999 -9999 -9999 -9999 -9999 -9999 -9999 -9999 -9999 -9999 -9999 -9999 -9999 -9999 -9999 -9999 -9999 -9999 -9999 -9999 -9999 -9999 -9999 -9999 -9999 -9999 -9999 -9999 -9999 -9999 -9999 -9999
0.21699 0.218208 0.21759 0.214738 0.21806 0.221186 0.223199 0.221348 0.231181 0.230875 0.228747 0.224098 0.222321 0.220465 0.219208 0.21312 0.196464 0.181235 0.188253 0.187454 0.180897 0.189315 0.182801 0.167974 0.147608 0.156372 0.152229 0.14158 0.136227 -9999 -9999 -9999 -9999 -9999 -9999 -9999 -9999 -9999 -9999 -9999 -9999 -9999 -9999 -9999 -9999 -9999 -9999 -9999 -9999 -9999 -9999 -9999 -9999 -9999 -9999 -9999 -9999 -9999 -9999 -9999 -9999 -9999 -9999 -9999 -9999 -9999 -9999 -9999 -9999 -9999
0.204992 0.208912 0.207438 0.206178 0.211477 0.211181 0.211039 0.216944 0.224236 0.224502 0.223365 0.22104 0.218988 0.216819 0.211843 0.2048 0.190435 0.173234 0.168801 0.176191 0.175759 0.176179 0.170569 0.163729 0.153558 0.160078 0.162008 0.15212 0.143574 0.131567 -9999 -9999 -9999 -9999 -9999 -9999 -9999 -9999 -9999 -9999 -9999 -9999 -9999 -9999 -9999 -9999 -9999 -9999 -9999 -9999 -9999 -9999 -9999 -9999 -9999 -9999 -9999 -9999 -9999 -9999 -9999 -9999 -9999 -9999 -9999 -9999 -9999 -9999 -9999 -9999
0.191577 0.198646 0.196746 0.191365 0.194627 0.197036 0.202793 0.2113 0.211461 0.217488 0.216578 0.215703 0.212322 0.209506 0.205221 0.198312 0.188721 0.177298 0.15781 0.169004 0.177668 0.17694 0.175947 0.171343 0.162027 0.1689 0.168735 0.157096 0.143996 0.135924 0.132254 -9999 -9999 -9999 -9999 -9999 -9999 -9999 -9999 -9999 -9999 -9999 -9999 -9999 -9999 -9999 -9999 -9999 -9999 -9999 -9999 -9999 -9999 -9999 -9999 -9999 -9999 -9999 -9999 -9999 -9999 -9999 -9999 -9999 -9999 -9999 -9999 -9999 -9999 -9999
-9999 0.187312 0.185683 0.179299 0.182721 0.18718 0.194378 0.201474 0.207015 0.20831 0.209578 0.208561 0.204891 0.195619 0.193668 0.192632 0.186133 0.173236 0.160463 0.156986 0.170789 0.174692 0.173833 0.17694 0.169467 0.172986 0.171505 0.167703 0.151687 0.144206 0.139351 0.129912 -9999 -9999 -9999 -9999 -9999 -9999 -9999 -9999 -9999 -9999 -9999 -9999 -9999 -9999 -9999 -9999 -9999 -9999 -9999 -9999 -9999 -9999 -9999 -9999 -9999 -9999 -9999 -9999 -9999 -9999 -9999 -9999 -9999 -9999 -9999 -9999 -9999 -9999
-9999 -9999 -9999 -9999 0.169091 0.176504 0.184481 0.191322 0.199333 0.201193 0.202856 0.201646 0.194871 0.191055 0.189885 0.18521 0.177751 0.173034 0.165 0.15684 0.160105 0.172325 0.167432 0.176349 0.176133 0.178174 0.172981 0.158863 0.145662 0.141337 0.137316 0.129914 -9999 -9999 -9999 -9999 -9999 -9999 -9999 -9999 -9999 -9999 -9999 -9999 -9999 -9999 -9999 -9999 -9999 -9999 -9999 -9999 -9999 -9999 -9999 -9999 -9999 -9999 -9999 -9999 -9999 -9999 -9999 -9999 -9999 -9999 -9999 -9999 -9999 -9999
-9999 -9999 -9999 -9999 -9999 0.169846 0.176244 0.184142 0.191934 0.192716 0.195764 0.194532 0.191071 0.188179 0.184663 0.180608 0.174785 0.168724 0.161293 0.16083 0.168939 0.169741 0.169018 0.171241 0.176171 0.176141 0.168988 0.150561 0.14357 0.132276 0.125821 0.126862 0.122136 -9999 -9999 -9999 -9999 -9999 -9999 -9999 -9999 -9999 -9999 -9999 -9999 0.136368 -9999 -9999 -9999 -9999 -9999 -9999 -9999 -9999 -9999 -9999 -9999 -9999 -9999 -9999 -9999 -9999 -9999 -9999 -9999 -9999 0 -9999 -9999 -9999
-9999 -9999 -9999 -9999 0.161872 0.171251 0.175226 0.180031 0.181312 0.18581 0.189262 0.187829 0.184721 0.181458 0.176172 0.174092 0.170398 0.163871 0.162655 0.165599 0.167564 0.169984 0.172127 0.172959 0.172916 0.1724 0.164683 0.159263 0.155991 0.143092 0.139775 0.133254 0.122866 0.114662 -9999 -9999 -9999 -9999 -9999 -9999 -9999 0.132276 0.131379 0.131057 0.132905 0.138928 0.134531 -9999 -9999 -9999 -9999 -9999 -9999 -9999 -9999 -9999 -9999 -9999 -9999 -9999 -9999 -9999 -9999 -9999 -9999 -9999 0.100032 0 -9999 -9999
-9999 -9999 -9999 -9999 0.161868 0.167684 0.170413 0.175045 0.177131 0.181541 0.181618 0.181418 0.179281 0.175533 0.170971 0.169686 0.164763 0.162204 0.160802 0.16485 0.16666 0.166839 0.166963 0.167468 0.165313 0.166904 0.164263 0.16189 0.156486 0.150646 0.144852 0.131093 0.117373 0.106215 -9999 -9999 -9999 -9999 -9999 -9999 0.133485 0.138468 0.141238 0.133783 0.139186 0.144073 0.142672 0.13342 -9999 -9999 -9999 -9999 -9999 -9999 -9999 -9999 -9999 -9999 -9999 -9999 -9999 -9999 0.14271 0.133329 0.115027 0.105336 0 0 -9999 -9999
-9999 -9999 -9999 -9999 0.155885 0.162808 0.167215 0.170649 0.170373 0.174732 0.176313 0.17507 0.172769 0.170246 0.167793 0.162736 0.160209 0.154472 0.15983 0.160523 0.160694 0.157519 0.157603 0.151352 0.150131 0.148776 0.158895 0.156006 0.14696 0.134807 0.122456 0.123093 0.118383 0.108661 -9999 -9999 -9999 -9999 -9999 -9999 0.134806 0.140151 0.144503 0.144681 0.137245 0.146336 0.142142 0.136303 0.134664 0.138696 0.140576 0.141987 0.146626 0.147538 0.144525 0.146503 -9999 -9999 -9999 -9999 0.144886 0.144604 0.144235 0.139956 0.12002 0.106202 0 0 -9999 -9999
-9999 -9999 -9999 -9999 0.155873 0.160465 0.162585 0.162471 0.164916 0.168317 0.170064 0.17076 0.167869 0.165219 0.162821 0.159804 0.155808 0.155858 0.155958 0.155412 0.147447 0.138416 0.146126 0.141074 0.125405 0.141976 0.151689 0.148589 0.137614 0.124137 0.123886 0.12617 0.1195 0.110431 -9999 -9999 -9999 0.119838 0.127895 0.128227 0.130216 0.137468 0.142833 0.146672 0.149144 0.145293 0.141741 0.135986 0.129824 0.131478 0.141432 0.143618 0.148367 0.149335 0.146493 0.14701 0.149133 0.149923 0.149578 0.148296 0.147512 0.147102 0.146137 0.1421 0.124205 0.113689 0.106748 0 -9999 -9999
-9999 -9999 -9999 -9999 0.148377 0.15249 0.155404 0.162615 0.161986 0.163173 0.163727 0.165121 0.16245 0.156541 0.156411 0.154 0.152163 0.150658 0.149609 0.142673 0.133429 0.124817 0.122809 0.12467 0.119671 0.129295 0.139471 0.139507 0.135269 0.123833 0.124283 0.125362 0.113801 0.10202 -9999 -9999 0.103776 0.11964 0.130599 0.135975 0.137252 0.13685 0.1437 0.14368 0.151104 0.145889 0.134845 0.135515 0.130768 0.133051 0.136624 0.137338 0.145119 0.149714 0.15007 0.149461 0.150582 0.15031 0.149769 0.14909 0.147265 0.147173 0.14662 0.143864 0.130718 0.123981 0.11663 0 -9999 -9999
-9999 -9999 -9999 -9999 0.148688 0.153361 0.157764 0.157978 0.159931 0.158729 0.156232 0.157464 0.157227 0.151826 0.147341 0.14778 0.146019 0.145047 0.144871 0.138603 0.132037 0.121631 0.11691 0.112258 0.112758 0.114826 0.122225 0.124981 0.127057 0.131713 0.129989 0.126699 0.120614 0.107451 0.10034 -9999 0.104771 0.111832 0.124881 0.135775 0.142414 0.139167 0.146973 0.147883 0.149793 0.146176 0.139224 0.136034 0.135309 0.13405 0.139396 0.142816 0.147714 0.148892 0.150513 0.150454 0.150398 0.150006 0.149503 0.149001 0.148337 0.147655 0.146765 0.145331 0.138942 0.132222 0.118429 0 -9999 -9999
-9999 -9999 -9999 0.131488 0.145517 0.15287 0.155606 0.156906 0.157245 0.156442 0.155766 0.154223 0.151439 0.148767 0.139877 0.137696 0.136954 0.139457 0.139696 0.140596 0.138328 0.125318 0.120735 0.11811 0.111945 0.113443 0.120194 0.133246 0.136708 0.134299 0.130772 0.126236 0.122128 0.114588 0 0.100422 0.108215 0.113751 0.12245 0.135806 0.144897 0.148527 0.149433 0.150318 0.151191 0.14655 0.14223 0.140067 0.136655 0.135829 0.135501 0.138644 0.143285 0.148642 0.150023 0.150309 0.150147 0.149767 0.149318 0.148864 0.148292 0.147541 0.14691 0.146225 0.145169 0.136427 0.11792 0.104799 -9999 -9999
-9999 -9999 -9999 -9999 0.141275 0.145105 0.146121 0.1469 0.148232 0.149213 0.15138 0.148552 0.147301 0.14385 0.136407 0.127962 0.130921 0.13209 0.13457 0.136328 0.138503 0.127235 0.124232 0.12325 0.117898 0.128014 0.136447 0.141307 0.143376 0.134594 0.12538 0.115574 0.104083 0.104864 0 0.102878 0.108057 0.120892 0.129612 0.132693 0.134616 0.147969 0.149576 0.149835 0.152485 0.146668 0.14478 0.140447 0.141041 0.140299 0.139979 0.129402 0.141558 0.141539 0.147636 0.150032 0.150084 0.149639 0.149206 0.148604 0.148008 0.147342 0.146773 0.146037 0.146904 0.141383 0.115401 0.104575 -9999 -9999
-9999 -9999 -9999 -9999 -9999 -9999 0.141703 0.143328 0.143352 0.143598 0.148579 0.147039 0.144573 0.140934 0.13536 0.127401 0.123925 0.124112 0.119183 0.125895 0.133886 0.137422 0.141118 0.133911 0.134243 0.145637 0.14899 0.144715 0.141987 0.138886 0.127763 0.121754 0.108442 0 0 0.112245 0.122959 0.135921 0.141233 0.137205 0.139977 0.145415 0.152248 0.154987 0.153034 0.146896 0.145483 0.139112 0.14422 0.144284 0.141331 0.138796 0.141437 0.144135 0.144775 0.149407 0.150051 0.149645 0.149053 0.148441 0.147784 0.147118 0.14716 0.146828 0.14653 0.146089 0.119438 0.100914 -9999 -9999
-9999 -9999 -9999 -9999 -9999 -9999 0.135261 0.136041 0.138122 0.144808 0.147035 0.145363 0.141483 0.138549 0.133558 0.125858 0.118994 0.11342 0.107668 0.112741 0.124697 0.133881 0.139047 0.133469 0.145716 0.14917 0.150428 0.143506 0.139323 0.13881 0.128415 0.121162 0.11311 0.100553 0.107658 0.11487 0.123538 0.137691 0.146868 0.150114 0.145574 0.148895 0.156877 0.155754 0.149643 0.149011 0.145235 0.136749 0.14437 0.146245 0.144067 0.144284 0.145275 0.145885 0.147512 0.14904 0.149845 0.149408 0.148797 0.148116 0.147479 0.14717 0.146736 0.146501 0.146244 0.14595 0.128714 0.100246 -9999 -9999
-9999 -9999 -9999 -9999 -9999 -9999 -9999 0.129117 0.135639 0.145266 0.145817 0.142078 0.140756 0.137229 0.131476 0.126651 0.118672 0.109544 0 0 0.110819 0.126772 0.137725 0.141948 0.145085 0.144439 0.134826 0.126782 0.129868 0.131932 0.125384 0.120928 0.111777 0.120031 0.128348 0.136829 0.141099 0.139751 0.147525 0.153475 0.14952 0.153844 0.159053 0.154947 0.152127 0.14971 0.14545 0.144576 0.144415 0.148626 0.145097 0.146805 0.148517 0.147777 0.148246 0.14888 0.149577 0.149163 0.148533 0.147921 0.147208 0.14683 0.146442 0.146151 0.145932 0.145693 0.144013 0.129624 0.11985 -9999
-9999 -9999 -9999 -9999 -9999 -9999 -9999 0.121217 0.123864 0.135759 0.137836 0.140673 0.140364 0.136951 0.129743 0.12513 0.113887 0.110172 0 0 0 0.100578 0.1218 0.141628 0.144981 0.12039 0.114792 0.112026 0.118623 0.122796 0.123599 0.112635 0.110536 0.126299 0.136275 0.143739 0.14909 0.14982 0.149135 0.158942 0.159315 0.161604 0.159654 0.15881 0.152368 0.148095 0.150289 0.14629 0.145192 0.149557 0.144521 0.148518 0.149699 0.147792 0.147097 0.149274 0.149212 0.14888 0.148379 0.147589 0.146893 0.14639 0.146183 0.145944 0.145662 0.145573 0.145311 0.145433 0.136995 0.133899
-9999 -9999 -9999 -9999 -9999 -9999 -9999 -9999 0.110653 0.128122 0.13497 0.136551 0.139779 0.137268 0.131515 0.125483 0.114712 0.105906 0 0 0 0.10172 0.12666 0.1422 0.147138 0.127318 0.122492 0.126808 0.137034 0.136128 0.135935 0.128711 0.127317 0.123959 0.128105 0.137605 0.145862 0.153354 0.15839 0.15807 0.160657 0.161617 0.16065 0.160186 0.15853 0.157103 0.151251 0.154196 0.150644 0.151841 0.150473 0.149266 0.150205 0.146614 0.148079 0.149305 0.149152 0.149119 0.148227 0.147528 0.146903 0.146313 0.145945 0.145747 0.145615 0.145438 0.145344 0.147392 0.146511 0.141285
-9999 -9999 -9999 -9999 -9999 -9999 -9999 -9999 0.101055 0.11862 0.126216 0.135393 0.135767 0.137007 0.134281 0.129201 0.120816 0.109681 0.101198 0 0 0 0.125837 0.14224 0.147543 0.132722 0.143235 0.142991 0.149028 0.144166 0.143905 0.145754 0.141648 0.136435 0.128854 0.125901 0.143898 0.152902 0.159775 0.162519 0.163571 0.163533 0.161946 0.159648 0.15088 0.155984 0.155043 0.153842 0.152659 0.151918 0.150963 0.149951 0.151361 0.15058 0.147984 0.149585 0.149852 0.149046 0.148295 0.147579 0.146931 0.146425 0.146018 0.145867 0.145649 0.145495 0.145358 0.147555 0.147565 0.147183
-9999 -9999 -9999 -9999 -9999 -9999 -9999 -9999 0 0.100871 0.117911 0.127774 0.13682 0.137206 0.136101 0.130241 0.125969 0.117939 0.111109 0.101229 0 0 0.101682 0.132786 0.148553 0.15354 0.157188 0.155824 0.154715 0.157543 0.160967 0.159839 0.15121 0.142221 0.140318 0.137344 0.150849 0.152633 0.151349 0.165174 0.164432 0.162724 0.156275 0.149129 0.149413 0.144911 0.147278 0.142145 0.145847 0.149058 0.150063 0.149649 0.151128 0.150442 0.149593 0.150869 0.15002 0.149156 0.148377 0.147716 0.14714 0.146571 0.14619 0.146064 0.145905 0.145769 0.145506 0.147821 0.147859 0.147562
-9999 -9999 -9999 -9999 -9999 -9999 -9999 -9999 0 0 0.113173 0.125441 0.135088 0.135867 0.137998 0.135721 0.131524 0.124613 0.116761 0.108755 0 0 0.103648 0.125953 0.14267 0.152777 0.15789 0.16123 0.163407 0.162458 0.164157 0.167965 0.164163 0.155858 0.151248 0.143537 0.158535 0.160217 0.15768 0.164483 0.16346 0.151668 0.142375 0.140502 0.144815 0.139168 0.137809 0.134341 0.137332 0.1462 0.143024 0.143256 0.149658 0.149719 0.151611 0.150924 0.150099 0.149322 0.148558 0.147964 0.147472 0.146917 0.146558 0.14633 0.14605 0.146063 0.145901 0.148378 0.148095 0.147909
-9999 -9999 -9999 -9999 -9999 -9999 -9999 -9999 0 0 0.10517 0.123591 0.13436 0.137776 0.139966 0.138778 0.134274 0.130791 0.126022 0.119024 0.11513 0.10774 0 0.122047 0.133216 0.144209 0.145701 0.155451 0.158693 0.159035 0.161794 0.167179 0.168609 0.161927 0.160322 0.156521 0.165019 0.16511 0.164699 0.163871 0.15401 0.140416 0.129368 0.136106 0.13386 0.136529 0.125517 0.133561 0.140131 0.142021 0.137056 0.133197 0.146484 0.150235 0.150569 0.150507 0.15022 0.149405 0.148869 0.148236 0.147729 0.147318 0.146947 0.1467 0.14648 0.146299 0.146319 0.148927 0.148914 0.149171
-9999 -9999 -9999 -9999 -9999 -9999 -9999 -9999 -9999 0 0 0.118744 0.129114 0.135266 0.137846 0.137075 0.134719 0.132431 0.129591 0.12463 0.118649 0.108903 0.102493 0.110289 0.120928 0.126496 0.133948 0.149683 0.156968 0.153614 0.14352 0.15527 0.166953 0.168142 0.168303 0.16804 0.16739 0.166381 0.163844 0.157086 0.13689 0.132326 0.123978 0.124237 0.119649 0.127607 0.124026 0.132469 0.135908 0.136983 0.128389 0.133075 0.145212 0.148368 0.147032 0.148683 0.150151 0.149576 0.149044 0.14846 0.148064 0.147728 0.147425 0.147283 0.147115 0.147011 0.147054 0.150008 0.149432 0.148999
-9999 -9999 -9999 -9999 -9999 -9999 -9999 -9999 -9999 0 0 0.119676 0.126661 0.133617 0.139589 0.139217 0.136008 0.133243 0.130744 0.128223 0.120584 0.113571 0.107267 0.106636 0.110587 0.116492 0.12621 0.14535 0.151082 0.152108 0.141936 0.138301 0.1531 0.165483 0.167248 0.16684 0.153992 0.15693 0.149736 0.139842 0.136823 0.132146 0.122705 0.126472 0.11939 0.121673 0.120493 0.125112 0.12717 0.13281 0.125264 0.128374 0.140663 0.144833 0.144313 0.148707 0.149878 0.149756 0.149332 0.148941 0.148565 0.148332 0.148059 0.147837 0.147657 0.147381 0.146793 0.145359 0.139037 0.139137
-9999 -9999 -9999 -9999 -9999 -9999 -9999 -9999 -9999 0 0 0.114663 0.129933 0.130444 0.137666 0.141306 0.137987 0.134505 0.131224 0.130319 0.12178 0.112593 0.105685 0 0.10107 0.110376 0.128158 0.141044 0.145095 0.144913 0.141937 0.147407 0.157734 0.163554 0.16573 0.165131 0.162567 0.161025 0.155732 0.153272 0.145691 0.133924 0.129004 0.13138 0.118813 0.119184 0.123194 0.118089 0.12552 0.128886 0.119237 0.133476 0.141323 0.145045 0.148219 0.149417 0.149563 0.150119 0.149662 0.149328 0.149023 0.148729 0.148529 0.148227 0.148019 0.146991 0.145508 0.136618 0.136672 0.137547
-9999 -9999 -9999 -9999 -9999 -9999 -9999 -9999 -9999 0 0 0.115061 0.126045 0.127798 0.136059 0.143468 0.14263 0.139073 0.138338 0.135099 0.127882 0.120049 0.111594 0.108346 0 0.111589 0.125914 0.136794 0.142809 0.141497 0.139373 0.146786 0.153972 0.157256 0.164113 0.16449 0.162718 0.154059 0.149747 0.151393 0.149302 0.14576 0.137539 0.136775 0.131307 0.128783 0.126378 0.119631 0.123322 0.123348 0.127916 0.14016 0.144012 0.146381 0.148486 0.148654 0.149296 0.150312 0.150013 0.149692 0.149376 0.149166 0.148892 0.148376 0.14799 0.145973 0.142419 0.135752 0.128772 0.136695
-9999 -9999 -9999 -9999 -9999 -9999 -9999 -9999 -9999 0 0 0.113033 0.119599 0.120674 0.135994 0.145414 0.145543 0.144008 0.142331 0.133313 0.134628 0.133638 0.125907 0.114292 0.101534 0.104305 0.115866 0.131795 0.13721 0.131138 0.12818 0.132158 0.142314 0.151331 0.160556 0.163119 0.160762 0.147196 0.132658 0.139226 0.146172 0.145832 0.143376 0.135722 0.133009 0.130503 0.12478 0.115624 0.116381 0.118492 0.13619 0.138881 0.143296 0.146879 0.144854 0.145277 0.148723 0.15054 0.150248 0.149965 0.149778 0.149535 0.149281 0.148389 0.147514 0.146091 0.136796 0.131089 0.125905 0.136916
-9999 -9999 -9999 -9999 -9999 -9999 -9999 -9999 -9999 0 0 0.105777 0.112039 0.121867 0.136516 0.143809 0.147431 0.147633 0.146625 0.142821 0.140855 0.136512 0.128203 0.116636 0.103768 0 0.101682 0.12321 0.129384 0.122811 0.118285 0.125804 0.136402 0.15165 0.160454 0.161852 0.16123 0.158446 0.147795 0.134855 0.134666 0.140785 0.135085 0.128482 0.131519 0.130479 0.124829 0.120605 0.117952 0.123115 0.132609 0.134513 0.139719 0.147627 0.148376 0.147706 0.150821 0.150626 0.150381 0.150241 0.150026 0.149852 0.149679 0.148999 0.147538 0.141418 0.136156 0.128798 0.128129 0.141404
-9999 -9999 -9999 -9999 -9999 -9999 -9999 -9999 -9999 0 0 0.101016 0.11462 0.127452 0.1385 0.139608 0.145551 0.14584 0.149148 0.148696 0.145191 0.141469 0.134214 0.118837 0.106111 0 0 0.115916 0.126131 0.119752 0.10726 0.121468 0.136977 0.150973 0.158623 0.15303 0.159021 0.158515 0.154445 0.146654 0.134579 0.134504 0.125298 0.124542 0.128702 0.129773 0.1286 0.125321 0.120575 0.125057 0.132286 0.132727 0.137497 0.143555 0.149482 0.150149 0.15099 0.150711 0.150447 0.150319 0.150171 0.149952 0.149619 0.148974 0.143877 0.137864 0.134321 0.12939 0.129158 0.142944
