Test_Spring_2018b/02_18/Prec/20180220_008.txt
ncols	170
nrows	115
xllcorner	350000.000000
yllcorner	4445000.000000
cellsize	1000.000000
nodata_value	-9999.000000
[rows 31 to 61 of 115, columns 70 to 139 of 170]
0.345489 0.351109 0.355357 0.357071 0.36118 0.379427 0.388043 0.392994 0.409504 0.413202 0.41497 0.417886 0.419502 0.419469 0.420783 0.417668 0.402372 0.408696 0.411797 0.40784 0.411486 0.416828 0.41378 0.403126 0.399278 0.392588 0.390423 0.39565 0.390492 -9999 -9999 -9999 -9999 -9999 -9999 -9999 -9999 -9999 -9999 -9999 -9999 -9999 -9999 -9999 -9999 -9999 -9999 -9999 -9999 -9999 -9999 -9999 -9999 -9999 -9999 -9999 -9999 -9999 -9999 -9999 -9999 -9999 -9999 -9999 -9999 -9999 -9999 -9999 -9999 -9999
0.346233 0.350231 0.353163 0.354688 0.361095 0.367516 0.382807 0.387178 0.407072 0.410764 0.412813 0.412664 0.414378 0.415736 0.417274 0.414932 0.404428 0.394866 0.402009 0.403225 0.400117 0.408375 0.405468 0.396418 0.383337 0.392392 0.391859 0.383151 0.371377 -9999 -9999 -9999 -9999 -9999 -9999 -9999 -9999 -9999 -9999 -9999 -9999 -9999 -9999 -9999 -9999 -9999 -9999 -9999 -9999 -9999 -9999 -9999 -9999 -9999 -9999 -9999 -9999 -9999 -9999 -9999 -9999 -9999 -9999 -9999 -9999 -9999 -9999 -9999 -9999 -9999
0.342817 0.348518 0.350436 0.352778 0.360292 0.363754 0.377105 0.386718 0.404446 0.408308 0.410891 0.412324 0.413696 0.414713 0.413359 0.410219 0.401363 0.390217 0.3886 0.395842 0.397163 0.399146 0.396631 0.393262 0.387474 0.394379 0.397917 0.386341 0.374358 0.374892 -9999 -9999 -9999 -9999 -9999 -9999 -9999 -9999 -9999 -9999 -9999 -9999 -9999 -9999 -9999 -9999 -9999 -9999 -9999 -9999 -9999 -9999 -9999 -9999 -9999 -9999 -9999 -9999 -9999 -9999 -9999 -9999 -9999 -9999 -9999 -9999 -9999 -9999 -9999 -9999
0.338011 0.345789 0.34707 0.345983 0.35165 0.356864 0.374958 0.393769 0.397501 0.405524 0.408125 0.41053 0.410798 0.411238 0.410321 0.407191 0.401833 0.394918 0.381783 0.391702 0.399654 0.400497 0.401147 0.399105 0.393555 0.400275 0.401736 0.379306 0.381045 0.37498 0.372183 -9999 -9999 -9999 -9999 -9999 -9999 -9999 -9999 -9999 -9999 -9999 -9999 -9999 -9999 -9999 -9999 -9999 -9999 -9999 -9999 -9999 -9999 -9999 -9999 -9999 -9999 -9999 -9999 -9999 -9999 -9999 -9999 -9999 -9999 -9999 -9999 -9999 -9999 -9999
-9999 0.341937 0.343154 0.341052 0.346602 0.353155 0.363238 0.388365 0.396878 0.40122 0.405379 0.407607 0.407594 0.403099 0.403868 0.405076 0.40193 0.39375 0.385493 0.384116 0.395681 0.399715 0.400126 0.403525 0.398952 0.402692 0.402676 0.390839 0.381651 0.37828 0.374058 0.366297 -9999 -9999 -9999 -9999 -9999 -9999 -9999 -9999 -9999 -9999 -9999 -9999 -9999 -9999 -9999 -9999 -9999 -9999 -9999 -9999 -9999 -9999 -9999 -9999 -9999 -9999 -9999 -9999 -9999 -9999 -9999 -9999 -9999 -9999 -9999 -9999 -9999 -9999
-9999 -9999 -9999 -9999 0.34007 0.34995 0.366984 0.38335 0.393813 0.398549 0.402988 0.405056 0.402682 0.402271 0.403572 0.401946 0.397948 0.395773 0.390881 0.385717 0.389039 0.39902 0.396027 0.403417 0.4039 0.406075 0.402781 0.391143 0.375019 0.373438 0.369363 0.362669 -9999 -9999 -9999 -9999 -9999 -9999 -9999 -9999 -9999 -9999 -9999 -9999 -9999 -9999 -9999 -9999 -9999 -9999 -9999 -9999 -9999 -9999 -9999 -9999 -9999 -9999 -9999 -9999 -9999 -9999 -9999 -9999 -9999 -9999 -9999 -9999 -9999 -9999
-9999 -9999 -9999 -9999 -9999 0.348222 0.363806 0.372889 0.390931 0.394898 0.400431 0.402529 0.402685 0.402974 0.402472 0.401236 0.398347 0.394982 0.390318 0.390689 0.397352 0.398369 0.398142 0.400076 0.404011 0.404172 0.389581 0.383146 0.376911 0.364204 0.357851 0.357106 0.351963 -9999 -9999 -9999 -9999 -9999 -9999 -9999 -9999 -9999 -9999 -9999 -9999 0.328838 -9999 -9999 -9999 -9999 -9999 -9999 -9999 -9999 -9999 -9999 -9999 -9999 -9999 -9999 -9999 -9999 -9999 -9999 -9999 -9999 0.191646 -9999 -9999 -9999
-9999 -9999 -9999 -9999 0.341398 0.359819 0.365889 0.37277 0.384227 0.392449 0.398406 0.400456 0.400958 0.40101 0.399168 0.399362 0.397961 0.394064 0.393854 0.396509 0.398205 0.400076 0.401616 0.402081 0.401825 0.401161 0.393652 0.388219 0.384331 0.368066 0.365854 0.359023 0.349268 0.341166 -9999 -9999 -9999 -9999 -9999 -9999 -9999 0.337836 0.334081 0.33026 0.327512 0.327319 0.318667 -9999 -9999 -9999 -9999 -9999 -9999 -9999 -9999 -9999 -9999 -9999 -9999 -9999 -9999 -9999 -9999 -9999 -9999 -9999 0.192969 0.184855 -9999 -9999
-9999 -9999 -9999 -9999 0.352277 0.359604 0.3649 0.371857 0.377028 0.391981 0.395573 0.398716 0.400079 0.399848 0.398578 0.399334 0.396897 0.395819 0.395228 0.398419 0.399655 0.399454 0.399061 0.398848 0.396549 0.397014 0.39253 0.388952 0.383007 0.376665 0.367454 0.35482 0.342257 0.331693 -9999 -9999 -9999 -9999 -9999 -9999 0.338404 0.339637 0.33875 0.329594 0.329506 0.328347 0.321754 0.300172 -9999 -9999 -9999 -9999 -9999 -9999 -9999 -9999 -9999 -9999 -9999 -9999 -9999 -9999 0.224603 0.216889 0.202548 0.194685 0.189435 0.182239 -9999 -9999
-9999 -9999 -9999 -9999 0.349764 0.358106 0.364899 0.371226 0.374924 0.383498 0.394528 0.397097 0.39851 0.399322 0.399698 0.39759 0.396868 0.393222 0.397494 0.397855 0.397503 0.394382 0.393541 0.38779 0.385742 0.382407 0.387908 0.383498 0.374368 0.362839 0.353045 0.346519 0.340506 0.330844 -9999 -9999 -9999 -9999 -9999 -9999 0.337167 0.338811 0.339207 0.335826 0.325976 0.327811 0.311171 0.299771 0.290979 0.286056 0.279281 0.266327 0.258832 0.252453 0.243733 0.239525 -9999 -9999 -9999 -9999 0.222715 0.221642 0.220951 0.217581 0.2025 0.191988 0.18232 0.167856 -9999 -9999
-9999 -9999 -9999 -9999 0.35141 0.358226 0.363577 0.367557 0.37367 0.381967 0.392748 0.393336 0.394628 0.395637 0.396279 0.395831 0.393987 0.394549 0.394549 0.39354 0.386512 0.378366 0.382639 0.381304 0.374961 0.377357 0.382112 0.377105 0.366092 0.353159 0.351936 0.34686 0.339163 0.326946 -9999 -9999 -9999 0.327197 0.331784 0.33042 0.33004 0.333209 0.334387 0.33604 0.333548 0.323846 0.309272 0.297432 0.284635 0.277258 0.275871 0.268584 0.255314 0.248436 0.239393 0.230006 0.226914 0.223764 0.220701 0.217816 0.216083 0.215251 0.214441 0.211566 0.20189 0.194357 0.189297 0.166668 -9999 -9999
-9999 -9999 -9999 -9999 0.349579 0.356202 0.362299 0.366611 0.370648 0.376224 0.38259 0.392269 0.394039 0.392845 0.395377 0.39547 0.395234 0.394492 0.393389 0.38723 0.378837 0.370553 0.367008 0.372073 0.366193 0.363732 0.368421 0.369645 0.359232 0.347615 0.345094 0.344305 0.329989 0.318882 -9999 -9999 0.315205 0.325891 0.332894 0.335549 0.334802 0.3323 0.334619 0.330963 0.332032 0.321166 0.301287 0.294007 0.283038 0.275404 0.262047 0.253422 0.245112 0.239112 0.232579 0.226238 0.222228 0.218248 0.215146 0.212949 0.210768 0.210593 0.210556 0.209123 0.199912 0.195423 0.179963 0.161712 -9999 -9999
-9999 -9999 -9999 -9999 0.348251 0.355274 0.362545 0.367044 0.373154 0.375689 0.380223 0.386098 0.3935 0.392968 0.392416 0.394766 0.394587 0.394133 0.393468 0.387497 0.380731 0.370646 0.364573 0.363551 0.361417 0.349507 0.351542 0.35021 0.348545 0.349042 0.347985 0.34358 0.336183 0.321604 0.314417 -9999 0.315083 0.31938 0.328217 0.335264 0.338738 0.334187 0.337229 0.334168 0.329783 0.320983 0.303993 0.286374 0.27677 0.266399 0.260842 0.253469 0.242535 0.235016 0.227841 0.221638 0.216591 0.212505 0.209549 0.207724 0.206757 0.206549 0.20671 0.206736 0.203068 0.190223 0.180036 0.160988 -9999 -9999
-9999 -9999 -9999 0.332598 0.346649 0.355948 0.362253 0.367901 0.37316 0.377776 0.383784 0.387021 0.389834 0.394084 0.390416 0.390908 0.391514 0.39359 0.39304 0.392187 0.388297 0.375826 0.373534 0.365506 0.357535 0.348873 0.349981 0.356034 0.3551 0.350022 0.34442 0.339142 0.335822 0.327722 0.312074 0.312299 0.317234 0.320656 0.326475 0.335609 0.341097 0.341817 0.339633 0.335707 0.331154 0.314648 0.299314 0.288526 0.276226 0.2655 0.254983 0.24715 0.236055 0.230279 0.2235 0.216672 0.211426 0.207355 0.204563 0.203007 0.202428 0.202546 0.203315 0.204325 0.198148 0.192134 0.176421 0.164159 -9999 -9999
-9999 -9999 -9999 -9999 0.344091 0.350955 0.356216 0.361755 0.368079 0.374383 0.382878 0.386157 0.390228 0.391823 0.390947 0.386828 0.390253 0.391253 0.392229 0.391774 0.390917 0.380236 0.374619 0.370271 0.362496 0.360193 0.362174 0.361713 0.359461 0.349382 0.339376 0.330006 0.318982 0.317706 0.312693 0.313776 0.317 0.326198 0.332282 0.333868 0.334085 0.342195 0.340071 0.33138 0.32696 0.314971 0.301114 0.288092 0.278207 0.266937 0.255831 0.237072 0.231319 0.222155 0.218621 0.212617 0.207191 0.203103 0.200449 0.19899 0.198668 0.199168 0.200324 0.196762 0.19691 0.193123 0.173681 0.163343 -9999 -9999
-9999 -9999 -9999 -9999 -9999 -9999 0.353795 0.360178 0.365744 0.371744 0.382606 0.38711 0.39051 0.392371 0.39188 0.388925 0.387523 0.387736 0.383 0.385292 0.389842 0.389255 0.38835 0.378947 0.369943 0.373623 0.371448 0.363828 0.357755 0.351835 0.340331 0.333781 0.321476 0.312183 0.311413 0.320697 0.328349 0.337875 0.341593 0.337971 0.338921 0.338601 0.339612 0.33621 0.327956 0.315302 0.301479 0.286424 0.279453 0.268313 0.254765 0.241649 0.228495 0.221115 0.213269 0.209744 0.204695 0.200018 0.197365 0.196069 0.195906 0.196634 0.195034 0.195478 0.195864 0.195965 0.176057 0.160038 -9999 -9999
-9999 -9999 -9999 -9999 -9999 -9999 0.349649 0.355497 0.362726 0.373711 0.382615 0.387152 0.389617 0.392132 0.392184 0.389064 0.385374 0.381217 0.375884 0.377717 0.383909 0.387351 0.387293 0.378845 0.378701 0.376124 0.372144 0.36235 0.35506 0.351032 0.340081 0.332611 0.324396 0.313376 0.31774 0.322644 0.32897 0.339574 0.346343 0.347895 0.342659 0.342177 0.343871 0.337304 0.325611 0.316779 0.300924 0.283927 0.278528 0.268458 0.25523 0.24396 0.229472 0.220414 0.213258 0.207382 0.202486 0.198273 0.195441 0.194208 0.194177 0.193819 0.194182 0.194724 0.195148 0.195354 0.182539 0.159074 -9999 -9999
-9999 -9999 -9999 -9999 -9999 -9999 -9999 0.35078 0.361337 0.374519 0.382142 0.385109 0.389502 0.391577 0.391065 0.390127 0.385526 0.378732 0.365924 0.368105 0.373618 0.382024 0.386173 0.384955 0.377818 0.37201 0.359718 0.349005 0.34717 0.345099 0.337107 0.331819 0.322912 0.327755 0.3332 0.339218 0.342359 0.341363 0.347106 0.350818 0.345989 0.346139 0.345569 0.336552 0.32713 0.316743 0.300381 0.288972 0.277581 0.269194 0.254905 0.244758 0.230865 0.220868 0.212936 0.206494 0.201623 0.197523 0.194855 0.193676 0.19326 0.193459 0.19382 0.194265 0.194652 0.194833 0.193694 0.180838 0.172859 -9999
-9999 -9999 -9999 -9999 -9999 -9999 -9999 0.345023 0.352493 0.367215 0.37583 0.3836 0.388619 0.390666 0.388972 0.387689 0.381132 0.378382 0.36627 0.360712 0.36402 0.361465 0.373316 0.383828 0.37676 0.352884 0.343637 0.336942 0.337814 0.337416 0.335074 0.324986 0.321538 0.332181 0.338997 0.34434 0.34835 0.34855 0.347995 0.354525 0.352843 0.351319 0.345204 0.338518 0.32626 0.314408 0.302906 0.28919 0.277192 0.269068 0.253834 0.245642 0.231535 0.220914 0.212352 0.207293 0.202025 0.198104 0.19505 0.193948 0.19356 0.193433 0.193814 0.194167 0.194373 0.194543 0.19437 0.192384 0.185369 0.182297
-9999 -9999 -9999 -9999 -9999 -9999 -9999 -9999 0.342153 0.360769 0.372695 0.379224 0.386644 0.389144 0.388855 0.386615 0.379715 0.373113 0.362217 0.349536 0.343686 0.360673 0.375398 0.382748 0.376816 0.356674 0.348143 0.346928 0.350677 0.346587 0.343631 0.336499 0.333708 0.330022 0.332503 0.339225 0.344096 0.350142 0.353762 0.352491 0.352331 0.34968 0.344206 0.337757 0.329124 0.319504 0.302058 0.293831 0.28029 0.270137 0.258075 0.246393 0.232401 0.220921 0.214363 0.208899 0.203792 0.198154 0.196105 0.194988 0.19452 0.194469 0.194047 0.194238 0.194372 0.194309 0.194125 0.193461 0.192094 0.187393
-9999 -9999 -9999 -9999 -9999 -9999 -9999 -9999 0.334177 0.352445 0.364532 0.376389 0.384765 0.387092 0.388049 0.386369 0.381179 0.372797 0.36528 0.351344 0.336656 0.353751 0.372479 0.380663 0.380377 0.358863 0.362142 0.357706 0.358497 0.351606 0.34876 0.348612 0.34388 0.338855 0.332173 0.326852 0.340912 0.347891 0.35268 0.35351 0.352011 0.348501 0.343627 0.334755 0.320881 0.316408 0.302922 0.291989 0.280718 0.269638 0.258463 0.24753 0.234268 0.225437 0.21628 0.206861 0.202668 0.199746 0.197742 0.196479 0.195801 0.195579 0.195606 0.194643 0.194448 0.194212 0.19384 0.193122 0.192369 0.191299
-9999 -9999 -9999 -9999 -9999 -9999 -9999 -9999 0.312997 0.337521 0.361238 0.372555 0.380219 0.383839 0.385726 0.383241 0.381025 0.374952 0.36874 0.359239 0.345334 0.336065 0.348362 0.367275 0.378747 0.372262 0.370671 0.365674 0.361321 0.360445 0.36055 0.358285 0.349675 0.341893 0.335303 0.33332 0.343731 0.344985 0.34335 0.352305 0.349277 0.34441 0.334808 0.324805 0.318012 0.305334 0.294702 0.281352 0.274377 0.266937 0.257934 0.248158 0.235359 0.219665 0.213444 0.20849 0.204636 0.201675 0.199562 0.198174 0.197321 0.19678 0.196536 0.196513 0.194677 0.194266 0.19357 0.192757 0.191971 0.19094
-9999 -9999 -9999 -9999 -9999 -9999 -9999 -9999 0.314879 0.337749 0.355407 0.364819 0.375386 0.378887 0.382869 0.382828 0.38051 0.375232 0.368312 0.36039 0.348374 0.338952 0.346877 0.358703 0.367069 0.363989 0.368871 0.367743 0.366145 0.362011 0.360955 0.362527 0.358206 0.344715 0.341066 0.33523 0.346454 0.347314 0.34444 0.34786 0.344462 0.331932 0.320242 0.313129 0.310997 0.299045 0.285664 0.27344 0.266614 0.264168 0.243577 0.235384 0.226809 0.220655 0.214746 0.210231 0.206494 0.203591 0.201387 0.199866 0.198833 0.19802 0.197494 0.197104 0.196636 0.194089 0.193392 0.192433 0.191393 0.190426
-9999 -9999 -9999 -9999 -9999 -9999 -9999 -9999 0.310054 0.331051 0.346876 0.360077 0.370987 0.376025 0.379671 0.380164 0.377434 0.374682 0.370147 0.363157 0.357827 0.349311 0.338068 0.353206 0.356526 0.35435 0.350801 0.354401 0.353607 0.351202 0.358091 0.360301 0.352319 0.346572 0.344934 0.341739 0.347725 0.347057 0.345499 0.34294 0.332748 0.318842 0.305936 0.305551 0.297552 0.293602 0.273412 0.261891 0.257791 0.250324 0.239069 0.228464 0.225299 0.219576 0.215206 0.211358 0.208113 0.205167 0.203028 0.201295 0.200011 0.199036 0.19822 0.197544 0.196876 0.196189 0.192944 0.191917 0.190981 0.186964
-9999 -9999 -9999 -9999 -9999 -9999 -9999 -9999 -9999 0.318551 0.335788 0.353007 0.363176 0.369871 0.373458 0.373988 0.372698 0.370773 0.367728 0.362407 0.355716 0.34569 0.337816 0.340437 0.343262 0.336848 0.338755 0.347259 0.349819 0.344833 0.335564 0.334015 0.341875 0.342199 0.341963 0.341427 0.345468 0.343658 0.340229 0.333006 0.314923 0.302084 0.290851 0.285262 0.275259 0.274829 0.260386 0.258512 0.252823 0.245504 0.231218 0.220108 0.219521 0.216738 0.211356 0.208984 0.209148 0.206361 0.204121 0.202253 0.200837 0.199675 0.198662 0.195427 0.19441 0.193428 0.189313 0.188324 0.186857 0.185625
-9999 -9999 -9999 -9999 -9999 -9999 -9999 -9999 -9999 0.311598 0.330386 0.349935 0.357019 0.363847 0.369594 0.370119 0.367986 0.365617 0.362861 0.359524 0.351821 0.344174 0.336754 0.333421 0.333469 0.325402 0.329457 0.340902 0.342578 0.341094 0.322102 0.317798 0.327806 0.336285 0.336907 0.335882 0.325288 0.326249 0.319051 0.309174 0.303754 0.29631 0.284502 0.281935 0.270536 0.265664 0.254294 0.25024 0.244224 0.241049 0.228216 0.216149 0.215785 0.214089 0.209537 0.209348 0.207328 0.204858 0.202594 0.200691 0.199044 0.197667 0.196358 0.195139 0.193977 0.192759 0.191328 0.185653 0.177561 0.176748
-9999 -9999 -9999 -9999 -9999 -9999 -9999 -9999 -9999 0.312081 0.325193 0.342313 0.355123 0.356613 0.362903 0.366144 0.36372 0.360718 0.357392 0.355404 0.347245 0.338256 0.330732 0.322041 0.322235 0.326733 0.32723 0.334302 0.334979 0.332768 0.318499 0.320981 0.327433 0.330702 0.331324 0.329822 0.326665 0.323968 0.318 0.313626 0.304772 0.292107 0.28396 0.280701 0.265615 0.259828 0.256431 0.242081 0.240754 0.236478 0.222633 0.21472 0.21549 0.213728 0.212141 0.209631 0.206849 0.204836 0.202443 0.200447 0.1987 0.197124 0.195728 0.194328 0.193049 0.191195 0.189042 0.181355 0.17408 0.173878
-9999 -9999 -9999 -9999 -9999 -9999 -9999 -9999 -9999 0.312635 0.324142 0.338746 0.347801 0.349762 0.35644 0.362215 0.361456 0.358297 0.356904 0.353268 0.346309 0.338617 0.330252 0.325682 0.316499 0.323772 0.321648 0.327524 0.32993 0.316332 0.312745 0.316624 0.320555 0.321691 0.325584 0.32454 0.321717 0.313425 0.308041 0.306696 0.302016 0.295694 0.285292 0.279992 0.270666 0.263158 0.255423 0.240272 0.23666 0.230377 0.222745 0.218178 0.216226 0.213655 0.211395 0.208168 0.205759 0.204042 0.201681 0.199586 0.197717 0.196094 0.194547 0.19291 0.191446 0.188814 0.185085 0.179073 0.166172 0.17133
-9999 -9999 -9999 -9999 -9999 -9999 -9999 -9999 -9999 0.309362 0.321128 0.333333 0.338547 0.339539 0.351155 0.358145 0.357909 0.356173 0.354071 0.346174 0.345838 0.343562 0.336042 0.325482 0.314003 0.314232 0.313789 0.320011 0.322189 0.304527 0.300342 0.30158 0.307631 0.312918 0.318388 0.318774 0.315302 0.30314 0.28993 0.292265 0.294453 0.290683 0.284848 0.274637 0.267737 0.260631 0.250806 0.234909 0.228793 0.224488 0.21823 0.215221 0.213906 0.212395 0.2071 0.204093 0.203783 0.202619 0.200191 0.198044 0.196194 0.194481 0.192902 0.190954 0.189113 0.186939 0.178898 0.173636 0.166429 0.169363
-9999 -9999 -9999 -9999 -9999 -9999 -9999 -9999 -9999 0.304411 0.312657 0.323965 0.32845 0.3356 0.346331 0.351419 0.353617 0.353089 0.35149 0.347618 0.344978 0.340404 0.332723 0.322497 0.311234 0.30368 0.306513 0.309677 0.302119 0.294196 0.288867 0.292745 0.29904 0.308895 0.313888 0.313229 0.310917 0.306775 0.296433 0.284044 0.280913 0.282148 0.274058 0.264885 0.262607 0.256914 0.247464 0.238885 0.22718 0.22011 0.212983 0.20956 0.208966 0.21079 0.207614 0.203771 0.203173 0.200436 0.197983 0.19589 0.193978 0.192296 0.190777 0.18901 0.186765 0.181097 0.176156 0.169703 0.168361 0.170406
-9999 -9999 -9999 -9999 -9999 -9999 -9999 -9999 -9999 0.296929 0.30624 0.316462 0.325994 0.334972 0.342615 0.342749 0.346503 0.345944 0.347599 0.346345 0.342706 0.338822 0.332195 0.319371 0.30849 0.296696 0.299018 0.304671 0.294617 0.287867 0.27657 0.285481 0.29542 0.304238 0.308248 0.302202 0.304782 0.302291 0.29689 0.288411 0.276385 0.27307 0.262501 0.257937 0.256724 0.25285 0.247 0.239342 0.227601 0.218763 0.20997 0.205517 0.204625 0.205049 0.205745 0.202857 0.200479 0.197617 0.195099 0.192985 0.191118 0.189422 0.18783 0.186159 0.181256 0.175762 0.172212 0.167676 0.166734 0.174153
