Test_Spring_2018b/02_18/Prec/20180211_000.txt
ncols	170
nrows	115
xllcorner	350000.000000
yllcorner	4445000.000000
cellsize	1000.000000
nodata_value	-9999.000000
[rows 31 to 61 of 115, columns 70 to 139 of 170]
0.307307 0.306881 0.310378 0.320264 0.325349 0.319212 0.334017 0.337612 0.3566 0.358819 0.364262 0.366013 0.369568 0.37579 0.37812 0.38962 0.427791 0.41729 0.413777 0.425954 0.421164 0.412673 0.423059 0.450595 0.463092 0.482105 0.481422 0.475115 0.490278 -9999 -9999 -9999 -9999 -9999 -9999 -9999 -9999 -9999 -9999 -9999 -9999 -9999 -9999 -9999 -9999 -9999 -9999 -9999 -9999 -9999 -9999 -9999 -9999 -9999 -9999 -9999 -9999 -9999 -9999 -9999 -9999 -9999 -9999 -9999 -9999 -9999 -9999 -9999 -9999 -9999
0.325927 0.328206 0.333571 0.342717 0.341469 0.340538 0.360231 0.366641 0.374611 0.376109 0.380403 0.388668 0.391819 0.394856 0.39666 0.406412 0.433805 0.458631 0.445795 0.445964 0.455645 0.439854 0.448978 0.471835 0.503734 0.486232 0.490212 0.503868 0.50979 -9999 -9999 -9999 -9999 -9999 -9999 -9999 -9999 -9999 -9999 -9999 -9999 -9999 -9999 -9999 -9999 -9999 -9999 -9999 -9999 -9999 -9999 -9999 -9999 -9999 -9999 -9999 -9999 -9999 -9999 -9999 -9999 -9999 -9999 -9999 -9999 -9999 -9999 -9999 -9999 -9999
0.35403 0.351579 0.358187 0.364451 0.359692 0.364399 0.366028 0.381316 0.393742 0.394354 0.397126 0.401671 0.405509 0.409291 0.417549 0.429035 0.452612 0.480715 0.487035 0.473161 0.472196 0.469508 0.476693 0.485661 0.499961 0.485865 0.479282 0.495791 0.501957 0.524542 -9999 -9999 -9999 -9999 -9999 -9999 -9999 -9999 -9999 -9999 -9999 -9999 -9999 -9999 -9999 -9999 -9999 -9999 -9999 -9999 -9999 -9999 -9999 -9999 -9999 -9999 -9999 -9999 -9999 -9999 -9999 -9999 -9999 -9999 -9999 -9999 -9999 -9999 -9999 -9999
0.385306 0.37727 0.384321 0.39728 0.395757 0.395778 0.387936 0.421971 0.422997 0.414045 0.416651 0.419014 0.425374 0.430516 0.437836 0.449255 0.464847 0.483168 0.514712 0.494162 0.47751 0.47633 0.47526 0.479965 0.492337 0.477186 0.473722 0.491414 0.511907 0.521711 0.524254 -9999 -9999 -9999 -9999 -9999 -9999 -9999 -9999 -9999 -9999 -9999 -9999 -9999 -9999 -9999 -9999 -9999 -9999 -9999 -9999 -9999 -9999 -9999 -9999 -9999 -9999 -9999 -9999 -9999 -9999 -9999 -9999 -9999 -9999 -9999 -9999 -9999 -9999 -9999
-9999 0.405362 0.411591 0.425933 0.423912 0.420351 0.412694 0.421925 0.438385 0.437636 0.436863 0.439802 0.446999 0.463356 0.467022 0.468739 0.479209 0.499984 0.520049 0.523946 0.498236 0.488772 0.486938 0.478074 0.486768 0.476722 0.47497 0.475788 0.507516 0.512072 0.516334 0.528606 -9999 -9999 -9999 -9999 -9999 -9999 -9999 -9999 -9999 -9999 -9999 -9999 -9999 -9999 -9999 -9999 -9999 -9999 -9999 -9999 -9999 -9999 -9999 -9999 -9999 -9999 -9999 -9999 -9999 -9999 -9999 -9999 -9999 -9999 -9999 -9999 -9999 -9999
-9999 -9999 -9999 -9999 0.455257 0.446682 0.459791 0.44624 0.459279 0.457883 0.45682 0.460503 0.473367 0.480931 0.483626 0.491724 0.50394 0.510908 0.522819 0.534304 0.525924 0.501903 0.506257 0.48695 0.482746 0.474547 0.478444 0.502546 0.521932 0.520953 0.523439 0.53198 -9999 -9999 -9999 -9999 -9999 -9999 -9999 -9999 -9999 -9999 -9999 -9999 -9999 -9999 -9999 -9999 -9999 -9999 -9999 -9999 -9999 -9999 -9999 -9999 -9999 -9999 -9999 -9999 -9999 -9999 -9999 -9999 -9999 -9999 -9999 -9999 -9999 -9999
-9999 -9999 -9999 -9999 -9999 0.465814 0.480849 0.471081 0.479618 0.480434 0.477503 0.481733 0.489528 0.496023 0.503087 0.510448 0.520072 0.529308 0.540037 0.538217 0.521193 0.515822 0.51246 0.503697 0.490061 0.484603 0.489049 0.521436 0.52747 0.539913 0.546043 0.539977 0.544093 -9999 -9999 -9999 -9999 -9999 -9999 -9999 -9999 -9999 -9999 -9999 -9999 0.502572 -9999 -9999 -9999 -9999 -9999 -9999 -9999 -9999 -9999 -9999 -9999 -9999 -9999 -9999 -9999 -9999 -9999 -9999 -9999 -9999 0.600714 -9999 -9999 -9999
-9999 -9999 -9999 -9999 0.484357 0.492973 0.489564 0.485291 0.481455 0.500226 0.497172 0.502346 0.510155 0.51785 0.52839 0.53279 0.539035 0.549086 0.549175 0.54126 0.534075 0.525316 0.516361 0.509114 0.503005 0.497515 0.508935 0.511381 0.510467 0.528136 0.525234 0.531466 0.544766 0.554929 -9999 -9999 -9999 -9999 -9999 -9999 -9999 0.510958 0.511934 0.512111 0.508781 0.49854 0.505965 -9999 -9999 -9999 -9999 -9999 -9999 -9999 -9999 -9999 -9999 -9999 -9999 -9999 -9999 -9999 -9999 -9999 -9999 -9999 0.587829 0.606021 -9999 -9999
-9999 -9999 -9999 -9999 0.512669 0.505535 0.50438 0.500734 0.501983 0.515348 0.51863 0.522418 0.529291 0.53846 0.548347 0.551838 0.560412 0.563828 0.564074 0.553931 0.546451 0.540757 0.534374 0.526768 0.52327 0.513276 0.514762 0.51123 0.51314 0.516236 0.518824 0.536741 0.555244 0.570065 -9999 -9999 -9999 -9999 -9999 -9999 0.509953 0.500806 0.495571 0.507723 0.498324 0.489895 0.49214 0.512561 -9999 -9999 -9999 -9999 -9999 -9999 -9999 -9999 -9999 -9999 -9999 -9999 -9999 -9999 0.502801 0.520598 0.553765 0.572701 0.58576 0.602895 -9999 -9999
-9999 -9999 -9999 -9999 0.528901 0.519869 0.516065 0.514824 0.520616 0.541835 0.535881 0.542198 0.550122 0.557956 0.564921 0.575258 0.580092 0.58895 0.577651 0.572791 0.567496 0.566703 0.559499 0.562303 0.556202 0.554382 0.528633 0.525045 0.532239 0.545213 0.556146 0.551212 0.554064 0.566112 -9999 -9999 -9999 -9999 -9999 -9999 0.507482 0.497777 0.489913 0.489212 0.501445 0.485885 0.497233 0.507114 0.509863 0.502968 0.499594 0.489417 0.48828 0.486815 0.491831 0.488356 -9999 -9999 -9999 -9999 0.492274 0.493957 0.496225 0.505516 0.541597 0.567706 0.591819 0.603368 -9999 -9999
-9999 -9999 -9999 -9999 0.534524 0.529394 0.529653 0.534818 0.53664 0.559416 0.554326 0.5705 0.579288 0.58721 0.593985 0.600835 0.608155 0.607324 0.605004 0.602383 0.610967 0.620202 0.600259 0.587825 0.612589 0.571357 0.545257 0.541029 0.550549 0.564922 0.554945 0.546375 0.552035 0.564527 -9999 -9999 -9999 0.537125 0.522103 0.520515 0.516456 0.503767 0.494432 0.485422 0.480998 0.488595 0.497254 0.506955 0.517243 0.514227 0.49707 0.492849 0.483587 0.481736 0.486151 0.486814 0.482659 0.480885 0.481284 0.483635 0.485604 0.487459 0.490777 0.499779 0.530854 0.551632 0.566701 0.608799 -9999 -9999
-9999 -9999 -9999 -9999 0.556742 0.552374 0.55133 0.555675 0.562848 0.567499 0.591889 0.587411 0.596439 0.610431 0.613894 0.620129 0.624083 0.625986 0.625543 0.633457 0.643793 0.651767 0.647524 0.643264 0.64253 0.612542 0.585334 0.559382 0.557508 0.567909 0.559065 0.547631 0.562728 0.577486 -9999 -9999 0.564345 0.535676 0.515853 0.505911 0.503239 0.503657 0.492016 0.492042 0.479542 0.48955 0.510636 0.509542 0.514838 0.510658 0.50663 0.504641 0.484786 0.481382 0.479936 0.480016 0.4772 0.476896 0.47735 0.478478 0.482078 0.483362 0.486044 0.493034 0.518061 0.532717 0.552665 0.606423 -9999 -9999
-9999 -9999 -9999 -9999 0.573944 0.569416 0.566445 0.571512 0.574445 0.581032 0.610044 0.613007 0.612462 0.626121 0.63739 0.639201 0.643289 0.644419 0.642475 0.649077 0.654558 0.665073 0.664793 0.670101 0.659429 0.640462 0.617371 0.602093 0.588134 0.570165 0.549381 0.544827 0.548421 0.566638 0.574113 -9999 0.560415 0.54662 0.523395 0.504339 0.492859 0.498324 0.485317 0.483998 0.481995 0.488285 0.502457 0.510187 0.511305 0.512989 0.503193 0.494215 0.479353 0.476662 0.476993 0.475801 0.474629 0.47421 0.474329 0.474953 0.476477 0.478726 0.482039 0.486947 0.500806 0.518825 0.546353 0.602376 -9999 -9999
-9999 -9999 -9999 0.606632 0.582592 0.573712 0.573835 0.577448 0.583557 0.592214 0.616661 0.623542 0.633228 0.637912 0.656985 0.663523 0.666121 0.661517 0.65888 0.653278 0.651268 0.665801 0.670386 0.663858 0.663942 0.646618 0.623809 0.590323 0.573144 0.566188 0.561627 0.557801 0.544502 0.55131 0.575047 0.567985 0.552114 0.540934 0.52518 0.502182 0.486828 0.480975 0.479875 0.479613 0.478663 0.488956 0.498763 0.502698 0.508354 0.509242 0.508874 0.502255 0.487971 0.475911 0.472488 0.473709 0.472395 0.471656 0.471433 0.471785 0.473043 0.475383 0.478321 0.482106 0.489443 0.508414 0.549772 0.590585 -9999 -9999
-9999 -9999 -9999 -9999 0.592493 0.589738 0.593025 0.597845 0.602649 0.608698 0.627819 0.637832 0.644852 0.65479 0.66836 0.68567 0.682195 0.679948 0.673575 0.666488 0.656858 0.671039 0.667571 0.65946 0.657714 0.625329 0.599011 0.578597 0.562985 0.565962 0.570165 0.574504 0.584282 0.574607 0.571677 0.56143 0.54991 0.526474 0.51082 0.50535 0.502332 0.480365 0.47886 0.480751 0.477348 0.487994 0.49377 0.501458 0.500381 0.501071 0.500564 0.51689 0.489994 0.488611 0.476706 0.469832 0.470175 0.469289 0.468819 0.469258 0.470458 0.472634 0.475519 0.480968 0.487367 0.501981 0.551426 0.588263 -9999 -9999
-9999 -9999 -9999 -9999 -9999 -9999 0.603165 0.606805 0.614063 0.621595 0.635486 0.643371 0.652454 0.662923 0.675819 0.690521 0.697975 0.697463 0.703649 0.687691 0.670469 0.657415 0.642564 0.644772 0.629654 0.598284 0.580042 0.574472 0.566329 0.559063 0.565792 0.563105 0.575306 0.583316 0.574939 0.546723 0.522642 0.499026 0.489232 0.495922 0.491693 0.484305 0.474184 0.471007 0.475606 0.48699 0.492039 0.503248 0.494579 0.493865 0.497691 0.500302 0.489477 0.483321 0.480406 0.470661 0.467699 0.467202 0.466831 0.467161 0.46839 0.470545 0.475158 0.479797 0.485285 0.491655 0.54257 0.592311 -9999 -9999
-9999 -9999 -9999 -9999 -9999 -9999 0.616266 0.621471 0.625364 0.622094 0.640237 0.648215 0.659528 0.668655 0.680433 0.695751 0.708244 0.717482 0.725454 0.713371 0.687939 0.665486 0.648246 0.647734 0.6125 0.594347 0.579388 0.577954 0.571863 0.559775 0.564772 0.56371 0.566535 0.57831 0.558511 0.540256 0.521339 0.494514 0.478275 0.472956 0.481519 0.477279 0.465437 0.468977 0.480772 0.483025 0.492117 0.506954 0.494059 0.490255 0.492693 0.490544 0.482498 0.479714 0.474977 0.470307 0.466927 0.465896 0.465705 0.466074 0.467222 0.469933 0.473706 0.478326 0.483931 0.490266 0.525536 0.592006 -9999 -9999
-9999 -9999 -9999 -9999 -9999 -9999 -9999 0.635038 0.631382 0.623015 0.643724 0.654893 0.661581 0.671398 0.684192 0.694461 0.708924 0.724057 0.74857 0.735702 0.711756 0.678149 0.651408 0.634603 0.614874 0.60372 0.6071 0.607489 0.588999 0.572354 0.570597 0.564548 0.568896 0.545269 0.523142 0.502521 0.490864 0.490514 0.476477 0.466609 0.474222 0.468395 0.461343 0.470027 0.476379 0.481724 0.491669 0.493701 0.493923 0.486151 0.490812 0.486072 0.476775 0.476172 0.473294 0.470044 0.466767 0.465634 0.465323 0.465599 0.467133 0.469495 0.47323 0.478001 0.483616 0.489944 0.499081 0.541816 0.566102 -9999
-9999 -9999 -9999 -9999 -9999 -9999 -9999 0.649857 0.652521 0.640008 0.658056 0.657713 0.662241 0.671432 0.686296 0.695578 0.715977 0.721884 0.744939 0.749393 0.730588 0.72174 0.67809 0.635385 0.615585 0.645133 0.642011 0.633696 0.609406 0.589252 0.575088 0.579967 0.5723 0.535865 0.510782 0.491722 0.478108 0.474301 0.474399 0.458424 0.457893 0.455487 0.460507 0.4637 0.476166 0.484648 0.483713 0.490999 0.492782 0.484726 0.491903 0.483279 0.474808 0.476141 0.4752 0.469334 0.467332 0.466067 0.46597 0.466388 0.467833 0.470541 0.473952 0.478603 0.484281 0.490304 0.496993 0.515303 0.537262 0.549445
-9999 -9999 -9999 -9999 -9999 -9999 -9999 -9999 0.675692 0.653321 0.663432 0.664685 0.662714 0.669865 0.683357 0.694437 0.71288 0.727267 0.747675 0.768516 0.77029 0.718344 0.668928 0.633993 0.611919 0.633961 0.630026 0.610194 0.580144 0.568845 0.556591 0.555353 0.546577 0.542398 0.527115 0.504862 0.486519 0.470843 0.461149 0.462082 0.459374 0.456376 0.459629 0.462083 0.466395 0.470007 0.482597 0.478124 0.484009 0.481274 0.482269 0.48244 0.474282 0.478483 0.473944 0.46974 0.467957 0.467909 0.467565 0.467901 0.469266 0.471774 0.475849 0.480314 0.485583 0.491573 0.497785 0.512917 0.521902 0.537481
-9999 -9999 -9999 -9999 -9999 -9999 -9999 -9999 0.692583 0.669496 0.678665 0.666551 0.674154 0.671743 0.677383 0.686521 0.700693 0.718865 0.731811 0.755805 0.778357 0.726164 0.66893 0.633158 0.614891 0.625208 0.59606 0.584519 0.562081 0.557945 0.546243 0.530107 0.526165 0.525291 0.530586 0.529525 0.49414 0.475782 0.462777 0.458274 0.45784 0.460075 0.457667 0.464192 0.480325 0.472787 0.477019 0.479444 0.481283 0.481804 0.482128 0.482033 0.472968 0.472513 0.474925 0.47153 0.471293 0.470238 0.469826 0.470306 0.471759 0.474109 0.477386 0.480185 0.487648 0.493311 0.499287 0.514268 0.521387 0.528496
-9999 -9999 -9999 -9999 -9999 -9999 -9999 -9999 0.738343 0.699569 0.701385 0.686528 0.670351 0.670755 0.673267 0.683381 0.690358 0.703133 0.713246 0.727729 0.749215 0.757766 0.714028 0.654906 0.61314 0.590557 0.573718 0.564776 0.555063 0.5386 0.521272 0.510726 0.516651 0.52194 0.517721 0.515972 0.488153 0.481827 0.482316 0.458775 0.460938 0.465523 0.478528 0.482048 0.482457 0.492677 0.491222 0.500156 0.493697 0.487547 0.48461 0.483605 0.474298 0.47621 0.475394 0.474897 0.47375 0.473072 0.472931 0.473466 0.474856 0.477278 0.480386 0.483957 0.487049 0.491894 0.501141 0.516055 0.522669 0.529258
-9999 -9999 -9999 -9999 -9999 -9999 -9999 -9999 0.753075 0.740241 0.710842 0.688765 0.673584 0.672942 0.66964 0.673395 0.679993 0.690715 0.702479 0.713842 0.731822 0.74169 0.710773 0.666364 0.63075 0.599849 0.574051 0.557932 0.543417 0.537989 0.523593 0.504836 0.500682 0.506128 0.505884 0.512305 0.481993 0.475703 0.478021 0.465907 0.468044 0.489074 0.506306 0.511129 0.491943 0.50193 0.506617 0.514565 0.509234 0.49354 0.501409 0.499132 0.480977 0.478999 0.479018 0.477773 0.476944 0.476441 0.476531 0.47712 0.478429 0.480781 0.483702 0.487202 0.491448 0.494335 0.499259 0.514534 0.524492 0.530475
-9999 -9999 -9999 -9999 -9999 -9999 -9999 -9999 0.768761 0.753208 0.726516 0.693293 0.675902 0.670501 0.6668 0.668449 0.675339 0.680118 0.686597 0.69626 0.699992 0.708791 0.721863 0.674456 0.647828 0.615676 0.61013 0.583382 0.566951 0.555034 0.531896 0.5121 0.500269 0.502768 0.497826 0.497869 0.478558 0.47482 0.473259 0.473578 0.490077 0.513551 0.533128 0.522844 0.527583 0.508207 0.529036 0.519526 0.508029 0.50396 0.513023 0.51781 0.487982 0.486321 0.483756 0.481847 0.480491 0.480391 0.480363 0.481189 0.482587 0.48464 0.487416 0.490691 0.494499 0.498678 0.501509 0.516809 0.522541 0.527309
-9999 -9999 -9999 -9999 -9999 -9999 -9999 -9999 -9999 0.787995 0.743139 0.710978 0.693674 0.683065 0.678149 0.678622 0.681543 0.684113 0.687313 0.693677 0.701202 0.714356 0.721016 0.70273 0.677693 0.654146 0.632738 0.59658 0.574082 0.569185 0.575277 0.544493 0.515098 0.504244 0.496184 0.490064 0.482413 0.480406 0.482141 0.492026 0.525413 0.536631 0.551288 0.551602 0.560014 0.529402 0.537611 0.523246 0.516952 0.514261 0.527509 0.511476 0.497328 0.490562 0.491244 0.486903 0.48463 0.484459 0.484689 0.485601 0.486869 0.48874 0.491235 0.492621 0.496047 0.49978 0.502164 0.517969 0.52441 0.530327
-9999 -9999 -9999 -9999 -9999 -9999 -9999 -9999 -9999 0.788004 0.751703 0.713032 0.701406 0.689405 0.678717 0.678435 0.682686 0.685928 0.688411 0.690527 0.70074 0.70923 0.715728 0.71176 0.699102 0.674062 0.649305 0.607969 0.588728 0.577137 0.583309 0.579806 0.545773 0.516571 0.506206 0.500572 0.517053 0.508084 0.517302 0.532064 0.53606 0.54347 0.559307 0.553056 0.56507 0.561106 0.545801 0.537736 0.5337 0.523322 0.534881 0.521458 0.50788 0.4997 0.49934 0.490718 0.487684 0.487106 0.487436 0.488207 0.489516 0.491179 0.493494 0.496261 0.49942 0.503106 0.507568 0.512451 0.545317 0.549954
-9999 -9999 -9999 -9999 -9999 -9999 -9999 -9999 -9999 0.785476 0.760598 0.726155 0.700625 0.69954 0.686764 0.679699 0.684069 0.688409 0.692069 0.691299 0.702875 0.714905 0.722351 0.731218 0.719212 0.696761 0.650297 0.61992 0.604008 0.595007 0.589518 0.571222 0.545247 0.527554 0.516835 0.511728 0.510927 0.509402 0.515151 0.51698 0.528158 0.546941 0.554547 0.550042 0.570752 0.569533 0.561952 0.551835 0.538678 0.532142 0.547323 0.523801 0.509836 0.502691 0.496413 0.493502 0.492506 0.491062 0.491666 0.492485 0.493733 0.495463 0.497532 0.500233 0.503175 0.507821 0.51346 0.531713 0.552853 0.555856
-9999 -9999 -9999 -9999 -9999 -9999 -9999 -9999 -9999 0.783557 0.761135 0.731248 0.713111 0.710074 0.695646 0.682273 0.682438 0.686817 0.686037 0.689015 0.698156 0.707704 0.717589 0.717929 0.727645 0.699839 0.659115 0.632364 0.61347 0.605522 0.600125 0.578971 0.558689 0.545619 0.527272 0.520677 0.51857 0.528936 0.532793 0.527344 0.528815 0.533221 0.545855 0.546114 0.554367 0.557604 0.560497 0.551624 0.54472 0.543825 0.543194 0.515515 0.508495 0.503885 0.49969 0.498808 0.497255 0.495284 0.495817 0.496741 0.498055 0.49961 0.501692 0.504576 0.507588 0.513634 0.522483 0.53671 0.56982 0.560675
-9999 -9999 -9999 -9999 -9999 -9999 -9999 -9999 -9999 0.790989 0.767002 0.741548 0.731134 0.729485 0.703344 0.68669 0.685249 0.686153 0.686811 0.699312 0.693804 0.691529 0.699915 0.714119 0.729521 0.718054 0.682982 0.646616 0.628871 0.629008 0.625254 0.610152 0.585126 0.562626 0.540466 0.530284 0.529166 0.547699 0.568585 0.55453 0.540386 0.538959 0.541417 0.552841 0.556031 0.558873 0.567069 0.581707 0.558852 0.554454 0.525522 0.520738 0.512955 0.506524 0.509541 0.508485 0.502451 0.499344 0.500035 0.501002 0.502138 0.50372 0.505671 0.509037 0.512679 0.517507 0.53581 0.548202 0.57785 0.563784
-9999 -9999 -9999 -9999 -9999 -9999 -9999 -9999 -9999 0.802969 0.78601 0.761779 0.752276 0.736221 0.71149 0.698606 0.691347 0.689279 0.688649 0.6921 0.691787 0.694782 0.703744 0.717481 0.732724 0.739 0.721557 0.667387 0.644819 0.64912 0.648061 0.627088 0.601437 0.568549 0.547189 0.539013 0.534944 0.535201 0.549353 0.567932 0.565502 0.552834 0.560388 0.569672 0.562827 0.5629 0.570732 0.576104 0.558684 0.557435 0.534532 0.531194 0.522241 0.508713 0.50727 0.508277 0.503009 0.503477 0.504228 0.505044 0.506257 0.507694 0.509431 0.512316 0.516794 0.529374 0.540712 0.555739 0.559589 0.559734
-9999 -9999 -9999 -9999 -9999 -9999 -9999 -9999 -9999 0.821374 0.801345 0.778908 0.757557 0.736909 0.718628 0.71643 0.705381 0.703137 0.695059 0.692553 0.694419 0.695876 0.702525 0.72214 0.736622 0.752473 0.736273 0.687258 0.658688 0.660291 0.672527 0.640208 0.606252 0.575471 0.556059 0.559652 0.544386 0.540708 0.543621 0.553324 0.570695 0.568199 0.58138 0.580526 0.571521 0.567804 0.5679 0.571542 0.578117 0.556825 0.538031 0.537261 0.529183 0.518939 0.50895 0.507886 0.506626 0.507384 0.50828 0.509144 0.510266 0.511756 0.513696 0.516427 0.526924 0.539208 0.547544 0.558401 0.561469 0.559464
