Test_Spring_2018b/11_17/Prec/20171111_006.txt
ncols	170
nrows	115
xllcorner	350000.000000
yllcorner	4445000.000000
cellsize	1000.000000
nodata_value	-9999.000000
[rows 31 to 61 of 115, columns 70 to 139 of 170]
0.480998 0.501855 0.510596 0.498714 0.501959 0.537538 0.547065 0.548509 0.548852 0.547718 0.533918 0.530186 0.519164 0.498597 0.490341 0.452632 0.329226 0.3647 0.378772 0.343187 0.363565 0.396523 0.368416 0.28437 0.248304 0.190003 0.204141 0.187606 0.140097 -9999 -9999 -9999 -9999 -9999 -9999 -9999 -9999 -9999 -9999 -9999 -9999 -9999 -9999 -9999 -9999 -9999 -9999 -9999 -9999 -9999 -9999 -9999 -9999 -9999 -9999 -9999 -9999 -9999 -9999 -9999 -9999 -9999 -9999 -9999 -9999 -9999 -9999 -9999 -9999 -9999
0.488862 0.498872 0.499338 0.487726 0.509664 0.530094 0.521757 0.520509 0.550088 0.551998 0.543231 0.520118 0.512351 0.504036 0.499149 0.468281 0.38031 0.300957 0.344083 0.345416 0.316134 0.369412 0.341644 0.2688 0.165851 0.222067 0.207588 0.131072 0.111911 -9999 -9999 -9999 -9999 -9999 -9999 -9999 -9999 -9999 -9999 -9999 -9999 -9999 -9999 -9999 -9999 -9999 -9999 -9999 -9999 -9999 -9999 -9999 -9999 -9999 -9999 -9999 -9999 -9999 -9999 -9999 -9999 -9999 -9999 -9999 -9999 -9999 -9999 -9999 -9999 -9999
0.467847 0.491102 0.48537 0.481081 0.512732 0.513741 0.514163 0.531944 0.550054 0.555761 0.553416 0.544233 0.536287 0.527543 0.503419 0.468089 0.392937 0.302581 0.282347 0.327083 0.329437 0.336756 0.311372 0.279426 0.229363 0.270513 0.286519 0.233359 0.170884 0.135552 -9999 -9999 -9999 -9999 -9999 -9999 -9999 -9999 -9999 -9999 -9999 -9999 -9999 -9999 -9999 -9999 -9999 -9999 -9999 -9999 -9999 -9999 -9999 -9999 -9999 -9999 -9999 -9999 -9999 -9999 -9999 -9999 -9999 -9999 -9999 -9999 -9999 -9999 -9999 -9999
0.437899 0.477077 0.467709 0.439739 0.459343 0.474571 0.506147 0.512803 0.518657 0.556565 0.556485 0.556469 0.542577 0.531553 0.51226 0.478365 0.429566 0.37051 0.267178 0.331329 0.381519 0.380303 0.377582 0.355116 0.306915 0.347218 0.349105 0.281598 0.219134 0.177183 0.159329 -9999 -9999 -9999 -9999 -9999 -9999 -9999 -9999 -9999 -9999 -9999 -9999 -9999 -9999 -9999 -9999 -9999 -9999 -9999 -9999 -9999 -9999 -9999 -9999 -9999 -9999 -9999 -9999 -9999 -9999 -9999 -9999 -9999 -9999 -9999 -9999 -9999 -9999 -9999
-9999 0.455868 0.446846 0.412375 0.432085 0.458083 0.498606 0.515807 0.532725 0.545556 0.55848 0.558984 0.544881 0.499875 0.494407 0.493324 0.461676 0.39428 0.326784 0.309362 0.385741 0.407526 0.402948 0.419854 0.378895 0.398074 0.390094 0.366904 0.300041 0.240306 0.214184 0.163319 -9999 -9999 -9999 -9999 -9999 -9999 -9999 -9999 -9999 -9999 -9999 -9999 -9999 -9999 -9999 -9999 -9999 -9999 -9999 -9999 -9999 -9999 -9999 -9999 -9999 -9999 -9999 -9999 -9999 -9999 -9999 -9999 -9999 -9999 -9999 -9999 -9999 -9999
-9999 -9999 -9999 -9999 0.394025 0.43304 0.459901 0.495809 0.528505 0.545319 0.561609 0.562466 0.532861 0.519056 0.519003 0.498821 0.462215 0.439248 0.396795 0.352352 0.369209 0.434091 0.404826 0.450651 0.446463 0.454716 0.42373 0.370041 0.285925 0.242176 0.218826 0.177598 -9999 -9999 -9999 -9999 -9999 -9999 -9999 -9999 -9999 -9999 -9999 -9999 -9999 -9999 -9999 -9999 -9999 -9999 -9999 -9999 -9999 -9999 -9999 -9999 -9999 -9999 -9999 -9999 -9999 -9999 -9999 -9999 -9999 -9999 -9999 -9999 -9999 -9999
-9999 -9999 -9999 -9999 -9999 0.429359 0.450125 0.497687 0.524719 0.536666 0.561868 0.564158 0.554281 0.547048 0.535453 0.519536 0.492238 0.461713 0.421708 0.41788 0.459229 0.459307 0.450103 0.456441 0.477394 0.471399 0.421792 0.34547 0.301581 0.209551 0.171112 0.174531 0.147246 -9999 -9999 -9999 -9999 -9999 -9999 -9999 -9999 -9999 -9999 -9999 -9999 0.227413 -9999 -9999 -9999 -9999 -9999 -9999 -9999 -9999 -9999 -9999 -9999 -9999 -9999 -9999 -9999 -9999 -9999 -9999 -9999 -9999 0 -9999 -9999 -9999
-9999 -9999 -9999 -9999 0.42158 0.453133 0.477687 0.508736 0.513872 0.535159 0.56408 0.566991 0.560835 0.553268 0.533437 0.529327 0.514141 0.480913 0.47406 0.487403 0.493162 0.499609 0.503257 0.498985 0.489683 0.477988 0.451376 0.412671 0.386709 0.300087 0.261466 0.222082 0.162684 0.116179 -9999 -9999 -9999 -9999 -9999 -9999 -9999 0.213077 0.208064 0.205993 0.215604 0.247892 0.223164 -9999 -9999 -9999 -9999 -9999 -9999 -9999 -9999 -9999 -9999 -9999 -9999 -9999 -9999 -9999 -9999 -9999 -9999 -9999 0 0 -9999 -9999
-9999 -9999 -9999 -9999 0.43208 0.464335 0.482077 0.512649 0.531627 0.546211 0.558359 0.569906 0.571022 0.562681 0.548408 0.549811 0.528501 0.516899 0.508268 0.526215 0.529099 0.520775 0.510505 0.501345 0.477315 0.473987 0.470107 0.445349 0.405262 0.36418 0.302046 0.221629 0.14287 0 -9999 -9999 -9999 -9999 -9999 -9999 0.227181 0.254347 0.269152 0.227829 0.256548 0.28228 0.273551 0.241086 -9999 -9999 -9999 -9999 -9999 -9999 -9999 -9999 -9999 -9999 -9999 -9999 -9999 -9999 0.276514 0.227187 0.129096 0 0 0 -9999 -9999
-9999 -9999 -9999 -9999 0.427726 0.465637 0.492615 0.517178 0.524258 0.551583 0.563347 0.571241 0.57359 0.573966 0.572969 0.555063 0.54757 0.518634 0.546268 0.544499 0.536405 0.507217 0.493811 0.444571 0.422383 0.420823 0.460411 0.430054 0.367518 0.289673 0.199333 0.187783 0.157143 0.100702 -9999 -9999 -9999 -9999 -9999 -9999 0.241429 0.270504 0.293814 0.293989 0.252266 0.300637 0.29456 0.260594 0.249495 0.269412 0.277697 0.262354 0.284339 0.290137 0.274871 0.287205 -9999 -9999 -9999 -9999 0.288432 0.288946 0.288919 0.267463 0.160419 0 0 0 -9999 -9999
-9999 -9999 -9999 -9999 0.453059 0.477907 0.492505 0.498276 0.52128 0.546378 0.560735 0.595403 0.595379 0.59592 0.59602 0.589908 0.574789 0.577573 0.576228 0.567104 0.513673 0.451348 0.478273 0.418287 0.343759 0.404781 0.43917 0.404832 0.329153 0.241762 0.216498 0.212874 0.170427 0.141924 -9999 -9999 -9999 0.18541 0.229875 0.232629 0.244717 0.285621 0.316073 0.311063 0.323255 0.319962 0.296048 0.262321 0.226213 0.232794 0.284842 0.294687 0.297099 0.303121 0.288765 0.317312 0.329373 0.334655 0.334264 0.329282 0.327523 0.328218 0.326196 0.307581 0.187035 0.131444 0 0 -9999 -9999
-9999 -9999 -9999 -9999 0.475846 0.49884 0.517882 0.538323 0.545076 0.564562 0.579765 0.593887 0.597047 0.581706 0.595908 0.594448 0.591956 0.586463 0.578397 0.533267 0.471173 0.408982 0.380273 0.398168 0.350896 0.372303 0.407642 0.368907 0.354105 0.276043 0.264692 0.249414 0.170216 0 -9999 -9999 0 0.185955 0.246496 0.277207 0.285901 0.285514 0.324604 0.325788 0.367126 0.356672 0.292276 0.294349 0.234265 0.243916 0.28962 0.290438 0.314176 0.334193 0.335281 0.3315 0.337699 0.336901 0.335319 0.333671 0.326419 0.329191 0.329859 0.318736 0.250927 0.218061 0.182394 0 -9999 -9999
-9999 -9999 -9999 -9999 0.508464 0.535526 0.563461 0.570984 0.590456 0.561827 0.562676 0.588301 0.596506 0.585748 0.577776 0.593179 0.59194 0.58964 0.586032 0.543636 0.494713 0.42079 0.374972 0.352091 0.332648 0.329807 0.349613 0.344616 0.336796 0.344234 0.300843 0.260449 0.216323 0.130715 0 -9999 0.105071 0.143391 0.215661 0.277036 0.315676 0.300448 0.345452 0.352327 0.379321 0.360804 0.319266 0.325228 0.319827 0.309972 0.334838 0.321686 0.329923 0.334251 0.338433 0.33708 0.336361 0.33457 0.333034 0.332392 0.331703 0.331646 0.330992 0.327693 0.297422 0.265868 0.194815 0 -9999 -9999
-9999 -9999 -9999 0.439488 0.506803 0.548838 0.568014 0.581876 0.592997 0.600215 0.609489 0.592312 0.597505 0.594735 0.56408 0.566305 0.571398 0.588403 0.586876 0.582966 0.556365 0.466641 0.439894 0.416715 0.361913 0.336918 0.35111 0.400206 0.397739 0.364323 0.326195 0.277055 0.22564 0.174572 0 0 0.122753 0.152809 0.20166 0.277078 0.329862 0.35305 0.361174 0.380683 0.388709 0.386572 0.361823 0.350527 0.330425 0.322546 0.315678 0.326375 0.331908 0.333533 0.338469 0.336018 0.334167 0.332048 0.330604 0.330248 0.330303 0.3303 0.331647 0.333119 0.333132 0.290674 0.187757 0.102099 -9999 -9999
-9999 -9999 -9999 -9999 0.497182 0.520384 0.530524 0.541842 0.558671 0.575912 0.601436 0.601544 0.610755 0.594862 0.56706 0.535893 0.561813 0.571831 0.582495 0.582859 0.579774 0.520338 0.485981 0.460133 0.408601 0.429373 0.451064 0.453583 0.441569 0.371311 0.300048 0.220545 0.141429 0.131995 0 0 0.120144 0.190122 0.239437 0.259312 0.273718 0.350928 0.372148 0.393264 0.415305 0.389447 0.378937 0.356175 0.357982 0.35021 0.342679 0.277377 0.323482 0.315915 0.341869 0.335623 0.332868 0.329951 0.328363 0.327201 0.327372 0.328284 0.330589 0.332738 0.3393 0.314044 0.176519 0.104497 -9999 -9999
-9999 -9999 -9999 -9999 -9999 -9999 0.519021 0.535134 0.544861 0.558035 0.599117 0.606068 0.608478 0.604026 0.58748 0.549404 0.540511 0.545389 0.515644 0.545282 0.58436 0.58898 0.591016 0.530735 0.499536 0.536572 0.529346 0.480608 0.44088 0.400031 0.316597 0.256433 0.165684 0 0 0.150427 0.199982 0.270637 0.301606 0.283178 0.302971 0.349411 0.396893 0.421817 0.420015 0.393502 0.38647 0.352991 0.379529 0.375866 0.353312 0.331014 0.324554 0.33059 0.325444 0.342934 0.340194 0.328891 0.326186 0.324955 0.325014 0.326371 0.330781 0.334703 0.338856 0.341937 0.201233 0 -9999 -9999
-9999 -9999 -9999 -9999 -9999 -9999 0.49511 0.506615 0.527359 0.575324 0.601011 0.606565 0.600575 0.599373 0.585551 0.554506 0.523607 0.497117 0.465408 0.487485 0.542611 0.578454 0.588793 0.537563 0.571513 0.564836 0.545634 0.48169 0.433076 0.405238 0.324508 0.256424 0.193038 0.107886 0.133469 0.163296 0.204953 0.279609 0.331864 0.354802 0.339185 0.36769 0.422619 0.427647 0.404254 0.408799 0.389592 0.344962 0.385339 0.391365 0.372537 0.364499 0.348447 0.34198 0.341094 0.340544 0.337757 0.330637 0.324314 0.322669 0.32302 0.325915 0.329348 0.334356 0.339298 0.343706 0.254888 0 -9999 -9999
-9999 -9999 -9999 -9999 -9999 -9999 -9999 0.478917 0.523453 0.586742 0.602466 0.595592 0.602415 0.596896 0.578003 0.562021 0.525739 0.479519 0.393602 0.419199 0.470848 0.544402 0.587124 0.590163 0.57483 0.546119 0.46767 0.397529 0.388345 0.374074 0.313656 0.260143 0.189782 0.217382 0.248685 0.284691 0.301777 0.292292 0.336565 0.374611 0.361809 0.396484 0.437075 0.426676 0.422116 0.417667 0.396308 0.393636 0.391621 0.410313 0.383773 0.383353 0.370721 0.356045 0.347944 0.34165 0.337529 0.329973 0.32446 0.322538 0.322405 0.325511 0.329569 0.334713 0.340317 0.345439 0.34196 0.252309 0.200155 -9999
-9999 -9999 -9999 -9999 -9999 -9999 -9999 0.445123 0.467769 0.542417 0.565312 0.592857 0.603666 0.597285 0.56916 0.554568 0.500804 0.483453 0.405452 0.370356 0.407074 0.402571 0.502575 0.592097 0.578842 0.4203 0.364622 0.323928 0.3343 0.331699 0.311381 0.22208 0.189784 0.257849 0.297621 0.327499 0.350014 0.353317 0.350604 0.410578 0.419921 0.443762 0.445625 0.453516 0.429658 0.415531 0.429637 0.410164 0.403184 0.422739 0.387845 0.399684 0.383774 0.362208 0.347192 0.348777 0.34001 0.332506 0.327156 0.324266 0.325129 0.326031 0.331312 0.337019 0.34256 0.348757 0.353224 0.342757 0.297929 0.281605
-9999 -9999 -9999 -9999 -9999 -9999 -9999 -9999 0.403703 0.507564 0.555129 0.574049 0.602354 0.599141 0.589217 0.560446 0.505205 0.459677 0.390273 0.3142 0.269654 0.407498 0.529298 0.596978 0.59356 0.462663 0.412612 0.411837 0.443035 0.413454 0.388248 0.319699 0.291307 0.254762 0.262425 0.307732 0.347985 0.383925 0.412183 0.416506 0.441156 0.45225 0.459438 0.469434 0.471826 0.473402 0.443384 0.462022 0.441789 0.44417 0.429422 0.412885 0.395466 0.364545 0.361149 0.357325 0.347849 0.340649 0.333625 0.331067 0.332181 0.336289 0.334816 0.340824 0.347267 0.353038 0.358441 0.357965 0.354382 0.326283
-9999 -9999 -9999 -9999 -9999 -9999 -9999 -9999 0.359318 0.462351 0.512495 0.571042 0.601055 0.61789 0.606241 0.58168 0.538714 0.479978 0.434545 0.34877 0.262292 0.395323 0.523618 0.597857 0.609177 0.496151 0.531785 0.507786 0.517609 0.467732 0.443277 0.425147 0.382492 0.336137 0.288374 0.266654 0.354455 0.398514 0.43644 0.456938 0.472505 0.485261 0.481712 0.477774 0.441022 0.478122 0.474423 0.470461 0.463322 0.455342 0.443152 0.428034 0.413233 0.397881 0.372467 0.371559 0.361323 0.35151 0.345115 0.342237 0.34293 0.347126 0.353858 0.34966 0.353851 0.359589 0.364573 0.363956 0.365087 0.36325
-9999 -9999 -9999 -9999 -9999 -9999 -9999 -9999 0.221843 0.372442 0.502195 0.558591 0.619117 0.623182 0.619285 0.589466 0.568163 0.525832 0.489158 0.434505 0.352488 0.306957 0.400847 0.558765 0.617226 0.613918 0.614183 0.58611 0.558783 0.552672 0.549925 0.516846 0.46667 0.39727 0.382001 0.351067 0.4147 0.419287 0.412236 0.492553 0.497332 0.499819 0.478088 0.439985 0.453332 0.430821 0.444318 0.418815 0.438499 0.452422 0.451407 0.440145 0.42602 0.414088 0.398022 0.389496 0.377097 0.367048 0.360401 0.357543 0.358172 0.361412 0.367556 0.376129 0.365771 0.37182 0.372584 0.371252 0.372266 0.370588
-9999 -9999 -9999 -9999 -9999 -9999 -9999 -9999 0.24927 0.38114 0.484118 0.563076 0.616542 0.621714 0.634484 0.623315 0.601622 0.564802 0.522199 0.477725 0.407807 0.359411 0.437782 0.522997 0.601803 0.627402 0.624923 0.624784 0.617559 0.618546 0.605642 0.598896 0.557225 0.508651 0.466516 0.410775 0.483174 0.487315 0.473033 0.514167 0.516245 0.462239 0.423485 0.425652 0.445326 0.423684 0.415957 0.390504 0.406408 0.451596 0.434018 0.426267 0.438472 0.42821 0.420191 0.407529 0.395671 0.386288 0.379659 0.376834 0.377332 0.379826 0.385096 0.392013 0.398772 0.382831 0.387245 0.384658 0.379889 0.378407
-9999 -9999 -9999 -9999 -9999 -9999 -9999 -9999 0.273924 0.357478 0.449736 0.562562 0.621269 0.639948 0.65215 0.646089 0.621979 0.603298 0.577152 0.538046 0.514764 0.470911 0.408393 0.536598 0.554927 0.586515 0.611869 0.647809 0.646456 0.62796 0.605279 0.61479 0.621624 0.567738 0.543765 0.510691 0.548367 0.544057 0.541086 0.539696 0.492254 0.426889 0.376906 0.424503 0.422361 0.428284 0.366149 0.420894 0.456526 0.463458 0.419611 0.390436 0.441143 0.441419 0.434372 0.425835 0.417435 0.408108 0.402681 0.399264 0.39897 0.401273 0.405283 0.410762 0.41647 0.421801 0.399696 0.395677 0.395569 0.400343
-9999 -9999 -9999 -9999 -9999 -9999 -9999 -9999 -9999 0.333121 0.478305 0.581968 0.635723 0.666639 0.678504 0.672686 0.658865 0.645967 0.630358 0.603102 0.56978 0.51491 0.476817 0.514473 0.528859 0.529981 0.5575 0.62848 0.651751 0.615711 0.537838 0.602412 0.648649 0.638772 0.625253 0.612082 0.593535 0.583577 0.568767 0.534221 0.429099 0.418431 0.38216 0.39338 0.377592 0.410328 0.386503 0.435041 0.453557 0.456447 0.403943 0.408688 0.452004 0.460513 0.444409 0.445247 0.440796 0.433075 0.427616 0.42404 0.423574 0.425183 0.428222 0.438379 0.443258 0.447905 0.421245 0.415682 0.411669 0.407386
-9999 -9999 -9999 -9999 -9999 -9999 -9999 -9999 -9999 0.358447 0.477314 0.601705 0.636759 0.671864 0.702007 0.698037 0.67913 0.663127 0.648852 0.634432 0.591653 0.551506 0.514046 0.506035 0.521217 0.484849 0.526744 0.618583 0.635823 0.626313 0.57065 0.535444 0.601377 0.655113 0.652449 0.640124 0.562531 0.574231 0.533705 0.481421 0.469306 0.450117 0.406143 0.434754 0.403684 0.422636 0.390183 0.417375 0.428313 0.456532 0.410544 0.408217 0.450889 0.465991 0.455366 0.472093 0.472239 0.466826 0.461579 0.458448 0.457243 0.458368 0.460366 0.463179 0.466173 0.468057 0.467219 0.427063 0.364793 0.362503
-9999 -9999 -9999 -9999 -9999 -9999 -9999 -9999 -9999 0.398215 0.479765 0.590359 0.670475 0.670156 0.706899 0.724555 0.704669 0.684318 0.665299 0.659275 0.611233 0.559029 0.518332 0.469114 0.483256 0.526789 0.550627 0.610417 0.62081 0.607196 0.594853 0.612106 0.656223 0.676521 0.678217 0.66654 0.64631 0.634121 0.603984 0.591757 0.553664 0.494325 0.473433 0.492766 0.430134 0.437297 0.462933 0.403857 0.444102 0.460254 0.40352 0.443594 0.480387 0.49407 0.504655 0.504805 0.500004 0.498617 0.493115 0.489792 0.488049 0.487539 0.488329 0.488885 0.489796 0.485627 0.478028 0.428779 0.363065 0.363892
-9999 -9999 -9999 -9999 -9999 -9999 -9999 -9999 -9999 0.440148 0.513727 0.609752 0.666188 0.672445 0.714647 0.75263 0.745987 0.724853 0.719366 0.70022 0.65912 0.614186 0.565126 0.543561 0.487892 0.55007 0.55326 0.604073 0.627395 0.627627 0.606047 0.6365 0.665982 0.674786 0.704151 0.699503 0.68482 0.634415 0.609744 0.61952 0.61053 0.594881 0.55447 0.555094 0.529783 0.519867 0.509514 0.439308 0.45903 0.457251 0.456587 0.507097 0.522947 0.530232 0.535966 0.531351 0.529901 0.531336 0.526613 0.522845 0.520097 0.518709 0.517438 0.514935 0.512855 0.50123 0.48031 0.441321 0.332388 0.370397
-9999 -9999 -9999 -9999 -9999 -9999 -9999 -9999 -9999 0.455639 0.534584 0.616749 0.648744 0.651053 0.731609 0.78035 0.778723 0.768342 0.757397 0.706388 0.711704 0.704093 0.659115 0.592204 0.518194 0.528094 0.558961 0.595024 0.617134 0.594624 0.570874 0.585012 0.63314 0.675557 0.719901 0.728888 0.712249 0.635766 0.555414 0.591785 0.631416 0.632158 0.621919 0.583481 0.571872 0.560889 0.531528 0.464667 0.449932 0.459831 0.517976 0.528895 0.54867 0.563542 0.547661 0.545291 0.559791 0.565915 0.561144 0.557067 0.554073 0.55115 0.548302 0.541805 0.534955 0.524413 0.469973 0.434175 0.36828 0.383827
-9999 -9999 -9999 -9999 -9999 -9999 -9999 -9999 -9999 0.459861 0.516651 0.595691 0.625659 0.675532 0.752201 0.789105 0.806358 0.805234 0.797718 0.775004 0.762266 0.736322 0.688342 0.622078 0.548119 0.500553 0.52748 0.567589 0.612016 0.573439 0.543376 0.579184 0.632039 0.710703 0.754727 0.759008 0.753112 0.73633 0.677508 0.607071 0.607082 0.642148 0.612988 0.579003 0.597565 0.593501 0.563715 0.541062 0.488922 0.488737 0.528145 0.535362 0.560265 0.599703 0.599928 0.592433 0.605767 0.601222 0.596651 0.592861 0.588777 0.584881 0.580755 0.57342 0.561184 0.522685 0.487984 0.440912 0.429533 0.421572
-9999 -9999 -9999 -9999 -9999 -9999 -9999 -9999 -9999 0.446215 0.513938 0.588375 0.658041 0.724027 0.780788 0.78372 0.813486 0.812686 0.828607 0.824099 0.802902 0.7804 0.738388 0.651697 0.579142 0.499903 0.522692 0.592503 0.619627 0.581516 0.510044 0.584616 0.666522 0.740476 0.780126 0.747851 0.779354 0.775843 0.753331 0.710917 0.645435 0.645783 0.596369 0.593132 0.616656 0.623091 0.616975 0.599017 0.550965 0.528479 0.557378 0.55717 0.580485 0.610754 0.640241 0.640943 0.642535 0.637917 0.633238 0.629072 0.624448 0.618954 0.612219 0.603019 0.568617 0.528273 0.500476 0.464185 0.452785 0.482676
