Test_Spring_2018b/11_17/Prec/20171111_022.txt
ncols	170
nrows	115
xllcorner	350000.000000
yllcorner	4445000.000000
cellsize	1000.000000
nodata_value	-9999.000000
[rows 32 to 63 of 115, columns 72 to 143 of 170]
1.01116 1.00808 1.0176 1.02586 1.01773 1.00876 1.03223 1.02911 1.02151 1.00816 1.00093 0.993761 0.988395 0.973407 0.936655 0.904074 0.920494 0.921146 0.910298 0.932346 0.922671 0.895254 0.855831 0.878817 0.873614 0.817205 0.836846 -9999 -9999 -9999 -9999 -9999 -9999 -9999 -9999 -9999 -9999 -9999 -9999 -9999 -9999 -9999 -9999 -9999 -9999 -9999 -9999 -9999 -9999 -9999 -9999 -9999 -9999 -9999 -9999 -9999 -9999 -9999 -9999 -9999 -9999 -9999 -9999 -9999 -9999 -9999 -9999 -9999 -9999 -9999 -9999 -9999
1.03796 1.0369 1.04959 1.04983 1.04206 1.04205 1.06269 1.06171 1.05753 1.05071 1.0445 1.03818 1.02607 1.00985 0.978295 0.941084 0.93179 0.948323 0.948321 0.950332 0.93942 0.92579 0.904821 0.919524 0.924065 0.903097 0.874494 0.870867 -9999 -9999 -9999 -9999 -9999 -9999 -9999 -9999 -9999 -9999 -9999 -9999 -9999 -9999 -9999 -9999 -9999 -9999 -9999 -9999 -9999 -9999 -9999 -9999 -9999 -9999 -9999 -9999 -9999 -9999 -9999 -9999 -9999 -9999 -9999 -9999 -9999 -9999 -9999 -9999 -9999 -9999 -9999 -9999
1.06433 1.05297 1.06016 1.06553 1.05902 1.08176 1.08123 1.09352 1.09107 1.08886 1.08137 1.07514 1.06575 1.05063 1.02961 1.00444 0.96168 0.984666 1.00191 0.998623 0.994457 0.982224 0.959581 0.971552 0.968208 0.960499 0.918613 0.900348 0.891829 -9999 -9999 -9999 -9999 -9999 -9999 -9999 -9999 -9999 -9999 -9999 -9999 -9999 -9999 -9999 -9999 -9999 -9999 -9999 -9999 -9999 -9999 -9999 -9999 -9999 -9999 -9999 -9999 -9999 -9999 -9999 -9999 -9999 -9999 -9999 -9999 -9999 -9999 -9999 -9999 -9999 -9999 -9999
1.09006 1.07504 1.08139 1.09043 1.09332 1.10723 1.11767 1.12064 1.12414 1.12313 1.11662 1.09803 1.09494 1.09332 1.07925 1.05057 1.02121 1.01091 1.03687 1.04071 1.03361 1.0345 1.01224 1.01341 1.00376 1.01085 0.991102 0.937731 0.924207 0.901505 -9999 -9999 -9999 -9999 -9999 -9999 -9999 -9999 -9999 -9999 -9999 -9999 -9999 -9999 -9999 -9999 -9999 -9999 -9999 -9999 -9999 -9999 -9999 -9999 -9999 -9999 -9999 -9999 -9999 -9999 -9999 -9999 -9999 -9999 -9999 -9999 -9999 -9999 -9999 -9999 -9999 -9999
-9999 -9999 1.09829 1.09857 1.12798 1.12809 1.14646 1.15155 1.15721 1.15737 1.14589 1.14069 1.14067 1.1322 1.11647 1.10511 1.08497 1.06289 1.06384 1.0827 1.06362 1.07345 1.0631 1.05738 1.03611 1.04178 0.998887 0.950154 0.935798 0.915189 -9999 -9999 -9999 -9999 -9999 -9999 -9999 -9999 -9999 -9999 -9999 -9999 -9999 -9999 -9999 -9999 -9999 -9999 -9999 -9999 -9999 -9999 -9999 -9999 -9999 -9999 -9999 -9999 -9999 -9999 -9999 -9999 -9999 -9999 -9999 -9999 -9999 -9999 -9999 -9999 -9999 -9999
-9999 -9999 -9999 1.12622 1.15297 1.16935 1.17454 1.17828 1.18833 1.19017 1.18769 1.1863 1.18281 1.17681 1.16515 1.15076 1.13102 1.12385 1.13287 1.12422 1.11074 1.10247 1.09934 1.08527 1.0733 1.04728 1.01961 0.947912 0.925499 0.92058 0.90466 -9999 -9999 -9999 -9999 -9999 -9999 -9999 -9999 -9999 -9999 -9999 -9999 0.993077 -9999 -9999 -9999 -9999 -9999 -9999 -9999 -9999 -9999 -9999 -9999 -9999 -9999 -9999 -9999 -9999 -9999 -9999 -9999 -9999 1.13845 -9999 -9999 -9999 -9999 -9999 -9999 -9999
-9999 -9999 1.17087 1.18587 1.19134 1.20105 1.18885 1.20656 1.21903 1.22234 1.22268 1.22253 1.21703 1.21664 1.21031 1.19493 1.18777 1.18634 1.1798 1.17165 1.16086 1.14577 1.12791 1.10871 1.11664 1.08777 1.0645 1.01609 0.968091 0.944229 0.913809 0.889865 -9999 -9999 -9999 -9999 -9999 -9999 -9999 0.94148 0.949179 0.959788 0.976668 1.00404 1.01036 -9999 -9999 -9999 -9999 -9999 -9999 -9999 -9999 -9999 -9999 -9999 -9999 -9999 -9999 -9999 -9999 -9999 -9999 -9999 1.17202 1.15408 -9999 -9999 -9999 -9999 -9999 -9999
-9999 -9999 1.21096 1.21684 1.21894 1.22823 1.23513 1.23818 1.24508 1.25311 1.25782 1.25889 1.257 1.25992 1.25192 1.24527 1.23706 1.23649 1.22731 1.21134 1.19264 1.17289 1.1463 1.12734 1.13971 1.11342 1.08174 1.0506 0.989463 0.947158 0.907077 0.874662 -9999 -9999 -9999 -9999 -9999 -9999 0.934187 0.953433 0.969926 0.966365 0.992337 1.01895 1.03364 1.07713 -9999 -9999 -9999 -9999 -9999 -9999 -9999 -9999 -9999 -9999 -9999 -9999 -9999 -9999 1.28475 1.26497 1.22538 1.20424 1.19128 1.1741 -9999 -9999 -9999 -9999 -9999 -9999
-9999 -9999 1.23518 1.24206 1.24702 1.25367 1.25611 1.28054 1.27348 1.2815 1.28832 1.29452 1.29943 1.29606 1.2944 1.28132 1.28716 1.278 1.26305 1.23688 1.21451 1.17619 1.14728 1.15485 1.15049 1.11891 1.07536 1.02681 0.953303 0.935087 0.911749 0.880177 -9999 -9999 -9999 -9999 -9999 -9999 0.932396 0.953181 0.974161 0.988412 0.988422 1.02602 1.07797 1.08765 1.10723 1.13953 1.16733 1.17588 1.20057 1.22542 1.2401 1.26334 -9999 -9999 -9999 -9999 1.31254 1.31417 1.31367 1.30344 1.25885 1.22741 1.19942 1.21301 -9999 -9999 -9999 -9999 -9999 -9999
-9999 -9999 1.26907 1.26951 1.26877 1.26772 1.27663 1.30117 1.29675 1.32414 1.33108 1.33849 1.34499 1.34734 1.34356 1.34354 1.3382 1.32599 1.29267 1.2526 1.24498 1.19068 1.15382 1.16515 1.15559 1.11924 1.06734 1.01195 0.962146 0.944468 0.914138 0.867896 -9999 -9999 -9999 0.869201 0.888346 0.893403 0.904533 0.929459 0.952753 0.989315 1.01251 1.04687 1.07737 1.09011 1.10291 1.13304 1.1811 1.21205 1.22345 1.25099 1.26829 1.29023 1.31215 1.32796 1.33787 1.34229 1.34454 1.34479 1.34166 1.33049 1.2897 1.26383 1.24639 1.22871 -9999 -9999 -9999 -9999 -9999 -9999
-9999 -9999 1.30581 1.30483 1.30536 1.31054 1.31321 1.32406 1.3464 1.34587 1.35566 1.35853 1.37226 1.37792 1.38022 1.37758 1.36967 1.34273 1.30486 1.26316 1.23148 1.23076 1.18715 1.17943 1.16847 1.11416 1.04987 0.996326 0.971185 0.928706 0.885215 0.846226 -9999 -9999 0.827993 0.860841 0.886061 0.902149 0.912252 0.921525 0.949138 0.964646 0.998791 1.02693 1.04198 1.07012 1.11022 1.14478 1.18509 1.21459 1.24629 1.27381 1.29944 1.3202 1.34136 1.35574 1.36551 1.37095 1.37016 1.36987 1.36611 1.35601 1.32286 1.30369 1.29904 1.24223 -9999 -9999 -9999 -9999 -9999 -9999
-9999 -9999 1.34227 1.34253 1.34638 1.34568 1.3532 1.33985 1.35715 1.37504 1.37671 1.38303 1.38966 1.40343 1.40739 1.40673 1.40076 1.37452 1.34089 1.29308 1.25271 1.23233 1.19732 1.14393 1.12299 1.09293 1.06291 1.04043 0.984235 0.93071 0.897481 0.852857 0.825514 -9999 0.821411 0.834846 0.864452 0.892644 0.91484 0.918855 0.949685 0.968639 1.00769 1.02416 1.04997 1.07921 1.10778 1.13599 1.17881 1.23941 1.26866 1.30103 1.32235 1.34607 1.36598 1.38086 1.39091 1.39637 1.39721 1.39438 1.38833 1.37936 1.35904 1.35155 1.31726 1.25645 -9999 -9999 -9999 -9999 -9999 -9999
-9999 1.36027 1.35711 1.36229 1.36204 1.36353 1.3678 1.37421 1.3943 1.39229 1.40463 1.40625 1.40541 1.41533 1.42289 1.43057 1.42572 1.41443 1.38888 1.33365 1.31105 1.24734 1.19308 1.15866 1.13263 1.12101 1.0903 1.04903 1.00791 0.949781 0.896605 0.86234 0.814199 0.808817 0.819735 0.829496 0.849679 0.883426 0.911453 0.931112 0.94821 0.979637 1.0049 1.02936 1.06193 1.08889 1.11438 1.14626 1.17962 1.22032 1.25362 1.31804 1.34969 1.36766 1.38847 1.404 1.41427 1.41942 1.41958 1.41535 1.40837 1.3994 1.39983 1.37427 1.32875 1.28669 -9999 -9999 -9999 -9999 -9999 -9999
-9999 -9999 1.36632 1.36333 1.359 1.35922 1.36573 1.37634 1.40292 1.41137 1.42526 1.42874 1.42371 1.42157 1.43826 1.44387 1.44417 1.43454 1.41782 1.36464 1.32254 1.27999 1.22473 1.20519 1.17963 1.14717 1.11025 1.05211 0.995689 0.924374 0.872318 0.851013 0.807154 0.806428 0.811114 0.836273 0.856482 0.868366 0.881472 0.922799 0.949724 0.978429 1.01008 1.02637 1.06594 1.09057 1.12707 1.16156 1.19737 1.21095 1.26369 1.29985 1.34609 1.39225 1.4083 1.42414 1.43445 1.43886 1.43818 1.43304 1.42491 1.4224 1.41555 1.39605 1.33385 1.29625 -9999 -9999 -9999 -9999 -9999 -9999
-9999 -9999 -9999 -9999 1.36414 1.36605 1.3697 1.37878 1.4114 1.42276 1.43431 1.44401 1.4485 1.44022 1.44384 1.44796 1.43271 1.42786 1.42889 1.40632 1.3774 1.31982 1.27665 1.25537 1.2165 1.16192 1.11216 1.06375 1.00077 0.936101 0.878154 0.831845 0.81324 0.827134 0.836947 0.862174 0.875052 0.87184 0.887161 0.919604 0.954443 0.9843 1.00747 1.02465 1.06663 1.08872 1.13684 1.17498 1.20705 1.23983 1.27463 1.31836 1.35434 1.39447 1.42059 1.44023 1.45013 1.45415 1.45271 1.44676 1.4432 1.43423 1.42473 1.41543 1.35117 1.2967 -9999 -9999 -9999 -9999 -9999 -9999
-9999 -9999 -9999 -9999 1.36245 1.36244 1.37032 1.39299 1.41929 1.42994 1.43809 1.44904 1.45466 1.4518 1.44557 1.43764 1.42098 1.4186 1.42212 1.41148 1.38523 1.33041 1.31162 1.27202 1.22724 1.16545 1.11097 1.06649 1.00344 0.935017 0.887031 0.834147 0.828671 0.828772 0.837515 0.862781 0.883994 0.89722 0.899712 0.923218 0.961155 0.983463 0.998565 1.02858 1.06637 1.0851 1.13985 1.18313 1.2181 1.25802 1.29087 1.33119 1.37023 1.4044 1.43134 1.44916 1.46031 1.46391 1.46214 1.45829 1.45044 1.44124 1.43142 1.42208 1.3778 1.30182 -9999 -9999 -9999 -9999 -9999 -9999
-9999 -9999 -9999 -9999 -9999 1.35749 1.37459 1.403 1.42499 1.43022 1.44287 1.45161 1.4548 1.45757 1.44952 1.43353 1.39586 1.39501 1.39729 1.40158 1.38809 1.35455 1.3161 1.26754 1.19907 1.13443 1.09505 1.05548 1.00003 0.937108 0.886125 0.877472 0.874152 0.876649 0.875717 0.868364 0.886237 0.905472 0.908582 0.934342 0.966451 0.982533 1.00496 1.03145 1.0685 1.10402 1.14244 1.19119 1.22369 1.26725 1.30219 1.33996 1.37677 1.40922 1.43604 1.45393 1.46448 1.46838 1.4668 1.46198 1.45423 1.44494 1.43527 1.42614 1.41543 1.36984 1.34544 -9999 -9999 -9999 -9999 -9999
-9999 -9999 -9999 -9999 -9999 1.34868 1.35698 1.38941 1.41378 1.43172 1.44499 1.45243 1.45109 1.44977 1.43728 1.43265 1.39873 1.37268 1.36943 1.34349 1.35315 1.35429 1.31742 1.21828 1.15927 1.10665 1.07534 1.04072 1.0014 0.924542 0.888865 0.896467 0.896795 0.897159 0.898587 0.896867 0.896099 0.92438 0.934935 0.956021 0.972369 0.99508 1.00932 1.0314 1.08203 1.11042 1.14644 1.19513 1.22399 1.27207 1.3053 1.34014 1.37406 1.40948 1.4344 1.45232 1.46378 1.46711 1.46542 1.46138 1.45446 1.4458 1.43654 1.42826 1.42107 1.40698 1.38573 1.37911 1.38873 -9999 -9999 -9999
-9999 -9999 -9999 -9999 -9999 -9999 1.33482 1.37821 1.41184 1.4253 1.44421 1.45158 1.45141 1.4485 1.43238 1.41602 1.38518 1.346 1.30706 1.33803 1.35737 1.35115 1.31983 1.23287 1.17731 1.14158 1.11958 1.07539 1.03516 0.966974 0.933655 0.900813 0.889159 0.898135 0.906743 0.917068 0.928534 0.934698 0.952923 0.965093 0.982757 1.00537 1.02891 1.05607 1.08853 1.1307 1.16027 1.20098 1.23657 1.27228 1.30339 1.33347 1.37103 1.40357 1.4277 1.44845 1.45749 1.46132 1.4603 1.45531 1.45147 1.44385 1.43588 1.42832 1.42231 1.41279 1.40828 1.39732 1.38517 1.37155 -9999 -9999
-9999 -9999 -9999 -9999 -9999 -9999 1.31943 1.36189 1.39615 1.424 1.45404 1.44722 1.45077 1.44799 1.43544 1.41296 1.39107 1.34806 1.29932 1.3293 1.34503 1.34311 1.3135 1.24194 1.22196 1.17884 1.15011 1.09953 1.06114 1.01355 0.975821 0.94019 0.911418 0.892623 0.919828 0.933693 0.949 0.961251 0.97531 0.99196 0.996327 1.0139 1.02067 1.06031 1.10205 1.13353 1.16642 1.20116 1.23583 1.27015 1.29981 1.33423 1.36153 1.40095 1.42297 1.43771 1.44714 1.4514 1.45114 1.4474 1.4412 1.44731 1.43341 1.42712 1.42208 1.4134 1.41143 1.41123 1.41095 1.39072 1.38243 1.39988
-9999 -9999 -9999 -9999 -9999 -9999 1.26665 1.32725 1.41067 1.43394 1.4341 1.44196 1.44667 1.44004 1.4345 1.41738 1.39833 1.3675 1.32098 1.28404 1.29318 1.32692 1.30804 1.28264 1.25093 1.20835 1.16705 1.13568 1.10772 1.0551 1.02347 0.978362 0.959427 0.936987 0.955374 0.954063 0.951672 0.987137 0.996257 1.00785 1.01328 1.00272 1.02789 1.04386 1.09113 1.11197 1.15315 1.19416 1.2308 1.26416 1.29085 1.334 1.36209 1.3906 1.40968 1.42391 1.43338 1.43834 1.43924 1.43671 1.43212 1.42672 1.43949 1.43625 1.42099 1.41313 1.41195 1.41231 1.41462 1.41531 1.41567 1.42636
-9999 -9999 -9999 -9999 -9999 -9999 1.29938 1.36494 1.40436 1.40215 1.42677 1.43313 1.4424 1.44122 1.4339 1.41774 1.39566 1.36873 1.32743 1.29035 1.29924 1.3005 1.30204 1.29092 1.25074 1.22148 1.19031 1.17787 1.14599 1.10248 1.06637 1.03183 1.00268 0.971474 0.994003 0.992861 0.987605 1.00726 1.01458 1.00286 1.00022 1.01681 1.02777 1.0412 1.08026 1.09849 1.1357 1.18641 1.22271 1.25524 1.28886 1.32019 1.35344 1.37586 1.39403 1.40801 1.41761 1.42336 1.42555 1.42453 1.42172 1.41792 1.41365 1.43375 1.43243 1.42573 1.41154 1.41252 1.41497 1.41819 1.43641 1.45944
-9999 -9999 -9999 -9999 -9999 -9999 1.33841 1.35691 1.39167 1.39704 1.42203 1.4318 1.43888 1.43783 1.42794 1.41769 1.40136 1.37637 1.35384 1.31948 1.27427 1.3011 1.27258 1.26705 1.2688 1.25385 1.22455 1.1896 1.13052 1.11323 1.09819 1.06257 1.04176 1.0204 1.02986 1.02567 1.02481 1.02731 1.0144 0.99717 0.988777 1.02166 1.03785 1.04253 1.05907 1.11354 1.15831 1.19358 1.20473 1.22598 1.27083 1.31059 1.3368 1.3591 1.37744 1.39087 1.40106 1.40737 1.41066 1.41146 1.41039 1.40842 1.40613 1.40422 1.43065 1.42456 1.42544 1.44383 1.44685 1.43335 1.43759 1.45973
-9999 -9999 -9999 -9999 -9999 -9999 -9999 1.37849 1.38506 1.42406 1.44416 1.45566 1.4596 1.45597 1.44799 1.43859 1.42578 1.4056 1.37995 1.34259 1.30865 1.30159 1.2721 1.25664 1.24093 1.24197 1.22459 1.1849 1.1099 1.11428 1.11573 1.098 1.08179 1.06864 1.05527 1.04904 1.04341 1.03246 0.996148 1.00065 0.99681 1.0144 1.02416 1.0355 1.06787 1.11294 1.14835 1.17925 1.18934 1.21112 1.27107 1.30418 1.32515 1.34968 1.36034 1.37384 1.38413 1.39116 1.39577 1.39819 1.39896 1.41106 1.41134 1.41191 1.44499 1.43926 1.43972 1.44135 1.44248 1.44874 1.45303 1.46862
-9999 -9999 -9999 -9999 -9999 -9999 -9999 1.33802 1.38147 1.42781 1.43946 1.45134 1.46109 1.45679 1.44549 1.43372 1.42059 1.40495 1.37546 1.34418 1.31117 1.28714 1.26996 1.23012 1.22184 1.23295 1.21506 1.18763 1.12044 1.0885 1.09893 1.10725 1.09608 1.08379 1.04838 1.0506 1.03464 1.01635 1.01619 1.01558 1.00763 1.03077 1.03297 1.05743 1.06313 1.09767 1.12776 1.16611 1.17615 1.19103 1.25031 1.28379 1.30502 1.33434 1.35402 1.36811 1.37878 1.38692 1.39279 1.3971 1.39992 1.40196 1.40369 1.40524 1.40652 1.44092 1.41469 1.41772 1.42679 1.43588 1.47235 1.46788
-9999 -9999 -9999 -9999 -9999 -9999 -9999 1.35127 1.37956 1.41974 1.4482 1.44502 1.45615 1.45912 1.44626 1.43176 1.41596 1.40313 1.37138 1.33551 1.3017 1.26222 1.24564 1.23898 1.22381 1.22371 1.20452 1.17682 1.12696 1.11668 1.11934 1.11512 1.10612 1.09436 1.08164 1.0744 1.06231 1.05944 1.04853 1.03144 1.03173 1.05019 1.03872 1.05708 1.08498 1.08176 1.12142 1.15286 1.15636 1.19978 1.2411 1.272 1.29985 1.3213 1.33814 1.35346 1.36423 1.37304 1.37994 1.38524 1.38951 1.39274 1.39574 1.39691 1.39734 1.3823 1.40677 1.41172 1.42425 1.43589 1.46162 1.46695
-9999 -9999 -9999 -9999 -9999 -9999 -9999 1.36582 1.3906 1.42446 1.44283 1.44132 1.45359 1.46352 1.45486 1.43915 1.42795 1.40944 1.38016 1.34716 1.3103 1.28216 1.23872 1.24015 1.21701 1.21427 1.20103 1.15305 1.12602 1.12145 1.1187 1.11018 1.11216 1.10315 1.09251 1.07003 1.05984 1.06531 1.06547 1.06511 1.05715 1.06752 1.06987 1.08044 1.09289 1.0828 1.11284 1.13548 1.17623 1.20558 1.23681 1.26347 1.28789 1.30626 1.32362 1.33972 1.35097 1.36027 1.3679 1.37435 1.37958 1.38352 1.38732 1.38745 1.38439 1.37491 1.38691 1.40726 1.42855 1.42925 1.46049 1.46517
-9999 -9999 -9999 -9999 -9999 -9999 -9999 1.37061 1.39725 1.42524 1.43341 1.42964 1.45622 1.46955 1.46203 1.44979 1.43577 1.40419 1.39284 1.37434 1.33906 1.29317 1.2427 1.22382 1.22819 1.20286 1.18939 1.13219 1.10439 1.09335 1.0978 1.10228 1.10988 1.10591 1.09416 1.0611 1.02869 1.04437 1.06344 1.0693 1.07294 1.06757 1.07485 1.08437 1.0885 1.10195 1.09299 1.11894 1.16607 1.19463 1.22592 1.25415 1.2688 1.28703 1.30999 1.32764 1.33901 1.34877 1.35729 1.36448 1.37067 1.3748 1.37853 1.38087 1.36628 1.35955 1.34066 1.40518 1.4213 1.44728 1.46081 1.4657
-9999 -9999 -9999 -9999 -9999 -9999 -9999 1.37181 1.3896 1.41611 1.42311 1.4376 1.46209 1.47014 1.46942 1.46018 1.44692 1.42595 1.40702 1.38091 1.34413 1.29821 1.24751 1.20574 1.1922 1.18335 1.17455 1.11414 1.08331 1.08018 1.08581 1.10386 1.11062 1.10415 1.09607 1.08607 1.06183 1.03528 1.03868 1.05808 1.05432 1.05076 1.06989 1.08198 1.08561 1.09349 1.09042 1.13299 1.15146 1.17754 1.20976 1.24657 1.26655 1.28193 1.30385 1.31704 1.32859 1.33895 1.34789 1.35585 1.36296 1.36833 1.3716 1.3646 1.35937 1.34967 1.35449 1.41245 1.41668 1.45284 1.46095 1.4652
-9999 -9999 -9999 -9999 -9999 -9999 -9999 1.36697 1.38908 1.41371 1.4362 1.4568 1.47314 1.46743 1.47119 1.4616 1.45704 1.44268 1.41985 1.39449 1.35942 1.30479 1.25391 1.19885 1.18278 1.2038 1.14231 1.10582 1.05749 1.06838 1.0842 1.09917 1.10309 1.08123 1.08709 1.08175 1.07148 1.05589 1.03364 1.03968 1.02838 1.03741 1.05894 1.07551 1.08867 1.09839 1.12194 1.131 1.14407 1.16664 1.19752 1.22994 1.26069 1.27864 1.29545 1.30838 1.31995 1.33053 1.33995 1.34827 1.35558 1.36163 1.35769 1.35151 1.35053 1.34652 1.35267 1.37524 1.42067 1.45413 1.4619 1.4666
-9999 -9999 -9999 -9999 -9999 -9999 -9999 -9999 1.40011 1.42609 1.44371 1.44398 1.45795 1.46159 1.4616 1.45356 1.46654 1.45458 1.43389 1.40812 1.37425 1.32656 1.28502 1.22971 1.18173 1.17693 1.11083 1.09624 1.07244 1.06572 1.079 1.09586 1.08644 1.05562 1.05112 1.05066 1.0583 1.05414 1.0228 1.01101 1.00456 1.02526 1.04841 1.06492 1.08066 1.09478 1.14512 1.11332 1.14952 1.1811 1.20329 1.23113 1.25511 1.27261 1.28823 1.30124 1.31305 1.32362 1.33291 1.34162 1.34838 1.35263 1.34797 1.32549 1.33489 1.33968 1.33842 1.36132 1.43797 1.45375 1.4637 1.46866
-9999 -9999 -9999 -9999 -9999 -9999 -9999 -9999 1.40467 1.43612 1.4388 1.43282 1.41469 1.41306 1.44906 1.4479 1.45939 1.46754 1.44956 1.4226 1.38806 1.34921 1.29976 1.23853 1.18301 1.1306 1.14482 1.11582 1.0982 1.0856 1.08497 1.07143 1.03603 1.00487 1.0075 1.00884 1.03198 1.03743 1.03622 1.02179 1.00688 1.00566 1.03362 1.05048 1.06756 1.08488 1.12382 1.1427 1.14909 1.17947 1.20585 1.22794 1.25108 1.26827 1.28295 1.29627 1.30782 1.31817 1.32707 1.33522 1.3393 1.34214 1.32988 1.32109 1.31889 1.31395 1.35364 1.36497 1.40048 1.45415 1.46472 1.47003
