Test_Spring_2018b/11_17/Prec/20171130_021.txt
ncols	170
nrows	115
xllcorner	350000.000000
yllcorner	4445000.000000
cellsize	1000.000000
nodata_value	-9999.000000
[rows 32 to 63 of 115, columns 72 to 143 of 170]
2.42318 2.41797 2.44667 2.47421 2.48484 2.48324 2.52406 2.53078 2.5265 2.50744 2.50318 2.49774 2.49502 2.46555 2.37818 2.29854 2.34039 2.33953 2.30714 2.35633 2.32364 2.24506 2.13564 2.18465 2.16249 2.03943 1.97263 -9999 -9999 -9999 -9999 -9999 -9999 -9999 -9999 -9999 -9999 -9999 -9999 -9999 -9999 -9999 -9999 -9999 -9999 -9999 -9999 -9999 -9999 -9999 -9999 -9999 -9999 -9999 -9999 -9999 -9999 -9999 -9999 -9999 -9999 -9999 -9999 -9999 -9999 -9999 -9999 -9999 -9999 -9999 -9999 -9999
2.40584 2.40817 2.44676 2.45501 2.45359 2.49268 2.52187 2.53234 2.5344 2.52917 2.52463 2.51867 2.49664 2.46265 2.38807 2.29745 2.27605 2.3187 2.31812 2.32163 2.29162 2.25428 2.19813 2.23255 2.24135 2.13991 2.0315 1.9803 -9999 -9999 -9999 -9999 -9999 -9999 -9999 -9999 -9999 -9999 -9999 -9999 -9999 -9999 -9999 -9999 -9999 -9999 -9999 -9999 -9999 -9999 -9999 -9999 -9999 -9999 -9999 -9999 -9999 -9999 -9999 -9999 -9999 -9999 -9999 -9999 -9999 -9999 -9999 -9999 -9999 -9999 -9999 -9999
2.38464 2.36358 2.3904 2.41312 2.43891 2.47778 2.4888 2.53158 2.536 2.54002 2.52959 2.5214 2.50424 2.47172 2.42352 2.36424 2.25985 2.32199 2.36932 2.36443 2.35724 2.32956 2.27548 2.3093 2.30427 2.15327 2.07638 2.02289 1.99379 -9999 -9999 -9999 -9999 -9999 -9999 -9999 -9999 -9999 -9999 -9999 -9999 -9999 -9999 -9999 -9999 -9999 -9999 -9999 -9999 -9999 -9999 -9999 -9999 -9999 -9999 -9999 -9999 -9999 -9999 -9999 -9999 -9999 -9999 -9999 -9999 -9999 -9999 -9999 -9999 -9999 -9999 -9999
2.36011 2.3329 2.36018 2.39402 2.43745 2.45762 2.50166 2.51967 2.53737 2.54215 2.53174 2.48977 2.48659 2.48701 2.45605 2.3885 2.31999 2.30063 2.37415 2.39226 2.38321 2.39488 2.34807 2.3608 2.34596 2.27474 2.1586 2.08753 2.05035 1.98885 -9999 -9999 -9999 -9999 -9999 -9999 -9999 -9999 -9999 -9999 -9999 -9999 -9999 -9999 -9999 -9999 -9999 -9999 -9999 -9999 -9999 -9999 -9999 -9999 -9999 -9999 -9999 -9999 -9999 -9999 -9999 -9999 -9999 -9999 -9999 -9999 -9999 -9999 -9999 -9999 -9999 -9999
-9999 -9999 2.31922 2.36219 2.40155 2.43639 2.49675 2.51922 2.54074 2.54628 2.52076 2.5103 2.51281 2.49436 2.4586 2.43556 2.3921 2.34571 2.35967 2.42072 2.38685 2.42725 2.41701 2.41864 2.38065 2.27717 2.14642 2.09146 2.05715 2.00547 -9999 -9999 -9999 -9999 -9999 -9999 -9999 -9999 -9999 -9999 -9999 -9999 -9999 -9999 -9999 -9999 -9999 -9999 -9999 -9999 -9999 -9999 -9999 -9999 -9999 -9999 -9999 -9999 -9999 -9999 -9999 -9999 -9999 -9999 -9999 -9999 -9999 -9999 -9999 -9999 -9999 -9999
-9999 -9999 -9999 2.35634 2.38992 2.4461 2.49279 2.51105 2.54209 2.54965 2.54437 2.54095 2.53231 2.51842 2.49218 2.46169 2.42069 2.4148 2.45305 2.44909 2.43496 2.43555 2.45005 2.43706 2.34087 2.25375 2.1997 2.06135 2.01197 2.00508 1.96815 -9999 -9999 -9999 -9999 -9999 -9999 -9999 -9999 -9999 -9999 -9999 -9999 1.88449 -9999 -9999 -9999 -9999 -9999 -9999 -9999 -9999 -9999 -9999 -9999 -9999 -9999 -9999 -9999 -9999 -9999 -9999 -9999 -9999 1.14304 -9999 -9999 -9999 -9999 -9999 -9999 -9999
-9999 -9999 2.34107 2.38198 2.41594 2.45642 2.46204 2.51069 2.54623 2.55515 2.55426 2.5511 2.53473 2.53302 2.51914 2.48606 2.47817 2.48929 2.4917 2.49372 2.49197 2.48143 2.46513 2.44585 2.37198 2.32244 2.28578 2.15472 2.10502 2.05551 1.98684 1.93181 -9999 -9999 -9999 -9999 -9999 -9999 -9999 1.9515 1.93055 1.91037 1.89972 1.9097 1.86089 -9999 -9999 -9999 -9999 -9999 -9999 -9999 -9999 -9999 -9999 -9999 -9999 -9999 -9999 -9999 -9999 -9999 -9999 -9999 1.1778 1.11198 -9999 -9999 -9999 -9999 -9999 -9999
-9999 -9999 2.34877 2.39106 2.41911 2.46006 2.48929 2.52352 2.54324 2.56167 2.56885 2.56563 2.5554 2.55966 2.53994 2.5286 2.51888 2.53439 2.53355 2.52031 2.50403 2.48791 2.45615 2.44446 2.39336 2.35695 2.30547 2.2535 2.14842 2.05805 1.97044 1.89908 -9999 -9999 -9999 -9999 -9999 -9999 1.98913 2.00239 2.00083 1.94061 1.94785 1.94972 1.91503 1.78794 -9999 -9999 -9999 -9999 -9999 -9999 -9999 -9999 -9999 -9999 -9999 -9999 -9999 -9999 1.46501 1.40352 1.2919 1.22572 1.17766 1.11531 -9999 -9999 -9999 -9999 -9999 -9999
-9999 -9999 2.34153 2.39039 2.42869 2.46471 2.48316 2.54077 2.55164 2.56743 2.57677 2.58307 2.58678 2.57225 2.56666 2.53812 2.56456 2.56008 2.54782 2.51311 2.49296 2.43595 2.40512 2.35987 2.3867 2.34371 2.26896 2.17959 2.07973 2.02716 1.98811 1.92455 -9999 -9999 -9999 -9999 -9999 -9999 2.01437 2.02957 2.03608 2.01644 1.95192 1.97462 1.87917 1.81221 1.7673 1.75334 1.72842 1.64985 1.61545 1.59689 1.56028 1.55424 -9999 -9999 -9999 -9999 1.49609 1.48715 1.47693 1.444 1.3238 1.23502 1.15151 1.09183 -9999 -9999 -9999 -9999 -9999 -9999
-9999 -9999 2.36403 2.40082 2.42784 2.44627 2.48186 2.53763 2.55301 2.57782 2.58673 2.59507 2.60152 2.60004 2.58761 2.59097 2.58806 2.57531 2.51639 2.44692 2.46531 2.41494 2.33327 2.34833 2.36874 2.32064 2.2318 2.13215 2.0968 2.05498 2.00465 1.94541 -9999 -9999 -9999 1.97585 2.01461 2.00924 2.01021 2.03663 2.04911 2.0443 2.03218 1.98399 1.88895 1.81908 1.74592 1.71537 1.73109 1.70626 1.62284 1.60312 1.56662 1.55021 1.54899 1.54342 1.53391 1.52077 1.51098 1.50302 1.49106 1.46073 1.35138 1.28061 1.22682 1.08187 -9999 -9999 -9999 -9999 -9999 -9999
-9999 -9999 2.36353 2.39853 2.43065 2.46742 2.48777 2.52097 2.56425 2.58237 2.59589 2.58965 2.6113 2.6153 2.61598 2.6112 2.60134 2.55202 2.48354 2.41309 2.37459 2.38355 2.3243 2.30179 2.32203 2.28684 2.22516 2.13489 2.11329 2.08936 1.98204 1.90799 -9999 -9999 1.90452 1.98859 2.04477 2.06824 2.06616 2.05106 2.0713 2.04963 2.0643 2.00845 1.87442 1.83814 1.7558 1.72484 1.69027 1.65599 1.6207 1.5966 1.57782 1.5581 1.55182 1.54136 1.53209 1.52378 1.50993 1.50526 1.49686 1.47448 1.39287 1.34347 1.26313 1.09382 -9999 -9999 -9999 -9999 -9999 -9999
-9999 -9999 2.37872 2.41717 2.45809 2.48001 2.51498 2.52166 2.55123 2.58955 2.60309 2.6028 2.60344 2.62515 2.62761 2.62615 2.62047 2.57324 2.51697 2.43359 2.37664 2.34335 2.31049 2.23426 2.23623 2.21506 2.19318 2.18897 2.14914 2.10042 2.05079 1.94448 1.90015 -9999 1.92077 1.95859 2.02793 2.08299 2.11121 2.081 2.10626 2.08877 2.07536 2.0226 1.9098 1.83224 1.78442 1.7336 1.71977 1.67937 1.62815 1.6058 1.57406 1.5572 1.54496 1.53484 1.52718 1.5215 1.51573 1.50949 1.50067 1.48655 1.44244 1.37306 1.27997 1.10295 -9999 -9999 -9999 -9999 -9999 -9999
-9999 2.29785 2.37456 2.42853 2.46156 2.49099 2.51906 2.54421 2.58374 2.59878 2.61684 2.62055 2.59966 2.60907 2.61836 2.63631 2.63244 2.62302 2.58809 2.48772 2.45046 2.38781 2.31481 2.2451 2.23976 2.27134 2.25393 2.20848 2.16138 2.10564 2.06067 2.00753 1.89594 1.90551 1.94879 1.98013 2.02749 2.09753 2.14023 2.14815 2.13565 2.12118 2.09674 2.01754 1.91939 1.8615 1.79553 1.74356 1.69529 1.66805 1.61634 1.59596 1.57883 1.54985 1.53752 1.52848 1.52251 1.51876 1.51524 1.51028 1.5043 1.49535 1.46576 1.40338 1.26118 1.13262 -9999 -9999 -9999 -9999 -9999 -9999
-9999 -9999 2.36235 2.39792 2.42266 2.45057 2.48566 2.52237 2.57918 2.59742 2.62367 2.63211 2.61135 2.58817 2.61874 2.62981 2.63786 2.6321 2.61977 2.53431 2.48183 2.4364 2.36483 2.34016 2.34075 2.3246 2.29689 2.21431 2.13425 2.04881 1.96779 1.95931 1.91358 1.92482 1.95536 2.02823 2.07734 2.0927 2.09735 2.15898 2.15374 2.11699 2.0988 2.02878 1.9427 1.87 1.82282 1.76819 1.71688 1.61177 1.60049 1.56633 1.57137 1.55129 1.5316 1.52313 1.51854 1.5155 1.51345 1.51048 1.50616 1.48763 1.46573 1.4175 1.25372 1.13766 -9999 -9999 -9999 -9999 -9999 -9999
-9999 -9999 -9999 -9999 2.40919 2.44269 2.47174 2.50566 2.57893 2.60544 2.62631 2.63833 2.6354 2.60892 2.60508 2.61109 2.57852 2.59548 2.62191 2.60943 2.59176 2.5103 2.43573 2.44839 2.4188 2.35047 2.2945 2.24114 2.14915 2.08369 1.99205 1.92417 1.9196 1.98908 2.04229 2.11716 2.14897 2.1267 2.13692 2.15083 2.1683 2.15627 2.11187 2.03858 1.95413 1.868 1.84305 1.79035 1.72222 1.65868 1.59492 1.57411 1.54829 1.55092 1.53853 1.51958 1.51517 1.51329 1.51219 1.51047 1.497 1.48582 1.47016 1.44918 1.28091 1.12274 -9999 -9999 -9999 -9999 -9999 -9999
-9999 -9999 -9999 -9999 2.38261 2.41199 2.45275 2.52233 2.58091 2.60708 2.62062 2.63687 2.63749 2.61702 2.59252 2.56724 2.53102 2.5436 2.58442 2.6021 2.59154 2.51791 2.50783 2.47571 2.43326 2.34913 2.28396 2.24361 2.15462 2.08182 2.01841 1.93658 1.96779 2.00434 2.0524 2.13128 2.18502 2.20192 2.17192 2.17761 2.20135 2.1679 2.10015 2.05603 1.95809 1.85896 1.84622 1.80185 1.73639 1.68637 1.61324 1.58005 1.55891 1.54418 1.53257 1.52093 1.51253 1.51106 1.5109 1.50611 1.49915 1.48865 1.47311 1.45258 1.33517 1.12261 -9999 -9999 -9999 -9999 -9999 -9999
-9999 -9999 -9999 -9999 -9999 2.38088 2.44567 2.53097 2.57999 2.59432 2.62128 2.6338 2.62985 2.62481 2.59483 2.54981 2.45978 2.47553 2.51237 2.56711 2.58823 2.56814 2.50834 2.45367 2.35163 2.2611 2.23532 2.20868 2.14035 2.08257 2.01285 2.04444 2.08211 2.12553 2.14961 2.14515 2.19088 2.22353 2.19648 2.20778 2.21644 2.16667 2.11678 2.0627 1.96196 1.904 1.8483 1.81619 1.74285 1.70046 1.63112 1.5902 1.56244 1.54264 1.53037 1.5189 1.51232 1.51065 1.50897 1.50639 1.49978 1.489 1.4736 1.45321 1.42051 1.28476 1.19786 -9999 -9999 -9999 -9999 -9999
-9999 -9999 -9999 -9999 -9999 2.34224 2.38497 2.48149 2.53771 2.58651 2.61755 2.62934 2.61629 2.60937 2.56393 2.54817 2.46542 2.42143 2.44322 2.4198 2.49803 2.56428 2.50628 2.32195 2.24283 2.18195 2.17598 2.16134 2.13344 2.04016 2.00887 2.08125 2.12764 2.1651 2.19465 2.20032 2.19973 2.25431 2.24841 2.24857 2.21824 2.18657 2.1173 2.05358 1.98838 1.91403 1.85388 1.82325 1.74227 1.71293 1.6408 1.59378 1.55984 1.54852 1.53204 1.52086 1.51266 1.51059 1.50994 1.50407 1.49826 1.48764 1.47184 1.4523 1.42744 1.37087 1.29151 1.24054 1.2228 -9999 -9999 -9999
-9999 -9999 -9999 -9999 -9999 -9999 2.31392 2.439 2.51955 2.55927 2.60739 2.62202 2.61934 2.60371 2.55615 2.51217 2.43807 2.35141 2.29529 2.41447 2.51491 2.5598 2.51159 2.35561 2.28278 2.2624 2.27779 2.23662 2.20417 2.13167 2.10437 2.07213 2.08621 2.13649 2.17553 2.21882 2.24847 2.24683 2.25734 2.24269 2.21791 2.18886 2.14662 2.09962 1.99117 1.95641 1.88456 1.83833 1.77902 1.72279 1.64966 1.59434 1.5728 1.55657 1.53957 1.52147 1.51542 1.51298 1.51182 1.51007 1.4946 1.48394 1.46895 1.44913 1.4256 1.37948 1.34224 1.28052 1.2084 1.12632 -9999 -9999
-9999 -9999 -9999 -9999 -9999 -9999 2.26056 2.38375 2.46618 2.54459 2.59513 2.61399 2.61906 2.60698 2.57128 2.514 2.46404 2.36813 2.26666 2.39182 2.49547 2.5479 2.53724 2.37772 2.39163 2.34897 2.34374 2.28281 2.2514 2.22907 2.18731 2.14482 2.09867 2.06666 2.16439 2.21445 2.25265 2.26639 2.26744 2.25785 2.22928 2.17745 2.09764 2.08802 2.00742 1.9525 1.89615 1.84189 1.78733 1.73451 1.66446 1.6259 1.58315 1.5607 1.53763 1.52707 1.52063 1.51676 1.51411 1.51151 1.50734 1.48833 1.46446 1.44513 1.42205 1.37666 1.34562 1.31175 1.27112 1.17437 1.10383 1.03146
-9999 -9999 -9999 -9999 -9999 -9999 2.11225 2.2816 2.44338 2.51875 2.57612 2.59845 2.60999 2.59168 2.57704 2.53598 2.49505 2.43094 2.33496 2.27195 2.36024 2.49787 2.53078 2.48156 2.46152 2.41595 2.37445 2.35782 2.34832 2.31056 2.25312 2.18818 2.15076 2.12972 2.20131 2.21016 2.20203 2.27468 2.26466 2.24513 2.19466 2.12707 2.10056 2.02047 1.95916 1.88582 1.85931 1.8298 1.78905 1.74243 1.67336 1.62392 1.59345 1.56312 1.54673 1.53476 1.52673 1.52153 1.51756 1.51301 1.5076 1.50068 1.47088 1.45368 1.41798 1.37313 1.34392 1.31225 1.2799 1.23876 1.19338 1.10361
-9999 -9999 -9999 -9999 -9999 -9999 2.12557 2.28873 2.4093 2.47957 2.55097 2.57258 2.5992 2.59833 2.58257 2.54682 2.5003 2.4472 2.36458 2.30028 2.36053 2.44313 2.50279 2.48183 2.45766 2.44128 2.42079 2.40116 2.38216 2.37039 2.32965 2.2464 2.21186 2.16364 2.24169 2.24808 2.2312 2.26379 2.2509 2.17547 2.10926 2.07872 2.06586 2.0032 1.92124 1.83996 1.81306 1.81797 1.74619 1.70559 1.66215 1.63268 1.59361 1.57282 1.55591 1.54326 1.53374 1.5271 1.52172 1.51547 1.50866 1.50004 1.488 1.44897 1.42849 1.38302 1.34117 1.31204 1.2819 1.24989 1.21104 1.15064
-9999 -9999 -9999 -9999 -9999 -9999 2.12681 2.24863 2.35685 2.45609 2.53057 2.56367 2.58799 2.5909 2.57191 2.55406 2.52435 2.47752 2.44289 2.38486 2.30624 2.41724 2.43611 2.42207 2.41899 2.43874 2.42424 2.39593 2.36384 2.37056 2.33106 2.28111 2.26224 2.2341 2.275 2.27086 2.26374 2.25299 2.19055 2.10452 2.02857 2.04558 2.00922 1.98093 1.8472 1.84578 1.83908 1.80629 1.7212 1.66156 1.65606 1.61682 1.59725 1.57987 1.56527 1.55125 1.54141 1.53273 1.52537 1.51811 1.5097 1.49982 1.48742 1.47226 1.42462 1.37941 1.35325 1.32122 1.29219 1.24991 1.2223 1.15786
-9999 -9999 -9999 -9999 -9999 -9999 -9999 2.19788 2.32472 2.44331 2.51151 2.55554 2.57836 2.58058 2.57127 2.55897 2.53995 2.50548 2.4616 2.39352 2.34034 2.36188 2.37916 2.33405 2.34466 2.40078 2.41177 2.36633 2.27741 2.28378 2.32984 2.32185 2.31117 2.30056 2.28548 2.27365 2.25323 2.20861 2.08858 2.05364 1.99187 1.97335 1.92446 1.92305 1.82768 1.83629 1.81617 1.7827 1.69697 1.63567 1.63045 1.62173 1.59246 1.58342 1.57305 1.55924 1.54794 1.53779 1.52924 1.52068 1.51117 1.50238 1.48915 1.47363 1.42054 1.37416 1.34542 1.31684 1.2849 1.26473 1.23923 1.16125
-9999 -9999 -9999 -9999 -9999 -9999 -9999 2.16735 2.29867 2.43567 2.48289 2.52899 2.56826 2.57093 2.55567 2.53999 2.52264 2.5019 2.44996 2.39834 2.34777 2.32574 2.3267 2.26545 2.29202 2.37021 2.37594 2.35729 2.22992 2.19034 2.25418 2.30748 2.30513 2.29282 2.21388 2.22175 2.17409 2.11071 2.08316 2.0442 1.97637 1.97753 1.91616 1.90273 1.80208 1.79298 1.7687 1.76364 1.68705 1.61836 1.61176 1.60993 1.58582 1.59185 1.58333 1.57038 1.55782 1.54677 1.53636 1.52649 1.51548 1.50322 1.48924 1.47254 1.4519 1.3842 1.283 1.2591 1.24892 1.23797 1.19142 1.1656
-9999 -9999 -9999 -9999 -9999 -9999 -9999 2.18304 2.27499 2.39601 2.48611 2.49478 2.5389 2.56185 2.54477 2.52447 2.50267 2.49115 2.43523 2.37319 2.32122 2.2599 2.26166 2.29312 2.2923 2.33949 2.33899 2.3164 2.22682 2.23832 2.27852 2.2962 2.29584 2.2818 2.25803 2.24025 2.20178 2.17792 2.12463 2.04649 2.00337 1.99746 1.90719 1.8849 1.88002 1.75198 1.76005 1.74564 1.66059 1.60367 1.62048 1.61739 1.6141 1.60276 1.58822 1.5781 1.56416 1.55199 1.54045 1.52881 1.51692 1.50324 1.48848 1.46744 1.44207 1.37453 1.26429 1.2461 1.24602 1.24318 1.17776 1.16862
-9999 -9999 -9999 -9999 -9999 -9999 -9999 2.20002 2.28209 2.38655 2.45097 2.46434 2.51229 2.55431 2.54967 2.52831 2.52028 2.49639 2.44856 2.39523 2.33654 2.30454 2.23813 2.28963 2.26988 2.30894 2.3218 2.2394 2.20901 2.23236 2.25618 2.26033 2.28543 2.27627 2.25611 2.1986 2.16459 2.16235 2.13846 2.10495 2.04389 2.02133 1.97077 1.93403 1.89587 1.75834 1.74852 1.71846 1.65934 1.64281 1.63922 1.62974 1.62114 1.60425 1.59207 1.58375 1.56967 1.55638 1.54352 1.53111 1.51775 1.50204 1.48574 1.45904 1.42242 1.36737 1.21529 1.23674 1.25981 1.23343 1.17798 1.16824
-9999 -9999 -9999 -9999 -9999 -9999 -9999 2.19003 2.27575 2.36453 2.4027 2.41042 2.49523 2.54685 2.5465 2.53561 2.52233 2.46723 2.46679 2.45203 2.39883 2.32294 2.23955 2.23995 2.2343 2.27431 2.2862 2.17698 2.14356 2.1493 2.19011 2.22596 2.26405 2.2666 2.24281 2.15794 2.06748 2.0916 2.11668 2.10052 2.07107 2.01133 1.97658 1.94104 1.88616 1.76289 1.71118 1.69457 1.64826 1.6378 1.63839 1.6363 1.60555 1.59011 1.59297 1.58845 1.5736 1.55957 1.5464 1.53282 1.51868 1.5002 1.4807 1.45695 1.38891 1.33925 1.24415 1.23289 1.24336 1.16856 1.18087 1.17229
-9999 -9999 -9999 -9999 -9999 -9999 -9999 2.16857 2.23062 2.31465 2.34917 2.40289 2.48249 2.52124 2.53909 2.53721 2.52751 2.50123 2.4836 2.4516 2.39658 2.32253 2.24027 2.18412 2.20241 2.22026 2.19029 2.12562 2.08497 2.11109 2.15504 2.22538 2.26137 2.25755 2.24306 2.2168 2.14726 2.06455 2.05047 2.06955 2.02254 1.96889 1.96613 1.9394 1.88592 1.83895 1.72041 1.66238 1.62915 1.61537 1.62105 1.6431 1.62777 1.60637 1.6072 1.59127 1.57608 1.56212 1.54803 1.53407 1.51965 1.50172 1.47854 1.42879 1.38257 1.32381 1.30067 1.25207 1.23357 1.18347 1.18212 1.17207
-9999 -9999 -9999 -9999 -9999 -9999 -9999 2.12939 2.20102 2.27901 2.35176 2.42022 2.47873 2.48261 2.51237 2.51057 2.52443 2.5168 2.49144 2.46378 2.41571 2.3222 2.24217 2.15499 2.16948 2.20562 2.15351 2.10324 2.02021 2.08378 2.15527 2.21929 2.24932 2.2075 2.22918 2.21534 2.18168 2.12703 2.04802 2.03331 1.96729 1.94582 1.94957 1.93485 1.90643 1.86533 1.76614 1.67234 1.62785 1.60662 1.61032 1.62254 1.63561 1.6215 1.60974 1.59305 1.57736 1.56299 1.54874 1.53398 1.51817 1.49993 1.45644 1.40686 1.36966 1.32382 1.30275 1.3094 1.24294 1.18672 1.18406 1.17478
-9999 -9999 -9999 -9999 -9999 -9999 -9999 -9999 2.1982 2.278 2.33688 2.35247 2.40401 2.43114 2.45143 2.45424 2.51385 2.51411 2.49655 2.47067 2.42884 2.35648 2.30386 2.21991 2.1574 2.08649 2.07302 2.08217 2.06509 2.08747 2.15574 2.2275 2.22622 2.16374 2.16078 2.16043 2.1728 2.14725 2.04478 1.98411 1.92939 1.93644 1.94313 1.92715 1.90434 1.87366 1.75538 1.64811 1.65834 1.6599 1.64165 1.64249 1.63867 1.62368 1.60902 1.59251 1.57717 1.56224 1.54688 1.53208 1.51361 1.48939 1.44255 1.35001 1.33759 1.31253 1.2712 1.28101 1.16909 1.18481 1.18668 1.17716
-9999 -9999 -9999 -9999 -9999 -9999 -9999 -9999 2.17657 2.26821 2.28716 2.28503 2.2536 2.26628 2.37744 2.39793 2.45478 2.50788 2.49975 2.47406 2.4344 2.38884 2.32095 2.22712 2.15085 2.07641 2.09668 2.13977 2.14379 2.1564 2.19424 2.19322 2.12985 2.0697 2.08723 2.09302 2.14544 2.14412 2.11719 2.04817 1.96984 1.91869 1.93478 1.91678 1.89453 1.86925 1.79746 1.69457 1.67271 1.66965 1.66086 1.64631 1.63989 1.62386 1.6068 1.59111 1.57516 1.55963 1.54309 1.52653 1.5007 1.47207 1.40491 1.34586 1.3026 1.25126 1.3122 1.29048 1.23107 1.18384 1.18569 1.17561
