Test_Spring_2018b/11_17/Prec/20171114_017.txt
ncols	170
nrows	115
xllcorner	350000.000000
yllcorner	4445000.000000
cellsize	1000.000000
nodata_value	-9999.000000
[rows 31 to 61 of 115, columns 70 to 139 of 170]
0 0 0 0 0 0 0 0 0 0 0 0 0 0 0 0 0.102112 0.101006 0.101022 0.10344 0.10358 0.103384 0.106133 0.111592 0.115123 0.119824 0.127307 0.132638 0.137414 -9999 -9999 -9999 -9999 -9999 -9999 -9999 -9999 -9999 -9999 -9999 -9999 -9999 -9999 -9999 -9999 -9999 -9999 -9999 -9999 -9999 -9999 -9999 -9999 -9999 -9999 -9999 -9999 -9999 -9999 -9999 -9999 -9999 -9999 -9999 -9999 -9999 -9999 -9999 -9999 -9999
0 0 0 0 0 0 0 0 0 0 0 0 0 0 0 0 0.100831 0.104878 0.103626 0.104407 0.10674 0.105601 0.108272 0.113148 0.119551 0.119035 0.121797 0.135622 0.140551 -9999 -9999 -9999 -9999 -9999 -9999 -9999 -9999 -9999 -9999 -9999 -9999 -9999 -9999 -9999 -9999 -9999 -9999 -9999 -9999 -9999 -9999 -9999 -9999 -9999 -9999 -9999 -9999 -9999 -9999 -9999 -9999 -9999 -9999 -9999 -9999 -9999 -9999 -9999 -9999 -9999
0 0 0 0 0 0 0 0 0 0 0 0 0 0 0 0 0.101027 0.105589 0.107172 0.106025 0.10694 0.107821 0.110348 0.113354 0.117341 0.117423 0.118748 0.129275 0.138302 0.144891 -9999 -9999 -9999 -9999 -9999 -9999 -9999 -9999 -9999 -9999 -9999 -9999 -9999 -9999 -9999 -9999 -9999 -9999 -9999 -9999 -9999 -9999 -9999 -9999 -9999 -9999 -9999 -9999 -9999 -9999 -9999 -9999 -9999 -9999 -9999 -9999 -9999 -9999 -9999 -9999
0 0 0 0 0 0 0 0 0 0 0 0 0 0 0 0 0 0.103093 0.108379 0.106369 0.105152 0.106405 0.107911 0.110479 0.114363 0.114461 0.116389 0.129181 0.13922 0.143326 0.146265 -9999 -9999 -9999 -9999 -9999 -9999 -9999 -9999 -9999 -9999 -9999 -9999 -9999 -9999 -9999 -9999 -9999 -9999 -9999 -9999 -9999 -9999 -9999 -9999 -9999 -9999 -9999 -9999 -9999 -9999 -9999 -9999 -9999 -9999 -9999 -9999 -9999 -9999 -9999
-9999 0 0 0 0 0 0 0 0 0 0 0 0 0 0 0 0 0.102302 0.105989 0.107609 0.105231 0.105468 0.107071 0.107905 0.11149 0.112555 0.114954 0.120311 0.133337 0.140824 0.144148 0.14844 -9999 -9999 -9999 -9999 -9999 -9999 -9999 -9999 -9999 -9999 -9999 -9999 -9999 -9999 -9999 -9999 -9999 -9999 -9999 -9999 -9999 -9999 -9999 -9999 -9999 -9999 -9999 -9999 -9999 -9999 -9999 -9999 -9999 -9999 -9999 -9999 -9999 -9999
-9999 -9999 -9999 -9999 0 0 0 0 0 0 0 0 0 0 0 0 0 0.100309 0.102868 0.105688 0.105969 0.104314 0.107053 0.106654 0.108668 0.110296 0.113805 0.122734 0.134203 0.141072 0.144339 0.148255 -9999 -9999 -9999 -9999 -9999 -9999 -9999 -9999 -9999 -9999 -9999 -9999 -9999 -9999 -9999 -9999 -9999 -9999 -9999 -9999 -9999 -9999 -9999 -9999 -9999 -9999 -9999 -9999 -9999 -9999 -9999 -9999 -9999 -9999 -9999 -9999 -9999 -9999
-9999 -9999 -9999 -9999 -9999 0 0 0 0 0 0 0 0 0 0 0 0 0 0.101487 0.102495 0.101703 0.102972 0.104883 0.106327 0.10733 0.109717 0.116389 0.124176 0.128574 0.142886 0.146941 0.148967 0.152164 -9999 -9999 -9999 -9999 -9999 -9999 -9999 -9999 -9999 -9999 -9999 -9999 0.160331 -9999 -9999 -9999 -9999 -9999 -9999 -9999 -9999 -9999 -9999 -9999 -9999 -9999 -9999 -9999 -9999 -9999 -9999 -9999 -9999 0.207727 -9999 -9999 -9999
-9999 -9999 -9999 -9999 0 0 0 0 0 0 0 0 0 0 0 0 0 0 0 0 0 0.100716 0.102142 0.104176 0.106673 0.109487 0.117148 0.121512 0.125332 0.136734 0.143489 0.147556 0.152288 0.156199 -9999 -9999 -9999 -9999 -9999 -9999 -9999 0.159049 0.159682 0.160185 0.160187 0.159204 0.16078 -9999 -9999 -9999 -9999 -9999 -9999 -9999 -9999 -9999 -9999 -9999 -9999 -9999 -9999 -9999 -9999 -9999 -9999 -9999 0.203238 0.208071 -9999 -9999
-9999 -9999 -9999 -9999 0 0 0 0 0 0 0 0 0 0 0 0 0 0 0 0 0 0 0.101232 0.103632 0.106968 0.109627 0.116351 0.120365 0.125088 0.129812 0.142349 0.148418 0.154148 0.158909 -9999 -9999 -9999 -9999 -9999 -9999 0.158626 0.157697 0.157293 0.159391 0.158395 0.157563 0.158293 0.167437 -9999 -9999 -9999 -9999 -9999 -9999 -9999 -9999 -9999 -9999 -9999 -9999 -9999 -9999 0.180367 0.184543 0.191233 0.196117 0.200339 0.205268 -9999 -9999
-9999 -9999 -9999 -9999 0 0 0 0 0 0 0 0 0 0 0 0 0 0 0 0 0 0 0.101192 0.105549 0.109021 0.11539 0.116752 0.121334 0.127379 0.134057 0.143451 0.1509 0.154653 0.159215 -9999 -9999 -9999 -9999 -9999 -9999 0.158781 0.1576 0.156649 0.156737 0.158722 0.15674 0.163995 0.165935 0.166802 0.1662 0.166001 0.170592 0.175167 0.174378 0.174432 0.173245 -9999 -9999 -9999 -9999 0.173178 0.174351 0.176031 0.179121 0.186428 0.192586 0.19867 0.204291 -9999 -9999
-9999 -9999 -9999 -9999 0 0 0 0 0 0 0 0 0 0 0 0 0 0 0 0 0 0.100634 0.101347 0.105964 0.113162 0.115676 0.117611 0.122729 0.129722 0.137182 0.143953 0.150882 0.155347 0.160368 -9999 -9999 -9999 0.162751 0.161117 0.161158 0.160665 0.158831 0.15745 0.156371 0.155798 0.159175 0.163461 0.165321 0.167222 0.167121 0.164864 0.164335 0.172722 0.171641 0.17135 0.169655 0.168241 0.16734 0.167023 0.167346 0.168037 0.16917 0.170976 0.174036 0.18188 0.187525 0.192596 0.202579 -9999 -9999
-9999 -9999 -9999 -9999 0 0 0 0 0 0 0 0 0 0 0 0 0 0 0 0 0 0.101324 0.10467 0.107192 0.112325 0.116626 0.118713 0.124587 0.132064 0.139289 0.143341 0.149319 0.158409 0.163667 -9999 -9999 0.167383 0.164034 0.161557 0.160204 0.159701 0.159542 0.157621 0.15742 0.155484 0.158718 0.164462 0.164665 0.166354 0.166034 0.164968 0.164685 0.16612 0.168862 0.16756 0.166439 0.164971 0.164053 0.163553 0.163561 0.164413 0.165462 0.167245 0.170151 0.176101 0.180919 0.187359 0.198448 -9999 -9999
-9999 -9999 -9999 -9999 0 0 0 0 0 0 0 0 0 0 0 0 0 0 0 0 0 0 0.103819 0.108232 0.112398 0.120946 0.124106 0.128436 0.132867 0.136512 0.143082 0.150364 0.155292 0.163714 0.167404 -9999 0.16858 0.167274 0.164146 0.161279 0.159284 0.159625 0.157288 0.156694 0.15764 0.158457 0.162997 0.163948 0.164351 0.164781 0.163462 0.162649 0.16439 0.163033 0.165349 0.163803 0.162331 0.161174 0.160437 0.160233 0.160708 0.161887 0.163822 0.166555 0.17108 0.176925 0.184286 0.196083 -9999 -9999
-9999 -9999 -9999 0 0 0 0 0 0 0 0 0 0 0 0 0 0 0 0 0 0 0 0.100318 0.107057 0.113329 0.120197 0.123967 0.126248 0.130792 0.13659 0.142386 0.150115 0.156554 0.161437 0.169341 0.170268 0.169196 0.168164 0.165956 0.162322 0.159548 0.158032 0.157195 0.157761 0.157289 0.158279 0.16187 0.162636 0.163653 0.163933 0.16394 0.162915 0.164283 0.162032 0.160336 0.161747 0.160037 0.15863 0.157668 0.157293 0.157652 0.158828 0.160756 0.163435 0.167278 0.173272 0.181792 0.191493 -9999 -9999
-9999 -9999 -9999 -9999 0 0 0 0 0 0 0 0 0 0 0 0 0 0 0 0 0 0 0 0.10426 0.110666 0.115756 0.119514 0.124185 0.129461 0.137192 0.144735 0.153977 0.160888 0.164154 0.169459 0.171058 0.170582 0.16769 0.165354 0.164069 0.162875 0.158827 0.158582 0.158061 0.157052 0.158215 0.161043 0.162299 0.162307 0.162531 0.162493 0.164752 0.164011 0.162744 0.159827 0.157812 0.158127 0.15653 0.155386 0.154909 0.155187 0.156315 0.158262 0.161235 0.164524 0.16982 0.18051 0.189893 -9999 -9999
-9999 -9999 -9999 -9999 -9999 -9999 0 0 0 0 0 0 0 0 0 0 0 0 0 0 0 0 0 0.100541 0.107683 0.110838 0.116135 0.123334 0.130081 0.136726 0.145017 0.153516 0.161079 0.167146 0.169863 0.168673 0.168073 0.165082 0.163479 0.163806 0.162276 0.160575 0.158225 0.156977 0.156999 0.158165 0.160739 0.162457 0.161337 0.161337 0.161909 0.162177 0.163541 0.161536 0.159856 0.157125 0.155402 0.154983 0.153747 0.153167 0.153388 0.154482 0.156468 0.159284 0.162838 0.167033 0.178054 0.189476 -9999 -9999
-9999 -9999 -9999 -9999 -9999 -9999 0 0 0 0 0 0 0 0 0 0 0 0 0 0 0 0 0 0.100053 0.104414 0.109674 0.115661 0.123689 0.130974 0.137172 0.145462 0.154375 0.160789 0.16757 0.168771 0.169101 0.168227 0.165377 0.162774 0.161261 0.161668 0.160037 0.157328 0.156945 0.15791 0.157677 0.160731 0.162932 0.161177 0.160716 0.161082 0.160664 0.162307 0.160773 0.158813 0.15679 0.154978 0.153637 0.152861 0.152236 0.1524 0.153446 0.155417 0.158213 0.161784 0.165992 0.174796 0.188716 -9999 -9999
-9999 -9999 -9999 -9999 -9999 -9999 -9999 0 0 0 0 0 0 0 0 0 0 0 0 0 0 0 0 0 0.104594 0.110886 0.119556 0.1279 0.133463 0.139082 0.146484 0.154748 0.161467 0.163219 0.164149 0.164184 0.164383 0.165127 0.162927 0.1608 0.160935 0.159025 0.156952 0.157252 0.157375 0.157535 0.160662 0.160987 0.161103 0.160062 0.160751 0.159972 0.161411 0.160215 0.158548 0.156755 0.154977 0.153633 0.152644 0.152085 0.152258 0.15325 0.155163 0.157921 0.161431 0.165581 0.170567 0.18105 0.188649 -9999
-9999 -9999 -9999 -9999 -9999 -9999 -9999 0.100193 0 0 0 0 0 0 0 0 0 0 0 0 0 0 0 0 0.105159 0.117167 0.124754 0.131711 0.136323 0.141337 0.146867 0.156659 0.161606 0.161488 0.161983 0.162251 0.162187 0.162524 0.162373 0.159162 0.158592 0.157188 0.156859 0.156361 0.157351 0.157945 0.159512 0.160575 0.160904 0.159819 0.16088 0.159564 0.161196 0.160337 0.159015 0.156915 0.155388 0.154082 0.153134 0.15263 0.152651 0.153909 0.155703 0.158344 0.161742 0.165716 0.170217 0.177068 0.184225 0.190067
-9999 -9999 -9999 -9999 -9999 -9999 -9999 -9999 0.10237 0 0 0 0 0 0 0 0 0 0 0.100445 0.10452 0.100983 0 0 0.105644 0.116253 0.123413 0.128411 0.131909 0.137938 0.143502 0.152254 0.156882 0.161298 0.163131 0.163337 0.16241 0.16094 0.15946 0.15879 0.157056 0.157092 0.156566 0.156004 0.155845 0.15575 0.159336 0.158695 0.15961 0.159295 0.159479 0.159461 0.1613 0.160941 0.159201 0.157448 0.156059 0.154898 0.154068 0.153602 0.153632 0.154239 0.156933 0.159414 0.162585 0.166361 0.170586 0.176784 0.181874 0.188027
-9999 -9999 -9999 -9999 -9999 -9999 -9999 -9999 0.105079 0 0 0 0 0 0 0 0 0 0 0.100937 0.10644 0.102349 0.100935 0.101332 0.104971 0.115986 0.119068 0.124829 0.129009 0.135674 0.140947 0.147298 0.152364 0.157057 0.162389 0.164982 0.161659 0.159874 0.158037 0.156742 0.155519 0.154352 0.154727 0.156047 0.157656 0.155995 0.158496 0.158852 0.159185 0.159346 0.159451 0.159427 0.161368 0.160444 0.159831 0.158201 0.15703 0.156039 0.155298 0.154925 0.155003 0.155582 0.156712 0.158487 0.163853 0.167342 0.171271 0.17719 0.181742 0.186418
-9999 -9999 -9999 -9999 -9999 -9999 -9999 -9999 0.112036 0.104863 0 0 0 0 0 0 0 0 0 0 0.104858 0.109106 0.107162 0.103474 0.106306 0.112169 0.116499 0.122111 0.127615 0.132012 0.136012 0.142846 0.149832 0.155131 0.158226 0.160642 0.158414 0.158443 0.158698 0.154853 0.154237 0.153656 0.15414 0.156538 0.155647 0.158639 0.160482 0.161788 0.160932 0.16014 0.159792 0.15967 0.161862 0.16121 0.160288 0.159087 0.158141 0.157336 0.156747 0.156464 0.156578 0.157168 0.158227 0.159748 0.162063 0.164703 0.172118 0.177728 0.18189 0.18618
-9999 -9999 -9999 -9999 -9999 -9999 -9999 -9999 0.11228 0.106351 0.101075 0 0 0 0 0 0 0 0 0.100459 0.105116 0.109365 0.10848 0.107226 0.107253 0.111662 0.117228 0.121235 0.125487 0.131213 0.135332 0.140866 0.145268 0.150592 0.153914 0.157408 0.154814 0.154928 0.155602 0.153622 0.153258 0.155327 0.156698 0.156258 0.156538 0.157285 0.160173 0.163793 0.16311 0.160952 0.161759 0.161531 0.162928 0.162033 0.160952 0.160115 0.159354 0.158706 0.158264 0.158074 0.158223 0.158804 0.159789 0.161203 0.163085 0.165803 0.16863 0.17388 0.182081 0.185941
-9999 -9999 -9999 -9999 -9999 -9999 -9999 -9999 0.112754 0.108589 0.103867 0.101671 0 0 0 0 0 0 0 0.100723 0.103231 0.107137 0.112322 0.109414 0.111342 0.115185 0.119422 0.121747 0.12565 0.130138 0.137579 0.139911 0.143417 0.147595 0.150034 0.152498 0.151474 0.15203 0.152298 0.152329 0.154298 0.157003 0.158998 0.156647 0.156518 0.157783 0.163257 0.161165 0.159558 0.159109 0.163364 0.164179 0.164223 0.162957 0.162066 0.161257 0.160548 0.160079 0.159727 0.15965 0.159855 0.160393 0.161309 0.162594 0.164269 0.166317 0.169366 0.174366 0.177596 0.179149
-9999 -9999 -9999 -9999 -9999 -9999 -9999 -9999 -9999 0.111528 0.108655 0.103345 0.100199 0 0 0 0 0 0 0.101417 0.104382 0.108752 0.112792 0.113828 0.115894 0.12099 0.123288 0.123671 0.126104 0.13102 0.140094 0.14178 0.14186 0.144049 0.146025 0.147635 0.149218 0.150089 0.150975 0.152591 0.157246 0.15767 0.159176 0.158556 0.159132 0.159583 0.163634 0.161555 0.160725 0.160486 0.162594 0.165635 0.162801 0.161542 0.161347 0.160426 0.16171 0.161336 0.161112 0.161114 0.161335 0.161843 0.162671 0.161677 0.163083 0.164827 0.167612 0.172583 0.175676 0.178922
-9999 -9999 -9999 -9999 -9999 -9999 -9999 -9999 -9999 0.116333 0.110594 0.104524 0.102397 0.100295 0 0 0 0.100212 0.10147 0.103116 0.106418 0.109986 0.113794 0.116608 0.118656 0.124845 0.126156 0.125261 0.127624 0.13104 0.141188 0.14506 0.144104 0.143356 0.144791 0.146352 0.150547 0.15054 0.152674 0.155194 0.155828 0.156711 0.158658 0.157349 0.158678 0.157762 0.1646 0.163474 0.162993 0.161652 0.163514 0.167157 0.164389 0.162962 0.162662 0.161178 0.160517 0.160244 0.160156 0.160215 0.160462 0.160904 0.161615 0.162595 0.16386 0.16545 0.16741 0.17079 0.17822 0.180946
-9999 -9999 -9999 -9999 -9999 -9999 -9999 -9999 -9999 0.116385 0.112421 0.10711 0.103142 0.102793 0.100889 0 0.100968 0.10223 0.103731 0.10498 0.108434 0.112402 0.116167 0.120587 0.12242 0.123124 0.126631 0.126859 0.129233 0.132558 0.140821 0.142182 0.142064 0.142716 0.143913 0.145439 0.147109 0.14822 0.149965 0.150785 0.152661 0.155415 0.15641 0.15558 0.158368 0.158023 0.156824 0.165321 0.163543 0.16276 0.165139 0.166912 0.164669 0.163415 0.162294 0.161672 0.161348 0.160995 0.160989 0.161088 0.161345 0.161794 0.162439 0.163347 0.164481 0.166067 0.168012 0.171992 0.178672 0.180851
-9999 -9999 -9999 -9999 -9999 -9999 -9999 -9999 -9999 0.116363 0.112849 0.108308 0.105535 0.105041 0.10304 0.101364 0.101858 0.10322 0.104141 0.105947 0.109016 0.112539 0.116513 0.119507 0.124224 0.12386 0.128079 0.128455 0.130014 0.13806 0.141235 0.14187 0.142303 0.143403 0.143339 0.144555 0.146006 0.148863 0.150424 0.15033 0.150977 0.151847 0.153764 0.153811 0.154974 0.155417 0.155845 0.165099 0.164234 0.164263 0.16408 0.165631 0.164398 0.163523 0.162721 0.162415 0.162037 0.161634 0.161643 0.161773 0.162044 0.162455 0.163066 0.163936 0.164983 0.166638 0.168875 0.172064 0.180325 0.180466
-9999 -9999 -9999 -9999 -9999 -9999 -9999 -9999 -9999 0.117504 0.113828 0.110002 0.10843 0.108231 0.104638 0.102586 0.102936 0.103868 0.105044 0.10824 0.109177 0.110936 0.114594 0.119446 0.124803 0.126577 0.129036 0.130243 0.131674 0.140762 0.143908 0.145173 0.144711 0.144279 0.143538 0.144157 0.145723 0.149781 0.153865 0.152634 0.15116 0.151338 0.151941 0.153748 0.154318 0.154821 0.156105 0.162521 0.166088 0.165605 0.167154 0.166232 0.164889 0.163754 0.163997 0.163673 0.162658 0.162102 0.16214 0.162278 0.162516 0.162908 0.163459 0.164333 0.16538 0.166738 0.170183 0.172917 0.179293 0.179717
-9999 -9999 -9999 -9999 -9999 -9999 -9999 -9999 -9999 0.119102 0.116468 0.112855 0.111457 0.109231 0.105898 0.104448 0.104014 0.104566 0.105593 0.107504 0.109188 0.111681 0.115369 0.120072 0.125296 0.129492 0.130482 0.132909 0.13608 0.143068 0.146421 0.146672 0.145972 0.14392 0.143202 0.144053 0.14517 0.146605 0.149763 0.153313 0.153623 0.152287 0.153738 0.155345 0.154568 0.154757 0.156057 0.157009 0.165882 0.165628 0.168244 0.167523 0.166003 0.163835 0.163428 0.163395 0.162485 0.162438 0.162477 0.162582 0.162811 0.163153 0.163629 0.164372 0.165455 0.16782 0.170123 0.173069 0.174506 0.177835
-9999 -9999 -9999 -9999 -9999 -9999 -9999 -9999 -9999 0.121419 0.118334 0.114975 0.111869 0.108988 0.106598 0.106709 0.105754 0.106308 0.106288 0.107364 0.109381 0.11166 0.11501 0.120542 0.125621 0.131147 0.132246 0.132636 0.140373 0.144184 0.14936 0.147884 0.145903 0.144084 0.143591 0.146104 0.14559 0.146463 0.148025 0.150338 0.153561 0.153758 0.15609 0.156305 0.15528 0.154978 0.155206 0.15594 0.161537 0.165367 0.168484 0.16812 0.16671 0.164999 0.163339 0.162988 0.162637 0.162612 0.162652 0.16274 0.16293 0.163244 0.163704 0.164367 0.166241 0.168468 0.170217 0.172414 0.173564 0.175201
