Test_Spring_2018b/11_17/Prec/20171108_000.txt
ncols	170
nrows	115
xllcorner	350000.000000
yllcorner	4445000.000000
cellsize	1000.000000
nodata_value	-9999.000000
[rows 32 to 63 of 115, columns 72 to 143 of 170]
1.49248 1.4545 1.50993 1.56073 1.46115 1.42167 1.49139 1.49027 1.4594 1.38859 1.36085 1.33177 1.31245 1.22065 0.969329 0.742053 0.856927 0.854723 0.766555 0.908602 0.823539 0.611849 0.315374 0.463128 0.412825 0.159423 0 -9999 -9999 -9999 -9999 -9999 -9999 -9999 -9999 -9999 -9999 -9999 -9999 -9999 -9999 -9999 -9999 -9999 -9999 -9999 -9999 -9999 -9999 -9999 -9999 -9999 -9999 -9999 -9999 -9999 -9999 -9999 -9999 -9999 -9999 -9999 -9999 -9999 -9999 -9999 -9999 -9999 -9999 -9999 -9999 -9999
1.46554 1.44749 1.52966 1.52593 1.50345 1.46102 1.49931 1.50899 1.4963 1.46467 1.43664 1.40652 1.33349 1.22915 1.01343 0.755019 0.692265 0.810653 0.810048 0.822682 0.743217 0.644685 0.494816 0.599227 0.632852 0.465338 0.240612 0.11919 -9999 -9999 -9999 -9999 -9999 -9999 -9999 -9999 -9999 -9999 -9999 -9999 -9999 -9999 -9999 -9999 -9999 -9999 -9999 -9999 -9999 -9999 -9999 -9999 -9999 -9999 -9999 -9999 -9999 -9999 -9999 -9999 -9999 -9999 -9999 -9999 -9999 -9999 -9999 -9999 -9999 -9999 -9999 -9999
1.42795 1.34323 1.39132 1.42705 1.45757 1.40995 1.42001 1.51983 1.51369 1.50792 1.46354 1.42726 1.36787 1.26755 1.12534 0.954097 0.658612 0.83058 0.962808 0.950572 0.93329 0.85998 0.713942 0.814534 0.807185 0.5812 0.358872 0.229411 0.167804 -9999 -9999 -9999 -9999 -9999 -9999 -9999 -9999 -9999 -9999 -9999 -9999 -9999 -9999 -9999 -9999 -9999 -9999 -9999 -9999 -9999 -9999 -9999 -9999 -9999 -9999 -9999 -9999 -9999 -9999 -9999 -9999 -9999 -9999 -9999 -9999 -9999 -9999 -9999 -9999 -9999 -9999 -9999
1.38088 1.27753 1.32551 1.39102 1.45971 1.48221 1.46809 1.49794 1.52835 1.52433 1.47967 1.34872 1.3282 1.31972 1.22541 1.03065 0.834896 0.778247 0.982811 1.03379 1.01007 1.04538 0.918023 0.957898 0.92119 0.822993 0.605406 0.399386 0.312843 0.157906 -9999 -9999 -9999 -9999 -9999 -9999 -9999 -9999 -9999 -9999 -9999 -9999 -9999 -9999 -9999 -9999 -9999 -9999 -9999 -9999 -9999 -9999 -9999 -9999 -9999 -9999 -9999 -9999 -9999 -9999 -9999 -9999 -9999 -9999 -9999 -9999 -9999 -9999 -9999 -9999 -9999 -9999
-9999 -9999 1.22885 1.29406 1.35953 1.43503 1.46522 1.5063 1.54635 1.54365 1.45607 1.41273 1.40772 1.34613 1.23808 1.16739 1.0413 0.90855 0.945917 1.11624 1.02218 1.13674 1.11039 1.1178 1.01474 0.819305 0.561754 0.397867 0.316953 0.186937 -9999 -9999 -9999 -9999 -9999 -9999 -9999 -9999 -9999 -9999 -9999 -9999 -9999 -9999 -9999 -9999 -9999 -9999 -9999 -9999 -9999 -9999 -9999 -9999 -9999 -9999 -9999 -9999 -9999 -9999 -9999 -9999 -9999 -9999 -9999 -9999 -9999 -9999 -9999 -9999 -9999 -9999
-9999 -9999 -9999 1.292 1.34046 1.46354 1.46356 1.49113 1.55636 1.55808 1.52615 1.50173 1.46499 1.41575 1.33399 1.24224 1.12277 1.10302 1.20801 1.19608 1.15664 1.15913 1.20108 1.16649 0.990754 0.748368 0.605237 0.299625 0.174118 0.166594 0 -9999 -9999 -9999 -9999 -9999 -9999 -9999 -9999 -9999 -9999 -9999 -9999 0.230593 -9999 -9999 -9999 -9999 -9999 -9999 -9999 -9999 -9999 -9999 -9999 -9999 -9999 -9999 -9999 -9999 -9999 -9999 -9999 -9999 0 -9999 -9999 -9999 -9999 -9999 -9999 -9999
-9999 -9999 1.32277 1.36713 1.42506 1.50159 1.4917 1.49576 1.57171 1.57567 1.55477 1.53014 1.47109 1.45548 1.40804 1.30895 1.28206 1.30987 1.3146 1.31931 1.31426 1.28523 1.24046 1.18751 1.06535 0.934029 0.838091 0.570068 0.416512 0.286809 0.102656 0 -9999 -9999 -9999 -9999 -9999 -9999 -9999 0.171397 0.157966 0.153357 0.181631 0.273188 0.205038 -9999 -9999 -9999 -9999 -9999 -9999 -9999 -9999 -9999 -9999 -9999 -9999 -9999 -9999 -9999 -9999 -9999 -9999 -9999 0 0 -9999 -9999 -9999 -9999 -9999 -9999
-9999 -9999 1.32714 1.40578 1.44414 1.5189 1.56201 1.53515 1.5646 1.59329 1.5935 1.56759 1.52498 1.52562 1.46173 1.4235 1.39172 1.43208 1.42804 1.3903 1.34476 1.30007 1.21177 1.17952 1.11887 1.02335 0.884699 0.743458 0.519176 0.271978 0 0 -9999 -9999 -9999 -9999 -9999 -9999 0.190148 0.266824 0.310118 0.197219 0.28027 0.354768 0.332426 0.22494 -9999 -9999 -9999 -9999 -9999 -9999 -9999 -9999 -9999 -9999 -9999 -9999 -9999 -9999 0.300204 0.164319 0 0 0 0 -9999 -9999 -9999 -9999 -9999 -9999
-9999 -9999 1.32213 1.416 1.47961 1.53709 1.5466 1.56979 1.58696 1.60615 1.61072 1.61022 1.60582 1.55353 1.52914 1.44307 1.51289 1.49797 1.46259 1.36538 1.30944 1.15064 1.06496 1.01162 1.0934 0.978768 0.773837 0.526328 0.22022 0.163028 0 0 -9999 -9999 -9999 -9999 -9999 -9999 0.208327 0.291711 0.360311 0.364979 0.252702 0.391877 0.361301 0.268574 0.238699 0.294406 0.316552 0.246106 0.314634 0.329832 0.285789 0.318741 -9999 -9999 -9999 -9999 0.319961 0.322822 0.324731 0.267144 0 0 0 0 -9999 -9999 -9999 -9999 -9999 -9999
-9999 -9999 1.39933 1.4561 1.48452 1.48895 1.54258 1.56182 1.58745 1.62995 1.63227 1.6367 1.63953 1.62366 1.58037 1.58409 1.57266 1.53561 1.37079 1.17739 1.23005 1.08726 0.84918 0.972323 1.03606 0.906613 0.661167 0.383218 0.256022 0.218187 0 0 -9999 -9999 -9999 0 0 0 0.132166 0.246357 0.332005 0.395874 0.435946 0.419215 0.354395 0.263249 0.164145 0.182996 0.327627 0.353174 0.341804 0.357426 0.315645 0.324953 0.361041 0.377707 0.37792 0.364628 0.359661 0.360937 0.354136 0.300652 0 0 0 0 -9999 -9999 -9999 -9999 -9999 -9999
-9999 -9999 1.49089 1.54291 1.58364 1.54136 1.55039 1.59772 1.60058 1.63542 1.64875 1.61109 1.6556 1.65476 1.64834 1.62989 1.59992 1.46169 1.27135 1.07631 0.970895 0.98908 0.824512 0.835962 0.899075 0.804709 0.626396 0.373106 0.309208 0.213927 0 0 -9999 -9999 0 0 0.126555 0.210558 0.234324 0.233605 0.343783 0.348359 0.465338 0.422905 0.246 0.253687 0.178026 0.205877 0.245857 0.248609 0.292637 0.361807 0.368817 0.362038 0.382711 0.383139 0.380484 0.376633 0.356099 0.362648 0.362579 0.329088 0.137001 0 0 0 -9999 -9999 -9999 -9999 -9999 -9999
-9999 -9999 1.52908 1.58887 1.65222 1.66024 1.70386 1.59283 1.55935 1.63537 1.65861 1.63625 1.62125 1.66975 1.66857 1.66012 1.6429 1.51178 1.3569 1.12701 0.971106 0.87299 0.782694 0.63481 0.646395 0.590832 0.530407 0.516281 0.398443 0.232353 0 0 0 -9999 0 0 0 0.19878 0.306733 0.264869 0.391758 0.412318 0.476399 0.425564 0.312697 0.254501 0.238806 0.213076 0.286834 0.329539 0.332768 0.35072 0.375548 0.376912 0.379453 0.37804 0.376087 0.375197 0.372714 0.370667 0.365897 0.353057 0.264588 0.162072 0 0 -9999 -9999 -9999 -9999 -9999 -9999
-9999 1.38024 1.52808 1.62884 1.66697 1.69219 1.71227 1.72435 1.71692 1.65384 1.67699 1.67424 1.59836 1.61228 1.63056 1.67716 1.66607 1.64198 1.54816 1.27207 1.16601 0.99149 0.788975 0.65976 0.651166 0.742856 0.694144 0.563331 0.42418 0.237899 0 0 0 0 0 0 0 0.190116 0.337941 0.40354 0.427265 0.472658 0.495122 0.423209 0.35193 0.316805 0.259865 0.240154 0.226384 0.264629 0.269283 0.347215 0.368899 0.374663 0.375462 0.374239 0.373218 0.373298 0.372543 0.369816 0.369425 0.368462 0.354871 0.229911 0 0 -9999 -9999 -9999 -9999 -9999 -9999
-9999 -9999 1.50374 1.55106 1.56325 1.58089 1.61676 1.65705 1.69763 1.70217 1.73483 1.68931 1.62002 1.54273 1.62087 1.64895 1.6722 1.65955 1.63021 1.39107 1.24854 1.12491 0.926864 0.921281 0.929531 0.887544 0.809351 0.573527 0.340495 0 0 0 0 0 0 0 0 0.134315 0.175006 0.391392 0.444041 0.457307 0.507597 0.425007 0.391986 0.323894 0.327927 0.30898 0.29455 0.122275 0.244142 0.242658 0.335609 0.371215 0.374923 0.37271 0.372042 0.370061 0.369233 0.368132 0.369057 0.362791 0.361606 0.280466 0 0 -9999 -9999 -9999 -9999 -9999 -9999
-9999 -9999 -9999 -9999 1.53111 1.56176 1.57765 1.60675 1.69283 1.71762 1.7327 1.73031 1.69427 1.5923 1.5745 1.58903 1.49952 1.55098 1.62784 1.59826 1.5538 1.32996 1.17561 1.22096 1.14499 0.956933 0.799153 0.644115 0.376392 0.160817 0 0 0 0 0 0.162748 0.248685 0.197309 0.252899 0.357746 0.478533 0.534739 0.516048 0.429475 0.404551 0.305472 0.378281 0.371219 0.315961 0.265724 0.24416 0.283816 0.293145 0.364785 0.377049 0.374088 0.371098 0.369128 0.367579 0.366747 0.363755 0.362544 0.361052 0.356929 0 0 -9999 -9999 -9999 -9999 -9999 -9999
-9999 -9999 -9999 -9999 1.4632 1.48066 1.52722 1.65368 1.69797 1.71967 1.7123 1.72015 1.6929 1.61584 1.53493 1.46229 1.36244 1.40165 1.52121 1.57646 1.55232 1.35069 1.37559 1.29593 1.18407 0.951649 0.767767 0.648464 0.388303 0.151665 0 0 0 0 0 0.185463 0.331374 0.391968 0.340657 0.409467 0.548992 0.547244 0.465832 0.463891 0.403392 0.272082 0.383166 0.403498 0.359676 0.350983 0.305434 0.312995 0.337236 0.361366 0.376028 0.373418 0.369667 0.366748 0.365632 0.364565 0.362629 0.362532 0.361183 0.35877 0 0 -9999 -9999 -9999 -9999 -9999 -9999
-9999 -9999 -9999 -9999 -9999 1.40076 1.5137 1.68303 1.69979 1.68714 1.71609 1.71244 1.67158 1.63709 1.54222 1.41385 1.16342 1.21164 1.32019 1.47919 1.54369 1.49179 1.37735 1.23458 0.955955 0.705449 0.631479 0.5503 0.347597 0.152793 0 0 0 0.194391 0.243911 0.219274 0.343563 0.446871 0.403187 0.487638 0.585084 0.538003 0.50701 0.477927 0.410135 0.395078 0.387266 0.443196 0.378636 0.392612 0.358496 0.345441 0.35198 0.362445 0.375472 0.373238 0.369425 0.36749 0.363869 0.364005 0.362519 0.361225 0.360033 0.357978 0.333865 0 0 -9999 -9999 -9999 -9999 -9999
-9999 -9999 -9999 -9999 -9999 1.30265 1.35428 1.55525 1.59138 1.67481 1.7148 1.70864 1.64186 1.60141 1.46246 1.41559 1.18805 1.0635 1.12963 1.06974 1.29363 1.48282 1.37397 0.868245 0.653385 0.485583 0.466971 0.41942 0.330083 0 0 0.115987 0.225338 0.310246 0.375919 0.383703 0.377889 0.540595 0.560162 0.61283 0.600261 0.6024 0.515618 0.457822 0.488318 0.425463 0.403379 0.461792 0.374414 0.423595 0.381019 0.350307 0.339227 0.373376 0.374895 0.373959 0.370039 0.366204 0.362889 0.360653 0.361695 0.360887 0.358363 0.358206 0.355356 0.324221 0.193141 0.146163 0.194507 -9999 -9999 -9999
-9999 -9999 -9999 -9999 -9999 -9999 1.17007 1.45242 1.55583 1.61453 1.7027 1.70462 1.66346 1.5996 1.45507 1.32846 1.12413 0.889474 0.720989 1.05913 1.34441 1.47326 1.39312 0.965941 0.768195 0.713448 0.754636 0.633371 0.53213 0.296967 0.205873 0 0.119323 0.244253 0.349244 0.456747 0.537057 0.543533 0.599687 0.623435 0.624344 0.630949 0.61619 0.601093 0.508065 0.551114 0.491658 0.502017 0.471144 0.441457 0.394056 0.337957 0.360169 0.38002 0.380316 0.375797 0.370689 0.368036 0.365558 0.362386 0.359735 0.359281 0.358772 0.356968 0.356377 0.353622 0.337802 0.258086 0.151583 0 -9999 -9999
-9999 -9999 -9999 -9999 -9999 -9999 1.03934 1.3189 1.42693 1.59526 1.68776 1.69994 1.68521 1.63085 1.51865 1.35358 1.21523 0.953019 0.678069 0.992298 1.29487 1.44394 1.41517 1.0328 1.07698 0.959713 0.943455 0.767634 0.670514 0.576458 0.446971 0.31329 0.172788 0 0.346599 0.476067 0.582624 0.633546 0.663629 0.679649 0.658834 0.631981 0.507087 0.590647 0.571699 0.551263 0.528159 0.509388 0.485543 0.459732 0.417708 0.405011 0.365601 0.386937 0.381219 0.377033 0.373721 0.370438 0.367276 0.365056 0.36299 0.360677 0.358991 0.35733 0.355846 0.353979 0.3517 0.345783 0.323104 0.143484 0 0
-9999 -9999 -9999 -9999 -9999 -9999 0.646743 1.05853 1.38618 1.54696 1.658 1.68444 1.68803 1.61589 1.56161 1.44041 1.32536 1.1498 0.887823 0.719057 0.910035 1.29425 1.40104 1.32934 1.2779 1.15226 1.03491 0.98383 0.949463 0.813214 0.650817 0.45557 0.374876 0.298426 0.48506 0.502988 0.482806 0.700158 0.699676 0.686915 0.602205 0.486945 0.499434 0.428927 0.459354 0.37869 0.430419 0.472593 0.47956 0.46395 0.420621 0.402552 0.391391 0.391626 0.385801 0.380231 0.375962 0.373022 0.370505 0.366931 0.364942 0.365603 0.360342 0.35844 0.35604 0.354285 0.352433 0.347608 0.342799 0.31334 0.269919 0.184796
-9999 -9999 -9999 -9999 -9999 -9999 0.715086 1.03435 1.31988 1.45972 1.6185 1.64399 1.69016 1.66645 1.60799 1.49991 1.36699 1.21963 0.992246 0.81715 0.990081 1.146 1.31046 1.32211 1.27343 1.2292 1.17095 1.12621 1.06568 1.0014 0.878261 0.686262 0.575347 0.427732 0.637037 0.652115 0.610522 0.717679 0.709512 0.539248 0.407761 0.388748 0.438865 0.356245 0.328376 0.265953 0.3071 0.436323 0.374195 0.369493 0.396402 0.398537 0.399037 0.394325 0.38832 0.383451 0.378767 0.376233 0.374468 0.370646 0.36862 0.36745 0.364512 0.359336 0.356739 0.353779 0.350733 0.347355 0.342817 0.332925 0.322512 0.324087
-9999 -9999 -9999 -9999 -9999 -9999 0.778635 0.951361 1.20501 1.42558 1.59471 1.65345 1.69361 1.68012 1.61152 1.55168 1.46339 1.33083 1.23469 1.07419 0.856036 1.16716 1.12861 1.16273 1.17169 1.22796 1.18626 1.1038 0.999226 1.01299 0.958593 0.809306 0.747003 0.660422 0.77048 0.760095 0.748831 0.736554 0.590119 0.388884 0.227292 0.336834 0.307732 0.324292 0.147616 0.263153 0.358478 0.38087 0.291817 0.225767 0.354566 0.37553 0.384932 0.389246 0.39081 0.384655 0.382735 0.378917 0.37628 0.374151 0.371537 0.369745 0.367481 0.365169 0.35795 0.354993 0.351638 0.348262 0.34621 0.33934 0.335415 0.326419
-9999 -9999 -9999 -9999 -9999 -9999 -9999 0.868151 1.15548 1.4429 1.59364 1.6819 1.71654 1.69949 1.656 1.60948 1.54873 1.4483 1.32394 1.13313 0.984169 1.0434 0.986108 0.939437 0.971428 1.1292 1.15917 1.02971 0.749197 0.839532 0.964122 0.936907 0.902598 0.870206 0.838981 0.810844 0.765215 0.659801 0.352514 0.285092 0.161502 0.169162 0.101762 0.192939 0.127738 0.253373 0.301197 0.311853 0.174128 0.15691 0.297509 0.348475 0.331855 0.361675 0.389851 0.386597 0.383945 0.38011 0.378507 0.376934 0.37489 0.372796 0.370631 0.368789 0.359388 0.357566 0.344877 0.335942 0.319332 0.335589 0.335134 0.330498
-9999 -9999 -9999 -9999 -9999 -9999 -9999 0.793872 1.11593 1.45675 1.55036 1.64536 1.72628 1.71005 1.64873 1.5909 1.53235 1.46746 1.31748 1.16962 1.02504 0.959789 0.957835 0.75577 0.831759 1.05103 1.06658 1.01285 0.707003 0.596181 0.773686 0.921476 0.914391 0.881255 0.664868 0.695604 0.576792 0.420906 0.373075 0.301877 0.158901 0.217705 0.110225 0.144634 0 0.147715 0.174778 0.255803 0.135026 0 0.229574 0.295766 0.291132 0.36224 0.384564 0.387361 0.385463 0.383686 0.381504 0.380669 0.378282 0.37573 0.372964 0.368077 0.35808 0.323827 0.175504 0.174075 0.212356 0.248338 0.308886 0.329134
-9999 -9999 -9999 -9999 -9999 -9999 -9999 0.869632 1.08312 1.38066 1.59521 1.58618 1.68074 1.72063 1.65303 1.58045 1.50718 1.46542 1.30149 1.12164 0.970431 0.7929 0.79111 0.871357 0.839643 0.972038 0.97035 0.906185 0.712915 0.747121 0.86123 0.912562 0.914392 0.879868 0.820999 0.782863 0.691871 0.647725 0.528081 0.346331 0.270181 0.305752 0.112827 0.116811 0.175423 0 0.156194 0.203105 0 0.119573 0.240932 0.299979 0.351308 0.372983 0.37892 0.391248 0.387992 0.386244 0.384349 0.381866 0.379949 0.37559 0.371851 0.354927 0.330652 0.193166 0.127596 0.137138 0.198326 0.251577 0.303428 0.325516
-9999 -9999 -9999 -9999 -9999 -9999 -9999 0.949216 1.13588 1.38781 1.53112 1.53545 1.64052 1.73302 1.699 1.62177 1.58491 1.50616 1.36233 1.20433 1.03191 0.934189 0.739917 0.874731 0.783389 0.892784 0.928508 0.757048 0.676251 0.745402 0.815908 0.831922 0.907701 0.88959 0.843457 0.696487 0.619674 0.636946 0.599561 0.5417 0.413428 0.399499 0.313713 0.27254 0.232606 0 0.128627 0.125078 0.130986 0.222953 0.283147 0.32123 0.355779 0.36111 0.373918 0.392475 0.390803 0.388421 0.38555 0.383577 0.379809 0.371479 0.36433 0.33158 0.274869 0.170382 0 0.110281 0.231656 0.268909 0.296814 0.314036
-9999 -9999 -9999 -9999 -9999 -9999 -9999 0.953067 1.1499 1.35803 1.4279 1.41621 1.62383 1.74236 1.71911 1.66963 1.61623 1.44815 1.43467 1.38235 1.22322 1.00091 0.75752 0.748122 0.808736 0.801116 0.834048 0.592844 0.504516 0.52574 0.645365 0.751934 0.866102 0.882849 0.82853 0.606749 0.373351 0.465008 0.564559 0.554415 0.512996 0.392763 0.34816 0.306616 0.215617 0 0 0 0.162873 0.204761 0.273396 0.329704 0.300728 0.309405 0.364371 0.394431 0.392069 0.389453 0.387737 0.384449 0.38019 0.365318 0.349862 0.325271 0.179842 0 0 0 0.181224 0.22002 0.298753 0.316608
-9999 -9999 -9999 -9999 -9999 -9999 -9999 0.923956 1.05369 1.24783 1.30684 1.42312 1.61539 1.69699 1.72348 1.69777 1.65283 1.56364 1.50033 1.39801 1.23213 1.01341 0.771816 0.603129 0.642367 0.653914 0.660862 0.457615 0.349644 0.428664 0.558178 0.762442 0.872112 0.872424 0.845447 0.788676 0.614607 0.407976 0.39801 0.485838 0.39419 0.289368 0.332055 0.312517 0.222435 0.153906 0 0 0.109789 0.139583 0.220099 0.342168 0.355152 0.346629 0.395962 0.39462 0.392257 0.391057 0.388118 0.385067 0.381169 0.368612 0.343214 0.245767 0.160668 0 0 0.15199 0.211855 0.258849 0.297091 0.308856
-9999 -9999 -9999 -9999 -9999 -9999 -9999 0.843766 0.9985 1.17426 1.33891 1.4953 1.62758 1.61062 1.66932 1.64269 1.66237 1.62404 1.53777 1.44628 1.29852 1.02417 0.787727 0.531287 0.559082 0.738856 0.536139 0.401179 0.174888 0.358977 0.56597 0.753172 0.846839 0.741621 0.816495 0.795055 0.721757 0.593827 0.402223 0.395262 0.249844 0.234081 0.293743 0.306334 0.2846 0.23058 0.141412 0 0.106845 0.114167 0.187818 0.281366 0.373075 0.384559 0.398655 0.395471 0.392189 0.390488 0.387814 0.383234 0.375989 0.36295 0.280849 0.183718 0.123354 0 0 0.181906 0.238274 0.265209 0.298319 0.310882
-9999 -9999 -9999 -9999 -9999 -9999 -9999 -9999 1.01502 1.1936 1.31766 1.32469 1.43622 1.48321 1.51446 1.49981 1.64657 1.62943 1.56411 1.47671 1.34556 1.12949 0.968886 0.720723 0.532484 0.491613 0.315096 0.345997 0.303864 0.372628 0.570511 0.779313 0.785449 0.622513 0.628526 0.644899 0.700376 0.65386 0.396654 0.261112 0.147178 0.210969 0.278609 0.287351 0.280921 0.255595 0.214719 0 0.193043 0.263675 0.275604 0.337009 0.381268 0.390153 0.396084 0.39341 0.391153 0.387999 0.382293 0.377692 0.363056 0.333274 0.241729 0 0 0 0 0 0.171998 0.257267 0.302315 0.313506
-9999 -9999 -9999 -9999 -9999 -9999 -9999 -9999 0.975042 1.18378 1.1938 1.14942 1.02749 1.03303 1.31761 1.35183 1.49042 1.62069 1.58137 1.49417 1.36865 1.22707 1.02323 0.746889 0.519558 0.363341 0.500434 0.508268 0.524511 0.565278 0.677379 0.681991 0.513852 0.356797 0.419562 0.452664 0.619837 0.640933 0.595013 0.43634 0.256752 0.15837 0.252988 0.256952 0.253027 0.243866 0.224966 0.169937 0.234375 0.292892 0.331864 0.350723 0.38796 0.394035 0.393155 0.392496 0.388214 0.382901 0.373439 0.363388 0.327696 0.285198 0.136516 0 0 0 0 0.11962 0.200903 0.252063 0.297116 0.306726
