Test_Spring_2018b/11_17/Prec/20171112_003.txt
ncols	170
nrows	115
xllcorner	350000.000000
yllcorner	4445000.000000
cellsize	1000.000000
nodata_value	-9999.000000
[rows 32 to 63 of 115, columns 73 to 145 of 170]
0.130967 0.13244 0.133867 0.137722 0.135235 0.135928 0.136436 0.136351 0.135434 0.135488 0.135518 0.135745 0.134341 0.129378 0.124879 0.127829 0.128147 0.126527 0.129936 0.128348 0.123996 0.117818 0.121458 0.120816 0.120821 0.11765 -9999 -9999 -9999 -9999 -9999 -9999 -9999 -9999 -9999 -9999 -9999 -9999 -9999 -9999 -9999 -9999 -9999 -9999 -9999 -9999 -9999 -9999 -9999 -9999 -9999 -9999 -9999 -9999 -9999 -9999 -9999 -9999 -9999 -9999 -9999 -9999 -9999 -9999 -9999 -9999 -9999 -9999 -9999 -9999 -9999 -9999 -9999
0.127623 0.129793 0.130094 0.132263 0.133343 0.133139 0.133807 0.134013 0.133827 0.133736 0.133607 0.132536 0.130767 0.126535 0.121345 0.120434 0.123484 0.123908 0.12462 0.123315 0.121608 0.1188 0.121613 0.122909 0.122169 0.118698 0.114847 -9999 -9999 -9999 -9999 -9999 -9999 -9999 -9999 -9999 -9999 -9999 -9999 -9999 -9999 -9999 -9999 -9999 -9999 -9999 -9999 -9999 -9999 -9999 -9999 -9999 -9999 -9999 -9999 -9999 -9999 -9999 -9999 -9999 -9999 -9999 -9999 -9999 -9999 -9999 -9999 -9999 -9999 -9999 -9999 -9999 -9999
0.122131 0.123655 0.12489 0.126968 0.127775 0.128378 0.130948 0.131188 0.131439 0.130849 0.130449 0.129558 0.127788 0.12512 0.121839 0.115854 0.120165 0.123627 0.123939 0.12416 0.123168 0.120594 0.123451 0.123945 0.1206 0.11674 0.114581 0.113899 -9999 -9999 -9999 -9999 -9999 -9999 -9999 -9999 -9999 -9999 -9999 -9999 -9999 -9999 -9999 -9999 -9999 -9999 -9999 -9999 -9999 -9999 -9999 -9999 -9999 -9999 -9999 -9999 -9999 -9999 -9999 -9999 -9999 -9999 -9999 -9999 -9999 -9999 -9999 -9999 -9999 -9999 -9999 -9999 -9999
0.11753 0.119148 0.121101 0.121863 0.123455 0.126417 0.127366 0.128294 0.128448 0.127708 0.125088 0.124928 0.125083 0.123415 0.11961 0.115856 0.115228 0.120402 0.122251 0.122494 0.124054 0.122046 0.123702 0.123653 0.12091 0.117236 0.115631 0.114365 0.11155 -9999 -9999 -9999 -9999 -9999 -9999 -9999 -9999 -9999 -9999 -9999 -9999 -9999 -9999 -9999 -9999 -9999 -9999 -9999 -9999 -9999 -9999 -9999 -9999 -9999 -9999 -9999 -9999 -9999 -9999 -9999 -9999 -9999 -9999 -9999 -9999 -9999 -9999 -9999 -9999 -9999 -9999 -9999 -9999
-9999 0.114057 0.115104 0.114729 0.119677 0.123392 0.124498 0.125516 0.125555 0.123719 0.122876 0.122927 0.121817 0.11979 0.118702 0.116519 0.114306 0.115932 0.120558 0.119427 0.122902 0.123275 0.12436 0.122964 0.115749 0.113798 0.11297 0.111794 0.10946 -9999 -9999 -9999 -9999 -9999 -9999 -9999 -9999 -9999 -9999 -9999 -9999 -9999 -9999 -9999 -9999 -9999 -9999 -9999 -9999 -9999 -9999 -9999 -9999 -9999 -9999 -9999 -9999 -9999 -9999 -9999 -9999 -9999 -9999 -9999 -9999 -9999 -9999 -9999 -9999 -9999 -9999 -9999 -9999
-9999 -9999 0.112468 0.111704 0.114815 0.120503 0.121214 0.122653 0.122635 0.121857 0.121271 0.120486 0.119541 0.118029 0.116466 0.11447 0.11483 0.118074 0.118858 0.119108 0.120304 0.122352 0.122666 0.118901 0.111778 0.109453 0.108291 0.106104 0.106395 0.104737 -9999 -9999 -9999 -9999 -9999 -9999 -9999 -9999 -9999 -9999 -9999 -9999 0.116136 -9999 -9999 -9999 -9999 -9999 -9999 -9999 -9999 -9999 -9999 -9999 -9999 -9999 -9999 -9999 -9999 -9999 -9999 -9999 -9999 0.113415 -9999 -9999 -9999 -9999 -9999 -9999 -9999 -9999 -9999
-9999 0.110663 0.109338 0.111176 0.113245 0.116214 0.118513 0.120045 0.119909 0.119197 0.118435 0.117009 0.116687 0.11586 0.114121 0.1142 0.1157 0.11688 0.118202 0.119398 0.120098 0.120426 0.120499 0.115491 0.113636 0.112401 0.110225 0.109033 0.10657 0.102792 0 -9999 -9999 -9999 -9999 -9999 -9999 -9999 0.108312 0.109019 0.109968 0.111644 0.114672 0.114112 -9999 -9999 -9999 -9999 -9999 -9999 -9999 -9999 -9999 -9999 -9999 -9999 -9999 -9999 -9999 -9999 -9999 -9999 -9999 0.112884 0.110745 -9999 -9999 -9999 -9999 -9999 -9999 -9999 -9999
-9999 0.105513 0.108031 0.109457 0.111464 0.112563 0.116767 0.117124 0.117353 0.116915 0.115941 0.114715 0.114625 0.113361 0.112941 0.112954 0.114827 0.11596 0.11653 0.117038 0.1176 0.117169 0.117872 0.114567 0.113596 0.111484 0.109113 0.109088 0.103972 0 0 -9999 -9999 -9999 -9999 -9999 -9999 0.10497 0.107662 0.109736 0.10844 0.111456 0.114234 0.114784 0.110106 -9999 -9999 -9999 -9999 -9999 -9999 -9999 -9999 -9999 -9999 -9999 -9999 -9999 -9999 0.120193 0.118207 0.113287 0.111256 0.11038 0.108611 -9999 -9999 -9999 -9999 -9999 -9999 -9999 -9999
-9999 0.103467 0.106369 0.108363 0.109966 0.110263 0.112228 0.115069 0.114902 0.114361 0.113753 0.113196 0.111812 0.111335 0.109843 0.112128 0.112885 0.113478 0.112928 0.113415 0.111684 0.111517 0.108907 0.112141 0.110854 0.107352 0.102675 0 0 0 0 -9999 -9999 -9999 -9999 -9999 -9999 0.102719 0.105653 0.108404 0.109829 0.108692 0.113021 0.110498 0.109426 0.109548 0.111344 0.112195 0.112333 0.116394 0.11648 0.115188 0.115583 -9999 -9999 -9999 -9999 0.116181 0.117037 0.118069 0.117934 0.112621 0.109359 0.106475 0.104466 -9999 -9999 -9999 -9999 -9999 -9999 -9999 -9999
-9999 0.10351 0.105642 0.106874 0.107284 0.108486 0.110085 0.11279 0.112175 0.111472 0.110858 0.110354 0.109683 0.108733 0.109192 0.109708 0.11003 0.107859 0.105293 0.108274 0.107889 0.101876 0.106287 0.109262 0.107757 0.103436 0 0 0 0 0 -9999 -9999 -9999 0 0 0 0 0.101961 0.105149 0.108438 0.110787 0.10953 0.108883 0.107908 0.106546 0.107539 0.111056 0.111732 0.115144 0.115101 0.113709 0.113014 0.113461 0.113635 0.113668 0.113668 0.114129 0.11499 0.115893 0.115926 0.111911 0.109912 0.109026 0.102706 -9999 -9999 -9999 -9999 -9999 -9999 -9999 -9999
-9999 0.101007 0.102983 0.104486 0.106328 0.106515 0.107278 0.10785 0.110231 0.109585 0.107864 0.108112 0.107643 0.107422 0.107368 0.10751 0.105698 0.103103 0.100672 0.100371 0.100405 0 0.100907 0.103932 0.104261 0.101196 0 0 0 0 0 -9999 -9999 0 0 0 0 0 0 0.10358 0.105194 0.109288 0.107734 0.104774 0.105991 0.105726 0.106925 0.107684 0.107836 0.109694 0.113035 0.112636 0.111927 0.111909 0.111625 0.111528 0.11171 0.111849 0.112889 0.114038 0.114632 0.111833 0.111177 0.107971 0.100959 -9999 -9999 -9999 -9999 -9999 -9999 -9999 -9999
-9999 0.100357 0.102462 0.10443 0.104948 0.106013 0.106026 0.105572 0.10633 0.107884 0.106331 0.105121 0.105616 0.105434 0.105573 0.106024 0.104447 0.102753 0 0 0 0 0 0 0 0 0 0 0 0 0 0 -9999 0 0 0 0 0 0 0.103097 0.105172 0.106371 0.106741 0.105325 0.104836 0.10532 0.105338 0.107292 0.10874 0.109527 0.109447 0.111306 0.110649 0.110116 0.109697 0.109554 0.109778 0.110332 0.11124 0.112375 0.113535 0.113135 0.110624 0.107544 0.100229 -9999 -9999 -9999 -9999 -9999 -9999 -9999 -9999
0 0 0.102602 0.104007 0.104891 0.105419 0.105544 0.105716 0.10559 0.10505 0.105485 0.102812 0.102446 0.102625 0.10395 0.104555 0.105393 0.105139 0.101209 0 0 0 0 0 0.100126 0.100297 0 0 0 0 0 0 0 0 0 0 0 0 0.10056 0.102667 0.103862 0.10594 0.10572 0.105282 0.105601 0.105203 0.105363 0.105387 0.106302 0.107002 0.108532 0.108396 0.109328 0.10866 0.108166 0.107991 0.108217 0.108823 0.109762 0.111067 0.112581 0.112457 0.111213 0.105515 0.10122 -9999 -9999 -9999 -9999 -9999 -9999 -9999 -9999
-9999 0 0.100351 0.101175 0.101884 0.102755 0.103493 0.104636 0.104103 0.104123 0.103435 0.101978 0 0.100981 0.101879 0.103249 0.104378 0.105607 0.101401 0.100457 0.10002 0 0.100092 0.102156 0.102841 0.102424 0 0 0 0 0 0 0 0 0 0 0 0 0 0.101083 0.102891 0.10556 0.105256 0.10573 0.105351 0.10631 0.106495 0.106504 0.102783 0.105961 0.105445 0.106908 0.107218 0.107672 0.107101 0.106896 0.107062 0.107675 0.108682 0.110067 0.110464 0.111802 0.111488 0.104224 0.100802 -9999 -9999 -9999 -9999 -9999 -9999 -9999 -9999
-9999 -9999 -9999 0.10008 0.101074 0.101515 0.102026 0.104134 0.104071 0.103727 0.103023 0.1017 0 0 0 0 0.101245 0.104064 0.105409 0.106647 0.104043 0.103155 0.106305 0.106569 0.104095 0.101975 0 0 0 0 0 0 0 0 0 0 0 0 0 0.101554 0.104315 0.10547 0.105083 0.105774 0.104723 0.107203 0.107656 0.106773 0.105735 0.105706 0.106089 0.105709 0.106694 0.106469 0.106551 0.106277 0.106433 0.107033 0.108059 0.108704 0.110037 0.111472 0.112858 0.105363 0 -9999 -9999 -9999 -9999 -9999 -9999 -9999 -9999
-9999 -9999 -9999 0 0 0.100186 0.102876 0.104084 0.104013 0.103237 0.102813 0.101728 0 0 0 0 0 0.101621 0.104809 0.106475 0.104347 0.107405 0.107816 0.107307 0.103881 0.101218 0 0 0 0 0 0 0 0 0 0 0 0 0 0.10313 0.104587 0.104337 0.105785 0.1057 0.103934 0.107252 0.108312 0.107692 0.107583 0.10701 0.106712 0.106683 0.106648 0.106496 0.106144 0.106129 0.106264 0.106869 0.107595 0.108692 0.110026 0.11144 0.11284 0.10847 0 -9999 -9999 -9999 -9999 -9999 -9999 -9999 -9999
-9999 -9999 -9999 -9999 0 0 0.103487 0.104154 0.103424 0.103542 0.102956 0.101647 0.100657 0 0 0 0 0 0.102958 0.106509 0.10761 0.107565 0.106552 0.102357 0 0 0 0 0 0 0 0 0 0 0 0 0 0 0.100777 0.104228 0.104633 0.105435 0.106237 0.105964 0.106727 0.107421 0.109265 0.108205 0.108624 0.108325 0.107623 0.107259 0.106975 0.106833 0.106526 0.10642 0.106633 0.107103 0.107951 0.109018 0.110277 0.11164 0.112993 0.113781 0.109211 0.106777 -9999 -9999 -9999 -9999 -9999 -9999 -9999
-9999 -9999 -9999 -9999 0 0 0.100753 0.101949 0.10345 0.103936 0.103413 0.101637 0.100643 0 0 0 0 0 0 0.101562 0.107856 0.107847 0 0 0 0 0 0 0 0 0 0 0 0 0 0 0.10048 0.101933 0.104141 0.105105 0.106513 0.106009 0.106107 0.107941 0.107611 0.10797 0.109867 0.108325 0.109557 0.109129 0.108112 0.107438 0.107752 0.107425 0.107199 0.107019 0.107243 0.107632 0.108535 0.1096 0.110798 0.112051 0.113364 0.114545 0.114776 0.112743 0.112323 0.113747 -9999 -9999 -9999 -9999 -9999
-9999 -9999 -9999 -9999 -9999 0 0 0.101436 0.102533 0.104221 0.104014 0.102281 0.101042 0 0 0 0 0 0 0.103486 0.108318 0.10882 0.101368 0 0 0.101435 0 0 0 0 0 0 0 0 0 0.100636 0.101224 0.102997 0.105183 0.106362 0.107774 0.108757 0.109702 0.108749 0.110692 0.1102 0.111037 0.110758 0.110302 0.109853 0.108366 0.10852 0.108615 0.108345 0.107701 0.107786 0.108046 0.108443 0.108952 0.110368 0.111485 0.112682 0.113859 0.114997 0.115777 0.116225 0.115059 0.113081 0.110267 -9999 -9999 -9999 -9999
-9999 -9999 -9999 -9999 -9999 0 0 0 0.102564 0.102774 0.103552 0.103451 0.102502 0.100342 0 0 0 0 0 0.103395 0.108513 0.109743 0.103401 0.106044 0.104971 0.105918 0.103144 0.101882 0.10088 0 0 0 0 0 0 0.10234 0.103912 0.105102 0.10606 0.106619 0.10855 0.107008 0.110021 0.110611 0.111098 0.111369 0.111559 0.111455 0.111132 0.110905 0.110468 0.109373 0.108534 0.108464 0.108522 0.108678 0.108936 0.109309 0.109808 0.1104 0.111127 0.113433 0.114502 0.115517 0.116229 0.116917 0.117344 0.117208 0.113431 0.111034 0.110297 0.108124 -9999
-9999 -9999 -9999 -9999 -9999 0 0 0 0 0.102856 0.103774 0.104173 0.102917 0.102096 0 0 0 0 0 0 0.103802 0.110216 0.110564 0.110988 0.109642 0.108312 0.108257 0.108385 0.106521 0.101549 0 0 0 0.100062 0.100861 0.100842 0.106084 0.106598 0.106903 0.105683 0.10433 0.105379 0.107084 0.108668 0.107769 0.109646 0.111166 0.111758 0.111705 0.111563 0.109299 0.10922 0.109304 0.109338 0.109414 0.109581 0.10986 0.110237 0.110678 0.111225 0.111879 0.112552 0.113188 0.116122 0.116743 0.117382 0.117803 0.118061 0.117615 0.11671 0.115007 0.109473 0.109185
-9999 -9999 -9999 -9999 -9999 0 0 0 0 0.102381 0.103377 0.104806 0.104699 0.103855 0.101975 0 0 0 0 0 0.10144 0.106353 0.108317 0.111464 0.111814 0.111721 0.109113 0.108876 0.108833 0.10694 0.103514 0.10166 0 0.103993 0.104773 0.104315 0.107153 0.107498 0.104328 0.102054 0.102286 0.104697 0.103605 0.103699 0.105795 0.107402 0.110823 0.107433 0.107834 0.109511 0.109829 0.109969 0.110079 0.110164 0.110301 0.11049 0.11079 0.111176 0.111584 0.112088 0.112648 0.113187 0.113845 0.114376 0.114743 0.117834 0.118259 0.118524 0.118538 0.115906 0.116356 0.11618 0.111067
-9999 -9999 -9999 -9999 -9999 0 0 0 0 0.102163 0.103982 0.105368 0.105568 0.10457 0.103802 0.102467 0.100236 0 0 0 0.100262 0.103145 0.105515 0.103723 0.106176 0.106484 0.105884 0.108227 0.10946 0.109224 0.106648 0.105899 0.104552 0.10748 0.107741 0.10798 0.108212 0.105525 0.101666 0 0.101739 0.10174 0.103509 0.100293 0.100559 0.103245 0.104342 0.106114 0.105179 0.109166 0.109816 0.110307 0.110667 0.110966 0.111115 0.111392 0.111674 0.112035 0.112457 0.11291 0.113411 0.113914 0.114411 0.114991 0.115313 0.115672 0.112902 0.11323 0.116514 0.116733 0.117005 0.117016 0.116274
-9999 -9999 -9999 -9999 -9999 -9999 0 0 0 0 0.102066 0.103571 0.103889 0.103582 0.103177 0.102446 0.100853 0 0 0 0 0 0 0 0.104551 0.106361 0.104658 0 0.103317 0.107018 0.107309 0.107366 0.107387 0.109504 0.109409 0.108922 0.107127 0.100913 0 0 0 0 0 0 0.100893 0.102523 0.103345 0.100911 0.101851 0.105429 0.107047 0.107164 0.108285 0.111655 0.111902 0.112185 0.112477 0.112854 0.11327 0.113705 0.111687 0.111992 0.112304 0.112574 0.112907 0.112992 0.113163 0.11317 0.113903 0.114274 0.114617 0.114909 0.115178
-9999 -9999 -9999 -9999 -9999 -9999 0 0 0 0 0.101254 0.103817 0.104201 0.103554 0.102955 0.102328 0.101568 0 0 0 0 0 0 0 0.10337 0.104798 0.104694 0 0 0.103144 0.107253 0.107892 0.107892 0.103801 0.105081 0.103026 0.100119 0 0 0 0 0 0 0 0 0.100282 0.102635 0.100557 0.100923 0.104442 0.106383 0.106755 0.108776 0.10971 0.110199 0.11057 0.11093 0.111269 0.111626 0.111942 0.112249 0.112547 0.112798 0.112938 0.112677 0.1098 0.110136 0.111347 0.112512 0.114359 0.115107 0.115479 0.115758
-9999 -9999 -9999 -9999 -9999 -9999 0 0 0 0 0 0.102805 0.104471 0.103738 0.102871 0.101975 0.101776 0 0 0 0 0 0 0 0.102162 0.103155 0.102767 0.100312 0.102006 0.105406 0.107372 0.108192 0.108156 0.107529 0.107309 0.105885 0.105456 0.103346 0 0 0 0 0 0 0 0.100414 0.102004 0 0.102049 0.105203 0.106978 0.108571 0.109499 0.110069 0.110765 0.111106 0.111469 0.111817 0.112143 0.112474 0.112746 0.113029 0.11302 0.112849 0.110192 0.109276 0.109852 0.111565 0.113106 0.114694 0.115544 0.115931 0.116286
-9999 -9999 -9999 -9999 -9999 -9999 0 0 0 0 0 0.10188 0.104753 0.104811 0.103895 0.103853 0.102892 0.100517 0 0 0 0 0 0 0.100939 0.102708 0.100765 0 0.102365 0.10478 0.105951 0.108384 0.108704 0.108361 0.105759 0.104662 0.105603 0.105321 0.104577 0.102279 0.102495 0.101138 0.10077 0.100442 0 0.100353 0.100822 0.101526 0.104849 0.106649 0.107954 0.109172 0.109736 0.110453 0.111284 0.111659 0.112009 0.112338 0.112679 0.112973 0.113162 0.113374 0.11302 0.112139 0.110209 0.106873 0.109788 0.112821 0.113949 0.115066 0.115805 0.116419 0.116742
-9999 -9999 -9999 -9999 -9999 -9999 0 0 0 0 0 0.101461 0.104957 0.105303 0.105049 0.104694 0.101819 0.10235 0.102051 0 0 0 0 0 0 0.101108 0 0 0 0.101439 0.104584 0.107852 0.108935 0.108415 0.104178 0 0.102243 0.104987 0.105307 0.104934 0.102828 0.102386 0.102018 0.100571 0 0 0 0.103586 0.104983 0.106961 0.10866 0.108476 0.109109 0.110749 0.111831 0.112191 0.112535 0.112891 0.113205 0.113492 0.11354 0.113571 0.113399 0.110571 0.108937 0.106406 0.110063 0.112236 0.113538 0.115622 0.116371 0.116874 0.11723
-9999 -9999 -9999 -9999 -9999 -9999 0 0 0 0 0 0.10123 0.103966 0.105455 0.105771 0.105648 0.10455 0.104026 0.102663 0 0 0 0 0 0 0 0 0 0 0 0.105248 0.108412 0.109133 0.109216 0.10861 0.105397 0.101445 0.101794 0.104279 0.102814 0.101056 0.10254 0.10266 0.101236 0.100291 0 0.100687 0.102965 0.10409 0.106324 0.109463 0.110196 0.110448 0.111962 0.112352 0.112711 0.113087 0.113417 0.113737 0.114033 0.114133 0.113947 0.112175 0.110672 0.108452 0.108467 0.111755 0.113372 0.114906 0.116097 0.116708 0.117269 0.117743
-9999 -9999 -9999 -9999 -9999 -9999 0 0 0 0 0 0.10148 0.1021 0.104343 0.104682 0.10602 0.106076 0.105083 0.103989 0.10168 0 0 0 0 0 0 0 0 0 0.100616 0.105521 0.108332 0.106735 0.109058 0.109233 0.108239 0.106022 0.102388 0.102798 0.100157 0.100362 0.102223 0.103052 0.103131 0.102505 0.101309 0.101926 0.103449 0.104077 0.106157 0.108666 0.111127 0.111816 0.112553 0.112902 0.11324 0.113605 0.11394 0.114227 0.114449 0.114539 0.113107 0.111341 0.11038 0.108934 0.109049 0.112791 0.114474 0.11556 0.116634 0.117257 0.117798 0.118229
-9999 -9999 -9999 -9999 -9999 -9999 -9999 0 0 0 0 0 0 0.10106 0.101698 0.10586 0.106413 0.105908 0.104931 0.103012 0 0 0 0 0 0 0 0 0 0.101235 0.106618 0.107508 0.104645 0.105457 0.106465 0.108303 0.107876 0.102803 0.10039 0 0.100397 0.102435 0.103181 0.103597 0.103602 0.103559 0.103285 0.105896 0.107914 0.108636 0.110438 0.111855 0.112486 0.113044 0.113403 0.113763 0.114095 0.114363 0.114648 0.114707 0.114427 0.112786 0.108374 0.108926 0.108744 0.107599 0.111255 0.113685 0.115899 0.117229 0.117818 0.118291 0.118723
-9999 -9999 -9999 -9999 -9999 -9999 -9999 0 0 0 0 0 0 0 0 0.102658 0.106469 0.106556 0.105604 0.10383 0.10173 0 0 0 0 0 0 0 0.100836 0.104143 0.105048 0.102116 0 0.101447 0.102822 0.107113 0.10817 0.107736 0.104811 0.10142 0 0.102437 0.103077 0.103548 0.103908 0.10417 0.104434 0.10736 0.109114 0.110431 0.111299 0.112563 0.113133 0.113541 0.113944 0.114258 0.114542 0.114726 0.11489 0.114483 0.113922 0.111022 0.10866 0.107311 0.10551 0.110645 0.112389 0.114692 0.116297 0.117622 0.11817 0.118738 0.11912
