Test_Spring_2018b/11_17/Prec/20171108_006.txt
ncols	170
nrows	115
xllcorner	350000.000000
yllcorner	4445000.000000
cellsize	1000.000000
nodata_value	-9999.000000
[rows 32 to 63 of 115, columns 72 to 143 of 170]
0.784924 0.81179 0.820785 0.831702 0.939313 1.00192 1.04693 1.06907 1.09617 1.13016 1.15399 1.17678 1.19634 1.22967 1.29477 1.35442 1.34391 1.35737 1.38873 1.37362 1.40569 1.46453 1.54166 1.52896 1.55757 1.68567 1.73333 -9999 -9999 -9999 -9999 -9999 -9999 -9999 -9999 -9999 -9999 -9999 -9999 -9999 -9999 -9999 -9999 -9999 -9999 -9999 -9999 -9999 -9999 -9999 -9999 -9999 -9999 -9999 -9999 -9999 -9999 -9999 -9999 -9999 -9999 -9999 -9999 -9999 -9999 -9999 -9999 -9999 -9999 -9999 -9999 -9999
0.796543 0.818708 0.821534 0.842828 0.914175 0.997553 1.04802 1.06731 1.09016 1.11572 1.13931 1.16212 1.19257 1.22846 1.28635 1.35245 1.37832 1.36719 1.38064 1.39185 1.42254 1.45789 1.50454 1.50003 1.51067 1.58431 1.69852 1.78433 -9999 -9999 -9999 -9999 -9999 -9999 -9999 -9999 -9999 -9999 -9999 -9999 -9999 -9999 -9999 -9999 -9999 -9999 -9999 -9999 -9999 -9999 -9999 -9999 -9999 -9999 -9999 -9999 -9999 -9999 -9999 -9999 -9999 -9999 -9999 -9999 -9999 -9999 -9999 -9999 -9999 -9999 -9999 -9999
0.809234 0.844686 0.854123 0.866998 0.957568 1.04729 1.06695 1.06753 1.08879 1.10884 1.1356 1.15951 1.18705 1.22201 1.26479 1.31299 1.38631 1.3641 1.35023 1.3663 1.384 1.41384 1.45928 1.45504 1.47346 1.57353 1.71739 1.75836 1.78494 -9999 -9999 -9999 -9999 -9999 -9999 -9999 -9999 -9999 -9999 -9999 -9999 -9999 -9999 -9999 -9999 -9999 -9999 -9999 -9999 -9999 -9999 -9999 -9999 -9999 -9999 -9999 -9999 -9999 -9999 -9999 -9999 -9999 -9999 -9999 -9999 -9999 -9999 -9999 -9999 -9999 -9999 -9999
0.822735 0.861947 0.87141 0.878252 0.920907 1.01056 1.05984 1.07477 1.08859 1.10828 1.13503 1.17818 1.19763 1.21363 1.24639 1.29912 1.35177 1.37597 1.34701 1.34984 1.36854 1.37586 1.41715 1.42497 1.44903 1.50375 1.62378 1.72044 1.75166 1.79612 -9999 -9999 -9999 -9999 -9999 -9999 -9999 -9999 -9999 -9999 -9999 -9999 -9999 -9999 -9999 -9999 -9999 -9999 -9999 -9999 -9999 -9999 -9999 -9999 -9999 -9999 -9999 -9999 -9999 -9999 -9999 -9999 -9999 -9999 -9999 -9999 -9999 -9999 -9999 -9999 -9999 -9999
-9999 -9999 0.894476 0.936595 0.976559 1.02224 1.06313 1.07618 1.08833 1.10794 1.14353 1.16873 1.18483 1.2114 1.24659 1.27354 1.31149 1.35076 1.35551 1.33355 1.36626 1.3571 1.37751 1.39178 1.42926 1.54392 1.62986 1.71785 1.74775 1.78686 -9999 -9999 -9999 -9999 -9999 -9999 -9999 -9999 -9999 -9999 -9999 -9999 -9999 -9999 -9999 -9999 -9999 -9999 -9999 -9999 -9999 -9999 -9999 -9999 -9999 -9999 -9999 -9999 -9999 -9999 -9999 -9999 -9999 -9999 -9999 -9999 -9999 -9999 -9999 -9999 -9999 -9999
-9999 -9999 -9999 0.940292 0.983303 0.981642 1.06622 1.08277 1.09036 1.10945 1.13386 1.15518 1.17756 1.20124 1.23055 1.2612 1.29715 1.31269 1.30303 1.31781 1.33897 1.35243 1.35875 1.38158 1.45164 1.55637 1.602 1.73539 1.77448 1.78855 1.81887 -9999 -9999 -9999 -9999 -9999 -9999 -9999 -9999 -9999 -9999 -9999 -9999 1.87711 -9999 -9999 -9999 -9999 -9999 -9999 -9999 -9999 -9999 -9999 -9999 -9999 -9999 -9999 -9999 -9999 -9999 -9999 -9999 -9999 2.07254 -9999 -9999 -9999 -9999 -9999 -9999 -9999
-9999 -9999 0.880094 0.955528 0.968562 0.977958 1.03938 1.08575 1.09199 1.1112 1.13365 1.15504 1.18174 1.19807 1.21972 1.2511 1.2673 1.27232 1.28241 1.2932 1.30689 1.32655 1.35054 1.37724 1.47286 1.51672 1.55332 1.64035 1.72318 1.7624 1.81158 1.85184 -9999 -9999 -9999 -9999 -9999 -9999 -9999 1.86175 1.87017 1.87698 1.87728 1.86486 1.88525 -9999 -9999 -9999 -9999 -9999 -9999 -9999 -9999 -9999 -9999 -9999 -9999 -9999 -9999 -9999 -9999 -9999 -9999 -9999 2.05348 2.07688 -9999 -9999 -9999 -9999 -9999 -9999
-9999 -9999 0.937939 0.947957 0.966922 0.97862 0.996401 1.08212 1.09893 1.11383 1.13236 1.15405 1.17711 1.18956 1.21377 1.23177 1.24797 1.24944 1.26046 1.27922 1.30071 1.32334 1.35624 1.37897 1.45969 1.49709 1.5433 1.58967 1.70115 1.76475 1.8257 1.87613 -9999 -9999 -9999 -9999 -9999 -9999 1.84942 1.83905 1.83574 1.86465 1.85386 1.84515 1.8565 1.89918 -9999 -9999 -9999 -9999 -9999 -9999 -9999 -9999 -9999 -9999 -9999 -9999 -9999 -9999 1.93605 1.96207 2.01531 2.04107 2.05494 2.07552 -9999 -9999 -9999 -9999 -9999 -9999
-9999 -9999 0.936486 0.945586 0.961675 0.979189 1.00604 1.05072 1.10057 1.11829 1.1364 1.15295 1.16787 1.19045 1.20566 1.23232 1.22659 1.23822 1.25464 1.28476 1.30785 1.35357 1.38602 1.461 1.46278 1.50516 1.56602 1.63519 1.74976 1.78724 1.82159 1.86858 -9999 -9999 -9999 -9999 -9999 -9999 1.84359 1.83149 1.82277 1.82756 1.85674 1.835 1.86161 1.88728 1.90006 1.89521 1.89694 1.9355 1.923 1.92323 1.93508 1.93073 -9999 -9999 -9999 -9999 1.93514 1.93392 1.93228 1.94216 2.0002 2.03847 2.0719 2.06912 -9999 -9999 -9999 -9999 -9999 -9999
-9999 -9999 0.917466 0.93661 0.962454 0.993372 1.01367 1.06066 1.10734 1.13103 1.14887 1.1634 1.1756 1.18935 1.20693 1.21378 1.22326 1.2382 1.28006 1.32907 1.32943 1.36606 1.45835 1.46591 1.47251 1.51917 1.58962 1.6663 1.74392 1.77706 1.81917 1.87271 -9999 -9999 -9999 1.88173 1.86146 1.86449 1.86206 1.84333 1.83096 1.81896 1.817 1.84246 1.85993 1.88585 1.9134 1.91673 1.8941 1.89541 1.91741 1.91803 1.92984 1.936 1.93048 1.92848 1.92942 1.93267 1.93375 1.93305 1.93342 1.94269 1.98831 2.01585 2.03149 2.05012 -9999 -9999 -9999 -9999 -9999 -9999
-9999 -9999 0.938568 0.960914 0.985562 1.00434 1.03483 1.05577 1.10188 1.13766 1.15362 1.17666 1.17983 1.18962 1.19853 1.2086 1.22054 1.25491 1.30095 1.34952 1.38174 1.41431 1.46434 1.49381 1.50103 1.53953 1.60988 1.68201 1.7143 1.7787 1.84804 1.90237 -9999 -9999 1.92906 1.88509 1.85487 1.84119 1.84003 1.84436 1.82669 1.83136 1.81381 1.8427 1.88373 1.88982 1.90913 1.9113 1.9188 1.925 1.93661 1.92412 1.92585 1.92983 1.92768 1.92918 1.93085 1.93228 1.93661 1.93484 1.93379 1.93886 1.97556 1.99146 2.00734 2.05975 -9999 -9999 -9999 -9999 -9999 -9999
-9999 -9999 0.944319 0.967747 0.989781 1.02174 1.04444 1.0657 1.11996 1.12923 1.15986 1.17964 1.1944 1.19318 1.19982 1.20651 1.21448 1.24613 1.28386 1.33879 1.3809 1.43422 1.46971 1.54489 1.56394 1.59706 1.63103 1.65489 1.70009 1.77817 1.82152 1.89011 1.92658 -9999 1.9305 1.91321 1.87548 1.84351 1.82456 1.83683 1.81544 1.81669 1.82084 1.8393 1.86801 1.8963 1.90782 1.92106 1.91351 1.90949 1.929 1.92948 1.92602 1.9286 1.93039 1.93245 1.93412 1.93505 1.93575 1.93574 1.93559 1.93632 1.95164 1.96636 2.00278 2.05949 -9999 -9999 -9999 -9999 -9999 -9999
-9999 0.912818 0.941462 0.959357 0.989119 1.01982 1.04923 1.0774 1.12274 1.13561 1.15231 1.17964 1.20626 1.21118 1.21267 1.20681 1.21222 1.22081 1.24506 1.30871 1.35592 1.41831 1.47857 1.53745 1.5619 1.56628 1.59919 1.64817 1.69766 1.77796 1.82268 1.86694 1.93823 1.94243 1.92487 1.91152 1.88635 1.84559 1.81792 1.80777 1.80713 1.81145 1.81437 1.84506 1.86634 1.88257 1.90311 1.91571 1.92662 1.92631 1.94436 1.93147 1.93072 1.93113 1.93348 1.93568 1.93729 1.93812 1.93852 1.93865 1.93755 1.93573 1.93371 1.95494 2.00684 2.03641 -9999 -9999 -9999 -9999 -9999 -9999
-9999 -9999 0.94458 0.975901 1.01319 1.04734 1.07508 1.09868 1.13411 1.15463 1.165 1.17605 1.20816 1.23087 1.21909 1.21587 1.21313 1.21833 1.22856 1.30238 1.34561 1.38793 1.44805 1.48224 1.5044 1.53727 1.57739 1.64896 1.71868 1.81568 1.87903 1.89884 1.93974 1.94027 1.93037 1.89348 1.8673 1.85759 1.85129 1.8099 1.80873 1.81799 1.81646 1.84292 1.85707 1.88054 1.88915 1.90213 1.91368 1.95686 1.95062 1.95536 1.94 1.93506 1.9359 1.93844 1.94009 1.94142 1.94188 1.94169 1.94028 1.93825 1.93081 1.94196 2.01592 2.03803 -9999 -9999 -9999 -9999 -9999 -9999
-9999 -9999 -9999 -9999 1.02338 1.05623 1.0891 1.11572 1.14158 1.15789 1.17152 1.18432 1.20009 1.22507 1.23207 1.23074 1.25018 1.24441 1.24037 1.25736 1.28077 1.344 1.40573 1.42005 1.46031 1.52395 1.58123 1.63718 1.71479 1.80017 1.87032 1.9247 1.94045 1.91123 1.88805 1.85015 1.83385 1.84551 1.83575 1.82277 1.80432 1.80056 1.81336 1.84096 1.85397 1.88418 1.87916 1.89011 1.91041 1.92903 1.95184 1.94837 1.95024 1.93863 1.93852 1.94038 1.94258 1.94397 1.94461 1.94438 1.94107 1.93789 1.93358 1.92866 2.00445 2.05034 -9999 -9999 -9999 -9999 -9999 -9999
-9999 -9999 -9999 -9999 1.04187 1.07806 1.10506 1.11194 1.1459 1.16247 1.18017 1.19028 1.20361 1.22392 1.24253 1.2585 1.28155 1.27796 1.26103 1.26071 1.28014 1.33914 1.36442 1.4048 1.45295 1.5262 1.58936 1.63851 1.71504 1.80445 1.85889 1.92159 1.91719 1.90699 1.88731 1.84696 1.81812 1.8071 1.82107 1.81154 1.78926 1.79742 1.82319 1.8337 1.85431 1.89137 1.87879 1.88441 1.90262 1.91298 1.94053 1.94374 1.94265 1.94081 1.94025 1.94267 1.9447 1.94632 1.9469 1.94557 1.94367 1.94014 1.93562 1.93013 1.97638 2.05317 -9999 -9999 -9999 -9999 -9999 -9999
-9999 -9999 -9999 -9999 -9999 1.10002 1.11312 1.11078 1.14978 1.1727 1.18232 1.19417 1.20976 1.22097 1.24238 1.26976 1.32286 1.31743 1.30279 1.28136 1.2828 1.31133 1.36517 1.41859 1.50095 1.57802 1.61881 1.66025 1.7251 1.80582 1.8639 1.86182 1.85373 1.8396 1.83362 1.84096 1.81666 1.79704 1.80881 1.79606 1.78239 1.79985 1.81537 1.8315 1.85371 1.8671 1.87891 1.87734 1.89987 1.90568 1.93083 1.93827 1.9408 1.94175 1.94152 1.94386 1.94605 1.9474 1.94824 1.94712 1.9451 1.94177 1.93716 1.93151 1.92921 1.96205 1.98253 -9999 -9999 -9999 -9999 -9999
-9999 -9999 -9999 -9999 -9999 1.12627 1.15084 1.14095 1.17531 1.17768 1.18427 1.19604 1.21656 1.23046 1.26115 1.27156 1.32067 1.35011 1.34436 1.36779 1.3367 1.31593 1.36861 1.49595 1.56496 1.62479 1.65391 1.68811 1.72945 1.83039 1.86617 1.84047 1.82712 1.81619 1.80694 1.80865 1.81074 1.77872 1.77837 1.77217 1.78099 1.78838 1.81526 1.83719 1.8392 1.86227 1.8769 1.87474 1.90183 1.90034 1.92726 1.93824 1.9443 1.94035 1.94242 1.94445 1.94622 1.94811 1.94898 1.94817 1.94566 1.94227 1.93798 1.93199 1.92541 1.91307 1.92952 1.92845 1.90779 -9999 -9999 -9999
-9999 -9999 -9999 -9999 -9999 -9999 1.19378 1.16566 1.18555 1.19184 1.18774 1.19732 1.22228 1.23616 1.26623 1.29347 1.33839 1.39203 1.43239 1.37465 1.33099 1.32231 1.369 1.47966 1.54448 1.58044 1.59656 1.64505 1.68808 1.77716 1.80996 1.84342 1.84802 1.83184 1.81529 1.79482 1.77963 1.77984 1.77072 1.77284 1.77893 1.78535 1.79738 1.8104 1.8373 1.83849 1.86049 1.86788 1.88317 1.89754 1.92559 1.9416 1.94072 1.93958 1.9418 1.94286 1.94576 1.94736 1.94804 1.94789 1.94552 1.94217 1.93762 1.93215 1.92531 1.90716 1.90037 1.90627 1.91755 1.93468 -9999 -9999
-9999 -9999 -9999 -9999 -9999 -9999 1.2264 1.19682 1.21508 1.1977 1.20438 1.21623 1.22194 1.23447 1.25864 1.29449 1.32662 1.38645 1.45164 1.38606 1.34739 1.3342 1.35971 1.47073 1.48507 1.5327 1.55944 1.61797 1.65911 1.71963 1.75972 1.79818 1.84059 1.86605 1.81668 1.79218 1.7721 1.76368 1.76027 1.7608 1.77263 1.78895 1.82327 1.81582 1.82707 1.84084 1.85501 1.86795 1.8814 1.89459 1.92181 1.92872 1.94025 1.93758 1.93857 1.94185 1.94424 1.94587 1.94665 1.94632 1.94496 1.94185 1.93672 1.9315 1.92518 1.90684 1.89774 1.88903 1.88363 1.91045 1.92317 1.92198
-9999 -9999 -9999 -9999 -9999 -9999 1.31358 1.25469 1.24605 1.22665 1.22483 1.22467 1.22713 1.24402 1.25721 1.28495 1.31306 1.35573 1.41855 1.46491 1.42231 1.35905 1.36887 1.41573 1.44833 1.49633 1.54236 1.57407 1.60114 1.67068 1.7249 1.77441 1.80408 1.82432 1.78949 1.78834 1.79474 1.75285 1.75613 1.76287 1.7854 1.81912 1.82455 1.85288 1.85336 1.87895 1.87733 1.87731 1.88397 1.89461 1.92245 1.92822 1.93415 1.93286 1.93686 1.94019 1.94259 1.94403 1.94462 1.94457 1.94328 1.94044 1.93655 1.93181 1.9247 1.90632 1.89771 1.88935 1.88088 1.87756 1.87746 1.88671
-9999 -9999 -9999 -9999 -9999 -9999 1.32808 1.30815 1.26594 1.26429 1.23981 1.24004 1.23434 1.24211 1.25702 1.2829 1.31536 1.35271 1.40862 1.45612 1.43465 1.39694 1.38032 1.40983 1.4541 1.48399 1.51646 1.5538 1.5849 1.64109 1.67777 1.73455 1.76378 1.79893 1.75998 1.76002 1.7714 1.7526 1.75793 1.79719 1.82947 1.83972 1.84189 1.86728 1.8788 1.90528 1.90526 1.8869 1.90339 1.91177 1.92652 1.93022 1.92787 1.93193 1.93567 1.93858 1.94087 1.94208 1.94243 1.94244 1.94123 1.93892 1.936 1.93076 1.92547 1.90666 1.8982 1.89017 1.88226 1.87553 1.86287 1.85506
-9999 -9999 -9999 -9999 -9999 -9999 1.32349 1.33515 1.29776 1.28048 1.25361 1.2472 1.24324 1.24962 1.26738 1.28414 1.30803 1.34268 1.37178 1.41598 1.4738 1.4251 1.42501 1.44931 1.4732 1.48216 1.51095 1.54739 1.629 1.63909 1.67162 1.71052 1.72998 1.75302 1.73486 1.74069 1.74649 1.75266 1.7867 1.8326 1.87119 1.85517 1.86822 1.87898 1.92012 1.89934 1.88808 1.89157 1.9223 1.94264 1.93707 1.92972 1.93111 1.93297 1.93484 1.93775 1.93925 1.94056 1.941 1.94064 1.9396 1.93756 1.93472 1.93097 1.92496 1.906 1.89866 1.88459 1.87614 1.86989 1.86286 1.85768
-9999 -9999 -9999 -9999 -9999 -9999 -9999 1.36448 1.33875 1.28983 1.26651 1.25422 1.25179 1.2595 1.27281 1.28753 1.30638 1.33491 1.37005 1.42052 1.46411 1.46661 1.46681 1.50811 1.52028 1.50695 1.51952 1.56404 1.67197 1.67976 1.66496 1.67951 1.694 1.70681 1.72372 1.73373 1.74712 1.77283 1.84015 1.85385 1.88464 1.88927 1.90989 1.90607 1.9238 1.9058 1.90368 1.90895 1.9442 1.97199 1.93971 1.93309 1.93969 1.93625 1.93531 1.93737 1.9388 1.93994 1.94006 1.93954 1.93841 1.93332 1.93029 1.92631 1.92008 1.89987 1.89458 1.88821 1.88335 1.87194 1.86433 1.84213
-9999 -9999 -9999 -9999 -9999 -9999 -9999 1.41655 1.36182 1.30104 1.28894 1.27523 1.26359 1.27153 1.28893 1.30634 1.32495 1.34619 1.38628 1.42739 1.46923 1.49607 1.51098 1.55358 1.5554 1.52808 1.54215 1.5698 1.69836 1.73267 1.70661 1.68522 1.69418 1.70738 1.75717 1.75589 1.78487 1.8214 1.83604 1.85583 1.89077 1.88499 1.91369 1.91384 1.93889 1.93234 1.93392 1.92426 1.95549 1.98915 1.95596 1.94577 1.94953 1.93728 1.93449 1.93518 1.93631 1.93686 1.9369 1.93602 1.93475 1.93276 1.93002 1.92691 1.92407 1.92192 1.92997 1.92262 1.90705 1.89207 1.87309 1.84369
-9999 -9999 -9999 -9999 -9999 -9999 -9999 1.41971 1.38561 1.33264 1.29526 1.30258 1.2882 1.28485 1.30376 1.32433 1.34596 1.36228 1.40478 1.45176 1.49406 1.54276 1.55639 1.55387 1.56081 1.54995 1.56626 1.59482 1.7019 1.70597 1.6925 1.69067 1.69786 1.71155 1.72949 1.74268 1.76641 1.7805 1.81015 1.85276 1.87414 1.87309 1.91911 1.92523 1.92044 1.95844 1.94269 1.93951 1.97666 1.97809 1.95675 1.94765 1.93964 1.93719 1.93747 1.93597 1.93715 1.93752 1.93736 1.93672 1.93532 1.93372 1.93126 1.93076 1.93104 1.9538 1.94096 1.93177 1.91192 1.89376 1.85708 1.84557
-9999 -9999 -9999 -9999 -9999 -9999 -9999 1.4239 1.39368 1.3489 1.32537 1.32958 1.31288 1.29874 1.31078 1.33224 1.34625 1.36977 1.40763 1.44943 1.49516 1.52651 1.57833 1.56344 1.57974 1.57248 1.58006 1.68689 1.71495 1.71141 1.70656 1.71185 1.70399 1.71452 1.73014 1.7659 1.78707 1.78891 1.80198 1.81941 1.85148 1.86048 1.88444 1.89954 1.91458 1.95845 1.95388 1.9606 1.95648 1.9612 1.95204 1.94694 1.94209 1.94275 1.94142 1.93844 1.93911 1.93943 1.93932 1.93845 1.93732 1.93647 1.93469 1.93746 1.94445 1.9606 1.96989 1.93919 1.90728 1.87251 1.85952 1.84894
-9999 -9999 -9999 -9999 -9999 -9999 -9999 1.44495 1.41101 1.37397 1.36459 1.37151 1.33349 1.31379 1.32342 1.33895 1.356 1.39731 1.40793 1.42738 1.46953 1.52538 1.5862 1.59973 1.61166 1.59812 1.60539 1.72724 1.75634 1.76224 1.74717 1.73392 1.7183 1.72189 1.73941 1.79072 1.84413 1.83098 1.81621 1.82394 1.83823 1.86883 1.88419 1.89912 1.92431 1.95779 1.98062 1.98041 1.97515 1.96988 1.95876 1.94974 1.95771 1.95754 1.94745 1.94197 1.94263 1.94284 1.94232 1.94155 1.94036 1.9407 1.9405 1.9415 1.96657 1.97994 1.98506 1.9438 1.91994 1.88395 1.8602 1.84933
-9999 -9999 -9999 -9999 -9999 -9999 -9999 1.47364 1.45171 1.41623 1.40809 1.38814 1.35272 1.34014 1.33921 1.34948 1.36433 1.38898 1.40913 1.43806 1.48079 1.53504 1.59461 1.63981 1.64288 1.63567 1.66737 1.76214 1.79491 1.7888 1.77164 1.73845 1.72386 1.73097 1.74311 1.76089 1.80234 1.85025 1.8579 1.84559 1.87004 1.89733 1.89465 1.90485 1.9296 1.95004 1.98154 1.9752 1.99182 1.98885 1.97518 1.95264 1.95197 1.95526 1.94625 1.94711 1.94765 1.94742 1.94698 1.94595 1.94447 1.94409 1.94569 1.96135 1.97388 1.99252 1.98991 1.93558 1.89427 1.87732 1.86162 1.85174
-9999 -9999 -9999 -9999 -9999 -9999 -9999 1.51314 1.48434 1.45122 1.4204 1.3914 1.36755 1.37454 1.3665 1.37644 1.37754 1.39119 1.41539 1.44142 1.47971 1.5446 1.6024 1.66484 1.66962 1.65514 1.74265 1.78126 1.83807 1.81044 1.77748 1.74788 1.73671 1.76555 1.75704 1.76774 1.78868 1.82053 1.86525 1.8722 1.90748 1.91637 1.90998 1.91338 1.92395 1.94124 1.95946 1.97527 1.99878 2.00035 1.98808 1.9714 1.95469 1.95393 1.95214 1.95336 1.95403 1.95378 1.9531 1.95214 1.95105 1.95045 1.96327 1.9785 1.9856 1.99667 1.99276 1.93795 1.89063 1.87746 1.86246 1.85206
-9999 -9999 -9999 -9999 -9999 -9999 -9999 -9999 1.50207 1.46689 1.44318 1.44373 1.42333 1.41657 1.41352 1.42042 1.39496 1.40367 1.42296 1.44753 1.48182 1.53421 1.57597 1.63623 1.68475 1.73184 1.79566 1.80034 1.81956 1.81561 1.78467 1.75084 1.75775 1.79856 1.80425 1.8073 1.80194 1.8171 1.87509 1.90813 1.93674 1.92912 1.92086 1.92481 1.93206 1.94334 1.94252 2.00461 1.988 1.9767 1.97717 1.96721 1.96036 1.96028 1.96029 1.96146 1.96191 1.96187 1.96162 1.96039 1.96045 1.96285 1.97712 2.01642 2.00889 2.00762 2.01485 1.95261 1.90714 1.88068 1.86274 1.85215
-9999 -9999 -9999 -9999 -9999 -9999 -9999 -9999 1.53054 1.48764 1.48596 1.49598 1.52242 1.52337 1.46788 1.46416 1.43977 1.41778 1.4312 1.45519 1.48783 1.52457 1.57481 1.64056 1.69689 1.80105 1.78933 1.7751 1.78262 1.78466 1.77153 1.7797 1.82247 1.86226 1.85647 1.85613 1.82789 1.82908 1.84369 1.88117 1.9229 1.94811 1.93406 1.93875 1.94532 1.95322 1.95313 1.98333 1.98678 1.97816 1.97335 1.97237 1.96725 1.96803 1.96965 1.97057 1.97149 1.97183 1.97217 1.97175 1.97569 1.98016 2.0055 2.02504 2.03444 2.04744 1.99547 1.94971 1.91052 1.88345 1.86487 1.85402
