Test_Spring_2018b/11_17/Prec/20171115_004.txt
ncols	170
nrows	115
xllcorner	350000.000000
yllcorner	4445000.000000
cellsize	1000.000000
nodata_value	-9999.000000
[rows 32 to 63 of 115, columns 71 to 141 of 170]
0.47946 0.485973 0.487966 0.504162 0.520094 0.557883 0.57709 0.610832 0.61938 0.623206 0.620745 0.624174 0.626969 0.630801 0.623647 0.592804 0.56538 0.588271 0.594093 0.587548 0.615239 0.610017 0.586715 0.551506 0.582149 0.584146 0.587388 0.618375 -9999 -9999 -9999 -9999 -9999 -9999 -9999 -9999 -9999 -9999 -9999 -9999 -9999 -9999 -9999 -9999 -9999 -9999 -9999 -9999 -9999 -9999 -9999 -9999 -9999 -9999 -9999 -9999 -9999 -9999 -9999 -9999 -9999 -9999 -9999 -9999 -9999 -9999 -9999 -9999 -9999 -9999 -9999
0.475934 0.4799 0.484863 0.504966 0.512791 0.540145 0.581645 0.61029 0.620214 0.626511 0.629633 0.632879 0.635423 0.631312 0.622322 0.596775 0.564879 0.561795 0.585507 0.591998 0.600806 0.59652 0.589921 0.576275 0.600488 0.6147 0.611945 0.641785 0.652553 -9999 -9999 -9999 -9999 -9999 -9999 -9999 -9999 -9999 -9999 -9999 -9999 -9999 -9999 -9999 -9999 -9999 -9999 -9999 -9999 -9999 -9999 -9999 -9999 -9999 -9999 -9999 -9999 -9999 -9999 -9999 -9999 -9999 -9999 -9999 -9999 -9999 -9999 -9999 -9999 -9999 -9999
0.469529 0.472051 0.467321 0.482494 0.496161 0.548146 0.58662 0.596781 0.619861 0.627007 0.63381 0.634528 0.636059 0.633867 0.625416 0.610662 0.591606 0.554365 0.586047 0.612184 0.617463 0.622446 0.619671 0.606681 0.630393 0.638604 0.660611 0.677175 0.668048 0.668597 -9999 -9999 -9999 -9999 -9999 -9999 -9999 -9999 -9999 -9999 -9999 -9999 -9999 -9999 -9999 -9999 -9999 -9999 -9999 -9999 -9999 -9999 -9999 -9999 -9999 -9999 -9999 -9999 -9999 -9999 -9999 -9999 -9999 -9999 -9999 -9999 -9999 -9999 -9999 -9999 -9999
0.459884 0.462651 0.455367 0.470708 0.488926 0.527384 0.571552 0.601898 0.614708 0.627197 0.634183 0.634758 0.622247 0.625645 0.630579 0.622775 0.600201 0.577607 0.575705 0.61255 0.627238 0.631421 0.644784 0.634721 0.64969 0.653758 0.685604 0.690417 0.69217 0.689181 0.67571 -9999 -9999 -9999 -9999 -9999 -9999 -9999 -9999 -9999 -9999 -9999 -9999 -9999 -9999 -9999 -9999 -9999 -9999 -9999 -9999 -9999 -9999 -9999 -9999 -9999 -9999 -9999 -9999 -9999 -9999 -9999 -9999 -9999 -9999 -9999 -9999 -9999 -9999 -9999 -9999
-9999 -9999 -9999 0.454447 0.492021 0.522115 0.562474 0.599484 0.614073 0.628026 0.63518 0.629352 0.629581 0.635085 0.632026 0.622027 0.617552 0.605103 0.591976 0.604271 0.636607 0.630615 0.655855 0.660915 0.671417 0.666058 0.699996 0.682652 0.690946 0.689037 0.679405 -9999 -9999 -9999 -9999 -9999 -9999 -9999 -9999 -9999 -9999 -9999 -9999 -9999 -9999 -9999 -9999 -9999 -9999 -9999 -9999 -9999 -9999 -9999 -9999 -9999 -9999 -9999 -9999 -9999 -9999 -9999 -9999 -9999 -9999 -9999 -9999 -9999 -9999 -9999 -9999
-9999 -9999 -9999 -9999 0.490215 0.517645 0.546009 0.597283 0.610118 0.627894 0.635709 0.637977 0.64082 0.641434 0.639932 0.633537 0.625731 0.614077 0.61746 0.639686 0.645314 0.647541 0.656584 0.672049 0.676806 0.696488 0.68795 0.679078 0.675423 0.667321 0.675946 0.671486 -9999 -9999 -9999 -9999 -9999 -9999 -9999 -9999 -9999 -9999 -9999 -9999 0.812097 -9999 -9999 -9999 -9999 -9999 -9999 -9999 -9999 -9999 -9999 -9999 -9999 -9999 -9999 -9999 -9999 -9999 -9999 -9999 -9999 0.961796 -9999 -9999 -9999 -9999 -9999
-9999 -9999 -9999 0.464422 0.509035 0.528574 0.550743 0.577764 0.609295 0.628832 0.637021 0.640824 0.643436 0.640483 0.643587 0.641884 0.63267 0.63436 0.644562 0.65199 0.660135 0.667623 0.672366 0.675531 0.678138 0.719852 0.713572 0.712388 0.693524 0.702336 0.693305 0.675458 0.662389 -9999 -9999 -9999 -9999 -9999 -9999 -9999 0.755391 0.764013 0.775278 0.792806 0.821086 0.827285 -9999 -9999 -9999 -9999 -9999 -9999 -9999 -9999 -9999 -9999 -9999 -9999 -9999 -9999 -9999 -9999 -9999 -9999 -9999 0.994749 0.974727 -9999 -9999 -9999 -9999
-9999 -9999 -9999 0.489299 0.512582 0.530054 0.552747 0.570426 0.613878 0.626824 0.63872 0.645533 0.647718 0.646833 0.651902 0.64733 0.646635 0.647246 0.659045 0.665073 0.667027 0.668778 0.671599 0.668894 0.67521 0.725079 0.725023 0.71846 0.711086 0.716971 0.691018 0.664992 0.644577 -9999 -9999 -9999 -9999 -9999 -9999 0.746574 0.767405 0.784826 0.780953 0.807664 0.834914 0.849668 0.889442 -9999 -9999 -9999 -9999 -9999 -9999 -9999 -9999 -9999 -9999 -9999 -9999 -9999 -9999 1.11497 1.09314 1.05068 1.02747 1.01278 0.99363 -9999 -9999 -9999 -9999
-9999 -9999 -9999 0.485604 0.512032 0.534146 0.555206 0.568785 0.603021 0.629565 0.640152 0.647499 0.653144 0.65746 0.654241 0.654931 0.646677 0.661775 0.665119 0.666374 0.659606 0.660047 0.646505 0.644786 0.691595 0.718599 0.716836 0.701565 0.679487 0.666806 0.675158 0.668642 0.650682 -9999 -9999 -9999 -9999 -9999 -9999 0.746158 0.768023 0.78955 0.803727 0.802883 0.84121 0.889761 0.899247 0.919219 0.952596 0.981384 1.02119 1.04425 1.06746 1.08015 1.10193 -9999 -9999 -9999 -9999 1.1439 1.14431 1.14264 1.13089 1.08335 1.04951 1.01923 1.02813 -9999 -9999 -9999 -9999
-9999 -9999 -9999 0.49403 0.515996 0.533961 0.548227 0.569229 0.602753 0.62954 0.637932 0.644984 0.651252 0.656375 0.658098 0.655449 0.659719 0.662122 0.661436 0.642913 0.621333 0.637192 0.633934 0.619413 0.681844 0.707422 0.704701 0.684624 0.659085 0.672638 0.683734 0.672063 0.646301 -9999 -9999 -9999 0.681815 0.704763 0.711521 0.723501 0.749105 0.772529 0.805283 0.828015 0.857341 0.888664 0.901033 0.913725 0.944745 0.994676 1.02689 1.06559 1.09151 1.10686 1.13189 1.15218 1.16637 1.17474 1.17771 1.17875 1.17798 1.17392 1.1616 1.11331 1.08541 1.06625 1.05292 -9999 -9999 -9999 -9999
-9999 -9999 -9999 0.486626 0.507971 0.528266 0.552765 0.567698 0.587493 0.614651 0.639437 0.648104 0.647977 0.658843 0.662248 0.664406 0.664776 0.663848 0.647785 0.625164 0.60319 0.595876 0.614911 0.602555 0.646477 0.672318 0.688355 0.673665 0.65224 0.657639 0.671763 0.651221 0.627636 -9999 -9999 0.639604 0.678507 0.707294 0.724865 0.734962 0.743387 0.770498 0.784805 0.818585 0.842036 0.856639 0.884805 0.92059 0.956121 1.00487 1.0354 1.09234 1.11786 1.14145 1.16013 1.17947 1.19207 1.20026 1.20433 1.20229 1.20112 1.19659 1.18562 1.15067 1.13027 1.12179 1.07068 -9999 -9999 -9999 -9999
-9999 -9999 -9999 0.488962 0.511722 0.535707 0.551925 0.573385 0.589262 0.610786 0.631248 0.65067 0.652594 0.654325 0.664448 0.666741 0.667907 0.668211 0.652643 0.63484 0.60754 0.592827 0.594094 0.593242 0.610731 0.629345 0.638487 0.64691 0.661733 0.672834 0.676235 0.665291 0.639831 0.625791 -9999 0.639488 0.657817 0.690574 0.719964 0.741757 0.743742 0.773292 0.790365 0.825054 0.839723 0.864981 0.900197 0.929109 0.957841 1.00192 1.06056 1.11327 1.14355 1.16257 1.18413 1.20201 1.21503 1.22345 1.22757 1.22733 1.22367 1.21696 1.20741 1.18609 1.17543 1.13922 1.08363 -9999 -9999 -9999 -9999
-9999 -9999 0.4382 0.486674 0.516212 0.537382 0.557127 0.576191 0.59373 0.619669 0.636658 0.647944 0.659414 0.651841 0.656376 0.660921 0.669524 0.670087 0.669695 0.660443 0.626109 0.622844 0.607701 0.590377 0.611266 0.627951 0.659845 0.671112 0.669871 0.66652 0.666893 0.669446 0.654317 0.620766 0.626247 0.644897 0.659016 0.681283 0.715617 0.742536 0.75986 0.77414 0.80074 0.823441 0.851149 0.883334 0.910021 0.935531 0.967973 1.0021 1.04396 1.09832 1.15886 1.18826 1.2038 1.22245 1.23603 1.24463 1.24845 1.2476 1.24264 1.23517 1.22586 1.22429 1.19747 1.18315 1.14921 -9999 -9999 -9999 -9999
-9999 -9999 -9999 0.48123 0.503533 0.521654 0.541162 0.5635 0.586174 0.619373 0.632707 0.648357 0.658612 0.65613 0.646832 0.659649 0.664948 0.669978 0.670739 0.670547 0.64422 0.631968 0.624607 0.608324 0.647033 0.667084 0.680281 0.688202 0.672501 0.65627 0.644314 0.621874 0.626545 0.61933 0.630504 0.642587 0.672391 0.694051 0.704769 0.715221 0.754238 0.776154 0.804784 0.834326 0.848432 0.887509 0.911516 0.948351 0.983404 1.02002 1.03352 1.1068 1.14022 1.18418 1.22668 1.24038 1.25417 1.26276 1.26582 1.26418 1.25842 1.24995 1.24607 1.26149 1.24649 1.18659 1.15775 -9999 -9999 -9999 -9999
-9999 -9999 -9999 -9999 -9999 0.51639 0.538489 0.558651 0.580489 0.620606 0.637555 0.651137 0.659943 0.661467 0.654987 0.653313 0.656173 0.644159 0.654039 0.670639 0.672686 0.674769 0.652741 0.663969 0.689018 0.697338 0.689785 0.686774 0.683733 0.663156 0.659376 0.632727 0.612911 0.616296 0.64768 0.674813 0.704361 0.71785 0.712159 0.724193 0.753741 0.785309 0.81195 0.832168 0.846828 0.888117 0.90929 0.958111 0.996891 1.02954 1.06304 1.11652 1.15759 1.19062 1.22823 1.25167 1.26849 1.2766 1.27926 1.2769 1.27042 1.27634 1.27212 1.26817 1.26465 1.20341 1.15744 -9999 -9999 -9999 -9999
-9999 -9999 -9999 -9999 -9999 0.505717 0.526289 0.551459 0.588168 0.622369 0.639362 0.650073 0.660711 0.663719 0.656972 0.648205 0.637991 0.62447 0.632559 0.654208 0.668502 0.673422 0.654599 0.691748 0.698683 0.702075 0.688415 0.682038 0.684758 0.66581 0.659056 0.644199 0.618706 0.636701 0.654288 0.674698 0.707793 0.729643 0.740928 0.739118 0.758609 0.793014 0.811439 0.822965 0.850812 0.887557 0.905118 0.960787 1.00488 1.04053 1.08143 1.13218 1.16952 1.20555 1.23677 1.26091 1.27622 1.28526 1.28749 1.28483 1.28474 1.28078 1.27692 1.27334 1.27053 1.23085 1.16289 -9999 -9999 -9999 -9999
-9999 -9999 -9999 -9999 -9999 -9999 0.513718 0.54883 0.592088 0.622441 0.634699 0.65106 0.660284 0.661509 0.661162 0.64968 0.631572 0.59581 0.605075 0.62492 0.654259 0.672004 0.675012 0.691469 0.689064 0.667934 0.651676 0.661581 0.670084 0.659807 0.659333 0.642092 0.663421 0.684221 0.704716 0.715269 0.71311 0.731953 0.749268 0.74815 0.769899 0.798147 0.810021 0.829164 0.85331 0.889269 0.92435 0.962995 1.01279 1.04584 1.09051 1.14318 1.17776 1.21136 1.24066 1.26458 1.27989 1.2884 1.29087 1.28941 1.2869 1.28338 1.2799 1.27701 1.27499 1.27092 1.23507 1.21462 -9999 -9999 -9999
-9999 -9999 -9999 -9999 -9999 -9999 0.497811 0.523764 0.571594 0.60494 0.631433 0.649582 0.658643 0.656286 0.655397 0.637843 0.631786 0.598289 0.584527 0.598047 0.595032 0.635968 0.674128 0.691453 0.6353 0.623193 0.61879 0.636591 0.649866 0.656164 0.641244 0.640015 0.678421 0.703193 0.721663 0.734895 0.738921 0.738514 0.764164 0.773613 0.790746 0.802809 0.821846 0.832656 0.8524 0.902681 0.930431 0.966636 1.01641 1.04568 1.09505 1.14616 1.17766 1.20821 1.24059 1.2625 1.2778 1.28868 1.28997 1.28855 1.28682 1.28439 1.28185 1.27973 1.27898 1.27898 1.27631 1.25944 1.2555 1.26582 -9999
-9999 -9999 -9999 -9999 -9999 -9999 -9999 0.494025 0.553428 0.596743 0.619501 0.644746 0.655117 0.658301 0.653653 0.635161 0.617776 0.588065 0.553725 0.539731 0.595109 0.644809 0.673718 0.695569 0.650298 0.64004 0.651622 0.677634 0.679572 0.683723 0.677511 0.678111 0.673896 0.685957 0.712337 0.734665 0.751468 0.76436 0.767589 0.780407 0.797154 0.811155 0.830604 0.851568 0.876975 0.908583 0.950923 0.980552 1.02209 1.05841 1.09487 1.14444 1.17105 1.20547 1.23489 1.256 1.28007 1.28513 1.28704 1.28639 1.28412 1.28439 1.28304 1.28241 1.28258 1.284 1.28629 1.28706 1.27878 1.26657 1.24994
-9999 -9999 -9999 -9999 -9999 -9999 -9999 0.471138 0.529485 0.57348 0.612072 0.640151 0.652457 0.657546 0.654699 0.641464 0.618986 0.599544 0.56168 0.522449 0.58181 0.639224 0.670671 0.678027 0.661059 0.685458 0.686945 0.703656 0.6968 0.7009 0.715469 0.710268 0.702266 0.693547 0.694987 0.735374 0.756374 0.774068 0.784666 0.794304 0.804896 0.821863 0.837027 0.841113 0.880054 0.921738 0.953212 0.986498 1.02193 1.05737 1.09241 1.14153 1.17283 1.19669 1.232 1.2646 1.27415 1.2799 1.28244 1.28269 1.28173 1.28039 1.2923 1.28523 1.2867 1.28914 1.29239 1.29589 1.29899 1.29941 1.27621
-9999 -9999 -9999 -9999 -9999 -9999 -9999 0.408803 0.485765 0.564571 0.601611 0.631192 0.644525 0.652547 0.647503 0.64335 0.62799 0.612681 0.588238 0.551504 0.529509 0.577076 0.641632 0.676504 0.705605 0.714876 0.714051 0.71485 0.725361 0.737837 0.746179 0.739737 0.72229 0.731131 0.725226 0.756565 0.762325 0.762532 0.79863 0.804591 0.811474 0.811189 0.822208 0.84611 0.861509 0.909437 0.930139 0.972319 1.01445 1.05203 1.08612 1.13354 1.172 1.19719 1.24411 1.25764 1.26721 1.27343 1.27699 1.27857 1.27885 1.27907 1.28007 1.29966 1.30454 1.29511 1.29918 1.30351 1.30735 1.31079 1.30988
-9999 -9999 -9999 -9999 -9999 -9999 -9999 0.414577 0.492079 0.548133 0.584197 0.618566 0.63173 0.646205 0.648686 0.644501 0.631785 0.614628 0.595099 0.564131 0.541734 0.571876 0.62029 0.654088 0.696991 0.71376 0.723732 0.732064 0.745383 0.753398 0.772946 0.767914 0.767317 0.758899 0.743457 0.779258 0.785839 0.784142 0.805169 0.810907 0.795222 0.788262 0.801302 0.844057 0.856796 0.896623 0.915675 0.953965 1.00639 1.04011 1.07368 1.13093 1.15969 1.21915 1.23648 1.24987 1.25989 1.26682 1.27157 1.27468 1.27652 1.27841 1.28082 1.28377 1.31131 1.31782 1.32355 1.31176 1.31645 1.32042 1.32276
-9999 -9999 -9999 -9999 -9999 -9999 -9999 0.4095 0.472959 0.523647 0.571774 0.607363 0.62533 0.639064 0.643414 0.638301 0.633386 0.62358 0.60702 0.596068 0.576384 0.549387 0.60171 0.626638 0.673659 0.69046 0.715008 0.725748 0.730654 0.752898 0.768894 0.794412 0.782485 0.781821 0.776237 0.798547 0.802612 0.806617 0.811226 0.79756 0.777935 0.766774 0.798505 0.813105 0.857227 0.87405 0.926441 0.972942 1.0096 1.02187 1.04373 1.11449 1.18751 1.20975 1.22793 1.24241 1.25269 1.2609 1.2667 1.27119 1.27496 1.2785 1.28251 1.28717 1.29269 1.32692 1.33306 1.33999 1.36753 1.37285 1.35412
-9999 -9999 -9999 -9999 -9999 -9999 -9999 -9999 0.445873 0.506664 0.561032 0.594232 0.616972 0.630443 0.634927 0.634253 0.632096 0.627145 0.616073 0.601644 0.578049 0.561613 0.577124 0.602509 0.640325 0.659209 0.697468 0.717492 0.714266 0.704504 0.757774 0.788199 0.794978 0.799406 0.802952 0.80745 0.810044 0.810166 0.802167 0.765745 0.765855 0.760916 0.778038 0.787111 0.845276 0.879151 0.926188 0.963202 0.995497 1.006 1.05883 1.15991 1.19042 1.20798 1.22933 1.23537 1.24661 1.25566 1.26274 1.26891 1.27444 1.27979 1.30025 1.30771 1.316 1.35805 1.36478 1.37176 1.3783 1.38232 1.38945
-9999 -9999 -9999 -9999 -9999 -9999 -9999 -9999 0.432729 0.492331 0.554006 0.578426 0.601975 0.622288 0.627153 0.624319 0.621124 0.61723 0.612148 0.594677 0.578008 0.562644 0.560046 0.568049 0.611713 0.636053 0.682235 0.698969 0.705719 0.721041 0.717635 0.755669 0.788303 0.797151 0.801273 0.77779 0.79032 0.780976 0.766791 0.769621 0.770639 0.763154 0.787707 0.790372 0.816499 0.874739 0.911142 0.942857 0.983124 0.993706 1.04103 1.14597 1.17786 1.19676 1.22419 1.24198 1.25468 1.26486 1.27372 1.2817 1.28955 1.29729 1.30545 1.31421 1.32333 1.33226 1.37632 1.36036 1.36888 1.38199 1.39321
-9999 -9999 -9999 -9999 -9999 -9999 -9999 -9999 0.43552 0.478587 0.533416 0.575269 0.58334 0.605665 0.618984 0.615614 0.610792 0.605374 0.604377 0.58551 0.564696 0.548762 0.529851 0.53783 0.559002 0.63372 0.666133 0.679278 0.683431 0.717457 0.734934 0.763441 0.781939 0.792398 0.796857 0.797274 0.80056 0.79625 0.79941 0.792479 0.777834 0.780488 0.801609 0.791329 0.812223 0.843262 0.896012 0.937939 0.971172 0.975092 1.1031 1.14446 1.17463 1.20148 1.22176 1.23763 1.25257 1.26369 1.2739 1.2834 1.29255 1.3019 1.31128 1.32131 1.33 1.33811 1.32989 1.36844 1.37963 1.39735 1.41253
-9999 -9999 -9999 -9999 -9999 -9999 -9999 -9999 0.438464 0.477133 0.52486 0.555936 0.5658 0.589656 0.610861 0.61274 0.60768 0.60816 0.602313 0.586973 0.569872 0.551192 0.544214 0.523882 0.552835 0.621064 0.649242 0.666965 0.706423 0.707008 0.729201 0.751057 0.764328 0.785841 0.7931 0.795957 0.783943 0.782494 0.79546 0.801323 0.805443 0.800772 0.81469 0.819944 0.833671 0.849385 0.899225 0.931306 0.955518 1.04893 1.11663 1.14826 1.17492 1.19919 1.21729 1.23471 1.25141 1.26385 1.27524 1.28601 1.29671 1.30727 1.31752 1.32848 1.33624 1.34098 1.33902 1.36549 1.39364 1.4217 1.48296
-9999 -9999 -9999 -9999 -9999 -9999 -9999 -9999 0.429966 0.469806 0.510793 0.530831 0.53819 0.577094 0.602229 0.605926 0.605298 0.603788 0.585296 0.589611 0.588487 0.572102 0.547008 0.519484 0.527071 0.586783 0.629803 0.646335 0.67707 0.676043 0.690786 0.719595 0.746067 0.773281 0.785895 0.787938 0.765444 0.741578 0.766118 0.792721 0.804376 0.812849 0.811326 0.822606 0.836013 0.843714 0.863732 0.913559 0.941387 1.08294 1.11273 1.14518 1.17432 1.18931 1.20823 1.23243 1.25163 1.265 1.27755 1.2898 1.30168 1.31359 1.32432 1.3355 1.34592 1.33913 1.34074 1.33166 1.41158 1.43568 1.54078
-9999 -9999 -9999 -9999 -9999 -9999 -9999 -9999 0.416435 0.446228 0.484959 0.503221 0.529272 0.565874 0.585634 0.596805 0.599935 0.60001 0.59351 0.590905 0.58281 0.565745 0.541387 0.514204 0.498292 0.513466 0.601536 0.651278 0.651227 0.646874 0.669731 0.69969 0.74033 0.766815 0.777084 0.783358 0.785463 0.770758 0.751945 0.76297 0.789528 0.791045 0.792107 0.816401 0.833066 0.840754 0.852788 0.9145 1.01317 1.0745 1.10229 1.13639 1.17525 1.19664 1.21344 1.23741 1.25278 1.26708 1.28092 1.29417 1.30736 1.32066 1.33312 1.3443 1.34555 1.34928 1.34876 1.36358 1.44046 1.51135 1.57462
-9999 -9999 -9999 -9999 -9999 -9999 -9999 -9999 0.395356 0.428781 0.464715 0.498395 0.530241 0.557962 0.563236 0.579228 0.582392 0.592211 0.593489 0.587838 0.58166 0.567551 0.535238 0.508939 0.480133 0.493501 0.573168 0.644707 0.636234 0.61411 0.652042 0.69305 0.730897 0.75483 0.749491 0.770771 0.778227 0.778614 0.771748 0.756518 0.76963 0.763737 0.778362 0.805562 0.827277 0.845242 0.85953 0.890442 1.01722 1.07334 1.098 1.13131 1.16628 1.19962 1.21985 1.23924 1.25505 1.27004 1.28475 1.29907 1.31317 1.32721 1.34095 1.34526 1.34818 1.35733 1.36401 1.38175 1.41617 1.54059 1.60473
-9999 -9999 -9999 -9999 -9999 -9999 -9999 -9999 -9999 0.42215 0.458501 0.486154 0.495954 0.520543 0.53517 0.547134 0.552133 0.580782 0.585384 0.583068 0.577772 0.566379 0.542877 0.527911 0.500423 0.482029 0.568108 0.60509 0.620755 0.625386 0.645991 0.685265 0.725905 0.736628 0.722541 0.733539 0.746527 0.76596 0.771317 0.746825 0.741526 0.74084 0.767792 0.796818 0.818617 0.839453 0.858533 0.971576 1.04585 1.08518 1.1197 1.14448 1.17524 1.20213 1.22251 1.24127 1.25777 1.27359 1.28884 1.30357 1.31863 1.33269 1.34524 1.34963 1.33654 1.35779 1.37518 1.38705 1.48144 1.60184 1.63345
-9999 -9999 -9999 -9999 -9999 -9999 -9999 -9999 -9999 0.407671 0.448551 0.459426 0.461586 0.451737 0.460159 0.509289 0.521448 0.548942 0.575334 0.577027 0.571993 0.56169 0.549406 0.528327 0.496893 0.47288 0.516457 0.588884 0.636686 0.649622 0.665728 0.691933 0.702053 0.686658 0.672989 0.691977 0.707205 0.743004 0.758431 0.765323 0.757125 0.747452 0.751363 0.785266 0.807345 0.829576 0.852073 0.954943 1.01558 1.09032 1.12401 1.15359 1.17882 1.20532 1.22585 1.2441 1.26138 1.27738 1.29284 1.30764 1.32267 1.33458 1.34643 1.34387 1.34628 1.35694 1.366 1.42277 1.5073 1.57379 1.66294
