Test_Spring_2018b/11_17/Prec/20171111_015.txt
ncols	170
nrows	115
xllcorner	350000.000000
yllcorner	4445000.000000
cellsize	1000.000000
nodata_value	-9999.000000
[rows 32 to 63 of 115, columns 72 to 143 of 170]
2.89307 2.89114 2.91549 2.93862 2.92525 2.91486 2.95328 2.95616 2.95013 2.93227 2.92576 2.91814 2.91249 2.88577 2.81359 2.74723 2.77558 2.77011 2.73942 2.77185 2.73943 2.67024 2.57599 2.60472 2.57692 2.44463 2.3922 -9999 -9999 -9999 -9999 -9999 -9999 -9999 -9999 -9999 -9999 -9999 -9999 -9999 -9999 -9999 -9999 -9999 -9999 -9999 -9999 -9999 -9999 -9999 -9999 -9999 -9999 -9999 -9999 -9999 -9999 -9999 -9999 -9999 -9999 -9999 -9999 -9999 -9999 -9999 -9999 -9999 -9999 -9999 -9999 -9999
2.90235 2.9054 2.93668 2.94409 2.91908 2.94092 2.9709 2.9767 2.97578 2.969 2.96259 2.95488 2.93438 2.90427 2.84207 2.76694 2.74546 2.7735 2.76705 2.76305 2.73201 2.69437 2.64119 2.65803 2.65416 2.56258 2.45244 2.40534 -9999 -9999 -9999 -9999 -9999 -9999 -9999 -9999 -9999 -9999 -9999 -9999 -9999 -9999 -9999 -9999 -9999 -9999 -9999 -9999 -9999 -9999 -9999 -9999 -9999 -9999 -9999 -9999 -9999 -9999 -9999 -9999 -9999 -9999 -9999 -9999 -9999 -9999 -9999 -9999 -9999 -9999 -9999 -9999
2.9091 2.89291 2.91415 2.93221 2.91756 2.95879 2.965 2.99611 2.99725 2.99804 2.98744 2.97839 2.96205 2.93333 2.89184 2.84109 2.75439 2.79716 2.82751 2.81616 2.80212 2.77121 2.71886 2.73455 2.71931 2.59467 2.50524 2.45335 2.42102 -9999 -9999 -9999 -9999 -9999 -9999 -9999 -9999 -9999 -9999 -9999 -9999 -9999 -9999 -9999 -9999 -9999 -9999 -9999 -9999 -9999 -9999 -9999 -9999 -9999 -9999 -9999 -9999 -9999 -9999 -9999 -9999 -9999 -9999 -9999 -9999 -9999 -9999 -9999 -9999 -9999 -9999 -9999
2.9135 2.8915 2.91223 2.93829 2.95911 2.95962 2.99538 3.00721 3.01902 3.02084 3.01076 2.97583 2.9709 2.96827 2.94044 2.88319 2.82426 2.80279 2.85292 2.8587 2.84225 2.84112 2.79345 2.79174 2.76801 2.7064 2.60723 2.51798 2.47909 2.42202 -9999 -9999 -9999 -9999 -9999 -9999 -9999 -9999 -9999 -9999 -9999 -9999 -9999 -9999 -9999 -9999 -9999 -9999 -9999 -9999 -9999 -9999 -9999 -9999 -9999 -9999 -9999 -9999 -9999 -9999 -9999 -9999 -9999 -9999 -9999 -9999 -9999 -9999 -9999 -9999 -9999 -9999
-9999 -9999 2.90178 2.92093 2.96327 2.96246 3.01188 3.02736 3.04253 3.0455 3.02424 3.01462 3.01475 2.99785 2.96655 2.94415 2.90459 2.86148 2.86429 2.90271 2.86575 2.88591 2.86564 2.85408 2.81116 2.72942 2.61114 2.5343 2.49714 2.44739 -9999 -9999 -9999 -9999 -9999 -9999 -9999 -9999 -9999 -9999 -9999 -9999 -9999 -9999 -9999 -9999 -9999 -9999 -9999 -9999 -9999 -9999 -9999 -9999 -9999 -9999 -9999 -9999 -9999 -9999 -9999 -9999 -9999 -9999 -9999 -9999 -9999 -9999 -9999 -9999 -9999 -9999
-9999 -9999 -9999 2.93585 2.97326 3.01521 3.02884 3.04125 3.06435 3.06956 3.06492 3.06164 3.05383 3.04113 3.01769 2.98961 2.9518 2.93988 2.96091 2.94744 2.92469 2.91235 2.91001 2.88559 2.79981 2.72517 2.66875 2.52297 2.47323 2.45789 2.42033 -9999 -9999 -9999 -9999 -9999 -9999 -9999 -9999 -9999 -9999 -9999 -9999 2.34335 -9999 -9999 -9999 -9999 -9999 -9999 -9999 -9999 -9999 -9999 -9999 -9999 -9999 -9999 -9999 -9999 -9999 -9999 -9999 -9999 1.89815 -9999 -9999 -9999 -9999 -9999 -9999 -9999
-9999 -9999 2.96059 2.98876 3.01189 3.0412 3.01818 3.06072 3.08792 3.095 3.09475 3.09266 3.07975 3.07739 3.06418 3.03432 3.02231 3.02323 3.01541 3.0055 2.99106 2.96847 2.9404 2.90939 2.84693 2.79208 2.74785 2.62752 2.55595 2.50643 2.44338 2.39247 -9999 -9999 -9999 -9999 -9999 -9999 -9999 2.38939 2.37521 2.36255 2.35824 2.37097 2.33857 -9999 -9999 -9999 -9999 -9999 -9999 -9999 -9999 -9999 -9999 -9999 -9999 -9999 -9999 -9999 -9999 -9999 -9999 -9999 1.93425 1.88761 -9999 -9999 -9999 -9999 -9999 -9999
-9999 -9999 2.98613 3.01381 3.03163 3.06094 3.08249 3.08968 3.10519 3.12064 3.12781 3.12684 3.11986 3.12313 3.10608 3.09359 3.08014 3.08405 3.07286 3.04982 3.02254 2.99388 2.95187 2.92488 2.87765 2.83127 2.77377 2.71687 2.59827 2.51571 2.43699 2.37265 -9999 -9999 -9999 -9999 -9999 -9999 2.42262 2.43448 2.4357 2.39201 2.40204 2.40882 2.38793 2.31112 -9999 -9999 -9999 -9999 -9999 -9999 -9999 -9999 -9999 -9999 -9999 -9999 -9999 -9999 2.15462 2.10918 2.02476 1.97633 1.9427 1.89865 -9999 -9999 -9999 -9999 -9999 -9999
-9999 -9999 2.99827 3.03007 3.05519 3.08026 3.09335 3.14667 3.13036 3.1448 3.15489 3.1627 3.16791 3.1576 3.15246 3.12702 3.14191 3.12982 3.10886 3.0678 3.03591 2.97343 2.93013 2.88488 2.88563 2.83208 2.75444 2.66651 2.55319 2.49702 2.45523 2.39619 -9999 -9999 -9999 -9999 -9999 -9999 2.4453 2.459 2.46693 2.45543 2.40985 2.4335 2.3797 2.33617 2.31056 2.30963 2.3004 2.23466 2.22235 2.21851 2.19972 2.20379 -9999 -9999 -9999 -9999 2.1845 2.1799 2.17394 2.1502 2.05849 1.99194 1.93029 1.90905 -9999 -9999 -9999 -9999 -9999 -9999
-9999 -9999 3.03237 3.05368 3.06925 3.08017 3.10663 3.15897 3.14877 3.16974 3.18082 3.19163 3.20039 3.20158 3.19211 3.19231 3.18455 3.16587 3.10793 3.0389 3.03614 2.97677 2.90186 2.89038 2.88387 2.82411 2.73331 2.63534 2.57171 2.52249 2.47069 2.41493 -9999 -9999 -9999 2.41766 2.44667 2.44245 2.44439 2.46735 2.48047 2.47976 2.47584 2.44542 2.39149 2.34661 2.29985 2.28691 2.31039 2.30214 2.23818 2.2342 2.2161 2.21685 2.22325 2.2249 2.22213 2.21531 2.21014 2.20571 2.19783 2.17561 2.08826 2.03532 1.99663 1.90732 -9999 -9999 -9999 -9999 -9999 -9999
-9999 -9999 3.04174 3.06085 3.07995 3.10673 3.12135 3.14829 3.19195 3.18982 3.20591 3.20685 3.22901 3.23584 3.2377 3.23221 3.2192 3.1716 3.10539 3.03433 2.98546 2.98143 2.91206 2.86955 2.86165 2.80668 2.73168 2.63985 2.6035 2.5526 2.45436 2.3855 -9999 -9999 2.36291 2.42586 2.46862 2.48728 2.48729 2.47835 2.49822 2.48641 2.50414 2.4684 2.38346 2.36548 2.31282 2.30061 2.29273 2.27738 2.2507 2.24462 2.24026 2.23384 2.23645 2.23421 2.23137 2.22789 2.21896 2.21644 2.21065 2.19401 2.13152 2.09503 2.05213 1.9246 -9999 -9999 -9999 -9999 -9999 -9999
-9999 -9999 3.06315 3.0841 3.10956 3.12293 3.14927 3.1601 3.19349 3.22788 3.2278 3.2349 3.24213 3.26419 3.26854 3.26637 3.2569 3.2107 3.15332 3.07098 3.00613 2.96646 2.91589 2.82311 2.79933 2.75789 2.71679 2.69083 2.63299 2.562 2.50811 2.41255 2.36838 -9999 2.37247 2.39919 2.45242 2.49615 2.52038 2.50028 2.52482 2.51713 2.51407 2.48135 2.41342 2.37191 2.3465 2.31898 2.32042 2.30306 2.26559 2.26062 2.24719 2.24333 2.24138 2.23932 2.23743 2.23554 2.23233 2.22791 2.22111 2.2103 2.17662 2.13829 2.06944 1.93602 -9999 -9999 -9999 -9999 -9999 -9999
-9999 3.03563 3.07077 3.10293 3.12162 3.14058 3.16158 3.18323 3.22482 3.24585 3.26638 3.26436 3.25615 3.26987 3.28061 3.29434 3.28658 3.26982 3.22854 3.1319 3.08921 3.00952 2.92575 2.84222 2.81067 2.80843 2.76881 2.70862 2.6489 2.57224 2.51449 2.45954 2.36201 2.36181 2.39046 2.41205 2.44826 2.50408 2.54019 2.5506 2.54641 2.54196 2.53112 2.48638 2.43027 2.39767 2.35912 2.33168 2.30708 2.29863 2.26234 2.26176 2.25993 2.24684 2.24488 2.24352 2.24264 2.24178 2.23975 2.2357 2.23049 2.22316 2.21145 2.16548 2.06041 1.96506 -9999 -9999 -9999 -9999 -9999 -9999
-9999 -9999 3.07026 3.08729 3.09899 3.11654 3.14307 3.17407 3.22949 3.25005 3.27833 3.29554 3.27935 3.26865 3.29694 3.30592 3.3078 3.29386 3.26985 3.18543 3.12157 3.06011 2.97594 2.92575 2.89707 2.85571 2.80626 2.71529 2.62811 2.52738 2.44589 2.42406 2.37239 2.37325 2.39164 2.44566 2.48341 2.49682 2.5037 2.55679 2.55888 2.54358 2.53958 2.49613 2.45009 2.40694 2.38404 2.35539 2.3292 2.26053 2.25713 2.24397 2.25997 2.25624 2.24826 2.24717 2.24705 2.24631 2.24491 2.24188 2.23746 2.2299 2.21594 2.18132 2.0576 1.97225 -9999 -9999 -9999 -9999 -9999 -9999
-9999 -9999 -9999 -9999 3.09469 3.11645 3.13828 3.16731 3.23579 3.26327 3.28792 3.30624 3.31238 3.29621 3.29823 3.30376 3.27416 3.27599 3.28483 3.25574 3.21839 3.12781 3.03809 3.01784 2.96424 2.88072 2.80779 2.73831 2.64045 2.55461 2.46372 2.3945 2.37798 2.4226 2.45652 2.51205 2.53639 2.52068 2.53238 2.55131 2.57326 2.57367 2.55008 2.50498 2.46079 2.40798 2.40324 2.37679 2.33803 2.30238 2.25884 2.25646 2.24853 2.26087 2.25921 2.25061 2.25033 2.25015 2.24911 2.24665 2.23991 2.23216 2.22189 2.20865 2.08159 1.96352 -9999 -9999 -9999 -9999 -9999 -9999
-9999 -9999 -9999 -9999 3.07859 3.09705 3.12804 3.18504 3.24208 3.26948 3.28863 3.31055 3.31978 3.31092 3.29584 3.27717 3.2451 3.24581 3.26323 3.25755 3.22545 3.14056 3.10066 3.04472 2.98033 2.88366 2.80272 2.74254 2.64614 2.55406 2.48446 2.40363 2.41451 2.43294 2.46371 2.52156 2.56313 2.57878 2.56 2.57142 2.59886 2.58319 2.54202 2.52041 2.46608 2.40371 2.40903 2.38951 2.35318 2.32835 2.27799 2.26602 2.26178 2.26049 2.25933 2.25573 2.25245 2.25234 2.2518 2.24897 2.2438 2.23658 2.22645 2.21369 2.12657 1.96614 -9999 -9999 -9999 -9999 -9999 -9999
-9999 -9999 -9999 -9999 -9999 3.07591 3.12568 3.19491 3.24437 3.26239 3.29191 3.3108 3.31638 3.31953 3.30057 3.26628 3.19217 3.19549 3.20994 3.23339 3.22621 3.1833 3.10454 3.03096 2.9199 2.8181 2.76776 2.71806 2.63749 2.55691 2.48201 2.48951 2.5051 2.52862 2.54043 2.53327 2.56848 2.59632 2.5801 2.5962 2.6122 2.58414 2.55732 2.52829 2.472 2.44208 2.41399 2.40417 2.36172 2.34283 2.29548 2.27734 2.26775 2.2623 2.26043 2.25679 2.25466 2.25435 2.25311 2.25108 2.24626 2.23892 2.22903 2.21652 2.19581 2.09558 2.03507 -9999 -9999 -9999 -9999 -9999
-9999 -9999 -9999 -9999 -9999 3.04755 3.08001 3.15782 3.21269 3.25725 3.28948 3.3073 3.30528 3.30536 3.27531 3.26376 3.19592 3.15135 3.15433 3.11712 3.15518 3.18044 3.10375 2.92944 2.83693 2.75886 2.72449 2.68453 2.63587 2.5276 2.48282 2.52221 2.54455 2.5633 2.57929 2.58034 2.57914 2.62437 2.6242 2.63162 2.6172 2.60336 2.56143 2.52488 2.49639 2.45354 2.42181 2.41294 2.36425 2.35526 2.30531 2.28203 2.26724 2.26812 2.26272 2.25915 2.2565 2.2556 2.25518 2.25091 2.24691 2.2399 2.2299 2.21822 2.20377 2.1655 2.1109 2.07969 2.07556 -9999 -9999 -9999
-9999 -9999 -9999 -9999 -9999 -9999 3.02497 3.12479 3.19838 3.23517 3.27998 3.29917 3.30519 3.29854 3.26474 3.23072 3.16944 3.09425 3.03305 3.1081 3.16448 3.17418 3.10638 2.95551 2.86915 2.82393 2.80733 2.7476 2.69623 2.6046 2.56342 2.52133 2.51861 2.54736 2.57245 2.60198 2.62431 2.6254 2.63893 2.63291 2.6226 2.61057 2.5895 2.5657 2.50314 2.49081 2.44944 2.42786 2.39557 2.36499 2.31344 2.28308 2.27749 2.27411 2.26803 2.26204 2.2592 2.2582 2.25764 2.25651 2.2459 2.23915 2.23002 2.2183 2.20497 2.17482 2.15304 2.11321 2.06623 2.01226 -9999 -9999
-9999 -9999 -9999 -9999 -9999 -9999 2.98259 3.08054 3.15523 3.22143 3.27539 3.28975 3.29944 3.29461 3.26931 3.22432 3.18163 3.09925 3.00865 3.09408 3.14267 3.15976 3.12522 2.97114 2.95435 2.89337 2.86221 2.78848 2.73925 2.68752 2.63589 2.58644 2.53715 2.50512 2.57388 2.60872 2.63758 2.65042 2.65615 2.65598 2.63881 2.60863 2.55761 2.56244 2.5212 2.49236 2.46236 2.43373 2.40438 2.37572 2.32543 2.30745 2.28465 2.2832 2.27125 2.26629 2.26335 2.26155 2.2602 2.25882 2.25652 2.24561 2.22908 2.2179 2.20495 2.17523 2.15806 2.13966 2.11684 2.05082 2.0058 1.96768
-9999 -9999 -9999 -9999 -9999 -9999 2.8649 2.99853 3.14715 3.20842 3.24925 3.27146 3.28503 3.27422 3.26446 3.2315 3.19557 3.13811 3.05226 2.98883 3.04344 3.13086 3.11536 3.04967 3.00841 2.94716 2.88956 2.85229 2.82187 2.75894 2.69733 2.63068 2.5934 2.56651 2.61515 2.61782 2.61028 2.66883 2.66537 2.65675 2.62585 2.5776 2.56781 2.51621 2.48944 2.44524 2.43761 2.42741 2.40794 2.38324 2.33234 2.31694 2.30131 2.28592 2.27784 2.27193 2.26801 2.26554 2.26362 2.26119 2.25837 2.25499 2.23797 2.22889 2.20464 2.1751 2.15904 2.14191 2.12497 2.10174 2.07559 2.02345
-9999 -9999 -9999 -9999 -9999 -9999 2.88677 3.02273 3.11733 3.16454 3.22349 3.24393 3.26804 3.26971 3.25811 3.22862 3.18801 3.13927 3.06439 3.00088 3.03205 3.08084 3.10656 3.06528 3.00435 2.96814 2.9291 2.89609 2.85903 2.81614 2.76702 2.69324 2.65387 2.60642 2.66052 2.6614 2.64687 2.6737 2.66736 2.61424 2.5701 2.55529 2.54904 2.51101 2.46817 2.41472 2.40573 2.4214 2.39208 2.37044 2.33722 2.32338 2.30325 2.293 2.28451 2.27821 2.27344 2.27025 2.2677 2.26444 2.26099 2.25666 2.25037 2.22836 2.21771 2.18766 2.15916 2.14347 2.1276 2.11073 2.09684 2.06736
-9999 -9999 -9999 -9999 -9999 -9999 2.89816 2.98789 3.0724 3.14039 3.20069 3.22892 3.25002 3.25352 3.23845 3.22233 3.19459 3.15091 3.11413 3.05649 2.98038 3.05049 3.04864 3.01492 3.0003 2.99339 2.95948 2.91507 2.83737 2.82488 2.78495 2.73242 2.70638 2.67544 2.70097 2.69379 2.68678 2.67931 2.63359 2.57134 2.51861 2.5399 2.52048 2.50133 2.41717 2.44341 2.45012 2.43584 2.37498 2.33764 2.33281 2.3143 2.30602 2.29826 2.29158 2.28437 2.27964 2.27527 2.27163 2.26804 2.26377 2.25879 2.25245 2.24466 2.21781 2.18755 2.17341 2.16384 2.1486 2.11912 2.10491 2.07201
-9999 -9999 -9999 -9999 -9999 -9999 -9999 2.95841 3.04357 3.13619 3.18995 3.22502 3.24328 3.24477 3.23615 3.22369 3.20415 3.17047 3.12725 3.0629 3.0081 3.00978 3.00868 2.95177 2.94054 2.96435 2.95273 2.89725 2.79315 2.7873 2.80822 2.78866 2.76904 2.75173 2.72346 2.71049 2.69299 2.65866 2.5673 2.55482 2.51307 2.50648 2.47713 2.47864 2.42428 2.44197 2.43698 2.42108 2.36365 2.31337 2.32298 2.32391 2.30765 2.30613 2.29787 2.29098 2.28538 2.28022 2.27606 2.27187 2.26711 2.26899 2.26265 2.25513 2.22564 2.19412 2.17783 2.16199 2.14373 2.13475 2.12155 2.06982
-9999 -9999 -9999 -9999 -9999 -9999 -9999 2.91567 3.01706 3.12353 3.16019 3.19607 3.22637 3.22743 3.2135 3.19795 3.17952 3.1567 3.10762 3.05694 3.00529 2.97429 2.95983 2.89449 2.89778 2.94099 2.92745 2.89511 2.76866 2.72304 2.75964 2.78956 2.77774 2.76007 2.69237 2.69471 2.65576 2.60658 2.58733 2.56088 2.51333 2.52094 2.48057 2.47836 2.41149 2.41412 2.40477 2.4101 2.35898 2.30172 2.31011 2.31605 2.3036 2.31381 2.31182 2.30568 2.29933 2.29383 2.2887 2.28404 2.27868 2.27269 2.26577 2.2572 2.24605 2.2063 2.13129 2.11844 2.11648 2.11396 2.09644 2.07158
-9999 -9999 -9999 -9999 -9999 -9999 -9999 2.92168 2.99199 3.08552 3.15511 3.16104 3.19444 3.21071 3.19484 3.17534 3.15335 3.13793 3.08623 3.02818 2.9765 2.91611 2.90382 2.91371 2.89647 2.9174 2.90097 2.86752 2.77244 2.76854 2.78827 2.79176 2.78267 2.76458 2.74065 2.72325 2.69149 2.67294 2.63302 2.57518 2.54603 2.54706 2.48298 2.47271 2.47648 2.38801 2.40299 2.40015 2.34166 2.29823 2.3192 2.32381 2.32745 2.32403 2.3174 2.31364 2.30644 2.30034 2.29459 2.28877 2.2829 2.27586 2.26829 2.25618 2.24105 2.19331 2.11898 2.10998 2.11524 2.11835 2.07583 2.07251
-9999 -9999 -9999 -9999 -9999 -9999 -9999 2.92838 2.99077 3.07097 3.12001 3.12907 3.16492 3.19561 3.18909 3.16855 3.15734 3.13249 3.08763 3.03716 2.98122 2.94497 2.88076 2.90787 2.8775 2.89378 2.88955 2.79986 2.76393 2.77087 2.77922 2.77338 2.78527 2.77183 2.75131 2.70315 2.67494 2.67309 2.65574 2.63219 2.58824 2.57539 2.54144 2.51892 2.49574 2.39875 2.39893 2.38313 2.34958 2.33205 2.33667 2.336 2.33533 2.32752 2.32279 2.32057 2.31343 2.30666 2.30006 2.29379 2.28684 2.27823 2.26936 2.25263 2.22841 2.19006 2.08305 2.10448 2.12723 2.10236 2.07554 2.07107
-9999 -9999 -9999 -9999 -9999 -9999 -9999 2.91386 2.97896 3.04664 3.07479 3.07903 3.14329 3.18115 3.17773 3.1653 3.15007 3.10111 3.09382 3.07423 3.0235 2.95401 2.87774 2.86623 2.84832 2.86681 2.8633 2.75421 2.71733 2.71184 2.73469 2.75472 2.77769 2.77414 2.7513 2.68205 2.60978 2.62843 2.64907 2.63861 2.6188 2.57619 2.55389 2.53157 2.49458 2.41393 2.37459 2.36877 2.33229 2.33175 2.33934 2.34424 2.32614 2.31943 2.3265 2.32735 2.31974 2.31251 2.30578 2.29866 2.29112 2.28027 2.26877 2.25412 2.20502 2.1705 2.09907 2.10343 2.11575 2.06528 2.0776 2.07343
-9999 -9999 -9999 -9999 -9999 -9999 -9999 2.89038 2.93692 3.00071 3.02577 3.06571 3.12563 3.15321 3.16391 3.15852 3.14625 3.12016 3.09992 3.06751 3.01617 2.94905 2.87471 2.8201 2.82318 2.82446 2.79372 2.71662 2.67525 2.68677 2.71309 2.76099 2.78308 2.77515 2.76005 2.73692 2.68112 2.61617 2.606 2.62278 2.58881 2.55049 2.55268 2.53672 2.50031 2.46931 2.38652 2.35363 2.32161 2.31821 2.32957 2.35323 2.34713 2.33576 2.34129 2.33327 2.32547 2.31836 2.31095 2.30352 2.29571 2.28516 2.27059 2.23535 2.20301 2.161 2.14697 2.12056 2.10046 2.07758 2.07866 2.07281
-9999 -9999 -9999 -9999 -9999 -9999 -9999 2.85324 2.90727 2.96626 3.02107 3.07239 3.11567 3.11588 3.13589 3.13066 3.13703 3.12587 3.10007 3.07164 3.02643 2.94489 2.87315 2.79518 2.79624 2.81365 2.74957 2.7011 2.62748 2.66914 2.71777 2.76142 2.77944 2.7423 2.75587 2.74271 2.71511 2.67213 2.61107 2.60125 2.55217 2.53873 2.5457 2.53881 2.52169 2.49499 2.43247 2.36578 2.32505 2.31568 2.32541 2.34135 2.35747 2.35183 2.34755 2.33899 2.33083 2.32341 2.31584 2.30772 2.29868 2.28772 2.25702 2.22164 2.19602 2.16375 2.15094 2.158 2.10926 2.08098 2.08058 2.07487
-9999 -9999 -9999 -9999 -9999 -9999 -9999 -9999 2.89896 2.95936 3.00329 3.01319 3.051 3.0694 3.08208 3.08062 3.12303 3.1184 3.09914 3.07263 3.03289 2.96852 2.9189 2.84416 2.7857 2.72389 2.68738 2.68605 2.66464 2.67469 2.72134 2.77154 2.76552 2.71259 2.70718 2.70481 2.71335 2.69321 2.61382 2.56801 2.52768 2.53643 2.54558 2.53759 2.52475 2.50612 2.43356 2.33798 2.3535 2.36196 2.35456 2.36165 2.36463 2.35837 2.35189 2.34351 2.33563 2.32773 2.31919 2.3109 2.29959 2.28371 2.25012 2.18081 2.17423 2.15784 2.12881 2.13097 2.06693 2.08059 2.08333 2.07704
-9999 -9999 -9999 -9999 -9999 -9999 -9999 -9999 2.87645 2.94618 2.95892 2.95501 2.92797 2.93518 3.01909 3.03167 3.07222 3.10927 3.09779 3.07188 3.03431 2.99139 2.93032 2.84834 2.7796 2.70004 2.70851 2.73198 2.72746 2.73022 2.7534 2.74699 2.69269 2.64182 2.65265 2.65527 2.69529 2.69422 2.67402 2.62176 2.56303 2.52632 2.54288 2.5334 2.52109 2.50681 2.4624 2.38427 2.36944 2.37443 2.37458 2.36981 2.37089 2.36395 2.35567 2.34795 2.33958 2.33112 2.32153 2.31164 2.29432 2.27469 2.22488 2.18142 2.15035 2.11304 2.16362 2.14058 2.10711 2.08116 2.08356 2.07653
