Test_Spring_2018b/11_17/Prec/20171114_012.txt
ncols	170
nrows	115
xllcorner	350000.000000
yllcorner	4445000.000000
cellsize	1000.000000
nodata_value	-9999.000000
[rows 34 to 67 of 115, columns 76 to 151 of 170]
0.261698 0.277607 0.278192 0.289225 0.287888 0.286587 0.280773 0.275893 0.268297 0.255897 0.238561 0.217768 0.182394 0.201416 0.215666 0.212911 0.2094 0.199182 0.180315 0.190057 0.187082 0.153434 0.120287 0.102947 0 -9999 -9999 -9999 -9999 -9999 -9999 -9999 -9999 -9999 -9999 -9999 -9999 -9999 -9999 -9999 -9999 -9999 -9999 -9999 -9999 -9999 -9999 -9999 -9999 -9999 -9999 -9999 -9999 -9999 -9999 -9999 -9999 -9999 -9999 -9999 -9999 -9999 -9999 -9999 -9999 -9999 -9999 -9999 -9999 -9999 -9999 -9999 -9999 -9999 -9999 -9999
0.254109 0.260372 0.272807 0.275457 0.278065 0.276589 0.270345 0.25405 0.250682 0.248794 0.236992 0.21357 0.190115 0.182937 0.206235 0.211594 0.208166 0.21151 0.195744 0.199325 0.193821 0.180606 0.140267 0.119145 0.107555 0 -9999 -9999 -9999 -9999 -9999 -9999 -9999 -9999 -9999 -9999 -9999 -9999 -9999 -9999 -9999 -9999 -9999 -9999 -9999 -9999 -9999 -9999 -9999 -9999 -9999 -9999 -9999 -9999 -9999 -9999 -9999 -9999 -9999 -9999 -9999 -9999 -9999 -9999 -9999 -9999 -9999 -9999 -9999 -9999 -9999 -9999 -9999 -9999 -9999 -9999
0.237335 0.244779 0.261758 0.265482 0.268887 0.267179 0.255526 0.249071 0.247206 0.238931 0.225477 0.216644 0.201606 0.186015 0.190427 0.210437 0.199629 0.213092 0.210002 0.210687 0.198302 0.164808 0.131124 0.11541 0.105105 0 -9999 -9999 -9999 -9999 -9999 -9999 -9999 -9999 -9999 -9999 -9999 -9999 -9999 -9999 -9999 -9999 -9999 -9999 -9999 -9999 -9999 -9999 -9999 -9999 -9999 -9999 -9999 -9999 -9999 -9999 -9999 -9999 -9999 -9999 -9999 -9999 -9999 -9999 -9999 -9999 -9999 -9999 -9999 -9999 -9999 -9999 -9999 -9999 -9999 -9999
0.22503 0.239825 0.251279 0.253172 0.259165 0.257565 0.251978 0.247334 0.241447 0.234407 0.223963 0.212787 0.198814 0.196861 0.20977 0.209258 0.205637 0.206897 0.212654 0.20931 0.189495 0.151623 0.135401 0.100549 0 0 0 -9999 -9999 -9999 -9999 -9999 -9999 -9999 -9999 -9999 -9999 -9999 -9999 0 -9999 -9999 -9999 -9999 -9999 -9999 -9999 -9999 -9999 -9999 -9999 -9999 -9999 -9999 -9999 -9999 -9999 -9999 -9999 -9999 0 -9999 -9999 -9999 -9999 -9999 -9999 -9999 -9999 -9999 -9999 -9999 -9999 -9999 -9999 -9999
0.225573 0.234872 0.232764 0.243709 0.250574 0.248798 0.244044 0.238951 0.230114 0.226768 0.220251 0.208321 0.205426 0.209477 0.211303 0.213461 0.214665 0.213112 0.209631 0.205002 0.182589 0.168692 0.158643 0.125431 0.111284 0 0 0 -9999 -9999 -9999 -9999 -9999 -9999 -9999 0 0 0 0 0 0 -9999 -9999 -9999 -9999 -9999 -9999 -9999 -9999 -9999 -9999 -9999 -9999 -9999 -9999 -9999 -9999 -9999 -9999 -9999 0 0 -9999 -9999 -9999 -9999 -9999 -9999 -9999 -9999 -9999 -9999 -9999 -9999 -9999 -9999
0.21932 0.228326 0.232961 0.238947 0.239982 0.240622 0.237842 0.232142 0.224844 0.223135 0.214601 0.209847 0.20665 0.21261 0.214015 0.211947 0.209241 0.20672 0.199032 0.197667 0.183918 0.174902 0.160517 0.145493 0.120904 0 0 0 -9999 -9999 -9999 -9999 -9999 -9999 0 0 0 0 0 0.101902 0 0 -9999 -9999 -9999 -9999 -9999 -9999 -9999 -9999 -9999 -9999 -9999 -9999 -9999 -9999 0 0 0 0 0 0 -9999 -9999 -9999 -9999 -9999 -9999 -9999 -9999 -9999 -9999 -9999 -9999 -9999 -9999
0.215872 0.222764 0.223266 0.234711 0.233544 0.232579 0.229791 0.226569 0.223318 0.215152 0.211098 0.200822 0.209718 0.209657 0.207992 0.199701 0.196581 0.1816 0.17508 0.163748 0.17646 0.165904 0.144416 0.117556 0 0 0 0 -9999 -9999 -9999 -9999 -9999 -9999 0 0 0.103044 0.103598 0 0.106857 0 0 0 0 0 0 0 0 0 0 -9999 -9999 -9999 -9999 0.100678 0.10061 0.100228 0 0 0 0 0 -9999 -9999 -9999 -9999 -9999 -9999 -9999 -9999 -9999 -9999 -9999 -9999 -9999 -9999
0.209775 0.210373 0.215801 0.225621 0.225361 0.22407 0.220777 0.217892 0.215275 0.211208 0.204887 0.205124 0.204701 0.202323 0.185918 0.166835 0.176859 0.167021 0.134119 0.154411 0.165732 0.154117 0.128515 0 0 0 0 0 -9999 -9999 -9999 0 0 0 0 0 0 0.107534 0.112343 0.102134 0 0 0 0 0 0.100442 0.101182 0.104134 0.100393 0.102979 0.108049 0.110656 0.111091 0.109665 0.108916 0.108624 0.107164 0.100103 0 0 0 0 -9999 -9999 -9999 -9999 -9999 -9999 -9999 -9999 -9999 -9999 -9999 -9999 -9999 -9999
0.199731 0.207947 0.208037 0.211758 0.216561 0.21723 0.214737 0.206474 0.208312 0.205695 0.203514 0.20117 0.198761 0.184926 0.166034 0.147363 0.139635 0.138188 0.123627 0.131401 0.143082 0.139297 0.122624 0 0 0 0 0 -9999 -9999 0 0 0 0 0 0 0.10158 0.102264 0.116111 0.104165 0 0 0 0 0 0 0.100349 0.107452 0.109515 0.109893 0.113315 0.114142 0.114314 0.114014 0.111426 0.111681 0.110905 0.106049 0 0 0 0 -9999 -9999 -9999 -9999 -9999 -9999 -9999 -9999 -9999 -9999 -9999 -9999 -9999 -9999
0.201143 0.202323 0.207068 0.20596 0.205508 0.209979 0.20891 0.201996 0.196512 0.199359 0.197622 0.196427 0.195645 0.18293 0.1686 0.146399 0.133395 0.119897 0.114533 0.10547 0.111621 0.109533 0.106411 0.108196 0.100407 0 0 0 0 -9999 0 0 0 0 0 0 0.107378 0.109967 0.111542 0.105626 0 0 0 0 0 0.101886 0.106688 0.110133 0.112497 0.113983 0.115425 0.116139 0.116455 0.116516 0.116006 0.115192 0.113768 0.111201 0 0 0 0 -9999 -9999 -9999 -9999 -9999 -9999 -9999 -9999 -9999 -9999 -9999 -9999 -9999 -9999
0.19886 0.202003 0.203978 0.204442 0.207248 0.206597 0.204416 0.200194 0.187287 0.185849 0.186231 0.191423 0.191453 0.191445 0.184575 0.157421 0.144611 0.131042 0.113065 0.105424 0.109745 0.125335 0.124054 0.112667 0 0 0 0 0 0 0 0 0 0 0.101067 0.108806 0.111714 0.112402 0.114766 0.107077 0 0 0 0 0 0 0.1005 0.111296 0.115235 0.115793 0.117143 0.117962 0.118435 0.118619 0.118283 0.117328 0.116329 0.115043 0.112833 0 0 0 -9999 -9999 -9999 -9999 -9999 -9999 -9999 -9999 -9999 -9999 -9999 -9999 -9999 -9999
0.183322 0.185561 0.189398 0.1932 0.201214 0.198898 0.199643 0.196406 0.184682 0.172425 0.179669 0.182665 0.186753 0.188223 0.189102 0.163188 0.151963 0.143384 0.126304 0.133502 0.14022 0.140646 0.136336 0.113086 0 0 0 0 0 0 0 0 0 0 0 0.107592 0.110507 0.112024 0.117689 0.108111 0.1053 0 0 0 0 0 0 0.100168 0.112512 0.118246 0.118899 0.119661 0.120205 0.120153 0.119784 0.118971 0.118059 0.116576 0.115099 0.10437 0 0 -9999 -9999 -9999 -9999 -9999 -9999 -9999 -9999 -9999 -9999 -9999 -9999 -9999 -9999
0.176574 0.180338 0.18192 0.184542 0.197682 0.19787 0.196695 0.193501 0.186682 0.174552 0.170545 0.171931 0.162879 0.172332 0.183272 0.184604 0.184972 0.16491 0.154946 0.166595 0.163805 0.147517 0.134245 0.120726 0 0 0 0 0 0 0 0 0 0 0 0.102122 0.115658 0.121778 0.119371 0.109323 0.107437 0 0.106253 0.106823 0.102032 0 0 0.106031 0.108674 0.118441 0.121056 0.121251 0.121538 0.121485 0.121016 0.120206 0.11905 0.117708 0.116226 0.114445 0 0 -9999 -9999 -9999 -9999 -9999 -9999 -9999 -9999 -9999 -9999 -9999 -9999 -9999 -9999
0.165974 0.168242 0.173529 0.187701 0.196009 0.1961 0.192565 0.190795 0.185181 0.174278 0.164015 0.155221 0.144566 0.151596 0.169255 0.180473 0.183234 0.165817 0.176848 0.174064 0.167261 0.145992 0.129884 0.120749 0 0 0 0 0 0 0 0 0.101107 0.108159 0.101332 0.108759 0.124449 0.123794 0.114071 0.113906 0.107872 0 0.107474 0.111287 0.107879 0.108775 0.107715 0.110231 0.114627 0.118859 0.121752 0.122322 0.122317 0.122146 0.121722 0.120986 0.119783 0.118574 0.117112 0.115536 0 0 -9999 -9999 -9999 -9999 -9999 -9999 -9999 -9999 -9999 -9999 -9999 -9999 -9999 -9999
-9999 0.156514 0.169719 0.189149 0.194494 0.19095 0.192025 0.189259 0.182345 0.176613 0.164508 0.14933 0.12123 0.129231 0.145499 0.168698 0.181683 0.181634 0.176368 0.166205 0.139971 0.116648 0.113443 0.108863 0 0 0 0 0 0 0 0 0.102766 0.114563 0.108979 0.118236 0.129035 0.123116 0.119301 0.116004 0.109141 0.108235 0.108492 0.116476 0.110663 0.114206 0.114456 0.114548 0.116853 0.119462 0.122135 0.122723 0.122775 0.122675 0.121991 0.121369 0.120251 0.118943 0.117544 0.116055 0.11211 0 0 -9999 -9999 -9999 -9999 -9999 -9999 -9999 -9999 -9999 -9999 -9999 -9999 -9999
-9999 0.142764 0.149034 0.172459 0.180488 0.188603 0.191428 0.188806 0.179244 0.173371 0.155697 0.15017 0.124151 0.112976 0.124123 0.121581 0.152919 0.180754 0.175968 0.123302 0.104374 0 0 0 0 0 0 0 0 0 0.106291 0.107248 0.106722 0.125436 0.127363 0.132971 0.131001 0.130885 0.120623 0.114029 0.118668 0.112211 0.110811 0.119076 0.110576 0.118185 0.117427 0.115401 0.115589 0.120898 0.122175 0.122874 0.122929 0.122588 0.122014 0.121052 0.120289 0.119113 0.117642 0.116458 0.115067 0.110793 0 0 0 -9999 -9999 -9999 -9999 -9999 -9999 -9999 -9999 -9999 -9999 -9999
-9999 -9999 0.125465 0.158709 0.175145 0.180878 0.189841 0.188657 0.180674 0.172819 0.155701 0.140991 0.117707 0 0 0.121859 0.160026 0.180482 0.178774 0.134958 0.117766 0.11698 0.127011 0.117652 0.110127 0 0 0 0 0 0.101955 0.115235 0.124821 0.125401 0.131524 0.134154 0.133859 0.13436 0.132581 0.131031 0.121321 0.127227 0.121458 0.124084 0.122116 0.120447 0.119114 0.114036 0.118013 0.121568 0.122629 0.123007 0.122802 0.1226 0.122149 0.121383 0.119912 0.118881 0.117758 0.116493 0.115467 0.114586 0.112239 0.102699 0 0 -9999 -9999 -9999 -9999 -9999 -9999 -9999 -9999 -9999 -9999
-9999 -9999 0.108011 0.141267 0.158887 0.177926 0.182173 0.185276 0.183531 0.177102 0.164008 0.144984 0.129472 0.100043 0 0.115362 0.156014 0.178411 0.180387 0.143359 0.154021 0.145641 0.148727 0.132816 0.125635 0.119916 0.107711 0 0 0 0.100671 0.116579 0.129327 0.135217 0.138442 0.139932 0.138814 0.134543 0.12002 0.13005 0.129042 0.12755 0.125995 0.125167 0.123933 0.122607 0.121899 0.121769 0.118445 0.122578 0.122648 0.122771 0.122751 0.122482 0.121985 0.12139 0.120654 0.120041 0.117685 0.116567 0.115554 0.114879 0.114174 0.113271 0.110653 0 0 0 0 -9999 -9999 -9999 -9999 -9999 -9999 -9999
-9999 -9999 0 0.10879 0.14381 0.16372 0.179553 0.183162 0.183929 0.175769 0.169716 0.156023 0.143355 0.124066 0 0 0.112244 0.161568 0.179939 0.17877 0.177861 0.168138 0.159126 0.15751 0.157452 0.146756 0.124935 0.105476 0 0 0.115556 0.118536 0.116628 0.142082 0.141917 0.140227 0.130173 0.119009 0.120873 0.111385 0.116205 0.107686 0.114818 0.121026 0.123283 0.123019 0.12217 0.12208 0.121823 0.122662 0.122731 0.122638 0.122483 0.122262 0.12188 0.121194 0.120554 0.120136 0.119333 0.118629 0.11563 0.115081 0.114493 0.113749 0.113211 0.11 0.105346 0 0 0 -9999 -9999 -9999 -9999 -9999 -9999
-9999 -9999 0 0 0.133919 0.154254 0.173876 0.177752 0.183859 0.181698 0.175464 0.163548 0.148966 0.13305 0.108246 0 0.112972 0.146079 0.169685 0.178056 0.177836 0.177211 0.174747 0.165198 0.162586 0.16085 0.15013 0.131742 0.121277 0.106009 0.131857 0.134589 0.130318 0.143091 0.142219 0.122355 0.107027 0.104918 0.113981 0.105002 0.103247 0 0.100617 0.116895 0.111797 0.112664 0.120123 0.121393 0.12229 0.12255 0.122519 0.122454 0.122227 0.122063 0.12181 0.121163 0.120607 0.120075 0.119308 0.118701 0.118049 0.117605 0.114468 0.113924 0.113413 0.112446 0.114027 0.114933 0.113565 0 0 -9999 -9999 -9999 -9999 -9999
-9999 -9999 0 0 0.117884 0.14841 0.169589 0.177705 0.183473 0.182853 0.175755 0.169732 0.160558 0.146493 0.13704 0.120506 0 0.137101 0.149816 0.160444 0.155893 0.166944 0.16661 0.161453 0.155664 0.161051 0.159337 0.144743 0.139843 0.131654 0.145952 0.145799 0.145198 0.144213 0.127406 0.104125 0 0 0 0.101478 0 0 0.110012 0.113862 0.10214 0 0.115123 0.118404 0.120311 0.12153 0.122307 0.122042 0.122115 0.121811 0.121495 0.12111 0.120569 0.120059 0.119466 0.118875 0.118211 0.117838 0.117331 0.119899 0.119668 0.115926 0.115604 0.115247 0.11513 0.110494 0 0 -9999 -9999 -9999 -9999
-9999 -9999 -9999 0 0.101363 0.137441 0.157459 0.169985 0.175999 0.175718 0.172118 0.167998 0.16215 0.151725 0.13868 0.118169 0.102918 0.112393 0.124074 0.125381 0.133086 0.15559 0.163228 0.152217 0.125284 0.141158 0.158831 0.158408 0.156743 0.154884 0.152527 0.150382 0.145899 0.134212 0 0 0 0 0 0 0 0 0.103449 0.105843 0 0 0.110994 0.117612 0.116265 0.120244 0.12174 0.121768 0.121737 0.121439 0.121278 0.121016 0.120615 0.122539 0.12219 0.121878 0.121337 0.121137 0.119615 0.118553 0.11662 0.118543 0.11854 0.118392 0.117972 0.117427 0.109114 0 0 -9999 -9999 -9999
-9999 -9999 -9999 0 0 0.135879 0.149429 0.162945 0.17458 0.174646 0.169241 0.164091 0.158794 0.152792 0.137005 0.121702 0.107095 0.102113 0.104914 0.104757 0.117262 0.146593 0.152201 0.149681 0.121577 0.111901 0.135544 0.155384 0.156806 0.154832 0.131146 0.135971 0.123096 0.105694 0.100755 0 0 0 0 0 0 0 0 0 0 0 0.103028 0.111362 0.111365 0.120123 0.123109 0.123736 0.123735 0.123675 0.123502 0.123431 0.123137 0.122794 0.122408 0.12177 0.12054 0.117188 0 0 0.104218 0.10843 0.116263 0.118265 0.118266 0.117781 0.116096 0.112342 0 -9999 -9999 -9999
-9999 -9999 -9999 0 0 0.123517 0.151399 0.153011 0.166479 0.17335 0.167492 0.160916 0.154193 0.151167 0.134002 0.115169 0 0 0 0 0.118549 0.137453 0.140751 0.136722 0.121722 0.128743 0.14482 0.153284 0.155668 0.153506 0.148211 0.145071 0.135541 0.131297 0.118124 0 0 0 0 0 0 0 0 0 0 0 0.10434 0.111788 0.118274 0.121233 0.122286 0.124013 0.123854 0.123806 0.123684 0.123445 0.123233 0.122708 0.122236 0.120218 0.117342 0.10127 0 0 0.102643 0.108856 0.115315 0.117856 0.117939 0.117853 0.117214 0.116619 0 -9999 -9999 -9999
-9999 -9999 -9999 0 0 0.120627 0.140464 0.14389 0.158843 0.172119 0.170457 0.163624 0.161433 0.154363 0.139783 0.123701 0.106143 0 0 0 0.112247 0.128232 0.135653 0.12337 0.116998 0.127921 0.138772 0.143014 0.153958 0.153688 0.149897 0.134117 0.126324 0.129347 0.125882 0.119959 0.105794 0.104968 0 0 0 0 0 0 0 0.101701 0.109287 0.114245 0.118737 0.119761 0.121595 0.124037 0.124061 0.123945 0.123722 0.12356 0.123153 0.122187 0.121338 0.117492 0.110847 0 0 0 0.106583 0.110602 0.114558 0.116512 0.117804 0.117543 0.117328 0.116864 0 0 0 -9999
-9999 -9999 -9999 0 0 0.113282 0.124859 0.126699 0.153888 0.170473 0.170343 0.167021 0.163169 0.145936 0.146787 0.143226 0.127373 0.10435 0 0 0 0.117515 0.124432 0.104023 0 0.101831 0.118306 0.133032 0.148407 0.152187 0.147456 0.122995 0 0.108783 0.121377 0.121109 0.117157 0.104007 0 0 0 0 0 0 0 0 0.108213 0.115262 0.112314 0.113705 0.120438 0.124212 0.124152 0.124012 0.123932 0.123628 0.123178 0.121463 0.119659 0.116775 0 0 0 0 0.100749 0.105689 0.114784 0.11679 0.117488 0.11741 0.11719 0.11691 0.112706 0.110346 0.104249 0
-9999 -9999 -9999 0 0 0 0.107172 0.124247 0.149932 0.162484 0.168418 0.168126 0.165506 0.157704 0.152956 0.143748 0.127261 0.104773 0 0 0 0.100275 0.106993 0 0 0 0.107757 0.133828 0.148652 0.150508 0.148979 0.143792 0.124769 0.101818 0.101703 0.112924 0.103174 0 0 0 0 0 0 0 0 0 0.102104 0.116795 0.118719 0.118085 0.124149 0.124252 0.124187 0.124213 0.123993 0.123723 0.123322 0.121884 0.118927 0.10755 0 0 0 0 0.10405 0.110226 0.114577 0.11585 0.116857 0.117405 0.117346 0.11695 0.114801 0.108151 0 0
-9999 -9999 -9999 0 0 0 0.107466 0.12955 0.148533 0.149855 0.159789 0.159618 0.164749 0.163079 0.155838 0.148059 0.133832 0.104982 0 0 0 0 0 0 0 0 0.108485 0.132551 0.1455 0.135052 0.145413 0.144369 0.137125 0.123387 0.102127 0.102332 0 0 0 0 0 0 0 0 0 0 0 0.109838 0.120929 0.122617 0.124562 0.124444 0.124268 0.124232 0.124043 0.123595 0.122804 0.12131 0.111738 0.100395 0 0 0 0.100212 0.107171 0.110968 0.114697 0.116037 0.116935 0.117253 0.117362 0.116698 0.115299 0.107186 0.1027 0
-9999 -9999 -9999 -9999 0 0 0.101793 0.106807 0.123661 0.132688 0.139637 0.141052 0.161175 0.162137 0.157489 0.150331 0.138174 0.116247 0.100931 0 0 0 0 0 0 0 0.109042 0.135642 0.138397 0.121229 0.123572 0.126948 0.134734 0.130502 0.101603 0 0 0 0 0 0 0 0 0 0 0.107057 0.108921 0.116516 0.122068 0.123448 0.124436 0.124373 0.124312 0.124103 0.123556 0.123101 0.121442 0.117988 0.107306 0 0 0 0 0 0.100258 0.110037 0.115131 0.116284 0.116827 0.117146 0.117251 0.116829 0.116052 0.112489 0.108029 0.105224
-9999 -9999 -9999 -9999 0 0 0 0 0 0 0.114904 0.122158 0.141448 0.159708 0.1582 0.151173 0.139789 0.126671 0.106445 0 0 0 0 0 0 0.106164 0.121749 0.124582 0.107046 0 0 0.104884 0.125689 0.12933 0.125057 0.107564 0 0 0 0 0 0 0 0 0.103361 0.110698 0.115722 0.11836 0.123097 0.124152 0.124346 0.124516 0.124215 0.123749 0.122755 0.121654 0.117528 0.112577 0 0 0 0 0 0 0.102876 0.109422 0.114486 0.115424 0.116471 0.116526 0.116923 0.116677 0.116285 0.114522 0.110687 0.109319
-9999 -9999 -9999 -9999 -9999 -9999 -9999 -9999 -9999 0 0 0.10975 0.132062 0.157672 0.157468 0.151412 0.144348 0.125123 0.103977 0.100239 0 0 0 0 0.105659 0.109845 0.114829 0.107558 0 0 0 0.103116 0.125067 0.124776 0.125309 0.1162 0.103147 0 0 0 0 0 0 0 0.104429 0.104666 0.112662 0.121963 0.123553 0.124369 0.124675 0.124581 0.123922 0.123097 0.12188 0.120136 0.117372 0.111879 0 0 0 0 0 0 0.104771 0.111008 0.113467 0.114812 0.11581 0.116522 0.11679 0.116575 0.11633 0.115021 0.113268 0.109657
-9999 -9999 -9999 -9999 -9999 -9999 -9999 -9999 -9999 0 0 0.103737 0.128277 0.151124 0.154736 0.148347 0.139823 0.129506 0.11755 0.100279 0 0 0 0 0 0 0 0 0 0 0 0 0.118149 0.121635 0.120045 0.118214 0 0 0 0 0 0 0 0 0.105118 0.113063 0.118622 0.122047 0.124256 0.124558 0.124723 0.124441 0.123363 0.122191 0.120887 0.11912 0.117301 0.113012 0 0 0 0 0 0 0.101078 0.109363 0.112894 0.115059 0.115936 0.116506 0.116154 0.116221 0.116048 0.115221 0.113583 0.110061
-9999 -9999 -9999 -9999 -9999 -9999 -9999 -9999 -9999 -9999 0 0 0.117836 0.144638 0.152038 0.148664 0.142681 0.133228 0.120567 0.111579 0 0 0 0 0 0 0 0 0 0 0 0 0.113188 0.117915 0 0.113774 0.109385 0 0 0 0 0 0 0 0.102093 0.105811 0.117586 0.11726 0.1246 0.12474 0.124703 0.124148 0.12326 0.121858 0.120166 0.118027 0.115934 0.11145 0 0 0 0 0 0 0.102501 0.110898 0.111351 0.113759 0.115009 0.116256 0.115062 0.114668 0.115739 0.115167 0.114021 0.111099
-9999 -9999 -9999 -9999 -9999 -9999 -9999 -9999 -9999 -9999 0 0 0.109582 0.134023 0.148925 0.148045 0.143546 0.139098 0.130134 0.118215 0 -9999 -9999 -9999 -9999 -9999 -9999 0 0 0 0 0 0.112474 0.115153 0.100606 0 0.104335 0.100395 0 0 0 0 0 0 0 0.103443 0.108252 0.120973 0.12484 0.12473 0.124522 0.123738 0.122812 0.121695 0.119625 0.117261 0.114886 0.10078 0 0 0 0 0 0 0.104656 0.108509 0.111901 0.113659 0.115171 0.115403 0.113775 0.113453 0.115474 0.115222 0.114401 0.111807
