Test_Spring_2018b/11_17/Prec/20171116_008.txt
ncols	170
nrows	115
xllcorner	350000.000000
yllcorner	4445000.000000
cellsize	1000.000000
nodata_value	-9999.000000
[rows 32 to 63 of 115, columns 72 to 143 of 170]
0.593001 0.611013 0.612304 0.615012 0.687672 0.724844 0.74817 0.761113 0.778941 0.803472 0.819204 0.834452 0.847233 0.873013 0.928186 0.978707 0.965453 0.974241 0.99944 0.98224 1.00803 1.05813 1.12477 1.10928 1.13134 1.22929 1.26388 -9999 -9999 -9999 -9999 -9999 -9999 -9999 -9999 -9999 -9999 -9999 -9999 -9999 -9999 -9999 -9999 -9999 -9999 -9999 -9999 -9999 -9999 -9999 -9999 -9999 -9999 -9999 -9999 -9999 -9999 -9999 -9999 -9999 -9999 -9999 -9999 -9999 -9999 -9999 -9999 -9999 -9999 -9999 -9999 -9999
0.601591 0.615764 0.611925 0.624642 0.673608 0.720785 0.74973 0.760586 0.775005 0.792264 0.808127 0.823678 0.846599 0.874838 0.923463 0.979826 0.999651 0.98581 0.994423 1.00096 1.02518 1.05351 1.09201 1.08365 1.08899 1.14607 1.23146 1.29156 -9999 -9999 -9999 -9999 -9999 -9999 -9999 -9999 -9999 -9999 -9999 -9999 -9999 -9999 -9999 -9999 -9999 -9999 -9999 -9999 -9999 -9999 -9999 -9999 -9999 -9999 -9999 -9999 -9999 -9999 -9999 -9999 -9999 -9999 -9999 -9999 -9999 -9999 -9999 -9999 -9999 -9999 -9999 -9999
0.611484 0.638149 0.640737 0.646186 0.700686 0.756168 0.767541 0.761721 0.775062 0.787642 0.806695 0.823516 0.843986 0.871519 0.906424 0.94645 1.0095 0.985417 0.968909 0.979639 0.991712 1.0147 1.05174 1.04327 1.05532 1.13093 1.23355 1.26691 1.28728 -9999 -9999 -9999 -9999 -9999 -9999 -9999 -9999 -9999 -9999 -9999 -9999 -9999 -9999 -9999 -9999 -9999 -9999 -9999 -9999 -9999 -9999 -9999 -9999 -9999 -9999 -9999 -9999 -9999 -9999 -9999 -9999 -9999 -9999 -9999 -9999 -9999 -9999 -9999 -9999 -9999 -9999 -9999
0.622417 0.652799 0.655701 0.65594 0.674714 0.73337 0.76158 0.769151 0.775986 0.788509 0.807823 0.842441 0.855729 0.866124 0.891991 0.936208 0.980385 0.998564 0.96813 0.966567 0.979275 0.981389 1.01428 1.0164 1.03316 1.07181 1.15828 1.23129 1.25543 1.29186 -9999 -9999 -9999 -9999 -9999 -9999 -9999 -9999 -9999 -9999 -9999 -9999 -9999 -9999 -9999 -9999 -9999 -9999 -9999 -9999 -9999 -9999 -9999 -9999 -9999 -9999 -9999 -9999 -9999 -9999 -9999 -9999 -9999 -9999 -9999 -9999 -9999 -9999 -9999 -9999 -9999 -9999
-9999 -9999 0.676049 0.69519 0.716573 0.744423 0.76511 0.771149 0.77667 0.789339 0.816946 0.835402 0.845852 0.866079 0.89432 0.915103 0.945901 0.977804 0.978025 0.953649 0.978888 0.965623 0.979065 0.986623 1.01513 1.09475 1.16342 1.22785 1.25023 1.28128 -9999 -9999 -9999 -9999 -9999 -9999 -9999 -9999 -9999 -9999 -9999 -9999 -9999 -9999 -9999 -9999 -9999 -9999 -9999 -9999 -9999 -9999 -9999 -9999 -9999 -9999 -9999 -9999 -9999 -9999 -9999 -9999 -9999 -9999 -9999 -9999 -9999 -9999 -9999 -9999 -9999 -9999
-9999 -9999 -9999 0.698149 0.722744 0.714706 0.768443 0.777778 0.779264 0.791632 0.809232 0.824368 0.840775 0.858578 0.881648 0.905962 0.935026 0.945293 0.932299 0.941289 0.955734 0.962781 0.962932 0.977795 1.02961 1.10608 1.14139 1.2427 1.27284 1.28045 1.30324 -9999 -9999 -9999 -9999 -9999 -9999 -9999 -9999 -9999 -9999 -9999 -9999 1.32836 -9999 -9999 -9999 -9999 -9999 -9999 -9999 -9999 -9999 -9999 -9999 -9999 -9999 -9999 -9999 -9999 -9999 -9999 -9999 -9999 1.59474 -9999 -9999 -9999 -9999 -9999 -9999 -9999
-9999 -9999 0.66186 0.704083 0.709374 0.711319 0.754344 0.781003 0.781324 0.793922 0.809914 0.825332 0.845929 0.857291 0.873613 0.898799 0.909998 0.910727 0.915736 0.920947 0.928342 0.940689 0.9565 0.974346 1.03688 1.06984 1.09612 1.16504 1.22407 1.25397 1.29338 1.32515 -9999 -9999 -9999 -9999 -9999 -9999 -9999 1.31407 1.32106 1.32669 1.3264 1.31447 1.33237 -9999 -9999 -9999 -9999 -9999 -9999 -9999 -9999 -9999 -9999 -9999 -9999 -9999 -9999 -9999 -9999 -9999 -9999 -9999 1.5745 1.60808 -9999 -9999 -9999 -9999 -9999 -9999
-9999 -9999 0.69503 0.697524 0.708013 0.711851 0.721371 0.778076 0.788059 0.796812 0.809391 0.825316 0.842863 0.850977 0.869938 0.883185 0.894588 0.892208 0.898078 0.910465 0.924743 0.939434 0.96289 0.976507 1.02567 1.05187 1.08604 1.1204 1.20182 1.25325 1.30276 1.34326 -9999 -9999 -9999 -9999 -9999 -9999 1.29921 1.28916 1.28581 1.312 1.30198 1.29377 1.30373 1.35556 -9999 -9999 -9999 -9999 -9999 -9999 -9999 -9999 -9999 -9999 -9999 -9999 -9999 -9999 1.42322 1.45499 1.51305 1.54743 1.57225 1.60432 -9999 -9999 -9999 -9999 -9999 -9999
-9999 -9999 0.694477 0.695846 0.703405 0.712252 0.729779 0.754941 0.789786 0.801179 0.813527 0.824998 0.835419 0.85313 0.864224 0.885707 0.877362 0.884431 0.89529 0.917968 0.933487 0.968882 0.991409 1.03632 1.02936 1.05918 1.10575 1.15997 1.24605 1.27067 1.29522 1.332 -9999 -9999 -9999 -9999 -9999 -9999 1.28921 1.27796 1.27009 1.27469 1.30155 1.28183 1.31791 1.3424 1.35483 1.35081 1.35246 1.38095 1.38498 1.38506 1.39558 1.39135 -9999 -9999 -9999 -9999 1.40323 1.40725 1.41251 1.42997 1.49307 1.53975 1.58348 1.59793 -9999 -9999 -9999 -9999 -9999 -9999
-9999 -9999 0.67807 0.688244 0.704326 0.725033 0.736246 0.763653 0.79602 0.815785 0.827978 0.837763 0.84594 0.855892 0.869538 0.87336 0.879351 0.889874 0.924348 0.964585 0.959588 0.982321 1.04967 1.04269 1.0392 1.07192 1.12622 1.18625 1.23797 1.25809 1.28899 1.3327 -9999 -9999 -9999 1.32401 1.30373 1.30557 1.30313 1.28635 1.2757 1.26342 1.2623 1.28231 1.3138 1.33884 1.36497 1.36853 1.34793 1.34874 1.37641 1.37631 1.38616 1.39723 1.39108 1.38876 1.39007 1.39479 1.3991 1.40356 1.41091 1.42831 1.47525 1.51309 1.5418 1.61563 -9999 -9999 -9999 -9999 -9999 -9999
-9999 -9999 0.690296 0.703109 0.717987 0.736679 0.757074 0.769131 0.797712 0.821655 0.832219 0.849959 0.850173 0.856874 0.862993 0.870161 0.87876 0.907307 0.945766 0.985647 1.00961 1.02559 1.06315 1.0761 1.07274 1.09049 1.14342 1.19866 1.21781 1.25874 1.31271 1.35509 -9999 -9999 1.36428 1.32141 1.29221 1.2791 1.27822 1.28296 1.268 1.27355 1.25879 1.28294 1.33501 1.34224 1.35914 1.36174 1.377 1.38187 1.38619 1.38495 1.38438 1.38574 1.38175 1.38175 1.38297 1.38546 1.39242 1.39589 1.40223 1.41639 1.46158 1.48978 1.52092 1.62186 -9999 -9999 -9999 -9999 -9999 -9999
-9999 -9999 0.697666 0.711351 0.723744 0.745368 0.75889 0.777251 0.813478 0.81677 0.83767 0.852614 0.863686 0.860699 0.865159 0.869657 0.875022 0.901411 0.932504 0.978255 1.01115 1.04675 1.07051 1.12309 1.12995 1.14913 1.16874 1.17898 1.2018 1.25472 1.28515 1.33927 1.36589 -9999 1.36 1.3415 1.30562 1.27613 1.25945 1.27193 1.2541 1.25707 1.25973 1.27793 1.31847 1.35419 1.3663 1.37907 1.37195 1.36584 1.37718 1.37573 1.37966 1.37878 1.37738 1.37694 1.37735 1.37877 1.38208 1.38713 1.39458 1.40538 1.43196 1.46053 1.51119 1.61603 -9999 -9999 -9999 -9999 -9999 -9999
-9999 0.685865 0.696024 0.704222 0.723256 0.74336 0.762688 0.78145 0.810619 0.821755 0.83271 0.852458 0.874603 0.877559 0.877716 0.871176 0.874596 0.880257 0.899283 0.953091 0.985876 1.03311 1.07897 1.11811 1.1291 1.12117 1.13886 1.17105 1.20375 1.25821 1.28222 1.31398 1.37171 1.36986 1.34963 1.33476 1.31052 1.27333 1.24911 1.24161 1.24323 1.24713 1.2518 1.28901 1.32258 1.34019 1.36076 1.37302 1.38263 1.38091 1.39081 1.37513 1.37145 1.37557 1.37369 1.37242 1.37196 1.37268 1.37537 1.3805 1.38736 1.39642 1.4077 1.44345 1.51789 1.59677 -9999 -9999 -9999 -9999 -9999 -9999
-9999 -9999 0.699649 0.719713 0.74526 0.768197 0.785736 0.800122 0.820484 0.83478 0.84082 0.850424 0.87637 0.895848 0.884234 0.880468 0.876797 0.879684 0.886131 0.944725 0.97746 1.0079 1.0532 1.06938 1.07759 1.0949 1.11833 1.17026 1.22053 1.28971 1.33619 1.34412 1.3689 1.36347 1.35014 1.31383 1.28885 1.28027 1.27592 1.24034 1.24017 1.25629 1.2584 1.28568 1.31267 1.33725 1.34715 1.35979 1.36986 1.40755 1.39504 1.39621 1.37835 1.36879 1.37016 1.36834 1.36717 1.36778 1.3702 1.37499 1.3818 1.39059 1.40474 1.4333 1.52147 1.59375 -9999 -9999 -9999 -9999 -9999 -9999
-9999 -9999 -9999 -9999 0.754497 0.776025 0.798062 0.815067 0.826896 0.83738 0.846476 0.855812 0.868703 0.890789 0.896568 0.894809 0.91166 0.904187 0.895653 0.905942 0.920503 0.969833 1.01251 1.01402 1.03823 1.08302 1.12148 1.15845 1.21522 1.27336 1.32546 1.36442 1.36969 1.33576 1.3081 1.2709 1.25508 1.26622 1.259 1.25109 1.23803 1.23866 1.25429 1.283 1.30893 1.33996 1.33759 1.34843 1.36637 1.38139 1.39518 1.38837 1.38565 1.37027 1.3655 1.36494 1.36366 1.36387 1.3662 1.3709 1.37897 1.38912 1.40161 1.41648 1.5074 1.6016 -9999 -9999 -9999 -9999 -9999 -9999
-9999 -9999 -9999 -9999 0.771169 0.795651 0.812261 0.811219 0.83059 0.841361 0.854248 0.861221 0.872009 0.889809 0.906449 0.920634 0.940453 0.934986 0.915947 0.910492 0.921406 0.966786 0.97611 1.00115 1.03225 1.08545 1.12887 1.1592 1.21453 1.27607 1.31344 1.35964 1.34624 1.32948 1.3062 1.26598 1.23881 1.22984 1.24465 1.23932 1.22307 1.23489 1.26266 1.27607 1.30895 1.34644 1.3373 1.34331 1.35927 1.36657 1.38452 1.38344 1.3776 1.37066 1.365 1.36278 1.36196 1.36208 1.36419 1.36909 1.37695 1.38717 1.40003 1.41504 1.47975 1.60232 -9999 -9999 -9999 -9999 -9999 -9999
-9999 -9999 -9999 -9999 -9999 0.815395 0.819393 0.810006 0.834077 0.850718 0.856289 0.864894 0.877781 0.88731 0.906498 0.931089 0.978537 0.971452 0.954578 0.929927 0.924476 0.942092 0.97749 1.0144 1.07665 1.13324 1.15613 1.17928 1.22379 1.27729 1.31784 1.30478 1.2879 1.26747 1.25664 1.26022 1.23709 1.22002 1.23311 1.22497 1.2167 1.23716 1.25574 1.27443 1.30882 1.32483 1.33802 1.33749 1.35736 1.36041 1.37608 1.37867 1.37592 1.37128 1.36569 1.36319 1.36193 1.3619 1.36448 1.36915 1.37704 1.38766 1.40069 1.41584 1.43656 1.51911 1.56705 -9999 -9999 -9999 -9999 -9999
-9999 -9999 -9999 -9999 -9999 0.839032 0.853706 0.837623 0.857511 0.855489 0.858342 0.866878 0.884215 0.895785 0.923225 0.932369 0.976062 1.00089 0.99216 1.00853 0.973519 0.946285 0.980731 1.08527 1.13554 1.17658 1.18899 1.2057 1.2289 1.30093 1.32122 1.28669 1.26507 1.24759 1.23378 1.23242 1.23325 1.20512 1.20654 1.20432 1.21655 1.22779 1.25673 1.28072 1.29677 1.32161 1.33739 1.33632 1.36038 1.3568 1.37408 1.37991 1.38038 1.3713 1.36784 1.3651 1.36396 1.36432 1.36673 1.37229 1.37977 1.39033 1.4036 1.41834 1.43498 1.47628 1.52025 1.54786 1.55656 -9999 -9999 -9999
-9999 -9999 -9999 -9999 -9999 -9999 0.892873 0.860446 0.867135 0.868817 0.861953 0.868452 0.887235 0.899792 0.927069 0.951374 0.991086 1.03773 1.07142 1.01381 0.967488 0.951542 0.980699 1.07041 1.11724 1.13693 1.13792 1.16812 1.1933 1.25475 1.27267 1.29241 1.28739 1.26431 1.2457 1.22362 1.20859 1.20972 1.2041 1.20745 1.21699 1.22715 1.24237 1.25809 1.29699 1.30176 1.32422 1.33189 1.34524 1.35626 1.37467 1.38529 1.37968 1.37343 1.3704 1.3688 1.368 1.36837 1.37083 1.37582 1.38523 1.3956 1.40826 1.42297 1.43876 1.47464 1.49649 1.5296 1.5666 1.60733 -9999 -9999
-9999 -9999 -9999 -9999 -9999 -9999 0.92264 0.889277 0.894437 0.874667 0.874096 0.881821 0.88637 0.89738 0.918969 0.950852 0.978681 1.03085 1.08676 1.02432 0.981198 0.961444 0.975605 1.06208 1.06344 1.09441 1.10574 1.14578 1.16992 1.20569 1.23079 1.25556 1.28392 1.30334 1.25277 1.22701 1.2074 1.2004 1.19965 1.20379 1.21464 1.23352 1.26878 1.26558 1.29035 1.30641 1.32164 1.33439 1.34619 1.35636 1.3742 1.3769 1.38305 1.37502 1.3759 1.37437 1.37364 1.37448 1.37733 1.38229 1.38957 1.3979 1.41491 1.429 1.44424 1.47975 1.49811 1.51653 1.53704 1.58546 1.61899 1.64645
-9999 -9999 -9999 -9999 -9999 -9999 1.00217 0.942514 0.917712 0.896943 0.890643 0.889116 0.890406 0.905059 0.916276 0.940437 0.964352 1.00071 1.05445 1.09198 1.05008 0.985132 0.98336 1.0117 1.03043 1.0625 1.09224 1.10865 1.1208 1.16529 1.20206 1.23759 1.26101 1.27239 1.2353 1.23089 1.23529 1.19745 1.20238 1.21167 1.23616 1.26515 1.27381 1.30259 1.31771 1.34432 1.34502 1.34598 1.35175 1.3599 1.37859 1.3796 1.38134 1.38296 1.38202 1.38133 1.38132 1.38254 1.38555 1.39088 1.39806 1.40676 1.41702 1.42959 1.45081 1.48601 1.50307 1.52012 1.53623 1.5557 1.57632 1.61288
-9999 -9999 -9999 -9999 -9999 -9999 1.00954 0.978153 0.935977 0.928451 0.904035 0.902667 0.896229 0.902219 0.914662 0.936823 0.964454 0.995832 1.04324 1.08194 1.0566 1.01876 0.99546 1.00798 1.0364 1.05277 1.07104 1.09255 1.10899 1.14135 1.16471 1.21333 1.23194 1.25737 1.21679 1.21352 1.22234 1.20524 1.21157 1.24995 1.2827 1.2957 1.29394 1.32016 1.34614 1.37207 1.37412 1.35837 1.37226 1.37875 1.38572 1.38665 1.39044 1.39026 1.39004 1.38989 1.39056 1.39217 1.39533 1.40076 1.40777 1.4164 1.42691 1.43801 1.45098 1.48683 1.50923 1.52469 1.53953 1.5543 1.57195 1.59284
-9999 -9999 -9999 -9999 -9999 -9999 1.00879 1.00251 0.965039 0.942937 0.916298 0.908726 0.903624 0.908059 0.922799 0.936349 0.955955 0.98474 1.00769 1.04352 1.09082 1.0399 1.03607 1.04421 1.0567 1.05405 1.06903 1.09079 1.14573 1.14487 1.17194 1.19899 1.20934 1.22422 1.20292 1.20502 1.20862 1.21399 1.24603 1.28989 1.32774 1.31611 1.33104 1.33533 1.38853 1.37139 1.36332 1.36773 1.3941 1.41189 1.40072 1.40293 1.40151 1.40033 1.39942 1.40022 1.40099 1.40329 1.40686 1.41197 1.41882 1.42705 1.43669 1.44739 1.45921 1.49475 1.50939 1.52686 1.54084 1.55972 1.57131 1.59433
-9999 -9999 -9999 -9999 -9999 -9999 -9999 1.0321 1.00093 0.953619 0.930052 0.916839 0.912818 0.918113 0.928463 0.939867 0.954678 0.977775 1.00624 1.0479 1.0824 1.07848 1.07586 1.09927 1.10103 1.07893 1.08006 1.11017 1.18934 1.19437 1.1722 1.17761 1.18393 1.18987 1.20203 1.20806 1.21849 1.2414 1.30336 1.31591 1.34602 1.35263 1.37392 1.3633 1.39601 1.38238 1.38255 1.38867 1.42128 1.44111 1.42347 1.41595 1.42005 1.41487 1.41066 1.41162 1.41311 1.41582 1.41938 1.42431 1.4307 1.43818 1.44725 1.45719 1.46893 1.50524 1.52068 1.5351 1.55037 1.5587 1.56916 1.60269
-9999 -9999 -9999 -9999 -9999 -9999 -9999 1.07408 1.02142 0.963532 0.950335 0.935842 0.923344 0.928726 0.942644 0.956338 0.970795 0.987171 1.02015 1.05339 1.08653 1.10519 1.11215 1.14181 1.13483 1.10076 1.10413 1.11976 1.22607 1.24905 1.21745 1.19079 1.1927 1.19946 1.2407 1.23649 1.26104 1.29355 1.30704 1.32601 1.35936 1.35592 1.38407 1.38609 1.4155 1.41211 1.4156 1.4082 1.43743 1.4631 1.4462 1.43628 1.43874 1.42653 1.42322 1.42374 1.42567 1.4284 1.43226 1.43703 1.44325 1.45058 1.45887 1.4683 1.4792 1.49545 1.56019 1.5717 1.57532 1.57871 1.59153 1.60664
-9999 -9999 -9999 -9999 -9999 -9999 -9999 1.07594 1.04252 0.992078 0.956002 0.960814 0.94583 0.940872 0.956081 0.972571 0.989705 1.00156 1.03678 1.07549 1.10927 1.14819 1.15443 1.14527 1.1419 1.12355 1.12973 1.147 1.23479 1.23099 1.21165 1.20353 1.2044 1.21206 1.22453 1.23366 1.25337 1.26522 1.29208 1.33146 1.35199 1.35239 1.39591 1.40301 1.39998 1.44176 1.42944 1.42809 1.46302 1.47407 1.45524 1.44713 1.43974 1.43741 1.43782 1.43716 1.4398 1.4428 1.44665 1.4515 1.45716 1.4641 1.47164 1.4822 1.4945 1.52814 1.57744 1.58541 1.58337 1.5823 1.60882 1.61132
-9999 -9999 -9999 -9999 -9999 -9999 -9999 1.07873 1.04933 1.00674 0.983576 0.985726 0.968736 0.953979 0.962921 0.980202 0.990361 1.0088 1.03983 1.07392 1.11101 1.13438 1.17582 1.15582 1.16168 1.14719 1.14604 1.2336 1.25211 1.24207 1.23126 1.23026 1.21792 1.22311 1.23375 1.26361 1.28098 1.28151 1.293 1.30908 1.33899 1.34818 1.37123 1.38624 1.40111 1.44785 1.44577 1.45365 1.46484 1.46664 1.45956 1.45585 1.45219 1.45354 1.45329 1.452 1.45473 1.45804 1.46202 1.46649 1.47194 1.47885 1.48605 1.49842 1.51551 1.54166 1.61093 1.59759 1.58297 1.59694 1.61495 1.61764
-9999 -9999 -9999 -9999 -9999 -9999 -9999 1.097 1.06473 1.02964 1.01974 1.02463 0.988384 0.968676 0.975493 0.987416 1.00038 1.03507 1.0413 1.05509 1.08905 1.13497 1.18491 1.19119 1.18915 1.17389 1.17297 1.27509 1.29512 1.29428 1.27472 1.25731 1.23835 1.23756 1.2502 1.2944 1.34122 1.32799 1.3139 1.32089 1.3343 1.36293 1.37788 1.39255 1.41659 1.46286 1.47649 1.47827 1.48531 1.48273 1.47448 1.46791 1.47669 1.47804 1.47051 1.46754 1.47072 1.47419 1.47783 1.48217 1.48711 1.49441 1.50215 1.51184 1.54423 1.56655 1.62339 1.60716 1.59848 1.62874 1.61956 1.62137
-9999 -9999 -9999 -9999 -9999 -9999 -9999 1.1224 1.10169 1.06852 1.06019 1.04091 1.00731 0.994299 0.991634 0.998851 1.00987 1.0294 1.04437 1.06687 1.10144 1.14603 1.195 1.23041 1.22702 1.21163 1.23989 1.3115 1.33533 1.32398 1.30294 1.26777 1.25012 1.25287 1.26083 1.27458 1.31054 1.353 1.35927 1.34782 1.37033 1.39577 1.39411 1.40438 1.42801 1.44772 1.48374 1.49411 1.50829 1.5083 1.49832 1.48006 1.48164 1.48682 1.48089 1.48421 1.48765 1.49089 1.49457 1.49843 1.50263 1.50863 1.51718 1.53929 1.55917 1.58516 1.59216 1.60489 1.61309 1.62739 1.62477 1.6269
-9999 -9999 -9999 -9999 -9999 -9999 -9999 1.15792 1.13161 1.10118 1.07265 1.04555 1.02286 1.02798 1.01903 1.02609 1.02464 1.03419 1.05286 1.07272 1.10326 1.15759 1.205 1.25626 1.25457 1.22834 1.30414 1.33335 1.3794 1.34874 1.31361 1.28203 1.2678 1.29064 1.27995 1.28738 1.30471 1.33253 1.37259 1.37865 1.41096 1.41953 1.41446 1.41854 1.42931 1.44631 1.47896 1.50109 1.52238 1.52705 1.51892 1.50661 1.49418 1.49625 1.49744 1.50151 1.50533 1.50866 1.51203 1.51568 1.51978 1.52495 1.54299 1.56384 1.57784 1.59594 1.60077 1.60225 1.61486 1.63189 1.62921 1.6303
-9999 -9999 -9999 -9999 -9999 -9999 -9999 -9999 1.14834 1.1167 1.09525 1.09562 1.0765 1.06941 1.06526 1.06971 1.04412 1.04919 1.06338 1.08184 1.10865 1.15151 1.18422 1.23347 1.27171 1.30752 1.35658 1.35493 1.36683 1.35795 1.32488 1.28966 1.29213 1.32609 1.32854 1.32911 1.32253 1.33517 1.38738 1.41724 1.44348 1.43701 1.43028 1.43498 1.44291 1.4547 1.48218 1.53147 1.52016 1.5136 1.51766 1.51207 1.50921 1.51245 1.51572 1.52009 1.52391 1.52745 1.53108 1.53418 1.53887 1.54617 1.56484 1.6069 1.60673 1.61276 1.62694 1.61537 1.65222 1.63872 1.63275 1.63314
-9999 -9999 -9999 -9999 -9999 -9999 -9999 -9999 1.17537 1.13744 1.13676 1.14634 1.17045 1.17079 1.11908 1.11403 1.08951 1.06656 1.07531 1.09313 1.11828 1.14666 1.18693 1.24102 1.28625 1.37315 1.35019 1.33576 1.33699 1.33362 1.31689 1.32011 1.35543 1.3886 1.3807 1.3783 1.35094 1.35093 1.36362 1.39763 1.43592 1.45953 1.44767 1.45326 1.46084 1.4699 1.48561 1.52636 1.52643 1.52287 1.52268 1.52587 1.52513 1.52963 1.53477 1.53918 1.54355 1.54741 1.55138 1.55488 1.56264 1.57127 1.5994 1.62274 1.63733 1.6557 1.61521 1.61839 1.64571 1.64459 1.6375 1.63716
