Test_Spring_2018b/11_17/Prec/20171119_011.txt
ncols	170
nrows	115
xllcorner	350000.000000
yllcorner	4445000.000000
cellsize	1000.000000
nodata_value	-9999.000000
[rows 32 to 63 of 115, columns 72 to 143 of 170]
0.118038 0.117594 0.116822 0.116068 0.111537 0.110977 0.106537 0.106363 0.106294 0.106369 0.106286 0.106207 0.106091 0.106237 0.106959 0.107594 0.106987 0.106803 0.106929 0.106218 0.106328 0.106894 0.107764 0.107022 0.106995 0.111803 0.111817 -9999 -9999 -9999 -9999 -9999 -9999 -9999 -9999 -9999 -9999 -9999 -9999 -9999 -9999 -9999 -9999 -9999 -9999 -9999 -9999 -9999 -9999 -9999 -9999 -9999 -9999 -9999 -9999 -9999 -9999 -9999 -9999 -9999 -9999 -9999 -9999 -9999 -9999 -9999 -9999 -9999 -9999 -9999 -9999 -9999
0.118316 0.117776 0.116888 0.116318 0.115298 0.110803 0.106519 0.106306 0.106173 0.106107 0.106027 0.105953 0.106033 0.106225 0.106818 0.107564 0.107599 0.106975 0.10678 0.106534 0.106618 0.106769 0.107102 0.106512 0.106176 0.11049 0.111162 0.111834 -9999 -9999 -9999 -9999 -9999 -9999 -9999 -9999 -9999 -9999 -9999 -9999 -9999 -9999 -9999 -9999 -9999 -9999 -9999 -9999 -9999 -9999 -9999 -9999 -9999 -9999 -9999 -9999 -9999 -9999 -9999 -9999 -9999 -9999 -9999 -9999 -9999 -9999 -9999 -9999 -9999 -9999 -9999 -9999
0.118499 0.118196 0.117427 0.116712 0.11501 0.107033 0.10682 0.106281 0.106126 0.105969 0.10595 0.1059 0.105932 0.10611 0.106437 0.106866 0.107742 0.106921 0.106241 0.10608 0.105934 0.105987 0.106301 0.105718 0.105525 0.109706 0.110857 0.1113 0.111501 -9999 -9999 -9999 -9999 -9999 -9999 -9999 -9999 -9999 -9999 -9999 -9999 -9999 -9999 -9999 -9999 -9999 -9999 -9999 -9999 -9999 -9999 -9999 -9999 -9999 -9999 -9999 -9999 -9999 -9999 -9999 -9999 -9999 -9999 -9999 -9999 -9999 -9999 -9999 -9999 -9999 -9999 -9999
0.118582 0.11836 0.117603 0.116787 0.115405 0.110894 0.10666 0.106377 0.106091 0.10593 0.105915 0.106211 0.106104 0.10595 0.106104 0.106618 0.107131 0.107135 0.106188 0.105793 0.105664 0.105317 0.105556 0.105187 0.105092 0.105135 0.109654 0.110504 0.110775 0.111299 -9999 -9999 -9999 -9999 -9999 -9999 -9999 -9999 -9999 -9999 -9999 -9999 -9999 -9999 -9999 -9999 -9999 -9999 -9999 -9999 -9999 -9999 -9999 -9999 -9999 -9999 -9999 -9999 -9999 -9999 -9999 -9999 -9999 -9999 -9999 -9999 -9999 -9999 -9999 -9999 -9999 -9999
-9999 -9999 0.117792 0.116454 0.112067 0.111092 0.106686 0.106364 0.106047 0.105884 0.106027 0.106009 0.105848 0.105889 0.106094 0.106157 0.106416 0.106693 0.106347 0.105514 0.105633 0.104992 0.104857 0.104597 0.104735 0.105143 0.109621 0.110288 0.110512 0.110916 -9999 -9999 -9999 -9999 -9999 -9999 -9999 -9999 -9999 -9999 -9999 -9999 -9999 -9999 -9999 -9999 -9999 -9999 -9999 -9999 -9999 -9999 -9999 -9999 -9999 -9999 -9999 -9999 -9999 -9999 -9999 -9999 -9999 -9999 -9999 -9999 -9999 -9999 -9999 -9999 -9999 -9999
-9999 -9999 -9999 0.11625 0.112117 0.111241 0.106708 0.106437 0.106031 0.105856 0.105802 0.105719 0.105677 0.105676 0.105787 0.105927 0.106159 0.106024 0.105428 0.105249 0.105164 0.10492 0.104529 0.104412 0.104718 0.105371 0.105637 0.110389 0.110742 0.110665 0.110898 -9999 -9999 -9999 -9999 -9999 -9999 -9999 -9999 -9999 -9999 -9999 -9999 0.11288 -9999 -9999 -9999 -9999 -9999 -9999 -9999 -9999 -9999 -9999 -9999 -9999 -9999 -9999 -9999 -9999 -9999 -9999 -9999 -9999 0.124931 -9999 -9999 -9999 -9999 -9999 -9999 -9999
-9999 -9999 0.116873 0.112382 0.11175 0.111041 0.110396 0.106437 0.105997 0.105818 0.105729 0.105652 0.105695 0.105575 0.105563 0.10573 0.105627 0.105315 0.105078 0.104832 0.104614 0.104476 0.104389 0.104328 0.104457 0.104669 0.104753 0.109012 0.109545 0.109869 0.110387 0.110774 -9999 -9999 -9999 -9999 -9999 -9999 -9999 0.110337 0.110731 0.111157 0.111512 0.111669 0.112415 -9999 -9999 -9999 -9999 -9999 -9999 -9999 -9999 -9999 -9999 -9999 -9999 -9999 -9999 -9999 -9999 -9999 -9999 -9999 0.121777 0.122578 -9999 -9999 -9999 -9999 -9999 -9999
-9999 -9999 0.112812 0.112136 0.111584 0.110883 0.110284 0.10631 0.106043 0.10578 0.10562 0.105553 0.105542 0.105367 0.105417 0.105365 0.105278 0.104918 0.104708 0.104609 0.104529 0.104438 0.104498 0.104351 0.104244 0.104314 0.104542 0.104782 0.108833 0.109535 0.110205 0.110714 -9999 -9999 -9999 -9999 -9999 -9999 0.109134 0.109099 0.109259 0.110048 0.110171 0.110347 0.110871 0.111573 -9999 -9999 -9999 -9999 -9999 -9999 -9999 -9999 -9999 -9999 -9999 -9999 -9999 -9999 0.114796 0.115786 0.117315 0.118366 0.119165 0.119997 -9999 -9999 -9999 -9999 -9999 -9999
-9999 -9999 0.112667 0.111962 0.111332 0.110694 0.11021 0.106253 0.105979 0.105757 0.105588 0.105435 0.105291 0.105313 0.105224 0.105347 0.104891 0.104729 0.104627 0.104736 0.104685 0.104997 0.105036 0.104902 0.104318 0.104444 0.104899 0.105513 0.106278 0.109528 0.109663 0.110048 -9999 -9999 -9999 -9999 -9999 -9999 0.108192 0.108111 0.108163 0.10851 0.109321 0.109236 0.109683 0.110337 0.110683 0.110615 0.11055 0.110999 0.11345 0.11304 0.112761 0.11217 -9999 -9999 -9999 -9999 0.111159 0.11145 0.111903 0.112689 0.114404 0.115782 0.117028 0.118353 -9999 -9999 -9999 -9999 -9999 -9999
-9999 -9999 0.112196 0.111657 0.11117 0.110728 0.110075 0.106288 0.105992 0.105731 0.105573 0.105406 0.10524 0.105134 0.105116 0.104915 0.104755 0.104673 0.105039 0.105494 0.105046 0.105246 0.105866 0.105038 0.104506 0.104672 0.105261 0.105971 0.10608 0.108923 0.109129 0.109343 -9999 -9999 -9999 0.108061 0.107537 0.107521 0.107502 0.107279 0.107239 0.10751 0.107763 0.108454 0.108767 0.109379 0.109923 0.109919 0.109322 0.109016 0.111648 0.111075 0.11062 0.112049 0.111208 0.110562 0.11017 0.110071 0.110207 0.110579 0.111201 0.11215 0.111767 0.113062 0.114094 0.115317 -9999 -9999 -9999 -9999 -9999 -9999
-9999 -9999 0.111933 0.111458 0.110951 0.11028 0.109793 0.109142 0.106043 0.105723 0.105533 0.105525 0.105214 0.105059 0.104912 0.104794 0.104701 0.104983 0.105438 0.105893 0.106009 0.105708 0.106014 0.105589 0.105051 0.105006 0.105297 0.105911 0.105846 0.105849 0.108922 0.109334 -9999 -9999 0.108461 0.107391 0.106666 0.10634 0.106339 0.106528 0.106401 0.106719 0.106663 0.107343 0.108084 0.10829 0.108961 0.108866 0.111315 0.110933 0.11045 0.111698 0.110751 0.109824 0.108859 0.108122 0.107632 0.107441 0.10763 0.108031 0.108719 0.109718 0.11139 0.112709 0.1145 0.11588 -9999 -9999 -9999 -9999 -9999 -9999
-9999 -9999 0.111476 0.111005 0.110437 0.109996 0.10937 0.108986 0.10619 0.105775 0.105511 0.105454 0.105365 0.105037 0.104875 0.104723 0.104585 0.10484 0.105162 0.105738 0.10603 0.106137 0.106164 0.106254 0.105892 0.105773 0.105672 0.105408 0.105447 0.1057 0.105954 0.108598 0.108678 -9999 0.107823 0.107195 0.106318 0.10566 0.105346 0.105684 0.105504 0.105773 0.106012 0.106588 0.107126 0.110146 0.110394 0.110479 0.109988 0.109683 0.109175 0.108222 0.109022 0.107878 0.106807 0.105934 0.10534 0.105086 0.105211 0.105694 0.106492 0.10754 0.108975 0.110792 0.112594 0.114248 -9999 -9999 -9999 -9999 -9999 -9999
-9999 0.112132 0.111298 0.110713 0.110252 0.109749 0.109196 0.108623 0.105941 0.105703 0.105485 0.105328 0.105465 0.105267 0.105039 0.104691 0.104531 0.104397 0.104495 0.105234 0.105373 0.105657 0.106077 0.106148 0.105847 0.105182 0.105027 0.105173 0.105357 0.105675 0.105815 0.106133 0.108355 0.107883 0.107117 0.106536 0.105868 0.105052 0.104589 0.104542 0.104743 0.10498 0.105301 0.108249 0.108828 0.109332 0.10972 0.109749 0.109515 0.108854 0.108227 0.10716 0.10597 0.106234 0.105013 0.10401 0.103321 0.103019 0.103142 0.103678 0.10455 0.105671 0.107151 0.108911 0.110849 0.112137 -9999 -9999 -9999 -9999 -9999 -9999
-9999 -9999 0.11123 0.110869 0.110515 0.11004 0.109417 0.108722 0.105985 0.105779 0.105472 0.105298 0.105391 0.105528 0.105086 0.104808 0.104525 0.104349 0.104212 0.104802 0.105029 0.105169 0.105565 0.10518 0.104808 0.104616 0.104557 0.105073 0.105587 0.106203 0.106772 0.106632 0.106857 0.107353 0.106699 0.105684 0.104991 0.104725 0.104647 0.104057 0.104175 0.106088 0.106668 0.107694 0.108194 0.108834 0.108997 0.108997 0.108716 0.108747 0.107579 0.106526 0.105019 0.103757 0.103516 0.102408 0.101643 0.101313 0.101443 0.102018 0.102963 0.104283 0.105537 0.107166 0.109787 0.111073 -9999 -9999 -9999 -9999 -9999 -9999
-9999 -9999 -9999 -9999 0.110546 0.110022 0.109461 0.108789 0.105975 0.10569 0.105442 0.105262 0.105207 0.10534 0.105249 0.105021 0.105148 0.104726 0.10421 0.104045 0.103912 0.104411 0.104577 0.104067 0.103992 0.10432 0.104541 0.104757 0.105389 0.1058 0.106477 0.106942 0.106792 0.105911 0.105548 0.104507 0.103986 0.104099 0.103965 0.104529 0.104747 0.105312 0.106186 0.107265 0.107782 0.108549 0.108461 0.108399 0.108229 0.107764 0.107028 0.105747 0.10446 0.102932 0.101714 0.101191 0.10038 0.100024 0.100162 0.100771 0.101779 0.103066 0.104493 0.10592 0.108647 0.110446 -9999 -9999 -9999 -9999 -9999 -9999
-9999 -9999 -9999 -9999 0.110739 0.110261 0.109581 0.108543 0.105928 0.105649 0.105477 0.105255 0.105166 0.105262 0.105366 0.105455 0.10562 0.105255 0.104573 0.1041 0.103891 0.104306 0.103821 0.10376 0.103809 0.104294 0.104604 0.104685 0.105284 0.105768 0.106159 0.106767 0.106257 0.105714 0.105067 0.104182 0.103438 0.103274 0.103724 0.103971 0.104146 0.104949 0.106077 0.106873 0.107548 0.108441 0.108214 0.10804 0.107806 0.107156 0.106454 0.105239 0.103845 0.102437 0.101165 0.100169 0 0 0 0 0.101026 0.102347 0.103812 0.105269 0.107507 0.1099 -9999 -9999 -9999 -9999 -9999 -9999
-9999 -9999 -9999 -9999 -9999 0.110531 0.109605 0.108406 0.105896 0.105735 0.105426 0.10524 0.105196 0.105135 0.105298 0.105585 0.106294 0.105897 0.105256 0.104407 0.103878 0.10375 0.10377 0.103936 0.104589 0.105138 0.105048 0.104989 0.105378 0.10571 0.106164 0.105623 0.105048 0.104436 0.104032 0.103919 0.103294 0.102926 0.103351 0.103547 0.103881 0.104855 0.105808 0.106709 0.107418 0.107891 0.108093 0.107786 0.107619 0.106875 0.106114 0.104957 0.10361 0.102235 0.100953 0 0 0 0 0 0.10073 0.102051 0.103509 0.104955 0.106322 0.107934 0.109036 -9999 -9999 -9999 -9999 -9999
-9999 -9999 -9999 -9999 -9999 0.110906 0.1102 0.108886 0.106269 0.105753 0.105398 0.105215 0.10526 0.105208 0.105536 0.105527 0.106169 0.106366 0.105879 0.105825 0.104721 0.103723 0.103725 0.105209 0.105633 0.105884 0.105597 0.105418 0.105398 0.106089 0.106153 0.105197 0.104531 0.103976 0.103513 0.103398 0.103203 0.102539 0.102886 0.103188 0.103908 0.104691 0.105832 0.106824 0.107162 0.107802 0.108054 0.10774 0.107663 0.106804 0.106092 0.105018 0.103754 0.102312 0.101089 0.100089 0 0 0 0 0.10089 0.102164 0.103574 0.104957 0.106191 0.106952 0.107942 0.10823 0.107759 -9999 -9999 -9999
-9999 -9999 -9999 -9999 -9999 -9999 0.110927 0.109324 0.106386 0.105953 0.105417 0.105199 0.10514 0.105178 0.105515 0.105792 0.106348 0.107007 0.107274 0.105781 0.104459 0.103685 0.103586 0.104792 0.10516 0.105008 0.104509 0.104603 0.104631 0.105113 0.105135 0.105235 0.10489 0.104185 0.104036 0.103311 0.102811 0.102719 0.102586 0.103468 0.104111 0.104844 0.105691 0.106499 0.107249 0.107492 0.107878 0.107748 0.107488 0.106948 0.106309 0.105378 0.104048 0.102712 0.101541 0.100586 0 0 0 0.100062 0.101478 0.102666 0.103974 0.105263 0.106395 0.106958 0.107469 0.107836 0.107911 0.107713 -9999 -9999
-9999 -9999 -9999 -9999 -9999 -9999 0.111499 0.109916 0.106851 0.106015 0.105499 0.105186 0.105032 0.10503 0.105244 0.105655 0.105968 0.106724 0.107515 0.105957 0.104548 0.103708 0.103497 0.10448 0.103981 0.104064 0.103782 0.104081 0.104102 0.104078 0.104244 0.104443 0.104677 0.105682 0.104342 0.103556 0.102974 0.102727 0.102691 0.102829 0.103181 0.105267 0.106466 0.106874 0.107303 0.107759 0.108012 0.108006 0.107757 0.107257 0.106687 0.105678 0.104656 0.103444 0.10231 0.101419 0.100795 0.100494 0.100531 0.100877 0.101475 0.1023 0.104679 0.105834 0.106844 0.10727 0.10765 0.107698 0.107451 0.107433 0.106855 0.10599
-9999 -9999 -9999 -9999 -9999 -9999 0.113054 0.111006 0.107078 0.106254 0.105549 0.10523 0.105003 0.105059 0.105057 0.105303 0.105526 0.105963 0.106704 0.107093 0.105881 0.1042 0.103467 0.103333 0.103191 0.103315 0.103409 0.103267 0.10307 0.103204 0.103487 0.103913 0.105467 0.105302 0.104247 0.103892 0.103788 0.102948 0.103025 0.103262 0.103856 0.104625 0.104974 0.107928 0.108115 0.108771 0.108756 0.108554 0.108242 0.107775 0.107327 0.106599 0.105536 0.104325 0.103347 0.102535 0.10196 0.10167 0.101683 0.101981 0.102498 0.103151 0.104013 0.104731 0.107504 0.107765 0.108048 0.108031 0.107696 0.107148 0.106385 0.10581
-9999 -9999 -9999 -9999 -9999 -9999 0.113172 0.108627 0.107348 0.106508 0.105697 0.105376 0.104988 0.104862 0.104868 0.105059 0.10534 0.105669 0.10628 0.106689 0.105822 0.104645 0.103754 0.103319 0.103144 0.102985 0.102876 0.102726 0.102629 0.102504 0.102659 0.105162 0.10514 0.105282 0.104189 0.10388 0.103879 0.103452 0.10356 0.104364 0.105117 0.105526 0.10575 0.106432 0.106647 0.10968 0.109712 0.109229 0.109529 0.109076 0.10849 0.107601 0.106431 0.105493 0.104625 0.103895 0.103375 0.103098 0.103083 0.10332 0.103745 0.10429 0.104885 0.105678 0.106157 0.106111 0.108611 0.108519 0.108153 0.107545 0.104379 0.10373
-9999 -9999 -9999 -9999 -9999 -9999 0.113367 0.108977 0.107808 0.106655 0.105801 0.105354 0.104981 0.10481 0.104845 0.104853 0.104965 0.105234 0.105363 0.105716 0.106264 0.104879 0.104331 0.103821 0.103505 0.102983 0.102815 0.102797 0.102799 0.102453 0.104936 0.105103 0.104963 0.104941 0.104257 0.104083 0.104003 0.104028 0.104645 0.105559 0.106414 0.106348 0.106815 0.107204 0.107928 0.107971 0.107764 0.107685 0.110598 0.110467 0.109684 0.108554 0.10772 0.106882 0.106103 0.105469 0.104994 0.104737 0.104699 0.104863 0.105191 0.105617 0.106075 0.106493 0.107156 0.106938 0.10688 0.103843 0.103417 0.105667 0.104965 0.104433
-9999 -9999 -9999 -9999 -9999 -9999 -9999 0.109444 0.108006 0.106707 0.105907 0.105339 0.104974 0.104805 0.104738 0.104688 0.104691 0.104837 0.105064 0.105523 0.105818 0.105346 0.104805 0.104586 0.104168 0.103291 0.102875 0.103039 0.103697 0.106151 0.105379 0.105152 0.104961 0.104794 0.104594 0.104531 0.104612 0.105 0.106213 0.10676 0.107498 0.107824 0.108459 0.108671 0.108967 0.108788 0.108795 0.108817 0.109243 0.109332 0.108115 0.107465 0.106991 0.106323 0.107766 0.107215 0.1068 0.106559 0.10649 0.106584 0.106808 0.104881 0.105071 0.105221 0.105639 0.105236 0.105067 0.104744 0.104318 0.103659 0.102973 0
-9999 -9999 -9999 -9999 -9999 -9999 -9999 0.109641 0.108209 0.10671 0.106111 0.105513 0.104973 0.104793 0.104783 0.104764 0.104751 0.104759 0.105071 0.105368 0.105643 0.10562 0.105355 0.105181 0.104614 0.103525 0.103173 0.103073 0.1072 0.10735 0.106444 0.105645 0.10542 0.105318 0.105925 0.105699 0.106089 0.106698 0.107005 0.107484 0.108299 0.108446 0.109235 0.109524 0.109986 0.110057 0.110194 0.110033 0.110486 0.110847 0.109652 0.109058 0.108651 0.107937 0.107405 0.10699 0.106671 0.10645 0.106336 0.106313 0.106366 0.106455 0.106541 0.106591 0.106581 0.106967 0.106747 0.106314 0.105624 0.104845 0.104234 0
-9999 -9999 -9999 -9999 -9999 -9999 -9999 0.109445 0.108399 0.107049 0.106005 0.105776 0.10518 0.104788 0.104792 0.104818 0.104848 0.104764 0.105119 0.105526 0.105821 0.106202 0.105936 0.105362 0.104529 0.103764 0.103483 0.10343 0.107442 0.107116 0.106494 0.106104 0.105909 0.105874 0.105969 0.106045 0.106381 0.106623 0.10722 0.108121 0.108714 0.108962 0.110083 0.110512 0.11074 0.111409 0.111317 0.111367 0.112039 0.111646 0.11107 0.110626 0.110139 0.109718 0.109343 0.108967 0.108697 0.108488 0.108351 0.10828 0.108249 0.108242 0.108214 0.108183 0.108101 0.108331 0.108129 0.107558 0.106704 0.1058 0.101159 0.100181
-9999 -9999 -9999 -9999 -9999 -9999 -9999 0.109247 0.108287 0.107094 0.106299 0.106015 0.105372 0.104781 0.104655 0.104689 0.104578 0.10462 0.104894 0.105216 0.105583 0.105672 0.106102 0.105332 0.10468 0.104005 0.103596 0.107686 0.107826 0.107417 0.107003 0.106795 0.10639 0.106354 0.10646 0.106985 0.107318 0.10738 0.107715 0.108201 0.109012 0.109473 0.110242 0.110881 0.111526 0.112379 0.11258 0.112919 0.112555 0.112762 0.112542 0.112313 0.112022 0.111784 0.111491 0.111173 0.110945 0.110751 0.110594 0.110462 0.11035 0.110244 0.110099 0.109988 0.109886 0.109864 0.10996 0.108887 0.107717 0.102688 0.101873 0.10082
-9999 -9999 -9999 -9999 -9999 -9999 -9999 0.10933 0.108322 0.107277 0.106739 0.106504 0.105481 0.104787 0.104613 0.104538 0.104479 0.104836 0.104632 0.104564 0.104878 0.105415 0.106022 0.105774 0.105131 0.104293 0.1039 0.108475 0.108674 0.108477 0.107929 0.107442 0.106949 0.10684 0.10703 0.107877 0.108827 0.108666 0.108549 0.108904 0.109445 0.110338 0.111013 0.111718 0.112628 0.113161 0.114205 0.114553 0.114379 0.114466 0.114367 0.114226 0.114315 0.114202 0.113871 0.113598 0.113425 0.113246 0.113059 0.112868 0.112661 0.112456 0.1122 0.111907 0.111972 0.111752 0.110929 0.110272 0.109124 0.104019 0.102619 0.101456
-9999 -9999 -9999 -9999 -9999 -9999 -9999 0.109538 0.108759 0.107753 0.107243 0.106535 0.105558 0.10499 0.104628 0.104459 0.104362 0.104426 0.104395 0.104503 0.104837 0.105357 0.105954 0.106283 0.105853 0.104783 0.108331 0.10913 0.109427 0.109052 0.108505 0.107704 0.107271 0.107268 0.107406 0.107704 0.108488 0.109457 0.109787 0.109839 0.110618 0.111518 0.111949 0.112661 0.113668 0.114619 0.115444 0.115249 0.116185 0.116481 0.116511 0.116304 0.116407 0.116506 0.116323 0.116259 0.116143 0.115973 0.115762 0.115501 0.115187 0.114838 0.114462 0.114265 0.113938 0.113645 0.112904 0.111523 0.105783 0.104817 0.103428 0.102165
-9999 -9999 -9999 -9999 -9999 -9999 -9999 0.109933 0.109046 0.108093 0.107189 0.106325 0.105557 0.105338 0.104851 0.104678 0.10434 0.104214 0.10426 0.104324 0.104587 0.105305 0.105881 0.106525 0.106135 0.105052 0.109051 0.109462 0.110208 0.109476 0.108675 0.107967 0.107626 0.108043 0.107852 0.108065 0.10853 0.109264 0.110306 0.110762 0.111804 0.11246 0.112922 0.113625 0.114509 0.115552 0.115906 0.116601 0.117917 0.118484 0.118735 0.118826 0.118829 0.119023 0.119107 0.119155 0.119105 0.118953 0.11871 0.118378 0.117959 0.117462 0.117117 0.11673 0.116118 0.115503 0.114559 0.112131 0.106793 0.105787 0.104263 0.102857
-9999 -9999 -9999 -9999 -9999 -9999 -9999 -9999 0.109069 0.10809 0.10732 0.106986 0.106284 0.105826 0.105432 0.105209 0.104406 0.104198 0.104164 0.104208 0.104407 0.10491 0.105208 0.105818 0.106208 0.109586 0.109925 0.109745 0.109837 0.109538 0.108787 0.108021 0.108019 0.108671 0.10876 0.108872 0.108911 0.109398 0.110735 0.111724 0.112732 0.113194 0.113738 0.114583 0.115562 0.116672 0.116183 0.118906 0.119417 0.119974 0.120673 0.121101 0.121485 0.121876 0.122147 0.122309 0.122325 0.122197 0.12193 0.121512 0.120989 0.120385 0.119879 0.119715 0.118631 0.117584 0.116632 0.110034 0.108784 0.106846 0.105102 0.103545
-9999 -9999 -9999 -9999 -9999 -9999 -9999 -9999 0.109287 0.108181 0.107811 0.107652 0.107787 0.107472 0.106155 0.105751 0.104974 0.104228 0.104097 0.104137 0.104312 0.104541 0.104991 0.1057 0.106226 0.110605 0.109669 0.109192 0.109077 0.108884 0.10845 0.108429 0.109069 0.109712 0.109614 0.10969 0.109358 0.109645 0.110274 0.11142 0.112755 0.113913 0.114488 0.115503 0.116648 0.1179 0.118274 0.119442 0.121155 0.122009 0.122865 0.123699 0.124345 0.124959 0.12543 0.125717 0.125818 0.125718 0.125425 0.124931 0.124337 0.12359 0.12307 0.122324 0.1213 0.120264 0.118027 0.111344 0.109283 0.107908 0.105966 0.104242
