Test_Spring_2018b/11_17/Prec/20171126_016.txt
ncols	170
nrows	115
xllcorner	350000.000000
yllcorner	4445000.000000
cellsize	1000.000000
nodata_value	-9999.000000
[rows 33 to 65 of 115, columns 74 to 147 of 170]
0.771801 0.76742 0.749634 0.738758 0.736952 0.735524 0.727802 0.714783 0.703021 0.690815 0.666226 0.632565 0.566446 0.487802 0.465981 0.496703 0.492517 0.491907 0.464186 0.430629 0.381861 0.406925 0.411205 0.349935 0.270464 0.215804 -9999 -9999 -9999 -9999 -9999 -9999 -9999 -9999 -9999 -9999 -9999 -9999 -9999 -9999 -9999 -9999 -9999 -9999 -9999 -9999 -9999 -9999 -9999 -9999 -9999 -9999 -9999 -9999 -9999 -9999 -9999 -9999 -9999 -9999 -9999 -9999 -9999 -9999 -9999 -9999 -9999 -9999 -9999 -9999 -9999 -9999 -9999 -9999
0.721556 0.728879 0.719077 0.706275 0.704699 0.729367 0.723319 0.717553 0.70072 0.686425 0.665554 0.632888 0.5881 0.534883 0.445455 0.492075 0.526984 0.519635 0.510599 0.485007 0.437993 0.462579 0.455538 0.372368 0.285679 0.243213 0.220646 -9999 -9999 -9999 -9999 -9999 -9999 -9999 -9999 -9999 -9999 -9999 -9999 -9999 -9999 -9999 -9999 -9999 -9999 -9999 -9999 -9999 -9999 -9999 -9999 -9999 -9999 -9999 -9999 -9999 -9999 -9999 -9999 -9999 -9999 -9999 -9999 -9999 -9999 -9999 -9999 -9999 -9999 -9999 -9999 -9999 -9999 -9999
0.692758 0.708874 0.717013 0.704636 0.709626 0.713706 0.718032 0.712463 0.695235 0.653078 0.643296 0.637224 0.606347 0.546362 0.486186 0.466554 0.522958 0.534532 0.524185 0.530819 0.489841 0.49732 0.482267 0.44281 0.356081 0.287999 0.258502 0.20922 -9999 -9999 -9999 -9999 -9999 -9999 -9999 -9999 -9999 -9999 -9999 -9999 -9999 -9999 -9999 -9999 -9999 -9999 -9999 -9999 -9999 -9999 -9999 -9999 -9999 -9999 -9999 -9999 -9999 -9999 -9999 -9999 -9999 -9999 -9999 -9999 -9999 -9999 -9999 -9999 -9999 -9999 -9999 -9999 -9999 -9999
0.655438 0.663609 0.669347 0.682593 0.699921 0.706996 0.713809 0.708281 0.678216 0.661277 0.655782 0.634114 0.599222 0.575487 0.535839 0.494402 0.502566 0.549418 0.519149 0.549439 0.538437 0.536987 0.503081 0.4223 0.338647 0.282894 0.255294 0.213481 -9999 -9999 -9999 -9999 -9999 -9999 -9999 -9999 -9999 -9999 -9999 -9999 -9999 -9999 -9999 -9999 -9999 -9999 -9999 -9999 -9999 -9999 -9999 -9999 -9999 -9999 -9999 -9999 -9999 -9999 -9999 -9999 -9999 -9999 -9999 -9999 -9999 -9999 -9999 -9999 -9999 -9999 -9999 -9999 -9999 -9999
-9999 0.654821 0.655582 0.687608 0.690875 0.693677 0.707443 0.702814 0.688588 0.676846 0.661883 0.643696 0.61647 0.586743 0.5493 0.541157 0.569493 0.563804 0.55001 0.548225 0.557647 0.544449 0.484224 0.3964 0.350942 0.249746 0.209344 0.203353 0.172851 -9999 -9999 -9999 -9999 -9999 -9999 -9999 -9999 -9999 -9999 -9999 -9999 0.185071 -9999 -9999 -9999 -9999 -9999 -9999 -9999 -9999 -9999 -9999 -9999 -9999 -9999 -9999 -9999 -9999 -9999 -9999 -9999 -9999 0 -9999 -9999 -9999 -9999 -9999 -9999 -9999 -9999 -9999 -9999 -9999
0.666326 0.659546 0.672681 0.69083 0.679562 0.68645 0.7029 0.698488 0.687077 0.674938 0.653244 0.644738 0.627533 0.595842 0.585662 0.59179 0.591432 0.591144 0.587938 0.577532 0.562212 0.544112 0.487094 0.445517 0.413972 0.328335 0.2757 0.234216 0.176973 0.130898 -9999 -9999 -9999 -9999 -9999 -9999 -9999 0.173907 0.16809 0.164779 0.170935 0.195377 0.173146 -9999 -9999 -9999 -9999 -9999 -9999 -9999 -9999 -9999 -9999 -9999 -9999 -9999 -9999 -9999 -9999 -9999 -9999 -9999 0 0 -9999 -9999 -9999 -9999 -9999 -9999 -9999 -9999 -9999 -9999
0.64496 0.664314 0.671416 0.68865 0.696287 0.689742 0.692159 0.694472 0.688773 0.675909 0.658763 0.654882 0.632929 0.619152 0.607879 0.618109 0.615725 0.603647 0.58923 0.574817 0.547317 0.535662 0.497892 0.466911 0.42303 0.378139 0.301534 0.225867 0.15215 0 -9999 -9999 -9999 -9999 -9999 -9999 0.178263 0.198922 0.209845 0.175197 0.197474 0.217078 0.208276 0.158002 -9999 -9999 -9999 -9999 -9999 -9999 -9999 -9999 -9999 -9999 -9999 -9999 -9999 -9999 0.144834 0.103112 0 0 0 0 -9999 -9999 -9999 -9999 -9999 -9999 -9999 -9999 -9999 -9999
0.638173 0.661608 0.675653 0.687392 0.684735 0.695329 0.690415 0.689445 0.684557 0.67873 0.672465 0.653073 0.642681 0.615184 0.633853 0.62845 0.617484 0.588674 0.57181 0.52471 0.498453 0.46488 0.486105 0.44967 0.386534 0.310684 0.213459 0.190274 0.154913 0 -9999 -9999 -9999 -9999 -9999 -9999 0.180611 0.203462 0.221984 0.22178 0.187341 0.225906 0.199442 0.169788 0.158348 0.171786 0.175454 0.14995 0.167053 0.169185 0.154219 0.16183 -9999 -9999 -9999 -9999 0.153614 0.152661 0.151268 0.132335 0 0 0 0 -9999 -9999 -9999 -9999 -9999 -9999 -9999 -9999 -9999 -9999
0.656173 0.668381 0.671705 0.667482 0.677125 0.685238 0.682791 0.684607 0.679012 0.674622 0.670524 0.661871 0.64618 0.645108 0.640454 0.628982 0.580718 0.524289 0.539434 0.500179 0.418635 0.449363 0.465471 0.424784 0.349847 0.265075 0.219906 0.202687 0.156841 0.102981 -9999 -9999 -9999 0.115765 0.149033 0.14917 0.157513 0.189702 0.213569 0.228624 0.238719 0.222229 0.196705 0.167406 0.135689 0.138276 0.177505 0.182119 0.173778 0.17601 0.161711 0.164805 0.173433 0.176562 0.175021 0.169617 0.166642 0.165414 0.161686 0.144142 0 0 0 0 -9999 -9999 -9999 -9999 -9999 -9999 -9999 -9999 -9999 -9999
0.656876 0.666916 0.673533 0.673009 0.66939 0.676698 0.677487 0.678856 0.676064 0.659104 0.666951 0.662618 0.657754 0.650455 0.640748 0.600253 0.545053 0.488664 0.458268 0.453787 0.404908 0.40373 0.419764 0.391626 0.337773 0.260199 0.237471 0.202021 0.126983 0 -9999 -9999 0 0.108429 0.155125 0.178413 0.184414 0.183408 0.214684 0.215063 0.247924 0.225668 0.167889 0.167412 0.138845 0.14392 0.15508 0.152964 0.161196 0.178563 0.178337 0.174304 0.178476 0.176944 0.174666 0.17213 0.164747 0.165173 0.163499 0.15183 0 0 0 0 -9999 -9999 -9999 -9999 -9999 -9999 -9999 -9999 -9999 -9999
0.661494 0.67311 0.685824 0.682534 0.689757 0.669785 0.658881 0.673171 0.671899 0.659121 0.649479 0.659482 0.656244 0.652085 0.646428 0.608417 0.564009 0.497941 0.453291 0.416414 0.389332 0.343407 0.344619 0.32569 0.304814 0.296982 0.260138 0.204031 0.157132 0 0 -9999 0 0 0.123416 0.172056 0.202821 0.190097 0.2265 0.23177 0.242334 0.225698 0.186741 0.168942 0.161521 0.150996 0.169324 0.175323 0.171657 0.174288 0.179012 0.177346 0.176272 0.174277 0.17231 0.170766 0.168781 0.166837 0.163903 0.158318 0.130313 0 0 0 -9999 -9999 -9999 -9999 -9999 -9999 -9999 -9999 -9999 -9999
0.658683 0.681574 0.686419 0.687743 0.687836 0.685898 0.683271 0.672404 0.671575 0.663802 0.636323 0.636257 0.6388 0.650888 0.647316 0.640839 0.614606 0.535481 0.498846 0.448912 0.389421 0.348107 0.343473 0.367409 0.349879 0.307956 0.26325 0.201577 0.158002 0.106905 0 0 0 0 0.106436 0.166868 0.209471 0.228287 0.234888 0.242054 0.247101 0.225806 0.199411 0.186488 0.16695 0.158046 0.150728 0.158496 0.155086 0.172023 0.175934 0.175441 0.173894 0.172026 0.170437 0.169308 0.16797 0.165968 0.164429 0.162383 0.154609 0.115228 0 0 -9999 -9999 -9999 -9999 -9999 -9999 -9999 -9999 -9999 -9999
0.649188 0.655908 0.652738 0.651539 0.656046 0.662256 0.673231 0.668996 0.673566 0.6631 0.637318 0.61073 0.630821 0.637704 0.644377 0.64151 0.634349 0.562083 0.52111 0.485255 0.427161 0.422068 0.422348 0.407327 0.381149 0.308551 0.236382 0.150188 0 0 0 0 0 0 0.132781 0.148301 0.159896 0.222835 0.234181 0.237856 0.251299 0.225694 0.210599 0.188014 0.186141 0.177338 0.169685 0.115985 0.146625 0.143011 0.167157 0.173305 0.17259 0.170499 0.169109 0.167502 0.166278 0.164884 0.163845 0.159258 0.154471 0.127388 0 0 -9999 -9999 -9999 -9999 -9999 -9999 -9999 -9999 -9999 -9999
-9999 -9999 0.639983 0.642371 0.640994 0.644 0.668067 0.669938 0.669635 0.664964 0.65126 0.621266 0.613535 0.616616 0.590614 0.606855 0.628056 0.620235 0.6079 0.542921 0.495687 0.507471 0.483215 0.425631 0.376232 0.327099 0.244749 0.174585 0 0 0 0 0.101061 0.156241 0.180223 0.164763 0.180842 0.209613 0.24417 0.259714 0.253143 0.226426 0.213818 0.182168 0.200254 0.194816 0.175153 0.156859 0.14565 0.153894 0.153584 0.171789 0.173135 0.169909 0.167919 0.166414 0.165092 0.16389 0.160249 0.157593 0.154254 0.149513 0 0 -9999 -9999 -9999 -9999 -9999 -9999 -9999 -9999 -9999 -9999
-9999 -9999 0.616735 0.615227 0.622858 0.6544 0.666374 0.667672 0.661181 0.659829 0.648983 0.624353 0.599669 0.577455 0.54805 0.559856 0.595398 0.612281 0.605857 0.54733 0.552358 0.527719 0.492999 0.422479 0.365466 0.326726 0.246559 0.170312 0.109725 0 0 0 0.101621 0.16135 0.20285 0.220146 0.204299 0.223892 0.263991 0.262738 0.23797 0.23595 0.213072 0.172021 0.201215 0.203693 0.18728 0.180987 0.162727 0.161525 0.165469 0.169769 0.171772 0.169234 0.16668 0.164961 0.16384 0.161978 0.159682 0.157362 0.154043 0.149743 0 0 -9999 -9999 -9999 -9999 -9999 -9999 -9999 -9999 -9999 -9999
-9999 -9999 -9999 0.588378 0.615559 0.659893 0.664151 0.655874 0.660386 0.656081 0.6416 0.62961 0.60061 0.562309 0.489237 0.503613 0.535872 0.582875 0.60217 0.587165 0.551573 0.508512 0.425209 0.349431 0.324456 0.29686 0.233479 0.169487 0.103747 0.119836 0.140793 0.167107 0.179163 0.170321 0.205522 0.234992 0.221823 0.24602 0.273921 0.259524 0.249496 0.239619 0.214664 0.207483 0.20205 0.214876 0.192388 0.192647 0.177675 0.170403 0.169125 0.169385 0.170865 0.168409 0.165977 0.16449 0.162509 0.161297 0.159152 0.156491 0.153213 0.148996 0.137661 0 0 -9999 -9999 -9999 -9999 -9999 -9999 -9999 -9999 -9999
-9999 -9999 -9999 0.556034 0.565712 0.619679 0.630069 0.650277 0.658486 0.653875 0.632183 0.618848 0.576549 0.5621 0.494944 0.460173 0.479911 0.462994 0.528537 0.583597 0.549505 0.400688 0.335947 0.284289 0.275508 0.257809 0.227567 0.134824 0.10069 0.150331 0.178747 0.200539 0.21734 0.217669 0.215072 0.26185 0.267069 0.282022 0.277907 0.277878 0.251641 0.233444 0.237112 0.216054 0.2065 0.220077 0.190959 0.201475 0.184025 0.171584 0.165137 0.17225 0.17033 0.168203 0.165455 0.163483 0.16167 0.159558 0.158145 0.15563 0.151972 0.14832 0.143192 0.127302 0 0 0 -9999 -9999 -9999 -9999 -9999 -9999 -9999
-9999 -9999 -9999 -9999 0.508435 0.586596 0.61722 0.630772 0.653516 0.651688 0.635499 0.616216 0.573419 0.535738 0.475277 0.40581 0.360835 0.459596 0.542795 0.580098 0.55417 0.428169 0.368416 0.349746 0.358496 0.319488 0.28597 0.210416 0.18013 0.14524 0.148035 0.179487 0.208815 0.238849 0.261303 0.262548 0.27847 0.284871 0.284671 0.285947 0.280704 0.274977 0.242617 0.25247 0.232103 0.231755 0.219159 0.206763 0.187926 0.168105 0.171349 0.174271 0.17195 0.167769 0.165162 0.163444 0.161797 0.159794 0.156575 0.154159 0.151107 0.147017 0.14261 0.135028 0.124844 0 0 0 -9999 -9999 -9999 -9999 -9999 -9999
-9999 -9999 -9999 -9999 0.466353 0.544255 0.576953 0.622996 0.641348 0.645105 0.640223 0.623826 0.590502 0.541621 0.500328 0.422761 0.341295 0.440093 0.528026 0.571013 0.561788 0.446804 0.457526 0.420741 0.412913 0.358222 0.326147 0.291796 0.250564 0.208244 0.160587 0.13553 0.208306 0.244717 0.274776 0.288912 0.29718 0.30145 0.295289 0.286192 0.248875 0.271903 0.261014 0.252464 0.242783 0.234057 0.223615 0.212452 0.195232 0.188105 0.173429 0.175851 0.170689 0.16794 0.165724 0.163687 0.161714 0.15988 0.157789 0.153326 0.150025 0.146041 0.141474 0.134222 0.128162 0.12065 0.107966 0 0 0 0 -9999 -9999 -9999
-9999 -9999 -9999 -9999 0.347476 0.464471 0.552443 0.59812 0.631037 0.638214 0.638843 0.61738 0.600986 0.564905 0.530392 0.478038 0.400329 0.349607 0.41581 0.527096 0.557095 0.532429 0.51535 0.476242 0.439156 0.42103 0.407509 0.360984 0.304343 0.245287 0.22058 0.196444 0.249195 0.253109 0.246217 0.308758 0.308048 0.303857 0.278695 0.244987 0.247816 0.224968 0.228308 0.202316 0.214545 0.223699 0.222369 0.214317 0.196799 0.186763 0.180553 0.175875 0.1722 0.168911 0.166258 0.164153 0.162204 0.15983 0.157647 0.155823 0.149043 0.144957 0.140517 0.133384 0.127674 0.120737 0.113542 0 0 0 0 0 -9999 -9999
-9999 -9999 -9999 -9999 0.350726 0.447095 0.528856 0.570495 0.616238 0.623369 0.636568 0.629333 0.611805 0.579608 0.53994 0.495845 0.42826 0.375759 0.424512 0.48354 0.530348 0.529693 0.513455 0.498195 0.478525 0.454543 0.434184 0.409005 0.370946 0.313977 0.279686 0.234897 0.294286 0.297367 0.284204 0.314589 0.311558 0.261406 0.222537 0.21631 0.230643 0.205409 0.191468 0.169781 0.179053 0.213703 0.190856 0.186161 0.189171 0.186676 0.180932 0.177193 0.173362 0.170137 0.167193 0.16502 0.163103 0.160486 0.158153 0.155701 0.15226 0.144084 0.139308 0.131678 0.126541 0.120308 0.113504 0.105012 0 0 0 0 0 -9999
-9999 -9999 -9999 -9999 0.353666 0.417348 0.490297 0.556214 0.605274 0.622321 0.63395 0.629837 0.609479 0.591442 0.564882 0.525213 0.495978 0.447867 0.382884 0.471989 0.476922 0.482671 0.474649 0.488714 0.474136 0.447604 0.410812 0.412735 0.396045 0.350597 0.330591 0.303669 0.334206 0.329886 0.325529 0.321073 0.277694 0.218431 0.170705 0.201842 0.192419 0.196816 0.139287 0.169285 0.194351 0.197912 0.16788 0.145479 0.178268 0.177548 0.177651 0.176492 0.174772 0.171036 0.168726 0.165988 0.163621 0.161312 0.158652 0.155908 0.152608 0.148806 0.13878 0.131232 0.125386 0.118051 0.111917 0.105896 0 0 0 0 0 0
-9999 -9999 -9999 -9999 -9999 0.377016 0.463784 0.547845 0.592353 0.618726 0.629371 0.624716 0.612025 0.598069 0.579585 0.549204 0.511583 0.454419 0.409341 0.424873 0.426505 0.408608 0.415913 0.459746 0.466268 0.42629 0.337467 0.363238 0.397679 0.387962 0.376266 0.365251 0.355411 0.34595 0.331574 0.299948 0.209652 0.188509 0.151715 0.153054 0.13237 0.158567 0.133007 0.167299 0.17866 0.17896 0.135861 0.126083 0.159176 0.171151 0.163595 0.169752 0.175432 0.172416 0.169733 0.166803 0.164541 0.162206 0.159549 0.156533 0.153116 0.149341 0.137923 0.130523 0.122021 0.114353 0.104295 0.103769 0 0 0 0 0 0
-9999 -9999 -9999 -9999 -9999 0.351485 0.445652 0.545609 0.573729 0.602254 0.626537 0.622284 0.604586 0.587557 0.569987 0.550271 0.505543 0.461273 0.417873 0.397561 0.39572 0.354543 0.374854 0.436816 0.439377 0.421703 0.32698 0.293066 0.343123 0.384553 0.380936 0.369821 0.305451 0.313181 0.277491 0.231121 0.216305 0.194721 0.152214 0.168388 0.135994 0.144729 0.120315 0.137658 0.143089 0.164026 0.126028 0.108669 0.140681 0.157149 0.153103 0.171262 0.175374 0.173956 0.171301 0.168758 0.166102 0.163758 0.160786 0.157503 0.153818 0.14912 0.142513 0.122862 0 0 0 0 0 0 0 0 0 0
-9999 -9999 -9999 -9999 -9999 0.365748 0.428826 0.516586 0.580246 0.57873 0.607211 0.619529 0.600245 0.579204 0.557661 0.54504 0.496639 0.443463 0.398555 0.345967 0.344588 0.367158 0.376788 0.413682 0.411473 0.391021 0.329268 0.337827 0.369642 0.38318 0.38233 0.370947 0.352549 0.340281 0.312713 0.298872 0.2631 0.209262 0.186151 0.1955 0.138182 0.138043 0.153619 0.109651 0.139177 0.150309 0.103351 0.112945 0.145495 0.159946 0.17223 0.175984 0.175273 0.176536 0.173351 0.170651 0.167895 0.164883 0.161872 0.157912 0.153832 0.145566 0.134792 0 0 0 0 0 0 0 0 0 0 0
-9999 -9999 -9999 -9999 -9999 0.380517 0.436387 0.511347 0.554647 0.557347 0.589186 0.617111 0.607906 0.585833 0.575251 0.552242 0.510102 0.463715 0.413063 0.384147 0.327131 0.365995 0.360053 0.390496 0.399445 0.343896 0.319249 0.338235 0.357588 0.361055 0.381929 0.375481 0.360911 0.317024 0.293623 0.297667 0.285822 0.268012 0.229661 0.224535 0.198373 0.185062 0.17195 0.11983 0.132898 0.129447 0.122341 0.144691 0.159512 0.167924 0.175363 0.174365 0.175624 0.178629 0.175793 0.172765 0.169557 0.166514 0.162789 0.157512 0.152308 0.139338 0.119067 0 0 0 0 0 0 0 0 0 0 0
-9999 -9999 -9999 -9999 -9999 0.372774 0.432283 0.495047 0.517426 0.515857 0.577921 0.613768 0.608041 0.594405 0.579382 0.530756 0.526993 0.51181 0.465458 0.400685 0.329782 0.327053 0.343081 0.363708 0.372124 0.296554 0.269988 0.275281 0.30919 0.339261 0.37152 0.375396 0.358575 0.292995 0.224042 0.249762 0.277775 0.273816 0.260699 0.224553 0.210332 0.196882 0.168896 0.115705 0.10553 0.111591 0.131675 0.141246 0.158606 0.172397 0.161387 0.161388 0.174915 0.181221 0.178098 0.174879 0.171857 0.168263 0.164219 0.156867 0.149088 0.138366 0 0 0 0 0 0 0 0 0 0 0 0
-9999 -9999 -9999 -9999 -9999 0.355152 0.39589 0.455217 0.474968 0.511131 0.569132 0.594606 0.603735 0.597396 0.585219 0.559963 0.542093 0.512765 0.464865 0.401552 0.331584 0.282869 0.294732 0.320751 0.322943 0.257732 0.225734 0.248141 0.285198 0.343969 0.37514 0.374418 0.365709 0.34829 0.296678 0.235548 0.23165 0.256179 0.228372 0.196647 0.207786 0.200699 0.172961 0.151394 0.115964 0.109942 0.118201 0.124321 0.145218 0.178236 0.179511 0.174545 0.186445 0.183584 0.1804 0.177495 0.173985 0.170301 0.166186 0.159325 0.148472 0.116364 0 0 0 0 0 0 0 0 0 0 0 0
-9999 -9999 -9999 -9999 -9999 0.322582 0.371455 0.426148 0.477269 0.525627 0.566606 0.563779 0.58267 0.576434 0.583446 0.573377 0.549204 0.523416 0.481191 0.402077 0.334007 0.260134 0.269061 0.320517 0.281434 0.241934 0.175788 0.229096 0.289004 0.343073 0.369823 0.338571 0.359687 0.352673 0.330478 0.292292 0.23548 0.232356 0.18882 0.182953 0.19896 0.201168 0.193296 0.175946 0.141671 0.120916 0.119518 0.119156 0.138132 0.162928 0.187209 0.188135 0.189812 0.186422 0.182938 0.179814 0.176268 0.17199 0.166722 0.159524 0.131948 0 0 0 0 0 0 0 0 0 0 0 0 0
-9999 -9999 -9999 -9999 -9999 -9999 0.368144 0.424451 0.464412 0.469828 0.505236 0.521442 0.53271 0.53031 0.574666 0.571105 0.553375 0.529132 0.492102 0.430334 0.384732 0.31366 0.260071 0.249956 0.217437 0.226577 0.214397 0.234444 0.29201 0.352657 0.354172 0.30633 0.307566 0.311689 0.327069 0.312616 0.236677 0.196049 0.161601 0.178807 0.197041 0.198045 0.194567 0.185541 0.158176 0.12106 0.146952 0.165086 0.166168 0.181698 0.19226 0.192519 0.191889 0.188687 0.185502 0.181909 0.177387 0.172964 0.165364 0.153076 0.12251 0 0 0 0 0 0 0 0 0 0 0 0 0
-9999 -9999 -9999 -9999 -9999 -9999 0.348851 0.414805 0.422264 0.413287 0.381181 0.385713 0.471094 0.483224 0.525486 0.565128 0.555257 0.531366 0.496293 0.456555 0.398723 0.319825 0.255252 0.207094 0.247506 0.27462 0.279802 0.292048 0.324967 0.326459 0.277497 0.231602 0.249549 0.258674 0.306655 0.311909 0.29747 0.250033 0.196363 0.166221 0.192193 0.191694 0.188856 0.184477 0.169143 0.143887 0.161434 0.176095 0.185142 0.188394 0.197033 0.196597 0.19409 0.191553 0.187814 0.183578 0.177891 0.171753 0.157838 0.141615 0 0 0 0 0 0 0 0 0 0 0 0 0 0
-9999 -9999 -9999 -9999 -9999 -9999 -9999 -9999 -9999 -9999 -9999 0.377263 0.39039 0.452104 0.501984 0.560067 0.553531 0.532127 0.50788 0.452897 0.392746 0.375731 0.307866 0.223753 0.258296 0.27419 0.297818 0.301948 0.308506 0.284915 0.242706 0.186855 0.208354 0.255903 0.306879 0.302408 0.300029 0.273541 0.237127 0.160916 0.187672 0.184703 0.184389 0.179256 0.148544 0.147864 0.165992 0.162931 0.179453 0.199437 0.200338 0.199445 0.197353 0.194274 0.189724 0.184632 0.178372 0.170549 0.159895 0.142121 0.105609 0 0 0 0 0 0 0 0 0 0 0 0 0
-9999 -9999 -9999 -9999 -9999 -9999 -9999 -9999 -9999 -9999 -9999 0.309081 0.297183 0.436641 0.492258 0.543614 0.546756 0.524628 0.496787 0.464043 0.426777 0.375845 0.280507 0.22097 0.272612 0.265688 0.276116 0.267431 0.233693 0.225767 0.180907 0.150299 0.200119 0.246668 0.29098 0.296088 0.288511 0.280256 0.213854 0.159509 0.163937 0.16704 0.178722 0.15861 0.142681 0.151562 0.16956 0.185723 0.196198 0.201601 0.204185 0.202168 0.199895 0.196508 0.191043 0.185166 0.178707 0.170777 0.162359 0.147392 0.108229 0 0 0 0 0 0 0 0 0 0 0 0 0
