Test_Spring_2018b/11_17/Prec/20171112_013.txt
ncols	170
nrows	115
xllcorner	350000.000000
yllcorner	4445000.000000
cellsize	1000.000000
nodata_value	-9999.000000
[rows 31 to 61 of 115, columns 70 to 139 of 170]
0.385703 0.390161 0.39203 0.389529 0.390921 0.417391 0.436808 0.439934 0.435272 0.438727 0.439586 0.442893 0.444557 0.443924 0.445834 0.440678 0.415594 0.426213 0.431564 0.425324 0.431673 0.440928 0.436528 0.419826 0.414625 0.405066 0.426032 0.447129 0.442166 -9999 -9999 -9999 -9999 -9999 -9999 -9999 -9999 -9999 -9999 -9999 -9999 -9999 -9999 -9999 -9999 -9999 -9999 -9999 -9999 -9999 -9999 -9999 -9999 -9999 -9999 -9999 -9999 -9999 -9999 -9999 -9999 -9999 -9999 -9999 -9999 -9999 -9999 -9999 -9999 -9999
0.369118 0.371776 0.372406 0.370525 0.376592 0.382682 0.415995 0.414397 0.419845 0.423559 0.425006 0.42327 0.425021 0.426561 0.428722 0.424756 0.407554 0.392075 0.404265 0.406832 0.402426 0.416924 0.413235 0.399664 0.379715 0.396515 0.397795 0.419431 0.416287 -9999 -9999 -9999 -9999 -9999 -9999 -9999 -9999 -9999 -9999 -9999 -9999 -9999 -9999 -9999 -9999 -9999 -9999 -9999 -9999 -9999 -9999 -9999 -9999 -9999 -9999 -9999 -9999 -9999 -9999 -9999 -9999 -9999 -9999 -9999 -9999 -9999 -9999 -9999 -9999 -9999
0.345494 0.351819 0.351675 0.35202 0.360727 0.36266 0.384347 0.401739 0.403551 0.407725 0.410098 0.410911 0.411972 0.412794 0.410046 0.404672 0.390175 0.372181 0.370149 0.382964 0.386273 0.390923 0.388413 0.38475 0.377344 0.391084 0.399484 0.407944 0.414544 0.410263 -9999 -9999 -9999 -9999 -9999 -9999 -9999 -9999 -9999 -9999 -9999 -9999 -9999 -9999 -9999 -9999 -9999 -9999 -9999 -9999 -9999 -9999 -9999 -9999 -9999 -9999 -9999 -9999 -9999 -9999 -9999 -9999 -9999 -9999 -9999 -9999 -9999 -9999 -9999 -9999
0.319561 0.330166 0.32984 0.325371 0.33179 0.337248 0.365228 0.375851 0.379784 0.390901 0.393264 0.395543 0.394592 0.394256 0.392046 0.386574 0.377822 0.366902 0.346123 0.363705 0.378403 0.38172 0.385023 0.384158 0.377742 0.391731 0.397193 0.401709 0.407673 0.403212 0.40403 -9999 -9999 -9999 -9999 -9999 -9999 -9999 -9999 -9999 -9999 -9999 -9999 -9999 -9999 -9999 -9999 -9999 -9999 -9999 -9999 -9999 -9999 -9999 -9999 -9999 -9999 -9999 -9999 -9999 -9999 -9999 -9999 -9999 -9999 -9999 -9999 -9999 -9999 -9999
-9999 0.306816 0.307238 0.301895 0.308824 0.31706 0.328894 0.348176 0.366283 0.371321 0.376115 0.377878 0.376192 0.36745 0.367784 0.369306 0.364164 0.351261 0.338765 0.338123 0.359285 0.368463 0.372036 0.380824 0.376695 0.386405 0.389998 0.390364 0.392485 0.401117 0.399746 0.392327 -9999 -9999 -9999 -9999 -9999 -9999 -9999 -9999 -9999 -9999 -9999 -9999 -9999 -9999 -9999 -9999 -9999 -9999 -9999 -9999 -9999 -9999 -9999 -9999 -9999 -9999 -9999 -9999 -9999 -9999 -9999 -9999 -9999 -9999 -9999 -9999 -9999 -9999
-9999 -9999 -9999 -9999 0.28368 0.296638 0.295877 0.328092 0.348813 0.354381 0.359397 0.360574 0.354632 0.352261 0.353168 0.349818 0.343205 0.340285 0.333593 0.32713 0.335267 0.354912 0.353613 0.369745 0.374706 0.382558 0.381402 0.370018 0.373906 0.385416 0.384451 0.378828 -9999 -9999 -9999 -9999 -9999 -9999 -9999 -9999 -9999 -9999 -9999 -9999 -9999 -9999 -9999 -9999 -9999 -9999 -9999 -9999 -9999 -9999 -9999 -9999 -9999 -9999 -9999 -9999 -9999 -9999 -9999 -9999 -9999 -9999 -9999 -9999 -9999 -9999
-9999 -9999 -9999 -9999 -9999 0.281035 0.27891 0.292206 0.331895 0.33597 0.342441 0.343234 0.340995 0.339325 0.33688 0.333907 0.32901 0.324202 0.318149 0.321252 0.3355 0.341104 0.345178 0.353173 0.364674 0.37002 0.367371 0.349504 0.345461 0.362453 0.357904 0.362093 0.3586 -9999 -9999 -9999 -9999 -9999 -9999 -9999 -9999 -9999 -9999 -9999 -9999 0.41513 -9999 -9999 -9999 -9999 -9999 -9999 -9999 -9999 -9999 -9999 -9999 -9999 -9999 -9999 -9999 -9999 -9999 -9999 -9999 -9999 0.378949 -9999 -9999 -9999
-9999 -9999 -9999 -9999 0.258747 0.262351 0.271364 0.281011 0.305325 0.31987 0.32658 0.326753 0.324509 0.321897 0.316774 0.315823 0.31322 0.307583 0.30913 0.316464 0.323176 0.33098 0.338853 0.345367 0.350905 0.355799 0.352504 0.3508 0.351228 0.354314 0.363658 0.357805 0.34653 0.337517 -9999 -9999 -9999 -9999 -9999 -9999 -9999 0.376696 0.380248 0.384854 0.392304 0.404892 0.404291 -9999 -9999 -9999 -9999 -9999 -9999 -9999 -9999 -9999 -9999 -9999 -9999 -9999 -9999 -9999 -9999 -9999 -9999 -9999 0.374129 0.360406 -9999 -9999
-9999 -9999 -9999 -9999 0.239776 0.251813 0.259617 0.269293 0.27525 0.307534 0.309786 0.311111 0.309607 0.305881 0.301145 0.300712 0.296191 0.295215 0.296388 0.305089 0.311729 0.316964 0.322608 0.329022 0.332222 0.339969 0.343169 0.345317 0.343026 0.339427 0.359179 0.343722 0.327579 0.314103 -9999 -9999 -9999 -9999 -9999 -9999 0.358335 0.369083 0.37775 0.374157 0.386753 0.398656 0.402452 0.385508 -9999 -9999 -9999 -9999 -9999 -9999 -9999 -9999 -9999 -9999 -9999 -9999 -9999 -9999 0.418665 0.407154 0.384226 0.371453 0.362432 0.34961 -9999 -9999
-9999 -9999 -9999 -9999 0.226295 0.240169 0.250444 0.258919 0.262125 0.274536 0.296502 0.296145 0.293957 0.291219 0.288564 0.282941 0.280985 0.275761 0.285185 0.289707 0.294436 0.295741 0.301654 0.300022 0.304731 0.310004 0.328459 0.3301 0.323285 0.311704 0.307036 0.323334 0.317691 0.305217 -9999 -9999 -9999 -9999 -9999 -9999 0.345152 0.35673 0.367916 0.374488 0.371861 0.389738 0.381348 0.379067 0.381231 0.389562 0.39429 0.405261 0.419367 0.419836 0.414921 0.415951 -9999 -9999 -9999 -9999 0.410037 0.410074 0.410164 0.405306 0.380623 0.36291 0.345983 0.328701 -9999 -9999
-9999 -9999 -9999 -9999 0.220772 0.232241 0.240089 0.244477 0.251284 0.262221 0.282741 0.277227 0.274286 0.271315 0.268589 0.265298 0.261252 0.262911 0.265453 0.268072 0.262317 0.255976 0.271021 0.278956 0.264075 0.294048 0.312294 0.313867 0.304722 0.291428 0.30087 0.317773 0.309022 0.289678 -9999 -9999 -9999 0.299324 0.310659 0.313567 0.319737 0.333551 0.345915 0.364746 0.375173 0.375785 0.371314 0.369752 0.366812 0.372592 0.387643 0.392016 0.412869 0.413247 0.408319 0.398933 0.40047 0.400505 0.399432 0.397571 0.396693 0.396532 0.395752 0.390985 0.377371 0.363913 0.353875 0.309175 -9999 -9999
-9999 -9999 -9999 -9999 0.207086 0.218237 0.227295 0.234078 0.237252 0.241979 0.247915 0.265133 0.262142 0.254728 0.254399 0.251445 0.24971 0.249142 0.250061 0.244652 0.237335 0.231642 0.234806 0.240747 0.240883 0.262298 0.280995 0.296468 0.288699 0.277878 0.280834 0.289077 0.286243 0.27036 -9999 -9999 0.268408 0.287978 0.302629 0.311694 0.317049 0.321589 0.33619 0.342984 0.359419 0.357835 0.345367 0.351958 0.360701 0.367686 0.36531 0.368276 0.384328 0.397199 0.396836 0.39498 0.395235 0.393938 0.392655 0.391623 0.389572 0.389954 0.389833 0.386771 0.370298 0.361004 0.339179 0.294888 -9999 -9999
-9999 -9999 -9999 -9999 0.198007 0.209754 0.220646 0.225699 0.232216 0.234023 0.236047 0.239283 0.251138 0.244023 0.237909 0.238121 0.236135 0.235941 0.237743 0.233057 0.22906 0.221217 0.221164 0.21932 0.226465 0.233681 0.24862 0.257286 0.26444 0.274021 0.283079 0.285229 0.277369 0.269563 0.258594 -9999 0.260505 0.268718 0.285681 0.301472 0.31352 0.314705 0.33081 0.339181 0.346783 0.350157 0.34385 0.338059 0.342126 0.344873 0.35513 0.370168 0.382402 0.384084 0.391778 0.390647 0.389475 0.388082 0.386919 0.386207 0.385711 0.385475 0.385027 0.383655 0.375554 0.357002 0.337033 0.291307 -9999 -9999
-9999 -9999 -9999 0.163745 0.190728 0.206176 0.215335 0.222046 0.226828 0.229425 0.233517 0.233449 0.231168 0.236384 0.224504 0.221154 0.220138 0.224002 0.226113 0.230203 0.231489 0.220424 0.218517 0.218067 0.216293 0.227414 0.241715 0.263353 0.272403 0.273362 0.272066 0.272689 0.274699 0.264208 0.249631 0.249586 0.257329 0.263293 0.274585 0.293287 0.308357 0.318192 0.325931 0.332277 0.341369 0.3373 0.334552 0.337722 0.338807 0.342478 0.346094 0.353348 0.365605 0.380031 0.381761 0.386273 0.385094 0.383836 0.382857 0.382315 0.382029 0.381772 0.381669 0.38119 0.372411 0.359395 0.323124 0.288397 -9999 -9999
-9999 -9999 -9999 -9999 0.182745 0.194098 0.201397 0.207725 0.213991 0.219035 0.226683 0.225124 0.224858 0.221361 0.21719 0.205844 0.209207 0.211196 0.215893 0.220886 0.227578 0.215126 0.216353 0.220658 0.219857 0.241717 0.258214 0.269807 0.277289 0.270507 0.262331 0.256226 0.242789 0.243876 0.239145 0.24728 0.251487 0.26626 0.277358 0.283128 0.289206 0.311128 0.317986 0.321832 0.332135 0.332149 0.332962 0.333661 0.340012 0.344134 0.348162 0.33881 0.360573 0.362589 0.37172 0.379458 0.382283 0.381132 0.380328 0.379718 0.379468 0.379323 0.379236 0.373549 0.366264 0.355281 0.31776 0.285837 -9999 -9999
-9999 -9999 -9999 -9999 -9999 -9999 0.194193 0.201768 0.206612 0.210952 0.222169 0.222399 0.220785 0.217157 0.210738 0.20315 0.198387 0.198998 0.194308 0.204658 0.216936 0.225279 0.234611 0.230987 0.240105 0.260496 0.270701 0.271018 0.272671 0.273137 0.262809 0.261398 0.24593 0.233767 0.234247 0.250271 0.266228 0.281012 0.287715 0.284494 0.291489 0.300641 0.314496 0.32418 0.328646 0.32821 0.329914 0.328184 0.340338 0.345737 0.346853 0.347937 0.358119 0.364048 0.366939 0.374404 0.376593 0.379773 0.378958 0.378445 0.378146 0.37794 0.372418 0.369368 0.365322 0.360002 0.320964 0.279306 -9999 -9999
-9999 -9999 -9999 -9999 -9999 -9999 0.184852 0.191478 0.199014 0.211529 0.219426 0.219695 0.216521 0.213945 0.208388 0.19921 0.191351 0.184719 0.178488 0.186651 0.204275 0.219338 0.230188 0.228302 0.251989 0.262365 0.269892 0.266922 0.266852 0.270697 0.261506 0.258654 0.250034 0.235061 0.24396 0.252651 0.263079 0.281204 0.292635 0.298048 0.294794 0.302829 0.317805 0.322383 0.321405 0.327595 0.326421 0.322029 0.33738 0.345213 0.34758 0.352473 0.360901 0.364761 0.369427 0.373563 0.376425 0.377373 0.378338 0.377834 0.377541 0.375056 0.372471 0.369051 0.364481 0.358724 0.330769 0.276505 -9999 -9999
-9999 -9999 -9999 -9999 -9999 -9999 -9999 0.181846 0.194954 0.211229 0.217159 0.215057 0.215278 0.212178 0.205858 0.200394 0.19087 0.179978 0.161547 0.170212 0.186622 0.209758 0.227433 0.237364 0.249432 0.254461 0.248301 0.243857 0.252846 0.260015 0.255818 0.256651 0.247023 0.258305 0.269078 0.279665 0.284861 0.283166 0.293147 0.301769 0.299244 0.308194 0.319323 0.319764 0.322459 0.32606 0.324106 0.329009 0.334631 0.345436 0.346313 0.353361 0.362986 0.365644 0.369374 0.372888 0.376051 0.377369 0.377893 0.377834 0.376774 0.375052 0.372168 0.368224 0.363185 0.356963 0.347838 0.310802 0.288282 -9999
-9999 -9999 -9999 -9999 -9999 -9999 -9999 0.171137 0.179379 0.198502 0.206435 0.21268 0.214374 0.211642 0.203733 0.198386 0.184906 0.180825 0.163145 0.159662 0.17222 0.177007 0.207042 0.235953 0.247989 0.222907 0.22148 0.223437 0.236739 0.246593 0.251707 0.244721 0.244234 0.265269 0.278528 0.288236 0.295086 0.295746 0.295412 0.308072 0.312013 0.318075 0.319844 0.323824 0.321488 0.322286 0.327981 0.328706 0.332987 0.343932 0.343005 0.353084 0.36231 0.3639 0.366599 0.372441 0.37502 0.376713 0.376623 0.376765 0.375199 0.373936 0.370963 0.3667 0.36117 0.354733 0.347023 0.32776 0.306785 0.292153
-9999 -9999 -9999 -9999 -9999 -9999 -9999 -9999 0.161995 0.18799 0.201928 0.206739 0.213015 0.211625 0.203879 0.197911 0.185551 0.17523 0.159547 0.142678 0.141961 0.178508 0.212757 0.235895 0.249625 0.230075 0.229282 0.239816 0.25751 0.261046 0.265034 0.262998 0.263742 0.261419 0.267867 0.27933 0.289674 0.299956 0.306859 0.306945 0.310661 0.318939 0.321448 0.325339 0.328362 0.332124 0.327288 0.336256 0.337204 0.344044 0.347626 0.35129 0.360397 0.360151 0.365832 0.370786 0.373511 0.372107 0.373812 0.374033 0.37247 0.369044 0.368544 0.36405 0.358428 0.351645 0.34398 0.32689 0.315433 0.298384
-9999 -9999 -9999 -9999 -9999 -9999 -9999 -9999 0.149031 0.175007 0.189896 0.204218 0.204665 0.207252 0.206073 0.201427 0.192171 0.179068 0.168951 0.149865 0.131088 0.16654 0.2114 0.235185 0.245638 0.235388 0.253304 0.257889 0.270198 0.268749 0.272698 0.282231 0.279909 0.275659 0.265822 0.262064 0.286143 0.298537 0.307887 0.311853 0.313641 0.314183 0.317061 0.324666 0.318239 0.329514 0.330165 0.333528 0.337058 0.341224 0.345154 0.348985 0.358756 0.362124 0.362912 0.363462 0.364286 0.367472 0.369256 0.369365 0.367701 0.364328 0.359286 0.356356 0.354678 0.347861 0.340168 0.323114 0.313105 0.302513
-9999 -9999 -9999 -9999 -9999 -9999 -9999 -9999 0.114691 0.151589 0.174249 0.19004 0.20233 0.205575 0.206478 0.200965 0.196943 0.187822 0.179863 0.167918 0.150104 0.141196 0.169841 0.209679 0.245508 0.259737 0.268746 0.271637 0.274843 0.282832 0.291342 0.297419 0.285904 0.277952 0.275298 0.274103 0.29284 0.296481 0.29587 0.313732 0.313335 0.311769 0.304521 0.302401 0.305079 0.314418 0.318528 0.316526 0.325719 0.334461 0.340566 0.344949 0.354766 0.349269 0.353821 0.354404 0.358404 0.36127 0.362823 0.36287 0.361236 0.357808 0.352907 0.346806 0.34394 0.335865 0.335759 0.318788 0.30933 0.299433
-9999 -9999 -9999 -9999 -9999 -9999 -9999 -9999 0.104508 0.139627 0.166495 0.182679 0.197764 0.20144 0.20637 0.205368 0.201529 0.19391 0.184794 0.17528 0.160236 0.150586 0.170497 0.199159 0.221575 0.241662 0.26745 0.275882 0.282932 0.280164 0.287003 0.299972 0.299068 0.288224 0.285659 0.278737 0.299519 0.30323 0.301242 0.310523 0.309875 0.295811 0.285002 0.283736 0.297687 0.293196 0.291372 0.304052 0.311929 0.327322 0.31481 0.320776 0.337541 0.343198 0.342851 0.347361 0.350968 0.353585 0.354889 0.354857 0.353289 0.349965 0.345305 0.339411 0.332296 0.329976 0.321516 0.303484 0.304961 0.295894
-9999 -9999 -9999 -9999 -9999 -9999 -9999 -9999 0 0.130005 0.154378 0.177722 0.194002 0.200829 0.205772 0.206124 0.201955 0.198685 0.193511 0.185364 0.181 0.172358 0.160081 0.191992 0.207145 0.228602 0.225701 0.2416 0.250014 0.255315 0.284611 0.295413 0.296431 0.291704 0.292911 0.290939 0.303771 0.305663 0.306487 0.30644 0.294939 0.278727 0.265777 0.275194 0.273843 0.287323 0.273128 0.270242 0.281913 0.288635 0.302802 0.303187 0.328025 0.328338 0.333934 0.338649 0.342408 0.344549 0.345823 0.345569 0.343959 0.340954 0.336571 0.331082 0.324591 0.317359 0.315529 0.297951 0.288809 0.262998
-9999 -9999 -9999 -9999 -9999 -9999 -9999 -9999 -9999 0.101566 0.133223 0.160756 0.176787 0.187307 0.19303 0.19416 0.192854 0.191169 0.188386 0.182656 0.175485 0.163624 0.156071 0.166505 0.180123 0.195628 0.207876 0.23101 0.244172 0.244543 0.240462 0.25539 0.274559 0.280497 0.284801 0.288069 0.302027 0.302666 0.300993 0.293733 0.269536 0.252131 0.241855 0.242434 0.237365 0.25711 0.252002 0.264907 0.272347 0.277595 0.271496 0.284963 0.295209 0.304657 0.308452 0.315571 0.332712 0.334685 0.335629 0.335259 0.333787 0.331048 0.32709 0.310054 0.303223 0.295742 0.29364 0.276144 0.26652 0.257571
-9999 -9999 -9999 -9999 -9999 -9999 -9999 -9999 -9999 0 0.126399 0.158211 0.169597 0.180756 0.190422 0.191872 0.189427 0.187166 0.184908 0.182375 0.173346 0.165098 0.157875 0.157985 0.164187 0.179521 0.194492 0.221681 0.232657 0.238156 0.22906 0.228801 0.251455 0.270951 0.276947 0.279817 0.266697 0.272623 0.265372 0.254239 0.251241 0.245921 0.234608 0.239835 0.231885 0.236049 0.243214 0.25117 0.256575 0.267054 0.261702 0.272356 0.281358 0.291194 0.295117 0.3048 0.309843 0.312379 0.313407 0.313175 0.311578 0.308782 0.304654 0.29948 0.293469 0.286704 0.279178 0.275876 0.246926 0.239515
-9999 -9999 -9999 -9999 -9999 -9999 -9999 -9999 -9999 0 0.119804 0.148022 0.169244 0.171994 0.182904 0.189125 0.186426 0.183255 0.180092 0.179708 0.169745 0.158998 0.15122 0.142027 0.147923 0.161288 0.192604 0.211873 0.220535 0.224245 0.223535 0.234225 0.250942 0.261923 0.268126 0.270529 0.270058 0.270385 0.265574 0.263855 0.25543 0.241586 0.236193 0.239963 0.225401 0.227304 0.23422 0.237263 0.249054 0.256292 0.247801 0.260101 0.273577 0.282027 0.289703 0.294609 0.297662 0.300464 0.301057 0.300718 0.29926 0.296668 0.293119 0.288508 0.283258 0.276437 0.268716 0.25166 0.23687 0.231223
-9999 -9999 -9999 -9999 -9999 -9999 -9999 -9999 -9999 0.100598 0.119879 0.144319 0.15972 0.163589 0.175447 0.186102 0.186336 0.18302 0.183063 0.17989 0.171736 0.162865 0.153355 0.150534 0.1405 0.157902 0.184982 0.201649 0.212567 0.213613 0.214455 0.22722 0.239679 0.247168 0.258892 0.262274 0.26264 0.254067 0.250524 0.254048 0.252661 0.249301 0.240073 0.240187 0.234644 0.233058 0.231999 0.233469 0.240344 0.243051 0.241146 0.260242 0.268038 0.274043 0.279615 0.282498 0.285511 0.288356 0.288789 0.288309 0.286895 0.284674 0.281492 0.277231 0.272493 0.265248 0.255785 0.242311 0.219572 0.223399
-9999 -9999 -9999 -9999 -9999 -9999 -9999 -9999 -9999 0 0.116538 0.137356 0.146749 0.149321 0.169581 0.182456 0.183711 0.182828 0.181713 0.171448 0.174054 0.173878 0.165461 0.152411 0.138181 0.143525 0.168611 0.190054 0.200084 0.194808 0.19435 0.202542 0.218369 0.232668 0.24705 0.252918 0.252399 0.237657 0.22142 0.231173 0.241197 0.242039 0.240216 0.231987 0.230045 0.228583 0.223401 0.212846 0.2253 0.230259 0.244654 0.250256 0.25811 0.264933 0.264668 0.267199 0.273105 0.276474 0.276599 0.276033 0.27484 0.272828 0.270091 0.265923 0.261239 0.255453 0.239589 0.228026 0.204437 0.216546
-9999 -9999 -9999 -9999 -9999 -9999 -9999 -9999 -9999 0 0.104012 0.123644 0.132115 0.145089 0.164114 0.174035 0.179429 0.180602 0.180315 0.176614 0.175288 0.17113 0.162196 0.149396 0.135183 0.127334 0.136795 0.173626 0.181124 0.17827 0.175646 0.187974 0.204059 0.225811 0.239396 0.243587 0.245063 0.243639 0.232234 0.21781 0.219107 0.228169 0.222521 0.215796 0.221163 0.221617 0.216534 0.213439 0.220489 0.218534 0.2322 0.236322 0.244584 0.256165 0.258722 0.259296 0.264265 0.264715 0.264625 0.264126 0.262962 0.261267 0.259012 0.25561 0.250785 0.239791 0.229581 0.216577 0.211799 0.214732
-9999 -9999 -9999 -9999 -9999 -9999 -9999 -9999 -9999 0 0 0.112774 0.1298 0.146 0.160119 0.16202 0.170072 0.171237 0.176302 0.176849 0.173761 0.170574 0.163173 0.145852 0.132001 0.116878 0.125194 0.160513 0.173182 0.168119 0.155414 0.17583 0.19776 0.217683 0.229572 0.224848 0.234376 0.235685 0.232438 0.224468 0.211101 0.212623 0.202799 0.203522 0.210433 0.213603 0.214098 0.212097 0.207586 0.213677 0.22375 0.225609 0.232817 0.241548 0.249983 0.251691 0.253367 0.253349 0.252999 0.252428 0.251413 0.249877 0.247769 0.244859 0.236027 0.225716 0.218189 0.208711 0.204923 0.206247
