Test_Spring_2018b/11_17/Prec/20171115_012.txt
ncols	170
nrows	115
xllcorner	350000.000000
yllcorner	4445000.000000
cellsize	1000.000000
nodata_value	-9999.000000
[rows 31 to 61 of 115, columns 70 to 139 of 170]
0 0 0 0 0.104449 0.107822 0.114608 0.121145 0.140146 0.147464 0.159814 0.167366 0.177569 0.191406 0.199519 0.21994 0.276947 0.265447 0.263085 0.282117 0.277209 0.267102 0.283529 0.324327 0.344813 0.375175 0.374835 0.397382 0.423183 -9999 -9999 -9999 -9999 -9999 -9999 -9999 -9999 -9999 -9999 -9999 -9999 -9999 -9999 -9999 -9999 -9999 -9999 -9999 -9999 -9999 -9999 -9999 -9999 -9999 -9999 -9999 -9999 -9999 -9999 -9999 -9999 -9999 -9999 -9999 -9999 -9999 -9999 -9999 -9999 -9999
0 0 0 0.106649 0.102926 0.100149 0.126807 0.142978 0.140716 0.146486 0.15649 0.172256 0.180996 0.189553 0.196253 0.213802 0.255658 0.29364 0.278862 0.282067 0.298528 0.279637 0.295815 0.331626 0.380646 0.361461 0.372904 0.421526 0.43548 -9999 -9999 -9999 -9999 -9999 -9999 -9999 -9999 -9999 -9999 -9999 -9999 -9999 -9999 -9999 -9999 -9999 -9999 -9999 -9999 -9999 -9999 -9999 -9999 -9999 -9999 -9999 -9999 -9999 -9999 -9999 -9999 -9999 -9999 -9999 -9999 -9999 -9999 -9999 -9999 -9999
0.102775 0 0.104222 0.111227 0.103147 0.108538 0.126898 0.139343 0.141892 0.145901 0.153049 0.162766 0.171557 0.180302 0.195301 0.214808 0.251192 0.29394 0.306431 0.290959 0.293771 0.294564 0.309592 0.327645 0.353707 0.340749 0.33879 0.366651 0.409741 0.44203 -9999 -9999 -9999 -9999 -9999 -9999 -9999 -9999 -9999 -9999 -9999 -9999 -9999 -9999 -9999 -9999 -9999 -9999 -9999 -9999 -9999 -9999 -9999 -9999 -9999 -9999 -9999 -9999 -9999 -9999 -9999 -9999 -9999 -9999 -9999 -9999 -9999 -9999 -9999 -9999
0.117123 0.104486 0.113195 0.130335 0.127387 0.126619 0.140185 0.152425 0.15659 0.146733 0.152906 0.15869 0.170055 0.179801 0.192741 0.211641 0.236689 0.265955 0.314145 0.290256 0.272401 0.276747 0.281884 0.295691 0.320762 0.307958 0.311843 0.347196 0.40196 0.423446 0.43442 -9999 -9999 -9999 -9999 -9999 -9999 -9999 -9999 -9999 -9999 -9999 -9999 -9999 -9999 -9999 -9999 -9999 -9999 -9999 -9999 -9999 -9999 -9999 -9999 -9999 -9999 -9999 -9999 -9999 -9999 -9999 -9999 -9999 -9999 -9999 -9999 -9999 -9999 -9999
-9999 0.114418 0.123027 0.143026 0.140114 0.134812 0.133624 0.146794 0.151749 0.152777 0.153448 0.159087 0.170606 0.195008 0.202017 0.206791 0.22442 0.257202 0.289881 0.300956 0.271698 0.265998 0.271772 0.268477 0.290264 0.286374 0.294333 0.310615 0.355151 0.39579 0.410169 0.434988 -9999 -9999 -9999 -9999 -9999 -9999 -9999 -9999 -9999 -9999 -9999 -9999 -9999 -9999 -9999 -9999 -9999 -9999 -9999 -9999 -9999 -9999 -9999 -9999 -9999 -9999 -9999 -9999 -9999 -9999 -9999 -9999 -9999 -9999 -9999 -9999 -9999 -9999
-9999 -9999 -9999 -9999 0.157197 0.156383 0.153986 0.156302 0.154785 0.154312 0.15372 0.159357 0.177651 0.188697 0.19339 0.206343 0.226024 0.239575 0.26133 0.283853 0.280009 0.255585 0.271796 0.255895 0.261715 0.262393 0.280132 0.321607 0.360884 0.394649 0.407774 0.428384 -9999 -9999 -9999 -9999 -9999 -9999 -9999 -9999 -9999 -9999 -9999 -9999 -9999 -9999 -9999 -9999 -9999 -9999 -9999 -9999 -9999 -9999 -9999 -9999 -9999 -9999 -9999 -9999 -9999 -9999 -9999 -9999 -9999 -9999 -9999 -9999 -9999 -9999
-9999 -9999 -9999 -9999 -9999 0.158659 0.159219 0.146132 0.157648 0.159594 0.155445 0.160685 0.170648 0.178951 0.18862 0.199682 0.215239 0.23187 0.252364 0.257188 0.242576 0.245802 0.253182 0.254095 0.248968 0.255677 0.283115 0.331935 0.354929 0.40851 0.428147 0.429569 0.44394 -9999 -9999 -9999 -9999 -9999 -9999 -9999 -9999 -9999 -9999 -9999 -9999 0.416898 -9999 -9999 -9999 -9999 -9999 -9999 -9999 -9999 -9999 -9999 -9999 -9999 -9999 -9999 -9999 -9999 -9999 -9999 -9999 -9999 0.47071 -9999 -9999 -9999
-9999 -9999 -9999 -9999 0.14586 0.15096 0.14825 0.142826 0.158037 0.161936 0.156554 0.161812 0.170372 0.178921 0.192141 0.198044 0.208231 0.225802 0.231772 0.228927 0.229339 0.229565 0.231194 0.236496 0.244261 0.253358 0.282056 0.302887 0.31828 0.358598 0.389372 0.409293 0.437551 0.459957 -9999 -9999 -9999 -9999 -9999 -9999 -9999 0.425709 0.427503 0.427817 0.422916 0.408102 0.417682 -9999 -9999 -9999 -9999 -9999 -9999 -9999 -9999 -9999 -9999 -9999 -9999 -9999 -9999 -9999 -9999 -9999 -9999 -9999 0.456868 0.474639 -9999 -9999
-9999 -9999 -9999 -9999 0.151804 0.146205 0.147107 0.142577 0.142944 0.159019 0.161298 0.163188 0.168854 0.177854 0.188686 0.19211 0.204731 0.212726 0.21914 0.213974 0.215291 0.22157 0.228939 0.236162 0.250154 0.255619 0.273785 0.288773 0.310421 0.332466 0.372225 0.409952 0.446673 0.476497 -9999 -9999 -9999 -9999 -9999 -9999 0.420463 0.408569 0.401745 0.418844 0.405631 0.393551 0.396174 0.408587 -9999 -9999 -9999 -9999 -9999 -9999 -9999 -9999 -9999 -9999 -9999 -9999 -9999 -9999 0.369111 0.388321 0.428214 0.447579 0.458151 0.473931 -9999 -9999
-9999 -9999 -9999 -9999 0.152727 0.14546 0.143186 0.142043 0.148307 0.150711 0.161647 0.165504 0.170905 0.176282 0.181395 0.192989 0.199425 0.214552 0.204993 0.207914 0.213575 0.228493 0.236941 0.261215 0.274317 0.290431 0.277753 0.295361 0.326909 0.365029 0.418639 0.42523 0.441446 0.468394 -9999 -9999 -9999 -9999 -9999 -9999 0.415435 0.402598 0.391981 0.391092 0.408038 0.386087 0.387361 0.40023 0.403234 0.392922 0.387686 0.394942 0.378735 0.374835 0.380208 0.373892 -9999 -9999 -9999 -9999 0.368772 0.367175 0.365503 0.372709 0.416377 0.445325 0.470785 0.466109 -9999 -9999
-9999 -9999 -9999 -9999 0.14058 0.139786 0.143725 0.151557 0.151836 0.155874 0.165441 0.163409 0.169565 0.174517 0.178741 0.184808 0.194059 0.1951 0.197607 0.20336 0.228266 0.257258 0.248251 0.273079 0.317742 0.296925 0.286689 0.306268 0.343767 0.386313 0.411803 0.415373 0.4369 0.458466 -9999 -9999 -9999 0.445327 0.426765 0.425879 0.420742 0.402995 0.38954 0.384679 0.378258 0.382237 0.386977 0.399619 0.413271 0.408608 0.38449 0.378672 0.37348 0.369579 0.374698 0.36725 0.361074 0.357953 0.35735 0.358721 0.358618 0.357285 0.356866 0.363266 0.406604 0.42766 0.439926 0.463779 -9999 -9999
-9999 -9999 -9999 -9999 0.142156 0.142909 0.14542 0.143521 0.151166 0.152777 0.160138 0.166959 0.171944 0.183773 0.181834 0.185679 0.18918 0.193394 0.198379 0.219213 0.247482 0.276124 0.290837 0.293722 0.317972 0.314101 0.303578 0.321806 0.342289 0.380891 0.390524 0.409793 0.444976 0.477944 -9999 -9999 0.482561 0.446228 0.420695 0.407719 0.403971 0.40391 0.386667 0.385531 0.366931 0.374053 0.396515 0.393864 0.40987 0.403776 0.389045 0.386951 0.376956 0.362567 0.360736 0.36124 0.357675 0.357297 0.357365 0.357482 0.359925 0.35787 0.356437 0.35971 0.386944 0.398694 0.40791 0.458997 -9999 -9999
-9999 -9999 -9999 -9999 0.134226 0.134264 0.133722 0.141531 0.143578 0.156819 0.170734 0.168045 0.175227 0.185106 0.192583 0.18893 0.191553 0.193995 0.19664 0.215893 0.238139 0.271541 0.293419 0.31281 0.325209 0.339986 0.33675 0.344231 0.35284 0.354673 0.376092 0.405847 0.427862 0.465606 0.48677 -9999 0.481397 0.465687 0.435048 0.408816 0.392119 0.398374 0.37852 0.374867 0.3655 0.372509 0.385276 0.386546 0.38715 0.389425 0.376576 0.373283 0.369705 0.365926 0.3593 0.358787 0.358267 0.35843 0.358631 0.358495 0.358309 0.357659 0.356956 0.356985 0.368136 0.376681 0.404055 0.457848 -9999 -9999
-9999 -9999 -9999 0.143997 0.133618 0.128194 0.132308 0.138172 0.144476 0.151542 0.160927 0.169684 0.174691 0.184074 0.201164 0.202925 0.202487 0.196238 0.197588 0.199909 0.212226 0.252169 0.27087 0.291073 0.319703 0.336504 0.336014 0.320557 0.327173 0.346857 0.368207 0.400892 0.424753 0.449209 0.492514 0.491229 0.474907 0.462695 0.442067 0.409733 0.386895 0.376575 0.372533 0.365891 0.361753 0.366403 0.372619 0.375999 0.382842 0.384137 0.384764 0.377682 0.374492 0.365638 0.361733 0.359072 0.359084 0.359479 0.359776 0.359688 0.359374 0.358895 0.357511 0.35563 0.351883 0.367469 0.41202 0.444929 -9999 -9999
-9999 -9999 -9999 -9999 0.136811 0.140351 0.149122 0.156741 0.161133 0.164313 0.166791 0.174201 0.176246 0.184599 0.202133 0.218011 0.208306 0.20472 0.200481 0.200645 0.202577 0.237075 0.255754 0.271552 0.29904 0.296437 0.29303 0.297903 0.308898 0.34467 0.380472 0.42593 0.462815 0.469099 0.4935 0.487064 0.476954 0.447511 0.426626 0.418131 0.411761 0.378177 0.370245 0.363879 0.354496 0.365396 0.365685 0.373974 0.371323 0.372452 0.373196 0.398592 0.377593 0.37775 0.363723 0.360758 0.359414 0.360212 0.360678 0.361084 0.360898 0.360217 0.358605 0.355281 0.352697 0.361514 0.417973 0.444941 -9999 -9999
-9999 -9999 -9999 -9999 -9999 -9999 0.154986 0.161017 0.168831 0.174022 0.1698 0.174266 0.179144 0.185495 0.195694 0.21363 0.218647 0.217008 0.229895 0.218801 0.20552 0.206638 0.209803 0.240608 0.26019 0.250231 0.259517 0.286675 0.3098 0.333098 0.374272 0.411167 0.453036 0.485369 0.490833 0.464408 0.443267 0.413471 0.400427 0.408375 0.399677 0.381809 0.361933 0.351663 0.352668 0.363961 0.362932 0.375833 0.362498 0.361761 0.368818 0.375527 0.376822 0.370874 0.369976 0.35976 0.358807 0.360424 0.361436 0.361984 0.361995 0.361294 0.359194 0.356769 0.353702 0.350456 0.408345 0.452994 -9999 -9999
-9999 -9999 -9999 -9999 -9999 -9999 0.166494 0.17474 0.177961 0.168251 0.170549 0.175496 0.183818 0.188569 0.197384 0.212454 0.226513 0.238208 0.252641 0.244415 0.222893 0.21067 0.210401 0.237487 0.229222 0.238256 0.252872 0.286724 0.313794 0.331584 0.371646 0.41176 0.441795 0.480497 0.47096 0.459098 0.441772 0.40989 0.387656 0.378056 0.38545 0.373818 0.350869 0.349302 0.359737 0.357798 0.362152 0.379882 0.36058 0.355613 0.360957 0.361377 0.366555 0.365762 0.362809 0.360151 0.359062 0.360555 0.362023 0.362813 0.362803 0.361688 0.360068 0.357367 0.354144 0.350483 0.386168 0.45395 -9999 -9999
-9999 -9999 -9999 -9999 -9999 -9999 -9999 0.188219 0.181106 0.164652 0.171046 0.181106 0.183678 0.190062 0.200865 0.209308 0.225658 0.245856 0.283343 0.27365 0.253704 0.225373 0.211304 0.215182 0.228222 0.246839 0.287018 0.323587 0.333718 0.34566 0.376944 0.410673 0.443601 0.43369 0.421576 0.406951 0.40011 0.404475 0.385619 0.369572 0.375628 0.361446 0.344794 0.350007 0.352488 0.354552 0.359935 0.359682 0.358638 0.348204 0.356802 0.353843 0.357409 0.359975 0.359947 0.359589 0.358928 0.360504 0.362007 0.362722 0.362997 0.361862 0.360121 0.357537 0.354215 0.350422 0.349554 0.384202 0.402628 -9999
-9999 -9999 -9999 -9999 -9999 -9999 -9999 0.204495 0.206451 0.18475 0.187802 0.182724 0.183292 0.189815 0.204428 0.213064 0.236843 0.244476 0.278805 0.295105 0.281715 0.28708 0.248481 0.215244 0.227422 0.301887 0.332247 0.356093 0.357726 0.364536 0.378437 0.427523 0.443939 0.416488 0.400611 0.388524 0.37928 0.378492 0.379726 0.354398 0.350788 0.341365 0.341492 0.338973 0.349892 0.356249 0.346427 0.353491 0.354644 0.343868 0.356055 0.347784 0.352736 0.358166 0.360994 0.357121 0.358337 0.359786 0.361176 0.36225 0.362404 0.361699 0.359539 0.356858 0.353733 0.34966 0.345553 0.346264 0.361666 0.364036
-9999 -9999 -9999 -9999 -9999 -9999 -9999 -9999 0.235448 0.200642 0.192782 0.191005 0.183722 0.188656 0.199511 0.212003 0.2358 0.255728 0.286553 0.321095 0.342094 0.286362 0.238464 0.214645 0.222539 0.285023 0.312836 0.319354 0.311846 0.330058 0.345848 0.386066 0.400638 0.418039 0.415858 0.398025 0.381602 0.365926 0.353874 0.352529 0.34286 0.338324 0.336264 0.332952 0.332698 0.332419 0.34156 0.332342 0.33929 0.335976 0.33955 0.343514 0.349219 0.358649 0.356432 0.354818 0.356252 0.357627 0.35957 0.360416 0.360399 0.359609 0.358372 0.355666 0.352295 0.348577 0.344258 0.340811 0.338663 0.346277
-9999 -9999 -9999 -9999 -9999 -9999 -9999 -9999 0.256178 0.221053 0.211772 0.192489 0.188369 0.187623 0.193356 0.204219 0.222966 0.248825 0.269583 0.308508 0.348646 0.291689 0.24304 0.216365 0.217297 0.272405 0.26315 0.279416 0.280842 0.307514 0.322712 0.341398 0.361935 0.383419 0.406682 0.417997 0.37992 0.360814 0.344663 0.336415 0.330697 0.326523 0.329073 0.3306 0.347271 0.33181 0.329543 0.330167 0.331602 0.332857 0.335437 0.338883 0.343692 0.346481 0.35376 0.349833 0.352937 0.355173 0.356748 0.357618 0.357663 0.356722 0.354951 0.354465 0.3503 0.346745 0.342792 0.339542 0.335601 0.332167
-9999 -9999 -9999 -9999 -9999 -9999 -9999 -9999 0.317309 0.260965 0.223401 0.203825 0.187179 0.18703 0.1896 0.202971 0.212689 0.231783 0.249035 0.274778 0.313126 0.336598 0.296039 0.232991 0.216333 0.223957 0.229637 0.247356 0.264451 0.271991 0.277556 0.302918 0.329432 0.36026 0.370166 0.383301 0.355718 0.353683 0.356957 0.323036 0.32199 0.322241 0.333083 0.350375 0.345906 0.354012 0.344188 0.354197 0.344227 0.336204 0.334124 0.336059 0.340921 0.340841 0.344358 0.34672 0.349361 0.35166 0.353255 0.353986 0.353898 0.353193 0.351502 0.34875 0.349053 0.345958 0.340864 0.338035 0.3344 0.33119
-9999 -9999 -9999 -9999 -9999 -9999 -9999 -9999 0.314816 0.271622 0.232913 0.211033 0.190624 0.190092 0.185699 0.191328 0.201522 0.218545 0.238597 0.260139 0.293368 0.318063 0.28887 0.251522 0.222912 0.217809 0.227311 0.232686 0.240805 0.248391 0.257921 0.272459 0.291913 0.317605 0.335927 0.359861 0.328642 0.326919 0.333395 0.316382 0.316515 0.341046 0.359169 0.359684 0.351855 0.362065 0.361115 0.368615 0.360406 0.339093 0.342649 0.343274 0.337323 0.338303 0.340618 0.342978 0.34545 0.347461 0.348978 0.349561 0.349343 0.348738 0.347196 0.344945 0.3425 0.343276 0.34025 0.338125 0.333428 0.330446
-9999 -9999 -9999 -9999 -9999 -9999 -9999 -9999 0.307839 0.284819 0.250165 0.214438 0.191734 0.185498 0.181561 0.185271 0.196804 0.2063 0.219492 0.23886 0.252068 0.274746 0.305997 0.255641 0.246536 0.238492 0.235993 0.225824 0.231361 0.243812 0.269632 0.267647 0.270898 0.294805 0.305455 0.3198 0.303675 0.305724 0.307434 0.308762 0.330195 0.359571 0.382456 0.363351 0.365463 0.363188 0.385283 0.359751 0.343171 0.338388 0.35218 0.362213 0.3402 0.339234 0.339113 0.339868 0.340961 0.342981 0.343933 0.344642 0.344569 0.343804 0.34254 0.340655 0.338448 0.335961 0.337616 0.336057 0.333529 0.329467
-9999 -9999 -9999 -9999 -9999 -9999 -9999 -9999 -9999 0.300196 0.252943 0.211712 0.191092 0.179658 0.176022 0.17985 0.18722 0.194502 0.20342 0.217916 0.235624 0.263175 0.284008 0.272642 0.264582 0.269397 0.262697 0.237119 0.231743 0.25145 0.299682 0.279715 0.261274 0.266468 0.272861 0.278889 0.288028 0.292653 0.299555 0.315188 0.361418 0.366383 0.383264 0.379688 0.38756 0.373701 0.378697 0.357193 0.348095 0.34522 0.365715 0.364799 0.345392 0.338529 0.342294 0.338986 0.336494 0.337886 0.338825 0.339489 0.339297 0.338582 0.337458 0.335076 0.333096 0.330819 0.33353 0.332358 0.331627 0.330325
-9999 -9999 -9999 -9999 -9999 -9999 -9999 -9999 -9999 0.305805 0.258665 0.208316 0.195704 0.182563 0.17125 0.174511 0.184297 0.193105 0.20157 0.210577 0.232286 0.253345 0.273662 0.28163 0.279819 0.29287 0.279678 0.244826 0.241767 0.249823 0.295122 0.312314 0.28548 0.26345 0.265348 0.271198 0.305048 0.300534 0.318613 0.341925 0.348137 0.357526 0.37763 0.366467 0.380812 0.373371 0.381194 0.368918 0.363183 0.349571 0.36747 0.370246 0.351392 0.342008 0.343715 0.333828 0.331375 0.331721 0.332469 0.332797 0.33274 0.332025 0.331135 0.329919 0.328464 0.327148 0.326511 0.333671 0.355979 0.354083
-9999 -9999 -9999 -9999 -9999 -9999 -9999 -9999 -9999 0.295181 0.263703 0.219079 0.187027 0.189179 0.175162 0.169293 0.179667 0.190473 0.201042 0.20642 0.230289 0.256348 0.277805 0.303194 0.301502 0.287231 0.273594 0.252274 0.251938 0.261583 0.289083 0.283761 0.266429 0.258952 0.259174 0.26495 0.274314 0.280225 0.293931 0.300049 0.317409 0.343989 0.354052 0.346749 0.374545 0.37208 0.361349 0.379473 0.361213 0.352931 0.375649 0.363033 0.344734 0.336276 0.329166 0.326676 0.326553 0.325286 0.326167 0.326498 0.326502 0.326246 0.325583 0.325031 0.324183 0.325234 0.32735 0.346873 0.361505 0.35849
-9999 -9999 -9999 -9999 -9999 -9999 -9999 -9999 -9999 0.284309 0.255878 0.217299 0.195346 0.194685 0.178402 0.1639 0.168681 0.179892 0.18465 0.195611 0.216361 0.239094 0.263898 0.27711 0.305149 0.282572 0.277075 0.25942 0.253369 0.277296 0.289189 0.278288 0.26741 0.265079 0.253625 0.256599 0.263772 0.286269 0.297714 0.294392 0.299193 0.306886 0.325209 0.325802 0.3374 0.342163 0.346843 0.369573 0.360193 0.359745 0.360513 0.341919 0.332915 0.327516 0.322795 0.322626 0.321275 0.318928 0.319515 0.319981 0.320268 0.320166 0.320114 0.320582 0.320736 0.324753 0.332427 0.347463 0.380049 0.361216
-9999 -9999 -9999 -9999 -9999 -9999 -9999 -9999 -9999 0.285352 0.254238 0.221389 0.209833 0.210844 0.178093 0.159014 0.161682 0.168279 0.175346 0.199915 0.200548 0.207026 0.229836 0.262297 0.297972 0.297647 0.286595 0.268192 0.26258 0.29683 0.309739 0.306006 0.287313 0.270763 0.253114 0.250461 0.258677 0.292539 0.328014 0.313264 0.297096 0.297624 0.302814 0.320034 0.32557 0.330652 0.343416 0.364543 0.370055 0.364682 0.345653 0.33915 0.328727 0.320362 0.325235 0.324371 0.31638 0.312164 0.31283 0.313393 0.313661 0.314017 0.314388 0.316289 0.318215 0.32152 0.343427 0.356989 0.379525 0.361431
-9999 -9999 -9999 -9999 -9999 -9999 -9999 -9999 -9999 0.291619 0.269665 0.237917 0.227093 0.207581 0.176482 0.162493 0.157031 0.159609 0.165124 0.1774 0.185632 0.199796 0.223679 0.255642 0.29109 0.31531 0.307553 0.285292 0.27713 0.311652 0.327427 0.314583 0.29411 0.262245 0.245011 0.244635 0.248442 0.256773 0.283063 0.314247 0.315043 0.30067 0.313819 0.328924 0.321289 0.323228 0.336058 0.345639 0.359725 0.360127 0.348016 0.343306 0.330932 0.312285 0.310523 0.312134 0.304871 0.305403 0.30606 0.306486 0.307118 0.307712 0.308392 0.310381 0.314346 0.329422 0.342637 0.360918 0.363587 0.351587
-9999 -9999 -9999 -9999 -9999 -9999 -9999 -9999 -9999 0.30577 0.27875 0.24873 0.22067 0.19413 0.171534 0.17211 0.161212 0.163574 0.158899 0.163201 0.1749 0.187393 0.208516 0.249083 0.283775 0.32151 0.315482 0.286648 0.294529 0.314182 0.34799 0.318747 0.286085 0.256566 0.241523 0.257145 0.245086 0.247857 0.258594 0.277706 0.30657 0.306965 0.328615 0.330265 0.320269 0.317495 0.319996 0.327477 0.339187 0.349611 0.342438 0.341107 0.329656 0.315231 0.301171 0.299532 0.297556 0.298293 0.29909 0.299683 0.300464 0.301581 0.303156 0.30568 0.318899 0.334503 0.344523 0.358005 0.360599 0.340852
