Test_Spring_2018b/11_17/Prec/20171117_010.txt
ncols	170
nrows	115
xllcorner	350000.000000
yllcorner	4445000.000000
cellsize	1000.000000
nodata_value	-9999.000000
[rows 31 to 61 of 115, columns 70 to 139 of 170]
0 0 0 0 0 0 0 0 0 0 0 0 0 0 0 0 0.105327 0.103916 0.103928 0.107121 0.107009 0.106276 0.109463 0.116256 0.12026 0.125788 0.137135 0.142541 0.148325 -9999 -9999 -9999 -9999 -9999 -9999 -9999 -9999 -9999 -9999 -9999 -9999 -9999 -9999 -9999 -9999 -9999 -9999 -9999 -9999 -9999 -9999 -9999 -9999 -9999 -9999 -9999 -9999 -9999 -9999 -9999 -9999 -9999 -9999 -9999 -9999 -9999 -9999 -9999 -9999 -9999
0 0 0 0 0 0 0 0 0 0 0 0 0 0 0 0 0.102777 0.108425 0.106624 0.107498 0.110372 0.10829 0.111328 0.117275 0.125206 0.123465 0.126186 0.145244 0.151034 -9999 -9999 -9999 -9999 -9999 -9999 -9999 -9999 -9999 -9999 -9999 -9999 -9999 -9999 -9999 -9999 -9999 -9999 -9999 -9999 -9999 -9999 -9999 -9999 -9999 -9999 -9999 -9999 -9999 -9999 -9999 -9999 -9999 -9999 -9999 -9999 -9999 -9999 -9999 -9999 -9999
0 0 0 0 0 0 0 0 0 0 0 0 0 0 0 0 0.102458 0.108761 0.110822 0.108972 0.109826 0.110478 0.113252 0.116539 0.121047 0.120038 0.120661 0.136348 0.146361 0.153025 -9999 -9999 -9999 -9999 -9999 -9999 -9999 -9999 -9999 -9999 -9999 -9999 -9999 -9999 -9999 -9999 -9999 -9999 -9999 -9999 -9999 -9999 -9999 -9999 -9999 -9999 -9999 -9999 -9999 -9999 -9999 -9999 -9999 -9999 -9999 -9999 -9999 -9999 -9999 -9999
0 0 0 0 0 0 0 0 0 0 0 0 0 0 0 0 0.100536 0.10488 0.112011 0.108908 0.106746 0.107835 0.109107 0.111683 0.115929 0.114802 0.1161 0.134655 0.144348 0.148933 0.151995 -9999 -9999 -9999 -9999 -9999 -9999 -9999 -9999 -9999 -9999 -9999 -9999 -9999 -9999 -9999 -9999 -9999 -9999 -9999 -9999 -9999 -9999 -9999 -9999 -9999 -9999 -9999 -9999 -9999 -9999 -9999 -9999 -9999 -9999 -9999 -9999 -9999 -9999 -9999
-9999 0 0 0 0 0 0 0 0 0 0 0 0 0 0 0 0 0.103599 0.108475 0.110333 0.10649 0.106081 0.107372 0.107415 0.111086 0.111113 0.112853 0.118664 0.136147 0.143416 0.146743 0.151534 -9999 -9999 -9999 -9999 -9999 -9999 -9999 -9999 -9999 -9999 -9999 -9999 -9999 -9999 -9999 -9999 -9999 -9999 -9999 -9999 -9999 -9999 -9999 -9999 -9999 -9999 -9999 -9999 -9999 -9999 -9999 -9999 -9999 -9999 -9999 -9999 -9999 -9999
-9999 -9999 -9999 -9999 0 0 0 0 0 0 0 0 0 0 0 0 0 0.100917 0.104199 0.107661 0.107415 0.104281 0.107008 0.105176 0.106476 0.107052 0.110066 0.118926 0.135607 0.141594 0.144514 0.148456 -9999 -9999 -9999 -9999 -9999 -9999 -9999 -9999 -9999 -9999 -9999 -9999 -9999 -9999 -9999 -9999 -9999 -9999 -9999 -9999 -9999 -9999 -9999 -9999 -9999 -9999 -9999 -9999 -9999 -9999 -9999 -9999 -9999 -9999 -9999 -9999 -9999 -9999
-9999 -9999 -9999 -9999 -9999 0 0 0 0 0 0 0 0 0 0 0 0 0 0.102619 0.103525 0.101712 0.102501 0.103923 0.104443 0.104106 0.105456 0.112596 0.119554 0.123342 0.141854 0.14547 0.146405 0.149145 -9999 -9999 -9999 -9999 -9999 -9999 -9999 -9999 -9999 -9999 -9999 -9999 0.171044 -9999 -9999 -9999 -9999 -9999 -9999 -9999 -9999 -9999 -9999 -9999 -9999 -9999 -9999 -9999 -9999 -9999 -9999 -9999 -9999 0.294463 -9999 -9999 -9999
-9999 -9999 -9999 -9999 0 0 0 0 0 0 0 0 0 0 0 0 0 0 0 0 0 0 0.100329 0.101438 0.102891 0.104508 0.111159 0.114576 0.117141 0.133066 0.137927 0.141233 0.145659 0.149226 -9999 -9999 -9999 -9999 -9999 -9999 -9999 0.154743 0.157977 0.161363 0.164308 0.166067 0.171462 -9999 -9999 -9999 -9999 -9999 -9999 -9999 -9999 -9999 -9999 -9999 -9999 -9999 -9999 -9999 -9999 -9999 -9999 -9999 0.286266 0.295807 -9999 -9999
-9999 -9999 -9999 -9999 0 0 0 0 0 0 0 0 0 0 0 0 0 0 0 0 0 0 0 0.100917 0.103221 0.104258 0.109302 0.111781 0.115113 0.118396 0.133486 0.139047 0.144362 0.148649 -9999 -9999 -9999 -9999 -9999 -9999 0.146967 0.14789 0.15001 0.15597 0.157934 0.160307 0.16493 0.182273 -9999 -9999 -9999 -9999 -9999 -9999 -9999 -9999 -9999 -9999 -9999 -9999 -9999 -9999 0.242036 0.250233 0.262088 0.271608 0.28035 0.290171 -9999 -9999
-9999 -9999 -9999 -9999 0 0 0 0 0 0 0 0 0 0 0 0 0 0 0 0 0 0 0.100275 0.104066 0.106214 0.11071 0.109252 0.112013 0.11664 0.122071 0.128896 0.13899 0.141031 0.144546 -9999 -9999 -9999 -9999 -9999 -9999 0.141704 0.142563 0.144288 0.147884 0.154417 0.155658 0.170609 0.177643 0.18306 0.186236 0.189696 0.19775 0.211914 0.213674 0.216237 0.216774 -9999 -9999 -9999 -9999 0.225724 0.22936 0.2339 0.240617 0.253388 0.264774 0.27623 0.288179 -9999 -9999
-9999 -9999 -9999 -9999 0 0 0 0 0 0 0 0 0 0 0 0 0 0 0 0 0 0.103026 0.10212 0.105382 0.1113 0.111152 0.109987 0.112944 0.118304 0.12422 0.126816 0.135422 0.137873 0.140251 -9999 -9999 -9999 0.137218 0.135321 0.136578 0.137887 0.138044 0.139417 0.142925 0.146404 0.152986 0.166962 0.174351 0.181629 0.185876 0.186808 0.189747 0.207306 0.208735 0.210822 0.210541 0.210389 0.210771 0.211884 0.21391 0.21656 0.22001 0.224626 0.231233 0.245149 0.255926 0.266121 0.291763 -9999 -9999
-9999 -9999 -9999 -9999 0 0 0 0 0 0 0 0 0 0 0 0 0 0 0 0 0.100836 0.10536 0.107886 0.108063 0.111803 0.113846 0.112603 0.114632 0.11768 0.122904 0.123797 0.125267 0.136731 0.140396 -9999 -9999 0.13861 0.13336 0.130279 0.129712 0.131226 0.134017 0.135036 0.138943 0.140808 0.147638 0.163756 0.169119 0.178595 0.182941 0.186381 0.189791 0.193843 0.204099 0.204728 0.205193 0.204856 0.20507 0.205771 0.207203 0.209939 0.213169 0.217694 0.224079 0.234979 0.244593 0.257251 0.283151 -9999 -9999
-9999 -9999 -9999 -9999 0 0 0 0 0 0 0 0 0 0 0 0 0 0 0 0 0 0.104402 0.108 0.110626 0.112669 0.117451 0.117228 0.118325 0.119352 0.119172 0.120935 0.123717 0.125966 0.136198 0.137821 -9999 0.134966 0.132405 0.128411 0.125858 0.125529 0.129328 0.130161 0.133966 0.138032 0.14441 0.159245 0.167189 0.172966 0.178469 0.181175 0.186398 0.191144 0.192515 0.201081 0.200901 0.200448 0.200181 0.200385 0.201354 0.203418 0.206708 0.211369 0.217489 0.226445 0.237908 0.251506 0.278247 -9999 -9999
-9999 -9999 -9999 0 0 0 0 0 0 0 0 0 0 0 0 0 0 0 0 0 0 0.101414 0.104155 0.107669 0.112068 0.116781 0.116926 0.114685 0.115336 0.117586 0.119816 0.122853 0.12452 0.126874 0.13618 0.134445 0.130957 0.128658 0.125929 0.122421 0.121219 0.12274 0.126008 0.129872 0.134563 0.14302 0.156711 0.163652 0.17068 0.17634 0.181198 0.184156 0.188773 0.191133 0.191559 0.197636 0.196749 0.195993 0.195721 0.196284 0.198031 0.201191 0.205754 0.211761 0.219969 0.231432 0.246318 0.269654 -9999 -9999
-9999 -9999 -9999 -9999 0 0 0 0 0 0 0 0 0 0 0 0 0 0 0 0 0 0 0.102179 0.104887 0.109131 0.110981 0.110689 0.111307 0.112507 0.116952 0.121114 0.125831 0.129791 0.129289 0.131009 0.13158 0.128738 0.123775 0.120868 0.120697 0.121852 0.120115 0.123009 0.128675 0.133094 0.140776 0.153723 0.161724 0.167712 0.173616 0.178699 0.186445 0.188423 0.190434 0.189543 0.190456 0.193776 0.192634 0.191962 0.19223 0.193719 0.196687 0.201186 0.207623 0.214787 0.225215 0.243462 0.266223 -9999 -9999
-9999 -9999 -9999 -9999 -9999 -9999 0 0 0 0 0 0 0 0 0 0 0 0 0 0 0 0 0 0.100564 0.105403 0.104413 0.105919 0.109687 0.112562 0.115138 0.119964 0.123346 0.12789 0.130978 0.130252 0.125138 0.122135 0.116979 0.115089 0.117212 0.118021 0.119445 0.121084 0.124953 0.13106 0.139023 0.151848 0.16078 0.165485 0.171333 0.17749 0.182685 0.187806 0.188939 0.18986 0.188685 0.188316 0.190215 0.189303 0.189306 0.190594 0.193406 0.19787 0.203952 0.211531 0.220444 0.239189 0.264652 -9999 -9999
-9999 -9999 -9999 -9999 -9999 -9999 0 0 0 0 0 0 0 0 0 0 0 0 0 0 0 0 0 0.100319 0.101132 0.102856 0.105109 0.109806 0.113204 0.114939 0.119542 0.123319 0.126093 0.130013 0.127061 0.123955 0.120398 0.11546 0.112195 0.111934 0.115243 0.117041 0.118292 0.123482 0.131034 0.137214 0.150831 0.160606 0.1646 0.169973 0.175997 0.180385 0.186053 0.18795 0.188567 0.188426 0.187956 0.187605 0.187863 0.187726 0.188852 0.191516 0.195886 0.20188 0.20944 0.21835 0.234029 0.262858 -9999 -9999
-9999 -9999 -9999 -9999 -9999 -9999 -9999 0 0 0 0 0 0 0 0 0 0 0 0.104435 0.103542 0.101277 0 0 0 0.10127 0.104354 0.11025 0.115319 0.116274 0.117153 0.120481 0.123328 0.126501 0.123451 0.120119 0.116606 0.11454 0.114556 0.111867 0.11059 0.113699 0.115103 0.117225 0.123356 0.129745 0.136478 0.150214 0.157427 0.164054 0.168675 0.175207 0.179161 0.184621 0.187055 0.188141 0.188368 0.187982 0.187646 0.187373 0.187414 0.18852 0.191066 0.195304 0.20119 0.208612 0.217392 0.227753 0.251772 0.267118 -9999
-9999 -9999 -9999 -9999 -9999 -9999 -9999 0.101304 0.100193 0 0 0 0 0 0 0 0 0 0.10419 0.107085 0.105739 0.107103 0.102134 0 0.101557 0.112613 0.11709 0.120333 0.120076 0.120236 0.121104 0.12618 0.127037 0.121531 0.117718 0.114623 0.112261 0.111711 0.111864 0.109037 0.11114 0.113146 0.117558 0.122447 0.129895 0.137091 0.148576 0.156701 0.163537 0.168035 0.175042 0.178236 0.183944 0.186866 0.188466 0.188314 0.188324 0.18809 0.187916 0.188068 0.188818 0.192038 0.196086 0.201764 0.208971 0.217436 0.227048 0.246027 0.260688 0.273536
-9999 -9999 -9999 -9999 -9999 -9999 -9999 -9999 0.104873 0 0 0 0 0 0 0 0 0.101228 0.1059 0.111198 0.114976 0.107558 0.10122 0 0.101376 0.110689 0.114789 0.115558 0.114019 0.115857 0.117064 0.120947 0.121643 0.122669 0.120933 0.117063 0.114368 0.111478 0.109789 0.110416 0.110684 0.114599 0.118515 0.123062 0.128654 0.134633 0.148716 0.154245 0.161685 0.167079 0.172741 0.177634 0.183516 0.187103 0.188131 0.188495 0.188754 0.188795 0.188868 0.189156 0.189995 0.191654 0.198035 0.20346 0.210286 0.218387 0.227509 0.245611 0.257271 0.270422
-9999 -9999 -9999 -9999 -9999 -9999 -9999 -9999 0.108439 0.102185 0 0 0 0 0 0 0 0.101023 0.104216 0.110102 0.116202 0.10802 0.102493 0 0 0.109477 0.108262 0.11044 0.110221 0.113341 0.114565 0.115479 0.117173 0.118944 0.120938 0.122649 0.116185 0.112937 0.110748 0.11042 0.111229 0.113029 0.116136 0.124857 0.13253 0.135975 0.148286 0.154851 0.161184 0.16698 0.17232 0.177042 0.182873 0.185607 0.188169 0.188659 0.18935 0.189718 0.190028 0.190566 0.191592 0.193318 0.195948 0.201013 0.212346 0.219947 0.228525 0.246308 0.25703 0.267956
-9999 -9999 -9999 -9999 -9999 -9999 -9999 -9999 0.117845 0.108653 0.101271 0 0 0 0 0 0 0 0.102152 0.106101 0.111894 0.115549 0.109474 0.100544 0 0.103234 0.104147 0.106554 0.108631 0.109103 0.109073 0.111077 0.113774 0.117047 0.119224 0.119974 0.115218 0.114577 0.115273 0.111309 0.112753 0.115083 0.119585 0.1252 0.128653 0.140935 0.152016 0.159483 0.163801 0.167958 0.172406 0.176779 0.182696 0.185426 0.187619 0.188951 0.189944 0.190667 0.191317 0.192128 0.19335 0.195226 0.197867 0.201369 0.208145 0.21411 0.229825 0.247288 0.257238 0.267409
-9999 -9999 -9999 -9999 -9999 -9999 -9999 -9999 0.117748 0.110021 0.103533 0 0 0 0 0 0 0 0.101647 0.104938 0.109941 0.113718 0.109737 0.103876 0 0.101346 0.104585 0.105251 0.106105 0.106822 0.107453 0.107997 0.109862 0.115041 0.116622 0.119172 0.114122 0.113703 0.114972 0.113468 0.115041 0.120728 0.126084 0.129445 0.131741 0.137406 0.149696 0.162938 0.167091 0.169005 0.174011 0.178172 0.182781 0.185458 0.187599 0.189253 0.190547 0.191584 0.192571 0.193665 0.195097 0.197111 0.199772 0.203212 0.207559 0.215802 0.222295 0.239561 0.257521 0.266854
-9999 -9999 -9999 -9999 -9999 -9999 -9999 -9999 0.117912 0.112773 0.106958 0.101241 0 0 0 0 0 0 0 0.102917 0.104996 0.108428 0.113048 0.10592 0.103877 0.105171 0.104968 0.103353 0.103838 0.105173 0.109624 0.108674 0.111344 0.113937 0.114688 0.116124 0.113461 0.113762 0.114463 0.115621 0.120199 0.126457 0.132301 0.132599 0.136329 0.139587 0.155162 0.155586 0.158276 0.162494 0.175861 0.181191 0.183584 0.186016 0.187997 0.189664 0.191064 0.192437 0.193672 0.195073 0.19674 0.198844 0.201535 0.204885 0.208985 0.21386 0.223331 0.240471 0.248581 0.253474
-9999 -9999 -9999 -9999 -9999 -9999 -9999 -9999 -9999 0.116237 0.108785 0.102179 0 0 0 0 0 0 0 0.101131 0.103801 0.10788 0.110966 0.109383 0.107383 0.110723 0.109762 0.10598 0.104968 0.107435 0.113059 0.113267 0.110126 0.110367 0.110844 0.11141 0.114145 0.114983 0.116533 0.119772 0.127854 0.12902 0.133798 0.13607 0.140357 0.141672 0.155315 0.15691 0.160268 0.164391 0.171632 0.177779 0.178837 0.180803 0.183864 0.185533 0.191539 0.193113 0.194635 0.196281 0.198115 0.200313 0.202998 0.201701 0.205404 0.209798 0.219197 0.23694 0.244717 0.252839
-9999 -9999 -9999 -9999 -9999 -9999 -9999 -9999 -9999 0.118058 0.110645 0.102825 0.100472 0 0 0 0 0 0 0.101281 0.104468 0.107564 0.110528 0.111675 0.111352 0.115108 0.113227 0.108152 0.107532 0.108417 0.117527 0.11971 0.115561 0.112111 0.112155 0.112897 0.117842 0.11756 0.120826 0.125201 0.127517 0.130685 0.135774 0.136755 0.141711 0.143828 0.157756 0.160284 0.163751 0.166 0.17258 0.179146 0.180173 0.181719 0.184505 0.185324 0.186959 0.188835 0.190713 0.192592 0.194598 0.196811 0.199403 0.202442 0.206007 0.210196 0.215106 0.225881 0.248073 0.255233
-9999 -9999 -9999 -9999 -9999 -9999 -9999 -9999 -9999 0.117496 0.112422 0.10551 0.100451 0.100353 0 0 0 0 0.101161 0.101939 0.105386 0.109148 0.112231 0.115837 0.115509 0.113314 0.113444 0.110333 0.110154 0.111342 0.118289 0.117402 0.114783 0.113601 0.113593 0.114503 0.116103 0.117436 0.120158 0.122103 0.125988 0.131531 0.135045 0.136389 0.143039 0.145602 0.147176 0.16346 0.164807 0.16752 0.174532 0.179304 0.179802 0.181419 0.18295 0.184891 0.186973 0.188763 0.190817 0.192843 0.19497 0.197302 0.199901 0.202914 0.206336 0.210517 0.215354 0.223181 0.248425 0.254596
-9999 -9999 -9999 -9999 -9999 -9999 -9999 -9999 -9999 0.116913 0.112369 0.106407 0.102867 0.102426 0 0 0 0 0.100145 0.101686 0.104645 0.107888 0.11141 0.11324 0.117146 0.113755 0.115067 0.112502 0.111548 0.118188 0.119916 0.11836 0.116813 0.116525 0.115006 0.115667 0.117087 0.120898 0.123363 0.123978 0.126038 0.128802 0.133375 0.135685 0.139818 0.143188 0.146721 0.163648 0.165987 0.169568 0.173983 0.177075 0.178788 0.180784 0.182649 0.184962 0.186943 0.188677 0.190793 0.192929 0.195154 0.197512 0.200134 0.203143 0.206464 0.210725 0.215909 0.22254 0.250319 0.253459
-9999 -9999 -9999 -9999 -9999 -9999 -9999 -9999 -9999 0.118046 0.113206 0.108145 0.106165 0.106024 0.101096 0 0 0 0.100168 0.103628 0.103674 0.104552 0.107752 0.112306 0.117283 0.117067 0.11828 0.114921 0.114062 0.122464 0.124425 0.124001 0.121457 0.119264 0.11699 0.116969 0.118646 0.124166 0.13012 0.129113 0.128146 0.129819 0.132409 0.136962 0.140064 0.143297 0.147789 0.163527 0.16869 0.171363 0.175379 0.177534 0.178949 0.180467 0.183689 0.185921 0.186995 0.188517 0.190698 0.192886 0.195114 0.197496 0.200076 0.203117 0.206438 0.210257 0.217049 0.222953 0.243699 0.251712
-9999 -9999 -9999 -9999 -9999 -9999 -9999 -9999 -9999 0.119936 0.116488 0.111661 0.109856 0.106838 0.102194 0.10003 0 0 0.100078 0.101757 0.10286 0.104805 0.108124 0.112577 0.1175 0.120784 0.119461 0.118533 0.121406 0.126017 0.128455 0.126811 0.124105 0.119822 0.117708 0.118108 0.119235 0.121163 0.125838 0.131411 0.132847 0.132334 0.135981 0.140125 0.141219 0.143865 0.14822 0.152226 0.16845 0.172706 0.176721 0.179031 0.180095 0.180098 0.182353 0.18494 0.186133 0.188353 0.190544 0.192704 0.194945 0.19728 0.19977 0.202629 0.205981 0.211152 0.216295 0.222395 0.226473 0.248299
-9999 -9999 -9999 -9999 -9999 -9999 -9999 -9999 -9999 0.122959 0.118861 0.114355 0.110151 0.106187 0.102809 0.102765 0.101096 0.101334 0.100572 0.101093 0.102667 0.104342 0.107234 0.112889 0.117679 0.122882 0.121801 0.120531 0.124711 0.127739 0.132805 0.128873 0.124491 0.120615 0.118887 0.121642 0.120555 0.121728 0.124199 0.128045 0.133476 0.135034 0.139839 0.141983 0.142655 0.144535 0.14732 0.150934 0.165461 0.172269 0.176923 0.179654 0.180804 0.181382 0.181861 0.183975 0.185918 0.188155 0.190341 0.192478 0.194663 0.196957 0.199415 0.20214 0.206551 0.211475 0.215778 0.220746 0.22431 0.23886
