Test_Spring_2018b/11_17/Prec/20171110_021.txt
ncols	170
nrows	115
xllcorner	350000.000000
yllcorner	4445000.000000
cellsize	1000.000000
nodata_value	-9999.000000
[rows 33 to 65 of 115, columns 76 to 151 of 170]
0.420763 0.447941 0.471178 0.478181 0.476988 0.468824 0.461868 0.454071 0.430681 0.395946 0.320918 0.23055 0.211269 0.257885 0.261721 0.270739 0.246809 0.216406 0.167825 0.211751 0.230341 0.181549 0.124441 0 -9999 -9999 -9999 -9999 -9999 -9999 -9999 -9999 -9999 -9999 -9999 -9999 -9999 -9999 -9999 -9999 -9999 -9999 -9999 -9999 -9999 -9999 -9999 -9999 -9999 -9999 -9999 -9999 -9999 -9999 -9999 -9999 -9999 -9999 -9999 -9999 -9999 -9999 -9999 -9999 -9999 -9999 -9999 -9999 -9999 -9999 -9999 -9999 -9999 -9999 -9999 -9999
0.415655 0.430712 0.438081 0.477854 0.479098 0.480341 0.467472 0.457458 0.439039 0.405828 0.357543 0.29892 0.195541 0.261853 0.314156 0.314554 0.313589 0.292796 0.246103 0.289169 0.293455 0.228576 0.175012 0.134576 0.11844 -9999 -9999 -9999 -9999 -9999 -9999 -9999 -9999 -9999 -9999 -9999 -9999 -9999 -9999 -9999 -9999 -9999 -9999 -9999 -9999 -9999 -9999 -9999 -9999 -9999 -9999 -9999 -9999 -9999 -9999 -9999 -9999 -9999 -9999 -9999 -9999 -9999 -9999 -9999 -9999 -9999 -9999 -9999 -9999 -9999 -9999 -9999 -9999 -9999 -9999 -9999
0.401745 0.428736 0.450971 0.465531 0.480092 0.481985 0.469002 0.424658 0.420299 0.420358 0.389477 0.322438 0.255372 0.23911 0.317957 0.341674 0.33886 0.357968 0.318647 0.340365 0.334702 0.312246 0.250766 0.198286 0.173797 0.124111 -9999 -9999 -9999 -9999 -9999 -9999 -9999 -9999 -9999 -9999 -9999 -9999 -9999 -9999 -9999 -9999 -9999 -9999 -9999 -9999 -9999 -9999 -9999 -9999 -9999 -9999 -9999 -9999 -9999 -9999 -9999 -9999 -9999 -9999 -9999 -9999 -9999 -9999 -9999 -9999 -9999 -9999 -9999 -9999 -9999 -9999 -9999 -9999 -9999 -9999
0.363849 0.406949 0.445327 0.464113 0.48224 0.484613 0.456023 0.443334 0.444498 0.42524 0.389349 0.367303 0.325599 0.281987 0.300584 0.367971 0.340205 0.388653 0.386636 0.397373 0.368509 0.316608 0.236258 0.200084 0.178481 0.138625 -9999 -9999 -9999 -9999 -9999 -9999 -9999 -9999 -9999 -9999 -9999 -9999 -9999 -9999 -9999 -9999 -9999 -9999 -9999 -9999 -9999 -9999 -9999 -9999 -9999 -9999 -9999 -9999 -9999 -9999 -9999 -9999 -9999 -9999 -9999 -9999 -9999 -9999 -9999 -9999 -9999 -9999 -9999 -9999 -9999 -9999 -9999 -9999 -9999 -9999
0.352314 0.402722 0.440142 0.454208 0.481523 0.485467 0.476935 0.470945 0.460438 0.445493 0.419007 0.389285 0.35004 0.347546 0.390953 0.392753 0.385355 0.393899 0.417442 0.413877 0.365054 0.291574 0.249759 0.167068 0.130326 0.135805 0.109993 -9999 -9999 -9999 -9999 -9999 -9999 -9999 -9999 -9999 -9999 -9999 -9999 0.191381 -9999 -9999 -9999 -9999 -9999 -9999 -9999 -9999 -9999 -9999 -9999 -9999 -9999 -9999 -9999 -9999 -9999 -9999 -9999 -9999 0 -9999 -9999 -9999 -9999 -9999 -9999 -9999 -9999 -9999 -9999 -9999 -9999 -9999 -9999 -9999
0.378648 0.412666 0.424765 0.451612 0.482863 0.487555 0.482858 0.476556 0.457698 0.454672 0.4404 0.407886 0.402163 0.417027 0.424393 0.43267 0.438348 0.436248 0.429287 0.420113 0.395902 0.359525 0.336084 0.253235 0.222149 0.18447 0.126305 0 -9999 -9999 -9999 -9999 -9999 -9999 -9999 0.181853 0.175802 0.172486 0.180778 0.211834 0.18498 -9999 -9999 -9999 -9999 -9999 -9999 -9999 -9999 -9999 -9999 -9999 -9999 -9999 -9999 -9999 -9999 -9999 -9999 -9999 0 0 -9999 -9999 -9999 -9999 -9999 -9999 -9999 -9999 -9999 -9999 -9999 -9999 -9999 -9999
0.3816 0.415494 0.437481 0.46184 0.476283 0.489833 0.492557 0.485474 0.472207 0.474695 0.454135 0.44343 0.435829 0.455301 0.459737 0.45308 0.444734 0.437797 0.416079 0.415575 0.414568 0.392571 0.355103 0.31661 0.263743 0.18475 0.107192 0 -9999 -9999 -9999 -9999 -9999 -9999 0.198049 0.224667 0.238466 0.195156 0.222515 0.246623 0.235637 0.192618 -9999 -9999 -9999 -9999 -9999 -9999 -9999 -9999 -9999 -9999 -9999 -9999 -9999 -9999 0.188351 0.135678 0 0 0 0 -9999 -9999 -9999 -9999 -9999 -9999 -9999 -9999 -9999 -9999 -9999 -9999 -9999 -9999
0.390875 0.419073 0.42936 0.462561 0.480688 0.49065 0.494662 0.496391 0.496499 0.479333 0.472643 0.444262 0.473273 0.472703 0.465986 0.438216 0.426761 0.379365 0.359692 0.361132 0.404443 0.377081 0.317209 0.241831 0.158969 0.151424 0.122845 0 -9999 -9999 -9999 -9999 -9999 -9999 0.214052 0.24241 0.264583 0.263015 0.218736 0.265427 0.249859 0.21197 0.197124 0.213635 0.218386 0.200496 0.218124 0.220712 0.202238 0.211994 -9999 -9999 -9999 -9999 0.202811 0.201315 0.199006 0.174595 0 0 0 0 -9999 -9999 -9999 -9999 -9999 -9999 -9999 -9999 -9999 -9999 -9999 -9999 -9999 -9999
0.389484 0.399062 0.425838 0.456954 0.477556 0.487874 0.491149 0.494636 0.497213 0.492965 0.479036 0.482705 0.481755 0.472635 0.418537 0.355522 0.383163 0.351718 0.279907 0.34427 0.382618 0.351565 0.278755 0.194095 0.177312 0.177949 0.137706 0 -9999 -9999 -9999 0.137843 0.183118 0.185108 0.195566 0.234355 0.261899 0.281443 0.29142 0.287621 0.251606 0.213525 0.172925 0.175519 0.224202 0.230276 0.22905 0.23166 0.213979 0.210486 0.222086 0.226766 0.225432 0.218986 0.21518 0.21313 0.207549 0.184387 0 0 0 0 -9999 -9999 -9999 -9999 -9999 -9999 -9999 -9999 -9999 -9999 -9999 -9999 -9999 -9999
0.37805 0.40885 0.419756 0.443833 0.4649 0.487214 0.494258 0.482133 0.499342 0.500007 0.498895 0.494043 0.485989 0.439989 0.376627 0.313235 0.284072 0.302088 0.255447 0.279727 0.318515 0.315223 0.272082 0.197418 0.190887 0.183968 0.110795 0 -9999 -9999 0 0.144062 0.20565 0.235728 0.242295 0.238626 0.274129 0.270721 0.307714 0.293034 0.216304 0.213459 0.180601 0.185878 0.189888 0.18768 0.209003 0.22866 0.229148 0.225141 0.23142 0.230515 0.228441 0.225674 0.216415 0.216363 0.213192 0.19712 0.12277 0 0 0 -9999 -9999 -9999 -9999 -9999 -9999 -9999 -9999 -9999 -9999 -9999 -9999 -9999 -9999
0.395599 0.408049 0.433891 0.441355 0.448533 0.47963 0.495453 0.488509 0.48368 0.501665 0.501872 0.5001 0.496222 0.452506 0.401906 0.326034 0.278982 0.255313 0.236504 0.209581 0.230855 0.228706 0.225388 0.239094 0.228943 0.197328 0.158869 0 0 -9999 0 0.107248 0.180763 0.241652 0.278037 0.258619 0.299234 0.300631 0.323002 0.298325 0.244223 0.210286 0.198714 0.184307 0.206794 0.218085 0.224015 0.227636 0.232486 0.231667 0.231686 0.23046 0.228981 0.227585 0.225085 0.22203 0.217142 0.208406 0.171319 0.128389 0 0 -9999 -9999 -9999 -9999 -9999 -9999 -9999 -9999 -9999 -9999 -9999 -9999 -9999 -9999
0.398371 0.41773 0.435896 0.451427 0.470281 0.485337 0.496174 0.500067 0.472736 0.477665 0.484358 0.501984 0.499855 0.494584 0.465952 0.37341 0.344654 0.299344 0.241053 0.216028 0.231368 0.284084 0.286632 0.259761 0.229774 0.191998 0.171316 0.126682 0 0 0 0.123277 0.17314 0.248001 0.298174 0.316886 0.319229 0.333301 0.334498 0.295043 0.255461 0.235378 0.208222 0.195497 0.185922 0.196192 0.20188 0.226673 0.232524 0.231869 0.23159 0.230799 0.230018 0.229288 0.227646 0.224467 0.221161 0.216591 0.206696 0.154942 0 0 -9999 -9999 -9999 -9999 -9999 -9999 -9999 -9999 -9999 -9999 -9999 -9999 -9999 -9999
0.358146 0.375379 0.400078 0.426777 0.463317 0.474521 0.494688 0.501203 0.47857 0.450008 0.477892 0.488312 0.498178 0.496703 0.491231 0.41559 0.374954 0.343677 0.287788 0.308438 0.331074 0.33668 0.329973 0.266558 0.2041 0.136839 0 0 0 0 0 0.167191 0.217594 0.23597 0.24675 0.319395 0.334864 0.327774 0.337454 0.299021 0.272736 0.240016 0.234383 0.221499 0.211382 0.145212 0.192906 0.1895 0.221243 0.232628 0.232579 0.231784 0.231476 0.230298 0.228849 0.226376 0.223546 0.217281 0.207828 0.170978 0 0 -9999 -9999 -9999 -9999 -9999 -9999 -9999 -9999 -9999 -9999 -9999 -9999 -9999 -9999
0.343606 0.366072 0.384252 0.407761 0.461177 0.480561 0.495096 0.501585 0.493929 0.466307 0.459072 0.464194 0.432833 0.455769 0.489197 0.486937 0.482031 0.414832 0.379771 0.415109 0.408138 0.361845 0.327419 0.294457 0.220652 0.174121 0 0 0 0.116861 0.179268 0.253808 0.285706 0.265075 0.280816 0.31228 0.348125 0.359664 0.343678 0.303154 0.279353 0.234855 0.253689 0.244768 0.219627 0.197552 0.192933 0.204468 0.206037 0.231036 0.235148 0.233531 0.232673 0.231748 0.230217 0.227933 0.222243 0.216636 0.20953 0.2002 0 0 -9999 -9999 -9999 -9999 -9999 -9999 -9999 -9999 -9999 -9999 -9999 -9999 -9999 -9999
0.315657 0.333733 0.363602 0.423102 0.461835 0.480874 0.487986 0.498765 0.49469 0.470364 0.443704 0.417021 0.382037 0.399401 0.44837 0.476796 0.479315 0.420338 0.450457 0.440951 0.421523 0.359782 0.316597 0.297336 0.227059 0.173434 0.12378 0 0 0.133721 0.184635 0.266212 0.319725 0.33904 0.316104 0.334223 0.376456 0.36657 0.327424 0.317143 0.280157 0.223622 0.25603 0.256812 0.23567 0.228578 0.215063 0.215014 0.222093 0.230035 0.235204 0.234468 0.233199 0.232096 0.230836 0.227891 0.223394 0.21803 0.210741 0.201736 0 0 -9999 -9999 -9999 -9999 -9999 -9999 -9999 -9999 -9999 -9999 -9999 -9999 -9999 -9999
-9999 0.30103 0.355338 0.430882 0.460125 0.467372 0.488274 0.495449 0.486889 0.478287 0.445637 0.399202 0.309648 0.330173 0.375041 0.440947 0.475497 0.470728 0.450371 0.418069 0.338344 0.270225 0.267078 0.26188 0.212693 0.174426 0.118537 0.162003 0.208246 0.257129 0.283709 0.279473 0.325321 0.360495 0.339833 0.363513 0.390374 0.36392 0.342892 0.322626 0.282885 0.268336 0.257559 0.271158 0.242453 0.243562 0.234135 0.226663 0.227401 0.230486 0.235165 0.234667 0.233595 0.232846 0.230559 0.228266 0.223849 0.217926 0.210536 0.201485 0.183301 0 0 -9999 -9999 -9999 -9999 -9999 -9999 -9999 -9999 -9999 -9999 -9999 -9999 -9999
-9999 0.260718 0.292998 0.380292 0.41701 0.45956 0.484979 0.491755 0.474272 0.464787 0.415974 0.39918 0.316197 0.277706 0.307124 0.293574 0.385659 0.467981 0.44944 0.28533 0.228406 0.18996 0.206588 0.213301 0.204923 0.130623 0.113697 0.198591 0.253856 0.296935 0.329326 0.336813 0.335594 0.39188 0.395199 0.407508 0.394666 0.386203 0.34511 0.314573 0.31052 0.278759 0.262893 0.277457 0.240534 0.254437 0.242043 0.228212 0.222597 0.234281 0.234795 0.234753 0.233389 0.231991 0.229835 0.226422 0.222834 0.217007 0.209069 0.200664 0.190171 0.165313 0.106748 0 0 -9999 -9999 -9999 -9999 -9999 -9999 -9999 -9999 -9999 -9999 -9999
-9999 -9999 0.220296 0.337124 0.398616 0.432516 0.47577 0.485904 0.480056 0.461155 0.410986 0.365784 0.291644 0.206613 0.161544 0.292023 0.406031 0.466057 0.457523 0.321227 0.269818 0.271616 0.309171 0.288421 0.274969 0.221444 0.208456 0.187434 0.210217 0.269388 0.313804 0.357458 0.38758 0.387519 0.402484 0.407792 0.400252 0.393841 0.379265 0.364592 0.316041 0.322975 0.293829 0.291179 0.274867 0.260278 0.24637 0.223367 0.229796 0.236242 0.236218 0.233873 0.23243 0.23129 0.229272 0.225793 0.220167 0.214439 0.207264 0.198358 0.188841 0.174454 0.157934 0.118085 0 0 -9999 -9999 -9999 -9999 -9999 -9999 -9999 -9999 -9999 -9999
-9999 -9999 0.165466 0.281142 0.344611 0.41837 0.461847 0.480999 0.48269 0.467838 0.430062 0.371632 0.322085 0.227692 0.129591 0.267891 0.390882 0.457664 0.462435 0.346249 0.381502 0.359593 0.375226 0.333564 0.32044 0.317282 0.289422 0.258053 0.224685 0.203234 0.303937 0.355523 0.395351 0.411793 0.417885 0.416656 0.409118 0.390078 0.336246 0.357923 0.336615 0.32105 0.305479 0.292579 0.279021 0.265952 0.254335 0.247066 0.231107 0.238456 0.233724 0.232535 0.231466 0.22983 0.227332 0.224021 0.219463 0.212842 0.204383 0.195752 0.186222 0.172493 0.161354 0.148755 0.130138 0 0 0 0 -9999 -9999 -9999 -9999 -9999 -9999 -9999
-9999 -9999 0 0.177489 0.317208 0.38907 0.44863 0.467729 0.476573 0.455942 0.439942 0.398283 0.358068 0.29591 0.203228 0.145856 0.250708 0.401727 0.458969 0.454521 0.453945 0.427718 0.405364 0.40748 0.41565 0.396249 0.359335 0.304308 0.284305 0.267413 0.342831 0.353947 0.34809 0.425335 0.42108 0.410316 0.372013 0.333563 0.330317 0.295627 0.292715 0.255954 0.267998 0.277556 0.275416 0.266177 0.254504 0.246155 0.240151 0.23551 0.23322 0.231176 0.229399 0.227554 0.225015 0.221026 0.216416 0.211539 0.202191 0.193805 0.183242 0.170014 0.159648 0.148098 0.136632 0.116483 0 0 0 0 -9999 -9999 -9999 -9999 -9999 -9999
-9999 -9999 0 0.164329 0.281792 0.355695 0.424584 0.443647 0.468419 0.466033 0.44938 0.413458 0.3678 0.316853 0.237575 0.178584 0.247613 0.350261 0.423274 0.448733 0.451658 0.453531 0.4511 0.456755 0.454343 0.460701 0.432623 0.372912 0.345251 0.30186 0.385081 0.395083 0.381719 0.419595 0.413369 0.346542 0.292408 0.278188 0.303125 0.266081 0.242195 0.21204 0.220802 0.262312 0.236595 0.231252 0.245575 0.243448 0.236749 0.234073 0.231346 0.229146 0.226811 0.224747 0.222194 0.217937 0.213265 0.207814 0.200679 0.189985 0.180878 0.167397 0.156744 0.146461 0.135853 0.123552 0.10778 0 0 0 0 -9999 -9999 -9999 -9999 -9999
-9999 -9999 0 0.121297 0.226977 0.331915 0.404664 0.43606 0.459146 0.461167 0.441737 0.424328 0.395944 0.351441 0.320686 0.267754 0.195598 0.317248 0.358306 0.391137 0.41084 0.449025 0.45249 0.441492 0.434915 0.456434 0.446869 0.406143 0.395073 0.373043 0.419869 0.420551 0.418423 0.413592 0.358102 0.281084 0.217192 0.250742 0.23369 0.24961 0.17239 0.209705 0.238216 0.241016 0.204434 0.177018 0.228743 0.227473 0.229001 0.229262 0.228876 0.22578 0.224027 0.221133 0.21799 0.214193 0.209295 0.203752 0.197141 0.189707 0.177258 0.164396 0.154667 0.141491 0.131966 0.122034 0.112992 0 0 0 0 0 -9999 -9999 -9999 -9999
-9999 -9999 -9999 0 0.201361 0.318813 0.385803 0.428868 0.451007 0.452871 0.443737 0.432382 0.415181 0.383451 0.343477 0.280406 0.233966 0.264804 0.305828 0.309568 0.336505 0.410034 0.437915 0.408279 0.336617 0.380021 0.439191 0.441898 0.440276 0.437352 0.431065 0.425213 0.410865 0.372829 0.259859 0.234171 0.185136 0.18287 0.152978 0.199233 0.162435 0.202061 0.213923 0.212897 0.158789 0.15861 0.198624 0.214248 0.206059 0.215206 0.224622 0.222153 0.219732 0.216491 0.21348 0.209768 0.205102 0.198439 0.191913 0.184781 0.171078 0.158865 0.146175 0.13484 0.120894 0.11918 0.111875 0 0 0 0 0 0 -9999 -9999 -9999
-9999 -9999 -9999 0 0.17225 0.309075 0.355487 0.401278 0.440667 0.443533 0.428848 0.414463 0.399233 0.381563 0.333413 0.286849 0.242698 0.228836 0.239648 0.241728 0.28349 0.378026 0.399292 0.395639 0.309057 0.282684 0.359764 0.424777 0.432127 0.428293 0.356187 0.371687 0.331109 0.275322 0.257102 0.229086 0.174025 0.191333 0.147952 0.155806 0.140403 0.159452 0.16429 0.189129 0.141398 0.131942 0.170616 0.191592 0.187472 0.211223 0.217551 0.216857 0.214308 0.211457 0.20795 0.204308 0.199416 0.193765 0.187373 0.179621 0.169524 0.14621 0 0 0 0 0 0 0 0 0 0 0 -9999 -9999 -9999
-9999 -9999 -9999 0 0.144438 0.265724 0.356166 0.364596 0.409426 0.433316 0.417228 0.39853 0.379082 0.370934 0.318809 0.26159 0.215764 0.161679 0.172702 0.214931 0.283282 0.345276 0.359123 0.350449 0.30354 0.328521 0.381527 0.410621 0.420408 0.415493 0.400127 0.390606 0.360299 0.345426 0.301821 0.234537 0.204572 0.214387 0.14096 0.138646 0.156099 0.118401 0.153506 0.166282 0.107388 0.130624 0.170861 0.189066 0.204948 0.210446 0.21046 0.212841 0.209462 0.206355 0.20279 0.198514 0.193891 0.187823 0.181447 0.169817 0.155128 0 0 0 0 0 0 0 0 0 0 0 0 -9999 -9999 -9999
-9999 -9999 -9999 0 0.146698 0.251753 0.316695 0.330359 0.379521 0.423145 0.420052 0.400627 0.395418 0.374939 0.33112 0.282731 0.229957 0.2053 0.146837 0.208809 0.259197 0.312034 0.338512 0.29991 0.282882 0.319552 0.35585 0.37134 0.407253 0.407797 0.396762 0.347746 0.322731 0.330469 0.317197 0.295462 0.247355 0.240013 0.206168 0.188205 0.170581 0.124476 0.13932 0.134026 0.124729 0.163881 0.181853 0.192264 0.201791 0.201042 0.203199 0.207503 0.204409 0.200861 0.196833 0.19275 0.187593 0.180346 0.173109 0.156219 0.130333 0 0 0 0 0 0 0 0 0 0 0 0 0 0 -9999
-9999 -9999 -9999 0 0.134244 0.223888 0.262656 0.270976 0.357838 0.411543 0.413121 0.404625 0.394375 0.342515 0.34688 0.337656 0.290439 0.221206 0.145301 0.15515 0.202061 0.273958 0.298776 0.234182 0.213695 0.232274 0.285676 0.333352 0.382655 0.395444 0.381217 0.305042 0.223415 0.258386 0.295147 0.291224 0.275174 0.22993 0.211606 0.194061 0.158414 0 0 0.105077 0.141937 0.152753 0.173638 0.190432 0.176667 0.17682 0.193935 0.202115 0.198533 0.194741 0.191073 0.186567 0.1814 0.172061 0.162191 0.148718 0 0 0 0 0 0 0 0 0 0 0 0 0 0 0 0
-9999 -9999 -9999 0 0 0.166697 0.202077 0.257291 0.339138 0.380077 0.40037 0.401265 0.394924 0.372524 0.35971 0.333201 0.284278 0.216957 0.142165 0 0.123065 0.2155 0.228878 0.179197 0.151145 0.190195 0.246718 0.329363 0.376674 0.383234 0.378751 0.362321 0.302275 0.229377 0.226765 0.25872 0.2249 0.185682 0.199412 0.190226 0.155231 0.12791 0.104529 0 0.118016 0.124328 0.149327 0.189701 0.190854 0.184475 0.199259 0.195808 0.192033 0.188646 0.184524 0.180198 0.17536 0.167156 0.154062 0.114636 0 0 0 0 0 0 0 0 0 0 0 0 0 0 0 0
-9999 -9999 -9999 0 0 0.122944 0.197258 0.267578 0.328233 0.334013 0.366574 0.367793 0.385577 0.382364 0.362015 0.340198 0.298577 0.211766 0.139405 0 0 0.176665 0.190601 0.15311 0 0.158942 0.243311 0.319549 0.360858 0.329025 0.361344 0.357689 0.334205 0.289948 0.221718 0.219568 0.166533 0.159853 0.179986 0.182655 0.172583 0.15061 0.109903 0.103641 0.112125 0.110104 0.132373 0.162132 0.191507 0.19208 0.193826 0.189487 0.185228 0.181596 0.177603 0.172858 0.167036 0.15897 0.125713 0 0 0 0 0 0 0 0 0 0 0 0 0 0 0 0 0
-9999 -9999 -9999 -9999 0 0.113414 0.173775 0.190583 0.244229 0.273646 0.296735 0.302801 0.367189 0.372275 0.360187 0.340562 0.305676 0.240691 0.196481 0.12118 0 0 0.105125 0.127934 0.123705 0.1589 0.239981 0.324021 0.333572 0.280779 0.288113 0.298144 0.321334 0.306623 0.214701 0.166062 0.124539 0.146782 0.169883 0.171202 0.166671 0.155032 0.125699 0.108281 0.138468 0.159118 0.15872 0.176509 0.188369 0.187697 0.186224 0.181873 0.177871 0.17369 0.168677 0.164097 0.155858 0.14206 0.105769 0 0 0 0 0 0 0 0 0 0 0 0 0 0 0 0 0
-9999 -9999 -9999 -9999 0 0 0.11418 0.112962 0 0 0.212403 0.236501 0.298312 0.357258 0.355138 0.336209 0.30406 0.266812 0.207718 0.122992 0 0 0.103336 0.182111 0.199455 0.224838 0.275087 0.28532 0.23184 0.181238 0.209157 0.225247 0.288885 0.29864 0.283231 0.226167 0.160801 0.124215 0.156995 0.156455 0.152664 0.14667 0.130069 0.110162 0.148561 0.164469 0.173497 0.175498 0.184457 0.182449 0.178251 0.174452 0.169631 0.164686 0.158431 0.152091 0.13652 0.118473 0 0 0 0 0 0 0 0 0 0 0 0 0 0 0 0 0 0
-9999 -9999 -9999 -9999 -9999 -9999 -9999 -9999 -9999 0 0.104441 0.190048 0.261248 0.343154 0.345315 0.329722 0.311381 0.255582 0.19407 0.186822 0.118896 0 0.111634 0.176574 0.21709 0.232497 0.249979 0.228957 0.183769 0.120635 0.152809 0.21654 0.283758 0.281294 0.280796 0.249724 0.20577 0.111809 0.145484 0.141748 0.140918 0.133733 0.107422 0.107948 0.146291 0.139639 0.157397 0.179615 0.17836 0.175246 0.171119 0.166332 0.160348 0.154367 0.147615 0.13958 0.128631 0.109356 0 0 0 0 0 0 0 0 0 0 0 0 0 0 0 0 0 0
-9999 -9999 -9999 -9999 -9999 -9999 -9999 -9999 -9999 0 0 0.16316 0.241282 0.314736 0.329007 0.312737 0.290296 0.262661 0.230219 0.181446 0 0 0.112961 0.16169 0.186252 0.186053 0.153619 0.15219 0.103714 0 0.139199 0.201524 0.26027 0.269536 0.262387 0.253819 0.172378 0.105432 0.111119 0.11469 0.128486 0.106001 0 0.102531 0.142892 0.159545 0.169112 0.172499 0.172661 0.167533 0.162668 0.157131 0.149823 0.142881 0.136107 0.128367 0.120808 0.105784 0 0 0 0 0 0 0 0 0 0 0 0 0 0 0 0 0 0
