Test_Spring_2018b/11_17/Prec/20171111_019.txt
ncols	170
nrows	115
xllcorner	350000.000000
yllcorner	4445000.000000
cellsize	1000.000000
nodata_value	-9999.000000
[rows 32 to 63 of 115, columns 72 to 143 of 170]
1.37866 1.37543 1.40614 1.43537 1.43937 1.46087 1.53137 1.53873 1.53483 1.51599 1.51214 1.50734 1.50564 1.47749 1.39158 1.31423 1.36026 1.36408 1.33696 1.39295 1.36708 1.29556 1.19343 1.25144 1.23784 1.15307 1.14525 -9999 -9999 -9999 -9999 -9999 -9999 -9999 -9999 -9999 -9999 -9999 -9999 -9999 -9999 -9999 -9999 -9999 -9999 -9999 -9999 -9999 -9999 -9999 -9999 -9999 -9999 -9999 -9999 -9999 -9999 -9999 -9999 -9999 -9999 -9999 -9999 -9999 -9999 -9999 -9999 -9999 -9999 -9999 -9999 -9999
1.37946 1.38313 1.4232 1.43252 1.43662 1.48588 1.54513 1.55647 1.55933 1.55489 1.5513 1.54649 1.52581 1.49349 1.42073 1.33239 1.31451 1.36193 1.36644 1.37578 1.35197 1.32136 1.27228 1.31496 1.33209 1.27381 1.21941 1.19784 -9999 -9999 -9999 -9999 -9999 -9999 -9999 -9999 -9999 -9999 -9999 -9999 -9999 -9999 -9999 -9999 -9999 -9999 -9999 -9999 -9999 -9999 -9999 -9999 -9999 -9999 -9999 -9999 -9999 -9999 -9999 -9999 -9999 -9999 -9999 -9999 -9999 -9999 -9999 -9999 -9999 -9999 -9999 -9999
1.37693 1.35625 1.38379 1.40717 1.456 1.51568 1.52761 1.57168 1.57719 1.58246 1.57336 1.56675 1.55137 1.52085 1.47488 1.41817 1.31647 1.38326 1.43569 1.43606 1.4347 1.41327 1.36578 1.40741 1.41027 1.34643 1.29763 1.25569 1.23811 -9999 -9999 -9999 -9999 -9999 -9999 -9999 -9999 -9999 -9999 -9999 -9999 -9999 -9999 -9999 -9999 -9999 -9999 -9999 -9999 -9999 -9999 -9999 -9999 -9999 -9999 -9999 -9999 -9999 -9999 -9999 -9999 -9999 -9999 -9999 -9999 -9999 -9999 -9999 -9999 -9999 -9999 -9999
1.37138 1.34367 1.37096 1.40499 1.46803 1.51976 1.55605 1.57523 1.59434 1.60068 1.59194 1.55162 1.55067 1.55359 1.52514 1.46009 1.39441 1.37873 1.45721 1.48033 1.47664 1.49448 1.45393 1.47403 1.46685 1.45347 1.39478 1.33513 1.3097 1.25953 -9999 -9999 -9999 -9999 -9999 -9999 -9999 -9999 -9999 -9999 -9999 -9999 -9999 -9999 -9999 -9999 -9999 -9999 -9999 -9999 -9999 -9999 -9999 -9999 -9999 -9999 -9999 -9999 -9999 -9999 -9999 -9999 -9999 -9999 -9999 -9999 -9999 -9999 -9999 -9999 -9999 -9999
-9999 -9999 1.34725 1.4072 1.47805 1.5127 1.56599 1.58969 1.6128 1.62015 1.59645 1.58821 1.59324 1.5773 1.54408 1.52387 1.48331 1.44009 1.45814 1.52421 1.4951 1.54159 1.53769 1.54648 1.51596 1.48736 1.395 1.35252 1.33037 1.29051 -9999 -9999 -9999 -9999 -9999 -9999 -9999 -9999 -9999 -9999 -9999 -9999 -9999 -9999 -9999 -9999 -9999 -9999 -9999 -9999 -9999 -9999 -9999 -9999 -9999 -9999 -9999 -9999 -9999 -9999 -9999 -9999 -9999 -9999 -9999 -9999 -9999 -9999 -9999 -9999 -9999 -9999
-9999 -9999 -9999 1.41712 1.48076 1.53687 1.57612 1.59555 1.62837 1.63793 1.63488 1.63395 1.62793 1.61672 1.59312 1.56531 1.52703 1.5244 1.56665 1.56679 1.5573 1.5634 1.58434 1.5784 1.53602 1.47661 1.43367 1.33462 1.29774 1.30348 1.2786 -9999 -9999 -9999 -9999 -9999 -9999 -9999 -9999 -9999 -9999 -9999 -9999 1.37572 -9999 -9999 -9999 -9999 -9999 -9999 -9999 -9999 -9999 -9999 -9999 -9999 -9999 -9999 -9999 -9999 -9999 -9999 -9999 -9999 1.19774 -9999 -9999 -9999 -9999 -9999 -9999 -9999
-9999 -9999 1.40345 1.48775 1.52047 1.56045 1.56471 1.60831 1.64573 1.65679 1.65834 1.65785 1.64416 1.64531 1.63415 1.60361 1.59853 1.61278 1.61856 1.62446 1.62721 1.62194 1.61181 1.5997 1.59586 1.55762 1.53291 1.43838 1.4036 1.3668 1.31024 1.26689 -9999 -9999 -9999 -9999 -9999 -9999 -9999 1.37902 1.37332 1.37046 1.37945 1.4116 1.38675 -9999 -9999 -9999 -9999 -9999 -9999 -9999 -9999 -9999 -9999 -9999 -9999 -9999 -9999 -9999 -9999 -9999 -9999 -9999 1.24703 1.19866 -9999 -9999 -9999 -9999 -9999 -9999
-9999 -9999 1.46983 1.50977 1.53607 1.57618 1.6053 1.63328 1.65474 1.67549 1.68531 1.68488 1.67747 1.68465 1.66754 1.65878 1.65162 1.67002 1.67224 1.66248 1.65042 1.63947 1.61384 1.60966 1.62716 1.60293 1.56413 1.52519 1.45844 1.38089 1.30552 1.24579 -9999 -9999 -9999 -9999 -9999 -9999 1.41122 1.43778 1.45141 1.40825 1.43579 1.46066 1.45138 1.43343 -9999 -9999 -9999 -9999 -9999 -9999 -9999 -9999 -9999 -9999 -9999 -9999 -9999 -9999 1.49609 1.4454 1.34531 1.29267 1.26028 1.21565 -9999 -9999 -9999 -9999 -9999 -9999
-9999 -9999 1.47491 1.52087 1.557 1.59178 1.60978 1.66327 1.67404 1.69217 1.70423 1.71347 1.72016 1.70834 1.70538 1.67908 1.70816 1.70613 1.69655 1.66492 1.64883 1.59666 1.57217 1.58924 1.62883 1.5989 1.53759 1.46189 1.37774 1.36035 1.33419 1.28232 -9999 -9999 -9999 -9999 -9999 -9999 1.44233 1.47027 1.49181 1.48976 1.44556 1.49258 1.49891 1.46466 1.4544 1.47639 1.48761 1.47246 1.48923 1.5002 1.49016 1.50784 -9999 -9999 -9999 -9999 1.52416 1.52458 1.52358 1.50038 1.39058 1.3145 1.24618 1.25091 -9999 -9999 -9999 -9999 -9999 -9999
-9999 -9999 1.50887 1.54204 1.56629 1.58291 1.61791 1.66992 1.685 1.72646 1.73715 1.74752 1.75612 1.75675 1.74634 1.75192 1.75133 1.74114 1.6849 1.6188 1.64227 1.58367 1.5209 1.58373 1.61783 1.58382 1.50937 1.42432 1.40648 1.39813 1.36077 1.32199 -9999 -9999 -9999 1.38689 1.43363 1.43664 1.4475 1.48614 1.51339 1.52067 1.5301 1.53396 1.51119 1.47685 1.44119 1.44971 1.50516 1.51906 1.51419 1.52596 1.51746 1.53692 1.5552 1.56566 1.56906 1.56626 1.56509 1.56488 1.56069 1.53891 1.4302 1.37161 1.33312 1.26616 -9999 -9999 -9999 -9999 -9999 -9999
-9999 -9999 1.5513 1.58299 1.61201 1.62862 1.64781 1.68068 1.72159 1.73851 1.75355 1.74892 1.77253 1.7784 1.78095 1.77808 1.77029 1.72311 1.65724 1.59026 1.55662 1.58316 1.53197 1.55396 1.58872 1.55686 1.52491 1.44964 1.44318 1.43669 1.35613 1.29225 -9999 -9999 1.31267 1.40373 1.46679 1.49775 1.50465 1.50088 1.5359 1.53227 1.56928 1.56273 1.49817 1.49928 1.45847 1.47006 1.50011 1.50558 1.53285 1.55227 1.56107 1.56488 1.57809 1.58307 1.58566 1.58632 1.57938 1.58075 1.57851 1.56337 1.49061 1.45314 1.42436 1.28963 -9999 -9999 -9999 -9999 -9999 -9999
-9999 -9999 1.58722 1.62306 1.66122 1.6801 1.7121 1.68797 1.71495 1.75403 1.76663 1.76758 1.76962 1.79299 1.79701 1.79723 1.79351 1.74838 1.6949 1.6151 1.56319 1.54637 1.52265 1.50278 1.52062 1.51542 1.50944 1.52088 1.4883 1.4573 1.42066 1.33601 1.29976 -9999 1.33288 1.37591 1.4509 1.51254 1.54909 1.52958 1.56962 1.57071 1.59947 1.57616 1.5336 1.52103 1.51532 1.50733 1.53651 1.54531 1.55797 1.57023 1.57592 1.58312 1.59022 1.59486 1.59791 1.59968 1.59913 1.59712 1.59278 1.5846 1.54868 1.52123 1.44533 1.30307 -9999 -9999 -9999 -9999 -9999 -9999
-9999 1.5108 1.59073 1.64213 1.67205 1.69802 1.72239 1.74368 1.77807 1.76827 1.78674 1.78964 1.76949 1.78002 1.79058 1.81013 1.8081 1.80112 1.76933 1.67268 1.64862 1.60613 1.54433 1.51683 1.52859 1.57774 1.57725 1.54785 1.51581 1.47689 1.43897 1.39657 1.30061 1.31591 1.36378 1.39889 1.45036 1.52594 1.57624 1.59472 1.59668 1.61557 1.61758 1.59478 1.56716 1.55286 1.53206 1.52609 1.52361 1.54108 1.55311 1.5782 1.59223 1.59332 1.60009 1.60506 1.60859 1.61074 1.61074 1.60828 1.60523 1.60097 1.60253 1.5542 1.44243 1.34916 -9999 -9999 -9999 -9999 -9999 -9999
-9999 -9999 1.58552 1.61837 1.6397 1.66369 1.69448 1.72657 1.77752 1.79095 1.81279 1.80555 1.78393 1.76114 1.79281 1.80519 1.81509 1.81189 1.80313 1.73457 1.69149 1.65715 1.5979 1.61569 1.63462 1.63666 1.62662 1.5604 1.49548 1.42663 1.35682 1.35786 1.31667 1.33843 1.37218 1.44788 1.4999 1.51929 1.53047 1.60276 1.62162 1.62527 1.63842 1.60427 1.58999 1.56363 1.56467 1.55884 1.556 1.49742 1.55142 1.55519 1.59338 1.60677 1.60908 1.61381 1.61755 1.61898 1.61891 1.61693 1.6142 1.61558 1.61355 1.58154 1.43709 1.35703 -9999 -9999 -9999 -9999 -9999 -9999
-9999 -9999 -9999 -9999 1.63281 1.66206 1.68613 1.71459 1.78128 1.80194 1.81722 1.82422 1.81713 1.78365 1.78027 1.78737 1.75629 1.77898 1.81438 1.81066 1.80359 1.73389 1.69629 1.72809 1.71758 1.66783 1.62991 1.59357 1.51679 1.46797 1.38706 1.32758 1.32945 1.40375 1.4612 1.53784 1.57142 1.55206 1.56833 1.60664 1.64548 1.66062 1.64889 1.61332 1.60174 1.56415 1.58993 1.58828 1.57056 1.55582 1.55769 1.57597 1.58367 1.61388 1.62239 1.62127 1.62417 1.6256 1.62527 1.6234 1.62439 1.62191 1.6189 1.61486 1.46667 1.34471 -9999 -9999 -9999 -9999 -9999 -9999
-9999 -9999 -9999 -9999 1.61274 1.63755 1.67291 1.73662 1.78771 1.80702 1.81388 1.82418 1.81984 1.79578 1.76884 1.74424 1.7109 1.72865 1.77718 1.80455 1.80544 1.74446 1.77209 1.75954 1.73677 1.67161 1.62477 1.60171 1.52792 1.47145 1.41853 1.34434 1.38156 1.42186 1.47204 1.55268 1.60776 1.62908 1.60926 1.63048 1.67629 1.67078 1.6367 1.6319 1.60751 1.55839 1.59799 1.60613 1.59236 1.59235 1.58515 1.59141 1.60403 1.61666 1.62566 1.62793 1.62824 1.6293 1.62917 1.62952 1.62775 1.62598 1.62334 1.62023 1.52399 1.34764 -9999 -9999 -9999 -9999 -9999 -9999
-9999 -9999 -9999 -9999 -9999 1.61302 1.67226 1.75126 1.79209 1.79865 1.81821 1.82396 1.81435 1.80536 1.77333 1.7286 1.6406 1.66186 1.70682 1.77212 1.80556 1.7992 1.77704 1.7422 1.65965 1.58822 1.58114 1.5718 1.51858 1.4769 1.4171 1.45674 1.49988 1.54657 1.57209 1.56806 1.61505 1.65222 1.63458 1.66182 1.69291 1.67156 1.65618 1.64205 1.61528 1.60832 1.60512 1.62605 1.60462 1.61247 1.60899 1.60728 1.61295 1.62012 1.62806 1.63011 1.63104 1.632 1.63157 1.63164 1.63036 1.62854 1.62639 1.62383 1.61349 1.51491 1.45889 -9999 -9999 -9999 -9999 -9999
-9999 -9999 -9999 -9999 -9999 1.58158 1.61835 1.70832 1.75605 1.79681 1.81991 1.82438 1.80514 1.7955 1.74742 1.73188 1.65262 1.61146 1.64156 1.6284 1.71982 1.80085 1.78103 1.61545 1.55594 1.51422 1.52683 1.52919 1.51629 1.43841 1.41685 1.49715 1.54871 1.58912 1.62005 1.6285 1.62824 1.68759 1.69214 1.70848 1.70058 1.69771 1.66292 1.63907 1.64818 1.62431 1.61612 1.63794 1.60808 1.62828 1.62142 1.61277 1.61148 1.62659 1.62985 1.63197 1.63341 1.63327 1.63363 1.63194 1.63192 1.63074 1.6286 1.62722 1.62499 1.60636 1.55782 1.54047 1.55849 -9999 -9999 -9999
-9999 -9999 -9999 -9999 -9999 -9999 1.55506 1.67371 1.7459 1.77722 1.81726 1.82433 1.82214 1.79984 1.74858 1.70464 1.63415 1.5547 1.49928 1.63011 1.74402 1.80353 1.7942 1.65682 1.60317 1.60177 1.63532 1.6103 1.59218 1.53486 1.51684 1.49128 1.51009 1.56827 1.61276 1.65474 1.68564 1.68892 1.70942 1.71274 1.71053 1.71016 1.7022 1.69451 1.65959 1.67433 1.65288 1.65738 1.64773 1.63914 1.63032 1.61195 1.62204 1.6314 1.63368 1.63717 1.63602 1.63623 1.63692 1.6377 1.63271 1.63211 1.63123 1.62977 1.62883 1.62057 1.61387 1.58482 1.54694 1.49994 -9999 -9999
-9999 -9999 -9999 -9999 -9999 -9999 1.51087 1.62769 1.70202 1.77234 1.82175 1.83814 1.83444 1.81598 1.77688 1.7196 1.67342 1.58449 1.49313 1.61861 1.73354 1.80037 1.80467 1.68786 1.72088 1.69616 1.70807 1.66231 1.64451 1.63743 1.60441 1.56831 1.53485 1.51488 1.61147 1.66133 1.70187 1.72154 1.73315 1.73938 1.73071 1.71238 1.6656 1.69431 1.68669 1.67898 1.67088 1.66492 1.65766 1.65015 1.64321 1.63996 1.62726 1.64439 1.64252 1.64102 1.64036 1.64026 1.64069 1.64188 1.64342 1.64094 1.63376 1.63285 1.63203 1.62413 1.62258 1.62025 1.61254 1.54896 1.5118 1.50018
-9999 -9999 -9999 -9999 -9999 -9999 1.3723 1.53592 1.70243 1.76803 1.8252 1.83779 1.8412 1.81692 1.79935 1.75853 1.72133 1.6641 1.57772 1.52703 1.61141 1.7646 1.80787 1.80254 1.80025 1.77153 1.74586 1.74385 1.74736 1.72445 1.68964 1.62858 1.61184 1.5898 1.66138 1.67102 1.66606 1.74615 1.74726 1.74372 1.71416 1.67149 1.67684 1.63966 1.65041 1.62142 1.64057 1.65666 1.6604 1.6563 1.649 1.65686 1.6516 1.65151 1.64877 1.64661 1.64547 1.6454 1.64602 1.64672 1.64832 1.65106 1.64591 1.64704 1.63564 1.62769 1.62652 1.62466 1.62331 1.61365 1.59956 1.56978
-9999 -9999 -9999 -9999 -9999 -9999 1.41314 1.57042 1.68248 1.75488 1.81695 1.82967 1.84905 1.84294 1.8246 1.7892 1.74615 1.69951 1.62582 1.57283 1.64711 1.72165 1.79635 1.82157 1.80616 1.8057 1.80011 1.81287 1.80505 1.80755 1.77314 1.71894 1.68539 1.63736 1.71699 1.72566 1.71322 1.75395 1.75278 1.693 1.64715 1.64187 1.65895 1.63062 1.62149 1.58573 1.60131 1.64888 1.64606 1.64439 1.66189 1.66125 1.66101 1.65822 1.65532 1.65331 1.65193 1.6519 1.65271 1.65324 1.65478 1.65681 1.65825 1.65152 1.65241 1.64421 1.62971 1.62842 1.62707 1.62421 1.63439 1.63447
-9999 -9999 -9999 -9999 -9999 -9999 1.44674 1.54564 1.64589 1.74937 1.81555 1.84083 1.85872 1.85707 1.83583 1.81853 1.79212 1.75118 1.72496 1.67712 1.60998 1.73505 1.74152 1.7737 1.80687 1.84303 1.84309 1.82737 1.79961 1.81496 1.8127 1.7661 1.74966 1.7234 1.76715 1.76673 1.76546 1.76346 1.71286 1.64238 1.58615 1.62771 1.61923 1.62426 1.56161 1.62617 1.66201 1.6709 1.62222 1.59847 1.65348 1.6605 1.66263 1.66311 1.66293 1.6604 1.65994 1.65935 1.65972 1.66074 1.66192 1.66359 1.66513 1.66656 1.6576 1.64879 1.64809 1.66318 1.66246 1.64399 1.64255 1.63846
-9999 -9999 -9999 -9999 -9999 -9999 -9999 1.53044 1.66216 1.77241 1.83207 1.86823 1.88452 1.8821 1.87056 1.85879 1.84308 1.81449 1.77881 1.72067 1.67898 1.71354 1.71535 1.71764 1.74408 1.8155 1.84012 1.80627 1.73439 1.78529 1.83743 1.83352 1.82595 1.81823 1.79539 1.78867 1.77522 1.73992 1.63165 1.62613 1.58504 1.59132 1.57043 1.60423 1.58155 1.62898 1.64777 1.65255 1.6032 1.60853 1.65725 1.67356 1.66543 1.67423 1.6703 1.66882 1.66804 1.66735 1.66795 1.66899 1.67016 1.68493 1.68718 1.68943 1.67977 1.6701 1.66618 1.6632 1.65709 1.66254 1.66174 1.65123
-9999 -9999 -9999 -9999 -9999 -9999 -9999 1.53265 1.65712 1.78706 1.82674 1.86612 1.89995 1.89868 1.88148 1.86625 1.85174 1.83613 1.79109 1.74805 1.70731 1.69612 1.70846 1.66293 1.70393 1.79626 1.81449 1.80688 1.73632 1.70445 1.77535 1.83442 1.83669 1.82882 1.75435 1.76872 1.72904 1.67601 1.66206 1.6398 1.59172 1.61641 1.581 1.59652 1.57165 1.59799 1.60935 1.63963 1.59657 1.59336 1.64133 1.66351 1.66009 1.68413 1.6909 1.69112 1.69025 1.69009 1.69044 1.69185 1.69315 1.69465 1.69616 1.69678 1.69529 1.67518 1.61023 1.60976 1.62328 1.63569 1.65651 1.65425
-9999 -9999 -9999 -9999 -9999 -9999 -9999 1.56995 1.65552 1.77033 1.85429 1.8569 1.89646 1.91622 1.89746 1.87744 1.85794 1.85075 1.8005 1.74549 1.70172 1.6492 1.66064 1.70202 1.71778 1.77761 1.78855 1.77624 1.74705 1.76703 1.8148 1.83898 1.8445 1.83627 1.81879 1.80851 1.77904 1.76644 1.72666 1.66452 1.64048 1.65669 1.59034 1.59477 1.61856 1.56949 1.61061 1.62868 1.57451 1.61201 1.65466 1.67463 1.69178 1.69833 1.69947 1.70331 1.702 1.70177 1.70201 1.70249 1.70351 1.70385 1.70445 1.70019 1.69302 1.64468 1.59862 1.60187 1.62345 1.64192 1.65007 1.65687
-9999 -9999 -9999 -9999 -9999 -9999 -9999 1.60946 1.68571 1.7846 1.84352 1.85168 1.8958 1.93525 1.92921 1.90795 1.90182 1.88129 1.83806 1.79048 1.73841 1.7139 1.65501 1.71512 1.70921 1.75973 1.78323 1.76445 1.74347 1.7757 1.80755 1.81895 1.8512 1.84902 1.83631 1.78694 1.7627 1.77233 1.76221 1.74469 1.70173 1.69993 1.67205 1.66003 1.64817 1.58876 1.60939 1.60935 1.61162 1.65879 1.67969 1.69247 1.70392 1.70492 1.70881 1.71506 1.71438 1.71383 1.7135 1.71382 1.71373 1.71212 1.71094 1.7004 1.681 1.64407 1.55672 1.59812 1.64117 1.64392 1.65228 1.65707
-9999 -9999 -9999 -9999 -9999 -9999 -9999 1.62237 1.70274 1.78641 1.81952 1.82262 1.90444 1.95392 1.95227 1.94137 1.92942 1.8766 1.8801 1.87017 1.82227 1.75207 1.67465 1.68189 1.71696 1.73816 1.75989 1.71625 1.69213 1.70681 1.75627 1.80034 1.84654 1.85707 1.84156 1.76533 1.6847 1.72117 1.76038 1.75994 1.74813 1.70777 1.69452 1.68218 1.65175 1.59363 1.5825 1.59419 1.64747 1.66225 1.68649 1.70617 1.69506 1.69759 1.71694 1.72751 1.72663 1.72592 1.72579 1.72529 1.72458 1.72009 1.71535 1.70718 1.65523 1.62265 1.56017 1.60042 1.62913 1.63128 1.658 1.66275
-9999 -9999 -9999 -9999 -9999 -9999 -9999 1.62398 1.6807 1.75997 1.78986 1.83983 1.91677 1.95351 1.97023 1.96816 1.95932 1.93481 1.92 1.89155 1.84059 1.77098 1.69347 1.64252 1.66672 1.69727 1.72105 1.67918 1.64768 1.68307 1.73607 1.81545 1.86016 1.86492 1.85941 1.84281 1.78361 1.71245 1.71204 1.74676 1.71658 1.68151 1.69948 1.69483 1.66455 1.64183 1.60283 1.60664 1.63855 1.64918 1.67798 1.72171 1.72608 1.72271 1.74029 1.73969 1.73886 1.73858 1.7378 1.73705 1.73603 1.73186 1.72296 1.68793 1.65716 1.61442 1.60817 1.62645 1.63572 1.65098 1.66279 1.66508
-9999 -9999 -9999 -9999 -9999 -9999 -9999 1.60761 1.67403 1.7474 1.81612 1.88127 1.9372 1.93889 1.96758 1.96534 1.97978 1.9734 1.94993 1.92485 1.87981 1.78947 1.71314 1.6299 1.64941 1.72482 1.71208 1.67105 1.59672 1.66997 1.751 1.82436 1.86348 1.83036 1.86173 1.85796 1.83512 1.79225 1.72615 1.72642 1.67655 1.67327 1.69704 1.7037 1.69784 1.68021 1.64477 1.62793 1.64805 1.65077 1.67737 1.71113 1.74422 1.74838 1.7535 1.75242 1.75131 1.75079 1.74989 1.74827 1.7456 1.74073 1.7108 1.67527 1.65282 1.62223 1.61713 1.65514 1.65142 1.65932 1.66896 1.67126
-9999 -9999 -9999 -9999 -9999 -9999 -9999 -9999 1.69368 1.76888 1.82375 1.83575 1.8848 1.91 1.92906 1.93122 1.99137 1.99233 1.97596 1.9518 1.91213 1.84217 1.79258 1.71178 1.65291 1.65949 1.64506 1.66371 1.65579 1.68755 1.76546 1.84684 1.85462 1.80089 1.80759 1.81753 1.8411 1.82747 1.73748 1.69105 1.65217 1.67719 1.70346 1.70838 1.70777 1.70032 1.6793 1.65455 1.68991 1.71565 1.72025 1.74274 1.75905 1.7626 1.76505 1.76434 1.76368 1.76258 1.7604 1.75844 1.75267 1.74123 1.70729 1.62772 1.62951 1.6191 1.59279 1.63272 1.6348 1.66278 1.67637 1.67789
-9999 -9999 -9999 -9999 -9999 -9999 -9999 -9999 1.69331 1.78032 1.79491 1.78909 1.75452 1.76518 1.87581 1.89557 1.95256 2.00629 1.99877 1.97406 1.93577 1.89204 1.82629 1.73486 1.66155 1.64996 1.70565 1.73497 1.74824 1.77012 1.81738 1.82543 1.77065 1.7193 1.74664 1.76268 1.82649 1.83707 1.82299 1.76784 1.70484 1.6709 1.70645 1.70924 1.70921 1.70737 1.69863 1.69087 1.71565 1.73721 1.75184 1.75931 1.77346 1.77634 1.77664 1.77687 1.77558 1.77367 1.76996 1.76572 1.75191 1.73533 1.68016 1.63363 1.60357 1.56598 1.64219 1.6497 1.66293 1.66742 1.68063 1.68127
