Test_Spring_2018b/11_17/Prec/20171108_010.txt
ncols	170
nrows	115
xllcorner	350000.000000
yllcorner	4445000.000000
cellsize	1000.000000
nodata_value	-9999.000000
[rows 31 to 61 of 115, columns 70 to 139 of 170]
0.558 0.563229 0.559428 0.541011 0.531852 0.537087 0.517621 0.506445 0.470858 0.459262 0.440024 0.42839 0.412916 0.392152 0.380628 0.350562 0.264516 0.284943 0.291939 0.266623 0.279082 0.300388 0.28151 0.225778 0.202188 0.164024 0.18224 0.159808 0.13039 -9999 -9999 -9999 -9999 -9999 -9999 -9999 -9999 -9999 -9999 -9999 -9999 -9999 -9999 -9999 -9999 -9999 -9999 -9999 -9999 -9999 -9999 -9999 -9999 -9999 -9999 -9999 -9999 -9999 -9999 -9999 -9999 -9999 -9999 -9999 -9999 -9999 -9999 -9999 -9999 -9999
0.558873 0.55715 0.548206 0.530412 0.534193 0.536397 0.498552 0.475573 0.470179 0.461141 0.445708 0.42157 0.408547 0.396121 0.386943 0.361441 0.298882 0.24287 0.268986 0.267974 0.247171 0.2817 0.262755 0.214168 0.145826 0.183454 0.174257 0.119086 0.110348 -9999 -9999 -9999 -9999 -9999 -9999 -9999 -9999 -9999 -9999 -9999 -9999 -9999 -9999 -9999 -9999 -9999 -9999 -9999 -9999 -9999 -9999 -9999 -9999 -9999 -9999 -9999 -9999 -9999 -9999 -9999 -9999 -9999 -9999 -9999 -9999 -9999 -9999 -9999 -9999 -9999
0.541488 0.548725 0.535877 0.523212 0.533747 0.52337 0.5063 0.480922 0.468252 0.462016 0.451081 0.436381 0.423366 0.410733 0.388798 0.360315 0.306221 0.24281 0.226708 0.254407 0.25448 0.258306 0.240774 0.219181 0.185784 0.213182 0.224002 0.197778 0.145982 0.107801 -9999 -9999 -9999 -9999 -9999 -9999 -9999 -9999 -9999 -9999 -9999 -9999 -9999 -9999 -9999 -9999 -9999 -9999 -9999 -9999 -9999 -9999 -9999 -9999 -9999 -9999 -9999 -9999 -9999 -9999 -9999 -9999 -9999 -9999 -9999 -9999 -9999 -9999 -9999 -9999
0.519108 0.536987 0.521796 0.493474 0.496083 0.49523 0.487688 0.451698 0.445112 0.460296 0.450865 0.442237 0.425237 0.411044 0.392269 0.36469 0.32806 0.285406 0.214044 0.254613 0.286443 0.28456 0.282039 0.266678 0.234424 0.261131 0.262403 0.228206 0.15669 0.13141 0.122103 -9999 -9999 -9999 -9999 -9999 -9999 -9999 -9999 -9999 -9999 -9999 -9999 -9999 -9999 -9999 -9999 -9999 -9999 -9999 -9999 -9999 -9999 -9999 -9999 -9999 -9999 -9999 -9999 -9999 -9999 -9999 -9999 -9999 -9999 -9999 -9999 -9999 -9999 -9999
-9999 0.52133 0.506303 0.47356 0.4761 0.482229 0.485161 0.468371 0.451848 0.450127 0.449105 0.440603 0.423267 0.386325 0.376611 0.370752 0.345481 0.297288 0.249783 0.236211 0.285531 0.299021 0.295341 0.306195 0.278766 0.291399 0.286024 0.273075 0.221839 0.16918 0.154093 0.122486 -9999 -9999 -9999 -9999 -9999 -9999 -9999 -9999 -9999 -9999 -9999 -9999 -9999 -9999 -9999 -9999 -9999 -9999 -9999 -9999 -9999 -9999 -9999 -9999 -9999 -9999 -9999 -9999 -9999 -9999 -9999 -9999 -9999 -9999 -9999 -9999 -9999 -9999
-9999 -9999 -9999 -9999 0.449285 0.451346 0.444764 0.452864 0.446117 0.446546 0.447298 0.438615 0.41062 0.394129 0.387811 0.369145 0.340553 0.321941 0.291202 0.25985 0.269823 0.31217 0.292289 0.322531 0.319657 0.325085 0.304406 0.254057 0.208754 0.166183 0.152655 0.12713 -9999 -9999 -9999 -9999 -9999 -9999 -9999 -9999 -9999 -9999 -9999 -9999 -9999 -9999 -9999 -9999 -9999 -9999 -9999 -9999 -9999 -9999 -9999 -9999 -9999 -9999 -9999 -9999 -9999 -9999 -9999 -9999 -9999 -9999 -9999 -9999 -9999 -9999
-9999 -9999 -9999 -9999 -9999 0.447243 0.436394 0.454836 0.440382 0.436829 0.442815 0.434475 0.41908 0.406559 0.392301 0.376331 0.353915 0.330393 0.301494 0.297423 0.324007 0.323639 0.317424 0.321716 0.335777 0.331884 0.301652 0.234336 0.205769 0.140267 0.116425 0.120234 0.103514 -9999 -9999 -9999 -9999 -9999 -9999 -9999 -9999 -9999 -9999 -9999 -9999 0.195951 -9999 -9999 -9999 -9999 -9999 -9999 -9999 -9999 -9999 -9999 -9999 -9999 -9999 -9999 -9999 -9999 -9999 -9999 -9999 -9999 0.1646 -9999 -9999 -9999
-9999 -9999 -9999 -9999 0.465733 0.450695 0.452937 0.459324 0.446407 0.431347 0.438901 0.430183 0.416604 0.403361 0.383298 0.375019 0.36067 0.335527 0.328967 0.336713 0.340112 0.344461 0.347253 0.344907 0.339195 0.331748 0.300596 0.275573 0.258782 0.211009 0.172017 0.147028 0.10857 0 -9999 -9999 -9999 -9999 -9999 -9999 -9999 0.160294 0.161432 0.165015 0.176769 0.203901 0.193339 -9999 -9999 -9999 -9999 -9999 -9999 -9999 -9999 -9999 -9999 -9999 -9999 -9999 -9999 -9999 -9999 -9999 -9999 -9999 0.182914 0.155498 -9999 -9999
-9999 -9999 -9999 -9999 0.451149 0.457768 0.454199 0.458939 0.456101 0.433735 0.429042 0.425106 0.415575 0.401227 0.384478 0.379702 0.361334 0.350806 0.34347 0.3548 0.356883 0.352033 0.346168 0.341103 0.326038 0.324468 0.309677 0.293907 0.267615 0.240332 0.194665 0.142038 0 0 -9999 -9999 -9999 -9999 -9999 -9999 0.15837 0.180519 0.195115 0.172994 0.197893 0.221155 0.221729 0.214117 -9999 -9999 -9999 -9999 -9999 -9999 -9999 -9999 -9999 -9999 -9999 -9999 -9999 -9999 0.313553 0.284651 0.223663 0.194221 0.178154 0.153803 -9999 -9999
-9999 -9999 -9999 -9999 0.449629 0.458607 0.459675 0.458872 0.446581 0.432114 0.425719 0.418259 0.408656 0.399441 0.391105 0.373341 0.364247 0.342514 0.359777 0.358639 0.354141 0.336163 0.328922 0.297855 0.284537 0.272509 0.299943 0.280471 0.239165 0.187248 0.112435 0.115041 0 0 -9999 -9999 -9999 -9999 -9999 -9999 0.160406 0.18401 0.20457 0.210442 0.189024 0.227879 0.237617 0.222488 0.22237 0.242518 0.254461 0.255275 0.284161 0.292122 0.285426 0.296532 -9999 -9999 -9999 -9999 0.309608 0.313037 0.316542 0.306244 0.239471 0.19525 0.156179 0.158093 -9999 -9999
-9999 -9999 -9999 -9999 0.468307 0.467045 0.458215 0.443197 0.439767 0.422724 0.416906 0.408533 0.397926 0.389523 0.38267 0.373481 0.359975 0.359843 0.3582 0.352342 0.317702 0.277541 0.296838 0.274881 0.212723 0.258536 0.282689 0.260616 0.210495 0.152036 0.12071 0.127466 0 0 -9999 -9999 -9999 0 0.125033 0.129029 0.139848 0.170492 0.194884 0.215382 0.230323 0.235914 0.233631 0.219341 0.203246 0.215113 0.256637 0.269443 0.289587 0.297717 0.291525 0.29447 0.305796 0.312151 0.314385 0.313347 0.314375 0.317099 0.318211 0.308593 0.252474 0.220451 0.201741 0.166564 -9999 -9999
-9999 -9999 -9999 -9999 0.475274 0.471724 0.464934 0.443319 0.428412 0.423047 0.402318 0.399986 0.390831 0.371461 0.373814 0.367781 0.36293 0.357727 0.352161 0.322982 0.283209 0.243734 0.226596 0.227301 0.196965 0.216411 0.240982 0.233891 0.202216 0.150028 0.14204 0.119502 0 0 -9999 -9999 0 0 0.131421 0.153804 0.162221 0.165339 0.195465 0.201171 0.234302 0.233144 0.203871 0.213245 0.205332 0.219867 0.235507 0.243128 0.268815 0.295747 0.301224 0.302765 0.310278 0.31256 0.313856 0.314792 0.311856 0.315607 0.318148 0.313182 0.270979 0.252498 0.233066 0.159973 -9999 -9999
-9999 -9999 -9999 -9999 0.47688 0.473718 0.471113 0.455374 0.448421 0.415066 0.384389 0.386982 0.382469 0.365803 0.353323 0.35862 0.354917 0.352296 0.350252 0.323496 0.293083 0.24638 0.218377 0.19388 0.182156 0.167162 0.18027 0.177021 0.172065 0.177438 0.163236 0.124734 0 0 0 -9999 0 0 0.107041 0.149589 0.177715 0.170824 0.204801 0.2143 0.237238 0.23165 0.217737 0.211473 0.215634 0.217403 0.242657 0.26288 0.278685 0.288067 0.302711 0.306139 0.309205 0.310841 0.312046 0.313402 0.314478 0.315934 0.317158 0.316973 0.299358 0.281621 0.238259 0.160357 -9999 -9999
-9999 -9999 -9999 0.462801 0.477796 0.482827 0.472721 0.459632 0.445715 0.430608 0.406573 0.382815 0.373873 0.364137 0.336572 0.333298 0.334149 0.344818 0.344685 0.344056 0.329011 0.272295 0.248245 0.219822 0.182434 0.169511 0.178751 0.211373 0.209973 0.188281 0.163728 0.12171 0.101038 0 0 0 0 0 0 0.146371 0.183662 0.202087 0.211395 0.228387 0.23956 0.229497 0.225178 0.224988 0.219813 0.223505 0.228442 0.245406 0.261178 0.287978 0.297605 0.305731 0.308266 0.309758 0.310939 0.312249 0.313455 0.314488 0.316538 0.319024 0.321086 0.295673 0.225915 0.179558 -9999 -9999
-9999 -9999 -9999 -9999 0.472834 0.463792 0.446216 0.430099 0.418791 0.409331 0.395943 0.381318 0.375454 0.356287 0.332166 0.30694 0.321981 0.328426 0.336842 0.339491 0.340474 0.289081 0.2654 0.247082 0.211562 0.228666 0.242718 0.244299 0.236566 0.190505 0.144149 0 0 0 0 0 0 0 0.117713 0.13223 0.14375 0.197802 0.214872 0.223374 0.241207 0.228343 0.233215 0.225562 0.235299 0.239612 0.244843 0.212194 0.255804 0.261378 0.288519 0.302761 0.308363 0.309465 0.310519 0.311093 0.31202 0.313189 0.315333 0.317672 0.320381 0.305147 0.216226 0.17848 -9999 -9999
-9999 -9999 -9999 -9999 -9999 -9999 0.4367 0.422782 0.405913 0.393066 0.390008 0.379734 0.369326 0.357245 0.339903 0.311477 0.303704 0.307066 0.28894 0.308146 0.33145 0.33384 0.334028 0.292463 0.273802 0.297612 0.292247 0.259666 0.233532 0.207154 0.152964 0.105422 0 0 0 0 0 0.136475 0.157787 0.14664 0.161458 0.189673 0.222152 0.240373 0.241852 0.228164 0.23502 0.220281 0.246691 0.254176 0.250061 0.246798 0.256303 0.271915 0.279373 0.300661 0.306852 0.310008 0.310357 0.31074 0.31128 0.312296 0.313815 0.316081 0.319006 0.32203 0.230546 0.165001 -9999 -9999
-9999 -9999 -9999 -9999 -9999 -9999 0.418544 0.401033 0.391081 0.401081 0.387932 0.376803 0.360994 0.351328 0.336093 0.311961 0.290215 0.272938 0.252014 0.26692 0.303197 0.326013 0.33132 0.295342 0.319525 0.313972 0.300426 0.257632 0.225613 0.208033 0.155915 0.103778 0 0 0 0 0 0.141955 0.17736 0.192727 0.182284 0.20123 0.238072 0.242462 0.229023 0.235505 0.233916 0.211669 0.247369 0.261583 0.260424 0.26729 0.271115 0.279291 0.290461 0.300576 0.307409 0.309165 0.310178 0.310218 0.310715 0.311725 0.312984 0.315361 0.31819 0.321526 0.264052 0.162415 -9999 -9999
-9999 -9999 -9999 -9999 -9999 -9999 -9999 0.379843 0.385786 0.406147 0.386653 0.367615 0.360697 0.348535 0.330262 0.316402 0.291123 0.260724 0.204163 0.221201 0.254844 0.302311 0.32868 0.328302 0.319354 0.29883 0.245684 0.198663 0.192866 0.184449 0.146099 0.104062 0 0 0.111424 0.139525 0.154104 0.149915 0.180329 0.205843 0.197049 0.219642 0.246404 0.239946 0.238438 0.238424 0.235068 0.240476 0.247939 0.270675 0.264667 0.277026 0.283606 0.286996 0.294071 0.301039 0.307563 0.309458 0.310103 0.310516 0.310406 0.311511 0.312755 0.31471 0.317438 0.320731 0.319523 0.268907 0.239189 -9999
-9999 -9999 -9999 -9999 -9999 -9999 -9999 0.354516 0.346478 0.375001 0.360652 0.365082 0.361357 0.349081 0.325015 0.310521 0.273907 0.262962 0.211237 0.187999 0.211304 0.206431 0.270385 0.327018 0.319186 0.212068 0.173838 0.14628 0.153491 0.152958 0.141494 0 0 0.110526 0.142217 0.166634 0.185132 0.188872 0.188377 0.227636 0.234744 0.249767 0.250321 0.255484 0.240602 0.233633 0.253571 0.247475 0.251416 0.274635 0.263116 0.28379 0.288397 0.287613 0.290548 0.303218 0.307087 0.309373 0.310145 0.310125 0.309853 0.310849 0.312622 0.314585 0.31686 0.320454 0.324149 0.326 0.300945 0.296218
-9999 -9999 -9999 -9999 -9999 -9999 -9999 -9999 0.301782 0.350703 0.353176 0.352662 0.361226 0.351561 0.331765 0.312363 0.27599 0.246041 0.199675 0.147993 0.117964 0.207206 0.285181 0.326877 0.325472 0.236448 0.201768 0.200644 0.221696 0.203329 0.188798 0.13665 0.123473 0.105047 0.115717 0.150166 0.17823 0.20555 0.225731 0.228036 0.242201 0.253096 0.256831 0.262964 0.265055 0.268037 0.258489 0.277297 0.272075 0.283603 0.285277 0.286984 0.290479 0.283586 0.294419 0.303721 0.307372 0.309216 0.309635 0.310025 0.310063 0.309794 0.312363 0.314338 0.31697 0.320011 0.324056 0.332581 0.334725 0.322023
-9999 -9999 -9999 -9999 -9999 -9999 -9999 -9999 0.270046 0.319673 0.324273 0.351002 0.353695 0.35121 0.341775 0.324945 0.296392 0.257252 0.226365 0.167784 0.107754 0.192872 0.277332 0.323037 0.327025 0.254131 0.276245 0.259608 0.266443 0.234636 0.22071 0.2015 0.178972 0.154185 0.127139 0.112523 0.176197 0.208993 0.235705 0.248874 0.257115 0.26236 0.262971 0.264243 0.239959 0.266137 0.274068 0.27739 0.280411 0.284616 0.287586 0.289869 0.294668 0.297934 0.294028 0.304677 0.306572 0.308132 0.309146 0.309569 0.309625 0.309741 0.309975 0.312316 0.317099 0.320015 0.323642 0.332322 0.337413 0.341991
-9999 -9999 -9999 -9999 -9999 -9999 -9999 -9999 0.175991 0.258639 0.305257 0.332757 0.353331 0.352471 0.347981 0.3273 0.312686 0.283945 0.258377 0.220017 0.16256 0.128545 0.186575 0.286834 0.326522 0.326855 0.325363 0.305956 0.288072 0.285348 0.28587 0.255836 0.225977 0.186387 0.17378 0.159777 0.207302 0.213874 0.210795 0.263901 0.265215 0.263907 0.246039 0.226673 0.234184 0.228399 0.247924 0.236457 0.256784 0.274991 0.28481 0.289074 0.293575 0.296758 0.299294 0.303543 0.305624 0.306983 0.307952 0.308672 0.309107 0.309117 0.30955 0.310873 0.313908 0.316012 0.323339 0.332021 0.336898 0.341414
-9999 -9999 -9999 -9999 -9999 -9999 -9999 -9999 0.179022 0.234318 0.290967 0.318158 0.348041 0.347807 0.354084 0.345347 0.329945 0.30432 0.274302 0.242274 0.192524 0.156379 0.204015 0.255587 0.303389 0.323228 0.325787 0.324896 0.320322 0.318878 0.312885 0.299046 0.277517 0.24011 0.219035 0.188214 0.241351 0.247556 0.239755 0.267049 0.266909 0.228467 0.19971 0.19834 0.220633 0.206204 0.211837 0.209732 0.227004 0.265363 0.259086 0.265616 0.287225 0.293472 0.298605 0.301695 0.303757 0.305391 0.306438 0.307479 0.308341 0.308537 0.309178 0.310234 0.311249 0.315688 0.318183 0.326613 0.335662 0.340174
-9999 -9999 -9999 -9999 -9999 -9999 -9999 -9999 0.191612 0.214019 0.264491 0.312534 0.345954 0.354504 0.360023 0.354174 0.336606 0.322487 0.302924 0.274086 0.255073 0.22181 0.175781 0.256426 0.263235 0.287816 0.298177 0.32089 0.320123 0.30929 0.28795 0.299494 0.296227 0.266905 0.257343 0.241122 0.270865 0.271315 0.271088 0.270368 0.23772 0.192231 0.156549 0.185873 0.182873 0.199148 0.16936 0.203282 0.233209 0.246052 0.237746 0.229148 0.274999 0.285636 0.29258 0.297708 0.30156 0.302969 0.304829 0.305778 0.306679 0.307528 0.308259 0.309352 0.310648 0.312373 0.317548 0.326122 0.329857 0.331695
-9999 -9999 -9999 -9999 -9999 -9999 -9999 -9999 -9999 0.191037 0.255055 0.316279 0.346268 0.362654 0.367521 0.361309 0.349997 0.339125 0.325991 0.304505 0.278359 0.237377 0.20724 0.227419 0.230555 0.236038 0.252066 0.298065 0.313559 0.290858 0.223027 0.255964 0.292732 0.292582 0.289903 0.286865 0.284933 0.281433 0.273366 0.250854 0.1803 0.165575 0.139139 0.144364 0.132301 0.167432 0.164606 0.200833 0.218897 0.22834 0.202575 0.215239 0.255342 0.272775 0.273654 0.285033 0.298317 0.300462 0.302274 0.303406 0.304778 0.305997 0.307088 0.305514 0.306827 0.308606 0.313614 0.323023 0.324371 0.327034
-9999 -9999 -9999 -9999 -9999 -9999 -9999 -9999 -9999 0.175352 0.244951 0.320082 0.337501 0.356317 0.372833 0.367283 0.352028 0.338598 0.325974 0.312786 0.280275 0.249131 0.219572 0.209615 0.215362 0.194444 0.220135 0.279997 0.291358 0.286036 0.215128 0.196215 0.245223 0.286468 0.290172 0.286991 0.239608 0.250463 0.225365 0.191214 0.182685 0.168687 0.137856 0.155361 0.133773 0.146427 0.153589 0.175432 0.188019 0.213614 0.191283 0.197354 0.236691 0.257353 0.260776 0.28176 0.290665 0.294443 0.296651 0.298491 0.299931 0.301504 0.30265 0.303837 0.30518 0.306339 0.306688 0.306716 0.282396 0.286533
-9999 -9999 -9999 -9999 -9999 -9999 -9999 -9999 -9999 0.19022 0.235323 0.301303 0.34845 0.343327 0.36372 0.371992 0.355569 0.338819 0.322744 0.314987 0.278982 0.239957 0.208468 0.171388 0.176694 0.202017 0.222983 0.261542 0.268205 0.259862 0.215243 0.230418 0.26405 0.282163 0.287898 0.284404 0.27459 0.269259 0.251022 0.243713 0.218374 0.17832 0.163549 0.175615 0.133695 0.138991 0.157688 0.150986 0.182666 0.199611 0.169285 0.203205 0.236876 0.25546 0.271884 0.280889 0.285763 0.291764 0.29369 0.295652 0.297331 0.298716 0.300188 0.301142 0.302411 0.300804 0.297777 0.268205 0.268995 0.275463
-9999 -9999 -9999 -9999 -9999 -9999 -9999 -9999 -9999 0.204967 0.244916 0.301114 0.332225 0.331032 0.354538 0.375797 0.367707 0.350078 0.342777 0.326237 0.294927 0.260935 0.224166 0.205767 0.164953 0.202858 0.210208 0.242788 0.257869 0.217484 0.205386 0.228546 0.251561 0.26111 0.284351 0.284766 0.278063 0.246998 0.232321 0.239825 0.23425 0.223829 0.196784 0.19713 0.180653 0.175085 0.170128 0.157351 0.175073 0.179533 0.188489 0.225683 0.244401 0.257641 0.269776 0.274667 0.281023 0.288433 0.290741 0.292626 0.294201 0.295871 0.297079 0.297257 0.297852 0.292569 0.281852 0.260073 0.234967 0.266529
-9999 -9999 -9999 -9999 -9999 -9999 -9999 -9999 -9999 0.200748 0.244237 0.290994 0.305477 0.301175 0.349646 0.37756 0.37239 0.361618 0.350553 0.312859 0.312556 0.303637 0.269913 0.221719 0.169012 0.172373 0.203055 0.220813 0.234884 0.177748 0.16357 0.175091 0.209598 0.240553 0.27286 0.281562 0.272968 0.224216 0.172439 0.197778 0.224905 0.225945 0.219626 0.194709 0.187971 0.182188 0.164883 0.141053 0.149986 0.161704 0.205096 0.219231 0.239584 0.256823 0.253566 0.259023 0.27524 0.28529 0.287406 0.28927 0.291207 0.292686 0.293919 0.29268 0.291417 0.288154 0.256369 0.237758 0.217378 0.261034
-9999 -9999 -9999 -9999 -9999 -9999 -9999 -9999 -9999 0.187854 0.216411 0.260721 0.273373 0.300141 0.345494 0.365067 0.372081 0.367245 0.358405 0.33962 0.327564 0.306803 0.271474 0.224092 0.171736 0.137111 0.15224 0.185343 0.197929 0.144957 0.125926 0.151035 0.187773 0.241876 0.273071 0.277863 0.275805 0.266352 0.228764 0.183262 0.184427 0.208823 0.190585 0.169315 0.183262 0.182583 0.165308 0.153325 0.15553 0.165508 0.190683 0.201591 0.224436 0.257003 0.263451 0.264591 0.279294 0.281761 0.28382 0.286021 0.287715 0.289337 0.290763 0.290189 0.286665 0.266153 0.248749 0.223778 0.223194 0.270676
-9999 -9999 -9999 -9999 -9999 -9999 -9999 -9999 -9999 0.162134 0.197552 0.238279 0.27672 0.31359 0.345156 0.341692 0.356706 0.35194 0.358708 0.352222 0.334877 0.316828 0.28592 0.225395 0.174321 0.118863 0.131283 0.190732 0.156242 0.130962 0 0.133754 0.188865 0.238877 0.266248 0.245947 0.268123 0.267099 0.253506 0.226749 0.184747 0.186609 0.155566 0.155422 0.173318 0.18015 0.178955 0.170208 0.162422 0.171499 0.188138 0.1934 0.214315 0.239819 0.264729 0.270402 0.276543 0.278438 0.280195 0.282246 0.284019 0.285332 0.286043 0.285447 0.268533 0.248172 0.236696 0.220124 0.220606 0.268772
