Test_Spring_2018b/11_17/Prec/20171126_023.txt
ncols	170
nrows	115
xllcorner	350000.000000
yllcorner	4445000.000000
cellsize	1000.000000
nodata_value	-9999.000000
[rows 31 to 61 of 115, columns 71 to 141 of 170]
1.37377 1.3698 1.3465 1.33539 1.3353 1.30042 1.28604 1.24309 1.22809 1.20277 1.18734 1.16669 1.13895 1.1234 1.08331 0.969139 0.995987 1.00509 0.971436 0.987758 1.0157 0.990268 0.915812 0.883619 0.831793 0.83892 0.800391 0.758349 -9999 -9999 -9999 -9999 -9999 -9999 -9999 -9999 -9999 -9999 -9999 -9999 -9999 -9999 -9999 -9999 -9999 -9999 -9999 -9999 -9999 -9999 -9999 -9999 -9999 -9999 -9999 -9999 -9999 -9999 -9999 -9999 -9999 -9999 -9999 -9999 -9999 -9999 -9999 -9999 -9999 -9999 -9999
1.37359 1.36247 1.33967 1.34543 1.34903 1.28133 1.25679 1.24866 1.23715 1.21703 1.18525 1.16807 1.1516 1.13936 1.10548 1.02251 0.948204 0.982617 0.981075 0.953262 0.998601 0.972991 0.907943 0.816511 0.865133 0.851495 0.754258 0.734374 -9999 -9999 -9999 -9999 -9999 -9999 -9999 -9999 -9999 -9999 -9999 -9999 -9999 -9999 -9999 -9999 -9999 -9999 -9999 -9999 -9999 -9999 -9999 -9999 -9999 -9999 -9999 -9999 -9999 -9999 -9999 -9999 -9999 -9999 -9999 -9999 -9999 -9999 -9999 -9999 -9999 -9999 -9999
1.37018 1.35359 1.33731 1.35178 1.33858 1.30748 1.27019 1.25283 1.24516 1.23118 1.21212 1.1952 1.1787 1.14979 1.11214 1.04051 0.956465 0.934978 0.971394 0.971126 0.975705 0.951861 0.922485 0.877311 0.912458 0.925491 0.872401 0.789554 0.738068 -9999 -9999 -9999 -9999 -9999 -9999 -9999 -9999 -9999 -9999 -9999 -9999 -9999 -9999 -9999 -9999 -9999 -9999 -9999 -9999 -9999 -9999 -9999 -9999 -9999 -9999 -9999 -9999 -9999 -9999 -9999 -9999 -9999 -9999 -9999 -9999 -9999 -9999 -9999 -9999 -9999 -9999
1.36216 1.34221 1.30498 1.30878 1.30806 1.29356 1.23704 1.22908 1.24993 1.23815 1.22738 1.20545 1.18714 1.16266 1.1264 1.07803 1.02154 0.926888 0.980286 1.02196 1.01886 1.01477 0.993555 0.949857 0.984128 0.984649 0.914429 0.814377 0.778464 0.763752 -9999 -9999 -9999 -9999 -9999 -9999 -9999 -9999 -9999 -9999 -9999 -9999 -9999 -9999 -9999 -9999 -9999 -9999 -9999 -9999 -9999 -9999 -9999 -9999 -9999 -9999 -9999 -9999 -9999 -9999 -9999 -9999 -9999 -9999 -9999 -9999 -9999 -9999 -9999 -9999 -9999
1.34866 1.32871 1.28543 1.28899 1.29742 1.30541 1.27437 1.24494 1.24359 1.24318 1.23285 1.21077 1.16263 1.15041 1.14312 1.10994 1.04619 0.983128 0.96478 1.0295 1.04661 1.04084 1.05421 1.01683 1.03247 1.02428 0.997638 0.914711 0.837824 0.815908 0.77225 -9999 -9999 -9999 -9999 -9999 -9999 -9999 -9999 -9999 -9999 -9999 -9999 -9999 -9999 -9999 -9999 -9999 -9999 -9999 -9999 -9999 -9999 -9999 -9999 -9999 -9999 -9999 -9999 -9999 -9999 -9999 -9999 -9999 -9999 -9999 -9999 -9999 -9999 -9999 -9999
-9999 -9999 -9999 1.25987 1.26603 1.25858 1.26029 1.24425 1.24595 1.24816 1.2379 1.20203 1.18129 1.17385 1.14984 1.11241 1.08791 1.04704 1.00507 1.01756 1.07271 1.04531 1.0842 1.07922 1.08528 1.05689 0.984709 0.906043 0.843289 0.823896 0.788835 -9999 -9999 -9999 -9999 -9999 -9999 -9999 -9999 -9999 -9999 -9999 -9999 -9999 -9999 -9999 -9999 -9999 -9999 -9999 -9999 -9999 -9999 -9999 -9999 -9999 -9999 -9999 -9999 -9999 -9999 -9999 -9999 -9999 -9999 -9999 -9999 -9999 -9999 -9999 -9999
-9999 -9999 -9999 -9999 1.2663 1.25344 1.27873 1.2434 1.24007 1.24951 1.24004 1.22122 1.20608 1.18844 1.16824 1.13917 1.10824 1.0698 1.06385 1.09817 1.09656 1.08705 1.09138 1.10867 1.10231 1.05242 0.966518 0.927464 0.81835 0.785777 0.790134 0.767538 -9999 -9999 -9999 -9999 -9999 -9999 -9999 -9999 -9999 -9999 -9999 -9999 0.84253 -9999 -9999 -9999 -9999 -9999 -9999 -9999 -9999 -9999 -9999 -9999 -9999 -9999 -9999 -9999 -9999 -9999 -9999 -9999 -9999 0.598414 -9999 -9999 -9999 -9999 -9999
-9999 -9999 -9999 1.29328 1.27722 1.28085 1.29027 1.2647 1.23958 1.25143 1.24184 1.22581 1.21009 1.1851 1.17535 1.15714 1.12414 1.11525 1.12483 1.12826 1.13266 1.13481 1.13011 1.12104 1.10986 1.0633 1.02868 1.0054 0.924714 0.86905 0.835902 0.785238 0.745948 -9999 -9999 -9999 -9999 -9999 -9999 -9999 0.837326 0.832265 0.829513 0.836815 0.863899 0.840703 -9999 -9999 -9999 -9999 -9999 -9999 -9999 -9999 -9999 -9999 -9999 -9999 -9999 -9999 -9999 -9999 -9999 -9999 -9999 0.630999 0.584548 -9999 -9999 -9999 -9999
-9999 -9999 -9999 1.28244 1.29156 1.28754 1.29489 1.29255 1.24921 1.24522 1.24236 1.23211 1.21533 1.19508 1.19025 1.16689 1.15332 1.14336 1.15754 1.15901 1.15095 1.14135 1.13277 1.11108 1.10752 1.0824 1.06008 1.02438 0.987941 0.908388 0.839312 0.771825 0.717822 -9999 -9999 -9999 -9999 -9999 -9999 0.854978 0.878354 0.890463 0.852851 0.876595 0.897508 0.88797 0.849708 -9999 -9999 -9999 -9999 -9999 -9999 -9999 -9999 -9999 -9999 -9999 -9999 -9999 -9999 0.848259 0.802367 0.713003 0.66449 0.632902 0.589734 -9999 -9999 -9999 -9999
-9999 -9999 -9999 1.28486 1.29712 1.29932 1.29946 1.28477 1.26233 1.24729 1.24021 1.23029 1.22073 1.21198 1.19025 1.17935 1.151 1.17355 1.17107 1.16358 1.13783 1.12608 1.08277 1.06312 1.04181 1.0761 1.04889 0.993455 0.924688 0.824524 0.813175 0.78826 0.740719 -9999 -9999 -9999 -9999 -9999 -9999 0.872461 0.897325 0.916647 0.915209 0.876582 0.916986 0.902439 0.869436 0.856623 0.871264 0.875916 0.856764 0.866771 0.870563 0.856213 0.866461 -9999 -9999 -9999 -9999 0.865031 0.864116 0.86216 0.840713 0.74329 0.674621 0.611823 0.597451 -9999 -9999 -9999 -9999
-9999 -9999 -9999 1.31347 1.31222 1.30141 1.28286 1.2801 1.25492 1.24167 1.23519 1.22421 1.21598 1.20943 1.19923 1.18261 1.18291 1.18041 1.17158 1.12403 1.06875 1.09197 1.05907 0.979902 1.02945 1.05927 1.02862 0.961648 0.884498 0.842695 0.838682 0.803629 0.761846 -9999 -9999 -9999 0.811574 0.851753 0.854249 0.863985 0.898197 0.92249 0.934344 0.942753 0.939253 0.906746 0.873439 0.838129 0.840585 0.88335 0.88936 0.879493 0.883464 0.869997 0.873639 0.885379 0.891017 0.891256 0.88681 0.884368 0.883143 0.878549 0.858415 0.769672 0.716548 0.679909 0.599108 -9999 -9999 -9999 -9999
-9999 -9999 -9999 1.32657 1.32236 1.31432 1.28797 1.27011 1.26526 1.23678 1.22959 1.22095 1.19859 1.20457 1.19881 1.19381 1.18744 1.17966 1.13978 1.08517 1.03048 1.00514 1.00828 0.965803 0.980976 1.01136 0.998625 0.961288 0.892652 0.883357 0.854831 0.787259 0.729069 -9999 -9999 0.740648 0.818959 0.873426 0.900442 0.906901 0.904303 0.935571 0.932865 0.965132 0.952781 0.884878 0.882272 0.847069 0.85176 0.86108 0.859738 0.875965 0.889001 0.891098 0.889393 0.896636 0.897547 0.897256 0.8961 0.888983 0.889523 0.88702 0.873011 0.808129 0.77318 0.732904 0.606506 -9999 -9999 -9999 -9999
-9999 -9999 -9999 1.33253 1.32898 1.3266 1.3073 1.30006 1.25814 1.21707 1.22395 1.21538 1.19696 1.18361 1.19309 1.18975 1.18683 1.18364 1.14679 1.10433 1.03978 0.999731 0.968765 0.950769 0.924484 0.93994 0.934494 0.927635 0.935338 0.916677 0.867657 0.833437 0.76135 0.727179 -9999 0.752075 0.788481 0.853428 0.907345 0.939842 0.923673 0.959477 0.961011 0.981024 0.959583 0.911311 0.886202 0.87623 0.86377 0.883382 0.887873 0.890892 0.89528 0.896536 0.897689 0.899594 0.900331 0.90066 0.900783 0.899607 0.897581 0.8936 0.885954 0.853416 0.817262 0.746871 0.613805 -9999 -9999 -9999 -9999
-9999 -9999 1.31498 1.33601 1.3434 1.33121 1.31553 1.29921 1.28172 1.24993 1.22208 1.21379 1.19982 1.16675 1.16507 1.16787 1.18257 1.18184 1.17943 1.15711 1.07905 1.04761 1.00988 0.958291 0.931533 0.941804 0.983861 0.9818 0.953843 0.923052 0.869745 0.845006 0.805701 0.722861 0.733938 0.773959 0.803489 0.847996 0.91419 0.958813 0.975918 0.97859 0.99163 0.992906 0.962464 0.927203 0.909885 0.886318 0.875224 0.866838 0.875713 0.878319 0.895983 0.902393 0.900076 0.901788 0.902979 0.903996 0.904777 0.904417 0.902339 0.899773 0.895766 0.888229 0.842861 0.734194 0.643511 -9999 -9999 -9999 -9999
-9999 -9999 -9999 1.33136 1.32022 1.29823 1.27865 1.2659 1.25599 1.23867 1.22298 1.21883 1.19696 1.16523 1.13461 1.15628 1.16539 1.17592 1.17775 1.1765 1.10945 1.07571 1.04911 0.999974 1.01319 1.0298 1.03078 1.02041 0.960323 0.900864 0.822485 0.761178 0.761683 0.730371 0.749571 0.777335 0.842371 0.887445 0.904689 0.915233 0.979363 0.993899 0.99082 1.0002 0.96754 0.943938 0.915659 0.910758 0.899435 0.890443 0.832719 0.871792 0.869101 0.8971 0.905054 0.904468 0.905694 0.907174 0.907629 0.907508 0.906115 0.904027 0.899614 0.891006 0.858627 0.726832 0.647338 -9999 -9999 -9999 -9999
-9999 -9999 -9999 -9999 -9999 1.28744 1.27085 1.2508 1.23647 1.23306 1.22318 1.21306 1.20045 1.18036 1.14385 1.13534 1.14037 1.11574 1.13994 1.17013 1.17115 1.16904 1.11169 1.07843 1.10723 1.09815 1.05392 1.01925 0.98531 0.9156 0.8556 0.78494 0.732978 0.734581 0.799437 0.852149 0.918113 0.947181 0.930645 0.945648 0.975482 1.00821 1.01964 1.00693 0.97262 0.951299 0.912828 0.929173 0.921221 0.899045 0.879464 0.873006 0.883083 0.884648 0.906765 0.910959 0.908595 0.909614 0.910331 0.910204 0.909058 0.90501 0.900403 0.894193 0.885807 0.750274 0.633855 -9999 -9999 -9999 -9999
-9999 -9999 -9999 -9999 -9999 1.26494 1.24362 1.23275 1.24867 1.23199 1.22096 1.20365 1.19419 1.17686 1.14706 1.11943 1.09712 1.06924 1.08793 1.13432 1.16246 1.16724 1.1174 1.14111 1.1311 1.11124 1.05354 1.01112 0.988862 0.921924 0.855925 0.810067 0.74567 0.778503 0.814022 0.858116 0.929262 0.977153 0.995614 0.977527 0.995135 1.03364 1.02668 0.994053 0.986205 0.953553 0.904687 0.932834 0.933263 0.914455 0.907737 0.893445 0.893243 0.899377 0.906468 0.911411 0.911518 0.911019 0.911599 0.911762 0.910312 0.90712 0.902854 0.896612 0.888626 0.797996 0.633778 -9999 -9999 -9999 -9999
-9999 -9999 -9999 -9999 -9999 -9999 1.21688 1.22701 1.25659 1.23145 1.20983 1.20419 1.19131 1.16985 1.15357 1.12141 1.08166 1.00651 1.02811 1.07113 1.13208 1.16494 1.16242 1.14244 1.11275 1.04057 0.97735 0.969666 0.959522 0.910749 0.858051 0.806562 0.841907 0.880294 0.921705 0.944527 0.941364 0.982457 1.0147 0.998664 1.02126 1.0466 1.02545 1.00877 0.992421 0.957485 0.945187 0.935837 0.947378 0.921922 0.922204 0.911346 0.904499 0.90492 0.907595 0.911942 0.912128 0.912176 0.912846 0.912199 0.911318 0.908315 0.903704 0.897526 0.889646 0.873624 0.777051 0.718653 -9999 -9999 -9999
-9999 -9999 -9999 -9999 -9999 -9999 1.18443 1.17597 1.21623 1.19771 1.20698 1.20537 1.19216 1.16288 1.14592 1.09884 1.08478 1.01639 0.984182 1.0137 1.00559 1.08845 1.16168 1.14329 0.999153 0.946873 0.909508 0.919055 0.919278 0.905952 0.821707 0.803946 0.875142 0.921214 0.957437 0.985187 0.992328 0.992419 1.04335 1.04759 1.06042 1.0514 1.04605 1.0121 0.986982 0.98314 0.955975 0.942253 0.954636 0.921999 0.933317 0.919763 0.907231 0.901958 0.911934 0.912508 0.912968 0.912748 0.912793 0.912585 0.910209 0.908037 0.903652 0.897159 0.890003 0.880813 0.853891 0.801976 0.776484 0.781247 -9999
-9999 -9999 -9999 -9999 -9999 -9999 -9999 1.11757 1.18466 1.18811 1.19059 1.205 1.19502 1.17344 1.14885 1.10145 1.06224 1.00101 0.93252 0.889897 1.00666 1.10839 1.16214 1.15227 1.03236 0.98497 0.9827 1.01057 0.987069 0.969465 0.902867 0.888495 0.867589 0.885346 0.935674 0.974331 1.01237 1.03962 1.04154 1.05723 1.06197 1.05764 1.05419 1.04341 1.0322 0.989728 0.996279 0.97108 0.968538 0.95381 0.940337 0.925368 0.904754 0.909819 0.915109 0.915088 0.913692 0.913155 0.913371 0.913256 0.912193 0.906266 0.9021 0.896425 0.888997 0.880812 0.862971 0.847709 0.812259 0.768594 0.716646
-9999 -9999 -9999 -9999 -9999 -9999 -9999 1.07615 1.14399 1.14985 1.18812 1.19782 1.19767 1.18648 1.16523 1.12817 1.07683 1.03617 0.95866 0.879126 0.992058 1.09813 1.15751 1.16183 1.05645 1.08446 1.06176 1.07079 1.02937 1.0123 0.988938 0.961703 0.931823 0.901243 0.882402 0.968982 1.01384 1.04944 1.06559 1.07347 1.07548 1.06896 1.0528 1.00797 1.02844 1.00962 0.996701 0.98337 0.971978 0.959679 0.947543 0.934498 0.927498 0.913033 0.920169 0.915334 0.914446 0.914159 0.913873 0.913277 0.912307 0.910448 0.904188 0.894801 0.88776 0.87971 0.86235 0.851892 0.840203 0.823424 0.757673
-9999 -9999 -9999 -9999 -9999 -9999 -9999 0.952111 1.06346 1.12948 1.16784 1.19889 1.19917 1.19443 1.16803 1.14942 1.11189 1.07836 1.02775 0.951778 0.906824 0.984217 1.1172 1.16184 1.15326 1.15023 1.12396 1.10026 1.0972 1.09899 1.06089 1.02704 0.976427 0.958798 0.942378 1.00699 1.01663 1.01243 1.08128 1.07999 1.07353 1.04338 1.00855 1.00819 0.97669 0.973771 0.942505 0.953243 0.961439 0.959129 0.950382 0.937263 0.931466 0.925225 0.919807 0.91749 0.915808 0.914835 0.914282 0.913554 0.911896 0.909894 0.907707 0.897774 0.89178 0.8784 0.861306 0.851645 0.840952 0.830417 0.812509
-9999 -9999 -9999 -9999 -9999 -9999 -9999 0.962443 1.03365 1.11046 1.15082 1.19184 1.19284 1.20229 1.19166 1.17201 1.13865 1.09932 1.05723 0.991612 0.944001 1.00735 1.07655 1.14031 1.1574 1.15146 1.14982 1.14372 1.14707 1.13965 1.12235 1.09496 1.04295 1.01667 0.977346 1.04879 1.05743 1.0466 1.08107 1.07785 1.02243 0.978276 0.96882 0.987571 0.957457 0.936293 0.907039 0.914995 0.951038 0.931709 0.926132 0.935289 0.932418 0.92469 0.921741 0.919047 0.917201 0.915679 0.914841 0.913979 0.911949 0.909747 0.906916 0.902533 0.890096 0.883209 0.865705 0.850449 0.84093 0.831168 0.820054
-9999 -9999 -9999 -9999 -9999 -9999 -9999 0.985396 1.00684 1.07529 1.1435 1.1891 1.20164 1.21002 1.20319 1.18069 1.16262 1.13723 1.09948 1.0747 1.03106 0.970557 1.07783 1.08808 1.11105 1.13037 1.1603 1.15919 1.14482 1.10733 1.12316 1.11494 1.07715 1.06552 1.04492 1.08482 1.08535 1.08419 1.08137 1.0351 0.970545 0.917618 0.94939 0.937029 0.946566 0.878785 0.91637 0.941609 0.943958 0.907184 0.882581 0.924362 0.920991 0.9216 0.921271 0.920643 0.918007 0.916935 0.915273 0.913759 0.911961 0.909378 0.90628 0.902172 0.897155 0.881963 0.864574 0.855906 0.846969 0.838046 0.822508
-9999 -9999 -9999 -9999 -9999 -9999 -9999 -9999 0.98237 1.07186 1.15404 1.19474 1.21733 1.22457 1.21708 1.20279 1.18907 1.17237 1.14464 1.1108 1.05738 1.01837 1.04602 1.05219 1.04892 1.07006 1.13089 1.15133 1.12124 1.03206 1.06965 1.11838 1.11826 1.11476 1.11065 1.10093 1.09579 1.08392 1.05207 0.955605 0.938894 0.898814 0.899428 0.875896 0.911143 0.878007 0.913414 0.924212 0.923333 0.875891 0.872719 0.904503 0.917168 0.909165 0.916374 0.921198 0.919112 0.917409 0.915342 0.913791 0.911877 0.909283 0.907974 0.903919 0.899151 0.882206 0.86454 0.853275 0.842953 0.830184 0.827942
-9999 -9999 -9999 -9999 -9999 -9999 -9999 -9999 0.96559 1.05895 1.15953 1.1836 1.20943 1.23214 1.22558 1.20613 1.18909 1.17314 1.15647 1.11426 1.07392 1.03572 1.02352 1.03213 0.994646 1.02867 1.10792 1.12295 1.11587 1.01608 0.990856 1.05558 1.11 1.11463 1.10999 1.04657 1.05989 1.0251 0.977684 0.963416 0.94101 0.895319 0.912566 0.876966 0.885632 0.863049 0.88052 0.885232 0.906918 0.86517 0.854229 0.884641 0.902147 0.897861 0.917913 0.923039 0.922353 0.920392 0.918515 0.916389 0.914399 0.911482 0.907955 0.903718 0.89813 0.890251 0.863889 0.799135 0.791851 0.797038 0.801652
-9999 -9999 -9999 -9999 -9999 -9999 -9999 -9999 0.985805 1.0467 1.13516 1.19861 1.19277 1.22066 1.23245 1.21152 1.19016 1.1697 1.16029 1.11352 1.0628 1.02211 0.974051 0.982141 1.01674 1.0335 1.08463 1.09351 1.08248 1.01697 1.03678 1.08099 1.10458 1.11167 1.10634 1.09239 1.08402 1.0581 1.04607 1.00949 0.952639 0.9284 0.938774 0.876729 0.876277 0.892702 0.849415 0.880434 0.891716 0.840412 0.855203 0.889709 0.904996 0.918271 0.922616 0.922362 0.924393 0.921684 0.919484 0.917134 0.914358 0.911395 0.907199 0.902663 0.893404 0.881262 0.832946 0.783331 0.780092 0.793082 0.803698
-9999 -9999 -9999 -9999 -9999 -9999 -9999 -9999 1.00588 1.05994 1.13545 1.17767 1.17707 1.20912 1.23816 1.22833 1.20586 1.19709 1.17612 1.13563 1.09164 1.04402 1.02077 0.967865 1.0192 1.01783 1.06116 1.08127 1.02126 1.00498 1.03532 1.06539 1.07753 1.10763 1.1073 1.09728 1.05465 1.03328 1.04076 1.0303 1.01274 0.972403 0.96753 0.939564 0.925242 0.910985 0.859668 0.873076 0.868721 0.857243 0.889141 0.904464 0.913157 0.921086 0.920153 0.921868 0.925618 0.923134 0.920453 0.917529 0.914688 0.910977 0.905443 0.899833 0.885686 0.863519 0.825867 0.740738 0.771532 0.803963 0.798819
-9999 -9999 -9999 -9999 -9999 -9999 -9999 -9999 1.00087 1.0596 1.12261 1.14284 1.13815 1.20329 1.24119 1.23528 1.22196 1.20827 1.15935 1.15999 1.14926 1.10575 1.04312 0.974561 0.980257 1.00893 1.03363 1.05254 0.970022 0.951037 0.965995 1.01128 1.05171 1.09375 1.1043 1.09166 1.0255 0.95491 0.985928 1.01875 1.01639 1.00361 0.965492 0.950717 0.936504 0.906392 0.845448 0.842963 0.848942 0.87549 0.88483 0.902836 0.917246 0.905104 0.905102 0.919924 0.927093 0.924166 0.921181 0.918405 0.914965 0.910963 0.903293 0.895059 0.883545 0.833581 0.800374 0.740837 0.767875 0.788399 0.772635
-9999 -9999 -9999 -9999 -9999 -9999 -9999 -9999 0.984369 1.02333 1.08311 1.10093 1.1374 1.19845 1.22535 1.23562 1.23022 1.21953 1.19572 1.18086 1.15453 1.10898 1.04752 0.979521 0.935039 0.956452 0.988466 0.997779 0.928319 0.903015 0.936054 0.984356 1.05548 1.09606 1.10143 1.09742 1.08325 1.0314 0.968582 0.967008 0.995595 0.967097 0.933925 0.946727 0.939536 0.909804 0.886602 0.853796 0.843188 0.860229 0.86576 0.887481 0.922542 0.923528 0.917999 0.930906 0.928026 0.924923 0.922206 0.918878 0.915368 0.91137 0.904361 0.892979 0.858557 0.827667 0.786186 0.776474 0.784576 0.786055 0.784697
-9999 -9999 -9999 -9999 -9999 -9999 -9999 -9999 0.950885 0.998937 1.05398 1.10596 1.15583 1.19866 1.1951 1.216 1.21073 1.22077 1.2133 1.19152 1.16886 1.12925 1.05049 0.984307 0.912377 0.930357 0.99655 0.945181 0.911846 0.849364 0.915559 0.988334 1.05417 1.0898 1.06202 1.09014 1.08715 1.06708 1.02907 0.970319 0.969058 0.923611 0.918446 0.936552 0.939431 0.931172 0.912495 0.872079 0.854559 0.860858 0.859238 0.878721 0.904718 0.930394 0.931059 0.932757 0.929174 0.925654 0.922654 0.919291 0.915197 0.910062 0.902842 0.873575 0.839249 0.816168 0.785846 0.777666 0.807695 0.7941 0.786563
