Test_Spring_2018b/11_17/Prec/20171111_000.txt
ncols	170
nrows	115
xllcorner	350000.000000
yllcorner	4445000.000000
cellsize	1000.000000
nodata_value	-9999.000000
[rows 34 to 67 of 115, columns 76 to 151 of 170]
0.370015 0.369085 0.372126 0.404086 0.401975 0.400062 0.385824 0.37434 0.355593 0.323884 0.27893 0.2249 0.131163 0.188245 0.232855 0.231279 0.2284 0.207785 0.164031 0.19992 0.20124 0.142367 0 0 0 -9999 -9999 -9999 -9999 -9999 -9999 -9999 -9999 -9999 -9999 -9999 -9999 -9999 -9999 -9999 -9999 -9999 -9999 -9999 -9999 -9999 -9999 -9999 -9999 -9999 -9999 -9999 -9999 -9999 -9999 -9999 -9999 -9999 -9999 -9999 -9999 -9999 -9999 -9999 -9999 -9999 -9999 -9999 -9999 -9999 -9999 -9999 -9999 -9999 -9999 -9999
0.354942 0.360248 0.378333 0.387554 0.396922 0.395226 0.380537 0.338227 0.331707 0.329362 0.29975 0.238203 0.17678 0.1606 0.228974 0.248334 0.24404 0.259105 0.222093 0.239154 0.231715 0.21024 0.146137 0 0 0 -9999 -9999 -9999 -9999 -9999 -9999 -9999 -9999 -9999 -9999 -9999 -9999 -9999 -9999 -9999 -9999 -9999 -9999 -9999 -9999 -9999 -9999 -9999 -9999 -9999 -9999 -9999 -9999 -9999 -9999 -9999 -9999 -9999 -9999 -9999 -9999 -9999 -9999 -9999 -9999 -9999 -9999 -9999 -9999 -9999 -9999 -9999 -9999 -9999 -9999
0.302941 0.336313 0.368137 0.380713 0.392839 0.391165 0.36223 0.347719 0.345839 0.326141 0.291979 0.270408 0.231604 0.191274 0.206316 0.264723 0.2385 0.279864 0.276186 0.283612 0.255603 0.19941 0.127574 0 0 0 -9999 -9999 -9999 -9999 -9999 -9999 -9999 -9999 -9999 -9999 -9999 -9999 -9999 -9999 -9999 -9999 -9999 -9999 -9999 -9999 -9999 -9999 -9999 -9999 -9999 -9999 -9999 -9999 -9999 -9999 -9999 -9999 -9999 -9999 -9999 -9999 -9999 -9999 -9999 -9999 -9999 -9999 -9999 -9999 -9999 -9999 -9999 -9999 -9999 -9999
0.288505 0.328887 0.358472 0.366383 0.386204 0.385477 0.373956 0.365051 0.352533 0.336494 0.31062 0.282258 0.245763 0.24217 0.279508 0.279903 0.272049 0.278189 0.297405 0.292227 0.247934 0.171525 0.131958 0 0 0 0 -9999 -9999 -9999 -9999 -9999 -9999 -9999 -9999 -9999 -9999 -9999 -9999 0 -9999 -9999 -9999 -9999 -9999 -9999 -9999 -9999 -9999 -9999 -9999 -9999 -9999 -9999 -9999 -9999 -9999 -9999 -9999 -9999 0 -9999 -9999 -9999 -9999 -9999 -9999 -9999 -9999 -9999 -9999 -9999 -9999 -9999 -9999 -9999
0.308076 0.333372 0.33883 0.358643 0.381433 0.380875 0.372325 0.362781 0.342577 0.336974 0.321913 0.29114 0.284602 0.29668 0.302285 0.308748 0.31281 0.309742 0.302034 0.291965 0.261121 0.226506 0.203051 0.128898 0 0 0 0 -9999 -9999 -9999 -9999 -9999 -9999 -9999 0 0 0 0 0 0 -9999 -9999 -9999 -9999 -9999 -9999 -9999 -9999 -9999 -9999 -9999 -9999 -9999 -9999 -9999 -9999 -9999 -9999 -9999 0 0 -9999 -9999 -9999 -9999 -9999 -9999 -9999 -9999 -9999 -9999 -9999 -9999 -9999 -9999
0.307248 0.331834 0.345701 0.362434 0.369705 0.376484 0.374064 0.363456 0.34796 0.347122 0.326465 0.315187 0.307198 0.323666 0.327009 0.320552 0.312477 0.305381 0.284745 0.282463 0.272775 0.250771 0.214584 0.177121 0.123701 0 0 0 -9999 -9999 -9999 -9999 -9999 -9999 0 0 0 0 0 0.113973 0.108941 0 -9999 -9999 -9999 -9999 -9999 -9999 -9999 -9999 -9999 -9999 -9999 -9999 -9999 -9999 0.133083 0 0 0 0 0 -9999 -9999 -9999 -9999 -9999 -9999 -9999 -9999 -9999 -9999 -9999 -9999 -9999 -9999
0.312422 0.331277 0.334068 0.357525 0.367869 0.370893 0.369138 0.365987 0.362132 0.343719 0.335418 0.308589 0.333401 0.332402 0.326217 0.301386 0.290903 0.248136 0.229506 0.222838 0.259245 0.232267 0.175857 0.105204 0 0 0 0 -9999 -9999 -9999 -9999 -9999 -9999 0 0 0.109593 0.112724 0 0.125246 0.119742 0 0 0.106289 0.116202 0.107499 0.131814 0.138141 0.125196 0.136839 -9999 -9999 -9999 -9999 0.13965 0.140646 0.14126 0.122673 0 0 0 0 -9999 -9999 -9999 -9999 -9999 -9999 -9999 -9999 -9999 -9999 -9999 -9999 -9999 -9999
0.308491 0.310077 0.326795 0.347482 0.359525 0.368016 0.364958 0.362802 0.360705 0.353524 0.338765 0.340631 0.339254 0.331277 0.283734 0.228384 0.25343 0.218739 0.146141 0.203883 0.235759 0.205261 0.137 0 0 0 0 0 -9999 -9999 -9999 0 0 0 0 0 0.102569 0.122131 0.136797 0.13352 0.116925 0 0 0 0.120056 0.131274 0.140746 0.147362 0.135264 0.1396 0.152058 0.158049 0.158548 0.154525 0.15304 0.153454 0.151191 0.133854 0 0 0 0 -9999 -9999 -9999 -9999 -9999 -9999 -9999 -9999 -9999 -9999 -9999 -9999 -9999 -9999
0.29851 0.321254 0.323372 0.337109 0.348159 0.361525 0.361228 0.344729 0.355315 0.352354 0.349021 0.343527 0.336202 0.29593 0.240692 0.185555 0.160624 0.170723 0.12874 0.150868 0.183263 0.169078 0.129775 0 0 0 0 0 -9999 -9999 0 0 0 0 0 0 0.105929 0.108905 0.148384 0.136997 0 0 0 0 0 0 0.125214 0.149521 0.153179 0.152138 0.159679 0.160455 0.160013 0.158986 0.152424 0.154458 0.154278 0.143292 0 0 0 0 -9999 -9999 -9999 -9999 -9999 -9999 -9999 -9999 -9999 -9999 -9999 -9999 -9999 -9999
0.317201 0.320487 0.335312 0.330808 0.328668 0.348291 0.35617 0.343821 0.334522 0.346824 0.34472 0.342195 0.338965 0.301216 0.257874 0.192204 0.151886 0.126034 0.108967 0 0.10466 0 0 0 0 0 0 0 0 -9999 0 0 0 0 0 0 0.121039 0.129033 0.151465 0.137339 0.105141 0 0 0 0.110733 0.125955 0.1385 0.146161 0.155919 0.157579 0.159326 0.159519 0.159279 0.159156 0.158335 0.157516 0.155732 0.151304 0.122521 0 0 0 -9999 -9999 -9999 -9999 -9999 -9999 -9999 -9999 -9999 -9999 -9999 -9999 -9999 -9999
0.318163 0.326933 0.334246 0.339016 0.346508 0.348384 0.350304 0.348159 0.318597 0.319192 0.32292 0.337868 0.336568 0.33346 0.31017 0.230219 0.202087 0.164291 0.112584 0 0.102754 0.146338 0.144103 0.114593 0 0 0 0 0 0 0 0 0 0 0.102114 0.123746 0.132208 0.148036 0.157022 0.137506 0.118674 0.110515 0 0 0 0.107365 0.119586 0.145553 0.154221 0.157507 0.158731 0.15899 0.159024 0.159161 0.158824 0.157701 0.157236 0.156542 0.152247 0.111717 0 0 -9999 -9999 -9999 -9999 -9999 -9999 -9999 -9999 -9999 -9999 -9999 -9999 -9999 -9999
0.281207 0.287527 0.30005 0.314129 0.336655 0.337252 0.346657 0.343358 0.318564 0.289323 0.311954 0.320711 0.330402 0.331087 0.328842 0.262221 0.228126 0.201641 0.152263 0.171435 0.18951 0.191042 0.180256 0.117814 0 0 0 0 0 0 0 0 0 0 0 0.119816 0.137355 0.143787 0.16186 0.137672 0.1312 0.112573 0.117394 0.114942 0.113969 0 0.111797 0.113225 0.144716 0.156922 0.159171 0.159112 0.159234 0.158658 0.15823 0.157553 0.157428 0.155277 0.154019 0.127433 0 0 -9999 -9999 -9999 -9999 -9999 -9999 -9999 -9999 -9999 -9999 -9999 -9999 -9999 -9999
0.267356 0.277908 0.284193 0.294976 0.33199 0.339434 0.343464 0.34162 0.328818 0.299837 0.291323 0.29554 0.268849 0.29198 0.322964 0.323619 0.32157 0.263399 0.23415 0.264944 0.256671 0.211934 0.176255 0.140511 0 0 0 0 0 0 0 0 0 0 0 0.109427 0.14902 0.168382 0.164225 0.138786 0.134957 0.10647 0.133574 0.135102 0.121146 0.108733 0.11204 0.126786 0.131403 0.155718 0.160559 0.160015 0.159366 0.158753 0.158039 0.157386 0.155902 0.154948 0.153902 0.152051 0 0 -9999 -9999 -9999 -9999 -9999 -9999 -9999 -9999 -9999 -9999 -9999 -9999 -9999 -9999
0.241861 0.248279 0.264704 0.307208 0.330886 0.337778 0.334994 0.336788 0.327055 0.301244 0.27532 0.251373 0.221374 0.23898 0.285259 0.31339 0.318127 0.267413 0.296161 0.287148 0.267779 0.209216 0.165585 0.14178 0 0 0 0 0 0 0 0 0.101037 0.12036 0.103663 0.125954 0.171507 0.172173 0.14782 0.149657 0.134401 0 0.135127 0.145569 0.135393 0.136453 0.131899 0.136348 0.145789 0.154817 0.160429 0.160135 0.159127 0.158181 0.157572 0.156788 0.155609 0.154965 0.153918 0.152575 0 0 -9999 -9999 -9999 -9999 -9999 -9999 -9999 -9999 -9999 -9999 -9999 -9999 -9999 -9999
-9999 0.218811 0.25693 0.31366 0.328863 0.325236 0.334664 0.333219 0.31947 0.307617 0.276423 0.234913 0.156505 0.17697 0.219665 0.281165 0.314425 0.31193 0.295846 0.266585 0.193619 0.129351 0.121239 0.109848 0 0 0 0 0 0 0 0 0.104941 0.137954 0.12369 0.151003 0.183006 0.169084 0.160981 0.154102 0.136513 0.135181 0.136442 0.158369 0.141537 0.149915 0.148982 0.14679 0.150526 0.155145 0.160219 0.160035 0.159034 0.158377 0.156947 0.156538 0.155484 0.154435 0.153416 0.152168 0.143899 0 0 -9999 -9999 -9999 -9999 -9999 -9999 -9999 -9999 -9999 -9999 -9999 -9999 -9999
-9999 0.183075 0.201824 0.2692 0.291257 0.319173 0.332755 0.331058 0.30944 0.297063 0.251016 0.235831 0.163286 0.131037 0.159911 0.150715 0.235025 0.309862 0.295357 0.148939 0 0 0 0 0 0 0 0 0 0 0.113207 0.117074 0.115399 0.167343 0.174053 0.191214 0.187865 0.189845 0.163814 0.147706 0.161763 0.145017 0.141642 0.16432 0.140082 0.159732 0.1561 0.148179 0.146204 0.158419 0.15977 0.159994 0.158953 0.157693 0.156397 0.155186 0.154957 0.154072 0.152631 0.151996 0.150574 0.137901 0 0 0 -9999 -9999 -9999 -9999 -9999 -9999 -9999 -9999 -9999 -9999 -9999
-9999 -9999 0.138206 0.23225 0.27677 0.297364 0.327107 0.328629 0.316312 0.295803 0.249198 0.208631 0.143759 0 0 0.150729 0.254316 0.309173 0.30347 0.181707 0.133913 0.131884 0.160148 0.135239 0.115669 0 0 0 0 0 0.103223 0.139182 0.165422 0.167277 0.184866 0.194586 0.195709 0.199218 0.196425 0.194069 0.168339 0.185614 0.170105 0.17719 0.171013 0.165131 0.160051 0.143873 0.152552 0.160117 0.161047 0.160087 0.158678 0.157819 0.156821 0.155453 0.153896 0.153161 0.1524 0.151261 0.150585 0.14701 0.141324 0.115245 0 0 -9999 -9999 -9999 -9999 -9999 -9999 -9999 -9999 -9999 -9999
-9999 -9999 0 0.184725 0.231652 0.288195 0.314915 0.326431 0.322767 0.305893 0.270221 0.217713 0.174421 0 0 0.130371 0.242782 0.303393 0.307878 0.205382 0.234617 0.211649 0.220672 0.177526 0.158691 0.143838 0.111353 0 0 0 0.100177 0.143418 0.178384 0.194862 0.20438 0.209414 0.206204 0.199897 0.161696 0.191096 0.189181 0.185894 0.181935 0.179461 0.175352 0.170517 0.167347 0.165029 0.153779 0.162064 0.160669 0.159827 0.159008 0.157975 0.156797 0.155784 0.154726 0.153055 0.152005 0.150955 0.150026 0.146681 0.145381 0.143071 0.135544 0 0 0 0 -9999 -9999 -9999 -9999 -9999 -9999 -9999
-9999 -9999 0 0 0.206025 0.262 0.308855 0.319714 0.322631 0.3007 0.284306 0.246488 0.211157 0.157238 0 0 0.119413 0.254337 0.306921 0.303624 0.301039 0.274391 0.249953 0.24614 0.246775 0.217959 0.173561 0.118286 0 0 0.14218 0.149761 0.144253 0.214696 0.214763 0.210898 0.184104 0.15261 0.158548 0.139566 0.153492 0.130655 0.150593 0.167519 0.173091 0.171294 0.167944 0.164194 0.161895 0.162528 0.1614 0.160097 0.15898 0.158088 0.157165 0.155772 0.154798 0.154626 0.151819 0.150725 0.14964 0.146261 0.14513 0.143183 0.141399 0.131847 0.117967 0 0 0 -9999 -9999 -9999 -9999 -9999 -9999
-9999 -9999 0 0 0.178906 0.23828 0.292996 0.304252 0.321606 0.316004 0.298974 0.266037 0.225514 0.181103 0.111999 0 0.123592 0.211622 0.276091 0.299161 0.301641 0.300136 0.293728 0.288431 0.28041 0.274964 0.244016 0.191536 0.161325 0.117999 0.188433 0.195366 0.183321 0.21869 0.216699 0.162515 0.120999 0.116012 0.139745 0.115498 0.110655 0 0.111085 0.155787 0.138829 0.140384 0.160295 0.162457 0.16326 0.16268 0.16144 0.160341 0.159095 0.158361 0.157725 0.156308 0.155384 0.154682 0.153388 0.15045 0.149233 0.145275 0.144037 0.142567 0.140858 0.137567 0.13399 0.136097 0.131692 0 0 -9999 -9999 -9999 -9999 -9999
-9999 -9999 0 0 0.135078 0.222637 0.281383 0.304074 0.320254 0.318721 0.299195 0.282509 0.256986 0.217843 0.191338 0.145233 0 0.190158 0.221831 0.251304 0.261508 0.292124 0.291034 0.27636 0.262752 0.27657 0.270146 0.228636 0.213921 0.190251 0.228877 0.227878 0.225947 0.22326 0.177159 0.113385 0 0 0 0.106042 0 0 0.126467 0.136746 0.112043 0 0.146605 0.154053 0.158142 0.160372 0.161508 0.159963 0.159603 0.158476 0.157596 0.156774 0.155715 0.154869 0.153842 0.152794 0.14907 0.145022 0.143447 0.141625 0.140688 0.138688 0.137413 0.136096 0.132515 0.119265 0 0 -9999 -9999 -9999 -9999
-9999 -9999 -9999 0 0.11503 0.213651 0.267884 0.301469 0.317198 0.315742 0.305378 0.293868 0.27788 0.249523 0.214151 0.158315 0.117063 0.144056 0.174525 0.178015 0.199595 0.261807 0.282734 0.251934 0.177617 0.219955 0.2678 0.265644 0.260087 0.254095 0.248785 0.242314 0.229642 0.197333 0 0 0 0 0 0 0 0 0.108475 0.114683 0 0 0.127145 0.144739 0.140367 0.150749 0.160549 0.159898 0.159289 0.158165 0.157644 0.157038 0.156207 0.155201 0.154236 0.153361 0.14875 0.14485 0.14028 0.137005 0.131361 0.13641 0.136187 0.132544 0.131325 0.129804 0.113817 0 0 -9999 -9999 -9999
-9999 -9999 -9999 0 0 0.211317 0.247849 0.284316 0.315694 0.315291 0.299998 0.285651 0.271141 0.254908 0.211845 0.170236 0.130605 0.117528 0.125855 0.122434 0.157209 0.23824 0.253569 0.246254 0.168099 0.140621 0.205045 0.25893 0.261987 0.255747 0.18969 0.20251 0.16664 0.118448 0.104814 0 0 0 0 0 0 0 0 0 0 0 0.105225 0.127543 0.126887 0.150452 0.158155 0.159424 0.159047 0.158589 0.157897 0.15755 0.156634 0.155611 0.154484 0.152655 0.149177 0.136447 0 0 0 0.107565 0.128727 0.130873 0.130702 0.129212 0.124406 0.11384 0 -9999 -9999 -9999
-9999 -9999 -9999 0 0 0.179386 0.255638 0.259389 0.295952 0.314434 0.297942 0.279662 0.261174 0.253072 0.20608 0.154583 0.113061 0 0 0.107605 0.162296 0.214514 0.223476 0.212038 0.170086 0.18879 0.232418 0.254994 0.260797 0.254106 0.238866 0.229698 0.203027 0.191085 0.154603 0 0 0 0 0 0 0 0 0 0 0 0.108978 0.128822 0.146042 0.153579 0.15592 0.160199 0.159348 0.158883 0.15828 0.157412 0.156662 0.155076 0.153653 0.147962 0.139893 0 0 0 0 0.107842 0.121751 0.128463 0.128417 0.127913 0.125864 0.123885 0 -9999 -9999 -9999
-9999 -9999 -9999 0 0 0.173788 0.227976 0.236874 0.277661 0.313915 0.30906 0.290078 0.284059 0.264708 0.224737 0.180693 0.132609 0.109246 0 0.108311 0.14666 0.190792 0.211142 0.176938 0.158839 0.188395 0.217689 0.228704 0.258231 0.256832 0.245781 0.201721 0.179806 0.187843 0.178045 0.161507 0.122227 0.119751 0 0 0 0 0 0 0 0.10265 0.122808 0.135735 0.147412 0.149574 0.154039 0.160256 0.159869 0.159169 0.158236 0.157525 0.156179 0.153317 0.150798 0.14001 0.121492 0 0 0 0.101006 0.108394 0.118511 0.123536 0.126744 0.125661 0.124675 0.122949 0 0 0 -9999
-9999 -9999 -9999 0 0 0.156036 0.187559 0.192215 0.266898 0.312376 0.311797 0.302511 0.291869 0.24438 0.2469 0.237291 0.193769 0.130447 0 0 0.107028 0.163139 0.182109 0.125449 0.104574 0.118424 0.163338 0.203394 0.24524 0.25509 0.241483 0.173453 0.10126 0.133387 0.167802 0.166722 0.155461 0.118768 0.106408 0 0 0 0 0 0 0 0.120038 0.138673 0.129762 0.132889 0.150836 0.160685 0.160021 0.159204 0.158614 0.157459 0.15594 0.150959 0.145753 0.137578 0 0 0 0 0 0 0.118051 0.123169 0.124672 0.124019 0.122937 0.121632 0.10941 0.102166 0 0
-9999 -9999 -9999 0 0 0.112391 0.141498 0.188342 0.258984 0.293409 0.309617 0.308699 0.301422 0.279895 0.266846 0.241523 0.196113 0.134135 0 0 0 0.117652 0.134611 0 0 0 0.13652 0.207998 0.248408 0.253016 0.248288 0.233474 0.180471 0.116634 0.115839 0.146321 0.118869 0 0.102727 0 0 0 0 0 0 0 0.103361 0.143017 0.147486 0.144965 0.161008 0.160672 0.159946 0.159537 0.158513 0.157402 0.155971 0.15171 0.143278 0.111618 0 0 0 0 0 0.104919 0.116477 0.119535 0.121848 0.122868 0.122173 0.120488 0.113882 0 0 0
-9999 -9999 -9999 0 0 0 0.14514 0.205938 0.258181 0.26168 0.288978 0.288398 0.30248 0.297809 0.277777 0.256274 0.216976 0.137304 0 0 0 0 0.103123 0 0 0 0.140967 0.207007 0.242336 0.213047 0.241189 0.237815 0.217299 0.178814 0.119516 0.11942 0 0 0 0 0 0 0 0 0 0 0 0.123871 0.153563 0.157379 0.161988 0.160983 0.159898 0.159274 0.158288 0.156644 0.154098 0.149645 0.122919 0 0 0 0 0 0 0.106073 0.115897 0.119121 0.121106 0.121463 0.121197 0.118738 0.11417 0 0 0
-9999 -9999 -9999 -9999 0 0 0.132331 0.146125 0.192598 0.217447 0.236541 0.240345 0.295782 0.298303 0.285329 0.265418 0.231707 0.171024 0.128602 0 0 0 0 0 0 0 0.14504 0.218182 0.225467 0.177709 0.183762 0.192607 0.213552 0.201231 0.120717 0 0 0 0 0 0 0 0 0 0 0.118504 0.122442 0.142289 0.156589 0.159469 0.161364 0.160451 0.159632 0.158484 0.156473 0.154774 0.149804 0.139915 0.110102 0 0 0 0 0 0 0.102695 0.116284 0.118984 0.119983 0.120334 0.120051 0.118249 0.11539 0.104738 0 0
-9999 -9999 -9999 -9999 0 0 0 0 0 0 0.171451 0.191374 0.244475 0.294679 0.290271 0.2706 0.238892 0.202407 0.146319 0 0 0 0 0.106406 0.119406 0.13985 0.182716 0.190363 0.141742 0 0.120448 0.134704 0.191569 0.200909 0.188255 0.138965 0 0 0 0 0 0 0 0 0.109943 0.12873 0.14123 0.147254 0.159186 0.161071 0.160694 0.160362 0.158832 0.156934 0.153662 0.150161 0.138361 0.124328 0 0 0 0 0 0 0 0.100278 0.113793 0.115909 0.11831 0.117947 0.118485 0.117186 0.115405 0.109736 0 0
-9999 -9999 -9999 -9999 -9999 -9999 -9999 -9999 -9999 0 0 0.160268 0.221671 0.292093 0.291178 0.274063 0.254151 0.200675 0.141933 0.131313 0 0 0 0.107574 0.141008 0.152504 0.16623 0.146125 0.104917 0 0 0.132949 0.192963 0.191375 0.191868 0.165547 0.128156 0 0 0 0 0 0 0 0.113185 0.112158 0.132676 0.156935 0.160046 0.161167 0.161015 0.159891 0.157326 0.15441 0.150505 0.145219 0.137178 0.121652 0 0 0 0 0 0 0 0.104025 0.110365 0.11363 0.11593 0.117415 0.117635 0.116465 0.115129 0.110748 0.10501 0
-9999 -9999 -9999 -9999 -9999 -9999 -9999 -9999 -9999 0 0 0.146744 0.214258 0.27697 0.286478 0.268313 0.244229 0.215213 0.181726 0.133652 0 0 0 0 0.118946 0.116414 0 0 0 0 0 0.12463 0.177082 0.185861 0.180369 0.17396 0.103174 0 0 0 0 0 0 0 0.11529 0.135297 0.148876 0.156734 0.161409 0.160993 0.160366 0.158664 0.154906 0.151014 0.146864 0.141525 0.136111 0.123929 0 0 0 0 0 0 0 0 0.108259 0.113827 0.115843 0.116996 0.115571 0.115245 0.114171 0.111178 0.105802 0
-9999 -9999 -9999 -9999 -9999 -9999 -9999 -9999 -9999 -9999 0 0 0.188353 0.261901 0.281751 0.271768 0.254554 0.227783 0.192225 0.166926 0 0 0 0 0 0 0 0 0 0 0 0.120338 0.166689 0.178844 0.127891 0.164647 0.150706 0.105189 0 0 0 0 0 0 0.109726 0.115082 0.145586 0.142892 0.161575 0.160589 0.15932 0.156809 0.153548 0.149017 0.143812 0.137475 0.13134 0.118657 0 0 0 0 0 0 0 0.110281 0.103554 0.109849 0.112964 0.116068 0.112406 0.110898 0.113349 0.111139 0.107187 0
-9999 -9999 -9999 -9999 -9999 -9999 -9999 -9999 -9999 -9999 0 0 0.168335 0.235275 0.275712 0.272473 0.259203 0.246101 0.220623 0.187079 0.109901 -9999 -9999 -9999 -9999 -9999 -9999 0 0 0 0.105507 0.134067 0.168073 0.174531 0.133028 0 0.139523 0.126273 0.108102 0 0 0 0 0 0 0.108186 0.119202 0.152312 0.161236 0.159435 0.157608 0.154416 0.151037 0.147305 0.141092 0.134181 0.127326 0 0 0 0 0 0 0 0 0.102915 0.104688 0.109261 0.113186 0.113588 0.108841 0.107653 0.112841 0.111617 0.108641 0.100549
