Test_Spring_2018b/01_18/Prec/20180121_022.txt
ncols	170
nrows	115
xllcorner	350000.000000
yllcorner	4445000.000000
cellsize	1000.000000
nodata_value	-9999.000000
[rows 31 to 61 of 115, columns 70 to 139 of 170]
0.378869 0.384945 0.394961 0.410824 0.423777 0.45325 0.478793 0.493692 0.55664 0.570805 0.587012 0.599753 0.613218 0.628041 0.639139 0.656736 0.694562 0.694184 0.699093 0.716277 0.720567 0.722493 0.739789 0.771236 0.791855 0.818395 0.827532 0.859479 0.883184 -9999 -9999 -9999 -9999 -9999 -9999 -9999 -9999 -9999 -9999 -9999 -9999 -9999 -9999 -9999 -9999 -9999 -9999 -9999 -9999 -9999 -9999 -9999 -9999 -9999 -9999 -9999 -9999 -9999 -9999 -9999 -9999 -9999 -9999 -9999 -9999 -9999 -9999 -9999 -9999 -9999
0.390216 0.39823 0.409448 0.424381 0.431943 0.440363 0.49367 0.537669 0.565003 0.577952 0.592653 0.609925 0.622647 0.634699 0.645248 0.661511 0.691145 0.718586 0.716715 0.725126 0.741291 0.738174 0.755099 0.783462 0.819647 0.818171 0.834061 0.880112 0.894525 -9999 -9999 -9999 -9999 -9999 -9999 -9999 -9999 -9999 -9999 -9999 -9999 -9999 -9999 -9999 -9999 -9999 -9999 -9999 -9999 -9999 -9999 -9999 -9999 -9999 -9999 -9999 -9999 -9999 -9999 -9999 -9999 -9999 -9999 -9999 -9999 -9999 -9999 -9999 -9999 -9999
0.407698 0.411976 0.424047 0.436551 0.441107 0.453538 0.48989 0.543959 0.57388 0.585637 0.598656 0.612571 0.625424 0.637744 0.653117 0.670669 0.697423 0.727643 0.741037 0.739006 0.747456 0.75515 0.771209 0.789407 0.812514 0.814247 0.822425 0.845637 0.887168 0.93685 -9999 -9999 -9999 -9999 -9999 -9999 -9999 -9999 -9999 -9999 -9999 -9999 -9999 -9999 -9999 -9999 -9999 -9999 -9999 -9999 -9999 -9999 -9999 -9999 -9999 -9999 -9999 -9999 -9999 -9999 -9999 -9999 -9999 -9999 -9999 -9999 -9999 -9999 -9999 -9999
0.426469 0.426463 0.438915 0.456614 0.463609 0.472238 0.528835 0.578245 0.590328 0.594289 0.606787 0.618597 0.633024 0.646063 0.660447 0.677795 0.698314 0.721045 0.754316 0.74749 0.744256 0.753736 0.764061 0.779675 0.802035 0.803704 0.81505 0.840156 0.915117 0.934036 0.946774 -9999 -9999 -9999 -9999 -9999 -9999 -9999 -9999 -9999 -9999 -9999 -9999 -9999 -9999 -9999 -9999 -9999 -9999 -9999 -9999 -9999 -9999 -9999 -9999 -9999 -9999 -9999 -9999 -9999 -9999 -9999 -9999 -9999 -9999 -9999 -9999 -9999 -9999 -9999
-9999 0.441837 0.453845 0.472793 0.479528 0.485432 0.520013 0.567728 0.595775 0.605894 0.61546 0.627359 0.642049 0.663427 0.674631 0.684176 0.700569 0.725203 0.749698 0.762198 0.752391 0.756042 0.76651 0.772409 0.792821 0.799424 0.813096 0.829207 0.882982 0.926598 0.941589 0.962006 -9999 -9999 -9999 -9999 -9999 -9999 -9999 -9999 -9999 -9999 -9999 -9999 -9999 -9999 -9999 -9999 -9999 -9999 -9999 -9999 -9999 -9999 -9999 -9999 -9999 -9999 -9999 -9999 -9999 -9999 -9999 -9999 -9999 -9999 -9999 -9999 -9999 -9999
-9999 -9999 -9999 -9999 0.497601 0.530629 0.556791 0.580329 0.605404 0.614921 0.624035 0.636181 0.654871 0.66897 0.678984 0.693113 0.710584 0.724344 0.742533 0.761162 0.765257 0.758204 0.774281 0.773008 0.78447 0.793692 0.813015 0.867214 0.893532 0.934283 0.949142 0.967819 -9999 -9999 -9999 -9999 -9999 -9999 -9999 -9999 -9999 -9999 -9999 -9999 -9999 -9999 -9999 -9999 -9999 -9999 -9999 -9999 -9999 -9999 -9999 -9999 -9999 -9999 -9999 -9999 -9999 -9999 -9999 -9999 -9999 -9999 -9999 -9999 -9999 -9999
-9999 -9999 -9999 -9999 -9999 0.539656 0.567237 0.570735 0.614639 0.625885 0.633383 0.645635 0.659942 0.672688 0.685553 0.69859 0.713617 0.728858 0.746036 0.754449 0.752198 0.760269 0.771199 0.779194 0.784573 0.797335 0.819715 0.879953 0.902239 0.950561 0.969837 0.978631 0.994129 -9999 -9999 -9999 -9999 -9999 -9999 -9999 -9999 -9999 -9999 -9999 -9999 0.97556 -9999 -9999 -9999 -9999 -9999 -9999 -9999 -9999 -9999 -9999 -9999 -9999 -9999 -9999 -9999 -9999 -9999 -9999 -9999 -9999 0.853903 -9999 -9999 -9999
-9999 -9999 -9999 -9999 0.507055 0.558676 0.568118 0.576476 0.606373 0.634992 0.642278 0.654942 0.668769 0.681832 0.69672 0.706783 0.718588 0.73402 0.742691 0.746393 0.75211 0.758162 0.76565 0.776006 0.788664 0.803034 0.849048 0.87051 0.8894 0.917158 0.957872 0.978015 1.00228 1.02252 -9999 -9999 -9999 -9999 -9999 -9999 -9999 1.01626 1.01206 1.00589 0.995866 0.979591 0.976419 -9999 -9999 -9999 -9999 -9999 -9999 -9999 -9999 -9999 -9999 -9999 -9999 -9999 -9999 -9999 -9999 -9999 -9999 -9999 0.847294 0.850226 -9999 -9999
-9999 -9999 -9999 -9999 0.554034 0.561781 0.573899 0.583502 0.596088 0.640898 0.65303 0.664283 0.676827 0.690316 0.703877 0.712395 0.725244 0.734902 0.743315 0.745196 0.75093 0.759966 0.770405 0.781766 0.798041 0.810755 0.849998 0.869084 0.892494 0.916499 0.958182 0.98949 1.01969 1.04521 -9999 -9999 -9999 -9999 -9999 -9999 1.03263 1.02129 1.0112 1.01314 0.997096 0.98089 0.97235 0.964268 -9999 -9999 -9999 -9999 -9999 -9999 -9999 -9999 -9999 -9999 -9999 -9999 -9999 -9999 0.822313 0.828269 0.845186 0.849999 0.849225 0.8507 -9999 -9999
-9999 -9999 -9999 -9999 0.558872 0.566369 0.57752 0.589902 0.606709 0.636327 0.661104 0.673968 0.686711 0.698336 0.708666 0.721509 0.730506 0.743612 0.742512 0.74829 0.755889 0.769304 0.780079 0.800901 0.816875 0.853522 0.857229 0.878811 0.908939 0.943236 1.00085 1.00937 1.02953 1.05475 -9999 -9999 -9999 -9999 -9999 -9999 1.04623 1.03343 1.02005 1.01056 1.00981 0.986485 0.971871 0.965705 0.95411 0.935449 0.920234 0.914203 0.883014 0.871474 0.866386 0.855999 -9999 -9999 -9999 -9999 0.831172 0.826639 0.82171 0.821173 0.840261 0.850332 0.857618 0.840341 -9999 -9999
-9999 -9999 -9999 -9999 0.55557 0.567472 0.583011 0.601405 0.615909 0.647006 0.670804 0.683386 0.696411 0.707532 0.716965 0.726194 0.736121 0.740647 0.745519 0.752132 0.769785 0.790478 0.791085 0.811827 0.864821 0.860619 0.866639 0.890479 0.925261 0.963496 1.00668 1.01529 1.03992 1.06243 -9999 -9999 -9999 1.083 1.07371 1.07163 1.06461 1.04821 1.03219 1.02028 1.00486 1.00577 0.979465 0.971421 0.964071 0.946974 0.919787 0.903817 0.880149 0.867942 0.862306 0.848244 0.839458 0.833406 0.82952 0.827192 0.824179 0.820305 0.816489 0.815801 0.836629 0.842225 0.841893 0.829608 -9999 -9999
-9999 -9999 -9999 -9999 0.563239 0.57644 0.59161 0.608131 0.627164 0.642646 0.673228 0.69275 0.705421 0.720462 0.726321 0.733965 0.740159 0.745803 0.75134 0.765661 0.784571 0.804603 0.818185 0.842574 0.865818 0.87165 0.877999 0.904207 0.932279 0.969229 0.99037 1.02906 1.05603 1.08721 -9999 -9999 1.11739 1.10129 1.08821 1.07908 1.07213 1.06456 1.04509 1.03274 1.00924 1.00933 0.992822 0.975119 0.966283 0.946717 0.917149 0.902679 0.885625 0.85922 0.849898 0.84352 0.83634 0.832155 0.82912 0.826645 0.825616 0.821852 0.817879 0.815711 0.825902 0.826346 0.819122 0.828698 -9999 -9999
-9999 -9999 -9999 -9999 0.566938 0.580525 0.594639 0.613944 0.630218 0.651868 0.686239 0.696986 0.71437 0.728358 0.739282 0.74235 0.747487 0.751455 0.754948 0.76767 0.7826 0.80483 0.822169 0.853899 0.87107 0.89083 0.901918 0.920417 0.94076 0.958258 0.991184 1.03679 1.06453 1.09378 1.11827 -9999 1.13359 1.1295 1.11369 1.09687 1.08202 1.07694 1.0547 1.03941 1.02881 1.01685 0.993703 0.968698 0.951666 0.936363 0.913696 0.894385 0.879844 0.866352 0.847435 0.840448 0.835162 0.83167 0.82924 0.827234 0.825358 0.822942 0.819828 0.816147 0.817481 0.812012 0.819264 0.830283 -9999 -9999
-9999 -9999 -9999 0.547123 0.568148 0.579582 0.597226 0.616386 0.635951 0.655689 0.68675 0.704656 0.718329 0.734107 0.750164 0.755833 0.758691 0.757137 0.759197 0.761797 0.770613 0.79608 0.822171 0.844648 0.871455 0.890469 0.904028 0.910846 0.931356 0.960236 0.990736 1.03839 1.07321 1.10229 1.13517 1.14605 1.14557 1.14392 1.13382 1.11333 1.09442 1.07914 1.0645 1.05413 1.03593 1.01265 0.985166 0.967497 0.95233 0.935003 0.918533 0.89924 0.88409 0.863671 0.851779 0.838764 0.833997 0.831048 0.829221 0.827865 0.826548 0.824802 0.821769 0.817331 0.807529 0.809437 0.819742 0.819224 -9999 -9999
-9999 -9999 -9999 -9999 0.571306 0.588542 0.6096 0.630546 0.649817 0.668095 0.695323 0.712168 0.724234 0.738485 0.755718 0.768851 0.766011 0.765343 0.763667 0.764488 0.767036 0.79841 0.815772 0.833695 0.860381 0.869377 0.882143 0.901286 0.925363 0.964465 1.00438 1.06007 1.09896 1.11954 1.15143 1.15647 1.16015 1.14931 1.13917 1.13177 1.12153 1.09247 1.08063 1.05545 1.03209 1.01874 0.986826 0.970368 0.948477 0.929751 0.912183 0.910003 0.884008 0.871325 0.85308 0.841095 0.832672 0.830343 0.829126 0.828626 0.827965 0.826636 0.823906 0.817015 0.805866 0.803028 0.82521 0.821194 -9999 -9999
-9999 -9999 -9999 -9999 -9999 -9999 0.61556 0.636214 0.657941 0.677826 0.701263 0.71663 0.730313 0.742657 0.754875 0.769801 0.77474 0.77469 0.782107 0.77698 0.775488 0.78105 0.789887 0.816462 0.836979 0.844697 0.865202 0.897543 0.929256 0.962361 1.00631 1.05791 1.10055 1.13658 1.1556 1.15406 1.15172 1.14099 1.1353 1.13692 1.12501 1.1044 1.07893 1.05605 1.03741 1.02314 0.989613 0.974527 0.945554 0.924763 0.909804 0.896413 0.882145 0.865588 0.854377 0.840509 0.834243 0.82964 0.829155 0.829207 0.829129 0.828219 0.82229 0.816597 0.808734 0.798967 0.821622 0.827306 -9999 -9999
-9999 -9999 -9999 -9999 -9999 -9999 0.624434 0.646637 0.666063 0.677837 0.704786 0.720406 0.735917 0.747211 0.758441 0.77091 0.780959 0.788067 0.797104 0.79412 0.78518 0.783334 0.790382 0.815098 0.820431 0.839101 0.862996 0.899544 0.933982 0.964588 1.00853 1.06231 1.09891 1.13903 1.15016 1.15714 1.15753 1.14567 1.13491 1.12602 1.12362 1.1058 1.07812 1.0595 1.04545 1.02309 0.99201 0.978861 0.945851 0.922053 0.905561 0.888166 0.875621 0.861651 0.849122 0.839417 0.833134 0.830581 0.829416 0.829911 0.830127 0.827852 0.824418 0.818613 0.810608 0.800462 0.810504 0.828974 -9999 -9999
-9999 -9999 -9999 -9999 -9999 -9999 -9999 0.656439 0.670037 0.677936 0.706985 0.725252 0.737341 0.749332 0.76148 0.770096 0.781202 0.79312 0.814722 0.810942 0.802941 0.792202 0.791669 0.803572 0.820926 0.845075 0.88336 0.92155 0.946661 0.974124 1.01329 1.06356 1.10185 1.11493 1.12469 1.13019 1.13647 1.14492 1.13601 1.12421 1.12029 1.10095 1.07664 1.06163 1.04294 1.0226 0.991923 0.968509 0.945462 0.91841 0.903553 0.884118 0.870536 0.858359 0.84742 0.838997 0.832988 0.830548 0.82997 0.830304 0.830442 0.82879 0.825309 0.819551 0.811437 0.801135 0.790681 0.790609 0.787371 -9999
-9999 -9999 -9999 -9999 -9999 -9999 -9999 0.667375 0.685644 0.690195 0.717154 0.726598 0.737241 0.74906 0.763179 0.772275 0.788092 0.792895 0.812737 0.823999 0.819829 0.82803 0.813909 0.805145 0.821922 0.877121 0.909758 0.940615 0.960689 0.984936 1.01401 1.07254 1.10123 1.10413 1.11144 1.11806 1.1228 1.12829 1.13054 1.11365 1.10433 1.08782 1.07311 1.05406 1.04038 1.02274 0.983802 0.964783 0.943249 0.916266 0.903641 0.881445 0.868817 0.858369 0.849115 0.83878 0.833823 0.831274 0.83005 0.830688 0.830966 0.828805 0.824986 0.819095 0.811044 0.800574 0.788336 0.769343 0.764525 0.751878
-9999 -9999 -9999 -9999 -9999 -9999 -9999 -9999 0.702667 0.699216 0.719847 0.730607 0.736458 0.747117 0.764057 0.773242 0.787806 0.799808 0.81806 0.839138 0.85546 0.829757 0.810513 0.806937 0.821004 0.86919 0.899951 0.920568 0.934856 0.964678 0.993931 1.04691 1.07371 1.10082 1.11503 1.12132 1.11823 1.11499 1.10975 1.10631 1.09415 1.0805 1.06514 1.04633 1.02717 1.00662 0.978858 0.95158 0.93404 0.911911 0.895098 0.880259 0.868529 0.860643 0.848789 0.839808 0.834949 0.830233 0.830258 0.830448 0.83029 0.829219 0.823481 0.817446 0.809223 0.799011 0.786808 0.765572 0.751303 0.74196
-9999 -9999 -9999 -9999 -9999 -9999 -9999 -9999 0.714635 0.710108 0.729714 0.730081 0.745805 0.753245 0.760187 0.768773 0.780937 0.796729 0.809862 0.833846 0.859705 0.834462 0.815808 0.810478 0.822632 0.863687 0.873078 0.898278 0.916545 0.949947 0.97762 1.01773 1.04664 1.07487 1.10801 1.12056 1.10787 1.10233 1.09467 1.0875 1.07792 1.0657 1.05766 1.03816 1.02957 1.00174 0.96851 0.947961 0.928498 0.909966 0.893531 0.879211 0.867703 0.856608 0.85037 0.838754 0.832104 0.830592 0.829988 0.8297 0.829066 0.827428 0.824383 0.817901 0.806299 0.796308 0.784575 0.763586 0.748851 0.733931
-9999 -9999 -9999 -9999 -9999 -9999 -9999 -9999 0.748897 0.731508 0.747692 0.745725 0.746976 0.752186 0.757583 0.767946 0.775568 0.788148 0.799894 0.817037 0.842298 0.860705 0.847361 0.821572 0.824469 0.838155 0.855009 0.879963 0.905741 0.927085 0.947874 0.990676 1.03039 1.0613 1.07227 1.09004 1.08241 1.08589 1.08889 1.06756 1.06107 1.0521 1.04623 1.04596 1.02748 1.00825 0.971922 0.95814 0.933745 0.91134 0.893464 0.879303 0.868725 0.8547 0.846845 0.835618 0.83235 0.830481 0.829363 0.828395 0.827068 0.824985 0.821503 0.816247 0.807037 0.798001 0.781601 0.761029 0.747143 0.733086
-9999 -9999 -9999 -9999 -9999 -9999 -9999 -9999 0.761124 0.763979 0.752266 0.752959 0.748201 0.753237 0.754985 0.761426 0.769831 0.781835 0.795721 0.811031 0.833821 0.853114 0.843845 0.83484 0.82974 0.835589 0.854083 0.870977 0.890391 0.920092 0.941296 0.977223 1.00172 1.02018 1.04164 1.06428 1.05373 1.05682 1.0614 1.04968 1.04441 1.04985 1.0492 1.03663 1.02241 1.01216 0.981257 0.96234 0.94051 0.912138 0.897609 0.883391 0.867457 0.856531 0.841286 0.835924 0.832331 0.829874 0.828143 0.826442 0.824378 0.82174 0.81784 0.812517 0.805867 0.793972 0.783795 0.763421 0.745334 0.73223
-9999 -9999 -9999 -9999 -9999 -9999 -9999 -9999 0.760835 0.771466 0.761343 0.754569 0.748352 0.750236 0.752456 0.758204 0.767845 0.776196 0.786793 0.801356 0.813311 0.831633 0.856017 0.836286 0.845137 0.848267 0.86812 0.876146 0.893614 0.915316 0.955867 0.967717 0.972193 0.996693 1.01246 1.02855 1.02549 1.03009 1.0318 1.0305 1.03767 1.04674 1.04993 1.02784 1.0161 1.00537 0.988531 0.958934 0.932889 0.913994 0.903087 0.895287 0.87142 0.850906 0.842509 0.836261 0.831671 0.828798 0.826187 0.823913 0.821278 0.817956 0.813734 0.808295 0.801647 0.793737 0.77988 0.759972 0.748096 0.731417
-9999 -9999 -9999 -9999 -9999 -9999 -9999 -9999 -9999 0.785013 0.773636 0.757889 0.752598 0.751489 0.75395 0.76001 0.767741 0.775408 0.784268 0.796804 0.811943 0.833588 0.852641 0.854969 0.865528 0.874877 0.882752 0.880858 0.890776 0.914966 0.970141 0.960057 0.960529 0.973235 0.98533 0.995617 1.00244 1.0079 1.0123 1.01916 1.04072 1.04024 1.04115 1.02891 1.02164 1.00612 0.979758 0.952555 0.932372 0.916118 0.913674 0.901482 0.866873 0.853026 0.846695 0.837913 0.830526 0.826914 0.823775 0.820885 0.817588 0.813757 0.809188 0.802632 0.795771 0.787769 0.773118 0.752823 0.742249 0.731066
-9999 -9999 -9999 -9999 -9999 -9999 -9999 -9999 -9999 0.796226 0.777732 0.756575 0.755624 0.753619 0.752006 0.758075 0.767547 0.776471 0.785444 0.795189 0.812692 0.830669 0.849189 0.861841 0.870072 0.888535 0.891698 0.883384 0.893219 0.909448 0.950883 0.97034 0.964645 0.960769 0.969104 0.978236 1.00133 1.00115 1.01158 1.02285 1.02254 1.02206 1.02581 1.01058 1.00833 0.992934 0.974452 0.954024 0.937286 0.916506 0.913929 0.904979 0.870345 0.855622 0.848415 0.835993 0.828823 0.824112 0.820266 0.816545 0.812681 0.808249 0.803287 0.79753 0.790908 0.783573 0.775833 0.76193 0.753996 0.743324
-9999 -9999 -9999 -9999 -9999 -9999 -9999 -9999 -9999 0.792064 0.781806 0.763517 0.751568 0.758094 0.755105 0.756311 0.766397 0.776734 0.78714 0.795039 0.813804 0.834476 0.853362 0.875279 0.882934 0.884381 0.887547 0.885643 0.895749 0.911535 0.941351 0.946854 0.945099 0.94806 0.954308 0.962426 0.971114 0.976278 0.984081 0.985888 0.992222 1.00204 1.00112 0.989183 0.995704 0.98446 0.967966 0.954841 0.93252 0.916019 0.917303 0.886406 0.866081 0.852349 0.840475 0.832221 0.826209 0.820308 0.816144 0.811982 0.807713 0.803152 0.798029 0.792485 0.786193 0.780329 0.774431 0.777665 0.75515 0.744615
-9999 -9999 -9999 -9999 -9999 -9999 -9999 -9999 -9999 0.788047 0.779024 0.763788 0.757293 0.762198 0.758001 0.754525 0.761672 0.772422 0.779744 0.790845 0.807858 0.826538 0.84701 0.861698 0.885345 0.881413 0.888548 0.88768 0.893494 0.921365 0.935588 0.936747 0.937389 0.942087 0.9408 0.94649 0.953292 0.967283 0.97366 0.970308 0.970007 0.969901 0.974414 0.967867 0.966464 0.960442 0.953773 0.944353 0.928192 0.91718 0.892574 0.872818 0.858277 0.846661 0.836341 0.829429 0.822629 0.815903 0.811272 0.806846 0.802403 0.797646 0.792664 0.787598 0.781899 0.777854 0.775347 0.776484 0.763485 0.74479
-9999 -9999 -9999 -9999 -9999 -9999 -9999 -9999 -9999 0.790896 0.779952 0.767603 0.766711 0.772451 0.759053 0.753071 0.759119 0.767381 0.776051 0.79475 0.800469 0.809909 0.828985 0.854003 0.881376 0.8892 0.885962 0.890637 0.89575 0.927938 0.941678 0.945781 0.941033 0.936826 0.931207 0.933016 0.93983 0.959791 0.979427 0.969787 0.958099 0.95451 0.952385 0.95594 0.952082 0.947226 0.946082 0.934085 0.929914 0.917073 0.882328 0.868972 0.854126 0.841187 0.836401 0.829148 0.818574 0.810646 0.805843 0.801233 0.796552 0.791866 0.787006 0.782713 0.778073 0.773801 0.779499 0.780165 0.773649 0.743386
-9999 -9999 -9999 -9999 -9999 -9999 -9999 -9999 -9999 0.796808 0.790593 0.778566 0.777872 0.772028 0.759476 0.7563 0.757806 0.763821 0.771601 0.783378 0.793214 0.806746 0.826139 0.850508 0.877288 0.89824 0.90173 0.898315 0.891319 0.932229 0.946701 0.94485 0.938257 0.924702 0.918588 0.921051 0.924931 0.930344 0.944732 0.960778 0.958798 0.947309 0.950174 0.95321 0.94274 0.936911 0.936599 0.934072 0.920422 0.895717 0.880451 0.86858 0.853011 0.834583 0.826232 0.820397 0.810186 0.804804 0.799859 0.795026 0.79042 0.785777 0.781054 0.776842 0.773441 0.775907 0.776993 0.780584 0.775198 0.736204
-9999 -9999 -9999 -9999 -9999 -9999 -9999 -9999 -9999 0.807198 0.797822 0.786487 0.775963 0.766032 0.758095 0.762945 0.761334 0.767144 0.769144 0.77635 0.787958 0.800348 0.817936 0.846774 0.872736 0.900762 0.904684 0.89011 0.913865 0.930073 0.953921 0.942233 0.928165 0.915279 0.909809 0.920707 0.915358 0.917423 0.923032 0.932388 0.94625 0.943309 0.951332 0.947356 0.936115 0.928228 0.922728 0.919584 0.903546 0.88632 0.873985 0.864322 0.849506 0.833589 0.818461 0.810834 0.803546 0.798224 0.793292 0.788494 0.783933 0.779579 0.775395 0.771565 0.773455 0.776385 0.775893 0.777038 0.771858 0.7421
