Test_Spring_2018b/01_18/Prec/20180118_000.txt
ncols	170
nrows	115
xllcorner	350000.000000
yllcorner	4445000.000000
cellsize	1000.000000
nodata_value	-9999.000000
[rows 32 to 63 of 115, columns 71 to 141 of 170]
0.740955 0.748632 0.759155 0.762782 0.766819 0.814552 0.852296 0.883241 0.890146 0.898721 0.909787 0.917162 0.924362 0.930743 0.942747 0.967185 0.990364 0.988368 0.996101 1.01129 1.01001 1.02686 1.05418 1.08866 1.0901 1.10696 1.14007 1.15287 -9999 -9999 -9999 -9999 -9999 -9999 -9999 -9999 -9999 -9999 -9999 -9999 -9999 -9999 -9999 -9999 -9999 -9999 -9999 -9999 -9999 -9999 -9999 -9999 -9999 -9999 -9999 -9999 -9999 -9999 -9999 -9999 -9999 -9999 -9999 -9999 -9999 -9999 -9999 -9999 -9999 -9999 -9999
0.7583 0.766882 0.77548 0.776749 0.784703 0.815182 0.864863 0.898938 0.905435 0.913212 0.922012 0.930174 0.938219 0.949363 0.962874 0.984975 1.01062 1.02192 1.02009 1.02795 1.03555 1.0509 1.06843 1.09053 1.09396 1.10319 1.12214 1.15078 1.19488 -9999 -9999 -9999 -9999 -9999 -9999 -9999 -9999 -9999 -9999 -9999 -9999 -9999 -9999 -9999 -9999 -9999 -9999 -9999 -9999 -9999 -9999 -9999 -9999 -9999 -9999 -9999 -9999 -9999 -9999 -9999 -9999 -9999 -9999 -9999 -9999 -9999 -9999 -9999 -9999 -9999 -9999
0.777125 0.78609 0.799377 0.802981 0.807851 0.858162 0.914045 0.921217 0.921384 0.92929 0.936841 0.946981 0.956201 0.966922 0.980583 0.997366 1.01642 1.04509 1.03871 1.03579 1.04438 1.05398 1.06849 1.08917 1.09178 1.10308 1.11931 1.1785 1.19663 1.20921 -9999 -9999 -9999 -9999 -9999 -9999 -9999 -9999 -9999 -9999 -9999 -9999 -9999 -9999 -9999 -9999 -9999 -9999 -9999 -9999 -9999 -9999 -9999 -9999 -9999 -9999 -9999 -9999 -9999 -9999 -9999 -9999 -9999 -9999 -9999 -9999 -9999 -9999 -9999 -9999 -9999
0.797441 0.805949 0.820333 0.823779 0.82641 0.856154 0.90782 0.933595 0.939653 0.945482 0.953642 0.964539 0.981597 0.989922 0.996999 1.01031 1.03106 1.05184 1.06221 1.05307 1.05597 1.06507 1.07034 1.08861 1.09488 1.10756 1.11833 1.16165 1.19446 1.20857 1.22741 -9999 -9999 -9999 -9999 -9999 -9999 -9999 -9999 -9999 -9999 -9999 -9999 -9999 -9999 -9999 -9999 -9999 -9999 -9999 -9999 -9999 -9999 -9999 -9999 -9999 -9999 -9999 -9999 -9999 -9999 -9999 -9999 -9999 -9999 -9999 -9999 -9999 -9999 -9999 -9999
-9999 -9999 -9999 0.846716 0.874588 0.907606 0.925523 0.949368 0.95528 0.961151 0.969999 0.984897 0.995974 1.00363 1.01502 1.02944 1.04062 1.05572 1.07122 1.07395 1.06691 1.08038 1.0787 1.08843 1.09638 1.11343 1.15647 1.17568 1.20571 1.21931 1.23629 -9999 -9999 -9999 -9999 -9999 -9999 -9999 -9999 -9999 -9999 -9999 -9999 -9999 -9999 -9999 -9999 -9999 -9999 -9999 -9999 -9999 -9999 -9999 -9999 -9999 -9999 -9999 -9999 -9999 -9999 -9999 -9999 -9999 -9999 -9999 -9999 -9999 -9999 -9999 -9999
-9999 -9999 -9999 -9999 0.88924 0.923272 0.923817 0.964411 0.97217 0.976998 0.986363 0.997827 1.00812 1.01864 1.02935 1.04177 1.05428 1.06837 1.07462 1.07138 1.07722 1.08562 1.09154 1.0953 1.10578 1.12048 1.17282 1.19208 1.22451 1.24167 1.24968 1.26363 -9999 -9999 -9999 -9999 -9999 -9999 -9999 -9999 -9999 -9999 -9999 -9999 1.22911 -9999 -9999 -9999 -9999 -9999 -9999 -9999 -9999 -9999 -9999 -9999 -9999 -9999 -9999 -9999 -9999 -9999 -9999 -9999 -9999 1.08147 -9999 -9999 -9999 -9999 -9999
-9999 -9999 -9999 0.869206 0.924652 0.930184 0.935141 0.958893 0.986906 0.991884 1.002 1.01344 1.02441 1.03706 1.04541 1.05515 1.06787 1.07437 1.07624 1.07969 1.08331 1.08817 1.09562 1.10525 1.1166 1.15149 1.1693 1.18512 1.20477 1.23517 1.253 1.27456 1.29258 -9999 -9999 -9999 -9999 -9999 -9999 -9999 1.27983 1.27346 1.26496 1.25269 1.2346 1.22781 -9999 -9999 -9999 -9999 -9999 -9999 -9999 -9999 -9999 -9999 -9999 -9999 -9999 -9999 -9999 -9999 -9999 -9999 -9999 1.07487 1.0784 -9999 -9999 -9999 -9999
-9999 -9999 -9999 0.9296 0.933181 0.941024 0.94714 0.956426 0.998246 1.0078 1.01702 1.02771 1.03943 1.05125 1.05851 1.06934 1.07702 1.08322 1.08329 1.08644 1.09229 1.09928 1.1071 1.11939 1.12875 1.15725 1.17248 1.19188 1.21214 1.23935 1.26689 1.29363 1.31631 -9999 -9999 -9999 -9999 -9999 -9999 1.30019 1.28775 1.27594 1.27426 1.25632 1.23789 1.22593 1.22079 -9999 -9999 -9999 -9999 -9999 -9999 -9999 -9999 -9999 -9999 -9999 -9999 -9999 -9999 1.04877 1.05445 1.07007 1.07521 1.07559 1.07806 -9999 -9999 -9999 -9999
-9999 -9999 -9999 0.939478 0.942621 0.949499 0.958071 0.971198 1.00099 1.0207 1.03167 1.0429 1.05334 1.06264 1.07398 1.0816 1.09239 1.09014 1.09348 1.098 1.10734 1.11418 1.12986 1.14138 1.1673 1.16813 1.18512 1.21006 1.2391 1.28468 1.28801 1.30589 1.32837 -9999 -9999 -9999 -9999 -9999 -9999 1.31615 1.30223 1.28723 1.27514 1.27029 1.24513 1.23362 1.22285 1.20714 1.18515 1.16627 1.15072 1.11904 1.10469 1.09648 1.08409 -9999 -9999 -9999 -9999 1.05415 1.05007 1.04604 1.04623 1.06402 1.07407 1.08183 1.06495 -9999 -9999 -9999 -9999
-9999 -9999 -9999 0.941767 0.948525 0.959115 0.972949 0.984119 1.01536 1.03436 1.04596 1.05771 1.06799 1.07677 1.08516 1.09376 1.09708 1.10011 1.10411 1.11734 1.13288 1.13049 1.14484 1.18956 1.17809 1.18049 1.19904 1.22774 1.25997 1.29298 1.29657 1.31844 1.3384 -9999 -9999 -9999 1.35695 1.3479 1.34461 1.33633 1.31913 1.30163 1.28704 1.26882 1.27152 1.24163 1.22871 1.21622 1.19507 1.16508 1.14517 1.11491 1.09955 1.0905 1.07327 1.06278 1.05528 1.05029 1.04725 1.04414 1.04077 1.03787 1.03809 1.0589 1.06531 1.06666 1.04888 -9999 -9999 -9999 -9999
-9999 -9999 -9999 0.956091 0.963905 0.974095 0.983593 0.99884 1.01177 1.04265 1.05871 1.07045 1.0845 1.09043 1.09767 1.10317 1.10757 1.11118 1.12186 1.13599 1.15066 1.15936 1.17864 1.19577 1.19311 1.1955 1.21436 1.23606 1.26697 1.28447 1.31473 1.33541 1.36342 -9999 -9999 1.39144 1.37708 1.3648 1.35532 1.34703 1.33744 1.31663 1.30144 1.27583 1.27666 1.25522 1.2335 1.21844 1.19452 1.15919 1.14035 1.11542 1.08804 1.07562 1.0664 1.05712 1.05115 1.04688 1.04375 1.04252 1.03943 1.03663 1.03581 1.0462 1.04823 1.04102 1.04618 -9999 -9999 -9999 -9999
-9999 -9999 -9999 0.963301 0.971317 0.980508 0.995071 1.00779 1.02344 1.05767 1.06743 1.08239 1.09579 1.10646 1.10991 1.11466 1.11768 1.1195 1.12869 1.13914 1.15551 1.16722 1.19261 1.20406 1.21233 1.21859 1.23187 1.24734 1.26087 1.28721 1.32381 1.34844 1.37206 1.39451 -9999 1.40932 1.40576 1.39121 1.375 1.3597 1.35215 1.32865 1.31053 1.3013 1.28504 1.2573 1.22541 1.20365 1.18337 1.15668 1.13157 1.10859 1.09142 1.07094 1.06091 1.0531 1.04762 1.04385 1.04119 1.03934 1.03763 1.03583 1.03396 1.03684 1.03161 1.04006 1.04705 -9999 -9999 -9999 -9999
-9999 -9999 0.955317 0.967703 0.973567 0.985693 1.00003 1.01562 1.03223 1.06313 1.0772 1.09018 1.10439 1.11981 1.12575 1.12866 1.12691 1.1275 1.12772 1.13266 1.1517 1.17194 1.18652 1.20612 1.21481 1.22291 1.2256 1.24097 1.26435 1.28978 1.32839 1.35805 1.3843 1.41211 1.42275 1.42309 1.4219 1.41254 1.39318 1.37427 1.35761 1.3406 1.33092 1.30958 1.27971 1.24773 1.22505 1.2044 1.18181 1.16005 1.13602 1.11243 1.08698 1.07159 1.05672 1.04919 1.04409 1.04082 1.03879 1.03756 1.03663 1.03513 1.03286 1.02428 1.02804 1.03563 1.03274 -9999 -9999 -9999 -9999
-9999 -9999 -9999 0.973243 0.984022 0.999012 1.01483 1.03011 1.04545 1.07284 1.0878 1.09908 1.11167 1.12758 1.14026 1.13826 1.13738 1.13472 1.13336 1.13272 1.15675 1.16801 1.17954 1.1988 1.1985 1.20563 1.21895 1.23725 1.26948 1.3031 1.34896 1.38331 1.40194 1.43024 1.43438 1.43862 1.42952 1.42028 1.41254 1.40128 1.37239 1.36087 1.33158 1.30501 1.28654 1.25024 1.22818 1.20113 1.17683 1.15364 1.14424 1.11083 1.09354 1.07206 1.05577 1.04546 1.04082 1.03808 1.03686 1.03632 1.03592 1.03489 1.02928 1.01903 1.01817 1.03961 1.03401 -9999 -9999 -9999 -9999
-9999 -9999 -9999 -9999 -9999 1.00619 1.02168 1.03909 1.05582 1.07972 1.09335 1.10605 1.11789 1.12969 1.14315 1.14809 1.14783 1.15325 1.14628 1.14238 1.14364 1.1473 1.16635 1.17648 1.17853 1.19229 1.21706 1.24194 1.26874 1.30582 1.34815 1.38581 1.41812 1.43571 1.43524 1.43316 1.42431 1.41914 1.41943 1.40672 1.38591 1.35921 1.33376 1.31111 1.29155 1.2535 1.23229 1.19863 1.17213 1.15087 1.13122 1.10795 1.08696 1.07146 1.05447 1.04515 1.03813 1.03603 1.03534 1.0354 1.03549 1.0299 1.02608 1.02064 1.01377 1.03573 1.03895 -9999 -9999 -9999 -9999
-9999 -9999 -9999 -9999 -9999 1.0155 1.03232 1.04765 1.05718 1.08404 1.09781 1.11204 1.12289 1.13377 1.14557 1.15472 1.16081 1.1677 1.16304 1.15225 1.14701 1.1491 1.1665 1.16325 1.17487 1.19153 1.2199 1.24707 1.27156 1.30854 1.35283 1.38512 1.42103 1.43168 1.43878 1.43992 1.42973 1.42015 1.41101 1.40723 1.38835 1.35964 1.33783 1.31908 1.29218 1.25609 1.23636 1.19891 1.16952 1.14667 1.12326 1.10139 1.08251 1.06569 1.05227 1.04286 1.03779 1.03496 1.03469 1.03506 1.03321 1.03108 1.0272 1.02167 1.01449 1.02536 1.04001 -9999 -9999 -9999 -9999
-9999 -9999 -9999 -9999 -9999 -9999 1.04204 1.0522 1.05824 1.08686 1.10283 1.11389 1.12522 1.13678 1.14509 1.15522 1.16551 1.1835 1.17821 1.16835 1.15536 1.15086 1.15704 1.16445 1.18093 1.21027 1.24007 1.25896 1.28061 1.3133 1.35443 1.38815 1.40014 1.40954 1.4153 1.42163 1.42951 1.42151 1.41013 1.40464 1.38442 1.35865 1.33998 1.31709 1.29191 1.2561 1.22725 1.19851 1.16618 1.1447 1.11942 1.0966 1.07926 1.06381 1.05149 1.0423 1.03732 1.03506 1.03464 1.03476 1.03379 1.03161 1.02775 1.02208 1.01473 1.00748 1.0058 1.0047 -9999 -9999 -9999
-9999 -9999 -9999 -9999 -9999 -9999 1.05246 1.06672 1.06973 1.09645 1.10446 1.11406 1.12502 1.13813 1.14648 1.16089 1.16486 1.18148 1.18923 1.18287 1.18674 1.17043 1.15855 1.16553 1.20953 1.23398 1.25736 1.27181 1.2906 1.31431 1.36263 1.38775 1.39064 1.39775 1.40439 1.40926 1.41457 1.41634 1.40058 1.39002 1.37228 1.35499 1.33279 1.31437 1.29164 1.24863 1.22374 1.19642 1.16425 1.14484 1.11723 1.09532 1.07959 1.0657 1.05175 1.04354 1.0385 1.03538 1.03533 1.03558 1.03405 1.03149 1.02743 1.02172 1.01411 1.00518 0.986679 0.984103 0.97496 0.958795 -9999
-9999 -9999 -9999 -9999 -9999 -9999 -9999 1.08225 1.07812 1.09926 1.10825 1.11338 1.12308 1.13839 1.14684 1.15977 1.17002 1.18522 1.2023 1.21326 1.18743 1.16682 1.15976 1.16445 1.20247 1.22544 1.23989 1.2493 1.27301 1.29684 1.34008 1.36339 1.38746 1.40047 1.40845 1.4048 1.40201 1.39705 1.39306 1.3806 1.3644 1.3466 1.32473 1.30162 1.27651 1.24357 1.21164 1.1881 1.16047 1.13762 1.11676 1.09579 1.08253 1.06653 1.05392 1.0459 1.03785 1.03653 1.03605 1.03584 1.0353 1.03069 1.02635 1.02033 1.01279 1.00371 0.982979 0.97192 0.965546 0.961427 0.959992
-9999 -9999 -9999 -9999 -9999 -9999 -9999 1.09314 1.08798 1.10829 1.10791 1.1227 1.12799 1.13425 1.14193 1.15257 1.16604 1.1767 1.19638 1.21717 1.19116 1.17046 1.16213 1.1691 1.19724 1.20158 1.22024 1.23326 1.26016 1.28257 1.31423 1.33923 1.36408 1.39672 1.40574 1.39457 1.38955 1.38227 1.37485 1.36458 1.35112 1.33971 1.31564 1.3021 1.27085 1.23343 1.20779 1.18294 1.15887 1.13675 1.11673 1.09618 1.0804 1.06961 1.05358 1.04305 1.03962 1.03772 1.03674 1.036 1.03482 1.03274 1.02656 1.01811 1.01055 1.00167 0.98079 0.969124 0.957628 0.94765 0.950131
-9999 -9999 -9999 -9999 -9999 -9999 -9999 1.12354 1.10699 1.12625 1.12335 1.12218 1.12649 1.13112 1.14012 1.14655 1.15705 1.16643 1.1801 1.20047 1.21436 1.19807 1.17209 1.17 1.17409 1.18527 1.20392 1.22369 1.24002 1.25634 1.29012 1.3299 1.35599 1.36223 1.37765 1.3707 1.37339 1.37529 1.35522 1.34757 1.33694 1.32823 1.32243 1.30071 1.27492 1.23518 1.21597 1.18724 1.16023 1.13733 1.11793 1.09846 1.0785 1.06684 1.05065 1.04499 1.04127 1.03888 1.0372 1.03571 1.03395 1.03127 1.02728 1.01813 1.01101 0.998927 0.977983 0.966833 0.955848 0.945126 0.93683
-9999 -9999 -9999 -9999 -9999 -9999 -9999 1.13653 1.1426 1.13058 1.12794 1.12294 1.12684 1.12798 1.13328 1.14019 1.15004 1.16123 1.1733 1.19157 1.2064 1.19571 1.18264 1.17503 1.17207 1.18394 1.19569 1.21 1.24147 1.25755 1.28442 1.3044 1.31586 1.3341 1.35355 1.34375 1.34583 1.3489 1.33712 1.33042 1.3325 1.32846 1.31318 1.29399 1.27913 1.24455 1.21876 1.19281 1.16108 1.13982 1.12081 1.0967 1.08196 1.06075 1.05265 1.04678 1.04257 1.03959 1.03716 1.03485 1.03239 1.02912 1.02481 1.01952 1.00743 0.999277 0.977842 0.964266 0.953842 0.943776 0.934648
-9999 -9999 -9999 -9999 -9999 -9999 -9999 1.14635 1.14954 1.13888 1.12924 1.12276 1.12365 1.12496 1.12941 1.13721 1.1437 1.15191 1.16332 1.1721 1.1862 1.20538 1.18543 1.18766 1.18234 1.20559 1.20951 1.22187 1.23812 1.26732 1.2758 1.27366 1.29412 1.30711 1.32052 1.31704 1.32018 1.32049 1.31772 1.32191 1.32716 1.3266 1.30309 1.2881 1.27114 1.24943 1.21603 1.18651 1.16325 1.14533 1.1325 1.10165 1.07452 1.0633 1.05458 1.04793 1.04336 1.03955 1.03649 1.03351 1.03024 1.02643 1.02176 1.01619 1.00967 0.995337 0.973827 0.963872 0.950229 0.939956 0.928978
-9999 -9999 -9999 -9999 -9999 -9999 -9999 -9999 1.17226 1.15682 1.14102 1.13467 1.13221 1.13309 1.13727 1.14301 1.14871 1.15541 1.16525 1.17724 1.19477 1.2098 1.20987 1.21402 1.21375 1.21773 1.21309 1.21896 1.23755 1.28041 1.26409 1.26285 1.27267 1.28215 1.29015 1.29485 1.29849 1.30095 1.30522 1.32201 1.31885 1.31626 1.30149 1.29054 1.26903 1.23914 1.2093 1.1855 1.16515 1.15709 1.13577 1.09473 1.07822 1.06889 1.05796 1.04843 1.04321 1.03887 1.03515 1.03141 1.02748 1.02313 1.01748 1.01148 1.00463 0.988898 0.966401 0.957356 0.948048 0.93961 0.929215
-9999 -9999 -9999 -9999 -9999 -9999 -9999 -9999 1.17898 1.16059 1.14003 1.13749 1.13419 1.13138 1.13547 1.14262 1.14931 1.156 1.16328 1.17728 1.19154 1.2061 1.2153 1.22044 1.22483 1.22482 1.2147 1.22065 1.23235 1.25705 1.27221 1.26542 1.26045 1.26641 1.27315 1.2922 1.2906 1.29814 1.30611 1.30347 1.30023 1.30023 1.283 1.27673 1.25844 1.23284 1.20946 1.18922 1.16541 1.15775 1.1396 1.09835 1.08135 1.07146 1.05746 1.04857 1.04231 1.03723 1.03262 1.02819 1.02353 1.0186 1.01315 1.00708 1.00052 0.993751 0.978214 0.965896 0.956722 0.944809 0.933539
-9999 -9999 -9999 -9999 -9999 -9999 -9999 -9999 1.17537 1.16428 1.14626 1.13399 1.13816 1.13407 1.13377 1.14136 1.14918 1.15703 1.1626 1.17765 1.19426 1.20914 1.22654 1.23123 1.23031 1.22036 1.21604 1.22236 1.23377 1.24767 1.25047 1.24706 1.24797 1.2519 1.25754 1.26367 1.26658 1.27163 1.27113 1.27428 1.28013 1.2761 1.26194 1.26365 1.24932 1.23004 1.20904 1.18434 1.16477 1.16098 1.11694 1.09485 1.07897 1.06515 1.05494 1.04712 1.03979 1.03436 1.02924 1.02429 1.01931 1.01402 1.00851 1.00247 0.996937 0.991498 0.994247 0.964827 0.955462 0.942424 0.930392
-9999 -9999 -9999 -9999 -9999 -9999 -9999 -9999 1.17186 1.16188 1.14654 1.13905 1.14174 1.13651 1.132 1.1369 1.145 1.15004 1.15837 1.17182 1.18664 1.20291 1.21396 1.2328 1.2272 1.22046 1.21717 1.2198 1.23129 1.24157 1.24049 1.2391 1.24142 1.23854 1.24186 1.24614 1.25667 1.26032 1.25517 1.25243 1.24955 1.25039 1.24113 1.23606 1.2266 1.2163 1.19865 1.17977 1.16543 1.13198 1.10468 1.08795 1.07413 1.06182 1.05287 1.04439 1.03631 1.03038 1.02491 1.01966 1.01432 1.00895 1.00364 0.997887 0.993701 0.990978 0.99158 0.969842 0.952975 0.935906 0.895433
-9999 -9999 -9999 -9999 -9999 -9999 -9999 -9999 1.17438 1.1627 1.14989 1.14731 1.15068 1.13727 1.13047 1.13433 1.14016 1.14632 1.16129 1.16474 1.17138 1.18642 1.20659 1.22874 1.23355 1.22171 1.21909 1.22118 1.23608 1.24592 1.24738 1.24115 1.2355 1.22867 1.22842 1.23256 1.24823 1.26347 1.2527 1.23989 1.23395 1.22902 1.22879 1.22173 1.21352 1.20835 1.19267 1.18046 1.16483 1.11655 1.10079 1.08398 1.06914 1.0618 1.05261 1.0408 1.03162 1.02547 1.01973 1.01412 1.00869 1.00324 0.998416 0.993381 0.988757 0.993013 0.992916 0.980812 0.948881 0.935203 0.864992
-9999 -9999 -9999 -9999 -9999 -9999 -9999 -9999 1.17957 1.17204 1.15948 1.15703 1.15014 1.13742 1.13304 1.13282 1.13661 1.14194 1.15075 1.1578 1.16803 1.18334 1.20294 1.22457 1.24099 1.24193 1.22518 1.20953 1.23889 1.24935 1.2455 1.23756 1.22357 1.21619 1.2164 1.21784 1.22057 1.23111 1.24295 1.23869 1.22582 1.22535 1.22478 1.21202 1.20312 1.19887 1.19249 1.17119 1.13749 1.11403 1.09974 1.08241 1.06282 1.05239 1.04447 1.03296 1.02598 1.01963 1.0136 1.00794 1.0024 0.996923 0.99199 0.987854 0.988958 0.988903 0.991115 0.985466 0.939512 0.895977 0.855577
-9999 -9999 -9999 -9999 -9999 -9999 -9999 -9999 1.18868 1.17832 1.16634 1.15517 1.14462 1.13592 1.13857 1.13556 1.13912 1.13931 1.14407 1.15265 1.16185 1.17556 1.19909 1.22 1.24265 1.24397 1.22192 1.22419 1.23607 1.25475 1.24216 1.22756 1.21407 1.20717 1.21474 1.20796 1.20767 1.21042 1.21633 1.22606 1.22075 1.22489 1.21821 1.20488 1.19428 1.18558 1.17879 1.16005 1.12813 1.10735 1.09509 1.07848 1.06114 1.04474 1.03523 1.02627 1.01929 1.01288 1.00679 1.00107 0.995677 0.990539 0.985796 0.986157 0.987476 0.985804 0.985597 0.979832 0.946648 0.887623 0.848671
-9999 -9999 -9999 -9999 -9999 -9999 -9999 -9999 -9999 1.1791 1.16606 1.15722 1.15734 1.14965 1.14699 1.14567 1.148 1.1383 1.14122 1.14802 1.15671 1.16895 1.18783 1.2027 1.22437 1.24163 1.21824 1.23483 1.23359 1.23772 1.23323 1.21867 1.20291 1.20206 1.21349 1.21154 1.20813 1.20103 1.20083 1.21571 1.22046 1.22263 1.21039 1.19696 1.18715 1.17775 1.1692 1.12825 1.11313 1.0937 1.07675 1.06483 1.04986 1.03695 1.02749 1.01902 1.0119 1.00534 0.999354 0.993929 0.988663 0.984274 0.981032 0.98237 0.99307 0.98643 0.982078 0.980817 0.929028 0.856053 0.843037
-9999 -9999 -9999 -9999 -9999 -9999 -9999 -9999 -9999 1.18396 1.16777 1.16681 1.17015 1.17956 1.17955 1.15864 1.15693 1.14759 1.13913 1.14377 1.15228 1.16392 1.17696 1.19487 1.21839 1.23825 1.24465 1.22404 1.21519 1.21441 1.21153 1.20295 1.20216 1.21406 1.22468 1.21816 1.21333 1.19771 1.19246 1.19151 1.19826 1.2057 1.20606 1.1909 1.18172 1.17235 1.16271 1.1321 1.10573 1.08336 1.06719 1.05304 1.04108 1.02849 1.01905 1.01094 1.00358 0.997169 0.99142 0.98644 0.98182 0.979312 0.977351 0.983338 0.987265 0.987422 0.988828 0.966023 0.92065 0.867338 0.837503
