Test_Spring_2018b/01_18/Prec/20180120_014.txt
ncols	170
nrows	115
xllcorner	350000.000000
yllcorner	4445000.000000
cellsize	1000.000000
nodata_value	-9999.000000
[rows 31 to 61 of 115, columns 70 to 139 of 170]
2.6972 2.69472 2.68356 2.65873 2.64391 2.60978 2.57597 2.56201 2.44876 2.43737 2.41991 2.41076 2.39812 2.37981 2.36921 2.33844 2.25027 2.2625 2.25784 2.21773 2.21056 2.20839 2.16384 2.08071 2.02689 1.95749 1.88787 1.85109 1.78596 -9999 -9999 -9999 -9999 -9999 -9999 -9999 -9999 -9999 -9999 -9999 -9999 -9999 -9999 -9999 -9999 -9999 -9999 -9999 -9999 -9999 -9999 -9999 -9999 -9999 -9999 -9999 -9999 -9999 -9999 -9999 -9999 -9999 -9999 -9999 -9999 -9999 -9999 -9999 -9999 -9999
2.64061 2.63313 2.61878 2.59621 2.59532 2.59373 2.50726 2.4318 2.39472 2.38443 2.36871 2.34498 2.33212 2.31936 2.30873 2.28059 2.21421 2.15168 2.16638 2.15164 2.11461 2.12867 2.088 2.01619 1.92331 1.93243 1.89509 1.77718 1.67964 -9999 -9999 -9999 -9999 -9999 -9999 -9999 -9999 -9999 -9999 -9999 -9999 -9999 -9999 -9999 -9999 -9999 -9999 -9999 -9999 -9999 -9999 -9999 -9999 -9999 -9999 -9999 -9999 -9999 -9999 -9999 -9999 -9999 -9999 -9999 -9999 -9999 -9999 -9999 -9999 -9999
2.56439 2.56746 2.55112 2.5352 2.54218 2.52913 2.47894 2.38603 2.33879 2.33 2.31691 2.30027 2.28513 2.26993 2.24489 2.21237 2.15343 2.08367 2.05806 2.07303 2.05885 2.04613 2.01048 1.96895 1.91424 1.91746 1.90355 1.80083 1.68205 1.56066 -9999 -9999 -9999 -9999 -9999 -9999 -9999 -9999 -9999 -9999 -9999 -9999 -9999 -9999 -9999 -9999 -9999 -9999 -9999 -9999 -9999 -9999 -9999 -9999 -9999 -9999 -9999 -9999 -9999 -9999 -9999 -9999 -9999 -9999 -9999 -9999 -9999 -9999 -9999 -9999
2.48197 2.49731 2.48057 2.45107 2.45164 2.4487 2.36719 2.27246 2.26236 2.27332 2.26012 2.24749 2.22643 2.20775 2.18411 2.15126 2.10877 2.05943 1.98091 2.01015 2.02935 2.01404 1.9964 1.96455 1.91462 1.92074 1.90089 1.74419 1.60254 1.55266 1.51913 -9999 -9999 -9999 -9999 -9999 -9999 -9999 -9999 -9999 -9999 -9999 -9999 -9999 -9999 -9999 -9999 -9999 -9999 -9999 -9999 -9999 -9999 -9999 -9999 -9999 -9999 -9999 -9999 -9999 -9999 -9999 -9999 -9999 -9999 -9999 -9999 -9999 -9999 -9999
-9999 2.42266 2.40811 2.37609 2.378 2.38273 2.33771 2.2618 2.21604 2.20947 2.20299 2.18873 2.16549 2.12287 2.10659 2.09391 2.06212 2.00768 1.95347 1.93168 1.97029 1.9728 1.95718 1.95418 1.91223 1.90775 1.88427 1.79582 1.62648 1.55875 1.52111 1.46806 -9999 -9999 -9999 -9999 -9999 -9999 -9999 -9999 -9999 -9999 -9999 -9999 -9999 -9999 -9999 -9999 -9999 -9999 -9999 -9999 -9999 -9999 -9999 -9999 -9999 -9999 -9999 -9999 -9999 -9999 -9999 -9999 -9999 -9999 -9999 -9999 -9999 -9999
-9999 -9999 -9999 -9999 2.29815 2.25899 2.21263 2.19875 2.15931 2.15383 2.14766 2.13155 2.09618 2.07186 2.05757 2.03155 1.99626 1.97109 1.93435 1.89699 1.89956 1.93292 1.90445 1.92338 1.90831 1.89952 1.86352 1.6853 1.58392 1.52592 1.49092 1.44465 -9999 -9999 -9999 -9999 -9999 -9999 -9999 -9999 -9999 -9999 -9999 -9999 -9999 -9999 -9999 -9999 -9999 -9999 -9999 -9999 -9999 -9999 -9999 -9999 -9999 -9999 -9999 -9999 -9999 -9999 -9999 -9999 -9999 -9999 -9999 -9999 -9999 -9999
-9999 -9999 -9999 -9999 -9999 2.20633 2.15568 2.16916 2.10502 2.09464 2.09217 2.07476 2.04998 2.02797 2.00469 1.98054 1.95111 1.92166 1.8879 1.87893 1.89997 1.89431 1.88197 1.8784 1.8825 1.867 1.77314 1.63358 1.58764 1.47202 1.42771 1.41059 1.37407 -9999 -9999 -9999 -9999 -9999 -9999 -9999 -9999 -9999 -9999 -9999 -9999 1.25727 -9999 -9999 -9999 -9999 -9999 -9999 -9999 -9999 -9999 -9999 -9999 -9999 -9999 -9999 -9999 -9999 -9999 -9999 -9999 -9999 0.620844 -9999 -9999 -9999
-9999 -9999 -9999 -9999 2.2112 2.12567 2.12591 2.12736 2.09574 2.04257 2.04022 2.0208 1.99611 1.97186 1.94173 1.92437 1.90271 1.87225 1.86148 1.86584 1.86654 1.86804 1.86716 1.85974 1.84696 1.83006 1.68387 1.64375 1.60992 1.5127 1.45531 1.41037 1.35285 1.30457 -9999 -9999 -9999 -9999 -9999 -9999 -9999 1.27214 1.25979 1.24837 1.24309 1.25075 1.21954 -9999 -9999 -9999 -9999 -9999 -9999 -9999 -9999 -9999 -9999 -9999 -9999 -9999 -9999 -9999 -9999 -9999 -9999 -9999 0.632286 0.582873 -9999 -9999
-9999 -9999 -9999 -9999 2.08124 2.08962 2.08462 2.0842 2.07305 2.00162 1.98589 1.96949 1.94706 1.92023 1.89216 1.87754 1.85191 1.83631 1.82604 1.8357 1.83736 1.83238 1.82562 1.81799 1.79827 1.78888 1.66482 1.63429 1.59143 1.54602 1.4524 1.38049 1.31001 1.25038 -9999 -9999 -9999 -9999 -9999 -9999 1.26489 1.27552 1.27762 1.24219 1.25043 1.2546 1.23409 1.0756 -9999 -9999 -9999 -9999 -9999 -9999 -9999 -9999 -9999 -9999 -9999 -9999 -9999 -9999 0.825425 0.782547 0.706499 0.658994 0.622147 0.574837 -9999 -9999
-9999 -9999 -9999 -9999 2.03936 2.05121 2.05119 2.04511 2.02382 1.96566 1.94171 1.92023 1.89608 1.87277 1.85177 1.82387 1.80727 1.78137 1.79634 1.79564 1.79306 1.77768 1.772 1.7413 1.72526 1.61608 1.63061 1.59668 1.53907 1.46927 1.37535 1.33075 1.29084 1.23529 -9999 -9999 -9999 -9999 -9999 -9999 1.25081 1.26442 1.27369 1.26657 1.23024 1.24973 1.11953 1.07796 1.04955 1.04005 1.02236 0.969853 0.943205 0.927393 0.899672 0.891799 -9999 -9999 -9999 -9999 0.83982 0.83208 0.823349 0.799421 0.718137 0.656155 0.596302 0.526488 -9999 -9999
-9999 -9999 -9999 -9999 2.02115 2.02419 2.01498 1.99478 1.98122 1.91914 1.89624 1.83576 1.81189 1.79069 1.77244 1.75411 1.73427 1.73033 1.72754 1.72269 1.69096 1.65402 1.67416 1.68813 1.57837 1.58068 1.59223 1.55565 1.48906 1.41225 1.359 1.32126 1.27295 1.19326 -9999 -9999 -9999 1.17652 1.1989 1.19537 1.19829 1.21954 1.23292 1.26122 1.26083 1.18277 1.11319 1.07044 1.02428 1.00442 1.01332 0.99484 0.937413 0.920842 0.893162 0.860493 0.857244 0.851419 0.843287 0.832963 0.824829 0.817681 0.807489 0.784679 0.728358 0.678166 0.637479 0.511175 -9999 -9999
-9999 -9999 -9999 -9999 1.94998 1.95073 1.94401 1.91972 1.89509 1.8763 1.812 1.79599 1.77272 1.74015 1.73044 1.71508 1.70394 1.69569 1.69007 1.66373 1.6284 1.59357 1.57957 1.53907 1.50579 1.48671 1.49833 1.51071 1.42805 1.3577 1.3297 1.28377 1.20605 1.14406 -9999 -9999 1.10959 1.15865 1.19279 1.20874 1.21076 1.20637 1.2262 1.2194 1.23599 1.15841 1.06556 1.04451 1.02064 1.00089 0.954279 0.930519 0.904744 0.887651 0.873134 0.858089 0.851966 0.843398 0.835852 0.829078 0.818678 0.81394 0.806225 0.788598 0.731472 0.693903 0.615087 0.494707 -9999 -9999
-9999 -9999 -9999 -9999 1.8886 1.88788 1.88408 1.8639 1.84902 1.84107 1.76742 1.75509 1.73715 1.70683 1.68247 1.67822 1.66855 1.66345 1.66211 1.63915 1.61406 1.57329 1.54969 1.48998 1.47473 1.395 1.39352 1.37438 1.3523 1.33955 1.33245 1.27021 1.22306 1.14568 1.10354 -9999 1.097 1.1162 1.15926 1.19638 1.21896 1.20589 1.23018 1.22735 1.18592 1.15701 1.07915 1.01162 0.981771 0.949692 0.941369 0.938062 0.902167 0.885832 0.86428 0.851568 0.842076 0.834231 0.82821 0.823571 0.818749 0.813223 0.805315 0.792973 0.759909 0.692424 0.623281 0.497072 -9999 -9999
-9999 -9999 -9999 1.8574 1.86711 1.87452 1.86344 1.84582 1.82408 1.79839 1.73648 1.72829 1.70447 1.68267 1.64373 1.6314 1.62661 1.63503 1.63624 1.63949 1.6301 1.58023 1.5314 1.47801 1.43376 1.38534 1.37913 1.39415 1.37492 1.33536 1.29308 1.2298 1.21149 1.16234 1.08169 1.07633 1.09576 1.11089 1.14005 1.18742 1.22012 1.2326 1.23334 1.20082 1.19057 1.12746 1.05885 1.02282 0.981384 0.948885 0.918718 0.902181 0.868161 0.873837 0.861454 0.84232 0.833364 0.826787 0.82238 0.81941 0.816343 0.811793 0.805708 0.796522 0.759722 0.711114 0.601572 0.505701 -9999 -9999
-9999 -9999 -9999 -9999 1.84311 1.8367 1.81828 1.79771 1.77863 1.75869 1.70881 1.68541 1.67036 1.65611 1.6226 1.58938 1.59894 1.60375 1.61373 1.62055 1.62707 1.54724 1.51963 1.49515 1.45156 1.43269 1.43014 1.41409 1.38813 1.32453 1.26098 1.17922 1.11615 1.10055 1.07372 1.07353 1.08479 1.12704 1.15763 1.16993 1.17841 1.22623 1.2092 1.17935 1.17025 1.12753 1.06706 1.02136 0.992196 0.958261 0.926614 0.860265 0.853296 0.833725 0.83969 0.83937 0.826945 0.821354 0.818361 0.81624 0.814355 0.811145 0.806005 0.781527 0.754505 0.713153 0.5954 0.506611 -9999 -9999
-9999 -9999 -9999 -9999 -9999 -9999 1.7921 1.77375 1.74955 1.72687 1.68882 1.67096 1.65286 1.63369 1.61058 1.58296 1.57087 1.57307 1.55736 1.57504 1.58729 1.58569 1.58003 1.53151 1.48312 1.49057 1.46808 1.41802 1.37373 1.32926 1.25833 1.19048 1.12133 1.06808 1.05691 1.09526 1.13038 1.17419 1.1938 1.18189 1.19414 1.19247 1.20554 1.19968 1.17297 1.12761 1.06826 1.01364 0.998905 0.966468 0.924388 0.885674 0.845545 0.835685 0.822758 0.828246 0.823684 0.818037 0.815652 0.814616 0.813488 0.811029 0.792 0.777402 0.757953 0.733289 0.611614 0.494609 -9999 -9999
-9999 -9999 -9999 -9999 -9999 -9999 1.75942 1.73767 1.72072 1.72116 1.67494 1.65786 1.6362 1.62105 1.60146 1.57454 1.55227 1.53462 1.51228 1.52486 1.55679 1.57378 1.57164 1.5271 1.51984 1.49751 1.46619 1.40568 1.35551 1.31982 1.25145 1.17991 1.13015 1.06901 1.08213 1.10009 1.12719 1.1773 1.21129 1.2239 1.2026 1.20715 1.22355 1.20302 1.16041 1.13328 1.06499 1.00166 0.99478 0.967927 0.928003 0.898699 0.853307 0.836438 0.82762 0.822907 0.819804 0.815876 0.813783 0.81325 0.812769 0.804863 0.794592 0.779766 0.759606 0.734395 0.644848 0.491866 -9999 -9999
-9999 -9999 -9999 -9999 -9999 -9999 -9999 1.70356 1.70274 1.71436 1.66334 1.64034 1.62925 1.61348 1.59249 1.57676 1.55089 1.52061 1.46439 1.47826 1.50647 1.54611 1.56304 1.55177 1.51126 1.47342 1.40291 1.33806 1.31362 1.28737 1.23324 1.17248 1.11998 1.13374 1.15235 1.17588 1.18827 1.18366 1.21302 1.23445 1.21712 1.22465 1.23046 1.19848 1.16658 1.13224 1.06174 1.02474 0.989896 0.971115 0.926429 0.902639 0.860368 0.839387 0.827229 0.820142 0.817414 0.814222 0.812773 0.812683 0.81038 0.805016 0.794536 0.778966 0.758266 0.732506 0.697284 0.59368 0.52183 -9999
-9999 -9999 -9999 -9999 -9999 -9999 -9999 1.66622 1.65251 1.67329 1.62818 1.62991 1.62384 1.60978 1.58469 1.56656 1.52959 1.51922 1.46584 1.44239 1.45939 1.4467 1.49893 1.54201 1.50149 1.37864 1.32244 1.27669 1.2654 1.24763 1.22074 1.1379 1.1118 1.15351 1.17918 1.20004 1.21685 1.21645 1.21685 1.25108 1.24932 1.24894 1.22866 1.20753 1.16221 1.12084 1.07287 1.02487 0.98697 0.969199 0.919817 0.904916 0.861268 0.837046 0.821617 0.82073 0.815879 0.813321 0.80987 0.81008 0.807677 0.801176 0.790864 0.774997 0.753636 0.728061 0.697643 0.645313 0.578353 0.529522
-9999 -9999 -9999 -9999 -9999 -9999 -9999 -9999 1.59724 1.63915 1.61072 1.60936 1.61705 1.60721 1.56862 1.55588 1.52388 1.4949 1.44636 1.38907 1.36131 1.43925 1.50408 1.53167 1.49629 1.39092 1.33833 1.31881 1.32177 1.28762 1.25894 1.19026 1.16825 1.14367 1.14981 1.16746 1.19302 1.22394 1.24399 1.24166 1.24528 1.24218 1.22475 1.2045 1.1759 1.14465 1.0681 1.04541 0.999736 0.97183 0.936636 0.904578 0.860433 0.831296 0.824386 0.820759 0.815926 0.804472 0.805338 0.805244 0.802401 0.795609 0.783265 0.767174 0.746188 0.72038 0.690887 0.645674 0.606387 0.551092
-9999 -9999 -9999 -9999 -9999 -9999 -9999 -9999 1.55416 1.59791 1.57115 1.59784 1.57481 1.56641 1.5656 1.55549 1.53111 1.49299 1.45923 1.39482 1.32563 1.41065 1.4846 1.51554 1.50455 1.39505 1.39835 1.36447 1.35456 1.30846 1.28163 1.24583 1.21589 1.1861 1.13222 1.10993 1.17806 1.2135 1.23913 1.24672 1.2441 1.23301 1.22137 1.19141 1.13779 1.13017 1.07116 1.0351 0.999287 0.966103 0.934013 0.904276 0.861953 0.843891 0.823432 0.807228 0.797658 0.798134 0.798553 0.797398 0.793525 0.786213 0.7747 0.760907 0.735588 0.710354 0.681543 0.637542 0.602977 0.566567
-9999 -9999 -9999 -9999 -9999 -9999 -9999 -9999 1.44924 1.52618 1.4979 1.53236 1.54176 1.55037 1.55422 1.54016 1.52914 1.50094 1.47217 1.42732 1.36059 1.31401 1.37594 1.45852 1.48931 1.45103 1.43213 1.39656 1.36369 1.34717 1.33567 1.28985 1.21246 1.17572 1.14737 1.13976 1.19096 1.1997 1.19533 1.24115 1.23141 1.21396 1.17548 1.14323 1.12208 1.07812 1.03124 0.983006 0.966369 0.949118 0.9259 0.900122 0.857951 0.817167 0.807365 0.792385 0.79057 0.789687 0.788739 0.786532 0.781806 0.77342 0.761489 0.746076 0.727728 0.703612 0.670439 0.62787 0.595474 0.561582
-9999 -9999 -9999 -9999 -9999 -9999 -9999 -9999 1.38886 1.40411 1.46617 1.47724 1.51562 1.52431 1.53813 1.53525 1.52309 1.49769 1.4645 1.42593 1.36701 1.31884 1.35052 1.40978 1.44063 1.41962 1.41673 1.40037 1.3817 1.31147 1.29841 1.27138 1.24987 1.1889 1.17293 1.14751 1.20274 1.20981 1.19979 1.21978 1.2084 1.15501 1.10668 1.08118 1.08926 1.04516 0.983774 0.943092 0.926067 0.930983 0.865132 0.844773 0.819759 0.809751 0.787815 0.783509 0.780628 0.778684 0.776349 0.773015 0.767446 0.758304 0.746073 0.7304 0.710782 0.689365 0.662989 0.620681 0.586478 0.555499
-9999 -9999 -9999 -9999 -9999 -9999 -9999 -9999 1.32706 1.36363 1.41947 1.44786 1.48887 1.50528 1.51758 1.51686 1.50212 1.48771 1.46475 1.42962 1.40127 1.35675 1.29815 1.36209 1.38124 1.36543 1.29698 1.30345 1.2899 1.26969 1.24847 1.25667 1.2212 1.19477 1.18858 1.17582 1.2067 1.20681 1.20314 1.19524 1.1521 1.09232 1.03824 1.04416 1.0158 1.01837 0.923624 0.895031 0.890506 0.871268 0.836359 0.803136 0.801282 0.777676 0.773577 0.770543 0.768302 0.764775 0.761768 0.756944 0.750237 0.740921 0.728435 0.712989 0.694395 0.673016 0.648997 0.608594 0.579948 0.530187
-9999 -9999 -9999 -9999 -9999 -9999 -9999 -9999 -9999 1.25724 1.30121 1.37091 1.41073 1.43683 1.45022 1.45038 1.44236 1.43106 1.41365 1.38437 1.34728 1.29319 1.24798 1.25107 1.26581 1.23166 1.23109 1.26184 1.26533 1.23429 1.14776 1.14119 1.17736 1.17921 1.17934 1.17883 1.19286 1.18781 1.17557 1.14597 1.06596 1.01964 0.974062 0.956177 0.918931 0.940376 0.870953 0.87461 0.861468 0.841607 0.789749 0.747596 0.745853 0.74861 0.738322 0.740769 0.752892 0.748792 0.744382 0.738479 0.731226 0.721646 0.70936 0.682865 0.663954 0.642655 0.617309 0.577835 0.548295 0.519464
-9999 -9999 -9999 -9999 -9999 -9999 -9999 -9999 -9999 1.18541 1.2603 1.34178 1.36743 1.39402 1.41711 1.41662 1.40397 1.38997 1.3735 1.35335 1.31162 1.2691 1.22671 1.20279 1.19429 1.16616 1.17686 1.22265 1.22324 1.20982 1.07993 1.05865 1.10557 1.14625 1.15086 1.14843 1.10171 1.10974 1.08002 1.0383 1.01818 0.989352 0.941003 0.937099 0.89296 0.880716 0.837852 0.830404 0.814697 0.81309 0.766721 0.717916 0.714557 0.720628 0.712458 0.723475 0.724138 0.720487 0.715214 0.708749 0.700408 0.690205 0.677264 0.661883 0.644186 0.623992 0.600948 0.568972 0.497376 0.473209
-9999 -9999 -9999 -9999 -9999 -9999 -9999 -9999 -9999 1.16795 1.21752 1.28837 1.34118 1.34265 1.36794 1.37972 1.36522 1.34786 1.3285 1.31472 1.27116 1.22292 1.18086 1.13282 1.12616 1.13963 1.15453 1.18099 1.17805 1.1623 1.05438 1.06567 1.09649 1.11319 1.11819 1.11386 1.10232 1.09344 1.06973 1.05405 1.01797 0.964757 0.9336 0.926363 0.864699 0.847793 0.843222 0.785897 0.791324 0.783539 0.731277 0.683054 0.699568 0.703739 0.707909 0.706544 0.702323 0.699769 0.693183 0.685972 0.6773 0.666749 0.654422 0.639606 0.62312 0.601969 0.577786 0.526351 0.473911 0.455045
-9999 -9999 -9999 -9999 -9999 -9999 -9999 -9999 -9999 1.14834 1.19154 1.25127 1.28673 1.29038 1.31726 1.34061 1.33362 1.31534 1.30506 1.28377 1.24634 1.20491 1.15983 1.1322 1.08272 1.11043 1.11515 1.13713 1.14335 1.03472 1.01737 1.03584 1.05532 1.0624 1.08306 1.08115 1.07142 1.03653 1.01579 1.01455 0.998274 0.974992 0.933369 0.916577 0.881858 0.856658 0.831375 0.770382 0.764421 0.746419 0.706144 0.68739 0.689856 0.688896 0.688576 0.682593 0.679023 0.676986 0.66998 0.66209 0.653005 0.642795 0.630696 0.616045 0.600248 0.577251 0.547645 0.506164 0.429969 0.438358
-9999 -9999 -9999 -9999 -9999 -9999 -9999 -9999 -9999 1.10862 1.15404 1.2031 1.22078 1.21989 1.2698 1.29867 1.294 1.28241 1.269 1.22814 1.22242 1.20725 1.16715 1.11255 1.05348 1.04933 1.05354 1.08846 1.09456 0.967383 0.947884 0.954473 0.984283 1.01113 1.03943 1.04442 1.03184 0.978994 0.921764 0.938037 0.95424 0.943177 0.923193 0.883509 0.86023 0.836868 0.8016 0.723313 0.719295 0.710003 0.665201 0.662032 0.666484 0.669438 0.653818 0.647869 0.653269 0.653149 0.645399 0.637131 0.628328 0.618206 0.606782 0.59178 0.57556 0.55624 0.508071 0.47187 0.413466 0.424431
-9999 -9999 -9999 -9999 -9999 -9999 -9999 -9999 -9999 1.05931 1.08904 1.13435 1.14882 1.17684 1.22252 1.24239 1.24917 1.24341 1.23272 1.21133 1.19559 1.1706 1.13083 1.07896 1.0221 0.982595 0.991854 1.02528 0.989531 0.905937 0.881609 0.90098 0.932208 0.980678 1.00687 1.00708 1.00007 0.985024 0.941463 0.888909 0.88045 0.893188 0.862934 0.828393 0.827015 0.810412 0.776918 0.748161 0.703097 0.664521 0.630327 0.62459 0.631703 0.649535 0.643076 0.632462 0.63587 0.627878 0.619723 0.611649 0.602754 0.593234 0.582795 0.569562 0.552553 0.518085 0.485808 0.445429 0.428261 0.424711
-9999 -9999 -9999 -9999 -9999 -9999 -9999 -9999 -9999 0.996864 1.03223 1.07279 1.11106 1.14765 1.1788 1.17543 1.18964 1.18404 1.18914 1.18075 1.16123 1.14053 1.10688 1.04402 0.990151 0.931882 0.939772 0.977294 0.893298 0.862429 0.810511 0.853766 0.902248 0.945919 0.967528 0.942487 0.958493 0.951313 0.931123 0.89718 0.847324 0.839101 0.797627 0.785121 0.789116 0.781356 0.764976 0.740657 0.68192 0.649032 0.60643 0.595518 0.600803 0.611574 0.622775 0.616158 0.610796 0.601908 0.593287 0.585124 0.576639 0.567448 0.557239 0.545185 0.516558 0.483864 0.459135 0.428805 0.414581 0.427416
