Test_Spring_2018b/01_18/Prec/20180113_006.txt
ncols	170
nrows	115
xllcorner	350000.000000
yllcorner	4445000.000000
cellsize	1000.000000
nodata_value	-9999.000000
[rows 31 to 61 of 115, columns 70 to 139 of 170]
0.127874 0.127711 0.129916 0.135911 0.139331 0.144495 0.151625 0.15534 0.166941 0.17032 0.175577 0.178735 0.182896 0.188525 0.191868 0.200363 0.223992 0.219838 0.219665 0.228486 0.227752 0.225092 0.233436 0.251852 0.26203 0.276271 0.280895 0.288399 0.301033 -9999 -9999 -9999 -9999 -9999 -9999 -9999 -9999 -9999 -9999 -9999 -9999 -9999 -9999 -9999 -9999 -9999 -9999 -9999 -9999 -9999 -9999 -9999 -9999 -9999 -9999 -9999 -9999 -9999 -9999 -9999 -9999 -9999 -9999 -9999 -9999 -9999 -9999 -9999 -9999 -9999
0.134948 0.136411 0.139762 0.145399 0.145244 0.145399 0.163121 0.170224 0.173681 0.176526 0.18098 0.187693 0.19147 0.195151 0.198092 0.205532 0.223009 0.23903 0.233629 0.235726 0.243379 0.236698 0.244445 0.26028 0.281552 0.274953 0.280866 0.301212 0.307368 -9999 -9999 -9999 -9999 -9999 -9999 -9999 -9999 -9999 -9999 -9999 -9999 -9999 -9999 -9999 -9999 -9999 -9999 -9999 -9999 -9999 -9999 -9999 -9999 -9999 -9999 -9999 -9999 -9999 -9999 -9999 -9999 -9999 -9999 -9999 -9999 -9999 -9999 -9999 -9999 -9999
0.147037 0.145919 0.150091 0.154181 0.152092 0.155487 0.165995 0.175117 0.180847 0.183073 0.186515 0.190947 0.194952 0.198906 0.205402 0.213745 0.22901 0.246913 0.252492 0.246689 0.248405 0.249337 0.256117 0.264152 0.27547 0.270837 0.270693 0.285499 0.299187 0.317425 -9999 -9999 -9999 -9999 -9999 -9999 -9999 -9999 -9999 -9999 -9999 -9999 -9999 -9999 -9999 -9999 -9999 -9999 -9999 -9999 -9999 -9999 -9999 -9999 -9999 -9999 -9999 -9999 -9999 -9999 -9999 -9999 -9999 -9999 -9999 -9999 -9999 -9999 -9999 -9999
0.160579 0.156429 0.161003 0.169043 0.1689 0.169683 0.176984 0.191229 0.193632 0.1903 0.193505 0.196525 0.201789 0.206347 0.212159 0.220351 0.231 0.243316 0.263313 0.253796 0.246701 0.248644 0.250879 0.256635 0.266977 0.261824 0.263489 0.279206 0.302812 0.311705 0.316322 -9999 -9999 -9999 -9999 -9999 -9999 -9999 -9999 -9999 -9999 -9999 -9999 -9999 -9999 -9999 -9999 -9999 -9999 -9999 -9999 -9999 -9999 -9999 -9999 -9999 -9999 -9999 -9999 -9999 -9999 -9999 -9999 -9999 -9999 -9999 -9999 -9999 -9999 -9999
-9999 0.168034 0.172335 0.181339 0.181054 0.179891 0.17934 0.190982 0.198433 0.199675 0.200807 0.203975 0.209521 0.220274 0.223826 0.226346 0.233981 0.247658 0.261136 0.265634 0.253507 0.250895 0.25288 0.251091 0.25951 0.257411 0.260152 0.264809 0.289332 0.302241 0.307756 0.317606 -9999 -9999 -9999 -9999 -9999 -9999 -9999 -9999 -9999 -9999 -9999 -9999 -9999 -9999 -9999 -9999 -9999 -9999 -9999 -9999 -9999 -9999 -9999 -9999 -9999 -9999 -9999 -9999 -9999 -9999 -9999 -9999 -9999 -9999 -9999 -9999 -9999 -9999
-9999 -9999 -9999 -9999 0.194949 0.194139 0.198589 0.201156 0.206367 0.207141 0.207954 0.211352 0.219907 0.225424 0.228212 0.234192 0.242696 0.248442 0.25728 0.266176 0.264061 0.253336 0.259065 0.251555 0.252852 0.252013 0.258148 0.277008 0.293924 0.30354 0.308036 0.315701 -9999 -9999 -9999 -9999 -9999 -9999 -9999 -9999 -9999 -9999 -9999 -9999 -9999 -9999 -9999 -9999 -9999 -9999 -9999 -9999 -9999 -9999 -9999 -9999 -9999 -9999 -9999 -9999 -9999 -9999 -9999 -9999 -9999 -9999 -9999 -9999 -9999 -9999
-9999 -9999 -9999 -9999 -9999 0.201452 0.20713 0.202807 0.214061 0.215994 0.215578 0.219073 0.224493 0.229143 0.234175 0.239522 0.246391 0.253339 0.261491 0.262872 0.255974 0.256082 0.257664 0.25644 0.252646 0.253644 0.261349 0.284123 0.291579 0.310858 0.317493 0.316837 0.32164 -9999 -9999 -9999 -9999 -9999 -9999 -9999 -9999 -9999 -9999 -9999 -9999 0.311866 -9999 -9999 -9999 -9999 -9999 -9999 -9999 -9999 -9999 -9999 -9999 -9999 -9999 -9999 -9999 -9999 -9999 -9999 -9999 -9999 0.354932 -9999 -9999 -9999
-9999 -9999 -9999 -9999 0.203649 0.209152 0.208786 0.20767 0.215344 0.223425 0.222762 0.226559 0.231711 0.236752 0.24348 0.24689 0.251638 0.258934 0.260992 0.258961 0.257819 0.256222 0.254899 0.254862 0.255698 0.257018 0.269151 0.275015 0.278761 0.294907 0.302606 0.309019 0.319058 0.326933 -9999 -9999 -9999 -9999 -9999 -9999 -9999 0.31127 0.312665 0.313535 0.31231 0.307026 0.311671 -9999 -9999 -9999 -9999 -9999 -9999 -9999 -9999 -9999 -9999 -9999 -9999 -9999 -9999 -9999 -9999 -9999 -9999 -9999 0.346838 0.355956 -9999 -9999
-9999 -9999 -9999 -9999 0.215048 0.213031 0.214126 0.213462 0.215231 0.228417 0.231175 0.233925 0.238239 0.243792 0.249826 0.252429 0.258277 0.261646 0.263744 0.260498 0.259341 0.259733 0.26019 0.260313 0.263031 0.262183 0.26904 0.271866 0.277543 0.283561 0.296367 0.309552 0.3226 0.333118 -9999 -9999 -9999 -9999 -9999 -9999 0.307038 0.302772 0.300722 0.308538 0.303995 0.299892 0.30173 0.311036 -9999 -9999 -9999 -9999 -9999 -9999 -9999 -9999 -9999 -9999 -9999 -9999 -9999 -9999 0.301039 0.310588 0.328769 0.338676 0.345041 0.353527 -9999 -9999
-9999 -9999 -9999 -9999 0.22097 0.218153 0.217939 0.218758 0.22314 0.231604 0.23747 0.241386 0.245969 0.250405 0.254417 0.2606 0.264056 0.270353 0.265803 0.26561 0.265852 0.269291 0.269617 0.276072 0.277744 0.28303 0.273795 0.277019 0.286093 0.298068 0.313753 0.31584 0.32005 0.329003 -9999 -9999 -9999 -9999 -9999 -9999 0.303369 0.298809 0.29532 0.295898 0.303789 0.295738 0.300448 0.306374 0.308059 0.304075 0.301945 0.300707 0.298129 0.296408 0.298396 0.295603 -9999 -9999 -9999 -9999 0.295172 0.295769 0.296654 0.301442 0.321347 0.335372 0.348032 0.347636 -9999 -9999
-9999 -9999 -9999 -9999 0.221104 0.220815 0.223135 0.227732 0.229884 0.239269 0.244786 0.250141 0.255134 0.259502 0.263257 0.267273 0.271949 0.27252 0.27289 0.273794 0.281794 0.290827 0.283812 0.286313 0.304991 0.289359 0.280427 0.283766 0.294605 0.307758 0.311497 0.311643 0.317566 0.322832 -9999 -9999 -9999 0.312643 0.3049 0.304746 0.303163 0.296664 0.292082 0.292046 0.290517 0.295708 0.299122 0.305027 0.311086 0.309381 0.299452 0.296759 0.294339 0.292417 0.294084 0.289679 0.286892 0.285529 0.285455 0.286513 0.287333 0.288022 0.289432 0.293927 0.314928 0.325937 0.333423 0.343737 -9999 -9999
-9999 -9999 -9999 -9999 0.230639 0.230978 0.232695 0.233397 0.238652 0.241975 0.252535 0.256981 0.26184 0.26936 0.270904 0.274261 0.276751 0.278679 0.280005 0.286897 0.295981 0.304479 0.306681 0.30803 0.313325 0.304308 0.294896 0.292227 0.293291 0.304428 0.304107 0.305723 0.318899 0.329757 -9999 -9999 0.326808 0.311351 0.300778 0.295756 0.294854 0.295725 0.289744 0.290427 0.283966 0.290024 0.300794 0.300483 0.308799 0.306484 0.299076 0.297851 0.289897 0.286944 0.285666 0.285328 0.283418 0.28301 0.283082 0.283548 0.285386 0.285814 0.286898 0.290249 0.303657 0.310908 0.316323 0.338915 -9999 -9999
-9999 -9999 -9999 -9999 0.234912 0.235135 0.235746 0.240397 0.243282 0.248093 0.261428 0.263395 0.268377 0.275422 0.281111 0.281649 0.28395 0.285231 0.285572 0.291678 0.298052 0.308149 0.312848 0.320012 0.319981 0.315359 0.308366 0.3058 0.303835 0.29932 0.298317 0.3039 0.309392 0.323609 0.329896 -9999 0.32473 0.317685 0.305069 0.294725 0.288664 0.292271 0.285386 0.285196 0.284346 0.288506 0.295446 0.295741 0.296462 0.29757 0.29221 0.291431 0.286151 0.284169 0.283644 0.282703 0.281859 0.281514 0.281517 0.281802 0.282539 0.28357 0.285031 0.287179 0.294169 0.299406 0.31334 0.337334 -9999 -9999
-9999 -9999 -9999 0.245111 0.238056 0.236029 0.238579 0.242521 0.247282 0.252915 0.263938 0.268281 0.273685 0.279831 0.289708 0.292678 0.293889 0.291703 0.291512 0.2906 0.292724 0.305216 0.31161 0.31226 0.318235 0.316781 0.310341 0.29782 0.294464 0.296684 0.299906 0.306209 0.307546 0.314415 0.330977 0.328539 0.320613 0.315003 0.306542 0.29381 0.285379 0.282368 0.282105 0.282115 0.282014 0.284518 0.288779 0.290978 0.294269 0.294963 0.295066 0.291729 0.286876 0.283417 0.281208 0.281525 0.280742 0.280353 0.280284 0.280517 0.281174 0.282293 0.283539 0.285007 0.285242 0.294367 0.314962 0.330567 -9999 -9999
-9999 -9999 -9999 -9999 0.242321 0.243967 0.248462 0.253194 0.257274 0.261446 0.269595 0.275568 0.279451 0.284794 0.294316 0.303225 0.30078 0.299764 0.297309 0.295467 0.293226 0.303956 0.306727 0.307606 0.312725 0.30293 0.294812 0.290103 0.288035 0.296336 0.304989 0.31617 0.326497 0.325022 0.329307 0.325695 0.320272 0.30764 0.299142 0.296262 0.294691 0.28231 0.281439 0.280153 0.277888 0.283723 0.285632 0.289882 0.289309 0.289923 0.290038 0.299922 0.287872 0.287483 0.281195 0.279691 0.27984 0.279508 0.27942 0.279793 0.280474 0.281516 0.282708 0.283034 0.284356 0.290689 0.316626 0.329993 -9999 -9999
-9999 -9999 -9999 -9999 -9999 -9999 0.253501 0.257634 0.263167 0.268222 0.273544 0.278337 0.283409 0.288992 0.295833 0.304742 0.308398 0.308242 0.312825 0.305666 0.29824 0.294615 0.290882 0.297675 0.297213 0.28619 0.282896 0.286913 0.28941 0.292219 0.302685 0.310087 0.32215 0.331077 0.329858 0.316498 0.305763 0.293015 0.287786 0.291714 0.289291 0.283729 0.277326 0.274878 0.276934 0.282986 0.284397 0.290558 0.285624 0.285467 0.288141 0.290351 0.287496 0.284592 0.283648 0.278874 0.277959 0.278958 0.279037 0.279424 0.280156 0.281181 0.281756 0.282929 0.284197 0.285644 0.312226 0.332948 -9999 -9999
-9999 -9999 -9999 -9999 -9999 -9999 0.26052 0.265581 0.269239 0.268185 0.276054 0.280972 0.28738 0.292247 0.29848 0.306754 0.313796 0.319126 0.324462 0.319311 0.30753 0.298434 0.293242 0.298421 0.286461 0.283016 0.281685 0.288201 0.292059 0.292357 0.302111 0.310634 0.317652 0.329009 0.32153 0.314043 0.305284 0.291406 0.282464 0.279245 0.283607 0.280445 0.272827 0.273967 0.279898 0.28055 0.284169 0.292305 0.284928 0.283036 0.285001 0.284633 0.283436 0.282653 0.280883 0.279209 0.278245 0.278499 0.279163 0.279625 0.280325 0.280974 0.282001 0.283038 0.284226 0.285497 0.303006 0.333241 -9999 -9999
-9999 -9999 -9999 -9999 -9999 -9999 -9999 0.273122 0.272501 0.268593 0.278006 0.284848 0.288732 0.294102 0.301008 0.306472 0.314497 0.32326 0.338018 0.332321 0.32125 0.305634 0.294859 0.290589 0.287347 0.287798 0.29687 0.304425 0.301268 0.299071 0.305124 0.310945 0.319044 0.310443 0.301844 0.293183 0.288689 0.289727 0.282139 0.276343 0.28007 0.275847 0.270773 0.274647 0.277284 0.27953 0.283543 0.284302 0.284373 0.280242 0.283545 0.281816 0.280009 0.280646 0.280123 0.279439 0.278693 0.279014 0.27954 0.280048 0.280802 0.281484 0.282411 0.283435 0.284518 0.285674 0.288188 0.30486 0.31515 -9999
-9999 -9999 -9999 -9999 -9999 -9999 -9999 0.281559 0.284538 0.278318 0.286237 0.286644 0.289447 0.294619 0.302857 0.307811 0.319231 0.322797 0.336437 0.3411 0.332817 0.331119 0.310477 0.291199 0.287725 0.311151 0.316329 0.31878 0.312222 0.307981 0.306968 0.319081 0.32044 0.304673 0.294535 0.286904 0.281413 0.280368 0.280941 0.27141 0.270911 0.268544 0.270228 0.270836 0.276821 0.280732 0.278472 0.28217 0.283112 0.278838 0.283631 0.279774 0.278559 0.280442 0.281169 0.279132 0.27923 0.27956 0.280015 0.280714 0.281292 0.282328 0.283013 0.283905 0.284962 0.285891 0.286973 0.289685 0.298666 0.302243
-9999 -9999 -9999 -9999 -9999 -9999 -9999 -9999 0.297848 0.286048 0.289402 0.290851 0.29012 0.294322 0.301107 0.307632 0.318328 0.326821 0.339 0.351821 0.356772 0.3303 0.3061 0.290942 0.285931 0.304747 0.309153 0.304766 0.294695 0.295316 0.295256 0.303857 0.304579 0.307235 0.302753 0.29325 0.284535 0.277255 0.272321 0.272482 0.269778 0.268578 0.269206 0.269328 0.270595 0.271662 0.277072 0.274044 0.277318 0.276093 0.277398 0.278607 0.277691 0.281307 0.280079 0.279076 0.279366 0.279496 0.280396 0.281033 0.281545 0.281999 0.283743 0.284507 0.285323 0.286245 0.287086 0.287953 0.289639 0.295262
-9999 -9999 -9999 -9999 -9999 -9999 -9999 -9999 0.307648 0.295461 0.298166 0.292123 0.295525 0.29446 0.298197 0.30379 0.31221 0.322988 0.330993 0.345634 0.359917 0.332268 0.307177 0.291196 0.285869 0.299815 0.289452 0.289415 0.283338 0.287738 0.287731 0.287728 0.29109 0.295574 0.30247 0.303953 0.286569 0.277831 0.271105 0.268279 0.266988 0.266646 0.266347 0.269501 0.277501 0.272203 0.272856 0.273765 0.274742 0.275385 0.276323 0.277399 0.276074 0.277084 0.279861 0.277359 0.278602 0.279579 0.280397 0.281085 0.281634 0.282007 0.282282 0.283611 0.285672 0.286481 0.287288 0.288044 0.288841 0.289813
-9999 -9999 -9999 -9999 -9999 -9999 -9999 -9999 0.333926 0.312797 0.308771 0.301621 0.292954 0.294056 0.296174 0.302498 0.306985 0.314828 0.321317 0.330582 0.344237 0.351025 0.328802 0.298368 0.285196 0.280086 0.276285 0.277285 0.278037 0.275016 0.271445 0.274431 0.282287 0.290401 0.29023 0.292945 0.279861 0.278032 0.279104 0.265579 0.26595 0.267145 0.272802 0.277109 0.275968 0.282139 0.279604 0.284258 0.280527 0.277377 0.276454 0.276996 0.275618 0.274432 0.275975 0.276981 0.278166 0.279261 0.28016 0.28084 0.281352 0.281807 0.282068 0.28211 0.284057 0.284454 0.287387 0.288098 0.288841 0.289745
-9999 -9999 -9999 -9999 -9999 -9999 -9999 -9999 0.339756 0.329165 0.313962 0.302124 0.294628 0.295241 0.294185 0.297041 0.30147 0.308282 0.315817 0.323358 0.335009 0.342474 0.327212 0.305181 0.288578 0.278377 0.275861 0.272293 0.269839 0.270516 0.268547 0.26698 0.270045 0.275374 0.27956 0.28679 0.272231 0.270452 0.272673 0.265836 0.266417 0.27724 0.285573 0.286716 0.279365 0.283974 0.284885 0.290848 0.287793 0.27921 0.279254 0.279421 0.273471 0.27411 0.27519 0.276348 0.277562 0.278629 0.27957 0.280238 0.280718 0.281204 0.281484 0.281659 0.281941 0.284332 0.284799 0.285428 0.288934 0.289759
-9999 -9999 -9999 -9999 -9999 -9999 -9999 -9999 0.344242 0.336266 0.322542 0.304288 0.295557 0.293526 0.292347 0.294129 0.298856 0.302405 0.307025 0.313653 0.317187 0.323981 0.33366 0.309381 0.29798 0.286919 0.284969 0.275055 0.271447 0.270706 0.273711 0.26786 0.263226 0.269251 0.270487 0.273896 0.265514 0.265196 0.265307 0.265738 0.274752 0.287256 0.297233 0.290068 0.291517 0.285237 0.295526 0.28373 0.277109 0.275261 0.283841 0.287917 0.275243 0.275076 0.275317 0.275907 0.276646 0.277798 0.278575 0.279343 0.279903 0.280315 0.280673 0.280934 0.281224 0.281556 0.284503 0.285194 0.285875 0.283322
-9999 -9999 -9999 -9999 -9999 -9999 -9999 -9999 -9999 0.350806 0.32637 0.309549 0.301114 0.296392 0.294799 0.296165 0.298835 0.301255 0.304054 0.308759 0.314327 0.323404 0.329175 0.321205 0.310255 0.304345 0.296554 0.280811 0.273225 0.275929 0.288216 0.273227 0.261539 0.260059 0.259659 0.259715 0.262493 0.263146 0.265222 0.271282 0.290169 0.291366 0.298536 0.297379 0.300872 0.288642 0.291967 0.283347 0.279763 0.278693 0.287155 0.2823 0.274917 0.272631 0.274689 0.273851 0.27563 0.276596 0.277427 0.278217 0.278748 0.279176 0.27956 0.277167 0.277341 0.277542 0.280714 0.281465 0.282737 0.2839
-9999 -9999 -9999 -9999 -9999 -9999 -9999 -9999 -9999 0.349701 0.330388 0.3097 0.304383 0.298792 0.293878 0.294823 0.298293 0.301166 0.303635 0.305994 0.313146 0.319578 0.325215 0.325296 0.320881 0.314382 0.30432 0.285197 0.278982 0.277346 0.286322 0.28905 0.274201 0.261794 0.259686 0.259722 0.271722 0.268522 0.274984 0.283942 0.286187 0.289925 0.298163 0.293671 0.299603 0.296586 0.293624 0.288739 0.286511 0.281051 0.288467 0.284922 0.277789 0.274482 0.275713 0.272206 0.271739 0.27242 0.273277 0.273985 0.274574 0.274951 0.275332 0.275676 0.276035 0.276578 0.277534 0.282699 0.29299 0.293764
-9999 -9999 -9999 -9999 -9999 -9999 -9999 -9999 -9999 0.347434 0.334418 0.315957 0.302567 0.303087 0.296913 0.293962 0.297508 0.301042 0.304234 0.305003 0.312973 0.321434 0.327578 0.334881 0.330675 0.320922 0.302834 0.289575 0.28482 0.28418 0.285909 0.2797 0.268954 0.26266 0.259969 0.260012 0.261975 0.262946 0.267479 0.269226 0.275819 0.286364 0.290279 0.28716 0.29841 0.297275 0.292724 0.29357 0.286209 0.282929 0.292326 0.282387 0.275429 0.272505 0.270139 0.269668 0.27017 0.270212 0.271146 0.271878 0.272512 0.27309 0.273568 0.274173 0.274754 0.276218 0.278232 0.287479 0.295464 0.295649
-9999 -9999 -9999 -9999 -9999 -9999 -9999 -9999 -9999 0.345351 0.333501 0.317426 0.308069 0.307331 0.30011 0.293498 0.294619 0.298179 0.298867 0.301808 0.308422 0.31548 0.322992 0.325363 0.333406 0.320401 0.305445 0.293927 0.28709 0.287114 0.287862 0.279568 0.27162 0.267547 0.260151 0.259066 0.260098 0.267767 0.271251 0.268983 0.270266 0.272906 0.280016 0.279956 0.284434 0.286127 0.287776 0.289945 0.286207 0.286131 0.286404 0.274059 0.270898 0.269223 0.267835 0.268317 0.268325 0.267938 0.268766 0.269569 0.270333 0.270984 0.271713 0.272725 0.273693 0.27633 0.280558 0.287893 0.303178 0.296781
-9999 -9999 -9999 -9999 -9999 -9999 -9999 -9999 -9999 0.348428 0.335428 0.321641 0.316474 0.316348 0.30231 0.293728 0.293873 0.295428 0.29694 0.30533 0.303622 0.303959 0.310609 0.320835 0.332022 0.328174 0.315884 0.299032 0.292531 0.296708 0.298006 0.292759 0.281709 0.271888 0.26199 0.258598 0.260014 0.272252 0.285454 0.278387 0.270957 0.270523 0.272123 0.278728 0.280613 0.282339 0.287216 0.296507 0.290555 0.288469 0.275334 0.273176 0.269428 0.266534 0.269063 0.269257 0.266551 0.265403 0.266271 0.267122 0.267886 0.268729 0.269631 0.271222 0.272895 0.275209 0.285207 0.291875 0.302071 0.296831
-9999 -9999 -9999 -9999 -9999 -9999 -9999 -9999 -9999 0.353922 0.344642 0.331286 0.326395 0.317848 0.30444 0.297874 0.294613 0.294426 0.295191 0.298438 0.299718 0.303086 0.310077 0.320022 0.331062 0.337219 0.330064 0.307623 0.296411 0.304284 0.306793 0.297855 0.286101 0.270027 0.260288 0.257796 0.257357 0.259088 0.268449 0.280062 0.279463 0.272834 0.277588 0.283239 0.279659 0.280034 0.284884 0.288415 0.286546 0.28669 0.276505 0.275072 0.270516 0.263407 0.263211 0.264408 0.261991 0.26278 0.263642 0.264439 0.265355 0.266298 0.267327 0.268948 0.271441 0.278542 0.284951 0.293496 0.295719 0.292722
-9999 -9999 -9999 -9999 -9999 -9999 -9999 -9999 -9999 0.362902 0.35156 0.338927 0.327009 0.3156 0.305663 0.305025 0.299491 0.299138 0.295635 0.295499 0.298056 0.300593 0.306305 0.319622 0.330217 0.341776 0.335223 0.315337 0.302882 0.306727 0.316551 0.300857 0.28407 0.268904 0.260007 0.263998 0.257013 0.256407 0.259344 0.265955 0.276766 0.276114 0.284288 0.284389 0.279803 0.278217 0.278815 0.281463 0.286959 0.282538 0.274388 0.274324 0.270131 0.26473 0.259489 0.259339 0.259068 0.259929 0.26084 0.261701 0.262677 0.263835 0.26523 0.267068 0.273336 0.280637 0.285715 0.292261 0.294403 0.287266
