Test_Spring_2018b/01_18/Prec/20180114_019.txt
ncols	170
nrows	115
xllcorner	350000.000000
yllcorner	4445000.000000
cellsize	1000.000000
nodata_value	-9999.000000
[rows 32 to 63 of 115, columns 73 to 145 of 170]
0.369849 0.378021 0.385851 0.389773 0.38318 0.399377 0.400309 0.398268 0.39225 0.390076 0.387509 0.385565 0.376431 0.351838 0.329133 0.338398 0.336148 0.325312 0.335809 0.32436 0.300491 0.268196 0.277594 0.26796 0.230239 0.211221 -9999 -9999 -9999 -9999 -9999 -9999 -9999 -9999 -9999 -9999 -9999 -9999 -9999 -9999 -9999 -9999 -9999 -9999 -9999 -9999 -9999 -9999 -9999 -9999 -9999 -9999 -9999 -9999 -9999 -9999 -9999 -9999 -9999 -9999 -9999 -9999 -9999 -9999 -9999 -9999 -9999 -9999 -9999 -9999 -9999 -9999 -9999
0.370005 0.38069 0.383331 0.379155 0.387954 0.401077 0.402963 0.402581 0.400216 0.397963 0.395247 0.388171 0.377803 0.356534 0.330841 0.323259 0.332396 0.329833 0.328081 0.317178 0.304056 0.285694 0.291069 0.289479 0.261653 0.227044 0.209405 -9999 -9999 -9999 -9999 -9999 -9999 -9999 -9999 -9999 -9999 -9999 -9999 -9999 -9999 -9999 -9999 -9999 -9999 -9999 -9999 -9999 -9999 -9999 -9999 -9999 -9999 -9999 -9999 -9999 -9999 -9999 -9999 -9999 -9999 -9999 -9999 -9999 -9999 -9999 -9999 -9999 -9999 -9999 -9999 -9999 -9999
0.361145 0.368594 0.374965 0.371966 0.392754 0.394777 0.4052 0.405451 0.405554 0.401775 0.398496 0.392724 0.382741 0.368422 0.350958 0.321314 0.335478 0.345433 0.341271 0.336196 0.325407 0.307362 0.312341 0.306851 0.267304 0.238422 0.220603 0.209402 -9999 -9999 -9999 -9999 -9999 -9999 -9999 -9999 -9999 -9999 -9999 -9999 -9999 -9999 -9999 -9999 -9999 -9999 -9999 -9999 -9999 -9999 -9999 -9999 -9999 -9999 -9999 -9999 -9999 -9999 -9999 -9999 -9999 -9999 -9999 -9999 -9999 -9999 -9999 -9999 -9999 -9999 -9999 -9999 -9999
0.356118 0.363552 0.372759 0.377868 0.384779 0.400773 0.404651 0.408454 0.408818 0.405111 0.392962 0.390947 0.389711 0.379957 0.360266 0.34003 0.332491 0.349201 0.350906 0.345087 0.344434 0.328007 0.327089 0.318676 0.297168 0.264741 0.237397 0.223751 0.203916 -9999 -9999 -9999 -9999 -9999 -9999 -9999 -9999 -9999 -9999 -9999 -9999 -9999 -9999 -9999 -9999 -9999 -9999 -9999 -9999 -9999 -9999 -9999 -9999 -9999 -9999 -9999 -9999 -9999 -9999 -9999 -9999 -9999 -9999 -9999 -9999 -9999 -9999 -9999 -9999 -9999 -9999 -9999 -9999
-9999 0.355756 0.360819 0.377368 0.381688 0.402161 0.407256 0.412139 0.412805 0.40521 0.401517 0.401111 0.394959 0.383972 0.376046 0.362372 0.347548 0.348302 0.361126 0.348439 0.355049 0.347925 0.343669 0.328706 0.297917 0.261419 0.237879 0.224581 0.206956 -9999 -9999 -9999 -9999 -9999 -9999 -9999 -9999 -9999 -9999 -9999 -9999 -9999 -9999 -9999 -9999 -9999 -9999 -9999 -9999 -9999 -9999 -9999 -9999 -9999 -9999 -9999 -9999 -9999 -9999 -9999 -9999 -9999 -9999 -9999 -9999 -9999 -9999 -9999 -9999 -9999 -9999 -9999 -9999
-9999 -9999 0.362105 0.376833 0.391231 0.403847 0.407892 0.415404 0.416743 0.414668 0.413003 0.409803 0.404985 0.396596 0.386719 0.373645 0.369414 0.376396 0.371737 0.363932 0.359604 0.358583 0.349969 0.320644 0.292106 0.272339 0.2291 0.211299 0.205036 0.191191 -9999 -9999 -9999 -9999 -9999 -9999 -9999 -9999 -9999 -9999 -9999 -9999 0.165654 -9999 -9999 -9999 -9999 -9999 -9999 -9999 -9999 -9999 -9999 -9999 -9999 -9999 -9999 -9999 -9999 -9999 -9999 -9999 -9999 0 -9999 -9999 -9999 -9999 -9999 -9999 -9999 -9999 -9999
-9999 0.367702 0.377937 0.386244 0.396461 0.393225 0.41062 0.419469 0.421353 0.420653 0.419279 0.414242 0.412828 0.407837 0.397333 0.392995 0.393149 0.390433 0.387057 0.382145 0.374413 0.36472 0.353874 0.329796 0.310619 0.294824 0.257271 0.234246 0.21611 0.193314 0.174616 -9999 -9999 -9999 -9999 -9999 -9999 -9999 0.170474 0.166796 0.163846 0.16386 0.169692 0.160231 -9999 -9999 -9999 -9999 -9999 -9999 -9999 -9999 -9999 -9999 -9999 -9999 -9999 -9999 -9999 -9999 -9999 -9999 -9999 0 0 -9999 -9999 -9999 -9999 -9999 -9999 -9999 -9999
-9999 0.372701 0.382885 0.389541 0.399864 0.407334 0.416808 0.421651 0.426284 0.427984 0.426871 0.423729 0.424126 0.417769 0.413116 0.408297 0.409506 0.405719 0.397981 0.388806 0.379088 0.364715 0.355229 0.336445 0.320028 0.299585 0.279095 0.243718 0.214079 0.185631 0.162035 -9999 -9999 -9999 -9999 -9999 -9999 0.17411 0.179182 0.181015 0.167912 0.173152 0.177351 0.172149 0.149555 -9999 -9999 -9999 -9999 -9999 -9999 -9999 -9999 -9999 -9999 -9999 -9999 -9999 -9999 0.117096 0.103725 0 0 0 0 -9999 -9999 -9999 -9999 -9999 -9999 -9999 -9999
-9999 0.373389 0.385147 0.394423 0.403431 0.408114 0.428593 0.426799 0.431005 0.433587 0.435324 0.436193 0.431904 0.429512 0.420445 0.42523 0.421066 0.414045 0.400294 0.389643 0.36855 0.353781 0.335992 0.335711 0.316754 0.289332 0.258126 0.21969 0.202815 0.186499 0.164323 -9999 -9999 -9999 -9999 -9999 -9999 0.175135 0.181068 0.185481 0.183634 0.170448 0.18076 0.166176 0.153904 0.147446 0.149022 0.147429 0.128105 0.13104 0.130046 0.123701 0.12491 -9999 -9999 -9999 -9999 0.119242 0.11893 0.118634 0.112773 0 0 0 0 -9999 -9999 -9999 -9999 -9999 -9999 -9999 -9999
-9999 0.381799 0.390188 0.396391 0.400736 0.410035 0.430026 0.429974 0.437719 0.440455 0.443025 0.444924 0.444383 0.440434 0.44001 0.437154 0.430844 0.411431 0.388357 0.387708 0.366399 0.338225 0.334815 0.33201 0.310834 0.278792 0.24397 0.221859 0.206777 0.186697 0.160863 -9999 -9999 -9999 0.155296 0.164657 0.163373 0.164755 0.173783 0.179924 0.186359 0.187676 0.177562 0.165939 0.153592 0.140314 0.138104 0.147792 0.146293 0.132872 0.13173 0.125451 0.124005 0.125783 0.126012 0.124954 0.122859 0.121753 0.121394 0.12038 0.115011 0 0 0 0 -9999 -9999 -9999 -9999 -9999 -9999 -9999 -9999
-9999 0.383254 0.391028 0.398513 0.40934 0.414667 0.423809 0.440084 0.441748 0.446057 0.445151 0.451453 0.452715 0.452531 0.450154 0.445543 0.429509 0.407388 0.383737 0.367589 0.364159 0.340648 0.326709 0.323404 0.302037 0.269864 0.23701 0.2227 0.204075 0.172062 0.146243 -9999 -9999 0.132381 0.152527 0.166479 0.17295 0.173778 0.172181 0.180838 0.179161 0.187723 0.175792 0.153683 0.15055 0.141519 0.139844 0.138047 0.134244 0.127353 0.130673 0.128963 0.126285 0.126546 0.125225 0.123923 0.122785 0.120298 0.12055 0.120295 0.11694 0 0 0 0 -9999 -9999 -9999 -9999 -9999 -9999 -9999 -9999
-9999 0.38998 0.398594 0.408387 0.413696 0.422995 0.425943 0.438578 0.449392 0.450916 0.451969 0.453103 0.45942 0.460013 0.458736 0.455342 0.43984 0.420792 0.393425 0.371967 0.356787 0.339642 0.304036 0.295 0.27965 0.264079 0.253303 0.229629 0.203874 0.183018 0.151174 0.13358 -9999 0.130733 0.138489 0.155915 0.170876 0.179978 0.174753 0.185196 0.18516 0.184628 0.176525 0.160374 0.149243 0.143543 0.136833 0.139566 0.140814 0.130223 0.128932 0.128419 0.12641 0.124901 0.123395 0.122194 0.121406 0.120726 0.120283 0.119711 0.11844 0.110019 0 0 0 -9999 -9999 -9999 -9999 -9999 -9999 -9999 -9999
0.377123 0.390478 0.403055 0.410692 0.417997 0.425559 0.432913 0.448072 0.453732 0.459626 0.459646 0.455452 0.458862 0.461565 0.465647 0.46285 0.457357 0.443831 0.411712 0.39613 0.365714 0.336757 0.308563 0.296792 0.294582 0.279364 0.256848 0.234189 0.206126 0.182052 0.160746 0.127513 0.124918 0.132575 0.138487 0.150095 0.169143 0.18232 0.187524 0.1884 0.187663 0.186936 0.175112 0.16286 0.15523 0.145361 0.13894 0.133102 0.132305 0.12243 0.127503 0.126812 0.124939 0.123216 0.121723 0.120645 0.120021 0.119604 0.119214 0.119183 0.119162 0.116901 0.104979 0 0 -9999 -9999 -9999 -9999 -9999 -9999 -9999 -9999
-9999 0.38854 0.39613 0.401517 0.408434 0.417928 0.428484 0.448215 0.454227 0.462625 0.466849 0.46133 0.456416 0.465014 0.467476 0.467952 0.46345 0.45582 0.424496 0.402598 0.381338 0.352151 0.335132 0.324228 0.308664 0.289992 0.256925 0.224831 0.188392 0.157726 0.147283 0.125936 0.125409 0.129494 0.1463 0.158381 0.163065 0.166368 0.186071 0.187674 0.185439 0.187106 0.175653 0.166908 0.155943 0.151608 0.14501 0.138858 0.117888 0.119244 0.115994 0.122109 0.123548 0.121982 0.120395 0.119386 0.118633 0.1183 0.11817 0.118377 0.117227 0.116937 0.109178 0 0 -9999 -9999 -9999 -9999 -9999 -9999 -9999 -9999
-9999 -9999 -9999 0.398797 0.407205 0.415159 0.425082 0.449162 0.45751 0.464657 0.469563 0.470379 0.464172 0.463858 0.465139 0.454968 0.455039 0.457293 0.447184 0.434177 0.402975 0.372612 0.364809 0.345367 0.315433 0.288716 0.262821 0.227022 0.195476 0.161561 0.135023 0.126521 0.139068 0.148816 0.166096 0.173608 0.168408 0.173326 0.180768 0.190342 0.193157 0.188241 0.176311 0.168239 0.154169 0.156157 0.150491 0.140279 0.130668 0.11856 0.119102 0.117228 0.121729 0.121095 0.11957 0.118372 0.117674 0.117345 0.117325 0.116731 0.116676 0.11657 0.116152 0 0 -9999 -9999 -9999 -9999 -9999 -9999 -9999 -9999
-9999 -9999 -9999 0.392323 0.399653 0.410738 0.430152 0.450329 0.458659 0.463953 0.470078 0.471939 0.467833 0.461935 0.455024 0.443647 0.44355 0.449143 0.446878 0.435557 0.406175 0.392563 0.372578 0.349394 0.314927 0.285427 0.262628 0.227291 0.193571 0.16687 0.136425 0.137222 0.140936 0.149331 0.167569 0.180898 0.18632 0.180522 0.185826 0.197195 0.194511 0.183613 0.179619 0.168117 0.150884 0.156378 0.153185 0.143938 0.138146 0.123847 0.121297 0.120798 0.120783 0.120372 0.118813 0.117618 0.116866 0.116623 0.116412 0.116306 0.116401 0.116348 0.116123 0 0 -9999 -9999 -9999 -9999 -9999 -9999 -9999 -9999
-9999 -9999 -9999 -9999 0.391706 0.409158 0.432728 0.450353 0.455536 0.464366 0.469491 0.470136 0.470112 0.462843 0.450656 0.425135 0.425877 0.430399 0.437906 0.434914 0.419631 0.392768 0.366719 0.327662 0.291398 0.272221 0.252961 0.223005 0.193209 0.164792 0.164337 0.166829 0.172359 0.174413 0.170627 0.181841 0.191223 0.18639 0.193171 0.200541 0.193538 0.187377 0.180775 0.168554 0.162286 0.156492 0.156638 0.145403 0.141736 0.128561 0.124062 0.121894 0.120595 0.12004 0.11853 0.117322 0.116686 0.116168 0.116179 0.11613 0.116125 0.116097 0.115915 0.113549 0 0 -9999 -9999 -9999 -9999 -9999 -9999 -9999
-9999 -9999 -9999 -9999 0.381498 0.393083 0.419565 0.439071 0.453276 0.463072 0.467879 0.465995 0.464529 0.453611 0.449193 0.425668 0.410367 0.410934 0.39782 0.410035 0.41771 0.391472 0.331249 0.298402 0.270135 0.25636 0.240437 0.221355 0.182297 0.164219 0.174716 0.179659 0.183725 0.187305 0.186267 0.185208 0.200381 0.201009 0.204716 0.201619 0.199236 0.187773 0.178453 0.175548 0.164796 0.157704 0.158149 0.144826 0.144566 0.130595 0.124483 0.120698 0.121679 0.120062 0.118688 0.117391 0.116599 0.116081 0.115874 0.116045 0.116066 0.115894 0.115875 0.115508 0.112283 0 0 0 -9999 -9999 -9999 -9999 -9999
-9999 -9999 -9999 -9999 -9999 0.373989 0.407923 0.433845 0.445473 0.459588 0.464927 0.463998 0.461307 0.449392 0.437356 0.416025 0.389881 0.369254 0.394036 0.412348 0.41465 0.391369 0.339003 0.308193 0.29103 0.283297 0.260757 0.240876 0.207615 0.190952 0.174086 0.170755 0.177517 0.184791 0.193734 0.200667 0.20088 0.205774 0.205146 0.20324 0.201235 0.196586 0.191345 0.176806 0.176192 0.1657 0.161749 0.153935 0.146377 0.131914 0.123511 0.122966 0.12266 0.120968 0.118958 0.11773 0.117018 0.116537 0.116136 0.116 0.116004 0.115977 0.115763 0.115577 0.115011 0.113179 0.105217 0 0 -9999 -9999 -9999 -9999
-9999 -9999 -9999 -9999 -9999 0.359336 0.392627 0.419033 0.440674 0.456414 0.458513 0.461396 0.459311 0.45025 0.434471 0.4194 0.390781 0.359233 0.386561 0.404112 0.40882 0.395821 0.343254 0.335952 0.313461 0.300852 0.27367 0.254655 0.235096 0.215116 0.195993 0.175636 0.163577 0.185548 0.196378 0.20556 0.209724 0.211899 0.212496 0.206561 0.200338 0.185284 0.189457 0.182026 0.175583 0.168739 0.162257 0.155346 0.148393 0.134367 0.130226 0.123972 0.123211 0.121042 0.119556 0.118472 0.117653 0.117047 0.116666 0.116375 0.116351 0.116114 0.115856 0.115538 0.115017 0.114443 0.113452 0.110814 0 0 0 0 -9999
-9999 -9999 -9999 -9999 -9999 0.319355 0.364701 0.413921 0.434277 0.44454 0.45171 0.455875 0.451737 0.4479 0.436157 0.423323 0.403092 0.373102 0.350514 0.366922 0.394845 0.391433 0.3688 0.353191 0.330626 0.309129 0.294384 0.281881 0.258744 0.233133 0.208792 0.195032 0.184519 0.199816 0.199854 0.196756 0.216366 0.215347 0.212953 0.203379 0.186667 0.184817 0.173046 0.170421 0.158508 0.159007 0.158575 0.15487 0.149175 0.134919 0.129403 0.126097 0.124035 0.122065 0.120449 0.119244 0.118403 0.117786 0.117194 0.116825 0.116732 0.116464 0.116128 0.115595 0.115035 0.114474 0.113571 0.112618 0.109296 0.104628 0 0 0
-9999 -9999 -9999 -9999 -9999 0.323905 0.372022 0.403904 0.415657 0.435316 0.441839 0.449533 0.449572 0.445063 0.434442 0.41997 0.402632 0.376298 0.353632 0.362807 0.376758 0.383581 0.369061 0.350765 0.336686 0.321523 0.305063 0.290623 0.274619 0.256202 0.230182 0.215389 0.198069 0.215338 0.214851 0.209421 0.218274 0.216211 0.198632 0.184412 0.180439 0.177692 0.16646 0.158383 0.146984 0.146776 0.154897 0.144159 0.139746 0.131727 0.12945 0.126999 0.12486 0.122917 0.121372 0.1201 0.119242 0.118621 0.11792 0.117458 0.117105 0.116582 0.116335 0.115806 0.115078 0.114281 0.113497 0.112563 0.111095 0.10962 0.107187 0.105579 0
-9999 -9999 -9999 -9999 -9999 0.32473 0.3605 0.388953 0.407139 0.427197 0.436306 0.442927 0.443529 0.437791 0.431627 0.421447 0.405754 0.39225 0.371512 0.34433 0.36643 0.362792 0.350934 0.340393 0.335989 0.322512 0.305593 0.282835 0.27678 0.262267 0.242978 0.232831 0.221215 0.228916 0.225767 0.222904 0.220132 0.204676 0.1839 0.166629 0.174698 0.169286 0.161989 0.139995 0.146742 0.15173 0.149808 0.136381 0.126494 0.127936 0.127086 0.126083 0.124892 0.123716 0.122062 0.121028 0.119999 0.119225 0.118603 0.118 0.117506 0.116971 0.116416 0.115979 0.115193 0.11443 0.113728 0.113006 0.111717 0.110792 0.107224 0.106598 0.102372
-9999 -9999 -9999 -9999 -9999 -9999 0.347854 0.371394 0.402598 0.420548 0.432069 0.437806 0.437766 0.434193 0.429195 0.421655 0.409161 0.39325 0.369989 0.349752 0.348437 0.34446 0.324899 0.319043 0.325045 0.319113 0.298447 0.261733 0.259122 0.264804 0.256984 0.24933 0.24262 0.236025 0.230959 0.224564 0.212684 0.181727 0.173796 0.159912 0.15819 0.149065 0.147847 0.136403 0.144657 0.145488 0.142814 0.126179 0.112192 0.122276 0.125006 0.121612 0.122879 0.124082 0.122721 0.121605 0.120535 0.1198 0.11916 0.118536 0.118028 0.117439 0.116872 0.116288 0.115542 0.11386 0.112502 0.110393 0.111379 0.110777 0.10712 0.10648 0.105738
-9999 -9999 -9999 -9999 -9999 -9999 0.328264 0.362439 0.398224 0.410282 0.421977 0.431685 0.431402 0.425938 0.419804 0.412559 0.403666 0.385711 0.367022 0.347811 0.335404 0.328425 0.304374 0.303408 0.315947 0.309331 0.296456 0.253189 0.236132 0.247094 0.255988 0.250946 0.244098 0.22047 0.220676 0.207042 0.19008 0.183399 0.174458 0.15859 0.161632 0.148717 0.149004 0.130347 0.133371 0.132569 0.136902 0.12222 0.105613 0.115672 0.120037 0.117928 0.123208 0.124078 0.123288 0.12222 0.121303 0.12046 0.119829 0.119108 0.118407 0.1177 0.116793 0.115393 0.112462 0 0 0.10018 0.103032 0.105423 0.106748 0.106449 0.105756
-9999 -9999 -9999 -9999 -9999 -9999 0.330628 0.354192 0.385504 0.408617 0.410086 0.420751 0.425522 0.419305 0.411739 0.403193 0.396714 0.377786 0.356523 0.337226 0.314799 0.308484 0.309547 0.301768 0.306691 0.299018 0.285678 0.253038 0.250026 0.255204 0.255084 0.250904 0.243857 0.234999 0.228499 0.217284 0.210679 0.197006 0.177445 0.167803 0.168612 0.147645 0.145158 0.147693 0.122388 0.129707 0.131142 0.113826 0.106821 0.116407 0.120284 0.123617 0.124325 0.123714 0.123864 0.122676 0.121748 0.120901 0.12007 0.119346 0.118424 0.117578 0.11549 0.112704 0 0 0 0 0.103222 0.104384 0.106146 0.105914 0.105544
-9999 -9999 -9999 -9999 -9999 -9999 0.33344 0.354246 0.380979 0.397064 0.39952 0.410934 0.420496 0.417351 0.409334 0.40433 0.39455 0.377822 0.359011 0.33816 0.323787 0.299786 0.306557 0.294127 0.297352 0.293669 0.262644 0.248488 0.249018 0.250221 0.246828 0.249642 0.244077 0.236302 0.219346 0.209302 0.208348 0.202322 0.194388 0.179765 0.175899 0.165142 0.158508 0.151894 0.123582 0.125833 0.122804 0.119205 0.115891 0.119901 0.12197 0.123856 0.123124 0.123237 0.124022 0.123005 0.122017 0.121061 0.120253 0.119321 0.117988 0.116786 0.11317 0.107289 0 0 0 0.101749 0.104272 0.1035 0.104786 0.105535 0.105023
-9999 -9999 -9999 -9999 -9999 -9999 0.329283 0.350958 0.373406 0.382376 0.383146 0.404115 0.416028 0.413845 0.408467 0.401987 0.383921 0.37977 0.371262 0.352017 0.326235 0.297986 0.291511 0.285097 0.286804 0.283169 0.245459 0.230794 0.226928 0.232858 0.238055 0.244466 0.242121 0.233462 0.2093 0.184311 0.190287 0.197141 0.193684 0.187287 0.173415 0.166659 0.160139 0.14888 0.129316 0.114865 0.115187 0.110959 0.113322 0.118329 0.122288 0.118296 0.117984 0.122165 0.12409 0.123038 0.122041 0.121194 0.120251 0.119255 0.117283 0.115274 0.11241 0 0 0 0 0 0 0.103414 0.104743 0.105009 0.104646
-9999 -9999 -9999 -9999 -9999 -9999 0.322315 0.33768 0.358795 0.366695 0.379519 0.398978 0.407356 0.409872 0.406777 0.401178 0.390706 0.38201 0.368981 0.349334 0.324144 0.296324 0.275028 0.273138 0.27099 0.25919 0.230792 0.214352 0.215997 0.222861 0.237263 0.243179 0.239186 0.233013 0.22437 0.204913 0.1826 0.179067 0.184899 0.173809 0.161496 0.163142 0.158877 0.147905 0.138945 0.115952 0.113258 0.104768 0.106196 0.112509 0.122846 0.122951 0.121112 0.124837 0.123848 0.122834 0.121995 0.121044 0.120126 0.119161 0.1174 0.11444 0.10467 0 0 0 0 0 0 0.102977 0.10371 0.104228 0.104372
-9999 -9999 -9999 -9999 -9999 -9999 0.310929 0.328838 0.348339 0.366321 0.382994 0.39681 0.395889 0.401488 0.398354 0.398935 0.393359 0.38259 0.370695 0.352883 0.322547 0.295326 0.265823 0.26293 0.26815 0.242701 0.223386 0.195708 0.20723 0.221338 0.234021 0.23831 0.22422 0.22759 0.222215 0.212252 0.197381 0.17669 0.173627 0.157562 0.153827 0.157257 0.156232 0.151943 0.144578 0.131939 0.114705 0.103257 0.10275 0.108579 0.116358 0.124032 0.124183 0.12465 0.123545 0.12249 0.121636 0.120732 0.119683 0.118409 0.116606 0.108279 0 0 0 0 0 0.101233 0.100078 0.102805 0.103593 0.104022 0.10398
-9999 -9999 -9999 -9999 -9999 -9999 -9999 0.327443 0.34747 0.361817 0.364516 0.376493 0.38172 0.384795 0.382851 0.395502 0.391963 0.383197 0.371699 0.355453 0.330612 0.310529 0.281748 0.258323 0.237449 0.219699 0.215927 0.205509 0.205938 0.219003 0.233557 0.229403 0.209718 0.206474 0.204624 0.206842 0.19972 0.17291 0.157812 0.144897 0.148891 0.153294 0.152133 0.149524 0.145103 0.135367 0.101977 0.110146 0.115805 0.115944 0.120809 0.1241 0.124096 0.123865 0.12287 0.12196 0.121007 0.119846 0.118818 0.116861 0.113485 0.104271 0 0 0 0 0 0 0 0.102887 0.103523 0.103664 0.103623
-9999 -9999 -9999 -9999 -9999 -9999 -9999 0.321457 0.344734 0.348616 0.346716 0.336808 0.33827 0.365429 0.368169 0.380063 0.39045 0.384084 0.372506 0.35666 0.338706 0.314336 0.282663 0.255286 0.225753 0.227283 0.228898 0.223702 0.221187 0.225857 0.220838 0.199982 0.180697 0.182724 0.182422 0.195242 0.194611 0.187948 0.170855 0.151956 0.140854 0.148072 0.146721 0.144601 0.141946 0.136183 0.117966 0.112781 0.11745 0.120285 0.12124 0.123967 0.123781 0.122976 0.122231 0.12118 0.120064 0.118584 0.117069 0.113142 0.108581 0 0 0 0 0 0 0 0 0.102095 0.102556 0.103105 0.10285
