Test_Spring_2018b/01_18/Prec/20180121_018.txt
ncols	170
nrows	115
xllcorner	350000.000000
yllcorner	4445000.000000
cellsize	1000.000000
nodata_value	-9999.000000
[rows 31 to 61 of 115, columns 70 to 139 of 170]
1.67436 1.67039 1.65841 1.63395 1.61734 1.59096 1.57556 1.55678 1.45466 1.4385 1.41686 1.40244 1.38536 1.3641 1.35056 1.32096 1.24343 1.2545 1.25294 1.22269 1.22275 1.22879 1.19963 1.13825 1.10299 1.05478 1.02222 0.986895 0.943788 -9999 -9999 -9999 -9999 -9999 -9999 -9999 -9999 -9999 -9999 -9999 -9999 -9999 -9999 -9999 -9999 -9999 -9999 -9999 -9999 -9999 -9999 -9999 -9999 -9999 -9999 -9999 -9999 -9999 -9999 -9999 -9999 -9999 -9999 -9999 -9999 -9999 -9999 -9999 -9999 -9999
1.64565 1.63701 1.62195 1.59923 1.59463 1.58879 1.537 1.48027 1.43089 1.41672 1.39783 1.37219 1.35633 1.3412 1.32878 1.30232 1.24412 1.19066 1.20542 1.19625 1.16926 1.18773 1.16006 1.10645 1.03536 1.0529 1.03058 0.938123 0.885463 -9999 -9999 -9999 -9999 -9999 -9999 -9999 -9999 -9999 -9999 -9999 -9999 -9999 -9999 -9999 -9999 -9999 -9999 -9999 -9999 -9999 -9999 -9999 -9999 -9999 -9999 -9999 -9999 -9999 -9999 -9999 -9999 -9999 -9999 -9999 -9999 -9999 -9999 -9999 -9999 -9999
1.60113 1.60121 1.58406 1.56681 1.5689 1.55328 1.51154 1.46192 1.40567 1.39366 1.3781 1.35976 1.34315 1.32705 1.30317 1.27366 1.22227 1.16257 1.1421 1.15778 1.14936 1.14322 1.11822 1.08895 1.04898 1.05959 1.05577 0.989607 0.901619 0.819758 -9999 -9999 -9999 -9999 -9999 -9999 -9999 -9999 -9999 -9999 -9999 -9999 -9999 -9999 -9999 -9999 -9999 -9999 -9999 -9999 -9999 -9999 -9999 -9999 -9999 -9999 -9999 -9999 -9999 -9999 -9999 -9999 -9999 -9999 -9999 -9999 -9999 -9999 -9999 -9999
1.55227 1.56248 1.54453 1.51516 1.5115 1.5046 1.44772 1.37526 1.36256 1.36834 1.35357 1.33971 1.31903 1.30092 1.2791 1.24991 1.21304 1.17093 1.10433 1.13158 1.15091 1.14119 1.13022 1.10769 1.07019 1.08169 1.07122 0.97373 0.860817 0.826525 0.806072 -9999 -9999 -9999 -9999 -9999 -9999 -9999 -9999 -9999 -9999 -9999 -9999 -9999 -9999 -9999 -9999 -9999 -9999 -9999 -9999 -9999 -9999 -9999 -9999 -9999 -9999 -9999 -9999 -9999 -9999 -9999 -9999 -9999 -9999 -9999 -9999 -9999 -9999 -9999
-9999 1.52063 1.50396 1.4719 1.46903 1.46862 1.43828 1.36396 1.34497 1.33617 1.32797 1.31357 1.29192 1.254 1.23927 1.22804 1.20065 1.15407 1.10806 1.09049 1.12557 1.13001 1.11939 1.12031 1.08823 1.08916 1.07425 1.02254 0.907654 0.845417 0.820694 0.782436 -9999 -9999 -9999 -9999 -9999 -9999 -9999 -9999 -9999 -9999 -9999 -9999 -9999 -9999 -9999 -9999 -9999 -9999 -9999 -9999 -9999 -9999 -9999 -9999 -9999 -9999 -9999 -9999 -9999 -9999 -9999 -9999 -9999 -9999 -9999 -9999 -9999 -9999
-9999 -9999 -9999 -9999 1.42124 1.39358 1.34145 1.32966 1.31757 1.31015 1.30286 1.28763 1.25631 1.23499 1.22263 1.20034 1.17014 1.14876 1.11744 1.08571 1.0887 1.11864 1.09565 1.11418 1.10401 1.09998 1.07313 0.956835 0.884274 0.83038 0.807385 0.774567 -9999 -9999 -9999 -9999 -9999 -9999 -9999 -9999 -9999 -9999 -9999 -9999 -9999 -9999 -9999 -9999 -9999 -9999 -9999 -9999 -9999 -9999 -9999 -9999 -9999 -9999 -9999 -9999 -9999 -9999 -9999 -9999 -9999 -9999 -9999 -9999 -9999 -9999
-9999 -9999 -9999 -9999 -9999 1.36748 1.31281 1.32182 1.29113 1.27984 1.2763 1.26063 1.2392 1.22059 1.20109 1.18083 1.15589 1.13071 1.10157 1.09371 1.11176 1.10692 1.09668 1.09456 1.09977 1.08884 1.02755 0.926524 0.891975 0.796623 0.765176 0.757244 0.732417 -9999 -9999 -9999 -9999 -9999 -9999 -9999 -9999 -9999 -9999 -9999 -9999 0.693923 -9999 -9999 -9999 -9999 -9999 -9999 -9999 -9999 -9999 -9999 -9999 -9999 -9999 -9999 -9999 -9999 -9999 -9999 -9999 -9999 0.36509 -9999 -9999 -9999
-9999 -9999 -9999 -9999 1.38748 1.31044 1.30665 1.30515 1.27716 1.25422 1.25125 1.23447 1.21382 1.19395 1.1691 1.15513 1.13708 1.11093 1.1013 1.10433 1.10396 1.1043 1.10286 1.0963 1.08586 1.07276 0.979314 0.94857 0.924017 0.852454 0.800863 0.768716 0.725635 0.690271 -9999 -9999 -9999 -9999 -9999 -9999 -9999 0.696724 0.689568 0.683607 0.683509 0.695264 0.674168 -9999 -9999 -9999 -9999 -9999 -9999 -9999 -9999 -9999 -9999 -9999 -9999 -9999 -9999 -9999 -9999 -9999 -9999 -9999 0.378938 0.346717 -9999 -9999
-9999 -9999 -9999 -9999 1.29694 1.29818 1.28928 1.28593 1.27491 1.23654 1.22243 1.20883 1.19079 1.16933 1.14683 1.13564 1.11433 1.10096 1.09141 1.09843 1.0981 1.09189 1.08436 1.0766 1.0592 1.05175 0.975356 0.952431 0.919754 0.885615 0.809456 0.753948 0.699641 0.654442 -9999 -9999 -9999 -9999 -9999 -9999 0.695799 0.707691 0.712466 0.685295 0.696522 0.705057 0.693163 0.616022 -9999 -9999 -9999 -9999 -9999 -9999 -9999 -9999 -9999 -9999 -9999 -9999 -9999 -9999 0.516979 0.486331 0.428025 0.395525 0.373453 0.343558 -9999 -9999
-9999 -9999 -9999 -9999 1.27935 1.28254 1.27725 1.26866 1.2489 1.22322 1.20053 1.18306 1.16414 1.14634 1.1305 1.10822 1.09491 1.07259 1.08455 1.08207 1.07734 1.06129 1.05375 1.02513 1.01004 0.942324 0.956889 0.930692 0.885075 0.829788 0.747473 0.721266 0.693417 0.651776 -9999 -9999 -9999 -9999 -9999 -9999 0.69159 0.705448 0.715851 0.712676 0.685075 0.706684 0.64916 0.621314 0.605413 0.606228 0.600142 0.570131 0.566906 0.56102 0.54413 0.543625 -9999 -9999 -9999 -9999 0.521957 0.51981 0.517467 0.502942 0.440052 0.395201 0.353645 0.322833 -9999 -9999
-9999 -9999 -9999 -9999 1.28079 1.27522 1.2612 1.24001 1.22687 1.19746 1.17557 1.14719 1.12757 1.11069 1.09642 1.0818 1.06531 1.06183 1.05858 1.05288 1.02351 0.989466 1.00492 0.992325 0.908915 0.92176 0.933415 0.904725 0.851246 0.78992 0.743579 0.72249 0.687491 0.639171 -9999 -9999 -9999 0.639775 0.661373 0.660263 0.664665 0.685101 0.699217 0.713583 0.716738 0.680142 0.645665 0.617436 0.586889 0.579494 0.597101 0.590966 0.566519 0.56023 0.543457 0.534361 0.535913 0.534634 0.531006 0.525433 0.52204 0.520125 0.51652 0.503214 0.449961 0.415496 0.390965 0.317516 -9999 -9999
-9999 -9999 -9999 -9999 1.24694 1.23883 1.22639 1.21424 1.19115 1.17492 1.14099 1.12421 1.10517 1.07858 1.07181 1.05984 1.05092 1.04369 1.03788 1.01343 0.980716 0.948224 0.933869 0.909474 0.880101 0.872943 0.884898 0.874125 0.82466 0.7686 0.749532 0.711331 0.652668 0.604228 -9999 -9999 0.585762 0.63047 0.661722 0.676945 0.680106 0.67801 0.69742 0.694659 0.713147 0.674666 0.618661 0.609788 0.586558 0.580045 0.568901 0.557989 0.550691 0.550535 0.543819 0.535579 0.534111 0.529816 0.525999 0.522813 0.516863 0.516576 0.514851 0.50599 0.464639 0.441938 0.399519 0.315289 -9999 -9999
-9999 -9999 -9999 -9999 1.22819 1.2195 1.20993 1.18809 1.17262 1.1551 1.11187 1.10106 1.08368 1.059 1.03956 1.0372 1.02954 1.02501 1.02287 1.0013 0.977341 0.939612 0.916857 0.874492 0.8608 0.815378 0.816953 0.803609 0.78795 0.780439 0.758862 0.706995 0.671962 0.6121 0.579909 -9999 0.580252 0.598672 0.637151 0.670196 0.690716 0.6808 0.703867 0.704472 0.692499 0.674395 0.631151 0.600687 0.585717 0.568492 0.571216 0.568928 0.552939 0.546314 0.539357 0.532665 0.527663 0.523268 0.520005 0.517934 0.516179 0.514755 0.512622 0.508334 0.488038 0.451569 0.405217 0.316867 -9999 -9999
-9999 -9999 -9999 1.22183 1.22067 1.21829 1.20187 1.18175 1.15997 1.1365 1.10062 1.08512 1.06496 1.0451 1.0129 1.00346 0.999956 1.00711 1.00721 1.00835 0.998055 0.952565 0.917005 0.882076 0.845434 0.812656 0.81045 0.826778 0.813575 0.782752 0.74939 0.695239 0.668039 0.630485 0.566017 0.564371 0.583278 0.597708 0.623714 0.665205 0.694132 0.706077 0.7087 0.698931 0.696428 0.66592 0.631016 0.611761 0.587644 0.570767 0.555152 0.550325 0.534773 0.539897 0.535108 0.52684 0.521619 0.517551 0.514895 0.513534 0.512689 0.511685 0.510931 0.509423 0.494908 0.465087 0.392476 0.331118 -9999 -9999
-9999 -9999 -9999 -9999 1.20931 1.19448 1.17126 1.14819 1.1283 1.10938 1.08245 1.05985 1.04541 1.02876 0.999319 0.971601 0.980388 0.984419 0.992211 0.996625 1.00033 0.942707 0.920384 0.901116 0.865684 0.858503 0.859821 0.849486 0.830466 0.778687 0.726603 0.656265 0.604051 0.592236 0.562164 0.565315 0.576689 0.614087 0.640922 0.651792 0.659574 0.701947 0.699794 0.691098 0.692644 0.666153 0.638599 0.611912 0.599201 0.581712 0.565258 0.517632 0.525208 0.514249 0.523721 0.522973 0.517035 0.513061 0.510875 0.509571 0.50921 0.509016 0.508952 0.500173 0.493002 0.471186 0.385492 0.33125 -9999 -9999
-9999 -9999 -9999 -9999 -9999 -9999 1.15586 1.13438 1.10969 1.08795 1.06994 1.05137 1.03353 1.01553 0.994687 0.968651 0.958546 0.960312 0.946066 0.962777 0.97729 0.977872 0.975357 0.936135 0.902637 0.913059 0.897542 0.858001 0.823118 0.787634 0.728753 0.670073 0.611902 0.566796 0.557434 0.590385 0.617889 0.656232 0.673253 0.662996 0.673947 0.685178 0.703645 0.707458 0.694639 0.666739 0.640499 0.606919 0.607333 0.591627 0.566459 0.542815 0.52144 0.518516 0.511149 0.518081 0.515028 0.510105 0.507796 0.506874 0.506756 0.506978 0.501044 0.497798 0.493141 0.486548 0.398392 0.32062 -9999 -9999
-9999 -9999 -9999 -9999 -9999 -9999 1.13383 1.10925 1.0905 1.08827 1.0622 1.0435 1.02175 1.00643 0.98794 0.963657 0.943525 0.928114 0.90978 0.922071 0.951831 0.969293 0.970692 0.935741 0.938271 0.923522 0.900744 0.852314 0.81228 0.78411 0.726975 0.664642 0.622486 0.56977 0.580621 0.595265 0.617668 0.659592 0.688833 0.700645 0.686797 0.696378 0.718291 0.710106 0.684279 0.67286 0.639241 0.598732 0.606389 0.595803 0.572624 0.557066 0.530815 0.52142 0.517075 0.514594 0.512184 0.50823 0.505594 0.504735 0.504937 0.50301 0.500864 0.49781 0.493074 0.486647 0.42695 0.318705 -9999 -9999
-9999 -9999 -9999 -9999 -9999 -9999 -9999 1.08519 1.08016 1.08718 1.05635 1.03178 1.01833 1.00167 0.981267 0.96612 0.942871 0.916498 0.868654 0.882509 0.909703 0.947502 0.966179 0.96076 0.935097 0.907422 0.851073 0.798979 0.781044 0.760713 0.71539 0.66186 0.616594 0.627841 0.642721 0.661557 0.670779 0.665668 0.690635 0.710459 0.699157 0.71168 0.724915 0.707365 0.691342 0.674203 0.638964 0.621537 0.605233 0.601691 0.574329 0.563336 0.539464 0.526075 0.518346 0.513304 0.510741 0.507022 0.504673 0.504029 0.503243 0.502527 0.50043 0.497055 0.492238 0.485749 0.473392 0.408107 0.367275 -9999
-9999 -9999 -9999 -9999 -9999 -9999 -9999 1.05798 1.04173 1.05634 1.03052 1.02665 1.01681 1.00087 0.976262 0.959976 0.926742 0.91717 0.872448 0.853454 0.871494 0.864715 0.914569 0.956743 0.931558 0.830782 0.786968 0.75137 0.744617 0.73126 0.709005 0.635877 0.612746 0.647474 0.667855 0.683886 0.696582 0.696707 0.696059 0.727626 0.728955 0.734946 0.725976 0.718134 0.69082 0.667865 0.652279 0.62537 0.606359 0.603521 0.571843 0.568192 0.542863 0.526244 0.515268 0.515207 0.510513 0.507152 0.503964 0.503235 0.502529 0.500995 0.499275 0.495872 0.490681 0.484491 0.476349 0.455301 0.418554 0.39803
-9999 -9999 -9999 -9999 -9999 -9999 -9999 -9999 0.998993 1.03166 1.0207 1.01366 1.01513 1.00223 0.97264 0.956767 0.926284 0.900571 0.860107 0.81403 0.790877 0.86287 0.924074 0.9533 0.932949 0.847432 0.806768 0.793733 0.799059 0.7712 0.746951 0.685599 0.665447 0.642361 0.645406 0.664013 0.685214 0.708392 0.724856 0.724974 0.733293 0.733721 0.727378 0.720424 0.707609 0.693367 0.653139 0.647821 0.621759 0.609777 0.589932 0.571014 0.54508 0.523829 0.5199 0.517257 0.512481 0.50519 0.503649 0.502939 0.502156 0.5007 0.497259 0.493771 0.488891 0.482353 0.474724 0.459392 0.445974 0.41919
-9999 -9999 -9999 -9999 -9999 -9999 -9999 -9999 0.967097 1.00132 0.992781 1.0097 0.992574 0.984922 0.977551 0.963867 0.939878 0.906228 0.878533 0.826335 0.771646 0.847256 0.913906 0.946236 0.942129 0.858046 0.865552 0.839913 0.833839 0.79532 0.772289 0.739002 0.711567 0.683602 0.644583 0.626926 0.680426 0.707774 0.729276 0.738109 0.741072 0.739457 0.731238 0.715987 0.681363 0.687245 0.662084 0.644672 0.626566 0.609459 0.591747 0.574324 0.549913 0.537916 0.522092 0.513966 0.507494 0.505162 0.503699 0.502527 0.50125 0.499642 0.49722 0.492754 0.486457 0.479994 0.472345 0.457282 0.44698 0.435447
-9999 -9999 -9999 -9999 -9999 -9999 -9999 -9999 0.882308 0.945337 0.950395 0.971944 0.98137 0.981076 0.977888 0.960878 0.948467 0.923355 0.899893 0.86449 0.811774 0.777594 0.832506 0.910319 0.937326 0.914608 0.902695 0.875308 0.849094 0.835817 0.825725 0.783578 0.732568 0.695402 0.675987 0.66321 0.702582 0.707267 0.703111 0.745084 0.741827 0.734467 0.711098 0.683329 0.676728 0.650103 0.63517 0.606501 0.604233 0.600205 0.589535 0.574999 0.550814 0.528341 0.520146 0.512111 0.508249 0.505371 0.503355 0.501838 0.500266 0.497996 0.495267 0.492082 0.485128 0.478813 0.469745 0.454847 0.445157 0.434439
-9999 -9999 -9999 -9999 -9999 -9999 -9999 -9999 0.852509 0.886828 0.932547 0.945374 0.970614 0.970874 0.976684 0.969587 0.956314 0.933614 0.906209 0.875994 0.829704 0.79376 0.827368 0.878865 0.911399 0.903916 0.898503 0.887372 0.873102 0.838059 0.824606 0.797128 0.773959 0.730182 0.710286 0.682824 0.726318 0.730057 0.721317 0.741032 0.736184 0.697373 0.664884 0.653597 0.658561 0.632247 0.605411 0.579939 0.576506 0.590876 0.554903 0.543943 0.534543 0.527916 0.517267 0.512402 0.508328 0.505286 0.50279 0.500909 0.499041 0.496319 0.493269 0.48952 0.484439 0.475762 0.46839 0.452992 0.442688 0.432936
-9999 -9999 -9999 -9999 -9999 -9999 -9999 -9999 0.833516 0.862218 0.903277 0.932949 0.961247 0.968872 0.973922 0.969084 0.953795 0.940612 0.92189 0.894318 0.873972 0.840623 0.795616 0.856538 0.872078 0.868393 0.841701 0.850308 0.83974 0.82154 0.791143 0.794843 0.776716 0.748629 0.738004 0.722289 0.745448 0.743695 0.740738 0.736373 0.703826 0.658972 0.62078 0.635726 0.621882 0.619947 0.563762 0.563534 0.571054 0.564386 0.537019 0.514572 0.52582 0.516957 0.513832 0.510746 0.508004 0.504395 0.502056 0.499481 0.497008 0.49425 0.4908 0.48677 0.481811 0.475975 0.465469 0.450262 0.441248 0.425848
-9999 -9999 -9999 -9999 -9999 -9999 -9999 -9999 -9999 0.810642 0.85373 0.906142 0.932768 0.948084 0.953461 0.948909 0.939153 0.928624 0.914909 0.892842 0.865595 0.824742 0.792118 0.801212 0.814342 0.79384 0.797341 0.826362 0.830204 0.802594 0.726314 0.736004 0.762623 0.759087 0.75412 0.749237 0.750913 0.745226 0.735121 0.711979 0.647255 0.621609 0.590724 0.585017 0.563349 0.576184 0.542123 0.5567 0.555798 0.547811 0.510685 0.490948 0.50378 0.508011 0.499763 0.501761 0.5065 0.503184 0.500333 0.497358 0.494709 0.491737 0.48817 0.48081 0.475525 0.469543 0.45773 0.442414 0.431763 0.421667
-9999 -9999 -9999 -9999 -9999 -9999 -9999 -9999 -9999 0.775534 0.834264 0.898314 0.914119 0.931154 0.94599 0.941681 0.928388 0.915637 0.902461 0.88768 0.855551 0.823622 0.792248 0.776808 0.774233 0.752114 0.764543 0.80598 0.806992 0.794551 0.701762 0.680365 0.717085 0.748032 0.747916 0.7423 0.699452 0.705349 0.68035 0.646853 0.633863 0.615059 0.580813 0.586037 0.557162 0.556094 0.526492 0.530407 0.526374 0.533447 0.500585 0.475824 0.487995 0.495545 0.489789 0.499989 0.501062 0.49869 0.495641 0.492669 0.489468 0.48621 0.482175 0.477542 0.472252 0.465914 0.457962 0.44026 0.395253 0.387396
-9999 -9999 -9999 -9999 -9999 -9999 -9999 -9999 -9999 0.775998 0.814299 0.870646 0.911349 0.907989 0.925837 0.932956 0.918555 0.903019 0.887107 0.877243 0.842671 0.804742 0.772485 0.73501 0.732906 0.747509 0.760712 0.784862 0.782488 0.767962 0.69603 0.703324 0.726889 0.737994 0.739119 0.7327 0.720945 0.712701 0.693077 0.681937 0.654723 0.614121 0.593774 0.595004 0.549791 0.54349 0.547762 0.504856 0.51826 0.519371 0.481023 0.469467 0.487554 0.493917 0.499459 0.499708 0.497338 0.496632 0.493026 0.489772 0.486374 0.482601 0.478569 0.473597 0.468256 0.459772 0.449341 0.415815 0.382994 0.378009
-9999 -9999 -9999 -9999 -9999 -9999 -9999 -9999 -9999 0.77558 0.809831 0.858041 0.885202 0.885034 0.905361 0.923308 0.915896 0.899705 0.891408 0.874513 0.844399 0.811324 0.775319 0.754326 0.714133 0.740077 0.743452 0.763127 0.768324 0.697795 0.681462 0.695439 0.709867 0.71344 0.7289 0.725316 0.715725 0.685399 0.668469 0.669643 0.659085 0.643639 0.613342 0.605272 0.58223 0.567663 0.553012 0.505244 0.508095 0.499862 0.483665 0.486596 0.492785 0.495163 0.497427 0.494372 0.493255 0.493612 0.490108 0.486514 0.482744 0.478959 0.474526 0.468824 0.462967 0.451582 0.435016 0.408543 0.353545 0.370499
-9999 -9999 -9999 -9999 -9999 -9999 -9999 -9999 -9999 0.758638 0.796257 0.836725 0.849957 0.847168 0.888495 0.912037 0.907139 0.896874 0.885669 0.851335 0.847826 0.836446 0.803639 0.758213 0.708664 0.706144 0.710886 0.738371 0.743098 0.657655 0.63964 0.643747 0.66767 0.68899 0.711737 0.714757 0.703212 0.657683 0.609293 0.625411 0.64247 0.636912 0.624466 0.595661 0.581503 0.567546 0.543373 0.494738 0.483058 0.481946 0.476653 0.478987 0.48716 0.493366 0.482977 0.480575 0.487815 0.490346 0.486555 0.482776 0.479134 0.475039 0.470532 0.463624 0.456289 0.446802 0.412802 0.389425 0.349089 0.365947
-9999 -9999 -9999 -9999 -9999 -9999 -9999 -9999 -9999 0.734101 0.759631 0.798356 0.810237 0.833729 0.872503 0.889102 0.894593 0.889527 0.880482 0.862452 0.849499 0.828662 0.79506 0.750886 0.702189 0.668188 0.67596 0.70201 0.689827 0.623201 0.601112 0.616571 0.642187 0.682751 0.704266 0.70369 0.697376 0.68474 0.648184 0.604626 0.599945 0.614324 0.592233 0.56701 0.570888 0.561923 0.538528 0.519243 0.483722 0.46883 0.461422 0.461657 0.472437 0.49195 0.490022 0.484164 0.49022 0.486377 0.482499 0.478934 0.475012 0.470979 0.466618 0.460311 0.451184 0.427361 0.405752 0.377378 0.369203 0.374189
-9999 -9999 -9999 -9999 -9999 -9999 -9999 -9999 -9999 0.698756 0.730657 0.766789 0.80069 0.832902 0.860227 0.857579 0.869993 0.865217 0.869614 0.862301 0.845305 0.827204 0.797798 0.743019 0.695842 0.644686 0.650507 0.680367 0.632177 0.604531 0.558633 0.594956 0.635855 0.672738 0.690782 0.668831 0.682735 0.677071 0.66069 0.632991 0.592127 0.587813 0.555325 0.548374 0.556123 0.554078 0.544853 0.52893 0.494873 0.470124 0.4561 0.452066 0.461626 0.475516 0.48939 0.487531 0.486494 0.482241 0.478145 0.474469 0.470626 0.466358 0.461445 0.455208 0.434933 0.411422 0.395043 0.374035 0.367099 0.384528
