Test_Spring_2018b/01_18/Prec/20180113_003.txt
ncols	170
nrows	115
xllcorner	350000.000000
yllcorner	4445000.000000
cellsize	1000.000000
nodata_value	-9999.000000
[rows 31 to 61 of 115, columns 70 to 139 of 170]
0.169689 0.169736 0.170872 0.173729 0.175614 0.178123 0.181046 0.183522 0.186046 0.188579 0.191985 0.194523 0.197459 0.20093 0.20327 0.20759 0.218098 0.216456 0.216196 0.219463 0.218373 0.216223 0.218581 0.225111 0.228061 0.232735 0.23716 0.241707 0.246087 -9999 -9999 -9999 -9999 -9999 -9999 -9999 -9999 -9999 -9999 -9999 -9999 -9999 -9999 -9999 -9999 -9999 -9999 -9999 -9999 -9999 -9999 -9999 -9999 -9999 -9999 -9999 -9999 -9999 -9999 -9999 -9999 -9999 -9999 -9999 -9999 -9999 -9999 -9999 -9999 -9999
0.169767 0.17049 0.172079 0.174718 0.174973 0.175456 0.182396 0.183768 0.184739 0.186728 0.189445 0.193138 0.195554 0.197863 0.199749 0.203407 0.211163 0.218095 0.215676 0.216242 0.218982 0.215441 0.217918 0.223748 0.23184 0.228028 0.229567 0.243879 0.247443 -9999 -9999 -9999 -9999 -9999 -9999 -9999 -9999 -9999 -9999 -9999 -9999 -9999 -9999 -9999 -9999 -9999 -9999 -9999 -9999 -9999 -9999 -9999 -9999 -9999 -9999 -9999 -9999 -9999 -9999 -9999 -9999 -9999 -9999 -9999 -9999 -9999 -9999 -9999 -9999 -9999
0.171804 0.171413 0.173321 0.175239 0.174569 0.176285 0.181186 0.182059 0.183527 0.184951 0.186908 0.189285 0.191462 0.193576 0.196714 0.200558 0.207255 0.214965 0.2173 0.214661 0.215113 0.215127 0.217546 0.220431 0.224666 0.22207 0.221378 0.231578 0.241012 0.247351 -9999 -9999 -9999 -9999 -9999 -9999 -9999 -9999 -9999 -9999 -9999 -9999 -9999 -9999 -9999 -9999 -9999 -9999 -9999 -9999 -9999 -9999 -9999 -9999 -9999 -9999 -9999 -9999 -9999 -9999 -9999 -9999 -9999 -9999 -9999 -9999 -9999 -9999 -9999 -9999
0.174331 0.172642 0.174698 0.178246 0.178312 0.178773 0.180445 0.183461 0.184684 0.183448 0.184985 0.186431 0.18882 0.190893 0.193487 0.19708 0.2017 0.207009 0.215566 0.211503 0.208435 0.209179 0.210003 0.212281 0.216471 0.214012 0.214425 0.227465 0.238071 0.241902 0.243929 -9999 -9999 -9999 -9999 -9999 -9999 -9999 -9999 -9999 -9999 -9999 -9999 -9999 -9999 -9999 -9999 -9999 -9999 -9999 -9999 -9999 -9999 -9999 -9999 -9999 -9999 -9999 -9999 -9999 -9999 -9999 -9999 -9999 -9999 -9999 -9999 -9999 -9999 -9999
-9999 0.174275 0.176202 0.180119 0.180039 0.179536 0.177463 0.181219 0.182469 0.182897 0.183237 0.184421 0.186611 0.191034 0.192418 0.19341 0.196642 0.202516 0.208368 0.210443 0.205465 0.204562 0.205615 0.205033 0.208763 0.207953 0.209145 0.213714 0.227263 0.23476 0.237335 0.241746 -9999 -9999 -9999 -9999 -9999 -9999 -9999 -9999 -9999 -9999 -9999 -9999 -9999 -9999 -9999 -9999 -9999 -9999 -9999 -9999 -9999 -9999 -9999 -9999 -9999 -9999 -9999 -9999 -9999 -9999 -9999 -9999 -9999 -9999 -9999 -9999 -9999 -9999
-9999 -9999 -9999 -9999 0.182544 0.180572 0.180216 0.181864 0.181682 0.181622 0.18151 0.182465 0.185618 0.187515 0.188327 0.190613 0.194115 0.196594 0.200544 0.204659 0.204189 0.200122 0.203107 0.200441 0.201491 0.20156 0.204513 0.213552 0.226067 0.232177 0.234459 0.23803 -9999 -9999 -9999 -9999 -9999 -9999 -9999 -9999 -9999 -9999 -9999 -9999 -9999 -9999 -9999 -9999 -9999 -9999 -9999 -9999 -9999 -9999 -9999 -9999 -9999 -9999 -9999 -9999 -9999 -9999 -9999 -9999 -9999 -9999 -9999 -9999 -9999 -9999
-9999 -9999 -9999 -9999 -9999 0.180447 0.180367 0.177926 0.180938 0.181076 0.180117 0.180779 0.182268 0.183495 0.185012 0.186844 0.189545 0.192526 0.196266 0.197344 0.195078 0.195933 0.197491 0.197865 0.197103 0.198297 0.205104 0.21333 0.217159 0.232197 0.23551 0.235597 0.237933 -9999 -9999 -9999 -9999 -9999 -9999 -9999 -9999 -9999 -9999 -9999 -9999 0.250066 -9999 -9999 -9999 -9999 -9999 -9999 -9999 -9999 -9999 -9999 -9999 -9999 -9999 -9999 -9999 -9999 -9999 -9999 -9999 -9999 0.335017 -9999 -9999 -9999
-9999 -9999 -9999 -9999 0.179783 0.178547 0.177791 0.176488 0.180012 0.180109 0.17871 0.179153 0.180189 0.181273 0.183253 0.184069 0.185762 0.188879 0.190105 0.189903 0.190343 0.190782 0.191451 0.192699 0.194277 0.195955 0.202789 0.206369 0.208846 0.221268 0.226261 0.2294 0.233954 0.237516 -9999 -9999 -9999 -9999 -9999 -9999 -9999 0.237621 0.240328 0.243097 0.245218 0.245807 0.250775 -9999 -9999 -9999 -9999 -9999 -9999 -9999 -9999 -9999 -9999 -9999 -9999 -9999 -9999 -9999 -9999 -9999 -9999 -9999 0.329926 0.337076 -9999 -9999
-9999 -9999 -9999 -9999 0.178688 0.177344 0.177038 0.175693 0.175121 0.178327 0.17804 0.177678 0.178005 0.178987 0.180402 0.180678 0.182731 0.184163 0.185494 0.184954 0.185647 0.187254 0.189041 0.190734 0.193488 0.194595 0.199605 0.202168 0.205692 0.209103 0.220845 0.226882 0.232675 0.237275 -9999 -9999 -9999 -9999 -9999 -9999 0.230714 0.230819 0.232233 0.238187 0.239151 0.240528 0.244596 0.254376 -9999 -9999 -9999 -9999 -9999 -9999 -9999 -9999 -9999 -9999 -9999 -9999 -9999 -9999 0.297288 0.30382 0.314318 0.321563 0.327545 0.334633 -9999 -9999
-9999 -9999 -9999 -9999 0.178754 0.176957 0.175917 0.174967 0.175214 0.174327 0.17672 0.176486 0.176569 0.176746 0.177026 0.178627 0.179551 0.182221 0.180806 0.181751 0.183305 0.186536 0.188631 0.193407 0.196095 0.200774 0.198749 0.201758 0.206951 0.213061 0.22103 0.226997 0.228947 0.232759 -9999 -9999 -9999 -9999 -9999 -9999 0.225764 0.225862 0.226846 0.229952 0.236504 0.236514 0.244175 0.250892 0.255784 0.258148 0.261105 0.268455 0.276116 0.277917 0.28092 0.281558 -9999 -9999 -9999 -9999 0.288789 0.290881 0.293399 0.297921 0.309237 0.31838 0.32724 0.333655 -9999 -9999
-9999 -9999 -9999 -9999 0.17666 0.175831 0.175694 0.176112 0.175111 0.174255 0.176132 0.175092 0.175135 0.175083 0.175082 0.175633 0.177008 0.177232 0.177978 0.179515 0.184549 0.190374 0.189567 0.194014 0.201666 0.200543 0.19897 0.202304 0.208465 0.21523 0.21807 0.22287 0.225456 0.228118 -9999 -9999 -9999 0.223428 0.22075 0.221778 0.222707 0.222051 0.222694 0.22546 0.228294 0.231094 0.241816 0.248901 0.256028 0.259712 0.259655 0.262367 0.273797 0.27554 0.278358 0.279149 0.27928 0.279851 0.280932 0.282581 0.284329 0.286316 0.288971 0.293336 0.304614 0.312616 0.319477 0.335627 -9999 -9999
-9999 -9999 -9999 -9999 0.177256 0.176587 0.176074 0.174664 0.174804 0.17381 0.173343 0.174463 0.174115 0.175102 0.173902 0.173983 0.174321 0.175112 0.17635 0.180613 0.186355 0.192253 0.195712 0.196434 0.201249 0.203 0.201411 0.203873 0.207112 0.213106 0.213777 0.215225 0.22451 0.228785 -9999 -9999 0.226305 0.219763 0.215756 0.21466 0.215913 0.218514 0.218751 0.222322 0.223251 0.22699 0.240656 0.245288 0.254135 0.257933 0.261406 0.264814 0.268358 0.273957 0.275315 0.276634 0.276951 0.277709 0.278621 0.279801 0.281803 0.283554 0.286011 0.289903 0.298555 0.305024 0.313109 0.331863 -9999 -9999
-9999 -9999 -9999 -9999 0.176296 0.175413 0.174269 0.174428 0.173452 0.173915 0.174398 0.172482 0.173447 0.173951 0.174282 0.172988 0.173149 0.173654 0.174549 0.178634 0.183446 0.190302 0.195135 0.198866 0.201686 0.206773 0.206477 0.207677 0.208694 0.208165 0.210044 0.213104 0.215431 0.224153 0.22613 -9999 0.222726 0.219578 0.214564 0.211135 0.210204 0.214073 0.214102 0.217546 0.218566 0.224666 0.236861 0.244685 0.250029 0.255325 0.25755 0.262319 0.266961 0.268856 0.274134 0.275058 0.275635 0.27619 0.27683 0.277703 0.279042 0.28091 0.283457 0.286839 0.292833 0.300118 0.310262 0.329725 -9999 -9999
-9999 -9999 -9999 0.180306 0.176533 0.174572 0.174097 0.173764 0.173366 0.172998 0.172561 0.172031 0.171457 0.172651 0.174569 0.174167 0.173782 0.172801 0.173533 0.174757 0.177948 0.186059 0.189973 0.194627 0.200346 0.205609 0.205805 0.202977 0.203571 0.206034 0.208421 0.211821 0.213528 0.216054 0.224698 0.222736 0.21863 0.215903 0.212521 0.208 0.20606 0.207186 0.210194 0.211753 0.215821 0.224208 0.235292 0.241751 0.248561 0.254022 0.258882 0.261833 0.266493 0.268949 0.270172 0.274289 0.274703 0.275016 0.275388 0.27601 0.277119 0.278881 0.281257 0.284341 0.28858 0.296357 0.311306 0.327107 -9999 -9999
-9999 -9999 -9999 -9999 0.177491 0.176983 0.177199 0.177041 0.176174 0.174988 0.173213 0.172779 0.171542 0.171313 0.173877 0.175903 0.173902 0.173413 0.173227 0.17415 0.175617 0.182659 0.187091 0.190872 0.196437 0.198292 0.197986 0.198672 0.199963 0.205126 0.209892 0.215352 0.219837 0.218925 0.220788 0.219844 0.216612 0.210721 0.207193 0.206797 0.207771 0.204956 0.206198 0.211369 0.215058 0.222652 0.232906 0.240582 0.246073 0.251805 0.256941 0.265761 0.267355 0.270179 0.269816 0.271525 0.274054 0.27419 0.27434 0.274816 0.275755 0.277347 0.279619 0.282856 0.288133 0.295061 0.310873 0.325832 -9999 -9999
-9999 -9999 -9999 -9999 -9999 -9999 0.178481 0.177949 0.177578 0.176642 0.173606 0.172578 0.171767 0.171453 0.172135 0.174672 0.175244 0.17512 0.177959 0.177041 0.175719 0.177167 0.17894 0.185375 0.191144 0.190127 0.192031 0.196575 0.199929 0.202839 0.208437 0.212285 0.217506 0.220991 0.219891 0.213515 0.209122 0.203052 0.200814 0.203254 0.203842 0.204006 0.204698 0.207855 0.213573 0.221476 0.231651 0.240411 0.2443 0.249943 0.256386 0.262118 0.267639 0.269464 0.271402 0.271033 0.271724 0.27371 0.273762 0.274079 0.274894 0.276364 0.27935 0.282737 0.286942 0.291912 0.308166 0.326345 -9999 -9999
-9999 -9999 -9999 -9999 -9999 -9999 0.180829 0.180626 0.179398 0.175811 0.173865 0.172886 0.172648 0.172038 0.172474 0.174406 0.176624 0.178841 0.181945 0.181444 0.178857 0.177993 0.179177 0.184967 0.18585 0.188143 0.190965 0.196655 0.200664 0.202571 0.207919 0.212267 0.215357 0.219879 0.216088 0.212179 0.20779 0.201633 0.197748 0.197281 0.200574 0.201793 0.20202 0.206792 0.214274 0.220007 0.231205 0.240973 0.243982 0.249036 0.255313 0.260063 0.266299 0.269078 0.270681 0.271619 0.272246 0.272916 0.273682 0.273927 0.274631 0.276313 0.278791 0.282124 0.286334 0.291299 0.303782 0.326066 -9999 -9999
-9999 -9999 -9999 -9999 -9999 -9999 -9999 0.183381 0.180344 0.17558 0.174351 0.174274 0.173051 0.172743 0.173543 0.174336 0.176945 0.180662 0.187783 0.187013 0.184679 0.180979 0.179726 0.181438 0.186006 0.189946 0.197206 0.203356 0.204404 0.205288 0.209105 0.212341 0.215942 0.211996 0.207761 0.203372 0.20081 0.20084 0.197594 0.195828 0.199031 0.199796 0.201118 0.207073 0.213176 0.219621 0.231009 0.237677 0.243908 0.248052 0.254942 0.259151 0.265131 0.268535 0.27068 0.272041 0.272752 0.273432 0.273887 0.274223 0.275022 0.276506 0.278921 0.282237 0.286401 0.291325 0.29743 0.313935 0.32451 -9999
-9999 -9999 -9999 -9999 -9999 -9999 -9999 0.186739 0.185324 0.179695 0.177932 0.175274 0.173757 0.173524 0.175029 0.175923 0.179772 0.181286 0.187802 0.191577 0.190326 0.192433 0.186835 0.182012 0.186404 0.200037 0.205562 0.209491 0.209074 0.2091 0.209944 0.215919 0.216723 0.209808 0.205002 0.201133 0.198215 0.197416 0.197682 0.194174 0.195905 0.197445 0.201612 0.206123 0.21359 0.220675 0.229345 0.237186 0.243714 0.247732 0.255201 0.258459 0.264689 0.268614 0.271296 0.272095 0.273193 0.27391 0.274534 0.274921 0.275518 0.277461 0.279766 0.283 0.287109 0.291879 0.297308 0.307821 0.31776 0.325397
-9999 -9999 -9999 -9999 -9999 -9999 -9999 -9999 0.19109 0.183271 0.179695 0.177709 0.174915 0.174483 0.175274 0.176875 0.180818 0.184452 0.19031 0.197066 0.201886 0.193242 0.185924 0.182652 0.18628 0.197767 0.202819 0.203734 0.201764 0.203852 0.205131 0.209678 0.21031 0.211371 0.209112 0.203624 0.200451 0.197104 0.195111 0.195804 0.195911 0.198967 0.202606 0.206794 0.212104 0.217808 0.229649 0.234424 0.24176 0.246909 0.252743 0.258038 0.264391 0.269014 0.270858 0.272127 0.273364 0.274716 0.27525 0.275717 0.276381 0.277452 0.281252 0.284392 0.288317 0.292968 0.298149 0.307798 0.314438 0.322766
-9999 -9999 -9999 -9999 -9999 -9999 -9999 -9999 0.195543 0.187797 0.184095 0.179185 0.176646 0.175536 0.175678 0.177028 0.180091 0.184725 0.188763 0.196196 0.203979 0.194452 0.187729 0.183852 0.184564 0.196392 0.194955 0.197583 0.19723 0.200896 0.202218 0.203172 0.205043 0.207031 0.208134 0.210229 0.202571 0.198758 0.196134 0.195654 0.19642 0.198249 0.201493 0.208723 0.21669 0.219435 0.229101 0.235261 0.24134 0.247031 0.252485 0.257535 0.263707 0.267152 0.27069 0.271843 0.27442 0.275309 0.275972 0.276622 0.277446 0.278595 0.280226 0.283741 0.289969 0.294405 0.299364 0.308857 0.314839 0.320911
-9999 -9999 -9999 -9999 -9999 -9999 -9999 -9999 0.207143 0.19585 0.186855 0.182066 0.178088 0.177039 0.176704 0.17853 0.180018 0.183433 0.186786 0.19182 0.199174 0.20397 0.196987 0.186468 0.185338 0.188911 0.190051 0.192954 0.195405 0.195859 0.195672 0.197978 0.199048 0.203213 0.205735 0.206861 0.20124 0.200567 0.201432 0.19651 0.198051 0.200541 0.205548 0.211714 0.215181 0.225376 0.233504 0.240902 0.244631 0.248389 0.252772 0.257361 0.263504 0.266643 0.269567 0.27325 0.274723 0.275846 0.276746 0.27759 0.278574 0.279891 0.281598 0.283754 0.288584 0.292264 0.300789 0.310133 0.31575 0.321454
-9999 -9999 -9999 -9999 -9999 -9999 -9999 -9999 0.207294 0.197918 0.189863 0.184943 0.18031 0.179306 0.177835 0.178353 0.179925 0.182938 0.186702 0.190899 0.197239 0.202122 0.197568 0.190797 0.186028 0.187415 0.190707 0.191486 0.192451 0.190414 0.191243 0.19195 0.194347 0.200374 0.202477 0.205747 0.199722 0.199282 0.200817 0.198877 0.200577 0.207173 0.213252 0.21679 0.218803 0.224929 0.234486 0.245041 0.248681 0.249775 0.254724 0.259003 0.263382 0.266475 0.271392 0.273413 0.275058 0.276369 0.277505 0.278558 0.279715 0.281189 0.282987 0.285214 0.287988 0.293943 0.297971 0.307265 0.316823 0.322116
-9999 -9999 -9999 -9999 -9999 -9999 -9999 -9999 0.204642 0.201478 0.194288 0.187088 0.18219 0.180304 0.178994 0.179221 0.181028 0.182692 0.185187 0.188903 0.191635 0.196045 0.201912 0.193459 0.191283 0.192222 0.188921 0.186942 0.187531 0.18917 0.193949 0.192868 0.195699 0.198984 0.200028 0.201893 0.198731 0.199128 0.199945 0.201234 0.206595 0.213904 0.220607 0.220458 0.224402 0.227505 0.240913 0.240361 0.242363 0.246291 0.257075 0.262752 0.264288 0.26974 0.271901 0.273781 0.275382 0.276928 0.27821 0.279517 0.280892 0.282471 0.284378 0.286648 0.289359 0.292511 0.299452 0.308688 0.313498 0.316832
-9999 -9999 -9999 -9999 -9999 -9999 -9999 -9999 -9999 0.20282 0.193787 0.185784 0.181476 0.178891 0.177804 0.178166 0.179291 0.180535 0.182177 0.184872 0.18817 0.193185 0.196991 0.195108 0.192717 0.196093 0.194905 0.190286 0.189051 0.192062 0.198886 0.198531 0.194753 0.195101 0.195738 0.196471 0.199393 0.20041 0.202236 0.206047 0.215678 0.217228 0.222675 0.224982 0.22966 0.230433 0.24109 0.241837 0.244744 0.24863 0.25639 0.262171 0.265831 0.267538 0.27067 0.272186 0.275797 0.277448 0.278953 0.280463 0.281994 0.283701 0.285682 0.285743 0.288346 0.29134 0.298614 0.308153 0.313012 0.317914
-9999 -9999 -9999 -9999 -9999 -9999 -9999 -9999 -9999 0.205212 0.196226 0.186744 0.183924 0.181111 0.178731 0.179013 0.180553 0.182035 0.18355 0.185228 0.189156 0.192974 0.196631 0.198074 0.197726 0.201579 0.199273 0.193079 0.192319 0.193398 0.203758 0.20643 0.201396 0.19722 0.197296 0.19821 0.204222 0.203831 0.207718 0.212902 0.215512 0.219089 0.224934 0.225698 0.231234 0.233244 0.243855 0.245832 0.248957 0.250627 0.257628 0.263897 0.267846 0.269046 0.271826 0.272267 0.273743 0.275524 0.277282 0.278974 0.280702 0.282508 0.284551 0.286859 0.289481 0.292493 0.29598 0.304636 0.318635 0.322997
-9999 -9999 -9999 -9999 -9999 -9999 -9999 -9999 -9999 0.2047 0.198565 0.190189 0.184072 0.183998 0.181196 0.179912 0.181557 0.183366 0.18521 0.186203 0.190448 0.195078 0.198879 0.203317 0.202964 0.200334 0.199686 0.195887 0.195663 0.197107 0.204764 0.203678 0.200487 0.199046 0.19903 0.20012 0.202029 0.203582 0.206788 0.208998 0.213516 0.219995 0.223937 0.225172 0.232809 0.235409 0.236754 0.249625 0.25024 0.252537 0.260108 0.267927 0.267814 0.269118 0.270366 0.272157 0.274147 0.275786 0.277723 0.279569 0.281441 0.283423 0.285551 0.287959 0.290605 0.293881 0.297634 0.304688 0.320946 0.324712
-9999 -9999 -9999 -9999 -9999 -9999 -9999 -9999 -9999 0.204163 0.198673 0.191455 0.187188 0.186697 0.183554 0.180797 0.181476 0.183344 0.184145 0.186069 0.189719 0.193716 0.198052 0.200327 0.205131 0.201045 0.201819 0.198687 0.197517 0.204754 0.206835 0.20492 0.203015 0.202643 0.200764 0.201527 0.203194 0.207746 0.210622 0.211204 0.213497 0.216596 0.221844 0.224278 0.228879 0.232502 0.236278 0.249826 0.251716 0.255123 0.263205 0.265623 0.26703 0.268821 0.270491 0.272737 0.2746 0.276163 0.278172 0.280159 0.282179 0.284253 0.286507 0.289061 0.291794 0.295442 0.299965 0.305987 0.325484 0.326138
-9999 -9999 -9999 -9999 -9999 -9999 -9999 -9999 -9999 0.205717 0.199866 0.193746 0.191379 0.191253 0.185295 0.181776 0.182103 0.183164 0.184347 0.188608 0.188709 0.189825 0.193769 0.199362 0.205471 0.205254 0.205942 0.201797 0.200744 0.210077 0.212433 0.211886 0.208753 0.206044 0.203227 0.203141 0.205103 0.211722 0.218838 0.217436 0.216041 0.217815 0.220659 0.225844 0.229215 0.2327 0.23768 0.250382 0.255097 0.257444 0.264663 0.266621 0.267706 0.268948 0.272298 0.274466 0.27524 0.276563 0.278676 0.280763 0.282843 0.285031 0.287356 0.290114 0.293064 0.296451 0.303275 0.308821 0.322095 0.327126
-9999 -9999 -9999 -9999 -9999 -9999 -9999 -9999 -9999 0.208193 0.204038 0.198203 0.196049 0.192418 0.186806 0.184215 0.183147 0.183511 0.18441 0.186502 0.187891 0.190306 0.194396 0.199866 0.205909 0.209955 0.208389 0.20637 0.209057 0.214536 0.217468 0.215425 0.212087 0.206819 0.204185 0.204599 0.20588 0.208112 0.213662 0.220271 0.221803 0.220918 0.225057 0.229758 0.230699 0.23349 0.238329 0.242713 0.254951 0.263085 0.266713 0.268906 0.269605 0.26904 0.271246 0.273882 0.274835 0.277046 0.279218 0.281332 0.283507 0.285743 0.288097 0.290813 0.294025 0.299337 0.304486 0.310668 0.314254 0.326361
-9999 -9999 -9999 -9999 -9999 -9999 -9999 -9999 -9999 0.212049 0.207103 0.201658 0.196582 0.191799 0.187729 0.187721 0.185733 0.186069 0.185185 0.185866 0.187829 0.189915 0.193485 0.200419 0.206301 0.212685 0.211414 0.209034 0.213136 0.216784 0.222913 0.218079 0.212692 0.207915 0.205743 0.20902 0.207596 0.208903 0.211764 0.216266 0.222664 0.224305 0.229858 0.23213 0.232566 0.234436 0.237376 0.241299 0.252262 0.262931 0.267396 0.27014 0.270985 0.271159 0.271243 0.273345 0.275259 0.277546 0.279775 0.281938 0.284143 0.28645 0.288917 0.291657 0.296388 0.301675 0.30613 0.31132 0.314724 0.320474
