Test_Spring_2018b/01_18/Prec/20180114_014.txt
ncols	170
nrows	115
xllcorner	350000.000000
yllcorner	4445000.000000
cellsize	1000.000000
nodata_value	-9999.000000
[rows 31 to 61 of 115, columns 70 to 139 of 170]
0.3981 0.403853 0.409387 0.414315 0.420206 0.416961 0.433136 0.438007 0.445982 0.448762 0.450625 0.452506 0.453547 0.453568 0.453472 0.451313 0.444497 0.443914 0.441419 0.435693 0.431429 0.426664 0.418109 0.406033 0.395171 0.382491 0.359681 0.343983 0.329842 -9999 -9999 -9999 -9999 -9999 -9999 -9999 -9999 -9999 -9999 -9999 -9999 -9999 -9999 -9999 -9999 -9999 -9999 -9999 -9999 -9999 -9999 -9999 -9999 -9999 -9999 -9999 -9999 -9999 -9999 -9999 -9999 -9999 -9999 -9999 -9999 -9999 -9999 -9999 -9999 -9999
0.401897 0.407081 0.412109 0.416871 0.423387 0.430036 0.434862 0.427376 0.447725 0.450336 0.452128 0.452852 0.453761 0.454065 0.453871 0.451793 0.446371 0.440489 0.439191 0.435072 0.428599 0.424829 0.416441 0.405089 0.391516 0.384315 0.373331 0.342483 0.322725 -9999 -9999 -9999 -9999 -9999 -9999 -9999 -9999 -9999 -9999 -9999 -9999 -9999 -9999 -9999 -9999 -9999 -9999 -9999 -9999 -9999 -9999 -9999 -9999 -9999 -9999 -9999 -9999 -9999 -9999 -9999 -9999 -9999 -9999 -9999 -9999 -9999 -9999 -9999 -9999 -9999
0.404483 0.410159 0.414783 0.419727 0.426523 0.432146 0.425876 0.430356 0.449989 0.452617 0.454559 0.45578 0.45656 0.456727 0.455555 0.453161 0.448199 0.441714 0.437477 0.435218 0.430098 0.42423 0.415942 0.40645 0.395312 0.387539 0.37806 0.352084 0.326509 0.312489 -9999 -9999 -9999 -9999 -9999 -9999 -9999 -9999 -9999 -9999 -9999 -9999 -9999 -9999 -9999 -9999 -9999 -9999 -9999 -9999 -9999 -9999 -9999 -9999 -9999 -9999 -9999 -9999 -9999 -9999 -9999 -9999 -9999 -9999 -9999 -9999 -9999 -9999 -9999 -9999
0.406728 0.413 0.41734 0.42111 0.427269 0.433453 0.417598 0.448558 0.45141 0.455487 0.457555 0.459225 0.459779 0.459879 0.458943 0.456609 0.452796 0.447648 0.439592 0.438077 0.434952 0.428538 0.421093 0.411855 0.400637 0.392677 0.382436 0.347859 0.328996 0.315556 0.303637 -9999 -9999 -9999 -9999 -9999 -9999 -9999 -9999 -9999 -9999 -9999 -9999 -9999 -9999 -9999 -9999 -9999 -9999 -9999 -9999 -9999 -9999 -9999 -9999 -9999 -9999 -9999 -9999 -9999 -9999 -9999 -9999 -9999 -9999 -9999 -9999 -9999 -9999 -9999
-9999 0.415522 0.419763 0.42316 0.429283 0.435955 0.430919 0.439454 0.455396 0.458516 0.46136 0.463261 0.464012 0.462781 0.462624 0.461873 0.45888 0.453341 0.446798 0.441462 0.439276 0.433599 0.425732 0.417884 0.406596 0.397285 0.386199 0.364735 0.338472 0.31935 0.306772 0.293724 -9999 -9999 -9999 -9999 -9999 -9999 -9999 -9999 -9999 -9999 -9999 -9999 -9999 -9999 -9999 -9999 -9999 -9999 -9999 -9999 -9999 -9999 -9999 -9999 -9999 -9999 -9999 -9999 -9999 -9999 -9999 -9999 -9999 -9999 -9999 -9999 -9999 -9999
-9999 -9999 -9999 -9999 0.430852 0.42643 0.448247 0.441866 0.459038 0.462668 0.466026 0.468322 0.468757 0.469277 0.469667 0.468293 0.465218 0.461701 0.456194 0.449441 0.444268 0.440099 0.430616 0.423484 0.413214 0.402752 0.389957 0.367012 0.339085 0.320125 0.307142 0.294069 -9999 -9999 -9999 -9999 -9999 -9999 -9999 -9999 -9999 -9999 -9999 -9999 -9999 -9999 -9999 -9999 -9999 -9999 -9999 -9999 -9999 -9999 -9999 -9999 -9999 -9999 -9999 -9999 -9999 -9999 -9999 -9999 -9999 -9999 -9999 -9999 -9999 -9999
-9999 -9999 -9999 -9999 -9999 0.429559 0.450677 0.457579 0.463106 0.467012 0.471305 0.47422 0.47609 0.477423 0.477749 0.476924 0.474498 0.470727 0.465252 0.460075 0.455595 0.447971 0.438708 0.429024 0.419018 0.406998 0.382826 0.367466 0.352109 0.319033 0.304608 0.292873 0.280709 -9999 -9999 -9999 -9999 -9999 -9999 -9999 -9999 -9999 -9999 -9999 -9999 0.218532 -9999 -9999 -9999 -9999 -9999 -9999 -9999 -9999 -9999 -9999 -9999 -9999 -9999 -9999 -9999 -9999 -9999 -9999 -9999 -9999 0.132076 -9999 -9999 -9999
-9999 -9999 -9999 -9999 0.438467 0.448783 0.454866 0.4615 0.454944 0.472162 0.477324 0.480997 0.483757 0.485758 0.486318 0.486505 0.484949 0.481197 0.477143 0.472459 0.465901 0.457887 0.448358 0.437218 0.424766 0.411322 0.388437 0.372089 0.356332 0.327831 0.307664 0.293147 0.27883 0.266286 -9999 -9999 -9999 -9999 -9999 -9999 -9999 0.226351 0.22368 0.22132 0.219548 0.218774 0.215372 -9999 -9999 -9999 -9999 -9999 -9999 -9999 -9999 -9999 -9999 -9999 -9999 -9999 -9999 -9999 -9999 -9999 -9999 -9999 0.135861 0.130977 -9999 -9999
-9999 -9999 -9999 -9999 0.445344 0.451778 0.458036 0.465236 0.472144 0.478254 0.483528 0.488481 0.492456 0.495263 0.496821 0.497861 0.496451 0.493868 0.489687 0.484907 0.477666 0.468205 0.45706 0.444536 0.430122 0.415648 0.392397 0.375188 0.35734 0.33981 0.307867 0.29046 0.274407 0.260433 -9999 -9999 -9999 -9999 -9999 -9999 0.226129 0.225128 0.223901 0.220316 0.219888 0.219247 0.216919 0.195318 -9999 -9999 -9999 -9999 -9999 -9999 -9999 -9999 -9999 -9999 -9999 -9999 -9999 -9999 0.15874 0.154314 0.147422 0.1424 0.138073 0.133037 -9999 -9999
-9999 -9999 -9999 -9999 0.447074 0.454189 0.461427 0.469052 0.476228 0.496762 0.490608 0.496437 0.501502 0.505682 0.508712 0.509606 0.509324 0.50622 0.50364 0.497659 0.48932 0.478046 0.465643 0.45 0.434179 0.411053 0.395302 0.376125 0.355583 0.334792 0.30951 0.285491 0.270593 0.256167 -9999 -9999 -9999 -9999 -9999 -9999 0.222371 0.22211 0.221925 0.220828 0.217812 0.218675 0.200008 0.1966 0.194135 0.193023 0.191407 0.171506 0.169597 0.169649 0.168836 0.169273 -9999 -9999 -9999 -9999 0.166144 0.164547 0.162531 0.159178 0.151647 0.145322 0.139092 0.133691 -9999 -9999
-9999 -9999 -9999 -9999 0.449887 0.456896 0.464216 0.471777 0.480566 0.501593 0.497564 0.505011 0.510948 0.516113 0.520106 0.522312 0.522277 0.52094 0.517135 0.510627 0.499816 0.486416 0.475026 0.457425 0.441198 0.415694 0.397829 0.376566 0.35356 0.330548 0.306587 0.282457 0.265925 0.248468 -9999 -9999 -9999 0.220322 0.218795 0.216562 0.215617 0.216539 0.217297 0.218777 0.218815 0.206256 0.200106 0.196909 0.193467 0.19186 0.19228 0.190865 0.171991 0.172283 0.171759 0.172548 0.173172 0.173314 0.172923 0.171962 0.170718 0.169123 0.166944 0.163586 0.155652 0.149836 0.144614 0.134436 -9999 -9999
-9999 -9999 -9999 -9999 0.453107 0.460287 0.468172 0.47729 0.485945 0.495507 0.514929 0.512973 0.520277 0.52591 0.531606 0.53491 0.536083 0.534713 0.530606 0.522134 0.510244 0.495852 0.480702 0.469534 0.44946 0.421757 0.402838 0.376436 0.346296 0.322703 0.303219 0.280324 0.256295 0.240234 -9999 -9999 0.214309 0.213491 0.213147 0.212786 0.212411 0.212248 0.21415 0.214376 0.216216 0.205222 0.197937 0.196557 0.194067 0.192694 0.191328 0.189653 0.175791 0.174876 0.175323 0.175579 0.176198 0.176299 0.176042 0.175355 0.173917 0.172388 0.170223 0.167018 0.160819 0.155803 0.149359 0.137819 -9999 -9999
-9999 -9999 -9999 -9999 0.456652 0.464314 0.472974 0.481567 0.491391 0.500428 0.519766 0.529394 0.529281 0.536317 0.542109 0.547081 0.548975 0.548108 0.54422 0.535537 0.523561 0.507654 0.490477 0.475781 0.455372 0.415741 0.394427 0.371892 0.349524 0.328511 0.300634 0.275318 0.256557 0.235035 0.221768 -9999 0.207214 0.204524 0.205198 0.206863 0.208581 0.208547 0.211494 0.2127 0.20584 0.204725 0.198946 0.196395 0.19464 0.1926 0.192115 0.191357 0.1778 0.178417 0.177431 0.178058 0.178624 0.178913 0.178848 0.178339 0.177255 0.17558 0.173257 0.170229 0.165472 0.159553 0.152016 0.139794 -9999 -9999
-9999 -9999 -9999 0.456262 0.457384 0.466181 0.475051 0.484666 0.494983 0.505729 0.525447 0.535668 0.544709 0.54618 0.55199 0.55724 0.560056 0.56041 0.556652 0.549399 0.537806 0.520278 0.506265 0.477317 0.453128 0.420761 0.397333 0.375385 0.351475 0.326929 0.303311 0.276661 0.250557 0.233128 0.21435 0.205581 0.200913 0.198143 0.198258 0.201191 0.204274 0.206729 0.208776 0.204363 0.205186 0.203719 0.199148 0.197457 0.195154 0.193277 0.191423 0.190425 0.178174 0.179692 0.180648 0.180003 0.180759 0.181254 0.181375 0.181007 0.180019 0.178337 0.17602 0.173052 0.169057 0.162894 0.154059 0.143949 -9999 -9999
-9999 -9999 -9999 -9999 0.457568 0.465925 0.474912 0.485052 0.496377 0.508429 0.529355 0.539668 0.549858 0.559136 0.561087 0.565588 0.569893 0.570252 0.56709 0.559796 0.54875 0.528425 0.508392 0.4861 0.460589 0.428905 0.404175 0.378528 0.352628 0.324939 0.298436 0.269286 0.246482 0.229475 0.209715 0.199762 0.194514 0.193808 0.194388 0.195403 0.197415 0.202968 0.201395 0.20262 0.204225 0.203247 0.199679 0.197616 0.19639 0.19458 0.192739 0.18837 0.178717 0.179242 0.181427 0.182705 0.182583 0.183233 0.183508 0.183219 0.182297 0.180655 0.178317 0.175085 0.171551 0.166065 0.155141 0.145369 -9999 -9999
-9999 -9999 -9999 -9999 -9999 -9999 0.475573 0.486409 0.497981 0.510497 0.532476 0.543759 0.554317 0.563546 0.570665 0.573481 0.57664 0.577013 0.572093 0.563495 0.554347 0.538553 0.519277 0.494417 0.461403 0.43667 0.409377 0.380188 0.351841 0.324319 0.296192 0.267037 0.242922 0.222572 0.208086 0.200173 0.193195 0.192751 0.192863 0.192607 0.195361 0.196784 0.200452 0.202885 0.203716 0.202945 0.199818 0.197386 0.197343 0.195765 0.193283 0.190867 0.17946 0.180729 0.181668 0.183665 0.184647 0.184763 0.18511 0.184908 0.184033 0.182418 0.180037 0.176929 0.173156 0.168772 0.157509 0.145689 -9999 -9999
-9999 -9999 -9999 -9999 -9999 -9999 0.475293 0.486192 0.498574 0.513012 0.534493 0.546088 0.556652 0.566399 0.57398 0.578614 0.580346 0.579455 0.574139 0.566975 0.557007 0.542198 0.522761 0.497681 0.467022 0.439562 0.410966 0.380344 0.350871 0.32324 0.294585 0.264558 0.241201 0.219813 0.20663 0.197063 0.191481 0.19029 0.19158 0.193389 0.19348 0.196505 0.20075 0.202508 0.202556 0.203325 0.199829 0.196969 0.197595 0.196485 0.194193 0.192432 0.180976 0.181768 0.18299 0.184273 0.185345 0.185944 0.186084 0.18592 0.185094 0.18352 0.181144 0.178046 0.174243 0.169832 0.160784 0.146441 -9999 -9999
-9999 -9999 -9999 -9999 -9999 -9999 -9999 0.485374 0.498851 0.51401 0.535045 0.546121 0.557303 0.566906 0.57431 0.579665 0.581405 0.579498 0.57186 0.564817 0.55462 0.541393 0.523272 0.500467 0.467456 0.438826 0.407392 0.376315 0.348441 0.321258 0.293368 0.263883 0.240119 0.223717 0.210751 0.201451 0.194788 0.190253 0.191069 0.193293 0.19412 0.197488 0.201154 0.202279 0.20322 0.203629 0.200091 0.199138 0.197885 0.19736 0.194734 0.193326 0.182151 0.182604 0.183531 0.184583 0.18562 0.186222 0.186467 0.186285 0.185445 0.183915 0.181584 0.178504 0.174739 0.17036 0.165128 0.154227 0.146196 -9999
-9999 -9999 -9999 -9999 -9999 -9999 -9999 0.483641 0.49587 0.511236 0.5324 0.544712 0.555771 0.565052 0.571793 0.575599 0.577466 0.576892 0.5699 0.559503 0.548769 0.532255 0.516976 0.498375 0.46575 0.431722 0.401732 0.372392 0.345802 0.319537 0.293819 0.263037 0.241272 0.226922 0.214513 0.205046 0.198661 0.194162 0.192953 0.196433 0.197371 0.200122 0.201929 0.203764 0.203753 0.203662 0.20164 0.199914 0.198431 0.197945 0.19495 0.194096 0.182643 0.182757 0.183335 0.184698 0.185483 0.186046 0.186252 0.186013 0.185249 0.183578 0.181346 0.178357 0.174669 0.170429 0.165648 0.158373 0.150759 0.144362
-9999 -9999 -9999 -9999 -9999 -9999 -9999 -9999 0.491642 0.50771 0.529613 0.540918 0.552146 0.560985 0.566236 0.570842 0.571562 0.569508 0.562819 0.552107 0.536088 0.526454 0.512807 0.494001 0.462515 0.4307 0.401941 0.375355 0.350638 0.324067 0.298984 0.269825 0.248882 0.230365 0.216892 0.205736 0.200873 0.198871 0.198802 0.199471 0.202335 0.201763 0.203514 0.205185 0.206136 0.206584 0.202395 0.202312 0.200203 0.198934 0.196839 0.194713 0.182814 0.182425 0.183426 0.184439 0.185086 0.185505 0.185592 0.185314 0.184542 0.183191 0.180513 0.177649 0.174148 0.170061 0.165511 0.158852 0.153288 0.146556
-9999 -9999 -9999 -9999 -9999 -9999 -9999 -9999 0.48755 0.502732 0.524246 0.53646 0.550559 0.552577 0.559251 0.563369 0.564122 0.561157 0.555446 0.544439 0.529947 0.523137 0.504826 0.48745 0.465248 0.428067 0.404575 0.378358 0.354054 0.32789 0.304082 0.278187 0.257541 0.239335 0.219614 0.20869 0.206328 0.204477 0.20448 0.205399 0.207312 0.209824 0.207322 0.206593 0.205479 0.207276 0.20398 0.202788 0.20121 0.199452 0.197463 0.195395 0.183022 0.183203 0.18307 0.183961 0.184389 0.184637 0.184635 0.184266 0.183444 0.182122 0.180249 0.177731 0.173258 0.169409 0.165106 0.158682 0.153625 0.148358
-9999 -9999 -9999 -9999 -9999 -9999 -9999 -9999 0.478706 0.495009 0.524388 0.53503 0.536557 0.544249 0.55028 0.553318 0.554402 0.551784 0.546365 0.536953 0.523157 0.508011 0.497285 0.485766 0.459111 0.428311 0.404973 0.380291 0.355994 0.333393 0.312065 0.286726 0.260397 0.242797 0.228957 0.218791 0.21532 0.211453 0.209007 0.212031 0.212796 0.214148 0.214705 0.208134 0.209279 0.205721 0.202842 0.200566 0.200122 0.199311 0.197808 0.195904 0.182802 0.182711 0.18289 0.183349 0.183551 0.183614 0.18346 0.183 0.182143 0.18081 0.179008 0.176744 0.173686 0.170303 0.164573 0.15841 0.15371 0.148811
-9999 -9999 -9999 -9999 -9999 -9999 -9999 -9999 0.481469 0.506768 0.518776 0.518584 0.528061 0.534605 0.540282 0.54322 0.543581 0.540791 0.53501 0.526295 0.513614 0.499219 0.488069 0.475332 0.459669 0.43113 0.401755 0.380209 0.358645 0.331569 0.311224 0.288098 0.270236 0.252013 0.239318 0.228297 0.225209 0.221067 0.217836 0.218487 0.218413 0.216474 0.215522 0.216414 0.209944 0.208815 0.204621 0.199352 0.198663 0.199215 0.197042 0.195238 0.182008 0.182161 0.1825 0.182595 0.182613 0.182518 0.182217 0.181664 0.180772 0.179448 0.17772 0.175563 0.172937 0.169477 0.165907 0.159914 0.153775 0.149287
-9999 -9999 -9999 -9999 -9999 -9999 -9999 -9999 0.47818 0.501682 0.512171 0.511036 0.519475 0.525391 0.529915 0.532126 0.531663 0.529265 0.524135 0.515924 0.505937 0.492664 0.476397 0.466779 0.449944 0.423249 0.399995 0.380608 0.359781 0.338865 0.309727 0.29342 0.275283 0.260606 0.249284 0.23956 0.234925 0.230166 0.226992 0.225128 0.222123 0.21892 0.21672 0.218958 0.218843 0.209606 0.202517 0.204069 0.204204 0.202942 0.196236 0.193457 0.180982 0.181508 0.181658 0.181725 0.181693 0.181418 0.181028 0.180362 0.179414 0.178133 0.176474 0.174445 0.172028 0.169237 0.165444 0.159702 0.155728 0.153433
-9999 -9999 -9999 -9999 -9999 -9999 -9999 -9999 -9999 0.496151 0.494078 0.503928 0.511104 0.516527 0.520051 0.521409 0.520728 0.518144 0.513305 0.505707 0.495591 0.482347 0.467849 0.454965 0.438288 0.410745 0.393193 0.37737 0.359598 0.339749 0.313982 0.295497 0.283777 0.271344 0.260607 0.251727 0.243264 0.238044 0.233932 0.23002 0.223771 0.22313 0.22089 0.2209 0.219651 0.209814 0.203826 0.204553 0.203833 0.202351 0.198371 0.180564 0.182671 0.183194 0.182644 0.182826 0.180804 0.180435 0.179917 0.179171 0.178207 0.176956 0.175386 0.175637 0.173488 0.171 0.167473 0.161758 0.157922 0.153932
-9999 -9999 -9999 -9999 -9999 -9999 -9999 -9999 -9999 0.478013 0.487575 0.497165 0.50232 0.506803 0.510124 0.510708 0.50916 0.506064 0.501209 0.494423 0.484435 0.472696 0.459341 0.445754 0.431884 0.402542 0.38746 0.374409 0.358164 0.341211 0.311311 0.295558 0.285778 0.277001 0.267294 0.258738 0.248765 0.244172 0.238442 0.23318 0.230489 0.22803 0.224801 0.224989 0.222523 0.222214 0.203805 0.203451 0.202319 0.201939 0.198245 0.179308 0.181349 0.182042 0.181598 0.182348 0.18227 0.181801 0.181145 0.180344 0.179354 0.178169 0.176716 0.174993 0.172984 0.170652 0.167948 0.163822 0.155632 0.152163
-9999 -9999 -9999 -9999 -9999 -9999 -9999 -9999 -9999 0.474719 0.481556 0.489448 0.495551 0.497427 0.500125 0.500911 0.498752 0.495135 0.490012 0.48383 0.474113 0.462605 0.450111 0.435884 0.423337 0.411174 0.38427 0.371409 0.356445 0.340816 0.313484 0.301224 0.291405 0.281851 0.272835 0.264579 0.257233 0.251434 0.245871 0.241983 0.237625 0.232827 0.230094 0.22936 0.225033 0.223824 0.223373 0.202334 0.202462 0.201519 0.19734 0.17983 0.181344 0.181863 0.182247 0.182129 0.181711 0.181323 0.180586 0.179745 0.178745 0.177553 0.176165 0.174514 0.172637 0.170306 0.167616 0.162878 0.155449 0.152529
-9999 -9999 -9999 -9999 -9999 -9999 -9999 -9999 -9999 0.471872 0.477422 0.483713 0.487818 0.4891 0.491245 0.49228 0.49023 0.486305 0.48175 0.475187 0.466229 0.455718 0.443718 0.431767 0.417262 0.407204 0.380286 0.368403 0.355362 0.328322 0.314354 0.30365 0.293971 0.284516 0.277168 0.26947 0.26244 0.254837 0.249295 0.246068 0.242623 0.239359 0.235329 0.23336 0.230354 0.228086 0.225793 0.203176 0.202356 0.2006 0.198287 0.181396 0.181893 0.18203 0.182094 0.181659 0.181296 0.180958 0.180207 0.179333 0.178319 0.177166 0.175812 0.174198 0.172408 0.170006 0.167021 0.163077 0.154055 0.153183
-9999 -9999 -9999 -9999 -9999 -9999 -9999 -9999 -9999 0.468289 0.473283 0.478144 0.480361 0.480719 0.483917 0.484885 0.482662 0.478999 0.474175 0.466363 0.45986 0.451579 0.44048 0.427346 0.412972 0.401598 0.38132 0.365218 0.353202 0.325601 0.312428 0.301764 0.293555 0.286099 0.279769 0.272886 0.265837 0.257015 0.248826 0.246562 0.245017 0.242185 0.239203 0.2352 0.232557 0.230031 0.226722 0.216705 0.200945 0.199717 0.180882 0.181067 0.181675 0.182074 0.181086 0.180668 0.180947 0.180764 0.179983 0.179102 0.178122 0.176987 0.175693 0.174074 0.172283 0.17018 0.165976 0.162488 0.155356 0.154205
-9999 -9999 -9999 -9999 -9999 -9999 -9999 -9999 -9999 0.464724 0.468063 0.47212 0.473598 0.475484 0.477974 0.477977 0.476289 0.472874 0.468192 0.461794 0.454781 0.446117 0.435439 0.422988 0.409342 0.396169 0.385797 0.361185 0.341841 0.322957 0.310158 0.301028 0.293495 0.288023 0.281937 0.275 0.268497 0.262331 0.255022 0.247836 0.244348 0.24287 0.238857 0.234882 0.23344 0.231099 0.227673 0.224603 0.201451 0.199153 0.18006 0.180042 0.180829 0.182268 0.181935 0.181224 0.181397 0.180702 0.179919 0.179072 0.1781 0.177015 0.175796 0.174309 0.172481 0.169362 0.166307 0.162605 0.160424 0.156367
-9999 -9999 -9999 -9999 -9999 -9999 -9999 -9999 -9999 0.460935 0.464235 0.46756 0.470315 0.472459 0.473655 0.471813 0.47046 0.466943 0.463311 0.457843 0.450674 0.44248 0.432466 0.419555 0.406469 0.392399 0.382372 0.365306 0.334466 0.321218 0.306978 0.299937 0.293993 0.288533 0.282412 0.27394 0.269166 0.263604 0.257898 0.251919 0.245435 0.242334 0.237347 0.23469 0.233419 0.231508 0.229112 0.226229 0.216888 0.199551 0.180093 0.179716 0.180392 0.181372 0.182299 0.181909 0.181519 0.180801 0.180019 0.179187 0.178255 0.177198 0.175994 0.174588 0.171961 0.168981 0.166483 0.163533 0.16164 0.159278
