Test_Spring_2018b/01_18/Prec/20180118_004.txt
ncols	170
nrows	115
xllcorner	350000.000000
yllcorner	4445000.000000
cellsize	1000.000000
nodata_value	-9999.000000
[rows 32 to 63 of 115, columns 72 to 143 of 170]
0 0 0 0 0 0 0 0 0 0 0 0 0.101479 0.105431 0.112234 0.118614 0.118862 0.121341 0.12553 0.125738 0.130265 0.137301 0.146078 0.146994 0.151639 0.163206 0.165382 -9999 -9999 -9999 -9999 -9999 -9999 -9999 -9999 -9999 -9999 -9999 -9999 -9999 -9999 -9999 -9999 -9999 -9999 -9999 -9999 -9999 -9999 -9999 -9999 -9999 -9999 -9999 -9999 -9999 -9999 -9999 -9999 -9999 -9999 -9999 -9999 -9999 -9999 -9999 -9999 -9999 -9999 -9999 -9999 -9999
0 0 0 0 0 0 0 0 0 0 0 0 0.101971 0.106218 0.112451 0.119473 0.123014 0.123383 0.126052 0.128662 0.13314 0.138173 0.14434 0.146087 0.149264 0.153706 0.164248 0.175879 -9999 -9999 -9999 -9999 -9999 -9999 -9999 -9999 -9999 -9999 -9999 -9999 -9999 -9999 -9999 -9999 -9999 -9999 -9999 -9999 -9999 -9999 -9999 -9999 -9999 -9999 -9999 -9999 -9999 -9999 -9999 -9999 -9999 -9999 -9999 -9999 -9999 -9999 -9999 -9999 -9999 -9999 -9999 -9999
0 0 0 0 0 0 0 0 0 0 0 0 0.10222 0.106435 0.111381 0.116871 0.124674 0.124123 0.124442 0.127561 0.130979 0.135631 0.141816 0.143734 0.14777 0.151105 0.170685 0.175982 0.179904 -9999 -9999 -9999 -9999 -9999 -9999 -9999 -9999 -9999 -9999 -9999 -9999 -9999 -9999 -9999 -9999 -9999 -9999 -9999 -9999 -9999 -9999 -9999 -9999 -9999 -9999 -9999 -9999 -9999 -9999 -9999 -9999 -9999 -9999 -9999 -9999 -9999 -9999 -9999 -9999 -9999 -9999 -9999
0 0 0 0 0 0 0 0 0 0 0 0.100938 0.103791 0.106355 0.110445 0.116373 0.122388 0.126004 0.125054 0.127087 0.130701 0.133491 0.139468 0.142645 0.1474 0.150769 0.161934 0.17523 0.179857 0.185521 -9999 -9999 -9999 -9999 -9999 -9999 -9999 -9999 -9999 -9999 -9999 -9999 -9999 -9999 -9999 -9999 -9999 -9999 -9999 -9999 -9999 -9999 -9999 -9999 -9999 -9999 -9999 -9999 -9999 -9999 -9999 -9999 -9999 -9999 -9999 -9999 -9999 -9999 -9999 -9999 -9999 -9999
-9999 -9999 0 0 0 0 0 0 0 0 0 0.100609 0.103173 0.106679 0.110992 0.11465 0.119389 0.124384 0.126487 0.126416 0.131396 0.132882 0.137205 0.141185 0.1474 0.159018 0.164774 0.17779 0.182667 0.188233 -9999 -9999 -9999 -9999 -9999 -9999 -9999 -9999 -9999 -9999 -9999 -9999 -9999 -9999 -9999 -9999 -9999 -9999 -9999 -9999 -9999 -9999 -9999 -9999 -9999 -9999 -9999 -9999 -9999 -9999 -9999 -9999 -9999 -9999 -9999 -9999 -9999 -9999 -9999 -9999 -9999 -9999
-9999 -9999 -9999 0 0 0 0 0 0 0 0 0 0.102918 0.106146 0.109918 0.113893 0.11846 0.121381 0.122268 0.125548 0.129642 0.133315 0.136617 0.141631 0.147055 0.162019 0.169153 0.182282 0.188419 0.192219 0.197267 -9999 -9999 -9999 -9999 -9999 -9999 -9999 -9999 -9999 -9999 -9999 -9999 0.189167 -9999 -9999 -9999 -9999 -9999 -9999 -9999 -9999 -9999 -9999 -9999 -9999 -9999 -9999 -9999 -9999 -9999 -9999 -9999 -9999 0.122422 -9999 -9999 -9999 -9999 -9999 -9999 -9999
-9999 -9999 0 0 0 0 0 0 0 0 0 0.100103 0.103546 0.106071 0.109114 0.113112 0.115911 0.117911 0.120598 0.12362 0.127202 0.131629 0.136758 0.142434 0.15307 0.160366 0.167154 0.17383 0.187446 0.19401 0.201258 0.207419 -9999 -9999 -9999 -9999 -9999 -9999 -9999 0.207998 0.205513 0.20228 0.197955 0.192085 0.188808 -9999 -9999 -9999 -9999 -9999 -9999 -9999 -9999 -9999 -9999 -9999 -9999 -9999 -9999 -9999 -9999 -9999 -9999 -9999 0.121125 0.120538 -9999 -9999 -9999 -9999 -9999 -9999
-9999 -9999 0 0 0 0 0 0 0 0 0 0.100216 0.103262 0.105359 0.108544 0.111285 0.114036 0.115712 0.118519 0.122344 0.126774 0.131688 0.137899 0.143582 0.153226 0.16042 0.168577 0.176852 0.189212 0.198549 0.207446 0.215088 -9999 -9999 -9999 -9999 -9999 -9999 0.216363 0.212554 0.208573 0.206744 0.200807 0.194582 0.18979 0.181934 -9999 -9999 -9999 -9999 -9999 -9999 -9999 -9999 -9999 -9999 -9999 -9999 -9999 -9999 0.119826 0.120227 0.122877 0.122883 0.121604 0.120687 -9999 -9999 -9999 -9999 -9999 -9999
-9999 -9999 0 0 0 0 0 0 0 0 0 0.100226 0.102445 0.105323 0.107591 0.110995 0.111727 0.11427 0.117579 0.1225 0.127235 0.134436 0.140925 0.150417 0.154674 0.162834 0.172866 0.183779 0.202233 0.205033 0.212249 0.220231 -9999 -9999 -9999 -9999 -9999 -9999 0.223232 0.218899 0.213935 0.209354 0.206254 0.198111 0.18889 0.18378 0.177526 0.169864 0.163084 0.15953 0.147458 0.142196 0.13866 0.13437 -9999 -9999 -9999 -9999 0.122995 0.121304 0.119544 0.11867 0.121848 0.123005 0.123434 0.116394 -9999 -9999 -9999 -9999 -9999 -9999
-9999 -9999 0 0 0 0 0 0 0 0 0 0.100701 0.102556 0.104507 0.106831 0.108323 0.110259 0.112976 0.118456 0.12501 0.127742 0.135345 0.14958 0.151368 0.156549 0.165654 0.17716 0.189407 0.205262 0.208698 0.217329 0.225179 -9999 -9999 -9999 0.236575 0.234805 0.233856 0.231187 0.22591 0.220153 0.21471 0.208096 0.205383 0.192534 0.186538 0.180702 0.172918 0.163198 0.156109 0.146546 0.140913 0.137099 0.132637 0.129015 0.126333 0.124425 0.123101 0.121814 0.120449 0.119122 0.11841 0.121075 0.121341 0.120178 0.114018 -9999 -9999 -9999 -9999 -9999 -9999
-9999 -9999 0 0 0 0 0 0 0 0 0 0.101889 0.102803 0.104242 0.105631 0.107255 0.109286 0.11365 0.119488 0.126067 0.131769 0.139664 0.148365 0.152651 0.158167 0.1689 0.180258 0.192563 0.201458 0.216228 0.223709 0.233708 -9999 -9999 0.247218 0.244847 0.242323 0.239826 0.23701 0.233339 0.226524 0.220676 0.212051 0.208845 0.197955 0.189613 0.182189 0.173406 0.162964 0.155962 0.149444 0.138996 0.134283 0.130666 0.12734 0.125073 0.123421 0.122186 0.121469 0.120292 0.119094 0.118214 0.119809 0.119165 0.115091 0.115489 -9999 -9999 -9999 -9999 -9999 -9999
-9999 -9999 0 0 0 0 0 0 0 0 0 0.102134 0.10392 0.104207 0.105212 0.106366 0.107906 0.111941 0.117019 0.124214 0.13093 0.140677 0.148427 0.157297 0.164143 0.172742 0.181857 0.190425 0.203455 0.220073 0.230179 0.238368 0.246893 -9999 0.254866 0.255176 0.25212 0.247938 0.243289 0.239886 0.232153 0.225292 0.219803 0.212728 0.200049 0.189269 0.18078 0.172795 0.163471 0.153857 0.147468 0.140969 0.13279 0.128936 0.125972 0.123879 0.122442 0.12144 0.120709 0.119996 0.119156 0.118117 0.117973 0.11485 0.11536 0.116055 -9999 -9999 -9999 -9999 -9999 -9999
-9999 0 0 0 0 0 0 0 0 0 0 0.102105 0.104784 0.105437 0.105803 0.105672 0.106843 0.108738 0.11259 0.120599 0.12883 0.138643 0.148768 0.156699 0.164463 0.171024 0.18062 0.192054 0.203814 0.221105 0.2345 0.244807 0.253909 0.259244 0.261371 0.262333 0.260519 0.255503 0.249842 0.244046 0.2376 0.232241 0.223862 0.213147 0.199414 0.190269 0.181724 0.172886 0.164471 0.155776 0.148892 0.139378 0.133584 0.127482 0.124594 0.122648 0.121428 0.1207 0.120255 0.119866 0.119224 0.118188 0.114812 0.114522 0.117273 0.115717 -9999 -9999 -9999 -9999 -9999 -9999
-9999 -9999 0 0 0 0 0 0 0 0 0 0.101469 0.104794 0.106862 0.105884 0.10583 0.106146 0.107651 0.110225 0.120006 0.127243 0.135229 0.145612 0.151812 0.159755 0.169286 0.180025 0.194022 0.208186 0.227504 0.240823 0.249821 0.261503 0.264721 0.267917 0.267055 0.265265 0.262957 0.258989 0.25008 0.244653 0.234253 0.224396 0.21626 0.201271 0.191971 0.181612 0.172102 0.163102 0.15769 0.148168 0.141264 0.133805 0.127505 0.123283 0.121499 0.120491 0.12007 0.11992 0.119789 0.11938 0.117279 0.11562 0.114662 0.118652 0.116391 -9999 -9999 -9999 -9999 -9999 -9999
-9999 -9999 -9999 -9999 0 0 0 0 0 0 0 0.101201 0.103143 0.10613 0.106684 0.106674 0.108851 0.109437 0.111092 0.115229 0.120803 0.130792 0.139507 0.146311 0.156152 0.168751 0.181403 0.19445 0.209791 0.228501 0.242905 0.255433 0.263733 0.266896 0.268842 0.268086 0.26726 0.266816 0.262398 0.255097 0.245852 0.236403 0.227268 0.218645 0.203069 0.193739 0.181577 0.171337 0.162608 0.154572 0.147244 0.13932 0.133185 0.127209 0.123587 0.120568 0.119783 0.11958 0.11968 0.119778 0.118889 0.117938 0.116318 0.113996 0.118151 0.117973 -9999 -9999 -9999 -9999 -9999 -9999
-9999 -9999 -9999 -9999 0 0 0 0 0 0 0.100175 0.10194 0.103634 0.105662 0.107467 0.108915 0.11144 0.112186 0.112495 0.11512 0.120395 0.130097 0.135765 0.145026 0.155744 0.169405 0.182815 0.195529 0.211068 0.230395 0.243705 0.257262 0.264042 0.269119 0.271826 0.270836 0.26895 0.266175 0.263793 0.256984 0.247152 0.238456 0.230128 0.219623 0.204414 0.195297 0.182093 0.171033 0.161804 0.152755 0.145609 0.138095 0.131571 0.126394 0.122725 0.120624 0.119426 0.119383 0.119628 0.11956 0.119288 0.118419 0.116867 0.114547 0.116102 0.118658 -9999 -9999 -9999 -9999 -9999 -9999
-9999 -9999 -9999 -9999 -9999 0 0 0 0 0 0.100488 0.102424 0.104327 0.10555 0.107507 0.109996 0.115159 0.115734 0.116243 0.117001 0.120693 0.127715 0.135954 0.146405 0.160199 0.174251 0.185744 0.197847 0.212431 0.231058 0.244774 0.252671 0.2592 0.263993 0.267964 0.271287 0.269784 0.266489 0.263681 0.256535 0.247394 0.239432 0.230094 0.219977 0.204819 0.193487 0.182331 0.170531 0.161589 0.152051 0.144621 0.137429 0.131191 0.126244 0.122605 0.120516 0.119567 0.119454 0.119719 0.119821 0.119595 0.118798 0.117285 0.114991 0.112273 0.110951 0.108872 -9999 -9999 -9999 -9999 -9999
-9999 -9999 -9999 -9999 -9999 0 0 0 0 0 0.100669 0.102642 0.105032 0.106624 0.109467 0.110478 0.115176 0.11916 0.120463 0.125183 0.125961 0.128564 0.136592 0.153513 0.166032 0.17845 0.188788 0.200118 0.212476 0.232768 0.244366 0.250033 0.25597 0.26094 0.264539 0.267212 0.268063 0.263726 0.259788 0.253301 0.246263 0.237543 0.229363 0.219922 0.203104 0.192802 0.182058 0.170353 0.161952 0.151889 0.144717 0.137919 0.132053 0.126706 0.123281 0.121151 0.12005 0.119972 0.12033 0.120152 0.119854 0.11904 0.117562 0.115262 0.112204 0.106917 0.104541 0.100112 0 -9999 -9999 -9999
-9999 -9999 -9999 -9999 -9999 -9999 0 0 0 0 0.100862 0.102707 0.106033 0.107501 0.110304 0.112919 0.117341 0.122958 0.129235 0.126734 0.126325 0.129884 0.137137 0.152395 0.164319 0.174367 0.183264 0.195539 0.207697 0.226631 0.237613 0.248183 0.255399 0.260592 0.261977 0.26275 0.262008 0.260541 0.256175 0.25033 0.24333 0.234868 0.225758 0.21594 0.201669 0.189868 0.180195 0.169723 0.160627 0.152283 0.145477 0.139331 0.132997 0.127981 0.124589 0.122019 0.121123 0.120884 0.121075 0.121419 0.120095 0.119213 0.117679 0.115434 0.112403 0.106658 0.102339 0 0 0 -9999 -9999
-9999 -9999 -9999 -9999 -9999 -9999 0 0 0 0.100099 0.102634 0.105027 0.106129 0.107631 0.110075 0.11361 0.117036 0.123306 0.130596 0.128738 0.128925 0.131913 0.139127 0.151947 0.159073 0.169777 0.179186 0.191874 0.203348 0.219288 0.230395 0.240902 0.25253 0.25766 0.257308 0.257507 0.256236 0.254036 0.250334 0.245166 0.241098 0.231481 0.224927 0.213917 0.198772 0.18875 0.17901 0.169613 0.160886 0.152911 0.14643 0.139792 0.134778 0.128714 0.12564 0.123697 0.122607 0.122173 0.122146 0.122243 0.122218 0.120542 0.117722 0.115498 0.112572 0.106882 0.102526 0 0 0 0 0
-9999 -9999 -9999 -9999 -9999 -9999 0.104437 0.101248 0.102963 0.102913 0.104704 0.105687 0.106654 0.10872 0.110381 0.113382 0.116616 0.121489 0.128637 0.134938 0.136612 0.135026 0.140732 0.147375 0.155718 0.165988 0.176579 0.186305 0.195895 0.21206 0.225938 0.236596 0.241624 0.248289 0.248812 0.250802 0.251756 0.246637 0.243741 0.239486 0.235158 0.232673 0.224605 0.214005 0.198547 0.190392 0.180032 0.170211 0.161542 0.153928 0.148002 0.140222 0.135091 0.130669 0.127718 0.125693 0.124432 0.123746 0.123428 0.123269 0.122986 0.122354 0.119457 0.117529 0.112724 0.107111 0.103004 0 0 0 0 0
-9999 -9999 -9999 -9999 -9999 -9999 0.106012 0.106017 0.104192 0.106543 0.10573 0.106866 0.107267 0.10871 0.110722 0.113756 0.117547 0.122079 0.128687 0.135085 0.135992 0.139468 0.142479 0.147108 0.155981 0.16413 0.172935 0.184506 0.193836 0.208351 0.217721 0.224413 0.23217 0.239567 0.239258 0.241041 0.242305 0.23929 0.23682 0.235865 0.232966 0.227 0.221646 0.215299 0.201192 0.190684 0.18133 0.170689 0.162585 0.155214 0.148501 0.142384 0.136825 0.132957 0.130016 0.127877 0.126431 0.125479 0.124853 0.124398 0.123842 0.123023 0.121835 0.117696 0.115182 0.109603 0.103607 0 0 0 0 0
-9999 -9999 -9999 -9999 -9999 -9999 0.104942 0.107789 0.106373 0.107508 0.106553 0.107215 0.107919 0.109416 0.111874 0.114288 0.117488 0.121906 0.126204 0.132302 0.140141 0.139129 0.147065 0.150649 0.15896 0.165137 0.173421 0.182618 0.197928 0.204502 0.208234 0.216715 0.222903 0.228616 0.229666 0.231642 0.232276 0.231537 0.231872 0.231946 0.2302 0.222622 0.216822 0.212344 0.201566 0.191013 0.180945 0.172427 0.164497 0.158872 0.150924 0.144059 0.139265 0.135381 0.132329 0.130129 0.128455 0.127281 0.126387 0.125612 0.124803 0.123782 0.122443 0.120681 0.115516 0.109981 0.106471 0.10173 0 0 0 0
-9999 -9999 -9999 -9999 -9999 -9999 -9999 0.109551 0.110472 0.107847 0.107318 0.107594 0.108597 0.110396 0.112658 0.115093 0.118038 0.122081 0.127043 0.133781 0.14039 0.143884 0.152415 0.156949 0.162469 0.166095 0.172302 0.181528 0.199873 0.200545 0.203978 0.209639 0.214744 0.218969 0.221244 0.223279 0.224457 0.225517 0.229061 0.228027 0.226099 0.220935 0.216426 0.211462 0.19874 0.188992 0.180666 0.173192 0.168735 0.163614 0.153479 0.147261 0.143006 0.13865 0.134583 0.13227 0.130461 0.129073 0.12791 0.126867 0.125812 0.124713 0.123204 0.121328 0.1157 0.10996 0.106757 0.103169 0 0 0 0
-9999 -9999 -9999 -9999 -9999 -9999 -9999 0.114799 0.111812 0.108162 0.108687 0.108931 0.109243 0.111211 0.113995 0.116823 0.119881 0.123375 0.128817 0.1347 0.141048 0.146507 0.151364 0.160603 0.164731 0.166572 0.172311 0.179394 0.193619 0.20089 0.202609 0.204398 0.208386 0.212106 0.218284 0.21903 0.221463 0.223524 0.222606 0.221148 0.22012 0.214687 0.211642 0.205545 0.196529 0.188688 0.181563 0.173596 0.169546 0.165614 0.155872 0.149792 0.145615 0.140688 0.13724 0.134684 0.132673 0.131019 0.129615 0.128306 0.127025 0.125636 0.124044 0.122209 0.120135 0.114246 0.11079 0.107432 0.103159 0 0 0
-9999 -9999 -9999 -9999 -9999 -9999 -9999 0.114288 0.113126 0.110191 0.108524 0.110711 0.110881 0.111971 0.115017 0.118251 0.121683 0.124814 0.130497 0.136865 0.143151 0.150366 0.15485 0.158273 0.164181 0.166986 0.172373 0.178945 0.190342 0.194272 0.196448 0.199339 0.202593 0.205862 0.208832 0.210609 0.212475 0.212606 0.213233 0.214162 0.21243 0.20802 0.2072 0.202379 0.196251 0.188337 0.180469 0.173826 0.170992 0.163733 0.156547 0.150983 0.146077 0.142227 0.139159 0.136427 0.134364 0.132578 0.131007 0.129559 0.128118 0.126648 0.125016 0.123411 0.121685 0.121732 0.112739 0.109531 0.105237 0.100994 0 0
-9999 -9999 -9999 -9999 -9999 -9999 -9999 0.113775 0.112962 0.110775 0.110376 0.112347 0.112391 0.112618 0.115154 0.118562 0.121398 0.125218 0.1305 0.136368 0.142858 0.148371 0.156004 0.158028 0.164673 0.167356 0.171482 0.182432 0.188009 0.190675 0.19303 0.195991 0.197398 0.199948 0.202373 0.205929 0.207483 0.206586 0.205943 0.204971 0.204631 0.201652 0.199489 0.196127 0.192447 0.185713 0.17953 0.174422 0.167206 0.162015 0.15637 0.151536 0.147199 0.143825 0.140732 0.137912 0.135785 0.13393 0.13227 0.130702 0.129195 0.12773 0.126139 0.124859 0.123824 0.123447 0.116336 0.111524 0.106505 0.100464 0 0
-9999 -9999 -9999 -9999 -9999 -9999 -9999 0.11467 0.113543 0.112063 0.112953 0.115209 0.113423 0.113222 0.115613 0.118561 0.121718 0.127143 0.130008 0.133852 0.139931 0.147467 0.155693 0.159969 0.160501 0.167935 0.171613 0.18317 0.188342 0.191338 0.192281 0.193115 0.193393 0.194951 0.197253 0.202001 0.206344 0.204173 0.201239 0.199698 0.19817 0.197572 0.195174 0.192364 0.190172 0.181998 0.179941 0.174775 0.167514 0.162271 0.156849 0.151993 0.149046 0.145784 0.142034 0.139057 0.136945 0.135062 0.133328 0.131725 0.130181 0.128813 0.127389 0.126024 0.126712 0.126264 0.122888 0.113289 0.109312 0 0 0
-9999 -9999 -9999 -9999 -9999 -9999 -9999 0.116169 0.116132 0.114816 0.115844 0.115752 0.114234 0.114704 0.116203 0.118721 0.121711 0.125668 0.129362 0.133998 0.140042 0.147309 0.155249 0.162108 0.165405 0.169534 0.170109 0.183547 0.188631 0.190135 0.190468 0.18913 0.18913 0.190686 0.19227 0.193896 0.197126 0.200418 0.199624 0.196552 0.196252 0.195752 0.192193 0.189432 0.187684 0.185354 0.178067 0.171273 0.167835 0.163173 0.157849 0.152065 0.148568 0.145776 0.14224 0.139901 0.137823 0.135923 0.134207 0.132592 0.131043 0.129654 0.12846 0.1285 0.128223 0.128431 0.12669 0.113914 0.107685 0 0 0
-9999 -9999 -9999 -9999 -9999 -9999 -9999 0.118572 0.117965 0.116888 0.115931 0.115059 0.114586 0.116808 0.117693 0.120194 0.121968 0.124943 0.128969 0.1333 0.138876 0.146977 0.154616 0.16282 0.166045 0.163692 0.177332 0.182691 0.189568 0.188819 0.187407 0.186057 0.18606 0.189289 0.188851 0.189731 0.191107 0.193023 0.195643 0.194482 0.195408 0.193593 0.190057 0.187064 0.184437 0.182201 0.173536 0.169739 0.16715 0.16318 0.158229 0.153173 0.148426 0.145413 0.142625 0.140402 0.138401 0.136556 0.134871 0.133321 0.131876 0.130555 0.130468 0.130609 0.130023 0.129763 0.128144 0.119736 0.108871 0 0 0
-9999 -9999 -9999 -9999 -9999 -9999 -9999 -9999 0.118464 0.117241 0.116935 0.118693 0.118527 0.119528 0.120847 0.123066 0.12247 0.124983 0.12854 0.132694 0.137849 0.144755 0.15086 0.158729 0.165656 0.164628 0.179923 0.182032 0.185316 0.186395 0.184892 0.182909 0.18428 0.188374 0.189049 0.189164 0.188187 0.188667 0.192571 0.193884 0.194429 0.191396 0.187959 0.185291 0.182644 0.180142 0.168782 0.170319 0.164779 0.15987 0.156219 0.151906 0.148157 0.145311 0.142774 0.140631 0.138692 0.136948 0.135391 0.133917 0.132688 0.131762 0.131953 0.134399 0.13271 0.131576 0.131187 0.123053 0.102532 0 0 0
-9999 -9999 -9999 -9999 -9999 -9999 -9999 -9999 0.119934 0.11807 0.119736 0.122333 0.126303 0.127963 0.124604 0.125848 0.125309 0.125063 0.128059 0.132115 0.137071 0.142524 0.149297 0.157549 0.165042 0.174541 0.171908 0.177672 0.17973 0.18114 0.181016 0.182564 0.186941 0.190803 0.190358 0.190114 0.1871 0.186384 0.186529 0.188363 0.190226 0.190279 0.186515 0.184098 0.181569 0.178928 0.173608 0.166673 0.163174 0.158613 0.15459 0.151154 0.147632 0.144932 0.142611 0.140525 0.138719 0.137112 0.135727 0.134459 0.133726 0.133153 0.134509 0.135405 0.135433 0.135799 0.130415 0.123929 0.109258 0.101974 0.10018 0
