Test_Spring_2018b/01_18/Prec/20180102_006.txt
ncols	170
nrows	115
xllcorner	350000.000000
yllcorner	4445000.000000
cellsize	1000.000000
nodata_value	-9999.000000
[rows 33 to 65 of 115, columns 75 to 149 of 170]
0.650565 0.639623 0.636654 0.62848 0.627581 0.624618 0.619887 0.615584 0.611043 0.602048 0.589651 0.565684 0.536956 0.527361 0.535383 0.530805 0.52693 0.513194 0.496999 0.475177 0.478569 0.47459 0.436819 0.394039 0.354488 -9999 -9999 -9999 -9999 -9999 -9999 -9999 -9999 -9999 -9999 -9999 -9999 -9999 -9999 -9999 -9999 -9999 -9999 -9999 -9999 -9999 -9999 -9999 -9999 -9999 -9999 -9999 -9999 -9999 -9999 -9999 -9999 -9999 -9999 -9999 -9999 -9999 -9999 -9999 -9999 -9999 -9999 -9999 -9999 -9999 -9999 -9999 -9999 -9999 -9999
0.621214 0.603802 0.602375 0.600916 0.608494 0.605442 0.602466 0.595639 0.589644 0.581311 0.568805 0.551974 0.532052 0.499396 0.51346 0.523166 0.51793 0.511745 0.499473 0.479448 0.483834 0.477031 0.420519 0.373917 0.353951 0.341022 -9999 -9999 -9999 -9999 -9999 -9999 -9999 -9999 -9999 -9999 -9999 -9999 -9999 -9999 -9999 -9999 -9999 -9999 -9999 -9999 -9999 -9999 -9999 -9999 -9999 -9999 -9999 -9999 -9999 -9999 -9999 -9999 -9999 -9999 -9999 -9999 -9999 -9999 -9999 -9999 -9999 -9999 -9999 -9999 -9999 -9999 -9999 -9999 -9999
0.598415 0.591253 0.575219 0.586411 0.586347 0.586226 0.582593 0.574889 0.55858 0.553497 0.549768 0.537553 0.515351 0.493114 0.484853 0.502755 0.504994 0.499409 0.499375 0.482543 0.482082 0.473489 0.442367 0.385069 0.359499 0.344704 0.323176 -9999 -9999 -9999 -9999 -9999 -9999 -9999 -9999 -9999 -9999 -9999 -9999 -9999 -9999 -9999 -9999 -9999 -9999 -9999 -9999 -9999 -9999 -9999 -9999 -9999 -9999 -9999 -9999 -9999 -9999 -9999 -9999 -9999 -9999 -9999 -9999 -9999 -9999 -9999 -9999 -9999 -9999 -9999 -9999 -9999 -9999 -9999 -9999
0.558489 0.550473 0.552989 0.567298 0.56773 0.567813 0.563472 0.550605 0.54233 0.538171 0.528674 0.514909 0.505312 0.490499 0.475277 0.477289 0.492637 0.481192 0.490389 0.484955 0.482394 0.468173 0.408795 0.369343 0.348078 0.334383 0.315773 -9999 -9999 -9999 -9999 -9999 -9999 -9999 -9999 -9999 -9999 -9999 -9999 -9999 -9999 -9999 -9999 -9999 -9999 -9999 -9999 -9999 -9999 -9999 -9999 -9999 -9999 -9999 -9999 -9999 -9999 -9999 -9999 -9999 -9999 -9999 -9999 -9999 -9999 -9999 -9999 -9999 -9999 -9999 -9999 -9999 -9999 -9999 -9999
0.541413 0.531352 0.541563 0.549067 0.547464 0.549275 0.544509 0.536374 0.529218 0.521237 0.51257 0.501306 0.489739 0.47604 0.472902 0.482659 0.48078 0.476029 0.475175 0.477795 0.472096 0.437599 0.389301 0.370763 0.327397 0.309644 0.303678 0.289252 -9999 -9999 -9999 -9999 -9999 -9999 -9999 -9999 -9999 -9999 -9999 -9999 0.252056 -9999 -9999 -9999 -9999 -9999 -9999 -9999 -9999 -9999 -9999 -9999 -9999 -9999 -9999 -9999 -9999 -9999 -9999 -9999 -9999 0 -9999 -9999 -9999 -9999 -9999 -9999 -9999 -9999 -9999 -9999 -9999 -9999 -9999
0.519748 0.523914 0.529007 0.523216 0.530108 0.532144 0.526694 0.518772 0.510788 0.499922 0.494228 0.486284 0.474152 0.470237 0.472626 0.473259 0.474168 0.474069 0.471246 0.466283 0.459762 0.412658 0.396472 0.383175 0.345049 0.324185 0.306167 0.282656 0.263073 -9999 -9999 -9999 -9999 -9999 -9999 -9999 0.256148 0.25158 0.247536 0.246317 0.250901 0.238819 -9999 -9999 -9999 -9999 -9999 -9999 -9999 -9999 -9999 -9999 -9999 -9999 -9999 -9999 -9999 -9999 -9999 -9999 -9999 0 0 -9999 -9999 -9999 -9999 -9999 -9999 -9999 -9999 -9999 -9999 -9999 -9999
0.509374 0.511283 0.515712 0.515896 0.517338 0.513796 0.50988 0.503151 0.494208 0.484343 0.479871 0.470149 0.464325 0.460409 0.464822 0.46555 0.46331 0.460329 0.457113 0.448877 0.445414 0.406954 0.394907 0.37771 0.35956 0.325331 0.295656 0.266561 0.242081 -9999 -9999 -9999 -9999 -9999 -9999 0.254324 0.259506 0.261078 0.24651 0.251078 0.254107 0.246665 0.195598 -9999 -9999 -9999 -9999 -9999 -9999 -9999 -9999 -9999 -9999 -9999 -9999 -9999 -9999 0.121988 0.106105 0 0 0 0 -9999 -9999 -9999 -9999 -9999 -9999 -9999 -9999 -9999 -9999 -9999 -9999
0.497667 0.501776 0.503942 0.500044 0.505369 0.499606 0.49375 0.486505 0.479275 0.472594 0.462389 0.456525 0.446085 0.452891 0.452514 0.45107 0.443968 0.441116 0.427578 0.420676 0.387166 0.394411 0.380893 0.35734 0.328684 0.292203 0.276375 0.260594 0.237923 -9999 -9999 -9999 -9999 -9999 -9999 0.250057 0.256389 0.260939 0.25855 0.243714 0.253362 0.213017 0.197345 0.18752 0.185968 0.18087 0.163039 0.156762 0.151892 0.141638 0.139788 -9999 -9999 -9999 -9999 0.124012 0.122477 0.120929 0.113301 0 0 0 0 -9999 -9999 -9999 -9999 -9999 -9999 -9999 -9999 -9999 -9999 -9999 -9999
0.490515 0.490703 0.486975 0.486796 0.489836 0.484553 0.473348 0.465637 0.458716 0.452653 0.446109 0.43847 0.437329 0.436361 0.434265 0.420385 0.404231 0.412937 0.407953 0.369115 0.373854 0.379791 0.365155 0.337769 0.306168 0.28742 0.274383 0.255021 0.228586 -9999 -9999 -9999 0.223757 0.233839 0.232684 0.234401 0.244196 0.25076 0.257488 0.258185 0.23087 0.210636 0.194632 0.17729 0.171435 0.178042 0.172685 0.155166 0.149957 0.139651 0.134284 0.133612 0.131774 0.129019 0.125538 0.123373 0.122124 0.120145 0.113349 0 0 0 0 -9999 -9999 -9999 -9999 -9999 -9999 -9999 -9999 -9999 -9999 -9999 -9999
0.469791 0.470951 0.47349 0.468463 0.466198 0.464019 0.460078 0.452669 0.440808 0.438394 0.433035 0.429033 0.425859 0.42348 0.411882 0.396275 0.380892 0.374662 0.365088 0.351258 0.346343 0.35252 0.347476 0.321728 0.292871 0.282368 0.266427 0.234814 0.208816 -9999 -9999 0.19547 0.217034 0.232078 0.239263 0.240506 0.239136 0.248495 0.246555 0.255044 0.227873 0.196905 0.190548 0.176322 0.170715 0.163331 0.155439 0.148683 0.144505 0.139126 0.133204 0.130953 0.127579 0.124754 0.122541 0.119202 0.118912 0.11804 0.11365 0 0 0 0 -9999 -9999 -9999 -9999 -9999 -9999 -9999 -9999 -9999 -9999 -9999 -9999
0.459594 0.462457 0.458786 0.45778 0.45552 0.448248 0.44607 0.440753 0.429815 0.420949 0.42028 0.416759 0.414782 0.414104 0.403829 0.392539 0.374481 0.364022 0.345166 0.339277 0.315093 0.316098 0.309329 0.301115 0.296732 0.285347 0.262209 0.242848 0.210836 0.193117 -9999 0.190852 0.199295 0.218076 0.234338 0.244439 0.23928 0.250599 0.250449 0.23799 0.227457 0.202853 0.185869 0.176177 0.165173 0.164048 0.159677 0.148347 0.142519 0.135377 0.13013 0.126037 0.122591 0.120067 0.118482 0.117358 0.116637 0.11572 0.113797 0.103834 0 0 0 -9999 -9999 -9999 -9999 -9999 -9999 -9999 -9999 -9999 -9999 -9999 -9999
0.456903 0.456782 0.45443 0.45068 0.44537 0.441054 0.437514 0.429829 0.422188 0.40685 0.402514 0.400942 0.404682 0.404974 0.405968 0.401429 0.379392 0.363526 0.346902 0.329443 0.312113 0.311266 0.31945 0.312521 0.29648 0.278938 0.254296 0.239175 0.218587 0.184534 0.182389 0.190845 0.197358 0.209971 0.230589 0.245032 0.250969 0.252126 0.242378 0.239887 0.22321 0.202852 0.191079 0.176633 0.165626 0.155098 0.149891 0.138639 0.137816 0.13295 0.125733 0.121468 0.118163 0.115965 0.1148 0.114233 0.113854 0.11378 0.113413 0.104832 0 0 0 -9999 -9999 -9999 -9999 -9999 -9999 -9999 -9999 -9999 -9999 -9999 -9999
0.443257 0.440118 0.436676 0.434257 0.431591 0.431542 0.42382 0.419218 0.413142 0.399715 0.386124 0.390611 0.392644 0.396656 0.399155 0.401519 0.373945 0.363713 0.355046 0.338183 0.333829 0.334773 0.329599 0.319791 0.293272 0.266377 0.233387 0.205509 0.197938 0.181388 0.181636 0.186361 0.204476 0.217587 0.222918 0.226837 0.248144 0.243863 0.238561 0.238089 0.223237 0.206519 0.190887 0.182027 0.170554 0.159435 0.132555 0.132746 0.124371 0.126456 0.123216 0.117852 0.114576 0.112632 0.111551 0.111314 0.111454 0.111857 0.106793 0.103422 0 0 0 -9999 -9999 -9999 -9999 -9999 -9999 -9999 -9999 -9999 -9999 -9999 -9999
-9999 0.431398 0.429047 0.424512 0.420712 0.425001 0.419465 0.413282 0.406108 0.396742 0.384527 0.379452 0.380246 0.373067 0.381611 0.389664 0.390693 0.390319 0.371563 0.354452 0.360176 0.352666 0.332844 0.315104 0.296815 0.266561 0.239284 0.208454 0.184205 0.178041 0.193358 0.20624 0.224887 0.233132 0.227916 0.233487 0.237401 0.245929 0.24684 0.239103 0.223475 0.207372 0.188176 0.185794 0.175094 0.159466 0.144491 0.130012 0.125546 0.11906 0.120077 0.116503 0.112068 0.110077 0.10923 0.109182 0.109617 0.106464 0.105194 0.103204 0.10017 0 0 -9999 -9999 -9999 -9999 -9999 -9999 -9999 -9999 -9999 -9999 -9999 -9999
-9999 0.419623 0.415868 0.414483 0.420663 0.420838 0.415368 0.407337 0.401594 0.393471 0.381818 0.371883 0.363992 0.354748 0.36107 0.37641 0.385802 0.387287 0.370586 0.371553 0.364594 0.35342 0.329143 0.308845 0.294277 0.264962 0.235795 0.213072 0.185065 0.189114 0.195296 0.205668 0.226161 0.240582 0.246481 0.238832 0.243105 0.253345 0.2482 0.233891 0.226491 0.206648 0.183905 0.185089 0.176884 0.162174 0.151176 0.134172 0.126383 0.121347 0.117582 0.114292 0.110751 0.108341 0.107551 0.107705 0.106815 0.106089 0.104973 0.103002 0.100107 0 0 -9999 -9999 -9999 -9999 -9999 -9999 -9999 -9999 -9999 -9999 -9999 -9999
-9999 -9999 0.40331 0.408837 0.419705 0.417503 0.409164 0.40539 0.399063 0.390058 0.383052 0.371518 0.358151 0.334031 0.341067 0.355023 0.374519 0.384571 0.382601 0.369348 0.355843 0.327781 0.301664 0.29249 0.281908 0.258591 0.233883 0.209684 0.213886 0.220037 0.228392 0.232196 0.229102 0.241383 0.2511 0.245055 0.250792 0.256655 0.246784 0.237373 0.227075 0.206402 0.195228 0.184357 0.179668 0.162839 0.154115 0.13829 0.128481 0.121736 0.116675 0.113303 0.109879 0.107722 0.107 0.106599 0.106464 0.105787 0.104537 0.102554 0 0 0 0 -9999 -9999 -9999 -9999 -9999 -9999 -9999 -9999 -9999 -9999 -9999
-9999 -9999 0.389221 0.388973 0.40356 0.403949 0.406023 0.404114 0.398234 0.387205 0.379718 0.363303 0.358395 0.335748 0.326453 0.335747 0.332765 0.358372 0.3802 0.367093 0.316817 0.295017 0.277179 0.273644 0.266613 0.254951 0.220526 0.207548 0.223645 0.232652 0.239671 0.245268 0.244548 0.244056 0.259657 0.259938 0.262376 0.25707 0.252061 0.236973 0.223755 0.212957 0.197044 0.184843 0.180547 0.161595 0.156609 0.1401 0.128719 0.120389 0.11787 0.113457 0.110231 0.107548 0.106826 0.106528 0.105834 0.105337 0.104067 0.101893 0 0 0 0 0 0 -9999 -9999 -9999 -9999 -9999 -9999 -9999 -9999 -9999
-9999 -9999 -9999 0.366841 0.390264 0.398246 0.398685 0.402467 0.39817 0.385092 0.377791 0.362731 0.349804 0.329352 0.306075 0.295233 0.331745 0.362966 0.3782 0.367404 0.324733 0.304482 0.297969 0.300522 0.286254 0.273659 0.24535 0.233985 0.221162 0.221562 0.228272 0.238803 0.250303 0.258383 0.258165 0.26193 0.261555 0.257554 0.252988 0.245194 0.236379 0.213232 0.208228 0.192569 0.183775 0.170871 0.158331 0.141624 0.128027 0.123336 0.119604 0.115213 0.109625 0.108041 0.107309 0.106936 0.106556 0.104671 0.103321 0.10127 0 0 0 0 0 0 0 -9999 -9999 -9999 -9999 -9999 -9999 -9999 -9999
-9999 -9999 -9999 0.350072 0.373936 0.383307 0.395669 0.390746 0.389083 0.386735 0.380658 0.36899 0.352198 0.338252 0.311962 0.284457 0.323156 0.357729 0.374447 0.372871 0.329682 0.333591 0.320742 0.317589 0.298012 0.286093 0.27214 0.257237 0.24208 0.218529 0.20953 0.23625 0.249815 0.260392 0.264517 0.265562 0.264136 0.259149 0.250465 0.231747 0.233092 0.217556 0.206584 0.195043 0.183816 0.17214 0.160517 0.14473 0.135939 0.125418 0.117957 0.113024 0.110633 0.109087 0.108093 0.107419 0.106886 0.106168 0.103982 0.10047 0 0 0 0 0 0 0 0 0 0 -9999 -9999 -9999 -9999 -9999
-9999 -9999 -9999 0.306717 0.344627 0.361798 0.37632 0.384137 0.386052 0.385887 0.378261 0.372545 0.360176 0.348474 0.330709 0.304252 0.287148 0.315813 0.355171 0.370223 0.357746 0.351879 0.338148 0.324897 0.318035 0.312671 0.294571 0.262949 0.244089 0.234184 0.227593 0.247185 0.249332 0.246984 0.267714 0.265606 0.261277 0.248715 0.233642 0.228994 0.21422 0.20388 0.187387 0.183956 0.179473 0.171524 0.161555 0.146074 0.130484 0.124206 0.118149 0.11468 0.112053 0.110231 0.109029 0.108137 0.107177 0.106191 0.105093 0.101355 0 0 0 0 0 0 0 0 0 0 0 -9999 -9999 -9999 -9999
-9999 -9999 -9999 0.291133 0.324627 0.351845 0.362192 0.377559 0.379746 0.384157 0.381613 0.375596 0.364576 0.351021 0.335968 0.312816 0.294877 0.311901 0.339154 0.355763 0.350739 0.34944 0.34387 0.336634 0.311872 0.305365 0.295479 0.283619 0.261458 0.25126 0.237263 0.258889 0.260519 0.255828 0.265344 0.26241 0.242273 0.225139 0.218454 0.21957 0.204842 0.188485 0.174069 0.170227 0.17518 0.152692 0.144807 0.136991 0.131467 0.123846 0.119687 0.116197 0.113534 0.111475 0.110053 0.108937 0.107643 0.106368 0.104848 0.102689 0 0 0 0 0 0 0 0 0 0 0 0 -9999 -9999 -9999
-9999 -9999 -9999 0.271549 0.311677 0.336238 0.354932 0.371716 0.377565 0.381626 0.380299 0.373382 0.367268 0.358199 0.344582 0.334547 0.317973 0.295556 0.326352 0.335776 0.33258 0.3113 0.315631 0.310438 0.301505 0.292616 0.294228 0.284933 0.270593 0.265024 0.256895 0.268272 0.267105 0.26528 0.26267 0.245804 0.222628 0.202644 0.209174 0.201057 0.198501 0.167483 0.163489 0.165168 0.159636 0.144427 0.130991 0.133739 0.126851 0.1235 0.120363 0.117635 0.114739 0.112767 0.110959 0.109463 0.108041 0.106432 0.104626 0.102382 0 0 0 0 0 0 0 0 0 0 0 0 0 -9999 -9999
-9999 -9999 -9999 -9999 0.276438 0.303302 0.333064 0.349373 0.359492 0.36412 0.36329 0.35942 0.354791 0.348261 0.337307 0.323596 0.302963 0.286434 0.290874 0.298671 0.287032 0.288743 0.303351 0.305389 0.2917 0.258347 0.26314 0.276324 0.274373 0.271698 0.269047 0.270803 0.267626 0.262179 0.250114 0.217074 0.202265 0.185873 0.181963 0.169869 0.1746 0.154687 0.160222 0.157878 0.151902 0.131252 0.11848 0.122376 0.122736 0.116973 0.116533 0.118542 0.115848 0.113629 0.111587 0.109929 0.108293 0.106495 0.101887 0 0 0 0 0 0 0 0 0 0 0 0 0 0 0 -9999
-9999 -9999 -9999 -9999 0.259903 0.29291 0.328181 0.338796 0.349597 0.35887 0.358129 0.352512 0.34685 0.340713 0.333568 0.317566 0.301576 0.285825 0.278076 0.276816 0.265776 0.272018 0.292881 0.293493 0.287394 0.246061 0.23509 0.253315 0.268641 0.26836 0.265296 0.2435 0.246132 0.23318 0.215873 0.208763 0.198615 0.180584 0.182238 0.166626 0.164837 0.146895 0.147258 0.14354 0.145335 0.127041 0.111967 0.115606 0.1178 0.113432 0.117224 0.116605 0.114445 0.11214 0.110064 0.108046 0.106142 0.103953 0.101526 0 0 0 0 0 0 0 0 0 0 0 0 0 0 0 -9999
-9999 -9999 -9999 -9999 0.260162 0.282534 0.313627 0.336503 0.336887 0.347565 0.352517 0.346355 0.339352 0.331935 0.327375 0.310276 0.291403 0.275332 0.256624 0.255688 0.263169 0.269884 0.28208 0.280986 0.273815 0.243119 0.246536 0.258128 0.263459 0.263767 0.260265 0.254051 0.249555 0.239283 0.233198 0.218955 0.197889 0.186889 0.18661 0.162889 0.158592 0.15949 0.134746 0.13997 0.138967 0.118118 0.108985 0.116561 0.118321 0.119767 0.118675 0.116408 0.115131 0.112556 0.110312 0.108137 0.105889 0.103596 0.100881 0 0 0 0 0 0 0 0 0 0 0 0 0 0 0 -9999
-9999 -9999 -9999 -9999 0.260211 0.280217 0.306945 0.322799 0.324623 0.336439 0.346774 0.344114 0.336814 0.333284 0.325278 0.310513 0.294176 0.276314 0.265965 0.245968 0.259194 0.261066 0.271025 0.273726 0.244226 0.235762 0.242522 0.249506 0.251032 0.258515 0.256412 0.251263 0.235659 0.226732 0.226833 0.22097 0.21257 0.196623 0.191743 0.179248 0.170911 0.162438 0.13534 0.135433 0.129917 0.11932 0.118609 0.120376 0.120288 0.120221 0.11758 0.116024 0.11533 0.112821 0.110388 0.107976 0.105644 0.103052 0 0 0 0 0 0 0 0 0 0 0 0 0 0 0 0 0
-9999 -9999 -9999 -9999 0.252183 0.273592 0.29619 0.304854 0.305213 0.327471 0.340556 0.339135 0.33482 0.329863 0.313151 0.311809 0.306432 0.290239 0.267675 0.243025 0.24199 0.243179 0.258521 0.260979 0.224061 0.214746 0.21654 0.22828 0.238705 0.249832 0.251032 0.244889 0.221643 0.196916 0.204532 0.212559 0.209159 0.202226 0.186999 0.179048 0.171119 0.157984 0.131091 0.123486 0.121709 0.115875 0.115826 0.118742 0.120719 0.114426 0.112219 0.114941 0.11539 0.112758 0.11022 0.107829 0.105274 0.102556 0 0 0 0 0 0 0 0 0 0 0 0 0 0 0 0 0
-9999 -9999 -9999 -9999 0.24054 0.255637 0.277155 0.284974 0.2984 0.319279 0.328812 0.332572 0.330857 0.326993 0.31849 0.312435 0.302344 0.285786 0.263882 0.239684 0.222856 0.227005 0.240268 0.234705 0.206775 0.195412 0.202903 0.215489 0.235572 0.246074 0.245463 0.241945 0.235219 0.216442 0.194103 0.191236 0.197884 0.186154 0.172788 0.17397 0.168639 0.156001 0.145373 0.124498 0.114671 0.109134 0.108175 0.11254 0.121333 0.119409 0.11557 0.117777 0.115079 0.112428 0.109992 0.107427 0.104843 0.102117 0 0 0 0 0 0 0 0 0 0 0 0 0 0 0 0 0
-9999 -9999 -9999 -9999 0.223643 0.241745 0.261797 0.280536 0.298228 0.31327 0.313072 0.320263 0.318664 0.321535 0.318409 0.310326 0.301614 0.287171 0.259948 0.236518 0.211078 0.214245 0.227962 0.21159 0.19744 0.174123 0.192093 0.212356 0.230591 0.239352 0.22801 0.23465 0.231435 0.222803 0.208447 0.187435 0.18473 0.167824 0.163688 0.166882 0.165106 0.159677 0.150846 0.131371 0.116075 0.107391 0.104418 0.108301 0.114394 0.120519 0.118788 0.117514 0.114666 0.111935 0.109445 0.106893 0.104138 0.10106 0 0 0 0 0 0 0 0 0 0 0 0 0 0 0 0 0
-9999 -9999 -9999 -9999 -9999 0.235201 0.255965 0.270955 0.273886 0.287057 0.293484 0.298103 0.297908 0.313778 0.31302 0.307298 0.299261 0.28675 0.265641 0.250069 0.225658 0.207251 0.195124 0.185777 0.188314 0.183486 0.189789 0.209047 0.229357 0.229218 0.21199 0.211651 0.212226 0.216578 0.210492 0.183008 0.16754 0.154009 0.158112 0.162363 0.160464 0.156841 0.151157 0.130481 0.108448 0.114605 0.118187 0.116023 0.119019 0.120484 0.118583 0.116559 0.113818 0.111231 0.108624 0.105788 0.103046 0 0 0 0 0 0 0 0 0 0 0 0 0 0 0 0 0 0
-9999 -9999 -9999 -9999 -9999 0.223308 0.247579 0.251462 0.249503 0.239414 0.241861 0.272137 0.277032 0.292267 0.306538 0.303649 0.295859 0.284143 0.270749 0.251033 0.223965 0.201769 0.174244 0.18501 0.201197 0.202221 0.205661 0.216226 0.215927 0.198193 0.181507 0.186855 0.189123 0.204761 0.205565 0.199463 0.181828 0.161877 0.149868 0.157041 0.15487 0.1517 0.14783 0.135607 0.115475 0.117325 0.119818 0.120489 0.11931 0.120163 0.118065 0.115436 0.11297 0.110246 0.107483 0.104322 0.101075 0 0 0 0 0 0 0 0 0 0 0 0 0 0 0 0 0 0
-9999 -9999 -9999 -9999 -9999 -9999 -9999 -9999 -9999 -9999 0.234515 0.239882 0.26196 0.2799 0.300629 0.298994 0.292168 0.284294 0.265721 0.245268 0.239604 0.211552 0.176501 0.185452 0.197496 0.204747 0.205222 0.206514 0.197389 0.181845 0.161612 0.168122 0.18365 0.200365 0.197906 0.196112 0.185894 0.17211 0.144407 0.152068 0.149247 0.147129 0.143149 0.120863 0.114638 0.116637 0.113063 0.116353 0.120979 0.119183 0.116953 0.114501 0.111897 0.108958 0.105981 0.10272 0 0 0 0 0 0 0 0 0 0 0 0 0 0 0 0 0 0 0
-9999 -9999 -9999 -9999 -9999 -9999 -9999 -9999 -9999 -9999 0.206937 0.203692 0.252664 0.272638 0.291111 0.292898 0.285908 0.276874 0.266052 0.253549 0.236186 0.193021 0.172326 0.189897 0.191205 0.193751 0.18964 0.176853 0.172988 0.156402 0.144797 0.161043 0.176231 0.190704 0.191662 0.188222 0.184482 0.160536 0.140584 0.14072 0.140162 0.142322 0.129228 0.116421 0.117013 0.115662 0.118727 0.119919 0.119497 0.118275 0.115662 0.113173 0.11051 0.107328 0.104177 0.100964 0 0 0 0 0 0 0 0 0 0 0 0 0 0 0 0 0 0 0
