Test_Spring_2018b/01_18/Prec/20180121_009.txt
ncols	170
nrows	115
xllcorner	350000.000000
yllcorner	4445000.000000
cellsize	1000.000000
nodata_value	-9999.000000
[rows 31 to 61 of 115, columns 70 to 139 of 170]
0.229046 0.23174 0.232828 0.231216 0.231678 0.237586 0.241941 0.242331 0.246544 0.246443 0.244674 0.24424 0.242818 0.240094 0.23896 0.23386 0.217323 0.221826 0.223432 0.218394 0.22075 0.224747 0.220617 0.209052 0.203863 0.195732 0.198076 0.199116 0.19236 -9999 -9999 -9999 -9999 -9999 -9999 -9999 -9999 -9999 -9999 -9999 -9999 -9999 -9999 -9999 -9999 -9999 -9999 -9999 -9999 -9999 -9999 -9999 -9999 -9999 -9999 -9999 -9999 -9999 -9999 -9999 -9999 -9999 -9999 -9999 -9999 -9999 -9999 -9999 -9999 -9999
0.226479 0.227974 0.228212 0.226883 0.23006 0.233096 0.236479 0.237064 0.244919 0.245341 0.244337 0.241405 0.240476 0.239429 0.238786 0.234635 0.222845 0.212142 0.217654 0.21757 0.213384 0.220133 0.216101 0.206072 0.192043 0.199156 0.196889 0.191004 0.192008 -9999 -9999 -9999 -9999 -9999 -9999 -9999 -9999 -9999 -9999 -9999 -9999 -9999 -9999 -9999 -9999 -9999 -9999 -9999 -9999 -9999 -9999 -9999 -9999 -9999 -9999 -9999 -9999 -9999 -9999 -9999 -9999 -9999 -9999 -9999 -9999 -9999 -9999 -9999 -9999 -9999
0.220094 0.223574 0.223231 0.223116 0.227816 0.228491 0.230433 0.236727 0.243092 0.244155 0.244115 0.243123 0.242244 0.2412 0.238053 0.233357 0.223312 0.211193 0.208335 0.214062 0.214124 0.214818 0.211147 0.206593 0.199625 0.204769 0.206575 0.20014 0.199385 0.194009 -9999 -9999 -9999 -9999 -9999 -9999 -9999 -9999 -9999 -9999 -9999 -9999 -9999 -9999 -9999 -9999 -9999 -9999 -9999 -9999 -9999 -9999 -9999 -9999 -9999 -9999 -9999 -9999 -9999 -9999 -9999 -9999 -9999 -9999 -9999 -9999 -9999 -9999 -9999 -9999
0.212543 0.218357 0.217768 0.214751 0.218091 0.220881 0.228009 0.235818 0.237101 0.242593 0.242982 0.243313 0.241729 0.240453 0.238005 0.233548 0.227047 0.219126 0.205273 0.213619 0.220074 0.219673 0.219051 0.215791 0.209102 0.21416 0.214112 0.209898 0.204796 0.199029 0.196465 -9999 -9999 -9999 -9999 -9999 -9999 -9999 -9999 -9999 -9999 -9999 -9999 -9999 -9999 -9999 -9999 -9999 -9999 -9999 -9999 -9999 -9999 -9999 -9999 -9999 -9999 -9999 -9999 -9999 -9999 -9999 -9999 -9999 -9999 -9999 -9999 -9999 -9999 -9999
-9999 0.212206 0.2119 0.208269 0.211874 0.216337 0.223721 0.231289 0.237182 0.239517 0.241778 0.242297 0.240781 0.235069 0.234519 0.23447 0.230289 0.221296 0.212236 0.20978 0.219744 0.222428 0.221589 0.223584 0.217882 0.220156 0.218815 0.219912 0.211038 0.206846 0.203183 0.196236 -9999 -9999 -9999 -9999 -9999 -9999 -9999 -9999 -9999 -9999 -9999 -9999 -9999 -9999 -9999 -9999 -9999 -9999 -9999 -9999 -9999 -9999 -9999 -9999 -9999 -9999 -9999 -9999 -9999 -9999 -9999 -9999 -9999 -9999 -9999 -9999 -9999 -9999
-9999 -9999 -9999 -9999 0.204278 0.211846 0.219603 0.226769 0.234905 0.237963 0.240833 0.241531 0.238062 0.236576 0.236809 0.234272 0.229469 0.226406 0.220695 0.214672 0.216751 0.225177 0.221077 0.226931 0.226129 0.226967 0.222583 0.218919 0.208544 0.206476 0.203171 0.197487 -9999 -9999 -9999 -9999 -9999 -9999 -9999 -9999 -9999 -9999 -9999 -9999 -9999 -9999 -9999 -9999 -9999 -9999 -9999 -9999 -9999 -9999 -9999 -9999 -9999 -9999 -9999 -9999 -9999 -9999 -9999 -9999 -9999 -9999 -9999 -9999 -9999 -9999
-9999 -9999 -9999 -9999 -9999 0.209266 0.216254 0.223985 0.232791 0.235416 0.239648 0.240682 0.239948 0.239421 0.238185 0.236258 0.232721 0.228672 0.223298 0.222675 0.228012 0.227838 0.226409 0.227027 0.229572 0.228526 0.225949 0.215047 0.209254 0.201479 0.19615 0.196367 0.192502 -9999 -9999 -9999 -9999 -9999 -9999 -9999 -9999 -9999 -9999 -9999 -9999 0.208799 -9999 -9999 -9999 -9999 -9999 -9999 -9999 -9999 -9999 -9999 -9999 -9999 -9999 -9999 -9999 -9999 -9999 -9999 -9999 -9999 0.203175 -9999 -9999 -9999
-9999 -9999 -9999 -9999 0.203083 0.212907 0.217984 0.223824 0.227308 0.233974 0.238895 0.240168 0.24005 0.239569 0.2373 0.236979 0.235069 0.230667 0.229691 0.23134 0.231941 0.232604 0.232874 0.232079 0.230605 0.228804 0.228461 0.223378 0.219967 0.209203 0.207419 0.201908 0.193725 0.187258 -9999 -9999 -9999 -9999 -9999 -9999 -9999 0.201311 0.201633 0.202583 0.20532 0.211293 0.209903 -9999 -9999 -9999 -9999 -9999 -9999 -9999 -9999 -9999 -9999 -9999 -9999 -9999 -9999 -9999 -9999 -9999 -9999 -9999 0.210391 0.203459 -9999 -9999
-9999 -9999 -9999 -9999 0.205732 0.212252 0.216774 0.22288 0.227285 0.234379 0.237284 0.239872 0.240847 0.240353 0.238879 0.239319 0.236602 0.235062 0.23383 0.236065 0.236256 0.234932 0.233334 0.231873 0.228433 0.227736 0.230374 0.227146 0.221855 0.216396 0.212043 0.201025 0.190199 0.181393 -9999 -9999 -9999 -9999 -9999 -9999 0.20114 0.205586 0.20867 0.204586 0.210087 0.215461 0.216511 0.218385 -9999 -9999 -9999 -9999 -9999 -9999 -9999 -9999 -9999 -9999 -9999 -9999 -9999 -9999 0.246646 0.239336 0.225458 0.217817 0.212868 0.206358 -9999 -9999
-9999 -9999 -9999 -9999 0.202753 0.210409 0.216531 0.222191 0.22534 0.233242 0.237303 0.239583 0.240853 0.241606 0.241946 0.239841 0.238952 0.235084 0.23863 0.238202 0.23689 0.232754 0.230702 0.223891 0.220674 0.223208 0.228542 0.224569 0.216288 0.205929 0.197073 0.195675 0.191148 0.183175 -9999 -9999 -9999 -9999 -9999 -9999 0.201521 0.206299 0.210645 0.21226 0.208648 0.217324 0.222482 0.220986 0.222695 0.228625 0.233042 0.236432 0.241019 0.244509 0.244916 0.248639 -9999 -9999 -9999 -9999 0.252682 0.252263 0.251483 0.247659 0.232371 0.221519 0.211729 0.212279 -9999 -9999
-9999 -9999 -9999 -9999 0.203841 0.210161 0.21503 0.218566 0.224171 0.231952 0.236521 0.242652 0.243681 0.244499 0.245 0.24445 0.242515 0.242808 0.242441 0.240965 0.233561 0.224955 0.228198 0.220029 0.20894 0.220568 0.225208 0.220702 0.210665 0.199016 0.198589 0.198135 0.191936 0.18901 -9999 -9999 -9999 0.192692 0.198559 0.199201 0.201437 0.207879 0.213323 0.213218 0.217019 0.219607 0.222133 0.221097 0.219942 0.224575 0.235281 0.240328 0.244925 0.248845 0.249722 0.258233 0.261517 0.263427 0.264092 0.263668 0.26323 0.262744 0.261609 0.258081 0.238537 0.229847 0.223868 0.216609 -9999 -9999
-9999 -9999 -9999 -9999 0.198671 0.204862 0.210573 0.223622 0.227276 0.232325 0.238303 0.24238 0.243961 0.242754 0.245167 0.245238 0.244951 0.244091 0.242764 0.236431 0.227799 0.21914 0.214932 0.216178 0.209526 0.21553 0.220264 0.215445 0.215411 0.204941 0.20321 0.203331 0.19244 0.182169 -9999 -9999 0.179897 0.190935 0.198843 0.203157 0.204963 0.206009 0.212753 0.214915 0.22284 0.224706 0.221887 0.225897 0.221257 0.226792 0.240799 0.244845 0.253781 0.258228 0.261178 0.263032 0.265703 0.266898 0.267423 0.267388 0.266107 0.265733 0.264759 0.262016 0.251658 0.245964 0.242221 0.225169 -9999 -9999
-9999 -9999 -9999 -9999 0.202389 0.209383 0.216521 0.220908 0.226774 0.231821 0.236017 0.241214 0.244091 0.24357 0.243073 0.245378 0.245221 0.244723 0.243908 0.237852 0.230882 0.220583 0.214032 0.209896 0.206879 0.211199 0.213957 0.213364 0.212307 0.213162 0.207473 0.203973 0.19719 0.18517 0.178217 -9999 0.178892 0.183398 0.192756 0.20109 0.206886 0.206043 0.213723 0.216857 0.22337 0.224215 0.224721 0.233564 0.237207 0.240286 0.247922 0.250534 0.257723 0.261867 0.264143 0.266533 0.26843 0.269564 0.270095 0.270126 0.269591 0.268673 0.267327 0.265415 0.259838 0.256083 0.245358 0.227195 -9999 -9999
-9999 -9999 -9999 0.186593 0.200511 0.209793 0.216091 0.221659 0.226762 0.231174 0.236994 0.241988 0.244175 0.245114 0.241634 0.242181 0.242823 0.244823 0.244202 0.243165 0.239069 0.226585 0.221976 0.219835 0.212293 0.211752 0.213773 0.220365 0.220007 0.215404 0.210018 0.205051 0.197518 0.189558 0.175495 0.17519 0.179554 0.182808 0.188945 0.199088 0.206768 0.2111 0.214025 0.2191 0.223244 0.230338 0.233406 0.236603 0.238737 0.242511 0.246347 0.252354 0.259259 0.263719 0.26765 0.268881 0.27074 0.271877 0.272402 0.272395 0.271834 0.270762 0.2695 0.268033 0.26789 0.260726 0.245026 0.233165 -9999 -9999
-9999 -9999 -9999 -9999 0.197771 0.204798 0.21017 0.215695 0.221867 0.227923 0.236126 0.239112 0.242834 0.245282 0.242392 0.238495 0.241863 0.242874 0.243795 0.24324 0.24218 0.234176 0.22919 0.225405 0.218276 0.223682 0.226709 0.227118 0.225482 0.215957 0.20612 0.196896 0.185263 0.182749 0.174372 0.175419 0.17768 0.186092 0.192186 0.194897 0.197484 0.209054 0.21381 0.222011 0.228786 0.229713 0.234985 0.23706 0.2425 0.246669 0.250777 0.247025 0.259544 0.262538 0.269425 0.271814 0.272728 0.273777 0.274249 0.274058 0.273399 0.272313 0.271031 0.270658 0.269365 0.26431 0.244504 0.234312 -9999 -9999
-9999 -9999 -9999 -9999 -9999 -9999 0.207768 0.21416 0.219637 0.225412 0.235875 0.239998 0.243016 0.24455 0.243859 0.240536 0.239252 0.239531 0.235023 0.238606 0.243083 0.243161 0.242972 0.23459 0.232519 0.237618 0.236815 0.230422 0.225097 0.219456 0.207959 0.201129 0.187847 0.177149 0.174493 0.181569 0.187031 0.195415 0.198987 0.196567 0.199871 0.208688 0.217686 0.22445 0.228325 0.22946 0.235455 0.236434 0.245474 0.250488 0.252879 0.255088 0.260786 0.265741 0.268608 0.273797 0.275554 0.275212 0.275492 0.275223 0.274463 0.273341 0.272667 0.271426 0.270148 0.268791 0.248509 0.232757 -9999 -9999
-9999 -9999 -9999 -9999 -9999 -9999 0.203759 0.209684 0.216791 0.227368 0.235933 0.240044 0.2421 0.244191 0.24395 0.240743 0.237054 0.233137 0.228386 0.230696 0.2374 0.241598 0.242493 0.235304 0.241819 0.241125 0.238742 0.230335 0.223828 0.2199 0.208735 0.200742 0.191023 0.178246 0.180098 0.182551 0.186746 0.195661 0.202005 0.205292 0.204229 0.209954 0.220067 0.224354 0.225555 0.231029 0.235589 0.235309 0.246395 0.252887 0.255942 0.260189 0.264694 0.268057 0.271527 0.274328 0.276061 0.276425 0.276075 0.275699 0.274931 0.274149 0.273018 0.271897 0.270706 0.269512 0.256112 0.233184 -9999 -9999
-9999 -9999 -9999 -9999 -9999 -9999 -9999 0.205231 0.215569 0.22827 0.235597 0.238162 0.242019 0.243622 0.242774 0.241611 0.23707 0.230596 0.218651 0.221423 0.227662 0.236868 0.242067 0.242091 0.242059 0.238449 0.228209 0.218986 0.217719 0.21559 0.207113 0.20102 0.190346 0.192508 0.195081 0.198316 0.199214 0.1969 0.202186 0.207385 0.206742 0.213341 0.221628 0.223961 0.227768 0.232157 0.236518 0.241905 0.247443 0.25568 0.257754 0.263036 0.267991 0.27024 0.272711 0.274699 0.276202 0.276458 0.27622 0.275763 0.274969 0.27415 0.27313 0.272065 0.271007 0.269952 0.267924 0.255262 0.247427 -9999
-9999 -9999 -9999 -9999 -9999 -9999 -9999 0.199847 0.207253 0.221455 0.229751 0.236916 0.24134 0.24287 0.240837 0.240079 0.233126 0.230504 0.219368 0.214633 0.218917 0.217784 0.230615 0.242147 0.24245 0.221611 0.214405 0.209103 0.210443 0.209873 0.206731 0.19593 0.190329 0.197884 0.201603 0.204048 0.20569 0.205296 0.204303 0.212416 0.214796 0.219983 0.223151 0.22793 0.229183 0.232283 0.241336 0.244453 0.249278 0.25756 0.258439 0.265248 0.269684 0.270901 0.27234 0.275272 0.276074 0.276279 0.276104 0.275497 0.274902 0.273798 0.273027 0.272136 0.271173 0.270357 0.269468 0.267379 0.260553 0.2578
-9999 -9999 -9999 -9999 -9999 -9999 -9999 -9999 0.197591 0.215575 0.227096 0.233074 0.239799 0.241747 0.242431 0.239566 0.232546 0.226254 0.216343 0.205234 0.200335 0.218157 0.233928 0.242599 0.244326 0.227169 0.220721 0.220734 0.224856 0.220726 0.216966 0.209042 0.204021 0.197755 0.197288 0.201797 0.206711 0.210303 0.213498 0.214276 0.218602 0.222269 0.226112 0.231111 0.235764 0.240838 0.243909 0.251921 0.254805 0.260614 0.263964 0.266794 0.270876 0.270656 0.273464 0.275531 0.276132 0.276569 0.275995 0.27547 0.27498 0.274546 0.272825 0.272123 0.271429 0.270696 0.270049 0.269383 0.268085 0.263786
-9999 -9999 -9999 -9999 -9999 -9999 -9999 -9999 0.190315 0.208019 0.219772 0.23091 0.237161 0.242874 0.242961 0.240694 0.235378 0.227436 0.220837 0.208584 0.196075 0.216044 0.23294 0.242533 0.243838 0.231613 0.236556 0.2335 0.234807 0.228017 0.224405 0.223368 0.216553 0.2091 0.201312 0.198818 0.209015 0.213832 0.218426 0.221428 0.224578 0.228184 0.230716 0.233881 0.233165 0.24275 0.249104 0.253841 0.258179 0.262318 0.265709 0.268428 0.272655 0.27425 0.273914 0.277292 0.277083 0.276709 0.276227 0.275718 0.275275 0.274987 0.274829 0.273637 0.271777 0.271205 0.27064 0.270076 0.269462 0.268671
-9999 -9999 -9999 -9999 -9999 -9999 -9999 -9999 0.170469 0.19427 0.215191 0.22617 0.238739 0.241486 0.242593 0.23967 0.23732 0.231688 0.226415 0.218479 0.206755 0.199835 0.216148 0.236873 0.244799 0.247311 0.247572 0.243995 0.2404 0.239468 0.238802 0.236025 0.228262 0.217894 0.217335 0.211746 0.218951 0.218714 0.21748 0.228515 0.230257 0.232457 0.232179 0.230966 0.236792 0.238101 0.246454 0.247979 0.255519 0.262201 0.266712 0.269585 0.273675 0.277127 0.277582 0.277969 0.277749 0.277299 0.2768 0.276366 0.276032 0.275769 0.275706 0.275863 0.274205 0.274104 0.271422 0.270894 0.270324 0.26957
-9999 -9999 -9999 -9999 -9999 -9999 -9999 -9999 0.170431 0.193172 0.210478 0.226401 0.236131 0.238957 0.242267 0.241866 0.239566 0.234814 0.22894 0.222567 0.21267 0.205588 0.215378 0.231993 0.242337 0.248991 0.249137 0.249295 0.248407 0.248319 0.2464 0.247491 0.241077 0.237236 0.230347 0.221728 0.230345 0.230262 0.228229 0.234155 0.235557 0.230196 0.227521 0.230888 0.238031 0.23939 0.244854 0.245388 0.252021 0.262451 0.266122 0.269112 0.276562 0.278123 0.278896 0.27904 0.278785 0.27838 0.277902 0.277546 0.277316 0.277109 0.277102 0.277215 0.277268 0.275227 0.275073 0.274632 0.271225 0.270506
-9999 -9999 -9999 -9999 -9999 -9999 -9999 -9999 0.169848 0.187766 0.20342 0.224054 0.234364 0.238918 0.242144 0.242474 0.239961 0.237778 0.234287 0.22885 0.225381 0.219133 0.21043 0.227132 0.236097 0.243756 0.24718 0.25221 0.252196 0.249781 0.24969 0.250366 0.254938 0.246802 0.242604 0.237275 0.241543 0.240561 0.240195 0.240567 0.235406 0.228466 0.22415 0.233326 0.236361 0.24218 0.240044 0.253062 0.262315 0.267609 0.264299 0.264066 0.276442 0.278584 0.279763 0.28029 0.280391 0.279952 0.27965 0.279286 0.279063 0.278972 0.278955 0.279035 0.279096 0.279098 0.276536 0.275981 0.275464 0.278227
-9999 -9999 -9999 -9999 -9999 -9999 -9999 -9999 -9999 0.180378 0.206428 0.223134 0.232847 0.239113 0.242406 0.242908 0.24193 0.240707 0.238826 0.235179 0.230591 0.223085 0.217817 0.222668 0.23227 0.236269 0.240268 0.249993 0.253303 0.24863 0.241489 0.254812 0.260316 0.258269 0.25572 0.253298 0.25021 0.248696 0.246919 0.242976 0.230163 0.230746 0.228208 0.232469 0.233574 0.243162 0.245971 0.256511 0.263041 0.267366 0.264108 0.270996 0.279014 0.282461 0.282204 0.283773 0.282474 0.282208 0.281915 0.281588 0.281437 0.281373 0.281358 0.284206 0.284403 0.284535 0.28182 0.281109 0.280106 0.279063
-9999 -9999 -9999 -9999 -9999 -9999 -9999 -9999 -9999 0.185132 0.203989 0.223317 0.230457 0.237237 0.242969 0.243785 0.242254 0.240788 0.239291 0.237581 0.231981 0.226672 0.221718 0.220714 0.222857 0.230605 0.236555 0.249099 0.25167 0.250599 0.252365 0.247423 0.255786 0.262454 0.261626 0.25959 0.249054 0.250631 0.245612 0.239435 0.239039 0.238165 0.234454 0.240803 0.239596 0.245335 0.248563 0.255849 0.260958 0.26825 0.265491 0.271272 0.278863 0.282972 0.283284 0.286859 0.287886 0.287864 0.287593 0.287377 0.287233 0.287252 0.287274 0.287316 0.287315 0.287113 0.286512 0.282121 0.273887 0.273051
-9999 -9999 -9999 -9999 -9999 -9999 -9999 -9999 -9999 0.188243 0.202036 0.219444 0.232512 0.23457 0.241208 0.244973 0.243435 0.241557 0.239628 0.239252 0.233182 0.2265 0.221333 0.215058 0.217242 0.223383 0.240157 0.248502 0.250234 0.248704 0.256936 0.259165 0.264865 0.267347 0.267361 0.265667 0.262982 0.261581 0.258082 0.257299 0.253455 0.247179 0.246391 0.251303 0.245646 0.249519 0.256041 0.255832 0.264466 0.269808 0.265303 0.275949 0.28308 0.286816 0.28981 0.291093 0.291414 0.291912 0.291621 0.291412 0.291241 0.29109 0.290995 0.29077 0.290511 0.289507 0.287992 0.2809 0.273741 0.273241
-9999 -9999 -9999 -9999 -9999 -9999 -9999 -9999 -9999 0.191652 0.204335 0.21977 0.229676 0.23262 0.240031 0.246581 0.246926 0.245101 0.245152 0.243235 0.238296 0.232789 0.226713 0.224297 0.217381 0.226152 0.240987 0.248208 0.251736 0.262448 0.259811 0.26399 0.267969 0.269161 0.273091 0.272564 0.270825 0.264522 0.261871 0.264073 0.264092 0.26355 0.260042 0.262286 0.261358 0.262704 0.264165 0.262393 0.267991 0.270662 0.272958 0.285186 0.289347 0.292086 0.294328 0.294907 0.295633 0.296492 0.296309 0.296057 0.295771 0.295521 0.29516 0.294526 0.293852 0.291826 0.288492 0.282699 0.269841 0.274177
-9999 -9999 -9999 -9999 -9999 -9999 -9999 -9999 -9999 0.191592 0.204999 0.218607 0.225293 0.227757 0.240329 0.248402 0.249534 0.249283 0.248775 0.242805 0.244217 0.243853 0.2385 0.230235 0.221045 0.223024 0.232495 0.247606 0.251064 0.259289 0.25653 0.258734 0.265396 0.271271 0.277409 0.278901 0.277086 0.267468 0.257526 0.26331 0.269781 0.271354 0.27174 0.268641 0.269343 0.270331 0.26904 0.264631 0.268443 0.272438 0.28556 0.289151 0.293693 0.297334 0.296631 0.297462 0.30028 0.30175 0.301558 0.301264 0.300941 0.300474 0.299878 0.298674 0.297311 0.295358 0.287489 0.282022 0.273139 0.276105
-9999 -9999 -9999 -9999 -9999 -9999 -9999 -9999 -9999 0.190111 0.200652 0.213915 0.220401 0.229257 0.241399 0.248 0.251756 0.252865 0.252956 0.250898 0.250072 0.247434 0.241843 0.233821 0.22479 0.219284 0.223691 0.244605 0.257673 0.257677 0.254247 0.259512 0.266997 0.277886 0.284176 0.285225 0.284994 0.28343 0.276431 0.268069 0.269268 0.275345 0.273123 0.270487 0.275042 0.276781 0.27526 0.274798 0.275378 0.277451 0.288348 0.291332 0.296469 0.303314 0.304713 0.304843 0.307498 0.307547 0.307375 0.307105 0.306611 0.305972 0.305148 0.303755 0.301583 0.295808 0.290438 0.283342 0.280921 0.281336
-9999 -9999 -9999 -9999 -9999 -9999 -9999 -9999 -9999 0.18637 0.198508 0.211286 0.223155 0.234255 0.243855 0.246047 0.251572 0.252837 0.25616 0.256644 0.254824 0.252777 0.248115 0.237519 0.228816 0.219249 0.223254 0.238324 0.264195 0.259905 0.251144 0.261736 0.273262 0.283708 0.289591 0.285942 0.29081 0.291109 0.288995 0.28438 0.276868 0.278285 0.273293 0.274638 0.279737 0.282749 0.284252 0.284304 0.281911 0.284345 0.293837 0.295783 0.300681 0.306299 0.311589 0.31282 0.313929 0.313975 0.313782 0.313438 0.312826 0.311906 0.310642 0.308887 0.303638 0.297469 0.292854 0.287018 0.284417 0.287898
