Test_Spring_2018b/01_18/Prec/20180121_021.txt
ncols	170
nrows	115
xllcorner	350000.000000
yllcorner	4445000.000000
cellsize	1000.000000
nodata_value	-9999.000000
[rows 32 to 63 of 115, columns 71 to 141 of 170]
1.09737 1.11316 1.13092 1.14657 1.16293 1.2192 1.25158 1.30429 1.31883 1.33322 1.34768 1.35957 1.3703 1.37958 1.39007 1.40457 1.41757 1.41936 1.42425 1.43138 1.43106 1.43747 1.44755 1.46004 1.4586 1.4631 1.46751 1.45172 -9999 -9999 -9999 -9999 -9999 -9999 -9999 -9999 -9999 -9999 -9999 -9999 -9999 -9999 -9999 -9999 -9999 -9999 -9999 -9999 -9999 -9999 -9999 -9999 -9999 -9999 -9999 -9999 -9999 -9999 -9999 -9999 -9999 -9999 -9999 -9999 -9999 -9999 -9999 -9999 -9999 -9999 -9999
1.1135 1.12922 1.1457 1.15988 1.17733 1.20784 1.26323 1.31685 1.33089 1.3447 1.35805 1.37015 1.38115 1.39233 1.4034 1.41691 1.43087 1.438 1.43888 1.44287 1.446 1.4516 1.45748 1.4647 1.46386 1.46506 1.45566 1.45358 1.48271 -9999 -9999 -9999 -9999 -9999 -9999 -9999 -9999 -9999 -9999 -9999 -9999 -9999 -9999 -9999 -9999 -9999 -9999 -9999 -9999 -9999 -9999 -9999 -9999 -9999 -9999 -9999 -9999 -9999 -9999 -9999 -9999 -9999 -9999 -9999 -9999 -9999 -9999 -9999 -9999 -9999 -9999
1.12971 1.14524 1.16331 1.17813 1.19407 1.23555 1.31794 1.3327 1.34411 1.358 1.3709 1.38389 1.39546 1.40655 1.41772 1.42905 1.44023 1.45431 1.4531 1.45241 1.4556 1.45848 1.46273 1.46897 1.46741 1.46908 1.44171 1.48515 1.48613 1.48507 -9999 -9999 -9999 -9999 -9999 -9999 -9999 -9999 -9999 -9999 -9999 -9999 -9999 -9999 -9999 -9999 -9999 -9999 -9999 -9999 -9999 -9999 -9999 -9999 -9999 -9999 -9999 -9999 -9999 -9999 -9999 -9999 -9999 -9999 -9999 -9999 -9999 -9999 -9999 -9999 -9999
1.14593 1.16103 1.17937 1.19403 1.20904 1.23915 1.30092 1.34502 1.3591 1.37243 1.3859 1.3995 1.41454 1.42486 1.43346 1.44339 1.45516 1.46579 1.47109 1.46743 1.4678 1.46992 1.46981 1.47447 1.47382 1.4755 1.45752 1.47335 1.48812 1.48733 1.48882 -9999 -9999 -9999 -9999 -9999 -9999 -9999 -9999 -9999 -9999 -9999 -9999 -9999 -9999 -9999 -9999 -9999 -9999 -9999 -9999 -9999 -9999 -9999 -9999 -9999 -9999 -9999 -9999 -9999 -9999 -9999 -9999 -9999 -9999 -9999 -9999 -9999 -9999 -9999 -9999
-9999 -9999 -9999 1.21054 1.23975 1.29343 1.31486 1.35915 1.37372 1.38766 1.40197 1.41774 1.43079 1.44117 1.45174 1.46217 1.46992 1.47794 1.4849 1.48551 1.48115 1.4843 1.48057 1.48096 1.48022 1.48294 1.49484 1.48234 1.49567 1.49423 1.49461 -9999 -9999 -9999 -9999 -9999 -9999 -9999 -9999 -9999 -9999 -9999 -9999 -9999 -9999 -9999 -9999 -9999 -9999 -9999 -9999 -9999 -9999 -9999 -9999 -9999 -9999 -9999 -9999 -9999 -9999 -9999 -9999 -9999 -9999 -9999 -9999 -9999 -9999 -9999 -9999
-9999 -9999 -9999 -9999 1.25258 1.3063 1.32134 1.37329 1.38949 1.40386 1.41921 1.43433 1.4477 1.45974 1.47032 1.48002 1.48818 1.49544 1.49807 1.49554 1.49558 1.49574 1.49413 1.49109 1.49041 1.47284 1.5052 1.50595 1.50631 1.50581 1.50212 1.50143 -9999 -9999 -9999 -9999 -9999 -9999 -9999 -9999 -9999 -9999 -9999 -9999 1.41249 -9999 -9999 -9999 -9999 -9999 -9999 -9999 -9999 -9999 -9999 -9999 -9999 -9999 -9999 -9999 -9999 -9999 -9999 -9999 -9999 1.11074 -9999 -9999 -9999 -9999 -9999
-9999 -9999 -9999 1.23273 1.2977 1.31539 1.33332 1.35776 1.40489 1.42046 1.4372 1.45328 1.46775 1.48128 1.49129 1.50002 1.50811 1.51187 1.51206 1.5114 1.50953 1.50712 1.50497 1.50312 1.50163 1.50854 1.50759 1.50605 1.49349 1.50543 1.5053 1.50742 1.5088 -9999 -9999 -9999 -9999 -9999 -9999 -9999 1.46495 1.45596 1.44526 1.43214 1.41578 1.40322 -9999 -9999 -9999 -9999 -9999 -9999 -9999 -9999 -9999 -9999 -9999 -9999 -9999 -9999 -9999 -9999 -9999 -9999 -9999 1.10683 1.09926 -9999 -9999 -9999 -9999
-9999 -9999 -9999 1.28876 1.30594 1.32579 1.34556 1.36687 1.4193 1.43814 1.45583 1.47279 1.48856 1.5025 1.51254 1.52188 1.52775 1.53092 1.52962 1.52786 1.52573 1.5229 1.51953 1.5174 1.51374 1.51594 1.51281 1.5117 1.51144 1.50915 1.51249 1.51642 1.51957 -9999 -9999 -9999 -9999 -9999 -9999 1.48167 1.47101 1.45971 1.45154 1.43567 1.41854 1.40307 1.35811 -9999 -9999 -9999 -9999 -9999 -9999 -9999 -9999 -9999 -9999 -9999 -9999 -9999 -9999 1.12304 1.11972 1.11966 1.11442 1.10624 1.09795 -9999 -9999 -9999 -9999
-9999 -9999 -9999 1.29574 1.31397 1.33486 1.35723 1.38181 1.43416 1.45507 1.47499 1.49353 1.50991 1.52369 1.53594 1.54416 1.55114 1.55034 1.54955 1.54724 1.54523 1.5409 1.53923 1.53524 1.53607 1.52556 1.52186 1.52186 1.52419 1.54135 1.52226 1.52226 1.52524 -9999 -9999 -9999 -9999 -9999 -9999 1.4913 1.48019 1.46755 1.45488 1.44388 1.42331 1.37849 1.36008 1.33914 1.31543 1.29311 1.2528 1.21305 1.19662 1.18396 1.17089 -9999 -9999 -9999 -9999 1.13294 1.12714 1.12095 1.11577 1.11683 1.11361 1.10828 1.07642 -9999 -9999 -9999 -9999
-9999 -9999 -9999 1.29884 1.31994 1.34397 1.37027 1.39596 1.45023 1.47256 1.49215 1.51205 1.52938 1.54377 1.55534 1.56415 1.56787 1.56863 1.56718 1.56725 1.56641 1.55688 1.55603 1.58106 1.54714 1.53578 1.53133 1.53161 1.53418 1.54499 1.52648 1.52781 1.52225 -9999 -9999 -9999 1.51633 1.5098 1.50509 1.4975 1.48514 1.47136 1.46316 1.44621 1.42954 1.3845 1.36387 1.3428 1.31796 1.28966 1.26602 1.20831 1.19082 1.17744 1.15349 1.14327 1.13541 1.12941 1.12471 1.12011 1.11514 1.10975 1.10474 1.11482 1.11015 1.10198 1.05684 -9999 -9999 -9999 -9999
-9999 -9999 -9999 1.31249 1.33487 1.35961 1.38213 1.4106 1.43813 1.48979 1.5106 1.5321 1.55235 1.56664 1.57845 1.58627 1.59027 1.59068 1.59099 1.59013 1.58743 1.58076 1.59229 1.58756 1.55755 1.54515 1.54115 1.52616 1.52768 1.52512 1.53411 1.52691 1.53291 -9999 -9999 1.53505 1.52718 1.51999 1.51331 1.50609 1.497 1.48178 1.46718 1.44665 1.42935 1.3888 1.36376 1.34378 1.31625 1.26955 1.246 1.20461 1.17214 1.15815 1.14719 1.13778 1.13105 1.126 1.12198 1.11885 1.11462 1.10977 1.10463 1.10275 1.09598 1.07202 1.05063 -9999 -9999 -9999 -9999
-9999 -9999 -9999 1.31903 1.34241 1.36768 1.39618 1.42455 1.45277 1.50684 1.53129 1.55142 1.57279 1.59009 1.60105 1.60884 1.61213 1.61122 1.60995 1.60631 1.60279 1.59569 1.60645 1.59793 1.56023 1.54773 1.53897 1.53227 1.52617 1.52626 1.537 1.53923 1.53664 1.54215 -9999 1.54425 1.54155 1.53415 1.52532 1.51566 1.5076 1.49121 1.47508 1.4561 1.4362 1.39272 1.34653 1.3195 1.29325 1.26496 1.23825 1.1976 1.17855 1.15271 1.14156 1.13313 1.12718 1.12304 1.11999 1.11735 1.11435 1.1104 1.10513 1.10025 1.08063 1.07367 1.05283 -9999 -9999 -9999 -9999
-9999 -9999 1.29522 1.32132 1.34522 1.37324 1.40333 1.43464 1.46656 1.51888 1.54679 1.57183 1.59091 1.61116 1.62379 1.63109 1.63228 1.63033 1.6245 1.61741 1.61357 1.61942 1.60119 1.5935 1.56659 1.55331 1.53888 1.53101 1.52803 1.52766 1.53858 1.54199 1.54681 1.54978 1.55235 1.55165 1.55069 1.54614 1.53663 1.52593 1.51435 1.50056 1.48439 1.46372 1.4221 1.37651 1.34784 1.3198 1.2912 1.26364 1.23624 1.19633 1.17227 1.15581 1.13672 1.12884 1.12365 1.12045 1.11843 1.11679 1.11474 1.11139 1.10623 1.08937 1.08185 1.06495 1.03998 -9999 -9999 -9999 -9999
-9999 -9999 -9999 1.324 1.35113 1.38166 1.41378 1.44649 1.47946 1.53115 1.56005 1.58531 1.60935 1.62766 1.64359 1.64911 1.65053 1.64679 1.63955 1.62917 1.6273 1.61685 1.60514 1.59589 1.56439 1.54936 1.53809 1.53043 1.53029 1.53271 1.54595 1.55199 1.5538 1.56089 1.558 1.55958 1.55611 1.55227 1.54808 1.54089 1.5245 1.51093 1.47797 1.45239 1.42803 1.38006 1.3503 1.31832 1.28779 1.25851 1.2361 1.19218 1.1724 1.15332 1.13766 1.12508 1.12069 1.11839 1.11741 1.11672 1.11545 1.11269 1.10144 1.08346 1.07245 1.06865 1.04217 -9999 -9999 -9999 -9999
-9999 -9999 -9999 -9999 -9999 1.38711 1.42017 1.45486 1.48956 1.54037 1.56969 1.5964 1.61982 1.63959 1.65522 1.66372 1.6653 1.66452 1.65173 1.64256 1.62921 1.61461 1.60485 1.57851 1.55946 1.54609 1.53858 1.53285 1.52991 1.53334 1.54469 1.55203 1.55955 1.56322 1.56132 1.55866 1.55588 1.55424 1.55377 1.54629 1.52695 1.50612 1.48287 1.45812 1.43241 1.38318 1.35267 1.31694 1.28454 1.25518 1.22784 1.18811 1.16657 1.1499 1.13526 1.12625 1.11849 1.11704 1.11686 1.11694 1.11629 1.10598 1.09791 1.0868 1.07285 1.06865 1.04541 -9999 -9999 -9999 -9999
-9999 -9999 -9999 -9999 -9999 1.393 1.42718 1.46161 1.49397 1.54625 1.5761 1.60388 1.62726 1.64695 1.66272 1.67266 1.67677 1.67655 1.66719 1.65147 1.63488 1.61896 1.60782 1.57558 1.5597 1.54685 1.54025 1.53501 1.53079 1.53397 1.54588 1.55105 1.56018 1.56126 1.56276 1.56319 1.5594 1.55631 1.5513 1.54576 1.53108 1.50913 1.48691 1.46317 1.43382 1.38498 1.35434 1.31637 1.28217 1.25164 1.22236 1.18329 1.16256 1.14543 1.13244 1.12368 1.11897 1.11649 1.11686 1.11739 1.11362 1.10856 1.10031 1.08887 1.07441 1.06522 1.04637 -9999 -9999 -9999 -9999
-9999 -9999 -9999 -9999 -9999 -9999 1.43284 1.46515 1.49606 1.54896 1.57965 1.60609 1.62962 1.64956 1.66389 1.67432 1.68006 1.6843 1.67458 1.65909 1.63915 1.62033 1.60439 1.57633 1.56222 1.55437 1.5482 1.53947 1.53404 1.53546 1.54608 1.55194 1.55144 1.55216 1.55328 1.55599 1.56003 1.55752 1.55186 1.54574 1.53036 1.50939 1.48816 1.4624 1.4334 1.38446 1.34978 1.31512 1.27953 1.24944 1.21934 1.18003 1.16006 1.14368 1.13137 1.12295 1.11851 1.11692 1.11716 1.11706 1.11468 1.1095 1.10108 1.08936 1.07456 1.05771 1.03203 1.0139 -9999 -9999 -9999
-9999 -9999 -9999 -9999 -9999 -9999 1.43784 1.4712 1.5002 1.55189 1.57873 1.60402 1.62695 1.64717 1.65975 1.67347 1.67664 1.68055 1.67594 1.66207 1.64925 1.62588 1.60284 1.57475 1.5722 1.56264 1.55413 1.54385 1.53748 1.53545 1.54922 1.55172 1.54762 1.54748 1.54897 1.55104 1.55295 1.55461 1.5473 1.53834 1.5238 1.50615 1.48336 1.45937 1.43137 1.37947 1.34657 1.3127 1.27743 1.24848 1.21776 1.17898 1.15999 1.14454 1.1318 1.12395 1.11956 1.11669 1.11738 1.11749 1.11409 1.10856 1.09987 1.08798 1.07298 1.0554 1.02285 1.00424 0.982585 0.95817 -9999
-9999 -9999 -9999 -9999 -9999 -9999 -9999 1.47624 1.50108 1.54976 1.5759 1.59837 1.61995 1.64111 1.65444 1.66554 1.67128 1.67479 1.67508 1.66778 1.64346 1.61904 1.59871 1.5701 1.56593 1.55652 1.54504 1.53328 1.5294 1.52781 1.53993 1.54189 1.54652 1.54876 1.54979 1.54519 1.54561 1.54411 1.54121 1.53245 1.51648 1.49856 1.47599 1.4503 1.42166 1.37407 1.33889 1.3072 1.27445 1.24477 1.21748 1.17923 1.16172 1.14577 1.13381 1.12613 1.11683 1.11665 1.11681 1.11635 1.11439 1.10564 1.09667 1.0846 1.06969 1.05224 1.01894 0.997309 0.977305 0.95837 0.941084
-9999 -9999 -9999 -9999 -9999 -9999 -9999 1.47823 1.50095 1.54832 1.56915 1.60386 1.61391 1.62919 1.64165 1.65152 1.65857 1.66047 1.66233 1.66136 1.63976 1.61265 1.59292 1.57876 1.55891 1.54301 1.53423 1.52478 1.52291 1.52127 1.52923 1.53212 1.53712 1.54577 1.54132 1.53787 1.53673 1.53367 1.52882 1.52052 1.50828 1.49268 1.46618 1.44484 1.41432 1.3653 1.33366 1.30242 1.27213 1.24374 1.21772 1.17976 1.16179 1.14837 1.13084 1.11899 1.11679 1.11587 1.11528 1.11405 1.11132 1.10647 1.09608 1.07938 1.06469 1.04773 1.01467 0.993538 0.972252 0.951772 0.936943
-9999 -9999 -9999 -9999 -9999 -9999 -9999 1.48737 1.50341 1.56269 1.57935 1.58558 1.60168 1.61526 1.62753 1.6353 1.64109 1.64279 1.64282 1.64255 1.63714 1.6185 1.59325 1.57207 1.54333 1.53158 1.524 1.51833 1.51297 1.50947 1.51896 1.52582 1.5316 1.52009 1.52618 1.52366 1.52486 1.52479 1.51413 1.50644 1.49511 1.48205 1.46518 1.44143 1.40968 1.36026 1.33248 1.30092 1.27067 1.24314 1.21849 1.18101 1.15492 1.14251 1.12363 1.11879 1.11593 1.11418 1.11263 1.11043 1.10689 1.10137 1.09347 1.07857 1.06501 1.04195 1.00931 0.989348 0.969296 0.949567 0.931389
-9999 -9999 -9999 -9999 -9999 -9999 -9999 1.50252 1.54478 1.55754 1.56162 1.5744 1.58888 1.59985 1.60976 1.61726 1.62271 1.62547 1.62552 1.62537 1.62154 1.60554 1.58778 1.57062 1.53915 1.52544 1.51635 1.50956 1.50888 1.50577 1.51316 1.51457 1.49921 1.50461 1.51156 1.50699 1.50704 1.5066 1.49865 1.49089 1.48456 1.47349 1.45566 1.43031 1.40827 1.36062 1.32834 1.29932 1.26852 1.23547 1.2121 1.17214 1.15651 1.13088 1.12306 1.11769 1.11402 1.11131 1.10871 1.10548 1.10109 1.09492 1.08671 1.07644 1.05745 1.04232 1.00949 0.984482 0.965819 0.947536 0.930179
-9999 -9999 -9999 -9999 -9999 -9999 -9999 1.50168 1.54233 1.55377 1.55195 1.56236 1.57407 1.58386 1.59252 1.59986 1.60383 1.60566 1.60611 1.60307 1.60017 1.59774 1.57821 1.56668 1.53528 1.52994 1.51798 1.51057 1.50616 1.51274 1.50792 1.48165 1.48598 1.4886 1.49225 1.48934 1.4889 1.4865 1.48157 1.47783 1.47265 1.46315 1.44241 1.42344 1.39669 1.35498 1.31758 1.28713 1.25991 1.23586 1.21615 1.17312 1.14088 1.12985 1.12152 1.11534 1.11088 1.1071 1.1035 1.09934 1.09408 1.08736 1.07891 1.06866 1.05667 1.03451 1.00219 0.984747 0.957072 0.939009 0.918249
-9999 -9999 -9999 -9999 -9999 -9999 -9999 -9999 1.54699 1.54111 1.54759 1.55662 1.56566 1.57416 1.58187 1.58786 1.59136 1.5928 1.59315 1.59222 1.59169 1.58864 1.57834 1.56816 1.53867 1.52751 1.51342 1.50453 1.50201 1.51651 1.4788 1.4722 1.47158 1.47199 1.47254 1.47262 1.4715 1.4692 1.46654 1.46758 1.45735 1.44681 1.42958 1.41235 1.3826 1.33697 1.30777 1.28119 1.2566 1.23802 1.19398 1.1518 1.13671 1.12631 1.11676 1.11164 1.10629 1.1016 1.09704 1.09197 1.08599 1.07881 1.06586 1.0551 1.04279 1.01859 0.985579 0.969004 0.952321 0.936312 0.920114
-9999 -9999 -9999 -9999 -9999 -9999 -9999 -9999 1.53009 1.5345 1.53714 1.54602 1.55323 1.55902 1.56579 1.5718 1.57552 1.57712 1.57692 1.57761 1.57677 1.57472 1.56948 1.56188 1.53399 1.52261 1.50753 1.49973 1.49523 1.47776 1.47628 1.46722 1.46012 1.45844 1.45768 1.46215 1.45798 1.45691 1.45504 1.44759 1.43849 1.42923 1.41151 1.39697 1.37643 1.32535 1.30022 1.2765 1.25183 1.23461 1.19169 1.14867 1.13354 1.1228 1.11165 1.10356 1.09715 1.09147 1.08583 1.07979 1.07289 1.06496 1.05579 1.04534 1.03372 1.02118 0.995645 0.96685 0.951485 0.935296 0.919907
-9999 -9999 -9999 -9999 -9999 -9999 -9999 -9999 1.52292 1.52842 1.53033 1.53362 1.54246 1.54655 1.55064 1.55627 1.56022 1.5624 1.56192 1.56372 1.56474 1.56388 1.56314 1.55655 1.54731 1.51271 1.50109 1.49436 1.49046 1.46717 1.4607 1.45281 1.44769 1.44457 1.44264 1.44106 1.438 1.43528 1.4295 1.42419 1.41881 1.40818 1.39222 1.38166 1.36365 1.34292 1.29194 1.26765 1.24587 1.23126 1.15998 1.14155 1.12699 1.1145 1.10456 1.09642 1.08902 1.0826 1.07623 1.06956 1.0623 1.05418 1.04516 1.03512 1.02452 1.0133 1.00491 0.960345 0.946079 0.930574 0.915941
-9999 -9999 -9999 -9999 -9999 -9999 -9999 -9999 1.51635 1.52055 1.52192 1.52566 1.53258 1.53511 1.53664 1.54061 1.54442 1.54549 1.54645 1.54815 1.54919 1.54979 1.54743 1.54762 1.53745 1.50454 1.49425 1.48676 1.4616 1.45723 1.44917 1.44189 1.43692 1.43047 1.42695 1.42396 1.42339 1.41959 1.41156 1.40369 1.39481 1.38646 1.37299 1.36033 1.3451 1.32893 1.27918 1.25832 1.23965 1.19487 1.14801 1.13203 1.11834 1.10631 1.09656 1.08771 1.0795 1.07241 1.06548 1.05839 1.05086 1.04276 1.03408 1.02459 1.01515 1.00579 0.997384 0.955929 0.939672 0.923551 0.888808
-9999 -9999 -9999 -9999 -9999 -9999 -9999 -9999 1.51284 1.51478 1.51569 1.52007 1.52606 1.52423 1.52404 1.52705 1.52965 1.53115 1.53505 1.53309 1.53139 1.53219 1.53433 1.53668 1.53154 1.50174 1.48752 1.48037 1.45542 1.45101 1.44392 1.43442 1.42581 1.41724 1.41171 1.40811 1.40913 1.40967 1.3991 1.38704 1.37703 1.36661 1.35728 1.34439 1.33034 1.317 1.28075 1.25059 1.23215 1.15499 1.13866 1.12278 1.10863 1.09843 1.08825 1.07765 1.06859 1.06102 1.05368 1.04628 1.03868 1.0307 1.02252 1.0138 1.00479 0.999004 0.991114 0.965797 0.932141 0.91831 0.846596
-9999 -9999 -9999 -9999 -9999 -9999 -9999 -9999 1.51106 1.51328 1.51296 1.51617 1.51688 1.51442 1.51449 1.51532 1.5168 1.51789 1.5194 1.51922 1.51942 1.52088 1.52336 1.52609 1.52625 1.51981 1.4824 1.44024 1.44817 1.44402 1.43463 1.42416 1.41177 1.40253 1.39671 1.39156 1.38691 1.38525 1.38376 1.37519 1.36249 1.35418 1.34511 1.33039 1.31661 1.30421 1.29058 1.23835 1.19309 1.14537 1.1298 1.11371 1.09749 1.08577 1.07579 1.06496 1.05644 1.0485 1.04084 1.03335 1.02579 1.01803 1.01019 1.00234 0.996278 0.989417 0.983203 0.973577 0.922039 0.886826 0.837389
-9999 -9999 -9999 -9999 -9999 -9999 -9999 -9999 1.51151 1.51132 1.51005 1.50862 1.50687 1.50524 1.50753 1.50674 1.50784 1.50673 1.50665 1.50729 1.50737 1.50854 1.51302 1.51585 1.5189 1.51289 1.47988 1.44256 1.4385 1.43762 1.42444 1.41094 1.39838 1.38894 1.38573 1.37686 1.3707 1.36568 1.36171 1.35892 1.3495 1.34335 1.33216 1.3176 1.30354 1.28972 1.27627 1.23998 1.18045 1.13371 1.11895 1.10302 1.08747 1.07301 1.06203 1.0519 1.04309 1.03491 1.02714 1.01965 1.01233 1.00501 0.99769 0.992212 0.98685 0.979984 0.973454 0.964443 0.932243 0.877399 0.828977
-9999 -9999 -9999 -9999 -9999 -9999 -9999 -9999 -9999 1.50786 1.50512 1.5037 1.50547 1.50354 1.50309 1.50257 1.5029 1.49762 1.49679 1.49681 1.49686 1.49764 1.50046 1.50101 1.5038 1.50437 1.44446 1.43856 1.42902 1.42198 1.41181 1.39797 1.38411 1.37676 1.3748 1.36763 1.36002 1.35091 1.34448 1.34394 1.33885 1.33218 1.31904 1.30476 1.29131 1.27743 1.2634 1.19917 1.13731 1.11902 1.10213 1.08782 1.07288 1.05946 1.04813 1.03786 1.02874 1.02036 1.01261 1.00538 0.998373 0.991764 0.985552 0.981047 0.980133 0.97187 0.964264 0.957669 0.919094 0.831363 0.820971
-9999 -9999 -9999 -9999 -9999 -9999 -9999 -9999 -9999 1.50676 1.50185 1.50283 1.5052 1.50965 1.50979 1.50092 1.49936 1.4941 1.48859 1.48776 1.48781 1.48843 1.48892 1.49074 1.49423 1.49573 1.46718 1.43499 1.41322 1.40383 1.39392 1.38213 1.374 1.37151 1.36894 1.35972 1.35145 1.3389 1.33054 1.32375 1.31974 1.31553 1.30781 1.29306 1.28004 1.26624 1.2517 1.20665 1.14435 1.10564 1.08866 1.07297 1.05877 1.045 1.03326 1.0228 1.01335 1.00495 0.997372 0.990545 0.984166 0.978806 0.973685 0.971696 0.968652 0.96378 0.959095 0.944207 0.90888 0.846749 0.813004
