Test_Spring_2018b/01_18/Prec/20180121_023.txt
ncols	170
nrows	115
xllcorner	350000.000000
yllcorner	4445000.000000
cellsize	1000.000000
nodata_value	-9999.000000
[rows 31 to 61 of 115, columns 70 to 139 of 170]
0.276157 0.276878 0.280334 0.288158 0.293544 0.30377 0.318426 0.325227 0.348126 0.354799 0.3636 0.370129 0.377626 0.386487 0.392546 0.403753 0.430834 0.427359 0.42767 0.437226 0.436046 0.432469 0.440579 0.459474 0.469454 0.483894 0.496066 0.515197 0.52836 -9999 -9999 -9999 -9999 -9999 -9999 -9999 -9999 -9999 -9999 -9999 -9999 -9999 -9999 -9999 -9999 -9999 -9999 -9999 -9999 -9999 -9999 -9999 -9999 -9999 -9999 -9999 -9999 -9999 -9999 -9999 -9999 -9999 -9999 -9999 -9999 -9999 -9999 -9999 -9999 -9999
0.273001 0.275831 0.280857 0.288568 0.290273 0.292588 0.321439 0.334526 0.345738 0.351527 0.359079 0.369026 0.37568 0.382038 0.387343 0.397202 0.417567 0.435999 0.430921 0.43363 0.442078 0.434829 0.443048 0.459953 0.482738 0.475448 0.481774 0.524092 0.530866 -9999 -9999 -9999 -9999 -9999 -9999 -9999 -9999 -9999 -9999 -9999 -9999 -9999 -9999 -9999 -9999 -9999 -9999 -9999 -9999 -9999 -9999 -9999 -9999 -9999 -9999 -9999 -9999 -9999 -9999 -9999 -9999 -9999 -9999 -9999 -9999 -9999 -9999 -9999 -9999 -9999
0.274963 0.275342 0.281587 0.287909 0.287725 0.293641 0.310969 0.330594 0.343575 0.348444 0.354574 0.361681 0.368194 0.374489 0.383345 0.393994 0.411913 0.432476 0.439523 0.434099 0.436673 0.438306 0.446213 0.455465 0.468287 0.463911 0.464445 0.490254 0.517661 0.537358 -9999 -9999 -9999 -9999 -9999 -9999 -9999 -9999 -9999 -9999 -9999 -9999 -9999 -9999 -9999 -9999 -9999 -9999 -9999 -9999 -9999 -9999 -9999 -9999 -9999 -9999 -9999 -9999 -9999 -9999 -9999 -9999 -9999 -9999 -9999 -9999 -9999 -9999 -9999 -9999
0.278282 0.275728 0.28275 0.293645 0.295799 0.299028 0.317289 0.342419 0.347391 0.346048 0.351636 0.356877 0.364397 0.371009 0.378849 0.389154 0.402026 0.416638 0.439515 0.430468 0.424041 0.427404 0.431114 0.43867 0.451229 0.447079 0.450332 0.479048 0.515968 0.527048 0.533452 -9999 -9999 -9999 -9999 -9999 -9999 -9999 -9999 -9999 -9999 -9999 -9999 -9999 -9999 -9999 -9999 -9999 -9999 -9999 -9999 -9999 -9999 -9999 -9999 -9999 -9999 -9999 -9999 -9999 -9999 -9999 -9999 -9999 -9999 -9999 -9999 -9999 -9999 -9999
-9999 0.277193 0.284289 0.296564 0.298838 0.300148 0.306983 0.328926 0.342623 0.346061 0.349154 0.354241 0.361723 0.374704 0.379823 0.383807 0.393353 0.409508 0.425562 0.432037 0.420679 0.41974 0.423891 0.424058 0.435333 0.435282 0.440478 0.449649 0.485535 0.512642 0.52056 0.533025 -9999 -9999 -9999 -9999 -9999 -9999 -9999 -9999 -9999 -9999 -9999 -9999 -9999 -9999 -9999 -9999 -9999 -9999 -9999 -9999 -9999 -9999 -9999 -9999 -9999 -9999 -9999 -9999 -9999 -9999 -9999 -9999 -9999 -9999 -9999 -9999 -9999 -9999
-9999 -9999 -9999 -9999 0.303897 0.311106 0.320945 0.330658 0.34144 0.344236 0.34675 0.351779 0.362173 0.369155 0.373154 0.380666 0.391057 0.398684 0.409917 0.4215 0.421459 0.412364 0.421269 0.416025 0.42041 0.42254 0.432211 0.455076 0.485891 0.50992 0.517297 0.527875 -9999 -9999 -9999 -9999 -9999 -9999 -9999 -9999 -9999 -9999 -9999 -9999 -9999 -9999 -9999 -9999 -9999 -9999 -9999 -9999 -9999 -9999 -9999 -9999 -9999 -9999 -9999 -9999 -9999 -9999 -9999 -9999 -9999 -9999 -9999 -9999 -9999 -9999
-9999 -9999 -9999 -9999 -9999 0.310041 0.32089 0.318931 0.340336 0.344272 0.345232 0.350057 0.356705 0.362386 0.368484 0.375065 0.383553 0.392488 0.403148 0.406933 0.402197 0.405421 0.410555 0.412893 0.412605 0.417569 0.432281 0.457849 0.46983 0.513851 0.524125 0.526196 0.533854 -9999 -9999 -9999 -9999 -9999 -9999 -9999 -9999 -9999 -9999 -9999 -9999 0.54327 -9999 -9999 -9999 -9999 -9999 -9999 -9999 -9999 -9999 -9999 -9999 -9999 -9999 -9999 -9999 -9999 -9999 -9999 -9999 -9999 0.67926 -9999 -9999 -9999
-9999 -9999 -9999 -9999 0.294294 0.310859 0.313873 0.315545 0.330896 0.343258 0.343726 0.348556 0.354533 0.360238 0.367801 0.37199 0.378005 0.38728 0.391478 0.391871 0.393816 0.395796 0.398506 0.40293 0.408505 0.414701 0.432109 0.443404 0.452195 0.483017 0.504901 0.515119 0.528839 0.53983 -9999 -9999 -9999 -9999 -9999 -9999 -9999 0.534766 0.537568 0.539875 0.539989 0.535772 0.542317 -9999 -9999 -9999 -9999 -9999 -9999 -9999 -9999 -9999 -9999 -9999 -9999 -9999 -9999 -9999 -9999 -9999 -9999 -9999 0.662823 0.679462 -9999 -9999
-9999 -9999 -9999 -9999 0.304335 0.306481 0.311421 0.313789 0.318067 0.340209 0.344147 0.347508 0.352167 0.357987 0.36438 0.367347 0.374314 0.379254 0.383578 0.382916 0.385278 0.389997 0.395349 0.400761 0.409255 0.414028 0.42684 0.435757 0.4475 0.459268 0.495376 0.513437 0.530819 0.544964 -9999 -9999 -9999 -9999 -9999 -9999 0.527444 0.523946 0.522902 0.532597 0.529001 0.525932 0.529306 0.544512 -9999 -9999 -9999 -9999 -9999 -9999 -9999 -9999 -9999 -9999 -9999 -9999 -9999 -9999 0.581166 0.596636 0.622186 0.639414 0.653285 0.669743 -9999 -9999
-9999 -9999 -9999 -9999 0.302267 0.304066 0.307982 0.312197 0.319389 0.33102 0.342973 0.347239 0.35175 0.355885 0.359627 0.366062 0.37015 0.378111 0.375278 0.378133 0.382407 0.390987 0.396906 0.409986 0.418251 0.430182 0.42717 0.437464 0.453788 0.472845 0.50403 0.518408 0.526647 0.539394 -9999 -9999 -9999 -9999 -9999 -9999 0.522184 0.518224 0.515483 0.517222 0.526945 0.519488 0.529063 0.537303 0.540856 0.538109 0.537132 0.545058 0.557816 0.555784 0.557533 0.554054 -9999 -9999 -9999 -9999 0.557808 0.561849 0.567241 0.57784 0.60566 0.627847 0.649093 0.661089 -9999 -9999
-9999 -9999 -9999 -9999 0.2946 0.299683 0.306761 0.315333 0.320229 0.332503 0.343676 0.345126 0.349904 0.353743 0.35695 0.360776 0.365932 0.367493 0.36983 0.3738 0.38647 0.401194 0.399358 0.413566 0.437057 0.431593 0.429888 0.441283 0.460457 0.481673 0.500302 0.512504 0.523012 0.532656 -9999 -9999 -9999 0.528872 0.521436 0.522069 0.521112 0.514867 0.510765 0.511544 0.510953 0.514447 0.525761 0.533868 0.542023 0.541586 0.53199 0.529901 0.548848 0.546004 0.546753 0.537482 0.533718 0.531864 0.532012 0.534211 0.537144 0.541025 0.546797 0.556963 0.590362 0.609845 0.626134 0.658967 -9999 -9999
-9999 -9999 -9999 -9999 0.306551 0.312812 0.319456 0.311707 0.320028 0.325216 0.337438 0.34618 0.350432 0.357237 0.357598 0.360286 0.36273 0.365529 0.36882 0.379351 0.393452 0.408016 0.41671 0.421178 0.434642 0.436741 0.435 0.447346 0.459406 0.478995 0.485544 0.500283 0.524691 0.539881 -9999 -9999 0.54288 0.527229 0.516571 0.511755 0.511343 0.512882 0.507102 0.508638 0.502555 0.507241 0.525802 0.527019 0.537662 0.536433 0.526037 0.525389 0.523215 0.531366 0.528614 0.526763 0.523344 0.521958 0.521779 0.522968 0.526777 0.530312 0.535833 0.545018 0.566158 0.581538 0.59819 0.640603 -9999 -9999
-9999 -9999 -9999 -9999 0.302123 0.308406 0.313948 0.322574 0.327971 0.327183 0.342173 0.343931 0.351681 0.35756 0.361963 0.361182 0.363062 0.364903 0.367005 0.376715 0.388077 0.40472 0.416606 0.428302 0.436653 0.447701 0.44931 0.455607 0.46229 0.465816 0.479211 0.498431 0.509512 0.533332 0.542945 -9999 0.540815 0.534123 0.521076 0.5103 0.504101 0.5084 0.501462 0.5019 0.499288 0.504542 0.518566 0.517454 0.519403 0.52162 0.516619 0.516417 0.516468 0.513396 0.521467 0.518393 0.515551 0.51369 0.512964 0.513593 0.515984 0.520098 0.526113 0.534236 0.548813 0.564227 0.58849 0.632851 -9999 -9999
-9999 -9999 -9999 0.295425 0.300546 0.3049 0.312906 0.320994 0.328503 0.335539 0.347214 0.345052 0.34964 0.357115 0.365663 0.36713 0.367491 0.36532 0.36669 0.368786 0.375669 0.395156 0.406031 0.418287 0.43392 0.445388 0.448396 0.444753 0.450759 0.462375 0.474513 0.494846 0.508292 0.520221 0.544573 0.543996 0.536764 0.531482 0.52274 0.509175 0.500198 0.497136 0.497174 0.495708 0.496024 0.49709 0.507448 0.510967 0.515606 0.517286 0.518092 0.514884 0.514647 0.50999 0.50619 0.512224 0.508935 0.506538 0.505306 0.505539 0.507622 0.511746 0.517584 0.525169 0.533762 0.552446 0.577845 0.61232 -9999 -9999
-9999 -9999 -9999 -9999 0.301104 0.309841 0.32025 0.329378 0.336225 0.341649 0.350002 0.354813 0.356542 0.356357 0.366231 0.373819 0.369942 0.368795 0.367548 0.368561 0.370755 0.388484 0.39913 0.40888 0.424094 0.427104 0.428976 0.434487 0.442607 0.461515 0.48022 0.506138 0.524176 0.528366 0.541013 0.54147 0.536876 0.523872 0.51492 0.511808 0.510046 0.496659 0.494484 0.491652 0.489092 0.495491 0.502945 0.50859 0.508973 0.510493 0.511238 0.522236 0.513757 0.512069 0.503722 0.50043 0.503446 0.500715 0.499107 0.499202 0.501109 0.505051 0.510845 0.517795 0.523162 0.537972 0.574892 0.607098 -9999 -9999
-9999 -9999 -9999 -9999 -9999 -9999 0.323115 0.331719 0.34019 0.346552 0.351716 0.35513 0.357981 0.360945 0.365303 0.372101 0.374628 0.374224 0.380424 0.376551 0.372152 0.374546 0.378315 0.394711 0.407315 0.406312 0.413902 0.429388 0.443008 0.456552 0.477783 0.499886 0.520235 0.536026 0.53962 0.528833 0.521588 0.50836 0.502802 0.50689 0.504037 0.496362 0.48878 0.485623 0.487544 0.494008 0.500626 0.508252 0.50385 0.504478 0.507937 0.510589 0.511714 0.507202 0.50451 0.497522 0.494738 0.496402 0.494723 0.494617 0.496411 0.500225 0.503878 0.510588 0.518796 0.528407 0.566179 0.606385 -9999 -9999
-9999 -9999 -9999 -9999 -9999 -9999 0.328862 0.338513 0.344976 0.344735 0.352603 0.35613 0.360388 0.362529 0.366164 0.372506 0.378397 0.383818 0.390698 0.387927 0.379751 0.37619 0.378401 0.393134 0.39343 0.400855 0.410855 0.429371 0.444823 0.456033 0.47688 0.500406 0.515616 0.534301 0.53133 0.527025 0.520038 0.506718 0.497061 0.493195 0.497023 0.492746 0.483691 0.484253 0.490209 0.490696 0.499489 0.509171 0.502067 0.500774 0.503436 0.503283 0.506013 0.503763 0.500144 0.496466 0.493575 0.492241 0.492341 0.492192 0.493827 0.4965 0.501385 0.507811 0.515818 0.525161 0.553101 0.603531 -9999 -9999
-9999 -9999 -9999 -9999 -9999 -9999 -9999 0.345488 0.347304 0.343991 0.353553 0.359238 0.360864 0.36365 0.368106 0.371479 0.378524 0.387642 0.404621 0.401158 0.393627 0.382889 0.378944 0.383369 0.393047 0.404684 0.425975 0.445702 0.453695 0.462363 0.479385 0.500117 0.51667 0.513936 0.509885 0.504405 0.502085 0.504484 0.49645 0.489721 0.492952 0.487452 0.481058 0.484476 0.486768 0.488877 0.497987 0.499624 0.500518 0.496771 0.50087 0.499257 0.501297 0.50063 0.498415 0.495866 0.493261 0.492032 0.491477 0.491585 0.493062 0.495883 0.500472 0.506658 0.514307 0.523283 0.534795 0.570398 0.592681 -9999
-9999 -9999 -9999 -9999 -9999 -9999 -9999 0.354011 0.359653 0.353854 0.361888 0.360782 0.361456 0.36427 0.370405 0.373991 0.384302 0.387866 0.403766 0.411223 0.406559 0.410661 0.395807 0.383752 0.392987 0.429229 0.446114 0.460167 0.464369 0.470748 0.480085 0.507653 0.516944 0.506501 0.500833 0.49652 0.493177 0.493147 0.494053 0.482896 0.482404 0.478918 0.479817 0.479672 0.485536 0.489385 0.491717 0.49647 0.49826 0.494335 0.500049 0.496176 0.498972 0.49977 0.49905 0.495191 0.493649 0.492562 0.491806 0.492258 0.493166 0.49691 0.501018 0.506758 0.514017 0.522355 0.531921 0.55218 0.572729 0.587654
-9999 -9999 -9999 -9999 -9999 -9999 -9999 -9999 0.373865 0.36204 0.365267 0.365518 0.362677 0.364791 0.369685 0.3748 0.385156 0.39421 0.408596 0.425185 0.434026 0.411085 0.392047 0.384057 0.391317 0.422142 0.437784 0.444071 0.444139 0.455479 0.465589 0.489306 0.497784 0.507182 0.507599 0.500473 0.49361 0.487434 0.482493 0.481954 0.477463 0.477985 0.477801 0.477164 0.477932 0.478692 0.489426 0.486857 0.491129 0.490485 0.492445 0.494103 0.497472 0.500317 0.497692 0.49518 0.494078 0.492111 0.492511 0.492996 0.493865 0.495335 0.502662 0.507906 0.514454 0.522269 0.531029 0.54898 0.561111 0.577784
-9999 -9999 -9999 -9999 -9999 -9999 -9999 -9999 0.384729 0.372472 0.375142 0.367552 0.366334 0.366379 0.368555 0.37305 0.38127 0.393017 0.402989 0.421503 0.441053 0.412847 0.3949 0.385537 0.388697 0.417037 0.41614 0.426583 0.430456 0.445409 0.455149 0.46943 0.480515 0.491713 0.502819 0.508028 0.492339 0.484665 0.477942 0.474389 0.471684 0.469453 0.470892 0.476279 0.484378 0.478278 0.484077 0.485723 0.487479 0.488843 0.490428 0.492005 0.495283 0.495519 0.497474 0.493809 0.491993 0.492472 0.492972 0.493646 0.494617 0.495974 0.497929 0.501875 0.51537 0.522467 0.530536 0.548033 0.558503 0.569503
-9999 -9999 -9999 -9999 -9999 -9999 -9999 -9999 0.413812 0.39184 0.382548 0.374669 0.368224 0.368015 0.368888 0.374601 0.37893 0.387757 0.396202 0.408859 0.42753 0.440021 0.417253 0.391416 0.38893 0.39616 0.401679 0.412582 0.423206 0.429542 0.434879 0.452198 0.464794 0.480305 0.484622 0.491887 0.480821 0.480702 0.482594 0.467742 0.467158 0.466945 0.471278 0.479529 0.477131 0.487911 0.490548 0.496209 0.492847 0.490099 0.489692 0.490752 0.49439 0.492853 0.493663 0.490642 0.491497 0.492332 0.493118 0.493928 0.494933 0.496366 0.498198 0.500513 0.505848 0.510402 0.529969 0.547094 0.556696 0.566849
-9999 -9999 -9999 -9999 -9999 -9999 -9999 -9999 0.415422 0.404959 0.389086 0.38085 0.371983 0.371648 0.369527 0.371916 0.376541 0.384501 0.394182 0.404924 0.421217 0.43408 0.423409 0.400343 0.389955 0.391438 0.401009 0.40626 0.412724 0.416999 0.424145 0.437071 0.447758 0.458759 0.468541 0.480518 0.467814 0.467833 0.471167 0.463837 0.463839 0.474431 0.482057 0.48183 0.479286 0.48343 0.490058 0.502433 0.499772 0.491137 0.492085 0.492792 0.492105 0.492305 0.488488 0.489499 0.490596 0.491608 0.49262 0.493554 0.494593 0.496048 0.497796 0.500051 0.503135 0.509601 0.514733 0.531388 0.554754 0.563974
-9999 -9999 -9999 -9999 -9999 -9999 -9999 -9999 0.412236 0.413861 0.399504 0.385025 0.375091 0.372249 0.370384 0.371991 0.377258 0.38191 0.388527 0.398221 0.405524 0.417306 0.433118 0.413048 0.401003 0.401105 0.400016 0.398325 0.403681 0.412129 0.433232 0.434543 0.435358 0.447729 0.454013 0.461676 0.4556 0.457274 0.458522 0.459343 0.468824 0.481634 0.491445 0.482624 0.483161 0.483339 0.500574 0.488094 0.481406 0.480008 0.496004 0.500976 0.493485 0.487561 0.487718 0.488268 0.489018 0.490287 0.491268 0.492417 0.493595 0.49495 0.496676 0.49882 0.501608 0.505139 0.512735 0.529437 0.536825 0.537362
-9999 -9999 -9999 -9999 -9999 -9999 -9999 -9999 -9999 0.421503 0.40239 0.384541 0.375553 0.370498 0.368872 0.370628 0.374109 0.377772 0.382414 0.38979 0.398851 0.412508 0.423411 0.420262 0.40673 0.412623 0.412139 0.403448 0.403769 0.4152 0.44387 0.43434 0.428199 0.432325 0.436766 0.440797 0.44744 0.450232 0.453784 0.460964 0.481461 0.481938 0.489055 0.48704 0.490054 0.485142 0.49559 0.486603 0.483181 0.482589 0.492395 0.494634 0.480496 0.47825 0.480761 0.480182 0.48691 0.488088 0.489226 0.490468 0.491638 0.492972 0.494613 0.489087 0.491237 0.494047 0.501048 0.51855 0.52598 0.533981
-9999 -9999 -9999 -9999 -9999 -9999 -9999 -9999 -9999 0.429114 0.408643 0.386491 0.380853 0.374918 0.369817 0.371261 0.375753 0.38002 0.384369 0.389197 0.399873 0.410477 0.420944 0.426111 0.427082 0.423427 0.419927 0.406963 0.408112 0.414188 0.438457 0.447993 0.437951 0.429876 0.432185 0.436024 0.451999 0.450771 0.459277 0.469858 0.472668 0.476701 0.485331 0.480052 0.486005 0.482339 0.496234 0.491276 0.489286 0.483895 0.492508 0.496387 0.481889 0.478468 0.480029 0.476526 0.47635 0.477448 0.478774 0.479998 0.481196 0.482329 0.483713 0.485394 0.487526 0.490384 0.494298 0.503753 0.533273 0.540016
-9999 -9999 -9999 -9999 -9999 -9999 -9999 -9999 -9999 0.428927 0.414958 0.395014 0.380545 0.38119 0.374758 0.372053 0.376699 0.381736 0.386886 0.389961 0.40142 0.414042 0.424802 0.437446 0.438239 0.433559 0.417488 0.410349 0.41253 0.419126 0.435272 0.434673 0.428656 0.426853 0.428285 0.431982 0.437057 0.440389 0.44695 0.44995 0.457728 0.469417 0.473676 0.47017 0.482122 0.480691 0.475637 0.495275 0.487677 0.484568 0.495239 0.484963 0.47739 0.474277 0.471853 0.471549 0.472356 0.472714 0.474087 0.475307 0.476518 0.477814 0.47921 0.481024 0.48317 0.486705 0.491333 0.504332 0.531477 0.536782
-9999 -9999 -9999 -9999 -9999 -9999 -9999 -9999 -9999 0.428957 0.415865 0.398217 0.387914 0.38708 0.379454 0.37277 0.374792 0.379857 0.382281 0.387656 0.397556 0.408516 0.420553 0.427608 0.441329 0.432768 0.419248 0.413599 0.413109 0.42793 0.434855 0.431631 0.428313 0.428644 0.424793 0.427149 0.431178 0.441791 0.44733 0.446159 0.448409 0.451787 0.459739 0.459761 0.464583 0.466357 0.468099 0.490072 0.486307 0.486559 0.480374 0.473924 0.470313 0.468408 0.466906 0.467507 0.467669 0.467468 0.468645 0.469869 0.471147 0.472433 0.473983 0.476074 0.478408 0.482896 0.489505 0.499911 0.53467 0.532104
-9999 -9999 -9999 -9999 -9999 -9999 -9999 -9999 -9999 0.434473 0.41967 0.40412 0.398056 0.397668 0.382519 0.3736 0.374496 0.377342 0.380611 0.391822 0.392651 0.396245 0.407217 0.422593 0.439504 0.440597 0.437902 0.417575 0.417164 0.436301 0.443543 0.443355 0.436457 0.430385 0.42369 0.423468 0.427887 0.44347 0.459598 0.453365 0.44635 0.446573 0.448736 0.456115 0.458258 0.460153 0.465426 0.484665 0.489565 0.487512 0.473536 0.47074 0.46632 0.46292 0.465479 0.465607 0.462683 0.461524 0.462621 0.463787 0.464957 0.466338 0.467939 0.470479 0.473344 0.477178 0.48963 0.498817 0.527115 0.52566
-9999 -9999 -9999 -9999 -9999 -9999 -9999 -9999 -9999 0.442397 0.431052 0.415494 0.409338 0.399533 0.384821 0.377899 0.37498 0.37585 0.378247 0.38385 0.387869 0.394696 0.405984 0.420986 0.437647 0.449442 0.447173 0.425249 0.420679 0.442642 0.451052 0.446737 0.438954 0.42602 0.41942 0.420128 0.422534 0.426784 0.438815 0.452856 0.453322 0.446949 0.452616 0.459041 0.455332 0.455789 0.461017 0.464794 0.483726 0.476751 0.472595 0.470383 0.464882 0.456716 0.456124 0.457135 0.454338 0.455101 0.45604 0.457006 0.458209 0.459563 0.461152 0.463546 0.46707 0.475787 0.483984 0.494731 0.498887 0.514186
-9999 -9999 -9999 -9999 -9999 -9999 -9999 -9999 -9999 0.453764 0.439525 0.424172 0.409928 0.396619 0.38533 0.384561 0.378998 0.379564 0.377276 0.379193 0.384599 0.390555 0.400499 0.419188 0.435406 0.453068 0.451462 0.440668 0.433502 0.443618 0.459931 0.448302 0.435063 0.423098 0.417401 0.425118 0.420458 0.422204 0.42732 0.43599 0.448827 0.448947 0.458332 0.458763 0.453948 0.45224 0.452799 0.455517 0.471122 0.470308 0.467973 0.467011 0.461664 0.455103 0.448818 0.448144 0.447451 0.448094 0.448907 0.449782 0.450903 0.452346 0.454178 0.456629 0.464016 0.472674 0.479081 0.487227 0.490757 0.500745
