Test_Spring_2018b/01_18/Prec/20180118_001.txt
ncols	170
nrows	115
xllcorner	350000.000000
yllcorner	4445000.000000
cellsize	1000.000000
nodata_value	-9999.000000
[rows 32 to 63 of 115, columns 71 to 141 of 170]
0.895176 0.902865 0.913321 0.916721 0.920459 0.950597 0.97162 1.00241 1.00665 1.01259 1.02104 1.02571 1.03008 1.03341 1.0421 1.06291 1.08191 1.07482 1.0768 1.08545 1.07656 1.08504 1.10314 1.12759 1.11788 1.12308 1.1491 1.15118 -9999 -9999 -9999 -9999 -9999 -9999 -9999 -9999 -9999 -9999 -9999 -9999 -9999 -9999 -9999 -9999 -9999 -9999 -9999 -9999 -9999 -9999 -9999 -9999 -9999 -9999 -9999 -9999 -9999 -9999 -9999 -9999 -9999 -9999 -9999 -9999 -9999 -9999 -9999 -9999 -9999 -9999 -9999
0.914957 0.923392 0.931726 0.932566 0.940082 0.949646 0.985215 1.01899 1.02261 1.02755 1.0335 1.03875 1.04376 1.05169 1.0617 1.08 1.10136 1.10763 1.09995 1.10127 1.10149 1.10866 1.11718 1.12951 1.12227 1.1203 1.1434 1.15061 1.17706 -9999 -9999 -9999 -9999 -9999 -9999 -9999 -9999 -9999 -9999 -9999 -9999 -9999 -9999 -9999 -9999 -9999 -9999 -9999 -9999 -9999 -9999 -9999 -9999 -9999 -9999 -9999 -9999 -9999 -9999 -9999 -9999 -9999 -9999 -9999 -9999 -9999 -9999 -9999 -9999 -9999 -9999
0.936566 0.945171 0.958016 0.960989 0.965174 0.980107 1.03851 1.0426 1.03967 1.04458 1.04913 1.05625 1.06232 1.06973 1.07982 1.09267 1.10734 1.13113 1.11886 1.10934 1.11063 1.11212 1.11775 1.12884 1.12101 1.12139 1.14057 1.17145 1.18049 1.18439 -9999 -9999 -9999 -9999 -9999 -9999 -9999 -9999 -9999 -9999 -9999 -9999 -9999 -9999 -9999 -9999 -9999 -9999 -9999 -9999 -9999 -9999 -9999 -9999 -9999 -9999 -9999 -9999 -9999 -9999 -9999 -9999 -9999 -9999 -9999 -9999 -9999 -9999 -9999 -9999 -9999
0.960013 0.96789 0.981567 0.984108 0.98577 0.997838 1.03132 1.0566 1.05946 1.06217 1.06726 1.0751 1.08908 1.09407 1.09753 1.10691 1.12332 1.13919 1.14386 1.12807 1.12363 1.12462 1.12092 1.12958 1.12546 1.12726 1.1263 1.16753 1.17927 1.18474 1.19564 -9999 -9999 -9999 -9999 -9999 -9999 -9999 -9999 -9999 -9999 -9999 -9999 -9999 -9999 -9999 -9999 -9999 -9999 -9999 -9999 -9999 -9999 -9999 -9999 -9999 -9999 -9999 -9999 -9999 -9999 -9999 -9999 -9999 -9999 -9999 -9999 -9999 -9999 -9999 -9999
-9999 -9999 -9999 1.00955 1.02019 1.0547 1.05108 1.07434 1.07694 1.07962 1.08541 1.09734 1.10536 1.10979 1.11774 1.12837 1.13523 1.14543 1.15532 1.15151 1.13699 1.14229 1.13143 1.13129 1.12865 1.13465 1.15828 1.18232 1.19092 1.19561 1.20439 -9999 -9999 -9999 -9999 -9999 -9999 -9999 -9999 -9999 -9999 -9999 -9999 -9999 -9999 -9999 -9999 -9999 -9999 -9999 -9999 -9999 -9999 -9999 -9999 -9999 -9999 -9999 -9999 -9999 -9999 -9999 -9999 -9999 -9999 -9999 -9999 -9999 -9999 -9999 -9999
-9999 -9999 -9999 -9999 1.03703 1.07211 1.06984 1.09161 1.09598 1.09759 1.10396 1.11256 1.11998 1.12753 1.13502 1.14386 1.15226 1.16158 1.16219 1.15233 1.15069 1.15066 1.14718 1.14066 1.14016 1.14216 1.17623 1.18387 1.20953 1.21727 1.21647 1.22254 -9999 -9999 -9999 -9999 -9999 -9999 -9999 -9999 -9999 -9999 -9999 -9999 1.18997 -9999 -9999 -9999 -9999 -9999 -9999 -9999 -9999 -9999 -9999 -9999 -9999 -9999 -9999 -9999 -9999 -9999 -9999 -9999 -9999 1.17771 -9999 -9999 -9999 -9999 -9999
-9999 -9999 -9999 1.0372 1.07851 1.08081 1.08266 1.0858 1.11304 1.11484 1.1221 1.13089 1.13929 1.14932 1.15478 1.16124 1.17012 1.17197 1.16824 1.1651 1.16105 1.15715 1.1548 1.15366 1.15341 1.16855 1.17399 1.17739 1.20036 1.20889 1.21723 1.23028 1.24082 -9999 -9999 -9999 -9999 -9999 -9999 -9999 1.21438 1.21212 1.20871 1.20238 1.19087 1.19127 -9999 -9999 -9999 -9999 -9999 -9999 -9999 -9999 -9999 -9999 -9999 -9999 -9999 -9999 -9999 -9999 -9999 -9999 -9999 1.16053 1.1695 -9999 -9999 -9999 -9999
-9999 -9999 -9999 1.08957 1.08935 1.09355 1.09622 1.10235 1.12679 1.13328 1.13984 1.14818 1.15772 1.16736 1.17217 1.18017 1.18432 1.18612 1.18069 1.1772 1.17518 1.17304 1.17052 1.17138 1.16832 1.17654 1.17839 1.1844 1.19153 1.21045 1.2276 1.24494 1.25936 -9999 -9999 -9999 -9999 -9999 -9999 1.22469 1.21544 1.20805 1.21197 1.20034 1.18889 1.18442 1.18392 -9999 -9999 -9999 -9999 -9999 -9999 -9999 -9999 -9999 -9999 -9999 -9999 -9999 -9999 1.10245 1.11326 1.13446 1.14535 1.15154 1.15977 -9999 -9999 -9999 -9999
-9999 -9999 -9999 1.10237 1.10117 1.10393 1.1087 1.11842 1.14839 1.14874 1.15732 1.16659 1.17532 1.18296 1.19246 1.19773 1.20548 1.19907 1.19708 1.19492 1.19618 1.19344 1.1982 1.19745 1.20328 1.18977 1.19219 1.20258 1.21735 1.23727 1.24434 1.25161 1.26484 -9999 -9999 -9999 -9999 -9999 -9999 1.23217 1.22187 1.21182 1.20583 1.20806 1.19042 1.18372 1.18178 1.17473 1.16095 1.14969 1.13356 1.12617 1.11743 1.11383 1.10513 -9999 -9999 -9999 -9999 1.08975 1.08952 1.08996 1.09528 1.11886 1.13498 1.14895 1.15217 -9999 -9999 -9999 -9999
-9999 -9999 -9999 1.10753 1.10941 1.11543 1.12511 1.13257 1.16372 1.16493 1.18586 1.19544 1.2039 1.21104 1.21776 1.22441 1.22514 1.22473 1.22416 1.23159 1.23985 1.22843 1.21848 1.24637 1.21776 1.20454 1.20718 1.21995 1.23656 1.24289 1.24762 1.25767 1.26968 -9999 -9999 -9999 1.2641 1.25379 1.25128 1.2456 1.23258 1.22069 1.2102 1.19974 1.20187 1.18703 1.18353 1.18024 1.16771 1.14551 1.13258 1.11786 1.1078 1.10291 1.08108 1.07338 1.06824 1.06545 1.06472 1.06429 1.0641 1.06501 1.0697 1.10508 1.11779 1.12563 1.14636 -9999 -9999 -9999 -9999
-9999 -9999 -9999 1.12694 1.12957 1.13489 1.14919 1.16049 1.16982 1.20034 1.20079 1.21062 1.22326 1.228 1.23411 1.23819 1.24056 1.24119 1.24769 1.25616 1.26347 1.26295 1.26914 1.27303 1.25282 1.23926 1.22344 1.22796 1.24243 1.24397 1.24935 1.26998 1.28666 -9999 -9999 1.29134 1.27332 1.25974 1.25124 1.24607 1.24145 1.22708 1.21962 1.20252 1.20464 1.19837 1.18637 1.17912 1.16433 1.12902 1.11734 1.09257 1.08465 1.07648 1.07048 1.06359 1.05949 1.05689 1.05557 1.05656 1.05628 1.05702 1.0605 1.07598 1.08356 1.09209 1.12251 -9999 -9999 -9999 -9999
-9999 -9999 -9999 1.14652 1.14966 1.1541 1.16416 1.17263 1.18224 1.21576 1.22222 1.22474 1.23709 1.24709 1.24992 1.25383 1.25537 1.25467 1.26003 1.26497 1.27397 1.27625 1.28852 1.28592 1.27348 1.26308 1.25886 1.25626 1.25149 1.24291 1.25387 1.26458 1.28684 1.29853 -9999 1.2983 1.29089 1.27503 1.26005 1.24836 1.24659 1.23043 1.22102 1.21421 1.20802 1.19611 1.16823 1.15586 1.14443 1.12577 1.10698 1.08485 1.07404 1.06937 1.06231 1.05655 1.05253 1.04995 1.0486 1.04848 1.04919 1.05061 1.05282 1.06061 1.06888 1.08408 1.11599 -9999 -9999 -9999 -9999
-9999 -9999 1.15701 1.15318 1.15377 1.1608 1.17028 1.18134 1.19382 1.22347 1.23217 1.24248 1.24785 1.26307 1.26893 1.27152 1.2688 1.26735 1.26403 1.26364 1.27537 1.2851 1.28446 1.28948 1.27926 1.26956 1.25333 1.2492 1.25283 1.25864 1.27018 1.2686 1.28187 1.30702 1.30814 1.30154 1.29626 1.28566 1.26781 1.25307 1.24288 1.23419 1.22821 1.21705 1.19342 1.177 1.16478 1.15418 1.14096 1.12776 1.11128 1.08914 1.06954 1.05947 1.05637 1.05064 1.04664 1.04416 1.04298 1.04303 1.04409 1.04546 1.04698 1.04901 1.05914 1.07007 1.09043 -9999 -9999 -9999 -9999
-9999 -9999 -9999 1.16074 1.16598 1.1756 1.18628 1.19675 1.20769 1.23342 1.24463 1.25289 1.26221 1.27291 1.28598 1.28409 1.28272 1.27845 1.27393 1.26815 1.28239 1.28319 1.2818 1.28589 1.2658 1.25413 1.24748 1.24504 1.25622 1.26883 1.28661 1.30274 1.30495 1.31071 1.31095 1.3078 1.29431 1.28388 1.27807 1.27157 1.24973 1.24289 1.22086 1.2043 1.19651 1.17626 1.1653 1.14882 1.13438 1.12017 1.11885 1.08744 1.07685 1.06069 1.04834 1.04573 1.04197 1.03969 1.03894 1.03927 1.04045 1.0419 1.04372 1.03679 1.04155 1.06933 1.08644 -9999 -9999 -9999 -9999
-9999 -9999 -9999 -9999 -9999 1.18409 1.19423 1.20662 1.21875 1.24065 1.25034 1.25991 1.26949 1.27987 1.2906 1.29604 1.29567 1.29993 1.28917 1.27969 1.27298 1.26606 1.27205 1.26405 1.24822 1.2425 1.24655 1.24974 1.25433 1.26924 1.28257 1.30093 1.3159 1.31862 1.3062 1.29497 1.28158 1.27529 1.27784 1.27028 1.25345 1.23492 1.21905 1.20699 1.1986 1.17698 1.16737 1.14464 1.12837 1.11646 1.10512 1.0845 1.07048 1.0606 1.04785 1.04153 1.0386 1.03676 1.03627 1.03686 1.03815 1.03607 1.03582 1.03491 1.03338 1.06154 1.08707 -9999 -9999 -9999 -9999
-9999 -9999 -9999 -9999 -9999 1.19465 1.20601 1.21617 1.22087 1.24554 1.2552 1.26616 1.27463 1.28405 1.2952 1.30386 1.31011 1.31582 1.30812 1.29197 1.27885 1.27041 1.2747 1.25305 1.2466 1.24339 1.25056 1.25544 1.25698 1.271 1.28567 1.29783 1.3157 1.31077 1.30549 1.29785 1.28246 1.27176 1.2648 1.26502 1.25282 1.23255 1.22067 1.21283 1.19733 1.17788 1.17001 1.14367 1.12471 1.11141 1.09649 1.07765 1.06601 1.05505 1.0461 1.03984 1.03674 1.03542 1.0352 1.03586 1.03548 1.03552 1.03483 1.03346 1.03129 1.04799 1.08464 -9999 -9999 -9999 -9999
-9999 -9999 -9999 -9999 -9999 -9999 1.21695 1.22185 1.22294 1.24926 1.26098 1.26858 1.27736 1.28734 1.29487 1.30486 1.31516 1.33225 1.32406 1.30902 1.28828 1.27339 1.26652 1.25573 1.25423 1.26381 1.27231 1.26865 1.26707 1.27645 1.28767 1.30088 1.29424 1.28771 1.2808 1.27821 1.28113 1.27196 1.26244 1.26154 1.24803 1.23078 1.2221 1.21009 1.1963 1.1771 1.15999 1.14243 1.12049 1.1086 1.09186 1.07221 1.06229 1.0529 1.04526 1.0394 1.03653 1.03531 1.03515 1.03558 1.03557 1.03522 1.03415 1.03222 1.02947 1.02753 1.04736 1.05463 -9999 -9999 -9999
-9999 -9999 -9999 -9999 -9999 -9999 1.22872 1.23782 1.23585 1.26027 1.26383 1.26977 1.27799 1.28931 1.29615 1.31051 1.31443 1.33065 1.33447 1.32311 1.31963 1.29312 1.26838 1.25748 1.28413 1.28913 1.29147 1.28362 1.27939 1.27992 1.29849 1.3031 1.28731 1.27847 1.27243 1.2683 1.268 1.26879 1.25497 1.24848 1.23732 1.22841 1.21589 1.20809 1.19644 1.1697 1.15626 1.13985 1.11783 1.10786 1.08866 1.0698 1.06155 1.05386 1.04474 1.04004 1.03727 1.03556 1.03576 1.03592 1.03587 1.03486 1.0332 1.03079 1.02732 1.02325 1.02596 1.03146 1.03005 1.02098 -9999
-9999 -9999 -9999 -9999 -9999 -9999 -9999 1.25511 1.24602 1.26495 1.26942 1.2707 1.27742 1.28927 1.29685 1.30942 1.31937 1.33392 1.34946 1.3522 1.31897 1.28851 1.26913 1.25641 1.2777 1.2819 1.27596 1.26373 1.26518 1.26651 1.28042 1.28372 1.28973 1.28718 1.28014 1.2679 1.26067 1.25451 1.25236 1.24425 1.23308 1.22318 1.21045 1.19733 1.18267 1.16558 1.14443 1.13129 1.11338 1.09956 1.08689 1.0686 1.06276 1.05294 1.04527 1.04093 1.03619 1.03593 1.03585 1.03562 1.03491 1.03402 1.03175 1.02861 1.02474 1.02007 1.02055 1.0171 1.01822 1.02118 1.02614
-9999 -9999 -9999 -9999 -9999 -9999 -9999 1.26805 1.25811 1.27648 1.27148 1.2825 1.28192 1.28623 1.29264 1.30245 1.31524 1.32484 1.34274 1.36046 1.32751 1.2907 1.27063 1.26362 1.27303 1.2594 1.25872 1.2512 1.25695 1.25793 1.26096 1.26684 1.2744 1.28812 1.28475 1.26584 1.2563 1.24758 1.2416 1.23521 1.22761 1.21346 1.20533 1.20103 1.17932 1.157 1.14139 1.12617 1.1112 1.09755 1.08529 1.06677 1.05815 1.0535 1.04588 1.03741 1.03615 1.03555 1.03518 1.03457 1.03329 1.03113 1.02511 1.02556 1.02124 1.01631 1.01689 1.01236 1.00796 1.0048 1.01367
-9999 -9999 -9999 -9999 -9999 -9999 -9999 1.30109 1.27989 1.29817 1.29049 1.2812 1.28253 1.28483 1.29212 1.2972 1.3065 1.31437 1.32587 1.34295 1.3519 1.32592 1.2899 1.26449 1.25048 1.24489 1.24542 1.24601 1.24243 1.23864 1.24484 1.26078 1.27121 1.26148 1.26676 1.25228 1.25047 1.25075 1.2315 1.22709 1.22154 1.21931 1.207 1.19182 1.18642 1.16093 1.15081 1.13075 1.112 1.09686 1.08465 1.06636 1.05878 1.05224 1.03887 1.03646 1.0351 1.03424 1.0334 1.03224 1.03053 1.02786 1.02407 1.01545 1.00956 1.01163 1.01259 1.00809 1.00382 0.999647 0.997534
-9999 -9999 -9999 -9999 -9999 -9999 -9999 1.31793 1.32335 1.30633 1.29378 1.285 1.28571 1.28417 1.28729 1.29237 1.3005 1.30974 1.31923 1.33396 1.34378 1.32609 1.30057 1.28131 1.26094 1.24603 1.24091 1.2374 1.24507 1.24228 1.24221 1.24572 1.23821 1.24449 1.25433 1.2372 1.23472 1.23584 1.22439 1.22016 1.22648 1.22789 1.2188 1.18907 1.18052 1.15909 1.15496 1.13671 1.11227 1.10501 1.09226 1.06784 1.05892 1.04112 1.03714 1.03458 1.03285 1.03158 1.03021 1.02845 1.02624 1.02312 1.01909 1.01444 1.00334 0.997064 0.998243 1.00331 0.999212 0.995418 0.99232
-9999 -9999 -9999 -9999 -9999 -9999 -9999 1.33254 1.33451 1.31921 1.29885 1.28858 1.28611 1.28448 1.28638 1.29191 1.29616 1.30192 1.31036 1.31523 1.32422 1.3368 1.3081 1.29556 1.27343 1.27911 1.26647 1.26125 1.25931 1.25192 1.24391 1.22029 1.22775 1.2295 1.23376 1.22325 1.22179 1.21977 1.21679 1.22268 1.23117 1.23492 1.21629 1.20675 1.17571 1.16653 1.14565 1.12278 1.10615 1.10899 1.10179 1.06948 1.04612 1.03952 1.03475 1.03133 1.02929 1.02732 1.02551 1.02329 1.02047 1.017 1.01275 1.00789 1.00253 0.989705 0.991858 0.987137 0.967612 0.963811 0.973701
-9999 -9999 -9999 -9999 -9999 -9999 -9999 -9999 1.36381 1.33594 1.31597 1.30574 1.29971 1.29733 1.29857 1.30155 1.30449 1.30822 1.31458 1.32226 1.33439 1.34257 1.334 1.32284 1.30565 1.29562 1.27565 1.26533 1.26733 1.28415 1.24279 1.22709 1.22394 1.22219 1.22092 1.21417 1.21313 1.21291 1.21638 1.23411 1.23749 1.23839 1.22776 1.22146 1.18236 1.16457 1.14025 1.12206 1.10729 1.10481 1.07994 1.044 1.03301 1.02879 1.02236 1.02678 1.02406 1.02162 1.01928 1.01649 1.01321 1.0094 0.993686 0.987849 0.981585 0.966065 0.969522 0.965464 0.961811 0.959566 0.955695
-9999 -9999 -9999 -9999 -9999 -9999 -9999 -9999 1.36719 1.34488 1.3204 1.31419 1.30735 1.30118 1.30211 1.30621 1.30977 1.31308 1.31649 1.32592 1.33459 1.3423 1.34319 1.33843 1.32104 1.30796 1.28359 1.27466 1.27111 1.26036 1.26141 1.24124 1.22415 1.2196 1.21757 1.22981 1.22313 1.22753 1.23409 1.23146 1.22947 1.23171 1.21725 1.21427 1.19939 1.16057 1.14164 1.12594 1.10661 1.10354 1.08037 1.0434 1.03113 1.02566 1.01557 1.0101 1.00666 1.00376 1.00072 0.997309 0.993246 0.988685 0.983559 0.97799 0.972299 0.966926 0.952214 0.970052 0.966317 0.9603 0.955267
-9999 -9999 -9999 -9999 -9999 -9999 -9999 -9999 1.36896 1.35449 1.33296 1.31721 1.31807 1.31062 1.30702 1.31135 1.31577 1.31992 1.32127 1.33147 1.34231 1.3503 1.35959 1.3547 1.34284 1.30954 1.29197 1.28451 1.28188 1.26017 1.24982 1.23404 1.22373 1.2178 1.21508 1.21444 1.21219 1.21368 1.21102 1.21334 1.21945 1.21641 1.20374 1.20749 1.19526 1.17813 1.1422 1.12091 1.10482 1.10465 1.05353 1.03548 1.02351 1.01334 1.00649 1.00164 0.996824 0.993424 0.989867 0.986068 0.981927 0.977304 0.972456 0.967243 0.962862 0.959033 0.964023 0.964203 0.960112 0.952741 0.946691
-9999 -9999 -9999 -9999 -9999 -9999 -9999 -9999 1.37154 1.35874 1.3404 1.32986 1.32949 1.32104 1.3132 1.31472 1.31921 1.32025 1.32406 1.33236 1.34116 1.35043 1.35331 1.36288 1.34665 1.3166 1.30079 1.29046 1.26576 1.26328 1.24987 1.23693 1.22872 1.21645 1.21172 1.20932 1.21461 1.21429 1.20631 1.20184 1.19812 1.19887 1.18993 1.18557 1.177 1.16767 1.13241 1.11595 1.10411 1.07248 1.03753 1.02396 1.01322 1.00383 0.997621 0.991597 0.985662 0.981568 0.977603 0.973576 0.969267 0.964831 0.960495 0.955882 0.953142 0.95227 0.955217 0.963748 0.951979 0.940371 0.941526
-9999 -9999 -9999 -9999 -9999 -9999 -9999 -9999 1.38095 1.36707 1.35186 1.34676 1.34748 1.33103 1.32102 1.32147 1.32354 1.32549 1.33573 1.33361 1.33387 1.34166 1.35361 1.36653 1.36097 1.33194 1.31097 1.30068 1.27911 1.27681 1.26658 1.24935 1.23361 1.21774 1.20964 1.20715 1.21745 1.22845 1.2142 1.1988 1.19108 1.18495 1.18402 1.1765 1.16799 1.16265 1.15311 1.11602 1.10186 1.04332 1.02983 1.01524 1.0026 0.997453 0.99032 0.980395 0.972949 0.96837 0.964023 0.959676 0.955416 0.951141 0.947582 0.944 0.941108 0.947521 0.949925 0.969184 0.941553 0.93326 0.916921
-9999 -9999 -9999 -9999 -9999 -9999 -9999 -9999 1.39382 1.38486 1.37058 1.36623 1.35709 1.34172 1.33439 1.33083 1.33079 1.33171 1.33545 1.33663 1.34014 1.34786 1.35895 1.37116 1.37723 1.36694 1.32582 1.2817 1.29048 1.28915 1.27396 1.25538 1.23156 1.21538 1.20789 1.20266 1.19973 1.20562 1.21368 1.20621 1.19066 1.18812 1.18581 1.17147 1.16116 1.15564 1.14802 1.10575 1.07211 1.03782 1.02481 1.00876 0.990426 0.981352 0.974793 0.964589 0.958914 0.953832 0.949037 0.944626 0.940378 0.936282 0.932898 0.930536 0.933734 0.936068 0.941013 0.93834 0.925178 0.926134 0.902446
-9999 -9999 -9999 -9999 -9999 -9999 -9999 -9999 1.41141 1.40042 1.38751 1.37509 1.3629 1.3521 1.35222 1.34602 1.34576 1.34135 1.34071 1.34304 1.34506 1.35068 1.36528 1.37636 1.38841 1.37829 1.33775 1.29635 1.29607 1.30313 1.27926 1.25413 1.23099 1.21543 1.21541 1.20183 1.19568 1.19338 1.195 1.20105 1.19242 1.1937 1.18432 1.16841 1.15537 1.1443 1.13518 1.12069 1.06056 1.02794 1.01597 0.999674 0.982696 0.966754 0.957839 0.949577 0.943412 0.937929 0.932891 0.928382 0.924372 0.92083 0.917923 0.920433 0.924188 0.925208 0.927979 0.925384 0.926058 0.912188 0.889702
-9999 -9999 -9999 -9999 -9999 -9999 -9999 -9999 -9999 1.41125 1.3982 1.38901 1.38835 1.37922 1.37444 1.37022 1.3688 1.35427 1.35147 1.35154 1.35248 1.35597 1.36522 1.36957 1.38006 1.38555 1.32549 1.31558 1.30179 1.29398 1.2782 1.25308 1.22766 1.21822 1.22209 1.21332 1.20386 1.19135 1.18641 1.19717 1.19808 1.19665 1.18087 1.16397 1.15078 1.138 1.12606 1.08652 1.03115 1.01085 0.993103 0.980526 0.964989 0.95168 0.942041 0.933598 0.926752 0.92075 0.915604 0.911336 0.907551 0.90498 0.903898 0.907759 0.921376 0.917758 0.916683 0.918911 0.912841 0.883449 0.877489
-9999 -9999 -9999 -9999 -9999 -9999 -9999 -9999 -9999 1.42698 1.41184 1.41162 1.41514 1.42405 1.42253 1.3989 1.39352 1.37923 1.36459 1.36194 1.362 1.36408 1.36656 1.3731 1.3846 1.39193 1.36009 1.32027 1.29106 1.27787 1.2634 1.24411 1.23368 1.23704 1.24003 1.22656 1.21553 1.19425 1.18392 1.17832 1.18075 1.18405 1.18029 1.16085 1.14742 1.13371 1.11965 1.08318 1.04923 0.996922 0.978883 0.963 0.949496 0.935571 0.925111 0.91632 0.908664 0.902406 0.897274 0.8934 0.89037 0.889941 0.8905 0.899476 0.906709 0.910408 0.915569 0.896412 0.898167 0.886356 0.864714
