Test_Spring_2018b/01_18/Prec/20180121_013.txt
ncols	170
nrows	115
xllcorner	350000.000000
yllcorner	4445000.000000
cellsize	1000.000000
nodata_value	-9999.000000
[rows 31 to 61 of 115, columns 70 to 139 of 170]
0.313456 0.317379 0.318671 0.315413 0.315799 0.331409 0.334513 0.335572 0.33666 0.33766 0.335828 0.336316 0.335111 0.331655 0.330903 0.323288 0.295946 0.304784 0.308637 0.301106 0.306399 0.314685 0.309213 0.291224 0.284518 0.27308 0.280672 0.286065 0.277805 -9999 -9999 -9999 -9999 -9999 -9999 -9999 -9999 -9999 -9999 -9999 -9999 -9999 -9999 -9999 -9999 -9999 -9999 -9999 -9999 -9999 -9999 -9999 -9999 -9999 -9999 -9999 -9999 -9999 -9999 -9999 -9999 -9999 -9999 -9999 -9999 -9999 -9999 -9999 -9999 -9999
0.31015 0.311606 0.310995 0.307751 0.312311 0.316668 0.323134 0.326038 0.330913 0.332284 0.331255 0.326962 0.326167 0.325216 0.325 0.318792 0.299484 0.28211 0.292724 0.29383 0.288036 0.301262 0.296175 0.281039 0.259305 0.274234 0.273288 0.267506 0.26257 -9999 -9999 -9999 -9999 -9999 -9999 -9999 -9999 -9999 -9999 -9999 -9999 -9999 -9999 -9999 -9999 -9999 -9999 -9999 -9999 -9999 -9999 -9999 -9999 -9999 -9999 -9999 -9999 -9999 -9999 -9999 -9999 -9999 -9999 -9999 -9999 -9999 -9999 -9999 -9999 -9999
0.299926 0.304436 0.302416 0.300816 0.307517 0.307297 0.315545 0.322892 0.324622 0.326543 0.326635 0.325169 0.323987 0.322625 0.317757 0.310348 0.293877 0.273994 0.270229 0.28144 0.283131 0.286158 0.281942 0.276476 0.267126 0.278868 0.285083 0.278302 0.270404 0.266668 -9999 -9999 -9999 -9999 -9999 -9999 -9999 -9999 -9999 -9999 -9999 -9999 -9999 -9999 -9999 -9999 -9999 -9999 -9999 -9999 -9999 -9999 -9999 -9999 -9999 -9999 -9999 -9999 -9999 -9999 -9999 -9999 -9999 -9999 -9999 -9999 -9999 -9999 -9999 -9999
0.28741 0.295608 0.292785 0.285765 0.289655 0.292568 0.31108 0.309316 0.310981 0.319943 0.320199 0.320458 0.317552 0.315332 0.311284 0.303993 0.293424 0.280675 0.258002 0.273827 0.286706 0.288099 0.289414 0.286479 0.277906 0.289772 0.29303 0.281412 0.27745 0.270338 0.268575 -9999 -9999 -9999 -9999 -9999 -9999 -9999 -9999 -9999 -9999 -9999 -9999 -9999 -9999 -9999 -9999 -9999 -9999 -9999 -9999 -9999 -9999 -9999 -9999 -9999 -9999 -9999 -9999 -9999 -9999 -9999 -9999 -9999 -9999 -9999 -9999 -9999 -9999 -9999
-9999 0.284984 0.282295 0.273807 0.277687 0.282964 0.295681 0.304261 0.307622 0.31053 0.313391 0.313377 0.31003 0.299677 0.298469 0.298432 0.291632 0.276932 0.262515 0.25987 0.279 0.285986 0.287265 0.293738 0.287232 0.294661 0.296014 0.292245 0.283821 0.279087 0.275566 0.266117 -9999 -9999 -9999 -9999 -9999 -9999 -9999 -9999 -9999 -9999 -9999 -9999 -9999 -9999 -9999 -9999 -9999 -9999 -9999 -9999 -9999 -9999 -9999 -9999 -9999 -9999 -9999 -9999 -9999 -9999 -9999 -9999 -9999 -9999 -9999 -9999 -9999 -9999
-9999 -9999 -9999 -9999 0.263263 0.275668 0.277045 0.293663 0.300062 0.303542 0.306784 0.306431 0.299113 0.295481 0.295152 0.290466 0.282348 0.277731 0.269088 0.260439 0.266244 0.283445 0.279512 0.293062 0.295438 0.300838 0.29737 0.287728 0.27511 0.274097 0.271428 0.264331 -9999 -9999 -9999 -9999 -9999 -9999 -9999 -9999 -9999 -9999 -9999 -9999 -9999 -9999 -9999 -9999 -9999 -9999 -9999 -9999 -9999 -9999 -9999 -9999 -9999 -9999 -9999 -9999 -9999 -9999 -9999 -9999 -9999 -9999 -9999 -9999 -9999 -9999
-9999 -9999 -9999 -9999 -9999 0.269376 0.269229 0.279364 0.292666 0.294677 0.299539 0.299056 0.295776 0.293191 0.289817 0.285778 0.279565 0.273122 0.265076 0.265879 0.277576 0.280367 0.281495 0.286551 0.295226 0.297921 0.289881 0.276405 0.270227 0.261566 0.255753 0.259086 0.254965 -9999 -9999 -9999 -9999 -9999 -9999 -9999 -9999 -9999 -9999 -9999 -9999 0.270703 -9999 -9999 -9999 -9999 -9999 -9999 -9999 -9999 -9999 -9999 -9999 -9999 -9999 -9999 -9999 -9999 -9999 -9999 -9999 -9999 0.17516 -9999 -9999 -9999
-9999 -9999 -9999 -9999 0.258488 0.265175 0.270164 0.276335 0.285116 0.287574 0.292835 0.291997 0.28905 0.285884 0.28017 0.278454 0.274745 0.267559 0.26711 0.27201 0.275885 0.280564 0.285157 0.28838 0.29077 0.292799 0.290595 0.286374 0.28483 0.272262 0.272129 0.26598 0.25474 0.245941 -9999 -9999 -9999 -9999 -9999 -9999 -9999 0.269295 0.267133 0.265413 0.26612 0.27176 0.264117 -9999 -9999 -9999 -9999 -9999 -9999 -9999 -9999 -9999 -9999 -9999 -9999 -9999 -9999 -9999 -9999 -9999 -9999 -9999 0.179422 0.167077 -9999 -9999
-9999 -9999 -9999 -9999 0.255735 0.262752 0.266085 0.271957 0.274791 0.283551 0.284497 0.285095 0.283245 0.279347 0.274395 0.273516 0.268105 0.265704 0.264855 0.270977 0.274522 0.276289 0.278276 0.281035 0.280759 0.285418 0.289172 0.28882 0.284676 0.279907 0.277683 0.262526 0.24714 0.234654 -9999 -9999 -9999 -9999 -9999 -9999 0.270503 0.275863 0.278171 0.267415 0.27241 0.276451 0.272337 0.258791 -9999 -9999 -9999 -9999 -9999 -9999 -9999 -9999 -9999 -9999 -9999 -9999 -9999 -9999 0.231787 0.219642 0.1964 0.183876 0.175777 0.16463 -9999 -9999
-9999 -9999 -9999 -9999 0.250087 0.258393 0.263743 0.268052 0.267886 0.269848 0.278869 0.278059 0.275887 0.273383 0.270914 0.265158 0.262565 0.256017 0.263443 0.265225 0.266596 0.264081 0.26596 0.260262 0.261169 0.266273 0.281573 0.280702 0.272138 0.259609 0.248353 0.252087 0.248027 0.23739 -9999 -9999 -9999 -9999 -9999 -9999 0.271648 0.277348 0.281495 0.280107 0.268875 0.277941 0.270857 0.260336 0.25478 0.256086 0.254558 0.253489 0.253345 0.250675 0.243378 0.242669 -9999 -9999 -9999 -9999 0.231577 0.230679 0.229932 0.224455 0.199476 0.182092 0.166262 0.157565 -9999 -9999
-9999 -9999 -9999 -9999 0.251585 0.256912 0.259343 0.259169 0.262357 0.263349 0.271856 0.272787 0.269764 0.266974 0.264429 0.261058 0.25645 0.256935 0.257593 0.257626 0.248645 0.238638 0.249879 0.246644 0.234881 0.256731 0.271688 0.270732 0.259941 0.245941 0.249893 0.255755 0.249371 0.240024 -9999 -9999 -9999 0.25449 0.264424 0.2644 0.266136 0.274128 0.279436 0.282121 0.283035 0.279029 0.268918 0.258197 0.246652 0.244621 0.252792 0.251199 0.252049 0.249124 0.24176 0.238235 0.238109 0.236837 0.234688 0.231896 0.230204 0.229371 0.22813 0.223218 0.201662 0.188699 0.18005 0.153732 -9999 -9999
-9999 -9999 -9999 -9999 0.24669 0.251448 0.254819 0.259924 0.259226 0.260939 0.259204 0.26623 0.263378 0.256395 0.256539 0.253768 0.251689 0.250067 0.249133 0.241052 0.23037 0.22082 0.219902 0.228496 0.224888 0.23829 0.253857 0.25874 0.257653 0.246281 0.249575 0.254832 0.242896 0.229829 -9999 -9999 0.234789 0.254803 0.26834 0.274558 0.27531 0.273611 0.280606 0.278647 0.285598 0.279271 0.259902 0.257027 0.246006 0.244363 0.242495 0.238874 0.244598 0.244979 0.241522 0.237307 0.23579 0.23313 0.230761 0.228829 0.226019 0.225825 0.225379 0.222366 0.206425 0.198411 0.184497 0.151835 -9999 -9999
-9999 -9999 -9999 -9999 0.247389 0.252806 0.25799 0.258047 0.26037 0.256142 0.250812 0.253118 0.25707 0.250601 0.245169 0.245804 0.243661 0.242545 0.242557 0.235187 0.227758 0.215916 0.211602 0.211553 0.214955 0.220566 0.232825 0.23939 0.245135 0.254056 0.256819 0.256753 0.251422 0.237123 0.229659 -9999 0.236846 0.245898 0.262037 0.275094 0.282447 0.27706 0.285073 0.284062 0.286414 0.278952 0.264548 0.25451 0.249259 0.243097 0.245016 0.243002 0.244641 0.24137 0.238511 0.234779 0.231658 0.228795 0.226503 0.224904 0.223725 0.223032 0.22244 0.221368 0.214153 0.202163 0.185179 0.151172 -9999 -9999
-9999 -9999 -9999 0.225239 0.244099 0.252866 0.25595 0.257328 0.257585 0.256483 0.253419 0.249794 0.247026 0.246737 0.235675 0.232899 0.231884 0.234966 0.235367 0.236842 0.234703 0.219569 0.218273 0.21875 0.214056 0.217881 0.229533 0.249171 0.256876 0.257215 0.256045 0.254594 0.25382 0.246453 0.228045 0.231651 0.242092 0.249284 0.25999 0.276077 0.286403 0.289472 0.288695 0.289493 0.287939 0.276919 0.265679 0.258602 0.249643 0.243657 0.238122 0.23685 0.237757 0.237879 0.235043 0.231171 0.227804 0.224916 0.222727 0.221296 0.220403 0.219842 0.219825 0.219954 0.216266 0.20589 0.177446 0.154574 -9999 -9999
-9999 -9999 -9999 -9999 0.239312 0.243694 0.24462 0.245314 0.246759 0.247815 0.248384 0.24513 0.243808 0.238563 0.231081 0.220361 0.223845 0.225144 0.228237 0.230697 0.234047 0.223872 0.222384 0.2239 0.220368 0.2352 0.24913 0.258734 0.264905 0.257503 0.24946 0.241603 0.230125 0.233592 0.228773 0.235546 0.242806 0.259158 0.269898 0.273119 0.274415 0.289505 0.290921 0.287461 0.287656 0.27676 0.268364 0.258266 0.25399 0.247788 0.241939 0.223213 0.233123 0.227714 0.230389 0.228044 0.224696 0.221706 0.219576 0.218059 0.217283 0.217013 0.217282 0.215163 0.21322 0.206071 0.173222 0.153495 -9999 -9999
-9999 -9999 -9999 -9999 -9999 -9999 0.239511 0.241229 0.240987 0.241052 0.245171 0.243443 0.240517 0.236046 0.229056 0.219257 0.214613 0.2146 0.208365 0.217297 0.229196 0.235385 0.242329 0.23616 0.238906 0.256445 0.264168 0.262512 0.262853 0.26272 0.252478 0.249508 0.235937 0.226054 0.228959 0.247243 0.26212 0.278675 0.285167 0.279484 0.281777 0.287034 0.293358 0.294014 0.288259 0.276737 0.268763 0.255864 0.25697 0.251519 0.242134 0.23321 0.230954 0.228742 0.22444 0.225781 0.222959 0.21934 0.217056 0.215605 0.214863 0.214728 0.212787 0.212348 0.211845 0.211016 0.177296 0.148145 -9999 -9999
-9999 -9999 -9999 -9999 -9999 -9999 0.231801 0.232433 0.234704 0.242739 0.243405 0.241425 0.236645 0.232968 0.226629 0.216813 0.208022 0.200765 0.193764 0.200723 0.216854 0.230115 0.238925 0.234835 0.252553 0.260241 0.265422 0.260543 0.259164 0.262368 0.253154 0.248727 0.241847 0.228952 0.240143 0.250932 0.262945 0.281259 0.292588 0.295838 0.289147 0.291545 0.299189 0.294885 0.283781 0.278965 0.267915 0.252199 0.256275 0.252926 0.244359 0.238733 0.234259 0.229341 0.226196 0.223612 0.220968 0.217734 0.215196 0.213714 0.21306 0.212101 0.211569 0.211224 0.210724 0.210018 0.187993 0.146509 -9999 -9999
-9999 -9999 -9999 -9999 -9999 -9999 -9999 0.224047 0.231812 0.24345 0.241963 0.237314 0.235641 0.231147 0.223792 0.21752 0.207261 0.195613 0.17625 0.183905 0.199093 0.220799 0.236829 0.244971 0.251313 0.253878 0.245484 0.239211 0.246925 0.253372 0.248996 0.248095 0.239892 0.25304 0.265799 0.27822 0.284779 0.283676 0.293293 0.300061 0.293896 0.297487 0.30159 0.293472 0.286382 0.279244 0.267522 0.261235 0.25553 0.25505 0.244762 0.240982 0.237387 0.230797 0.226229 0.222557 0.219811 0.21664 0.21421 0.212787 0.211733 0.211217 0.210693 0.210208 0.209671 0.208941 0.20625 0.182328 0.168555 -9999
-9999 -9999 -9999 -9999 -9999 -9999 -9999 0.21443 0.217305 0.231711 0.232028 0.235507 0.235024 0.230606 0.221388 0.215552 0.201297 0.196331 0.178279 0.172894 0.184468 0.188066 0.21687 0.244438 0.250962 0.22355 0.220095 0.22034 0.232368 0.241386 0.246135 0.237068 0.237642 0.260146 0.274965 0.286111 0.29402 0.295535 0.294576 0.306059 0.305439 0.306457 0.301585 0.297508 0.285871 0.276402 0.272744 0.262585 0.25576 0.255542 0.243459 0.242642 0.238501 0.230577 0.224676 0.223039 0.219433 0.216423 0.213697 0.212243 0.211243 0.210364 0.209975 0.209446 0.208711 0.20805 0.20702 0.201094 0.188927 0.183597
-9999 -9999 -9999 -9999 -9999 -9999 -9999 -9999 0.201019 0.222329 0.22847 0.230305 0.234172 0.230831 0.224924 0.216606 0.202582 0.191295 0.175245 0.15852 0.154053 0.189837 0.2232 0.245303 0.253633 0.232043 0.229406 0.238348 0.254761 0.257292 0.260656 0.256153 0.257499 0.256032 0.263495 0.277941 0.288702 0.298571 0.304743 0.303573 0.305368 0.305263 0.301629 0.298052 0.292438 0.286594 0.272961 0.271606 0.261871 0.257876 0.250573 0.243472 0.23927 0.229466 0.226469 0.223821 0.220235 0.21579 0.213722 0.212324 0.211321 0.210529 0.209315 0.208697 0.208008 0.2071 0.206155 0.202422 0.199633 0.191597
-9999 -9999 -9999 -9999 -9999 -9999 -9999 -9999 0.189278 0.210661 0.217574 0.22883 0.231392 0.23306 0.228793 0.221727 0.210744 0.196602 0.186103 0.167138 0.148889 0.18411 0.222686 0.245719 0.255278 0.23873 0.25505 0.258089 0.26906 0.266439 0.26951 0.276172 0.273958 0.270021 0.264083 0.260829 0.284334 0.296044 0.304488 0.307142 0.307045 0.304963 0.30152 0.295868 0.281482 0.283935 0.27657 0.270258 0.263725 0.257578 0.25108 0.244528 0.241253 0.235258 0.227461 0.223248 0.218684 0.216179 0.214234 0.212718 0.211554 0.210705 0.209998 0.208279 0.207323 0.206298 0.205168 0.201336 0.199603 0.197568
-9999 -9999 -9999 -9999 -9999 -9999 -9999 -9999 0.156217 0.188746 0.210854 0.22241 0.234215 0.233832 0.23167 0.22371 0.217937 0.207733 0.199336 0.187482 0.170145 0.162012 0.190069 0.230823 0.256832 0.264718 0.27223 0.273625 0.275417 0.282141 0.289556 0.292293 0.286398 0.277247 0.27517 0.272866 0.290662 0.293289 0.291515 0.308014 0.305723 0.301641 0.29108 0.280678 0.277612 0.2687 0.265647 0.254707 0.254583 0.253703 0.250004 0.244561 0.241782 0.232624 0.227834 0.222612 0.219519 0.216913 0.21485 0.213276 0.212035 0.210915 0.210034 0.209391 0.206758 0.205584 0.20421 0.200186 0.198435 0.196449
-9999 -9999 -9999 -9999 -9999 -9999 -9999 -9999 0.157073 0.182678 0.205202 0.221385 0.232611 0.232802 0.234769 0.231373 0.225771 0.217022 0.207384 0.197872 0.183209 0.174221 0.195029 0.222696 0.245754 0.259572 0.272853 0.279856 0.285475 0.289782 0.294687 0.303337 0.300826 0.290573 0.286462 0.278087 0.297626 0.300046 0.29667 0.304414 0.301834 0.28527 0.271316 0.266152 0.270087 0.259371 0.251639 0.244006 0.243339 0.249889 0.236896 0.232814 0.23676 0.232903 0.226664 0.223301 0.220253 0.217709 0.215562 0.213919 0.212597 0.211283 0.210208 0.209219 0.20804 0.204732 0.203272 0.198822 0.196989 0.195077
-9999 -9999 -9999 -9999 -9999 -9999 -9999 -9999 0.153974 0.175209 0.195529 0.219632 0.232328 0.235892 0.23802 0.236067 0.230154 0.225739 0.219977 0.211717 0.207637 0.199506 0.187827 0.220497 0.234175 0.248825 0.255327 0.270161 0.276972 0.280194 0.291743 0.300752 0.30248 0.29589 0.295331 0.29167 0.302962 0.30331 0.302556 0.300787 0.287243 0.268552 0.25258 0.258389 0.252588 0.254515 0.234971 0.236468 0.240266 0.238227 0.229639 0.220805 0.233732 0.228304 0.225843 0.223324 0.220947 0.218294 0.216314 0.214458 0.212917 0.211566 0.210251 0.209017 0.207706 0.206318 0.202231 0.197553 0.195533 0.190165
-9999 -9999 -9999 -9999 -9999 -9999 -9999 -9999 -9999 0.160194 0.192358 0.215858 0.228006 0.234957 0.23756 0.236137 0.232936 0.230058 0.226759 0.221102 0.214475 0.203454 0.196897 0.208363 0.221136 0.228754 0.240318 0.262363 0.27394 0.272252 0.263434 0.278228 0.294855 0.298135 0.299828 0.300625 0.303176 0.302067 0.298625 0.289474 0.263098 0.252888 0.240223 0.237886 0.229129 0.237743 0.22755 0.234161 0.234441 0.231771 0.217107 0.219463 0.223068 0.223879 0.21949 0.219227 0.22124 0.218812 0.216709 0.214744 0.213143 0.211666 0.210214 0.206361 0.204709 0.203024 0.197962 0.193029 0.190094 0.187548
-9999 -9999 -9999 -9999 -9999 -9999 -9999 -9999 -9999 0.162369 0.189351 0.217691 0.225673 0.233701 0.240616 0.239762 0.235549 0.232106 0.229234 0.226592 0.217826 0.210113 0.203549 0.204319 0.211037 0.216081 0.230264 0.256327 0.265711 0.269227 0.257815 0.255203 0.275441 0.292438 0.295897 0.296315 0.280826 0.284641 0.275369 0.262277 0.257324 0.249865 0.236051 0.238359 0.226791 0.226639 0.22189 0.224082 0.222997 0.226381 0.213367 0.214118 0.21731 0.219503 0.216181 0.219333 0.218766 0.216849 0.214759 0.212845 0.211015 0.209363 0.207608 0.205827 0.203993 0.201937 0.199418 0.191861 0.174571 0.172577
-9999 -9999 -9999 -9999 -9999 -9999 -9999 -9999 -9999 0.168228 0.186771 0.212038 0.230402 0.230424 0.238949 0.243149 0.238832 0.23451 0.230652 0.229994 0.22004 0.209518 0.202077 0.193195 0.199335 0.212746 0.232248 0.250304 0.257375 0.259157 0.256365 0.264875 0.279288 0.287862 0.291629 0.291637 0.288859 0.286999 0.280075 0.276299 0.265738 0.249569 0.241594 0.242399 0.224248 0.222003 0.224098 0.214494 0.220435 0.22129 0.205946 0.211327 0.217928 0.219652 0.22098 0.220121 0.218203 0.217016 0.214732 0.212712 0.210779 0.208856 0.207 0.204936 0.202893 0.199733 0.195934 0.18285 0.168873 0.167701
-9999 -9999 -9999 -9999 -9999 -9999 -9999 -9999 -9999 0.17425 0.191044 0.213043 0.226052 0.227639 0.237479 0.246403 0.245197 0.240782 0.24009 0.236481 0.228122 0.219212 0.20974 0.206974 0.196863 0.214135 0.228943 0.24434 0.253694 0.252895 0.251841 0.262578 0.272872 0.278094 0.287541 0.288627 0.286734 0.275922 0.270204 0.271584 0.267956 0.262182 0.250246 0.247326 0.238265 0.232651 0.226996 0.215694 0.217226 0.214168 0.207167 0.219231 0.220957 0.22106 0.221073 0.218898 0.217528 0.216802 0.214571 0.2124 0.210273 0.208267 0.206132 0.203616 0.20117 0.196596 0.190028 0.179527 0.156088 0.163537
-9999 -9999 -9999 -9999 -9999 -9999 -9999 -9999 -9999 0.173924 0.192004 0.210878 0.218335 0.219051 0.237694 0.249122 0.249115 0.247212 0.245323 0.234467 0.236718 0.236297 0.227658 0.214358 0.199803 0.204787 0.218718 0.237437 0.245926 0.238937 0.236695 0.242996 0.256854 0.269097 0.281378 0.285091 0.282388 0.265402 0.246901 0.254454 0.262172 0.260493 0.255884 0.244514 0.23907 0.233671 0.224076 0.208156 0.208138 0.207886 0.216933 0.217118 0.219629 0.22129 0.216148 0.214257 0.216316 0.216486 0.21413 0.211852 0.209717 0.207492 0.2052 0.20203 0.198786 0.19476 0.180817 0.171294 0.154791 0.160537
-9999 -9999 -9999 -9999 -9999 -9999 -9999 -9999 -9999 0.170761 0.183824 0.202007 0.20901 0.220601 0.238362 0.247099 0.251429 0.251671 0.250595 0.246226 0.244353 0.239711 0.230309 0.217022 0.202274 0.193846 0.202702 0.226064 0.233302 0.227636 0.223349 0.23398 0.248297 0.268233 0.279908 0.282098 0.281513 0.277961 0.264309 0.24752 0.246374 0.252829 0.24426 0.234312 0.236173 0.23274 0.223381 0.215671 0.209728 0.202993 0.211821 0.211097 0.21464 0.221721 0.220032 0.216735 0.218311 0.215872 0.213456 0.211218 0.208895 0.206592 0.204226 0.201136 0.196964 0.186861 0.177725 0.165886 0.162344 0.162732
-9999 -9999 -9999 -9999 -9999 -9999 -9999 -9999 -9999 0.163305 0.1789 0.196038 0.2121 0.22735 0.240539 0.241496 0.24868 0.249 0.253292 0.253097 0.249293 0.24542 0.23733 0.219278 0.204697 0.188811 0.19643 0.219228 0.229591 0.223052 0.208786 0.227734 0.248145 0.266481 0.276678 0.270107 0.277757 0.277038 0.271605 0.26126 0.245297 0.244057 0.231162 0.228578 0.231912 0.231193 0.227507 0.221063 0.210838 0.20477 0.210793 0.20827 0.211281 0.216047 0.220799 0.219128 0.217799 0.215172 0.212632 0.210291 0.207917 0.205407 0.202676 0.199446 0.190529 0.180331 0.173085 0.163985 0.16066 0.167177
