Test_Spring_2018b/01_18/Prec/20180102_020.txt
ncols	170
nrows	115
xllcorner	350000.000000
yllcorner	4445000.000000
cellsize	1000.000000
nodata_value	-9999.000000
[rows 32 to 63 of 115, columns 72 to 143 of 170]
0.135447 0.134658 0.135533 0.136332 0.135689 0.134979 0.132677 0.132764 0.13233 0.131195 0.130832 0.130451 0.130249 0.128766 0.124457 0.12058 0.122781 0.122913 0.121528 0.12424 0.122934 0.119394 0.114362 0.117228 0.11659 0.117344 0.124293 -9999 -9999 -9999 -9999 -9999 -9999 -9999 -9999 -9999 -9999 -9999 -9999 -9999 -9999 -9999 -9999 -9999 -9999 -9999 -9999 -9999 -9999 -9999 -9999 -9999 -9999 -9999 -9999 -9999 -9999 -9999 -9999 -9999 -9999 -9999 -9999 -9999 -9999 -9999 -9999 -9999 -9999 -9999 -9999 -9999
0.134614 0.1342 0.135568 0.135415 0.135002 0.135467 0.132627 0.132902 0.132785 0.132338 0.131961 0.131555 0.130394 0.128686 0.12501 0.120586 0.119645 0.121932 0.122119 0.122556 0.121373 0.119866 0.117462 0.119585 0.120462 0.122181 0.127453 0.126829 -9999 -9999 -9999 -9999 -9999 -9999 -9999 -9999 -9999 -9999 -9999 -9999 -9999 -9999 -9999 -9999 -9999 -9999 -9999 -9999 -9999 -9999 -9999 -9999 -9999 -9999 -9999 -9999 -9999 -9999 -9999 -9999 -9999 -9999 -9999 -9999 -9999 -9999 -9999 -9999 -9999 -9999 -9999 -9999
0.133544 0.131973 0.132759 0.133325 0.134105 0.130742 0.131016 0.132885 0.132877 0.132879 0.132202 0.131677 0.130751 0.12911 0.126738 0.123866 0.118805 0.122058 0.124622 0.124641 0.124588 0.123557 0.121251 0.123336 0.123515 0.131801 0.130377 0.129023 0.128871 -9999 -9999 -9999 -9999 -9999 -9999 -9999 -9999 -9999 -9999 -9999 -9999 -9999 -9999 -9999 -9999 -9999 -9999 -9999 -9999 -9999 -9999 -9999 -9999 -9999 -9999 -9999 -9999 -9999 -9999 -9999 -9999 -9999 -9999 -9999 -9999 -9999 -9999 -9999 -9999 -9999 -9999 -9999
0.13227 0.130399 0.13121 0.132324 0.133749 0.130864 0.131658 0.132278 0.132907 0.132928 0.132233 0.130016 0.12977 0.129752 0.128229 0.124943 0.121662 0.120872 0.124742 0.125908 0.12577 0.126699 0.124759 0.125801 0.125494 0.132521 0.133771 0.132143 0.13158 0.129802 -9999 -9999 -9999 -9999 -9999 -9999 -9999 -9999 -9999 -9999 -9999 -9999 -9999 -9999 -9999 -9999 -9999 -9999 -9999 -9999 -9999 -9999 -9999 -9999 -9999 -9999 -9999 -9999 -9999 -9999 -9999 -9999 -9999 -9999 -9999 -9999 -9999 -9999 -9999 -9999 -9999 -9999
-9999 -9999 0.129095 0.130492 0.128046 0.129831 0.131392 0.132201 0.132988 0.133017 0.131544 0.130866 0.130882 0.129913 0.128142 0.127061 0.125025 0.1229 0.123824 0.127136 0.125782 0.128154 0.128045 0.12855 0.127106 0.132832 0.13294 0.132086 0.131641 0.130311 -9999 -9999 -9999 -9999 -9999 -9999 -9999 -9999 -9999 -9999 -9999 -9999 -9999 -9999 -9999 -9999 -9999 -9999 -9999 -9999 -9999 -9999 -9999 -9999 -9999 -9999 -9999 -9999 -9999 -9999 -9999 -9999 -9999 -9999 -9999 -9999 -9999 -9999 -9999 -9999 -9999 -9999
-9999 -9999 -9999 0.130098 0.127527 0.129848 0.131149 0.131705 0.132923 0.133012 0.132507 0.132145 0.131581 0.130819 0.129508 0.128052 0.126142 0.126038 0.128186 0.128293 0.127944 0.128367 0.129513 0.129319 0.134614 0.131539 0.129953 0.130189 0.128955 0.129783 0.129093 -9999 -9999 -9999 -9999 -9999 -9999 -9999 -9999 -9999 -9999 -9999 -9999 0.159408 -9999 -9999 -9999 -9999 -9999 -9999 -9999 -9999 -9999 -9999 -9999 -9999 -9999 -9999 -9999 -9999 -9999 -9999 -9999 -9999 0.221043 -9999 -9999 -9999 -9999 -9999 -9999 -9999
-9999 -9999 0.129962 0.127695 0.128871 0.130361 0.130613 0.131566 0.132954 0.133059 0.132726 0.132337 0.131356 0.131174 0.130462 0.128875 0.128614 0.12937 0.129762 0.130197 0.130497 0.130404 0.130059 0.129589 0.136033 0.13473 0.134034 0.133753 0.132986 0.131606 0.129216 0.12748 -9999 -9999 -9999 -9999 -9999 -9999 -9999 0.143581 0.146384 0.149807 0.154277 0.160316 0.163931 -9999 -9999 -9999 -9999 -9999 -9999 -9999 -9999 -9999 -9999 -9999 -9999 -9999 -9999 -9999 -9999 -9999 -9999 -9999 0.226254 0.22411 -9999 -9999 -9999 -9999 -9999 -9999
-9999 -9999 0.126693 0.128251 0.129076 0.130528 0.131398 0.132051 0.132591 0.133109 0.133122 0.132682 0.131969 0.132055 0.131038 0.130526 0.130183 0.131177 0.131438 0.131152 0.130775 0.130452 0.129387 0.129341 0.136753 0.136155 0.134752 0.133246 0.134437 0.130909 0.127418 0.124675 -9999 -9999 -9999 -9999 -9999 -9999 0.139921 0.143961 0.147933 0.149678 0.155447 0.161593 0.166506 0.178108 -9999 -9999 -9999 -9999 -9999 -9999 -9999 -9999 -9999 -9999 -9999 -9999 -9999 -9999 0.241587 0.239118 0.234091 0.23137 0.229706 0.227568 -9999 -9999 -9999 -9999 -9999 -9999
-9999 -9999 0.126505 0.12833 0.129598 0.130735 0.130996 0.132188 0.132762 0.133081 0.13314 0.13312 0.133055 0.132178 0.131845 0.130477 0.13194 0.131967 0.131696 0.13039 0.129871 0.127574 0.126612 0.133365 0.136025 0.135163 0.132635 0.129266 0.125499 0.128448 0.127169 0.124573 -9999 -9999 -9999 -9999 -9999 -9999 0.138414 0.142647 0.147237 0.151335 0.154003 0.161756 0.174179 0.179222 0.185678 0.193818 0.201382 0.21173 0.218744 0.224896 0.22943 0.234668 -9999 -9999 -9999 -9999 0.246606 0.246985 0.246901 0.245464 0.239638 0.235466 0.231775 0.236751 -9999 -9999 -9999 -9999 -9999 -9999
-9999 -9999 0.127805 0.128968 0.129604 0.12979 0.130821 0.131879 0.132562 0.130398 0.130568 0.130784 0.130976 0.130841 0.130223 0.130449 0.13042 0.12996 0.127263 0.124102 0.125359 0.126217 0.122408 0.132269 0.134706 0.133659 0.130463 0.126572 0.125912 0.128838 0.12677 0.123623 -9999 -9999 -9999 0.126939 0.130131 0.131743 0.134397 0.139131 0.144043 0.150191 0.155955 0.163185 0.173467 0.179257 0.185254 0.193535 0.204073 0.212348 0.223046 0.229834 0.234939 0.238934 0.243734 0.247301 0.249659 0.250888 0.251453 0.251445 0.250776 0.248946 0.244876 0.241231 0.238722 0.241014 -9999 -9999 -9999 -9999 -9999 -9999
-9999 -9999 0.124245 0.125206 0.126059 0.127401 0.12767 0.128657 0.129305 0.130404 0.130789 0.130277 0.131223 0.131362 0.131399 0.131223 0.130849 0.128573 0.125402 0.122192 0.120631 0.121034 0.118574 0.125892 0.128289 0.131625 0.129547 0.12607 0.125786 0.125328 0.123952 0.120288 -9999 -9999 0.120084 0.124732 0.12853 0.131405 0.133853 0.1366 0.142109 0.146566 0.153843 0.160498 0.16878 0.176714 0.186262 0.195546 0.204856 0.213211 0.225952 0.23326 0.239655 0.244969 0.249818 0.253275 0.25561 0.256888 0.256928 0.256661 0.255689 0.253757 0.248865 0.245771 0.247257 0.241267 -9999 -9999 -9999 -9999 -9999 -9999
-9999 -9999 0.122263 0.12315 0.124282 0.124615 0.125752 0.128531 0.128528 0.130064 0.130942 0.130728 0.13064 0.131668 0.1318 0.131792 0.131626 0.129448 0.126875 0.123018 0.120538 0.118894 0.117749 0.122117 0.123633 0.123951 0.124132 0.125046 0.127198 0.125352 0.123055 0.120636 0.117997 -9999 0.118329 0.120339 0.12451 0.128765 0.132643 0.134699 0.140657 0.145666 0.15334 0.159196 0.169048 0.177406 0.18582 0.194324 0.204704 0.2177 0.230306 0.238422 0.244606 0.250508 0.255346 0.258933 0.261292 0.262485 0.262578 0.261787 0.260291 0.258253 0.254734 0.25517 0.250205 0.243497 -9999 -9999 -9999 -9999 -9999 -9999
-9999 0.119487 0.122219 0.123761 0.124414 0.125063 0.125832 0.126642 0.12748 0.13041 0.131071 0.131459 0.130321 0.130754 0.131237 0.132197 0.132116 0.131804 0.130276 0.125558 0.123707 0.121274 0.118164 0.122232 0.123455 0.126446 0.126886 0.125762 0.124338 0.122249 0.122887 0.119964 0.116089 0.115759 0.117284 0.118632 0.12143 0.126232 0.130744 0.134734 0.138995 0.145252 0.151818 0.159232 0.169924 0.17826 0.186666 0.196032 0.205632 0.216092 0.229124 0.242322 0.250109 0.255399 0.260487 0.264218 0.266589 0.267654 0.267509 0.266342 0.264495 0.262213 0.262897 0.258745 0.254603 0.250214 -9999 -9999 -9999 -9999 -9999 -9999
-9999 -9999 0.121706 0.122228 0.122391 0.12292 0.124022 0.125422 0.127212 0.128227 0.12977 0.131678 0.130836 0.129676 0.131231 0.131854 0.132358 0.132211 0.131781 0.127724 0.125432 0.123584 0.12054 0.126586 0.12816 0.128831 0.128794 0.125837 0.122757 0.119124 0.115401 0.114974 0.113829 0.114927 0.11549 0.118591 0.121218 0.123123 0.125659 0.132338 0.137494 0.144316 0.151818 0.158014 0.169772 0.178125 0.188254 0.198302 0.208576 0.215989 0.231631 0.240806 0.250715 0.260556 0.265015 0.268836 0.271195 0.272085 0.271694 0.270229 0.268026 0.267641 0.267167 0.264016 0.255639 0.251684 -9999 -9999 -9999 -9999 -9999 -9999
-9999 -9999 -9999 -9999 0.121558 0.122334 0.123138 0.124428 0.127126 0.128634 0.129999 0.130996 0.131254 0.130736 0.130603 0.13098 0.129459 0.130487 0.13185 0.131432 0.130835 0.127172 0.129444 0.131667 0.131784 0.129903 0.128492 0.126999 0.123317 0.120628 0.116305 0.112819 0.112194 0.115074 0.118191 0.12115 0.122712 0.122599 0.125333 0.130864 0.13742 0.144092 0.150644 0.157115 0.169323 0.177599 0.189452 0.200237 0.210326 0.220449 0.233958 0.244317 0.253131 0.261783 0.267886 0.272478 0.274769 0.275543 0.274945 0.27323 0.272894 0.270846 0.268756 0.266802 0.258102 0.251929 -9999 -9999 -9999 -9999 -9999 -9999
-9999 -9999 -9999 -9999 0.119979 0.120541 0.121942 0.125043 0.127093 0.128668 0.12976 0.131054 0.131564 0.130949 0.130086 0.128914 0.127194 0.127902 0.130038 0.131077 0.130794 0.127486 0.132801 0.132815 0.132314 0.129672 0.127825 0.126993 0.123466 0.120395 0.117441 0.113208 0.114279 0.115422 0.117114 0.120759 0.123282 0.125213 0.126237 0.13063 0.137591 0.143357 0.148969 0.15716 0.16893 0.176933 0.189783 0.201386 0.21202 0.223224 0.236568 0.246642 0.255968 0.263971 0.270247 0.274491 0.277032 0.277709 0.276998 0.276077 0.27418 0.272031 0.269838 0.267831 0.261614 0.25268 -9999 -9999 -9999 -9999 -9999 -9999
-9999 -9999 -9999 -9999 -9999 0.11863 0.121257 0.125188 0.126826 0.127893 0.129734 0.130921 0.13127 0.13147 0.130282 0.128168 0.123778 0.124619 0.12652 0.129357 0.130605 0.129916 0.132714 0.131595 0.128134 0.125179 0.125301 0.125169 0.122688 0.120377 0.117128 0.118533 0.119924 0.121398 0.121879 0.121131 0.123329 0.125959 0.1271 0.131778 0.138015 0.143015 0.149575 0.157351 0.169052 0.179211 0.190048 0.202386 0.212758 0.224473 0.2381 0.247899 0.256987 0.264809 0.271097 0.275365 0.277794 0.278513 0.277949 0.276626 0.274718 0.272538 0.270351 0.268366 0.26638 0.261272 0.258194 -9999 -9999 -9999 -9999 -9999
-9999 -9999 -9999 -9999 -9999 0.116227 0.117803 0.122348 0.12438 0.127226 0.129337 0.130551 0.130502 0.130688 0.128709 0.128053 0.123876 0.121999 0.123121 0.12204 0.126081 0.12964 0.132594 0.125002 0.122653 0.12116 0.122271 0.122755 0.122317 0.118293 0.117017 0.120522 0.122428 0.12369 0.124523 0.124538 0.124434 0.127963 0.130611 0.13472 0.138976 0.1448 0.150298 0.157473 0.17084 0.180024 0.190476 0.20272 0.212547 0.224746 0.238115 0.247484 0.25616 0.264324 0.270354 0.274621 0.277398 0.277971 0.277391 0.276246 0.274478 0.272416 0.270321 0.268485 0.266986 0.265894 0.263247 0.262626 0.264191 -9999 -9999 -9999
-9999 -9999 -9999 -9999 -9999 -9999 0.1137 0.119719 0.122962 0.125411 0.12842 0.129818 0.130287 0.130043 0.12803 0.125985 0.122241 0.117712 0.115743 0.121708 0.126818 0.129283 0.132903 0.126661 0.124582 0.125077 0.127247 0.126439 0.125825 0.122909 0.12194 0.120388 0.120846 0.123002 0.125121 0.126768 0.128322 0.129183 0.131752 0.136517 0.140936 0.146704 0.153292 0.160987 0.171951 0.182687 0.192127 0.203155 0.213614 0.224039 0.237039 0.245647 0.254647 0.262346 0.268213 0.273695 0.275652 0.276343 0.27592 0.274627 0.273524 0.271685 0.269845 0.268189 0.266916 0.266496 0.266009 0.264882 0.263733 0.262478 -9999 -9999
-9999 -9999 -9999 -9999 -9999 -9999 0.110307 0.116285 0.119592 0.123997 0.12678 0.128734 0.12966 0.129606 0.128195 0.125505 0.122978 0.118011 0.11267 0.120052 0.125661 0.128477 0.128302 0.127758 0.129933 0.129292 0.130434 0.128672 0.128171 0.127841 0.126297 0.124416 0.12227 0.121843 0.12617 0.128424 0.130639 0.132442 0.134646 0.137535 0.142614 0.148724 0.15307 0.162156 0.174117 0.183229 0.192786 0.202748 0.212768 0.222696 0.235358 0.244265 0.251765 0.261369 0.267503 0.270864 0.272917 0.273746 0.27353 0.272528 0.271005 0.271668 0.268965 0.267594 0.266555 0.26638 0.266283 0.266562 0.266944 0.264881 0.264336 0.269372
-9999 -9999 -9999 -9999 -9999 -9999 0.102004 0.110321 0.116858 0.121231 0.125213 0.127047 0.128293 0.127933 0.12758 0.125718 0.123672 0.120323 0.115303 0.111902 0.118125 0.125073 0.12764 0.132884 0.133321 0.132504 0.131843 0.132308 0.132963 0.131975 0.130113 0.127286 0.127827 0.126539 0.129917 0.130456 0.130657 0.135599 0.137378 0.139787 0.141879 0.147153 0.153501 0.160874 0.173318 0.180744 0.190974 0.201334 0.211198 0.220603 0.232699 0.24419 0.251317 0.259468 0.263978 0.267271 0.269383 0.270401 0.270473 0.269791 0.268655 0.267342 0.269344 0.268564 0.265998 0.266103 0.266187 0.2666 0.267356 0.267959 0.268525 0.272887
-9999 -9999 -9999 -9999 -9999 -9999 0.100727 0.107456 0.113871 0.118538 0.122763 0.124546 0.126528 0.127031 0.126634 0.125064 0.122786 0.120044 0.115757 0.112368 0.115219 0.12184 0.125078 0.132359 0.132987 0.133592 0.133973 0.134631 0.134903 0.135327 0.13415 0.133681 0.132165 0.129897 0.133971 0.134746 0.134821 0.138008 0.139772 0.139414 0.140596 0.144688 0.154591 0.159818 0.171131 0.17929 0.188602 0.199743 0.210842 0.219743 0.232672 0.24041 0.250215 0.255597 0.259914 0.263164 0.265347 0.266576 0.266968 0.266666 0.265962 0.265064 0.264135 0.267612 0.267381 0.267907 0.265946 0.266514 0.267346 0.268312 0.271761 0.277972
-9999 -9999 -9999 -9999 -9999 -9999 0 0.103873 0.109672 0.115901 0.120255 0.122581 0.124429 0.125113 0.12457 0.123924 0.122538 0.120185 0.118369 0.115387 0.111441 0.117023 0.121106 0.129172 0.130544 0.133023 0.133809 0.133861 0.133775 0.13531 0.138147 0.136343 0.135945 0.135042 0.137649 0.138258 0.139126 0.140389 0.139817 0.138929 0.139488 0.145656 0.150184 0.160878 0.169115 0.181319 0.19146 0.200521 0.207398 0.214415 0.22856 0.240023 0.246155 0.25136 0.255606 0.25877 0.261077 0.262488 0.26318 0.263306 0.263039 0.262596 0.262134 0.261809 0.266618 0.267442 0.268038 0.271586 0.272617 0.270855 0.271981 0.278351
-9999 -9999 -9999 -9999 -9999 -9999 -9999 0 0.10653 0.113001 0.117059 0.11994 0.121728 0.1224 0.122372 0.12205 0.12126 0.119597 0.117408 0.114017 0.111425 0.112655 0.117123 0.124499 0.126448 0.13073 0.1328 0.132048 0.128959 0.135243 0.138669 0.139259 0.139612 0.139948 0.140037 0.140599 0.141093 0.140884 0.137562 0.139654 0.140941 0.145283 0.149041 0.16171 0.17193 0.181461 0.189949 0.197963 0.203367 0.215257 0.230174 0.237397 0.242733 0.248126 0.251205 0.254351 0.256713 0.25832 0.259336 0.259859 0.260041 0.261924 0.262035 0.26226 0.268352 0.269528 0.27023 0.271148 0.272036 0.273561 0.274788 0.284865
-9999 -9999 -9999 -9999 -9999 -9999 -9999 0 0.103131 0.110485 0.113461 0.116405 0.118982 0.11967 0.119366 0.118928 0.1183 0.117424 0.114961 0.112523 0.110199 0.109398 0.109882 0.120508 0.123258 0.128654 0.130495 0.131127 0.131293 0.130823 0.135357 0.139258 0.14033 0.140909 0.138276 0.140154 0.139601 0.138716 0.14017 0.141715 0.142558 0.147596 0.150316 0.156178 0.171926 0.179708 0.187067 0.195542 0.200456 0.211173 0.226085 0.233055 0.238187 0.244016 0.248292 0.251525 0.254002 0.255871 0.257214 0.258182 0.258854 0.259387 0.2599 0.260461 0.261088 0.267816 0.266842 0.268059 0.27006 0.27205 0.281421 0.285717
-9999 -9999 -9999 -9999 -9999 -9999 -9999 0 0 0.106101 0.111161 0.112206 0.114995 0.116684 0.116313 0.115701 0.11494 0.114638 0.112115 0.10931 0.10707 0.104467 0.105125 0.107404 0.1225 0.126398 0.12798 0.12848 0.131038 0.133271 0.136838 0.139212 0.140651 0.14143 0.14182 0.142692 0.14282 0.144055 0.144307 0.143881 0.145809 0.150236 0.151139 0.156059 0.162441 0.177822 0.185954 0.193108 0.196744 0.215623 0.2235 0.229857 0.23559 0.240257 0.244072 0.247422 0.249939 0.251979 0.253587 0.254854 0.255908 0.256805 0.257698 0.258425 0.259148 0.258021 0.265608 0.26721 0.269783 0.272225 0.285346 0.28663
-9999 -9999 -9999 -9999 -9999 -9999 -9999 0 0 0.102956 0.106696 0.107932 0.110883 0.113512 0.113784 0.113179 0.113195 0.112402 0.110427 0.108217 0.105812 0.104829 0.102257 0.105666 0.120403 0.123964 0.126277 0.129513 0.129888 0.132868 0.135807 0.137719 0.140651 0.141912 0.142718 0.141835 0.142364 0.144797 0.146559 0.148313 0.14922 0.152587 0.155124 0.158889 0.163085 0.178023 0.184541 0.190168 0.203388 0.215299 0.221587 0.227134 0.232212 0.236322 0.240093 0.243494 0.246085 0.248256 0.250074 0.251645 0.253007 0.254201 0.255409 0.256221 0.256714 0.25649 0.262869 0.266577 0.270416 0.276623 0.28609 0.287509
-9999 -9999 -9999 -9999 -9999 -9999 -9999 0 0 0 0.101343 0.102252 0.107002 0.110102 0.110613 0.110589 0.110441 0.108229 0.108761 0.108639 0.106688 0.103709 0.100468 0.101501 0.113102 0.121132 0.123488 0.125838 0.126199 0.128454 0.132399 0.136063 0.139829 0.141864 0.142676 0.140603 0.138467 0.142298 0.14652 0.149095 0.151453 0.152775 0.155812 0.15927 0.16219 0.169753 0.181699 0.187361 0.207125 0.212887 0.218888 0.224373 0.228003 0.231929 0.236291 0.23983 0.242435 0.244716 0.246749 0.248554 0.250215 0.25163 0.253042 0.254352 0.253613 0.253953 0.254643 0.266268 0.269648 0.284197 0.287066 0.288752
-9999 -9999 -9999 -9999 -9999 -9999 -9999 0 0 0 0 0 0.103116 0.105569 0.107006 0.10749 0.10762 0.106972 0.106815 0.106022 0.104179 0.101492 0 0 0 0.117142 0.123764 0.122531 0.122671 0.126079 0.130326 0.135849 0.13966 0.141526 0.142937 0.143894 0.142889 0.141475 0.143766 0.148048 0.149433 0.150894 0.155291 0.158893 0.161528 0.16479 0.181033 0.194308 0.204558 0.20971 0.215553 0.221874 0.225967 0.229367 0.233479 0.236387 0.239 0.241392 0.243562 0.245594 0.247534 0.249299 0.250867 0.251226 0.2519 0.252103 0.254212 0.267162 0.274611 0.285619 0.288065 0.289933
-9999 -9999 -9999 -9999 -9999 -9999 -9999 0 0 0 0 0 0 0.100186 0.102233 0.102779 0.104177 0.104594 0.104225 0.103845 0.10256 0 0 0 0 0.110523 0.120632 0.120486 0.118669 0.12407 0.129811 0.13514 0.138768 0.138851 0.142149 0.143797 0.144627 0.144632 0.143695 0.146259 0.146618 0.149551 0.1541 0.158082 0.1617 0.164948 0.173436 0.193659 0.202871 0.207307 0.212725 0.218261 0.223506 0.227061 0.230402 0.233197 0.23578 0.238221 0.240521 0.242713 0.244833 0.246873 0.247748 0.248448 0.249909 0.251091 0.253637 0.260143 0.275569 0.286514 0.289208 0.29142
-9999 -9999 -9999 -9999 -9999 -9999 -9999 -9999 0 0 0 0 0 0 0 0 0.100163 0.101112 0.101311 0.10123 0.100488 0 0 0 0 0.109427 0.115375 0.118353 0.11996 0.123449 0.129141 0.134947 0.137098 0.136216 0.138337 0.140685 0.143814 0.145262 0.14314 0.143383 0.144241 0.148502 0.153085 0.156865 0.160592 0.16416 0.182101 0.196818 0.202761 0.20808 0.212162 0.216895 0.221085 0.22441 0.227464 0.230174 0.23274 0.235182 0.237519 0.239864 0.242063 0.244064 0.245072 0.243969 0.247012 0.249593 0.25151 0.26225 0.283101 0.287206 0.290501 0.293065
-9999 -9999 -9999 -9999 -9999 -9999 -9999 -9999 0 0 0 0 0 0 0 0 0 0 0 0 0 0 0 0 0 0 0.110542 0.119999 0.122816 0.125948 0.130226 0.132488 0.131598 0.130851 0.133989 0.136629 0.141723 0.144343 0.145936 0.145725 0.145369 0.146694 0.151688 0.155304 0.158981 0.162725 0.176223 0.188161 0.201865 0.206797 0.211174 0.214963 0.218842 0.221945 0.22473 0.227367 0.229834 0.232232 0.234558 0.236925 0.23893 0.240944 0.241228 0.242118 0.244001 0.24568 0.2531 0.262825 0.275736 0.288003 0.291743 0.294702
