Test_Spring_2018b/01_18/Prec/20180115_012.txt
ncols	170
nrows	115
xllcorner	350000.000000
yllcorner	4445000.000000
cellsize	1000.000000
nodata_value	-9999.000000
[rows 31 to 61 of 115, columns 70 to 139 of 170]
0.153883 0.156749 0.157862 0.156002 0.156425 0.166299 0.171359 0.171897 0.172315 0.172538 0.170924 0.17079 0.169587 0.16698 0.166172 0.161055 0.143405 0.149051 0.151618 0.146992 0.150661 0.156298 0.153139 0.14195 0.137957 0.130879 0.134547 0.138295 0.132977 -9999 -9999 -9999 -9999 -9999 -9999 -9999 -9999 -9999 -9999 -9999 -9999 -9999 -9999 -9999 -9999 -9999 -9999 -9999 -9999 -9999 -9999 -9999 -9999 -9999 -9999 -9999 -9999 -9999 -9999 -9999 -9999 -9999 -9999 -9999 -9999 -9999 -9999 -9999 -9999 -9999
0.151525 0.153035 0.153179 0.151601 0.154992 0.158223 0.16566 0.165856 0.170798 0.171589 0.170816 0.167932 0.167279 0.166531 0.166272 0.162205 0.149785 0.138651 0.145493 0.146278 0.142662 0.151234 0.148056 0.138405 0.124478 0.133988 0.133271 0.128185 0.133542 -9999 -9999 -9999 -9999 -9999 -9999 -9999 -9999 -9999 -9999 -9999 -9999 -9999 -9999 -9999 -9999 -9999 -9999 -9999 -9999 -9999 -9999 -9999 -9999 -9999 -9999 -9999 -9999 -9999 -9999 -9999 -9999 -9999 -9999 -9999 -9999 -9999 -9999 -9999 -9999 -9999
0.144858 0.148542 0.148024 0.147766 0.152819 0.153431 0.15908 0.165686 0.169009 0.170489 0.170766 0.17001 0.169404 0.16865 0.165622 0.160939 0.150425 0.1377 0.135274 0.14241 0.143405 0.145208 0.142315 0.138559 0.132252 0.139399 0.142952 0.136525 0.140388 0.13728 -9999 -9999 -9999 -9999 -9999 -9999 -9999 -9999 -9999 -9999 -9999 -9999 -9999 -9999 -9999 -9999 -9999 -9999 -9999 -9999 -9999 -9999 -9999 -9999 -9999 -9999 -9999 -9999 -9999 -9999 -9999 -9999 -9999 -9999 -9999 -9999 -9999 -9999 -9999 -9999
0.136816 0.143069 0.142273 0.138805 0.142346 0.145279 0.156036 0.16089 0.162579 0.168917 0.169641 0.17032 0.168914 0.16788 0.165597 0.161151 0.154512 0.146377 0.131782 0.141748 0.149722 0.150234 0.150599 0.148149 0.142007 0.148892 0.15021 0.148682 0.146151 0.141198 0.139729 -9999 -9999 -9999 -9999 -9999 -9999 -9999 -9999 -9999 -9999 -9999 -9999 -9999 -9999 -9999 -9999 -9999 -9999 -9999 -9999 -9999 -9999 -9999 -9999 -9999 -9999 -9999 -9999 -9999 -9999 -9999 -9999 -9999 -9999 -9999 -9999 -9999 -9999 -9999
-9999 0.136497 0.136015 0.131867 0.135693 0.140461 0.148073 0.156147 0.162795 0.165617 0.16837 0.169221 0.167854 0.161892 0.161664 0.162038 0.157914 0.148553 0.139192 0.137193 0.148972 0.15281 0.152847 0.156089 0.150913 0.154588 0.154317 0.159539 0.151019 0.148232 0.145346 0.13877 -9999 -9999 -9999 -9999 -9999 -9999 -9999 -9999 -9999 -9999 -9999 -9999 -9999 -9999 -9999 -9999 -9999 -9999 -9999 -9999 -9999 -9999 -9999 -9999 -9999 -9999 -9999 -9999 -9999 -9999 -9999 -9999 -9999 -9999 -9999 -9999 -9999 -9999
-9999 -9999 -9999 -9999 0.127477 0.135288 0.139655 0.151288 0.160365 0.16394 0.16732 0.168322 0.164755 0.163406 0.163992 0.161574 0.156716 0.153843 0.148124 0.142138 0.145167 0.155273 0.151643 0.159055 0.159183 0.161157 0.157395 0.158193 0.146977 0.146287 0.143614 0.138241 -9999 -9999 -9999 -9999 -9999 -9999 -9999 -9999 -9999 -9999 -9999 -9999 -9999 -9999 -9999 -9999 -9999 -9999 -9999 -9999 -9999 -9999 -9999 -9999 -9999 -9999 -9999 -9999 -9999 -9999 -9999 -9999 -9999 -9999 -9999 -9999 -9999 -9999
-9999 -9999 -9999 -9999 -9999 0.132562 0.136269 0.144769 0.158072 0.16112 0.165948 0.167266 0.166657 0.166308 0.165218 0.163417 0.159901 0.15589 0.150493 0.150415 0.156988 0.157562 0.156821 0.158394 0.162134 0.161939 0.162862 0.152699 0.147348 0.139305 0.134236 0.135191 0.131565 -9999 -9999 -9999 -9999 -9999 -9999 -9999 -9999 -9999 -9999 -9999 -9999 0.160534 -9999 -9999 -9999 -9999 -9999 -9999 -9999 -9999 -9999 -9999 -9999 -9999 -9999 -9999 -9999 -9999 -9999 -9999 -9999 -9999 0.173382 -9999 -9999 -9999
-9999 -9999 -9999 -9999 0.126375 0.132945 0.138475 0.144855 0.152125 0.159474 0.165002 0.166521 0.166527 0.166164 0.163871 0.163781 0.162003 0.157552 0.156961 0.159347 0.160661 0.16212 0.163214 0.163182 0.162434 0.161334 0.165318 0.160708 0.157862 0.146037 0.145115 0.139588 0.131025 0.124289 -9999 -9999 -9999 -9999 -9999 -9999 -9999 0.145098 0.146763 0.149261 0.153849 0.162105 0.162321 -9999 -9999 -9999 -9999 -9999 -9999 -9999 -9999 -9999 -9999 -9999 -9999 -9999 -9999 -9999 -9999 -9999 -9999 -9999 0.184023 0.176297 -9999 -9999
-9999 -9999 -9999 -9999 0.12547 0.132549 0.137429 0.144063 0.148839 0.159832 0.16307 0.165969 0.16711 0.166662 0.165179 0.165865 0.163142 0.161799 0.160885 0.163886 0.164722 0.163968 0.162976 0.162183 0.159227 0.159293 0.166395 0.163754 0.158733 0.153404 0.148771 0.137012 0.125361 0.115868 -9999 -9999 -9999 -9999 -9999 -9999 0.141339 0.147538 0.152451 0.149653 0.15759 0.165525 0.168803 0.176395 -9999 -9999 -9999 -9999 -9999 -9999 -9999 -9999 -9999 -9999 -9999 -9999 -9999 -9999 0.227678 0.219384 0.203779 0.195042 0.189319 0.18197 -9999 -9999
-9999 -9999 -9999 -9999 0.122547 0.130834 0.137435 0.143538 0.146889 0.155249 0.162905 0.165392 0.166782 0.167636 0.168084 0.165901 0.16514 0.161186 0.165507 0.165549 0.164714 0.160848 0.159348 0.152641 0.14991 0.156569 0.163411 0.159889 0.151485 0.140635 0.131547 0.129628 0.12475 0.115995 -9999 -9999 -9999 -9999 -9999 -9999 0.13937 0.146065 0.152561 0.156295 0.154482 0.1664 0.177635 0.178716 0.183367 0.19267 0.200268 0.208586 0.214062 0.220114 0.22258 0.228478 -9999 -9999 -9999 -9999 0.237491 0.23704 0.235968 0.231387 0.214085 0.201666 0.190482 0.189574 -9999 -9999
-9999 -9999 -9999 -9999 0.124098 0.130868 0.136043 0.13976 0.145779 0.153981 0.16184 0.165399 0.166654 0.167707 0.168438 0.168042 0.166152 0.166759 0.166684 0.16544 0.157715 0.148723 0.152847 0.147694 0.136546 0.1528 0.158859 0.154704 0.144287 0.131908 0.131903 0.130986 0.124093 0.11474 -9999 -9999 -9999 0.119929 0.126939 0.12838 0.131803 0.140112 0.147582 0.155538 0.162193 0.168668 0.176278 0.178298 0.180234 0.188552 0.203521 0.212158 0.220049 0.226939 0.230243 0.236886 0.242484 0.246162 0.248016 0.248192 0.247891 0.247123 0.24531 0.240634 0.22342 0.213233 0.206114 0.187664 -9999 -9999
-9999 -9999 -9999 -9999 0.121877 0.128543 0.134614 0.142043 0.145929 0.151453 0.157784 0.164961 0.16681 0.165616 0.168444 0.168714 0.16862 0.167929 0.166761 0.160123 0.151004 0.141907 0.13777 0.139756 0.13301 0.142822 0.148869 0.148097 0.141458 0.130345 0.1288 0.129092 0.117191 0.106052 -9999 -9999 0.104077 0.116566 0.125762 0.131202 0.134128 0.136498 0.145456 0.149677 0.160575 0.165607 0.167434 0.175136 0.181601 0.191361 0.204821 0.212794 0.227575 0.234164 0.240385 0.245091 0.2503 0.253397 0.255209 0.255831 0.254522 0.25372 0.251865 0.247795 0.23521 0.227789 0.221644 0.193974 -9999 -9999
-9999 -9999 -9999 -9999 0.123087 0.130427 0.13793 0.142418 0.148572 0.151038 0.155449 0.161396 0.166841 0.166406 0.166025 0.168754 0.168791 0.168478 0.167847 0.161476 0.154145 0.143192 0.136421 0.132396 0.129607 0.131403 0.134829 0.134629 0.133971 0.135452 0.132644 0.128883 0.121611 0.10843 0.100878 -9999 0.101885 0.107102 0.117825 0.127633 0.134909 0.135174 0.145181 0.15054 0.160311 0.164011 0.169702 0.178603 0.186187 0.193464 0.206028 0.220265 0.233507 0.241716 0.246188 0.251837 0.256476 0.259705 0.261626 0.262322 0.261741 0.26016 0.257653 0.25422 0.246616 0.240289 0.227137 0.198376 -9999 -9999
-9999 -9999 -9999 0.106534 0.121324 0.131141 0.137669 0.143413 0.148687 0.153255 0.159257 0.162467 0.16523 0.168058 0.164403 0.165202 0.166118 0.168546 0.168102 0.167228 0.163017 0.149603 0.14493 0.138274 0.129703 0.131499 0.134025 0.141688 0.141768 0.137227 0.131854 0.1267 0.121217 0.112584 0 0 0.101814 0.105592 0.112691 0.124415 0.133697 0.139616 0.144358 0.15204 0.159053 0.166218 0.174439 0.181431 0.187672 0.196103 0.204928 0.216384 0.230072 0.245629 0.253661 0.257158 0.262025 0.265443 0.267448 0.268092 0.267377 0.265439 0.262776 0.25955 0.257134 0.247425 0.229099 0.207763 -9999 -9999
-9999 -9999 -9999 -9999 0.118588 0.125876 0.13134 0.136996 0.14341 0.149762 0.158383 0.161548 0.16562 0.167175 0.165276 0.161196 0.165127 0.166456 0.167688 0.167306 0.166391 0.155014 0.148998 0.144325 0.136044 0.144173 0.147717 0.148504 0.147152 0.137195 0.126954 0.117169 0.105014 0.102855 0 0 0 0.108655 0.115641 0.11909 0.122667 0.136486 0.143253 0.151978 0.161321 0.164735 0.175434 0.181388 0.191544 0.200754 0.210287 0.211444 0.231778 0.240411 0.253044 0.263719 0.266877 0.270363 0.272387 0.272811 0.271885 0.269752 0.26683 0.264257 0.260958 0.253432 0.229917 0.210531 -9999 -9999
-9999 -9999 -9999 -9999 -9999 -9999 0.128877 0.135452 0.141068 0.147085 0.158191 0.162609 0.165914 0.167678 0.167061 0.163571 0.162387 0.162907 0.158132 0.161233 0.165687 0.165151 0.164251 0.154334 0.153478 0.159056 0.158287 0.151517 0.146082 0.140427 0.128415 0.121353 0.107494 0 0 0.102454 0.109286 0.118663 0.12282 0.120533 0.124805 0.134487 0.145293 0.154044 0.160108 0.163728 0.175231 0.180108 0.194438 0.204854 0.21283 0.220948 0.234152 0.245374 0.253983 0.264589 0.270607 0.274205 0.276078 0.2764 0.275273 0.272947 0.270425 0.266935 0.263263 0.2596 0.235379 0.209944 -9999 -9999
-9999 -9999 -9999 -9999 -9999 -9999 0.124628 0.130658 0.138045 0.149337 0.158344 0.162749 0.165006 0.167403 0.167305 0.163985 0.160141 0.156037 0.15067 0.152878 0.159681 0.163544 0.163679 0.154909 0.163327 0.162398 0.159796 0.150754 0.144002 0.140267 0.128687 0.120439 0.11064 0 0.100239 0.103569 0.108658 0.118901 0.126087 0.129854 0.128948 0.135696 0.147578 0.153451 0.156449 0.164776 0.174669 0.178216 0.194923 0.207149 0.216096 0.226749 0.238929 0.248726 0.258318 0.266579 0.272802 0.27643 0.278264 0.278459 0.277259 0.27517 0.272054 0.268538 0.264803 0.261174 0.244418 0.211123 -9999 -9999
-9999 -9999 -9999 -9999 -9999 -9999 -9999 0.125881 0.13681 0.15043 0.158064 0.160768 0.165019 0.166893 0.166145 0.165095 0.160327 0.153389 0.140133 0.142785 0.148977 0.158237 0.162977 0.162016 0.163085 0.158833 0.147486 0.137496 0.136511 0.13479 0.126244 0.120179 0.109467 0.112876 0.116634 0.120959 0.122512 0.120336 0.126394 0.13229 0.131752 0.139333 0.149047 0.152609 0.158336 0.165351 0.174965 0.18474 0.195357 0.209585 0.217571 0.229524 0.242367 0.251141 0.259838 0.26739 0.273514 0.277135 0.278925 0.279143 0.277883 0.275717 0.272659 0.269135 0.265475 0.261938 0.257673 0.235718 0.225277 -9999
-9999 -9999 -9999 -9999 -9999 -9999 -9999 0.12007 0.12775 0.143013 0.151704 0.159479 0.16436 0.166162 0.164117 0.162941 0.155806 0.153165 0.140789 0.135084 0.139043 0.136807 0.149853 0.161467 0.162856 0.139513 0.131441 0.125731 0.127611 0.127635 0.125034 0.113849 0.10886 0.118363 0.123536 0.12713 0.129621 0.129487 0.128705 0.137698 0.140608 0.146525 0.150458 0.156563 0.159318 0.164767 0.179479 0.186657 0.196423 0.210667 0.21733 0.230986 0.243281 0.250984 0.258617 0.267283 0.272704 0.276327 0.27822 0.278307 0.277127 0.274975 0.272212 0.268905 0.265378 0.262139 0.259165 0.248857 0.239575 0.235661
-9999 -9999 -9999 -9999 -9999 -9999 -9999 -9999 0.117197 0.136618 0.148846 0.155305 0.16272 0.16498 0.164413 0.161946 0.154706 0.147983 0.136921 0.12417 0.117863 0.136462 0.152677 0.161061 0.164055 0.144701 0.137408 0.13752 0.142456 0.138571 0.135334 0.127357 0.123116 0.117509 0.118204 0.124197 0.129831 0.134519 0.138407 0.139327 0.143974 0.148734 0.153303 0.159516 0.165869 0.173334 0.181377 0.193795 0.201276 0.212655 0.221916 0.231067 0.242851 0.248894 0.257975 0.265647 0.270826 0.274666 0.276177 0.27641 0.275426 0.273436 0.270841 0.267862 0.264759 0.261736 0.259147 0.250374 0.247296 0.241748
-9999 -9999 -9999 -9999 -9999 -9999 -9999 -9999 0.109258 0.128353 0.140807 0.152939 0.159811 0.163513 0.164299 0.162417 0.156988 0.148387 0.140927 0.126876 0.112211 0.131441 0.150382 0.159746 0.160084 0.148427 0.153651 0.15035 0.152166 0.145349 0.1423 0.141903 0.135759 0.128938 0.121617 0.11882 0.131234 0.137351 0.142848 0.146265 0.149633 0.153452 0.157639 0.161751 0.162051 0.174332 0.185939 0.194546 0.203417 0.212732 0.221808 0.230598 0.242286 0.250125 0.255558 0.264145 0.268634 0.2716 0.273226 0.273556 0.272762 0.271125 0.268883 0.268805 0.263648 0.26101 0.258703 0.249993 0.247832 0.246254
-9999 -9999 -9999 -9999 -9999 -9999 -9999 -9999 0 0.113225 0.135744 0.147661 0.157538 0.161099 0.16289 0.160171 0.157912 0.151775 0.145717 0.136387 0.122568 0.113795 0.128096 0.149312 0.159525 0.16429 0.164324 0.16042 0.156807 0.156434 0.156629 0.154245 0.146886 0.136969 0.135886 0.131233 0.140401 0.141011 0.140152 0.152492 0.154364 0.156669 0.15635 0.157264 0.164681 0.167743 0.181532 0.186373 0.198519 0.210355 0.220356 0.228987 0.240147 0.248668 0.254994 0.261088 0.265125 0.267915 0.269522 0.270031 0.269546 0.268202 0.266385 0.264408 0.265561 0.263905 0.258053 0.249325 0.247419 0.246012
-9999 -9999 -9999 -9999 -9999 -9999 -9999 -9999 0 0.111754 0.130455 0.142704 0.153682 0.157172 0.161234 0.161149 0.158816 0.153547 0.146753 0.139102 0.127284 0.118339 0.127851 0.141746 0.151695 0.161179 0.164279 0.164467 0.163805 0.163877 0.162713 0.1645 0.158903 0.153683 0.147739 0.139736 0.15048 0.151304 0.149629 0.156417 0.157998 0.152039 0.14913 0.153144 0.164191 0.167164 0.177951 0.181395 0.192267 0.207917 0.214391 0.223092 0.237804 0.245262 0.252445 0.257365 0.261139 0.263854 0.265476 0.266181 0.266033 0.265067 0.263698 0.262098 0.260336 0.262946 0.261778 0.252887 0.246697 0.245481
-9999 -9999 -9999 -9999 -9999 -9999 -9999 -9999 0 0.105672 0.122484 0.139107 0.15054 0.155746 0.159529 0.160073 0.157354 0.154795 0.150544 0.143878 0.139131 0.131118 0.120268 0.137388 0.142295 0.153217 0.155756 0.161155 0.161393 0.159387 0.163077 0.165082 0.168582 0.161193 0.158135 0.153706 0.159635 0.159486 0.159705 0.160454 0.154899 0.147302 0.14267 0.153144 0.15723 0.167695 0.170185 0.18425 0.197996 0.208022 0.208669 0.213367 0.232931 0.242017 0.248168 0.253174 0.25709 0.259627 0.261429 0.262243 0.262345 0.261855 0.2609 0.259734 0.258461 0.257256 0.261073 0.251994 0.250688 0.255043
-9999 -9999 -9999 -9999 -9999 -9999 -9999 -9999 -9999 0 0.118489 0.136599 0.147169 0.154055 0.15771 0.158254 0.157054 0.155404 0.152803 0.148013 0.141957 0.132496 0.125379 0.129378 0.134198 0.141565 0.145475 0.156026 0.159865 0.155269 0.147026 0.159863 0.167491 0.166917 0.165789 0.164679 0.165304 0.164563 0.163265 0.159337 0.145455 0.143418 0.14068 0.145636 0.147471 0.162088 0.170421 0.184697 0.195164 0.203767 0.204493 0.217244 0.233218 0.241789 0.246055 0.251937 0.253049 0.255633 0.257429 0.258404 0.258836 0.258736 0.258225 0.261873 0.261299 0.260768 0.266021 0.256379 0.254808 0.253617
-9999 -9999 -9999 -9999 -9999 -9999 -9999 -9999 -9999 0 0.114607 0.135375 0.142864 0.150069 0.156174 0.156842 0.15484 0.152768 0.150478 0.147756 0.140555 0.13352 0.126773 0.124348 0.125432 0.132259 0.138326 0.151948 0.15489 0.154142 0.152035 0.147694 0.158241 0.167043 0.167601 0.166747 0.156346 0.159065 0.154245 0.1479 0.147743 0.146974 0.143117 0.15053 0.149926 0.157412 0.169509 0.180034 0.188686 0.200234 0.201116 0.211967 0.227525 0.236412 0.240928 0.248706 0.253204 0.255968 0.257817 0.259069 0.259788 0.26017 0.260174 0.259979 0.259684 0.25927 0.258648 0.263481 0.245133 0.24439
-9999 -9999 -9999 -9999 -9999 -9999 -9999 -9999 -9999 0 0.111115 0.129507 0.143264 0.144998 0.151845 0.15553 0.153317 0.150627 0.147741 0.146414 0.13866 0.130107 0.123141 0.114923 0.116062 0.121659 0.138849 0.147788 0.149703 0.148301 0.152816 0.156143 0.163494 0.167422 0.168672 0.167998 0.166115 0.16548 0.162338 0.162013 0.158184 0.151623 0.151169 0.157164 0.15178 0.157274 0.166131 0.175503 0.187833 0.196942 0.195539 0.214401 0.226261 0.234347 0.241456 0.246402 0.249901 0.253123 0.254952 0.256342 0.257277 0.257821 0.258124 0.258115 0.258036 0.257232 0.256065 0.249027 0.241913 0.241789
-9999 -9999 -9999 -9999 -9999 -9999 -9999 -9999 -9999 0 0.11217 0.128101 0.138085 0.140513 0.147944 0.154456 0.154109 0.151309 0.150483 0.147377 0.140829 0.133558 0.125594 0.121637 0.112737 0.1212 0.135942 0.143565 0.147335 0.153819 0.1513 0.156516 0.161688 0.163914 0.169222 0.169615 0.168615 0.162484 0.160264 0.163288 0.163837 0.163763 0.16049 0.163721 0.163696 0.16649 0.16978 0.177665 0.186484 0.192403 0.201963 0.218698 0.22693 0.233557 0.239501 0.243384 0.247119 0.250626 0.252576 0.254039 0.255085 0.255857 0.256286 0.256298 0.256259 0.254824 0.252123 0.246945 0.234349 0.239842
-9999 -9999 -9999 -9999 -9999 -9999 -9999 -9999 -9999 0 0.111285 0.124892 0.131016 0.132617 0.145461 0.153404 0.153714 0.15248 0.150914 0.143259 0.143668 0.14205 0.134878 0.124465 0.113035 0.113957 0.128482 0.138638 0.142177 0.145509 0.142608 0.145361 0.15319 0.160276 0.167736 0.170115 0.168851 0.158959 0.14867 0.155691 0.163465 0.165884 0.167092 0.164617 0.16655 0.169064 0.169363 0.171576 0.181276 0.188459 0.209601 0.216871 0.225213 0.232512 0.234901 0.238794 0.244637 0.248711 0.250649 0.252176 0.253405 0.25426 0.254834 0.254678 0.254371 0.253514 0.246293 0.241919 0.225014 0.238865
-9999 -9999 -9999 -9999 -9999 -9999 -9999 -9999 -9999 0 0.104741 0.117628 0.123203 0.131541 0.143626 0.149697 0.152691 0.152794 0.151771 0.148353 0.146252 0.142106 0.134659 0.124497 0.113203 0.105801 0.109359 0.130743 0.141792 0.13859 0.134674 0.140493 0.148901 0.161188 0.168513 0.170143 0.170427 0.169289 0.162203 0.153664 0.155736 0.163283 0.16181 0.160048 0.166414 0.169898 0.170024 0.171552 0.182809 0.19256 0.20646 0.212833 0.221561 0.232104 0.23653 0.239403 0.244876 0.247275 0.249227 0.25088 0.252126 0.253098 0.253807 0.253892 0.25318 0.248609 0.244636 0.238932 0.238558 0.241458
-9999 -9999 -9999 -9999 -9999 -9999 -9999 -9999 -9999 0 0.10049 0.112471 0.123633 0.134122 0.143117 0.144081 0.148825 0.148948 0.151383 0.150704 0.147473 0.143963 0.137527 0.124502 0.113519 0.101549 0.104524 0.125799 0.140921 0.135653 0.125554 0.136905 0.149411 0.160855 0.167401 0.163567 0.169255 0.170031 0.168279 0.163905 0.156483 0.159062 0.154747 0.157599 0.164777 0.169843 0.173425 0.17557 0.18105 0.194179 0.206083 0.211127 0.21936 0.228292 0.236747 0.240597 0.24418 0.246463 0.248371 0.250025 0.251328 0.252277 0.252874 0.253 0.24938 0.244882 0.242251 0.238432 0.238324 0.235866
