Test_Spring_2018b/01_18/Prec/20180117_012.txt
ncols	170
nrows	115
xllcorner	350000.000000
yllcorner	4445000.000000
cellsize	1000.000000
nodata_value	-9999.000000
[rows 31 to 61 of 115, columns 70 to 139 of 170]
0.669907 0.660052 0.656825 0.664583 0.665687 0.670031 0.691865 0.696552 0.678486 0.685946 0.699816 0.708595 0.720663 0.736911 0.746296 0.769371 0.833929 0.818624 0.812935 0.831012 0.820671 0.803685 0.816861 0.857931 0.875596 0.904888 0.894685 0.929729 0.954495 -9999 -9999 -9999 -9999 -9999 -9999 -9999 -9999 -9999 -9999 -9999 -9999 -9999 -9999 -9999 -9999 -9999 -9999 -9999 -9999 -9999 -9999 -9999 -9999 -9999 -9999 -9999 -9999 -9999 -9999 -9999 -9999 -9999 -9999 -9999 -9999 -9999 -9999 -9999 -9999 -9999
0.643914 0.640148 0.641678 0.649828 0.642 0.635587 0.6856 0.682924 0.657658 0.662838 0.673291 0.690679 0.700119 0.709351 0.716277 0.735393 0.782082 0.823743 0.803949 0.804287 0.819361 0.793211 0.807181 0.843616 0.895256 0.868353 0.877018 0.93892 0.934965 -9999 -9999 -9999 -9999 -9999 -9999 -9999 -9999 -9999 -9999 -9999 -9999 -9999 -9999 -9999 -9999 -9999 -9999 -9999 -9999 -9999 -9999 -9999 -9999 -9999 -9999 -9999 -9999 -9999 -9999 -9999 -9999 -9999 -9999 -9999 -9999 -9999 -9999 -9999 -9999 -9999
0.630914 0.621365 0.626713 0.631862 0.619677 0.623138 0.648453 0.657847 0.636963 0.639624 0.646095 0.655678 0.664282 0.67285 0.68857 0.709344 0.749366 0.796454 0.808335 0.787643 0.787727 0.78521 0.798888 0.815901 0.842068 0.823227 0.817136 0.843058 0.886528 0.903645 -9999 -9999 -9999 -9999 -9999 -9999 -9999 -9999 -9999 -9999 -9999 -9999 -9999 -9999 -9999 -9999 -9999 -9999 -9999 -9999 -9999 -9999 -9999 -9999 -9999 -9999 -9999 -9999 -9999 -9999 -9999 -9999 -9999 -9999 -9999 -9999 -9999 -9999 -9999 -9999
0.621279 0.60471 0.612712 0.63036 0.624742 0.621533 0.627561 0.629261 0.631636 0.617816 0.622478 0.626708 0.637408 0.64628 0.658878 0.678386 0.705008 0.736498 0.78979 0.759905 0.736898 0.739389 0.742664 0.755798 0.781779 0.763943 0.765235 0.788843 0.841417 0.862439 0.871386 -9999 -9999 -9999 -9999 -9999 -9999 -9999 -9999 -9999 -9999 -9999 -9999 -9999 -9999 -9999 -9999 -9999 -9999 -9999 -9999 -9999 -9999 -9999 -9999 -9999 -9999 -9999 -9999 -9999 -9999 -9999 -9999 -9999 -9999 -9999 -9999 -9999 -9999 -9999
-9999 0.590937 0.599741 0.621502 0.616569 0.608551 0.590522 0.589617 0.603897 0.602119 0.599738 0.602979 0.61298 0.637908 0.64293 0.645595 0.66335 0.698864 0.734523 0.745486 0.710076 0.70189 0.706893 0.701304 0.724425 0.717663 0.724256 0.727777 0.758601 0.810874 0.82355 0.848157 -9999 -9999 -9999 -9999 -9999 -9999 -9999 -9999 -9999 -9999 -9999 -9999 -9999 -9999 -9999 -9999 -9999 -9999 -9999 -9999 -9999 -9999 -9999 -9999 -9999 -9999 -9999 -9999 -9999 -9999 -9999 -9999 -9999 -9999 -9999 -9999 -9999 -9999
-9999 -9999 -9999 -9999 0.613813 0.598837 0.568073 0.580261 0.5857 0.581649 0.577082 0.579467 0.596383 0.605043 0.606647 0.61819 0.638008 0.651324 0.674659 0.699368 0.694036 0.665181 0.683224 0.664097 0.669726 0.669006 0.687453 0.702166 0.746926 0.790298 0.801288 0.820628 -9999 -9999 -9999 -9999 -9999 -9999 -9999 -9999 -9999 -9999 -9999 -9999 -9999 -9999 -9999 -9999 -9999 -9999 -9999 -9999 -9999 -9999 -9999 -9999 -9999 -9999 -9999 -9999 -9999 -9999 -9999 -9999 -9999 -9999 -9999 -9999 -9999 -9999
-9999 -9999 -9999 -9999 -9999 0.58129 0.554407 0.536826 0.568082 0.566232 0.556788 0.557818 0.564183 0.56878 0.575349 0.58414 0.598895 0.615753 0.637926 0.642796 0.625844 0.629832 0.638721 0.640005 0.633938 0.640945 0.661409 0.695715 0.719439 0.787719 0.805931 0.802682 0.814088 -9999 -9999 -9999 -9999 -9999 -9999 -9999 -9999 -9999 -9999 -9999 -9999 0.745095 -9999 -9999 -9999 -9999 -9999 -9999 -9999 -9999 -9999 -9999 -9999 -9999 -9999 -9999 -9999 -9999 -9999 -9999 -9999 -9999 0.684654 -9999 -9999 -9999
-9999 -9999 -9999 -9999 0.558332 0.528073 0.523411 0.514507 0.541327 0.548436 0.536739 0.536837 0.540591 0.544525 0.55438 0.556628 0.564874 0.582813 0.58855 0.585176 0.586388 0.587909 0.591232 0.598626 0.608378 0.618917 0.622794 0.645055 0.660052 0.706842 0.743258 0.760827 0.787619 0.807535 -9999 -9999 -9999 -9999 -9999 -9999 -9999 0.741382 0.743157 0.74332 0.737301 0.719441 0.72912 -9999 -9999 -9999 -9999 -9999 -9999 -9999 -9999 -9999 -9999 -9999 -9999 -9999 -9999 -9999 -9999 -9999 -9999 -9999 0.659497 0.674494 -9999 -9999
-9999 -9999 -9999 -9999 0.512324 0.505708 0.505274 0.497219 0.49351 0.525825 0.522083 0.517292 0.516665 0.52013 0.526386 0.52516 0.535888 0.542785 0.549364 0.543944 0.54707 0.556604 0.567647 0.578335 0.596237 0.603373 0.597233 0.612989 0.635206 0.656716 0.706638 0.744172 0.780041 0.807787 -9999 -9999 -9999 -9999 -9999 -9999 0.716496 0.702954 0.695763 0.716329 0.701764 0.688029 0.690527 0.670676 -9999 -9999 -9999 -9999 -9999 -9999 -9999 -9999 -9999 -9999 -9999 -9999 -9999 -9999 0.564775 0.583881 0.62651 0.644929 0.6525 0.665251 -9999 -9999
-9999 -9999 -9999 -9999 0.497899 0.489633 0.485577 0.481225 0.483884 0.485068 0.503774 0.50021 0.498201 0.496471 0.495269 0.502839 0.506105 0.521233 0.509734 0.514288 0.523314 0.543864 0.557274 0.588719 0.606573 0.601855 0.587308 0.606288 0.639897 0.6797 0.739554 0.745619 0.757112 0.780779 -9999 -9999 -9999 -9999 -9999 -9999 0.692246 0.678454 0.667867 0.668729 0.689981 0.66582 0.637185 0.650798 0.652091 0.637086 0.627069 0.633108 0.609952 0.599707 0.600088 0.587153 -9999 -9999 -9999 -9999 0.560525 0.556056 0.551649 0.557366 0.604749 0.634521 0.659427 0.628973 -9999 -9999
-9999 -9999 -9999 -9999 0.470154 0.469595 0.472723 0.478506 0.473824 0.475409 0.491046 0.476703 0.474936 0.472102 0.469339 0.470142 0.476464 0.475386 0.478079 0.486379 0.518233 0.555734 0.549749 0.58549 0.622198 0.596047 0.584696 0.606121 0.646543 0.691186 0.717402 0.719481 0.736353 0.748424 -9999 -9999 -9999 0.709322 0.685317 0.683289 0.677782 0.658844 0.645559 0.646961 0.642274 0.629736 0.62724 0.64101 0.65488 0.64656 0.614812 0.603332 0.594922 0.58449 0.584383 0.564613 0.55255 0.544541 0.540048 0.53844 0.535645 0.531766 0.529037 0.533993 0.586355 0.607298 0.617112 0.604688 -9999 -9999
-9999 -9999 -9999 -9999 0.471922 0.473516 0.474971 0.454098 0.457682 0.452715 0.455143 0.46514 0.461022 0.46517 0.454488 0.452136 0.451518 0.454114 0.459997 0.486311 0.522887 0.560964 0.583364 0.57562 0.607449 0.602017 0.59053 0.612867 0.627764 0.667773 0.67296 0.689478 0.727238 0.75691 -9999 -9999 0.740879 0.694619 0.662653 0.64701 0.643656 0.645843 0.629032 0.631093 0.612804 0.606379 0.625795 0.622155 0.643279 0.633443 0.605391 0.598463 0.582756 0.562382 0.55469 0.549899 0.540852 0.53609 0.532546 0.52975 0.530221 0.525878 0.522348 0.52403 0.552813 0.562922 0.553187 0.591501 -9999 -9999
-9999 -9999 -9999 -9999 0.450159 0.450897 0.448712 0.453851 0.450145 0.446574 0.45544 0.442371 0.450165 0.451206 0.45065 0.439121 0.437217 0.437786 0.44128 0.466337 0.496733 0.541191 0.572784 0.586581 0.605235 0.617663 0.614449 0.621921 0.628971 0.626551 0.646384 0.674113 0.690919 0.730407 0.746143 -9999 0.72582 0.703189 0.665402 0.634763 0.616968 0.627089 0.608019 0.607971 0.586167 0.596748 0.606002 0.600785 0.599784 0.599781 0.581488 0.576447 0.567848 0.557884 0.546405 0.54043 0.534942 0.530923 0.527726 0.524905 0.522659 0.520275 0.517915 0.516134 0.526563 0.519599 0.545746 0.587596 -9999 -9999
-9999 -9999 -9999 0.45362 0.441627 0.436238 0.439394 0.442063 0.442848 0.44241 0.444343 0.433774 0.428959 0.436933 0.446872 0.441159 0.43551 0.426079 0.428339 0.434339 0.453917 0.50665 0.523481 0.549085 0.58613 0.605839 0.60595 0.587014 0.591695 0.60968 0.628011 0.658685 0.677865 0.696937 0.741896 0.732236 0.706784 0.688068 0.661885 0.624447 0.599972 0.591506 0.591284 0.576417 0.574949 0.577708 0.579929 0.58321 0.589513 0.588465 0.585776 0.573473 0.565458 0.55213 0.542111 0.535314 0.530539 0.526945 0.524071 0.521563 0.519455 0.517557 0.51467 0.510887 0.493732 0.50706 0.543376 0.561345 -9999 -9999
-9999 -9999 -9999 -9999 0.439062 0.444112 0.452585 0.457072 0.455309 0.449922 0.443036 0.439238 0.429045 0.421495 0.437216 0.447504 0.431034 0.424702 0.420705 0.424547 0.432588 0.469405 0.496252 0.519524 0.555426 0.553199 0.550022 0.554539 0.564209 0.600618 0.635426 0.680369 0.714021 0.712124 0.731321 0.718501 0.700042 0.661387 0.634959 0.625186 0.619982 0.585053 0.57217 0.565037 0.556775 0.571407 0.567302 0.576309 0.571727 0.570553 0.568076 0.593316 0.564733 0.55997 0.538874 0.531802 0.52684 0.523905 0.521448 0.519746 0.51802 0.516098 0.513116 0.500463 0.487228 0.491045 0.548721 0.559847 -9999 -9999
-9999 -9999 -9999 -9999 -9999 -9999 0.454562 0.457051 0.45899 0.455613 0.440444 0.432909 0.425658 0.420823 0.422031 0.434727 0.4352 0.431144 0.446992 0.437525 0.422685 0.428898 0.437872 0.478463 0.503813 0.494754 0.506202 0.536389 0.560002 0.581967 0.622899 0.65773 0.69708 0.725182 0.722669 0.684374 0.654729 0.615671 0.598334 0.607616 0.599859 0.576688 0.556132 0.546928 0.550597 0.565643 0.560312 0.574625 0.557741 0.554471 0.559366 0.563186 0.560383 0.548806 0.543107 0.52697 0.522035 0.521512 0.519904 0.518562 0.517223 0.515392 0.504703 0.497307 0.488077 0.477504 0.536306 0.567737 -9999 -9999
-9999 -9999 -9999 -9999 -9999 -9999 0.464385 0.469309 0.465827 0.445145 0.437262 0.430212 0.426885 0.420188 0.41981 0.429033 0.440029 0.451383 0.467907 0.460576 0.439481 0.430131 0.434949 0.47105 0.464236 0.476941 0.494428 0.532268 0.56041 0.576045 0.615757 0.654293 0.680149 0.715761 0.696116 0.674772 0.648641 0.607844 0.579954 0.568773 0.576917 0.565043 0.540755 0.541383 0.555729 0.555338 0.556292 0.576089 0.552303 0.544198 0.547227 0.543966 0.5458 0.540459 0.532708 0.525611 0.520827 0.519638 0.519248 0.518326 0.517036 0.511651 0.505972 0.49794 0.488133 0.476638 0.509368 0.567328 -9999 -9999
-9999 -9999 -9999 -9999 -9999 -9999 -9999 0.482588 0.467195 0.438813 0.435745 0.434802 0.425088 0.420523 0.422665 0.424428 0.438146 0.459308 0.502584 0.493349 0.473768 0.445467 0.433964 0.442899 0.460368 0.483845 0.53062 0.571498 0.58011 0.589106 0.61889 0.650272 0.679812 0.659733 0.637478 0.613266 0.599473 0.600411 0.576525 0.557322 0.564707 0.549635 0.532294 0.540401 0.545239 0.549163 0.551176 0.550088 0.547299 0.532924 0.53983 0.532877 0.533073 0.531947 0.52793 0.523839 0.519865 0.519026 0.518652 0.517805 0.516099 0.511835 0.505786 0.497581 0.487305 0.475285 0.465496 0.485056 0.494293 -9999
-9999 -9999 -9999 -9999 -9999 -9999 -9999 0.500305 0.495498 0.461326 0.454794 0.436863 0.425343 0.42143 0.42839 0.430436 0.452112 0.458986 0.49847 0.518962 0.506497 0.51652 0.476145 0.441703 0.457689 0.545184 0.580373 0.606461 0.605305 0.608561 0.618613 0.668094 0.679109 0.639351 0.613283 0.592455 0.576232 0.570418 0.570067 0.539843 0.536263 0.52634 0.527935 0.526676 0.540804 0.549285 0.533458 0.540617 0.540277 0.525533 0.536706 0.52385 0.525902 0.52844 0.528093 0.520305 0.518797 0.518028 0.516521 0.516561 0.514497 0.510819 0.504056 0.495469 0.485136 0.472521 0.458765 0.438994 0.444686 0.43508
-9999 -9999 -9999 -9999 -9999 -9999 -9999 -9999 0.529222 0.480346 0.461864 0.448412 0.428553 0.423488 0.421189 0.430208 0.45392 0.474923 0.510157 0.551071 0.57782 0.516723 0.464919 0.440647 0.451057 0.524268 0.556212 0.562187 0.550544 0.567185 0.579815 0.61959 0.62912 0.641761 0.632135 0.600451 0.5773 0.556805 0.541144 0.538464 0.526726 0.523362 0.521958 0.519268 0.520004 0.520378 0.525981 0.514144 0.520385 0.514261 0.51563 0.517105 0.520284 0.527791 0.521988 0.517133 0.51614 0.511106 0.512909 0.512594 0.5102 0.505662 0.50065 0.49182 0.481011 0.468658 0.454576 0.429834 0.415437 0.412106
-9999 -9999 -9999 -9999 -9999 -9999 -9999 -9999 0.554482 0.505742 0.486431 0.453596 0.427753 0.417794 0.418021 0.425423 0.443409 0.471162 0.494505 0.540028 0.587813 0.516978 0.471215 0.442899 0.445823 0.508759 0.497627 0.514711 0.513441 0.540108 0.552503 0.568041 0.585154 0.603245 0.615388 0.623057 0.576354 0.552024 0.531632 0.52086 0.513432 0.508085 0.510139 0.516363 0.536088 0.518478 0.510398 0.509685 0.509458 0.50861 0.508943 0.510026 0.512401 0.51257 0.518039 0.503727 0.502927 0.505522 0.506746 0.506291 0.5038 0.498931 0.491791 0.485422 0.475348 0.463164 0.449572 0.424916 0.408786 0.393116
-9999 -9999 -9999 -9999 -9999 -9999 -9999 -9999 0.627258 0.554588 0.4881 0.457725 0.428526 0.421534 0.418508 0.42906 0.436706 0.456526 0.475491 0.505303 0.550386 0.57868 0.523389 0.450653 0.44469 0.45228 0.458047 0.47668 0.493558 0.498435 0.500178 0.524031 0.534766 0.566586 0.571583 0.58381 0.549409 0.544865 0.546855 0.506335 0.504046 0.50347 0.515209 0.533674 0.527565 0.542941 0.525579 0.535472 0.521981 0.510426 0.505477 0.50499 0.507602 0.4926 0.495977 0.492104 0.495273 0.497699 0.498706 0.497867 0.495031 0.490295 0.483177 0.473606 0.467012 0.454757 0.443431 0.419166 0.403869 0.38899
-9999 -9999 -9999 -9999 -9999 -9999 -9999 -9999 0.609614 0.554863 0.50319 0.467378 0.437032 0.430055 0.419364 0.421208 0.429439 0.4467 0.468527 0.492952 0.531468 0.560441 0.527256 0.472314 0.438479 0.430136 0.454665 0.458942 0.465542 0.451832 0.459831 0.472789 0.491872 0.514194 0.532432 0.557342 0.518906 0.51479 0.520435 0.499272 0.498105 0.525221 0.545006 0.544456 0.533292 0.543626 0.535348 0.550104 0.538536 0.511638 0.496662 0.495916 0.487076 0.487301 0.481115 0.483755 0.486407 0.488179 0.488794 0.487522 0.484338 0.479605 0.472639 0.46373 0.453555 0.446581 0.433846 0.409378 0.398812 0.384807
-9999 -9999 -9999 -9999 -9999 -9999 -9999 -9999 0.585927 0.574392 0.527775 0.475767 0.4432 0.430036 0.420176 0.419971 0.429735 0.438115 0.451641 0.473013 0.487781 0.513716 0.549524 0.490975 0.465649 0.453595 0.426965 0.412708 0.416595 0.428521 0.472476 0.467218 0.462962 0.487741 0.497338 0.51136 0.490443 0.49071 0.490804 0.490652 0.513833 0.546263 0.571231 0.547737 0.548629 0.543249 0.561126 0.510465 0.48877 0.481092 0.505341 0.515356 0.487744 0.475732 0.475082 0.475499 0.476176 0.477584 0.477208 0.475805 0.472597 0.467589 0.460969 0.452625 0.442982 0.432209 0.425567 0.401831 0.388353 0.359777
-9999 -9999 -9999 -9999 -9999 -9999 -9999 -9999 -9999 0.577156 0.512485 0.459439 0.430425 0.412396 0.403847 0.404442 0.40966 0.415273 0.423187 0.437836 0.456366 0.486299 0.508421 0.493254 0.464784 0.467553 0.457305 0.42528 0.416583 0.436873 0.488686 0.458273 0.435103 0.439331 0.445037 0.45036 0.472248 0.475486 0.4815 0.49771 0.549295 0.53931 0.556211 0.549414 0.555775 0.535004 0.532741 0.505063 0.491986 0.486435 0.508214 0.504013 0.469423 0.460966 0.464991 0.460886 0.465411 0.465697 0.464956 0.463224 0.459701 0.454687 0.448287 0.430591 0.420729 0.409782 0.403342 0.379447 0.368172 0.356514
-9999 -9999 -9999 -9999 -9999 -9999 -9999 -9999 -9999 0.583657 0.523633 0.460034 0.440216 0.420155 0.402645 0.402424 0.410205 0.417295 0.424354 0.432306 0.455068 0.477133 0.498302 0.505111 0.500471 0.494154 0.476403 0.433668 0.427625 0.434459 0.476981 0.494624 0.461642 0.434323 0.434686 0.439647 0.476883 0.46981 0.488679 0.51344 0.518322 0.526714 0.547335 0.531805 0.545654 0.534394 0.53288 0.515873 0.506649 0.48863 0.507268 0.506888 0.471617 0.459754 0.460853 0.448588 0.444713 0.443683 0.442542 0.440174 0.4365 0.43114 0.424644 0.416892 0.408086 0.398802 0.389826 0.388168 0.390887 0.379245
-9999 -9999 -9999 -9999 -9999 -9999 -9999 -9999 -9999 0.576364 0.534267 0.477165 0.434829 0.432292 0.411518 0.400574 0.408787 0.417887 0.427033 0.430433 0.455306 0.482763 0.504892 0.531472 0.526689 0.507246 0.468874 0.441707 0.438767 0.447389 0.468785 0.460334 0.438161 0.427463 0.425725 0.430434 0.439275 0.444086 0.4578 0.462649 0.480335 0.508528 0.517564 0.506496 0.53587 0.530353 0.515363 0.525096 0.501389 0.489421 0.513456 0.481827 0.458968 0.447691 0.438094 0.433815 0.4321 0.428736 0.427361 0.424731 0.421 0.416191 0.410129 0.403449 0.395765 0.38972 0.384486 0.399062 0.391606 0.379291
-9999 -9999 -9999 -9999 -9999 -9999 -9999 -9999 -9999 0.569053 0.530249 0.479937 0.449082 0.443132 0.419553 0.39843 0.399932 0.409196 0.411306 0.420787 0.441698 0.464961 0.490607 0.502829 0.532056 0.502797 0.472352 0.449352 0.439755 0.456444 0.467584 0.452552 0.437661 0.432727 0.417347 0.418652 0.424808 0.448607 0.459599 0.453474 0.45662 0.463001 0.481553 0.479591 0.490284 0.493094 0.495847 0.510523 0.497002 0.493957 0.479608 0.452734 0.4402 0.431997 0.424662 0.422554 0.418939 0.413898 0.411837 0.409125 0.405613 0.401009 0.395811 0.390586 0.384434 0.382258 0.383928 0.393836 0.407125 0.377084
-9999 -9999 -9999 -9999 -9999 -9999 -9999 -9999 -9999 0.575656 0.533442 0.489469 0.470368 0.46612 0.423319 0.396669 0.39546 0.399103 0.403555 0.428394 0.425761 0.429939 0.452964 0.487085 0.524845 0.521007 0.503412 0.458826 0.44964 0.477721 0.489884 0.482955 0.458876 0.437362 0.414658 0.409298 0.416497 0.453263 0.491855 0.472466 0.451369 0.449452 0.45284 0.470043 0.473733 0.476885 0.488913 0.504953 0.504979 0.496128 0.454878 0.44469 0.430146 0.418097 0.421373 0.418005 0.406297 0.398717 0.396443 0.393639 0.390015 0.385968 0.381401 0.378074 0.37429 0.371672 0.390164 0.398785 0.404042 0.371733
-9999 -9999 -9999 -9999 -9999 -9999 -9999 -9999 -9999 0.588345 0.556275 0.513216 0.494649 0.466452 0.425289 0.404241 0.393381 0.392102 0.394465 0.404818 0.41064 0.423375 0.44734 0.480604 0.517839 0.542063 0.529347 0.477863 0.458917 0.493524 0.508819 0.491201 0.46488 0.425515 0.403103 0.400195 0.40215 0.409337 0.437225 0.470729 0.469139 0.450001 0.462545 0.477289 0.465764 0.465252 0.477289 0.485594 0.489528 0.473773 0.45302 0.444598 0.427449 0.40315 0.398359 0.397436 0.386181 0.383743 0.381198 0.378065 0.374791 0.371051 0.366968 0.363951 0.362787 0.37405 0.382838 0.397211 0.393408 0.354605
-9999 -9999 -9999 -9999 -9999 -9999 -9999 -9999 -9999 0.610054 0.571617 0.530108 0.491284 0.454651 0.422997 0.418471 0.401075 0.399282 0.389628 0.390519 0.400069 0.41061 0.431127 0.474054 0.510165 0.54973 0.538772 0.500185 0.475628 0.495127 0.531021 0.494288 0.453707 0.416848 0.396773 0.412142 0.395646 0.396292 0.406142 0.425646 0.456376 0.454234 0.476558 0.47576 0.461477 0.455472 0.455513 0.461274 0.466332 0.457528 0.44204 0.437216 0.420793 0.400996 0.381647 0.376609 0.371115 0.368628 0.366028 0.362953 0.359803 0.356703 0.353766 0.35154 0.361264 0.373371 0.378705 0.387752 0.38403 0.340975
