Test_Spring_2018b/01_18/Prec/20180113_000.txt
ncols	170
nrows	115
xllcorner	350000.000000
yllcorner	4445000.000000
cellsize	1000.000000
nodata_value	-9999.000000
[rows 31 to 61 of 115, columns 70 to 139 of 170]
0.369188 0.376366 0.378684 0.372814 0.372705 0.383657 0.375507 0.374863 0.373702 0.371915 0.365296 0.362733 0.35747 0.34863 0.344734 0.329483 0.280924 0.294427 0.299663 0.285593 0.293398 0.306145 0.295105 0.262272 0.248175 0.225428 0.23262 0.222395 0.204248 -9999 -9999 -9999 -9999 -9999 -9999 -9999 -9999 -9999 -9999 -9999 -9999 -9999 -9999 -9999 -9999 -9999 -9999 -9999 -9999 -9999 -9999 -9999 -9999 -9999 -9999 -9999 -9999 -9999 -9999 -9999 -9999 -9999 -9999 -9999 -9999 -9999 -9999 -9999 -9999 -9999
0.374819 0.377569 0.376467 0.370521 0.377534 0.383852 0.366667 0.362668 0.374917 0.374223 0.369475 0.359262 0.355178 0.351029 0.348362 0.335698 0.300886 0.269542 0.286057 0.286345 0.274752 0.295405 0.284487 0.256019 0.215834 0.237747 0.232109 0.199951 0.193234 -9999 -9999 -9999 -9999 -9999 -9999 -9999 -9999 -9999 -9999 -9999 -9999 -9999 -9999 -9999 -9999 -9999 -9999 -9999 -9999 -9999 -9999 -9999 -9999 -9999 -9999 -9999 -9999 -9999 -9999 -9999 -9999 -9999 -9999 -9999 -9999 -9999 -9999 -9999 -9999 -9999
0.369341 0.377042 0.373308 0.370007 0.380605 0.379152 0.375916 0.367972 0.37559 0.37624 0.373866 0.368961 0.36469 0.360265 0.349997 0.335508 0.305624 0.269932 0.261694 0.278884 0.279616 0.282343 0.272361 0.259853 0.240304 0.256348 0.262601 0.24377 0.215827 0.20053 -9999 -9999 -9999 -9999 -9999 -9999 -9999 -9999 -9999 -9999 -9999 -9999 -9999 -9999 -9999 -9999 -9999 -9999 -9999 -9999 -9999 -9999 -9999 -9999 -9999 -9999 -9999 -9999 -9999 -9999 -9999 -9999 -9999 -9999 -9999 -9999 -9999 -9999 -9999 -9999
0.360508 0.374192 0.368805 0.35603 0.361688 0.365543 0.371386 0.363548 0.363977 0.377003 0.37534 0.373852 0.367117 0.361674 0.35318 0.33916 0.319484 0.295951 0.255277 0.28003 0.299425 0.298841 0.297722 0.288938 0.27014 0.285872 0.286627 0.262479 0.232081 0.216252 0.209822 -9999 -9999 -9999 -9999 -9999 -9999 -9999 -9999 -9999 -9999 -9999 -9999 -9999 -9999 -9999 -9999 -9999 -9999 -9999 -9999 -9999 -9999 -9999 -9999 -9999 -9999 -9999 -9999 -9999 -9999 -9999 -9999 -9999 -9999 -9999 -9999 -9999 -9999 -9999
-9999 0.36864 0.363134 0.347555 0.352978 0.360751 0.370986 0.376572 0.370032 0.373047 0.376241 0.374761 0.36777 0.348925 0.345701 0.344384 0.331332 0.30451 0.277802 0.270751 0.30039 0.308817 0.307019 0.313637 0.297704 0.305229 0.302153 0.29357 0.26768 0.240321 0.230637 0.211294 -9999 -9999 -9999 -9999 -9999 -9999 -9999 -9999 -9999 -9999 -9999 -9999 -9999 -9999 -9999 -9999 -9999 -9999 -9999 -9999 -9999 -9999 -9999 -9999 -9999 -9999 -9999 -9999 -9999 -9999 -9999 -9999 -9999 -9999 -9999 -9999 -9999 -9999
-9999 -9999 -9999 -9999 0.34006 0.349425 0.360046 0.369608 0.368881 0.373168 0.377417 0.375842 0.362604 0.35576 0.354514 0.345653 0.330609 0.321093 0.304159 0.286606 0.293085 0.318387 0.307033 0.324997 0.323464 0.326773 0.314753 0.292315 0.261724 0.240487 0.231848 0.216215 -9999 -9999 -9999 -9999 -9999 -9999 -9999 -9999 -9999 -9999 -9999 -9999 -9999 -9999 -9999 -9999 -9999 -9999 -9999 -9999 -9999 -9999 -9999 -9999 -9999 -9999 -9999 -9999 -9999 -9999 -9999 -9999 -9999 -9999 -9999 -9999 -9999 -9999
-9999 -9999 -9999 -9999 -9999 0.349513 0.357251 0.372312 0.367813 0.36987 0.377292 0.376008 0.370236 0.365767 0.359879 0.352586 0.341124 0.328653 0.312707 0.311056 0.327171 0.327295 0.323863 0.32652 0.334873 0.332686 0.313964 0.282301 0.265307 0.227207 0.212641 0.214362 0.204087 -9999 -9999 -9999 -9999 -9999 -9999 -9999 -9999 -9999 -9999 -9999 -9999 0.246167 -9999 -9999 -9999 -9999 -9999 -9999 -9999 -9999 -9999 -9999 -9999 -9999 -9999 -9999 -9999 -9999 -9999 -9999 -9999 -9999 0.185867 -9999 -9999 -9999
-9999 -9999 -9999 -9999 0.354646 0.363263 0.368929 0.377116 0.374231 0.369213 0.37774 0.376396 0.371818 0.367016 0.357767 0.354988 0.348213 0.334703 0.331745 0.336883 0.339234 0.341969 0.343677 0.342315 0.33897 0.334638 0.322985 0.308084 0.298075 0.266412 0.247303 0.232264 0.209385 0.191523 -9999 -9999 -9999 -9999 -9999 -9999 -9999 0.234368 0.23364 0.234177 0.239367 0.253472 0.245384 -9999 -9999 -9999 -9999 -9999 -9999 -9999 -9999 -9999 -9999 -9999 -9999 -9999 -9999 -9999 -9999 -9999 -9999 -9999 0.199229 0.181157 -9999 -9999
-9999 -9999 -9999 -9999 0.360628 0.368947 0.371488 0.379003 0.382058 0.373304 0.374904 0.376592 0.374572 0.369251 0.362019 0.361304 0.35212 0.347081 0.343516 0.350574 0.351952 0.349087 0.345526 0.342403 0.333437 0.332463 0.329866 0.32043 0.304906 0.288894 0.262595 0.231478 0.200958 0.176371 -9999 -9999 -9999 -9999 -9999 -9999 0.237626 0.249367 0.256449 0.24178 0.254539 0.266211 0.26449 0.253557 -9999 -9999 -9999 -9999 -9999 -9999 -9999 -9999 -9999 -9999 -9999 -9999 -9999 -9999 0.285727 0.267197 0.229655 0.210464 0.198994 0.182571 -9999 -9999
-9999 -9999 -9999 -9999 0.360689 0.370742 0.376374 0.381013 0.378892 0.375254 0.376064 0.375965 0.37413 0.371985 0.36978 0.361459 0.357659 0.345921 0.356614 0.356139 0.353416 0.342604 0.338007 0.319422 0.311318 0.309876 0.325704 0.314113 0.289829 0.259442 0.219834 0.217724 0.205871 0.183925 -9999 -9999 -9999 -9999 -9999 -9999 0.242012 0.254556 0.265042 0.266669 0.252083 0.272725 0.272192 0.260829 0.258343 0.26788 0.272776 0.269486 0.280837 0.284243 0.279286 0.284964 -9999 -9999 -9999 -9999 0.288833 0.289695 0.290373 0.282715 0.24169 0.213704 0.188584 0.186368 -9999 -9999
-9999 -9999 -9999 -9999 0.372329 0.376791 0.377051 0.37379 0.377304 0.372661 0.374107 0.377528 0.37499 0.373172 0.371667 0.368195 0.36162 0.362383 0.361822 0.358445 0.337934 0.314036 0.324976 0.308362 0.278123 0.303231 0.317102 0.303991 0.274576 0.240427 0.22629 0.227029 0.210466 0.191637 -9999 -9999 -9999 0.210521 0.228434 0.230153 0.235607 0.252416 0.265283 0.27244 0.279019 0.279054 0.272353 0.261238 0.249148 0.253621 0.275707 0.281188 0.285941 0.289467 0.284872 0.289852 0.295697 0.298733 0.29939 0.298099 0.297924 0.298591 0.298117 0.291122 0.252004 0.231054 0.217725 0.194078 -9999 -9999
-9999 -9999 -9999 -9999 0.376225 0.379562 0.38126 0.380826 0.377773 0.380046 0.373306 0.375856 0.37438 0.366264 0.370223 0.368589 0.367009 0.364649 0.361592 0.344306 0.320546 0.29682 0.286165 0.291808 0.273754 0.283446 0.297607 0.289779 0.274744 0.244301 0.239898 0.230367 0.202077 0.174892 -9999 -9999 0.176463 0.210653 0.2348 0.247371 0.251442 0.252087 0.268271 0.269835 0.287239 0.28374 0.26127 0.263996 0.252266 0.258086 0.269298 0.27155 0.283332 0.2943 0.296316 0.296274 0.299941 0.300675 0.300893 0.300879 0.298496 0.299868 0.30031 0.29609 0.269745 0.257053 0.243131 0.197868 -9999 -9999
-9999 -9999 -9999 -9999 0.382584 0.386709 0.391287 0.388158 0.390065 0.377999 0.365793 0.372176 0.37295 0.366548 0.361854 0.366845 0.365847 0.36485 0.363665 0.347577 0.329077 0.300883 0.283644 0.273647 0.266469 0.258857 0.266467 0.26453 0.261641 0.264864 0.253873 0.234829 0.218284 0.187222 0.170422 -9999 0.178789 0.194227 0.222913 0.247384 0.263057 0.257829 0.276238 0.279957 0.290908 0.285142 0.271597 0.268597 0.268313 0.266613 0.278739 0.284276 0.290188 0.293912 0.298488 0.299561 0.300663 0.3011 0.301372 0.301731 0.301831 0.301977 0.301746 0.300399 0.288513 0.275993 0.2483 0.200053 -9999 -9999
-9999 -9999 -9999 0.366216 0.383425 0.392831 0.393467 0.392333 0.390564 0.387819 0.379822 0.372784 0.371823 0.368936 0.355421 0.355346 0.356924 0.36358 0.363332 0.362373 0.352681 0.318407 0.307348 0.292506 0.270579 0.26157 0.26692 0.286048 0.28526 0.272612 0.258332 0.236733 0.222283 0.203191 0.166587 0.169756 0.186106 0.198327 0.217847 0.247728 0.268824 0.278469 0.282384 0.290253 0.294499 0.288862 0.28129 0.27836 0.272413 0.271635 0.271615 0.278739 0.284351 0.294651 0.298715 0.300407 0.301225 0.301642 0.301998 0.302451 0.30276 0.302792 0.303162 0.303475 0.303071 0.286241 0.250569 0.221399 -9999 -9999
-9999 -9999 -9999 -9999 0.380895 0.382463 0.379118 0.376588 0.376702 0.37759 0.376143 0.372991 0.374199 0.367804 0.355804 0.342799 0.35261 0.356656 0.36127 0.362066 0.361613 0.334495 0.320486 0.3097 0.28889 0.297572 0.305762 0.306687 0.302192 0.275246 0.248166 0.215097 0.185953 0.184046 0.167009 0.174982 0.185713 0.213525 0.233201 0.24135 0.247372 0.277957 0.286352 0.291163 0.29976 0.290031 0.287861 0.280425 0.283073 0.282476 0.282419 0.260202 0.281983 0.282678 0.296357 0.30101 0.302198 0.302426 0.302785 0.302912 0.303186 0.303433 0.303989 0.304283 0.309374 0.299789 0.246539 0.22248 -9999 -9999
-9999 -9999 -9999 -9999 -9999 -9999 0.374739 0.373782 0.37089 0.370017 0.374838 0.374377 0.37301 0.369743 0.36242 0.347789 0.344128 0.346263 0.335189 0.346076 0.360627 0.361852 0.361867 0.337469 0.325394 0.339279 0.336099 0.316991 0.301703 0.286302 0.254607 0.229413 0.19598 0.17066 0.169091 0.195765 0.217611 0.245725 0.258231 0.251374 0.259386 0.275622 0.293554 0.30277 0.30181 0.29161 0.290635 0.278961 0.29128 0.292398 0.286681 0.281511 0.283114 0.289492 0.291428 0.301893 0.303959 0.303541 0.303531 0.303629 0.303786 0.304069 0.306626 0.308129 0.309782 0.311131 0.25655 0.21627 -9999 -9999
-9999 -9999 -9999 -9999 -9999 -9999 0.365315 0.362404 0.363703 0.376345 0.375335 0.374417 0.369896 0.368038 0.361921 0.349596 0.33778 0.327741 0.315426 0.323938 0.345009 0.358253 0.36132 0.340257 0.353403 0.350099 0.342152 0.31707 0.298331 0.288078 0.257567 0.229548 0.207022 0.176096 0.188273 0.201853 0.219651 0.250068 0.270873 0.279755 0.273204 0.283614 0.3042 0.30539 0.295754 0.297447 0.291568 0.275464 0.293178 0.298152 0.294044 0.294663 0.292793 0.294625 0.298563 0.302316 0.304638 0.304505 0.304155 0.304097 0.304308 0.305664 0.306871 0.308666 0.310501 0.312259 0.277831 0.216487 -9999 -9999
-9999 -9999 -9999 -9999 -9999 -9999 -9999 0.351255 0.361871 0.380566 0.3758 0.370181 0.370816 0.367429 0.35947 0.353126 0.339174 0.321461 0.288123 0.297918 0.317496 0.345275 0.36078 0.36069 0.354461 0.342429 0.311283 0.283742 0.280393 0.275496 0.253022 0.230854 0.205811 0.219075 0.233693 0.249866 0.258218 0.255654 0.273454 0.28827 0.28275 0.295388 0.310165 0.305104 0.302582 0.300561 0.293712 0.293876 0.295023 0.304971 0.297953 0.301703 0.301352 0.300234 0.301622 0.30339 0.305414 0.305279 0.304959 0.304993 0.305118 0.306251 0.307607 0.309352 0.311342 0.313292 0.312084 0.280815 0.261538 -9999
-9999 -9999 -9999 -9999 -9999 -9999 -9999 0.337597 0.339855 0.363179 0.361279 0.369277 0.371645 0.368077 0.356637 0.350146 0.32969 0.323323 0.292821 0.279164 0.292765 0.289928 0.327594 0.361059 0.355537 0.292753 0.270408 0.254313 0.258597 0.258301 0.251557 0.21548 0.205436 0.234645 0.252728 0.266656 0.27724 0.279399 0.279005 0.302089 0.305596 0.313878 0.313386 0.315274 0.305039 0.29907 0.305964 0.299474 0.298625 0.308895 0.298651 0.307256 0.305705 0.302051 0.300908 0.305913 0.306275 0.306279 0.306314 0.305919 0.306163 0.306913 0.308691 0.310589 0.312491 0.314808 0.316667 0.316319 0.299913 0.294709
-9999 -9999 -9999 -9999 -9999 -9999 -9999 -9999 0.314501 0.349519 0.357236 0.362094 0.371472 0.369281 0.362515 0.352083 0.331208 0.313773 0.28652 0.256093 0.238844 0.291363 0.337375 0.36218 0.360457 0.308364 0.288151 0.287593 0.299998 0.289209 0.280615 0.25255 0.244116 0.232625 0.238285 0.258022 0.274595 0.290279 0.301985 0.303368 0.311806 0.316589 0.318073 0.320664 0.32054 0.320568 0.310225 0.318499 0.312401 0.315914 0.31349 0.311013 0.308829 0.301567 0.30501 0.307969 0.30812 0.309142 0.308105 0.307902 0.308296 0.309177 0.310131 0.312131 0.31437 0.316515 0.318747 0.322425 0.32214 0.312401
-9999 -9999 -9999 -9999 -9999 -9999 -9999 -9999 0.296649 0.331718 0.340354 0.360902 0.369963 0.37241 0.368451 0.359578 0.343383 0.320677 0.302651 0.268328 0.233198 0.284895 0.333998 0.361261 0.364071 0.320143 0.333306 0.323665 0.327725 0.309025 0.300741 0.292125 0.278147 0.262855 0.246332 0.238121 0.274869 0.293715 0.309209 0.316936 0.321882 0.325082 0.324158 0.322468 0.307017 0.320826 0.320792 0.320164 0.319079 0.318453 0.316928 0.314904 0.313574 0.312313 0.307112 0.31095 0.312767 0.311575 0.310855 0.310617 0.310954 0.311992 0.313567 0.314724 0.316697 0.318875 0.321 0.324847 0.326462 0.327047
-9999 -9999 -9999 -9999 -9999 -9999 -9999 -9999 0.242201 0.296235 0.334057 0.354168 0.371482 0.37319 0.372147 0.361084 0.353186 0.336731 0.321994 0.299712 0.26626 0.246647 0.283326 0.342923 0.365364 0.36436 0.363708 0.35246 0.342012 0.340361 0.34052 0.325732 0.307524 0.28346 0.276783 0.267727 0.29496 0.29837 0.296332 0.327451 0.328293 0.327623 0.317153 0.303782 0.307503 0.300201 0.306998 0.297898 0.307175 0.314966 0.317649 0.316958 0.315604 0.314792 0.3133 0.317591 0.316118 0.314855 0.314104 0.313992 0.314464 0.315325 0.316894 0.319217 0.319928 0.322159 0.323769 0.327652 0.329318 0.330075
-9999 -9999 -9999 -9999 -9999 -9999 -9999 -9999 0.250203 0.288179 0.325826 0.348247 0.368582 0.370618 0.375921 0.371951 0.36372 0.349255 0.332085 0.313698 0.284939 0.264226 0.292752 0.326417 0.355269 0.365663 0.365696 0.36533 0.362693 0.361896 0.358193 0.353238 0.339744 0.318909 0.305592 0.286661 0.317167 0.320327 0.315471 0.331388 0.331322 0.308814 0.291926 0.290942 0.301289 0.291879 0.290509 0.284171 0.291878 0.31172 0.306189 0.306864 0.315583 0.316151 0.322156 0.320999 0.319672 0.318667 0.317992 0.318032 0.31866 0.319491 0.32102 0.323023 0.325005 0.325588 0.327623 0.331505 0.332224 0.333204
-9999 -9999 -9999 -9999 -9999 -9999 -9999 -9999 0.257422 0.276898 0.310622 0.345489 0.3678 0.374963 0.379858 0.377677 0.368311 0.360761 0.349902 0.33356 0.322997 0.304113 0.277782 0.325823 0.333822 0.346851 0.353559 0.367133 0.366756 0.360295 0.349776 0.355759 0.355349 0.337196 0.330669 0.320326 0.337101 0.336862 0.33641 0.33583 0.316624 0.28992 0.268923 0.285933 0.283739 0.289895 0.267643 0.287345 0.302635 0.307551 0.296657 0.288703 0.311927 0.322307 0.323433 0.323733 0.323663 0.322664 0.322529 0.322499 0.32306 0.324131 0.325534 0.327371 0.329349 0.331396 0.331505 0.335351 0.336875 0.339131
-9999 -9999 -9999 -9999 -9999 -9999 -9999 -9999 -9999 0.263354 0.308914 0.348129 0.368464 0.380303 0.384931 0.382682 0.377157 0.371696 0.364797 0.35295 0.338368 0.315102 0.298226 0.310889 0.317398 0.31897 0.328772 0.356011 0.365179 0.351762 0.316528 0.3376 0.358196 0.357079 0.354504 0.351812 0.348344 0.345779 0.340693 0.327272 0.285755 0.278699 0.263173 0.266109 0.258688 0.275771 0.268992 0.288538 0.297087 0.300265 0.28252 0.286632 0.315259 0.322537 0.320178 0.324202 0.327551 0.327157 0.327086 0.327171 0.327938 0.329092 0.33053 0.332906 0.334907 0.337037 0.336871 0.34096 0.341252 0.34166
-9999 -9999 -9999 -9999 -9999 -9999 -9999 -9999 -9999 0.259846 0.304332 0.351582 0.364484 0.377757 0.389283 0.387528 0.379823 0.373011 0.366562 0.359726 0.341532 0.324139 0.307676 0.302705 0.306918 0.297115 0.312574 0.347942 0.354688 0.351484 0.317545 0.305671 0.333558 0.356845 0.358115 0.355417 0.3269 0.332714 0.317592 0.297308 0.292171 0.283878 0.265686 0.27576 0.262713 0.269514 0.265328 0.276597 0.282141 0.295047 0.279597 0.280267 0.309426 0.319005 0.31853 0.328547 0.331779 0.332411 0.332605 0.333108 0.333891 0.33521 0.336633 0.3383 0.340119 0.341724 0.342589 0.338888 0.322261 0.323775
-9999 -9999 -9999 -9999 -9999 -9999 -9999 -9999 -9999 0.270437 0.300402 0.3422 0.372525 0.371777 0.385651 0.392114 0.383849 0.375221 0.366875 0.363341 0.343188 0.32124 0.303693 0.282835 0.286806 0.302457 0.317065 0.339919 0.343912 0.338954 0.320902 0.329133 0.348109 0.357936 0.360507 0.357715 0.351306 0.347647 0.336541 0.331966 0.316895 0.293226 0.284375 0.291188 0.26617 0.268657 0.278758 0.265559 0.2825 0.290565 0.270691 0.297271 0.314921 0.323681 0.331229 0.334578 0.335753 0.337926 0.338107 0.338744 0.339641 0.34075 0.342211 0.343563 0.345165 0.345011 0.343824 0.326741 0.320632 0.323762
-9999 -9999 -9999 -9999 -9999 -9999 -9999 -9999 -9999 0.281277 0.308134 0.344157 0.365085 0.366698 0.382483 0.396673 0.393414 0.384384 0.381289 0.372684 0.355349 0.336395 0.315769 0.30588 0.282782 0.305815 0.312669 0.331998 0.340934 0.326203 0.31863 0.331649 0.344511 0.349435 0.362394 0.361992 0.357478 0.338752 0.329736 0.33382 0.330288 0.323934 0.307801 0.30767 0.297543 0.293653 0.289921 0.272936 0.28186 0.282815 0.295005 0.315693 0.324939 0.330949 0.336362 0.337653 0.340009 0.343256 0.34383 0.344505 0.345344 0.346552 0.347742 0.348494 0.349563 0.347147 0.341405 0.32894 0.307449 0.325563
-9999 -9999 -9999 -9999 -9999 -9999 -9999 -9999 -9999 0.281295 0.310212 0.340716 0.351939 0.351808 0.382344 0.400546 0.399105 0.394192 0.388964 0.367997 0.368889 0.364657 0.345809 0.318415 0.288315 0.291057 0.306774 0.322454 0.330802 0.306514 0.297798 0.304088 0.323814 0.341424 0.359822 0.364387 0.35884 0.329779 0.298999 0.313526 0.329135 0.329439 0.325396 0.310374 0.305922 0.301899 0.290962 0.270661 0.271247 0.276659 0.310357 0.317314 0.327868 0.336591 0.333337 0.335307 0.343755 0.3488 0.349441 0.350206 0.351286 0.352346 0.353467 0.353284 0.353162 0.351864 0.333748 0.323214 0.308095 0.329881
-9999 -9999 -9999 -9999 -9999 -9999 -9999 -9999 -9999 0.276512 0.296719 0.325866 0.336114 0.354328 0.383148 0.396563 0.402367 0.401011 0.397135 0.387286 0.381275 0.370067 0.350237 0.323272 0.293333 0.273749 0.283312 0.305239 0.315611 0.291058 0.279571 0.29394 0.315095 0.346418 0.364287 0.366664 0.365036 0.359091 0.336656 0.309593 0.309922 0.323871 0.312764 0.299819 0.307462 0.306423 0.295533 0.287632 0.278868 0.292285 0.307131 0.312485 0.324826 0.342889 0.345678 0.345444 0.353301 0.354142 0.354933 0.356012 0.356999 0.358134 0.359319 0.359456 0.357942 0.346488 0.336835 0.322671 0.322702 0.343504
-9999 -9999 -9999 -9999 -9999 -9999 -9999 -9999 -9999 0.26447 0.288831 0.316016 0.341545 0.365831 0.386691 0.386699 0.397281 0.396018 0.401321 0.398674 0.389518 0.379838 0.362528 0.327773 0.298517 0.266654 0.274598 0.306642 0.301795 0.286745 0.258784 0.287884 0.319946 0.348999 0.364752 0.352516 0.3652 0.36426 0.355931 0.33986 0.314817 0.315483 0.296793 0.296181 0.306094 0.309443 0.308009 0.302074 0.290628 0.300667 0.310944 0.313252 0.324762 0.339001 0.352951 0.355692 0.358809 0.359554 0.360353 0.361467 0.362563 0.363529 0.364271 0.364355 0.35495 0.343583 0.337464 0.328359 0.329239 0.353736
