Test_Spring_2018b/01_18/Prec/20180115_004.txt
ncols	170
nrows	115
xllcorner	350000.000000
yllcorner	4445000.000000
cellsize	1000.000000
nodata_value	-9999.000000
[rows 31 to 61 of 115, columns 70 to 139 of 170]
0.271669 0.279788 0.283597 0.280097 0.282203 0.304409 0.313362 0.315821 0.321887 0.323302 0.320259 0.320892 0.318901 0.31342 0.312263 0.300363 0.257459 0.271545 0.277781 0.26605 0.274419 0.287363 0.278471 0.249668 0.23841 0.219484 0.237878 0.241634 0.228008 -9999 -9999 -9999 -9999 -9999 -9999 -9999 -9999 -9999 -9999 -9999 -9999 -9999 -9999 -9999 -9999 -9999 -9999 -9999 -9999 -9999 -9999 -9999 -9999 -9999 -9999 -9999 -9999 -9999 -9999 -9999 -9999 -9999 -9999 -9999 -9999 -9999 -9999 -9999 -9999 -9999
0.269413 0.27373 0.274636 0.271262 0.280059 0.28844 0.299231 0.299202 0.316672 0.31884 0.317234 0.310504 0.309303 0.307882 0.307646 0.297992 0.267714 0.240461 0.257218 0.25892 0.249636 0.270139 0.261624 0.237083 0.201944 0.224328 0.221543 0.2149 0.21243 -9999 -9999 -9999 -9999 -9999 -9999 -9999 -9999 -9999 -9999 -9999 -9999 -9999 -9999 -9999 -9999 -9999 -9999 -9999 -9999 -9999 -9999 -9999 -9999 -9999 -9999 -9999 -9999 -9999 -9999 -9999 -9999 -9999 -9999 -9999 -9999 -9999 -9999 -9999 -9999 -9999
0.256773 0.265924 0.264648 0.263916 0.27616 0.277437 0.287793 0.298063 0.310763 0.31396 0.314289 0.312178 0.310524 0.30859 0.301126 0.289634 0.263824 0.232566 0.226578 0.244032 0.246332 0.250546 0.243149 0.23357 0.217665 0.234772 0.243016 0.238679 0.227171 0.218828 -9999 -9999 -9999 -9999 -9999 -9999 -9999 -9999 -9999 -9999 -9999 -9999 -9999 -9999 -9999 -9999 -9999 -9999 -9999 -9999 -9999 -9999 -9999 -9999 -9999 -9999 -9999 -9999 -9999 -9999 -9999 -9999 -9999 -9999 -9999 -9999 -9999 -9999 -9999 -9999
0.24099 0.255915 0.253359 0.244101 0.251953 0.258224 0.279306 0.290484 0.293413 0.307857 0.308621 0.309406 0.305212 0.302082 0.29603 0.284802 0.26831 0.248249 0.2124 0.236966 0.256679 0.258074 0.259107 0.253209 0.238212 0.255197 0.258471 0.251436 0.238585 0.226616 0.22322 -9999 -9999 -9999 -9999 -9999 -9999 -9999 -9999 -9999 -9999 -9999 -9999 -9999 -9999 -9999 -9999 -9999 -9999 -9999 -9999 -9999 -9999 -9999 -9999 -9999 -9999 -9999 -9999 -9999 -9999 -9999 -9999 -9999 -9999 -9999 -9999 -9999 -9999 -9999
-9999 0.243443 0.241027 0.229414 0.237239 0.247261 0.262791 0.282684 0.292354 0.297429 0.302479 0.303032 0.298341 0.282586 0.28116 0.281461 0.270958 0.247817 0.224888 0.220231 0.249574 0.259512 0.260176 0.268747 0.256636 0.266252 0.266138 0.264013 0.254807 0.242078 0.235559 0.219944 -9999 -9999 -9999 -9999 -9999 -9999 -9999 -9999 -9999 -9999 -9999 -9999 -9999 -9999 -9999 -9999 -9999 -9999 -9999 -9999 -9999 -9999 -9999 -9999 -9999 -9999 -9999 -9999 -9999 -9999 -9999 -9999 -9999 -9999 -9999 -9999 -9999 -9999
-9999 -9999 -9999 -9999 0.218817 0.234021 0.247468 0.269992 0.284741 0.290888 0.296737 0.296975 0.286258 0.281302 0.281447 0.274576 0.262085 0.254836 0.240939 0.22669 0.234841 0.260576 0.252691 0.272012 0.273457 0.279426 0.271256 0.257627 0.242918 0.235568 0.22993 0.21758 -9999 -9999 -9999 -9999 -9999 -9999 -9999 -9999 -9999 -9999 -9999 -9999 -9999 -9999 -9999 -9999 -9999 -9999 -9999 -9999 -9999 -9999 -9999 -9999 -9999 -9999 -9999 -9999 -9999 -9999 -9999 -9999 -9999 -9999 -9999 -9999 -9999 -9999
-9999 -9999 -9999 -9999 -9999 0.228338 0.239018 0.256036 0.277402 0.281418 0.290037 0.290319 0.286219 0.283168 0.278751 0.273085 0.263718 0.253644 0.240647 0.24115 0.258355 0.261098 0.260804 0.26631 0.277182 0.278368 0.267909 0.242296 0.229664 0.216838 0.205682 0.209204 0.201348 -9999 -9999 -9999 -9999 -9999 -9999 -9999 -9999 -9999 -9999 -9999 -9999 0.265223 -9999 -9999 -9999 -9999 -9999 -9999 -9999 -9999 -9999 -9999 -9999 -9999 -9999 -9999 -9999 -9999 -9999 -9999 -9999 -9999 0.245372 -9999 -9999 -9999
-9999 -9999 -9999 -9999 0.220092 0.235496 0.244319 0.255177 0.265793 0.274705 0.284197 0.284199 0.280921 0.277254 0.269431 0.267656 0.2624 0.251237 0.250187 0.257019 0.261686 0.267077 0.271824 0.273955 0.27438 0.273918 0.270555 0.260345 0.254359 0.238348 0.231442 0.219383 0.199697 0.184329 -9999 -9999 -9999 -9999 -9999 -9999 -9999 0.235005 0.23714 0.24074 0.248853 0.265319 0.261346 -9999 -9999 -9999 -9999 -9999 -9999 -9999 -9999 -9999 -9999 -9999 -9999 -9999 -9999 -9999 -9999 -9999 -9999 -9999 0.252513 0.235967 -9999 -9999
-9999 -9999 -9999 -9999 0.22362 0.235429 0.241654 0.252116 0.258042 0.272776 0.275743 0.278315 0.277105 0.272629 0.266332 0.266156 0.258432 0.254923 0.253254 0.261905 0.265828 0.266294 0.266492 0.267357 0.262974 0.265983 0.271258 0.266409 0.255589 0.24389 0.239737 0.212738 0.185803 0.16396 -9999 -9999 -9999 -9999 -9999 -9999 0.227796 0.241217 0.250788 0.240663 0.256107 0.2707 0.272967 0.266684 -9999 -9999 -9999 -9999 -9999 -9999 -9999 -9999 -9999 -9999 -9999 -9999 -9999 -9999 0.324828 0.308465 0.27457 0.25754 0.247496 0.232684 -9999 -9999
-9999 -9999 -9999 -9999 0.218446 0.232213 0.24161 0.249682 0.251027 0.260073 0.271463 0.272161 0.270819 0.268924 0.266906 0.259379 0.256346 0.246466 0.257865 0.259595 0.259875 0.253251 0.252812 0.23979 0.236607 0.243051 0.262182 0.25571 0.237104 0.21236 0.185505 0.194623 0.184709 0.165022 -9999 -9999 -9999 -9999 -9999 -9999 0.224376 0.238664 0.251603 0.256819 0.247403 0.270668 0.274452 0.268181 0.269831 0.282194 0.289818 0.296476 0.311431 0.315545 0.311515 0.31698 -9999 -9999 -9999 -9999 0.321161 0.322546 0.323944 0.317774 0.280865 0.255935 0.233509 0.22962 -9999 -9999
-9999 -9999 -9999 -9999 0.224392 0.23338 0.238169 0.23925 0.246021 0.253663 0.264854 0.265356 0.263255 0.261509 0.259943 0.256668 0.250842 0.252265 0.253071 0.251942 0.235666 0.216863 0.23069 0.223596 0.199275 0.231684 0.249452 0.241976 0.21897 0.191008 0.187329 0.198333 0.183882 0.163717 -9999 -9999 -9999 0.181519 0.198772 0.201653 0.208615 0.22669 0.241717 0.255702 0.266182 0.26969 0.269415 0.2638 0.256984 0.265019 0.288781 0.296648 0.312095 0.316306 0.312532 0.312211 0.317789 0.32066 0.321328 0.320275 0.320389 0.321437 0.321577 0.315804 0.286057 0.267803 0.256441 0.222648 -9999 -9999
-9999 -9999 -9999 -9999 0.21632 0.224274 0.230553 0.24 0.240834 0.245974 0.249273 0.259658 0.258303 0.250455 0.253609 0.251711 0.250207 0.248527 0.246894 0.232895 0.213685 0.195198 0.189343 0.197513 0.18565 0.20382 0.221975 0.224955 0.213046 0.188644 0.187623 0.186304 0.168699 0.143859 -9999 -9999 0.144489 0.176028 0.198801 0.211545 0.217179 0.220393 0.238625 0.243947 0.264315 0.264342 0.24978 0.257049 0.255983 0.265632 0.274148 0.279303 0.297864 0.311996 0.314657 0.315029 0.318555 0.319237 0.319423 0.319478 0.317496 0.319159 0.320133 0.316934 0.293388 0.282427 0.267883 0.217523 -9999 -9999
-9999 -9999 -9999 -9999 0.217236 0.225936 0.234935 0.23657 0.242481 0.241856 0.239673 0.246493 0.253235 0.246706 0.241579 0.245489 0.24424 0.243589 0.243528 0.230568 0.216238 0.193748 0.18202 0.176075 0.174525 0.175671 0.187873 0.191016 0.1929 0.199939 0.198067 0.187694 0.173631 0.151467 0.135546 -9999 0.142014 0.155967 0.182688 0.206241 0.222498 0.220309 0.240703 0.248204 0.261466 0.26114 0.255219 0.253283 0.257571 0.260316 0.275487 0.28874 0.301737 0.3068 0.314196 0.315626 0.316773 0.317134 0.317304 0.317624 0.317855 0.318318 0.318616 0.318034 0.307812 0.294913 0.269958 0.21738 -9999 -9999
-9999 -9999 -9999 0.190123 0.214836 0.228657 0.234304 0.238086 0.240922 0.242384 0.244075 0.244915 0.244356 0.245596 0.232082 0.231053 0.231926 0.238115 0.238755 0.239659 0.233441 0.205409 0.198223 0.188853 0.173658 0.174638 0.185091 0.208008 0.212165 0.20488 0.195501 0.182739 0.17516 0.15812 0.128684 0.130709 0.144919 0.155639 0.173672 0.202039 0.223193 0.234701 0.241782 0.251928 0.260605 0.257397 0.25682 0.259091 0.25848 0.262422 0.266749 0.277273 0.290032 0.305731 0.310731 0.314576 0.315484 0.31581 0.316005 0.316336 0.316669 0.316926 0.317686 0.318549 0.317144 0.302147 0.260507 0.225492 -9999 -9999
-9999 -9999 -9999 -9999 0.209736 0.216516 0.218728 0.221495 0.226363 0.23148 0.239097 0.238296 0.24085 0.238794 0.229649 0.216491 0.224754 0.228344 0.233309 0.235719 0.237967 0.215397 0.206593 0.201385 0.187368 0.204794 0.218139 0.224552 0.225588 0.205408 0.184505 0.161121 0.136282 0.135862 0.123085 0.132719 0.141535 0.166421 0.184393 0.19254 0.199664 0.230423 0.240586 0.247285 0.259475 0.255235 0.259829 0.258177 0.26577 0.270188 0.27482 0.258635 0.286383 0.289729 0.304476 0.312594 0.315117 0.315287 0.315458 0.315423 0.315623 0.315959 0.316759 0.316254 0.315114 0.305183 0.255035 0.224882 -9999 -9999
-9999 -9999 -9999 -9999 -9999 -9999 0.212589 0.217022 0.219368 0.223135 0.236509 0.238415 0.23878 0.236749 0.230439 0.21896 0.214661 0.216345 0.206698 0.218303 0.233607 0.237993 0.242085 0.224326 0.221912 0.240703 0.243738 0.231882 0.223195 0.213915 0.18901 0.172912 0.144313 0.122449 0.121835 0.146748 0.168772 0.19379 0.204992 0.199145 0.207971 0.22395 0.243258 0.255309 0.258643 0.253981 0.25977 0.254356 0.271069 0.277316 0.277015 0.276876 0.286127 0.295034 0.299245 0.310732 0.313902 0.315507 0.315344 0.315233 0.315232 0.31547 0.314431 0.314457 0.314533 0.314338 0.262648 0.217572 -9999 -9999
-9999 -9999 -9999 -9999 -9999 -9999 0.20197 0.204735 0.21113 0.227586 0.235641 0.237352 0.235018 0.234462 0.229389 0.218139 0.207433 0.197807 0.186783 0.195882 0.217513 0.232854 0.239647 0.224879 0.245642 0.248602 0.247307 0.230049 0.218324 0.213974 0.190364 0.171733 0.153397 0.126542 0.138755 0.151687 0.168094 0.196337 0.215106 0.223538 0.21829 0.229647 0.251238 0.255733 0.250941 0.257169 0.258428 0.248972 0.270761 0.280721 0.282112 0.28757 0.293759 0.298766 0.305112 0.310668 0.31429 0.315062 0.315412 0.315137 0.315107 0.314683 0.314363 0.314337 0.314229 0.314065 0.280651 0.216087 -9999 -9999
-9999 -9999 -9999 -9999 -9999 -9999 -9999 0.19267 0.207757 0.229945 0.234664 0.232252 0.234892 0.233128 0.226525 0.22091 0.207942 0.191386 0.160975 0.17115 0.191257 0.219834 0.237921 0.242329 0.245084 0.239894 0.217144 0.19761 0.200126 0.200807 0.184745 0.17162 0.151151 0.165254 0.179897 0.195368 0.203165 0.200614 0.216778 0.230585 0.2263 0.239548 0.255587 0.254109 0.255681 0.258309 0.258575 0.264057 0.27055 0.285145 0.28396 0.292468 0.300199 0.302728 0.306977 0.310946 0.314504 0.315433 0.315595 0.315557 0.315035 0.31487 0.314461 0.314106 0.313832 0.313531 0.310474 0.273514 0.253521 -9999
-9999 -9999 -9999 -9999 -9999 -9999 -9999 0.178225 0.185607 0.212125 0.219669 0.230002 0.234448 0.232731 0.223117 0.217558 0.198576 0.192554 0.164175 0.153793 0.168243 0.16838 0.20668 0.241798 0.245046 0.192821 0.178016 0.16892 0.178411 0.18333 0.181828 0.156001 0.149529 0.178529 0.196565 0.210151 0.220164 0.221863 0.221364 0.242368 0.247135 0.256213 0.257958 0.262648 0.256845 0.255577 0.268347 0.267509 0.272034 0.286858 0.28269 0.295729 0.302472 0.302832 0.304943 0.312104 0.314319 0.315533 0.315581 0.315415 0.314759 0.314542 0.314353 0.313922 0.31332 0.313106 0.312641 0.304004 0.286534 0.2801
-9999 -9999 -9999 -9999 -9999 -9999 -9999 -9999 0.16016 0.197437 0.214067 0.22164 0.232734 0.232496 0.226791 0.217997 0.199062 0.182962 0.15767 0.129534 0.118784 0.169781 0.215517 0.24235 0.248939 0.206266 0.193153 0.198165 0.214982 0.210118 0.206872 0.188567 0.1837 0.175321 0.182094 0.200554 0.21613 0.230962 0.241741 0.2428 0.250367 0.258691 0.262055 0.267131 0.270356 0.274307 0.270945 0.283454 0.282906 0.291319 0.294244 0.296998 0.303234 0.300347 0.306812 0.312233 0.314408 0.314556 0.31498 0.315034 0.314527 0.313475 0.313857 0.313381 0.312926 0.312379 0.31209 0.306932 0.304255 0.293587
-9999 -9999 -9999 -9999 -9999 -9999 -9999 -9999 0.141382 0.178598 0.196301 0.218433 0.227698 0.232532 0.230519 0.223363 0.208949 0.188172 0.171548 0.139926 0.1078 0.160081 0.212469 0.241246 0.247988 0.21635 0.233679 0.230008 0.238878 0.226531 0.223452 0.223208 0.213297 0.201545 0.186783 0.179851 0.214815 0.232739 0.247173 0.254213 0.258646 0.261619 0.263674 0.268465 0.257236 0.273553 0.279443 0.283395 0.28716 0.291485 0.295017 0.29802 0.305065 0.307704 0.306237 0.311197 0.31188 0.313242 0.313981 0.314043 0.313529 0.312667 0.311492 0.311603 0.312276 0.311671 0.311191 0.305944 0.304992 0.303816
-9999 -9999 -9999 -9999 -9999 -9999 -9999 -9999 0 0.143117 0.185102 0.207358 0.226859 0.230842 0.231681 0.222706 0.216166 0.201378 0.18799 0.167641 0.137176 0.119837 0.160375 0.217806 0.248616 0.256411 0.260605 0.255097 0.250278 0.253409 0.257936 0.252093 0.235966 0.21666 0.211482 0.204925 0.231272 0.235138 0.233585 0.262373 0.263155 0.262646 0.253373 0.245477 0.250712 0.253495 0.265424 0.261176 0.274133 0.285883 0.292996 0.29697 0.303954 0.304328 0.306751 0.308428 0.310318 0.311535 0.312221 0.312424 0.312103 0.31118 0.310123 0.309207 0.309553 0.3085 0.310186 0.30474 0.30385 0.302818
-9999 -9999 -9999 -9999 -9999 -9999 -9999 -9999 0 0.135677 0.174457 0.199481 0.221248 0.225608 0.232439 0.230196 0.223572 0.210857 0.195454 0.178901 0.152921 0.134663 0.162259 0.201988 0.2314 0.249554 0.261245 0.265397 0.267445 0.267177 0.268345 0.272123 0.26309 0.245138 0.235267 0.219685 0.249188 0.252996 0.249035 0.263986 0.264096 0.243565 0.22844 0.228351 0.243798 0.237291 0.241256 0.246662 0.257773 0.28026 0.27513 0.280503 0.297195 0.301752 0.303602 0.306185 0.307986 0.30929 0.309973 0.310321 0.310222 0.30941 0.308497 0.30749 0.306175 0.307184 0.30619 0.300015 0.302188 0.301355
-9999 -9999 -9999 -9999 -9999 -9999 -9999 -9999 0 0.122031 0.157031 0.19366 0.217223 0.226357 0.23292 0.232495 0.225034 0.218935 0.209593 0.195148 0.186138 0.169694 0.146744 0.192856 0.21057 0.231182 0.23585 0.252622 0.256802 0.255523 0.262471 0.271669 0.27277 0.258861 0.255233 0.247619 0.264561 0.265385 0.265666 0.265589 0.248217 0.22396 0.205137 0.221675 0.220907 0.233741 0.21836 0.233867 0.251609 0.260264 0.262939 0.259936 0.289781 0.294323 0.299039 0.302605 0.305272 0.306372 0.307437 0.307701 0.307616 0.307177 0.30636 0.305447 0.304385 0.303332 0.304683 0.298365 0.297138 0.288966
-9999 -9999 -9999 -9999 -9999 -9999 -9999 -9999 -9999 0 0.146132 0.18605 0.208209 0.222106 0.228874 0.228807 0.225253 0.221362 0.215856 0.205635 0.192892 0.172295 0.157891 0.171154 0.188185 0.198756 0.211372 0.240406 0.253014 0.244926 0.221398 0.243123 0.265635 0.267791 0.268196 0.26803 0.271532 0.270332 0.266496 0.254747 0.216965 0.205903 0.191944 0.195248 0.189365 0.212469 0.21161 0.232434 0.243582 0.250192 0.237835 0.250241 0.270847 0.281497 0.283082 0.29019 0.301856 0.30326 0.304232 0.304557 0.304721 0.304509 0.303944 0.297564 0.296305 0.295093 0.296039 0.289562 0.287067 0.285407
-9999 -9999 -9999 -9999 -9999 -9999 -9999 -9999 -9999 0 0.13797 0.185103 0.200258 0.215396 0.228521 0.228981 0.223561 0.218632 0.213794 0.208469 0.192662 0.177722 0.163885 0.160994 0.166992 0.17698 0.194551 0.230771 0.240797 0.241765 0.217691 0.210156 0.239105 0.263536 0.267318 0.267053 0.242558 0.249332 0.236429 0.218472 0.214299 0.207143 0.190911 0.200939 0.189934 0.197628 0.205617 0.218522 0.226539 0.241699 0.230982 0.239717 0.259497 0.271654 0.274384 0.28648 0.291841 0.294185 0.295392 0.296086 0.296232 0.296121 0.295469 0.294561 0.293505 0.292166 0.29026 0.288541 0.262994 0.262362
-9999 -9999 -9999 -9999 -9999 -9999 -9999 -9999 -9999 0 0.130239 0.172166 0.203259 0.205383 0.22066 0.228757 0.222945 0.216523 0.21016 0.208129 0.190765 0.171847 0.157188 0.139755 0.145566 0.162524 0.196542 0.220946 0.228125 0.227146 0.217462 0.228169 0.248623 0.260407 0.265214 0.264751 0.260613 0.25868 0.249576 0.246255 0.23309 0.21193 0.204477 0.211616 0.189625 0.193317 0.2044 0.205086 0.223282 0.233576 0.218326 0.23933 0.258351 0.269156 0.278707 0.284116 0.28712 0.290527 0.291485 0.292197 0.292475 0.292316 0.29194 0.291046 0.290118 0.287472 0.28394 0.265965 0.254368 0.255203
-9999 -9999 -9999 -9999 -9999 -9999 -9999 -9999 -9999 0.104973 0.133137 0.169592 0.191899 0.196129 0.21315 0.228417 0.227323 0.220685 0.219362 0.212872 0.19833 0.182378 0.165048 0.157849 0.138738 0.162479 0.190067 0.210994 0.222473 0.215986 0.21193 0.226781 0.241342 0.248382 0.262597 0.264221 0.261775 0.245947 0.238833 0.243608 0.241224 0.236181 0.222144 0.222975 0.214765 0.212549 0.210763 0.208302 0.218796 0.222161 0.225639 0.250493 0.261211 0.268916 0.275945 0.278942 0.282588 0.286628 0.287703 0.288327 0.28855 0.288591 0.288159 0.286966 0.285822 0.281352 0.273832 0.260252 0.234586 0.249184
-9999 -9999 -9999 -9999 -9999 -9999 -9999 -9999 -9999 0.100785 0.130735 0.161986 0.175248 0.177806 0.208414 0.227409 0.228072 0.225358 0.22223 0.204524 0.206992 0.204807 0.189275 0.166043 0.140534 0.145555 0.170855 0.199344 0.21007 0.19454 0.189193 0.197601 0.218268 0.236809 0.255875 0.261957 0.258485 0.233103 0.205943 0.220424 0.235798 0.237009 0.234227 0.221397 0.218452 0.216084 0.207548 0.195248 0.204835 0.211977 0.237948 0.246025 0.257444 0.267129 0.265646 0.268783 0.277623 0.282976 0.283866 0.284436 0.284852 0.284827 0.284481 0.282624 0.280599 0.277362 0.258581 0.24686 0.224119 0.24504
-9999 -9999 -9999 -9999 -9999 -9999 -9999 -9999 -9999 0 0.113934 0.143857 0.156149 0.175577 0.204579 0.219174 0.226575 0.227239 0.225491 0.218198 0.214466 0.206012 0.189723 0.167005 0.141721 0.126171 0.137681 0.180443 0.192422 0.176904 0.168814 0.184477 0.206267 0.237275 0.255693 0.259632 0.259691 0.255593 0.236134 0.212287 0.213633 0.22751 0.218287 0.207427 0.215659 0.216011 0.207424 0.201752 0.207472 0.211175 0.229376 0.235548 0.248153 0.265974 0.269588 0.270244 0.278137 0.279282 0.280069 0.280782 0.281063 0.281144 0.280962 0.279547 0.276399 0.263935 0.253054 0.238002 0.236104 0.249136
-9999 -9999 -9999 -9999 -9999 -9999 -9999 -9999 -9999 0 0.102325 0.130398 0.156737 0.181724 0.203356 0.205581 0.217423 0.218239 0.225058 0.224537 0.218046 0.21115 0.197327 0.167546 0.142985 0.116162 0.126189 0.167204 0.180929 0.169493 0.146065 0.17516 0.206847 0.235598 0.251915 0.242248 0.255414 0.255876 0.249408 0.235713 0.213689 0.215364 0.199197 0.199753 0.210086 0.214452 0.214502 0.210495 0.206732 0.213905 0.227271 0.230248 0.241668 0.255524 0.268998 0.271983 0.275131 0.275879 0.27644 0.277037 0.277355 0.27729 0.276767 0.275406 0.265086 0.252788 0.245201 0.234775 0.233522 0.247688
