Test_Spring_2018b/01_18/Prec/20180113_009.txt
ncols	170
nrows	115
xllcorner	350000.000000
yllcorner	4445000.000000
cellsize	1000.000000
nodata_value	-9999.000000
[rows 31 to 61 of 115, columns 70 to 139 of 170]
0.135303 0.134236 0.135666 0.141157 0.144035 0.139843 0.142887 0.146213 0.153538 0.156775 0.162175 0.165468 0.169844 0.175695 0.178937 0.18732 0.211289 0.205383 0.203112 0.209735 0.205633 0.198884 0.203198 0.217647 0.222947 0.232183 0.228847 0.232247 0.239154 -9999 -9999 -9999 -9999 -9999 -9999 -9999 -9999 -9999 -9999 -9999 -9999 -9999 -9999 -9999 -9999 -9999 -9999 -9999 -9999 -9999 -9999 -9999 -9999 -9999 -9999 -9999 -9999 -9999 -9999 -9999 -9999 -9999 -9999 -9999 -9999 -9999 -9999 -9999 -9999 -9999
0.135778 0.136645 0.139507 0.144821 0.14408 0.143763 0.148806 0.151585 0.154141 0.156652 0.160966 0.167724 0.171374 0.174845 0.17738 0.184432 0.20178 0.217206 0.20955 0.209351 0.21454 0.204097 0.208448 0.22093 0.23879 0.226882 0.227967 0.243823 0.243566 -9999 -9999 -9999 -9999 -9999 -9999 -9999 -9999 -9999 -9999 -9999 -9999 -9999 -9999 -9999 -9999 -9999 -9999 -9999 -9999 -9999 -9999 -9999 -9999 -9999 -9999 -9999 -9999 -9999 -9999 -9999 -9999 -9999 -9999 -9999 -9999 -9999 -9999 -9999 -9999 -9999
0.141397 0.139742 0.143684 0.147554 0.144917 0.148115 0.149995 0.150585 0.155156 0.156875 0.159916 0.164014 0.167637 0.171136 0.177205 0.185056 0.200002 0.217465 0.221589 0.213337 0.212673 0.210808 0.214763 0.2197 0.227796 0.218762 0.214264 0.223712 0.233706 0.241203 -9999 -9999 -9999 -9999 -9999 -9999 -9999 -9999 -9999 -9999 -9999 -9999 -9999 -9999 -9999 -9999 -9999 -9999 -9999 -9999 -9999 -9999 -9999 -9999 -9999 -9999 -9999 -9999 -9999 -9999 -9999 -9999 -9999 -9999 -9999 -9999 -9999 -9999 -9999 -9999
0.148438 0.143788 0.148369 0.156605 0.156174 0.156697 0.152066 0.16037 0.162173 0.157896 0.16051 0.162901 0.167628 0.171552 0.176723 0.184305 0.194349 0.205989 0.22555 0.213679 0.204113 0.203824 0.203558 0.20673 0.21448 0.205612 0.203753 0.213822 0.228695 0.234572 0.23607 -9999 -9999 -9999 -9999 -9999 -9999 -9999 -9999 -9999 -9999 -9999 -9999 -9999 -9999 -9999 -9999 -9999 -9999 -9999 -9999 -9999 -9999 -9999 -9999 -9999 -9999 -9999 -9999 -9999 -9999 -9999 -9999 -9999 -9999 -9999 -9999 -9999 -9999 -9999
-9999 0.148946 0.153463 0.162918 0.162488 0.161043 0.156153 0.159178 0.160905 0.161355 0.161619 0.163979 0.168805 0.179097 0.18174 0.183252 0.19012 0.203306 0.216185 0.219441 0.204958 0.200337 0.200353 0.196141 0.202481 0.197479 0.197401 0.197937 0.212525 0.223857 0.226862 0.23461 -9999 -9999 -9999 -9999 -9999 -9999 -9999 -9999 -9999 -9999 -9999 -9999 -9999 -9999 -9999 -9999 -9999 -9999 -9999 -9999 -9999 -9999 -9999 -9999 -9999 -9999 -9999 -9999 -9999 -9999 -9999 -9999 -9999 -9999 -9999 -9999 -9999 -9999
-9999 -9999 -9999 -9999 0.170714 0.166263 0.16945 0.164211 0.163193 0.163045 0.162823 0.165251 0.17308 0.177677 0.179397 0.184516 0.192333 0.197258 0.205449 0.213665 0.210159 0.197422 0.201908 0.192193 0.19157 0.188471 0.192547 0.201385 0.216134 0.22443 0.226835 0.232718 -9999 -9999 -9999 -9999 -9999 -9999 -9999 -9999 -9999 -9999 -9999 -9999 -9999 -9999 -9999 -9999 -9999 -9999 -9999 -9999 -9999 -9999 -9999 -9999 -9999 -9999 -9999 -9999 -9999 -9999 -9999 -9999 -9999 -9999 -9999 -9999 -9999 -9999
-9999 -9999 -9999 -9999 -9999 0.168122 0.172404 0.167123 0.165545 0.166519 0.164853 0.167214 0.171559 0.175091 0.17908 0.183492 0.189623 0.19595 0.203639 0.204218 0.196036 0.19519 0.195772 0.193209 0.187718 0.187072 0.192216 0.207146 0.213118 0.231314 0.236382 0.233846 0.237219 -9999 -9999 -9999 -9999 -9999 -9999 -9999 -9999 -9999 -9999 -9999 -9999 0.21775 -9999 -9999 -9999 -9999 -9999 -9999 -9999 -9999 -9999 -9999 -9999 -9999 -9999 -9999 -9999 -9999 -9999 -9999 -9999 -9999 0.287672 -9999 -9999 -9999
-9999 -9999 -9999 -9999 0.167552 0.169188 0.168407 0.166469 0.167301 0.168867 0.166791 0.169303 0.173196 0.176998 0.182681 0.185012 0.188949 0.195776 0.197244 0.194517 0.192787 0.190558 0.188521 0.187682 0.187556 0.18771 0.191117 0.195883 0.198308 0.213254 0.220108 0.225359 0.23456 0.241616 -9999 -9999 -9999 -9999 -9999 -9999 -9999 0.219367 0.220484 0.221112 0.219595 0.213862 0.218704 -9999 -9999 -9999 -9999 -9999 -9999 -9999 -9999 -9999 -9999 -9999 -9999 -9999 -9999 -9999 -9999 -9999 -9999 -9999 0.278952 0.29126 -9999 -9999
-9999 -9999 -9999 -9999 0.169915 0.167886 0.168697 0.16719 0.167823 0.16906 0.170448 0.171681 0.174517 0.178715 0.183566 0.185011 0.190156 0.192963 0.194687 0.190965 0.189573 0.189843 0.190113 0.189877 0.192172 0.19045 0.189168 0.191053 0.195833 0.200906 0.212928 0.225596 0.238219 0.248291 -9999 -9999 -9999 -9999 -9999 -9999 0.216401 0.211503 0.208982 0.216934 0.211872 0.207337 0.209153 0.215513 -9999 -9999 -9999 -9999 -9999 -9999 -9999 -9999 -9999 -9999 -9999 -9999 -9999 -9999 0.221648 0.233464 0.254686 0.26745 0.276753 0.288558 -9999 -9999
-9999 -9999 -9999 -9999 0.171067 0.168341 0.167818 0.167828 0.171082 0.172701 0.172317 0.174607 0.177556 0.180427 0.183042 0.188235 0.190893 0.196919 0.191819 0.1916 0.19202 0.195884 0.196412 0.203272 0.204853 0.202963 0.192557 0.195141 0.203773 0.215387 0.231096 0.231852 0.235325 0.243925 -9999 -9999 -9999 -9999 -9999 -9999 0.21334 0.208172 0.204147 0.204445 0.21251 0.203771 0.205116 0.211741 0.214004 0.210379 0.208792 0.208217 0.209601 0.2085 0.211275 0.208953 -9999 -9999 -9999 -9999 0.212101 0.213885 0.216242 0.223032 0.246133 0.263358 0.279472 0.286819 -9999 -9999
-9999 -9999 -9999 -9999 0.16658 0.166679 0.168885 0.172836 0.173588 0.176036 0.175745 0.17586 0.179363 0.182294 0.184773 0.187816 0.191903 0.192016 0.192254 0.193327 0.202078 0.211988 0.204892 0.211142 0.224953 0.207954 0.198118 0.201058 0.211771 0.22483 0.22806 0.226989 0.232429 0.239919 -9999 -9999 -9999 0.226817 0.218313 0.217904 0.216035 0.209004 0.204025 0.201043 0.199146 0.197703 0.204783 0.211302 0.218114 0.216831 0.206937 0.204742 0.205919 0.204484 0.206782 0.20508 0.20242 0.201301 0.201644 0.20335 0.205039 0.206882 0.209827 0.216399 0.23846 0.252622 0.263448 0.284109 -9999 -9999
-9999 -9999 -9999 -9999 0.168054 0.168845 0.170472 0.170275 0.174286 0.175767 0.179842 0.179396 0.182658 0.18884 0.188933 0.191274 0.193096 0.194741 0.196139 0.203737 0.21386 0.223453 0.226361 0.222945 0.228613 0.218891 0.208689 0.208929 0.212534 0.223619 0.222472 0.223507 0.236217 0.246884 -9999 -9999 0.24199 0.225301 0.213876 0.208401 0.207339 0.208187 0.201812 0.202491 0.195618 0.196352 0.21078 0.210726 0.216459 0.214475 0.210522 0.209708 0.201935 0.201521 0.200337 0.20008 0.198138 0.197824 0.198134 0.199061 0.201715 0.203227 0.205831 0.21126 0.227759 0.238173 0.250686 0.280195 -9999 -9999
-9999 -9999 -9999 -9999 0.1654 0.165905 0.16625 0.170302 0.171968 0.178615 0.185678 0.18558 0.186321 0.191944 0.19639 0.195755 0.197422 0.198468 0.198947 0.20587 0.213311 0.224795 0.230552 0.234085 0.234245 0.232114 0.224794 0.221967 0.219615 0.214444 0.215807 0.221061 0.225985 0.239969 0.245915 -9999 0.239428 0.23167 0.218144 0.207115 0.200686 0.204523 0.197288 0.197133 0.191518 0.19566 0.205815 0.209362 0.210531 0.212061 0.206677 0.203359 0.198309 0.196435 0.197892 0.196785 0.195749 0.195288 0.195332 0.195909 0.197291 0.199389 0.202405 0.206639 0.216492 0.227922 0.246331 0.277594 -9999 -9999
-9999 -9999 -9999 0.173003 0.165873 0.164042 0.16644 0.169714 0.173305 0.177354 0.182588 0.18767 0.191087 0.193898 0.202767 0.204723 0.205282 0.202732 0.202744 0.202362 0.205441 0.219599 0.223561 0.226898 0.233821 0.232601 0.225999 0.212777 0.209073 0.211127 0.214143 0.220426 0.223566 0.229984 0.246608 0.243438 0.234614 0.228392 0.2193 0.205814 0.196965 0.193903 0.193773 0.190221 0.189803 0.194855 0.202106 0.20488 0.20876 0.209811 0.210125 0.206671 0.201732 0.195736 0.193366 0.194949 0.193757 0.193037 0.192815 0.193183 0.194378 0.196527 0.199336 0.202936 0.207989 0.221129 0.25104 0.273818 -9999 -9999
-9999 -9999 -9999 -9999 0.167969 0.170032 0.174478 0.178565 0.181406 0.183874 0.186254 0.190809 0.193103 0.198196 0.205568 0.213842 0.210582 0.209325 0.207003 0.205705 0.204242 0.215365 0.21916 0.220906 0.227014 0.217108 0.208837 0.203979 0.201736 0.210307 0.219137 0.230623 0.241103 0.239118 0.244497 0.239958 0.233761 0.220118 0.211015 0.207998 0.206481 0.193611 0.190361 0.190476 0.188223 0.194559 0.199241 0.20422 0.204015 0.204947 0.205201 0.215609 0.202903 0.202044 0.19481 0.191337 0.192005 0.191145 0.190728 0.191109 0.192241 0.194277 0.197057 0.200991 0.208501 0.219522 0.251709 0.272436 -9999 -9999
-9999 -9999 -9999 -9999 -9999 -9999 0.177747 0.18119 0.185568 0.188981 0.188566 0.191961 0.195605 0.19988 0.205713 0.214067 0.217309 0.217 0.222145 0.215755 0.207589 0.204595 0.201534 0.209567 0.209796 0.198714 0.19562 0.20007 0.202736 0.205576 0.216386 0.223917 0.236264 0.245289 0.243622 0.229179 0.217971 0.204194 0.198562 0.202786 0.200438 0.194171 0.187563 0.185183 0.187597 0.194249 0.198367 0.205412 0.200607 0.200694 0.203583 0.205773 0.202636 0.198939 0.197158 0.191242 0.189414 0.189702 0.189316 0.189602 0.190724 0.192724 0.197137 0.201604 0.20693 0.213063 0.246231 0.275 -9999 -9999
-9999 -9999 -9999 -9999 -9999 -9999 0.183411 0.187835 0.190263 0.187283 0.189746 0.193417 0.198626 0.202292 0.20761 0.215404 0.222293 0.227808 0.233604 0.228619 0.216834 0.208024 0.203403 0.209726 0.197832 0.194798 0.193834 0.200989 0.205163 0.205414 0.215529 0.224285 0.231326 0.242932 0.234642 0.226395 0.216883 0.202136 0.192583 0.189425 0.193868 0.190717 0.18293 0.184457 0.191078 0.192118 0.198575 0.207756 0.200383 0.198611 0.20069 0.200058 0.198545 0.196934 0.194109 0.191298 0.189257 0.188647 0.188736 0.18903 0.19008 0.192653 0.196198 0.200665 0.206089 0.212244 0.236042 0.275057 -9999 -9999
-9999 -9999 -9999 -9999 -9999 -9999 -9999 0.194305 0.192274 0.186391 0.190636 0.196534 0.199277 0.203668 0.209865 0.214813 0.222813 0.231951 0.247738 0.24213 0.231037 0.215277 0.2047 0.201 0.198317 0.199414 0.20948 0.217782 0.214597 0.21227 0.218528 0.22447 0.232684 0.223205 0.21373 0.204232 0.199213 0.20014 0.192049 0.185972 0.19008 0.185894 0.180904 0.185436 0.188686 0.19151 0.198425 0.199853 0.200366 0.196209 0.199653 0.197503 0.195254 0.195021 0.193385 0.191495 0.189572 0.188941 0.188833 0.189141 0.190471 0.192716 0.196222 0.200769 0.206192 0.212345 0.220409 0.245179 0.261902 -9999
-9999 -9999 -9999 -9999 -9999 -9999 -9999 0.201912 0.203778 0.1956 0.198366 0.197684 0.199519 0.203925 0.211723 0.216564 0.227822 0.23153 0.246103 0.251396 0.243176 0.242048 0.220965 0.201342 0.198385 0.223762 0.229728 0.23267 0.22594 0.22151 0.220354 0.232997 0.234123 0.217091 0.205996 0.197584 0.191502 0.19011 0.190689 0.180606 0.180468 0.178328 0.180581 0.181765 0.188657 0.193329 0.193681 0.198252 0.199697 0.195375 0.200358 0.195906 0.194233 0.19524 0.194849 0.191459 0.190373 0.189718 0.189869 0.190242 0.191419 0.194053 0.197338 0.201778 0.207201 0.213133 0.219689 0.229685 0.244991 0.254467
-9999 -9999 -9999 -9999 -9999 -9999 -9999 -9999 0.216764 0.20286 0.20083 0.201488 0.199833 0.203448 0.209217 0.215855 0.226995 0.235941 0.248951 0.262826 0.268542 0.241134 0.216207 0.200869 0.196244 0.216729 0.221886 0.217631 0.207232 0.207998 0.207908 0.216899 0.217399 0.219876 0.214783 0.203005 0.194515 0.186795 0.181563 0.181766 0.179014 0.178719 0.179939 0.180695 0.182681 0.184418 0.192963 0.190444 0.19436 0.193253 0.19453 0.195407 0.194055 0.196863 0.194384 0.192078 0.1912 0.191719 0.191568 0.191931 0.193084 0.195154 0.199487 0.203763 0.208876 0.214717 0.220914 0.228831 0.236273 0.247749
-9999 -9999 -9999 -9999 -9999 -9999 -9999 -9999 0.226092 0.211961 0.209199 0.202166 0.201827 0.202214 0.206011 0.211788 0.220609 0.232011 0.240605 0.256359 0.271887 0.244673 0.217267 0.200991 0.195984 0.211305 0.200855 0.201225 0.195097 0.199916 0.199947 0.199915 0.203266 0.207725 0.212258 0.215162 0.196778 0.187523 0.180426 0.177519 0.176327 0.17624 0.177726 0.181624 0.190784 0.18584 0.189444 0.191092 0.19258 0.193444 0.194329 0.195066 0.193339 0.193411 0.195196 0.192723 0.194389 0.193853 0.193738 0.19425 0.195499 0.197496 0.200306 0.203932 0.211231 0.216782 0.222737 0.230313 0.236557 0.242855
-9999 -9999 -9999 -9999 -9999 -9999 -9999 -9999 0.252811 0.229403 0.214332 0.207034 0.200172 0.201345 0.203576 0.210248 0.215003 0.223357 0.230364 0.240411 0.255223 0.262901 0.242054 0.210812 0.195101 0.190266 0.186763 0.188263 0.189406 0.186447 0.182784 0.185998 0.189987 0.199037 0.200882 0.203806 0.189985 0.188063 0.189253 0.175092 0.175724 0.177335 0.183762 0.190895 0.190483 0.197402 0.197718 0.203315 0.199818 0.196673 0.195602 0.195799 0.194121 0.194392 0.194519 0.196965 0.19649 0.196283 0.196424 0.197048 0.198319 0.200397 0.20312 0.206384 0.210855 0.215616 0.224894 0.232117 0.237969 0.243862
-9999 -9999 -9999 -9999 -9999 -9999 -9999 -9999 0.251988 0.234184 0.2184 0.208888 0.20113 0.201923 0.200928 0.204053 0.208841 0.216171 0.224317 0.232546 0.245219 0.253577 0.238018 0.217953 0.201281 0.191226 0.186159 0.182875 0.180691 0.175933 0.174468 0.173316 0.177101 0.185456 0.190047 0.197781 0.182444 0.180626 0.18309 0.176062 0.176982 0.188837 0.198154 0.199934 0.19543 0.201045 0.205204 0.21162 0.208824 0.199938 0.203402 0.202992 0.196431 0.195882 0.199532 0.199139 0.198962 0.198969 0.199353 0.200101 0.201397 0.203485 0.206123 0.209348 0.213275 0.218255 0.223222 0.230135 0.23974 0.245174
-9999 -9999 -9999 -9999 -9999 -9999 -9999 -9999 0.248737 0.239954 0.225777 0.209989 0.201035 0.199148 0.198138 0.200235 0.205432 0.209389 0.214508 0.221806 0.225912 0.233563 0.244368 0.21937 0.211051 0.200071 0.192387 0.182623 0.179522 0.179407 0.179933 0.174388 0.172862 0.179562 0.181098 0.18486 0.176124 0.175923 0.176228 0.176953 0.186851 0.200539 0.211639 0.204675 0.206836 0.204003 0.218115 0.21026 0.203743 0.201929 0.20989 0.213707 0.200287 0.203678 0.202616 0.201919 0.20153 0.201889 0.20231 0.2033 0.204735 0.206708 0.209301 0.212407 0.216066 0.220178 0.225682 0.232276 0.237381 0.24118
-9999 -9999 -9999 -9999 -9999 -9999 -9999 -9999 -9999 0.246197 0.225125 0.208018 0.199808 0.195506 0.194451 0.196431 0.199679 0.202555 0.205744 0.210899 0.216959 0.226774 0.233181 0.225182 0.217324 0.211948 0.204483 0.188649 0.181436 0.185057 0.198762 0.186761 0.174811 0.173514 0.173256 0.173425 0.173984 0.1749 0.177366 0.184115 0.204512 0.209027 0.217387 0.217004 0.221545 0.213341 0.220186 0.211786 0.208443 0.207465 0.216264 0.211773 0.20853 0.205099 0.206148 0.204152 0.204301 0.204723 0.205407 0.206554 0.208002 0.209943 0.212423 0.213573 0.217002 0.220843 0.226373 0.232832 0.238367 0.243675
-9999 -9999 -9999 -9999 -9999 -9999 -9999 -9999 -9999 0.247243 0.227404 0.206189 0.201257 0.19603 0.191475 0.193045 0.197202 0.200648 0.203607 0.206419 0.21431 0.221494 0.227929 0.228609 0.224667 0.222261 0.212516 0.19323 0.187588 0.186744 0.200668 0.204277 0.189158 0.176488 0.1746 0.174914 0.187859 0.184767 0.191963 0.201898 0.204849 0.209484 0.218955 0.215011 0.222086 0.21965 0.224197 0.219667 0.217722 0.212114 0.219867 0.217035 0.214654 0.210411 0.210884 0.206374 0.205221 0.205547 0.206431 0.207619 0.209202 0.211106 0.213546 0.216435 0.219759 0.223607 0.228123 0.235671 0.251713 0.256223
-9999 -9999 -9999 -9999 -9999 -9999 -9999 -9999 -9999 0.242655 0.229455 0.210568 0.19708 0.198302 0.192426 0.189915 0.194219 0.198462 0.202313 0.203598 0.212527 0.222043 0.229208 0.237718 0.23419 0.224922 0.210734 0.197804 0.193862 0.194229 0.200954 0.195311 0.184731 0.178724 0.176416 0.176923 0.179422 0.18088 0.186145 0.188531 0.196117 0.207954 0.212834 0.210303 0.222951 0.222457 0.218267 0.227192 0.219784 0.21649 0.226396 0.223166 0.215444 0.211856 0.208805 0.207791 0.207937 0.207825 0.208972 0.210294 0.211949 0.214001 0.216394 0.219334 0.222604 0.227092 0.232366 0.245405 0.257022 0.260562
-9999 -9999 -9999 -9999 -9999 -9999 -9999 -9999 -9999 0.238029 0.226039 0.209645 0.200394 0.200273 0.193297 0.18695 0.188759 0.193133 0.194473 0.198221 0.205908 0.214148 0.222976 0.226497 0.236143 0.223661 0.213242 0.202349 0.196405 0.201779 0.203848 0.196228 0.188834 0.185402 0.178337 0.177851 0.179545 0.188231 0.1925 0.190717 0.192726 0.196209 0.204443 0.205103 0.210541 0.212988 0.215314 0.225993 0.222378 0.222479 0.228752 0.217603 0.214083 0.212044 0.21028 0.210532 0.210401 0.210045 0.211238 0.212724 0.214529 0.216589 0.219104 0.222264 0.225677 0.231103 0.238395 0.249084 0.268035 0.264317
-9999 -9999 -9999 -9999 -9999 -9999 -9999 -9999 -9999 0.238639 0.225405 0.211393 0.206538 0.207043 0.192862 0.184464 0.185308 0.187668 0.190021 0.199707 0.198801 0.200165 0.208327 0.220407 0.233637 0.231096 0.2201 0.207692 0.202346 0.212597 0.21551 0.211374 0.200962 0.191703 0.182231 0.179523 0.181811 0.19548 0.210136 0.203353 0.196185 0.196416 0.198795 0.206453 0.209093 0.211522 0.217218 0.230199 0.229758 0.227739 0.22222 0.220019 0.216047 0.212922 0.215521 0.215698 0.21291 0.211931 0.213297 0.214905 0.216711 0.218907 0.221469 0.225048 0.228971 0.23379 0.246901 0.256607 0.270895 0.267116
-9999 -9999 -9999 -9999 -9999 -9999 -9999 -9999 -9999 0.241606 0.232267 0.218664 0.214056 0.205627 0.192101 0.185857 0.183163 0.183784 0.185494 0.189928 0.192402 0.19722 0.206016 0.218087 0.231461 0.239802 0.234175 0.216717 0.210824 0.221353 0.225854 0.218119 0.207255 0.191666 0.18262 0.181094 0.181618 0.184336 0.195043 0.208074 0.208152 0.201823 0.207497 0.214088 0.210888 0.211828 0.217451 0.221625 0.228455 0.234835 0.226756 0.225428 0.220749 0.213345 0.213258 0.21469 0.21239 0.213609 0.215077 0.21668 0.218639 0.220871 0.223442 0.226882 0.231465 0.241118 0.250201 0.261665 0.266521 0.265679
-9999 -9999 -9999 -9999 -9999 -9999 -9999 -9999 -9999 0.248085 0.236515 0.223616 0.211518 0.200014 0.190133 0.190165 0.185118 0.185661 0.183005 0.184055 0.188115 0.192326 0.200071 0.216031 0.229277 0.243684 0.239055 0.220709 0.218378 0.224759 0.237348 0.222816 0.206962 0.192642 0.184767 0.19034 0.184146 0.18455 0.188573 0.196373 0.208525 0.208486 0.217721 0.218374 0.214033 0.212829 0.213904 0.217118 0.225823 0.233554 0.227829 0.228042 0.223873 0.218428 0.213174 0.213349 0.213469 0.214888 0.216491 0.218197 0.220203 0.222593 0.225438 0.228954 0.237352 0.247029 0.254517 0.263693 0.268311 0.263542
