Test_Spring_2018b/01_18/Prec/20180115_003.txt
ncols	170
nrows	115
xllcorner	350000.000000
yllcorner	4445000.000000
cellsize	1000.000000
nodata_value	-9999.000000
[rows 31 to 61 of 115, columns 70 to 139 of 170]
0.329026 0.338087 0.341697 0.336194 0.337459 0.359632 0.369774 0.370953 0.37966 0.379582 0.374069 0.373136 0.369081 0.360874 0.358139 0.3424 0.288791 0.305378 0.312522 0.297768 0.307826 0.323578 0.312532 0.276998 0.262925 0.239306 0.254012 0.257158 0.23907 -9999 -9999 -9999 -9999 -9999 -9999 -9999 -9999 -9999 -9999 -9999 -9999 -9999 -9999 -9999 -9999 -9999 -9999 -9999 -9999 -9999 -9999 -9999 -9999 -9999 -9999 -9999 -9999 -9999 -9999 -9999 -9999 -9999 -9999 -9999 -9999 -9999 -9999 -9999 -9999 -9999
0.324409 0.329128 0.329545 0.324607 0.33453 0.343869 0.353128 0.353929 0.375085 0.376439 0.373181 0.363674 0.36102 0.35818 0.356897 0.344165 0.306232 0.272143 0.292221 0.293911 0.282181 0.307073 0.296331 0.265875 0.222338 0.249354 0.245351 0.228345 0.222437 -9999 -9999 -9999 -9999 -9999 -9999 -9999 -9999 -9999 -9999 -9999 -9999 -9999 -9999 -9999 -9999 -9999 -9999 -9999 -9999 -9999 -9999 -9999 -9999 -9999 -9999 -9999 -9999 -9999 -9999 -9999 -9999 -9999 -9999 -9999 -9999 -9999 -9999 -9999 -9999 -9999
0.30721 0.31818 0.316273 0.314973 0.329553 0.330619 0.338919 0.353836 0.369697 0.372807 0.372407 0.369032 0.366248 0.363158 0.353322 0.338589 0.306325 0.267421 0.259596 0.280592 0.282998 0.287756 0.27824 0.266011 0.245966 0.266405 0.275896 0.261686 0.244521 0.22981 -9999 -9999 -9999 -9999 -9999 -9999 -9999 -9999 -9999 -9999 -9999 -9999 -9999 -9999 -9999 -9999 -9999 -9999 -9999 -9999 -9999 -9999 -9999 -9999 -9999 -9999 -9999 -9999 -9999 -9999 -9999 -9999 -9999 -9999 -9999 -9999 -9999 -9999 -9999 -9999
0.286285 0.304648 0.301512 0.290118 0.299714 0.307352 0.331302 0.347026 0.350291 0.367697 0.368305 0.368942 0.363462 0.359284 0.351509 0.337361 0.316729 0.291689 0.247229 0.276931 0.300637 0.301811 0.302504 0.29465 0.275591 0.295781 0.299111 0.279487 0.259673 0.243834 0.238542 -9999 -9999 -9999 -9999 -9999 -9999 -9999 -9999 -9999 -9999 -9999 -9999 -9999 -9999 -9999 -9999 -9999 -9999 -9999 -9999 -9999 -9999 -9999 -9999 -9999 -9999 -9999 -9999 -9999 -9999 -9999 -9999 -9999 -9999 -9999 -9999 -9999 -9999 -9999
-9999 0.288167 0.285535 0.271617 0.281583 0.294257 0.315578 0.337638 0.350911 0.357294 0.363639 0.364446 0.358781 0.339483 0.337717 0.337993 0.324906 0.296198 0.267645 0.26143 0.296879 0.30842 0.308512 0.318276 0.302622 0.313652 0.312754 0.306604 0.283856 0.267377 0.258355 0.238226 -9999 -9999 -9999 -9999 -9999 -9999 -9999 -9999 -9999 -9999 -9999 -9999 -9999 -9999 -9999 -9999 -9999 -9999 -9999 -9999 -9999 -9999 -9999 -9999 -9999 -9999 -9999 -9999 -9999 -9999 -9999 -9999 -9999 -9999 -9999 -9999 -9999 -9999
-9999 -9999 -9999 -9999 0.258914 0.280148 0.29892 0.323408 0.343491 0.351677 0.359483 0.360362 0.347727 0.342078 0.342575 0.334308 0.318972 0.309893 0.292466 0.274435 0.283764 0.314568 0.304002 0.326802 0.327644 0.334072 0.323196 0.300601 0.273532 0.263955 0.256126 0.240168 -9999 -9999 -9999 -9999 -9999 -9999 -9999 -9999 -9999 -9999 -9999 -9999 -9999 -9999 -9999 -9999 -9999 -9999 -9999 -9999 -9999 -9999 -9999 -9999 -9999 -9999 -9999 -9999 -9999 -9999 -9999 -9999 -9999 -9999 -9999 -9999 -9999 -9999
-9999 -9999 -9999 -9999 -9999 0.273509 0.289293 0.311572 0.336405 0.342471 0.354165 0.355566 0.351494 0.348577 0.343807 0.337287 0.325974 0.313531 0.297233 0.297268 0.317606 0.320018 0.318593 0.324241 0.336487 0.336897 0.319991 0.285832 0.269559 0.245465 0.230978 0.234694 0.224563 -9999 -9999 -9999 -9999 -9999 -9999 -9999 -9999 -9999 -9999 -9999 -9999 0.280298 -9999 -9999 -9999 -9999 -9999 -9999 -9999 -9999 -9999 -9999 -9999 -9999 -9999 -9999 -9999 -9999 -9999 -9999 -9999 -9999 0.213731 -9999 -9999 -9999
-9999 -9999 -9999 -9999 0.260327 0.283858 0.296503 0.3117 0.322609 0.336645 0.349911 0.351446 0.348831 0.345555 0.33694 0.33546 0.329377 0.315689 0.31407 0.321808 0.326613 0.332097 0.336657 0.33795 0.337169 0.335389 0.325443 0.31187 0.303725 0.27541 0.267118 0.251896 0.227488 0.208482 -9999 -9999 -9999 -9999 -9999 -9999 -9999 0.261818 0.26148 0.262571 0.268905 0.285286 0.276447 -9999 -9999 -9999 -9999 -9999 -9999 -9999 -9999 -9999 -9999 -9999 -9999 -9999 -9999 -9999 -9999 -9999 -9999 -9999 0.225198 0.204745 -9999 -9999
-9999 -9999 -9999 -9999 0.267243 0.283939 0.293871 0.309075 0.318745 0.336681 0.342443 0.347625 0.348 0.344134 0.337728 0.33847 0.329523 0.325311 0.32292 0.332798 0.336528 0.335758 0.334498 0.333999 0.327092 0.329385 0.330057 0.322953 0.308826 0.293941 0.281609 0.248256 0.215222 0.18858 -9999 -9999 -9999 -9999 -9999 -9999 0.261828 0.275607 0.28414 0.268043 0.283002 0.296679 0.295096 0.282903 -9999 -9999 -9999 -9999 -9999 -9999 -9999 -9999 -9999 -9999 -9999 -9999 -9999 -9999 0.318587 0.29784 0.255614 0.234177 0.221427 0.202953 -9999 -9999
-9999 -9999 -9999 -9999 0.26051 0.280073 0.294389 0.307164 0.311717 0.327504 0.340077 0.343453 0.34412 0.343823 0.343 0.33496 0.331929 0.319951 0.333574 0.334835 0.333907 0.324196 0.321896 0.30408 0.298402 0.300519 0.322392 0.313166 0.289425 0.258544 0.226917 0.230277 0.218447 0.194798 -9999 -9999 -9999 -9999 -9999 -9999 0.263939 0.278606 0.290999 0.293387 0.277403 0.301281 0.301067 0.288404 0.28563 0.296289 0.301499 0.301383 0.315832 0.318555 0.311742 0.316991 -9999 -9999 -9999 -9999 0.317937 0.31895 0.319958 0.311668 0.265651 0.234404 0.206331 0.201474 -9999 -9999
-9999 -9999 -9999 -9999 0.267351 0.281513 0.290665 0.295365 0.307099 0.321669 0.334792 0.339467 0.33949 0.339627 0.339568 0.336905 0.330536 0.332467 0.333047 0.33071 0.309325 0.284511 0.299577 0.287864 0.255427 0.289943 0.309933 0.299336 0.270132 0.235319 0.23232 0.238785 0.221696 0.196185 -9999 -9999 -9999 0.220505 0.241027 0.243121 0.249414 0.268571 0.283282 0.297368 0.305382 0.30634 0.298749 0.286394 0.27275 0.277663 0.302317 0.307956 0.318524 0.321235 0.314676 0.313385 0.319129 0.321802 0.321931 0.320027 0.31957 0.32024 0.31976 0.311997 0.273966 0.250845 0.236272 0.196487 -9999 -9999
-9999 -9999 -9999 -9999 0.258947 0.272198 0.283515 0.298844 0.303617 0.313629 0.322917 0.33551 0.33686 0.329859 0.335882 0.335112 0.334164 0.332302 0.329814 0.311521 0.286321 0.261643 0.252268 0.259834 0.243031 0.26007 0.280431 0.281127 0.263235 0.232848 0.23173 0.232015 0.205158 0.176013 -9999 -9999 0.180453 0.219494 0.246982 0.261249 0.265837 0.266541 0.284875 0.286686 0.30648 0.302666 0.277262 0.280427 0.27407 0.2805 0.285936 0.288068 0.303726 0.317649 0.318938 0.317912 0.321155 0.321195 0.320809 0.320347 0.317395 0.318881 0.319465 0.314878 0.285283 0.271163 0.253131 0.192358 -9999 -9999
-9999 -9999 -9999 -9999 0.261288 0.275862 0.29088 0.296887 0.308129 0.31031 0.313232 0.325209 0.333855 0.328797 0.324906 0.331444 0.330898 0.3303 0.329658 0.312486 0.293069 0.263227 0.246377 0.23647 0.232095 0.225822 0.238612 0.240817 0.24207 0.250264 0.246841 0.236184 0.220006 0.189156 0.171475 -9999 0.182434 0.200179 0.23271 0.260322 0.277894 0.271774 0.292461 0.296557 0.308897 0.302369 0.287045 0.277647 0.277078 0.275008 0.288691 0.300536 0.309345 0.312707 0.319019 0.319247 0.31958 0.319278 0.318951 0.318909 0.318771 0.318869 0.318694 0.317367 0.304161 0.288081 0.256827 0.193183 -9999 -9999
-9999 -9999 -9999 0.222206 0.257833 0.279108 0.290422 0.299473 0.307335 0.313424 0.32115 0.325451 0.328234 0.330575 0.316595 0.317208 0.319331 0.327119 0.327253 0.32696 0.317312 0.280445 0.268982 0.252572 0.230997 0.226666 0.237113 0.263472 0.267457 0.258074 0.246779 0.233159 0.224141 0.204834 0.166726 0.171325 0.190424 0.204485 0.226537 0.260136 0.283676 0.294212 0.298283 0.306862 0.311449 0.299748 0.290715 0.28692 0.279878 0.278856 0.278838 0.287036 0.295727 0.311715 0.315536 0.318184 0.318221 0.317918 0.317699 0.317769 0.317861 0.317812 0.318295 0.318819 0.316857 0.297843 0.246762 0.204602 -9999 -9999
-9999 -9999 -9999 -9999 0.251155 0.264137 0.271584 0.279731 0.29042 0.301312 0.316547 0.319503 0.326146 0.32648 0.316347 0.302162 0.313397 0.317971 0.323341 0.324779 0.325376 0.293752 0.279692 0.270003 0.249667 0.265409 0.279244 0.285224 0.285322 0.260111 0.234731 0.208155 0.178925 0.180045 0.165757 0.17712 0.189898 0.221602 0.243749 0.252591 0.258875 0.292929 0.301832 0.303284 0.311789 0.29968 0.296587 0.287557 0.29019 0.289377 0.289389 0.264476 0.2915 0.292415 0.308071 0.316022 0.317714 0.317247 0.317064 0.316773 0.31681 0.316969 0.317608 0.316817 0.315335 0.302715 0.240696 0.204455 -9999 -9999
-9999 -9999 -9999 -9999 -9999 -9999 0.264326 0.274774 0.282606 0.292064 0.314524 0.320955 0.32503 0.325595 0.320242 0.307218 0.303036 0.305245 0.292617 0.304715 0.321023 0.323302 0.324929 0.299676 0.290962 0.310788 0.311844 0.295306 0.283422 0.271596 0.241344 0.223767 0.190024 0.164946 0.166135 0.198591 0.225999 0.258049 0.272012 0.263735 0.272106 0.288073 0.306804 0.315627 0.313009 0.300104 0.298179 0.284214 0.29774 0.298879 0.292555 0.287093 0.291322 0.298891 0.301475 0.313703 0.316327 0.317323 0.316771 0.31646 0.316342 0.316486 0.31531 0.315148 0.314966 0.314391 0.250545 0.195957 -9999 -9999
-9999 -9999 -9999 -9999 -9999 -9999 0.251571 0.260115 0.273051 0.298206 0.314201 0.320453 0.321252 0.323646 0.319812 0.307639 0.295245 0.283547 0.269069 0.278398 0.302347 0.318027 0.322914 0.301277 0.321006 0.321323 0.317004 0.293788 0.278146 0.272363 0.243713 0.223037 0.201939 0.170789 0.187806 0.205632 0.227381 0.262815 0.286149 0.295326 0.286616 0.296761 0.318231 0.317677 0.304954 0.305278 0.297627 0.278518 0.298096 0.303613 0.299189 0.300425 0.300822 0.303463 0.308553 0.313407 0.316526 0.31667 0.31664 0.316172 0.316086 0.315646 0.315241 0.315122 0.314819 0.314371 0.273041 0.194528 -9999 -9999
-9999 -9999 -9999 -9999 -9999 -9999 -9999 0.245628 0.269247 0.301433 0.313312 0.314463 0.321322 0.322183 0.316423 0.311134 0.296039 0.275755 0.237516 0.248192 0.270307 0.302286 0.32109 0.323045 0.320694 0.311022 0.280362 0.254349 0.256183 0.25656 0.237155 0.223212 0.199464 0.218589 0.238571 0.259505 0.270679 0.268552 0.288592 0.304541 0.296877 0.309368 0.324042 0.316173 0.311279 0.307188 0.298304 0.297518 0.298278 0.309441 0.301792 0.306699 0.308943 0.308453 0.310878 0.313701 0.316676 0.316964 0.31673 0.316538 0.315916 0.315794 0.315355 0.314918 0.314497 0.313963 0.309983 0.265398 0.240747 -9999
-9999 -9999 -9999 -9999 -9999 -9999 -9999 0.22813 0.242172 0.279552 0.294797 0.311467 0.320419 0.321225 0.311677 0.306078 0.283758 0.276469 0.240936 0.226119 0.241406 0.238596 0.282368 0.322178 0.320514 0.253183 0.232353 0.219197 0.229602 0.235154 0.233571 0.203964 0.197304 0.234612 0.258647 0.277162 0.290969 0.294017 0.293555 0.318585 0.321595 0.32904 0.32627 0.326113 0.312317 0.303601 0.310211 0.301808 0.300272 0.311812 0.300565 0.311073 0.312089 0.308905 0.308653 0.315331 0.316587 0.317162 0.31679 0.316389 0.31563 0.315397 0.315269 0.314794 0.314034 0.31367 0.312931 0.303169 0.281639 0.273634
-9999 -9999 -9999 -9999 -9999 -9999 -9999 -9999 0.210877 0.261242 0.287472 0.300541 0.317465 0.319923 0.314362 0.305231 0.28288 0.263233 0.23156 0.195743 0.179295 0.239163 0.292296 0.322153 0.324708 0.269284 0.250661 0.254904 0.274324 0.267824 0.264009 0.243545 0.238692 0.229907 0.239914 0.265021 0.284766 0.303748 0.317045 0.317532 0.325046 0.33016 0.329567 0.330128 0.3277 0.325694 0.312771 0.321052 0.313551 0.317446 0.315098 0.313119 0.313536 0.306398 0.311484 0.315984 0.317126 0.31652 0.316414 0.316223 0.315601 0.314463 0.314814 0.314304 0.313758 0.313026 0.312543 0.307098 0.30375 0.290548
-9999 -9999 -9999 -9999 -9999 -9999 -9999 -9999 0.187658 0.237638 0.264961 0.29564 0.310214 0.317331 0.317066 0.309834 0.292986 0.267619 0.246678 0.206723 0.165665 0.227752 0.287171 0.319695 0.325263 0.280932 0.299861 0.29354 0.303226 0.287492 0.283769 0.285367 0.274108 0.260937 0.245585 0.237231 0.281206 0.303798 0.321448 0.329209 0.332873 0.333835 0.33227 0.329494 0.309697 0.323291 0.32212 0.32031 0.318489 0.317704 0.316394 0.314959 0.31643 0.316171 0.31155 0.315819 0.315148 0.315655 0.315856 0.31559 0.314882 0.313914 0.312647 0.312716 0.313243 0.312455 0.311755 0.306245 0.305021 0.303473
-9999 -9999 -9999 -9999 -9999 -9999 -9999 -9999 0.122601 0.193496 0.250364 0.280978 0.305845 0.313262 0.316294 0.306692 0.299457 0.281465 0.264593 0.238639 0.199823 0.176804 0.224344 0.292787 0.324914 0.329131 0.332117 0.323651 0.316555 0.319779 0.325269 0.319858 0.302943 0.279871 0.272932 0.265854 0.298975 0.304075 0.301927 0.336312 0.335497 0.332275 0.317508 0.302813 0.30434 0.296746 0.303464 0.292087 0.302022 0.31078 0.314236 0.314305 0.315792 0.313657 0.313703 0.313692 0.314291 0.314566 0.314621 0.314432 0.313863 0.31273 0.311531 0.310539 0.310728 0.309471 0.310884 0.305168 0.304015 0.302637
-9999 -9999 -9999 -9999 -9999 -9999 -9999 -9999 0.122598 0.185493 0.236422 0.267753 0.29713 0.304726 0.314894 0.31341 0.306004 0.290571 0.271313 0.250175 0.217069 0.193151 0.225358 0.271871 0.306157 0.3232 0.331894 0.335403 0.336769 0.338704 0.339718 0.345863 0.334894 0.31141 0.299957 0.28148 0.318182 0.322965 0.317682 0.334986 0.333356 0.305655 0.283904 0.28 0.293269 0.280311 0.277807 0.273125 0.281313 0.303728 0.294206 0.296081 0.30929 0.311501 0.311183 0.312145 0.312647 0.312992 0.31297 0.312864 0.312461 0.311359 0.310242 0.309058 0.307497 0.308332 0.307061 0.30056 0.302409 0.301265
-9999 -9999 -9999 -9999 -9999 -9999 -9999 -9999 0.120334 0.16831 0.214229 0.259164 0.290409 0.303578 0.313191 0.313783 0.305271 0.297965 0.286226 0.267813 0.255732 0.234255 0.204609 0.259685 0.279178 0.299279 0.306871 0.325973 0.329856 0.327318 0.33306 0.343961 0.343032 0.326177 0.322074 0.313062 0.334041 0.334911 0.334664 0.333428 0.310347 0.278189 0.252114 0.268932 0.264041 0.273623 0.247819 0.264603 0.28127 0.286835 0.27944 0.271439 0.300955 0.303514 0.306732 0.308998 0.310599 0.310677 0.311067 0.310772 0.310284 0.309535 0.308434 0.307274 0.305948 0.304618 0.305723 0.299058 0.2975 0.292205
-9999 -9999 -9999 -9999 -9999 -9999 -9999 -9999 -9999 0.142517 0.200673 0.251867 0.28095 0.299564 0.309086 0.309866 0.306012 0.301398 0.294472 0.281453 0.265072 0.238826 0.220017 0.23507 0.253988 0.261511 0.275427 0.309654 0.323905 0.312972 0.285419 0.308626 0.335826 0.338216 0.338563 0.338218 0.33946 0.33761 0.332146 0.316505 0.268385 0.255386 0.235589 0.236527 0.225763 0.248119 0.240318 0.261348 0.270458 0.274048 0.254484 0.261993 0.283411 0.293344 0.292548 0.298953 0.307676 0.308133 0.308371 0.308082 0.307811 0.307241 0.30635 0.302256 0.300861 0.299516 0.300437 0.293584 0.290516 0.288351
-9999 -9999 -9999 -9999 -9999 -9999 -9999 -9999 -9999 0.132832 0.189936 0.249682 0.269898 0.289816 0.306972 0.308276 0.302056 0.296139 0.290048 0.283092 0.263025 0.243821 0.22581 0.221125 0.227288 0.233234 0.253315 0.296407 0.307485 0.307624 0.276367 0.266268 0.301179 0.330701 0.334953 0.334239 0.30368 0.311337 0.294557 0.27123 0.264441 0.253578 0.23116 0.240605 0.223874 0.229812 0.230891 0.242706 0.248489 0.263092 0.246038 0.249352 0.270095 0.28221 0.283088 0.295819 0.300636 0.302098 0.302496 0.302564 0.302223 0.301778 0.300828 0.299669 0.29838 0.296749 0.29439 0.291873 0.261545 0.26061
-9999 -9999 -9999 -9999 -9999 -9999 -9999 -9999 -9999 0.139852 0.179936 0.233 0.272537 0.276261 0.295889 0.306443 0.299654 0.29186 0.283887 0.280999 0.259066 0.235038 0.216086 0.19361 0.199602 0.219246 0.254262 0.282856 0.290409 0.288089 0.274229 0.286373 0.310658 0.324428 0.329706 0.328521 0.322752 0.319543 0.30731 0.301903 0.284094 0.256133 0.244675 0.250825 0.220917 0.222312 0.23259 0.224598 0.243369 0.252477 0.230317 0.248533 0.26913 0.2799 0.289412 0.29413 0.296192 0.29904 0.299158 0.299226 0.298984 0.298386 0.297662 0.296397 0.295147 0.2918 0.287351 0.265123 0.251562 0.252403
-9999 -9999 -9999 -9999 -9999 -9999 -9999 -9999 -9999 0.147142 0.183215 0.229293 0.257808 0.263918 0.285524 0.304753 0.303665 0.295543 0.29373 0.28536 0.266908 0.24655 0.224349 0.21447 0.189875 0.217854 0.244799 0.2691 0.281878 0.271772 0.265462 0.282528 0.299382 0.307114 0.323728 0.324894 0.321015 0.300595 0.290711 0.295216 0.290687 0.282633 0.263272 0.261921 0.249243 0.243732 0.238594 0.226902 0.236662 0.237702 0.23817 0.262154 0.272895 0.280151 0.28681 0.288759 0.291749 0.295465 0.295768 0.295727 0.295377 0.294959 0.294081 0.292354 0.290741 0.285066 0.275642 0.258753 0.227882 0.245603
-9999 -9999 -9999 -9999 -9999 -9999 -9999 -9999 -9999 0.142209 0.180212 0.219664 0.236859 0.240734 0.278871 0.302552 0.303522 0.300146 0.296066 0.273891 0.276311 0.272851 0.252852 0.223273 0.190799 0.195752 0.221192 0.253237 0.265003 0.243515 0.235471 0.24445 0.268606 0.290256 0.31262 0.31907 0.313768 0.281491 0.246918 0.263334 0.28067 0.280419 0.275065 0.25718 0.251257 0.245887 0.232817 0.212669 0.21825 0.224325 0.248777 0.256426 0.268336 0.278292 0.274725 0.27703 0.286539 0.291963 0.292093 0.292002 0.291875 0.291334 0.290503 0.287891 0.285125 0.280897 0.257585 0.242935 0.215829 0.241098
-9999 -9999 -9999 -9999 -9999 -9999 -9999 -9999 -9999 0.131922 0.159747 0.197362 0.213182 0.237613 0.273637 0.291794 0.30094 0.30163 0.299178 0.289738 0.284497 0.273295 0.25232 0.223321 0.191061 0.170673 0.183466 0.228475 0.238578 0.219884 0.208302 0.226003 0.251339 0.288096 0.30947 0.313112 0.312001 0.305764 0.280601 0.249959 0.250138 0.265575 0.252499 0.237268 0.245346 0.243622 0.230816 0.221509 0.220159 0.221454 0.237565 0.243182 0.256824 0.277017 0.279917 0.279346 0.287828 0.288184 0.288252 0.288369 0.28808 0.287652 0.286988 0.284875 0.280681 0.265074 0.251424 0.23265 0.230022 0.246688
-9999 -9999 -9999 -9999 -9999 -9999 -9999 -9999 -9999 0.113551 0.145865 0.181034 0.21395 0.245069 0.271919 0.274777 0.289281 0.290073 0.298063 0.296864 0.288163 0.2788 0.260773 0.223007 0.191529 0.157175 0.168004 0.212453 0.224747 0.208779 0.178168 0.212161 0.249442 0.283224 0.301829 0.288598 0.30346 0.302741 0.293506 0.275362 0.24693 0.247523 0.22611 0.225129 0.23605 0.239541 0.23764 0.230684 0.221751 0.223759 0.234217 0.236182 0.248613 0.264153 0.27935 0.281798 0.284583 0.284551 0.284413 0.284434 0.284212 0.283607 0.28251 0.280441 0.26741 0.251977 0.242347 0.229237 0.227391 0.245581
