Test_Spring_2018/04_18/Temp/20180411_016.txt
ncols	170
nrows	115
xllcorner	350000.000000
yllcorner	4445000.000000
cellsize	1000.000000
nodata_value	-9999.000000
[rows 32 to 63 of 115, columns 72 to 143 of 170]
17.9978 18.0052 18.0265 18.0469 18.0369 18.0338 18.0533 18.0652 18.0729 18.0748 18.0838 18.0929 18.1039 18.104 18.0798 18.0595 18.0917 18.1059 18.1068 18.1429 18.144 18.1255 18.0938 18.1301 18.1359 18.1038 18.1051 -9999 -9999 -9999 -9999 -9999 -9999 -9999 -9999 -9999 -9999 -9999 -9999 -9999 -9999 -9999 -9999 -9999 -9999 -9999 -9999 -9999 -9999 -9999 -9999 -9999 -9999 -9999 -9999 -9999 -9999 -9999 -9999 -9999 -9999 -9999 -9999 -9999 -9999 -9999 -9999 -9999 -9999 -9999 -9999 -9999
17.9866 17.9973 18.023 18.0352 18.0357 18.0338 18.0485 18.0621 18.0726 18.0805 18.0894 18.0982 18.1009 18.099 18.0802 18.0551 18.06 18.0927 18.1072 18.1236 18.1258 18.1248 18.1159 18.1458 18.1647 18.1534 18.1251 18.1088 -9999 -9999 -9999 -9999 -9999 -9999 -9999 -9999 -9999 -9999 -9999 -9999 -9999 -9999 -9999 -9999 -9999 -9999 -9999 -9999 -9999 -9999 -9999 -9999 -9999 -9999 -9999 -9999 -9999 -9999 -9999 -9999 -9999 -9999 -9999 -9999 -9999 -9999 -9999 -9999 -9999 -9999 -9999 -9999
17.9743 17.9749 17.9954 18.0138 18.0143 18.0167 18.0302 18.0576 18.069 18.0808 18.0871 18.0949 18.0995 18.0982 18.0907 18.0789 18.0482 18.0893 18.1242 18.137 18.1489 18.1521 18.1439 18.1735 18.1863 18.1657 18.1259 18.1212 18.127 -9999 -9999 -9999 -9999 -9999 -9999 -9999 -9999 -9999 -9999 -9999 -9999 -9999 -9999 -9999 -9999 -9999 -9999 -9999 -9999 -9999 -9999 -9999 -9999 -9999 -9999 -9999 -9999 -9999 -9999 -9999 -9999 -9999 -9999 -9999 -9999 -9999 -9999 -9999 -9999 -9999 -9999 -9999
17.9611 17.9588 17.9793 18.0023 18.0161 18.0214 18.0314 18.0479 18.0648 18.0768 18.0828 18.076 18.0865 18.0992 18.099 18.0837 18.0684 18.0745 18.1208 18.1434 18.1546 18.1746 18.1696 18.19 18.1986 18.197 18.1676 18.1426 18.1447 18.1364 -9999 -9999 -9999 -9999 -9999 -9999 -9999 -9999 -9999 -9999 -9999 -9999 -9999 -9999 -9999 -9999 -9999 -9999 -9999 -9999 -9999 -9999 -9999 -9999 -9999 -9999 -9999 -9999 -9999 -9999 -9999 -9999 -9999 -9999 -9999 -9999 -9999 -9999 -9999 -9999 -9999 -9999
-9999 -9999 17.9589 17.9726 17.9919 18.0084 18.0248 18.0428 18.061 18.0729 18.0722 18.0786 18.0914 18.0959 18.0937 18.0975 18.093 18.0877 18.1085 18.1497 18.1503 18.1828 18.1934 18.2091 18.2076 18.1793 18.1563 18.1376 18.1405 18.1361 -9999 -9999 -9999 -9999 -9999 -9999 -9999 -9999 -9999 -9999 -9999 -9999 -9999 -9999 -9999 -9999 -9999 -9999 -9999 -9999 -9999 -9999 -9999 -9999 -9999 -9999 -9999 -9999 -9999 -9999 -9999 -9999 -9999 -9999 -9999 -9999 -9999 -9999 -9999 -9999 -9999 -9999
-9999 -9999 -9999 17.967 17.9833 18.0137 18.0185 18.0341 18.0557 18.068 18.0756 18.0848 18.0926 18.099 18.1009 18.1015 18.0983 18.1106 18.142 18.1556 18.1648 18.1804 18.2017 18.2111 18.1981 18.1637 18.1564 18.1177 18.1137 18.128 18.1294 -9999 -9999 -9999 -9999 -9999 -9999 -9999 -9999 -9999 -9999 -9999 -9999 18.3828 -9999 -9999 -9999 -9999 -9999 -9999 -9999 -9999 -9999 -9999 -9999 -9999 -9999 -9999 -9999 -9999 -9999 -9999 -9999 -9999 18.6853 -9999 -9999 -9999 -9999 -9999 -9999 -9999
-9999 -9999 17.9633 17.9708 17.9909 18.0136 18.0172 18.0283 18.0512 18.0635 18.0725 18.0814 18.0857 18.0973 18.1045 18.1042 18.1154 18.1352 18.1517 18.1681 18.1829 18.1939 18.2021 18.2088 18.1929 18.1875 18.1873 18.1628 18.1459 18.1413 18.1284 18.1216 -9999 -9999 -9999 -9999 -9999 -9999 -9999 18.2921 18.3089 18.3274 18.3511 18.3847 18.394 -9999 -9999 -9999 -9999 -9999 -9999 -9999 -9999 -9999 -9999 -9999 -9999 -9999 -9999 -9999 -9999 -9999 -9999 -9999 18.6952 18.6935 -9999 -9999 -9999 -9999 -9999 -9999
-9999 -9999 17.9493 17.9723 17.9887 18.0105 18.0275 18.0279 18.0432 18.0588 18.0707 18.0792 18.0859 18.1 18.1048 18.1141 18.1248 18.1469 18.1624 18.1727 18.1817 18.1905 18.1923 18.2023 18.1966 18.1966 18.1897 18.1823 18.1566 18.1337 18.112 18.0973 -9999 -9999 -9999 -9999 -9999 -9999 18.2704 18.3009 18.3266 18.3287 18.3612 18.3925 18.409 18.4103 -9999 -9999 -9999 -9999 -9999 -9999 -9999 -9999 -9999 -9999 -9999 -9999 -9999 -9999 18.7132 18.7108 18.6877 18.6847 18.6903 18.6904 -9999 -9999 -9999 -9999 -9999 -9999
-9999 -9999 17.9451 17.9697 17.9893 18.0078 18.0189 18.0315 18.0396 18.0533 18.0655 18.0777 18.0901 18.0961 18.1071 18.1093 18.136 18.15 18.1611 18.1627 18.1704 18.162 18.1644 18.161 18.1883 18.1852 18.168 18.1441 18.103 18.1116 18.1098 18.0976 -9999 -9999 -9999 -9999 -9999 -9999 18.2669 18.2986 18.3285 18.3489 18.3517 18.3933 18.4066 18.413 18.4291 18.4582 18.482 18.4911 18.5241 18.5462 18.5589 18.5831 -9999 -9999 -9999 -9999 18.6761 18.6948 18.7135 18.7231 18.6961 18.6835 18.6742 18.6905 -9999 -9999 -9999 -9999 -9999 -9999
-9999 -9999 17.954 17.9721 17.9855 17.9951 18.0121 18.0232 18.0326 18.0463 18.0582 18.0712 18.085 18.0968 18.1052 18.1216 18.1362 18.1472 18.1388 18.1259 18.1506 18.147 18.1166 18.1508 18.1752 18.1697 18.146 18.1172 18.1035 18.1147 18.1071 18.0932 -9999 -9999 -9999 18.1698 18.2056 18.2244 18.2479 18.2845 18.3171 18.348 18.3745 18.388 18.4012 18.4082 18.414 18.4377 18.4806 18.505 18.5253 18.5476 18.5607 18.5817 18.6061 18.6272 18.6456 18.6618 18.6793 18.6977 18.7149 18.7251 18.7027 18.698 18.7016 18.6956 -9999 -9999 -9999 -9999 -9999 -9999
-9999 -9999 17.9443 17.9609 17.9758 17.993 18.0028 18.0188 18.0273 18.0399 18.0532 18.0596 18.0797 18.0939 18.1081 18.1214 18.1336 18.1295 18.1176 18.1049 18.1057 18.1168 18.1071 18.1242 18.1486 18.1498 18.1339 18.1087 18.1125 18.1048 18.0852 18.0668 -9999 -9999 18.1084 18.1612 18.204 18.2349 18.2573 18.2764 18.3131 18.334 18.3724 18.3827 18.3787 18.401 18.4125 18.4379 18.4662 18.4871 18.514 18.5462 18.5668 18.5848 18.6067 18.6253 18.6432 18.6607 18.6757 18.6948 18.713 18.7261 18.7151 18.7192 18.7222 18.692 -9999 -9999 -9999 -9999 -9999 -9999
-9999 -9999 17.9432 17.96 17.9777 17.9874 18.0031 18.0117 18.0139 18.035 18.0474 18.056 18.0669 18.0888 18.1041 18.1192 18.1337 18.1312 18.1252 18.1075 18.1008 18.0953 18.097 18.0874 18.1037 18.1093 18.1138 18.1252 18.1212 18.1027 18.0944 18.0723 18.0658 -9999 18.1023 18.1346 18.1825 18.2267 18.2621 18.2752 18.3147 18.3383 18.3654 18.3786 18.3847 18.3988 18.4178 18.4351 18.4675 18.4969 18.5177 18.5405 18.5653 18.5846 18.6037 18.6219 18.6398 18.6577 18.6753 18.693 18.7103 18.7266 18.7314 18.7357 18.7235 18.69 -9999 -9999 -9999 -9999 -9999 -9999
-9999 17.9161 17.9406 17.9628 17.9758 17.9874 17.999 18.0102 18.0176 18.0309 18.0447 18.0548 18.0564 18.0731 18.0916 18.1155 18.1313 18.1456 18.1493 18.1249 18.1206 18.1081 18.0923 18.0877 18.1007 18.1287 18.1348 18.128 18.1197 18.0987 18.0916 18.0811 18.0536 18.07 18.1021 18.1309 18.1689 18.2193 18.2609 18.2906 18.3146 18.3394 18.3637 18.3757 18.3883 18.4047 18.4176 18.4361 18.4554 18.4823 18.5036 18.5377 18.5608 18.5819 18.6007 18.6188 18.6368 18.6547 18.6724 18.6899 18.7078 18.7258 18.7432 18.7427 18.7168 18.7039 -9999 -9999 -9999 -9999 -9999 -9999
-9999 -9999 17.9341 17.9473 17.9556 17.9656 17.9791 17.9943 18.009 18.021 18.0386 18.0516 18.0534 18.0562 18.0842 18.1055 18.1269 18.1433 18.1572 18.1337 18.1283 18.1253 18.1102 18.1244 18.1399 18.1471 18.1485 18.1253 18.1025 18.0685 18.0456 18.0537 18.0458 18.0682 18.0941 18.1401 18.1784 18.2051 18.2304 18.2834 18.3099 18.3339 18.3629 18.3719 18.3906 18.4022 18.4248 18.4437 18.463 18.4579 18.4974 18.5177 18.5521 18.5783 18.5982 18.6161 18.634 18.6515 18.6691 18.6867 18.7048 18.7226 18.7428 18.7494 18.7083 18.7008 -9999 -9999 -9999 -9999 -9999 -9999
-9999 -9999 -9999 -9999 17.9463 17.9578 17.968 17.9814 18.003 18.0183 18.0333 18.0469 18.0565 18.0586 18.072 18.0915 18.0958 18.1218 18.1496 18.1622 18.172 18.1536 18.1454 18.167 18.1695 18.1542 18.1431 18.1322 18.1038 18.0783 18.0505 18.0327 18.0423 18.0843 18.1225 18.1689 18.1994 18.2098 18.2375 18.2729 18.3119 18.3415 18.3602 18.3687 18.3889 18.3959 18.4293 18.4502 18.4635 18.4773 18.4949 18.5217 18.5434 18.574 18.595 18.6138 18.6313 18.6487 18.6661 18.6837 18.7023 18.7207 18.7394 18.7579 18.7151 18.6897 -9999 -9999 -9999 -9999 -9999 -9999
-9999 -9999 -9999 -9999 17.9311 17.9404 17.9553 17.9836 17.999 18.014 18.0259 18.0413 18.0525 18.057 18.0619 18.0681 18.0704 18.0943 18.1302 18.1558 18.1687 18.1536 18.1729 18.1753 18.1721 18.1499 18.1348 18.1292 18.1019 18.0732 18.0572 18.0332 18.0579 18.0855 18.1193 18.1683 18.208 18.2357 18.2466 18.277 18.3189 18.3398 18.3489 18.3705 18.3853 18.3876 18.4269 18.4522 18.4674 18.4876 18.5017 18.5237 18.5477 18.5711 18.5925 18.6107 18.6284 18.6456 18.6631 18.6811 18.699 18.7176 18.7363 18.7551 18.7343 18.6857 -9999 -9999 -9999 -9999 -9999 -9999
-9999 -9999 -9999 -9999 -9999 17.9231 17.9483 17.9835 17.9949 18.005 18.0227 18.0367 18.046 18.0572 18.0598 18.0576 18.037 18.0622 18.0964 18.1379 18.1643 18.1721 18.1699 18.1626 18.1338 18.1089 18.1105 18.1108 18.0923 18.0701 18.0514 18.076 18.1035 18.134 18.1574 18.1702 18.2067 18.2407 18.253 18.2858 18.3213 18.3352 18.3521 18.3696 18.3833 18.4034 18.4246 18.4553 18.4674 18.4911 18.507 18.5259 18.5472 18.5686 18.5897 18.608 18.6255 18.643 18.6601 18.6781 18.6961 18.7145 18.7332 18.7521 18.7677 18.752 18.7488 -9999 -9999 -9999 -9999 -9999
-9999 -9999 -9999 -9999 -9999 17.9027 17.9189 17.9594 17.9741 17.9993 18.0191 18.033 18.0386 18.0488 18.0443 18.0548 18.0371 18.0367 18.0643 18.0721 18.1228 18.1675 18.1662 18.1031 18.0842 18.0719 18.0822 18.0877 18.0867 18.0494 18.0474 18.0897 18.1211 18.1494 18.1753 18.193 18.2095 18.2526 18.2748 18.3026 18.3212 18.3426 18.3508 18.3638 18.3925 18.4052 18.4242 18.4552 18.4637 18.4929 18.5074 18.5236 18.5422 18.5672 18.5866 18.6051 18.6228 18.6399 18.657 18.6749 18.6933 18.7117 18.7303 18.7494 18.7683 18.7865 18.7864 18.7989 18.8259 -9999 -9999 -9999
-9999 -9999 -9999 -9999 -9999 -9999 17.8856 17.939 17.9645 17.9864 18.0141 18.0295 18.0364 18.0443 18.0398 18.0378 18.0236 18.0042 17.9987 18.0673 18.1273 18.1627 18.1658 18.1148 18.0985 18.1037 18.1233 18.1177 18.1151 18.0868 18.0869 18.0849 18.1029 18.1362 18.1692 18.2024 18.2322 18.2513 18.2786 18.3025 18.323 18.3449 18.3641 18.3835 18.3931 18.4219 18.4349 18.4585 18.4755 18.4925 18.5062 18.5184 18.5421 18.5648 18.5841 18.6028 18.62 18.6373 18.6546 18.6719 18.6905 18.709 18.7278 18.7467 18.766 18.7886 18.806 18.8136 18.8168 18.8153 -9999 -9999
-9999 -9999 -9999 -9999 -9999 -9999 17.8601 17.9138 17.9405 17.9797 18.0036 18.0209 18.0359 18.0451 18.0455 18.0376 18.0333 18.0096 17.9834 18.0546 18.1164 18.1547 18.1653 18.1217 18.1426 18.1384 18.1494 18.1357 18.1341 18.1274 18.1219 18.1161 18.1075 18.1119 18.1674 18.2042 18.238 18.2638 18.2871 18.3089 18.3254 18.3435 18.3455 18.3798 18.4006 18.4194 18.4378 18.4567 18.4746 18.492 18.5063 18.5251 18.5392 18.5629 18.5822 18.5999 18.6174 18.6347 18.652 18.6695 18.6872 18.7063 18.7256 18.7445 18.7635 18.7863 18.8058 18.8246 18.8406 18.8322 18.8344 18.8497
-9999 -9999 -9999 -9999 -9999 -9999 17.7939 17.8687 17.9222 17.9618 17.9931 18.014 18.0319 18.0383 18.0475 18.0461 18.0453 18.0348 18.0105 18 18.0548 18.1293 18.1596 18.1637 18.1702 18.1649 18.1607 18.1664 18.1747 18.1616 18.148 18.1335 18.1383 18.1426 18.1877 18.2074 18.2218 18.2732 18.2917 18.3089 18.3156 18.3181 18.3406 18.3532 18.3813 18.3906 18.4201 18.4481 18.4705 18.4892 18.5032 18.522 18.5403 18.5617 18.5796 18.5971 18.6146 18.6321 18.6497 18.6671 18.6849 18.7033 18.7228 18.7415 18.7614 18.7843 18.8038 18.8226 18.8413 18.8559 18.8681 18.8761
-9999 -9999 -9999 -9999 -9999 -9999 17.7894 17.8483 17.9063 17.9411 17.9818 18.0027 18.027 18.0409 18.0493 18.0498 18.0462 18.0399 18.0209 18.0095 18.0511 18.1029 18.1431 18.1602 18.1662 18.1736 18.1788 18.1819 18.1867 18.1846 18.181 18.169 18.1678 18.1614 18.2101 18.2295 18.2407 18.2751 18.2925 18.2854 18.2847 18.3017 18.3298 18.3379 18.3569 18.371 18.3986 18.4396 18.4522 18.4724 18.4969 18.5176 18.5402 18.5587 18.5766 18.5944 18.612 18.6297 18.6475 18.665 18.6829 18.7011 18.7192 18.7396 18.7584 18.7813 18.8014 18.8205 18.8391 18.8567 18.8737 18.8955
-9999 -9999 -9999 -9999 -9999 -9999 17.7886 17.8284 17.8822 17.9296 17.9721 17.9982 18.0217 18.037 18.0438 18.0517 18.0549 18.0509 18.0521 18.0431 18.0249 18.0876 18.1115 18.1322 18.1443 18.1672 18.175 18.1765 18.1667 18.1841 18.1935 18.1864 18.1929 18.1961 18.2297 18.2453 18.2612 18.2773 18.2734 18.2614 18.256 18.2925 18.3081 18.3313 18.3272 18.3665 18.4023 18.4269 18.4364 18.4469 18.4868 18.5137 18.5347 18.5546 18.5737 18.5914 18.6095 18.6272 18.645 18.6629 18.6809 18.6991 18.7174 18.7358 18.7566 18.7797 18.7988 18.8173 18.8364 18.8553 18.8736 18.8941
-9999 -9999 -9999 -9999 -9999 -9999 -9999 17.804 17.8612 17.9217 17.9619 17.9928 18.0157 18.0306 18.0413 18.0512 18.0586 18.0594 18.0563 18.0425 18.0349 18.059 18.0821 18.0906 18.1101 18.1489 18.168 18.1627 18.1258 18.1575 18.1924 18.2043 18.2153 18.227 18.2393 18.2522 18.2629 18.2648 18.2361 18.2444 18.2447 18.2655 18.275 18.3096 18.3227 18.3627 18.3909 18.4134 18.413 18.4304 18.4769 18.5048 18.522 18.5459 18.5704 18.5886 18.6067 18.6245 18.6426 18.6608 18.6789 18.6963 18.7146 18.7332 18.7541 18.7778 18.7954 18.8136 18.8304 18.8521 18.871 18.9005
-9999 -9999 -9999 -9999 -9999 -9999 -9999 17.7809 17.8466 17.9157 17.9473 17.9795 18.0095 18.0246 18.0326 18.0409 18.0487 18.0552 18.0483 18.0414 18.0348 18.0401 18.0551 18.0586 18.0852 18.1336 18.1508 18.1574 18.1191 18.118 18.1613 18.2002 18.2157 18.2274 18.2112 18.2333 18.2328 18.227 18.238 18.2459 18.243 18.2714 18.2746 18.2999 18.3134 18.3442 18.3689 18.4019 18.4039 18.4169 18.4633 18.4935 18.5124 18.5427 18.5653 18.5846 18.603 18.6213 18.6395 18.6579 18.6761 18.6944 18.7128 18.7309 18.7484 18.7661 18.7678 18.7871 18.8123 18.837 18.8695 18.8996
-9999 -9999 -9999 -9999 -9999 -9999 -9999 17.7825 17.8322 17.8951 17.9457 17.9621 17.9944 18.0182 18.0253 18.0315 18.0372 18.0475 18.0387 18.0272 18.0199 18.0084 18.0238 18.0517 18.0828 18.1181 18.133 18.1382 18.1173 18.1387 18.1725 18.1969 18.2139 18.2255 18.2337 18.2453 18.2491 18.2604 18.2604 18.2512 18.2585 18.2833 18.2732 18.2935 18.3225 18.3263 18.3635 18.391 18.3879 18.4233 18.4621 18.491 18.5185 18.5413 18.5614 18.5822 18.6006 18.619 18.6374 18.6557 18.6741 18.6922 18.7105 18.7269 18.7422 18.7403 18.7589 18.7798 18.8085 18.8359 18.8765 18.8986
-9999 -9999 -9999 -9999 -9999 -9999 -9999 17.7841 17.8303 17.8868 17.9268 17.9455 17.9797 18.0118 18.0243 18.0299 18.0414 18.0463 18.0409 18.0331 18.0229 18.024 18.0102 18.0468 18.0704 18.1024 18.1232 18.105 18.1088 18.1358 18.1631 18.1823 18.2108 18.2251 18.2353 18.2303 18.2364 18.2571 18.2697 18.2795 18.2787 18.2957 18.3019 18.3152 18.3288 18.3284 18.3566 18.3762 18.4026 18.4364 18.4656 18.4913 18.5162 18.5365 18.5577 18.5796 18.5983 18.6167 18.6351 18.6536 18.6718 18.6894 18.7073 18.7213 18.7317 18.7348 18.737 18.7742 18.8122 18.8464 18.8749 18.8965
-9999 -9999 -9999 -9999 -9999 -9999 -9999 17.7734 17.822 17.8724 17.9016 17.9182 17.9684 18.0048 18.0192 18.0293 18.0386 18.03 18.0449 18.0536 18.0458 18.0282 18.0072 18.022 18.0502 18.0847 18.1053 18.0766 18.0794 18.0992 18.1343 18.1675 18.202 18.2218 18.2308 18.2145 18.1965 18.2287 18.2623 18.2793 18.2918 18.2924 18.3049 18.318 18.3237 18.3222 18.3384 18.3628 18.4043 18.4308 18.4613 18.4898 18.505 18.5258 18.5535 18.5772 18.5959 18.6144 18.6331 18.6514 18.6697 18.6864 18.703 18.7184 18.7152 18.7205 18.7248 18.771 18.8031 18.8433 18.8747 18.8965
-9999 -9999 -9999 -9999 -9999 -9999 -9999 17.7575 17.7965 17.8454 17.8735 17.9102 17.9584 17.9894 18.0118 18.0258 18.0367 18.0405 18.0481 18.0495 18.0409 18.0242 18.0038 17.9945 18.017 18.0582 18.0773 18.0524 18.0524 18.0812 18.1179 18.1662 18.2001 18.2175 18.2309 18.2398 18.2311 18.2175 18.2343 18.2664 18.2711 18.2741 18.2999 18.3163 18.3221 18.3313 18.3399 18.3675 18.3935 18.4182 18.4505 18.489 18.5106 18.5288 18.5557 18.5747 18.5935 18.6123 18.6308 18.6494 18.6678 18.6849 18.7001 18.7043 18.7105 18.7117 18.7287 18.7778 18.8163 18.8486 18.8739 18.895
-9999 -9999 -9999 -9999 -9999 -9999 -9999 17.7335 17.7773 17.8241 17.869 17.9124 17.9518 17.9681 17.9956 18.0099 18.0309 18.0429 18.0472 18.0505 18.0451 18.02 18.0007 17.9782 17.9993 18.0466 18.0442 18.0402 18.0222 18.0672 18.1159 18.1616 18.1932 18.1944 18.2234 18.2379 18.2446 18.2431 18.2321 18.2497 18.2462 18.2628 18.2912 18.3125 18.3288 18.3402 18.349 18.3696 18.3904 18.4116 18.4429 18.4771 18.5109 18.5321 18.5537 18.5725 18.5911 18.61 18.6286 18.647 18.6649 18.682 18.6886 18.693 18.703 18.7098 18.7275 18.7758 18.8194 18.8489 18.8736 18.895
-9999 -9999 -9999 -9999 -9999 -9999 -9999 -9999 17.7693 17.8174 17.8567 17.8777 17.9144 17.9408 17.9645 17.9809 18.0217 18.0372 18.045 18.0492 18.0465 18.0307 18.0232 18.0022 17.9903 18.0073 18.0066 18.028 18.0383 18.0657 18.1131 18.1622 18.1803 18.1727 18.1912 18.2115 18.238 18.2491 18.2281 18.2259 18.2273 18.2562 18.2858 18.3066 18.3252 18.3411 18.3632 18.3658 18.401 18.432 18.4539 18.4832 18.5097 18.5307 18.551 18.5699 18.5888 18.6074 18.6257 18.6441 18.6609 18.6755 18.6807 18.6667 18.6874 18.7031 18.7122 18.7656 18.814 18.8469 18.8736 18.895
-9999 -9999 -9999 -9999 -9999 -9999 -9999 -9999 17.7531 17.8066 17.8291 17.8429 17.8442 17.8647 17.9276 17.9517 17.9915 18.0298 18.0418 18.0463 18.0447 18.0404 18.0265 18.0013 17.9836 17.969 18.0114 18.0491 18.0684 18.0915 18.1257 18.1435 18.1349 18.1283 18.1555 18.1783 18.222 18.2434 18.2549 18.2492 18.2406 18.2447 18.2786 18.2987 18.3178 18.3363 18.3597 18.373 18.4047 18.434 18.4601 18.4829 18.5084 18.529 18.5484 18.5676 18.5862 18.6046 18.6223 18.6398 18.6535 18.6662 18.6627 18.6631 18.6707 18.6752 18.7283 18.7687 18.8109 18.8452 18.8721 18.8935
