Test_Spring_2018/04_18/Temp/20180430_022.txt
ncols	170
nrows	115
xllcorner	350000.000000
yllcorner	4445000.000000
cellsize	1000.000000
nodata_value	-9999.000000
[rows 32 to 63 of 115, columns 72 to 143 of 170]
17.0497 16.6702 17.2378 17.7596 17.428 17.2055 18.0599 18.0535 17.7505 17.0473 16.7863 16.5163 16.3496 15.451 12.9367 10.6701 11.8806 11.9072 11.0667 12.5693 11.7737 9.70024 6.77388 8.36407 7.95025 5.87581 5.36579 -9999 -9999 -9999 -9999 -9999 -9999 -9999 -9999 -9999 -9999 -9999 -9999 -9999 -9999 -9999 -9999 -9999 -9999 -9999 -9999 -9999 -9999 -9999 -9999 -9999 -9999 -9999 -9999 -9999 -9999 -9999 -9999 -9999 -9999 -9999 -9999 -9999 -9999 -9999 -9999 -9999 -9999 -9999 -9999 -9999
16.5351 16.3683 17.2158 17.1905 17.1315 17.4291 17.9538 18.0552 17.9334 17.6236 17.3551 17.0702 16.3551 15.3276 13.1753 10.5958 10.009 11.2681 11.327 11.5285 10.8035 9.89347 8.47033 9.63558 10.0883 8.72451 6.94168 5.78728 -9999 -9999 -9999 -9999 -9999 -9999 -9999 -9999 -9999 -9999 -9999 -9999 -9999 -9999 -9999 -9999 -9999 -9999 -9999 -9999 -9999 -9999 -9999 -9999 -9999 -9999 -9999 -9999 -9999 -9999 -9999 -9999 -9999 -9999 -9999 -9999 -9999 -9999 -9999 -9999 -9999 -9999 -9999 -9999
15.9247 15.0889 15.5971 15.9766 16.6868 16.8539 16.9547 17.968 17.908 17.8551 17.4145 17.0616 16.4804 15.4912 14.0851 12.3932 9.44979 11.2615 12.6803 12.643 12.5647 11.9273 10.5604 11.7043 11.7585 10.0184 8.02864 6.86353 6.38219 -9999 -9999 -9999 -9999 -9999 -9999 -9999 -9999 -9999 -9999 -9999 -9999 -9999 -9999 -9999 -9999 -9999 -9999 -9999 -9999 -9999 -9999 -9999 -9999 -9999 -9999 -9999 -9999 -9999 -9999 -9999 -9999 -9999 -9999 -9999 -9999 -9999 -9999 -9999 -9999 -9999 -9999 -9999
15.2334 14.2141 14.7255 15.4099 16.378 16.8697 17.2437 17.5421 17.8469 17.8042 17.3531 16.032 15.8396 15.7787 14.8578 12.9294 11.0041 10.5043 12.6696 13.289 13.1625 13.6465 12.4889 13.0368 12.8132 12.1991 10.2851 8.54691 7.82887 6.40845 -9999 -9999 -9999 -9999 -9999 -9999 -9999 -9999 -9999 -9999 -9999 -9999 -9999 -9999 -9999 -9999 -9999 -9999 -9999 -9999 -9999 -9999 -9999 -9999 -9999 -9999 -9999 -9999 -9999 -9999 -9999 -9999 -9999 -9999 -9999 -9999 -9999 -9999 -9999 -9999 -9999 -9999
-9999 -9999 13.5545 14.4883 15.2509 16.2018 17.0136 17.4196 17.8141 17.7755 16.879 16.4379 16.3951 15.7898 14.7271 14.0595 12.8467 11.5838 12.065 13.9122 13.0908 14.4003 14.2904 14.532 13.6583 11.9951 9.7832 8.49165 7.84963 6.69897 -9999 -9999 -9999 -9999 -9999 -9999 -9999 -9999 -9999 -9999 -9999 -9999 -9999 -9999 -9999 -9999 -9999 -9999 -9999 -9999 -9999 -9999 -9999 -9999 -9999 -9999 -9999 -9999 -9999 -9999 -9999 -9999 -9999 -9999 -9999 -9999 -9999 -9999 -9999 -9999 -9999 -9999
-9999 -9999 -9999 14.3005 14.8774 16.1458 16.7968 17.0575 17.6972 17.6919 17.3482 17.0877 16.7129 16.2257 15.426 14.545 13.4043 13.298 14.4794 14.4944 14.2484 14.4437 15.0523 14.8939 13.5437 11.2006 9.96764 7.45845 6.38521 6.49679 5.73585 -9999 -9999 -9999 -9999 -9999 -9999 -9999 -9999 -9999 -9999 -9999 -9999 8.64553 -9999 -9999 -9999 -9999 -9999 -9999 -9999 -9999 -9999 -9999 -9999 -9999 -9999 -9999 -9999 -9999 -9999 -9999 -9999 -9999 4.01635 -9999 -9999 -9999 -9999 -9999 -9999 -9999
-9999 -9999 14.1785 14.9565 15.5693 16.3611 16.4351 16.8984 17.6344 17.6379 17.3916 17.1149 16.5014 16.3461 15.8893 14.933 14.7363 15.1222 15.3005 15.5033 15.6292 15.5303 15.2867 14.9713 14.0941 13.013 12.2881 9.99764 8.83927 7.73156 6.05366 4.74091 -9999 -9999 -9999 -9999 -9999 -9999 -9999 7.76307 7.69971 7.72848 8.0957 9.11137 8.51264 -9999 -9999 -9999 -9999 -9999 -9999 -9999 -9999 -9999 -9999 -9999 -9999 -9999 -9999 -9999 -9999 -9999 -9999 -9999 4.92637 3.60074 -9999 -9999 -9999 -9999 -9999 -9999
-9999 -9999 14.3691 15.1999 15.6106 16.3789 16.8146 17.0969 17.3464 17.5846 17.5357 17.2295 16.7682 16.7661 16.1349 15.794 15.5511 16.0737 16.1779 15.9699 15.7092 15.4794 14.8246 14.7518 14.5348 13.8504 12.7242 11.5633 9.88454 7.60707 5.37311 3.57102 -9999 -9999 -9999 -9999 -9999 -9999 7.94313 8.78697 9.29211 8.21522 9.1334 9.9725 9.83722 9.02084 -9999 -9999 -9999 -9999 -9999 -9999 -9999 -9999 -9999 -9999 -9999 -9999 -9999 -9999 11.2 9.84133 7.09959 5.69267 4.84726 3.64152 -9999 -9999 -9999 -9999 -9999 -9999
-9999 -9999 14.1889 15.1712 15.8335 16.4198 16.5058 17.1017 17.3634 17.4868 17.4629 17.3959 17.3054 16.7525 16.5129 15.6827 16.4734 16.4437 16.2448 15.4539 15.1133 13.755 13.1597 13.0243 14.1746 13.3324 11.5687 9.36249 6.70963 6.53938 5.66297 4.05269 -9999 -9999 -9999 -9999 -9999 -9999 8.19474 9.09731 9.85049 9.95938 8.88898 10.3809 10.3221 9.48573 9.29501 9.97861 10.3246 10.0727 10.8864 11.124 10.7532 11.156 -9999 -9999 -9999 -9999 11.3854 11.4375 11.4761 10.9082 7.91311 5.86643 4.0281 3.85192 -9999 -9999 -9999 -9999 -9999 -9999
-9999 -9999 14.8609 15.4623 15.7617 15.8022 16.3264 16.8446 17.1677 17.3959 17.3387 17.3112 17.2834 17.0905 16.6511 16.7269 16.6907 16.4374 14.929 13.1693 13.9416 12.9014 10.6574 12.4875 13.4931 12.5391 10.4018 7.92222 7.1122 7.14928 5.92994 4.35959 -9999 -9999 -9999 5.71751 7.01055 7.12241 7.50295 8.70695 9.62259 10.313 10.7825 10.7673 10.2697 9.45163 8.56252 8.878 10.4745 10.863 11.1949 11.4413 11.0971 11.2734 11.6987 11.9175 11.9602 11.8574 11.8319 11.8641 11.8102 11.2799 8.60148 7.06645 6.08578 4.1159 -9999 -9999 -9999 -9999 -9999 -9999
-9999 -9999 14.4645 14.9861 15.4062 16.1049 16.1698 16.6101 16.8623 17.2545 17.2897 16.8153 17.1924 17.1366 17.0602 16.905 16.6806 15.4067 13.652 11.8943 11.0859 11.4301 10.0883 10.7905 11.8099 11.4491 10.1419 7.93372 7.62593 7.11428 5.06188 3.08563 -9999 -9999 3.20006 5.68171 7.42868 8.32926 8.60749 8.6332 9.78698 9.87655 11.1188 10.8272 9.18164 9.36558 8.72575 9.13934 9.72375 9.88365 10.7313 11.5388 11.6904 11.6924 11.9627 12.0168 12.0292 12.0199 11.8331 11.9147 11.9247 11.5929 9.65043 8.70138 7.65401 4.13366 -9999 -9999 -9999 -9999 -9999 -9999
-9999 -9999 14.7198 15.3033 15.9424 16.0371 16.5068 16.4451 16.2923 16.9516 17.1905 16.8522 16.6073 17.0367 17.0017 16.9412 16.8453 15.6487 14.2654 12.171 10.8726 10.0742 9.51449 8.77086 9.29803 9.14532 8.93794 9.18869 8.58846 7.37779 6.17799 3.92837 2.71188 -9999 3.32575 4.44531 6.52298 8.28828 9.40834 9.00379 10.3158 10.5581 11.3148 10.869 9.86946 9.43889 9.3999 9.26813 10.1521 10.7476 11.1722 11.4514 11.7982 11.8856 11.9734 12.0089 12.0273 12.0457 12.0387 12.029 11.9867 11.8599 10.9648 10.0159 7.97255 4.2421 -9999 -9999 -9999 -9999 -9999 -9999
-9999 12.9898 14.6406 15.6248 15.9991 16.2656 16.4986 16.6635 16.8331 16.9937 17.1027 17.0447 16.1654 16.2294 16.3808 16.8722 16.8365 16.73 15.9757 13.427 12.5447 11.2638 9.60094 8.91407 9.2707 10.6473 10.593 9.69244 8.68734 7.29401 6.4118 5.03362 2.38417 2.62303 3.81665 4.70422 6.11577 8.27364 9.78576 10.4596 10.7131 11.2438 11.5192 10.9079 10.3264 10.0815 9.62888 9.56471 9.56788 10.1021 10.5235 11.4514 11.7622 11.9022 11.9737 12.0113 12.038 12.064 12.0713 12.0507 12.0485 12.0379 11.9677 10.7074 7.55593 5.18456 -9999 -9999 -9999 -9999 -9999 -9999
-9999 -9999 14.3232 14.7502 14.8536 15.0419 15.4393 15.8988 16.5513 16.6253 16.9827 16.9693 16.2126 15.3389 16.0884 16.3854 16.6959 16.7073 16.6138 14.4701 13.354 12.4777 10.8842 11.4738 12.0311 12.0809 11.7572 9.81989 7.8896 5.66115 3.57975 3.48307 2.3643 2.95843 3.74678 5.77054 7.194 7.7701 8.18323 10.3765 10.9456 11.1397 11.7001 10.9326 10.7375 10.1609 10.3317 10.2812 10.2846 8.68941 10.2945 10.3885 11.4304 11.8991 12.0032 12.0308 12.06 12.063 12.0667 12.0592 12.0667 12.0468 12.0229 11.2018 7.21075 5.20542 -9999 -9999 -9999 -9999 -9999 -9999
-9999 -9999 -9999 -9999 14.4297 14.7509 14.9517 15.3083 16.4242 16.717 16.9081 16.9148 16.5714 15.7071 15.4761 15.6306 14.7938 15.4969 16.4566 16.4384 16.3293 14.4506 13.4974 14.4411 14.1661 12.7563 11.6481 10.5536 8.29314 6.63822 4.25252 2.46095 2.39543 4.37723 6.02288 8.07066 8.97313 8.45669 9.01203 10.1 11.3365 11.9336 11.7908 10.9817 10.8675 9.97887 10.8515 10.9262 10.5205 10.1701 10.3145 10.8298 11.0259 11.8408 12.0373 12.0708 12.0756 12.077 12.0712 12.0639 12.0489 12.0362 12.0203 11.9789 7.87645 4.68443 -9999 -9999 -9999 -9999 -9999 -9999
-9999 -9999 -9999 -9999 13.632 13.8227 14.3434 15.7007 16.4003 16.6775 16.6558 16.7791 16.5342 15.7725 14.9931 14.26 13.3176 13.8586 15.2882 16.1344 16.2373 14.5916 15.4646 15.1519 14.526 12.68 11.3212 10.604 8.43439 6.57599 4.99056 2.79844 3.73983 4.77521 6.10372 8.33825 9.84481 10.4624 9.94012 10.635 12.058 12.0641 11.2832 11.3327 10.8568 9.64266 10.9061 11.2618 10.9756 11.0505 10.9482 11.1398 11.489 11.8229 12.0444 12.0732 12.075 12.0657 12.063 12.0602 12.0407 12.0377 12.0217 11.9962 9.34646 4.61522 -9999 -9999 -9999 -9999 -9999 -9999
-9999 -9999 -9999 -9999 -9999 12.8932 14.0982 15.9044 16.3378 16.284 16.6479 16.6697 16.2986 15.9773 15.0321 13.7449 11.277 11.9078 13.2241 15.122 16.1236 15.9978 15.4569 14.5055 12.1898 10.1639 9.92516 9.59969 8.01823 6.58834 4.82531 5.85329 6.97776 8.20655 8.85162 8.68323 9.97395 11.0255 10.5759 11.4287 12.4241 11.9699 11.7009 11.4753 10.9255 10.892 10.9494 11.6672 11.1713 11.4771 11.4894 11.472 11.6417 11.8369 12.0417 12.0741 12.0729 12.0742 12.0477 12.0529 12.0373 12.0215 12.0063 11.9838 11.7398 9.18939 7.66367 -9999 -9999 -9999 -9999 -9999
-9999 -9999 -9999 -9999 -9999 11.7598 12.3545 14.4964 15.1438 16.0837 16.5778 16.5908 15.9708 15.6239 14.2172 13.7604 11.4773 10.4462 11.3275 10.9976 13.6098 15.9233 15.4336 10.7896 9.11337 7.92006 8.23715 8.24768 7.81236 5.37438 4.70585 6.89742 8.27751 9.34616 10.156 10.3238 10.2944 11.9403 12.1573 12.6905 12.572 12.6197 11.7862 11.2701 11.7188 11.1997 11.1112 11.8528 11.1234 11.7844 11.7113 11.5129 11.5022 11.9366 12.0238 12.0689 12.0697 12.0507 12.0261 12.0104 12.0208 12.0102 11.9817 11.9785 11.9505 11.6434 10.3218 9.85791 10.3654 -9999 -9999 -9999
-9999 -9999 -9999 -9999 -9999 -9999 10.3359 13.3184 14.669 15.3763 16.3777 16.4899 16.155 15.5597 14.1282 12.8707 10.8297 8.50069 7.27123 10.9716 14.1942 15.8805 15.6717 11.8071 10.2872 10.2248 11.1333 10.3809 9.81132 7.95975 7.40982 6.64234 7.12023 8.60928 9.8247 10.9962 11.8469 11.9143 12.4648 12.7811 12.8051 12.9027 12.8034 12.7225 11.9185 12.473 12.0025 12.2527 12.0926 11.9482 11.8283 11.3687 11.693 11.9799 12.053 12.073 12.0542 12.048 12.0331 12.0029 11.9871 11.9812 11.9743 11.9552 11.9507 11.9324 11.7811 10.9849 9.92052 8.57694 -9999 -9999
-9999 -9999 -9999 -9999 -9999 -9999 8.8315 11.8001 13.2191 15.0569 15.9925 16.3722 16.314 15.8308 14.7422 13.1076 11.7474 9.147 6.44846 10.3295 13.7946 15.6661 15.7728 12.5294 13.4402 12.7188 13.0207 11.6924 11.144 10.7104 9.75648 8.71177 7.56714 6.96197 9.69049 11.0907 12.2167 12.7462 13.0443 13.1917 13.1112 12.9042 11.6912 12.6137 12.5632 12.4709 12.3654 12.3146 12.2195 12.1074 12.046 12.0221 11.7166 12.0605 12.0497 12.0531 12.053 12.0418 12.0218 12.0034 11.9811 11.9779 11.9613 11.9452 11.9328 11.9248 11.9114 11.8645 11.6509 9.84751 8.76815 8.46401
-9999 -9999 -9999 -9999 -9999 -9999 4.63539 8.96049 12.4214 14.2321 15.7069 16.106 16.2513 15.6053 15.1223 13.95 12.8415 11.1331 8.57523 7.00259 9.90956 14.1362 15.7048 15.5944 15.5046 14.6686 13.9156 13.8261 13.8891 13.009 11.7241 10.0436 9.52079 8.93174 10.9641 11.2391 11.0892 13.3216 13.3243 13.1949 12.3375 11.382 11.5622 10.9686 11.421 10.7142 11.3634 11.9247 12.1346 12.1176 12.0482 12.0368 12.0027 12.0589 12.0568 12.0458 12.0365 12.0302 12.019 11.9897 11.9712 11.9766 11.9555 11.9382 11.9202 11.9149 11.9065 11.8709 11.8386 11.5591 11.1404 10.3446
-9999 -9999 -9999 -9999 -9999 -9999 4.8057 8.43665 11.521 13.3702 15.1461 15.5527 16.1485 16.0135 15.508 14.4887 13.2172 11.8111 9.61651 7.9871 9.93324 12.7391 14.7516 15.4813 15.4862 15.4444 15.2598 15.1854 14.9689 14.8146 13.8946 12.3074 11.4106 10.0961 12.3611 12.6145 12.2589 13.3873 13.3284 11.6168 10.3002 10.1343 10.9388 10.175 10.0394 9.56377 10.0999 11.5377 11.1154 11.1986 11.8561 11.9629 12.0269 12.0445 12.0387 12.034 12.021 12.0204 12.0192 11.9905 11.9751 11.9654 11.9366 11.9288 11.9076 11.8918 11.8754 11.8548 11.8251 11.7437 11.6554 11.7435
-9999 -9999 -9999 -9999 -9999 -9999 4.86955 7.30939 10.0848 12.8117 14.7095 15.4713 16.0251 16.0144 15.4276 14.9198 14.1223 12.8849 12.0374 10.5661 8.5468 11.9421 12.9856 13.9234 14.317 15.2905 15.2727 14.835 14.3273 14.8093 14.6732 13.4168 13.0045 12.3064 13.5661 13.5684 13.5322 13.4629 12.0168 10.0075 8.40103 9.55361 9.31067 9.8446 8.20118 9.54919 10.636 10.9885 10.2495 9.7012 11.4023 11.6777 11.8438 11.9497 12.0187 12.0001 12.0155 12.0032 11.9956 11.9871 11.9692 11.9568 11.9383 11.9193 11.9017 11.888 11.8653 11.8389 11.8343 11.7882 11.7693 11.7519
-9999 -9999 -9999 -9999 -9999 -9999 -9999 5.85084 9.37451 12.5183 14.2659 15.3631 15.8954 15.8813 15.5797 15.2341 14.7389 13.8458 12.7249 10.9542 9.64106 10.4797 11.5011 11.6253 12.3081 14.2788 14.9553 14.0083 11.6571 13.0517 14.6038 14.5812 14.4507 14.3039 14.1164 13.9453 13.5711 12.5702 9.50678 8.9009 7.69797 7.83263 7.21486 8.565 8.06045 9.44208 10.0406 10.2662 8.98764 9.26498 10.7609 11.3544 11.2546 11.6182 11.9644 11.9742 11.9824 11.9712 11.9763 11.9762 11.9674 11.9491 11.9342 11.9222 11.8909 11.891 11.7739 11.6969 11.5441 11.7272 11.7426 11.7453
-9999 -9999 -9999 -9999 -9999 -9999 -9999 5.14244 8.65761 12.362 13.5473 14.7313 15.753 15.769 15.3101 14.8744 14.4266 13.9179 12.5578 11.2398 9.98226 9.56217 9.81917 9.80633 10.9071 13.4722 13.9723 13.7648 11.3105 10.482 12.554 14.2953 14.4337 14.2769 12.2305 12.6662 11.5614 10.0629 9.6495 8.99263 7.60615 8.2713 7.25547 7.68918 7.57791 8.36186 8.74381 9.67667 8.56213 8.57436 10.0425 10.7852 10.8028 11.5822 11.8592 11.9307 11.9473 11.9586 11.9597 11.9696 11.9598 11.9456 11.9275 11.8872 11.7954 11.5194 10.0366 10.0357 10.4396 10.8219 11.5195 11.7093
-9999 -9999 -9999 -9999 -9999 -9999 -9999 5.54022 7.978 11.2648 13.6983 13.8466 15.0281 15.6365 15.1379 14.5777 14.0054 13.7553 12.2747 10.6491 9.33644 7.783 8.04183 9.1617 10.9953 12.6531 12.9524 12.6139 11.2997 11.9248 13.3384 14.0896 14.3119 14.1387 13.6932 13.4355 12.6219 12.2686 11.1383 9.37156 8.67486 9.11399 7.23844 7.36833 8.06049 7.32985 8.54294 9.12318 7.68388 8.8288 10.1316 10.7971 11.3788 11.6534 11.762 11.9291 11.9319 11.9442 11.9498 11.945 11.9424 11.9124 11.8869 11.7266 11.4916 10.1079 9.53169 9.64176 10.2774 10.8338 11.4113 11.6484
-9999 -9999 -9999 -9999 -9999 -9999 -9999 5.94674 8.14153 10.9911 12.7251 13.0316 14.3426 15.5085 15.3751 14.7924 14.6142 14.0117 12.7558 11.3692 9.85413 9.11867 7.42614 9.0969 10.423 11.8268 12.4851 11.4056 10.8649 11.8298 12.7886 13.1724 14.1399 14.1315 13.8169 12.4591 11.7966 12.0758 11.7904 11.2913 10.0749 10.0197 9.23792 8.91358 8.60728 7.62087 8.25292 8.3155 8.48198 9.85981 10.5372 10.9859 11.3938 11.4999 11.6764 11.9057 11.9243 11.9306 11.9274 11.9294 11.9098 11.8414 11.7831 11.4638 10.9008 9.85281 8.15862 9.34947 10.595 10.96 11.32 11.506
-9999 -9999 -9999 -9999 -9999 -9999 -9999 5.56133 7.89368 10.3287 11.3442 11.5132 13.8895 15.3436 15.3435 15.0662 14.7432 13.2558 13.3428 13.0458 11.6789 9.68784 7.50141 7.70853 9.01882 10.8701 11.4847 9.6977 9.06789 9.53526 10.9838 12.2802 13.6334 13.9775 13.5811 11.4676 9.22123 10.2624 11.3748 11.3678 11.0403 9.91228 9.55344 9.22857 8.40541 7.01293 7.22235 7.60875 9.1683 9.65939 10.4188 11.0493 10.8097 10.9476 11.5504 11.8955 11.9067 11.9109 11.9201 11.9097 11.8864 11.7528 11.6114 11.3759 9.91291 9.00196 7.67953 9.21365 10.0617 10.5068 11.3141 11.5045
-9999 -9999 -9999 -9999 -9999 -9999 -9999 4.82677 6.51822 8.84578 9.78138 11.2768 13.5224 14.6255 15.1533 15.1396 14.9238 14.2572 13.8566 13.068 11.6457 9.70108 7.5397 6.13334 6.85072 9.34542 9.94051 8.2883 7.45123 8.49841 10.0417 12.3258 13.631 13.8077 13.69 13.2542 11.6141 9.63239 9.63853 10.6315 9.79931 8.83214 9.36281 9.26364 8.45088 7.85953 7.50528 7.72498 8.61931 8.98479 9.8622 11.1578 11.3421 11.3038 11.8482 11.8737 11.8845 11.903 11.9001 11.8926 11.8735 11.7641 11.5223 10.5475 9.69697 8.51488 8.36577 9.7326 10.3231 10.8759 11.2703 11.3968
-9999 -9999 -9999 -9999 -9999 -9999 -9999 3.56952 5.56071 7.74104 9.78263 11.7143 13.3767 13.5026 14.3787 14.3756 14.8344 14.7014 14.0838 13.4195 12.1939 9.69538 7.59486 5.30422 5.90979 8.45433 8.78687 7.68322 5.64224 7.75338 10.0811 12.1906 13.3327 12.4384 13.3556 13.2803 12.6656 11.4858 9.65136 9.6854 8.31039 8.24985 8.9549 9.18326 9.06498 8.62092 7.913 8.03558 8.58097 8.71665 9.52278 10.5275 11.5096 11.6733 11.8591 11.8653 11.8664 11.8796 11.8792 11.8562 11.8032 11.6889 10.8713 9.89939 9.29933 8.47462 8.3715 9.94789 10.5691 10.9147 11.2547 11.3869
-9999 -9999 -9999 -9999 -9999 -9999 -9999 -9999 5.34468 7.59748 9.26367 9.70981 11.1872 11.9839 12.6001 12.7353 14.4991 14.5953 14.2034 13.5931 12.5477 10.6518 9.33123 7.13395 5.55506 6.21315 6.51322 7.09581 6.92633 7.86863 10.1053 12.4353 12.69 11.2109 11.4301 11.7395 12.433 12.0806 9.5813 8.31112 7.25661 8.00439 8.79107 8.98086 9.01827 8.86563 8.68629 8.39753 9.44926 10.2271 10.4062 11.084 11.584 11.7208 11.8234 11.8344 11.8454 11.8435 11.8119 11.7882 11.6597 11.3747 10.4604 8.26587 8.36477 8.12418 7.43884 8.97127 9.94122 10.8076 11.2662 11.382
-9999 -9999 -9999 -9999 -9999 -9999 -9999 -9999 4.58134 7.18862 7.73636 7.69184 6.82406 7.21929 10.4222 11.0656 12.7571 14.3591 14.2407 13.6418 12.6637 11.5347 9.78678 7.31541 5.35208 4.52575 6.64501 8.72127 9.15159 9.81584 11.1868 11.448 9.93649 8.5188 9.31494 9.79427 11.621 11.9539 11.598 10.0917 8.36952 7.47009 8.52987 8.67075 8.73352 8.74527 8.70705 8.67069 9.86397 10.5194 10.9736 11.2201 11.6491 11.7575 11.7909 11.8222 11.8123 11.7879 11.7175 11.6376 11.2942 10.8789 9.38318 8.13546 7.35594 6.36722 8.58304 9.23252 10.1431 10.728 11.1838 11.2806
