Test_Spring_2018/04_18/Temp/20180428_004.txt
ncols	170
nrows	115
xllcorner	350000.000000
yllcorner	4445000.000000
cellsize	1000.000000
nodata_value	-9999.000000
[rows 32 to 63 of 115, columns 72 to 143 of 170]
15.9321 15.6003 16.101 16.5618 16.2655 16.0677 16.8256 16.8211 16.5557 15.9383 15.7091 15.4715 15.3241 14.533 12.3217 10.3276 11.3879 11.4074 10.6644 11.9796 11.2748 9.44682 6.86889 8.25899 7.88795 6.07018 5.62267 -9999 -9999 -9999 -9999 -9999 -9999 -9999 -9999 -9999 -9999 -9999 -9999 -9999 -9999 -9999 -9999 -9999 -9999 -9999 -9999 -9999 -9999 -9999 -9999 -9999 -9999 -9999 -9999 -9999 -9999 -9999 -9999 -9999 -9999 -9999 -9999 -9999 -9999 -9999 -9999 -9999 -9999 -9999 -9999 -9999
15.4877 15.3426 16.0891 16.0689 16.0136 16.2708 16.7388 16.829 16.7227 16.4509 16.2149 15.9641 15.3348 14.4304 12.5372 10.268 9.74914 10.8516 10.8988 11.0708 10.4282 9.62243 8.3654 9.38223 9.77272 8.57733 7.01399 5.99748 -9999 -9999 -9999 -9999 -9999 -9999 -9999 -9999 -9999 -9999 -9999 -9999 -9999 -9999 -9999 -9999 -9999 -9999 -9999 -9999 -9999 -9999 -9999 -9999 -9999 -9999 -9999 -9999 -9999 -9999 -9999 -9999 -9999 -9999 -9999 -9999 -9999 -9999 -9999 -9999 -9999 -9999 -9999 -9999
14.9587 14.2258 14.674 15.0095 15.6257 15.7781 15.8679 16.7592 16.7072 16.6612 16.274 15.9634 15.4518 14.5811 13.3435 11.8542 9.26464 10.8526 12.0946 12.0567 11.9823 11.416 10.2083 11.2064 11.2466 9.72772 7.98017 6.94959 6.52006 -9999 -9999 -9999 -9999 -9999 -9999 -9999 -9999 -9999 -9999 -9999 -9999 -9999 -9999 -9999 -9999 -9999 -9999 -9999 -9999 -9999 -9999 -9999 -9999 -9999 -9999 -9999 -9999 -9999 -9999 -9999 -9999 -9999 -9999 -9999 -9999 -9999 -9999 -9999 -9999 -9999 -9999 -9999
14.3583 13.4641 13.9152 14.5186 15.3665 15.8001 16.129 16.3924 16.661 16.6241 16.2278 15.0667 14.8967 14.8418 14.0305 12.3334 10.6383 10.1951 12.093 12.632 12.515 12.9338 11.9099 12.3841 12.1801 11.6411 9.96629 8.4347 7.79705 6.54264 -9999 -9999 -9999 -9999 -9999 -9999 -9999 -9999 -9999 -9999 -9999 -9999 -9999 -9999 -9999 -9999 -9999 -9999 -9999 -9999 -9999 -9999 -9999 -9999 -9999 -9999 -9999 -9999 -9999 -9999 -9999 -9999 -9999 -9999 -9999 -9999 -9999 -9999 -9999 -9999 -9999 -9999
-9999 -9999 12.8931 13.7113 14.389 15.2204 15.9343 16.2925 16.6402 16.6071 15.8198 15.4321 15.3938 14.8606 13.9248 13.3355 12.2664 11.1526 11.5706 13.1881 12.4602 13.6041 13.5004 13.7051 12.9295 11.4727 9.53108 8.39167 7.82052 6.80285 -9999 -9999 -9999 -9999 -9999 -9999 -9999 -9999 -9999 -9999 -9999 -9999 -9999 -9999 -9999 -9999 -9999 -9999 -9999 -9999 -9999 -9999 -9999 -9999 -9999 -9999 -9999 -9999 -9999 -9999 -9999 -9999 -9999 -9999 -9999 -9999 -9999 -9999 -9999 -9999 -9999 -9999
-9999 -9999 -9999 13.5529 14.0676 15.1843 15.7516 15.9825 16.5461 16.5426 16.2414 16.0127 15.6829 15.2537 14.5492 13.7724 12.7666 12.6688 13.7017 13.709 13.4863 13.6508 14.1779 14.0307 12.8434 10.7812 9.68962 7.4889 6.5384 6.62935 5.95416 -9999 -9999 -9999 -9999 -9999 -9999 -9999 -9999 -9999 -9999 -9999 -9999 8.49904 -9999 -9999 -9999 -9999 -9999 -9999 -9999 -9999 -9999 -9999 -9999 -9999 -9999 -9999 -9999 -9999 -9999 -9999 -9999 -9999 4.55544 -9999 -9999 -9999 -9999 -9999 -9999 -9999
-9999 -9999 13.4541 14.1413 14.6822 15.3806 15.4422 15.8512 16.4999 16.5047 16.2896 16.0471 15.5079 15.3706 14.9675 14.1245 13.9481 14.2826 14.4338 14.6057 14.7093 14.6148 14.3924 14.1066 13.3386 12.3799 11.7343 9.72233 8.69863 7.71765 6.2362 5.07623 -9999 -9999 -9999 -9999 -9999 -9999 -9999 7.71219 7.65875 7.68722 8.01395 8.9112 8.39059 -9999 -9999 -9999 -9999 -9999 -9999 -9999 -9999 -9999 -9999 -9999 -9999 -9999 -9999 -9999 -9999 -9999 -9999 -9999 5.35889 4.19934 -9999 -9999 -9999 -9999 -9999 -9999
-9999 -9999 13.6285 14.3612 14.7251 15.4034 15.7895 16.0344 16.2563 16.468 16.4268 16.1589 15.754 15.7516 15.1954 14.8933 14.6761 15.1306 15.2163 15.0267 14.79 14.5797 13.9954 13.922 13.7328 13.122 12.123 11.0937 9.62045 7.61091 5.64016 4.04956 -9999 -9999 -9999 -9999 -9999 -9999 7.86875 8.6117 9.0582 8.11574 8.92719 9.67001 9.55736 8.86079 -9999 -9999 -9999 -9999 -9999 -9999 -9999 -9999 -9999 -9999 -9999 -9999 -9999 -9999 10.8593 9.66852 7.26306 6.03111 5.29321 4.23935 -9999 -9999 -9999 -9999 -9999 -9999
-9999 -9999 13.4755 14.3419 14.9275 15.4465 15.5259 16.0538 16.2811 16.3926 16.3741 16.317 16.2384 15.7523 15.5405 14.8085 15.4995 15.4683 15.2872 14.585 14.2774 13.0747 12.5419 12.4228 13.4233 12.673 11.1131 9.16444 6.82491 6.67477 5.89599 4.47315 -9999 -9999 -9999 -9999 -9999 -9999 8.08822 8.88316 9.54813 9.6482 8.71318 10.0305 9.99842 9.27241 9.11391 9.72353 10.0362 9.82195 10.5571 10.7722 10.4517 10.8098 -9999 -9999 -9999 -9999 11.0221 11.0696 11.1056 10.6093 7.98125 6.18729 4.57722 4.44241 -9999 -9999 -9999 -9999 -9999 -9999
-9999 -9999 14.071 14.6034 14.8708 14.911 15.3762 15.8366 16.1192 16.3245 16.2774 16.2554 16.2323 16.0629 15.6758 15.7399 15.7042 15.4763 14.1445 12.5905 13.2603 12.3352 10.3573 11.9591 12.8316 11.982 10.0929 7.90313 7.18177 7.21212 6.13108 4.74045 -9999 -9999 -9999 5.91037 7.04407 7.14144 7.47642 8.53641 9.34443 9.9582 10.3771 10.3684 9.95413 9.24535 8.47431 8.76155 10.1739 10.5242 10.8345 11.0578 10.7607 10.9204 11.2969 11.4911 11.5298 11.4404 11.4189 11.4482 11.4024 10.9389 8.5894 7.24508 6.38889 4.68455 -9999 -9999 -9999 -9999 -9999 -9999
-9999 -9999 13.731 14.1938 14.5676 15.186 15.2482 15.64 15.8672 16.211 16.2457 15.8318 16.1651 16.1166 16.0487 15.9099 15.7088 14.5839 13.0351 11.4822 10.7623 11.0585 9.86813 10.4777 11.3618 11.0303 9.86585 7.91403 7.63236 7.17252 5.36637 3.62056 -9999 -9999 3.69976 5.87601 7.40839 8.19884 8.44418 8.46934 9.48723 9.57149 10.6698 10.4189 8.99543 9.16765 8.62171 8.99631 9.52339 9.67315 10.426 11.1515 11.29 11.2956 11.5357 11.5847 11.5964 11.5885 11.4246 11.4969 11.5068 11.2173 9.51362 8.68397 7.77959 4.70031 -9999 -9999 -9999 -9999 -9999 -9999
-9999 -9999 13.9625 14.4803 15.047 15.1356 15.5538 15.5035 15.3757 15.9601 16.1699 15.8763 15.6636 16.0419 16.0107 15.9552 15.8669 14.8095 13.5866 11.7373 10.586 9.8771 9.37298 8.70672 9.15741 9.01062 8.81584 9.02376 8.48099 7.40594 6.3407 4.36034 3.28228 -9999 3.80745 4.78654 6.60934 8.15963 9.14493 8.79251 9.95005 10.1693 10.8393 10.4567 9.60141 9.2394 9.21678 9.11239 9.89998 10.4394 10.8213 11.0745 11.392 11.4726 11.552 11.5844 11.6007 11.6166 11.61 11.6014 11.565 11.4553 10.6718 9.85089 8.06195 4.7984 -9999 -9999 -9999 -9999 -9999 -9999
-9999 12.4446 13.8977 14.7681 15.1029 15.3432 15.554 15.705 15.8608 16.0067 16.1074 16.057 15.2874 15.3452 15.478 15.9075 15.8719 15.7722 15.1014 12.8523 12.0694 10.9279 9.45343 8.84009 9.14004 10.336 10.2748 9.47026 8.57414 7.33764 6.5473 5.32569 2.99309 3.19444 4.23636 5.01127 6.24864 8.14392 9.47396 10.0695 10.2977 10.7686 11.0192 10.4975 10.0095 9.80712 9.42216 9.37824 9.3929 9.87329 10.2532 11.0828 11.3623 11.4946 11.5594 11.5931 11.6162 11.6381 11.6435 11.6248 11.6232 11.6153 11.5628 10.4608 7.70664 5.6376 -9999 -9999 -9999 -9999 -9999 -9999
-9999 -9999 13.6236 14.005 14.1024 14.2745 14.6304 15.0408 15.6215 15.6925 16.0117 16.004 15.34 14.5742 15.2327 15.4916 15.7601 15.7637 15.6732 13.7793 12.7867 12.0035 10.5892 11.0964 11.5719 11.6013 11.3026 9.58622 7.87639 5.90521 4.06358 3.96689 2.97138 3.48806 4.17346 5.94638 7.19409 7.6996 8.06425 9.99522 10.4993 10.6816 11.184 10.5209 10.373 9.88024 10.0441 10.0131 10.0288 8.63902 10.0598 10.1517 11.0747 11.4954 11.5923 11.6168 11.6416 11.6428 11.6445 11.6368 11.6431 11.6311 11.6197 10.9048 7.40622 5.6592 -9999 -9999 -9999 -9999 -9999 -9999
-9999 -9999 -9999 -9999 13.7359 14.0252 14.2088 14.5292 15.5175 15.7811 15.9546 15.9649 15.6663 14.9076 14.7048 14.8385 14.0989 14.709 15.5445 15.5178 15.4095 13.745 12.8956 13.7104 13.4539 12.2002 11.2116 10.2352 8.23456 6.76662 4.65701 3.07056 3.00208 4.73413 6.17334 7.96715 8.757 8.30258 8.79234 9.75341 10.8467 11.3803 11.2655 10.5666 10.4902 9.72404 10.5053 10.5852 10.2422 9.94666 10.0846 10.5471 10.7272 11.4488 11.6249 11.6584 11.6612 11.6606 11.6535 11.6455 11.6371 11.6291 11.6202 11.5907 7.99453 5.20516 -9999 -9999 -9999 -9999 -9999 -9999
-9999 -9999 -9999 -9999 13.0409 13.2157 13.6806 14.8805 15.5032 15.7533 15.74 15.853 15.6411 14.9735 14.2884 13.6422 12.8099 13.2785 14.5256 15.2582 15.3359 13.8759 14.6306 14.341 13.7759 12.1385 10.9294 10.2841 8.36289 6.71573 5.3089 3.37015 4.18609 5.08631 6.24605 8.20415 9.52472 10.0672 9.61015 10.2255 11.483 11.4976 10.8225 10.8785 10.4847 9.43297 10.5582 10.8854 10.6477 10.7263 10.6479 10.8263 11.1411 11.4401 11.6382 11.6648 11.6664 11.6561 11.6514 11.6494 11.6334 11.634 11.625 11.6097 9.29024 5.14864 -9999 -9999 -9999 -9999 -9999 -9999
-9999 -9999 -9999 -9999 -9999 12.4049 13.471 15.0653 15.4541 15.4133 15.7388 15.7626 15.4398 15.1591 14.3285 13.1954 11.0226 11.5702 12.7177 14.3743 15.2417 15.117 14.6293 13.7785 11.7285 9.93304 9.70789 9.40667 8.00219 6.73143 5.16845 6.05893 7.03564 8.10571 8.66489 8.51151 9.64249 10.5659 10.1731 10.9272 11.8091 11.4194 11.1942 11.0085 10.5498 10.5357 10.6013 11.2468 10.8251 11.1067 11.1291 11.1239 11.281 11.4582 11.6416 11.6714 11.6697 11.6689 11.6437 11.6477 11.6352 11.6244 11.6163 11.6036 11.3981 9.17271 7.84382 -9999 -9999 -9999 -9999 -9999
-9999 -9999 -9999 -9999 -9999 11.4147 11.9443 13.8333 14.4099 15.242 15.6816 15.6974 15.1557 14.8518 13.6162 13.2127 11.2026 10.2895 11.0549 10.7542 13.0369 15.0557 14.6133 10.5182 9.03035 7.96666 8.23008 8.22429 7.82707 5.67075 5.06962 6.98265 8.18409 9.11358 9.81762 9.95982 9.9308 11.3763 11.5694 12.0426 11.9456 11.9968 11.2753 10.8343 11.2527 10.8117 10.7489 11.4151 10.788 11.3816 11.3287 11.1645 11.163 11.5504 11.6304 11.6714 11.6724 11.6534 11.6296 11.6162 11.6265 11.6204 11.6005 11.6048 11.5889 11.3346 10.185 9.78938 10.2474 -9999 -9999 -9999
-9999 -9999 -9999 -9999 -9999 -9999 10.1757 12.8028 13.9968 14.624 15.5088 15.6114 15.3199 14.7981 13.5399 12.4328 10.6354 8.58304 7.49267 10.7335 13.5529 15.0211 14.8261 11.4163 10.0663 9.99682 10.7803 10.1047 9.58995 7.94939 7.45291 6.76637 7.17544 8.47338 9.53577 10.5597 11.3041 11.3626 11.848 12.1312 12.159 12.2537 12.1769 12.1176 11.4351 11.9367 11.5377 11.7716 11.6442 11.5297 11.4353 11.0413 11.3339 11.5916 11.6594 11.6816 11.6636 11.6563 11.6413 11.6135 11.6039 11.6019 11.6009 11.5911 11.5956 11.5949 11.4731 10.7852 9.86176 8.69274 -9999 -9999
-9999 -9999 -9999 -9999 -9999 -9999 8.85847 11.4727 12.7261 14.3461 15.1758 15.5094 15.4606 15.0369 14.0798 12.6413 11.4421 9.1514 6.77273 10.1734 13.203 14.8347 14.9147 12.0545 12.8409 12.1932 12.4444 11.2635 10.768 10.3741 9.5233 8.59377 7.57578 7.03846 9.4287 10.6539 11.6402 12.1047 12.3681 12.5014 12.4341 12.2646 11.2085 12.0302 12.0092 11.9416 11.8625 11.8311 11.7601 11.6733 11.6297 11.618 11.357 11.6685 11.6654 11.6685 11.6674 11.6561 11.637 11.6201 11.6006 11.6035 11.5973 11.5898 11.5871 11.5951 11.594 11.5639 11.3874 9.8137 8.87567 8.62863
-9999 -9999 -9999 -9999 -9999 -9999 5.17606 8.98142 12.0327 13.6276 14.9228 15.2762 15.4056 14.8385 14.4132 13.3808 12.4027 10.896 8.64121 7.25066 9.79412 13.4963 14.857 14.7508 14.6589 13.9112 13.2365 13.1448 13.1875 12.4022 11.2586 9.77141 9.3069 8.78097 10.56 10.7967 10.6622 12.6228 12.6266 12.5161 11.7679 10.9323 11.0988 10.5936 11.0139 10.4053 10.9882 11.4936 11.6897 11.6855 11.6342 11.6389 11.6152 11.6753 11.6754 11.6662 11.6576 11.6511 11.6404 11.6143 11.5987 11.6053 11.5962 11.5867 11.5838 11.5938 11.5964 11.5755 11.5575 11.322 10.9638 10.2847
-9999 -9999 -9999 -9999 -9999 -9999 5.33484 8.53052 11.2444 12.8677 14.4309 14.7902 15.3148 15.1963 14.7509 13.8528 12.7316 11.4906 9.55542 8.11549 9.81601 12.2696 14.0261 14.6594 14.6467 14.5978 14.4234 14.3433 14.1411 13.9945 13.1752 11.7762 10.9792 9.81659 11.8005 12.0186 11.7034 12.694 12.6433 11.1422 9.98987 9.85011 10.5612 9.8988 9.80239 9.40185 9.88424 11.1586 10.805 10.8879 11.4743 11.5758 11.6469 11.666 11.6631 11.66 11.6487 11.6479 11.6466 11.6216 11.6091 11.6027 11.5808 11.5868 11.5751 11.5758 11.576 11.5674 11.5509 11.4887 11.423 11.5212
-9999 -9999 -9999 -9999 -9999 -9999 5.39483 7.54377 9.98548 12.3786 14.0481 14.7189 15.206 15.1962 14.6791 14.2302 13.5254 12.4329 11.6817 10.3812 8.59815 11.5717 12.476 13.2934 13.6264 14.47 14.4425 14.0462 13.586 13.9987 13.8753 12.7622 12.3917 11.7713 12.8725 12.8703 12.8359 12.7741 11.5042 9.74107 8.33339 9.3513 9.14424 9.61774 8.19596 9.39611 10.362 10.6825 10.0481 9.57536 11.0778 11.3383 11.4893 11.5861 11.6491 11.6342 11.6485 11.6382 11.6319 11.6252 11.6109 11.6024 11.5897 11.5777 11.5781 11.5803 11.5689 11.5567 11.5622 11.5352 11.5268 11.5324
-9999 -9999 -9999 -9999 -9999 -9999 -9999 6.26573 9.35821 12.1224 13.6594 14.6242 15.0919 15.0787 14.8119 14.5053 14.0662 13.2762 12.2851 10.7219 9.55962 10.2871 11.1721 11.2758 11.8651 13.5859 14.1694 13.3266 11.2514 12.4733 13.8276 13.799 13.6767 13.541 13.369 13.2148 12.8835 12.0031 9.3119 8.78372 7.7303 7.85345 7.31662 8.50668 8.08601 9.30952 9.84511 10.053 8.93885 9.19022 10.5271 11.0552 10.9729 11.2965 11.6052 11.6158 11.6243 11.6155 11.6209 11.6222 11.6163 11.6023 11.5929 11.5873 11.5775 11.5921 11.4975 11.4384 11.3128 11.4821 11.5036 11.5366
-9999 -9999 -9999 -9999 -9999 -9999 -9999 5.64099 8.73114 11.9871 13.0294 14.0697 14.967 14.9797 14.5744 14.1885 13.791 13.339 12.1379 10.9729 9.86009 9.48232 9.6988 9.68048 10.638 12.8819 13.3113 13.1192 10.9617 10.2246 12.0366 13.5587 13.6734 13.5296 11.7267 12.1059 11.1328 9.81519 9.45228 8.87679 7.66146 8.24996 7.36248 7.74951 7.67051 8.36773 8.71193 9.54014 8.56911 8.58652 9.89993 10.5588 10.5794 11.2685 11.5151 11.5804 11.597 11.6086 11.6113 11.6219 11.6157 11.6063 11.5944 11.5638 11.4889 11.2663 9.97838 9.9854 10.3481 10.6917 11.3286 11.5104
-9999 -9999 -9999 -9999 -9999 -9999 -9999 5.99449 8.13724 11.0256 13.1639 13.2937 14.3308 14.8637 14.4232 13.9277 13.4208 13.1961 11.8895 10.4545 9.29382 7.92083 8.13959 9.1144 10.7194 12.1668 12.4207 12.1143 10.9599 11.5009 12.7352 13.3882 13.5772 13.4196 13.0238 12.7939 12.0769 11.7654 10.7724 9.22131 8.61152 9.00074 7.35708 7.47629 8.09018 7.46802 8.5415 9.05893 7.80168 8.83106 9.98256 10.5733 11.0894 11.335 11.4339 11.5836 11.5884 11.6014 11.6085 11.6067 11.6073 11.5842 11.5659 11.4299 11.2289 10.0194 9.54211 9.64601 10.2117 10.7076 11.2497 11.4629
-9999 -9999 -9999 -9999 -9999 -9999 -9999 6.35608 8.28466 10.7883 12.3112 12.5796 13.73 14.7524 14.6325 14.1171 13.9564 13.4222 12.3132 11.0886 9.75045 9.09668 7.60144 9.0609 10.2205 11.4455 12.0155 11.0682 10.5852 11.4254 12.2609 12.5916 13.436 13.4236 13.1432 11.947 11.3628 11.607 11.3562 10.9186 9.85171 9.80599 9.12275 8.84212 8.57794 7.73042 8.29255 8.35434 8.52523 9.74194 10.3435 10.7434 11.1069 11.2044 11.3631 11.5677 11.5868 11.595 11.5948 11.5993 11.5852 11.5287 11.4817 11.2059 10.7166 9.8018 8.34309 9.39611 10.4971 10.8362 11.1762 11.3442
-9999 -9999 -9999 -9999 -9999 -9999 -9999 6.02226 8.07112 10.2099 11.1012 11.2482 13.3342 14.6095 14.6064 14.3593 14.0714 12.7598 12.8308 12.5638 11.3561 9.59956 7.6708 7.84472 8.99453 10.6095 11.1416 9.57372 9.01296 9.41661 10.6828 11.816 12.9997 13.2975 12.9455 11.0855 9.1097 10.0234 11.0006 10.9951 10.7089 9.72016 9.408 9.12634 8.40742 7.20425 7.3927 7.73838 9.13292 9.57099 10.2443 10.8038 10.5981 10.7236 11.2571 11.5637 11.5767 11.5833 11.5943 11.5882 11.5711 11.4576 11.3376 11.1355 9.85537 9.0608 7.91325 9.28383 10.0353 10.4637 11.1781 11.35
-9999 -9999 -9999 -9999 -9999 -9999 -9999 5.38209 6.86732 8.91122 9.73179 11.0439 13.0147 13.9814 14.442 14.4263 14.2326 13.6422 13.2849 12.5861 11.33 9.61452 7.7081 6.46469 7.08702 9.27442 9.79719 8.34106 7.59862 8.51214 9.86204 11.8634 13.0052 13.1562 13.0493 12.6635 11.2205 9.47816 9.48324 10.3562 9.62634 8.77862 9.24767 9.16393 8.45372 7.93847 7.64668 7.86508 8.65609 8.98351 9.76029 10.9041 11.0708 11.0415 11.5237 11.5497 11.5625 11.582 11.5826 11.5793 11.5662 11.474 11.2659 10.4143 9.67229 8.63944 8.51459 9.74702 10.2849 10.7956 11.1471 11.2628
-9999 -9999 -9999 -9999 -9999 -9999 -9999 4.28306 6.03123 7.9454 9.73739 11.4325 12.8907 12.9984 13.7649 13.7585 14.1574 14.0359 13.488 12.8985 11.8154 9.6134 7.76064 5.74047 6.26479 8.5002 8.79136 7.81468 6.01468 7.8633 9.90266 11.7508 12.7495 11.9597 12.7622 12.6933 12.1513 11.1135 9.50136 9.5317 8.32474 8.27346 8.89554 9.09937 8.99914 8.61305 8.01137 8.14364 8.6279 8.75324 9.46728 10.3553 11.2231 11.3713 11.5386 11.5477 11.5521 11.567 11.5701 11.5533 11.5105 11.4141 10.7003 9.85129 9.32948 8.6107 8.52629 9.92585 10.5087 10.8374 11.1413 11.2622
-9999 -9999 -9999 -9999 -9999 -9999 -9999 -9999 5.84711 7.82464 9.28653 9.67617 10.9716 11.6686 12.2066 12.3216 13.8671 13.9469 13.5973 13.0553 12.1306 10.4581 9.2908 7.35275 5.95776 6.54238 6.79834 7.30337 7.14786 7.96957 9.92906 11.971 12.1901 10.8864 11.0757 11.3449 11.9524 11.6416 9.44526 8.32964 7.40428 8.06321 8.75698 8.9269 8.96341 8.83333 8.71502 8.46572 9.39622 10.0857 10.2488 10.8497 11.2939 11.4185 11.5126 11.5259 11.5392 11.5409 11.5166 11.4994 11.3903 11.1441 10.3454 8.42232 8.51479 8.30942 7.71364 9.08143 9.98428 10.7512 11.1596 11.2663
-9999 -9999 -9999 -9999 -9999 -9999 -9999 -9999 5.18251 7.47128 7.95026 7.90862 7.14334 7.4875 10.2983 10.8597 12.3417 13.7445 13.6351 13.1032 12.2376 11.2389 9.69597 7.51705 5.78423 5.06068 6.92248 8.73595 9.10739 9.68472 10.8835 11.1076 9.77476 8.52502 9.22116 9.63968 11.2428 11.5343 11.2213 9.89832 8.3864 7.59813 8.53199 8.65906 8.71801 8.73252 8.72483 8.7108 9.76592 10.3481 10.7529 10.9748 11.3566 11.4563 11.4897 11.5209 11.5157 11.4977 11.4393 11.3727 11.0749 10.7142 9.40483 8.31382 7.6347 6.77228 8.72594 9.31842 10.1493 10.6892 11.0956 11.186
