Test_Spring_2018/04_18/Temp/20180405_013.txt
ncols	170
nrows	115
xllcorner	350000.000000
yllcorner	4445000.000000
cellsize	1000.000000
nodata_value	-9999.000000
[rows 32 to 63 of 115, columns 72 to 143 of 170]
16.5567 16.59 16.5961 16.6032 16.612 16.6251 16.6152 16.6367 16.6669 16.7088 16.7386 16.7691 16.7971 16.8459 16.9405 17.0281 17.0179 17.0408 17.0881 17.069 17.1144 17.1954 17.3001 17.2773 17.3106 17.3741 17.4097 -9999 -9999 -9999 -9999 -9999 -9999 -9999 -9999 -9999 -9999 -9999 -9999 -9999 -9999 -9999 -9999 -9999 -9999 -9999 -9999 -9999 -9999 -9999 -9999 -9999 -9999 -9999 -9999 -9999 -9999 -9999 -9999 -9999 -9999 -9999 -9999 -9999 -9999 -9999 -9999 -9999 -9999 -9999 -9999 -9999
16.5733 16.6006 16.599 16.6217 16.6316 16.6208 16.6203 16.6388 16.664 16.6948 16.7249 16.7557 16.799 16.8514 16.9357 17.0321 17.0723 17.0605 17.0823 17.0999 17.1433 17.1916 17.254 17.2432 17.2522 17.3083 17.3669 17.4077 -9999 -9999 -9999 -9999 -9999 -9999 -9999 -9999 -9999 -9999 -9999 -9999 -9999 -9999 -9999 -9999 -9999 -9999 -9999 -9999 -9999 -9999 -9999 -9999 -9999 -9999 -9999 -9999 -9999 -9999 -9999 -9999 -9999 -9999 -9999 -9999 -9999 -9999 -9999 -9999 -9999 -9999 -9999 -9999
16.5929 16.6391 16.647 16.6583 16.6323 16.6323 16.6506 16.6434 16.6668 16.6904 16.7252 16.758 16.7974 16.8487 16.9119 16.9832 17.0898 17.0624 17.0459 17.0702 17.0954 17.136 17.1968 17.1866 17.2069 17.2722 17.3232 17.379 17.4157 -9999 -9999 -9999 -9999 -9999 -9999 -9999 -9999 -9999 -9999 -9999 -9999 -9999 -9999 -9999 -9999 -9999 -9999 -9999 -9999 -9999 -9999 -9999 -9999 -9999 -9999 -9999 -9999 -9999 -9999 -9999 -9999 -9999 -9999 -9999 -9999 -9999 -9999 -9999 -9999 -9999 -9999 -9999
16.6152 16.6665 16.6742 16.6768 16.6549 16.6446 16.6447 16.6575 16.6705 16.6937 16.7288 16.7887 16.8172 16.8423 16.8918 16.9698 17.0478 17.0855 17.048 17.0538 17.0804 17.0894 17.1443 17.1508 17.1787 17.2159 17.2753 17.3329 17.3762 17.4395 -9999 -9999 -9999 -9999 -9999 -9999 -9999 -9999 -9999 -9999 -9999 -9999 -9999 -9999 -9999 -9999 -9999 -9999 -9999 -9999 -9999 -9999 -9999 -9999 -9999 -9999 -9999 -9999 -9999 -9999 -9999 -9999 -9999 -9999 -9999 -9999 -9999 -9999 -9999 -9999 -9999 -9999
-9999 -9999 16.71 16.6896 16.6836 16.666 16.6534 16.663 16.6733 16.6962 16.7437 16.7788 16.8031 16.8435 16.8971 16.9397 16.9977 17.057 17.067 17.0383 17.0844 17.0701 17.0953 17.1103 17.1564 17.2096 17.2911 17.3357 17.3765 17.432 -9999 -9999 -9999 -9999 -9999 -9999 -9999 -9999 -9999 -9999 -9999 -9999 -9999 -9999 -9999 -9999 -9999 -9999 -9999 -9999 -9999 -9999 -9999 -9999 -9999 -9999 -9999 -9999 -9999 -9999 -9999 -9999 -9999 -9999 -9999 -9999 -9999 -9999 -9999 -9999 -9999 -9999
-9999 -9999 -9999 16.6976 16.6966 16.6809 16.6618 16.6752 16.6783 16.7 16.7318 16.7618 16.7954 16.8326 16.8789 16.9277 16.9838 17.0107 17.0011 17.0241 17.054 17.071 17.0759 17.1019 17.1594 17.2337 17.2896 17.3658 17.4183 17.4378 17.4823 -9999 -9999 -9999 -9999 -9999 -9999 -9999 -9999 -9999 -9999 -9999 -9999 17.7534 -9999 -9999 -9999 -9999 -9999 -9999 -9999 -9999 -9999 -9999 -9999 -9999 -9999 -9999 -9999 -9999 -9999 -9999 -9999 -9999 18.5383 -9999 -9999 -9999 -9999 -9999 -9999 -9999
-9999 -9999 16.6987 16.6775 16.6798 16.6769 16.6844 16.6815 16.6816 16.7028 16.7317 16.7621 16.8025 16.8305 16.8673 16.9184 16.9482 16.9615 16.9803 16.9981 17.0175 17.0427 17.0714 17.1016 17.1331 17.1844 17.2254 17.3088 17.3495 17.4027 17.4726 17.5327 -9999 -9999 -9999 -9999 -9999 -9999 -9999 17.6588 17.6901 17.7192 17.7391 17.741 17.7886 -9999 -9999 -9999 -9999 -9999 -9999 -9999 -9999 -9999 -9999 -9999 -9999 -9999 -9999 -9999 -9999 -9999 -9999 -9999 18.5167 18.5868 -9999 -9999 -9999 -9999 -9999 -9999
-9999 -9999 16.6786 16.6742 16.6813 16.6784 16.685 16.6777 16.691 16.7054 16.7285 16.7597 16.7959 16.8198 16.8618 16.8959 16.9273 16.937 16.9581 16.9876 17.018 17.0468 17.0868 17.1098 17.1231 17.1625 17.2141 17.2667 17.32 17.4056 17.4905 17.5638 -9999 -9999 -9999 -9999 -9999 -9999 17.6226 17.6281 17.6439 17.7047 17.7097 17.7172 17.7524 17.8091 -9999 -9999 -9999 -9999 -9999 -9999 -9999 -9999 -9999 -9999 -9999 -9999 -9999 -9999 18.2169 18.2862 18.3949 18.4665 18.5228 18.5897 -9999 -9999 -9999 -9999 -9999 -9999
-9999 -9999 16.6881 16.6787 16.6779 16.6793 16.6949 16.6874 16.6917 16.709 16.7313 16.7557 16.7816 16.8212 16.8525 16.9008 16.9035 16.9291 16.9591 17.0052 17.0378 17.0983 17.1364 17.1484 17.1358 17.1789 17.2476 17.3288 17.4096 17.4347 17.4806 17.548 -9999 -9999 -9999 -9999 -9999 -9999 17.6127 17.6171 17.6264 17.6544 17.7161 17.7059 17.7412 17.7977 17.836 17.8495 17.8724 17.9073 17.9221 17.9474 17.9894 18.0092 -9999 -9999 -9999 -9999 18.1541 18.1829 18.2124 18.2594 18.3753 18.465 18.5495 18.5916 -9999 -9999 -9999 -9999 -9999 -9999
-9999 -9999 16.674 16.6743 16.6829 16.6987 16.7011 16.6953 16.6982 16.7136 16.7368 16.7602 16.7845 16.8143 16.8517 16.875 16.9015 16.9341 17.0015 17.0754 17.0771 17.1256 17.2 17.1669 17.1577 17.2031 17.2814 17.3693 17.3978 17.4163 17.4711 17.5386 -9999 -9999 -9999 17.5965 17.5872 17.6124 17.631 17.6275 17.6329 17.643 17.662 17.6884 17.7436 17.8003 17.8589 17.8834 17.8716 17.8934 17.9174 17.9427 17.984 18.0156 18.0339 18.0576 18.0862 18.1188 18.1494 18.1786 18.2107 18.2568 18.3588 18.4342 18.4948 18.6011 -9999 -9999 -9999 -9999 -9999 -9999
-9999 -9999 16.6871 16.6892 16.6939 16.6916 16.7065 16.7114 16.7148 16.7181 16.7386 16.7745 16.7876 16.8139 16.8414 16.8717 16.9041 16.9658 17.0406 17.1147 17.161 17.166 17.2245 17.223 17.213 17.2357 17.2899 17.3696 17.3958 17.4175 17.4954 17.5718 -9999 -9999 17.6374 17.5932 17.5712 17.5744 17.5964 17.6266 17.626 17.656 17.654 17.6898 17.7772 17.8061 17.8566 17.8789 17.9038 17.9322 17.9375 17.9503 17.9772 18.0077 18.0301 18.0583 18.0874 18.1171 18.1519 18.1796 18.2098 18.2503 18.3368 18.3961 18.462 18.6076 -9999 -9999 -9999 -9999 -9999 -9999
-9999 -9999 16.6831 16.6829 16.6808 16.6942 16.6973 16.7164 16.731 16.7317 16.7417 16.7738 16.8046 16.8175 16.8444 16.8725 16.9018 16.9619 17.0266 17.1105 17.1708 17.2088 17.2449 17.2825 17.286 17.3079 17.3308 17.3403 17.3678 17.4089 17.4614 17.5453 17.6006 -9999 17.6297 17.6237 17.5924 17.5716 17.5703 17.6132 17.6088 17.6353 17.6426 17.6892 17.7588 17.8135 17.8493 17.8873 17.896 17.9117 17.9295 17.9538 17.9781 18.0061 18.0334 18.0618 18.0904 18.1189 18.1485 18.1785 18.2101 18.2448 18.3019 18.3639 18.4554 18.6069 -9999 -9999 -9999 -9999 -9999 -9999
-9999 16.7308 16.6901 16.6777 16.6822 16.6899 16.6989 16.7105 16.7164 16.7305 16.7479 16.7689 16.8178 16.8413 16.8633 16.8764 16.9045 16.9344 16.9819 17.0788 17.1223 17.1785 17.2454 17.2823 17.29 17.268 17.2856 17.3267 17.3704 17.4164 17.4531 17.511 17.6068 17.6221 17.6121 17.6125 17.6001 17.5684 17.5565 17.5696 17.5956 17.6105 17.6369 17.6962 17.7546 17.7973 17.8454 17.882 17.916 17.9343 17.9525 17.9583 17.9809 18.0093 18.0368 18.0648 18.0928 18.1209 18.1497 18.1799 18.2102 18.2416 18.2774 18.3463 18.4766 18.5896 -9999 -9999 -9999 -9999 -9999 -9999
-9999 -9999 16.7036 16.706 16.7175 16.7266 16.7303 16.7329 16.7251 16.7418 16.752 16.7739 16.8174 16.8677 16.8733 16.8923 16.9112 16.9382 16.9674 17.0486 17.1029 17.1489 17.2135 17.214 17.2155 17.2302 17.2546 17.324 17.3929 17.4619 17.5371 17.5574 17.6044 17.61 17.6111 17.5795 17.5667 17.5798 17.5993 17.5701 17.5847 17.6187 17.6388 17.6966 17.7445 17.7973 17.8284 17.8651 17.8995 17.978 17.9631 17.9927 17.9945 18.0116 18.0394 18.0673 18.0949 18.1233 18.152 18.1816 18.2116 18.2444 18.2827 18.3405 18.4886 18.5914 -9999 -9999 -9999 -9999 -9999 -9999
-9999 -9999 -9999 -9999 16.7323 16.7372 16.7459 16.751 16.7299 16.7402 16.7551 16.7768 16.8102 16.8591 16.8926 16.916 16.9675 16.975 16.9725 16.9975 17.0235 17.0976 17.1428 17.1342 17.1587 17.214 17.2599 17.3048 17.3823 17.4348 17.5179 17.5853 17.6057 17.5702 17.5455 17.5131 17.5151 17.5591 17.5748 17.5778 17.5778 17.5967 17.6372 17.6968 17.7428 17.805 17.8168 17.8504 17.8965 17.9402 17.9667 17.9843 18.0099 18.0171 18.0409 18.0691 18.0972 18.1253 18.1541 18.1836 18.2172 18.2501 18.2845 18.3207 18.4724 18.6087 -9999 -9999 -9999 -9999 -9999 -9999
-9999 -9999 -9999 -9999 16.7576 16.7659 16.7653 16.742 16.7326 16.7432 16.764 16.7825 16.8132 16.8601 16.9088 16.9574 17.0116 17.0235 17.0092 17.01 17.03 17.0975 17.0912 17.1178 17.1519 17.2192 17.2718 17.3057 17.3801 17.4381 17.4982 17.5766 17.5682 17.5591 17.544 17.5057 17.4908 17.5034 17.5495 17.5636 17.5586 17.5946 17.6535 17.6893 17.7458 17.8175 17.8187 17.8445 17.8875 17.9192 17.9528 17.9795 18.0007 18.0213 18.0441 18.0718 18.1 18.1283 18.1568 18.1874 18.2193 18.2522 18.2868 18.3229 18.434 18.6138 -9999 -9999 -9999 -9999 -9999 -9999
-9999 -9999 -9999 -9999 -9999 16.7948 16.7749 16.739 16.7371 16.7571 16.7671 16.7884 16.8227 16.8572 16.9108 16.9749 17.0723 17.0817 17.0707 17.0419 17.0366 17.0614 17.0948 17.1394 17.2211 17.2933 17.3143 17.337 17.3948 17.4406 17.5056 17.4931 17.4794 17.4648 17.4689 17.4985 17.4895 17.4896 17.5341 17.5438 17.551 17.6002 17.6449 17.6886 17.7474 17.786 17.8212 17.837 17.8859 17.9111 17.9414 17.974 18 18.0244 18.0476 18.075 18.103 18.131 18.1605 18.1904 18.2223 18.2557 18.2905 18.3268 18.3703 18.4888 18.5707 -9999 -9999 -9999 -9999 -9999
-9999 -9999 -9999 -9999 -9999 16.8296 16.8272 16.782 16.7743 16.7665 16.7729 16.7946 16.8359 16.8708 16.9371 16.9778 17.0701 17.1258 17.127 17.1609 17.1104 17.0665 17.0986 17.2473 17.3111 17.3601 17.3656 17.3791 17.4047 17.4791 17.5133 17.4682 17.4474 17.4374 17.4369 17.4571 17.4853 17.4688 17.4941 17.5128 17.5514 17.5864 17.6469 17.6988 17.7294 17.7816 17.8209 17.8359 17.8913 17.9063 17.939 17.9765 18.0075 18.025 18.0514 18.0784 18.1069 18.1353 18.1648 18.1955 18.2268 18.2602 18.2955 18.3313 18.3688 18.4242 18.5003 18.5521 18.5762 -9999 -9999 -9999
-9999 -9999 -9999 -9999 -9999 -9999 16.8877 16.8193 16.792 16.791 16.7833 16.8023 16.833 16.8759 16.9434 17.0064 17.0916 17.1846 17.2438 17.1641 17.0964 17.0703 17.0946 17.2218 17.2815 17.2991 17.2884 17.3238 17.3537 17.4118 17.4432 17.4817 17.4867 17.4633 17.4538 17.4455 17.4489 17.4768 17.4934 17.5167 17.551 17.5843 17.6239 17.6633 17.729 17.7506 17.8004 17.829 17.8681 17.9057 17.9394 17.9842 18.0057 18.0273 18.0541 18.0837 18.1117 18.14 18.1693 18.2002 18.233 18.2663 18.301 18.3372 18.374 18.4213 18.4642 18.5251 18.5932 18.6684 -9999 -9999
-9999 -9999 -9999 -9999 -9999 -9999 16.9339 16.8666 16.8376 16.8052 16.7958 16.8068 16.8332 16.8727 16.9302 17.0035 17.0691 17.1694 17.2717 17.1866 17.1098 17.0787 17.0957 17.2044 17.1962 17.233 17.24 17.2924 17.3225 17.341 17.3844 17.4314 17.4797 17.5213 17.4671 17.4525 17.4481 17.4628 17.4862 17.5158 17.5493 17.5915 17.662 17.6727 17.7168 17.7562 17.7953 17.832 17.869 17.9054 17.9372 17.9695 18.0087 18.0296 18.0618 18.0893 18.1171 18.1457 18.1754 18.2062 18.2384 18.2716 18.3078 18.3437 18.3805 18.4274 18.466 18.5054 18.5491 18.6368 18.7033 18.7533
-9999 -9999 -9999 -9999 -9999 -9999 17.0562 16.9515 16.8599 16.8293 16.8073 16.8195 16.84 16.8838 16.9238 16.9837 17.0418 17.1165 17.2146 17.2839 17.2243 17.1273 17.1003 17.1212 17.1419 17.1825 17.2201 17.2385 17.2524 17.2839 17.3332 17.3993 17.439 17.4768 17.4425 17.4598 17.4913 17.4579 17.4892 17.5261 17.5848 17.642 17.6727 17.7261 17.7557 17.8118 17.8291 17.8481 17.8761 17.9096 17.9413 17.9746 18.0059 18.0388 18.0671 18.0953 18.1237 18.1525 18.1823 18.2136 18.2458 18.2785 18.3137 18.3494 18.3875 18.4343 18.4722 18.5107 18.5487 18.593 18.6404 18.7043
-9999 -9999 -9999 -9999 -9999 -9999 17.0502 16.9577 16.8905 16.8562 16.8285 16.8405 16.8482 16.8773 16.9175 16.9726 17.0349 17.1007 17.1882 17.2589 17.2278 17.1693 17.1335 17.1311 17.1464 17.1655 17.188 17.203 17.2256 17.2368 17.2812 17.3517 17.3973 17.456 17.4156 17.4338 17.4711 17.4685 17.5012 17.582 17.6529 17.6924 17.6989 17.7559 17.802 17.8508 17.8707 17.8645 17.9118 17.9421 17.9529 17.9812 18.0166 18.0451 18.0738 18.1023 18.1312 18.1602 18.19 18.2215 18.2537 18.2868 18.3214 18.3574 18.3937 18.4412 18.4796 18.5171 18.5543 18.5925 18.6354 18.6747
-9999 -9999 -9999 -9999 -9999 -9999 17.054 16.994 16.9361 16.877 16.8461 16.8482 16.857 16.8823 16.9245 16.9648 17.0133 17.0739 17.1231 17.1892 17.2698 17.1969 17.1864 17.1786 17.1839 17.1746 17.1926 17.2221 17.2406 17.2457 17.2761 17.3317 17.3644 17.4065 17.3949 17.4203 17.4486 17.4796 17.5509 17.6395 17.7179 17.7194 17.7607 17.7736 17.8617 17.8602 17.8645 17.8889 17.9418 17.9897 17.9708 18.0027 18.028 18.0543 18.0813 18.1106 18.1391 18.1688 18.1991 18.2302 18.2626 18.2956 18.3297 18.3646 18.4018 18.4491 18.4864 18.529 18.5655 18.6018 18.6369 18.6794
-9999 -9999 -9999 -9999 -9999 -9999 -9999 17.0404 16.9571 16.8904 16.8638 16.8564 16.8656 16.8908 16.9246 16.9598 16.9994 17.0499 17.1064 17.1805 17.241 17.24 17.2297 17.2448 17.2453 17.2087 17.2081 17.253 17.3252 17.3132 17.2895 17.3109 17.3363 17.3633 17.3928 17.4234 17.4612 17.5182 17.6346 17.6833 17.7497 17.7793 17.8306 17.8192 17.8751 17.8709 17.8884 17.9158 17.9849 18.0063 18.0063 18.0205 18.0534 18.0728 18.0904 18.1193 18.1484 18.1785 18.2087 18.2397 18.2718 18.3075 18.3416 18.3763 18.4145 18.462 18.5016 18.54 18.58 18.6099 18.6438 18.6986
-9999 -9999 -9999 -9999 -9999 -9999 -9999 17.0592 16.9818 16.8997 16.8893 16.8795 16.8749 16.8992 16.9371 16.9746 17.0125 17.0519 17.1149 17.1762 17.2352 17.2697 17.2844 17.3005 17.2898 17.2373 17.2426 17.2676 17.3516 17.3955 17.3582 17.3308 17.3493 17.3773 17.4596 17.4733 17.5317 17.6025 17.644 17.6935 17.7644 17.7783 17.84 17.8612 17.8974 17.9094 17.9324 17.9395 18.0036 18.0323 18.0338 18.044 18.0739 18.0819 18.1037 18.1313 18.1606 18.1904 18.221 18.2521 18.2843 18.3175 18.3513 18.3864 18.4233 18.4689 18.5586 18.5941 18.6178 18.6416 18.6667 18.7068
-9999 -9999 -9999 -9999 -9999 -9999 -9999 17.0516 17.0052 16.9354 16.8901 16.9097 16.9007 16.9082 16.9471 16.9879 17.029 17.0609 17.1272 17.1971 17.2576 17.3243 17.3392 17.3292 17.2927 17.2665 17.2783 17.3079 17.3608 17.3647 17.3468 17.3481 17.365 17.394 17.4316 17.4651 17.5153 17.5537 17.6151 17.6953 17.7463 17.7658 17.8511 17.8801 17.8934 17.9468 17.9459 17.9625 18.0355 18.044 18.0392 18.0516 18.066 18.0885 18.1155 18.1408 18.1709 18.201 18.2316 18.2631 18.2952 18.3285 18.3623 18.4003 18.4407 18.5137 18.5812 18.6129 18.6295 18.6479 18.6906 18.7163
-9999 -9999 -9999 -9999 -9999 -9999 -9999 17.0437 17.0047 16.9477 16.9225 16.9379 16.9253 16.9171 16.9456 16.987 17.0168 17.0585 17.1183 17.1815 17.2477 17.2915 17.3617 17.3365 17.3146 17.2961 17.2985 17.3446 17.3819 17.377 17.3726 17.385 17.3816 17.4064 17.4408 17.5054 17.5515 17.5719 17.6092 17.6534 17.7184 17.7514 17.8052 17.8464 17.8873 17.9471 17.9621 17.993 18.0322 18.0233 18.0361 18.0549 18.0744 18.102 18.1275 18.1514 18.1813 18.2118 18.2429 18.2742 18.3066 18.3408 18.3752 18.4173 18.4665 18.5295 18.6285 18.6292 18.6282 18.666 18.7014 18.7285
-9999 -9999 -9999 -9999 -9999 -9999 -9999 17.058 17.0157 16.9708 16.9663 16.9858 16.9434 16.9271 16.9519 16.9846 17.0185 17.085 17.1069 17.1393 17.2015 17.2807 17.365 17.3815 17.3642 17.3295 17.3337 17.4006 17.4411 17.4509 17.4334 17.4207 17.407 17.4223 17.4593 17.5455 17.6362 17.6351 17.6328 17.6627 17.7023 17.765 17.8065 17.8473 17.9023 17.9799 17.9994 18.021 18.0189 18.0376 18.0482 18.0621 18.1001 18.1272 18.141 18.162 18.1924 18.2231 18.254 18.2856 18.318 18.3538 18.3902 18.4295 18.5036 18.5624 18.6454 18.6415 18.6511 18.7001 18.7101 18.7371
-9999 -9999 -9999 -9999 -9999 -9999 -9999 17.0821 17.0584 17.0171 17.0151 16.9976 16.9591 16.9529 16.9629 16.9882 17.019 17.0624 17.098 17.1443 17.208 17.286 17.3698 17.4319 17.4338 17.379 17.3911 17.4481 17.4949 17.4889 17.4693 17.4293 17.4174 17.4379 17.4673 17.5064 17.5801 17.6641 17.6928 17.6943 17.7478 17.8056 17.8217 17.8558 17.9102 17.9585 17.9999 18.0381 18.0433 18.0656 18.0731 18.0685 18.0948 18.1272 18.143 18.1732 18.2039 18.2343 18.2655 18.2971 18.3292 18.3641 18.4029 18.4627 18.5192 18.5852 18.6222 18.6355 18.6672 18.6985 18.7201 18.7488
-9999 -9999 -9999 -9999 -9999 -9999 -9999 17.121 17.0894 17.0526 17.0199 16.9905 16.9686 16.9902 16.9905 17.0156 17.0275 17.0558 17.0975 17.1403 17.1985 17.2922 17.3743 17.4615 17.4668 17.415 17.4183 17.4728 17.5539 17.5183 17.477 17.4423 17.4353 17.4863 17.4868 17.5159 17.5608 17.6222 17.7026 17.731 17.7996 17.8316 17.8425 17.8672 17.9018 17.9459 18.0035 18.0379 18.0534 18.0823 18.0921 18.0959 18.1001 18.1271 18.1533 18.1843 18.2154 18.2461 18.2773 18.3091 18.342 18.3768 18.4316 18.4909 18.54 18.5956 18.631 18.6315 18.6691 18.7063 18.7293 18.7579
-9999 -9999 -9999 -9999 -9999 -9999 -9999 -9999 17.0995 17.0612 17.0395 17.0522 17.0359 17.0388 17.0467 17.068 17.0432 17.0651 17.1005 17.1417 17.1948 17.2715 17.3317 17.4163 17.4832 17.4904 17.4895 17.4967 17.5253 17.5229 17.4844 17.4438 17.4621 17.5298 17.5502 17.5686 17.5767 17.6148 17.7139 17.7789 17.8383 17.8475 17.8559 17.8815 17.9118 17.9476 18.0009 18.0346 18.0381 18.0491 18.0768 18.0902 18.1083 18.1363 18.1651 18.1962 18.2272 18.2584 18.2904 18.3221 18.3569 18.3962 18.4534 18.5469 18.576 18.6148 18.6663 18.6716 18.7099 18.7181 18.7378 18.7669
-9999 -9999 -9999 -9999 -9999 -9999 -9999 -9999 17.1251 17.0773 17.0875 17.1145 17.1646 17.1791 17.1144 17.1215 17.0989 17.0784 17.1061 17.147 17.1981 17.2532 17.3253 17.4176 17.4953 17.5356 17.4971 17.4579 17.4697 17.4753 17.4614 17.4792 17.5475 17.6136 17.6178 17.6315 17.6078 17.6266 17.6653 17.737 17.8152 17.8707 17.8714 17.8984 17.928 17.9594 18.0041 18.0409 18.0355 18.0503 18.0705 18.0964 18.1169 18.1461 18.1771 18.2078 18.2395 18.2713 18.3043 18.3375 18.3781 18.4207 18.494 18.5605 18.614 18.6737 18.6433 18.6732 18.7039 18.729 18.7488 18.7785
