Test_Spring_2018/04_18/Temp/20180407_018.txt
ncols	170
nrows	115
xllcorner	350000.000000
yllcorner	4445000.000000
cellsize	1000.000000
nodata_value	-9999.000000
[rows 32 to 63 of 115, columns 72 to 143 of 170]
16.0558 15.8526 16.1813 16.4845 16.2979 16.161 16.6618 16.6643 16.5 16.1106 15.9691 15.8221 15.7324 15.2308 13.8211 12.5495 13.2294 13.2433 12.7689 13.609 13.1571 11.9863 10.3353 11.2195 10.9775 9.78228 9.47249 -9999 -9999 -9999 -9999 -9999 -9999 -9999 -9999 -9999 -9999 -9999 -9999 -9999 -9999 -9999 -9999 -9999 -9999 -9999 -9999 -9999 -9999 -9999 -9999 -9999 -9999 -9999 -9999 -9999 -9999 -9999 -9999 -9999 -9999 -9999 -9999 -9999 -9999 -9999 -9999 -9999 -9999 -9999 -9999 -9999
15.7747 15.6908 16.1767 16.1725 16.1281 16.2936 16.609 16.672 16.6093 16.4407 16.2948 16.1393 15.7414 15.1673 13.9607 12.5133 12.1837 12.8896 12.9202 13.0296 12.6174 12.1001 11.2934 11.9393 12.1842 11.3976 10.3633 9.6972 -9999 -9999 -9999 -9999 -9999 -9999 -9999 -9999 -9999 -9999 -9999 -9999 -9999 -9999 -9999 -9999 -9999 -9999 -9999 -9999 -9999 -9999 -9999 -9999 -9999 -9999 -9999 -9999 -9999 -9999 -9999 -9999 -9999 -9999 -9999 -9999 -9999 -9999 -9999 -9999 -9999 -9999 -9999 -9999
15.44 14.9803 15.2755 15.4986 15.8673 15.9928 16.0556 16.6306 16.6026 16.5783 16.3359 16.1421 15.8194 15.2669 14.4793 13.5301 11.8771 12.8932 13.6873 13.6625 13.6133 13.2489 12.4737 13.1075 13.1285 12.1169 10.9721 10.3076 10.0277 -9999 -9999 -9999 -9999 -9999 -9999 -9999 -9999 -9999 -9999 -9999 -9999 -9999 -9999 -9999 -9999 -9999 -9999 -9999 -9999 -9999 -9999 -9999 -9999 -9999 -9999 -9999 -9999 -9999 -9999 -9999 -9999 -9999 -9999 -9999 -9999 -9999 -9999 -9999 -9999 -9999 -9999 -9999
15.06 14.4972 14.7941 15.1884 15.7204 15.9985 16.2261 16.3998 16.5769 16.5586 16.3104 15.5731 15.469 15.4379 14.9229 13.8409 12.7595 12.4774 13.6905 14.0342 13.9576 14.2225 13.5644 13.8631 13.7276 13.357 12.2563 11.2584 10.8453 10.0386 -9999 -9999 -9999 -9999 -9999 -9999 -9999 -9999 -9999 -9999 -9999 -9999 -9999 -9999 -9999 -9999 -9999 -9999 -9999 -9999 -9999 -9999 -9999 -9999 -9999 -9999 -9999 -9999 -9999 -9999 -9999 -9999 -9999 -9999 -9999 -9999 -9999 -9999 -9999 -9999 -9999 -9999
-9999 -9999 14.1447 14.6586 15.1103 15.6318 16.1057 16.3402 16.568 16.5524 16.0545 15.8119 15.7921 15.4556 14.8611 14.4873 13.806 13.0951 13.3622 14.3949 13.9275 14.6553 14.5849 14.7107 14.2093 13.2432 11.9804 11.2325 10.8613 10.2055 -9999 -9999 -9999 -9999 -9999 -9999 -9999 -9999 -9999 -9999 -9999 -9999 -9999 -9999 -9999 -9999 -9999 -9999 -9999 -9999 -9999 -9999 -9999 -9999 -9999 -9999 -9999 -9999 -9999 -9999 -9999 -9999 -9999 -9999 -9999 -9999 -9999 -9999 -9999 -9999 -9999 -9999
-9999 -9999 -9999 14.5613 14.9083 15.629 15.9933 16.1467 16.5127 16.5164 16.3296 16.1889 15.9833 15.7136 15.2672 14.7737 14.1329 14.0713 14.7312 14.7344 14.5893 14.6905 15.0225 14.9226 14.1369 12.8036 12.0979 10.6569 10.0424 10.0945 9.65796 -9999 -9999 -9999 -9999 -9999 -9999 -9999 -9999 -9999 -9999 -9999 -9999 11.285 -9999 -9999 -9999 -9999 -9999 -9999 -9999 -9999 -9999 -9999 -9999 -9999 -9999 -9999 -9999 -9999 -9999 -9999 -9999 -9999 8.75146 -9999 -9999 -9999 -9999 -9999 -9999 -9999
-9999 -9999 14.5116 14.9521 15.3047 15.7582 15.7889 16.0677 16.4886 16.4979 16.3667 16.2178 15.8788 15.7961 15.5427 15.0073 14.8966 15.1113 15.2074 15.3153 15.3781 15.313 15.165 14.9754 14.45 13.828 13.406 12.098 11.4232 10.7894 9.83683 9.09101 -9999 -9999 -9999 -9999 -9999 -9999 -9999 10.7767 10.7444 10.7642 10.9742 11.5484 11.2157 -9999 -9999 -9999 -9999 -9999 -9999 -9999 -9999 -9999 -9999 -9999 -9999 -9999 -9999 -9999 -9999 -9999 -9999 -9999 9.26414 8.52645 -9999 -9999 -9999 -9999 -9999 -9999
-9999 -9999 14.6216 15.0965 15.3359 15.7766 16.0308 16.19 16.3386 16.4807 16.4613 16.2968 16.0443 16.0484 15.6978 15.5083 15.3718 15.663 15.7169 15.5932 15.4378 15.2978 14.9173 14.8621 14.7061 14.3049 13.6556 12.9872 12.012 10.7198 9.45367 8.43206 -9999 -9999 -9999 -9999 -9999 -9999 10.8733 11.3507 11.6384 11.0379 11.5578 12.0332 11.9612 11.4848 -9999 -9999 -9999 -9999 -9999 -9999 -9999 -9999 -9999 -9999 -9999 -9999 -9999 -9999 12.7616 12.0053 10.4725 9.68931 9.2215 8.55129 -9999 -9999 -9999 -9999 -9999 -9999
-9999 -9999 14.5279 15.0881 15.4691 15.8081 15.8665 16.2232 16.3603 16.4391 16.4348 16.4059 16.3627 16.0585 15.9285 15.4647 15.9089 15.8896 15.7728 15.3209 15.1193 14.3439 13.9949 13.8856 14.5128 14.0206 13.011 11.7534 10.2349 10.1194 9.61419 8.69915 -9999 -9999 -9999 -9999 -9999 -9999 11.0119 11.5231 11.9509 12.0171 11.421 12.2636 12.2146 11.7489 11.6454 12.0326 12.2299 12.0678 12.5332 12.6713 12.4676 12.6985 -9999 -9999 -9999 -9999 12.8541 12.8896 12.9179 12.6058 10.9309 9.78865 8.76343 8.67189 -9999 -9999 -9999 -9999 -9999 -9999
-9999 -9999 14.9126 15.2591 15.4368 15.4698 15.775 16.0885 16.2627 16.403 16.3812 16.3755 16.3687 16.2676 16.0263 16.0719 16.052 15.9073 15.0549 14.0585 14.4812 13.8798 12.6029 13.5958 14.1392 13.5817 12.3597 10.9461 10.4605 10.4601 9.76076 8.86403 -9999 -9999 -9999 9.60771 10.335 10.4008 10.6189 11.3003 11.8203 12.2151 12.4846 12.4643 12.1881 11.7328 11.237 11.4173 12.3166 12.5372 12.7091 12.8519 12.6629 12.766 13.0095 13.1372 13.1664 13.1142 13.1058 13.1302 13.1066 12.8158 11.3192 10.4645 9.92112 8.82288 -9999 -9999 -9999 -9999 -9999 -9999
-9999 -9999 14.7015 15.0034 15.2491 15.6501 15.698 15.9571 16.1204 16.3369 16.3683 16.113 16.3349 16.312 16.2755 16.192 16.0667 15.3487 14.3573 13.361 12.8946 13.0739 12.3019 12.6611 13.211 12.9761 12.2088 10.9463 10.7525 10.4361 9.2659 8.14367 -9999 -9999 8.18859 9.58153 10.5644 11.0739 11.2355 11.2563 11.9111 11.9683 12.6725 12.4998 11.5795 11.687 11.3317 11.567 11.8962 11.9883 12.448 12.9088 12.9981 13.0035 13.1597 13.1948 13.2068 13.2071 13.1081 13.1603 13.1727 12.9934 11.9099 11.3844 10.8036 8.8347 -9999 -9999 -9999 -9999 -9999 -9999
-9999 -9999 14.8536 15.1905 15.5595 15.6236 15.8991 15.8741 15.8104 16.193 16.327 16.1495 16.0234 16.2743 16.262 16.2323 16.1794 15.5046 14.7212 13.5348 12.7918 12.3279 11.9931 11.5274 11.7987 11.6878 11.5463 11.6627 11.2917 10.5811 9.88974 8.61166 7.91821 -9999 8.25256 8.88091 10.0501 11.0462 11.6816 11.4619 12.2066 12.3507 12.7703 12.526 11.9689 11.7299 11.7117 11.6407 12.1396 12.476 12.699 12.8599 13.0613 13.1144 13.1679 13.1924 13.2077 13.2234 13.2254 13.2264 13.2095 13.1455 12.6504 12.1249 10.9851 8.8985 -9999 -9999 -9999 -9999 -9999 -9999
-9999 13.8934 14.8156 15.3777 15.5984 15.7595 15.9027 16.0085 16.1256 16.2273 16.3016 16.2726 15.7915 15.8383 15.9316 16.2125 16.1937 16.131 15.7003 14.2578 13.7491 12.9996 12.0426 11.6189 11.7919 12.5373 12.4793 11.9468 11.3569 10.5426 10.0168 9.22754 7.72843 7.85531 8.5221 9.02052 9.81629 11.0337 11.8903 12.2773 12.4288 12.7256 12.8875 12.5493 12.2273 12.0943 11.8438 11.8106 11.8147 12.1165 12.3391 12.8633 13.0418 13.1265 13.1706 13.1962 13.216 13.2359 13.246 13.2409 13.2467 13.2481 13.216 12.5161 10.7562 9.43307 -9999 -9999 -9999 -9999 -9999 -9999
-9999 -9999 14.6435 14.893 14.9618 15.0795 15.3156 15.5875 15.9761 16.0313 16.2455 16.2507 15.8325 15.3538 15.7837 15.9561 16.1319 16.1353 16.0753 14.8537 14.2089 13.6949 12.7751 13.0665 13.3501 13.3481 13.1367 12.0199 10.9084 9.62358 8.43314 8.36098 7.71243 8.0388 8.47804 9.61486 10.4179 10.7479 10.9883 12.2295 12.552 12.6686 12.9908 12.5664 12.4618 12.1426 12.2422 12.2166 12.2206 11.3263 12.2144 12.2708 12.8597 13.1262 13.1902 13.2099 13.2311 13.2381 13.2462 13.2485 13.2597 13.2558 13.2517 12.7987 10.5657 9.44829 -9999 -9999 -9999 -9999 -9999 -9999
-9999 -9999 -9999 -9999 14.7301 14.9227 15.0489 15.2635 15.9126 16.0912 16.2127 16.2302 16.0501 15.5734 15.4533 15.5461 15.0779 15.4667 15.9973 15.9727 15.8924 14.8144 14.2416 14.7417 14.5562 13.7329 13.0792 12.4341 11.1357 10.1717 8.80921 7.7843 7.7331 8.83636 9.75357 10.9042 11.4151 11.1322 11.4532 12.07 12.7733 13.1173 13.045 12.5977 12.5387 12.0444 12.538 12.5827 12.3568 12.1614 12.2297 12.5226 12.6364 13.0978 13.2122 13.2358 13.2432 13.2493 13.252 13.2544 13.2537 13.2544 13.2536 13.2387 10.9433 9.15953 -9999 -9999 -9999 -9999 -9999 -9999
-9999 -9999 -9999 -9999 14.2881 14.4076 14.7136 15.4905 15.9059 16.0761 16.0784 16.1618 16.0373 15.621 15.1919 14.7865 14.2585 14.5583 15.3516 15.8121 15.8503 14.9024 15.3545 15.148 14.7645 13.6952 12.8998 12.4656 11.2172 10.1383 9.22444 7.97399 8.48783 9.05937 9.80054 11.0549 11.9054 12.2596 11.9739 12.3733 13.1818 13.1942 12.7639 12.7989 12.537 11.8599 12.573 12.7754 12.6165 12.6598 12.5899 12.701 12.9007 13.0919 13.2204 13.2409 13.2468 13.2469 13.2513 13.2566 13.2529 13.2591 13.2583 13.2524 11.7728 9.12481 -9999 -9999 -9999 -9999 -9999 -9999
-9999 -9999 -9999 -9999 -9999 13.8913 14.5815 15.6105 15.8764 15.8607 16.0795 16.1059 15.9106 15.7416 15.2199 14.503 13.1185 13.4688 14.1985 15.2494 15.7923 15.6977 15.3556 14.7904 13.4576 12.2871 12.1204 11.9059 10.9876 10.1491 9.13537 9.69308 10.3096 10.9897 11.3471 11.2525 11.9817 12.5792 12.3352 12.8234 13.3919 13.1458 13.003 12.8835 12.5801 12.5661 12.6019 13.0076 12.7309 12.9038 12.8984 12.8921 12.991 13.1044 13.2235 13.246 13.2502 13.2563 13.2474 13.257 13.2556 13.2545 13.2542 13.2499 13.1214 11.698 10.8492 -9999 -9999 -9999 -9999 -9999
-9999 -9999 -9999 -9999 -9999 13.2598 13.6071 14.8243 15.2102 15.7522 16.0438 16.0649 15.7295 15.544 14.7641 14.5136 13.2335 12.6492 13.1347 12.9349 14.3825 15.6582 15.3454 12.707 11.7339 11.0316 11.1776 11.1523 10.8781 9.47388 9.07512 10.2866 11.0468 11.6371 12.087 12.1805 12.1684 13.1 13.2292 13.5378 13.4804 13.5161 13.0561 12.7734 13.0306 12.7438 12.6976 13.1167 12.709 13.0814 13.0279 12.9201 12.9177 13.1655 13.2185 13.2483 13.2536 13.2483 13.2404 13.2384 13.2515 13.2533 13.2454 13.2519 13.2445 13.0809 12.3467 12.0938 12.3859 -9999 -9999 -9999
-9999 -9999 -9999 -9999 -9999 -9999 12.4777 14.1664 14.9469 15.3575 15.9334 16.0095 15.8304 15.5076 14.7126 14.0121 12.8678 11.5574 10.8539 12.9179 14.7092 15.6337 15.4793 13.2799 12.396 12.3301 12.8095 12.357 12.0086 10.9346 10.6033 10.1537 10.4079 11.2306 11.9095 12.568 13.0498 13.0945 13.4125 13.5957 13.6179 13.6812 13.6332 13.5946 13.1481 13.464 13.2033 13.3465 13.2585 13.1788 13.0987 12.8443 13.0301 13.1951 13.2404 13.2565 13.2507 13.2526 13.2501 13.2396 13.2383 13.2426 13.2467 13.2442 13.2498 13.2483 13.1712 12.7316 12.1409 11.3931 -9999 -9999
-9999 -9999 -9999 -9999 -9999 -9999 11.6364 13.3165 14.135 15.1797 15.7205 15.9375 15.917 15.6562 15.0531 14.1403 13.3779 11.9151 10.393 12.5604 14.4804 15.5103 15.5462 13.6858 14.1688 13.7347 13.8753 13.1013 12.7665 12.4901 11.9332 11.329 10.6663 10.3182 11.847 12.6337 13.2695 13.573 13.7484 13.8403 13.7965 13.6889 13.015 13.5394 13.5158 13.4683 13.4126 13.3868 13.3354 13.274 13.2262 13.2166 13.0489 13.2459 13.2451 13.2515 13.2563 13.2553 13.2499 13.246 13.2403 13.2452 13.2453 13.2442 13.2453 13.2493 13.2496 13.2306 13.1177 12.1116 11.5117 11.3469
-9999 -9999 -9999 -9999 -9999 -9999 9.28311 11.7242 13.6925 14.7206 15.5489 15.7849 15.8774 15.5241 15.2601 14.6063 13.9849 13.023 11.5803 10.6869 12.3031 14.6585 15.5054 15.4061 15.3296 14.8335 14.384 14.3079 14.3186 13.793 13.0423 12.0834 11.777 11.4392 12.577 12.7314 12.6501 13.909 13.9176 13.8529 13.3799 12.8405 12.9482 12.6219 12.8802 12.4875 12.8555 13.1735 13.2936 13.2859 13.2329 13.2302 13.2151 13.2523 13.2554 13.2538 13.2535 13.2554 13.2549 13.2448 13.2411 13.2512 13.246 13.2437 13.2439 13.2494 13.2522 13.2395 13.2284 13.078 12.8491 12.4082
-9999 -9999 -9999 -9999 -9999 -9999 9.38516 11.446 13.1884 14.2231 15.2313 15.4702 15.8144 15.7468 15.4692 14.9005 14.1873 13.3952 12.1569 11.2325 12.3128 13.8687 14.9793 15.353 15.3205 15.2729 15.1452 15.0703 14.9262 14.8094 14.2755 13.3674 12.8538 12.109 13.3774 13.5193 13.3218 13.9598 13.9327 12.9784 12.2464 12.1605 12.6051 12.1815 12.1091 11.8473 12.1518 12.9621 12.7279 12.7765 13.1303 13.1943 13.2365 13.2506 13.2518 13.2539 13.2516 13.2567 13.2619 13.2519 13.2499 13.2514 13.2423 13.2444 13.2398 13.2391 13.2403 13.2359 13.2261 13.187 13.1417 13.1974
-9999 -9999 -9999 -9999 -9999 -9999 9.42361 10.8154 12.3833 13.9079 14.9832 15.4202 15.7395 15.7405 15.4162 15.1341 14.6867 13.9894 13.5081 12.6734 11.528 13.4207 13.9842 14.4765 14.6693 15.1926 15.1592 14.8906 14.5668 14.8194 14.7229 14.0053 13.7646 13.3663 14.0703 14.0708 14.0519 14.0165 13.2093 12.0866 11.1907 11.8442 11.7136 12.0025 11.0829 11.8446 12.4581 12.6587 12.2479 11.9421 12.881 13.0424 13.14 13.2038 13.2472 13.2416 13.2553 13.2539 13.2555 13.2569 13.2533 13.2531 13.2496 13.246 13.2425 13.2428 13.2372 13.2268 13.2311 13.2153 13.2111 13.2077
-9999 -9999 -9999 -9999 -9999 -9999 -9999 9.99917 11.9676 13.7416 14.7314 15.3555 15.6614 15.6594 15.4943 15.3025 15.0244 14.5202 13.8855 12.883 12.1348 12.5924 13.1431 13.1787 13.5421 14.6281 14.9872 14.4352 13.085 13.844 14.7016 14.6772 14.5949 14.5061 14.3951 14.2979 14.0886 13.5291 11.8127 11.4786 10.8083 10.8892 10.5474 11.2917 11.0112 11.7905 12.1297 12.2592 11.5437 11.6791 12.5265 12.8643 12.8129 13.0218 13.2233 13.2338 13.2436 13.2428 13.2515 13.2576 13.259 13.253 13.2513 13.2514 13.2398 13.2478 13.1891 13.1528 13.0738 13.1833 13.1986 13.2103
-9999 -9999 -9999 -9999 -9999 -9999 -9999 9.58351 11.565 13.6526 14.3254 14.9969 15.5766 15.5904 15.3361 15.093 14.8412 14.553 13.7843 13.0369 12.3211 12.0734 12.204 12.156 12.7565 14.1788 14.4413 14.307 12.8922 12.4124 13.5634 14.5307 14.6002 14.5063 13.3534 13.5964 12.9762 12.1364 11.9072 11.542 10.7676 11.1455 10.5793 10.8268 10.7464 11.19 11.4076 11.9343 11.311 11.2967 12.1289 12.5507 12.5653 13.0079 13.1684 13.2137 13.2284 13.2403 13.2467 13.2583 13.259 13.2575 13.2539 13.238 13.1932 13.0442 12.2194 12.2258 12.4593 12.6807 13.0791 13.1963
-9999 -9999 -9999 -9999 -9999 -9999 -9999 9.80836 11.1838 13.0359 14.4085 14.4973 15.1657 15.5112 15.2338 14.9204 14.5984 14.4554 13.6195 12.7 11.9543 11.0715 11.2047 11.82 12.8076 13.7225 13.8745 13.6687 12.8949 13.233 14.0156 14.4281 14.5455 14.4427 14.1889 14.0424 13.5852 13.3879 12.7553 11.766 11.378 11.6282 10.5785 10.6548 11.0466 10.6164 11.3007 11.6295 10.824 11.4485 12.1848 12.5634 12.8949 13.0541 13.1202 13.2193 13.2262 13.2387 13.2477 13.251 13.2557 13.2452 13.2374 13.154 13.0288 12.2585 11.9418 12.0105 12.3742 12.6933 13.0288 13.1684
-9999 -9999 -9999 -9999 -9999 -9999 -9999 10.0387 11.2768 12.8824 13.8612 14.038 14.7782 15.436 15.3631 15.0365 14.9356 14.5948 13.8854 13.1008 12.2424 11.82 10.8588 11.7849 12.4882 13.2623 13.6177 12.9751 12.6587 13.1891 13.7175 13.9245 14.4611 14.4512 14.271 13.5065 13.1339 13.2912 13.1324 12.8543 12.1738 12.1457 11.7096 11.5304 11.3611 10.7856 11.1436 11.1817 11.2801 12.0331 12.4184 12.6753 12.9093 12.974 13.0783 13.2124 13.2283 13.2375 13.2415 13.2486 13.2438 13.2117 13.1854 13.0127 12.7031 12.1214 11.1768 11.8523 12.5585 12.7747 12.984 13.095
-9999 -9999 -9999 -9999 -9999 -9999 -9999 9.82487 11.1395 12.5116 13.0862 13.1849 14.5226 15.3416 15.343 15.1876 15.0053 14.1677 14.2127 14.0404 13.2659 12.1394 10.9018 11.0072 11.7149 12.7289 13.0613 12.022 11.6568 11.9089 12.7132 13.4335 14.1871 14.3756 14.1496 12.9607 11.6983 12.2832 12.9088 12.9065 12.7247 12.0936 11.8946 11.7146 11.2548 10.4725 10.5705 10.7905 11.6455 11.9262 12.3576 12.7167 12.5872 12.6698 13.0136 13.2128 13.2246 13.2326 13.2436 13.2438 13.2369 13.1681 13.0951 12.9694 12.1545 11.6496 10.9145 11.7821 12.2651 12.527 12.9871 13.1008
-9999 -9999 -9999 -9999 -9999 -9999 -9999 9.41572 10.3698 11.6809 12.21 13.053 14.3168 14.9383 15.2357 15.2281 15.1059 14.7292 14.5006 14.0527 13.2475 12.1478 10.925 10.1253 10.5173 11.8768 12.1861 11.2359 10.7553 11.3338 12.192 13.4675 14.1947 14.2894 14.22 13.9732 13.0511 11.9382 11.9423 12.5012 12.0355 11.4944 11.7946 11.7412 11.287 10.9571 10.7347 10.8631 11.3428 11.553 12.0507 12.7833 12.892 12.8756 13.1867 13.2065 13.2181 13.2342 13.2384 13.2402 13.2357 13.1805 13.0511 12.5103 12.0393 11.3822 11.3052 12.0797 12.4228 12.7408 12.9691 13.047
-9999 -9999 -9999 -9999 -9999 -9999 -9999 8.71379 9.83574 11.0637 12.2135 13.3011 14.2369 14.3092 14.8021 14.8002 15.0567 14.9798 14.6294 14.2516 13.5572 12.1468 10.9587 9.66294 9.9928 11.3948 11.5316 10.9012 9.74503 10.9215 12.2207 13.3985 14.0343 13.5278 14.0397 13.9953 13.6491 12.9863 11.9566 11.9768 11.2061 11.1739 11.5719 11.7022 11.6379 11.3907 10.9924 11.0427 11.3267 11.4079 11.8656 12.4349 12.9916 13.0888 13.1985 13.2075 13.2137 13.2269 13.2326 13.2257 13.2021 13.1441 12.6915 12.1523 11.822 11.3656 11.3145 12.2073 12.5673 12.7691 12.9671 13.0483
-9999 -9999 -9999 -9999 -9999 -9999 -9999 -9999 9.71893 10.9873 11.9259 12.1791 13.0108 13.4597 13.8064 13.8822 14.8715 14.9232 14.6997 14.3522 13.7592 12.6874 11.9375 10.6943 9.79768 10.1268 10.2592 10.5759 10.4709 10.9913 12.2395 13.5413 13.679 12.8441 12.9641 13.1359 13.5243 13.3261 11.9231 11.2108 10.6201 11.0417 11.4854 11.5941 11.6172 11.5335 11.4326 11.2241 11.8197 12.2615 12.3671 12.7529 13.0388 13.1209 13.1839 13.1956 13.2075 13.2121 13.2003 13.1931 13.1271 12.9734 12.4665 11.2407 11.303 11.1747 10.7968 11.6691 12.2217 12.7155 12.9803 13.0524
-9999 -9999 -9999 -9999 -9999 -9999 -9999 -9999 9.29561 10.7629 11.0733 11.0508 10.5655 10.7889 12.5883 12.9495 13.8982 14.7956 14.7255 14.3845 13.8292 13.1879 12.1979 10.8007 9.68801 9.18876 10.3537 11.4928 11.7246 12.0887 12.8507 12.9908 12.1365 11.3362 11.7803 12.0475 13.0724 13.2593 13.06 12.2153 11.2497 10.7464 11.3436 11.4248 11.4621 11.4708 11.4518 11.4077 12.0579 12.4309 12.691 12.8345 13.0806 13.1468 13.1709 13.194 13.1941 13.1862 13.1526 13.1138 12.9272 12.7004 11.867 11.1731 10.7422 10.1939 11.4454 11.822 12.3416 12.6774 12.9408 13.0025
