Test_Spring_2018/04_18/Temp/20180426_023.txt
ncols	170
nrows	115
xllcorner	350000.000000
yllcorner	4445000.000000
cellsize	1000.000000
nodata_value	-9999.000000
[rows 32 to 63 of 115, columns 72 to 143 of 170]
15.9386 15.6237 16.0981 16.5346 16.269 16.0942 16.8138 16.8098 16.5584 15.9731 15.7559 15.5311 15.392 14.643 12.5476 10.6588 11.6674 11.6897 10.9897 12.2424 11.5803 9.85366 7.41647 8.74294 8.39962 6.67548 6.2525 -9999 -9999 -9999 -9999 -9999 -9999 -9999 -9999 -9999 -9999 -9999 -9999 -9999 -9999 -9999 -9999 -9999 -9999 -9999 -9999 -9999 -9999 -9999 -9999 -9999 -9999 -9999 -9999 -9999 -9999 -9999 -9999 -9999 -9999 -9999 -9999 -9999 -9999 -9999 -9999 -9999 -9999 -9999 -9999 -9999
15.5178 15.3798 16.0873 16.0675 16.0272 16.2873 16.7324 16.8184 16.7181 16.4608 16.2376 16.0006 15.4049 14.5486 12.755 10.6054 10.1163 11.1654 11.2145 11.3826 10.7788 10.021 8.8358 9.80758 10.1857 9.05083 7.56891 6.62036 -9999 -9999 -9999 -9999 -9999 -9999 -9999 -9999 -9999 -9999 -9999 -9999 -9999 -9999 -9999 -9999 -9999 -9999 -9999 -9999 -9999 -9999 -9999 -9999 -9999 -9999 -9999 -9999 -9999 -9999 -9999 -9999 -9999 -9999 -9999 -9999 -9999 -9999 -9999 -9999 -9999 -9999 -9999 -9999
15.017 14.3212 14.7457 15.0632 15.6711 15.8213 15.9071 16.753 16.7044 16.6614 16.2952 16.0017 15.5178 14.6937 13.5219 12.1118 9.65887 11.1682 12.35 12.3187 12.2533 11.7221 10.5832 11.5366 11.5821 10.1333 8.49159 7.52024 7.11856 -9999 -9999 -9999 -9999 -9999 -9999 -9999 -9999 -9999 -9999 -9999 -9999 -9999 -9999 -9999 -9999 -9999 -9999 -9999 -9999 -9999 -9999 -9999 -9999 -9999 -9999 -9999 -9999 -9999 -9999 -9999 -9999 -9999 -9999 -9999 -9999 -9999 -9999 -9999 -9999 -9999 -9999 -9999
14.4484 13.5995 14.0266 14.598 15.4146 15.838 16.155 16.4055 16.6611 16.627 16.2523 15.1524 14.9926 14.9422 14.1748 12.5675 10.9627 10.5456 12.3491 12.8645 12.7584 13.161 12.196 12.6523 12.4658 11.9542 10.3716 8.92614 8.32693 7.14237 -9999 -9999 -9999 -9999 -9999 -9999 -9999 -9999 -9999 -9999 -9999 -9999 -9999 -9999 -9999 -9999 -9999 -9999 -9999 -9999 -9999 -9999 -9999 -9999 -9999 -9999 -9999 -9999 -9999 -9999 -9999 -9999 -9999 -9999 -9999 -9999 -9999 -9999 -9999 -9999 -9999 -9999
-9999 -9999 13.0577 13.8448 14.4885 15.2878 15.9703 16.3108 16.6414 16.6111 15.8656 15.4993 15.4645 14.9605 14.0749 13.5183 12.5069 11.4535 11.8533 13.3913 12.7055 13.7955 13.7029 13.9034 13.1747 11.8017 9.95666 8.8833 8.3472 7.38725 -9999 -9999 -9999 -9999 -9999 -9999 -9999 -9999 -9999 -9999 -9999 -9999 -9999 -9999 -9999 -9999 -9999 -9999 -9999 -9999 -9999 -9999 -9999 -9999 -9999 -9999 -9999 -9999 -9999 -9999 -9999 -9999 -9999 -9999 -9999 -9999 -9999 -9999 -9999 -9999 -9999 -9999
-9999 -9999 -9999 13.6945 14.1837 15.2429 15.7965 16.0162 16.5517 16.5495 16.2651 16.0496 15.7383 15.3329 14.6666 13.9319 12.9804 12.8903 13.8731 13.8838 13.6769 13.8379 14.3434 14.2101 13.0837 11.1434 10.1147 8.02553 7.12993 7.22164 6.58629 -9999 -9999 -9999 -9999 -9999 -9999 -9999 -9999 -9999 -9999 -9999 -9999 8.97367 -9999 -9999 -9999 -9999 -9999 -9999 -9999 -9999 -9999 -9999 -9999 -9999 -9999 -9999 -9999 -9999 -9999 -9999 -9999 -9999 5.02066 -9999 -9999 -9999 -9999 -9999 -9999 -9999
-9999 -9999 13.59 14.2532 14.7661 15.4287 15.4969 15.8906 16.5068 16.5125 16.3098 16.0811 15.5712 15.4425 15.0618 14.2643 14.0991 14.4188 14.5652 14.7317 14.8341 14.7494 14.5443 14.2796 13.5596 12.657 12.0515 10.1403 9.17777 8.25343 6.85396 5.7587 -9999 -9999 -9999 -9999 -9999 -9999 -9999 8.25682 8.20005 8.2198 8.52135 9.36308 8.85945 -9999 -9999 -9999 -9999 -9999 -9999 -9999 -9999 -9999 -9999 -9999 -9999 -9999 -9999 -9999 -9999 -9999 -9999 -9999 5.77844 4.66904 -9999 -9999 -9999 -9999 -9999 -9999
-9999 -9999 13.7666 14.4609 14.8059 15.4494 15.8161 16.0627 16.2741 16.476 16.4381 16.1853 15.8026 15.8017 15.2757 14.9908 14.7867 15.2199 15.304 15.1276 14.9072 14.7128 14.1644 14.1014 13.9302 13.3579 12.4179 11.4492 10.0516 8.15249 6.28971 4.78676 -9999 -9999 -9999 -9999 -9999 -9999 8.41332 9.11258 9.52926 8.62738 9.38771 10.082 9.96419 9.28187 -9999 -9999 -9999 -9999 -9999 -9999 -9999 -9999 -9999 -9999 -9999 -9999 -9999 -9999 11.0233 9.88704 7.5981 6.42122 5.71204 4.70242 -9999 -9999 -9999 -9999 -9999 -9999
-9999 -9999 13.6204 14.4413 14.9964 15.4889 15.5648 16.0709 16.2953 16.4021 16.3856 16.3326 16.2592 15.7994 15.5998 14.9069 15.5638 15.5362 15.3671 14.7044 14.4168 13.2813 12.782 12.6773 13.6331 12.9291 11.4577 9.61794 7.4105 7.26546 6.53398 5.19098 -9999 -9999 -9999 -9999 -9999 -9999 8.62591 9.37389 9.99699 10.0829 9.18582 10.4237 10.3724 9.6695 9.50461 10.0683 10.3508 10.1329 10.8025 10.9956 10.682 11.0132 -9999 -9999 -9999 -9999 11.1852 11.2249 11.253 10.7757 8.27567 6.56566 5.02901 4.87505 -9999 -9999 -9999 -9999 -9999 -9999
-9999 -9999 14.1835 14.6875 14.9408 14.979 15.4209 15.8631 16.1388 16.3393 16.2952 16.275 16.2537 16.0937 15.7274 15.7892 15.7567 15.5425 14.2819 12.8116 13.4511 12.5751 10.713 12.233 13.068 12.2706 10.4878 8.42015 7.74829 7.77611 6.75901 5.45248 -9999 -9999 -9999 6.57683 7.65156 7.74156 8.05498 9.05411 9.81255 10.3797 10.7655 10.754 10.3293 9.64132 8.89412 9.15074 10.4749 10.7928 11.0588 11.259 10.9675 11.1115 11.4618 11.6403 11.6722 11.5829 11.5582 11.5814 11.5327 11.087 8.84903 7.56531 6.74324 5.08866 -9999 -9999 -9999 -9999 -9999 -9999
-9999 -9999 13.8604 14.2983 14.6524 15.2434 15.3029 15.6754 15.8958 16.2278 16.2611 15.8689 16.1852 16.1396 16.0756 15.9447 15.7551 14.69 13.2237 11.7545 11.0762 11.3687 10.2469 10.8268 11.6732 11.3645 10.2772 8.43565 8.17798 7.75434 6.04106 4.39313 -9999 -9999 4.48397 6.54966 8.00266 8.74985 8.9779 8.99503 9.95169 10.0212 11.0509 10.8082 9.42714 9.57397 9.02997 9.36799 9.84961 9.97677 10.6754 11.3406 11.4621 11.4594 11.6806 11.7219 11.7287 11.7175 11.5584 11.623 11.6277 11.3474 9.72466 8.9294 8.0504 5.10612 -9999 -9999 -9999 -9999 -9999 -9999
-9999 -9999 14.0823 14.5725 15.1097 15.1938 15.5907 15.5428 15.4262 15.9809 16.1845 15.906 15.7042 16.063 16.0335 15.9812 15.8983 14.8972 13.7399 11.9897 10.9025 10.2414 9.77099 9.14909 9.58532 9.45546 9.28046 9.48756 8.98169 7.97547 6.97454 5.09727 4.08249 -9999 4.59101 5.52178 7.25038 8.7181 9.64756 9.30602 10.3943 10.5908 11.221 10.8437 10.0007 9.63558 9.5964 9.47987 10.2098 10.6954 11.0414 11.2686 11.5506 11.6191 11.6881 11.7141 11.726 11.738 11.729 11.7176 11.6789 11.5695 10.8196 10.0232 8.31561 5.19638 -9999 -9999 -9999 -9999 -9999 -9999
-9999 12.635 14.0175 14.8421 15.1593 15.3871 15.5873 15.7311 15.8829 16.021 16.1167 16.0719 15.3416 15.3959 15.5216 15.929 15.896 15.8029 15.1693 13.04 12.3064 11.237 9.84758 9.26996 9.56397 10.7084 10.6608 9.90856 9.06948 7.91043 7.17062 6.02116 3.81107 4.00891 5.00196 5.7395 6.91309 8.70793 9.96403 10.521 10.7271 11.168 11.3919 10.8764 10.382 10.1711 9.78692 9.72639 9.72203 10.1603 10.5033 11.2669 11.5207 11.6315 11.687 11.7148 11.7337 11.7522 11.7553 11.735 11.7299 11.7174 11.654 10.5993 7.96735 5.98094 -9999 -9999 -9999 -9999 -9999 -9999
-9999 -9999 13.7539 14.1147 14.2066 14.3698 14.7075 15.0972 15.6516 15.7189 16.0214 16.0136 15.3853 14.6582 15.2821 15.5275 15.7826 15.7875 15.7042 13.9185 12.9842 12.2498 10.9181 11.4041 11.8653 11.904 11.632 10.0157 8.40566 6.55053 4.81444 4.73223 3.79668 4.28967 4.94511 6.62949 7.81305 8.28985 8.63017 10.4531 10.9253 11.0816 11.543 10.8973 10.7248 10.2372 10.3723 10.3228 10.3183 8.98194 10.311 10.383 11.2453 11.6285 11.7103 11.7297 11.7509 11.7504 11.7506 11.7414 11.7444 11.7238 11.6991 11.0102 7.67943 5.99812 -9999 -9999 -9999 -9999 -9999 -9999
-9999 -9999 -9999 -9999 13.8549 14.1292 14.3035 14.6077 15.5484 15.7981 15.9621 15.9713 15.6874 14.9678 14.7746 14.901 14.2001 14.7816 15.579 15.5595 15.4642 13.8946 13.0949 13.8776 13.6451 12.4676 11.5417 10.6278 8.74255 7.36514 5.3754 3.88081 3.8245 5.47409 6.84249 8.54692 9.2964 8.86284 9.32167 10.2254 11.2511 11.7434 11.6187 10.9383 10.8332 10.0854 10.805 10.8597 10.5141 10.2147 10.3264 10.7492 10.9066 11.5802 11.7391 11.7619 11.7627 11.7611 11.7535 11.7445 11.7284 11.714 11.6966 11.6575 8.23378 5.5637 -9999 -9999 -9999 -9999 -9999 -9999
-9999 -9999 -9999 -9999 13.1915 13.3572 13.7982 14.9364 15.5301 15.7667 15.7533 15.8596 15.6577 15.0236 14.3732 13.7599 12.9716 13.4186 14.6056 15.3065 15.3879 14.0126 14.7346 14.4704 13.9456 12.4045 11.2699 10.6702 8.86063 7.31349 5.99047 4.162 4.94463 5.8055 6.9105 8.77001 10.0229 10.5343 10.096 10.6709 11.8521 11.8521 11.1956 11.2306 10.8241 9.80496 10.8501 11.1388 10.8926 10.9474 10.8535 11.0064 11.2912 11.5639 11.7436 11.7634 11.7612 11.7507 11.7457 11.7404 11.7209 11.7148 11.6973 11.6714 9.45823 5.50561 -9999 -9999 -9999 -9999 -9999 -9999
-9999 -9999 -9999 -9999 -9999 12.5838 13.5949 15.107 15.4787 15.4393 15.747 15.7684 15.4612 15.1939 14.4053 13.3303 11.2706 11.7925 12.8853 14.4626 15.2932 15.1844 14.7284 13.9321 11.9992 10.3083 10.1069 9.83362 8.51401 7.32381 5.85264 6.70724 7.64228 8.66421 9.19962 9.05699 10.1299 11.0032 10.6251 11.3318 12.1567 11.7732 11.5433 11.3491 10.881 10.8457 10.8858 11.4762 11.0551 11.3023 11.3038 11.2824 11.4175 11.5746 11.7404 11.7632 11.7587 11.7569 11.7321 11.7335 11.7174 11.7006 11.6839 11.6604 11.452 9.31659 8.0385 -9999 -9999 -9999 -9999 -9999
-9999 -9999 -9999 -9999 -9999 11.6401 12.1424 13.9339 14.4837 15.272 15.6877 15.7015 15.1865 14.8979 13.7251 13.3419 11.4364 10.5736 11.3041 11.0253 13.1982 15.1222 14.7091 10.8359 9.436 8.43885 8.70059 8.70717 8.34248 6.31216 5.75283 7.57683 8.72469 9.61303 10.2856 10.4233 10.3961 11.7648 11.9419 12.3823 12.2791 12.3138 11.6137 11.1776 11.5415 11.1016 11.0202 11.6305 11.0149 11.5581 11.4884 11.3162 11.301 11.6573 11.725 11.7584 11.7554 11.7366 11.7136 11.6973 11.7028 11.6904 11.6626 11.6553 11.6268 11.3607 10.2528 9.8593 10.2751 -9999 -9999 -9999
-9999 -9999 -9999 -9999 -9999 -9999 10.4605 12.952 14.0874 14.6812 15.5192 15.6152 15.341 14.8439 13.6492 12.5989 10.8953 8.95134 7.92299 11.0028 13.6846 15.0863 14.9073 11.6838 10.4143 10.3596 11.114 10.4848 10.0081 8.46638 8.00568 7.36378 7.75965 8.99984 10.0095 10.9828 11.6889 11.7423 12.198 12.4566 12.4722 12.5486 12.4604 12.3871 11.7072 12.1621 11.7626 11.9635 11.8224 11.6946 11.586 11.1962 11.4601 11.6935 11.7494 11.7614 11.7422 11.7341 11.7191 11.6914 11.6738 11.6653 11.6555 11.635 11.6262 11.6008 11.4681 10.7978 9.9039 8.77734 -9999 -9999
-9999 -9999 -9999 -9999 -9999 -9999 9.20686 11.686 12.8781 14.4134 15.2022 15.5205 15.4717 15.0678 14.1589 12.7945 11.6584 9.48855 7.23684 10.4676 13.3511 14.9074 14.9934 12.2857 13.0418 12.438 12.687 11.5778 11.1186 10.7584 9.96085 9.08773 8.13443 7.62661 9.89715 11.061 11.9963 12.4347 12.6801 12.7997 12.7271 12.5487 11.5326 12.2956 12.2437 12.1598 12.0647 12.015 11.9283 11.8276 11.7678 11.7412 11.4804 11.7609 11.7465 11.7452 11.7415 11.729 11.7096 11.6916 11.6704 11.6625 11.6437 11.6258 11.6105 11.5935 11.5759 11.5302 11.3454 9.83583 8.9297 8.66673
-9999 -9999 -9999 -9999 -9999 -9999 5.71022 9.31907 12.2214 13.7322 14.9644 15.2972 15.4177 14.8782 14.4739 13.4949 12.5686 11.1424 9.00814 7.69488 10.1142 13.6335 14.9368 14.8398 14.7622 14.0629 13.4329 13.3559 13.406 12.6738 11.6056 10.2016 9.76198 9.26781 10.9581 11.1842 11.0564 12.9135 12.9128 12.8016 12.0836 11.2806 11.4259 10.9239 11.2912 10.6956 11.2295 11.6902 11.8579 11.8366 11.7705 11.754 11.7194 11.7597 11.7532 11.7398 11.7284 11.7198 11.7075 11.6803 11.662 11.6635 11.6392 11.6205 11.5991 11.5843 11.5711 11.535 11.5015 11.2619 10.9066 10.2338
-9999 -9999 -9999 -9999 -9999 -9999 5.86228 8.89777 11.4703 13.0155 14.496 14.8348 15.3305 15.2168 14.7939 13.9424 12.8807 11.7065 9.87526 8.51496 10.1341 12.4694 14.144 14.7471 14.7472 14.7098 14.5534 14.496 14.3126 14.1851 13.4147 12.0878 11.3369 10.2382 12.1222 12.3302 12.0308 12.968 12.9157 11.4861 10.3854 10.2431 10.9056 10.264 10.1412 9.73657 10.1767 11.3679 11.0092 11.0715 11.6111 11.6936 11.7396 11.7489 11.7393 11.7311 11.7164 11.7124 11.7083 11.6813 11.6654 11.6541 11.6266 11.6119 11.5896 11.5657 11.5446 11.5212 11.4901 11.4158 11.3348 11.3985
-9999 -9999 -9999 -9999 -9999 -9999 5.92233 7.95859 10.2732 12.5497 14.1315 14.7661 15.2268 15.2166 14.726 14.3009 13.6343 12.6009 11.8924 10.6641 8.97913 11.8061 12.6731 13.4494 13.7829 14.5915 14.5739 14.2062 13.7835 14.1815 14.0634 13.0128 12.6656 12.0804 13.1267 13.1253 13.0919 13.0309 11.8227 10.1449 8.80261 9.75901 9.55217 9.98814 8.60892 9.72665 10.6257 10.9126 10.2885 9.82487 11.2342 11.4556 11.5883 11.6713 11.724 11.7041 11.7129 11.6991 11.6894 11.679 11.6608 11.6471 11.628 11.6082 11.584 11.5618 11.537 11.5082 11.498 11.452 11.43 11.4058
-9999 -9999 -9999 -9999 -9999 -9999 -9999 6.75106 9.69202 12.3122 13.7683 14.682 15.1243 15.1111 14.8582 14.5683 14.1539 13.4078 12.472 10.9948 9.89882 10.5958 11.4453 11.5433 12.1098 13.7493 14.3102 13.5182 11.5616 12.7186 14.0081 13.9854 13.873 13.7469 13.5859 13.4399 13.1247 12.2874 9.73136 9.22413 8.21804 8.32625 7.80711 8.92273 8.49215 9.63744 10.1299 10.3115 9.23948 9.46241 10.6999 11.1884 11.0996 11.3973 11.6802 11.684 11.6867 11.6736 11.6742 11.6707 11.6598 11.6413 11.625 11.6109 11.5746 11.5632 11.4599 11.3897 11.2562 11.4026 11.4093 11.3983
-9999 -9999 -9999 -9999 -9999 -9999 -9999 6.16583 9.09587 12.1829 13.1705 14.1563 15.0067 15.0186 14.6346 14.2699 13.895 13.4693 12.3343 11.2342 10.1846 9.83275 10.045 10.0288 10.9436 13.0784 13.4923 13.3164 11.2728 10.5787 12.3014 13.7485 13.8601 13.7257 12.0169 12.3763 11.4522 10.2002 9.85215 9.30119 8.14207 8.69227 7.84144 8.19812 8.0901 8.7376 9.04988 9.82105 8.88607 8.88842 10.1026 10.7157 10.7247 11.369 11.5949 11.6499 11.6595 11.6648 11.662 11.6665 11.6546 11.639 11.6199 11.5821 11.501 11.2599 10.0119 10.0054 10.336 10.6486 11.2195 11.3684
-9999 -9999 -9999 -9999 -9999 -9999 -9999 6.49931 8.53134 11.2703 13.2979 13.4207 14.4042 14.9099 14.4929 14.0245 13.5459 13.3358 12.1003 10.7439 9.64835 8.35204 8.56576 9.49684 11.0187 12.3973 12.6439 12.3588 11.2653 11.7825 12.9566 13.5787 13.7601 13.6121 13.2372 13.0188 12.3373 12.0393 11.0939 9.61794 9.0335 9.3953 7.82806 7.93161 8.50335 7.87819 8.88326 9.36085 8.15554 9.09858 10.1784 10.7272 11.2065 11.4301 11.5157 11.6504 11.6483 11.6544 11.6551 11.6472 11.6411 11.6121 11.5867 11.4488 11.2484 10.0905 9.59105 9.67713 10.201 10.6589 11.1257 11.318
-9999 -9999 -9999 -9999 -9999 -9999 -9999 6.84056 8.66993 11.0445 12.489 12.7438 13.8353 14.8056 14.693 14.2058 14.0556 13.5519 12.5036 11.3464 10.082 9.46722 8.05483 9.44486 10.5436 11.7107 12.2563 11.359 10.9049 11.7051 12.5003 12.8163 13.6188 13.608 13.3421 12.207 11.6513 11.8802 11.6387 11.2189 10.2014 10.1511 9.49531 9.22035 8.96016 8.12148 8.64257 8.68902 8.8182 9.95902 10.5178 10.8862 11.2208 11.3041 11.4462 11.6327 11.6437 11.6447 11.6379 11.6355 11.6151 11.5539 11.5011 11.2305 10.7567 9.87858 8.44695 9.43374 10.466 10.7601 11.0499 11.1995
-9999 -9999 -9999 -9999 -9999 -9999 -9999 6.52236 8.46624 10.4953 11.3412 11.4814 13.4605 14.671 14.6695 14.4369 14.1661 12.925 12.9956 12.7462 11.6052 9.94405 8.11998 8.29029 9.3752 10.9156 11.4248 9.93799 9.4095 9.79522 10.9985 12.075 13.1988 13.4818 13.1477 11.3828 9.50728 10.3711 11.2942 11.2844 11.0074 10.0631 9.75963 9.4842 8.79334 7.62187 7.785 8.10143 9.38982 9.7934 10.4207 10.9406 10.7358 10.8456 11.3431 11.626 11.6309 11.63 11.6334 11.6205 11.5968 11.4812 11.3589 11.1581 9.93432 9.17032 8.0555 9.32086 10.022 10.3777 11.0451 11.1986
-9999 -9999 -9999 -9999 -9999 -9999 -9999 5.91362 7.32338 9.2629 10.0422 11.2877 13.158 14.0761 14.5145 14.5016 14.3201 13.7628 13.427 12.7679 11.5806 9.95796 8.15462 6.98033 7.57563 9.64757 10.1384 8.76581 8.06462 8.9335 10.2158 12.1153 13.1992 13.3427 13.2409 12.8739 11.5035 9.84831 9.84947 10.6728 9.97515 9.16484 9.60246 9.51504 8.83282 8.33492 8.02211 8.19533 8.9337 9.23271 9.95841 11.0327 11.1812 11.1442 11.593 11.6097 11.6141 11.6251 11.6183 11.6077 11.5874 11.4918 11.2857 10.4688 9.75525 8.76526 8.63589 9.7537 10.2353 10.6856 11.0089 11.1091
-9999 -9999 -9999 -9999 -9999 -9999 -9999 4.86966 6.5292 8.34608 10.0471 11.6562 13.0406 13.1444 13.8731 13.869 14.2495 14.1368 13.6201 13.0643 12.0408 9.9564 8.20359 6.29229 6.79429 8.90677 9.18735 8.26403 6.55964 8.31511 10.2511 12.0051 12.9532 12.2043 12.9648 12.8983 12.3822 11.3951 9.86254 9.88672 8.73661 8.68164 9.26445 9.44986 9.34626 8.97106 8.36944 8.4554 8.90317 9.01075 9.67713 10.5091 11.3224 11.4538 11.6039 11.6045 11.6008 11.6073 11.6026 11.5789 11.5303 11.4304 10.7444 9.92979 9.42484 8.73256 8.64144 9.9415 10.4406 10.7183 10.9963 11.1013
-9999 -9999 -9999 -9999 -9999 -9999 -9999 -9999 6.3532 8.23057 9.61887 9.99022 11.2206 11.8834 12.3956 12.5066 13.9745 14.0526 13.7239 13.2129 12.3392 10.7568 9.6537 7.82001 6.50158 7.03961 7.29535 7.77708 7.63216 8.41369 10.2739 12.2117 12.4204 11.1842 11.3632 11.6172 12.1912 11.8936 9.8068 8.74407 7.86089 8.47933 9.13001 9.28316 9.30917 9.17671 9.01054 8.75734 9.62816 10.2708 10.4147 10.9744 11.386 11.4952 11.5759 11.5804 11.5851 11.5789 11.5481 11.5238 11.4121 11.1699 10.4033 8.56972 8.64707 8.4414 7.86504 9.13043 9.91295 10.6295 11.0063 11.0975
-9999 -9999 -9999 -9999 -9999 -9999 -9999 -9999 5.72141 7.89433 8.35082 8.31347 7.58978 7.91818 10.5858 11.1203 12.5278 13.8605 13.7593 13.2577 12.4398 11.4961 10.0367 7.9744 6.33545 5.64955 7.40622 9.13412 9.489 10.0389 11.1777 11.3918 10.1287 8.94385 9.60362 9.99928 11.5176 11.7909 11.4901 10.2305 8.79084 8.03653 8.9146 9.0268 9.0738 9.07817 9.03511 8.99269 9.9752 10.5159 10.889 11.0892 11.4417 11.5273 11.5504 11.5719 11.5591 11.5343 11.4711 11.3999 11.1091 10.7582 9.50694 8.46219 7.80742 6.97823 8.81919 9.34853 10.0901 10.5636 10.938 11.0134
