Test_Spring_2018/04_18/Temp/20180423_002.txt
ncols	170
nrows	115
xllcorner	350000.000000
yllcorner	4445000.000000
cellsize	1000.000000
nodata_value	-9999.000000
[rows 32 to 63 of 115, columns 72 to 143 of 170]
12.7226 12.3858 12.8907 13.3551 13.07 12.8826 13.6522 13.6471 13.3781 12.7531 12.5204 12.2792 12.1292 11.3287 9.09268 7.07648 8.14855 8.16897 7.41906 8.75042 8.04037 6.19535 3.59274 5.00197 4.63116 2.79672 2.33789 -9999 -9999 -9999 -9999 -9999 -9999 -9999 -9999 -9999 -9999 -9999 -9999 -9999 -9999 -9999 -9999 -9999 -9999 -9999 -9999 -9999 -9999 -9999 -9999 -9999 -9999 -9999 -9999 -9999 -9999 -9999 -9999 -9999 -9999 -9999 -9999 -9999 -9999 -9999 -9999 -9999 -9999 -9999 -9999 -9999
12.2741 12.1258 12.8791 12.8572 12.8126 13.0884 13.5651 13.6558 13.5478 13.2722 13.0329 12.7786 12.1416 11.2267 9.31236 7.01823 6.49386 7.60891 7.65778 7.83319 7.18564 6.37368 5.106 6.13747 6.53608 5.32547 3.74282 2.7276 -9999 -9999 -9999 -9999 -9999 -9999 -9999 -9999 -9999 -9999 -9999 -9999 -9999 -9999 -9999 -9999 -9999 -9999 -9999 -9999 -9999 -9999 -9999 -9999 -9999 -9999 -9999 -9999 -9999 -9999 -9999 -9999 -9999 -9999 -9999 -9999 -9999 -9999 -9999 -9999 -9999 -9999 -9999 -9999
11.74 10.9973 11.4489 11.7865 12.4331 12.5947 12.6851 13.5858 13.5328 13.4856 13.0936 12.779 12.2612 11.3805 10.1289 8.62314 6.00545 7.61122 8.86771 8.83078 8.75733 8.18723 6.96914 7.9814 8.02565 6.47803 4.72858 3.68863 3.25601 -9999 -9999 -9999 -9999 -9999 -9999 -9999 -9999 -9999 -9999 -9999 -9999 -9999 -9999 -9999 -9999 -9999 -9999 -9999 -9999 -9999 -9999 -9999 -9999 -9999 -9999 -9999 -9999 -9999 -9999 -9999 -9999 -9999 -9999 -9999 -9999 -9999 -9999 -9999 -9999 -9999 -9999 -9999
11.1335 10.2277 10.6821 11.2906 12.1605 12.6128 12.9494 13.2153 13.4865 13.4487 13.0477 11.8733 11.7009 11.6449 10.8244 9.10845 7.39489 6.94724 8.86656 9.41264 9.29601 9.72156 8.6891 9.17155 8.96878 8.41683 6.72979 5.189 4.54597 3.27905 -9999 -9999 -9999 -9999 -9999 -9999 -9999 -9999 -9999 -9999 -9999 -9999 -9999 -9999 -9999 -9999 -9999 -9999 -9999 -9999 -9999 -9999 -9999 -9999 -9999 -9999 -9999 -9999 -9999 -9999 -9999 -9999 -9999 -9999 -9999 -9999 -9999 -9999 -9999 -9999 -9999 -9999
-9999 -9999 9.64909 10.4879 11.1759 12.0265 12.7526 13.1144 13.4657 13.4319 12.6355 12.2432 12.2039 11.6643 10.7179 10.1219 9.04099 7.91521 8.33831 9.97454 9.2402 10.3986 10.2964 10.5064 9.72578 8.25587 6.28901 5.14501 4.56938 3.54199 -9999 -9999 -9999 -9999 -9999 -9999 -9999 -9999 -9999 -9999 -9999 -9999 -9999 -9999 -9999 -9999 -9999 -9999 -9999 -9999 -9999 -9999 -9999 -9999 -9999 -9999 -9999 -9999 -9999 -9999 -9999 -9999 -9999 -9999 -9999 -9999 -9999 -9999 -9999 -9999 -9999 -9999
-9999 -9999 -9999 10.3277 10.851 11.9795 12.5676 12.8008 13.3705 13.3667 13.0618 12.8301 12.4963 12.0617 11.349 10.5632 9.54618 9.44731 10.492 10.5002 10.2765 10.4448 10.9803 10.8346 9.62785 7.55571 6.45527 4.23231 3.27356 3.3673 2.68604 -9999 -9999 -9999 -9999 -9999 -9999 -9999 -9999 -9999 -9999 -9999 -9999 5.1868 -9999 -9999 -9999 -9999 -9999 -9999 -9999 -9999 -9999 -9999 -9999 -9999 -9999 -9999 -9999 -9999 -9999 -9999 -9999 -9999 0.905609 -9999 -9999 -9999 -9999 -9999 -9999 -9999
-9999 -9999 10.2161 10.9255 11.472 12.1779 12.2495 12.6676 13.3235 13.3281 13.1103 12.8647 12.319 12.1795 11.7712 10.9184 10.7395 11.0775 11.2306 11.4052 11.5113 11.4177 11.1957 10.9101 10.1369 9.17092 8.52169 6.4844 5.45825 4.46894 2.97321 1.80182 -9999 -9999 -9999 -9999 -9999 -9999 -9999 4.43694 4.37324 4.3911 4.70934 5.60334 5.06315 -9999 -9999 -9999 -9999 -9999 -9999 -9999 -9999 -9999 -9999 -9999 -9999 -9999 -9999 -9999 -9999 -9999 -9999 -9999 1.7116 0.52641 -9999 -9999 -9999 -9999 -9999 -9999
-9999 -9999 10.4065 11.1469 11.5147 12.2006 12.5911 12.8522 13.0765 13.2905 13.2485 12.9771 12.5669 12.5637 12.0004 11.6941 11.4738 11.9328 12.0195 11.8285 11.5906 11.3802 10.7924 10.7219 10.5338 9.92005 8.91427 7.87788 6.39146 4.36313 2.37353 0.767567 -9999 -9999 -9999 -9999 -9999 -9999 4.60882 5.35098 5.79193 4.82731 5.63449 6.37117 6.2421 5.50518 -9999 -9999 -9999 -9999 -9999 -9999 -9999 -9999 -9999 -9999 -9999 -9999 -9999 -9999 7.30986 6.09638 3.65426 2.39757 1.63932 0.56063 -9999 -9999 -9999 -9999 -9999 -9999
-9999 -9999 10.2504 11.1262 11.7183 12.2435 12.3243 12.8627 13.1007 13.2133 13.1942 13.1359 13.0554 12.5629 12.3476 11.6063 12.3038 12.2716 12.0884 11.3791 11.0695 9.85605 9.32061 9.20375 10.2191 9.46501 7.89287 5.92798 3.57442 3.41938 2.63572 1.20025 -9999 -9999 -9999 -9999 -9999 -9999 4.8373 5.63141 6.29237 6.38062 5.42101 6.73703 6.67318 5.91995 5.74008 6.33671 6.63341 6.3959 7.10918 7.31037 6.97149 7.32015 -9999 -9999 -9999 -9999 7.48532 7.52503 7.5528 7.04193 4.37499 2.55019 0.910057 0.743819 -9999 -9999 -9999 -9999 -9999 -9999
-9999 -9999 10.8507 11.389 11.6598 11.7011 12.1723 12.6427 12.9358 13.1448 13.0965 13.0733 13.0487 12.8759 12.4829 12.546 12.5086 12.2772 10.9304 9.35988 10.0383 9.10518 7.11703 8.73221 9.6188 8.76521 6.86113 4.65343 3.93662 3.96558 2.87743 1.47677 -9999 -9999 -9999 2.66159 3.8039 3.89652 4.22726 5.2889 6.09391 6.69898 7.10673 7.08747 6.62922 5.89165 5.09078 5.35977 6.76658 7.10051 7.38214 7.59069 7.275 7.41941 7.78857 7.97482 8.00515 7.90674 7.87739 7.89953 7.84532 7.368 4.98498 3.61479 2.73656 0.972979 -9999 -9999 -9999 -9999 -9999 -9999
-9999 -9999 10.5059 10.974 11.3525 11.9806 12.0444 12.4415 12.6755 13.0285 13.0628 12.6432 12.9786 12.9277 12.857 12.7147 12.5096 11.3712 9.80494 8.2355 7.50915 7.81733 6.61811 7.23131 8.12996 7.80162 6.63418 4.66761 4.38949 3.93682 2.10987 0.349688 -9999 -9999 0.436356 2.63503 4.18061 4.97379 5.21353 5.22836 6.24459 6.31499 7.40881 7.14311 5.66532 5.81738 5.23722 5.59269 6.09548 6.22607 6.96483 7.67263 7.79739 7.78983 8.02115 8.06107 8.06456 8.04933 7.87683 7.94311 7.94587 7.64499 5.91328 5.06357 4.12417 0.985776 -9999 -9999 -9999 -9999 -9999 -9999
-9999 -9999 10.7402 11.2642 11.838 11.9286 12.3523 12.3024 12.1775 12.7684 12.9842 12.686 12.4691 12.8494 12.8154 12.7569 12.6655 11.5951 10.3581 8.48894 7.32661 6.61817 6.1132 5.44131 5.90246 5.76033 5.57027 5.78774 5.24873 4.17498 3.10462 1.10255 0.017444 -9999 0.552967 1.54192 3.38132 4.94259 5.93001 5.56247 6.71894 6.92469 7.58986 7.18334 6.27907 5.87995 5.8332 5.70403 6.4772 6.99318 7.35588 7.59304 7.89182 7.95994 8.02903 8.05249 8.06136 8.07085 8.05831 8.04365 8.00022 7.88165 7.08043 6.2293 4.40699 1.08215 -9999 -9999 -9999 -9999 -9999 -9999
-9999 9.19532 10.6721 11.5528 11.8923 12.1365 12.3509 12.5047 12.6662 12.8141 12.9154 12.8662 12.0861 12.1418 12.2733 12.7047 12.6664 12.5637 11.8848 9.61149 8.82575 7.67877 6.19356 5.57266 5.8821 7.09823 7.0441 6.23895 5.34155 4.10507 3.31626 2.08783 -0.269404 -0.0617196 0.993688 1.77674 3.02457 4.93457 6.27016 6.86034 7.07642 7.54055 7.77486 7.2162 6.68303 6.45295 6.03819 5.96849 5.95873 6.42091 6.78057 7.5923 7.85793 7.97357 8.02813 8.05345 8.06983 8.08621 8.08657 8.06251 8.05496 8.03977 7.97006 6.84389 4.03845 1.9212 -9999 -9999 -9999 -9999 -9999 -9999
-9999 -9999 10.3921 10.7788 10.8785 11.0541 11.4153 11.8316 12.4225 12.4943 12.8164 12.8077 12.1361 11.3591 12.0216 12.2802 12.5489 12.5506 12.4582 10.5489 9.54843 8.76115 7.33731 7.85008 8.33759 8.37505 8.08163 6.35559 4.63649 2.65807 0.804796 0.714698 -0.283464 0.240253 0.935877 2.72831 3.98682 4.49185 4.85124 6.79092 7.28907 7.44825 7.93478 7.2411 7.05087 6.52563 6.66412 6.60602 6.59595 5.16629 6.57712 6.64914 7.56389 7.96942 8.05371 8.07019 8.08893 8.08509 8.08245 8.0702 8.07137 8.04719 8.02061 7.28471 3.7325 1.94048 -9999 -9999 -9999 -9999 -9999 -9999
-9999 -9999 -9999 -9999 10.5056 10.7997 10.9869 11.3123 12.3153 12.5818 12.7564 12.7655 12.4615 11.6926 11.4841 11.616 10.8654 11.4809 12.3266 12.3012 12.195 10.5172 9.65927 10.4891 10.2372 8.97814 7.98776 7.01044 4.9981 3.52898 1.40551 -0.18995 -0.252166 1.50403 2.9613 4.77519 5.57102 5.10564 5.59133 6.54871 7.63719 8.15676 8.01838 7.28742 7.16881 6.36591 7.12734 7.18014 6.80639 6.48201 6.59521 7.04125 7.20465 7.91855 8.08412 8.10586 8.10297 8.09792 8.08698 8.07499 8.05622 8.03935 8.0193 7.976 4.32477 1.47871 -9999 -9999 -9999 -9999 -9999 -9999
-9999 -9999 -9999 -9999 9.80046 9.97896 10.4506 11.6651 12.2984 12.5511 12.5368 12.6496 12.4331 11.7553 11.0595 10.4028 9.55889 10.0312 11.2921 12.0345 12.1164 10.6455 11.4096 11.1233 10.5597 8.91309 7.70018 7.05793 5.12633 3.47637 2.06378 0.112581 0.944828 1.86044 3.03609 5.01593 6.34841 6.89009 6.41862 7.02694 8.28099 8.27548 7.57001 7.60148 7.16142 6.06908 7.17742 7.47954 7.21165 7.26485 7.15888 7.31733 7.61668 7.90334 8.0912 8.10883 8.10338 8.08894 8.08081 8.07287 8.05015 8.04194 8.02178 7.99258 5.63169 1.41842 -9999 -9999 -9999 -9999 -9999 -9999
-9999 -9999 -9999 -9999 -9999 9.15673 10.2361 11.8493 12.246 12.2046 12.5327 12.555 12.2264 11.9397 11.0966 9.94774 7.74851 8.30074 9.461 11.1375 12.0179 11.897 11.4052 10.5516 8.48696 6.68061 6.46254 6.16823 4.75904 3.48965 1.91927 2.8283 3.82315 4.91055 5.47913 5.3246 6.46537 7.39276 6.98562 7.73422 8.60836 8.19387 7.94298 7.72991 7.22407 7.18037 7.21727 7.84096 7.38673 7.64502 7.64085 7.61366 7.75357 7.91712 8.09025 8.11119 8.10315 8.09814 8.06889 8.06805 8.0488 8.02912 8.00966 7.98299 7.75895 5.48275 4.11818 -9999 -9999 -9999 -9999 -9999
-9999 -9999 -9999 -9999 -9999 8.15298 8.6899 10.6008 11.1873 12.0282 12.4716 12.4858 11.9358 11.6261 10.3737 9.96232 7.92745 7.00356 7.77762 7.47545 9.78662 11.8325 11.3864 7.25299 5.75645 4.68965 4.96527 4.96937 4.57817 2.41332 1.81503 3.75751 4.9793 5.92437 6.63923 6.78319 6.75129 8.2066 8.39155 8.85622 8.74089 8.77226 8.01992 7.54893 7.92992 7.45495 7.36234 8.00721 7.3457 7.91965 7.83962 7.65185 7.63168 8.00781 8.0765 8.10879 8.1025 8.07939 8.05185 8.03233 8.03605 8.02086 7.98945 7.97987 7.94749 7.66388 6.48069 6.05858 6.49867 -9999 -9999 -9999
-9999 -9999 -9999 -9999 -9999 -9999 6.89903 9.55591 10.7665 11.4001 12.2935 12.3955 12.1011 11.5698 10.2942 9.17171 7.35207 5.27566 4.17501 7.45306 10.3067 11.7958 11.5993 8.15841 6.80086 6.7387 7.53956 6.86598 6.35538 4.71143 4.21833 3.53226 3.95249 5.27189 6.34543 7.3809 8.13068 8.1838 8.66497 8.93702 8.9483 9.02407 8.92405 8.83968 8.10809 8.5869 8.15523 8.36387 8.20824 8.06703 7.94561 7.52605 7.80357 8.04881 8.10515 8.11507 8.09138 8.07961 8.06052 8.02803 8.00816 7.99703 7.98455 7.96077 7.94925 7.9221 7.7784 7.06128 6.10531 4.90087 -9999 -9999
-9999 -9999 -9999 -9999 -9999 -9999 5.56441 8.20804 9.47874 11.1158 11.9565 12.2936 12.2409 11.8091 10.8381 9.38088 8.1662 5.84907 3.44417 6.88371 9.95224 11.6063 11.6931 8.80133 9.60299 8.95557 9.21768 8.03244 7.54052 7.15611 6.30394 5.37138 4.35204 3.80734 6.22616 7.46464 8.45874 8.92223 9.17913 9.30119 9.21936 9.02514 7.93603 8.74326 8.68114 8.58576 8.47867 8.4203 8.32277 8.21062 8.14134 8.109 7.82738 8.12263 8.10507 8.10046 8.09339 8.07692 8.05309 8.03092 8.00518 7.99511 7.97481 7.95351 7.93493 7.91682 7.89577 7.84439 7.6444 6.03182 5.06204 4.77663
-9999 -9999 -9999 -9999 -9999 -9999 1.83872 5.68625 8.77904 10.3901 11.701 12.0555 12.1832 11.6067 11.1738 10.1273 9.13647 7.6121 5.33255 3.92785 6.50258 10.2491 11.6336 11.5249 11.4379 10.6888 10.0139 9.92893 9.97989 9.19899 8.05578 6.55771 6.08474 5.55668 7.35684 7.59555 7.45624 9.43214 9.4267 9.30285 8.53155 7.67142 7.81984 7.28178 7.66662 7.02589 7.58954 8.07532 8.24917 8.22184 8.14579 8.12374 8.08346 8.12487 8.11468 8.09715 8.08184 8.06962 8.05338 8.02124 7.99869 7.99712 7.97008 7.94733 7.9253 7.9096 7.89314 7.85207 7.81344 7.55479 7.17232 6.45035
-9999 -9999 -9999 -9999 -9999 -9999 2.00127 5.23631 7.97907 9.62331 11.2014 11.5622 12.0897 11.967 11.514 10.6037 9.4685 8.21295 6.25655 4.80189 6.5231 9.00852 10.7889 11.4265 11.4227 11.3791 11.2091 11.1414 10.9437 10.8076 9.98464 8.56477 7.76302 6.59031 8.59673 8.81603 8.49375 9.48895 9.42868 7.89954 6.72052 6.56279 7.26512 6.57481 6.43718 6.0043 6.46808 7.73281 7.34482 7.40678 7.97638 8.06077 8.10864 8.11527 8.10184 8.08999 8.07126 8.06389 8.05636 8.02445 8.00438 7.98922 7.95678 7.94047 7.9138 7.8884 7.86738 7.83987 7.80391 7.72166 7.62793 7.69142
-9999 -9999 -9999 -9999 -9999 -9999 2.06225 4.23594 6.70346 9.12656 10.8123 11.4881 11.9781 11.9656 11.4405 10.9846 10.2707 9.16542 8.40602 7.09222 5.29154 8.30043 9.22094 10.0434 10.3907 11.249 11.2271 10.8324 10.3818 10.8039 10.6716 9.55 9.17832 8.55267 9.66588 9.66182 9.62302 9.55424 8.26183 6.46834 5.03198 6.04567 5.81918 6.28049 4.80387 5.98867 6.94152 7.24224 6.5773 6.07881 7.57552 7.81084 7.94893 8.03416 8.08717 8.06292 8.06931 8.05148 8.038 8.02385 8.00134 7.98356 7.96012 7.93599 7.91012 7.88662 7.85771 7.81948 7.80598 7.75891 7.73258 7.70256
-9999 -9999 -9999 -9999 -9999 -9999 -9999 2.94492 6.0762 8.86904 10.4209 11.3941 11.8645 11.8489 11.577 11.2654 10.8203 10.0213 9.01958 7.44046 6.26759 7.00602 7.90762 8.00722 8.60717 10.3513 10.946 10.099 8.01282 9.2386 10.6112 10.5852 10.4634 10.3271 10.1534 9.99503 9.65581 8.7594 6.03037 5.48442 4.40661 4.51631 3.9571 5.14327 4.67815 5.89339 6.41301 6.60165 5.45437 5.68555 7.00478 7.52226 7.42451 7.73897 8.04175 8.04276 8.04262 8.02563 8.02321 8.0164 8.00173 7.97472 7.95406 7.9358 7.89703 7.88562 7.77294 7.69567 7.551 7.70453 7.70915 7.70229
-9999 -9999 -9999 -9999 -9999 -9999 -9999 2.31752 5.44033 8.73045 9.78235 10.8322 11.7372 11.7481 11.3365 10.945 10.5422 10.0848 8.8709 7.69412 6.57092 6.19152 6.41356 6.39223 7.36356 9.63569 10.0737 9.88342 7.69867 6.95627 8.79045 10.3309 10.4477 10.3021 8.47805 8.85832 7.86993 6.53141 6.15613 5.56408 4.32339 4.90453 3.99205 4.36673 4.24879 4.93366 5.26145 6.07872 5.07761 5.07347 6.36842 7.0187 7.02529 7.70915 7.94713 8.00289 8.01027 8.01303 8.00698 8.0087 7.99291 7.97307 7.94968 7.90643 7.81717 7.56059 6.23183 6.22256 6.57273 6.90367 7.50829 7.67471
-9999 -9999 -9999 -9999 -9999 -9999 -9999 2.67301 4.8381 7.75669 9.91678 10.0463 11.093 11.63 11.1831 10.681 10.1677 9.94019 8.61946 7.16965 5.99772 4.6118 4.83561 5.82425 7.44275 8.90896 9.16865 8.86188 7.6894 8.23799 9.48706 10.1478 10.3388 10.1784 9.77608 9.54022 8.81031 8.4889 7.47687 5.89899 5.27113 5.65173 3.97589 4.08103 4.68532 4.01669 5.08318 5.58764 4.29845 5.30151 6.44904 7.03089 7.5387 7.77419 7.86259 8.00328 7.99824 8.00186 7.99967 7.98831 7.97888 7.94502 7.91512 7.76541 7.54916 6.31248 5.78537 5.8751 6.43154 6.91761 7.42213 7.62519
-9999 -9999 -9999 -9999 -9999 -9999 -9999 3.03673 4.98532 7.51501 9.05322 9.32299 10.4844 11.5165 11.3939 10.8718 10.7086 10.1682 9.04719 7.80985 6.45825 5.79903 4.28963 5.76765 6.93532 8.17596 8.75448 7.79075 7.30356 8.15377 8.9987 9.33288 10.1855 10.1713 9.88489 8.67168 8.07584 8.3161 8.05457 7.60271 6.51337 6.45503 5.75101 5.45296 5.17069 4.27486 4.82561 4.87061 5.00863 6.2182 6.81039 7.1998 7.55339 7.63922 7.78791 7.98381 7.99278 7.99106 7.98101 7.9756 7.95113 7.88324 7.82434 7.53352 7.02614 6.08794 4.56783 5.61797 6.7166 7.03887 7.34516 7.50325
-9999 -9999 -9999 -9999 -9999 -9999 -9999 2.69744 4.76765 6.92864 7.82829 7.97554 10.083 11.3708 11.3665 11.1157 10.8239 9.49762 9.56947 9.30001 8.08004 6.30562 4.35756 4.53553 5.68871 7.32718 7.86685 6.27427 5.70774 6.11585 7.39551 8.54013 9.73517 10.0338 9.67461 7.78996 5.78712 6.70417 7.68413 7.66947 7.36979 6.35869 6.03051 5.73221 4.99108 3.73846 3.91017 4.24305 5.61422 6.04079 6.706 7.25698 7.03544 7.14953 7.67693 7.97568 7.9781 7.97443 7.97538 7.95906 7.93131 7.80569 7.67308 7.4569 6.15042 5.33422 4.14866 5.49984 6.24584 6.63353 7.34403 7.50657
-9999 -9999 -9999 -9999 -9999 -9999 -9999 2.04843 3.54885 5.61394 6.44224 7.76736 9.75848 10.7345 11.199 11.1822 10.9856 10.3883 10.0271 9.32097 8.05184 6.31865 4.39284 3.1376 3.76876 5.97404 6.48854 5.02293 4.27217 5.19513 6.55883 8.58053 9.73274 9.88251 9.77069 9.37611 7.91169 6.1436 6.14094 7.01455 6.26663 5.39853 5.86059 5.76294 5.03122 4.496 4.16137 4.34693 5.12681 5.44192 6.21201 7.35386 7.50888 7.46642 7.94192 7.9568 7.95885 7.96793 7.95815 7.94446 7.92062 7.81658 7.595 6.72243 5.96023 4.90353 4.76435 5.96332 6.48696 6.96516 7.30928 7.41549
-9999 -9999 -9999 -9999 -9999 -9999 -9999 0.935468 2.70172 4.63568 6.44607 8.1585 9.63139 9.73909 10.5129 10.5054 10.9079 10.7846 10.2306 9.63482 8.54038 6.31514 4.44331 2.40254 2.9343 5.18348 5.47386 4.48613 2.66584 4.53372 6.594 8.46044 9.46764 8.66596 9.47327 9.39879 8.84511 7.78922 6.1517 6.17355 4.94355 4.88083 5.49788 5.69125 5.5765 5.1722 4.52791 4.62288 5.09282 5.20385 5.91063 6.79405 7.65772 7.79467 7.95168 7.94937 7.94277 7.94717 7.93975 7.91241 7.85857 7.75034 7.01761 6.14788 5.6085 4.8696 4.77166 6.16154 6.70861 7.0033 7.29963 7.41141
-9999 -9999 -9999 -9999 -9999 -9999 -9999 -9999 2.51358 4.51161 5.98831 6.38099 7.68935 8.39275 8.93559 9.0508 10.6124 10.6925 10.3389 9.791 8.85653 7.16645 5.98735 4.0294 2.62066 3.18684 3.45519 3.96512 3.80705 4.63656 6.61588 8.67804 8.89687 7.57555 7.76276 8.03002 8.63826 8.3173 6.08918 4.95257 4.00728 4.6626 5.3522 5.51135 5.5349 5.38946 5.21518 4.9395 5.86401 6.54534 6.69509 7.28816 7.7235 7.83654 7.91947 7.92137 7.92367 7.91466 7.87965 7.85185 7.73108 7.47155 6.65324 4.69783 4.77965 4.55999 3.94533 5.30612 6.14755 6.91195 7.31415 7.4117
-9999 -9999 -9999 -9999 -9999 -9999 -9999 -9999 1.83959 4.15228 4.63532 4.59201 3.81712 4.16381 7.00412 7.57068 9.06791 10.4854 10.3745 9.83669 8.96183 7.9528 6.39392 4.19235 2.44199 1.70277 3.573 5.4098 5.78438 6.36677 7.57697 7.80141 6.45128 5.18449 5.88408 6.30219 7.91702 8.20478 7.88059 6.53427 4.99593 4.18812 5.12028 5.23595 5.28199 5.28247 5.23858 5.18716 6.23217 6.80472 7.19865 7.40835 7.78051 7.86824 7.8897 7.90957 7.8933 7.86442 7.79502 7.71747 7.40613 7.03111 5.69667 4.58265 3.88461 3.00087 4.96361 5.54065 6.33447 6.84496 7.24515 7.32634
