Test_Spring_2018/04_18/Temp/20180410_001.txt
ncols	170
nrows	115
xllcorner	350000.000000
yllcorner	4445000.000000
cellsize	1000.000000
nodata_value	-9999.000000
[rows 32 to 63 of 115, columns 72 to 143 of 170]
12.651 12.3615 12.8034 13.2101 12.9681 12.8103 13.4797 13.4792 13.2495 12.7105 12.5124 12.3071 12.1811 11.4899 9.55145 7.80411 8.74038 8.76295 8.1163 9.27828 8.66659 7.06887 4.81302 6.04337 5.72712 4.14155 3.75398 -9999 -9999 -9999 -9999 -9999 -9999 -9999 -9999 -9999 -9999 -9999 -9999 -9999 -9999 -9999 -9999 -9999 -9999 -9999 -9999 -9999 -9999 -9999 -9999 -9999 -9999 -9999 -9999 -9999 -9999 -9999 -9999 -9999 -9999 -9999 -9999 -9999 -9999 -9999 -9999 -9999 -9999 -9999 -9999 -9999
12.2534 12.1278 12.7855 12.7698 12.7379 12.9816 13.3964 13.4791 13.3892 13.1538 12.95 12.7332 12.184 11.3934 9.73438 7.74557 7.29468 8.26848 8.316 8.47364 7.91637 7.2164 6.12061 7.02276 7.37513 6.32922 4.96797 4.09176 -9999 -9999 -9999 -9999 -9999 -9999 -9999 -9999 -9999 -9999 -9999 -9999 -9999 -9999 -9999 -9999 -9999 -9999 -9999 -9999 -9999 -9999 -9999 -9999 -9999 -9999 -9999 -9999 -9999 -9999 -9999 -9999 -9999 -9999 -9999 -9999 -9999 -9999 -9999 -9999 -9999 -9999 -9999 -9999
11.7813 11.1393 11.535 11.8317 12.4019 12.5416 12.624 13.4105 13.3683 13.3313 12.9947 12.7254 12.2796 11.5187 10.4356 9.13186 6.86207 8.26235 9.35931 9.33257 9.27427 8.78459 7.73202 8.6176 8.66215 7.32893 5.81725 4.91995 4.55028 -9999 -9999 -9999 -9999 -9999 -9999 -9999 -9999 -9999 -9999 -9999 -9999 -9999 -9999 -9999 -9999 -9999 -9999 -9999 -9999 -9999 -9999 -9999 -9999 -9999 -9999 -9999 -9999 -9999 -9999 -9999 -9999 -9999 -9999 -9999 -9999 -9999 -9999 -9999 -9999 -9999 -9999 -9999
11.2463 10.4627 10.8609 11.3929 12.1541 12.551 12.8458 13.0806 13.3201 13.2911 12.9465 11.93 11.7843 11.7399 11.0314 9.545 8.06088 7.67696 9.34998 9.82998 9.73433 10.11 9.21887 9.64424 9.4743 9.00683 7.54653 6.21683 5.66441 4.56973 -9999 -9999 -9999 -9999 -9999 -9999 -9999 -9999 -9999 -9999 -9999 -9999 -9999 -9999 -9999 -9999 -9999 -9999 -9999 -9999 -9999 -9999 -9999 -9999 -9999 -9999 -9999 -9999 -9999 -9999 -9999 -9999 -9999 -9999 -9999 -9999 -9999 -9999 -9999 -9999 -9999 -9999
-9999 -9999 9.95544 10.6897 11.2874 12.0338 12.6669 12.985 13.2939 13.2682 12.5799 12.2429 12.2127 11.748 10.93 10.4168 9.48242 8.50933 8.88238 10.3098 9.6776 10.6903 10.6077 10.7965 10.1247 8.85905 7.15667 6.17183 5.6781 4.79164 -9999 -9999 -9999 -9999 -9999 -9999 -9999 -9999 -9999 -9999 -9999 -9999 -9999 -9999 -9999 -9999 -9999 -9999 -9999 -9999 -9999 -9999 -9999 -9999 -9999 -9999 -9999 -9999 -9999 -9999 -9999 -9999 -9999 -9999 -9999 -9999 -9999 -9999 -9999 -9999 -9999 -9999
-9999 -9999 -9999 10.5429 10.9975 11.9815 12.4982 12.7045 13.2029 13.2032 12.9418 12.7442 12.4579 12.0844 11.4693 10.7911 9.91232 9.83164 10.7449 10.758 10.5697 10.7222 11.194 11.0741 10.038 8.24355 7.29443 5.37207 4.54559 4.63344 4.04766 -9999 -9999 -9999 -9999 -9999 -9999 -9999 -9999 -9999 -9999 -9999 -9999 6.29249 -9999 -9999 -9999 -9999 -9999 -9999 -9999 -9999 -9999 -9999 -9999 -9999 -9999 -9999 -9999 -9999 -9999 -9999 -9999 -9999 2.71046 -9999 -9999 -9999 -9999 -9999 -9999 -9999
-9999 -9999 10.4327 11.0512 11.5296 12.1463 12.2158 12.5807 13.1539 13.1612 12.9753 12.7653 12.2948 12.1774 11.8269 11.0904 10.9399 11.239 11.3777 11.5355 11.634 11.5594 11.3733 11.132 10.4719 9.64001 9.08324 7.32001 6.43757 5.58448 4.29107 3.27924 -9999 -9999 -9999 -9999 -9999 -9999 -9999 5.61252 5.56274 5.584 5.86644 6.64937 6.18627 -9999 -9999 -9999 -9999 -9999 -9999 -9999 -9999 -9999 -9999 -9999 -9999 -9999 -9999 -9999 -9999 -9999 -9999 -9999 3.40935 2.38556 -9999 -9999 -9999 -9999 -9999 -9999
-9999 -9999 10.5893 11.2364 11.5594 12.1586 12.5011 12.7331 12.9311 13.1201 13.0867 12.8541 12.5011 12.5019 12.0166 11.7549 11.5685 11.9727 12.054 11.8943 11.6943 11.5184 11.0148 10.9608 10.8095 10.284 9.41771 8.52464 7.24228 5.48652 3.76411 2.37473 -9999 -9999 -9999 -9999 -9999 -9999 5.75045 6.40084 6.78967 5.95738 6.66491 7.31141 7.2059 6.58133 -9999 -9999 -9999 -9999 -9999 -9999 -9999 -9999 -9999 -9999 -9999 -9999 -9999 -9999 8.25092 7.20144 5.08453 3.99792 3.34475 2.41353 -9999 -9999 -9999 -9999 -9999 -9999
-9999 -9999 10.4466 11.2112 11.7291 12.1886 12.2618 12.7304 12.944 13.0447 13.0308 12.9831 12.9164 12.4919 12.3087 11.669 12.2801 12.2576 12.1046 11.4947 11.2327 10.1856 9.7279 9.63822 10.5287 9.88172 8.52368 6.82413 4.78878 4.66068 3.98627 2.74511 -9999 -9999 -9999 -9999 -9999 -9999 5.94303 6.63856 7.21864 7.30136 6.47387 7.62409 7.58366 6.93693 6.78861 7.31515 7.58113 7.38884 8.01611 8.19824 7.91082 8.22051 -9999 -9999 -9999 -9999 8.39218 8.43147 8.46032 8.02118 5.70877 4.12841 2.70892 2.57279 -9999 -9999 -9999 -9999 -9999 -9999
-9999 -9999 10.9612 11.4326 11.6713 11.7102 12.1224 12.5318 12.7927 12.9768 12.9374 12.9199 12.9014 12.7545 12.4168 12.476 12.4484 12.253 11.0889 9.73092 10.3276 9.52475 7.80336 9.22085 9.99997 9.26691 7.62083 5.71064 5.09768 5.12971 4.19085 2.98231 -9999 -9999 -9999 4.03287 5.03045 5.11602 5.40869 6.33672 7.04207 7.57216 7.93301 7.92469 7.54005 6.9074 6.21999 6.46237 7.6935 7.99235 8.25067 8.4396 8.17266 8.30836 8.63539 8.80307 8.83487 8.75446 8.73379 8.7577 8.71524 8.30523 6.23637 5.05095 4.29348 2.774 -9999 -9999 -9999 -9999 -9999 -9999
-9999 -9999 10.6558 11.0662 11.3984 11.946 12.0041 12.3516 12.5554 12.8677 12.8997 12.5375 12.8315 12.7904 12.7326 12.6132 12.4399 11.4564 10.1018 8.74502 8.12139 8.39533 7.3616 7.9083 8.69815 8.42302 7.421 5.72048 5.48663 5.10249 3.5211 1.99764 -9999 -9999 2.08868 4.004 5.35184 6.04601 6.25953 6.27793 7.16687 7.23438 8.19161 7.96928 6.69846 6.83916 6.3427 6.66077 7.11193 7.23428 7.8899 8.51211 8.62779 8.62803 8.83536 8.87589 8.88429 8.87602 8.73081 8.79289 8.79976 8.54292 7.04306 6.31001 5.50146 2.7849 -9999 -9999 -9999 -9999 -9999 -9999
-9999 -9999 10.8527 11.3116 11.8135 11.8951 12.2658 12.2237 12.1155 12.631 12.8233 12.5663 12.3801 12.7134 12.6872 12.6406 12.5661 11.6418 10.5734 8.95654 7.95439 7.34546 6.91536 6.34933 6.7595 6.64528 6.48908 6.68659 6.22791 5.30414 4.38073 2.64665 1.70926 -9999 2.18445 3.04842 4.65138 6.01282 6.87591 6.56203 7.57286 7.75809 8.34406 7.9985 7.22614 6.89351 6.86221 6.75931 7.44041 7.89767 8.22665 8.44077 8.70724 8.77337 8.83976 8.86594 8.87892 8.89198 8.88556 8.87713 8.84369 8.74513 8.05372 7.32104 5.74358 2.86491 -9999 -9999 -9999 -9999 -9999 -9999
-9999 9.49823 10.7872 11.5562 11.8544 12.0693 12.258 12.3937 12.5342 12.6636 12.7536 12.7148 12.039 12.09 12.2075 12.5864 12.558 12.4747 11.8915 9.92358 9.24751 8.26291 6.98175 6.45645 6.73526 7.80169 7.76398 7.07322 6.30175 5.23659 4.55951 3.49809 1.45484 1.64024 2.56191 3.24677 4.3355 5.9998 7.16532 7.68357 7.8773 8.28784 8.49876 8.02623 7.5765 7.38624 7.03562 6.98487 6.9861 7.39721 7.7233 8.43707 8.67551 8.78239 8.83615 8.86387 8.88323 8.90211 8.90672 8.88994 8.88751 8.87866 8.8241 7.85099 5.41651 3.58665 -9999 -9999 -9999 -9999 -9999 -9999
-9999 -9999 10.538 10.8776 10.9674 11.1226 11.4387 11.8023 12.3159 12.3799 12.6613 12.6549 12.0747 11.4019 11.9807 12.2094 12.4478 12.4552 12.3817 10.7314 9.87086 9.19613 7.96865 8.42868 8.8626 8.90521 8.65991 7.16923 5.68399 3.9742 2.37078 2.29869 1.43779 1.89737 2.50625 4.068 5.16583 5.60915 5.9263 7.61712 8.05638 8.20502 8.63602 8.04209 7.89054 7.44422 7.57478 7.53451 7.53585 6.30343 7.54296 7.61385 8.41639 8.77604 8.85509 8.87502 8.89629 8.89743 8.89926 8.89259 8.89762 8.88176 8.86173 8.22731 5.14641 3.59906 -9999 -9999 -9999 -9999 -9999 -9999
-9999 -9999 -9999 -9999 10.6375 10.8957 11.0605 11.3449 12.2164 12.4494 12.6026 12.6121 12.3499 11.6845 11.5063 11.6248 10.9775 11.5191 12.2607 12.2468 12.1636 10.7152 9.98368 10.7155 10.5072 9.42353 8.57286 7.73299 5.99312 4.72592 2.88777 1.50763 1.45905 2.98993 4.26082 5.84105 6.5367 6.13668 6.56348 7.40264 8.35534 8.81454 8.70278 8.07675 7.9876 7.30037 7.97255 8.02897 7.71459 7.44282 7.55481 7.9508 8.10048 8.72777 8.87783 8.9021 8.90443 8.90438 8.89887 8.89231 8.87961 8.86898 8.85601 8.82344 5.65655 3.19328 -9999 -9999 -9999 -9999 -9999 -9999
-9999 -9999 -9999 -9999 10.0191 10.1768 10.5887 11.6456 12.1958 12.4168 12.4058 12.5053 12.319 11.7324 11.131 10.5642 9.83588 10.2524 11.3553 12.0086 12.089 10.8206 11.4986 11.2607 10.7818 9.36149 8.31762 7.76904 6.09943 4.67513 3.45471 1.76546 2.49406 3.29446 4.32035 6.04482 7.20667 7.68194 7.27754 7.81223 8.90891 8.91199 8.30765 8.34434 7.97601 7.03753 8.01139 8.28465 8.06242 8.11889 8.04041 8.18652 8.4543 8.71027 8.8796 8.90027 8.90022 8.8919 8.88875 8.88552 8.86955 8.86644 8.8534 8.83312 6.7875 3.13621 -9999 -9999 -9999 -9999 -9999 -9999
-9999 -9999 -9999 -9999 -9999 9.45683 10.3968 11.8002 12.1448 12.1102 12.3967 12.4177 12.134 11.8872 11.1577 10.1633 8.2573 8.74328 9.75873 11.2238 11.9979 11.9026 11.4893 10.7586 8.97538 7.41634 7.23695 6.99074 5.7751 4.6815 3.32399 4.12006 4.98995 5.9396 6.43796 6.30772 7.303 8.11332 7.76481 8.42144 9.18809 8.8359 8.62668 8.451 8.02562 7.99845 8.0414 8.59416 8.21007 8.44475 8.45469 8.43942 8.56858 8.71748 8.8739 8.89736 8.895 8.89482 8.87328 8.87629 8.86336 8.85034 8.83797 8.81995 8.63117 6.66306 5.48526 -9999 -9999 -9999 -9999 -9999
-9999 -9999 -9999 -9999 -9999 8.57939 9.04806 10.7103 11.2199 11.9521 12.3388 12.3527 11.8768 11.6106 10.5251 10.1715 8.40824 7.61172 8.29153 8.03717 10.0545 11.8419 11.4682 7.88742 6.59778 5.68127 5.9308 5.94382 5.61268 3.74098 3.22812 4.9222 5.98929 6.81529 7.4408 7.57027 7.54653 8.8156 8.98171 9.3917 9.29862 9.33392 8.68902 8.28926 8.63451 8.23257 8.16295 8.73405 8.16976 8.67862 8.62258 8.46765 8.45759 8.79108 8.85666 8.88991 8.88901 8.87315 8.85315 8.83998 8.84712 8.83811 8.81545 8.81235 8.79015 8.5535 7.53327 7.17505 7.56665 -9999 -9999 -9999
-9999 -9999 -9999 -9999 -9999 -9999 7.48697 9.79746 10.8495 11.4017 12.1797 12.27 12.0169 11.5577 10.4524 9.48099 7.90475 6.10637 5.15759 8.01405 10.5025 11.8059 11.6491 8.66976 7.50067 7.45691 8.16265 7.58666 7.15166 5.73254 5.31105 4.7211 5.09172 6.24324 7.18148 8.08508 8.74071 8.79149 9.21492 9.4579 9.47489 9.54877 9.47066 9.4068 8.78525 9.21194 8.84753 9.03939 8.91447 8.8017 8.70963 8.35311 8.60156 8.8212 8.87597 8.88956 8.87367 8.86773 8.85519 8.83094 8.81765 8.8123 8.80621 8.79086 8.78682 8.77304 8.65594 8.04122 7.21955 6.18246 -9999 -9999
-9999 -9999 -9999 -9999 -9999 -9999 6.32257 8.62171 9.72611 11.1504 11.8814 12.1789 12.1352 11.7626 10.9222 9.65999 8.60945 6.60186 4.51889 7.51449 10.1913 11.6377 11.7227 9.2244 9.93118 9.37856 9.6159 8.59508 8.17614 7.85142 7.11788 6.31375 5.43384 4.96762 7.07349 8.15371 9.02184 9.42938 9.65808 9.7704 9.70761 9.54632 8.60867 9.31939 9.27949 9.20699 9.12434 9.08391 9.00918 8.92135 8.87454 8.85427 8.61669 8.88048 8.86973 8.87096 8.86957 8.85967 8.84316 8.82805 8.80997 8.8062 8.7928 8.77966 8.76947 8.76358 8.75289 8.71641 8.55134 7.15926 6.32607 6.09137
-9999 -9999 -9999 -9999 -9999 -9999 3.08067 6.42612 9.11191 10.5141 11.6588 11.969 12.0824 11.5843 11.2116 10.3064 9.45039 8.13161 6.15744 4.94419 7.18868 10.4527 11.6676 11.5873 11.5215 10.8801 10.303 10.2379 10.2905 9.62121 8.6351 7.33957 6.93765 6.48339 8.05195 8.26372 8.14723 9.86917 9.87007 9.76879 9.10569 8.36803 8.50585 8.04622 8.39457 7.84786 8.34768 8.77971 8.94043 8.92597 8.87324 8.86291 8.83473 8.87521 8.87212 8.86215 8.85368 8.8476 8.83786 8.81427 8.79914 8.80249 8.78469 8.77055 8.75619 8.75241 8.74547 8.71764 8.6924 8.47637 8.15305 7.53871
-9999 -9999 -9999 -9999 -9999 -9999 3.21535 6.02689 8.41275 9.84807 11.2217 11.5377 11.9988 11.8952 11.5053 10.7186 9.73714 8.65188 6.95835 5.70146 7.20476 9.37186 10.9275 11.4957 11.5044 11.4757 11.3369 11.2866 11.123 11.0141 10.3059 9.08313 8.3917 7.37754 9.12561 9.32082 9.04562 9.91562 9.86904 8.54675 7.52935 7.40005 8.02129 7.43062 7.32526 6.95668 7.36932 8.47781 8.15095 8.21381 8.72235 8.80299 8.84907 8.86106 8.85511 8.85009 8.83874 8.83701 8.835 8.8118 8.79899 8.79065 8.76759 8.75979 8.74267 8.73075 8.71784 8.70144 8.67809 8.61486 8.54682 8.61465
-9999 -9999 -9999 -9999 -9999 -9999 3.26238 5.15351 7.3004 9.41327 10.8808 11.4708 11.8996 11.8921 11.4397 11.0479 10.4326 9.47783 8.82426 7.68954 6.13228 8.75462 9.56203 10.2907 10.6009 11.3557 11.3456 11.0112 10.6318 11.0059 10.9037 9.93502 9.6175 9.07896 10.0512 10.0526 10.024 9.96975 8.85267 7.30074 6.05972 6.94818 6.75954 7.17231 5.90324 6.94295 7.78068 8.05155 7.47956 7.05506 8.36926 8.57821 8.7048 8.78498 8.83671 8.82095 8.8315 8.82081 8.81377 8.80616 8.79135 8.78082 8.76561 8.7501 8.73453 8.72421 8.70605 8.68547 8.6814 8.64553 8.63046 8.61675
-9999 -9999 -9999 -9999 -9999 -9999 -9999 4.02578 6.75512 9.1849 10.5364 11.3852 11.7973 11.7874 11.5553 11.289 10.9073 10.2186 9.35433 7.98886 6.97687 7.62608 8.41677 8.51749 9.04756 10.5718 11.0971 10.3693 8.56664 9.64656 10.846 10.8295 10.7295 10.6165 10.4716 10.3393 10.0499 9.27667 6.91142 6.44304 5.51361 5.61654 5.13871 6.18187 5.79188 6.85722 7.31806 7.49111 6.50303 6.71911 7.86961 8.32606 8.24743 8.52654 8.79192 8.79813 8.80307 8.79319 8.79589 8.79475 8.78684 8.77199 8.75946 8.74924 8.72294 8.72323 8.63209 8.57193 8.45337 8.59404 8.60541 8.60602
-9999 -9999 -9999 -9999 -9999 -9999 -9999 3.48251 6.19928 9.0614 9.97873 10.8944 11.6844 11.6978 11.3444 11.0088 10.6638 10.272 9.22322 8.20717 7.23812 6.91572 7.11623 7.11111 7.96349 9.94616 10.335 10.1776 8.29742 7.65952 9.26002 10.6049 10.7123 10.5915 9.01214 9.34813 8.49499 7.33784 7.01801 6.51022 5.43923 5.95171 5.16673 5.50053 5.41647 6.02054 6.31428 7.03317 6.17176 6.18345 7.31228 7.88396 7.8959 8.49595 8.70826 8.76196 8.77343 8.78079 8.78047 8.78691 8.77822 8.76611 8.75106 8.71893 8.64699 8.43157 7.28741 7.28583 7.59671 7.891 8.42876 8.57351
-9999 -9999 -9999 -9999 -9999 -9999 -9999 3.78787 5.67263 8.21215 10.0926 10.2089 11.1221 11.5929 11.2089 10.7774 10.3365 10.1443 9.00264 7.7492 6.73759 5.54036 5.74213 6.60868 8.02889 9.31096 9.54456 9.28575 8.28577 8.76963 9.86177 10.4424 10.6145 10.4811 10.1373 9.93815 9.30982 9.03665 8.16365 6.79928 6.26077 6.59888 5.15041 5.24978 5.78308 5.22117 6.15642 6.60318 5.49115 6.37431 7.3783 7.89038 8.33776 8.54819 8.63051 8.75805 8.75878 8.76692 8.76996 8.76501 8.76178 8.73738 8.71649 8.5916 8.40901 7.33986 6.8938 6.97773 7.46731 7.89583 8.33961 8.52176
-9999 -9999 -9999 -9999 -9999 -9999 -9999 4.10034 5.79714 7.99892 9.33924 9.5775 10.5907 11.4918 11.3898 10.9409 10.8043 10.3402 9.37196 8.30302 7.13512 6.56913 5.26465 6.55621 7.58456 8.6704 9.18083 8.36295 7.9471 8.69305 9.43411 9.73107 10.4783 10.472 10.2293 9.1811 8.66946 8.88448 8.6637 8.27779 7.33824 7.29484 6.69066 6.43947 6.20218 5.44306 5.92987 5.9771 6.10164 7.16732 7.6886 8.03336 8.34669 8.42704 8.56176 8.73728 8.75019 8.75369 8.74987 8.75003 8.73362 8.67947 8.63316 8.38537 7.94945 7.13925 5.83011 6.74804 7.70818 7.98781 8.26445 8.40691
-9999 -9999 -9999 -9999 -9999 -9999 -9999 3.80186 5.60448 7.48603 8.27165 8.40361 10.239 11.3624 11.3633 11.1502 10.9019 9.75489 9.82313 9.59512 8.54147 7.00631 5.3205 5.48224 6.49756 7.92928 8.40582 7.042 6.5572 6.91905 8.03795 9.03926 10.0842 10.35 10.0441 8.41272 6.67866 7.48187 8.33991 8.33391 8.08046 7.20909 6.93135 6.67977 6.04357 4.96844 5.13184 5.42902 6.63242 7.00994 7.59457 8.07966 7.8932 7.9981 8.46189 8.72678 8.73399 8.73576 8.74143 8.73199 8.71256 8.60803 8.49741 8.31414 7.18347 6.47884 5.45791 6.63906 7.29222 7.63324 8.25505 8.40078
-9999 -9999 -9999 -9999 -9999 -9999 -9999 3.23414 4.54175 6.34008 7.06382 8.21939 9.95382 10.8064 11.2147 11.205 11.0394 10.5259 10.2177 9.61027 8.51383 7.01441 5.34783 4.26413 4.8197 6.74994 7.21422 5.95152 5.30667 6.11597 7.30802 9.07159 10.0795 10.2161 10.1254 9.78886 8.52275 6.99285 6.9971 7.76293 7.11994 6.37273 6.78154 6.70418 6.07601 5.6187 5.3477 5.5131 6.20605 6.48664 7.16234 8.16084 8.30158 8.27046 8.68916 8.70738 8.71424 8.72703 8.72326 8.71597 8.69972 8.61368 8.42542 7.67142 7.01327 6.09918 5.98236 7.03541 7.48863 7.9135 8.21633 8.31249
-9999 -9999 -9999 -9999 -9999 -9999 -9999 2.26314 3.80179 5.48625 7.06344 8.55563 9.83984 9.93796 10.6151 10.6136 10.9685 10.8669 10.3912 9.87959 8.9349 7.00789 5.3882 3.6219 4.09109 6.05871 6.33246 5.48195 3.90786 5.53834 7.33581 8.96463 9.84664 9.15671 9.86476 9.80652 9.33187 8.42086 7.00454 7.03022 5.96828 5.92081 6.4642 6.63961 6.54746 6.20383 5.65696 5.75023 6.17387 6.2771 6.89781 7.67177 8.42832 8.55315 8.69512 8.69841 8.69772 8.70636 8.70451 8.68515 8.64258 8.5526 7.91981 7.16786 6.70285 6.0644 5.98285 7.19903 7.67405 7.93865 8.1993 8.29966
-9999 -9999 -9999 -9999 -9999 -9999 -9999 -9999 3.63424 5.37441 6.66168 7.00714 8.14842 8.7642 9.24068 9.34578 10.708 10.783 10.4815 10.0115 9.20586 7.74389 6.72616 5.03188 3.815 4.32946 4.57512 5.0261 4.89652 5.62489 7.35217 9.15123 9.34836 8.20704 8.37637 8.61516 9.15019 8.8778 6.94827 5.96728 5.15267 5.72905 6.3354 6.48101 6.50899 6.39027 6.24834 6.03122 6.8415 7.44035 7.57711 8.09886 8.48332 8.58743 8.66511 8.67206 8.67907 8.67597 8.64998 8.63 8.52898 8.30717 7.59961 5.9038 5.97806 5.79022 5.25907 6.43869 7.18459 7.85122 8.20318 8.29052
-9999 -9999 -9999 -9999 -9999 -9999 -9999 -9999 3.04429 5.05786 5.48172 5.44833 4.77942 5.08525 7.55806 8.05538 9.36162 10.5988 10.5083 10.0471 9.29325 8.42314 7.07552 5.16968 3.6561 3.03433 4.67236 6.27828 6.61173 7.12558 8.18474 8.38713 7.22111 6.12728 6.74194 7.11186 8.52154 8.77807 8.50286 7.33959 6.00958 5.31452 6.13159 6.23939 6.2869 6.29503 6.26139 6.23641 7.15906 7.66352 8.0126 8.2014 8.5311 8.61335 8.63769 8.66031 8.65115 8.63068 8.57464 8.51118 8.24424 7.92167 6.76516 5.79995 5.196 4.4305 6.13828 6.63616 7.33774 7.78491 8.13441 8.20683
