Test_Spring_2018/04_18/Temp/20180420_012.txt
ncols	170
nrows	115
xllcorner	350000.000000
yllcorner	4445000.000000
cellsize	1000.000000
nodata_value	-9999.000000
[rows 32 to 63 of 115, columns 72 to 143 of 170]
21.7693 21.6495 21.8458 22.0267 21.9025 21.8193 22.1068 22.1102 22.0147 21.7858 21.7049 21.6212 21.5721 21.2786 20.4452 19.6944 20.105 20.1197 19.8443 20.3512 20.0898 19.4009 18.4266 18.9608 18.825 18.1106 17.9318 -9999 -9999 -9999 -9999 -9999 -9999 -9999 -9999 -9999 -9999 -9999 -9999 -9999 -9999 -9999 -9999 -9999 -9999 -9999 -9999 -9999 -9999 -9999 -9999 -9999 -9999 -9999 -9999 -9999 -9999 -9999 -9999 -9999 -9999 -9999 -9999 -9999 -9999 -9999 -9999 -9999 -9999 -9999 -9999 -9999
21.5969 21.5482 21.8382 21.8364 21.8086 21.8935 22.0708 22.1103 22.0754 21.9779 21.8944 21.8056 21.5732 21.2364 20.5238 19.6684 19.4785 19.905 19.9301 20.0024 19.7647 19.4646 18.9927 19.3851 19.5391 19.073 18.458 18.0607 -9999 -9999 -9999 -9999 -9999 -9999 -9999 -9999 -9999 -9999 -9999 -9999 -9999 -9999 -9999 -9999 -9999 -9999 -9999 -9999 -9999 -9999 -9999 -9999 -9999 -9999 -9999 -9999 -9999 -9999 -9999 -9999 -9999 -9999 -9999 -9999 -9999 -9999 -9999 -9999 -9999 -9999 -9999 -9999
21.3927 21.1206 21.2972 21.4307 21.6458 21.6976 21.7367 22.0808 22.0665 22.0548 21.9137 21.8021 21.6144 21.2904 20.827 20.2681 19.2909 19.902 20.3814 20.374 20.3525 20.1436 19.6906 20.076 20.0969 19.4946 18.8066 18.4202 18.2625 -9999 -9999 -9999 -9999 -9999 -9999 -9999 -9999 -9999 -9999 -9999 -9999 -9999 -9999 -9999 -9999 -9999 -9999 -9999 -9999 -9999 -9999 -9999 -9999 -9999 -9999 -9999 -9999 -9999 -9999 -9999 -9999 -9999 -9999 -9999 -9999 -9999 -9999 -9999 -9999 -9999 -9999 -9999
21.1617 20.8283 21.006 21.2413 21.555 21.7094 21.8331 21.9383 22.0458 22.0374 21.8928 21.4577 21.3998 21.386 21.0848 20.4469 19.8098 19.6487 20.3776 20.5897 20.552 20.7178 20.3348 20.521 20.4491 20.2343 19.5731 18.9825 18.7456 18.2744 -9999 -9999 -9999 -9999 -9999 -9999 -9999 -9999 -9999 -9999 -9999 -9999 -9999 -9999 -9999 -9999 -9999 -9999 -9999 -9999 -9999 -9999 -9999 -9999 -9999 -9999 -9999 -9999 -9999 -9999 -9999 -9999 -9999 -9999 -9999 -9999 -9999 -9999 -9999 -9999 -9999 -9999
-9999 -9999 20.615 20.918 21.176 21.4865 21.7563 21.8973 22.0346 22.0276 21.7341 21.593 21.5852 21.3895 21.041 20.8244 20.4255 20.0096 20.1759 20.7982 20.5284 20.9699 20.9367 21.0205 20.7312 20.1532 19.4057 18.9639 18.7522 18.3709 -9999 -9999 -9999 -9999 -9999 -9999 -9999 -9999 -9999 -9999 -9999 -9999 -9999 -9999 -9999 -9999 -9999 -9999 -9999 -9999 -9999 -9999 -9999 -9999 -9999 -9999 -9999 -9999 -9999 -9999 -9999 -9999 -9999 -9999 -9999 -9999 -9999 -9999 -9999 -9999 -9999 -9999
-9999 -9999 -9999 20.8555 21.0513 21.4801 21.684 21.7763 21.9955 21.9995 21.8907 21.8099 21.6912 21.5351 21.2747 20.987 20.6123 20.5829 20.9833 20.9934 20.9158 20.985 21.1917 21.1416 20.681 19.8879 19.4776 18.6185 18.2624 18.3025 18.0517 -9999 -9999 -9999 -9999 -9999 -9999 -9999 -9999 -9999 -9999 -9999 -9999 19.1066 -9999 -9999 -9999 -9999 -9999 -9999 -9999 -9999 -9999 -9999 -9999 -9999 -9999 -9999 -9999 -9999 -9999 -9999 -9999 -9999 17.6967 -9999 -9999 -9999 -9999 -9999 -9999 -9999
-9999 -9999 20.8243 21.0732 21.2826 21.5519 21.57 21.7233 21.9745 21.9813 21.9051 21.819 21.6207 21.5757 21.43 21.1174 21.0583 21.1935 21.2589 21.3318 21.3784 21.3492 21.2709 21.1679 20.8537 20.4936 20.2524 19.4789 19.0815 18.7139 18.1563 17.7215 -9999 -9999 -9999 -9999 -9999 -9999 -9999 18.7826 18.7691 18.7862 18.9161 19.2624 19.069 -9999 -9999 -9999 -9999 -9999 -9999 -9999 -9999 -9999 -9999 -9999 -9999 -9999 -9999 -9999 -9999 -9999 -9999 -9999 18.002 17.5685 -9999 -9999 -9999 -9999 -9999 -9999
-9999 -9999 20.8733 21.1553 21.2968 21.5578 21.7076 21.7898 21.8783 21.9635 21.9532 21.8574 21.7101 21.7165 21.5129 21.4062 21.332 21.5131 21.5538 21.4895 21.4069 21.3337 21.1177 21.0953 21.002 20.7737 20.3977 20.0101 19.4298 18.6708 17.9271 17.3285 -9999 -9999 -9999 -9999 -9999 -9999 18.8339 19.1238 19.3005 18.9485 19.2627 19.5501 19.5117 19.2283 -9999 -9999 -9999 -9999 -9999 -9999 -9999 -9999 -9999 -9999 -9999 -9999 -9999 -9999 20.061 19.6167 18.7104 18.2499 17.9768 17.5834 -9999 -9999 -9999 -9999 -9999 -9999
-9999 -9999 20.8147 21.1468 21.3719 21.5715 21.604 21.8014 21.884 21.9308 21.9289 21.9132 21.8901 21.7128 21.6403 21.3705 21.642 21.6388 21.5785 21.3196 21.2101 20.7596 20.563 20.4989 20.883 20.6011 20.0112 19.2735 18.3754 18.3123 18.0217 17.4868 -9999 -9999 -9999 -9999 -9999 -9999 18.9165 19.2265 19.4865 19.5309 19.181 19.6867 19.6579 19.3847 19.3269 19.5611 19.6824 19.5922 19.8688 19.9556 19.8395 19.9822 -9999 -9999 -9999 -9999 20.1044 20.1315 20.1542 19.9742 18.9833 18.3091 17.7044 17.6498 -9999 -9999 -9999 -9999 -9999 -9999
-9999 -9999 21.041 21.2454 21.3486 21.3653 21.5437 21.7149 21.8188 21.8988 21.8861 21.8839 21.8823 21.8258 21.6871 21.7205 21.7162 21.6387 21.1412 20.5588 20.8212 20.4769 19.7206 20.3221 20.657 20.3367 19.6209 18.7908 18.5079 18.5141 18.1083 17.5854 -9999 -9999 -9999 18.062 18.502 18.5479 18.6839 19.0951 19.4098 19.6489 19.8137 19.8053 19.6418 19.3744 19.0831 19.1939 19.7327 19.868 19.9722 20.0618 19.9545 20.0231 20.1737 20.2557 20.2792 20.2544 20.2557 20.2764 20.2684 20.1013 19.2143 18.7111 18.393 17.7445 -9999 -9999 -9999 -9999 -9999 -9999
-9999 -9999 20.9081 21.0854 21.2286 21.4632 21.4879 21.6385 21.7221 21.8517 21.87 21.7188 21.8527 21.8425 21.8256 21.7823 21.7155 21.2974 20.7178 20.1361 19.8702 19.9815 19.5343 19.7594 20.0985 19.9732 19.5298 18.7899 18.6854 18.5039 17.8145 17.1569 -9999 -9999 17.2106 18.0472 18.6392 18.9492 19.0515 19.0696 19.4643 19.5031 19.9265 19.8275 19.2808 19.3482 19.1385 19.2818 19.483 19.5417 19.821 20.0961 20.1543 20.1629 20.2616 20.2886 20.3021 20.3087 20.2562 20.2937 20.3072 20.2066 19.5678 19.2606 18.9166 17.7543 -9999 -9999 -9999 -9999 -9999 -9999
-9999 -9999 20.9917 21.1892 21.4052 21.4394 21.5993 21.5828 21.531 21.7564 21.8372 21.7317 21.6582 21.8106 21.808 21.7968 21.7734 21.3815 20.9262 20.232 19.8023 19.5324 19.3459 19.0828 19.2566 19.2028 19.1305 19.2113 19.0046 18.5892 18.1886 17.4355 17.0328 -9999 17.2496 17.6314 18.3343 18.9336 19.3178 19.1926 19.6407 19.7309 19.9845 19.8429 19.5121 19.3741 19.3666 19.3278 19.6281 19.8301 19.9683 20.0682 20.1901 20.2272 20.2649 20.2857 20.3012 20.3172 20.325 20.3321 20.3284 20.2965 20.0078 19.6976 19.0246 17.7918 -9999 -9999 -9999 -9999 -9999 -9999
-9999 20.423 20.9673 21.2981 21.425 21.5162 21.5965 21.6546 21.711 21.7699 21.8125 21.7968 21.5117 21.5424 21.6026 21.7763 21.7735 21.746 21.501 20.6551 20.3601 19.9289 19.3728 19.1334 19.2493 19.7054 19.6833 19.3785 19.0392 18.5629 18.2637 17.8046 16.9203 17.0053 17.4108 17.7154 18.1962 18.9272 19.4428 19.6784 19.7733 19.9542 20.0542 19.8571 19.6662 19.5901 19.4441 19.4275 19.4332 19.6163 19.7538 20.068 20.1788 20.2324 20.2647 20.2862 20.3046 20.3232 20.336 20.3397 20.3496 20.3567 20.3412 19.9301 18.8905 18.1117 -9999 -9999 -9999 -9999 -9999 -9999
-9999 -9999 20.8632 21.0073 21.0432 21.1078 21.2427 21.399 21.6166 21.6465 21.7722 21.7751 21.5287 21.2466 21.507 21.6162 21.7293 21.7416 21.7176 21.0009 20.6303 20.3381 19.8046 19.9912 20.1733 20.1853 20.0723 19.4203 18.7711 18.0154 17.3189 17.287 16.9129 17.1149 17.3852 18.0697 18.5548 18.7578 18.9067 19.6503 19.8469 19.9205 20.1159 19.8668 19.8051 19.618 19.68 19.6677 19.6731 19.1444 19.6775 19.7149 20.0694 20.2318 20.2743 20.2925 20.3118 20.3229 20.3347 20.3429 20.3563 20.3587 20.3634 20.0996 18.7766 18.1201 -9999 -9999 -9999 -9999 -9999 -9999
-9999 -9999 -9999 -9999 20.9025 21.0111 21.0801 21.2017 21.5743 21.6773 21.7475 21.7573 21.6513 21.3711 21.3044 21.3663 21.0965 21.3388 21.6643 21.6622 21.6278 21.0002 20.6734 20.9848 20.8882 20.4119 20.0361 19.665 18.9048 18.3405 17.5419 16.9434 16.9235 17.5896 18.1441 18.8369 19.1483 18.9866 19.1834 19.5555 19.9785 20.1871 20.1476 19.8847 19.8501 19.5586 19.8548 19.8841 19.7526 19.6395 19.6847 19.8625 19.9343 20.2135 20.2869 20.306 20.3172 20.3279 20.3366 20.3451 20.3512 20.358 20.3637 20.3606 19.0005 17.9475 -9999 -9999 -9999 -9999 -9999 -9999
-9999 -9999 -9999 -9999 20.6367 20.7016 20.8773 21.3332 21.5667 21.6646 21.6638 21.7127 21.6397 21.395 21.1447 20.9103 20.6047 20.7933 21.2768 21.5634 21.5995 21.0497 21.3327 21.224 21.0098 20.3873 19.9274 19.682 18.9518 18.3193 17.7878 17.0553 17.3717 17.7216 18.1716 18.9261 19.4395 19.6568 19.4927 19.7354 20.2208 20.232 19.9795 20.0034 19.848 19.4476 19.8744 19.9974 19.9056 19.9343 19.8972 19.9667 20.0896 20.208 20.2896 20.3078 20.3176 20.3248 20.3346 20.3447 20.3494 20.3597 20.3655 20.3678 19.4932 17.9259 -9999 -9999 -9999 -9999 -9999 -9999
-9999 -9999 -9999 -9999 -9999 20.3917 20.796 21.4019 21.5466 21.5339 21.6621 21.6772 21.5622 21.4646 21.1592 20.7396 19.9246 20.1431 20.5887 21.2266 21.563 21.5207 21.3314 21.0092 20.2303 19.5477 19.4619 19.3472 18.8134 18.3241 17.7332 18.0765 18.4541 18.8686 19.0903 19.0423 19.4835 19.8456 19.7063 20.0018 20.3444 20.2019 20.1204 20.0524 19.8724 19.8664 19.8902 20.1342 19.9723 20.0781 20.0792 20.0789 20.1417 20.2137 20.2897 20.3091 20.318 20.3287 20.3306 20.3434 20.3496 20.3556 20.3619 20.3653 20.2944 19.4558 18.9562 -9999 -9999 -9999 -9999 -9999
-9999 -9999 -9999 -9999 -9999 20.0137 20.2142 20.9325 21.1488 21.4683 21.64 21.6522 21.454 21.3472 20.8876 20.7455 19.9923 19.6551 19.9553 19.8489 20.7234 21.4961 21.3239 19.7683 19.2033 18.799 18.8991 18.8969 18.7463 17.9204 17.6953 18.4275 18.8905 19.2516 19.5284 19.5923 19.5925 20.1534 20.2361 20.4247 20.3952 20.4204 20.1503 19.9853 20.1388 19.9707 19.9458 20.1978 19.958 20.1825 20.1551 20.0943 20.0969 20.2488 20.2855 20.3091 20.3187 20.3225 20.3252 20.3308 20.3457 20.3535 20.3554 20.3654 20.3667 20.2775 19.8462 19.7009 19.8794 -9999 -9999 -9999
-9999 -9999 -9999 -9999 -9999 -9999 19.5408 20.5402 20.9915 21.2334 21.5747 21.62 21.5138 21.3255 20.858 20.4481 19.7756 19.0056 18.5991 19.8392 20.9177 21.4811 21.4029 20.1081 19.5958 19.5699 19.8681 19.6116 19.4166 18.7868 18.6018 18.3457 18.5076 19.007 19.42 19.8199 20.114 20.1473 20.3425 20.4566 20.4745 20.5163 20.4914 20.4718 20.2068 20.3975 20.2452 20.3332 20.2838 20.2395 20.1963 20.0485 20.163 20.2657 20.2978 20.313 20.316 20.324 20.3299 20.3311 20.3364 20.3459 20.3549 20.3596 20.3688 20.3763 20.336 20.0797 19.7331 19.2927 -9999 -9999
-9999 -9999 -9999 -9999 -9999 -9999 19.0392 20.0343 20.5084 21.1282 21.4445 21.5766 21.5671 21.416 21.0626 20.5264 20.0809 19.22 18.3249 19.6257 20.7823 21.408 21.4426 20.3488 20.6492 20.4039 20.5003 20.0522 19.8651 19.7093 19.3899 19.0416 18.658 18.4608 19.3793 19.8555 20.2412 20.4285 20.539 20.5992 20.5799 20.5181 20.1212 20.4369 20.4236 20.3984 20.3682 20.3559 20.3285 20.2953 20.2717 20.2696 20.1739 20.2941 20.2999 20.3096 20.3188 20.3251 20.3291 20.3342 20.3384 20.3477 20.3529 20.3586 20.3652 20.3762 20.382 20.3761 20.3138 19.7199 19.3673 19.2711
-9999 -9999 -9999 -9999 -9999 -9999 17.6382 19.087 20.2388 20.8502 21.3455 21.4878 21.546 21.34 21.1885 20.8063 20.4446 19.8814 19.0331 18.5125 19.4859 20.8992 21.4185 21.3718 21.3388 21.0562 20.8011 20.7678 20.7859 20.4814 20.0462 19.4868 19.3151 19.1238 19.8096 19.9097 19.8688 20.6246 20.636 20.6033 20.3271 20.0133 20.0821 19.8887 20.0434 19.8132 20.0354 20.2279 20.3028 20.3018 20.2754 20.2753 20.2707 20.299 20.3062 20.311 20.3172 20.325 20.3318 20.3331 20.3384 20.3518 20.3544 20.3598 20.3635 20.3756 20.3831 20.3811 20.3795 20.2949 20.1632 19.9029
-9999 -9999 -9999 -9999 -9999 -9999 17.6912 18.903 19.9391 20.5571 21.1583 21.3029 21.5111 21.4754 21.3159 20.9843 20.5678 20.1054 19.3783 18.8388 19.4924 20.4302 21.1029 21.3369 21.3325 21.3162 21.2521 21.2186 21.1443 21.0825 20.7762 20.2472 19.9517 19.5181 20.2815 20.3741 20.2642 20.6508 20.641 20.0793 19.6493 19.6034 19.8754 19.628 19.5862 19.4306 19.6154 20.1011 19.9628 19.9956 20.2117 20.254 20.2851 20.2984 20.3044 20.3115 20.3164 20.326 20.3361 20.3374 20.3435 20.3517 20.3535 20.3597 20.3635 20.3723 20.3758 20.3788 20.3783 20.36 20.3398 20.3747
-9999 -9999 -9999 -9999 -9999 -9999 17.7126 18.5271 19.4602 20.3706 21.0124 21.2753 21.4691 21.4745 21.2873 21.1262 20.8677 20.4613 20.1843 19.6976 19.0268 20.1636 20.5112 20.8152 20.9402 21.2632 21.2551 21.1069 20.9234 21.0851 21.0394 20.6229 20.4895 20.2619 20.6894 20.6979 20.6944 20.6803 20.2067 19.5451 19.0179 19.4121 19.3396 19.5193 18.9737 19.4286 19.7975 19.9207 19.6766 19.4989 20.0635 20.1655 20.2282 20.2712 20.3024 20.3049 20.3193 20.325 20.3328 20.3407 20.3457 20.3528 20.3578 20.3626 20.3648 20.3744 20.3773 20.3798 20.3878 20.3797 20.382 20.382
-9999 -9999 -9999 -9999 -9999 -9999 -9999 18.0392 19.2135 20.2708 20.8622 21.2369 21.4232 21.4271 21.3347 21.2273 21.0694 20.7777 20.409 19.8221 19.3871 19.6698 20.0096 20.0414 20.2688 20.9261 21.151 20.8337 20.0363 20.5003 21.0212 21.017 20.9779 20.9344 20.8785 20.8289 20.7121 20.3864 19.3721 19.1783 18.7855 18.8392 18.6412 19.0923 18.9268 19.3948 19.6009 19.6822 19.2608 19.348 19.8578 20.0631 20.0371 20.1664 20.2891 20.3012 20.3132 20.3193 20.3311 20.3417 20.3496 20.3555 20.3616 20.3686 20.366 20.3804 20.3519 20.3362 20.2949 20.3653 20.3793 20.394
-9999 -9999 -9999 -9999 -9999 -9999 -9999 17.7926 18.9734 20.2179 20.6214 21.0248 21.3743 21.3878 21.2425 21.1047 20.9623 20.7989 20.3503 19.9148 19.4987 19.3614 19.4495 19.4326 19.8006 20.6575 20.8245 20.7553 19.9202 19.6456 20.3407 20.9263 20.9773 20.9305 20.2534 20.4061 20.0449 19.5527 19.4232 19.2125 18.758 18.9887 18.6575 18.8102 18.7675 19.0361 19.1702 19.4882 19.122 19.1206 19.6218 19.8774 19.8909 20.1593 20.2602 20.2929 20.3077 20.3212 20.3317 20.3454 20.3529 20.359 20.3639 20.3613 20.3413 20.2564 19.7756 19.7855 19.9303 20.0675 20.3071 20.3879
-9999 -9999 -9999 -9999 -9999 -9999 -9999 17.9246 18.7455 19.8505 20.6709 20.7281 21.1306 21.3418 21.1829 21.0032 20.819 20.7419 20.2531 19.715 19.2808 18.7654 18.8547 19.231 19.8299 20.3846 20.4855 20.3734 19.9193 20.1309 20.6067 20.8619 20.9411 20.889 20.7467 20.6677 20.4035 20.2936 19.9243 19.3425 19.1181 19.2731 18.6546 18.7058 18.9444 18.6936 19.1057 19.3062 18.832 19.2127 19.6556 19.8857 20.088 20.1881 20.233 20.2977 20.308 20.3218 20.3337 20.3424 20.3521 20.3528 20.355 20.3122 20.2443 19.7925 19.6113 19.6583 19.8807 20.0764 20.2849 20.3738
-9999 -9999 -9999 -9999 -9999 -9999 -9999 18.0593 18.7992 19.7581 20.3447 20.4546 20.9002 21.2974 21.2603 21.0729 21.0202 20.8253 20.4116 19.9536 19.452 19.2103 18.6482 19.2092 19.6387 20.1094 20.331 19.9543 19.7765 20.1022 20.4265 20.5593 20.8877 20.8908 20.7922 20.3456 20.1318 20.2329 20.1456 19.9871 19.5889 19.5786 19.3254 19.2248 19.13 18.7932 19.0115 19.0394 19.1046 19.5608 19.7951 19.9531 20.0977 20.1417 20.2095 20.2952 20.3108 20.3226 20.3316 20.3425 20.3464 20.3341 20.3252 20.2292 20.0516 19.7119 19.1571 19.5654 19.9917 20.132 20.2604 20.3327
-9999 -9999 -9999 -9999 -9999 -9999 -9999 17.9293 18.7153 19.5358 19.8823 19.9462 20.7475 21.2408 21.2481 21.1625 21.0615 20.571 20.606 20.5121 20.0603 19.3995 18.6728 18.7454 19.1754 19.7906 19.9982 19.3853 19.1783 19.3383 19.8265 20.2645 20.7221 20.843 20.7171 20.018 19.275 19.6305 20.01 20.0157 19.9144 19.5456 19.4336 19.3329 19.0655 18.6024 18.6699 18.8063 19.3252 19.4975 19.7595 19.9786 19.9071 19.962 20.1724 20.297 20.3102 20.3214 20.3344 20.3411 20.3437 20.3095 20.2728 20.2047 19.7264 19.4325 19.0048 19.5249 19.8186 19.9843 20.2646 20.3387
-9999 -9999 -9999 -9999 -9999 -9999 -9999 17.6827 18.2546 19.0393 19.3591 19.8661 20.6237 20.9996 21.1832 21.1857 21.1204 20.9041 20.7763 20.5184 20.0483 19.4033 18.6854 18.2193 18.4624 19.282 19.4777 18.916 18.6401 18.9941 19.5144 20.2826 20.7242 20.7894 20.7567 20.618 20.0775 19.4231 19.4329 19.7726 19.5026 19.1874 19.3726 19.3473 19.0835 18.8935 18.7671 18.8506 19.1451 19.2758 19.5775 20.0191 20.0895 20.0857 20.2768 20.2947 20.3079 20.3239 20.3329 20.3406 20.3445 20.3183 20.248 19.9328 19.6592 19.2747 19.2353 19.7033 19.9195 20.1134 20.2561 20.3092
-9999 -9999 -9999 -9999 -9999 -9999 -9999 17.2615 17.9337 18.6692 19.3586 20.0113 20.574 20.6234 20.9233 20.9294 21.0895 21.0516 20.8514 20.6351 20.231 19.4011 18.7038 17.9425 18.1486 18.9914 19.08 18.7151 18.0374 18.7471 19.5296 20.2397 20.627 20.3345 20.6475 20.6294 20.4314 20.0448 19.4398 19.4591 19.0077 18.9955 19.2389 19.3231 19.2914 19.1507 18.9163 18.9573 19.1357 19.1898 19.4679 19.8125 20.1497 20.2136 20.2851 20.2968 20.3068 20.3211 20.331 20.3335 20.326 20.2982 20.0355 19.7212 19.5313 19.2662 19.2423 19.7829 20.0071 20.1322 20.257 20.3124
-9999 -9999 -9999 -9999 -9999 -9999 -9999 -9999 17.8605 18.6204 19.1844 19.3408 19.8418 20.1153 20.3285 20.3808 20.9769 21.0156 20.891 20.6929 20.349 19.7206 19.284 18.5542 18.0306 18.2372 18.3215 18.5201 18.4677 18.7871 19.5394 20.3232 20.4142 19.9263 20.0063 20.1168 20.3558 20.2457 19.4186 19.0022 18.6579 18.9158 19.1866 19.2579 19.2783 19.2351 19.1791 19.0688 19.4291 19.6979 19.7668 20.0024 20.1787 20.2339 20.2777 20.2911 20.3046 20.3139 20.3134 20.3157 20.283 20.1981 19.9031 19.1804 19.2239 19.1541 18.9357 19.4665 19.8014 20.1023 20.267 20.3171
-9999 -9999 -9999 -9999 -9999 -9999 -9999 -9999 17.6047 18.483 18.6735 18.6661 18.3837 18.5232 19.6006 19.8228 20.3949 20.9368 20.9035 20.7094 20.3881 20.016 19.4367 18.6153 17.9633 17.6716 18.3741 19.0642 19.2123 19.4388 19.9019 19.9946 19.4956 19.0284 19.3012 19.4685 20.0862 20.2051 20.0942 19.599 19.0317 18.7394 19.1015 19.1566 19.1856 19.1974 19.1939 19.1738 19.5709 19.799 19.9599 20.0516 20.2044 20.2502 20.2711 20.2914 20.2981 20.2999 20.2865 20.27 20.1656 20.0371 19.5479 19.1415 18.8917 18.572 19.323 19.5589 19.876 20.0813 20.2454 20.2895
