Test_Spring_2018/04_18/Temp/20180407_004.txt
ncols	170
nrows	115
xllcorner	350000.000000
yllcorner	4445000.000000
cellsize	1000.000000
nodata_value	-9999.000000
[rows 32 to 63 of 115, columns 72 to 143 of 170]
11.5549 11.2838 11.7111 12.1049 11.8694 11.716 12.3613 12.3646 12.1491 11.6381 11.4528 11.2605 11.1439 10.4874 8.63945 6.9738 7.87096 7.8951 7.27967 8.3912 7.80823 6.28302 4.12876 5.30371 5.00114 3.4775 3.1058 -9999 -9999 -9999 -9999 -9999 -9999 -9999 -9999 -9999 -9999 -9999 -9999 -9999 -9999 -9999 -9999 -9999 -9999 -9999 -9999 -9999 -9999 -9999 -9999 -9999 -9999 -9999 -9999 -9999 -9999 -9999 -9999 -9999 -9999 -9999 -9999 -9999 -9999 -9999 -9999 -9999 -9999 -9999 -9999 -9999
11.185 11.0705 11.7041 11.6943 11.6571 11.8895 12.2917 12.3745 12.2925 12.0716 11.8808 11.6775 11.1567 10.4052 8.82417 6.92784 6.50011 7.43274 7.4803 7.63262 7.10168 6.434 5.38785 6.24955 6.58582 5.58452 4.27614 3.43374 -9999 -9999 -9999 -9999 -9999 -9999 -9999 -9999 -9999 -9999 -9999 -9999 -9999 -9999 -9999 -9999 -9999 -9999 -9999 -9999 -9999 -9999 -9999 -9999 -9999 -9999 -9999 -9999 -9999 -9999 -9999 -9999 -9999 -9999 -9999 -9999 -9999 -9999 -9999 -9999 -9999 -9999 -9999 -9999
10.7443 10.1366 10.5198 10.8084 11.3397 11.4816 11.5642 12.3192 12.2828 12.2514 11.9338 11.6805 11.2586 10.5354 9.50446 8.26243 6.09745 7.4374 8.48727 8.46347 8.40911 7.9423 6.93748 7.78342 7.82582 6.54848 5.09274 4.23594 3.88332 -9999 -9999 -9999 -9999 -9999 -9999 -9999 -9999 -9999 -9999 -9999 -9999 -9999 -9999 -9999 -9999 -9999 -9999 -9999 -9999 -9999 -9999 -9999 -9999 -9999 -9999 -9999 -9999 -9999 -9999 -9999 -9999 -9999 -9999 -9999 -9999 -9999 -9999 -9999 -9999 -9999 -9999 -9999
10.2437 9.50061 9.88618 10.3996 11.1237 11.4986 11.7863 12.0146 12.2473 12.2236 11.8985 10.9316 10.7964 10.7577 10.0845 8.66811 7.25355 6.88941 8.48944 8.94959 8.85949 9.2191 8.36845 8.77482 8.61234 8.16349 6.76251 5.48556 4.95847 3.91382 -9999 -9999 -9999 -9999 -9999 -9999 -9999 -9999 -9999 -9999 -9999 -9999 -9999 -9999 -9999 -9999 -9999 -9999 -9999 -9999 -9999 -9999 -9999 -9999 -9999 -9999 -9999 -9999 -9999 -9999 -9999 -9999 -9999 -9999 -9999 -9999 -9999 -9999 -9999 -9999 -9999 -9999
-9999 -9999 9.03172 9.73049 10.3088 11.015 11.626 11.9338 12.2329 12.2126 11.5594 11.2416 11.2168 10.7769 9.99923 9.51234 8.62291 7.69607 8.05446 9.41942 8.81674 9.78464 9.70604 9.88635 9.24438 8.02868 6.40089 5.45329 4.9822 4.1364 -9999 -9999 -9999 -9999 -9999 -9999 -9999 -9999 -9999 -9999 -9999 -9999 -9999 -9999 -9999 -9999 -9999 -9999 -9999 -9999 -9999 -9999 -9999 -9999 -9999 -9999 -9999 -9999 -9999 -9999 -9999 -9999 -9999 -9999 -9999 -9999 -9999 -9999 -9999 -9999 -9999 -9999
-9999 -9999 -9999 9.60052 10.042 10.9864 11.4755 11.6766 12.1569 12.1615 11.9162 11.7317 11.4626 11.1099 10.5263 9.88198 9.04568 8.97119 9.84552 9.85945 9.68062 9.82679 10.2775 10.1626 9.17005 7.45163 6.54449 4.69985 3.91077 3.99539 3.43712 -9999 -9999 -9999 -9999 -9999 -9999 -9999 -9999 -9999 -9999 -9999 -9999 5.63758 -9999 -9999 -9999 -9999 -9999 -9999 -9999 -9999 -9999 -9999 -9999 -9999 -9999 -9999 -9999 -9999 -9999 -9999 -9999 -9999 2.36605 -9999 -9999 -9999 -9999 -9999 -9999 -9999
-9999 -9999 9.50839 10.0992 10.5604 11.1539 11.2141 11.5692 12.121 12.1325 11.9595 11.7636 11.3187 11.2109 10.8801 10.1804 10.0398 10.328 10.4625 10.6145 10.7094 10.6383 10.4602 10.2292 9.59169 8.79606 8.26324 6.57712 5.72757 4.91325 3.67894 2.71414 -9999 -9999 -9999 -9999 -9999 -9999 -9999 4.97402 4.93208 4.95823 5.23405 5.98806 5.55215 -9999 -9999 -9999 -9999 -9999 -9999 -9999 -9999 -9999 -9999 -9999 -9999 -9999 -9999 -9999 -9999 -9999 -9999 -9999 3.04231 2.07276 -9999 -9999 -9999 -9999 -9999 -9999
-9999 -9999 9.6642 10.2862 10.599 11.1757 11.5073 11.7255 11.9192 12.1044 12.0774 11.8601 11.5278 11.5333 11.0741 10.828 10.6532 11.0419 11.1214 10.9701 10.7795 10.6113 10.1297 10.0769 9.92517 9.42162 8.59269 7.7384 6.50547 4.82867 3.18433 1.85872 -9999 -9999 -9999 -9999 -9999 -9999 5.10908 5.73573 6.11284 5.32389 6.00581 6.62962 6.53531 5.94467 -9999 -9999 -9999 -9999 -9999 -9999 -9999 -9999 -9999 -9999 -9999 -9999 -9999 -9999 7.64406 6.6491 4.63488 3.60495 2.98927 2.10828 -9999 -9999 -9999 -9999 -9999 -9999
-9999 -9999 9.53832 10.2725 10.7712 11.2143 11.2887 11.7437 11.9424 12.0436 12.0356 11.9952 11.9367 11.5364 11.366 10.7591 11.3461 11.3274 11.183 10.6015 10.3515 9.35079 8.91243 8.81974 9.66804 9.04778 7.74852 6.12336 4.17164 4.04834 3.40458 2.22027 -9999 -9999 -9999 -9999 -9999 -9999 5.30101 5.97097 6.53094 6.6161 5.8321 6.93715 6.90424 6.29367 6.15921 6.66934 6.93062 6.74777 7.35785 7.53934 7.27219 7.57515 -9999 -9999 -9999 -9999 7.77336 7.8178 7.85247 7.44041 5.23947 3.73802 2.39054 2.27493 -9999 -9999 -9999 -9999 -9999 -9999
-9999 -9999 10.0402 10.4941 10.7259 10.7673 11.1654 11.5638 11.8088 11.9906 11.9585 11.9474 11.9353 11.8005 11.4829 11.5438 11.5212 11.3373 10.2274 8.93142 9.50146 8.73214 7.08439 8.43275 9.17393 8.47074 6.89566 5.06863 4.47505 4.50425 3.6075 2.45524 -9999 -9999 -9999 3.47009 4.42749 4.51438 4.79953 5.69187 6.37181 6.88291 7.23412 7.22829 6.87161 6.27462 5.62537 5.86419 7.04734 7.34 7.59133 7.77928 7.53164 7.6704 7.98948 8.15623 8.19315 8.1229 8.10981 8.13946 8.10597 7.72174 5.75163 4.62745 3.91239 2.47791 -9999 -9999 -9999 -9999 -9999 -9999
-9999 -9999 9.7536 10.149 10.4701 11.0026 11.0626 11.3993 11.6013 11.8973 11.9338 11.5939 11.8807 11.8472 11.7973 11.688 11.5264 10.5899 9.29796 8.00293 7.40708 7.66648 6.67691 7.19335 7.94445 7.67474 6.7138 5.08663 4.86079 4.48697 2.97601 1.52147 -9999 -9999 1.61541 3.44876 4.74082 5.40921 5.61903 5.64289 6.4985 6.56975 7.49092 7.28169 6.0784 6.22016 5.75166 6.06288 6.50394 6.62793 7.25637 7.86024 7.97775 7.98476 8.18936 8.23449 8.24888 8.24736 8.11515 8.18116 8.19472 7.95675 6.53199 5.84 5.08081 2.49777 -9999 -9999 -9999 -9999 -9999 -9999
-9999 -9999 9.95203 10.3936 10.8766 10.9588 11.3176 11.2868 11.1907 11.6885 11.8719 11.6328 11.4615 11.786 11.7668 11.7272 11.6601 10.7803 9.76166 8.21797 7.26027 6.67624 6.26264 5.71434 6.10234 5.98936 5.83635 6.0214 5.57629 4.68675 3.80374 2.1477 1.25354 -9999 1.71271 2.54196 4.07785 5.38377 6.21428 5.92112 6.89349 7.07754 7.64109 7.31819 6.59101 6.28359 6.26125 6.17038 6.82813 7.27073 7.58751 7.79941 8.06273 8.13253 8.20235 8.2336 8.25216 8.27083 8.27103 8.26957 8.24457 8.15777 7.5052 6.8174 5.31981 2.58211 -9999 -9999 -9999 -9999 -9999 -9999
-9999 8.67072 9.89934 10.6368 10.9252 11.1346 11.3195 11.4545 11.5963 11.7292 11.8209 11.7858 11.1472 11.2026 11.3208 11.6881 11.6652 11.5887 11.0333 9.15426 8.5073 7.56287 6.33594 5.82764 6.08949 7.10343 7.06285 6.39879 5.65808 4.63326 3.98109 2.96693 1.01651 1.19556 2.07894 2.73716 3.78206 5.37747 6.49714 6.99908 7.1914 7.58831 7.79707 7.35572 6.93678 6.76295 6.4358 6.39485 6.40331 6.80299 7.11732 7.80526 8.04002 8.15002 8.20761 8.24014 8.26461 8.28866 8.29925 8.2897 8.29426 8.29315 8.2517 7.33108 5.02123 3.2857 -9999 -9999 -9999 -9999 -9999 -9999
-9999 -9999 9.67086 9.99803 10.0872 10.2395 10.5462 10.8989 11.3971 11.4645 11.74 11.7426 11.1924 10.5567 11.1159 11.3399 11.5721 11.5822 11.5137 9.93636 9.11298 8.46581 7.28969 7.72197 8.13137 8.16683 7.92734 6.49864 5.07556 3.43466 1.9008 1.83064 1.00609 1.44712 2.03167 3.52745 4.58118 5.01065 5.32032 6.94251 7.36775 7.51898 7.93858 7.37929 7.24526 6.82709 6.95967 6.92883 6.93745 5.76738 6.95434 7.02913 7.80238 8.15181 8.23434 8.25926 8.28538 8.29232 8.30013 8.30014 8.31178 8.30588 8.29935 7.70328 4.77103 3.30562 -9999 -9999 -9999 -9999 -9999 -9999
-9999 -9999 -9999 -9999 9.78106 10.0317 10.1939 10.4711 11.3112 11.5402 11.6934 11.7096 11.4663 10.8373 10.6738 10.7926 10.179 10.6989 11.4086 11.3952 11.3139 9.92764 9.22243 9.91634 9.71188 8.67117 7.853 7.04537 5.37857 4.16008 2.40161 1.08176 1.03499 2.49819 3.71387 5.22733 5.89703 5.52121 5.93584 6.7446 7.66242 8.10912 8.01061 7.42092 7.34661 6.69853 7.34854 7.41013 7.11722 6.86465 6.97485 7.36006 7.50967 8.11508 8.26441 8.29358 8.30146 8.30714 8.30783 8.30789 8.30564 8.30424 8.30136 8.28038 5.26629 2.92633 -9999 -9999 -9999 -9999 -9999 -9999
-9999 -9999 -9999 -9999 9.19914 9.35378 9.75203 10.7671 11.3004 11.5181 11.5145 11.6168 11.4462 10.8931 10.3252 9.7897 9.0986 9.49948 10.5542 11.178 11.2529 10.0384 10.6792 10.4468 9.98358 8.6211 7.6181 7.08836 5.48834 4.11958 2.9508 1.33545 2.03076 2.79612 3.77837 5.42918 6.54422 7.00465 6.62529 7.14367 8.19921 8.21051 7.64175 7.68522 7.34437 6.45644 7.39467 7.66341 7.45852 7.51941 7.44775 7.59422 7.85652 8.10718 8.2748 8.30023 8.30583 8.30353 8.30642 8.31095 8.30369 8.3096 8.30682 8.29778 6.35485 2.88039 -9999 -9999 -9999 -9999 -9999 -9999
-9999 -9999 -9999 -9999 -9999 8.67459 9.57725 10.9232 11.2603 11.2338 11.5145 11.5419 11.2783 11.0497 10.3596 9.41568 7.59985 8.06706 9.03833 10.4374 11.175 11.0809 10.6795 9.97634 8.26743 6.77237 6.59497 6.35393 5.18739 4.13439 2.83454 3.59279 4.42291 5.33073 5.80907 5.68857 6.64446 7.42476 7.09908 7.73403 8.47449 8.1466 7.95535 7.7961 7.40081 7.38335 7.43249 7.96818 7.60867 7.83972 7.85248 7.84474 7.97455 8.12285 8.27805 8.30607 8.30937 8.31484 8.30046 8.31043 8.30614 8.30268 8.30067 8.29392 8.12457 6.25782 5.14436 -9999 -9999 -9999 -9999 -9999
-9999 -9999 -9999 -9999 -9999 7.84471 8.29725 9.89049 10.3851 11.091 11.4674 11.488 11.0407 10.7932 9.7632 9.43131 7.75191 6.99397 7.64475 7.40172 9.32684 11.0311 10.6678 7.24268 6.0054 5.12421 5.35665 5.36336 5.04173 3.24563 2.75255 4.36849 5.38696 6.17665 6.77639 6.90385 6.88646 8.10503 8.27057 8.66996 8.58933 8.63154 8.02421 7.65096 7.99171 7.61629 7.5579 8.11106 7.57938 8.07224 8.02188 7.88067 7.87742 8.20196 8.27035 8.3077 8.31286 8.30316 8.29027 8.28489 8.29981 8.30023 8.28843 8.29599 8.28577 8.07274 7.10977 6.77893 7.16395 -9999 -9999 -9999
-9999 -9999 -9999 -9999 -9999 -9999 6.8142 9.02661 10.0393 10.5733 11.3232 11.4167 11.1812 10.7498 9.70062 8.77856 7.27771 5.56347 4.65812 7.38642 9.76185 11.0042 10.8482 7.99801 6.87629 6.82909 7.49765 6.94217 6.5217 5.15806 4.75247 4.18711 4.5405 5.64009 6.5394 7.40629 8.03768 8.09257 8.50437 8.74321 8.76761 8.84661 8.78053 8.72802 8.14535 8.56125 8.22122 8.41209 8.29998 8.19904 8.1141 7.78027 8.02387 8.23963 8.29769 8.31813 8.30792 8.30779 8.30208 8.28605 8.28168 8.28561 8.28961 8.28541 8.29247 8.29222 8.19171 7.61576 6.84185 5.86179 -9999 -9999
-9999 -9999 -9999 -9999 -9999 -9999 5.70974 7.91132 8.97401 10.3408 11.0458 11.3354 11.3008 10.9518 10.1555 8.95542 7.95656 6.04248 4.05519 6.91933 9.4709 10.8502 10.9283 8.53551 9.20602 8.67341 8.8952 7.91544 7.51083 7.19278 6.48952 5.7199 4.87742 4.43447 6.44824 7.48376 8.31798 8.71345 8.93907 9.05426 9.00009 8.85464 7.96745 8.65459 8.62735 8.56633 8.49528 8.46416 8.39989 8.32271 8.28076 8.26801 8.04738 8.30706 8.30469 8.31064 8.31443 8.31063 8.30125 8.29401 8.28479 8.28971 8.28747 8.28527 8.2863 8.29341 8.29431 8.27042 8.12341 6.80408 6.01806 5.80569
-9999 -9999 -9999 -9999 -9999 -9999 2.62081 5.8217 8.39475 9.74032 10.8381 11.1413 11.2565 10.7873 10.4373 9.5781 8.76491 7.5087 5.62542 4.46778 6.61428 9.73084 10.8825 10.7998 10.7332 10.1166 9.56114 9.49494 9.54133 8.89461 7.94816 6.70984 6.32764 5.89505 7.39569 7.6017 7.4954 9.14604 9.15382 9.06471 8.43948 7.73974 7.8795 7.44895 7.79241 7.27826 7.76335 8.18335 8.34385 8.33666 8.28879 8.28852 8.26738 8.31568 8.3176 8.31306 8.31029 8.31032 8.30752 8.29225 8.28585 8.29784 8.29 8.28659 8.28445 8.29335 8.29755 8.28164 8.2679 8.07156 7.77227 7.19728
-9999 -9999 -9999 -9999 -9999 -9999 2.75642 5.44952 7.73408 9.10849 10.427 10.7354 11.1823 11.0897 10.723 9.97667 9.0436 8.01043 6.39533 5.19626 6.63248 8.70492 10.1893 10.7265 10.7251 10.6944 10.5585 10.505 10.3455 10.2343 9.55627 8.38962 7.72967 6.76254 8.43472 8.62489 8.36686 9.20359 9.16572 7.91008 6.94609 6.83058 7.42766 6.87139 6.7815 6.43734 6.83898 7.9049 7.60387 7.6702 8.15776 8.24091 8.29634 8.31297 8.31242 8.31287 8.30758 8.31196 8.31668 8.30184 8.29764 8.29838 8.28567 8.28784 8.2818 8.2828 8.28178 8.27647 8.26425 8.21356 8.15996 8.23661
-9999 -9999 -9999 -9999 -9999 -9999 2.80904 4.62228 6.67856 8.69964 10.1075 10.6774 11.0931 11.092 10.6653 10.2961 9.71254 8.80405 8.18237 7.10027 5.61375 8.11835 8.89211 9.58308 9.87618 10.5942 10.5814 10.2589 9.88282 10.2384 10.1417 9.21647 8.91401 8.40139 9.3327 9.33777 9.31516 9.26887 8.20826 6.73293 5.55496 6.41111 6.23862 6.63562 5.43409 6.43933 7.2469 7.5127 6.97266 6.57349 7.83032 8.04291 8.16944 8.25147 8.30629 8.29676 8.31264 8.30866 8.30871 8.30881 8.30267 8.30121 8.29582 8.29057 8.28566 8.28787 8.28083 8.27342 8.27962 8.25505 8.24968 8.24856
-9999 -9999 -9999 -9999 -9999 -9999 -9999 3.5528 6.16182 8.48844 9.78528 10.602 11.0016 10.9978 10.7813 10.5317 10.1712 9.51683 8.69404 7.39172 6.42625 7.04663 7.8052 7.89656 8.40104 9.85468 10.3541 9.65674 7.92763 8.95908 10.1039 10.0882 9.99351 9.88723 9.74833 9.62563 9.35383 8.62068 6.36764 5.93018 5.04968 5.15545 4.70666 5.70518 5.34319 6.3682 6.81559 6.9878 6.05069 6.25812 7.3716 7.81364 7.74437 8.01662 8.27524 8.28697 8.29775 8.29474 8.30421 8.31055 8.31096 8.30612 8.30327 8.30304 8.28803 8.30029 8.22343 8.17601 8.07255 8.21631 8.23613 8.25519
-9999 -9999 -9999 -9999 -9999 -9999 -9999 3.03669 5.63719 8.37665 9.25869 10.1391 10.8993 10.9175 10.5851 10.2692 9.94377 9.57297 8.57412 7.60582 6.68174 6.37464 6.56637 6.56121 7.37425 9.26654 9.63639 9.48462 7.68338 7.07361 8.6022 9.88722 9.99106 9.87773 8.37205 8.69659 7.88619 6.78617 6.48654 6.00791 4.99177 5.48826 4.74568 5.07165 4.99579 5.57998 5.86757 6.56098 5.74478 5.75682 6.8504 7.40269 7.42016 7.99922 8.20793 8.26528 8.28254 8.29621 8.30296 8.31665 8.31638 8.31333 8.30789 8.28649 8.22734 8.03196 6.95076 6.95899 7.26543 7.55569 8.08263 8.23559
-9999 -9999 -9999 -9999 -9999 -9999 -9999 3.33452 5.14039 7.57169 9.37355 9.49027 10.3681 10.823 10.4613 10.0536 9.63659 9.4566 8.36917 7.17441 6.21006 5.06786 5.26134 6.08929 7.4455 8.66934 8.89167 8.64373 7.68377 8.14605 9.1897 9.74531 9.91133 9.78623 9.46086 9.27437 8.67863 8.42273 7.59449 6.29742 5.78946 6.11902 4.74235 4.84405 5.36016 4.82751 5.72763 6.161 5.10538 5.95919 6.92476 7.42031 7.85389 8.06108 8.14592 8.27404 8.28127 8.29586 8.30593 8.30879 8.31369 8.29878 8.28761 8.1774 8.01232 7.00064 6.58669 6.67635 7.15325 7.57156 8.01604 8.19807
-9999 -9999 -9999 -9999 -9999 -9999 -9999 3.63911 5.26554 7.37428 8.66018 8.8934 9.86662 10.7324 10.6399 10.2157 10.0893 9.64976 8.72814 7.70986 6.59656 6.05767 4.813 6.04741 7.0301 8.06711 8.55447 7.76843 7.37169 8.08486 8.79372 9.07888 9.7946 9.79121 9.5625 8.56517 8.08084 8.29107 8.08555 7.72272 6.83142 6.79625 6.22563 5.99221 5.77204 5.05051 5.52217 5.57386 5.70837 6.72794 7.23259 7.56849 7.87424 7.95743 8.09256 8.26675 8.28581 8.29612 8.29973 8.3075 8.29978 8.25637 8.22077 7.993 7.58577 6.8212 5.58285 6.46887 7.39506 7.67833 7.95651 8.10074
-9999 -9999 -9999 -9999 -9999 -9999 -9999 3.36023 5.08785 6.89081 7.64696 7.77865 9.53707 10.6153 10.621 10.4221 10.1891 9.09734 9.16585 8.95095 7.94707 6.48287 4.87439 5.03016 5.9974 7.36893 7.82445 6.51747 6.05539 6.40219 7.47239 8.43067 9.43103 9.6878 9.39898 7.84467 6.19279 6.96471 7.7894 7.78918 7.55292 6.72668 6.46756 6.23352 5.63214 4.61404 4.77096 5.0613 6.22146 6.58906 7.15434 7.62441 7.45301 7.55985 8.00949 8.26923 8.28302 8.29181 8.30458 8.30319 8.29257 8.20096 8.10382 7.93754 6.86661 6.20273 5.23805 6.37693 7.00985 7.3577 7.96016 8.10763
-9999 -9999 -9999 -9999 -9999 -9999 -9999 2.82432 4.07934 5.80296 6.50011 7.60952 9.27157 10.0911 10.486 10.4814 10.3275 9.84094 9.55011 8.973 7.92847 6.49868 4.9089 3.87551 4.40753 6.25228 6.69655 5.48652 4.872 5.64656 6.78699 8.47364 9.43891 9.5725 9.48932 9.17186 7.96694 6.51044 6.51955 7.25634 6.64782 5.93996 6.33635 6.2685 5.67462 5.24394 4.98812 5.16208 5.82566 6.10075 6.7531 7.71368 7.85495 7.83206 8.23882 8.26314 8.27674 8.29616 8.29998 8.30066 8.29306 8.21905 8.04767 7.3362 6.71648 5.85247 5.75003 6.76783 7.21732 7.63818 7.93611 8.03641
-9999 -9999 -9999 -9999 -9999 -9999 -9999 1.90342 3.37936 4.99442 6.50685 7.9379 9.17006 9.26912 9.92086 9.92413 10.2675 10.1745 9.72375 9.23834 8.33894 6.50096 4.95619 3.27112 3.72093 5.59821 5.8593 5.04848 3.54675 5.10594 6.8249 8.38312 9.22842 8.57273 9.25263 9.20101 8.75203 7.88661 6.53886 6.56862 5.55982 5.52012 6.04489 6.21832 6.13627 5.81408 5.30014 5.39976 5.80635 5.9121 6.51204 7.25828 7.98786 8.11406 8.25667 8.26688 8.27337 8.28891 8.29462 8.28379 8.25103 8.17322 7.57723 6.86766 6.43237 5.8316 5.76288 6.9344 7.40708 7.67519 7.93303 8.03758
-9999 -9999 -9999 -9999 -9999 -9999 -9999 -9999 3.22639 4.89492 6.13068 6.46668 7.56249 8.1561 8.61634 8.72155 10.027 10.1028 9.8186 9.37302 8.60652 7.21284 6.24315 4.62702 3.46666 3.95613 4.19096 4.62341 4.50153 5.19934 6.85148 8.5725 8.76386 7.67722 7.84271 8.07487 8.59027 8.33479 6.49683 5.56507 4.7924 5.34843 5.93324 6.07811 6.11072 6.00329 5.88461 5.6742 6.45535 7.03453 7.17234 7.67782 8.05214 8.1587 8.24001 8.25382 8.26776 8.27215 8.25483 8.24341 8.15482 7.95108 7.28365 5.6726 5.75238 5.58205 5.084 6.22759 6.9588 7.60479 7.95011 8.04251
-9999 -9999 -9999 -9999 -9999 -9999 -9999 -9999 2.67036 4.60034 5.01174 4.98615 4.35326 4.65101 7.0181 7.49803 8.75018 9.93601 9.85329 9.41619 8.69926 7.87091 6.5862 4.76808 3.32442 2.72728 4.29064 5.8295 6.14998 6.64303 7.6572 7.85339 6.74294 5.70179 6.29272 6.6502 8.00104 8.25076 7.99284 6.88694 5.62198 4.96362 5.74963 5.85835 5.90959 5.9233 5.90647 5.88641 6.7699 7.259 7.59969 7.78726 8.10939 8.19518 8.22564 8.25449 8.25304 8.24087 8.19486 8.14191 7.89483 7.59485 6.49865 5.58542 5.01751 4.29558 5.9361 6.42869 7.11437 7.55462 7.89793 7.97645
