Test_Spring_2018/04_18/Temp/20180409_008.txt
ncols	170
nrows	115
xllcorner	350000.000000
yllcorner	4445000.000000
cellsize	1000.000000
nodata_value	-9999.000000
[rows 32 to 63 of 115, columns 72 to 143 of 170]
18.058 17.9345 18.1278 18.3055 18.1749 18.0879 18.3715 18.3715 18.2723 18.0395 17.9549 17.8674 17.8146 17.5168 16.6783 15.9224 16.3299 16.3408 16.061 16.5648 16.2989 15.6048 14.6247 15.1555 15.0153 14.2955 14.1107 -9999 -9999 -9999 -9999 -9999 -9999 -9999 -9999 -9999 -9999 -9999 -9999 -9999 -9999 -9999 -9999 -9999 -9999 -9999 -9999 -9999 -9999 -9999 -9999 -9999 -9999 -9999 -9999 -9999 -9999 -9999 -9999 -9999 -9999 -9999 -9999 -9999 -9999 -9999 -9999 -9999 -9999 -9999 -9999 -9999
17.8826 17.8303 18.1173 18.112 18.0793 18.1594 18.3327 18.3687 18.3303 18.2291 18.1418 18.0493 17.8128 17.4718 16.7543 15.8937 15.6996 16.1229 16.1441 16.2125 15.9704 15.6658 15.1889 15.5778 15.7278 15.2572 14.6349 14.233 -9999 -9999 -9999 -9999 -9999 -9999 -9999 -9999 -9999 -9999 -9999 -9999 -9999 -9999 -9999 -9999 -9999 -9999 -9999 -9999 -9999 -9999 -9999 -9999 -9999 -9999 -9999 -9999 -9999 -9999 -9999 -9999 -9999 -9999 -9999 -9999 -9999 -9999 -9999 -9999 -9999 -9999 -9999 -9999
17.6753 17.3991 17.5726 17.7028 17.9131 17.9595 17.9952 18.3364 18.3186 18.3033 18.1585 18.0431 17.8514 17.5232 17.0554 16.4917 15.509 16.1173 16.5935 16.5821 16.5564 16.3431 15.8851 16.267 16.2837 15.6751 14.9816 14.5902 14.4279 -9999 -9999 -9999 -9999 -9999 -9999 -9999 -9999 -9999 -9999 -9999 -9999 -9999 -9999 -9999 -9999 -9999 -9999 -9999 -9999 -9999 -9999 -9999 -9999 -9999 -9999 -9999 -9999 -9999 -9999 -9999 -9999 -9999 -9999 -9999 -9999 -9999 -9999 -9999 -9999 -9999 -9999 -9999
17.4411 17.1035 17.278 17.5102 17.8206 17.9697 18.0889 18.1909 18.2951 18.2833 18.1349 17.6955 17.634 17.6164 17.311 16.6682 16.0263 15.861 16.5871 16.7955 16.7537 16.9156 16.5276 16.7099 16.6337 16.4126 15.747 15.1505 14.9089 14.4327 -9999 -9999 -9999 -9999 -9999 -9999 -9999 -9999 -9999 -9999 -9999 -9999 -9999 -9999 -9999 -9999 -9999 -9999 -9999 -9999 -9999 -9999 -9999 -9999 -9999 -9999 -9999 -9999 -9999 -9999 -9999 -9999 -9999 -9999 -9999 -9999 -9999 -9999 -9999 -9999 -9999 -9999
-9999 -9999 16.8834 17.183 17.4374 17.7436 18.0092 18.147 18.2812 18.2707 17.9733 17.8285 17.8171 17.6175 17.2647 17.044 16.6405 16.2199 16.3826 17.0018 16.7273 17.1654 17.1279 17.2075 16.9135 16.329 15.5763 15.1289 14.9126 14.5264 -9999 -9999 -9999 -9999 -9999 -9999 -9999 -9999 -9999 -9999 -9999 -9999 -9999 -9999 -9999 -9999 -9999 -9999 -9999 -9999 -9999 -9999 -9999 -9999 -9999 -9999 -9999 -9999 -9999 -9999 -9999 -9999 -9999 -9999 -9999 -9999 -9999 -9999 -9999 -9999 -9999 -9999
-9999 -9999 -9999 17.1174 17.3096 17.7357 17.934 18.0231 18.2393 18.24 18.1276 18.0433 17.9209 17.761 17.4964 17.2045 16.8253 16.7919 17.1889 17.1949 17.1129 17.178 17.3807 17.3261 16.8587 16.0604 15.6449 14.78 14.4189 14.4549 14.1994 -9999 -9999 -9999 -9999 -9999 -9999 -9999 -9999 -9999 -9999 -9999 -9999 15.2034 -9999 -9999 -9999 -9999 -9999 -9999 -9999 -9999 -9999 -9999 -9999 -9999 -9999 -9999 -9999 -9999 -9999 -9999 -9999 -9999 13.707 -9999 -9999 -9999 -9999 -9999 -9999 -9999
-9999 -9999 17.087 17.3319 17.5383 17.8046 17.818 17.9673 18.2156 18.2192 18.1395 18.05 17.8479 17.7993 17.6497 17.3328 17.2698 17.4012 17.4626 17.5314 17.5737 17.5401 17.4572 17.3496 17.0295 16.6642 16.4181 15.6392 15.2364 14.8638 14.3012 13.8615 -9999 -9999 -9999 -9999 -9999 -9999 -9999 14.8922 14.8745 14.8874 15.0133 15.3559 15.1579 -9999 -9999 -9999 -9999 -9999 -9999 -9999 -9999 -9999 -9999 -9999 -9999 -9999 -9999 -9999 -9999 -9999 -9999 -9999 14.0078 13.5702 -9999 -9999 -9999 -9999 -9999 -9999
-9999 -9999 17.132 17.4111 17.5495 17.8075 17.9544 18.0312 18.1166 18.1988 18.1852 18.086 17.9351 17.9381 17.7305 17.6199 17.5417 17.719 17.7557 17.687 17.5998 17.522 17.3011 17.2741 17.1752 16.9418 16.5605 16.1678 15.5821 14.8175 14.0683 13.4646 -9999 -9999 -9999 -9999 -9999 -9999 14.9445 15.2308 15.4036 15.0467 15.3571 15.6406 15.5976 15.3082 -9999 -9999 -9999 -9999 -9999 -9999 -9999 -9999 -9999 -9999 -9999 -9999 -9999 -9999 16.0783 15.63 14.7188 14.2543 13.9776 13.5803 -9999 -9999 -9999 -9999 -9999 -9999
-9999 -9999 17.0701 17.3995 17.6215 17.8182 17.8476 18.0414 18.1197 18.1634 18.1584 18.1395 18.1131 17.9321 17.856 17.582 17.85 17.8428 17.7781 17.5144 17.4002 16.9444 16.7428 16.6731 17.053 16.7659 16.1703 15.4267 14.5223 14.4552 14.1598 13.6199 -9999 -9999 -9999 -9999 -9999 -9999 15.0241 15.3305 15.5867 15.6268 15.2719 15.7739 15.7396 15.4611 15.3984 15.6282 15.7448 15.648 15.921 16.0033 15.8824 16.0208 -9999 -9999 -9999 -9999 16.1232 16.1469 16.1663 15.9828 14.987 14.3086 13.6998 13.6421 -9999 -9999 -9999 -9999 -9999 -9999
-9999 -9999 17.2936 17.495 17.5951 17.6086 17.7841 17.9518 18.0516 18.1291 18.1133 18.108 18.1032 18.0432 17.9008 17.9305 17.9223 17.8406 17.338 16.7502 17.0085 16.6586 15.8971 16.4931 16.8236 16.4979 15.7762 14.9401 14.6517 14.654 14.2432 13.7154 -9999 -9999 -9999 14.177 14.6138 14.6559 14.7881 15.1958 15.5068 15.7417 15.9023 15.889 15.7198 15.4471 15.1502 15.2563 15.7909 15.9213 16.0199 16.1048 15.9925 16.0563 16.2027 16.2806 16.3001 16.2714 16.2691 16.2864 16.2751 16.1046 15.2134 14.7064 14.3847 13.7304 -9999 -9999 -9999 -9999 -9999 -9999
-9999 -9999 17.1583 17.3326 17.4729 17.7038 17.7255 17.8733 17.9534 18.0792 18.0946 17.9401 18.0711 18.0576 18.0372 17.9901 17.9193 17.4964 16.9115 16.3242 16.0533 16.1608 15.708 15.9271 16.2617 16.1308 15.6816 14.9357 14.8264 14.64 13.9455 13.2827 -9999 -9999 13.3248 14.159 14.7481 15.0546 15.1531 15.1671 15.5582 15.5926 16.0121 15.908 15.355 15.4175 15.2018 15.3401 15.5358 15.5894 15.8626 16.1339 16.1873 16.1913 16.2856 16.3083 16.3177 16.3205 16.2644 16.2985 16.3089 16.205 15.5622 15.2516 14.9041 13.7352 -9999 -9999 -9999 -9999 -9999 -9999
-9999 -9999 17.2389 17.4335 17.6467 17.6778 17.8348 17.8144 17.759 17.9819 18.059 17.9505 17.8738 18.0232 18.0172 18.0023 17.9749 17.5782 17.1177 16.4178 15.9826 15.7081 15.5163 15.246 15.415 15.3561 15.2789 15.3551 15.1428 14.722 14.3165 13.5583 13.1509 -9999 13.3604 13.7391 14.4394 15.0358 15.4166 15.2871 15.7316 15.8175 16.0668 15.92 15.5832 15.439 15.4262 15.382 15.6775 15.8739 16.0056 16.1006 16.2183 16.2506 16.2838 16.3002 16.3117 16.3238 16.3281 16.3319 16.3251 16.2902 15.9981 15.6846 15.0076 13.7684 -9999 -9999 -9999 -9999 -9999 -9999
-9999 16.6694 17.2111 17.5392 17.6632 17.7514 17.8288 17.884 17.937 17.9925 18.0322 18.0129 17.7244 17.752 17.8089 17.9792 17.9724 17.9408 17.6909 16.8389 16.5391 16.1019 15.5399 15.2937 15.4046 15.8564 15.8292 15.5191 15.1746 14.6927 14.3882 13.9243 13.0348 13.1161 13.5185 13.8199 14.2978 15.0261 15.5386 15.7705 15.8612 16.0378 16.1333 15.9301 15.7333 15.6517 15.5001 15.4779 15.4781 15.6559 15.787 16.0958 16.2017 16.251 16.2786 16.2957 16.31 16.3248 16.3341 16.3345 16.3415 16.3457 16.3273 15.9128 14.8669 14.0826 -9999 -9999 -9999 -9999 -9999 -9999
-9999 -9999 17.1032 17.2444 17.2774 17.339 17.4711 17.6246 17.8393 17.8663 17.9893 17.9888 17.7385 17.4528 17.7104 17.8161 17.9255 17.9336 17.905 17.1826 16.8065 16.5087 15.9693 16.1497 16.3269 16.3337 16.2155 15.5575 14.9024 14.1407 13.4387 13.4026 13.0236 13.2224 13.4894 14.1713 14.6536 14.8531 14.9983 15.7391 15.9316 16.0002 16.191 15.9364 15.8689 15.676 15.7326 15.7146 15.7143 15.179 15.7062 15.7382 16.0881 16.2453 16.2835 16.2972 16.3124 16.3197 16.3279 16.333 16.3434 16.343 16.3438 16.0767 14.7485 14.0867 -9999 -9999 -9999 -9999 -9999 -9999
-9999 -9999 -9999 -9999 17.1329 17.2387 17.3048 17.4237 17.7936 17.8939 17.9613 17.9681 17.8587 17.5746 17.5044 17.5628 17.2886 17.527 17.8487 17.8419 17.8025 17.1689 16.8351 17.1417 17.0396 16.5573 16.1757 15.7991 15.0328 14.4628 13.6584 13.0548 13.0309 13.6944 14.2461 14.9364 15.2446 15.0788 15.272 15.6404 16.0596 16.2638 16.2194 15.9508 15.9103 15.6128 15.9039 15.9275 15.7899 15.6708 15.7092 15.8818 15.9484 16.2229 16.2916 16.3062 16.3132 16.3201 16.3253 16.3307 16.3333 16.3371 16.3399 16.3339 14.9686 13.9097 -9999 -9999 -9999 -9999 -9999 -9999
-9999 -9999 -9999 -9999 16.8633 16.9252 17.0982 17.5519 17.7826 17.8777 17.874 17.92 17.8438 17.5953 17.3412 17.1027 16.7927 16.9774 17.4572 17.7396 17.7709 17.215 17.4922 17.3779 17.158 16.5292 16.0634 15.8125 15.0763 14.438 13.9012 13.1633 13.4763 13.823 14.2701 15.0221 15.5327 15.7466 15.5782 15.8171 16.2989 16.3054 16.0474 16.0662 15.9046 15.498 15.9197 16.0371 15.9393 15.9622 15.918 15.9821 16.0998 16.2132 16.2901 16.3038 16.3094 16.3128 16.3191 16.3259 16.3275 16.3347 16.3376 16.3371 15.458 13.884 -9999 -9999 -9999 -9999 -9999 -9999
-9999 -9999 -9999 -9999 -9999 16.6113 17.0133 17.6173 17.7589 17.7433 17.8688 17.8809 17.7625 17.6615 17.3521 16.9281 16.1078 16.3225 16.7644 17.3987 17.7307 17.6833 17.4873 17.1592 16.3736 15.6846 15.5935 15.4736 14.9341 14.4392 13.8429 14.1826 14.5568 14.9683 15.1867 15.1349 15.5732 15.9321 15.7886 16.0804 16.4191 16.2716 16.185 16.1116 15.9254 15.9138 15.9318 16.1703 16.0023 16.1023 16.0966 16.0906 16.1481 16.2151 16.2864 16.3012 16.306 16.3129 16.3112 16.3208 16.3238 16.3268 16.3301 16.3306 16.2567 15.4125 14.9089 -9999 -9999 -9999 -9999 -9999
-9999 -9999 -9999 -9999 -9999 16.2292 16.427 17.1435 17.3568 17.6739 17.8429 17.8521 17.6504 17.54 17.0762 16.9302 16.1719 15.8298 16.1261 16.0148 16.8859 17.6549 17.4761 15.9125 15.3412 14.931 15.0261 15.019 14.8633 14.0311 13.8013 14.5305 14.9904 15.3483 15.6218 15.6821 15.6786 16.2367 16.3155 16.5003 16.4662 16.4867 16.2111 16.0406 16.1884 16.0145 15.9838 16.2303 15.9842 16.2033 16.1689 16.1025 16.0996 16.2467 16.2786 16.2977 16.3031 16.3031 16.3023 16.3046 16.3162 16.321 16.3198 16.3268 16.3251 16.2317 15.7965 15.6476 15.8232 -9999 -9999 -9999
-9999 -9999 -9999 -9999 -9999 -9999 15.7489 16.7469 17.1955 17.4348 17.7737 17.816 17.7064 17.5145 17.0426 16.6284 15.9509 15.1755 14.7635 16.001 17.0766 17.636 17.5514 16.2491 15.7307 15.6995 15.9932 15.7313 15.5312 14.8956 14.7058 14.4451 14.6032 15.0996 15.5093 15.9063 16.1972 16.2267 16.4182 16.5282 16.5417 16.5788 16.5489 16.5241 16.2528 16.4383 16.28 16.3623 16.307 16.2568 16.2068 16.0531 16.1625 16.2603 16.2877 16.2981 16.297 16.3013 16.3036 16.3015 16.3035 16.3098 16.3157 16.3173 16.3234 16.3267 16.283 16.023 15.6726 15.2282 -9999 -9999
-9999 -9999 -9999 -9999 -9999 -9999 15.2429 16.2365 16.708 17.3257 17.64 17.7686 17.7558 17.601 17.2435 16.7027 16.2526 15.3863 14.4854 15.7837 16.9369 17.5588 17.5885 16.4863 16.7821 16.5313 16.6228 16.1691 15.9769 15.8161 15.4917 15.1386 14.7503 14.5484 15.4648 15.9381 16.3207 16.5045 16.6111 16.6672 16.643 16.5766 16.174 16.4851 16.466 16.4353 16.3995 16.3815 16.3483 16.3094 16.2789 16.2714 16.1703 16.2857 16.2861 16.2915 16.2967 16.2992 16.2996 16.3012 16.302 16.3076 16.31 16.3125 16.316 16.3226 16.3251 16.3159 16.2502 15.6521 15.2957 15.1955
-9999 -9999 -9999 -9999 -9999 -9999 13.836 15.284 16.4351 17.0442 17.5366 17.6758 17.7306 17.5209 17.3655 16.9789 16.6128 16.0446 15.1907 14.6649 15.6349 17.046 17.5603 17.5071 17.4691 17.1809 16.9205 16.8823 16.8957 16.5859 16.1457 15.5811 15.4043 15.2088 15.892 15.9884 15.9437 16.6968 16.7042 16.6671 16.3861 16.0664 16.1303 15.932 16.0813 15.8453 16.0624 16.2497 16.3191 16.3125 16.2794 16.2739 16.2643 16.2866 16.2893 16.2898 16.292 16.296 16.2991 16.2969 16.2987 16.3088 16.3073 16.3093 16.3105 16.3181 16.3222 16.3167 16.3119 16.2238 16.0887 15.8239
-9999 -9999 -9999 -9999 -9999 -9999 13.8865 15.0966 16.1312 16.7463 17.3452 17.4865 17.6916 17.6524 17.4889 17.1531 16.732 16.2648 15.5324 14.9877 15.638 16.5721 17.2413 17.4693 17.4589 17.4377 17.3686 17.3305 17.2514 17.1847 16.8734 16.3384 16.0383 15.6 16.3609 16.4498 16.3357 16.719 16.7051 16.1381 15.703 15.6523 15.9191 15.6662 15.6186 15.4582 15.638 16.1191 15.9753 16.0027 16.2124 16.2496 16.2742 16.2828 16.2845 16.2873 16.2881 16.2939 16.3002 16.2979 16.3005 16.3052 16.3035 16.3054 16.3057 16.3098 16.3108 16.3103 16.3064 16.2847 16.2598 16.2908
-9999 -9999 -9999 -9999 -9999 -9999 13.9052 14.7164 15.6478 16.5556 17.1951 17.4549 17.6455 17.6473 17.4562 17.291 17.0282 16.6172 16.3356 15.8439 15.1675 16.3019 16.6446 16.9427 17.0635 17.3823 17.3693 17.216 17.0264 17.1838 17.1325 16.711 16.5734 16.3413 16.7656 16.7702 16.7626 16.7445 16.266 15.5989 15.0663 15.4566 15.3792 15.5533 15.0011 15.4519 15.816 15.9341 15.6853 15.5019 16.0608 16.1559 16.214 16.2525 16.2793 16.2776 16.2879 16.2897 16.2937 16.2979 16.2993 16.3027 16.3042 16.3054 16.303 16.3078 16.3071 16.3043 16.3088 16.2985 16.2975 16.2934
-9999 -9999 -9999 -9999 -9999 -9999 -9999 14.2249 15.397 16.4525 17.0415 17.4132 17.5962 17.5964 17.5002 17.3888 17.2267 16.9305 16.5571 15.9651 15.525 15.8039 16.1386 16.1641 16.3871 17.0408 17.2614 16.9389 16.1352 16.594 17.1114 17.1029 17.0596 17.0118 16.9512 16.8974 16.7764 16.4461 15.4258 15.2279 14.83 14.8792 14.6761 15.122 14.9506 15.4143 15.6155 15.6917 15.2643 15.3447 15.8479 16.0488 16.0181 16.1431 16.2629 16.2707 16.2786 16.2807 16.2887 16.2955 16.2997 16.3006 16.303 16.3062 16.2986 16.308 16.2756 16.2563 16.2113 16.2783 16.289 16.2959
-9999 -9999 -9999 -9999 -9999 -9999 -9999 13.9737 15.1529 16.3959 16.7965 17.1969 17.5433 17.5531 17.4038 17.2619 17.1154 16.9477 16.4943 16.0539 15.6329 15.491 15.5749 15.5503 15.9142 16.768 16.9306 16.8567 16.0138 15.7342 16.4261 17.0084 17.0552 17.0042 16.3218 16.4707 16.1047 15.6075 15.4735 15.2581 14.7984 15.0249 14.6885 14.8366 14.7871 15.0512 15.1804 15.4937 15.1218 15.1137 15.6081 15.8593 15.8683 16.1327 16.2294 16.2579 16.2687 16.2781 16.2847 16.2945 16.2981 16.3004 16.3014 16.2949 16.2711 16.1808 15.694 15.7001 15.8415 15.9753 16.2103 16.2845
-9999 -9999 -9999 -9999 -9999 -9999 -9999 14.1023 14.9211 16.0243 16.8424 16.896 17.2955 17.5032 17.3403 17.1564 16.968 16.8867 16.393 15.8499 15.4107 14.8901 14.9752 15.3478 15.9398 16.4909 16.5874 16.4706 16.0092 16.2167 16.6889 16.9402 17.0153 16.9589 16.8121 16.7289 16.4601 16.3457 15.9715 15.3844 15.1552 15.3059 14.6817 14.7282 14.9624 14.7043 15.1121 15.3079 14.8279 15.1995 15.6384 15.8642 16.0623 16.1581 16.1987 16.2593 16.2654 16.2752 16.2831 16.2878 16.2936 16.2903 16.2886 16.2418 16.1698 15.7133 15.5249 15.5682 15.7872 15.9794 16.1794 16.2649
-9999 -9999 -9999 -9999 -9999 -9999 -9999 14.2338 14.9713 15.9282 16.512 16.6183 17.0609 17.4549 17.414 17.2223 17.1656 16.9664 16.5479 16.085 15.5784 15.332 14.7647 15.3222 15.7445 16.2115 16.4289 16.045 15.8625 16.1843 16.5047 16.6334 16.9582 16.957 16.854 16.4024 16.184 16.2811 16.1894 16.0262 15.6229 15.608 15.3498 15.2443 15.1445 14.8003 15.014 15.0371 15.0944 15.5446 15.7745 15.9282 16.0685 16.1081 16.1716 16.2532 16.2647 16.2724 16.2772 16.2841 16.2839 16.2676 16.2547 16.1545 15.9726 15.6283 15.0655 15.4705 15.8936 16.0266 16.1495 16.2181
-9999 -9999 -9999 -9999 -9999 -9999 -9999 14.1002 14.8838 15.7019 16.0452 16.1054 16.9043 17.3945 17.398 17.3084 17.2032 16.7078 16.7388 16.6407 16.184 15.5178 14.7856 14.8539 15.2782 15.8884 16.092 15.4714 15.2596 15.4154 15.9001 16.3345 16.7885 16.9054 16.7751 16.0705 15.322 15.6738 16.0497 16.051 15.945 15.5711 15.4543 15.3487 15.0761 14.607 14.6682 14.8 15.3096 15.4775 15.7353 15.9501 15.874 15.9245 16.1309 16.2513 16.2604 16.2674 16.2763 16.2789 16.2773 16.239 16.1981 16.1258 15.6426 15.3441 14.9101 15.4252 15.7154 15.8714 16.1482 16.2186
-9999 -9999 -9999 -9999 -9999 -9999 -9999 13.8498 14.419 15.2011 15.5177 16.0216 16.7766 17.1493 17.3293 17.3279 17.2585 17.0378 16.9057 16.6433 16.1682 15.5179 14.7944 14.3233 14.5624 15.3753 15.5649 14.9975 14.7167 15.067 15.5837 16.3489 16.787 16.848 16.8109 16.6678 16.1221 15.4622 15.4678 15.8036 15.5287 15.2085 15.3895 15.3595 15.0905 14.8954 14.7619 14.8373 15.1255 15.2516 15.5492 15.9869 16.0529 16.0447 16.2317 16.2454 16.2543 16.2661 16.2709 16.2744 16.2742 16.2438 16.1691 15.8492 15.5709 15.1816 15.1379 15.5991 15.8078 15.9956 16.1343 16.1834
-9999 -9999 -9999 -9999 -9999 -9999 -9999 13.4246 14.0941 14.827 15.5136 16.1635 16.7234 16.7689 17.0654 17.0675 17.2239 17.1819 16.9773 16.7565 16.3475 15.512 14.8092 14.0424 14.2445 15.0821 15.1626 14.7927 14.1093 14.8158 15.5953 16.3022 16.6859 16.3886 16.6979 16.6755 16.4728 16.0813 15.4709 15.4858 15.0292 15.0125 15.2518 15.3315 15.295 15.1494 14.9093 14.9404 15.1123 15.1618 15.4357 15.7763 16.1096 16.1691 16.2363 16.2436 16.2494 16.2594 16.2651 16.2633 16.2516 16.2195 15.9521 15.633 15.4384 15.1686 15.1402 15.6761 15.8905 16.0092 16.1298 16.181
-9999 -9999 -9999 -9999 -9999 -9999 -9999 -9999 14.0175 14.7747 15.3357 15.4885 15.9864 16.2564 16.466 16.5144 17.1075 17.1423 17.0133 16.8108 16.4622 15.8285 15.3869 14.6515 14.1227 14.3211 14.3991 14.5936 14.5367 14.8522 15.6014 16.3822 16.469 15.9761 16.0519 16.1583 16.3935 16.2789 15.446 15.0245 14.6752 14.929 15.1957 15.2625 15.2782 15.2303 15.1654 15.0463 15.4024 15.667 15.7313 15.9627 16.1348 16.1856 16.225 16.2341 16.2433 16.2483 16.2435 16.2415 16.2044 16.1151 15.8152 15.0869 15.1262 15.0518 14.8285 15.3518 15.677 15.9739 16.1343 16.1801
-9999 -9999 -9999 -9999 -9999 -9999 -9999 -9999 13.7578 14.6337 14.8205 14.8091 14.5223 14.6581 15.7334 15.9519 16.521 17.0597 17.0224 16.8238 16.4978 16.1208 15.5362 14.7091 14.0516 13.7528 14.45 15.135 15.2788 15.5013 15.9608 16.0494 15.5452 15.0729 15.3419 15.5052 16.1197 16.2346 16.1191 15.6187 15.046 14.7486 15.1068 15.1573 15.1817 15.1888 15.1768 15.1497 15.5407 15.7644 15.921 16.0082 16.1567 16.1981 16.2146 16.2305 16.2328 16.2303 16.2126 16.1917 16.0828 15.9497 15.4552 15.0437 14.7889 14.4641 15.2118 15.4395 15.7492 15.9477 16.1073 16.1468
