Test_Spring_2018/04_18/Temp/20180427_014.txt
ncols	170
nrows	115
xllcorner	350000.000000
yllcorner	4445000.000000
cellsize	1000.000000
nodata_value	-9999.000000
[rows 32 to 63 of 115, columns 72 to 143 of 170]
23.7674 23.748 23.7862 23.8212 23.7733 23.7422 23.7874 23.7889 23.7727 23.7325 23.7198 23.7071 23.7012 23.6506 23.5012 23.367 23.4459 23.4518 23.4043 23.4998 23.4539 23.3291 23.1513 23.2499 23.2252 23.0634 23.0229 -9999 -9999 -9999 -9999 -9999 -9999 -9999 -9999 -9999 -9999 -9999 -9999 -9999 -9999 -9999 -9999 -9999 -9999 -9999 -9999 -9999 -9999 -9999 -9999 -9999 -9999 -9999 -9999 -9999 -9999 -9999 -9999 -9999 -9999 -9999 -9999 -9999 -9999 -9999 -9999 -9999 -9999 -9999 -9999 -9999
23.7337 23.7276 23.7831 23.7848 23.7626 23.754 23.7793 23.7875 23.7825 23.7664 23.7533 23.7397 23.7 23.6414 23.5141 23.3606 23.3292 23.4106 23.4182 23.434 23.3926 23.3392 23.2538 23.3266 23.3553 23.2551 23.1185 23.0273 -9999 -9999 -9999 -9999 -9999 -9999 -9999 -9999 -9999 -9999 -9999 -9999 -9999 -9999 -9999 -9999 -9999 -9999 -9999 -9999 -9999 -9999 -9999 -9999 -9999 -9999 -9999 -9999 -9999 -9999 -9999 -9999 -9999 -9999 -9999 -9999 -9999 -9999 -9999 -9999 -9999 -9999 -9999 -9999
23.6947 23.6476 23.6824 23.7089 23.715 23.7085 23.7165 23.7807 23.7794 23.7791 23.7554 23.7375 23.706 23.6498 23.5681 23.469 23.2931 23.4085 23.4994 23.5007 23.499 23.4624 23.3806 23.4523 23.4567 23.3236 23.1625 23.0927 23.0652 -9999 -9999 -9999 -9999 -9999 -9999 -9999 -9999 -9999 -9999 -9999 -9999 -9999 -9999 -9999 -9999 -9999 -9999 -9999 -9999 -9999 -9999 -9999 -9999 -9999 -9999 -9999 -9999 -9999 -9999 -9999 -9999 -9999 -9999 -9999 -9999 -9999 -9999 -9999 -9999 -9999 -9999 -9999
23.6513 23.5929 23.6278 23.6728 23.7133 23.7191 23.7328 23.753 23.7741 23.7743 23.7499 23.6726 23.665 23.6656 23.6138 23.5003 23.3868 23.3606 23.4974 23.539 23.5344 23.5666 23.4977 23.5328 23.5202 23.4714 23.3204 23.1952 23.1531 23.0685 -9999 -9999 -9999 -9999 -9999 -9999 -9999 -9999 -9999 -9999 -9999 -9999 -9999 -9999 -9999 -9999 -9999 -9999 -9999 -9999 -9999 -9999 -9999 -9999 -9999 -9999 -9999 -9999 -9999 -9999 -9999 -9999 -9999 -9999 -9999 -9999 -9999 -9999 -9999 -9999 -9999 -9999
-9999 -9999 23.5551 23.5942 23.6361 23.6772 23.7174 23.744 23.7704 23.7707 23.7189 23.6956 23.6971 23.6645 23.6041 23.5681 23.4985 23.4256 23.4593 23.5763 23.5291 23.612 23.6072 23.6234 23.5707 23.4385 23.2892 23.1909 23.1533 23.0851 -9999 -9999 -9999 -9999 -9999 -9999 -9999 -9999 -9999 -9999 -9999 -9999 -9999 -9999 -9999 -9999 -9999 -9999 -9999 -9999 -9999 -9999 -9999 -9999 -9999 -9999 -9999 -9999 -9999 -9999 -9999 -9999 -9999 -9999 -9999 -9999 -9999 -9999 -9999 -9999 -9999 -9999
-9999 -9999 -9999 23.5818 23.612 23.6906 23.703 23.7203 23.7614 23.7635 23.7456 23.7333 23.7146 23.6894 23.6454 23.5965 23.5316 23.5299 23.6067 23.6115 23.5996 23.6141 23.6532 23.6446 23.5508 23.389 23.3135 23.1267 23.0622 23.071 23.027 -9999 -9999 -9999 -9999 -9999 -9999 -9999 -9999 -9999 -9999 -9999 -9999 23.2884 -9999 -9999 -9999 -9999 -9999 -9999 -9999 -9999 -9999 -9999 -9999 -9999 -9999 -9999 -9999 -9999 -9999 -9999 -9999 -9999 23.1517 -9999 -9999 -9999 -9999 -9999 -9999 -9999
-9999 -9999 23.5924 23.6157 23.6534 23.7021 23.6903 23.709 23.7556 23.758 23.746 23.7328 23.6996 23.695 23.6723 23.6191 23.6124 23.6412 23.6568 23.6732 23.6841 23.6805 23.6671 23.6485 23.5661 23.4993 23.4543 23.3006 23.211 23.1446 23.044 22.9666 -9999 -9999 -9999 -9999 -9999 -9999 -9999 23.2029 23.207 23.2167 23.247 23.3169 23.2876 -9999 -9999 -9999 -9999 -9999 -9999 -9999 -9999 -9999 -9999 -9999 -9999 -9999 -9999 -9999 -9999 -9999 -9999 -9999 23.2109 23.139 -9999 -9999 -9999 -9999 -9999 -9999
-9999 -9999 23.5802 23.6307 23.6552 23.7015 23.7276 23.7194 23.7358 23.7524 23.7523 23.7373 23.7137 23.7188 23.6858 23.6709 23.6618 23.6994 23.7107 23.7021 23.6894 23.6775 23.6386 23.6344 23.5932 23.5499 23.4793 23.4068 23.2731 23.1344 22.9992 22.8915 -9999 -9999 -9999 -9999 -9999 -9999 23.2039 23.264 23.3034 23.2457 23.3101 23.3694 23.3688 23.3096 -9999 -9999 -9999 -9999 -9999 -9999 -9999 -9999 -9999 -9999 -9999 -9999 -9999 -9999 23.5614 23.4875 23.3288 23.2518 23.2092 23.1445 -9999 -9999 -9999 -9999 -9999 -9999
-9999 -9999 23.5705 23.6293 23.6682 23.7024 23.7061 23.7321 23.7346 23.7438 23.7451 23.7449 23.7443 23.7161 23.7076 23.6632 23.7181 23.7222 23.7154 23.6713 23.6536 23.5724 23.5367 23.5028 23.5714 23.5174 23.4067 23.269 23.0864 23.066 23.0134 22.9171 -9999 -9999 -9999 -9999 -9999 -9999 23.2168 23.281 23.3361 23.3515 23.2944 23.394 23.3827 23.339 23.3348 23.3843 23.4131 23.3922 23.4459 23.47 23.4571 23.4918 -9999 -9999 -9999 -9999 23.5567 23.5696 23.5815 23.5561 23.3817 23.2654 23.1618 23.1569 -9999 -9999 -9999 -9999 -9999 -9999
-9999 -9999 23.6135 23.6479 23.6633 23.6629 23.6924 23.713 23.7201 23.7331 23.7327 23.7354 23.7392 23.7338 23.7138 23.7257 23.7306 23.7217 23.6351 23.532 23.5829 23.5211 23.3707 23.4714 23.5301 23.4681 23.3333 23.1776 23.1075 23.1 23.0258 22.9313 -9999 -9999 -9999 23.0364 23.1238 23.1396 23.1722 23.2556 23.3213 23.3719 23.4096 23.4052 23.3803 23.3377 23.2906 23.3174 23.4228 23.4543 23.4664 23.4911 23.48 23.5048 23.541 23.5647 23.5777 23.5817 23.5902 23.6022 23.6087 23.5858 23.4267 23.3417 23.2905 23.1839 -9999 -9999 -9999 -9999 -9999 -9999
-9999 -9999 23.5853 23.614 23.6363 23.6745 23.6754 23.7001 23.7063 23.7217 23.7269 23.7024 23.7314 23.7349 23.7378 23.7362 23.7303 23.6594 23.5581 23.4554 23.4094 23.4218 23.3391 23.3711 23.4301 23.4006 23.3118 23.1721 23.1494 23.1006 22.9679 22.8485 -9999 -9999 22.8699 23.0296 23.1453 23.2099 23.2369 23.2486 23.3295 23.3448 23.4304 23.4112 23.3162 23.3352 23.3012 23.3338 23.3808 23.3982 23.4478 23.5024 23.5215 23.5317 23.5586 23.5724 23.5836 23.5934 23.5922 23.6073 23.6178 23.6071 23.4976 23.4487 23.3917 23.1919 -9999 -9999 -9999 -9999 -9999 -9999
-9999 -9999 23.5969 23.6284 23.6632 23.665 23.6904 23.6864 23.6676 23.7084 23.718 23.702 23.6933 23.7271 23.7333 23.7382 23.7409 23.6753 23.5973 23.4741 23.398 23.3416 23.3062 23.2441 23.2722 23.2579 23.24 23.2502 23.204 23.1122 23.0375 22.8954 22.8238 -9999 22.8725 22.949 23.0854 23.2036 23.2829 23.2688 23.36 23.3852 23.4328 23.4141 23.3589 23.3431 23.3484 23.3478 23.4093 23.451 23.4753 23.5016 23.529 23.5445 23.5603 23.573 23.5847 23.5964 23.6063 23.6159 23.6233 23.6253 23.5799 23.5294 23.4133 23.2002 -9999 -9999 -9999 -9999 -9999 -9999
-9999 23.5107 23.5938 23.6487 23.6662 23.6776 23.6875 23.6943 23.6958 23.7071 23.7158 23.7114 23.6642 23.6761 23.6944 23.7339 23.7409 23.7428 23.7037 23.5529 23.4955 23.4123 23.3083 23.2546 23.2711 23.3495 23.3397 23.2782 23.2106 23.1078 23.0468 22.9623 22.7988 22.8181 22.8977 22.9603 23.0563 23.1991 23.303 23.3557 23.3825 23.4191 23.4454 23.4191 23.39 23.383 23.3628 23.3662 23.3735 23.4134 23.4381 23.5017 23.5302 23.5461 23.5609 23.5738 23.5862 23.5984 23.6094 23.6185 23.6284 23.6376 23.6416 23.5736 23.3942 23.2642 -9999 -9999 -9999 -9999 -9999 -9999
-9999 -9999 23.5757 23.5955 23.5954 23.6011 23.6203 23.6446 23.6756 23.6804 23.7046 23.7083 23.6653 23.6203 23.6758 23.7041 23.7329 23.7425 23.7443 23.6105 23.5436 23.4893 23.3889 23.4129 23.4408 23.4369 23.4096 23.2834 23.1581 23.0038 22.8733 22.8662 22.7955 22.8341 22.8891 23.0216 23.1187 23.165 23.202 23.3484 23.3904 23.414 23.4584 23.4208 23.4156 23.3882 23.4062 23.4103 23.4174 23.3266 23.4241 23.4385 23.5113 23.5481 23.5631 23.5754 23.588 23.5989 23.6098 23.6198 23.6304 23.6383 23.6494 23.6091 23.3743 23.2665 -9999 -9999 -9999 -9999 -9999 -9999
-9999 -9999 -9999 -9999 23.5687 23.5818 23.5885 23.606 23.6653 23.6834 23.6974 23.7023 23.6878 23.6419 23.6378 23.6578 23.6167 23.6678 23.731 23.7336 23.7283 23.6121 23.5438 23.5959 23.572 23.4778 23.4016 23.3263 23.1799 23.0606 22.9108 22.7994 22.7961 22.9206 23.0252 23.1593 23.2248 23.2046 23.2507 23.3277 23.4149 23.4624 23.464 23.424 23.4239 23.3774 23.4384 23.45 23.432 23.4172 23.4254 23.4654 23.4862 23.5454 23.567 23.578 23.589 23.6 23.6103 23.6205 23.6308 23.6406 23.65 23.6577 23.4162 23.2356 -9999 -9999 -9999 -9999 -9999 -9999
-9999 -9999 -9999 -9999 23.5188 23.5236 23.5496 23.6282 23.662 23.6792 23.6802 23.6924 23.6841 23.646 23.6079 23.5737 23.5256 23.567 23.6607 23.7163 23.7239 23.6218 23.6652 23.6399 23.5942 23.4727 23.3807 23.328 23.1867 23.0548 22.9537 22.8175 22.8756 22.9421 23.0291 23.1736 23.2764 23.326 23.3053 23.3598 23.4587 23.4703 23.4329 23.4457 23.4236 23.3572 23.4421 23.4709 23.4601 23.4712 23.4644 23.4844 23.5145 23.544 23.567 23.5787 23.5889 23.5992 23.6099 23.6208 23.6305 23.6411 23.6507 23.6595 23.5073 23.2323 -9999 -9999 -9999 -9999 -9999 -9999
-9999 -9999 -9999 -9999 -9999 23.4654 23.5334 23.6395 23.6572 23.6542 23.679 23.6851 23.6692 23.6582 23.6102 23.542 23.4006 23.4475 23.5343 23.6543 23.7169 23.7079 23.6647 23.6001 23.4507 23.3181 23.2946 23.2658 23.1605 23.0548 22.9428 23.0039 23.0732 23.1515 23.1966 23.1943 23.2837 23.3596 23.3439 23.4083 23.4811 23.4646 23.4587 23.4547 23.4282 23.4342 23.4452 23.4962 23.4725 23.4977 23.4979 23.505 23.5239 23.5448 23.5667 23.5786 23.5888 23.5996 23.6089 23.6203 23.6304 23.6404 23.6502 23.6595 23.6549 23.5136 23.4308 -9999 -9999 -9999 -9999 -9999
-9999 -9999 -9999 -9999 -9999 23.3947 23.4256 23.5527 23.5837 23.6418 23.6748 23.6805 23.6494 23.636 23.5596 23.5424 23.4125 23.3567 23.4168 23.4002 23.5616 23.7022 23.6621 23.3715 23.2615 23.1802 23.1911 23.1832 23.1483 22.981 22.9362 23.0688 23.1539 23.2225 23.2777 23.2956 23.3041 23.4168 23.4412 23.4859 23.4904 23.5047 23.4643 23.4426 23.4773 23.4536 23.4557 23.5083 23.4702 23.5173 23.5121 23.508 23.5158 23.5512 23.5658 23.5784 23.5888 23.5983 23.608 23.6177 23.6295 23.64 23.6493 23.6599 23.6687 23.6651 23.5949 23.5768 23.6178 -9999 -9999 -9999
-9999 -9999 -9999 -9999 -9999 -9999 23.3012 23.4805 23.5548 23.5991 23.6634 23.6753 23.6573 23.6307 23.5533 23.4867 23.3713 23.237 23.1656 23.3961 23.595 23.6974 23.6747 23.4323 23.3325 23.3212 23.3689 23.3149 23.2725 23.1413 23.1043 23.0559 23.0859 23.1779 23.2592 23.3393 23.4016 23.4173 23.4636 23.4922 23.5054 23.5226 23.5272 23.5322 23.4901 23.5323 23.5111 23.5337 23.5306 23.5284 23.5202 23.5001 23.5283 23.5546 23.5683 23.5798 23.5886 23.5989 23.6091 23.6189 23.6279 23.6388 23.6495 23.6593 23.6698 23.6841 23.6857 23.6473 23.592 23.5191 -9999 -9999
-9999 -9999 -9999 -9999 -9999 -9999 23.2085 23.3877 23.4665 23.5806 23.636 23.6618 23.6667 23.6465 23.5898 23.4994 23.4253 23.274 23.1152 23.3575 23.5671 23.6813 23.6853 23.4746 23.5246 23.4738 23.4853 23.3969 23.3567 23.3128 23.2517 23.1868 23.1136 23.0815 23.255 23.349 23.4279 23.4715 23.502 23.5237 23.5278 23.5236 23.4598 23.5263 23.5303 23.533 23.5343 23.5386 23.5397 23.5396 23.5347 23.5414 23.531 23.5602 23.5705 23.5801 23.5901 23.5999 23.6098 23.6203 23.6309 23.6415 23.6497 23.6598 23.6699 23.6852 23.6953 23.7029 23.6999 23.5988 23.5417 23.5305
-9999 -9999 -9999 -9999 -9999 -9999 22.9508 23.2141 23.411 23.5246 23.6141 23.6453 23.6623 23.6317 23.6114 23.5489 23.4896 23.3925 23.242 23.1502 23.3305 23.5901 23.6783 23.6601 23.6498 23.593 23.5411 23.5298 23.5282 23.4573 23.3703 23.2679 23.2392 23.2075 23.3383 23.3631 23.3634 23.511 23.5229 23.5271 23.4869 23.4352 23.4574 23.4265 23.4612 23.4263 23.4741 23.516 23.5361 23.542 23.5364 23.543 23.5494 23.5644 23.5731 23.5819 23.5912 23.6014 23.6117 23.6215 23.6322 23.6446 23.6536 23.6644 23.6707 23.6864 23.6969 23.7053 23.7135 23.706 23.6895 23.6483
-9999 -9999 -9999 -9999 -9999 -9999 22.9529 23.1655 23.3561 23.4653 23.5794 23.6109 23.6551 23.6553 23.6331 23.5793 23.5095 23.4305 23.3019 23.2066 23.3288 23.5008 23.6234 23.6569 23.6473 23.6404 23.6246 23.6088 23.5913 23.5648 23.508 23.4126 23.3606 23.2847 23.4298 23.4531 23.4405 23.5199 23.5274 23.4341 23.3652 23.3667 23.4207 23.3842 23.3829 23.357 23.398 23.4939 23.475 23.4872 23.5255 23.5405 23.5564 23.5662 23.5748 23.584 23.5932 23.6036 23.6145 23.6242 23.635 23.6464 23.6566 23.6659 23.6761 23.6919 23.6973 23.7067 23.7151 23.7199 23.7277 23.7406
-9999 -9999 -9999 -9999 -9999 -9999 22.9568 23.0957 23.268 23.4303 23.5519 23.6051 23.6463 23.6536 23.6258 23.6028 23.5615 23.4925 23.4463 23.3606 23.2399 23.4498 23.5121 23.5588 23.5749 23.6306 23.6252 23.5942 23.5398 23.5685 23.561 23.4861 23.4642 23.4263 23.5098 23.5175 23.5242 23.5298 23.4517 23.3396 23.2524 23.3342 23.3301 23.3657 23.2716 23.3633 23.4382 23.4676 23.4241 23.3979 23.4999 23.5294 23.5482 23.5636 23.5769 23.5853 23.5962 23.606 23.6164 23.6272 23.6378 23.6488 23.6596 23.6702 23.6783 23.6944 23.7044 23.7188 23.7288 23.7299 23.7381 23.7449
-9999 -9999 -9999 -9999 -9999 -9999 -9999 23.0054 23.2136 23.4103 23.5227 23.5961 23.6357 23.6423 23.6314 23.6177 23.5943 23.5459 23.4825 23.3781 23.3006 23.3537 23.4142 23.4108 23.4504 23.5685 23.607 23.5462 23.3823 23.4673 23.5635 23.5644 23.56 23.5558 23.5496 23.5466 23.5322 23.4803 23.3026 23.2767 23.2138 23.2327 23.2054 23.2897 23.2649 23.3585 23.4037 23.4256 23.3549 23.3679 23.4725 23.5174 23.5198 23.5508 23.5774 23.5876 23.5981 23.6079 23.6191 23.6303 23.6413 23.6558 23.6669 23.6781 23.6855 23.7028 23.7071 23.7134 23.7145 23.7356 23.7459 23.7642
-9999 -9999 -9999 -9999 -9999 -9999 -9999 22.9486 23.1675 23.3989 23.4769 23.5555 23.6248 23.6328 23.6119 23.5922 23.5714 23.5462 23.4681 23.3916 23.3177 23.2942 23.3112 23.297 23.3633 23.519 23.548 23.5337 23.3633 23.3136 23.4425 23.5522 23.5647 23.5602 23.441 23.475 23.4155 23.3327 23.317 23.2868 23.2121 23.2632 23.2111 23.2475 23.2373 23.2943 23.3263 23.3918 23.3316 23.3283 23.4318 23.4862 23.4961 23.5529 23.5792 23.5932 23.6042 23.6153 23.6262 23.6381 23.649 23.6599 23.6706 23.6799 23.6858 23.6777 23.6042 23.6152 23.6506 23.6842 23.7362 23.7677
-9999 -9999 -9999 -9999 -9999 -9999 -9999 22.9698 23.1232 23.3293 23.4839 23.499 23.5779 23.622 23.5982 23.5706 23.5419 23.5324 23.4469 23.3516 23.2747 23.1822 23.1999 23.2697 23.3676 23.4688 23.4866 23.4654 23.3652 23.4054 23.4947 23.5443 23.5624 23.5572 23.5363 23.5278 23.4859 23.473 23.413 23.3144 23.2816 23.3184 23.2133 23.2309 23.2828 23.2332 23.3164 23.3605 23.2807 23.3518 23.4409 23.4908 23.5357 23.5618 23.578 23.5981 23.6084 23.6196 23.6307 23.6416 23.6528 23.6625 23.6725 23.6743 23.6713 23.5977 23.5773 23.5951 23.6448 23.6893 23.7455 23.7701
-9999 -9999 -9999 -9999 -9999 -9999 -9999 22.9912 23.1301 23.3098 23.4216 23.4465 23.5332 23.6112 23.6097 23.5805 23.5758 23.5446 23.4728 23.3924 23.3034 23.2614 23.1601 23.2644 23.3315 23.4181 23.4588 23.3717 23.3407 23.4025 23.4647 23.4923 23.5565 23.5617 23.5489 23.4729 23.4402 23.4659 23.4574 23.4361 23.3711 23.3774 23.3391 23.3288 23.3193 23.2534 23.3011 23.3138 23.3367 23.4184 23.4695 23.5065 23.541 23.5571 23.5777 23.6018 23.6132 23.6241 23.6347 23.6459 23.6559 23.6631 23.6709 23.6628 23.6395 23.5864 23.4975 23.5816 23.6688 23.7124 23.7457 23.7676
-9999 -9999 -9999 -9999 -9999 -9999 -9999 22.9637 23.1115 23.2661 23.3341 23.3505 23.5026 23.5982 23.6047 23.5941 23.5804 23.495 23.5057 23.4922 23.4126 23.2941 23.163 23.1781 23.2497 23.3594 23.3983 23.2681 23.2324 23.2644 23.3571 23.4412 23.5294 23.5564 23.5387 23.4165 23.2867 23.3589 23.4359 23.4446 23.4338 23.3741 23.3616 23.3511 23.31 23.229 23.2406 23.2733 23.3697 23.4097 23.4661 23.5146 23.5097 23.5281 23.5751 23.6065 23.6176 23.6284 23.6398 23.6501 23.6598 23.6628 23.6654 23.6622 23.5837 23.5389 23.4745 23.5779 23.6409 23.6909 23.7514 23.7739
-9999 -9999 -9999 -9999 -9999 -9999 -9999 22.9146 23.0236 23.1719 23.2352 23.3331 23.4771 23.5513 23.5901 23.5957 23.5886 23.5536 23.5344 23.491 23.4083 23.2929 23.1638 23.0805 23.127 23.2658 23.3007 23.1827 23.1348 23.2029 23.3018 23.4468 23.5324 23.5494 23.549 23.5296 23.437 23.3238 23.3329 23.4027 23.3609 23.3109 23.3529 23.3562 23.3157 23.2887 23.2606 23.2872 23.3394 23.372 23.4359 23.5255 23.547 23.5548 23.5985 23.6105 23.6217 23.6335 23.6441 23.6546 23.6644 23.6688 23.6651 23.6165 23.5754 23.5139 23.5157 23.6146 23.6727 23.7192 23.7547 23.7737
-9999 -9999 -9999 -9999 -9999 -9999 -9999 22.8334 22.9612 23.1008 23.2321 23.3569 23.4653 23.4796 23.5399 23.5462 23.5805 23.5783 23.546 23.5104 23.44 23.291 23.1659 23.0288 23.0688 23.2168 23.2105 23.1464 23.0251 23.1587 23.3061 23.4407 23.5165 23.4681 23.5313 23.5341 23.5043 23.4403 23.3365 23.3475 23.2724 23.278 23.3305 23.3539 23.3561 23.3383 23.2989 23.3092 23.3405 23.3593 23.4192 23.4912 23.5619 23.5824 23.6044 23.6154 23.6261 23.6377 23.6485 23.6579 23.6656 23.6696 23.6305 23.5819 23.5561 23.5165 23.5211 23.6341 23.693 23.7273 23.7597 23.7794
-9999 -9999 -9999 -9999 -9999 -9999 -9999 -9999 22.9442 23.0885 23.1971 23.231 23.3283 23.3839 23.4284 23.4433 23.5578 23.5698 23.5515 23.5194 23.4601 23.3483 23.2713 23.1401 23.0465 23.0753 23.0715 23.1109 23.1046 23.1669 23.3089 23.4572 23.4788 23.3947 23.4152 23.4418 23.4923 23.479 23.3345 23.2656 23.2101 23.2652 23.3229 23.344 23.3558 23.3559 23.3519 23.322 23.3972 23.4556 23.4774 23.5297 23.5711 23.5903 23.6074 23.6189 23.6304 23.6411 23.65 23.6594 23.6624 23.6557 23.6106 23.4869 23.5039 23.5001 23.469 23.5845 23.6615 23.7264 23.7663 23.7852
-9999 -9999 -9999 -9999 -9999 -9999 -9999 -9999 22.8938 23.0601 23.1004 23.1045 23.0582 23.0894 23.2927 23.3389 23.4492 23.5537 23.5523 23.5211 23.4661 23.4014 23.2983 23.1505 23.0334 22.9626 23.0871 23.2109 23.2415 23.2868 23.3759 23.3975 23.311 23.2308 23.2868 23.3238 23.4439 23.4728 23.4597 23.3764 23.2801 23.2344 23.3088 23.3271 23.3405 23.351 23.3609 23.3526 23.4261 23.4773 23.5162 23.5424 23.5797 23.5975 23.6106 23.6235 23.6338 23.6433 23.6498 23.6557 23.6454 23.6307 23.5498 23.4841 23.4472 23.3974 23.5442 23.6056 23.6792 23.727 23.7669 23.785
