Test_Spring_2018/04_18/Temp/20180411_019.txt
ncols	170
nrows	115
xllcorner	350000.000000
yllcorner	4445000.000000
cellsize	1000.000000
nodata_value	-9999.000000
[rows 32 to 63 of 115, columns 72 to 143 of 170]
15.6866 15.5775 15.7761 15.9598 15.8594 15.7945 16.0897 16.1007 16.0154 15.8001 15.7284 15.6538 15.6128 15.3338 14.5299 13.8063 14.2123 14.2335 13.9727 14.473 14.2263 13.5642 12.6246 13.1523 13.0287 12.3599 12.2027 -9999 -9999 -9999 -9999 -9999 -9999 -9999 -9999 -9999 -9999 -9999 -9999 -9999 -9999 -9999 -9999 -9999 -9999 -9999 -9999 -9999 -9999 -9999 -9999 -9999 -9999 -9999 -9999 -9999 -9999 -9999 -9999 -9999 -9999 -9999 -9999 -9999 -9999 -9999 -9999 -9999 -9999 -9999 -9999 -9999
15.5237 15.4837 15.7733 15.7792 15.7683 15.8713 16.0594 16.1055 16.0791 15.9916 15.9175 15.8382 15.6189 15.2981 14.6117 13.7864 13.6084 14.0299 14.0613 14.1387 13.9149 13.6306 13.1794 13.5689 13.7268 13.2934 12.7178 12.3502 -9999 -9999 -9999 -9999 -9999 -9999 -9999 -9999 -9999 -9999 -9999 -9999 -9999 -9999 -9999 -9999 -9999 -9999 -9999 -9999 -9999 -9999 -9999 -9999 -9999 -9999 -9999 -9999 -9999 -9999 -9999 -9999 -9999 -9999 -9999 -9999 -9999 -9999 -9999 -9999 -9999 -9999 -9999 -9999
15.3299 15.0725 15.2517 15.3892 15.622 15.6931 15.7391 16.0815 16.0752 16.0713 15.9414 15.8399 15.6642 15.3559 14.912 14.375 13.4312 14.0323 14.5053 14.5051 14.4912 14.2954 13.8623 14.2448 14.273 13.7144 13.0706 12.7028 12.5574 -9999 -9999 -9999 -9999 -9999 -9999 -9999 -9999 -9999 -9999 -9999 -9999 -9999 -9999 -9999 -9999 -9999 -9999 -9999 -9999 -9999 -9999 -9999 -9999 -9999 -9999 -9999 -9999 -9999 -9999 -9999 -9999 -9999 -9999 -9999 -9999 -9999 -9999 -9999 -9999 -9999 -9999 -9999
15.1099 14.7928 14.9731 15.2095 15.5311 15.7035 15.8374 15.9476 16.0599 16.0594 15.9262 15.5102 15.4609 15.4543 15.168 14.5542 13.9412 13.7911 14.5066 14.7195 14.6898 14.8582 14.4929 14.6815 14.6192 14.427 13.8119 13.2526 13.03 12.5795 -9999 -9999 -9999 -9999 -9999 -9999 -9999 -9999 -9999 -9999 -9999 -9999 -9999 -9999 -9999 -9999 -9999 -9999 -9999 -9999 -9999 -9999 -9999 -9999 -9999 -9999 -9999 -9999 -9999 -9999 -9999 -9999 -9999 -9999 -9999 -9999 -9999 -9999 -9999 -9999 -9999 -9999
-9999 -9999 14.5972 14.9078 15.1741 15.4909 15.7671 15.9124 16.0539 16.0549 15.777 15.6471 15.6466 15.4631 15.1308 14.9267 14.5452 14.147 14.3152 14.927 14.6712 15.1075 15.0824 15.1711 14.8973 14.3611 13.6518 13.2373 13.0391 12.6759 -9999 -9999 -9999 -9999 -9999 -9999 -9999 -9999 -9999 -9999 -9999 -9999 -9999 -9999 -9999 -9999 -9999 -9999 -9999 -9999 -9999 -9999 -9999 -9999 -9999 -9999 -9999 -9999 -9999 -9999 -9999 -9999 -9999 -9999 -9999 -9999 -9999 -9999 -9999 -9999 -9999 -9999
-9999 -9999 -9999 14.8513 15.057 15.4826 15.7013 15.7994 16.0207 16.0326 15.9345 15.8635 15.7552 15.6102 15.3635 15.0901 14.732 14.7096 15.1052 15.1214 15.0524 15.1264 15.3343 15.2927 14.8606 14.1062 13.715 12.9041 12.5654 12.612 12.3754 -9999 -9999 -9999 -9999 -9999 -9999 -9999 -9999 -9999 -9999 -9999 -9999 13.4939 -9999 -9999 -9999 -9999 -9999 -9999 -9999 -9999 -9999 -9999 -9999 -9999 -9999 -9999 -9999 -9999 -9999 -9999 -9999 -9999 12.3088 -9999 -9999 -9999 -9999 -9999 -9999 -9999
-9999 -9999 14.8091 15.0737 15.2861 15.5567 15.589 15.7524 16.0051 16.02 15.9538 15.8777 15.6921 15.6551 15.52 15.2222 15.1708 15.3083 15.3778 15.4548 15.5064 15.4844 15.415 15.322 15.0408 14.6984 14.4718 13.7364 13.3646 13.0146 12.4797 12.0639 -9999 -9999 -9999 -9999 -9999 -9999 -9999 13.149 13.143 13.1672 13.3014 13.6464 13.4669 -9999 -9999 -9999 -9999 -9999 -9999 -9999 -9999 -9999 -9999 -9999 -9999 -9999 -9999 -9999 -9999 -9999 -9999 -9999 12.6056 12.1913 -9999 -9999 -9999 -9999 -9999 -9999
-9999 -9999 14.8739 15.157 15.3037 15.5667 15.7218 15.8216 15.9164 16.0078 16.0059 15.9204 15.7845 15.7976 15.6059 15.5082 15.4419 15.6238 15.6691 15.6124 15.538 15.4731 15.2697 15.2549 15.1878 14.9737 14.6161 14.2473 13.7059 12.9753 12.2592 11.6841 -9999 -9999 -9999 -9999 -9999 -9999 13.193 13.4818 13.6607 13.3259 13.6394 13.9272 13.8984 13.6468 -9999 -9999 -9999 -9999 -9999 -9999 -9999 -9999 -9999 -9999 -9999 -9999 -9999 -9999 14.5806 14.155 13.2803 12.8394 12.5811 12.2059 -9999 -9999 -9999 -9999 -9999 -9999
-9999 -9999 14.8197 15.1519 15.3802 15.5841 15.6256 15.8327 15.9268 15.981 15.9875 15.9801 15.9649 15.7993 15.7352 15.4786 15.7482 15.7506 15.6973 15.451 15.3503 14.9183 14.7337 14.6932 15.0747 14.8087 14.2432 13.5341 12.6752 12.6291 12.3537 11.8404 -9999 -9999 -9999 -9999 -9999 -9999 13.2744 13.5824 13.8423 13.893 13.5606 14.0608 14.0556 13.7994 13.7529 13.9903 14.1178 14.0454 14.3288 14.4211 14.3155 14.4612 -9999 -9999 -9999 -9999 14.6105 14.6429 14.6711 14.5025 13.5456 12.8969 12.3162 12.2768 -9999 -9999 -9999 -9999 -9999 -9999
-9999 -9999 15.0423 15.2506 15.361 15.3874 15.5713 15.7534 15.8679 15.958 15.9539 15.9595 15.965 15.9166 15.7878 15.8258 15.8269 15.7567 15.2781 14.7169 14.9778 14.6466 13.9246 14.5235 14.8573 14.5541 13.8665 13.0678 12.8072 12.8278 12.4405 11.9408 -9999 -9999 -9999 12.4279 12.8614 12.9119 13.0502 13.4566 13.7696 14.0082 14.1765 14.1838 14.0399 13.7899 13.5166 13.6345 14.1683 14.3095 14.4308 14.5258 14.4288 14.503 14.6557 14.7413 14.7699 14.7514 14.7582 14.7841 14.7824 14.6262 13.7702 13.288 12.986 12.3689 -9999 -9999 -9999 -9999 -9999 -9999
-9999 -9999 14.9183 15.1006 15.2502 15.4912 15.5259 15.6828 15.7788 15.9168 15.943 15.8037 15.9411 15.9375 15.9269 15.8901 15.8302 15.4285 14.8697 14.309 14.0559 14.176 13.7478 13.9801 14.318 14.2031 13.7842 13.0733 12.9801 12.817 12.1592 11.5262 -9999 -9999 11.5958 12.4148 12.9959 13.3029 13.4083 13.4321 13.8229 13.8681 14.2878 14.2062 13.6894 13.7651 13.5714 13.7213 13.9291 13.996 14.2818 14.5617 14.6255 14.6406 14.7427 14.7746 14.7932 14.8049 14.7593 14.8013 14.8203 14.7287 14.114 13.8224 13.4999 12.3778 -9999 -9999 -9999 -9999 -9999 -9999
-9999 -9999 15.0063 15.2088 15.4295 15.4736 15.6398 15.633 15.5976 15.8264 15.9157 15.8209 15.7565 15.9109 15.914 15.9082 15.8902 15.5136 15.0754 14.4052 13.9926 13.7411 13.5666 13.3273 13.5048 13.4611 13.3995 13.4868 13.2936 12.903 12.5208 11.7993 11.4136 -9999 11.6352 12.0116 12.7003 13.2884 13.6676 13.5521 13.9946 14.0898 14.3496 14.2211 13.9144 13.7933 13.7966 13.7693 14.0716 14.2787 14.4273 14.5329 14.6623 14.7049 14.7475 14.7733 14.7936 14.8142 14.8269 14.8392 14.8413 14.8163 14.5421 14.2513 13.6047 12.4144 -9999 -9999 -9999 -9999 -9999 -9999
-9999 14.44 14.9843 15.3169 15.4515 15.5514 15.6407 15.7083 15.7777 15.844 15.8943 15.8884 15.6181 15.6541 15.7181 15.8918 15.8935 15.8712 15.6373 14.8193 14.5415 14.1316 13.5981 13.3783 13.4997 13.9522 13.9397 13.6522 13.3309 12.8805 12.5967 12.157 11.3062 11.3942 11.7934 12.0945 12.5668 13.2827 13.7896 14.0248 14.1239 14.311 14.4172 14.2378 14.0671 14.0041 13.8731 13.8679 13.8841 14.0724 14.2201 14.5352 14.6506 14.712 14.7491 14.7753 14.7982 14.8211 14.8384 14.8471 14.8623 14.8752 14.8695 14.4773 13.4754 12.7269 -9999 -9999 -9999 -9999 -9999 -9999
-9999 -9999 14.8848 15.0363 15.0828 15.1573 15.3 15.4633 15.6897 15.7285 15.8596 15.8702 15.6383 15.3699 15.6284 15.7392 15.8535 15.8695 15.8503 15.1627 14.8085 14.5311 14.0198 14.2143 14.4003 14.4211 14.3204 13.6954 13.0729 12.3506 11.6805 11.6562 11.2986 11.5024 11.77 12.4402 12.9165 13.1187 13.2688 13.998 14.1983 14.2802 14.4796 14.2475 14.2026 14.032 14.1037 14.103 14.1193 13.6157 14.1482 14.1932 14.5459 14.7116 14.7604 14.7832 14.8068 14.8221 14.8382 14.8511 14.8695 14.8796 14.8921 14.6433 13.3649 12.7354 -9999 -9999 -9999 -9999 -9999 -9999
-9999 -9999 -9999 -9999 14.9485 15.0661 15.145 15.2748 15.6519 15.7617 15.8389 15.8564 15.7602 15.494 15.4341 15.4987 15.2404 15.4807 15.8035 15.8072 15.78 15.1767 14.8707 15.1824 15.0975 14.6436 14.2875 13.9359 13.2055 12.6693 11.8999 11.3245 11.3112 11.9645 12.5095 13.1875 13.4947 13.342 13.5386 13.9089 14.328 14.5396 14.5108 14.2654 14.2471 13.9752 14.2751 14.3152 14.1986 14.0993 14.1573 14.3391 14.4169 14.6955 14.7731 14.7981 14.8135 14.8283 14.8412 14.8542 14.8669 14.88 14.8927 14.8976 13.5832 12.5682 -9999 -9999 -9999 -9999 -9999 -9999
-9999 -9999 -9999 -9999 14.6925 14.7677 14.9505 15.4055 15.6473 15.7522 15.7602 15.8156 15.7515 15.5193 15.281 15.0574 14.7646 14.9527 15.4281 15.7126 15.7542 15.2265 15.5137 15.4169 15.2178 14.6219 14.1841 13.9547 13.2535 12.6509 12.1412 11.4355 11.7491 12.0948 12.5372 13.2756 13.7791 13.9952 13.8415 14.0843 14.5642 14.584 14.3481 14.3819 14.2461 13.8686 14.2956 14.427 14.3492 14.3881 14.366 14.4426 14.57 14.6922 14.7779 14.8009 14.8155 14.8267 14.8406 14.8557 14.866 14.8824 14.8952 14.9054 14.0632 12.5482 -9999 -9999 -9999 -9999 -9999 -9999
-9999 -9999 -9999 -9999 -9999 14.4688 14.8739 15.4748 15.6301 15.6273 15.7607 15.7831 15.6779 15.5888 15.2968 14.893 14.1047 14.3219 14.7606 15.3868 15.7205 15.6866 15.5143 15.21 14.4618 13.8074 13.7334 13.6312 13.1211 12.6576 12.0901 12.4305 12.8036 13.212 13.4324 13.3901 13.8234 14.1803 14.0505 14.3447 14.6858 14.5561 14.4866 14.431 14.2713 14.2775 14.3126 14.5616 14.4157 14.5296 14.5448 14.5534 14.6224 14.6995 14.7797 14.8039 14.8174 14.8321 14.8384 14.8558 14.8674 14.8797 14.8929 14.9041 14.8436 14.0373 13.5607 -9999 -9999 -9999 -9999 -9999
-9999 -9999 -9999 -9999 -9999 14.1036 14.3104 15.0203 15.2451 15.5651 15.7407 15.7601 15.574 15.4762 15.0342 14.9003 14.1722 13.8491 14.1464 14.0489 14.906 15.6649 15.5094 14.0054 13.4652 13.0814 13.1882 13.1953 13.0577 12.2668 12.055 12.7735 13.2296 13.586 13.8599 13.9269 13.9312 14.4814 14.5679 14.7582 14.7372 14.7706 14.5176 14.3677 14.5323 14.3807 14.3683 14.6251 14.4033 14.6327 14.6199 14.5697 14.5802 14.735 14.7769 14.8052 14.8196 14.8276 14.8346 14.8453 14.8654 14.8794 14.8883 14.9058 14.9154 14.838 14.4277 14.2956 14.4787 -9999 -9999 -9999
-9999 -9999 -9999 -9999 -9999 -9999 13.6575 14.6405 15.0936 15.338 15.6782 15.7297 15.6354 15.4572 15.007 14.6128 13.9632 13.2192 12.8297 14.0418 15.0975 15.6528 15.5888 14.3384 13.8494 13.8334 14.1327 13.8923 13.7114 13.1112 12.9382 12.6955 12.8587 13.3509 13.7575 14.1505 14.4408 14.4779 14.6732 14.792 14.8172 14.8666 14.8521 14.8433 14.6009 14.7979 14.6614 14.7585 14.7216 14.6892 14.6612 14.5262 14.6454 14.7524 14.7898 14.811 14.8185 14.8307 14.8408 14.8467 14.8585 14.8741 14.8898 14.9021 14.9193 14.9357 14.9055 14.6654 14.3376 13.9185 -9999 -9999
-9999 -9999 -9999 -9999 -9999 -9999 13.1715 14.15 14.6253 15.2368 15.5558 15.6926 15.6888 15.5467 15.2077 14.6908 14.2623 13.43 12.5649 13.836 14.9686 15.5844 15.6259 14.5753 14.8765 14.647 14.7497 14.3227 14.1492 14.0101 13.7063 13.3738 13.0087 12.8229 13.7204 14.1877 14.5673 14.7544 14.8674 14.9322 14.9208 14.8718 14.4951 14.8122 14.8144 14.8011 14.7831 14.7822 14.7664 14.7446 14.7355 14.742 14.6567 14.7823 14.7945 14.809 14.8227 14.8334 14.8419 14.8517 14.8609 14.8765 14.8903 14.9033 14.9178 14.9375 14.9519 14.9551 14.9036 14.3349 14.0009 13.9202
-9999 -9999 -9999 -9999 -9999 -9999 11.811 13.2301 14.3692 14.9717 15.4634 15.6079 15.6699 15.4747 15.3322 14.9652 14.6184 14.0759 13.2564 12.7562 13.7096 15.0914 15.6054 15.5732 15.5499 15.2838 15.0444 15.0206 15.0464 14.7627 14.3499 13.8115 13.6519 13.4703 14.1417 14.2434 14.2083 14.9485 14.9652 14.9397 14.6783 14.3813 14.4569 14.2823 14.4476 14.2345 14.4615 14.6594 14.7427 14.7517 14.7399 14.7508 14.7537 14.7889 14.8016 14.8116 14.8225 14.8349 14.8464 14.8526 14.863 14.8818 14.8919 14.9042 14.9185 14.9389 14.9547 14.9613 14.9686 14.8949 14.7755 14.5351
-9999 -9999 -9999 -9999 -9999 -9999 11.8698 13.0634 14.0794 14.6918 15.2832 15.4299 15.6379 15.6085 15.4584 15.1409 14.741 14.2966 13.5953 13.0767 13.719 14.6385 15.3003 15.5414 15.5466 15.5393 15.4853 15.4656 15.4012 15.3536 15.0619 14.5561 14.2737 13.8566 14.6037 14.6984 14.5964 14.9776 14.974 14.434 14.0229 13.986 14.2596 14.0281 14.0022 13.8651 14.0552 14.5378 14.4161 14.4577 14.6817 14.7308 14.7699 14.7893 14.801 14.8133 14.8232 14.8376 14.8524 14.8588 14.8702 14.8839 14.892 14.9065 14.9176 14.9346 14.9493 14.9606 14.9684 14.959 14.9473 14.9945
-9999 -9999 -9999 -9999 -9999 -9999 11.895 12.7 13.6155 14.5127 15.1434 15.4052 15.5994 15.61 15.4332 15.2818 15.0357 14.6461 14.3825 13.9154 13.2696 14.3822 14.7282 15.0373 15.1718 15.4945 15.4949 15.3588 15.1945 15.3583 15.3238 14.9241 14.7996 14.5831 15.0038 15.0169 15.0185 15.0104 14.5557 13.9186 13.4128 13.8038 13.7414 13.926 13.4099 13.8644 14.2333 14.3632 14.1391 13.9756 14.5385 14.6476 14.7156 14.7639 14.8002 14.8082 14.8275 14.8382 14.851 14.864 14.8745 14.8873 14.8984 14.9097 14.9212 14.9387 14.9494 14.9588 14.9748 14.9784 14.9887 15.0018
-9999 -9999 -9999 -9999 -9999 -9999 -9999 12.2306 13.3857 14.421 15.0027 15.3731 15.56 15.5692 15.4848 15.3858 15.2377 14.9599 14.6075 14.0433 13.627 13.9092 14.248 14.2928 14.5221 15.1696 15.3963 15.0956 14.3344 14.7968 15.3094 15.311 15.2782 15.241 15.1912 15.148 15.0397 14.7287 13.7481 13.5669 13.1919 13.2517 13.0672 13.516 13.3698 13.8346 14.0447 14.1333 13.7328 13.8326 14.3397 14.547 14.5289 14.6612 14.7885 14.806 14.8231 14.8344 14.8513 14.8671 14.8804 14.8907 14.9029 14.9163 14.9232 14.9454 14.9252 14.9178 14.8856 14.962 14.9836 15.012
-9999 -9999 -9999 -9999 -9999 -9999 -9999 11.9997 13.1554 14.3727 14.7716 15.17 15.5157 15.5345 15.3988 15.2703 15.1376 14.9846 14.5545 14.1375 13.7395 13.613 13.706 13.7043 14.0702 14.9114 15.0816 15.0218 14.2294 13.9686 14.6507 15.2259 15.281 15.2408 14.5875 14.7415 14.3957 13.9227 13.8029 13.6045 13.1694 13.4012 13.0869 13.2436 13.2184 13.4888 13.6283 13.9466 13.5994 13.613 14.1117 14.3677 14.3878 14.6555 14.7599 14.7976 14.8178 14.8365 14.8523 14.8713 14.8843 14.8962 14.9072 14.9112 14.8986 14.8261 14.3665 14.3836 14.532 14.6731 14.9199 15.0065
-9999 -9999 -9999 -9999 -9999 -9999 -9999 12.1317 12.9374 14.0189 14.8232 14.885 15.2824 15.4935 15.3448 15.1757 15.0025 14.9335 14.4643 13.9474 13.5318 13.0373 13.1312 13.5044 14.1023 14.6494 14.755 14.6533 14.2318 14.444 14.9127 15.1667 15.2494 15.2042 15.0713 15 14.7487 14.6477 14.2947 13.7354 13.524 13.682 13.088 13.1456 13.3858 13.1588 13.5682 13.7719 13.3191 13.7079 14.1462 14.3773 14.581 14.6848 14.7347 14.8038 14.8196 14.8388 14.856 14.8703 14.8856 14.8922 14.9006 14.8655 14.8061 14.3736 14.2084 14.2614 14.4849 14.6825 14.9002 14.9933
-9999 -9999 -9999 -9999 -9999 -9999 -9999 12.2668 12.9935 13.9329 14.5098 14.6229 15.0623 15.4544 15.4242 15.2478 15.2025 15.019 14.6228 14.1838 13.7025 13.4741 12.9343 13.4869 13.92 14.3851 14.6079 14.2628 14.0965 14.4195 14.741 14.8761 15.2013 15.2099 15.1196 14.6909 14.4887 14.593 14.5144 14.3666 13.9861 13.9831 13.7442 13.6539 13.5695 13.2588 13.4793 13.5147 13.5905 14.0485 14.2838 14.4446 14.592 14.6413 14.7135 14.8029 14.824 14.8414 14.8559 14.8723 14.882 14.8761 14.8737 14.7866 14.6205 14.2969 13.7684 14.1724 14.594 14.7391 14.8772 14.9538
-9999 -9999 -9999 -9999 -9999 -9999 -9999 12.1447 12.9161 13.7208 14.0643 14.1326 14.9181 15.4037 15.4168 15.3395 15.2471 14.7761 14.8163 14.7314 14.2984 13.6622 12.9622 13.0395 13.4709 14.0786 14.2877 13.7132 13.5183 13.6802 14.1612 14.5931 15.044 15.1674 15.0507 14.3765 13.6597 14.0115 14.3868 14.3987 14.3068 13.9549 13.8532 13.7625 13.5099 13.0733 13.1499 13.2904 13.8143 13.9892 14.2512 14.4713 14.4085 14.4683 14.6792 14.8064 14.8253 14.842 14.8606 14.873 14.8814 14.8543 14.8247 14.7647 14.3061 14.0268 13.6183 14.1345 14.4269 14.6033 14.8822 14.9604
-9999 -9999 -9999 -9999 -9999 -9999 -9999 11.9093 12.4725 13.2423 13.5598 14.0591 14.8021 15.1737 15.3582 15.3666 15.3091 15.1047 14.9865 14.7419 14.291 13.6701 12.9784 12.5317 12.7748 13.5877 13.7912 13.2604 12.9986 13.3492 13.8614 14.6145 15.05 15.1193 15.0932 14.9643 14.4444 13.814 13.8297 14.1664 13.9103 13.6105 13.7975 13.78 13.5306 13.3532 13.2473 13.3406 13.6417 13.7759 14.0764 14.5127 14.5878 14.5906 14.7827 14.8062 14.8251 14.8465 14.8612 14.8745 14.8843 14.8648 14.8026 14.5023 14.2425 13.875 13.8433 14.3095 14.5283 14.7302 14.875 14.9327
-9999 -9999 -9999 -9999 -9999 -9999 -9999 11.5043 12.1649 12.887 13.5639 14.205 14.7585 14.8126 15.1103 15.1221 15.2837 15.2528 15.0641 14.8599 14.473 13.6722 13.0004 12.2666 12.4735 13.3061 13.4172 13.0689 12.4162 13.1128 13.8801 14.5767 14.9594 14.6809 14.9913 14.9795 14.7928 14.4229 13.8405 13.8655 13.4329 13.4275 13.671 13.7598 13.736 13.6063 13.3917 13.4471 13.6351 13.6948 13.9722 14.3141 14.6486 14.7171 14.7929 14.8103 14.8261 14.8459 14.8614 14.8697 14.8684 14.8472 14.5978 14.2984 14.1199 13.8685 13.8516 14.3847 14.615 14.7498 14.8771 14.9368
-9999 -9999 -9999 -9999 -9999 -9999 -9999 -9999 12.0985 12.8442 13.3992 13.5577 14.0512 14.3233 14.5366 14.5934 15.179 15.2226 15.1072 14.9206 14.5922 13.9872 13.5689 12.8655 12.3627 12.5823 12.6833 12.883 12.8385 13.1556 13.8934 14.6619 14.7565 14.288 14.3717 14.4851 14.7235 14.6223 13.8239 13.4251 13.0965 13.3537 13.6236 13.6998 13.7265 13.6915 13.6546 13.5656 13.9231 14.1915 14.2653 14.5011 14.6791 14.7391 14.7879 14.807 14.8261 14.841 14.8464 14.8545 14.8285 14.7519 14.471 13.7742 13.8227 13.7611 13.5551 14.0801 14.4234 14.722 14.888 14.9426
-9999 -9999 -9999 -9999 -9999 -9999 -9999 -9999 11.8545 12.7155 12.9072 12.9064 12.638 12.7798 13.8336 14.0556 14.6178 15.1506 15.124 14.9411 14.6346 14.2787 13.7215 12.929 12.3013 12.0395 12.7344 13.4159 13.5664 13.7932 14.2499 14.3463 13.8671 13.4187 13.69 13.8586 14.4653 14.5868 14.4848 14.0092 13.4637 13.1856 13.5443 13.6045 13.6394 13.6578 13.6666 13.6661 14.0636 14.2923 14.4557 14.5515 14.7066 14.7575 14.7839 14.8097 14.8221 14.8297 14.8225 14.8122 14.7164 14.5974 14.1275 13.7383 13.5014 13.1967 13.9334 14.1715 14.493 14.703 14.8684 14.917
