Test_Spring_2018/04_18/Temp/20180420_001.txt
ncols	170
nrows	115
xllcorner	350000.000000
yllcorner	4445000.000000
cellsize	1000.000000
nodata_value	-9999.000000
[rows 32 to 63 of 115, columns 72 to 143 of 170]
14.6029 14.2699 14.7851 15.2595 14.9708 14.7802 15.5583 15.5593 15.2946 14.6712 14.4433 14.207 14.0626 13.2626 11.0159 8.9905 10.0774 10.1042 9.35444 10.702 9.99186 8.13769 5.51978 6.9449 6.57594 4.73265 4.28468 -9999 -9999 -9999 -9999 -9999 -9999 -9999 -9999 -9999 -9999 -9999 -9999 -9999 -9999 -9999 -9999 -9999 -9999 -9999 -9999 -9999 -9999 -9999 -9999 -9999 -9999 -9999 -9999 -9999 -9999 -9999 -9999 -9999 -9999 -9999 -9999 -9999 -9999 -9999 -9999 -9999 -9999 -9999 -9999 -9999
14.1478 14.005 14.7707 14.7551 14.7108 14.985 15.4677 15.5653 15.4627 15.1914 14.9567 14.707 14.0717 13.1563 11.2336 8.92812 8.4061 9.53617 9.59153 9.77422 9.12732 8.31449 7.04219 8.08682 8.49352 7.28164 5.69917 4.67544 -9999 -9999 -9999 -9999 -9999 -9999 -9999 -9999 -9999 -9999 -9999 -9999 -9999 -9999 -9999 -9999 -9999 -9999 -9999 -9999 -9999 -9999 -9999 -9999 -9999 -9999 -9999 -9999 -9999 -9999 -9999 -9999 -9999 -9999 -9999 -9999 -9999 -9999 -9999 -9999 -9999 -9999 -9999 -9999
13.6066 12.8649 13.3266 13.6733 14.3184 14.4809 14.5781 15.4919 15.4446 15.4034 15.0147 14.7041 14.1887 13.3077 12.053 10.542 7.91034 9.53504 10.8076 10.7764 10.7083 10.1394 8.91726 9.94272 9.99245 8.45024 6.68411 5.64238 5.21286 -9999 -9999 -9999 -9999 -9999 -9999 -9999 -9999 -9999 -9999 -9999 -9999 -9999 -9999 -9999 -9999 -9999 -9999 -9999 -9999 -9999 -9999 -9999 -9999 -9999 -9999 -9999 -9999 -9999 -9999 -9999 -9999 -9999 -9999 -9999 -9999 -9999 -9999 -9999 -9999 -9999 -9999 -9999
12.9925 12.0865 12.5511 13.1709 14.0458 14.4995 14.8417 15.1157 15.3951 15.3631 14.9652 13.788 13.6207 13.5708 12.7504 11.0277 9.30727 8.8626 10.8033 11.3599 11.2484 11.6831 10.6482 11.1398 10.9407 10.3995 8.70189 7.15258 6.51101 5.24083 -9999 -9999 -9999 -9999 -9999 -9999 -9999 -9999 -9999 -9999 -9999 -9999 -9999 -9999 -9999 -9999 -9999 -9999 -9999 -9999 -9999 -9999 -9999 -9999 -9999 -9999 -9999 -9999 -9999 -9999 -9999 -9999 -9999 -9999 -9999 -9999 -9999 -9999 -9999 -9999 -9999 -9999
-9999 -9999 11.5074 12.3517 13.0475 13.9063 14.6408 15.0113 15.3712 15.3432 14.5467 14.1576 14.1243 13.587 12.6398 12.0458 10.963 9.83507 10.268 11.9234 11.1895 12.3629 12.2656 12.4827 11.7013 10.2284 8.25575 7.1061 6.53236 5.50345 -9999 -9999 -9999 -9999 -9999 -9999 -9999 -9999 -9999 -9999 -9999 -9999 -9999 -9999 -9999 -9999 -9999 -9999 -9999 -9999 -9999 -9999 -9999 -9999 -9999 -9999 -9999 -9999 -9999 -9999 -9999 -9999 -9999 -9999 -9999 -9999 -9999 -9999 -9999 -9999 -9999 -9999
-9999 -9999 -9999 12.188 12.7177 13.8608 14.4519 14.6927 15.2726 15.2746 14.9733 14.746 14.4158 13.9844 13.2726 12.4874 11.4692 11.3763 12.4358 12.4507 12.2315 12.4072 12.9527 12.8114 11.6101 9.52089 8.4177 6.18391 5.22384 5.32459 4.64448 -9999 -9999 -9999 -9999 -9999 -9999 -9999 -9999 -9999 -9999 -9999 -9999 7.30129 -9999 -9999 -9999 -9999 -9999 -9999 -9999 -9999 -9999 -9999 -9999 -9999 -9999 -9999 -9999 -9999 -9999 -9999 -9999 -9999 3.28475 -9999 -9999 -9999 -9999 -9999 -9999 -9999
-9999 -9999 12.0742 12.7849 13.3414 14.0584 14.1325 14.556 15.2226 15.233 15.0193 14.7778 14.2341 14.1 13.6951 12.8425 12.6691 13.0167 13.1778 13.3605 13.4738 13.3858 13.1678 12.8855 12.1145 11.1468 10.4982 8.45426 7.42278 6.43167 4.93035 3.7562 -9999 -9999 -9999 -9999 -9999 -9999 -9999 6.48618 6.43519 6.46729 6.80293 7.71956 7.19143 -9999 -9999 -9999 -9999 -9999 -9999 -9999 -9999 -9999 -9999 -9999 -9999 -9999 -9999 -9999 -9999 -9999 -9999 -9999 4.10288 2.91882 -9999 -9999 -9999 -9999 -9999 -9999
-9999 -9999 12.2544 13.0064 13.3826 14.0791 14.4779 14.7397 14.9713 15.1924 15.1558 14.8882 14.4811 14.4843 13.9234 13.6216 13.4067 13.8764 13.9708 13.7852 13.552 13.3462 12.7597 12.6941 12.5129 11.9 10.8917 9.85245 8.36026 6.32157 4.32206 2.70945 -9999 -9999 -9999 -9999 -9999 -9999 6.64153 7.40219 7.86036 6.90301 7.73226 8.4913 8.37856 7.66226 -9999 -9999 -9999 -9999 -9999 -9999 -9999 -9999 -9999 -9999 -9999 -9999 -9999 -9999 9.71259 8.499 6.04714 4.79012 4.03573 2.95882 -9999 -9999 -9999 -9999 -9999 -9999
-9999 -9999 12.0959 12.9841 13.5862 14.1205 14.2069 14.751 14.9933 15.1122 15.0985 15.0456 14.9707 14.4809 14.2707 13.5308 14.241 14.2158 14.0385 13.3307 13.0254 11.8088 11.275 11.1652 12.1943 11.4397 9.86031 7.88485 5.51401 5.36678 4.58205 3.14069 -9999 -9999 -9999 -9999 -9999 -9999 6.86536 7.67878 8.35929 8.46383 7.51341 8.85741 8.81904 8.07997 7.9191 8.54094 8.8604 8.64517 9.38456 9.60558 9.28131 9.64881 -9999 -9999 -9999 -9999 9.87796 9.9276 9.96469 9.45868 6.77975 4.94974 3.30625 3.15742 -9999 -9999 -9999 -9999 -9999 -9999
-9999 -9999 12.7 13.2479 13.5258 13.5722 14.0517 14.5271 14.825 15.0373 14.9944 14.9771 14.9587 14.7914 14.4024 14.4734 14.4431 14.2174 12.8674 11.2917 11.9822 11.051 9.04719 10.689 11.588 10.7329 8.81856 6.59792 5.87609 5.91346 4.82121 3.41167 -9999 -9999 -9999 4.63196 5.79231 5.8961 6.24127 7.32446 8.1504 8.77944 9.20808 9.20432 8.77274 8.05085 7.26557 7.55865 8.9983 9.35628 9.66556 9.89503 9.59495 9.75901 10.146 10.3473 10.3902 10.302 10.2823 10.3138 10.2677 9.79498 7.40051 6.02819 5.15219 3.38987 -9999 -9999 -9999 -9999 -9999 -9999
-9999 -9999 12.3459 12.8228 13.2092 13.8477 13.9165 14.3211 14.5587 14.9182 14.9585 14.5418 14.8863 14.842 14.778 14.6421 14.4431 13.3034 11.7324 10.1579 9.43267 9.74452 8.54134 9.1725 10.0836 9.76037 8.58418 6.60625 6.32976 5.87404 4.04058 2.27094 -9999 -9999 2.37484 4.59823 6.16478 6.97457 7.22822 7.25681 8.29622 8.3839 9.50438 9.25292 7.79385 7.9693 7.41385 7.79561 8.33017 8.48391 9.25378 9.98701 10.1311 10.1404 10.3889 10.4429 10.4585 10.4539 10.2896 10.3649 10.3757 10.0801 8.34268 7.4945 6.56367 3.40766 -9999 -9999 -9999 -9999 -9999 -9999
-9999 -9999 12.5775 13.1102 13.6931 13.7889 14.2207 14.1793 14.0551 14.6557 14.8777 14.5833 14.3714 14.7617 14.7349 14.6837 14.5995 13.5286 12.2895 10.4131 9.24848 8.53632 8.03263 7.36444 7.83419 7.69551 7.50812 7.7311 7.19312 6.11098 5.03574 3.025 1.9355 -9999 2.48585 3.48965 5.35208 6.93591 7.94322 7.58683 8.76814 8.993 9.67936 9.29034 8.4101 8.03757 8.01429 7.90807 8.7111 9.26183 9.65376 9.91383 10.2337 10.3198 10.4051 10.4426 10.4636 10.4835 10.4799 10.4731 10.4366 10.3242 9.52394 8.67998 6.85221 3.50821 -9999 -9999 -9999 -9999 -9999 -9999
-9999 11.0196 12.5086 13.4006 13.7472 13.9975 14.218 14.3777 14.5427 14.7003 14.8079 14.7637 13.9843 14.0477 14.1878 14.6306 14.6 14.5046 13.8282 11.5445 10.756 9.60288 8.11075 7.49657 7.81315 9.043 8.99221 8.18414 7.28279 6.03661 5.24572 4.01092 1.64148 1.85501 2.92398 3.71987 4.98584 6.92105 8.27938 8.8885 9.12259 9.60575 9.8618 9.32708 8.82134 8.61423 8.2214 8.17648 8.1918 8.68229 9.07213 9.91948 10.2072 10.341 10.4119 10.4513 10.4797 10.5062 10.5151 10.4983 10.4974 10.4885 10.4298 9.30265 6.4866 4.35985 -9999 -9999 -9999 -9999 -9999 -9999
-9999 -9999 12.2265 12.6203 12.7249 12.9059 13.2742 13.6982 14.2961 14.3742 14.705 14.7045 14.034 13.2583 13.9339 14.2026 14.4817 14.4916 14.4063 12.4853 11.4828 10.6944 9.2639 9.79169 10.2875 10.3291 10.0368 8.30028 6.57039 4.57612 2.71116 2.62337 1.62115 2.15468 2.8606 4.67339 5.9499 6.46906 6.84363 8.81304 9.32962 9.51372 10.0255 9.34952 9.19019 8.68679 8.85275 8.82072 8.83692 7.42191 8.8721 8.9681 9.91161 10.3441 10.4445 10.4749 10.5055 10.5114 10.5168 10.5113 10.5186 10.5037 10.4856 9.75191 6.18073 4.38178 -9999 -9999 -9999 -9999 -9999 -9999
-9999 -9999 -9999 -9999 12.3485 12.6489 12.8417 13.174 14.1873 14.4617 14.6441 14.6601 14.3612 13.5944 13.3923 13.5334 12.7853 13.4132 14.2716 14.2524 14.1509 12.4648 11.6102 12.4513 12.2016 10.9364 9.94147 8.95921 6.93346 5.45223 3.31464 1.70939 1.64983 3.42365 4.89807 6.73222 7.54224 7.08333 7.58521 8.56602 9.68073 10.2244 10.1071 9.39424 9.30773 8.52543 9.32015 9.40084 9.05144 8.75125 8.89441 9.36804 9.55487 10.2942 10.4784 10.5162 10.5248 10.5292 10.5259 10.5203 10.5099 10.4997 10.4866 10.4508 6.7797 3.91852 -9999 -9999 -9999 -9999 -9999 -9999
-9999 -9999 -9999 -9999 11.6373 11.8211 12.3006 13.529 14.1698 14.4305 14.4226 14.5433 14.3327 13.6576 12.9647 12.3112 11.4687 11.9523 13.2299 13.9843 14.0723 12.5946 13.3743 13.0905 12.5265 10.8706 9.65117 9.00644 7.0619 5.3983 3.97698 2.01304 2.85477 3.78127 4.97092 6.97263 8.32337 8.8798 8.4171 9.04557 10.3274 10.3422 9.65372 9.70978 9.29972 8.22632 9.37128 9.70384 9.46171 9.54263 9.46536 9.64958 9.97375 10.2827 10.4895 10.5219 10.5287 10.5234 10.5227 10.5221 10.5058 10.5041 10.4908 10.4692 8.09852 3.8595 -9999 -9999 -9999 -9999 -9999 -9999
-9999 -9999 -9999 -9999 -9999 10.9918 12.0839 13.7142 14.1168 14.0811 14.4185 14.4482 14.1248 13.8439 13.0026 11.8531 9.64478 10.2088 11.385 13.0807 13.9733 13.856 13.3699 12.5143 10.4375 8.62046 8.40365 8.10958 6.69154 5.4115 3.8312 4.74987 5.7555 6.85514 7.43298 7.28345 8.44104 9.38583 8.98825 9.75811 10.6571 10.2599 10.0296 9.83941 9.3632 9.34685 9.41218 10.069 9.63932 9.92711 9.95258 9.94982 10.1134 10.2984 10.4903 10.526 10.5298 10.5341 10.5123 10.5184 10.5055 10.4923 10.4798 10.4608 10.2438 7.95702 6.59226 -9999 -9999 -9999 -9999 -9999
-9999 -9999 -9999 -9999 -9999 9.97966 10.5251 12.4558 13.0497 13.9034 14.3571 14.3788 13.8324 13.528 12.2742 11.868 9.82516 8.90168 9.68852 9.38998 11.7244 13.7909 13.3509 9.18969 7.68548 6.61388 6.89474 6.90155 6.50963 4.32731 3.7269 5.68734 6.9219 7.8783 8.60373 8.75532 8.73109 10.2078 10.4072 10.8909 10.7926 10.8445 10.1088 9.65845 10.0759 9.62466 9.55927 10.2372 9.59841 10.2041 10.1529 9.98815 9.99023 10.3893 10.4759 10.523 10.529 10.5149 10.4948 10.4826 10.4931 10.4846 10.4602 10.4585 10.4348 10.1563 8.97442 8.56058 9.01666 -9999 -9999 -9999
-9999 -9999 -9999 -9999 -9999 -9999 8.71979 11.4024 12.6254 13.2705 14.1779 14.2882 13.9971 13.4706 12.1937 11.0708 9.2448 7.15931 6.05728 9.36686 12.248 13.7533 13.5651 10.1019 8.73791 8.67898 9.48941 8.81352 8.30162 6.64455 6.15055 5.4623 5.88943 7.22208 8.31141 9.36136 10.1251 10.1887 10.686 10.9764 11.0054 11.1018 11.023 10.9619 10.2576 10.767 10.3593 10.5971 10.4675 10.3518 10.2584 9.85958 10.1613 10.4281 10.5021 10.5283 10.5158 10.5133 10.502 10.4761 10.4647 10.4606 10.4556 10.4399 10.4374 10.4175 10.2832 9.57204 8.62105 7.42042 -9999 -9999
-9999 -9999 -9999 -9999 -9999 -9999 7.37417 10.0437 11.3273 12.9838 13.8354 14.1817 14.1374 13.711 12.7411 11.2806 10.0642 7.73598 5.31863 8.79241 11.8897 13.5613 13.6528 10.7495 11.5617 10.9132 11.181 9.9899 9.49728 9.10997 8.25463 7.3185 6.29305 5.75277 8.19597 9.4509 10.4611 10.9385 11.2097 11.3472 11.2819 11.1078 10.0315 10.8682 10.838 10.7679 10.6863 10.6541 10.5821 10.4948 10.4533 10.4439 10.1815 10.5015 10.5011 10.51 10.5144 10.5075 10.4918 10.4768 10.4578 10.4594 10.4459 10.433 10.4237 10.4128 10.4023 10.362 10.1727 8.56046 7.59661 7.33109
-9999 -9999 -9999 -9999 -9999 -9999 3.61861 7.50173 10.6174 12.2484 13.5749 13.9407 14.0781 13.5058 13.0779 12.0313 11.0403 9.51097 7.21992 5.80991 8.41206 12.1925 13.5917 13.4938 13.4108 12.6601 11.984 11.9022 11.9572 11.1707 10.019 8.5141 8.04792 7.52091 9.34119 9.589 9.45727 11.459 11.4658 11.3553 10.5942 9.74676 9.91684 9.3994 9.81896 9.19804 9.79135 10.3063 10.5067 10.5038 10.4545 10.4593 10.4389 10.5008 10.5062 10.5021 10.4984 10.4962 10.4887 10.4642 10.449 10.4549 10.4425 10.4289 10.4145 10.4061 10.4002 10.3702 10.3433 10.0953 9.72294 9.01746
-9999 -9999 -9999 -9999 -9999 -9999 3.77655 7.03897 9.81015 11.4715 13.0701 13.442 13.9822 13.867 13.4188 12.5093 11.3727 10.1142 8.14881 6.68852 8.42839 10.9406 12.7392 13.3944 13.3951 13.3558 13.189 13.1207 12.9259 12.7897 11.9654 10.5469 9.74417 8.56817 10.5969 10.8257 10.5099 11.5235 11.475 9.94797 8.77558 8.63422 9.36326 8.68884 8.58171 8.17083 8.66221 9.96094 9.59816 9.68429 10.285 10.3913 10.4623 10.4862 10.4881 10.4898 10.4829 10.486 10.4878 10.4642 10.4522 10.4451 10.4208 10.4223 10.4056 10.3875 10.3747 10.3583 10.3339 10.2633 10.1861 10.2725
-9999 -9999 -9999 -9999 -9999 -9999 3.83338 6.0293 8.52322 10.9691 12.6761 13.3655 13.8676 13.8634 13.3423 12.8906 12.1784 11.0714 10.3124 8.99416 7.1848 10.2222 11.1573 11.9997 12.3504 13.2202 13.2028 12.8098 12.357 12.7878 12.6686 11.5439 11.1754 10.5514 11.6806 11.6848 11.6551 11.5965 10.3063 8.51257 7.08039 8.11897 7.90916 8.39675 6.93936 8.15898 9.14311 9.47011 8.82301 8.34309 9.87714 10.1392 10.2967 10.3994 10.468 10.4572 10.4759 10.4689 10.4652 10.4602 10.4465 10.4374 10.4228 10.4079 10.4024 10.3861 10.3679 10.3458 10.3441 10.3053 10.2909 10.2832
-9999 -9999 -9999 -9999 -9999 -9999 -9999 4.72259 7.88152 10.704 12.2761 13.2652 13.7477 13.7402 13.4742 13.1678 12.7264 11.9278 10.9245 9.33873 8.16198 8.91111 9.82729 9.94228 10.5522 12.3152 12.9198 12.0714 9.96979 11.2211 12.6105 12.5906 12.4746 12.3444 12.1778 12.0269 11.6948 10.8023 8.0642 7.52744 6.45641 6.58362 6.03808 7.25637 6.81849 8.0653 8.61146 8.82413 7.69022 7.94933 9.306 9.8468 9.7662 10.0996 10.4172 10.4319 10.4442 10.4384 10.4465 10.4495 10.4443 10.4299 10.4189 10.4107 10.3946 10.3903 10.2878 10.2213 10.0871 10.2535 10.27 10.2807
-9999 -9999 -9999 -9999 -9999 -9999 -9999 4.08335 7.23799 10.5616 11.6297 12.6959 13.6161 13.6352 13.2283 12.8412 12.4424 11.9882 10.7711 9.59105 8.46464 8.08755 8.31638 8.31344 9.29801 11.5935 12.0406 11.8546 9.66483 8.92318 10.7784 12.3379 12.4629 12.324 10.4942 10.8866 9.90064 8.56283 8.19695 7.61383 6.37828 6.98006 6.07776 6.47379 6.38911 7.10019 7.45177 8.29674 7.30894 7.32982 8.66189 9.3358 9.35983 10.0652 10.32 10.3899 10.41 10.4246 10.4296 10.4419 10.4363 10.4265 10.4133 10.3802 10.3012 10.0675 8.7351 8.73696 9.10123 9.4462 10.0804 10.2521
-9999 -9999 -9999 -9999 -9999 -9999 -9999 4.43856 6.628 9.57711 11.762 11.9005 12.9633 13.5125 13.0699 12.5713 12.0611 11.8387 10.5141 9.05908 7.88385 6.49271 6.7237 7.72537 9.37675 10.8604 11.1282 10.8252 9.65676 10.2167 11.4828 12.1563 12.3567 12.2034 11.8069 11.5788 10.8536 10.541 9.53338 7.95657 7.33832 7.73752 6.06526 6.18888 6.81641 6.17788 7.27285 7.80148 6.5223 7.56547 8.74078 9.34509 9.87377 10.127 10.2309 10.3865 10.3943 10.41 10.4193 10.4189 10.4202 10.3968 10.3774 10.2374 10.0306 8.7956 8.28568 8.38719 8.95915 9.46022 9.9871 10.2016
-9999 -9999 -9999 -9999 -9999 -9999 -9999 4.80175 6.77303 9.33017 10.8882 11.168 12.3464 13.3943 13.2784 12.7597 12.6024 12.0647 10.9415 9.70088 8.34485 7.6864 6.17099 7.66623 8.86405 10.1207 10.7101 9.75237 9.26875 10.1331 10.9924 11.3372 12.2049 12.1994 11.9201 10.7073 10.1175 10.3711 10.1199 9.67778 8.59419 8.55063 7.85728 7.57394 7.30725 6.43954 7.01385 7.07853 7.24582 8.48808 9.10306 9.5129 9.88578 9.98789 10.1525 10.3637 10.3858 10.3965 10.3982 10.4042 10.3907 10.3334 10.2851 10.0031 9.5031 8.56907 7.0593 8.12861 9.24684 9.57687 9.90943 10.0784
-9999 -9999 -9999 -9999 -9999 -9999 -9999 4.45621 6.5501 8.73562 9.65005 9.80624 11.9379 13.2436 13.2468 13.0015 12.7147 11.385 11.4643 11.1993 9.97619 8.19414 6.23694 6.4223 7.6029 9.26405 9.81462 8.22403 7.6608 8.08001 9.3778 10.5398 11.7529 12.063 11.7106 9.82147 7.81385 8.74966 9.74965 9.74809 9.46016 8.45612 8.14117 7.85712 7.12745 5.89366 6.09167 6.4458 7.86025 8.3084 8.99649 9.56876 9.3617 9.4921 10.0383 10.3532 10.3688 10.3777 10.3908 10.3861 10.3696 10.2544 10.1321 9.9256 8.62038 7.8094 6.62232 8.01031 8.77304 9.18282 9.90844 10.0817
-9999 -9999 -9999 -9999 -9999 -9999 -9999 3.79837 5.31806 7.40693 8.2494 9.59261 11.607 12.5983 13.074 13.0646 12.8738 12.279 11.9219 11.2171 9.94469 8.20447 6.26998 5.01123 5.65354 7.8988 8.43653 6.96247 6.21385 7.15221 8.53497 10.5811 11.7514 11.9117 11.8089 11.4216 9.95678 8.18656 8.19629 9.08993 8.35016 7.49007 7.97132 7.88918 7.16865 6.64666 6.34507 6.56047 7.36888 7.70432 8.49777 9.66526 9.83751 9.81001 10.3038 10.3327 10.348 10.3699 10.3724 10.3706 10.3583 10.265 10.0532 9.18537 8.42881 7.37552 7.24704 8.47837 9.0109 9.51756 9.87384 9.99023
-9999 -9999 -9999 -9999 -9999 -9999 -9999 2.67288 4.46052 6.41723 8.24944 9.98294 11.475 11.5912 12.3786 12.3786 12.7917 12.6748 12.1235 11.5302 10.4341 8.19817 6.31836 4.26818 4.81056 7.09722 7.40794 6.42059 4.59429 6.48513 8.57009 10.4599 11.4842 10.6858 11.5094 11.4449 10.898 9.84564 8.2078 8.24305 7.01741 6.96896 7.60632 7.81737 7.71848 7.32826 6.70743 6.83885 7.33464 7.46421 8.1937 9.1006 9.98695 10.1402 10.313 10.3246 10.3313 10.3486 10.3535 10.3381 10.2957 10.1983 9.47151 8.60663 8.07471 7.34178 7.25491 8.66314 9.23519 9.55675 9.86483 9.98679
-9999 -9999 -9999 -9999 -9999 -9999 -9999 -9999 4.26713 6.28842 7.78431 8.18772 9.51397 10.2305 10.7852 10.9089 12.4902 12.5784 12.2294 11.6844 10.7498 9.05348 7.87203 5.90553 4.49245 5.09517 5.37206 5.89421 5.74323 6.58767 8.59109 10.6783 10.908 9.58597 9.7847 10.0646 10.6888 10.3772 8.14422 7.01203 6.07342 6.74869 7.45924 7.63586 7.67641 7.5471 7.41057 7.16221 8.11202 8.81637 8.98448 9.59877 10.0534 10.1826 10.2808 10.2966 10.3123 10.3161 10.2933 10.2775 10.1677 9.9179 9.1049 7.1459 7.24009 7.0305 6.4229 7.80084 8.68575 9.46567 9.88047 9.98813
-9999 -9999 -9999 -9999 -9999 -9999 -9999 -9999 3.58417 5.92258 6.41704 6.38103 5.60774 5.96479 8.83496 9.41361 10.9302 12.3663 12.2621 11.7275 10.8531 9.84342 8.27943 6.06759 4.31037 3.57997 5.48595 7.3485 7.73434 8.32972 9.55797 9.79301 8.44148 7.17432 7.8894 8.32135 9.96 10.2619 9.94783 8.60442 7.06829 6.26919 7.22443 7.35748 7.42094 7.43897 7.42468 7.4037 8.48341 9.07833 9.4927 9.72077 10.1119 10.2156 10.2519 10.2859 10.2829 10.2667 10.2092 10.1431 9.84123 9.47502 8.14184 7.03081 6.33906 5.46024 7.45024 8.03825 8.8586 9.39937 9.81225 9.90352
