Test_Spring_2018/04_18/Temp/20180406_018.txt
ncols	170
nrows	115
xllcorner	350000.000000
yllcorner	4445000.000000
cellsize	1000.000000
nodata_value	-9999.000000
[rows 32 to 63 of 115, columns 72 to 143 of 170]
14.265 13.9772 14.425 14.8372 14.589 14.4232 15.0984 15.0991 14.8693 14.3285 14.1308 13.9258 13.8008 13.1073 11.159 9.40291 10.3463 10.3703 9.72086 10.8904 10.2753 8.66781 6.39779 7.63433 7.31464 5.69801 5.3016 -9999 -9999 -9999 -9999 -9999 -9999 -9999 -9999 -9999 -9999 -9999 -9999 -9999 -9999 -9999 -9999 -9999 -9999 -9999 -9999 -9999 -9999 -9999 -9999 -9999 -9999 -9999 -9999 -9999 -9999 -9999 -9999 -9999 -9999 -9999 -9999 -9999 -9999 -9999 -9999 -9999 -9999 -9999 -9999 -9999
13.8804 13.7575 14.4225 14.4097 14.3671 14.611 15.0304 15.1149 15.0259 14.7906 14.5872 14.3708 13.8201 13.0266 11.3594 9.36035 8.90821 9.88901 9.93769 10.0968 9.53627 8.83179 7.72869 8.63508 8.98807 7.9257 6.53796 5.64721 -9999 -9999 -9999 -9999 -9999 -9999 -9999 -9999 -9999 -9999 -9999 -9999 -9999 -9999 -9999 -9999 -9999 -9999 -9999 -9999 -9999 -9999 -9999 -9999 -9999 -9999 -9999 -9999 -9999 -9999 -9999 -9999 -9999 -9999 -9999 -9999 -9999 -9999 -9999 -9999 -9999 -9999 -9999 -9999
13.4213 12.7789 13.1802 13.4817 14.0363 14.1851 14.2693 15.0619 15.021 14.9854 14.6486 14.3796 13.933 13.1694 12.0816 10.7717 8.48971 9.89943 11.0037 10.9771 10.9184 10.4253 9.36554 10.2551 10.2984 8.94129 7.39988 6.49582 6.12278 -9999 -9999 -9999 -9999 -9999 -9999 -9999 -9999 -9999 -9999 -9999 -9999 -9999 -9999 -9999 -9999 -9999 -9999 -9999 -9999 -9999 -9999 -9999 -9999 -9999 -9999 -9999 -9999 -9999 -9999 -9999 -9999 -9999 -9999 -9999 -9999 -9999 -9999 -9999 -9999 -9999 -9999 -9999
12.8994 12.1143 12.518 13.0562 13.8147 14.2047 14.5085 14.7462 14.9887 14.9614 14.6167 13.5962 13.4517 13.409 12.6981 11.2045 9.71282 9.3276 11.0112 11.4942 11.3977 11.7749 10.8773 11.3038 11.131 10.6522 9.16716 7.81578 7.25885 6.15679 -9999 -9999 -9999 -9999 -9999 -9999 -9999 -9999 -9999 -9999 -9999 -9999 -9999 -9999 -9999 -9999 -9999 -9999 -9999 -9999 -9999 -9999 -9999 -9999 -9999 -9999 -9999 -9999 -9999 -9999 -9999 -9999 -9999 -9999 -9999 -9999 -9999 -9999 -9999 -9999 -9999 -9999
-9999 -9999 11.6233 12.3548 12.9602 13.7004 14.3447 14.6662 14.9787 14.9549 14.2646 13.9278 13.8997 13.4345 12.6136 12.099 11.1604 10.1824 10.5582 11.9941 11.3575 12.3752 12.2907 12.4788 11.8009 10.5128 8.79028 7.78566 7.28759 6.39488 -9999 -9999 -9999 -9999 -9999 -9999 -9999 -9999 -9999 -9999 -9999 -9999 -9999 -9999 -9999 -9999 -9999 -9999 -9999 -9999 -9999 -9999 -9999 -9999 -9999 -9999 -9999 -9999 -9999 -9999 -9999 -9999 -9999 -9999 -9999 -9999 -9999 -9999 -9999 -9999 -9999 -9999
-9999 -9999 -9999 12.223 12.6843 13.6763 14.1911 14.4002 14.9035 14.906 14.6454 14.4491 14.1636 13.7903 13.1738 12.4934 11.6108 11.5305 12.4496 12.4624 12.2722 12.4242 12.897 12.774 11.7223 9.909 8.95138 6.99604 6.16292 6.2501 5.6602 -9999 -9999 -9999 -9999 -9999 -9999 -9999 -9999 -9999 -9999 -9999 -9999 7.94498 -9999 -9999 -9999 -9999 -9999 -9999 -9999 -9999 -9999 -9999 -9999 -9999 -9999 -9999 -9999 -9999 -9999 -9999 -9999 -9999 4.39544 -9999 -9999 -9999 -9999 -9999 -9999 -9999
-9999 -9999 12.1361 12.7526 13.2354 13.8576 13.9173 14.2918 14.8704 14.8801 14.6958 14.4874 14.0169 13.9016 13.5514 12.8126 12.6628 12.9645 13.1043 13.2624 13.3604 13.2835 13.0938 12.8484 12.1693 11.3289 10.7654 8.98149 8.08037 7.22066 5.91867 4.90062 -9999 -9999 -9999 -9999 -9999 -9999 -9999 7.26373 7.21654 7.24077 7.5277 8.31804 7.85486 -9999 -9999 -9999 -9999 -9999 -9999 -9999 -9999 -9999 -9999 -9999 -9999 -9999 -9999 -9999 -9999 -9999 -9999 -9999 5.11248 4.08615 -9999 -9999 -9999 -9999 -9999 -9999
-9999 -9999 12.303 12.9548 13.281 13.8853 14.2318 14.461 14.6624 14.855 14.8244 14.5936 14.2418 14.2458 13.7604 13.4995 13.3136 13.7212 13.803 13.6416 13.4387 13.2595 12.7499 12.6921 12.5247 11.9917 11.1161 10.2138 8.90359 7.1354 5.40153 4.00348 -9999 -9999 -9999 -9999 -9999 -9999 7.4131 8.07038 8.46453 7.63019 8.34475 8.99782 8.89429 8.25984 -9999 -9999 -9999 -9999 -9999 -9999 -9999 -9999 -9999 -9999 -9999 -9999 -9999 -9999 9.98231 8.93038 6.80451 5.71498 5.06142 4.12809 -9999 -9999 -9999 -9999 -9999 -9999
-9999 -9999 12.1758 12.9454 13.4672 13.9307 14.006 14.4856 14.6911 14.7952 14.7846 14.7402 14.6768 14.2534 14.0724 13.4315 14.0481 14.0265 13.8725 13.258 12.9924 11.9361 11.472 11.3672 12.2578 11.6017 10.2305 8.51618 6.45437 6.31733 5.63734 4.38816 -9999 -9999 -9999 -9999 -9999 -9999 7.61982 8.32273 8.90943 8.99568 8.16611 9.32589 9.27967 8.63142 8.48457 9.01668 9.28681 9.08534 9.71707 9.90438 9.61954 9.93552 -9999 -9999 -9999 -9999 10.1306 10.1742 10.2072 9.76918 7.44655 5.86022 4.43563 4.30258 -9999 -9999 -9999 -9999 -9999 -9999
-9999 -9999 12.7098 13.1839 13.4243 13.4643 13.8805 14.3002 14.5544 14.7433 14.7074 14.6938 14.6794 14.5358 14.1998 14.2625 14.2369 14.0415 12.8706 11.5035 12.1017 11.2888 9.55026 10.9637 11.7414 10.9977 9.33579 7.40862 6.77734 6.8013 5.85487 4.63883 -9999 -9999 -9999 5.70173 6.70838 6.7979 7.0959 8.03308 8.74614 9.28129 9.64725 9.63668 9.24962 8.61536 7.92601 8.17206 9.4129 9.71608 9.9666 10.1607 9.89654 10.0393 10.3729 10.5461 10.5827 10.5063 10.4899 10.5182 10.4795 10.0709 7.99129 6.80214 6.04339 4.51754 -9999 -9999 -9999 -9999 -9999 -9999
-9999 -9999 12.4124 12.8247 13.1589 13.7162 13.7761 14.1278 14.3403 14.6488 14.6851 14.3253 14.6258 14.589 14.5351 14.4184 14.2466 13.2586 11.8959 10.5298 9.89995 10.1705 9.12552 9.66297 10.4509 10.163 9.14631 7.42957 7.18898 6.7899 5.19276 3.65919 -9999 -9999 3.75415 5.68376 7.04304 7.74514 7.96386 7.9863 8.88433 8.95579 9.92199 9.69712 8.41878 8.56249 8.0627 8.38469 8.84213 8.96762 9.62154 10.2489 10.3695 10.3742 10.5874 10.6328 10.6459 10.6422 10.5006 10.5673 10.5783 10.3238 8.81862 8.08467 7.27533 4.54459 -9999 -9999 -9999 -9999 -9999 -9999
-9999 -9999 12.6257 13.0864 13.591 13.6737 14.0483 14.013 13.9114 14.433 14.6234 14.3698 14.1879 14.5283 14.5067 14.4637 14.3915 13.4632 12.3884 10.7604 9.74941 9.13154 8.69314 8.10765 8.51298 8.3907 8.22636 8.41823 7.94569 7.00354 6.07151 4.32257 3.37954 -9999 3.86094 4.73315 6.3494 7.7231 8.59566 8.28418 9.30514 9.49527 10.0847 9.73987 8.96299 8.63131 8.60188 8.50037 9.18758 9.64741 9.97311 10.1923 10.4625 10.5335 10.6049 10.636 10.6538 10.6717 10.6697 10.6656 10.6361 10.5408 9.84886 9.11593 7.53227 4.63837 -9999 -9999 -9999 -9999 -9999 -9999
-9999 11.2876 12.5749 13.3468 13.6462 13.8627 14.054 14.193 14.3417 14.4792 14.5737 14.5344 13.8603 13.9173 14.0407 14.4262 14.4008 14.3186 13.7318 11.7506 11.0667 10.0679 8.77261 8.23083 8.50311 9.56759 9.52151 8.8189 8.03577 6.95129 6.26149 5.19163 3.13375 3.32139 4.2509 4.94315 6.04242 7.72116 8.89832 9.42432 9.62362 10.038 10.2535 9.78142 9.32936 9.14005 8.78925 8.74002 8.74308 9.15855 9.48182 10.2011 10.445 10.5554 10.6142 10.6469 10.6712 10.695 10.7042 10.6918 10.6935 10.6885 10.6378 9.66232 7.22354 5.38532 -9999 -9999 -9999 -9999 -9999 -9999
-9999 -9999 12.3387 12.6782 12.7675 12.9237 13.243 13.6113 14.1352 14.2035 14.4915 14.4925 13.9112 13.2405 13.8284 14.0631 14.3063 14.3155 14.2416 12.5772 11.7073 11.0228 9.7809 10.2298 10.6573 10.6911 10.4353 8.9272 7.42525 5.69197 4.07431 3.99863 3.12818 3.59025 4.20519 5.77977 6.88848 7.33928 7.66337 9.36928 9.81408 9.96774 10.4048 9.81035 9.65832 9.21136 9.34447 9.30562 9.30859 8.07048 9.31287 9.38743 10.1983 10.5627 10.6459 10.6708 10.6972 10.7032 10.7097 10.7075 10.7168 10.7052 10.6934 10.0598 6.96477 5.41085 -9999 -9999 -9999 -9999 -9999 -9999
-9999 -9999 -9999 -9999 12.4487 12.7084 12.8754 13.164 14.0479 14.2864 14.4456 14.4609 14.2032 13.5393 13.366 13.4901 12.8426 13.3884 14.1339 14.1175 14.0292 12.5661 11.8175 12.5446 12.3255 11.2256 10.3602 9.50618 7.74745 6.45913 4.60488 3.21298 3.16227 4.7022 5.98083 7.57417 8.27851 7.8812 8.3159 9.16438 10.1274 10.5935 10.4847 9.85807 9.76889 9.07952 9.75741 9.81568 9.50087 9.22897 9.33724 9.7387 9.89272 10.5275 10.6826 10.7106 10.7179 10.7228 10.722 10.72 10.7139 10.7083 10.7003 10.6722 7.49086 5.01567 -9999 -9999 -9999 -9999 -9999 -9999
-9999 -9999 -9999 -9999 11.8393 11.9977 12.4133 13.4791 14.0397 14.2663 14.2603 14.3663 14.1851 13.6013 13.0021 12.437 11.7078 12.1285 13.2375 13.8922 13.9684 12.6862 13.3554 13.1067 12.615 11.1761 10.116 9.55458 7.86613 6.41958 5.18643 3.4833 4.21423 5.0192 6.05278 7.79041 8.96389 9.44728 9.04557 9.58861 10.6967 10.7041 10.0999 10.14 9.77006 8.82793 9.80924 10.0856 9.86334 9.92149 9.83822 9.98818 10.2609 10.5221 10.6965 10.7217 10.7261 10.7227 10.7243 10.7268 10.716 10.7182 10.7102 10.6947 8.64146 4.97127 -9999 -9999 -9999 -9999 -9999 -9999
-9999 -9999 -9999 -9999 -9999 11.2856 12.2325 13.6468 14.0007 13.9701 14.2635 14.2905 14.0114 13.7695 13.0415 12.0462 10.1324 10.623 11.6441 13.1154 13.8896 13.7875 13.3589 12.6144 10.8106 9.23208 9.04154 8.78416 7.55226 6.43829 5.06709 5.86399 6.73693 7.69196 8.19481 8.06697 9.07276 9.89315 9.54794 10.2138 10.9899 10.6401 10.4335 10.26 9.83272 9.80737 9.8522 10.4097 10.0245 10.2619 10.2676 10.2551 10.3883 10.5416 10.703 10.7309 10.7332 10.7379 10.7213 10.7297 10.7221 10.7144 10.7073 10.6943 10.5091 8.53225 7.3511 -9999 -9999 -9999 -9999 -9999
-9999 -9999 -9999 -9999 -9999 10.4147 10.8875 12.5623 13.0822 13.823 14.2171 14.237 13.7644 13.5022 12.4164 12.0657 10.2956 9.4957 10.1792 9.92098 11.946 13.7381 13.3496 9.73822 8.43117 7.49924 7.74038 7.74397 7.402 5.50532 4.98386 6.68413 7.75543 8.58603 9.21671 9.34991 9.33059 10.6127 10.7846 11.2023 11.1136 11.1536 10.5088 10.11 10.4579 10.0556 9.98728 10.5632 9.99684 10.51 10.4492 10.2962 10.2892 10.6282 10.6981 10.7358 10.7399 10.7286 10.7138 10.7056 10.7183 10.7148 10.6974 10.6995 10.6821 10.4472 9.42462 9.06757 9.46434 -9999 -9999 -9999
-9999 -9999 -9999 -9999 -9999 -9999 9.32858 11.6556 12.7213 13.281 14.0686 14.1652 13.9151 13.4595 12.3534 11.3811 9.79899 7.9919 7.03625 9.90761 12.407 13.7125 13.5424 10.5367 9.35141 9.29796 9.99852 9.41003 8.96399 7.52276 7.09344 6.4962 6.86695 8.02407 8.96963 9.88179 10.5457 10.6021 11.034 11.2816 11.3036 11.3824 11.3077 11.2469 10.6223 11.0536 10.6888 10.8833 10.759 10.6469 10.5497 10.1938 10.4469 10.6713 10.7302 10.7495 10.7376 10.7363 10.7289 10.7103 10.7015 10.7017 10.7012 10.691 10.692 10.6813 10.5675 9.9525 9.12886 8.08802 -9999 -9999
-9999 -9999 -9999 -9999 -9999 -9999 8.16834 10.4841 11.6026 13.0395 13.7798 14.0819 14.0441 13.6753 12.8353 11.5701 10.5167 8.49905 6.40404 9.41854 12.1031 13.5531 13.6322 11.1055 11.8081 11.2435 11.4736 10.4383 10.009 9.66899 8.92614 8.11371 7.22514 6.75612 8.87616 9.96581 10.8433 11.2583 11.4939 11.6128 11.552 11.3927 10.4533 11.1717 11.1322 11.0615 10.9802 10.9412 10.8675 10.7806 10.7287 10.7111 10.4752 10.7445 10.74 10.7447 10.7473 10.742 10.7306 10.7211 10.7089 10.7101 10.701 10.6932 10.6881 10.6854 10.6787 10.6456 10.4826 9.0848 8.2488 8.01311
-9999 -9999 -9999 -9999 -9999 -9999 4.91785 8.28626 10.996 12.4105 13.5631 13.8806 14.0004 13.5049 13.1349 12.2286 11.3707 10.0459 8.0604 6.83892 9.09723 12.377 13.5867 13.4931 13.4194 12.7664 12.178 12.1051 12.1509 11.4646 10.4661 9.15988 8.75386 8.29701 9.87643 10.0922 9.97891 11.7158 11.7219 11.6255 10.964 10.2223 10.3652 9.90382 10.2548 9.70717 10.212 10.6484 10.8117 10.7988 10.7407 10.7342 10.7088 10.7569 10.7568 10.7503 10.7458 10.7443 10.7397 10.7215 10.7123 10.7218 10.7083 10.7 10.6886 10.688 10.6852 10.661 10.6389 10.4243 10.1014 9.48403
-9999 -9999 -9999 -9999 -9999 -9999 5.06381 7.90016 10.3034 11.7466 13.1332 13.4561 13.9252 13.8262 13.4386 12.651 11.6667 10.5768 8.87372 7.60862 9.11895 11.299 12.8595 13.4186 13.4136 13.3779 13.2315 13.1731 13.002 12.8794 12.163 10.9297 10.2331 9.21308 10.973 11.1719 10.8987 11.7782 11.7361 10.411 9.39262 9.26743 9.89087 9.30035 9.19481 8.8237 9.24099 10.3581 10.0332 10.098 10.6038 10.6876 10.7425 10.7574 10.7546 10.7531 10.7458 10.7486 10.7517 10.7339 10.7269 10.7245 10.7074 10.7035 10.6919 10.6831 10.6718 10.6592 10.6392 10.5786 10.5142 10.5831
-9999 -9999 -9999 -9999 -9999 -9999 5.12444 7.03197 9.19493 11.319 12.7997 13.398 13.8342 13.8314 13.3805 12.99 12.3737 11.4151 10.7583 9.61643 8.04837 10.6838 11.4958 12.2168 12.5236 13.2765 13.2597 12.9168 12.5147 12.8868 12.7796 11.8032 11.4829 10.9415 11.9209 11.9247 11.8992 11.8485 10.7292 9.17264 7.9289 8.82721 8.6417 9.05375 7.77738 8.82883 9.67378 9.94819 9.37158 8.94632 10.2623 10.4822 10.6123 10.696 10.7514 10.7392 10.7539 10.7478 10.7458 10.7435 10.7344 10.7297 10.7204 10.7108 10.6985 10.6912 10.6777 10.6633 10.6629 10.6267 10.6143 10.6015
-9999 -9999 -9999 -9999 -9999 -9999 -9999 5.91105 8.65344 11.1015 12.4651 13.3233 13.7422 13.7364 13.5067 13.2422 12.8608 12.1697 11.3012 9.92737 8.90819 9.55917 10.3552 10.4444 10.9725 12.5004 13.0232 12.2856 10.458 11.5382 12.7419 12.7233 12.6218 12.5081 12.3607 12.2297 11.9416 11.1674 8.79199 8.32789 7.39738 7.50531 7.02876 8.07401 7.68155 8.75594 9.22191 9.39811 8.40606 8.61589 9.78384 10.2457 10.1695 10.4533 10.7218 10.7319 10.7411 10.7358 10.7435 10.7477 10.7454 10.7383 10.7317 10.7275 10.7044 10.7076 10.6208 10.5647 10.4494 10.5943 10.6087 10.6186
-9999 -9999 -9999 -9999 -9999 -9999 -9999 5.36729 8.10366 10.9866 11.9134 12.8386 13.6374 13.6548 13.3028 12.9683 12.6238 12.2314 11.1773 10.1553 9.17976 8.85389 9.05327 9.04036 9.89361 11.8836 12.2701 12.1072 10.1995 9.55477 11.1625 12.5139 12.6214 12.5002 10.9124 11.2524 10.3968 9.23601 8.91797 8.41111 7.33779 7.85735 7.07154 7.4109 7.31731 7.92775 8.22576 8.95126 8.08687 8.09099 9.23808 9.81621 9.83136 10.4383 10.6554 10.7134 10.7292 10.7412 10.7459 10.7578 10.7547 10.7484 10.7393 10.7129 10.6464 10.4327 9.28384 9.28692 9.60391 9.90378 10.4471 10.6042
-9999 -9999 -9999 -9999 -9999 -9999 -9999 5.68355 7.5831 10.1416 12.0372 12.1581 13.0807 13.5579 13.1751 12.7439 12.3028 12.1113 10.964 9.70342 8.68544 7.48001 7.68129 8.55074 9.97123 11.2573 11.4885 11.2244 10.2023 10.6868 11.7837 12.3667 12.5395 12.4058 12.0611 11.8626 11.233 10.9612 10.0864 8.71746 8.17945 8.52329 7.06977 7.17312 7.71274 7.13723 8.08071 8.53262 7.41633 8.30621 9.31949 9.83796 10.2914 10.5067 10.5933 10.7257 10.7308 10.7437 10.7518 10.7522 10.7546 10.7358 10.7207 10.601 10.4232 9.35333 8.90408 8.99344 9.49053 9.92584 10.384 10.571
-9999 -9999 -9999 -9999 -9999 -9999 -9999 6.00683 7.7175 9.9363 11.2886 11.5322 12.5552 13.4653 13.366 12.9173 12.7823 12.3173 11.3446 10.2699 9.09504 8.52508 7.21165 8.50927 9.53627 10.6256 11.136 10.2965 9.87601 10.6247 11.3689 11.667 12.4187 12.413 12.17 11.1174 10.605 10.8241 10.6051 10.2202 9.27848 9.23826 8.63386 8.38441 8.14876 7.37415 7.86663 7.91678 8.05301 9.11874 9.64668 9.9971 10.316 10.4006 10.5402 10.721 10.7385 10.7469 10.7481 10.7536 10.7427 10.694 10.6534 10.41 9.97741 9.16817 7.85063 8.77926 9.75009 10.0443 10.3271 10.4749
-9999 -9999 -9999 -9999 -9999 -9999 -9999 5.7155 7.53287 9.42968 10.224 10.3607 12.2108 13.3445 13.3487 13.1372 12.8899 11.738 11.8081 11.5796 10.52 8.97549 7.2789 7.44046 8.45203 9.89286 10.3698 8.9813 8.49196 8.8547 9.97947 10.9864 12.0378 12.306 11.9996 10.3603 8.61811 9.42873 10.2948 10.2918 10.0401 9.16675 8.89056 8.6406 8.0036 6.92026 7.07772 7.37945 8.59167 8.97522 9.56712 10.0589 9.8753 9.9849 10.4557 10.7266 10.7385 10.7452 10.7561 10.752 10.7381 10.6387 10.5333 10.355 9.22357 8.52069 7.49549 8.68689 9.34929 9.7061 10.3368 10.4884
-9999 -9999 -9999 -9999 -9999 -9999 -9999 5.1534 6.4731 8.28643 9.01867 10.1852 11.9338 12.7951 13.2091 13.2024 13.0383 12.5239 12.2154 11.6054 10.503 8.99475 7.31785 6.22692 6.78473 8.71934 9.17946 7.89783 7.24789 8.06112 9.2598 11.0339 12.0482 12.1866 12.0967 11.76 10.4885 8.95199 8.95902 9.73236 9.08858 8.34 8.75433 8.67953 8.05056 7.59338 7.30877 7.48666 8.17735 8.46356 9.14729 10.1558 10.3015 10.2745 10.7001 10.7231 10.7348 10.7527 10.7542 10.7523 10.7416 10.6609 10.4775 9.72509 9.06917 8.15581 8.04444 9.10317 9.57308 10.007 10.3174 10.4197
-9999 -9999 -9999 -9999 -9999 -9999 -9999 4.18579 5.73827 7.43733 9.02835 10.5337 11.8296 11.932 12.6166 12.6181 12.9779 12.8778 12.401 11.8876 10.938 8.99979 7.3703 5.59296 6.06417 8.03412 8.29566 7.43886 5.85442 7.494 9.30196 10.9407 11.8286 11.1356 11.8493 11.7926 11.3173 10.4033 8.98121 9.00988 7.94454 7.89977 8.44939 8.62882 8.53903 8.19621 7.64388 7.73943 8.15954 8.26749 8.89606 9.67888 10.4443 10.5743 10.7218 10.7298 10.7341 10.7479 10.7514 10.7375 10.7004 10.6158 9.98536 9.23516 8.77373 8.13791 8.06236 9.28742 9.77789 10.0514 10.32 10.4272
-9999 -9999 -9999 -9999 -9999 -9999 -9999 -9999 5.57959 7.33505 8.63472 8.98673 10.139 10.7624 11.2453 11.3542 12.7273 12.8051 12.5036 12.0322 11.2226 9.75227 8.72847 7.02372 5.79894 6.30233 6.54096 6.99359 6.86243 7.59468 9.33218 11.1423 11.3414 10.1944 10.3663 10.6084 11.1489 10.8773 8.9389 7.95486 7.13827 7.72102 8.33393 8.48334 8.51438 8.39781 8.26035 8.02637 8.84565 9.45228 9.59415 10.1234 10.5146 10.624 10.7069 10.7188 10.731 10.7331 10.7124 10.6979 10.6022 10.3851 9.67954 7.98005 8.06135 7.87915 7.3517 8.55276 9.30505 9.98276 10.3439 10.4386
-9999 -9999 -9999 -9999 -9999 -9999 -9999 -9999 4.99641 7.02732 7.45878 7.42999 6.76157 7.07337 9.5647 10.0683 11.3852 12.6322 12.543 12.0804 11.323 10.4482 9.09251 7.17495 5.65171 5.0105 6.65023 8.2664 8.60108 9.11758 10.1831 10.3871 9.21491 8.11581 8.73578 9.1099 10.5303 10.7908 10.5167 9.34927 8.0142 7.31791 8.14278 8.25413 8.30481 8.31584 8.29251 8.25702 9.17949 9.69124 10.0468 10.2412 10.5775 10.665 10.6943 10.7221 10.7181 10.7029 10.6521 10.594 10.3314 10.0131 8.85614 7.89182 7.29116 6.52822 8.25352 8.7691 9.47841 9.93541 10.2947 10.3752
