Test_Spring_2018/04_18/Temp/20180417_020.txt
ncols	170
nrows	115
xllcorner	350000.000000
yllcorner	4445000.000000
cellsize	1000.000000
nodata_value	-9999.000000
[rows 32 to 63 of 115, columns 72 to 143 of 170]
15.0669 14.8455 15.1981 15.5229 15.3217 15.1882 15.7153 15.719 15.543 15.1244 14.9737 14.8174 14.7237 14.1862 12.6695 11.3027 12.0428 12.0652 11.5617 12.478 12.0011 10.7495 8.98066 9.94862 9.70188 8.44652 8.13793 -9999 -9999 -9999 -9999 -9999 -9999 -9999 -9999 -9999 -9999 -9999 -9999 -9999 -9999 -9999 -9999 -9999 -9999 -9999 -9999 -9999 -9999 -9999 -9999 -9999 -9999 -9999 -9999 -9999 -9999 -9999 -9999 -9999 -9999 -9999 -9999 -9999 -9999 -9999 -9999 -9999 -9999 -9999 -9999 -9999
14.7612 14.6686 15.1908 15.1839 15.15 15.3292 15.6565 15.7257 15.6595 15.4793 15.324 15.1588 14.7327 14.1171 12.8197 11.2632 10.914 11.6832 11.7247 11.8523 11.4181 10.8714 10.0135 10.7238 11.0022 10.1818 9.09703 8.39948 -9999 -9999 -9999 -9999 -9999 -9999 -9999 -9999 -9999 -9999 -9999 -9999 -9999 -9999 -9999 -9999 -9999 -9999 -9999 -9999 -9999 -9999 -9999 -9999 -9999 -9999 -9999 -9999 -9999 -9999 -9999 -9999 -9999 -9999 -9999 -9999 -9999 -9999 -9999 -9999 -9999 -9999 -9999 -9999
14.3975 13.8994 14.2158 14.4543 14.8794 14.9881 15.0569 15.6787 15.6499 15.6255 15.366 15.1596 14.8147 14.2224 13.3771 12.3585 10.5811 11.6851 12.5505 12.5333 12.4908 12.1092 11.2851 11.9824 12.019 10.9663 9.75771 9.05562 8.7681 -9999 -9999 -9999 -9999 -9999 -9999 -9999 -9999 -9999 -9999 -9999 -9999 -9999 -9999 -9999 -9999 -9999 -9999 -9999 -9999 -9999 -9999 -9999 -9999 -9999 -9999 -9999 -9999 -9999 -9999 -9999 -9999 -9999 -9999 -9999 -9999 -9999 -9999 -9999 -9999 -9999 -9999 -9999
13.9847 13.3753 13.6936 14.1168 14.7041 15.0056 15.238 15.4266 15.619 15.6009 15.3352 14.5421 14.4329 14.4032 13.8521 12.69 11.5295 11.2326 12.5503 12.9309 12.859 13.1566 12.4592 12.7949 12.6629 12.2898 11.1342 10.0795 9.64828 8.79169 -9999 -9999 -9999 -9999 -9999 -9999 -9999 -9999 -9999 -9999 -9999 -9999 -9999 -9999 -9999 -9999 -9999 -9999 -9999 -9999 -9999 -9999 -9999 -9999 -9999 -9999 -9999 -9999 -9999 -9999 -9999 -9999 -9999 -9999 -9999 -9999 -9999 -9999 -9999 -9999 -9999 -9999
-9999 -9999 12.99 13.5567 14.0292 14.6068 15.1047 15.3586 15.6055 15.59 15.0545 14.7949 14.7765 14.4169 13.7799 13.382 12.6533 11.8938 12.1908 13.3151 12.8218 13.6194 13.5565 13.7062 13.1798 12.1689 10.834 10.0495 9.66402 8.97057 -9999 -9999 -9999 -9999 -9999 -9999 -9999 -9999 -9999 -9999 -9999 -9999 -9999 -9999 -9999 -9999 -9999 -9999 -9999 -9999 -9999 -9999 -9999 -9999 -9999 -9999 -9999 -9999 -9999 -9999 -9999 -9999 -9999 -9999 -9999 -9999 -9999 -9999 -9999 -9999 -9999 -9999
-9999 -9999 -9999 13.4486 13.8086 14.5852 14.9795 15.1454 15.5411 15.546 15.3457 15.1958 14.9764 14.6886 14.2111 13.6839 12.9988 12.9401 13.6612 13.6749 13.53 13.652 14.0241 13.9309 13.1109 11.692 10.947 9.42673 8.7794 8.85044 8.39315 -9999 -9999 -9999 -9999 -9999 -9999 -9999 -9999 -9999 -9999 -9999 -9999 10.2486 -9999 -9999 -9999 -9999 -9999 -9999 -9999 -9999 -9999 -9999 -9999 -9999 -9999 -9999 -9999 -9999 -9999 -9999 -9999 -9999 7.64681 -9999 -9999 -9999 -9999 -9999 -9999 -9999
-9999 -9999 13.3798 13.8544 14.2335 14.7213 14.768 15.0553 15.5096 15.5201 15.3792 15.2197 14.8559 14.7694 14.4999 13.9271 13.8141 14.0536 14.1666 14.2939 14.3739 14.3172 14.1722 13.9834 13.4483 12.7947 12.357 10.9735 10.2691 9.6007 8.58723 7.79559 -9999 -9999 -9999 -9999 -9999 -9999 -9999 9.67922 9.64943 9.6757 9.90723 10.5318 10.178 -9999 -9999 -9999 -9999 -9999 -9999 -9999 -9999 -9999 -9999 -9999 -9999 -9999 -9999 -9999 -9999 -9999 -9999 -9999 8.1968 7.40507 -9999 -9999 -9999 -9999 -9999 -9999
-9999 -9999 13.4963 14.0074 14.2641 14.7378 15.01 15.1821 15.3417 15.4948 15.4737 15.2967 15.0254 15.0322 14.6571 14.4575 14.3165 14.6387 14.7066 14.5845 14.4299 14.2933 13.8986 13.8561 13.7205 13.3066 12.625 11.9225 10.9047 9.52681 8.17582 7.08716 -9999 -9999 -9999 -9999 -9999 -9999 9.77991 10.2998 10.6147 9.97114 10.5367 11.0544 10.9816 10.4941 -9999 -9999 -9999 -9999 -9999 -9999 -9999 -9999 -9999 -9999 -9999 -9999 -9999 -9999 11.9513 11.139 9.48892 8.648 8.14753 7.42878 -9999 -9999 -9999 -9999 -9999 -9999
-9999 -9999 13.3926 13.9954 14.4046 14.7681 14.8285 15.1973 15.3587 15.4425 15.4369 15.4053 15.3592 15.0324 14.8949 14.3989 14.8844 14.8718 14.7558 14.2802 14.0766 13.2555 12.8962 12.8102 13.5074 12.997 11.9282 10.5915 8.97934 8.88095 8.35203 7.3791 -9999 -9999 -9999 -9999 -9999 -9999 9.93188 10.4876 10.9531 11.0284 10.3892 11.3027 11.2745 10.777 10.6705 11.0936 11.3117 11.1605 11.6701 11.8224 11.6057 11.8578 -9999 -9999 -9999 -9999 12.0405 12.0823 12.1164 11.7835 9.98012 8.75183 7.65 7.5576 -9999 -9999 -9999 -9999 -9999 -9999
-9999 -9999 13.8051 14.1772 14.3664 14.3991 14.7252 15.0473 15.2467 15.3936 15.3684 15.3611 15.3534 15.2452 14.987 15.0403 15.0248 14.8766 13.967 12.904 13.3746 12.7457 11.3867 12.4909 13.0996 12.5205 11.2245 9.72112 9.22512 9.2514 8.514 7.56225 -9999 -9999 -9999 8.40488 9.19557 9.27119 9.51026 10.2488 10.813 11.243 11.5372 11.5337 11.244 10.7576 10.2279 10.4278 11.4037 11.6471 11.8573 12.0146 11.8137 11.9263 12.1919 12.3325 12.3667 12.3133 12.3073 12.3369 12.3149 12.0048 10.3957 9.47782 8.89612 7.71836 -9999 -9999 -9999 -9999 -9999 -9999
-9999 -9999 13.5674 13.891 14.1534 14.5867 14.6347 14.9104 15.072 15.3146 15.3458 15.0682 15.3064 15.2817 15.2438 15.1573 15.0278 14.2612 13.202 12.1399 11.652 11.8622 11.0491 11.4696 12.0861 11.8642 11.0656 9.72629 9.53912 9.22469 7.98528 6.78987 -9999 -9999 6.87188 8.38205 9.44795 10.0018 10.1791 10.204 10.9128 10.9769 11.7395 11.569 10.5836 10.7045 10.3284 10.5877 10.9479 11.0527 11.5684 12.072 12.1714 12.18 12.3513 12.3918 12.4074 12.4104 12.3065 12.3661 12.3829 12.1932 11.028 10.4652 9.84424 7.72558 -9999 -9999 -9999 -9999 -9999 -9999
-9999 -9999 13.7261 14.0872 14.4823 14.548 14.8415 14.8157 14.7322 15.1416 15.2927 15.098 14.9597 15.2295 15.2171 15.1882 15.1367 14.4168 13.5825 12.316 11.5307 11.0479 10.708 10.2465 10.5639 10.4692 10.3414 10.4916 10.1239 9.38534 8.65889 7.30017 6.56579 -9999 6.94693 7.63168 8.89813 9.97621 10.664 10.4285 11.2335 11.3906 11.8562 11.5959 11.002 10.7488 10.7342 10.663 11.207 11.5778 11.8373 12.0144 12.2372 12.2972 12.3576 12.3865 12.4055 12.4251 12.4301 12.4342 12.4194 12.3542 11.8239 11.2622 10.0371 7.79148 -9999 -9999 -9999 -9999 -9999 -9999
-9999 12.6804 13.6828 14.2866 14.5213 14.6912 14.8413 14.9508 15.0632 15.1728 15.2493 15.2218 14.6994 14.7482 14.8491 15.1549 15.14 15.0807 14.6274 13.0853 12.5524 11.771 10.7615 10.339 10.5522 11.3834 11.3475 10.7992 10.188 9.3385 8.8011 7.96731 6.36662 6.51515 7.24357 7.78779 8.65071 9.96695 10.8927 11.311 11.475 11.8045 11.9816 11.6198 11.2791 11.1402 10.875 10.8448 10.8549 11.1865 11.4446 12.0162 12.212 12.3079 12.3581 12.388 12.4118 12.4358 12.4494 12.4469 12.4565 12.4617 12.4319 11.6812 9.78819 8.3666 -9999 -9999 -9999 -9999 -9999 -9999
-9999 -9999 13.4948 13.7609 13.8314 13.954 14.2039 14.4921 14.8975 14.9531 15.1807 15.1847 14.7349 14.2158 14.6794 14.8677 15.0627 15.0749 15.0219 13.7223 13.0458 12.5133 11.5452 11.8957 12.2296 12.256 12.0562 10.8788 9.70625 8.35022 7.08832 7.03044 6.35275 6.71818 7.20097 8.43379 9.30409 9.66198 9.92198 11.2614 11.6151 11.7423 12.092 11.6368 11.5304 11.1906 11.3032 11.2813 11.2915 10.3325 11.3081 11.3729 12.012 12.3042 12.3769 12.4006 12.4257 12.4357 12.4469 12.4523 12.4678 12.4676 12.4683 11.9843 9.5798 8.38037 -9999 -9999 -9999 -9999 -9999 -9999
-9999 -9999 -9999 -9999 13.5786 13.7818 13.9127 14.1387 14.8251 15.0136 15.1407 15.156 14.9589 14.4452 14.3149 14.417 13.9168 14.3469 14.9317 14.9218 14.8552 13.7148 13.1309 13.6988 13.5278 12.669 11.9932 11.326 9.95285 8.94405 7.49737 6.41208 6.37425 7.57867 8.58094 9.82839 10.3831 10.0791 10.4254 11.0938 11.8534 12.2256 12.1493 11.669 11.6117 11.0827 11.6207 11.6746 11.4369 11.2323 11.3228 11.6429 11.7694 12.2707 12.3971 12.4264 12.4365 12.4454 12.4508 12.4563 12.4594 12.464 12.4677 12.4565 9.98461 8.06627 -9999 -9999 -9999 -9999 -9999 -9999
-9999 -9999 -9999 -9999 13.099 13.2231 13.548 14.3805 14.8147 14.9939 14.9922 15.0785 14.9412 14.4902 14.0274 13.5917 13.0273 13.36 14.2292 14.743 14.8046 13.8052 14.3277 14.1338 13.7498 12.6263 11.7983 11.3594 10.041 8.90869 7.94677 6.61857 7.19083 7.82165 8.63172 9.99237 10.9132 11.2965 10.9894 11.4205 12.2932 12.3073 11.8444 11.8844 11.6079 10.8817 11.6565 11.8807 11.7154 11.7685 11.7097 11.8336 12.0529 12.2627 12.4043 12.4293 12.4384 12.4408 12.448 12.4567 12.4562 12.4668 12.4704 12.4689 10.8775 8.02649 -9999 -9999 -9999 -9999 -9999 -9999
-9999 -9999 -9999 -9999 -9999 12.6634 13.4029 14.5075 14.7805 14.7591 14.9912 15.0159 14.8022 14.6181 14.055 13.2834 11.7946 12.1818 12.9823 14.1334 14.7396 14.6611 14.3267 13.7457 12.3375 11.1049 10.9556 10.754 9.79195 8.91929 7.8497 8.47289 9.15609 9.90412 10.3 10.2045 10.9946 11.6408 11.3779 11.9047 12.5183 12.2534 12.1006 11.9738 11.6524 11.6417 11.6856 12.1292 11.8369 12.0299 12.0406 12.038 12.1485 12.2743 12.406 12.4331 12.4401 12.4491 12.4419 12.4552 12.457 12.4598 12.4639 12.4641 12.3306 10.8012 9.89115 -9999 -9999 -9999 -9999 -9999
-9999 -9999 -9999 -9999 -9999 11.9798 12.3495 13.6575 14.0601 14.6408 14.9516 14.9709 14.6063 14.4058 13.5635 13.2951 11.9184 11.2982 11.8351 11.6362 13.2186 14.6185 14.3152 11.4966 10.4762 9.74837 9.93602 9.93828 9.67096 8.18751 7.78134 9.1098 9.94799 10.599 11.0948 11.2028 11.1929 12.1992 12.3402 12.6732 12.6115 12.6507 12.1556 11.8528 12.1363 11.8313 11.7867 12.2447 11.8109 12.2193 12.1782 12.066 12.0674 12.3383 12.3987 12.4337 12.4421 12.4387 12.4325 12.4335 12.451 12.4567 12.4526 12.4644 12.4616 12.2916 11.5052 11.2382 11.5594 -9999 -9999 -9999
-9999 -9999 -9999 -9999 -9999 -9999 11.1291 12.9464 13.775 14.2145 14.8326 14.9117 14.7183 14.3683 13.5104 12.7567 11.5266 10.1203 9.37765 11.6213 13.5739 14.594 14.4612 12.1154 11.1902 11.1482 11.6946 11.235 10.8867 9.75888 9.42489 8.96038 9.25201 10.1569 10.8987 11.6154 12.1387 12.1882 12.5311 12.7325 12.7569 12.8261 12.7758 12.7364 12.2608 12.6061 12.33 12.4902 12.4014 12.3218 12.2523 11.982 12.1864 12.3681 12.4202 12.4409 12.4371 12.4415 12.4413 12.4324 12.4354 12.4439 12.4525 12.4545 12.4657 12.4705 12.393 11.9245 11.293 10.4919 -9999 -9999
-9999 -9999 -9999 -9999 -9999 -9999 10.22 12.0287 12.8985 14.0229 14.6018 14.8392 14.815 14.5325 13.8822 12.8997 12.0821 10.5113 8.87941 11.2344 13.3317 14.4646 14.527 12.5548 13.1032 12.6625 12.842 12.034 11.6991 11.431 10.8526 10.2204 9.52737 9.16423 10.8233 11.6785 12.3685 12.6978 12.8875 12.9862 12.9447 12.8311 12.1056 12.6741 12.655 12.6082 12.5532 12.531 12.4816 12.4216 12.3875 12.3813 12.2043 12.4206 12.4237 12.4334 12.4412 12.4426 12.4393 12.4377 12.4343 12.4441 12.4497 12.4531 12.4592 12.4699 12.4757 12.461 12.3449 11.265 10.6232 10.4527
-9999 -9999 -9999 -9999 -9999 -9999 7.67945 10.31 12.4182 13.5257 14.4252 14.6779 14.7764 14.3949 14.1113 13.4087 12.7435 11.7133 10.1668 9.21594 10.9798 13.5408 14.4863 14.4134 14.3562 13.8468 13.3879 13.3313 13.3677 12.8294 12.0486 11.0318 10.717 10.3643 11.6015 11.7747 11.6913 13.0523 13.0627 12.9932 12.4828 11.9099 12.0279 11.6808 11.9664 11.5471 11.9493 12.298 12.4335 12.4312 12.3921 12.3934 12.381 12.426 12.4325 12.4337 12.4361 12.4407 12.4428 12.4346 12.4335 12.4475 12.4474 12.449 12.4562 12.4683 12.4768 12.4686 12.4621 12.3054 12.0639 11.5954
-9999 -9999 -9999 -9999 -9999 -9999 7.78618 9.99518 11.874 12.9987 14.0852 14.342 14.713 14.6407 14.343 13.733 12.9689 12.1219 10.7958 9.81089 10.9916 12.6936 13.9124 14.3491 14.3469 14.3196 14.206 14.1572 14.0248 13.9267 13.37 12.4087 11.8686 11.0766 12.4546 12.6147 12.4064 13.0981 13.0707 12.0421 11.2531 11.1614 11.6539 11.1995 11.1285 10.8534 11.187 12.0667 11.8192 11.8776 12.2786 12.3519 12.4028 12.4215 12.4261 12.4314 12.4318 12.44 12.4483 12.4404 12.4411 12.4459 12.4396 12.4484 12.4479 12.4531 12.4621 12.4626 12.4574 12.4205 12.3768 12.4443
-9999 -9999 -9999 -9999 -9999 -9999 7.82802 9.31355 11.0049 12.6603 13.8203 14.2918 14.6369 14.6394 14.2921 13.9918 13.5148 12.7701 12.2606 11.3719 10.1501 12.2087 12.8422 13.4056 13.6419 14.2301 14.2177 13.9511 13.6363 13.929 13.8459 13.0871 12.8409 12.4225 13.1914 13.1991 13.1842 13.1498 12.2815 11.0721 10.107 10.814 10.6753 11.0028 10.018 10.8432 11.5103 11.7323 11.2977 10.9735 12.0066 12.1868 12.2958 12.3683 12.4184 12.4155 12.4334 12.4347 12.4392 12.4437 12.4428 12.4458 12.4456 12.4456 12.4491 12.4554 12.4543 12.4475 12.4575 12.4482 12.4489 12.4525
-9999 -9999 -9999 -9999 -9999 -9999 -9999 8.43223 10.5689 12.4834 13.5519 14.2261 14.5577 14.5577 14.3828 14.1805 13.8866 13.3506 12.6755 11.6056 10.8121 11.3216 11.9422 12.0128 12.4259 13.6194 14.0286 13.4543 12.0243 12.8673 13.8099 13.7991 13.7237 13.6393 13.5311 13.4336 13.2136 12.6144 10.7657 10.4064 9.6855 9.7753 9.40913 10.2303 9.93591 10.7816 11.1526 11.2978 10.5312 10.7002 11.6215 11.9901 11.9385 12.1676 12.3898 12.4044 12.4181 12.4203 12.4326 12.4422 12.4468 12.4426 12.4442 12.4481 12.4434 12.4581 12.3996 12.3654 12.2854 12.4087 12.4302 12.4508
-9999 -9999 -9999 -9999 -9999 -9999 -9999 7.99551 10.1346 12.3884 13.1158 13.8421 14.4699 14.4878 14.2173 13.9601 13.6949 13.3919 12.5721 11.7769 11.0175 10.7648 10.9219 10.9111 11.5783 13.1328 13.4359 13.3106 11.8151 11.3147 12.5729 13.6313 13.7191 13.6288 12.3941 12.6642 12.0013 11.1002 10.8571 10.4667 9.63428 10.0453 9.43765 9.70844 9.6467 10.1301 10.3699 10.9435 10.2764 10.2843 11.1894 11.6485 11.6681 12.1494 12.3262 12.3785 12.3976 12.4136 12.4237 12.4393 12.4434 12.445 12.4448 12.4315 12.3872 12.2349 11.3511 11.3628 11.6198 11.8636 12.3011 12.4328
-9999 -9999 -9999 -9999 -9999 -9999 -9999 8.23697 9.72288 11.7234 13.2067 13.3051 14.0293 14.4058 14.111 13.7783 13.4376 13.2913 12.3987 11.4174 10.625 9.68613 9.84493 10.5251 11.6331 12.6385 12.8208 12.6167 11.8122 12.1933 13.0528 13.5115 13.6504 13.5503 13.2857 13.1355 12.6489 12.4417 11.7639 10.7007 10.286 10.5598 9.43099 9.51749 9.94474 9.50762 10.251 10.6109 9.74702 10.4479 11.2466 11.659 12.0205 12.196 12.2709 12.3813 12.3922 12.4089 12.4219 12.4287 12.4372 12.4293 12.4245 12.3384 12.2074 11.3805 11.0494 11.1281 11.5254 11.8745 12.2448 12.3999
-9999 -9999 -9999 -9999 -9999 -9999 -9999 8.48374 9.82218 11.5574 12.6165 12.8105 13.6129 14.327 14.2533 13.9068 13.8049 13.4452 12.6889 11.8527 10.9381 10.4954 9.47214 10.4867 11.2877 12.1399 12.5403 11.8775 11.5521 12.1395 12.7238 12.9601 13.5507 13.5505 13.3653 12.5484 12.1532 12.3291 12.1632 11.8679 11.1382 11.1122 10.6461 10.4572 10.2792 9.68671 10.078 10.1241 10.2399 11.0757 11.4953 11.7764 12.0328 12.1062 12.2223 12.3705 12.3911 12.4045 12.4122 12.4232 12.4215 12.3904 12.3658 12.1833 11.8534 11.2299 10.2215 10.9551 11.7218 11.9607 12.1937 12.3179
-9999 -9999 -9999 -9999 -9999 -9999 -9999 8.25066 9.67231 11.1561 11.7796 11.89 13.3377 14.2263 14.2332 14.0717 13.882 12.9862 13.0438 12.8682 12.0437 10.8405 9.51835 9.6464 10.4387 11.5621 11.9365 10.8451 10.466 10.7522 11.6335 12.4231 13.2476 13.4611 13.2263 11.9514 10.5963 11.2339 11.9149 11.9177 11.7265 11.0503 10.8403 10.651 10.1598 9.32713 9.45592 9.69832 10.6502 10.957 11.4264 11.8177 11.6817 11.7745 12.1491 12.3675 12.3838 12.3959 12.4112 12.4149 12.411 12.3405 12.2656 12.1339 11.2586 10.7181 9.93131 10.8768 11.4026 11.6936 12.1946 12.3215
-9999 -9999 -9999 -9999 -9999 -9999 -9999 7.80615 8.83929 10.2578 10.8327 11.7467 13.1151 13.7909 14.1176 14.1158 13.9911 13.5927 13.355 12.8817 12.0238 10.849 9.54243 8.69304 9.13041 10.64 10.9979 9.99334 9.48891 10.1267 11.0656 12.4538 13.2493 13.3614 13.2955 13.0373 12.0496 10.8552 10.8657 11.4744 10.9773 10.3985 10.7276 10.675 10.19 9.83924 9.62966 9.77813 10.3201 10.5508 11.0917 11.8861 12.007 11.993 12.3323 12.3572 12.3733 12.3942 12.4023 12.4078 12.4066 12.3508 12.2151 11.6355 11.1315 10.4267 10.3482 11.1954 11.5716 11.9218 12.1726 12.2609
-9999 -9999 -9999 -9999 -9999 -9999 -9999 7.04509 8.25981 9.58907 10.8341 12.0124 13.0272 13.1107 13.6484 13.653 13.9371 13.8622 13.4932 13.0953 12.3568 10.8466 9.57705 8.192 8.56183 10.1028 10.2949 9.62876 8.39489 9.67758 11.0919 12.3744 13.0711 12.5342 13.0954 13.0556 12.6893 11.9808 10.8759 10.9035 10.0774 10.048 10.4827 10.6286 10.5645 10.303 9.88554 9.96878 10.2994 10.3908 10.8885 11.5066 12.111 12.2194 12.3415 12.3547 12.3649 12.3827 12.3924 12.3886 12.3669 12.3083 11.8238 11.2461 10.894 10.406 10.3554 11.3256 11.7251 11.9499 12.1679 12.2598
-9999 -9999 -9999 -9999 -9999 -9999 -9999 -9999 8.13 9.50314 10.5207 10.7986 11.7013 12.1912 12.5715 12.6599 13.7349 13.7989 13.5667 13.2017 12.5726 11.4276 10.6308 9.30247 8.34857 8.74157 8.91888 9.27471 9.175 9.74936 11.1085 12.5246 12.6835 11.7921 11.9304 12.1237 12.5502 12.3431 10.8353 10.0726 9.44077 9.90131 10.3855 10.5081 10.5384 10.4535 10.363 10.1813 10.8279 11.3084 11.4261 11.8461 12.1583 12.2505 12.322 12.3381 12.3544 12.3631 12.354 12.3499 12.2825 12.1207 11.5778 10.2593 10.3309 10.1971 9.79394 10.7419 11.3523 11.8897 12.1798 12.262
-9999 -9999 -9999 -9999 -9999 -9999 -9999 -9999 7.66887 9.25686 9.5966 9.57725 9.05876 9.30543 11.2533 11.6498 12.681 13.6576 13.5911 13.2331 12.6448 11.9645 10.9088 9.41431 8.22739 7.71831 9.00253 10.2615 10.5252 10.9309 11.7654 11.9277 11.0161 10.1619 10.6498 10.9461 12.0593 12.2676 12.0588 11.1531 10.1168 9.57917 10.229 10.322 10.3677 10.3825 10.3744 10.3559 11.0814 11.4877 11.7721 11.9306 12.1997 12.2747 12.3042 12.3326 12.3362 12.3313 12.2987 12.2606 12.0632 11.8225 10.9275 10.183 9.72262 9.13571 10.491 10.9043 11.4738 11.8461 12.1349 12.2059
