Test_Spring_2018/04_18/Temp/20180414_007.txt
ncols	170
nrows	115
xllcorner	350000.000000
yllcorner	4445000.000000
cellsize	1000.000000
nodata_value	-9999.000000
[rows 32 to 63 of 115, columns 72 to 143 of 170]
15.127 14.938 15.2485 15.5351 15.3733 15.2658 15.7337 15.7404 15.5906 15.2296 15.1013 14.968 14.8887 14.4232 13.1056 11.9182 12.5635 12.5843 12.1475 12.9457 12.5319 11.444 9.90623 10.7492 10.5355 9.43823 9.16816 -9999 -9999 -9999 -9999 -9999 -9999 -9999 -9999 -9999 -9999 -9999 -9999 -9999 -9999 -9999 -9999 -9999 -9999 -9999 -9999 -9999 -9999 -9999 -9999 -9999 -9999 -9999 -9999 -9999 -9999 -9999 -9999 -9999 -9999 -9999 -9999 -9999 -9999 -9999 -9999 -9999 -9999 -9999 -9999 -9999
14.8638 14.7868 15.2448 15.2427 15.2194 15.3912 15.6851 15.7487 15.6944 15.5407 15.4085 15.2673 14.899 14.3655 13.2387 11.8863 11.5841 12.2546 12.292 12.4041 12.0275 11.553 10.8077 11.4266 11.6698 10.9472 10.006 9.4039 -9999 -9999 -9999 -9999 -9999 -9999 -9999 -9999 -9999 -9999 -9999 -9999 -9999 -9999 -9999 -9999 -9999 -9999 -9999 -9999 -9999 -9999 -9999 -9999 -9999 -9999 -9999 -9999 -9999 -9999 -9999 -9999 -9999 -9999 -9999 -9999 -9999 -9999 -9999 -9999 -9999 -9999 -9999 -9999
14.5499 14.1202 14.3991 14.6105 14.9916 15.1027 15.1662 15.7105 15.6888 15.6706 15.4478 15.2708 14.9731 14.4599 13.7265 12.842 11.2974 12.2591 13.0133 12.9995 12.9637 12.6328 11.917 12.5247 12.5576 11.6316 10.5895 9.97856 9.72829 -9999 -9999 -9999 -9999 -9999 -9999 -9999 -9999 -9999 -9999 -9999 -9999 -9999 -9999 -9999 -9999 -9999 -9999 -9999 -9999 -9999 -9999 -9999 -9999 -9999 -9999 -9999 -9999 -9999 -9999 -9999 -9999 -9999 -9999 -9999 -9999 -9999 -9999 -9999 -9999 -9999 -9999 -9999
14.1933 13.6667 13.9474 14.3194 14.8398 15.1128 15.3265 15.4941 15.6648 15.6522 15.4239 14.7366 14.644 14.6203 14.1428 13.1336 12.1256 11.8687 13.0163 13.3485 13.2871 13.5472 12.9416 13.2349 13.1212 12.7956 11.7864 10.8733 10.4982 9.75304 -9999 -9999 -9999 -9999 -9999 -9999 -9999 -9999 -9999 -9999 -9999 -9999 -9999 -9999 -9999 -9999 -9999 -9999 -9999 -9999 -9999 -9999 -9999 -9999 -9999 -9999 -9999 -9999 -9999 -9999 -9999 -9999 -9999 -9999 -9999 -9999 -9999 -9999 -9999 -9999 -9999 -9999
-9999 -9999 13.3377 13.8401 14.2602 14.7684 15.2133 15.4378 15.6561 15.6459 15.183 14.9599 14.9463 14.6357 14.0835 13.7391 13.1066 12.4472 12.7068 13.6861 13.2581 13.9531 13.8996 14.0311 13.5744 12.6993 11.529 10.8514 10.5163 9.91327 -9999 -9999 -9999 -9999 -9999 -9999 -9999 -9999 -9999 -9999 -9999 -9999 -9999 -9999 -9999 -9999 -9999 -9999 -9999 -9999 -9999 -9999 -9999 -9999 -9999 -9999 -9999 -9999 -9999 -9999 -9999 -9999 -9999 -9999 -9999 -9999 -9999 -9999 -9999 -9999 -9999 -9999
-9999 -9999 -9999 13.7486 14.0709 14.751 15.1072 15.2554 15.6034 15.611 15.4399 15.3123 15.124 14.8758 14.4623 14.0054 13.4109 13.3611 13.9896 14.0026 13.8776 13.9849 14.3097 14.23 13.5157 12.2878 11.6408 10.3138 9.7512 9.81353 9.41624 -9999 -9999 -9999 -9999 -9999 -9999 -9999 -9999 -9999 -9999 -9999 -9999 11.0129 -9999 -9999 -9999 -9999 -9999 -9999 -9999 -9999 -9999 -9999 -9999 -9999 -9999 -9999 -9999 -9999 -9999 -9999 -9999 -9999 8.66967 -9999 -9999 -9999 -9999 -9999 -9999 -9999
-9999 -9999 13.6815 14.1084 14.443 14.8722 14.9186 15.1803 15.5794 15.5921 15.4728 15.337 15.0231 14.9502 14.7176 14.2209 14.124 14.3335 14.4329 14.5446 14.6152 14.567 14.4421 14.2791 13.8179 13.2505 12.871 11.6593 11.0517 10.4711 9.5903 8.90241 -9999 -9999 -9999 -9999 -9999 -9999 -9999 10.5364 10.5079 10.5277 10.7257 11.2654 10.9537 -9999 -9999 -9999 -9999 -9999 -9999 -9999 -9999 -9999 -9999 -9999 -9999 -9999 -9999 -9999 -9999 -9999 -9999 -9999 9.15578 8.46358 -9999 -9999 -9999 -9999 -9999 -9999
-9999 -9999 13.794 14.2436 14.4721 14.8894 15.1314 15.2938 15.437 15.574 15.5591 15.4082 15.1749 15.183 14.8586 14.6865 14.5651 14.8465 14.9064 14.8011 14.6675 14.5497 14.2074 14.1718 14.0579 13.6991 13.1077 12.4981 11.6093 10.4118 9.23772 8.29183 -9999 -9999 -9999 -9999 -9999 -9999 10.6334 11.0834 11.3545 10.7914 11.2798 11.7262 11.6586 11.2247 -9999 -9999 -9999 -9999 -9999 -9999 -9999 -9999 -9999 -9999 -9999 -9999 -9999 -9999 12.4427 11.7332 10.2944 9.55935 9.12029 8.49127 -9999 -9999 -9999 -9999 -9999 -9999
-9999 -9999 13.7054 14.2352 14.5968 14.9186 14.9768 15.3102 15.4555 15.5325 15.5314 15.5071 15.4697 15.1877 15.07 14.6398 15.0633 15.0532 14.953 14.54 14.3637 13.6503 13.3388 13.2678 13.8756 13.4331 12.505 11.344 9.94818 9.85489 9.39638 8.55158 -9999 -9999 -9999 -9999 -9999 -9999 10.7729 11.254 11.656 11.7179 11.1578 11.9482 11.9141 11.4764 11.379 11.7426 11.9284 11.7909 12.2215 12.3518 12.1616 12.3797 -9999 -9999 -9999 -9999 12.5329 12.5672 12.5942 12.3016 10.7293 9.65701 8.6945 8.60641 -9999 -9999 -9999 -9999 -9999 -9999
-9999 -9999 14.0658 14.3953 14.566 14.6005 14.8904 15.1833 15.3619 15.4955 15.4774 15.4742 15.4702 15.3782 15.1553 15.2029 15.1903 15.0622 14.2714 13.3472 13.7572 13.2101 12.0334 12.9931 13.5239 13.0218 11.8962 10.5905 10.1658 10.1821 9.54263 8.71878 -9999 -9999 -9999 9.45639 10.1441 10.209 10.4154 11.0556 11.5433 11.9113 12.1629 12.1552 11.8933 11.4649 10.999 11.1682 12.0128 12.2209 12.3896 12.5243 12.3481 12.4484 12.6786 12.8002 12.8293 12.7819 12.7754 12.7993 12.7778 12.5052 11.0981 10.2955 9.78519 8.75539 -9999 -9999 -9999 -9999 -9999 -9999
-9999 -9999 13.865 14.1526 14.3872 14.7693 14.8174 15.0634 15.2155 15.431 15.4621 15.2239 15.4338 15.4145 15.3831 15.3089 15.197 14.5306 13.6095 12.6859 12.2619 12.4493 11.7431 12.1082 12.6459 12.454 11.764 10.6011 10.4407 10.1735 9.09 8.05229 -9999 -9999 8.12882 9.44331 10.3706 10.8516 11.0042 11.0234 11.6368 11.6887 12.3478 12.1948 11.3279 11.4276 11.091 11.3115 11.6232 11.7105 12.1543 12.5823 12.6674 12.674 12.8225 12.8574 12.8705 12.8725 12.781 12.8312 12.8436 12.6757 11.6587 11.1653 10.6187 8.77276 -9999 -9999 -9999 -9999 -9999 -9999
-9999 -9999 14.0073 14.3279 14.6783 14.7421 15.0038 14.9848 14.9237 15.2848 15.4201 15.2542 15.1367 15.3735 15.3642 15.34 15.2956 14.6697 13.944 12.8424 12.1595 11.7435 11.449 11.0493 11.327 11.2465 11.1376 11.2706 10.953 10.3169 9.6872 8.50142 7.86502 -9999 8.20037 8.79704 9.89893 10.8361 11.4327 11.2253 11.9222 12.0546 12.4554 12.2237 11.697 11.4727 11.4546 11.3875 11.8561 12.1706 12.3914 12.5429 12.7288 12.7804 12.8326 12.8577 12.8741 12.8908 12.8943 12.8964 12.8814 12.8217 12.357 11.8627 10.7923 8.8355 -9999 -9999 -9999 -9999 -9999 -9999
-9999 13.0891 13.971 14.5033 14.7145 14.8694 15.0068 15.1086 15.2174 15.3159 15.3868 15.3661 14.9145 14.959 15.0481 15.3149 15.3023 15.2507 14.8563 13.5147 13.054 12.377 11.5002 11.1323 11.3195 12.0446 12.0158 11.5413 11.0124 10.2796 9.81463 9.09165 7.69696 7.82863 8.46423 8.93887 9.68988 10.8342 11.6379 11.9991 12.1381 12.4209 12.5699 12.2505 11.9444 11.8175 11.581 11.5492 11.553 11.8369 12.0562 12.5472 12.7156 12.7935 12.8371 12.8633 12.8842 12.905 12.9161 12.9127 12.919 12.9208 12.8902 12.2329 10.5815 9.34118 -9999 -9999 -9999 -9999 -9999 -9999
-9999 -9999 13.8091 14.0479 14.1168 14.2309 14.4554 14.713 15.0766 15.1299 15.332 15.3381 14.9493 14.4997 14.9043 15.0686 15.2384 15.2488 15.2025 14.0748 13.4871 13.025 12.1842 12.4889 12.7813 12.8064 12.6351 11.6136 10.5965 9.42313 8.32794 8.28008 7.69299 8.01019 8.43233 9.50619 10.2637 10.5745 10.7989 11.9613 12.2658 12.3722 12.6714 12.2699 12.1673 11.8653 11.9572 11.9322 11.9358 11.0967 11.94 11.9931 12.5465 12.797 12.8569 12.8779 12.9001 12.9089 12.9183 12.9219 12.9335 12.93 12.9268 12.5015 10.405 9.35759 -9999 -9999 -9999 -9999 -9999 -9999
-9999 -9999 -9999 -9999 13.8993 14.0837 14.205 14.4087 15.0168 15.1857 15.3004 15.3171 15.1481 14.7026 14.5904 14.6797 14.2445 14.6188 15.1286 15.1205 15.0633 14.0724 13.5643 14.0599 13.9131 13.1683 12.583 12.0055 10.814 9.94269 8.68688 7.74536 7.71486 8.76472 9.63714 10.7238 11.2069 10.9419 11.2415 11.8206 12.4777 12.7969 12.7254 12.3018 12.2418 11.7751 12.2367 12.2776 12.0652 11.882 11.9552 12.2302 12.3375 12.7716 12.8805 12.9034 12.9128 12.9208 12.9253 12.9291 12.9297 12.931 12.9305 12.9165 10.7614 9.08836 -9999 -9999 -9999 -9999 -9999 -9999
-9999 -9999 -9999 -9999 13.4846 13.6004 13.8905 14.6219 15.0105 15.1714 15.174 15.2523 15.1354 14.7447 14.343 13.9644 13.4737 13.7632 14.5196 14.9671 15.0215 14.1532 14.6077 14.4407 14.1086 13.1336 12.416 12.0372 10.8934 9.91461 9.08055 7.92776 8.42804 8.97895 9.68536 10.8699 11.6716 12.0045 11.7359 12.1083 12.8638 12.8716 12.4636 12.4927 12.2419 11.6035 12.271 12.4598 12.3102 12.3511 12.2942 12.3983 12.5862 12.7666 12.8886 12.9097 12.917 12.9195 12.9257 12.9323 12.9301 12.9367 12.9364 12.9309 11.5418 9.05735 -9999 -9999 -9999 -9999 -9999 -9999
-9999 -9999 -9999 -9999 -9999 13.116 13.7669 14.7349 14.9832 14.9695 15.1754 15.2001 15.0166 14.8581 14.3691 13.6983 12.4033 12.7402 13.4369 14.4388 14.967 14.9 14.6091 14.1053 12.8824 11.8125 11.6853 11.5129 10.6791 9.9262 8.99845 9.5432 10.14 10.7928 11.1389 11.0569 11.7448 12.3064 12.0763 12.532 13.0622 12.8273 12.6893 12.5733 12.2836 12.2676 12.2992 12.6789 12.4187 12.5812 12.5848 12.5786 12.6717 12.7789 12.892 12.915 12.9209 12.9289 12.9226 12.9334 12.9334 12.9334 12.9336 12.9298 12.8091 11.4744 10.6777 -9999 -9999 -9999 -9999 -9999
-9999 -9999 -9999 -9999 -9999 12.5239 12.8528 13.9976 14.3585 14.8685 15.1428 15.1627 14.8478 14.6752 13.9434 13.7104 12.513 11.9735 12.441 12.2685 13.646 14.8651 14.6014 12.1511 11.2654 10.6347 10.8006 10.8055 10.576 9.29169 8.94096 10.0991 10.8306 11.399 11.8319 11.927 11.9188 12.7941 12.9148 13.2021 13.1451 13.1749 12.7393 12.4703 12.7071 12.4352 12.39 12.7823 12.399 12.7489 12.7073 12.6057 12.6037 12.837 12.888 12.9176 12.9247 12.9219 12.9168 12.9163 12.9301 12.9328 12.9262 12.9326 12.9258 12.7738 12.0848 11.8475 12.1219 -9999 -9999 -9999
-9999 -9999 -9999 -9999 -9999 -9999 11.7934 13.3809 14.1123 14.4993 15.0407 15.1125 14.9482 14.6446 13.899 13.2438 12.1742 10.9513 10.3051 12.2576 13.9572 14.8461 14.7306 12.6916 11.8888 11.8546 12.3326 11.9355 11.6355 10.6605 10.3724 9.97068 10.2265 11.016 11.6626 12.287 12.7427 12.7856 13.0831 13.2545 13.2726 13.3288 13.2804 13.241 12.8174 13.1117 12.8653 12.9987 12.9158 12.8412 12.7749 12.5358 12.7104 12.8659 12.9095 12.9263 12.9227 12.9266 12.9266 12.919 12.918 12.9233 12.928 12.9261 12.9317 12.9321 12.86 12.4476 11.8934 11.1915 -9999 -9999
-9999 -9999 -9999 -9999 -9999 -9999 11.0046 12.5843 13.3515 14.3339 14.8433 15.0534 15.0338 14.7892 14.2242 13.3701 12.6594 11.2936 9.87477 11.9238 13.7488 14.7358 14.7919 13.0761 13.5552 13.1741 13.3328 12.6325 12.344 12.1168 11.6159 11.0681 10.4678 10.1534 11.5978 12.3426 12.9432 13.2295 13.3938 13.4783 13.4404 13.334 12.6986 13.1884 13.1622 13.1158 13.0621 13.0371 12.9887 12.9315 12.896 12.8867 12.7294 12.9147 12.9153 12.9227 12.929 12.9301 12.9273 12.9258 12.9227 12.9285 12.9272 12.9269 12.9283 12.9342 12.9349 12.9175 12.8118 11.8676 11.3048 11.1481
-9999 -9999 -9999 -9999 -9999 -9999 8.79668 11.0908 12.9385 13.9056 14.6927 14.9146 15.002 14.6712 14.4253 13.8149 13.2369 12.3415 10.9971 10.1711 11.706 13.9356 14.7589 14.6953 14.6475 14.2066 13.8096 13.7629 13.7971 13.3349 12.6587 11.7759 11.5037 11.1983 12.2755 12.4269 12.3546 13.5384 13.5467 13.485 13.0393 12.5386 12.6382 12.3258 12.5649 12.1949 12.5394 12.8375 12.9502 12.9434 12.9038 12.9008 12.8867 12.9226 12.9265 12.9263 12.9277 12.9314 12.9331 12.9258 12.9245 12.936 12.9318 12.9311 12.9279 12.9353 12.9386 12.9273 12.9172 12.7765 12.5621 12.1462
-9999 -9999 -9999 -9999 -9999 -9999 8.89495 10.8285 12.4669 13.451 14.3988 14.6242 14.9486 14.8869 14.6289 14.0991 13.4353 12.6994 11.5468 10.6913 11.72 13.2011 14.2634 14.6429 14.6417 14.62 14.5234 14.4842 14.3714 14.2922 13.8096 12.9751 12.5066 11.8187 13.0184 13.1581 12.9771 13.5787 13.5542 12.6583 11.9702 11.8883 12.3142 11.9157 11.845 11.5936 11.8789 12.6394 12.4195 12.4657 12.809 12.8689 12.9091 12.9228 12.9249 12.9281 12.9276 12.9341 12.941 12.9338 12.934 12.9374 12.9307 12.9328 12.9298 12.9319 12.9288 12.9254 12.9168 12.8806 12.8422 12.8922
-9999 -9999 -9999 -9999 -9999 -9999 8.93328 10.2379 11.7129 13.1588 14.1703 14.5824 14.8843 14.8878 14.5868 14.3265 13.9126 13.2658 12.8238 12.052 10.9907 12.7833 13.3349 13.8246 14.033 14.5468 14.5382 14.3085 14.0396 14.2959 14.2253 13.5666 13.3536 12.9905 13.6601 13.6672 13.6544 13.6242 12.8683 11.8152 10.9742 11.5873 11.4643 11.7463 10.8808 11.5958 12.1716 12.36 11.9696 11.6833 12.5768 12.7286 12.8204 12.881 12.9225 12.9185 12.9329 12.9333 12.9367 12.94 12.9386 12.9404 12.939 12.9373 12.9335 12.9368 12.9327 12.9287 12.9334 12.9131 12.9095 12.904
-9999 -9999 -9999 -9999 -9999 -9999 -9999 9.47383 11.3393 13.0076 13.9394 14.5279 14.818 14.8194 14.6685 14.4936 14.2391 13.774 13.1881 12.2589 11.5702 12.0153 12.5556 12.6162 12.9776 14.0178 14.3758 13.8782 12.6414 13.3765 14.1977 14.1893 14.1246 14.0519 13.9566 13.8722 13.6809 13.1594 11.5506 11.2387 10.6104 10.6868 10.3662 11.0781 10.8128 11.5447 11.8635 11.9855 11.3144 11.4563 12.2513 12.5683 12.52 12.7165 12.9023 12.9134 12.924 12.9249 12.9348 12.9425 12.9457 12.946 12.9465 12.9484 12.9373 12.9479 12.8941 12.861 12.7877 12.8911 12.9057 12.9162
-9999 -9999 -9999 -9999 -9999 -9999 -9999 9.10067 10.9645 12.9278 13.5627 14.1964 14.7442 14.7612 14.5271 14.3047 14.0752 13.8129 13.1011 12.4109 11.7519 11.5339 11.6725 11.6604 12.2427 13.5969 13.8625 13.7553 12.4619 12.0279 13.1234 14.0451 14.1223 14.0444 12.9707 13.2059 12.6292 11.8451 11.6331 11.2927 10.5674 10.9235 10.3931 10.6265 10.5636 10.9808 11.1857 11.681 11.0968 11.0991 11.8801 12.2761 12.2901 12.706 12.8574 12.901 12.916 12.9287 12.9365 12.9492 12.9519 12.9524 12.951 12.9378 12.8974 12.7568 11.9856 11.9927 12.213 12.4215 12.7933 12.9058
-9999 -9999 -9999 -9999 -9999 -9999 -9999 9.3143 10.6096 12.3522 13.6447 13.7321 14.3637 14.6927 14.4376 14.1495 13.8543 13.7285 12.9534 12.1012 11.4136 10.5986 10.7386 11.3322 12.293 13.1694 13.3297 13.1539 12.4618 12.7944 13.5431 13.943 14.0646 13.978 13.7482 13.6177 13.1944 13.0139 12.4238 11.4981 11.1364 11.3733 10.3897 10.463 10.8324 10.4423 11.0858 11.3956 10.6406 11.2432 11.9347 12.2903 12.6019 12.752 12.8149 12.909 12.9168 12.93 12.9401 12.945 12.9513 12.9433 12.9377 12.8612 12.7452 12.0234 11.7271 11.7927 12.1352 12.4357 12.7504 12.8825
-9999 -9999 -9999 -9999 -9999 -9999 -9999 9.53279 10.6995 12.2112 13.1345 13.3049 14.0045 14.6272 14.5645 14.2644 14.177 13.8655 13.209 12.4831 11.6891 11.3056 10.4173 11.3017 11.9952 12.7382 13.0882 12.5199 12.238 12.7501 13.2593 13.4657 13.9802 13.9805 13.8197 13.1092 12.7654 12.9182 12.7734 12.5159 11.8802 11.8564 11.4494 11.2834 11.1266 10.6015 10.939 10.9762 11.0704 11.7939 12.156 12.3976 12.618 12.6795 12.7783 12.9053 12.9216 12.9317 12.9371 12.9454 12.9426 12.9142 12.8913 12.7307 12.4417 11.8969 11.011 11.6465 12.3106 12.516 12.711 12.8164
-9999 -9999 -9999 -9999 -9999 -9999 -9999 9.33406 10.5729 11.8657 12.4099 12.5075 13.7684 14.5428 14.5502 14.411 14.2473 13.4694 13.521 13.3697 12.654 11.6089 10.4605 10.5737 11.2611 12.2383 12.5657 11.6246 11.2959 11.546 12.3135 13.0012 13.7191 13.9053 13.7014 12.5924 11.4136 11.9681 12.5601 12.5619 12.3948 11.8055 11.6215 11.4553 11.0262 10.2928 10.4018 10.61 11.4313 11.6953 12.101 12.4388 12.318 12.3965 12.7203 12.9085 12.921 12.93 12.9419 12.9436 12.9388 12.8759 12.809 12.6926 11.929 11.4564 10.7691 11.5829 12.0376 12.2833 12.7167 12.8247
-9999 -9999 -9999 -9999 -9999 -9999 -9999 8.95156 9.85218 11.088 11.5897 12.3863 13.5781 14.1674 14.4529 14.4526 14.3455 14.0003 13.7949 13.3846 12.6399 11.6195 10.4846 9.74744 10.1297 11.4391 11.7528 10.8865 10.4488 11.0047 11.8224 13.0309 13.7236 13.8216 13.7646 13.5401 12.6809 11.6417 11.6504 12.1795 11.7462 11.2417 11.5268 11.4797 11.0562 10.7493 10.557 10.6798 11.1486 11.3467 11.8148 12.5036 12.6065 12.5923 12.8855 12.9054 12.9178 12.9344 12.9398 12.9431 12.9404 12.8902 12.7703 12.264 11.8233 11.2077 11.1367 11.8646 12.1893 12.4866 12.7025 12.7771
-9999 -9999 -9999 -9999 -9999 -9999 -9999 8.29376 9.35212 10.51 11.5946 12.621 13.5052 13.5791 14.0481 14.0534 14.3019 14.238 13.9183 13.5737 12.9328 11.6205 10.5178 9.31465 9.63817 10.9764 11.1506 10.5724 9.5002 10.6171 11.8485 12.965 13.5718 13.1053 13.5939 13.5595 13.2409 12.6244 11.6628 11.6863 10.9669 10.9405 11.3175 11.4431 11.3859 11.1569 10.7844 10.8499 11.1351 11.2123 11.6431 12.1787 12.7025 12.795 12.8993 12.9092 12.9165 12.9303 12.9372 12.9323 12.9116 12.8588 12.4353 11.9305 11.6218 11.1947 11.1479 11.9888 12.3273 12.5157 12.7032 12.781
-9999 -9999 -9999 -9999 -9999 -9999 -9999 -9999 9.24328 10.4392 11.3257 11.5688 12.3553 12.7827 13.1147 13.1928 14.1292 14.1862 13.9855 13.6694 13.1235 12.1291 11.4376 10.2838 9.45577 9.79595 9.95672 10.2676 10.1821 10.6829 11.8664 13.0992 13.2383 12.4635 12.5842 12.7526 13.1237 12.9434 11.6314 10.9674 10.417 10.8167 11.2369 11.3423 11.3672 11.2919 11.1998 11.0393 11.5996 12.0155 12.1159 12.4794 12.7492 12.8277 12.8883 12.9008 12.9134 12.9193 12.9098 12.9045 12.8441 12.7012 12.2267 11.0774 11.1371 11.018 10.6644 11.4855 12.0028 12.468 12.7182 12.7876
-9999 -9999 -9999 -9999 -9999 -9999 -9999 -9999 8.84621 10.2288 10.5256 10.5099 10.06 10.2757 11.9713 12.3173 13.2156 14.0664 14.0099 13.6998 13.1894 12.5992 11.6825 10.3842 9.35348 8.91956 10.0337 11.1293 11.3601 11.7144 12.4415 12.5837 11.7917 11.0493 11.4742 11.7323 12.7009 12.882 12.7 11.9116 11.0093 10.5407 11.1049 11.1846 11.223 11.2345 11.2209 11.1963 11.8248 12.1764 12.422 12.5581 12.7907 12.8544 12.8787 12.902 12.9037 12.8979 12.8679 12.833 12.6593 12.4477 11.6667 11.0165 10.6132 10.0997 11.2757 11.6313 12.1196 12.4346 12.6835 12.7432
