Test_Spring_2018/04_18/Temp/20180416_003.txt
ncols	170
nrows	115
xllcorner	350000.000000
yllcorner	4445000.000000
cellsize	1000.000000
nodata_value	-9999.000000
[rows 32 to 63 of 115, columns 72 to 143 of 170]
16.6028 16.3323 16.7383 17.1116 16.8587 16.6904 17.3018 17.2966 17.0795 16.5765 16.3892 16.1953 16.0749 15.4315 13.6338 12.0126 12.8745 12.8904 12.2863 13.3554 12.7822 11.2959 9.19969 10.3291 10.0267 8.52504 8.14593 -9999 -9999 -9999 -9999 -9999 -9999 -9999 -9999 -9999 -9999 -9999 -9999 -9999 -9999 -9999 -9999 -9999 -9999 -9999 -9999 -9999 -9999 -9999 -9999 -9999 -9999 -9999 -9999 -9999 -9999 -9999 -9999 -9999 -9999 -9999 -9999 -9999 -9999 -9999 -9999 -9999 -9999 -9999 -9999 -9999
16.2368 16.1181 16.7239 16.7063 16.6534 16.8508 17.2267 17.2986 17.2109 16.9888 16.7961 16.5915 16.0794 15.3438 13.8046 11.9598 11.538 12.4341 12.4724 12.612 12.0894 11.434 10.4116 11.2375 11.5542 10.5661 9.27167 8.43532 -9999 -9999 -9999 -9999 -9999 -9999 -9999 -9999 -9999 -9999 -9999 -9999 -9999 -9999 -9999 -9999 -9999 -9999 -9999 -9999 -9999 -9999 -9999 -9999 -9999 -9999 -9999 -9999 -9999 -9999 -9999 -9999 -9999 -9999 -9999 -9999 -9999 -9999 -9999 -9999 -9999 -9999 -9999 -9999
15.8023 15.2057 15.569 15.8405 16.3275 16.4427 16.5141 17.2373 17.1938 17.1552 16.8396 16.5865 16.1701 15.462 14.4556 13.2448 11.1396 12.4304 13.4399 13.409 13.3481 12.8873 11.905 12.7157 12.7477 11.4828 10.0437 9.20431 8.85361 -9999 -9999 -9999 -9999 -9999 -9999 -9999 -9999 -9999 -9999 -9999 -9999 -9999 -9999 -9999 -9999 -9999 -9999 -9999 -9999 -9999 -9999 -9999 -9999 -9999 -9999 -9999 -9999 -9999 -9999 -9999 -9999 -9999 -9999 -9999 -9999 -9999 -9999 -9999 -9999 -9999 -9999 -9999
15.3099 14.5821 14.9477 15.437 16.1181 16.4606 16.7218 16.9344 17.1515 17.1204 16.7975 15.8529 15.7142 15.6692 15.0096 13.6298 12.2518 11.8914 13.4341 13.872 13.7766 14.1166 13.2836 13.6684 13.5017 13.0468 11.6625 10.4068 9.88691 8.86571 -9999 -9999 -9999 -9999 -9999 -9999 -9999 -9999 -9999 -9999 -9999 -9999 -9999 -9999 -9999 -9999 -9999 -9999 -9999 -9999 -9999 -9999 -9999 -9999 -9999 -9999 -9999 -9999 -9999 -9999 -9999 -9999 -9999 -9999 -9999 -9999 -9999 -9999 -9999 -9999 -9999 -9999
-9999 -9999 14.1125 14.7695 15.3167 15.9849 16.559 16.8486 17.1299 17.1019 16.4609 16.1452 16.1135 15.6798 14.919 14.4399 13.5707 12.6652 13.0049 14.3196 13.7275 14.6568 14.5719 14.7375 14.106 12.8981 11.3043 10.3673 9.9014 9.07263 -9999 -9999 -9999 -9999 -9999 -9999 -9999 -9999 -9999 -9999 -9999 -9999 -9999 -9999 -9999 -9999 -9999 -9999 -9999 -9999 -9999 -9999 -9999 -9999 -9999 -9999 -9999 -9999 -9999 -9999 -9999 -9999 -9999 -9999 -9999 -9999 -9999 -9999 -9999 -9999 -9999 -9999
-9999 -9999 -9999 14.6364 15.0509 15.9566 16.4058 16.5918 17.0485 17.0445 16.7987 16.6121 16.3437 15.9945 15.4217 14.7903 13.9727 13.8932 14.7328 14.7385 14.5571 14.6902 15.118 14.9973 14.016 12.3312 11.4419 9.62909 8.85473 8.92717 8.377 -9999 -9999 -9999 -9999 -9999 -9999 -9999 -9999 -9999 -9999 -9999 -9999 10.4123 -9999 -9999 -9999 -9999 -9999 -9999 -9999 -9999 -9999 -9999 -9999 -9999 -9999 -9999 -9999 -9999 -9999 -9999 -9999 -9999 7.05109 -9999 -9999 -9999 -9999 -9999 -9999 -9999
-9999 -9999 14.5601 15.1086 15.546 16.1114 16.1539 16.4802 17.006 17.0086 16.8327 16.635 16.1963 16.0845 15.7568 15.0717 14.9285 15.2005 15.3234 15.463 15.5467 15.4693 15.2877 15.0542 14.4077 13.6262 13.0991 11.4489 10.6066 9.8076 8.60206 7.65809 -9999 -9999 -9999 -9999 -9999 -9999 -9999 9.78887 9.74161 9.76015 10.0204 10.7436 10.3135 -9999 -9999 -9999 -9999 -9999 -9999 -9999 -9999 -9999 -9999 -9999 -9999 -9999 -9999 -9999 -9999 -9999 -9999 -9999 7.69892 6.75129 -9999 -9999 -9999 -9999 -9999 -9999
-9999 -9999 14.6902 15.2832 15.5763 16.125 16.4363 16.6241 16.8027 16.9734 16.9389 16.7205 16.391 16.3891 15.9372 15.6918 15.5156 15.8852 15.955 15.8007 15.6079 15.4363 14.9603 14.8993 14.7238 14.2248 13.4103 12.5712 11.3517 9.71666 8.11346 6.8196 -9999 -9999 -9999 -9999 -9999 -9999 9.91714 10.5181 10.8771 10.1061 10.7599 11.3571 11.258 10.6594 -9999 -9999 -9999 -9999 -9999 -9999 -9999 -9999 -9999 -9999 -9999 -9999 -9999 -9999 12.1799 11.209 9.25024 8.2448 7.64032 6.77831 -9999 -9999 -9999 -9999 -9999 -9999
-9999 -9999 14.5622 15.2634 15.7363 16.1551 16.2167 16.6392 16.8175 16.9066 16.8905 16.8435 16.7794 16.3844 16.2125 15.6179 16.1801 16.1551 16.0081 15.4372 15.1867 14.2083 13.7741 13.6574 14.468 13.8552 12.5843 10.9976 9.08615 8.95153 8.31742 7.16016 -9999 -9999 -9999 -9999 -9999 -9999 10.0941 10.7373 11.2738 11.35 10.5836 11.6471 11.5908 10.9904 10.8511 11.3362 11.58 11.385 11.9641 12.1318 11.8651 12.1512 -9999 -9999 -9999 -9999 12.3107 12.3476 12.3748 11.9689 9.82924 8.3669 7.05323 6.92496 -9999 -9999 -9999 -9999 -9999 -9999
-9999 -9999 15.0427 15.4719 15.6856 15.7147 16.0895 16.457 16.6804 16.8433 16.804 16.7858 16.7671 16.6298 16.3158 16.3686 16.3403 16.1556 15.0732 13.8099 14.354 13.6027 11.9894 13.2766 13.9828 13.289 11.7501 9.96708 9.37112 9.38421 8.50455 7.37399 -9999 -9999 -9999 8.32616 9.24756 9.32585 9.59641 10.4553 11.1082 11.6006 11.9343 11.9138 11.5525 10.9651 10.3267 10.5485 11.6852 11.9591 12.1825 12.3563 12.1085 12.2319 12.5344 12.6896 12.7193 12.6453 12.6267 12.6494 12.6107 12.2318 10.319 9.22216 8.52112 7.1104 -9999 -9999 -9999 -9999 -9999 -9999
-9999 -9999 14.76 15.1324 15.4324 15.9294 15.9763 16.2917 16.4705 16.7453 16.7726 16.4358 16.707 16.6682 16.6138 16.502 16.3394 15.4257 14.167 12.9047 12.3191 12.5555 11.5862 12.0679 12.7832 12.5107 11.5595 9.96975 9.73813 9.35639 7.87902 6.45982 -9999 -9999 6.52647 8.29631 9.54228 10.1843 10.3823 10.4 11.2234 11.2864 12.1724 11.9556 10.7747 10.9029 10.442 10.7336 11.1453 11.2557 11.8482 12.4229 12.5292 12.529 12.7206 12.7582 12.7663 12.7592 12.6254 12.6836 12.6906 12.4534 11.0658 10.3876 9.63756 7.12104 -9999 -9999 -9999 -9999 -9999 -9999
-9999 -9999 14.9406 15.3571 15.8136 15.8816 16.2178 16.1748 16.0649 16.538 16.7052 16.4663 16.2937 16.6021 16.5778 16.534 16.4633 15.6047 14.6111 13.1079 12.1715 11.5913 11.1796 10.6227 10.9855 10.8626 10.7008 10.8667 10.4225 9.54089 8.67397 7.05737 6.18192 -9999 6.61161 7.40879 8.89132 10.1514 10.9511 10.662 11.5988 11.7713 12.3051 11.9846 11.2652 10.9522 10.9207 10.8227 11.4502 11.8707 12.1613 12.3583 12.604 12.6647 12.726 12.7503 12.7627 12.7754 12.7702 12.7632 12.7331 12.6425 12.0031 11.3238 9.86367 7.19714 -9999 -9999 -9999 -9999 -9999 -9999
-9999 13.7121 14.8841 15.5868 15.8542 16.045 16.2123 16.3316 16.4524 16.5697 16.6504 16.6075 15.9824 16.0304 16.1397 16.4903 16.4628 16.3828 15.8382 14.0101 13.3709 12.4397 11.2388 10.7272 10.967 11.9354 11.8819 11.2244 10.493 9.48066 8.8367 7.84351 5.94326 6.10875 6.95772 7.58945 8.59654 10.1375 11.2177 11.6993 11.8805 12.2549 12.4502 12.0094 11.5886 11.4103 11.0831 11.0332 11.0312 11.4085 11.6974 12.3563 12.576 12.6745 12.7241 12.7499 12.7683 12.7865 12.7916 12.777 12.7756 12.7681 12.717 11.8165 9.56752 7.87205 -9999 -9999 -9999 -9999 -9999 -9999
-9999 -9999 14.6572 14.9619 15.0359 15.171 15.4559 15.7858 16.252 16.3078 16.5662 16.5599 16.0196 15.3983 15.9352 16.1473 16.3672 16.3714 16.2987 14.7565 13.9484 13.3099 12.1579 12.5573 12.9395 12.9591 12.7123 11.3133 9.92027 8.31092 6.81295 6.73433 5.92542 6.34409 6.90371 8.34722 9.36315 9.77469 10.0703 11.6376 12.0416 12.178 12.5767 12.0262 11.8815 11.4661 11.5841 11.5436 11.5415 10.3976 11.5322 11.5964 12.3382 12.6701 12.7433 12.7619 12.7822 12.7841 12.7867 12.7816 12.7871 12.7725 12.7571 12.1707 9.31977 7.88583 -9999 -9999 -9999 -9999 -9999 -9999
-9999 -9999 -9999 -9999 14.7328 14.9629 15.1076 15.364 16.1617 16.3741 16.514 16.5222 16.28 15.6641 15.501 15.6115 15.0121 15.5089 16.1879 16.1657 16.0764 14.7214 14.0199 14.6778 14.4648 13.4411 12.6332 11.8356 10.206 9.00593 7.29017 6.0006 5.94586 7.35548 8.52609 9.98694 10.631 10.2625 10.66 11.4357 12.3186 12.7442 12.6407 12.0605 11.9737 11.3352 11.9542 12.0031 11.7086 11.4536 11.545 11.9101 12.0476 12.6275 12.7663 12.789 12.7918 12.7926 12.7886 12.7836 12.7737 12.7651 12.7541 12.7247 9.79421 7.51271 -9999 -9999 -9999 -9999 -9999 -9999
-9999 -9999 -9999 -9999 14.1625 14.2994 14.6727 15.6441 16.1445 16.3459 16.334 16.4258 16.2542 15.7127 15.1574 14.6341 13.959 14.341 15.3551 15.9502 16.012 14.8232 15.4258 15.1858 14.7217 13.386 12.3986 11.8701 10.305 8.95936 7.81495 6.23908 6.90343 7.637 8.582 10.1758 11.2515 11.6931 11.3202 11.8167 12.833 12.8366 12.2773 12.3105 11.9653 11.0942 11.9923 12.2418 12.0325 12.0811 11.9964 12.1302 12.3771 12.6134 12.77 12.7895 12.7901 12.7834 12.7816 12.78 12.7666 12.765 12.7541 12.736 10.8433 7.46238 -9999 -9999 -9999 -9999 -9999 -9999
-9999 -9999 -9999 -9999 -9999 13.6349 14.4968 15.7889 16.0992 16.0642 16.3278 16.3471 16.0854 15.8586 15.1851 14.2659 12.5012 12.9474 13.8805 15.2267 15.9305 15.8271 15.4197 14.7234 13.0522 11.5879 11.4005 11.1517 10.0066 8.96699 7.69567 8.41978 9.21488 10.0866 10.5434 10.4212 11.3427 12.0941 11.7734 12.3829 13.0937 12.7685 12.5749 12.4115 12.0135 11.9857 12.0223 12.5304 12.1712 12.3847 12.382 12.3665 12.4851 12.6224 12.7671 12.7892 12.7877 12.7886 12.7698 12.7739 12.7634 12.7526 12.7423 12.7263 12.552 10.7288 9.63793 -9999 -9999 -9999 -9999 -9999
-9999 -9999 -9999 -9999 -9999 12.8244 13.2504 14.7821 15.2452 15.9199 16.2763 16.2892 15.8496 15.6035 14.6008 14.2748 12.6423 11.9009 12.5234 12.2783 14.1327 15.7718 15.4012 12.0676 10.8534 9.98413 10.1939 10.1854 9.85921 8.09967 7.61027 9.16563 10.1434 10.9008 11.4753 11.5927 11.5713 12.7474 12.9024 13.2835 13.1986 13.2319 12.635 12.2641 12.5792 12.2046 12.1371 12.6621 12.1363 12.6036 12.5398 12.3951 12.3849 12.6931 12.7538 12.7849 12.785 12.7712 12.7539 12.743 12.751 12.7439 12.724 12.7219 12.7017 12.4809 11.5359 11.2031 11.5637 -9999 -9999 -9999
-9999 -9999 -9999 -9999 -9999 -9999 11.8073 13.9393 14.9044 15.4126 16.1311 16.2146 15.9768 15.5543 14.5334 13.6353 12.1757 10.5083 9.62157 12.2555 14.5462 15.7378 15.5681 12.7919 11.6899 11.6291 12.2618 11.7089 11.2874 9.947 9.54267 8.98473 9.31824 10.3744 11.2387 12.0737 12.6808 12.7292 13.123 13.3477 13.3644 13.4333 13.3607 13.3006 12.7209 13.1132 12.7729 12.9471 12.828 12.7202 12.6229 12.2917 12.5208 12.7237 12.7744 12.7879 12.7738 12.7691 12.7587 12.7375 12.7264 12.7227 12.7181 12.7047 12.7014 12.6868 12.5777 12.0076 11.2455 10.2836 -9999 -9999
-9999 -9999 -9999 -9999 -9999 -9999 10.7311 12.853 13.8665 15.1819 15.854 16.1243 16.0858 15.743 14.9667 13.799 12.8255 10.9642 9.03091 11.7951 14.2555 15.58 15.6427 13.3045 13.9397 13.4089 13.6093 12.6458 12.2402 11.9131 11.2207 10.4651 9.63733 9.19892 11.1446 12.1428 12.9462 13.3243 13.5374 13.643 13.5829 13.4336 12.5654 13.222 13.1805 13.1108 13.0314 12.9908 12.9183 12.8338 12.7781 12.7582 12.5376 12.7807 12.7726 12.7739 12.7732 12.7648 12.7506 12.7379 12.7224 12.7198 12.7085 12.6971 12.6881 12.6809 12.6703 12.6355 12.4813 11.1911 10.4178 10.1962
-9999 -9999 -9999 -9999 -9999 -9999 7.73215 10.8226 13.2953 14.5908 15.6415 15.9294 16.0356 15.576 15.2319 14.394 13.6001 12.376 10.5433 9.41261 11.4793 14.4873 15.5895 15.49 15.4115 14.7999 14.2479 14.1702 14.2021 13.5567 12.6246 11.4158 11.0338 10.6083 12.0566 12.2508 12.1426 13.7366 13.7384 13.6457 13.033 12.346 12.4729 12.046 12.3636 11.8552 12.315 12.7118 12.8574 12.841 12.7795 12.7678 12.7413 12.7812 12.7782 12.7692 12.7618 12.757 12.749 12.7282 12.7154 12.7197 12.7037 12.6914 12.6788 12.6734 12.6666 12.6399 12.6153 12.4138 12.1127 11.5399
-9999 -9999 -9999 -9999 -9999 -9999 7.8532 10.4447 12.6492 13.9654 15.2361 15.5287 15.9561 15.861 15.5003 14.7713 13.8609 12.8527 11.2797 10.1089 11.4905 13.4835 14.9095 15.4105 15.3954 15.3522 15.2073 15.1375 14.9707 14.8441 14.1774 13.033 12.3863 11.4427 13.057 13.2356 12.98 13.785 13.7423 12.5192 11.5781 11.4585 12.0268 11.4788 11.3762 11.0326 11.4118 12.4349 12.1289 12.1842 12.6412 12.715 12.7608 12.7715 12.7659 12.7615 12.7515 12.7506 12.7496 12.7292 12.7184 12.7118 12.6914 12.6844 12.6691 12.6561 12.6442 12.6284 12.6059 12.546 12.4797 12.5385
-9999 -9999 -9999 -9999 -9999 -9999 7.89737 9.63674 11.6203 13.562 14.9192 15.4649 15.8617 15.8547 15.4354 15.0715 14.4994 13.6118 13.0013 11.9438 10.4936 12.9097 13.6429 14.2933 14.5595 15.2419 15.2164 14.8914 14.5078 14.8422 14.7324 13.8278 13.5275 13.0241 13.9203 13.9192 13.8914 13.8406 12.8066 11.3704 10.2218 11.0437 10.8684 11.2418 10.0621 11.0216 11.7941 12.0419 11.5103 11.1149 12.3168 12.5139 12.6305 12.7044 12.7523 12.7379 12.7482 12.739 12.7333 12.7273 12.7146 12.7059 12.6927 12.6792 12.6648 12.6533 12.6363 12.6151 12.6105 12.577 12.5618 12.5455
-9999 -9999 -9999 -9999 -9999 -9999 -9999 8.59264 11.1016 13.3481 14.5974 15.3821 15.7629 15.7529 15.5369 15.2885 14.9321 14.2904 13.4847 12.2135 11.268 11.8584 12.5758 12.6451 13.1212 14.5172 14.9888 14.3011 12.6048 13.5862 14.6866 14.6634 14.5643 14.4545 14.3157 14.1906 13.921 13.2044 11.0148 10.5814 9.72065 9.81513 9.37185 10.3273 9.96075 10.9442 11.3681 11.5256 10.6086 10.7916 11.8606 12.2824 12.2092 12.4674 12.7141 12.7202 12.7252 12.7168 12.7201 12.72 12.7136 12.6997 12.689 12.6804 12.6559 12.6542 12.5699 12.514 12.4038 12.5334 12.543 12.5459
-9999 -9999 -9999 -9999 -9999 -9999 -9999 8.07423 10.5853 13.2317 14.0788 14.9248 15.6547 15.6657 15.3369 15.0239 14.7012 14.3341 13.3578 12.4104 11.5052 11.1973 11.3721 11.3413 12.1172 13.9388 14.2855 14.1271 12.3518 11.7516 13.224 14.4611 14.5542 14.4374 12.9719 13.2798 12.4881 11.4156 11.1184 10.6475 9.6553 10.1284 9.40063 9.7079 9.61501 10.1717 10.4412 11.104 10.3045 10.2978 11.3474 11.876 11.8868 12.4421 12.6387 12.6888 12.7 12.7075 12.708 12.7148 12.7077 12.6975 12.6845 12.6557 12.59 12.3905 11.3293 11.328 11.6156 11.8877 12.3823 12.5221
-9999 -9999 -9999 -9999 -9999 -9999 -9999 8.35457 10.0957 12.4433 14.1815 14.2872 15.1306 15.5644 15.2069 14.8046 14.393 14.2106 13.1484 11.9817 11.0377 9.92096 10.0979 10.8894 12.1768 13.3514 13.5557 13.3047 12.3438 12.7826 13.7852 14.3155 14.4688 14.3404 14.0183 13.8308 13.2469 12.9921 12.1826 10.9185 10.4187 10.7302 9.38816 9.47835 9.9699 9.43364 10.2969 10.7081 9.67685 10.4824 11.411 11.8846 12.2985 12.4932 12.5697 12.6881 12.6894 12.6976 12.7012 12.6976 12.6956 12.6741 12.6558 12.5413 12.3734 11.3849 10.9691 11.0473 11.5007 11.8974 12.312 12.4807
-9999 -9999 -9999 -9999 -9999 -9999 -9999 8.64121 10.2083 12.2432 13.4812 13.6996 14.6351 15.4667 15.3697 14.9512 14.8209 14.3869 13.4855 12.4899 11.4018 10.8699 9.65376 10.8394 11.7647 12.7588 13.2204 12.4266 12.0327 12.7147 13.393 13.6612 14.347 14.3364 14.1077 13.1344 12.6582 12.8549 12.6487 12.2898 11.4187 11.3768 10.8159 10.5816 10.36 9.64049 10.0889 10.1305 10.249 11.2184 11.7004 12.0193 12.3092 12.3837 12.5087 12.6716 12.6842 12.6882 12.6855 12.6867 12.6726 12.6237 12.582 12.354 11.9518 11.2033 9.98894 10.8393 11.7286 11.9941 12.2488 12.3813
-9999 -9999 -9999 -9999 -9999 -9999 -9999 8.36228 10.0273 11.7658 12.4902 12.6099 14.3059 15.343 15.341 15.1405 14.9068 13.8409 13.8988 13.6818 12.6999 11.2717 9.7034 9.84429 10.7639 12.073 12.5042 11.2052 10.7481 11.0752 12.1037 13.0241 13.9856 14.2269 13.9398 12.4267 10.8191 11.5599 12.3518 12.3443 12.1079 11.2997 11.0407 10.806 10.2152 9.21366 9.35184 9.6249 10.7257 11.0747 11.6155 12.0643 11.8917 11.989 12.4186 12.6643 12.6716 12.6741 12.6803 12.6727 12.656 12.5606 12.4596 12.2915 11.2467 10.5961 9.6497 10.7432 11.3488 11.6698 12.2466 12.3827
-9999 -9999 -9999 -9999 -9999 -9999 -9999 7.83415 9.0411 10.7024 11.3694 12.4362 14.0386 14.8248 15.1996 15.1873 15.0302 14.5506 14.2604 13.6926 12.6715 11.2769 9.72695 8.71589 9.22145 10.9816 11.3911 10.1967 9.5921 10.3337 11.4302 13.0563 13.9837 14.1055 14.0175 13.7027 12.5281 11.1096 11.1113 11.8179 11.2209 10.5275 10.9039 10.8303 10.2469 9.8216 9.55285 9.70956 10.3328 10.5922 11.2173 12.1413 12.2716 12.2431 12.631 12.6484 12.6556 12.6683 12.6659 12.6604 12.6468 12.5687 12.3961 11.7001 11.0929 10.2488 10.1427 11.1148 11.5421 11.9353 12.2175 12.3083
-9999 -9999 -9999 -9999 -9999 -9999 -9999 6.93285 8.35363 9.9095 11.3662 12.7444 13.93 14.0179 14.6414 14.6366 14.9614 14.8631 14.4181 13.9392 13.0589 11.269 9.76286 8.12056 8.54666 10.3487 10.5577 9.76264 8.29838 9.80024 11.4572 12.9588 13.7698 13.1268 13.778 13.7207 13.2785 12.4328 11.1197 11.1413 10.1566 10.1107 10.6116 10.7719 10.6846 10.3645 9.8519 9.93041 10.3046 10.3999 10.9741 11.6903 12.3906 12.5064 12.6382 12.6419 12.6421 12.6511 12.6506 12.6341 12.5963 12.5148 11.9311 11.2373 10.8092 10.2206 10.1476 11.2719 11.7193 11.9649 12.2086 12.3039
-9999 -9999 -9999 -9999 -9999 -9999 -9999 -9999 8.19604 9.80343 10.9918 11.3086 12.362 12.9289 13.3668 13.4607 14.7176 14.783 14.4994 14.0593 13.308 11.9487 10.9999 9.42458 8.29061 8.73726 8.9314 9.34102 9.21371 9.88086 11.473 13.1321 13.3094 12.2487 12.4015 12.619 13.1112 12.8565 11.0686 10.1586 9.40278 9.93426 10.4935 10.6263 10.6502 10.5382 10.4052 10.1744 10.9239 11.4778 11.6042 12.0869 12.4428 12.5394 12.6118 12.6189 12.6263 12.6245 12.6018 12.5849 12.4933 12.29 11.6374 10.0705 10.1419 9.97081 9.48214 10.5826 11.2703 11.8904 12.2193 12.3031
-9999 -9999 -9999 -9999 -9999 -9999 -9999 -9999 7.6478 9.50819 9.8975 9.86373 9.24185 9.522 11.8074 12.2644 13.4698 14.6108 14.5226 14.0909 13.3878 12.5764 11.3225 9.55149 8.14303 7.53089 9.03055 10.4999 10.8011 11.2697 12.2435 12.425 11.3408 10.324 10.8889 11.2279 12.5296 12.7645 12.5076 11.4291 10.1964 9.55133 10.3056 10.4035 10.4455 10.4509 10.4225 10.3782 11.2191 11.6856 12.0084 12.1829 12.4881 12.5644 12.5874 12.609 12.6015 12.5837 12.5334 12.4764 12.2314 11.9352 10.8676 9.97718 9.42134 8.71621 10.3001 10.7702 11.4178 11.8355 12.1627 12.2334
