Test_Spring_2018/04_18/Temp/20180403_018.txt
ncols	170
nrows	115
xllcorner	350000.000000
yllcorner	4445000.000000
cellsize	1000.000000
nodata_value	-9999.000000
[rows 32 to 63 of 115, columns 72 to 143 of 170]
14.6113 14.4702 14.7181 14.9472 14.8229 14.7418 15.112 15.1231 15.0122 14.7368 14.6427 14.5447 14.4888 14.1321 13.1118 12.1928 12.7012 12.7231 12.3887 13.016 12.6993 11.8575 10.6652 11.3272 11.166 10.3149 10.11 -9999 -9999 -9999 -9999 -9999 -9999 -9999 -9999 -9999 -9999 -9999 -9999 -9999 -9999 -9999 -9999 -9999 -9999 -9999 -9999 -9999 -9999 -9999 -9999 -9999 -9999 -9999 -9999 -9999 -9999 -9999 -9999 -9999 -9999 -9999 -9999 -9999 -9999 -9999 -9999 -9999 -9999 -9999 -9999 -9999
14.4058 14.3518 14.7145 14.7189 14.7051 14.8386 15.0734 15.1288 15.0923 14.9784 14.8813 14.7772 14.4961 14.0865 13.2147 12.1672 11.9376 12.4655 12.5002 12.5931 12.3053 11.941 11.3659 11.8532 12.0477 11.4905 10.7605 10.2958 -9999 -9999 -9999 -9999 -9999 -9999 -9999 -9999 -9999 -9999 -9999 -9999 -9999 -9999 -9999 -9999 -9999 -9999 -9999 -9999 -9999 -9999 -9999 -9999 -9999 -9999 -9999 -9999 -9999 -9999 -9999 -9999 -9999 -9999 -9999 -9999 -9999 -9999 -9999 -9999 -9999 -9999 -9999 -9999
14.1609 13.8321 14.0554 14.2259 14.5235 14.6133 14.6685 15.0983 15.0872 15.0789 14.9112 14.7792 14.5532 14.1594 13.594 12.9108 11.7135 12.4682 13.0611 13.0558 13.0333 12.7808 12.2284 12.7068 12.7375 12.0215 11.2117 10.7411 10.5514 -9999 -9999 -9999 -9999 -9999 -9999 -9999 -9999 -9999 -9999 -9999 -9999 -9999 -9999 -9999 -9999 -9999 -9999 -9999 -9999 -9999 -9999 -9999 -9999 -9999 -9999 -9999 -9999 -9999 -9999 -9999 -9999 -9999 -9999 -9999 -9999 -9999 -9999 -9999 -9999 -9999 -9999 -9999
13.8826 13.4784 13.7029 13.9987 14.406 14.6232 14.7926 14.929 15.0678 15.0639 14.892 14.3626 14.2964 14.2838 13.9176 13.1374 12.358 12.1634 13.0626 13.3267 13.2841 13.4918 13.0251 13.2584 13.1747 12.9258 12.1442 11.4356 11.1485 10.5733 -9999 -9999 -9999 -9999 -9999 -9999 -9999 -9999 -9999 -9999 -9999 -9999 -9999 -9999 -9999 -9999 -9999 -9999 -9999 -9999 -9999 -9999 -9999 -9999 -9999 -9999 -9999 -9999 -9999 -9999 -9999 -9999 -9999 -9999 -9999 -9999 -9999 -9999 -9999 -9999 -9999 -9999
-9999 -9999 13.2275 13.6209 13.9544 14.3543 14.7038 14.8845 15.0604 15.0584 14.7038 14.536 14.5314 14.2953 13.871 13.6085 13.1215 12.6135 12.821 13.5889 13.2606 13.8068 13.7699 13.877 13.5259 12.848 11.9416 11.4161 11.1599 10.6952 -9999 -9999 -9999 -9999 -9999 -9999 -9999 -9999 -9999 -9999 -9999 -9999 -9999 -9999 -9999 -9999 -9999 -9999 -9999 -9999 -9999 -9999 -9999 -9999 -9999 -9999 -9999 -9999 -9999 -9999 -9999 -9999 -9999 -9999 -9999 -9999 -9999 -9999 -9999 -9999 -9999 -9999
-9999 -9999 -9999 13.5489 13.8061 14.3415 14.6205 14.7418 15.0187 15.0306 14.9034 14.81 14.6693 14.482 14.1658 13.8156 13.3582 13.3248 13.8196 13.8348 13.7424 13.8306 14.0882 14.0305 13.4784 12.5255 12.0259 10.9949 10.5613 10.6144 10.3098 -9999 -9999 -9999 -9999 -9999 -9999 -9999 -9999 -9999 -9999 -9999 -9999 11.6356 -9999 -9999 -9999 -9999 -9999 -9999 -9999 -9999 -9999 -9999 -9999 -9999 -9999 -9999 -9999 -9999 -9999 -9999 -9999 -9999 9.99181 -9999 -9999 -9999 -9999 -9999 -9999 -9999
-9999 -9999 13.494 13.829 14.0952 14.4351 14.4754 14.6826 14.9994 15.0154 14.9285 14.8289 14.5904 14.5396 14.3644 13.9833 13.9134 14.082 14.1645 14.2565 14.3162 14.2831 14.1902 14.0674 13.7113 13.2734 12.9818 12.0427 11.5713 11.1234 10.4419 9.91083 -9999 -9999 -9999 -9999 -9999 -9999 -9999 11.2313 11.2163 11.2391 11.4009 11.8289 11.5939 -9999 -9999 -9999 -9999 -9999 -9999 -9999 -9999 -9999 -9999 -9999 -9999 -9999 -9999 -9999 -9999 -9999 -9999 -9999 10.3678 9.83892 -9999 -9999 -9999 -9999 -9999 -9999
-9999 -9999 13.5779 13.9336 14.117 14.4476 14.6417 14.7703 14.8878 15.0006 14.9953 14.8839 14.7084 14.7208 14.4741 14.3458 14.2568 14.4813 14.5331 14.4559 14.3564 14.2689 14.0064 13.9825 13.8967 13.6209 13.1638 12.6927 12.0025 11.0738 10.1636 9.43134 -9999 -9999 -9999 -9999 -9999 -9999 11.2953 11.6529 11.8716 11.4406 11.8287 12.1843 12.1397 11.8149 -9999 -9999 -9999 -9999 -9999 -9999 -9999 -9999 -9999 -9999 -9999 -9999 -9999 -9999 12.8867 12.3431 11.2319 10.6692 10.3374 9.85803 -9999 -9999 -9999 -9999 -9999 -9999
-9999 -9999 13.5082 13.9262 14.2132 14.4694 14.5203 14.7836 14.9015 14.9677 14.9732 14.9606 14.9377 14.7243 14.6386 14.3095 14.6449 14.6424 14.5694 14.2524 14.1194 13.5678 13.329 13.2765 13.7532 13.4118 12.6921 11.791 10.7047 10.6367 10.2834 9.62953 -9999 -9999 -9999 -9999 -9999 -9999 11.3994 11.7814 12.1021 12.1582 11.7301 12.3538 12.3401 12.0079 11.9407 12.2324 12.3855 12.285 12.6334 12.7427 12.6022 12.7795 -9999 -9999 -9999 -9999 12.9365 12.9714 13.0011 12.7823 11.5673 10.7421 10.0029 9.94698 -9999 -9999 -9999 -9999 -9999 -9999
-9999 -9999 13.788 14.0499 14.1882 14.2206 14.452 14.6839 14.8279 14.9394 14.9316 14.9355 14.9388 14.8735 14.706 14.749 14.7449 14.6505 14.0396 13.3245 13.6482 13.2245 12.3112 13.0614 13.4778 13.0896 12.2156 11.2015 10.8711 10.8879 10.3934 9.75614 -9999 -9999 -9999 10.3501 10.8918 10.949 11.1168 11.623 12.0108 12.3048 12.5091 12.5105 12.3206 11.996 11.642 11.7825 12.4489 12.6192 12.7618 12.8745 12.7448 12.8298 13.0163 13.1182 13.1481 13.1185 13.1211 13.1478 13.1396 12.9363 11.8509 11.2361 10.8494 10.0688 -9999 -9999 -9999 -9999 -9999 -9999
-9999 -9999 13.6301 13.8594 14.0474 14.3521 14.3951 14.5925 14.7153 14.8883 14.919 14.74 14.91 14.9013 14.8832 14.8315 14.7501 14.2364 13.5241 12.8093 12.4833 12.633 12.0862 12.3731 12.7948 12.6454 12.1104 11.2072 11.0847 10.8772 10.0375 9.2328 -9999 -9999 9.30559 10.3349 11.0632 11.4445 11.5707 11.5933 12.0792 12.1281 12.65 12.5387 11.8773 11.9642 11.711 11.8917 12.143 12.2194 12.5719 12.9168 12.9905 13.0029 13.1255 13.1596 13.1769 13.1856 13.1219 13.1689 13.1871 13.0654 12.283 11.9089 11.4952 10.077 -9999 -9999 -9999 -9999 -9999 -9999
-9999 -9999 13.7408 13.9958 14.274 14.3292 14.5386 14.53 14.487 14.7745 14.8855 14.7629 14.678 14.869 14.8682 14.8555 14.8268 14.3447 13.7845 12.931 12.4032 12.0828 11.8564 11.5469 11.7657 11.7053 11.6226 11.7283 11.4806 10.9855 10.4978 9.57839 9.08633 -9999 9.35641 9.82655 10.6909 11.4276 11.8997 11.7461 12.2973 12.4092 12.7293 12.5579 12.1617 11.9967 11.9919 11.9487 12.3223 12.5757 12.7547 12.8806 13.0359 13.0831 13.1306 13.1569 13.1765 13.1964 13.2065 13.216 13.2128 13.1754 12.8233 12.4495 11.6272 10.1227 -9999 -9999 -9999 -9999 -9999 -9999
-9999 13.0219 13.7114 14.1311 14.301 14.427 14.5397 14.6247 14.7142 14.7976 14.8593 14.8492 14.5043 14.5456 14.6216 14.8357 14.8317 14.797 14.4948 13.4544 13.0995 12.5749 11.8949 11.6105 11.7584 12.3251 12.3045 11.9366 11.5263 10.9555 10.5934 10.0331 8.95111 9.05758 9.55723 9.93225 10.5233 11.4215 12.055 12.3445 12.4614 12.6899 12.8151 12.5763 12.3516 12.2626 12.0879 12.0724 12.0842 12.3139 12.4918 12.8822 13.0209 13.0909 13.1315 13.1584 13.1812 13.2041 13.22 13.2251 13.2384 13.2489 13.2355 12.7343 11.4607 10.5139 -9999 -9999 -9999 -9999 -9999 -9999
-9999 -9999 13.584 13.7752 13.8341 13.9283 14.1088 14.3152 14.6032 14.6512 14.8152 14.8269 14.5305 14.1872 14.5089 14.6433 14.7815 14.7951 14.764 13.8897 13.4357 13.0789 12.4267 12.6659 12.8955 12.9167 12.7847 11.9904 11.1996 10.2853 9.43419 9.39917 8.94335 9.19481 9.52809 10.3698 10.9659 11.2149 11.3974 12.3111 12.5565 12.6491 12.8916 12.5885 12.5225 12.2973 12.3786 12.3686 12.3803 11.7355 12.3996 12.4489 12.8874 13.0897 13.1444 13.167 13.1907 13.2041 13.2185 13.2289 13.2462 13.2529 13.2613 12.9412 11.3202 10.5237 -9999 -9999 -9999 -9999 -9999 -9999
-9999 -9999 -9999 -9999 13.6632 13.8123 13.9123 14.0767 14.5552 14.6933 14.7893 14.8091 14.6844 14.3442 14.2635 14.3395 14.0066 14.3035 14.7055 14.7034 14.6625 13.8938 13.5001 13.8882 13.7755 13.1969 12.7421 12.2934 11.3664 10.6872 9.71068 8.97939 8.95825 9.77928 10.4627 11.3144 11.6968 11.4974 11.7386 12.198 12.7188 12.9769 12.9308 12.6108 12.578 12.2247 12.5942 12.6355 12.4792 12.3453 12.4097 12.6318 12.7228 13.068 13.1595 13.1844 13.1979 13.2106 13.221 13.2315 13.2407 13.2511 13.2611 13.2615 11.595 10.3113 -9999 -9999 -9999 -9999 -9999 -9999
-9999 -9999 -9999 -9999 13.3387 13.4343 13.6659 14.2413 14.5489 14.6807 14.6894 14.7573 14.6731 14.3757 14.0696 13.7811 13.405 13.636 14.23 14.5828 14.6288 13.9555 14.3115 14.1834 13.9263 13.1682 12.6102 12.3161 11.426 10.663 10.0148 9.11877 9.51088 9.9432 10.4975 11.4252 12.0558 12.3222 12.1207 12.4193 13.0169 13.0325 12.7246 12.7571 12.5759 12.089 12.6189 12.7756 12.6683 12.7089 12.672 12.761 12.9148 13.0624 13.164 13.1868 13.199 13.2072 13.2188 13.2317 13.2384 13.253 13.2631 13.2701 12.2004 10.2847 -9999 -9999 -9999 -9999 -9999 -9999
-9999 -9999 -9999 -9999 -9999 13.0555 13.568 14.3277 14.526 14.5218 14.6889 14.715 14.579 14.4623 14.0883 13.5723 12.5698 12.8377 13.3852 14.1698 14.5848 14.5356 14.311 13.9206 12.9696 12.1376 12.0395 11.906 11.2574 10.6702 9.94892 10.375 10.8422 11.3539 11.6275 11.5688 12.1107 12.5552 12.3838 12.7474 13.1695 12.9961 12.8984 12.8181 12.6065 12.6044 12.6391 12.9444 12.751 12.8863 12.8965 12.8997 12.9797 13.0702 13.1649 13.1891 13.2 13.2126 13.2146 13.2305 13.2389 13.2483 13.2589 13.2672 13.1853 12.1651 11.5589 -9999 -9999 -9999 -9999 -9999
-9999 -9999 -9999 -9999 -9999 12.5927 12.8545 13.7519 14.0379 14.4415 14.6618 14.6841 14.4457 14.318 13.7548 13.5797 12.6532 12.2385 12.6075 12.4775 13.5541 14.5066 14.3032 12.3969 11.7087 11.2187 11.3489 11.3536 11.1757 10.1747 9.90292 10.8068 11.379 11.8249 12.1662 12.2454 12.2452 12.9339 13.0357 13.268 13.2327 13.2654 12.9359 12.7364 12.9348 12.7333 12.7081 13.0232 12.7339 13.0152 12.9902 12.9191 12.925 13.1137 13.1601 13.1896 13.2015 13.2056 13.2084 13.2158 13.2349 13.2464 13.2515 13.2678 13.2746 13.1755 12.6531 12.4828 12.711 -9999 -9999 -9999
-9999 -9999 -9999 -9999 -9999 -9999 12.0277 13.2699 13.8445 14.1522 14.5804 14.6431 14.5216 14.292 13.718 13.2141 12.387 11.4401 10.9417 12.4668 13.7942 14.4897 14.4019 12.8161 12.1925 12.1674 12.5408 12.2327 12 11.24 11.0172 10.7063 10.9082 11.526 12.0341 12.5256 12.8866 12.9271 13.1667 13.3082 13.3313 13.3844 13.3564 13.3354 13.0195 13.2588 13.0768 13.1902 13.1347 13.0853 13.0411 12.8628 13.0063 13.1345 13.1752 13.1951 13.1986 13.2081 13.2149 13.2163 13.2247 13.2381 13.252 13.2616 13.2779 13.2975 13.2553 12.9483 12.531 11.9986 -9999 -9999
-9999 -9999 -9999 -9999 -9999 -9999 11.4118 12.6479 13.2502 14.0216 14.425 14.5947 14.5861 14.4023 13.9688 13.3099 12.7623 11.7041 10.6042 12.2047 13.6295 14.4015 14.4479 13.1136 13.4888 13.1937 13.3187 12.7746 12.5512 12.3739 11.9856 11.5612 11.0958 10.8549 11.9843 12.5696 13.0434 13.2734 13.409 13.4833 13.461 13.3881 12.9026 13.2936 13.2871 13.2609 13.2287 13.2186 13.1899 13.1539 13.1336 13.1343 13.0193 13.1709 13.1788 13.1911 13.2024 13.2099 13.2147 13.221 13.2266 13.2401 13.2508 13.2615 13.2743 13.298 13.3121 13.3125 13.2441 12.5227 12.0979 11.9927
-9999 -9999 -9999 -9999 -9999 -9999 9.69052 11.4831 12.9271 13.6865 14.3051 14.4845 14.559 14.308 14.1229 13.6536 13.2094 12.5175 11.4756 10.8369 12.0365 13.7765 14.4201 14.3728 14.3379 13.9965 13.6892 13.6545 13.6828 13.3227 12.7974 12.1124 11.9039 11.6698 12.5133 12.6364 12.5862 13.5151 13.5291 13.4893 13.1507 12.7676 12.8542 12.6212 12.8212 12.5426 12.8204 13.0617 13.1583 13.1615 13.1379 13.1436 13.1402 13.1764 13.1863 13.1928 13.2006 13.2102 13.2186 13.2205 13.2276 13.2453 13.2519 13.2617 13.2731 13.298 13.3137 13.3183 13.324 13.2278 13.074 12.7667
-9999 -9999 -9999 -9999 -9999 -9999 9.76594 11.276 12.5581 13.3297 14.0742 14.2561 14.5152 14.4735 14.2789 13.8723 13.3611 12.7935 11.9009 11.2394 12.0448 13.2021 14.0327 14.3306 14.3318 14.3173 14.2442 14.2154 14.1294 14.0678 13.6945 13.0478 12.6863 12.1545 13.0935 13.2076 13.0727 13.548 13.5363 12.8464 12.3189 12.2638 12.6017 12.3002 12.259 12.0735 12.3049 12.9061 12.7434 12.7879 13.0623 13.1169 13.1573 13.1752 13.1838 13.1931 13.1996 13.2117 13.2243 13.2263 13.2346 13.246 13.2502 13.2625 13.271 13.292 13.3047 13.3149 13.3212 13.306 13.291 13.3466
-9999 -9999 -9999 -9999 -9999 -9999 9.79528 10.8143 11.9691 13.1002 13.8942 14.2215 14.4629 14.4719 14.2436 14.0469 13.7302 13.232 12.8928 12.2965 11.4743 12.8744 13.3075 13.6915 13.8568 14.2594 14.255 14.0782 13.8691 14.0712 14.0194 13.5097 13.3474 13.0688 13.5951 13.606 13.602 13.5852 13.0036 12.191 11.5441 12.0299 11.9426 12.168 11.5077 12.0732 12.5307 12.6864 12.3915 12.1769 12.8796 13.0076 13.0867 13.1412 13.1807 13.1846 13.2029 13.2104 13.2204 13.2308 13.2379 13.248 13.2561 13.2646 13.2731 13.2949 13.304 13.315 13.3315 13.3303 13.34 13.3521
-9999 -9999 -9999 -9999 -9999 -9999 -9999 10.2186 11.676 12.9814 13.7133 14.1778 14.4098 14.417 14.3055 14.1752 13.9827 13.6259 13.1747 12.4558 11.9239 12.2747 12.6991 12.749 13.0335 13.8465 14.128 13.743 12.78 13.3556 13.9983 13.9953 13.9489 13.8966 13.8279 13.7676 13.6246 13.2249 11.9788 11.7427 11.2611 11.3286 11.0871 11.6466 11.4539 12.0328 12.2898 12.3935 11.8792 11.9964 12.6262 12.8809 12.851 13.0115 13.1638 13.1796 13.1951 13.2032 13.2184 13.2322 13.243 13.252 13.2615 13.2728 13.2755 13.3037 13.2737 13.2602 13.2155 13.3083 13.3319 13.3625
-9999 -9999 -9999 -9999 -9999 -9999 -9999 9.92472 11.3824 12.9175 13.4181 13.9177 14.3504 14.3697 14.1933 14.0259 13.8528 13.6539 13.1047 12.572 12.0633 11.8978 12.0097 12.003 12.4599 13.5178 13.7277 13.6472 12.6405 12.3058 13.1626 13.8843 13.9486 13.8924 13.0612 13.2498 12.8066 12.2023 12.044 11.786 11.2286 11.5137 11.1084 11.2981 11.2595 11.5929 11.7611 12.1552 11.7084 11.7167 12.3356 12.6519 12.6705 13.002 13.1274 13.1686 13.1878 13.2052 13.219 13.2368 13.2472 13.2563 13.2642 13.2635 13.242 13.1444 12.5645 12.5818 12.7651 12.9393 13.2457 13.3511
-9999 -9999 -9999 -9999 -9999 -9999 -9999 10.0894 11.1043 12.4676 13.4803 13.5544 14.0523 14.3145 14.1217 13.903 13.6788 13.5862 12.9877 12.3289 11.798 11.1677 11.2808 11.747 12.4981 13.1842 13.3124 13.1788 12.6407 12.9034 13.4903 13.8059 13.9049 13.8422 13.6684 13.5723 13.2485 13.1142 12.6612 11.9472 11.6727 11.8646 11.1061 11.1708 11.4662 11.1729 11.6823 11.9317 11.3518 11.8302 12.3767 12.6615 12.9119 13.0364 13.0929 13.1737 13.1873 13.2052 13.2208 13.2327 13.2458 13.2482 13.2529 13.2026 13.1219 12.5699 12.3613 12.4237 12.7017 12.9471 13.2161 13.3298
-9999 -9999 -9999 -9999 -9999 -9999 -9999 10.2579 11.1727 12.3562 13.0813 13.2201 13.771 14.2619 14.2189 13.9909 13.9284 13.6912 13.1851 12.6247 12.011 11.7169 11.0293 11.7223 12.2653 12.8477 13.124 12.6823 12.4665 12.8693 13.27 13.4351 13.8404 13.8455 13.7254 13.1776 12.9157 13.0409 12.9347 12.7409 12.2527 12.2413 11.9317 11.8097 11.6951 11.2962 11.567 11.6039 11.6879 12.2577 12.5476 12.7436 12.9229 12.9784 13.063 13.1695 13.1898 13.2053 13.2173 13.2319 13.238 13.2244 13.2153 13.0995 12.8838 12.4692 11.8016 12.3073 12.8354 13.0142 13.1824 13.275
-9999 -9999 -9999 -9999 -9999 -9999 -9999 10.1016 11.0726 12.0856 12.5156 12.5976 13.5857 14.1948 14.2063 14.1037 13.9818 13.3813 13.4267 13.3139 12.7613 11.952 11.062 11.1544 11.6932 12.4578 12.7167 11.9848 11.7329 11.9318 12.534 13.0741 13.638 13.788 13.6345 12.7763 11.8641 12.302 12.7694 12.7775 12.6541 12.202 12.0658 11.9434 11.6164 11.0583 11.1477 11.3176 11.9661 12.1797 12.5034 12.7742 12.6878 12.7565 13.0163 13.1705 13.1878 13.2026 13.2197 13.2291 13.2336 13.1931 13.1497 13.068 12.4825 12.1239 11.6086 12.2551 12.6198 12.8357 13.1837 13.2781
-9999 -9999 -9999 -9999 -9999 -9999 -9999 9.80225 10.5099 11.4786 11.8756 12.5021 13.4364 13.9013 14.1295 14.135 14.0571 13.7937 13.6389 13.3245 12.7493 11.9593 11.0798 10.5101 10.812 11.8349 12.0824 11.4098 11.0732 11.5105 12.1518 13.0977 13.6421 13.7236 13.6846 13.5153 12.8519 12.0486 12.0616 12.4801 12.1493 11.7631 11.9919 11.9621 11.6393 11.4073 11.2676 11.3736 11.7447 11.9068 12.2791 12.8231 12.9109 12.9074 13.1433 13.1664 13.1837 13.2043 13.2165 13.227 13.2331 13.2024 13.1177 12.7322 12.398 11.9279 11.8821 12.4718 12.7437 12.9912 13.1695 13.2376
-9999 -9999 -9999 -9999 -9999 -9999 -9999 9.28861 10.1193 11.0274 11.8784 12.684 13.3787 13.4422 13.8134 13.8232 14.0223 13.978 13.7343 13.4709 12.9766 11.9593 11.105 10.1724 10.4286 11.4745 11.611 11.1649 10.3342 11.2086 12.1723 13.0467 13.5243 13.1662 13.5522 13.5309 13.2886 12.8144 12.0717 12.0963 11.5425 11.5284 11.8287 11.9333 11.8955 11.724 11.4468 11.5049 11.7329 11.8007 12.1438 12.5684 12.9839 13.0635 13.1523 13.1675 13.1808 13.1993 13.2125 13.2166 13.2087 13.1759 12.8546 12.4702 12.2387 11.9152 11.8881 12.5631 12.8484 13.0108 13.1668 13.2373
-9999 -9999 -9999 -9999 -9999 -9999 -9999 -9999 10.0334 10.9713 11.6681 11.8637 12.4824 12.8214 13.0859 13.1525 13.8874 13.9372 13.7861 13.5449 13.1247 12.3548 11.8209 10.9266 10.2861 10.5535 10.6808 10.9272 10.8651 11.2597 12.1862 13.1513 13.2647 12.6665 12.7659 12.9028 13.1975 13.0631 12.0473 11.5364 11.1141 11.4318 11.7655 11.8542 11.8803 11.8283 11.7718 11.6495 12.0933 12.4247 12.5104 12.8009 13.0185 13.0871 13.1417 13.1589 13.1764 13.1887 13.189 13.1929 13.1539 13.0509 12.6898 11.8034 11.8588 11.775 11.5088 12.1674 12.5982 12.9704 13.1751 13.2388
-9999 -9999 -9999 -9999 -9999 -9999 -9999 -9999 9.72322 10.8067 11.0443 11.0384 10.6943 10.8685 12.1951 12.4704 13.1756 13.8436 13.8048 13.5683 13.1757 12.7207 12.0112 11.0044 10.2059 9.86935 10.7409 11.598 11.7822 12.0627 12.6338 12.7495 12.1378 11.5649 11.9014 12.108 12.8681 13.0151 12.8794 12.2715 11.575 11.2164 11.6622 11.7307 11.7671 11.7826 11.7817 11.7735 12.2673 12.5485 12.7471 12.8605 13.0489 13.1059 13.1322 13.1577 13.1666 13.1696 13.154 13.1347 13.0075 12.851 12.2511 11.7534 11.4481 11.0571 11.9821 12.2784 12.6827 12.9412 13.1447 13.2007
