Test_Spring_2018/04_18/Temp/20180413_013.txt
ncols	170
nrows	115
xllcorner	350000.000000
yllcorner	4445000.000000
cellsize	1000.000000
nodata_value	-9999.000000
[rows 32 to 63 of 115, columns 72 to 143 of 170]
19.658 19.6977 19.6793 19.6632 19.6734 19.6892 19.6414 19.6575 19.6921 19.7516 19.7846 19.8187 19.847 19.9204 20.0926 20.2499 20.1954 20.2131 20.2836 20.2111 20.2785 20.4236 20.6203 20.5415 20.5846 20.7053 20.7505 -9999 -9999 -9999 -9999 -9999 -9999 -9999 -9999 -9999 -9999 -9999 -9999 -9999 -9999 -9999 -9999 -9999 -9999 -9999 -9999 -9999 -9999 -9999 -9999 -9999 -9999 -9999 -9999 -9999 -9999 -9999 -9999 -9999 -9999 -9999 -9999 -9999 -9999 -9999 -9999 -9999 -9999 -9999 -9999 -9999
19.6882 19.7151 19.6798 19.6973 19.7024 19.6746 19.6472 19.6569 19.6805 19.7161 19.7497 19.7847 19.8464 19.9276 20.0776 20.2539 20.3089 20.2514 20.2671 20.2739 20.337 20.4111 20.5163 20.4635 20.4539 20.5452 20.6538 20.7265 -9999 -9999 -9999 -9999 -9999 -9999 -9999 -9999 -9999 -9999 -9999 -9999 -9999 -9999 -9999 -9999 -9999 -9999 -9999 -9999 -9999 -9999 -9999 -9999 -9999 -9999 -9999 -9999 -9999 -9999 -9999 -9999 -9999 -9999 -9999 -9999 -9999 -9999 -9999 -9999 -9999 -9999 -9999 -9999
19.7246 19.7924 19.7778 19.7706 19.7158 19.6979 19.7074 19.6615 19.6814 19.7013 19.7454 19.7846 19.8381 19.9169 20.0214 20.1436 20.3422 20.251 20.1838 20.2052 20.2289 20.2865 20.3883 20.3368 20.3516 20.4616 20.5705 20.6605 20.709 -9999 -9999 -9999 -9999 -9999 -9999 -9999 -9999 -9999 -9999 -9999 -9999 -9999 -9999 -9999 -9999 -9999 -9999 -9999 -9999 -9999 -9999 -9999 -9999 -9999 -9999 -9999 -9999 -9999 -9999 -9999 -9999 -9999 -9999 -9999 -9999 -9999 -9999 -9999 -9999 -9999 -9999 -9999
19.7665 19.8453 19.8304 19.8046 19.7462 19.7096 19.689 19.6866 19.6842 19.7034 19.748 19.8462 19.876 19.8982 19.9732 20.1098 20.2465 20.2962 20.1835 20.165 20.1917 20.1809 20.27 20.2549 20.2866 20.3366 20.4481 20.5574 20.6203 20.7262 -9999 -9999 -9999 -9999 -9999 -9999 -9999 -9999 -9999 -9999 -9999 -9999 -9999 -9999 -9999 -9999 -9999 -9999 -9999 -9999 -9999 -9999 -9999 -9999 -9999 -9999 -9999 -9999 -9999 -9999 -9999 -9999 -9999 -9999 -9999 -9999 -9999 -9999 -9999 -9999 -9999 -9999
-9999 -9999 19.9015 19.8456 19.805 19.7499 19.7023 19.693 19.6849 19.7038 19.7754 19.8198 19.8405 19.896 19.9797 20.0396 20.1329 20.2293 20.2194 20.1261 20.1953 20.1342 20.1594 20.1629 20.2342 20.3334 20.4785 20.5603 20.6184 20.7077 -9999 -9999 -9999 -9999 -9999 -9999 -9999 -9999 -9999 -9999 -9999 -9999 -9999 -9999 -9999 -9999 -9999 -9999 -9999 -9999 -9999 -9999 -9999 -9999 -9999 -9999 -9999 -9999 -9999 -9999 -9999 -9999 -9999 -9999 -9999 -9999 -9999 -9999 -9999 -9999 -9999 -9999
-9999 -9999 -9999 19.8566 19.8272 19.7641 19.7147 19.7139 19.6906 19.7071 19.7449 19.7782 19.8191 19.8674 19.9352 20.0083 20.0975 20.1236 20.0712 20.0897 20.1239 20.1308 20.1122 20.14 20.235 20.3814 20.4743 20.6227 20.7068 20.719 20.7848 -9999 -9999 -9999 -9999 -9999 -9999 -9999 -9999 -9999 -9999 -9999 -9999 20.8877 -9999 -9999 -9999 -9999 -9999 -9999 -9999 -9999 -9999 -9999 -9999 -9999 -9999 -9999 -9999 -9999 -9999 -9999 -9999 -9999 21.6556 -9999 -9999 -9999 -9999 -9999 -9999 -9999
-9999 -9999 19.8634 19.8084 19.7846 19.7499 19.7486 19.7222 19.6926 19.7082 19.7399 19.7741 19.8296 19.8578 19.9049 19.9828 20.0147 20.0111 20.0201 20.0274 20.039 20.0639 20.0972 20.1344 20.187 20.2704 20.332 20.482 20.5563 20.6425 20.7639 20.8635 -9999 -9999 -9999 -9999 -9999 -9999 -9999 20.8509 20.8774 20.8983 20.8986 20.8593 20.9185 -9999 -9999 -9999 -9999 -9999 -9999 -9999 -9999 -9999 -9999 -9999 -9999 -9999 -9999 -9999 -9999 -9999 -9999 -9999 21.6029 21.7088 -9999 -9999 -9999 -9999 -9999 -9999
-9999 -9999 19.8316 19.794 19.7818 19.7476 19.7339 19.7086 19.708 19.709 19.7284 19.7643 19.8105 19.8295 19.8875 19.9282 19.9633 19.9517 19.9655 19.9981 20.0335 20.0664 20.1247 20.147 20.16 20.2188 20.3043 20.392 20.4914 20.6486 20.8036 20.9328 -9999 -9999 -9999 -9999 -9999 -9999 20.8159 20.7873 20.7794 20.868 20.835 20.8068 20.8379 20.9068 -9999 -9999 -9999 -9999 -9999 -9999 -9999 -9999 -9999 -9999 -9999 -9999 -9999 -9999 21.1247 21.2318 21.4233 21.5337 21.6102 21.7089 -9999 -9999 -9999 -9999 -9999 -9999
-9999 -9999 19.8442 19.7965 19.7679 19.7439 19.7506 19.7148 19.7046 19.7121 19.7297 19.7509 19.7746 19.8274 19.8618 19.9327 19.9052 19.9277 19.9604 20.0288 20.0693 20.1711 20.2257 20.2352 20.1819 20.2498 20.3736 20.5244 20.689 20.712 20.7839 20.9012 -9999 -9999 -9999 -9999 -9999 -9999 20.7989 20.7669 20.7443 20.7609 20.8494 20.7817 20.8047 20.8791 20.9141 20.8959 20.8983 20.9312 20.9051 20.9147 20.9615 20.9611 -9999 -9999 -9999 -9999 21.0674 21.0882 21.1099 21.1688 21.3758 21.5252 21.6622 21.6982 -9999 -9999 -9999 -9999 -9999 -9999
-9999 -9999 19.8052 19.7796 19.7721 19.7803 19.7592 19.7276 19.7139 19.7141 19.7337 19.7527 19.7727 19.8039 19.851 19.8672 19.8907 19.9275 20.0405 20.1685 20.1415 20.2228 20.367 20.2685 20.2235 20.2976 20.4436 20.6104 20.6625 20.6729 20.7654 20.8806 -9999 -9999 -9999 20.8806 20.8241 20.8401 20.8401 20.7902 20.7581 20.7384 20.7334 20.7517 20.8082 20.8817 20.9595 20.9638 20.8901 20.89 20.8878 20.897 20.9422 20.9601 20.9581 20.9687 20.99 21.0202 21.0457 21.0678 21.0953 21.1521 21.3355 21.4538 21.5386 21.6954 -9999 -9999 -9999 -9999 -9999 -9999
-9999 -9999 19.8289 19.8077 19.7923 19.7576 19.7639 19.748 19.7349 19.7196 19.7332 19.7793 19.7748 19.7978 19.8232 19.854 19.8895 19.989 20.1175 20.2457 20.3153 20.305 20.4047 20.3751 20.3292 20.3635 20.4572 20.607 20.6412 20.6774 20.8165 20.9556 -9999 -9999 21.0093 20.8798 20.7958 20.764 20.7706 20.7929 20.7466 20.7652 20.7135 20.75 20.8764 20.889 20.9501 20.9486 20.9419 20.9557 20.9232 20.8972 20.9119 20.9357 20.9431 20.9637 20.9867 21.0112 21.0465 21.0656 21.0893 21.134 21.2771 21.36 21.4494 21.6999 -9999 -9999 -9999 -9999 -9999 -9999
-9999 -9999 19.8114 19.7856 19.7561 19.7599 19.7411 19.7548 19.7661 19.7392 19.7357 19.7734 19.8069 19.8007 19.8239 19.8495 19.8777 19.973 20.0794 20.2286 20.3283 20.3888 20.4407 20.4971 20.4808 20.5054 20.533 20.5324 20.5801 20.6588 20.749 20.9015 20.9948 -9999 20.9985 20.9521 20.8482 20.764 20.7196 20.7685 20.7129 20.7226 20.6964 20.7475 20.8346 20.8897 20.9161 20.948 20.9177 20.9038 20.8973 20.9042 20.9063 20.9248 20.9432 20.9648 20.9875 21.0102 21.0345 21.0591 21.086 21.1183 21.1977 21.2808 21.431 21.694 -9999 -9999 -9999 -9999 -9999 -9999
-9999 19.9187 19.8182 19.7669 19.7526 19.7448 19.7395 19.7389 19.731 19.7329 19.7408 19.7583 19.8306 19.8469 19.8591 19.8516 19.8766 19.9061 19.9746 20.1518 20.2205 20.3154 20.4342 20.4891 20.4827 20.4136 20.4312 20.5001 20.5755 20.6656 20.732 20.8335 21.0119 21.0173 20.9655 20.9334 20.8703 20.7624 20.6945 20.678 20.6873 20.6762 20.6837 20.7495 20.8114 20.8508 20.9026 20.9305 20.954 20.9448 20.9389 20.905 20.9098 20.9244 20.9437 20.9651 20.9871 21.0093 21.0327 21.058 21.0824 21.1077 21.137 21.2393 21.4639 21.6439 -9999 -9999 -9999 -9999 -9999 -9999
-9999 -9999 19.8391 19.8209 19.8222 19.8184 19.8022 19.783 19.7453 19.7533 19.7458 19.7618 19.8249 19.8986 19.8747 19.8795 19.8839 19.9066 19.9353 20.0827 20.1705 20.2425 20.3569 20.3338 20.3148 20.326 20.3595 20.491 20.6221 20.7631 20.9057 20.9282 21.0118 20.9942 20.9672 20.8659 20.8022 20.791 20.7903 20.6815 20.6694 20.6851 20.6761 20.7479 20.7865 20.8463 20.8603 20.8874 20.9109 21.0315 20.9535 20.9714 20.9313 20.9254 20.9422 20.9641 20.9858 21.0093 21.0329 21.0574 21.0813 21.1073 21.1384 21.2151 21.4854 21.6431 -9999 -9999 -9999 -9999 -9999 -9999
-9999 -9999 -9999 -9999 19.8478 19.8353 19.8305 19.8169 19.7509 19.7453 19.7477 19.7634 19.8024 19.8742 19.9105 19.9242 19.999 19.9794 19.9415 19.9637 19.9901 20.1231 20.1955 20.1536 20.185 20.2847 20.3656 20.4453 20.5961 20.702 20.8628 20.9883 21.0097 20.9077 20.8264 20.7237 20.6919 20.7475 20.7383 20.6971 20.6472 20.6363 20.6705 20.7451 20.7788 20.8579 20.8292 20.8487 20.8971 20.9418 20.9529 20.945 20.9563 20.9298 20.9409 20.9617 20.9848 21.0083 21.0324 21.057 21.0844 21.1111 21.1385 21.168 21.4454 21.6754 -9999 -9999 -9999 -9999 -9999 -9999
-9999 -9999 -9999 -9999 19.8962 19.8912 19.8666 19.7918 19.7511 19.7462 19.7615 19.7701 19.8032 19.8698 19.9391 20.0071 20.0879 20.0781 20.0132 19.9828 19.9964 20.1152 20.0762 20.1107 20.1633 20.2895 20.3853 20.4418 20.5866 20.7049 20.8167 20.9664 20.9263 20.8818 20.821 20.7063 20.6377 20.6245 20.6809 20.664 20.6029 20.6283 20.7015 20.724 20.7799 20.879 20.8265 20.8289 20.8701 20.8888 20.915 20.9266 20.9284 20.9311 20.9405 20.9618 20.9848 21.0088 21.0328 21.058 21.0846 21.1109 21.1386 21.1674 21.3565 21.6804 -9999 -9999 -9999 -9999 -9999 -9999
-9999 -9999 -9999 -9999 -9999 19.9474 19.8811 19.7789 19.7545 19.7699 19.7618 19.7765 19.8174 19.8572 19.9368 20.0385 20.2125 20.1972 20.1393 20.0448 20.0036 20.0298 20.077 20.1504 20.306 20.443 20.4706 20.503 20.612 20.7041 20.8266 20.78 20.7286 20.6724 20.6532 20.6852 20.6297 20.5898 20.6421 20.6156 20.5807 20.6343 20.6765 20.7159 20.7764 20.8036 20.8247 20.8051 20.859 20.8636 20.8827 20.907 20.9196 20.9306 20.9409 20.9618 20.985 21.0084 21.034 21.0585 21.085 21.1122 21.1401 21.1689 21.2117 21.4027 21.5249 -9999 -9999 -9999 -9999 -9999
-9999 -9999 -9999 -9999 -9999 20.0163 19.9875 19.8652 19.8279 19.783 19.767 19.7825 19.8385 19.8795 19.987 20.0381 20.201 20.2864 20.2549 20.2962 20.1568 20.0343 20.0784 20.377 20.4937 20.5802 20.574 20.5861 20.6253 20.7789 20.8348 20.7173 20.6504 20.604 20.5748 20.5862 20.6112 20.5353 20.5465 20.5395 20.5725 20.5955 20.6722 20.7293 20.729 20.7858 20.8158 20.7948 20.8629 20.8458 20.8701 20.9053 20.9288 20.9251 20.9425 20.9626 20.986 21.0104 21.0361 21.0618 21.0868 21.1139 21.1427 21.1706 21.2003 21.2547 21.3645 21.4217 21.4193 -9999 -9999 -9999
-9999 -9999 -9999 -9999 -9999 -9999 20.1112 19.9382 19.8583 19.8279 19.7814 19.7909 19.8267 19.8841 19.9936 20.0934 20.2412 20.4065 20.502 20.2975 20.1209 20.0366 20.0636 20.3149 20.4224 20.4402 20.3982 20.4572 20.505 20.6229 20.6718 20.7349 20.7232 20.6499 20.5973 20.5476 20.5189 20.5391 20.5309 20.5354 20.5597 20.5796 20.6114 20.642 20.7181 20.7094 20.7627 20.7716 20.805 20.837 20.864 20.9151 20.9182 20.9234 20.9416 20.9645 20.9884 21.0121 21.0372 21.0642 21.0905 21.1174 21.145 21.1739 21.2022 21.2392 21.2776 21.3549 21.4482 21.5578 -9999 -9999
-9999 -9999 -9999 -9999 -9999 -9999 20.2039 20.0326 19.9488 19.85 19.8033 19.7961 19.8192 19.8696 19.9579 20.0803 20.1862 20.3677 20.5547 20.3382 20.1447 20.0492 20.0601 20.2708 20.2304 20.2888 20.2843 20.379 20.426 20.4576 20.5315 20.6118 20.6971 20.7551 20.6091 20.5455 20.4998 20.4917 20.4987 20.5157 20.5444 20.5813 20.6809 20.6502 20.6803 20.711 20.742 20.7693 20.7987 20.8287 20.8521 20.8766 20.9181 20.9198 20.9459 20.968 20.9908 21.0149 21.0404 21.0667 21.0941 21.1207 21.1483 21.177 21.2057 21.2422 21.272 21.3035 21.3447 21.4822 21.5748 21.6214
-9999 -9999 -9999 -9999 -9999 -9999 20.4609 20.2078 19.9936 19.8977 19.8213 19.815 19.8256 19.8857 19.9367 20.0305 20.1207 20.2473 20.4254 20.5426 20.3836 20.145 20.0639 20.0838 20.1048 20.1708 20.2312 20.251 20.2614 20.3203 20.4115 20.5314 20.5843 20.6395 20.536 20.541 20.573 20.4609 20.4856 20.5192 20.5975 20.6784 20.6934 20.7524 20.7518 20.8198 20.8048 20.7947 20.8056 20.8299 20.8536 20.8775 20.9024 20.926 20.9483 20.9715 20.995 21.019 21.0441 21.0711 21.0982 21.1247 21.1529 21.1818 21.2095 21.2459 21.2751 21.3057 21.3356 21.38 21.4322 21.5088
-9999 -9999 -9999 -9999 -9999 -9999 20.4455 20.2253 20.051 19.9497 19.8583 19.8516 19.8347 19.8633 19.9154 19.9994 20.099 20.2068 20.3623 20.4827 20.3844 20.2297 20.1251 20.0938 20.1064 20.1245 20.1509 20.1672 20.1953 20.2097 20.2828 20.4006 20.4739 20.5736 20.4561 20.4623 20.5068 20.4618 20.49 20.6196 20.7256 20.7616 20.734 20.8062 20.8416 20.892 20.8838 20.8203 20.8701 20.8883 20.8674 20.8841 20.9089 20.9302 20.953 20.976 20.9999 21.0237 21.0483 21.0753 21.1022 21.1295 21.1585 21.1862 21.2155 21.2532 21.2803 21.3097 21.3391 21.3712 21.4083 21.4311
-9999 -9999 -9999 -9999 -9999 -9999 20.4451 20.2957 20.1409 19.986 19.8875 19.8594 19.8449 19.8658 19.9225 19.9749 20.0452 20.1422 20.2152 20.3258 20.469 20.2814 20.2326 20.1888 20.179 20.1353 20.1517 20.1935 20.2258 20.2134 20.2429 20.3377 20.3818 20.4442 20.3882 20.4098 20.4347 20.4625 20.5749 20.7223 20.8455 20.8008 20.8412 20.829 20.9561 20.8995 20.8579 20.8606 20.9252 20.982 20.8975 20.9109 20.9236 20.9398 20.9583 20.9825 21.0049 21.0296 21.0546 21.0804 21.1075 21.1348 21.1629 21.1915 21.22 21.2576 21.2874 21.323 21.3509 21.3769 21.4042 21.4338
-9999 -9999 -9999 -9999 -9999 -9999 -9999 20.3874 20.1819 20.0065 19.9172 19.8686 19.8553 19.8761 19.9151 19.9571 20.0085 20.0841 20.1733 20.3017 20.4017 20.3697 20.3215 20.3271 20.3022 20.1983 20.1731 20.2467 20.393 20.3292 20.2525 20.2724 20.2995 20.3285 20.3603 20.3925 20.4379 20.5223 20.7331 20.795 20.8933 20.9103 20.9732 20.9105 20.9681 20.9088 20.8969 20.9073 21.009 21.011 20.9514 20.9383 20.9672 20.9678 20.9663 20.989 21.0121 21.0369 21.0613 21.0866 21.113 21.1442 21.1723 21.2005 21.2303 21.2675 21.303 21.3356 21.3723 21.388 21.4132 21.4526
-9999 -9999 -9999 -9999 -9999 -9999 -9999 20.4252 20.2269 20.0179 19.9632 19.9095 19.8664 19.8852 19.9335 19.9808 20.0289 20.0807 20.1843 20.2849 20.3813 20.4261 20.4291 20.4384 20.3885 20.249 20.2351 20.2643 20.4211 20.4897 20.3819 20.2947 20.3059 20.3357 20.4815 20.4767 20.5666 20.6811 20.7301 20.7944 20.9036 20.8879 20.9748 20.9733 21.0006 20.9776 20.9788 20.9462 21.038 21.0562 20.9992 20.9773 20.9995 20.9751 20.9814 21.0005 21.0233 21.0469 21.0717 21.0965 21.1231 21.1504 21.1784 21.208 21.2409 21.2858 21.4136 21.4413 21.4439 21.4472 21.4351 21.4602
-9999 -9999 -9999 -9999 -9999 -9999 -9999 20.4013 20.2693 20.0862 19.9558 19.9654 19.9126 19.8953 19.9458 20.0004 20.0559 20.0917 20.2024 20.3216 20.4213 20.5353 20.5383 20.4883 20.3842 20.3005 20.2995 20.3373 20.4249 20.4055 20.3383 20.312 20.3184 20.3496 20.3979 20.4355 20.5075 20.5521 20.6446 20.7763 20.8431 20.8409 20.9799 20.9967 20.9791 21.0436 20.9942 20.9831 21.0948 21.0535 20.9981 20.9813 20.9694 20.9762 20.9932 21.0068 21.0307 21.0544 21.079 21.1047 21.1307 21.1588 21.1869 21.2235 21.2648 21.3762 21.4495 21.4701 21.4584 21.451 21.4588 21.4698
-9999 -9999 -9999 -9999 -9999 -9999 -9999 20.3765 20.2599 20.104 20.0166 20.0167 19.9561 19.9048 19.933 19.9888 20.0201 20.0772 20.174 20.2786 20.3906 20.4548 20.5769 20.4936 20.4202 20.3525 20.3301 20.4026 20.4545 20.4148 20.3758 20.3723 20.3337 20.355 20.3956 20.5003 20.5631 20.569 20.6099 20.6641 20.7623 20.79 20.8621 20.9064 20.9495 21.0292 21.0152 21.0357 21.0586 20.995 20.978 20.9747 20.9738 20.9913 21.0045 21.0146 21.0378 21.062 21.0872 21.1124 21.1394 21.1696 21.1995 21.2455 21.3065 21.3971 21.5386 21.4931 21.444 21.4604 21.4703 21.4847
-9999 -9999 -9999 -9999 -9999 -9999 -9999 20.3997 20.2753 20.1451 20.1018 20.1106 19.9852 19.9164 19.9364 19.9736 20.0135 20.1245 20.1393 20.1774 20.2804 20.4212 20.5735 20.5796 20.5131 20.4125 20.3931 20.5092 20.5669 20.558 20.4896 20.4308 20.3689 20.369 20.4147 20.5655 20.725 20.6844 20.6399 20.664 20.7078 20.8007 20.8469 20.891 20.9656 21.0758 21.0815 21.0824 21.0168 21.0117 20.99 20.976 21.0149 21.0308 21.0183 21.0217 21.0456 21.0701 21.0946 21.1205 21.1476 21.1816 21.2164 21.257 21.3726 21.4546 21.5712 21.5069 21.4819 21.4999 21.4769 21.4913
-9999 -9999 -9999 -9999 -9999 -9999 -9999 20.444 20.3592 20.2359 20.1979 20.126 20.0088 19.9614 19.9494 19.9704 20.0038 20.0647 20.1092 20.1772 20.2836 20.4216 20.5725 20.6771 20.652 20.5071 20.4918 20.5975 20.6682 20.6243 20.5504 20.4316 20.3729 20.3834 20.4123 20.461 20.5835 20.7271 20.75 20.713 20.7875 20.8705 20.8624 20.8927 20.9666 21.027 21.0679 21.0882 21.0547 21.0575 21.0289 20.9747 20.9881 21.0151 21.0065 21.0296 21.0537 21.0775 21.1028 21.1285 21.1552 21.1876 21.2282 21.3137 21.3918 21.4901 21.5255 21.4809 21.4841 21.4836 21.486 21.5045
-9999 -9999 -9999 -9999 -9999 -9999 -9999 20.52 20.4174 20.3035 20.1983 20.1001 20.0186 20.031 19.9978 20.0182 20.0105 20.0389 20.0966 20.157 20.2514 20.4232 20.5705 20.7291 20.711 20.5693 20.5497 20.6367 20.781 20.6724 20.5509 20.4431 20.3945 20.4705 20.4364 20.4631 20.5232 20.618 20.753 20.7744 20.882 20.9097 20.8908 20.9012 20.9328 20.9843 21.0526 21.0732 21.0615 21.0785 21.0546 21.0185 20.9836 20.9986 21.0122 21.0367 21.0616 21.0858 21.111 21.1376 21.1663 21.1988 21.2744 21.3595 21.4221 21.4985 21.531 21.4705 21.4751 21.4876 21.4935 21.5118
-9999 -9999 -9999 -9999 -9999 -9999 -9999 -9999 20.4302 20.3122 20.2303 20.2229 20.1529 20.1245 20.1073 20.1194 20.0322 20.0466 20.0907 20.1478 20.2313 20.3663 20.4661 20.619 20.7341 20.7093 20.6903 20.6746 20.705 20.6678 20.552 20.4308 20.4365 20.5483 20.5568 20.5602 20.5406 20.585 20.7606 20.8615 20.9495 20.9279 20.9042 20.9169 20.9391 20.973 21.0172 21.0515 21.013 20.9912 21.0059 20.99 20.9849 21.0018 21.0208 21.0452 21.0697 21.0949 21.122 21.1486 21.1818 21.2246 21.3059 21.4653 21.4852 21.5259 21.5938 21.5395 21.5264 21.5004 21.4992 21.5188
-9999 -9999 -9999 -9999 -9999 -9999 -9999 -9999 20.4764 20.3371 20.3236 20.3464 20.4195 20.4159 20.2411 20.2224 20.1397 20.0624 20.0898 20.1463 20.2257 20.314 20.4397 20.6094 20.7479 20.8053 20.691 20.5775 20.5713 20.5511 20.4882 20.4932 20.6066 20.7147 20.6882 20.6813 20.5927 20.5954 20.6403 20.7557 20.8845 20.9634 20.923 20.9389 20.9597 20.9838 21.0196 21.044 20.9922 20.9782 20.9764 20.9872 20.9867 21.0057 21.0291 21.0526 21.0784 21.1051 21.1345 21.1645 21.2106 21.2612 21.3778 21.4794 21.5527 21.6389 21.53 21.5295 21.5151 21.5114 21.5105 21.5316
