Test_Spring_2018/04_18/Temp/20180426_017.txt
ncols	170
nrows	115
xllcorner	350000.000000
yllcorner	4445000.000000
cellsize	1000.000000
nodata_value	-9999.000000
[rows 32 to 63 of 115, columns 72 to 143 of 170]
20.3329 20.218 20.3968 20.5611 20.4381 20.3582 20.6153 20.6157 20.5243 20.3092 20.2318 20.152 20.1047 19.8305 19.055 18.3566 18.7378 18.7515 18.4959 18.9677 18.7257 18.0868 17.1829 17.6811 17.557 16.906 16.7514 -9999 -9999 -9999 -9999 -9999 -9999 -9999 -9999 -9999 -9999 -9999 -9999 -9999 -9999 -9999 -9999 -9999 -9999 -9999 -9999 -9999 -9999 -9999 -9999 -9999 -9999 -9999 -9999 -9999 -9999 -9999 -9999 -9999 -9999 -9999 -9999 -9999 -9999 -9999 -9999 -9999 -9999 -9999 -9999 -9999
20.1656 20.1169 20.3827 20.3773 20.3505 20.4202 20.5751 20.609 20.5741 20.4811 20.4013 20.3169 20.0993 19.785 19.1218 18.3261 18.1493 18.5455 18.5691 18.6369 18.4169 18.1392 17.702 18.0683 18.2132 17.7936 17.2327 16.8663 -9999 -9999 -9999 -9999 -9999 -9999 -9999 -9999 -9999 -9999 -9999 -9999 -9999 -9999 -9999 -9999 -9999 -9999 -9999 -9999 -9999 -9999 -9999 -9999 -9999 -9999 -9999 -9999 -9999 -9999 -9999 -9999 -9999 -9999 -9999 -9999 -9999 -9999 -9999 -9999 -9999 -9999 -9999 -9999
19.9689 19.7125 19.873 19.9933 20.1925 20.224 20.2576 20.5747 20.5588 20.5456 20.4124 20.3068 20.1307 19.8283 19.3967 18.8766 17.968 18.5358 18.9816 18.9752 18.956 18.7629 18.3432 18.7028 18.7239 18.186 17.5484 17.1923 17.0485 -9999 -9999 -9999 -9999 -9999 -9999 -9999 -9999 -9999 -9999 -9999 -9999 -9999 -9999 -9999 -9999 -9999 -9999 -9999 -9999 -9999 -9999 -9999 -9999 -9999 -9999 -9999 -9999 -9999 -9999 -9999 -9999 -9999 -9999 -9999 -9999 -9999 -9999 -9999 -9999 -9999 -9999 -9999
19.7473 19.4339 19.5954 19.8102 20.0985 20.2349 20.34 20.435 20.5323 20.5222 20.3856 19.9794 19.9239 19.9097 19.6287 19.0352 18.4427 18.2929 18.9705 19.1681 19.1338 19.2889 18.9341 19.1086 19.0434 18.8552 18.2532 17.7066 17.4892 17.0539 -9999 -9999 -9999 -9999 -9999 -9999 -9999 -9999 -9999 -9999 -9999 -9999 -9999 -9999 -9999 -9999 -9999 -9999 -9999 -9999 -9999 -9999 -9999 -9999 -9999 -9999 -9999 -9999 -9999 -9999 -9999 -9999 -9999 -9999 -9999 -9999 -9999 -9999 -9999 -9999 -9999 -9999
-9999 -9999 19.2249 19.503 19.7325 20.0206 20.2612 20.3894 20.5144 20.5053 20.2303 20.0973 20.0882 19.905 19.58 19.378 19.0068 18.6202 18.775 19.3538 19.1038 19.5152 19.4857 19.5649 19.2976 18.7709 18.0894 17.6809 17.4868 17.135 -9999 -9999 -9999 -9999 -9999 -9999 -9999 -9999 -9999 -9999 -9999 -9999 -9999 -9999 -9999 -9999 -9999 -9999 -9999 -9999 -9999 -9999 -9999 -9999 -9999 -9999 -9999 -9999 -9999 -9999 -9999 -9999 -9999 -9999 -9999 -9999 -9999 -9999 -9999 -9999 -9999 -9999
-9999 -9999 -9999 19.4377 19.6096 20.0043 20.1866 20.2693 20.4701 20.4712 20.3676 20.2905 20.1784 20.0318 19.7886 19.5205 19.1719 19.1444 19.5168 19.5268 19.4556 19.521 19.7145 19.6694 19.2525 18.5164 18.1374 17.3515 17.0231 17.0628 16.8319 -9999 -9999 -9999 -9999 -9999 -9999 -9999 -9999 -9999 -9999 -9999 -9999 17.8484 -9999 -9999 -9999 -9999 -9999 -9999 -9999 -9999 -9999 -9999 -9999 -9999 -9999 -9999 -9999 -9999 -9999 -9999 -9999 -9999 16.6631 -9999 -9999 -9999 -9999 -9999 -9999 -9999
-9999 -9999 19.4053 19.6269 19.8175 20.0637 20.0796 20.2121 20.4424 20.4459 20.3725 20.2902 20.1039 20.0605 19.9239 19.6325 19.5772 19.7029 19.764 19.8325 19.8768 19.8509 19.7796 19.6856 19.4035 19.0713 18.8496 18.1432 17.7759 17.4365 16.9204 16.518 -9999 -9999 -9999 -9999 -9999 -9999 -9999 17.5201 17.5111 17.5312 17.6566 17.9836 17.8095 -9999 -9999 -9999 -9999 -9999 -9999 -9999 -9999 -9999 -9999 -9999 -9999 -9999 -9999 -9999 -9999 -9999 -9999 -9999 16.9383 16.5398 -9999 -9999 -9999 -9999 -9999 -9999
-9999 -9999 19.4384 19.6964 19.8236 20.0617 20.1967 20.2658 20.3446 20.4206 20.4082 20.3166 20.1776 20.1819 19.9913 19.8913 19.822 19.9904 20.0287 19.9699 19.8942 19.8277 19.6287 19.6097 19.5331 19.3236 18.9767 18.619 18.0911 17.3879 16.6986 16.1438 -9999 -9999 -9999 -9999 -9999 -9999 17.554 17.8266 17.9945 17.6718 17.9688 18.2415 18.2118 17.9726 -9999 -9999 -9999 -9999 -9999 -9999 -9999 -9999 -9999 -9999 -9999 -9999 -9999 -9999 18.8284 18.4185 17.5796 17.1556 16.9062 16.5453 -9999 -9999 -9999 -9999 -9999 -9999
-9999 -9999 19.3774 19.6816 19.8861 20.0669 20.0924 20.2649 20.3413 20.3813 20.3764 20.359 20.3351 20.1685 20.0998 19.8482 20.1002 20.0974 20.042 19.8024 19.7021 19.2852 19.1045 19.0541 19.4141 19.1551 18.6096 17.9267 17.0934 17.0463 16.7778 16.282 -9999 -9999 -9999 -9999 -9999 -9999 17.62 17.9111 18.1566 18.2025 17.8827 18.3587 18.3548 18.1086 18.0628 18.2883 18.4086 18.3402 18.612 18.6977 18.5941 18.7303 -9999 -9999 -9999 -9999 18.8551 18.8825 18.906 18.7417 17.8242 17.2017 16.6443 16.6061 -9999 -9999 -9999 -9999 -9999 -9999
-9999 -9999 19.5812 19.7663 19.8572 19.8676 20.0284 20.1763 20.2719 20.3439 20.3286 20.3235 20.3193 20.2648 20.1344 20.1646 20.1603 20.0886 19.6272 19.0872 19.3328 19.0133 18.3109 18.8811 19.1956 18.9012 18.2391 17.4704 17.209 17.2254 16.8498 16.366 -9999 -9999 -9999 16.8108 17.2206 17.2648 17.3933 17.7785 18.0748 18.3014 18.4603 18.464 18.3297 18.0897 17.8276 17.9393 18.4482 18.5817 18.7009 18.7895 18.6941 18.7615 18.9041 18.9824 19.0059 18.9843 18.9871 19.008 19.0028 18.8501 18.0299 17.5664 17.2756 16.6845 -9999 -9999 -9999 -9999 -9999 -9999
-9999 -9999 19.4514 19.6113 19.7392 19.952 19.9697 20.1043 20.1718 20.2909 20.304 20.16 20.2816 20.2698 20.2525 20.2114 20.1491 19.7611 19.2235 18.6845 18.4395 18.5436 18.1307 18.3507 18.6693 18.5554 18.1489 17.464 17.3692 17.2019 16.5696 15.9591 -9999 -9999 16.0092 16.7868 17.3376 17.6268 17.7239 17.7437 18.1145 18.1555 18.5548 18.4737 17.9829 18.0545 17.8707 18.0133 18.2113 18.2739 18.5476 18.8152 18.8735 18.8849 18.9791 19.0059 19.0198 19.027 18.9794 19.0156 19.0301 18.9391 18.3486 18.0672 17.7577 16.6829 -9999 -9999 -9999 -9999 -9999 -9999
-9999 -9999 19.5229 19.7014 19.8968 19.9231 20.066 20.044 19.9856 20.1905 20.2638 20.162 20.0906 20.2297 20.2256 20.2143 20.1924 19.8288 19.407 18.7638 18.3669 18.1173 17.9469 17.7155 17.8809 17.8346 17.7707 17.8487 17.6585 17.2739 16.9031 16.2094 15.835 -9999 16.0356 16.3902 17.0436 17.6015 17.9604 17.847 18.2675 18.3565 18.6017 18.4778 18.1879 18.0726 18.0753 18.0487 18.3369 18.536 18.6787 18.7776 18.9006 18.9383 18.9756 18.9964 19.0118 19.0273 19.0353 19.043 19.0412 19.0138 18.7487 18.4689 17.8488 16.7091 -9999 -9999 -9999 -9999 -9999 -9999
-9999 18.9927 19.4937 19.7957 19.908 19.9868 20.0555 20.1035 20.1456 20.1942 20.2293 20.2126 19.9443 19.9701 20.0243 20.1848 20.1821 20.1574 19.9313 19.1474 18.8745 18.4792 17.9661 17.7542 17.8661 18.294 18.2769 17.9967 17.6838 17.2425 16.9656 16.5397 15.7219 15.8 16.1759 16.4583 16.905 17.5849 18.0658 18.2877 18.38 18.5558 18.656 18.4847 18.3249 18.2645 18.1393 18.1341 18.1492 18.3286 18.4706 18.772 18.88 18.937 18.969 18.9902 19.0079 19.0255 19.0377 19.0418 19.0523 19.0611 19.053 18.6756 17.7128 16.9951 -9999 -9999 -9999 -9999 -9999 -9999
-9999 -9999 19.3902 19.5185 19.546 19.5998 19.7188 19.8576 20.0496 20.072 20.184 20.1815 19.9502 19.6852 19.9254 20.0259 20.1311 20.1435 20.123 19.46 19.1189 18.8509 18.359 18.5432 18.717 18.7323 18.6311 18.0283 17.4275 16.7266 16.0804 16.0513 15.7035 15.8932 16.143 16.7781 17.2285 17.4174 17.5574 18.2513 18.4396 18.5171 18.7066 18.4842 18.4447 18.2818 18.3506 18.3501 18.3656 17.8841 18.3939 18.4355 18.7707 18.9277 18.9717 18.9895 19.0077 19.0179 19.0288 19.0368 19.0502 19.0566 19.0633 18.8225 17.5983 16.9944 -9999 -9999 -9999 -9999 -9999 -9999
-9999 -9999 -9999 -9999 19.408 19.5026 19.56 19.6664 20.0022 20.0923 20.1525 20.1571 20.0548 19.7918 19.7278 19.7844 19.5337 19.7606 20.0648 20.0658 20.0373 19.4581 19.1642 19.4587 19.3737 18.9356 18.5902 18.2486 17.5447 17.0217 16.2806 15.7248 15.706 16.3244 16.8397 17.4822 17.7708 17.6207 17.805 18.1559 18.5543 18.7551 18.7267 18.4917 18.4777 18.2184 18.5054 18.5441 18.4328 18.338 18.3945 18.567 18.6395 18.9034 18.9745 18.9955 19.0058 19.0153 19.023 19.0309 19.0381 19.0466 19.055 19.0565 17.7979 16.8257 -9999 -9999 -9999 -9999 -9999 -9999
-9999 -9999 -9999 -9999 19.154 19.2077 19.3642 19.781 19.9875 20.0727 20.0667 20.1076 20.0359 19.8055 19.571 19.3522 19.0684 19.2449 19.6965 19.9659 20.0033 19.4963 19.7693 19.6735 19.4795 18.9056 18.4822 18.2574 17.5813 16.995 16.5021 15.8217 16.1153 16.4396 16.8566 17.5568 18.0331 18.2354 18.0849 18.3141 18.7706 18.7881 18.5618 18.5938 18.4676 18.1074 18.5161 18.6422 18.5682 18.6055 18.5855 18.6576 18.7777 18.8921 18.9709 18.9893 18.9992 19.0053 19.0138 19.0234 19.0286 19.0401 19.0485 19.055 18.2476 16.7977 -9999 -9999 -9999 -9999 -9999 -9999
-9999 -9999 -9999 -9999 -9999 18.9127 19.2816 19.8379 19.9618 19.9442 20.058 20.0673 19.9565 19.8629 19.5771 19.1862 18.4289 18.6334 19.0498 19.6458 19.9621 19.9271 19.761 19.4669 18.7481 18.1183 18.0426 17.9393 17.4458 16.9925 16.4443 16.7636 17.1141 17.4984 17.7032 17.6574 18.0666 18.4034 18.2758 18.554 18.8779 18.7525 18.6853 18.6318 18.4827 18.4893 18.5235 18.7621 18.6231 18.7321 18.7478 18.755 18.8193 18.8907 18.9643 18.9837 18.9924 19.0018 19.003 19.0149 19.0213 19.0288 19.0375 19.045 18.9845 18.2117 17.7548 -9999 -9999 -9999 -9999 -9999
-9999 -9999 -9999 -9999 -9999 18.5546 18.7343 19.395 19.5855 19.8767 20.0311 20.0378 19.8497 19.7478 19.3184 19.1854 18.4856 18.1736 18.4549 18.3591 19.1755 19.8977 19.7476 18.3072 17.787 17.4158 17.5128 17.514 17.3765 16.6103 16.4021 17.0828 17.5127 17.8474 18.1035 18.1621 18.1614 18.6827 18.7619 18.9409 18.9187 18.9491 18.7065 18.5628 18.7236 18.5793 18.5681 18.814 18.6024 18.8217 18.8108 18.7618 18.7701 18.9157 18.9528 18.9762 18.9857 18.9888 18.9905 18.9962 19.0107 19.0198 19.0243 19.0377 19.0442 18.9679 18.5742 18.4471 18.6217 -9999 -9999 -9999
-9999 -9999 -9999 -9999 -9999 -9999 18.1021 19.0243 19.4333 19.6526 19.9647 20.0024 19.9001 19.7222 19.2857 18.9039 18.279 17.5644 17.1891 18.3446 19.3504 19.878 19.8152 18.6169 18.1455 18.1258 18.4067 18.1715 17.9927 17.4087 17.2377 17 17.1501 17.6141 17.9976 18.3679 18.6405 18.6717 18.8545 18.9655 18.9873 19.033 19.018 19.0091 18.7808 18.9695 18.8395 18.9326 18.8976 18.8667 18.8411 18.7109 18.8232 18.9231 18.9559 18.9721 18.9753 18.9825 18.9873 18.9879 18.9955 19.0059 19.0171 19.0254 19.0391 19.0522 19.0217 18.7912 18.4774 18.0769 -9999 -9999
-9999 -9999 -9999 -9999 -9999 -9999 17.6299 18.5485 18.9789 19.5496 19.8376 19.9577 19.9452 19.8019 19.4716 18.9723 18.5585 17.7594 16.9293 18.1397 19.2197 19.8048 19.8409 18.835 19.1186 18.8947 18.9879 18.5744 18.4028 18.2592 17.9634 17.6401 17.2845 17.1023 17.9545 18.396 18.754 18.9285 19.0327 19.0915 19.078 19.0304 18.6692 18.9714 18.9767 18.9642 18.9471 18.9465 18.9314 18.9103 18.9027 18.9077 18.8244 18.9424 18.9499 18.9604 18.9697 18.9755 18.9789 18.9833 18.9872 18.9986 19.0087 19.0178 19.0287 19.0448 19.0567 19.0584 19.0085 18.4648 18.1457 18.0719
-9999 -9999 -9999 -9999 -9999 -9999 16.3222 17.6628 18.7217 19.2851 19.743 19.8713 19.9219 19.7278 19.5852 19.229 18.8929 18.3703 17.5836 17.102 18.0081 19.3247 19.8133 19.7804 19.7539 19.4949 19.2612 19.233 19.2519 18.9701 18.5686 18.0489 17.8922 17.7133 18.3497 18.4419 18.4038 19.1069 19.1191 19.0916 18.839 18.5532 18.6238 18.4572 18.6183 18.4145 18.6313 18.8203 18.8996 18.9077 18.8973 18.9066 18.9076 18.9371 18.9465 18.9528 18.9594 18.967 18.9734 18.9746 18.9797 18.993 19.0001 19.0081 19.0202 19.0369 19.0499 19.0547 19.0605 18.9895 18.8751 18.6484
-9999 -9999 -9999 -9999 -9999 -9999 16.3646 17.4801 18.4382 19.0106 19.5652 19.6958 19.8862 19.8505 19.7006 19.3915 19.0043 18.5752 17.9009 17.4015 18.0113 18.8843 19.5125 19.7407 19.7426 19.7308 19.6742 19.648 19.581 19.5244 19.2407 18.7537 18.4787 18.075 18.7839 18.8696 18.7676 19.1278 19.1205 18.6013 18.2057 18.168 18.4278 18.2052 18.1836 18.0533 18.2344 18.6951 18.578 18.6171 18.8322 18.8776 18.9108 18.927 18.9355 18.9439 18.9497 18.9593 18.969 18.9706 18.9768 18.9854 18.9887 19.0011 19.0084 19.0216 19.0351 19.0439 19.05 19.04 19.0292 19.0771
-9999 -9999 -9999 -9999 -9999 -9999 16.381 17.1255 17.9885 18.8332 19.4259 19.6668 19.8441 19.8468 19.6713 19.5207 19.2803 18.9032 18.6468 18.1962 17.5747 18.6336 18.9579 19.2511 19.3727 19.6762 19.6715 19.5362 19.3689 19.5206 19.4845 19.0976 18.9736 18.7618 19.1589 19.1668 19.1639 19.1521 18.7138 18.1017 17.6155 17.9866 17.9248 18.0998 17.6097 18.0424 18.3943 18.518 18.304 18.1468 18.6855 18.7855 18.8484 18.8922 18.924 18.9284 18.9432 18.9495 18.9574 18.9654 18.9709 18.9787 18.9851 18.992 19.0022 19.0158 19.0233 19.0308 19.0445 19.0483 19.0571 19.0721
-9999 -9999 -9999 -9999 -9999 -9999 -9999 16.6687 17.759 18.7377 19.2839 19.629 19.7994 19.8009 19.7136 19.6129 19.4659 19.1952 18.8536 18.3097 17.9072 18.1721 18.4889 18.5295 18.7438 19.3576 19.5692 19.2766 18.5367 18.976 19.4611 19.4578 19.4218 19.3815 19.3306 19.2848 19.1771 18.8757 17.9351 17.7572 17.3958 17.4503 17.2716 17.6989 17.5625 18.0056 18.2054 18.2892 17.9056 18.0022 18.4823 18.6786 18.6592 18.7832 18.9021 18.9156 18.9284 18.9352 18.9473 18.958 18.9664 18.9719 18.9794 18.9883 18.9946 19.0125 18.9905 18.981 18.9481 19.0195 19.0387 19.06
-9999 -9999 -9999 -9999 -9999 -9999 -9999 16.4377 17.5316 18.6848 19.0567 19.4288 19.7512 19.7619 19.6255 19.4966 19.364 19.2124 18.7962 18.3926 18.0074 17.8816 17.9653 17.9593 18.3039 19.1028 19.2603 19.198 18.4302 18.1765 18.8236 19.3686 19.4165 19.3736 18.7448 18.8875 18.5529 18.097 17.9787 17.7857 17.3669 17.5855 17.2826 17.4301 17.4098 17.6668 17.7989 18.1019 17.7688 17.7827 18.2542 18.4969 18.5139 18.767 18.8639 18.8967 18.9124 18.9265 18.9375 18.9515 18.9597 18.9669 18.9733 18.9732 18.9575 18.8883 18.446 18.4596 18.5989 18.7316 18.9694 19.0412
-9999 -9999 -9999 -9999 -9999 -9999 -9999 16.5556 17.3155 18.3395 19.0992 19.1499 19.5219 19.7165 19.5676 19.3998 19.2283 19.1567 18.703 18.2038 17.8014 17.3238 17.4083 17.7597 18.3265 18.8442 18.9399 18.8376 18.4243 18.6225 19.0658 19.304 19.3784 19.3308 19.1993 19.1269 18.8826 18.7821 18.4411 17.9031 17.698 17.846 17.2757 17.3283 17.5556 17.343 17.7327 17.9258 17.4917 17.8604 18.2772 18.4958 18.6879 18.7844 18.8291 18.8918 18.9034 18.9179 18.9304 18.94 18.9504 18.9526 18.9565 18.9189 18.8585 18.4417 18.284 18.3316 18.5423 18.7285 18.9287 19.0148
-9999 -9999 -9999 -9999 -9999 -9999 -9999 16.6759 17.3609 18.2496 18.7924 18.8925 19.3047 19.6723 19.6367 19.4618 19.4125 19.2314 18.8472 18.4222 17.957 17.7334 17.2122 17.7349 18.1441 18.5834 18.7911 18.4502 18.2867 18.5909 18.8935 19.018 19.3243 19.3281 19.2375 18.8236 18.6264 18.7221 18.6432 18.4985 18.1317 18.1257 17.8946 17.8057 17.7226 17.43 17.6389 17.671 17.7385 18.1761 18.3986 18.5498 18.6881 18.7323 18.7982 18.8803 18.8969 18.9097 18.9196 18.9312 18.9363 18.9265 18.9201 18.8329 18.6703 18.3573 17.8526 18.2352 18.6348 18.7617 18.8934 18.9632
-9999 -9999 -9999 -9999 -9999 -9999 -9999 16.5503 17.2784 18.0388 18.3588 18.4164 19.1595 19.6166 19.6224 19.5422 19.4478 18.9919 19.0246 18.9378 18.5186 17.9052 17.2309 17.2993 17.709 18.2822 18.4767 17.9166 17.7259 17.876 18.3311 18.7394 19.1657 19.2793 19.1635 18.5151 17.8261 18.1583 18.5132 18.5211 18.4299 18.0906 17.9904 17.901 17.6571 17.2429 17.3152 17.4476 17.9449 18.1097 18.3576 18.5652 18.5024 18.5566 18.7549 18.8731 18.8875 18.8997 18.9134 18.9212 18.9252 18.895 18.8626 18.8012 18.3588 18.0881 17.6943 18.1874 18.4631 18.6223 18.8848 18.9556
-9999 -9999 -9999 -9999 -9999 -9999 -9999 16.3161 16.8457 17.5731 17.8686 18.3381 19.0408 19.3891 19.5587 19.5604 19.4993 19.2981 19.1794 18.9399 18.5035 17.9046 17.2382 16.8058 17.0326 17.8046 17.9959 17.4755 17.2208 17.5513 18.0362 18.7514 19.1631 19.2249 19.1958 19.0684 18.5676 17.9613 17.9726 18.2907 18.0426 17.753 17.9287 17.9091 17.6681 17.496 17.3993 17.4833 17.7706 17.8963 18.1808 18.5949 18.6637 18.6632 18.8434 18.8624 18.8768 18.8934 18.9035 18.9121 18.9172 18.8944 18.8307 18.5395 18.287 17.9317 17.8973 18.3429 18.5391 18.7305 18.8644 18.915
-9999 -9999 -9999 -9999 -9999 -9999 -9999 15.9195 16.5426 17.2246 17.8638 18.469 18.9908 19.0357 19.3137 19.3186 19.467 19.4315 19.2454 19.0445 18.6692 17.8983 17.2508 16.544 16.7362 17.5293 17.6215 17.284 16.6557 17.3168 18.0454 18.7067 19.068 18.7974 19.0897 19.0743 18.8919 18.5345 17.9743 17.9946 17.5778 17.5694 17.7991 17.881 17.8555 17.729 17.527 17.5758 17.7548 17.8092 18.0715 18.3953 18.7119 18.7741 18.8431 18.8562 18.8675 18.8825 18.8933 18.897 18.8915 18.867 18.6243 18.3337 18.1588 17.9141 17.8937 18.3994 18.6096 18.7362 18.8529 18.9049
-9999 -9999 -9999 -9999 -9999 -9999 -9999 -9999 16.4696 17.1745 17.6973 17.8416 18.3062 18.5595 18.7569 18.8049 19.3584 19.3941 19.2781 19.094 18.7746 18.1909 17.7855 17.1077 16.6218 16.831 16.9116 17.0978 17.0506 17.349 18.0495 18.7793 18.8652 18.4132 18.4889 18.593 18.8168 18.7162 17.9495 17.5648 17.2474 17.49 17.7449 17.8147 17.8374 17.8013 17.7664 17.6817 18.0206 18.2744 18.3421 18.5644 18.7314 18.7854 18.8285 18.8431 18.8575 18.8678 18.8688 18.8722 18.8431 18.7654 18.4925 17.8221 17.8638 17.8003 17.5988 18.0874 18.4167 18.6966 18.8498 18.8965
-9999 -9999 -9999 -9999 -9999 -9999 -9999 -9999 16.2267 17.0419 17.2178 17.21 16.9467 17.0755 18.0762 18.2821 18.8133 19.3166 19.2855 19.105 18.8064 18.4607 17.9227 17.1597 16.5544 16.2921 16.9546 17.5983 17.7374 17.9495 18.3812 18.4688 18.0064 17.5735 17.8284 17.9853 18.5609 18.6732 18.5719 18.1139 17.5892 17.3203 17.6599 17.7146 17.7452 17.7602 17.7633 17.7671 18.1456 18.3614 18.5146 18.6031 18.7481 18.7934 18.8151 18.836 18.8439 18.8471 18.836 18.8218 18.7258 18.6075 18.1538 17.7771 17.5459 17.2498 17.9488 18.163 18.4681 18.6656 18.8177 18.8582
