Test_Spring_2018/04_18/Temp/20180422_005.txt
ncols	170
nrows	115
xllcorner	350000.000000
yllcorner	4445000.000000
cellsize	1000.000000
nodata_value	-9999.000000
[rows 32 to 63 of 115, columns 72 to 143 of 170]
12.9219 12.6237 13.0805 13.501 13.2481 13.0792 13.7731 13.7719 13.534 12.9768 12.7715 12.5586 12.4275 11.7128 9.71021 7.90473 8.86965 8.89099 8.22109 9.41814 8.78365 7.13081 4.79817 6.06446 5.73376 4.08664 3.67866 -9999 -9999 -9999 -9999 -9999 -9999 -9999 -9999 -9999 -9999 -9999 -9999 -9999 -9999 -9999 -9999 -9999 -9999 -9999 -9999 -9999 -9999 -9999 -9999 -9999 -9999 -9999 -9999 -9999 -9999 -9999 -9999 -9999 -9999 -9999 -9999 -9999 -9999 -9999 -9999 -9999 -9999 -9999 -9999 -9999
12.5185 12.3895 13.0691 13.0534 13.0139 13.2628 13.6939 13.7786 13.685 13.4413 13.23 13.0053 12.4372 11.6199 9.90577 7.85093 7.38365 8.38698 8.43369 8.59377 8.01542 7.28941 6.15442 7.08189 7.44151 6.3563 4.93806 4.02662 -9999 -9999 -9999 -9999 -9999 -9999 -9999 -9999 -9999 -9999 -9999 -9999 -9999 -9999 -9999 -9999 -9999 -9999 -9999 -9999 -9999 -9999 -9999 -9999 -9999 -9999 -9999 -9999 -9999 -9999 -9999 -9999 -9999 -9999 -9999 -9999 -9999 -9999 -9999 -9999 -9999 -9999 -9999 -9999
12.0385 11.3762 11.7852 12.0919 12.6685 12.819 12.9035 13.7148 13.6705 13.6316 13.2833 13.0044 12.5432 11.7564 10.6369 9.28932 6.94409 8.38767 9.51777 9.48739 9.42409 8.91509 7.82463 8.7349 8.77666 7.39072 5.81834 4.88774 4.50206 -9999 -9999 -9999 -9999 -9999 -9999 -9999 -9999 -9999 -9999 -9999 -9999 -9999 -9999 -9999 -9999 -9999 -9999 -9999 -9999 -9999 -9999 -9999 -9999 -9999 -9999 -9999 -9999 -9999 -9999 -9999 -9999 -9999 -9999 -9999 -9999 -9999 -9999 -9999 -9999 -9999 -9999 -9999
11.4935 10.6849 11.0965 11.6462 12.4258 12.8323 13.1396 13.3814 13.628 13.5974 13.2409 12.1907 12.0394 11.9924 11.2596 9.72348 8.18937 7.79081 9.51556 10.0082 9.90621 10.2904 9.3665 9.80147 9.62161 9.13003 7.61504 6.23259 5.65811 4.52405 -9999 -9999 -9999 -9999 -9999 -9999 -9999 -9999 -9999 -9999 -9999 -9999 -9999 -9999 -9999 -9999 -9999 -9999 -9999 -9999 -9999 -9999 -9999 -9999 -9999 -9999 -9999 -9999 -9999 -9999 -9999 -9999 -9999 -9999 -9999 -9999 -9999 -9999 -9999 -9999 -9999 -9999
-9999 -9999 10.1689 10.921 11.5418 12.3055 12.9622 13.29 13.6083 13.5813 12.8701 12.5215 12.4895 12.0088 11.1631 10.6316 9.66508 8.65819 9.04068 10.5113 9.85517 10.8968 10.8074 10.9979 10.2996 8.98174 7.21854 6.19189 5.67778 4.7585 -9999 -9999 -9999 -9999 -9999 -9999 -9999 -9999 -9999 -9999 -9999 -9999 -9999 -9999 -9999 -9999 -9999 -9999 -9999 -9999 -9999 -9999 -9999 -9999 -9999 -9999 -9999 -9999 -9999 -9999 -9999 -9999 -9999 -9999 -9999 -9999 -9999 -9999 -9999 -9999 -9999 -9999
-9999 -9999 -9999 10.7766 11.2496 12.2654 12.7954 13.0078 13.522 13.5219 13.2516 13.0471 12.7509 12.3644 11.7283 11.0266 10.1175 10.0319 10.972 10.9822 10.7841 10.9374 11.4201 11.2914 10.2122 8.35255 7.36726 5.37178 4.51381 4.60015 3.9914 -9999 -9999 -9999 -9999 -9999 -9999 -9999 -9999 -9999 -9999 -9999 -9999 6.29039 -9999 -9999 -9999 -9999 -9999 -9999 -9999 -9999 -9999 -9999 -9999 -9999 -9999 -9999 -9999 -9999 -9999 -9999 -9999 -9999 2.5881 -9999 -9999 -9999 -9999 -9999 -9999 -9999
-9999 -9999 10.6764 11.3124 11.806 12.4425 12.5076 12.8876 13.479 13.4864 13.2943 13.0772 12.591 12.4692 12.1063 11.3446 11.1874 11.4938 11.6341 11.7935 11.8912 11.8097 11.6126 11.3583 10.6653 9.80053 9.21982 7.39334 6.47211 5.58663 4.247 3.19856 -9999 -9999 -9999 -9999 -9999 -9999 -9999 5.5935 5.54175 5.56345 5.85486 6.66299 6.18467 -9999 -9999 -9999 -9999 -9999 -9999 -9999 -9999 -9999 -9999 -9999 -9999 -9999 -9999 -9999 -9999 -9999 -9999 -9999 3.3125 2.25633 -9999 -9999 -9999 -9999 -9999 -9999
-9999 -9999 10.8431 11.5106 11.8437 12.4622 12.8158 13.0524 13.2568 13.4518 13.4174 13.1773 12.8128 12.8133 12.3114 12.04 11.8457 12.2606 12.3414 12.1729 11.962 11.7755 11.2502 11.1887 11.0206 10.4716 9.57073 8.6424 7.30759 5.48973 3.7068 2.26827 -9999 -9999 -9999 -9999 -9999 -9999 5.73989 6.41099 6.81221 5.95281 6.68318 7.35053 7.2414 6.5911 -9999 -9999 -9999 -9999 -9999 -9999 -9999 -9999 -9999 -9999 -9999 -9999 -9999 -9999 8.31038 7.22771 5.04306 3.92217 3.24878 2.28827 -9999 -9999 -9999 -9999 -9999 -9999
-9999 -9999 10.7029 11.4916 12.0259 12.5001 12.5757 13.0635 13.2777 13.3819 13.3681 13.3191 13.2504 12.8121 12.6224 11.9609 12.5901 12.5644 12.4032 11.7696 11.4944 10.4079 9.92944 9.82524 10.7376 10.0624 8.65315 6.89154 4.77869 4.64098 3.93961 2.65377 -9999 -9999 -9999 -9999 -9999 -9999 5.94183 6.65974 7.25861 7.34407 6.4898 7.67729 7.63053 6.96256 6.80903 7.35212 7.62607 7.42006 8.07012 8.25785 7.96078 8.28018 -9999 -9999 -9999 -9999 8.45757 8.49872 8.52928 8.07683 5.69044 4.0599 2.59545 2.45681 -9999 -9999 -9999 -9999 -9999 -9999
-9999 -9999 11.2413 11.7271 11.973 12.013 12.4387 12.8653 13.1291 13.3184 13.2784 13.2612 13.2427 13.0914 12.7425 12.8028 12.7727 12.5685 11.3633 9.95712 10.5682 9.73421 7.9503 9.40188 10.1984 9.43366 7.72632 5.74653 5.1017 5.12877 4.15392 2.89908 -9999 -9999 -9999 3.97301 5.00185 5.08958 5.39148 6.34959 7.07792 7.62725 8.00004 7.98754 7.58988 6.93643 6.22626 6.47586 7.74612 8.05372 8.31606 8.51062 8.23451 8.37184 8.7092 8.88215 8.91495 8.83208 8.81108 8.83628 8.79314 8.37068 6.23821 5.01553 4.23467 2.66741 -9999 -9999 -9999 -9999 -9999 -9999
-9999 -9999 10.9296 11.3523 11.6948 12.2613 12.3215 12.6808 12.8951 13.2135 13.2477 12.875 13.1796 13.1378 13.0782 12.9543 12.7739 11.756 10.3539 8.94871 8.29945 8.57625 7.50183 8.05428 8.86149 8.56836 7.52089 5.75719 5.50822 5.10051 3.46282 1.88514 -9999 -9999 1.96972 3.94558 5.33619 6.05247 6.2729 6.29213 7.21027 7.28033 8.2689 8.03591 6.72345 6.86839 6.35729 6.68494 7.14668 7.27203 7.94249 8.58672 8.70569 8.70549 8.91917 8.96075 8.96933 8.96089 8.81128 8.87591 8.88373 8.61944 7.07195 6.31619 5.48293 2.67922 -9999 -9999 -9999 -9999 -9999 -9999
-9999 -9999 11.1381 11.6107 12.1281 12.2122 12.5954 12.5554 12.4476 12.9809 13.1768 12.913 12.7224 13.0675 13.0409 12.9924 12.9141 11.9573 10.8506 9.17649 8.13602 7.50087 7.04906 6.44742 6.86193 6.73501 6.56493 6.76035 6.27717 5.31201 4.35244 2.55774 1.58577 -9999 2.07083 2.96133 4.61552 6.02093 6.91226 6.58871 7.63295 7.82479 8.42717 8.0705 7.27273 6.92612 6.89316 6.78616 7.48848 7.96104 8.29447 8.51509 8.79162 8.85935 8.92743 8.95413 8.96737 8.98092 8.97459 8.96641 8.93264 8.8318 8.11902 7.364 5.73656 2.7656 -9999 -9999 -9999 -9999 -9999 -9999
-9999 9.75225 11.0769 11.8694 12.1765 12.3983 12.5936 12.7348 12.8839 13.0213 13.1157 13.0744 12.3786 12.4328 12.5548 12.9459 12.9153 12.8267 12.2207 10.184 9.48026 8.45189 7.12045 6.56515 6.84329 7.93458 7.88611 7.16379 6.35867 5.24745 4.53996 3.43864 1.32551 1.51361 2.46288 3.16857 4.29203 6.01036 7.21418 7.75002 7.95091 8.37315 8.5913 8.10113 7.63635 7.43938 7.0767 7.02346 7.02378 7.4472 7.77818 8.51567 8.76137 8.87268 8.92766 8.95589 8.97569 8.99521 9.00025 8.98345 8.9817 8.9735 8.91842 7.91497 5.40554 3.51769 -9999 -9999 -9999 -9999 -9999 -9999
-9999 -9999 10.8256 11.1747 11.2667 11.4268 11.7537 12.1304 12.6648 12.7328 13.0255 13.0224 12.4235 11.7306 12.3292 12.5653 12.8104 12.8154 12.7356 11.024 10.1283 9.42328 8.1467 8.60815 9.04578 9.0794 8.81599 7.26723 5.72464 3.94758 2.28513 2.20478 1.31 1.78173 2.40809 4.01922 5.15224 5.61021 5.93839 7.68506 8.13794 8.2904 8.73546 8.12214 7.96522 7.50387 7.63791 7.59544 7.59581 6.32231 7.59658 7.66944 8.49771 8.86927 8.95143 8.9716 8.99334 8.99453 8.99668 8.9903 8.99624 8.9809 8.96327 8.30992 5.13076 3.5347 -9999 -9999 -9999 -9999 -9999 -9999
-9999 -9999 -9999 -9999 10.9316 11.1981 11.3689 11.664 12.568 12.8107 12.9714 12.9836 12.7153 12.0299 11.8472 11.9697 11.3003 11.8558 12.6171 12.5966 12.503 10.9989 10.2306 10.9755 10.7496 9.61989 8.731 7.85369 6.0478 4.72747 2.8224 1.39138 1.33634 2.91326 4.2228 5.85311 6.57105 6.15849 6.60006 7.46584 8.44994 8.92437 8.8091 8.16264 8.07014 7.36002 8.05321 8.11052 7.78487 7.50315 7.6135 8.02202 8.1763 8.82371 8.97849 9.00404 9.00622 9.00617 9.00073 8.99444 8.983 8.9734 8.96159 8.92965 5.66176 3.12016 -9999 -9999 -9999 -9999 -9999 -9999
-9999 -9999 -9999 -9999 10.2985 10.4612 10.8872 11.98 12.5523 12.7828 12.774 12.8794 12.6896 12.086 11.4663 10.8814 10.1282 10.5553 11.6893 12.3574 12.4325 11.114 11.8007 11.5442 11.0385 9.56103 8.47238 7.89553 6.16193 4.67927 3.41182 1.66154 2.40883 3.23157 4.28837 6.06754 7.26689 7.75797 7.34083 7.89348 9.02626 9.0298 8.40596 8.44369 8.06294 7.09338 8.09799 8.37913 8.14861 8.20575 8.11959 8.27017 8.54643 8.81054 8.98527 9.00656 9.00666 8.99807 8.99505 8.99258 8.97716 8.97531 8.96342 8.94418 6.83394 3.06583 -9999 -9999 -9999 -9999 -9999 -9999
-9999 -9999 -9999 -9999 -9999 9.72293 10.6942 12.1446 12.5048 12.4714 12.7699 12.7942 12.5039 12.2512 11.4994 10.473 8.50392 9.0027 10.0464 11.5525 12.3438 12.2363 11.7964 11.0309 9.17863 7.55779 7.3616 7.09687 5.83191 4.69066 3.28163 4.09728 4.99043 5.96727 6.47946 6.34384 7.37121 8.20816 7.84892 8.52745 9.31946 8.95617 8.74022 8.55864 8.11894 8.09021 8.13368 8.70337 8.30574 8.54689 8.55208 8.53611 8.66932 8.82297 8.98443 9.00865 9.00625 9.00614 8.98421 8.98799 8.97568 8.96355 8.95232 8.93538 8.74218 6.71184 5.49728 -9999 -9999 -9999 -9999 -9999
-9999 -9999 -9999 -9999 -9999 8.82173 9.30638 11.024 11.5545 12.3127 12.7146 12.7317 12.2428 11.9693 10.8503 10.4855 8.66386 7.83838 8.53555 8.26661 10.3415 12.1779 11.779 8.07114 6.72858 5.77127 6.01806 6.02113 5.66951 3.72502 3.18816 4.93102 6.02784 6.87706 7.52053 7.65275 7.62811 8.93867 9.11057 9.53437 9.43869 9.47535 8.80951 8.3965 8.75237 8.33668 8.26391 8.85253 8.26887 8.79314 8.7302 8.57011 8.55966 8.90396 8.9717 9.00608 9.00537 8.98902 8.96858 8.95581 8.96416 8.9561 8.93418 8.93258 8.91131 8.66855 7.61664 7.24801 7.65327 -9999 -9999 -9999
-9999 -9999 -9999 -9999 -9999 -9999 7.699 10.0859 11.1764 11.7487 12.5543 12.6501 12.3897 11.9178 10.778 9.77526 8.14665 6.28719 5.30254 8.24546 10.8071 12.144 11.9691 8.88271 7.66499 7.60912 8.32729 7.72261 7.2641 5.78707 5.34478 4.72972 5.10763 6.29204 7.25827 8.19028 8.86693 8.91955 9.35714 9.60807 9.62588 9.70224 9.62144 9.55512 8.91279 9.35255 8.97542 9.17252 9.04251 8.92505 8.82483 8.45668 8.71319 8.94002 8.99666 9.01138 8.99489 8.98881 8.97606 8.9514 8.93924 8.93489 8.92998 8.91564 8.91302 8.9003 8.78079 8.14732 7.29997 6.22995 -9999 -9999
-9999 -9999 -9999 -9999 -9999 -9999 6.50081 8.87587 10.0203 11.4928 12.2504 12.5567 12.5141 12.1313 11.2647 9.96153 8.87557 6.80012 4.6454 7.73397 10.4877 11.9728 12.0513 9.45867 10.1782 9.59754 9.83267 8.76926 8.32781 7.98095 7.21683 6.38091 5.46636 4.98095 7.1533 8.26754 9.16341 9.58417 9.82049 9.93671 9.87049 9.70476 8.73641 9.46969 9.4278 9.35214 9.26591 9.22319 9.14506 9.05342 8.99977 8.97883 8.73362 9.00611 8.99636 8.99753 8.99607 8.98593 8.96909 8.95385 8.9357 8.93304 8.92162 8.90947 8.90042 8.89576 8.88604 8.84956 8.6801 7.24361 6.38387 6.14187
-9999 -9999 -9999 -9999 -9999 -9999 3.15743 6.61258 9.39054 10.8399 12.0193 12.3418 12.461 11.9483 11.5642 10.6294 9.74421 8.37992 6.33767 5.07977 7.39227 10.7547 11.9968 11.9011 11.8237 11.1521 10.547 10.471 10.5169 9.81464 8.78783 7.44515 7.02444 6.5527 8.17024 8.38771 8.26683 10.0444 10.0453 9.9407 9.25603 8.49203 8.63363 8.15995 8.51885 7.95357 8.46869 8.9138 9.0788 9.06299 9.00299 8.99239 8.96341 9.00732 9.00406 8.99374 8.98504 8.97888 8.96905 8.94505 8.92993 8.93402 8.91725 8.90369 8.89208 8.88953 8.88364 8.85606 8.83097 8.6087 8.27543 7.64157
-9999 -9999 -9999 -9999 -9999 -9999 3.30066 6.20743 8.67175 10.1497 11.5697 11.8977 12.3755 12.2697 11.8676 11.0548 10.04 8.91688 7.16455 5.86192 7.40798 9.64019 11.2386 11.8128 11.8094 11.7711 11.6193 11.557 11.3803 11.2567 10.5197 9.24992 8.53248 7.4827 9.28549 9.4857 9.20075 10.0985 10.0501 8.68463 7.63393 7.5 8.13799 7.52723 7.41754 7.03804 7.46316 8.60669 8.26862 8.33265 8.85163 8.93496 8.98536 8.99773 8.99161 8.98649 8.97487 8.97326 8.97145 8.94786 8.93512 8.92713 8.90409 8.898 8.88142 8.87029 8.86042 8.84462 8.82151 8.75703 8.68569 8.75635
-9999 -9999 -9999 -9999 -9999 -9999 3.3529 5.30867 7.52608 9.70255 11.2191 11.8296 12.2735 12.2666 11.7996 11.3944 10.7575 9.76911 9.09068 7.91451 6.30122 9.00231 9.83053 10.571 10.8819 11.6527 11.6339 11.2807 10.8746 11.2546 11.1403 10.136 9.8047 9.24599 10.2477 10.2477 10.2171 10.1603 9.00645 7.40368 6.12186 7.03851 6.843 7.26495 5.95381 7.02651 7.89035 8.16902 7.57995 7.14088 8.49131 8.71046 8.84119 8.92404 8.97756 8.96143 8.9725 8.96169 8.95474 8.94726 8.93248 8.92224 8.90729 8.89217 8.87839 8.86889 8.85127 8.82892 8.82582 8.7923 8.77755 8.76412
-9999 -9999 -9999 -9999 -9999 -9999 -9999 4.14782 6.95926 9.46877 10.8651 11.7424 12.1687 12.1588 11.9189 11.6431 11.2473 10.5336 9.63776 8.22356 7.17351 7.8378 8.64917 8.7415 9.2811 10.847 11.3818 10.6231 8.75019 9.85477 11.0881 11.0668 10.96 10.8405 10.6881 10.5498 10.2498 9.45053 7.00774 6.52392 5.56359 5.66905 5.17483 6.24695 5.84339 6.94221 7.41697 7.59467 6.57369 6.78889 7.98094 8.45236 8.37142 8.65986 8.93606 8.94268 8.94803 8.93813 8.94127 8.94054 8.93292 8.91626 8.90401 8.89427 8.86948 8.87102 8.77807 8.71713 8.59587 8.74218 8.75489 8.75969
-9999 -9999 -9999 -9999 -9999 -9999 -9999 3.58167 6.38699 9.34254 10.2903 11.2362 12.0522 12.0661 11.7007 11.3531 10.9952 10.5881 9.50197 8.44887 7.44357 7.1053 7.30637 7.29164 8.16473 10.2047 10.5993 10.4302 8.47256 7.80865 9.45637 10.8408 10.9483 10.8208 9.18794 9.533 8.65071 7.45481 7.12356 6.59832 5.49163 6.01975 5.20828 5.55181 5.45982 6.08242 6.38468 7.12595 6.23577 6.23959 7.40974 8.00015 8.01274 8.63257 8.85209 8.90789 8.92011 8.9281 8.92818 8.9353 8.92687 8.91502 8.90025 8.86798 8.79473 8.57508 7.39516 7.39477 7.71696 8.02196 8.57825 8.73228
-9999 -9999 -9999 -9999 -9999 -9999 -9999 3.89863 5.84474 8.46696 10.4088 10.529 11.472 11.9577 11.5606 11.1138 10.6568 10.4559 9.27405 7.97616 6.92735 5.68636 5.8893 6.77822 8.23506 9.55238 9.78731 9.51408 8.4651 8.95972 10.0829 10.6785 10.8529 10.7124 10.3551 10.1476 9.49723 9.2138 8.31124 6.90146 6.34436 6.69232 5.19573 5.29715 5.84654 5.26097 6.22556 6.68589 5.53698 6.44523 7.4819 8.0108 8.47296 8.69055 8.77591 8.90798 8.90917 8.91803 8.92167 8.91714 8.91445 8.89001 8.86933 8.74141 8.55405 7.45149 6.99415 7.08216 7.58896 8.03266 8.49598 8.68517
-9999 -9999 -9999 -9999 -9999 -9999 -9999 4.22285 5.97473 8.24802 9.63189 9.87786 10.9237 11.8535 11.7473 11.2825 11.1396 10.6581 9.65549 8.54838 7.33857 6.74974 5.39806 6.72631 7.7791 8.89436 9.41563 8.55404 8.11968 8.88521 9.64615 9.94906 10.7173 10.7081 10.4551 9.37088 8.8409 9.06134 8.83201 8.43229 7.46102 7.41498 6.78999 6.52942 6.28319 5.49369 5.99531 6.04316 6.17561 7.26777 7.80608 8.16222 8.48598 8.56928 8.70876 8.89041 8.90423 8.90838 8.90502 8.90587 8.8897 8.8347 8.78791 8.53324 8.08449 7.24944 5.90131 6.85051 7.84329 8.13731 8.42464 8.57307
-9999 -9999 -9999 -9999 -9999 -9999 -9999 3.91631 5.7773 7.71979 8.53076 8.66675 10.5612 11.7204 11.7203 11.4989 11.2407 10.0542 10.1219 9.88319 8.79166 7.20259 5.45762 5.61984 6.65914 8.13242 8.61913 7.19385 6.68861 7.05782 8.20904 9.23927 10.3149 10.5866 10.2684 8.58199 6.78984 7.61746 8.50183 8.49423 8.23124 7.33031 7.04229 6.78128 6.12319 5.01225 5.17485 5.48075 6.71911 7.1089 7.7126 8.2136 8.02135 8.12999 8.60922 8.88316 8.89114 8.89358 8.90013 8.89119 8.87205 8.76518 8.65217 8.4643 7.29846 6.57259 5.52043 6.74349 7.41954 7.77764 8.42133 8.57338
-9999 -9999 -9999 -9999 -9999 -9999 -9999 3.33186 4.68169 6.53814 7.28507 8.4777 10.2678 11.1472 11.5676 11.5562 11.3834 10.8511 10.5303 9.90007 8.76461 7.21274 5.48795 4.36467 4.93362 6.91796 7.38589 6.07139 5.40113 6.23247 7.45931 9.27659 10.314 10.4523 10.3562 10.0067 8.69758 7.11635 7.11918 7.90839 7.24319 6.47042 6.89119 6.81002 6.1602 5.68679 5.40095 5.57592 6.28237 6.57206 7.26975 8.30077 8.4463 8.41448 8.84716 8.86645 8.87411 8.888 8.8849 8.8783 8.86261 8.77501 8.58204 7.80516 7.12739 6.18552 6.06687 7.15819 7.63221 8.07322 8.38787 8.48902
-9999 -9999 -9999 -9999 -9999 -9999 -9999 2.33119 3.91951 5.6583 7.28625 8.82632 10.1515 10.2519 10.9498 10.9468 11.3116 11.2045 10.7109 10.1798 9.20123 7.20811 5.53196 3.70418 4.18417 6.20738 6.47251 5.58981 3.96028 5.63953 7.49148 9.16966 10.0772 9.36206 10.0906 10.0283 9.5363 8.59402 7.13019 7.15525 6.05749 6.00716 6.56688 6.74669 6.65026 6.2942 5.7289 5.82409 6.25245 6.35899 6.99985 7.79899 8.58024 8.70937 8.85631 8.86019 8.86008 8.86974 8.86874 8.84982 8.80713 8.71567 8.064 7.28949 6.8114 6.15439 6.07247 7.33051 7.82957 8.10549 8.37693 8.48274
-9999 -9999 -9999 -9999 -9999 -9999 -9999 -9999 3.74852 5.5448 6.87338 7.22948 8.40703 9.04186 9.53262 9.63972 11.0444 11.1199 10.8062 10.3182 9.48328 7.97044 6.91592 5.16262 3.90198 4.41893 4.66122 5.12227 4.98411 5.73199 7.51146 9.36537 9.56574 8.38458 8.55691 8.80124 9.35167 9.06872 7.07505 6.06083 5.21847 5.81226 6.43701 6.58609 6.61369 6.48982 6.34747 6.10849 6.9449 7.56305 7.70418 8.24285 8.63985 8.74752 8.82802 8.83566 8.84351 8.84111 8.81529 8.79588 8.69304 8.4657 7.7371 5.98843 6.06742 5.87599 5.33025 6.55524 7.33053 8.0216 8.38769 8.48044
-9999 -9999 -9999 -9999 -9999 -9999 -9999 -9999 3.14173 5.22028 5.65745 5.6224 4.93106 5.24589 7.79776 8.30984 9.65679 10.9322 10.8364 10.3575 9.57627 8.67455 7.2795 5.30782 3.74086 3.08179 4.76579 6.41805 6.75786 7.28418 8.37378 8.57915 7.37209 6.23992 6.87197 7.25168 8.70515 8.96832 8.6827 7.48035 6.10595 5.38715 6.22952 6.33961 6.3874 6.39448 6.36368 6.32944 7.27582 7.79642 8.15664 8.35142 8.69177 8.77677 8.80211 8.82586 8.81701 8.79673 8.73997 8.67582 8.40188 8.07079 6.87899 5.88494 5.26411 4.4767 6.24293 6.76457 7.4921 7.95957 8.32358 8.40135
