Test_Spring_2018/04_18/Temp/20180407_022.txt
ncols	170
nrows	115
xllcorner	350000.000000
yllcorner	4445000.000000
cellsize	1000.000000
nodata_value	-9999.000000
[rows 32 to 63 of 115, columns 72 to 143 of 170]
12.6986 12.3858 12.8659 13.3079 13.034 12.8513 13.576 13.5748 13.3251 12.7402 12.525 12.302 12.1651 11.4152 9.31267 7.41716 8.43162 8.4549 7.75201 9.01003 8.34408 6.60831 4.15832 5.48846 5.14102 3.40884 2.98296 -9999 -9999 -9999 -9999 -9999 -9999 -9999 -9999 -9999 -9999 -9999 -9999 -9999 -9999 -9999 -9999 -9999 -9999 -9999 -9999 -9999 -9999 -9999 -9999 -9999 -9999 -9999 -9999 -9999 -9999 -9999 -9999 -9999 -9999 -9999 -9999 -9999 -9999 -9999 -9999 -9999 -9999 -9999 -9999 -9999
12.2793 12.1443 12.8586 12.8424 12.7953 13.049 13.4977 13.5868 13.4888 13.2331 13.0117 12.7763 12.1804 11.3226 9.52305 7.36558 6.87566 7.93041 7.98025 8.14906 7.54211 6.77991 5.58799 6.56232 6.94009 5.80238 4.31122 3.34907 -9999 -9999 -9999 -9999 -9999 -9999 -9999 -9999 -9999 -9999 -9999 -9999 -9999 -9999 -9999 -9999 -9999 -9999 -9999 -9999 -9999 -9999 -9999 -9999 -9999 -9999 -9999 -9999 -9999 -9999 -9999 -9999 -9999 -9999 -9999 -9999 -9999 -9999 -9999 -9999 -9999 -9999 -9999 -9999
11.7797 11.0846 11.5147 11.8373 12.4323 12.5836 12.6723 13.5247 13.4784 13.4379 13.0726 12.7803 12.2966 11.471 10.296 8.8814 6.41891 7.9361 9.12394 9.09272 9.0268 8.49259 7.34748 8.3038 8.34773 6.89627 5.23562 4.25898 3.85482 -9999 -9999 -9999 -9999 -9999 -9999 -9999 -9999 -9999 -9999 -9999 -9999 -9999 -9999 -9999 -9999 -9999 -9999 -9999 -9999 -9999 -9999 -9999 -9999 -9999 -9999 -9999 -9999 -9999 -9999 -9999 -9999 -9999 -9999 -9999 -9999 -9999 -9999 -9999 -9999 -9999 -9999 -9999
11.212 10.3633 10.7961 11.3739 12.1873 12.6056 12.9253 13.1794 13.4386 13.4069 13.0329 11.9304 11.7723 11.7238 10.955 9.3424 7.73193 7.31419 9.12667 9.64488 9.53832 9.94237 8.9722 9.42928 9.24043 8.72646 7.13269 5.67684 5.07436 3.88423 -9999 -9999 -9999 -9999 -9999 -9999 -9999 -9999 -9999 -9999 -9999 -9999 -9999 -9999 -9999 -9999 -9999 -9999 -9999 -9999 -9999 -9999 -9999 -9999 -9999 -9999 -9999 -9999 -9999 -9999 -9999 -9999 -9999 -9999 -9999 -9999 -9999 -9999 -9999 -9999 -9999 -9999
-9999 -9999 9.82668 10.6114 11.2601 12.0573 12.7438 13.0883 13.4228 13.3948 12.6483 12.2827 12.25 11.7459 10.8585 10.3013 9.28703 8.23035 8.63299 10.1785 9.4899 10.5845 10.4909 10.6912 9.95773 8.57063 6.7214 5.63917 5.10003 4.13544 -9999 -9999 -9999 -9999 -9999 -9999 -9999 -9999 -9999 -9999 -9999 -9999 -9999 -9999 -9999 -9999 -9999 -9999 -9999 -9999 -9999 -9999 -9999 -9999 -9999 -9999 -9999 -9999 -9999 -9999 -9999 -9999 -9999 -9999 -9999 -9999 -9999 -9999 -9999 -9999 -9999 -9999
-9999 -9999 -9999 10.4646 10.958 12.0249 12.5736 12.7968 13.337 13.3372 13.0538 12.8396 12.5293 12.1243 11.4571 10.7212 9.76728 9.67838 10.6668 10.6783 10.4709 10.6325 11.1397 11.0046 9.87317 7.91503 6.8803 4.78266 3.8822 3.97377 3.3354 -9999 -9999 -9999 -9999 -9999 -9999 -9999 -9999 -9999 -9999 -9999 -9999 5.79106 -9999 -9999 -9999 -9999 -9999 -9999 -9999 -9999 -9999 -9999 -9999 -9999 -9999 -9999 -9999 -9999 -9999 -9999 -9999 -9999 2.02393 -9999 -9999 -9999 -9999 -9999 -9999 -9999
-9999 -9999 10.3696 11.0293 11.5475 12.2158 12.2794 12.6753 13.2966 13.3046 13.1033 12.876 12.3661 12.2392 11.8591 11.0602 10.8962 11.2191 11.3676 11.5358 11.6392 11.554 11.3472 11.0801 10.3494 9.44119 8.83127 6.91528 5.94377 5.01436 3.6081 2.50792 -9999 -9999 -9999 -9999 -9999 -9999 -9999 5.0443 4.99427 5.02174 5.33284 6.18698 5.69007 -9999 -9999 -9999 -9999 -9999 -9999 -9999 -9999 -9999 -9999 -9999 -9999 -9999 -9999 -9999 -9999 -9999 -9999 -9999 2.79021 1.68655 -9999 -9999 -9999 -9999 -9999 -9999
-9999 -9999 10.542 11.2427 11.5922 12.2413 12.6122 12.8533 13.0679 13.273 13.2373 12.9858 12.6037 12.6053 12.0795 11.7957 11.5929 12.03 12.1159 11.9398 11.719 11.5235 10.972 10.9072 10.728 10.1512 9.20483 8.22955 6.82576 4.91674 3.0446 1.53445 -9999 -9999 -9999 -9999 -9999 -9999 5.1973 5.90629 6.33225 5.43445 6.2069 6.91346 6.80467 6.13272 -9999 -9999 -9999 -9999 -9999 -9999 -9999 -9999 -9999 -9999 -9999 -9999 -9999 -9999 8.02461 6.89212 4.60239 3.43031 2.72859 1.72556 -9999 -9999 -9999 -9999 -9999 -9999
-9999 -9999 10.4004 11.2282 11.7886 12.2859 12.3646 12.8735 13.0946 13.2042 13.19 13.1393 13.0681 12.6089 12.4111 11.7177 12.38 12.3544 12.1863 11.5217 11.2334 10.0926 9.59006 9.47805 10.4361 9.72657 8.2459 6.39507 4.17102 4.02918 3.29281 1.94276 -9999 -9999 -9999 -9999 -9999 -9999 5.41218 6.1705 6.80428 6.89923 6.0075 7.26075 7.22234 6.52765 6.3734 6.95085 7.2455 7.0358 7.72975 7.93299 7.62659 7.96734 -9999 -9999 -9999 -9999 8.17577 8.22323 8.25973 7.78914 5.28748 3.58011 2.04756 1.91314 -9999 -9999 -9999 -9999 -9999 -9999
-9999 -9999 10.9716 11.481 11.7382 11.7791 12.2252 12.6698 12.9432 13.1449 13.1032 13.0857 13.0672 12.9095 12.5445 12.6095 12.5796 12.3668 11.1024 9.62668 10.2696 9.39054 7.51285 9.03901 9.87527 9.07132 7.2772 5.19686 4.51464 4.54536 3.52139 2.20493 -9999 -9999 -9999 3.33811 4.42141 4.51679 4.83775 5.84857 6.6186 7.19983 7.59734 7.58884 7.18384 6.50484 5.76635 6.03596 7.3775 7.70765 7.99417 8.20474 7.92044 8.07284 8.43176 8.61766 8.65613 8.573 8.55488 8.58543 8.54444 8.10534 5.86784 4.58891 3.77451 2.13684 -9999 -9999 -9999 -9999 -9999 -9999
-9999 -9999 10.6507 11.0936 11.4521 12.0475 12.1095 12.4858 12.7077 13.0391 13.0753 12.6843 13.0053 12.9627 12.9017 12.7734 12.5858 11.5185 10.0475 8.57296 7.89208 8.18051 7.05198 7.63347 8.48089 8.16756 7.0672 5.21363 4.95112 4.5185 2.80017 1.14292 -9999 -9999 1.23403 3.31134 4.77458 5.53022 5.76573 5.79059 6.76026 6.83968 7.88434 7.6448 6.2787 6.43862 5.90904 6.26109 6.75833 6.89709 7.60835 8.29436 8.42475 8.42944 8.65831 8.70603 8.71884 8.71367 8.56024 8.63202 8.64442 8.3714 6.75095 5.96262 5.09733 2.15671 -9999 -9999 -9999 -9999 -9999 -9999
-9999 -9999 10.8773 11.3726 11.9149 12.0018 12.4029 12.3585 12.242 12.8015 13.0051 12.7286 12.5293 12.8933 12.8672 12.8182 12.738 11.7351 10.5746 8.81774 7.72604 7.05698 6.58235 5.95166 6.38651 6.25229 6.07244 6.27628 5.76294 4.74458 3.73596 1.85238 0.831369 -9999 1.34232 2.27943 4.01948 5.49902 6.43937 6.10439 7.20681 7.41451 8.05249 7.68502 6.85977 6.50864 6.4822 6.37778 7.12315 7.62711 7.9846 8.22271 8.52125 8.5972 8.67298 8.70487 8.72233 8.74 8.73684 8.73195 8.70053 8.59913 7.85548 7.07125 5.36827 2.25239 -9999 -9999 -9999 -9999 -9999 -9999
-9999 9.43199 10.8188 11.6499 11.971 12.2023 12.4058 12.5525 12.7058 12.8481 12.9469 12.9025 12.1727 12.231 12.3611 12.7741 12.7443 12.6536 12.0192 9.88157 9.14167 8.06205 6.66351 6.08105 6.37247 7.51759 7.46517 6.70466 5.857 4.68491 3.93659 2.7791 0.560741 0.758451 1.75635 2.49919 3.6817 5.48995 6.75868 7.3266 7.54348 7.99224 8.22844 7.72585 7.25059 7.05248 6.68017 6.63264 6.641 7.09331 7.44832 8.22993 8.49375 8.61733 8.67919 8.71247 8.73657 8.76026 8.76881 8.75468 8.75677 8.75262 8.70226 7.65431 5.02619 3.0484 -9999 -9999 -9999 -9999 -9999 -9999
-9999 -9999 10.5607 10.9259 11.0207 11.187 11.5285 11.9222 12.4801 12.5504 12.8574 12.8534 12.2242 11.4981 12.1289 12.3792 12.6391 12.6469 12.5654 10.7681 9.82837 9.08835 7.7474 8.23274 8.69152 8.72547 8.44699 6.81806 5.1954 3.32366 1.57551 1.48951 0.546315 1.04288 1.7014 3.39515 4.58766 5.07207 5.42114 7.26111 7.74192 7.9122 8.38775 7.75203 7.60043 7.12507 7.27493 7.23908 7.2478 5.91795 7.26397 7.34705 8.22282 8.61853 8.71004 8.73464 8.76056 8.76475 8.77006 8.76672 8.77678 8.7667 8.7546 8.07465 4.7422 3.07128 -9999 -9999 -9999 -9999 -9999 -9999
-9999 -9999 -9999 -9999 10.6742 10.952 11.1293 11.4372 12.3832 12.6369 12.8049 12.8177 12.5364 11.8172 11.6274 11.7585 11.0581 11.6442 12.4455 12.4257 12.3285 10.7492 9.94313 10.7251 10.4868 9.29866 8.36297 7.43906 5.53951 4.1473 2.14399 0.63893 0.579705 2.23538 3.61076 5.32456 6.08101 5.65105 6.11932 7.0352 8.07578 8.58185 8.46918 7.79901 7.71533 6.97905 7.71657 7.78581 7.45234 7.16442 7.288 7.72371 7.89153 8.57652 8.74329 8.77431 8.77949 8.7822 8.77937 8.77599 8.76912 8.764 8.75734 8.73025 5.30478 2.64096 -9999 -9999 -9999 -9999 -9999 -9999
-9999 -9999 -9999 -9999 10.0146 10.1833 10.6286 11.7743 12.3718 12.6126 12.6025 12.713 12.5142 11.8815 11.2323 10.6206 9.83197 10.2832 11.4765 12.1802 12.2603 10.876 11.5981 11.3282 10.796 9.24243 8.09678 7.4883 5.66448 4.1016 2.7678 0.927177 1.7105 2.57381 3.68391 5.55377 6.81587 7.33541 6.90191 7.48841 8.68533 8.69702 8.05041 8.09916 7.71287 6.70432 7.76918 8.07372 7.84031 7.90843 7.82567 7.99044 8.28635 8.56865 8.75629 8.7821 8.78533 8.77895 8.77856 8.77972 8.76774 8.7708 8.76412 8.75046 6.54112 2.58918 -9999 -9999 -9999 -9999 -9999 -9999
-9999 -9999 -9999 -9999 -9999 9.41339 10.4314 11.9527 12.3274 12.291 12.6036 12.629 12.3245 12.0603 11.2725 10.1969 8.13128 8.65778 9.75634 11.3403 12.1728 12.0606 11.5993 10.7949 8.84819 7.14401 6.93574 6.65504 5.32339 4.11905 2.63644 3.49092 4.42736 5.45244 5.99042 5.84904 6.93046 7.81312 7.4406 8.1594 8.99849 8.62497 8.40691 8.22543 7.7773 7.75709 7.81245 8.42013 8.01121 8.27263 8.28581 8.2756 8.42119 8.58739 8.76102 8.78983 8.79023 8.79278 8.77264 8.78012 8.77141 8.76372 8.75778 8.7466 8.55093 6.4244 5.15645 -9999 -9999 -9999 -9999 -9999
-9999 -9999 -9999 -9999 -9999 8.47247 8.97938 10.7815 11.3351 12.1302 12.5515 12.5692 12.0561 11.7701 10.5964 10.2157 8.30511 7.44028 8.17491 7.89433 10.0752 12.0049 11.5868 7.69176 6.28055 5.2734 5.53049 5.53114 5.1589 3.11086 2.54439 4.37282 5.5232 6.41424 7.09012 7.23024 7.20659 8.5868 8.77206 9.2233 9.12996 9.17653 8.48589 8.06129 8.44879 8.02205 7.95524 8.58273 7.97832 8.53702 8.47857 8.31689 8.31149 8.67789 8.75303 8.79251 8.7949 8.78033 8.7617 8.75203 8.76507 8.76169 8.74452 8.74946 8.73438 8.48543 7.38828 7.00913 7.44308 -9999 -9999 -9999
-9999 -9999 -9999 -9999 -9999 -9999 7.29704 9.80225 10.9442 11.5441 12.3895 12.49 12.2162 11.7219 10.5266 9.47576 7.7678 5.81746 4.78454 7.87768 10.5698 11.9749 11.7923 8.5501 7.27014 7.20999 7.96236 7.32479 6.84045 5.28353 4.81654 4.16839 4.56374 5.80639 6.82259 7.80252 8.51552 8.57441 9.039 9.30808 9.33384 9.42198 9.34571 9.28508 8.62396 9.09556 8.70884 8.92487 8.79679 8.68124 8.58348 8.20313 8.47806 8.72101 8.78448 8.80418 8.78957 8.78589 8.77546 8.75293 8.74519 8.74572 8.74641 8.73791 8.74233 8.73482 8.61689 7.95938 7.0774 5.96164 -9999 -9999
-9999 -9999 -9999 -9999 -9999 -9999 6.04475 8.53778 9.73656 11.2822 12.0758 12.3975 12.3536 11.9528 11.0444 9.67786 8.53975 6.36241 4.10174 7.34729 10.24 11.8007 11.8835 9.16106 9.91615 9.30496 9.55017 8.43101 7.96486 7.59525 6.79046 5.91056 4.94761 4.43935 6.72112 7.89257 8.83588 9.28144 9.53454 9.66263 9.59767 9.43257 8.42374 9.20271 9.17208 9.10194 9.02045 8.98428 8.91039 8.82173 8.7727 8.75689 8.50472 8.79705 8.79111 8.79538 8.79671 8.78893 8.77436 8.76187 8.74688 8.74937 8.74439 8.73807 8.73557 8.73622 8.73337 8.70266 8.53242 7.03139 6.13619 5.89383
-9999 -9999 -9999 -9999 -9999 -9999 2.5394 6.16724 9.08003 10.6017 11.8399 12.179 12.3049 11.7677 11.366 10.3863 9.45883 8.0283 5.88561 4.56657 6.99605 10.5291 11.8322 11.7327 11.6509 10.9444 10.3073 10.2256 10.2718 9.52909 8.4474 7.03565 6.59602 6.09984 7.79907 8.02872 7.90412 9.77479 9.78045 9.67643 8.96399 8.16574 8.32231 7.83481 8.22489 7.64003 8.18978 8.66563 8.8468 8.83748 8.78158 8.77882 8.75336 8.80485 8.805 8.79737 8.79128 8.78789 8.78087 8.75935 8.74764 8.75668 8.74535 8.7372 8.73356 8.73602 8.73688 8.71517 8.6962 8.47017 8.12753 7.47337
-9999 -9999 -9999 -9999 -9999 -9999 2.69457 5.7445 8.33224 9.88358 11.3751 11.7201 12.2226 12.1128 11.692 10.8403 9.77657 8.59914 6.76081 5.39463 7.02036 9.36458 11.0441 11.6485 11.6425 11.6014 11.4408 11.3728 11.1853 11.0507 10.275 8.94441 8.1899 7.0869 8.981 9.19269 8.89582 9.84229 9.79602 8.36733 7.27007 7.13646 7.81036 7.17671 7.07454 6.68576 7.14052 8.34958 8.00475 8.07895 8.63097 8.72412 8.78352 8.80067 8.79795 8.79597 8.78704 8.78865 8.79025 8.76931 8.76021 8.75658 8.73766 8.73841 8.72742 8.72036 8.71863 8.70889 8.69156 8.63082 8.56455 8.65039
-9999 -9999 -9999 -9999 -9999 -9999 2.75721 4.80761 7.13628 9.42145 11.0145 11.6563 12.1233 12.1172 11.6282 11.2045 10.5375 9.50148 8.79097 7.55748 5.86454 8.70298 9.57164 10.3508 10.6767 11.4856 11.4647 11.0923 10.6589 11.0569 10.9408 9.88495 9.53649 8.94967 10.0026 10.0042 9.97459 9.91839 8.71076 7.03249 5.6921 6.66156 6.46328 6.90975 5.54528 6.68254 7.59805 7.89858 7.28778 6.83325 8.25846 8.4961 8.63817 8.72945 8.78952 8.77616 8.79127 8.78344 8.77982 8.77596 8.76479 8.75879 8.7483 8.73802 8.73136 8.72552 8.71335 8.6978 8.70132 8.67438 8.66539 8.66272
-9999 -9999 -9999 -9999 -9999 -9999 -9999 3.59633 6.54802 9.18397 10.6509 11.5729 12.0215 12.0122 11.7616 11.4736 11.0596 10.3119 9.37288 7.88919 6.78771 7.48661 8.33725 8.43569 9.00242 10.6468 11.2077 10.4098 8.43764 9.60242 10.897 10.8741 10.7617 10.6364 10.4763 10.3328 10.0203 9.18412 6.62247 6.1204 5.1175 5.23467 4.72239 5.85113 5.44001 6.602 7.10833 7.30237 6.23695 6.47023 7.73086 8.23141 8.15123 8.4586 8.75257 8.76329 8.77259 8.7659 8.77306 8.77639 8.77278 8.76055 8.7529 8.74824 8.73033 8.73558 8.64407 8.58629 8.46519 8.62515 8.64468 8.65412
-9999 -9999 -9999 -9999 -9999 -9999 -9999 3.00778 5.95457 9.0593 10.0552 11.0494 11.9075 11.9231 11.5407 11.1772 10.8029 10.3771 9.23796 8.1334 7.07883 6.72458 6.93649 6.92006 7.83724 9.97978 10.3937 10.2154 8.16047 7.46264 9.19301 10.647 10.7601 10.6269 8.91291 9.27725 8.35313 7.10036 6.75654 6.20966 5.05266 5.61335 4.76735 5.13482 5.04577 5.70705 6.03175 6.81736 5.889 5.90008 7.13773 7.76321 7.7813 8.43683 8.67159 8.73417 8.75089 8.76319 8.76731 8.77903 8.77467 8.76701 8.75657 8.72804 8.65673 8.43451 7.19793 7.20331 7.54754 7.87368 8.46997 8.62896
-9999 -9999 -9999 -9999 -9999 -9999 -9999 3.34821 5.3928 8.14765 10.188 10.3151 11.3065 11.8178 11.4021 10.9343 10.4558 10.2464 9.0066 7.64477 6.54438 5.24185 5.45571 6.3898 7.91881 9.30245 9.54894 9.26151 8.16173 8.68119 9.86098 10.4868 10.6706 10.5239 10.1501 9.93419 9.25376 8.95937 8.0153 6.53906 5.95899 6.33004 4.76396 4.87666 5.46007 4.85249 5.8725 6.36267 5.16226 6.12614 7.22073 7.78155 8.2719 8.50501 8.59897 8.74182 8.7471 8.76046 8.76841 8.76793 8.76958 8.74862 8.73181 8.60258 8.41111 7.2585 6.78328 6.88107 7.41876 7.89013 8.38016 8.5833
-9999 -9999 -9999 -9999 -9999 -9999 -9999 3.69638 5.53726 7.92587 9.38034 9.63967 10.7394 11.7172 11.607 11.1202 10.9716 10.4673 9.41564 8.25405 6.98443 6.36685 4.94772 6.34327 7.44781 8.61935 9.16679 8.26405 7.808 8.61236 9.41202 9.73077 10.5386 10.5302 10.2661 9.12945 8.57548 8.81031 8.57323 8.15771 7.14231 7.09917 6.44822 6.18031 5.92761 5.10529 5.63868 5.69532 5.84359 6.99774 7.56877 7.94812 8.29313 8.38527 8.53619 8.73124 8.74992 8.75842 8.75909 8.76427 8.7517 8.6985 8.6541 8.39149 7.92517 7.05319 5.64205 6.64402 7.69175 7.99763 8.30978 8.46963
-9999 -9999 -9999 -9999 -9999 -9999 -9999 3.38214 5.33792 7.37934 8.23228 8.3763 10.3675 11.5864 11.5876 11.3565 11.0867 9.84179 9.91418 9.66467 8.51916 6.85084 5.01853 5.18929 6.28209 7.82723 8.3385 6.84414 6.31387 6.7022 7.91209 8.99509 10.1261 10.413 10.0806 8.31146 6.43177 7.30432 8.23695 8.23311 7.96143 7.02002 6.72272 6.45403 5.76841 4.61218 4.78502 5.1125 6.42348 6.83875 7.47843 8.00995 7.813 7.93184 8.43974 8.73184 8.74447 8.75124 8.76233 8.75719 8.74142 8.63359 8.51942 8.32673 7.10688 6.34927 5.24557 6.53803 7.25267 7.63134 8.31108 8.47431
-9999 -9999 -9999 -9999 -9999 -9999 -9999 2.77611 4.19527 6.14659 6.93251 8.18663 10.0683 10.9934 11.4365 11.4259 11.2458 10.6879 10.3522 9.69123 8.49944 6.87007 5.05887 3.8793 4.47705 6.5599 7.05702 5.6739 4.97046 5.84439 7.13392 9.04386 10.1349 10.2819 10.1829 9.81808 8.44582 6.78811 6.79467 7.62765 6.93329 6.12628 6.57324 6.49322 5.81607 5.32433 5.03073 5.22365 5.97289 6.28297 7.02138 8.10968 8.2676 8.239 8.69809 8.7228 8.73517 8.75399 8.75493 8.75218 8.73991 8.65215 8.45377 7.64212 6.93464 5.94981 5.82973 6.98019 7.47397 7.94723 8.28096 8.39035
-9999 -9999 -9999 -9999 -9999 -9999 -9999 1.73299 3.40296 5.23099 6.94259 8.56188 9.95541 10.0624 10.797 10.7953 11.1798 11.0685 10.5511 9.99416 8.96701 6.87402 5.11378 3.19411 3.69836 5.82434 6.10332 5.17674 3.46578 5.23046 7.17674 8.94071 9.89542 9.14608 9.91343 9.85042 9.33644 8.34983 6.81576 6.84596 5.69711 5.64878 6.24152 6.43548 6.33946 5.97087 5.38733 5.49249 5.94975 6.06748 6.74625 7.59105 8.41683 8.5574 8.71646 8.72506 8.7293 8.74369 8.74678 8.731 8.69021 8.5982 7.91776 7.10832 6.61027 5.92434 5.8425 7.16433 7.68728 7.98676 8.27476 8.38871
-9999 -9999 -9999 -9999 -9999 -9999 -9999 -9999 3.23175 5.12046 6.51789 6.89379 8.13249 8.80101 9.31811 9.43207 10.9088 10.9892 10.6607 10.1489 9.27245 7.68375 6.5763 4.73472 3.41051 3.95885 4.2093 4.69416 4.54974 5.33617 7.20638 9.15502 9.36706 8.12826 8.31143 8.57055 9.15152 8.85744 6.76679 5.70527 4.82459 5.45273 6.1137 6.27529 6.3095 6.18478 6.04792 5.80088 6.68547 7.34068 7.49465 8.06598 8.48828 8.60644 8.69581 8.70843 8.72107 8.72276 8.69971 8.68327 8.57912 8.34415 7.58264 5.74966 5.83645 5.63924 5.06988 6.35203 7.17595 7.90446 8.29159 8.39153
-9999 -9999 -9999 -9999 -9999 -9999 -9999 -9999 2.60288 4.7884 5.24979 5.21512 4.49097 4.82356 7.50575 8.04514 9.46126 10.802 10.7021 10.1998 9.37948 8.43249 6.96714 4.89597 3.24984 2.56005 4.32961 6.06353 6.42112 6.9748 8.12038 8.33744 7.07116 5.88384 6.54994 6.95127 8.48079 8.76034 8.46376 7.20459 5.76503 5.01441 5.90394 6.02457 6.08001 6.0929 6.06909 6.04437 7.04149 7.59439 7.97866 8.18896 8.55192 8.64641 8.67796 8.70758 8.70269 8.68556 8.62991 8.56631 8.28223 7.93802 6.68968 5.64904 5.00042 4.17686 6.03565 6.57849 7.34837 7.84532 8.22999 8.31397
