Test_Spring_2018/04_18/Temp/20180410_006.txt
ncols	170
nrows	115
xllcorner	350000.000000
yllcorner	4445000.000000
cellsize	1000.000000
nodata_value	-9999.000000
[rows 32 to 63 of 115, columns 72 to 143 of 170]
12.9109 12.6361 13.0628 13.4558 13.2158 13.0578 13.7021 13.703 13.4839 12.9682 12.7796 12.584 12.4645 11.8025 9.94383 8.26824 9.1671 9.18898 8.56837 9.68256 9.09455 7.56 5.39354 6.57139 6.26502 4.72591 4.34617 -9999 -9999 -9999 -9999 -9999 -9999 -9999 -9999 -9999 -9999 -9999 -9999 -9999 -9999 -9999 -9999 -9999 -9999 -9999 -9999 -9999 -9999 -9999 -9999 -9999 -9999 -9999 -9999 -9999 -9999 -9999 -9999 -9999 -9999 -9999 -9999 -9999 -9999 -9999 -9999 -9999 -9999 -9999 -9999 -9999
12.5347 12.4172 13.0511 13.0387 12.9985 13.2274 13.6276 13.7082 13.6234 13.399 13.2048 12.9982 12.4726 11.7153 10.1247 8.21734 7.78527 8.71975 8.76512 8.91572 8.37995 7.7068 6.65345 7.51659 7.85192 6.83843 5.51665 4.66635 -9999 -9999 -9999 -9999 -9999 -9999 -9999 -9999 -9999 -9999 -9999 -9999 -9999 -9999 -9999 -9999 -9999 -9999 -9999 -9999 -9999 -9999 -9999 -9999 -9999 -9999 -9999 -9999 -9999 -9999 -9999 -9999 -9999 -9999 -9999 -9999 -9999 -9999 -9999 -9999 -9999 -9999 -9999 -9999
12.0874 11.4743 11.8568 12.1441 12.6737 12.8116 12.892 13.648 13.609 13.5749 13.2534 12.9965 12.5702 11.8414 10.8033 9.55326 7.37604 8.71967 9.77188 9.74554 9.68848 9.21709 8.20521 9.0525 9.09257 7.79828 6.33062 5.46703 5.10991 -9999 -9999 -9999 -9999 -9999 -9999 -9999 -9999 -9999 -9999 -9999 -9999 -9999 -9999 -9999 -9999 -9999 -9999 -9999 -9999 -9999 -9999 -9999 -9999 -9999 -9999 -9999 -9999 -9999 -9999 -9999 -9999 -9999 -9999 -9999 -9999 -9999 -9999 -9999 -9999 -9999 -9999 -9999
11.5798 10.8308 11.2156 11.7288 12.4523 12.8248 13.1105 13.3373 13.5685 13.5423 13.2132 12.2395 12.1012 12.0599 11.3813 9.95604 8.53264 8.16442 9.76929 10.2291 10.1361 10.4948 9.63779 10.0435 9.87767 9.42013 8.00423 6.71723 6.1848 5.13247 -9999 -9999 -9999 -9999 -9999 -9999 -9999 -9999 -9999 -9999 -9999 -9999 -9999 -9999 -9999 -9999 -9999 -9999 -9999 -9999 -9999 -9999 -9999 -9999 -9999 -9999 -9999 -9999 -9999 -9999 -9999 -9999 -9999 -9999 -9999 -9999 -9999 -9999 -9999 -9999 -9999 -9999
-9999 -9999 10.3526 11.0506 11.6277 12.3344 12.9448 13.2515 13.5494 13.5265 12.8678 12.5461 12.5188 12.0745 11.2909 10.7994 9.90349 8.97001 9.32757 10.6963 10.0883 11.0581 10.9766 11.1551 10.5076 9.27874 7.63605 6.67983 6.20359 5.35097 -9999 -9999 -9999 -9999 -9999 -9999 -9999 -9999 -9999 -9999 -9999 -9999 -9999 -9999 -9999 -9999 -9999 -9999 -9999 -9999 -9999 -9999 -9999 -9999 -9999 -9999 -9999 -9999 -9999 -9999 -9999 -9999 -9999 -9999 -9999 -9999 -9999 -9999 -9999 -9999 -9999 -9999
-9999 -9999 -9999 10.9154 11.3551 12.3011 12.789 12.9884 13.4684 13.4704 13.2215 13.0338 12.761 12.4043 11.8156 11.166 10.3235 10.2462 11.122 11.1335 10.9514 11.0956 11.5457 11.4277 10.4241 8.69407 7.77985 5.91807 5.12235 5.20433 4.64053 -9999 -9999 -9999 -9999 -9999 -9999 -9999 -9999 -9999 -9999 -9999 -9999 6.80635 -9999 -9999 -9999 -9999 -9999 -9999 -9999 -9999 -9999 -9999 -9999 -9999 -9999 -9999 -9999 -9999 -9999 -9999 -9999 -9999 3.41443 -9999 -9999 -9999 -9999 -9999 -9999 -9999
-9999 -9999 10.8221 11.4105 11.8712 12.4647 12.5224 12.8758 13.4275 13.4366 13.2604 13.0611 12.6118 12.5011 12.1664 11.461 11.3174 11.6044 11.7371 11.8873 11.98 11.906 11.7245 11.4897 10.8419 10.0397 9.50138 7.8003 6.94253 6.12146 4.87853 3.90638 -9999 -9999 -9999 -9999 -9999 -9999 -9999 6.15153 6.10567 6.12797 6.40085 7.15387 6.71136 -9999 -9999 -9999 -9999 -9999 -9999 -9999 -9999 -9999 -9999 -9999 -9999 -9999 -9999 -9999 -9999 -9999 -9999 -9999 4.08976 3.11122 -9999 -9999 -9999 -9999 -9999 -9999
-9999 -9999 10.9716 11.5938 11.9053 12.4819 12.8124 13.0281 13.2202 13.4037 13.374 13.1534 12.8171 12.8202 12.3565 12.1069 11.9289 12.3169 12.3943 12.2398 12.0457 11.8742 11.3876 11.3319 11.1721 10.6632 9.82733 8.96602 7.71916 6.03167 4.37685 3.04228 -9999 -9999 -9999 -9999 -9999 -9999 6.28643 6.91243 7.28753 6.49101 7.17178 7.79392 7.69447 7.08928 -9999 -9999 -9999 -9999 -9999 -9999 -9999 -9999 -9999 -9999 -9999 -9999 -9999 -9999 8.72523 7.72186 5.69439 4.65548 4.03248 3.14277 -9999 -9999 -9999 -9999 -9999 -9999
-9999 -9999 10.8406 11.5754 12.0736 12.5161 12.5881 13.0418 13.2387 13.3378 13.3273 13.2843 13.2232 12.8186 12.6451 12.0331 12.6204 12.5991 12.4516 11.8649 11.6111 10.6032 10.1601 10.0601 10.9091 10.2828 8.97437 7.3386 5.37377 5.24302 4.59335 3.40076 -9999 -9999 -9999 -9999 -9999 -9999 6.47513 7.14467 7.70345 7.78498 6.9931 8.09856 8.0543 7.43555 7.29497 7.80191 8.05892 7.86712 8.47119 8.64892 8.37628 8.67663 -9999 -9999 -9999 -9999 8.85837 8.89955 8.93074 8.51296 6.29792 4.78528 3.42705 3.30148 -9999 -9999 -9999 -9999 -9999 -9999
-9999 -9999 11.3403 11.7935 12.0235 12.0623 12.4596 12.8563 13.0998 13.2788 13.2441 13.2306 13.2162 13.0784 12.757 12.8159 12.7908 12.6037 11.4862 10.1817 10.7517 9.97712 8.31855 9.66679 10.408 9.69831 8.11272 6.27406 5.67351 5.69627 4.79249 3.6308 -9999 -9999 -9999 4.6398 5.59879 5.68315 5.96642 6.85937 7.53865 8.04905 8.39744 8.38539 8.01751 7.41214 6.7542 6.98834 8.17118 8.45966 8.70089 8.88506 8.63202 8.76639 9.0834 9.24761 9.28151 9.20782 9.19148 9.21794 9.18076 8.79099 6.80861 5.6749 4.95184 3.49947 -9999 -9999 -9999 -9999 -9999 -9999
-9999 -9999 11.0504 11.4448 11.7646 12.2927 12.3502 12.6857 12.8854 13.1804 13.2146 12.8708 13.1567 13.1208 13.0684 12.9563 12.7916 11.8484 10.5481 9.24453 8.64326 8.90057 7.90355 8.41631 9.16744 8.89392 7.92319 6.28527 6.05514 5.67555 4.15207 2.68827 -9999 -9999 2.77521 4.61439 5.90969 6.57828 6.78594 6.80648 7.66219 7.72962 8.65045 8.43414 7.21606 7.35267 6.87656 7.18316 7.61817 7.73718 8.36083 8.96008 9.07402 9.07734 9.27947 9.32166 9.33312 9.32864 9.19282 9.25593 9.26611 9.02332 7.58798 6.88838 6.11749 3.51539 -9999 -9999 -9999 -9999 -9999 -9999
-9999 -9999 11.2438 11.6846 12.1669 12.2465 12.6041 12.568 12.4683 12.9658 13.1478 12.9053 12.731 13.0547 13.0332 12.9912 12.9215 12.0352 11.0094 9.45609 8.49128 7.90134 7.48282 6.92424 7.31044 7.19342 7.03626 7.21878 6.76889 5.87127 4.98132 3.31286 2.41224 -9999 2.8689 3.69957 5.23994 6.54905 7.38029 7.08237 8.05533 8.23597 8.79646 8.46691 7.72705 7.40978 7.38124 7.28394 7.9388 8.37763 8.6882 8.89628 9.1544 9.22088 9.28775 9.31616 9.33199 9.34799 9.34535 9.34084 9.31239 9.22149 8.56184 7.86357 6.35398 3.59637 -9999 -9999 -9999 -9999 -9999 -9999
-9999 9.95574 11.1863 11.9242 12.2111 12.4185 12.6013 12.734 12.8731 13.0021 13.0919 13.0544 12.4107 12.4642 12.5808 12.9474 12.9222 12.8429 12.2825 10.3922 9.73922 8.78591 7.55008 7.03353 7.29288 8.30779 8.26348 7.59297 6.84562 5.81223 5.15459 4.13313 2.16979 2.3475 3.23276 3.89178 4.93905 6.53907 7.66083 8.16163 8.35096 8.74466 8.94943 8.49825 8.06802 7.88704 7.55203 7.50461 7.507 7.90266 8.2109 8.8968 9.12831 9.23352 9.28823 9.31809 9.34004 9.36163 9.3696 9.35711 9.35846 9.35368 9.30581 8.37608 6.04891 4.29795 -9999 -9999 -9999 -9999 -9999 -9999
-9999 -9999 10.9522 11.278 11.3647 11.5147 11.8198 12.1711 12.6682 12.7332 13.0073 13.0064 12.4515 11.8109 12.3705 12.5933 12.8242 12.832 12.7606 11.1722 10.3419 9.6885 8.5036 8.9319 9.33936 9.37125 9.12704 7.68837 6.25552 4.60331 3.05971 2.98668 2.15616 2.59598 3.18121 4.68172 5.73798 6.16685 6.47498 8.10112 8.52397 8.66951 9.0856 8.51795 8.37382 7.94713 8.07368 8.03618 8.03852 6.85713 8.04194 8.11219 8.8846 9.23153 9.31026 9.33263 9.35641 9.36098 9.36631 9.36356 9.37211 9.36115 9.34897 8.74499 5.79378 4.31401 -9999 -9999 -9999 -9999 -9999 -9999
-9999 -9999 -9999 -9999 11.0525 11.3013 11.4612 11.7366 12.5772 12.8045 12.9558 12.9695 12.7227 12.0882 11.9218 12.0391 11.4203 11.9399 12.6499 12.6333 12.5484 11.1524 10.4385 11.1316 10.9223 9.87307 9.04751 8.23268 6.555 5.32717 3.55798 2.22965 2.18039 3.6481 4.86686 6.38525 7.05584 6.67582 7.08942 7.89732 8.81485 9.25852 9.15398 8.5556 8.47138 7.81352 8.45965 8.51482 8.21411 7.95425 8.05739 8.43943 8.58536 9.18974 9.33648 9.36243 9.36803 9.37147 9.36978 9.36717 9.36047 9.3549 9.34725 9.32086 6.28731 3.9289 -9999 -9999 -9999 -9999 -9999 -9999
-9999 -9999 -9999 -9999 10.4634 10.6157 11.0127 12.0294 12.5617 12.7776 12.7713 12.8716 12.6978 12.1398 11.5671 11.027 10.3304 10.7305 11.7871 12.4106 12.4826 11.259 11.8972 11.6597 11.1905 9.81792 8.80665 8.27097 6.66036 5.28162 4.10486 2.47975 3.17601 3.94279 4.92752 6.58374 7.70174 8.16165 7.77734 8.2942 9.35 9.3562 8.77916 8.81669 8.46465 7.56571 8.50125 8.76439 8.55201 8.60695 8.52741 8.66961 8.92876 9.1768 9.34197 9.36475 9.36784 9.36335 9.36395 9.36531 9.35448 9.35624 9.34865 9.3342 7.37657 3.87844 -9999 -9999 -9999 -9999 -9999 -9999
-9999 -9999 -9999 -9999 -9999 9.92881 10.8325 12.1816 12.5168 12.4874 12.7667 12.7916 12.5244 12.2925 11.5971 10.6467 8.82021 9.28691 10.2597 11.662 12.3995 12.3015 11.8927 11.1823 9.46162 7.95589 7.77396 7.52829 6.35315 5.29164 3.98326 4.74257 5.57431 6.48424 6.96282 6.8398 7.7979 8.57917 8.2488 8.88273 9.62197 9.28739 9.08952 8.92335 8.5166 8.49203 8.5344 9.06568 8.69795 8.92383 8.92911 8.91641 9.04249 9.18774 9.34047 9.36589 9.36682 9.37011 9.35324 9.36033 9.35249 9.34484 9.338 9.32582 9.14981 7.26666 6.14146 -9999 -9999 -9999 -9999 -9999
-9999 -9999 -9999 -9999 -9999 9.09061 9.54214 11.1396 11.633 12.3393 12.7147 12.7329 12.2812 12.03 10.9932 10.6576 8.96829 8.20407 8.85489 8.60758 10.5381 12.2465 11.8759 8.43121 7.18433 6.29527 6.52505 6.52828 6.20192 4.39395 3.89604 5.51698 6.53794 7.32922 7.92974 8.05563 8.03608 9.25766 9.42057 9.81785 9.73225 9.76945 9.15361 8.77249 9.10513 8.72103 8.65543 9.20432 8.66371 9.15264 9.09455 8.94783 8.94029 9.2626 9.32814 9.36293 9.36549 9.35361 9.3383 9.32978 9.34123 9.33748 9.32082 9.32304 9.30691 9.08502 8.11104 7.77196 8.15201 -9999 -9999 -9999
-9999 -9999 -9999 -9999 -9999 -9999 8.04782 10.2672 11.2811 11.8147 12.5654 12.6567 12.4171 11.9815 10.9255 9.99703 8.48703 6.7625 5.84955 8.58706 10.9699 12.2143 12.0519 9.18482 8.05406 8.00282 8.67075 8.10929 7.68367 6.31012 5.90012 5.32986 5.68271 6.7851 7.68605 8.55505 9.18716 9.23972 9.65029 9.88581 9.90574 9.97993 9.90787 9.84904 9.25412 9.66507 9.3167 9.5018 9.3828 9.27537 9.18258 8.84245 9.08293 9.29599 9.35113 9.36807 9.35564 9.35328 9.34511 9.32622 9.31769 9.31746 9.31672 9.3072 9.30852 9.30045 9.19299 8.60782 7.82381 6.8328 -9999 -9999
-9999 -9999 -9999 -9999 -9999 -9999 6.93386 9.14239 10.2065 11.5767 12.2819 12.5693 12.5324 12.1796 11.3774 10.1697 9.16392 7.2386 5.23955 8.1124 10.6723 12.0544 12.1292 9.71946 10.3891 9.85036 10.0696 9.08194 8.6723 8.34907 7.64004 6.86457 6.01577 5.5677 7.58887 8.62717 9.46295 9.85756 10.0811 10.1931 10.1345 9.98202 9.08525 9.76957 9.7327 9.66478 9.58683 9.54914 9.4784 9.39501 9.34547 9.32798 9.10217 9.35811 9.35206 9.35561 9.35712 9.35096 9.33898 9.32883 9.31626 9.317 9.30895 9.30154 9.29695 9.29641 9.291 9.26062 9.10656 7.77496 6.97924 6.75703
-9999 -9999 -9999 -9999 -9999 -9999 3.82645 7.03885 9.61993 10.9688 12.0674 12.3696 12.483 12.0094 11.6555 10.7901 9.97078 8.70626 6.81166 5.6458 7.79699 10.9242 12.0778 11.9886 11.9179 11.2948 10.7333 10.6635 10.707 10.0535 9.09961 7.85337 7.46549 7.02912 8.5347 8.7396 8.63046 10.2859 10.2905 10.1973 9.565 8.85741 8.99263 8.55251 8.88812 8.3653 8.84628 9.26203 9.41731 9.40445 9.34902 9.34211 9.31706 9.36097 9.36011 9.353 9.34776 9.34528 9.33978 9.32146 9.31165 9.31989 9.30706 9.29877 9.28953 9.29093 9.2891 9.267 9.24709 9.04382 8.7373 8.15087
-9999 -9999 -9999 -9999 -9999 -9999 3.9581 6.65982 8.95182 10.3277 11.6496 11.9569 12.4035 12.3081 11.9374 11.1853 10.2455 9.20495 7.5797 6.37222 7.81183 9.88794 11.3755 11.9089 11.9044 11.8699 11.7299 11.6722 11.509 11.3933 10.7097 9.53297 8.86801 7.89452 9.57226 9.76109 9.49942 10.3371 10.2958 9.03079 8.05829 7.93769 8.53239 7.96823 7.86852 7.51486 7.91232 8.9772 8.6667 8.72798 9.21043 9.28972 9.33985 9.35334 9.34987 9.34762 9.33968 9.34141 9.34332 9.32531 9.31765 9.31458 9.29759 9.29417 9.28297 9.27655 9.26803 9.25686 9.23876 9.18211 9.12194 9.18997
-9999 -9999 -9999 -9999 -9999 -9999 4.00679 5.82442 7.88707 9.91226 11.3239 11.8938 12.3089 12.3053 11.8742 11.5008 10.9121 9.99676 9.36941 8.27941 6.78302 9.29576 10.0667 10.7546 11.0447 11.7624 11.746 11.4188 11.0376 11.3921 11.2893 10.3576 10.0516 9.53457 10.4679 10.4707 10.4453 10.3959 9.32722 7.84151 6.65412 7.50973 7.3317 7.7251 6.50882 7.51067 8.31599 8.57719 8.02767 7.62156 8.87677 9.08394 9.20741 9.28652 9.33855 9.32612 9.33928 9.33245 9.32952 9.32642 9.31676 9.31148 9.30189 9.29212 9.28107 9.27604 9.26346 9.25006 9.25052 9.21876 9.20799 9.19792
-9999 -9999 -9999 -9999 -9999 -9999 -9999 4.74583 7.36101 9.69531 10.9953 11.8131 12.2118 12.2054 11.9854 11.7321 11.3673 10.7071 9.87771 8.56645 7.59344 8.21338 8.96858 9.05396 9.55712 11.0139 11.5122 10.8084 9.067 10.0968 11.2444 11.2263 11.1289 11.0198 10.8789 10.7531 10.4774 9.73789 7.47131 7.02715 6.13853 6.24033 5.78475 6.78225 6.40918 7.43322 7.87704 8.04453 7.09786 7.29818 8.40937 8.84933 8.77599 9.04604 9.30206 9.31084 9.31871 9.31271 9.31912 9.3222 9.31908 9.31075 9.30375 9.29907 9.27772 9.28275 9.20019 9.14713 9.03776 9.17681 9.19148 9.19918
-9999 -9999 -9999 -9999 -9999 -9999 -9999 4.22001 6.82925 9.57817 10.4614 11.3429 12.1039 12.1196 11.7829 11.4629 11.1333 10.7579 9.75161 8.77587 7.84445 7.53272 7.72203 7.70661 8.51985 10.4173 10.7855 10.6299 8.81205 8.19673 9.72965 11.018 11.1199 11.0036 9.48864 9.81202 8.99511 7.88701 7.58262 7.09812 6.07335 6.56779 5.81729 6.13998 6.05381 6.63533 6.91893 7.61028 6.78532 6.78942 7.88049 8.43125 8.44504 9.02323 9.22958 9.28401 9.29823 9.30881 9.31235 9.32272 9.31885 9.31196 9.30242 9.2766 9.21262 9.00973 7.91632 7.91946 8.22217 8.50868 9.02841 9.17505
-9999 -9999 -9999 -9999 -9999 -9999 -9999 4.51452 6.32542 8.76469 10.5717 10.6861 11.5651 12.0192 11.6531 11.2408 10.8191 10.6354 9.54003 8.33679 7.36492 6.21433 6.40542 7.23384 8.58552 9.81159 10.0317 9.77947 8.80633 9.26786 10.3135 10.869 11.0332 10.905 10.5755 10.3854 9.78405 9.52384 8.68845 7.38183 6.86767 7.19457 5.80729 5.90491 6.41868 5.8733 6.77249 7.20287 6.13763 6.98398 7.9497 8.4435 8.8753 9.07987 9.16171 9.28713 9.29115 9.30255 9.30935 9.30876 9.31008 9.29131 9.27607 9.16117 8.99094 7.97011 7.54515 7.63037 8.1046 8.52002 8.95417 9.13281
-9999 -9999 -9999 -9999 -9999 -9999 -9999 4.8158 6.44633 8.56145 9.85009 10.0813 11.056 11.9228 11.8271 11.3981 11.2682 10.8237 9.89487 8.86889 7.74741 7.20289 5.94934 7.1861 8.16227 9.20072 9.68709 8.88821 8.48663 9.20012 9.90939 10.1931 10.9094 10.9032 10.6707 9.666 9.17647 9.38448 9.17463 8.80656 7.9074 7.86806 7.29065 7.05183 6.8262 6.09113 6.56014 6.60733 6.73424 7.75049 8.25328 8.58675 8.89013 8.9701 9.10238 9.27399 9.28981 9.29684 9.29708 9.3014 9.29003 9.24267 9.20298 8.9701 8.55679 7.78438 6.53129 7.41674 8.34254 8.6194 8.88953 9.03036
-9999 -9999 -9999 -9999 -9999 -9999 -9999 4.53094 6.26298 8.0708 8.82714 8.95628 10.7196 11.7997 11.8025 11.5996 11.3626 10.263 10.3287 10.1098 9.09823 7.62421 6.00523 6.15848 7.12359 8.4934 8.9478 7.62536 7.1581 7.50349 8.57564 9.53541 10.5375 10.7926 10.4996 8.93526 7.27282 8.04504 8.87011 8.86635 8.6253 7.79142 7.52708 7.28779 6.6794 5.64801 5.79951 6.0866 7.24013 7.60515 8.16889 8.63717 8.46122 8.56491 9.01308 9.27057 9.28103 9.28647 9.29587 9.29099 9.27672 9.18099 9.07957 8.90857 7.82869 7.1576 6.18194 7.31911 7.95053 8.2871 8.88827 9.03249
-9999 -9999 -9999 -9999 -9999 -9999 -9999 3.98785 5.24499 6.97295 7.66987 8.78102 10.4474 11.2675 11.6612 11.6535 11.4959 11.0041 10.7089 10.1261 9.07367 7.63424 6.03405 4.99275 5.52397 7.36565 7.80441 6.58349 5.96305 6.73807 7.88068 9.57203 10.5388 10.67 10.5835 10.2616 9.04808 7.58175 7.58756 8.32421 7.7093 6.99445 7.38872 7.31652 6.71581 6.27896 6.01159 6.17811 6.83652 7.10867 7.75993 8.72095 8.85909 8.83243 9.23748 9.25844 9.26866 9.28475 9.28515 9.28235 9.27115 9.19317 9.01726 8.29871 7.67222 6.80023 6.6932 7.70648 8.15038 8.56371 8.8591 8.95605
-9999 -9999 -9999 -9999 -9999 -9999 -9999 3.05797 4.53685 6.15558 7.67133 9.10544 10.3399 10.4361 11.0877 11.0878 11.4297 11.3332 10.8774 10.3867 9.48008 7.63061 6.07566 4.37972 4.82835 6.70766 6.95494 6.13722 4.62549 6.18863 7.91231 9.47457 10.3207 9.659 10.339 10.284 9.82988 8.95732 7.60014 7.62661 6.60967 6.56611 7.08945 7.25974 7.17329 6.84552 6.32081 6.41079 6.81107 6.91316 7.51178 8.25749 8.98659 9.10967 9.24934 9.25608 9.25915 9.27133 9.27363 9.2593 9.22288 9.14115 8.53879 7.82226 7.38115 6.77374 6.70071 7.87124 8.3357 8.59571 8.85094 8.95224
-9999 -9999 -9999 -9999 -9999 -9999 -9999 -9999 4.37812 6.05038 7.28803 7.62196 8.71929 9.31225 9.77134 9.87385 11.1821 11.2552 10.9666 10.516 9.7429 8.33977 7.36251 5.73584 4.56696 5.04787 5.27286 5.704 5.57834 6.27611 7.93259 9.65829 9.84742 8.75276 8.91592 9.14603 9.66063 9.4008 7.55122 6.61185 5.8322 6.38715 6.97089 7.11258 7.14138 7.02942 6.89822 6.67646 7.45696 8.03464 8.16903 8.67286 9.04505 9.14838 9.22644 9.23679 9.24733 9.24831 9.22751 9.21264 9.1202 8.91204 8.23801 6.61601 6.69241 6.5175 6.01331 7.15438 7.87466 8.5198 8.86298 8.95215
-9999 -9999 -9999 -9999 -9999 -9999 -9999 -9999 3.81441 5.74909 6.15844 6.12898 5.48963 5.7853 8.15982 8.63872 9.89343 11.0816 10.9954 10.5533 9.83007 8.99485 7.70115 5.87156 4.41807 3.8082 5.37245 6.90941 7.22805 7.72005 8.73558 8.92946 7.8108 6.76178 7.35227 7.70826 9.06209 9.30978 9.04746 7.93323 6.65911 5.99423 6.78015 6.88557 6.93313 6.94289 6.91775 6.88612 7.76688 8.25405 8.59221 8.77666 9.09639 9.17881 9.20578 9.23122 9.22631 9.21069 9.16111 9.10457 8.85301 8.54826 7.44361 6.52268 5.94856 5.21963 6.8638 7.35097 8.02908 8.46421 8.80542 8.88068
