Test_Spring_2018/04_18/Temp/20180406_004.txt
ncols	170
nrows	115
xllcorner	350000.000000
yllcorner	4445000.000000
cellsize	1000.000000
nodata_value	-9999.000000
[rows 32 to 63 of 115, columns 72 to 143 of 170]
11.4111 11.1913 11.5443 11.8698 11.6726 11.547 12.0761 12.0814 11.9071 11.4905 11.3412 11.1862 11.0934 10.5577 9.04474 7.68135 8.42036 8.44322 7.94141 8.85628 8.38105 7.13284 5.36855 6.33527 6.0899 4.83842 4.53489 -9999 -9999 -9999 -9999 -9999 -9999 -9999 -9999 -9999 -9999 -9999 -9999 -9999 -9999 -9999 -9999 -9999 -9999 -9999 -9999 -9999 -9999 -9999 -9999 -9999 -9999 -9999 -9999 -9999 -9999 -9999 -9999 -9999 -9999 -9999 -9999 -9999 -9999 -9999 -9999 -9999 -9999 -9999 -9999 -9999
11.1055 11.0141 11.5363 11.5307 11.5002 11.6868 12.0166 12.0871 12.0224 11.8437 11.6899 11.526 11.1015 10.4879 9.1939 7.64126 7.29337 8.06145 8.10347 8.2314 7.7988 7.254 6.39867 7.10838 7.38702 6.56693 5.49188 4.80175 -9999 -9999 -9999 -9999 -9999 -9999 -9999 -9999 -9999 -9999 -9999 -9999 -9999 -9999 -9999 -9999 -9999 -9999 -9999 -9999 -9999 -9999 -9999 -9999 -9999 -9999 -9999 -9999 -9999 -9999 -9999 -9999 -9999 -9999 -9999 -9999 -9999 -9999 -9999 -9999 -9999 -9999 -9999 -9999
10.7419 10.2458 10.5626 10.8017 11.235 11.3471 11.4174 12.0393 12.012 11.9888 11.731 11.526 11.1827 10.5924 9.74956 8.73365 6.96061 8.06279 8.92699 8.9104 8.8687 8.48862 7.66714 8.36386 8.40137 7.35318 6.15677 5.45673 5.17033 -9999 -9999 -9999 -9999 -9999 -9999 -9999 -9999 -9999 -9999 -9999 -9999 -9999 -9999 -9999 -9999 -9999 -9999 -9999 -9999 -9999 -9999 -9999 -9999 -9999 -9999 -9999 -9999 -9999 -9999 -9999 -9999 -9999 -9999 -9999 -9999 -9999 -9999 -9999 -9999 -9999 -9999 -9999
10.3291 9.72191 10.0406 10.464 11.0575 11.363 11.5972 11.7869 11.9803 11.9636 11.6996 10.9092 10.8011 10.7723 10.2229 9.06399 7.90653 7.61076 8.92625 9.30661 9.23554 9.53333 8.83826 9.17432 9.04369 8.67629 7.52673 6.47873 6.04914 5.19503 -9999 -9999 -9999 -9999 -9999 -9999 -9999 -9999 -9999 -9999 -9999 -9999 -9999 -9999 -9999 -9999 -9999 -9999 -9999 -9999 -9999 -9999 -9999 -9999 -9999 -9999 -9999 -9999 -9999 -9999 -9999 -9999 -9999 -9999 -9999 -9999 -9999 -9999 -9999 -9999 -9999 -9999
-9999 -9999 9.33733 9.90999 10.3846 10.9639 11.4632 11.7182 11.9661 11.952 11.4188 11.1609 11.1435 10.7855 10.1505 9.75405 9.02738 8.26999 8.56689 9.68945 9.19785 9.99458 9.93277 10.0833 9.55926 8.56109 7.22707 6.44915 6.06542 5.37436 -9999 -9999 -9999 -9999 -9999 -9999 -9999 -9999 -9999 -9999 -9999 -9999 -9999 -9999 -9999 -9999 -9999 -9999 -9999 -9999 -9999 -9999 -9999 -9999 -9999 -9999 -9999 -9999 -9999 -9999 -9999 -9999 -9999 -9999 -9999 -9999 -9999 -9999 -9999 -9999 -9999 -9999
-9999 -9999 -9999 9.80093 10.1633 10.94 11.3373 11.5046 11.9011 11.9074 11.7089 11.5604 11.3425 11.0561 10.5803 10.0548 9.37168 9.3135 10.0336 10.0479 9.9039 10.0265 10.3988 10.3071 9.49354 8.08474 7.34297 5.82796 5.18327 5.25538 4.80018 -9999 -9999 -9999 -9999 -9999 -9999 -9999 -9999 -9999 -9999 -9999 -9999 6.64652 -9999 -9999 -9999 -9999 -9999 -9999 -9999 -9999 -9999 -9999 -9999 -9999 -9999 -9999 -9999 -9999 -9999 -9999 -9999 -9999 4.02579 -9999 -9999 -9999 -9999 -9999 -9999 -9999
-9999 -9999 9.72369 10.2058 10.5861 11.0748 11.1243 11.4139 11.869 11.881 11.7418 11.5839 11.2218 11.1364 10.868 10.297 10.1846 10.424 10.5372 10.6647 10.7452 10.6895 10.546 10.3588 9.83505 9.18462 8.74979 7.36783 6.67039 6.00498 4.99512 4.20645 -9999 -9999 -9999 -9999 -9999 -9999 -9999 6.08563 6.05456 6.07931 6.30884 6.93061 6.57619 -9999 -9999 -9999 -9999 -9999 -9999 -9999 -9999 -9999 -9999 -9999 -9999 -9999 -9999 -9999 -9999 -9999 -9999 -9999 4.57708 3.78488 -9999 -9999 -9999 -9999 -9999 -9999
-9999 -9999 9.84493 10.3569 10.6152 11.09 11.3639 11.5395 11.7007 11.8552 11.8357 11.6603 11.3906 11.3981 11.0245 10.8256 10.6853 11.0071 11.0752 10.9538 10.8001 10.6647 10.272 10.2311 10.1058 9.69479 9.01688 8.3182 7.30523 5.93218 4.58587 3.50115 -9999 -9999 -9999 -9999 -9999 -9999 6.18956 6.707 7.01972 6.37585 6.93854 7.4535 7.37931 6.89538 -9999 -9999 -9999 -9999 -9999 -9999 -9999 -9999 -9999 -9999 -9999 -9999 -9999 -9999 8.33549 7.52266 5.87364 5.03202 4.53015 3.81056 -9999 -9999 -9999 -9999 -9999 -9999
-9999 -9999 9.73943 10.3432 10.7539 11.1189 11.1816 11.5532 11.7169 11.8024 11.7985 11.7682 11.7232 11.3979 11.2612 10.7665 11.2512 11.2387 11.1232 10.649 10.4465 9.62803 9.27075 9.1941 9.89197 9.38507 8.32118 6.98996 5.38811 5.28858 4.76299 3.79411 -9999 -9999 -9999 -9999 -9999 -9999 6.34346 6.89647 7.35924 7.43247 6.79264 7.70239 7.67626 7.17838 7.07102 7.49242 7.70965 7.56064 8.06386 8.21589 7.99994 8.25173 -9999 -9999 -9999 -9999 8.43132 8.47123 8.50309 8.16845 6.36626 5.13783 4.03561 3.94285 -9999 -9999 -9999 -9999 -9999 -9999
-9999 -9999 10.1489 10.5226 10.7141 10.7494 11.0775 11.4026 11.6044 11.7543 11.7307 11.7246 11.7179 11.6104 11.3532 11.4064 11.391 11.2432 10.3355 9.27509 9.74524 9.11789 7.76747 8.87394 9.48376 8.90866 7.61831 6.12131 5.63355 5.65906 4.92583 3.98108 -9999 -9999 -9999 4.82608 5.61483 5.68952 5.92685 6.66227 7.2234 7.64795 7.93939 7.937 7.64625 7.15946 6.62977 6.82853 7.80195 8.04487 8.25195 8.40925 8.20928 8.32419 8.5894 8.72969 8.76348 8.70936 8.70208 8.72983 8.70572 8.3938 6.78311 5.86415 5.2807 4.10512 -9999 -9999 -9999 -9999 -9999 -9999
-9999 -9999 9.91404 10.2397 10.5043 10.9371 10.9877 11.2656 11.4304 11.6747 11.7074 11.4317 11.6702 11.646 11.6085 11.5221 11.3927 10.6276 9.57064 8.51096 8.02463 8.23893 7.42916 7.85323 8.47106 8.25261 7.46292 6.12979 5.94636 5.63939 4.40198 3.21149 -9999 -9999 3.29778 4.80509 5.86844 6.4202 6.59578 6.61879 7.32405 7.38581 8.1447 7.97537 6.99022 7.1094 6.73005 6.98815 7.3498 7.45441 7.97128 8.46981 8.56957 8.57878 8.75012 8.79069 8.80605 8.80834 8.70339 8.76097 8.77545 8.5835 7.41788 6.85329 6.23263 4.11577 -9999 -9999 -9999 -9999 -9999 -9999
-9999 -9999 10.0719 10.4352 10.8325 10.901 11.1965 11.17 11.0904 11.5011 11.6536 11.4606 11.3234 11.593 11.5807 11.5517 11.4999 10.7813 9.94857 8.68489 7.90167 7.4241 7.08668 6.63446 6.95416 6.86293 6.73894 6.89239 6.5297 5.7997 5.07773 3.72162 2.99102 -9999 3.37409 4.05776 5.32119 6.396 7.08081 6.84378 7.64485 7.79913 8.26396 8.00213 7.40755 7.15546 7.13986 7.06813 7.6106 7.97826 8.23956 8.41666 8.63599 8.69675 8.75759 8.78683 8.80567 8.82457 8.82827 8.83052 8.81335 8.74538 8.21318 7.65126 6.42558 4.18181 -9999 -9999 -9999 -9999 -9999 -9999
-9999 9.01923 10.0262 10.632 10.8695 11.0421 11.1949 11.3068 11.4223 11.5313 11.6093 11.583 11.0626 11.1115 11.2121 11.5169 11.5015 11.4419 10.9893 9.45044 8.92162 8.14649 7.14145 6.72462 6.94065 7.77368 7.74175 7.19851 6.59257 5.7518 5.2196 4.39029 2.79302 2.94306 3.67106 4.21449 5.07521 6.38756 7.30961 7.72487 7.88604 8.21442 8.38878 8.02728 7.68543 7.54543 7.27973 7.24888 7.25869 7.58956 7.84912 8.41813 8.61415 8.70789 8.75877 8.78913 8.81287 8.83623 8.84848 8.8441 8.85118 8.85347 8.82201 8.06965 6.17599 4.7542 -9999 -9999 -9999 -9999 -9999 -9999
-9999 -9999 9.8361 10.1052 10.1791 10.3048 10.5573 10.8477 11.2556 11.3129 11.5413 11.5449 11.0966 10.5788 11.0412 11.2286 11.4225 11.434 11.3808 10.0876 9.414 8.88462 7.92111 8.27574 8.61263 8.64283 8.44758 7.27695 6.11114 4.76503 3.50918 3.45435 2.78109 3.14596 3.62889 4.85946 5.72747 6.08341 6.34104 7.67529 8.02719 8.15275 8.49966 8.04347 7.93529 7.59478 7.70612 7.68353 7.69344 6.73659 7.71212 7.77704 8.41508 8.70622 8.77759 8.80177 8.82693 8.83631 8.84629 8.84977 8.86263 8.8606 8.85706 8.37064 5.96767 4.76739 -9999 -9999 -9999 -9999 -9999 -9999
-9999 -9999 -9999 -9999 9.92499 10.1312 10.2651 10.4934 11.1818 11.3716 11.4997 11.5157 11.3192 10.806 10.6756 10.7768 10.2769 10.7061 11.2907 11.2818 11.2169 10.0811 9.50269 10.0729 9.90605 9.05329 8.38323 7.72199 6.35618 5.35663 3.91652 2.83654 2.80121 4.00479 5.00553 6.25066 6.8037 6.49906 6.84281 7.50879 8.26465 8.63384 8.55564 8.07442 8.01518 7.48598 8.02174 8.07493 7.83748 7.63329 7.72561 8.04526 8.17178 8.67234 8.7988 8.8269 8.83715 8.84553 8.8497 8.8532 8.85392 8.85557 8.8558 8.84104 6.37083 4.45304 -9999 -9999 -9999 -9999 -9999 -9999
-9999 -9999 -9999 -9999 9.44461 9.57202 9.89942 10.733 11.1697 11.3502 11.3497 11.4363 11.2994 10.8491 10.3866 9.95112 9.38752 9.71934 10.5871 11.1008 11.1639 10.1689 10.6947 10.5048 10.1257 9.00889 8.18714 7.75381 6.44274 5.31997 4.36362 3.04127 3.61473 4.2459 5.05518 6.41304 7.33143 7.71269 7.4048 7.83316 8.70194 8.71389 8.24985 8.28795 8.01001 7.28399 8.05615 8.27925 8.11399 8.16697 8.11019 8.23405 8.4531 8.66272 8.80427 8.82914 8.83772 8.83958 8.84556 8.85241 8.84943 8.857 8.85723 8.85218 7.26058 4.41206 -9999 -9999 -9999 -9999 -9999 -9999
-9999 -9999 -9999 -9999 -9999 9.01179 9.75294 10.858 11.1337 11.1139 11.3465 11.3717 11.1585 10.9744 10.4119 9.64117 8.15496 8.54118 9.34042 10.4901 11.0968 11.0208 10.6916 10.1156 8.71448 7.4889 7.3444 7.1479 6.19244 5.32873 4.2649 4.88973 5.57383 6.3219 6.71785 6.62266 7.41051 8.05418 7.79034 8.31428 8.92453 8.65818 8.50375 8.3755 8.05286 8.04088 8.08366 8.52574 8.23366 8.42626 8.43879 8.4362 8.54664 8.67236 8.80378 8.83083 8.83749 8.84577 8.8375 8.84892 8.84833 8.84816 8.84895 8.8457 8.70898 7.17927 6.26803 -9999 -9999 -9999 -9999 -9999
-9999 -9999 -9999 -9999 -9999 8.32796 8.69989 10.0078 10.4127 10.9937 11.3048 11.3244 10.9606 10.7606 9.91929 9.65072 8.27656 7.65739 8.19369 7.99631 9.57714 10.9765 10.6784 7.86951 6.85532 6.13335 6.32509 6.33187 6.06958 4.59628 4.19433 5.52281 6.36145 7.01266 7.50821 7.61628 7.60575 8.60892 8.74802 9.07869 9.01531 9.05252 8.55672 8.25287 8.53401 8.22837 8.18294 8.63936 8.20607 8.61347 8.57424 8.46221 8.46355 8.73389 8.79414 8.82887 8.83697 8.83284 8.82575 8.82461 8.83975 8.84272 8.83544 8.84389 8.83768 8.66456 7.87677 7.60765 7.92593 -9999 -9999 -9999
-9999 -9999 -9999 -9999 -9999 -9999 7.48033 9.2962 10.1261 10.5661 11.1836 11.263 11.0719 10.7216 9.86458 9.1118 7.88404 6.48095 5.73975 7.97984 9.93009 10.9505 10.8226 8.48536 7.56605 7.52831 8.0779 7.62359 7.28029 6.16177 5.83164 5.37077 5.66385 6.56912 7.31001 8.02498 8.54663 8.59515 8.93621 9.13515 9.1579 9.22524 9.17343 9.13268 8.6563 8.99982 8.72337 8.88263 8.79356 8.71389 8.64626 8.37626 8.58013 8.76126 8.81304 8.83348 8.82922 8.83292 8.8317 8.82164 8.82119 8.82701 8.83268 8.83148 8.83944 8.84089 8.76064 8.29048 7.65809 6.85676 -9999 -9999
-9999 -9999 -9999 -9999 -9999 -9999 6.57141 8.37848 9.24936 10.3726 10.9529 11.1917 11.1667 10.8839 10.2342 9.25326 8.43719 6.87009 5.2426 7.59284 9.68719 10.8201 10.8852 8.92232 9.47336 9.03755 9.22075 8.4185 8.08833 7.82752 7.25327 6.62488 5.93666 5.57578 7.23156 8.08482 8.7728 9.10066 9.28894 9.38637 9.34474 9.22789 8.50249 9.06851 9.04779 9.00011 8.94435 8.92155 8.87176 8.81162 8.7792 8.77262 8.59566 8.81247 8.81411 8.82328 8.83046 8.83113 8.82687 8.82401 8.81919 8.82635 8.82693 8.82739 8.83044 8.83799 8.84098 8.82376 8.7057 7.62613 6.98422 6.81225
-9999 -9999 -9999 -9999 -9999 -9999 4.03459 6.66154 8.7711 9.8769 10.7775 11.0292 11.1269 10.7454 10.4617 9.76027 9.0964 8.06887 6.52664 5.57935 7.33981 9.89789 10.8435 10.7757 10.7222 10.2176 9.76334 9.71066 9.75057 9.2201 8.44589 7.43312 7.12129 6.77011 8.00488 8.17759 8.09396 9.45141 9.46094 9.39075 8.88054 8.30914 8.42616 8.07536 8.35877 7.93943 8.33995 8.68726 8.82191 8.81921 8.78185 8.78485 8.77164 8.81445 8.82036 8.82087 8.82262 8.82637 8.82749 8.81805 8.81556 8.82791 8.82466 8.82412 8.82479 8.83388 8.83967 8.82908 8.82044 8.66217 8.41962 7.95017
-9999 -9999 -9999 -9999 -9999 -9999 4.14296 6.3505 8.22631 9.35286 10.437 10.6929 11.0626 10.9898 10.6923 10.0833 9.32094 8.47628 7.15397 6.17268 7.35292 9.05167 10.2708 10.7115 10.7114 10.6876 10.5776 10.5351 10.4062 10.3148 9.76148 8.80532 8.26742 7.47767 8.85308 9.0127 8.80452 9.49423 9.46627 8.43911 7.65101 7.5588 8.05109 7.59713 7.52504 7.24541 7.57753 8.45476 8.21 8.26768 8.6694 8.74156 8.78977 8.80768 8.81147 8.81598 8.81559 8.82287 8.83014 8.82106 8.82041 8.8236 8.81558 8.82069 8.81802 8.82066 8.82262 8.82083 8.81352 8.77482 8.73305 8.79813
-9999 -9999 -9999 -9999 -9999 -9999 4.18447 5.66898 7.35757 9.01417 10.1716 10.6418 10.9858 10.9879 10.641 10.3412 9.86547 9.12299 8.61555 7.73018 6.51282 8.56931 9.20194 9.76903 10.0106 10.601 10.5921 10.3293 10.0201 10.3144 10.2352 9.47945 9.23474 8.81776 9.5853 9.59298 9.57784 9.54312 8.67614 7.46875 6.50513 7.21005 7.07106 7.39915 6.41522 7.2415 7.90659 8.12745 7.68795 7.36378 8.39638 8.57306 8.68095 8.7524 8.80151 8.79773 8.81464 8.81501 8.81844 8.82163 8.81946 8.82092 8.81901 8.81714 8.81661 8.82039 8.81711 8.81269 8.82052 8.80397 8.80271 8.80394
-9999 -9999 -9999 -9999 -9999 -9999 -9999 4.78968 6.92746 8.83812 9.90427 10.5768 10.9074 10.9071 10.7324 10.5306 10.2377 9.70351 9.03102 7.96495 7.17499 7.68577 8.30531 8.38056 8.79592 9.99 10.4014 9.83128 8.41185 9.25737 10.1995 10.1898 10.1154 10.0317 9.92159 9.82436 9.60473 9.00649 7.16128 6.80483 6.0852 6.17453 5.80886 6.63028 6.3351 7.1785 7.5482 7.69234 6.92667 7.09766 8.01297 8.3795 8.3267 8.55414 8.77085 8.78442 8.79705 8.79819 8.80933 8.81767 8.82094 8.81911 8.81934 8.82163 8.81294 8.82508 8.76459 8.72839 8.64637 8.76733 8.7868 8.80216
-9999 -9999 -9999 -9999 -9999 -9999 -9999 4.3586 6.49363 8.74289 9.46868 10.1933 10.8196 10.8372 10.5673 10.3109 10.0466 9.74499 8.928 8.13591 7.37992 7.12991 7.28898 7.28027 7.94893 9.503 9.8083 9.68584 8.20358 7.70606 8.96294 10.0202 10.1086 10.019 8.78721 9.05677 8.39522 7.49597 7.25315 6.86336 6.0325 6.44241 5.83582 6.10578 6.04519 6.52705 6.76573 7.33747 6.67101 6.68153 7.58034 8.03721 8.05546 8.53445 8.70962 8.76053 8.77843 8.7932 8.80209 8.81647 8.81921 8.81951 8.81775 8.80283 8.75693 8.60046 7.71589 7.72547 7.97981 8.22104 8.65494 8.78149
-9999 -9999 -9999 -9999 -9999 -9999 -9999 4.59941 6.08253 8.07891 9.55915 9.65719 10.3798 10.7555 10.4613 10.1296 9.79001 9.64482 8.75511 7.77723 6.98822 6.0532 6.21378 6.89478 8.00255 9.00842 9.19282 8.99157 8.1991 8.581 9.44003 9.89885 10.0382 9.93882 9.67517 9.52543 9.0399 8.83306 8.1566 7.09543 6.6815 6.95454 5.82786 5.91393 6.33998 5.90474 6.64596 7.00442 6.14156 6.84039 7.63607 8.04629 8.40577 8.57958 8.65301 8.76189 8.77148 8.78697 8.7986 8.80413 8.8112 8.8019 8.79557 8.70796 8.57533 7.74824 7.4124 7.48889 7.88318 8.22952 8.59312 8.74596
-9999 -9999 -9999 -9999 -9999 -9999 -9999 4.84567 6.1815 7.91317 8.97003 9.16351 9.96417 10.6768 10.6034 10.2579 10.1567 9.79846 9.04473 8.21161 7.30043 6.86037 5.84126 6.85576 7.65684 8.50957 8.91147 8.26106 7.93809 8.5258 9.11013 9.34701 9.93721 9.93757 9.75312 8.93813 8.54394 8.71945 8.55382 8.25907 7.53072 7.50464 7.03926 6.8505 6.67264 6.08247 6.47226 6.51764 6.62904 7.46564 7.88313 8.16229 8.4168 8.48877 8.60334 8.74991 8.76915 8.7811 8.78744 8.79706 8.79386 8.7613 8.73507 8.55118 8.22006 7.59584 6.58392 7.31382 8.07677 8.30982 8.5394 8.66123
-9999 -9999 -9999 -9999 -9999 -9999 -9999 4.61321 6.03193 7.51263 8.13477 8.24481 9.68944 10.5762 10.5832 10.4224 10.2336 9.34037 9.39885 9.22477 8.40337 7.20428 5.88678 6.01649 6.81063 7.93185 8.3077 7.22971 6.85314 7.14026 8.02094 8.80993 9.63353 9.84721 9.61336 8.34139 6.98937 7.62563 8.30513 8.30787 8.11693 7.44197 7.23222 7.04302 6.5525 5.71982 5.85069 6.09186 7.0413 7.34619 7.81332 8.20245 8.06542 8.15668 8.52915 8.74582 8.76067 8.77135 8.78522 8.78739 8.78191 8.70993 8.63336 8.50006 7.62464 7.08317 6.29501 7.23339 7.75585 8.03972 8.53739 8.66188
-9999 -9999 -9999 -9999 -9999 -9999 -9999 4.16981 5.20069 6.61615 7.18972 8.10165 9.46709 10.1415 10.4677 10.4662 10.3422 9.94534 9.70902 9.23781 8.38309 7.21228 5.91015 5.0644 5.50278 7.01072 7.37333 6.37874 5.87709 6.51506 7.45328 8.83968 9.6344 9.74694 9.68169 9.42429 8.43888 7.24709 7.25755 7.86494 7.36868 6.7909 7.11895 7.06616 6.58185 6.23144 6.02337 6.16708 6.71102 6.93995 7.47844 8.26984 8.38919 8.37391 8.71111 8.73458 8.74922 8.76862 8.77516 8.7791 8.77618 8.71876 8.58144 8.00105 7.49592 6.79041 6.70967 7.54892 7.91841 8.26469 8.51257 8.59838
-9999 -9999 -9999 -9999 -9999 -9999 -9999 3.4105 4.62241 5.94863 7.19083 8.36644 9.37907 9.46232 9.99907 10.0039 10.2879 10.2138 9.84633 9.45036 8.71473 7.20909 5.94393 4.56361 4.93457 6.47549 6.67688 6.01408 4.78457 6.06612 7.47884 8.75979 9.45599 8.92096 9.48162 9.44225 9.07693 8.37002 7.26743 7.29486 6.4703 6.44071 6.87415 7.01936 6.95497 6.69358 6.27482 6.35651 6.68949 6.77945 7.27485 7.89032 8.49217 8.59908 8.71949 8.7313 8.74008 8.75628 8.7644 8.75896 8.73551 8.67509 8.18959 7.61091 7.25723 6.76781 6.71485 7.6796 8.06894 8.28988 8.50491 8.5942
-9999 -9999 -9999 -9999 -9999 -9999 -9999 -9999 4.49274 5.86259 6.87763 7.15477 8.05539 8.54422 8.92378 9.01222 10.0854 10.1498 9.91891 9.55566 8.92909 7.78796 6.99458 5.67083 4.7209 5.11933 5.30297 5.66001 5.56237 6.1372 7.495 8.90939 9.06904 8.18039 8.31899 8.51236 8.93814 8.73159 7.22691 6.46562 5.83484 6.29403 6.7768 6.89864 6.92836 6.84317 6.74701 6.57225 7.21616 7.69441 7.81062 8.22847 8.53877 8.62946 8.69948 8.71418 8.72902 8.73606 8.72534 8.71948 8.65033 8.48674 7.94278 6.62473 6.69373 6.55755 6.15253 7.09182 7.69348 8.22695 8.51376 8.5931
-9999 -9999 -9999 -9999 -9999 -9999 -9999 -9999 4.03228 5.61635 5.95492 5.93523 5.4176 5.66362 7.60736 8.00316 9.03256 10.0076 9.94208 9.58583 8.99998 8.32265 7.27087 5.78143 4.59907 4.10258 5.38659 6.64403 6.90917 7.31592 8.15024 8.31364 7.40526 6.55383 7.04137 7.3375 8.44862 8.65652 8.44805 7.54398 6.50944 5.9725 6.6204 6.71265 6.75769 6.77188 6.75922 6.74234 7.46847 7.87273 8.15526 8.3122 8.57956 8.65309 8.6813 8.70825 8.71043 8.7039 8.66967 8.62982 8.43077 8.18836 7.29281 6.54737 6.0852 5.49667 6.84611 7.25154 7.81565 8.18063 8.46583 8.53379
