Test_Spring_2018/04_18/Temp/20180402_016.txt
ncols	170
nrows	115
xllcorner	350000.000000
yllcorner	4445000.000000
cellsize	1000.000000
nodata_value	-9999.000000
[rows 32 to 63 of 115, columns 72 to 143 of 170]
14.7144 14.6063 14.798 14.975 14.8612 14.791 15.066 15.0753 14.9907 14.7796 14.7089 14.6356 14.5952 14.3231 13.5391 12.8336 13.2299 13.2509 12.997 13.4853 13.2451 12.5996 11.6836 12.1984 12.078 11.4208 11.2686 -9999 -9999 -9999 -9999 -9999 -9999 -9999 -9999 -9999 -9999 -9999 -9999 -9999 -9999 -9999 -9999 -9999 -9999 -9999 -9999 -9999 -9999 -9999 -9999 -9999 -9999 -9999 -9999 -9999 -9999 -9999 -9999 -9999 -9999 -9999 -9999 -9999 -9999 -9999 -9999 -9999 -9999 -9999 -9999 -9999
14.5541 14.5133 14.7938 14.7975 14.779 14.8641 15.0348 15.0783 15.0513 14.9649 14.8918 14.8138 14.5996 14.2865 13.6172 12.8125 12.6391 13.0506 13.0816 13.1575 12.9396 12.6627 12.223 12.6032 12.7574 12.3353 11.7695 11.4057 -9999 -9999 -9999 -9999 -9999 -9999 -9999 -9999 -9999 -9999 -9999 -9999 -9999 -9999 -9999 -9999 -9999 -9999 -9999 -9999 -9999 -9999 -9999 -9999 -9999 -9999 -9999 -9999 -9999 -9999 -9999 -9999 -9999 -9999 -9999 -9999 -9999 -9999 -9999 -9999 -9999 -9999 -9999 -9999
14.3636 14.1108 14.2836 14.4156 14.6297 14.6776 14.7208 15.0532 15.0458 15.0408 14.9132 14.8136 14.6419 14.341 13.908 13.3845 12.4644 13.0509 13.5127 13.5129 13.4998 13.3092 12.8872 13.2606 13.2884 12.7448 12.1058 11.7482 11.6074 -9999 -9999 -9999 -9999 -9999 -9999 -9999 -9999 -9999 -9999 -9999 -9999 -9999 -9999 -9999 -9999 -9999 -9999 -9999 -9999 -9999 -9999 -9999 -9999 -9999 -9999 -9999 -9999 -9999 -9999 -9999 -9999 -9999 -9999 -9999 -9999 -9999 -9999 -9999 -9999 -9999 -9999 -9999
14.1475 13.8365 14.0103 14.2387 14.5442 14.6954 14.8149 14.9208 15.0289 15.0272 14.8963 14.4899 14.4414 14.4346 14.1555 13.557 12.9595 12.8135 13.5118 13.72 13.6915 13.8562 13.5004 13.6847 13.6243 13.4376 12.8334 12.2828 12.0668 11.6286 -9999 -9999 -9999 -9999 -9999 -9999 -9999 -9999 -9999 -9999 -9999 -9999 -9999 -9999 -9999 -9999 -9999 -9999 -9999 -9999 -9999 -9999 -9999 -9999 -9999 -9999 -9999 -9999 -9999 -9999 -9999 -9999 -9999 -9999 -9999 -9999 -9999 -9999 -9999 -9999 -9999 -9999
-9999 -9999 13.6421 13.9371 14.1843 14.4865 14.7446 14.8845 15.0209 15.0205 14.7484 14.621 14.6199 14.4407 14.1167 13.9178 13.5461 13.1583 13.323 13.9201 13.6713 14.0974 14.0734 14.1604 13.8937 13.3659 12.6757 12.2663 12.0741 11.7211 -9999 -9999 -9999 -9999 -9999 -9999 -9999 -9999 -9999 -9999 -9999 -9999 -9999 -9999 -9999 -9999 -9999 -9999 -9999 -9999 -9999 -9999 -9999 -9999 -9999 -9999 -9999 -9999 -9999 -9999 -9999 -9999 -9999 -9999 -9999 -9999 -9999 -9999 -9999 -9999 -9999 -9999
-9999 -9999 -9999 13.8802 14.0686 14.4809 14.6786 14.7722 14.9863 14.9963 14.8994 14.8292 14.723 14.5814 14.3409 14.0745 13.7257 13.7045 14.091 14.1075 14.0409 14.1137 14.3171 14.2771 13.8565 13.1158 12.7349 11.9396 11.6104 11.657 11.4274 -9999 -9999 -9999 -9999 -9999 -9999 -9999 -9999 -9999 -9999 -9999 -9999 12.5459 -9999 -9999 -9999 -9999 -9999 -9999 -9999 -9999 -9999 -9999 -9999 -9999 -9999 -9999 -9999 -9999 -9999 -9999 -9999 -9999 11.4616 -9999 -9999 -9999 -9999 -9999 -9999 -9999
-9999 -9999 13.8457 14.0863 14.2904 14.5513 14.5759 14.7241 14.9686 14.9813 14.9153 14.8401 14.6584 14.6221 14.4904 14.2003 14.1508 14.2856 14.3543 14.4303 14.4814 14.4608 14.3938 14.3036 14.025 13.6917 13.4712 12.7555 12.3881 12.0478 11.5272 11.1229 -9999 -9999 -9999 -9999 -9999 -9999 -9999 12.1962 12.1931 12.2195 12.3534 12.693 12.5211 -9999 -9999 -9999 -9999 -9999 -9999 -9999 -9999 -9999 -9999 -9999 -9999 -9999 -9999 -9999 -9999 -9999 -9999 -9999 11.7498 11.3492 -9999 -9999 -9999 -9999 -9999 -9999
-9999 -9999 13.8938 14.1665 14.3061 14.559 14.7068 14.7893 14.8794 14.9664 14.963 14.8785 14.7452 14.7577 14.571 14.4762 14.4122 14.5905 14.6357 14.5815 14.51 14.4477 14.25 14.2362 14.1668 13.9586 13.6103 13.251 12.719 12.0075 11.3102 10.7504 -9999 -9999 -9999 -9999 -9999 -9999 12.2344 12.5186 12.6959 12.3723 12.6811 12.9651 12.9404 12.7005 -9999 -9999 -9999 -9999 -9999 -9999 -9999 -9999 -9999 -9999 -9999 -9999 -9999 -9999 13.6617 13.2497 12.3997 11.9731 11.7246 11.3622 -9999 -9999 -9999 -9999 -9999 -9999
-9999 -9999 13.8403 14.1605 14.3792 14.574 14.6104 14.8005 14.8866 14.9372 14.9417 14.9332 14.9176 14.7559 14.6935 14.444 14.7078 14.7113 14.6606 14.4216 14.3246 13.9044 13.7253 13.6822 14.0549 13.7959 13.2448 12.5536 11.7108 11.668 11.4002 10.9007 -9999 -9999 -9999 -9999 -9999 -9999 12.3112 12.6143 12.8706 12.9231 12.6023 13.0935 13.0937 12.8478 12.8063 13.0417 13.17 13.1034 13.3857 13.4792 13.3795 13.5247 -9999 -9999 -9999 -9999 13.6839 13.7182 13.7486 13.5871 12.657 12.0278 11.4649 11.4325 -9999 -9999 -9999 -9999 -9999 -9999
-9999 -9999 14.0569 14.2558 14.3589 14.3801 14.5549 14.7202 14.8263 14.9103 14.9044 14.9086 14.9132 14.8659 14.7406 14.7786 14.7808 14.7138 14.2484 13.7027 13.9585 13.6373 12.9297 13.5151 13.8412 13.546 12.8757 12.097 11.8376 11.8597 11.4827 10.9956 -9999 -9999 -9999 11.476 11.9008 11.9521 12.0895 12.4885 12.7967 13.0332 13.2008 13.2103 13.0767 12.8369 12.5745 12.6936 13.2183 13.3599 13.4843 13.5805 13.4891 13.564 13.7158 13.802 13.8325 13.8169 13.8262 13.854 13.855 13.7055 12.8746 12.4076 12.1168 11.5235 -9999 -9999 -9999 -9999 -9999 -9999
-9999 -9999 13.9334 14.1067 14.2477 14.4765 14.5054 14.6539 14.7368 14.8669 14.8903 14.753 14.8862 14.8827 14.8729 14.838 14.7809 14.3908 13.8476 13.3025 13.0573 13.172 12.7554 12.9833 13.3134 13.2021 12.7925 12.0993 12.0085 11.8452 11.2055 10.589 -9999 -9999 10.6604 11.4607 12.0293 12.3308 12.4361 12.4621 12.8462 12.8936 13.3065 13.2294 12.732 12.81 12.6266 12.7771 12.9839 13.053 13.3359 13.6142 13.6797 13.6974 13.7998 13.8336 13.8542 13.8681 13.826 13.8694 13.8906 13.804 13.2076 12.9265 12.6172 11.5293 -9999 -9999 -9999 -9999 -9999 -9999
-9999 -9999 14.0158 14.2082 14.4183 14.4561 14.6131 14.6022 14.5568 14.7766 14.8601 14.7662 14.7026 14.8531 14.8568 14.8524 14.8364 14.471 14.0457 13.394 12.9934 12.7464 12.5772 12.344 12.5176 12.4753 12.4155 12.5007 12.3123 11.9272 11.5551 10.8531 10.4778 -9999 10.6962 11.0648 11.7383 12.3141 12.6864 12.5766 13.0113 13.1076 13.3636 13.2422 12.9497 12.8361 12.8437 12.8214 13.1205 13.328 13.4772 13.5838 13.7148 13.7594 13.8037 13.8314 13.8536 13.876 13.8907 13.905 13.9096 13.888 13.6236 13.3447 12.7178 11.5634 -9999 -9999 -9999 -9999 -9999 -9999
-9999 13.4717 13.994 14.3128 14.4384 14.53 14.6115 14.672 14.7293 14.7904 14.8368 14.8285 14.5642 14.5993 14.6625 14.8333 14.8368 14.8171 14.5913 13.7957 13.5242 13.1248 12.6055 12.3923 12.5112 12.9528 12.9406 12.6602 12.3467 11.9036 11.6272 11.199 10.3708 10.4574 10.848 11.1431 11.6056 12.306 12.8029 13.0352 13.135 13.3202 13.4275 13.2569 13.0971 13.0402 12.917 12.9164 12.9367 13.1246 13.2731 13.5855 13.7016 13.7655 13.8045 13.8326 13.8572 13.8817 13.9008 13.9115 13.9288 13.944 13.9425 13.5634 12.59 11.8662 -9999 -9999 -9999 -9999 -9999 -9999
-9999 -9999 13.8963 14.0381 14.0773 14.1437 14.2769 14.4304 14.6407 14.6748 14.7999 14.8081 14.5807 14.319 14.572 14.6817 14.7952 14.8132 14.7969 14.1262 13.7824 13.5131 13.0154 13.2063 13.3881 13.4086 13.3103 12.7006 12.0933 11.3852 10.732 10.7089 10.3606 10.5608 10.8228 11.4779 11.9443 12.1436 12.2926 13.0067 13.2048 13.2885 13.487 13.2647 13.2276 13.0659 13.1406 13.1446 13.1651 12.6785 13.2023 13.2503 13.598 13.7637 13.8147 13.8394 13.8645 13.8816 13.8993 13.9141 13.9344 13.9476 13.9628 13.7237 12.4806 11.873 -9999 -9999 -9999 -9999 -9999 -9999
-9999 -9999 -9999 -9999 13.9448 14.0529 14.1235 14.2441 14.6013 14.7047 14.777 14.7921 14.6973 14.4375 14.3801 14.4448 14.195 14.4317 14.7479 14.7534 14.7285 14.1415 13.8444 14.1491 14.0667 13.6242 13.2768 12.9336 12.221 11.6943 10.9443 10.3836 10.3713 11.0092 11.542 12.2047 12.5061 12.3594 12.5537 12.9176 13.3297 13.5397 13.5157 13.2806 13.2694 13.0091 13.3064 13.3503 13.2414 13.1493 13.2104 13.3919 13.4715 13.7467 13.8254 13.8529 13.8701 13.8866 13.9011 13.9159 13.9309 13.9465 13.9619 13.9701 12.692 11.7085 -9999 -9999 -9999 -9999 -9999 -9999
-9999 -9999 -9999 -9999 13.6936 13.7603 13.932 14.3696 14.5949 14.6933 14.6982 14.7502 14.6867 14.4603 14.2289 14.0125 13.7291 13.9147 14.3804 14.6598 14.7021 14.1888 14.4702 14.3765 14.1827 13.6016 13.1745 12.9505 12.2663 11.675 11.1782 10.4903 10.7968 11.1347 11.5673 12.2888 12.7817 12.9947 12.8473 13.0871 13.5585 13.5815 13.3555 13.3927 13.267 12.9038 13.3251 13.4582 13.3872 13.4299 13.413 13.4919 13.62 13.7427 13.8292 13.8544 13.871 13.8839 13.8994 13.9163 13.9287 13.9474 13.9629 13.9763 13.1587 11.6875 -9999 -9999 -9999 -9999 -9999 -9999
-9999 -9999 -9999 -9999 -9999 13.4672 13.8558 14.4356 14.5766 14.5701 14.6972 14.7171 14.6136 14.5268 14.243 13.851 13.0843 13.2984 13.7282 14.3409 14.668 14.6362 14.4696 14.1735 13.4442 12.8061 12.7338 12.6338 12.1358 11.6802 11.1271 11.4594 11.8238 12.223 12.439 12.3992 12.8236 13.1739 13.0499 13.3398 13.6757 13.553 13.4893 13.4394 13.2903 13.3013 13.3405 13.5883 13.4509 13.5668 13.5862 13.5988 13.6701 13.7488 13.83 13.8562 13.8717 13.888 13.8961 13.9152 13.9289 13.9435 13.9594 13.9737 13.9186 13.1385 12.6784 -9999 -9999 -9999 -9999 -9999
-9999 -9999 -9999 -9999 -9999 13.1095 13.3049 13.9912 14.2001 14.5085 14.6769 14.694 14.5116 14.4162 13.9861 13.8572 13.1492 12.8362 13.1282 13.035 13.8725 14.6138 14.4635 12.9975 12.471 12.0968 12.2008 12.2075 12.0729 11.2979 11.0917 11.7929 12.2384 12.5868 12.8551 12.9217 12.9278 13.4665 13.5535 13.742 13.7249 13.7612 13.5185 13.3765 13.5438 13.4008 13.3937 13.649 13.4375 13.6659 13.6582 13.6135 13.6276 13.782 13.826 13.8563 13.8727 13.8825 13.8911 13.9039 13.9258 13.9421 13.9537 13.9742 13.9874 13.9181 13.5226 13.3988 13.5824 -9999 -9999 -9999
-9999 -9999 -9999 -9999 -9999 -9999 12.6671 13.6201 14.0517 14.2866 14.6157 14.6643 14.5702 14.397 13.9591 13.5763 12.9448 12.2213 11.8431 13.027 14.058 14.6008 14.5397 13.321 12.8444 12.829 13.1208 12.8862 12.7095 12.1205 11.9522 11.716 11.8759 12.3564 12.7544 13.1392 13.4241 13.4625 13.6554 13.7744 13.8023 13.8541 13.8438 13.8395 13.6097 13.8066 13.6783 13.7778 13.7466 13.7197 13.697 13.5695 13.6897 13.7974 13.837 13.8606 13.8702 13.8841 13.8959 13.9036 13.9181 13.9358 13.9542 13.9695 13.99 14.0122 13.9874 13.7581 13.4434 13.0397 -9999 -9999
-9999 -9999 -9999 -9999 -9999 -9999 12.1923 13.1413 13.5946 14.1879 14.4944 14.6261 14.6222 14.4842 14.1547 13.6521 13.2361 12.4263 11.5846 12.8256 13.9312 14.5329 14.5742 13.5508 13.8449 13.6213 13.7215 13.305 13.1356 12.9963 12.7005 12.3769 12.021 11.8412 12.7178 13.1751 13.5471 13.7318 13.8444 13.9104 13.9021 13.8586 13.495 13.8083 13.817 13.8087 13.7958 13.7997 13.7889 13.7721 13.7677 13.7782 13.6988 13.8254 13.8403 13.857 13.8727 13.8853 13.8956 13.9071 13.9182 13.9366 13.9536 13.9697 13.9875 14.0128 14.0314 14.0392 13.9938 13.4442 13.1234 13.0515
-9999 -9999 -9999 -9999 -9999 -9999 10.8647 12.2439 13.3419 13.9269 14.4036 14.5436 14.604 14.4141 14.2761 13.9196 13.583 13.0556 12.2583 11.772 12.7028 14.0514 14.5529 14.5227 14.5004 14.2412 14.0079 13.9847 14.0099 13.7295 13.3265 12.8023 12.6481 12.4722 13.1283 13.2292 13.1969 13.9208 13.9396 13.9175 13.6655 13.379 13.4563 13.2908 13.4586 13.2552 13.481 13.6786 13.7642 13.7774 13.7703 13.7858 13.7922 13.8301 13.8454 13.8578 13.8709 13.8852 13.8984 13.9066 13.919 13.9397 13.9534 13.9685 13.987 14.0131 14.0328 14.0438 14.0556 13.9885 13.8768 13.6491
-9999 -9999 -9999 -9999 -9999 -9999 10.9184 12.071 13.0589 13.6525 14.2279 14.3701 14.5729 14.5446 14.3991 14.0907 13.7022 13.2704 12.5879 12.0837 12.7114 13.6085 14.2548 14.4912 14.4961 14.4893 14.4369 14.4168 14.3541 14.3038 14.0201 13.5284 13.2541 12.8487 13.5787 13.6728 13.5752 13.9491 13.948 13.4241 13.0261 12.9932 13.2633 13.0412 13.0225 12.8939 13.0836 13.5586 13.4451 13.4899 13.7126 13.7643 13.8063 13.8284 13.8429 13.8576 13.8697 13.886 13.9027 13.9112 13.9246 13.9404 13.9509 13.9696 13.9838 14.0066 14.0263 14.0416 14.0537 14.0491 14.043 14.0958
-9999 -9999 -9999 -9999 -9999 -9999 10.9429 11.7158 12.6062 13.4774 14.0914 14.3461 14.5354 14.5461 14.3745 14.2278 13.9891 13.6105 13.3548 12.9007 12.272 13.3581 13.6956 13.9984 14.1292 14.4442 14.4449 14.3124 14.1469 14.3075 14.2754 13.8868 13.7666 13.5569 13.9687 13.9832 13.9867 13.9809 13.5399 12.9212 12.4308 12.8151 12.7575 12.9408 12.444 12.892 13.2561 13.387 13.1734 13.0179 13.571 13.6816 13.7513 13.8016 13.84 13.8505 13.872 13.8849 13.8997 13.9147 13.9273 13.9422 13.9558 13.9697 13.986 14.0094 14.0238 14.0377 14.0578 14.0667 14.0811 14.1007
-9999 -9999 -9999 -9999 -9999 -9999 -9999 11.2573 12.3792 13.3873 13.9536 14.3143 14.4964 14.5057 14.4241 14.3284 14.1851 13.9154 13.5729 13.0237 12.6188 12.8948 13.225 13.2701 13.4943 14.1262 14.3478 14.0549 13.3074 13.76 14.261 14.2637 14.2331 14.1982 14.1511 14.1108 14.0072 13.7059 12.752 12.578 12.2151 12.2765 12.0997 12.5406 12.4047 12.8619 13.0708 13.1613 12.7748 12.8762 13.3752 13.5811 13.5668 13.6991 13.8265 13.8463 13.8657 13.8792 13.8982 13.916 13.9315 13.9439 13.9586 13.9746 13.9868 14.0149 13.9991 13.9961 13.9688 14.0476 14.0729 14.1075
-9999 -9999 -9999 -9999 -9999 -9999 -9999 11.0281 12.1536 13.3394 13.7276 14.1157 14.4528 14.4714 14.3396 14.2152 14.0867 13.9385 13.5201 13.1144 12.7273 12.6047 12.6961 12.6949 13.0523 13.8733 14.0398 13.982 13.2046 12.9515 13.6179 14.1801 14.2352 14.1976 13.5621 13.7141 13.3789 12.9198 12.8053 12.6143 12.1927 12.4217 12.1182 12.2742 12.2561 12.5236 12.6635 12.9777 12.643 12.6601 13.1509 13.4041 13.4271 13.6914 13.7962 13.8359 13.8583 13.8791 13.897 13.9181 13.9334 13.9477 13.9611 13.968 13.9589 13.894 13.4526 13.4732 13.622 13.7636 14.0112 14.0997
-9999 -9999 -9999 -9999 -9999 -9999 -9999 11.1552 11.9395 12.9933 13.777 13.837 14.2246 14.4307 14.2862 14.1221 13.9539 13.8876 13.4309 12.9278 12.5233 12.042 12.1343 12.4988 13.0823 13.6165 13.7201 13.6216 13.206 13.4141 13.8725 14.1216 14.2038 14.1613 14.0333 13.9657 13.7227 13.6263 13.2843 12.7413 12.5379 12.6947 12.1184 12.1777 12.4152 12.2005 12.6035 12.8058 12.3679 12.7516 13.1826 13.4114 13.6134 13.7178 13.7695 13.8397 13.8579 13.8793 13.8988 13.9153 13.9328 13.942 13.953 13.9216 13.8669 13.4484 13.2967 13.3521 13.574 13.7705 13.9899 14.0842
-9999 -9999 -9999 -9999 -9999 -9999 -9999 11.285 11.9926 12.908 13.4702 13.5803 14.0089 14.3916 14.3626 14.1912 14.1478 13.9697 13.5843 13.1569 12.6885 12.4665 11.9408 12.4804 12.9032 13.3575 13.5755 13.2338 13.0728 13.3892 13.7041 13.8373 14.1559 14.166 14.0797 13.6636 13.4684 13.5723 13.4978 13.3562 12.9877 12.9875 12.7574 12.6723 12.593 12.2967 12.5153 12.5534 12.6318 13.082 13.3149 13.475 13.622 13.6732 13.7466 13.8367 13.8601 13.8797 13.8965 13.9152 13.9274 13.9243 13.9248 13.8429 13.684 13.3716 12.8658 13.2634 13.6782 13.8239 13.965 14.0432
-9999 -9999 -9999 -9999 -9999 -9999 -9999 11.1637 11.9152 12.6994 13.0341 13.1007 13.8668 14.3408 14.354 14.2793 14.19 13.7315 13.7715 13.6895 13.2681 12.6485 11.9665 12.0427 12.4651 13.0572 13.2619 12.6965 12.5078 12.667 13.1375 13.5603 14.0015 14.1236 14.0116 13.356 12.659 13.0042 13.3725 13.3865 13.2994 12.959 12.8625 12.7769 12.5336 12.1143 12.1925 12.333 12.8483 13.0223 13.2812 13.499 13.4409 13.5023 13.711 13.838 13.8592 13.8782 13.899 13.9138 13.9248 13.9011 13.8751 13.8196 13.3753 13.1061 12.7146 13.2243 13.513 13.6921 13.9674 14.047
-9999 -9999 -9999 -9999 -9999 -9999 -9999 10.9318 11.4805 12.2309 12.5404 13.0273 13.7521 14.115 14.2954 14.3042 14.2489 14.0504 13.9359 13.6982 13.2594 12.6546 11.9808 11.5459 11.7837 12.577 12.7765 12.2536 11.9996 12.343 12.8439 13.5799 14.0062 14.0755 14.0519 13.9281 13.4231 12.8104 12.8281 13.1588 12.9115 12.6218 12.8069 12.7926 12.5524 12.3823 12.2859 12.3814 12.6783 12.8125 13.1088 13.5374 13.6138 13.6195 13.8097 13.8356 13.8568 13.8805 13.8975 13.9132 13.9255 13.9093 13.8514 13.5615 13.3112 12.9559 12.9281 13.3928 13.6104 13.8135 13.9579 14.0173
-9999 -9999 -9999 -9999 -9999 -9999 -9999 10.5343 11.1782 11.8822 12.5423 13.1676 13.7077 13.7609 14.0518 14.064 14.2224 14.1931 14.0099 13.8116 13.4352 12.655 12.0007 11.2858 11.4883 12.3022 12.4038 12.0654 11.4302 12.111 12.8607 13.5417 13.9165 13.6466 13.9511 13.9415 13.7615 13.4029 12.8372 12.864 12.4445 12.4419 12.6821 12.7715 12.7511 12.6276 12.4249 12.4837 12.6701 12.7315 13.0052 13.3418 13.671 13.7408 13.8176 13.8374 13.8556 13.8777 13.8956 13.9064 13.9078 13.8901 13.6497 13.3606 13.1895 12.9474 12.9341 13.4609 13.6927 13.8302 13.9574 14.0187
-9999 -9999 -9999 -9999 -9999 -9999 -9999 -9999 11.111 11.8381 12.3794 12.5342 13.0158 13.2817 13.4904 13.5465 14.1184 14.1618 14.0502 13.869 13.5497 12.9606 12.5534 11.8682 11.3787 11.595 11.6865 11.8826 11.8406 12.1511 12.8722 13.6232 13.717 13.2619 13.3453 13.4578 13.6923 13.5958 12.8194 12.4328 12.1149 12.3683 12.6343 12.7113 12.7402 12.709 12.6809 12.5973 12.9491 13.214 13.2892 13.5222 13.6988 13.7602 13.8107 13.8321 13.8535 13.8708 13.8788 13.8894 13.8668 13.7949 13.5238 12.8472 12.8976 12.8405 12.6427 13.1591 13.5063 13.8006 13.9656 14.0218
-9999 -9999 -9999 -9999 -9999 -9999 -9999 -9999 10.8704 11.7101 11.8972 11.8967 11.6354 11.7742 12.8026 13.0199 13.569 14.0896 14.0646 13.8872 13.5892 13.243 12.7005 11.9284 11.3171 11.0562 11.7367 12.4007 12.5488 12.7713 13.2182 13.3137 12.848 12.4124 12.6787 12.8451 13.4387 13.5594 13.4622 13.0008 12.4712 12.2027 12.5552 12.6167 12.6536 12.6745 12.6876 12.6932 13.0844 13.3106 13.473 13.5694 13.7236 13.7761 13.8048 13.8326 13.8474 13.8576 13.8533 13.846 13.7554 13.6421 13.1867 12.8101 12.582 12.2879 13.0094 13.2462 13.5688 13.7797 13.9439 13.9942
