Test_Spring_2018/04_18/Temp/20180402_021.txt
ncols	170
nrows	115
xllcorner	350000.000000
yllcorner	4445000.000000
cellsize	1000.000000
nodata_value	-9999.000000
[rows 32 to 63 of 115, columns 72 to 143 of 170]
10.3545 10.0148 10.5278 10.9997 10.7104 10.5174 11.2946 11.2903 11.0185 10.3862 10.1515 9.90846 9.75813 8.94875 6.68482 4.64393 5.73324 5.75696 5.00017 6.35287 5.63677 3.77048 1.13642 2.56832 2.19617 0.331576 -0.131837 -9999 -9999 -9999 -9999 -9999 -9999 -9999 -9999 -9999 -9999 -9999 -9999 -9999 -9999 -9999 -9999 -9999 -9999 -9999 -9999 -9999 -9999 -9999 -9999 -9999 -9999 -9999 -9999 -9999 -9999 -9999 -9999 -9999 -9999 -9999 -9999 -9999 -9999 -9999 -9999 -9999 -9999 -9999 -9999 -9999
9.9056 9.75686 10.5216 10.5006 10.4552 10.7312 11.212 11.3049 11.1965 10.9184 10.6773 10.4212 9.77741 8.85218 6.91422 4.59158 4.06276 5.19562 5.24805 5.42884 4.77565 3.95588 2.67427 3.72282 4.12996 2.90428 1.29386 0.266512 -9999 -9999 -9999 -9999 -9999 -9999 -9999 -9999 -9999 -9999 -9999 -9999 -9999 -9999 -9999 -9999 -9999 -9999 -9999 -9999 -9999 -9999 -9999 -9999 -9999 -9999 -9999 -9999 -9999 -9999 -9999 -9999 -9999 -9999 -9999 -9999 -9999 -9999 -9999 -9999 -9999 -9999 -9999 -9999
9.37019 8.6189 9.07777 9.4211 10.0716 10.2332 10.3258 11.2397 11.1871 11.1407 10.745 10.4279 9.90502 9.01451 7.74829 6.22458 3.57405 5.20403 6.48007 6.4453 6.37354 5.79844 4.56661 5.5952 5.64273 4.07228 2.29298 1.24196 0.806478 -9999 -9999 -9999 -9999 -9999 -9999 -9999 -9999 -9999 -9999 -9999 -9999 -9999 -9999 -9999 -9999 -9999 -9999 -9999 -9999 -9999 -9999 -9999 -9999 -9999 -9999 -9999 -9999 -9999 -9999 -9999 -9999 -9999 -9999 -9999 -9999 -9999 -9999 -9999 -9999 -9999 -9999 -9999
8.76154 7.84481 8.30643 8.92414 9.80174 10.2573 10.5992 10.8698 11.1459 11.1092 10.7044 9.51604 9.34338 9.28874 8.45941 6.72266 4.98833 4.53698 6.48452 7.04028 6.92437 7.35791 6.31376 6.80492 6.60159 6.04134 4.33065 2.76403 2.11487 0.833452 -9999 -9999 -9999 -9999 -9999 -9999 -9999 -9999 -9999 -9999 -9999 -9999 -9999 -9999 -9999 -9999 -9999 -9999 -9999 -9999 -9999 -9999 -9999 -9999 -9999 -9999 -9999 -9999 -9999 -9999 -9999 -9999 -9999 -9999 -9999 -9999 -9999 -9999 -9999 -9999 -9999 -9999
-9999 -9999 7.26524 8.11119 8.80689 9.66833 10.4052 10.773 11.1303 11.0977 10.2924 9.89675 9.85908 9.31448 8.35755 7.75578 6.66253 5.52373 5.95461 7.61491 6.87258 8.04845 7.94659 8.16114 7.37171 5.87941 3.88587 2.72091 2.13961 1.10054 -9999 -9999 -9999 -9999 -9999 -9999 -9999 -9999 -9999 -9999 -9999 -9999 -9999 -9999 -9999 -9999 -9999 -9999 -9999 -9999 -9999 -9999 -9999 -9999 -9999 -9999 -9999 -9999 -9999 -9999 -9999 -9999 -9999 -9999 -9999 -9999 -9999 -9999 -9999 -9999 -9999 -9999
-9999 -9999 -9999 7.95416 8.48304 9.6274 10.2229 10.4604 11.0391 11.0369 10.7298 10.4972 10.161 9.72298 9.00292 8.20882 7.18024 7.08206 8.14267 8.15273 7.92756 8.0995 8.64354 8.4971 7.27216 5.17215 4.05789 1.79732 0.827262 0.924018 0.235482 -9999 -9999 -9999 -9999 -9999 -9999 -9999 -9999 -9999 -9999 -9999 -9999 2.80661 -9999 -9999 -9999 -9999 -9999 -9999 -9999 -9999 -9999 -9999 -9999 -9999 -9999 -9999 -9999 -9999 -9999 -9999 -9999 -9999 -1.46798 -9999 -9999 -9999 -9999 -9999 -9999 -9999
-9999 -9999 7.85127 8.56363 9.11765 9.83347 9.9053 10.3303 10.9963 11.0028 10.7841 10.5373 9.98672 9.84773 9.43634 8.57433 8.39518 8.73965 8.89649 9.07483 9.18353 9.08977 8.8656 8.57689 7.78991 6.81138 6.15387 4.08816 3.04229 2.04096 0.526563 -0.658899 -9999 -9999 -9999 -9999 -9999 -9999 -9999 2.03321 1.97195 1.99335 2.31913 3.22836 2.68396 -9999 -9999 -9999 -9999 -9999 -9999 -9999 -9999 -9999 -9999 -9999 -9999 -9999 -9999 -9999 -9999 -9999 -9999 -9999 -0.650906 -1.84808 -9999 -9999 -9999 -9999 -9999 -9999
-9999 -9999 8.04346 8.79343 9.16598 9.86122 10.2576 10.5219 10.7506 10.9692 10.9288 10.6561 10.243 10.2423 9.67398 9.36585 9.14472 9.61171 9.70109 9.50871 9.26846 9.05584 8.46053 8.38925 8.19491 7.57275 6.55331 5.50293 3.98885 1.93403 -0.0812776 -1.70751 -9999 -9999 -9999 -9999 -9999 -9999 2.20319 2.95873 3.40906 2.43487 3.25633 4.00623 3.87859 3.13535 -9999 -9999 -9999 -9999 -9999 -9999 -9999 -9999 -9999 -9999 -9999 -9999 -9999 -9999 5.00693 3.78103 1.31001 0.0404341 -0.723952 -1.81311 -9999 -9999 -9999 -9999 -9999 -9999
-9999 -9999 7.8909 8.77754 9.37708 9.90914 9.99135 10.5383 10.7792 10.8952 10.8781 10.8215 10.7427 10.2464 10.0308 9.28198 9.99103 9.96018 9.77593 9.05797 8.7448 7.51517 6.97245 6.85026 7.87857 7.11361 5.51957 3.52759 1.13536 0.977744 0.184228 -1.26954 -9999 -9999 -9999 -9999 -9999 -9999 2.43381 3.24214 3.9156 4.00864 3.03962 4.37681 4.31595 3.5556 3.37615 3.98352 4.28677 4.04424 4.77071 4.97738 4.63673 4.99297 -9999 -9999 -9999 -9999 5.17684 5.22087 5.25296 4.73925 2.04047 0.195231 -1.46282 -1.62981 -9999 -9999 -9999 -9999 -9999 -9999
-9999 -9999 8.50458 9.04876 9.32218 9.3635 9.84109 10.3191 10.6158 10.8327 10.7859 10.7649 10.7427 10.5705 10.175 10.2416 10.206 9.97352 8.61006 7.0194 7.70764 6.75814 4.74266 6.37549 7.27275 6.40631 4.47524 2.23658 1.50286 1.53136 0.42885 -0.987517 -9999 -9999 -9999 0.220377 1.381 1.47816 1.81696 2.89674 3.71652 4.3309 4.74784 4.73279 4.27132 3.52691 2.71813 2.99342 4.42171 4.76254 5.04732 5.26137 4.94416 5.09533 5.47229 5.66406 5.69801 5.60174 5.57568 5.60203 5.55119 5.07169 2.65872 1.27434 0.388567 -1.3982 -9999 -9999 -9999 -9999 -9999 -9999
-9999 -9999 8.15687 8.62949 9.01185 9.65349 9.71805 10.1209 10.3597 10.7179 10.7549 10.3323 10.6751 10.6267 10.558 10.4166 10.2113 9.05948 7.4736 5.88397 5.14826 5.46089 4.24484 4.86209 5.77132 5.43157 4.24833 2.25363 1.97033 1.50525 -0.347031 -2.13063 -9999 -9999 -2.03876 0.192014 1.7614 2.5687 2.81548 2.83454 3.86864 3.94416 5.05679 4.79224 3.2977 3.45508 2.86669 3.22962 3.74391 3.87855 4.62609 5.34658 5.47553 5.47045 5.70762 5.751 5.75771 5.74572 5.57463 5.6458 5.65282 5.35227 3.60171 2.74509 1.79545 -1.38197 -9999 -9999 -9999 -9999 -9999 -9999
-9999 -9999 8.40096 8.93004 9.51016 9.60114 10.0305 9.98275 9.85769 10.458 10.678 10.3785 10.1618 10.5505 10.5192 10.463 10.3729 9.29026 8.03809 6.14467 4.96696 4.24905 3.7363 3.05163 3.51721 3.37114 3.17635 3.39452 2.84116 1.74641 0.66092 -1.36849 -2.46769 -9999 -1.922 -0.91727 0.949989 2.53589 3.54063 3.17242 4.3489 4.56184 5.24095 4.83305 3.91997 3.5207 3.4764 3.34816 4.13408 4.65615 5.02261 5.26535 5.57114 5.64263 5.71526 5.74188 5.754 5.76706 5.75812 5.74735 5.70768 5.59204 4.78468 3.92493 2.08266 -1.28354 -9999 -9999 -9999 -9999 -9999 -9999
-9999 6.84618 8.33583 9.22604 9.56839 9.81469 10.0316 10.188 10.3533 10.5066 10.6114 10.5635 9.77616 9.83612 9.97276 10.4132 10.3772 10.2754 9.58894 7.28589 6.49021 5.32745 3.82117 3.18741 3.49881 4.72883 4.67125 3.85245 2.94019 1.68022 0.874867 -0.370601 -2.75945 -2.54798 -1.47662 -0.680561 0.587236 2.52674 3.88456 4.48722 4.71089 5.18643 5.42847 4.86823 4.33157 4.10197 3.68471 3.61672 3.60906 4.07936 4.44271 5.26483 5.5363 5.65636 5.71415 5.74256 5.76223 5.78228 5.78646 5.76623 5.76304 5.75231 5.68499 4.54836 1.70731 -0.43503 -9999 -9999 -9999 -9999 -9999 -9999
-9999 -9999 8.05561 8.44474 8.54369 8.72019 9.08571 9.50787 10.1083 10.1829 10.5118 10.5069 9.82907 9.04514 9.72019 9.98567 10.261 10.2652 10.1732 8.23941 7.22574 6.42733 4.98305 5.49806 5.98955 6.02458 5.72403 3.97141 2.22585 0.213631 -1.66674 -1.75955 -2.77448 -2.24285 -1.53619 0.282876 1.56159 2.07732 2.44597 4.41656 4.92663 5.09412 5.59225 4.8939 4.70499 4.17633 4.31982 4.26356 4.2555 2.80831 4.237 4.31172 5.24053 5.65187 5.74008 5.75945 5.78147 5.78101 5.78218 5.774 5.77975 5.75897 5.73517 4.99375 1.39806 -0.414569 -9999 -9999 -9999 -9999 -9999 -9999
-9999 -9999 -9999 -9999 8.1681 8.46461 8.65365 8.98349 10.0015 10.2732 10.4527 10.465 10.1605 9.38509 9.17752 9.31466 8.55711 9.18342 10.0426 10.018 9.91064 8.20961 7.33629 8.17501 7.91679 6.63753 5.63025 4.63604 2.59286 1.09658 -1.058 -2.67681 -2.74088 -0.961043 0.516051 2.35688 3.16675 2.69911 3.19592 4.1719 5.28049 5.8125 5.6775 4.94154 4.82537 4.01537 4.79022 4.84633 4.46962 4.1425 4.25603 4.70969 4.87686 5.60208 5.77183 5.79583 5.79589 5.79419 5.78698 5.77912 5.76338 5.75059 5.73468 5.69525 1.99924 -0.881568 -9999 -9999 -9999 -9999 -9999 -9999
-9999 -9999 -9999 -9999 7.45551 7.63475 8.11196 9.34287 9.98604 10.2439 10.2318 10.3491 10.1332 9.45011 8.74882 8.08689 7.23486 7.71629 8.9962 9.74975 9.83314 8.34187 9.11244 8.81986 8.24561 6.57336 5.34031 4.68543 2.72378 1.04405 -0.390335 -2.36992 -1.52766 -0.599887 0.592563 2.60105 3.95485 4.50804 4.03511 4.65699 5.93354 5.93356 5.22395 5.26082 4.81896 3.71568 4.84214 5.15091 4.88142 4.9369 4.82828 4.99035 5.29519 5.5873 5.77956 5.7997 5.79688 5.78566 5.78131 5.77701 5.75817 5.75419 5.73818 5.71306 3.32481 -0.941611 -9999 -9999 -9999 -9999 -9999 -9999
-9999 -9999 -9999 -9999 -9999 6.80314 7.89628 9.53122 9.93462 9.89421 10.2291 10.2548 9.92516 9.63833 8.78774 7.62699 5.40143 5.9639 7.14192 8.84234 9.73499 9.61199 9.1098 8.24234 6.1468 4.31259 4.08772 3.78537 2.35305 1.05892 -0.535521 0.38356 1.3905 2.49229 3.06943 2.91492 4.07435 5.01845 4.61075 5.37485 6.26644 5.85203 5.60319 5.39228 4.8838 4.84334 4.88391 5.51858 5.06022 5.32351 5.31804 5.29191 5.4351 5.60238 5.77965 5.80311 5.79772 5.79602 5.77013 5.77327 5.75795 5.74235 5.72706 5.7045 5.4819 3.17867 1.79993 -9999 -9999 -9999 -9999 -9999
-9999 -9999 -9999 -9999 -9999 5.78738 6.33081 8.26761 8.86337 9.71713 10.1687 10.186 9.63197 9.32166 8.05618 7.64281 5.58378 4.65031 5.43698 5.13213 7.47501 9.5482 9.09238 4.90091 3.38129 2.2967 2.57226 2.5724 2.17184 -0.0298397 -0.639088 1.32737 2.56429 3.5218 4.24716 4.39525 4.36613 5.84544 6.03739 6.51372 6.40246 6.43989 5.68283 5.21051 5.60081 5.12325 5.03257 5.68871 5.02028 5.60348 5.52112 5.33224 5.31318 5.69589 5.7673 5.80226 5.79844 5.77847 5.75437 5.73845 5.7464 5.73533 5.7079 5.70263 5.67424 5.39043 4.19547 3.77182 4.22197 -9999 -9999 -9999
-9999 -9999 -9999 -9999 -9999 -9999 4.5173 7.21019 8.43856 9.0822 9.98982 10.0959 9.80089 9.26584 7.97653 6.84241 5.00143 2.89976 1.78666 5.1104 8.00322 9.51226 9.3095 5.82013 4.44161 4.37544 5.18354 4.49708 3.97572 2.30204 1.79953 1.10209 1.5267 2.86379 3.95294 5.00426 5.7673 5.8254 6.31822 6.59799 6.61494 6.69727 6.60122 6.52067 5.78329 6.27234 5.83804 6.05208 5.89639 5.75484 5.63051 5.20677 5.48946 5.73956 5.79849 5.80998 5.78903 5.78054 5.76498 5.73617 5.71971 5.71271 5.70442 5.68471 5.6774 5.65341 5.5119 4.78919 3.8244 2.60778 -9999 -9999
-9999 -9999 -9999 -9999 -9999 -9999 3.16611 5.84574 7.13512 8.79572 9.65053 9.9945 9.94397 9.50954 8.52884 7.05522 5.82723 3.48154 1.04636 4.53484 7.64492 9.32132 9.40852 6.47329 7.28341 6.62442 6.88686 5.68217 5.18008 4.78308 3.91691 2.96986 1.93604 1.38432 3.83644 5.09349 6.10403 6.57787 6.8432 6.97247 6.89245 6.70098 5.60235 6.42529 6.36628 6.27335 6.16798 6.11144 6.0147 5.90269 5.83121 5.79999 5.51611 5.81599 5.79939 5.79742 5.7933 5.78002 5.75963 5.74122 5.71942 5.71202 5.69619 5.6789 5.66434 5.64939 5.63209 5.58403 5.38534 3.755 2.77616 2.49091
-9999 -9999 -9999 -9999 -9999 -9999 -0.608489 3.2915 6.42891 8.06296 9.39315 9.75484 9.887 9.30574 8.87006 7.81259 6.81132 5.269 2.96085 1.53878 4.15054 7.94786 9.34969 9.23518 9.14512 8.38343 7.69667 7.60752 7.65606 6.85746 5.69769 4.17749 3.69791 3.16246 4.98765 5.23143 5.09315 7.09959 7.09876 6.97849 6.20235 5.33213 5.48756 4.94678 5.34058 4.69486 5.26926 5.76425 5.94262 5.9167 5.83837 5.81615 5.77721 5.81959 5.81171 5.79667 5.78419 5.77518 5.76243 5.73383 5.71516 5.71787 5.69253 5.67355 5.65612 5.64346 5.63071 5.59299 5.55773 5.29949 4.91578 4.18798
-9999 -9999 -9999 -9999 -9999 -9999 -0.440886 2.83932 5.61995 7.28733 8.88865 9.25655 9.79383 9.67228 9.21617 8.29646 7.14874 5.87878 3.89811 2.42546 4.17095 6.69195 8.4961 9.13788 9.13189 9.08568 8.91111 8.84236 8.63899 8.4937 7.65749 6.21788 5.40446 4.21589 6.25022 6.47431 6.15047 7.16274 7.10604 5.56117 4.37142 4.21679 4.92862 4.23351 4.09757 3.66219 4.13536 5.41983 5.02711 5.09189 5.66788 5.75541 5.80368 5.81271 5.80159 5.79232 5.77636 5.77223 5.76822 5.73975 5.72347 5.71226 5.68358 5.66831 5.64524 5.62248 5.6059 5.5818 5.54912 5.46954 5.3779 5.44605
-9999 -9999 -9999 -9999 -9999 -9999 -0.372765 1.82704 4.32896 6.78575 8.49622 9.18339 9.68247 9.67254 9.14312 8.68387 7.96294 6.84519 6.07765 4.74781 2.92405 5.97417 6.90894 7.73822 8.09245 8.96031 8.93573 8.53314 8.06906 8.49484 8.35992 7.22212 6.8449 6.21099 7.34019 7.3379 7.30124 7.23496 5.92917 4.116 2.66504 3.69723 3.4724 3.9386 2.44534 3.64788 4.61665 4.92412 4.25237 3.74927 5.26487 5.50259 5.64483 5.7336 5.78986 5.76804 5.77753 5.76274 5.75261 5.74202 5.7231 5.70907 5.68932 5.66884 5.64316 5.62213 5.59645 5.5607 5.55065 5.50767 5.48471 5.45791
-9999 -9999 -9999 -9999 -9999 -9999 -9999 0.525332 3.69904 6.53102 8.10552 9.09387 9.57291 9.55944 9.2865 8.97326 8.52473 7.71737 6.7044 5.10585 3.91861 4.66794 5.58432 5.68066 6.28765 8.05377 8.65468 7.79415 5.67234 6.91367 8.3036 8.27639 8.15276 8.0149 7.84094 7.68226 7.341 6.43571 3.67362 3.12332 2.03531 2.15088 1.58843 2.78808 2.31967 3.55469 4.08437 4.27826 3.11793 3.35063 4.68632 5.2131 5.11638 5.4375 5.74719 5.75099 5.75384 5.73983 5.7408 5.73751 5.72637 5.70244 5.6853 5.67054 5.63105 5.62201 5.51126 5.4364 5.29324 5.45233 5.46059 5.45155
-9999 -9999 -9999 -9999 -9999 -9999 -9999 -0.110072 3.05643 6.39267 7.46072 8.52682 9.44634 9.45984 9.0452 8.65089 8.24512 7.78396 6.55585 5.36506 4.22821 3.84476 4.0704 4.04669 5.0304 7.33209 7.77464 7.58026 5.35934 4.60593 6.46407 8.02487 8.14326 7.99633 6.14884 6.53604 5.53673 4.18312 3.80621 3.20993 1.95648 2.54949 1.62869 2.01221 1.88824 2.58564 2.92087 3.7519 2.73979 2.73406 4.04476 4.70621 4.7153 5.41086 5.65465 5.71392 5.72434 5.73026 5.72743 5.73261 5.72014 5.7036 5.68346 5.64316 5.55614 5.29524 3.95072 3.94459 4.30275 4.64146 5.2573 5.42339
-9999 -9999 -9999 -9999 -9999 -9999 -9999 0.251679 2.44791 5.40794 7.59935 7.73293 8.79607 9.3428 8.89243 8.38604 7.86825 7.63999 6.30357 4.83606 3.64988 2.24645 2.47406 3.47641 5.11413 6.59939 6.86165 6.54966 5.35496 5.91038 7.17593 7.84556 8.03944 7.87772 7.47121 7.23399 6.49655 6.17359 5.15108 3.55537 2.92268 3.31211 1.61734 1.72743 2.3432 1.66017 2.74403 3.25806 1.95405 2.96455 4.13006 4.72222 5.23935 5.48055 5.57277 5.7181 5.71589 5.7226 5.72355 5.7153 5.70907 5.67811 5.65114 5.50269 5.28674 4.0365 3.49961 3.5936 4.16061 4.65632 5.164 5.37292
-9999 -9999 -9999 -9999 -9999 -9999 -9999 0.621776 2.59899 5.16521 6.72663 7.00255 8.18222 9.23076 9.1091 8.58246 8.41948 7.8741 6.74003 5.48787 4.11963 3.45278 1.92396 3.4225 4.60363 5.8606 6.44633 5.46308 4.96902 5.83051 6.68685 7.02581 7.89057 7.87709 7.58826 6.36053 5.7589 6.00502 5.7429 5.28814 4.18744 4.13171 3.42157 3.12279 2.83984 1.9259 2.48703 2.5354 2.67292 3.89733 4.50006 4.89725 5.25815 5.34771 5.50105 5.70233 5.71426 5.71546 5.7083 5.70592 5.68425 5.61856 5.56195 5.27023 4.75894 3.81094 2.26706 3.33418 4.45044 4.7735 5.08594 5.24897
-9999 -9999 -9999 -9999 -9999 -9999 -9999 0.279441 2.38034 4.57326 5.48783 5.63983 7.77842 9.08635 9.08466 8.83298 8.53975 7.19784 7.27276 7.00153 5.76672 3.9697 1.99639 2.17751 3.34174 5.00467 5.55133 3.93097 3.35682 3.77058 5.06783 6.22846 7.44046 7.74432 7.38177 5.47357 3.44593 4.37784 5.37376 5.36184 5.06119 4.03958 3.71009 3.41083 2.66266 1.3941 1.56345 1.9036 3.28648 3.72144 4.39823 4.95922 4.73728 4.85552 5.3927 5.6982 5.70343 5.70256 5.70642 5.69278 5.66757 5.54313 5.41155 5.1952 3.87375 3.0491 1.84854 3.21564 3.97424 4.36222 5.08469 5.25192
-9999 -9999 -9999 -9999 -9999 -9999 -9999 -0.3767 1.14718 3.24331 4.08592 5.43199 7.45295 8.44499 8.91852 8.90418 8.70744 8.1044 7.74034 7.0266 5.74196 3.98675 2.03606 0.764754 1.40506 3.63776 4.15807 2.66765 1.90704 2.84287 4.22556 6.27534 7.44416 7.59729 7.48558 7.08759 5.60559 3.81605 3.81594 4.70407 3.9489 3.07199 3.54317 3.44705 2.70825 2.16851 1.82239 2.00754 2.79656 3.11858 3.90168 5.06157 5.22131 5.18093 5.66553 5.68331 5.68812 5.70007 5.69291 5.68177 5.66029 5.55746 5.33543 4.45354 3.6834 2.61469 2.4758 3.68656 4.21267 4.69853 5.04935 5.15914
-9999 -9999 -9999 -9999 -9999 -9999 -9999 -1.50291 0.290878 2.25455 4.09289 5.83182 7.32785 7.44012 8.22727 8.22246 8.63295 8.51031 7.95085 7.34891 6.24129 3.98737 2.09141 0.0240164 0.563669 2.83838 3.1292 2.12852 0.284163 2.17786 4.26675 6.15939 7.18142 6.37043 7.19036 7.11683 6.55783 5.49002 3.83288 3.8576 2.61364 2.55276 3.18082 3.37946 3.26579 2.85862 2.20589 2.29125 2.76632 2.8815 3.60049 4.49849 5.37649 5.51799 5.67981 5.68017 5.67617 5.68328 5.67838 5.65321 5.6011 5.49378 4.7534 3.87407 3.32941 2.58243 2.48498 3.89378 4.43794 4.7374 5.03941 5.15446
-9999 -9999 -9999 -9999 -9999 -9999 -9999 -9999 0.102667 2.13176 3.63234 4.0341 5.3637 6.07995 6.63324 6.75287 8.33815 8.42165 8.0653 7.51181 6.56625 4.85465 3.6607 1.67722 0.250238 0.817834 1.0881 1.60537 1.44578 2.28726 4.29426 6.38544 6.60864 5.27115 5.46271 5.73558 6.35418 6.03117 3.77536 2.62586 1.6703 2.33695 3.03834 3.20213 3.22848 3.08355 2.90074 2.61259 3.5522 4.24539 4.39985 5.00364 5.44759 5.5649 5.65169 5.65632 5.6613 5.65475 5.62175 5.59593 5.47577 5.21482 4.38741 2.4074 2.49196 2.27083 1.64928 3.0224 3.86914 4.64503 5.05392 5.15417
-9999 -9999 -9999 -9999 -9999 -9999 -9999 -9999 -0.577682 1.77083 2.26483 2.22513 1.44374 1.79875 4.68069 5.2579 6.77798 8.2169 8.10649 7.56312 6.67786 5.65636 4.0774 1.84693 0.073639 -0.681261 1.20972 3.07434 3.45465 4.04578 5.27342 5.50224 4.13548 2.85337 3.56434 3.99016 5.62894 5.92283 5.59656 4.23441 2.67765 1.86128 2.80835 2.92791 2.9769 2.97975 2.93069 2.8757 3.92969 4.51262 4.91458 5.12989 5.50988 5.60161 5.62614 5.64902 5.63516 5.60841 5.54044 5.46403 5.15049 4.77221 3.42138 2.29375 1.58753 0.692936 2.6831 3.26131 4.06489 4.57736 4.98376 5.06699
