Test_Spring_2018/04_18/Temp/20180411_021.txt
ncols	170
nrows	115
xllcorner	350000.000000
yllcorner	4445000.000000
cellsize	1000.000000
nodata_value	-9999.000000
[rows 32 to 63 of 115, columns 72 to 143 of 170]
13.595 13.3727 13.736 14.071 13.8796 13.7601 14.3008 14.3094 14.1344 13.7118 13.5626 13.4079 13.317 12.7736 11.2313 9.84235 10.6039 10.6338 10.1276 11.0708 10.5931 9.32536 7.53042 8.52873 8.28785 7.02719 6.73149 -9999 -9999 -9999 -9999 -9999 -9999 -9999 -9999 -9999 -9999 -9999 -9999 -9999 -9999 -9999 -9999 -9999 -9999 -9999 -9999 -9999 -9999 -9999 -9999 -9999 -9999 -9999 -9999 -9999 -9999 -9999 -9999 -9999 -9999 -9999 -9999 -9999 -9999 -9999 -9999 -9999 -9999 -9999 -9999 -9999
13.288 13.1969 13.7332 13.7296 13.71 13.9086 14.2458 14.3212 14.2584 14.0793 13.9257 13.762 13.3322 12.7093 11.3909 9.80842 9.45846 10.2502 10.3 10.4382 10.0037 9.45493 8.58908 9.32407 9.61856 8.79724 7.71346 7.02244 -9999 -9999 -9999 -9999 -9999 -9999 -9999 -9999 -9999 -9999 -9999 -9999 -9999 -9999 -9999 -9999 -9999 -9999 -9999 -9999 -9999 -9999 -9999 -9999 -9999 -9999 -9999 -9999 -9999 -9999 -9999 -9999 -9999 -9999 -9999 -9999 -9999 -9999 -9999 -9999 -9999 -9999 -9999 -9999
12.9216 12.4166 12.7428 12.9895 13.4498 13.5634 13.6385 14.2779 14.2536 14.2336 13.9738 13.7682 13.4214 12.8223 11.9654 10.9318 9.12437 10.2577 11.1481 11.1382 11.1032 10.7226 9.89104 10.6124 10.6599 9.60901 8.40135 7.69514 7.41169 -9999 -9999 -9999 -9999 -9999 -9999 -9999 -9999 -9999 -9999 -9999 -9999 -9999 -9999 -9999 -9999 -9999 -9999 -9999 -9999 -9999 -9999 -9999 -9999 -9999 -9999 -9999 -9999 -9999 -9999 -9999 -9999 -9999 -9999 -9999 -9999 -9999 -9999 -9999 -9999 -9999 -9999 -9999
12.505 11.8863 12.2144 12.6496 13.2653 13.586 13.8277 14.0252 14.2266 14.2131 13.9471 13.1429 13.0367 13.0118 12.455 11.2751 10.0971 9.80069 11.1525 11.5484 11.4831 11.7956 11.093 11.4454 11.3207 10.959 9.8035 8.74328 8.31317 7.44863 -9999 -9999 -9999 -9999 -9999 -9999 -9999 -9999 -9999 -9999 -9999 -9999 -9999 -9999 -9999 -9999 -9999 -9999 -9999 -9999 -9999 -9999 -9999 -9999 -9999 -9999 -9999 -9999 -9999 -9999 -9999 -9999 -9999 -9999 -9999 -9999 -9999 -9999 -9999 -9999 -9999 -9999
-9999 -9999 11.5006 12.0944 12.579 13.1829 13.6958 13.9599 14.217 14.2063 13.6649 13.4053 13.3917 13.0302 12.3857 11.9855 11.2479 10.4793 10.7894 11.9442 11.4488 12.2713 12.2163 12.3788 11.8518 10.8487 9.50027 8.71615 8.33283 7.63491 -9999 -9999 -9999 -9999 -9999 -9999 -9999 -9999 -9999 -9999 -9999 -9999 -9999 -9999 -9999 -9999 -9999 -9999 -9999 -9999 -9999 -9999 -9999 -9999 -9999 -9999 -9999 -9999 -9999 -9999 -9999 -9999 -9999 -9999 -9999 -9999 -9999 -9999 -9999 -9999 -9999 -9999
-9999 -9999 -9999 11.988 12.358 13.155 13.5718 13.7462 14.1551 14.1652 13.966 13.8182 13.5995 13.3111 12.8293 12.2969 11.6038 11.5502 12.293 12.3143 12.1744 12.3075 12.6964 12.6112 11.793 10.3651 9.61583 8.08414 7.43396 7.51647 7.05933 -9999 -9999 -9999 -9999 -9999 -9999 -9999 -9999 -9999 -9999 -9999 -9999 9.02711 -9999 -9999 -9999 -9999 -9999 -9999 -9999 -9999 -9999 -9999 -9999 -9999 -9999 -9999 -9999 -9999 -9999 -9999 -9999 -9999 6.46473 -9999 -9999 -9999 -9999 -9999 -9999 -9999
-9999 -9999 11.9062 12.4041 12.7955 13.2979 13.3592 13.6577 14.1265 14.1422 14.0035 13.8459 13.4797 13.3967 13.1268 12.5478 12.4383 12.6889 12.8109 12.9481 13.0378 12.9886 12.8501 12.6675 12.149 11.4933 11.0581 9.66005 8.95822 8.28659 7.26227 6.46366 -9999 -9999 -9999 -9999 -9999 -9999 -9999 8.43451 8.40802 8.4386 8.67862 9.31977 8.96269 -9999 -9999 -9999 -9999 -9999 -9999 -9999 -9999 -9999 -9999 -9999 -9999 -9999 -9999 -9999 -9999 -9999 -9999 -9999 7.0297 6.22434 -9999 -9999 -9999 -9999 -9999 -9999
-9999 -9999 12.0378 12.5637 12.8302 13.3182 13.6009 13.7901 13.9582 14.1194 14.103 13.9273 13.6554 13.6672 13.2895 13.091 12.9527 13.2876 13.3634 13.2462 13.0964 12.9659 12.5728 12.5399 12.4288 12.0183 11.3349 10.6301 9.61114 8.21602 6.84774 5.74643 -9999 -9999 -9999 -9999 -9999 -9999 8.53849 9.07277 9.39768 8.74438 9.32499 9.85687 9.78632 9.30741 -9999 -9999 -9999 -9999 -9999 -9999 -9999 -9999 -9999 -9999 -9999 -9999 -9999 -9999 10.8553 10.0287 8.34716 7.49134 6.983 6.252 -9999 -9999 -9999 -9999 -9999 -9999
-9999 -9999 11.9349 12.5545 12.9767 13.3524 13.419 13.8005 13.9782 14.0687 14.0679 14.0404 13.998 13.6692 13.5337 13.0325 13.5332 13.5262 13.4143 12.9363 12.7367 11.908 11.5514 11.4894 12.213 11.7049 10.6271 9.27585 7.64963 7.56203 7.03321 6.05045 -9999 -9999 -9999 -9999 -9999 -9999 8.69926 9.26969 9.74784 9.8277 9.17846 10.114 10.1025 9.59866 9.49411 9.93019 10.1574 10.0165 10.5381 10.6976 10.4806 10.7419 -9999 -9999 -9999 -9999 10.9453 10.9905 11.0277 10.6902 8.8521 7.60083 6.47868 6.3882 -9999 -9999 -9999 -9999 -9999 -9999
-9999 -9999 12.3585 12.7426 12.9405 12.9788 13.3167 13.6507 13.8663 14.0248 14.0035 14.0003 13.9966 13.8903 13.6312 13.6901 13.6793 13.5338 12.612 11.5346 12.0232 11.3882 10.0184 11.1642 11.7983 11.2209 9.91205 8.39175 7.90523 7.94532 7.2044 6.24712 -9999 -9999 -9999 7.13674 7.94847 8.02969 8.27707 9.03375 9.61223 10.0511 10.354 10.3645 10.0738 9.58134 9.04498 9.25348 10.254 10.5074 10.7322 10.897 10.6963 10.8178 11.0927 11.2398 11.2782 11.2268 11.2235 11.2563 11.2363 10.9221 9.27968 8.34501 7.75348 6.55808 -9999 -9999 -9999 -9999 -9999 -9999
-9999 -9999 12.1242 12.4591 12.7316 13.1777 13.2316 13.518 13.6882 13.9459 13.9819 13.7026 13.9494 13.9279 13.8932 13.8092 13.6818 12.905 11.8306 10.7542 10.2649 10.4943 9.6759 10.1238 10.7664 10.5532 9.75911 8.40662 8.22947 7.9274 6.67437 5.46508 -9999 -9999 5.57322 7.11998 8.21228 8.78109 8.96505 8.99292 9.71855 9.78626 10.567 10.4056 9.40462 9.53187 9.14982 9.41908 9.79505 9.90695 10.4454 10.9613 11.0669 11.0799 11.2586 11.3037 11.3231 11.3293 11.2261 11.2894 11.3089 11.1175 9.93058 9.35839 8.72826 6.57088 -9999 -9999 -9999 -9999 -9999 -9999
-9999 -9999 12.2922 12.6657 13.0739 13.1459 13.4501 13.4237 13.3438 13.7662 13.9289 13.7338 13.596 13.8747 13.8655 13.8399 13.7919 13.0626 12.2177 10.9328 10.1402 9.66227 9.32736 8.8822 9.22038 9.1384 9.02287 9.19082 8.8308 8.09647 7.36767 5.99187 5.25218 -9999 5.65633 6.36062 7.65729 8.76071 9.46512 9.2268 10.0501 10.2122 10.6978 10.4352 9.83371 9.58247 9.57193 9.50388 10.0638 10.4454 10.7221 10.9071 11.1369 11.2024 11.268 11.3014 11.3242 11.3474 11.3553 11.362 11.3492 11.2846 10.7456 10.1756 8.92751 6.6404 -9999 -9999 -9999 -9999 -9999 -9999
-9999 11.215 12.2497 12.8711 13.1157 13.294 13.452 13.5682 13.6876 13.7999 13.882 13.8606 13.3306 13.3832 13.4893 13.8049 13.794 13.7387 13.2825 11.7165 11.1852 10.405 9.38801 8.97653 9.20925 10.073 10.0521 9.50813 8.8996 8.05207 7.51814 6.6789 5.05491 5.21492 5.96511 6.52583 7.41043 8.7565 9.70324 10.1317 10.3004 10.6447 10.828 10.4646 10.1215 9.98383 9.7176 9.69145 9.70673 10.0501 10.3247 10.9111 11.1152 11.2159 11.2712 11.3056 11.3334 11.3611 11.3777 11.3776 11.3896 11.397 11.3695 10.6055 8.67726 7.23088 -9999 -9999 -9999 -9999 -9999 -9999
-9999 -9999 12.0595 12.3364 12.4137 12.5438 12.8036 13.1021 13.5202 13.5805 13.8159 13.821 13.3668 12.8396 13.3155 13.5108 13.7138 13.7313 13.6837 12.3715 11.6922 11.1613 10.1872 10.565 10.9219 10.9651 10.7777 9.59254 8.41187 7.04785 5.77357 5.72653 5.04656 5.42744 5.92693 7.19018 8.08205 8.44983 8.71685 10.0848 10.4514 10.5853 10.945 10.4838 10.3796 10.037 10.1564 10.1388 10.1542 9.18085 10.1873 10.2577 10.9139 11.2155 11.2927 11.3207 11.3499 11.3632 11.3774 11.3854 11.4033 11.4059 11.4095 10.918 8.46654 7.24675 -9999 -9999 -9999 -9999 -9999 -9999
-9999 -9999 -9999 -9999 12.1576 12.37 12.5083 12.7432 13.448 13.6436 13.7761 13.7942 13.5953 13.0735 12.943 13.0501 12.5436 12.989 13.5944 13.594 13.5374 12.3867 11.8099 12.4054 12.2476 11.3882 10.7156 10.0517 8.66681 7.65742 6.1949 5.09967 5.07164 6.30945 7.33934 8.61737 9.18697 8.87903 9.23393 9.92051 10.6979 11.0801 11.0051 10.5182 10.4641 9.92854 10.482 10.542 10.3045 10.1009 10.204 10.5348 10.668 11.1834 11.3162 11.3489 11.3628 11.375 11.3833 11.3912 11.3974 11.4046 11.4106 11.4014 8.88137 6.9279 -9999 -9999 -9999 -9999 -9999 -9999
-9999 -9999 -9999 -9999 11.6702 11.802 12.1381 12.9918 13.4391 13.6249 13.6257 13.7158 13.5777 13.1195 12.6496 12.2078 11.6364 11.9819 12.8768 13.411 13.4856 12.4792 13.0316 12.8502 12.4754 11.3463 10.5188 10.0881 8.75937 7.62406 6.65638 5.31336 5.90794 6.5604 7.39389 8.78746 9.73059 10.124 9.81331 10.2554 11.1481 11.1649 10.6953 10.7395 10.4617 9.72491 10.5202 10.7539 10.5903 10.6497 10.6003 10.7309 10.9587 11.1766 11.3248 11.3537 11.3661 11.3717 11.3818 11.3934 11.3955 11.4087 11.4147 11.4156 9.79408 6.88887 -9999 -9999 -9999 -9999 -9999 -9999
-9999 -9999 -9999 -9999 -9999 11.2329 11.9921 13.1233 13.4059 13.3868 13.6259 13.6531 13.4368 13.2508 12.6784 11.8939 10.3789 10.7801 11.6051 12.7898 13.4203 13.3538 13.0319 12.4556 11.0358 9.7955 9.66056 9.47212 8.50704 7.63666 6.55905 7.20728 7.91499 8.68699 9.09777 9.00528 9.81495 10.4769 10.2108 10.7506 11.3789 11.1111 10.9581 10.8321 10.5086 10.5019 10.5513 11.009 10.7158 10.918 10.9394 10.9408 11.0575 11.1896 11.3275 11.3586 11.369 11.3811 11.3767 11.3929 11.3974 11.4027 11.4094 11.4121 11.2784 9.72184 8.79609 -9999 -9999 -9999 -9999 -9999
-9999 -9999 -9999 -9999 -9999 10.5375 10.9192 12.2579 12.6726 13.2679 13.5872 13.6087 13.2384 13.0365 12.1789 11.9078 10.5073 9.88068 10.4368 10.2438 11.8705 13.3126 13.0226 10.1627 9.13846 8.413 8.62174 8.64101 8.38463 6.89076 6.48988 7.85759 8.72328 9.39618 9.90881 10.0245 10.0177 11.0472 11.1934 11.5356 11.475 11.5176 11.0154 10.7098 11.0038 10.6968 10.656 11.1283 10.6906 11.1125 11.0811 10.9706 10.9757 11.2558 11.321 11.36 11.3719 11.3714 11.3681 11.3716 11.3921 11.4007 11.399 11.4137 11.4134 11.2442 10.4446 10.1752 10.5061 -9999 -9999 -9999
-9999 -9999 -9999 -9999 -9999 -9999 9.67621 11.5345 12.3839 12.835 13.4678 13.5504 13.3581 13.0017 12.1281 11.3619 10.1112 8.68222 7.93279 10.2324 12.2367 13.291 13.1748 10.797 9.86945 9.84337 10.4177 9.96515 9.62561 8.49431 8.16666 7.70435 8.01203 8.9463 9.7095 10.4451 10.9826 11.0359 11.3883 11.5966 11.6241 11.6975 11.6494 11.6128 11.1321 11.4889 11.2118 11.3802 11.2945 11.2183 11.1579 10.8859 11.0982 11.2872 11.3437 11.3686 11.3677 11.3752 11.3779 11.372 11.3771 11.3885 11.4 11.4048 11.4189 11.4282 11.3521 10.877 10.2357 9.42118 -9999 -9999
-9999 -9999 -9999 -9999 -9999 -9999 8.75107 10.6005 11.492 12.6419 13.2374 13.4849 13.4608 13.1737 12.5122 11.5128 10.6831 9.08646 7.42915 9.84006 11.9944 13.1634 13.2412 11.2488 11.8244 11.3907 11.5899 10.7811 10.4546 10.2 9.62244 8.98857 8.29534 7.93303 9.63151 10.5087 11.2164 11.5555 11.7518 11.8552 11.8172 11.7036 10.9666 11.5505 11.5357 11.4925 11.441 11.4231 11.3776 11.3213 11.2971 11.2945 11.1175 11.3425 11.3492 11.362 11.3729 11.3774 11.3771 11.3785 11.3783 11.391 11.3983 11.4047 11.4137 11.4291 11.4381 11.4262 11.3107 10.2117 9.55974 9.38921
-9999 -9999 -9999 -9999 -9999 -9999 6.1614 8.84946 11.0089 12.1411 13.0662 13.325 13.4267 13.0389 12.7518 12.0384 11.3643 10.3194 8.74922 7.78835 9.5968 12.2224 13.2042 13.1494 13.1062 12.6016 12.1483 12.1055 12.1569 11.6262 10.8482 9.82037 9.50944 9.15631 10.4243 10.6057 10.5245 11.9167 11.9304 11.8625 11.3448 10.7657 10.89 10.5383 10.8345 10.4111 10.8261 11.1867 11.3297 11.3321 11.3032 11.3096 11.3002 11.3499 11.3596 11.3636 11.3691 11.3768 11.382 11.3767 11.3789 11.3965 11.399 11.404 11.4122 11.4291 11.4408 11.4355 11.432 11.275 11.0315 10.5569
-9999 -9999 -9999 -9999 -9999 -9999 6.27834 8.5372 10.4571 11.614 12.7243 12.9877 13.3679 13.2961 12.9951 12.3763 11.6016 10.7437 9.39822 8.40234 9.61769 11.3635 12.62 13.0849 13.1 13.0864 12.9847 12.9569 12.835 12.7529 12.1954 11.2267 10.6833 9.88171 11.2936 11.4617 11.2534 11.9629 11.9384 10.8921 10.0904 10.0004 10.5097 10.0503 9.983 9.7047 10.0497 10.9521 10.7057 10.7699 11.1905 11.2686 11.3249 11.347 11.3545 11.3629 11.3662 11.3776 11.3892 11.3843 11.3884 11.3966 11.3935 11.405 11.4077 11.418 11.4276 11.4312 11.4289 11.3942 11.3552 11.4275
-9999 -9999 -9999 -9999 -9999 -9999 6.32935 7.84554 9.57427 11.2739 12.4595 12.9425 13.2967 13.3017 12.9505 12.6481 12.1665 11.413 10.9007 10.0026 8.76571 10.8774 11.5333 12.1268 12.3891 13.0034 13.0045 12.7459 12.445 12.7547 12.6838 11.9181 11.6744 11.254 12.0443 12.0572 12.0464 12.0153 11.133 9.90262 8.92154 9.64687 9.50934 9.85125 8.85151 9.69982 10.3853 10.6165 10.175 9.84866 10.9147 11.1031 11.2175 11.2945 11.3485 11.3485 11.3697 11.3741 11.3819 11.3896 11.392 11.3984 11.4016 11.4049 11.4109 11.4223 11.4244 11.424 11.4373 11.4273 11.4307 11.4379
-9999 -9999 -9999 -9999 -9999 -9999 -9999 6.9555 9.1477 11.1036 12.196 12.8861 13.2267 13.2294 13.0545 12.8524 12.5579 12.0175 11.3364 10.2535 9.45366 9.98453 10.6272 10.7176 11.1522 12.383 12.8135 12.2398 10.7997 11.6758 12.647 12.6444 12.575 12.4955 12.3903 12.296 12.0762 11.469 9.58657 9.22478 8.49327 8.58912 8.2198 9.06636 8.77114 9.63882 10.0222 10.1749 9.39718 9.58328 10.5281 10.9073 10.8576 11.0943 11.3214 11.3393 11.3562 11.3615 11.3772 11.3903 11.3983 11.3999 11.4051 11.4126 11.4103 11.4304 11.374 11.3424 11.2637 11.3924 11.4171 11.4453
-9999 -9999 -9999 -9999 -9999 -9999 -9999 6.52458 8.7104 11.013 11.7577 12.5014 13.1448 13.1663 12.894 12.6362 12.3711 12.0684 11.2393 10.4363 9.67071 9.42306 9.59413 9.59837 10.2913 11.8897 12.2109 12.0945 10.593 10.0921 11.385 12.4732 12.5701 12.4845 11.2305 11.5115 10.8399 9.9251 9.68142 9.28738 8.4423 8.86612 8.25053 8.53144 8.47817 8.9761 9.2254 9.81532 9.139 9.1612 10.0896 10.5612 10.5842 11.0783 11.2616 11.3179 11.3404 11.3597 11.3732 11.3924 11.3999 11.4051 11.4082 11.3981 11.3563 11.2032 10.3064 10.3215 10.5867 10.8384 11.2891 11.4297
-9999 -9999 -9999 -9999 -9999 -9999 -9999 6.77686 8.29638 10.3408 11.8574 11.9607 12.7029 13.0908 12.7941 12.4593 12.1171 11.9743 11.0706 10.0772 9.27751 8.32886 8.50094 9.20545 10.3515 11.3886 11.5856 11.3881 10.5918 10.99 11.8756 12.3516 12.5005 12.4048 12.1409 11.9931 11.5017 11.295 10.6081 9.52759 9.10901 9.39298 8.24562 8.33854 8.77922 8.34321 9.10639 9.47815 8.60092 9.33222 10.1505 10.5745 10.9466 11.1287 11.208 11.3237 11.3378 11.358 11.3743 11.3846 11.3965 11.3919 11.3904 11.3058 11.1754 10.3348 10.0009 10.0844 10.4927 10.8519 11.2382 11.3991
-9999 -9999 -9999 -9999 -9999 -9999 -9999 7.03473 8.40397 10.178 11.2621 11.4633 12.2857 13.0183 12.9474 12.5987 12.5002 12.1394 11.3746 10.529 9.60396 9.16104 8.12624 9.1713 10.0033 10.8833 11.3022 10.6514 10.3286 10.9369 11.5413 11.7901 12.3999 12.4062 12.2232 11.3951 10.9972 11.1817 11.0172 10.7206 9.98059 9.95875 9.48773 9.29965 9.12277 8.52852 8.93228 8.98383 9.10823 9.97558 10.4072 10.6972 10.962 11.04 11.1616 11.3159 11.3399 11.3566 11.3676 11.3821 11.3836 11.3552 11.3333 11.1503 10.8169 10.1837 9.15863 9.91031 10.6957 10.9463 11.1889 11.3183
-9999 -9999 -9999 -9999 -9999 -9999 -9999 6.80303 8.25735 9.77507 10.4149 10.5311 12.0122 12.9231 12.9347 12.7749 12.5868 11.6788 11.7443 11.5724 10.7388 9.5193 8.17893 8.31873 9.1419 10.2974 10.6892 9.60098 9.22305 9.52359 10.4309 11.2441 12.0924 12.3167 12.0832 10.7878 9.41039 10.0661 10.766 10.7737 10.5833 9.89799 9.68843 9.49994 9.00336 8.15882 8.30024 8.55198 9.54084 9.85742 10.3398 10.7424 10.6069 10.7047 11.0901 11.3161 11.3358 11.3513 11.3701 11.377 11.3762 11.3075 11.2342 11.1029 10.2129 9.66434 8.86593 9.83314 10.3726 10.6787 11.1927 11.325
-9999 -9999 -9999 -9999 -9999 -9999 -9999 6.35556 7.41354 8.86482 9.45523 10.3917 11.7922 12.486 12.8241 12.8272 12.7055 12.3049 12.0688 11.5927 10.7248 9.53385 8.20884 7.35072 7.80592 9.36031 9.74243 8.73515 8.22901 8.88808 9.85397 11.278 12.0966 12.2175 12.1563 11.8984 10.8959 9.68225 9.69797 10.3241 9.82152 9.23562 9.57608 9.52711 9.0369 8.68365 8.48048 8.63831 9.20705 9.44599 10.0014 10.8155 10.9422 10.9312 11.2806 11.3091 11.3287 11.3531 11.3645 11.3733 11.3751 11.3213 11.1859 10.5975 10.0861 9.3699 9.29262 10.161 10.5517 10.9145 11.1733 11.2662
-9999 -9999 -9999 -9999 -9999 -9999 -9999 5.58495 6.82832 8.18859 9.463 10.6694 11.7092 11.7987 12.3522 12.3619 12.6572 12.5865 12.2161 11.8168 11.0704 9.53678 8.24926 6.84415 7.23008 8.81614 9.03777 8.36672 7.11601 8.43302 9.88397 11.2 11.9178 11.3763 11.9552 11.9202 11.5518 10.834 9.71152 9.74456 8.90631 8.88104 9.32929 9.48283 9.42207 9.15988 8.7387 8.83596 9.18899 9.28587 9.79732 10.4315 11.0517 11.1657 11.2935 11.3102 11.3239 11.3451 11.3582 11.3574 11.3383 11.2814 10.79 10.2034 9.84693 9.35175 9.30297 10.2972 10.7112 10.946 11.1714 11.2681
-9999 -9999 -9999 -9999 -9999 -9999 -9999 -9999 6.70172 8.10685 9.14917 9.43694 10.3624 10.8668 11.2595 11.3547 12.457 12.5279 12.297 11.931 11.2959 10.1347 9.32941 7.9819 7.01679 7.43825 7.63755 8.0092 7.91578 8.50992 9.90457 11.3569 11.5259 10.6228 10.7699 10.973 11.4136 11.2074 9.67369 8.90016 8.26009 8.73466 9.23337 9.36304 9.39854 9.31657 9.23096 9.06803 9.73151 10.2255 10.3493 10.7815 11.1036 11.2011 11.2774 11.2972 11.3171 11.329 11.3228 11.3216 11.2558 11.0935 10.5424 9.19969 9.27556 9.14171 8.73301 9.70695 10.3362 10.8874 11.1864 11.2732
-9999 -9999 -9999 -9999 -9999 -9999 -9999 -9999 6.2367 7.86112 8.21184 8.19624 7.67145 7.92762 9.92 10.3295 11.387 12.389 12.3271 11.968 11.3743 10.6873 9.61752 8.10035 6.89737 6.40299 7.72538 9.02008 9.29752 9.71965 10.5789 10.7518 9.82858 8.9634 9.46733 9.77539 10.9168 11.1344 10.9262 10.0066 8.95364 8.40955 9.07714 9.17656 9.22776 9.24747 9.24592 9.24231 9.99341 10.4119 10.7058 10.8712 11.1495 11.2295 11.2632 11.2955 11.3025 11.3006 11.2704 11.2345 11.0359 10.793 9.88233 9.1253 8.65807 8.06175 9.44737 9.87557 10.4631 10.8458 11.1434 11.2187
