Test_Spring_2018/04_18/Temp/20180410_010.txt
ncols	170
nrows	115
xllcorner	350000.000000
yllcorner	4445000.000000
cellsize	1000.000000
nodata_value	-9999.000000
[rows 32 to 63 of 115, columns 72 to 143 of 170]
18.4443 18.439 18.4852 18.5286 18.5048 18.4944 18.549 18.563 18.5612 18.5377 18.5388 18.5397 18.5466 18.5135 18.3921 18.2844 18.3669 18.3845 18.3543 18.4522 18.4239 18.3253 18.1796 18.2809 18.2723 18.1518 18.1305 -9999 -9999 -9999 -9999 -9999 -9999 -9999 -9999 -9999 -9999 -9999 -9999 -9999 -9999 -9999 -9999 -9999 -9999 -9999 -9999 -9999 -9999 -9999 -9999 -9999 -9999 -9999 -9999 -9999 -9999 -9999 -9999 -9999 -9999 -9999 -9999 -9999 -9999 -9999 -9999 -9999 -9999 -9999 -9999 -9999
18.4141 18.4205 18.4821 18.4957 18.4945 18.5046 18.5412 18.5612 18.5693 18.5674 18.568 18.5681 18.5448 18.5046 18.403 18.278 18.262 18.347 18.3661 18.3928 18.3684 18.3336 18.2704 18.3486 18.3875 18.3171 18.2149 18.1524 -9999 -9999 -9999 -9999 -9999 -9999 -9999 -9999 -9999 -9999 -9999 -9999 -9999 -9999 -9999 -9999 -9999 -9999 -9999 -9999 -9999 -9999 -9999 -9999 -9999 -9999 -9999 -9999 -9999 -9999 -9999 -9999 -9999 -9999 -9999 -9999 -9999 -9999 -9999 -9999 -9999 -9999 -9999 -9999
18.379 18.3487 18.3918 18.4276 18.4562 18.4648 18.4846 18.5545 18.5659 18.578 18.5692 18.5654 18.5495 18.5113 18.4505 18.3741 18.2291 18.3444 18.438 18.4516 18.4627 18.4429 18.3828 18.4599 18.4771 18.3788 18.2588 18.2096 18.198 -9999 -9999 -9999 -9999 -9999 -9999 -9999 -9999 -9999 -9999 -9999 -9999 -9999 -9999 -9999 -9999 -9999 -9999 -9999 -9999 -9999 -9999 -9999 -9999 -9999 -9999 -9999 -9999 -9999 -9999 -9999 -9999 -9999 -9999 -9999 -9999 -9999 -9999 -9999 -9999 -9999 -9999 -9999
18.3397 18.2994 18.3425 18.3949 18.4485 18.473 18.4986 18.5293 18.5605 18.5731 18.5636 18.5068 18.5121 18.5247 18.4905 18.4011 18.312 18.3007 18.4353 18.4849 18.4934 18.535 18.4864 18.5309 18.5329 18.5047 18.3933 18.2999 18.2753 18.2125 -9999 -9999 -9999 -9999 -9999 -9999 -9999 -9999 -9999 -9999 -9999 -9999 -9999 -9999 -9999 -9999 -9999 -9999 -9999 -9999 -9999 -9999 -9999 -9999 -9999 -9999 -9999 -9999 -9999 -9999 -9999 -9999 -9999 -9999 -9999 -9999 -9999 -9999 -9999 -9999 -9999 -9999
-9999 -9999 18.277 18.3293 18.3799 18.435 18.4842 18.5206 18.5566 18.5693 18.5353 18.5266 18.54 18.5229 18.481 18.4608 18.4107 18.3578 18.4002 18.5172 18.4877 18.5745 18.5832 18.6109 18.5771 18.4793 18.3642 18.295 18.2744 18.2263 -9999 -9999 -9999 -9999 -9999 -9999 -9999 -9999 -9999 -9999 -9999 -9999 -9999 -9999 -9999 -9999 -9999 -9999 -9999 -9999 -9999 -9999 -9999 -9999 -9999 -9999 -9999 -9999 -9999 -9999 -9999 -9999 -9999 -9999 -9999 -9999 -9999 -9999 -9999 -9999 -9999 -9999
-9999 -9999 -9999 18.3175 18.3579 18.4407 18.4706 18.4987 18.548 18.5623 18.5585 18.5596 18.5549 18.5444 18.5169 18.4852 18.4392 18.4498 18.5307 18.5474 18.5494 18.5752 18.6232 18.6288 18.5605 18.4341 18.38 18.2365 18.192 18.2128 18.1861 -9999 -9999 -9999 -9999 -9999 -9999 -9999 -9999 -9999 -9999 -9999 -9999 18.5701 -9999 -9999 -9999 -9999 -9999 -9999 -9999 -9999 -9999 -9999 -9999 -9999 -9999 -9999 -9999 -9999 -9999 -9999 -9999 -9999 18.6933 -9999 -9999 -9999 -9999 -9999 -9999 -9999
-9999 -9999 18.3089 18.3478 18.3943 18.4505 18.4579 18.488 18.5422 18.5568 18.5582 18.5584 18.5407 18.5484 18.54 18.5043 18.5102 18.548 18.5741 18.6012 18.6237 18.6333 18.6345 18.6313 18.5777 18.5316 18.505 18.3859 18.3241 18.2777 18.2006 18.144 -9999 -9999 -9999 -9999 -9999 -9999 -9999 18.4476 18.4624 18.4822 18.5205 18.594 18.579 -9999 -9999 -9999 -9999 -9999 -9999 -9999 -9999 -9999 -9999 -9999 -9999 -9999 -9999 -9999 -9999 -9999 -9999 -9999 18.7426 18.6903 -9999 -9999 -9999 -9999 -9999 -9999
-9999 -9999 18.3023 18.3604 18.3952 18.4495 18.4857 18.4968 18.524 18.5512 18.5633 18.5619 18.5526 18.5689 18.5511 18.5494 18.5531 18.5986 18.6209 18.6257 18.627 18.6294 18.6079 18.6177 18.6007 18.5759 18.5267 18.4756 18.3788 18.268 18.1601 18.0765 -9999 -9999 -9999 -9999 -9999 -9999 18.4364 18.5012 18.5474 18.5069 18.5755 18.6395 18.6499 18.6125 -9999 -9999 -9999 -9999 -9999 -9999 -9999 -9999 -9999 -9999 -9999 -9999 -9999 -9999 19.0047 18.9504 18.8205 18.7637 18.7377 18.692 -9999 -9999 -9999 -9999 -9999 -9999
-9999 -9999 18.2926 18.3583 18.4062 18.4498 18.4662 18.5028 18.5224 18.543 18.5564 18.5681 18.5792 18.5655 18.5695 18.5414 18.602 18.6176 18.6236 18.5966 18.5936 18.5341 18.5157 18.5048 18.5801 18.546 18.4612 18.3523 18.2076 18.2065 18.1726 18.0991 -9999 -9999 -9999 -9999 -9999 -9999 18.4473 18.5156 18.5757 18.6004 18.5603 18.6602 18.6651 18.637 18.6441 18.699 18.7354 18.7309 18.7931 18.8246 18.8229 18.8638 -9999 -9999 -9999 -9999 18.9738 18.9966 19.0188 19.0079 18.8642 18.7724 18.6921 18.7 -9999 -9999 -9999 -9999 -9999 -9999
-9999 -9999 18.3298 18.3738 18.4011 18.4141 18.4537 18.4857 18.509 18.5331 18.5448 18.559 18.5739 18.5804 18.5738 18.5958 18.6116 18.6154 18.55 18.4702 18.5283 18.4868 18.3693 18.4753 18.542 18.5011 18.3951 18.2704 18.2264 18.2367 18.1835 18.1109 -9999 -9999 -9999 18.2519 18.3411 18.3661 18.406 18.4912 18.5606 18.6177 18.6622 18.672 18.6615 18.6343 18.603 18.6376 18.7423 18.7808 18.8088 18.8406 18.8403 18.8705 18.9128 18.944 18.9658 18.9799 18.9985 19.0203 19.0377 19.029 18.9009 18.8373 18.804 18.7212 -9999 -9999 -9999 -9999 -9999 -9999
-9999 -9999 18.3049 18.3441 18.3776 18.4246 18.4388 18.474 18.4929 18.5225 18.5392 18.529 18.5662 18.5805 18.5943 18.604 18.61 18.5582 18.4796 18.4001 18.3717 18.3985 18.3385 18.383 18.4502 18.44 18.3754 18.2652 18.2593 18.2335 18.1311 18.0372 -9999 -9999 18.0922 18.2461 18.3604 18.4289 18.4636 18.4846 18.5673 18.5916 18.6786 18.6745 18.6014 18.6291 18.611 18.6507 18.7012 18.7271 18.7844 18.8463 18.873 18.8918 18.9255 18.9476 18.9678 18.9871 18.9969 19.0216 19.0425 19.0449 18.9591 18.9278 18.8889 18.7233 -9999 -9999 -9999 -9999 -9999 -9999
-9999 -9999 18.3148 18.3568 18.4017 18.4169 18.453 18.4618 18.4584 18.5075 18.5309 18.5282 18.5316 18.5728 18.5893 18.6046 18.6181 18.5709 18.513 18.4153 18.3601 18.3251 18.3074 18.2687 18.3084 18.3104 18.3093 18.3332 18.3084 18.2442 18.1912 18.0794 18.028 -9999 18.095 18.1745 18.3072 18.4234 18.5046 18.5024 18.5942 18.6271 18.6821 18.6761 18.6383 18.6333 18.6485 18.6585 18.7239 18.7728 18.8071 18.8403 18.8773 18.9006 18.9242 18.9453 18.9658 18.9866 19.0063 19.0261 19.0444 19.0581 19.0299 18.9968 18.9057 18.7283 -9999 -9999 -9999 -9999 -9999 -9999
-9999 18.2194 18.311 18.3741 18.4037 18.4276 18.4501 18.4695 18.4843 18.5065 18.5265 18.5361 18.505 18.5266 18.5536 18.5996 18.6168 18.6298 18.6066 18.4841 18.4472 18.3872 18.3084 18.2767 18.3064 18.3915 18.398 18.3582 18.3128 18.2389 18.2001 18.138 18.0061 18.0354 18.1181 18.185 18.2815 18.4195 18.5226 18.5798 18.614 18.6585 18.6925 18.6782 18.6635 18.6677 18.6602 18.6737 18.6907 18.7367 18.7711 18.8387 18.8738 18.8997 18.9224 18.9435 18.9645 18.9857 19.0063 19.0257 19.0462 19.0665 19.0821 19.0339 18.8853 18.7822 -9999 -9999 -9999 -9999 -9999 -9999
-9999 -9999 18.2938 18.3257 18.3399 18.359 18.3899 18.425 18.4661 18.483 18.5168 18.5316 18.5055 18.476 18.5362 18.572 18.6085 18.6282 18.6414 18.5357 18.4891 18.4544 18.3791 18.4169 18.457 18.4688 18.46 18.3627 18.2661 18.1463 18.044 18.0515 18.0026 18.0502 18.1108 18.2402 18.3376 18.3893 18.4325 18.5733 18.6219 18.6524 18.7022 18.6788 18.6853 18.6713 18.6978 18.7119 18.7287 18.6579 18.7573 18.7799 18.8547 18.8979 18.9222 18.9428 18.9638 18.9839 19.0043 19.0245 19.0457 19.0646 19.0863 19.0628 18.8656 18.7824 -9999 -9999 -9999 -9999 -9999 -9999
-9999 -9999 -9999 -9999 18.3155 18.3414 18.3612 18.3903 18.4569 18.4856 18.5102 18.5262 18.5244 18.4947 18.5014 18.5297 18.5037 18.5606 18.6293 18.6442 18.6526 18.5628 18.5176 18.5792 18.5733 18.5048 18.4524 18.4009 18.2857 18.1972 18.0779 17.9923 18.0027 18.1266 18.2326 18.3635 18.4326 18.4247 18.4759 18.5548 18.6426 18.695 18.7065 18.6808 18.6918 18.6607 18.7255 18.7464 18.7406 18.7378 18.7572 18.8028 18.8311 18.8937 18.9229 18.9434 18.9631 18.9831 19.0031 19.0233 19.0438 19.0645 19.0851 19.1044 18.9014 18.7531 -9999 -9999 -9999 -9999 -9999 -9999
-9999 -9999 -9999 -9999 18.2705 18.289 18.3262 18.4099 18.4537 18.4816 18.4946 18.5171 18.5208 18.4975 18.474 18.4539 18.4217 18.4699 18.5655 18.6277 18.6476 18.5704 18.6251 18.6177 18.5923 18.4995 18.4332 18.402 18.2915 18.1918 18.1162 18.0086 18.0739 18.146 18.2357 18.3762 18.4785 18.5329 18.5246 18.5831 18.6813 18.7014 18.678 18.6994 18.6906 18.6416 18.7278 18.764 18.7647 18.785 18.791 18.8187 18.8553 18.8915 18.922 18.9423 18.9618 18.9812 19.0014 19.0221 19.0423 19.0636 19.0844 19.1047 18.9813 18.7488 -9999 -9999 -9999 -9999 -9999 -9999
-9999 -9999 -9999 -9999 -9999 18.2367 18.3113 18.4197 18.449 18.4589 18.4931 18.5101 18.507 18.5078 18.4755 18.425 18.3094 18.3625 18.4519 18.5716 18.6407 18.6466 18.6239 18.5814 18.4634 18.3608 18.3557 18.3458 18.2675 18.1913 18.1059 18.1746 18.25 18.3327 18.385 18.3942 18.4846 18.5626 18.5586 18.6258 18.7006 18.6956 18.7002 18.7066 18.6938 18.7094 18.7296 18.7856 18.7748 18.8077 18.8199 18.8362 18.8629 18.8915 18.9209 18.9415 18.9608 18.9807 18.9997 19.0209 19.0413 19.062 19.083 19.1035 19.112 18.9989 18.9375 -9999 -9999 -9999 -9999 -9999
-9999 -9999 -9999 -9999 -9999 18.1732 18.2147 18.3417 18.3828 18.4473 18.4888 18.5054 18.4887 18.4876 18.4299 18.4249 18.3196 18.2812 18.3467 18.3444 18.5017 18.6411 18.6212 18.3766 18.2938 18.2369 18.2624 18.2712 18.2558 18.1244 18.0991 18.2317 18.3212 18.3951 18.4565 18.4838 18.502 18.6127 18.6447 18.6944 18.7082 18.7306 18.7043 18.6948 18.7367 18.7258 18.738 18.7953 18.7718 18.8242 18.8317 18.8381 18.855 18.8966 18.9196 18.9409 18.9603 18.9791 18.9982 19.0182 19.0401 19.0611 19.0814 19.1031 19.1234 19.1332 19.083 19.0793 19.1283 -9999 -9999 -9999
-9999 -9999 -9999 -9999 -9999 -9999 18.1032 18.2766 18.3564 18.4084 18.4779 18.5 18.4959 18.4827 18.424 18.375 18.2826 18.1738 18.1225 18.3408 18.5315 18.6367 18.6323 18.4307 18.3567 18.3621 18.4204 18.3878 18.3654 18.2663 18.2478 18.2186 18.2588 18.3543 18.4385 18.5214 18.5876 18.6117 18.6627 18.699 18.7205 18.7456 18.7595 18.7738 18.7471 18.795 18.7864 18.817 18.8247 18.8331 18.8381 18.8302 18.8655 18.8991 18.9214 18.9415 18.9597 18.9792 18.9989 19.0182 19.0384 19.0597 19.0811 19.1019 19.1235 19.1492 19.1631 19.1412 19.1041 19.0513 -9999 -9999
-9999 -9999 -9999 -9999 -9999 -9999 18.02 18.1932 18.2769 18.3911 18.4537 18.4887 18.5039 18.4965 18.4564 18.3863 18.331 18.207 18.0766 18.305 18.5069 18.6225 18.6402 18.4682 18.5278 18.4976 18.5233 18.4597 18.4391 18.4178 18.3776 18.3335 18.2824 18.2658 18.4327 18.5279 18.6091 18.6582 18.6951 18.7239 18.7381 18.7453 18.6981 18.7674 18.7819 18.7945 18.8061 18.8203 18.8317 18.8421 18.8502 18.8664 18.8673 18.9031 18.9224 18.9413 18.9605 18.9798 18.9991 19.019 19.0392 19.0601 19.0809 19.1019 19.123 19.1493 19.1707 19.1898 19.1993 19.1212 19.0823 19.0848
-9999 -9999 -9999 -9999 -9999 -9999 17.7894 18.0375 18.2282 18.3418 18.4343 18.4735 18.4996 18.483 18.4757 18.4305 18.3886 18.3131 18.1903 18.1203 18.2938 18.5389 18.6339 18.6337 18.6392 18.6034 18.572 18.577 18.5905 18.545 18.4828 18.4049 18.3916 18.3757 18.5045 18.538 18.549 18.6911 18.7115 18.7249 18.6984 18.6632 18.6925 18.6769 18.719 18.6981 18.7511 18.799 18.8274 18.8432 18.8508 18.8663 18.8824 18.9058 18.924 18.9422 18.961 18.9805 19.0003 19.0196 19.0399 19.0618 19.0816 19.1025 19.123 19.1496 19.1711 19.1908 19.2102 19.2156 19.2129 19.1885
-9999 -9999 -9999 -9999 -9999 -9999 17.7927 17.996 18.1786 18.2894 18.4029 18.4424 18.4929 18.504 18.495 18.4578 18.4065 18.3473 18.2442 18.171 18.2927 18.4593 18.5823 18.6281 18.6365 18.6449 18.6454 18.6473 18.6464 18.6404 18.6035 18.5309 18.4973 18.4418 18.5833 18.6155 18.615 18.6964 18.7131 18.6395 18.5875 18.5983 18.6581 18.6352 18.6451 18.6349 18.6819 18.778 18.7706 18.7922 18.8393 18.8631 18.8874 18.9065 18.9247 18.9434 18.962 18.9819 19.0021 19.0214 19.0417 19.0626 19.0827 19.1031 19.1236 19.1501 19.1704 19.1908 19.2103 19.2265 19.2436 19.2677
-9999 -9999 -9999 -9999 -9999 -9999 17.7954 17.9333 18.0994 18.2577 18.378 18.4367 18.4848 18.5023 18.4885 18.479 18.4533 18.403 18.3735 18.3089 18.2136 18.4138 18.4828 18.5403 18.5695 18.6336 18.6434 18.6303 18.6021 18.6416 18.6476 18.5937 18.5869 18.5653 18.6517 18.6699 18.6868 18.7023 18.6427 18.5525 18.4843 18.5671 18.5731 18.617 18.5443 18.635 18.7122 18.749 18.7238 18.7111 18.8153 18.8516 18.8789 18.9031 18.9256 18.9436 18.9639 18.9831 19.003 19.0232 19.0433 19.064 19.0844 19.1049 19.1246 19.1513 19.1719 19.1939 19.2149 19.2319 19.2512 19.2697
-9999 -9999 -9999 -9999 -9999 -9999 -9999 17.8518 18.0517 18.2394 18.3513 18.4283 18.4749 18.492 18.4934 18.4923 18.4828 18.451 18.4062 18.3251 18.2682 18.3284 18.3957 18.4084 18.4577 18.5772 18.6258 18.5856 18.4575 18.5464 18.6457 18.6595 18.6682 18.6768 18.6841 18.6928 18.6909 18.6551 18.5067 18.4926 18.4462 18.4729 18.4582 18.5459 18.5354 18.6292 18.6799 18.71 18.6575 18.6826 18.7862 18.8369 18.8497 18.8882 18.9248 18.9445 18.9645 18.9838 19.0043 19.025 19.0454 19.0668 19.0874 19.1082 19.1272 19.155 19.1704 19.1877 19.2005 19.2313 19.2525 19.2793
-9999 -9999 -9999 -9999 -9999 -9999 -9999 17.8029 18.0104 18.2289 18.3101 18.3918 18.465 18.4834 18.476 18.4697 18.4625 18.4516 18.3936 18.3372 18.2836 18.2752 18.3032 18.3063 18.3792 18.5319 18.5716 18.5727 18.4378 18.4067 18.5349 18.6456 18.6693 18.6774 18.5827 18.6245 18.5824 18.5191 18.5155 18.4987 18.442 18.4976 18.461 18.5036 18.509 18.5702 18.6092 18.6783 18.6351 18.6457 18.7483 18.8074 18.827 18.8884 18.9226 18.9457 18.9662 18.9868 19.0071 19.0283 19.0486 19.0689 19.0892 19.1084 19.1247 19.13 19.0771 19.0984 19.1417 19.1835 19.2419 19.2801
-9999 -9999 -9999 -9999 -9999 -9999 -9999 17.8219 17.9708 18.1666 18.3162 18.3411 18.423 18.4736 18.4637 18.4504 18.4362 18.4393 18.3747 18.3016 18.2451 18.1749 18.2034 18.2787 18.3822 18.4859 18.5153 18.5098 18.4375 18.4864 18.5789 18.6358 18.6642 18.6716 18.6646 18.6683 18.642 18.6413 18.5982 18.5205 18.5014 18.5444 18.4606 18.4865 18.543 18.5139 18.5986 18.6486 18.5879 18.6646 18.7546 18.8099 18.8606 18.8946 18.9198 18.9483 18.9682 18.9888 19.0094 19.0297 19.0503 19.0696 19.0894 19.1018 19.1101 19.0555 19.0514 19.0788 19.1347 19.1861 19.2462 19.2798
-9999 -9999 -9999 -9999 -9999 -9999 -9999 17.8411 17.977 18.149 18.2604 18.294 18.3828 18.4639 18.4738 18.4591 18.4664 18.4502 18.3978 18.3379 18.2705 18.2454 18.1674 18.2732 18.3491 18.4395 18.4891 18.4286 18.4137 18.4816 18.5496 18.5866 18.656 18.6725 18.6727 18.6162 18.5981 18.6318 18.6349 18.6264 18.5787 18.5946 18.5706 18.5716 18.5735 18.5301 18.5832 18.605 18.6359 18.7223 18.7784 18.822 18.8635 18.8885 18.9176 18.9497 18.9705 18.9909 19.011 19.0316 19.0512 19.0683 19.0861 19.0897 19.0799 19.0436 18.9783 19.0649 19.1542 19.2029 19.2441 19.2751
-9999 -9999 -9999 -9999 -9999 -9999 -9999 17.8168 17.9604 18.11 18.1821 18.2082 18.3553 18.452 18.4692 18.4711 18.4704 18.4057 18.4269 18.4268 18.3677 18.274 18.1693 18.1953 18.2744 18.3858 18.4335 18.3344 18.315 18.3561 18.4512 18.5384 18.6291 18.665 18.6607 18.5628 18.4579 18.5333 18.6128 18.6312 18.6321 18.5892 18.5884 18.5894 18.563 18.5034 18.5272 18.567 18.6664 18.7125 18.7734 18.8273 18.8335 18.8605 18.9131 18.9518 18.9723 18.9926 19.0134 19.0333 19.0526 19.0661 19.0792 19.0872 19.0281 18.9992 18.9544 19.0596 19.1272 19.1813 19.2467 19.2782
-9999 -9999 -9999 -9999 -9999 -9999 -9999 17.7731 17.8819 18.0257 18.0936 18.1924 18.3323 18.4099 18.4559 18.4722 18.4774 18.4576 18.4522 18.4253 18.3633 18.2724 18.1693 18.1073 18.1613 18.301 18.3451 18.2565 18.226 18.2991 18.3996 18.541 18.6293 18.6561 18.6671 18.6611 18.5894 18.4993 18.5182 18.5912 18.5644 18.5303 18.5782 18.5916 18.5659 18.5523 18.5431 18.5774 18.6374 18.6769 18.7445 18.835 18.8647 18.8822 18.9318 18.9531 18.9737 18.9949 19.015 19.0351 19.0546 19.0693 19.0768 19.0443 19.0186 18.9748 18.9875 19.0903 19.1519 19.2043 19.2473 19.2755
-9999 -9999 -9999 -9999 -9999 -9999 -9999 17.7008 17.8262 17.9621 18.0907 18.2134 18.3215 18.3455 18.4106 18.4276 18.4697 18.4792 18.462 18.442 18.3909 18.2699 18.1703 18.0601 18.1082 18.2553 18.2674 18.2224 18.1263 18.2577 18.4014 18.5334 18.6128 18.581 18.6488 18.6625 18.647 18.6008 18.5189 18.5395 18.483 18.4986 18.5561 18.5875 18.5999 18.5945 18.5724 18.595 18.6363 18.6635 18.7273 18.8021 18.8757 18.9046 18.9347 18.9551 18.9753 18.9962 19.0165 19.0357 19.0533 19.0677 19.0436 19.0112 18.9992 18.9749 18.9902 19.1041 19.1678 19.2092 19.2494 19.2781
-9999 -9999 -9999 -9999 -9999 -9999 -9999 -9999 17.811 17.9511 18.0592 18.1007 18.1987 18.2595 18.3105 18.3351 18.4488 18.4709 18.4662 18.4492 18.4082 18.3202 18.2635 18.1585 18.0872 18.128 18.1418 18.1892 18.1956 18.2632 18.4019 18.5461 18.577 18.5133 18.5429 18.5777 18.6339 18.633 18.5148 18.464 18.4251 18.485 18.5471 18.5765 18.5975 18.6082 18.618 18.6073 18.6848 18.7474 18.7771 18.8342 18.8816 18.9092 18.9349 18.9557 18.9765 18.9967 19.0153 19.0345 19.0479 19.0529 19.0235 18.9241 18.9503 18.958 18.9414 19.0545 19.137 19.2061 19.2529 19.2809
-9999 -9999 -9999 -9999 -9999 -9999 -9999 -9999 17.7659 17.9255 17.9725 17.9873 17.957 17.996 18.1887 18.2412 18.351 18.4558 18.4661 18.4499 18.4126 18.3667 18.2867 18.1667 18.0744 18.0279 18.1534 18.277 18.3163 18.3686 18.46 18.4909 18.4251 18.3648 18.4261 18.4703 18.5885 18.6253 18.6245 18.5609 18.4855 18.4554 18.5325 18.5594 18.582 18.6018 18.6216 18.6297 18.7085 18.7645 18.8096 18.8432 18.8869 18.9131 18.9352 18.9572 18.977 18.996 19.0125 19.0286 19.0303 19.0281 18.9668 18.9192 18.8973 18.8641 19.0064 19.0712 19.1493 19.2043 19.2511 19.2782
