Test_Spring_2018/04_18/Temp/20180412_020.txt
ncols	170
nrows	115
xllcorner	350000.000000
yllcorner	4445000.000000
cellsize	1000.000000
nodata_value	-9999.000000
[rows 32 to 63 of 115, columns 72 to 143 of 170]
16.859 16.7125 16.9666 17.2015 17.0822 17.0025 17.3894 17.3999 17.2846 16.9997 16.9013 16.7986 16.7391 16.3698 15.3172 14.3689 14.8897 14.9099 14.5632 15.2065 14.8782 14.0096 12.7803 13.4596 13.2919 12.4177 12.1982 -9999 -9999 -9999 -9999 -9999 -9999 -9999 -9999 -9999 -9999 -9999 -9999 -9999 -9999 -9999 -9999 -9999 -9999 -9999 -9999 -9999 -9999 -9999 -9999 -9999 -9999 -9999 -9999 -9999 -9999 -9999 -9999 -9999 -9999 -9999 -9999 -9999 -9999 -9999 -9999 -9999 -9999 -9999 -9999 -9999
16.6474 16.5905 16.9627 16.9662 16.9572 17.1017 17.3492 17.4051 17.3663 17.2477 17.146 17.0371 16.7458 16.322 15.4223 14.3417 14.1029 14.6439 14.6772 14.7704 14.4718 14.0947 13.5004 14 14.1983 13.6217 12.8662 12.391 -9999 -9999 -9999 -9999 -9999 -9999 -9999 -9999 -9999 -9999 -9999 -9999 -9999 -9999 -9999 -9999 -9999 -9999 -9999 -9999 -9999 -9999 -9999 -9999 -9999 -9999 -9999 -9999 -9999 -9999 -9999 -9999 -9999 -9999 -9999 -9999 -9999 -9999 -9999 -9999 -9999 -9999 -9999 -9999
16.3951 16.0554 16.2839 16.4584 16.7742 16.876 16.9319 17.3731 17.3605 17.3505 17.1762 17.0386 16.8039 16.3964 15.8121 15.1065 13.8716 14.646 15.2538 15.2459 15.2204 14.9582 14.3874 14.8777 14.9072 14.1612 13.3352 12.8478 12.6494 -9999 -9999 -9999 -9999 -9999 -9999 -9999 -9999 -9999 -9999 -9999 -9999 -9999 -9999 -9999 -9999 -9999 -9999 -9999 -9999 -9999 -9999 -9999 -9999 -9999 -9999 -9999 -9999 -9999 -9999 -9999 -9999 -9999 -9999 -9999 -9999 -9999 -9999 -9999 -9999 -9999 -9999 -9999
16.1084 15.691 15.9208 16.2241 16.6476 16.8816 17.0591 17.1984 17.3401 17.3346 17.1561 16.6093 16.5391 16.524 16.1448 15.3392 14.5344 14.3316 15.2547 15.5241 15.4778 15.6892 15.2065 15.4445 15.3562 15.0915 14.2888 13.5612 13.2625 12.6671 -9999 -9999 -9999 -9999 -9999 -9999 -9999 -9999 -9999 -9999 -9999 -9999 -9999 -9999 -9999 -9999 -9999 -9999 -9999 -9999 -9999 -9999 -9999 -9999 -9999 -9999 -9999 -9999 -9999 -9999 -9999 -9999 -9999 -9999 -9999 -9999 -9999 -9999 -9999 -9999 -9999 -9999
-9999 -9999 15.4311 15.8399 16.1883 16.6042 16.9672 17.1522 17.3321 17.3286 16.9621 16.7875 16.7807 16.5356 16.0965 15.8238 15.3199 14.7944 15.0054 15.7933 15.4528 16.0127 15.9723 16.0803 15.7168 15.0158 14.079 13.5399 13.2729 12.7913 -9999 -9999 -9999 -9999 -9999 -9999 -9999 -9999 -9999 -9999 -9999 -9999 -9999 -9999 -9999 -9999 -9999 -9999 -9999 -9999 -9999 -9999 -9999 -9999 -9999 -9999 -9999 -9999 -9999 -9999 -9999 -9999 -9999 -9999 -9999 -9999 -9999 -9999 -9999 -9999 -9999 -9999
-9999 -9999 -9999 15.7655 16.0352 16.5856 16.881 17.005 17.2889 17.2999 17.1674 17.0695 16.9226 16.7276 16.3997 16.0367 15.5632 15.5261 16.0327 16.0457 15.948 16.0363 16.2991 16.2374 15.6609 14.6827 14.1657 13.1052 12.6557 12.7071 12.3902 -9999 -9999 -9999 -9999 -9999 -9999 -9999 -9999 -9999 -9999 -9999 -9999 13.6853 -9999 -9999 -9999 -9999 -9999 -9999 -9999 -9999 -9999 -9999 -9999 -9999 -9999 -9999 -9999 -9999 -9999 -9999 -9999 -9999 11.7786 -9999 -9999 -9999 -9999 -9999 -9999 -9999
-9999 -9999 15.7043 16.0586 16.3321 16.6816 16.7271 16.9438 17.269 17.2842 17.1933 17.089 16.8416 16.787 16.6041 16.2091 16.1344 16.3051 16.3873 16.4791 16.5379 16.5013 16.4032 16.2745 15.905 15.4515 15.1486 14.1783 13.6945 13.2303 12.5255 11.9754 -9999 -9999 -9999 -9999 -9999 -9999 -9999 13.2966 13.2746 13.2911 13.4501 13.8827 13.6325 -9999 -9999 -9999 -9999 -9999 -9999 -9999 -9999 -9999 -9999 -9999 -9999 -9999 -9999 -9999 -9999 -9999 -9999 -9999 12.1614 11.6056 -9999 -9999 -9999 -9999 -9999 -9999
-9999 -9999 15.7995 16.1653 16.354 16.6941 16.8938 17.0338 17.154 17.2691 17.2622 17.1459 16.9632 16.9736 16.7171 16.5823 16.4878 16.7158 16.7662 16.6838 16.5786 16.4859 16.2132 16.1863 16.0948 15.8082 15.3352 14.8476 14.1378 13.1788 12.2387 11.4816 -9999 -9999 -9999 -9999 -9999 -9999 13.3689 13.7308 13.949 13.4981 13.8898 14.2474 14.1927 13.8329 -9999 -9999 -9999 -9999 -9999 -9999 -9999 -9999 -9999 -9999 -9999 -9999 -9999 -9999 14.7893 14.2211 13.0681 12.4789 12.1264 11.6212 -9999 -9999 -9999 -9999 -9999 -9999
-9999 -9999 15.7264 16.1567 16.4523 16.7163 16.7689 17.0437 17.1682 17.2355 17.2398 17.2252 17.1997 16.9775 16.8867 16.5449 16.8871 16.8813 16.803 16.4736 16.3339 15.7634 15.5151 15.458 15.9461 15.5921 14.8489 13.919 12.8027 12.7285 12.362 11.6858 -9999 -9999 -9999 -9999 -9999 -9999 13.4769 13.8637 14.1868 14.2369 13.7879 14.4211 14.3831 14.03 13.9495 14.2383 14.3843 14.2669 14.6077 14.71 14.5558 14.7293 -9999 -9999 -9999 -9999 14.8527 14.8812 14.904 14.6704 13.4105 12.551 11.7789 11.6997 -9999 -9999 -9999 -9999 -9999 -9999
-9999 -9999 16.013 16.2829 16.4259 16.4599 16.6986 16.9413 17.0926 17.207 17.1977 17.2 17.2012 17.1314 16.9562 16.9973 16.9898 16.8892 16.257 15.5177 15.8478 15.4091 14.4709 15.2356 15.6617 15.2596 14.3578 13.3116 12.9735 12.9871 12.4753 11.8157 -9999 -9999 -9999 12.4131 12.9661 13.0198 13.1867 13.7012 14.0932 14.3884 14.59 14.5823 14.3626 14.0166 13.64 13.7724 14.4461 14.6095 14.736 14.8415 14.6981 14.7745 14.9584 15.0558 15.0796 15.0424 15.0384 15.0589 15.0431 14.8257 13.7004 13.0572 12.6477 11.8046 -9999 -9999 -9999 -9999 -9999 -9999
-9999 -9999 15.8498 16.0864 16.2807 16.596 16.6411 16.8449 16.9746 17.1547 17.1851 16.9992 17.1721 17.1606 17.1389 17.0823 16.995 16.4627 15.7259 14.9867 14.6479 14.8026 14.2373 14.5256 14.957 14.8017 14.2483 13.3165 13.1885 12.9763 12.1085 11.2776 -9999 -9999 11.3435 12.3991 13.1443 13.5317 13.6556 13.6723 14.1649 14.2069 14.7352 14.6111 13.9068 13.9839 13.7093 13.8823 14.1239 14.1903 14.5387 14.8785 14.9447 14.9486 15.0669 15.0949 15.106 15.1087 15.0369 15.0787 15.0903 14.9571 14.1426 13.7474 13.3027 11.8129 -9999 -9999 -9999 -9999 -9999 -9999
-9999 -9999 15.9636 16.227 16.5145 16.5723 16.7889 16.7809 16.7401 17.0359 17.1511 17.0234 16.9338 17.1277 17.1237 17.1071 17.0739 16.5738 15.9934 15.1113 14.5646 14.2349 13.9994 13.6738 13.8965 13.8321 13.7449 13.8518 13.5959 13.0877 12.5836 11.6341 11.1252 -9999 11.3974 11.8777 12.763 13.5162 13.9963 13.8313 14.3909 14.4974 14.818 14.631 14.1996 14.0119 13.9936 13.9359 14.3074 14.5534 14.7228 14.8412 14.9875 15.0274 15.0686 15.0888 15.1027 15.1175 15.1221 15.1257 15.1156 15.0694 14.6979 14.2969 13.4379 11.8594 -9999 -9999 -9999 -9999 -9999 -9999
-9999 15.218 15.9318 16.3651 16.5414 16.6725 16.7898 16.8785 16.974 17.0603 17.1232 17.1126 16.7554 16.7952 16.8701 17.0867 17.0787 17.039 16.724 15.6492 15.2829 14.7399 14.0374 13.7382 13.888 14.4692 14.446 14.0657 13.6419 13.056 12.6823 12.1037 10.987 11.0942 11.6057 11.9883 12.5925 13.512 14.1581 14.4491 14.5615 14.7882 14.907 14.645 14.3904 14.2849 14.0911 14.0611 14.0595 14.2826 14.4508 14.8387 14.9713 15.0319 15.0662 15.0875 15.1052 15.1235 15.1345 15.134 15.1413 15.1445 15.1173 14.5901 13.2603 12.2564 -9999 -9999 -9999 -9999 -9999 -9999
-9999 -9999 15.7992 15.9976 16.0599 16.1587 16.3461 16.56 16.86 16.9095 17.0779 17.089 16.7826 16.4263 16.7541 16.8886 17.0267 17.0366 17.0004 16.0981 15.6275 15.2574 14.5836 14.8236 15.0575 15.0772 14.9396 14.1206 13.3053 12.3659 11.4883 11.4508 10.9804 11.2366 11.577 12.4402 13.0498 13.3011 13.483 14.4164 14.6612 14.7434 14.9819 14.6577 14.5663 14.3199 14.3889 14.3639 14.3617 13.6842 14.3524 14.3912 14.832 15.0294 15.0767 15.0939 15.1129 15.1219 15.1318 15.1372 15.1488 15.1453 15.14 14.7981 13.1154 12.2663 -9999 -9999 -9999 -9999 -9999 -9999
-9999 -9999 -9999 -9999 15.8833 16.0386 16.1435 16.3143 16.8105 16.9529 17.0513 17.0706 16.9403 16.5878 16.5012 16.5755 16.2286 16.5298 16.9403 16.9345 16.8892 16.0949 15.684 16.0806 15.9623 15.3646 14.8949 14.4317 13.4766 12.7792 11.7728 11.0187 10.9955 11.8388 12.54 13.4136 13.8033 13.5931 13.8353 14.2995 14.8264 15.0816 15.0226 14.6805 14.6231 14.2443 14.6093 14.6368 14.4612 14.3091 14.3598 14.5764 14.6594 15.0055 15.0918 15.1098 15.1187 15.1273 15.1334 15.1392 15.139 15.1407 15.1402 15.1278 13.3979 12.0472 -9999 -9999 -9999 -9999 -9999 -9999
-9999 -9999 -9999 -9999 15.5484 15.6489 15.8892 16.4832 16.8035 16.9395 16.9482 17.0168 16.9283 16.6194 16.301 16.0001 15.6087 15.8424 16.4498 16.8092 16.8532 16.1573 16.518 16.3833 16.1164 15.334 14.7582 14.4542 13.5372 12.7535 12.0852 11.1618 11.5642 12.0075 12.5759 13.5279 14.1731 14.4421 14.2283 14.5278 15.1335 15.1388 14.8099 14.8305 14.6201 14.1034 14.6333 14.7791 14.6536 14.681 14.6273 14.7069 14.8545 14.9972 15.0941 15.1113 15.1184 15.1226 15.1303 15.137 15.1367 15.1426 15.142 15.1363 14.0203 12.0189 -9999 -9999 -9999 -9999 -9999 -9999
-9999 -9999 -9999 -9999 -9999 15.2582 15.7877 16.5714 16.7792 16.7752 16.9467 16.9724 16.8305 16.7077 16.3192 15.7841 14.7479 15.0196 15.5791 16.383 16.8069 16.7532 16.5163 16.1117 15.1304 14.272 14.1695 14.031 13.3625 12.7599 12.0165 12.454 12.9337 13.4588 13.7384 13.675 14.229 14.6815 14.4985 14.8647 15.2897 15.1004 14.9878 14.892 14.6503 14.6325 14.6524 14.9512 14.737 14.8619 14.8566 14.8478 14.9196 15.0037 15.0936 15.1123 15.1185 15.1271 15.1245 15.1351 15.1365 15.1369 15.1366 15.1321 15.0328 13.9531 13.3094 -9999 -9999 -9999 -9999 -9999
-9999 -9999 -9999 -9999 -9999 14.7809 15.0522 15.9775 16.2755 16.6912 16.9175 16.9392 16.6918 16.5576 15.9746 15.7904 14.8325 14.4017 14.7775 14.64 15.7447 16.7223 16.5071 14.542 13.8312 13.3248 13.4574 13.461 13.277 12.2484 11.9676 12.897 13.4847 13.9421 14.2912 14.3695 14.3655 15.0694 15.1676 15.3987 15.3528 15.3756 15.0244 14.8059 14.9862 14.7633 14.7217 15.0307 14.7179 14.9931 14.9518 14.8667 14.8623 15.0476 15.0878 15.112 15.1186 15.1187 15.117 15.1183 15.1306 15.1331 15.1271 15.1307 15.1226 14.9911 14.4337 14.238 14.4523 -9999 -9999 -9999
-9999 -9999 -9999 -9999 -9999 -9999 14.2 15.48 16.0748 16.3916 16.8319 16.8951 16.7689 16.5295 15.9351 15.4125 14.5569 13.578 13.0616 14.6278 15.9909 16.7037 16.6075 14.9722 14.3279 14.2999 14.6827 14.3642 14.1236 13.3432 13.1126 12.7914 12.9978 13.6323 14.1518 14.6549 15.0226 15.0591 15.2992 15.4368 15.4512 15.4951 15.4543 15.4199 15.0708 15.3019 15.0993 15.2009 15.1292 15.0644 15.0035 14.8082 14.9456 15.0687 15.1031 15.1151 15.1142 15.1196 15.1218 15.1177 15.1172 15.1217 15.1247 15.1215 15.1234 15.1139 15.0512 14.7153 14.2655 13.6973 -9999 -9999
-9999 -9999 -9999 -9999 -9999 -9999 13.5646 14.838 15.4613 16.2552 16.6716 16.8445 16.8332 16.641 16.1913 15.5093 14.9416 13.8482 12.7118 14.3559 15.8202 16.6119 16.657 15.2771 15.6608 15.3548 15.4817 14.9202 14.689 14.5082 14.107 13.6687 13.1886 12.9362 14.0966 14.696 15.1798 15.4112 15.5443 15.6127 15.5811 15.495 14.9837 15.3736 15.3431 15.3014 15.2535 15.2286 15.1849 15.1343 15.0983 15.0876 14.9592 15.1038 15.1023 15.1096 15.1165 15.1194 15.1191 15.1197 15.1182 15.1214 15.1197 15.1177 15.1163 15.1112 15.1071 15.0882 14.9983 14.2362 13.7801 13.6449
-9999 -9999 -9999 -9999 -9999 -9999 11.7914 13.6372 15.1295 15.9105 16.546 16.7288 16.8031 16.5417 16.3478 15.8611 15.3999 14.6838 13.6072 12.946 14.1779 15.9658 16.6272 16.5718 16.5333 16.1795 15.8612 15.8237 15.8514 15.4823 14.9406 14.2337 14.0135 13.7706 14.6364 14.7599 14.704 15.6547 15.6626 15.6138 15.2562 14.8522 14.93 14.6777 14.86 14.5591 14.8309 15.0654 15.1513 15.1416 15.1025 15.0932 15.0804 15.1051 15.1088 15.1098 15.1126 15.1173 15.1203 15.1158 15.1156 15.125 15.1182 15.1157 15.1114 15.1074 15.1058 15.0921 15.0793 14.9618 14.7855 14.4426
-9999 -9999 -9999 -9999 -9999 -9999 11.8703 13.4283 14.7476 15.5412 16.3061 16.4913 16.7556 16.7098 16.5062 16.0841 15.5542 14.966 14.0435 13.3587 14.1843 15.3733 16.2254 16.5249 16.5253 16.508 16.4305 16.3995 16.3093 16.2474 15.8611 15.1884 14.8143 14.2646 15.2283 15.3423 15.199 15.6827 15.6641 14.9463 14.3946 14.328 14.6654 14.3434 14.2768 14.0731 14.2978 14.9035 14.7185 14.7519 15.0199 15.0658 15.0918 15.1027 15.1048 15.1084 15.1093 15.116 15.1229 15.1182 15.1189 15.1216 15.1155 15.112 15.107 15.0983 15.0934 15.0865 15.0754 15.0423 15.0012 15.0318
-9999 -9999 -9999 -9999 -9999 -9999 11.8983 12.9515 14.1395 15.3029 16.1186 16.4534 16.6994 16.7058 16.4676 16.2617 15.9321 15.4156 15.0628 14.4454 13.5956 15.0336 15.4776 15.8654 16.0329 16.4448 16.4379 16.2539 16.0423 16.2481 16.1865 15.6595 15.4901 15.2006 15.7391 15.7465 15.7377 15.7148 15.1096 14.2657 13.5913 14.082 13.982 14.203 13.4992 14.0642 14.5218 14.6688 14.3551 14.1224 14.8316 14.9453 15.0181 15.0664 15.1001 15.0976 15.1102 15.1117 15.1154 15.1188 15.1181 15.1193 15.1174 15.1146 15.1049 15.0971 15.09 15.0759 15.0755 15.0585 15.0524 15.0385
-9999 -9999 -9999 -9999 -9999 -9999 -9999 12.3363 13.8361 15.1785 15.9301 16.4061 16.6425 16.6471 16.5292 16.3918 16.1901 15.8193 15.3514 14.6079 14.0571 14.415 14.8502 14.8937 15.1836 16.0177 16.305 15.9063 14.9168 15.4998 16.159 16.1533 16.1029 16.046 15.9731 15.9068 15.7548 15.3378 14.0486 13.7966 13.2924 13.3527 13.094 13.6588 13.4359 14.0191 14.271 14.3653 13.8239 13.9295 14.5573 14.8101 14.7707 14.928 15.0807 15.0901 15.0994 15.101 15.1097 15.1163 15.119 15.1148 15.1139 15.1137 15.0968 15.0945 15.0476 15.0173 14.9549 15.0344 15.0431 15.0364
-9999 -9999 -9999 -9999 -9999 -9999 -9999 12.0331 13.5322 15.1107 15.6241 16.1362 16.5791 16.5961 16.4115 16.236 16.0544 15.8463 15.2776 14.7258 14.199 14.0255 14.1376 14.1241 14.5913 15.6773 15.8907 15.8052 14.763 14.4155 15.2946 16.0345 16.0975 16.0362 15.1768 15.3665 14.9052 14.2775 14.1079 13.835 13.2531 13.5377 13.111 13.2962 13.2314 13.5628 13.7239 14.1179 13.6466 13.6403 14.2564 14.5725 14.5829 14.9161 15.0376 15.0729 15.0855 15.0961 15.1027 15.1131 15.1149 15.1146 15.1123 15.1001 15.0657 14.9439 14.3143 14.3167 14.4901 14.6543 14.9412 15.0242
-9999 -9999 -9999 -9999 -9999 -9999 -9999 12.2013 13.2444 14.6459 15.6862 15.7602 16.2701 16.5372 16.3358 16.1075 15.8734 15.7747 15.1553 14.4739 13.9242 13.2722 13.3857 13.8627 14.6286 15.3318 15.4608 15.3204 14.7598 15.027 15.6279 15.9494 16.0477 15.9794 15.7962 15.6926 15.3541 15.21 14.7373 13.9951 13.7047 13.8938 13.1039 13.161 13.4552 13.1269 13.64 13.8856 13.2778 13.7439 14.2965 14.5803 14.8293 14.9492 14.9995 15.075 15.0815 15.0924 15.1006 15.1044 15.1091 15.102 15.0964 15.0335 14.9387 14.3579 14.102 14.1518 14.4236 14.6619 14.8968 15.0014
-9999 -9999 -9999 -9999 -9999 -9999 -9999 12.3737 13.3135 14.5297 15.2738 15.4142 15.9786 16.4811 16.4338 16.196 16.1284 15.881 15.3567 14.7766 14.1417 13.8358 13.125 13.8353 14.387 14.9833 15.2646 14.8031 14.5774 14.9884 15.3972 15.5634 15.9767 15.9778 15.8498 15.281 15.0061 15.129 15.0132 14.8067 14.2966 14.2767 13.9493 13.8147 13.6872 13.2504 13.5185 13.5458 13.6097 14.1814 14.4701 14.6625 14.8383 14.887 14.9659 15.0677 15.0807 15.0888 15.0931 15.0995 15.0969 15.0733 15.0539 14.9238 14.6904 14.2517 13.5228 14.0298 14.5598 14.7156 14.8607 14.944
-9999 -9999 -9999 -9999 -9999 -9999 -9999 12.2118 13.2092 14.2497 14.6899 14.7718 15.7861 16.4102 16.4191 16.3103 16.1816 15.5602 15.6037 15.4843 14.9123 14.076 13.1568 13.2489 13.7948 14.5799 14.8431 14.0823 13.8191 14.02 14.6359 15.1879 15.7641 15.9142 15.7514 14.863 13.9185 14.3634 14.8381 14.8395 14.705 14.2318 14.0832 13.9486 13.6029 13.0047 13.084 13.2486 13.8886 14.0984 14.4219 14.6914 14.5936 14.6558 14.915 15.0656 15.0754 15.0824 15.0918 15.0929 15.0884 15.0373 14.9827 14.8881 14.2744 13.8938 13.3323 13.9739 14.3363 14.5145 14.8605 14.946
-9999 -9999 -9999 -9999 -9999 -9999 -9999 11.9027 12.6289 13.6236 14.0297 14.6719 15.6308 16.1064 16.3383 16.3408 16.2574 15.983 15.8204 15.4935 14.8982 14.0818 13.1734 12.5837 12.8915 13.9366 14.1802 13.4876 13.1371 13.5831 14.2392 15.2086 15.7646 15.8438 15.7987 15.6193 14.9309 14.098 14.1051 14.529 14.1812 13.776 14.0034 13.9643 13.6232 13.3754 13.2046 13.2907 13.6578 13.8147 14.1883 14.7391 14.8206 14.8083 15.0428 15.0583 15.0678 15.0808 15.0849 15.0871 15.0844 15.0435 14.9464 14.5394 14.1847 13.6896 13.631 14.1948 14.4461 14.6725 14.8443 14.903
-9999 -9999 -9999 -9999 -9999 -9999 -9999 11.3731 12.2258 13.158 14.0313 14.8577 15.57 15.6323 16.0113 16.0183 16.22 16.1711 15.9169 15.6425 15.1305 14.08 13.1975 12.2343 12.4949 13.5623 13.6963 13.233 12.3737 13.2696 14.2572 15.1528 15.6398 15.2664 15.6587 15.6316 15.3765 14.8824 14.1115 14.1301 13.5529 13.5308 13.832 13.9314 13.8839 13.6985 13.3895 13.4229 13.6428 13.7027 14.0463 14.4742 14.8929 14.9661 15.049 15.0563 15.0617 15.0724 15.0775 15.0731 15.0561 15.013 14.6726 14.2669 14.0181 13.6742 13.6351 14.2988 14.5517 14.6909 14.8399 14.9012
-9999 -9999 -9999 -9999 -9999 -9999 -9999 -9999 12.1365 13.0992 13.8137 14.0121 14.6461 14.9919 15.261 15.3263 16.0795 16.1274 15.9686 15.7171 15.2812 14.4855 13.9326 13.0088 12.3462 12.6051 12.7365 12.9859 12.9177 13.3195 14.2687 15.2576 15.3696 14.7489 14.8462 14.9817 15.2795 15.1351 14.0832 13.5505 13.1087 13.4283 13.764 13.8471 13.8654 13.8031 13.7087 13.5641 14.011 14.3423 14.4209 14.7106 14.9256 14.9874 15.0351 15.0444 15.054 15.0583 15.0502 15.0456 14.9966 14.8814 14.5003 13.5778 13.6245 13.5276 13.2426 13.8909 14.2761 14.6476 14.8469 14.9013
-9999 -9999 -9999 -9999 -9999 -9999 -9999 -9999 11.8164 12.9288 13.1705 13.1616 12.8043 12.9804 14.3427 14.6228 15.3454 16.0297 15.9864 15.7396 15.332 14.8603 14.1267 13.0871 12.2619 11.9079 12.7953 13.6742 13.8594 14.1438 14.7271 14.8416 14.2071 13.6124 13.9536 14.1609 14.9377 15.083 14.9371 14.3046 13.5806 13.204 13.655 13.7173 13.7463 13.7534 13.7289 13.6936 14.1874 14.4669 14.6617 14.769 14.9539 15.0037 15.0222 15.0401 15.0409 15.0357 15.0113 14.9829 14.8432 14.6731 14.0462 13.524 13.1995 12.7864 13.7276 14.0028 14.3755 14.6159 14.814 14.8606
