Test_Spring_2018/04_18/Temp/20180428_017.txt
ncols	170
nrows	115
xllcorner	350000.000000
yllcorner	4445000.000000
cellsize	1000.000000
nodata_value	-9999.000000
[rows 32 to 63 of 115, columns 72 to 143 of 170]
22.2318 22.0133 22.359 22.6774 22.4641 22.3291 22.8425 22.8454 22.6716 22.2594 22.1108 21.9569 21.8646 21.3361 19.8449 18.5012 19.2292 19.2516 18.757 19.6583 19.1897 17.9593 16.2203 17.1722 16.9297 15.6805 15.3747 -9999 -9999 -9999 -9999 -9999 -9999 -9999 -9999 -9999 -9999 -9999 -9999 -9999 -9999 -9999 -9999 -9999 -9999 -9999 -9999 -9999 -9999 -9999 -9999 -9999 -9999 -9999 -9999 -9999 -9999 -9999 -9999 -9999 -9999 -9999 -9999 -9999 -9999 -9999 -9999 -9999 -9999 -9999 -9999 -9999
21.9277 21.8358 22.3483 22.3405 22.3012 22.4639 22.781 22.8483 22.7826 22.6048 22.4518 22.2891 21.8701 21.2648 19.9892 18.459 18.1159 18.8726 18.9137 19.0395 18.6129 18.0756 17.2322 17.9308 18.2045 17.3881 16.3139 15.6234 -9999 -9999 -9999 -9999 -9999 -9999 -9999 -9999 -9999 -9999 -9999 -9999 -9999 -9999 -9999 -9999 -9999 -9999 -9999 -9999 -9999 -9999 -9999 -9999 -9999 -9999 -9999 -9999 -9999 -9999 -9999 -9999 -9999 -9999 -9999 -9999 -9999 -9999 -9999 -9999 -9999 -9999 -9999 -9999
21.5665 21.0759 21.3861 21.6195 22.0283 22.1208 22.1877 22.7983 22.7695 22.745 22.4895 22.2864 21.9472 21.3648 20.5338 19.5324 17.7851 18.8709 19.7222 19.7055 19.664 19.2889 18.4788 19.1645 19.2006 18.1535 16.9554 16.2649 15.9821 -9999 -9999 -9999 -9999 -9999 -9999 -9999 -9999 -9999 -9999 -9999 -9999 -9999 -9999 -9999 -9999 -9999 -9999 -9999 -9999 -9999 -9999 -9999 -9999 -9999 -9999 -9999 -9999 -9999 -9999 -9999 -9999 -9999 -9999 -9999 -9999 -9999 -9999 -9999 -9999 -9999 -9999 -9999
21.1571 20.557 20.869 21.284 21.8564 22.1444 22.362 22.5467 22.7353 22.717 22.4555 21.6755 21.5681 21.539 20.9972 19.8548 18.7141 18.4224 19.7184 20.0928 20.0223 20.3152 19.6295 19.9597 19.83 19.4601 18.3107 17.2681 16.8441 16.0018 -9999 -9999 -9999 -9999 -9999 -9999 -9999 -9999 -9999 -9999 -9999 -9999 -9999 -9999 -9999 -9999 -9999 -9999 -9999 -9999 -9999 -9999 -9999 -9999 -9999 -9999 -9999 -9999 -9999 -9999 -9999 -9999 -9999 -9999 -9999 -9999 -9999 -9999 -9999 -9999 -9999 -9999
-9999 -9999 20.1734 20.7256 21.186 21.7484 22.2271 22.4759 22.7181 22.7024 22.1756 21.9202 21.9021 21.5487 20.9225 20.5316 19.8153 19.0688 19.3611 20.4669 19.982 20.7665 20.7047 20.852 20.3344 19.3339 18.012 17.2352 16.8561 16.1743 -9999 -9999 -9999 -9999 -9999 -9999 -9999 -9999 -9999 -9999 -9999 -9999 -9999 -9999 -9999 -9999 -9999 -9999 -9999 -9999 -9999 -9999 -9999 -9999 -9999 -9999 -9999 -9999 -9999 -9999 -9999 -9999 -9999 -9999 -9999 -9999 -9999 -9999 -9999 -9999 -9999 -9999
-9999 -9999 -9999 20.6155 20.9653 21.7273 22.1001 22.2624 22.6508 22.6551 22.4579 22.3103 22.0946 21.8118 21.3426 20.8245 20.1513 20.0939 20.8033 20.817 20.6747 20.7947 21.1607 21.0691 20.2596 18.8611 18.1284 16.6194 15.9828 16.0528 15.6033 -9999 -9999 -9999 -9999 -9999 -9999 -9999 -9999 -9999 -9999 -9999 -9999 17.4257 -9999 -9999 -9999 -9999 -9999 -9999 -9999 -9999 -9999 -9999 -9999 -9999 -9999 -9999 -9999 -9999 -9999 -9999 -9999 -9999 14.8197 -9999 -9999 -9999 -9999 -9999 -9999 -9999
-9999 -9999 20.5492 21.0081 21.3792 21.8571 21.8975 22.1698 22.6157 22.6255 22.4866 22.3296 21.972 21.8872 21.6225 21.0597 20.949 21.1849 21.2964 21.4218 21.5007 21.445 21.3025 21.1167 20.5844 19.9415 19.5109 18.1418 17.4442 16.7871 15.7908 15.0128 -9999 -9999 -9999 -9999 -9999 -9999 -9999 16.8669 16.8371 16.8622 17.0889 17.7019 17.3529 -9999 -9999 -9999 -9999 -9999 -9999 -9999 -9999 -9999 -9999 -9999 -9999 -9999 -9999 -9999 -9999 -9999 -9999 -9999 15.3613 14.5798 -9999 -9999 -9999 -9999 -9999 -9999
-9999 -9999 20.6541 21.1548 21.4052 21.869 22.1348 22.2902 22.4464 22.5962 22.5752 22.401 22.1344 22.1413 21.773 21.5771 21.439 21.7563 21.8235 21.7038 21.5519 21.4177 21.0295 20.9875 20.8483 20.4409 19.7703 19.0793 18.0657 16.711 15.3829 14.3129 -9999 -9999 -9999 -9999 -9999 -9999 16.9638 17.4748 17.784 17.1504 17.7056 18.2136 18.1407 17.6525 -9999 -9999 -9999 -9999 -9999 -9999 -9999 -9999 -9999 -9999 -9999 -9999 -9999 -9999 19.0644 18.2636 16.6385 15.8087 15.3135 14.6034 -9999 -9999 -9999 -9999 -9999 -9999
-9999 -9999 20.5485 21.1391 21.5392 21.8943 21.9516 22.3039 22.4586 22.5403 22.5345 22.5033 22.4581 22.1371 22.0025 21.5153 21.9933 21.9815 21.8679 21.4006 21.2007 20.3933 20.0399 19.9498 20.6348 20.1325 19.0811 17.7662 16.1767 16.0724 15.5527 14.5966 -9999 -9999 -9999 -9999 -9999 -9999 17.111 17.6572 18.1145 18.1878 17.5582 18.4553 18.4194 17.9285 17.8222 18.2368 18.4502 18.2971 18.7883 18.9383 18.7259 18.9747 -9999 -9999 -9999 -9999 19.1563 19.1964 19.2282 18.8987 17.1226 15.9116 14.8246 14.7263 -9999 -9999 -9999 -9999 -9999 -9999
-9999 -9999 20.9505 21.3139 21.4975 21.527 21.8452 22.1517 22.3439 22.4887 22.4635 22.4562 22.4488 22.3428 22.0896 22.1427 22.1282 21.9834 21.0896 20.0449 20.508 19.8881 18.5494 19.6321 20.23 19.6599 18.3848 16.9061 16.4141 16.4331 15.7084 14.7745 -9999 -9999 -9999 15.6067 16.3849 16.4599 16.6952 17.4215 17.9759 18.3965 18.6847 18.6785 18.3872 17.9071 17.3846 17.5797 18.5381 18.7767 18.971 19.1263 18.9297 19.045 19.3073 19.4466 19.4811 19.429 19.423 19.4513 19.4282 19.1212 17.5322 16.626 16.0501 14.8845 -9999 -9999 -9999 -9999 -9999 -9999
-9999 -9999 20.7181 21.0339 21.2893 21.7073 21.7518 22.0205 22.1707 22.4062 22.4363 22.1632 22.3976 22.3739 22.3374 22.2532 22.1268 21.3739 20.3332 19.2895 18.8101 19.0153 18.2156 18.6262 19.2317 19.0104 18.225 16.9075 16.7229 16.4102 15.186 14.0114 -9999 -9999 14.0952 15.5812 16.6303 17.1755 17.3503 17.3748 18.0715 18.1338 18.8828 18.7128 17.7377 17.8548 17.4806 17.7341 18.0903 18.1926 18.6967 19.1847 19.2835 19.2934 19.4633 19.5046 19.5211 19.5248 19.4227 19.4806 19.4956 19.3069 18.1583 17.6014 16.9846 14.8965 -9999 -9999 -9999 -9999 -9999 -9999
-9999 -9999 20.87 21.2226 21.6083 21.6699 21.9554 21.922 21.8315 22.2328 22.379 22.1875 22.0517 22.3176 22.3063 22.2789 22.2293 21.5225 20.7031 19.4585 18.6867 18.2108 17.8763 17.4199 17.7313 17.6373 17.5109 17.6577 17.2932 16.5637 15.8495 14.5094 13.7884 -9999 14.1657 14.8402 16.0866 17.1475 17.8243 17.5928 18.3841 18.5379 18.9939 18.7365 18.1465 17.898 17.8821 17.8106 18.3443 18.7057 18.9581 19.1326 19.3464 19.4072 19.4684 19.4986 19.5188 19.539 19.5442 19.5477 19.5317 19.4652 18.9408 18.383 17.1738 14.9603 -9999 -9999 -9999 -9999 -9999 -9999
-9999 19.843 20.8236 21.4145 21.6423 21.8061 21.9503 22.0546 22.1566 22.2582 22.3325 22.304 21.7907 21.8393 21.9395 22.2413 22.2279 22.1708 21.7262 20.2106 19.6861 18.9179 17.925 17.5069 17.7156 18.532 18.4957 17.9556 17.3537 16.5151 15.9847 15.1652 13.5887 13.7361 14.4538 14.9904 15.8401 17.1353 18.0461 18.4576 18.6186 18.9414 19.1143 18.7589 18.4183 18.2799 18.0173 17.986 17.9947 18.3197 18.5708 19.1311 19.3246 19.4157 19.4672 19.4987 19.5239 19.5488 19.5625 19.5597 19.5677 19.5705 19.5369 18.7945 16.9287 15.5253 -9999 -9999 -9999 -9999 -9999 -9999
-9999 -9999 20.6348 20.8936 20.9596 21.0766 21.3187 21.5984 21.9885 22.0409 22.2629 22.2633 21.8205 21.3108 21.7677 21.9541 22.1472 22.1605 22.1096 20.8319 20.1672 19.6437 18.6916 19.0335 19.3609 19.3857 19.1881 18.0293 16.8753 15.5387 14.2976 14.2407 13.5736 13.9319 14.4082 15.6219 16.479 16.832 17.0884 18.4056 18.7528 18.8782 19.2212 18.7724 18.6623 18.3261 18.435 18.4117 18.4203 17.4764 18.433 18.4969 19.1259 19.4131 19.4834 19.509 19.5358 19.547 19.5587 19.5637 19.5776 19.5745 19.5716 19.0915 16.7223 15.5369 -9999 -9999 -9999 -9999 -9999 -9999
-9999 -9999 -9999 -9999 20.7068 20.9028 21.0276 21.2458 21.9123 22.0952 22.2182 22.2319 22.0375 21.5314 21.4044 21.5061 21.0158 21.4401 22.016 22.0071 21.9421 20.821 20.2447 20.8023 20.6332 19.7876 19.1218 18.4646 17.1132 16.1179 14.6951 13.6279 13.591 14.7759 15.761 16.9893 17.5362 17.2384 17.5798 18.2375 18.9844 19.3499 19.274 18.8006 18.7387 18.2166 18.7436 18.7948 18.5596 18.3572 18.4437 18.7585 18.8834 19.3773 19.503 19.5316 19.5438 19.5542 19.5603 19.5655 19.5669 19.569 19.5691 19.5538 17.1183 15.2257 -9999 -9999 -9999 -9999 -9999 -9999
-9999 -9999 -9999 -9999 20.231 20.3492 20.6645 21.479 21.8975 22.071 22.0672 22.1506 22.0149 21.5714 21.117 20.69 20.1365 20.465 21.3208 21.827 21.8881 20.9056 21.4173 21.2259 20.8473 19.7413 18.9259 18.493 17.1954 16.0786 15.1324 13.8263 14.3892 15.01 15.8075 17.1463 18.0533 18.4315 18.1304 18.5548 19.4129 19.4264 18.9704 19.0087 18.7314 18.0153 18.7751 18.9937 18.8296 18.8805 18.8201 18.942 19.1581 19.3653 19.5059 19.532 19.5422 19.5463 19.5543 19.5626 19.5608 19.5689 19.569 19.5633 17.9935 15.1838 -9999 -9999 -9999 -9999 -9999 -9999
-9999 -9999 -9999 -9999 -9999 19.7947 20.5178 21.5997 21.8595 21.8358 22.0617 22.0845 21.8736 21.6926 21.1396 20.3823 18.9198 19.3019 20.0903 21.2231 21.8198 21.7429 21.412 20.84 19.4543 18.2411 18.0929 17.8934 16.9461 16.0847 15.0325 15.6451 16.317 17.0531 17.4433 17.3506 18.1289 18.7655 18.508 19.0266 19.63 19.3692 19.2183 19.0926 18.7713 18.7588 18.7999 19.2343 18.9452 19.1337 19.1416 19.1389 19.248 19.3725 19.5032 19.5314 19.5399 19.5502 19.5442 19.5571 19.5578 19.5583 19.5591 19.5551 19.419 17.9089 17.0083 -9999 -9999 -9999 -9999 -9999
-9999 -9999 -9999 -9999 -9999 19.1187 19.4781 20.76 21.1473 21.7156 22.019 22.0363 21.677 21.4798 20.6521 20.3896 19.0376 18.4286 18.9578 18.7632 20.3198 21.6966 21.3964 18.6242 17.6199 16.903 17.0862 17.0871 16.823 15.3609 14.961 16.2671 17.0914 17.7321 18.2204 18.3278 18.3194 19.3105 19.4495 19.7777 19.7172 19.7555 19.2682 18.9695 19.2431 18.9412 18.8955 19.3441 18.9159 19.3161 19.273 19.1625 19.164 19.4311 19.4916 19.5274 19.5372 19.5353 19.5305 19.5309 19.5471 19.5508 19.5437 19.5514 19.5439 19.3706 18.5918 18.3235 18.6336 -9999 -9999 -9999
-9999 -9999 -9999 -9999 -9999 -9999 18.2746 20.0575 20.8636 21.2931 21.8985 21.9748 21.7834 21.4392 20.5963 19.8565 18.6486 17.2677 16.5369 18.7441 20.6647 21.6681 21.5356 19.2283 18.3176 18.2752 18.8113 18.3581 18.0144 16.902 16.5731 16.1161 16.403 17.2931 18.0235 18.7293 19.2452 19.2954 19.6342 19.8312 19.8555 19.9235 19.8736 19.8341 19.3612 19.6991 19.4258 19.5817 19.4928 19.4131 19.3421 19.0759 19.2771 19.4563 19.5084 19.5297 19.5275 19.5333 19.5342 19.5262 19.5264 19.5329 19.5386 19.537 19.5436 19.5425 19.461 18.9948 18.3684 17.5751 -9999 -9999
-9999 -9999 -9999 -9999 -9999 -9999 17.3775 19.1522 19.9987 21.1017 21.6681 21.9 21.8754 21.5976 20.9588 19.9939 19.1914 17.6487 16.0459 18.3602 20.4221 21.5364 21.5978 19.656 20.1944 19.7601 19.9355 19.1398 18.8094 18.5422 17.9731 17.3513 16.6697 16.3136 17.9456 18.7875 19.4672 19.7925 19.9805 20.079 20.0383 19.9238 19.2101 19.7686 19.7446 19.6971 19.6414 19.618 19.568 19.5077 19.4713 19.4648 19.2908 19.5036 19.5072 19.5178 19.5268 19.5295 19.5273 19.5264 19.5233 19.5312 19.5305 19.5307 19.5327 19.5377 19.5386 19.519 19.3996 18.3325 17.6964 17.5208
-9999 -9999 -9999 -9999 -9999 -9999 14.8766 17.4596 19.523 20.6096 21.4917 21.7389 21.8351 21.4598 21.1814 20.4916 19.8388 18.8274 17.3084 16.3751 18.1065 20.6253 21.5535 21.4792 21.4223 20.9206 20.4683 20.4116 20.4464 19.9136 19.1452 18.1452 17.8365 17.4901 18.7072 18.8784 18.7976 20.1372 20.1489 20.082 19.5815 19.0174 19.134 18.7876 19.0632 18.6496 19.0437 19.3852 19.5171 19.5137 19.4723 19.4728 19.4606 19.5046 19.5117 19.5138 19.5173 19.5229 19.5259 19.5184 19.5175 19.5309 19.5279 19.5275 19.5251 19.5319 19.5358 19.5231 19.5119 19.3529 19.1108 18.6423
-9999 -9999 -9999 -9999 -9999 -9999 14.9787 17.1408 18.9856 20.0885 21.1552 21.4065 21.7706 21.6993 21.407 20.8079 20.0578 19.2263 17.9238 16.9568 18.119 19.788 20.9868 21.4133 21.409 21.3815 21.2689 21.2202 21.0891 20.9888 20.4411 19.4967 18.9657 18.1871 19.5428 19.701 19.4973 20.1787 20.1531 19.143 18.3684 18.2793 18.7621 18.3157 18.2407 17.9635 18.2903 19.1542 18.9094 18.9658 19.357 19.4286 19.4779 19.4966 19.5016 19.5075 19.5087 19.5177 19.5266 19.5194 19.5202 19.5246 19.5175 19.5221 19.5192 19.5199 19.5176 19.514 19.5045 19.4638 19.419 19.4774
-9999 -9999 -9999 -9999 -9999 -9999 15.02 16.4682 18.129 19.7538 20.8927 21.3552 21.6939 21.6961 21.3549 21.0602 20.5921 19.8611 19.3613 18.4886 17.2883 19.3132 19.9304 20.4816 20.714 21.2917 21.2786 21.0156 20.7004 20.9877 20.9067 20.1606 19.9186 19.5074 20.2641 20.2725 20.2588 20.2261 19.3736 18.1856 17.2379 17.9341 17.7984 18.1183 17.1447 17.9559 18.6109 18.8281 18.3934 18.0738 19.0865 19.2624 19.3695 19.4409 19.4905 19.4882 19.5064 19.5084 19.5134 19.5182 19.5175 19.5201 19.5191 19.5177 19.5162 19.5182 19.5138 19.5076 19.5132 19.492 19.4884 19.4843
-9999 -9999 -9999 -9999 -9999 -9999 -9999 15.6017 17.6989 19.5794 20.6284 21.2901 21.6153 21.615 21.4431 21.2446 20.9564 20.4303 19.7676 18.7166 17.9372 18.4389 19.0424 19.1086 19.5145 20.6874 21.0891 20.5236 19.1133 19.9429 20.8694 20.8586 20.7846 20.7019 20.5951 20.5 20.2847 19.6965 17.8798 17.5284 16.8208 16.9101 16.5508 17.3559 17.0605 17.8916 18.2557 18.3976 17.6429 17.8057 18.7093 19.0711 19.0199 19.2449 19.4592 19.4739 19.4878 19.4905 19.503 19.5128 19.5174 19.5171 19.5182 19.521 19.5114 19.5216 19.4611 19.4241 19.3417 19.459 19.4761 19.4905
-9999 -9999 -9999 -9999 -9999 -9999 -9999 15.1686 17.27 19.4844 20.1981 20.9111 21.5276 21.5448 21.2788 21.0263 20.766 20.4688 19.6635 18.8823 18.1364 17.8885 18.0433 18.0215 18.6773 20.2054 20.5029 20.379 18.9054 18.4132 19.6501 20.6908 20.7773 20.6888 19.4752 19.7414 19.0904 18.2055 17.9675 17.5847 16.7672 17.1723 16.5756 16.8425 16.7725 17.2475 17.4828 18.0462 17.3895 17.3941 18.2818 18.7327 18.7516 19.2246 19.3984 19.4498 19.4689 19.4849 19.4951 19.5107 19.5148 19.5163 19.5154 19.5013 19.4564 19.3008 18.4272 18.4358 18.6852 18.9215 19.3444 19.4723
-9999 -9999 -9999 -9999 -9999 -9999 -9999 15.404 16.8633 18.8287 20.286 20.3816 21.0929 21.4628 21.1728 20.8458 20.5111 20.3678 19.4907 18.5264 17.7478 16.825 16.9814 17.6502 18.7276 19.7159 19.8946 19.6935 18.8994 19.274 20.1191 20.5702 20.707 20.6089 20.3493 20.2022 19.7246 19.5217 18.8563 17.8118 17.4051 17.6752 16.566 16.6517 17.0723 16.6321 17.3628 17.7163 16.8664 17.5506 18.3355 18.7406 19.0959 19.2682 19.3418 19.4504 19.4612 19.4779 19.4908 19.4977 19.506 19.498 19.4927 19.4071 19.2768 18.4619 18.1279 18.2028 18.5905 18.9309 19.2897 19.4396
-9999 -9999 -9999 -9999 -9999 -9999 -9999 15.6448 16.9592 18.6639 19.7041 19.8938 20.682 21.3838 21.3111 20.9704 20.8704 20.517 19.7738 18.952 18.053 17.618 16.612 17.6096 18.3845 19.2221 19.6155 18.9606 18.6406 19.2181 19.7927 20.0252 20.6063 20.6065 20.4249 19.6222 19.2345 19.4083 19.2461 18.9567 18.2401 18.2154 17.7579 17.5728 17.3984 16.8052 17.1898 17.235 17.3462 18.1654 18.5778 18.8539 19.1059 19.178 19.2922 19.4379 19.4583 19.4715 19.4792 19.4901 19.4882 19.4573 19.4325 19.2521 18.9264 18.3117 17.3116 18.0306 18.7821 19.0154 19.2387 19.3585
-9999 -9999 -9999 -9999 -9999 -9999 -9999 15.4137 16.81 18.2676 18.8795 18.987 20.4098 21.2831 21.2896 21.1307 20.9443 20.0636 20.1205 19.9481 19.1376 17.9546 16.6546 16.7805 17.555 18.6507 19.0186 17.9423 17.5696 17.8511 18.7178 19.4944 20.3055 20.5159 20.2856 19.0326 17.701 18.3287 18.9992 19.0029 18.8158 18.1518 17.9461 17.7607 17.2783 16.4526 16.5754 16.8138 17.7448 18.0464 18.5079 18.8926 18.7588 18.8501 19.2185 19.4334 19.4495 19.4615 19.4766 19.4801 19.476 19.4063 19.3319 19.2015 18.3396 17.8066 17.0285 17.952 18.4667 18.7481 19.2387 19.3616
-9999 -9999 -9999 -9999 -9999 -9999 -9999 14.9747 15.9891 17.3825 17.9467 18.8444 20.1892 20.8531 21.1741 21.1722 21.0495 20.6578 20.4242 19.9589 19.1155 17.9604 16.6756 15.8402 16.2701 17.7408 18.0931 17.1017 16.6058 17.2331 18.1565 19.5219 20.3045 20.4152 20.351 20.0977 19.1273 17.9537 17.9649 18.5643 18.0764 17.5081 17.8325 17.7815 17.3054 16.9611 16.7437 16.8871 17.4179 17.6449 18.1769 18.9581 19.0772 19.0636 19.3973 19.4219 19.4379 19.4585 19.4664 19.4717 19.4702 19.4149 19.2807 18.7098 18.2129 17.5184 17.4395 18.2636 18.632 18.9714 19.2162 19.3014
-9999 -9999 -9999 -9999 -9999 -9999 -9999 14.2245 15.4173 16.723 17.9461 19.1037 20.1009 20.1824 20.7108 20.7151 20.9943 20.9206 20.5577 20.1665 19.4404 17.9552 16.7068 15.3447 15.7081 17.2183 17.3949 16.7401 15.527 16.7885 18.1795 19.4409 20.1264 19.599 20.1515 20.1131 19.7536 19.0578 17.9722 18.0003 17.1889 17.1608 17.5891 17.7334 17.6711 17.4146 16.9968 17.0721 17.3954 17.4856 17.9753 18.5833 19.178 19.2849 19.4052 19.4184 19.4287 19.4462 19.4557 19.4518 19.4301 19.3719 18.8947 18.3255 17.978 17.4966 17.4452 18.3944 18.7814 18.9979 19.2106 19.2996
-9999 -9999 -9999 -9999 -9999 -9999 -9999 -9999 15.2876 16.6364 17.6357 17.9081 18.7949 19.2761 19.6497 19.7363 20.7932 20.856 20.6276 20.2685 19.6498 18.5238 17.7402 16.4337 15.4954 15.8767 16.0389 16.3889 16.291 16.856 18.1928 19.5857 19.7425 18.8666 19.0032 19.194 19.6141 19.4114 17.9296 17.1805 16.5602 17.0139 17.4908 17.6122 17.6428 17.5601 17.4608 17.2768 17.913 18.386 18.5023 18.9158 19.2233 19.3144 19.3852 19.4014 19.4177 19.4263 19.4173 19.413 19.3463 19.1865 18.6517 17.3541 17.4232 17.29 16.8918 17.8217 18.4106 18.9374 19.2213 19.3007
-9999 -9999 -9999 -9999 -9999 -9999 -9999 -9999 14.8319 16.3919 16.7247 16.7047 16.1941 16.4361 18.351 18.7406 19.7544 20.7145 20.649 20.2968 19.718 19.0489 18.0106 16.5407 15.3732 14.8691 16.127 17.3561 17.6155 18.0148 18.8356 18.9957 18.0999 17.2607 17.7411 18.0332 19.1286 19.3343 19.1299 18.2402 17.2221 16.6944 17.3342 17.4266 17.4724 17.4878 17.4768 17.4503 18.1604 18.5606 18.841 18.9976 19.263 19.3373 19.367 19.3954 19.3994 19.3947 19.3626 19.3249 19.1302 18.8927 18.0116 17.2782 16.824 16.2452 17.576 17.9799 18.5331 18.8933 19.1758 19.2444
