Test_Spring_2018/04_18/Temp/20180415_006.txt
ncols	170
nrows	115
xllcorner	350000.000000
yllcorner	4445000.000000
cellsize	1000.000000
nodata_value	-9999.000000
[rows 32 to 63 of 115, columns 72 to 143 of 170]
17.1113 16.866 17.2442 17.5922 17.3607 17.2091 17.7726 17.7719 17.576 17.1164 16.9481 16.7737 16.6672 16.0786 14.426 12.9362 13.7355 13.755 13.203 14.1934 13.67 12.3047 10.3773 11.4234 11.1496 9.76556 9.42031 -9999 -9999 -9999 -9999 -9999 -9999 -9999 -9999 -9999 -9999 -9999 -9999 -9999 -9999 -9999 -9999 -9999 -9999 -9999 -9999 -9999 -9999 -9999 -9999 -9999 -9999 -9999 -9999 -9999 -9999 -9999 -9999 -9999 -9999 -9999 -9999 -9999 -9999 -9999 -9999 -9999 -9999 -9999 -9999 -9999
16.777 16.6715 17.234 17.2217 17.1754 17.3601 17.7066 17.777 17.7003 17.4998 17.3265 17.1423 16.6747 16.0012 14.5869 12.891 12.5068 13.3377 13.3779 13.5115 13.0347 12.4354 11.4979 12.2642 12.5611 11.6522 10.4615 9.69376 -9999 -9999 -9999 -9999 -9999 -9999 -9999 -9999 -9999 -9999 -9999 -9999 -9999 -9999 -9999 -9999 -9999 -9999 -9999 -9999 -9999 -9999 -9999 -9999 -9999 -9999 -9999 -9999 -9999 -9999 -9999 -9999 -9999 -9999 -9999 -9999 -9999 -9999 -9999 -9999 -9999 -9999 -9999 -9999
16.3795 15.8335 16.1724 16.4267 16.8776 16.9829 17.0529 17.7237 17.6878 17.6565 17.3699 17.141 16.7616 16.1134 15.1903 14.0788 12.1429 13.3377 14.2732 14.2495 14.1983 13.7785 12.878 13.6303 13.6647 12.5 11.175 10.4062 10.0878 -9999 -9999 -9999 -9999 -9999 -9999 -9999 -9999 -9999 -9999 -9999 -9999 -9999 -9999 -9999 -9999 -9999 -9999 -9999 -9999 -9999 -9999 -9999 -9999 -9999 -9999 -9999 -9999 -9999 -9999 -9999 -9999 -9999 -9999 -9999 -9999 -9999 -9999 -9999 -9999 -9999 -9999 -9999
15.9286 15.2617 15.6027 16.0577 16.6889 17.0037 17.2475 17.4477 17.652 17.6276 17.3342 16.4678 16.3445 16.3076 15.7042 14.437 13.1714 12.844 14.271 14.6796 14.5966 14.915 14.1521 14.5118 14.3632 13.9479 12.6726 11.5183 11.044 10.1076 -9999 -9999 -9999 -9999 -9999 -9999 -9999 -9999 -9999 -9999 -9999 -9999 -9999 -9999 -9999 -9999 -9999 -9999 -9999 -9999 -9999 -9999 -9999 -9999 -9999 -9999 -9999 -9999 -9999 -9999 -9999 -9999 -9999 -9999 -9999 -9999 -9999 -9999 -9999 -9999 -9999 -9999
-9999 -9999 14.8359 15.4449 15.9495 16.5683 17.1006 17.3716 17.6351 17.6136 17.027 16.7403 16.7157 16.3204 15.6237 15.1868 14.3904 13.5605 13.8785 15.0954 14.5545 15.4162 15.3429 15.5006 14.9236 13.8129 12.3459 11.4854 11.061 10.302 -9999 -9999 -9999 -9999 -9999 -9999 -9999 -9999 -9999 -9999 -9999 -9999 -9999 -9999 -9999 -9999 -9999 -9999 -9999 -9999 -9999 -9999 -9999 -9999 -9999 -9999 -9999 -9999 -9999 -9999 -9999 -9999 -9999 -9999 -9999 -9999 -9999 -9999 -9999 -9999 -9999 -9999
-9999 -9999 -9999 15.3251 15.7076 16.5465 16.9625 17.1379 17.5631 17.5636 17.3413 17.1737 16.9307 16.6135 16.0901 15.5127 14.7639 14.6955 15.4744 15.4846 15.3224 15.4501 15.8495 15.7434 14.8429 13.2936 12.479 10.8085 10.0998 10.1717 9.66965 -9999 -9999 -9999 -9999 -9999 -9999 -9999 -9999 -9999 -9999 -9999 -9999 11.6062 -9999 -9999 -9999 -9999 -9999 -9999 -9999 -9999 -9999 -9999 -9999 -9999 -9999 -9999 -9999 -9999 -9999 -9999 -9999 -9999 8.59557 -9999 -9999 -9999 -9999 -9999 -9999 -9999
-9999 -9999 15.2547 15.7601 16.1671 16.6922 16.7343 17.038 17.5268 17.5333 17.3755 17.1976 16.7977 16.6993 16.4019 15.7751 15.6478 15.9035 16.0218 16.1555 16.2377 16.1714 16.0091 15.799 15.2061 14.4907 14.0101 12.4913 11.7184 10.9871 9.88098 9.01598 -9999 -9999 -9999 -9999 -9999 -9999 -9999 11.019 10.9797 11.001 11.245 11.9157 11.5233 -9999 -9999 -9999 -9999 -9999 -9999 -9999 -9999 -9999 -9999 -9999 -9999 -9999 -9999 -9999 -9999 -9999 -9999 -9999 9.19727 8.32825 -9999 -9999 -9999 -9999 -9999 -9999
-9999 -9999 15.3739 15.9243 16.1982 16.7078 16.9985 17.1737 17.3423 17.5038 17.4762 17.2792 16.9799 16.9827 16.5708 16.3494 16.1918 16.5375 16.6068 16.4697 16.297 16.144 15.7103 15.6593 15.5008 15.0459 14.3002 13.5319 12.409 10.907 9.43445 8.24701 -9999 -9999 -9999 -9999 -9999 -9999 11.1372 11.6956 12.0308 11.3242 11.9309 12.4854 12.398 11.8494 -9999 -9999 -9999 -9999 -9999 -9999 -9999 -9999 -9999 -9999 -9999 -9999 -9999 -9999 13.3144 12.424 10.6228 9.7004 9.14765 8.35753 -9999 -9999 -9999 -9999 -9999 -9999
-9999 -9999 15.2593 15.9093 16.3488 16.7385 16.7989 17.1911 17.3587 17.4449 17.4341 17.3951 17.3404 16.9809 16.8272 16.2839 16.8071 16.7891 16.6586 16.1374 15.9117 15.0149 14.6198 14.5157 15.2681 14.7085 13.5422 12.0847 10.3266 10.2055 9.62638 8.56497 -9999 -9999 -9999 -9999 -9999 -9999 11.3047 11.902 12.4008 12.4751 11.7726 12.7569 12.7081 12.1585 12.0338 12.4849 12.7136 12.5374 13.0731 13.2321 12.9909 13.2593 -9999 -9999 -9999 -9999 13.4302 13.4688 13.4985 13.1288 11.1609 9.81726 8.61071 8.49621 -9999 -9999 -9999 -9999 -9999 -9999
-9999 -9999 15.7056 16.1048 16.3052 16.3355 16.6845 17.0259 17.2349 17.3893 17.3573 17.3447 17.3319 17.2099 16.9251 16.9787 16.9576 16.7925 15.7998 14.6404 15.1473 14.4595 12.9766 14.1678 14.824 14.1897 12.7764 11.1381 10.5928 10.6082 9.80277 8.7663 -9999 -9999 -9999 9.66532 10.5197 10.5966 10.8506 11.6467 12.2528 12.7104 13.0219 13.0068 12.6768 12.1389 11.5541 11.7624 12.8142 13.0707 13.2782 13.4429 13.219 13.3392 13.6228 13.7707 13.8029 13.7395 13.7272 13.7528 13.7218 13.3771 11.6165 10.6098 9.96802 8.67392 -9999 -9999 -9999 -9999 -9999 -9999
-9999 -9999 15.4493 15.796 16.0759 16.5364 16.5831 16.8773 17.0449 17.3015 17.3307 17.0245 17.2788 17.2477 17.2023 17.1041 16.9593 16.1221 14.9671 13.8087 13.2741 13.4967 12.6085 13.0571 13.7219 13.4755 12.6041 11.144 10.9359 10.5885 9.23019 7.92751 -9999 -9999 8.00538 9.64212 10.7957 11.3924 11.5794 11.6 12.3632 12.4252 13.2458 13.0498 11.9641 12.086 11.6641 11.9366 12.3217 12.4275 12.9774 13.5096 13.6121 13.6166 13.7981 13.8376 13.8499 13.8482 13.7297 13.7881 13.7993 13.5854 12.3108 11.6901 11.0029 8.68974 -9999 -9999 -9999 -9999 -9999 -9999
-9999 -9999 15.619 16.0063 16.4303 16.4963 16.8095 16.7721 16.6735 17.1133 17.271 17.0549 16.9002 17.1891 17.1715 17.1359 17.0759 16.2896 15.379 13.9986 13.1409 12.6107 12.2366 11.7281 12.0679 11.96 11.8162 11.9745 11.5701 10.762 9.96846 8.48223 7.68088 -9999 8.08805 8.8282 10.1999 11.3664 12.1081 11.8458 12.7135 12.8763 13.3723 13.0804 12.4201 12.1365 12.1112 12.0246 12.6068 12.9977 13.2693 13.4551 13.6845 13.7452 13.8064 13.8337 13.8501 13.8667 13.8668 13.8652 13.8422 13.7634 13.1785 12.5567 11.2152 8.76362 -9999 -9999 -9999 -9999 -9999 -9999
-9999 14.4869 15.5702 16.2211 16.4708 16.6498 16.8072 16.9203 17.0343 17.1451 17.2232 17.1875 16.6156 16.6643 16.7699 17.0981 17.0778 17.0094 16.5127 14.8329 14.2487 13.3958 12.2943 11.8275 12.054 12.952 12.9081 12.3075 11.6387 10.7102 10.1219 9.21204 7.46476 7.623 8.41117 8.99885 9.93233 11.3577 12.358 12.8062 12.9772 13.3263 13.5099 13.1082 12.7233 12.5624 12.2644 12.222 12.2238 12.5755 12.8454 13.4563 13.6632 13.7574 13.8079 13.8366 13.8586 13.8803 13.89 13.8814 13.8849 13.8828 13.8401 13.0145 10.947 9.39054 -9999 -9999 -9999 -9999 -9999 -9999
-9999 -9999 15.3643 15.6483 15.7195 15.847 16.1127 16.4198 16.8522 16.907 17.1488 17.1462 16.6523 16.0841 16.5838 16.7843 16.9922 17.0014 16.9398 15.5234 14.784 14.201 13.1445 13.5176 13.8753 13.8989 13.6768 12.3927 11.114 9.63523 8.26 8.19317 7.45296 7.84377 8.36526 9.70134 10.643 11.0272 11.3042 12.7532 13.1297 13.2599 13.6312 13.1274 12.9969 12.6174 12.7296 12.6959 12.6975 11.6467 12.6962 12.7594 13.4473 13.7573 13.8287 13.8509 13.8745 13.8813 13.8887 13.8889 13.8989 13.8901 13.8813 13.3455 10.7222 9.40675 -9999 -9999 -9999 -9999 -9999 -9999
-9999 -9999 -9999 -9999 15.4432 15.6582 15.7944 16.0338 16.7716 16.9706 17.1031 17.1145 16.8953 16.3317 16.186 16.293 15.7456 16.209 16.8402 16.8252 16.7486 15.505 14.8635 15.4754 15.2845 14.3464 13.607 12.8773 11.3806 10.2792 8.7032 7.5201 7.47528 8.7803 9.8645 11.2166 11.8155 11.4806 11.8516 12.5712 13.3892 13.7854 13.6938 13.1625 13.0854 12.5002 13.0743 13.1228 12.8548 12.6233 12.7111 13.0515 13.1824 13.7213 13.8536 13.8788 13.8864 13.8922 13.8935 13.8939 13.89 13.887 13.8819 13.8596 11.163 9.06623 -9999 -9999 -9999 -9999 -9999 -9999
-9999 -9999 -9999 -9999 14.9205 15.0496 15.3965 16.2949 16.7586 16.9475 16.94 17.0283 16.8741 16.3793 15.8721 15.3947 14.7776 15.135 16.0754 16.6295 16.6921 15.6018 16.1625 15.9467 15.5244 14.2986 13.3939 12.9122 11.475 10.2394 9.19017 7.74315 8.36123 9.04304 9.91965 11.3941 12.391 12.8029 12.4637 12.9259 13.8668 13.874 13.3622 13.3963 13.081 12.2813 13.1127 13.346 13.1566 13.2049 13.1303 13.2575 13.489 13.7111 13.8599 13.8825 13.8878 13.8867 13.8901 13.8938 13.8866 13.8902 13.8851 13.8734 12.1335 9.02324 -9999 -9999 -9999 -9999 -9999 -9999
-9999 -9999 -9999 -9999 -9999 14.44 15.2375 16.4314 16.7199 16.6908 16.9372 16.9587 16.7215 16.5167 15.9005 15.0582 13.4366 13.8533 14.719 15.9655 16.62 16.5303 16.1599 15.5236 13.9885 12.6442 12.4769 12.253 11.203 10.2496 9.0833 9.75651 10.4951 11.3043 11.7309 11.6234 12.4781 13.1757 12.8847 13.4509 14.1103 13.8145 13.6397 13.4927 13.1287 13.1065 13.1436 13.6154 13.2878 13.4881 13.489 13.4785 13.5917 13.7225 13.8603 13.8852 13.8887 13.8944 13.8823 13.8912 13.8867 13.8819 13.8775 13.8678 13.7121 12.0378 11.0373 -9999 -9999 -9999 -9999 -9999
-9999 -9999 -9999 -9999 -9999 13.696 14.0915 15.5065 15.9358 16.561 16.893 16.9085 16.5073 16.2848 15.3651 15.0696 13.57 12.8917 13.471 13.2508 14.9658 16.4825 16.146 13.0784 11.9647 11.1688 11.3677 11.3653 11.0702 9.45304 9.00756 10.447 11.354 12.0577 12.5928 12.7064 12.6918 13.7809 13.9283 14.284 14.2099 14.2446 13.6982 13.36 13.6534 13.3115 13.2527 13.7401 13.2589 13.6932 13.6377 13.5081 13.5026 13.7908 13.8511 13.8844 13.8892 13.8815 13.8708 13.8658 13.8784 13.877 13.8639 13.8671 13.8535 13.6564 12.7904 12.4886 12.8259 -9999 -9999 -9999
-9999 -9999 -9999 -9999 -9999 -9999 12.7645 14.7328 15.625 16.0968 16.7626 16.8433 16.6279 16.2429 15.3065 14.4835 13.1432 11.6116 10.7993 13.233 15.3503 16.4543 16.303 13.7492 12.7389 12.6883 13.2771 12.7728 12.3897 11.1589 10.7919 10.2831 10.5961 11.5753 12.3776 13.1526 13.7173 13.7669 14.1348 14.3459 14.3656 14.4331 14.3701 14.3185 13.7871 14.1523 13.8421 14.0062 13.8999 13.804 13.7177 13.4162 13.6313 13.8224 13.8735 13.8906 13.8823 13.883 13.8785 13.8644 13.859 13.8608 13.8618 13.8546 13.8566 13.8497 13.7543 13.2338 12.5361 11.6542 -9999 -9999
-9999 -9999 -9999 -9999 -9999 -9999 11.7758 13.7349 14.6717 15.8877 16.5104 16.7635 16.7322 16.4206 15.7097 14.6381 13.7459 12.0356 10.2589 12.8121 15.0856 16.3122 16.3755 14.225 14.816 14.3322 14.5223 13.6396 13.2711 12.9743 12.3416 11.6506 10.8932 10.4948 12.2937 13.2191 13.9647 14.3183 14.5196 14.6217 14.5707 14.4362 13.6398 14.249 14.2138 14.1532 14.0836 14.0498 13.9866 13.9123 13.8644 13.8498 13.6504 13.8785 13.8758 13.8814 13.8854 13.8827 13.8747 13.8683 13.8596 13.8624 13.8564 13.8511 13.8479 13.8479 13.8433 13.8163 13.679 12.4944 11.7862 11.5858
-9999 -9999 -9999 -9999 -9999 -9999 9.01461 11.8668 14.1484 15.3461 16.3184 16.5877 16.6899 16.2706 15.958 15.1906 14.4639 13.3408 11.6569 10.6201 12.53 15.3086 16.3298 16.2429 16.1759 15.6176 15.114 15.0478 15.0827 14.4923 13.6388 12.53 12.1838 11.7968 13.1372 13.3214 13.2266 14.701 14.7076 14.627 14.0668 13.4377 13.5591 13.1679 13.4639 12.9989 13.4265 13.796 13.934 13.9226 13.8693 13.8624 13.8419 13.8834 13.8849 13.881 13.8789 13.8793 13.8771 13.8633 13.8569 13.8664 13.8568 13.8509 13.8429 13.8447 13.8435 13.8241 13.8063 13.6253 13.3523 12.8283
-9999 -9999 -9999 -9999 -9999 -9999 9.12924 11.5208 13.5565 14.7734 15.9486 16.2224 16.6206 16.5374 16.2095 15.5424 14.7083 13.7842 12.3395 11.2657 12.5449 14.3866 15.7068 16.1733 16.1643 16.1298 16.0016 15.9429 15.7945 15.6823 15.0732 14.0244 13.4335 12.5688 14.0621 14.2319 14.0014 14.7485 14.714 13.5912 12.7283 12.6226 13.1507 12.6498 12.5586 12.2438 12.5973 13.5442 13.2661 13.3209 13.7457 13.8177 13.8646 13.8786 13.8777 13.8781 13.8735 13.8776 13.8818 13.8683 13.8637 13.8631 13.8498 13.8483 13.8395 13.8346 13.8268 13.8173 13.8014 13.751 13.6961 13.7541
-9999 -9999 -9999 -9999 -9999 -9999 9.17428 10.7797 12.6118 14.4055 15.6605 16.1676 16.5377 16.5357 16.1539 15.8233 15.301 14.4879 13.9305 12.961 11.6296 13.8624 14.5425 15.1467 15.3979 16.0323 16.0141 15.7197 15.3698 15.6834 15.5885 14.7599 14.4883 14.0295 14.8607 14.8649 14.8443 14.8024 13.8541 12.535 11.4809 12.2432 12.0861 12.4344 11.3504 12.2394 12.9555 13.1879 12.6995 12.3389 13.4507 13.6371 13.7487 13.821 13.8695 13.8607 13.8749 13.8713 13.8711 13.8707 13.8644 13.8618 13.8551 13.8481 13.8395 13.8359 13.8256 13.8131 13.8138 13.7852 13.7759 13.7647
-9999 -9999 -9999 -9999 -9999 -9999 -9999 9.82161 12.138 14.2127 15.3683 16.0958 16.4511 16.4464 16.2519 16.0277 15.7042 15.1178 14.3803 13.2139 12.3477 12.8973 13.5626 13.6309 14.0752 15.3673 15.8073 15.1786 13.619 14.5301 15.5499 15.5336 15.4475 15.3514 15.2281 15.1179 14.8744 14.2187 12.2052 11.811 11.0223 11.1141 10.7101 11.595 11.2605 12.1714 12.5663 12.7156 11.8742 12.0468 13.037 13.4298 13.3664 13.6085 13.8388 13.8489 13.8583 13.8553 13.8634 13.8685 13.868 13.862 13.8576 13.8551 13.8374 13.8428 13.7704 13.724 13.6274 13.7516 13.7651 13.7736
-9999 -9999 -9999 -9999 -9999 -9999 -9999 9.34717 11.6659 14.1093 14.8943 15.6784 16.3556 16.3702 16.0717 15.788 15.4955 15.1621 14.2673 13.3992 12.5701 12.2915 12.458 12.4324 13.1528 14.8373 15.1621 15.0213 13.3901 12.842 14.2046 15.3502 15.4412 15.3387 13.9927 14.2817 13.5569 12.5732 12.3042 11.8749 10.9651 11.4061 10.7398 11.0277 10.9451 11.4627 11.7154 12.3306 11.5977 11.5957 12.5682 13.0596 13.0738 13.5899 13.7756 13.8262 13.8412 13.8529 13.8584 13.8699 13.8687 13.8646 13.858 13.8368 13.7815 13.6022 12.6311 12.6349 12.905 13.1607 13.6207 13.7563
-9999 -9999 -9999 -9999 -9999 -9999 -9999 9.6093 11.2183 13.3865 14.9929 15.0947 15.8766 16.2809 15.956 15.59 15.2154 15.0523 14.0782 13.0079 12.1429 11.1186 11.287 12.0218 13.2111 14.299 14.4926 14.2663 13.3859 13.7955 14.725 15.219 15.3655 15.2523 14.9604 14.7927 14.2594 14.0295 13.2882 12.1278 11.672 11.964 10.7316 10.8194 11.2772 10.7858 11.586 11.9695 11.0231 11.7708 12.6311 13.072 13.4579 13.6418 13.7168 13.8305 13.8364 13.8489 13.8572 13.859 13.8624 13.8478 13.8362 13.7359 13.5863 12.6802 12.3034 12.3805 12.8034 13.174 13.5626 13.7229
-9999 -9999 -9999 -9999 -9999 -9999 -9999 9.87721 11.3259 13.2059 14.3514 14.557 15.4238 16.1949 16.1102 15.7292 15.614 15.2188 14.3928 13.4801 12.4822 11.997 10.8811 11.9793 12.8345 13.756 14.1867 13.4602 13.1022 13.7361 14.3666 14.619 15.2563 15.2517 15.0459 14.1538 13.7198 13.9062 13.721 13.3952 12.597 12.5633 12.0511 11.8399 11.6403 10.98 11.398 11.4409 11.5553 12.4535 12.9023 13.2007 13.4725 13.5457 13.6655 13.8203 13.8367 13.8453 13.8478 13.8539 13.8461 13.8061 13.7729 13.5679 13.2023 12.5173 11.4043 12.1932 13.018 13.2696 13.5089 13.6359
-9999 -9999 -9999 -9999 -9999 -9999 -9999 9.62373 11.1628 12.7696 13.4417 13.5564 15.1243 16.0849 16.0877 15.9076 15.6971 14.7193 14.7777 14.5827 13.6826 12.3711 10.9304 11.0654 11.9169 13.1271 13.5296 12.3375 11.9213 12.228 13.1812 14.0348 14.9263 15.1538 14.8943 13.5045 12.0275 12.7155 13.4505 13.4486 13.2356 12.4955 12.2618 12.0502 11.5104 10.5907 10.7223 10.9787 11.999 12.3253 12.8285 13.2468 13.0924 13.1867 13.5875 13.8187 13.8303 13.8375 13.8482 13.8462 13.8358 13.7529 13.665 13.5151 12.5569 11.9622 11.0964 12.1091 12.6724 12.975 13.5116 13.642
-9999 -9999 -9999 -9999 -9999 -9999 -9999 9.14048 10.2573 11.7931 12.4123 13.4001 14.8818 15.6111 15.9613 15.9547 15.8147 15.3774 15.1148 14.5963 13.6601 12.3794 10.9556 10.0286 10.4997 12.1242 12.5081 11.4111 10.8588 11.5476 12.5635 14.0676 14.9277 15.0451 14.9691 14.6839 13.6061 12.3036 12.3102 12.9666 12.4213 11.7871 12.139 12.0762 11.5433 11.1562 10.9115 11.0614 11.641 11.8849 12.4659 13.3225 13.4474 13.4259 13.7883 13.8092 13.8206 13.8373 13.8401 13.84 13.8324 13.7654 13.6113 12.9747 12.4199 11.6468 11.5537 12.4563 12.8572 13.2244 13.4895 13.5781
-9999 -9999 -9999 -9999 -9999 -9999 -9999 8.31321 9.6272 11.0658 12.413 13.6879 14.7854 14.8711 15.4505 15.4508 15.755 15.6692 15.2638 14.8273 14.0208 12.3756 10.9922 9.4832 9.88097 11.5458 11.7419 11.0141 9.66943 11.059 12.5916 13.9809 14.7337 14.146 14.7515 14.7037 14.3011 13.5266 12.3212 12.3462 11.4435 11.4063 11.8731 12.0259 11.9505 11.6604 11.1915 11.269 11.6192 11.712 12.2463 12.9114 13.5619 13.6735 13.8 13.8084 13.8135 13.8267 13.8312 13.8209 13.791 13.7208 13.1877 12.553 12.1632 11.6255 11.563 12.6059 13.0251 13.2564 13.486 13.5788
-9999 -9999 -9999 -9999 -9999 -9999 -9999 -9999 9.48549 10.9716 12.0715 12.3681 13.3436 13.8708 14.2792 14.3705 15.534 15.5991 15.3425 14.9416 14.2539 13.0057 12.136 10.6887 9.64827 10.0648 10.246 10.6287 10.5165 11.1366 12.6094 14.1439 14.3125 13.3397 13.4857 13.6913 14.1501 13.9205 12.2773 11.4436 10.752 11.247 11.7677 11.8953 11.9224 11.8244 11.7059 11.4983 12.1943 12.71 12.8316 13.2818 13.6149 13.709 13.7808 13.7924 13.8042 13.8075 13.7915 13.7809 13.7013 13.5188 12.922 11.4824 11.5529 11.4 10.9543 11.9754 12.6158 13.1924 13.5005 13.5828
-9999 -9999 -9999 -9999 -9999 -9999 -9999 -9999 8.98358 10.7029 11.0662 11.0396 10.4709 10.7338 12.8453 13.2713 14.3872 15.4439 15.3674 14.9742 14.3309 13.5878 12.4368 10.809 9.51553 8.95633 10.3424 11.7003 11.983 12.4201 13.3228 13.4953 12.5009 11.5687 12.0945 12.4121 13.6172 13.8388 13.6072 12.6181 11.4869 10.8975 11.598 11.6935 11.7374 11.7477 11.7272 11.6906 12.4707 12.906 13.2088 13.375 13.6615 13.7371 13.7634 13.7885 13.7866 13.7752 13.7338 13.6861 13.4651 13.1969 12.2174 11.4013 10.8936 10.2483 11.713 12.153 12.7563 13.1464 13.453 13.5231
