Test_Spring_2018/04_18/Temp/20180416_013.txt
ncols	170
nrows	115
xllcorner	350000.000000
yllcorner	4445000.000000
cellsize	1000.000000
nodata_value	-9999.000000
[rows 32 to 63 of 115, columns 72 to 143 of 170]
17.7847 17.6525 17.8465 18.0245 17.8843 17.7895 18.0729 18.0684 17.9621 17.7182 17.6272 17.5335 17.4756 17.1655 16.2985 15.5168 15.9336 15.942 15.6511 16.1674 15.891 15.1737 14.1618 14.7065 14.56 13.8187 13.6304 -9999 -9999 -9999 -9999 -9999 -9999 -9999 -9999 -9999 -9999 -9999 -9999 -9999 -9999 -9999 -9999 -9999 -9999 -9999 -9999 -9999 -9999 -9999 -9999 -9999 -9999 -9999 -9999 -9999 -9999 -9999 -9999 -9999 -9999 -9999 -9999 -9999 -9999 -9999 -9999 -9999 -9999 -9999 -9999 -9999
17.6016 17.5429 17.8337 17.8233 17.7854 17.8615 18.0311 18.0638 18.0199 17.9116 17.8178 17.7188 17.4716 17.117 16.3746 15.485 15.2822 15.7156 15.7349 15.803 15.5512 15.2353 14.742 15.1407 15.2935 14.808 14.1705 13.7512 -9999 -9999 -9999 -9999 -9999 -9999 -9999 -9999 -9999 -9999 -9999 -9999 -9999 -9999 -9999 -9999 -9999 -9999 -9999 -9999 -9999 -9999 -9999 -9999 -9999 -9999 -9999 -9999 -9999 -9999 -9999 -9999 -9999 -9999 -9999 -9999 -9999 -9999 -9999 -9999 -9999 -9999 -9999 -9999
17.3858 17.0967 17.2705 17.3998 17.6124 17.6493 17.6815 18.0286 18.0058 17.9859 17.8327 17.71 17.5089 17.1673 16.6821 16.0985 15.0834 15.7074 16.1957 16.1817 16.1532 15.9316 15.4581 15.8498 15.8655 15.2424 14.5236 14.1194 13.9511 -9999 -9999 -9999 -9999 -9999 -9999 -9999 -9999 -9999 -9999 -9999 -9999 -9999 -9999 -9999 -9999 -9999 -9999 -9999 -9999 -9999 -9999 -9999 -9999 -9999 -9999 -9999 -9999 -9999 -9999 -9999 -9999 -9999 -9999 -9999 -9999 -9999 -9999 -9999 -9999 -9999 -9999 -9999
17.1424 16.7901 16.9651 17.1994 17.5145 17.6601 17.7761 17.8765 17.9794 17.9628 17.8058 17.3491 17.2819 17.2603 16.9425 16.2773 15.6133 15.4407 16.1865 16.3993 16.3544 16.5197 16.1186 16.3051 16.2253 16.0009 15.3113 14.6968 14.4471 13.9555 -9999 -9999 -9999 -9999 -9999 -9999 -9999 -9999 -9999 -9999 -9999 -9999 -9999 -9999 -9999 -9999 -9999 -9999 -9999 -9999 -9999 -9999 -9999 -9999 -9999 -9999 -9999 -9999 -9999 -9999 -9999 -9999 -9999 -9999 -9999 -9999 -9999 -9999 -9999 -9999 -9999 -9999
-9999 -9999 16.5567 16.8609 17.1133 17.4255 17.6919 17.8292 17.9627 17.9473 17.6365 17.4831 17.4673 17.258 16.8913 16.6611 16.2429 15.8074 15.973 16.6092 16.3251 16.7752 16.7356 16.8166 16.5127 15.91 15.1355 14.6749 14.4513 14.0527 -9999 -9999 -9999 -9999 -9999 -9999 -9999 -9999 -9999 -9999 -9999 -9999 -9999 -9999 -9999 -9999 -9999 -9999 -9999 -9999 -9999 -9999 -9999 -9999 -9999 -9999 -9999 -9999 -9999 -9999 -9999 -9999 -9999 -9999 -9999 -9999 -9999 -9999 -9999 -9999 -9999 -9999
-9999 -9999 -9999 16.7917 16.98 17.4139 17.6125 17.6993 17.917 17.9128 17.7923 17.701 17.5708 17.4022 17.1263 16.8227 16.4296 16.3931 16.8004 16.8054 16.7199 16.7861 16.9943 16.9375 16.4603 15.6331 15.205 14.3158 13.9434 13.9798 13.7158 -9999 -9999 -9999 -9999 -9999 -9999 -9999 -9999 -9999 -9999 -9999 -9999 14.7323 -9999 -9999 -9999 -9999 -9999 -9999 -9999 -9999 -9999 -9999 -9999 -9999 -9999 -9999 -9999 -9999 -9999 -9999 -9999 -9999 13.162 -9999 -9999 -9999 -9999 -9999 -9999 -9999
-9999 -9999 16.7634 17.0068 17.2143 17.4833 17.4938 17.6395 17.89 17.8885 17.8014 17.7043 17.4918 17.4377 17.2802 16.9508 16.8835 17.0171 17.079 17.149 17.192 17.157 17.0715 16.9606 16.6309 16.255 16.0017 15.2008 14.7862 14.402 13.8217 13.3678 -9999 -9999 -9999 -9999 -9999 -9999 -9999 14.4179 14.3984 14.4106 14.5393 14.8914 14.6868 -9999 -9999 -9999 -9999 -9999 -9999 -9999 -9999 -9999 -9999 -9999 -9999 -9999 -9999 -9999 -9999 -9999 -9999 -9999 13.4765 13.0225 -9999 -9999 -9999 -9999 -9999 -9999
-9999 -9999 16.8048 17.0874 17.2247 17.4849 17.6304 17.7032 17.7855 17.8645 17.8451 17.7378 17.5777 17.5766 17.3592 17.2423 17.1595 17.3406 17.3774 17.3061 17.2162 17.1362 16.909 16.8816 16.7805 16.541 16.1489 15.7447 15.1433 14.3555 13.5832 12.9604 -9999 -9999 -9999 -9999 -9999 -9999 14.4747 14.7682 14.945 14.5763 14.8952 15.1867 15.142 14.8464 -9999 -9999 -9999 -9999 -9999 -9999 -9999 -9999 -9999 -9999 -9999 -9999 -9999 -9999 15.6273 15.1622 14.2202 13.7383 13.4499 13.0372 -9999 -9999 -9999 -9999 -9999 -9999
-9999 -9999 16.7406 17.0747 17.298 17.4948 17.5189 17.7091 17.7862 17.8252 17.8142 17.7892 17.7569 17.5661 17.484 17.1989 17.4729 17.4641 17.3968 17.125 17.0078 16.5389 16.3322 16.2614 16.6543 16.3599 15.7474 14.9823 14.0515 13.9837 13.679 13.1221 -9999 -9999 -9999 -9999 -9999 -9999 14.5581 14.8723 15.135 15.1754 14.8091 15.3259 15.2929 15.0063 14.9422 15.1795 15.3003 15.207 15.487 15.5716 15.4467 15.5886 -9999 -9999 -9999 -9999 15.685 15.7064 15.7231 15.5306 14.5013 13.7988 13.1681 13.1067 -9999 -9999 -9999 -9999 -9999 -9999
-9999 -9999 16.9707 17.1728 17.2702 17.2779 17.4522 17.615 17.7137 17.7835 17.7613 17.7502 17.7401 17.6739 17.5235 17.5512 17.5407 17.4553 16.9369 16.3314 16.5981 16.2422 15.4545 16.0752 16.4177 16.0841 15.3421 14.482 14.1863 14.1901 13.7668 13.2223 -9999 -9999 -9999 13.6919 14.14 14.1815 14.3159 14.7345 15.0536 15.2952 15.4601 15.4464 15.2745 14.9942 14.6893 14.7995 15.3513 15.4868 15.5931 15.6808 15.565 15.6309 15.7808 15.8597 15.878 15.8462 15.8411 15.8559 15.8409 15.6616 14.7392 14.2131 13.878 13.2011 -9999 -9999 -9999 -9999 -9999 -9999
-9999 -9999 16.8229 16.9969 17.1355 17.3708 17.3864 17.5317 17.6044 17.7299 17.7393 17.5742 17.7038 17.6851 17.6603 17.6089 17.5339 17.0972 16.4944 15.8899 15.6118 15.7195 15.2548 15.4872 15.8342 15.7063 15.2462 14.4793 14.3678 14.1767 13.462 12.7787 -9999 -9999 12.8178 13.6752 14.2801 14.5939 14.6935 14.7062 15.1079 15.1424 15.5741 15.4668 14.8995 14.9646 14.7451 14.889 15.0935 15.1501 15.4375 15.7161 15.7712 15.775 15.8715 15.8936 15.9016 15.9021 15.8415 15.8734 15.8806 15.7697 15.1036 14.7797 14.4191 13.2106 -9999 -9999 -9999 -9999 -9999 -9999
-9999 -9999 16.9026 17.0971 17.3104 17.3361 17.4913 17.4699 17.4028 17.6254 17.7004 17.5822 17.4976 17.6465 17.6364 17.6181 17.588 17.1784 16.7041 15.9838 15.537 15.2521 15.0566 14.7864 14.9632 14.9051 14.8277 14.9082 14.6955 14.2634 13.8459 13.0648 12.6442 -9999 12.8567 13.2447 13.9639 14.5762 14.9664 14.8313 15.2879 15.3755 15.6319 15.4808 15.1363 14.9909 14.979 14.9351 15.2411 15.4469 15.5888 15.6874 15.8078 15.841 15.8746 15.8904 15.9005 15.9107 15.9122 15.9128 15.902 15.862 15.5569 15.231 14.5295 13.2484 -9999 -9999 -9999 -9999 -9999 -9999
-9999 16.3216 16.8748 17.2065 17.3278 17.4119 17.4848 17.5347 17.5798 17.6351 17.6691 17.6444 17.3413 17.3646 17.4192 17.5917 17.5828 17.5495 17.2924 16.4158 16.1054 15.6585 15.0821 14.8355 14.9529 15.4213 15.396 15.0789 14.7259 14.2313 13.9222 13.4439 12.527 12.6092 13.0217 13.33 13.8199 14.5679 15.0937 15.3307 15.4229 15.6038 15.7019 15.4948 15.2947 15.2121 15.0576 15.0367 15.039 15.2243 15.3654 15.6865 15.7962 15.8461 15.8741 15.8907 15.9037 15.9166 15.9232 15.9201 15.9233 15.9234 15.9011 15.4698 14.3892 13.5766 -9999 -9999 -9999 -9999 -9999 -9999
-9999 -9999 16.7648 16.9036 16.9308 16.9873 17.1163 17.2673 17.4789 17.5003 17.6208 17.617 17.3543 17.0547 17.3159 17.4218 17.5327 17.5404 17.5114 16.7673 16.3817 16.0773 15.5244 15.7177 15.9037 15.9141 15.7954 15.1202 14.4477 13.6651 12.943 12.9062 12.5177 12.7211 12.994 13.6942 14.1884 14.3914 14.5388 15.3 15.4968 15.568 15.7646 15.5029 15.4362 15.2392 15.2995 15.2832 15.2854 14.7364 15.2857 15.3202 15.6817 15.8453 15.8836 15.8967 15.9107 15.9158 15.9212 15.9228 15.9294 15.9253 15.9223 15.6429 14.2705 13.584 -9999 -9999 -9999 -9999 -9999 -9999
-9999 -9999 -9999 -9999 16.7826 16.8845 16.9453 17.0606 17.432 17.5288 17.5921 17.5934 17.4756 17.1796 17.103 17.1602 16.8759 17.1214 17.4521 17.4463 17.4077 16.7576 16.4206 16.7402 16.6388 16.1456 15.756 15.371 14.5842 13.9992 13.1719 12.5507 12.5259 13.2084 13.7759 14.4844 14.7993 14.6259 14.8226 15.2007 15.6313 15.8412 15.7955 15.5196 15.4808 15.1762 15.4784 15.5052 15.3662 15.2462 15.292 15.4716 15.5414 15.8249 15.8956 15.9099 15.9155 15.9201 15.9223 15.924 15.9232 15.923 15.9215 15.9109 14.5002 13.4046 -9999 -9999 -9999 -9999 -9999 -9999
-9999 -9999 -9999 -9999 16.5055 16.5621 16.7331 17.1933 17.4213 17.5129 17.503 17.5448 17.4612 17.2008 16.9354 16.6868 16.3655 16.555 17.0496 17.3417 17.376 16.806 17.0984 16.9846 16.762 16.1181 15.6419 15.3866 14.6309 13.9758 13.4243 12.6649 12.9872 13.3434 13.8023 14.5749 15.0982 15.316 15.1402 15.3844 15.8795 15.8858 15.6202 15.6403 15.4769 15.0601 15.4969 15.6206 15.5227 15.5492 15.5101 15.5779 15.7005 15.8181 15.8973 15.9106 15.9148 15.9157 15.9191 15.9225 15.9201 15.9234 15.9219 15.917 15.0072 13.3809 -9999 -9999 -9999 -9999 -9999 -9999
-9999 -9999 -9999 -9999 -9999 16.2395 16.6464 17.2615 17.398 17.3758 17.4991 17.5061 17.3792 17.2708 16.9484 16.5087 15.6618 15.8822 16.3376 16.9922 17.3362 17.29 17.0949 16.7609 15.9556 15.2496 15.1594 15.0392 14.4863 13.979 13.3663 13.717 14.1025 14.5254 14.7488 14.6932 15.1421 15.5091 15.3589 15.6577 16.0054 15.853 15.7639 15.6892 15.5004 15.4906 15.5117 15.7602 15.59 15.696 15.6964 15.6922 15.7528 15.8225 15.896 15.9104 15.9137 15.9183 15.9135 15.9197 15.9188 15.9177 15.9166 15.9128 15.8324 14.9581 14.4354 -9999 -9999 -9999 -9999 -9999
-9999 -9999 -9999 -9999 -9999 15.8466 16.0435 16.7747 16.9852 17.3059 17.4744 17.4786 17.2661 17.1484 16.6667 16.5134 15.73 15.3774 15.6827 15.5691 16.4683 17.263 17.0855 15.4785 14.8938 14.475 14.5766 14.5725 14.4149 13.5602 13.325 14.0771 14.5508 14.9187 15.1989 15.2589 15.2527 15.8247 15.904 16.0925 16.0562 16.0768 15.7931 15.6183 15.7737 15.5965 15.5674 15.8241 15.5735 15.802 15.7729 15.7063 15.7047 15.8569 15.8897 15.9085 15.9125 15.91 15.906 15.9049 15.913 15.9137 15.9082 15.9112 15.9053 15.8043 15.3521 15.1952 15.3729 -9999 -9999 -9999
-9999 -9999 -9999 -9999 -9999 -9999 15.3459 16.3675 16.8207 17.0616 17.4053 17.444 17.3259 17.1245 16.6351 16.2055 15.5053 14.705 14.2825 15.5582 16.6677 17.2462 17.1655 15.8275 15.2971 15.2685 15.5744 15.3077 15.1043 14.4519 14.258 13.9903 14.1532 14.6637 15.0848 15.4916 15.7887 15.8164 16.0111 16.1239 16.1366 16.1743 16.1437 16.1189 15.8424 16.0354 15.8747 15.9621 15.9078 15.8588 15.8135 15.6569 15.7708 15.8721 15.9001 15.9104 15.9075 15.9094 15.9087 15.903 15.9014 15.9038 15.9058 15.9034 15.9057 15.9044 15.8557 15.5843 15.2201 14.7593 -9999 -9999
-9999 -9999 -9999 -9999 -9999 -9999 14.8257 15.8431 16.3201 16.9512 17.2669 17.3968 17.3797 17.2167 16.8452 16.2854 15.8196 14.9254 13.9963 15.3363 16.5273 17.1698 17.2027 16.0744 16.3824 16.1273 16.2246 15.76 15.5645 15.4011 15.0685 14.7055 14.3053 14.0977 15.0402 15.5258 15.9176 16.1044 16.2119 16.2675 16.2436 16.1749 15.7602 16.0814 16.0646 16.0347 15.9999 15.9837 15.952 15.9143 15.8891 15.8827 15.7796 15.8996 15.8999 15.9043 15.9078 15.908 15.9054 15.9037 15.9009 15.904 15.9017 15.9003 15.9 15.9024 15.9013 15.8883 15.8175 15.1982 14.8283 14.7241
-9999 -9999 -9999 -9999 -9999 -9999 13.3773 14.8632 16.0357 16.659 17.1641 17.3037 17.3566 17.1372 16.9742 16.5733 16.1939 15.6069 14.7261 14.1839 15.1875 16.6423 17.1766 17.1287 17.0923 16.7983 16.5328 16.496 16.512 16.1949 15.7421 15.1614 14.9812 14.7789 15.4814 15.5789 15.5307 16.3043 16.3097 16.2696 15.9786 15.6521 15.718 15.5143 15.6708 15.4292 15.6547 15.8497 15.9233 15.9186 15.8906 15.8871 15.8778 15.9014 15.9035 15.9029 15.9033 15.9051 15.9055 15.9 15.8984 15.905 15.9017 15.9002 15.8963 15.8997 15.9004 15.8914 15.8832 15.7895 15.6474 15.3739
-9999 -9999 -9999 -9999 -9999 -9999 13.4246 14.6622 15.7237 16.3557 16.9689 17.111 17.319 17.2755 17.1043 16.7558 16.3199 15.8369 15.0812 14.5194 15.1892 16.1574 16.8481 17.0899 17.0841 17.0646 16.9958 16.9573 16.878 16.8112 16.492 15.944 15.6349 15.1827 15.9653 16.0553 15.936 16.3288 16.3126 15.7267 15.2771 15.224 15.5034 15.2434 15.1971 15.0328 15.2195 15.7168 15.5712 15.6012 15.8235 15.8626 15.8892 15.8979 15.8988 15.9004 15.8995 15.9032 15.907 15.9016 15.901 15.9024 15.8971 15.8979 15.8949 15.8949 15.8908 15.8871 15.8799 15.8546 15.8278 15.8589
-9999 -9999 -9999 -9999 -9999 -9999 13.4406 14.2709 15.2264 16.1606 16.8159 17.0804 17.2737 17.2728 17.0732 16.9007 16.6279 16.2028 15.9114 15.4042 14.7071 15.8759 16.2362 16.55 16.674 17.0047 16.9937 16.8382 16.6467 16.8106 16.7621 16.3285 16.1866 15.947 16.3831 16.3864 16.377 16.3566 15.8619 15.1732 14.6234 15.0246 14.9445 15.1298 14.5636 15.0294 15.406 15.5292 15.2736 15.0862 15.668 15.7679 15.8277 15.8669 15.8937 15.8906 15.8995 15.8991 15.9007 15.9021 15.9005 15.9009 15.8991 15.897 15.8941 15.8949 15.891 15.8872 15.8887 15.873 15.869 15.864
-9999 -9999 -9999 -9999 -9999 -9999 -9999 13.7604 14.9677 16.0519 16.6556 17.0358 17.2217 17.2194 17.1179 17.001 16.832 16.5252 16.1392 15.5284 15.0745 15.3618 15.7145 15.7478 15.9793 16.6546 16.8838 16.5535 15.7271 16.2056 16.7397 16.7315 16.687 16.6375 16.575 16.5184 16.3924 16.0506 14.9981 14.7924 14.3814 14.4314 14.2219 14.6881 14.5142 14.9929 15.2013 15.2811 14.8421 14.932 15.4527 15.6598 15.628 15.7561 15.877 15.8838 15.8902 15.8902 15.896 15.9003 15.9018 15.9015 15.9009 15.9013 15.8937 15.8993 15.8629 15.84 15.7906 15.8566 15.8646 15.8711
-9999 -9999 -9999 -9999 -9999 -9999 -9999 13.5046 14.7162 15.9938 16.4038 16.8137 17.1681 17.1759 17.02 16.8717 16.719 16.5446 16.0762 15.6217 15.1874 15.0411 15.1278 15.1177 15.494 16.375 16.5442 16.4696 15.6072 15.3205 16.0342 16.6345 16.6829 16.6301 15.9265 16.079 15.7009 15.1874 15.0482 14.8252 14.3507 14.5835 14.2366 14.3893 14.3483 14.621 14.755 15.0788 14.6966 14.6951 15.2067 15.4655 15.4743 15.746 15.8446 15.8725 15.8819 15.8896 15.8941 15.9018 15.9028 15.9024 15.9007 15.8913 15.8639 15.7717 15.266 15.2693 15.412 15.5469 15.7891 15.862
-9999 -9999 -9999 -9999 -9999 -9999 -9999 13.6364 14.4769 15.6108 16.4511 16.5039 16.9132 17.1251 16.9552 16.764 16.5682 16.483 15.9732 15.4129 14.9599 14.4235 14.5113 14.8957 15.522 16.0909 16.1916 16.0726 15.6034 15.8183 16.3055 16.5648 16.6423 16.584 16.4323 16.3458 16.068 15.9492 15.5627 14.9569 14.7201 14.8748 14.2315 14.2794 14.521 14.2659 14.6866 14.889 14.3952 14.7871 15.2391 15.4715 15.6751 15.7729 15.8136 15.8746 15.8793 15.8874 15.8933 15.8959 15.8994 15.8934 15.8891 15.8382 15.7614 15.2885 15.0941 15.1358 15.3585 15.5537 15.7595 15.8445
-9999 -9999 -9999 -9999 -9999 -9999 -9999 13.7706 14.5278 15.5111 16.1103 16.2177 16.6715 17.0755 17.0314 16.8323 16.7724 16.5658 16.1336 15.656 15.1336 14.8796 14.2953 14.8702 15.3222 15.8043 16.0294 15.64 15.4531 15.7856 16.1164 16.2494 16.5841 16.5827 16.4762 16.0105 15.7847 15.8838 15.7885 15.6197 15.2036 15.1878 14.9216 14.8129 14.7103 14.3669 14.5875 14.6117 14.6739 15.144 15.3807 15.5386 15.6825 15.7224 15.7867 15.8693 15.8794 15.8855 15.8884 15.8933 15.8908 15.8716 15.8558 15.75 15.5601 15.2029 14.6231 15.0375 15.4706 15.6045 15.7314 15.799
-9999 -9999 -9999 -9999 -9999 -9999 -9999 13.6314 14.4363 15.277 15.6285 15.6885 16.5096 17.0128 17.0147 16.9209 16.8111 16.2997 16.3306 16.2289 15.7579 15.0715 14.3175 14.3883 14.8333 15.4724 15.6831 15.0501 14.833 14.9944 15.4943 15.9422 16.4101 16.5304 16.3958 15.6695 14.8978 15.2596 15.6461 15.6468 15.5371 15.1515 15.031 14.9222 14.6416 14.1611 14.2331 14.3691 14.9039 15.0766 15.3418 15.5625 15.4834 15.5344 15.7459 15.8685 15.8762 15.8816 15.8888 15.8894 15.8856 15.8438 15.7993 15.7223 15.2222 14.9122 14.4615 14.9934 15.2896 15.4507 15.7329 15.8023
-9999 -9999 -9999 -9999 -9999 -9999 -9999 13.3716 13.9558 14.7596 15.0838 15.6011 16.3771 16.7594 16.9433 16.9404 16.8677 16.6394 16.5025 16.2316 15.7419 15.0719 14.327 13.8421 14.0892 14.9447 15.147 14.5629 14.2747 14.6363 15.1693 15.9579 16.4094 16.4722 16.4338 16.286 15.7232 15.0429 15.048 15.3935 15.1098 14.7797 14.9659 14.9349 14.658 14.4573 14.3315 14.4126 14.716 14.8456 15.1518 15.602 15.6693 15.6597 15.8512 15.8638 15.8715 15.8818 15.8849 15.8864 15.8841 15.8505 15.7714 15.4395 15.1505 14.747 14.6997 15.1752 15.387 15.5814 15.7214 15.769
-9999 -9999 -9999 -9999 -9999 -9999 -9999 12.9313 13.6192 14.3724 15.078 15.7458 16.3209 16.3663 16.6703 16.6712 16.8312 16.7871 16.5757 16.3479 15.9264 15.0659 14.3423 13.553 13.7619 14.6334 14.7328 14.3529 13.65 14.3787 15.1823 15.9109 16.3064 16.0001 16.3185 16.2951 16.0859 15.6821 15.0527 15.0676 14.5969 14.5793 14.8257 14.9078 14.8704 14.7206 14.4761 14.5207 14.7043 14.7549 15.0366 15.3869 15.7293 15.7896 15.8576 15.8638 15.8681 15.8767 15.8807 15.8769 15.8628 15.8275 15.5498 15.2189 15.0162 14.736 14.7045 15.2529 15.4749 15.5981 15.7196 15.7694
-9999 -9999 -9999 -9999 -9999 -9999 -9999 -9999 13.5381 14.3165 14.8928 15.0486 15.56 15.8368 16.0514 16.1001 16.7102 16.7453 16.6119 16.4031 16.0441 15.3916 14.9373 14.1805 13.6367 13.8565 13.9471 14.1488 14.0913 14.4173 15.1897 15.9946 16.0842 15.5764 15.6544 15.7637 16.0055 15.887 15.0285 14.5939 14.2337 14.4949 14.7696 14.8384 14.8548 14.8057 14.7454 14.6385 15.0051 15.2773 15.3431 15.5808 15.7573 15.8085 15.848 15.8559 15.8638 15.8673 15.8605 15.8565 15.8163 15.7221 15.4111 14.6587 14.6969 14.6181 14.3859 14.9224 15.2615 15.5646 15.7271 15.7715
-9999 -9999 -9999 -9999 -9999 -9999 -9999 -9999 13.2684 14.1693 14.3601 14.3469 14.0499 14.1884 15.2949 15.519 16.1044 16.6588 16.62 16.4155 16.08 15.6922 15.0908 14.2399 13.5638 13.2629 13.9902 14.7075 14.857 15.0872 15.5614 15.6531 15.134 14.6475 14.9245 15.0924 15.7251 15.8429 15.7235 15.2075 14.6173 14.3107 14.6797 14.7318 14.7571 14.7648 14.757 14.7372 15.1496 15.3798 15.5406 15.6298 15.782 15.8237 15.8395 15.8545 15.8553 15.8511 15.831 15.8076 15.6933 15.5542 15.0426 14.6166 14.3519 14.0152 14.7833 15.0154 15.3343 15.5404 15.7022 15.7402
