Test_Spring_2018/04_18/Temp/20180411_004.txt
ncols	170
nrows	115
xllcorner	350000.000000
yllcorner	4445000.000000
cellsize	1000.000000
nodata_value	-9999.000000
[rows 32 to 63 of 115, columns 72 to 143 of 170]
11.6136 11.2773 11.8159 12.3126 12.0287 11.8391 12.653 12.6611 12.395 11.759 11.5307 11.2937 11.1514 10.3328 8.02182 5.9391 7.06644 7.10028 6.33306 7.72905 7.00269 5.09628 2.40212 3.87816 3.50373 1.6077 1.14191 -9999 -9999 -9999 -9999 -9999 -9999 -9999 -9999 -9999 -9999 -9999 -9999 -9999 -9999 -9999 -9999 -9999 -9999 -9999 -9999 -9999 -9999 -9999 -9999 -9999 -9999 -9999 -9999 -9999 -9999 -9999 -9999 -9999 -9999 -9999 -9999 -9999 -9999 -9999 -9999 -9999 -9999 -9999 -9999 -9999
11.1461 11.0059 11.8029 11.7941 11.7585 12.0523 12.5614 12.669 12.5701 12.2971 12.0619 11.811 11.1623 10.2246 8.24785 5.87618 5.344 6.5158 6.57905 6.77359 6.11242 5.2801 3.97384 5.0574 5.48297 4.23609 2.60187 1.552 -9999 -9999 -9999 -9999 -9999 -9999 -9999 -9999 -9999 -9999 -9999 -9999 -9999 -9999 -9999 -9999 -9999 -9999 -9999 -9999 -9999 -9999 -9999 -9999 -9999 -9999 -9999 -9999 -9999 -9999 -9999 -9999 -9999 -9999 -9999 -9999 -9999 -9999 -9999 -9999 -9999 -9999 -9999 -9999
10.5897 9.83184 10.3153 10.6803 11.3557 11.5384 11.6456 12.5951 12.5533 12.5176 12.1234 11.8096 11.2846 10.3824 9.09453 7.54235 4.83417 6.51616 7.83487 7.80884 7.74462 7.16389 5.90936 6.97309 7.03041 5.43377 3.61956 2.55024 2.11237 -9999 -9999 -9999 -9999 -9999 -9999 -9999 -9999 -9999 -9999 -9999 -9999 -9999 -9999 -9999 -9999 -9999 -9999 -9999 -9999 -9999 -9999 -9999 -9999 -9999 -9999 -9999 -9999 -9999 -9999 -9999 -9999 -9999 -9999 -9999 -9999 -9999 -9999 -9999 -9999 -9999 -9999 -9999
9.95817 9.03091 9.51742 10.164 11.074 11.5554 11.9194 12.209 12.504 12.4779 12.0741 10.8665 10.7005 10.6554 9.8156 8.04496 6.27668 5.8242 7.83205 8.41221 8.30326 8.75766 7.69621 8.20929 8.00987 7.44786 5.70045 4.10898 3.45227 2.14716 -9999 -9999 -9999 -9999 -9999 -9999 -9999 -9999 -9999 -9999 -9999 -9999 -9999 -9999 -9999 -9999 -9999 -9999 -9999 -9999 -9999 -9999 -9999 -9999 -9999 -9999 -9999 -9999 -9999 -9999 -9999 -9999 -9999 -9999 -9999 -9999 -9999 -9999 -9999 -9999 -9999 -9999
-9999 -9999 8.44289 9.32142 10.0499 10.9454 11.7141 12.1033 12.4814 12.4593 11.6445 11.2496 11.2219 10.6741 9.70334 9.09688 7.98632 6.82902 7.28165 8.99517 8.24422 9.46056 9.36614 9.59602 8.79593 7.27334 5.24163 4.06224 3.47539 2.41904 -9999 -9999 -9999 -9999 -9999 -9999 -9999 -9999 -9999 -9999 -9999 -9999 -9999 -9999 -9999 -9999 -9999 -9999 -9999 -9999 -9999 -9999 -9999 -9999 -9999 -9999 -9999 -9999 -9999 -9999 -9999 -9999 -9999 -9999 -9999 -9999 -9999 -9999 -9999 -9999 -9999 -9999
-9999 -9999 -9999 9.15466 9.71176 10.8981 11.5213 11.7767 12.3817 12.3906 12.0865 11.8586 11.5245 11.0859 10.3581 9.5544 8.51033 8.42063 9.51953 9.54087 9.32084 9.50797 10.0765 9.93663 8.69421 6.54503 5.41223 3.11243 2.12702 2.23578 1.53912 -9999 -9999 -9999 -9999 -9999 -9999 -9999 -9999 -9999 -9999 -9999 -9999 4.32826 -9999 -9999 -9999 -9999 -9999 -9999 -9999 -9999 -9999 -9999 -9999 -9999 -9999 -9999 -9999 -9999 -9999 -9999 -9999 -9999 0.243976 -9999 -9999 -9999 -9999 -9999 -9999 -9999
-9999 -9999 9.03159 9.77567 10.3571 11.1041 11.1901 11.6378 12.3323 12.3499 12.1362 11.8937 11.3394 11.2073 10.796 9.92276 9.75007 10.1146 10.2869 10.4812 10.6041 10.5192 10.3003 10.0149 9.21679 8.22376 7.55971 5.45457 4.39663 3.37915 1.83541 0.629113 -9999 -9999 -9999 -9999 -9999 -9999 -9999 3.47927 3.42967 3.46529 3.8135 4.76046 4.21672 -9999 -9999 -9999 -9999 -9999 -9999 -9999 -9999 -9999 -9999 -9999 -9999 -9999 -9999 -9999 -9999 -9999 -9999 -9999 1.08428 -0.129871 -9999 -9999 -9999 -9999 -9999 -9999
-9999 -9999 9.2229 10.0061 10.4018 11.1278 11.5466 11.8296 12.0754 12.3104 12.2794 12.01 11.5965 11.6061 11.0339 10.7287 10.5131 11.0036 11.1069 10.9214 10.6868 10.4804 9.88122 9.81923 9.62967 9.00243 7.96737 6.90027 5.3653 3.26726 1.20966 -0.448847 -9999 -9999 -9999 -9999 -9999 -9999 3.63829 4.42625 4.90172 3.91659 4.77365 5.55769 5.44194 4.69485 -9999 -9999 -9999 -9999 -9999 -9999 -9999 -9999 -9999 -9999 -9999 -9999 -9999 -9999 6.83691 5.59234 3.07089 1.782 1.01156 -0.0917035 -9999 -9999 -9999 -9999 -9999 -9999
-9999 -9999 9.06136 9.98518 10.6139 11.1728 11.2695 11.8417 12.1006 12.2301 12.2228 12.1748 12.1041 11.6052 11.3946 10.6375 11.3761 11.3561 11.1791 10.4549 10.1458 8.8967 8.35186 8.23684 9.3031 8.52964 6.9054 4.87263 2.43309 2.28432 1.47974 -0.00205584 -9999 -9999 -9999 -9999 -9999 -9999 3.87195 4.71431 5.419 5.52894 4.55005 5.93701 5.88985 5.12661 4.95929 5.59896 5.92658 5.69822 6.46367 6.69078 6.356 6.73548 -9999 -9999 -9999 -9999 6.98862 7.04618 7.09158 6.57735 3.82222 1.94286 0.255844 0.103073 -9999 -9999 -9999 -9999 -9999 -9999
-9999 -9999 9.68635 10.2594 10.554 10.6097 11.1121 11.6134 11.9296 12.1583 12.1207 12.1093 12.0967 11.9303 11.5351 11.6144 11.5892 11.3624 9.9759 8.35657 9.07468 8.11733 6.05688 7.74796 8.68006 7.80272 5.83293 3.5472 2.80842 2.85027 1.72856 0.282573 -9999 -9999 -9999 1.561 2.76259 2.87412 3.23424 4.35508 5.20995 5.85746 6.30065 6.29433 5.84413 5.09786 4.28568 4.58538 6.06751 6.43395 6.75025 6.98524 6.67467 6.84401 7.24416 7.45385 7.50128 7.41483 7.40025 7.43939 7.39947 6.9201 4.45836 3.05167 2.15682 0.350094 -9999 -9999 -9999 -9999 -9999 -9999
-9999 -9999 9.32723 9.82715 10.2337 10.9 10.9789 11.404 11.6592 12.0381 12.0863 11.6629 12.0245 11.985 11.925 11.7909 11.5916 10.422 8.80757 7.18948 6.44731 6.7755 5.54024 6.18954 7.134 6.80189 5.59662 3.5612 3.28074 2.81628 0.928629 -0.891741 -9999 -9999 -0.769264 1.52915 3.14992 3.98983 4.25566 4.28877 5.36377 5.45629 6.61318 6.35189 4.8419 5.02086 4.43939 4.82964 5.3763 5.53154 6.31839 7.07629 7.22337 7.2323 7.48903 7.54642 7.56573 7.5655 7.40191 7.48676 7.50596 7.20995 5.42707 4.56155 3.6045 0.366809 -9999 -9999 -9999 -9999 -9999 -9999
-9999 -9999 9.57138 10.1292 10.7387 10.8456 11.2986 11.2606 11.1426 11.7691 12.0057 11.7085 11.4961 11.9048 11.8832 11.8363 11.7553 10.6567 9.38462 7.45509 6.25974 5.53159 5.01779 4.32981 4.81919 4.68087 4.4922 4.72673 4.17346 3.06281 1.95849 -0.111545 -1.23014 -9999 -0.651817 0.388882 2.31505 3.95353 4.99687 4.63295 5.85427 6.08812 6.79534 6.39359 5.48026 5.09117 5.0639 4.95055 5.77467 6.33231 6.72858 6.99368 7.32497 7.41251 7.50045 7.54052 7.56517 7.59039 7.59283 7.59336 7.56442 7.45789 6.6423 5.77632 3.90061 0.469118 -9999 -9999 -9999 -9999 -9999 -9999
-9999 7.95793 9.50257 10.4312 10.797 11.0634 11.2988 11.4711 11.6509 11.818 11.9358 11.8973 11.0995 11.171 11.3215 11.7841 11.7585 11.666 10.9742 8.62454 7.81761 6.63596 5.10291 4.46874 4.80007 6.07326 6.0254 5.19638 4.27113 2.99098 2.17737 0.908702 -1.53073 -1.30501 -0.196848 0.629628 1.94081 3.94192 5.34746 5.97948 6.22378 6.7228 6.98725 6.43232 5.9051 5.68821 5.27901 5.22804 5.2388 5.73948 6.13286 6.9969 7.29086 7.43017 7.50285 7.54463 7.57682 7.60894 7.62456 7.61513 7.62335 7.62423 7.56968 6.41717 3.51818 1.34154 -9999 -9999 -9999 -9999 -9999 -9999
-9999 -9999 9.21387 9.62881 9.74524 9.94024 10.3281 10.7732 11.3994 11.4865 11.8341 11.8385 11.1536 10.3595 11.0622 11.3453 11.639 11.6551 11.573 9.59895 8.57121 7.76426 6.29477 6.83875 7.35485 7.40242 7.10541 5.31865 3.53873 1.48686 -0.432352 -0.518281 -1.54845 -0.993032 -0.259138 1.61644 2.93869 3.47942 3.87039 5.90557 6.44054 6.62989 7.15758 6.45887 6.28858 5.76547 5.93194 5.89354 5.90441 4.43885 5.92524 6.01912 6.98811 7.42777 7.53283 7.56521 7.59962 7.61047 7.62274 7.62542 7.64259 7.63441 7.62345 6.87642 3.20249 1.36392 -9999 -9999 -9999 -9999 -9999 -9999
-9999 -9999 -9999 -9999 9.35977 9.67799 9.885 10.2355 11.29 11.5796 11.774 11.7965 11.494 10.7087 10.5062 10.6576 9.89184 10.5458 11.4376 11.424 11.3257 9.59286 8.71229 9.5848 9.33195 8.03151 7.00968 6.00086 3.91574 2.39296 0.192512 -1.4586 -1.51511 0.319746 1.84544 3.74321 4.58448 4.11651 4.63893 5.65312 6.80509 7.36678 7.2453 6.5083 6.41281 5.60154 6.41601 6.49328 6.12644 5.81011 5.94783 6.43066 6.61867 7.37797 7.5664 7.60551 7.61723 7.62664 7.63011 7.6329 7.62909 7.62805 7.62445 7.59745 3.82068 0.886428 -9999 -9999 -9999 -9999 -9999 -9999
-9999 -9999 -9999 -9999 8.62915 8.82716 9.32982 10.6046 11.2749 11.5503 11.5483 11.6787 11.4673 10.7767 10.0677 9.39956 8.53651 9.04147 10.3656 11.15 11.2472 9.72938 10.5347 10.2468 9.66982 7.96632 6.71297 6.05226 4.05085 2.3399 0.878226 -1.14286 -0.269732 0.69119 1.92385 3.99417 5.39326 5.97249 5.49965 6.15129 7.47557 7.49168 6.78097 6.83681 6.40739 5.29555 6.47092 6.80761 6.55102 6.62738 6.53741 6.72137 7.05073 7.36589 7.57744 7.61127 7.62077 7.62028 7.62655 7.63339 7.62551 7.63342 7.6297 7.61737 5.18199 0.826485 -9999 -9999 -9999 -9999 -9999 -9999
-9999 -9999 -9999 -9999 -9999 7.9749 9.10935 10.7986 11.2231 11.1927 11.5468 11.5834 11.2555 10.9715 10.1095 8.92967 6.65786 7.24583 8.46531 10.2208 11.1478 11.0332 10.533 9.65533 7.51792 5.6483 5.42905 5.13 3.67162 2.35626 0.730564 1.68271 2.72487 3.86437 4.46597 4.31755 5.51738 6.49723 6.09164 6.88912 7.81855 7.40958 7.17148 6.97321 6.47549 6.45383 6.51551 7.18655 6.73634 7.02595 7.04185 7.03285 7.19648 7.38366 7.57986 7.61709 7.62362 7.633 7.61726 7.63148 7.62717 7.62314 7.62014 7.61043 7.39632 5.05439 3.6565 -9999 -9999 -9999 -9999 -9999
-9999 -9999 -9999 -9999 -9999 6.93405 7.50466 9.50361 10.1254 11.0124 11.4864 11.5146 10.9567 10.6487 9.36101 8.94786 6.84682 5.90035 6.7183 6.4168 8.83114 10.9689 10.5162 6.22909 4.68232 3.58155 3.87562 3.88692 3.48692 1.24089 0.625869 2.65249 3.93073 4.92241 5.67618 5.83808 5.81894 7.34752 7.55742 8.05969 7.96045 8.01484 7.25537 6.78887 7.21294 6.74285 6.6698 7.36277 6.69701 7.31467 7.25166 7.0757 7.0729 7.48103 7.56867 7.61771 7.62608 7.61669 7.60262 7.59775 7.61734 7.61798 7.60253 7.61055 7.5956 7.32496 6.11551 5.6975 6.17591 -9999 -9999 -9999
-9999 -9999 -9999 -9999 -9999 -9999 5.64575 8.42023 9.69093 10.3626 11.3045 11.424 11.1303 10.5926 9.28113 8.12877 6.25136 4.1066 2.97589 6.39602 9.37425 10.9332 10.7401 7.17298 5.77086 5.71464 6.55497 5.86212 5.33836 3.63412 3.12882 2.42339 2.86872 4.24809 5.37656 6.46538 7.25886 7.32981 7.84736 8.14942 8.18157 8.28184 8.20015 8.13524 7.40254 7.92359 7.4978 7.73706 7.59695 7.47103 7.36483 6.94783 7.25443 7.52649 7.60132 7.6271 7.61753 7.62005 7.61488 7.59595 7.59211 7.59698 7.60118 7.59436 7.60098 7.59688 7.46778 6.74289 5.76988 4.53859 -9999 -9999
-9999 -9999 -9999 -9999 -9999 -9999 4.26117 7.02201 8.35527 10.0701 10.9549 11.3187 11.2784 10.844 9.8492 8.34867 7.10001 4.70491 2.21803 5.80625 9.00798 10.7385 10.8391 7.84398 8.68663 8.02236 8.30303 7.07875 6.5749 6.18041 5.30236 4.34119 3.28767 2.73415 5.25979 6.55982 7.60732 8.10482 8.3891 8.53462 8.46825 8.28921 7.17891 8.04034 8.00322 7.92693 7.83811 7.79943 7.71938 7.62339 7.57118 7.55654 7.28183 7.60606 7.60377 7.61467 7.62252 7.62033 7.61043 7.60239 7.59099 7.59745 7.59509 7.59074 7.58983 7.59508 7.59318 7.56002 7.37253 5.71666 4.72889 4.45724
-9999 -9999 -9999 -9999 -9999 -9999 0.391037 4.40349 7.62715 9.31557 10.6912 11.074 11.2211 10.6362 10.2004 9.12681 8.1107 6.53958 4.18295 2.73515 5.42379 9.32939 10.7796 10.6778 10.5971 9.82748 9.13461 9.0546 9.11566 8.30955 7.12505 5.57721 5.09887 4.56049 6.44337 6.70435 6.57374 8.64335 8.65473 8.54431 7.762 6.88686 7.06223 6.52703 6.9541 6.31032 6.9182 7.44469 7.64634 7.63818 7.57866 7.57465 7.55079 7.61049 7.61633 7.61393 7.61341 7.61584 7.61405 7.59585 7.58792 7.60223 7.59222 7.58588 7.5837 7.59139 7.5939 7.57106 7.5509 7.30206 6.92441 6.19889
-9999 -9999 -9999 -9999 -9999 -9999 0.558363 3.9337 6.79839 8.51995 10.1745 10.5636 11.1263 11.013 10.5564 9.62406 8.45777 7.166 5.14524 3.64552 5.4466 8.04185 9.90315 10.5775 10.5844 10.5486 10.3811 10.3143 10.1176 9.98247 9.13645 7.6746 6.85146 5.64345 7.74111 7.98216 7.66145 8.71154 8.66572 7.09416 5.88755 5.74342 6.49253 5.79599 5.67979 5.25355 5.75703 7.09272 6.70945 6.79396 7.40547 7.51193 7.57904 7.60307 7.60559 7.60924 7.60535 7.61305 7.62054 7.60279 7.5976 7.59787 7.58063 7.58284 7.57285 7.57055 7.57057 7.56139 7.54354 7.47761 7.40129 7.49243
-9999 -9999 -9999 -9999 -9999 -9999 0.620342 2.89647 5.4751 8.00614 9.77252 10.4891 11.0126 11.0138 10.482 10.022 9.29348 8.15785 7.38137 6.02811 4.16827 7.30751 8.27557 9.14253 9.50843 10.4102 10.3969 9.99598 9.53606 9.9846 9.86196 8.70644 8.33094 7.6921 8.86165 8.87077 8.84484 8.78887 7.462 5.61529 4.14072 5.21374 4.99816 5.49665 3.98809 5.23953 6.25125 6.5848 5.91542 5.41694 6.99187 7.25445 7.41574 7.52145 7.5931 7.58399 7.60639 7.60344 7.60495 7.60585 7.59826 7.59588 7.58799 7.57979 7.57292 7.57257 7.56128 7.5417 7.54704 7.51978 7.51154 7.5054
-9999 -9999 -9999 -9999 -9999 -9999 -9999 1.55275 4.81984 7.73703 9.36431 10.3902 10.8935 10.8914 10.6228 10.3126 9.86338 9.04588 8.01731 6.38804 5.18061 5.95955 6.9077 7.02366 7.65771 9.48089 10.1091 9.23852 7.07662 8.36676 9.80425 9.78814 9.67306 9.54334 9.37758 9.22654 8.88842 7.97207 5.15163 4.59943 3.49713 3.62994 3.06797 4.31933 3.86227 5.14623 5.70699 5.92345 4.75085 5.0105 6.40055 6.95686 6.87303 7.21711 7.54888 7.56615 7.58192 7.58001 7.5932 7.60189 7.60255 7.59058 7.58562 7.58347 7.56356 7.57612 7.47749 7.41587 7.28431 7.46278 7.48643 7.50221
-9999 -9999 -9999 -9999 -9999 -9999 -9999 0.901098 4.16113 7.5952 8.70272 9.80812 10.763 10.7884 10.3744 9.98107 9.57574 9.11341 7.86431 6.6534 5.49782 5.11504 5.3571 5.34784 6.36838 8.74093 9.20676 9.01944 6.76147 6.00075 7.9186 9.53144 9.66478 9.52597 7.64296 8.05209 7.03928 5.6633 5.28944 4.69101 3.419 4.04143 3.11172 3.5204 3.42238 4.15441 4.5152 5.38461 4.36351 4.3782 5.74264 6.43679 6.4613 7.18934 7.45345 7.52779 7.55156 7.57037 7.57997 7.59767 7.59728 7.59286 7.58497 7.5567 7.48088 7.23503 5.87879 5.88734 6.26963 6.63198 7.28627 7.47436
-9999 -9999 -9999 -9999 -9999 -9999 -9999 1.27288 3.53734 6.58518 8.8446 8.99328 10.0952 10.6674 10.2167 9.70835 9.18816 8.96478 7.60469 6.11011 4.90407 3.47526 3.71948 4.75847 6.45421 7.98943 8.27038 7.96246 6.75764 7.33946 8.64962 9.34854 9.55948 9.40568 9.00084 8.76972 8.02569 7.707 6.67109 5.04763 4.41234 4.82589 3.1022 3.23021 3.87732 3.20709 4.33527 4.87907 3.55811 4.61906 5.83037 6.45321 6.99863 7.26056 7.36919 7.53189 7.54285 7.56267 7.57637 7.58053 7.58677 7.56774 7.55297 7.41384 7.20576 5.93713 5.4179 5.52885 6.12504 6.64812 7.19545 7.42361
-9999 -9999 -9999 -9999 -9999 -9999 -9999 1.65318 3.69261 6.33617 7.94909 8.24348 9.46474 10.5514 10.4378 9.9086 9.75233 9.20376 8.05132 6.77775 5.38512 4.71196 3.15478 4.70283 5.93032 7.23146 7.84425 6.85675 6.36222 7.25805 8.1486 8.50848 9.40766 9.40606 9.12209 7.87519 7.27063 7.53577 7.2799 6.82676 5.71147 5.66839 4.95452 4.66299 4.38808 3.48134 4.07299 4.1388 4.30082 5.57645 6.21026 6.63291 7.01794 7.12426 7.29559 7.51572 7.54131 7.55564 7.56121 7.57158 7.56215 7.50765 7.46258 7.17656 6.66554 5.70683 4.1554 5.2642 6.42348 6.77382 7.11655 7.29747
-9999 -9999 -9999 -9999 -9999 -9999 -9999 1.3027 3.46858 5.72887 6.67801 6.84499 9.04956 10.4021 10.4114 10.1642 9.87431 8.50881 8.59649 8.32917 7.07355 5.24134 3.22842 3.42533 4.63834 6.35313 6.9259 5.28541 4.70882 5.14551 6.48837 7.69111 8.94655 9.27056 8.91111 6.96641 4.89935 5.86803 6.90261 6.90377 6.60911 5.57534 5.25185 4.95972 4.2075 2.92989 3.12689 3.49168 4.935 5.39679 6.10636 6.69685 6.48397 6.61964 7.18466 7.51173 7.53054 7.54286 7.55987 7.55885 7.54594 7.43128 7.30941 7.10072 5.75872 4.92646 3.71813 5.14399 5.93618 6.36167 7.11638 7.30146
-9999 -9999 -9999 -9999 -9999 -9999 -9999 0.630289 2.20392 4.36455 5.23951 6.63091 8.71457 9.74292 10.2395 10.2356 10.0447 9.43713 9.07466 8.35359 7.04701 5.25786 3.26827 1.97561 2.64373 4.95051 5.5034 3.98954 3.22178 4.19401 5.62458 7.73937 8.9506 9.1201 9.01802 8.62242 7.11512 5.29258 5.30565 6.23006 5.46928 4.58395 5.08169 4.99789 4.2552 3.71694 3.39354 3.60468 4.43348 4.77928 5.59777 6.80243 6.98096 6.9539 7.46498 7.49698 7.51541 7.54098 7.54678 7.54842 7.53943 7.44703 7.23243 6.34114 5.56459 4.48194 4.35313 5.6283 6.18705 6.70783 7.08119 7.20722
-9999 -9999 -9999 -9999 -9999 -9999 -9999 -0.524345 1.32568 3.35003 5.24592 7.03995 8.58493 8.7107 9.52878 9.53465 9.96657 9.85174 9.28897 8.6827 7.55785 5.25735 3.32407 1.21504 1.78005 4.13297 4.45016 3.43626 1.557 3.51176 5.66671 7.62037 8.68108 7.86175 8.71529 8.65255 8.09204 7.00985 5.32344 5.36235 4.10032 4.05206 4.71076 4.92932 4.82783 4.42554 3.77992 3.89681 4.40346 4.53705 5.28972 6.22573 7.14093 7.3004 7.48042 7.49457 7.504 7.52464 7.53283 7.52014 7.47979 7.38282 6.6366 5.74794 5.20265 4.44996 4.36358 5.83201 6.41944 6.7488 7.07198 7.20332
-9999 -9999 -9999 -9999 -9999 -9999 -9999 -9999 1.13255 3.22357 4.77264 5.19481 6.5688 7.31385 7.89191 8.02534 9.6622 9.75888 9.40455 8.84812 7.88968 6.14562 4.93257 2.90978 1.45782 2.06689 2.35607 2.8992 2.74804 3.62362 5.69461 7.85191 8.0933 6.73396 6.94302 7.23561 7.88298 7.56478 5.26442 4.09906 3.13294 3.83101 4.56504 4.74796 4.79019 4.65694 4.49936 4.23114 5.21055 5.93702 6.11069 6.74494 7.21495 7.34962 7.45269 7.47122 7.48987 7.49652 7.47591 7.46258 7.35244 7.09792 6.26243 4.24484 4.34491 4.13155 3.50756 4.93609 5.84587 6.65509 7.08781 7.20386
-9999 -9999 -9999 -9999 -9999 -9999 -9999 -9999 0.43449 2.85267 3.36889 3.3379 2.54639 2.9207 5.88706 6.48975 8.05975 9.54672 9.44477 8.89891 8.00252 6.9665 5.35878 3.08286 1.27589 0.523203 2.48286 4.40529 4.80796 5.42681 6.69842 6.94554 5.5561 4.25353 4.99531 5.44478 7.13854 7.45314 7.13193 5.74857 4.16595 3.34307 4.32926 4.467 4.53264 4.55116 4.52356 4.49349 5.5988 6.2123 6.63992 6.87579 7.28024 7.3887 7.42792 7.46517 7.46449 7.45041 7.3939 7.32865 7.02016 6.64527 5.27292 4.12957 3.41855 2.51441 4.56919 5.18252 6.03685 6.58663 7.01674 7.11527
