Test_Spring_2018/04_18/Temp/20180423_016.txt
ncols	170
nrows	115
xllcorner	350000.000000
yllcorner	4445000.000000
cellsize	1000.000000
nodata_value	-9999.000000
[rows 32 to 63 of 115, columns 72 to 143 of 170]
21.0592 21.1271 21.0603 20.9997 21.045 21.0793 20.9621 20.977 21.0344 21.149 21.2014 21.2555 21.2954 21.4395 21.8132 22.152 21.9976 22.0113 22.148 21.9524 22.0827 22.3944 22.827 22.6187 22.6948 23.0027 23.0961 -9999 -9999 -9999 -9999 -9999 -9999 -9999 -9999 -9999 -9999 -9999 -9999 -9999 -9999 -9999 -9999 -9999 -9999 -9999 -9999 -9999 -9999 -9999 -9999 -9999 -9999 -9999 -9999 -9999 -9999 -9999 -9999 -9999 -9999 -9999 -9999 -9999 -9999 -9999 -9999 -9999 -9999 -9999 -9999 -9999
21.1246 21.1625 21.0561 21.0734 21.0889 21.0404 20.97 20.9696 21.0012 21.06 21.1134 21.1695 21.2871 21.4493 21.7716 22.1547 22.2553 22.0941 22.1033 22.0923 22.2128 22.3595 22.5789 22.4311 22.3844 22.5988 22.8656 23.0355 -9999 -9999 -9999 -9999 -9999 -9999 -9999 -9999 -9999 -9999 -9999 -9999 -9999 -9999 -9999 -9999 -9999 -9999 -9999 -9999 -9999 -9999 -9999 -9999 -9999 -9999 -9999 -9999 -9999 -9999 -9999 -9999 -9999 -9999 -9999 -9999 -9999 -9999 -9999 -9999 -9999 -9999 -9999 -9999
21.2038 21.3368 21.2787 21.2385 21.1346 21.105 21.1044 20.9745 20.9973 21.0195 21.0971 21.1627 21.2611 21.4179 21.6341 21.8913 22.3262 22.0867 21.9031 21.9262 21.955 22.0632 22.2748 22.1302 22.14 22.4109 22.6912 22.8756 22.9631 -9999 -9999 -9999 -9999 -9999 -9999 -9999 -9999 -9999 -9999 -9999 -9999 -9999 -9999 -9999 -9999 -9999 -9999 -9999 -9999 -9999 -9999 -9999 -9999 -9999 -9999 -9999 -9999 -9999 -9999 -9999 -9999 -9999 -9999 -9999 -9999 -9999 -9999 -9999 -9999 -9999 -9999 -9999
21.2949 21.4539 21.3953 21.3118 21.1764 21.1062 21.0559 21.0273 20.9981 21.0186 21.0974 21.3002 21.3433 21.3682 21.5156 21.8063 22.0969 22.1855 21.8961 21.8262 21.8621 21.8114 21.9935 21.9335 21.9828 22.091 22.3722 22.6294 22.7503 22.971 -9999 -9999 -9999 -9999 -9999 -9999 -9999 -9999 -9999 -9999 -9999 -9999 -9999 -9999 -9999 -9999 -9999 -9999 -9999 -9999 -9999 -9999 -9999 -9999 -9999 -9999 -9999 -9999 -9999 -9999 -9999 -9999 -9999 -9999 -9999 -9999 -9999 -9999 -9999 -9999 -9999 -9999
-9999 -9999 21.5547 21.4246 21.3204 21.1941 21.0811 21.0369 20.9946 21.0142 21.1559 21.2336 21.2553 21.3573 21.5248 21.6367 21.8263 22.0234 21.9731 21.7293 21.864 21.6964 21.73 21.7136 21.8553 22.0997 22.4363 22.6297 22.7397 22.9219 -9999 -9999 -9999 -9999 -9999 -9999 -9999 -9999 -9999 -9999 -9999 -9999 -9999 -9999 -9999 -9999 -9999 -9999 -9999 -9999 -9999 -9999 -9999 -9999 -9999 -9999 -9999 -9999 -9999 -9999 -9999 -9999 -9999 -9999 -9999 -9999 -9999 -9999 -9999 -9999 -9999 -9999
-9999 -9999 -9999 21.4447 21.3666 21.1988 21.1044 21.0803 21.0028 21.0172 21.0802 21.1319 21.2005 21.2857 21.4158 21.5581 21.7377 21.7709 21.6216 21.638 21.6914 21.6821 21.614 21.6545 21.8675 22.2053 22.3984 22.7687 22.9397 22.9425 23.0692 -9999 -9999 -9999 -9999 -9999 -9999 -9999 -9999 -9999 -9999 -9999 -9999 22.9362 -9999 -9999 -9999 -9999 -9999 -9999 -9999 -9999 -9999 -9999 -9999 -9999 -9999 -9999 -9999 -9999 -9999 -9999 -9999 -9999 24.1061 -9999 -9999 -9999 -9999 -9999 -9999 -9999
-9999 -9999 21.4535 21.3371 21.2619 21.1611 21.1591 21.0949 21.0031 21.0158 21.0645 21.1182 21.2204 21.2584 21.3399 21.493 21.5389 21.5026 21.496 21.4861 21.4871 21.5199 21.573 21.6359 21.7696 21.9412 22.062 22.4095 22.5837 22.7592 23.0156 23.2203 -9999 -9999 -9999 -9999 -9999 -9999 -9999 22.9566 22.9892 23.0093 22.9818 22.8627 22.973 -9999 -9999 -9999 -9999 -9999 -9999 -9999 -9999 -9999 -9999 -9999 -9999 -9999 -9999 -9999 -9999 -9999 -9999 -9999 23.9735 24.1849 -9999 -9999 -9999 -9999 -9999 -9999
-9999 -9999 21.4034 21.2971 21.2498 21.1516 21.1004 21.0587 21.0353 21.014 21.0342 21.0917 21.1721 21.1883 21.2946 21.3606 21.4133 21.358 21.3624 21.4112 21.4675 21.5192 21.6308 21.6595 21.7004 21.8156 21.9931 22.1753 22.4276 22.7686 23.1035 23.3772 -9999 -9999 -9999 -9999 -9999 -9999 22.8979 22.8015 22.7538 22.9313 22.8263 22.733 22.7783 22.9251 -9999 -9999 -9999 -9999 -9999 -9999 -9999 -9999 -9999 -9999 -9999 -9999 -9999 -9999 22.9886 23.2038 23.6154 23.838 23.9812 24.1758 -9999 -9999 -9999 -9999 -9999 -9999
-9999 -9999 21.4246 21.296 21.2123 21.139 21.1365 21.0513 21.024 21.0184 21.0345 21.0577 21.0853 21.1795 21.2304 21.366 21.2725 21.296 21.3438 21.4759 21.5439 21.7561 21.8596 21.8897 21.745 21.8825 22.1502 22.4804 22.865 22.912 23.0537 23.2997 -9999 -9999 -9999 -9999 -9999 -9999 22.8516 22.7472 22.6649 22.6747 22.8526 22.6674 22.7067 22.8531 22.9079 22.8385 22.8166 22.8825 22.7987 22.7903 22.8676 22.8344 -9999 -9999 -9999 -9999 22.9147 22.9293 22.946 23.0489 23.4964 23.8097 24.0939 24.1461 -9999 -9999 -9999 -9999 -9999 -9999
-9999 -9999 21.3253 21.25 21.2168 21.22 21.1543 21.0795 21.043 21.0201 21.0407 21.0582 21.0769 21.1202 21.1996 21.207 21.2313 21.287 21.5211 21.7911 21.7017 21.8698 22.1965 21.9597 21.8355 21.9887 22.3092 22.6778 22.8007 22.8174 23.0073 23.2459 -9999 -9999 -9999 23.1267 22.9637 22.9694 22.9382 22.7911 22.686 22.6153 22.5754 22.6012 22.7072 22.852 23.0067 22.9904 22.792 22.7644 22.7521 22.7429 22.8166 22.8167 22.7796 22.7712 22.7873 22.8238 22.8491 22.8662 22.8957 22.9931 23.3951 23.6359 23.7984 24.1109 -9999 -9999 -9999 -9999 -9999 -9999
-9999 -9999 21.3743 21.3098 21.259 21.1667 21.1657 21.1117 21.076 21.031 21.038 21.1185 21.0795 21.1033 21.1314 21.1719 21.2233 21.4243 21.694 21.9642 22.0996 22.0618 22.2714 22.1945 22.0683 22.1373 22.3377 22.6675 22.7273 22.8087 23.121 23.418 -9999 -9999 23.4542 23.1213 22.8938 22.7876 22.771 22.7915 22.6531 22.6667 22.5175 22.5833 22.8522 22.8552 22.9787 22.9493 22.8981 22.9033 22.813 22.7283 22.7317 22.7554 22.7402 22.755 22.7752 22.7981 22.8461 22.8559 22.8761 22.9452 23.2431 23.4006 23.5752 24.1042 -9999 -9999 -9999 -9999 -9999 -9999
-9999 -9999 21.3304 21.2563 21.1738 21.1683 21.1094 21.1271 21.1486 21.065 21.0427 21.1036 21.1526 21.1076 21.13 21.1574 21.1909 21.3815 21.5991 21.9177 22.1231 22.2488 22.3476 22.4738 22.4173 22.4566 22.5029 22.4836 22.5841 22.7645 22.9508 23.2901 23.479 -9999 23.4266 23.2866 23.012 22.7831 22.6472 22.7291 22.5687 22.5612 22.4784 22.5703 22.7481 22.8431 22.8784 22.9267 22.8304 22.7784 22.7486 22.7356 22.7146 22.7263 22.737 22.7542 22.7733 22.792 22.8141 22.8367 22.864 22.9038 23.053 23.2126 23.5262 24.0849 -9999 -9999 -9999 -9999 -9999 -9999
-9999 21.5704 21.3386 21.2069 21.161 21.1302 21.1041 21.0879 21.0639 21.0506 21.0459 21.0672 21.2061 21.2129 21.209 21.1585 21.1839 21.2203 21.3492 21.7327 21.873 22.0735 22.3288 22.4485 22.4162 22.2383 22.2627 22.4064 22.5644 22.7709 22.9108 23.1222 23.5172 23.4997 23.3477 23.2403 23.0601 22.7755 22.5841 22.5133 22.5035 22.4528 22.442 22.5623 22.6811 22.7466 22.8415 22.881 22.9105 22.8639 22.8349 22.7342 22.7158 22.7223 22.7352 22.7521 22.7697 22.787 22.8068 22.8305 22.8519 22.875 22.9087 23.1106 23.5842 23.9499 -9999 -9999 -9999 -9999 -9999 -9999
-9999 -9999 21.3806 21.3272 21.319 21.2985 21.2483 21.1896 21.0969 21.0956 21.0555 21.0692 21.1912 21.3311 21.2425 21.2198 21.1966 21.2167 21.2522 21.5732 21.7523 21.8968 22.1422 22.0807 22.0199 22.0301 22.0924 22.383 22.6718 22.9968 23.3074 23.3365 23.5102 23.4443 23.3494 23.0806 22.8984 22.8382 22.8029 22.5167 22.4603 22.4637 22.4135 22.5526 22.6171 22.7305 22.7376 22.7759 22.806 23.0621 22.8656 22.88 22.7586 22.7196 22.7293 22.7474 22.7645 22.7847 22.8047 22.8263 22.8461 22.8713 22.899 23.039 23.6294 23.9432 -9999 -9999 -9999 -9999 -9999 -9999
-9999 -9999 -9999 -9999 21.3748 21.3348 21.312 21.2673 21.1087 21.0761 21.0594 21.0706 21.1334 21.272 21.3228 21.3205 21.4603 21.3823 21.2657 21.2896 21.3259 21.6127 21.7703 21.6555 21.7126 21.9298 22.1033 22.274 22.6094 22.8529 23.2065 23.4757 23.5005 23.2354 23.0195 22.7471 22.6387 22.7335 22.6781 22.5492 22.4008 22.3446 22.3946 22.5402 22.5936 22.7518 22.66 22.681 22.7696 22.8497 22.8608 22.8157 22.8146 22.7243 22.7203 22.7396 22.7599 22.7802 22.8013 22.8226 22.8469 22.8707 22.8956 22.925 23.5313 24.0135 -9999 -9999 -9999 -9999 -9999 -9999
-9999 -9999 -9999 -9999 21.4837 21.4619 21.3934 21.2065 21.107 21.0765 21.0899 21.0845 21.1334 21.2576 21.3862 21.51 21.6643 21.6089 21.4275 21.3288 21.3351 21.5888 21.4872 21.5507 21.6575 21.9365 22.1454 22.2625 22.5849 22.8573 23.0971 23.4231 23.3048 23.1739 23.0023 22.7036 22.5095 22.4436 22.5409 22.4677 22.293 22.3209 22.4617 22.4857 22.5907 22.7954 22.6485 22.6301 22.7021 22.7221 22.7684 22.7695 22.7468 22.7249 22.7174 22.7359 22.7574 22.7791 22.7995 22.8208 22.8446 22.8669 22.8919 22.919 23.3193 24.0199 -9999 -9999 -9999 -9999 -9999 -9999
-9999 -9999 -9999 -9999 -9999 21.5896 21.424 21.1735 21.1118 21.1283 21.0872 21.0963 21.1632 21.225 21.3772 21.5796 21.9505 21.8823 21.717 21.469 21.3478 21.3857 21.4847 21.6387 21.9853 22.2897 22.3397 22.4011 22.6401 22.8517 23.1168 22.9859 22.8417 22.6833 22.6087 22.6508 22.4874 22.3596 22.4469 22.3513 22.2372 22.3304 22.3987 22.4618 22.5773 22.6146 22.639 22.5693 22.6712 22.6586 22.6887 22.7195 22.7224 22.7201 22.7151 22.7331 22.7546 22.7749 22.7988 22.8186 22.8419 22.866 22.8908 22.9176 22.9765 23.3677 23.6103 -9999 -9999 -9999 -9999 -9999
-9999 -9999 -9999 -9999 -9999 21.7465 21.6678 21.37 21.2782 21.1541 21.0947 21.1054 21.2077 21.273 21.4903 21.575 21.9196 22.087 21.9833 22.0512 21.7012 21.393 21.4847 22.1625 22.4183 22.6046 22.5758 22.5897 22.6661 23.0209 23.1308 22.835 22.6547 22.5192 22.4214 22.4159 22.4398 22.2276 22.2205 22.1701 22.214 22.2359 22.384 22.4882 22.4619 22.568 22.6129 22.5396 22.6746 22.6115 22.6537 22.7101 22.7385 22.7024 22.714 22.7302 22.7518 22.7749 22.7984 22.8216 22.8413 22.8647 22.8914 22.9154 22.9437 23.0167 23.2302 23.3224 23.2768 -9999 -9999 -9999
-9999 -9999 -9999 -9999 -9999 -9999 21.9512 21.5348 21.3435 21.2528 21.1219 21.1188 21.1779 21.2797 21.5015 21.6996 22.0096 22.3609 22.5564 22.0522 21.6154 21.396 21.4477 22.0149 22.2485 22.2744 22.1618 22.2842 22.3799 22.6516 22.745 22.8694 22.8174 22.6212 22.4677 22.3199 22.219 22.2308 22.1757 22.1567 22.1802 22.1946 22.2383 22.2803 22.4315 22.3848 22.4835 22.4796 22.5334 22.5843 22.633 22.7263 22.7071 22.6918 22.7054 22.7262 22.7501 22.7716 22.7939 22.8183 22.8434 22.8662 22.8899 22.9161 22.9411 22.973 23.0204 23.1595 23.3368 23.5536 -9999 -9999
-9999 -9999 -9999 -9999 -9999 -9999 22.162 21.7484 21.5477 21.2974 21.1709 21.1304 21.1547 21.2406 21.4135 21.6649 21.878 22.2675 22.671 22.14 21.6694 21.4234 21.4272 21.9094 21.7981 21.9177 21.8913 22.0956 22.1888 22.2594 22.4105 22.5747 22.7511 22.8565 22.487 22.307 22.1672 22.1135 22.0942 22.0978 22.1345 22.1944 22.3955 22.2946 22.3385 22.3829 22.4292 22.4675 22.5116 22.5575 22.5975 22.6288 22.6987 22.676 22.7027 22.7246 22.7461 22.7685 22.7918 22.8148 22.8387 22.8629 22.8894 22.9152 22.9412 22.9717 22.9993 23.0319 23.0882 23.3699 23.5488 23.6235
-9999 -9999 -9999 -9999 -9999 -9999 22.755 22.1498 21.6522 21.4072 21.2097 21.1679 21.1634 21.2723 21.3591 21.5447 21.7217 21.9843 22.3674 22.6106 22.2168 21.6362 21.4338 21.4716 21.5024 21.6383 21.7619 21.7908 21.7976 21.9317 22.1267 22.3821 22.4769 22.5777 22.3074 22.2874 22.3288 22.0336 22.0561 22.0987 22.246 22.4077 22.4102 22.5274 22.4994 22.6303 22.5688 22.5196 22.5198 22.5516 22.5923 22.6224 22.6536 22.673 22.6968 22.7209 22.7439 22.7659 22.7883 22.8132 22.8368 22.8575 22.8863 22.912 22.9407 22.9708 22.9974 23.0281 23.0584 23.1236 23.2084 23.3531
-9999 -9999 -9999 -9999 -9999 -9999 22.7205 22.205 21.7788 21.5267 21.2887 21.2462 21.1779 21.2143 21.3041 21.4676 21.6675 21.8867 22.2179 22.4688 22.2121 21.8316 21.5644 21.4832 21.5022 21.5257 21.5688 21.5919 21.639 21.6701 21.8178 22.0648 22.2094 22.4137 22.1108 22.0942 22.165 22.0264 22.0576 22.3245 22.5365 22.5864 22.499 22.6358 22.691 22.7919 22.7456 22.5713 22.6607 22.6779 22.6154 22.6275 22.6478 22.6699 22.6943 22.7177 22.7415 22.763 22.7844 22.8096 22.8331 22.8561 22.8824 22.9113 22.9381 22.9698 22.9994 23.0276 23.0572 23.094 23.1331 23.1528
-9999 -9999 -9999 -9999 -9999 -9999 22.7076 22.3629 21.9813 21.6049 21.3501 21.2574 21.1952 21.2139 21.3151 21.4058 21.5381 21.733 21.8727 22.1008 22.4065 21.9435 21.8121 21.7015 21.6594 21.5387 21.5583 21.6372 21.7203 21.6695 21.7118 21.9077 21.984 22.1014 21.9416 21.9609 21.9866 22.0181 22.2459 22.5548 22.8076 22.6699 22.7311 22.6825 22.9512 22.788 22.6634 22.6429 22.7796 22.8858 22.6748 22.6668 22.6687 22.6782 22.6921 22.7176 22.7377 22.7612 22.7838 22.8065 22.8307 22.8544 22.8794 22.9049 22.9368 22.9684 22.9964 23.0264 23.0524 23.0857 23.1132 23.1481
-9999 -9999 -9999 -9999 -9999 -9999 -9999 22.5653 22.0746 21.6426 21.4094 21.2695 21.2104 21.2297 21.2903 21.3577 21.4467 21.5923 21.7703 22.0403 22.2453 22.1447 22.0157 22.0209 21.9419 21.6799 21.6013 21.7528 22.0944 21.9209 21.7187 21.7401 21.7771 21.8168 21.8651 21.9093 21.9832 22.1469 22.6041 22.7115 22.9067 22.9129 23.0268 22.8619 22.9692 22.8018 22.7456 22.7423 22.9522 22.9437 22.7646 22.7068 22.7465 22.7195 22.6949 22.7166 22.7379 22.7616 22.7827 22.8046 22.8278 22.8523 22.877 22.9018 22.9367 22.9667 23.0081 23.0439 23.0905 23.0894 23.1119 23.1501
-9999 -9999 -9999 -9999 -9999 -9999 -9999 22.659 22.174 21.6629 21.51 21.3579 21.2296 21.2445 21.3274 21.4074 21.4894 21.5802 21.7918 21.9975 22.1944 22.2722 22.2538 22.2764 22.1382 21.792 21.7387 21.7856 22.1487 22.2846 22.0091 21.7807 21.78 21.8215 22.1316 22.0901 22.2678 22.5022 22.5834 22.6999 22.9208 22.8514 23.0212 22.986 23.0369 22.9535 22.9273 22.8229 23.0089 23.0374 22.8624 22.7831 22.8059 22.7199 22.7045 22.7177 22.7381 22.759 22.781 22.8018 22.8255 22.8499 22.8752 22.904 22.9405 23.0114 23.2523 23.277 23.2443 23.2146 23.15 23.1525
-9999 -9999 -9999 -9999 -9999 -9999 -9999 22.5992 22.2677 21.8164 21.4867 21.4818 21.3309 21.2619 21.3503 21.4478 21.5473 21.6012 21.8297 22.0788 22.2834 22.522 22.5033 22.3622 22.1231 21.9059 21.8812 21.947 22.1488 22.0789 21.8972 21.8096 21.7974 21.8416 21.9248 21.9819 22.1185 22.1904 22.3733 22.6472 22.7699 22.7322 23.0235 23.0309 22.9589 23.0983 22.9535 22.8985 23.1299 23.0045 22.8459 22.7772 22.7198 22.7054 22.7139 22.7136 22.7362 22.7572 22.7789 22.802 22.8249 22.8518 22.8783 22.9242 22.9809 23.2009 23.3218 23.3304 23.2645 23.2098 23.1689 23.1584
-9999 -9999 -9999 -9999 -9999 -9999 -9999 22.5378 22.2414 21.8525 21.6224 21.5954 21.4263 21.2781 21.3147 21.4153 21.4588 21.5626 21.7591 21.9741 22.2074 22.3298 22.588 22.3687 22.2017 22.0206 21.9452 22.1133 22.209 22.0911 21.9743 21.9391 21.8215 21.8426 21.9075 22.1209 22.2362 22.2184 22.2813 22.3752 22.5715 22.6036 22.7393 22.8107 22.8799 23.0553 22.9924 23.0103 23.0209 22.855 22.7848 22.7467 22.7138 22.7232 22.7221 22.7131 22.7336 22.7556 22.7788 22.8012 22.8266 22.8591 22.8904 22.9588 23.0621 23.2344 23.5144 23.3694 23.2167 23.1962 23.1795 23.1761
-9999 -9999 -9999 -9999 -9999 -9999 -9999 22.5885 22.273 21.9434 21.8156 21.8083 21.4882 21.2992 21.3169 21.3742 21.4381 21.6673 21.6733 21.7336 21.9458 22.2463 22.5745 22.563 22.4007 22.1538 22.0847 22.3536 22.4622 22.4152 22.229 22.0647 21.8925 21.8639 21.9406 22.2614 22.6015 22.4756 22.3402 22.3641 22.4341 22.6181 22.6936 22.7647 22.9068 23.1384 23.1362 23.1077 22.924 22.8804 22.7984 22.7342 22.7931 22.7979 22.7364 22.711 22.7327 22.7552 22.7768 22.8011 22.8272 22.8691 22.9121 22.9687 23.1996 23.3524 23.5706 23.3863 23.2898 23.2694 23.178 23.1739
-9999 -9999 -9999 -9999 -9999 -9999 -9999 22.6884 22.4643 22.1503 22.0342 21.8389 21.5375 21.3985 21.3413 21.3612 21.4099 21.5226 21.5977 21.7277 21.9477 22.2417 22.5663 22.7838 22.6998 22.3674 22.3082 22.5514 22.6895 22.5604 22.361 22.0567 21.8916 21.8868 21.9241 22.007 22.2611 22.5641 22.5856 22.4676 22.6091 22.7701 22.7192 22.758 22.8984 23.0077 23.0936 23.0969 22.9993 22.9733 22.8744 22.7157 22.7144 22.7442 22.691 22.711 22.7329 22.7534 22.7769 22.8008 22.8265 22.8649 22.9223 23.0838 23.2278 23.4189 23.4637 23.3104 23.2581 23.2148 23.1819 23.1869
-9999 -9999 -9999 -9999 -9999 -9999 -9999 22.8623 22.5961 22.3033 22.0305 21.7735 21.555 21.5548 21.4483 21.4667 21.4197 21.4567 21.5626 21.675 21.8671 22.2396 22.5557 22.8986 22.8305 22.4935 22.459 22.6349 22.9439 22.6639 22.3533 22.0739 21.932 22.0793 21.9698 22.0016 22.1103 22.2996 22.5822 22.6002 22.8186 22.8509 22.7751 22.7673 22.8091 22.8973 23.0315 23.0504 23.0022 23.0087 22.9198 22.8024 22.6879 22.689 22.6867 22.7095 22.7328 22.7542 22.7773 22.8036 22.834 22.8732 23.0123 23.1733 23.2818 23.4222 23.4603 23.2673 23.2211 23.2071 23.1819 23.1861
-9999 -9999 -9999 -9999 -9999 -9999 -9999 -9999 22.6224 22.3196 22.1003 22.0543 21.8622 21.7669 21.6974 21.6963 21.4642 21.4688 21.5426 21.6474 21.8139 22.101 22.3064 22.636 22.8779 22.815 22.7789 22.7156 22.7591 22.6449 22.3473 22.0366 22.0207 22.2509 22.2406 22.2178 22.1409 22.2128 22.5898 22.7928 22.9657 22.8833 22.7959 22.7936 22.8132 22.8601 22.9275 22.9997 22.8765 22.792 22.792 22.721 22.6749 22.6799 22.6894 22.7116 22.7335 22.7571 22.7846 22.811 22.8522 22.9156 23.0683 23.4028 23.412 23.4696 23.5903 23.4054 23.3198 23.2201 23.1781 23.1846
-9999 -9999 -9999 -9999 -9999 -9999 -9999 -9999 22.7262 22.3733 22.3129 22.3367 22.4776 22.4394 22.003 21.9299 21.7082 21.4992 21.5343 21.6375 21.7944 21.9727 22.2387 22.6073 22.9037 23.0356 22.7601 22.4821 22.4404 22.3657 22.1908 22.1737 22.4082 22.6298 22.5375 22.4906 22.2529 22.2276 22.3005 22.537 22.8047 22.9561 22.83 22.8347 22.8508 22.8745 22.9148 22.9558 22.8152 22.7482 22.7093 22.6996 22.6636 22.6727 22.6921 22.7114 22.7363 22.763 22.796 22.8303 22.9019 22.9838 23.219 23.4191 23.5529 23.7166 23.4257 23.3662 23.2773 23.2291 23.1875 23.1968
