Test_Spring_2018/04_18/Temp/20180430_015.txt
ncols	170
nrows	115
xllcorner	350000.000000
yllcorner	4445000.000000
cellsize	1000.000000
nodata_value	-9999.000000
[rows 32 to 63 of 115, columns 72 to 143 of 170]
21.8464 21.6544 21.9515 22.2246 22.0279 21.8993 22.3351 22.3345 22.181 21.8209 21.6897 21.5542 21.4723 21.0122 19.7171 18.55 19.1797 19.1973 18.7663 19.5458 19.137 18.0673 16.5561 17.3787 17.1652 16.0711 15.8008 -9999 -9999 -9999 -9999 -9999 -9999 -9999 -9999 -9999 -9999 -9999 -9999 -9999 -9999 -9999 -9999 -9999 -9999 -9999 -9999 -9999 -9999 -9999 -9999 -9999 -9999 -9999 -9999 -9999 -9999 -9999 -9999 -9999 -9999 -9999 -9999 -9999 -9999 -9999 -9999 -9999 -9999 -9999 -9999 -9999
21.5746 21.4925 21.9344 21.9249 21.8801 22.0087 22.2743 22.3295 22.2697 22.113 21.9779 21.8346 21.4691 20.9424 19.8343 18.5054 18.2061 18.8606 18.8944 19.0015 18.6292 18.1608 17.4267 18.0299 18.2644 17.5512 16.6093 15.998 -9999 -9999 -9999 -9999 -9999 -9999 -9999 -9999 -9999 -9999 -9999 -9999 -9999 -9999 -9999 -9999 -9999 -9999 -9999 -9999 -9999 -9999 -9999 -9999 -9999 -9999 -9999 -9999 -9999 -9999 -9999 -9999 -9999 -9999 -9999 -9999 -9999 -9999 -9999 -9999 -9999 -9999 -9999 -9999
21.2534 20.8256 21.0921 21.2919 21.6284 21.6974 21.7521 22.2787 22.2508 22.2268 22.0028 21.8243 21.528 21.021 20.2985 19.4283 17.9111 18.8512 19.5878 19.5714 19.5334 19.2059 18.5009 19.0931 19.1217 18.2066 17.1493 16.5484 16.3012 -9999 -9999 -9999 -9999 -9999 -9999 -9999 -9999 -9999 -9999 -9999 -9999 -9999 -9999 -9999 -9999 -9999 -9999 -9999 -9999 -9999 -9999 -9999 -9999 -9999 -9999 -9999 -9999 -9999 -9999 -9999 -9999 -9999 -9999 -9999 -9999 -9999 -9999 -9999 -9999 -9999 -9999 -9999
20.8907 20.3681 20.6361 20.9934 21.4785 21.7126 21.8958 22.0528 22.2134 22.1947 21.9653 21.2864 21.1911 21.1639 20.6922 19.6998 18.7088 18.4542 19.5767 19.8997 19.8368 20.0888 19.4919 19.776 19.6609 19.3352 18.3251 17.4124 17.0427 16.3105 -9999 -9999 -9999 -9999 -9999 -9999 -9999 -9999 -9999 -9999 -9999 -9999 -9999 -9999 -9999 -9999 -9999 -9999 -9999 -9999 -9999 -9999 -9999 -9999 -9999 -9999 -9999 -9999 -9999 -9999 -9999 -9999 -9999 -9999 -9999 -9999 -9999 -9999 -9999 -9999 -9999 -9999
-9999 -9999 20.0255 20.4936 20.8838 21.3621 21.7714 21.9839 22.1907 22.1741 21.7144 21.4904 21.4725 21.164 20.6192 20.2785 19.6559 19.007 19.2591 20.2167 19.7945 20.4731 20.4175 20.5431 20.0917 19.2097 18.0599 17.3776 17.047 16.4539 -9999 -9999 -9999 -9999 -9999 -9999 -9999 -9999 -9999 -9999 -9999 -9999 -9999 -9999 -9999 -9999 -9999 -9999 -9999 -9999 -9999 -9999 -9999 -9999 -9999 -9999 -9999 -9999 -9999 -9999 -9999 -9999 -9999 -9999 -9999 -9999 -9999 -9999 -9999 -9999 -9999 -9999
-9999 -9999 -9999 20.391 20.6852 21.3425 21.6539 21.7911 22.1246 22.1251 21.9511 21.8205 21.6312 21.3839 20.9752 20.5244 19.9392 19.8882 20.5023 20.5129 20.388 20.4906 20.8061 20.7245 20.018 18.7934 18.1556 16.8373 16.2833 16.3421 15.9507 -9999 -9999 -9999 -9999 -9999 -9999 -9999 -9999 -9999 -9999 -9999 -9999 17.5328 -9999 -9999 -9999 -9999 -9999 -9999 -9999 -9999 -9999 -9999 -9999 -9999 -9999 -9999 -9999 -9999 -9999 -9999 -9999 -9999 15.3186 -9999 -9999 -9999 -9999 -9999 -9999 -9999
-9999 -9999 20.3374 20.7192 21.0372 21.4478 21.4736 21.7033 22.0863 22.0913 21.9678 21.8289 21.5163 21.4409 21.2096 20.7202 20.6231 20.8267 20.9224 21.0302 21.0974 21.0477 20.9223 20.7592 20.2843 19.7243 19.3484 18.1578 17.5444 16.9725 16.1067 15.4304 -9999 -9999 -9999 -9999 -9999 -9999 -9999 17.0373 17.0126 17.0355 17.2335 17.7666 17.4652 -9999 -9999 -9999 -9999 -9999 -9999 -9999 -9999 -9999 -9999 -9999 -9999 -9999 -9999 -9999 -9999 -9999 -9999 -9999 15.783 15.1091 -9999 -9999 -9999 -9999 -9999 -9999
-9999 -9999 20.4097 20.8401 21.0531 21.451 21.6771 21.8003 21.9316 22.0579 22.0363 21.8824 21.6487 21.6528 21.3318 21.1608 21.0401 21.3146 21.3722 21.2676 21.1349 21.0172 20.679 20.6406 20.5072 20.1514 19.5672 18.9651 18.077 16.8999 15.7461 14.8165 -9999 -9999 -9999 -9999 -9999 -9999 17.1137 17.5579 17.8274 17.2793 17.7624 18.2045 18.1429 17.7203 -9999 -9999 -9999 -9999 -9999 -9999 -9999 -9999 -9999 -9999 -9999 -9999 -9999 -9999 18.9759 18.2842 16.878 16.1619 15.7361 15.1244 -9999 -9999 -9999 -9999 -9999 -9999
-9999 -9999 20.3126 20.8206 21.163 21.4661 21.5108 21.8089 21.9345 22.0013 21.9927 21.9626 21.9209 21.6407 21.5226 21.0991 21.5131 21.5024 21.4035 20.9977 20.8236 20.1223 19.8143 19.7245 20.3163 19.8779 18.9632 17.8199 16.4321 16.3394 15.8865 15.0555 -9999 -9999 -9999 -9999 -9999 -9999 17.2343 17.7093 18.1074 18.1727 17.6284 18.4083 18.378 17.9544 17.8644 18.2262 18.4133 18.2806 18.7128 18.8446 18.662 18.8792 -9999 -9999 -9999 -9999 19.0448 19.0818 19.112 18.829 17.292 16.2454 15.3066 15.2275 -9999 -9999 -9999 -9999 -9999 -9999
-9999 -9999 20.6561 20.9665 21.1206 21.1408 21.4114 21.6691 21.8273 21.9453 21.92 21.9108 21.9022 21.8087 21.588 21.6334 21.6205 21.4947 20.7194 19.813 20.214 19.6778 18.5079 19.4436 19.9596 19.4623 18.3533 17.0675 16.6315 16.6455 16.0147 15.2018 -9999 -9999 -9999 15.9199 16.5952 16.6609 16.8661 17.4974 17.9799 18.3472 18.5992 18.591 18.3446 17.9306 17.4798 17.6513 18.4846 18.6935 18.8662 19.0025 18.8335 18.9348 19.1636 19.2857 19.317 19.2733 19.2698 19.2965 19.2789 19.0156 17.6412 16.8591 16.3639 15.3657 -9999 -9999 -9999 -9999 -9999 -9999
-9999 -9999 20.4437 20.7124 20.9285 21.2858 21.3187 21.5463 21.6688 21.8661 21.8887 21.6488 21.8499 21.8278 21.7953 21.7219 21.6122 20.9593 20.0569 19.1516 18.7354 18.9062 18.211 18.5638 19.0864 18.8933 18.2069 17.0607 16.8972 16.6177 15.5538 14.5329 -9999 -9999 14.6018 15.8904 16.8006 17.2743 17.4272 17.4501 18.0562 18.1124 18.7642 18.6146 17.775 17.8791 17.558 17.7802 18.0917 18.1824 18.6201 19.0481 19.1352 19.145 19.2934 19.3303 19.3458 19.3503 19.2634 19.3156 19.3312 19.1704 18.1777 17.6987 17.1693 15.3691 -9999 -9999 -9999 -9999 -9999 -9999
-9999 -9999 20.5662 20.8661 21.1948 21.2424 21.4843 21.4536 21.367 21.7103 21.8314 21.6622 21.5423 21.7715 21.761 21.7371 21.6944 21.0819 20.3716 19.2923 18.6227 18.2036 17.9117 17.5106 17.7778 17.6932 17.5802 17.7041 17.3854 16.7443 16.1221 14.9578 14.3305 -9999 14.6556 15.2404 16.3218 17.2429 17.8313 17.6324 18.3209 18.4566 18.8507 18.6299 18.1243 17.9119 17.9007 17.8411 18.3062 18.6226 18.8422 18.9952 19.1846 19.2384 19.2923 19.3194 19.3379 19.3566 19.3626 19.3676 19.3562 19.3015 18.8503 18.3715 17.3276 15.4188 -9999 -9999 -9999 -9999 -9999 -9999
-9999 19.6813 20.5213 21.0276 21.2187 21.3544 21.4734 21.558 21.6388 21.7249 21.7851 21.756 21.3087 21.3496 21.4361 21.698 21.6869 21.6381 21.2531 19.939 19.4797 18.8104 17.9472 17.5812 17.7592 18.4639 18.4288 17.9565 17.4307 16.6953 16.2328 15.5194 14.1504 14.2768 14.8983 15.3635 16.1009 17.2253 18.0169 18.3758 18.5178 18.7974 18.9498 18.6446 18.3553 18.238 18.013 17.9884 17.9983 18.2823 18.5008 18.9893 19.1585 19.2405 19.2859 19.3139 19.3365 19.3591 19.3724 19.3718 19.3812 19.3867 19.3618 18.7224 17.1105 15.904 -9999 -9999 -9999 -9999 -9999 -9999
-9999 -9999 20.353 20.5706 20.6211 20.7158 20.9192 21.1558 21.4862 21.5272 21.716 21.7147 21.3279 20.8847 21.2807 21.4427 21.611 21.6235 21.5802 20.4685 19.891 19.4354 18.6074 18.9004 19.1812 19.1991 19.0239 18.0148 17.0098 15.8424 14.763 14.711 14.1304 14.4399 14.852 15.9045 16.6484 16.9557 17.1797 18.3244 18.626 18.7376 19.0378 18.6512 18.5617 18.2732 18.3705 18.3529 18.3628 17.5462 18.3768 18.4339 18.9809 19.2317 19.2947 19.3174 19.3412 19.3518 19.3632 19.3694 19.3838 19.3845 19.3869 18.9753 16.9258 15.9086 -9999 -9999 -9999 -9999 -9999 -9999
-9999 -9999 -9999 -9999 20.3962 20.5592 20.6607 20.8438 21.4139 21.5679 21.671 21.6802 21.5098 21.0701 20.9598 21.0486 20.6243 20.993 21.4914 21.4833 21.4259 20.4519 19.949 20.4298 20.2796 19.5425 18.961 18.3868 17.2104 16.3392 15.1019 14.1736 14.1394 15.1655 16.0192 17.0842 17.5591 17.3021 17.6 18.1718 18.8219 19.1415 19.0784 18.6706 18.623 18.1733 18.6333 18.6805 18.479 18.3056 18.3815 18.6563 18.7661 19.1956 19.3056 19.3318 19.3428 19.3525 19.359 19.3652 19.3695 19.3748 19.3791 19.3707 17.2638 15.6334 -9999 -9999 -9999 -9999 -9999 -9999
-9999 -9999 -9999 -9999 19.978 20.0733 20.34 21.0401 21.3952 21.5412 21.5344 21.6041 21.4848 21.0994 20.7054 20.3356 19.8562 20.1416 20.884 21.3226 21.3745 20.5207 20.9613 20.7923 20.4604 19.4973 18.7859 18.4062 17.2763 16.2998 15.4758 14.3402 14.8262 15.3631 16.0539 17.2149 18.0022 18.3315 18.0717 18.4419 19.1886 19.2029 18.8102 18.8463 18.6118 17.9939 18.656 18.8484 18.7086 18.755 18.7035 18.811 18.9998 19.1807 19.3035 19.3268 19.3364 19.3406 19.3486 19.3578 19.3589 19.3693 19.3737 19.3737 18.0179 15.592 -9999 -9999 -9999 -9999 -9999 -9999
-9999 -9999 -9999 -9999 -9999 19.5868 20.2071 21.1393 21.3569 21.332 21.5245 21.5418 21.3575 21.1998 20.7204 20.0642 18.7965 19.1284 19.8122 20.7942 21.3106 21.242 20.9519 20.4527 19.2473 18.1912 18.0585 17.8811 17.0552 16.3001 15.3843 15.9129 16.4935 17.1303 17.4679 17.3873 18.0629 18.6163 18.3946 18.8464 19.3722 19.1487 19.0206 18.9145 18.6418 18.6342 18.673 19.0525 18.8043 18.97 18.9779 18.9773 19.0733 19.1824 19.2966 19.3217 19.3297 19.3394 19.3352 19.3483 19.3515 19.3554 19.3603 19.3619 19.2495 17.9507 17.1768 -9999 -9999 -9999 -9999 -9999
-9999 -9999 -9999 -9999 -9999 18.9948 19.3 20.4058 20.7342 21.2229 21.4829 21.4957 21.1827 21.0109 20.293 20.066 18.894 18.3663 18.8252 18.6558 20.0047 21.1969 20.9334 18.5259 17.6513 17.0257 17.1805 17.1771 16.9438 15.6678 15.3179 16.448 17.1609 17.7151 18.1378 18.2307 18.224 19.0847 19.207 19.4936 19.4436 19.4794 19.0595 18.8033 19.0466 18.788 18.7514 19.1432 18.7744 19.1237 19.0873 18.9932 18.996 19.2288 19.2821 19.3138 19.3231 19.3221 19.319 19.3214 19.3381 19.3447 19.3427 19.3543 19.3535 19.2142 18.5458 18.3204 18.5966 -9999 -9999 -9999
-9999 -9999 -9999 -9999 -9999 -9999 18.2509 19.7915 20.4833 20.852 21.3742 21.4383 21.2688 20.9705 20.24 19.599 18.5518 17.3543 16.7206 18.6341 20.2986 21.1669 21.0488 19.0447 18.2515 18.211 18.672 18.2749 17.9728 17.0002 16.712 16.3133 16.5601 17.3296 17.963 18.5752 19.0233 19.0679 19.3632 19.5362 19.5596 19.6211 19.5805 19.549 19.1449 19.441 19.207 19.3449 19.2703 19.2034 19.1427 18.9136 19.0896 19.2461 19.2923 19.312 19.3106 19.3164 19.3183 19.313 19.3165 19.3255 19.3346 19.338 19.3493 19.3592 19.2954 18.8982 18.3619 17.6808 -9999 -9999
-9999 -9999 -9999 -9999 -9999 -9999 17.4675 19.0015 19.7286 20.6817 21.1668 21.3657 21.3441 21.1033 20.5497 19.7132 19.0176 17.6795 16.289 18.2966 20.0828 21.0474 21.0981 19.4103 19.8741 19.4939 19.6424 18.9486 18.6583 18.4189 17.9226 17.3811 16.7861 16.4769 17.892 18.6223 19.2124 19.4956 19.6601 19.7473 19.7141 19.6176 19.0012 19.4881 19.4733 19.4351 19.3896 19.372 19.331 19.281 19.2502 19.2464 19.097 19.2829 19.2878 19.2977 19.3062 19.3094 19.3087 19.3096 19.3091 19.3194 19.3243 19.329 19.336 19.3512 19.3586 19.3484 19.2516 18.3327 17.7874 17.6438
-9999 -9999 -9999 -9999 -9999 -9999 15.2929 17.5285 19.3061 20.246 21.0076 21.2212 21.3043 20.9789 20.7377 20.1396 19.5736 18.6963 17.3783 16.5678 18.0698 20.2525 21.0542 20.9863 20.934 20.4956 20.1 20.0474 20.0742 19.6045 18.9323 18.0635 17.7953 17.4941 18.5495 18.6981 18.6286 19.7915 19.8029 19.7465 19.3143 18.8273 18.9307 18.6334 18.8784 18.5225 18.867 19.1658 19.2825 19.2816 19.2465 19.2491 19.24 19.2806 19.2878 19.2904 19.2943 19.3002 19.3041 19.2993 19.3008 19.3153 19.317 19.3209 19.3259 19.3425 19.3521 19.3475 19.3442 19.2127 19.0087 18.611
-9999 -9999 -9999 -9999 -9999 -9999 15.37 17.2377 18.8348 19.787 20.7108 20.9279 21.2433 21.1814 20.928 20.4085 19.7578 19.0364 17.9061 17.0663 18.0729 19.5206 20.5581 20.9248 20.9172 20.8904 20.7898 20.7405 20.6239 20.5293 20.0526 19.2329 18.7714 18.0956 19.2712 19.4086 19.2325 19.8244 19.8034 18.9289 18.2588 18.1835 18.6045 18.2195 18.1606 17.9234 18.2094 18.9611 18.7513 18.8024 19.1423 19.2062 19.2522 19.2696 19.275 19.2812 19.2833 19.2923 19.3015 19.2971 19.3001 19.3066 19.3038 19.313 19.315 19.3264 19.3325 19.3353 19.3331 19.3037 19.2723 19.3315
-9999 -9999 -9999 -9999 -9999 -9999 15.3976 16.6486 18.0864 19.4911 20.4777 20.878 21.1713 21.1731 20.877 20.6214 20.2152 19.5807 19.1465 18.3886 17.3461 19.1007 19.6361 20.111 20.306 20.8042 20.7901 20.5591 20.2769 20.5244 20.4535 19.8053 19.5947 19.2376 19.8938 19.9013 19.89 19.8625 19.1242 18.0953 17.2749 17.8804 17.7647 18.0445 17.2062 17.9123 18.4829 18.6737 18.2994 18.0242 18.9031 19.0595 19.154 19.2173 19.2615 19.2607 19.2778 19.2809 19.2869 19.2929 19.2946 19.2996 19.3019 19.3044 19.3089 19.3214 19.3231 19.3247 19.3355 19.3246 19.3269 19.3317
-9999 -9999 -9999 -9999 -9999 -9999 -9999 15.8881 17.7018 19.3312 20.2399 20.8132 21.0949 21.0944 20.9452 20.7728 20.5224 20.0654 19.4897 18.5769 17.8994 18.3327 18.8562 18.9107 19.2602 20.2751 20.621 20.1282 18.8961 19.6149 20.4173 20.407 20.3422 20.2701 20.1777 20.0955 19.9093 19.4 17.8254 17.5217 16.9094 16.9885 16.6787 17.3792 17.1294 17.8526 18.1708 18.2961 17.6438 17.7853 18.5736 18.8892 18.8464 19.0432 19.2305 19.2446 19.2581 19.262 19.2746 19.285 19.2913 19.2939 19.298 19.304 19.3018 19.3218 19.2746 19.2479 19.1819 19.289 19.3091 19.3329
-9999 -9999 -9999 -9999 -9999 -9999 -9999 15.5024 17.3231 19.2422 19.8602 20.4779 21.0122 21.0268 20.7958 20.5765 20.3503 20.0918 19.3924 18.7138 18.0654 17.8488 17.9812 17.962 18.5286 19.8518 20.1077 19.9982 18.7121 18.284 19.3559 20.2578 20.3324 20.2554 19.2029 19.4341 18.8701 18.1033 17.8978 17.567 16.8594 17.2123 16.6964 16.9297 16.8758 17.29 17.4963 17.9871 17.4196 17.4239 18.1985 18.5915 18.6096 19.0215 19.1738 19.22 19.238 19.2536 19.2644 19.28 19.2859 19.2898 19.2922 19.2834 19.2482 19.1198 18.3738 18.3862 18.6076 18.8176 19.1931 19.3116
-9999 -9999 -9999 -9999 -9999 -9999 -9999 15.6992 16.9632 18.6666 19.9295 20.0118 20.6282 20.9486 20.6968 20.4127 20.122 19.997 19.2354 18.398 17.7215 16.9198 17.0538 17.6322 18.5667 19.422 19.5752 19.399 18.7023 19.0263 19.7586 20.1494 20.2677 20.1825 19.9575 19.8303 19.4166 19.2414 18.6652 17.7604 17.409 17.6447 16.6842 16.7602 17.1267 16.7522 17.3881 17.6967 16.9615 17.5581 18.2409 18.5942 18.9041 19.0553 19.1208 19.2166 19.2277 19.244 19.2571 19.2652 19.2748 19.2705 19.2689 19.1979 19.0885 18.3855 18.1101 18.1797 18.5206 18.8204 19.1437 19.2777
-9999 -9999 -9999 -9999 -9999 -9999 -9999 15.9003 17.0388 18.5163 19.4175 19.5814 20.2646 20.8728 20.8094 20.5135 20.4262 20.1191 19.4737 18.7601 17.9794 17.6008 16.727 17.5909 18.2633 18.9883 19.328 18.7515 18.4731 18.9734 19.4712 19.6726 20.1764 20.1766 20.0193 19.3236 18.9878 19.1393 18.9996 18.7497 18.1294 18.1093 17.7139 17.555 17.4053 16.8982 17.2337 17.2749 17.3763 18.0871 18.4468 18.6883 18.9086 18.973 19.0738 19.202 19.2214 19.2347 19.2434 19.255 19.2558 19.2316 19.2129 19.0596 18.7804 18.2508 17.3978 18.0257 18.6818 18.8923 19.0942 19.202
-9999 -9999 -9999 -9999 -9999 -9999 -9999 15.6918 16.9016 18.1648 18.6947 18.7874 20.0209 20.7779 20.7831 20.6449 20.4828 19.7184 19.7672 19.6169 18.913 17.8861 16.7575 16.8655 17.536 18.4871 18.8049 17.8632 17.5393 17.7831 18.5344 19.2079 19.9113 20.0939 19.8945 18.8082 17.6539 18.1991 18.7815 18.7858 18.6247 18.05 17.8731 17.7137 17.2969 16.5873 16.6966 16.9053 17.716 17.9796 18.382 18.7176 18.6035 18.6845 19.0058 19.194 19.2098 19.2222 19.2373 19.2426 19.2414 19.1835 19.1217 19.0116 18.2672 17.8083 17.1445 17.9528 18.4033 18.6597 19.089 19.1992
-9999 -9999 -9999 -9999 -9999 -9999 -9999 15.3027 16.1815 17.3892 17.8778 18.6558 19.8217 20.3972 20.6752 20.6732 20.5664 20.2263 20.0232 19.6191 18.8869 17.8843 16.7691 16.0438 16.4156 17.6922 17.9971 17.1288 16.6984 17.2422 18.0429 19.2271 19.906 20.0022 19.9469 19.7277 18.8867 17.8696 17.8802 18.4012 17.9792 17.4876 17.7702 17.7275 17.316 17.019 16.8382 16.9676 17.4282 17.6271 18.0906 18.7701 18.8753 18.8654 19.1568 19.18 19.1957 19.2156 19.2245 19.2313 19.2323 19.1868 19.0732 18.5809 18.153 17.5538 17.4887 18.2183 18.546 18.8483 19.0643 19.1417
-9999 -9999 -9999 -9999 -9999 -9999 -9999 14.6436 15.6773 16.809 17.8692 18.8727 19.7371 19.8075 20.2655 20.2689 20.5109 20.4467 20.1316 19.7919 19.1616 17.873 16.7897 15.6077 15.9221 17.2314 17.3781 16.8099 15.7576 16.8516 18.058 19.1521 19.7468 19.2897 19.7694 19.7366 19.4255 18.8228 17.8822 17.9076 17.205 17.1819 17.5547 17.6813 17.6288 17.408 17.0523 17.1238 17.4043 17.4846 17.9114 18.4408 18.9585 19.0532 19.1594 19.1728 19.1836 19.2008 19.2111 19.2099 19.1934 19.1453 18.734 18.2432 17.9447 17.5303 17.4889 18.3233 18.6708 18.8662 19.0542 19.1348
-9999 -9999 -9999 -9999 -9999 -9999 -9999 -9999 15.5564 16.7256 17.5918 17.8276 18.5964 19.0134 19.3372 19.4122 20.3287 20.383 20.1847 19.8731 19.3363 18.3593 17.6793 16.5458 15.7315 16.0624 16.1964 16.4999 16.415 16.905 18.0645 19.2727 19.4089 18.6496 18.7686 18.9347 19.2998 19.1248 17.8406 17.192 16.6551 17.0499 17.465 17.5717 17.5998 17.5296 17.4533 17.2949 17.8489 18.2612 18.3641 18.7248 18.9935 19.0744 19.1377 19.1537 19.1698 19.1792 19.1735 19.1719 19.1163 18.9801 18.5189 17.3961 17.4589 17.3464 17.0042 17.8191 18.3484 18.8087 19.0583 19.1304
-9999 -9999 -9999 -9999 -9999 -9999 -9999 -9999 15.1527 16.5052 16.7934 16.7757 16.3325 16.5422 18.2029 18.5407 19.4199 20.2527 20.1959 19.8904 19.3884 18.808 17.9072 16.6322 15.6193 15.1741 16.266 17.3333 17.5584 17.9047 18.6168 18.7558 17.9793 17.2518 17.669 17.923 18.8738 19.0531 18.8768 18.1063 17.2245 16.7681 17.3245 17.4061 17.4474 17.4624 17.4582 17.4398 18.059 18.4083 18.6535 18.7913 19.0235 19.0899 19.1176 19.1441 19.1495 19.1473 19.1216 19.091 18.9244 18.7208 17.9591 17.3257 16.9345 16.4355 17.5927 17.9515 18.4453 18.7653 19.0136 19.0762
