Test_Spring_2018/04_18/Temp/20180420_003.txt
ncols	170
nrows	115
xllcorner	350000.000000
yllcorner	4445000.000000
cellsize	1000.000000
nodata_value	-9999.000000
[rows 32 to 63 of 115, columns 72 to 143 of 170]
13.7047 13.3591 13.8909 14.3805 14.0819 13.8858 14.6905 14.6905 14.4156 13.7696 13.5328 13.2871 13.1366 12.3079 9.98242 7.88603 9.00933 9.03601 8.25934 9.65238 8.91685 6.99781 4.28874 5.76226 5.37981 3.47873 3.01095 -9999 -9999 -9999 -9999 -9999 -9999 -9999 -9999 -9999 -9999 -9999 -9999 -9999 -9999 -9999 -9999 -9999 -9999 -9999 -9999 -9999 -9999 -9999 -9999 -9999 -9999 -9999 -9999 -9999 -9999 -9999 -9999 -9999 -9999 -9999 -9999 -9999 -9999 -9999 -9999 -9999 -9999 -9999 -9999 -9999
13.2346 13.0856 13.8765 13.8592 13.8133 14.0982 14.5973 14.6971 14.5899 14.3082 14.0643 13.8049 13.1465 12.1983 10.2082 7.82199 7.28087 8.44887 8.50513 8.69317 8.02302 7.18128 5.86426 6.94418 7.36418 6.11522 4.47472 3.41662 -9999 -9999 -9999 -9999 -9999 -9999 -9999 -9999 -9999 -9999 -9999 -9999 -9999 -9999 -9999 -9999 -9999 -9999 -9999 -9999 -9999 -9999 -9999 -9999 -9999 -9999 -9999 -9999 -9999 -9999 -9999 -9999 -9999 -9999 -9999 -9999 -9999 -9999 -9999 -9999 -9999 -9999 -9999 -9999
12.6753 11.9067 12.3831 12.7407 13.41 13.5779 13.6774 14.6217 14.5717 14.5279 14.1247 13.8023 13.268 12.3554 11.0562 9.49201 6.76844 8.44817 9.76364 9.73046 9.65906 9.0697 7.8046 8.86471 8.91546 7.32098 5.49584 4.41743 3.97231 -9999 -9999 -9999 -9999 -9999 -9999 -9999 -9999 -9999 -9999 -9999 -9999 -9999 -9999 -9999 -9999 -9999 -9999 -9999 -9999 -9999 -9999 -9999 -9999 -9999 -9999 -9999 -9999 -9999 -9999 -9999 -9999 -9999 -9999 -9999 -9999 -9999 -9999 -9999 -9999 -9999 -9999 -9999
12.0406 11.1021 11.5814 12.2214 13.1276 13.5974 13.9505 14.2329 14.5208 14.4867 14.0739 12.8549 12.6808 12.6279 11.7781 9.99484 8.21399 7.75293 9.75961 10.3344 10.2182 10.6671 9.59575 10.1037 9.89702 9.3329 7.58266 5.98026 5.31582 4.00103 -9999 -9999 -9999 -9999 -9999 -9999 -9999 -9999 -9999 -9999 -9999 -9999 -9999 -9999 -9999 -9999 -9999 -9999 -9999 -9999 -9999 -9999 -9999 -9999 -9999 -9999 -9999 -9999 -9999 -9999 -9999 -9999 -9999 -9999 -9999 -9999 -9999 -9999 -9999 -9999 -9999 -9999
-9999 -9999 10.5023 11.3766 12.096 12.9841 13.7431 14.1254 14.4966 14.4665 13.6414 13.2376 13.2021 12.6451 11.6641 11.0484 9.92724 8.7593 9.20618 10.9178 10.1577 11.3709 11.2695 11.4935 10.6845 9.15786 7.12156 5.93271 5.3385 4.27337 -9999 -9999 -9999 -9999 -9999 -9999 -9999 -9999 -9999 -9999 -9999 -9999 -9999 -9999 -9999 -9999 -9999 -9999 -9999 -9999 -9999 -9999 -9999 -9999 -9999 -9999 -9999 -9999 -9999 -9999 -9999 -9999 -9999 -9999 -9999 -9999 -9999 -9999 -9999 -9999 -9999 -9999
-9999 -9999 -9999 11.2077 11.7552 12.9367 13.5481 13.7961 14.3949 14.3959 14.0831 13.8467 13.504 13.0565 12.319 11.5056 10.4511 10.354 11.4491 11.4635 11.236 11.417 11.9807 11.834 10.5872 8.42653 7.28457 4.97924 3.98547 4.08908 3.3848 -9999 -9999 -9999 -9999 -9999 -9999 -9999 -9999 -9999 -9999 -9999 -9999 6.11196 -9999 -9999 -9999 -9999 -9999 -9999 -9999 -9999 -9999 -9999 -9999 -9999 -9999 -9999 -9999 -9999 -9999 -9999 -9999 -9999 1.92917 -9999 -9999 -9999 -9999 -9999 -9999 -9999
-9999 -9999 11.0895 11.8262 12.4008 13.1415 13.2178 13.6551 14.3435 14.3531 14.131 13.8799 13.3163 13.1763 12.7563 11.8731 11.6926 12.0511 12.2169 12.4049 12.5214 12.4297 12.2036 11.9111 11.1109 10.1092 9.43764 7.32745 6.26101 5.23519 3.68146 2.46607 -9999 -9999 -9999 -9999 -9999 -9999 -9999 5.27861 5.2235 5.25415 5.59862 6.54394 5.99442 -9999 -9999 -9999 -9999 -9999 -9999 -9999 -9999 -9999 -9999 -9999 -9999 -9999 -9999 -9999 -9999 -9999 -9999 -9999 2.76868 1.54501 -9999 -9999 -9999 -9999 -9999 -9999
-9999 -9999 11.2789 12.0557 12.4438 13.1633 13.5748 13.8455 14.0839 14.3115 14.2724 13.9944 13.572 13.5741 12.9926 12.6792 12.4557 12.9406 13.0373 12.8444 12.6024 12.3889 11.7817 11.7134 11.5235 10.889 9.84557 8.77005 7.23161 5.12218 3.05319 1.38434 -9999 -9999 -9999 -9999 -9999 -9999 5.44251 6.22707 6.69845 5.7052 6.55995 7.34181 7.22156 6.47676 -9999 -9999 -9999 -9999 -9999 -9999 -9999 -9999 -9999 -9999 -9999 -9999 -9999 -9999 8.55957 7.3051 4.77003 3.47127 2.69258 1.58017 -9999 -9999 -9999 -9999 -9999 -9999
-9999 -9999 11.1152 12.033 12.6547 13.2064 13.2947 13.8568 14.1069 14.2287 14.2134 14.1574 14.0787 13.5707 13.352 12.5853 13.3188 13.2917 13.1073 12.3742 12.0577 10.7985 10.246 10.1302 11.1944 10.4135 8.77935 6.73555 4.28367 4.13541 3.32328 1.83173 -9999 -9999 -9999 -9999 -9999 -9999 5.67538 6.51434 7.21549 7.32046 6.33375 7.72033 7.67664 6.90759 6.73642 7.37474 7.70005 7.47191 8.239 8.46247 8.12201 8.49755 -9999 -9999 -9999 -9999 8.72167 8.773 8.81215 8.29008 5.52056 3.62954 1.93157 1.77944 -9999 -9999 -9999 -9999 -9999 -9999
-9999 -9999 11.7404 12.3061 12.5926 12.6395 13.1345 13.6255 13.9331 14.152 14.1063 14.0871 14.0668 13.8923 13.4886 13.5607 13.5282 13.2936 11.896 10.2651 10.9787 10.0146 7.94253 9.63782 10.5677 9.68284 7.70245 5.40523 4.6595 4.70199 3.57191 2.11461 -9999 -9999 -9999 3.37328 4.57206 4.67749 5.03229 6.15025 7.00171 7.64781 8.08738 8.08003 7.62825 6.87642 6.0587 6.35627 7.83976 8.20412 8.52468 8.75613 8.43999 8.60277 8.99866 9.20315 9.24457 9.15146 9.13026 9.16284 9.11613 8.62873 6.15568 4.73869 3.83523 2.01962 -9999 -9999 -9999 -9999 -9999 -9999
-9999 -9999 11.3748 11.8671 12.2658 12.9254 12.9955 13.4131 13.6579 14.029 14.0694 13.6369 13.9919 13.9446 13.877 13.7351 13.528 12.3478 10.7216 9.09198 8.34109 8.66419 7.41935 8.06949 9.01183 8.67736 7.46266 5.41667 5.13085 4.66051 2.76681 0.93585 -9999 -9999 1.04126 3.34012 4.95913 5.79489 6.05492 6.08173 7.15382 7.24093 8.39605 8.13218 6.61717 6.7933 6.21069 6.59936 7.14332 7.29598 8.08537 8.8439 8.98689 8.99084 9.24287 9.29454 9.30762 9.30082 9.12997 9.2082 9.22058 8.91691 7.12211 6.24759 5.28674 2.03011 -9999 -9999 -9999 -9999 -9999 -9999
-9999 -9999 11.6151 12.1652 12.7672 12.8653 13.3108 13.2666 13.1372 13.7572 13.9859 13.6799 13.4592 13.8615 13.8323 13.778 13.6895 12.5805 11.2977 9.35572 8.15037 7.41407 6.89298 6.20103 6.68704 6.54374 6.35015 6.58116 6.02519 4.90702 3.79496 1.71727 0.589873 -9999 1.15783 2.19508 4.1202 5.7567 6.79633 6.42474 7.64344 7.8722 8.57863 8.17127 7.25466 6.86047 6.83012 6.71366 7.53759 8.09776 8.49549 8.75767 9.08747 9.17033 9.25306 9.2873 9.30562 9.32417 9.31964 9.31309 9.27697 9.16314 8.33835 7.46763 5.5804 2.12965 -9999 -9999 -9999 -9999 -9999 -9999
-9999 10.0033 11.544 12.4659 12.8234 13.0814 13.3084 13.4724 13.6421 13.8036 13.9136 13.8666 13.0587 13.1228 13.2662 13.7228 13.6898 13.59 12.8892 10.5259 9.71028 8.5187 6.97534 6.33786 6.66557 7.93821 7.88611 7.05069 6.11883 4.83108 4.01369 2.73662 0.287139 0.50762 1.61274 2.43498 3.74311 5.74311 7.14582 7.77295 8.01158 8.50799 8.76822 8.20696 7.67733 7.45667 7.04351 6.98991 6.99836 7.4982 7.89317 8.75977 9.05056 9.18681 9.25426 9.29015 9.31593 9.34125 9.34973 9.33297 9.33391 9.32761 9.26933 8.10716 5.19667 3.00503 -9999 -9999 -9999 -9999 -9999 -9999
-9999 -9999 11.2523 11.6588 11.766 11.9523 12.3322 12.7698 13.3872 13.4666 13.8074 13.8052 13.1102 12.3061 13.0034 13.2799 13.5672 13.5762 13.487 11.5003 10.4631 9.64769 8.16819 8.71234 9.22555 9.26915 8.96738 7.17162 5.3828 3.3213 1.39265 1.30238 0.266169 0.819015 1.54866 3.42297 4.74204 5.27714 5.6621 7.69638 8.22763 8.41179 8.93596 8.23075 8.0591 7.5315 7.69594 7.6552 7.66406 6.19214 7.68351 7.77481 8.7433 9.1822 9.28302 9.30945 9.33736 9.34121 9.34617 9.34134 9.35105 9.33782 9.32235 8.56728 4.87689 3.02457 -9999 -9999 -9999 -9999 -9999 -9999
-9999 -9999 -9999 -9999 11.3768 11.6866 11.8851 12.2277 13.2749 13.5573 13.7445 13.7595 13.4486 12.6537 12.443 12.5874 11.8121 12.4608 13.3483 13.328 13.2231 11.4791 10.5935 11.4639 11.2061 9.89782 8.86926 7.85394 5.75921 4.22857 2.01801 0.358049 0.2969 2.13209 3.65764 5.55411 6.39064 5.91391 6.43056 7.44138 8.59042 9.14801 9.02108 8.2775 8.18087 7.36439 8.17893 8.25442 7.88467 7.56564 7.70448 8.18611 8.3715 9.1292 9.31356 9.34834 9.35342 9.35571 9.3517 9.34682 9.33768 9.3301 9.32031 9.2874 5.4939 2.54281 -9999 -9999 -9999 -9999 -9999 -9999
-9999 -9999 -9999 -9999 10.6414 10.8305 11.3255 12.5952 13.257 13.5253 13.5155 13.6388 13.4192 12.7191 12.0006 11.323 10.4501 10.9494 12.2705 13.0506 13.1417 11.6134 12.4187 12.1254 11.5425 9.83004 8.56938 7.90332 5.89268 4.17344 2.70395 0.672997 1.54431 2.503 3.73349 5.80365 7.19958 7.77306 7.29171 7.93838 9.26018 9.27053 8.55259 8.60422 8.17265 7.05479 8.2314 8.5672 8.30819 8.38318 8.29375 8.47578 8.80309 9.11547 9.3231 9.3516 9.35507 9.34737 9.34607 9.34616 9.33131 9.33266 9.32271 9.3045 6.85636 2.47991 -9999 -9999 -9999 -9999 -9999 -9999
-9999 -9999 -9999 -9999 -9999 9.97294 11.1016 12.787 13.2023 13.164 13.5115 13.5406 13.2043 12.912 12.04 10.8492 8.56337 9.14591 10.362 12.116 13.0394 12.9185 12.4143 11.5295 9.38162 7.50262 7.27917 6.97589 5.50992 4.1875 2.55354 3.50467 4.54554 5.68335 6.28092 6.12548 7.32165 8.297 7.88294 8.67585 9.60158 9.18555 8.9416 8.73833 8.23824 8.21379 8.27342 8.9446 8.49144 8.78037 8.79717 8.78575 8.94693 9.13101 9.32331 9.35526 9.35553 9.35782 9.33465 9.34167 9.33037 9.31969 9.31042 9.2948 9.07452 6.71766 5.31011 -9999 -9999 -9999 -9999 -9999
-9999 -9999 -9999 -9999 -9999 8.9261 9.48932 11.4854 12.0987 12.9805 13.4482 13.469 12.902 12.5856 11.2868 10.865 8.75034 7.79402 8.6074 8.29829 10.7134 12.8515 12.395 8.0906 6.53502 5.42711 5.71847 5.7264 5.32191 3.06601 2.4457 4.47447 5.7521 6.74165 7.49184 7.64778 7.62135 9.14684 9.3506 9.84742 9.74142 9.7901 9.02318 8.55083 8.97522 8.50093 8.42536 9.11846 8.44904 9.06696 9.00459 8.8257 8.81996 9.22567 9.30912 9.35296 9.35546 9.33881 9.31716 9.30537 9.31802 9.31199 9.2902 9.29233 9.27178 8.99232 7.77376 7.3492 7.82389 -9999 -9999 -9999
-9999 -9999 -9999 -9999 -9999 -9999 7.62196 10.396 11.6601 12.3259 13.2631 13.3755 13.0734 12.5268 11.2041 10.041 8.1506 5.99217 4.85152 8.27505 11.2557 12.8132 12.6171 9.03476 7.62416 7.56379 8.4029 7.70447 7.17574 5.46311 4.95274 4.24127 4.68346 6.06244 7.18826 8.27369 9.06236 9.126 9.63738 9.935 9.96079 10.0555 9.96829 9.89862 9.16276 9.68241 9.25289 9.49076 9.34839 9.22034 9.11458 8.69383 8.99833 9.26753 9.33812 9.36008 9.34379 9.33917 9.32653 9.29994 9.29029 9.28851 9.28641 9.27363 9.27467 9.26243 9.1274 8.39502 7.41393 6.1739 -9999 -9999
-9999 -9999 -9999 -9999 -9999 -9999 6.23022 8.99067 10.3175 12.0297 12.9096 13.267 13.2192 12.7763 11.7712 10.2589 8.99915 6.58966 4.08825 7.68154 10.8859 12.6154 12.7105 9.70518 10.5459 9.87547 10.1531 8.92147 8.41252 8.01332 7.12894 6.16085 5.10066 4.5402 7.06736 8.36471 9.40829 9.89988 10.1775 10.3159 10.244 10.0604 8.94153 9.80085 9.7626 9.68292 9.59113 9.54998 9.46759 9.3693 9.31755 9.30018 9.0215 9.34503 9.33907 9.34399 9.34531 9.33609 9.31883 9.30329 9.2844 9.28578 9.27793 9.26759 9.26105 9.25802 9.25052 9.21187 9.01857 7.35262 6.35678 6.08169
-9999 -9999 -9999 -9999 -9999 -9999 2.3454 6.3613 9.58403 11.2698 12.6419 13.0185 13.1588 12.5649 12.1206 11.0365 10.0101 8.42703 6.05628 4.59725 7.2891 11.2002 12.6482 12.5448 12.4592 11.6829 10.9839 10.8997 10.9571 10.1448 8.95438 7.39755 6.91312 6.36773 8.25026 8.50558 8.36769 10.4362 10.4403 10.3222 9.53051 8.64881 8.81888 8.28038 8.70767 8.05856 8.66525 9.19065 9.39046 9.37994 9.32066 9.31706 9.28931 9.34707 9.34757 9.33925 9.33229 9.32788 9.31892 9.29337 9.27812 9.28533 9.27155 9.25903 9.25248 9.25172 9.24858 9.22021 9.19465 8.93981 8.5558 7.8255
-9999 -9999 -9999 -9999 -9999 -9999 2.50996 5.88401 8.74941 10.4683 12.1204 12.5034 13.0605 12.9397 12.4745 11.5322 10.3552 9.05235 7.01848 5.5074 7.30716 9.90614 11.7672 12.4425 12.4434 12.403 12.2306 12.161 11.9598 11.8201 10.9673 9.49697 8.66637 7.44934 9.54733 9.78276 9.45438 10.5006 10.4475 8.86415 7.64705 7.49592 8.24466 7.54081 7.42322 6.99554 7.49721 8.83386 8.45054 8.53249 9.14603 9.24927 9.31585 9.33515 9.33237 9.33021 9.32002 9.32107 9.32162 9.29673 9.28443 9.27773 9.2537 9.25351 9.23768 9.22655 9.22251 9.20777 9.18445 9.11295 9.03012 9.11915
-9999 -9999 -9999 -9999 -9999 -9999 2.56938 4.83996 7.41855 9.94938 11.7137 12.4252 12.943 12.9371 12.3965 11.928 11.1901 10.0439 9.25805 7.89389 6.02186 9.16405 10.1317 11.0003 11.3639 12.2638 12.2461 11.8397 11.3721 11.8177 11.6909 10.5272 10.1455 9.49926 10.6664 10.6693 10.6368 10.5738 9.23609 7.377 5.89132 6.9611 6.73888 7.23745 5.72343 6.97812 7.98941 8.32082 7.64974 7.14662 8.72627 8.99005 9.1474 9.24858 9.31515 9.30028 9.31661 9.30715 9.30193 9.29597 9.28148 9.27233 9.25784 9.24332 9.23523 9.22589 9.20881 9.18217 9.18218 9.15124 9.13761 9.12912
-9999 -9999 -9999 -9999 -9999 -9999 -9999 3.48892 6.75781 9.67621 11.301 12.3227 12.8203 12.811 12.5345 12.2163 11.7586 10.9316 9.893 8.25207 7.03448 7.8094 8.75753 8.8733 9.50424 11.328 11.9535 11.0758 8.9028 10.1932 11.6303 11.6091 11.4885 11.3528 11.1789 11.0213 10.6757 9.75004 6.91451 6.35601 5.24404 5.37113 4.80175 6.05633 5.59725 6.88094 7.43961 7.65321 6.47379 6.73459 8.13063 8.68462 8.59622 8.93664 9.26592 9.27758 9.2874 9.27917 9.28588 9.28796 9.28199 9.26192 9.25051 9.24217 9.22177 9.22516 9.12052 9.0532 8.91585 9.0895 9.10788 9.12261
-9999 -9999 -9999 -9999 -9999 -9999 -9999 2.83075 6.0929 9.52976 10.6333 11.7348 12.6854 12.7037 12.2814 11.8798 11.4662 10.9955 9.73574 8.51445 7.34886 6.95859 7.19527 7.18902 8.2074 10.582 11.0443 10.8517 8.58324 7.81549 9.73414 11.3467 11.4751 11.3303 9.43587 9.84015 8.81806 7.4316 7.05017 6.44356 5.16152 5.77977 4.84159 5.24613 5.15246 5.88233 6.24013 7.10829 6.08045 6.09524 7.46598 8.15801 8.17813 8.90355 9.16333 9.23241 9.25046 9.26325 9.26659 9.27793 9.27111 9.26032 9.2462 9.21187 9.1301 8.88411 7.5143 7.51736 7.89537 8.2534 8.908 9.09196
-9999 -9999 -9999 -9999 -9999 -9999 -9999 3.19903 5.46272 8.51224 10.7711 10.9131 12.0112 12.578 12.1188 11.6019 11.0732 10.8422 9.4712 7.96545 6.74926 5.30985 5.54866 6.58484 8.28955 9.82413 10.1009 9.78703 8.57474 9.15334 10.4623 11.1581 11.3643 11.2044 10.7926 10.5548 9.80237 9.47648 8.4312 6.79666 6.15336 6.56219 4.8277 4.95071 5.5947 4.9281 6.05531 6.59658 5.26767 6.3384 7.54909 8.16939 8.71182 8.96967 9.07348 9.23123 9.23655 9.25051 9.25817 9.25619 9.25628 9.23109 9.21032 9.06502 8.85078 7.57307 7.04925 7.15506 7.74763 8.26686 8.81556 9.03855
-9999 -9999 -9999 -9999 -9999 -9999 -9999 3.57558 5.61362 8.2577 9.86818 10.1563 11.3741 12.4569 12.3359 11.7981 11.6344 11.0773 9.91468 8.63064 7.22735 6.54584 4.97789 6.52457 7.75991 9.05956 9.66893 8.67443 8.17336 9.06674 9.95472 10.3103 11.2067 11.1995 10.9088 9.65229 9.03986 9.29964 9.03685 8.57623 7.45162 7.40255 6.68093 6.38313 6.10229 5.19882 5.78768 5.84928 6.0148 7.29386 7.92513 8.34448 8.72591 8.82759 8.99427 9.20966 9.22973 9.23834 9.23805 9.24252 9.22715 9.16665 9.11575 8.82334 8.30548 7.33879 5.78019 6.88692 8.04432 8.3919 8.73411 8.90978
-9999 -9999 -9999 -9999 -9999 -9999 -9999 3.21895 5.38385 7.64354 8.58825 8.74857 10.9526 12.3021 12.3044 12.0495 11.7518 10.3755 10.4567 10.1819 8.91611 7.07215 5.0471 5.23861 6.45564 8.17407 8.74316 7.09367 6.51015 6.94288 8.28439 9.48524 10.7388 11.0581 10.6918 8.73538 6.65616 7.62166 8.65326 8.6484 8.34696 7.30435 6.9743 6.67592 5.91629 4.6351 4.83402 5.19527 6.65014 7.10879 7.81587 8.4034 8.18502 8.31607 8.87756 9.20023 9.21359 9.22031 9.23168 9.22495 9.20632 9.08574 8.95806 8.74347 7.39239 6.55275 5.33212 6.76369 7.55306 7.9804 8.73183 8.91179
-9999 -9999 -9999 -9999 -9999 -9999 -9999 2.53921 4.11013 6.26986 7.14018 8.52853 10.6113 11.6356 12.1266 12.1159 11.9175 11.3014 10.9312 10.2014 8.88456 7.08383 5.08222 3.77974 4.44399 6.76253 7.3137 5.78908 5.01371 5.98344 7.41279 9.52829 10.7375 10.9017 10.7935 10.3908 8.87301 7.03906 7.0462 7.96744 7.19858 6.30493 6.79861 6.70919 5.9591 5.41421 5.09655 5.31176 6.1423 6.48447 7.30065 8.50404 8.67812 8.64587 9.15323 9.17996 9.193 9.21312 9.2134 9.20954 9.19508 9.09707 8.87666 7.97771 7.19403 6.10351 5.96981 7.24685 7.80402 8.3255 8.69465 8.81559
-9999 -9999 -9999 -9999 -9999 -9999 -9999 1.37566 3.2238 5.24684 7.14108 8.93323 10.4756 10.5947 11.4082 11.4072 11.8336 11.7118 11.1408 10.5263 9.39175 7.07824 5.13317 3.01193 3.57277 5.93363 6.2515 5.2292 3.33893 5.294 7.44976 9.40355 10.4617 9.63405 10.4842 10.4154 9.84721 8.75586 7.05854 7.09174 5.82023 5.76622 6.4214 6.63529 6.52831 6.11976 5.47287 5.60007 6.10725 6.23647 6.98651 7.92033 8.83317 8.98792 9.16318 9.172 9.17604 9.19133 9.19414 9.17608 9.13039 9.02806 8.27472 7.3787 6.82727 6.06799 5.97715 7.44156 8.03492 8.36468 8.68379 8.81031
-9999 -9999 -9999 -9999 -9999 -9999 -9999 -9999 3.02448 5.11435 6.6607 7.07687 8.44774 9.18791 9.7607 9.88765 11.5226 11.613 11.2511 10.6867 9.71922 7.9639 6.74129 4.70662 3.24454 3.85897 4.1462 4.68552 4.52842 5.40101 7.47246 9.6304 9.86664 8.49733 8.70105 8.98852 9.63185 9.30678 6.99374 5.81916 4.84452 5.53914 6.26997 6.44817 6.48538 6.34669 6.19793 5.93414 6.9117 7.63548 7.80471 8.43577 8.90199 9.03177 9.12979 9.14298 9.15629 9.15759 9.13163 9.1131 8.99763 8.73753 7.89494 5.86695 5.96313 5.74514 5.11546 6.54656 7.46185 8.26894 8.69828 8.80982
-9999 -9999 -9999 -9999 -9999 -9999 -9999 -9999 2.31865 4.73659 5.24696 5.20855 4.40744 4.77572 7.74388 8.34149 9.90946 11.3943 11.2857 10.732 9.82689 8.78185 7.16352 4.87508 3.05701 2.29767 4.2645 6.19104 6.58937 7.20439 8.474 8.71597 7.31643 6.00397 6.74191 7.18666 8.87946 9.18908 8.8611 7.46794 5.87505 5.04431 6.02813 6.16112 6.22188 6.23545 6.21247 6.18559 7.296 7.90643 8.33029 8.56169 8.96205 9.06545 9.09934 9.13124 9.12514 9.10568 9.0438 8.97334 8.65912 8.27856 6.89782 5.74701 5.03007 4.11966 6.17713 6.7911 7.64386 8.19871 8.62588 8.72028
