Test_Spring_2018/04_18/Temp/20180405_008.txt
ncols	170
nrows	115
xllcorner	350000.000000
yllcorner	4445000.000000
cellsize	1000.000000
nodata_value	-9999.000000
[rows 32 to 63 of 115, columns 72 to 143 of 170]
15.4765 15.445 15.5187 15.5872 15.5507 15.5267 15.6305 15.6395 15.6156 15.5474 15.5284 15.5085 15.5002 15.4103 15.1406 14.8982 15.0426 15.055 14.9705 15.1465 15.0663 14.8435 14.5255 14.7098 14.6709 14.4349 14.3795 -9999 -9999 -9999 -9999 -9999 -9999 -9999 -9999 -9999 -9999 -9999 -9999 -9999 -9999 -9999 -9999 -9999 -9999 -9999 -9999 -9999 -9999 -9999 -9999 -9999 -9999 -9999 -9999 -9999 -9999 -9999 -9999 -9999 -9999 -9999 -9999 -9999 -9999 -9999 -9999 -9999 -9999 -9999 -9999 -9999
15.4194 15.4115 15.5165 15.5242 15.5192 15.5517 15.6188 15.6398 15.636 15.6114 15.5915 15.5699 15.5004 15.3961 15.1665 14.8893 14.8336 14.9832 14.9989 15.0301 14.958 14.8648 14.7143 14.8515 14.9093 14.7583 14.5554 14.4258 -9999 -9999 -9999 -9999 -9999 -9999 -9999 -9999 -9999 -9999 -9999 -9999 -9999 -9999 -9999 -9999 -9999 -9999 -9999 -9999 -9999 -9999 -9999 -9999 -9999 -9999 -9999 -9999 -9999 -9999 -9999 -9999 -9999 -9999 -9999 -9999 -9999 -9999 -9999 -9999 -9999 -9999 -9999 -9999
15.3518 15.2695 15.3367 15.3894 15.4614 15.487 15.5078 15.6302 15.6332 15.6372 15.598 15.5687 15.5141 15.414 15.2674 15.0889 14.771 14.9821 15.1492 15.154 15.1539 15.0912 14.9471 15.0821 15.0956 14.8973 14.6684 14.5463 14.5004 -9999 -9999 -9999 -9999 -9999 -9999 -9999 -9999 -9999 -9999 -9999 -9999 -9999 -9999 -9999 -9999 -9999 -9999 -9999 -9999 -9999 -9999 -9999 -9999 -9999 -9999 -9999 -9999 -9999 -9999 -9999 -9999 -9999 -9999 -9999 -9999 -9999 -9999 -9999 -9999 -9999 -9999 -9999
15.2753 15.1726 15.2401 15.3268 15.4351 15.4911 15.5402 15.583 15.6266 15.6316 15.5912 15.4541 15.4426 15.4459 15.3533 15.1485 14.9439 14.8978 15.1481 15.2261 15.2207 15.2829 15.1621 15.2308 15.2134 15.146 14.9272 14.7342 14.662 14.5118 -9999 -9999 -9999 -9999 -9999 -9999 -9999 -9999 -9999 -9999 -9999 -9999 -9999 -9999 -9999 -9999 -9999 -9999 -9999 -9999 -9999 -9999 -9999 -9999 -9999 -9999 -9999 -9999 -9999 -9999 -9999 -9999 -9999 -9999 -9999 -9999 -9999 -9999 -9999 -9999 -9999 -9999
-9999 -9999 15.1104 15.2154 15.3095 15.4173 15.5151 15.5697 15.6232 15.6286 15.5386 15.4994 15.5046 15.4472 15.3389 15.2745 15.1493 15.0184 15.0813 15.2959 15.2132 15.3674 15.3632 15.3978 15.3079 15.1161 14.8721 14.7286 14.6647 14.5445 -9999 -9999 -9999 -9999 -9999 -9999 -9999 -9999 -9999 -9999 -9999 -9999 -9999 -9999 -9999 -9999 -9999 -9999 -9999 -9999 -9999 -9999 -9999 -9999 -9999 -9999 -9999 -9999 -9999 -9999 -9999 -9999 -9999 -9999 -9999 -9999 -9999 -9999 -9999 -9999 -9999 -9999
-9999 -9999 -9999 15.1952 15.2685 15.4191 15.4916 15.5299 15.6106 15.6196 15.5911 15.572 15.5402 15.4961 15.4171 15.3291 15.212 15.2099 15.3508 15.3616 15.343 15.3731 15.4488 15.4387 15.2896 15.0284 14.898 14.6141 14.502 14.522 14.4453 -9999 -9999 -9999 -9999 -9999 -9999 -9999 -9999 -9999 -9999 -9999 -9999 14.9013 -9999 -9999 -9999 -9999 -9999 -9999 -9999 -9999 -9999 -9999 -9999 -9999 -9999 -9999 -9999 -9999 -9999 -9999 -9999 -9999 14.6113 -9999 -9999 -9999 -9999 -9999 -9999 -9999
-9999 -9999 15.1816 15.2687 15.3462 15.4435 15.4541 15.5128 15.6041 15.614 15.5963 15.5754 15.5172 15.5101 15.4694 15.3731 15.3613 15.4141 15.4434 15.4752 15.4979 15.4952 15.4759 15.4482 15.3446 15.2309 15.1567 14.9041 14.7753 14.6593 14.4803 14.3423 -9999 -9999 -9999 -9999 -9999 -9999 -9999 14.7592 14.7633 14.7777 14.8297 14.9538 14.8981 -9999 -9999 -9999 -9999 -9999 -9999 -9999 -9999 -9999 -9999 -9999 -9999 -9999 -9999 -9999 -9999 -9999 -9999 -9999 14.7143 14.579 -9999 -9999 -9999 -9999 -9999 -9999
-9999 -9999 15.1952 15.2969 15.3516 15.4461 15.5035 15.5356 15.5726 15.6086 15.6128 15.5887 15.5475 15.5576 15.4977 15.4701 15.4533 15.5215 15.5427 15.5288 15.5085 15.4911 15.4258 15.4248 15.395 15.325 15.2057 15.0825 14.8916 14.6451 14.4039 14.2113 -9999 -9999 -9999 -9999 -9999 -9999 14.7677 14.873 14.9406 14.8322 14.9457 15.0503 15.0463 14.957 -9999 -9999 -9999 -9999 -9999 -9999 -9999 -9999 -9999 -9999 -9999 -9999 -9999 -9999 15.3652 15.2262 14.9333 14.789 14.7072 14.5852 -9999 -9999 -9999 -9999 -9999 -9999
-9999 -9999 15.1768 15.295 15.3774 15.4514 15.4696 15.5428 15.5751 15.5983 15.6054 15.6079 15.6082 15.5571 15.541 15.4592 15.5577 15.5645 15.5521 15.4734 15.4441 15.301 15.2421 15.2224 15.3564 15.2683 15.0775 14.8375 14.5413 14.5258 14.4353 14.2638 -9999 -9999 -9999 -9999 -9999 -9999 14.7951 14.9072 15.0027 15.0265 14.919 15.0964 15.0923 15.0102 14.9998 15.0866 15.1358 15.112 15.2132 15.251 15.2212 15.2776 -9999 -9999 -9999 -9999 15.3627 15.3808 15.3973 15.3464 15.0254 14.8099 14.6176 14.6085 -9999 -9999 -9999 -9999 -9999 -9999
-9999 -9999 15.2534 15.3289 15.3706 15.3834 15.4502 15.5145 15.5541 15.5871 15.5907 15.5979 15.6054 15.5948 15.5568 15.5761 15.5828 15.565 15.407 15.2205 15.3151 15.2081 14.9603 15.1649 15.2822 15.1811 14.9481 14.677 14.5856 14.593 14.464 14.2956 -9999 -9999 -9999 14.4842 14.6391 14.6629 14.7171 14.863 14.9769 15.0661 15.1302 15.1331 15.0879 15.0078 14.9196 14.9654 15.1537 15.2075 15.2488 15.2875 15.2606 15.2923 15.3513 15.3875 15.4042 15.4048 15.4142 15.43 15.4364 15.3898 15.1035 14.9451 14.8483 14.6425 -9999 -9999 -9999 -9999 -9999 -9999
-9999 -9999 15.207 15.2734 15.3283 15.4152 15.4307 15.4882 15.5233 15.5722 15.5862 15.5438 15.5966 15.6015 15.6042 15.5981 15.5841 15.4529 15.2676 15.0813 14.9999 15.0419 14.8992 14.9785 15.097 15.061 14.917 14.6758 14.6463 14.5891 14.3652 14.1526 -9999 -9999 14.1921 14.4788 14.6844 14.7964 14.8394 14.8545 14.9953 15.0175 15.1678 15.141 14.9682 14.9997 14.9392 14.9958 15.0715 15.0997 15.1995 15.3001 15.3283 15.34 15.3818 15.3996 15.4129 15.424 15.4155 15.4369 15.4505 15.426 15.2223 15.1292 15.0237 14.6468 -9999 -9999 -9999 -9999 -9999 -9999
-9999 -9999 15.2347 15.3075 15.3866 15.4052 15.4658 15.4703 15.4603 15.5429 15.5762 15.5492 15.533 15.5921 15.5998 15.6045 15.6051 15.4826 15.3388 15.1151 14.979 14.8941 14.8381 14.753 14.8163 14.8036 14.7846 14.8167 14.7528 14.6175 14.4899 14.2451 14.1176 -9999 14.2046 14.3398 14.5825 14.7909 14.928 14.8956 15.0543 15.0938 15.1851 15.1471 15.0463 15.0093 15.0158 15.0117 15.1206 15.197 15.2498 15.292 15.3415 15.3626 15.384 15.3997 15.4138 15.428 15.4395 15.4508 15.4587 15.4571 15.3701 15.2759 15.0609 14.6606 -9999 -9999 -9999 -9999 -9999 -9999
-9999 15.0421 15.228 15.345 15.3943 15.4318 15.4658 15.4926 15.5188 15.5482 15.5701 15.572 15.4854 15.5042 15.5329 15.5993 15.6068 15.6059 15.5322 15.2579 15.1654 15.0266 14.8472 14.7715 14.8152 14.9721 14.9696 14.873 14.7649 14.6093 14.5148 14.3679 14.0799 14.1153 14.2579 14.3675 14.5362 14.7887 14.9697 15.0576 15.0988 15.1666 15.2093 15.1528 15.0987 15.0824 15.0428 15.0462 15.0569 15.1266 15.1794 15.2932 15.3389 15.3656 15.3851 15.4011 15.416 15.4311 15.4443 15.4545 15.4669 15.4783 15.4823 15.3545 15.0182 14.7691 -9999 -9999 -9999 -9999 -9999 -9999
-9999 -9999 15.1946 15.2493 15.2682 15.2967 15.3488 15.4083 15.4883 15.5062 15.5563 15.5667 15.4924 15.407 15.5026 15.5476 15.5939 15.6063 15.6062 15.3731 15.2562 15.1649 14.9928 15.0588 15.1244 15.1331 15.1001 14.8875 14.6759 14.4272 14.2006 14.1959 14.0773 14.1517 14.2493 14.4855 14.6557 14.7323 14.7913 15.0486 15.1224 15.1563 15.2308 15.1571 15.1461 15.0929 15.1226 15.1274 15.138 14.9706 15.1553 15.1766 15.3036 15.3666 15.3896 15.4044 15.4197 15.4322 15.445 15.4568 15.4703 15.4801 15.4913 15.4129 14.9815 14.7731 -9999 -9999 -9999 -9999 -9999 -9999
-9999 -9999 -9999 -9999 15.2223 15.2655 15.2956 15.3436 15.4752 15.5175 15.5492 15.561 15.5344 15.45 15.4366 15.466 15.3848 15.4735 15.5892 15.5954 15.5904 15.3873 15.2827 15.3914 15.3639 15.2097 15.089 14.9698 14.7211 14.536 14.2753 14.0818 14.0815 14.3103 14.5024 14.7414 14.8538 14.809 14.884 15.0168 15.1672 15.2462 15.2425 15.1642 15.1623 15.0743 15.1821 15.2008 15.1658 15.1368 15.159 15.2272 15.2599 15.3618 15.395 15.4102 15.4227 15.4351 15.4469 15.4587 15.47 15.4815 15.4927 15.5011 15.0574 14.7169 -9999 -9999 -9999 -9999 -9999 -9999
-9999 -9999 -9999 -9999 15.1348 15.1633 15.229 15.3884 15.4737 15.5144 15.5225 15.5475 15.532 15.4594 15.385 15.3157 15.2224 15.2932 15.4618 15.5643 15.5827 15.4053 15.5038 15.4725 15.4057 15.2027 15.0539 14.9764 14.7376 14.5298 14.358 14.1198 14.2315 14.3549 14.5124 14.7718 14.9516 15.0331 14.9875 15.0778 15.2491 15.2623 15.1877 15.205 15.1628 15.0386 15.1899 15.2398 15.218 15.2363 15.2312 15.2633 15.313 15.3613 15.3973 15.4121 15.4242 15.4354 15.4475 15.46 15.4707 15.4833 15.4946 15.5048 15.2229 14.7111 -9999 -9999 -9999 -9999 -9999 -9999
-9999 -9999 -9999 -9999 -9999 15.0609 15.2029 15.4123 15.4681 15.472 15.5232 15.5369 15.5075 15.484 15.3912 15.2603 14.9972 15.0781 15.234 15.4535 15.5719 15.5636 15.5047 15.4021 15.1472 14.9242 14.8999 14.866 14.6926 14.5325 14.341 14.4611 14.5932 14.7383 14.8197 14.8118 14.9675 15.0972 15.06 15.1679 15.2916 15.2536 15.236 15.2227 15.1723 15.1795 15.1965 15.2867 15.2416 15.2856 15.2932 15.302 15.3318 15.3646 15.3987 15.4139 15.4257 15.4381 15.4476 15.4609 15.4721 15.4833 15.4948 15.5054 15.4913 15.2222 15.0655 -9999 -9999 -9999 -9999 -9999
-9999 -9999 -9999 -9999 -9999 14.9358 15.0099 15.2568 15.3366 15.4512 15.517 15.5298 15.4727 15.4459 15.3018 15.2633 15.0209 14.9165 15.024 14.9955 15.2931 15.5564 15.5032 14.9897 14.8061 14.6759 14.7136 14.7173 14.6717 14.3995 14.3299 14.5797 14.7403 14.8676 14.9673 14.9966 15.0054 15.2013 15.2381 15.3104 15.31 15.3279 15.2473 15.2017 15.2624 15.2156 15.2164 15.3093 15.2382 15.3217 15.3198 15.3085 15.3182 15.3777 15.3987 15.4153 15.4274 15.4375 15.4473 15.4582 15.4722 15.4841 15.4941 15.5068 15.5168 15.4975 15.3635 15.3247 15.3938 -9999 -9999 -9999
-9999 -9999 -9999 -9999 -9999 -9999 14.7864 15.127 15.2851 15.374 15.4963 15.5202 15.4927 15.4393 15.2927 15.1649 14.9493 14.7007 14.5728 14.9928 15.3585 15.5521 15.5302 15.1038 14.9379 14.9338 15.0378 14.9569 14.8966 14.6899 14.6338 14.5544 14.6148 14.7874 14.9329 15.0745 15.1811 15.2012 15.2755 15.3227 15.3381 15.3614 15.3625 15.3653 15.2866 15.3592 15.3175 15.3558 15.3481 15.3421 15.335 15.2946 15.3417 15.3847 15.4042 15.4182 15.428 15.4395 15.4503 15.4598 15.4707 15.4831 15.4954 15.5065 15.519 15.5319 15.5282 15.4524 15.3466 15.2094 -9999 -9999
-9999 -9999 -9999 -9999 -9999 -9999 14.62 14.9593 15.1251 15.3399 15.4529 15.5049 15.511 15.4699 15.3612 15.1913 15.0512 14.7723 14.4814 14.9228 15.3138 15.5282 15.5452 15.1847 15.2898 15.2129 15.2497 15.1053 15.0479 14.9992 14.8985 14.7886 14.666 14.6077 14.9216 15.0886 15.2257 15.297 15.343 15.3724 15.3748 15.3637 15.2408 15.3552 15.3603 15.361 15.36 15.3648 15.3645 15.3622 15.3615 15.3697 15.3467 15.3955 15.4066 15.4186 15.4305 15.4414 15.4517 15.4624 15.4729 15.4853 15.4964 15.5077 15.5194 15.5334 15.545 15.5527 15.5415 15.3532 15.2452 15.2229
-9999 -9999 -9999 -9999 -9999 -9999 14.1539 14.6444 15.0345 15.2468 15.4192 15.4757 15.5042 15.4447 15.4032 15.2845 15.1722 14.9925 14.7172 14.5507 14.8829 15.36 15.5376 15.5261 15.5203 15.4313 15.3513 15.3454 15.3566 15.2585 15.1173 14.9376 14.8873 14.8311 15.0675 15.109 15.104 15.3647 15.3775 15.3758 15.2931 15.1971 15.2293 15.1742 15.2352 15.1675 15.2506 15.3236 15.3574 15.3658 15.3641 15.3728 15.3802 15.399 15.4102 15.4207 15.4315 15.443 15.4542 15.4637 15.4746 15.4882 15.4986 15.5098 15.5205 15.5349 15.547 15.5559 15.5649 15.5462 15.5118 15.4348
-9999 -9999 -9999 -9999 -9999 -9999 14.1702 14.5816 14.9351 15.1478 15.357 15.4142 15.4926 15.4897 15.4454 15.3434 15.2129 15.0666 14.8318 14.6591 14.8835 15.2038 15.4339 15.5161 15.519 15.519 15.503 15.4947 15.4756 15.4584 15.3628 15.1932 15.1019 14.965 15.2272 15.2663 15.2382 15.3757 15.3814 15.2034 15.0693 15.0631 15.1621 15.0888 15.0842 15.0416 15.1121 15.2828 15.2454 15.2651 15.344 15.3671 15.387 15.4003 15.4112 15.4224 15.4329 15.445 15.4573 15.4668 15.4779 15.4898 15.4997 15.5114 15.5221 15.5355 15.5461 15.5567 15.566 15.5694 15.5721 15.5936
-9999 -9999 -9999 -9999 -9999 -9999 14.1762 14.4566 14.7759 15.0857 15.3084 15.4049 15.4784 15.489 15.4354 15.3902 15.3122 15.1846 15.0998 14.9447 14.728 15.1132 15.237 15.3427 15.3876 15.5007 15.5035 15.4597 15.4012 15.4614 15.4525 15.3207 15.2835 15.2153 15.3657 15.3767 15.384 15.388 15.239 15.0275 14.8609 15.0013 14.9862 15.0542 14.8817 15.042 15.1739 15.2238 15.1515 15.1011 15.296 15.3398 15.3696 15.3928 15.4121 15.4218 15.4355 15.4464 15.4579 15.4696 15.4804 15.4919 15.5028 15.5137 15.5242 15.5379 15.5484 15.5587 15.5709 15.5775 15.5877 15.5975
-9999 -9999 -9999 -9999 -9999 -9999 -9999 14.2926 14.6899 15.0509 15.2568 15.3905 15.4615 15.4716 15.4494 15.422 15.3774 15.288 15.1726 14.9841 14.8459 14.9466 15.068 15.083 15.1646 15.3894 15.4701 15.3703 15.1077 15.2682 15.4486 15.4543 15.4486 15.4417 15.4311 15.4228 15.3923 15.2924 14.9631 14.9073 14.7853 14.8121 14.7551 14.9133 14.8675 15.0323 15.1099 15.1458 15.0143 15.0497 15.2295 15.3069 15.3072 15.3592 15.4093 15.4222 15.4351 15.4461 15.4591 15.4716 15.4834 15.4944 15.5056 15.5173 15.5262 15.5415 15.5415 15.5459 15.5416 15.5745 15.5885 15.6056
-9999 -9999 -9999 -9999 -9999 -9999 -9999 14.2077 14.6096 15.0329 15.1761 15.3193 15.4445 15.4577 15.4178 15.3802 15.3408 15.2941 15.1521 15.0143 14.8826 14.8435 14.8794 14.8805 15.0092 15.3008 15.3626 15.3457 15.07 14.9853 15.2239 15.4262 15.4506 15.4427 15.2251 15.2841 15.1721 15.0166 14.9821 14.9207 14.7781 14.8638 14.7623 14.822 14.8159 14.9143 14.9679 15.0827 14.9695 14.9753 15.1524 15.2465 15.26 15.3584 15.401 15.4209 15.4348 15.4482 15.4608 15.4744 15.486 15.4972 15.5081 15.5165 15.5192 15.5008 15.3512 15.364 15.4217 15.4768 15.5666 15.6054
-9999 -9999 -9999 -9999 -9999 -9999 -9999 14.2512 14.5332 14.91 15.192 15.2198 15.3626 15.4415 15.397 15.3454 15.2921 15.2743 15.119 14.9471 14.8095 14.6447 14.6812 14.8132 15.0196 15.2108 15.2508 15.2199 15.0712 15.1487 15.3143 15.4067 15.4407 15.4311 15.3916 15.3734 15.2937 15.2656 15.1511 14.9659 14.8999 14.9603 14.7631 14.7889 14.8772 14.8017 14.9479 15.0235 14.8743 15.0085 15.1651 15.2508 15.3272 15.3695 15.3935 15.424 15.4364 15.4501 15.4631 15.4751 15.4874 15.4968 15.5068 15.5018 15.4885 15.3473 15.2981 15.3233 15.4068 15.4814 15.5636 15.6026
-9999 -9999 -9999 -9999 -9999 -9999 -9999 14.2954 14.5505 14.8786 15.0827 15.128 15.285 15.4259 15.422 15.3678 15.3583 15.3012 15.1711 15.026 14.8661 14.7927 14.6124 14.8062 14.9565 15.1199 15.2004 15.0773 15.025 15.1407 15.256 15.3077 15.4248 15.4336 15.4087 15.2681 15.2052 15.2473 15.2267 15.1825 15.0585 15.0638 14.9882 14.9634 14.9406 14.8363 14.9179 14.936 14.9676 15.1259 15.213 15.2747 15.3319 15.3556 15.3872 15.4247 15.439 15.452 15.464 15.4767 15.4872 15.4923 15.4985 15.4758 15.4259 15.3221 15.1485 15.294 15.4454 15.5043 15.5573 15.5907
-9999 -9999 -9999 -9999 -9999 -9999 -9999 14.2514 14.5219 14.8039 14.928 14.9579 15.2334 15.4063 15.4171 15.3969 15.3713 15.2158 15.2352 15.2116 15.0685 14.8556 14.6207 14.6519 14.8009 15.0145 15.0905 14.8888 14.827 14.8875 15.0576 15.2111 15.3712 15.4194 15.3855 15.1607 14.9214 15.0483 15.1832 15.1937 15.1686 15.0544 15.0258 15.0009 14.9206 14.7754 14.8055 14.8598 15.0398 15.1063 15.2026 15.2847 15.2699 15.2972 15.3763 15.4269 15.4403 15.4531 15.4665 15.4779 15.4879 15.4857 15.4827 15.4693 15.3192 15.2306 15.0987 15.2821 15.3894 15.4577 15.5606 15.5946
-9999 -9999 -9999 -9999 -9999 -9999 -9999 14.1685 14.3677 14.6378 14.753 14.9305 15.1915 15.3252 15.3948 15.4039 15.3903 15.3263 15.2915 15.2133 15.0643 14.8569 14.625 14.477 14.5651 14.8458 14.9169 14.7334 14.6488 14.7741 14.9549 15.2185 15.3734 15.4031 15.4002 15.3622 15.1904 14.9807 14.9925 15.1142 15.0328 14.9365 15.0069 15.0072 14.928 14.8735 14.8392 14.877 14.9812 15.0338 15.1434 15.2996 15.3321 15.3399 15.4126 15.4276 15.4411 15.4555 15.4676 15.4793 15.4898 15.4902 15.476 15.3803 15.2984 15.1797 15.1759 15.3432 15.4277 15.5026 15.5596 15.5867
-9999 -9999 -9999 -9999 -9999 -9999 -9999 14.0275 14.2601 14.5139 14.7522 14.9783 15.1744 15.1993 15.3077 15.318 15.3795 15.375 15.3163 15.2521 15.1251 14.8562 14.6313 14.3851 14.461 14.748 14.7817 14.6674 14.449 14.6929 14.9612 15.2055 15.3423 15.2528 15.3652 15.3673 15.3097 15.1893 14.9962 15.0111 14.8693 14.8739 14.9637 15.0005 14.9986 14.9605 14.8915 14.9139 14.9795 15.0066 15.1083 15.2322 15.3536 15.384 15.4168 15.4298 15.4422 15.4561 15.4685 15.4785 15.4852 15.4851 15.4068 15.3114 15.2574 15.1785 15.1799 15.3706 15.4586 15.5107 15.5618 15.5897
-9999 -9999 -9999 -9999 -9999 -9999 -9999 -9999 14.2352 14.4971 14.6937 14.7545 14.93 15.0296 15.1091 15.1349 15.3418 15.3628 15.3293 15.2713 15.1645 14.9628 14.825 14.5893 14.4222 14.4964 14.5298 14.6033 14.5933 14.7072 14.9655 15.2344 15.2725 15.118 15.1527 15.1977 15.2857 15.2574 14.9903 14.8601 14.7541 14.8486 14.9475 14.98 14.9956 14.9899 14.9814 14.9495 15.0786 15.1773 15.2093 15.2969 15.3647 15.3921 15.4158 15.4293 15.4429 15.4551 15.4641 15.474 15.4723 15.4533 15.3642 15.1328 15.1566 15.1427 15.0794 15.2687 15.3927 15.5025 15.5669 15.5932
-9999 -9999 -9999 -9999 -9999 -9999 -9999 -9999 14.1495 14.4509 14.5231 14.5294 14.4439 14.499 14.8664 14.9489 15.1478 15.3365 15.3336 15.2769 15.1778 15.0616 14.8762 14.6101 14.4004 14.306 14.5468 14.7854 14.8422 14.9252 15.0871 15.1258 14.9674 14.8197 14.9187 14.9827 15.1969 15.2449 15.2164 15.0601 14.8797 14.791 14.9204 14.9475 14.9659 14.9786 14.9874 14.9872 15.1272 15.2123 15.275 15.3147 15.3747 15.399 15.415 15.4309 15.4422 15.4519 15.4566 15.4602 15.4346 15.4011 15.2474 15.1213 15.0475 14.9504 15.21 15.3012 15.4183 15.4973 15.5616 15.5858
