Test_Spring_2018/04_18/Temp/20180407_005.txt
ncols	170
nrows	115
xllcorner	350000.000000
yllcorner	4445000.000000
cellsize	1000.000000
nodata_value	-9999.000000
[rows 32 to 63 of 115, columns 72 to 143 of 170]
11.8153 11.556 11.9674 12.3465 12.1231 11.9753 12.5971 12.6011 12.3949 11.905 11.7278 11.5438 11.4326 10.8029 9.0291 7.43035 8.29242 8.31618 7.72579 8.79361 8.23433 6.77026 4.70216 5.83077 5.54064 4.07629 3.71711 -9999 -9999 -9999 -9999 -9999 -9999 -9999 -9999 -9999 -9999 -9999 -9999 -9999 -9999 -9999 -9999 -9999 -9999 -9999 -9999 -9999 -9999 -9999 -9999 -9999 -9999 -9999 -9999 -9999 -9999 -9999 -9999 -9999 -9999 -9999 -9999 -9999 -9999 -9999 -9999 -9999 -9999 -9999 -9999 -9999
11.4611 11.3522 11.9615 11.9531 11.9187 12.1428 12.5312 12.6115 12.5335 12.3221 12.1396 11.9452 11.4458 10.7248 9.20734 7.38708 6.97694 7.87301 7.91918 8.06591 7.55653 6.91582 5.91166 6.73941 7.06263 6.10025 4.84099 4.03203 -9999 -9999 -9999 -9999 -9999 -9999 -9999 -9999 -9999 -9999 -9999 -9999 -9999 -9999 -9999 -9999 -9999 -9999 -9999 -9999 -9999 -9999 -9999 -9999 -9999 -9999 -9999 -9999 -9999 -9999 -9999 -9999 -9999 -9999 -9999 -9999 -9999 -9999 -9999 -9999 -9999 -9999 -9999 -9999
11.039 10.4564 10.8254 11.1035 11.6136 11.7535 11.8336 12.5594 12.5252 12.4958 12.1916 11.949 11.5445 10.8508 9.8615 8.66949 6.5912 7.87834 8.8869 8.86446 8.81263 8.36473 7.40018 8.21272 8.25366 7.02364 5.62497 4.80231 4.46379 -9999 -9999 -9999 -9999 -9999 -9999 -9999 -9999 -9999 -9999 -9999 -9999 -9999 -9999 -9999 -9999 -9999 -9999 -9999 -9999 -9999 -9999 -9999 -9999 -9999 -9999 -9999 -9999 -9999 -9999 -9999 -9999 -9999 -9999 -9999 -9999 -9999 -9999 -9999 -9999 -9999 -9999 -9999
10.5593 9.84678 10.218 10.7119 11.4069 11.7692 12.0479 12.2678 12.492 12.47 12.1586 11.2309 11.1018 11.0653 10.4195 9.06001 7.70226 7.35308 8.88986 9.33206 9.24585 9.5914 8.7748 9.16516 9.00927 8.57562 7.22917 6.00221 5.49604 4.49294 -9999 -9999 -9999 -9999 -9999 -9999 -9999 -9999 -9999 -9999 -9999 -9999 -9999 -9999 -9999 -9999 -9999 -9999 -9999 -9999 -9999 -9999 -9999 -9999 -9999 -9999 -9999 -9999 -9999 -9999 -9999 -9999 -9999 -9999 -9999 -9999 -9999 -9999 -9999 -9999 -9999 -9999
-9999 -9999 9.39858 10.0692 10.6268 11.3059 11.8949 12.1913 12.4792 12.4605 11.834 11.5296 11.5065 11.0848 10.3387 9.87173 9.01818 8.12865 8.47315 9.78409 9.20562 10.1352 10.0598 10.233 9.61657 8.44629 6.88212 5.97125 5.51873 4.70644 -9999 -9999 -9999 -9999 -9999 -9999 -9999 -9999 -9999 -9999 -9999 -9999 -9999 -9999 -9999 -9999 -9999 -9999 -9999 -9999 -9999 -9999 -9999 -9999 -9999 -9999 -9999 -9999 -9999 -9999 -9999 -9999 -9999 -9999 -9999 -9999 -9999 -9999 -9999 -9999 -9999 -9999
-9999 -9999 -9999 9.94544 10.3716 11.2793 11.7514 11.9453 12.4073 12.4125 12.1777 12.0014 11.7437 11.4057 10.8459 10.2278 9.42527 9.35413 10.194 10.2076 10.036 10.1764 10.6092 10.4988 9.54301 7.8925 7.02109 5.24785 4.48985 4.57083 4.03456 -9999 -9999 -9999 -9999 -9999 -9999 -9999 -9999 -9999 -9999 -9999 -9999 6.14827 -9999 -9999 -9999 -9999 -9999 -9999 -9999 -9999 -9999 -9999 -9999 -9999 -9999 -9999 -9999 -9999 -9999 -9999 -9999 -9999 2.9972 -9999 -9999 -9999 -9999 -9999 -9999 -9999
-9999 -9999 9.85843 10.4266 10.8703 11.4411 11.4999 11.8432 12.3739 12.3858 12.2205 12.0331 11.6067 11.504 11.1869 10.5156 10.381 10.6581 10.7875 10.9337 11.0248 10.9565 10.7854 10.5634 9.94825 9.18378 8.67164 7.05132 6.2343 5.45197 4.26643 3.33976 -9999 -9999 -9999 -9999 -9999 -9999 -9999 5.51045 5.47038 5.49561 5.76049 6.48442 6.06567 -9999 -9999 -9999 -9999 -9999 -9999 -9999 -9999 -9999 -9999 -9999 -9999 -9999 -9999 -9999 -9999 -9999 -9999 -9999 3.64591 2.71487 -9999 -9999 -9999 -9999 -9999 -9999
-9999 -9999 10.0091 10.6072 10.9084 11.463 11.7824 11.9943 12.1812 12.3599 12.3348 12.1271 11.8088 11.8148 11.3745 11.1387 10.9713 11.3449 11.4214 11.2762 11.0932 10.9316 10.4688 10.4178 10.269 9.78485 8.98819 8.1672 6.9812 5.37056 3.79118 2.51796 -9999 -9999 -9999 -9999 -9999 -9999 5.63946 6.24146 6.60381 5.84642 6.50126 7.10017 7.0094 6.4378 -9999 -9999 -9999 -9999 -9999 -9999 -9999 -9999 -9999 -9999 -9999 -9999 -9999 -9999 8.06321 7.10817 5.17435 4.18558 3.59445 2.74842 -9999 -9999 -9999 -9999 -9999 -9999
-9999 -9999 9.88924 10.595 11.0747 11.5012 11.5736 12.0129 12.2046 12.3026 12.2959 12.2581 12.2027 11.8191 11.6562 11.074 11.6381 11.6204 11.4819 10.9236 10.6834 9.72223 9.30091 9.20902 10.0228 9.4263 8.17785 6.61648 4.74073 4.62109 4.00236 2.86471 -9999 -9999 -9999 -9999 -9999 -9999 5.8234 6.46705 7.00504 7.08702 6.33429 7.39529 7.35971 6.77283 6.64298 7.13198 7.38196 7.20327 7.78823 7.96186 7.70482 7.99533 -9999 -9999 -9999 -9999 8.18593 8.22901 8.26272 7.86746 5.75442 4.31292 3.01912 2.9054 -9999 -9999 -9999 -9999 -9999 -9999
-9999 -9999 10.3722 10.8088 11.0323 11.0729 11.4563 11.8412 12.0774 12.2524 12.2226 12.2129 12.2023 12.0737 11.7695 11.8286 11.8073 11.631 10.5654 9.32088 9.868 9.12929 7.54667 8.8383 9.54898 8.8727 7.35919 5.60378 5.03197 5.05868 4.1969 3.08842 -9999 -9999 -9999 4.06284 4.98245 5.06626 5.34046 6.19767 6.85085 7.34315 7.68048 7.67367 7.32848 6.75454 6.13028 6.35862 7.49365 7.7736 8.01187 8.1916 7.95319 8.08454 8.39076 8.55088 8.58649 8.51933 8.50716 8.53608 8.50438 8.13585 6.24585 5.16666 4.48012 3.09957 -9999 -9999 -9999 -9999 -9999 -9999
-9999 -9999 10.099 10.4795 10.7887 11.2994 11.3581 11.6825 11.8787 12.164 12.2001 11.8748 12.1512 12.12 12.0729 11.9686 11.8138 10.9148 9.67437 8.43071 7.85823 8.10693 7.15601 7.64891 8.36898 8.10888 7.18269 5.61909 5.40116 5.04046 3.5887 2.19157 -9999 -9999 2.28151 4.04217 5.2832 5.92544 6.12738 6.15072 6.97262 7.04125 7.9258 7.72369 6.56578 6.70112 6.25153 6.54925 6.9694 7.08737 7.68787 8.26713 8.37944 8.38582 8.58212 8.62548 8.6395 8.6384 8.51193 8.57584 8.58939 8.36137 6.99365 6.3294 5.59831 3.11731 -9999 -9999 -9999 -9999 -9999 -9999
-9999 -9999 10.29 10.7148 11.1795 11.2593 11.6049 11.5755 11.4855 11.9646 12.1419 11.9134 11.7501 12.0626 12.0451 12.0077 11.9438 11.0992 10.1211 8.63859 7.71855 7.15725 6.75923 6.22757 6.59875 6.48886 6.34059 6.51699 6.08818 5.23219 4.3835 2.7927 1.93383 -9999 2.3748 3.17138 4.64661 5.90109 6.6991 6.4181 7.35216 7.5291 8.06939 7.75905 7.05833 6.7601 6.73759 6.64922 7.27968 7.70427 8.0055 8.20818 8.4606 8.52726 8.59415 8.62422 8.6423 8.66066 8.66141 8.66061 8.63721 8.55439 7.92819 7.26617 5.82802 3.19848 -9999 -9999 -9999 -9999 -9999 -9999
-9999 9.06081 10.2403 10.9491 11.227 11.429 11.6077 11.7384 11.8767 12.0048 12.0942 12.0616 11.4496 11.5038 11.6183 11.9716 11.9502 11.8769 11.3436 9.539 8.91739 8.00789 6.82853 6.33729 6.58713 7.55913 7.51863 6.87955 6.167 5.18109 4.5537 3.5793 1.70613 1.87803 2.72645 3.35888 4.36273 5.89527 6.97099 7.45351 7.63859 8.01927 8.21962 7.79347 7.3887 7.22068 6.90536 6.86479 6.87167 7.25425 7.55329 8.21352 8.43832 8.54375 8.59891 8.63025 8.65407 8.67767 8.68847 8.67999 8.68504 8.68454 8.64377 7.75981 5.54122 3.87394 -9999 -9999 -9999 -9999 -9999 -9999
-9999 -9999 10.0217 10.3367 10.4232 10.5704 10.866 11.2058 11.6863 11.7522 12.018 12.0213 11.4942 10.885 11.4229 11.6387 11.8621 11.8721 11.8063 10.2902 9.49866 8.87604 7.74531 8.15711 8.54845 8.58075 8.34909 6.97566 5.60777 4.03024 2.55649 2.48849 1.69618 2.11965 2.6812 4.11792 5.13033 5.54339 5.84141 7.39963 7.80793 7.95185 8.35431 7.8166 7.68537 7.28262 7.4086 7.37763 7.38455 6.25975 7.39673 7.4678 8.20976 8.54518 8.62448 8.64856 8.67403 8.68127 8.68947 8.69023 8.70212 8.6961 8.68971 8.11729 5.3014 3.89343 -9999 -9999 -9999 -9999 -9999 -9999
-9999 -9999 -9999 -9999 10.13 10.3717 10.5285 10.7959 11.6047 11.8258 11.9742 11.991 11.7586 11.1555 10.9995 11.1144 10.5257 11.0247 11.7059 11.6922 11.6132 10.2807 9.60052 10.2649 10.0667 9.06552 8.27809 7.50091 5.89892 4.72695 3.0375 1.76953 1.7243 3.12926 4.29675 5.75052 6.39424 6.0341 6.43294 7.2092 8.09051 8.51918 8.42407 7.85706 7.78314 7.15951 7.78224 7.83993 7.55725 7.31338 7.41647 7.78561 7.92876 8.50985 8.65327 8.68166 8.68968 8.69577 8.69719 8.69804 8.6959 8.69488 8.69223 8.67196 5.77743 3.52965 -9999 -9999 -9999 -9999 -9999 -9999
-9999 -9999 -9999 -9999 9.57199 9.72147 10.105 11.0809 11.5951 11.8054 11.8032 11.9027 11.7401 11.2101 10.6657 10.1524 9.48917 9.87411 10.8865 11.4846 11.5554 10.3878 11.0001 10.7749 10.3281 9.0179 8.05293 7.54252 6.0046 4.68834 3.56512 2.01342 2.68077 3.4157 4.35918 5.94482 7.0162 7.45895 7.09512 7.59311 8.60662 8.61715 8.07042 8.1113 7.7814 6.92738 7.8268 8.08334 7.88513 7.94223 7.87073 8.01064 8.26204 8.50254 8.66358 8.68833 8.69428 8.69275 8.69631 8.70115 8.69467 8.70064 8.69805 8.68919 6.82313 3.48595 -9999 -9999 -9999 -9999 -9999 -9999
-9999 -9999 -9999 -9999 -9999 9.07002 9.93788 11.2315 11.5573 11.5331 11.8039 11.8314 11.5795 11.3612 10.6995 9.79394 8.05077 8.49939 9.43159 10.7742 11.4812 11.3894 11.0009 10.3237 8.68072 7.24314 7.0709 6.8377 5.71601 4.70296 3.45391 4.1814 4.97824 5.84999 6.30964 6.1945 7.11306 7.86297 7.5507 8.16058 8.8715 8.55627 8.37196 8.21813 7.83592 7.81769 7.86337 8.37622 8.02954 8.25005 8.25965 8.25154 8.37577 8.51804 8.66721 8.69449 8.69823 8.70419 8.6911 8.70129 8.69763 8.69457 8.69266 8.68596 8.52287 6.7294 5.6593 -9999 -9999 -9999 -9999 -9999
-9999 -9999 -9999 -9999 -9999 8.27383 8.70946 10.2405 10.7176 11.3966 11.7592 11.7802 11.352 11.1151 10.1272 9.80932 8.19718 7.46931 8.09376 7.85957 9.70692 11.3419 10.9899 7.6991 6.50903 5.66092 5.88224 5.88696 5.57662 3.85006 3.37574 4.92684 5.90457 6.66293 7.23916 7.36197 7.34601 8.51673 8.67607 9.05972 8.98215 9.02225 8.43837 8.07901 8.40353 8.04158 7.98401 8.51366 8.00172 8.47366 8.42269 8.28648 8.28303 8.59458 8.66044 8.69671 8.70214 8.69358 8.68187 8.67733 8.69208 8.69269 8.68135 8.68834 8.67803 8.47246 7.54687 7.2281 7.59658 -9999 -9999 -9999
-9999 -9999 -9999 -9999 -9999 -9999 7.28601 9.41155 10.3861 10.8999 11.6212 11.7121 11.4867 11.0736 10.0672 9.18259 7.74187 6.09589 5.22591 7.84484 10.1246 11.3161 11.1632 8.42451 7.34547 7.29825 7.93843 7.40342 6.99824 5.68699 5.29674 4.75339 5.09253 6.14825 7.01181 7.84492 8.45188 8.50517 8.90097 9.13029 9.15353 9.2289 9.16471 9.11332 8.55115 8.94908 8.62112 8.80297 8.69397 8.59584 8.51168 8.19061 8.42424 8.63141 8.68737 8.707 8.69793 8.69852 8.69368 8.67877 8.67507 8.67901 8.6828 8.67849 8.68475 8.68351 8.58611 8.03203 7.28776 6.34544 -9999 -9999
-9999 -9999 -9999 -9999 -9999 -9999 6.22604 8.34112 9.36364 10.6771 11.3553 11.6333 11.6014 11.2675 10.5038 9.35217 8.39343 6.55556 4.64702 7.39602 9.84498 11.1681 11.2415 8.9406 9.5826 9.06942 9.28071 8.33842 7.94859 7.64138 6.96538 6.22594 5.41644 4.99048 6.92471 7.91968 8.72133 9.10157 9.31853 9.42922 9.37667 9.23657 8.38394 9.04278 9.01394 8.954 8.8844 8.85319 8.79024 8.71502 8.67217 8.65949 8.44743 8.69591 8.6939 8.70026 8.7046 8.70163 8.69319 8.68668 8.67808 8.68296 8.68095 8.67854 8.67904 8.68491 8.68494 8.66105 8.51883 7.25087 6.49496 6.28857
-9999 -9999 -9999 -9999 -9999 -9999 3.26053 6.33511 8.80816 10.1012 11.1546 11.4469 11.5587 11.1092 10.774 9.94961 9.16912 7.96292 6.15427 5.04207 7.10148 10.0927 11.1974 11.1147 11.049 10.4553 9.92044 9.8555 9.89885 9.2761 8.36604 7.17669 6.8083 6.39331 7.83476 8.03315 7.9316 9.51698 9.52469 9.43914 8.83856 8.16565 8.29904 7.88494 8.21206 7.71712 8.18165 8.58373 8.73673 8.72885 8.68032 8.67817 8.65797 8.70431 8.70667 8.70293 8.70092 8.70155 8.69938 8.68511 8.67917 8.6907 8.68311 8.67945 8.6774 8.68505 8.68834 8.67222 8.65811 8.4686 8.18022 7.62574
-9999 -9999 -9999 -9999 -9999 -9999 3.39153 5.97967 8.17419 9.49266 10.7598 11.0569 11.4871 11.3991 11.0478 10.3317 9.43606 8.44402 6.8929 5.74098 7.11923 9.1071 10.5311 11.0436 11.0412 11.0102 10.8783 10.8251 10.6709 10.5623 9.91077 8.78838 8.15483 7.22651 8.83259 9.01567 8.76834 9.5721 9.5359 8.33017 7.40428 7.29289 7.86477 7.3297 7.24062 6.90951 7.29404 8.31648 8.02455 8.08747 8.55304 8.63279 8.68567 8.702 8.70195 8.70295 8.69845 8.7032 8.7082 8.69428 8.69041 8.69113 8.67877 8.68063 8.67431 8.67437 8.67346 8.66765 8.65513 8.60566 8.55178 8.62309
-9999 -9999 -9999 -9999 -9999 -9999 3.4427 5.18582 7.16107 9.10009 10.4529 11.001 11.4011 11.4008 10.9918 10.6377 10.0776 9.20531 8.6081 7.56855 6.14045 8.54446 9.28499 9.94525 10.2247 10.9127 10.899 10.5881 10.226 10.5668 10.471 9.58251 9.29218 8.80022 9.69481 9.70006 9.67867 9.63445 8.61613 7.19941 6.06803 6.88965 6.7234 7.10283 5.9464 6.90861 7.68289 7.93706 7.41859 7.03464 8.2388 8.4423 8.56398 8.64308 8.69616 8.68752 8.70329 8.69996 8.70041 8.7008 8.69506 8.69367 8.68836 8.68305 8.67798 8.67933 8.67196 8.66246 8.6677 8.64455 8.6388 8.6355
-9999 -9999 -9999 -9999 -9999 -9999 -9999 4.15959 6.66257 8.89738 10.1434 10.9285 11.3129 11.3099 11.1026 10.8633 10.5173 9.88896 9.09864 7.84765 6.9199 7.5147 8.24044 8.32491 8.80797 10.2025 10.6808 10.0101 8.34777 9.33472 10.4337 10.4185 10.3277 10.2258 10.0937 9.97616 9.71541 9.01157 6.84821 6.42689 5.58103 5.68203 5.25038 6.20708 5.85673 6.83989 7.26847 7.43291 6.53232 6.72817 7.79651 8.22102 8.15473 8.41652 8.66628 8.678 8.68882 8.68636 8.69581 8.70217 8.70271 8.69693 8.694 8.69347 8.6786 8.68968 8.61534 8.56925 8.46937 8.6069 8.62548 8.64181
-9999 -9999 -9999 -9999 -9999 -9999 -9999 3.66128 6.15889 8.78998 9.63759 10.4836 11.2142 11.2323 10.9135 10.6104 10.2981 9.94205 8.98269 8.05248 7.16454 6.86888 7.05207 7.04214 7.82166 9.63752 9.9916 9.84492 8.11015 7.52411 8.99155 10.2253 10.325 10.2163 8.77072 9.08253 8.30451 7.2483 6.9605 6.50069 5.52461 6.00082 5.28715 5.59942 5.52248 6.0825 6.35778 7.02281 6.23843 6.2466 7.29584 7.8262 7.84319 8.39953 8.60034 8.65584 8.67284 8.68634 8.69313 8.70648 8.70632 8.70338 8.69804 8.67728 8.6202 8.43212 7.39342 7.40094 7.69481 7.97319 8.47672 8.62384
-9999 -9999 -9999 -9999 -9999 -9999 -9999 3.94746 5.68195 8.01703 9.74772 9.86032 10.7037 11.1409 10.794 10.4028 10.0024 9.82954 8.78514 7.63752 6.71097 5.61352 5.79849 6.5926 7.88965 9.06379 9.27634 9.03742 8.11022 8.55357 9.55535 10.0887 10.248 10.1279 9.81557 9.63658 9.06459 8.81886 8.02345 6.77775 6.28966 6.60564 5.28319 5.3802 5.87508 5.35934 6.22291 6.63836 5.62418 6.4398 7.36687 7.84276 8.25927 8.4585 8.54031 8.66372 8.67103 8.68539 8.69535 8.6983 8.70314 8.68888 8.67811 8.57219 8.41352 7.4419 7.04391 7.12978 7.5875 7.98899 8.41372 8.58862
-9999 -9999 -9999 -9999 -9999 -9999 -9999 4.24015 5.80223 7.82746 9.0626 9.28694 10.2218 11.0535 10.9649 10.5578 10.4365 10.0143 9.12912 8.15098 7.08148 6.56341 5.36753 6.55202 7.49032 8.48518 8.95229 8.19175 7.81012 8.49438 9.17466 9.44821 10.1353 10.132 9.91238 8.95474 8.48967 8.69146 8.49397 8.14535 7.28918 7.25501 6.7066 6.48191 6.26992 5.57275 6.02501 6.07407 6.20186 7.17744 7.66195 7.98454 8.27828 8.35841 8.48846 8.65605 8.67469 8.68492 8.68868 8.69637 8.68913 8.64757 8.61344 8.39475 8.00369 7.26949 6.08003 6.93074 7.82003 8.09218 8.35718 8.49589
-9999 -9999 -9999 -9999 -9999 -9999 -9999 3.97262 5.63175 7.36325 8.0896 8.21634 9.90506 10.9406 10.9463 10.7553 10.5316 9.48324 9.54879 9.3421 8.37769 6.97118 5.42603 5.57486 6.50071 7.81437 8.25097 6.99003 6.54566 6.87811 7.9053 8.82514 9.78548 10.0319 9.75448 8.26194 6.67571 7.41682 8.20853 8.2081 7.98096 7.18723 6.938 6.7128 6.13484 5.15494 5.30298 5.58127 6.69064 7.04346 7.58618 8.0376 7.87314 7.97594 8.40795 8.65765 8.67121 8.67996 8.69252 8.69146 8.68149 8.59372 8.5006 8.34107 7.31286 6.67548 5.74925 6.84259 7.45043 7.78241 8.36123 8.50319
-9999 -9999 -9999 -9999 -9999 -9999 -9999 3.45831 4.66353 6.31874 6.98832 8.05377 9.64987 10.4369 10.8162 10.8119 10.6641 10.1967 9.91723 9.36274 8.35933 6.9859 5.45873 4.46575 4.97585 6.7417 7.16388 5.99951 5.40874 6.15189 7.24646 8.86562 9.79218 9.92025 9.84021 9.53526 8.37816 6.97949 6.98808 7.69536 7.11081 6.4308 6.81107 6.7455 6.17482 5.76081 5.51071 5.67645 6.30984 6.57384 7.20018 8.12255 8.2583 8.23649 8.62729 8.65091 8.66427 8.68323 8.68721 8.68818 8.68118 8.6104 8.4461 7.7632 7.16837 6.33896 6.24082 7.21802 7.65005 8.05211 8.33864 8.43543
-9999 -9999 -9999 -9999 -9999 -9999 -9999 2.57435 3.9916 5.54245 6.99478 8.36897 9.55219 9.64738 10.2732 10.2764 10.6061 10.5165 10.0835 9.6171 8.75305 6.98768 5.50375 3.88502 4.31618 6.11594 6.35762 5.57826 4.13554 5.63204 7.28205 8.77781 9.58911 8.95922 9.61184 9.56211 9.13084 8.29972 7.00545 7.03386 6.06499 6.02663 6.53022 6.6964 6.61723 6.30744 5.81185 5.90389 6.29049 6.39189 6.96788 7.68442 8.38502 8.50633 8.64346 8.6535 8.66002 8.67527 8.68109 8.67106 8.63998 8.56565 7.99375 7.31279 6.89519 6.3187 6.25307 7.37842 7.83248 8.08799 8.33615 8.43713
-9999 -9999 -9999 -9999 -9999 -9999 -9999 -9999 3.84494 5.44703 6.6336 6.95623 8.00845 8.57846 9.02038 9.12136 10.3748 10.4474 10.1743 9.74609 9.00965 7.67088 6.73914 5.1866 4.07162 4.53522 4.75507 5.16944 5.05161 5.72091 7.30668 8.95867 9.14197 8.09821 8.25684 8.47955 8.97428 8.72883 6.96389 6.06906 5.32699 5.8607 6.422 6.56082 6.59179 6.48825 6.37145 6.16295 6.91282 7.4688 7.60101 8.08632 8.44575 8.54815 8.62638 8.63986 8.65353 8.65808 8.64183 8.6313 8.54669 8.35154 7.71117 6.16474 6.24185 6.07881 5.60108 6.69987 7.39974 8.02071 8.353 8.44242
-9999 -9999 -9999 -9999 -9999 -9999 -9999 -9999 3.31129 5.16432 5.55924 5.53459 4.92683 5.2127 7.48556 7.94633 9.14856 10.287 10.2074 9.78731 9.09846 8.30252 7.06826 5.32171 3.93464 3.35487 4.85341 6.32688 6.63371 7.1063 8.07937 8.26712 7.20032 6.20017 6.76726 7.11028 8.4072 8.64687 8.39914 7.33716 6.12243 5.49014 6.2447 6.34885 6.39774 6.41053 6.39302 6.36869 7.21399 7.68343 8.0104 8.19039 8.49966 8.58205 8.61141 8.6393 8.63819 8.62687 8.58312 8.53278 8.29608 8.00864 6.95668 6.08044 5.53578 4.84323 6.41912 6.89299 7.54991 7.97285 8.30332 8.37952
