Test_Spring_2018/04_18/Temp/20180417_001.txt
ncols	170
nrows	115
xllcorner	350000.000000
yllcorner	4445000.000000
cellsize	1000.000000
nodata_value	-9999.000000
[rows 32 to 63 of 115, columns 72 to 143 of 170]
13.6095 13.3464 13.7389 14.0999 13.8685 13.7098 14.305 14.2994 14.0882 13.5999 13.4173 13.2282 13.1102 12.4854 10.7419 9.16968 10.0036 10.0179 9.43158 10.4667 9.91083 8.47027 6.43908 7.53362 7.24094 5.79645 5.43311 -9999 -9999 -9999 -9999 -9999 -9999 -9999 -9999 -9999 -9999 -9999 -9999 -9999 -9999 -9999 -9999 -9999 -9999 -9999 -9999 -9999 -9999 -9999 -9999 -9999 -9999 -9999 -9999 -9999 -9999 -9999 -9999 -9999 -9999 -9999 -9999 -9999 -9999 -9999 -9999 -9999 -9999 -9999 -9999 -9999
13.2572 13.1411 13.7273 13.7094 13.6658 13.8675 14.2345 14.3035 14.2177 14.0016 13.8138 13.6144 13.1169 12.4028 10.9099 9.12102 8.71094 9.57806 9.61416 9.74856 9.2414 8.60581 7.61482 8.41503 8.72191 7.76993 6.52436 5.72146 -9999 -9999 -9999 -9999 -9999 -9999 -9999 -9999 -9999 -9999 -9999 -9999 -9999 -9999 -9999 -9999 -9999 -9999 -9999 -9999 -9999 -9999 -9999 -9999 -9999 -9999 -9999 -9999 -9999 -9999 -9999 -9999 -9999 -9999 -9999 -9999 -9999 -9999 -9999 -9999 -9999 -9999 -9999 -9999
12.8385 12.2593 12.6104 12.8727 13.357 13.4776 13.5463 14.2464 14.2034 14.1652 13.8584 13.6119 13.2072 12.5197 11.5432 10.3685 8.32732 9.57677 10.5538 10.5227 10.4629 10.0157 9.06333 9.84852 9.87921 8.66245 7.28035 6.46663 6.12632 -9999 -9999 -9999 -9999 -9999 -9999 -9999 -9999 -9999 -9999 -9999 -9999 -9999 -9999 -9999 -9999 -9999 -9999 -9999 -9999 -9999 -9999 -9999 -9999 -9999 -9999 -9999 -9999 -9999 -9999 -9999 -9999 -9999 -9999 -9999 -9999 -9999 -9999 -9999 -9999 -9999 -9999 -9999
12.3636 11.6573 12.0106 12.4839 13.1487 13.4906 13.7497 13.9552 14.1648 14.1339 13.8199 12.9035 12.7679 12.723 12.0824 10.744 9.40723 9.05666 10.5502 10.9733 10.8798 11.2083 10.4005 10.7727 10.6107 10.1739 8.84369 7.6319 7.12741 6.13705 -9999 -9999 -9999 -9999 -9999 -9999 -9999 -9999 -9999 -9999 -9999 -9999 -9999 -9999 -9999 -9999 -9999 -9999 -9999 -9999 -9999 -9999 -9999 -9999 -9999 -9999 -9999 -9999 -9999 -9999 -9999 -9999 -9999 -9999 -9999 -9999 -9999 -9999 -9999 -9999 -9999 -9999
-9999 -9999 11.2034 11.8447 12.3771 13.0315 13.5941 13.8742 14.1462 14.1183 13.4963 13.1892 13.1574 12.7357 11.997 11.5312 10.6875 9.80853 10.1362 11.4087 10.8338 11.7332 11.65 11.8097 11.1973 10.0372 8.49681 7.59369 7.14137 6.3373 -9999 -9999 -9999 -9999 -9999 -9999 -9999 -9999 -9999 -9999 -9999 -9999 -9999 -9999 -9999 -9999 -9999 -9999 -9999 -9999 -9999 -9999 -9999 -9999 -9999 -9999 -9999 -9999 -9999 -9999 -9999 -9999 -9999 -9999 -9999 -9999 -9999 -9999 -9999 -9999 -9999 -9999
-9999 -9999 -9999 11.7177 12.1217 12.9991 13.4477 13.6275 14.0696 14.0651 13.826 13.6442 13.3828 13.0431 12.4865 11.873 11.0791 11.0004 11.8123 11.8163 11.6391 11.7669 12.1804 12.0626 11.1152 9.4884 8.62612 6.87848 6.12716 6.19622 5.6618 -9999 -9999 -9999 -9999 -9999 -9999 -9999 -9999 -9999 -9999 -9999 -9999 7.61039 -9999 -9999 -9999 -9999 -9999 -9999 -9999 -9999 -9999 -9999 -9999 -9999 -9999 -9999 -9999 -9999 -9999 -9999 -9999 -9999 4.3208 -9999 -9999 -9999 -9999 -9999 -9999 -9999
-9999 -9999 11.6412 12.1797 12.6035 13.1514 13.1992 13.5216 14.0307 14.0327 13.8615 13.6689 13.2426 13.1328 12.8136 12.148 12.0073 12.2691 12.3863 12.5199 12.5995 12.5231 12.346 12.1188 11.5017 10.7438 10.2325 8.63682 7.82474 7.04935 5.87977 4.96345 -9999 -9999 -9999 -9999 -9999 -9999 -9999 7.012 6.96442 6.98073 7.23132 7.93068 7.51262 -9999 -9999 -9999 -9999 -9999 -9999 -9999 -9999 -9999 -9999 -9999 -9999 -9999 -9999 -9999 -9999 -9999 -9999 -9999 4.94841 4.02775 -9999 -9999 -9999 -9999 -9999 -9999
-9999 -9999 11.776 12.3506 12.6348 13.1669 13.4689 13.6632 13.8361 14.0011 13.967 13.7544 13.4338 13.4304 12.9907 12.751 12.5782 12.9344 12.9999 12.8486 12.6601 12.4923 12.0298 11.9698 11.8086 11.3244 10.5345 9.72079 8.547 6.96135 5.40636 4.15089 -9999 -9999 -9999 -9999 -9999 -9999 7.13726 7.7176 8.06373 7.31503 7.94716 8.5245 8.42733 7.85324 -9999 -9999 -9999 -9999 -9999 -9999 -9999 -9999 -9999 -9999 -9999 -9999 -9999 -9999 9.30029 8.35696 6.45642 5.4797 4.89156 4.05392 -9999 -9999 -9999 -9999 -9999 -9999
-9999 -9999 11.6532 12.333 12.7917 13.1982 13.2586 13.6745 13.8527 13.9388 13.9226 13.8761 13.8126 13.4283 13.2599 12.6816 13.2241 13.1977 13.053 12.4977 12.2532 11.3036 10.8815 10.7764 11.5611 10.9669 9.73488 8.1968 6.34851 6.22021 5.60419 4.48098 -9999 -9999 -9999 -9999 -9999 -9999 7.30787 7.92914 8.44725 8.51953 7.77559 8.80498 8.75593 8.17339 8.03753 8.50659 8.74178 8.55526 9.11672 9.27723 9.01665 9.29149 -9999 -9999 -9999 -9999 9.43241 9.46539 9.48908 9.09315 7.01737 5.59795 4.32267 4.19632 -9999 -9999 -9999 -9999 -9999 -9999
-9999 -9999 12.12 12.5365 12.7444 12.7736 13.1379 13.5006 13.7221 13.8811 13.8424 13.8237 13.8041 13.6693 13.3628 13.4117 13.3818 13.2004 12.1491 10.9228 11.448 10.7177 9.15785 10.4077 11.0914 10.4188 8.92722 7.19902 6.62532 6.63986 5.78585 4.68706 -9999 -9999 -9999 5.6001 6.49034 6.56371 6.82355 7.65366 8.28442 8.7616 9.08376 9.06691 8.71806 8.14828 7.52907 7.74332 8.84393 9.1083 9.32859 9.49511 9.2528 9.36973 9.66022 9.80789 9.83382 9.75924 9.73835 9.75753 9.71725 9.34739 7.49189 6.42668 5.74507 4.37268 -9999 -9999 -9999 -9999 -9999 -9999
-9999 -9999 11.8478 12.2093 12.5011 12.986 13.0328 13.3396 13.5185 13.7885 13.8143 13.487 13.7482 13.7087 13.6537 13.5429 13.3826 12.4946 11.2724 10.0468 9.47725 9.70849 8.76803 9.23697 9.92963 9.66525 8.74234 7.20149 6.97645 6.60936 5.17885 3.80174 -9999 -9999 3.85896 5.57117 6.77576 7.39526 7.58459 7.59953 8.39544 8.45485 9.312 9.10423 7.96116 8.08493 7.64069 7.92282 8.32125 8.42738 9.00317 9.55983 9.66071 9.65807 9.84119 9.87482 9.87976 9.86988 9.73733 9.79077 9.79477 9.56229 8.21513 7.55548 6.82645 4.38273 -9999 -9999 -9999 -9999 -9999 -9999
-9999 -9999 12.0262 12.4308 12.8744 12.9417 13.2689 13.2288 13.128 13.5868 13.7513 13.5188 13.35 13.6468 13.6208 13.5756 13.5042 12.6694 11.7038 10.2447 9.33518 8.77449 8.37444 7.83656 8.18757 8.06807 7.91095 8.07128 7.64065 6.78907 5.94762 4.38137 3.53077 -9999 3.94177 4.71134 6.14499 7.36325 8.13555 7.85306 8.75881 8.92429 9.44298 9.13169 8.43594 8.133 8.1022 8.00694 8.61448 9.02395 9.30728 9.49652 9.73391 9.79033 9.84704 9.8678 9.87684 9.88611 9.87804 9.86828 9.83616 9.74565 9.12346 8.46283 7.04572 4.45686 -9999 -9999 -9999 -9999 -9999 -9999
-9999 10.8325 11.9722 12.6544 12.9152 13.1018 13.2657 13.3829 13.5054 13.6201 13.6982 13.6577 13.0505 13.0948 13.1981 13.5349 13.5052 13.4246 12.8939 11.1198 10.5009 9.5968 8.43201 7.93815 8.17018 9.1082 9.05613 8.41879 7.70969 6.73119 6.10635 5.14222 3.30019 3.45787 4.27761 4.88671 5.85953 7.34977 8.39374 8.85795 9.03148 9.39468 9.58293 9.15599 8.74971 8.57676 8.25968 8.21119 8.20906 8.5743 8.85598 9.49554 9.70658 9.8006 9.84598 9.86812 9.8829 9.89741 9.89925 9.88202 9.87773 9.86767 9.81552 8.94047 6.75566 5.10773 -9999 -9999 -9999 -9999 -9999 -9999
-9999 -9999 11.7531 12.05 12.1235 12.2565 12.5346 12.8561 13.3134 13.3681 13.6185 13.6122 13.0884 12.4841 13.0015 13.204 13.4138 13.4147 13.3411 11.8458 11.0608 10.4405 9.32298 9.71188 10.0819 10.1008 9.86157 8.50592 7.15581 5.59873 4.14595 4.06811 3.28258 3.68659 4.22585 5.62144 6.60269 6.99841 7.28204 8.79816 9.18887 9.32042 9.70592 9.17202 9.03334 8.63085 8.74528 8.70621 8.70418 7.5956 8.69682 8.75804 9.47533 9.79658 9.86541 9.88059 9.89711 9.89572 9.89509 9.88693 9.88933 9.87224 9.85251 9.28125 6.51599 5.12157 -9999 -9999 -9999 -9999 -9999 -9999
-9999 -9999 -9999 -9999 11.8311 12.0563 12.1987 12.4493 13.2277 13.4342 13.5699 13.5773 13.3413 12.7431 12.5822 12.6861 12.1018 12.5799 13.2357 13.2117 13.1232 11.8087 11.1301 11.7671 11.5605 10.5686 9.78568 9.01285 7.43367 6.27311 4.60935 3.35818 3.30311 4.66658 5.79858 7.21089 7.83171 7.47146 7.85373 8.60386 9.45766 9.86883 9.76776 9.20517 9.12258 8.5041 9.10425 9.15189 8.86675 8.61962 8.71011 9.06294 9.19489 9.75513 9.88743 9.90759 9.90716 9.90472 9.89751 9.88946 9.87578 9.86405 9.85016 9.81855 6.97614 4.76048 -9999 -9999 -9999 -9999 -9999 -9999
-9999 -9999 -9999 -9999 11.2798 11.4148 11.7787 12.7222 13.2125 13.4084 13.397 13.4853 13.3177 12.791 12.2504 11.74 11.0826 11.4496 12.4294 13.0035 13.0614 11.9079 12.4929 12.2599 11.81 10.5158 9.55915 9.04706 7.53046 6.22881 5.11872 3.59016 4.2319 4.9403 5.8532 7.39459 8.43362 8.85833 8.49435 8.97327 9.95626 9.95849 9.41575 9.44747 9.11459 8.27081 9.14148 9.38358 9.18109 9.22833 9.14828 9.27712 9.51508 9.74246 9.89213 9.90847 9.90636 9.89653 9.89144 9.88628 9.86975 9.86472 9.85071 9.83007 7.99308 4.71215 -9999 -9999 -9999 -9999 -9999 -9999
-9999 -9999 -9999 -9999 -9999 10.772 11.6096 12.8637 13.1698 13.1365 13.392 13.41 13.1551 12.9332 12.2779 11.384 9.67072 10.0999 11.0013 12.3032 12.9831 12.8813 12.4877 11.8126 10.193 8.77419 8.59263 8.35159 7.242 6.23688 5.00384 5.70395 6.47241 7.31468 7.75458 7.633 8.52263 9.24761 8.93413 9.52237 10.2094 9.89297 9.70449 9.54571 9.16164 9.13503 9.17091 9.66365 9.31604 9.52314 9.5225 9.50673 9.62049 9.75195 9.89014 9.90904 9.90474 9.9023 9.88069 9.88113 9.86728 9.85331 9.83985 9.82117 9.6492 7.87762 6.81775 -9999 -9999 -9999 -9999 -9999
-9999 -9999 -9999 -9999 -9999 9.98769 10.4027 11.889 12.343 12.9973 13.3427 13.3544 12.927 12.6865 11.7123 11.3931 9.80793 9.08668 9.68705 9.44717 11.242 12.8286 12.4706 9.23993 8.06319 7.22079 7.42412 7.4158 7.09965 5.39696 4.9216 6.42717 7.37264 8.10416 8.65813 8.76903 8.74497 9.88134 10.029 10.3959 10.3118 10.3427 9.76333 9.40348 9.71036 9.34761 9.28252 9.7917 9.28254 9.73556 9.67574 9.53482 9.52383 9.82091 9.87771 9.90546 9.90247 9.88598 9.86563 9.85175 9.85584 9.84541 9.82264 9.8173 9.79466 9.57567 8.6571 8.33204 8.67927 -9999 -9999 -9999
-9999 -9999 -9999 -9999 -9999 -9999 9.00509 11.0728 12.0132 12.506 13.2021 13.2821 13.0512 12.6394 11.6473 10.7739 9.35622 7.7372 6.87622 9.42605 11.6436 12.7966 12.6333 9.94259 8.87453 8.81535 9.42838 8.8925 8.48381 7.18732 6.79435 6.25218 6.5734 7.59515 8.42996 9.23589 9.82087 9.86455 10.2432 10.4592 10.4735 10.5387 10.4674 10.4086 9.84833 10.2285 9.89905 10.0682 9.95304 9.84869 9.7564 9.43479 9.65568 9.85074 9.8979 9.90797 9.89163 9.88405 9.87037 9.84603 9.83252 9.82531 9.81735 9.80097 9.79457 9.77534 9.66666 9.11164 8.37096 7.43706 -9999 -9999
-9999 -9999 -9999 -9999 -9999 -9999 7.96292 10.0205 11.0078 12.2825 12.9356 13.1962 13.157 12.8224 12.0674 10.9328 9.98626 8.17953 6.30306 8.97929 11.363 12.6448 12.7041 10.4403 11.0553 10.5407 10.7346 9.80067 9.40724 9.09261 8.42046 7.68676 6.88391 6.45702 8.33937 9.30355 10.0788 10.4421 10.6457 10.7453 10.6852 10.5401 9.69775 10.3332 10.2944 10.2268 10.15 10.1107 10.0407 9.95876 9.90677 9.88673 9.67184 9.90577 9.8948 9.89398 9.89065 9.87951 9.86228 9.84613 9.82715 9.82201 9.80827 9.79384 9.78192 9.76963 9.75642 9.72 9.56819 8.31607 7.56512 7.35051
-9999 -9999 -9999 -9999 -9999 -9999 5.05749 8.05331 10.4575 11.7124 12.7297 13.0072 13.1083 12.6606 12.3244 11.5096 10.7372 9.54803 7.76921 6.67077 8.67177 11.5844 12.6536 12.5589 12.4822 11.8891 11.3537 11.278 11.3084 10.6853 9.78272 8.60954 8.23805 7.82308 9.22359 9.40884 9.3009 10.8425 10.8413 10.749 10.1529 9.4859 9.60738 9.1946 9.50366 9.01076 9.45614 9.8406 9.98169 9.96564 9.90794 9.89548 9.86863 9.90396 9.89939 9.88852 9.87885 9.87115 9.85999 9.83625 9.81993 9.82005 9.80271 9.78712 9.77288 9.76234 9.75258 9.72402 9.69771 9.5003 9.20668 8.65172
-9999 -9999 -9999 -9999 -9999 -9999 5.17836 7.69559 9.83165 11.1068 12.3369 12.619 13.0312 12.9366 12.5845 11.8754 10.9903 10.0105 8.48343 7.3462 8.68246 10.6127 11.9927 12.48 12.4674 12.4248 12.2837 12.2177 12.0552 11.935 11.2874 10.1777 9.54877 8.63188 10.1933 10.3636 10.113 10.8902 10.846 9.65821 8.74397 8.62607 9.17601 8.64379 8.54563 8.21424 8.58139 9.57244 9.27476 9.3282 9.77312 9.84381 9.88446 9.89348 9.88634 9.87992 9.86766 9.86388 9.85967 9.8363 9.8221 9.81179 9.7882 9.78021 9.7619 9.74362 9.73061 9.71241 9.68793 9.62767 9.56053 9.61749
-9999 -9999 -9999 -9999 -9999 -9999 5.22223 6.91327 8.83493 10.7161 12.0299 12.5571 12.9396 12.9306 12.5219 12.1666 11.6095 10.7466 10.1523 9.12497 7.71733 10.0563 10.7663 11.3984 11.6574 12.3177 12.2922 11.9764 11.6106 11.9331 11.8265 10.948 10.6546 10.1644 11.0301 11.0264 10.9966 10.9446 9.94001 8.54581 7.43056 8.22489 8.05327 8.4149 7.27303 8.2006 8.94875 9.18864 8.67515 8.2916 9.45838 9.64531 9.75711 9.82727 9.87185 9.85578 9.86318 9.85137 9.84269 9.83333 9.8174 9.8052 9.78873 9.77194 9.75735 9.74039 9.72064 9.69573 9.68861 9.65569 9.63887 9.62276
-9999 -9999 -9999 -9999 -9999 -9999 -9999 5.90313 8.33436 10.5102 11.7194 12.4781 12.8451 12.8332 12.6215 12.3782 12.0303 11.4058 10.6226 9.38845 8.47001 9.03999 9.73503 9.80422 10.2644 11.6159 12.0718 11.4045 9.76395 10.7154 11.78 11.7556 11.6574 11.5488 11.4134 11.2895 11.0257 10.3285 8.20427 7.78025 6.9439 7.03335 6.60199 7.52754 7.17378 8.12598 8.53615 8.68831 7.79934 7.97916 9.01087 9.41859 9.34651 9.59519 9.83349 9.83711 9.83949 9.82844 9.82852 9.82504 9.81538 9.79723 9.78312 9.77102 9.74704 9.73929 9.65417 9.59686 9.48723 9.61013 9.61715 9.60999
-9999 -9999 -9999 -9999 -9999 -9999 -9999 5.40238 7.83475 10.3979 11.2173 12.0354 12.7407 12.7492 12.4282 12.1224 11.8073 11.449 10.5004 9.58006 8.70069 8.40016 8.56763 8.54179 9.29215 11.0559 11.3906 11.2359 9.52113 8.93775 10.3626 11.5593 11.6475 11.532 10.1095 10.4054 9.63565 8.59387 8.30335 7.84456 6.88091 7.33728 6.63022 6.92638 6.8392 7.37773 7.63805 8.27968 7.50431 7.50026 8.51273 9.02372 9.0328 9.56922 9.75785 9.80416 9.81246 9.81692 9.81433 9.81766 9.8073 9.79379 9.77758 9.74602 9.67876 9.48558 8.45112 8.44653 8.72217 8.98297 9.46135 9.58387
-9999 -9999 -9999 -9999 -9999 -9999 -9999 5.67505 7.36113 9.63465 11.3174 11.4181 12.2334 12.6515 12.3028 11.9107 11.5093 11.3301 10.2985 9.16558 8.24859 7.16425 7.33366 8.09857 9.35059 10.4872 10.6836 10.4389 9.5135 9.93671 10.9063 11.418 11.5644 11.4377 11.1231 10.9391 10.3707 10.1213 9.33448 8.10727 7.62081 7.92057 6.61832 6.70408 7.17898 6.66269 7.49827 7.89588 6.89579 7.67485 8.57341 9.03091 9.4304 9.61738 9.68943 9.80192 9.80059 9.80579 9.80629 9.79952 9.79419 9.76981 9.74854 9.63399 9.4677 8.50644 8.10093 8.17322 8.60928 8.99062 9.38017 9.54059
-9999 -9999 -9999 -9999 -9999 -9999 -9999 5.95397 7.47133 9.44172 10.6397 10.8495 11.754 12.5577 12.4614 12.0535 11.9249 11.5019 10.626 9.65889 8.60222 8.08454 6.90395 8.05074 8.95191 9.91337 10.3589 9.59577 9.21205 9.87083 10.526 10.7837 11.446 11.4334 11.2094 10.2639 9.80001 9.9882 9.78597 9.43595 8.58966 8.54712 8.00181 7.7731 7.5569 6.86316 7.29663 7.336 7.44641 8.38735 8.85302 9.16043 9.43966 9.50996 9.62896 9.78447 9.79409 9.79517 9.78959 9.78751 9.7705 9.71961 9.67573 9.45117 9.05792 8.32907 7.14989 7.97025 8.82847 9.07177 9.31593 9.44086
-9999 -9999 -9999 -9999 -9999 -9999 -9999 5.68502 7.29713 8.98015 9.68047 9.79458 11.436 12.4388 12.4346 12.238 12.0092 10.9738 11.0275 10.8148 9.86099 8.47472 6.95274 7.08702 7.98014 9.24924 9.66507 8.41242 7.96738 8.28213 9.27643 10.166 11.0953 11.3268 11.0462 9.57759 8.01742 8.73292 9.49795 9.48844 9.25728 8.47215 8.21949 7.99037 7.41643 6.4477 6.58228 6.84582 7.91079 8.24748 8.76994 9.20315 9.03416 9.12643 9.5405 9.77615 9.78067 9.78026 9.78328 9.77271 9.75314 9.65724 9.55587 9.38937 8.37334 7.73937 6.81624 7.87556 8.45872 8.7559 9.31079 9.43877
-9999 -9999 -9999 -9999 -9999 -9999 -9999 5.17472 6.34285 7.95108 8.59571 9.62749 11.1782 11.9378 12.2988 12.2845 12.1299 11.6627 11.379 10.8263 9.83441 8.48057 6.97628 5.9942 6.48174 8.19198 8.58997 7.43537 6.84715 7.56341 8.62349 10.1967 11.0929 11.2086 11.1209 10.8134 9.67276 8.29602 8.29534 8.9779 8.39737 7.72356 8.08653 8.01363 7.4469 7.03344 6.77684 6.92418 7.52961 7.77938 8.38348 9.27705 9.40145 9.37171 9.74533 9.75979 9.76403 9.77355 9.7682 9.75966 9.7431 9.66395 9.49315 8.81508 8.22299 7.40142 7.29481 8.23406 8.63312 9.01048 9.27951 9.36319
-9999 -9999 -9999 -9999 -9999 -9999 -9999 4.30295 5.67821 7.18423 8.59403 9.92752 11.0744 11.1574 11.7593 11.7523 12.0645 11.9667 11.5329 11.0663 10.2108 8.4738 7.01184 5.41796 5.82833 7.57641 7.78763 7.01478 5.59345 7.04621 8.64927 10.1017 10.8851 10.2594 10.888 10.83 10.3991 9.57729 8.30276 8.32162 7.36543 7.31915 7.80285 7.95669 7.87067 7.5592 7.06448 7.13784 7.50183 7.59257 8.14735 8.83954 9.51612 9.62619 9.75164 9.75272 9.75021 9.75606 9.75253 9.73329 9.69328 9.61077 9.04156 8.36553 7.94686 7.3727 7.29797 8.38112 8.80256 9.03645 9.26786 9.35549
-9999 -9999 -9999 -9999 -9999 -9999 -9999 -9999 5.52715 7.08308 8.23283 8.53795 9.55655 10.1037 10.5257 10.6143 11.8297 11.8905 11.6131 11.1839 10.4532 9.13338 8.21138 6.68221 5.58075 6.0187 6.21196 6.60623 6.48021 7.12399 8.66405 10.2691 10.4382 9.40776 9.55321 9.76153 10.236 9.98694 8.25226 7.36851 6.63423 7.14749 7.68778 7.81502 7.83684 7.72714 7.59732 7.37673 8.10153 8.63672 8.75752 9.22353 9.5664 9.65789 9.72565 9.73001 9.73443 9.72981 9.70471 9.68504 9.59276 9.39222 8.75616 7.23398 7.29913 7.1293 6.65166 7.70289 8.36586 8.96161 9.27516 9.35134
-9999 -9999 -9999 -9999 -9999 -9999 -9999 -9999 4.99768 6.79877 7.17427 7.13965 6.53501 6.80426 9.01644 9.45681 10.6222 11.7252 11.637 11.2158 10.5317 9.74264 8.52482 6.80592 5.43833 4.85078 6.3051 7.72907 8.01808 8.46931 9.41006 9.58313 8.52975 7.54178 8.0865 8.41239 9.67125 9.89656 9.64551 8.59847 7.40221 6.77555 7.505 7.59853 7.63803 7.64221 7.61069 7.572 8.38731 8.83786 9.14905 9.31646 9.6102 9.68204 9.70195 9.72034 9.71028 9.69014 9.63817 9.57962 9.3387 9.04799 8.00957 7.14277 6.6 5.91244 7.44279 7.8829 8.50417 8.90589 9.21751 9.28058
