Test_Spring_2018/04_18/Temp/20180405_006.txt
ncols	170
nrows	115
xllcorner	350000.000000
yllcorner	4445000.000000
cellsize	1000.000000
nodata_value	-9999.000000
[rows 32 to 63 of 115, columns 72 to 143 of 170]
12.2328 12.0356 12.3468 12.6335 12.4639 12.3492 12.8199 12.8222 12.6651 12.2931 12.1581 12.018 11.933 11.455 10.1097 8.89706 9.54966 9.56676 9.11825 9.9266 9.50155 8.39061 6.82176 7.67598 7.45478 6.33939 6.06207 -9999 -9999 -9999 -9999 -9999 -9999 -9999 -9999 -9999 -9999 -9999 -9999 -9999 -9999 -9999 -9999 -9999 -9999 -9999 -9999 -9999 -9999 -9999 -9999 -9999 -9999 -9999 -9999 -9999 -9999 -9999 -9999 -9999 -9999 -9999 -9999 -9999 -9999 -9999 -9999 -9999 -9999 -9999 -9999 -9999
11.9608 11.8776 12.3389 12.332 12.3045 12.4728 12.7665 12.8266 12.7667 12.6058 12.4667 12.3186 11.9393 11.3921 10.2411 8.86049 8.54876 9.22708 9.26113 9.37134 8.98416 8.49738 7.73506 8.36129 8.60505 7.87054 6.91059 6.29393 -9999 -9999 -9999 -9999 -9999 -9999 -9999 -9999 -9999 -9999 -9999 -9999 -9999 -9999 -9999 -9999 -9999 -9999 -9999 -9999 -9999 -9999 -9999 -9999 -9999 -9999 -9999 -9999 -9999 -9999 -9999 -9999 -9999 -9999 -9999 -9999 -9999 -9999 -9999 -9999 -9999 -9999 -9999 -9999
11.6373 11.1951 11.4742 11.6845 12.0681 12.1743 12.2342 12.7836 12.7569 12.7338 12.5025 12.3179 12.0105 11.4839 10.7332 9.82883 8.25265 9.22743 9.991 9.97302 9.93272 9.59214 8.85988 9.47462 9.50445 8.56379 7.4995 6.87442 6.61635 -9999 -9999 -9999 -9999 -9999 -9999 -9999 -9999 -9999 -9999 -9999 -9999 -9999 -9999 -9999 -9999 -9999 -9999 -9999 -9999 -9999 -9999 -9999 -9999 -9999 -9999 -9999 -9999 -9999 -9999 -9999 -9999 -9999 -9999 -9999 -9999 -9999 -9999 -9999 -9999 -9999 -9999 -9999
11.2702 10.7296 11.0104 11.3843 11.9086 12.182 12.3932 12.5591 12.7283 12.7108 12.4739 11.77 11.6713 11.6428 11.1525 10.1212 9.09119 8.82565 9.98965 10.3239 10.2576 10.5185 9.89841 10.1932 10.0738 9.74008 8.71293 7.78062 7.39546 6.63364 -9999 -9999 -9999 -9999 -9999 -9999 -9999 -9999 -9999 -9999 -9999 -9999 -9999 -9999 -9999 -9999 -9999 -9999 -9999 -9999 -9999 -9999 -9999 -9999 -9999 -9999 -9999 -9999 -9999 -9999 -9999 -9999 -9999 -9999 -9999 -9999 -9999 -9999 -9999 -9999 -9999 -9999
-9999 -9999 10.3859 10.892 11.3139 11.8274 12.2739 12.4977 12.7151 12.7001 12.2244 11.9928 11.9745 11.654 11.0876 10.7329 10.0851 9.40999 9.67027 10.6631 10.2236 10.9272 10.869 10.9992 10.5308 9.63689 8.44668 7.7539 7.40937 6.79216 -9999 -9999 -9999 -9999 -9999 -9999 -9999 -9999 -9999 -9999 -9999 -9999 -9999 -9999 -9999 -9999 -9999 -9999 -9999 -9999 -9999 -9999 -9999 -9999 -9999 -9999 -9999 -9999 -9999 -9999 -9999 -9999 -9999 -9999 -9999 -9999 -9999 -9999 -9999 -9999 -9999 -9999
-9999 -9999 -9999 10.795 11.1171 11.8044 12.1618 12.3079 12.6572 12.6603 12.4814 12.3469 12.1507 11.8937 11.4686 10.9993 10.3902 10.3354 10.9712 10.9807 10.8497 10.9552 11.2822 11.1974 10.4681 9.21386 8.55186 7.20238 6.62626 6.68612 6.27814 -9999 -9999 -9999 -9999 -9999 -9999 -9999 -9999 -9999 -9999 -9999 -9999 7.86009 -9999 -9999 -9999 -9999 -9999 -9999 -9999 -9999 -9999 -9999 -9999 -9999 -9999 -9999 -9999 -9999 -9999 -9999 -9999 -9999 5.40827 -9999 -9999 -9999 -9999 -9999 -9999 -9999
-9999 -9999 10.728 11.1563 11.492 11.9238 11.9673 12.2272 12.6285 12.6366 12.5105 12.3675 12.0435 11.9647 11.7236 11.214 11.1112 11.3205 11.4178 11.5278 11.596 11.5432 11.4125 11.243 10.7704 10.1895 9.79974 8.56717 7.9454 7.35084 6.45069 5.74682 -9999 -9999 -9999 -9999 -9999 -9999 -9999 7.38134 7.34932 7.36665 7.56547 8.11207 7.79235 -9999 -9999 -9999 -9999 -9999 -9999 -9999 -9999 -9999 -9999 -9999 -9999 -9999 -9999 -9999 -9999 -9999 -9999 -9999 5.89775 5.18915 -9999 -9999 -9999 -9999 -9999 -9999
-9999 -9999 10.8374 11.2901 11.5177 11.9373 12.1785 12.3385 12.4792 12.6137 12.5938 12.4354 12.1933 12.197 11.8624 11.683 11.5554 11.8378 11.8951 11.7842 11.6446 11.5212 11.1694 11.1296 11.0105 10.642 10.0365 9.41257 8.50847 7.28601 6.08731 5.12075 -9999 -9999 -9999 -9999 -9999 -9999 7.47787 7.93274 8.20579 7.62991 8.1243 8.5761 8.50492 8.06148 -9999 -9999 -9999 -9999 -9999 -9999 -9999 -9999 -9999 -9999 -9999 -9999 -9999 -9999 9.25357 8.52756 7.05943 6.30741 5.85657 5.21229 -9999 -9999 -9999 -9999 -9999 -9999
-9999 -9999 10.7435 11.2778 11.6407 11.9631 12.0171 12.3497 12.4937 12.5671 12.561 12.5314 12.4886 12.197 12.0727 11.6307 12.0576 12.0435 11.9378 11.5139 11.3309 10.6015 10.281 10.2057 10.8209 10.3672 9.41919 8.23394 6.80961 6.71485 6.2443 5.38051 -9999 -9999 -9999 -9999 -9999 -9999 7.61469 8.10118 8.50741 8.56778 7.99521 8.79721 8.76079 8.31296 8.21146 8.579 8.76539 8.62453 9.06148 9.19061 8.99352 9.21169 -9999 -9999 -9999 -9999 9.34803 9.37903 9.40276 9.10112 7.49714 6.40191 5.41836 5.32504 -9999 -9999 -9999 -9999 -9999 -9999
-9999 -9999 11.1067 11.4369 11.6055 11.6355 11.9252 12.2164 12.3942 12.5237 12.5002 12.4921 12.4833 12.3851 12.1538 12.198 12.1811 12.0468 11.2383 10.2941 10.7079 10.1491 8.94705 9.92194 10.459 9.94465 8.79563 7.4632 7.02716 7.04354 6.38874 5.54525 -9999 -9999 -9999 6.2796 6.97566 7.03811 7.24474 7.89313 8.38665 8.75956 9.01322 9.00343 8.73493 8.29671 7.82024 7.99 8.84706 9.05605 9.22816 9.36187 9.1789 9.27507 9.50556 9.62549 9.65112 9.59889 9.58826 9.60865 9.58288 9.30153 7.86776 7.04711 6.52376 5.4668 -9999 -9999 -9999 -9999 -9999 -9999
-9999 -9999 10.8952 11.1828 11.4163 11.8017 11.8452 12.0902 12.2383 12.4537 12.4803 12.2329 12.4417 12.4174 12.3811 12.3013 12.1834 11.5013 10.5602 9.6167 9.18181 9.36808 8.646 9.01566 9.55975 9.36284 8.65636 7.46932 7.30234 7.02646 5.9229 4.86262 -9999 -9999 4.9278 6.26151 7.20131 7.68714 7.83907 7.85542 8.47683 8.52698 9.19532 9.03763 8.15335 8.25265 7.90961 8.13174 8.44429 8.53049 8.98061 9.41458 9.49764 9.50071 9.648 9.67957 9.689 9.687 9.5899 9.63693 9.64554 9.47073 8.43168 7.92549 7.36524 5.47783 -9999 -9999 -9999 -9999 -9999 -9999
-9999 -9999 11.035 11.356 11.7073 11.767 12.0281 12.0063 11.9374 12.2997 12.4333 12.2594 12.1349 12.3712 12.3573 12.3284 12.2793 11.6384 10.8963 9.77172 9.07334 8.64572 8.34266 7.93348 8.2129 8.1277 8.01343 8.14536 7.82008 7.16876 6.52396 5.31554 4.6635 -9999 4.99609 5.59914 6.71658 7.66659 8.27041 8.05609 8.76251 8.89472 9.30035 9.06239 8.52466 8.29256 8.2719 8.20138 8.67584 8.99499 9.21825 9.36927 9.55636 9.60521 9.65453 9.67618 9.68887 9.70179 9.70128 9.69939 9.68007 9.61536 9.13835 8.6313 7.53778 5.53771 -9999 -9999 -9999 -9999 -9999 -9999
-9999 10.1023 10.9946 11.5309 11.7405 11.8928 12.0274 12.1257 12.23 12.3274 12.3944 12.3691 11.9046 11.9451 12.0313 12.2986 12.2818 12.2256 11.8206 10.4518 9.97877 9.28612 8.39045 8.01414 8.20146 8.93622 8.90356 8.41729 7.87546 7.12586 6.65004 5.91017 4.48834 4.61787 5.26031 5.73906 6.49931 7.66017 8.47455 8.83901 8.97768 9.26302 9.41236 9.08396 8.77055 8.63939 8.39656 8.36206 8.36367 8.65028 8.87205 9.37019 9.53836 9.61502 9.65559 9.67835 9.69556 9.71263 9.71989 9.7123 9.71462 9.71234 9.67721 9.00404 7.31655 6.04584 -9999 -9999 -9999 -9999 -9999 -9999
-9999 -9999 10.8263 11.0639 11.1285 11.2392 11.4624 11.7193 12.083 12.1324 12.3333 12.3359 11.9359 11.4736 11.8808 12.0439 12.2127 12.2196 12.1689 11.0171 10.4155 9.94183 9.0829 9.39106 9.68552 9.70787 9.53025 8.48728 7.44869 6.25068 5.13236 5.07981 4.47898 4.79862 5.22374 6.31226 7.07909 7.39146 7.61639 8.79625 9.10327 9.20832 9.51038 9.09946 8.99333 8.68402 8.77549 8.74808 8.74956 7.89345 8.75039 8.80169 9.36195 9.61456 9.67244 9.68985 9.70847 9.7133 9.71872 9.71824 9.72583 9.71813 9.70895 9.27151 7.13309 6.05882 -9999 -9999 -9999 -9999 -9999 -9999
-9999 -9999 -9999 -9999 10.9035 11.0858 11.2039 11.4058 12.0185 12.1855 12.2976 12.31 12.1335 11.6762 11.5576 11.6442 11.1974 11.5745 12.0894 12.0776 12.016 11.0042 10.4849 10.9862 10.8337 10.0726 9.47363 8.8826 7.66655 6.77602 5.49425 4.5322 4.49721 5.56162 6.44607 7.54761 8.03505 7.7614 8.06279 8.64857 9.31433 9.63653 9.56127 9.12799 9.06523 8.5883 9.05614 9.09579 8.87764 8.68918 8.76244 9.03968 9.14608 9.58489 9.69235 9.71258 9.71811 9.72218 9.72258 9.72224 9.71775 9.71444 9.7093 9.69026 7.49206 5.78111 -9999 -9999 -9999 -9999 -9999 -9999
-9999 -9999 -9999 -9999 10.4778 10.5902 10.8801 11.6192 12.0085 12.1674 12.1655 12.2406 12.1172 11.7152 11.3022 10.9126 10.4092 10.7 11.4661 11.9179 11.9699 11.0829 11.5432 11.3702 11.0291 10.0337 9.30015 8.91132 7.74386 6.74401 5.89152 4.71449 5.21971 5.77633 6.49112 7.69266 8.50433 8.83914 8.56199 8.93765 9.70355 9.70869 9.291 9.31836 9.06151 8.40983 9.08729 9.27758 9.12339 9.16302 9.10397 9.20748 9.39597 9.57667 9.69757 9.7155 9.71932 9.7177 9.71978 9.72189 9.71505 9.717 9.71183 9.70135 8.28262 5.74583 -9999 -9999 -9999 -9999 -9999 -9999
-9999 -9999 -9999 -9999 -9999 10.0935 10.7506 11.7306 11.9771 11.9584 12.1634 12.1841 11.993 11.8273 11.3254 10.6385 9.31651 9.65555 10.3608 11.3769 11.911 11.8394 11.5411 11.0253 9.77759 8.68562 8.55294 8.37425 7.52233 6.75236 5.80456 6.35523 6.95868 7.61908 7.96719 7.87959 8.57542 9.14306 8.90505 9.36549 9.90195 9.66011 9.51706 9.39676 9.10023 9.08202 9.1123 9.49685 9.23012 9.39362 9.39608 9.38743 9.47958 9.58588 9.69783 9.71772 9.72 9.72405 9.71337 9.7198 9.71508 9.71016 9.70546 9.69656 9.56863 8.20194 7.38562 -9999 -9999 -9999 -9999 -9999
-9999 -9999 -9999 -9999 -9999 9.48715 9.81661 10.9766 11.3378 11.8522 12.1269 12.1427 11.8179 11.638 10.8889 10.6475 9.42475 8.87206 9.34403 9.16486 10.5633 11.8005 11.5299 9.03299 8.12851 7.48338 7.64905 7.65075 7.41388 6.10312 5.74262 6.91765 7.65827 8.23276 8.66925 8.76182 8.74935 9.63594 9.75536 10.0443 9.98303 10.0105 9.56454 9.28846 9.52761 9.24889 9.20095 9.59828 9.20633 9.56048 9.51707 9.41138 9.40679 9.64145 9.69028 9.71701 9.72033 9.71344 9.70386 9.69896 9.70818 9.70602 9.69416 9.69564 9.68353 9.52048 8.81374 8.56692 8.84112 -9999 -9999 -9999
-9999 -9999 -9999 -9999 -9999 -9999 8.7347 10.3453 11.0837 11.4729 12.0195 12.0883 11.9163 11.6033 10.8404 10.1694 9.07654 7.82771 7.16716 9.15063 10.8768 11.7779 11.6581 9.57974 8.75948 8.72147 9.20468 8.79733 8.48864 7.4927 7.19598 6.78346 7.04006 7.83953 8.49344 9.12484 9.58449 9.62402 9.92269 10.0945 10.1097 10.1639 10.1119 10.0693 9.63638 9.93375 9.68097 9.81478 9.72837 9.65052 9.58199 9.33624 9.51143 9.66699 9.70832 9.7215 9.71432 9.7143 9.70985 9.69732 9.6921 9.69246 9.69211 9.68506 9.68559 9.67748 9.59863 9.17359 8.60446 7.88539 -9999 -9999
-9999 -9999 -9999 -9999 -9999 -9999 7.92822 9.53093 10.3057 11.3011 11.8143 12.024 12 11.7469 11.1679 10.2945 9.56694 8.17264 6.72445 8.80695 10.6615 11.6624 11.7159 9.96766 10.452 10.0609 10.2191 9.50309 9.2061 8.97123 8.45795 7.89681 7.28199 6.95785 8.42402 9.17803 9.78518 10.0725 10.2355 10.3176 10.2759 10.1661 9.51657 10.0124 9.98381 9.93428 9.8775 9.84998 9.79864 9.7383 9.70112 9.68922 9.52662 9.71239 9.70899 9.71341 9.71628 9.71344 9.70616 9.69991 9.69158 9.69289 9.68715 9.68165 9.67794 9.67531 9.67051 9.64756 9.535 8.5693 7.99199 7.82883
-9999 -9999 -9999 -9999 -9999 -9999 5.67722 8.00723 9.88037 10.8604 11.6573 11.8791 11.9639 11.6232 11.3689 10.7435 10.1511 9.23556 7.86311 7.0183 8.57808 10.8434 11.6789 11.6121 11.5602 11.1081 10.7008 10.65 10.6814 10.2073 9.51533 8.61338 8.33211 8.01754 9.11008 9.26017 9.1826 10.3833 10.3877 10.321 9.86343 9.35129 9.44935 9.13114 9.37241 8.99336 9.34166 9.64278 9.75532 9.7462 9.70473 9.69904 9.68219 9.71446 9.71558 9.7122 9.71011 9.70986 9.70721 9.69498 9.68863 9.69503 9.68629 9.68016 9.67314 9.67198 9.66991 9.65311 9.63791 9.48993 9.26725 8.84026
-9999 -9999 -9999 -9999 -9999 -9999 5.77189 7.73323 9.39643 10.3937 11.3542 11.5796 11.9057 11.8389 11.5723 11.029 10.3492 9.59606 8.41885 7.54401 8.58684 10.0924 11.1698 11.554 11.5507 11.5253 11.4236 11.38 11.2618 11.1775 10.6829 9.82936 9.34896 8.64516 9.86235 10.0007 9.81253 10.4207 10.3918 9.47601 8.77192 8.68487 9.11613 8.70735 8.63306 8.37767 8.66557 9.43715 9.2104 9.25519 9.60341 9.66195 9.69818 9.70954 9.7087 9.70876 9.70462 9.70734 9.70998 9.69794 9.69312 9.69134 9.67922 9.67713 9.66873 9.66183 9.65532 9.64663 9.63293 9.59137 9.54503 9.59232
-9999 -9999 -9999 -9999 -9999 -9999 5.80587 7.12795 8.6249 10.0922 11.1176 11.5331 11.8363 11.8359 11.5255 11.2565 10.8311 10.1687 9.7146 8.925 7.84073 9.66111 10.2213 10.7176 10.9256 11.4451 11.433 11.1959 10.92 11.1774 11.1013 10.4274 10.207 9.83381 10.5116 10.515 10.498 10.4633 9.68997 8.61426 7.75449 8.37479 8.24602 8.53133 7.64808 8.37184 8.9552 9.14449 8.74809 8.45432 9.36234 9.51184 9.60268 9.66152 9.70081 9.69339 9.70446 9.70089 9.69997 9.69869 9.69242 9.68907 9.68238 9.67536 9.66764 9.66184 9.65223 9.63948 9.6393 9.61668 9.60872 9.59944
-9999 -9999 -9999 -9999 -9999 -9999 -9999 6.34492 8.23929 9.93313 10.8776 11.4726 11.7639 11.7614 11.6038 11.4218 11.1586 10.6811 10.0806 9.13076 8.42574 8.87474 9.42372 9.48357 9.84777 10.903 11.264 10.7542 9.49142 10.2353 11.0678 11.0558 10.9866 10.909 10.8093 10.7196 10.521 9.98635 8.34503 8.02273 7.37935 7.45341 7.12348 7.84634 7.57399 8.31587 8.63745 8.75896 8.07339 8.21637 9.02051 9.34052 9.2888 9.48599 9.67448 9.68234 9.68948 9.68644 9.69223 9.69541 9.69388 9.68673 9.68184 9.67846 9.66317 9.66464 9.6044 9.56557 9.48602 9.58657 9.59717 9.59918
-9999 -9999 -9999 -9999 -9999 -9999 -9999 5.96042 7.85324 9.84734 10.4896 11.1307 11.6843 11.6976 11.4555 11.2251 10.9874 10.7164 9.98782 9.28121 8.60652 8.38069 8.51782 8.50701 9.09606 10.4708 10.7377 10.6251 9.30375 8.85865 9.97026 10.9049 10.9799 10.897 9.80063 10.0362 9.44548 8.64363 8.42394 8.07358 7.33161 7.69024 7.14674 7.38076 7.31636 7.73776 7.94339 8.44458 7.84728 7.84797 8.63739 9.03763 9.04896 9.46932 9.62031 9.6612 9.67288 9.68179 9.68543 9.69381 9.69168 9.68717 9.68056 9.662 9.61569 9.46886 8.67453 8.67663 8.89585 9.10344 9.47752 9.58266
-9999 -9999 -9999 -9999 -9999 -9999 -9999 6.17304 7.48731 9.2569 10.5684 10.6535 11.2924 11.6233 11.3598 11.0625 10.7581 10.626 9.83304 8.96175 8.25792 7.4245 7.56312 8.1635 9.14337 10.0318 10.1915 10.009 9.29948 9.63459 10.3931 10.7967 10.9168 10.8251 10.5876 10.451 10.0164 9.82887 9.22444 8.27845 7.90649 8.14382 7.13906 7.21012 7.5827 7.1855 7.83727 8.14948 7.37816 7.98674 8.68745 9.04638 9.36049 9.51006 9.57073 9.66296 9.66717 9.67662 9.68259 9.68306 9.68473 9.6717 9.66109 9.57814 9.45502 8.71554 8.40588 8.46764 8.81132 9.11248 9.42288 9.5529
-9999 -9999 -9999 -9999 -9999 -9999 -9999 6.39046 7.57393 9.10854 10.0443 10.2139 10.922 11.5519 11.4841 11.1747 11.0819 10.7608 10.0887 9.34595 8.53389 8.13977 7.23185 8.12827 8.83632 9.58895 9.94164 9.35795 9.06754 9.58521 10.1 10.3065 10.8265 10.8232 10.6559 9.92902 9.57538 9.72705 9.57587 9.30993 8.6591 8.63116 8.21329 8.0407 7.87766 7.34307 7.68327 7.71792 7.80809 8.54191 8.90718 9.14989 9.37089 9.43009 9.52722 9.65283 9.66552 9.67176 9.67297 9.67702 9.66957 9.63591 9.60771 9.43943 9.14035 8.58104 7.67149 8.31324 8.98429 9.18335 9.37669 9.4794
-9999 -9999 -9999 -9999 -9999 -9999 -9999 6.18312 7.44005 8.7519 9.30187 9.39736 10.6768 11.4611 11.4647 11.3192 11.1487 10.353 10.4016 10.2437 9.51147 8.44404 7.2715 7.38301 8.08145 9.07609 9.40572 8.44249 8.10451 8.35545 9.13308 9.82939 10.5564 10.7423 10.5311 9.39867 8.19516 8.75562 9.3543 9.35238 9.17844 8.57491 8.38398 8.21116 7.77089 7.02221 7.13188 7.34043 8.17095 8.43627 8.84568 9.18601 9.05965 9.13596 9.46189 9.64966 9.65841 9.66347 9.67132 9.66873 9.65925 9.59065 9.51784 9.39454 8.61266 8.12692 7.41868 8.24283 8.70072 8.9401 9.37633 9.48158
-9999 -9999 -9999 -9999 -9999 -9999 -9999 5.78864 6.70141 7.95531 8.46213 9.26904 10.4782 11.074 11.3608 11.3567 11.2437 10.8885 10.6757 10.2543 9.49257 8.45033 7.29154 6.53765 6.92311 8.25852 8.57333 7.68706 7.23808 7.80028 8.62891 9.85521 10.5566 10.6526 10.5909 10.3587 9.48041 8.41893 8.42404 8.95863 8.51389 7.99668 8.28305 8.23139 7.79677 7.48088 7.28517 7.40403 7.8781 8.07612 8.54892 9.24622 9.34736 9.32915 9.62377 9.6401 9.64864 9.66141 9.66275 9.66172 9.65453 9.59889 9.47223 8.95234 8.4991 7.86796 7.79104 8.52374 8.84397 9.14092 9.35569 9.42676
-9999 -9999 -9999 -9999 -9999 -9999 -9999 5.11393 6.1873 7.36199 8.46202 9.50284 10.3989 10.4703 10.9438 10.9454 11.1944 11.1257 10.7965 10.442 9.786 8.44678 7.32087 6.09276 6.41844 7.77963 7.95512 7.36311 6.26833 7.40151 8.65109 9.78378 10.3977 9.91913 10.4127 10.3739 10.0458 9.41453 8.43212 8.45221 7.71626 7.68552 8.06549 8.18961 8.12768 7.89089 7.50961 7.57221 7.85919 7.93398 8.3686 8.90984 9.4391 9.52932 9.6316 9.63758 9.64091 9.65083 9.65358 9.64424 9.61887 9.56061 9.12509 8.60679 8.28801 7.8487 7.79654 8.64368 8.97855 9.16447 9.35022 9.4245
-9999 -9999 -9999 -9999 -9999 -9999 -9999 -9999 6.07134 7.28474 8.1832 8.42683 9.22352 9.65471 9.98883 10.0645 11.0138 11.068 10.8601 10.5346 9.9755 8.95976 8.2525 7.07464 6.2284 6.57335 6.73576 7.0486 6.95804 7.46416 8.66497 9.91601 10.0538 9.26147 9.38057 9.54822 9.92203 9.73475 8.39562 7.71597 7.15202 7.55503 7.97884 8.08233 8.10398 8.02359 7.9254 7.7604 8.32668 8.74603 8.84424 9.21017 9.48077 9.55661 9.61419 9.62275 9.63147 9.63329 9.61933 9.60966 9.54378 9.39402 8.90669 7.73246 7.78878 7.66296 7.29853 8.12414 8.64151 9.10983 9.35937 9.42491
-9999 -9999 -9999 -9999 -9999 -9999 -9999 -9999 5.66203 7.06553 7.3638 7.34408 6.88241 7.09816 8.8201 9.16852 10.079 10.9412 10.88 10.5608 10.0379 9.43367 8.49719 7.17234 6.11991 5.67292 6.80632 7.92135 8.15265 8.5096 9.24593 9.387 8.57714 7.81782 8.24649 8.50533 9.48721 9.66768 9.47866 8.67239 7.75026 7.26952 7.83992 7.9172 7.95249 7.96033 7.9405 7.91327 8.55076 8.90449 9.15028 9.28473 9.51725 9.57788 9.59838 9.61783 9.61535 9.60515 9.57038 9.5306 9.34951 9.12988 8.33066 7.66453 7.24962 6.72251 7.91478 8.26674 8.75451 9.06992 9.31808 9.37359
