Test_Spring_2018/04_18/Temp/20180414_018.txt
ncols	170
nrows	115
xllcorner	350000.000000
yllcorner	4445000.000000
cellsize	1000.000000
nodata_value	-9999.000000
[rows 32 to 63 of 115, columns 72 to 143 of 170]
19.5453 19.4665 19.6023 19.7276 19.6423 19.582 19.7838 19.787 19.723 19.5683 19.514 19.4578 19.425 19.2261 18.6603 18.1505 18.4296 18.4395 18.2521 18.5958 18.4174 17.9483 17.2849 17.646 17.5517 17.0545 16.9281 -9999 -9999 -9999 -9999 -9999 -9999 -9999 -9999 -9999 -9999 -9999 -9999 -9999 -9999 -9999 -9999 -9999 -9999 -9999 -9999 -9999 -9999 -9999 -9999 -9999 -9999 -9999 -9999 -9999 -9999 -9999 -9999 -9999 -9999 -9999 -9999 -9999 -9999 -9999 -9999 -9999 -9999 -9999 -9999 -9999
19.4305 19.3999 19.5992 19.6003 19.5773 19.6343 19.7614 19.7892 19.7664 19.701 19.6451 19.5855 19.4282 19.1999 18.7163 18.1354 18.0063 18.2958 18.3123 18.3606 18.1981 17.9928 17.6706 17.9351 18.0375 17.715 17.2856 17.0119 -9999 -9999 -9999 -9999 -9999 -9999 -9999 -9999 -9999 -9999 -9999 -9999 -9999 -9999 -9999 -9999 -9999 -9999 -9999 -9999 -9999 -9999 -9999 -9999 -9999 -9999 -9999 -9999 -9999 -9999 -9999 -9999 -9999 -9999 -9999 -9999 -9999 -9999 -9999 -9999 -9999 -9999 -9999 -9999
19.2944 19.1118 19.2341 19.327 19.4633 19.5091 19.5367 19.7714 19.7627 19.7558 19.6609 19.5859 19.4591 19.2396 18.9252 18.5457 17.8817 18.2964 18.6214 18.6153 18.5993 18.4557 18.146 18.4055 18.4173 17.9985 17.5211 17.2561 17.1466 -9999 -9999 -9999 -9999 -9999 -9999 -9999 -9999 -9999 -9999 -9999 -9999 -9999 -9999 -9999 -9999 -9999 -9999 -9999 -9999 -9999 -9999 -9999 -9999 -9999 -9999 -9999 -9999 -9999 -9999 -9999 -9999 -9999 -9999 -9999 -9999 -9999 -9999 -9999 -9999 -9999 -9999 -9999
19.1402 18.9159 19.0387 19.2007 19.4097 19.5155 19.6045 19.6771 19.7513 19.7467 19.6496 19.3551 19.3166 19.3079 19.1037 18.6705 18.2375 18.1275 18.6217 18.7644 18.7372 18.8477 18.5852 18.7091 18.6574 18.5046 18.0485 17.6379 17.4744 17.152 -9999 -9999 -9999 -9999 -9999 -9999 -9999 -9999 -9999 -9999 -9999 -9999 -9999 -9999 -9999 -9999 -9999 -9999 -9999 -9999 -9999 -9999 -9999 -9999 -9999 -9999 -9999 -9999 -9999 -9999 -9999 -9999 -9999 -9999 -9999 -9999 -9999 -9999 -9999 -9999 -9999 -9999
-9999 -9999 18.7756 18.9772 19.1606 19.3662 19.5547 19.6518 19.7464 19.743 19.545 19.4504 19.4461 19.314 19.0778 18.9308 18.6595 18.3763 18.4881 18.9091 18.7238 19.0213 18.9959 19.0498 18.85 18.4495 17.9348 17.625 17.4782 17.2166 -9999 -9999 -9999 -9999 -9999 -9999 -9999 -9999 -9999 -9999 -9999 -9999 -9999 -9999 -9999 -9999 -9999 -9999 -9999 -9999 -9999 -9999 -9999 -9999 -9999 -9999 -9999 -9999 -9999 -9999 -9999 -9999 -9999 -9999 -9999 -9999 -9999 -9999 -9999 -9999 -9999 -9999
-9999 -9999 -9999 18.937 19.0778 19.3707 19.5081 19.5722 19.7226 19.727 19.6547 19.6014 19.5221 19.417 19.2408 19.0455 18.7907 18.7698 19.0403 19.0453 18.99 19.0341 19.1712 19.1335 18.8125 18.2696 17.9867 17.3899 17.1446 17.1689 16.9959 -9999 -9999 -9999 -9999 -9999 -9999 -9999 -9999 -9999 -9999 -9999 -9999 17.7125 -9999 -9999 -9999 -9999 -9999 -9999 -9999 -9999 -9999 -9999 -9999 -9999 -9999 -9999 -9999 -9999 -9999 -9999 -9999 -9999 16.769 -9999 -9999 -9999 -9999 -9999 -9999 -9999
-9999 -9999 18.9226 19.0932 19.2369 19.4214 19.4288 19.5387 19.7112 19.7178 19.6679 19.6113 19.4783 19.449 19.3508 19.1387 19.0983 19.1891 19.2318 19.279 19.3076 19.2843 19.2271 19.1529 18.9308 18.6813 18.5127 17.9797 17.6998 17.4466 17.0649 16.7671 -9999 -9999 -9999 -9999 -9999 -9999 -9999 17.4857 17.4775 17.4903 17.5797 17.8162 17.686 -9999 -9999 -9999 -9999 -9999 -9999 -9999 -9999 -9999 -9999 -9999 -9999 -9999 -9999 -9999 -9999 -9999 -9999 -9999 16.9747 16.6812 -9999 -9999 -9999 -9999 -9999 -9999
-9999 -9999 18.9581 19.1507 19.2482 19.4271 19.531 19.5864 19.6486 19.7088 19.7041 19.6413 19.5433 19.5493 19.412 19.3399 19.2891 19.411 19.4367 19.3903 19.3306 19.2768 19.1254 19.1051 19.0325 18.8717 18.6107 18.3421 17.9347 17.4151 16.9065 16.4971 -9999 -9999 -9999 -9999 -9999 -9999 17.5165 17.7146 17.8358 17.598 17.8128 18.0094 17.9845 17.7884 -9999 -9999 -9999 -9999 -9999 -9999 -9999 -9999 -9999 -9999 -9999 -9999 -9999 -9999 18.367 18.0665 17.452 17.1403 16.9559 16.6896 -9999 -9999 -9999 -9999 -9999 -9999
-9999 -9999 18.92 19.1465 19.3007 19.438 19.4622 19.6033 19.6551 19.6896 19.6911 19.6831 19.6699 19.5514 19.5036 19.3209 19.505 19.5015 19.4583 19.2792 19.2008 18.89 18.751 18.698 18.9525 18.7544 18.3473 17.84 17.2186 17.169 16.9677 16.6012 -9999 -9999 -9999 -9999 -9999 -9999 17.5693 17.7811 17.9592 17.9909 17.7547 18.0997 18.0771 17.8927 17.8546 18.0147 18.0982 18.0299 18.2185 18.2792 18.2021 18.3008 -9999 -9999 -9999 -9999 18.3921 18.4119 18.4287 18.3077 17.6358 17.1789 16.7691 16.733 -9999 -9999 -9999 -9999 -9999 -9999
-9999 -9999 19.0752 19.2147 19.2861 19.2992 19.4227 19.5461 19.6131 19.6729 19.6674 19.669 19.6706 19.6346 19.542 19.5655 19.5624 19.5086 19.1683 18.7693 18.9434 18.7011 18.1826 18.5795 18.7996 18.5746 18.081 17.5101 17.306 17.3031 17.023 16.6617 -9999 -9999 -9999 16.9806 17.28 17.3121 17.4058 17.6866 17.902 18.0681 18.1818 18.175 18.064 17.8836 17.6869 17.7633 18.1303 18.2232 18.2871 18.3497 18.2785 18.3257 18.4298 18.4873 18.505 18.4898 18.4923 18.5078 18.5037 18.3913 17.7912 17.4504 17.2353 16.7906 -9999 -9999 -9999 -9999 -9999 -9999
-9999 -9999 18.9915 19.1127 19.2112 19.3692 19.3884 19.4936 19.5574 19.6432 19.6592 19.56 19.6542 19.65 19.6406 19.6122 19.5667 19.2814 18.8851 18.4863 18.3009 18.3726 18.0621 18.2031 18.4255 18.3273 18.0129 17.5028 17.4249 17.2908 16.8167 16.3665 -9999 -9999 16.398 16.9662 17.3691 17.5808 17.6518 17.6658 17.9359 17.9641 18.2535 18.1855 17.8145 17.8616 17.7224 17.8208 17.9565 17.9974 18.1819 18.3699 18.4113 18.4191 18.4881 18.5083 18.5192 18.5254 18.4913 18.5182 18.5287 18.4615 18.0286 17.8209 17.5881 16.7947 -9999 -9999 -9999 -9999 -9999 -9999
-9999 -9999 19.0509 19.1858 19.3338 19.3588 19.4696 19.4566 19.4286 19.5851 19.6392 19.5716 19.5254 19.6321 19.6327 19.6264 19.6105 19.3429 19.0309 18.5553 18.2581 18.0701 17.936 17.7392 17.8485 17.8031 17.7454 17.7921 17.6385 17.3451 17.0677 16.5514 16.275 -9999 16.4198 16.6793 17.1576 17.5661 17.8289 17.746 18.0525 18.1159 18.2881 18.1936 17.9694 17.8753 17.8713 17.846 18.0512 18.1912 18.2802 18.35 18.4341 18.4613 18.4889 18.5049 18.5173 18.5299 18.5368 18.5431 18.5418 18.5212 18.3261 18.1163 17.6598 16.8187 -9999 -9999 -9999 -9999 -9999 -9999
-9999 18.6696 19.0346 19.26 19.3474 19.4111 19.4679 19.5103 19.5551 19.5951 19.6279 19.618 19.4285 19.453 19.4966 19.6161 19.6143 19.5943 19.425 18.846 18.6415 18.3364 17.9502 17.7745 17.8435 18.1437 18.1192 17.9031 17.6642 17.3289 17.1145 16.7982 16.1941 16.25 16.5247 16.7319 17.0595 17.5578 17.9101 18.0725 18.1394 18.263 18.333 18.1994 18.0703 18.0199 17.9218 17.9117 17.9166 18.0421 18.1314 18.3481 18.4253 18.4633 18.4873 18.5039 18.5183 18.5327 18.543 18.5469 18.5549 18.5608 18.5513 18.2727 17.5656 17.033 -9999 -9999 -9999 -9999 -9999 -9999
-9999 -9999 18.9638 19.0623 19.0879 19.1336 19.2275 19.3366 19.491 19.5146 19.6034 19.6073 19.4419 19.2542 19.4341 19.51 19.5871 19.5941 19.5748 19.0813 18.8227 18.6161 18.2446 18.3576 18.4709 18.4686 18.3817 17.9289 17.4787 16.9533 16.4733 16.4461 16.1849 16.3201 16.503 16.9683 17.2992 17.4389 17.5425 18.0503 18.1853 18.2365 18.3712 18.2037 18.1625 18.0367 18.08 18.0727 18.0775 17.7194 18.0778 18.1053 18.3484 18.4617 18.4924 18.5068 18.5219 18.5312 18.5408 18.5478 18.5581 18.5608 18.5637 18.385 17.4866 17.0371 -9999 -9999 -9999 -9999 -9999 -9999
-9999 -9999 -9999 -9999 18.9919 19.0675 19.1167 19.2023 19.4618 19.5351 19.5863 19.5967 19.5282 19.3399 19.2977 19.3417 19.1588 19.3207 19.5389 19.532 19.5016 19.0668 18.8316 19.0325 18.9559 18.6213 18.3552 18.0927 17.5666 17.1708 16.621 16.2087 16.1908 16.6405 17.0148 17.4858 17.6988 17.591 17.7273 17.9817 18.2714 18.4153 18.3905 18.2137 18.1909 17.9942 18.1966 18.2176 18.1294 18.0536 18.0808 18.2039 18.255 18.447 18.4992 18.5145 18.5241 18.5331 18.5407 18.5478 18.5527 18.5581 18.5625 18.5607 17.637 16.9182 -9999 -9999 -9999 -9999 -9999 -9999
-9999 -9999 -9999 -9999 18.8107 18.8565 18.9782 19.2909 19.4559 19.5256 19.5286 19.5655 19.5196 19.3566 19.1891 19.0319 18.8245 18.951 19.2758 19.465 19.4824 19.1002 19.2791 19.1943 19.0374 18.6032 18.2796 18.1021 17.596 17.1536 16.7851 16.2815 16.4919 16.7267 17.031 17.5434 17.8937 18.0434 17.9342 18.1015 18.4337 18.4437 18.2741 18.2922 18.1874 17.9167 18.2078 18.2924 18.2312 18.2518 18.2232 18.2728 18.3586 18.4415 18.4993 18.5139 18.5227 18.5294 18.5377 18.5458 18.5499 18.5576 18.562 18.5639 17.9698 16.9018 -9999 -9999 -9999 -9999 -9999 -9999
-9999 -9999 -9999 -9999 -9999 18.6451 18.9221 19.3365 19.4411 19.4356 19.5261 19.5399 19.4653 19.4023 19.1975 18.9144 18.361 18.5079 18.807 19.2349 19.4562 19.4188 19.2768 19.0469 18.5064 18.0312 17.9616 17.8728 17.5 17.1549 16.7459 16.973 17.2249 17.5035 17.6528 17.6203 17.9215 18.1695 18.0773 18.2805 18.5157 18.4211 18.3678 18.3234 18.2019 18.1991 18.2164 18.3832 18.2744 18.3474 18.3449 18.347 18.3921 18.4435 18.4976 18.513 18.5212 18.5303 18.5332 18.5432 18.5482 18.553 18.5576 18.5602 18.5122 17.939 17.5993 -9999 -9999 -9999 -9999 -9999
-9999 -9999 -9999 -9999 -9999 18.3872 18.5257 19.0164 19.1695 19.3894 19.5093 19.5209 19.3896 19.3193 19.0103 18.9156 18.4046 18.1732 18.3737 18.296 18.8831 19.3995 19.2693 18.2017 17.8067 17.5207 17.5776 17.5654 17.453 16.8793 16.7189 17.2102 17.5202 17.7626 17.9492 17.9926 17.9941 18.3774 18.4355 18.566 18.5483 18.5676 18.3861 18.2757 18.3807 18.2678 18.252 18.4243 18.2625 18.4162 18.3943 18.3554 18.3596 18.4653 18.4927 18.511 18.5195 18.524 18.5274 18.5325 18.5435 18.5495 18.5511 18.5581 18.5591 18.4951 18.2017 18.1028 18.2241 -9999 -9999 -9999
-9999 -9999 -9999 -9999 -9999 -9999 18.0669 18.7484 19.061 19.228 19.4627 19.4966 19.4263 19.3016 18.9865 18.7098 18.2535 17.7296 17.4479 18.2851 19.0111 19.3857 19.3196 18.4297 18.0709 18.0425 18.2343 18.0497 17.9076 17.4673 17.3343 17.1545 17.26 17.5958 17.8749 18.1468 18.3479 18.3726 18.5078 18.5861 18.6005 18.6309 18.6159 18.6042 18.4249 18.5556 18.4533 18.5142 18.4817 18.4528 18.42 18.322 18.4022 18.4745 18.4987 18.511 18.5153 18.5226 18.5281 18.5302 18.5348 18.5418 18.5484 18.5518 18.5582 18.5598 18.5321 18.3578 18.1225 17.8237 -9999 -9999
-9999 -9999 -9999 -9999 -9999 -9999 17.7247 18.4031 18.7312 19.1546 19.374 19.4623 19.4589 19.359 19.1211 18.7583 18.4562 17.8705 17.2602 18.1379 18.9142 19.3316 19.3464 18.5899 18.7838 18.607 18.6623 18.3482 18.2119 18.0939 17.87 17.6279 17.3621 17.2248 17.8477 18.1713 18.4345 18.5636 18.641 18.6845 18.6705 18.6304 18.3624 18.5784 18.5699 18.554 18.5347 18.5274 18.5099 18.4886 18.4688 18.4697 18.4071 18.4914 18.497 18.506 18.5144 18.5205 18.5248 18.5295 18.5331 18.5407 18.5444 18.5485 18.5532 18.5571 18.5608 18.5567 18.5147 18.1117 17.8729 17.8079
-9999 -9999 -9999 -9999 -9999 -9999 16.7717 17.7579 18.5494 18.9663 19.2994 19.3986 19.4406 19.303 19.2019 18.9434 18.6979 18.3145 17.736 17.3789 18.0318 18.9853 19.3257 19.2811 19.2494 19.0479 18.8652 18.8336 18.8373 18.6187 18.3155 17.9303 17.8085 17.6762 18.141 18.2089 18.1821 18.697 18.7068 18.6868 18.5016 18.2857 18.3339 18.2039 18.3095 18.1542 18.3063 18.4382 18.4902 18.4907 18.4688 18.4711 18.4704 18.491 18.4983 18.5039 18.5102 18.5174 18.5235 18.5256 18.5301 18.5398 18.5429 18.547 18.5493 18.5539 18.5589 18.5576 18.5568 18.4998 18.4112 18.2347
-9999 -9999 -9999 -9999 -9999 -9999 16.8097 17.6393 18.3444 18.7588 19.1691 19.2694 19.4129 19.3905 19.2836 19.0591 18.7762 18.461 17.965 17.5952 18.0348 18.6616 19.1114 19.2578 19.242 19.2223 19.1702 19.1388 19.0802 19.0265 18.8124 18.4462 18.2421 17.9453 18.4628 18.5255 18.4514 18.7152 18.7103 18.3306 18.0405 18.0112 18.1915 18.0247 17.9966 17.892 18.0186 18.3497 18.2572 18.2808 18.4228 18.4539 18.4759 18.4874 18.4939 18.5009 18.5063 18.5146 18.523 18.5251 18.5302 18.5364 18.5382 18.5439 18.5468 18.549 18.5512 18.5534 18.5534 18.5415 18.5277 18.5517
-9999 -9999 -9999 -9999 -9999 -9999 16.8269 17.3829 18.0178 18.6295 19.067 19.2472 19.3805 19.3855 19.2594 19.1504 18.9745 18.6974 18.5071 18.1734 17.7136 18.4807 18.7049 18.8994 18.9775 19.1885 19.1744 19.0655 18.9254 19.0288 18.9895 18.7024 18.6086 18.4518 18.741 18.7464 18.7443 18.7357 18.4153 17.9673 17.6108 17.8802 17.8324 17.9485 17.578 17.8885 18.1401 18.2249 18.0604 17.9409 18.3192 18.3891 18.4341 18.4656 18.4891 18.4929 18.5047 18.5103 18.5171 18.5237 18.5281 18.5337 18.5378 18.5415 18.5447 18.5474 18.5495 18.5503 18.5561 18.5512 18.5537 18.5538
-9999 -9999 -9999 -9999 -9999 -9999 -9999 17.0549 17.8437 18.5627 18.9655 19.221 19.3484 19.3518 19.2896 19.2168 19.109 18.9096 18.6571 18.2555 17.956 18.1433 18.3615 18.3712 18.5183 18.9571 19.1023 18.8793 18.3253 18.6305 18.9793 18.9723 18.9425 18.9106 18.8704 18.8361 18.7568 18.5362 17.8481 17.7183 17.4528 17.4906 17.3573 17.6565 17.544 17.863 18.004 18.0602 17.7751 17.8275 18.1741 18.3158 18.3004 18.3905 18.4765 18.4867 18.4968 18.5026 18.5122 18.5206 18.527 18.5315 18.5363 18.5417 18.5417 18.5473 18.5281 18.5178 18.4901 18.5386 18.549 18.5542
-9999 -9999 -9999 -9999 -9999 -9999 -9999 16.8764 17.6789 18.5249 18.7996 19.0742 19.3121 19.3217 19.2232 19.1293 19.0318 18.9195 18.6126 18.3139 18.0275 17.9298 17.9844 17.9538 18.1971 18.7723 18.8789 18.8251 18.2415 18.0496 18.5171 18.911 18.9426 18.9086 18.4472 18.5502 18.3046 17.9704 17.8831 17.7408 17.433 17.5907 17.3668 17.4715 17.433 17.6165 17.7086 17.9256 17.678 17.6698 18.0103 18.1861 18.1974 18.3819 18.4526 18.4768 18.4887 18.4996 18.5082 18.5188 18.5249 18.53 18.5342 18.5331 18.5202 18.4645 18.1334 18.1405 18.2394 18.3333 18.4956 18.5466
-9999 -9999 -9999 -9999 -9999 -9999 -9999 16.9648 17.5227 18.2736 18.8312 18.8703 19.144 19.2875 19.1794 19.0568 18.9307 18.8768 18.5426 18.1743 17.8757 17.5213 17.5771 17.8273 18.2141 18.5847 18.6469 18.5647 18.2398 18.3786 18.6975 18.8672 18.9181 18.8805 18.7823 18.7277 18.5479 18.4732 18.2226 17.8279 17.6762 17.7823 17.3629 17.3985 17.5614 17.3808 17.6618 17.799 17.478 17.7269 18.0298 18.1881 18.3276 18.3977 18.4302 18.4761 18.4848 18.4959 18.5054 18.5127 18.5204 18.5219 18.5244 18.4961 18.4508 18.1447 18.0184 18.051 18.2026 18.3363 18.472 18.5334
-9999 -9999 -9999 -9999 -9999 -9999 -9999 17.0554 17.558 18.2095 18.608 18.6827 18.9853 19.2548 19.2292 19.1011 19.0642 18.9301 18.6468 18.3329 17.9887 17.8205 17.434 17.8099 18.0815 18.3954 18.5401 18.2673 18.1414 18.358 18.5742 18.661 18.8813 18.8812 18.8126 18.5082 18.3623 18.4308 18.3716 18.2642 17.9942 17.9878 17.8164 17.7487 17.685 17.4453 17.5946 17.6146 17.6577 17.9598 18.1209 18.2302 18.3304 18.3623 18.4102 18.4703 18.4826 18.4923 18.4999 18.5086 18.5125 18.5053 18.5003 18.436 18.3164 18.0865 17.7066 17.9845 18.2748 18.3655 18.4518 18.5018
-9999 -9999 -9999 -9999 -9999 -9999 -9999 16.9665 17.5002 18.0575 18.2927 18.3358 18.8799 19.2145 19.2187 19.1596 19.0896 18.7546 18.7761 18.7095 18.3992 17.9463 17.4482 17.4925 17.7736 18.1765 18.3121 17.8787 17.7332 17.8374 18.1652 18.4594 18.7674 18.8474 18.7602 18.2841 17.7786 18.0197 18.2775 18.2815 18.213 17.9629 17.8873 17.8195 17.6385 17.3231 17.3592 17.4529 17.7944 17.9132 18.0931 18.2437 18.1971 18.2362 18.381 18.4674 18.4781 18.4873 18.4977 18.5036 18.5067 18.4847 18.4609 18.4157 18.0918 17.8932 17.5987 17.9537 18.154 18.2598 18.451 18.5022
-9999 -9999 -9999 -9999 -9999 -9999 -9999 16.7986 17.1868 17.7196 17.9365 18.2804 18.7946 19.0493 19.1731 19.1736 19.1277 18.9789 18.8897 18.7116 18.3888 17.9467 17.4545 17.1331 17.293 17.8288 17.95 17.5576 17.3654 17.6016 17.9511 18.4696 18.7669 18.8089 18.7849 18.6895 18.3214 17.8763 17.8828 18.1136 17.9304 17.7167 17.843 17.8263 17.6477 17.5192 17.4216 17.477 17.6684 17.7589 17.9656 18.2674 18.3171 18.3163 18.4479 18.4618 18.4724 18.4849 18.4925 18.4992 18.5032 18.4867 18.4402 18.2273 18.0425 17.7825 17.7568 18.0715 18.2136 18.3439 18.4416 18.4785
-9999 -9999 -9999 -9999 -9999 -9999 -9999 16.5125 16.9686 17.4679 17.9357 18.3785 18.7602 18.7929 18.9957 18.9985 19.1056 19.0777 18.9392 18.7893 18.5112 17.9434 17.4652 16.9432 17.0779 17.6394 17.6717 17.4187 16.9535 17.4312 17.9589 18.4378 18.6981 18.497 18.7078 18.6941 18.5587 18.2955 17.8843 17.8974 17.5909 17.583 17.7488 17.8066 17.7856 17.6907 17.5307 17.5458 17.6583 17.6967 17.8874 18.1233 18.3541 18.3992 18.4495 18.4591 18.4676 18.4788 18.4871 18.4903 18.4866 18.4691 18.2919 18.0798 17.952 17.7731 17.7581 18.1215 18.2696 18.3532 18.4387 18.4771
-9999 -9999 -9999 -9999 -9999 -9999 -9999 -9999 16.9191 17.4347 17.8173 17.923 18.2626 18.4475 18.5913 18.6254 19.0286 19.0527 18.9653 18.8276 18.5903 18.1592 17.8579 17.357 16.9959 17.1181 17.1539 17.2835 17.243 17.4554 17.9623 18.4912 18.55 18.2161 18.2685 18.3421 18.5035 18.4281 17.866 17.5831 17.3495 17.5251 17.7096 17.7586 17.7731 17.7445 17.703 17.6075 17.8539 18.0382 18.0867 18.2484 18.3699 18.409 18.4404 18.4512 18.462 18.4699 18.4711 18.4741 18.4534 18.3972 18.1982 17.7086 17.7395 17.6934 17.5463 17.9023 18.1242 18.3294 18.442 18.4768
-9999 -9999 -9999 -9999 -9999 -9999 -9999 -9999 16.7456 17.3417 17.4705 17.4649 17.2724 17.3663 18.0971 18.2466 18.6333 18.9991 18.9737 18.8385 18.6163 18.359 17.9605 17.3971 16.9484 16.7318 17.1983 17.6502 17.7455 17.8945 18.2047 18.2639 17.9217 17.6016 17.7849 17.897 18.3157 18.3959 18.3204 17.9841 17.5991 17.4011 17.6477 17.6858 17.7062 17.715 17.7103 17.6873 17.9465 18.1032 18.2142 18.2781 18.3835 18.4162 18.432 18.4474 18.4535 18.4564 18.4488 18.4392 18.3698 18.2841 17.9532 17.6786 17.5102 17.2944 17.8059 17.9616 18.1715 18.3118 18.4239 18.4546
