Test_Spring_2018/04_18/Temp/20180422_002.txt
ncols	170
nrows	115
xllcorner	350000.000000
yllcorner	4445000.000000
cellsize	1000.000000
nodata_value	-9999.000000
[rows 32 to 63 of 115, columns 72 to 143 of 170]
12.2491 11.8476 12.4454 12.9953 12.66 12.4361 13.3488 13.3407 13.0192 12.2749 11.9965 11.708 11.5279 10.5752 7.91798 5.52187 6.79349 6.81631 5.92442 7.50434 6.66002 4.46791 1.37616 3.04887 2.60765 0.422559 -0.124046 -9999 -9999 -9999 -9999 -9999 -9999 -9999 -9999 -9999 -9999 -9999 -9999 -9999 -9999 -9999 -9999 -9999 -9999 -9999 -9999 -9999 -9999 -9999 -9999 -9999 -9999 -9999 -9999 -9999 -9999 -9999 -9999 -9999 -9999 -9999 -9999 -9999 -9999 -9999 -9999 -9999 -9999 -9999 -9999 -9999
11.7198 11.5421 12.4349 12.4072 12.354 12.6837 13.2487 13.3545 13.2242 12.895 12.6089 12.3049 11.5465 10.4582 8.18287 5.45668 4.83231 6.15497 6.21153 6.41845 5.64812 4.68259 3.17591 4.39971 4.87195 3.42945 1.5458 0.34052 -9999 -9999 -9999 -9999 -9999 -9999 -9999 -9999 -9999 -9999 -9999 -9999 -9999 -9999 -9999 -9999 -9999 -9999 -9999 -9999 -9999 -9999 -9999 -9999 -9999 -9999 -9999 -9999 -9999 -9999 -9999 -9999 -9999 -9999 -9999 -9999 -9999 -9999 -9999 -9999 -9999 -9999 -9999 -9999
11.089 10.2053 10.7397 11.139 11.9068 12.1015 12.207 13.2748 13.2099 13.152 12.6847 12.3092 11.6924 10.6447 9.15653 7.36656 4.2561 6.16142 7.65197 7.60652 7.51774 6.83918 5.39112 6.59184 6.64299 4.7991 2.71975 1.48308 0.967641 -9999 -9999 -9999 -9999 -9999 -9999 -9999 -9999 -9999 -9999 -9999 -9999 -9999 -9999 -9999 -9999 -9999 -9999 -9999 -9999 -9999 -9999 -9999 -9999 -9999 -9999 -9999 -9999 -9999 -9999 -9999 -9999 -9999 -9999 -9999 -9999 -9999 -9999 -9999 -9999 -9999 -9999 -9999
10.3722 9.29471 9.8325 10.5533 11.585 12.1225 12.5242 12.8381 13.1584 13.1117 12.6337 11.2373 11.0308 10.9625 9.98633 7.94675 5.90995 5.37652 7.65407 8.30079 8.1605 8.66413 7.43627 8.00753 7.76507 7.10674 5.09976 3.26623 2.50072 0.994275 -9999 -9999 -9999 -9999 -9999 -9999 -9999 -9999 -9999 -9999 -9999 -9999 -9999 -9999 -9999 -9999 -9999 -9999 -9999 -9999 -9999 -9999 -9999 -9999 -9999 -9999 -9999 -9999 -9999 -9999 -9999 -9999 -9999 -9999 -9999 -9999 -9999 -9999 -9999 -9999 -9999 -9999
-9999 -9999 8.60903 9.60364 10.4199 11.4292 12.2937 12.7216 13.137 13.0953 12.1478 11.6802 11.6319 10.9894 9.86369 9.15407 7.86853 6.52963 7.03012 8.9713 8.0972 9.47093 9.34753 9.59498 8.66606 6.91944 4.57782 3.21536 2.52973 1.3076 -9999 -9999 -9999 -9999 -9999 -9999 -9999 -9999 -9999 -9999 -9999 -9999 -9999 -9999 -9999 -9999 -9999 -9999 -9999 -9999 -9999 -9999 -9999 -9999 -9999 -9999 -9999 -9999 -9999 -9999 -9999 -9999 -9999 -9999 -9999 -9999 -9999 -9999 -9999 -9999 -9999 -9999
-9999 -9999 -9999 9.4165 10.0372 11.3757 12.0771 12.3524 13.0273 13.0212 12.6575 12.3809 11.9827 11.4651 10.6169 9.68184 8.47209 8.35262 9.59113 9.59873 9.33084 9.52842 10.1622 9.98694 8.5504 6.08954 4.78044 2.13284 0.992064 1.10125 0.290088 -9999 -9999 -9999 -9999 -9999 -9999 -9999 -9999 -9999 -9999 -9999 -9999 3.22763 -9999 -9999 -9999 -9999 -9999 -9999 -9999 -9999 -9999 -9999 -9999 -9999 -9999 -9999 -9999 -9999 -9999 -9999 -9999 -9999 -1.91367 -9999 -9999 -9999 -9999 -9999 -9999 -9999
-9999 -9999 9.28892 10.1306 10.7777 11.6143 11.6985 12.1973 12.9745 12.9786 12.7185 12.4253 11.7758 11.6085 11.1218 10.1072 9.89277 10.292 10.4716 10.6765 10.8 10.6865 10.4204 10.0788 9.1589 8.00927 7.23582 4.81037 3.58782 2.41068 0.632162 -0.761128 -9999 -9999 -9999 -9999 -9999 -9999 -9999 2.34983 2.27143 2.28978 2.66473 3.72335 3.07865 -9999 -9999 -9999 -9999 -9999 -9999 -9999 -9999 -9999 -9999 -9999 -9999 -9999 -9999 -9999 -9999 -9999 -9999 -9999 -0.954512 -2.3638 -9999 -9999 -9999 -9999 -9999 -9999
-9999 -9999 9.51937 10.3965 10.8314 11.6441 12.1065 12.4193 12.6843 12.9369 12.8857 12.5621 12.0736 12.0682 11.3976 11.0319 10.7682 11.311 11.4116 11.1822 10.897 10.6444 9.94369 9.85723 9.63196 8.90037 7.70328 6.46992 4.6973 2.28613 -0.0789581 -1.98838 -9999 -9999 -9999 -9999 -9999 -9999 2.55767 3.43645 3.95738 2.80894 3.76454 4.6363 4.47983 3.60318 -9999 -9999 -9999 -9999 -9999 -9999 -9999 -9999 -9999 -9999 -9999 -9999 -9999 -9999 5.70352 4.26036 1.35814 -0.136227 -1.03856 -2.32135 -9999 -9999 -9999 -9999 -9999 -9999
-9999 -9999 9.33692 10.3746 11.0759 11.6978 11.7923 12.4343 12.7157 12.8482 12.8243 12.7538 12.657 12.0707 11.8132 10.931 11.7572 11.7166 11.4965 10.6513 10.2808 8.83677 8.19795 8.05701 9.25978 8.36133 6.49144 4.15523 1.35628 1.16642 0.233431 -1.47354 -9999 -9999 -9999 -9999 -9999 -9999 2.83021 3.77069 4.55289 4.65482 3.51217 5.07192 4.99451 4.09668 3.87973 4.58498 4.93409 4.64683 5.48934 5.72555 5.32056 5.73221 -9999 -9999 -9999 -9999 5.91754 5.96263 5.99356 5.38484 2.21564 0.0466006 -1.90302 -2.10406 -9999 -9999 -9999 -9999 -9999 -9999
-9999 -9999 10.0524 10.6893 11.0089 11.0562 11.6143 12.1756 12.5224 12.7706 12.7121 12.6833 12.6528 12.4462 11.9778 12.0509 12.0043 11.7271 10.125 8.25704 9.05981 7.94734 5.58523 7.49871 8.54838 7.53153 5.26723 2.64249 1.78725 1.81608 0.521447 -1.14178 -9999 -9999 -9999 0.256458 1.61087 1.71863 2.1091 3.36746 4.32091 5.03412 5.5153 5.49075 4.94324 4.06396 3.10947 3.42556 5.09296 5.48634 5.81442 6.05939 5.68196 5.85247 6.28856 6.50754 6.54144 6.42252 6.38565 6.40995 6.34363 5.77487 2.94141 1.3123 0.267522 -1.8323 -9999 -9999 -9999 -9999 -9999 -9999
-9999 -9999 9.64536 10.1988 10.6462 11.3919 11.4663 11.9367 12.2168 12.6348 12.6745 12.1751 12.5722 12.5105 12.4249 12.2541 12.0083 10.6538 8.79098 6.92415 6.05842 6.42315 4.99573 5.71921 6.78309 6.38835 5.00126 2.66273 2.32947 1.78812 -0.386757 -2.47955 -9999 -9999 -2.38329 0.225715 2.0591 2.99889 3.28135 3.29657 4.50091 4.58182 5.87797 5.56085 3.80256 3.97985 3.28417 3.70288 4.29804 4.44987 5.32252 6.15894 6.3045 6.29307 6.56548 6.6107 6.61275 6.59264 6.38582 6.4626 6.46399 6.10482 4.04646 3.03562 1.91698 -1.8137 -9999 -9999 -9999 -9999 -9999 -9999
-9999 -9999 9.92696 10.5467 11.226 11.3318 11.8338 11.7736 11.6274 12.328 12.5833 12.2282 11.9695 12.4199 12.3779 12.3066 12.1958 10.9221 9.45019 7.22735 5.84371 5.00074 4.39767 3.59685 4.14116 3.96905 3.74005 3.99506 3.35045 2.07144 0.797493 -1.58481 -2.8758 -9999 -2.24414 -1.07174 1.11064 2.96268 4.13313 3.69433 5.06524 5.30692 6.0953 5.60952 4.5323 4.05598 3.99711 3.84027 4.75497 5.36135 5.7874 6.06614 6.41718 6.49561 6.57534 6.60103 6.60949 6.61877 6.60195 6.58268 6.52928 6.38668 5.43343 4.41983 2.25405 -1.69793 -9999 -9999 -9999 -9999 -9999 -9999
-9999 8.09751 9.8478 10.8912 11.2923 11.5805 11.8338 12.0155 12.2092 12.3842 12.5036 12.4441 11.5167 11.5817 11.7363 12.2468 12.1991 12.0746 11.2654 8.56245 7.62737 6.26328 4.49623 3.75411 4.11813 5.55892 5.49118 4.53158 3.46249 1.9901 1.04915 -0.412466 -3.21591 -2.97147 -1.72017 -0.79226 0.687643 2.9539 4.53791 5.23654 5.49072 6.04032 6.31584 5.65016 5.01375 4.73726 4.24128 4.15498 4.13978 4.68502 5.10733 6.06559 6.37822 6.5122 6.57465 6.60253 6.61991 6.63741 6.63596 6.60558 6.59485 6.5751 6.48978 5.15068 1.8144 -0.703507 -9999 -9999 -9999 -9999 -9999 -9999
-9999 -9999 9.51695 9.97352 10.0898 10.2965 10.7242 11.2176 11.9213 12.0057 12.3874 12.3765 11.5778 10.6539 11.4392 11.7445 12.0614 12.0608 11.9481 9.67919 8.4881 7.54997 5.85574 6.45992 7.03529 7.07618 6.72414 4.67075 2.62568 0.272049 -1.93208 -2.04212 -3.23102 -2.61238 -1.78835 0.338337 1.83098 2.42878 2.85353 5.15488 5.74485 5.93191 6.50716 5.68054 5.45139 4.82435 4.98535 4.91275 4.89707 3.19546 4.86605 4.94808 6.0311 6.50815 6.60531 6.62267 6.64287 6.63636 6.63139 6.61509 6.61479 6.58383 6.54856 5.67252 1.45199 -0.679607 -9999 -9999 -9999 -9999 -9999 -9999
-9999 -9999 -9999 -9999 9.64812 9.99568 10.2168 10.6022 11.7951 12.1107 12.3174 12.3274 11.9655 11.0513 10.8023 10.957 10.0635 10.7921 11.7943 11.7614 11.6323 9.63652 8.61314 9.59507 9.29218 7.79329 6.61343 5.4491 3.05565 1.30677 -1.21836 -3.11625 -3.19308 -1.11014 0.617444 2.76964 3.71285 3.15826 3.73307 4.86857 6.1592 6.77399 6.60717 5.73633 5.59225 4.63544 5.5362 5.59524 5.14756 4.75845 4.88792 5.41401 5.6046 6.44917 6.64283 6.66527 6.65976 6.65184 6.63705 6.6211 6.5959 6.57373 6.54778 6.49429 2.15617 -1.22713 -9999 -9999 -9999 -9999 -9999 -9999
-9999 -9999 -9999 -9999 8.81178 9.02204 9.5809 11.0223 11.7761 12.0754 12.0576 12.1907 11.9327 11.1266 10.299 9.51726 8.51303 9.0717 10.5666 11.4454 11.5398 9.78986 10.6928 10.3492 9.67611 7.71689 6.2727 5.50622 3.20855 1.24483 -0.436172 -2.75663 -1.77128 -0.686671 0.707039 3.05595 4.63651 5.27796 4.71637 5.43699 6.92433 6.91563 6.0754 6.11006 5.58426 4.28372 5.59646 5.95153 5.62951 5.68872 5.55783 5.74227 6.09419 6.43128 6.65132 6.66953 6.66051 6.64144 6.63 6.61836 6.58932 6.57746 6.5514 6.51466 3.70895 -1.29799 -9999 -9999 -9999 -9999 -9999 -9999
-9999 -9999 -9999 -9999 -9999 8.04643 9.32702 11.2418 11.7146 11.6645 12.0533 12.0791 11.6878 11.3462 10.3435 8.97735 6.36355 7.01712 8.39257 10.3809 11.4235 11.2768 10.6883 9.67108 7.21541 5.06647 4.80371 4.4504 2.77309 1.26128 -0.607182 0.469051 1.64744 2.93602 3.60874 3.42301 4.77584 5.87542 5.39019 6.27745 7.31368 6.81934 6.51903 6.26333 5.65945 5.60431 5.6446 6.38156 5.83821 6.14093 6.1309 6.09479 6.25729 6.44809 6.65056 6.67265 6.66069 6.65274 6.6161 6.61314 6.58824 6.56278 6.53758 6.50387 6.23587 3.52937 1.90706 -9999 -9999 -9999 -9999 -9999
-9999 -9999 -9999 -9999 -9999 6.8551 7.49143 9.75987 10.458 11.4557 11.9812 11.9972 11.343 10.9741 9.48537 8.99496 6.57636 5.47697 6.39382 6.03234 8.77424 11.201 10.6667 5.7544 3.97351 2.70288 3.02645 3.02754 2.55916 -0.016109 -0.730172 1.57333 3.02119 4.14069 4.9871 5.15592 5.11606 6.84272 7.06039 7.6105 7.47168 7.5069 6.61113 6.04919 6.49854 5.93126 5.8178 6.57992 5.79041 6.46799 6.36785 6.141 6.11334 6.55654 6.63494 6.67047 6.66038 6.631 6.59652 6.57115 6.57355 6.55346 6.51408 6.50068 6.4603 6.12017 4.71324 4.21044 4.73193 -9999 -9999 -9999
-9999 -9999 -9999 -9999 -9999 -9999 5.36513 8.51937 9.95876 10.7101 11.7701 11.8901 11.5403 10.9077 9.39107 8.05622 5.89323 3.42512 2.1157 6.00613 9.39237 11.1579 10.9202 6.83038 5.21465 5.1372 6.0846 5.28092 4.67079 2.71415 2.12501 1.30686 1.80277 3.36721 4.6395 5.86681 6.75523 6.81663 7.38662 7.70714 7.71871 7.80669 7.68564 7.58291 6.711 7.27648 6.76041 7.00453 6.81584 6.64415 6.49485 5.99274 6.31861 6.60636 6.67007 6.67825 6.64793 6.63198 6.60752 6.56726 6.54084 6.52558 6.50871 6.47847 6.46286 6.42724 6.25477 5.40157 4.26506 2.8338 -9999 -9999
-9999 -9999 -9999 -9999 -9999 -9999 3.78056 6.91898 8.42977 10.3727 11.3712 11.7709 11.7066 11.1921 10.0373 8.30475 6.86021 4.10627 1.24792 5.33051 8.97183 10.9334 11.0335 7.59462 8.54325 7.77087 8.07856 6.66732 6.07945 5.61867 4.60314 3.49228 2.27935 1.62957 4.49932 5.9677 7.14622 7.69491 7.9985 8.14207 8.04277 7.80881 6.51318 7.46933 7.39252 7.27616 7.14563 7.07273 6.95312 6.81601 6.72868 6.68647 6.34835 6.695 6.66986 6.6619 6.65128 6.62972 6.59958 6.57155 6.53937 6.52428 6.49757 6.47027 6.44626 6.42129 6.39442 6.3318 6.09298 4.17689 3.02451 2.68458
-9999 -9999 -9999 -9999 -9999 -9999 -0.643719 3.92437 7.60113 9.51277 11.0691 11.4885 11.6384 10.952 10.436 9.19135 8.01264 6.2002 3.49079 1.82019 4.87578 9.32243 10.9635 10.8298 10.7233 9.83024 9.02529 8.92084 8.97778 8.04622 6.68655 4.90388 4.33911 3.70888 5.84393 6.12497 5.9574 8.30214 8.29409 8.14552 7.22807 6.204 6.37837 5.73476 6.18878 5.42483 6.09094 6.66436 6.86714 6.83088 6.73557 6.70489 6.65354 6.6974 6.68254 6.65921 6.63875 6.62217 6.60099 6.56105 6.53259 6.52908 6.49314 6.46425 6.43518 6.41295 6.39149 6.34101 6.29369 5.98536 5.53028 4.6716
-9999 -9999 -9999 -9999 -9999 -9999 -0.448211 3.39593 6.65145 8.60384 10.4763 10.9029 11.5277 11.3801 10.8404 9.75733 8.4072 6.91404 4.58844 2.85859 4.90024 7.8498 9.96146 10.714 10.7062 10.6511 10.446 10.3644 10.1259 9.96007 8.9791 7.28971 6.33427 4.93852 7.31853 7.57651 7.1916 8.37158 8.2983 6.48073 5.07895 4.88997 5.72094 4.89896 4.73259 4.21291 4.7605 6.25909 5.794 5.86389 6.53538 6.63203 6.68262 6.6875 6.66876 6.65214 6.62756 6.61667 6.60576 6.56601 6.5404 6.52066 6.48041 6.45649 6.42294 6.38903 6.36097 6.32649 6.2822 6.18318 6.07249 6.14619
-9999 -9999 -9999 -9999 -9999 -9999 -0.372862 2.2083 5.13692 8.01444 10.0147 10.8155 11.3955 11.3789 10.7534 10.2101 9.36025 8.04558 7.14159 5.57909 3.43829 7.00915 8.10028 9.07244 9.48464 10.5007 10.4713 9.99917 9.45985 9.95762 9.79725 8.46195 8.01736 7.27135 8.59064 8.58333 8.53504 8.45137 6.91469 4.78306 3.07555 4.27762 4.00671 4.55095 2.79434 4.19813 5.32661 5.6804 4.88433 4.28876 6.06136 6.33375 6.49459 6.59283 6.65297 6.62158 6.62677 6.60338 6.5853 6.56655 6.53792 6.51495 6.48526 6.45474 6.41884 6.387 6.35063 6.30531 6.28753 6.22867 6.19602 6.15831
-9999 -9999 -9999 -9999 -9999 -9999 -9999 0.678451 4.39704 7.71185 9.55284 10.7067 11.2635 11.2429 10.9182 10.5461 10.0156 9.06472 7.87317 5.99577 4.60077 5.47548 6.5446 6.65812 7.36774 9.43599 10.1391 9.12989 6.64848 8.10099 9.72781 9.69363 9.54596 9.38106 9.17222 8.98166 8.57653 7.5099 4.26702 3.61662 2.33479 2.46315 1.79699 3.20181 2.6463 4.08672 4.70078 4.92154 3.55562 3.82531 5.38388 5.99502 5.87563 6.24592 6.60081 6.59937 6.59674 6.57424 6.5692 6.55904 6.53959 6.50729 6.48087 6.45727 6.40556 6.38775 6.25179 6.15797 5.98421 6.16473 6.16859 6.14972
-9999 -9999 -9999 -9999 -9999 -9999 -9999 -0.064181 3.64258 7.548 8.79534 10.0402 11.1131 11.1241 10.6334 10.1665 9.68621 9.14112 7.69755 6.29801 4.96204 4.50929 4.7707 4.74145 5.89224 8.58772 9.1049 8.87584 6.27762 5.39281 7.56791 9.39424 9.52993 9.35423 7.18531 7.63442 6.45831 4.86654 4.41883 3.71375 2.23835 2.92648 1.84069 2.28332 2.13831 2.94889 3.33519 4.30259 3.11038 3.10078 4.63007 5.399 5.40357 6.21259 6.49226 6.5557 6.56185 6.5627 6.55323 6.55308 6.53222 6.50657 6.47669 6.42322 6.31505 6.00406 4.42137 4.40811 4.82181 5.2128 5.92773 6.11467
-9999 -9999 -9999 -9999 -9999 -9999 -9999 0.35866 2.92809 6.39236 8.95582 9.1078 10.3489 10.9848 10.4522 9.85404 9.24256 8.97046 7.40004 5.67628 4.28249 2.63448 2.89808 4.06988 5.98784 7.72637 8.03196 7.66473 6.26884 6.91738 8.39778 9.17958 9.40352 9.21033 8.72986 8.44728 7.5781 7.19419 5.99019 4.11423 3.36651 3.81636 1.8239 1.94636 2.66143 1.86203 3.12564 3.72164 2.1874 3.36839 4.72785 5.41556 6.01542 6.29199 6.394 6.55826 6.54961 6.55136 6.54634 6.53049 6.51699 6.47449 6.43667 6.25654 5.99735 4.52627 3.89087 3.99498 4.65342 5.22838 5.81441 6.05344
-9999 -9999 -9999 -9999 -9999 -9999 -9999 0.791294 3.10368 6.10617 7.93115 8.24973 9.62724 10.8511 10.7037 10.0818 9.88611 9.24247 7.90922 6.43784 4.83072 4.0458 2.25115 4.00424 5.38693 6.85772 7.5421 6.39432 5.81298 6.81989 7.82053 8.21463 9.22452 9.20492 8.86227 7.41902 6.70906 6.9921 6.6793 6.1405 4.84461 4.77306 3.93462 3.57817 3.24032 2.17094 2.82208 2.87247 3.02735 4.45912 5.1591 5.61832 6.03507 6.13391 6.30752 6.5373 6.5452 6.54051 6.526 6.51706 6.4855 6.40237 6.32989 5.98194 5.37676 4.2599 2.44462 3.68905 4.99113 5.36175 5.72086 5.90609
-9999 -9999 -9999 -9999 -9999 -9999 -9999 0.389075 2.84598 5.41067 6.47738 6.65053 9.15152 10.6792 10.6723 10.3726 10.0243 8.44735 8.53081 8.20891 6.75817 4.64892 2.33339 2.54266 3.90733 5.85169 6.4901 4.59566 3.92027 4.40233 5.91943 7.27617 8.6928 9.04495 8.61586 6.37526 3.99436 5.08112 6.24261 6.2229 5.86469 4.66154 4.26933 3.91249 3.02964 1.53811 1.73738 2.12968 3.7473 4.25061 5.03735 5.68846 5.42221 5.55462 6.17796 6.52983 6.52988 6.52275 6.52117 6.49909 6.46345 6.31154 6.15129 5.89173 4.33728 3.36503 1.95137 3.54814 4.43116 4.87658 5.71732 5.90743
-9999 -9999 -9999 -9999 -9999 -9999 -9999 -0.380938 1.39938 3.85027 4.83233 6.40438 8.76732 9.92468 10.4746 10.4529 10.2177 9.50655 9.07566 8.23529 6.7262 4.66599 2.37696 0.884285 1.63181 4.24682 4.85506 3.11198 2.21797 3.31165 4.92873 7.32724 8.69316 8.86861 8.73342 8.26246 6.52097 4.41886 4.41333 5.44843 4.55777 3.52433 4.07048 3.95183 3.08006 2.44156 2.03828 2.24907 3.17072 3.54166 4.45296 5.80581 5.98676 5.93325 6.49494 6.50964 6.50917 6.51708 6.50261 6.48349 6.45228 6.32578 6.05961 5.02028 4.11193 2.85376 2.68518 4.0979 4.70648 5.26858 5.67382 5.79662
-9999 -9999 -9999 -9999 -9999 -9999 -9999 -1.7019 0.394217 2.68947 4.83794 6.87003 8.61761 8.74386 9.66111 9.65054 10.1268 9.97865 9.31887 8.60957 7.30799 4.66348 2.43866 0.0131821 0.642782 3.30898 3.6522 2.47696 0.312979 2.52901 4.97352 7.18782 8.38168 7.42733 8.38378 8.29302 7.63313 6.37678 4.42965 4.45313 2.98983 2.91272 3.64281 3.86965 3.73049 3.24739 2.47788 2.57906 3.13271 3.26126 4.09738 5.14332 6.16586 6.32542 6.50884 6.5031 6.49228 6.49453 6.48273 6.44722 6.38019 6.24848 5.37503 4.33878 3.69474 2.81366 2.69372 4.33791 4.96836 5.31205 5.66012 5.78911
-9999 -9999 -9999 -9999 -9999 -9999 -9999 -9999 0.171702 2.54316 4.29543 4.76029 6.31255 7.14632 7.78938 7.92453 9.77739 9.87079 9.44907 8.79665 7.68511 5.6762 4.27413 1.9471 0.272328 0.93936 1.25723 1.86076 1.67099 2.65405 5.0026 7.44951 7.70728 6.13596 6.35609 6.67123 7.39125 7.00768 4.35909 3.0067 1.88141 2.65688 3.47299 3.65905 3.68402 3.50823 3.29004 2.95642 4.05097 4.85679 5.03136 5.73247 6.24634 6.3775 6.47294 6.47217 6.47186 6.4581 6.41341 6.3772 6.23048 5.91886 4.94351 2.61761 2.71098 2.44619 1.7122 3.3136 4.29834 5.20177 5.67513 5.78679
-9999 -9999 -9999 -9999 -9999 -9999 -9999 -9999 -0.627752 2.11749 2.68982 2.63698 1.71529 2.1255 5.49705 6.16829 7.94472 9.6264 9.49297 8.85257 7.81185 6.6118 4.75878 2.14253 0.0621534 -0.817987 1.39827 3.57903 4.02201 4.71179 6.14714 6.4118 4.80647 3.30005 4.1288 4.62316 6.53861 6.87793 6.49037 4.88882 3.05909 2.09682 3.20083 3.3351 3.38662 3.38402 3.32135 3.25494 4.49065 5.16722 5.63175 5.87758 6.31642 6.41753 6.43996 6.46053 6.43813 6.4007 6.31506 6.21962 5.84639 5.39737 3.8088 2.48181 1.64868 0.594844 2.92134 3.5914 4.52525 5.12049 5.59099 5.68276
