Test_Spring_2018/04_18/Temp/20180401_010.txt
ncols	170
nrows	115
xllcorner	350000.000000
yllcorner	4445000.000000
cellsize	1000.000000
nodata_value	-9999.000000
[rows 32 to 63 of 115, columns 72 to 143 of 170]
12.3878 12.1567 12.5416 12.8966 12.6734 12.5378 13.1057 13.1161 12.9335 12.4906 12.3354 12.1746 12.081 11.5113 9.8904 8.43068 9.23325 9.26543 8.73318 9.72523 9.22159 7.88617 5.99538 7.0429 6.78613 5.43837 5.12248 -9999 -9999 -9999 -9999 -9999 -9999 -9999 -9999 -9999 -9999 -9999 -9999 -9999 -9999 -9999 -9999 -9999 -9999 -9999 -9999 -9999 -9999 -9999 -9999 -9999 -9999 -9999 -9999 -9999 -9999 -9999 -9999 -9999 -9999 -9999 -9999 -9999 -9999 -9999 -9999 -9999 -9999 -9999 -9999 -9999
12.067 11.9741 12.5411 12.54 12.5033 12.6964 13.0502 13.1309 13.0664 12.8796 12.7198 12.5495 12.0992 11.4457 10.0604 8.39701 8.03007 8.86399 8.91678 9.06203 8.60416 8.0255 7.11265 7.88361 8.19068 7.31597 6.16088 5.41871 -9999 -9999 -9999 -9999 -9999 -9999 -9999 -9999 -9999 -9999 -9999 -9999 -9999 -9999 -9999 -9999 -9999 -9999 -9999 -9999 -9999 -9999 -9999 -9999 -9999 -9999 -9999 -9999 -9999 -9999 -9999 -9999 -9999 -9999 -9999 -9999 -9999 -9999 -9999 -9999 -9999 -9999 -9999 -9999
11.6841 11.1558 11.5017 11.764 12.2211 12.3335 12.4139 13.088 13.0639 13.0445 12.773 12.5585 12.1956 11.5672 10.6674 9.58152 7.68119 8.87455 9.81191 9.8016 9.76425 9.36277 8.48629 9.24325 9.29086 8.17296 6.87717 6.13234 5.83263 -9999 -9999 -9999 -9999 -9999 -9999 -9999 -9999 -9999 -9999 -9999 -9999 -9999 -9999 -9999 -9999 -9999 -9999 -9999 -9999 -9999 -9999 -9999 -9999 -9999 -9999 -9999 -9999 -9999 -9999 -9999 -9999 -9999 -9999 -9999 -9999 -9999 -9999 -9999 -9999 -9999 -9999 -9999
11.2485 10.6006 10.9485 11.409 12.0461 12.3668 12.6158 12.8249 13.0383 13.0258 12.7476 11.9035 11.7937 11.7695 11.1855 9.9458 8.70783 8.39707 9.81998 10.2367 10.1678 10.4956 9.75508 10.1239 9.99063 9.60493 8.36922 7.24073 6.78701 5.87663 -9999 -9999 -9999 -9999 -9999 -9999 -9999 -9999 -9999 -9999 -9999 -9999 -9999 -9999 -9999 -9999 -9999 -9999 -9999 -9999 -9999 -9999 -9999 -9999 -9999 -9999 -9999 -9999 -9999 -9999 -9999 -9999 -9999 -9999 -9999 -9999 -9999 -9999 -9999 -9999 -9999 -9999
-9999 -9999 10.2004 10.815 11.3257 11.9458 12.4799 12.7591 13.031 13.0214 12.4538 12.1825 12.1704 11.7921 11.116 10.6968 9.92239 9.115 9.44198 10.6573 10.1359 11.0005 10.9413 11.1105 10.5539 9.48252 8.0554 7.21752 6.81312 6.07819 -9999 -9999 -9999 -9999 -9999 -9999 -9999 -9999 -9999 -9999 -9999 -9999 -9999 -9999 -9999 -9999 -9999 -9999 -9999 -9999 -9999 -9999 -9999 -9999 -9999 -9999 -9999 -9999 -9999 -9999 -9999 -9999 -9999 -9999 -9999 -9999 -9999 -9999 -9999 -9999 -9999 -9999
-9999 -9999 -9999 10.7059 11.0959 11.9357 12.3526 12.5374 12.9691 12.9814 12.7737 12.6202 12.3924 12.0912 11.5866 11.0285 10.3011 10.2461 11.0286 11.0514 10.904 11.0433 11.4511 11.3596 10.4934 8.97858 8.18805 6.55757 5.87234 5.95851 5.47749 -9999 -9999 -9999 -9999 -9999 -9999 -9999 -9999 -9999 -9999 -9999 -9999 7.59566 -9999 -9999 -9999 -9999 -9999 -9999 -9999 -9999 -9999 -9999 -9999 -9999 -9999 -9999 -9999 -9999 -9999 -9999 -9999 -9999 5.04412 -9999 -9999 -9999 -9999 -9999 -9999 -9999
-9999 -9999 10.6333 11.1462 11.559 12.0885 12.1386 12.4475 12.942 12.9603 12.8164 12.6528 12.27 12.1852 11.9038 11.297 11.1838 11.4491 11.5786 11.7234 11.8176 11.765 11.6178 11.4236 10.8628 10.1704 9.70997 8.23109 7.48054 6.77309 5.69522 4.85553 -9999 -9999 -9999 -9999 -9999 -9999 -9999 6.95567 6.933 6.97065 7.22888 7.90938 7.53981 -9999 -9999 -9999 -9999 -9999 -9999 -9999 -9999 -9999 -9999 -9999 -9999 -9999 -9999 -9999 -9999 -9999 -9999 -9999 5.64551 4.80632 -9999 -9999 -9999 -9999 -9999 -9999
-9999 -9999 10.7633 11.3174 11.5984 12.1125 12.4105 12.5901 12.7682 12.9396 12.9244 12.742 12.4587 12.474 12.0795 11.8733 11.7302 12.0843 12.1654 12.0426 11.8848 11.7465 11.3312 11.2942 11.1624 10.7275 10.0054 9.26101 8.17147 6.70252 5.26254 4.10424 -9999 -9999 -9999 -9999 -9999 -9999 7.06434 7.63162 7.9789 7.29722 7.91402 8.47974 8.41184 7.91132 -9999 -9999 -9999 -9999 -9999 -9999 -9999 -9999 -9999 -9999 -9999 -9999 -9999 -9999 9.64786 8.78516 7.02308 6.13008 5.60302 4.84211 -9999 -9999 -9999 -9999 -9999 -9999
-9999 -9999 10.659 11.3112 11.7556 12.151 12.2213 12.6179 12.7925 12.8895 12.8909 12.8647 12.8231 12.4804 12.3412 11.8169 12.3464 12.3412 12.2249 11.7225 11.5123 10.6391 10.2619 10.1826 10.9405 10.4022 9.26459 7.83946 6.11556 6.01751 5.46046 4.42667 -9999 -9999 -9999 -9999 -9999 -9999 7.23685 7.84246 8.35126 8.44125 7.76434 8.75501 8.74621 8.22347 8.12108 8.5877 8.83467 8.68717 9.24555 9.42196 9.20216 9.48529 -9999 -9999 -9999 -9999 9.736 9.79024 9.836 9.4877 7.56077 6.2516 5.07871 4.99866 -9999 -9999 -9999 -9999 -9999 -9999
-9999 -9999 11.1088 11.5128 11.7207 11.7606 12.1159 12.4622 12.678 12.8459 12.8261 12.8258 12.8255 12.7174 12.4485 12.5141 12.5059 12.3554 11.3872 10.2545 10.7683 10.0981 8.64737 9.84628 10.5093 9.89739 8.51591 6.91216 6.38712 6.42334 5.64271 4.63785 -9999 -9999 -9999 5.58313 6.44156 6.53201 6.7978 7.59985 8.21473 8.6799 9.00517 9.01493 8.72105 8.21055 7.65405 7.88145 8.94234 9.21718 9.45646 9.63868 9.43612 9.57586 9.87277 10.035 10.0824 10.0352 10.0384 10.0794 10.0649 9.74108 8.01666 7.0405 6.4259 5.18886 -9999 -9999 -9999 -9999 -9999 -9999
-9999 -9999 10.8633 11.2152 11.5014 11.9703 12.0267 12.328 12.5032 12.7662 12.8069 12.5163 12.7799 12.7616 12.7293 12.6449 12.5145 11.7 10.5714 9.43974 8.92463 9.15911 8.29504 8.75952 9.4312 9.19915 8.35915 6.93157 6.74107 6.41191 5.089 3.81626 -9999 -9999 3.93524 5.56638 6.72022 7.32399 7.52342 7.55907 8.32919 8.40733 9.23589 9.06647 8.02507 8.16681 7.76954 8.06112 8.46969 8.59568 9.16513 9.71676 9.83634 9.85804 10.0538 10.1085 10.1359 10.1492 10.047 10.12 10.1469 9.95209 8.71019 8.11555 7.46608 5.21016 -9999 -9999 -9999 -9999 -9999 -9999
-9999 -9999 11.0417 11.4338 11.8625 11.9374 12.2571 12.2308 12.1428 12.5886 12.7545 12.5529 12.4123 12.7101 12.7052 12.6828 12.6362 11.8721 10.9851 9.63415 8.79978 8.29046 7.93461 7.45822 7.80923 7.71783 7.591 7.76257 7.3754 6.59118 5.82201 4.37135 3.59345 -9999 4.02298 4.76783 6.13689 7.30346 8.05087 7.80688 8.68027 8.85819 9.37085 9.10193 8.48082 8.22897 8.22623 8.16295 8.76032 9.16765 9.46231 9.66579 9.916 9.99307 10.0698 10.1121 10.143 10.1738 10.1884 10.2016 10.1943 10.1329 9.57257 8.98497 7.68018 5.2877 -9999 -9999 -9999 -9999 -9999 -9999
-9999 9.92145 11.0012 11.6536 11.9097 12.0962 12.2616 12.3835 12.5057 12.6262 12.7147 12.69 12.1371 12.1976 12.3144 12.6514 12.6442 12.5895 12.1118 10.465 9.90196 9.07723 8.00337 7.56296 7.8023 8.7052 8.6772 8.09886 7.45299 6.54963 5.98108 5.09644 3.38627 3.556 4.34799 4.94184 5.87756 7.29973 8.30248 8.76047 8.94558 9.31114 9.51143 9.1408 8.79177 8.65562 8.38413 8.36516 8.38966 8.75924 9.05194 9.67579 9.89908 10.013 10.0787 10.122 10.1579 10.1933 10.2169 10.2228 10.2415 10.2556 10.2372 9.44126 7.42316 5.91509 -9999 -9999 -9999 -9999 -9999 -9999
-9999 -9999 10.8051 11.0947 11.1742 11.3096 11.5818 11.8953 12.3319 12.3969 12.647 12.656 12.1792 11.63 12.1363 12.3472 12.5654 12.5876 12.5398 11.1568 10.4406 9.87909 8.84997 9.23953 9.60884 9.64778 9.44385 8.19021 6.94163 5.4945 4.14992 4.09783 3.37896 3.77999 4.30813 5.6412 6.58473 6.97787 7.26582 8.71274 9.10326 9.25451 9.64149 9.16475 9.06731 8.71579 8.85033 8.84051 8.86532 7.84952 8.91265 8.99519 9.69375 10.0179 10.1065 10.1429 10.1801 10.2002 10.2211 10.2353 10.2602 10.2717 10.2845 9.77564 7.20536 5.93576 -9999 -9999 -9999 -9999 -9999 -9999
-9999 -9999 -9999 -9999 10.908 11.1297 11.2738 11.5202 12.2585 12.4658 12.6077 12.6303 12.4254 11.8803 11.7489 11.8672 11.3392 11.8113 12.4492 12.4489 12.3878 11.1739 10.56 11.1807 11.0081 10.0969 9.38189 8.67611 7.21207 6.13776 4.59464 3.43926 3.40823 4.7107 5.79506 7.1437 7.74829 7.43071 7.81141 8.54118 9.36736 9.77816 9.70808 9.20475 9.16014 8.60593 9.19739 9.26932 9.02813 8.82225 8.93513 9.29168 9.43977 9.98963 10.1364 10.1771 10.198 10.2168 10.2313 10.2455 10.2601 10.2749 10.2891 10.288 7.64567 5.6042 -9999 -9999 -9999 -9999 -9999 -9999
-9999 -9999 -9999 -9999 10.3982 10.5348 10.8871 11.7845 12.2518 12.449 12.4524 12.5509 12.4101 11.9332 11.4443 10.9852 10.3887 10.7557 11.6991 12.2613 12.3381 11.2759 11.85 11.6531 11.2519 10.0566 9.17831 8.7176 7.31227 6.1053 5.08246 3.66607 4.28985 4.97625 5.85493 7.32448 8.32215 8.74289 8.42299 8.89619 9.84408 9.87076 9.38581 9.44151 9.16174 8.39599 9.24198 9.49686 9.33344 9.40428 9.35671 9.50252 9.75003 9.9867 10.1495 10.1864 10.2055 10.2172 10.2335 10.2525 10.2613 10.2826 10.297 10.3066 8.60987 5.5671 -9999 -9999 -9999 -9999 -9999 -9999
-9999 -9999 -9999 -9999 -9999 9.939 10.7364 11.9258 12.2199 12.2016 12.4559 12.4882 12.2653 12.0748 11.4782 10.6586 9.06944 9.49502 10.3649 11.6114 12.2732 12.2 11.8542 11.2418 9.74116 8.42879 8.27915 8.0732 7.05038 6.12207 4.98344 5.66197 6.40465 7.2167 7.65056 7.55676 8.41391 9.1169 8.84448 9.42065 10.0905 9.81793 9.66628 9.54315 9.21539 9.21802 9.27932 9.76985 9.46996 9.69097 9.71791 9.72756 9.85806 10.0043 10.1561 10.1952 10.2121 10.2307 10.232 10.2554 10.2669 10.28 10.2951 10.3068 10.1756 8.55189 7.58898 -9999 -9999 -9999 -9999 -9999
-9999 -9999 -9999 -9999 -9999 9.21027 9.61059 11.0185 11.4517 12.0798 12.4186 12.445 12.0599 11.8525 10.9557 10.6763 9.20781 8.5513 9.13825 8.93548 10.6455 12.1597 11.8476 8.8328 7.74849 6.97805 7.19023 7.20302 6.92602 5.34178 4.91525 6.35081 7.25971 7.96748 8.50846 8.6336 8.63165 9.72158 9.88255 10.2508 10.196 10.2501 9.73118 9.41917 9.74107 9.42773 9.39407 9.89996 9.44805 9.90007 9.87121 9.76297 9.77596 10.0777 10.1528 10.2001 10.219 10.2241 10.2266 10.2367 10.2652 10.2817 10.2883 10.3126 10.3219 10.1579 9.32777 9.05569 9.4154 -9999 -9999 -9999
-9999 -9999 -9999 -9999 -9999 -9999 8.30592 10.2607 11.1514 11.6279 12.2966 12.3873 12.1876 11.8184 10.905 10.1044 8.79337 7.29399 6.50536 8.92518 11.0327 12.1392 12.0103 9.50312 8.52101 8.48689 9.08422 8.60102 8.23697 7.03441 6.68521 6.19556 6.51749 7.49861 8.30464 9.08221 9.65288 9.71567 10.0943 10.3202 10.358 10.4445 10.4033 10.3743 9.88111 10.2661 9.98372 10.1697 10.088 10.0158 9.95624 9.67789 9.90867 10.1144 10.1803 10.214 10.2186 10.2322 10.2412 10.2416 10.2537 10.2733 10.2938 10.3077 10.3322 10.356 10.287 9.79842 9.13503 8.28947 -9999 -9999
-9999 -9999 -9999 -9999 -9999 -9999 7.33569 9.28151 10.2164 11.4284 12.0554 12.3188 12.2986 12.002 11.3114 10.2652 9.39696 7.72092 5.98 8.5183 10.779 12.0066 12.0848 9.98111 10.5812 10.1189 10.3222 9.46482 9.1151 8.83539 8.22367 7.55389 6.82013 6.44122 8.23018 9.15662 9.9063 10.2696 10.4839 10.6014 10.5683 10.4567 9.6906 10.3143 10.3113 10.2751 10.2299 10.2198 10.1801 10.1287 10.1069 10.1118 9.93277 10.1787 10.1925 10.2115 10.2286 10.2391 10.245 10.2533 10.2605 10.2811 10.2969 10.3125 10.3315 10.3618 10.382 10.3805 10.2701 9.12487 8.44996 8.28427
-9999 -9999 -9999 -9999 -9999 -9999 4.61408 7.44264 9.7081 10.9019 11.8768 12.1535 12.2653 11.8624 11.5656 10.8199 10.1151 9.01942 7.37001 6.36065 8.26374 11.0252 12.0477 11.9832 11.933 11.3969 10.9146 10.864 10.9127 10.3429 9.51653 8.43325 8.10792 7.73697 9.07314 9.26746 9.18698 10.6581 10.6799 10.6169 10.0813 9.47801 9.61814 9.25519 9.57925 9.14286 9.58831 9.97612 10.1346 10.1448 10.1176 10.1359 10.1325 10.1924 10.2081 10.218 10.2295 10.2436 10.2555 10.2568 10.2665 10.2931 10.3034 10.3177 10.3349 10.3667 10.3896 10.3947 10.4017 10.2473 10.0017 9.51592
-9999 -9999 -9999 -9999 -9999 -9999 4.73644 7.10883 9.1308 10.3482 11.52 11.8013 12.2059 12.1352 11.8233 11.1769 10.366 9.4668 8.05378 7.00762 8.28694 10.123 11.4432 11.9261 11.9298 11.9112 11.7996 11.7613 11.6285 11.5308 10.9419 9.92429 9.35224 8.5097 9.99742 10.1778 9.9634 10.716 10.6974 9.60458 8.76968 8.68408 9.22493 8.75071 8.6924 8.40547 8.77698 9.73464 9.48881 9.56355 10.0085 10.0975 10.165 10.1942 10.208 10.2225 10.232 10.2501 10.2688 10.2706 10.2824 10.299 10.3043 10.3243 10.3367 10.3618 10.3805 10.3946 10.4026 10.3764 10.3506 10.44
-9999 -9999 -9999 -9999 -9999 -9999 4.79279 6.38395 8.20501 9.99316 11.2441 11.7563 12.1333 12.1432 11.7781 11.4642 10.9615 10.172 9.63547 8.69231 7.39176 9.61341 10.3018 10.9206 11.1901 11.8326 11.8296 11.5532 11.217 11.5404 11.4672 10.6609 10.4047 9.96352 10.7975 10.8146 10.8079 10.7811 9.85958 8.57259 7.54854 8.32025 8.18431 8.54811 7.50846 8.41597 9.14576 9.39711 8.93587 8.59957 9.72331 9.93076 10.0574 10.1445 10.2073 10.2131 10.2415 10.2524 10.2672 10.2824 10.2925 10.3071 10.3188 10.3311 10.3455 10.3716 10.384 10.3993 10.4235 10.4202 10.4333 10.4542
-9999 -9999 -9999 -9999 -9999 -9999 -9999 5.44956 7.7548 9.81572 10.9685 11.6985 12.061 12.0681 11.8882 11.6796 11.3733 10.8078 10.0936 8.95589 8.11514 8.67367 9.34799 9.43757 9.89226 11.1844 11.6341 11.0272 9.50014 10.4226 11.4431 11.4396 11.3669 11.2844 11.1719 11.0763 10.8497 10.2165 8.24233 7.87326 7.11166 7.22096 6.84104 7.7354 7.43685 8.35836 8.76992 8.9384 8.12749 8.32492 9.32868 9.7342 9.68806 9.94309 10.1847 10.2096 10.2336 10.2456 10.2688 10.2896 10.3055 10.3188 10.3329 10.3497 10.3555 10.3909 10.3415 10.3181 10.2451 10.3901 10.4254 10.4698
-9999 -9999 -9999 -9999 -9999 -9999 -9999 4.99452 7.29696 9.72271 10.5097 11.296 11.9769 12.0034 11.721 11.4535 11.178 10.8624 9.99253 9.14942 8.34504 8.08488 8.26458 8.26293 8.99027 10.6699 11.0057 10.8809 9.29268 8.76467 10.1243 11.2693 11.3721 11.2837 9.96682 10.266 9.56397 8.60691 8.35683 7.94924 7.06763 7.52145 6.88186 7.18555 7.1358 7.66789 7.93811 8.56637 7.86199 7.88678 8.87339 9.37624 9.40676 9.93274 10.1317 10.197 10.2269 10.2538 10.2749 10.3023 10.3178 10.3312 10.3428 10.3407 10.3056 10.1528 9.22346 9.24878 9.53721 9.81119 10.2993 10.4571
-9999 -9999 -9999 -9999 -9999 -9999 -9999 5.26183 6.86343 9.0176 10.6168 10.7292 11.5139 11.9258 11.6174 11.2688 10.9121 10.7648 9.81645 8.77327 7.93323 6.93593 7.11722 7.85817 9.05754 10.1475 10.3534 10.1442 9.29878 9.71741 10.6494 11.1509 11.3089 11.2103 10.9355 10.7836 10.2711 10.059 9.3422 8.212 7.77866 8.08484 6.88525 6.99067 7.46194 7.00902 7.81962 8.21814 7.30226 8.07599 8.94392 9.39673 9.79462 9.9925 10.0823 10.2102 10.2315 10.2594 10.2834 10.3014 10.3214 10.3243 10.3308 10.2501 10.1213 9.24547 8.90743 9.00428 9.44286 9.82957 10.2514 10.4287
-9999 -9999 -9999 -9999 -9999 -9999 -9999 5.5349 6.97858 8.84841 9.99246 10.2079 11.0769 11.8515 11.7806 11.4173 11.3169 10.9403 10.1381 9.25055 8.27896 7.81413 6.7261 7.82593 8.69535 9.62073 10.0609 9.36836 9.029 9.66942 10.3063 10.5693 11.2128 11.2219 11.0324 10.165 9.75084 9.95011 9.7828 9.47701 8.70508 8.68908 8.20066 8.01001 7.83115 7.21114 7.64335 7.7048 7.84525 8.75957 9.22066 9.5326 9.81775 9.90631 10.0406 10.2094 10.2412 10.2654 10.2839 10.3063 10.3152 10.2928 10.2776 10.0931 9.75031 9.09235 8.02675 8.82621 9.66108 9.9352 10.2039 10.3478
-9999 -9999 -9999 -9999 -9999 -9999 -9999 5.29278 6.82617 8.42644 9.10315 9.2291 10.7912 11.7533 11.7692 11.6045 11.41 10.4576 10.5292 10.3507 9.4756 8.19404 6.78494 6.93282 7.79546 9.00922 9.42151 8.26949 7.87274 8.19008 9.14611 10.0036 10.8985 11.1374 10.895 9.53609 8.09137 8.78636 9.52825 9.54236 9.34841 8.63395 8.42025 8.22882 7.71327 6.83435 6.9854 7.25735 8.30187 8.64216 9.15675 9.58716 9.45123 9.56077 9.9728 10.2172 10.2445 10.2675 10.2941 10.3084 10.3147 10.2498 10.1802 10.0497 9.12101 8.55173 7.72441 8.75019 9.32599 9.66369 10.2122 10.3589
-9999 -9999 -9999 -9999 -9999 -9999 -9999 4.82361 5.94019 7.47071 8.09557 9.08465 10.5618 11.2957 11.655 11.6619 11.5371 11.1187 10.8732 10.3748 9.46383 8.21264 6.82006 5.91842 6.39832 8.02831 8.43238 7.36473 6.83365 7.52878 8.54702 10.0476 10.9117 11.042 10.9813 10.7141 9.66389 8.39195 8.4139 9.0784 8.55573 7.94559 8.3103 8.26538 7.75628 7.3913 7.18217 7.35766 7.95777 8.21637 8.80785 9.67124 9.81136 9.80648 10.1808 10.2175 10.2447 10.2771 10.2959 10.312 10.321 10.2715 10.1363 9.52453 8.99394 8.24787 8.1741 9.10038 9.52142 9.91652 10.1962 10.3013
-9999 -9999 -9999 -9999 -9999 -9999 -9999 4.01447 5.32631 6.76123 8.10588 9.37901 10.4769 10.5749 11.1609 11.1747 11.4889 11.4178 11.0311 10.6137 9.83076 8.21928 6.86646 5.38967 5.79709 7.46307 7.68748 6.98319 5.66919 7.05702 8.58605 9.97342 10.7318 10.1656 10.7784 10.7459 10.363 9.61273 8.437 8.47737 7.60129 7.58078 8.05867 8.2266 8.16915 7.89983 7.46567 7.57261 7.94597 8.05512 8.60036 9.27462 9.93407 10.0609 10.2021 10.2264 10.2474 10.2765 10.2969 10.3029 10.2896 10.2367 9.72664 9.11648 8.74857 8.23475 8.19064 9.24873 9.69421 9.95447 10.1987 10.3076
-9999 -9999 -9999 -9999 -9999 -9999 -9999 -9999 5.19503 6.67733 7.77793 8.08466 9.0623 9.59691 10.014 10.1178 11.2812 11.3592 11.1194 10.7372 10.0715 8.8522 8.00699 6.59107 5.57733 6.01917 6.21983 6.61297 6.51698 7.14461 8.61478 10.1459 10.3272 9.38069 9.53961 9.75762 10.2259 10.014 8.40554 7.59718 6.92945 7.43468 7.96549 8.10815 8.15184 8.07204 7.99248 7.81865 8.52403 9.05108 9.18847 9.65029 9.99624 10.1058 10.1929 10.2205 10.2481 10.2674 10.2675 10.2729 10.2103 10.0462 9.47298 8.06707 8.15372 8.01976 7.59668 8.63065 9.31059 9.89758 10.2191 10.3172
-9999 -9999 -9999 -9999 -9999 -9999 -9999 -9999 4.70781 6.42099 6.7941 6.7818 6.23374 6.50734 8.60758 9.04227 10.1586 11.2164 11.1545 10.7798 10.1579 9.4376 8.31432 6.72012 5.45632 4.93035 6.32041 7.68234 7.97681 8.42377 9.33087 9.51622 8.54852 7.6422 8.17667 8.50533 9.711 9.945 9.73117 8.76909 7.66682 7.10015 7.80852 7.91925 7.97938 8.00651 8.01323 8.01355 8.80683 9.25443 9.57096 9.75225 10.0522 10.1435 10.1858 10.2266 10.2407 10.2453 10.2201 10.1888 9.98626 9.73716 8.78545 7.99541 7.51035 6.88951 8.35402 8.81346 9.44813 9.85849 10.1783 10.2643
