Test_Spring_2018/04_18/Temp/20180404_015.txt
ncols	170
nrows	115
xllcorner	350000.000000
yllcorner	4445000.000000
cellsize	1000.000000
nodata_value	-9999.000000
[rows 32 to 63 of 115, columns 72 to 143 of 170]
17.1605 17.206 17.1884 17.1734 17.1918 17.2147 17.1682 17.188 17.2277 17.2943 17.3322 17.3711 17.4035 17.4849 17.6735 17.8459 17.7884 17.8093 17.8876 17.8108 17.8858 18.0453 18.2609 18.1773 18.2262 18.3668 18.4205 -9999 -9999 -9999 -9999 -9999 -9999 -9999 -9999 -9999 -9999 -9999 -9999 -9999 -9999 -9999 -9999 -9999 -9999 -9999 -9999 -9999 -9999 -9999 -9999 -9999 -9999 -9999 -9999 -9999 -9999 -9999 -9999 -9999 -9999 -9999 -9999 -9999 -9999 -9999 -9999 -9999 -9999 -9999 -9999 -9999
17.1947 17.2262 17.1901 17.2115 17.222 17.2 17.1756 17.1884 17.2164 17.2571 17.2956 17.3355 17.4043 17.4942 17.6588 17.8519 17.9132 17.8524 17.8711 17.8802 17.9505 18.0328 18.1489 18.0935 18.085 18.1918 18.316 18.4017 -9999 -9999 -9999 -9999 -9999 -9999 -9999 -9999 -9999 -9999 -9999 -9999 -9999 -9999 -9999 -9999 -9999 -9999 -9999 -9999 -9999 -9999 -9999 -9999 -9999 -9999 -9999 -9999 -9999 -9999 -9999 -9999 -9999 -9999 -9999 -9999 -9999 -9999 -9999 -9999 -9999 -9999 -9999 -9999
17.2356 17.3113 17.2977 17.2924 17.2408 17.2295 17.2422 17.1947 17.2186 17.2424 17.2923 17.3368 17.3968 17.4842 17.5994 17.7337 17.951 17.8536 17.7821 17.807 17.8343 17.8986 18.0108 17.9567 17.9746 18.1036 18.2308 18.3304 18.3849 -9999 -9999 -9999 -9999 -9999 -9999 -9999 -9999 -9999 -9999 -9999 -9999 -9999 -9999 -9999 -9999 -9999 -9999 -9999 -9999 -9999 -9999 -9999 -9999 -9999 -9999 -9999 -9999 -9999 -9999 -9999 -9999 -9999 -9999 -9999 -9999 -9999 -9999 -9999 -9999 -9999 -9999 -9999
17.2823 17.37 17.3561 17.3304 17.2728 17.2404 17.2234 17.2232 17.223 17.2461 17.2967 17.4053 17.4396 17.4656 17.5487 17.6987 17.8486 17.9042 17.7834 17.7647 17.7952 17.7851 17.8834 17.8686 17.9047 17.9634 18.0959 18.2188 18.2889 18.4057 -9999 -9999 -9999 -9999 -9999 -9999 -9999 -9999 -9999 -9999 -9999 -9999 -9999 -9999 -9999 -9999 -9999 -9999 -9999 -9999 -9999 -9999 -9999 -9999 -9999 -9999 -9999 -9999 -9999 -9999 -9999 -9999 -9999 -9999 -9999 -9999 -9999 -9999 -9999 -9999 -9999 -9999
-9999 -9999 17.4343 17.3792 17.3406 17.2852 17.239 17.2315 17.2252 17.248 17.328 17.3784 17.4029 17.465 17.5576 17.6242 17.727 17.8332 17.8238 17.7238 17.8003 17.7355 17.7643 17.7696 17.8486 17.965 18.1291 18.2221 18.287 18.3857 -9999 -9999 -9999 -9999 -9999 -9999 -9999 -9999 -9999 -9999 -9999 -9999 -9999 -9999 -9999 -9999 -9999 -9999 -9999 -9999 -9999 -9999 -9999 -9999 -9999 -9999 -9999 -9999 -9999 -9999 -9999 -9999 -9999 -9999 -9999 -9999 -9999 -9999 -9999 -9999 -9999 -9999
-9999 -9999 -9999 17.3921 17.3657 17.3 17.2536 17.2554 17.2326 17.2531 17.2965 17.335 17.3815 17.4358 17.5112 17.5921 17.6903 17.72 17.6644 17.6857 17.724 17.7328 17.714 17.7456 17.8525 18.0175 18.1201 18.29 18.3831 18.3981 18.4712 -9999 -9999 -9999 -9999 -9999 -9999 -9999 -9999 -9999 -9999 -9999 -9999 18.6052 -9999 -9999 -9999 -9999 -9999 -9999 -9999 -9999 -9999 -9999 -9999 -9999 -9999 -9999 -9999 -9999 -9999 -9999 -9999 -9999 19.4941 -9999 -9999 -9999 -9999 -9999 -9999 -9999
-9999 -9999 17.3949 17.3434 17.3204 17.2856 17.2884 17.2657 17.2362 17.2559 17.2928 17.3323 17.3947 17.4272 17.4801 17.5662 17.6021 17.5994 17.6103 17.6193 17.633 17.6612 17.6985 17.7403 17.8053 17.8974 17.9659 18.1349 18.2196 18.315 18.4485 18.5583 -9999 -9999 -9999 -9999 -9999 -9999 -9999 18.5568 18.5872 18.6117 18.614 18.5734 18.6397 -9999 -9999 -9999 -9999 -9999 -9999 -9999 -9999 -9999 -9999 -9999 -9999 -9999 -9999 -9999 -9999 -9999 -9999 -9999 19.4338 19.5513 -9999 -9999 -9999 -9999 -9999 -9999
-9999 -9999 17.3664 17.3284 17.318 17.284 17.2723 17.2519 17.2543 17.2582 17.2819 17.3234 17.3758 17.3984 17.4631 17.5088 17.548 17.5365 17.5525 17.5888 17.6281 17.6648 17.7292 17.7546 17.7763 17.8416 17.9362 18.0331 18.1492 18.3216 18.4915 18.6334 -9999 -9999 -9999 -9999 -9999 -9999 18.5165 18.4869 18.48 18.5779 18.5439 18.5152 18.5511 18.6337 -9999 -9999 -9999 -9999 -9999 -9999 -9999 -9999 -9999 -9999 -9999 -9999 -9999 -9999 18.9022 19.0206 19.2309 19.3532 19.4387 19.5485 -9999 -9999 -9999 -9999 -9999 -9999
-9999 -9999 17.3803 17.3314 17.3035 17.2807 17.2914 17.2591 17.2519 17.2631 17.285 17.3106 17.3387 17.398 17.437 17.5154 17.4867 17.512 17.5483 17.6233 17.6679 17.7793 17.8395 17.8567 17.8003 17.8755 18.0116 18.1771 18.3598 18.3902 18.4699 18.5988 -9999 -9999 -9999 -9999 -9999 -9999 18.4972 18.464 18.4409 18.4606 18.5585 18.4868 18.5191 18.6021 18.6424 18.6248 18.6294 18.6686 18.646 18.6581 18.7102 18.7111 -9999 -9999 -9999 -9999 18.833 18.8574 18.8829 18.949 19.1761 19.3409 19.4924 19.537 -9999 -9999 -9999 -9999 -9999 -9999
-9999 -9999 17.3379 17.3133 17.3085 17.3209 17.3017 17.2741 17.2631 17.2669 17.2911 17.3143 17.3384 17.3743 17.427 17.4459 17.4724 17.513 17.6364 17.7759 17.7471 17.8361 17.9973 17.8929 17.8455 17.9274 18.0876 18.2705 18.3311 18.3476 18.4495 18.5755 -9999 -9999 -9999 18.5808 18.5207 18.5392 18.5405 18.4876 18.454 18.4351 18.4313 18.456 18.5214 18.6035 18.6902 18.6971 18.6191 18.621 18.6253 18.6368 18.6871 18.7057 18.7047 18.7173 18.7415 18.7756 18.8047 18.8303 18.862 18.9257 19.1294 19.2605 19.3554 19.5313 -9999 -9999 -9999 -9999 -9999 -9999
-9999 -9999 17.363 17.3431 17.3297 17.2975 17.3083 17.2949 17.2869 17.274 17.2919 17.3447 17.3422 17.3693 17.3984 17.433 17.4724 17.581 17.721 17.8606 17.9365 17.9289 18.038 18.0083 17.9597 17.999 18.1019 18.2664 18.3055 18.3484 18.504 18.6566 -9999 -9999 18.7189 18.5794 18.4894 18.4559 18.4642 18.4896 18.4406 18.4622 18.4076 18.4514 18.5925 18.6084 18.6786 18.6792 18.6721 18.6891 18.6567 18.6331 18.6503 18.6772 18.6863 18.7095 18.7356 18.7633 18.803 18.8252 18.8527 18.9033 19.0611 19.1536 19.2553 19.5306 -9999 -9999 -9999 -9999 -9999 -9999
-9999 -9999 17.3446 17.3198 17.2914 17.2993 17.2829 17.3031 17.3218 17.2963 17.2958 17.3397 17.3785 17.3738 17.4005 17.4294 17.4608 17.5647 17.6805 17.8426 17.951 18.0199 18.0769 18.1401 18.1237 18.152 18.1836 18.1849 18.239 18.3282 18.4279 18.5974 18.7002 -9999 18.7066 18.6574 18.5455 18.4551 18.4079 18.4621 18.4029 18.4148 18.3899 18.4473 18.5457 18.6063 18.6371 18.6739 18.6432 18.6315 18.6273 18.6363 18.6425 18.6636 18.6845 18.7087 18.7342 18.7598 18.7875 18.8157 18.8466 18.8837 18.9723 19.0667 19.2328 19.5218 -9999 -9999 -9999 -9999 -9999 -9999
-9999 17.4558 17.3514 17.2992 17.2874 17.2831 17.2815 17.2853 17.2831 17.2902 17.3023 17.3243 17.4053 17.4251 17.4399 17.4327 17.4605 17.4927 17.5673 17.7597 17.8365 17.9397 18.0693 18.1311 18.1255 18.0519 18.0727 18.1495 18.2334 18.3349 18.4093 18.5214 18.7182 18.7254 18.6703 18.6365 18.5688 18.4526 18.3797 18.3628 18.3741 18.3649 18.3748 18.4469 18.5178 18.5627 18.6212 18.6537 18.6814 18.6736 18.6699 18.636 18.6426 18.6615 18.6833 18.7072 18.7318 18.7568 18.7833 18.8122 18.8405 18.87 18.9052 19.0191 19.265 19.4639 -9999 -9999 -9999 -9999 -9999 -9999
-9999 -9999 17.3735 17.3574 17.3628 17.3629 17.3498 17.3334 17.2992 17.3119 17.3075 17.3289 17.3999 17.482 17.4576 17.4637 17.469 17.4938 17.5249 17.6862 17.7817 17.8602 17.985 17.962 17.9426 17.9563 17.9945 18.1393 18.2837 18.4404 18.5972 18.6235 18.7164 18.6997 18.6714 18.5624 18.4941 18.4827 18.4828 18.3657 18.3547 18.3725 18.3643 18.444 18.4894 18.5565 18.5739 18.6056 18.6334 18.7666 18.6847 18.7059 18.6639 18.6597 18.6801 18.7044 18.7287 18.755 18.7817 18.8096 18.8372 18.8681 18.904 18.9899 19.2863 19.461 -9999 -9999 -9999 -9999 -9999 -9999
-9999 -9999 -9999 -9999 17.3902 17.3809 17.3803 17.3704 17.3054 17.3034 17.3099 17.3303 17.3755 17.4559 17.4966 17.5125 17.594 17.5727 17.5323 17.5565 17.5854 17.7301 17.8102 17.7657 17.8011 17.911 18.0006 18.0891 18.255 18.3736 18.5502 18.6884 18.7134 18.6042 18.5179 18.4073 18.3736 18.4346 18.4255 18.3819 18.3288 18.3183 18.3569 18.4396 18.4798 18.5678 18.5389 18.5624 18.6173 18.6681 18.683 18.6762 18.6901 18.6628 18.6761 18.7004 18.7262 18.7524 18.7796 18.8075 18.8391 18.87 18.9021 18.9368 19.2409 19.4943 -9999 -9999 -9999 -9999 -9999 -9999
-9999 -9999 -9999 -9999 17.4421 17.4412 17.4192 17.3427 17.3053 17.3042 17.3247 17.3374 17.3761 17.4506 17.5274 17.6022 17.6904 17.68 17.6097 17.5767 17.5916 17.7208 17.68 17.7185 17.7769 17.9154 18.0213 18.0846 18.2441 18.3761 18.4995 18.664 18.6223 18.5756 18.5109 18.3875 18.3138 18.3002 18.3624 18.3449 18.2797 18.3085 18.3895 18.4155 18.4797 18.5894 18.5348 18.5398 18.5868 18.6094 18.6407 18.6552 18.6589 18.6633 18.6748 18.6989 18.7249 18.7518 18.7787 18.8073 18.8378 18.8682 18.9006 18.9345 19.1427 19.498 -9999 -9999 -9999 -9999 -9999 -9999
-9999 -9999 -9999 -9999 -9999 17.5017 17.4343 17.3282 17.3084 17.3293 17.3243 17.3437 17.3908 17.4362 17.5241 17.6354 17.8249 17.8085 17.7457 17.6432 17.5986 17.6273 17.6801 17.7608 17.931 18.0814 18.1131 18.1504 18.2709 18.3745 18.5095 18.4608 18.4069 18.3473 18.3279 18.3637 18.3042 18.2617 18.3193 18.2914 18.2546 18.314 18.3612 18.4056 18.4747 18.5063 18.5316 18.5126 18.5735 18.5808 18.6045 18.6328 18.6483 18.6617 18.6742 18.698 18.7241 18.7503 18.779 18.8067 18.837 18.8684 18.9009 18.9347 18.9839 19.195 19.3309 -9999 -9999 -9999 -9999 -9999
-9999 -9999 -9999 -9999 -9999 17.5757 17.549 17.4209 17.387 17.3423 17.3288 17.3488 17.4124 17.4591 17.5774 17.6338 17.8111 17.9042 17.8702 17.9151 17.764 17.6313 17.6807 18.006 18.134 18.2294 18.2244 18.2396 18.2844 18.4547 18.5174 18.3917 18.3209 18.272 18.2416 18.2552 18.2831 18.2013 18.2145 18.2078 18.2446 18.2708 18.3554 18.419 18.4221 18.4858 18.5207 18.5002 18.5765 18.5602 18.5895 18.6298 18.6571 18.6546 18.6749 18.6979 18.7242 18.7516 18.7801 18.8094 18.8381 18.8692 18.9026 18.9352 18.9702 19.0328 19.1552 19.2206 19.2213 -9999 -9999 -9999
-9999 -9999 -9999 -9999 -9999 -9999 17.6821 17.4989 17.4187 17.3896 17.3427 17.3562 17.3985 17.4626 17.5829 17.6921 17.8532 18.0329 18.1371 17.9153 17.7238 17.6327 17.6637 17.9376 18.0555 18.0764 18.0327 18.0987 18.1527 18.2842 18.3393 18.4096 18.3987 18.3212 18.265 18.2121 18.1816 18.2043 18.196 18.2024 18.2297 18.2525 18.2884 18.3231 18.409 18.4017 18.4618 18.4737 18.5123 18.5493 18.5816 18.639 18.6442 18.6515 18.6727 18.6989 18.7257 18.7523 18.7804 18.8104 18.8413 18.8721 18.9041 18.9377 18.971 19.0146 19.0593 19.1465 19.251 19.3733 -9999 -9999
-9999 -9999 -9999 -9999 -9999 -9999 17.7815 17.5998 17.5152 17.4117 17.3663 17.361 17.3884 17.4448 17.5421 17.6759 17.7916 17.989 18.1922 17.9583 17.7484 17.6452 17.6577 17.8886 17.846 17.911 17.9079 18.0125 18.0656 18.1034 18.1855 18.2746 18.3698 18.4337 18.2764 18.2083 18.1596 18.1515 18.1597 18.1787 18.2107 18.2533 18.3627 18.3308 18.3669 18.4022 18.438 18.4697 18.504 18.5388 18.5671 18.5957 18.6426 18.6468 18.6762 18.7013 18.7271 18.7542 18.7827 18.8121 18.8427 18.8734 18.9068 18.94 18.9737 19.0166 19.0518 19.0891 19.137 19.2894 19.3932 19.4482
-9999 -9999 -9999 -9999 -9999 -9999 18.059 17.7883 17.5646 17.4638 17.3837 17.3794 17.3931 17.46 17.5169 17.6197 17.7183 17.8563 18.05 18.1776 18.0066 17.7481 17.6606 17.6844 17.7086 17.7817 17.849 17.8723 17.8855 17.953 18.0554 18.1871 18.2453 18.3065 18.1954 18.2018 18.2375 18.1165 18.144 18.181 18.2667 18.3558 18.3729 18.4406 18.4433 18.5191 18.5048 18.4959 18.5099 18.5384 18.567 18.5959 18.6247 18.6515 18.6772 18.7036 18.7302 18.7572 18.7853 18.8155 18.8459 18.8757 18.9086 18.9417 18.9765 19.0192 19.0537 19.0898 19.1252 19.1765 19.2362 19.3238
-9999 -9999 -9999 -9999 -9999 -9999 18.0435 17.811 17.625 17.518 17.4215 17.4168 17.4005 17.4333 17.4913 17.5836 17.6926 17.8102 17.9795 18.1108 18.0045 17.8388 17.726 17.6944 17.7091 17.7302 17.7605 17.782 17.8142 17.8333 17.9142 18.0427 18.1237 18.2333 18.1069 18.1147 18.1639 18.1158 18.1471 18.2885 18.4042 18.4441 18.4156 18.495 18.5368 18.596 18.589 18.5221 18.5793 18.6011 18.5813 18.6012 18.6295 18.6542 18.6805 18.7067 18.7339 18.7607 18.7883 18.8186 18.8488 18.8795 18.9122 18.9451 18.9787 19.0226 19.0577 19.0923 19.1271 19.1649 19.2066 19.2358
-9999 -9999 -9999 -9999 -9999 -9999 18.0426 17.8856 17.7207 17.5554 17.451 17.4228 17.4091 17.4335 17.4966 17.5546 17.6318 17.738 17.8179 17.9385 18.0946 17.8917 17.8414 17.7963 17.789 17.7431 17.7624 17.8095 17.8478 17.8358 17.8683 17.9727 18.022 18.091 18.0314 18.0559 18.0838 18.1148 18.2376 18.3983 18.5329 18.485 18.5297 18.5183 18.6598 18.6009 18.5575 18.5624 18.6374 18.701 18.612 18.6279 18.6434 18.6626 18.6842 18.7118 18.7373 18.7652 18.7934 18.8224 18.8528 18.8835 18.9153 18.9477 18.982 19.0258 19.0604 19.0995 19.1326 19.1672 19.1997 19.2361
-9999 -9999 -9999 -9999 -9999 -9999 -9999 17.9849 17.7647 17.5769 17.4824 17.4318 17.4193 17.4436 17.4873 17.5342 17.5911 17.6741 17.7718 17.912 18.0214 17.9876 17.9385 17.9471 17.9214 17.8101 17.7842 17.8657 18.0284 17.9594 17.8775 17.9005 17.9313 17.9639 17.9992 18.0352 18.0854 18.1779 18.4075 18.476 18.5835 18.6029 18.6721 18.6059 18.6722 18.6093 18.5981 18.6112 18.7235 18.7285 18.6653 18.653 18.6863 18.6887 18.6906 18.7166 18.743 18.7711 18.7986 18.8271 18.8568 18.8898 18.9215 18.9534 18.9891 19.0325 19.0732 19.1111 19.1536 19.1734 19.2036 19.2509
-9999 -9999 -9999 -9999 -9999 -9999 -9999 18.0244 17.8117 17.5872 17.5302 17.4739 17.429 17.4511 17.505 17.5576 17.611 17.6683 17.7817 17.8919 17.9975 18.0471 18.0514 18.0666 18.0137 17.8636 17.8501 17.8833 18.0561 18.1319 18.0162 17.9229 17.9363 17.9699 18.1292 18.1251 18.2236 18.3488 18.4029 18.4735 18.5929 18.5767 18.672 18.6714 18.7057 18.6822 18.6852 18.6514 18.7529 18.7753 18.7149 18.693 18.7188 18.694 18.7025 18.7247 18.7507 18.7776 18.8056 18.8336 18.8635 18.8943 18.9259 18.9594 18.9967 19.049 19.1912 19.2236 19.2288 19.235 19.2259 19.2562
-9999 -9999 -9999 -9999 -9999 -9999 -9999 17.9966 17.8558 17.6594 17.52 17.5325 17.477 17.4598 17.5162 17.5768 17.6382 17.6782 17.7994 17.9299 18.0392 18.1639 18.1683 18.1152 18.0076 17.9181 17.9183 17.9608 18.0585 18.0387 17.9671 17.9397 17.9479 17.9828 18.0364 18.0782 18.1574 18.2067 18.308 18.4519 18.5253 18.5237 18.6756 18.6948 18.6768 18.7521 18.6999 18.6894 18.8124 18.7698 18.7113 18.6947 18.6835 18.6925 18.7124 18.7286 18.7559 18.7829 18.8107 18.8398 18.8691 18.9008 18.9327 18.9738 19.0202 19.1428 19.2279 19.2524 19.2419 19.2364 19.2492 19.2636
-9999 -9999 -9999 -9999 -9999 -9999 -9999 17.968 17.8438 17.6768 17.584 17.5861 17.5221 17.468 17.5002 17.5621 17.5973 17.6605 17.7667 17.8813 18.004 18.0748 18.2085 18.1192 18.0452 17.973 17.95 18.0314 18.0889 18.047 18.0059 18.0032 17.9624 17.9867 18.0318 18.1464 18.2156 18.223 18.2682 18.3279 18.4355 18.4664 18.5457 18.5947 18.6426 18.7344 18.7206 18.7444 18.7707 18.7038 18.6869 18.6849 18.6855 18.7059 18.7217 18.7341 18.7606 18.7882 18.8167 18.8453 18.8758 18.9098 18.9436 18.995 19.0628 19.1629 19.3221 19.2747 19.2236 19.2445 19.2587 19.2766
-9999 -9999 -9999 -9999 -9999 -9999 -9999 17.9916 17.8588 17.7196 17.6746 17.6861 17.5517 17.4785 17.5018 17.5435 17.5882 17.7099 17.7272 17.7696 17.8826 18.0365 18.2031 18.2109 18.1418 18.0365 18.0168 18.1454 18.2092 18.2006 18.1274 18.0647 17.9986 17.9997 18.0504 18.2151 18.3891 18.346 18.2986 18.3256 18.3742 18.4759 18.527 18.5759 18.6579 18.7817 18.7904 18.7927 18.7235 18.7194 18.6972 18.6835 18.7272 18.7459 18.7337 18.7387 18.7659 18.7938 18.8216 18.8511 18.8817 18.92 18.9591 19.0047 19.1318 19.2225 19.3527 19.2869 19.2618 19.2856 19.2628 19.2806
-9999 -9999 -9999 -9999 -9999 -9999 -9999 18.0382 17.9482 17.8165 17.7771 17.701 17.5754 17.5256 17.5139 17.5382 17.5758 17.6431 17.6926 17.7676 17.8843 18.0353 18.2003 18.315 18.289 18.1376 18.1213 18.2395 18.3173 18.2706 18.1914 18.0636 18.0009 18.0133 18.0456 18.0994 18.2333 18.3902 18.4159 18.3766 18.4585 18.5495 18.5416 18.5755 18.6567 18.7234 18.7732 18.7967 18.7621 18.7664 18.7367 18.6792 18.6951 18.7257 18.7177 18.7441 18.7715 18.7986 18.8273 18.8565 18.8868 18.9233 18.9689 19.0633 19.1496 19.2581 19.2984 19.2558 19.2625 19.265 19.2696 19.2917
-9999 -9999 -9999 -9999 -9999 -9999 -9999 18.1192 18.0099 17.8882 17.7759 17.6711 17.5843 17.5993 17.5647 17.5883 17.5813 17.6133 17.6772 17.744 17.8477 18.0354 18.1964 18.3698 18.3513 18.2007 18.1848 18.2802 18.4379 18.321 18.1901 18.0739 18.0222 18.1056 18.0695 18.0995 18.1656 18.2694 18.4169 18.4411 18.5588 18.5897 18.5702 18.5825 18.6177 18.6747 18.7531 18.778 18.7669 18.7866 18.7618 18.7238 18.6872 18.7047 18.7206 18.7485 18.7767 18.8042 18.8328 18.8631 18.8956 18.9323 19.0159 19.1099 19.1795 19.2642 19.3013 19.2395 19.2498 19.2662 19.2745 19.2964
-9999 -9999 -9999 -9999 -9999 -9999 -9999 -9999 18.0224 17.8963 17.8091 17.8029 17.7285 17.6993 17.682 17.6966 17.6032 17.6201 17.6692 17.7324 17.8242 17.972 18.0814 18.2487 18.3748 18.3504 18.3357 18.3196 18.3535 18.314 18.1892 18.0586 18.0656 18.1879 18.198 18.2026 18.1822 18.2313 18.4228 18.5333 18.6298 18.6073 18.5824 18.5972 18.6223 18.66 18.7127 18.7522 18.7116 18.689 18.706 18.6899 18.6854 18.7049 18.7266 18.7543 18.782 18.8106 18.8413 18.8715 18.9089 18.9569 19.0468 19.2216 19.2449 19.2908 19.3664 19.3111 19.3033 19.2771 19.2776 19.3008
-9999 -9999 -9999 -9999 -9999 -9999 -9999 -9999 18.0711 17.9218 17.909 17.9355 18.0166 18.0141 17.8258 17.8069 17.7184 17.6358 17.6667 17.7292 17.8165 17.9136 18.0513 18.2366 18.3882 18.453 18.332 18.2123 18.2065 18.1854 18.1179 18.1242 18.2482 18.3664 18.3385 18.3319 18.2364 18.2402 18.29 18.4162 18.5569 18.6435 18.6006 18.6188 18.6423 18.6694 18.7098 18.7407 18.6863 18.672 18.6711 18.6837 18.6842 18.7058 18.7322 18.7587 18.7879 18.818 18.8513 18.8852 18.9368 18.9933 19.1215 19.2336 19.315 19.4104 19.2941 19.2973 19.2861 19.2859 19.2869 19.3114
