Test_Spring_2018b/12_17/Temp/20171215_013.txt
ncols	170
nrows	115
xllcorner	350000.000000
yllcorner	4445000.000000
cellsize	1000.000000
nodata_value	-9999.000000
[rows 32 to 63 of 115, columns 72 to 143 of 170]
13.7481 13.4635 13.9112 14.3236 14.0648 13.896 14.5668 14.5695 14.3426 13.8062 13.6115 13.4098 13.2877 12.5994 10.6617 8.91522 9.85719 9.88347 9.23887 10.4058 9.79511 8.19599 5.93692 7.16995 6.85303 5.24502 4.85157 -9999 -9999 -9999 -9999 -9999 -9999 -9999 -9999 -9999 -9999 -9999 -9999 -9999 -9999 -9999 -9999 -9999 -9999 -9999 -9999 -9999 -9999 -9999 -9999 -9999 -9999 -9999 -9999 -9999 -9999 -9999 -9999 -9999 -9999 -9999 -9999 -9999 -9999 -9999 -9999 -9999 -9999 -9999 -9999 -9999
13.3641 13.2437 13.9078 13.8968 13.8514 14.0817 14.4978 14.5839 14.4973 14.2651 14.0647 13.8516 13.3055 12.5176 10.8597 8.87128 8.42339 9.40252 9.45324 9.61379 9.05756 8.35781 7.26094 8.16523 8.51827 7.46545 6.08152 5.19189 -9999 -9999 -9999 -9999 -9999 -9999 -9999 -9999 -9999 -9999 -9999 -9999 -9999 -9999 -9999 -9999 -9999 -9999 -9999 -9999 -9999 -9999 -9999 -9999 -9999 -9999 -9999 -9999 -9999 -9999 -9999 -9999 -9999 -9999 -9999 -9999 -9999 -9999 -9999 -9999 -9999 -9999 -9999 -9999
12.9059 12.2681 12.6695 12.9716 13.5153 13.6528 13.7385 14.5298 14.4911 14.4578 14.1245 13.8589 13.4165 12.6584 11.5775 10.2754 8.0051 9.4114 10.5134 10.4891 10.4326 9.94339 8.8897 9.77728 9.82188 8.47491 6.93377 6.03553 5.66624 -9999 -9999 -9999 -9999 -9999 -9999 -9999 -9999 -9999 -9999 -9999 -9999 -9999 -9999 -9999 -9999 -9999 -9999 -9999 -9999 -9999 -9999 -9999 -9999 -9999 -9999 -9999 -9999 -9999 -9999 -9999 -9999 -9999 -9999 -9999 -9999 -9999 -9999 -9999 -9999 -9999 -9999 -9999
12.385 11.6052 12.009 12.5468 13.2975 13.6805 13.9755 14.2142 14.4577 14.4325 14.0914 13.0773 12.9357 12.8956 12.19 10.7049 9.22179 8.8405 10.5195 11.0027 10.9086 11.2861 10.394 10.8202 10.6497 10.1738 8.69601 7.34845 6.79593 5.70063 -9999 -9999 -9999 -9999 -9999 -9999 -9999 -9999 -9999 -9999 -9999 -9999 -9999 -9999 -9999 -9999 -9999 -9999 -9999 -9999 -9999 -9999 -9999 -9999 -9999 -9999 -9999 -9999 -9999 -9999 -9999 -9999 -9999 -9999 -9999 -9999 -9999 -9999 -9999 -9999 -9999 -9999
-9999 -9999 11.1169 11.8411 12.4426 13.1772 13.8112 14.1333 14.4464 14.4247 13.7394 13.4061 13.3805 12.9195 12.1044 11.5944 10.6621 9.69054 10.067 11.4993 10.8674 11.8828 11.8003 11.9892 11.3154 10.029 8.31913 7.3167 6.82264 5.93567 -9999 -9999 -9999 -9999 -9999 -9999 -9999 -9999 -9999 -9999 -9999 -9999 -9999 -9999 -9999 -9999 -9999 -9999 -9999 -9999 -9999 -9999 -9999 -9999 -9999 -9999 -9999 -9999 -9999 -9999 -9999 -9999 -9999 -9999 -9999 -9999 -9999 -9999 -9999 -9999 -9999 -9999
-9999 -9999 -9999 11.7087 12.1668 13.1558 13.6572 13.8672 14.3703 14.3746 14.1172 13.9239 13.6419 13.2725 12.661 11.986 11.1094 11.032 11.9496 11.9646 11.7772 11.9304 12.4029 12.2819 11.2354 9.42635 8.47393 6.52843 5.70049 5.7892 5.20374 -9999 -9999 -9999 -9999 -9999 -9999 -9999 -9999 -9999 -9999 -9999 -9999 7.53217 -9999 -9999 -9999 -9999 -9999 -9999 -9999 -9999 -9999 -9999 -9999 -9999 -9999 -9999 -9999 -9999 -9999 -9999 -9999 -9999 4.1263 -9999 -9999 -9999 -9999 -9999 -9999 -9999
-9999 -9999 11.6253 12.2325 12.7144 13.3351 13.3922 13.758 14.336 14.3476 14.166 13.9606 13.4944 13.3821 13.0358 12.3027 12.156 12.459 12.6006 12.7604 12.86 12.7852 12.5979 12.3548 11.6751 10.8392 10.279 8.50761 7.60789 6.75331 5.45841 4.4465 -9999 -9999 -9999 -9999 -9999 -9999 -9999 6.82841 6.78665 6.81631 7.10781 7.90082 7.44552 -9999 -9999 -9999 -9999 -9999 -9999 -9999 -9999 -9999 -9999 -9999 -9999 -9999 -9999 -9999 -9999 -9999 -9999 -9999 4.8368 3.82131 -9999 -9999 -9999 -9999 -9999 -9999
-9999 -9999 11.7828 12.433 12.7588 13.3615 13.7073 13.9254 14.1275 14.3212 14.2927 14.0651 13.717 13.7236 13.2428 12.9856 12.8032 13.2117 13.2957 13.1372 12.9372 12.7605 12.2544 12.1981 12.028 11.498 10.6268 9.72894 8.42543 6.66575 4.94042 3.54978 -9999 -9999 -9999 -9999 -9999 -9999 6.96832 7.62798 8.02594 7.20073 7.91834 8.57486 8.47795 7.85346 -9999 -9999 -9999 -9999 -9999 -9999 -9999 -9999 -9999 -9999 -9999 -9999 -9999 -9999 9.65741 8.61588 6.50507 5.4266 4.78246 3.85981 -9999 -9999 -9999 -9999 -9999 -9999
-9999 -9999 11.6555 12.4228 12.9432 13.4054 13.481 13.9513 14.1549 14.2603 14.2517 14.2097 14.149 13.7299 13.5524 12.917 13.5338 13.515 13.3642 12.7546 12.4921 11.4418 10.981 10.8735 11.7613 11.1085 9.74337 8.0364 5.97953 5.84826 5.17216 3.92944 -9999 -9999 -9999 -9999 -9999 -9999 7.17003 7.87529 8.46524 8.55712 7.73717 8.8986 8.85995 8.2211 8.08148 8.61787 8.8931 8.69743 9.33861 9.53052 9.25191 9.57142 -9999 -9999 -9999 -9999 9.78977 9.83872 9.87739 9.44738 7.14075 5.56768 4.15589 4.03305 -9999 -9999 -9999 -9999 -9999 -9999
-9999 -9999 12.1867 12.6596 12.8995 12.9397 13.3545 13.7653 14.0175 14.2041 14.1705 14.1595 14.1479 14.0077 13.6761 13.7415 13.719 13.5272 12.3636 11.0043 11.602 10.7966 9.06304 10.4712 11.2462 10.5058 8.8508 6.93152 6.29906 6.32744 5.38559 4.17294 -9999 -9999 -9999 5.24079 6.24698 6.34035 6.64191 7.58052 8.29636 8.83799 9.20899 9.20264 8.82742 8.20277 7.5231 7.77479 9.01691 9.32485 9.5849 9.78351 9.52528 9.67022 10.0069 10.184 10.2249 10.1535 10.1422 10.1756 10.1428 9.74195 7.67968 6.50236 5.75392 4.24679 -9999 -9999 -9999 -9999 -9999 -9999
-9999 -9999 11.8896 12.3008 12.6341 13.1849 13.2448 13.5955 13.8014 14.1088 14.1472 13.7914 14.0935 14.06 14.0094 13.8964 13.7284 12.7472 11.3928 10.0345 9.40911 9.67711 8.63726 9.17292 9.95795 9.67348 8.65694 6.94703 6.70733 6.30659 4.72032 3.19395 -9999 -9999 3.29406 5.21877 6.57614 7.27964 7.50236 7.53015 8.43043 8.50787 9.47668 9.25709 7.99416 8.14438 7.6573 7.98483 8.44506 8.5761 9.23223 9.86731 9.99229 10.0015 10.2182 10.2677 10.2851 10.2859 10.1497 10.2213 10.2379 9.99051 8.498 7.7739 6.97658 4.26739 -9999 -9999 -9999 -9999 -9999 -9999
-9999 -9999 12.0973 12.5564 13.0591 13.1416 13.5148 13.4796 13.373 13.8942 14.0848 13.8349 13.6566 13.9988 13.9807 13.9412 13.8726 12.951 11.8834 10.2643 9.25918 8.64266 8.20665 7.62008 8.02365 7.9016 7.73762 7.92841 7.45888 6.51712 5.58929 3.85139 2.91328 -9999 3.39653 4.26807 5.88134 7.25376 8.12777 7.82319 8.84612 9.042 9.63372 9.29725 8.53388 8.20974 8.1875 8.0933 8.78434 9.25192 9.58129 9.8051 10.0831 10.1583 10.2336 10.2686 10.2905 10.3125 10.3153 10.3163 10.2924 10.2036 9.52113 8.79932 7.22964 4.35813 -9999 -9999 -9999 -9999 -9999 -9999
-9999 10.7674 12.0463 12.8152 13.1133 13.3288 13.5193 13.6579 13.801 13.939 14.0352 13.9979 13.3297 13.3899 13.5163 13.9038 13.8818 13.8031 13.2214 11.2505 10.5693 9.57238 8.28237 7.74252 8.01324 9.07278 9.02623 8.32587 7.54541 6.46211 5.77615 4.71127 2.66525 2.85353 3.78132 4.47357 5.57196 7.24822 8.42571 8.95534 9.16017 9.57783 9.79934 9.33578 8.89575 8.71464 8.37257 8.33063 8.34052 8.76081 9.08811 9.81308 10.0611 10.1785 10.2411 10.2775 10.3057 10.3335 10.3472 10.3398 10.347 10.3481 10.305 9.34078 6.91901 5.09873 -9999 -9999 -9999 -9999 -9999 -9999
-9999 -9999 11.8105 12.1486 12.2373 12.3926 12.7104 13.0772 13.5942 13.6639 13.9529 13.9561 13.3799 12.7155 13.3046 13.542 13.7878 13.8002 13.7293 12.0707 11.2052 10.5236 9.28656 9.73303 10.1581 10.1908 9.93513 8.43227 6.93567 5.2061 3.59525 3.52052 2.65504 3.11832 3.73272 5.30365 6.41143 6.86482 7.19281 8.89767 9.3458 9.50529 9.94753 9.36269 9.22158 8.78406 8.92413 8.89273 8.9027 7.67634 8.9192 8.99953 9.81273 10.1824 10.2713 10.2999 10.3299 10.3398 10.3507 10.3533 10.368 10.363 10.3578 9.73393 6.65915 5.1221 -9999 -9999 -9999 -9999 -9999 -9999
-9999 -9999 -9999 -9999 11.919 12.1772 12.3433 12.6306 13.5063 13.7455 13.9063 13.9242 13.6707 13.0127 12.8439 12.9713 12.33 12.8761 13.6202 13.6051 13.5179 12.0608 11.3146 12.038 11.8188 10.7223 9.85927 9.00758 7.25505 5.96858 4.12199 2.73632 2.68691 4.22225 5.49873 7.0883 7.79337 7.40215 7.84034 8.69047 9.65582 10.1267 10.0254 9.40861 9.33015 8.65137 9.33414 9.39962 9.09327 8.82931 8.94285 9.34888 9.50799 10.1455 10.3047 10.3383 10.3493 10.358 10.3615 10.3642 10.3636 10.3641 10.3627 10.342 7.18128 4.72676 -9999 -9999 -9999 -9999 -9999 -9999
-9999 -9999 -9999 -9999 11.3113 11.4686 11.8821 12.9434 13.4973 13.7247 13.721 13.8293 13.6522 13.0743 12.4812 11.9224 11.1995 11.6211 12.7276 13.3808 13.4572 12.1801 12.8458 12.5972 12.1064 10.6721 9.61503 9.05466 7.37202 5.92796 4.69989 3.00424 3.73327 4.53666 5.56836 7.30207 8.47437 8.96026 8.56509 9.11162 10.2214 10.2355 9.64087 9.68813 9.33005 8.39961 9.38465 9.66738 9.45335 9.51821 9.44112 9.5968 9.87423 10.1397 10.3182 10.3477 10.3565 10.3569 10.3627 10.3699 10.3645 10.3726 10.3712 10.3629 8.32572 4.68108 -9999 -9999 -9999 -9999 -9999 -9999
-9999 -9999 -9999 -9999 -9999 10.7586 11.7012 13.1096 13.4577 13.4291 13.7236 13.7533 13.4786 13.2413 12.5202 11.5328 9.63025 10.1215 11.1403 12.6067 13.3782 13.2763 12.8486 12.1062 10.3085 8.7351 8.54401 8.28644 7.0585 5.94571 4.5802 5.37443 6.24495 7.19782 7.70101 7.57673 8.5821 9.4035 9.06473 9.73348 10.5127 10.1709 9.97216 9.80669 9.39146 9.37404 9.42643 9.98918 9.61297 9.85637 9.86793 9.86194 10.0005 10.1587 10.3243 10.3566 10.3629 10.3715 10.3592 10.3721 10.3698 10.368 10.3674 10.3615 10.1846 8.22634 7.05849 -9999 -9999 -9999 -9999 -9999
-9999 -9999 -9999 -9999 -9999 9.8904 10.361 12.0289 12.5423 13.2819 13.6769 13.6996 13.2323 12.9744 11.8969 11.5515 9.7921 8.99787 9.68046 9.42434 11.4415 13.226 12.8382 9.24063 7.93775 7.00837 7.24728 7.24972 6.9082 5.01597 4.49687 6.19091 7.25909 8.08814 8.7187 8.85429 8.83878 10.1199 10.2963 10.7178 10.6356 10.682 10.0466 9.65662 10.0134 9.62048 9.56006 10.1412 9.5844 10.1025 10.0479 9.90197 9.90105 10.2442 10.3188 10.3609 10.3692 10.3619 10.351 10.3479 10.3657 10.3679 10.357 10.366 10.3561 10.1325 9.12252 8.77542 9.17905 -9999 -9999 -9999
-9999 -9999 -9999 -9999 -9999 -9999 8.80779 11.1254 12.1823 12.7416 13.5285 13.6276 13.3802 12.9306 11.8331 10.8685 9.2962 7.49922 6.54872 9.4094 11.8989 13.1989 13.0287 10.0345 8.85301 8.79869 9.49534 8.90833 8.46338 7.02486 6.59772 6.00382 6.37447 7.52805 8.47257 9.3843 10.0492 10.1095 10.5442 10.7972 10.825 10.9098 10.8421 10.7885 10.1766 10.6137 10.2579 10.459 10.3424 10.2377 10.1468 9.79894 10.057 10.2861 10.3499 10.3739 10.3663 10.369 10.3657 10.3511 10.349 10.3549 10.3605 10.3572 10.3653 10.365 10.2598 9.65567 8.84374 7.81544 -9999 -9999
-9999 -9999 -9999 -9999 -9999 -9999 7.65167 9.95821 11.0676 12.5006 13.2389 13.5411 13.5074 13.1441 12.3115 11.0551 10.0092 8.0024 5.91793 8.92072 11.5942 13.0381 13.1164 10.5994 11.2983 10.7351 10.9635 9.9318 9.50386 9.16217 8.42303 7.61506 6.73039 6.26569 8.37998 9.46851 10.3461 10.7635 11.0027 11.1258 11.0706 10.9203 9.99121 10.7133 10.684 10.6209 10.5473 10.5156 10.4493 10.3697 10.3237 10.3127 10.0839 10.3581 10.3587 10.3681 10.3752 10.374 10.3667 10.3613 10.3535 10.361 10.3602 10.359 10.3609 10.3684 10.3697 10.3448 10.1907 8.8067 7.98208 7.75778
-9999 -9999 -9999 -9999 -9999 -9999 4.4138 7.76891 10.4606 11.8717 13.0195 13.3393 13.4623 12.9727 12.608 11.7088 10.8574 9.54055 7.5651 6.34995 8.59866 11.8651 13.0689 12.9753 12.9014 12.2506 11.6641 11.5912 11.6367 10.9503 9.95472 8.65551 8.25317 7.80078 9.37675 9.59504 9.48589 11.2198 11.2302 11.1389 10.485 9.75205 9.90001 9.45041 9.80984 9.27147 9.7813 10.2229 10.3925 10.3864 10.3341 10.3344 10.3152 10.3689 10.3741 10.3724 10.3725 10.3753 10.3749 10.361 10.3562 10.3703 10.3644 10.3619 10.361 10.3705 10.3754 10.3591 10.3449 10.1392 9.82537 9.22089
-9999 -9999 -9999 -9999 -9999 -9999 4.55635 7.37459 9.76995 11.2058 12.5898 12.9148 13.3856 13.2906 12.9081 12.127 11.1496 10.0665 8.37231 7.11375 8.61877 10.7887 12.3428 12.8995 12.8939 12.8581 12.7122 12.6516 12.4816 12.3566 11.6446 10.4181 9.72667 8.71354 10.4694 10.6709 10.4024 11.2823 11.2448 9.92962 8.92023 8.80066 9.42751 8.84516 8.74981 8.39094 8.81332 9.93262 9.61591 9.68711 10.1962 10.2862 10.3472 10.3677 10.3702 10.3737 10.3711 10.3784 10.3858 10.3724 10.3698 10.3722 10.3602 10.3649 10.3594 10.3607 10.3611 10.3561 10.3438 10.2911 10.233 10.3122
-9999 -9999 -9999 -9999 -9999 -9999 4.61554 6.50874 8.66483 10.7783 12.2559 12.855 13.2927 13.2933 12.8475 12.4618 11.8508 10.8983 10.2461 9.11032 7.54966 10.175 10.9818 11.7003 12.0035 12.7532 12.7365 12.3952 11.9916 12.3635 12.2581 11.2879 10.9715 10.4351 11.4137 11.4209 11.3992 11.3527 10.2421 8.69641 7.46245 8.36205 8.1825 8.59907 7.33765 8.39069 9.2388 9.51879 8.95544 8.53842 9.85417 10.0799 10.2155 10.3045 10.365 10.358 10.3775 10.376 10.3784 10.3807 10.3762 10.3763 10.3721 10.3678 10.3652 10.3679 10.3613 10.3518 10.3589 10.3352 10.3303 10.3282
-9999 -9999 -9999 -9999 -9999 -9999 -9999 5.39019 8.11827 10.5587 11.9196 12.7773 13.1977 13.1951 12.9695 12.7088 12.3316 11.6455 10.7822 9.4154 8.40134 9.05027 9.84079 9.93033 10.4565 11.9784 12.4995 11.7655 9.94165 11.0185 12.2193 12.2032 12.1047 11.9945 11.8516 11.7247 11.4414 10.6743 8.31276 7.85414 6.932 7.04429 6.57474 7.62182 7.24095 8.31714 8.78755 8.96948 7.988 8.2016 9.37235 9.8388 9.76906 10.0577 10.3335 10.3487 10.3627 10.3622 10.3745 10.3834 10.3858 10.3807 10.3792 10.3802 10.3671 10.3805 10.3008 10.252 10.1444 10.2962 10.318 10.3388
-9999 -9999 -9999 -9999 -9999 -9999 -9999 4.84135 7.56854 10.442 11.3676 12.2919 13.0904 13.1106 12.763 12.4326 12.0919 11.7032 10.6552 9.63887 8.6684 8.3447 8.54391 8.52924 9.37958 11.3621 11.7477 11.5865 9.68231 9.04213 10.6455 11.9939 12.1037 11.986 10.4081 10.7501 9.90176 8.7496 8.43695 7.93644 6.87199 7.39413 6.61645 6.95959 6.87725 7.49116 7.79406 8.52282 7.66824 7.67659 8.82655 9.40859 9.42976 10.0401 10.2619 10.325 10.3458 10.3627 10.3722 10.3887 10.3904 10.389 10.3849 10.3639 10.3033 10.1012 8.96787 8.97773 9.30041 9.60615 10.1579 10.3218
-9999 -9999 -9999 -9999 -9999 -9999 -9999 5.15394 7.04765 9.59785 11.4882 11.6112 12.5328 13.0108 12.6323 12.2054 11.7685 11.5798 10.439 9.18512 8.17259 6.97316 7.17451 8.04119 9.45426 10.736 10.9673 10.7056 9.68352 10.1681 11.2629 11.8462 12.0211 11.8911 11.5511 11.357 10.7337 10.4669 9.59965 8.24057 7.70919 8.05625 6.61349 6.72147 7.26414 6.70245 7.648 8.10408 6.99842 7.88988 8.90525 9.42772 9.8853 10.1055 10.1973 10.3345 10.3448 10.3626 10.3756 10.3809 10.3881 10.3744 10.3645 10.2506 10.0791 9.01946 8.58799 8.68355 9.18534 9.62569 10.0931 10.2859
-9999 -9999 -9999 -9999 -9999 -9999 -9999 5.47333 7.17884 9.39063 10.7396 10.9847 12.0061 12.915 12.8186 12.3742 12.242 11.781 10.8141 9.74552 8.57693 8.01058 6.70366 7.99702 9.01829 10.1044 10.6141 9.77335 9.35661 10.1045 10.8482 11.1478 11.8993 11.8969 11.6582 10.6135 10.1069 10.329 10.1149 9.73582 8.80233 8.76686 8.16969 7.92622 7.69667 6.93676 7.43297 7.48877 7.63176 8.69679 9.22865 9.58361 9.90703 9.99705 10.1416 10.327 10.3497 10.3631 10.3693 10.3798 10.3739 10.3305 10.2952 10.0582 9.63294 8.83282 7.53697 8.46817 9.44153 9.74225 10.0338 10.1873
-9999 -9999 -9999 -9999 -9999 -9999 -9999 5.18046 6.9921 8.88307 9.67624 9.81461 11.6595 12.791 12.7975 12.5893 12.3452 11.2001 11.2719 11.0461 9.99245 8.45571 6.76741 6.92958 7.93953 9.37198 9.84854 8.46113 7.976 8.33965 9.46243 10.4681 11.5182 11.7885 11.4867 9.85765 8.12632 8.93753 9.80411 9.8054 9.55907 8.69386 8.42354 8.17951 7.55018 6.48167 6.64527 6.95148 8.16351 8.55148 9.14689 9.64255 9.46539 9.58015 10.0545 10.3297 10.3468 10.3586 10.3745 10.3755 10.3667 10.2729 10.1732 10.001 8.87984 8.18561 7.17571 8.37394 9.03995 9.40645 10.0408 10.1979
-9999 -9999 -9999 -9999 -9999 -9999 -9999 4.61777 5.93364 7.74129 8.47244 9.63625 11.3799 12.2399 12.6545 12.6501 12.4889 11.9787 11.6736 11.068 9.97183 8.47138 6.8029 5.7179 6.27486 8.20036 8.65958 7.37949 6.73454 7.54693 8.74337 10.513 11.5263 11.6673 11.5812 11.2494 9.98688 8.46054 8.47163 9.24605 8.60932 7.86838 8.28576 8.21616 7.5948 7.14465 6.87317 7.05775 7.74854 8.03946 8.7262 9.73632 9.88709 9.8657 10.295 10.3232 10.3401 10.3631 10.3697 10.373 10.3675 10.2924 10.1151 9.37121 8.72359 7.81971 7.7147 8.78614 9.26185 9.70347 10.0187 10.1265
-9999 -9999 -9999 -9999 -9999 -9999 -9999 3.65112 5.19864 6.8923 8.47853 9.97958 11.2722 11.3763 12.0603 12.064 12.4245 12.3271 11.8543 11.3451 10.4013 8.47286 6.85177 5.08334 5.55421 7.51942 7.77061 6.91962 5.34405 6.97947 8.78272 10.4176 11.3049 10.6179 11.3322 11.2792 10.8096 9.90332 8.49115 8.52401 7.46748 7.42753 7.97969 8.16332 8.07894 7.74267 7.20342 7.30722 7.7284 7.84169 8.47341 9.25865 10.0265 10.1614 10.3136 10.3269 10.3364 10.3554 10.364 10.3553 10.3237 10.2447 9.62225 8.88065 8.42676 7.7993 7.72994 8.96152 9.4634 9.74507 10.0185 10.1311
-9999 -9999 -9999 -9999 -9999 -9999 -9999 -9999 5.03732 6.78694 8.0828 8.43505 9.58451 10.2073 10.6903 10.801 12.1707 12.2505 11.9525 11.4852 10.681 9.21871 8.201 6.50501 5.28695 5.79097 6.0201 6.47324 6.34505 7.07684 8.80991 10.6155 10.8167 9.67758 9.85214 10.0969 10.6389 10.3724 8.44608 7.47043 6.66172 7.24681 7.86208 8.01588 8.05189 7.94098 7.81702 7.58751 8.40923 9.01912 9.16604 9.69867 10.0938 10.208 10.2959 10.313 10.3302 10.3375 10.3221 10.313 10.2229 10.0121 9.31491 7.62795 7.71463 7.53897 7.01956 8.22416 8.99316 9.67399 10.0394 10.1395
-9999 -9999 -9999 -9999 -9999 -9999 -9999 -9999 4.45315 6.47685 6.90782 6.88064 6.21665 6.52906 9.01229 9.51605 10.8299 12.0742 11.9877 11.5294 10.7773 9.90822 8.56016 6.65236 5.13715 4.49362 6.13107 7.73783 8.07355 8.59043 9.65415 9.86007 8.69562 7.60412 8.22489 8.60103 10.0194 10.2829 10.0141 8.85595 7.531 6.84239 7.66888 7.78489 7.84056 7.85681 7.8415 7.81384 8.73922 9.25458 9.61426 9.81335 10.1536 10.246 10.2805 10.3133 10.3144 10.3044 10.259 10.2064 9.95027 9.63872 8.49202 7.53732 6.94489 6.19092 7.9151 8.4372 9.15743 9.62411 9.98771 10.0735
