Test_Spring_2018b/12_17/Temp/20171221_023.txt
ncols	170
nrows	115
xllcorner	350000.000000
yllcorner	4445000.000000
cellsize	1000.000000
nodata_value	-9999.000000
[rows 31 to 61 of 115, columns 70 to 139 of 170]
2.11868 2.83897 3.10781 2.61741 2.67352 3.87682 4.15905 4.14859 4.06407 3.95748 3.39802 3.21481 2.77477 1.99497 1.67096 0.278868 -4.23313 -2.95063 -2.44683 -3.75258 -3.01806 -1.82491 -2.85757 -5.9288 -7.24972 -9.37938 -8.69607 -9.32546 -11.039 -9999 -9999 -9999 -9999 -9999 -9999 -9999 -9999 -9999 -9999 -9999 -9999 -9999 -9999 -9999 -9999 -9999 -9999 -9999 -9999 -9999 -9999 -9999 -9999 -9999 -9999 -9999 -9999 -9999 -9999 -9999 -9999 -9999 -9999 -9999 -9999 -9999 -9999 -9999 -9999 -9999
2.2544 2.58695 2.56247 2.09031 2.83582 3.523 3.13106 2.87022 4.00434 4.01067 3.63509 2.74437 2.42091 2.08498 1.88078 0.73516 -2.48746 -5.39243 -3.83002 -3.78941 -4.86362 -2.92732 -3.94468 -6.60436 -10.3604 -8.3129 -8.84082 -11.4874 -12.1367 -9999 -9999 -9999 -9999 -9999 -9999 -9999 -9999 -9999 -9999 -9999 -9999 -9999 -9999 -9999 -9999 -9999 -9999 -9999 -9999 -9999 -9999 -9999 -9999 -9999 -9999 -9999 -9999 -9999 -9999 -9999 -9999 -9999 -9999 -9999 -9999 -9999 -9999 -9999 -9999 -9999
1.3518 2.17263 1.92806 1.72867 2.83352 2.8171 2.76271 3.18257 3.89289 4.03766 3.8949 3.50966 3.17663 2.82172 1.91289 0.601755 -2.15561 -5.46268 -6.20983 -4.58563 -4.50425 -4.24018 -5.16705 -6.33214 -8.15685 -6.65571 -6.07036 -7.81329 -10.0891 -11.549 -9999 -9999 -9999 -9999 -9999 -9999 -9999 -9999 -9999 -9999 -9999 -9999 -9999 -9999 -9999 -9999 -9999 -9999 -9999 -9999 -9999 -9999 -9999 -9999 -9999 -9999 -9999 -9999 -9999 -9999 -9999 -9999 -9999 -9999 -9999 -9999 -9999 -9999 -9999 -9999
0.138854 1.54351 1.17001 0.110705 0.779099 1.28279 2.22478 2.48998 2.63452 3.95114 3.88791 3.83308 3.27917 2.83698 2.10055 0.838866 -0.959643 -3.1262 -6.90173 -4.56763 -2.7392 -2.78232 -2.87865 -3.69384 -5.44678 -3.9734 -3.90064 -6.12548 -8.64809 -10.1435 -10.7602 -9999 -9999 -9999 -9999 -9999 -9999 -9999 -9999 -9999 -9999 -9999 -9999 -9999 -9999 -9999 -9999 -9999 -9999 -9999 -9999 -9999 -9999 -9999 -9999 -9999 -9999 -9999 -9999 -9999 -9999 -9999 -9999 -9999 -9999 -9999 -9999 -9999 -9999 -9999
-9999 0.666667 0.307272 -0.987951 -0.315428 0.580099 1.84975 2.52009 3.03171 3.43008 3.83599 3.79477 3.22781 1.54187 1.30527 1.23667 0.0618233 -2.40876 -4.8763 -5.51287 -2.72559 -1.92533 -2.08418 -1.45904 -2.9435 -2.23664 -2.5213 -3.3053 -5.73717 -7.95805 -8.87911 -10.7025 -9999 -9999 -9999 -9999 -9999 -9999 -9999 -9999 -9999 -9999 -9999 -9999 -9999 -9999 -9999 -9999 -9999 -9999 -9999 -9999 -9999 -9999 -9999 -9999 -9999 -9999 -9999 -9999 -9999 -9999 -9999 -9999 -9999 -9999 -9999 -9999 -9999 -9999
-9999 -9999 -9999 -9999 -1.79506 -0.569969 0.446753 1.68675 2.76211 3.29939 3.82122 3.78592 2.64717 2.09271 2.04876 1.28076 -0.076221 -0.926617 -2.47891 -4.09655 -3.4739 -1.09664 -2.14926 -0.464032 -0.602931 -0.290391 -1.41112 -3.52307 -6.36007 -8.00702 -8.83069 -10.3076 -9999 -9999 -9999 -9999 -9999 -9999 -9999 -9999 -9999 -9999 -9999 -9999 -9999 -9999 -9999 -9999 -9999 -9999 -9999 -9999 -9999 -9999 -9999 -9999 -9999 -9999 -9999 -9999 -9999 -9999 -9999 -9999 -9999 -9999 -9999 -9999 -9999 -9999
-9999 -9999 -9999 -9999 -9999 -0.786751 -0.00851759 1.63905 2.50973 2.86116 3.69913 3.70745 3.27988 2.95807 2.48808 1.87218 0.85333 -0.27155 -1.73143 -1.86351 -0.341729 -0.319801 -0.633873 -0.381324 0.402155 0.199854 -1.53233 -4.52112 -6.10462 -9.31303 -10.6912 -10.5464 -11.5225 -9999 -9999 -9999 -9999 -9999 -9999 -9999 -9999 -9999 -9999 -9999 -9999 -7.7342 -9999 -9999 -9999 -9999 -9999 -9999 -9999 -9999 -9999 -9999 -9999 -9999 -9999 -9999 -9999 -9999 -9999 -9999 -9999 -9999 -13.5555 -9999 -9999 -9999
-9999 -9999 -9999 -9999 -0.944876 0.099074 0.904723 1.94106 2.05475 2.68412 3.647 3.66772 3.36647 3.02467 2.24852 2.05951 1.48126 0.259483 0.0121594 0.51205 0.743885 1.00622 1.16897 1.04253 0.729772 0.324746 -0.780377 -2.16964 -3.10074 -6.03994 -7.51689 -8.93928 -11.0939 -12.7789 -9999 -9999 -9999 -9999 -9999 -9999 -9999 -8.86834 -8.9454 -8.90387 -8.42723 -7.11715 -7.88144 -9999 -9999 -9999 -9999 -9999 -9999 -9999 -9999 -9999 -9999 -9999 -9999 -9999 -9999 -9999 -9999 -9999 -9999 -9999 -12.3711 -14.068 -9999 -9999
-9999 -9999 -9999 -9999 -0.651927 0.434244 0.981513 1.98906 2.56949 2.96687 3.30593 3.6297 3.58307 3.20435 2.62451 2.63285 1.83065 1.39948 1.09226 1.76705 1.90268 1.63594 1.30076 1.00485 0.162566 0.0681843 -0.190976 -1.0712 -2.51857 -4.01013 -6.15347 -9.07941 -11.9489 -14.2629 -9999 -9999 -9999 -9999 -9999 -9999 -8.62246 -7.53401 -6.88064 -8.26001 -7.07552 -5.99246 -6.16134 -7.19866 -9999 -9999 -9999 -9999 -9999 -9999 -9999 -9999 -9999 -9999 -9999 -9999 -9999 -9999 -4.31924 -6.05921 -9.57622 -11.3778 -12.4576 -14.0004 -9999 -9999
-9999 -9999 -9999 -9999 -0.862967 0.419056 1.29109 2.06641 2.19905 3.00349 3.35709 3.53477 3.5216 3.45141 3.34889 2.64977 2.35097 1.29074 2.31123 2.27536 2.0204 1.00349 0.564284 -1.1832 -1.95025 -2.10721 -0.631106 -1.71486 -3.98213 -6.81749 -10.216 -10.4322 -11.5576 -13.6253 -9999 -9999 -9999 -9999 -9999 -9999 -8.28102 -7.11714 -6.14506 -6.00075 -7.37166 -5.4498 -5.51433 -6.58395 -6.8238 -5.94015 -5.49041 -5.8148 -4.75885 -4.44823 -4.91956 -4.39697 -9999 -9999 -9999 -9999 -4.07722 -4.00484 -3.94967 -4.67348 -8.51595 -11.1395 -13.4951 -13.7083 -9999 -9999
-9999 -9999 -9999 -9999 0.0200713 0.814109 1.22144 1.29704 1.99475 2.70085 3.13497 3.45226 3.39721 3.37818 3.3567 3.12037 2.5648 2.66844 2.62575 2.30174 0.36319 -1.89979 -0.909888 -2.25234 -5.12069 -2.77361 -1.48434 -2.71269 -5.4608 -8.64805 -9.67937 -9.62994 -11.1963 -13.2113 -9999 -9999 -9999 -11.4563 -9.79119 -9.64367 -9.15066 -7.59931 -6.41833 -5.52868 -4.9208 -4.93269 -5.56452 -6.6106 -7.74793 -7.33739 -5.28082 -4.77659 -4.34584 -4.02404 -4.46142 -4.22883 -3.67769 -3.39195 -3.33247 -3.45975 -3.48747 -3.44082 -3.50448 -4.17987 -7.61643 -9.58238 -10.8357 -13.3543 -9999 -9999
-9999 -9999 -9999 -9999 -0.469046 0.223297 0.786593 1.71708 1.82563 2.41639 2.77896 3.30073 3.36565 2.77362 3.27329 3.21368 3.12463 2.93119 2.64598 1.00959 -1.24666 -3.50838 -4.55121 -4.09707 -5.82545 -4.92868 -3.62229 -4.09221 -5.77285 -8.6117 -9.00774 -9.6571 -12.2925 -14.8312 -9999 -9999 -14.6777 -11.4856 -9.23717 -8.07605 -7.71442 -7.67708 -6.18999 -6.07028 -4.46918 -4.83645 -6.94364 -6.70209 -7.52115 -6.98455 -6.22685 -6.01656 -4.9271 -3.88095 -3.68146 -3.67437 -3.32267 -3.24879 -3.22841 -3.23573 -3.47094 -3.36082 -3.3424 -3.76282 -6.2525 -7.46535 -8.79948 -13.3158 -9999 -9999
-9999 -9999 -9999 -9999 -0.114703 0.658504 1.50441 1.65171 2.28149 2.23114 2.0744 2.94486 3.26908 2.85306 2.55422 3.1186 3.0829 3.01084 2.89008 1.35205 -0.428124 -3.12371 -4.79769 -5.81482 -6.53936 -7.5012 -6.82801 -7.0278 -7.29705 -6.97678 -7.75232 -9.30087 -10.843 -13.7316 -15.2935 -9999 -14.5 -13.0582 -10.3848 -8.11236 -6.66883 -7.18422 -5.49371 -5.17754 -4.19805 -4.76579 -6.04291 -6.58932 -6.63422 -6.79853 -5.65777 -4.88959 -4.34347 -3.9797 -3.52668 -3.41003 -3.29312 -3.24326 -3.21542 -3.18737 -3.19161 -3.19899 -3.24775 -3.40467 -4.54836 -5.75703 -8.37524 -13.1612 -9999 -9999
-9999 -9999 -9999 -2.34762 -0.198925 1.09051 1.59774 1.96749 2.29474 2.53475 2.79234 3.02711 3.18946 3.13107 2.01777 2.11301 2.31686 2.95368 2.90977 2.77167 1.79865 -1.48197 -2.61053 -4.26289 -6.4057 -7.29565 -6.84247 -5.07787 -5.15111 -6.31088 -7.60406 -9.38857 -10.5257 -12.2964 -15.6986 -15.3898 -13.8534 -12.7097 -10.8921 -8.11511 -6.16762 -5.29711 -4.9665 -4.2779 -3.9188 -4.69754 -5.43742 -5.7466 -6.323 -6.40044 -6.39159 -5.7006 -5.15854 -3.96286 -3.55889 -3.37252 -3.27675 -3.22447 -3.18614 -3.14853 -3.13452 -3.15589 -3.15307 -3.16067 -3.24141 -4.85348 -8.89111 -11.9301 -9999 -9999
-9999 -9999 -9999 -9999 -0.589565 -0.0147991 0.145635 0.416379 0.956351 1.57642 2.45536 2.57633 3.05916 3.0654 2.10739 0.998098 1.97043 2.35733 2.75769 2.77042 2.64572 -0.107618 -1.54785 -2.68063 -4.73507 -3.98557 -3.27528 -3.21634 -3.63629 -6.12888 -8.6114 -11.4699 -14.146 -14.2706 -15.7092 -14.943 -13.9275 -11.3237 -9.49077 -8.74624 -8.21078 -5.38761 -4.65002 -4.39415 -3.66834 -4.64904 -4.89229 -5.62761 -5.4028 -5.46272 -5.45368 -7.49904 -5.43579 -5.31053 -3.96742 -3.36184 -3.22273 -3.18351 -3.1421 -3.13414 -3.12486 -3.12949 -3.11432 -3.13181 -3.15229 -4.19927 -9.31929 -11.8875 -9999 -9999
-9999 -9999 -9999 -9999 -9999 -9999 -0.379598 0.0629144 0.351464 0.840249 2.31537 2.71828 2.98815 3.01802 2.59434 1.49724 1.20968 1.41325 0.339003 1.23967 2.47265 2.44387 2.29708 -0.124326 -1.35827 -0.1526 -0.512433 -2.32948 -3.75813 -5.16802 -8.07526 -10.1974 -13.2649 -15.5678 -15.6517 -13.1036 -10.9868 -8.35222 -7.18869 -7.84797 -7.12961 -5.72525 -4.13066 -3.35759 -3.53515 -4.56908 -4.70828 -5.84456 -4.71791 -4.61681 -5.13341 -5.5794 -5.39307 -4.72656 -4.47039 -3.41934 -3.16307 -3.1159 -3.1061 -3.1002 -3.10322 -3.10773 -3.11876 -3.12785 -3.14032 -3.18511 -8.44809 -12.541 -9999 -9999
-9999 -9999 -9999 -9999 -9999 -9999 -1.3856 -1.11022 -0.410042 1.36527 2.30556 2.68883 2.68553 2.86557 2.56861 1.60338 0.611059 -0.326059 -1.53526 -0.841553 0.991629 2.07341 2.1987 0.0765552 1.1889 0.779683 -0.0312377 -2.40921 -4.16003 -5.08545 -7.87619 -10.2603 -12.2997 -15.1176 -13.9077 -12.576 -10.8667 -7.99221 -6.05237 -5.25418 -5.92005 -5.02155 -3.18705 -3.17315 -4.17063 -4.10105 -4.70495 -6.25947 -4.63051 -4.16837 -4.53154 -4.43107 -4.56166 -4.31118 -3.8584 -3.42556 -3.13722 -3.09661 -3.0905 -3.09841 -3.09755 -3.09511 -3.1137 -3.11019 -3.12268 -3.14687 -6.54289 -12.6135 -9999 -9999
-9999 -9999 -9999 -9999 -9999 -9999 -9999 -2.28588 -0.706442 1.64569 2.24382 2.20157 2.69368 2.74307 2.28393 1.88452 0.679138 -0.970019 -4.13989 -3.33061 -1.64299 0.79024 2.07057 1.90142 1.19692 -0.0329207 -3.01537 -5.62448 -5.93614 -6.35827 -8.39334 -10.227 -12.4948 -11.175 -9.73002 -8.14993 -7.31889 -7.5322 -5.86973 -4.51382 -5.08631 -3.98472 -2.6996 -3.27712 -3.6167 -3.90063 -4.59951 -4.63675 -4.55768 -3.63021 -4.26289 -3.86573 -3.84906 -3.86726 -3.64528 -3.39071 -3.12386 -3.07861 -3.07649 -3.07079 -3.10024 -3.088 -3.1015 -3.11446 -3.12577 -3.14613 -3.45064 -6.71887 -8.6706 -9999
-9999 -9999 -9999 -9999 -9999 -9999 -9999 -3.72449 -2.92991 -0.147018 0.725698 1.95983 2.61861 2.65615 1.87677 1.44398 -0.353507 -0.935758 -3.8679 -5.19397 -4.06499 -4.49418 -1.14377 1.82196 1.18372 -4.79091 -6.95127 -8.49031 -8.08759 -8.07787 -8.6401 -11.7691 -12.6305 -9.8155 -8.04219 -6.66797 -5.62528 -5.40645 -5.44053 -3.32081 -3.03682 -2.34592 -2.49222 -2.42469 -3.48968 -4.14674 -3.56266 -4.22391 -4.3323 -3.37435 -4.30708 -3.45347 -3.54675 -3.79749 -3.80731 -3.24541 -3.12979 -3.06822 -3.06313 -3.08375 -3.11068 -3.12521 -3.10532 -3.11161 -3.14007 -3.13558 -3.16274 -3.54828 -5.23767 -5.82526
-9999 -9999 -9999 -9999 -9999 -9999 -9999 -9999 -5.50779 -1.64597 0.129661 1.06374 2.37344 2.53772 2.1284 1.37482 -0.456605 -2.06755 -4.68832 -7.68176 -9.26451 -4.51406 -0.378605 1.7819 1.50518 -3.46724 -5.42617 -5.51146 -4.34853 -5.31885 -6.05345 -8.42851 -9.13741 -10.1248 -9.51089 -7.59588 -6.03202 -4.52401 -3.42717 -3.33597 -2.6233 -2.21145 -2.17472 -2.04313 -2.16466 -2.26267 -3.28832 -2.57013 -3.16941 -2.84292 -3.0442 -3.22558 -3.37909 -3.96548 -3.54492 -3.17257 -3.07494 -3.04402 -3.06504 -3.06908 -3.08356 -3.11691 -3.13046 -3.1307 -3.13163 -3.14762 -3.14462 -3.15922 -3.34502 -4.35968
-9999 -9999 -9999 -9999 -9999 -9999 -9999 -9999 -7.42606 -3.5837 -1.72116 0.664268 1.89846 2.40265 2.342 1.73214 0.341392 -1.75399 -3.49954 -6.84113 -10.3108 -5.32338 -0.87929 1.52023 1.65169 -2.52353 -1.35829 -2.28976 -1.9057 -3.61569 -4.32274 -4.8751 -6.10297 -7.44653 -8.91628 -9.69276 -6.18504 -4.38311 -2.93272 -2.24784 -1.85971 -1.66468 -1.76399 -2.0229 -3.57576 -2.38441 -2.44188 -2.55496 -2.68528 -2.74566 -2.86344 -3.00332 -3.08185 -3.10848 -3.49712 -3.0496 -3.0584 -3.05103 -3.04777 -3.05831 -3.07932 -3.09742 -3.11986 -3.11766 -3.12961 -3.14202 -3.14938 -3.15105 -3.1598 -3.2118
-9999 -9999 -9999 -9999 -9999 -9999 -9999 -9999 -12.8039 -7.22019 -2.72046 -0.373049 1.54027 2.06911 2.26921 1.44984 0.837198 -0.663928 -2.08562 -4.28019 -7.56824 -9.59158 -5.8548 -0.427258 1.57839 1.43006 1.3104 0.232385 -0.738443 -0.85605 -0.777071 -1.90232 -3.55271 -5.71362 -6.38499 -7.14139 -4.52824 -4.17236 -4.36152 -1.48867 -1.48023 -1.64127 -2.7373 -3.96174 -3.72468 -4.48011 -3.89142 -4.79425 -3.95499 -3.22887 -2.95474 -2.97252 -3.06138 -3.0687 -3.10919 -3.03065 -3.03032 -3.04141 -3.04976 -3.0538 -3.06345 -3.09561 -3.11315 -3.09941 -3.11995 -3.13441 -3.14699 -3.14541 -3.14802 -3.18572
-9999 -9999 -9999 -9999 -9999 -9999 -9999 -9999 -12.5562 -7.85083 -3.86645 -1.47074 0.828302 1.36581 2.14409 1.98095 1.3393 0.0350222 -1.59543 -3.40092 -6.22121 -8.31644 -5.81793 -2.20979 0.373156 1.30542 1.30255 1.24586 1.00621 0.91233 0.632226 0.440514 -0.743726 -2.7834 -3.93607 -5.62443 -2.71239 -2.38423 -2.83791 -1.38385 -1.45493 -3.64933 -5.33575 -5.54343 -4.50699 -5.48318 -5.65018 -6.25434 -5.56041 -3.70821 -4.24186 -4.13123 -3.28665 -3.14573 -3.05585 -3.03013 -3.03434 -3.03694 -3.04991 -3.04653 -3.04318 -3.07466 -3.08834 -3.0941 -3.12395 -3.12735 -3.14669 -3.15903 -3.16959 -3.18836
-9999 -9999 -9999 -9999 -9999 -9999 -9999 -9999 -12.458 -9.28665 -5.7008 -2.17847 0.275986 1.26894 1.99257 1.98875 1.24255 0.595749 -0.425222 -2.01311 -3.1014 -4.99245 -7.58848 -3.22718 -1.8824 -0.681844 -0.173118 1.07533 1.05016 0.485601 -0.163971 0.45337 0.277866 -1.33733 -1.86704 -2.76331 -1.14291 -1.13751 -1.18088 -1.26606 -3.11989 -5.69712 -7.75638 -6.27009 -6.57704 -5.88904 -7.99375 -6.25158 -4.85014 -4.39269 -5.33639 -6.03716 -3.85176 -3.48894 -3.27205 -3.13257 -3.04051 -3.06077 -3.03704 -3.0484 -3.05331 -3.05876 -3.07575 -3.0852 -3.10207 -3.11916 -3.13508 -3.14505 -3.16659 -3.19378
-9999 -9999 -9999 -9999 -9999 -9999 -9999 -9999 -9999 -11.1442 -6.59696 -2.5409 -0.280434 1.14263 1.83788 1.82927 1.44944 1.01128 0.379335 -0.765353 -2.20389 -4.47847 -6.16591 -5.08885 -3.7703 -3.61476 -2.73894 -0.208195 0.659541 -0.558664 -3.56999 -1.77943 0.213828 0.184013 0.0163886 -0.171609 -0.414609 -0.63206 -1.10986 -2.39236 -6.32471 -7.09505 -8.63581 -8.45758 -9.2462 -7.50958 -8.15091 -6.37055 -5.59679 -5.30236 -6.94124 -6.58594 -4.65349 -3.88692 -4.01138 -3.54036 -3.09055 -3.074 -3.05938 -3.06921 -3.05778 -3.05236 -3.05783 -3.07607 -3.08855 -3.0969 -3.13053 -3.12305 -3.26607 -3.35768
-9999 -9999 -9999 -9999 -9999 -9999 -9999 -9999 -9999 -12.0392 -7.50592 -2.73075 -1.19378 0.339822 1.66354 1.69328 1.11119 0.557469 -0.0131785 -0.663335 -2.40856 -4.10065 -5.71572 -6.25521 -5.92501 -5.93717 -4.52343 -1.22809 -0.586319 -0.853589 -3.99592 -5.06169 -2.39981 -0.162511 0.0157191 -0.184827 -2.81275 -2.25065 -3.66738 -5.5894 -6.11667 -6.95634 -8.73332 -7.87376 -9.17423 -8.61207 -8.75198 -7.73983 -7.24446 -6.04137 -7.46946 -7.45496 -5.5576 -4.59907 -4.57258 -3.56704 -3.20709 -3.11115 -3.08539 -3.06629 -3.05973 -3.04159 -3.04832 -3.06039 -3.07706 -3.12191 -3.23285 -3.58087 -5.47939 -5.47346
-9999 -9999 -9999 -9999 -9999 -9999 -9999 -9999 -9999 -11.5137 -8.36621 -4.12874 -0.988813 -0.786753 0.74165 1.53237 0.899247 0.185652 -0.54467 -0.862071 -2.76151 -4.84817 -6.53324 -8.52829 -8.19491 -6.75537 -4.39407 -2.26397 -1.87945 -2.31451 -3.99076 -3.18801 -1.37173 -0.406201 -0.119854 -0.341146 -0.911786 -1.24064 -2.28324 -2.7338 -4.18242 -6.44864 -7.33955 -6.77073 -9.17627 -9.0048 -8.11091 -9.04705 -7.48379 -6.73391 -8.57931 -7.10237 -5.42386 -4.56445 -3.81286 -3.45582 -3.31208 -3.09302 -3.08494 -3.06436 -3.05203 -3.05272 -3.05027 -3.08275 -3.1091 -3.30836 -3.60349 -5.37454 -6.10901 -5.96064
-9999 -9999 -9999 -9999 -9999 -9999 -9999 -9999 -9999 -10.9764 -8.1422 -4.4675 -2.22741 -1.82262 -0.128204 1.37862 1.21466 0.472222 0.248545 -0.521233 -2.13148 -3.91036 -5.8549 -6.79813 -8.97157 -6.82344 -5.11321 -3.30881 -2.46239 -3.83549 -4.53048 -3.29061 -2.05817 -1.56435 -0.320044 -0.329388 -0.731721 -2.47413 -3.32257 -2.96058 -3.32362 -3.96114 -5.5201 -5.58684 -6.58708 -6.99956 -7.38891 -8.6541 -7.83759 -7.75297 -7.52834 -5.75832 -4.88343 -4.3025 -3.77397 -3.63334 -3.40219 -3.10304 -3.0745 -3.06146 -3.06041 -3.05245 -3.07183 -3.15374 -3.22233 -3.62614 -4.34295 -5.68279 -7.854 -6.31697
-9999 -9999 -9999 -9999 -9999 -9999 -9999 -9999 -9999 -11.456 -8.44592 -5.30472 -3.98849 -3.76104 -0.698171 1.1787 1.18589 0.835976 0.426525 -1.48 -1.36419 -1.74249 -3.49617 -6.05226 -8.8598 -8.59187 -6.90854 -4.52106 -3.73024 -6.01179 -6.82086 -6.21983 -4.35776 -2.6908 -0.950549 -0.506622 -1.01388 -3.72733 -6.61106 -5.26993 -3.83706 -3.84235 -4.2593 -5.70482 -6.16185 -6.57523 -7.62893 -9.41264 -9.14294 -8.64228 -6.63229 -5.99663 -5.01622 -4.20159 -4.50505 -4.32342 -3.54423 -3.09613 -3.07692 -3.06659 -3.04957 -3.05746 -3.08171 -3.24739 -3.42294 -3.71919 -5.59255 -6.75646 -8.44995 -6.47205
-9999 -9999 -9999 -9999 -9999 -9999 -9999 -9999 -9999 -12.3835 -10.1978 -7.19532 -5.98235 -4.05091 -1.15629 0.269438 0.954859 0.943718 0.672122 -0.179495 -0.690012 -1.69962 -3.52406 -6.02006 -8.79495 -10.5999 -9.67599 -6.4629 -5.69664 -7.80466 -8.87962 -7.53313 -5.54886 -2.61244 -0.933577 -0.704548 -0.853514 -1.41101 -3.51567 -6.05904 -6.04779 -4.76824 -5.83393 -7.07293 -6.38713 -6.51065 -7.55115 -8.30715 -8.76042 -8.46717 -7.31853 -6.84425 -5.71217 -4.04271 -3.80132 -3.84605 -3.1418 -3.10424 -3.08546 -3.05664 -3.05518 -3.05935 -3.07816 -3.2129 -3.51754 -4.76381 -5.85027 -7.36267 -7.54757 -5.78557
-9999 -9999 -9999 -9999 -9999 -9999 -9999 -9999 -9999 -13.9821 -11.4117 -8.59889 -5.96511 -3.47334 -1.32838 -1.15873 -0.025782 -0.0233325 0.571941 0.406234 -0.382914 -1.2326 -2.80397 -6.01145 -8.70782 -11.6487 -10.8682 -7.5981 -7.14674 -8.56403 -11.1857 -8.47164 -5.47909 -2.76675 -1.2972 -2.4442 -1.26312 -1.3573 -2.14427 -3.65728 -6.0112 -5.96401 -7.72735 -7.80148 -6.89175 -6.59454 -6.74274 -7.30957 -8.214 -8.04899 -7.34858 -7.16958 -6.12905 -4.83338 -3.56667 -3.3517 -3.10809 -3.09527 -3.08895 -3.06691 -3.0621 -3.08621 -3.14867 -3.28978 -4.3343 -5.57693 -6.34155 -7.39472 -7.52053 -5.48943
