Test_Spring_2018b/12_17/Temp/20171212_000.txt
ncols	170
nrows	115
xllcorner	350000.000000
yllcorner	4445000.000000
cellsize	1000.000000
nodata_value	-9999.000000
[rows 32 to 63 of 115, columns 72 to 143 of 170]
11.31 10.9158 11.4729 11.9841 11.627 11.3837 12.2314 12.2105 11.8915 11.1704 10.8931 10.6064 10.4231 9.50445 6.96285 4.66965 5.86776 5.87654 5.01395 6.50386 5.68521 3.58279 0.623247 2.19887 1.76156 -0.350719 -0.890239 -9999 -9999 -9999 -9999 -9999 -9999 -9999 -9999 -9999 -9999 -9999 -9999 -9999 -9999 -9999 -9999 -9999 -9999 -9999 -9999 -9999 -9999 -9999 -9999 -9999 -9999 -9999 -9999 -9999 -9999 -9999 -9999 -9999 -9999 -9999 -9999 -9999 -9999 -9999 -9999 -9999 -9999 -9999 -9999 -9999
10.7995 10.6187 11.4568 11.4183 11.3358 11.6135 12.1302 12.2177 12.0807 11.7547 11.4699 11.1684 10.4344 9.38636 7.20829 4.60078 3.99391 5.24022 5.28071 5.46379 4.71593 3.78161 2.33154 3.48033 3.91322 2.51948 0.696308 -0.484592 -9999 -9999 -9999 -9999 -9999 -9999 -9999 -9999 -9999 -9999 -9999 -9999 -9999 -9999 -9999 -9999 -9999 -9999 -9999 -9999 -9999 -9999 -9999 -9999 -9999 -9999 -9999 -9999 -9999 -9999 -9999 -9999 -9999 -9999 -9999 -9999 -9999 -9999 -9999 -9999 -9999 -9999 -9999 -9999
10.1927 9.33998 9.83708 10.2052 10.8883 11.0457 11.1327 12.136 12.0612 11.9934 11.536 11.1663 10.567 9.55753 8.12879 6.41258 3.43904 5.24016 6.64601 6.58907 6.49034 5.82956 4.43565 5.56285 5.59525 3.81727 1.79274 0.600309 0.0948325 -9999 -9999 -9999 -9999 -9999 -9999 -9999 -9999 -9999 -9999 -9999 -9999 -9999 -9999 -9999 -9999 -9999 -9999 -9999 -9999 -9999 -9999 -9999 -9999 -9999 -9999 -9999 -9999 -9999 -9999 -9999 -9999 -9999 -9999 -9999 -9999 -9999 -9999 -9999 -9999 -9999 -9999 -9999
9.50442 8.46732 8.96761 9.64185 10.5933 11.0677 11.4291 11.7146 12.0064 11.9492 11.4815 10.1398 9.93107 9.85402 8.91269 6.95895 5.00767 4.48729 6.64257 7.24482 7.0973 7.5622 6.37816 6.90636 6.65945 6.01337 4.06817 2.2947 1.5513 0.103007 -9999 -9999 -9999 -9999 -9999 -9999 -9999 -9999 -9999 -9999 -9999 -9999 -9999 -9999 -9999 -9999 -9999 -9999 -9999 -9999 -9999 -9999 -9999 -9999 -9999 -9999 -9999 -9999 -9999 -9999 -9999 -9999 -9999 -9999 -9999 -9999 -9999 -9999 -9999 -9999 -9999 -9999
-9999 -9999 7.79733 8.71455 9.47195 10.4027 11.2043 11.5982 11.9805 11.9277 11.0131 10.5555 10.4974 9.8738 8.79023 8.10277 6.86689 5.57995 6.04371 7.8785 7.03259 8.326 8.19353 8.41355 7.51317 5.81477 3.56802 2.2428 1.57538 0.397685 -9999 -9999 -9999 -9999 -9999 -9999 -9999 -9999 -9999 -9999 -9999 -9999 -9999 -9999 -9999 -9999 -9999 -9999 -9999 -9999 -9999 -9999 -9999 -9999 -9999 -9999 -9999 -9999 -9999 -9999 -9999 -9999 -9999 -9999 -9999 -9999 -9999 -9999 -9999 -9999 -9999 -9999
-9999 -9999 -9999 8.53118 9.10228 10.3628 10.9931 11.2414 11.8704 11.8516 11.4926 11.2168 10.8257 10.3211 9.5019 8.6001 7.43665 7.31088 8.47748 8.47174 8.20311 8.37693 8.96528 8.78285 7.39604 5.02136 3.75893 1.20848 0.107489 0.19695 -0.589133 -9999 -9999 -9999 -9999 -9999 -9999 -9999 -9999 -9999 -9999 -9999 -9999 2.09609 -9999 -9999 -9999 -9999 -9999 -9999 -9999 -9999 -9999 -9999 -9999 -9999 -9999 -9999 -9999 -9999 -9999 -9999 -9999 -9999 -2.90603 -9999 -9999 -9999 -9999 -9999 -9999 -9999
-9999 -9999 8.43439 9.20011 9.80222 10.5845 10.6355 11.0886 11.8149 11.8055 11.545 11.2536 10.6232 10.4523 9.97767 9.00039 8.78482 9.1532 9.31196 9.49429 9.5984 9.47609 9.20767 8.86668 7.95657 6.84562 6.09264 3.76612 2.57414 1.43859 -0.268794 -1.60867 -9999 -9999 -9999 -9999 -9999 -9999 -9999 1.2776 1.19709 1.20921 1.56124 2.56444 1.94635 -9999 -9999 -9999 -9999 -9999 -9999 -9999 -9999 -9999 -9999 -9999 -9999 -9999 -9999 -9999 -9999 -9999 -9999 -9999 -1.99428 -3.34102 -9999 -9999 -9999 -9999 -9999 -9999
-9999 -9999 8.62816 9.44911 9.84859 10.6077 11.033 11.295 11.5333 11.7604 11.6988 11.3784 10.9016 10.885 10.2356 9.87651 9.61446 10.1199 10.2037 9.97282 9.68795 9.43321 8.7509 8.65247 8.40426 7.69067 6.53373 5.34227 3.62545 1.31451 -0.951824 -2.78352 -9999 -9999 -9999 -9999 -9999 -9999 1.47546 2.30599 2.79651 1.69835 2.60368 3.42951 3.27671 2.43161 -9999 -9999 -9999 -9999 -9999 -9999 -9999 -9999 -9999 -9999 -9999 -9999 -9999 -9999 4.36483 2.98523 0.216719 -1.21137 -2.07566 -3.30194 -9999 -9999 -9999 -9999 -9999 -9999
-9999 -9999 8.45131 9.42454 10.077 10.6538 10.7284 11.3173 11.5581 11.6707 11.635 11.5557 11.4519 10.8827 10.627 9.77669 10.5527 10.5031 10.2821 9.46515 9.09914 7.71004 7.0864 6.91983 8.04749 7.1743 5.37602 3.1338 0.439096 0.242542 -0.661113 -2.30063 -9999 -9999 -9999 -9999 -9999 -9999 1.72756 2.61731 3.35713 3.44992 2.35833 3.83976 3.7561 2.89881 2.68979 3.35866 3.68836 3.40544 4.20786 4.42976 4.04076 4.42873 -9999 -9999 -9999 -9999 4.5794 4.61643 4.63994 4.05457 1.03177 -1.03868 -2.90001 -3.09064 -9999 -9999 -9999 -9999 -9999 -9999
-9999 -9999 9.12977 9.7208 10.0092 10.0382 10.5535 11.0651 11.3692 11.589 11.5207 11.4816 11.4415 11.2343 10.7784 10.8382 10.7838 10.5096 8.97328 7.18295 7.93409 6.86151 4.58513 6.38691 7.36802 6.38121 4.20649 1.68859 0.843722 0.854609 -0.394103 -1.99284 -9999 -9999 -9999 -0.708676 0.572318 0.667756 1.03345 2.22634 3.12974 3.80485 4.25984 4.22306 3.70394 2.86486 1.95423 2.25311 3.83828 4.2103 4.51678 4.74727 4.3847 4.54559 4.95615 5.15956 5.18637 5.06739 5.0263 5.04336 4.97415 4.42673 1.72138 0.16485 -0.835092 -2.83609 -9999 -9999 -9999 -9999 -9999 -9999
-9999 -9999 8.73656 9.24768 9.65749 10.3483 10.4027 10.8345 11.0797 11.4549 11.4802 10.9932 11.3605 11.2918 11.2008 11.0289 10.7855 9.48607 7.70191 5.91288 5.07562 5.39878 4.02335 4.69216 5.68642 5.28989 3.94649 1.70053 1.36388 0.819617 -1.26649 -3.27438 -9999 -9999 -3.22119 -0.747202 0.989916 1.87777 2.14112 2.15115 3.29407 3.36816 4.5996 4.28623 2.61451 2.78167 2.11819 2.51532 3.08383 3.22602 4.04926 4.84463 4.97979 4.96489 5.21961 5.2575 5.25384 5.22873 5.02564 5.09244 5.0875 4.73944 2.77399 1.80608 0.740452 -2.8181 -9999 -9999 -9999 -9999 -9999 -9999
-9999 -9999 8.99737 9.57096 10.201 10.285 10.7463 10.6739 10.513 11.1657 11.3889 11.0394 10.7828 11.202 11.1532 11.0766 10.9622 9.74021 8.32852 6.20073 4.8704 4.04485 3.45365 2.66693 3.16591 2.98222 2.74398 2.9664 2.32977 1.08281 -0.147745 -2.43066 -3.67454 -9999 -3.09806 -1.99177 0.0777489 1.83439 2.94359 2.522 3.82421 4.05208 4.79277 4.32858 3.30568 2.85524 2.79809 2.64743 3.51654 4.09278 4.49153 4.75453 5.08686 5.15756 5.22881 5.248 5.25028 5.25294 5.2305 5.20563 5.14833 5.00629 4.09279 3.12603 1.05922 -2.70978 -9999 -9999 -9999 -9999 -9999 -9999
-9999 7.28064 8.92015 9.89632 10.2608 10.5178 10.7418 10.8981 11.0613 11.2138 11.3142 11.241 10.3481 10.401 10.5398 11.0177 10.9638 10.8363 10.0558 7.47114 6.5615 5.24325 3.5432 2.81568 3.14218 4.49304 4.40734 3.47244 2.43346 1.00243 0.0847851 -1.32374 -4.0067 -3.78768 -2.60827 -1.73477 -0.333868 1.81742 3.32081 3.98263 4.22238 4.73754 4.99821 4.36741 3.76456 3.50099 3.02825 2.94523 2.9295 3.44685 3.84271 4.75385 5.04854 5.17309 5.22786 5.24902 5.25962 5.26989 5.26186 5.2262 5.20932 5.18407 5.0997 3.81957 0.642599 -1.76063 -9999 -9999 -9999 -9999 -9999 -9999
-9999 -9999 8.60326 9.02019 9.11293 9.2918 9.68131 10.134 10.7826 10.8485 11.1988 11.1765 10.4031 9.51494 10.2547 10.5376 10.8315 10.8222 10.705 8.52681 7.37803 6.46827 4.83701 5.39055 5.9175 5.93485 5.57763 3.60055 1.63151 -0.63889 -2.75666 -2.87946 -4.0298 -3.45379 -2.68133 -0.666647 0.746509 1.30971 1.70989 3.89801 4.45328 4.63266 5.17974 4.39262 4.17795 3.58119 3.73441 3.66486 3.64905 2.0277 3.61246 3.68862 4.71692 5.16822 5.25653 5.26756 5.28067 5.2679 5.25631 5.23386 5.22675 5.19274 5.15624 4.31758 0.295389 -1.7398 -9999 -9999 -9999 -9999 -9999 -9999
-9999 -9999 -9999 -9999 8.68937 9.00192 9.19442 9.54399 10.6584 10.9444 11.1281 11.126 10.7713 9.89082 9.64623 9.78626 8.92801 9.61225 10.5536 10.5092 10.3712 8.45426 7.45937 8.3739 8.06416 6.61502 5.46906 4.33766 2.03626 0.341235 -2.0827 -3.90805 -3.99795 -2.02969 -0.397804 1.64114 2.53133 1.99768 2.54103 3.61836 4.84546 5.43006 5.27119 4.44245 4.30914 3.3989 4.25676 4.31287 3.88609 3.51446 3.63247 4.13152 4.3103 5.11077 5.29066 5.30716 5.29565 5.28138 5.26029 5.23803 5.20958 5.1829 5.15315 5.09766 0.963659 -2.26291 -9999 -9999 -9999 -9999 -9999 -9999
-9999 -9999 -9999 -9999 7.89008 8.07171 8.58561 9.94033 10.6368 10.9073 10.8774 10.9927 10.737 9.96095 9.16507 8.41384 7.44968 7.97216 9.38413 10.2076 10.2823 8.59911 9.43781 9.09011 8.42762 6.53987 5.14187 4.3888 2.17817 0.278424 -1.34225 -3.57018 -2.64915 -1.63148 -0.317218 1.90876 3.40576 4.01115 3.47199 4.15553 5.57019 5.56156 4.76193 4.79556 4.29911 3.06193 4.31224 4.6504 4.3434 4.39871 4.26909 4.44295 4.77535 5.09268 5.29764 5.30957 5.29492 5.26993 5.25193 5.23476 5.20104 5.18421 5.15443 5.11499 2.43995 -2.33215 -9999 -9999 -9999 -9999 -9999 -9999
-9999 -9999 -9999 -9999 -9999 7.13979 8.34081 10.1463 10.5754 10.5134 10.8707 10.8839 10.5016 10.1678 9.20564 7.89785 5.40161 6.01442 7.31264 9.1923 10.1696 10.0126 9.43146 8.44239 6.0828 4.01435 3.74099 3.38119 1.76105 0.291497 -1.5077 -0.502059 0.602693 1.81448 2.44235 2.25542 3.53561 4.57673 4.11088 4.95316 5.93849 5.46766 5.18217 4.93952 4.36883 4.31737 4.35641 5.05818 4.54053 4.82767 4.81315 4.77703 4.92906 5.10708 5.29526 5.31084 5.29322 5.27883 5.23707 5.22773 5.19799 5.16828 5.13938 5.10291 4.84385 2.26184 0.713655 -9999 -9999 -9999 -9999 -9999
-9999 -9999 -9999 -9999 -9999 6.00261 6.59055 8.73296 9.37678 10.3125 10.8002 10.8042 10.1717 9.81129 8.3862 7.91225 5.60203 4.54526 5.40682 5.04945 7.64446 9.93746 9.40806 4.71104 2.99403 1.76198 2.04706 2.02491 1.55595 -0.925849 -1.62585 0.548347 1.90978 2.96071 3.75398 3.9044 3.8588 5.49695 5.70006 6.22132 6.08795 6.12118 5.26875 4.73448 5.16641 4.6273 4.51986 5.24549 4.49339 5.1373 5.03685 4.81905 4.78996 5.20819 5.2782 5.30654 5.29109 5.25617 5.21643 5.18597 5.18229 5.15775 5.11543 5.09836 5.05604 4.72681 3.38368 2.90141 3.3943 -9999 -9999 -9999
-9999 -9999 -9999 -9999 -9999 -9999 4.56378 7.54988 8.8995 9.60102 10.5977 10.7009 10.3544 9.74474 8.29372 7.01559 4.94844 2.58978 1.3299 5.02032 8.22884 9.89263 9.64575 5.7322 4.1729 4.07728 4.95681 4.16913 3.56582 1.67328 1.0927 0.295517 0.751037 2.22318 3.4239 4.58252 5.42059 5.4733 6.01196 6.31393 6.3235 6.40671 6.29155 6.19417 5.36803 5.90702 5.41604 5.64829 5.46794 5.30313 5.15558 4.67555 4.98288 5.25302 5.309 5.3128 5.27725 5.25522 5.22513 5.18027 5.14978 5.12994 5.1091 5.07603 5.0573 5.01787 4.84989 4.03397 2.94835 1.58208 -9999 -9999
-9999 -9999 -9999 -9999 -9999 -9999 3.05284 6.02444 7.44219 9.27839 10.212 10.5798 10.5102 10.0127 8.90572 7.24864 5.8651 3.23401 0.502227 4.37604 7.82357 9.67426 9.75131 6.45621 7.33887 6.58244 6.8538 5.48857 4.90733 4.43931 3.45351 2.37829 1.20311 0.573211 3.29352 4.68168 5.79585 6.31229 6.59707 6.73095 6.6322 6.40987 5.17606 6.0863 6.01672 5.90618 5.78183 5.7119 5.59699 5.46481 5.37579 5.33334 5.00838 5.33633 5.30896 5.29519 5.27853 5.25131 5.216 5.18293 5.1463 5.12737 5.09763 5.06736 5.0406 5.01113 4.98168 4.91825 4.68708 2.85909 1.75801 1.43412
-9999 -9999 -9999 -9999 -9999 -9999 -1.16147 3.17176 6.64461 8.45223 9.91872 10.3085 10.4425 9.78095 9.28172 8.08863 6.95774 5.22262 2.63241 1.02976 3.9238 8.14137 9.6802 9.53229 9.41134 8.54096 7.75408 7.63395 7.66762 6.75198 5.43251 3.71939 3.16997 2.55684 4.57795 4.83585 4.66847 6.89452 6.88227 6.73759 5.86201 4.88236 5.04733 4.43579 4.87109 4.14351 4.77705 5.32197 5.51357 5.47704 5.37987 5.35111 5.29854 5.33867 5.31896 5.29069 5.26485 5.24258 5.216 5.1718 5.13886 5.1301 5.09238 5.06056 5.02943 5.00232 4.97788 4.92585 4.8768 4.57918 4.1417 3.32399
-9999 -9999 -9999 -9999 -9999 -9999 -0.985477 2.65233 5.73849 7.57973 9.3517 9.74823 10.334 10.185 9.66269 8.62298 7.32848 5.89699 3.67198 2.01289 3.94294 6.73421 8.72784 9.42429 9.39208 9.32051 9.10573 9.00079 8.75452 8.5682 7.61774 5.99748 5.07379 3.73234 5.98694 6.22299 5.84863 6.96559 6.89087 5.15679 3.81955 3.63762 4.42329 3.63956 3.48398 2.9898 3.50997 4.93515 4.49422 4.55827 5.19026 5.27918 5.32748 5.32723 5.30394 5.28222 5.25266 5.23604 5.21946 5.17564 5.14559 5.12149 5.07825 5.05293 5.01696 4.97843 4.948 4.91101 4.86464 4.76605 4.65754 4.72766
-9999 -9999 -9999 -9999 -9999 -9999 -0.9187 1.51905 4.29437 7.01573 8.90935 9.66183 10.2048 10.18 9.57561 9.04928 8.23064 6.96879 6.09699 4.59724 2.54581 5.93071 6.95129 7.85756 8.2254 9.17388 9.12685 8.65832 8.11074 8.56795 8.40329 7.1175 6.68079 5.95839 7.2035 7.18713 7.13316 7.0469 5.57864 3.54506 1.91616 3.05784 2.79775 3.30975 1.63973 2.97821 4.05122 4.38637 3.62695 3.05714 4.73681 4.99783 5.14668 5.23534 5.28725 5.25165 5.25065 5.22236 5.19919 5.17555 5.14278 5.1157 5.08255 5.04893 5.01299 4.97608 4.9372 4.89108 4.86992 4.80946 4.77366 4.73785
-9999 -9999 -9999 -9999 -9999 -9999 -9999 0.0567599 3.57691 6.72124 8.46326 9.55176 10.0723 10.0435 9.725 9.36127 8.84615 7.93017 6.78419 4.98433 3.64266 4.46073 5.45967 5.54891 6.20718 8.15845 8.80995 7.83133 5.43938 6.80977 8.34338 8.29663 8.14289 7.97393 7.76263 7.57194 7.17823 6.15598 3.06303 2.44103 1.21701 1.33616 0.69941 2.02994 1.50316 2.87268 3.45537 3.66336 2.36045 2.60854 4.09567 4.67386 4.556 4.90379 5.23625 5.22935 5.22111 5.19389 5.18333 5.16805 5.14416 5.10884 5.07895 5.05201 5.00161 4.97769 4.84395 4.75029 4.58043 4.74767 4.7465 4.72923
-9999 -9999 -9999 -9999 -9999 -9999 -9999 -0.662054 2.8548 6.56147 7.73826 8.91318 9.92476 9.92566 9.44884 8.99443 8.52686 7.99704 6.61113 5.26632 3.98118 3.53601 3.76989 3.7204 4.79963 7.34908 7.82465 7.58986 5.09104 4.23385 6.29035 8.0156 8.1323 7.95357 5.87839 6.29671 5.16896 3.64662 3.21443 2.53813 1.12926 1.78067 0.743775 1.16224 1.02077 1.7901 2.15541 3.07373 1.93578 1.91743 3.37705 4.10534 4.10547 4.87097 5.13217 5.18723 5.1876 5.18284 5.16831 5.16279 5.13773 5.10834 5.07517 5.01975 4.91245 4.61577 3.10131 3.08415 3.47335 3.84077 4.52291 4.69519
-9999 -9999 -9999 -9999 -9999 -9999 -9999 -0.263923 2.17042 5.45719 7.88688 8.02124 9.19271 9.78815 9.2712 8.69157 8.09893 7.82889 6.32226 4.66898 3.32911 1.74653 1.98312 3.0837 4.88784 6.52722 6.80235 6.43704 5.08365 5.68712 7.0831 7.81471 8.01604 7.82115 7.3537 7.07561 6.24007 5.86744 4.71496 2.92359 2.20696 2.63097 0.73034 0.843416 1.52083 0.756051 1.95609 2.5204 1.05651 2.17862 3.46945 4.12034 4.68717 4.94586 5.03805 5.18926 5.1757 5.172 5.16186 5.14153 5.12357 5.07819 5.03745 4.86141 4.61024 3.20546 2.59642 2.69083 3.31286 3.85527 4.41494 4.63659
-9999 -9999 -9999 -9999 -9999 -9999 -9999 0.143268 2.33311 5.18035 6.90698 7.19984 8.50101 9.65597 9.50549 8.90311 8.70619 8.08243 6.80165 5.38883 3.8462 3.08572 1.36341 3.01805 4.31303 5.69836 6.33498 5.21728 4.6503 5.59573 6.53573 6.89891 7.84901 7.81981 7.48387 6.101 5.41705 5.67924 5.37495 4.8562 3.6173 3.54448 2.74198 2.39864 2.07319 1.05073 1.66731 1.71187 1.86296 3.21674 3.87962 4.31294 4.70546 4.79502 4.95549 5.16922 5.17158 5.1619 5.14287 5.12921 5.09414 5.0101 4.93635 4.60049 4.01986 2.95219 1.21997 2.39984 3.63449 3.98263 4.32601 4.49638
-9999 -9999 -9999 -9999 -9999 -9999 -9999 -0.244511 2.08309 4.51364 5.51842 5.67275 8.04336 9.48743 9.4706 9.17483 8.83259 7.32033 7.38838 7.07007 5.67662 3.65578 1.4381 1.6236 2.90697 4.73865 5.33224 3.50447 2.84867 3.29514 4.72743 6.0076 7.3454 7.67048 7.25254 5.11074 2.8361 3.86335 4.96241 4.93758 4.59102 3.44055 3.06247 2.71837 1.87371 0.453179 0.634897 1.0047 2.54237 3.01822 3.76362 4.3796 4.12195 4.24354 4.83225 5.16234 5.15736 5.14549 5.13888 5.11278 5.07386 4.92435 4.76702 4.51525 3.03085 2.10078 0.746635 2.26622 3.10184 3.5285 4.3231 4.49811
-9999 -9999 -9999 -9999 -9999 -9999 -9999 -0.98255 0.70111 3.02341 3.94762 5.43369 7.67282 8.7643 9.27744 9.24635 9.01176 8.32384 7.90237 7.09069 5.64198 3.66819 1.47616 0.0418971 0.740005 3.20873 3.77655 2.09126 1.22792 2.25719 3.78518 6.05757 7.3475 7.50469 7.36676 6.9098 5.24394 3.23536 3.2233 4.20246 3.34878 2.35961 2.87457 2.75692 1.92255 1.3104 0.92154 1.12604 1.99373 2.3435 3.20745 4.49149 4.65963 4.60431 5.13443 5.14365 5.13829 5.14083 5.12201 5.09879 5.0641 4.93876 4.68056 3.6864 2.81703 1.6147 1.44971 2.79036 3.36491 3.90244 4.28246 4.39344
-9999 -9999 -9999 -9999 -9999 -9999 -9999 -2.24514 -0.260706 1.91351 3.94818 5.87222 7.52553 7.63539 8.49827 8.47778 8.92063 8.76874 8.12953 7.44284 6.19195 3.6622 1.53165 -0.790246 -0.203984 2.3195 2.61655 1.48568 -0.586227 1.51195 3.82804 5.92542 7.05186 6.13374 7.03526 6.94038 6.30425 5.10084 3.24033 3.25631 1.85734 1.77843 2.46831 2.67941 2.54231 2.07796 1.34429 1.44042 1.9579 2.07691 2.86931 3.86122 4.83063 4.97825 5.14836 5.13822 5.12309 5.1203 5.10408 5.06527 4.99647 4.86615 4.02977 3.03849 2.42069 1.57731 1.4586 3.01486 3.61508 3.9448 4.27046 4.38743
-9999 -9999 -9999 -9999 -9999 -9999 -9999 -9999 -0.477452 1.76938 3.42693 3.85901 5.32642 6.10988 6.71179 6.83012 8.58357 8.66182 8.24942 7.61709 6.54734 4.62296 3.27593 1.04805 -0.55914 0.063161 0.334913 0.897732 0.705576 1.63026 3.85527 6.17436 6.40987 4.90459 5.10529 5.39694 6.07456 5.70206 3.17376 1.87988 0.802629 1.5353 2.307 2.47921 2.49831 2.32648 2.12462 1.79366 2.83249 3.5963 3.759 4.42274 4.90799 5.02868 5.11514 5.10981 5.10475 5.08677 5.03924 4.99974 4.85505 4.5534 3.61995 1.40088 1.48505 1.22836 0.525093 2.04523 2.98642 3.84099 4.28605 4.38667
-9999 -9999 -9999 -9999 -9999 -9999 -9999 -9999 -1.2434 1.35934 1.89364 1.83295 0.94523 1.32556 4.52511 5.15392 6.83477 8.42523 8.28748 7.66678 6.66466 5.51051 3.73439 1.23137 -0.761763 -1.62334 0.473912 2.53191 2.94229 3.58795 4.94375 5.1855 3.64749 2.20413 2.98434 3.44672 5.26245 5.5782 5.20242 3.67138 1.92353 1.00189 2.0477 2.17064 2.21507 2.20817 2.15194 2.08177 3.25148 3.89238 4.33124 4.56169 4.97566 5.06786 5.08492 5.09997 5.07393 5.03342 4.94689 4.85096 4.49055 4.05804 2.54073 1.27257 0.474682 -0.533178 1.67716 2.31059 3.19782 3.76493 4.20746 4.28935
