Test_Spring_2018b/12_17/Temp/20171207_017.txt
ncols	170
nrows	115
xllcorner	350000.000000
yllcorner	4445000.000000
cellsize	1000.000000
nodata_value	-9999.000000
[rows 31 to 61 of 115, columns 71 to 141 of 170]
8.57019 8.81748 8.35676 8.40545 9.52393 9.78123 9.76788 9.67864 9.57606 9.0514 8.87772 8.46476 7.73523 7.43083 6.13079 1.92213 3.11602 3.58404 2.36509 3.04847 4.15956 3.19557 0.331064 -0.901465 -2.8879 -2.25343 -2.84243 -4.44075 -9999 -9999 -9999 -9999 -9999 -9999 -9999 -9999 -9999 -9999 -9999 -9999 -9999 -9999 -9999 -9999 -9999 -9999 -9999 -9999 -9999 -9999 -9999 -9999 -9999 -9999 -9999 -9999 -9999 -9999 -9999 -9999 -9999 -9999 -9999 -9999 -9999 -9999 -9999 -9999 -9999 -9999 -9999
8.33116 8.30506 7.86145 8.553 9.19009 8.81916 8.57 9.61939 9.62215 9.269 8.43571 8.13147 7.81577 7.62306 6.5528 3.54625 0.835997 2.29096 2.32724 1.32425 3.12816 2.17839 -0.30247 -3.80541 -1.89743 -2.39052 -4.86223 -5.47378 -9999 -9999 -9999 -9999 -9999 -9999 -9999 -9999 -9999 -9999 -9999 -9999 -9999 -9999 -9999 -9999 -9999 -9999 -9999 -9999 -9999 -9999 -9999 -9999 -9999 -9999 -9999 -9999 -9999 -9999 -9999 -9999 -9999 -9999 -9999 -9999 -9999 -9999 -9999 -9999 -9999 -9999 -9999
7.94088 7.70966 7.52044 8.54709 8.52825 8.47455 8.85752 9.5118 9.64368 9.50759 9.14558 8.8324 8.49898 7.64931 6.4247 3.8519 0.766734 0.0684087 1.58109 1.65548 1.9003 1.03488 -0.0525576 -1.7549 -0.356376 0.188384 -1.4393 -3.56914 -4.93495 -9999 -9999 -9999 -9999 -9999 -9999 -9999 -9999 -9999 -9999 -9999 -9999 -9999 -9999 -9999 -9999 -9999 -9999 -9999 -9999 -9999 -9999 -9999 -9999 -9999 -9999 -9999 -9999 -9999 -9999 -9999 -9999 -9999 -9999 -9999 -9999 -9999 -9999 -9999 -9999 -9999 -9999
7.35043 6.99905 6.00815 6.62792 7.09404 7.96686 8.20327 8.33482 9.55923 9.49726 9.44326 8.9241 8.50927 7.82027 6.64174 4.96288 2.94103 -0.580757 1.59379 3.29701 3.25544 3.16435 2.40314 0.767692 2.1403 2.20709 0.12508 -2.23382 -3.62916 -4.20521 -9999 -9999 -9999 -9999 -9999 -9999 -9999 -9999 -9999 -9999 -9999 -9999 -9999 -9999 -9999 -9999 -9999 -9999 -9999 -9999 -9999 -9999 -9999 -9999 -9999 -9999 -9999 -9999 -9999 -9999 -9999 -9999 -9999 -9999 -9999 -9999 -9999 -9999 -9999 -9999 -9999
6.52911 6.19092 4.98009 5.60372 6.43515 7.61273 8.2307 8.70131 9.06952 9.44488 9.40348 8.87209 7.29759 7.07454 7.00832 5.91088 3.60557 1.30326 0.708179 3.3054 4.05017 3.90082 4.48248 3.09736 3.7553 3.48883 2.75139 0.478021 -1.59606 -2.45602 -4.1573 -9999 -9999 -9999 -9999 -9999 -9999 -9999 -9999 -9999 -9999 -9999 -9999 -9999 -9999 -9999 -9999 -9999 -9999 -9999 -9999 -9999 -9999 -9999 -9999 -9999 -9999 -9999 -9999 -9999 -9999 -9999 -9999 -9999 -9999 -9999 -9999 -9999 -9999 -9999 -9999
-9999 -9999 -9999 4.22051 5.35669 6.29635 7.45005 8.44606 8.94367 9.42699 9.391 8.32639 7.80671 7.7632 7.04484 5.77757 4.9828 3.53382 2.02409 2.60321 4.81832 3.83575 5.40582 5.27523 5.56555 4.51957 2.54039 -0.106906 -1.64609 -2.41535 -3.79375 -9999 -9999 -9999 -9999 -9999 -9999 -9999 -9999 -9999 -9999 -9999 -9999 -9999 -9999 -9999 -9999 -9999 -9999 -9999 -9999 -9999 -9999 -9999 -9999 -9999 -9999 -9999 -9999 -9999 -9999 -9999 -9999 -9999 -9999 -9999 -9999 -9999 -9999 -9999 -9999
-9999 -9999 -9999 -9999 5.15094 5.86832 7.40062 8.20684 8.53103 9.30892 9.31344 8.91176 8.60886 8.16804 7.59142 6.63936 5.58869 4.22591 4.10127 5.51875 5.538 5.24408 5.47849 6.20793 6.01828 4.39732 1.60573 0.128004 -2.86793 -4.15424 -4.02076 -4.93231 -9999 -9999 -9999 -9999 -9999 -9999 -9999 -9999 -9999 -9999 -9999 -9999 -1.42939 -9999 -9999 -9999 -9999 -9999 -9999 -9999 -9999 -9999 -9999 -9999 -9999 -9999 -9999 -9999 -9999 -9999 -9999 -9999 -9999 -6.90826 -9999 -9999 -9999 -9999 -9999
-9999 -9999 -9999 5.00603 5.96902 6.71626 7.6785 7.78191 8.36183 9.25597 9.27188 8.98778 8.66611 7.93973 7.76105 7.21974 6.07874 5.84651 6.31116 6.52608 6.76959 6.92034 6.80152 6.50899 6.13039 5.09064 3.79406 2.92454 0.182002 -1.19884 -2.52652 -4.53696 -6.10958 -9999 -9999 -9999 -9999 -9999 -9999 -9999 -2.47951 -2.55389 -2.51795 -2.07661 -0.858498 -1.57466 -9999 -9999 -9999 -9999 -9999 -9999 -9999 -9999 -9999 -9999 -9999 -9999 -9999 -9999 -9999 -9999 -9999 -9999 -9999 -5.81013 -7.39198 -9999 -9999 -9999 -9999
-9999 -9999 -9999 5.26957 6.27829 6.78442 7.71959 8.2565 8.62127 8.93357 9.23179 9.18488 8.82863 8.28516 8.29038 7.54026 7.13638 6.84837 7.4762 7.60155 7.35193 7.03859 6.7619 5.97579 5.8869 5.63627 4.81428 3.4634 2.07121 0.0684199 -2.66111 -5.33808 -7.4972 -9999 -9999 -9999 -9999 -9999 -9999 -2.25183 -1.23936 -0.632745 -1.92158 -0.820346 0.185993 0.0247818 -0.949382 -9999 -9999 -9999 -9999 -9999 -9999 -9999 -9999 -9999 -9999 -9999 -9999 -9999 -9999 1.68937 0.067147 -3.21159 -4.89077 -5.89698 -7.33477 -9999 -9999 -9999 -9999
-9999 -9999 -9999 5.06993 6.26103 7.0697 7.78808 7.90722 8.64952 8.97681 9.13857 9.12264 9.05385 8.95527 8.30083 8.02003 7.02969 7.97963 7.945 7.70636 6.75749 6.34734 4.71746 4.00162 3.84715 5.22216 4.21041 2.0951 -0.549973 -3.72252 -3.9261 -4.97699 -6.90656 -9999 -9999 -9999 -9999 -9999 -9999 -1.93702 -0.85419 0.0495575 0.181254 -1.10009 0.688156 0.621285 -0.380321 -0.608609 0.210349 0.624598 0.315793 1.29888 1.58369 1.13971 1.62277 -9999 -9999 -9999 -9999 1.90834 1.97518 2.0265 1.35199 -2.22984 -4.67502 -6.87033 -7.07279 -9999 -9999 -9999 -9999
-9999 -9999 -9999 5.89049 6.62637 7.00151 7.06722 7.71287 8.36326 8.76525 9.05717 9.00202 8.98079 8.95766 8.73464 8.21442 8.30926 8.26808 7.96496 6.15683 4.04641 4.96885 3.71628 1.03839 3.22218 4.42304 3.2765 0.712884 -2.26029 -3.22577 -3.18162 -4.6437 -6.52497 -9999 -9999 -9999 -4.8955 -3.34488 -3.20925 -2.75167 -1.30759 -0.209094 0.618202 1.18164 1.16532 0.570996 -0.40897 -1.47435 -1.09687 0.815054 1.27961 1.67785 1.97263 1.55988 1.76934 2.27942 2.54264 2.59556 2.47503 2.44799 2.49092 2.43155 1.80228 -1.3979 -3.22961 -4.39685 -6.74584 -9999 -9999 -9999 -9999
-9999 -9999 -9999 5.42777 6.06863 6.58903 7.4551 7.5513 8.0971 8.4276 8.91124 8.96771 8.41205 8.87465 8.81631 8.73104 8.54894 8.28176 6.75523 4.65109 2.54206 1.56953 1.98999 0.378138 1.2102 2.42706 1.98687 0.417207 -2.23113 -2.60205 -3.21111 -5.66998 -8.03844 -9999 -9999 -7.90017 -4.92569 -2.83113 -1.75042 -1.41529 -1.38276 0.00109589 0.109714 1.59906 1.25143 -0.718457 -0.498114 -1.26685 -0.772256 -0.0759205 0.114427 1.12309 2.09639 2.27737 2.2794 2.60328 2.66879 2.68516 2.67647 2.45609 2.55837 2.57577 2.18451 -0.13563 -1.26512 -2.51166 -6.71872 -9999 -9999 -9999 -9999
-9999 -9999 -9999 5.75519 6.47126 7.25498 7.3873 7.96946 7.92039 7.76656 8.5735 8.87288 8.48113 8.19911 8.72246 8.68691 8.61805 8.5043 7.06964 5.40956 2.89623 1.33547 0.38471 -0.291116 -1.1927 -0.566221 -0.753804 -1.00631 -0.709321 -1.43485 -2.88211 -4.3214 -7.01624 -8.47395 -9999 -7.73717 -6.39446 -3.90355 -1.78669 -0.44282 -0.925614 0.647852 0.939548 1.84813 1.31458 0.118368 -0.400573 -0.448045 -0.607051 0.450561 1.16021 1.66193 1.9954 2.41536 2.51923 2.62396 2.66691 2.69014 2.71444 2.70949 2.7024 2.65741 2.51211 1.4472 0.318339 -2.12113 -6.57934 -9999 -9999 -9999 -9999
-9999 -9999 3.67705 5.67421 6.8713 7.33899 7.67844 7.97829 8.19688 8.42965 8.64596 8.7929 8.73557 7.69408 7.77997 7.96776 8.55986 8.51788 8.38858 7.48122 4.42265 3.36866 1.82713 -0.171054 -1.00425 -0.582848 1.06105 0.991307 -0.0915922 -1.29898 -2.96609 -4.0285 -5.68083 -8.85429 -8.56777 -7.13674 -6.07185 -4.37881 -1.79143 0.0223285 0.831651 1.13719 1.77524 2.10617 1.37167 0.675958 0.382014 -0.161364 -0.239756 -0.237836 0.400035 0.897772 2.00579 2.37693 2.54799 2.63279 2.67785 2.71081 2.74404 2.75619 2.73621 2.73952 2.7337 2.65715 1.15581 -2.61286 -5.4428 -9999 -9999 -9999 -9999
-9999 -9999 -9999 5.30751 5.83806 5.98219 6.22911 6.72706 7.29978 8.1118 8.22004 8.66606 8.66911 7.77315 6.73596 7.64024 7.99938 8.37171 8.38316 8.26688 5.6982 4.35529 3.29899 1.38328 2.07879 2.73993 2.7936 2.40062 0.0751056 -2.24113 -4.90944 -7.40591 -7.5236 -8.86665 -8.15369 -7.20812 -4.78188 -3.07442 -2.3819 -1.8846 0.745245 1.42966 1.66196 2.33402 1.41449 1.18152 0.489949 0.693226 0.630833 0.632599 -1.28104 0.634676 0.745252 1.99172 2.55053 2.67737 2.71015 2.74593 2.75153 2.75935 2.75511 2.77011 2.75312 2.73165 1.7563 -3.01629 -5.40734 -9999 -9999 -9999 -9999
-9999 -9999 -9999 -9999 -9999 5.48957 5.89647 6.15986 6.61004 7.97787 8.34889 8.59629 8.62043 8.22225 7.19734 6.92698 7.11524 6.11282 6.95207 8.10075 8.07379 7.93687 5.6792 4.52627 5.64947 5.31291 3.61755 2.28413 0.968059 -1.74413 -3.72586 -6.58717 -8.73564 -8.81517 -6.44089 -4.46874 -2.01363 -0.930201 -1.54645 -0.87861 0.426777 1.90989 2.62641 2.45601 1.4866 1.3504 0.284718 1.32854 1.41601 0.927444 0.504707 0.670318 1.28535 1.51829 2.49295 2.72737 2.76816 2.77445 2.77815 2.77455 2.7705 2.75818 2.74996 2.73888 2.69791 -2.20797 -6.02052 -9999 -9999 -9999 -9999
-9999 -9999 -9999 -9999 -9999 4.54872 4.79972 5.44681 7.09641 7.96561 8.3183 8.31102 8.47516 8.19513 7.29263 6.36554 5.49034 4.36193 5.00812 6.71699 7.72547 7.84225 5.86361 6.89828 6.51587 5.75874 3.5404 1.90662 1.04224 -1.56131 -3.78718 -5.68993 -8.31846 -7.19176 -5.95141 -4.3589 -1.68021 0.127049 0.869426 0.246221 1.08092 2.78758 2.79616 1.86113 1.92037 1.35072 -0.105086 1.40687 1.83078 1.48511 1.57172 1.44176 1.66884 2.08504 2.4833 2.74762 2.78186 2.78498 2.77582 2.77587 2.77703 2.75954 2.76299 2.75182 2.72996 -0.435367 -6.09189 -9999 -9999 -9999 -9999
-9999 -9999 -9999 -9999 -9999 -9999 3.70071 5.16759 7.35502 7.90525 7.86128 8.31593 8.3583 7.92711 7.55216 6.42635 4.88733 1.93098 2.68493 4.25807 6.52654 7.72017 7.56235 6.9031 5.75557 2.97382 0.539978 0.247958 -0.147181 -2.04619 -3.75881 -5.87445 -4.64523 -3.29928 -1.82728 -1.05362 -1.25369 0.29497 1.55737 1.02123 2.0452 3.23956 2.69663 2.37486 2.10438 1.44609 1.40479 1.47167 2.32935 1.73239 2.09561 2.10295 2.07958 2.28065 2.51276 2.7571 2.79572 2.79505 2.79865 2.77012 2.78089 2.76804 2.75602 2.74579 2.72735 2.44419 -0.599651 -2.41794 -9999 -9999 -9999
-9999 -9999 -9999 -9999 -9999 -9999 2.3566 3.09187 5.68103 6.48737 7.63352 8.24367 8.27509 7.54538 7.13927 5.46133 4.91704 2.18215 0.945519 1.99776 1.59743 4.72098 7.48584 6.88827 1.31696 -0.698359 -2.13458 -1.76058 -1.75309 -2.27892 -5.19921 -6.00361 -3.38038 -1.72825 -0.448171 0.522829 0.7254 0.692372 2.66689 2.92917 3.57018 3.42992 3.48831 2.49017 1.87177 2.40963 1.78656 1.67869 2.56487 1.68825 2.47715 2.3821 2.14208 2.12719 2.64598 2.74944 2.80336 2.80505 2.7843 2.758 2.74385 2.762 2.75601 2.72959 2.73411 2.70933 2.35296 0.779122 0.232649 0.849743 -9999
-9999 -9999 -9999 -9999 -9999 -9999 -9999 0.685849 4.28115 5.92942 6.796 8.01318 8.16289 7.77727 7.07254 5.36327 3.85987 1.41523 -1.37667 -2.8518 1.57691 5.43226 7.44626 7.18556 2.54857 0.720984 0.640095 1.72284 0.816597 0.130069 -2.08737 -2.74961 -3.67147 -3.10026 -1.31623 0.139907 1.54494 2.56623 2.64944 3.31146 3.69204 3.7224 3.84051 3.722 3.62488 2.66203 3.32517 2.75978 3.0574 2.86295 2.68713 2.53612 1.9834 2.37 2.71228 2.79915 2.8228 2.80127 2.79596 2.7812 2.74907 2.73631 2.73575 2.73475 2.71992 2.723 2.71233 2.54012 1.5953 0.328964 -1.27213
-9999 -9999 -9999 -9999 -9999 -9999 -9999 -1.10512 2.47233 4.20176 6.42172 7.567 8.03368 7.97467 7.40395 6.10553 4.15043 2.52172 -0.59484 -3.83068 0.819433 4.96354 7.20023 7.32222 3.42599 4.5111 3.64125 3.99779 2.40189 1.74105 1.22286 0.0767621 -1.17716 -2.54911 -3.27585 -0.00628214 1.67267 3.02349 3.66011 4.01949 4.1982 4.10124 3.85539 2.40249 3.5076 3.4476 3.33593 3.208 3.1452 3.02889 2.89208 2.81125 2.78073 2.41319 2.8237 2.80986 2.81439 2.81549 2.80406 2.78312 2.76507 2.74311 2.74339 2.73393 2.72215 2.7153 2.71655 2.70915 2.66163 2.41425 0.261966
-9999 -9999 -9999 -9999 -9999 -9999 -9999 -6.12147 -0.920223 3.26565 5.45069 7.23067 7.721 7.90516 7.13914 6.56615 5.16505 3.83822 1.79098 -1.27565 -3.1631 0.321394 5.3808 7.25178 7.10969 6.99676 5.9902 5.08349 4.9722 5.04417 3.99173 2.4509 0.435024 -0.194816 -0.900848 1.53453 1.86514 1.68723 4.36366 4.36897 4.21569 3.19006 2.04317 2.25907 1.54967 2.09237 1.24466 2.02101 2.69182 2.94125 2.91865 2.8285 2.81294 2.7708 2.83659 2.83412 2.82145 2.8117 2.80625 2.79578 2.76446 2.74689 2.75856 2.73719 2.72268 2.7141 2.71826 2.71631 2.68186 2.65125 2.32425
-9999 -9999 -9999 -9999 -9999 -9999 -9999 -5.89563 -1.51603 2.19514 4.42448 6.56507 7.0636 7.78689 7.63273 7.03269 5.81507 4.29354 2.60895 -0.0216667 -1.97625 0.35208 3.71694 6.12403 6.98892 6.98702 6.93261 6.70754 6.61737 6.35458 6.17233 5.06691 3.16027 2.08463 0.509519 3.22338 3.52797 3.10329 4.45683 4.38794 2.33887 0.762859 0.564974 1.52515 0.609609 0.447864 -0.120245 0.520951 2.242 1.73461 1.83227 2.61275 2.7395 2.81415 2.83495 2.82828 2.82352 2.80941 2.81079 2.81229 2.78145 2.76729 2.76057 2.73149 2.72566 2.70663 2.69761 2.69212 2.67504 2.64706 2.55697
-9999 -9999 -9999 -9999 -9999 -9999 -9999 -5.80714 -2.85712 0.482793 3.7626 6.04825 6.97154 7.64396 7.63838 6.94087 6.3362 5.38285 3.90105 2.88514 1.12083 -1.30075 2.7642 4.01906 5.13381 5.6053 6.76754 6.74236 6.21431 5.60732 6.18146 6.01186 4.50478 4.00975 3.17293 4.68235 4.68584 4.64355 4.5619 2.83084 0.424844 -1.49872 -0.11714 -0.407905 0.226753 -1.74122 -0.126545 1.17425 1.59502 0.711535 0.0530444 2.08383 2.41146 2.61012 2.73704 2.82016 2.7989 2.81893 2.80644 2.80011 2.79336 2.77593 2.76558 2.74839 2.73112 2.71325 2.70645 2.68607 2.65789 2.6598 2.61903
-9999 -9999 -9999 -9999 -9999 -9999 -9999 -9999 -4.59227 -0.357129 3.42172 5.5267 6.85114 7.49721 7.48723 7.13132 6.72116 6.13043 5.06174 3.71915 1.59712 0.0225044 1.02532 2.25592 2.39596 3.21074 5.56844 6.37566 5.23812 2.42619 4.08881 5.94591 5.91689 5.7594 5.58284 5.35698 5.15251 4.70504 3.50699 -0.162011 -0.885836 -2.32616 -2.16426 -2.90421 -1.29246 -1.89583 -0.241366 0.474604 0.743771 -0.789382 -0.465313 1.32431 2.03515 1.91571 2.35187 2.77076 2.78376 2.79519 2.78402 2.79276 2.79599 2.78911 2.76792 2.75446 2.74495 2.70971 2.71941 2.58548 2.49985 2.3237 2.55
-9999 -9999 -9999 -9999 -9999 -9999 -9999 -9999 -5.43097 -1.20713 3.2424 4.67302 6.10066 7.33276 7.35859 6.81413 6.29621 5.7626 5.15493 3.52634 1.94731 0.4401 -0.0643283 0.242066 0.228423 1.54464 4.61512 5.21159 4.96055 2.02038 1.02515 3.5054 5.58985 5.75456 5.56605 3.11429 3.63647 2.31345 0.518978 0.0244969 -0.761668 -2.42212 -1.62483 -2.84178 -2.32243 -2.46056 -1.52198 -1.06521 0.0514526 -1.28484 -1.27834 0.478001 1.36789 1.38921 2.32368 2.65657 2.74355 2.76529 2.78093 2.78495 2.79978 2.79146 2.77817 2.76065 2.71695 2.6118 2.28311 0.516555 0.521573 1.01174 1.47618
-9999 -9999 -9999 -9999 -9999 -9999 -9999 -9999 -4.94401 -2.01188 1.93657 4.86187 5.04821 6.47126 7.20664 6.61463 5.94766 5.26516 4.9677 3.19527 1.24831 -0.32424 -2.1858 -1.87651 -0.535942 1.66291 3.64691 4.00345 3.59589 2.02189 2.76855 4.46021 5.35872 5.624 5.41592 4.88202 4.57335 3.59899 3.17632 1.82279 -0.293352 -1.12761 -0.601257 -2.8483 -2.69298 -1.86433 -2.74481 -1.29212 -0.5977 -2.32282 -0.961843 0.599002 1.39653 2.09387 2.42367 2.55488 2.75653 2.76164 2.77852 2.78776 2.7849 2.78499 2.75253 2.72584 2.53803 2.26095 0.60801 -0.0762866 0.0612373 0.828537 1.50109
-9999 -9999 -9999 -9999 -9999 -9999 -9999 -9999 -4.44607 -1.80581 1.61819 3.70474 4.08025 5.65819 7.06131 6.90675 6.21291 6.00277 5.28351 3.78066 2.1206 0.306073 -0.574916 -2.6029 -0.601761 0.990105 2.67036 3.45744 2.16539 1.51542 2.66945 3.81658 4.27509 5.43329 5.42261 5.04543 3.41869 2.62523 2.96004 2.6186 2.02096 0.563928 0.497845 -0.438838 -0.827772 -1.19532 -2.38257 -1.62586 -1.55147 -1.3557 0.287213 1.09888 1.63677 2.1261 2.25406 2.46666 2.74284 2.76689 2.77658 2.77517 2.78023 2.75983 2.68116 2.61494 2.23626 1.56584 0.314711 -1.70947 -0.27755 1.21999 1.66174
-9999 -9999 -9999 -9999 -9999 -9999 -9999 -9999 -4.89635 -2.09184 0.835004 2.0604 2.27075 5.12468 6.87289 6.87797 6.55012 6.16678 4.38768 4.49405 4.13974 2.50308 0.118296 -2.50096 -2.25288 -0.689085 1.53772 2.27288 0.13331 -0.623171 -0.0649357 1.66904 3.22111 4.8415 5.25324 4.77805 2.24584 -0.445303 0.802313 2.13523 2.12704 1.7348 0.383319 -0.0467986 -0.436432 -1.42323 -3.09036 -2.84688 -2.38445 -0.527631 0.0607578 0.970809 1.72655 1.44012 1.6062 2.32962 2.74454 2.75974 2.76676 2.7801 2.77025 2.74518 2.58828 2.42221 2.14365 0.394761 -0.692579 -2.26836 -0.42912 0.59179 1.12752
-9999 -9999 -9999 -9999 -9999 -9999 -9999 -9999 -5.76431 -3.72804 -0.930315 0.199029 1.99823 4.69543 6.02314 6.66062 6.64867 6.39386 5.59827 5.12066 4.1777 2.47501 0.146165 -2.44274 -4.12736 -3.26781 -0.275106 0.430131 -1.54122 -2.54576 -1.29266 0.555072 3.29053 4.85352 5.06473 4.92346 4.40118 2.43629 0.0621997 0.0696593 1.25938 0.262318 -0.896561 -0.261105 -0.380412 -1.35481 -2.06409 -2.49434 -2.23507 -1.1719 -0.733977 0.317426 1.87008 2.09153 2.04644 2.69985 2.73187 2.74652 2.77065 2.76935 2.76285 2.74274 2.61456 2.328 1.16356 0.148136 -1.26434 -1.43909 0.203542 0.914894 1.57993
-9999 -9999 -9999 -9999 -9999 -9999 -9999 -9999 -7.25789 -4.86271 -2.24155 0.212672 2.53448 4.5329 4.68964 5.74445 5.74521 6.29864 6.14252 5.4051 4.61118 3.14435 0.152081 -2.36371 -5.10754 -4.38173 -1.33898 -0.928218 -2.2521 -4.69883 -2.17088 0.616756 3.14315 4.51084 3.43901 4.53765 4.44724 3.7108 2.29729 0.0995958 0.140335 -1.50715 -1.57996 -0.735691 -0.462701 -0.60515 -1.13804 -1.985 -1.84964 -1.20449 -1.04194 -0.0759764 1.12806 2.3053 2.5022 2.726 2.7348 2.7377 2.75537 2.75708 2.73189 2.67098 2.53676 1.56026 0.399073 -0.316477 -1.30104 -1.42099 0.476053 1.22016 1.63637
