Test_Spring_2018b/12_17/Temp/20171230_022.txt
ncols	170
nrows	115
xllcorner	350000.000000
yllcorner	4445000.000000
cellsize	1000.000000
nodata_value	-9999.000000
[rows 31 to 61 of 115, columns 70 to 139 of 170]
3.85044 4.6011 4.88407 4.38037 4.44289 5.70545 6.00416 5.99816 5.92413 5.81859 5.24369 5.05855 4.60729 3.80406 3.47325 2.03602 -2.63346 -1.29863 -0.770087 -2.11586 -1.34699 -0.10226 -1.16308 -4.33548 -5.69377 -7.88952 -7.16429 -7.80206 -9.56574 -9999 -9999 -9999 -9999 -9999 -9999 -9999 -9999 -9999 -9999 -9999 -9999 -9999 -9999 -9999 -9999 -9999 -9999 -9999 -9999 -9999 -9999 -9999 -9999 -9999 -9999 -9999 -9999 -9999 -9999 -9999 -9999 -9999 -9999 -9999 -9999 -9999 -9999 -9999 -9999 -9999
3.99218 4.34096 4.31986 3.83493 4.61166 5.32793 4.93957 4.68237 5.8632 5.87476 5.49055 4.57254 4.24231 3.89924 3.69279 2.51114 -0.822226 -3.82609 -2.20072 -2.15162 -3.25707 -1.24267 -2.28808 -5.03459 -8.91657 -6.78491 -7.32135 -10.0438 -10.7068 -9999 -9999 -9999 -9999 -9999 -9999 -9999 -9999 -9999 -9999 -9999 -9999 -9999 -9999 -9999 -9999 -9999 -9999 -9999 -9999 -9999 -9999 -9999 -9999 -9999 -9999 -9999 -9999 -9999 -9999 -9999 -9999 -9999 -9999 -9999 -9999 -9999 -9999 -9999 -9999 -9999
3.05808 3.91266 3.66341 3.46099 4.60994 4.59712 4.55666 5.00664 5.74856 5.90366 5.7608 5.36669 5.02673 4.66415 3.7278 2.37478 -0.476443 -3.89691 -4.6646 -2.97486 -2.88319 -2.60175 -3.55377 -4.75213 -6.6335 -5.06847 -4.45201 -6.24187 -8.58755 -10.0824 -9999 -9999 -9999 -9999 -9999 -9999 -9999 -9999 -9999 -9999 -9999 -9999 -9999 -9999 -9999 -9999 -9999 -9999 -9999 -9999 -9999 -9999 -9999 -9999 -9999 -9999 -9999 -9999 -9999 -9999 -9999 -9999 -9999 -9999 -9999 -9999 -9999 -9999 -9999 -9999
1.80239 3.26178 2.87883 1.78532 2.48198 3.00802 4.00733 4.29051 4.44541 5.81475 5.75438 5.70274 5.13404 4.68116 3.92352 2.62182 0.764111 -1.47468 -5.38024 -2.9551 -1.05349 -1.0906 -1.1824 -2.01858 -3.82597 -2.29011 -2.20518 -4.49575 -7.08877 -8.62891 -9.25876 -9999 -9999 -9999 -9999 -9999 -9999 -9999 -9999 -9999 -9999 -9999 -9999 -9999 -9999 -9999 -9999 -9999 -9999 -9999 -9999 -9999 -9999 -9999 -9999 -9999 -9999 -9999 -9999 -9999 -9999 -9999 -9999 -9999 -9999 -9999 -9999 -9999 -9999 -9999
-9999 2.35417 1.98572 0.647693 1.34856 2.28055 3.60901 4.31954 4.85741 5.27537 5.70116 5.66369 5.08155 3.34005 3.10034 3.03484 1.8233 -0.730569 -3.28101 -3.93402 -1.03912 -0.202613 -0.359454 0.296456 -1.23304 -0.491688 -0.777365 -1.58083 -4.07891 -6.36705 -7.31257 -9.19331 -9999 -9999 -9999 -9999 -9999 -9999 -9999 -9999 -9999 -9999 -9999 -9999 -9999 -9999 -9999 -9999 -9999 -9999 -9999 -9999 -9999 -9999 -9999 -9999 -9999 -9999 -9999 -9999 -9999 -9999 -9999 -9999 -9999 -9999 -9999 -9999 -9999 -9999
-9999 -9999 -9999 -9999 -0.18396 1.09764 2.15631 3.45612 4.57827 5.14019 5.68613 5.65485 4.48028 3.91116 3.87106 3.08084 1.68052 0.805257 -0.79702 -2.4667 -1.81481 0.655465 -0.427624 1.32647 1.19096 1.52358 0.371453 -1.80098 -4.72659 -6.42017 -7.26491 -8.78686 -9999 -9999 -9999 -9999 -9999 -9999 -9999 -9999 -9999 -9999 -9999 -9999 -9999 -9999 -9999 -9999 -9999 -9999 -9999 -9999 -9999 -9999 -9999 -9999 -9999 -9999 -9999 -9999 -9999 -9999 -9999 -9999 -9999 -9999 -9999 -9999 -9999 -9999
-9999 -9999 -9999 -9999 -9999 0.873269 1.68497 3.39692 4.31669 4.68607 5.55959 5.57352 5.13583 4.80773 4.32614 3.69344 2.64334 1.48354 -0.0231339 -0.153759 1.42957 1.45926 1.14126 1.4108 2.23089 2.03 0.243903 -2.83703 -4.46872 -7.77554 -9.19482 -9.03649 -10.0399 -9999 -9999 -9999 -9999 -9999 -9999 -9999 -9999 -9999 -9999 -9999 -9999 -6.05252 -9999 -9999 -9999 -9999 -9999 -9999 -9999 -9999 -9999 -9999 -9999 -9999 -9999 -9999 -9999 -9999 -9999 -9999 -9999 -9999 -12.017 -9999 -9999 -9999
-9999 -9999 -9999 -9999 0.697682 1.79184 2.63135 3.71004 3.84207 4.50228 5.50522 5.53199 5.22514 4.87627 4.07736 3.88685 3.29311 2.03274 1.78224 2.30625 2.55287 2.83153 3.00748 2.88429 2.56854 2.15764 1.0278 -0.402571 -1.35814 -4.39017 -5.90772 -7.37305 -9.59751 -11.3358 -9999 -9999 -9999 -9999 -9999 -9999 -9999 -7.24239 -7.31902 -7.27311 -6.77668 -5.41698 -6.20684 -9999 -9999 -9999 -9999 -9999 -9999 -9999 -9999 -9999 -9999 -9999 -9999 -9999 -9999 -9999 -9999 -9999 -9999 -9999 -10.7976 -12.5514 -9999 -9999
-9999 -9999 -9999 -9999 1.00898 2.13897 2.7108 3.75973 4.36627 4.79458 5.15116 5.49189 5.44879 5.06157 4.46593 4.47972 3.65375 3.21235 2.8996 3.60464 3.75144 3.48182 3.1418 2.84303 1.9787 1.88979 1.63624 0.733556 -0.756668 -2.29271 -4.49664 -7.51963 -10.4846 -12.8745 -9999 -9999 -9999 -9999 -9999 -9999 -6.99287 -5.8618 -5.18191 -6.60857 -5.37908 -4.25499 -4.42834 -5.49653 -9999 -9999 -9999 -9999 -9999 -9999 -9999 -9999 -9999 -9999 -9999 -9999 -9999 -9999 -2.48192 -4.28006 -7.91925 -9.78096 -10.8949 -12.4887 -9999 -9999
-9999 -9999 -9999 -9999 0.789875 2.1228 3.03118 3.83956 3.98223 4.82355 5.2032 5.3925 5.38397 5.31629 5.21504 4.49561 4.19101 3.0976 4.16031 4.12883 3.87081 2.82383 2.37603 0.573318 -0.212922 -0.361049 1.17781 0.0645936 -2.27477 -5.20276 -8.71068 -8.92234 -10.0799 -12.2145 -9999 -9999 -9999 -9999 -9999 -9999 -6.64008 -5.43115 -4.4214 -4.26972 -5.68836 -3.6956 -3.75619 -4.86392 -5.11219 -4.1966 -3.73075 -4.06351 -2.96599 -2.64445 -3.13284 -2.591 -9999 -9999 -9999 -9999 -2.24877 -2.1696 -2.10777 -2.8527 -6.82875 -9.54178 -11.9773 -12.1979 -9999 -9999
-9999 -9999 -9999 -9999 1.70409 2.53142 2.95836 3.04182 3.77007 4.50955 4.97181 5.30653 5.25438 5.23945 5.2219 4.98169 4.41074 4.52297 4.48384 4.1536 2.15099 -0.187197 0.845666 -0.537426 -3.49557 -1.05447 0.291215 -0.971373 -3.80847 -7.10058 -8.15538 -8.0918 -9.706 -11.7881 -9999 -9999 -9999 -9.94424 -8.21453 -8.05791 -7.54397 -5.93403 -4.70833 -3.78213 -3.15095 -3.15497 -3.81169 -4.8955 -6.07416 -5.64927 -3.51907 -2.99735 -2.54513 -2.21254 -2.66626 -2.43037 -1.8584 -1.56078 -1.49691 -1.62585 -1.65096 -1.59841 -1.65966 -2.3544 -5.90453 -7.93584 -9.22892 -11.8414 -9999 -9999
-9999 -9999 -9999 -9999 1.19668 1.91864 2.50718 3.47774 3.59556 4.2131 4.59633 5.14785 5.21987 4.61104 5.13323 5.07587 4.98805 4.79221 4.50158 2.81138 0.479507 -1.85738 -2.93061 -2.448 -4.2297 -3.29109 -1.9275 -2.40288 -4.13502 -7.06587 -7.46578 -8.12529 -10.8444 -13.4662 -9999 -9999 -13.2864 -9.9737 -7.63968 -6.43306 -6.05555 -6.0147 -4.47228 -4.34712 -2.68743 -3.06135 -5.24681 -4.99685 -5.84335 -5.28839 -4.51133 -4.29432 -3.16412 -2.07729 -1.87103 -1.86363 -1.49855 -1.42061 -1.39732 -1.40193 -1.64189 -1.52337 -1.49933 -1.9296 -4.50368 -5.75477 -7.13588 -11.8132 -9999 -9999
-9999 -9999 -9999 -9999 1.56393 2.36977 3.25119 3.40899 4.06686 4.02016 3.86525 4.77235 5.11774 4.69108 4.38566 4.97457 4.94175 4.87143 4.75098 3.16256 1.32387 -1.46256 -3.18964 -4.23178 -4.97306 -5.96039 -5.2527 -5.44915 -5.71731 -5.37455 -6.16555 -7.75631 -9.3442 -12.3265 -13.9367 -9999 -13.1011 -11.6019 -8.82761 -6.46977 -4.97159 -5.50383 -3.75111 -3.42289 -2.40241 -2.99062 -4.31639 -4.89008 -4.93778 -5.10922 -3.9284 -3.13199 -2.5654 -2.18967 -1.71772 -1.59709 -1.47549 -1.42257 -1.39159 -1.3595 -1.36001 -1.36304 -1.40835 -1.56533 -2.74452 -3.99475 -6.70201 -11.6583 -9999 -9999
-9999 -9999 -9999 -0.759993 1.47509 2.81586 3.34643 3.73477 4.07925 4.33342 4.60761 4.85618 5.02934 4.97666 3.82711 3.92968 4.1448 4.80873 4.76771 4.62965 3.62722 0.234648 -0.924601 -2.62793 -4.8386 -5.75064 -5.27048 -3.43109 -3.49565 -4.68585 -6.0143 -7.8493 -9.01519 -10.8402 -14.3557 -14.0282 -12.4299 -11.2396 -9.35215 -6.47167 -4.45162 -3.54827 -3.20503 -2.48708 -2.11493 -2.9284 -3.69813 -4.02012 -4.61903 -4.70093 -4.69333 -3.97877 -3.41673 -2.17813 -1.76045 -1.56502 -1.4655 -1.41015 -1.3683 -1.32623 -1.30771 -1.32506 -1.31672 -1.31875 -1.3994 -3.06395 -7.2472 -10.3935 -9999 -9999
-9999 -9999 -9999 -9999 1.06859 1.66892 1.84023 2.12604 2.69097 3.33895 4.25686 4.38727 4.89241 4.90364 3.91715 2.77142 3.78256 4.18733 4.60647 4.62458 4.50108 1.65671 0.172429 -0.992342 -3.11117 -2.32417 -1.57723 -1.50471 -1.92804 -4.49872 -7.05896 -10.0063 -12.7681 -12.8869 -14.3669 -13.5647 -12.5058 -9.80266 -7.89935 -7.12493 -6.56818 -3.64198 -2.87435 -2.61334 -1.86254 -2.88034 -3.13596 -3.89998 -3.6692 -3.73335 -3.72591 -5.84687 -3.7091 -3.58066 -2.18979 -1.56207 -1.4157 -1.37393 -1.32887 -1.31746 -1.30372 -1.30358 -1.28229 -1.2966 -1.31552 -2.39538 -7.69551 -10.3539 -9999 -9999
-9999 -9999 -9999 -9999 -9999 -9999 1.29423 1.75806 2.0625 2.57446 4.10999 4.53245 4.81684 4.85229 4.41752 3.28557 2.99112 3.20578 2.09692 3.03506 4.31927 4.29652 4.15253 1.65275 0.384324 1.6442 1.28264 -0.588273 -2.0564 -3.50488 -6.50476 -8.68891 -11.8558 -14.2312 -14.3084 -11.6599 -9.45884 -6.72362 -5.51394 -6.19417 -5.44813 -3.99251 -2.34066 -1.54078 -1.72646 -2.79987 -2.94807 -4.12796 -2.96314 -2.86078 -3.39824 -3.86225 -3.66948 -2.98034 -2.71572 -1.62677 -1.36048 -1.30911 -1.29676 -1.28742 -1.28635 -1.28601 -1.29464 -1.29924 -1.30728 -1.34881 -6.79716 -11.0353 -9999 -9999
-9999 -9999 -9999 -9999 -9999 -9999 0.249964 0.54064 1.27159 3.11653 4.09783 4.49986 4.50111 4.69204 4.38845 3.39221 2.36788 1.40056 0.152008 0.875882 2.78137 3.90934 4.04733 1.85772 3.02047 2.60727 1.7785 -0.673426 -2.47516 -3.42144 -6.30037 -8.75572 -10.8571 -13.7659 -12.5024 -11.114 -9.3356 -6.35143 -4.33742 -3.50798 -4.19606 -3.26476 -1.36464 -1.35169 -2.38727 -2.31767 -2.94767 -4.56121 -2.87618 -2.39994 -2.77858 -2.67649 -2.81221 -2.55412 -2.08574 -1.63725 -1.33764 -1.29384 -1.28472 -1.28962 -1.2845 -1.27817 -1.29288 -1.28455 -1.29274 -1.3131 -4.82718 -11.1145 -9999 -9999
-9999 -9999 -9999 -9999 -9999 -9999 -9999 -0.679505 0.962437 3.405 4.0317 3.99277 4.50725 4.56271 4.09101 3.68095 2.43568 0.73067 -2.54945 -1.70582 0.0488466 2.57711 3.91188 3.74584 3.02612 1.76265 -1.3161 -4.00749 -4.31804 -4.74281 -6.83872 -8.72366 -11.0616 -9.68312 -8.17599 -6.53007 -5.66169 -5.87696 -4.15027 -2.74265 -3.33444 -2.19286 -0.862164 -1.46222 -1.81637 -2.11327 -2.84183 -2.88345 -2.80441 -1.8461 -2.50399 -2.09446 -2.07758 -2.09775 -1.86836 -1.60443 -1.32695 -1.27822 -1.27336 -1.26403 -1.29062 -1.27372 -1.28329 -1.2922 -1.29939 -1.31599 -1.62707 -5.01083 -7.02912 -9999
-9999 -9999 -9999 -9999 -9999 -9999 -9999 -2.17221 -1.34351 1.54531 2.45649 3.73997 4.42707 4.4702 3.66664 3.22206 1.36343 0.763836 -2.27016 -3.63852 -2.46267 -2.90025 0.579322 3.66132 3.01015 -3.16965 -5.39675 -6.97958 -6.5501 -6.52757 -7.09759 -10.3247 -11.2056 -8.27803 -6.43072 -4.99814 -3.91047 -3.67802 -3.70916 -1.51031 -1.21442 -0.498441 -0.650948 -0.582734 -1.68857 -2.37215 -1.77141 -2.45957 -2.57472 -1.58475 -2.55342 -1.67078 -1.76764 -2.02853 -2.0391 -1.45653 -1.33556 -1.26979 -1.26222 -1.27999 -1.30418 -1.31487 -1.29002 -1.29226 -1.31747 -1.30857 -1.33252 -1.72964 -3.47623 -4.08119
-9999 -9999 -9999 -9999 -9999 -9999 -9999 -9999 -4.01676 -0.0101095 1.83661 2.80913 4.17061 4.34505 3.92593 3.1486 1.25457 -0.41079 -3.12207 -6.21894 -7.85141 -2.92229 1.37058 3.61809 3.34127 -1.80039 -3.81908 -3.89595 -2.67913 -3.67239 -4.42133 -6.86761 -7.59076 -8.60318 -7.95732 -5.96283 -4.33714 -2.76892 -1.6283 -1.53122 -0.791716 -0.363937 -0.326745 -0.192097 -0.320311 -0.424535 -1.49154 -0.750254 -1.37385 -1.03794 -1.24849 -1.43798 -1.59693 -2.20531 -1.76967 -1.38324 -1.28072 -1.2483 -1.26671 -1.26733 -1.27871 -1.30969 -1.31878 -1.31501 -1.31197 -1.32457 -1.31753 -1.33051 -1.51934 -2.56689
-9999 -9999 -9999 -9999 -9999 -9999 -9999 -9999 -6.00664 -2.02023 -0.0834126 2.39285 3.67802 4.20446 4.14524 3.51693 2.07963 -0.0875353 -1.89186 -5.34935 -8.93888 -3.76475 0.850683 3.3456 3.49133 -0.82467 0.393257 -0.560814 -0.151482 -1.91163 -2.63253 -3.19067 -4.45196 -5.83377 -7.34431 -8.14377 -4.5023 -2.62964 -1.12271 -0.410452 -0.00710565 0.194885 0.0921876 -0.176753 -1.78778 -0.555826 -0.619382 -0.739107 -0.876492 -0.941103 -1.06481 -1.21096 -1.29182 -1.31987 -1.72234 -1.25995 -1.26892 -1.25821 -1.25149 -1.25892 -1.27719 -1.29254 -1.31252 -1.30697 -1.31327 -1.32244 -1.32637 -1.32617 -1.3317 -1.38191
-9999 -9999 -9999 -9999 -9999 -9999 -9999 -9999 -11.581 -5.79048 -1.11817 1.31828 3.3051 3.85689 4.06797 3.22273 2.59181 1.04052 -0.428099 -2.69704 -6.09837 -8.18864 -4.30931 1.32218 3.41384 3.26972 3.15582 2.04936 1.05427 0.943429 1.03634 -0.115892 -1.81098 -4.04075 -4.73197 -5.50778 -2.79344 -2.41921 -2.61109 0.368254 0.378361 0.211669 -0.924805 -2.1934 -1.94993 -2.73296 -2.1266 -3.0642 -2.19658 -1.4459 -1.16314 -1.18239 -1.2735 -1.28475 -1.32565 -1.24579 -1.24277 -1.2512 -1.25657 -1.25738 -1.26403 -1.29411 -1.30919 -1.29201 -1.31029 -1.32249 -1.32805 -1.3247 -1.324 -1.35948
-9999 -9999 -9999 -9999 -9999 -9999 -9999 -9999 -11.3234 -6.44051 -2.30773 0.179248 2.56543 3.12631 3.9366 3.77147 3.11065 1.76349 0.0786986 -1.78702 -4.70366 -6.86847 -4.27292 -0.526002 2.15862 3.13356 3.14507 3.09623 2.85808 2.77644 2.49646 2.31091 1.09324 -1.01654 -2.2025 -3.94435 -0.920628 -0.575297 -1.0413 0.468075 0.39599 -1.87722 -3.62501 -3.84137 -2.76734 -3.78087 -3.95739 -4.58229 -3.8648 -1.94691 -2.50521 -2.39084 -1.51416 -1.3675 -1.27753 -1.24864 -1.25032 -1.25 -1.26024 -1.25349 -1.24683 -1.27636 -1.2876 -1.29078 -1.31901 -1.31973 -1.33705 -1.34869 -1.35114 -1.3671
-9999 -9999 -9999 -9999 -9999 -9999 -9999 -9999 -11.2207 -7.93034 -4.21046 -0.55605 1.99124 3.02415 3.77795 3.77807 3.00909 2.3433 1.29013 -0.350059 -1.47213 -3.42545 -6.10865 -1.58258 -0.1801 1.07233 1.61319 2.9163 2.90004 2.32504 1.66938 2.31823 2.13908 0.473933 -0.0671096 -0.988701 0.69639 0.707095 0.666154 0.580763 -1.33826 -4.0078 -6.14149 -4.60219 -4.92139 -4.20819 -6.39182 -4.59291 -3.14241 -2.66955 -3.64357 -4.36958 -2.10328 -1.73195 -1.50546 -1.35868 -1.26063 -1.27869 -1.25103 -1.25969 -1.26172 -1.26444 -1.27924 -1.28636 -1.30123 -1.31634 -1.33016 -1.33939 -1.35883 -1.38945
-9999 -9999 -9999 -9999 -9999 -9999 -9999 -9999 -9999 -9.85361 -5.1372 -0.930385 1.41585 2.89436 3.61877 3.61397 3.2247 2.77524 2.12532 0.944532 -0.54026 -2.8908 -4.63248 -3.50925 -2.13357 -1.96429 -1.04823 1.58283 2.49103 1.23804 -1.86949 -0.0121029 2.06169 2.03892 1.8728 1.68486 1.44159 1.22117 0.730035 -0.595861 -4.6683 -5.46818 -7.06452 -6.88039 -7.69849 -5.8987 -6.56565 -4.72228 -3.92162 -3.6172 -5.31547 -4.94547 -2.94901 -2.1533 -2.28024 -1.78973 -1.31702 -1.29704 -1.27895 -1.28616 -1.2714 -1.26297 -1.26595 -1.2866 -1.29732 -1.30375 -1.33659 -1.3278 -1.47327 -1.56508
-9999 -9999 -9999 -9999 -9999 -9999 -9999 -9999 -9999 -10.7824 -6.08091 -1.1289 0.467832 2.06104 3.43678 3.47187 2.87318 2.30409 1.71774 1.04935 -0.753292 -2.50047 -4.1674 -4.71946 -4.36998 -4.37309 -2.90026 0.522394 1.19578 0.927379 -2.32367 -3.41993 -0.654093 1.67147 1.86309 1.66164 -1.05563 -0.468475 -1.93253 -3.92106 -4.46533 -5.33412 -7.17476 -6.28417 -7.63206 -7.05027 -7.19535 -6.14742 -5.63472 -4.38842 -5.86793 -5.85083 -3.89112 -2.89648 -2.86707 -1.82284 -1.44723 -1.34501 -1.31543 -1.29281 -1.28328 -1.26192 -1.26646 -1.27667 -1.29169 -1.33589 -1.44846 -1.80707 -3.77278 -3.76355
-9999 -9999 -9999 -9999 -9999 -9999 -9999 -9999 -9999 -10.2399 -6.97419 -2.57921 0.678502 0.892186 2.48015 3.30384 2.65238 1.91771 1.16595 0.842302 -1.12022 -3.27639 -5.0161 -7.07662 -6.72425 -5.22542 -2.76946 -0.554739 -0.148519 -0.591425 -2.32455 -1.4855 0.403499 1.41071 1.71377 1.49033 0.904292 0.568068 -0.50845 -0.972321 -2.47106 -4.81762 -5.73979 -5.14999 -7.64237 -7.46487 -6.53896 -7.5085 -5.88891 -5.11184 -7.02348 -5.49855 -3.7584 -2.86647 -2.08584 -1.71367 -1.56224 -1.33261 -1.32152 -1.29749 -1.28209 -1.28029 -1.27533 -1.30665 -1.33165 -1.53577 -1.83913 -3.67156 -4.43184 -4.27505
-9999 -9999 -9999 -9999 -9999 -9999 -9999 -9999 -9999 -9.68512 -6.744 -2.93206 -0.606594 -0.182754 1.57732 3.14308 2.9778 2.2133 1.98649 1.19407 -0.468928 -2.30636 -4.31516 -5.28617 -7.53156 -5.29897 -3.51796 -1.64124 -0.757021 -2.1766 -2.88993 -1.59861 -0.315178 0.202683 1.49778 1.49348 1.08147 -0.719608 -1.59506 -1.217 -1.59079 -2.24956 -3.86358 -3.9319 -4.96778 -5.3949 -5.79817 -7.10818 -6.26199 -6.17393 -5.94797 -4.11232 -3.20478 -2.60144 -2.05203 -1.90423 -1.6624 -1.34996 -1.31782 -1.30173 -1.29809 -1.28735 -1.30501 -1.38749 -1.45619 -1.87218 -2.61239 -3.99799 -6.247 -4.65141
-9999 -9999 -9999 -9999 -9999 -9999 -9999 -9999 -9999 -10.184 -7.06064 -3.80141 -2.43312 -2.19294 0.985097 2.93434 2.94644 2.58865 2.16933 0.199032 0.324326 -0.0621059 -1.87339 -4.51581 -7.41855 -7.13449 -5.38407 -2.9013 -2.0752 -4.43697 -5.26909 -4.64027 -2.70504 -0.9722 0.836269 1.3012 0.780148 -2.02728 -5.01166 -3.61909 -2.13197 -2.13548 -2.56594 -4.06253 -4.53522 -4.96291 -6.0542 -7.90177 -7.62122 -7.10189 -5.02532 -4.36601 -3.34916 -2.50375 -2.81651 -2.62639 -1.8169 -1.3503 -1.32796 -1.31479 -1.29466 -1.30036 -1.32304 -1.49225 -1.67169 -1.97615 -3.91461 -5.11789 -6.87053 -4.81964
-9999 -9999 -9999 -9999 -9999 -9999 -9999 -9999 -9999 -11.1471 -8.87775 -5.76223 -4.50088 -2.4951 0.508656 1.99049 2.70534 2.69855 2.42201 1.54465 1.02086 -0.0198623 -1.90466 -4.48511 -7.35433 -9.21839 -8.25487 -4.91734 -4.12419 -6.29998 -7.40811 -6.00742 -3.94607 -0.898395 0.84603 1.08793 0.937813 0.364016 -1.81326 -4.44553 -4.43132 -3.1034 -4.20583 -5.48818 -4.77648 -4.90357 -5.98092 -6.7636 -7.23179 -6.93489 -5.74346 -5.25136 -4.07744 -2.34644 -2.09483 -2.13942 -1.40776 -1.36669 -1.34494 -1.31269 -1.30873 -1.31057 -1.32755 -1.46462 -1.77772 -3.06641 -4.18948 -5.75378 -5.94255 -4.11628
-9999 -9999 -9999 -9999 -9999 -9999 -9999 -9999 -9999 -12.8055 -10.1375 -7.21849 -4.48496 -1.89857 0.328472 0.508861 1.68739 1.69465 2.31624 2.14946 1.33685 0.461655 -1.16115 -4.47902 -7.26716 -10.3086 -9.4939 -6.10013 -5.62882 -7.09203 -9.80318 -6.98598 -3.88037 -1.06529 0.461872 -0.722297 0.505414 0.41149 -0.400599 -1.96531 -4.40167 -4.35052 -6.17563 -6.25084 -5.30691 -4.99788 -5.15054 -5.73709 -6.6727 -6.50865 -5.78192 -5.59584 -4.51689 -3.17336 -1.85958 -1.63529 -1.38109 -1.36582 -1.35711 -1.33196 -1.32455 -1.34701 -1.40915 -1.55273 -2.63231 -3.91711 -4.70662 -5.79505 -5.92258 -3.81547
