Test_Spring_2018b/12_17/Temp/20171222_004.txt
ncols	170
nrows	115
xllcorner	350000.000000
yllcorner	4445000.000000
cellsize	1000.000000
nodata_value	-9999.000000
[rows 31 to 61 of 115, columns 70 to 139 of 170]
1.78468 2.52102 2.79603 2.29508 2.35285 3.58556 3.87679 3.86671 3.78696 3.67845 3.10693 2.91991 2.47024 1.67317 1.34188 -0.0812738 -4.69357 -3.38299 -2.86842 -4.20353 -3.45315 -2.23396 -3.28989 -6.42952 -7.78 -9.95711 -9.25888 -9.90001 -11.6519 -9999 -9999 -9999 -9999 -9999 -9999 -9999 -9999 -9999 -9999 -9999 -9999 -9999 -9999 -9999 -9999 -9999 -9999 -9999 -9999 -9999 -9999 -9999 -9999 -9999 -9999 -9999 -9999 -9999 -9999 -9999 -9999 -9999 -9999 -9999 -9999 -9999 -9999 -9999 -9999 -9999
1.92396 2.26396 2.23911 1.75677 2.51916 3.22202 2.8264 2.56327 3.72628 3.73313 3.34953 2.43926 2.10875 1.76537 1.55654 0.385345 -2.90896 -5.87864 -4.28196 -4.24082 -5.33921 -3.36036 -4.4006 -7.11953 -10.9591 -8.86643 -9.40623 -12.1092 -12.7723 -9999 -9999 -9999 -9999 -9999 -9999 -9999 -9999 -9999 -9999 -9999 -9999 -9999 -9999 -9999 -9999 -9999 -9999 -9999 -9999 -9999 -9999 -9999 -9999 -9999 -9999 -9999 -9999 -9999 -9999 -9999 -9999 -9999 -9999 -9999 -9999 -9999 -9999 -9999 -9999 -9999
1.00184 1.84092 1.5911 1.38755 2.51722 2.50083 2.44797 2.88299 3.61274 3.76107 3.61542 3.22183 2.88151 2.51872 1.58966 0.249288 -2.56943 -5.95009 -6.71412 -5.05428 -4.97143 -4.70184 -5.64955 -6.84074 -8.70611 -7.1719 -6.57374 -8.35554 -10.6785 -12.1683 -9999 -9999 -9999 -9999 -9999 -9999 -9999 -9999 -9999 -9999 -9999 -9999 -9999 -9999 -9999 -9999 -9999 -9999 -9999 -9999 -9999 -9999 -9999 -9999 -9999 -9999 -9999 -9999 -9999 -9999 -9999 -9999 -9999 -9999 -9999 -9999 -9999 -9999 -9999 -9999
-0.237593 1.19826 0.816648 -0.265892 0.417646 0.932896 1.90149 2.17873 2.32687 3.67302 3.60865 3.55279 2.9867 2.53471 1.78186 0.492048 -1.34655 -3.56141 -7.42093 -5.03542 -3.16679 -3.21117 -3.30991 -4.1434 -5.93539 -4.42951 -4.35525 -6.62869 -9.20183 -10.7308 -11.3616 -9999 -9999 -9999 -9999 -9999 -9999 -9999 -9999 -9999 -9999 -9999 -9999 -9999 -9999 -9999 -9999 -9999 -9999 -9999 -9999 -9999 -9999 -9999 -9999 -9999 -9999 -9999 -9999 -9999 -9999 -9999 -9999 -9999 -9999 -9999 -9999 -9999 -9999 -9999
-9999 0.302313 -0.0648795 -1.38855 -0.700773 0.215019 1.51665 2.20719 2.73327 3.14083 3.55602 3.51409 2.93466 1.21136 0.969432 0.899152 -0.301968 -2.82758 -5.35012 -6.00112 -3.15237 -2.33466 -2.49729 -1.8585 -3.37601 -2.6536 -2.94462 -3.74507 -6.22853 -8.49597 -9.43779 -11.302 -9999 -9999 -9999 -9999 -9999 -9999 -9999 -9999 -9999 -9999 -9999 -9999 -9999 -9999 -9999 -9999 -9999 -9999 -9999 -9999 -9999 -9999 -9999 -9999 -9999 -9999 -9999 -9999 -9999 -9999 -9999 -9999 -9999 -9999 -9999 -9999 -9999 -9999
-9999 -9999 -9999 -9999 -2.21285 -0.956865 0.0858698 1.35572 2.45809 3.0077 3.54142 3.50557 2.3417 1.77497 1.72996 0.944768 -0.442524 -1.31206 -2.89908 -4.5529 -3.91675 -1.48708 -2.56327 -0.840862 -0.982952 -0.663534 -1.8091 -3.96414 -6.86443 -8.54508 -9.38726 -10.8972 -9999 -9999 -9999 -9999 -9999 -9999 -9999 -9999 -9999 -9999 -9999 -9999 -9999 -9999 -9999 -9999 -9999 -9999 -9999 -9999 -9999 -9999 -9999 -9999 -9999 -9999 -9999 -9999 -9999 -9999 -9999 -9999 -9999 -9999 -9999 -9999 -9999 -9999
-9999 -9999 -9999 -9999 -9999 -1.17807 -0.379155 1.30564 2.20054 2.56025 3.41718 3.42596 2.98907 2.66015 2.17966 1.54993 0.508241 -0.641885 -2.13446 -2.26982 -0.714637 -0.692506 -1.01376 -0.755758 0.0450207 -0.161748 -1.93131 -4.98359 -6.60208 -9.87907 -11.2879 -11.1401 -12.1381 -9999 -9999 -9999 -9999 -9999 -9999 -9999 -9999 -9999 -9999 -9999 -9999 -8.27851 -9999 -9999 -9999 -9999 -9999 -9999 -9999 -9999 -9999 -9999 -9999 -9999 -9999 -9999 -9999 -9999 -9999 -9999 -9999 -9999 -14.261 -9999 -9999 -9999
-9999 -9999 -9999 -9999 -1.3432 -0.269686 0.554651 1.6148 1.73335 2.37983 3.36451 3.38603 3.07829 2.72895 1.93552 1.74212 1.15076 -0.0984555 -0.351647 0.158937 0.395557 0.663416 0.829552 0.700198 0.38049 -0.0334221 -1.15944 -2.57928 -3.53077 -6.53535 -8.04213 -9.49609 -11.6986 -13.4211 -9999 -9999 -9999 -9999 -9999 -9999 -9999 -9.43055 -9.51071 -9.46972 -8.98403 -7.64644 -8.42919 -9999 -9999 -9999 -9999 -9999 -9999 -9999 -9999 -9999 -9999 -9999 -9999 -9999 -9999 -9999 -9999 -9999 -9999 -9999 -13.0492 -14.7857 -9999 -9999
-9999 -9999 -9999 -9999 -1.03813 0.0730667 0.63346 1.66434 2.25859 2.66943 3.01656 3.34791 3.30047 2.91343 2.32064 2.32893 1.50861 1.06747 0.752988 1.4423 1.58053 1.30757 0.964741 0.662182 -0.19873 -0.29503 -0.556416 -1.45579 -2.93483 -4.45903 -6.64734 -9.63803 -12.5711 -14.9365 -9999 -9999 -9999 -9999 -9999 -9999 -9.17613 -8.06493 -7.39856 -8.81005 -7.60091 -6.49547 -6.6697 -7.7315 -9999 -9999 -9999 -9999 -9999 -9999 -9999 -9999 -9999 -9999 -9999 -9999 -9999 -9999 -4.81034 -6.59064 -10.1874 -12.0308 -13.1366 -14.7155 -9999 -9999
-9999 -9999 -9999 -9999 -1.2539 0.0576635 0.950212 1.7439 1.88061 2.7063 3.0696 3.25169 3.23851 3.16684 3.06193 2.34704 2.04122 0.956999 1.99958 1.96241 1.70134 0.661536 0.212377 -1.57391 -2.35786 -2.51502 -1.00577 -2.11303 -4.42997 -7.32756 -10.7981 -11.0195 -12.1696 -14.2832 -9999 -9999 -9999 -9999 -9999 -9999 -8.82529 -7.63706 -6.64502 -6.49918 -7.90218 -5.93944 -6.00697 -7.10205 -7.34891 -6.44729 -5.98911 -6.32115 -5.24453 -4.92839 -5.41146 -4.87853 -9999 -9999 -9999 -9999 -4.55832 -4.4859 -4.4312 -5.17285 -9.1024 -11.7861 -14.1959 -14.416 -9999 -9999
-9999 -9999 -9999 -9999 -0.351396 0.461572 0.879326 0.957996 1.6725 2.39774 2.84335 3.16851 3.1125 3.09308 3.07095 2.82903 2.26063 2.36598 2.32171 1.9899 0.00784937 -2.30571 -1.29414 -2.66634 -5.5961 -3.19586 -1.87743 -3.13231 -5.94056 -9.19765 -10.2483 -10.1981 -11.7988 -13.8582 -9999 -9999 -9999 -12.0657 -10.3646 -10.215 -9.71245 -8.12826 -6.92278 -6.0151 -5.39558 -5.40851 -6.05712 -7.12822 -8.29252 -7.87454 -5.77395 -5.25999 -4.82138 -4.49377 -4.94209 -4.70544 -4.14327 -3.85238 -3.79282 -3.92425 -3.95402 -3.9079 -3.97465 -4.66682 -8.18167 -10.1933 -11.4765 -14.0549 -9999 -9999
-9999 -9999 -9999 -9999 -0.850836 -0.141699 0.435585 1.38866 1.50105 2.10618 2.47981 3.01452 3.08118 2.47606 2.98661 2.92525 2.83365 2.63523 2.34296 0.669592 -1.63728 -3.9496 -5.01583 -4.55008 -6.3165 -5.39872 -4.06272 -4.54177 -6.25831 -9.15916 -9.56307 -10.2237 -12.9178 -15.5124 -9999 -9999 -15.3559 -12.0937 -9.7964 -8.61076 -8.24257 -8.20604 -6.68779 -6.56732 -4.93265 -5.30905 -7.46573 -7.22072 -8.05977 -7.51299 -6.74004 -6.52654 -5.41349 -4.34649 -4.14378 -4.13767 -3.77929 -3.7049 -3.68525 -3.69402 -3.93584 -3.82483 -3.80771 -4.23929 -6.78613 -8.02794 -9.39376 -14.0141 -9999 -9999
-9999 -9999 -9999 -9999 -0.487773 0.304188 1.17048 1.32265 1.9679 1.91774 1.76057 2.65108 2.98341 2.55822 2.25251 2.82892 2.79175 2.7173 2.59302 1.02009 -0.800239 -3.5561 -5.26749 -6.3058 -7.04606 -8.02743 -7.33855 -7.54186 -7.81608 -7.48765 -8.27864 -9.85834 -11.434 -14.3869 -15.9832 -9999 -15.1724 -13.6993 -10.9675 -8.64605 -7.17205 -7.70061 -5.97455 -5.65338 -4.65339 -5.23574 -6.54402 -7.10457 -7.15232 -7.32199 -6.15755 -5.37384 -4.8162 -4.4457 -3.98469 -3.86653 -3.74808 -3.69817 -3.67085 -3.64341 -3.64912 -3.6582 -3.70974 -3.87202 -5.04309 -6.28059 -8.95913 -13.8551 -9999 -9999
-9999 -9999 -9999 -2.774 -0.573917 0.745912 1.26623 1.64596 1.98216 2.22901 2.49524 2.73613 2.90256 2.84331 1.70505 1.80186 2.00946 2.65949 2.61366 2.47159 1.47622 -1.87769 -3.03052 -4.71881 -6.90867 -7.81708 -7.35294 -5.54817 -5.62185 -6.80608 -8.12666 -9.94757 -11.1084 -12.9178 -16.3956 -16.0799 -14.5097 -13.3412 -11.4844 -8.64715 -6.65811 -5.77015 -5.43424 -4.7318 -4.36686 -5.16511 -5.92427 -6.24234 -6.83344 -6.91436 -6.90694 -6.2021 -5.64868 -4.42784 -4.01612 -3.82734 -3.73044 -3.678 -3.63989 -3.60263 -3.58965 -3.61302 -3.61186 -3.62152 -3.706 -5.35603 -9.48533 -12.5956 -9999 -9999
-9999 -9999 -9999 -9999 -0.973194 -0.383695 -0.217694 0.0610085 0.614788 1.25025 2.15164 2.27614 2.77017 2.7768 1.79748 0.662981 1.65602 2.05049 2.45868 2.4707 2.34239 -0.471485 -1.94372 -3.10138 -5.20084 -4.43338 -3.70631 -3.64487 -4.07279 -6.61922 -9.15533 -12.074 -14.8084 -14.935 -16.4046 -15.6217 -14.5839 -11.923 -10.0504 -9.29077 -8.74512 -5.86131 -5.10897 -4.84972 -4.11003 -5.11467 -5.36624 -6.11997 -5.89215 -5.95521 -5.94762 -8.0398 -5.9315 -5.80478 -4.43309 -3.8152 -3.67442 -3.63529 -3.59398 -3.58699 -3.57881 -3.58504 -3.57125 -3.59093 -3.6139 -4.68633 -9.92218 -12.5513 -9999 -9999
-9999 -9999 -9999 -9999 -9999 -9999 -0.75417 -0.299771 -0.0028751 0.4985 2.00928 2.42201 2.69838 2.72905 2.29573 1.17384 0.878987 1.086 -0.0131745 0.906544 2.16646 2.13666 1.98655 -0.488266 -1.74847 -0.515184 -0.881865 -2.73788 -4.19674 -5.63634 -8.60645 -10.7724 -13.9068 -16.2599 -16.3451 -13.7404 -11.5768 -8.8844 -7.69609 -8.37137 -7.63882 -6.2051 -4.57728 -3.78931 -3.97308 -5.03218 -5.17744 -6.34107 -5.19147 -5.08997 -5.6197 -6.07707 -5.88732 -5.20735 -4.94669 -3.87342 -3.6125 -3.56546 -3.55644 -3.55152 -3.55588 -3.56198 -3.57488 -3.58605 -3.60089 -3.64892 -9.03094 -13.2185 -9999 -9999
-9999 -9999 -9999 -9999 -9999 -9999 -1.78203 -1.49841 -0.780703 1.03576 1.99986 2.39253 2.38968 2.57384 2.27003 1.28278 0.267578 -0.691422 -1.92846 -1.2203 0.652833 1.7582 1.88621 -0.282693 0.855411 0.438077 -0.389631 -2.81893 -4.60703 -5.55135 -8.40231 -10.836 -12.9194 -15.7989 -14.5616 -13.2002 -11.4531 -8.51551 -6.5337 -5.71925 -6.40152 -5.48505 -3.61204 -3.60009 -4.62199 -4.55316 -5.17345 -6.76461 -5.10159 -4.63108 -5.00399 -4.9028 -5.03702 -4.78231 -4.32067 -3.87932 -3.5856 -3.54508 -3.5399 -3.54908 -3.54946 -3.5484 -3.56907 -3.56736 -3.58221 -3.6092 -7.0829 -13.292 -9999 -9999
-9999 -9999 -9999 -9999 -9999 -9999 -9999 -2.69965 -1.0832 1.32287 1.93719 1.89492 2.39845 2.44903 1.97944 1.57055 0.337527 -1.34928 -4.59049 -3.7642 -2.03986 0.446921 1.75557 1.58297 0.863966 -0.392168 -3.43952 -6.10506 -6.42209 -6.85194 -8.93046 -10.8015 -13.1184 -11.7684 -10.2908 -8.67547 -7.82617 -8.04481 -6.34651 -4.96194 -5.54882 -4.42477 -3.11332 -3.70589 -4.05531 -4.34783 -5.0652 -5.10547 -5.02669 -4.08054 -4.72893 -4.32449 -4.30821 -4.32813 -4.10242 -3.84329 -3.57154 -3.52629 -3.52514 -3.52042 -3.55176 -3.54069 -3.55614 -3.57125 -3.58488 -3.60795 -3.92161 -7.26621 -9.26397 -9999
-9999 -9999 -9999 -9999 -9999 -9999 -9999 -4.1697 -3.35556 -0.509251 0.385731 1.64808 2.32195 2.36041 1.56347 1.12055 -0.717656 -1.31392 -4.31213 -5.66843 -4.51509 -4.95417 -1.52955 1.50219 0.850927 -5.25518 -7.46225 -9.03404 -8.62089 -8.60936 -9.18244 -12.3775 -13.2569 -10.3786 -8.56544 -7.16055 -6.09492 -5.87182 -5.90768 -3.74236 -3.45374 -2.74946 -2.90112 -2.83432 -3.92519 -4.59908 -4.00502 -4.68311 -4.79593 -3.81861 -4.7737 -3.90269 -3.99879 -4.25642 -4.26767 -3.69441 -3.57727 -3.51535 -3.51117 -3.53337 -3.56212 -3.57846 -3.55975 -3.56802 -3.59915 -3.59678 -3.62692 -4.02493 -5.75451 -6.35788
-9999 -9999 -9999 -9999 -9999 -9999 -9999 -9999 -5.99026 -2.04122 -0.223345 0.732231 2.0714 2.23939 1.82133 1.05024 -0.822749 -2.47044 -5.15033 -8.21104 -9.8293 -4.97391 -0.746852 1.4618 1.18005 -3.9017 -5.90294 -5.98884 -4.79871 -5.78903 -6.5384 -8.96288 -9.68646 -10.695 -10.0669 -8.10898 -6.51083 -4.97004 -3.84991 -3.75804 -3.03121 -2.61209 -2.57659 -2.44425 -2.57068 -2.67306 -3.72437 -2.99239 -3.60694 -3.27506 -3.48247 -3.66938 -3.82704 -4.42778 -3.99913 -3.61966 -3.52094 -3.49032 -3.5129 -3.51816 -3.5342 -3.56964 -3.58531 -3.58736 -3.59032 -3.60883 -3.60809 -3.62691 -3.81952 -4.85937
-9999 -9999 -9999 -9999 -9999 -9999 -9999 -9999 -7.95079 -4.02178 -2.11511 0.323903 1.58665 2.10231 2.0398 1.41568 -0.00678879 -2.14958 -3.93477 -7.35126 -10.8985 -5.80074 -1.25797 1.19497 1.32987 -2.93656 -1.74448 -2.69542 -2.30156 -4.0481 -4.76944 -5.33088 -6.58506 -7.95771 -9.45911 -10.2529 -6.66776 -4.82654 -3.34501 -2.64626 -2.25111 -2.05354 -2.15646 -2.42367 -4.01306 -2.79742 -2.85904 -2.97669 -3.11183 -3.17534 -3.29739 -3.44187 -3.52286 -3.55144 -3.94996 -3.49355 -3.50369 -3.49727 -3.49507 -3.50701 -3.52974 -3.54961 -3.57405 -3.57348 -3.58814 -3.60294 -3.6127 -3.61829 -3.62983 -3.68562
-9999 -9999 -9999 -9999 -9999 -9999 -9999 -9999 -13.4475 -7.73879 -3.13538 -0.735445 1.22111 1.76145 1.96552 1.12731 0.50028 -1.03499 -2.48905 -4.73302 -8.09455 -10.1631 -6.34332 -0.795293 1.25555 1.1052 0.983772 -0.117114 -1.10833 -1.22735 -1.14543 -2.29252 -3.97801 -6.18632 -6.87248 -7.64569 -4.97498 -4.61187 -4.8062 -1.87093 -1.86381 -2.03012 -3.15229 -4.40506 -4.16465 -4.93958 -4.34066 -5.26546 -4.40947 -3.66901 -3.39042 -3.4101 -3.50159 -3.51021 -3.55293 -3.4739 -3.47476 -3.48725 -3.49696 -3.50229 -3.51344 -3.5477 -3.56712 -3.55471 -3.57753 -3.59425 -3.61006 -3.61229 -3.61746 -3.65852
-9999 -9999 -9999 -9999 -9999 -9999 -9999 -9999 -13.193 -8.38009 -4.30671 -1.8566 0.493443 1.04266 1.83775 1.67039 1.0138 -0.320164 -1.98752 -3.8337 -6.71704 -8.85907 -6.30534 -2.61663 0.0239518 0.978126 0.976139 0.919062 0.675049 0.580752 0.29547 0.102638 -1.10729 -3.19192 -4.37002 -6.09593 -3.11975 -2.78499 -3.24967 -1.76458 -1.83866 -4.0833 -5.80882 -6.02292 -4.96446 -5.96411 -6.13757 -6.75783 -6.05031 -4.15875 -4.70547 -4.5939 -3.73122 -3.58863 -3.49812 -3.47311 -3.47865 -3.48252 -3.49698 -3.49477 -3.49266 -3.52623 -3.54171 -3.54921 -3.58146 -3.58689 -3.60866 -3.62516 -3.63918 -3.66078
-9999 -9999 -9999 -9999 -9999 -9999 -9999 -9999 -13.0929 -9.8475 -6.18162 -2.57985 -0.0709954 0.94376 1.68303 1.67859 0.915212 0.25339 -0.79088 -2.41457 -3.52746 -5.46075 -8.11447 -3.65646 -2.28099 -1.05266 -0.53154 0.745428 0.720629 0.144503 -0.51622 0.115352 -0.0636881 -1.71449 -2.25594 -3.17228 -1.5164 -1.51156 -1.55682 -1.64503 -3.54129 -6.17714 -8.28365 -6.7661 -7.08159 -6.37907 -8.53312 -6.75362 -5.32285 -4.85694 -5.82402 -6.54182 -4.30856 -3.93916 -3.71883 -3.57757 -3.48473 -3.50669 -3.48369 -3.49659 -3.50294 -3.50992 -3.52878 -3.54003 -3.55897 -3.57823 -3.59656 -3.61064 -3.63493 -3.66456
-9999 -9999 -9999 -9999 -9999 -9999 -9999 -9999 -9999 -11.7463 -7.09644 -2.95026 -0.639683 0.814745 1.52507 1.51581 1.12701 0.678557 0.0320259 -1.13855 -2.60938 -4.93466 -6.65962 -5.55863 -4.20985 -4.0497 -3.15388 -0.566367 0.321338 -0.923118 -3.99771 -2.16702 -0.129335 -0.159721 -0.331147 -0.523592 -0.772864 -0.995831 -1.48512 -2.79713 -6.81791 -7.60627 -9.18267 -9.00205 -9.80974 -8.03509 -8.69334 -6.87521 -6.08596 -5.78661 -7.46338 -7.10062 -5.12698 -4.34491 -4.47356 -3.99347 -3.53566 -3.52002 -3.50638 -3.51773 -3.50741 -3.50328 -3.51036 -3.52996 -3.54435 -3.55462 -3.59097 -3.58734 -3.73572 -3.83161
-9999 -9999 -9999 -9999 -9999 -9999 -9999 -9999 -9999 -12.6592 -8.02518 -3.14403 -1.57303 -0.00561481 1.34712 1.3771 0.781631 0.215115 -0.368687 -1.03371 -2.81799 -4.54785 -6.19885 -6.75029 -6.41261 -6.42313 -4.97761 -1.60871 -0.952152 -1.22478 -4.43324 -5.52242 -2.80144 -0.514578 -0.332577 -0.537914 -3.22461 -2.65075 -4.09975 -6.06541 -6.60554 -7.46512 -9.28287 -8.40571 -9.7365 -9.16339 -9.30781 -8.27484 -7.77008 -6.54188 -8.00312 -7.98864 -6.05084 -5.07254 -5.04689 -4.02045 -3.65387 -3.55715 -3.53215 -3.51398 -3.50864 -3.49152 -3.49987 -3.51374 -3.53239 -3.57992 -3.69508 -4.05286 -5.9977 -5.99377
-9999 -9999 -9999 -9999 -9999 -9999 -9999 -9999 -9999 -12.1216 -8.90408 -4.57263 -1.36319 -1.15685 0.405125 1.21298 0.565382 -0.164496 -0.911463 -1.23632 -3.17821 -5.31137 -7.03395 -9.07324 -8.73239 -7.26075 -4.84508 -2.6674 -2.27395 -2.71825 -4.42818 -3.60757 -1.75105 -0.764253 -0.471825 -0.69843 -1.28228 -1.61913 -2.68569 -3.14724 -4.62908 -6.94675 -7.8587 -7.27864 -9.7389 -9.56505 -8.65277 -9.61103 -8.01464 -7.24963 -9.13741 -7.62809 -5.91387 -5.03687 -4.27004 -3.90648 -3.76092 -3.53835 -3.53145 -3.51177 -3.50056 -3.50268 -3.50164 -3.53636 -3.56486 -3.77017 -4.07356 -5.88563 -6.64082 -6.49119
-9999 -9999 -9999 -9999 -9999 -9999 -9999 -9999 -9999 -11.5717 -8.67457 -4.91845 -2.62883 -2.21529 -0.483629 1.05622 0.888206 0.128881 -0.100179 -0.88741 -2.53369 -4.35225 -6.34007 -7.30428 -9.52588 -7.33002 -5.57989 -3.73525 -2.86981 -4.26967 -4.98004 -3.71273 -2.45311 -1.94857 -0.677029 -0.687045 -1.09889 -2.88063 -3.74872 -3.37967 -3.75182 -4.40462 -5.99936 -6.06886 -7.09258 -7.51555 -7.91488 -9.20935 -8.3762 -8.29116 -8.06302 -6.25403 -5.36121 -4.76884 -4.23001 -4.08764 -3.85274 -3.54833 -3.52051 -3.50855 -3.50886 -3.50214 -3.52341 -3.60863 -3.68029 -4.09464 -4.82899 -6.20022 -8.42399 -6.85483
-9999 -9999 -9999 -9999 -9999 -9999 -9999 -9999 -9999 -12.0612 -8.98443 -5.7737 -4.42848 -4.19623 -1.0658 0.852301 0.859248 0.501159 0.082224 -1.86693 -1.7489 -2.13585 -3.92861 -6.54147 -9.41128 -9.13737 -7.41587 -4.97422 -4.16572 -6.49422 -7.32131 -6.7071 -4.80399 -3.10039 -1.32198 -0.868725 -1.38785 -4.16217 -7.11065 -5.74073 -4.27712 -4.28363 -4.71098 -6.18975 -6.65816 -7.08197 -8.16031 -9.98591 -9.7104 -9.20005 -7.14569 -6.4974 -5.4967 -4.66543 -4.97701 -4.79273 -3.99764 -3.54098 -3.5227 -3.51351 -3.4975 -3.50697 -3.5332 -3.70402 -3.88498 -4.18935 -6.10583 -7.29717 -9.03223 -7.01271
-9999 -9999 -9999 -9999 -9999 -9999 -9999 -9999 -9999 -13.0086 -10.7745 -7.70562 -6.46599 -4.49203 -1.53359 -0.0766496 0.623556 0.611752 0.333729 -0.537145 -1.05932 -2.09159 -3.95669 -6.50817 -9.34466 -11.1896 -10.2452 -6.95893 -6.1751 -8.32683 -9.42579 -8.04967 -6.02172 -3.02059 -1.30498 -1.07144 -1.22435 -1.79495 -3.94709 -6.54775 -6.53724 -5.23037 -6.3208 -7.58841 -6.8886 -7.01607 -8.08085 -8.85485 -9.3193 -9.02095 -7.84696 -7.3636 -6.20784 -4.50277 -4.25742 -4.3045 -3.58601 -3.54897 -3.53113 -3.50303 -3.50292 -3.50858 -3.52922 -3.66839 -3.98127 -5.25668 -6.36877 -7.91626 -8.10688 -6.31035
-9999 -9999 -9999 -9999 -9999 -9999 -9999 -9999 -9999 -14.6418 -12.0146 -9.13968 -6.44781 -3.90112 -1.70899 -1.53599 -0.378349 -0.376273 0.231777 0.0620031 -0.744992 -1.61382 -3.22027 -6.49904 -9.25529 -12.2615 -11.4636 -8.12032 -7.6541 -9.103 -11.783 -9.00908 -5.95055 -3.17852 -1.67691 -2.84991 -1.64334 -1.74035 -2.54559 -4.09304 -6.5001 -6.45289 -8.25638 -8.33326 -7.40451 -7.10188 -7.25454 -7.83514 -8.76189 -8.59333 -7.8775 -7.69594 -6.63372 -5.31071 -4.0173 -3.79891 -3.55125 -3.53949 -3.53438 -3.5132 -3.50965 -3.53567 -3.60092 -3.74658 -4.8157 -6.08734 -6.87042 -7.94846 -8.0786 -6.00656
