Test_Spring_2018b/12_17/Temp/20171215_007.txt
ncols	170
nrows	115
xllcorner	350000.000000
yllcorner	4445000.000000
cellsize	1000.000000
nodata_value	-9999.000000
[rows 32 to 63 of 115, columns 72 to 143 of 170]
11.1065 10.7218 11.2764 11.7857 11.4445 11.211 12.0554 12.0396 11.7295 11.0223 10.7532 10.4747 10.2983 9.39577 6.89087 4.6312 5.81851 5.83162 4.98449 6.46008 5.65655 3.58567 0.66871 2.22945 1.80296 -0.272066 -0.8003 -9999 -9999 -9999 -9999 -9999 -9999 -9999 -9999 -9999 -9999 -9999 -9999 -9999 -9999 -9999 -9999 -9999 -9999 -9999 -9999 -9999 -9999 -9999 -9999 -9999 -9999 -9999 -9999 -9999 -9999 -9999 -9999 -9999 -9999 -9999 -9999 -9999 -9999 -9999 -9999 -9999 -9999 -9999 -9999 -9999
10.6044 10.4303 11.2622 11.2288 11.1573 11.4395 11.9569 12.048 11.9176 11.6003 11.3237 11.0306 10.3104 9.28002 7.13401 4.56402 3.96927 5.20421 5.24872 5.43408 4.70044 3.78282 2.35611 3.49539 3.92794 2.55884 0.766657 -0.391148 -9999 -9999 -9999 -9999 -9999 -9999 -9999 -9999 -9999 -9999 -9999 -9999 -9999 -9999 -9999 -9999 -9999 -9999 -9999 -9999 -9999 -9999 -9999 -9999 -9999 -9999 -9999 -9999 -9999 -9999 -9999 -9999 -9999 -9999 -9999 -9999 -9999 -9999 -9999 -9999 -9999 -9999 -9999 -9999
10.0071 9.16953 9.66475 10.0326 10.719 10.8828 10.9735 11.9687 11.8995 11.8371 11.39 11.0294 10.4421 9.44983 8.04359 6.35355 3.42218 5.20489 6.59741 6.54582 6.45307 5.80551 4.43424 5.55215 5.58924 3.8403 1.85272 0.680277 0.185995 -9999 -9999 -9999 -9999 -9999 -9999 -9999 -9999 -9999 -9999 -9999 -9999 -9999 -9999 -9999 -9999 -9999 -9999 -9999 -9999 -9999 -9999 -9999 -9999 -9999 -9999 -9999 -9999 -9999 -9999 -9999 -9999 -9999 -9999 -9999 -9999 -9999 -9999 -9999 -9999 -9999 -9999 -9999
9.32921 8.30964 8.808 9.47814 10.4244 10.9045 11.2674 11.5539 11.8466 11.7945 11.3372 10.0168 9.81512 9.74333 8.81827 6.89366 4.97154 4.46223 6.59467 7.19391 7.053 7.51683 6.35277 6.87927 6.64058 6.00751 4.09622 2.35352 1.62424 0.198898 -9999 -9999 -9999 -9999 -9999 -9999 -9999 -9999 -9999 -9999 -9999 -9999 -9999 -9999 -9999 -9999 -9999 -9999 -9999 -9999 -9999 -9999 -9999 -9999 -9999 -9999 -9999 -9999 -9999 -9999 -9999 -9999 -9999 -9999 -9999 -9999 -9999 -9999 -9999 -9999 -9999 -9999
-9999 -9999 7.65424 8.56658 9.32085 10.2494 11.0468 11.4403 11.8221 11.7745 10.8758 10.4283 10.3751 9.76364 8.69806 8.0236 6.80776 5.5416 6.004 7.82014 6.98974 8.27159 8.14576 8.36801 7.48415 5.81459 3.60301 2.30274 1.6484 0.490149 -9999 -9999 -9999 -9999 -9999 -9999 -9999 -9999 -9999 -9999 -9999 -9999 -9999 -9999 -9999 -9999 -9999 -9999 -9999 -9999 -9999 -9999 -9999 -9999 -9999 -9999 -9999 -9999 -9999 -9999 -9999 -9999 -9999 -9999 -9999 -9999 -9999 -9999 -9999 -9999 -9999 -9999
-9999 -9999 -9999 8.38724 8.95748 10.2066 10.8396 11.0893 11.7148 11.7005 11.3503 11.0821 10.7001 10.206 9.40138 8.51524 7.37086 7.25109 8.40742 8.40641 8.14599 8.32251 8.90839 8.73335 7.36925 5.03194 3.79048 1.28214 0.19971 0.292464 -0.479358 -9999 -9999 -9999 -9999 -9999 -9999 -9999 -9999 -9999 -9999 -9999 -9999 2.2192 -9999 -9999 -9999 -9999 -9999 -9999 -9999 -9999 -9999 -9999 -9999 -9999 -9999 -9999 -9999 -9999 -9999 -9999 -9999 -9999 -2.65873 -9999 -9999 -9999 -9999 -9999 -9999 -9999
-9999 -9999 8.28653 9.05106 9.65015 10.4271 10.4867 10.9398 11.6612 11.6562 11.4032 11.1194 10.5011 10.3364 9.87181 8.91107 8.70247 9.07054 9.23182 9.41651 9.52415 9.40835 9.14841 8.81689 7.92558 6.83382 6.0954 3.80499 2.63576 1.51904 -0.162426 -1.48122 -9999 -9999 -9999 -9999 -9999 -9999 -9999 1.39787 1.32192 1.33736 1.68834 2.68214 2.07514 -9999 -9999 -9999 -9999 -9999 -9999 -9999 -9999 -9999 -9999 -9999 -9999 -9999 -9999 -9999 -9999 -9999 -9999 -9999 -1.75797 -3.0848 -9999 -9999 -9999 -9999 -9999 -9999
-9999 -9999 8.48322 9.29848 9.69761 10.4517 10.8763 11.145 11.3846 11.613 11.5562 11.2438 10.7769 10.7645 10.1272 9.77669 9.52214 10.0255 10.1128 9.88952 9.61315 9.36669 8.6982 8.60627 8.36841 7.66906 6.5319 5.36054 3.67465 1.39747 -0.835879 -2.64028 -9999 -9999 -9999 -9999 -9999 -9999 1.59023 2.41379 2.90164 1.82095 2.71824 3.53696 3.38937 2.55682 -9999 -9999 -9999 -9999 -9999 -9999 -9999 -9999 -9999 -9999 -9999 -9999 -9999 -9999 4.50876 3.14985 0.419639 -0.987246 -1.8376 -3.04549 -9999 -9999 -9999 -9999 -9999 -9999
-9999 -9999 8.31011 9.27585 9.92486 10.499 10.5773 11.1642 11.4106 11.5258 11.4945 11.42 11.3213 10.7631 10.5144 9.67881 10.449 10.4044 10.1907 9.38887 9.03246 7.66612 7.05568 6.89841 8.01712 7.16033 5.39009 3.1814 0.528425 0.340263 -0.547711 -2.16241 -9999 -9999 -9999 -9999 -9999 -9999 1.83997 2.722 3.456 3.55116 2.47692 3.94293 3.86245 3.01905 2.81556 3.47866 3.8068 3.53176 4.32707 4.54845 4.16672 4.55215 -9999 -9999 -9999 -9999 4.71479 4.75451 4.78097 4.20628 1.22508 -0.815939 -2.65063 -2.83901 -9999 -9999 -9999 -9999 -9999 -9999
-9999 -9999 8.98149 9.56999 9.85967 9.89315 10.4066 10.9172 11.2256 11.4448 11.3812 11.3464 11.3105 11.1097 10.6633 10.7261 10.6763 10.4097 8.8973 7.13431 7.88073 6.82916 4.58841 6.37317 7.34734 6.37853 4.23678 1.75604 0.929337 0.945939 -0.282697 -1.8602 -9999 -9999 -9999 -0.577306 0.690933 0.788627 1.15312 2.33427 3.22958 3.9027 4.35541 4.32292 3.81213 2.9867 2.09048 2.38827 3.95587 4.32564 4.63283 4.86262 4.5069 4.66554 5.07351 5.27708 5.30641 5.19193 5.15446 5.17447 5.10934 4.57206 1.90685 0.373281 -0.610924 -2.58494 -9999 -9999 -9999 -9999 -9999 -9999
-9999 -9999 8.59379 9.10345 9.51305 10.1994 10.258 10.6889 10.9361 11.3141 11.3429 10.8658 11.2321 11.1677 11.0816 10.9155 10.679 9.40018 7.64301 5.88129 5.0595 5.38455 4.03197 4.69821 5.68538 5.30244 3.97839 1.76622 1.43896 0.90845 -1.14545 -3.12363 -9999 -9999 -3.05959 -0.613471 1.10506 1.98506 2.24845 2.26169 3.39342 3.46985 4.68889 4.38287 2.73427 2.90221 2.25367 2.6484 3.20898 3.3519 4.16833 4.95681 5.09268 5.08047 5.33458 5.37474 5.37403 5.35226 5.1549 5.22407 5.22245 4.88204 2.94473 1.99216 0.940431 -2.56871 -9999 -9999 -9999 -9999 -9999 -9999
-9999 -9999 8.85164 9.42294 10.05 10.1379 10.5982 10.5325 10.3789 11.0276 11.2545 10.9132 10.6634 11.0807 11.036 10.9639 10.8547 9.65222 8.26273 6.16654 4.85797 4.04879 3.47057 2.6975 3.19559 3.01974 2.79004 3.01512 2.39459 1.17032 -0.0399564 -2.28855 -3.51256 -9999 -2.93585 -1.84006 0.206615 1.94431 3.04273 2.62976 3.91866 4.14685 4.88143 4.42624 3.41825 2.97347 2.91973 2.77366 3.63446 4.20902 4.60623 4.86826 5.19955 5.27186 5.34484 5.36657 5.37175 5.37746 5.3585 5.33721 5.28393 5.14696 4.24825 3.29466 1.25684 -2.46019 -9999 -9999 -9999 -9999 -9999 -9999
-9999 7.15174 8.77715 9.74603 10.111 10.3698 10.5959 10.7551 10.9215 11.0774 11.1806 11.1141 10.236 10.2916 10.4319 10.9072 10.8577 10.7357 9.96937 7.42205 6.52934 5.23135 3.55809 2.84574 3.17364 4.51299 4.43406 3.5167 2.49652 1.09066 0.19192 -1.19419 -3.83815 -3.618 -2.44985 -1.5839 -0.197389 1.92988 3.4174 4.07399 4.31383 4.82565 5.08607 4.46374 3.87032 3.61267 3.14855 3.06924 3.05642 3.56996 3.96444 4.86902 5.16244 5.28858 5.34531 5.36903 5.38247 5.39574 5.39105 5.35914 5.34581 5.32416 5.24234 3.9813 0.844503 -1.52449 -9999 -9999 -9999 -9999 -9999 -9999
-9999 -9999 8.46614 8.88295 8.9797 9.16146 9.55111 10.003 10.6487 10.7183 11.0684 11.051 10.2923 9.41864 10.1522 10.435 10.7287 10.7234 10.6118 8.46509 7.33553 6.44224 4.83691 5.3894 5.91529 5.93818 5.59132 3.64519 1.70695 -0.527517 -2.61309 -2.72928 -3.85899 -3.28581 -2.5194 -0.526758 0.871827 1.43112 1.82936 3.99276 4.54406 4.72243 5.26511 4.49052 4.28027 3.69358 3.8474 3.78135 3.76845 2.1705 3.73876 3.81682 4.83501 5.28491 5.37527 5.38903 5.405 5.39557 5.3874 5.36857 5.36488 5.3334 5.29834 4.47265 0.503706 -1.50211 -9999 -9999 -9999 -9999 -9999 -9999
-9999 -9999 -9999 -9999 8.56358 8.87739 9.0726 9.42278 10.5284 10.8154 11.0011 11.0032 10.6568 9.79181 9.55356 9.69511 8.85125 9.53022 10.4636 10.424 10.2923 8.40461 7.42806 8.33646 8.03635 6.61144 5.48597 4.37492 2.10871 0.442423 -1.94525 -3.74218 -3.82601 -1.87819 -0.262242 1.75437 2.63662 2.11293 2.65244 3.71829 4.93233 5.51194 5.35747 4.54164 4.41164 3.51535 4.36479 4.4228 4.00416 3.6401 3.76027 4.25594 4.43552 5.229 5.40985 5.43006 5.42179 5.41091 5.39338 5.37475 5.3484 5.32461 5.29759 5.24498 1.16552 -2.01672 -9999 -9999 -9999 -9999 -9999 -9999
-9999 -9999 -9999 -9999 7.77652 7.96111 8.47369 9.81632 10.5093 10.7811 10.756 10.874 10.6255 9.86292 9.0807 8.34228 7.39374 7.91316 9.31103 10.1282 10.2064 8.54939 9.3831 9.04528 8.3969 6.539 5.16475 4.42733 2.25086 0.38255 -1.2119 -3.40615 -2.49175 -1.48232 -0.180471 2.0212 3.50254 4.10325 3.57372 4.25113 5.6502 5.64395 4.85671 4.89216 4.40354 3.18439 4.42125 4.7577 4.45736 4.51488 4.39061 4.56533 4.8967 5.21329 5.41902 5.43419 5.42325 5.40182 5.38736 5.37305 5.34245 5.32828 5.3011 5.26421 2.62506 -2.08322 -9999 -9999 -9999 -9999 -9999 -9999
-9999 -9999 -9999 -9999 -9999 7.04312 8.23411 10.0218 10.4509 10.3944 10.7517 10.7689 10.3954 10.0695 9.12304 7.83517 5.374 5.98256 7.26805 9.12788 10.0971 9.9469 9.37868 8.40757 6.0836 4.04729 3.78341 3.4343 1.84091 0.397394 -1.3732 -0.37482 0.721086 1.92228 2.54652 2.36584 3.63318 4.66411 4.20689 5.04092 6.01599 5.55329 5.27353 5.03608 4.47411 4.42555 4.4665 5.16195 4.65366 4.94013 4.92957 4.89709 5.0505 5.22968 5.41894 5.43778 5.42383 5.41295 5.37486 5.36851 5.34176 5.31477 5.28837 5.25429 5.00032 2.45424 0.927659 -9999 -9999 -9999 -9999 -9999
-9999 -9999 -9999 -9999 -9999 5.92244 6.5081 8.62844 9.2695 10.1981 10.6841 10.6924 10.0718 9.71957 8.31619 7.8516 5.57392 4.53442 5.38874 5.03987 7.6062 9.87468 9.3575 4.72544 3.03581 1.8252 2.11264 2.09688 1.64005 -0.802818 -1.48811 0.664053 2.01346 3.05591 3.84351 3.99582 3.95427 5.57449 5.77794 6.29496 6.16546 6.20033 5.36073 4.83529 5.26315 4.7331 4.62943 5.34846 4.60874 5.24752 5.15221 4.94045 4.91515 5.33159 5.40427 5.43578 5.42375 5.39271 5.35649 5.32945 5.32835 5.3064 5.26665 5.25164 5.21158 4.88963 3.56546 3.09122 3.57977 -9999 -9999 -9999
-9999 -9999 -9999 -9999 -9999 -9999 4.50901 7.46228 8.80016 9.49753 10.4861 10.5923 10.2539 9.65584 8.22686 6.96835 4.93068 2.60511 1.36593 5.01338 8.18533 9.83247 9.59413 5.73546 4.20142 4.1127 4.98695 4.2153 3.62577 1.76467 1.19728 0.415826 0.870856 2.32923 3.51868 4.66667 5.49758 5.55251 6.0867 6.38802 6.39959 6.48375 6.37202 6.27788 5.46364 5.998 5.51567 5.74762 5.57245 5.41284 5.2711 4.80054 5.10748 5.37779 5.43667 5.44306 5.41176 5.39343 5.36672 5.32495 5.29806 5.28066 5.26206 5.2312 5.21439 5.17859 5.01465 4.21102 3.14116 1.79427 -9999 -9999
-9999 -9999 -9999 -9999 -9999 -9999 3.01911 5.95797 7.36309 9.18071 10.1073 10.4738 10.4093 9.92201 8.83279 7.2002 5.8375 3.24301 0.549116 4.37771 7.78733 9.61889 9.69964 6.45206 7.32881 6.58753 6.86119 5.51921 4.95135 4.49662 3.52911 2.47311 1.31812 0.700193 3.39061 4.76524 5.86876 6.38157 6.66514 6.79932 6.70493 6.48806 5.27189 6.17258 6.10532 5.99842 5.87811 5.81177 5.70125 5.57392 5.49004 5.45158 5.13432 5.46058 5.43641 5.42688 5.4142 5.39072 5.35883 5.32869 5.29463 5.27895 5.25211 5.224 5.19925 5.1734 5.14625 5.0856 4.85941 3.05676 1.97188 1.65367
-9999 -9999 -9999 -9999 -9999 -9999 -1.13993 3.14318 6.57748 8.36684 9.81805 10.2073 10.3438 9.69461 9.20544 8.031 6.91781 5.20798 2.6539 1.07493 3.93666 8.10453 9.63121 9.49075 9.37647 8.52252 7.75122 7.63835 7.67744 6.78067 5.48343 3.79763 3.259 2.65872 4.65878 4.9175 4.75577 6.95652 6.94692 6.80616 5.94351 4.97986 5.14453 4.54399 4.97525 4.25921 4.88722 5.42797 5.62012 5.58728 5.49541 5.46843 5.4205 5.46238 5.44709 5.42319 5.40139 5.38275 5.35945 5.31832 5.28794 5.28109 5.24712 5.21727 5.18935 5.16599 5.14384 5.09453 5.04823 4.75662 4.32704 3.52135
-9999 -9999 -9999 -9999 -9999 -9999 -0.964373 2.63257 5.68429 7.50534 9.25937 9.65525 10.2378 10.0946 9.58273 8.55979 7.28513 5.87514 3.68169 2.04704 3.95611 6.71683 8.68926 9.38228 9.35882 9.29335 9.08668 8.98797 8.75061 8.57391 7.64114 6.04501 5.13835 3.8189 6.04942 6.28653 5.92047 7.02628 6.95509 5.24525 3.92694 3.74914 4.52889 3.75707 3.60492 3.12101 3.63716 5.04705 4.61182 4.67853 5.30678 5.39839 5.44769 5.45159 5.43267 5.41514 5.38959 5.37649 5.36304 5.3223 5.29481 5.27289 5.23186 5.21047 5.17651 5.14201 5.11552 5.08115 5.03759 4.94261 4.83589 4.90689
-9999 -9999 -9999 -9999 -9999 -9999 -0.898713 1.51506 4.25979 6.94955 8.82359 9.57084 10.111 10.0906 9.49766 8.98163 8.17686 6.93442 6.07706 4.59978 2.57796 5.92362 6.93656 7.83673 8.20339 9.14486 9.10376 8.64676 8.11687 8.57377 8.41445 7.15032 6.72427 6.01588 7.24963 7.23748 7.18777 7.1057 5.65878 3.6534 2.0473 3.17648 2.92166 3.43174 1.78455 3.10504 4.16697 4.50074 3.75634 3.19722 4.8598 5.1185 5.26945 5.36101 5.41623 5.38489 5.38745 5.36278 5.3428 5.32202 5.29191 5.26715 5.23621 5.20469 5.17314 5.14053 5.10416 5.05833 5.03971 4.98457 4.95191 4.91832
-9999 -9999 -9999 -9999 -9999 -9999 -9999 0.0708148 3.54917 6.65815 8.38254 9.46158 9.97973 9.95529 9.64473 9.28929 8.78423 7.88331 6.75527 4.98167 3.66056 4.47193 5.46353 5.55717 6.21166 8.14302 8.79135 7.83048 5.47588 6.83208 8.35164 8.31083 8.1642 8.00225 7.80042 7.61612 7.23099 6.22489 3.17404 2.55997 1.35361 1.47323 0.846532 2.16489 1.6466 3.00112 3.57906 3.78735 2.50421 2.75316 4.22193 4.79667 4.68432 5.03172 5.36559 5.36246 5.3578 5.33413 5.32661 5.31412 5.29285 5.25819 5.23043 5.20549 5.15982 5.1404 5.0104 4.92013 4.75481 4.92251 4.92414 4.90763
-9999 -9999 -9999 -9999 -9999 -9999 -9999 -0.639594 2.83705 6.50107 7.66728 8.83155 9.83442 9.8393 9.37239 8.92745 8.46939 7.94978 6.58493 5.26068 3.99543 3.55962 3.79444 3.75264 4.82262 7.34438 7.81882 7.59209 5.12936 4.2882 6.32371 8.03212 8.15224 7.98044 5.93598 6.35296 5.24313 3.74333 3.31948 2.65432 1.2657 1.91106 0.889544 1.30496 1.1702 1.93229 2.29572 3.20537 2.08512 2.0709 3.51223 4.23503 4.23902 4.99868 5.26036 5.31838 5.32217 5.32064 5.30917 5.3063 5.28387 5.25695 5.22613 5.17325 5.06914 4.78063 3.29036 3.27573 3.66247 4.02788 4.70258 4.87469
-9999 -9999 -9999 -9999 -9999 -9999 -9999 -0.245632 2.16209 5.41139 7.81444 7.95125 9.1119 9.70371 9.19715 8.62859 8.04708 7.78402 6.30004 4.6713 3.35206 1.79331 2.03078 3.12145 4.91012 6.5332 6.80954 6.45372 5.12149 5.72215 7.10527 7.83238 8.03581 7.84786 7.39055 7.11991 6.29856 5.93393 4.79908 3.03319 2.32823 2.74933 0.875284 0.989417 1.66083 0.911154 2.09881 2.65901 1.21697 2.32509 3.60303 4.24929 4.81263 5.07175 5.16642 5.31924 5.30921 5.30868 5.30156 5.28413 5.26882 5.22626 5.18814 5.01636 4.7704 3.38551 2.79212 2.88775 3.50445 4.04269 4.59523 4.81722
-9999 -9999 -9999 -9999 -9999 -9999 -9999 0.157189 2.32335 5.13855 6.84734 7.14051 8.42911 9.57327 9.42849 8.83746 8.64668 8.03442 6.77349 5.3822 3.8628 3.11572 1.41915 3.05679 4.34279 5.71491 6.34796 5.24813 4.69291 5.63094 6.56359 6.9267 7.86916 7.8446 7.51699 6.15552 5.48383 5.74603 5.4487 4.93945 3.71906 3.64985 2.86021 2.52393 2.2054 1.20165 1.81336 1.86046 2.00957 3.34948 4.00736 4.43869 4.8298 4.9218 5.08374 5.29818 5.30379 5.29733 5.28144 5.27067 5.23857 5.15799 5.08745 4.75806 4.18699 3.1351 1.43317 2.60058 3.82218 4.16755 4.50756 4.67892
-9999 -9999 -9999 -9999 -9999 -9999 -9999 -0.224936 2.07708 4.48072 5.47668 5.63296 7.97732 9.40685 9.39397 9.10564 8.77138 7.28194 7.35274 7.0421 5.67002 3.6786 1.49293 1.68003 2.9531 4.76725 5.35765 3.55647 2.91333 3.35849 4.77693 6.04513 7.37016 7.69519 7.28648 5.17565 2.93346 3.95105 5.03935 5.0179 4.67871 3.54574 3.17535 2.83851 2.00754 0.608437 0.793525 1.16179 2.67971 3.15277 3.89205 4.50362 4.25268 4.37617 4.96081 5.29003 5.28832 5.27967 5.27607 5.25309 5.2173 5.0722 4.9193 4.6731 3.2099 2.294 0.963089 2.46855 3.29625 3.71706 4.50457 4.68049
-9999 -9999 -9999 -9999 -9999 -9999 -9999 -0.952928 0.713168 3.00978 3.92605 5.39702 7.61146 8.69279 9.2031 9.17606 8.94808 8.27253 7.86006 7.06234 5.63574 3.69077 1.53041 0.11827 0.8115 3.25648 3.81947 2.16049 1.31225 2.33258 3.84527 6.09286 7.37041 7.52952 7.39714 6.94966 5.30851 3.32886 3.32026 4.29019 3.45049 2.47697 2.98846 2.87539 2.05473 1.45352 1.07584 1.27772 2.13724 2.48579 3.34204 4.61309 4.78243 4.73114 5.25782 5.27016 5.26802 5.27359 5.25796 5.23788 5.20637 5.08527 4.83293 3.85392 2.99807 1.8135 1.6531 2.98574 3.55476 4.08594 4.46413 4.57678
-9999 -9999 -9999 -9999 -9999 -9999 -9999 -2.19885 -0.235954 1.91431 3.92678 5.83003 7.46598 7.57807 8.43361 8.417 8.85784 8.71152 8.08408 7.40981 6.17853 3.68468 1.585 -0.703537 -0.120809 2.37686 2.67441 1.56184 -0.479819 1.59563 3.88619 5.96079 7.07672 6.17401 7.06775 6.97768 6.35316 5.1685 3.33501 3.35412 1.97622 1.90157 2.58595 2.79762 2.66553 2.21036 1.49002 1.58738 2.101 2.22168 3.00724 3.98978 4.95011 5.09907 5.27023 5.26338 5.25155 5.25184 5.23881 5.20341 5.13831 5.01243 4.18937 3.21335 2.60601 1.77594 1.66132 3.20458 3.80143 4.12731 4.4518 4.5703
-9999 -9999 -9999 -9999 -9999 -9999 -9999 -9999 -0.449492 1.77231 3.41231 3.84241 5.2947 6.07174 6.66955 6.78995 8.52474 8.60563 8.20216 7.58157 6.52916 4.633 3.30689 1.11114 -0.471796 0.147474 0.421113 0.980572 0.794614 1.71128 3.91171 6.205 6.44113 4.95855 5.16025 5.45173 6.12424 5.75997 3.26725 1.99326 0.933147 1.65995 2.42527 2.59871 2.62097 2.45472 2.25698 1.93479 2.96359 3.72087 3.88466 4.54311 5.02534 5.14762 5.2361 5.23393 5.23201 5.2173 5.17339 5.13737 4.99745 4.70252 3.78376 1.59566 1.6815 1.43076 0.739069 2.24216 3.17766 4.02425 4.46656 4.56884
-9999 -9999 -9999 -9999 -9999 -9999 -9999 -9999 -1.20526 1.36777 1.89864 1.84209 0.969035 1.34797 4.51035 5.1347 6.79779 8.3717 8.23939 7.63033 6.64472 5.50903 3.75928 1.29185 -0.67217 -1.52007 0.556778 2.59324 3.002 3.64298 4.98506 5.22718 3.71214 2.29052 3.06426 3.52422 5.32037 5.63563 5.26818 3.76016 2.0381 1.13177 2.1679 2.29285 2.34025 2.33695 2.28223 2.21654 3.37641 4.01231 4.4487 4.6793 5.09106 5.18513 5.205 5.2229 5.20023 5.16328 5.08089 4.98922 4.63642 4.2124 2.71732 1.46817 0.683249 -0.309039 1.87592 2.50373 3.38396 3.94852 4.38825 4.47192
