Test_Spring_2018b/12_17/Temp/20171220_014.txt
ncols	170
nrows	115
xllcorner	350000.000000
yllcorner	4445000.000000
cellsize	1000.000000
nodata_value	-9999.000000
[rows 31 to 61 of 115, columns 70 to 139 of 170]
5.23511 5.89141 6.13378 5.6803 5.72696 6.81481 7.0596 7.04444 6.94506 6.84254 6.3256 6.15371 5.74704 5.02966 4.73021 3.45292 -0.681509 0.491547 0.951621 -0.245524 0.42608 1.51772 0.570685 -2.24359 -3.45492 -5.40713 -4.79056 -5.37892 -6.9504 -9999 -9999 -9999 -9999 -9999 -9999 -9999 -9999 -9999 -9999 -9999 -9999 -9999 -9999 -9999 -9999 -9999 -9999 -9999 -9999 -9999 -9999 -9999 -9999 -9999 -9999 -9999 -9999 -9999 -9999 -9999 -9999 -9999 -9999 -9999 -9999 -9999 -9999 -9999 -9999 -9999
5.35534 5.65658 5.63041 5.19381 5.8721 6.49669 6.11472 5.8632 6.88729 6.88846 6.54017 5.72044 5.42069 5.10993 4.92024 3.86869 0.91515 -1.74718 -0.317636 -0.281763 -1.26689 0.50532 -0.427772 -2.86515 -6.3068 -4.43312 -4.91837 -7.36214 -7.96417 -9999 -9999 -9999 -9999 -9999 -9999 -9999 -9999 -9999 -9999 -9999 -9999 -9999 -9999 -9999 -9999 -9999 -9999 -9999 -9999 -9999 -9999 -9999 -9999 -9999 -9999 -9999 -9999 -9999 -9999 -9999 -9999 -9999 -9999 -9999 -9999 -9999 -9999 -9999 -9999 -9999
4.52497 5.27346 5.04578 4.8591 5.86663 5.84692 5.78291 6.14589 6.78207 6.9102 6.77528 6.41862 6.11019 5.78209 4.94707 3.74391 1.21648 -1.81418 -2.50001 -1.01379 -0.940568 -0.700008 -1.55025 -2.61875 -4.29148 -2.91818 -2.38375 -3.98962 -6.09195 -7.44188 -9999 -9999 -9999 -9999 -9999 -9999 -9999 -9999 -9999 -9999 -9999 -9999 -9999 -9999 -9999 -9999 -9999 -9999 -9999 -9999 -9999 -9999 -9999 -9999 -9999 -9999 -9999 -9999 -9999 -9999 -9999 -9999 -9999 -9999 -9999 -9999 -9999 -9999 -9999 -9999
3.41075 4.69397 4.3482 3.37393 3.98173 4.43842 5.27931 5.49861 5.62633 6.82779 6.76574 6.71174 6.20102 5.79302 5.11589 3.95805 2.30883 0.322763 -3.13676 -1.00036 0.672977 0.632179 0.542623 -0.205395 -1.81238 -0.464485 -0.399496 -2.45261 -4.78667 -6.15756 -6.7235 -9999 -9999 -9999 -9999 -9999 -9999 -9999 -9999 -9999 -9999 -9999 -9999 -9999 -9999 -9999 -9999 -9999 -9999 -9999 -9999 -9999 -9999 -9999 -9999 -9999 -9999 -9999 -9999 -9999 -9999 -9999 -9999 -9999 -9999 -9999 -9999 -9999 -9999 -9999
-9999 3.88794 3.55503 2.36462 2.97612 3.79159 4.94061 5.53298 5.98684 6.34719 6.71477 6.67319 6.15049 4.60332 4.384 4.31892 3.24093 0.976449 -1.28505 -1.86943 0.682155 1.41385 1.26705 1.83826 0.47719 1.12304 0.860685 0.134055 -2.11207 -4.15881 -5.00353 -6.67456 -9999 -9999 -9999 -9999 -9999 -9999 -9999 -9999 -9999 -9999 -9999 -9999 -9999 -9999 -9999 -9999 -9999 -9999 -9999 -9999 -9999 -9999 -9999 -9999 -9999 -9999 -9999 -9999 -9999 -9999 -9999 -9999 -9999 -9999 -9999 -9999 -9999 -9999
-9999 -9999 -9999 -9999 1.61789 2.72624 3.64399 4.76662 5.73655 6.22394 6.69753 6.66126 5.61477 5.10388 5.061 4.35536 3.11062 2.33014 0.906998 -0.575851 -0.00674728 2.1694 1.20407 2.74625 2.6176 2.90231 1.87417 -0.0787997 -2.68538 -4.20656 -4.9621 -6.31586 -9999 -9999 -9999 -9999 -9999 -9999 -9999 -9999 -9999 -9999 -9999 -9999 -9999 -9999 -9999 -9999 -9999 -9999 -9999 -9999 -9999 -9999 -9999 -9999 -9999 -9999 -9999 -9999 -9999 -9999 -9999 -9999 -9999 -9999 -9999 -9999 -9999 -9999
-9999 -9999 -9999 -9999 -9999 2.5245 3.22385 4.72709 5.50194 5.81882 6.58171 6.58518 6.18994 5.89206 5.45895 4.89266 3.9577 2.92594 1.58759 1.46551 2.85826 2.87728 2.58849 2.81855 3.53473 3.34789 1.75308 -0.995939 -2.44809 -5.40559 -6.66904 -6.53751 -7.43235 -9999 -9999 -9999 -9999 -9999 -9999 -9999 -9999 -9999 -9999 -9999 -9999 -3.97176 -9999 -9999 -9999 -9999 -9999 -9999 -9999 -9999 -9999 -9999 -9999 -9999 -9999 -9999 -9999 -9999 -9999 -9999 -9999 -9999 -9.34207 -9999 -9999 -9999
-9999 -9999 -9999 -9999 2.3909 3.32551 4.05714 5.00002 5.09119 5.65269 6.52964 6.54423 6.2645 5.9482 5.23467 5.05943 4.52813 3.40778 3.1802 3.63715 3.84863 4.08802 4.23607 4.11911 3.83128 3.45875 2.4291 1.1547 0.299915 -2.39995 -3.76465 -5.06851 -7.04283 -8.58678 -9999 -9999 -9999 -9999 -9999 -9999 -9999 -5.0082 -5.07962 -5.04267 -4.60746 -3.40912 -4.11091 -9999 -9999 -9999 -9999 -9999 -9999 -9999 -9999 -9999 -9999 -9999 -9999 -9999 -9999 -9999 -9999 -9999 -9999 -9999 -8.25994 -9.81486 -9999 -9999
-9999 -9999 -9999 -9999 2.64189 3.63 4.12433 5.0402 5.56501 5.90745 6.21263 6.50446 6.4577 6.10749 5.57374 5.57932 4.84306 4.44704 4.16485 4.78224 4.90586 4.66088 4.35305 4.08097 3.3082 3.22016 2.96601 2.15765 0.829805 -0.538471 -2.51887 -5.19991 -7.82898 -9.94905 -9999 -9999 -9999 -9999 -9999 -9999 -4.78464 -3.78831 -3.19072 -4.4552 -3.37174 -2.38147 -2.5381 -3.49936 -9999 -9999 -9999 -9999 -9999 -9999 -9999 -9999 -9999 -9999 -9999 -9999 -9999 -9999 -0.886449 -2.48024 -5.70176 -7.35226 -8.34191 -9.75568 -9999 -9999
-9999 -9999 -9999 -9999 2.44692 3.6137 4.40473 5.10714 5.22109 5.94192 6.25457 6.41221 6.39585 6.32809 6.2315 5.58922 5.31422 4.3423 5.27645 5.24327 5.00945 4.07764 3.67474 2.07329 1.36947 1.21026 2.55996 1.56496 -0.514064 -3.11336 -6.23797 -6.44206 -7.47372 -9.36824 -9999 -9999 -9999 -9999 -9999 -9999 -4.47411 -3.40861 -2.51911 -2.38809 -3.64522 -1.88684 -1.9564 -2.93875 -3.16121 -2.35465 -1.94543 -2.25021 -1.28832 -1.00531 -1.43812 -0.960247 -9999 -9999 -9999 -9999 -0.667708 -0.601256 -0.550665 -1.21368 -4.73327 -7.13665 -9.29483 -9.49475 -9999 -9999
-9999 -9999 -9999 -9999 3.25418 3.97322 4.3378 4.3985 5.02918 5.65952 6.04594 6.33051 6.27575 6.25488 6.23265 6.01445 5.50454 5.59897 5.55975 5.26306 3.48763 1.41492 2.32125 1.09041 -1.54522 0.597177 1.77555 0.647873 -1.87182 -4.79369 -5.74998 -5.71045 -7.1461 -8.9925 -9999 -9999 -9999 -7.3848 -5.85948 -5.72421 -5.27274 -3.85222 -2.77128 -1.95778 -1.40264 -1.41887 -2.00443 -2.96555 -4.01036 -3.63747 -1.75689 -1.29789 -0.913463 -0.620329 -1.02212 -0.809656 -0.305236 -0.0435881 0.0110635 -0.105198 -0.130215 -0.0871463 -0.145215 -0.763739 -3.91202 -5.71313 -6.86181 -9.17422 -9999 -9999
-9999 -9999 -9999 -9999 2.80529 3.43077 3.93775 4.77669 4.86736 5.40015 5.71745 6.18602 6.24086 5.69503 6.15012 6.09389 6.01152 5.83416 5.57318 4.07486 2.00883 -0.0624112 -1.01761 -0.608172 -2.1925 -1.37798 -0.183963 -0.618828 -2.16261 -4.76548 -5.13081 -5.73546 -8.15377 -10.4794 -9999 -9999 -10.3384 -7.4143 -5.35449 -4.2907 -3.95941 -3.92549 -2.56415 -2.45566 -0.99081 -1.33205 -3.26868 -3.05062 -3.80543 -3.31747 -2.62755 -2.43791 -1.44689 -0.49289 -0.311355 -0.305593 0.0162148 0.0839194 0.102894 0.0966644 -0.118212 -0.0168481 0.000391806 -0.384504 -2.6649 -3.77612 -5.00155 -9.14034 -9999 -9999
-9999 -9999 -9999 -9999 3.12497 3.82391 4.58919 4.71461 5.28214 5.22483 5.06627 5.85705 6.14633 5.76159 5.48532 6.00075 5.96747 5.90162 5.79165 4.38382 2.7542 0.285906 -1.2471 -2.18429 -2.84923 -3.73867 -3.12478 -3.31065 -3.56025 -3.2699 -3.98502 -5.41294 -6.82656 -9.47566 -10.9062 -9999 -10.1786 -8.85732 -6.40804 -4.32624 -3.00389 -3.47611 -1.92843 -1.64003 -0.746868 -1.26933 -2.44581 -2.95101 -2.99567 -3.14969 -2.10832 -1.40962 -0.916265 -0.585106 -0.173458 -0.0673554 0.0394589 0.0852706 0.111221 0.137564 0.134411 0.128335 0.0842044 -0.0592466 -1.10678 -2.21647 -4.61542 -9.00127 -9999 -9999
-9999 -9999 -9999 1.09345 3.04617 4.21715 4.67147 4.99984 5.28952 5.49976 5.72075 5.92621 6.06933 6.01014 4.98792 5.0738 5.26017 5.84391 5.80469 5.67945 4.78946 1.78566 0.748369 -0.767505 -2.73162 -3.55317 -3.14099 -1.52792 -1.59826 -2.66375 -3.85129 -5.49488 -6.53978 -8.16233 -11.2805 -10.9972 -9.58925 -8.54082 -6.87525 -4.3311 -2.54702 -1.7498 -1.44761 -0.819782 -0.492971 -1.2104 -1.89476 -2.1817 -2.71351 -2.78832 -2.784 -2.15469 -1.66497 -0.573802 -0.205391 -0.0369191 0.0505807 0.0987127 0.134427 0.169703 0.183447 0.164727 0.167984 0.16142 0.0857702 -1.39133 -5.09129 -7.87713 -9999 -9999
-9999 -9999 -9999 -9999 2.68648 3.20223 3.33824 3.57526 4.05911 4.61681 5.40668 5.50997 5.946 5.94539 5.0643 4.04707 4.93752 5.29264 5.66066 5.6739 5.56122 3.03668 1.71728 0.678849 -1.20436 -0.524288 0.123207 0.173839 -0.214278 -2.50073 -4.77783 -7.4049 -9.85751 -9.97276 -11.292 -10.5912 -9.6601 -7.27424 -5.59439 -4.9116 -4.42067 -1.83491 -1.16102 -0.929394 -0.267007 -1.16819 -1.39781 -2.07533 -1.87363 -1.93271 -1.92852 -3.80573 -1.92281 -1.81061 -0.582385 -0.0300667 0.096225 0.132481 0.171145 0.17942 0.189004 0.18579 0.2005 0.183811 0.16418 -0.795491 -5.48604 -7.84085 -9999 -9999
-9999 -9999 -9999 -9999 -9999 -9999 2.85389 3.24773 3.50081 3.93779 5.27353 5.63474 5.8755 5.89798 5.50665 4.49924 4.23592 4.42335 3.44103 4.26738 5.3965 5.37056 5.23591 3.01726 1.88194 2.98344 2.65066 0.982917 -0.329253 -1.62425 -4.29053 -6.24308 -9.05425 -11.1646 -11.242 -8.90823 -6.96984 -4.55556 -3.48868 -4.0915 -3.43294 -2.14782 -0.688417 0.0178267 -0.147289 -1.09737 -1.23178 -2.27678 -1.24932 -1.16117 -1.63866 -2.05124 -1.88745 -1.27967 -1.04708 -0.0857843 0.148273 0.190757 0.200569 0.207083 0.205537 0.202563 0.192378 0.184222 0.172512 0.130744 -4.6908 -8.44208 -9999 -9999
-9999 -9999 -9999 -9999 -9999 -9999 1.92915 2.16963 2.79945 4.4145 5.2603 5.60335 5.59379 5.75374 5.47845 4.59272 3.6835 2.82631 1.72011 2.35683 4.03687 5.02818 5.14278 3.19824 4.21195 3.83432 3.08831 0.906716 -0.700641 -1.55204 -4.11173 -6.30411 -8.17372 -10.7558 -9.64823 -8.42851 -6.86234 -4.22885 -2.45085 -1.71881 -2.32842 -1.5058 0.173328 0.184223 -0.73192 -0.671383 -1.23147 -2.65968 -1.1723 -0.753631 -1.09075 -1.00299 -1.1295 -0.90287 -0.490285 -0.0952511 0.168165 0.205381 0.211428 0.205376 0.207471 0.210515 0.194137 0.197567 0.185867 0.162957 -2.94867 -8.5114 -9999 -9999
-9999 -9999 -9999 -9999 -9999 -9999 -9999 1.08944 2.52454 4.66788 5.2003 5.15362 5.5978 5.63808 5.21426 4.84677 3.74258 2.23316 -0.668696 0.07391 1.62066 3.84978 5.0223 4.86651 4.21619 3.08694 0.352009 -2.04131 -2.33057 -2.72104 -4.58865 -6.27684 -8.35565 -7.14801 -5.82514 -4.37791 -3.61618 -3.81057 -2.28668 -1.04383 -1.56779 -0.55915 0.616812 0.0860266 -0.227557 -0.490821 -1.13791 -1.17648 -1.10868 -0.263867 -0.847881 -0.488428 -0.480086 -0.499575 -0.298411 -0.0666803 0.177034 0.218494 0.221081 0.227436 0.201701 0.213933 0.202248 0.190627 0.180025 0.160637 -0.119473 -3.11548 -4.90511 -9999
-9999 -9999 -9999 -9999 -9999 -9999 -9999 -0.231393 0.485102 3.0232 3.80722 4.92972 5.52668 5.55618 4.83908 4.44076 2.79406 2.26184 -0.422088 -1.63584 -0.600808 -0.993412 2.07506 4.7905 4.20083 -1.27413 -3.25606 -4.66925 -4.30416 -4.29903 -4.81763 -7.69224 -8.48292 -5.90586 -4.28226 -3.02359 -2.06805 -1.86687 -1.89681 0.0457641 0.305874 0.938351 0.803296 0.863339 -0.114604 -0.719558 -0.191547 -0.801573 -0.905398 -0.0325912 -0.891358 -0.113785 -0.20613 -0.438578 -0.449712 0.0635039 0.168692 0.225084 0.2302 0.21248 0.189146 0.176614 0.195518 0.190009 0.163723 0.167128 0.141071 -0.214666 -1.76397 -2.30437
-9999 -9999 -9999 -9999 -9999 -9999 -9999 -9999 -1.87852 1.64822 3.25941 4.10739 5.30075 5.44648 5.06622 4.37501 2.69768 1.22312 -1.17583 -3.9159 -5.36618 -1.01487 2.77257 4.75048 4.49183 -0.0651252 -1.86246 -1.94404 -0.882534 -1.77489 -2.45122 -4.63541 -5.28638 -6.19191 -5.63017 -3.87676 -2.44415 -1.06187 -0.0561186 0.0284498 0.681921 1.05759 1.0902 1.20897 1.09524 1.00245 0.0561815 0.709761 0.156511 0.451138 0.262481 0.0922653 -0.05521 -0.594993 -0.211882 0.127749 0.216456 0.244119 0.225624 0.223015 0.210998 0.181696 0.169101 0.16913 0.16807 0.152757 0.154387 0.138449 -0.0336302 -0.96509
-9999 -9999 -9999 -9999 -9999 -9999 -9999 -9999 -3.63767 -0.128131 1.56292 3.74062 4.86201 5.3186 5.26077 4.70108 3.42717 1.50866 -0.0889631 -3.14818 -6.32477 -1.75814 2.31063 4.50744 4.62632 0.795802 1.86005 1.00364 1.35198 -0.217644 -0.868541 -1.38348 -2.50969 -3.74137 -5.08898 -5.80085 -2.58741 -0.936075 0.393337 1.02151 1.37761 1.55643 1.46367 1.22332 -0.201219 0.887094 0.827692 0.720171 0.596709 0.537276 0.425347 0.293388 0.214652 0.187702 -0.170235 0.237276 0.228232 0.235204 0.238835 0.230143 0.212014 0.196552 0.176972 0.178462 0.166412 0.154422 0.146654 0.142635 0.132849 0.0832376
-9999 -9999 -9999 -9999 -9999 -9999 -9999 -9999 -8.56516 -3.46002 0.642477 2.78623 4.53156 5.01248 5.19345 4.44173 3.88027 2.50574 1.20441 -0.804602 -3.81519 -5.66771 -2.24814 2.72222 4.55581 4.41344 4.30104 3.31063 2.41826 2.30735 2.37661 1.33678 -0.177717 -2.15777 -2.77446 -3.467 -1.07305 -0.746328 -0.918759 1.7132 1.72139 1.57399 0.569736 -0.554803 -0.33951 -1.03637 -0.503823 -1.33435 -0.56944 0.0918032 0.339152 0.319325 0.231212 0.220588 0.181838 0.251809 0.251741 0.241713 0.23458 0.231685 0.223796 0.195297 0.18007 0.193244 0.172922 0.159294 0.145407 0.144457 0.140464 0.104141
-9999 -9999 -9999 -9999 -9999 -9999 -9999 -9999 -8.34422 -4.05049 -0.407963 1.77756 3.8789 4.36789 5.07841 4.92761 4.33935 3.14479 1.65191 -0.00111796 -2.58362 -4.50228 -2.21392 1.08628 3.45069 4.29774 4.2906 4.23586 4.01344 3.92331 3.66389 3.47859 2.39265 0.521679 -0.534288 -2.08053 0.587002 0.888135 0.473229 1.80553 1.74074 -0.269136 -1.81417 -2.00531 -1.06029 -1.95659 -2.11618 -2.67525 -2.04308 -0.350088 -0.843676 -0.745607 0.0211242 0.148119 0.22757 0.250247 0.245981 0.243625 0.232134 0.235865 0.239698 0.211657 0.199814 0.195014 0.167859 0.162283 0.143856 0.130207 0.117543 0.0987652
-9999 -9999 -9999 -9999 -9999 -9999 -9999 -9999 -8.25348 -5.36698 -2.08885 1.12848 3.37245 4.27873 4.93921 4.93422 4.24998 3.65731 2.7223 1.26821 0.271702 -1.46024 -3.83818 0.155692 1.38155 2.47418 2.93693 4.07754 4.05154 3.53152 2.92406 3.48792 3.32343 1.84341 1.35793 0.537039 2.0214 2.02673 1.98742 1.90975 0.211981 -2.14863 -4.0352 -2.67481 -2.95729 -2.33239 -4.26662 -2.67484 -1.39457 -0.978961 -1.8486 -2.49336 -0.498516 -0.169842 0.0275256 0.154426 0.238314 0.219696 0.241676 0.231739 0.227841 0.223457 0.208432 0.200136 0.184803 0.168977 0.151112 0.139697 0.118736 0.0924599
-9999 -9999 -9999 -9999 -9999 -9999 -9999 -9999 -9999 -7.06781 -2.91345 0.796666 2.86301 4.16318 4.79755 4.78797 4.43901 4.03712 3.45805 2.40953 1.09188 -0.991645 -2.53767 -1.55204 -0.351061 -0.216052 0.583711 2.89903 3.69111 2.57269 -0.197106 1.43808 3.2626 3.23451 3.08052 2.90815 2.68535 2.48639 2.04901 0.874537 -2.72709 -3.43278 -4.84456 -4.68227 -5.40592 -3.82112 -4.41527 -2.78742 -2.08165 -1.81495 -3.31892 -3.00109 -1.23572 -0.535332 -0.650653 -0.220182 0.190461 0.205484 0.218994 0.210317 0.22121 0.226628 0.221999 0.206141 0.194755 0.186885 0.152378 0.156856 0.0247058 -0.0605261
-9999 -9999 -9999 -9999 -9999 -9999 -9999 -9999 -9999 -7.89458 -3.74758 0.621603 2.02559 3.42719 4.63721 4.66268 4.12831 3.62032 3.09711 2.50123 0.902392 -0.64789 -2.12782 -2.62291 -2.32177 -2.34648 -1.05385 1.96199 2.54735 2.30015 -0.593486 -1.57095 0.866001 2.91436 3.07708 2.89311 0.486078 1.0009 -0.296652 -2.05705 -2.54013 -3.30955 -4.93771 -4.15137 -5.34373 -4.83044 -4.96969 -4.0451 -3.59395 -2.49464 -3.80518 -3.79932 -2.06612 -1.18973 -1.16667 -0.246576 0.0825398 0.170135 0.193697 0.211336 0.217604 0.234503 0.228588 0.217667 0.202367 0.161044 0.0589628 -0.264106 -2.0055 -2.0012
-9999 -9999 -9999 -9999 -9999 -9999 -9999 -9999 -9999 -7.41569 -4.5374 -0.6603 2.21212 2.39432 3.79188 4.51429 3.93304 3.27843 2.60874 2.31737 0.577034 -1.33484 -2.87906 -4.7074 -4.40338 -3.08648 -0.938482 1.0103 1.36026 0.959601 -0.591729 0.142265 1.80477 2.68832 2.95001 2.74695 2.22406 1.92272 0.967687 0.554853 -0.772205 -2.84826 -3.6649 -3.14483 -5.34923 -5.19362 -4.3766 -5.24589 -3.81633 -3.13178 -4.82421 -3.48179 -1.94604 -1.16026 -0.472969 -0.146775 -0.0156752 0.18465 0.191929 0.210819 0.222233 0.221758 0.22413 0.194417 0.17019 -0.0125735 -0.283343 -1.90609 -2.58515 -2.45021
-9999 -9999 -9999 -9999 -9999 -9999 -9999 -9999 -9999 -6.92613 -4.3344 -0.972394 1.07613 1.44418 2.99385 4.37212 4.22049 3.53931 3.33348 2.62757 1.15191 -0.478244 -2.26025 -3.12532 -5.11734 -3.15142 -1.60022 0.0504121 0.823594 -0.451183 -1.08907 0.0453622 1.17316 1.62465 2.76369 2.75468 2.38585 0.789719 0.0123963 0.343674 0.0108106 -0.573583 -2.0021 -2.0641 -2.98131 -3.36041 -3.71854 -4.88943 -4.14353 -4.068 -3.86767 -2.25347 -1.45356 -0.922687 -0.439589 -0.311537 -0.100362 0.173282 0.199253 0.211144 0.212133 0.219472 0.201748 0.126687 0.06371 -0.30642 -0.96339 -2.19113 -4.18631 -2.77935
-9999 -9999 -9999 -9999 -9999 -9999 -9999 -9999 -9999 -7.3682 -4.61503 -1.74135 -0.538772 -0.332994 2.47012 4.18733 4.19241 3.87064 3.49452 1.74733 1.85241 1.5049 -0.102413 -2.44477 -5.0176 -4.77375 -3.24041 -1.06283 -0.340443 -2.44755 -3.18985 -2.6405 -0.936009 0.589945 2.18319 2.58926 2.12424 -0.361346 -3.00288 -1.77489 -0.46294 -0.468319 -0.850867 -2.17566 -2.59527 -2.97509 -3.94155 -5.58194 -5.34223 -4.88541 -3.0553 -2.47448 -1.57777 -0.832715 -1.11154 -0.945876 -0.232734 0.177327 0.194714 0.204057 0.219601 0.212344 0.190082 0.0382369 -0.122747 -0.394385 -2.11062 -3.17719 -4.73078 -2.92415
-9999 -9999 -9999 -9999 -9999 -9999 -9999 -9999 -9999 -8.22074 -6.22225 -3.47541 -2.36721 -0.600614 2.04848 3.35252 3.97877 3.96724 3.71729 2.93619 2.46751 1.54169 -0.130517 -2.41792 -4.96088 -6.61559 -5.77107 -2.84432 -2.14955 -4.09272 -5.07852 -3.84639 -2.02997 0.658653 2.19563 2.40483 2.26792 1.7569 -0.171143 -2.50102 -2.49117 -1.31978 -2.29651 -3.43212 -2.80495 -2.91921 -3.87345 -4.56726 -4.995 -4.73184 -3.68677 -3.25361 -2.21786 -0.689761 -0.469477 -0.511078 0.133454 0.167511 0.184481 0.210729 0.211967 0.208062 0.190732 0.0671742 -0.212079 -1.35385 -2.34937 -3.73509 -3.90507 -2.29818
-9999 -9999 -9999 -9999 -9999 -9999 -9999 -9999 -9999 -9.68803 -7.33702 -4.7637 -2.35402 -0.0740939 1.88848 2.04213 3.07828 3.07918 3.62316 3.47022 2.74629 1.96686 0.526373 -2.41273 -4.88381 -7.579 -6.86577 -3.87945 -3.49185 -4.7913 -7.19372 -4.70906 -1.96918 0.514185 1.85942 0.808281 1.88951 1.80281 1.0816 -0.304596 -2.46103 -2.41836 -4.03405 -4.10272 -3.27041 -2.99925 -3.13617 -3.65661 -4.49167 -4.35195 -3.71724 -3.55443 -2.60242 -1.41659 -0.257157 -0.0608482 0.161825 0.173231 0.17879 0.198809 0.20309 0.180894 0.12355 -0.00588076 -0.96281 -2.10126 -2.80201 -3.76713 -3.88295 -2.02524
