Test_Spring_2018b/12_17/Temp/20171219_019.txt
ncols	170
nrows	115
xllcorner	350000.000000
yllcorner	4445000.000000
cellsize	1000.000000
nodata_value	-9999.000000
[rows 31 to 61 of 115, columns 70 to 139 of 170]
3.54832 4.2524 4.51524 4.03613 4.09043 5.26772 5.53078 5.51983 5.42946 5.32495 4.77818 4.59912 4.16951 3.40844 3.0931 1.73509 -2.66968 -1.41381 -0.917814 -2.1886 -1.46581 -0.294419 -1.29658 -4.28948 -5.57234 -7.64487 -6.96432 -7.57824 -9.24337 -9999 -9999 -9999 -9999 -9999 -9999 -9999 -9999 -9999 -9999 -9999 -9999 -9999 -9999 -9999 -9999 -9999 -9999 -9999 -9999 -9999 -9999 -9999 -9999 -9999 -9999 -9999 -9999 -9999 -9999 -9999 -9999 -9999 -9999 -9999 -9999 -9999 -9999 -9999 -9999 -9999
3.68227 4.00734 3.98344 3.52197 4.24958 4.91992 4.52683 4.27138 5.37175 5.37785 5.01106 4.14131 3.82596 3.49881 3.30078 2.18372 -0.961538 -3.79594 -2.26611 -2.22215 -3.26655 -1.36984 -2.35772 -4.94939 -8.6116 -6.60482 -7.11344 -9.69366 -10.3167 -9999 -9999 -9999 -9999 -9999 -9999 -9999 -9999 -9999 -9999 -9999 -9999 -9999 -9999 -9999 -9999 -9999 -9999 -9999 -9999 -9999 -9999 -9999 -9999 -9999 -9999 -9999 -9999 -9999 -9999 -9999 -9999 -9999 -9999 -9999 -9999 -9999 -9999 -9999 -9999 -9999
2.80224 3.60399 3.36488 3.16964 4.24812 4.23114 4.1795 4.57653 5.26346 5.40501 5.26589 4.89017 4.56577 4.22034 3.33428 2.05568 -0.635085 -3.86231 -4.58859 -2.99814 -2.91421 -2.65142 -3.55151 -4.68396 -6.46041 -4.98802 -4.40998 -6.10092 -8.32096 -9.73917 -9999 -9999 -9999 -9999 -9999 -9999 -9999 -9999 -9999 -9999 -9999 -9999 -9999 -9999 -9999 -9999 -9999 -9999 -9999 -9999 -9999 -9999 -9999 -9999 -9999 -9999 -9999 -9999 -9999 -9999 -9999 -9999 -9999 -9999 -9999 -9999 -9999 -9999 -9999 -9999
1.61922 2.99098 2.62568 1.59027 2.24224 2.73318 3.65285 3.89351 4.03476 5.32105 5.25977 5.20699 4.66704 4.23656 3.51903 2.28884 0.534678 -1.57861 -5.26311 -2.97953 -1.18951 -1.22724 -1.31661 -2.10786 -3.81483 -2.37019 -2.29348 -4.45307 -6.91713 -8.37124 -8.96708 -9999 -9999 -9999 -9999 -9999 -9999 -9999 -9999 -9999 -9999 -9999 -9999 -9999 -9999 -9999 -9999 -9999 -9999 -9999 -9999 -9999 -9999 -9999 -9999 -9999 -9999 -9999 -9999 -9999 -9999 -9999 -9999 -9999 -9999 -9999 -9999 -9999 -9999 -9999
-9999 2.13608 1.78427 0.518161 1.17393 2.04742 3.28448 3.93519 4.42293 4.81231 5.20935 5.16997 4.6174 2.97219 2.743 2.67825 1.53325 -0.877075 -3.28414 -3.90248 -1.17621 -0.390544 -0.541459 0.0736623 -1.37159 -0.676235 -0.949197 -1.70652 -4.0711 -6.24143 -7.1351 -8.91024 -9999 -9999 -9999 -9999 -9999 -9999 -9999 -9999 -9999 -9999 -9999 -9999 -9999 -9999 -9999 -9999 -9999 -9999 -9999 -9999 -9999 -9999 -9999 -9999 -9999 -9999 -9999 -9999 -9999 -9999 -9999 -9999 -9999 -9999 -9999 -9999 -9999 -9999
-9999 -9999 -9999 -9999 -0.270673 0.922205 1.90885 3.12102 4.15948 4.68447 5.19473 5.16117 4.05015 3.51022 3.46928 2.7214 1.39849 0.570647 -0.942574 -2.51941 -1.90777 0.417919 -0.606393 1.04376 0.912346 1.22207 0.131956 -1.92219 -4.68399 -6.2942 -7.0932 -8.5304 -9999 -9999 -9999 -9999 -9999 -9999 -9999 -9999 -9999 -9999 -9999 -9999 -9999 -9999 -9999 -9999 -9999 -9999 -9999 -9999 -9999 -9999 -9999 -9999 -9999 -9999 -9999 -9999 -9999 -9999 -9999 -9999 -9999 -9999 -9999 -9999 -9999 -9999
-9999 -9999 -9999 -9999 -9999 0.710317 1.46421 3.07199 3.91247 4.25577 5.07472 5.08374 4.66741 4.35476 3.89771 3.29842 2.30579 1.20978 -0.213284 -0.339234 1.15041 1.17519 0.871938 1.12232 1.89147 1.69789 0.0130782 -2.901 -4.44321 -7.57484 -8.91587 -8.76943 -9.71784 -9999 -9999 -9999 -9999 -9999 -9999 -9999 -9999 -9999 -9999 -9999 -9999 -5.95244 -9999 -9999 -9999 -9999 -9999 -9999 -9999 -9999 -9999 -9999 -9999 -9999 -9999 -9999 -9999 -9999 -9999 -9999 -9999 -9999 -11.552 -9999 -9999 -9999
-9999 -9999 -9999 -9999 0.560441 1.57112 2.35589 3.36627 3.47764 4.08164 5.02245 5.0435 4.75052 4.41835 3.66228 3.47999 2.91772 1.72703 1.48829 1.9795 2.20898 2.46836 2.63058 2.51047 2.20851 1.81657 0.744652 -0.608274 -1.51361 -4.37641 -5.8207 -7.20537 -9.30535 -10.9466 -9999 -9999 -9999 -9999 -9999 -9999 -9999 -7.0898 -7.15977 -7.11372 -6.64251 -5.35708 -6.09773 -9999 -9999 -9999 -9999 -9999 -9999 -9999 -9999 -9999 -9999 -9999 -9999 -9999 -9999 -9999 -9999 -9999 -9999 -9999 -10.4013 -12.0576 -9999 -9999
-9999 -9999 -9999 -9999 0.840154 1.89823 2.43011 3.41192 3.97697 4.35605 4.68731 5.00423 4.95989 4.59165 4.02734 4.03785 3.25685 2.8384 2.54111 3.20309 3.33847 3.0809 2.75654 2.47065 1.65119 1.56238 1.31635 0.460327 -0.949615 -2.4027 -4.49439 -7.34802 -10.1466 -12.4026 -9999 -9999 -9999 -9999 -9999 -9999 -6.86256 -5.79429 -5.15073 -6.49246 -5.32968 -4.2658 -4.42466 -5.42691 -9999 -9999 -9999 -9999 -9999 -9999 -9999 -9999 -9999 -9999 -9999 -9999 -9999 -9999 -2.54946 -4.24679 -7.68019 -9.43829 -10.4917 -11.9976 -9999 -9999
-9999 -9999 -9999 -9999 0.633934 1.8827 2.73123 3.48568 3.61289 4.38741 4.73464 4.90868 4.89693 4.83002 4.73195 4.05147 3.76223 2.72936 3.72896 3.69675 3.45055 2.46011 2.034 0.330058 -0.416143 -0.563048 0.882193 -0.172903 -2.38398 -5.14994 -8.47198 -8.67519 -9.77045 -11.7863 -9999 -9999 -9999 -9999 -9999 -9999 -6.53686 -5.39489 -4.43997 -4.29329 -5.62638 -3.74297 -3.79496 -4.83364 -5.06189 -4.19284 -3.74778 -4.05769 -3.02164 -2.71324 -3.16888 -2.65394 -9999 -9999 -9999 -9999 -2.32323 -2.24974 -2.1934 -2.89827 -6.64972 -9.2109 -11.5107 -11.7197 -9999 -9999
-9999 -9999 -9999 -9999 1.49599 2.26746 2.66145 2.73185 3.41049 4.08909 4.51439 4.82614 4.77334 4.75631 4.73737 4.50893 3.96892 4.07298 4.03419 3.72063 1.83005 -0.377432 0.592421 -0.717946 -3.51598 -1.21821 0.0443325 -1.15223 -3.83324 -6.94318 -7.95297 -7.89736 -9.4237 -11.3929 -9999 -9999 -9999 -9.6631 -8.0326 -7.88421 -7.39811 -5.87796 -4.71927 -3.83974 -3.23982 -3.23872 -3.85135 -4.8667 -5.97125 -5.56399 -3.54911 -3.05071 -2.62372 -2.30415 -2.72641 -2.49775 -1.95487 -1.67154 -1.60958 -1.73042 -1.75442 -1.70619 -1.76612 -2.42397 -5.77592 -7.69501 -8.91841 -11.3831 -9999 -9999
-9999 -9999 -9999 -9999 1.02222 1.69412 2.24012 3.13987 3.24276 3.81737 4.16267 4.6739 4.73812 4.16131 4.6514 4.5956 4.51136 4.32532 4.04974 2.45437 0.253533 -1.95269 -2.96837 -2.52104 -4.20636 -3.32556 -2.04641 -2.50453 -4.14877 -6.91858 -7.30222 -7.93802 -10.5053 -12.9812 -9999 -9999 -12.8202 -9.69847 -7.49832 -6.36001 -6.00234 -5.96109 -4.50341 -4.381 -2.81123 -3.15864 -5.21192 -4.96948 -5.75626 -5.22552 -4.48263 -4.27104 -3.1999 -2.17279 -1.97252 -1.96049 -1.61217 -1.53561 -1.51171 -1.51533 -1.74199 -1.63184 -1.61175 -2.02075 -4.4514 -5.63528 -6.93916 -11.3539 -9999 -9999
-9999 -9999 -9999 -9999 1.36616 2.11673 2.93847 3.07815 3.68958 3.63198 3.47019 4.32022 4.63886 4.23388 3.94396 4.49771 4.46565 4.3983 4.28347 2.78431 1.04859 -1.58135 -3.21347 -4.20331 -4.90815 -5.84807 -5.18783 -5.38024 -5.64045 -5.32478 -6.0815 -7.59541 -9.09791 -11.9132 -13.4352 -9999 -12.6531 -11.2411 -8.62595 -6.40229 -4.98795 -5.48666 -3.83032 -3.51598 -2.54909 -3.097 -4.3391 -4.86874 -4.90595 -5.05966 -3.93857 -3.17556 -2.63485 -2.27348 -1.82569 -1.70635 -1.58712 -1.53382 -1.5025 -1.4715 -1.47258 -1.47729 -1.52296 -1.67482 -2.79102 -3.972 -6.5295 -11.2078 -9999 -9999
-9999 -9999 -9999 -0.808935 1.28176 2.53603 3.02641 3.3828 3.69818 3.92898 4.17187 4.3956 4.5547 4.49998 3.41449 3.51003 3.71204 4.33722 4.2976 4.16601 3.21884 0.0175736 -1.0811 -2.69617 -4.78693 -5.6521 -5.20689 -3.48069 -3.5496 -4.67976 -5.94019 -7.68441 -8.79344 -10.5193 -13.8369 -13.5318 -12.0276 -10.907 -9.12796 -6.41155 -4.50506 -3.65014 -3.32216 -2.64084 -2.28366 -3.03964 -3.75686 -4.05214 -4.60823 -4.67677 -4.66093 -3.97874 -3.44137 -2.26163 -1.86098 -1.67365 -1.57482 -1.51894 -1.47723 -1.43683 -1.4201 -1.43858 -1.43404 -1.44028 -1.51907 -3.09371 -7.03794 -10.0099 -9999 -9999
-9999 -9999 -9999 -9999 0.897536 1.45331 1.60447 1.86367 2.38633 2.98786 3.83763 3.95429 4.4254 4.42942 3.4963 2.41529 3.36801 3.74919 4.14368 4.15958 4.04118 1.35305 -0.0512177 -1.15535 -3.15985 -2.42383 -1.72759 -1.66757 -2.07527 -4.50744 -6.92972 -9.72286 -12.3334 -12.4517 -13.8545 -13.1014 -12.106 -9.55929 -7.76535 -7.03431 -6.50715 -3.74502 -3.01741 -2.76275 -2.0477 -2.99913 -3.23103 -3.94236 -3.71561 -3.76676 -3.75039 -5.74062 -3.717 -3.58716 -2.26804 -1.66687 -1.52578 -1.48248 -1.43763 -1.42613 -1.41404 -1.41624 -1.39982 -1.41626 -1.43616 -2.45909 -7.46088 -9.97327 -9999 -9999
-9999 -9999 -9999 -9999 -9999 -9999 1.08758 1.51419 1.79088 2.26377 3.69576 4.0875 4.35033 4.37976 3.96715 2.89706 2.6192 2.8214 1.77567 2.65811 3.86568 3.84037 3.69954 1.33672 0.135014 1.31507 0.965944 -0.806552 -2.19964 -3.57436 -6.41159 -8.48543 -11.4783 -13.7243 -13.8029 -11.3107 -9.23946 -6.66264 -5.52263 -6.16288 -5.45718 -4.08029 -2.51761 -1.7569 -1.92426 -2.92765 -3.05777 -4.16064 -3.05282 -2.94646 -3.44325 -3.87092 -3.68029 -3.02139 -2.76359 -1.72981 -1.47298 -1.42026 -1.40618 -1.39664 -1.39658 -1.39876 -1.40836 -1.4166 -1.42878 -1.47306 -6.61477 -10.6166 -9999 -9999
-9999 -9999 -9999 -9999 -9999 -9999 0.100864 0.364002 1.0425 2.77176 3.68123 4.05352 4.04929 4.22521 3.93623 2.99543 2.02883 1.1169 -0.0607796 0.620179 2.41393 3.47345 3.59841 1.5279 2.61791 2.22055 1.43074 -0.889726 -2.59759 -3.49918 -6.2227 -8.55233 -10.541 -13.2901 -12.105 -10.8008 -9.12774 -6.31659 -4.41834 -3.63512 -4.28118 -3.399 -1.6021 -1.58302 -2.55134 -2.4769 -3.06088 -4.57222 -2.97366 -2.5145 -2.86122 -2.75488 -2.87355 -2.62071 -2.17056 -1.74036 -1.45195 -1.40634 -1.39519 -1.3991 -1.39527 -1.39086 -1.40778 -1.40388 -1.41627 -1.44064 -4.75897 -10.6927 -9999 -9999
-9999 -9999 -9999 -9999 -9999 -9999 -9999 -0.788647 0.748601 3.04116 3.6163 3.57278 4.05227 4.1004 3.65287 3.26464 2.08999 0.48251 -2.61025 -1.81636 -0.164752 2.21487 3.46807 3.3052 2.62054 1.42157 -1.48938 -4.03567 -4.33786 -4.74791 -6.73335 -8.52531 -10.7371 -9.44455 -8.02974 -6.48292 -5.66775 -5.87268 -4.24534 -2.91723 -3.47239 -2.39195 -1.13181 -1.69055 -2.01638 -2.28735 -2.96415 -2.99349 -2.9088 -1.99506 -2.60493 -2.20865 -2.18333 -2.19273 -1.96781 -1.71155 -1.44397 -1.39371 -1.38659 -1.37708 -1.4029 -1.38892 -1.40095 -1.41323 -1.42458 -1.44533 -1.74405 -4.94056 -6.84904 -9999
-9999 -9999 -9999 -9999 -9999 -9999 -9999 -2.19808 -1.42737 1.28598 2.12925 3.33238 3.97456 4.01099 3.25052 2.82905 1.07625 0.510878 -2.34953 -3.64175 -2.53581 -2.95213 0.323073 3.22226 2.60234 -3.23123 -5.33922 -6.84035 -6.44478 -6.43303 -6.97987 -10.0371 -10.8752 -8.12216 -6.38657 -5.04079 -4.01884 -3.80152 -3.83135 -1.75723 -1.47581 -0.796645 -0.934818 -0.863665 -1.89823 -2.53383 -1.95759 -2.59655 -2.69505 -1.75157 -2.65453 -1.81238 -1.89442 -2.13089 -2.13231 -1.57576 -1.45583 -1.38956 -1.37955 -1.39573 -1.41926 -1.43115 -1.41058 -1.41638 -1.44449 -1.44096 -1.46878 -1.84954 -3.5017 -4.07769
-9999 -9999 -9999 -9999 -9999 -9999 -9999 -9999 -3.94924 -0.181824 1.54333 2.45339 3.73134 3.89148 3.49128 2.75717 0.970974 -0.599336 -3.15572 -6.07604 -7.61992 -2.97693 1.06506 3.1777 2.91095 -1.94373 -3.85498 -3.93615 -2.79805 -3.74359 -4.45878 -6.77973 -7.46883 -8.42987 -7.82667 -5.95147 -4.42112 -2.94476 -1.86991 -1.7772 -1.07726 -0.670611 -0.630152 -0.496611 -0.60983 -0.69956 -1.69585 -0.987579 -1.56572 -1.23917 -1.42777 -1.59667 -1.73765 -2.30203 -1.8831 -1.51173 -1.40939 -1.37324 -1.38865 -1.38861 -1.39997 -1.43087 -1.44187 -1.4417 -1.44285 -1.45923 -1.45745 -1.47576 -1.65907 -2.65202
-9999 -9999 -9999 -9999 -9999 -9999 -9999 -9999 -5.82657 -2.07783 -0.267797 2.06003 3.26508 3.75444 3.69615 3.10225 1.74631 -0.297391 -1.99908 -5.25961 -8.64531 -3.77395 0.570515 2.91659 3.04709 -1.02743 0.112904 -0.794797 -0.41749 -2.08552 -2.77378 -3.31456 -4.51056 -5.81944 -7.24951 -8.0055 -4.5759 -2.81239 -1.39218 -0.719582 -0.336697 -0.14221 -0.236075 -0.482532 -1.99404 -0.824575 -0.875407 -0.979314 -1.09959 -1.15113 -1.25838 -1.38694 -1.4549 -1.47268 -1.84431 -1.40003 -1.40173 -1.38841 -1.38015 -1.38647 -1.40415 -1.42007 -1.44118 -1.43604 -1.44809 -1.46077 -1.46887 -1.47434 -1.48442 -1.53675
-9999 -9999 -9999 -9999 -9999 -9999 -9999 -9999 -11.0828 -5.6328 -1.24513 1.04537 2.90889 3.42541 3.62171 2.82298 2.22686 0.763369 -0.62222 -2.76261 -5.97113 -7.94449 -4.29645 1.00697 2.96986 2.82878 2.71403 1.66316 0.717044 0.60442 0.683946 -0.416675 -2.02198 -4.12976 -4.7835 -5.51899 -2.96312 -2.61202 -2.79324 0.0165008 0.0284799 -0.124906 -1.19133 -2.38442 -2.14812 -2.87789 -2.29781 -3.17335 -2.34682 -1.6304 -1.3551 -1.36468 -1.44305 -1.4432 -1.47474 -1.39054 -1.38344 -1.38829 -1.39144 -1.39142 -1.39794 -1.42745 -1.44356 -1.42986 -1.44608 -1.46053 -1.47364 -1.47566 -1.47934 -1.51731
-9999 -9999 -9999 -9999 -9999 -9999 -9999 -9999 -10.8413 -6.25604 -2.367 -0.0342613 2.21054 2.73552 3.49646 3.33856 2.71385 1.44238 -0.147403 -1.90802 -4.65989 -6.70368 -4.26065 -0.739903 1.78478 2.69918 2.7007 2.64742 2.41547 2.33095 2.05935 1.86981 0.715927 -1.27477 -2.39739 -4.04316 -1.19529 -0.871239 -1.31082 0.113086 0.0473614 -2.09222 -3.7354 -3.9339 -2.91879 -3.86721 -4.02561 -4.60657 -3.92226 -2.1062 -2.62218 -2.50637 -1.67314 -1.52757 -1.43191 -1.39965 -1.39722 -1.39397 -1.40171 -1.39444 -1.38817 -1.41681 -1.42888 -1.43388 -1.46293 -1.46144 -1.48064 -1.49618 -1.50699 -1.52601
-9999 -9999 -9999 -9999 -9999 -9999 -9999 -9999 -10.7402 -7.6612 -4.16102 -0.728421 1.66829 2.63815 3.34562 3.34317 2.61612 1.98657 0.991822 -0.556547 -1.61691 -3.46151 -5.9949 -1.73276 -0.424212 0.752347 1.25669 2.47797 2.45523 1.9057 1.27054 1.87625 1.70597 0.131424 -0.382707 -1.25476 0.331481 0.340279 0.301478 0.221885 -1.5852 -4.09877 -6.1062 -4.65018 -4.94542 -4.27073 -6.32198 -4.61731 -3.24208 -2.7884 -3.69965 -4.37678 -2.23438 -1.87192 -1.65288 -1.50983 -1.41362 -1.4278 -1.3998 -1.40692 -1.40858 -1.41159 -1.42658 -1.43479 -1.4507 -1.46714 -1.47693 -1.48976 -1.51115 -1.54124
-9999 -9999 -9999 -9999 -9999 -9999 -9999 -9999 -9999 -9.47037 -5.0392 -1.07904 1.12782 2.51738 3.1967 3.18913 2.81955 2.39347 1.77845 0.662823 -0.739748 -2.95899 -4.60487 -3.55067 -2.26856 -2.11273 -1.25544 1.21828 2.06765 0.879621 -2.06569 -0.315894 1.6341 1.60821 1.44787 1.26773 1.03613 0.827237 0.364085 -0.885032 -4.72239 -5.4734 -6.97457 -6.79643 -7.56237 -5.86419 -6.48607 -4.74145 -3.97956 -3.68542 -5.27932 -4.92523 -3.02907 -2.27302 -2.38749 -1.92068 -1.47322 -1.45163 -1.43262 -1.43821 -1.42378 -1.41592 -1.41932 -1.43775 -1.44912 -1.45676 -1.48285 -1.47846 -1.61819 -1.70765
-9999 -9999 -9999 -9999 -9999 -9999 -9999 -9999 -9999 -10.356 -5.92989 -1.26703 0.233352 1.73099 3.02418 3.05398 2.48664 1.94741 1.39195 0.759013 -0.943491 -2.59414 -4.16966 -4.69478 -4.3706 -4.3871 -3.00451 0.215957 0.844517 0.585252 -2.49052 -3.52887 -0.925923 1.26251 1.43986 1.24737 -1.31605 -0.763501 -2.1438 -4.01763 -4.52907 -5.34557 -7.07746 -6.23382 -7.49977 -6.946 -7.08137 -6.08727 -5.59752 -4.41611 -5.80445 -5.78385 -3.92205 -2.97888 -2.9463 -1.95773 -1.6002 -1.5011 -1.47118 -1.44846 -1.43865 -1.41819 -1.42258 -1.43267 -1.4476 -1.49031 -1.59771 -1.93003 -3.78704 -3.78067
-9999 -9999 -9999 -9999 -9999 -9999 -9999 -9999 -9999 -9.84602 -6.77311 -2.63519 0.4311 0.628216 2.12133 2.89435 2.27699 1.58135 0.869621 0.561371 -1.29212 -3.32852 -4.97276 -6.91993 -6.59292 -5.18562 -2.8843 -0.802158 -0.425006 -0.848293 -2.49258 -1.70599 0.0708153 1.01684 1.29964 1.08673 0.532694 0.2149 -0.800015 -1.2366 -2.64799 -4.85789 -5.72427 -5.16462 -7.50998 -7.33788 -6.4598 -7.37288 -5.84022 -5.10174 -6.89801 -5.44759 -3.80148 -2.9555 -2.215 -1.86018 -1.71408 -1.49488 -1.4823 -1.45807 -1.44247 -1.44012 -1.43517 -1.46473 -1.48859 -1.68155 -1.96829 -3.69672 -4.409 -4.26297
-9999 -9999 -9999 -9999 -9999 -9999 -9999 -9999 -9999 -9.32439 -6.55728 -2.96885 -0.781348 -0.386135 1.26914 2.74154 2.58228 1.85825 1.64112 0.890691 -0.680662 -2.41676 -4.31478 -5.23487 -7.35677 -5.2576 -3.593 -1.82919 -1.00107 -2.35036 -3.02716 -1.81381 -0.607524 -0.122474 1.09582 1.08975 0.699963 -0.998667 -1.82401 -1.46694 -1.81796 -2.43697 -3.95585 -4.01696 -4.98965 -5.38796 -5.76338 -6.99822 -6.1951 -6.10662 -5.87894 -4.14465 -3.28379 -2.71014 -2.18783 -2.04466 -1.8134 -1.51611 -1.48358 -1.46665 -1.46188 -1.45081 -1.46681 -1.5442 -1.60882 -2.00104 -2.69911 -4.00576 -6.12046 -4.6175
-9999 -9999 -9999 -9999 -9999 -9999 -9999 -9999 -9999 -9.79613 -6.85703 -3.78954 -2.50433 -2.28227 0.709666 2.54345 2.55123 2.21041 1.81157 -0.0494873 0.0648141 -0.303562 -2.01549 -4.5113 -7.25288 -6.99055 -5.34345 -3.01994 -2.24637 -4.4835 -5.272 -4.68296 -2.86195 -1.23129 0.471187 0.90764 0.415175 -2.23208 -5.04552 -3.7321 -2.32891 -2.33034 -2.73367 -4.14149 -4.58353 -4.9827 -6.00705 -7.7446 -7.47973 -6.98502 -5.0144 -4.38744 -3.42376 -2.6221 -2.91272 -2.72973 -1.96334 -1.52067 -1.49726 -1.48291 -1.46237 -1.4665 -1.4869 -1.64568 -1.81431 -2.10095 -3.92816 -5.06243 -6.71663 -4.77547
-9999 -9999 -9999 -9999 -9999 -9999 -9999 -9999 -9999 -10.7054 -8.57136 -5.63928 -4.45484 -2.56833 0.259257 1.65231 2.32245 2.31237 2.04797 1.21705 0.719292 -0.266043 -2.0474 -4.48486 -7.19488 -8.95762 -8.05501 -4.9235 -4.17685 -6.24235 -7.29092 -5.97408 -4.03404 -1.16373 0.478476 0.704761 0.562058 0.0205256 -2.03203 -4.51292 -4.49833 -3.24469 -4.28162 -5.48761 -4.81328 -4.92926 -5.94069 -6.67403 -7.11597 -6.82094 -5.69464 -5.22547 -4.11385 -2.47742 -2.23606 -2.27435 -1.58131 -1.53971 -1.51674 -1.48423 -1.47872 -1.47896 -1.4937 -1.62186 -1.91612 -3.13022 -4.18829 -5.66243 -5.83992 -4.11145
-9999 -9999 -9999 -9999 -9999 -9999 -9999 -9999 -9999 -12.2702 -9.76037 -7.01346 -4.44116 -2.00729 0.0880449 0.254151 1.36134 1.36439 1.94654 1.78538 1.01519 0.185769 -1.34873 -4.48149 -7.11518 -9.98789 -9.22567 -6.02912 -5.60838 -6.99192 -9.55169 -6.89947 -3.97498 -1.32393 0.113477 -1.0046 0.151604 0.0624619 -0.703115 -2.1776 -4.47322 -4.42323 -6.14148 -6.20952 -5.31632 -5.02122 -5.16099 -5.70952 -6.5877 -6.4222 -5.734 -5.55337 -4.53129 -3.26014 -2.01744 -1.80222 -1.55923 -1.54187 -1.53106 -1.5051 -1.49615 -1.51561 -1.57267 -1.70667 -2.72319 -3.93326 -4.67648 -5.70155 -5.82081 -3.83585
