Test_Spring_2018b/12_17/Temp/20171222_014.txt
ncols	170
nrows	115
xllcorner	350000.000000
yllcorner	4445000.000000
cellsize	1000.000000
nodata_value	-9999.000000
[rows 31 to 61 of 115, columns 70 to 139 of 170]
7.35934 8.01706 8.25305 7.78013 7.81667 8.91177 9.14709 9.12068 9.00452 8.88916 8.35171 8.16584 7.74087 6.99944 6.68378 5.372 1.14966 2.33395 2.79186 1.56148 2.23468 3.33566 2.35976 -0.518381 -1.76369 -3.76378 -3.14874 -3.76058 -5.3729 -9999 -9999 -9999 -9999 -9999 -9999 -9999 -9999 -9999 -9999 -9999 -9999 -9999 -9999 -9999 -9999 -9999 -9999 -9999 -9999 -9999 -9999 -9999 -9999 -9999 -9999 -9999 -9999 -9999 -9999 -9999 -9999 -9999 -9999 -9999 -9999 -9999 -9999 -9999 -9999 -9999
7.47644 7.77251 7.73499 7.27932 7.95935 8.58463 8.17931 7.90892 8.94034 8.9306 8.56493 7.71907 7.40297 7.07571 6.87179 5.78991 2.77048 0.0476623 1.49315 1.51885 0.50438 2.2987 1.33706 -1.15706 -4.67429 -2.7769 -3.28258 -5.7861 -6.41362 -9999 -9999 -9999 -9999 -9999 -9999 -9999 -9999 -9999 -9999 -9999 -9999 -9999 -9999 -9999 -9999 -9999 -9999 -9999 -9999 -9999 -9999 -9999 -9999 -9999 -9999 -9999 -9999 -9999 -9999 -9999 -9999 -9999 -9999 -9999 -9999 -9999 -9999 -9999 -9999 -9999
6.6252 7.3769 7.13415 6.93311 7.94857 7.91755 7.83938 8.1916 8.8278 8.94738 8.79904 8.42488 8.09987 7.75489 6.89352 5.65716 3.07176 -0.0262812 -0.73571 0.767447 0.831147 1.06524 0.18806 -0.911533 -2.62672 -1.23901 -0.705877 -2.3546 -4.51169 -5.90129 -9999 -9999 -9999 -9999 -9999 -9999 -9999 -9999 -9999 -9999 -9999 -9999 -9999 -9999 -9999 -9999 -9999 -9999 -9999 -9999 -9999 -9999 -9999 -9999 -9999 -9999 -9999 -9999 -9999 -9999 -9999 -9999 -9999 -9999 -9999 -9999 -9999 -9999 -9999 -9999
5.48481 6.78128 6.41826 5.41494 6.02322 6.47752 7.31803 7.52601 7.64511 8.85806 8.78392 8.71802 8.18691 7.76047 7.05991 5.86966 4.17887 2.14493 -1.39003 0.775501 2.46925 2.41677 2.31455 1.54148 -0.106683 1.2552 1.31014 -0.796822 -3.19051 -4.59829 -5.18603 -9999 -9999 -9999 -9999 -9999 -9999 -9999 -9999 -9999 -9999 -9999 -9999 -9999 -9999 -9999 -9999 -9999 -9999 -9999 -9999 -9999 -9999 -9999 -9999 -9999 -9999 -9999 -9999 -9999 -9999 -9999 -9999 -9999 -9999 -9999 -9999 -9999 -9999 -9999
-9999 5.9549 5.60501 4.38153 4.99359 5.81338 6.96941 7.55941 8.00705 8.36313 8.7266 8.6733 8.12993 6.54299 6.30875 6.23166 5.12277 2.80521 0.490688 -0.115398 2.47306 3.20756 3.04708 3.61793 2.22032 2.86706 2.58855 1.83407 -0.469488 -2.56751 -3.43928 -5.15277 -9999 -9999 -9999 -9999 -9999 -9999 -9999 -9999 -9999 -9999 -9999 -9999 -9999 -9999 -9999 -9999 -9999 -9999 -9999 -9999 -9999 -9999 -9999 -9999 -9999 -9999 -9999 -9999 -9999 -9999 -9999 -9999 -9999 -9999 -9999 -9999 -9999 -9999
-9999 -9999 -9999 -9999 3.60478 4.71962 5.64265 6.77357 7.74681 8.23225 8.70366 8.65571 7.57871 7.04737 6.99284 6.26321 4.98444 4.17864 2.71817 1.19686 1.76583 3.97182 2.97755 4.53757 4.39543 4.67428 3.61566 1.60889 -1.05871 -2.62146 -3.40245 -4.7928 -9999 -9999 -9999 -9999 -9999 -9999 -9999 -9999 -9999 -9999 -9999 -9999 -9999 -9999 -9999 -9999 -9999 -9999 -9999 -9999 -9999 -9999 -9999 -9999 -9999 -9999 -9999 -9999 -9999 -9999 -9999 -9999 -9999 -9999 -9999 -9999 -9999 -9999
-9999 -9999 -9999 -9999 -9999 4.50899 5.20948 6.72953 7.5026 7.81428 8.58033 8.57281 8.15918 7.84478 7.39271 6.80502 5.84183 4.78007 3.40601 3.27096 4.67902 4.68762 4.38258 4.60597 5.32447 5.12295 3.4843 0.669439 -0.821351 -3.8482 -5.14668 -5.02406 -5.94693 -9999 -9999 -9999 -9999 -9999 -9999 -9999 -9999 -9999 -9999 -9999 -9999 -2.56126 -9999 -9999 -9999 -9999 -9999 -9999 -9999 -9999 -9999 -9999 -9999 -9999 -9999 -9999 -9999 -9999 -9999 -9999 -9999 -9999 -8.26836 -9999 -9999 -9999
-9999 -9999 -9999 -9999 4.38197 5.31922 6.05322 7.00237 7.08263 7.63982 8.52199 8.52572 8.2297 7.89652 7.15875 6.96942 6.41746 5.2655 5.02302 5.47787 5.68265 5.91579 6.05579 5.9257 5.62143 5.23072 4.16494 2.85519 1.97282 -0.789778 -2.19335 -3.53306 -5.55569 -7.1398 -9999 -9999 -9999 -9999 -9999 -9999 -9999 -3.58039 -3.66357 -3.63638 -3.20354 -1.99341 -2.719 -9999 -9999 -9999 -9999 -9999 -9999 -9999 -9999 -9999 -9999 -9999 -9999 -9999 -9999 -9999 -9999 -9999 -9999 -9999 -7.17102 -8.76609 -9999 -9999
-9999 -9999 -9999 -9999 4.62911 5.62443 6.11663 7.03815 7.56125 7.89419 8.19381 8.47989 8.42115 8.05338 7.49874 7.49362 6.73289 6.31885 6.0208 6.63918 6.75451 6.49429 6.16992 5.88184 5.08354 4.9826 4.70699 3.87188 2.50748 1.10185 -0.929613 -3.67236 -6.3621 -8.53319 -9999 -9999 -9999 -9999 -9999 -9999 -3.34782 -2.34321 -1.74479 -3.04328 -1.95001 -0.951777 -1.12201 -2.11761 -9999 -9999 -9999 -9999 -9999 -9999 -9999 -9999 -9999 -9999 -9999 -9999 -9999 -9999 0.378408 -1.25577 -4.5482 -6.24036 -7.25945 -8.71074 -9999 -9999
-9999 -9999 -9999 -9999 4.4257 5.60296 6.39732 7.10129 7.20572 7.92498 8.23135 8.38066 8.35283 8.27275 8.16345 7.49838 7.20757 6.20693 7.14804 7.10375 6.85504 5.89521 5.47404 3.83175 3.10368 2.9253 4.28859 3.26321 1.13344 -1.52638 -4.7232 -4.94315 -6.00575 -7.94718 -9999 -9999 -9999 -9999 -9999 -9999 -3.03704 -1.96187 -1.06597 -0.942789 -2.23379 -0.453043 -0.539706 -1.55137 -1.78906 -0.978606 -0.572974 -0.896643 0.0711355 0.348358 -0.103551 0.37233 -9999 -9999 -9999 -9999 0.617206 0.674452 0.715515 0.0295665 -3.56645 -6.02553 -8.235 -8.45214 -9999 -9999
-9999 -9999 -9999 -9999 5.24335 5.96443 6.32427 6.37441 7.0051 7.63217 8.01371 8.2909 8.22401 8.1918 8.15833 7.92537 7.39538 7.4811 7.43072 7.11805 5.29896 3.17691 4.08944 2.82576 0.127412 2.29625 3.48487 2.32417 -0.254678 -3.24328 -4.23139 -4.20325 -5.67751 -7.57144 -9999 -9999 -9999 -5.9776 -4.43425 -4.30679 -3.85711 -2.42024 -1.32929 -0.509589 0.0456234 0.0160612 -0.593324 -1.58343 -2.65892 -2.29032 -0.385937 0.0702618 0.447965 0.735433 0.31508 0.519395 1.02252 1.27844 1.32359 1.19472 1.15883 1.19231 1.12272 0.482113 -2.73456 -4.58009 -5.76119 -8.13351 -9999 -9999
-9999 -9999 -9999 -9999 4.78288 5.40867 5.91351 6.75284 6.83338 7.36432 7.67306 8.13869 8.18343 7.61645 8.06926 8.00135 7.90694 7.71588 7.43968 5.90301 3.78793 1.66743 0.683645 1.08783 -0.537419 0.278874 1.48334 1.02908 -0.557924 -3.22165 -3.60597 -4.23564 -6.71092 -9.09159 -9999 -9999 -8.98127 -6.01309 -3.9252 -2.85177 -2.52443 -2.49997 -1.1233 -1.02297 0.45894 0.0985375 -1.88696 -1.67588 -2.45488 -1.96916 -1.27957 -1.09777 -0.101237 0.858929 1.03289 1.02792 1.34504 1.40344 1.41231 1.39559 1.16637 1.2593 1.26649 0.863918 -1.46972 -2.61252 -3.87375 -8.10419 -9999 -9999
-9999 -9999 -9999 -9999 5.10218 5.80265 6.57053 6.68644 7.25262 7.18071 7.00476 7.79895 8.08222 7.67935 7.38716 7.90165 7.85734 7.77995 7.65767 6.21326 4.54281 2.01786 0.445484 -0.521926 -1.21069 -2.13225 -1.51896 -1.72049 -1.987 -1.70348 -2.44389 -3.91228 -5.36421 -8.07439 -9.54307 -9999 -8.82376 -7.48839 -5.00367 -2.89312 -1.55609 -2.04714 -0.480564 -0.196895 0.700729 0.157909 -1.05317 -1.58067 -1.63745 -1.80571 -0.756259 -0.0551686 0.434406 0.760589 1.16852 1.26578 1.36391 1.40006 1.4161 1.43263 1.41917 1.40272 1.34745 1.19087 0.113149 -1.02967 -3.48464 -7.96668 -9999 -9999
-9999 -9999 -9999 3.0415 5.01755 6.19881 6.6498 6.97234 7.25537 7.45743 7.6682 7.86455 7.99916 7.92777 6.87574 6.95273 7.13225 7.71667 7.66654 7.52875 6.61182 3.54139 2.47265 0.915481 -1.09705 -1.94749 -1.53984 0.0910257 0.00696789 -1.09085 -2.31295 -4.00095 -5.07723 -6.7418 -9.92955 -9.65205 -8.2286 -7.17109 -5.48465 -2.90303 -1.09556 -0.293355 0.00452554 0.632481 0.954966 0.211903 -0.497838 -0.801426 -1.35456 -1.44221 -1.44927 -0.81965 -0.333606 0.767293 1.13155 1.29207 1.37057 1.40914 1.43519 1.4609 1.46472 1.43546 1.42851 1.41141 1.32252 -0.193192 -3.97405 -6.82602 -9999 -9999
-9999 -9999 -9999 -9999 4.64683 5.16055 5.28719 5.51657 5.99729 6.55321 7.34353 7.43711 7.86987 7.85729 6.94899 5.90231 6.79914 7.15075 7.51554 7.51889 7.39382 4.8096 3.45428 2.38488 0.454636 1.13383 1.78104 1.82012 1.4122 -0.929539 -3.26168 -5.95157 -8.46197 -8.59107 -9.94643 -9.24344 -8.30573 -5.88574 -4.18468 -3.49914 -3.00891 -0.384674 0.290824 0.515412 1.17948 0.250578 0.00408653 -0.697475 -0.503464 -0.575164 -0.582432 -2.50623 -0.600912 -0.497703 0.742553 1.29465 1.41254 1.43907 1.46819 1.46647 1.46612 1.4527 1.45745 1.42921 1.39803 0.409305 -4.38028 -6.79313 -9999 -9999
-9999 -9999 -9999 -9999 -9999 -9999 4.7894 5.17846 5.42401 5.85689 7.20332 7.55962 7.79345 7.80519 7.39568 6.35859 6.08016 6.261 5.25026 6.08152 7.22069 7.18325 7.03474 4.76297 3.59319 4.70292 4.35141 2.63988 1.29052 -0.0413218 -2.77 -4.77277 -7.64846 -9.80996 -9.90014 -7.53383 -5.56988 -3.12089 -2.0442 -2.66825 -2.00721 -0.70903 0.767276 1.47616 1.29721 0.318435 0.168923 -0.907059 0.128073 0.206294 -0.291704 -0.723535 -0.569432 0.0386351 0.264672 1.23324 1.46115 1.4941 1.4939 1.49043 1.47879 1.46566 1.44439 1.42541 1.40256 1.34883 -3.57426 -7.40969 -9999 -9999
-9999 -9999 -9999 -9999 -9999 -9999 3.84307 4.07585 4.70514 6.33806 7.18543 7.52323 7.50208 7.65388 7.36261 6.44979 5.51326 4.62999 3.49286 4.13104 5.83174 6.8305 6.93583 4.94321 5.96257 5.56544 4.79288 2.55782 0.907704 0.0277057 -2.59243 -4.83951 -6.75603 -9.39801 -8.28112 -7.0496 -5.46482 -2.79246 -0.991334 -0.255621 -0.886853 -0.0591051 1.641 1.6415 0.697425 0.748088 0.16492 -1.30149 0.202111 0.616991 0.261964 0.339823 0.198234 0.418062 0.827508 1.21927 1.47716 1.50478 1.5008 1.48457 1.47667 1.46939 1.44224 1.43503 1.41215 1.37758 -1.80369 -7.48444 -9999 -9999
-9999 -9999 -9999 -9999 -9999 -9999 -9999 2.9712 4.42083 6.59192 7.12006 7.06087 7.50196 7.53188 7.08934 6.70447 5.5694 4.02168 1.05538 1.8014 3.36627 5.62593 6.8089 6.6384 5.96259 4.79973 2.00104 -0.449723 -0.757125 -1.16758 -3.08268 -4.81611 -6.94571 -5.72712 -4.39083 -2.9275 -2.16216 -2.37051 -0.828227 0.427796 -0.116088 0.901127 2.08861 1.53725 1.20695 0.927702 0.255881 0.205043 0.262505 1.11149 0.50496 0.859604 0.855427 0.82458 1.01871 1.24417 1.48203 1.51403 1.50655 1.50298 1.46666 1.46885 1.44646 1.42388 1.40208 1.37106 1.07419 -1.99187 -3.8272 -9999
-9999 -9999 -9999 -9999 -9999 -9999 -9999 1.62151 2.33913 4.9124 5.69686 6.82874 7.4255 7.44448 6.70319 6.2867 4.59899 4.04678 1.30253 0.0554191 1.09896 0.687849 3.80216 6.55653 5.94247 0.352676 -1.67893 -3.13123 -2.772 -2.77941 -3.32022 -6.2622 -7.07952 -4.46585 -2.82313 -1.55185 -0.589044 -0.394597 -0.435152 1.53365 1.78846 2.42243 2.27435 2.3248 1.31767 0.690305 1.21551 0.582532 0.465166 1.34268 0.456298 1.23692 1.1302 0.882475 0.860391 1.37265 1.46944 1.51668 1.51168 1.48363 1.44973 1.42667 1.43541 1.41903 1.38122 1.37339 1.33531 0.958855 -0.63165 -1.19447
-9999 -9999 -9999 -9999 -9999 -9999 -9999 -9999 -0.0726913 3.50776 5.13484 5.98713 7.19148 7.3289 6.92968 6.2154 4.49663 2.9844 0.530404 -2.27129 -3.76005 0.661389 4.50808 6.51113 6.23426 1.57967 -0.263821 -0.35954 0.709201 -0.212367 -0.913754 -3.15235 -3.82726 -4.76118 -4.20011 -2.42537 -0.97666 0.421352 1.43581 1.51183 2.16727 2.53961 2.56226 2.67249 2.54568 2.44003 1.46338 2.11763 1.54247 1.83105 1.62736 1.44254 1.27968 0.718933 1.09852 1.434 1.51403 1.5316 1.50279 1.4901 1.4677 1.42752 1.40415 1.39338 1.38125 1.35435 1.34448 1.31416 1.12668 0.165555
-9999 -9999 -9999 -9999 -9999 -9999 -9999 -9999 -1.86866 1.69437 3.40276 5.60969 6.73974 7.19298 7.12372 6.54335 5.23548 3.27092 1.63314 -1.49374 -4.74043 -0.100593 4.03267 6.25873 6.36778 2.45196 3.52364 2.63873 2.9811 1.36974 0.694398 0.156313 -1.0026 -2.26868 -3.65357 -4.38999 -1.12672 0.545318 1.88944 2.51915 2.8716 3.04329 2.93802 2.68259 1.22044 2.31796 2.24472 2.1237 1.98641 1.91437 1.78892 1.64316 1.55032 1.51205 1.13679 1.54067 1.52108 1.51819 1.51188 1.49295 1.46428 1.43815 1.40761 1.39847 1.37501 1.35151 1.33211 1.31391 1.29185 1.22916
-9999 -9999 -9999 -9999 -9999 -9999 -9999 -9999 -6.89213 -1.70357 2.45976 4.63235 6.39767 6.87698 7.05093 6.27486 5.69266 4.28215 2.94611 0.888975 -2.18868 -4.08689 -0.616366 4.43507 6.29106 6.13238 6.00555 4.98427 4.06291 3.93768 3.99612 2.92337 1.36738 -0.660719 -1.30079 -2.0167 0.411708 0.73432 0.548453 3.21933 3.21729 3.0566 2.02288 0.866242 1.07447 0.353891 0.883647 0.0261644 0.793923 1.45611 1.69674 1.66529 1.56288 1.53997 1.49012 1.55076 1.54061 1.52035 1.50303 1.48995 1.47166 1.4322 1.40607 1.40867 1.3771 1.35197 1.32626 1.31117 1.29514 1.24611
-9999 -9999 -9999 -9999 -9999 -9999 -9999 -9999 -6.67248 -2.3134 1.38582 3.59887 5.72865 6.21613 6.92944 6.76543 6.15581 4.92854 3.39725 1.70267 -0.938966 -2.90459 -0.584793 2.7634 5.16005 6.00922 5.99012 5.92217 5.68344 5.57752 5.30138 5.09918 3.98172 2.06332 0.97698 -0.608628 2.09842 2.3949 1.96195 3.3088 3.23234 1.17431 -0.410335 -0.615939 0.335399 -0.588851 -0.76431 -1.34449 -0.711868 1.00144 0.485706 0.574525 1.34291 1.46174 1.53176 1.54466 1.53019 1.5177 1.49587 1.48949 1.48308 1.44406 1.42135 1.40564 1.36696 1.35027 1.32011 1.29194 1.26727 1.23627
-9999 -9999 -9999 -9999 -9999 -9999 -9999 -9999 -6.58468 -3.65843 -0.33037 2.93347 5.20849 6.121 6.78324 6.76766 6.06016 5.4459 4.48282 2.99082 1.96476 0.189319 -2.2444 1.81257 3.04708 4.14651 4.60374 5.75347 5.71488 5.17318 4.54141 5.10444 4.92387 3.40535 2.90015 2.05341 3.55511 3.55018 3.49977 3.41022 1.6702 -0.745168 -2.67776 -1.30284 -1.60161 -0.976575 -2.95984 -1.35142 -0.058629 0.353437 -0.542519 -1.21034 0.809015 1.13266 1.32337 1.44241 1.51769 1.48857 1.50079 1.48042 1.4661 1.45114 1.42519 1.40593 1.37934 1.3521 1.32277 1.29688 1.26378 1.2233
-9999 -9999 -9999 -9999 -9999 -9999 -9999 -9999 -9999 -5.39603 -1.1783 2.59009 4.68414 5.99787 6.63344 6.6131 6.24705 5.82701 5.22639 4.14739 2.79404 0.66032 -0.926048 0.0663831 1.27497 1.39888 2.20154 4.54811 5.34306 4.19193 1.35637 3.00864 4.85626 4.81685 4.64935 4.46325 4.22679 4.01368 3.55768 2.35077 -1.32875 -2.0594 -3.50843 -3.35411 -4.10238 -2.49974 -3.11794 -1.47101 -0.763361 -0.502889 -2.04608 -1.73565 0.051367 0.754416 0.626636 1.05494 1.46413 1.46922 1.47275 1.45362 1.45432 1.44933 1.43397 1.40584 1.38321 1.36404 1.31767 1.30781 1.16152 1.06301
-9999 -9999 -9999 -9999 -9999 -9999 -9999 -9999 -9999 -6.24557 -2.03235 2.40736 3.8266 5.24353 6.46541 6.48065 5.92559 5.39736 4.85355 4.23558 2.59577 1.00526 -0.513747 -1.02965 -0.734557 -0.776626 0.528278 3.58863 4.17316 3.90966 0.945492 -0.0614204 2.4101 4.48592 4.64101 4.44303 1.9805 2.49445 1.16213 -0.64175 -1.14452 -1.93909 -3.60854 -2.81846 -4.04415 -3.53236 -3.68783 -2.75721 -2.30883 -1.20011 -2.54617 -2.55365 -0.799432 0.0828923 0.0960339 1.02306 1.3481 1.4271 1.44084 1.44847 1.44441 1.45107 1.43435 1.41241 1.38588 1.33274 1.21762 0.877273 -0.911287 -0.918401
-9999 -9999 -9999 -9999 -9999 -9999 -9999 -9999 -9999 -5.76208 -2.84134 1.09702 4.01205 4.18669 5.59949 6.32458 5.72165 5.04396 4.35084 4.04303 2.25905 0.30019 -1.28427 -3.15827 -2.86017 -1.53034 0.640647 2.61415 2.95901 2.53931 0.942323 1.6789 3.3615 4.25072 4.50658 4.28909 3.74586 3.42833 2.44486 2.01369 0.651141 -1.47449 -2.31723 -1.79836 -4.05495 -3.90747 -3.08624 -3.98553 -2.54037 -1.85408 -3.58912 -2.23597 -0.682097 0.107901 0.797656 1.11963 1.24289 1.43667 1.43377 1.44264 1.44382 1.43278 1.42455 1.38353 1.348 1.15089 0.864054 -0.800082 -1.50643 -1.38029
-9999 -9999 -9999 -9999 -9999 -9999 -9999 -9999 -9999 -5.26776 -2.63901 0.774543 2.85018 3.21403 4.78167 6.17477 6.00938 5.30455 5.08388 4.35374 2.83936 1.1675 -0.659158 -1.55183 -3.59261 -1.60153 -0.0386807 1.63122 2.40733 1.09166 0.430613 1.57513 2.71302 3.16209 4.31165 4.29178 3.90542 2.26884 1.46637 1.79318 1.4434 0.837318 -0.628724 -0.702765 -1.64805 -2.04521 -2.42102 -3.62757 -2.87878 -2.81283 -2.62062 -0.989778 -0.185496 0.344807 0.826514 0.94659 1.15137 1.4198 1.4359 1.43762 1.42817 1.42512 1.39646 1.30932 1.23441 0.84654 0.166419 -1.09519 -3.14219 -1.7201
-9999 -9999 -9999 -9999 -9999 -9999 -9999 -9999 -9999 -5.72254 -2.92941 -0.013416 1.20036 1.3988 4.2432 5.98147 5.97562 5.63684 5.24265 3.45172 3.54761 3.18239 1.53372 -0.863809 -3.49618 -3.25929 -1.7106 0.491995 1.21644 -0.94723 -1.71462 -1.16611 0.559244 2.10282 3.71503 4.11796 3.63356 1.09085 -1.61071 -0.370448 0.955315 0.939088 0.538596 -0.8218 -1.26013 -1.65796 -2.65341 -4.33709 -4.10506 -3.65064 -1.8011 -1.22009 -0.317197 0.431263 0.136772 0.295117 1.01121 1.41856 1.42589 1.425 1.43039 1.4125 1.37928 1.21399 1.03934 0.751914 -1.00715 -2.10443 -3.70114 -1.87212
-9999 -9999 -9999 -9999 -9999 -9999 -9999 -9999 -9999 -6.5955 -4.57127 -1.7846 -0.66708 1.12124 3.80864 5.12591 5.75277 5.72994 5.46425 4.65743 4.16885 3.21451 1.49978 -0.841719 -3.44362 -5.14072 -4.29191 -1.32804 -0.634554 -2.62844 -3.64386 -2.39981 -0.560467 2.16748 3.72233 3.92466 3.77445 3.24318 1.26842 -1.1157 -1.11637 0.0661962 -0.939553 -2.10718 -1.47912 -1.60636 -2.58932 -3.30698 -3.75659 -3.50034 -2.44961 -2.01901 -0.974502 0.571616 0.785523 0.732694 1.37885 1.40314 1.41003 1.42636 1.4172 1.40276 1.37462 1.23823 0.943194 -0.230513 -1.25526 -2.67753 -2.86135 -1.23897
-9999 -9999 -9999 -9999 -9999 -9999 -9999 -9999 -9999 -8.09475 -5.71154 -3.10176 -0.658568 1.65257 3.64051 3.7858 4.83015 4.81994 5.36298 5.19606 4.44745 3.64227 2.16361 -0.841724 -3.37036 -6.12734 -5.41225 -2.38325 -2.0104 -3.3454 -5.80394 -3.28397 -0.503934 2.01488 3.37435 2.29274 3.38341 3.28435 2.53896 1.11617 -1.09126 -1.05849 -2.71509 -2.79579 -1.9587 -1.69328 -1.84358 -2.38461 -3.24774 -3.11859 -2.48593 -2.33074 -1.37155 -0.174138 0.996439 1.18593 1.40231 1.4035 1.39875 1.40874 1.4027 1.36969 1.30085 1.15856 0.173282 -0.99693 -1.72128 -2.71496 -2.84348 -0.96497
