Test_Spring_2018b/12_17/Temp/20171204_010.txt
ncols	170
nrows	115
xllcorner	350000.000000
yllcorner	4445000.000000
cellsize	1000.000000
nodata_value	-9999.000000
[rows 32 to 63 of 115, columns 72 to 143 of 170]
10.2531 9.94915 10.4282 10.8695 10.6009 10.4248 11.1456 11.1488 10.9065 10.3332 10.1252 9.90952 9.77897 9.0431 6.97133 5.10413 6.11107 6.13909 5.44992 6.69747 6.04475 4.33535 1.92048 3.23903 2.90061 1.18427 0.765977 -9999 -9999 -9999 -9999 -9999 -9999 -9999 -9999 -9999 -9999 -9999 -9999 -9999 -9999 -9999 -9999 -9999 -9999 -9999 -9999 -9999 -9999 -9999 -9999 -9999 -9999 -9999 -9999 -9999 -9999 -9999 -9999 -9999 -9999 -9999 -9999 -9999 -9999 -9999 -9999 -9999 -9999 -9999 -9999 -9999
9.85158 9.72316 10.4335 10.4222 10.3768 10.6324 11.0809 11.1732 11.0808 10.8327 10.6186 10.3908 9.80695 8.96459 7.1921 5.06617 4.58727 5.63399 5.68822 5.85994 5.26543 4.51756 3.34522 4.31235 4.69022 3.56518 2.09042 1.14277 -9999 -9999 -9999 -9999 -9999 -9999 -9999 -9999 -9999 -9999 -9999 -9999 -9999 -9999 -9999 -9999 -9999 -9999 -9999 -9999 -9999 -9999 -9999 -9999 -9999 -9999 -9999 -9999 -9999 -9999 -9999 -9999 -9999 -9999 -9999 -9999 -9999 -9999 -9999 -9999 -9999 -9999 -9999 -9999
9.37083 8.68919 9.11872 9.44204 10.0304 10.1862 10.2782 11.1244 11.0832 11.0477 10.6915 10.4076 9.93462 9.12409 7.96845 6.57625 4.14909 5.65253 6.83067 6.80478 6.7446 6.22186 5.09573 6.04506 6.09323 4.65585 3.01433 2.05435 1.6598 -9999 -9999 -9999 -9999 -9999 -9999 -9999 -9999 -9999 -9999 -9999 -9999 -9999 -9999 -9999 -9999 -9999 -9999 -9999 -9999 -9999 -9999 -9999 -9999 -9999 -9999 -9999 -9999 -9999 -9999 -9999 -9999 -9999 -9999 -9999 -9999 -9999 -9999 -9999 -9999 -9999 -9999 -9999
8.82307 7.98956 8.42163 8.99691 9.80431 10.2195 10.5406 10.796 11.0565 11.0297 10.6651 9.58095 9.42957 9.3866 8.63221 7.04445 5.45881 5.05117 6.84622 7.36295 7.26258 7.66649 6.71311 7.16935 6.98762 6.48167 4.90512 3.46766 2.87734 1.70668 -9999 -9999 -9999 -9999 -9999 -9999 -9999 -9999 -9999 -9999 -9999 -9999 -9999 -9999 -9999 -9999 -9999 -9999 -9999 -9999 -9999 -9999 -9999 -9999 -9999 -9999 -9999 -9999 -9999 -9999 -9999 -9999 -9999 -9999 -9999 -9999 -9999 -9999 -9999 -9999 -9999 -9999
-9999 -9999 7.47693 8.25577 8.90226 9.69035 10.3739 10.7185 11.0534 11.0303 10.2978 9.94151 9.91407 9.42117 8.54967 8.0043 7.00755 5.96886 6.37144 7.90277 7.22749 8.31343 8.22572 8.42831 7.70871 6.33935 4.51172 3.44344 2.91577 1.96797 -9999 -9999 -9999 -9999 -9999 -9999 -9999 -9999 -9999 -9999 -9999 -9999 -9999 -9999 -9999 -9999 -9999 -9999 -9999 -9999 -9999 -9999 -9999 -9999 -9999 -9999 -9999 -9999 -9999 -9999 -9999 -9999 -9999 -9999 -9999 -9999 -9999 -9999 -9999 -9999 -9999 -9999
-9999 -9999 -9999 8.12334 8.61634 9.67436 10.2182 10.4429 10.981 10.9858 10.7107 10.504 10.2025 9.80749 9.15361 8.43178 7.49462 7.41177 8.39291 8.40912 8.20906 8.37337 8.87909 8.75046 7.63455 5.70442 4.68717 2.61046 1.72603 1.82149 1.19611 -9999 -9999 -9999 -9999 -9999 -9999 -9999 -9999 -9999 -9999 -9999 -9999 3.67844 -9999 -9999 -9999 -9999 -9999 -9999 -9999 -9999 -9999 -9999 -9999 -9999 -9999 -9999 -9999 -9999 -9999 -9999 -9999 -9999 0.0225474 -9999 -9999 -9999 -9999 -9999 -9999 -9999
-9999 -9999 8.03873 8.69497 9.21085 9.87514 9.93877 10.3352 10.9534 10.9659 10.7719 10.5523 10.0538 9.93347 9.56316 8.77915 8.62225 8.94616 9.09763 9.26866 9.37546 9.29605 9.09655 8.83749 8.11667 7.22424 6.62655 4.73336 3.77518 2.8624 1.47875 0.397489 -9999 -9999 -9999 -9999 -9999 -9999 -9999 2.9411 2.89535 2.92588 3.23633 4.08294 3.59505 -9999 -9999 -9999 -9999 -9999 -9999 -9999 -9999 -9999 -9999 -9999 -9999 -9999 -9999 -9999 -9999 -9999 -9999 -9999 0.7924 -0.294121 -9999 -9999 -9999 -9999 -9999 -9999
-9999 -9999 8.22236 8.91823 9.26726 9.9124 10.2829 10.5231 10.7396 10.9468 10.9163 10.6729 10.3007 10.3074 9.79319 9.51802 9.32282 9.7595 9.8493 9.68015 9.46677 9.27842 8.73829 8.67904 8.50298 7.93786 7.00784 6.04944 4.65923 2.77905 0.935453 -0.550524 -9999 -9999 -9999 -9999 -9999 -9999 3.10259 3.80671 4.23094 3.34743 4.11331 4.8139 4.70908 4.04342 -9999 -9999 -9999 -9999 -9999 -9999 -9999 -9999 -9999 -9999 -9999 -9999 -9999 -9999 5.96048 4.84589 2.58815 1.4341 0.744467 -0.242844 -9999 -9999 -9999 -9999 -9999 -9999
-9999 -9999 8.09504 8.9162 9.47343 9.96845 10.0502 10.5584 10.7778 10.8907 10.8815 10.8365 10.7713 10.3231 10.1329 9.45329 10.1125 10.0923 9.93112 9.27959 8.99947 7.87738 7.38568 7.27626 8.22694 7.53066 6.07293 4.24978 2.05526 1.9154 1.19375 -0.133881 -9999 -9999 -9999 -9999 -9999 -9999 3.32918 4.08194 4.71128 4.80808 3.93005 5.17032 5.13056 4.44643 4.29614 4.86868 5.16214 4.95445 5.63842 5.84288 5.54435 5.88526 -9999 -9999 -9999 -9999 6.1145 6.16574 6.20593 5.74504 3.27789 1.59502 0.0846474 -0.0465435 -9999 -9999 -9999 -9999 -9999 -9999
-9999 -9999 8.67172 9.17816 9.43563 9.47969 9.9242 10.3686 10.6399 10.8417 10.8056 10.7935 10.7807 10.6303 10.2753 10.3447 10.3204 10.1152 8.87125 7.41843 8.05797 7.19616 5.34604 6.85482 7.6851 6.89555 5.12821 3.07839 2.4069 2.43802 1.43251 0.138788 -9999 -9999 -9999 1.28132 2.35645 2.4554 2.77668 3.77883 4.5427 5.11885 5.5139 5.50749 5.10571 4.43671 3.70904 3.97721 5.30438 5.63297 5.91167 6.12335 5.84667 6.00179 6.36105 6.54956 6.59251 6.51529 6.50212 6.5368 6.50055 6.07081 3.86406 2.60422 1.80298 0.193369 -9999 -9999 -9999 -9999 -9999 -9999
-9999 -9999 8.36427 8.80482 9.16217 9.75366 9.81876 10.1946 10.4191 10.7488 10.7896 10.4088 10.7312 10.6947 10.64 10.5187 10.3387 9.28954 7.84157 6.38984 5.72189 6.0111 4.90087 5.47682 6.31807 6.01484 4.93287 3.10705 2.8529 2.4288 0.733464 -0.897182 -9999 -9999 -0.788698 1.26872 2.71924 3.47039 3.70727 3.73555 4.69646 4.77764 5.81177 5.57723 4.22625 4.38565 3.86225 4.2115 4.70387 4.84333 5.54605 6.22364 6.35663 6.36587 6.59681 6.64902 6.6668 6.66673 6.52006 6.59555 6.61208 6.34636 4.74953 3.97424 3.12173 0.225799 -9999 -9999 -9999 -9999 -9999 -9999
-9999 -9999 8.59765 9.0896 9.62824 9.71756 10.1176 10.08 9.97019 10.5275 10.7317 10.464 10.2728 10.6379 10.6178 10.5748 10.501 9.5155 8.37414 6.64358 5.56982 4.91333 4.44885 3.82766 4.2614 4.1333 3.96038 4.16668 3.66637 2.664 1.67376 -0.183747 -1.18569 -9999 -0.668318 0.263162 1.98721 3.4534 4.38644 4.05926 5.15116 5.35883 5.99123 5.62995 4.81293 4.46606 4.44123 4.33959 5.07756 5.57548 5.9288 6.16741 6.46345 6.54315 6.62303 6.65977 6.68232 6.70499 6.70688 6.70677 6.68008 6.58388 5.85296 5.08095 3.40177 0.332222 -9999 -9999 -9999 -9999 -9999 -9999
-9999 7.18091 8.55183 9.37512 9.69512 9.9268 10.1315 10.2806 10.4374 10.5844 10.687 10.6471 9.93196 9.99539 10.1296 10.5431 10.519 10.4345 9.81273 7.70609 6.97975 5.91758 4.54056 3.96708 4.25908 5.39448 5.34738 4.60123 3.76934 2.61553 1.88373 0.746738 -1.44031 -1.23837 -0.246305 0.493477 1.66701 3.45795 4.71533 5.27987 5.49703 5.94291 6.17801 5.68156 5.21017 5.01534 4.64857 4.6028 4.61256 5.06118 5.41205 6.18539 6.44988 6.57438 6.64063 6.6789 6.70818 6.73698 6.75059 6.74146 6.74795 6.74782 6.70118 5.66918 3.07956 1.13378 -9999 -9999 -9999 -9999 -9999 -9999
-9999 -9999 8.30859 8.67145 8.76768 8.93505 9.27599 9.66905 10.2253 10.2998 10.6083 10.6107 9.99418 9.28284 9.91166 10.1646 10.4267 10.4395 10.3638 8.59319 7.66938 6.94273 5.6225 6.10368 6.56091 6.59879 6.3284 4.72454 3.12723 1.2826 -0.437679 -0.516102 -1.44037 -0.944965 -0.287926 1.39121 2.57473 3.05824 3.40734 5.2282 5.70625 5.87545 6.34661 5.71982 5.56792 5.09896 5.24763 5.21311 5.22296 3.91117 5.24076 5.3258 6.19436 6.58826 6.68234 6.71217 6.7434 6.7531 6.76365 6.7653 6.77973 6.77355 6.76715 6.09914 2.81098 1.16797 -9999 -9999 -9999 -9999 -9999 -9999
-9999 -9999 -9999 -9999 8.43644 8.71383 8.89259 9.20078 10.1404 10.396 10.5673 10.5856 10.3136 9.60914 9.42761 9.56283 8.87649 9.46046 10.2567 10.2417 10.15 8.59439 7.80035 8.57659 8.34525 7.17608 6.25657 5.34904 3.47828 2.10741 0.135184 -1.3447 -1.39646 0.245505 1.61002 3.30907 4.06201 3.6425 4.10936 5.0171 6.04745 6.54919 6.43925 5.77827 5.69331 4.96641 5.69526 5.76432 5.43598 5.15307 5.27524 5.70844 5.8777 6.55835 6.72772 6.76249 6.77335 6.78171 6.78434 6.78606 6.78466 6.78408 6.78152 6.75836 3.37834 0.754456 -9999 -9999 -9999 -9999 -9999 -9999
-9999 -9999 -9999 -9999 7.79578 7.9654 8.40873 9.54436 10.1399 10.3827 10.3781 10.4931 10.3026 9.68364 9.04843 8.44995 7.67655 8.12732 9.31076 10.0102 10.0937 8.73061 9.44602 9.18332 8.66169 7.13157 6.00468 5.40869 3.61274 2.07339 0.762456 -1.0488 -0.26836 0.591071 1.69408 3.54707 4.79948 5.31768 4.89387 5.47655 6.6613 6.67471 6.03735 6.08633 5.70243 4.70649 5.7585 6.05982 5.83016 5.89877 5.81707 5.98258 6.27828 6.56117 6.75112 6.78172 6.79013 6.78959 6.79471 6.80134 6.7945 6.80209 6.79961 6.78979 4.61093 0.714712 -9999 -9999 -9999 -9999 -9999 -9999
-9999 -9999 -9999 -9999 -9999 7.21546 8.22443 9.73115 10.1065 10.0756 10.3898 10.4207 10.1259 9.87102 9.09888 8.04226 6.00763 6.53278 7.62261 9.19155 10.0181 9.91144 9.45803 8.66739 6.74875 5.06992 4.86885 4.5966 3.28675 2.10153 0.643628 1.49422 2.42589 3.4451 3.98305 3.84971 4.92364 5.80057 5.43697 6.15034 6.98171 6.61469 6.40061 6.22221 5.77723 5.75742 5.81235 6.41302 6.00997 6.26943 6.28245 6.27508 6.42225 6.59041 6.76649 6.80004 6.80589 6.81408 6.79982 6.81261 6.80908 6.80614 6.80449 6.7972 6.60727 4.51396 3.26493 -9999 -9999 -9999 -9999 -9999
-9999 -9999 -9999 -9999 -9999 6.29648 6.80076 8.58483 9.137 9.92735 10.3489 10.3722 9.87148 9.59488 8.44164 8.07141 6.18985 5.3408 6.07119 5.79863 7.95691 9.86701 9.45624 5.61319 4.22348 3.23311 3.49169 3.49733 3.13504 1.1165 0.563385 2.37587 3.51878 4.40555 5.07964 5.22423 5.20672 6.57515 6.76229 7.21146 7.12198 7.16996 6.48923 6.07082 6.45123 6.03 5.96435 6.58464 5.98855 6.54164 6.4839 6.32689 6.3249 6.69074 6.7695 6.81353 6.82142 6.81261 6.8 6.79557 6.81357 6.81497 6.80233 6.81109 6.79963 6.56087 5.48063 5.10912 5.54026 -9999 -9999 -9999
-9999 -9999 -9999 -9999 -9999 -9999 5.1494 7.62799 8.76126 9.35886 10.1994 10.3044 10.0399 9.55768 8.383 7.35083 5.6694 3.74831 2.73288 5.79244 8.45573 9.84781 9.6696 6.47139 5.21139 5.15639 5.90418 5.2795 4.80648 3.2729 2.81797 2.18433 2.58143 3.81558 4.82522 5.79931 6.5093 6.57268 7.03611 7.30489 7.33315 7.42234 7.34858 7.28984 6.6347 7.10092 6.71949 6.93355 6.80804 6.6953 6.59874 6.22578 6.50064 6.74451 6.81168 6.83659 6.82732 6.8292 6.82461 6.80816 6.80457 6.8099 6.815 6.81061 6.81857 6.81851 6.70555 6.05925 5.19083 4.09112 -9999 -9999
-9999 -9999 -9999 -9999 -9999 -9999 3.92261 6.38926 7.57873 9.11042 9.89987 10.2232 10.1857 9.79584 8.90448 7.56043 6.44179 4.29647 2.06863 5.27989 8.14011 9.68595 9.77208 7.08511 7.83514 7.23597 7.48291 6.3826 5.92754 5.56647 4.77782 3.91517 2.97096 2.47452 4.73456 5.89768 6.83505 7.28028 7.53484 7.66531 7.60518 7.44232 6.44775 7.2185 7.18625 7.1177 7.03798 7.00319 6.93141 6.84538 6.79699 6.78414 6.5384 6.83091 6.83058 6.83944 6.84582 6.84355 6.83479 6.82817 6.81903 6.82583 6.82376 6.82166 6.82294 6.83128 6.83216 6.80511 6.63986 5.15986 4.27786 4.03775
-9999 -9999 -9999 -9999 -9999 -9999 0.470332 4.05789 6.94047 8.44851 9.67671 10.0174 10.1476 9.62282 9.23183 8.2698 7.35921 5.9515 3.84021 2.54222 4.94776 8.44191 9.73144 9.63514 9.55876 8.86556 8.24113 8.16552 8.21643 7.4867 6.42504 5.03688 4.60761 4.12396 5.80848 6.04127 5.92379 7.7765 7.78667 7.68796 6.98778 6.20318 6.36032 5.87729 6.26075 5.68416 6.22822 6.69943 6.87981 6.87236 6.81724 6.81733 6.79548 6.85193 6.85619 6.85323 6.85219 6.85413 6.85271 6.83706 6.83108 6.84546 6.83781 6.83444 6.83206 6.84258 6.84732 6.8294 6.81382 6.59337 6.25744 5.61084
-9999 -9999 -9999 -9999 -9999 -9999 0.633397 3.65106 6.21168 7.74877 9.22742 9.57377 10.0759 9.97321 9.56334 8.72767 7.68246 6.52475 4.71409 3.36962 4.98005 7.30171 8.96529 9.56414 9.56052 9.52463 9.37087 9.30968 9.12983 9.00029 8.24017 6.93025 6.19129 5.10812 6.98491 7.19981 6.91208 7.85193 7.81082 6.40385 5.32373 5.19491 5.86417 5.24064 5.13807 4.75193 5.20252 6.3982 6.05982 6.13494 6.68011 6.77497 6.83929 6.85991 6.86133 6.86389 6.85995 6.86671 6.87368 6.85848 6.85498 6.85679 6.8433 6.84681 6.84038 6.84221 6.84116 6.83532 6.82166 6.7648 6.70382 6.78809
-9999 -9999 -9999 -9999 -9999 -9999 0.706123 2.73516 5.03997 7.30186 8.88075 9.52023 9.98722 9.98692 9.50959 9.09663 8.44321 7.42518 6.72849 5.51515 3.84796 6.65623 7.52085 8.29231 8.61998 9.42375 9.40801 9.0452 8.61771 9.01647 8.90552 7.86875 7.53065 6.95709 8.00295 8.01016 7.9863 7.9358 6.74767 5.09427 3.77416 4.735 4.54214 4.98669 3.63752 4.76376 5.66957 5.96797 5.36293 4.9161 6.32377 6.56422 6.70789 6.80178 6.86523 6.85651 6.87624 6.87357 6.87527 6.87682 6.87118 6.87059 6.86539 6.8602 6.85575 6.85919 6.85166 6.84291 6.85002 6.82276 6.81694 6.81417
-9999 -9999 -9999 -9999 -9999 -9999 -9999 1.54948 4.46926 7.07783 8.53198 9.44815 9.89678 9.89322 9.65134 9.37233 8.96889 8.23567 7.31337 5.85304 4.77017 5.46545 6.31271 6.41167 6.97622 8.60521 9.1642 8.38121 6.43608 7.58946 8.87381 8.85694 8.75175 8.63379 8.47983 8.34364 8.04023 7.21935 4.69392 4.20377 3.21715 3.33642 2.83365 3.95246 3.54471 4.69441 5.19644 5.39001 4.33973 4.56968 5.82031 6.31761 6.24167 6.54884 6.84101 6.85606 6.87 6.86838 6.88061 6.88918 6.89092 6.88627 6.88399 6.8845 6.86886 6.88379 6.79811 6.7454 6.62979 6.79142 6.81405 6.83692
-9999 -9999 -9999 -9999 -9999 -9999 -9999 0.976659 3.89205 6.96366 7.95266 8.9401 9.79309 9.81414 9.44201 9.08845 8.72421 8.3089 7.18907 6.10329 5.06686 4.72211 4.93655 4.92435 5.83515 7.95628 8.37019 8.19927 6.16943 5.48579 7.20047 8.64226 8.75968 8.63371 6.94643 7.31166 6.40412 5.17172 4.83678 4.30099 3.16227 3.71973 2.88757 3.25363 3.16526 3.82074 4.14369 4.92186 4.00726 4.01794 5.24637 5.86729 5.88859 6.53976 6.77567 6.84183 6.86299 6.88003 6.88919 6.906 6.90701 6.90476 6.89972 6.87665 6.81116 6.59333 5.38235 5.39231 5.73665 6.06284 6.65237 6.82795
-9999 -9999 -9999 -9999 -9999 -9999 -9999 1.32146 3.34586 6.07194 8.09244 8.22343 9.20817 9.71876 9.3137 8.85714 8.38999 8.18856 6.96934 5.62959 4.54802 3.26683 3.48333 4.41123 5.92536 7.29707 7.54573 7.26713 6.18035 6.69899 7.86984 8.49361 8.68069 8.54143 8.17768 7.96973 7.30281 7.01696 6.08918 4.63554 4.06673 4.43704 2.89386 3.00851 3.58785 2.98702 3.99699 4.48365 3.30063 4.2559 5.34014 5.89741 6.38531 6.6194 6.71634 6.86182 6.87168 6.88973 6.90264 6.90734 6.91424 6.89881 6.88747 6.765 6.58093 5.44739 4.98552 5.08704 5.62282 6.09287 6.5935 6.79886
-9999 -9999 -9999 -9999 -9999 -9999 -9999 1.67367 3.49692 5.86131 7.30319 7.56478 8.65641 9.6277 9.52441 9.04919 8.90785 8.41525 7.38195 6.24009 4.99152 4.38696 2.99078 4.37461 5.46972 6.63208 7.1781 6.28554 5.84067 6.64069 7.43609 7.75652 8.55996 8.55712 8.30167 7.18432 6.64227 6.87909 6.64962 6.24366 5.24498 5.20633 4.56714 4.30606 4.05982 3.24708 3.77667 3.83538 3.98769 5.12821 5.69556 6.07378 6.41829 6.51328 6.66656 6.86365 6.88677 6.90003 6.90571 6.91599 6.90882 6.86157 6.823 6.56888 6.11346 5.25728 3.87119 4.86604 5.90592 6.22796 6.53942 6.70265
-9999 -9999 -9999 -9999 -9999 -9999 -9999 1.37142 3.30821 5.3297 6.17747 6.32515 8.29725 9.50664 9.51344 9.29069 9.02976 7.80577 7.88279 7.64189 6.51606 4.87389 3.0698 3.2441 4.32578 5.85936 6.36978 4.89278 4.37467 4.76383 5.96441 7.03965 8.16222 8.45103 8.12809 6.38604 4.5346 5.40128 6.3271 6.3278 6.06375 5.13802 4.84823 4.58653 3.91287 2.7698 2.94419 3.27059 4.569 4.98255 5.61787 6.14654 5.95591 6.07738 6.58332 6.87633 6.89351 6.90508 6.92108 6.92117 6.91086 6.8097 6.70228 6.51732 5.31783 4.5748 3.49541 4.77457 5.48583 5.87873 6.55613 6.72328
-9999 -9999 -9999 -9999 -9999 -9999 -9999 0.780797 2.18762 4.12014 4.90171 6.14578 8.00975 8.92897 9.37212 9.3673 9.19501 8.64963 8.32367 7.67658 6.50521 4.90168 3.11861 1.95941 2.55565 4.61723 5.11057 3.74665 3.05758 3.92642 5.2057 7.09768 8.18082 8.33141 8.23899 7.88393 6.53367 4.90131 4.91251 5.73975 5.05828 4.26537 4.71077 4.63551 3.97034 3.48817 3.19755 3.39427 4.13508 4.44489 5.17785 6.25654 6.41652 6.39246 6.85028 6.87926 6.89623 6.91975 6.92577 6.92827 6.92146 6.84019 6.64971 5.85356 5.16029 4.19307 4.0799 5.22455 5.73366 6.20557 6.54173 6.65625
-9999 -9999 -9999 -9999 -9999 -9999 -9999 -0.241659 1.41291 3.22365 4.91947 6.52418 7.90599 8.01723 8.74834 8.75229 9.13769 9.03356 8.52833 7.98411 6.97552 4.91427 3.18172 1.29174 1.79581 3.89826 4.17468 3.26534 1.58129 3.32997 5.25796 7.00583 7.95435 7.21973 7.98299 7.92599 7.42343 6.45392 4.94352 4.97791 3.84761 3.80407 4.3935 4.5889 4.49777 4.13732 3.55989 3.67072 4.12328 4.24318 4.91734 5.75563 6.57531 6.7184 6.87995 6.89308 6.90209 6.92129 6.92949 6.91919 6.88431 6.79894 6.13248 5.33868 4.85247 4.18071 4.1056 5.42243 5.95843 6.25933 6.5508 6.67034
-9999 -9999 -9999 -9999 -9999 -9999 -9999 -9999 1.25152 3.12218 4.50767 4.88431 6.11317 6.77897 7.29531 7.41355 8.87784 8.96316 8.64463 8.14511 7.28559 5.72262 4.63501 2.82236 1.52072 2.06238 2.31369 2.79852 2.66182 3.44442 5.29738 7.22771 7.44278 6.22479 6.41112 6.67231 7.25123 6.96573 4.90564 3.86179 2.99637 3.62098 4.27782 4.44127 4.47878 4.35921 4.22595 3.98364 4.8609 5.51169 5.66757 6.2358 6.65701 6.77803 6.8708 6.88795 6.90531 6.91204 6.8945 6.88364 6.7863 6.55988 5.81352 4.00899 4.10064 3.91184 3.35554 4.64368 5.46559 6.1926 6.58243 6.68862
-9999 -9999 -9999 -9999 -9999 -9999 -9999 -9999 0.63806 2.80183 3.26279 3.23387 2.52407 2.85808 5.5128 6.05129 7.45582 8.78597 8.69349 8.20352 7.39963 6.47067 5.02979 2.99059 1.37121 0.689493 2.44075 4.16093 4.52018 5.07304 6.21043 6.43065 5.18573 4.01866 4.68202 5.08372 6.59953 6.8806 6.59247 5.35342 3.93601 3.19885 4.08141 4.20439 4.26284 4.27915 4.26198 4.23453 5.22342 5.77315 6.15647 6.36813 6.73075 6.82839 6.86409 6.89807 6.89819 6.8864 6.83675 6.77944 6.50452 6.17036 4.94337 3.92164 3.28721 2.4801 4.32234 4.88077 5.65138 6.14852 6.53636 6.62723
