Test_Spring_2018b/12_17/Temp/20171201_015.txt
ncols	170
nrows	115
xllcorner	350000.000000
yllcorner	4445000.000000
cellsize	1000.000000
nodata_value	-9999.000000
[rows 32 to 63 of 115, columns 72 to 143 of 170]
11.5644 11.3092 11.7465 12.1505 11.9422 11.8135 12.4713 12.4882 12.2879 11.7947 11.6242 11.4466 11.344 10.7061 8.88722 7.24912 8.15182 8.18925 7.59284 8.70869 8.14492 6.64728 4.52621 5.70572 5.42058 3.93034 3.58316 -9999 -9999 -9999 -9999 -9999 -9999 -9999 -9999 -9999 -9999 -9999 -9999 -9999 -9999 -9999 -9999 -9999 -9999 -9999 -9999 -9999 -9999 -9999 -9999 -9999 -9999 -9999 -9999 -9999 -9999 -9999 -9999 -9999 -9999 -9999 -9999 -9999 -9999 -9999 -9999 -9999 -9999 -9999 -9999 -9999
11.2163 11.1162 11.7578 11.7617 11.7432 12.004 12.421 12.5167 12.449 12.2433 12.0674 11.8792 11.376 10.6441 9.0899 7.22319 6.81249 7.75054 7.81135 7.97621 7.46394 6.81632 5.79368 6.66257 7.01069 6.03509 4.76266 3.9499 -9999 -9999 -9999 -9999 -9999 -9999 -9999 -9999 -9999 -9999 -9999 -9999 -9999 -9999 -9999 -9999 -9999 -9999 -9999 -9999 -9999 -9999 -9999 -9999 -9999 -9999 -9999 -9999 -9999 -9999 -9999 -9999 -9999 -9999 -9999 -9999 -9999 -9999 -9999 -9999 -9999 -9999 -9999 -9999
10.7979 10.2088 10.6021 10.9018 11.4562 11.6227 11.7184 12.4806 12.4581 12.4405 12.1391 11.9013 11.4963 10.7926 9.78378 8.56576 6.43284 7.77467 8.82907 8.81928 8.77939 8.33084 7.34913 8.20237 8.25918 7.01604 5.59948 4.76474 4.4297 -9999 -9999 -9999 -9999 -9999 -9999 -9999 -9999 -9999 -9999 -9999 -9999 -9999 -9999 -9999 -9999 -9999 -9999 -9999 -9999 -9999 -9999 -9999 -9999 -9999 -9999 -9999 -9999 -9999 -9999 -9999 -9999 -9999 -9999 -9999 -9999 -9999 -9999 -9999 -9999 -9999 -9999 -9999
10.3201 9.59672 9.9924 10.5149 11.2568 11.6501 11.9572 12.1972 12.4416 12.4318 12.1231 11.178 11.0573 11.0323 10.3782 8.98729 7.59829 7.25072 8.85048 9.32039 9.24502 9.6157 8.78683 9.20434 9.05812 8.63479 7.26968 6.02318 5.51541 4.4944 -9999 -9999 -9999 -9999 -9999 -9999 -9999 -9999 -9999 -9999 -9999 -9999 -9999 -9999 -9999 -9999 -9999 -9999 -9999 -9999 -9999 -9999 -9999 -9999 -9999 -9999 -9999 -9999 -9999 -9999 -9999 -9999 -9999 -9999 -9999 -9999 -9999 -9999 -9999 -9999 -9999 -9999
-9999 -9999 9.16367 9.87972 10.4713 11.1888 11.8167 12.1358 12.4461 12.4397 11.8058 11.5043 11.4932 11.0704 10.3128 9.8434 8.97494 8.06948 8.43826 9.80509 9.22154 10.1952 10.1318 10.3253 9.70386 8.52803 6.9303 6.01081 5.55886 4.7353 -9999 -9999 -9999 -9999 -9999 -9999 -9999 -9999 -9999 -9999 -9999 -9999 -9999 -9999 -9999 -9999 -9999 -9999 -9999 -9999 -9999 -9999 -9999 -9999 -9999 -9999 -9999 -9999 -9999 -9999 -9999 -9999 -9999 -9999 -9999 -9999 -9999 -9999 -9999 -9999 -9999 -9999
-9999 -9999 -9999 9.76902 10.2251 11.1757 11.6858 11.8992 12.3894 12.4078 12.1784 12.0092 11.7558 11.4196 10.8543 10.2288 9.41292 9.35234 10.2325 10.26 10.0965 10.2556 10.717 10.6179 9.6553 7.97487 7.09129 5.28347 4.51665 4.61584 4.0775 -9999 -9999 -9999 -9999 -9999 -9999 -9999 -9999 -9999 -9999 -9999 -9999 6.42587 -9999 -9999 -9999 -9999 -9999 -9999 -9999 -9999 -9999 -9999 -9999 -9999 -9999 -9999 -9999 -9999 -9999 -9999 -9999 -9999 3.44736 -9999 -9999 -9999 -9999 -9999 -9999 -9999
-9999 -9999 9.67266 10.2852 10.7569 11.3599 11.4369 11.811 12.3722 12.3977 12.2401 12.0596 11.6321 11.5386 11.2239 10.5433 10.417 10.7158 10.8625 11.0267 11.1346 11.0784 10.9166 10.7026 10.0992 9.32636 8.8143 7.15901 6.33768 5.54616 4.33805 3.3968 -9999 -9999 -9999 -9999 -9999 -9999 -9999 5.74233 5.71224 5.74956 6.03442 6.79345 6.37303 -9999 -9999 -9999 -9999 -9999 -9999 -9999 -9999 -9999 -9999 -9999 -9999 -9999 -9999 -9999 -9999 -9999 -9999 -9999 4.13696 3.1872 -9999 -9999 -9999 -9999 -9999 -9999
-9999 -9999 9.85723 10.4883 10.813 11.3995 11.7433 11.9841 12.1905 12.3883 12.3755 12.1739 11.858 11.8768 11.4346 11.2036 11.0433 11.4416 11.5336 11.3971 11.222 11.0696 10.6069 10.5699 10.4478 9.96496 9.15983 8.32972 7.12874 5.4827 3.86858 2.57008 -9999 -9999 -9999 -9999 -9999 -9999 5.88618 6.51877 6.90375 6.13267 6.81978 7.44945 7.36746 6.80382 -9999 -9999 -9999 -9999 -9999 -9999 -9999 -9999 -9999 -9999 -9999 -9999 -9999 -9999 8.67391 7.69852 5.71265 4.70262 4.10337 3.24127 -9999 -9999 -9999 -9999 -9999 -9999
-9999 -9999 9.74963 10.492 11.0013 11.4557 11.5447 12.0185 12.2316 12.3463 12.3524 12.3263 12.2818 11.8981 11.7422 11.1534 11.7481 11.7423 11.6123 11.0492 10.8151 9.83743 9.41782 9.35308 10.2105 9.61251 8.34169 6.74797 4.8357 4.72946 4.10781 2.94984 -9999 -9999 -9999 -9999 -9999 -9999 6.09803 6.77319 7.33906 7.43415 6.66765 7.77409 7.76214 7.16856 7.0473 7.56541 7.83713 7.67345 8.289 8.48175 8.22975 8.54286 -9999 -9999 -9999 -9999 8.79955 8.85475 8.90003 8.5023 6.33113 4.85345 3.52856 3.42976 -9999 -9999 -9999 -9999 -9999 -9999
-9999 -9999 10.2641 10.7289 10.9738 11.0302 11.4405 11.8582 12.1171 12.3136 12.2957 12.2984 12.2997 12.1791 11.877 11.95 11.94 11.7704 10.683 9.41148 9.99037 9.24119 7.62867 8.98625 9.73799 9.05834 7.51469 5.7215 5.15623 5.20167 4.32977 3.20579 -9999 -9999 -9999 4.26999 5.23161 5.32952 5.62334 6.51867 7.20316 7.71884 8.07736 8.08894 7.74833 7.1681 6.53649 6.78567 7.97138 8.27461 8.53927 8.73861 8.50613 8.65757 8.98654 9.16424 9.21289 9.15496 9.15333 9.19376 9.17136 8.80111 6.85768 5.75382 5.05571 3.64972 -9999 -9999 -9999 -9999 -9999 -9999
-9999 -9999 9.9999 10.4068 10.7403 11.2838 11.3589 11.7083 11.9301 12.2388 12.289 11.9657 12.2633 12.2429 12.206 12.11 11.9621 11.0461 9.77811 8.50746 7.93055 8.20699 7.24156 7.77418 8.53603 8.2868 7.35604 5.76134 5.55584 5.20802 3.72614 2.30092 -9999 -9999 2.43956 4.27038 5.56364 6.23777 6.45659 6.49056 7.3488 7.42941 8.35272 8.1617 6.98139 7.13345 6.67978 7.00077 7.45241 7.58846 8.22871 8.83856 8.96812 8.98805 9.20366 9.26088 9.28724 9.29741 9.17763 9.25398 9.27806 9.05263 7.65061 6.97511 6.2371 3.6879 -9999 -9999 -9999 -9999 -9999 -9999
-9999 -9999 10.2158 10.6687 11.163 11.26 11.6314 11.6145 11.5407 12.0487 12.2452 12.0217 11.865 12.1994 12.1927 12.1656 12.1112 11.2511 10.2539 8.7367 7.80109 7.24094 6.84681 6.3277 6.73011 6.63634 6.50324 6.70548 6.28432 5.42563 4.56815 2.94224 2.07217 -9999 2.55718 3.39255 4.92739 6.23328 7.06711 6.78641 7.76001 7.95204 8.52568 8.21596 7.50733 7.21542 7.20525 7.1276 7.79247 8.24366 8.57491 8.79812 9.0707 9.15302 9.23513 9.27866 9.30918 9.33935 9.35076 9.36011 9.34582 9.27008 8.63342 7.96531 6.4914 3.78876 -9999 -9999 -9999 -9999 -9999 -9999
-9999 8.94145 10.1798 10.9262 11.2278 11.4513 11.6505 11.8001 11.9614 12.1065 12.2116 12.1906 11.5705 11.6379 11.7672 12.1432 12.1324 12.0685 11.5304 9.68066 9.05635 8.13865 6.93886 6.45592 6.73378 7.75774 7.73668 7.09774 6.38286 5.39013 4.76353 3.77567 1.85749 2.0506 2.9408 3.60658 4.65452 6.24717 7.36733 7.87451 8.07444 8.48133 8.69818 8.27204 7.86878 7.70795 7.39562 7.36748 7.38877 7.79824 8.12675 8.82157 9.06752 9.18841 9.25848 9.30334 9.33974 9.37523 9.39686 9.3981 9.41299 9.42205 9.39381 8.49166 6.21404 4.50494 -9999 -9999 -9999 -9999 -9999 -9999
-9999 -9999 9.96939 10.3094 10.4137 10.5808 10.9009 11.2665 11.7808 11.8621 12.149 12.1644 11.632 11.0141 11.5804 11.8141 12.0559 12.0778 12.0223 10.4759 9.67462 9.04899 7.89992 8.34967 8.77427 8.8287 8.61095 7.21449 5.82365 4.22047 2.7186 2.66702 1.8677 2.31966 2.91364 4.40968 5.46623 5.90281 6.21972 7.83718 8.27071 8.43087 8.85678 8.31264 8.19167 7.78858 7.932 7.91393 7.93542 6.7888 7.98233 8.06965 8.84939 9.20876 9.30261 9.33995 9.378 9.3965 9.41533 9.42597 9.44778 9.45393 9.45886 8.8787 5.98272 4.54137 -9999 -9999 -9999 -9999 -9999 -9999
-9999 -9999 -9999 -9999 10.1267 10.3914 10.5684 10.8592 11.7124 11.9538 12.1194 12.1486 11.9201 11.3084 11.158 11.2874 10.6905 11.2186 11.9362 11.937 11.8716 10.5135 9.83454 10.5409 10.3573 9.34526 8.55422 7.77385 6.14177 4.95755 3.23327 1.943 1.91376 3.3802 4.59994 6.11344 6.78917 6.42726 6.84804 7.66096 8.58045 9.03293 8.94513 8.37078 8.30891 7.67789 8.33429 8.40787 8.13049 7.89348 8.01946 8.41454 8.57604 9.18928 9.35011 9.39105 9.41101 9.42823 9.43997 9.45061 9.46017 9.46946 9.47728 9.46726 6.49019 4.18185 -9999 -9999 -9999 -9999 -9999 -9999
-9999 -9999 -9999 -9999 9.56623 9.73582 10.1469 11.1693 11.7181 11.9482 11.9583 12.0728 11.9161 11.3797 10.8282 10.3088 9.63553 10.0454 11.1043 11.7369 11.8265 10.6388 11.2944 11.0827 10.6428 9.31205 8.33802 7.83336 6.26767 4.93458 3.79501 2.21188 2.91834 3.69298 4.68125 6.33088 7.44802 7.91509 7.54952 8.07317 9.12916 9.14998 8.59599 8.64933 8.32318 7.45441 8.39656 8.67551 8.4854 8.55915 8.50476 8.66314 8.93632 9.19782 9.37675 9.41435 9.43178 9.44108 9.45498 9.47071 9.47431 9.49089 9.49887 9.50074 7.58562 4.15262 -9999 -9999 -9999 -9999 -9999 -9999
-9999 -9999 -9999 -9999 -9999 9.07888 9.98996 11.3403 11.6945 11.6825 11.9743 12.0143 11.7653 11.5506 10.878 9.9536 8.16524 8.64088 9.61712 11.0184 11.7651 11.6883 11.3107 10.6324 8.95777 7.49562 7.34011 7.12169 5.98574 4.96566 3.69611 4.466 5.30605 6.22185 6.71051 6.60409 7.56344 8.34781 8.03513 8.67439 9.41807 9.10271 8.92303 8.77548 8.3954 8.3896 8.45036 8.99396 8.65055 8.89296 8.92219 8.92761 9.06937 9.22932 9.39587 9.43598 9.45119 9.46813 9.46507 9.48596 9.49256 9.49992 9.50873 9.51296 9.35618 7.51703 6.42482 -9999 -9999 -9999 -9999 -9999
-9999 -9999 -9999 -9999 -9999 8.27247 8.7372 10.3325 10.8429 11.5567 11.9433 11.9766 11.5454 11.3123 10.3027 9.98506 8.33205 7.59316 8.25176 8.02527 9.94924 11.6553 11.3155 7.93882 6.73162 5.87794 6.12859 6.15562 5.8571 4.10019 3.63025 5.25023 6.27684 7.07541 7.68433 7.82402 7.81842 9.03732 9.21175 9.61761 9.54745 9.59914 9.00713 8.64755 8.99724 8.63663 8.59081 9.15172 8.63759 9.13945 9.10607 8.97905 8.98879 9.32335 9.40373 9.45302 9.47028 9.47207 9.47058 9.47617 9.5019 9.5132 9.51242 9.53093 9.532 9.33233 8.38936 8.07331 8.46719 -9999 -9999 -9999
-9999 -9999 -9999 -9999 -9999 -9999 7.28302 9.49197 10.516 11.0592 11.816 11.9214 11.7026 11.2859 10.257 9.35443 7.87857 6.19189 5.30773 8.02694 10.3973 11.6454 11.5112 8.70425 7.61141 7.58424 8.26695 7.73632 7.33945 6.01103 5.62749 5.08473 5.45175 6.55901 7.46438 8.33639 8.97403 9.03944 9.45815 9.70514 9.73933 9.82771 9.77247 9.73103 9.16542 9.58937 9.26437 9.4661 9.36783 9.28092 9.21322 8.89512 9.14943 9.37601 9.44603 9.47943 9.48083 9.49211 9.49778 9.49317 9.49941 9.5143 9.52931 9.53628 9.55458 9.56592 9.478 8.91897 8.16391 7.20467 -9999 -9999
-9999 -9999 -9999 -9999 -9999 -9999 6.2041 8.40205 9.4757 10.8444 11.5591 11.8604 11.8376 11.5029 10.7247 9.54675 8.56871 6.68406 4.72766 7.58128 10.1262 11.51 11.6046 9.25397 9.93752 9.42875 9.6681 8.71638 8.33475 8.04258 7.3635 6.61786 5.80183 5.37774 7.38765 8.42687 9.26572 9.66895 9.90331 10.0279 9.98599 9.85081 8.9818 9.67381 9.65901 9.61024 9.55191 9.53353 9.48259 9.4191 9.39404 9.39409 9.18801 9.45988 9.46993 9.48744 9.50271 9.51038 9.51244 9.51661 9.51883 9.53512 9.54287 9.55194 9.56437 9.58307 9.59572 9.58398 9.45036 8.15473 7.38791 7.19028
-9999 -9999 -9999 -9999 -9999 -9999 3.15788 6.34623 8.92117 10.2682 11.3722 11.6846 11.8104 11.3568 11.0214 10.1815 9.3877 8.15537 6.30216 5.16913 7.3122 10.4182 11.5766 11.5157 11.4681 10.8755 10.3438 10.2972 10.3621 9.74376 8.82755 7.61622 7.25346 6.83898 8.34016 8.5571 8.4637 10.1115 10.1301 10.0525 9.44332 8.76235 8.91199 8.49408 8.84695 8.34905 8.84207 9.27086 9.44265 9.4484 9.41752 9.43295 9.42397 9.48464 9.49822 9.50532 9.51409 9.52557 9.53421 9.53048 9.53556 9.55894 9.56273 9.57104 9.57844 9.59897 9.61492 9.61109 9.60955 9.42712 9.14272 8.5855
-9999 -9999 -9999 -9999 -9999 -9999 3.31253 6.00404 8.28234 9.66191 10.9813 11.299 11.7539 11.6738 11.3221 10.5944 9.68194 8.67086 7.08356 5.90944 7.34858 9.41897 10.9075 11.4613 11.4767 11.4644 11.3481 11.3186 11.1787 11.0908 10.4354 9.2959 8.65665 7.71211 9.38331 9.58461 9.34095 10.1821 10.1558 8.92202 7.97731 7.87378 8.47937 7.9394 7.86306 7.5311 7.9414 9.01047 8.72868 8.80694 9.30687 9.40126 9.46933 9.49754 9.50864 9.52068 9.52696 9.54278 9.55893 9.55568 9.56301 9.57531 9.57434 9.58824 9.59409 9.60699 9.61529 9.62195 9.62187 9.58375 9.54616 9.63469
-9999 -9999 -9999 -9999 -9999 -9999 3.38327 5.2004 7.25226 9.27343 10.6816 11.2587 11.6828 11.6936 11.2827 10.929 10.3633 9.47593 8.87349 7.81525 6.35676 8.85552 9.63905 10.345 10.6582 11.3883 11.3937 11.0921 10.7397 11.109 11.031 10.1292 9.84408 9.34999 10.2867 10.3046 10.2944 10.2604 9.22048 7.76922 6.61268 7.4727 7.31309 7.72117 6.54294 7.55609 8.36899 8.64484 8.11846 7.73515 8.99789 9.22204 9.35923 9.45224 9.51822 9.52035 9.54764 9.55521 9.56677 9.57839 9.58387 9.59404 9.60038 9.60694 9.61397 9.62807 9.63308 9.64176 9.65992 9.64433 9.65094 9.66235
-9999 -9999 -9999 -9999 -9999 -9999 -9999 4.15969 6.76475 9.08397 10.382 11.2039 11.6121 11.6203 11.418 11.1832 10.8388 10.2036 9.40201 8.12567 7.18386 7.81477 8.58352 8.69503 9.21261 10.6713 11.184 10.5101 8.81918 9.8602 11.0108 11.0103 10.9308 10.8393 10.7121 10.6034 10.3463 9.63158 7.4098 6.99094 6.12977 6.24638 5.81329 6.81869 6.4729 7.50127 7.95707 8.14009 7.22339 7.4468 8.56407 9.0139 8.95677 9.23816 9.50319 9.5264 9.54865 9.55722 9.57816 9.59602 9.60804 9.61799 9.62712 9.6389 9.63632 9.66035 9.59621 9.56123 9.47065 9.62509 9.65658 9.6885
-9999 -9999 -9999 -9999 -9999 -9999 -9999 3.67093 6.262 8.99055 9.87749 10.7626 11.5286 11.559 11.2419 10.9414 10.632 10.278 9.30179 8.35644 7.45543 7.16656 7.37265 7.38853 8.21147 10.1044 10.4881 10.3546 8.59445 8.00571 9.5364 10.8251 10.9424 10.8438 9.36451 9.69918 8.90836 7.83016 7.54522 7.0827 6.08727 6.59138 5.86718 6.20237 6.14425 6.7356 7.03295 7.73262 6.93573 6.96566 8.06335 8.62249 8.65138 9.23697 9.45538 9.52375 9.55238 9.5775 9.59582 9.6211 9.63261 9.64144 9.64797 9.63874 9.59213 9.41082 8.35069 8.37084 8.68658 8.98623 9.52142 9.68517
-9999 -9999 -9999 -9999 -9999 -9999 -9999 3.98372 5.78702 8.2101 10.009 10.1372 11.0199 11.4834 11.1375 10.7463 10.346 10.1812 9.11713 7.94713 7.00597 5.88892 6.09638 6.93313 8.29887 9.52867 9.76561 9.53622 8.61012 9.08382 10.1335 10.6989 10.8776 10.7674 10.4582 10.2863 9.70837 9.46713 8.65832 7.3846 6.89311 7.23188 5.8792 5.99214 6.51596 6.00543 6.90998 7.35183 6.31753 7.18414 8.15308 8.65599 9.09743 9.31439 9.41006 9.54863 9.56736 9.59343 9.61507 9.62962 9.64626 9.64334 9.64416 9.54687 9.39522 8.4043 8.00597 8.10682 8.59153 9.0181 9.47206 9.66419
-9999 -9999 -9999 -9999 -9999 -9999 -9999 4.30334 5.9287 8.03204 9.31952 9.56334 10.5407 11.4117 11.3328 10.9253 10.8132 10.391 9.4913 8.4961 7.40708 6.88786 5.66928 6.90862 7.90381 8.94798 9.44722 8.69413 8.31624 9.03837 9.7559 10.053 10.7766 10.7869 10.5735 9.59786 9.13049 9.35146 9.1601 8.81268 7.94129 7.9186 7.36508 7.14587 6.93983 6.24236 6.72213 6.78556 6.93339 7.96228 8.47429 8.81896 9.1337 9.22778 9.37333 9.55761 9.58812 9.60998 9.62525 9.64468 9.64881 9.61762 9.59422 9.38037 8.98863 8.24268 7.02707 7.91738 8.84748 9.14068 9.42935 9.58401
-9999 -9999 -9999 -9999 -9999 -9999 -9999 4.04461 5.77024 7.57044 8.33279 8.47604 10.2319 11.3136 11.3322 11.148 10.9303 9.86152 9.94327 9.74439 8.76365 7.32689 5.74738 5.91711 6.89535 8.27221 8.73954 7.46998 7.02704 7.38573 8.46128 9.42556 10.4312 10.6994 10.4264 8.89861 7.27385 8.05173 8.88177 8.89392 8.67199 7.86514 7.6205 7.40071 6.81679 5.82103 5.99333 6.2933 7.46449 7.84068 8.41279 8.89049 8.73223 8.84979 9.30718 9.57631 9.60162 9.622 9.64636 9.65674 9.658 9.57903 9.49461 9.3417 8.29199 7.64584 6.70106 7.84253 8.48189 8.8403 9.44934 9.60725
-9999 -9999 -9999 -9999 -9999 -9999 -9999 3.53108 4.78814 6.50967 7.21355 8.3261 9.98653 10.8118 11.2162 11.2247 11.0854 10.6166 10.342 9.78391 8.76273 7.3599 5.7987 4.78931 5.33197 7.18165 7.64136 6.46406 5.8698 6.65239 7.79742 9.48367 10.4545 10.6005 10.5314 10.2297 9.04809 7.61687 7.63843 8.38128 7.79037 7.10093 7.50616 7.45115 6.87467 6.45999 6.2246 6.41165 7.0882 7.37266 8.03112 8.9951 9.14684 9.13582 9.55073 9.58651 9.61166 9.64261 9.65811 9.67055 9.6748 9.61328 9.45527 8.76187 8.15947 7.31491 7.22536 8.2464 8.70443 9.13478 9.44195 9.55314
-9999 -9999 -9999 -9999 -9999 -9999 -9999 2.63586 4.11186 5.72574 7.23784 8.66926 9.90353 10.0146 10.6736 10.6899 11.0436 10.9647 10.5316 10.0643 9.18691 7.37928 5.86255 4.20695 4.66794 6.54792 6.83488 6.04605 4.57213 6.13245 7.85093 9.40979 10.2616 9.62517 10.3125 10.2744 9.84219 8.99696 7.67341 7.71537 6.72765 6.70061 7.23312 7.41731 7.34823 7.0411 6.54515 6.66339 7.08513 7.20173 7.80824 8.55976 9.29475 9.43156 9.58463 9.60643 9.62457 9.65169 9.66908 9.67011 9.64944 9.58415 9.00519 8.31369 7.89412 7.31055 7.25444 8.42729 8.90895 9.18794 9.45542 9.57088
-9999 -9999 -9999 -9999 -9999 -9999 -9999 -9999 3.97778 5.64462 6.88241 7.22823 8.32731 8.92861 9.39777 9.51509 10.8225 10.911 10.6428 10.215 9.46919 8.10191 7.1552 5.56785 4.43249 4.94031 5.19736 5.64099 5.53495 6.24129 7.8935 9.61373 9.81726 8.75357 8.93094 9.17417 9.69798 9.4574 7.64788 6.7366 5.98296 6.54648 7.13849 7.29437 7.33895 7.2447 7.14316 6.95839 7.74458 8.33054 8.47893 8.99179 9.37461 9.49198 9.5843 9.60971 9.63524 9.65131 9.64589 9.64634 9.57032 9.38019 8.73042 7.14524 7.23631 7.07947 6.59778 7.74401 8.48232 9.13467 9.48893 9.59242
-9999 -9999 -9999 -9999 -9999 -9999 -9999 -9999 3.44399 5.36996 5.79046 5.77777 5.16305 5.471 7.83047 8.31922 9.57367 10.7626 10.6941 10.2746 9.57787 8.77098 7.51193 5.72431 4.30809 3.74221 5.30996 6.85308 7.1856 7.68899 8.70876 8.91737 7.83036 6.81177 7.41089 7.77834 9.13033 9.39055 9.14737 8.06341 6.82168 6.18126 6.9727 7.09269 7.15571 7.18155 7.17996 7.17945 8.07246 8.56914 8.91867 9.1164 9.4475 9.54429 9.58622 9.62655 9.63684 9.63651 9.60264 9.56193 9.32879 9.04326 7.96843 7.07505 6.52406 5.82043 7.45886 7.95974 8.65217 9.10148 9.45383 9.54364
