Test_Spring_2018b/12_17/Temp/20171225_016.txt
ncols	170
nrows	115
xllcorner	350000.000000
yllcorner	4445000.000000
cellsize	1000.000000
nodata_value	-9999.000000
[rows 32 to 63 of 115, columns 72 to 143 of 170]
11.685 11.4134 11.8465 12.2456 12.0117 11.8567 12.5116 12.5165 12.3006 11.7866 11.6012 11.4088 11.2929 10.6323 8.76958 7.09087 7.99817 8.02466 7.40586 8.52967 7.94374 6.4071 4.23578 5.42374 5.12088 3.58279 3.20699 -9999 -9999 -9999 -9999 -9999 -9999 -9999 -9999 -9999 -9999 -9999 -9999 -9999 -9999 -9999 -9999 -9999 -9999 -9999 -9999 -9999 -9999 -9999 -9999 -9999 -9999 -9999 -9999 -9999 -9999 -9999 -9999 -9999 -9999 -9999 -9999 -9999 -9999 -9999 -9999 -9999 -9999 -9999 -9999 -9999
11.3147 11.201 11.8421 11.8341 11.7995 12.0345 12.4441 12.5293 12.4481 12.2268 12.0359 11.8326 11.3088 10.5523 8.9589 7.04739 6.61777 7.56085 7.6109 7.76669 7.23309 6.56153 5.50811 6.37976 6.72126 5.71181 4.38865 3.54026 -9999 -9999 -9999 -9999 -9999 -9999 -9999 -9999 -9999 -9999 -9999 -9999 -9999 -9999 -9999 -9999 -9999 -9999 -9999 -9999 -9999 -9999 -9999 -9999 -9999 -9999 -9999 -9999 -9999 -9999 -9999 -9999 -9999 -9999 -9999 -9999 -9999 -9999 -9999 -9999 -9999 -9999 -9999 -9999
10.8729 10.2615 10.65 10.943 11.48 11.6279 11.7127 12.4762 12.4411 12.4111 12.0923 11.8385 11.4145 10.6866 9.64821 8.39686 6.21425 7.56822 8.62951 8.60745 8.55455 8.08549 7.07356 7.92909 7.97383 6.68249 5.21287 4.35018 3.99623 -9999 -9999 -9999 -9999 -9999 -9999 -9999 -9999 -9999 -9999 -9999 -9999 -9999 -9999 -9999 -9999 -9999 -9999 -9999 -9999 -9999 -9999 -9999 -9999 -9999 -9999 -9999 -9999 -9999 -9999 -9999 -9999 -9999 -9999 -9999 -9999 -9999 -9999 -9999 -9999 -9999 -9999 -9999
10.3708 9.62283 10.0137 10.5334 11.2637 11.6469 11.9396 12.1715 12.4079 12.3857 12.0594 11.0856 10.951 10.9137 10.2363 8.80898 7.3835 7.01791 8.63421 9.10032 9.01121 9.37584 8.51926 8.93103 8.7688 8.31418 6.90065 5.61159 5.08134 4.02887 -9999 -9999 -9999 -9999 -9999 -9999 -9999 -9999 -9999 -9999 -9999 -9999 -9999 -9999 -9999 -9999 -9999 -9999 -9999 -9999 -9999 -9999 -9999 -9999 -9999 -9999 -9999 -9999 -9999 -9999 -9999 -9999 -9999 -9999 -9999 -9999 -9999 -9999 -9999 -9999 -9999 -9999
-9999 -9999 9.15447 9.85908 10.4466 11.1616 11.7805 12.0927 12.3962 12.3773 11.72 11.4011 11.3779 10.9359 10.153 9.66357 8.76791 7.83446 8.1978 9.57675 8.97027 9.94849 9.87073 10.0542 9.40789 8.17885 6.53665 5.5796 5.10559 4.25352 -9999 -9999 -9999 -9999 -9999 -9999 -9999 -9999 -9999 -9999 -9999 -9999 -9999 -9999 -9999 -9999 -9999 -9999 -9999 -9999 -9999 -9999 -9999 -9999 -9999 -9999 -9999 -9999 -9999 -9999 -9999 -9999 -9999 -9999 -9999 -9999 -9999 -9999 -9999 -9999 -9999 -9999
-9999 -9999 -9999 9.73081 10.1801 11.1345 11.6314 11.8358 12.3221 12.3284 12.0827 11.8984 11.6286 11.2746 10.6876 10.0393 9.19716 9.12368 10.0075 10.0231 9.84416 9.99306 10.4491 10.3345 9.33101 7.5977 6.68333 4.81998 4.02485 4.11134 3.54918 -9999 -9999 -9999 -9999 -9999 -9999 -9999 -9999 -9999 -9999 -9999 -9999 5.7885 -9999 -9999 -9999 -9999 -9999 -9999 -9999 -9999 -9999 -9999 -9999 -9999 -9999 -9999 -9999 -9999 -9999 -9999 -9999 -9999 2.48541 -9999 -9999 -9999 -9999 -9999 -9999 -9999
-9999 -9999 9.64147 10.2392 10.7059 11.3061 11.3692 11.73 12.2884 12.3017 12.129 11.9332 11.4862 11.3793 11.0473 10.343 10.2029 10.4953 10.6326 10.7874 10.8844 10.8139 10.6354 10.4033 9.75752 8.95541 8.41846 6.71704 5.85845 5.03764 3.79311 2.8206 -9999 -9999 -9999 -9999 -9999 -9999 -9999 5.11258 5.07194 5.09992 5.37971 6.14187 5.70321 -9999 -9999 -9999 -9999 -9999 -9999 -9999 -9999 -9999 -9999 -9999 -9999 -9999 -9999 -9999 -9999 -9999 -9999 -9999 3.16785 2.18883 -9999 -9999 -9999 -9999 -9999 -9999
-9999 -9999 9.80186 10.4307 10.7475 11.3307 11.6668 11.8902 12.0873 12.2759 12.2504 12.0332 11.6998 11.7072 11.2457 10.9992 10.8245 11.2183 11.2999 11.1486 10.9574 10.7888 10.3038 10.2514 10.0955 9.58782 8.75179 7.89015 6.64381 4.95248 3.29399 1.95723 -9999 -9999 -9999 -9999 -9999 -9999 5.24667 5.88077 6.26305 5.46866 6.15829 6.78911 6.69515 6.09312 -9999 -9999 -9999 -9999 -9999 -9999 -9999 -9999 -9999 -9999 -9999 -9999 -9999 -9999 7.81158 6.80808 4.77584 3.73644 3.11467 2.22482 -9999 -9999 -9999 -9999 -9999 -9999
-9999 -9999 9.67767 10.4195 10.9239 11.3722 11.4487 11.9103 12.1131 12.2169 12.2107 12.172 12.1149 11.7129 11.5429 10.9324 11.5264 11.509 11.3647 10.7792 10.5279 9.51908 9.07748 8.98143 9.83759 9.21185 7.90094 6.26118 4.2898 4.16532 3.51623 2.32185 -9999 -9999 -9999 -9999 -9999 -9999 5.44002 6.11791 6.6848 6.7725 5.98305 7.09949 7.06113 6.44555 6.31019 6.8251 7.08881 6.90152 7.51531 7.69881 7.42977 7.73612 -9999 -9999 -9999 -9999 7.94108 7.98688 8.02262 7.60734 5.38668 3.87144 2.51113 2.38844 -9999 -9999 -9999 -9999 -9999 -9999
-9999 -9999 10.1869 10.6458 10.8807 10.9236 11.3268 11.7311 11.9805 12.1634 12.133 12.124 12.114 11.9801 11.6617 11.7251 11.7039 11.5199 10.4012 9.0945 9.67049 8.89706 7.23494 8.59284 9.34062 8.6309 7.04136 5.1976 4.59639 4.62561 3.72102 2.55498 -9999 -9999 -9999 3.58401 4.55174 4.64121 4.93077 5.83299 6.52083 7.04189 7.39795 7.39293 7.02876 6.42679 5.77191 6.01293 7.20669 7.5019 7.75111 7.9411 7.69172 7.82901 8.1521 8.3216 8.36015 8.29057 8.27856 8.3095 8.27646 7.88916 5.90458 4.76993 4.04758 2.5907 -9999 -9999 -9999 -9999 -9999 -9999
-9999 -9999 9.90144 10.3012 10.6262 11.1606 11.2226 11.5639 11.7703 12.0715 12.1105 11.7698 12.0615 12.03 11.9818 11.8734 11.712 10.7685 9.46611 8.16028 7.5597 7.82185 6.8235 7.34204 8.09959 7.82905 6.85377 5.21153 4.98341 4.60421 3.08001 1.61301 -9999 -9999 1.71125 3.56274 4.86823 5.54451 5.75814 5.78411 6.64925 6.72281 7.65377 7.4432 6.22528 6.36863 5.89987 6.21381 6.65383 6.77894 7.41064 8.01931 8.13874 8.1469 8.35462 8.40157 8.41757 8.41751 8.28546 8.35318 8.36766 8.12795 6.69025 5.99144 5.2204 2.6091 -9999 -9999 -9999 -9999 -9999 -9999
-9999 -9999 10.1015 10.5477 11.0359 11.1198 11.4832 11.4526 11.3582 11.8625 12.0503 11.8115 11.6411 11.9709 11.9537 11.9158 11.8498 10.9635 9.93677 8.37992 7.41406 6.825 6.40759 5.84698 6.23768 6.12293 5.9679 6.15415 5.70593 4.80628 3.91555 2.24525 1.34391 -9999 1.80985 2.64825 4.19984 5.5195 6.3595 6.06564 7.04863 7.236 7.8055 7.48083 6.74348 6.42893 6.40633 6.31461 6.97834 7.42789 7.74522 7.95961 8.22525 8.2969 8.3688 8.40194 8.42235 8.44284 8.44455 8.4443 8.41992 8.33272 7.67409 6.97614 5.46339 2.69584 -9999 -9999 -9999 -9999 -9999 -9999
-9999 8.81244 10.0508 10.7953 11.087 11.2993 11.4872 11.625 11.7705 11.9058 12.0008 11.9682 11.3264 11.3848 11.5065 11.8791 11.8578 11.782 11.2227 9.32728 8.6749 7.71796 6.47913 5.96323 6.22632 7.24837 7.20654 6.5358 5.78795 4.75198 4.09503 3.07227 1.10527 1.28717 2.18003 2.84596 3.90222 5.51407 6.64589 7.15435 7.35026 7.75195 7.96393 7.51548 7.08916 6.91356 6.58325 6.54177 6.55028 6.95372 7.26903 7.96617 8.20401 8.31565 8.37539 8.41003 8.43661 8.46271 8.47505 8.46675 8.47223 8.47145 8.42694 7.49672 5.15788 3.4011 -9999 -9999 -9999 -9999 -9999 -9999
-9999 -9999 9.82243 10.1529 10.2435 10.3981 10.7088 11.0663 11.5714 11.6416 11.9219 11.9266 11.3743 10.7356 11.3022 11.5304 11.7664 11.7781 11.71 10.1165 9.28523 8.63136 7.44352 7.87648 8.28817 8.32267 8.07991 6.63744 5.20093 3.54333 1.99598 1.92592 1.09538 1.5418 2.13324 3.64437 4.70963 5.14509 5.45966 7.09849 7.5291 7.68038 8.10437 7.54041 7.4016 6.97927 7.11268 7.08131 7.08991 5.90942 7.10541 7.182 7.9637 8.31919 8.40381 8.43097 8.45942 8.46844 8.4781 8.47952 8.49216 8.48488 8.47315 7.86926 4.90749 3.42295 -9999 -9999 -9999 -9999 -9999 -9999
-9999 -9999 -9999 -9999 9.93647 10.1902 10.3551 10.6364 11.4866 11.7198 11.8768 11.8958 11.653 11.0209 10.8584 10.9806 10.3632 10.8883 11.6048 11.591 11.5083 10.1084 9.3938 10.0923 9.88439 8.8328 8.00597 7.19004 5.50753 4.27617 2.50219 1.17122 1.12521 2.60314 3.83176 5.36083 6.03867 5.66161 6.08211 6.89866 7.82585 8.27734 8.17839 7.58357 7.505 6.85052 7.50592 7.56772 7.27204 7.01734 7.127 7.51696 7.66957 8.28243 8.43534 8.46734 8.47756 8.48545 8.48803 8.48955 8.4852 8.48267 8.47776 8.45382 5.40911 3.04184 -9999 -9999 -9999 -9999 -9999 -9999
-9999 -9999 -9999 -9999 9.35104 9.5079 9.91097 10.9368 11.4774 11.6992 11.6981 11.804 11.6346 11.0792 10.5087 9.97062 9.27486 9.68033 10.7449 11.3739 11.4487 10.2219 10.8653 10.629 10.1598 8.78341 7.76998 7.23439 5.61922 4.23628 3.05737 1.42831 2.13117 2.90507 3.89809 5.56592 6.69317 7.15971 6.7786 7.303 8.36904 8.38105 7.80745 7.85134 7.50377 6.60716 7.55329 7.82405 7.61719 7.67882 7.60512 7.75432 8.02081 8.2759 8.44744 8.47563 8.48383 8.48377 8.48862 8.49338 8.48576 8.49042 8.48539 8.47322 6.50905 2.99682 -9999 -9999 -9999 -9999 -9999 -9999
-9999 -9999 -9999 -9999 -9999 8.82418 9.73619 11.0959 11.4384 11.414 11.6997 11.73 11.4668 11.2389 10.5451 9.59488 7.7643 8.23666 9.21692 10.6282 11.3715 11.2752 10.8669 10.1554 8.42925 6.91902 6.73861 6.49432 5.31656 4.25229 2.94121 3.70727 4.54626 5.46399 5.94863 5.82919 6.79588 7.58522 7.25825 7.90018 8.64816 8.31778 8.12495 7.96417 7.5616 7.54322 7.59219 8.13231 7.76946 8.00286 8.01445 8.00818 8.14113 8.29309 8.45225 8.48316 8.48906 8.4969 8.48404 8.49476 8.49003 8.48509 8.48065 8.47061 8.29585 6.4057 5.27743 -9999 -9999 -9999 -9999 -9999
-9999 -9999 -9999 -9999 -9999 7.98828 8.44611 10.0553 10.5568 11.2713 11.6536 11.677 11.2285 10.9809 9.94438 9.61176 7.91883 7.15489 7.81173 7.56605 9.50756 11.2258 10.8559 7.39795 6.14765 5.25686 5.49003 5.49579 5.17065 3.35662 2.85969 4.49129 5.52042 6.31903 6.92622 7.05675 7.04145 8.27293 8.4416 8.84574 8.7651 8.80804 8.19525 7.81844 8.15848 7.77889 7.71935 8.27714 7.74063 8.23828 8.18625 8.04542 8.04423 8.37412 8.44577 8.48615 8.49349 8.4862 8.47476 8.46999 8.48455 8.48343 8.46902 8.47332 8.45906 8.23753 7.2611 6.92254 7.30648 -9999 -9999 -9999
-9999 -9999 -9999 -9999 -9999 -9999 6.95103 9.18499 10.2093 10.7502 11.5093 11.6062 11.3701 10.9377 9.8818 8.9536 7.44079 5.71198 4.79847 7.55094 9.94685 11.199 11.0383 8.1606 7.027 6.97783 7.65117 7.08979 6.66503 5.28741 4.87887 4.30957 4.66769 5.77889 6.68763 7.56476 8.20403 8.26125 8.67816 8.92043 8.94567 9.02563 8.95891 8.90567 8.31388 8.73279 8.38913 8.58143 8.46836 8.36696 8.28003 7.94494 8.1929 8.41309 8.47433 8.49585 8.4887 8.49097 8.48669 8.47093 8.46623 8.4686 8.47012 8.46258 8.46579 8.45904 8.35301 7.76729 6.98204 5.98909 -9999 -9999
-9999 -9999 -9999 -9999 -9999 -9999 5.83784 8.06085 9.13555 10.5168 11.2306 11.5229 11.491 11.1418 10.3408 9.13197 8.12559 6.19511 4.19011 7.079 9.65311 11.0437 11.1209 8.70314 9.37811 8.83932 9.06201 8.07267 7.66407 7.34151 6.63271 5.85738 5.00861 4.56193 6.59631 7.64352 8.48737 8.88815 9.1171 9.23418 9.18022 9.03393 8.13865 8.83174 8.80034 8.73809 8.66593 8.63434 8.56965 8.49233 8.44873 8.43768 8.21724 8.48023 8.47823 8.48771 8.49453 8.49296 8.48485 8.47788 8.46787 8.4721 8.46708 8.46167 8.45897 8.45984 8.45639 8.428 8.2756 6.94065 6.14427 5.92429
-9999 -9999 -9999 -9999 -9999 -9999 2.72215 5.95347 8.55239 9.91207 11.0185 11.3272 11.4462 10.9755 10.6247 9.75968 8.94057 7.67385 5.77383 4.60545 6.76941 9.91279 11.0745 10.9878 10.9192 10.2958 9.73446 9.66711 9.71374 9.05953 8.10498 6.85684 6.47021 6.03601 7.55253 7.76263 7.65735 9.32451 9.33358 9.24445 8.61397 7.90826 8.04906 7.61505 7.95765 7.43832 7.92744 8.35116 8.51339 8.5068 8.45711 8.45602 8.43731 8.48472 8.49012 8.48878 8.48876 8.49087 8.48927 8.47414 8.46697 8.47745 8.46829 8.46175 8.45598 8.45893 8.45917 8.43921 8.42167 8.22022 7.91533 7.32962
-9999 -9999 -9999 -9999 -9999 -9999 2.86029 5.57986 7.88666 9.27089 10.6037 10.9174 11.3709 11.2799 10.9121 10.1608 9.22068 8.179 6.5496 5.33952 6.7881 8.87669 10.3732 10.9119 10.9109 10.8789 10.7411 10.6864 10.5254 10.4113 9.72823 8.5488 7.88489 6.9112 8.60068 8.79465 8.53615 9.38195 9.34488 8.07865 7.10636 6.9899 7.59246 7.03087 6.93593 6.58946 6.99452 8.07014 7.76328 7.83115 8.32163 8.40774 8.46056 8.48051 8.48312 8.48653 8.4837 8.49 8.49585 8.4811 8.47619 8.47545 8.4604 8.46102 8.45156 8.4466 8.44245 8.4336 8.41801 8.36394 8.30341 8.3753
-9999 -9999 -9999 -9999 -9999 -9999 2.91533 4.74598 6.82237 8.85836 10.2812 10.8584 11.2802 11.2813 10.8528 10.4818 9.89427 8.97837 8.3514 7.25944 5.75906 8.28555 9.06328 9.75741 10.0518 10.7753 10.7616 10.4359 10.0563 10.4158 10.3147 9.38279 9.07948 8.56427 9.50602 9.51308 9.49198 9.44669 8.37759 6.88968 5.7015 6.56554 6.39149 6.79204 5.57546 6.58561 7.40019 7.66848 7.12607 6.72429 7.99071 8.20047 8.33083 8.41645 8.47461 8.46763 8.48589 8.48354 8.48455 8.48484 8.47805 8.47526 8.46785 8.46007 8.45336 8.45004 8.43954 8.42462 8.42767 8.40186 8.39441 8.38782
-9999 -9999 -9999 -9999 -9999 -9999 -9999 3.6686 6.29645 8.64577 9.9562 10.7823 11.1875 11.1856 10.9689 10.7186 10.3559 9.69639 8.8665 7.55239 6.57784 7.20321 7.96528 8.05447 8.56254 10.0285 10.532 9.82814 8.08061 9.11692 10.2734 10.2592 10.1655 10.0603 9.92421 9.80219 9.52953 8.79109 6.51875 6.07567 5.18748 5.29423 4.84126 5.84842 5.47882 6.51273 6.96406 7.13806 6.19311 6.39937 7.51667 7.96495 7.8976 8.175 8.44052 8.45467 8.46751 8.46593 8.47633 8.4829 8.48281 8.47438 8.46951 8.46681 8.44983 8.45682 8.37605 8.32515 8.21801 8.36073 8.3789 8.38592
-9999 -9999 -9999 -9999 -9999 -9999 -9999 3.14162 5.76688 8.53257 9.42424 10.3143 11.0832 11.1033 10.7694 10.4519 10.1246 9.7512 8.74369 7.7667 6.83405 6.52375 6.71663 6.70576 7.52544 9.43427 9.80715 9.65397 7.82778 7.21335 8.75695 10.0551 10.1615 10.0489 8.53145 8.86058 8.04433 6.93558 6.63415 6.15182 5.12688 5.62803 4.8788 5.20772 5.12665 5.71597 6.00624 6.70627 5.8834 5.8922 6.98862 7.54789 7.56775 8.15437 8.36725 8.42721 8.44636 8.4614 8.46889 8.48276 8.48191 8.47767 8.4705 8.44682 8.38474 8.18569 7.08992 7.09563 7.40249 7.6934 8.21833 8.36496
-9999 -9999 -9999 -9999 -9999 -9999 -9999 3.44197 5.26526 7.7198 9.53935 9.65864 10.5459 11.0064 10.6428 10.2326 9.81277 9.63182 8.53497 7.32956 6.3564 5.20362 5.39844 6.2334 7.59607 8.8306 9.05478 8.80467 7.82681 8.29404 9.3482 9.91014 10.0792 9.95452 9.6278 9.44112 8.84135 8.58428 7.74948 6.44138 5.92933 6.26219 4.87334 4.97616 5.49717 4.955 5.86349 6.30125 5.23685 6.08542 7.0612 7.56296 8.00239 8.21346 8.30102 8.43208 8.44085 8.45664 8.46741 8.47037 8.47486 8.45888 8.44622 8.33329 8.16473 7.14178 6.72033 6.80859 7.28781 7.70821 8.14235 8.32544
-9999 -9999 -9999 -9999 -9999 -9999 -9999 3.74902 5.39106 7.51991 8.81862 9.05522 10.0385 10.9134 10.8213 10.3943 10.2676 9.8247 8.89518 7.86792 6.74459 6.2007 4.94455 6.1898 7.17545 8.22163 8.71333 7.91013 7.51024 8.23055 8.94677 9.23565 9.95913 9.95711 9.72774 8.72277 8.23532 8.44854 8.24209 7.87674 6.978 6.94301 6.36765 6.13251 5.91078 5.17803 5.65434 5.70708 5.83427 6.85858 7.36911 7.70956 8.01973 8.10537 8.24337 8.42064 8.44113 8.45247 8.45665 8.4646 8.45648 8.41195 8.37492 8.14369 7.73115 6.9579 5.70493 6.59707 7.52993 7.80661 8.08012 8.22508
-9999 -9999 -9999 -9999 -9999 -9999 -9999 3.46726 5.2112 7.03129 7.79523 7.92915 9.70452 10.7935 10.8003 10.6005 10.3662 9.26524 9.33481 9.11826 8.10543 6.62799 5.00487 5.16186 6.13589 7.51561 7.97525 6.64602 6.18014 6.53067 7.61133 8.57924 9.58975 9.85004 9.55986 7.99274 6.32712 7.10708 7.94017 7.94079 7.70313 6.87008 6.60921 6.37362 5.76739 4.73681 4.89427 5.18788 6.34384 6.71574 7.28728 7.7629 7.59135 7.70059 8.15568 8.41904 8.43402 8.44371 8.45709 8.45584 8.44493 8.35195 8.25307 8.08416 7.00223 6.33088 5.35456 6.50186 7.13901 7.47424 8.08124 8.22946
-9999 -9999 -9999 -9999 -9999 -9999 -9999 2.92607 4.19293 5.93273 6.63691 7.75715 9.43507 10.2629 10.6622 10.6584 10.5038 10.0135 9.72051 9.13853 8.08477 6.64216 5.03799 3.99516 4.53183 6.38715 6.82913 5.60372 4.98394 5.76596 6.91732 8.61999 9.5949 9.73073 9.64788 9.32867 8.11398 6.6454 6.65559 7.39997 6.78682 6.07337 6.47409 6.40635 5.80783 5.37401 5.1111 5.27774 5.94174 6.22019 6.87945 7.8498 7.99353 7.97163 8.38322 8.40884 8.42348 8.4438 8.44812 8.44902 8.44126 8.36621 8.19265 7.47387 6.84746 5.97441 5.8697 6.8936 7.33785 7.75438 8.0541 8.15466
-9999 -9999 -9999 -9999 -9999 -9999 -9999 1.99637 3.48591 5.11594 6.64252 8.08708 9.33103 9.43171 10.0901 10.0941 10.4413 10.348 9.89372 9.40432 8.49707 6.64265 5.08396 3.38361 3.83734 5.73005 5.97764 5.15956 3.64445 5.21802 6.95295 8.52583 9.3795 8.71875 9.40573 9.35466 8.90268 8.03052 6.67167 6.70274 5.68583 5.64673 6.17715 6.35302 6.27107 5.94681 5.42544 5.51499 5.91948 6.02698 6.6332 7.38711 8.12425 8.25258 8.39744 8.40865 8.416 8.43234 8.43857 8.4279 8.39488 8.31615 7.71432 6.99766 6.55754 5.95027 5.87972 7.05972 7.52645 7.78865 8.04786 8.15258
-9999 -9999 -9999 -9999 -9999 -9999 -9999 -9999 3.33079 5.01452 6.2617 6.60112 7.70731 8.30685 8.77188 8.8787 10.1966 10.2737 9.98747 9.53832 8.76523 7.35917 6.38079 4.75001 3.57901 4.0654 4.29214 4.72842 4.60546 5.30968 6.97699 8.71393 8.90755 7.81178 7.97958 8.21477 8.73584 8.47915 6.62575 5.68672 4.90823 5.4704 6.06156 6.20877 6.24264 6.13515 6.00388 5.78273 6.5716 7.15671 7.29649 7.8073 8.18579 8.29412 8.37696 8.39168 8.40645 8.41149 8.3945 8.38331 8.29406 8.0884 7.41465 5.78853 5.86826 5.69543 5.19174 6.33651 7.06383 7.71443 8.06177 8.15407
-9999 -9999 -9999 -9999 -9999 -9999 -9999 -9999 2.76894 4.71622 5.13135 5.1057 4.46742 4.76831 7.15731 7.6422 8.9063 10.1035 10.0206 9.58008 8.85707 8.02148 6.72524 4.89062 3.43369 2.81971 4.39637 5.94316 6.26635 6.76375 7.78708 7.9852 6.86506 5.81502 6.41196 6.77353 8.13757 8.39068 8.13167 7.01708 5.74201 5.07901 5.87335 5.98422 6.037 6.0518 6.0261 5.99758 6.88636 7.38047 7.72482 7.9147 8.24036 8.32757 8.35897 8.38875 8.38794 8.37627 8.33036 8.27734 8.02828 7.72565 6.61938 5.69749 5.12378 4.39441 6.04859 6.53654 7.22012 7.66059 8.0057 8.08375
