Test_Spring_2018b/12_17/Temp/20171214_009.txt
ncols	170
nrows	115
xllcorner	350000.000000
yllcorner	4445000.000000
cellsize	1000.000000
nodata_value	-9999.000000
[rows 32 to 63 of 115, columns 72 to 143 of 170]
11.6328 11.3269 11.8146 12.264 11.9889 11.8122 12.5429 12.5485 12.3054 11.7268 11.5185 11.3024 11.1728 10.4295 8.33222 6.44231 7.46581 7.49706 6.80137 8.06884 7.41014 5.68035 3.23548 4.57499 4.23491 2.49796 2.07852 -9999 -9999 -9999 -9999 -9999 -9999 -9999 -9999 -9999 -9999 -9999 -9999 -9999 -9999 -9999 -9999 -9999 -9999 -9999 -9999 -9999 -9999 -9999 -9999 -9999 -9999 -9999 -9999 -9999 -9999 -9999 -9999 -9999 -9999 -9999 -9999 -9999 -9999 -9999 -9999 -9999 -9999 -9999 -9999 -9999
11.2189 11.0909 11.8131 11.8037 11.7591 12.0157 12.4702 12.5663 12.4751 12.2262 12.0117 11.7834 11.1942 10.343 8.54909 6.39693 5.91429 6.97815 7.03598 7.21294 6.61323 5.85809 4.67269 5.65598 6.04196 4.90506 3.41408 2.45599 -9999 -9999 -9999 -9999 -9999 -9999 -9999 -9999 -9999 -9999 -9999 -9999 -9999 -9999 -9999 -9999 -9999 -9999 -9999 -9999 -9999 -9999 -9999 -9999 -9999 -9999 -9999 -9999 -9999 -9999 -9999 -9999 -9999 -9999 -9999 -9999 -9999 -9999 -9999 -9999 -9999 -9999 -9999 -9999
10.7247 10.0359 10.4734 10.8033 11.4004 11.554 11.6496 12.5098 12.4706 12.4371 12.0786 11.7934 11.3166 10.4977 9.32905 7.92062 5.46316 6.98994 8.18703 8.16368 8.10559 7.57865 6.44009 7.40533 7.45711 6.00503 4.34296 3.37303 2.97626 -9999 -9999 -9999 -9999 -9999 -9999 -9999 -9999 -9999 -9999 -9999 -9999 -9999 -9999 -9999 -9999 -9999 -9999 -9999 -9999 -9999 -9999 -9999 -9999 -9999 -9999 -9999 -9999 -9999 -9999 -9999 -9999 -9999 -9999 -9999 -9999 -9999 -9999 -9999 -9999 -9999 -9999 -9999
10.1625 9.31972 9.75982 10.3451 11.1649 11.5852 11.9085 12.1698 12.4364 12.4118 12.0447 10.9484 10.7976 10.7568 9.9948 8.38816 6.78369 6.37333 8.19575 8.72243 8.62361 9.03596 8.07252 8.53794 8.35669 7.84836 6.25321 4.79864 4.20342 3.01993 -9999 -9999 -9999 -9999 -9999 -9999 -9999 -9999 -9999 -9999 -9999 -9999 -9999 -9999 -9999 -9999 -9999 -9999 -9999 -9999 -9999 -9999 -9999 -9999 -9999 -9999 -9999 -9999 -9999 -9999 -9999 -9999 -9999 -9999 -9999 -9999 -9999 -9999 -9999 -9999 -9999 -9999
-9999 -9999 8.79519 9.58603 10.2414 11.0419 11.7325 12.0842 12.4262 12.4053 11.6653 11.3068 11.2816 10.7847 9.90401 9.35398 8.34645 7.29644 7.70739 9.26253 8.58096 9.68466 9.59871 9.80702 9.08057 7.69645 5.84743 4.76707 4.23536 3.27778 -9999 -9999 -9999 -9999 -9999 -9999 -9999 -9999 -9999 -9999 -9999 -9999 -9999 -9999 -9999 -9999 -9999 -9999 -9999 -9999 -9999 -9999 -9999 -9999 -9999 -9999 -9999 -9999 -9999 -9999 -9999 -9999 -9999 -9999 -9999 -9999 -9999 -9999 -9999 -9999 -9999 -9999
-9999 -9999 -9999 9.44469 9.94451 11.019 11.5677 11.7979 12.3457 12.3531 12.0767 11.8698 11.5668 11.1691 10.509 9.7801 8.83298 8.75187 9.7493 9.76865 9.5688 9.73832 10.2539 10.1265 8.99983 7.04583 6.01781 3.9157 3.02235 3.12226 2.49149 -9999 -9999 -9999 -9999 -9999 -9999 -9999 -9999 -9999 -9999 -9999 -9999 5.05101 -9999 -9999 -9999 -9999 -9999 -9999 -9999 -9999 -9999 -9999 -9999 -9999 -9999 -9999 -9999 -9999 -9999 -9999 -9999 -9999 1.42519 -9999 -9999 -9999 -9999 -9999 -9999 -9999
-9999 -9999 9.35041 10.0151 10.5401 11.2154 11.2816 11.6816 12.3105 12.3257 12.1315 11.9114 11.4088 11.2895 10.9169 10.125 9.96876 10.3 10.4564 10.6327 10.744 10.6665 10.4672 10.2076 9.48083 8.57934 7.97661 6.06111 5.09241 4.17031 2.77092 1.67802 -9999 -9999 -9999 -9999 -9999 -9999 -9999 4.28218 4.2393 4.27383 4.59218 5.45409 4.96337 -9999 -9999 -9999 -9999 -9999 -9999 -9999 -9999 -9999 -9999 -9999 -9999 -9999 -9999 -9999 -9999 -9999 -9999 -9999 2.19941 1.10159 -9999 -9999 -9999 -9999 -9999 -9999
-9999 -9999 9.52695 10.2344 10.5901 11.246 11.6236 11.8649 12.0866 12.299 12.2706 12.0264 11.6517 11.6612 11.1427 10.8666 10.6716 11.1171 11.2111 11.0426 10.8293 10.6414 10.097 10.0399 9.86534 9.29564 8.35605 7.38768 5.98145 4.07875 2.21311 0.709957 -9999 -9999 -9999 -9999 -9999 -9999 4.43521 5.15237 5.58591 4.69398 5.47404 6.18802 6.0857 5.41757 -9999 -9999 -9999 -9999 -9999 -9999 -9999 -9999 -9999 -9999 -9999 -9999 -9999 -9999 7.41846 6.29192 4.00667 2.84023 2.14462 1.14738 -9999 -9999 -9999 -9999 -9999 -9999
-9999 -9999 9.39087 10.2252 10.792 11.2956 11.3804 11.8935 12.1181 12.2349 12.228 12.1849 12.1214 11.6697 11.4797 10.7936 11.4647 11.4472 11.2868 10.6294 10.3484 9.21409 8.71873 8.61162 9.57843 8.8758 7.40131 5.5564 3.33446 3.19622 2.46781 1.12514 -9999 -9999 -9999 -9999 -9999 -9999 4.65757 5.42404 6.06553 6.16733 5.28112 6.54223 6.50834 5.81914 5.67113 6.25585 6.55768 6.35243 7.04999 7.26135 6.96274 7.31219 -9999 -9999 -9999 -9999 7.56203 7.61718 7.66111 7.19713 4.69958 2.99708 1.46953 1.34141 -9999 -9999 -9999 -9999 -9999 -9999
-9999 -9999 9.96839 10.4837 10.7465 10.793 11.2454 11.694 11.9711 12.1788 12.1446 12.1347 12.1242 11.9745 11.6173 11.6906 11.6688 11.4638 10.206 8.73644 9.38784 8.51639 6.64351 8.17729 9.02209 8.22493 6.43662 4.36195 3.68385 3.71886 2.7027 1.39564 -9999 -9999 -9999 2.56569 3.65861 3.76216 4.09119 5.11052 5.88846 6.47504 6.87936 6.87729 6.47602 5.80231 5.0692 5.34555 6.69535 7.03291 7.32069 7.53947 7.26311 7.42576 7.79358 7.9882 8.03514 7.96017 7.95005 7.98839 7.95484 7.52245 5.28742 4.0137 3.20495 1.57809 -9999 -9999 -9999 -9999 -9999 -9999
-9999 -9999 9.65067 10.0992 10.4633 11.0642 11.132 11.5146 11.741 12.0772 12.1209 11.7373 12.0666 12.0322 11.9795 11.8594 11.6799 10.6195 9.15485 7.68648 7.0126 7.30848 6.18627 6.77441 7.63037 7.32511 6.2331 4.38546 4.13087 3.70356 1.98829 0.338286 -9999 -9999 0.456915 2.5454 4.01879 4.78341 5.0269 5.0591 6.03682 6.12297 7.17523 6.94204 5.57854 5.74465 5.21763 5.57634 6.08223 6.22812 6.94572 7.6366 7.7754 7.7886 8.02637 8.08281 8.1042 8.10739 7.96189 8.04155 8.06144 7.79528 6.17992 5.39743 4.53789 1.60598 -9999 -9999 -9999 -9999 -9999 -9999
-9999 -9999 9.88072 10.3814 10.9292 11.0215 11.4286 11.3911 11.2786 11.8456 12.0548 11.7858 11.5944 11.967 11.9494 11.9087 11.8369 10.841 9.68727 7.93634 6.85117 6.18856 5.72097 5.09696 5.53997 5.41337 5.24123 5.45339 4.94835 3.93486 2.93399 1.05419 0.0413727 -9999 0.571439 1.51855 3.26917 4.75857 5.70771 5.37963 6.49019 6.70464 7.35006 6.98819 6.16602 5.82123 5.80082 5.70252 6.4552 6.96381 7.32731 7.57344 7.8774 7.96206 8.04669 8.08742 8.1136 8.13978 8.14481 8.14777 8.12381 8.02944 7.2918 6.51355 4.81507 1.70722 -9999 -9999 -9999 -9999 -9999 -9999
-9999 8.43591 9.82727 10.6638 10.9899 11.2264 11.4354 11.588 11.7459 11.8959 12.002 11.9639 11.2414 11.3082 11.447 11.869 11.8476 11.7651 11.1381 9.00601 8.27274 7.2005 5.80811 5.23117 5.53055 6.68472 6.64013 5.88682 5.04647 3.87939 3.13967 1.98993 -0.224071 -0.0166619 0.991708 1.74444 2.93699 4.75554 6.03346 6.60929 6.83323 7.2894 7.53198 7.03522 6.56352 6.37096 6.00411 5.96258 5.97724 6.43663 6.79757 7.58529 7.85748 7.98737 8.05817 8.10041 8.13336 8.16569 8.18255 8.17632 8.18594 8.18892 8.1456 7.103 4.48287 2.51426 -9999 -9999 -9999 -9999 -9999 -9999
-9999 -9999 9.57372 9.94348 10.0428 10.214 10.561 10.9608 11.5237 11.6009 11.9155 11.9195 11.297 10.5785 11.2186 11.4779 11.7466 11.7628 11.6894 9.89837 8.9655 8.23246 6.89772 7.38985 7.85676 7.89846 7.62753 6.0048 4.38855 2.52118 0.780076 0.703157 -0.231573 0.27336 0.942055 2.6469 3.84953 4.34279 4.70003 6.54936 7.03791 7.21498 7.69724 7.06673 6.91898 6.44871 6.60447 6.57448 6.58933 5.26438 6.61741 6.70786 7.59227 7.99513 8.09397 8.12761 8.16248 8.1754 8.1891 8.19374 8.21138 8.20871 8.20639 7.53295 4.20379 2.54215 -9999 -9999 -9999 -9999 -9999 -9999
-9999 -9999 -9999 -9999 9.7 9.98269 10.1652 10.4789 11.4304 11.6912 11.8667 11.8872 11.6137 10.9018 10.7205 10.8605 10.1679 10.7633 11.5738 11.5621 11.4728 9.89956 9.09904 9.88949 9.65846 8.47668 7.54778 6.63085 4.73738 3.35019 1.35364 -0.143934 -0.193943 1.47291 2.85852 4.5835 5.34964 4.92754 5.40416 6.32867 7.37735 7.89048 7.78383 7.1188 7.03899 6.3074 7.05137 7.12647 6.7986 6.51662 6.64578 7.08913 7.26468 7.95836 8.13353 8.17195 8.18613 8.19764 8.20327 8.20795 8.21019 8.21299 8.21397 8.19424 4.77202 2.11621 -9999 -9999 -9999 -9999 -9999 -9999
-9999 -9999 -9999 -9999 9.04365 9.21706 9.66776 10.8201 11.4228 11.6705 11.6677 11.7862 11.5952 10.9702 10.329 9.72522 8.94442 9.40467 10.6078 11.3204 11.4087 10.0306 10.7602 10.4975 9.97232 8.42466 7.28555 6.6844 4.86672 3.30873 1.98244 0.148902 0.94239 1.81597 2.93654 4.81747 6.08986 6.61839 6.19239 6.787 7.99226 8.01049 7.36931 7.42402 7.04126 6.03705 7.10867 7.41925 7.19146 7.26583 7.18833 7.36033 7.66401 7.95446 8.15045 8.18472 8.1963 8.19874 8.20688 8.21682 8.21313 8.22425 8.22535 8.2192 6.0146 2.06915 -9999 -9999 -9999 -9999 -9999 -9999
-9999 -9999 -9999 -9999 -9999 8.45001 9.47405 11.0025 11.3821 11.3524 11.6726 11.7058 11.4091 11.1531 10.3731 9.30493 7.24567 7.78134 8.88957 10.4836 11.3251 11.2207 10.7655 9.96773 8.02644 6.32805 6.12739 5.85439 4.52942 3.33037 1.85507 2.71966 3.66639 4.70189 5.24966 5.11716 6.20863 7.10074 6.73579 7.46291 8.31001 7.94267 7.73062 7.5549 7.11027 7.09554 7.15652 7.77056 7.36702 7.63482 7.65332 7.65004 7.80313 7.97723 8.15913 8.19634 8.20532 8.2166 8.20514 8.22122 8.22093 8.22142 8.22341 8.21988 8.0314 5.91349 4.65165 -9999 -9999 -9999 -9999 -9999
-9999 -9999 -9999 -9999 -9999 7.5117 8.02419 9.8338 10.3925 11.1953 11.6244 11.6499 11.1444 10.8666 9.7001 9.32771 7.42366 6.56629 7.31018 7.03754 9.22899 11.1689 10.7569 6.86511 5.45996 4.45943 4.72469 4.73336 4.36888 2.32512 1.76693 3.60652 4.76737 5.66861 6.35438 6.5037 6.48881 7.87917 8.07246 8.53179 8.44549 8.49884 7.81379 7.3948 7.78683 7.36519 7.30392 7.93782 7.33858 7.90398 7.85071 7.6957 7.69755 8.07198 8.15519 8.203 8.21415 8.20816 8.19841 8.19703 8.2186 8.22353 8.21444 8.22721 8.21967 7.98164 6.8909 6.51863 6.96002 -9999 -9999 -9999
-9999 -9999 -9999 -9999 -9999 -9999 6.34367 8.85734 10.005 10.6125 11.4662 11.5746 11.3088 10.8223 9.63422 8.59085 6.88964 4.94577 3.91972 7.02467 9.72799 11.1428 10.9666 7.72838 6.4547 6.4023 7.16344 6.53318 6.05646 4.50428 4.04563 3.40573 3.8106 5.06402 6.09033 7.08025 7.80281 7.87033 8.34378 8.62014 8.65318 8.74829 8.67847 8.62403 7.96634 8.44421 8.06278 8.28485 8.16253 8.05294 7.96029 7.58631 7.86874 8.1195 8.19093 8.21975 8.21328 8.21815 8.21657 8.20314 8.20274 8.2117 8.22063 8.2201 8.23226 8.23617 8.12589 7.47506 6.59911 5.48872 -9999 -9999
-9999 -9999 -9999 -9999 -9999 -9999 5.09365 7.59529 8.79993 10.3542 11.156 11.4864 11.4504 11.0576 10.1567 8.79714 7.66639 5.4952 3.24055 6.4987 9.40161 10.9722 11.0631 8.34395 9.10771 8.50369 8.75714 7.64476 7.18627 6.82262 6.02571 5.15371 4.19909 3.69914 5.99237 7.17397 8.12705 8.58165 8.84338 8.97971 8.9228 8.76246 7.7592 8.54549 8.51912 8.45483 8.37913 8.34884 8.28089 8.19829 8.15442 8.14539 7.90006 8.20055 8.20393 8.21589 8.22532 8.22603 8.22027 8.21685 8.21107 8.22152 8.22299 8.2248 8.23019 8.24256 8.24764 8.22445 8.0612 6.56525 5.67543 5.43746
-9999 -9999 -9999 -9999 -9999 -9999 1.58789 5.22585 8.14635 9.67678 10.9245 11.2718 11.4059 10.8763 10.4826 9.5103 8.5904 7.16684 5.03027 3.71823 6.15944 9.70491 11.0155 10.9224 10.8484 10.149 9.51923 9.44556 9.49994 8.76264 7.68924 6.28457 5.85321 5.36525 7.0752 7.31383 7.19773 9.07905 9.09306 8.99704 8.29167 7.50054 7.66465 7.17994 7.57487 6.99547 7.55194 8.03442 8.22195 8.21889 8.16817 8.17297 8.15442 8.21581 8.22324 8.22327 8.22522 8.23027 8.23201 8.21949 8.21694 8.23522 8.2312 8.23182 8.23304 8.24754 8.25648 8.24247 8.23083 8.01152 7.67511 7.02506
-9999 -9999 -9999 -9999 -9999 -9999 1.7468 4.80403 7.40143 8.96248 10.4632 10.8163 11.3275 11.2258 10.8129 9.96873 8.91235 7.74213 5.91023 4.55099 6.18702 8.54295 10.2328 10.8443 10.8438 10.8108 10.658 10.5993 10.4198 10.2909 9.52295 8.19947 7.45278 6.35724 8.26219 8.48279 8.19416 9.15019 9.1122 7.69003 6.59947 6.47342 7.15603 6.52885 6.43112 6.04439 6.50596 7.72266 7.38512 7.46563 8.02337 8.12332 8.19318 8.21737 8.22196 8.22764 8.22672 8.23672 8.24702 8.23501 8.235 8.24055 8.23073 8.23816 8.23576 8.24143 8.24377 8.24192 8.23213 8.17853 8.12186 8.21264
-9999 -9999 -9999 -9999 -9999 -9999 1.81497 3.86946 6.20765 8.5036 10.1061 10.7564 11.232 11.2341 10.7529 10.3372 9.67791 8.64923 7.94641 6.72001 5.03361 7.88373 8.76251 9.54894 9.88488 10.7029 10.6901 10.3253 9.89425 10.3012 10.1935 9.14511 8.80488 8.22604 9.28882 9.29899 9.2779 9.23009 8.02941 6.35741 5.02348 6.00184 5.81092 6.26575 4.90429 6.05155 6.97456 7.28172 6.67229 6.22363 7.65566 7.90448 8.05359 8.15207 8.21959 8.21391 8.23705 8.23755 8.24257 8.24757 8.24541 8.24852 8.24709 8.24577 8.24521 8.25236 8.24878 8.24525 8.25647 8.2318 8.22973 8.23229
-9999 -9999 -9999 -9999 -9999 -9999 -9999 2.66196 5.62492 8.27112 9.7472 10.678 11.1351 11.1339 10.8914 10.6114 10.2055 9.46549 8.53394 7.05712 5.96296 6.67121 7.53222 7.637 8.21263 9.86711 10.4369 9.64619 7.67715 8.85158 10.1561 10.1416 10.0376 9.92062 9.76707 9.63196 9.32757 8.49889 5.94264 5.45005 4.45414 4.5794 4.07428 5.21253 4.8053 5.97543 6.48898 6.68973 5.62951 5.86816 7.14134 7.64907 7.57555 7.89024 8.1889 8.20738 8.22472 8.22634 8.24208 8.25422 8.25956 8.2594 8.26098 8.26547 8.25366 8.27234 8.1895 8.14004 8.02677 8.19443 8.22112 8.24934
-9999 -9999 -9999 -9999 -9999 -9999 -9999 2.07677 5.03408 8.14974 9.15443 10.1576 11.0246 11.0485 10.674 10.3184 9.95219 9.53435 8.40251 7.30526 6.25807 5.91201 6.13275 6.12346 7.05004 9.20335 9.62604 9.45581 7.40373 6.71362 8.45447 9.91865 10.0404 9.91547 8.20804 8.58129 7.66458 6.4188 6.08295 5.54371 4.39353 4.96284 4.12368 4.49919 4.41512 5.08413 5.416 6.20919 5.28639 5.30279 6.55355 7.18659 7.21167 7.8751 8.11752 8.18784 8.21255 8.23315 8.24584 8.26639 8.27103 8.27249 8.27119 8.25171 8.18926 7.97253 6.74828 6.76222 7.11507 7.44944 8.05281 8.23364
-9999 -9999 -9999 -9999 -9999 -9999 -9999 2.42044 4.47471 7.24024 9.29062 9.42577 10.4264 10.9465 10.5387 10.0787 9.60815 9.40706 8.17439 6.81962 5.7266 4.43124 4.65401 5.59782 7.13561 8.52926 8.78446 8.50511 7.40923 7.93789 9.1276 9.76273 9.9552 9.81694 9.45121 9.24352 8.57077 8.28446 7.34766 5.87799 5.30541 5.68488 4.12487 4.24538 4.83697 4.23341 5.26155 5.75913 4.56414 5.5399 6.64274 7.21127 7.70935 7.95007 8.05168 8.20246 8.21579 8.23746 8.25397 8.26225 8.27283 8.26088 8.25314 8.13281 7.95006 6.80492 6.33997 6.44663 6.99342 7.47353 7.98623 8.19768
-9999 -9999 -9999 -9999 -9999 -9999 -9999 2.77167 4.62215 7.02116 8.48511 8.75273 9.86179 10.849 10.747 10.2681 10.1278 9.63154 8.58727 7.43302 6.17065 5.56109 4.1491 5.55502 6.66796 7.8494 8.40602 7.50724 7.05941 7.87339 8.68263 9.01039 9.82776 9.82788 9.57202 8.44261 7.89647 8.13997 7.91097 7.50323 6.49482 6.45965 5.81584 5.55536 5.30996 4.49149 5.03257 5.09627 5.25664 6.41841 6.9973 7.38435 7.73713 7.83689 7.99567 8.19884 8.22564 8.24249 8.2517 8.26561 8.26192 8.21764 8.18223 7.92836 7.47048 6.60637 5.20449 6.21656 7.27424 7.60375 7.92511 8.09381
-9999 -9999 -9999 -9999 -9999 -9999 -9999 2.45953 4.42518 6.47671 7.33855 7.49078 9.49239 10.721 10.7306 10.5077 10.2461 9.00844 9.0896 8.84854 7.71051 6.04912 4.22359 4.40344 5.50388 7.06041 7.58096 6.08997 5.56796 5.96556 7.18561 8.27858 9.41955 9.7154 9.39122 7.62864 5.75528 6.63724 7.57927 7.58368 7.31983 6.38537 6.09562 5.8344 5.15564 4.00224 4.18318 4.51815 5.84209 6.26519 6.91298 7.45255 7.26293 7.38958 7.90589 8.20633 8.22717 8.24232 8.26198 8.26556 8.25864 8.15966 8.05438 7.87053 6.65832 5.90881 4.81742 6.11789 6.84238 7.24599 7.93586 8.10847
-9999 -9999 -9999 -9999 -9999 -9999 -9999 1.85509 3.28363 5.24506 6.03987 7.30353 9.1956 10.1301 10.5821 10.5801 10.4083 9.85849 9.53112 8.87829 7.69404 6.07176 4.2675 3.09563 3.70312 5.79566 6.30178 4.92273 4.22749 5.11139 6.4113 8.33227 9.43335 9.58919 9.49876 9.14213 7.77682 6.12564 6.14055 6.98271 6.29569 5.49577 5.95114 5.87881 5.20856 4.72384 4.43453 4.63991 5.39679 5.71471 6.46149 7.55863 7.72444 7.70363 8.17121 8.20406 8.22472 8.252 8.26154 8.26753 8.26411 8.18523 7.99568 7.1922 6.49303 5.51617 5.40501 6.56814 7.08707 7.57126 7.91517 8.0344
-9999 -9999 -9999 -9999 -9999 -9999 -9999 0.812927 2.49265 4.33072 6.05232 7.68161 9.08501 9.20053 9.94444 9.95131 10.3449 10.2423 9.73318 9.18456 8.16528 6.07899 4.32591 2.41326 2.92733 5.06232 5.34783 4.4294 2.72567 4.50148 6.45904 8.23402 9.19874 8.45737 9.23433 9.1799 8.67387 7.69458 6.16709 6.20554 5.06348 5.02309 5.62438 5.82633 5.73788 5.37647 4.79614 4.91466 5.37942 5.50486 6.19206 7.04556 7.88011 8.02879 8.19612 8.21294 8.22555 8.24846 8.2602 8.25318 8.22124 8.13813 7.46602 6.66483 6.17545 5.49799 5.42533 6.76247 7.30896 7.61979 7.91836 8.04264
-9999 -9999 -9999 -9999 -9999 -9999 -9999 -9999 2.32335 4.22221 5.62932 6.01384 7.26225 7.93995 8.46617 8.58892 10.0761 10.1655 9.84561 9.34228 8.47406 6.89282 5.79345 3.95917 2.64288 3.19831 3.45593 3.95074 3.81553 4.61216 6.49375 8.45375 8.6751 7.44383 7.63604 7.90417 8.49439 8.20843 6.12372 5.06917 4.19555 4.83236 5.50191 5.67141 5.71331 5.59603 5.46758 5.22853 6.12173 6.78534 6.94722 7.52703 7.95775 8.0841 8.18176 8.2027 8.2238 8.23406 8.21969 8.21206 8.11674 7.89058 7.13738 5.31158 5.40784 5.21985 4.65935 5.96774 6.8062 7.54624 7.94448 8.05519
-9999 -9999 -9999 -9999 -9999 -9999 -9999 -9999 1.69574 3.89178 4.3618 4.33528 3.61863 3.96004 6.65386 7.20259 8.62919 9.98041 9.88962 9.39593 8.58408 7.64547 6.18799 4.12407 2.48571 1.80101 3.57989 5.32623 5.6938 6.25763 7.41396 7.6406 6.3821 5.20251 5.87831 6.28889 7.82878 8.11711 7.8285 6.57605 5.14284 4.39925 5.29755 5.42597 5.48907 5.50951 5.49792 5.47679 6.48383 7.04505 7.43755 7.65598 8.02738 8.13011 8.16997 8.20801 8.21164 8.20312 8.15617 8.1014 7.82601 7.49055 6.25007 5.21765 4.57782 3.76299 5.63367 6.20226 6.98798 7.49568 7.89189 7.98706
