Test_Spring_2018b/12_17/Temp/20171229_007.txt
ncols	170
nrows	115
xllcorner	350000.000000
yllcorner	4445000.000000
cellsize	1000.000000
nodata_value	-9999.000000
[rows 31 to 61 of 115, columns 71 to 141 of 170]
7.76371 7.97356 7.57998 7.62022 8.56519 8.77601 8.76281 8.67457 8.58528 8.13644 7.98676 7.63334 7.01033 6.74969 5.64087 2.05395 3.07017 3.46796 2.42837 3.00951 3.95492 3.13213 0.689847 -0.362195 -2.05681 -1.51545 -2.02622 -3.39002 -9999 -9999 -9999 -9999 -9999 -9999 -9999 -9999 -9999 -9999 -9999 -9999 -9999 -9999 -9999 -9999 -9999 -9999 -9999 -9999 -9999 -9999 -9999 -9999 -9999 -9999 -9999 -9999 -9999 -9999 -9999 -9999 -9999 -9999 -9999 -9999 -9999 -9999 -9999 -9999 -9999 -9999 -9999
7.56206 7.53886 7.15979 7.74772 8.28912 7.95783 7.73679 8.62548 8.62603 8.32341 7.61181 7.35108 7.08071 6.91524 6.00217 3.4394 1.12912 2.36767 2.3974 1.54155 3.07709 2.26625 0.15069 -2.83591 -1.21252 -1.63505 -3.7472 -4.26584 -9999 -9999 -9999 -9999 -9999 -9999 -9999 -9999 -9999 -9999 -9999 -9999 -9999 -9999 -9999 -9999 -9999 -9999 -9999 -9999 -9999 -9999 -9999 -9999 -9999 -9999 -9999 -9999 -9999 -9999 -9999 -9999 -9999 -9999 -9999 -9999 -9999 -9999 -9999 -9999 -9999 -9999 -9999
7.23168 7.03361 6.87118 7.74457 7.72707 7.67271 7.98308 8.53532 8.64594 8.52834 8.21834 7.95006 7.66464 6.93944 5.89486 3.70161 1.07182 0.475616 1.76314 1.82508 2.03206 1.29292 0.364403 -1.08822 0.100949 0.562539 -0.823576 -2.64313 -3.81239 -9999 -9999 -9999 -9999 -9999 -9999 -9999 -9999 -9999 -9999 -9999 -9999 -9999 -9999 -9999 -9999 -9999 -9999 -9999 -9999 -9999 -9999 -9999 -9999 -9999 -9999 -9999 -9999 -9999 -9999 -9999 -9999 -9999 -9999 -9999 -9999 -9999 -9999 -9999 -9999 -9999 -9999
6.73085 6.43028 5.58469 6.11132 6.50694 7.23446 7.42384 7.53412 8.57562 8.52121 8.47371 8.02999 7.67526 7.087 6.0817 4.65009 2.92622 -0.0757123 1.77561 3.2252 3.188 3.10841 2.45763 1.06179 2.22867 2.28283 0.513029 -1.50952 -2.70013 -3.19255 -9999 -9999 -9999 -9999 -9999 -9999 -9999 -9999 -9999 -9999 -9999 -9999 -9999 -9999 -9999 -9999 -9999 -9999 -9999 -9999 -9999 -9999 -9999 -9999 -9999 -9999 -9999 -9999 -9999 -9999 -9999 -9999 -9999 -9999 -9999 -9999 -9999 -9999 -9999 -9999 -9999
6.03341 5.74392 4.71081 5.2406 5.94737 6.94049 7.45608 7.84803 8.16005 8.47827 8.44156 7.98749 6.64477 6.45358 6.39602 5.45982 3.49442 1.53145 1.0229 3.23404 3.86664 3.7372 4.23035 3.04754 3.60525 3.37518 2.74783 0.808069 -0.968438 -1.703 -3.15415 -9999 -9999 -9999 -9999 -9999 -9999 -9999 -9999 -9999 -9999 -9999 -9999 -9999 -9999 -9999 -9999 -9999 -9999 -9999 -9999 -9999 -9999 -9999 -9999 -9999 -9999 -9999 -9999 -9999 -9999 -9999 -9999 -9999 -9999 -9999 -9999 -9999 -9999 -9999 -9999
-9999 -9999 -9999 4.06397 5.02189 5.81825 6.79261 7.63224 8.05448 8.4647 8.43265 7.52434 7.08044 7.04231 6.4292 5.34835 4.66997 3.43403 2.1461 2.63766 4.52284 3.68325 5.01827 4.90405 5.14821 4.25365 2.56459 0.309272 -1.01187 -1.66949 -2.84587 -9999 -9999 -9999 -9999 -9999 -9999 -9999 -9999 -9999 -9999 -9999 -9999 -9999 -9999 -9999 -9999 -9999 -9999 -9999 -9999 -9999 -9999 -9999 -9999 -9999 -9999 -9999 -9999 -9999 -9999 -9999 -9999 -9999 -9999 -9999 -9999 -9999 -9999 -9999 -9999
-9999 -9999 -9999 -9999 4.84814 5.45512 6.75832 7.43007 7.70449 8.36571 8.36823 8.02483 7.76575 7.38923 6.89701 6.08482 5.18847 4.02597 3.91812 5.12385 5.13794 4.88485 5.08157 5.69975 5.53459 4.15329 1.76819 0.50562 -2.05399 -3.15257 -3.04121 -3.81991 -9999 -9999 -9999 -9999 -9999 -9999 -9999 -9999 -9999 -9999 -9999 -9999 -0.814537 -9999 -9999 -9999 -9999 -9999 -9999 -9999 -9999 -9999 -9999 -9999 -9999 -9999 -9999 -9999 -9999 -9999 -9999 -9999 -9999 -5.40834 -9999 -9999 -9999 -9999 -9999
-9999 -9999 -9999 4.73677 5.54507 6.17903 6.99631 7.07599 7.56184 8.3221 8.33437 8.09127 7.81633 7.19668 7.04366 6.5816 5.60838 5.40917 5.80338 5.98441 6.18939 6.3149 6.21034 5.95739 5.6308 4.74126 3.6325 2.88761 0.550254 -0.63641 -1.77049 -3.48595 -4.82794 -9999 -9999 -9999 -9999 -9999 -9999 -9999 -1.72985 -1.78955 -1.75465 -1.37382 -0.330706 -0.935261 -9999 -9999 -9999 -9999 -9999 -9999 -9999 -9999 -9999 -9999 -9999 -9999 -9999 -9999 -9999 -9999 -9999 -9999 -9999 -4.47216 -5.81951 -9999 -9999 -9999 -9999
-9999 -9999 -9999 4.95381 5.81018 6.23842 7.03238 7.48725 7.78423 8.04875 8.30162 8.26074 7.95652 7.49291 7.4968 6.857 6.51198 6.26533 6.79857 6.90321 6.68785 6.41768 6.17825 5.50433 5.42407 5.20643 4.50144 3.3458 2.15503 0.441081 -1.88801 -4.17192 -6.01414 -9999 -9999 -9999 -9999 -9999 -9999 -1.54398 -0.678041 -0.157152 -1.25055 -0.306976 0.556253 0.425114 -0.396344 -9999 -9999 -9999 -9999 -9999 -9999 -9999 -9999 -9999 -9999 -9999 -9999 -9999 -9999 1.91677 0.535235 -2.25789 -3.68831 -4.54542 -5.77025 -9999 -9999 -9999 -9999
-9999 -9999 -9999 4.78555 5.79696 6.48264 7.09159 7.19028 7.81476 8.08674 8.22342 8.20908 8.15 8.06568 7.50779 7.2681 6.42359 7.23183 7.20069 6.99513 6.18383 5.8309 4.43814 3.82363 3.68744 4.85386 3.98652 2.17888 -0.0800849 -2.79515 -2.96904 -3.86814 -5.51536 -9999 -9999 -9999 -9999 -9999 -9999 -1.28153 -0.355327 0.419138 0.536565 -0.549271 0.980795 0.932515 0.0865572 -0.100387 0.604934 0.965294 0.707441 1.55286 1.80186 1.42931 1.84592 -9999 -9999 -9999 -9999 2.10376 2.16178 2.20614 1.63176 -1.41994 -3.50332 -5.37385 -5.54151 -9999 -9999 -9999 -9999
-9999 -9999 -9999 5.48639 6.10957 6.4255 6.47805 7.02508 7.57138 7.9074 8.15464 8.10714 8.08887 8.06916 7.87918 7.43582 7.51619 7.48019 7.22042 5.67769 3.8767 4.65907 3.58703 1.29842 3.15584 4.17321 3.19031 0.999934 -1.53935 -2.37447 -2.33829 -3.58844 -5.19781 -9999 -9999 -9999 -3.81582 -2.49393 -2.37661 -1.98397 -0.74985 0.190724 0.903907 1.3905 1.38257 0.88681 0.0600793 -0.839294 -0.509344 1.12781 1.53146 1.87732 2.13538 1.78988 1.97519 2.41413 2.64195 2.68982 2.58917 2.56752 2.60492 2.55472 2.01863 -0.709455 -2.2705 -3.26544 -5.26284 -9999 -9999 -9999 -9999
-9999 -9999 -9999 5.09993 5.64208 6.0816 6.80755 6.88633 7.34868 7.62389 8.03104 8.07881 7.60545 7.99991 7.95055 7.87809 7.72276 7.4944 6.19235 4.3974 2.59744 1.76499 2.11737 0.73844 1.44352 2.47415 2.09094 0.742129 -1.52085 -1.84317 -2.37375 -4.47012 -6.4922 -9999 -9999 -6.38182 -3.84799 -2.06272 -1.14011 -0.851598 -0.819806 0.36435 0.462889 1.73862 1.44862 -0.218814 -0.0224407 -0.663784 -0.233224 0.371974 0.542342 1.40841 2.24501 2.40552 2.41271 2.69323 2.75271 2.76942 2.76393 2.57734 2.66503 2.67991 2.34625 0.368928 -0.594046 -1.65267 -5.238 -9999 -9999 -9999 -9999
-9999 -9999 -9999 5.3781 5.98407 6.64772 6.75655 7.24894 7.19785 7.06062 7.74709 7.99868 7.66524 7.42558 7.87218 7.84241 7.78384 7.68642 6.46276 5.04614 2.90159 1.56772 0.751648 0.169749 -0.607832 -0.0808943 -0.247783 -0.47008 -0.224161 -0.851677 -2.09683 -3.32854 -5.62622 -6.87213 -9999 -6.24922 -5.10589 -2.98301 -1.17751 -0.0293281 -0.436267 0.909893 1.16497 1.94512 1.49883 0.49127 0.0624348 0.0314686 -0.0945614 0.815813 1.43442 1.86932 2.16129 2.52577 2.62006 2.71408 2.75442 2.77696 2.79945 2.79618 2.79039 2.75177 2.6273 1.71909 0.759846 -1.31945 -5.11903 -9999 -9999 -9999 -9999
-9999 -9999 3.61867 5.31007 6.32557 6.71965 7.00464 7.2562 7.43896 7.63098 7.80861 7.93346 7.88269 6.99625 7.07045 7.23129 7.73616 7.70009 7.58875 6.81349 4.20429 3.30138 1.97812 0.268694 -0.446652 -0.0950932 1.29779 1.2305 0.300011 -0.736374 -2.16902 -3.08284 -4.49578 -7.20146 -6.96071 -5.74364 -4.83722 -3.39421 -1.18776 0.360976 1.05526 1.32155 1.87089 2.16088 1.5481 0.967532 0.727232 0.274517 0.21793 0.229573 0.782709 1.21512 2.17237 2.49587 2.64743 2.72466 2.76688 2.79767 2.82764 2.83872 2.82166 2.82386 2.81787 2.75426 1.47405 -1.73265 -4.14467 -9999 -9999 -9999 -9999
-9999 -9999 -9999 4.99837 5.4457 5.56382 5.7697 6.18979 6.67404 7.35963 7.44992 7.82872 7.82808 7.06423 6.18184 6.95342 7.26006 7.5772 7.58591 7.48469 5.28971 4.14016 3.2337 1.59408 2.18056 2.73582 2.7732 2.42989 0.440029 -1.54176 -3.82781 -5.96157 -6.06774 -7.21858 -6.61298 -5.8098 -3.74365 -2.2884 -1.69636 -1.26911 0.976554 1.5649 1.77338 2.35503 1.58144 1.39576 0.817363 1.0015 0.959217 0.971385 -0.648784 0.992479 1.09603 2.16636 2.65239 2.76527 2.79708 2.83023 2.83653 2.84373 2.83982 2.85168 2.83793 2.82194 1.99053 -2.07622 -4.11441 -9999 -9999 -9999 -9999
-9999 -9999 -9999 -9999 -9999 5.14416 5.48613 5.70615 6.0858 7.24495 7.55903 7.76856 7.7886 7.44944 6.57538 6.34637 6.50762 5.65361 6.36663 7.34243 7.31522 7.19298 5.26265 4.27395 5.22295 4.92771 3.47442 2.32936 1.19907 -1.12057 -2.82194 -5.26696 -7.10378 -7.17678 -5.15786 -3.48009 -1.38945 -0.465934 -0.988949 -0.416287 0.701991 1.97269 2.59156 2.45586 1.64026 1.53751 0.640906 1.54174 1.62768 1.2226 0.873207 1.0239 1.55768 1.76482 2.60264 2.80835 2.84844 2.85643 2.861 2.85831 2.85437 2.8455 2.83815 2.82828 2.7929 -1.38749 -4.63689 -9999 -9999 -9999 -9999
-9999 -9999 -9999 -9999 -9999 4.34248 4.55149 5.0983 6.49972 7.23399 7.53236 7.52483 7.66414 7.42566 6.65733 5.86807 5.12334 4.16175 4.71092 6.16406 7.01899 7.11278 5.42001 6.29491 5.96086 5.30702 3.40787 2.00659 1.26085 -0.966549 -2.8761 -4.50466 -6.75072 -5.79618 -4.74355 -3.38946 -1.10835 0.431862 1.06674 0.53956 1.25641 2.71776 2.73369 1.94678 2.0079 1.53615 0.307494 1.60754 1.98046 1.69747 1.78237 1.68159 1.8851 2.24861 2.5955 2.8268 2.8605 2.86632 2.85987 2.86018 2.86176 2.84664 2.8492 2.83922 2.8201 0.122689 -4.69782 -9999 -9999 -9999 -9999
-9999 -9999 -9999 -9999 -9999 -9999 3.61493 4.86015 6.71973 7.18218 7.14249 7.52846 7.56395 7.19663 6.87776 5.91942 4.60899 2.09005 2.73104 4.06853 5.99698 7.00824 6.86679 6.29837 5.31236 2.93344 0.850589 0.592437 0.246413 -1.38077 -2.85307 -4.66308 -3.62231 -2.481 -1.23104 -0.574633 -0.746317 0.573578 1.65132 1.19848 2.07662 3.10152 2.6476 2.38327 2.16355 1.61636 1.59299 1.66191 2.40454 1.90755 2.22824 2.24457 2.23477 2.41507 2.62047 2.83478 2.87222 2.87459 2.87909 2.85531 2.86458 2.85344 2.84285 2.83372 2.81757 2.57588 -0.0185362 -1.56831 -9999 -9999 -9999
-9999 -9999 -9999 -9999 -9999 -9999 2.46958 3.09147 5.29334 5.97391 6.94816 7.46652 7.49256 6.87079 6.52463 5.09607 4.63318 2.30328 1.24741 2.14109 1.79571 4.45137 6.80018 6.28446 1.52943 -0.196358 -1.42908 -1.11963 -1.12246 -1.57952 -4.08067 -4.77334 -2.54472 -1.14243 -0.0558767 0.768735 0.940291 0.912523 2.59697 2.82438 3.37614 3.26381 3.32211 2.48135 1.96505 2.43687 1.91769 1.83759 2.60437 1.86899 2.55226 2.48122 2.28674 2.28295 2.73254 2.82678 2.87724 2.88205 2.86565 2.84368 2.83208 2.84745 2.84211 2.81932 2.82286 2.80143 2.49689 1.15549 0.689327 1.21441 -9999
-9999 -9999 -9999 -9999 -9999 -9999 -9999 1.04153 4.1007 5.49852 6.2345 7.26996 7.39664 7.06621 6.46656 5.01111 3.73085 1.64809 -0.731379 -1.99346 1.77566 5.05499 6.76426 6.5359 2.57721 1.01169 0.934066 1.84772 1.06673 0.47312 -1.42897 -2.00019 -2.79175 -2.31015 -0.794711 0.444643 1.64053 2.5111 2.58407 3.15187 3.48165 3.51444 3.62332 3.5317 3.45918 2.65204 3.22836 2.75808 3.02306 2.86856 2.72955 2.61048 2.14932 2.48738 2.7864 2.86638 2.89268 2.87673 2.87358 2.86157 2.83417 2.82441 2.82388 2.82293 2.81018 2.81268 2.80281 2.65577 1.85034 0.770804 -0.594127
-9999 -9999 -9999 -9999 -9999 -9999 -9999 -0.484244 2.55983 4.0267 5.91574 6.88983 7.28345 7.23332 6.74755 5.64185 3.97645 2.58863 -0.067621 -2.82647 1.12883 4.65248 6.5518 6.64846 3.32289 4.23949 3.49014 3.78557 2.41751 1.84632 1.39234 0.409328 -0.664724 -1.83945 -2.45997 0.323251 1.75267 2.90405 3.4485 3.75828 3.9156 3.8376 3.63805 2.40903 3.36032 3.32193 3.23754 3.13944 3.0968 3.00837 2.90211 2.84229 2.82564 2.52081 2.87957 2.8752 2.88263 2.88604 2.87784 2.86076 2.8456 2.82676 2.82983 2.82138 2.81147 2.80572 2.80618 2.79975 2.75899 2.54778 0.713362
-9999 -9999 -9999 -9999 -9999 -9999 -9999 -4.75797 -0.330233 3.22968 5.08883 6.59914 7.01623 7.17297 6.52044 6.03246 4.83873 3.70783 1.96244 -0.652355 -2.26346 0.695998 5.00091 6.5856 6.45931 6.35573 5.4905 4.71024 4.60774 4.66157 3.75276 2.43252 0.709897 0.172246 -0.432687 1.64011 1.92091 1.76986 4.0522 4.06011 3.93425 3.06639 2.09404 2.286 1.6936 2.16811 1.45593 2.12762 2.70936 2.93192 2.92237 2.85391 2.85226 2.82395 2.8899 2.89248 2.88528 2.87956 2.87664 2.86875 2.8426 2.82783 2.83782 2.82407 2.81222 2.8044 2.80751 2.80594 2.77653 2.75021 2.47113
-9999 -9999 -9999 -9999 -9999 -9999 -9999 -4.56436 -0.84078 2.31811 4.20922 6.03152 6.45532 7.07105 6.93945 6.42803 5.39026 4.09315 2.65652 0.413087 -1.25523 0.724635 3.57973 5.62435 6.35671 6.34574 6.29242 6.09361 6.00887 5.77798 5.61065 4.66347 3.03842 2.11809 0.773138 3.08355 3.34241 2.98118 4.13632 4.0808 2.33935 1.00209 0.840037 1.66301 0.891253 0.765118 0.293266 0.849062 2.32492 1.90475 1.99708 2.6697 2.78585 2.86163 2.88497 2.88389 2.88345 2.87416 2.87727 2.87989 2.85449 2.843 2.83771 2.81331 2.81441 2.79891 2.791 2.78561 2.77123 2.74736 2.67036
-9999 -9999 -9999 -9999 -9999 -9999 -9999 -4.48493 -1.98284 0.859787 3.64498 5.59068 6.37609 6.94813 6.94274 6.34787 5.83197 5.01864 3.75455 2.88674 1.38053 -0.686491 2.77232 3.82768 4.7737 5.16918 6.1526 6.12421 5.66746 5.13607 5.61987 5.47527 4.18715 3.76206 3.04662 4.33119 4.33372 4.29838 4.23064 2.7587 0.712796 -0.921053 0.26207 0.0211328 0.566744 -1.09897 0.287432 1.40504 1.77288 1.03108 0.478491 2.21563 2.50889 2.68447 2.79804 2.87338 2.85892 2.87885 2.8704 2.86665 2.86214 2.84827 2.84028 2.82641 2.81245 2.80469 2.79884 2.7821 2.75897 2.76077 2.72477
-9999 -9999 -9999 -9999 -9999 -9999 -9999 -9999 -3.45735 0.139477 3.35652 5.14785 6.27458 6.82367 6.81403 6.50973 6.15912 5.6544 4.74203 3.59573 1.78466 0.439278 1.28917 2.32267 2.43881 3.12708 5.12973 5.81129 4.83597 2.42748 3.84425 5.42224 5.39385 5.25672 5.10417 4.91024 4.73582 4.35533 3.33632 0.213028 -0.399533 -1.62193 -1.47833 -2.10233 -0.724845 -1.22811 0.189847 0.808403 1.04631 -0.251525 0.0309262 1.57203 2.18474 2.08924 2.46627 2.8279 2.84269 2.85545 2.84836 2.85777 2.86213 2.85763 2.84096 2.83068 2.82374 2.80266 2.81098 2.69776 2.62549 2.47586 2.66887
-9999 -9999 -9999 -9999 -9999 -9999 -9999 -9999 -4.18053 -0.584822 3.20355 4.42014 5.63454 6.68264 6.70316 6.23784 5.79507 5.33871 4.81889 3.42876 2.0803 0.792413 0.358298 0.614423 0.589528 1.70561 4.31619 4.81883 4.59949 2.08753 1.23542 3.34497 5.11785 5.25574 5.09343 3.00357 3.44842 2.32201 0.794835 0.376178 -0.290111 -1.70046 -1.01599 -2.04697 -1.59798 -1.7085 -0.901169 -0.504152 0.455158 -0.67561 -0.664527 0.848649 1.61355 1.63772 2.43918 2.72736 2.80535 2.82712 2.84318 2.84891 2.86354 2.85821 2.84853 2.83517 2.79948 2.7114 2.44144 0.936216 0.941456 1.35983 1.75606
-9999 -9999 -9999 -9999 -9999 -9999 -9999 -9999 -3.76565 -1.27056 2.09076 4.58066 4.73722 5.94771 6.57247 6.06631 5.49623 4.91274 4.657 3.14418 1.4822 0.138704 -1.45155 -1.1927 -0.0556194 1.80441 3.48983 3.78861 3.43648 2.08927 2.72184 4.16003 4.92297 5.14697 4.96834 4.5128 4.24993 3.42067 3.06224 1.91152 0.11182 -0.594935 -0.14172 -2.05084 -1.91254 -1.20008 -1.94315 -0.698175 -0.0992124 -1.56183 -0.387102 0.949717 1.63562 2.23557 2.52173 2.63807 2.81384 2.82162 2.83897 2.84945 2.84933 2.85154 2.82589 2.80509 2.64696 2.41274 1.00623 0.432662 0.551084 1.2059 1.77977
-9999 -9999 -9999 -9999 -9999 -9999 -9999 -9999 -3.34137 -1.09506 1.81927 3.59436 3.91186 5.25407 6.44746 6.31374 5.72049 5.53922 4.92392 3.64067 2.22308 0.673466 -0.0811934 -1.81353 -0.113355 1.22917 2.65623 3.3223 2.21504 1.65778 2.6379 3.61256 4.00101 4.98615 4.97599 4.65421 3.26847 2.59339 2.88034 2.59182 2.08573 0.848092 0.796217 0.00316652 -0.322668 -0.629845 -1.63487 -0.983346 -0.913117 -0.729086 0.675699 1.37391 1.83838 2.26095 2.37508 2.56078 2.80014 2.82422 2.83568 2.83735 2.84429 2.82937 2.76468 2.71053 2.39012 1.82111 0.757289 -0.956949 0.264616 1.54193 1.9273
-9999 -9999 -9999 -9999 -9999 -9999 -9999 -9999 -3.72494 -1.33883 1.15175 2.19292 2.36949 4.79862 6.28579 6.28783 6.00619 5.67714 4.15869 4.24642 3.94132 2.54328 0.507449 -1.72851 -1.52176 -0.190955 1.68949 2.31166 0.482878 -0.164779 0.308055 1.78304 3.10351 4.48271 4.83267 4.42757 2.27046 -0.0214249 1.04324 2.18124 2.17724 1.84665 0.699367 0.337656 0.0109293 -0.824179 -2.23598 -2.02461 -1.62409 -0.0265739 0.481569 1.26341 1.91336 1.67488 1.82147 2.44244 2.80012 2.81682 2.8262 2.84069 2.8352 2.81659 2.68555 2.54663 2.31184 0.824277 -0.099659 -1.44105 0.13799 1.00955 1.48462
-9999 -9999 -9999 -9999 -9999 -9999 -9999 -9999 -4.46436 -2.73299 -0.352606 0.606528 2.13662 4.432 5.56068 6.10134 6.08865 5.86896 5.18835 4.77844 3.97176 2.51747 0.529355 -1.68065 -3.12047 -2.39284 0.143064 0.745237 -0.94501 -1.80379 -0.738705 0.833412 3.16233 4.49278 4.67204 4.55154 4.10701 2.43396 0.412875 0.421536 1.43812 0.592118 -0.391184 0.154849 0.0582813 -0.766439 -1.36497 -1.7253 -1.48657 -0.576341 -0.196521 0.705666 2.03454 2.22877 2.19547 2.75686 2.78841 2.8048 2.82894 2.83117 2.82876 2.81463 2.70833 2.46703 1.47774 0.615408 -0.58522 -0.731295 0.679844 1.29593 1.8741
-9999 -9999 -9999 -9999 -9999 -9999 -9999 -9999 -5.7368 -3.69986 -1.47013 0.617614 2.59278 4.2926 4.42342 5.31949 5.31749 5.78631 5.65046 5.01912 4.33939 3.08605 0.532696 -1.61498 -3.95722 -3.34348 -0.751949 -0.421226 -1.55223 -3.63968 -1.48831 0.884701 3.03556 4.19968 3.28582 4.2218 4.14528 3.51892 2.3163 0.446146 0.483785 -0.916385 -0.974342 -0.25042 -0.0127715 -0.128696 -0.576979 -1.29013 -1.15893 -0.604853 -0.459657 0.36975 1.40162 2.41026 2.5832 2.77866 2.79054 2.79705 2.81586 2.82082 2.80269 2.754 2.64277 1.81388 0.827624 0.221087 -0.614625 -0.713639 0.904124 1.55958 1.92636
