Test_Spring_2018b/12_17/Temp/20171224_004.txt
ncols	170
nrows	115
xllcorner	350000.000000
yllcorner	4445000.000000
cellsize	1000.000000
nodata_value	-9999.000000
[rows 31 to 61 of 115, columns 70 to 139 of 170]
4.22069 4.7404 4.93023 4.56504 4.59978 5.49032 5.69239 5.67987 5.62455 5.54195 5.12794 4.98891 4.66185 4.08615 3.84372 2.82012 -0.485208 0.447641 0.8113 -0.148056 0.385342 1.25479 0.497026 -1.75098 -2.71817 -4.27619 -3.7659 -4.21476 -5.46714 -9999 -9999 -9999 -9999 -9999 -9999 -9999 -9999 -9999 -9999 -9999 -9999 -9999 -9999 -9999 -9999 -9999 -9999 -9999 -9999 -9999 -9999 -9999 -9999 -9999 -9999 -9999 -9999 -9999 -9999 -9999 -9999 -9999 -9999 -9999 -9999 -9999 -9999 -9999 -9999 -9999
4.30848 4.54454 4.51976 4.16782 4.70665 5.20301 4.92847 4.74345 5.56905 5.56896 5.28941 4.63293 4.39118 4.14021 3.98551 3.14231 0.780144 -1.3495 -0.211511 -0.18613 -0.975625 0.437243 -0.309527 -2.25684 -5.00539 -3.50883 -3.89539 -5.80926 -6.28194 -9999 -9999 -9999 -9999 -9999 -9999 -9999 -9999 -9999 -9999 -9999 -9999 -9999 -9999 -9999 -9999 -9999 -9999 -9999 -9999 -9999 -9999 -9999 -9999 -9999 -9999 -9999 -9999 -9999 -9999 -9999 -9999 -9999 -9999 -9999 -9999 -9999 -9999 -9999 -9999 -9999
3.6364 4.22957 4.04381 3.89132 4.69293 4.67463 4.64604 4.95995 5.47551 5.57664 5.46734 5.18055 4.93183 4.667 3.99701 3.03281 1.01099 -1.41269 -1.96382 -0.780246 -0.724608 -0.534865 -1.2156 -2.07002 -3.40633 -2.30972 -1.88248 -3.14705 -4.79811 -5.85546 -9999 -9999 -9999 -9999 -9999 -9999 -9999 -9999 -9999 -9999 -9999 -9999 -9999 -9999 -9999 -9999 -9999 -9999 -9999 -9999 -9999 -9999 -9999 -9999 -9999 -9999 -9999 -9999 -9999 -9999 -9999 -9999 -9999 -9999 -9999 -9999 -9999 -9999 -9999 -9999
2.73688 3.75709 3.47707 2.6957 3.17813 3.54025 4.2508 4.44188 4.54294 5.50113 5.44998 5.40483 4.99454 4.66587 4.12196 3.19392 1.87337 0.283823 -2.48221 -0.779464 0.553865 0.518865 0.445458 -0.153186 -1.43718 -0.361084 -0.308999 -1.92318 -3.7467 -4.84189 -5.29467 -9999 -9999 -9999 -9999 -9999 -9999 -9999 -9999 -9999 -9999 -9999 -9999 -9999 -9999 -9999 -9999 -9999 -9999 -9999 -9999 -9999 -9999 -9999 -9999 -9999 -9999 -9999 -9999 -9999 -9999 -9999 -9999 -9999 -9999 -9999 -9999 -9999 -9999 -9999
-9999 3.10303 2.83342 1.87962 2.36518 3.01398 3.94889 4.44997 4.82101 5.10763 5.3996 5.36438 4.94451 3.70613 3.52771 3.47219 2.60769 0.795714 -1.01376 -1.48375 0.550806 1.13258 1.0134 1.46812 0.380419 0.895822 0.686406 0.116126 -1.64406 -3.25767 -3.93327 -5.26924 -9999 -9999 -9999 -9999 -9999 -9999 -9999 -9999 -9999 -9999 -9999 -9999 -9999 -9999 -9999 -9999 -9999 -9999 -9999 -9999 -9999 -9999 -9999 -9999 -9999 -9999 -9999 -9999 -9999 -9999 -9999 -9999 -9999 -9999 -9999 -9999 -9999 -9999
-9999 -9999 -9999 -9999 1.27039 2.17232 2.91009 3.82785 4.61124 4.9995 5.37626 5.34534 4.5072 4.09625 4.05861 3.49142 2.49357 1.86642 0.726216 -0.461395 -0.0100504 1.72508 0.952215 2.18229 2.07874 2.30581 1.48497 -0.0470756 -2.11355 -3.30745 -3.91186 -4.99455 -9999 -9999 -9999 -9999 -9999 -9999 -9999 -9999 -9999 -9999 -9999 -9999 -9999 -9999 -9999 -9999 -9999 -9999 -9999 -9999 -9999 -9999 -9999 -9999 -9999 -9999 -9999 -9999 -9999 -9999 -9999 -9999 -9999 -9999 -9999 -9999 -9999 -9999
-9999 -9999 -9999 -9999 -9999 2.00123 2.56484 3.76499 4.41393 4.66636 5.27435 5.27529 4.95719 4.71624 4.36681 3.91066 3.1599 2.3318 1.25903 1.1578 2.26667 2.27917 2.04652 2.22887 2.80008 2.6508 1.38743 -0.790615 -1.94963 -4.27633 -5.28616 -5.18271 -5.89958 -9999 -9999 -9999 -9999 -9999 -9999 -9999 -9999 -9999 -9999 -9999 -9999 -3.2106 -9999 -9999 -9999 -9999 -9999 -9999 -9999 -9999 -9999 -9999 -9999 -9999 -9999 -9999 -9999 -9999 -9999 -9999 -9999 -9999 -7.63531 -9999 -9999 -9999
-9999 -9999 -9999 -9999 1.86647 2.63563 3.22039 3.97381 4.06699 4.5242 5.22357 5.23353 5.00768 4.75191 4.17832 4.0341 3.60531 2.70608 2.51993 2.88076 3.04613 3.23447 3.35065 3.25601 3.02572 2.72848 1.93224 0.915747 0.234299 -1.90734 -2.97768 -4.02021 -5.59897 -6.83492 -9999 -9999 -9999 -9999 -9999 -9999 -9999 -4.02385 -4.08772 -4.06499 -3.72415 -2.77385 -3.3408 -9999 -9999 -9999 -9999 -9999 -9999 -9999 -9999 -9999 -9999 -9999 -9999 -9999 -9999 -9999 -9999 -9999 -9999 -9999 -6.7859 -8.03569 -9999 -9999
-9999 -9999 -9999 -9999 2.07758 2.86791 3.26411 3.99685 4.41702 4.71833 4.96148 5.19302 5.15322 4.87021 4.43989 4.43967 3.84673 3.52542 3.29519 3.78376 3.87869 3.68011 3.43227 3.21393 2.59671 2.5271 2.34944 1.70583 0.647368 -0.443662 -1.99315 -4.13504 -6.2364 -7.93231 -9999 -9999 -9999 -9999 -9999 -9999 -3.84975 -3.06129 -2.59116 -3.60782 -2.74944 -1.96533 -2.09697 -2.85711 -9999 -9999 -9999 -9999 -9999 -9999 -9999 -9999 -9999 -9999 -9999 -9999 -9999 -9999 -0.88076 -2.16152 -4.74189 -6.06766 -6.86574 -8.00258 -9999 -9999
-9999 -9999 -9999 -9999 1.90979 2.84386 3.47806 4.04138 4.13441 4.71924 4.98635 5.11094 5.09542 5.03778 4.95619 4.43814 4.21297 3.4312 4.17171 4.14031 3.94949 3.20229 2.87855 1.59888 1.03711 0.933416 2.0137 1.22195 -0.435457 -2.50862 -4.98377 -5.13618 -5.96164 -7.47728 -9999 -9999 -9999 -9999 -9999 -9999 -3.61242 -2.76906 -2.06611 -1.96864 -2.97943 -1.58203 -1.63099 -2.422 -2.60637 -1.96929 -1.64981 -1.88773 -1.12192 -0.90548 -1.26096 -0.889431 -9999 -9999 -9999 -9999 -0.704203 -0.659749 -0.627564 -1.16489 -3.98305 -5.90976 -7.64068 -7.80892 -9999 -9999
-9999 -9999 -9999 -9999 2.54208 3.1198 3.41465 3.46669 3.9734 4.48659 4.81145 5.0346 4.98836 4.96794 4.94536 4.76544 4.35204 4.42103 4.38346 4.14083 2.71821 1.05928 1.78044 0.801973 -1.29049 0.431453 1.37589 0.479208 -1.52904 -3.85876 -4.60231 -4.5606 -5.70825 -7.19084 -9999 -9999 -9999 -5.92847 -4.71798 -4.61795 -4.26565 -3.13959 -2.28457 -1.63604 -1.19985 -1.20954 -1.68165 -2.45556 -3.29645 -3.00552 -1.51099 -1.15205 -0.835544 -0.61122 -0.942181 -0.79063 -0.397756 -0.198723 -0.164845 -0.267211 -0.29641 -0.270902 -0.325825 -0.827998 -3.34137 -4.78689 -5.71143 -7.56594 -9999 -9999
-9999 -9999 -9999 -9999 2.17157 2.67524 3.08445 3.75927 3.83531 4.2636 4.52515 4.91155 4.95289 4.51313 4.87134 4.82023 4.74759 4.59885 4.38352 3.18076 1.52562 -0.132412 -0.897807 -0.56309 -1.82714 -1.16589 -0.20869 -0.542521 -1.77379 -3.84823 -4.13651 -4.60258 -6.52605 -8.38529 -9999 -9999 -8.28725 -5.95936 -4.32249 -3.48149 -3.22571 -3.20741 -2.12897 -2.05066 -0.888867 -1.16054 -2.71168 -2.54416 -3.14439 -2.7614 -2.22631 -2.08221 -1.2888 -0.530459 -0.395189 -0.400522 -0.153602 -0.109581 -0.104331 -0.118956 -0.299859 -0.227862 -0.22267 -0.538265 -2.36721 -3.26237 -4.25013 -7.56178 -9999 -9999
-9999 -9999 -9999 -9999 2.41568 2.9787 3.5948 3.69972 4.15717 4.11701 3.99898 4.6309 4.87006 4.55876 4.33258 4.73741 4.70331 4.6429 4.54744 3.41631 2.10917 0.133779 -1.0931 -1.83474 -2.36413 -3.06417 -2.56988 -2.71358 -2.90784 -2.67094 -3.22825 -4.35164 -5.47984 -7.59033 -8.73599 -9999 -8.16602 -7.1184 -5.17095 -3.51757 -2.47095 -2.8574 -1.63068 -1.40917 -0.697303 -1.1218 -2.066 -2.4833 -2.52583 -2.65552 -1.83059 -1.2717 -0.876204 -0.620769 -0.296776 -0.222044 -0.146893 -0.120463 -0.109763 -0.0984979 -0.110442 -0.124328 -0.168202 -0.291023 -1.13549 -2.03081 -3.95412 -7.46291 -9999 -9999
-9999 -9999 -9999 0.76352 2.34089 3.28197 3.65084 3.91888 4.15545 4.32769 4.51276 4.68031 4.79357 4.7498 3.92761 3.98892 4.12957 4.58717 4.54753 4.43995 3.72295 1.31962 0.494209 -0.715973 -2.28272 -2.92788 -2.5938 -1.30001 -1.35006 -2.19471 -3.13715 -4.4327 -5.25666 -6.55273 -9.04096 -8.81949 -7.70156 -6.87207 -5.55084 -3.52878 -2.11403 -1.48737 -1.25577 -0.758323 -0.505366 -1.09177 -1.64375 -1.88001 -2.31146 -2.37773 -2.38066 -1.88448 -1.49205 -0.622293 -0.337301 -0.20888 -0.149188 -0.120971 -0.102564 -0.0842746 -0.0828432 -0.10694 -0.113076 -0.126668 -0.196339 -1.38373 -4.34926 -6.58071 -9999 -9999
-9999 -9999 -9999 -9999 2.04225 2.46106 2.57669 2.77269 3.16516 3.61564 4.25535 4.33931 4.68701 4.68561 3.98078 3.16077 3.86309 4.13751 4.42245 4.42489 4.32813 2.31152 1.25593 0.426771 -1.07501 -0.520764 0.00196512 0.0489547 -0.253903 -2.07252 -3.88395 -5.96451 -7.91982 -8.01038 -9.05944 -8.50138 -7.76431 -5.86707 -4.5348 -3.99956 -3.61797 -1.56365 -1.03205 -0.859978 -0.340337 -1.06862 -1.25772 -1.80593 -1.65159 -1.70513 -1.70791 -3.21294 -1.70814 -1.62608 -0.653148 -0.216646 -0.123284 -0.104562 -0.0838517 -0.0872108 -0.0892191 -0.101071 -0.0982042 -0.120942 -0.146995 -0.921867 -4.67575 -6.56306 -9999 -9999
-9999 -9999 -9999 -9999 -9999 -9999 2.18057 2.50247 2.71129 3.06596 4.14184 4.4321 4.62409 4.63958 4.32244 3.51345 3.29404 3.43408 2.64024 3.29178 4.18857 4.16361 4.05402 2.28249 1.38465 2.26913 2.00963 0.685083 -0.354924 -1.38103 -3.50237 -5.04399 -7.28491 -8.968 -9.02978 -7.16855 -5.62268 -3.7029 -2.86038 -3.35213 -2.83712 -1.82153 -0.666902 -0.113265 -0.254828 -1.02249 -1.13581 -1.97755 -1.16379 -1.09963 -1.48682 -1.82198 -1.68999 -1.21184 -1.03362 -0.273885 -0.0953444 -0.0679871 -0.0703205 -0.075144 -0.0861508 -0.0979618 -0.116624 -0.132469 -0.150873 -0.192995 -4.05167 -7.05421 -9999 -9999
-9999 -9999 -9999 -9999 -9999 -9999 1.43296 1.63276 2.14277 3.43849 4.1233 4.39926 4.39149 4.5168 4.29229 3.57823 2.84405 2.14965 1.25705 1.75731 3.09239 3.87955 3.96888 2.4162 3.23438 2.93793 2.34873 0.614236 -0.66104 -1.33239 -3.36807 -5.10095 -6.58948 -8.64877 -7.76398 -6.79204 -5.546 -3.44956 -2.03936 -1.46574 -1.96327 -1.31771 0.0119523 0.00991107 -0.731757 -0.692735 -1.1462 -2.29406 -1.11306 -0.784882 -1.0598 -0.995147 -1.09491 -0.920778 -0.598462 -0.290584 -0.0883216 -0.0672618 -0.0711165 -0.0859976 -0.0941887 -0.10198 -0.124879 -0.131744 -0.15042 -0.177749 -2.67122 -7.12041 -9999 -9999
-9999 -9999 -9999 -9999 -9999 -9999 -9999 0.761199 1.91428 3.63188 4.06645 4.03123 4.38582 4.41559 4.07249 3.77226 2.88198 1.66694 -0.659744 -0.0750564 1.15344 2.92888 3.86284 3.7384 3.22768 2.33098 0.153558 -1.74996 -1.97259 -2.27572 -3.75853 -5.08866 -6.74398 -5.77681 -4.71983 -3.56601 -2.9622 -3.12446 -1.91695 -0.935163 -1.36489 -0.571051 0.356508 -0.0784118 -0.339236 -0.559063 -1.08219 -1.12052 -1.07315 -0.40465 -0.876597 -0.594802 -0.58674 -0.608835 -0.455025 -0.277239 -0.0904379 -0.065785 -0.0728474 -0.0775438 -0.10817 -0.108517 -0.12789 -0.147041 -0.165128 -0.189925 -0.422582 -2.82231 -4.25957 -9999
-9999 -9999 -9999 -9999 -9999 -9999 -9999 -0.302709 0.276222 2.30877 2.94411 3.84237 4.31888 4.34004 3.7628 3.43823 2.11515 1.68043 -0.47273 -1.44897 -0.629131 -0.947341 1.50041 3.6685 3.20605 -1.16115 -2.73759 -3.85873 -3.55909 -3.54654 -3.95229 -6.22981 -6.85653 -4.7958 -3.49859 -2.49524 -1.73655 -1.58276 -1.61598 -0.0760149 0.121475 0.614825 0.495325 0.531992 -0.25957 -0.752471 -0.337359 -0.832161 -0.921929 -0.231107 -0.922417 -0.30664 -0.378777 -0.570692 -0.586147 -0.183322 -0.106898 -0.0701268 -0.0752676 -0.0990425 -0.128173 -0.147669 -0.142804 -0.157315 -0.188196 -0.195064 -0.2251 -0.516625 -1.76211 -2.20167
-9999 -9999 -9999 -9999 -9999 -9999 -9999 -9999 -1.6212 1.20026 2.49582 3.17456 4.12714 4.24107 3.93525 3.37603 2.02806 0.84119 -1.08407 -3.28137 -4.44244 -0.972545 2.04912 3.62795 3.42964 -0.205054 -1.63466 -1.69306 -0.837908 -1.54259 -2.07482 -3.80115 -4.31661 -5.03703 -4.58785 -3.18752 -2.04951 -0.952573 -0.158564 -0.102085 0.407196 0.699278 0.713642 0.797132 0.695551 0.611483 -0.150686 0.363397 -0.0853732 0.143666 -0.0125876 -0.153654 -0.269584 -0.70677 -0.407228 -0.142821 -0.0793663 -0.0662569 -0.0895911 -0.101226 -0.121289 -0.15591 -0.173719 -0.184003 -0.194966 -0.217018 -0.225172 -0.245461 -0.391332 -1.14325
-9999 -9999 -9999 -9999 -9999 -9999 -9999 -9999 -3.03633 -0.229402 1.12952 2.86964 3.76844 4.13067 4.0791 3.62524 2.59986 1.05896 -0.225929 -2.67765 -5.22225 -1.57983 1.67238 3.42561 3.5215 0.473257 1.32792 0.649953 0.934756 -0.311609 -0.824363 -1.218 -2.11349 -3.09476 -4.16737 -4.74045 -2.17882 -0.866865 0.185865 0.676761 0.948943 1.07862 0.996809 0.797069 -0.351248 0.507769 0.453865 0.360052 0.254339 0.200512 0.105403 -0.00521651 -0.0660258 -0.093648 -0.385772 -0.0681862 -0.0833724 -0.0853306 -0.0909055 -0.107307 -0.132169 -0.155668 -0.182992 -0.189937 -0.206897 -0.226479 -0.242323 -0.253139 -0.269551 -0.317383
-9999 -9999 -9999 -9999 -9999 -9999 -9999 -9999 -6.98178 -2.90166 0.387753 2.09975 3.49349 3.8739 4.01323 3.4064 2.95041 1.84446 0.796734 -0.815847 -3.22748 -4.7132 -1.98386 1.98258 3.45639 3.35285 3.26698 2.48099 1.774 1.69139 1.75265 0.939493 -0.262159 -1.84209 -2.33819 -2.89353 -0.986291 -0.731924 -0.878157 1.21325 1.20811 1.0778 0.26287 -0.640053 -0.479758 -1.04035 -0.621386 -1.29265 -0.689128 -0.167648 0.0239512 0.00268415 -0.0654099 -0.082297 -0.119087 -0.0710014 -0.0777751 -0.0932836 -0.107389 -0.119061 -0.135618 -0.169385 -0.193083 -0.194366 -0.217026 -0.238846 -0.254687 -0.263023 -0.274924 -0.31224
-9999 -9999 -9999 -9999 -9999 -9999 -9999 -9999 -6.81106 -3.37312 -0.463434 1.28387 2.95962 3.34643 3.90879 3.78217 3.30527 2.34362 1.14351 -0.184262 -2.25363 -3.79189 -1.96938 0.667394 2.55439 3.24076 3.24817 3.20825 3.03506 2.97191 2.76976 2.63913 1.774 0.276968 -0.567144 -1.80449 0.321143 0.55521 0.215669 1.26972 1.20687 -0.41005 -1.6562 -1.82119 -1.06861 -1.79505 -1.92875 -2.37603 -1.87866 -0.533491 -0.937838 -0.864778 -0.24946 -0.153871 -0.0982493 -0.0864162 -0.0966354 -0.106047 -0.123595 -0.129873 -0.136911 -0.170109 -0.190877 -0.206277 -0.239524 -0.248603 -0.27383 -0.292455 -0.305062 -0.328449
-9999 -9999 -9999 -9999 -9999 -9999 -9999 -9999 -6.75327 -4.43611 -1.8182 0.752982 2.5423 3.26225 3.78477 3.77489 3.22179 2.74129 1.98723 0.818841 0.0163595 -1.37254 -3.27616 -0.0903476 0.892344 1.77462 2.14812 3.06233 3.04572 2.63505 2.17789 2.63029 2.49627 1.31429 0.925161 0.266678 1.44737 1.44531 1.406 1.33461 -0.0316202 -1.92796 -3.44615 -2.37157 -2.60854 -2.10897 -3.65927 -2.40216 -1.38748 -1.06231 -1.7543 -2.27475 -0.678707 -0.424265 -0.272872 -0.178031 -0.118009 -0.140482 -0.131292 -0.148386 -0.161418 -0.175481 -0.198502 -0.216387 -0.239895 -0.263576 -0.280768 -0.297288 -0.3232 -0.359413
-9999 -9999 -9999 -9999 -9999 -9999 -9999 -9999 -9999 -5.80911 -2.48762 0.473512 2.12099 3.15562 3.65757 3.64443 3.35958 3.03198 2.56273 1.71873 0.660278 -1.00901 -2.24809 -1.46437 -0.500782 -0.382539 0.257436 2.10853 2.74393 1.85409 -0.338849 0.965294 2.42298 2.40033 2.27592 2.13542 1.95773 1.79259 1.43566 0.488884 -2.39707 -2.97601 -4.11473 -3.99659 -4.58563 -3.31815 -3.79753 -2.50622 -1.95039 -1.74436 -2.95155 -2.69384 -1.29174 -0.738412 -0.836496 -0.499005 -0.172353 -0.168073 -0.165657 -0.181654 -0.182686 -0.188654 -0.203049 -0.232402 -0.252817 -0.270218 -0.300036 -0.303272 -0.417993 -0.494634
-9999 -9999 -9999 -9999 -9999 -9999 -9999 -9999 -9999 -6.47594 -3.16578 0.321012 1.43917 2.55457 3.51618 3.53118 3.09856 2.68663 2.26241 1.78027 0.497612 -0.745657 -1.93192 -2.33078 -2.09272 -2.09499 -1.06236 1.34706 1.81621 1.62081 -0.674874 -1.45511 0.490586 2.12514 2.25293 2.10266 0.175898 0.580966 -0.462521 -1.8768 -2.27207 -2.89671 -4.20749 -3.59031 -4.553 -4.15323 -4.25512 -3.52534 -3.17293 -2.30227 -3.35533 -3.34705 -1.97089 -1.27747 -1.2655 -0.53741 -0.281631 -0.219256 -0.208661 -0.203492 -0.208072 -0.204739 -0.220046 -0.239583 -0.262637 -0.306288 -0.398094 -0.656888 -2.05285 -2.05794
-9999 -9999 -9999 -9999 -9999 -9999 -9999 -9999 -9999 -6.10471 -3.80845 -0.71522 1.57508 1.71648 2.82775 3.39934 2.92948 2.40075 1.85988 1.62122 0.225827 -1.30603 -2.54362 -4.00727 -3.76728 -2.71755 -0.98295 0.57343 0.853537 0.534467 -0.690122 -0.104754 1.22155 1.92511 2.13123 1.96522 1.54272 1.296 0.526182 0.18834 -0.880367 -2.54779 -3.20988 -2.80468 -4.57494 -4.46032 -3.81705 -4.49965 -3.36603 -2.82678 -4.18514 -3.111 -1.89165 -1.27103 -0.729076 -0.475633 -0.378288 -0.226097 -0.228578 -0.222342 -0.222609 -0.232826 -0.241101 -0.27517 -0.304861 -0.460984 -0.687072 -1.99233 -2.52997 -2.43065
-9999 -9999 -9999 -9999 -9999 -9999 -9999 -9999 -9999 -5.72488 -3.6582 -0.976911 0.655007 0.944496 2.17707 3.27236 3.14564 2.59587 2.42562 1.85617 0.672316 -0.634471 -2.06195 -2.75654 -4.35032 -2.78281 -1.52463 -0.207167 0.409961 -0.593247 -1.10402 -0.199842 0.698583 1.05635 1.96241 1.95086 1.65108 0.370334 -0.257468 -0.00082908 -0.275208 -0.750953 -1.90108 -1.96011 -2.70199 -3.01394 -3.30877 -4.231 -3.64339 -3.59068 -3.43793 -2.14691 -1.51555 -1.09892 -0.720443 -0.625609 -0.464631 -0.254099 -0.241734 -0.24103 -0.24943 -0.253097 -0.277014 -0.346829 -0.406972 -0.712236 -1.24629 -2.23577 -3.82336 -2.70817
-9999 -9999 -9999 -9999 -9999 -9999 -9999 -9999 -9999 -6.08896 -3.89407 -1.60333 -0.647408 -0.487854 1.7454 3.11123 3.10964 2.84694 2.54083 1.14002 1.21856 0.936083 -0.351911 -2.2263 -4.28412 -4.09215 -2.85695 -1.11058 -0.5348 -2.20337 -2.79836 -2.36221 -1.00406 0.210984 1.47913 1.79858 1.42169 -0.569447 -2.68583 -1.71293 -0.673523 -0.686465 -1.00086 -2.06779 -2.41187 -2.72403 -3.50439 -4.81488 -4.61716 -4.26016 -2.79652 -2.34064 -1.63235 -1.0451 -1.27545 -1.15096 -0.589452 -0.270195 -0.264771 -0.266056 -0.262657 -0.277683 -0.304833 -0.435507 -0.573427 -0.799561 -2.17903 -3.03943 -4.28301 -2.83896
-9999 -9999 -9999 -9999 -9999 -9999 -9999 -9999 -9999 -6.78081 -5.18923 -3.00035 -2.12029 -0.714765 1.39521 2.43092 2.92526 2.91027 2.70496 2.07566 1.69611 0.95187 -0.387949 -2.21854 -4.25271 -5.5771 -4.90533 -2.54789 -1.99487 -3.53315 -4.32328 -3.3426 -1.89576 0.247089 1.46976 1.63156 1.51637 1.10184 -0.444793 -2.31281 -2.31292 -1.38581 -2.17428 -3.08972 -2.59754 -2.69732 -3.46772 -4.02995 -4.35684 -4.15371 -3.31809 -2.98041 -2.16146 -0.949314 -0.781513 -0.822895 -0.316479 -0.297684 -0.292689 -0.280443 -0.288306 -0.300375 -0.323207 -0.430845 -0.662724 -1.5832 -2.38669 -3.50155 -3.64534 -2.35468
-9999 -9999 -9999 -9999 -9999 -9999 -9999 -9999 -9999 -7.9636 -6.09114 -4.04139 -2.12256 -0.307543 1.25388 1.3707 2.19219 2.18704 2.61567 2.488 1.90465 1.27734 0.122555 -2.22849 -4.20539 -6.36083 -5.79421 -3.39838 -3.06615 -4.10706 -6.02895 -4.04867 -1.86499 0.113403 1.18246 0.33744 1.19468 1.11881 0.535828 -0.578549 -2.3083 -2.28224 -3.58061 -3.64373 -2.98742 -2.77917 -2.89672 -3.32043 -3.98634 -3.86726 -3.36004 -3.23852 -2.48678 -1.54834 -0.630985 -0.482754 -0.313514 -0.313027 -0.317252 -0.309962 -0.315248 -0.341655 -0.396072 -0.507957 -1.2805 -2.19783 -2.76546 -3.54401 -3.64419 -2.16195
