Test_Spring_2018b/12_17/Temp/20171230_013.txt
ncols	170
nrows	115
xllcorner	350000.000000
yllcorner	4445000.000000
cellsize	1000.000000
nodata_value	-9999.000000
[rows 32 to 63 of 115, columns 72 to 143 of 170]
9.14829 8.87355 9.31186 9.71565 9.46502 9.30465 9.95778 9.96306 9.74496 9.22547 9.03885 8.84542 8.72966 8.06276 6.17929 4.48227 5.40302 5.43229 4.80845 5.94855 5.35801 3.80511 1.60971 2.8146 2.51038 0.95179 0.577164 -9999 -9999 -9999 -9999 -9999 -9999 -9999 -9999 -9999 -9999 -9999 -9999 -9999 -9999 -9999 -9999 -9999 -9999 -9999 -9999 -9999 -9999 -9999 -9999 -9999 -9999 -9999 -9999 -9999 -9999 -9999 -9999 -9999 -9999 -9999 -9999 -9999 -9999 -9999 -9999 -9999 -9999 -9999 -9999 -9999
8.77569 8.66089 9.30988 9.30158 9.26012 9.48699 9.8921 9.97867 9.89712 9.67392 9.48178 9.27728 8.74869 7.9848 6.37391 4.44124 4.00873 4.96579 5.019 5.17927 4.64174 3.96456 2.90082 3.78564 4.13379 3.11578 1.77693 0.91527 -9999 -9999 -9999 -9999 -9999 -9999 -9999 -9999 -9999 -9999 -9999 -9999 -9999 -9999 -9999 -9999 -9999 -9999 -9999 -9999 -9999 -9999 -9999 -9999 -9999 -9999 -9999 -9999 -9999 -9999 -9999 -9999 -9999 -9999 -9999 -9999 -9999 -9999 -9999 -9999 -9999 -9999 -9999 -9999
8.33094 7.71232 8.10562 8.4021 8.93578 9.06814 9.15433 9.92754 9.89262 9.86304 9.54149 9.28587 8.85829 8.12338 7.0743 5.80989 3.60299 4.97602 6.05286 6.03317 5.9823 5.51018 4.48853 5.35715 5.40504 4.10445 2.60867 1.73895 1.38422 -9999 -9999 -9999 -9999 -9999 -9999 -9999 -9999 -9999 -9999 -9999 -9999 -9999 -9999 -9999 -9999 -9999 -9999 -9999 -9999 -9999 -9999 -9999 -9999 -9999 -9999 -9999 -9999 -9999 -9999 -9999 -9999 -9999 -9999 -9999 -9999 -9999 -9999 -9999 -9999 -9999 -9999 -9999
7.82516 7.06825 7.46388 7.98985 8.72472 9.09821 9.38649 9.62158 9.86145 9.83977 9.51053 8.52614 8.39142 8.35557 7.67194 6.22944 4.78897 4.42149 6.06022 6.53476 6.44732 6.81919 5.95491 6.37447 6.21299 5.75842 4.32635 3.01955 2.4865 1.42488 -9999 -9999 -9999 -9999 -9999 -9999 -9999 -9999 -9999 -9999 -9999 -9999 -9999 -9999 -9999 -9999 -9999 -9999 -9999 -9999 -9999 -9999 -9999 -9999 -9999 -9999 -9999 -9999 -9999 -9999 -9999 -9999 -9999 -9999 -9999 -9999 -9999 -9999 -9999 -9999 -9999 -9999
-9999 -9999 6.59662 7.30557 7.89119 8.60961 9.22786 9.54411 9.8517 9.83334 9.16895 8.84745 8.82558 8.37996 7.58967 7.09656 6.19247 5.25029 5.62086 7.01952 6.40852 7.4016 7.32579 7.51436 6.86303 5.61902 3.96145 2.99083 2.51482 1.65617 -9999 -9999 -9999 -9999 -9999 -9999 -9999 -9999 -9999 -9999 -9999 -9999 -9999 -9999 -9999 -9999 -9999 -9999 -9999 -9999 -9999 -9999 -9999 -9999 -9999 -9999 -9999 -9999 -9999 -9999 -9999 -9999 -9999 -9999 -9999 -9999 -9999 -9999 -9999 -9999 -9999 -9999
-9999 -9999 -9999 7.17806 7.62404 8.5895 9.07922 9.28621 9.77872 9.78567 9.5378 9.3525 9.08097 8.7245 8.13242 7.47862 6.62885 6.55728 7.45486 7.47366 7.29555 7.44932 7.91403 7.80099 6.79088 5.03419 4.11204 2.22548 1.42452 1.51599 0.950933 -9999 -9999 -9999 -9999 -9999 -9999 -9999 -9999 -9999 -9999 -9999 -9999 3.27792 -9999 -9999 -9999 -9999 -9999 -9999 -9999 -9999 -9999 -9999 -9999 -9999 -9999 -9999 -9999 -9999 -9999 -9999 -9999 -9999 0.0732375 -9999 -9999 -9999 -9999 -9999 -9999 -9999
-9999 -9999 7.09453 7.68714 8.15874 8.76545 8.82407 9.1811 9.74638 9.76026 9.58617 9.38901 8.93805 8.83175 8.49795 7.78757 7.64849 7.94746 8.08948 8.24938 8.35084 8.28272 8.10521 7.87344 7.22022 6.41179 5.87177 4.15433 3.28406 2.4572 1.20148 0.221165 -9999 -9999 -9999 -9999 -9999 -9999 -9999 2.57636 2.54021 2.57373 2.86235 3.63944 3.20126 -9999 -9999 -9999 -9999 -9999 -9999 -9999 -9999 -9999 -9999 -9999 -9999 -9999 -9999 -9999 -9999 -9999 -9999 -9999 0.768084 -0.216201 -9999 -9999 -9999 -9999 -9999 -9999
-9999 -9999 7.24841 7.8839 8.20337 8.79245 9.1314 9.34512 9.54438 9.73542 9.71022 9.49127 9.15528 9.16467 8.69982 8.45291 8.27903 8.68079 8.76676 8.61696 8.42692 8.25967 7.77203 7.7223 7.56544 7.05512 6.21243 5.34383 4.08243 2.37445 0.699752 -0.649252 -9999 -9999 -9999 -9999 -9999 -9999 2.71068 3.35733 3.74929 2.95043 3.65396 4.29822 4.20908 3.61259 -9999 -9999 -9999 -9999 -9999 -9999 -9999 -9999 -9999 -9999 -9999 -9999 -9999 -9999 5.44821 4.4381 2.38691 1.341 0.718143 -0.175744 -9999 -9999 -9999 -9999 -9999 -9999
-9999 -9999 7.1261 7.87553 8.38441 8.83653 8.91225 9.37056 9.57187 9.67684 9.67091 9.63254 9.57618 9.17114 9.00144 8.38624 8.99065 8.9764 8.83389 8.24489 7.99418 6.97664 6.5332 6.43708 7.30739 6.67765 5.35434 3.69815 1.70159 1.58101 0.92805 -0.276836 -9999 -9999 -9999 -9999 -9999 -9999 2.9095 3.60048 4.17933 4.27339 3.47986 4.61579 4.58913 3.97288 3.84287 4.37118 4.64524 4.46448 5.09545 5.2878 5.0218 5.33797 -9999 -9999 -9999 -9999 5.57247 5.62404 5.66556 5.25076 3.00882 1.48127 0.110933 -0.000995671 -9999 -9999 -9999 -9999 -9999 -9999
-9999 -9999 7.64504 8.10764 8.34328 8.38444 8.79026 9.1905 9.43895 9.62485 9.59428 9.58588 9.57709 9.44342 9.12357 9.1907 9.17262 8.99003 7.86157 6.54294 7.12999 6.34919 4.66596 6.04658 6.80728 6.09261 4.48732 2.62467 2.01527 2.05014 1.13856 -0.0349886 -9999 -9999 -9999 1.02255 2.00635 2.10134 2.39909 3.31724 4.01867 4.54901 4.9151 4.91614 4.55948 3.95726 3.30165 3.55299 4.76875 5.07489 5.33841 5.53745 5.29143 5.43935 5.7719 5.94874 5.99285 5.9274 5.92022 5.95662 5.92845 5.54199 3.53641 2.39413 1.66966 0.211463 -9999 -9999 -9999 -9999 -9999 -9999
-9999 -9999 7.35908 7.7616 8.0881 8.62656 8.6867 9.02986 9.23081 9.53268 9.57203 9.22768 9.5242 9.49416 9.44791 9.34132 9.18158 8.2305 6.91635 5.59887 4.99525 5.26108 4.25448 4.7854 5.55614 5.28392 4.30354 2.64487 2.41749 2.03364 0.495565 -0.985572 -9999 -9999 -0.87464 1.00348 2.3291 3.01804 3.23892 3.27015 4.15113 4.23118 5.17944 4.97277 3.75156 3.90395 3.43468 3.76014 4.21754 4.3515 4.99971 5.62421 5.75123 5.76525 5.98092 6.03356 6.05466 6.05938 5.93052 6.004 6.02383 5.7867 4.33736 3.6364 2.86696 0.235286 -9999 -9999 -9999 -9999 -9999 -9999
-9999 -9999 7.56471 8.01392 8.5054 8.5875 8.95248 8.91809 8.81452 9.32367 9.51162 9.2702 9.09881 9.43451 9.41976 9.38467 9.32172 8.42876 7.39402 5.82275 4.84969 4.2546 3.83621 3.27742 3.67711 3.56493 3.41177 3.60384 3.15177 2.24127 1.34343 -0.342829 -1.25152 -9999 -0.772461 0.0800809 1.65473 2.99486 3.84977 3.55731 4.55767 4.75307 5.33573 5.01364 4.27889 3.9724 3.95727 3.87211 4.5515 5.01258 5.34266 5.56641 5.84288 5.92109 5.99914 6.03763 6.06299 6.08832 6.09466 6.09918 6.07956 5.99675 5.33603 4.63944 3.11555 0.325815 -9999 -9999 -9999 -9999 -9999 -9999
-9999 6.26833 7.51687 8.26765 8.55979 8.7713 8.95814 9.09435 9.2338 9.36805 9.4633 9.42926 8.78063 8.84158 8.96744 9.34806 9.33056 9.25831 8.69696 6.78332 6.12522 5.16321 3.91385 3.39787 3.66852 4.70712 4.66855 3.99313 3.23943 2.19104 1.52805 0.496402 -1.49052 -1.30288 -0.395481 0.282353 1.35553 2.99137 4.14168 4.66141 4.86517 5.27766 5.49858 5.05555 4.63571 4.46601 4.13971 4.10568 4.12206 4.53794 4.86579 5.57725 5.82427 5.94391 6.00952 6.04934 6.08073 6.11154 6.12845 6.12465 6.13517 6.1398 6.10332 5.1687 2.81646 1.05029 -9999 -9999 -9999 -9999 -9999 -9999
-9999 -9999 7.28922 7.6205 7.70865 7.86137 8.17207 8.53022 9.03351 9.10247 9.38497 9.38859 8.82978 8.18508 8.76145 8.99594 9.23914 9.25567 9.19176 7.58352 6.74717 6.09032 4.89278 5.33734 5.75853 5.79757 5.55564 4.09902 2.64815 0.970586 -0.592366 -0.660065 -1.49841 -1.04274 -0.440599 1.09266 2.17486 2.6199 2.94297 4.60694 5.04834 5.21044 5.64677 5.08344 4.95473 4.5356 4.67897 4.6554 4.67207 3.4848 4.70411 4.78822 5.58552 5.95049 6.04181 6.07388 6.10697 6.12028 6.13431 6.14024 6.15792 6.15771 6.15755 5.55456 2.56544 1.07508 -9999 -9999 -9999 -9999 -9999 -9999
-9999 -9999 -9999 -9999 7.40056 7.65334 7.81615 8.09683 8.94927 9.18307 9.34052 9.35913 9.11386 8.47507 8.31343 8.44075 7.82024 8.35717 9.0869 9.07828 8.99993 7.58816 6.87124 7.58322 7.37731 6.31704 5.48391 4.66145 2.96149 1.7154 -0.0770815 -1.42126 -1.4648 0.0342809 1.28101 2.83232 3.5223 3.14487 3.57519 4.40823 5.35308 5.81698 5.72421 5.12991 5.06229 4.40843 5.08039 5.15133 4.86014 4.61007 4.72977 5.13104 5.29148 5.91723 6.07689 6.11387 6.12834 6.14035 6.14709 6.15301 6.15691 6.16134 6.16421 6.14856 3.07582 0.69217 -9999 -9999 -9999 -9999 -9999 -9999
-9999 -9999 -9999 -9999 6.81074 6.96527 7.36895 8.40313 8.94213 9.16424 9.1615 9.26802 9.09697 8.53627 7.96134 7.42046 6.72062 7.13601 8.21889 8.8611 8.94228 7.70591 8.36375 8.12953 7.65928 6.27028 5.24827 4.70953 3.07767 1.67814 0.487883 -1.15816 -0.443814 0.342501 1.35078 3.04237 4.18721 4.66393 4.28322 4.81982 5.90535 5.92459 5.35156 5.40397 5.06417 4.1654 5.13179 5.41436 5.21315 5.28331 5.21737 5.37488 5.6505 5.91399 6.09239 6.12524 6.13761 6.14147 6.15042 6.16108 6.15955 6.17142 6.17437 6.17088 4.19215 0.649743 -9999 -9999 -9999 -9999 -9999 -9999
-9999 -9999 -9999 -9999 -9999 6.27598 7.19482 8.56697 8.90552 8.87831 9.16586 9.19584 8.92978 8.70063 8.00102 7.04288 5.19438 5.67753 6.67517 8.10926 8.86724 8.7752 8.36854 7.65351 5.91091 4.38647 4.20766 3.96377 2.77461 1.6976 0.373474 1.15173 2.00377 2.93558 3.42921 3.31166 4.29396 5.09733 4.77148 5.42713 6.19083 5.86362 5.67615 5.52151 5.12611 5.1164 5.17473 5.72998 5.37086 5.61487 5.6352 5.63526 5.7756 5.93459 6.10034 6.13586 6.14581 6.15764 6.14899 6.16513 6.16661 6.1689 6.17261 6.17145 6.00418 4.10381 2.97225 -9999 -9999 -9999 -9999 -9999
-9999 -9999 -9999 -9999 -9999 5.43288 5.89215 7.51698 8.01655 8.7374 9.12277 9.14591 8.69227 8.44347 7.39659 7.0636 5.35454 4.58599 5.25624 5.01314 6.98398 8.72873 8.3609 4.86584 3.60496 2.70754 2.94736 2.95655 2.63042 0.794433 0.294363 1.94868 2.99314 3.80433 4.42197 4.55767 4.5459 5.79688 5.97272 6.38774 6.31276 6.3635 5.75099 5.37772 5.73404 5.35868 5.30715 5.88021 5.34525 5.85663 5.81249 5.67623 5.68069 6.0197 6.0968 6.14187 6.15379 6.15011 6.14294 6.1435 6.16461 6.17086 6.16458 6.17804 6.17331 5.96199 4.98416 4.65187 5.05064 -9999 -9999 -9999
-9999 -9999 -9999 -9999 -9999 -9999 4.38234 6.63988 7.6687 8.21413 8.98117 9.07877 8.83992 8.40397 7.33781 6.4019 4.87507 3.13028 2.21014 5.00176 7.43249 8.70538 8.54937 5.64157 4.49879 4.45326 5.13864 4.57376 4.1468 2.7525 2.34189 1.76841 2.13365 3.26122 4.18498 5.07598 5.72684 5.78926 6.21655 6.46753 6.49974 6.58794 6.52816 6.48237 5.89546 6.32824 5.98897 6.19195 6.08545 5.99031 5.91076 5.57775 5.83431 6.0622 6.12874 6.15683 6.1529 6.159 6.15919 6.14865 6.15046 6.16031 6.1702 6.17167 6.18461 6.19067 6.09374 5.51115 4.72627 3.73073 -9999 -9999
-9999 -9999 -9999 -9999 -9999 -9999 3.25939 5.50629 6.58633 7.98266 8.70201 8.99916 8.96774 8.6159 7.80775 6.58774 5.57341 3.62432 1.60027 4.52927 7.13939 8.55226 8.63558 6.19474 6.88259 6.34143 6.57065 5.57261 5.16204 4.83562 4.12112 3.33914 2.48275 2.03526 4.09727 5.16052 6.01854 6.42877 6.66583 6.79038 6.74162 6.6011 5.70253 6.41206 6.39232 6.33787 6.27321 6.24935 6.19162 6.12067 6.08491 6.07977 5.86212 6.13491 6.14021 6.15308 6.16347 6.16586 6.16233 6.16081 6.15713 6.16865 6.17237 6.17592 6.18275 6.1964 6.20309 6.18441 6.03987 4.69789 3.90048 3.68958
-9999 -9999 -9999 -9999 -9999 -9999 0.109696 3.37776 5.99802 7.37319 8.49423 8.80691 8.92831 8.45362 8.10117 7.22904 6.4041 5.12669 3.20867 2.0315 4.22629 7.4135 8.5929 8.51154 8.44668 7.81985 7.25545 7.19071 7.24101 6.57882 5.61564 4.35514 3.96941 3.53254 5.07052 5.28657 5.18395 6.87611 6.8906 6.80638 6.17482 5.46658 5.61663 5.1854 5.54413 5.02673 5.52996 5.96672 6.13845 6.13887 6.09689 6.10443 6.09048 6.14812 6.15712 6.15927 6.16299 6.16932 6.17256 6.16291 6.16218 6.18016 6.17901 6.18133 6.1853 6.20085 6.21099 6.20051 6.19218 5.99725 5.69707 5.11597
-9999 -9999 -9999 -9999 -9999 -9999 0.251114 2.99542 5.32916 6.73137 8.08028 8.39827 8.8585 8.76823 8.39857 7.64147 6.69384 5.64398 3.99964 2.77998 4.25157 6.36958 7.88941 8.44124 8.44265 8.41444 8.27873 8.22711 8.06729 7.95167 7.26332 6.07615 5.40686 4.42412 6.13736 6.33723 6.07964 6.94045 6.90824 5.63246 4.65477 4.54385 5.15998 4.59916 4.51515 4.17227 4.59011 5.68646 5.38652 5.46196 5.96667 6.05932 6.12475 6.14897 6.15542 6.16267 6.16383 6.17465 6.18564 6.17649 6.1781 6.18468 6.17749 6.18696 6.18662 6.19422 6.1995 6.19993 6.19323 6.14717 6.09753 6.18221
-9999 -9999 -9999 -9999 -9999 -9999 0.31272 2.15597 4.25696 6.31949 7.75987 8.34497 8.77326 8.77629 8.34518 7.97301 7.38212 6.45937 5.82944 4.72907 3.21539 5.77777 6.56839 7.27743 7.58045 8.31697 8.30696 7.98069 7.59365 7.96094 7.86632 6.92596 6.6219 6.10347 7.06007 7.07091 7.05374 7.01262 5.93574 4.43548 3.23911 4.12047 3.95136 4.363 3.14347 4.17719 5.00957 5.28866 4.74573 4.3456 5.63578 5.86216 5.99874 6.08969 6.15267 6.14971 6.17252 6.17485 6.18114 6.18734 6.18707 6.19151 6.1919 6.19243 6.195 6.20397 6.20275 6.20054 6.21274 6.19398 6.19425 6.19969
-9999 -9999 -9999 -9999 -9999 -9999 -9999 1.0712 3.73273 6.11079 7.43767 8.27483 8.68646 8.68653 8.46985 8.21961 7.85629 7.19282 6.35729 5.03185 4.05022 4.68805 5.46257 5.55921 6.07794 7.56601 8.07944 7.37053 5.60117 6.65864 7.83245 7.82112 7.72933 7.62599 7.48999 7.37035 7.09865 6.35594 4.06109 3.62032 2.72764 2.84246 2.39101 3.41671 3.05461 4.10883 4.57317 4.75653 3.8069 4.02486 5.17191 5.63088 5.56748 5.85274 6.12442 6.14318 6.1608 6.16417 6.18015 6.19281 6.19933 6.19993 6.203 6.20873 6.20132 6.22073 6.14827 6.10586 6.00616 6.15893 6.18504 6.21419
-9999 -9999 -9999 -9999 -9999 -9999 -9999 0.544467 3.202 6.00197 6.90537 7.80758 8.58756 8.6101 8.27479 7.95661 7.62892 7.25489 6.23935 5.2549 4.31544 4.00594 4.2057 4.19927 5.03331 6.96958 7.35088 7.19945 5.35602 4.73766 6.30352 7.62082 7.73193 7.62144 6.08908 6.42623 5.6044 4.48695 4.18715 3.70469 2.67338 3.18715 2.43552 2.77538 2.70411 3.30796 3.60896 4.3245 3.49822 3.51638 4.64323 5.2147 5.23982 5.83838 6.05853 6.12393 6.14823 6.1687 6.18197 6.20223 6.20814 6.21117 6.21172 6.19597 6.14166 5.95035 4.85315 4.86769 5.18678 5.48929 6.03475 6.19989
-9999 -9999 -9999 -9999 -9999 -9999 -9999 0.853194 2.69945 5.18491 7.02792 7.15023 8.0503 8.51873 8.15343 7.74143 7.31995 7.14063 6.03446 4.8186 3.83792 2.67544 2.87699 3.72641 5.11012 6.36383 6.59464 6.34517 5.36088 5.83759 6.90828 7.48068 7.65537 7.53291 7.20609 7.02131 6.4187 6.16336 5.32361 4.00515 3.4928 3.83599 2.43663 2.54732 3.08136 2.5435 3.47 3.91982 2.84888 3.72925 4.72282 5.23624 5.68629 5.90499 5.9986 6.13628 6.15035 6.17182 6.18856 6.19785 6.20916 6.2002 6.19503 6.08871 5.92635 4.89931 4.48608 4.58391 5.07722 5.51066 5.97536 6.16734
-9999 -9999 -9999 -9999 -9999 -9999 -9999 1.16862 2.83186 4.98807 6.30424 6.5456 7.5431 8.43117 8.34073 7.91172 7.78693 7.34236 6.40543 5.36971 4.23684 3.69054 2.42324 3.68785 4.68982 5.75285 6.25449 5.44712 5.04644 5.77952 6.50836 6.8046 7.54077 7.54266 7.31458 6.30164 5.81281 6.03352 5.82974 5.46543 4.56149 4.53209 3.95591 3.72424 3.5062 2.77524 3.26403 3.32392 3.47113 4.51814 5.04086 5.39116 5.71058 5.80259 5.94753 6.13227 6.15845 6.17561 6.18583 6.20023 6.19876 6.16081 6.13082 5.90457 5.49502 4.72053 3.46559 4.37692 5.32926 5.62817 5.9202 6.07375
-9999 -9999 -9999 -9999 -9999 -9999 -9999 0.887916 2.65472 4.49878 5.27398 5.4117 7.21117 8.31615 8.326 8.12692 7.89318 6.78243 6.85669 6.64145 5.6203 4.1289 2.49004 2.65301 3.64438 5.04375 5.51298 4.17353 3.7062 4.06515 5.1631 6.14689 7.17381 7.44143 7.15197 5.57014 3.88881 4.68318 5.53159 5.5376 5.30265 4.46523 4.20716 3.97479 3.36733 2.33474 2.50057 2.80413 3.9973 4.38002 4.96458 5.45186 5.28388 5.40001 5.86617 6.13829 6.15912 6.17477 6.19441 6.19955 6.19523 6.10818 6.01546 5.85214 4.76487 4.09336 3.11576 4.28798 4.94093 5.30778 5.92959 6.08664
-9999 -9999 -9999 -9999 -9999 -9999 -9999 0.344514 1.62878 3.39192 4.10694 5.2433 6.94437 7.78512 8.1924 8.1918 8.03879 7.54605 7.25324 6.66801 5.60532 4.14907 2.5293 1.47774 2.02495 3.90714 4.36405 3.12454 2.50155 3.29744 4.46714 6.19487 7.18596 7.32777 7.24833 6.92976 5.70492 4.22327 4.23867 4.99741 4.38224 3.6657 4.07711 4.01444 3.41461 2.98152 2.7261 2.91375 3.59681 3.88498 4.55844 5.54664 5.69798 5.68157 6.10393 6.13561 6.15626 6.18282 6.19339 6.20073 6.19959 6.13063 5.96222 5.24221 4.61593 3.74017 3.64225 4.69222 5.1614 5.59974 5.9107 6.01977
-9999 -9999 -9999 -9999 -9999 -9999 -9999 -0.592255 0.917748 2.57008 4.11785 5.58275 6.84475 6.94967 7.61924 7.62664 7.98154 7.89066 7.43455 6.94297 6.0285 4.15533 2.58155 0.864399 1.32766 3.24868 3.50456 2.68102 1.15188 2.74915 4.50972 6.10627 6.97482 6.31047 7.01039 6.96333 6.51057 5.63262 4.26217 4.29879 3.27478 3.24068 3.7832 3.96697 3.88988 3.56758 3.04995 3.16029 3.58082 3.69601 4.31589 5.08515 5.83733 5.97318 6.12573 6.14299 6.15642 6.17905 6.19161 6.18728 6.16055 6.08781 5.48586 4.76793 4.33017 3.72343 3.66012 4.86469 5.3605 5.64304 5.91325 6.02684
-9999 -9999 -9999 -9999 -9999 -9999 -9999 -9999 0.76522 2.4722 3.73741 4.08389 5.20664 5.81668 6.29068 6.40219 7.73971 7.82136 7.53527 7.08438 6.30566 4.88628 3.89987 2.25313 1.07181 1.5742 1.8044 2.25064 2.1308 2.84825 4.54053 6.30331 6.50391 5.39937 5.57387 5.81663 6.34884 6.09386 4.22275 3.27732 2.49452 3.06891 3.67278 3.82741 3.86744 3.76449 3.65356 3.44238 4.24741 4.84613 4.99399 5.51732 5.90662 6.02239 6.11233 6.13328 6.15432 6.1656 6.15469 6.14983 6.06616 5.86492 5.19013 3.55161 3.64008 3.47314 2.97152 4.15027 4.90975 5.57662 5.93638 6.03778
-9999 -9999 -9999 -9999 -9999 -9999 -9999 -9999 0.200853 2.17485 2.59808 2.57525 1.93239 2.24028 4.66188 5.15616 6.43926 7.65467 7.57445 7.13225 6.40418 5.56222 4.25406 2.40099 0.930286 0.315015 1.91633 3.48619 3.81808 4.32631 5.36692 5.57223 4.44315 3.38502 3.994 4.36474 5.75023 6.01125 5.75396 4.63072 3.34515 2.67927 3.4887 3.60645 3.66556 3.68637 3.67925 3.66432 4.5724 5.07911 5.43418 5.6328 5.96879 6.06332 6.1013 6.1376 6.14295 6.13734 6.09717 6.04995 5.8045 5.50507 4.39247 3.46682 2.89393 2.16379 3.84661 4.3607 5.07085 5.53085 5.88878 5.9762
