Test_Spring_2018b/12_17/Temp/20171216_018.txt
ncols	170
nrows	115
xllcorner	350000.000000
yllcorner	4445000.000000
cellsize	1000.000000
nodata_value	-9999.000000
[rows 32 to 63 of 115, columns 72 to 143 of 170]
11.2165 10.9073 11.3966 11.8474 11.5786 11.4003 12.1379 12.142 11.8958 11.3118 11.1003 10.8809 10.7481 9.99795 7.88544 5.98145 7.00818 7.03662 6.3337 7.60565 6.93986 5.19655 2.7339 4.07829 3.73307 1.98997 1.56235 -9999 -9999 -9999 -9999 -9999 -9999 -9999 -9999 -9999 -9999 -9999 -9999 -9999 -9999 -9999 -9999 -9999 -9999 -9999 -9999 -9999 -9999 -9999 -9999 -9999 -9999 -9999 -9999 -9999 -9999 -9999 -9999 -9999 -9999 -9999 -9999 -9999 -9999 -9999 -9999 -9999 -9999 -9999 -9999 -9999
10.7958 10.6655 11.3906 11.38 11.3374 11.6007 12.0604 12.1554 12.062 11.8098 11.592 11.3601 10.7651 9.90635 8.09902 5.93119 5.44277 6.51001 6.56512 6.74001 6.13355 5.37069 4.175 5.16097 5.54608 4.40279 2.90087 1.93692 -9999 -9999 -9999 -9999 -9999 -9999 -9999 -9999 -9999 -9999 -9999 -9999 -9999 -9999 -9999 -9999 -9999 -9999 -9999 -9999 -9999 -9999 -9999 -9999 -9999 -9999 -9999 -9999 -9999 -9999 -9999 -9999 -9999 -9999 -9999 -9999 -9999 -9999 -9999 -9999 -9999 -9999 -9999 -9999
10.2941 9.59973 10.0385 10.3691 10.9733 11.1358 11.2306 12.0944 12.0531 12.0176 11.655 11.3659 10.8839 10.0576 8.87928 7.45963 4.98454 6.51746 7.71862 7.69197 7.63032 7.09698 5.94834 6.91608 6.9649 5.50216 3.83353 2.85419 2.45143 -9999 -9999 -9999 -9999 -9999 -9999 -9999 -9999 -9999 -9999 -9999 -9999 -9999 -9999 -9999 -9999 -9999 -9999 -9999 -9999 -9999 -9999 -9999 -9999 -9999 -9999 -9999 -9999 -9999 -9999 -9999 -9999 -9999 -9999 -9999 -9999 -9999 -9999 -9999 -9999 -9999 -9999 -9999
9.72397 8.87479 9.31625 9.90383 10.7288 11.1569 11.4868 11.7481 12.0146 11.988 11.6168 10.5118 10.3577 10.3141 9.5449 7.92582 6.3088 5.89294 7.72312 8.24973 8.14705 8.55855 7.586 8.05085 7.86514 7.34818 5.74632 4.28306 3.68053 2.4862 -9999 -9999 -9999 -9999 -9999 -9999 -9999 -9999 -9999 -9999 -9999 -9999 -9999 -9999 -9999 -9999 -9999 -9999 -9999 -9999 -9999 -9999 -9999 -9999 -9999 -9999 -9999 -9999 -9999 -9999 -9999 -9999 -9999 -9999 -9999 -9999 -9999 -9999 -9999 -9999 -9999 -9999
-9999 -9999 8.34142 9.1374 9.79879 10.606 11.3055 11.6579 12.0004 11.9776 11.2312 10.8684 10.8407 10.3383 9.44971 8.89353 7.87697 6.81756 7.22776 8.78891 8.09991 9.20681 9.11691 9.323 8.58871 7.19334 5.33302 4.24604 3.70726 2.74004 -9999 -9999 -9999 -9999 -9999 -9999 -9999 -9999 -9999 -9999 -9999 -9999 -9999 -9999 -9999 -9999 -9999 -9999 -9999 -9999 -9999 -9999 -9999 -9999 -9999 -9999 -9999 -9999 -9999 -9999 -9999 -9999 -9999 -9999 -9999 -9999 -9999 -9999 -9999 -9999 -9999 -9999
-9999 -9999 -9999 8.99093 9.49588 10.576 11.1356 11.3659 11.9155 11.9213 11.6414 11.4312 11.124 10.7214 10.0547 9.31855 8.3627 8.27792 9.27802 9.29409 9.08958 9.2566 9.77172 9.63997 8.50093 6.53403 5.49594 3.38433 2.4816 2.57807 1.93946 -9999 -9999 -9999 -9999 -9999 -9999 -9999 -9999 -9999 -9999 -9999 -9999 4.46516 -9999 -9999 -9999 -9999 -9999 -9999 -9999 -9999 -9999 -9999 -9999 -9999 -9999 -9999 -9999 -9999 -9999 -9999 -9999 -9999 0.731698 -9999 -9999 -9999 -9999 -9999 -9999 -9999
-9999 -9999 8.8911 9.56329 10.0908 10.7696 10.8381 11.245 11.8765 11.8902 11.6931 11.4697 10.9618 10.8393 10.4617 9.66209 9.50182 9.83173 9.98571 10.1596 10.2679 10.1862 9.98213 9.71726 8.98291 8.07203 7.46166 5.53407 4.55872 3.62689 2.21492 1.1113 -9999 -9999 -9999 -9999 -9999 -9999 -9999 3.70003 3.65329 3.6844 4.00097 4.86427 4.36673 -9999 -9999 -9999 -9999 -9999 -9999 -9999 -9999 -9999 -9999 -9999 -9999 -9999 -9999 -9999 -9999 -9999 -9999 -9999 1.50209 0.393954 -9999 -9999 -9999 -9999 -9999 -9999
-9999 -9999 9.06821 9.77941 10.137 10.7965 11.1759 11.4257 11.6477 11.86 11.8298 11.5822 11.2031 11.2102 10.6858 10.405 10.2056 10.6504 10.7414 10.5683 10.35 10.1571 9.60558 9.54434 9.36525 8.78802 7.83866 6.86032 5.44778 3.52934 1.64818 0.131705 -9999 -9999 -9999 -9999 -9999 -9999 3.85144 4.56927 5.00182 4.10092 4.88195 5.59639 5.48948 4.80969 -9999 -9999 -9999 -9999 -9999 -9999 -9999 -9999 -9999 -9999 -9999 -9999 -9999 -9999 6.7573 5.62079 3.31866 2.14197 1.43878 0.431926 -9999 -9999 -9999 -9999 -9999 -9999
-9999 -9999 8.92657 9.76578 10.3359 10.8426 10.9278 11.449 11.676 11.7923 11.784 11.7388 11.6728 11.2159 11.0219 10.3287 11.0005 10.9793 10.8142 10.1491 9.86257 8.71747 8.21515 8.10388 9.07226 8.36116 6.87358 5.01334 2.77657 2.63614 1.89887 0.543704 -9999 -9999 -9999 -9999 -9999 -9999 4.0691 4.83658 5.47834 5.57713 4.68191 5.94672 5.9054 5.20758 5.05397 5.63724 5.93573 5.72298 6.42266 6.62992 6.32418 6.67048 -9999 -9999 -9999 -9999 6.89977 6.95184 6.99286 6.52306 4.00754 2.29176 0.751783 0.617139 -9999 -9999 -9999 -9999 -9999 -9999
-9999 -9999 9.50278 10.0213 10.2861 10.3332 10.7885 11.245 11.525 11.731 11.6953 11.6838 11.6713 11.5182 11.1561 11.2266 11.2012 10.9912 9.72189 8.23944 8.89054 8.0119 6.12586 7.66282 8.5083 7.70199 5.89857 3.80708 3.12312 3.1566 2.12971 0.806882 -9999 -9999 -9999 1.96745 3.06305 3.16343 3.4907 4.51242 5.29128 5.88095 6.28397 6.27746 5.86719 5.18481 4.44241 4.71527 6.06776 6.40178 6.68773 6.90216 6.61851 6.77276 7.13782 7.3289 7.37174 7.29227 7.27838 7.31352 7.27654 6.83846 4.59108 3.30682 2.4901 0.845294 -9999 -9999 -9999 -9999 -9999 -9999
-9999 -9999 9.1783 9.62984 9.99659 10.6009 10.6696 11.055 11.287 11.6261 11.669 11.2816 11.611 11.574 11.5181 11.394 11.2098 10.1391 8.66158 7.18008 6.49774 6.79273 5.65938 6.24504 7.10159 6.79244 5.68538 3.82224 3.56178 3.12958 1.40224 -0.262035 -9999 -9999 -0.155266 1.94176 3.42012 4.18554 4.42677 4.45545 5.43527 5.5181 6.57269 6.3333 4.95523 5.11753 4.58597 4.94146 5.43966 5.58082 6.2959 6.98835 7.12249 7.13043 7.36453 7.41651 7.43361 7.43279 7.28275 7.35955 7.37645 7.10571 5.4777 4.68744 3.81731 0.862154 -9999 -9999 -9999 -9999 -9999 -9999
-9999 -9999 9.40425 9.90835 10.4601 10.5537 10.964 10.9277 10.819 11.3892 11.5999 11.328 11.1337 11.5062 11.4856 11.4414 11.3653 10.3594 9.19437 7.42838 6.33206 5.66238 5.18737 4.55008 4.99085 4.85877 4.68104 4.89008 4.37959 3.35754 2.34628 0.453082 -0.570109 -9999 -0.0451172 0.903731 2.661 4.15556 5.10668 4.77292 5.88635 6.09821 6.74289 6.37456 5.54105 5.18451 5.15865 5.05433 5.80604 6.31482 6.67354 6.9155 7.21828 7.29797 7.37793 7.41405 7.43596 7.45829 7.45975 7.45947 7.43235 7.33453 6.58959 5.80177 4.08977 0.957787 -9999 -9999 -9999 -9999 -9999 -9999
-9999 7.94456 9.3458 10.188 10.5171 10.7561 10.9675 11.1221 11.2853 11.4372 11.5435 11.5047 10.7762 10.8412 10.978 11.3991 11.3737 11.2864 10.651 8.50139 7.76012 6.67377 5.26784 4.68109 4.97719 6.1334 6.08389 5.32163 4.47202 3.29545 2.54857 1.38774 -0.842039 -0.637543 0.372842 1.12619 2.32208 4.14779 5.42966 6.00521 6.22668 6.6812 6.92105 6.41269 5.93151 5.73239 5.35782 5.31046 5.31957 5.77608 6.13243 6.92139 7.18967 7.31693 7.38292 7.42055 7.44928 7.47783 7.49124 7.48178 7.48852 7.48871 7.44076 6.38878 3.74517 1.75907 -9999 -9999 -9999 -9999 -9999 -9999
-9999 -9999 9.08613 9.45906 9.56016 9.73377 10.0843 10.4879 11.0586 11.1367 11.4531 11.4571 10.8297 10.1046 10.7457 11.0031 11.2694 11.2813 11.2026 9.39506 8.45116 7.70825 6.36008 6.84863 7.3131 7.35005 7.07277 5.43585 3.8057 1.92458 0.16901 0.0877696 -0.855499 -0.350439 0.318295 2.0295 3.23558 3.72808 4.08376 5.94042 6.42772 6.59891 7.0791 6.43967 6.28426 5.80557 5.95658 5.92067 5.92988 4.59127 5.94564 6.03128 6.91584 7.3172 7.4129 7.4419 7.47259 7.48166 7.49194 7.49347 7.50832 7.50174 7.49345 6.8121 3.45889 1.78159 -9999 -9999 -9999 -9999 -9999 -9999
-9999 -9999 -9999 -9999 9.21121 9.49719 9.68251 9.99971 10.9615 11.2244 11.401 11.4212 11.1449 10.4271 10.2419 10.3792 9.67832 10.2721 11.0826 11.0653 10.9699 9.3815 8.56951 9.35907 9.12128 7.92731 6.98805 6.06115 4.15215 2.75407 0.741605 -0.768689 -0.822593 0.850731 2.24184 3.97336 4.74037 4.31205 4.7878 5.71255 6.76286 7.27417 7.16174 6.48737 6.40021 5.65845 6.40105 6.47074 6.1351 5.84568 5.96886 6.40958 6.58111 7.27412 7.44579 7.48109 7.49101 7.4987 7.50089 7.50248 7.49985 7.49897 7.4961 7.47221 4.02524 1.34774 -9999 -9999 -9999 -9999 -9999 -9999
-9999 -9999 -9999 -9999 8.54677 8.72293 9.17814 10.3392 10.9501 11.2001 11.1975 11.3162 11.1231 10.4924 9.84464 9.23375 8.44402 8.9022 10.1072 10.8185 10.9014 9.50927 10.2364 9.96642 9.43256 7.87047 6.71971 6.11047 4.27776 2.70786 1.36977 -0.478392 0.316369 1.19178 2.31568 4.20454 5.48087 6.00863 5.5759 6.1696 7.37729 7.39056 6.74022 6.78973 6.39767 5.38152 6.45361 6.76014 6.52514 6.5942 6.50956 6.6774 6.97795 7.26545 7.45819 7.4885 7.49644 7.49505 7.49977 7.50577 7.49833 7.50567 7.50276 7.49235 5.2701 1.29515 -9999 -9999 -9999 -9999 -9999 -9999
-9999 -9999 -9999 -9999 -9999 7.94708 8.97909 10.5185 10.905 10.8759 11.1983 11.2314 10.9319 10.6724 9.88503 8.80697 6.73113 7.26513 8.37462 9.97242 10.8131 10.702 10.2372 9.42888 7.47042 5.75665 5.54995 5.27085 3.93385 2.72509 1.23718 2.10341 3.05243 4.09083 4.63857 4.50185 5.59623 6.4898 6.11845 6.84535 7.6926 7.31784 7.09903 6.91657 6.46218 6.44133 6.49667 7.10844 6.69665 6.96037 6.97238 6.96402 7.11323 7.28384 7.46254 7.49593 7.50111 7.50873 7.49353 7.50596 7.50181 7.49829 7.49608 7.48811 7.29387 5.1573 3.88276 -9999 -9999 -9999 -9999 -9999
-9999 -9999 -9999 -9999 -9999 6.99878 7.51607 9.33825 9.90492 10.7132 11.1451 11.1704 10.6608 10.3791 9.20322 8.82511 6.90532 6.03813 6.78108 6.50106 8.69968 10.6452 10.2238 6.30288 4.88377 3.87204 4.13407 4.13836 3.76765 1.70919 1.14397 2.99112 4.15562 5.05901 5.74561 5.89219 5.87366 7.26827 7.45871 7.91612 7.82426 7.87258 7.17781 6.75051 7.13771 6.70748 6.63981 7.27159 6.66299 7.22619 7.1661 7.00526 7.00248 7.37477 7.45433 7.49848 7.5056 7.49598 7.48229 7.47736 7.49505 7.49582 7.48227 7.49051 7.47812 7.23256 6.13007 5.75028 6.18901 -9999 -9999 -9999
-9999 -9999 -9999 -9999 -9999 -9999 5.82073 8.35097 9.51007 10.1217 10.9807 11.0893 10.8203 10.3292 9.1313 8.07821 6.36252 4.402 3.36503 6.48286 9.19647 10.6138 10.4296 7.16625 5.87944 5.82156 6.58249 5.94407 5.46049 3.89664 3.4316 2.78447 3.18851 4.44604 5.47451 6.46722 7.19052 7.25433 7.72592 8.00009 8.0282 8.11843 8.04249 7.98186 7.31303 7.78769 7.39798 7.61553 7.4868 7.3711 7.27148 6.89052 7.17016 7.41819 7.48602 7.50995 7.50008 7.50137 7.49585 7.47801 7.47449 7.47914 7.48353 7.47822 7.4855 7.48323 7.36701 6.707 5.82054 4.69832 -9999 -9999
-9999 -9999 -9999 -9999 -9999 -9999 4.5582 7.07605 8.2923 9.85627 10.6638 10.9937 10.9564 10.5594 9.65043 8.27933 7.13758 4.94848 2.67487 5.94742 8.86249 10.4366 10.5223 7.78015 8.54307 7.93036 8.18061 7.05724 6.59203 6.22391 5.41863 4.53803 3.5741 3.06639 5.37047 6.55594 7.51108 7.96423 8.22279 8.35468 8.29249 8.12722 7.11221 7.89733 7.86361 7.79292 7.71086 7.67463 7.60072 7.51231 7.46183 7.44816 7.19703 7.49408 7.49219 7.501 7.5071 7.50415 7.49435 7.4865 7.47589 7.48217 7.48067 7.47757 7.47793 7.48411 7.48392 7.45532 7.2859 5.77591 4.87583 4.6303
-9999 -9999 -9999 -9999 -9999 -9999 1.02623 4.68682 7.63031 9.16989 10.4224 10.771 10.9046 10.37 9.97121 8.98969 8.06016 6.6233 4.46864 3.14308 5.59396 9.15475 10.4687 10.3684 10.2887 9.58017 8.94194 8.86354 8.91432 8.17038 7.08632 5.66996 5.23025 4.73655 6.45374 6.6905 6.56998 8.45833 8.46767 8.36583 7.65056 6.84965 7.00855 6.51779 6.90795 6.31916 6.87315 7.3529 7.53614 7.52789 7.47055 7.46897 7.44642 7.50184 7.50608 7.50283 7.50136 7.5027 7.50037 7.4833 7.47588 7.48907 7.4808 7.47587 7.47505 7.48334 7.48705 7.46773 7.45091 7.22533 6.8821 6.22206
-9999 -9999 -9999 -9999 -9999 -9999 1.18169 4.26201 6.87493 8.44225 9.95141 10.3057 10.8184 10.714 10.296 9.44332 8.37658 7.19473 5.34677 3.97396 5.61415 7.97951 9.67379 10.2824 10.2784 10.2402 10.082 10.0177 9.83328 9.70152 8.92549 7.58727 6.83315 5.72807 7.6413 7.85979 7.56561 8.52308 8.48011 7.04421 5.94151 5.8088 6.49049 5.85336 5.7477 5.35647 5.81514 7.03364 6.68626 6.76235 7.31717 7.41364 7.47651 7.49746 7.49877 7.50113 7.49666 7.50291 7.50912 7.49251 7.48761 7.48799 7.47267 7.47601 7.46796 7.46706 7.46826 7.46125 7.44638 7.3876 7.32127 7.40666
-9999 -9999 -9999 -9999 -9999 -9999 1.24321 3.31605 5.66786 7.97382 9.58497 10.2379 10.7147 10.7146 10.2277 9.80612 9.13895 8.09964 7.38774 6.14879 4.44691 7.30864 8.18829 8.97309 9.30475 10.1228 10.1053 9.73418 9.3005 9.70609 9.58999 8.53208 8.18668 7.60123 8.66708 8.67374 8.64861 8.59618 7.38356 5.69639 4.34898 5.32743 5.12943 5.58208 4.20533 5.35066 6.27337 6.57688 5.96336 5.50722 6.94146 7.18337 7.32975 7.42536 7.48987 7.48068 7.50032 7.49692 7.49774 7.49821 7.49116 7.48911 7.48229 7.47544 7.47089 7.47162 7.46254 7.44804 7.45432 7.43018 7.42378 7.42026
-9999 -9999 -9999 -9999 -9999 -9999 -9999 2.09418 5.07084 7.73201 9.21581 10.1508 10.6087 10.6053 10.3584 10.0734 9.66117 8.91236 7.97048 6.47976 5.37381 6.08099 6.94289 7.04211 7.61614 9.27574 9.84443 9.04485 7.06189 8.23469 9.54359 9.52574 9.41789 9.29703 9.1408 9.00118 8.69095 7.85294 5.27665 4.77417 3.76674 3.88694 3.37284 4.51292 4.09625 5.2675 5.77847 5.97507 4.90349 5.13635 6.40812 6.91518 6.83777 7.15102 7.452 7.46698 7.48067 7.4783 7.48987 7.4975 7.49801 7.48847 7.48443 7.4832 7.46703 7.47945 7.39061 7.3356 7.21673 7.38084 7.40348 7.42108
-9999 -9999 -9999 -9999 -9999 -9999 -9999 1.4959 4.46978 7.60283 8.61205 9.61948 10.4896 10.5111 10.1314 9.77032 9.39808 8.97352 7.83033 6.72169 5.66324 5.31003 5.52703 5.51276 6.43999 8.60153 9.02233 8.84691 6.77504 6.07695 7.8246 9.29409 9.41315 9.28404 7.56281 7.93449 7.00818 5.7505 5.40784 4.86026 3.69778 4.26489 3.41497 3.78694 3.69665 4.36397 4.69234 5.48507 4.5518 4.56088 5.80966 6.44264 6.46423 7.12812 7.36848 7.43563 7.45669 7.47334 7.48173 7.49769 7.49735 7.49354 7.48678 7.46163 7.39326 7.17113 5.93368 5.94259 6.29271 6.62456 7.22419 7.3978
-9999 -9999 -9999 -9999 -9999 -9999 -9999 1.83537 3.90039 6.68082 8.74163 8.87552 9.8798 10.4004 9.987 9.52088 9.04373 8.83732 7.59287 6.22536 5.12102 3.81305 4.03229 4.97695 6.51928 7.9167 8.16904 7.88385 6.77346 7.3013 8.49434 9.1296 9.3196 9.17686 8.80517 8.59229 7.91133 7.61884 6.67167 5.18818 4.60692 4.98325 3.40836 3.52403 4.11362 3.501 4.52996 5.0254 3.81838 4.78669 5.8919 6.45983 6.95707 7.19551 7.29402 7.44193 7.4514 7.46904 7.48125 7.4849 7.49063 7.47348 7.46042 7.33401 7.14482 5.98753 5.51554 5.61784 6.16313 6.6416 7.14489 7.35379
-9999 -9999 -9999 -9999 -9999 -9999 -9999 2.18245 4.04207 6.45342 7.92396 8.19082 9.30392 10.2941 10.1884 9.70322 9.55831 9.05504 8.00025 6.83463 5.56011 4.94223 3.51709 4.92678 6.04187 7.22587 7.78147 6.86904 6.41422 7.22894 8.03905 8.36489 9.18333 9.17959 8.91827 7.77801 7.22434 7.46482 7.22974 6.81464 5.79509 5.75446 5.10146 4.83405 4.58183 3.7532 4.29231 4.35136 4.50222 5.66279 6.24079 6.62601 6.97689 7.07334 7.22917 7.4296 7.4525 7.46521 7.47005 7.47942 7.47088 7.42136 7.38063 7.12008 6.65428 5.77989 4.36556 5.37879 6.43809 6.76027 7.07539 7.24113
-9999 -9999 -9999 -9999 -9999 -9999 -9999 1.86222 3.83736 5.8988 6.7633 6.9138 8.92456 10.1574 10.1639 9.93611 9.66924 8.42019 8.49767 8.25085 7.10157 5.42571 3.58471 3.76109 4.86322 6.42509 6.94439 5.43587 4.90632 5.30202 6.52522 7.62066 8.76443 9.05801 8.72779 6.95047 5.06156 5.94432 6.88733 6.88695 6.61656 5.67143 5.37479 5.10681 4.41879 3.25304 3.43029 3.76228 5.07972 5.50072 6.14792 6.68642 6.49147 6.61478 7.13009 7.42822 7.445 7.45595 7.4713 7.47032 7.45863 7.35421 7.24337 7.05343 5.82897 5.07 3.96733 5.27165 5.9958 6.38818 7.07792 7.24747
-9999 -9999 -9999 -9999 -9999 -9999 -9999 1.248 2.68248 4.65296 5.44974 6.71805 8.6184 9.55527 10.0066 10.001 9.82448 9.26742 8.93402 8.27306 7.07741 5.44103 3.62152 2.43816 3.04484 5.14557 5.64491 4.25408 3.55016 4.43493 5.73829 7.66649 8.76995 8.92251 8.82729 8.46424 7.08637 5.42082 5.43121 6.2737 5.57773 4.76811 5.22121 5.1434 4.46407 3.9714 3.67537 3.87135 4.62371 4.93883 5.6855 6.78474 6.94717 6.92194 7.38807 7.41686 7.43335 7.45644 7.4616 7.46311 7.45505 7.37099 7.17552 6.36242 5.65422 4.66668 4.55006 5.71647 6.22909 6.707 7.04863 7.16433
-9999 -9999 -9999 -9999 -9999 -9999 -9999 0.193486 1.88036 3.72645 5.4553 7.09119 8.49973 8.61256 9.35742 9.3607 9.75287 9.64577 9.12959 8.57357 7.54396 5.44088 3.67294 1.74442 2.25713 4.40043 4.67881 3.75017 2.03159 3.81347 5.77824 7.55939 8.52548 7.77529 8.55254 8.49339 7.97992 6.99028 5.4491 5.48316 4.32957 4.28416 4.8842 5.08245 4.98852 4.61996 4.03136 4.13981 4.59809 4.71947 5.40606 6.26004 7.09505 7.24013 7.40404 7.41657 7.42487 7.44352 7.45091 7.43938 7.40274 7.31457 6.63381 5.82317 5.32616 4.63993 4.56211 5.90321 6.44403 6.7473 7.04321 7.16385
-9999 -9999 -9999 -9999 -9999 -9999 -9999 -9999 1.70373 3.61072 5.02294 5.40638 6.6588 7.33703 7.86279 7.98256 9.47486 9.56094 9.23516 8.72475 7.84719 6.25224 5.14198 3.29232 1.96371 2.51317 2.76803 3.261 3.12019 3.91685 5.80502 7.77213 7.99021 6.74704 6.93591 7.20118 7.79048 7.49836 5.39668 4.3313 3.44788 4.08386 4.7527 4.91843 4.95571 4.8328 4.69381 4.44305 5.33663 5.99929 6.15727 6.73575 7.16431 7.28676 7.38042 7.39696 7.41371 7.41962 7.40075 7.38868 7.28839 7.05645 6.29427 4.45304 4.54532 4.35159 3.78309 5.09025 5.92485 6.66473 7.06079 7.16762
-9999 -9999 -9999 -9999 -9999 -9999 -9999 -9999 1.06617 3.27186 3.74115 3.71088 2.9863 3.32607 6.03231 6.58056 8.01189 9.36734 9.27207 8.77143 7.95062 7.0022 5.5317 3.45104 1.79839 1.10055 2.88575 4.6371 5.00194 5.56423 6.7226 6.94578 5.67499 4.48366 5.1589 5.56741 7.11205 7.39768 7.10294 5.83857 4.39234 3.63979 4.53888 4.66338 4.72206 4.73773 4.71577 4.68583 5.6927 6.25222 6.64203 6.85678 7.22547 7.32397 7.35932 7.39294 7.39205 7.37904 7.32743 7.26802 6.9867 6.64495 5.39274 4.34978 3.7017 2.87748 4.75476 5.31785 6.09984 6.60529 6.99917 7.09021
