Test_Spring_2018b/12_17/Temp/20171211_017.txt
ncols	170
nrows	115
xllcorner	350000.000000
yllcorner	4445000.000000
cellsize	1000.000000
nodata_value	-9999.000000
[rows 32 to 63 of 115, columns 72 to 143 of 170]
11.4301 11.0465 11.6056 12.1192 11.7748 11.5423 12.3903 12.3767 12.0676 11.36 11.0922 10.8151 10.6405 9.73714 7.22533 4.95977 6.1545 6.17058 5.32315 6.80737 6.0037 3.92778 1.00247 2.572 2.1466 0.064813 -0.460709 -9999 -9999 -9999 -9999 -9999 -9999 -9999 -9999 -9999 -9999 -9999 -9999 -9999 -9999 -9999 -9999 -9999 -9999 -9999 -9999 -9999 -9999 -9999 -9999 -9999 -9999 -9999 -9999 -9999 -9999 -9999 -9999 -9999 -9999 -9999 -9999 -9999 -9999 -9999 -9999 -9999 -9999 -9999 -9999 -9999
10.9272 10.755 11.5926 11.5615 11.4889 11.773 12.293 12.3868 12.2582 11.9422 11.667 11.3753 10.6549 9.62329 7.47179 4.89472 4.30053 5.54309 5.59065 5.77961 5.04601 4.1277 2.69829 3.84469 4.28161 2.91112 1.11401 -0.0464009 -9999 -9999 -9999 -9999 -9999 -9999 -9999 -9999 -9999 -9999 -9999 -9999 -9999 -9999 -9999 -9999 -9999 -9999 -9999 -9999 -9999 -9999 -9999 -9999 -9999 -9999 -9999 -9999 -9999 -9999 -9999 -9999 -9999 -9999 -9999 -9999 -9999 -9999 -9999 -9999 -9999 -9999 -9999 -9999
10.3289 9.49067 9.9903 10.3621 11.0498 11.2139 11.3073 12.3088 12.2418 12.1818 11.7355 11.3762 10.7894 9.79607 8.38722 6.69351 3.75371 5.5461 6.9468 6.89782 6.80749 6.16019 4.78637 5.91127 5.95117 4.20074 2.20494 1.03102 0.537892 -9999 -9999 -9999 -9999 -9999 -9999 -9999 -9999 -9999 -9999 -9999 -9999 -9999 -9999 -9999 -9999 -9999 -9999 -9999 -9999 -9999 -9999 -9999 -9999 -9999 -9999 -9999 -9999 -9999 -9999 -9999 -9999 -9999 -9999 -9999 -9999 -9999 -9999 -9999 -9999 -9999 -9999 -9999
9.64972 8.62878 9.13156 9.80675 10.7584 11.2383 11.604 11.8941 12.1905 12.1409 11.6845 10.3619 10.1622 10.093 9.16719 7.23804 5.31136 4.80289 6.9463 7.55058 7.41183 7.88012 6.71423 7.24539 7.00839 6.37708 4.46139 2.7125 1.9835 0.555831 -9999 -9999 -9999 -9999 -9999 -9999 -9999 -9999 -9999 -9999 -9999 -9999 -9999 -9999 -9999 -9999 -9999 -9999 -9999 -9999 -9999 -9999 -9999 -9999 -9999 -9999 -9999 -9999 -9999 -9999 -9999 -9999 -9999 -9999 -9999 -9999 -9999 -9999 -9999 -9999 -9999 -9999
-9999 -9999 7.97466 8.89219 9.65064 10.5821 11.3841 11.7817 12.1677 12.1226 11.2232 10.7769 10.7264 10.1156 9.04878 8.37461 7.15693 5.88868 6.35559 8.18138 7.3504 8.63977 8.51602 8.74169 7.857 6.18438 3.96792 2.66324 2.00949 0.849962 -9999 -9999 -9999 -9999 -9999 -9999 -9999 -9999 -9999 -9999 -9999 -9999 -9999 -9999 -9999 -9999 -9999 -9999 -9999 -9999 -9999 -9999 -9999 -9999 -9999 -9999 -9999 -9999 -9999 -9999 -9999 -9999 -9999 -9999 -9999 -9999 -9999 -9999 -9999 -9999 -9999 -9999
-9999 -9999 -9999 8.71333 9.28715 10.5436 11.1776 11.4309 12.0615 12.05 11.7014 11.4352 11.0548 10.5617 9.75699 8.87037 7.72443 7.60697 8.77041 8.77201 8.51312 8.69282 9.28343 9.1102 7.74458 5.40039 4.1569 1.64031 0.556819 0.653122 -0.118385 -9999 -9999 -9999 -9999 -9999 -9999 -9999 -9999 -9999 -9999 -9999 -9999 2.63853 -9999 -9999 -9999 -9999 -9999 -9999 -9999 -9999 -9999 -9999 -9999 -9999 -9999 -9999 -9999 -9999 -9999 -9999 -9999 -9999 -2.16976 -9999 -9999 -9999 -9999 -9999 -9999 -9999
-9999 -9999 8.61187 9.37987 9.9837 10.7661 10.8255 11.2823 12.0093 12.0071 11.7562 11.4745 10.8569 10.6947 10.2313 9.26986 9.06332 9.43556 9.60009 9.78803 9.89853 9.7847 9.52615 9.19574 8.3041 7.21074 6.47217 4.1764 3.00366 1.88585 0.201212 -1.11926 -9999 -9999 -9999 -9999 -9999 -9999 -9999 1.7995 1.72702 1.74636 2.10264 3.10432 2.49918 -9999 -9999 -9999 -9999 -9999 -9999 -9999 -9999 -9999 -9999 -9999 -9999 -9999 -9999 -9999 -9999 -9999 -9999 -9999 -1.26508 -2.59347 -9999 -9999 -9999 -9999 -9999 -9999
-9999 -9999 8.80872 9.62941 10.0324 10.7919 11.2207 11.4896 11.733 11.9653 11.9114 11.601 11.1355 11.1263 10.4897 10.1408 9.88821 10.3962 10.4865 10.2648 9.98974 9.74464 9.07586 8.98586 8.7501 8.05057 6.91166 5.73854 4.0478 1.76505 -0.473582 -2.28152 -9999 -9999 -9999 -9999 -9999 -9999 1.99009 2.82045 3.31387 2.23281 3.13745 3.96334 3.81934 2.9904 -9999 -9999 -9999 -9999 -9999 -9999 -9999 -9999 -9999 -9999 -9999 -9999 -9999 -9999 5.01243 3.65176 0.914489 -0.494371 -1.34455 -2.55359 -9999 -9999 -9999 -9999 -9999 -9999
-9999 -9999 8.63611 9.60775 10.2615 10.8403 10.9215 11.5129 11.7603 11.879 11.8509 11.7794 11.6837 11.1266 10.8802 10.0445 10.8206 10.7785 10.5665 9.76407 9.40857 8.03918 7.42856 7.27344 8.39877 7.5411 5.7666 3.55211 0.889957 0.704827 -0.183265 -1.80077 -9999 -9999 -9999 -9999 -9999 -9999 2.24174 3.13075 3.87122 3.97049 2.89598 4.37162 4.29731 3.45502 3.2552 3.9254 4.25941 3.9874 4.79059 5.01743 4.63876 5.03008 -9999 -9999 -9999 -9999 5.21308 5.25648 5.28647 4.71295 1.72364 -0.321873 -2.16024 -2.34291 -9999 -9999 -9999 -9999 -9999 -9999
-9999 -9999 9.31113 9.90398 10.197 10.2329 10.7509 11.2657 11.5757 11.8001 11.7396 11.708 11.6754 11.4772 11.0323 11.0985 11.0516 10.7868 9.27116 7.50386 8.25547 7.20051 4.95309 6.74744 7.72756 6.75734 4.60982 2.12217 1.29339 1.31368 0.0835992 -1.49479 -9999 -9999 -9999 -0.193222 1.0834 1.18501 1.55448 2.7438 3.64627 4.324 4.78228 4.75498 4.24724 3.42302 2.52787 2.83142 4.40973 4.78563 5.09837 5.33373 4.98124 5.14648 5.5602 5.76857 5.80188 5.69068 5.65667 5.68025 5.61829 5.08232 2.40863 0.872432 -0.112253 -2.08712 -9999 -9999 -9999 -9999 -9999 -9999
-9999 -9999 8.92311 9.43676 9.85009 10.5423 10.6036 11.0389 11.2896 11.6699 11.7021 11.2266 11.5978 11.5367 11.4535 11.29 11.0557 9.77479 8.01348 6.24741 5.42473 5.75325 4.39751 5.06889 6.06204 5.678 4.3532 2.13509 1.80928 1.27829 -0.780052 -2.76259 -9999 -9999 -2.68817 -0.22918 1.49945 2.38636 2.65432 2.67125 3.81105 3.8916 5.11928 4.81742 3.16741 3.34045 2.69212 3.09306 3.66269 3.81086 4.63484 5.43087 5.57175 5.56385 5.82312 5.86745 5.87058 5.85241 5.65783 5.73071 5.73243 5.39402 3.45255 2.49962 1.44967 -2.06907 -9999 -9999 -9999 -9999 -9999 -9999
-9999 -9999 9.18361 9.75915 10.3908 10.4813 10.9458 10.8823 10.7307 11.3848 11.6142 11.275 11.0278 11.4503 11.4088 11.3398 11.2333 10.029 8.6368 6.53495 5.22357 4.41347 3.83501 3.06287 3.56511 3.39085 3.16262 3.39099 2.76902 1.54164 0.329769 -1.92402 -3.14947 -9999 -2.56381 -1.46038 0.597638 2.34552 3.45174 3.04083 4.33843 4.57135 5.31379 4.86108 3.85419 3.41425 3.36495 3.223 4.09176 4.67184 5.07509 5.34282 5.67978 5.75673 5.83419 5.86001 5.86903 5.8784 5.86286 5.84486 5.79466 5.66041 4.76148 3.80958 1.76734 -1.96012 -9999 -9999 -9999 -9999 -9999 -9999
-9999 7.4768 9.10946 10.084 10.4525 10.7145 10.9439 11.1063 11.2759 11.4351 11.542 11.4773 10.5995 10.6589 10.8033 11.2838 11.2372 11.1177 10.351 7.79626 6.90245 5.60259 3.92503 3.21238 3.54372 4.89041 4.81343 3.89487 2.87319 1.46345 0.562767 -0.825551 -3.47627 -3.25199 -2.076 -1.20333 0.191968 2.33093 3.82774 4.49053 4.73507 5.25357 5.51916 4.9006 4.30999 4.05607 3.59492 3.52005 3.5119 4.03209 4.43255 5.34419 5.6433 5.77417 5.83531 5.86311 5.88039 5.89731 5.89605 5.86734 5.85719 5.83865 5.76137 4.49888 1.35605 -1.01803 -9999 -9999 -9999 -9999 -9999 -9999
-9999 -9999 8.79772 9.21801 9.31714 9.50177 9.89527 10.3514 11.0022 11.0751 11.4297 11.4154 10.6564 9.7831 10.5231 10.8104 11.1083 11.1059 10.9966 8.84477 7.71326 6.81879 5.20941 5.76639 6.29643 6.32154 5.97552 4.02414 2.08077 -0.160805 -2.25172 -2.36556 -3.49742 -2.91868 -2.14603 -0.142365 1.26503 1.82999 2.23336 4.40879 4.96659 5.15103 5.70033 4.92741 4.72155 4.13742 4.29666 4.23519 4.22701 2.62762 4.20643 4.28931 5.3158 5.77111 5.86588 5.88366 5.90346 5.89755 5.89276 5.87714 5.87663 5.84934 5.8193 4.99425 1.01388 -0.995588 -9999 -9999 -9999 -9999 -9999 -9999
-9999 -9999 -9999 -9999 8.89965 9.2168 9.41506 9.7691 10.8815 11.1725 11.3621 11.3675 11.0232 10.158 9.92241 10.068 9.22408 9.90883 10.8488 10.8116 10.6819 8.78917 7.81121 8.72523 8.42607 6.99778 5.87009 4.75692 2.48422 0.812953 -1.58133 -3.38248 -3.46382 -1.50555 0.119513 2.1472 3.03627 2.51409 3.05931 4.13393 5.35694 5.94328 5.79287 4.97867 4.85345 3.95863 4.81624 4.87934 4.4639 4.10317 4.22834 4.73042 4.91504 5.71574 5.90127 5.92514 5.92056 5.91318 5.89896 5.88351 5.86172 5.84163 5.81836 5.76945 1.67819 -1.51218 -9999 -9999 -9999 -9999 -9999 -9999
-9999 -9999 -9999 -9999 8.10972 8.29712 8.81394 10.1642 10.8624 11.1381 11.116 11.2377 10.9916 10.2296 9.44778 8.71 7.76114 8.28568 9.69185 10.5149 10.5958 8.93482 9.77409 9.43713 8.78836 6.92539 5.54793 4.80977 2.62707 0.752945 -0.845179 -3.04528 -2.12464 -1.10846 0.201431 2.41474 3.90518 4.51184 3.98424 4.66842 6.07727 6.0756 5.29009 5.33054 4.84539 3.62653 4.87311 5.21576 4.91908 4.98154 4.86133 5.04119 5.37814 5.70006 5.91052 5.92951 5.92209 5.90409 5.89293 5.88246 5.85548 5.8451 5.82174 5.78867 3.14333 -1.5789 -9999 -9999 -9999 -9999 -9999 -9999
-9999 -9999 -9999 -9999 -9999 7.37567 8.57351 10.3705 10.8037 10.7499 11.1116 11.1321 10.7605 10.4368 9.49015 8.20077 5.73348 6.34755 7.64096 9.51071 10.4862 10.3379 9.76987 8.79724 6.46646 4.4244 4.16158 3.81318 2.21574 0.767999 -1.00703 -0.00231819 1.10043 2.30904 2.93866 2.76047 4.03607 5.07462 4.61958 5.46105 6.44435 5.98455 5.70855 5.47513 4.91639 4.87266 4.91875 5.62178 5.11634 5.4086 5.40249 5.37431 5.53255 5.71647 5.91034 5.93298 5.92256 5.91512 5.8804 5.87767 5.8546 5.83141 5.80889 5.77871 5.52778 2.9761 1.44753 -9999 -9999 -9999 -9999 -9999
-9999 -9999 -9999 -9999 -9999 6.25072 6.84092 8.97185 9.61784 10.5528 11.0437 11.0552 10.4355 10.0854 8.68004 8.21709 5.9341 4.8936 5.75423 5.40688 7.98573 10.2654 9.74874 5.10116 3.40723 2.19409 2.48471 2.47094 2.0144 -0.43657 -1.12218 1.04068 2.39784 3.44704 4.2406 4.39679 4.35841 5.98858 6.1967 6.71998 6.59451 6.63424 5.7963 5.27383 5.70873 5.18167 5.08257 5.80924 5.07145 5.71731 5.62606 5.41784 5.39662 5.81864 5.89543 5.93075 5.92247 5.89469 5.8619 5.83835 5.84108 5.82299 5.78712 5.77614 5.74 5.42103 4.09568 3.62338 4.11738 -9999 -9999 -9999
-9999 -9999 -9999 -9999 -9999 -9999 4.83421 7.80128 9.14677 9.84962 10.8449 10.9547 10.6186 10.0214 8.59028 7.33033 5.28826 2.95719 1.71572 5.3801 8.56699 10.2231 9.98638 6.11525 4.57758 4.4907 5.37043 4.5979 4.00818 2.14118 1.57389 0.791826 1.25113 2.71811 3.91529 5.07065 5.90809 5.96696 6.50728 6.81377 6.82993 6.91917 6.8119 6.72238 5.91039 6.45179 5.97254 6.2102 6.03906 5.8834 5.74547 5.27737 5.58957 5.86485 5.92773 5.93869 5.91052 5.89552 5.87229 5.83416 5.81076 5.7973 5.78271 5.75585 5.74309 5.7114 5.55076 4.74782 3.67743 2.32874 -9999 -9999
-9999 -9999 -9999 -9999 -9999 -9999 3.33865 6.2913 7.70429 9.53167 10.465 10.8364 10.7747 10.2887 9.19857 7.56307 6.19854 3.5975 0.896644 4.74309 8.16737 10.0087 10.0923 6.8348 7.71728 6.97542 7.25231 5.90732 5.33939 4.88417 3.91523 2.85756 1.7012 1.08417 3.78758 5.17046 6.28157 6.80006 7.08881 7.2279 7.13703 6.92416 5.70818 6.61728 6.55507 6.4527 6.33678 6.27493 6.1686 6.04525 5.96533 5.93089 5.61643 5.94894 5.92913 5.92275 5.9133 5.89315 5.86475 5.83832 5.80815 5.79612 5.77308 5.74901 5.72831 5.70661 5.68331 5.62621 5.40275 3.59656 2.5107 2.19499
-9999 -9999 -9999 -9999 -9999 -9999 -0.836285 3.46583 6.91626 8.7152 10.1755 10.5691 10.7092 10.0606 9.57283 8.39721 7.28312 5.57012 3.00961 1.42789 4.3036 8.49055 10.0237 9.88542 9.77315 8.91828 8.14629 8.03521 8.07663 7.1777 5.87882 4.18877 3.65157 3.05141 5.06184 5.32455 5.16555 7.37847 7.37288 7.23594 6.37459 5.41099 5.58113 4.98321 5.42135 4.7074 5.34259 5.89007 6.08747 6.05887 5.97085 5.94979 5.9053 5.95247 5.94035 5.91958 5.90101 5.88576 5.86602 5.82857 5.8021 5.7994 5.76895 5.74324 5.71894 5.69974 5.68146 5.63575 5.59289 5.30357 4.87555 4.0706
-9999 -9999 -9999 -9999 -9999 -9999 -0.659331 2.95383 6.01989 7.85153 9.61508 10.0154 10.6031 10.4625 9.9519 8.92832 7.65211 6.24008 4.04157 2.40396 4.3236 7.09776 9.08073 9.7793 9.75586 9.6926 9.48751 9.39236 9.1562 8.98 8.04584 6.44737 5.53954 4.21753 6.45937 6.70042 6.33632 7.45007 7.38263 5.67052 4.35167 4.17788 4.96421 4.19424 4.04667 3.56555 4.08833 5.50819 5.07829 5.14937 5.78404 5.87976 5.93507 5.9423 5.92658 5.91227 5.88999 5.88034 5.87052 5.83349 5.80991 5.79208 5.75514 5.73721 5.70736 5.67701 5.65376 5.62306 5.58296 5.49105 5.38782 5.46304
-9999 -9999 -9999 -9999 -9999 -9999 -0.590907 1.83228 4.59023 7.29406 9.17812 9.93115 10.4764 10.459 9.86698 9.35223 8.54769 7.30383 6.44652 4.96688 2.94054 6.3022 7.32172 8.22827 8.60118 9.54883 9.50996 9.05343 8.52002 8.98095 8.82509 7.55843 7.13319 6.42468 7.66599 7.65688 7.61035 7.53165 6.08313 4.07426 2.46642 3.60452 3.3534 3.86882 2.22032 3.55332 4.62397 4.9635 4.22006 3.66286 5.33581 5.60195 5.75695 5.85225 5.91101 5.8829 5.88891 5.8677 5.85135 5.83436 5.80815 5.78744 5.76061 5.73321 5.70496 5.67646 5.64396 5.60266 5.58763 5.53488 5.50535 5.47577
-9999 -9999 -9999 -9999 -9999 -9999 -9999 0.385168 3.88053 7.00414 8.73789 9.8239 10.3469 10.3254 10.0168 9.66323 9.15956 8.25856 7.1296 5.35259 4.02975 4.8475 5.84577 5.94267 6.6025 8.54393 9.19726 8.23506 5.87274 7.2383 8.76597 8.7273 8.58251 8.42251 8.2209 8.03903 7.65581 6.6495 3.59083 2.98052 1.774 1.89871 1.27431 2.60112 2.0857 3.45006 4.03473 4.24818 2.9643 3.21838 4.69985 5.28044 5.17115 5.5233 5.86132 5.86161 5.86042 5.84027 5.83645 5.8278 5.81046 5.78039 5.75678 5.73601 5.6936 5.67829 5.55183 5.4651 5.30283 5.47467 5.47962 5.47228
-9999 -9999 -9999 -9999 -9999 -9999 -9999 -0.326508 3.16626 6.84714 8.02066 9.19229 10.202 10.2099 9.74436 9.30094 8.84442 8.32616 6.95944 5.63347 4.36667 3.93244 4.1713 4.13198 5.20895 7.74314 8.22201 7.99691 5.52819 4.68626 6.73205 8.44951 8.57266 8.40292 6.3535 6.77523 5.66454 4.16263 3.74107 3.07751 1.68788 2.34019 1.31928 1.74086 1.60881 2.37832 2.74753 3.66494 2.5445 2.5344 3.98858 4.71784 4.72541 5.49147 5.75762 5.81934 5.8267 5.82883 5.82109 5.82212 5.80364 5.78075 5.75401 5.70516 5.60486 5.31858 3.82652 3.81574 4.2077 4.57807 5.26035 5.44144
-9999 -9999 -9999 -9999 -9999 -9999 -9999 0.0694666 2.48932 5.754 8.16921 8.30952 9.47765 10.0748 9.56948 9.00196 8.42151 8.16075 6.67441 5.04275 3.72174 2.16023 2.40176 3.49967 5.29774 6.92988 7.21001 6.85544 5.52183 6.12743 7.51849 8.25105 8.458 8.27217 7.81612 7.54765 6.72656 6.36417 5.22881 3.46017 2.7567 3.18372 1.30684 1.42581 2.10418 1.35457 2.55106 3.11759 1.67405 2.79434 4.08104 4.73352 5.30265 5.56633 5.66491 5.82189 5.81543 5.81861 5.81527 5.80168 5.79034 5.75171 5.7176 5.54934 5.30659 3.9205 3.32791 3.42782 4.05067 4.59461 5.16003 5.38619
-9999 -9999 -9999 -9999 -9999 -9999 -9999 0.474368 2.65185 5.48087 7.19925 7.4966 8.79325 9.94495 9.80281 9.21275 9.0245 8.4132 7.15073 5.7574 4.23545 3.48872 1.7888 3.4358 4.72931 6.1096 6.74789 5.64776 5.09323 6.03765 6.97667 7.34399 8.29296 8.27128 7.94552 6.58209 5.91125 6.17807 5.88339 5.37612 4.1551 4.08979 3.30134 2.96801 2.6525 1.64762 2.26584 2.31722 2.47455 3.82411 4.4884 4.92516 5.32147 5.41747 5.58366 5.80256 5.81188 5.80913 5.79702 5.79012 5.7619 5.68507 5.61837 5.29185 4.72272 3.67088 1.96544 3.14127 4.37141 4.72726 5.07445 5.24997
-9999 -9999 -9999 -9999 -9999 -9999 -9999 0.0913377 2.40531 4.82131 5.82422 5.98425 8.34078 9.77901 9.7693 9.48313 9.15086 7.659 7.73336 7.42481 6.05072 4.05487 1.86397 2.05489 3.33559 5.15953 5.75511 3.95114 3.30848 3.75827 5.1851 6.46115 7.79428 8.12366 7.71659 5.60096 3.35361 4.3787 5.47492 5.45723 5.12068 3.9874 3.61966 3.28564 2.45558 1.05486 1.24353 1.61724 3.14935 3.62821 4.37423 4.99197 4.74383 4.87151 5.4621 5.7963 5.79832 5.79343 5.79367 5.77451 5.74256 5.60095 5.45153 5.20849 3.74378 2.82844 1.496 3.01064 3.84542 4.2797 5.07402 5.2543
-9999 -9999 -9999 -9999 -9999 -9999 -9999 -0.638864 1.03687 3.34554 4.26856 5.74842 7.97462 9.06337 9.57891 9.55504 9.32948 8.65463 8.24385 7.44634 6.0175 4.06827 1.90278 0.488346 1.18733 3.64428 4.2142 2.55139 1.70294 2.73025 4.25183 6.51116 7.79676 7.95969 7.83009 7.38427 5.74027 3.75659 3.75163 4.72906 3.88998 2.91662 3.43404 3.32452 2.50471 1.90519 1.52846 1.73883 2.60644 2.96032 3.82378 5.10359 5.2774 5.22971 5.76219 5.77836 5.78 5.78941 5.77759 5.76135 5.73368 5.61613 5.36686 4.38816 3.53312 2.34808 2.19115 3.53187 4.11263 4.65252 5.0361 5.15305
-9999 -9999 -9999 -9999 -9999 -9999 -9999 -1.88896 0.0848279 2.2467 4.27025 6.18415 7.82971 7.94556 8.8077 8.79434 9.24019 9.09659 8.47002 7.7964 6.56362 4.0634 1.95883 -0.33535 0.252744 2.76264 3.06571 1.95203 -0.094304 1.99229 4.29486 6.38066 7.50414 6.60126 7.5018 7.4148 6.79137 5.60571 3.7688 3.79168 2.41223 2.3411 3.03195 3.24832 3.11963 2.66663 1.94688 2.0513 2.57175 2.6969 3.48943 4.47968 5.44758 5.60098 5.77664 5.77359 5.76556 5.76971 5.76051 5.72887 5.66748 5.54509 4.7229 3.74718 3.14159 2.31244 2.20149 3.75403 4.36258 4.69663 5.02646 5.14946
-9999 -9999 -9999 -9999 -9999 -9999 -9999 -9999 -0.128778 2.10503 3.75478 4.18997 5.65125 6.43467 7.03816 7.16236 8.90713 8.99163 8.58987 7.97014 6.9169 5.01664 3.68862 1.48759 -0.0982605 0.527533 0.805272 1.37013 1.18672 2.11019 4.32239 6.62782 6.86823 5.38335 5.58925 5.88532 6.56392 6.20178 3.70306 2.4278 1.36727 2.10058 2.8726 3.05049 3.07667 2.91364 2.72176 2.40256 3.43936 4.20357 4.37199 5.03696 5.52499 5.65167 5.74439 5.7461 5.74805 5.73716 5.69697 5.66472 5.52819 5.23608 4.3178 2.12534 2.21559 1.96802 1.27784 2.79628 3.74165 4.59577 5.04404 5.15094
-9999 -9999 -9999 -9999 -9999 -9999 -9999 -9999 -0.886681 1.69982 2.2363 2.18306 1.31016 1.69401 4.87197 5.5021 7.17492 8.75817 8.62861 8.02042 7.03422 5.89734 4.14404 1.67031 -0.298077 -1.14474 0.942721 2.99055 3.40423 4.05107 5.40171 5.64821 4.13081 2.70721 3.48742 3.95264 5.75921 6.07921 5.71387 4.20362 2.47853 1.57234 2.61611 2.74525 2.79659 2.79709 2.74951 2.68764 3.85545 4.49785 4.93996 5.17548 5.59284 5.69126 5.71518 5.73708 5.71823 5.68504 5.60622 5.51809 5.16785 4.74613 3.24929 1.99937 1.21554 0.223608 2.4212 3.06105 3.95072 4.52232 4.96817 5.0566
