Test_Spring_2018b/12_17/Temp/20171225_021.txt
ncols	170
nrows	115
xllcorner	350000.000000
yllcorner	4445000.000000
cellsize	1000.000000
nodata_value	-9999.000000
[rows 31 to 61 of 115, columns 71 to 141 of 170]
6.85406 7.04835 6.66851 6.70261 7.63031 7.83947 7.82547 7.77744 7.69127 7.26215 7.11748 6.77821 6.18162 5.92983 4.86977 1.4489 2.41332 2.78897 1.79595 2.34775 3.24759 2.46415 0.139161 -0.860186 -2.47052 -1.93398 -2.38902 -3.68245 -9999 -9999 -9999 -9999 -9999 -9999 -9999 -9999 -9999 -9999 -9999 -9999 -9999 -9999 -9999 -9999 -9999 -9999 -9999 -9999 -9999 -9999 -9999 -9999 -9999 -9999 -9999 -9999 -9999 -9999 -9999 -9999 -9999 -9999 -9999 -9999 -9999 -9999 -9999 -9999 -9999 -9999 -9999
6.65716 6.62944 6.26331 6.81898 7.3308 7.05481 6.87163 7.72609 7.72524 7.4352 6.75511 6.50411 6.24352 6.08256 5.20924 2.76435 0.560166 1.73714 1.76315 0.946306 2.40854 1.63657 -0.377212 -3.21968 -1.66946 -2.06741 -4.03146 -4.51561 -9999 -9999 -9999 -9999 -9999 -9999 -9999 -9999 -9999 -9999 -9999 -9999 -9999 -9999 -9999 -9999 -9999 -9999 -9999 -9999 -9999 -9999 -9999 -9999 -9999 -9999 -9999 -9999 -9999 -9999 -9999 -9999 -9999 -9999 -9999 -9999 -9999 -9999 -9999 -9999 -9999 -9999 -9999
6.33683 6.14258 5.98287 6.81045 6.78976 6.76703 7.10165 7.63518 7.73903 7.6251 7.32749 7.06923 6.7943 6.10019 5.10171 3.00902 0.500702 -0.0699204 1.15458 1.21232 1.40914 0.70564 -0.177217 -1.55834 -0.421839 0.0223159 -1.27717 -2.97285 -4.05918 -9999 -9999 -9999 -9999 -9999 -9999 -9999 -9999 -9999 -9999 -9999 -9999 -9999 -9999 -9999 -9999 -9999 -9999 -9999 -9999 -9999 -9999 -9999 -9999 -9999 -9999 -9999 -9999 -9999 -9999 -9999 -9999 -9999 -9999 -9999 -9999 -9999 -9999 -9999 -9999 -9999 -9999
5.85335 5.56165 4.7513 5.24867 5.62163 6.37304 6.57218 6.67597 7.66656 7.61275 7.56511 7.13963 6.79859 6.23489 5.27382 3.90676 2.26155 -0.600719 1.16108 2.54098 2.50542 2.4305 1.81248 0.485682 1.60115 1.65734 -0.000588999 -1.87191 -3.00288 -3.46936 -9999 -9999 -9999 -9999 -9999 -9999 -9999 -9999 -9999 -9999 -9999 -9999 -9999 -9999 -9999 -9999 -9999 -9999 -9999 -9999 -9999 -9999 -9999 -9999 -9999 -9999 -9999 -9999 -9999 -9999 -9999 -9999 -9999 -9999 -9999 -9999 -9999 -9999 -9999 -9999 -9999
5.18183 4.90101 3.91234 4.41303 5.08266 6.05896 6.58453 6.96924 7.26493 7.56609 7.52864 7.09315 5.81077 5.62517 5.56683 4.6716 2.79627 0.923794 0.437594 2.54318 3.14599 3.02392 3.49606 2.37265 2.90827 2.69419 2.1107 0.302881 -1.35601 -2.05278 -3.43311 -9999 -9999 -9999 -9999 -9999 -9999 -9999 -9999 -9999 -9999 -9999 -9999 -9999 -9999 -9999 -9999 -9999 -9999 -9999 -9999 -9999 -9999 -9999 -9999 -9999 -9999 -9999 -9999 -9999 -9999 -9999 -9999 -9999 -9999 -9999 -9999 -9999 -9999 -9999 -9999
-9999 -9999 -9999 3.28573 4.2276 4.98988 5.94636 6.75763 7.15846 7.54728 7.51418 6.64579 6.21941 6.17933 5.59146 4.5582 3.90875 2.72879 1.50017 1.96778 3.76415 2.96601 4.24071 4.13595 4.37363 3.52734 1.95361 -0.175512 -1.39968 -2.0224 -3.14032 -9999 -9999 -9999 -9999 -9999 -9999 -9999 -9999 -9999 -9999 -9999 -9999 -9999 -9999 -9999 -9999 -9999 -9999 -9999 -9999 -9999 -9999 -9999 -9999 -9999 -9999 -9999 -9999 -9999 -9999 -9999 -9999 -9999 -9999 -9999 -9999 -9999 -9999 -9999 -9999
-9999 -9999 -9999 -9999 4.05622 4.63833 5.87923 6.55885 6.8191 7.44708 7.44681 7.11634 6.86568 6.50282 6.02967 5.25193 4.3945 3.2843 3.17981 4.32791 4.34213 4.10325 4.29428 4.88813 4.7369 3.43722 1.19147 -0.00388484 -2.39416 -3.43587 -3.32606 -4.06549 -9999 -9999 -9999 -9999 -9999 -9999 -9999 -9999 -9999 -9999 -9999 -9999 -1.2962 -9999 -9999 -9999 -9999 -9999 -9999 -9999 -9999 -9999 -9999 -9999 -9999 -9999 -9999 -9999 -9999 -9999 -9999 -9999 -9999 -5.93841 -9999 -9999 -9999 -9999 -9999
-9999 -9999 -9999 3.91346 4.7179 5.32231 6.1011 6.20397 6.67732 7.39974 7.40864 7.17342 6.90718 6.31214 6.16153 5.71673 4.78558 4.5927 4.96635 5.13837 5.3348 5.4572 5.36207 5.12715 4.82343 4.01146 2.96424 2.26373 0.0572594 -1.03851 -2.11388 -3.74461 -5.02125 -9999 -9999 -9999 -9999 -9999 -9999 -9999 -2.11743 -2.18617 -2.16549 -1.81579 -0.835565 -1.42525 -9999 -9999 -9999 -9999 -9999 -9999 -9999 -9999 -9999 -9999 -9999 -9999 -9999 -9999 -9999 -9999 -9999 -9999 -9999 -5.05366 -6.35126 -9999 -9999 -9999 -9999
-9999 -9999 -9999 4.14638 4.9638 5.37329 6.13081 6.56468 6.88352 7.13378 7.37175 7.32878 7.03407 6.58696 6.58504 5.97016 5.63679 5.39822 5.90406 6.00334 5.7997 5.54583 5.32323 4.68855 4.62106 4.44955 3.78898 2.69921 1.57561 -0.0107195 -2.22293 -4.39384 -6.14593 -9999 -9999 -9999 -9999 -9999 -9999 -1.92409 -1.11098 -0.627567 -1.68274 -0.797938 0.00994633 -0.129682 -0.91703 -9999 -9999 -9999 -9999 -9999 -9999 -9999 -9999 -9999 -9999 -9999 -9999 -9999 -9999 1.07837 -0.250546 -2.92431 -4.30014 -5.13019 -6.311 -9999 -9999 -9999 -9999
-9999 -9999 -9999 3.97813 4.94452 5.60048 6.18285 6.27833 6.88306 7.16479 7.29188 7.27374 7.21186 7.12522 6.58717 6.3525 5.54245 6.30817 6.276 6.07974 5.30872 4.97674 3.65654 3.07992 2.98469 4.10851 3.29559 1.58705 -0.551812 -3.09944 -3.24866 -4.09878 -5.66384 -9999 -9999 -9999 -9999 -9999 -9999 -1.66725 -0.797746 -0.0738626 0.0233084 -1.02635 0.415678 0.363776 -0.458774 -0.653596 0.00159554 0.328241 0.0859723 0.873466 1.09307 0.721031 1.10135 -9999 -9999 -9999 -9999 1.27441 1.31688 1.34661 0.786965 -2.1328 -4.13042 -5.92572 -6.10482 -9999 -9999 -9999 -9999
-9999 -9999 -9999 4.63778 5.23575 5.54081 5.59433 6.11792 6.64844 6.98924 7.22043 7.16999 7.1461 7.11996 6.93124 6.50137 6.57125 6.5317 6.28091 4.81022 3.09605 3.84554 2.83614 0.678523 2.47064 3.45487 2.5344 0.463879 -1.93943 -2.69465 -2.64263 -3.82543 -5.35211 -9999 -9999 -9999 -4.04278 -2.79182 -2.69059 -2.32897 -1.16722 -0.286262 0.377649 0.824687 0.815516 0.319868 -0.485335 -1.35976 -1.063 0.479216 0.846571 1.17641 1.404 1.05721 1.21077 1.61324 1.81533 1.8467 1.73726 1.70361 1.72661 1.66636 1.14323 -1.46228 -2.96203 -3.92303 -5.86002 -9999 -9999 -9999 -9999
-9999 -9999 -9999 4.26346 4.78503 5.20852 5.90665 5.9846 6.42648 6.69591 7.09841 7.1382 6.67995 7.04733 6.99142 6.91371 6.758 6.53435 5.29009 3.57896 1.86603 1.07787 1.43042 0.128733 0.82362 1.82164 1.48457 0.225588 -1.91301 -2.20401 -2.67321 -4.65635 -6.57634 -9999 -9999 -6.47043 -4.06253 -2.37058 -1.50298 -1.24159 -1.22645 -0.114757 -0.0381049 1.15951 0.878554 -0.733634 -0.56495 -1.19452 -0.802784 -0.252311 -0.107422 0.715352 1.49507 1.63054 1.62072 1.87212 1.91382 1.91561 1.89701 1.70649 1.7777 1.77975 1.44975 -0.446308 -1.37648 -2.40308 -5.84628 -9999 -9999 -9999 -9999
-9999 -9999 -9999 4.52504 5.10839 5.74617 5.85447 6.32688 6.28136 6.15784 6.80913 7.05757 6.73177 6.49399 6.90935 6.87109 6.80643 6.70659 5.5364 4.18546 2.14446 0.879275 0.11847 -0.422315 -1.12824 -0.608189 -0.748107 -0.940406 -0.686853 -1.25377 -2.40261 -3.56416 -5.74209 -6.92453 -9999 -6.3327 -5.24954 -3.23645 -1.52858 -0.449304 -0.853371 0.411292 0.635674 1.37136 0.927409 -0.0570024 -0.492981 -0.541773 -0.680693 0.1682 0.738478 1.14896 1.40836 1.73885 1.81179 1.88544 1.90894 1.91642 1.9247 1.90911 1.89156 1.84295 1.71251 0.835132 -0.0953984 -2.08983 -5.73649 -9999 -9999 -9999 -9999
-9999 -9999 2.8136 4.45379 5.42861 5.81082 6.08803 6.33194 6.50853 6.69815 6.86659 6.98045 6.93435 6.0794 6.13884 6.28096 6.75195 6.70965 6.59847 5.85823 3.37472 2.5259 1.28646 -0.326337 -0.981657 -0.626395 0.722016 0.6799 -0.184688 -1.15098 -2.47786 -3.32183 -4.65787 -7.22821 -6.99721 -5.84006 -4.9827 -3.61776 -1.52871 -0.0688935 0.574893 0.809511 1.32224 1.57899 0.967622 0.389036 0.139448 -0.312016 -0.385543 -0.393448 0.115161 0.521566 1.41344 1.70355 1.83195 1.88958 1.91496 1.93047 1.94611 1.94447 1.91648 1.90702 1.88968 1.81388 0.581323 -2.49618 -4.82065 -9999 -9999 -9999 -9999
-9999 -9999 -9999 4.15126 4.58597 4.70634 4.90913 5.31437 5.77877 6.43859 6.5221 6.87789 6.87105 6.13934 5.28647 6.00936 6.29052 6.58386 6.58645 6.48805 4.40927 3.32338 2.47326 0.928414 1.51486 2.06616 2.12539 1.82254 -0.0489898 -1.91364 -4.05233 -6.06849 -6.15658 -7.23643 -6.65659 -5.8935 -3.93144 -2.55527 -2.00488 -1.61436 0.506262 1.05328 1.22635 1.75887 1.00014 0.79687 0.224266 0.37869 0.318122 0.310179 -1.25201 0.304856 0.384189 1.38555 1.83061 1.92308 1.93866 1.95662 1.94995 1.94486 1.92964 1.9296 1.90278 1.8691 1.06265 -2.82662 -4.79471 -9999 -9999 -9999 -9999
-9999 -9999 -9999 -9999 -9999 4.30371 4.63683 4.85206 5.21727 6.32821 6.62496 6.81937 6.83074 6.49784 5.65667 5.42557 5.56745 4.74444 5.4202 6.3509 6.32992 6.22324 4.39858 3.48209 4.40792 4.15053 2.79132 1.7264 0.675505 -1.50923 -3.08998 -5.40124 -7.13679 -7.1964 -5.268 -3.66699 -1.6817 -0.812416 -1.32483 -0.796499 0.250545 1.44017 2.00775 1.85593 1.05628 0.931288 0.0547863 0.891326 0.952375 0.546538 0.194659 0.330696 0.819711 0.998685 1.77971 1.95984 1.98346 1.97764 1.96952 1.9552 1.94012 1.91636 1.89609 1.87274 1.82436 -2.17345 -5.29527 -9999 -9999 -9999 -9999
-9999 -9999 -9999 -9999 -9999 3.53773 3.74455 4.2714 5.61024 6.31641 6.59822 6.58576 6.71057 6.4733 5.72975 4.96606 4.24442 3.3196 3.83792 5.22222 6.04173 6.14114 4.54325 5.40263 5.10698 4.50888 2.7259 1.41794 0.734474 -1.36127 -3.13975 -4.67231 -6.79694 -5.87704 -4.86874 -3.57862 -1.41021 0.0463522 0.636135 0.117317 0.780442 2.15106 2.14359 1.37074 1.40565 0.928643 -0.264705 0.951706 1.28582 0.996047 1.05775 0.953731 1.12808 1.45605 1.76949 1.97412 1.99179 1.98406 1.96559 1.95424 1.94271 1.91552 1.90451 1.88081 1.84764 -0.737718 -5.35626 -9999 -9999 -9999 -9999
-9999 -9999 -9999 -9999 -9999 -9999 2.85065 4.04284 5.81816 6.26535 6.22511 6.58751 6.61338 6.25334 5.93791 5.0126 3.75231 1.34352 1.94923 3.2233 5.06545 6.03888 5.9189 5.40339 4.48679 2.2455 0.287743 0.0690409 -0.233345 -1.75699 -3.11873 -4.82386 -3.81706 -2.71902 -1.52256 -0.89699 -1.0658 0.181081 1.19334 0.744396 1.56094 2.51551 2.06014 1.78482 1.55189 1.0028 0.957436 1.00085 1.68705 1.19336 1.47968 1.48713 1.45838 1.61196 1.79075 1.97936 2.00074 1.98983 1.98185 1.94714 1.94357 1.92 1.89623 1.87307 1.84245 1.59623 -0.901761 -2.39653 -9999 -9999 -9999
-9999 -9999 -9999 -9999 -9999 -9999 1.75804 2.35612 4.45728 5.11222 6.03786 6.52644 6.54347 5.94124 5.60162 4.22811 3.77516 1.54588 0.536777 1.38802 1.06385 3.60352 5.85548 5.3898 0.882145 -0.737505 -1.88595 -1.56447 -1.54045 -1.94989 -4.29203 -4.93309 -2.79497 -1.44851 -0.407855 0.377911 0.536314 0.499382 2.0891 2.2895 2.79524 2.66654 2.69923 1.87486 1.35947 1.7812 1.26359 1.16515 1.87446 1.1538 1.78569 1.71022 1.50575 1.48418 1.8958 1.9702 2.0041 1.99493 1.96727 1.93418 1.91056 1.91201 1.89298 1.85652 1.84438 1.80776 1.49098 0.194626 -0.267874 0.214223 -9999
-9999 -9999 -9999 -9999 -9999 -9999 -9999 0.401358 3.31877 4.65693 5.35553 6.33683 6.45002 6.13118 5.54736 4.14835 2.91736 0.924024 -1.34891 -2.54672 1.04848 4.18173 5.82368 5.63097 1.88078 0.412581 0.363257 1.25902 0.540437 -0.00036167 -1.77249 -2.2988 -3.03864 -2.56989 -1.11736 0.0603496 1.19412 2.01321 2.06813 2.59073 2.88935 2.89937 2.98071 2.87044 2.77824 1.98194 2.50834 2.03854 2.27014 2.10316 1.952 1.83142 1.37322 1.6776 1.94602 2.00699 2.01545 1.98795 1.97278 1.94898 1.91004 1.88728 1.87255 1.85663 1.82874 1.81473 1.7784 1.61986 0.834236 -0.212161 -1.52989
-9999 -9999 -9999 -9999 -9999 -9999 -9999 -1.05407 1.84833 3.25219 5.04914 5.97507 6.34959 6.29098 5.81657 4.75169 3.15467 1.8241 -0.712013 -3.3424 0.429633 3.80363 5.62554 5.73379 2.59265 3.48725 2.79615 3.10106 1.82129 1.29994 0.906346 -0.0137146 -1.0239 -2.12796 -2.7192 -0.0685645 1.28773 2.37466 2.87929 3.15684 3.28638 3.19857 2.98753 1.79448 2.67831 2.61496 2.51256 2.39788 2.33692 2.23332 2.11374 2.05054 2.0162 1.70846 2.03193 2.0096 2.00379 1.99456 1.97434 1.94544 1.91787 1.88612 1.87327 1.85122 1.82586 1.8039 1.77708 1.75262 1.69563 1.47663 -0.288126
-9999 -9999 -9999 -9999 -9999 -9999 -9999 -5.12725 -0.907478 2.49421 4.26223 5.70648 6.09528 6.23469 5.60251 5.1272 3.98056 2.89558 1.22776 -1.26517 -2.79843 0.0300625 4.14108 5.67774 5.58267 5.50325 4.6995 3.97733 3.90082 3.97256 3.14444 1.91012 0.279635 -0.230516 -0.80377 1.1697 1.43179 1.27834 3.43925 3.4302 3.2911 2.44326 1.50671 1.66779 1.08383 1.50988 0.810222 1.42957 1.96405 2.15723 2.13023 2.05994 2.03697 1.99343 2.03493 2.02369 2.00377 1.98558 1.97009 1.94961 1.91125 1.88309 1.87779 1.84729 1.81949 1.79791 1.7733 1.75367 1.70772 1.66511 1.38229
-9999 -9999 -9999 -9999 -9999 -9999 -9999 -4.94096 -1.38476 1.6233 3.43572 5.16556 5.56153 6.13921 6.00443 5.50796 4.51096 3.26853 1.89543 -0.243514 -1.83147 0.0592553 2.79287 4.7528 5.47455 5.49376 5.46098 5.29016 5.23581 5.03426 4.91218 4.02205 2.47753 1.60647 0.327351 2.52673 2.76788 2.41459 3.50245 3.43402 1.75714 0.463538 0.288361 1.06558 0.309355 0.163481 -0.302973 0.206759 1.59367 1.17068 1.24132 1.87879 1.97208 2.01986 2.02747 2.0126 1.99887 1.97696 1.96688 1.95605 1.91808 1.89278 1.87273 1.83383 1.81602 1.78428 1.74809 1.72898 1.69762 1.65762 1.56756
-9999 -9999 -9999 -9999 -9999 -9999 -9999 -4.87269 -2.47459 0.231697 2.89787 4.74571 5.48691 6.02394 6.01049 5.43565 4.93685 4.15611 2.94792 2.11963 0.685852 -1.27934 2.02248 3.04525 3.96883 4.36491 5.31916 5.31017 4.89303 4.43547 4.90898 4.77582 3.55588 3.15524 2.47486 3.69645 3.69335 3.65088 3.57453 2.15784 0.192229 -1.38246 -0.274668 -0.524084 -0.00791833 -1.61943 -0.322951 0.722045 1.05359 0.334373 -0.208937 1.44387 1.69609 1.8478 1.94127 1.99899 1.97162 1.97722 1.95575 1.93852 1.92014 1.89232 1.86954 1.84061 1.81112 1.78372 1.74927 1.71529 1.66678 1.65116 1.6063
-9999 -9999 -9999 -9999 -9999 -9999 -9999 -9999 -3.88607 -0.441249 2.61985 4.32142 5.38878 5.9051 5.88882 5.59199 5.25176 4.76594 3.89348 2.80028 1.0762 -0.201676 0.614376 1.61715 1.74982 2.41921 4.34182 5.00642 4.09251 1.83765 3.1938 4.70581 4.68517 4.55825 4.41372 4.2294 4.05761 3.68666 2.70481 -0.284007 -0.885604 -2.06727 -1.94873 -2.5621 -1.2505 -1.75404 -0.422522 0.147913 0.356371 -0.897417 -0.627804 0.810674 1.37806 1.27167 1.61622 1.95134 1.95152 1.94994 1.92941 1.92439 1.91418 1.8951 1.85834 1.8323 1.80902 1.7675 1.74575 1.61983 1.53333 1.37373 1.54128
-9999 -9999 -9999 -9999 -9999 -9999 -9999 -9999 -4.554 -1.13108 2.47426 3.62857 4.77998 5.77239 5.78569 5.33637 4.90916 4.47007 3.972 2.64663 1.36298 0.139234 -0.268961 -0.0174626 -0.0103838 1.06435 3.56369 4.05534 3.85906 1.4997 0.696428 2.71284 4.40646 4.54019 4.3854 2.3917 2.80999 1.72886 0.26352 -0.147925 -0.797073 -2.15646 -1.52128 -2.52096 -2.11109 -2.21938 -1.46867 -1.10851 -0.212201 -1.30637 -1.29428 0.116688 0.829046 0.836515 1.58513 1.84526 1.90543 1.91214 1.9133 1.90434 1.90347 1.88313 1.85818 1.8293 1.7788 1.67817 1.39881 -0.0654802 -0.0777991 0.303957 0.66523
-9999 -9999 -9999 -9999 -9999 -9999 -9999 -9999 -4.15804 -1.78397 1.41445 3.78194 3.92599 5.07368 5.66328 5.17575 4.62791 4.06823 3.82204 2.37982 0.797231 -0.480103 -1.99063 -1.73783 -0.646731 1.15733 2.77321 3.06843 2.74341 1.49209 2.10121 3.47627 4.20624 4.42078 4.24954 3.81223 3.55617 2.75831 2.40692 1.29889 -0.428977 -1.11694 -0.700842 -2.53588 -2.42083 -1.75895 -2.46817 -1.29957 -0.746028 -2.15596 -1.04892 0.2075 0.844543 1.40035 1.6578 1.75388 1.90685 1.89986 1.90192 1.89723 1.88214 1.8689 1.82876 1.79289 1.62593 1.38632 0.0298553 -0.552858 -0.457059 0.150138 0.680739
-9999 -9999 -9999 -9999 -9999 -9999 -9999 -9999 -3.75303 -1.61633 1.15613 2.84272 3.14035 4.41391 5.5457 5.41348 4.84405 4.66791 4.07938 2.85584 1.5058 0.0315613 -0.683773 -2.32895 -0.702772 0.607774 1.97574 2.61898 1.59749 1.07252 2.01104 2.943 3.31489 4.25344 4.2419 3.93153 2.60561 1.95477 2.2186 1.9326 1.43791 0.245157 0.181089 -0.589728 -0.915893 -1.22451 -2.18131 -1.57755 -1.52732 -1.38171 -0.0425034 0.605561 1.03155 1.41818 1.51146 1.67329 1.88649 1.8947 1.89086 1.87757 1.86906 1.83946 1.76217 1.69465 1.37327 0.814922 -0.214868 -1.88476 -0.737817 0.462556 0.791769
-9999 -9999 -9999 -9999 -9999 -9999 -9999 -9999 -4.11768 -1.84817 0.5204 1.50781 1.67128 3.98053 5.39249 5.38994 5.11766 4.80097 3.35216 3.43462 3.14413 1.81383 -0.122665 -2.24849 -2.04609 -0.761402 1.0514 1.65131 -0.0588351 -0.671367 -0.217474 1.18986 2.44855 3.7616 4.09246 3.70228 1.64134 -0.549668 0.45535 1.5288 1.51306 1.18513 0.0783037 -0.280831 -0.607122 -1.41802 -2.78129 -2.57584 -2.21071 -0.700386 -0.233941 0.493732 1.09625 0.852913 0.976822 1.55299 1.87858 1.87947 1.87341 1.87215 1.85171 1.81858 1.67815 1.53 1.29034 -0.142877 -1.03923 -2.34638 -0.866723 -0.0527892 0.34657
-9999 -9999 -9999 -9999 -9999 -9999 -9999 -9999 -4.8215 -3.17611 -0.912774 -0.0036444 1.44923 3.63114 4.70171 5.21243 5.19652 4.98412 4.3335 3.9418 3.17329 1.78905 -0.10249 -2.20424 -3.57122 -2.87254 -0.42518 0.154297 -1.42473 -2.23947 -1.2224 0.276527 2.49507 3.76098 3.92868 3.80927 3.37963 1.77816 -0.156259 -0.158343 0.798611 -0.019815 -0.969884 -0.463729 -0.570265 -1.37084 -1.95615 -2.29696 -2.09988 -1.23093 -0.88679 -0.0446155 1.20447 1.37307 1.32531 1.84441 1.85902 1.85935 1.86715 1.85408 1.83653 1.80768 1.6909 1.44535 0.487084 -0.350356 -1.51016 -1.66538 -0.359148 0.188681 0.707751
-9999 -9999 -9999 -9999 -9999 -9999 -9999 -9999 -6.03339 -4.09731 -1.9778 0.0062718 1.883 3.49747 3.61741 4.46671 4.461 4.9045 4.7728 4.17008 3.52235 2.32932 -0.101 -2.14377 -4.37092 -3.7813 -1.2968 -0.934144 -2.00821 -3.99413 -1.94289 0.318359 2.3667 3.47366 2.59961 3.48636 3.40713 2.80275 1.6481 -0.14365 -0.119037 -1.4651 -1.53334 -0.857417 -0.645298 -0.770428 -1.21247 -1.90924 -1.79421 -1.26509 -1.14463 -0.372012 0.593864 1.538 1.6864 1.85658 1.85217 1.84287 1.84543 1.83488 1.80234 1.74064 1.61926 0.814093 -0.141131 -0.734758 -1.54683 -1.65717 -0.145012 0.430452 0.747678
