Test_Spring_2018b/12_17/Temp/20171218_003.txt
ncols	170
nrows	115
xllcorner	350000.000000
yllcorner	4445000.000000
cellsize	1000.000000
nodata_value	-9999.000000
[rows 31 to 61 of 115, columns 70 to 139 of 170]
5.38338 5.92454 6.12354 5.74727 5.78451 6.68458 6.88439 6.87066 6.78952 6.70362 6.27501 6.13161 5.79407 5.19962 4.95069 3.89335 0.473885 1.44255 1.82184 0.831124 1.38556 2.28739 1.50385 -0.823352 -1.82518 -3.43947 -2.92324 -3.40847 -4.70753 -9999 -9999 -9999 -9999 -9999 -9999 -9999 -9999 -9999 -9999 -9999 -9999 -9999 -9999 -9999 -9999 -9999 -9999 -9999 -9999 -9999 -9999 -9999 -9999 -9999 -9999 -9999 -9999 -9999 -9999 -9999 -9999 -9999 -9999 -9999 -9999 -9999 -9999 -9999 -9999 -9999
5.48451 5.73204 5.70893 5.34654 5.90593 6.42091 6.10444 5.89814 6.74311 6.74295 6.45381 5.77486 5.52577 5.26757 5.10946 4.23881 1.79571 -0.406569 0.774255 0.802936 -0.0124044 1.45203 0.679928 -1.33577 -4.18166 -2.63295 -3.03447 -5.04707 -5.53967 -9999 -9999 -9999 -9999 -9999 -9999 -9999 -9999 -9999 -9999 -9999 -9999 -9999 -9999 -9999 -9999 -9999 -9999 -9999 -9999 -9999 -9999 -9999 -9999 -9999 -9999 -9999 -9999 -9999 -9999 -9999 -9999 -9999 -9999 -9999 -9999 -9999 -9999 -9999 -9999 -9999
4.79963 5.41686 5.22708 5.07125 5.90279 5.88506 5.83268 6.13314 6.65748 6.7623 6.6496 6.35356 6.09734 5.82487 5.13327 4.13733 2.04655 -0.460234 -1.02833 0.19941 0.259031 0.457091 -0.246591 -1.13063 -2.51414 -1.37923 -0.937798 -2.25898 -3.99068 -5.1034 -9999 -9999 -9999 -9999 -9999 -9999 -9999 -9999 -9999 -9999 -9999 -9999 -9999 -9999 -9999 -9999 -9999 -9999 -9999 -9999 -9999 -9999 -9999 -9999 -9999 -9999 -9999 -9999 -9999 -9999 -9999 -9999 -9999 -9999 -9999 -9999 -9999 -9999 -9999 -9999
3.87994 4.93922 4.65177 3.84475 4.34576 4.72188 5.42013 5.59877 5.70329 6.69553 6.64312 6.59734 6.17394 5.83545 5.27444 4.31599 2.95131 1.30816 -1.55315 0.212124 1.59461 1.55999 1.48515 0.866003 -0.463226 0.65062 0.703865 -0.982343 -2.90711 -4.04056 -4.50854 -9999 -9999 -9999 -9999 -9999 -9999 -9999 -9999 -9999 -9999 -9999 -9999 -9999 -9999 -9999 -9999 -9999 -9999 -9999 -9999 -9999 -9999 -9999 -9999 -9999 -9999 -9999 -9999 -9999 -9999 -9999 -9999 -9999 -9999 -9999 -9999 -9999 -9999 -9999
-9999 4.27418 3.99733 3.01158 3.51563 4.18837 5.13974 5.62948 6.00266 6.29952 6.60235 6.56689 6.13363 4.85335 4.67088 4.61591 3.72351 1.85017 -0.0206742 -0.504897 1.60365 2.20765 2.08543 2.5569 1.43094 1.96432 1.74689 1.15128 -0.696765 -2.38712 -3.0856 -4.4673 -9999 -9999 -9999 -9999 -9999 -9999 -9999 -9999 -9999 -9999 -9999 -9999 -9999 -9999 -9999 -9999 -9999 -9999 -9999 -9999 -9999 -9999 -9999 -9999 -9999 -9999 -9999 -9999 -9999 -9999 -9999 -9999 -9999 -9999 -9999 -9999 -9999 -9999
-9999 -9999 -9999 -9999 2.3939 3.31142 4.06852 4.99704 5.79697 6.19891 6.58943 6.5584 5.69213 5.26865 5.23208 4.64753 3.61726 2.97083 1.79307 0.56599 1.03544 2.8336 2.0346 3.3088 3.20172 3.43648 2.58592 0.979303 -1.16998 -2.42576 -3.0505 -4.16988 -9999 -9999 -9999 -9999 -9999 -9999 -9999 -9999 -9999 -9999 -9999 -9999 -9999 -9999 -9999 -9999 -9999 -9999 -9999 -9999 -9999 -9999 -9999 -9999 -9999 -9999 -9999 -9999 -9999 -9999 -9999 -9999 -9999 -9999 -9999 -9999 -9999 -9999
-9999 -9999 -9999 -9999 -9999 3.14569 3.72233 4.96402 5.60419 5.8652 6.49495 6.49683 6.16902 5.92168 5.5625 5.09316 4.319 3.46478 2.35709 2.255 3.40536 3.42004 3.18032 3.36967 3.96105 3.80595 2.49216 0.222005 -0.978743 -3.41634 -4.46098 -4.35236 -5.09239 -9999 -9999 -9999 -9999 -9999 -9999 -9999 -9999 -9999 -9999 -9999 -9999 -2.23164 -9999 -9999 -9999 -9999 -9999 -9999 -9999 -9999 -9999 -9999 -9999 -9999 -9999 -9999 -9999 -9999 -9999 -9999 -9999 -9999 -6.64535 -9999 -9999 -9999
-9999 -9999 -9999 -9999 3.0351 3.80859 4.41233 5.19079 5.26643 5.72901 6.45311 6.46422 6.23196 5.96942 5.3784 5.23236 4.7919 3.86441 3.67502 4.05158 4.22526 4.42208 4.54349 4.4459 4.2072 3.89859 3.0547 2.00095 1.29416 -0.932642 -2.05904 -3.13714 -4.76965 -6.04644 -9999 -9999 -9999 -9999 -9999 -9999 -9999 -3.09083 -3.14969 -3.1187 -2.75818 -1.76648 -2.34549 -9999 -9999 -9999 -9999 -9999 -9999 -9999 -9999 -9999 -9999 -9999 -9999 -9999 -9999 -9999 -9999 -9999 -9999 -9999 -5.75125 -7.03687 -9999 -9999
-9999 -9999 -9999 -9999 3.24545 4.06122 4.46883 5.22503 5.65795 5.94072 6.19215 6.43252 6.39291 6.10235 5.65997 5.66342 5.05347 4.72478 4.49017 4.99933 5.1003 4.89661 4.64107 4.41523 3.7756 3.70224 3.49926 2.83091 1.73313 0.601937 -1.02846 -3.24514 -5.41898 -7.17211 -9999 -9999 -9999 -9999 -9999 -9999 -2.9061 -2.08248 -1.58827 -2.63326 -1.73676 -0.91699 -1.04517 -1.82988 -9999 -9999 -9999 -9999 -9999 -9999 -9999 -9999 -9999 -9999 -9999 -9999 -9999 -9999 0.345696 -0.972493 -3.63633 -5.00117 -5.81952 -6.98839 -9999 -9999
-9999 -9999 -9999 -9999 3.08497 4.04852 4.70151 5.28129 5.37461 5.96911 6.22788 6.35736 6.34291 6.28588 6.20493 5.67272 5.44408 4.6392 5.41016 5.38137 5.18675 4.41516 4.08099 2.75607 2.17347 2.04821 3.1641 2.34157 0.622865 -1.52596 -4.10749 -4.27152 -5.12469 -6.69139 -9999 -9999 -9999 -9999 -9999 -9999 -2.64971 -1.76899 -1.03346 -0.924695 -1.96324 -0.508312 -0.556535 -1.36672 -1.54854 -0.879578 -0.539181 -0.785491 0.014753 0.249771 -0.107383 0.28803 -9999 -9999 -9999 -9999 0.527683 0.58187 0.622998 0.0742474 -2.83607 -4.82338 -6.60781 -6.76834 -9999 -9999
-9999 -9999 -9999 -9999 3.75297 4.34642 4.6469 4.69623 5.21684 5.73668 6.05637 6.29247 6.24617 6.22779 6.20819 6.02648 5.60353 5.68018 5.64632 5.39964 3.93048 2.21564 2.96394 1.94405 -0.233635 1.54164 2.51601 1.58393 -0.49896 -2.91434 -3.70309 -3.66612 -4.85329 -6.37894 -9999 -9999 -9999 -5.05343 -3.7933 -3.68226 -3.30957 -2.13542 -1.24166 -0.569538 -0.10968 -0.118404 -0.596919 -1.38927 -2.25067 -1.93994 -0.382778 -0.00109875 0.325179 0.568682 0.237234 0.413993 0.830876 1.04674 1.09122 0.994245 0.972633 1.00732 0.958477 0.446403 -2.15749 -3.64689 -4.59667 -6.50529 -9999 -9999
-9999 -9999 -9999 -9999 3.38353 3.8997 4.31796 5.01167 5.08583 5.52551 5.78669 6.17384 6.21815 5.76573 6.14071 6.09286 6.0233 5.87517 5.65791 4.41771 2.70823 0.994599 0.203851 0.543274 -0.767084 -0.0899803 0.897411 0.537158 -0.736546 -2.88816 -3.18994 -3.68828 -5.68453 -7.60796 -9999 -9999 -7.49451 -5.07812 -3.37627 -2.49772 -2.22451 -2.1968 -1.07122 -0.981012 0.23103 -0.0467734 -1.64249 -1.45977 -2.08132 -1.67511 -1.10016 -0.9411 -0.116654 0.675792 0.82652 0.831479 1.09732 1.15273 1.16757 1.1614 0.982651 1.06538 1.07866 0.759637 -1.1263 -2.04537 -3.05501 -6.47764 -9999 -9999
-9999 -9999 -9999 -9999 3.65002 4.22709 4.85902 4.96193 5.43033 5.38132 5.24915 5.90208 6.14071 5.82143 5.5917 6.0164 5.98736 5.93135 5.83886 4.67341 3.32471 1.2828 0.014355 -0.759734 -1.30987 -2.03955 -1.53157 -1.68478 -1.8907 -1.65027 -2.24182 -3.42081 -4.58976 -6.7778 -7.96156 -9999 -7.36254 -6.27157 -4.2479 -2.52784 -1.43536 -1.82618 -0.54654 -0.307524 0.434349 0.00421794 -0.962911 -1.3756 -1.40971 -1.53427 -0.670636 -0.0900423 0.323012 0.598248 0.941366 1.02928 1.11731 1.1545 1.17497 1.19555 1.19167 1.1854 1.1478 1.02829 0.161567 -0.753268 -2.7365 -6.36319 -9999 -9999
-9999 -9999 -9999 1.97005 3.58517 4.55261 4.92753 5.19831 5.43704 5.61003 5.79162 5.95997 6.07729 6.02747 5.18095 5.25044 5.40292 5.88389 5.84983 5.74473 5.00751 2.52286 1.66544 0.41349 -1.21043 -1.88613 -1.54475 -0.210499 -0.268067 -1.14849 -2.12999 -3.48746 -4.35193 -5.69392 -8.2709 -8.03806 -6.87557 -6.01035 -4.6348 -2.53264 -1.05853 -0.399859 -0.149941 0.371513 0.643205 0.05445 -0.505759 -0.73992 -1.17646 -1.2352 -1.22866 -0.705654 -0.295718 0.608704 0.914303 1.0553 1.1273 1.1663 1.19469 1.22249 1.2324 1.21552 1.21695 1.21051 1.14952 -0.0717793 -3.12729 -5.43076 -9999 -9999
-9999 -9999 -9999 -9999 3.28807 3.71389 3.82572 4.02103 4.42033 4.8806 5.53254 5.61692 5.97625 5.97414 5.24446 4.40186 5.13637 5.42826 5.73084 5.74021 5.64562 3.55917 2.46791 1.60921 0.0523149 0.618108 1.1542 1.19682 0.876648 -1.01313 -2.89536 -5.06598 -7.09404 -7.18998 -8.28182 -7.70247 -6.93441 -4.96362 -3.57642 -3.0133 -2.60841 -0.471082 0.0873086 0.281589 0.831188 0.0885961 -0.0954857 -0.652272 -0.482066 -0.527513 -0.520816 -2.06986 -0.508006 -0.413508 0.603098 1.06078 1.16578 1.19486 1.22556 1.23089 1.23721 1.23299 1.24376 1.2304 1.21604 0.423045 -3.45423 -5.40113 -9999 -9999
-9999 -9999 -9999 -9999 -9999 -9999 3.42571 3.75071 3.95924 4.31971 5.42296 5.72053 5.91836 5.93555 5.61046 4.77588 4.55644 4.70963 3.89576 4.57779 5.51062 5.48853 5.37687 3.54251 2.60679 3.5183 3.24406 1.86611 0.782052 -0.28796 -2.49191 -4.10489 -6.42943 -8.17493 -8.23995 -6.31188 -4.71041 -2.71627 -1.83597 -2.33585 -1.79243 -0.728929 0.478431 1.06381 0.929425 0.146602 0.041369 -0.818994 0.0341541 0.110657 -0.280669 -0.618616 -0.478026 0.0263073 0.219818 1.01516 1.20859 1.24359 1.25032 1.25407 1.25106 1.24693 1.23898 1.23191 1.22235 1.18832 -2.79715 -5.89844 -9999 -9999
-9999 -9999 -9999 -9999 -9999 -9999 2.66162 2.85985 3.37985 4.71428 5.41245 5.69496 5.68577 5.81654 5.58732 4.8533 4.09979 3.38929 2.4732 2.99834 4.3864 5.20539 5.29989 3.69225 4.5333 4.22201 3.60622 1.8035 0.475449 -0.227774 -2.3436 -4.15491 -5.70104 -7.83658 -6.92205 -5.91509 -4.62193 -2.44636 -0.97822 -0.37438 -0.87896 -0.198789 1.19029 1.20088 0.445679 0.498527 0.0414469 -1.13558 0.0979591 0.447863 0.17272 0.248557 0.149156 0.338428 0.680792 1.00797 1.22566 1.25572 1.25961 1.25289 1.25281 1.25442 1.24007 1.24259 1.23306 1.21469 -1.35701 -5.95584 -9999 -9999
-9999 -9999 -9999 -9999 -9999 -9999 -9999 1.96724 3.15301 4.92418 5.36322 5.32345 5.68934 5.72111 5.36904 5.06344 4.14871 2.89898 0.498247 1.11096 2.38886 4.2313 5.2005 5.07181 4.53713 3.60448 1.34435 -0.63338 -0.871673 -1.19382 -2.73748 -4.13199 -5.85114 -4.85355 -3.76106 -2.56606 -1.93803 -2.1006 -0.842513 0.183648 -0.250226 0.583767 1.55688 1.11967 0.862699 0.647894 0.11892 0.09084 0.150765 0.853028 0.373794 0.674278 0.686361 0.672152 0.839716 1.03187 1.23326 1.26681 1.26768 1.27126 1.24834 1.25719 1.24672 1.2368 1.22821 1.21277 0.982118 -1.49458 -2.97314 -9999
-9999 -9999 -9999 -9999 -9999 -9999 -9999 0.875717 1.46733 3.56482 4.21182 5.13864 5.63077 5.65358 5.059 4.72814 3.36482 2.92298 0.702452 -0.302253 0.552622 0.227542 2.7643 5.00946 4.52498 -0.000547525 -1.63814 -2.80557 -2.5029 -2.49805 -2.92644 -5.30187 -5.9561 -3.82638 -2.48528 -1.44621 -0.65795 -0.493229 -0.519863 1.08475 1.29933 1.82235 1.71157 1.76283 0.956572 0.459238 0.901766 0.401167 0.31913 1.04446 0.337997 0.984093 0.912893 0.722562 0.714561 1.13941 1.22625 1.27215 1.27543 1.259 1.23801 1.22658 1.24142 1.23657 1.21502 1.21844 1.19782 0.903988 -0.375885 -0.82161
-9999 -9999 -9999 -9999 -9999 -9999 -9999 -9999 -0.486354 2.42846 3.75928 4.45907 5.44424 5.56311 5.24806 4.67446 3.2857 2.06479 0.0799181 -2.18665 -3.38653 0.210524 3.3417 4.97711 4.76636 0.999738 -0.485302 -0.551881 0.326469 -0.41076 -0.969646 -2.77429 -3.31307 -4.06267 -3.59951 -2.1508 -0.967758 0.172995 1.00272 1.07126 1.61069 1.92201 1.94984 2.0496 1.95776 1.88375 1.10731 1.65125 1.19747 1.4446 1.29199 1.15432 1.03748 0.59294 0.910808 1.19209 1.2653 1.28865 1.27175 1.2679 1.25634 1.23071 1.22017 1.21992 1.21922 1.20714 1.20938 1.19639 1.05511 0.286005
-9999 -9999 -9999 -9999 -9999 -9999 -9999 -9999 -1.94024 0.960295 2.35709 4.1562 5.08279 5.45957 5.40964 4.94482 3.88966 2.30176 0.979454 -1.55093 -4.17801 -0.403178 2.96077 4.77711 4.87569 1.71242 2.59312 1.88583 2.17443 0.877148 0.339186 -0.0853802 -1.01713 -2.0364 -3.1508 -3.73997 -1.08527 0.278041 1.37547 1.89355 2.1872 2.33487 2.25863 2.06293 0.887209 1.78951 1.74616 1.66059 1.56188 1.51604 1.4266 1.32033 1.26022 1.23953 0.944615 1.28336 1.27682 1.28133 1.28284 1.27408 1.25759 1.24351 1.22634 1.22762 1.21874 1.20936 1.20377 1.2005 1.19329 1.15316
-9999 -9999 -9999 -9999 -9999 -9999 -9999 -9999 -6.01352 -1.79386 1.59806 3.36888 4.81177 5.20737 5.35494 4.73145 4.26538 3.12731 2.05002 0.387945 -2.10188 -3.63396 -0.80724 3.30213 4.81845 4.70441 4.61216 3.79392 3.05662 2.96522 3.02254 2.16402 0.912919 -0.725354 -1.23489 -1.80935 0.167966 0.436291 0.292193 2.46705 2.47314 2.35113 1.52126 0.592628 0.772217 0.200644 0.646514 -0.0371251 0.598314 1.14798 1.35527 1.34142 1.27346 1.26833 1.23687 1.29708 1.29623 1.2868 1.27956 1.27575 1.26788 1.24315 1.22968 1.24002 1.22403 1.21307 1.20372 1.2028 1.20026 1.17099
-9999 -9999 -9999 -9999 -9999 -9999 -9999 -9999 -5.82845 -2.27986 0.730264 2.53771 4.27319 4.67554 5.26102 5.13444 4.6463 3.6571 2.42149 1.05377 -1.08214 -2.66893 -0.777263 1.95093 3.90589 4.61007 4.60455 4.55974 4.37617 4.30396 4.08934 3.93731 3.03857 1.493 0.618347 -0.661773 1.54191 1.78925 1.44484 2.5453 2.49113 0.829305 -0.447702 -0.604869 0.17808 -0.56108 -0.687525 -1.14473 -0.619396 0.782925 0.379842 0.463106 1.10187 1.20785 1.27729 1.29574 1.29151 1.28856 1.27788 1.27972 1.28171 1.25751 1.24694 1.24248 1.21986 1.21676 1.20206 1.19039 1.18211 1.16719
-9999 -9999 -9999 -9999 -9999 -9999 -9999 -9999 -5.75127 -3.36747 -0.658628 2.00219 3.85566 4.6031 5.14731 5.14139 4.574 4.08249 3.30816 2.10493 1.28025 -0.152217 -2.11856 1.18325 2.19657 3.10377 3.48897 4.43245 4.41123 3.98136 3.48019 3.94572 3.81187 2.58694 2.18409 1.50384 2.7295 2.73245 2.69872 2.63358 1.22938 -0.722419 -2.28186 -1.1564 -1.38881 -0.870103 -2.46394 -1.14339 -0.082332 0.263788 -0.45099 -0.982173 0.671901 0.948588 1.11192 1.21657 1.28533 1.26908 1.28624 1.27695 1.27271 1.26821 1.25512 1.24784 1.23501 1.22203 1.20936 1.19932 1.18247 1.16114
-9999 -9999 -9999 -9999 -9999 -9999 -9999 -9999 -9999 -4.77127 -1.33527 1.73049 3.43712 4.51026 5.03292 5.02326 4.73314 4.39943 3.91947 3.05162 1.9615 0.238415 -1.04009 -0.225345 0.767523 0.883175 1.54474 3.45923 4.11422 3.18949 0.901404 2.25629 3.76373 3.73929 3.61061 3.46666 3.28025 3.11447 2.75177 1.77994 -1.19826 -1.78082 -2.94766 -2.81273 -3.40989 -2.0974 -2.58323 -1.23522 -0.649533 -0.426904 -1.66836 -1.40001 0.065862 0.645576 0.550491 0.906282 1.24607 1.25777 1.26808 1.26 1.26815 1.27189 1.2675 1.25353 1.24401 1.23763 1.21152 1.21445 1.10564 1.03563
-9999 -9999 -9999 -9999 -9999 -9999 -9999 -9999 -9999 -5.45066 -2.02348 1.58726 2.74639 3.90349 4.90221 4.92164 4.47832 4.05696 3.62321 3.12958 1.80694 0.524641 -0.699334 -1.10894 -0.860155 -0.876578 0.192287 2.68577 3.16971 2.96516 0.578765 -0.230087 1.78378 3.47618 3.60949 3.45612 1.46483 1.88934 0.815621 -0.640512 -1.0403 -1.6765 -3.02232 -2.3716 -3.35649 -2.93094 -3.03995 -2.27374 -1.89892 -0.98828 -2.07014 -2.05984 -0.620252 0.104878 0.124166 0.884792 1.15656 1.22844 1.24726 1.26113 1.26563 1.279 1.27366 1.26437 1.25164 1.2176 1.1335 0.869278 -0.571616 -0.567718
-9999 -9999 -9999 -9999 -9999 -9999 -9999 -9999 -9999 -5.05325 -2.67494 0.529052 2.90233 3.05139 4.20526 4.801 4.31901 3.77649 3.22166 2.97977 1.5401 -0.0412383 -1.31847 -2.83049 -2.57948 -1.49101 0.289183 1.90031 2.1895 1.85797 0.581708 1.18786 2.56151 3.291 3.50627 3.33726 2.90387 2.65374 1.86331 1.52136 0.423813 -1.29271 -1.96769 -1.53726 -3.35908 -3.22949 -2.5529 -3.26518 -2.08177 -1.51436 -2.91226 -1.79082 -0.520371 0.129759 0.698189 0.967822 1.07595 1.24114 1.24662 1.26167 1.27055 1.26969 1.27129 1.24652 1.22645 1.07546 0.851865 -0.489386 -1.04946 -0.937654
-9999 -9999 -9999 -9999 -9999 -9999 -9999 -9999 -9999 -4.64691 -2.50546 0.272746 1.96495 2.26776 3.5475 4.68558 4.55885 3.99441 3.82309 3.23846 2.01756 0.66906 -0.804872 -1.52062 -3.16802 -1.54309 -0.25634 1.10815 1.74713 0.700017 0.17212 1.10936 2.04099 2.41338 3.35413 3.34568 3.03978 1.71927 1.07585 1.34915 1.07357 0.590257 -0.590713 -0.641663 -1.39946 -1.71217 -2.00739 -2.96912 -2.35123 -2.28761 -2.11439 -0.774406 -0.112438 0.326873 0.726461 0.832301 1.00669 1.23259 1.25364 1.26302 1.26339 1.26908 1.25415 1.19194 1.13986 0.833974 0.291064 -0.723641 -2.37174 -1.20833
-9999 -9999 -9999 -9999 -9999 -9999 -9999 -9999 -9999 -5.01074 -2.73575 -0.361205 0.63169 0.800439 3.11657 4.53495 4.53784 4.27059 3.95848 2.51293 2.59888 2.31075 0.981151 -0.956077 -3.08378 -2.88272 -1.61144 0.189283 0.786181 -0.948837 -1.56307 -1.10952 0.298959 1.55975 2.87612 3.21096 2.82563 0.769831 -1.41479 -0.400099 0.68418 0.679522 0.363228 -0.73189 -1.07845 -1.39195 -2.19033 -3.5421 -3.34116 -2.96253 -1.43704 -0.956132 -0.214223 0.402109 0.171753 0.30871 0.89816 1.23692 1.25096 1.25833 1.27083 1.26453 1.24591 1.12027 0.987185 0.762741 -0.655934 -1.53739 -2.82328 -1.32643
-9999 -9999 -9999 -9999 -9999 -9999 -9999 -9999 -9999 -5.71387 -4.06278 -1.79302 -0.878068 0.581195 2.77007 3.84692 4.36342 4.35268 4.14489 3.49804 3.10957 2.34324 0.959907 -0.931976 -3.03509 -4.40378 -3.70617 -1.28202 -0.703411 -2.30731 -3.12286 -2.10477 -0.603705 1.61842 2.88835 3.0605 2.94652 2.52329 0.928586 -0.99823 -0.990512 -0.0223113 -0.82995 -1.76878 -1.25004 -1.34414 -2.13259 -2.70563 -3.05291 -2.82759 -1.95793 -1.5992 -0.742414 0.521279 0.703559 0.66918 1.20195 1.2299 1.24367 1.26508 1.26582 1.26236 1.24787 1.14565 0.914819 -0.0289977 -0.851785 -1.99709 -2.13718 -0.807134
-9999 -9999 -9999 -9999 -9999 -9999 -9999 -9999 -9999 -6.92524 -4.98263 -2.85625 -0.865213 1.01854 2.63989 2.76568 3.62112 3.62067 4.06927 3.94173 3.34217 2.69681 1.50497 -0.925802 -2.96957 -5.19856 -4.60956 -2.13716 -1.80838 -2.88317 -4.86992 -2.81626 -0.551645 1.50084 2.61231 1.74253 2.63572 2.56333 1.96641 0.819791 -0.963531 -0.928586 -2.26458 -2.3214 -1.63318 -1.40877 -1.52161 -1.95145 -2.6377 -2.51223 -1.98191 -1.84677 -1.05925 -0.0785618 0.88018 1.04252 1.22654 1.23581 1.24019 1.2565 1.25981 1.24127 1.19373 1.08669 0.295618 -0.645418 -1.22446 -2.02197 -2.11723 -0.583021
