Test_Spring_2018b/12_17/Temp/20171222_009.txt
ncols	170
nrows	115
xllcorner	350000.000000
yllcorner	4445000.000000
cellsize	1000.000000
nodata_value	-9999.000000
[rows 31 to 61 of 115, columns 70 to 139 of 170]
4.59723 5.22976 5.45962 5.01245 5.05216 6.10647 6.3442 6.32374 6.22735 6.1213 5.61175 5.4378 5.03515 4.3299 4.03115 2.78055 -1.25082 -0.117126 0.322522 -0.8508 -0.205591 0.848271 -0.0820382 -2.82966 -4.01736 -5.92618 -5.33764 -5.91784 -7.4565 -9999 -9999 -9999 -9999 -9999 -9999 -9999 -9999 -9999 -9999 -9999 -9999 -9999 -9999 -9999 -9999 -9999 -9999 -9999 -9999 -9999 -9999 -9999 -9999 -9999 -9999 -9999 -9999 -9999 -9999 -9999 -9999 -9999 -9999 -9999 -9999 -9999 -9999 -9999 -9999 -9999
4.7141 5.00103 4.96949 4.53865 5.19297 5.79511 5.42419 5.1741 6.17044 6.16519 5.8197 5.0152 4.71656 4.407 4.21505 3.18413 0.301993 -2.29692 -0.913785 -0.887131 -1.85426 -0.138082 -1.05483 -3.43567 -6.79395 -4.97942 -5.46067 -7.84903 -8.44571 -9999 -9999 -9999 -9999 -9999 -9999 -9999 -9999 -9999 -9999 -9999 -9999 -9999 -9999 -9999 -9999 -9999 -9999 -9999 -9999 -9999 -9999 -9999 -9999 -9999 -9999 -9999 -9999 -9999 -9999 -9999 -9999 -9999 -9999 -9999 -9999 -9999 -9999 -9999 -9999 -9999
3.9058 4.62795 4.40024 4.21256 5.18722 5.16226 5.09526 5.44872 6.06749 6.18575 6.04786 5.69402 5.38691 5.06047 4.24048 3.06202 0.594565 -2.36281 -3.03838 -1.60028 -1.53745 -1.31191 -2.14808 -3.19676 -4.83359 -3.50608 -2.99502 -4.56964 -6.62481 -7.94485 -9999 -9999 -9999 -9999 -9999 -9999 -9999 -9999 -9999 -9999 -9999 -9999 -9999 -9999 -9999 -9999 -9999 -9999 -9999 -9999 -9999 -9999 -9999 -9999 -9999 -9999 -9999 -9999 -9999 -9999 -9999 -9999 -9999 -9999 -9999 -9999 -9999 -9999 -9999 -9999
2.8212 4.06371 3.72103 2.76683 3.35243 3.79108 4.60542 4.82432 4.94228 6.10511 6.03816 5.97889 5.47494 5.07076 4.40447 3.27011 1.65734 -0.283452 -3.65842 -1.58759 0.0324076 -0.0159463 -0.111888 -0.848765 -2.42169 -1.11899 -1.06488 -3.07625 -5.35226 -6.69612 -7.25656 -9999 -9999 -9999 -9999 -9999 -9999 -9999 -9999 -9999 -9999 -9999 -9999 -9999 -9999 -9999 -9999 -9999 -9999 -9999 -9999 -9999 -9999 -9999 -9999 -9999 -9999 -9999 -9999 -9999 -9999 -9999 -9999 -9999 -9999 -9999 -9999 -9999 -9999 -9999
-9999 3.27894 2.94874 1.78417 2.37337 3.1612 4.27458 4.8512 5.29279 5.63711 5.98835 5.94123 5.4257 3.91294 3.69222 3.62138 2.56454 0.352769 -1.85632 -2.43344 0.0411953 0.744529 0.592769 1.13964 -0.194078 0.425267 0.160685 -0.557463 -2.75224 -4.7521 -5.58392 -7.21986 -9999 -9999 -9999 -9999 -9999 -9999 -9999 -9999 -9999 -9999 -9999 -9999 -9999 -9999 -9999 -9999 -9999 -9999 -9999 -9999 -9999 -9999 -9999 -9999 -9999 -9999 -9999 -9999 -9999 -9999 -9999 -9999 -9999 -9999 -9999 -9999 -9999 -9999
-9999 -9999 -9999 -9999 1.05113 2.12492 3.01783 4.10491 5.04894 5.51702 5.97156 5.92972 4.90455 4.40039 4.35146 3.65727 2.43816 1.6706 0.27735 -1.17425 -0.629089 1.47985 0.531348 2.02302 1.88853 2.15625 1.14625 -0.762134 -3.3113 -4.79973 -5.54487 -6.87211 -9999 -9999 -9999 -9999 -9999 -9999 -9999 -9999 -9999 -9999 -9999 -9999 -9999 -9999 -9999 -9999 -9999 -9999 -9999 -9999 -9999 -9999 -9999 -9999 -9999 -9999 -9999 -9999 -9999 -9999 -9999 -9999 -9999 -9999 -9999 -9999 -9999 -9999
-9999 -9999 -9999 -9999 -9999 1.92817 2.60845 4.06581 4.82042 5.12274 5.85899 5.85602 5.46479 5.16807 4.73946 4.18095 3.26333 2.2512 0.940399 0.813003 2.15959 2.16905 1.87876 2.09328 2.78079 2.58939 1.02598 -1.65573 -3.07882 -5.96783 -7.20738 -7.08922 -7.96982 -9999 -9999 -9999 -9999 -9999 -9999 -9999 -9999 -9999 -9999 -9999 -9999 -4.72377 -9999 -9999 -9999 -9999 -9999 -9999 -9999 -9999 -9999 -9999 -9999 -9999 -9999 -9999 -9999 -9999 -9999 -9999 -9999 -9999 -10.1578 -9999 -9999 -9999
-9999 -9999 -9999 -9999 1.80245 2.71233 3.41888 4.33114 4.41451 4.96114 5.80864 5.81669 5.53807 5.2236 4.52221 4.34434 3.81959 2.72122 2.49135 2.92733 3.12414 3.34786 3.48249 3.35904 3.06921 2.69687 1.68658 0.436259 -0.405652 -3.04566 -4.38217 -5.66105 -7.59229 -9.10454 -9999 -9999 -9999 -9999 -9999 -9999 -9999 -5.69626 -5.77505 -5.74843 -5.3343 -4.17758 -4.87012 -9999 -9999 -9999 -9999 -9999 -9999 -9999 -9999 -9999 -9999 -9999 -9999 -9999 -9999 -9999 -9999 -9999 -9999 -9999 -9.10548 -10.6285 -9999 -9999
-9999 -9999 -9999 -9999 2.05162 3.00785 3.48372 4.36996 4.87567 5.20924 5.50056 5.77869 5.72705 5.37976 4.85348 4.85168 4.1275 3.73402 3.4509 4.04289 4.15399 3.90609 3.5968 3.32213 2.56008 2.46434 2.2083 1.41131 0.108815 -1.23295 -3.17121 -5.79047 -8.35901 -10.432 -9999 -9999 -9999 -9999 -9999 -9999 -5.47094 -4.5105 -3.93817 -5.17809 -4.13308 -3.17884 -3.34085 -4.28942 -9999 -9999 -9999 -9999 -9999 -9999 -9999 -9999 -9999 -9999 -9999 -9999 -9999 -9999 -1.89194 -3.45246 -6.59722 -8.21317 -9.18608 -10.5718 -9999 -9999
-9999 -9999 -9999 -9999 1.86073 2.99108 3.75599 4.43482 4.54103 5.24358 5.54192 5.68975 5.66796 5.59578 5.49513 4.86294 4.58769 3.63371 4.53424 4.49291 4.25594 3.33936 2.93726 1.36854 0.673292 0.509398 1.81236 0.833482 -1.2003 -3.7403 -6.78981 -7.00098 -8.015 -9.86855 -9999 -9999 -9999 -9999 -9999 -9999 -5.17026 -4.14243 -3.28596 -3.16776 -4.4006 -2.69885 -2.77928 -3.74514 -3.97149 -3.1964 -2.80794 -3.11722 -2.19289 -1.92672 -2.35708 -1.90105 -9999 -9999 -9999 -9999 -1.66122 -1.60573 -1.5658 -2.22051 -5.65539 -8.0041 -10.1143 -10.3204 -9999 -9999
-9999 -9999 -9999 -9999 2.64507 3.33995 3.69016 3.74484 4.35432 4.96901 5.33947 5.61138 5.55239 5.52601 5.49784 5.27844 4.77461 4.85835 4.81149 4.51356 2.77609 0.748943 1.62075 0.41236 -2.16004 -0.0877454 1.04819 -0.0600883 -2.52299 -5.37714 -6.3167 -6.29072 -7.698 -9.50557 -9999 -9999 -9999 -7.97806 -6.50261 -6.37994 -5.94957 -4.57619 -3.53338 -2.75036 -2.2195 -2.24573 -2.82728 -3.77255 -4.7993 -4.44633 -2.62602 -2.1891 -1.82936 -1.55332 -1.95343 -1.75586 -1.27382 -1.028 -0.983639 -1.10567 -1.139 -1.1062 -1.17199 -1.78338 -4.85686 -6.61951 -7.74735 -10.0113 -9999 -9999
-9999 -9999 -9999 -9999 2.20805 2.81205 3.30101 4.11351 4.19767 4.7121 5.02134 5.47159 5.51958 4.98257 5.41913 5.35748 5.26977 5.08898 4.82619 3.35865 1.33811 -0.687885 -1.62804 -1.23749 -2.79022 -2.01028 -0.859317 -1.29394 -2.80871 -5.35254 -5.71857 -6.31616 -8.68145 -10.9546 -9999 -9999 -10.8453 -8.00853 -6.01283 -4.98643 -4.67294 -4.64893 -3.33319 -3.23686 -1.82067 -2.1631 -4.05936 -3.85708 -4.6013 -4.13642 -3.4756 -3.30084 -2.34835 -1.43092 -1.26326 -1.26652 -0.9621 -0.904932 -0.895198 -0.910058 -1.12809 -1.03852 -1.03099 -1.41503 -3.64396 -4.73524 -5.93895 -9.97891 -9999 -9999
-9999 -9999 -9999 -9999 2.51892 3.19461 3.93517 4.05322 4.60165 4.54176 4.38802 5.15296 5.42865 5.04866 4.77365 5.26848 5.2286 5.15629 5.04035 3.66069 2.06462 -0.348064 -1.85085 -2.77146 -3.42971 -4.30983 -3.72372 -3.91583 -4.1698 -3.89809 -4.60532 -6.00434 -7.39038 -9.9797 -11.3815 -9999 -10.6916 -9.41469 -7.03985 -5.02263 -3.74454 -4.21305 -2.71591 -2.44447 -1.58528 -2.10338 -3.25985 -3.76229 -3.81577 -3.97566 -2.97211 -2.30183 -1.83356 -1.52054 -1.1304 -1.03594 -0.940667 -0.904708 -0.888087 -0.871159 -0.883069 -0.898007 -0.95019 -1.09926 -2.12841 -3.21915 -5.564 -9.84444 -9999 -9999
-9999 -9999 -9999 0.544539 2.44065 3.57601 4.01423 4.33013 4.60852 4.80962 5.02507 5.22079 5.35526 5.29163 4.29084 4.36775 4.54168 5.10152 5.05432 4.92271 4.04625 1.11214 0.0935876 -1.39432 -3.31732 -4.13003 -3.74051 -2.18214 -2.26189 -3.30989 -4.47641 -6.08556 -7.11347 -8.70257 -11.7477 -11.4812 -10.12 -9.10848 -7.49626 -5.02898 -3.30146 -2.53447 -2.2494 -1.64808 -1.33951 -2.04821 -2.72568 -3.01503 -3.54269 -3.62557 -3.63136 -3.02879 -2.56385 -1.5112 -1.16172 -1.00766 -0.931108 -0.892798 -0.866581 -0.840872 -0.836267 -0.863459 -0.869501 -0.885356 -0.969339 -2.41693 -6.02774 -8.75094 -9999 -9999
-9999 -9999 -9999 -9999 2.08898 2.58692 2.71564 2.94292 3.41058 3.95014 4.71931 4.81564 5.23537 5.22983 4.366 3.36945 4.22862 4.56594 4.91499 4.91801 4.79784 2.33047 1.03508 0.0128546 -1.83166 -1.1832 -0.564914 -0.52734 -0.916546 -3.15297 -5.38 -7.94647 -10.3439 -10.4662 -11.7603 -11.088 -10.1908 -7.87765 -6.25144 -5.59557 -5.12646 -2.6188 -1.97227 -1.75673 -1.1217 -2.00853 -2.24344 -2.91299 -2.72688 -2.79452 -2.80051 -4.63734 -2.81646 -2.71652 -1.53025 -1.00162 -0.888034 -0.861201 -0.83203 -0.832521 -0.831899 -0.843953 -0.838825 -0.864944 -0.893804 -1.83782 -6.41295 -8.7167 -9999 -9999
-9999 -9999 -9999 -9999 -9999 -9999 2.24308 2.6232 2.86649 3.28881 4.58928 4.9368 5.16664 5.18346 4.79685 3.80976 3.54611 3.72021 2.75504 3.54888 4.6378 4.60145 4.45888 2.28787 1.16961 2.22944 1.89353 0.258603 -1.03005 -2.30172 -4.90761 -6.81778 -9.56421 -11.6282 -11.7133 -9.45153 -7.57452 -5.2336 -4.20387 -4.79908 -4.16679 -2.92534 -1.51421 -0.836297 -1.00662 -1.94107 -2.08333 -3.11057 -2.12089 -2.04531 -2.52012 -2.93162 -2.78374 -2.2015 -1.98418 -1.05747 -0.838349 -0.805858 -0.804703 -0.806846 -0.817003 -0.828784 -0.848065 -0.865539 -0.886767 -0.93751 -5.64017 -9.30302 -9999 -9999
-9999 -9999 -9999 -9999 -9999 -9999 1.34186 1.57284 2.1829 3.75183 4.57551 4.90545 4.89175 5.04242 4.76878 3.90024 3.00795 2.16541 1.0797 1.68941 3.3138 4.26734 4.36723 2.46287 3.43596 3.05618 2.318 0.182882 -1.39314 -2.23317 -4.73541 -6.87906 -8.70921 -11.2323 -10.1642 -8.98661 -7.47146 -4.91738 -3.19554 -2.49168 -3.09369 -2.30204 -0.67706 -0.675869 -1.57711 -1.52805 -2.08459 -3.4848 -2.04757 -1.65036 -1.9886 -1.91319 -2.04779 -1.83649 -1.44398 -1.06835 -0.820629 -0.792929 -0.795581 -0.809916 -0.816495 -0.822477 -0.847629 -0.853821 -0.87504 -0.907444 -3.94603 -9.37179 -9999 -9999
-9999 -9999 -9999 -9999 -9999 -9999 -9999 0.520253 1.91401 3.99708 4.51575 4.46637 4.89424 4.92842 4.51023 4.14603 3.064 1.5867 -1.24656 -0.533814 0.96083 3.119 4.24844 4.08488 3.4385 2.32721 -0.34663 -2.68782 -2.98109 -3.37256 -5.20128 -6.85428 -8.88802 -7.72296 -6.44534 -5.04629 -4.31402 -4.51196 -3.03744 -1.83645 -2.35507 -1.38237 -0.247089 -0.773069 -1.08791 -1.35398 -1.99518 -2.04302 -1.98733 -1.17541 -1.75392 -1.41411 -1.41745 -1.44567 -1.25892 -1.0422 -0.81365 -0.78181 -0.787745 -0.790027 -0.823697 -0.820685 -0.841253 -0.862075 -0.882211 -0.911173 -1.19411 -4.12191 -5.87441 -9999
-9999 -9999 -9999 -9999 -9999 -9999 -9999 -0.766706 -0.0724206 2.39469 3.15815 4.2465 4.82293 4.84654 4.14285 3.74838 2.13862 1.61234 -1.0088 -2.2 -1.20331 -1.59657 1.37809 4.00888 3.42158 -1.9189 -3.85986 -5.24713 -4.90353 -4.90997 -5.42578 -8.23336 -9.01347 -6.51566 -4.94535 -3.72982 -2.80892 -2.62197 -2.65965 -0.777618 -0.533349 0.073247 -0.067364 -0.0183549 -0.979749 -1.57835 -1.07594 -1.67989 -1.79121 -0.952023 -1.79791 -1.05116 -1.1525 -1.38797 -1.40782 -0.917164 -0.823434 -0.777074 -0.780591 -0.806301 -0.837591 -0.858771 -0.849555 -0.864405 -0.899771 -0.906512 -0.942158 -1.30042 -2.81899 -3.35573
-9999 -9999 -9999 -9999 -9999 -9999 -9999 -9999 -2.37462 1.05438 2.62274 3.44371 4.60037 4.73693 4.36123 3.68173 2.04179 0.598412 -1.74533 -4.42177 -5.84385 -1.62017 2.05432 3.9675 3.70246 -0.744469 -2.50563 -2.59684 -1.57538 -2.45515 -3.12438 -5.25993 -5.90402 -6.79544 -6.25852 -4.56164 -3.17662 -1.84008 -0.869866 -0.796111 -0.168748 0.187408 0.20995 0.316113 0.195783 0.095647 -0.836711 -0.210869 -0.75952 -0.482966 -0.676651 -0.852252 -1.00727 -1.54183 -1.178 -0.856296 -0.778628 -0.76038 -0.786833 -0.797872 -0.818173 -0.855461 -0.877224 -0.886653 -0.897421 -0.922315 -0.930944 -0.958466 -1.13663 -2.05387
-9999 -9999 -9999 -9999 -9999 -9999 -9999 -9999 -4.08877 -0.676848 0.969101 3.08387 4.17207 4.60962 4.54706 3.99545 2.74808 0.872646 -0.691191 -3.67812 -6.77985 -2.34605 1.60175 3.72817 3.83218 0.0909905 1.11494 0.269851 0.597423 -0.941321 -1.58568 -2.09655 -3.20305 -4.41183 -5.7333 -6.43586 -3.31748 -1.71917 -0.434034 0.168684 0.506569 0.671816 0.572095 0.328066 -1.06793 -0.0185736 -0.087826 -0.202617 -0.332921 -0.400866 -0.519811 -0.658119 -0.746295 -0.781744 -1.13911 -0.751708 -0.769115 -0.770859 -0.775833 -0.792841 -0.819132 -0.842977 -0.871019 -0.878842 -0.901058 -0.922638 -0.940316 -0.956187 -0.976286 -1.03519
-9999 -9999 -9999 -9999 -9999 -9999 -9999 -9999 -8.88651 -3.92214 0.073054 2.1542 3.84589 4.30797 4.47763 3.73902 3.18493 1.83891 0.563492 -1.40125 -4.34126 -6.15468 -2.83734 1.98863 3.76077 3.60911 3.4882 2.51292 1.63325 1.51431 1.57096 0.549451 -0.935148 -2.87216 -3.48269 -4.16593 -1.84514 -1.53602 -1.71257 0.840146 0.839364 0.687048 -0.299294 -1.4036 -1.20353 -1.89254 -1.38569 -2.20402 -1.46967 -0.836157 -0.605367 -0.634475 -0.731843 -0.751954 -0.798611 -0.739293 -0.74802 -0.766369 -0.781883 -0.793308 -0.809681 -0.846245 -0.870061 -0.866427 -0.895733 -0.918639 -0.943439 -0.956267 -0.97058 -1.0164
-9999 -9999 -9999 -9999 -9999 -9999 -9999 -9999 -8.67132 -4.49188 -0.952121 1.16785 3.20706 3.67674 4.36155 4.20761 3.62736 2.4565 0.994715 -0.623447 -3.14666 -5.02423 -2.80783 0.393288 2.68322 3.49459 3.47561 3.41119 3.18373 3.08496 2.82185 2.63218 1.56506 -0.266705 -1.30393 -2.81803 -0.231047 0.053095 -0.359526 0.928265 0.856357 -1.10859 -2.62128 -2.8165 -1.90713 -2.789 -2.95577 -3.51098 -2.90571 -1.268 -1.75878 -1.67307 -0.938653 -0.824189 -0.755828 -0.742574 -0.755439 -0.766385 -0.786206 -0.791243 -0.796259 -0.832409 -0.85294 -0.866784 -0.902559 -0.917734 -0.945426 -0.970591 -0.9946 -1.02319
-9999 -9999 -9999 -9999 -9999 -9999 -9999 -9999 -8.58553 -5.77564 -2.59086 0.532776 2.71048 3.586 4.22189 4.2097 3.53597 2.95085 2.03206 0.607635 -0.371903 -2.06753 -4.39213 -0.515898 0.66648 1.71708 2.15644 3.25541 3.21916 2.70229 2.10153 2.63983 2.46831 1.01814 0.536132 -0.272083 1.16337 1.15955 1.11237 1.02788 -0.633328 -2.93969 -4.78481 -3.47011 -3.75438 -3.15688 -5.05075 -3.51189 -2.27585 -1.88127 -2.73851 -3.37564 -1.44613 -1.13539 -0.952272 -0.83762 -0.764743 -0.791574 -0.778883 -0.79728 -0.809865 -0.823019 -0.846653 -0.863877 -0.8881 -0.912957 -0.940261 -0.963221 -0.993697 -1.02914
-9999 -9999 -9999 -9999 -9999 -9999 -9999 -9999 -9999 -7.43314 -3.39775 0.20685 2.21144 3.47006 4.08036 4.06356 3.71605 3.31658 2.74425 1.71463 0.422718 -1.61488 -3.12966 -2.18084 -1.02251 -0.903806 -0.136333 2.10613 2.86627 1.76724 -0.937253 0.642113 2.40767 2.37053 2.21108 2.03395 1.80788 1.60517 1.1705 0.0185178 -3.49561 -4.19152 -5.57464 -5.42598 -6.13962 -4.60818 -5.19799 -3.62356 -2.94652 -2.69675 -4.17015 -3.87329 -2.1646 -1.49212 -1.61338 -1.20338 -0.813182 -0.807324 -0.80293 -0.82015 -0.818377 -0.822013 -0.835527 -0.859544 -0.879868 -0.896906 -0.940351 -0.947956 -1.08654 -1.17953
-9999 -9999 -9999 -9999 -9999 -9999 -9999 -9999 -9999 -8.24207 -4.21242 0.0332448 1.39294 2.75001 3.92033 3.9375 3.40946 2.90672 2.38879 1.79978 0.234359 -1.2841 -2.73434 -3.22633 -2.94357 -2.98004 -1.73265 1.1918 1.75097 1.50001 -1.32662 -2.2881 0.0735654 2.05725 2.20603 2.01759 -0.334204 0.15766 -1.11422 -2.83653 -3.31576 -4.0737 -5.66744 -4.91146 -6.08124 -5.59115 -5.73981 -4.8497 -4.42034 -3.36017 -4.64522 -4.65204 -2.9746 -2.13081 -2.11739 -1.23089 -0.919474 -0.843061 -0.828949 -0.82061 -0.823372 -0.815845 -0.830599 -0.85032 -0.874406 -0.923929 -1.0327 -1.35707 -3.06398 -3.06966
-9999 -9999 -9999 -9999 -9999 -9999 -9999 -9999 -9999 -7.77843 -4.98383 -1.21736 1.57114 1.74126 3.0939 3.78919 3.21545 2.56998 1.90953 1.61695 -0.0860552 -1.95626 -3.46888 -5.25818 -4.97241 -3.701 -1.62301 0.263187 0.593459 0.193308 -1.32695 -0.622727 0.985309 1.83543 2.08053 1.87348 1.3553 1.05282 0.114209 -0.296702 -1.59735 -3.62696 -4.43094 -3.93409 -6.08877 -5.94675 -5.16109 -6.0205 -4.63885 -3.98222 -5.63885 -4.34506 -2.85964 -2.10401 -1.44414 -1.13564 -1.01695 -0.83085 -0.832613 -0.823082 -0.820854 -0.830242 -0.836922 -0.8749 -0.907624 -1.09472 -1.36756 -2.95624 -3.62967 -3.50806
-9999 -9999 -9999 -9999 -9999 -9999 -9999 -9999 -9999 -7.30425 -4.78884 -1.52394 0.46249 0.813264 2.31377 3.64722 3.49149 2.82015 2.61113 1.91518 0.469861 -1.12604 -2.86992 -3.7216 -5.67016 -3.76694 -2.26963 -0.673423 0.0688808 -1.18215 -1.81311 -0.719102 0.368599 0.798274 1.89721 1.87899 1.5107 -0.051924 -0.817629 -0.504415 -0.837542 -1.41548 -2.81495 -2.88457 -3.78653 -4.16484 -4.52278 -5.6758 -4.95942 -4.89541 -4.71019 -3.15166 -2.38231 -1.87473 -1.41358 -1.2979 -1.10129 -0.843855 -0.827443 -0.824738 -0.83266 -0.83444 -0.860657 -0.942731 -1.01311 -1.38248 -2.03107 -3.23521 -5.18946 -3.82977
-9999 -9999 -9999 -9999 -9999 -9999 -9999 -9999 -9999 -7.7366 -5.06433 -2.27492 -1.11198 -0.91932 1.80088 3.46407 3.46077 3.13917 2.76443 1.05514 1.14827 0.800752 -0.773 -3.06225 -5.57591 -5.34848 -3.86804 -1.75928 -1.06629 -3.12734 -3.85984 -3.33518 -1.68621 -0.21085 1.33011 1.71584 1.25391 -1.17437 -3.75437 -2.5685 -1.30091 -1.31536 -1.69689 -2.99544 -3.41311 -3.79207 -4.74199 -6.34998 -6.12817 -5.69302 -3.92489 -3.36879 -2.50519 -1.78914 -2.06948 -1.9172 -1.23208 -0.841886 -0.833834 -0.833609 -0.827363 -0.84333 -0.873935 -1.03069 -1.19639 -1.46983 -3.14922 -4.19639 -5.72017 -3.97203
-9999 -9999 -9999 -9999 -9999 -9999 -9999 -9999 -9999 -8.56826 -6.63068 -3.96491 -2.89402 -1.18253 1.38765 2.64862 3.24978 3.23005 2.97811 2.20904 1.74384 0.833564 -0.803249 -3.03891 -5.52341 -7.14356 -6.33152 -3.49547 -2.83136 -4.73082 -5.70024 -4.51106 -2.75314 -0.146267 1.33993 1.53404 1.3914 0.884749 -1.00089 -3.27757 -3.2772 -2.1464 -3.10617 -4.22059 -3.61948 -3.73996 -4.67794 -5.36249 -5.79246 -5.54601 -4.54156 -4.12911 -3.13017 -1.65204 -1.44663 -1.49605 -0.877696 -0.853431 -0.845781 -0.829097 -0.836758 -0.849438 -0.875207 -1.00439 -1.28512 -2.4053 -3.38319 -4.74086 -4.9154 -3.36414
-9999 -9999 -9999 -9999 -9999 -9999 -9999 -9999 -9999 -9.99805 -7.71759 -5.22086 -2.88353 -0.6726 1.22933 1.37065 2.37066 2.36299 2.88368 2.72595 2.01236 1.2446 -0.166654 -3.0365 -5.45099 -8.08367 -7.39934 -4.50469 -4.1384 -5.41311 -7.76118 -5.35302 -2.69639 -0.28928 1.0103 -0.0221801 1.02066 0.926943 0.215784 -1.1425 -3.25035 -3.21801 -4.79959 -4.87563 -4.07484 -3.82018 -3.96269 -4.47847 -5.30262 -5.17847 -4.57334 -4.42396 -3.50649 -2.36144 -1.24204 -1.05992 -0.852109 -0.849882 -0.853326 -0.842689 -0.847364 -0.877812 -0.94248 -1.07732 -2.01751 -3.13438 -3.82531 -4.77355 -4.89527 -3.0991
