Test_Spring_2018b/12_17/Temp/20171207_015.txt
ncols	170
nrows	115
xllcorner	350000.000000
yllcorner	4445000.000000
cellsize	1000.000000
nodata_value	-9999.000000
[rows 32 to 63 of 115, columns 72 to 143 of 170]
11.0857 10.8255 11.2563 11.6538 11.4353 11.2917 11.9388 11.9501 11.7449 11.2475 11.0723 10.8901 10.7829 10.1416 8.32183 6.68246 7.57837 7.61078 7.01063 8.11895 7.55115 6.05139 3.92949 5.10101 4.81105 3.31191 2.95443 -9999 -9999 -9999 -9999 -9999 -9999 -9999 -9999 -9999 -9999 -9999 -9999 -9999 -9999 -9999 -9999 -9999 -9999 -9999 -9999 -9999 -9999 -9999 -9999 -9999 -9999 -9999 -9999 -9999 -9999 -9999 -9999 -9999 -9999 -9999 -9999 -9999 -9999 -9999 -9999 -9999 -9999 -9999 -9999 -9999
10.729 10.6238 11.2585 11.2569 11.2317 11.4726 11.8793 11.9692 11.8962 11.6857 11.505 11.312 10.8049 10.0697 8.51394 6.64636 6.23162 7.16267 7.21829 7.37763 6.86119 6.20958 5.18367 6.04513 6.38691 5.40388 4.12009 3.2969 -9999 -9999 -9999 -9999 -9999 -9999 -9999 -9999 -9999 -9999 -9999 -9999 -9999 -9999 -9999 -9999 -9999 -9999 -9999 -9999 -9999 -9999 -9999 -9999 -9999 -9999 -9999 -9999 -9999 -9999 -9999 -9999 -9999 -9999 -9999 -9999 -9999 -9999 -9999 -9999 -9999 -9999 -9999 -9999
10.3024 9.70919 10.0963 10.3898 10.9271 11.0791 11.1689 11.9238 11.8958 11.8728 11.5667 11.3243 10.915 10.2078 9.19615 7.97579 5.84249 7.17641 8.22345 8.20849 8.16337 7.71034 6.72517 7.57089 7.62177 6.36661 4.93684 4.09813 3.75813 -9999 -9999 -9999 -9999 -9999 -9999 -9999 -9999 -9999 -9999 -9999 -9999 -9999 -9999 -9999 -9999 -9999 -9999 -9999 -9999 -9999 -9999 -9999 -9999 -9999 -9999 -9999 -9999 -9999 -9999 -9999 -9999 -9999 -9999 -9999 -9999 -9999 -9999 -9999 -9999 -9999 -9999 -9999
9.81648 9.08942 9.47886 9.99472 10.7194 11.1022 11.3979 11.6317 11.8699 11.8545 11.541 10.5926 10.467 10.4368 9.77908 8.38619 6.99517 6.64331 8.23453 8.69821 8.61764 8.98201 8.14923 8.55996 8.40802 7.97389 6.59607 5.342 4.82923 3.80441 -9999 -9999 -9999 -9999 -9999 -9999 -9999 -9999 -9999 -9999 -9999 -9999 -9999 -9999 -9999 -9999 -9999 -9999 -9999 -9999 -9999 -9999 -9999 -9999 -9999 -9999 -9999 -9999 -9999 -9999 -9999 -9999 -9999 -9999 -9999 -9999 -9999 -9999 -9999 -9999 -9999 -9999
-9999 -9999 8.64297 9.3425 9.92313 10.633 11.2484 11.5609 11.8648 11.8527 11.2146 10.9083 10.8919 10.4649 9.70376 9.23031 8.35872 7.45017 7.81305 9.17172 8.58402 9.55003 9.48086 9.66786 9.04146 7.84956 6.24633 5.31787 4.86033 4.03206 -9999 -9999 -9999 -9999 -9999 -9999 -9999 -9999 -9999 -9999 -9999 -9999 -9999 -9999 -9999 -9999 -9999 -9999 -9999 -9999 -9999 -9999 -9999 -9999 -9999 -9999 -9999 -9999 -9999 -9999 -9999 -9999 -9999 -9999 -9999 -9999 -9999 -9999 -9999 -9999 -9999 -9999
-9999 -9999 -9999 9.22328 9.66857 10.6108 11.1087 11.3156 11.7988 11.8113 11.5767 11.4023 11.144 10.8033 10.234 9.60487 8.78578 8.72034 9.59355 9.61569 9.44719 9.60025 10.0546 9.94944 8.97729 7.28677 6.39794 4.58042 3.80817 3.90015 3.35609 -9999 -9999 -9999 -9999 -9999 -9999 -9999 -9999 -9999 -9999 -9999 -9999 5.63828 -9999 -9999 -9999 -9999 -9999 -9999 -9999 -9999 -9999 -9999 -9999 -9999 -9999 -9999 -9999 -9999 -9999 -9999 -9999 -9999 2.56315 -9999 -9999 -9999 -9999 -9999 -9999 -9999
-9999 -9999 9.13331 9.72644 10.1907 10.7858 10.8564 11.2184 11.7723 11.7917 11.6286 11.4427 11.0107 10.9121 10.593 9.90885 9.77794 10.0712 10.2125 10.3712 10.4734 10.4115 10.2438 10.0237 9.40338 8.62479 8.10614 6.44509 5.61321 4.8158 3.60286 2.65647 -9999 -9999 -9999 -9999 -9999 -9999 -9999 4.95656 4.92338 4.95758 5.23877 5.99301 5.57015 -9999 -9999 -9999 -9999 -9999 -9999 -9999 -9999 -9999 -9999 -9999 -9999 -9999 -9999 -9999 -9999 -9999 -9999 -9999 3.24285 2.29079 -9999 -9999 -9999 -9999 -9999 -9999
-9999 -9999 9.29756 9.92085 10.2382 10.8167 11.1528 11.3821 11.5817 11.7728 11.7541 11.5472 11.2265 11.2399 10.7936 10.5582 10.3934 10.7861 10.873 10.7315 10.5513 10.3933 9.92523 9.88144 9.7415 9.25176 8.44008 7.60324 6.39063 4.73991 3.12124 1.81782 -9999 -9999 -9999 -9999 -9999 -9999 5.08921 5.71746 6.09894 5.32698 6.01009 6.63574 6.55103 5.97625 -9999 -9999 -9999 -9999 -9999 -9999 -9999 -9999 -9999 -9999 -9999 -9999 -9999 -9999 7.77763 6.80053 4.81504 3.80317 3.20105 2.33647 -9999 -9999 -9999 -9999 -9999 -9999
-9999 -9999 9.18242 9.91655 10.4179 10.8642 10.9459 11.4065 11.6136 11.7216 11.7217 11.6897 11.6398 11.2517 11.0912 10.4989 11.0876 11.0772 10.9425 10.3756 10.1365 9.15488 8.72957 8.64786 9.4954 8.89014 7.61313 6.01363 4.09123 3.97589 3.3469 2.18314 -9999 -9999 -9999 -9999 -9999 -9999 5.28646 5.95764 6.52012 6.61301 5.84618 6.94808 6.92519 6.32999 6.20577 6.71918 6.98641 6.81504 7.42505 7.6132 7.3575 7.66569 -9999 -9999 -9999 -9999 7.9019 7.95329 7.9948 7.59423 5.42394 3.94551 2.61936 2.50959 -9999 -9999 -9999 -9999 -9999 -9999
-9999 -9999 9.68829 10.1452 10.3824 10.4313 10.8333 11.2378 11.4904 11.6785 11.6546 11.6515 11.6475 11.522 11.2158 11.2841 11.2697 11.0959 10.0061 8.73232 9.30446 8.55143 6.9302 8.27341 9.01494 8.3276 6.77765 4.97837 4.39932 4.43488 3.55552 2.42214 -9999 -9999 -9999 3.45726 4.41236 4.50646 4.79683 5.68799 6.36917 6.88475 7.24106 7.24505 6.90121 6.31967 5.68646 5.93172 7.11112 7.40962 7.6659 7.86068 7.62449 7.76951 8.09373 8.26709 8.31178 8.25021 8.2449 8.28161 8.25562 7.88247 5.94132 4.83597 4.13528 2.72226 -9999 -9999 -9999 -9999 -9999 -9999
-9999 -9999 9.41187 9.81076 10.1363 10.674 10.7414 11.0826 11.2924 11.5951 11.639 11.3106 11.6022 11.577 11.5355 11.4353 11.2835 10.3652 9.0953 7.82243 7.24124 7.50648 6.53587 7.05602 7.80732 7.54851 6.60456 5.00292 4.7874 4.42547 2.93763 1.50645 -9999 -9999 1.62247 3.44391 4.73004 5.39937 5.61524 5.64733 6.50235 6.58162 7.50176 7.30439 6.12325 6.27264 5.82018 6.1373 6.58179 6.71364 7.3451 7.94985 8.07513 8.091 8.30216 8.35535 8.37786 8.38433 8.2612 8.33382 8.35429 8.12571 6.72296 6.04498 5.29888 2.75129 -9999 -9999 -9999 -9999 -9999 -9999
-9999 -9999 9.61802 10.0626 10.5483 10.6376 11.0008 10.9805 10.8954 11.3957 11.5866 11.3579 11.1962 11.5251 11.514 11.4828 11.4244 10.5621 9.56262 8.04377 7.10463 6.53547 6.13461 5.60021 5.99222 5.88857 5.74523 5.93619 5.50344 4.63124 3.76534 2.13407 1.25714 -9999 1.72667 2.55479 4.08208 5.38206 6.21195 5.93047 6.90106 7.09198 7.65893 7.34872 6.63874 6.34323 6.33045 6.24995 6.91005 7.35898 7.68234 7.90124 8.16947 8.24764 8.32565 8.36524 8.39197 8.41845 8.4263 8.43214 8.41437 8.33521 7.69619 7.02093 5.54572 2.84487 -9999 -9999 -9999 -9999 -9999 -9999
-9999 8.3521 9.57512 10.3123 10.6055 10.8207 11.0119 11.1537 11.3039 11.4451 11.5438 11.518 10.8941 10.9567 11.0815 11.4527 11.4381 11.3705 10.8293 8.97863 8.34711 7.42022 6.21464 5.72088 5.98807 6.99915 6.96698 6.31794 5.59296 4.58684 3.949 2.95325 1.03088 1.21557 2.09707 2.75597 3.79753 5.38386 6.49979 7.00486 7.20384 7.60572 7.8214 7.3936 6.9886 6.82605 6.51193 6.481 6.49902 6.90408 7.22525 7.91681 8.15839 8.2753 8.34136 8.38234 8.41499 8.44683 8.46495 8.46273 8.47412 8.47961 8.44406 7.53947 5.26233 3.55277 -9999 -9999 -9999 -9999 -9999 -9999
-9999 -9999 9.35825 9.68958 9.78569 9.94441 10.256 10.6132 11.1159 11.1908 11.4716 11.4833 10.9476 10.3266 10.8876 11.117 11.3547 11.3728 11.3132 9.76062 8.95423 8.32215 7.16681 7.60343 8.01655 8.05968 7.83071 6.42523 5.02518 3.40956 1.89971 1.83771 1.02928 1.47276 2.05862 3.54601 4.59627 5.02921 5.34386 6.9571 7.38672 7.54506 7.96927 7.42532 7.30228 6.89816 7.03896 7.0182 7.03655 5.88898 7.07356 7.15738 7.93202 8.28809 8.37808 8.41163 8.44599 8.46093 8.47628 8.48348 8.50179 8.50185 8.50255 7.91918 5.02478 3.58226 -9999 -9999 -9999 -9999 -9999 -9999
-9999 -9999 -9999 -9999 9.49185 9.74784 9.91656 10.1991 11.04 11.2748 11.4347 11.4589 11.2265 10.6129 10.459 10.5844 9.9854 10.5076 11.2177 11.2125 11.1402 9.77699 9.08823 9.78285 9.5887 8.56723 7.76579 6.97465 5.33349 4.13569 2.40361 1.10536 1.06646 2.52128 3.73118 5.23604 5.9064 5.5427 5.96116 6.76973 7.6864 8.13725 8.04897 7.47499 7.41112 6.77966 7.43243 7.50323 7.22346 6.98366 7.10323 7.49429 7.65215 8.26071 8.4178 8.45564 8.472 8.48571 8.49401 8.50122 8.50586 8.51097 8.51442 8.49987 5.52445 3.21668 -9999 -9999 -9999 -9999 -9999 -9999
-9999 -9999 -9999 -9999 8.92516 9.0862 9.48842 10.501 11.0383 11.2619 11.2667 11.3762 11.2157 10.6766 10.123 9.60117 8.92545 9.33001 10.3814 11.0065 11.0887 9.89534 10.5381 10.3163 9.86619 8.5264 7.5421 7.02584 5.45072 4.10425 2.95551 1.36495 2.06012 2.82463 3.80378 5.4444 6.55528 7.0188 6.65181 7.1731 8.22599 8.24613 7.69267 7.74504 7.41755 6.54888 7.48684 7.76265 7.57004 7.64044 7.58022 7.73521 8.00466 8.26238 8.43764 8.47185 8.48599 8.49183 8.50229 8.51395 8.51354 8.52587 8.52939 8.52663 6.61079 3.18069 -9999 -9999 -9999 -9999 -9999 -9999
-9999 -9999 -9999 -9999 -9999 8.42322 9.32443 10.6643 11.0076 10.9897 11.2757 11.311 11.0585 10.8406 10.1659 9.2401 7.4518 7.92196 8.89079 10.2828 11.0205 10.9355 10.5472 9.85974 8.17731 6.70634 6.53873 6.30805 5.16174 4.12763 2.84925 3.60673 4.4353 5.34075 5.82145 5.7099 6.66333 7.44326 7.12933 7.76591 8.50708 8.19165 8.0116 7.86343 7.48209 7.47452 7.533 8.07292 7.72741 7.96618 7.98953 7.99204 8.13048 8.28699 8.45001 8.4868 8.49868 8.5122 8.50559 8.52263 8.52518 8.52825 8.53254 8.53206 8.37072 6.53101 5.43605 -9999 -9999 -9999 -9999 -9999
-9999 -9999 -9999 -9999 -9999 7.61109 8.06705 9.65155 10.1507 10.8573 11.2379 11.2666 10.8324 10.5956 9.58477 9.2644 7.61089 6.86941 7.52119 7.2888 9.2012 10.8951 10.5444 7.16438 5.94847 5.08473 5.32252 5.33693 5.02644 3.25726 2.777 4.38298 5.39791 6.18656 6.78738 6.92115 6.91181 8.12531 8.29722 8.70074 8.62962 8.68026 8.08856 7.72865 8.07538 7.71369 7.66576 8.22295 7.70712 8.20488 8.16578 8.03626 8.04308 8.37393 8.45107 8.4971 8.51083 8.50935 8.50423 8.50611 8.5277 8.53467 8.52936 8.5431 8.53925 8.3355 7.38947 7.06887 7.45654 -9999 -9999 -9999
-9999 -9999 -9999 -9999 -9999 -9999 6.60871 8.80572 9.81742 10.3539 11.1041 11.2048 10.9799 10.5613 9.53156 8.62738 7.1505 5.46242 4.57573 7.28262 9.64045 10.8773 10.7318 7.92042 6.81879 6.78003 7.44925 6.90753 6.49929 5.15795 4.76429 4.21254 4.56962 5.66499 6.56213 7.4274 8.05986 8.12223 8.53787 8.78231 8.81504 8.90199 8.84565 8.80294 8.23615 8.65718 8.33059 8.52933 8.42849 8.33879 8.26542 7.94531 8.19626 8.41946 8.48634 8.5157 8.51419 8.52217 8.52419 8.5156 8.51819 8.52873 8.53917 8.5414 8.55475 8.56162 8.46885 7.90586 7.14716 6.18461 -9999 -9999
-9999 -9999 -9999 -9999 -9999 -9999 5.5248 7.71109 8.77231 10.1327 10.8385 11.1327 11.1068 10.7698 9.99006 8.8109 7.83061 5.94486 3.98658 6.82845 9.36157 10.734 10.8191 8.461 9.13225 8.61331 8.84055 7.87914 7.48662 7.17964 6.49157 5.73783 4.91218 4.48145 6.48119 7.51333 8.34647 8.74576 8.9772 9.09961 9.05452 8.91899 8.0503 8.73918 8.72175 8.6709 8.61028 8.58933 8.5357 8.46939 8.43846 8.43586 8.22749 8.49349 8.50127 8.51614 8.52846 8.53283 8.53126 8.53145 8.52937 8.542 8.54546 8.54982 8.55737 8.5717 8.57937 8.56261 8.42413 7.12605 6.35559 6.15309
-9999 -9999 -9999 -9999 -9999 -9999 2.47774 5.65257 8.20811 9.54747 10.641 10.9493 11.0714 10.6155 10.2773 9.43533 8.63873 7.40377 5.54842 4.41082 6.54319 9.6338 10.7827 10.7098 10.6518 10.0497 9.50814 9.45045 9.50409 8.87202 7.94374 6.72637 6.3557 5.93546 7.42767 7.6393 7.54209 9.18301 9.19895 9.11921 8.50932 7.82571 7.97295 7.55539 7.90455 7.40535 7.89476 8.31993 8.48851 8.4913 8.45436 8.46286 8.45193 8.51046 8.52164 8.52609 8.5319 8.54008 8.54509 8.53743 8.53826 8.5571 8.5575 8.56106 8.56417 8.58046 8.59155 8.58282 8.5763 8.3892 8.10031 7.53922
-9999 -9999 -9999 -9999 -9999 -9999 2.62046 5.29493 7.56315 8.93016 10.2428 10.5561 11.0065 10.923 10.5683 9.83799 8.92282 7.90853 6.31849 5.13996 6.56826 8.62775 10.1038 10.644 10.6527 10.6301 10.5035 10.4589 10.3088 10.2065 9.54347 8.39677 7.75166 6.80272 8.46469 8.66069 8.41343 9.24922 9.21998 7.98624 7.04117 6.9356 7.5349 6.99369 6.91419 6.58206 6.98878 8.05277 7.76283 7.83836 8.33109 8.42328 8.48938 8.51528 8.52392 8.53324 8.53655 8.54906 8.56158 8.55445 8.55761 8.56549 8.55997 8.57072 8.57181 8.58063 8.58491 8.58681 8.58193 8.53904 8.49462 8.57822
-9999 -9999 -9999 -9999 -9999 -9999 2.68106 4.48512 6.52753 8.53414 9.93518 10.5072 10.9266 10.9336 10.5196 10.1623 9.59291 8.70199 8.09471 7.03191 5.56903 8.05423 8.82934 9.52178 9.81986 10.5379 10.533 10.2218 9.85992 10.2195 10.1311 9.22361 8.9322 8.43293 9.36206 9.37501 9.36064 9.32295 8.28197 6.83087 5.67407 6.5296 6.36775 6.76917 5.58989 6.59135 7.39965 7.67216 7.14639 6.76125 8.01474 8.23669 8.37136 8.46182 8.52513 8.52452 8.54876 8.55304 8.56102 8.5688 8.5702 8.57609 8.57799 8.58001 8.58419 8.59443 8.59482 8.5966 8.61004 8.59095 8.59294 8.5998
-9999 -9999 -9999 -9999 -9999 -9999 -9999 3.43585 6.02393 8.3338 9.62495 10.4412 10.8446 10.8489 10.6429 10.4039 10.0552 9.41568 8.6095 7.32891 6.38149 7.00281 7.76325 7.86264 8.36942 9.81515 10.317 9.63489 7.9321 8.95992 10.1003 10.0927 10.007 9.9098 9.78214 9.66872 9.40788 8.69072 6.47016 6.04386 5.18116 5.29424 4.85887 5.85501 5.50622 6.52931 6.98116 7.16093 6.24344 6.45865 7.57212 8.01884 7.95963 8.23811 8.50164 8.52201 8.54118 8.54647 8.56385 8.57793 8.58597 8.59009 8.5948 8.60205 8.59684 8.61725 8.54876 8.50937 8.41451 8.56417 8.59118 8.62238
-9999 -9999 -9999 -9999 -9999 -9999 -9999 2.93248 5.51328 8.23154 9.11238 9.99153 10.7518 10.7779 10.4571 10.1526 9.8386 9.47963 8.49931 7.54917 6.64272 6.34658 6.54389 6.55049 7.36248 9.2421 9.61571 9.47333 7.69876 7.10339 8.62338 9.90245 10.0131 9.90897 8.42751 8.75657 7.96295 6.88287 6.5946 6.12934 5.13245 5.632 4.90596 5.2371 5.17088 5.75778 6.05142 6.74661 5.94855 5.97027 7.06419 7.61984 7.64632 8.22821 8.44357 8.50901 8.53459 8.55642 8.57122 8.59273 8.60031 8.60504 8.60736 8.59386 8.54301 8.35975 7.29878 7.31462 7.62543 7.92019 8.45012 8.61337
-9999 -9999 -9999 -9999 -9999 -9999 -9999 3.23537 5.03015 7.4436 9.23436 9.35809 10.2347 10.6928 10.343 9.94778 9.54316 9.37296 8.30504 7.1309 6.18464 5.06242 5.26146 6.08813 7.44172 8.66006 8.8877 8.65015 7.70772 8.1728 9.21305 9.77055 9.9427 9.8269 9.51301 9.33654 8.75527 8.51021 7.69904 6.42414 5.92995 6.26434 4.91101 5.02023 5.53952 5.02149 5.92094 6.35876 5.3237 6.18094 7.14536 7.64475 8.08276 8.2967 8.38947 8.5249 8.54056 8.56336 8.58154 8.59245 8.60529 8.59847 8.59529 8.49414 8.3387 7.3458 6.94765 7.04422 7.52384 7.94547 8.39886 8.58669
-9999 -9999 -9999 -9999 -9999 -9999 -9999 3.54493 5.16226 7.25666 8.53706 8.77606 9.74701 10.6116 10.5282 10.1166 9.9995 9.57255 8.66868 7.66912 6.57552 6.05011 4.8265 6.05524 7.03953 8.073 8.56276 7.79225 7.40749 8.12073 8.82975 9.11966 9.83555 9.84012 9.62183 8.64325 8.17218 8.38822 8.19304 7.84232 6.9689 6.94248 6.38647 6.16414 5.95502 5.25004 5.72554 5.78567 5.93097 6.94909 7.45744 7.7988 8.11026 8.20146 8.34393 8.52491 8.55231 8.57093 8.5828 8.59869 8.59919 8.56434 8.53719 8.31994 7.92517 7.17693 5.96364 6.84819 7.77246 8.06545 8.3502 8.50088
-9999 -9999 -9999 -9999 -9999 -9999 -9999 3.27733 4.99482 6.78681 7.54321 7.68181 9.42953 10.5043 10.5181 10.3293 10.1068 9.03469 9.11027 8.90545 7.92009 6.47933 4.89581 5.05751 6.02372 7.39099 7.84918 6.56327 6.11381 6.46456 7.53096 8.48669 9.4841 9.74597 9.4682 7.93861 6.31255 7.08423 7.90815 7.91613 7.69069 6.8817 6.63382 6.41083 5.82456 4.82663 4.99018 5.28628 6.44666 6.81936 7.38757 7.86157 7.70093 7.81547 8.26901 8.53462 8.55682 8.57398 8.595 8.60196 8.59974 8.51737 8.42952 8.2733 7.22219 6.57377 5.6289 6.76648 7.40085 7.75975 8.36404 8.51819
-9999 -9999 -9999 -9999 -9999 -9999 -9999 2.75549 4.00557 5.71915 6.41724 7.52308 9.17552 9.99441 10.3932 10.3967 10.2524 9.779 9.49911 8.93597 7.91038 6.50364 4.93858 3.92389 4.45772 6.29497 6.74158 5.55186 4.95152 5.72534 6.86114 8.53732 9.49995 9.63992 9.56552 9.25942 8.07548 6.64274 6.65988 7.39692 6.80324 6.11135 6.5119 6.45329 5.8744 5.45703 5.21268 5.39717 6.06282 6.34392 6.99819 7.95731 8.10591 8.09206 8.50315 8.53586 8.55789 8.58563 8.59788 8.607 8.6079 8.54311 8.38201 7.68668 7.08212 6.23595 6.14316 7.16243 7.62057 8.04719 8.35049 8.45824
-9999 -9999 -9999 -9999 -9999 -9999 -9999 1.85286 3.3216 4.92788 6.43256 7.85663 9.08387 9.19012 9.843 9.8543 10.202 10.1178 9.67973 9.20727 8.32522 6.51464 4.99406 3.33464 3.78708 5.65354 5.92155 5.12691 3.64883 5.19872 6.90672 8.45577 9.29965 8.65878 9.33918 9.29602 8.85984 8.0118 6.6867 6.72434 5.7347 5.70379 6.23133 6.4114 6.3388 6.02871 5.52957 5.64005 6.05136 6.16489 6.76723 7.51427 8.24477 8.37834 8.5281 8.54683 8.56185 8.5858 8.59999 8.59784 8.57399 8.50561 7.92467 7.23142 6.80952 6.22399 6.16479 7.33361 7.81797 8.09377 8.35768 8.46989
-9999 -9999 -9999 -9999 -9999 -9999 -9999 -9999 3.17884 4.83815 6.06923 6.41015 7.50257 8.09809 8.56157 8.67372 9.97309 10.056 9.78255 9.34946 8.59882 7.22768 6.27591 4.68462 3.54414 4.03744 4.27962 4.71473 4.60152 5.2992 6.94099 8.65098 8.84788 7.78062 7.95209 8.1896 8.70738 8.4627 6.65268 5.73917 4.98314 5.54156 6.12852 6.28035 6.32118 6.22352 6.11902 5.91936 6.70099 7.28279 7.42794 7.93674 8.31574 8.42984 8.51892 8.5412 8.5636 8.57655 8.56804 8.5654 8.48646 8.29367 7.64225 6.05745 6.1453 5.98581 5.50217 6.6478 7.3859 8.03408 8.3848 8.48528
-9999 -9999 -9999 -9999 -9999 -9999 -9999 -9999 2.63751 4.55558 4.97132 4.95464 4.33707 4.63999 6.98978 7.47263 8.71925 9.90014 9.82604 9.40127 8.6996 7.88762 6.62413 4.83292 3.41208 2.82796 4.3838 5.91608 6.24033 6.73533 7.74589 7.94737 6.85638 5.83404 6.42628 6.78771 8.1319 8.38696 8.13996 7.05422 5.81123 5.1684 5.95443 6.07053 6.12981 6.15199 6.14794 6.13741 7.01975 7.51241 7.8582 8.05246 8.37979 8.47327 8.51201 8.54914 8.55632 8.55292 8.51609 8.47247 8.23688 7.94905 6.87367 5.97938 5.42677 4.72188 6.35404 6.85604 7.5461 7.99437 8.34341 8.43044
