Test_Spring_2018b/12_17/Temp/20171205_014.txt
ncols	170
nrows	115
xllcorner	350000.000000
yllcorner	4445000.000000
cellsize	1000.000000
nodata_value	-9999.000000
[rows 32 to 63 of 115, columns 71 to 141 of 170]
8.73756 8.71631 8.30916 8.95026 9.54089 9.18641 8.95233 9.91811 9.9228 9.59898 8.83193 8.55381 8.26538 8.09079 7.10585 4.3326 1.83314 3.18097 3.21841 2.29587 3.96586 3.09226 0.804304 -2.42786 -0.662341 -1.11472 -3.40385 -3.96411 -9999 -9999 -9999 -9999 -9999 -9999 -9999 -9999 -9999 -9999 -9999 -9999 -9999 -9999 -9999 -9999 -9999 -9999 -9999 -9999 -9999 -9999 -9999 -9999 -9999 -9999 -9999 -9999 -9999 -9999 -9999 -9999 -9999 -9999 -9999 -9999 -9999 -9999 -9999 -9999 -9999 -9999 -9999
8.37762 8.16699 7.99489 8.94561 8.93049 8.87494 9.21874 9.81969 9.94372 9.82044 9.48873 9.20237 8.89756 8.11614 6.98862 4.61597 1.7702 1.12911 2.53025 2.60288 2.83285 2.03724 1.03644 -0.532453 0.762657 1.26907 -0.233643 -2.20288 -3.46895 -9999 -9999 -9999 -9999 -9999 -9999 -9999 -9999 -9999 -9999 -9999 -9999 -9999 -9999 -9999 -9999 -9999 -9999 -9999 -9999 -9999 -9999 -9999 -9999 -9999 -9999 -9999 -9999 -9999 -9999 -9999 -9999 -9999 -9999 -9999 -9999 -9999 -9999 -9999 -9999 -9999 -9999
7.83305 7.51146 6.59891 7.17386 7.60669 8.40117 8.6099 8.73349 9.86665 9.81183 9.7646 9.28798 8.90796 8.27493 7.18996 5.64301 3.77939 0.530414 2.54294 4.1201 4.08562 4.00532 3.30594 1.79896 3.07027 3.13535 1.21413 -0.975967 -2.26063 -2.78847 -9999 -9999 -9999 -9999 -9999 -9999 -9999 -9999 -9999 -9999 -9999 -9999 -9999 -9999 -9999 -9999 -9999 -9999 -9999 -9999 -9999 -9999 -9999 -9999 -9999 -9999 -9999 -9999 -9999 -9999 -9999 -9999 -9999 -9999 -9999 -9999 -9999 -9999 -9999 -9999 -9999
7.0755 6.76608 5.65037 6.22884 6.99904 8.08207 8.64297 9.07291 9.41518 9.76424 9.7286 9.24063 7.78944 7.58679 7.5292 6.51932 4.39392 2.27139 1.7258 4.1288 4.82073 4.68672 5.22781 3.95215 4.56345 4.32083 3.64399 1.53815 -0.380638 -1.17061 -2.73754 -9999 -9999 -9999 -9999 -9999 -9999 -9999 -9999 -9999 -9999 -9999 -9999 -9999 -9999 -9999 -9999 -9999 -9999 -9999 -9999 -9999 -9999 -9999 -9999 -9999 -9999 -9999 -9999 -9999 -9999 -9999 -9999 -9999 -9999 -9999 -9999 -9999 -9999 -9999 -9999
-9999 -9999 -9999 4.95233 5.99731 6.86255 7.92304 8.83805 9.29971 9.74836 9.71762 8.73707 8.26013 8.22329 7.56337 6.39667 5.66657 4.33232 2.94202 3.48111 5.53125 4.62774 6.08189 5.96509 6.23693 5.27437 3.44306 0.999873 -0.424839 -1.13098 -2.39964 -9999 -9999 -9999 -9999 -9999 -9999 -9999 -9999 -9999 -9999 -9999 -9999 -9999 -9999 -9999 -9999 -9999 -9999 -9999 -9999 -9999 -9999 -9999 -9999 -9999 -9999 -9999 -9999 -9999 -9999 -9999 -9999 -9999 -9999 -9999 -9999 -9999 -9999 -9999 -9999
-9999 -9999 -9999 -9999 5.80836 6.46822 7.88496 8.61799 8.91925 9.63982 9.64635 9.27801 9.00125 8.59741 8.06845 7.19297 6.22661 4.9721 4.8613 6.1749 6.19696 5.92967 6.15024 6.82789 6.65647 5.1636 2.58156 1.22053 -1.5515 -2.73521 -2.60741 -3.44468 -9999 -9999 -9999 -9999 -9999 -9999 -9999 -9999 -9999 -9999 -9999 -9999 -0.130597 -9999 -9999 -9999 -9999 -9999 -9999 -9999 -9999 -9999 -9999 -9999 -9999 -9999 -9999 -9999 -9999 -9999 -9999 -9999 -9999 -5.07118 -9999 -9999 -9999 -9999 -9999
-9999 -9999 -9999 5.68045 6.56117 7.2525 8.14235 8.23295 8.76357 9.59129 9.60815 9.34829 9.0541 8.38651 8.22514 7.72916 6.6795 6.4694 6.90308 7.10611 7.33548 7.47905 7.37348 7.10726 6.76136 5.79833 4.60457 3.80524 1.27426 -0.00368704 -1.22553 -3.07785 -4.52558 -9999 -9999 -9999 -9999 -9999 -9999 -9999 -1.12615 -1.18811 -1.14796 -0.733188 0.399233 -0.254789 -9999 -9999 -9999 -9999 -9999 -9999 -9999 -9999 -9999 -9999 -9999 -9999 -9999 -9999 -9999 -9999 -9999 -9999 -9999 -4.05173 -5.50948 -9999 -9999 -9999 -9999
-9999 -9999 -9999 5.91579 6.84841 7.31661 8.18101 8.67761 9.00373 9.29372 9.57112 9.53019 9.20399 8.70532 8.7139 8.02515 7.65652 7.39511 7.97972 8.10023 7.87431 7.58938 7.33811 6.61607 6.53779 6.30407 5.54858 4.30452 3.02232 1.16844 -1.34833 -3.81637 -5.80589 -9999 -9999 -9999 -9999 -9999 -9999 -0.920907 0.0209335 0.588128 -0.595213 0.429253 1.36627 1.22505 0.328929 -9999 -9999 -9999 -9999 -9999 -9999 -9999 -9999 -9999 -9999 -9999 -9999 -9999 -9999 2.86623 1.3719 -1.65286 -3.20048 -4.12673 -5.45174 -9999 -9999 -9999 -9999
-9999 -9999 -9999 5.73357 6.83418 7.58133 8.24499 8.3552 9.03513 9.33377 9.48486 9.47237 9.4116 9.32386 8.72321 8.4681 7.55798 8.44025 8.41323 8.19777 7.32621 6.95204 5.451 4.79394 4.64953 5.92333 4.99244 3.04216 0.602543 -2.33054 -2.5154 -3.48161 -5.2592 -9999 -9999 -9999 -9999 -9999 -9999 -0.62896 0.377994 1.21978 1.3487 0.17269 1.83214 1.77444 0.857339 0.654704 1.41951 1.81062 1.53285 2.44442 2.71599 2.31426 2.76854 -9999 -9999 -9999 -9999 3.06579 3.13244 3.18416 2.56493 -0.740101 -2.99561 -5.02055 -5.20333 -9999 -9999 -9999 -9999
-9999 -9999 -9999 6.49383 7.17346 7.51963 7.57988 8.17585 8.77057 9.13835 9.40784 9.35917 9.34244 9.32455 9.12259 8.6466 8.73907 8.70616 8.43142 6.76655 4.82232 5.67919 4.52757 2.05249 4.07414 5.18697 4.13143 1.76688 -0.976005 -1.87046 -1.82655 -3.17272 -4.90582 -9999 -9999 -9999 -3.37959 -1.94133 -1.80971 -1.38045 -0.0397066 0.982098 1.75365 2.28181 2.27242 1.73035 0.833506 -0.142029 0.215323 1.99011 2.42809 2.79927 3.08049 2.70802 2.9127 3.39171 3.64223 3.69796 3.59286 3.57346 3.61803 3.5675 2.99003 0.0343091 -1.65495 -2.73072 -4.90029 -9999 -9999 -9999 -9999
-9999 -9999 -9999 6.07135 6.663 7.14303 7.93581 8.02401 8.52777 8.82806 9.27284 9.3271 8.81666 9.24745 9.1977 9.12364 8.96056 8.71917 7.31469 5.37668 3.43395 2.54069 2.92891 1.44415 2.2172 3.34479 2.94184 1.49442 -0.948529 -1.28789 -1.85208 -4.11974 -6.30294 -9999 -9999 -6.16009 -3.407 -1.46629 -0.461699 -0.145433 -0.108344 1.17721 1.28516 2.66871 2.35379 0.54146 0.753468 0.0524143 0.518269 1.17428 1.35913 2.29931 3.20301 3.37904 3.38949 3.69681 3.76496 3.78709 3.78537 3.58738 3.68668 3.70687 3.349 1.20897 0.168287 -0.979042 -4.86658 -9999 -9999 -9999 -9999
-9999 -9999 -9999 6.37275 7.03339 7.75625 7.87732 8.41393 8.3643 8.2171 8.96325 9.23915 8.88005 8.6231 9.11076 9.08281 9.02457 8.92519 7.60585 6.07824 3.76231 2.3259 1.44826 0.828031 -0.00126567 0.580916 0.410969 0.180909 0.458316 -0.2089 -1.54724 -2.87274 -5.35805 -6.69989 -9999 -6.00914 -4.76328 -2.45648 -0.494782 0.753308 0.314548 1.77541 2.05267 2.89827 2.41384 1.31643 0.849568 0.814774 0.677082 1.66321 2.32869 2.80103 3.11833 3.51163 3.61647 3.72166 3.7692 3.79784 3.82667 3.82765 3.82583 3.78824 3.6573 2.67637 1.63763 -0.613722 -4.73351 -9999 -9999 -9999 -9999
-9999 -9999 4.46073 6.30046 7.4049 7.83534 8.1472 8.42252 8.62301 8.83279 9.02969 9.16685 9.1148 8.15641 8.24013 8.41866 8.97117 8.93833 8.82496 7.99286 5.17352 4.20206 2.78178 0.940058 0.174731 0.56735 2.08889 2.02744 1.03008 -0.0822751 -1.62341 -2.6014 -4.12356 -7.05062 -6.78116 -5.45417 -4.46495 -2.89512 -0.498778 1.18342 1.93826 2.22816 2.82409 3.138 2.47153 1.83693 1.57461 1.08207 1.01914 1.03046 1.62922 2.09822 3.13199 3.48404 3.64815 3.73519 3.78489 3.82265 3.8598 3.87658 3.86277 3.86964 3.86731 3.80052 2.4158 -1.05692 -3.67216 -9999 -9999 -9999 -9999
-9999 -9999 -9999 5.96418 6.45254 6.58366 6.80959 7.26743 7.79457 8.53922 8.63908 9.05182 9.05456 8.22953 7.27603 8.11652 8.45407 8.80414 8.82101 8.7198 6.35027 5.11469 4.14337 2.37777 3.02432 3.63826 3.69082 3.33064 1.18532 -0.951447 -3.41731 -5.71964 -5.82451 -7.06117 -6.3981 -5.5196 -3.273 -1.68984 -1.04367 -0.577349 1.85914 2.49809 2.72305 3.35272 2.51264 2.30578 1.67646 1.87383 1.82594 1.83739 0.0796776 1.85872 1.97064 3.13147 3.65731 3.78119 3.8197 3.86018 3.87187 3.88465 3.88533 3.90287 3.89122 3.87799 2.98002 -1.42573 -3.63564 -9999 -9999 -9999 -9999
-9999 -9999 -9999 -9999 -9999 6.13022 6.50357 6.74442 7.15805 8.41594 8.75831 8.98744 9.01142 8.64645 7.70281 7.45849 7.63836 6.7188 7.50022 8.56607 8.5465 8.42487 6.3439 5.28331 6.3243 6.01661 4.45355 3.22458 2.0115 -0.491167 -2.32285 -4.96231 -6.94305 -7.01246 -4.81495 -2.98857 -0.715345 0.291417 -0.271241 0.352659 1.5664 2.94454 3.61508 3.46682 2.5809 2.46368 1.48904 2.463 2.55374 2.11249 1.73205 1.89483 2.47285 2.69766 3.60715 3.83237 3.87749 3.8908 3.90078 3.90302 3.90385 3.89866 3.89504 3.88823 3.8533 -0.675608 -4.1985 -9999 -9999 -9999 -9999
-9999 -9999 -9999 -9999 -9999 5.2628 5.49195 6.08702 7.60831 8.40558 8.73091 8.72472 8.87797 8.62214 7.79253 6.94114 6.13883 5.10269 5.70565 7.28984 8.2267 8.33942 6.51616 7.47612 7.12641 6.4302 4.38403 2.87754 2.08158 -0.320858 -2.37802 -4.13218 -6.55642 -5.51176 -4.36169 -2.88585 -0.406233 1.26909 1.96157 1.39304 2.17184 3.75658 3.77336 2.91902 2.98337 2.46599 1.13116 2.53767 2.93929 2.63016 2.72029 2.61018 2.82995 3.22408 3.60122 3.85409 3.89379 3.90384 3.90197 3.90758 3.91434 3.90282 3.91006 3.90325 3.88605 0.964869 -4.26117 -9999 -9999 -9999 -9999
-9999 -9999 -9999 -9999 -9999 -9999 4.47844 5.83069 7.84873 8.35139 8.31034 8.73083 8.77162 8.37618 8.03388 6.99913 5.58359 2.85915 3.56164 5.02047 7.12112 8.22848 8.08703 7.48238 6.42595 3.85968 1.61444 1.34727 0.984703 -0.766986 -2.35008 -4.3009 -3.16192 -1.91476 -0.550752 0.16874 -0.0106164 1.42584 2.5985 2.11055 3.06422 4.17585 3.68331 3.3955 3.15541 2.55624 2.528 2.59982 3.40216 2.86093 3.20658 3.2233 3.2117 3.40711 3.63074 3.86512 3.90883 3.91552 3.92535 3.90486 3.92011 3.91299 3.90607 3.90028 3.8864 3.6275 0.81479 -0.863335 -9999 -9999 -9999
-9999 -9999 -9999 -9999 -9999 -9999 3.23875 3.91538 6.30464 7.04393 8.10225 8.66647 8.69721 8.02608 7.65487 6.10994 5.61324 3.09356 1.95682 2.93447 2.57003 5.45995 8.01804 7.47039 2.32793 0.469616 -0.854117 -0.506045 -0.49666 -0.979938 -3.67849 -4.41812 -1.99152 -0.461527 0.725244 1.62702 1.81966 1.79516 3.62562 3.87509 4.47505 4.35397 4.41688 3.50435 2.94292 3.44856 2.88296 2.79335 3.62196 2.82237 3.56111 3.48316 3.27134 3.26714 3.75546 3.85961 3.91738 3.92659 3.91375 3.89546 3.88759 3.90924 3.90808 3.88755 3.8951 3.87508 3.54483 2.09267 1.58913 2.16006 -9999
-9999 -9999 -9999 -9999 -9999 -9999 -9999 1.69532 5.01421 6.53128 7.3316 8.45666 8.59678 8.24198 7.59558 6.0221 4.63938 2.38765 -0.18467 -1.54319 2.55267 6.11849 7.98304 7.74659 3.46719 1.78236 1.71061 2.71343 1.87898 1.24742 -0.801933 -1.41014 -2.25788 -1.7262 -0.0744731 1.27636 2.57954 3.52889 3.61243 4.23127 4.59045 4.62693 4.74497 4.64486 4.56485 3.68422 4.30655 3.79424 4.0791 3.90945 3.75695 3.62712 3.12628 3.49273 3.81782 3.90649 3.93773 3.9245 3.92593 3.91833 3.89439 3.88701 3.89108 3.89429 3.88425 3.89027 3.8795 3.72225 2.85102 1.6825 0.204557
-9999 -9999 -9999 -9999 -9999 -9999 -9999 0.0436351 3.34644 4.93866 6.98932 8.04568 8.47852 8.42763 7.90494 6.71081 4.91068 3.41239 0.539972 -2.44268 1.8558 5.687 7.75725 7.87381 4.27926 5.28489 4.48455 4.8168 3.34555 2.73791 2.2581 1.20314 0.0488369 -1.21515 -1.88016 1.14474 2.70099 3.95475 4.54946 4.88873 5.06173 4.98035 4.76188 3.42915 4.45945 4.41253 4.31903 4.21061 4.16238 4.06468 3.94799 3.88271 3.86396 3.53358 3.92265 3.92018 3.93131 3.93895 3.93474 3.92147 3.91064 3.89594 3.90222 3.89545 3.88855 3.88574 3.88615 3.88149 3.83938 3.61235 1.62556
-9999 -9999 -9999 -9999 -9999 -9999 -9999 -4.58702 0.216115 4.07395 6.09304 7.73766 8.19335 8.36705 7.66387 7.13963 5.851 4.63129 2.74629 -0.0803167 -1.81797 1.40232 6.08003 7.81019 7.68333 7.58255 6.65613 5.82178 5.72204 5.79153 4.81824 3.39733 1.53965 0.964706 0.31723 2.57176 2.88269 2.72447 5.20328 5.21547 5.08174 4.14279 3.09195 3.30062 2.65415 3.16361 2.39007 3.11667 3.74579 3.98567 3.97419 3.9 3.89664 3.8663 3.93909 3.94403 3.93923 3.93683 3.93817 3.93464 3.91166 3.90116 3.91742 3.90389 3.89541 3.88735 3.89062 3.8914 3.86178 3.83535 3.53486
-9999 -9999 -9999 -9999 -9999 -9999 -9999 -4.379 -0.339661 3.08866 5.14725 7.12654 7.58989 8.26155 8.12343 7.57402 6.45464 5.05482 3.50452 1.08038 -0.719496 1.43628 4.5446 6.77211 7.57559 7.57531 7.52857 7.32406 7.24244 7.00303 6.83335 5.81655 4.06288 3.0739 1.62388 4.13578 4.42279 4.03671 5.29362 5.23723 3.35235 1.90488 1.73075 2.62636 1.79007 1.64864 1.13211 1.73362 3.33254 2.87532 2.97458 3.70418 3.82993 3.91255 3.93926 3.94027 3.94274 3.93633 3.944 3.95162 3.9292 3.922 3.92148 3.90003 3.90104 3.88818 3.87946 3.87265 3.85952 3.83595 3.75471
-9999 -9999 -9999 -9999 -9999 -9999 -9999 -4.29343 -1.57524 1.51053 4.53935 6.65282 7.50858 8.13325 8.13227 7.49267 6.93921 6.06394 4.70068 3.76772 2.14337 -0.0882928 3.67108 4.82926 5.86369 6.30169 7.3788 7.35901 6.8747 6.30998 6.84453 6.69587 5.30839 4.85592 4.08803 5.48762 5.49663 5.46381 5.39511 3.80339 1.58872 -0.179917 1.10465 0.844867 1.43996 -0.37021 1.1325 2.34328 2.74114 1.93239 1.33296 3.21713 3.53485 3.72611 3.85078 3.93469 3.92192 3.94706 3.942 3.94248 3.94243 3.93237 3.92868 3.91845 3.90787 3.89789 3.89125 3.87606 3.85521 3.85948 3.81875
-9999 -9999 -9999 -9999 -9999 -9999 -9999 -9999 -3.17437 0.735713 4.22784 6.17446 7.40072 8.00099 7.9958 7.67151 7.29747 6.75685 5.77487 4.53989 2.58485 1.13526 2.06609 3.20087 3.33515 4.09168 6.27321 7.02255 5.97555 3.37595 4.92006 6.63988 6.61774 6.47715 6.31923 6.11499 5.93205 5.52505 4.42518 1.04342 0.383694 -0.938594 -0.780616 -1.45532 0.0423593 -0.507772 1.02941 1.69975 1.95731 0.550006 0.857724 2.52721 3.19177 3.08908 3.49926 3.89134 3.91025 3.92752 3.92375 3.93827 3.94757 3.94741 3.93598 3.92954 3.9265 3.9013 3.90959 3.78989 3.71431 3.55465 3.76628
-9999 -9999 -9999 -9999 -9999 -9999 -9999 -9999 -3.94933 -0.0464389 4.06539 5.38928 6.71093 7.85246 7.88026 7.38167 6.90789 6.41982 5.86345 4.3641 2.91045 1.523 1.06159 1.34891 1.33463 2.55451 5.39463 5.94954 5.72164 3.00799 2.09341 4.3891 6.31935 6.47661 6.30788 4.04896 4.53728 3.32164 1.67094 1.22139 0.502801 -1.02296 -0.278288 -1.3938 -0.905352 -1.0261 -0.150389 0.280286 1.32042 0.0947253 0.108918 1.74832 2.57823 2.60556 3.47606 3.79064 3.8779 3.90475 3.92586 3.93616 3.95638 3.95513 3.94919 3.93919 3.9048 3.81336 3.51732 1.88403 1.89265 2.34897 2.78114
-9999 -9999 -9999 -9999 -9999 -9999 -9999 -9999 -3.49707 -0.787011 2.86218 5.56676 5.74193 7.05981 7.74291 7.20027 6.58867 5.96289 5.69286 4.06049 2.26687 0.81898 -0.895983 -0.605985 0.63641 2.66544 4.50223 4.83576 4.46353 3.01213 3.70673 5.27429 6.10939 6.35978 6.17317 5.68587 5.4069 4.51339 4.12977 2.88672 0.939612 0.176849 0.67111 -1.39604 -1.24404 -0.469957 -1.27676 0.0736125 0.723541 -0.861463 0.413256 1.86318 2.60777 3.25956 3.57161 3.70001 3.8933 3.90491 3.92729 3.94255 3.94656 3.95324 3.92976 3.91148 3.7442 3.49424 1.97317 1.3421 1.47358 2.1864 2.81138
-9999 -9999 -9999 -9999 -9999 -9999 -9999 -9999 -3.03483 -0.594169 2.57075 4.5007 4.85063 6.31156 7.61135 7.47267 6.83612 6.6465 5.98673 4.60324 3.07451 1.40306 0.593795 -1.27502 0.577592 2.04565 3.60206 4.33348 3.14221 2.54697 3.61807 4.6829 5.11182 6.18716 6.18307 5.84067 4.34438 3.61802 3.9341 3.62585 3.08126 1.74317 1.6901 0.833129 0.482277 0.151317 -0.939028 -0.231654 -0.154549 0.0441425 1.57032 2.32826 2.83308 3.29281 3.41853 3.62222 3.88448 3.91373 3.92962 3.93518 3.94665 3.93455 3.86855 3.81395 3.4706 2.85761 1.70802 -0.160224 1.1673 2.55514 2.97471
-9999 -9999 -9999 -9999 -9999 -9999 -9999 -9999 -3.4486 -0.856112 1.84969 2.98429 3.18168 5.82116 7.43965 7.44834 7.14974 6.80004 5.16124 5.26403 4.94131 3.43413 1.23587 -1.17903 -0.945573 0.503922 2.55765 3.24128 1.26757 0.574145 1.09514 2.70221 4.14139 5.64383 6.03006 5.59728 3.26474 0.785642 1.94487 3.18316 3.18298 2.82833 1.58791 1.19874 0.847133 -0.0559046 -1.59004 -1.35636 -0.920914 0.812766 1.36472 2.21359 2.91971 2.66301 2.82406 3.49972 3.89028 3.91151 3.92508 3.94441 3.94226 3.926 3.78791 3.64126 3.39062 1.78177 0.783812 -0.672567 1.03441 1.98254 2.49327
-9999 -9999 -9999 -9999 -9999 -9999 -9999 -9999 -4.24837 -2.36541 0.221174 1.26706 2.932 5.42669 6.65672 7.24948 7.24259 7.01155 6.28112 5.84447 4.97802 3.40985 1.26328 -1.12353 -2.67515 -1.87689 0.884879 1.54545 -0.27693 -1.19931 -0.0363342 1.67598 4.20836 5.65792 5.85906 5.73481 5.25886 3.45064 1.26469 1.27871 2.38499 1.47166 0.409101 1.0041 0.902134 0.0105066 -0.636142 -1.02757 -0.769625 0.221375 0.63442 1.61394 3.05626 3.26879 3.23496 3.84611 3.88316 3.90404 3.93357 3.93953 3.94062 3.92908 3.81769 3.55994 2.49127 1.56017 0.262229 0.107413 1.62632 2.29599 2.92018
-9999 -9999 -9999 -9999 -9999 -9999 -9999 -9999 -5.62617 -3.41172 -0.988253 1.28134 3.42895 5.27817 5.42659 6.40477 6.40959 6.92505 6.78526 6.10863 5.37987 4.02958 1.27028 -1.04894 -3.57883 -2.904 -0.0881613 0.285795 -0.931469 -3.1858 -0.845171 1.73541 4.07481 5.34409 4.36024 5.38134 5.30436 4.63086 3.3322 1.30944 1.35447 -0.15962 -0.219024 0.568839 0.829226 0.706045 0.222346 -0.554596 -0.410019 0.195061 0.353877 1.25462 2.37509 3.47063 3.66047 3.87499 3.89076 3.90095 3.92467 3.93355 3.91751 3.86844 3.75161 2.85678 1.79133 1.13748 0.235125 0.131345 1.88245 2.58631 2.9816
-9999 -9999 -9999 -9999 -9999 -9999 -9999 -9999 -9999 -3.63703 -1.13348 0.720625 1.22425 2.86865 3.75935 4.44999 4.60777 6.5674 6.68118 6.25444 5.58551 4.43475 2.34243 0.886495 -1.53992 -3.28225 -2.55561 -2.21549 -1.56658 -1.74972 -0.702327 1.77775 4.36132 4.64876 3.01783 3.26661 3.61552 4.38967 4.00664 1.24808 -0.150189 -1.30967 -0.474654 0.403477 0.621135 0.670185 0.508944 0.32305 -0.000612469 1.17196 2.04141 2.24835 3.00728 3.56939 3.72963 3.85204 3.87317 3.89451 3.90153 3.87595 3.85919 3.72653 3.42093 2.41919 0.000843377 0.120561 -0.135259 -0.883119 0.829226 1.91253 2.88181
-9999 -9999 -9999 -9999 -9999 -9999 -9999 -9999 -9999 -4.46752 -1.5717 -0.955281 -0.994621 -1.94537 -1.49889 2.05412 2.77439 4.65398 6.43407 6.30991 5.65374 4.57745 3.3338 1.40497 -1.3247 -3.49237 -4.40164 -2.05628 0.246937 0.727655 1.46747 2.98964 3.28402 1.61707 0.0542643 0.941562 1.47854 3.50678 3.88215 3.49554 1.83599 -0.0623612 -1.05017 0.130141 0.293639 0.370743 0.3914 0.363253 0.323458 1.64685 2.38098 2.89237 3.17395 3.6576 3.78654 3.83252 3.87617 3.87442 3.85664 3.78811 3.70918 3.33884 2.88906 1.24398 -0.1265 -0.978695 -2.06218 0.400614 1.13608 2.15337 2.81244
