Test_Spring_2018b/12_17/Temp/20171208_019.txt
ncols	170
nrows	115
xllcorner	350000.000000
yllcorner	4445000.000000
cellsize	1000.000000
nodata_value	-9999.000000
[rows 32 to 63 of 115, columns 71 to 141 of 170]
9.08661 9.04976 8.62745 9.2534 9.82911 9.48015 9.24991 10.2042 10.1962 9.85969 9.07982 8.78858 8.48688 8.29892 7.30086 4.51509 2.0033 3.33817 3.36351 2.42974 4.08853 3.20516 0.908613 -2.33112 -0.573803 -1.0332 -3.30088 -3.86695 -9999 -9999 -9999 -9999 -9999 -9999 -9999 -9999 -9999 -9999 -9999 -9999 -9999 -9999 -9999 -9999 -9999 -9999 -9999 -9999 -9999 -9999 -9999 -9999 -9999 -9999 -9999 -9999 -9999 -9999 -9999 -9999 -9999 -9999 -9999 -9999 -9999 -9999 -9999 -9999 -9999 -9999 -9999
8.71872 8.49249 8.3051 9.2405 9.21053 9.16118 9.5081 10.0975 10.2088 10.0727 9.728 9.42852 9.11048 8.31592 7.17539 4.79023 1.93233 1.27892 2.66767 2.72886 2.94801 2.14256 1.13271 -0.444371 0.842425 1.34127 -0.155233 -2.11508 -3.37392 -9999 -9999 -9999 -9999 -9999 -9999 -9999 -9999 -9999 -9999 -9999 -9999 -9999 -9999 -9999 -9999 -9999 -9999 -9999 -9999 -9999 -9999 -9999 -9999 -9999 -9999 -9999 -9999 -9999 -9999 -9999 -9999 -9999 -9999 -9999 -9999 -9999 -9999 -9999 -9999 -9999 -9999
8.16569 7.82857 6.90095 7.46068 7.87854 8.69531 8.89203 9.00299 10.1231 10.0554 9.99509 9.50535 9.11209 8.46586 7.36787 5.8082 3.93222 0.671645 2.67167 4.23703 4.19183 4.10153 3.39302 1.8778 3.14075 3.19829 1.28512 -0.882701 -2.17519 -2.71145 -9999 -9999 -9999 -9999 -9999 -9999 -9999 -9999 -9999 -9999 -9999 -9999 -9999 -9999 -9999 -9999 -9999 -9999 -9999 -9999 -9999 -9999 -9999 -9999 -9999 -9999 -9999 -9999 -9999 -9999 -9999 -9999 -9999 -9999 -9999 -9999 -9999 -9999 -9999 -9999 -9999
7.3992 7.07435 5.94374 6.50711 7.26234 8.34941 8.91622 9.33346 9.66289 9.99891 9.95013 9.44896 7.98472 7.76865 7.69768 6.67485 4.53711 2.40265 1.84524 4.23626 4.91734 4.77344 5.30519 4.02136 4.62461 4.37465 3.69382 1.6055 -0.304637 -1.10293 -2.67857 -9999 -9999 -9999 -9999 -9999 -9999 -9999 -9999 -9999 -9999 -9999 -9999 -9999 -9999 -9999 -9999 -9999 -9999 -9999 -9999 -9999 -9999 -9999 -9999 -9999 -9999 -9999 -9999 -9999 -9999 -9999 -9999 -9999 -9999 -9999 -9999 -9999 -9999 -9999 -9999
-9999 -9999 -9999 5.22189 6.27024 7.12143 8.18739 9.08957 9.53838 9.97394 9.92997 8.93622 8.44581 8.39532 7.72199 6.5422 5.79924 4.45276 3.05083 3.57847 5.61752 4.70449 6.14928 6.02429 6.28848 5.31913 3.49674 1.05842 -0.357427 -1.07164 -2.34887 -9999 -9999 -9999 -9999 -9999 -9999 -9999 -9999 -9999 -9999 -9999 -9999 -9999 -9999 -9999 -9999 -9999 -9999 -9999 -9999 -9999 -9999 -9999 -9999 -9999 -9999 -9999 -9999 -9999 -9999 -9999 -9999 -9999 -9999 -9999 -9999 -9999 -9999 -9999 -9999
-9999 -9999 -9999 -9999 6.07237 6.71849 8.12186 8.86029 9.14881 9.85618 9.84936 9.46748 9.17695 8.75929 8.21659 7.32768 6.34829 5.08138 4.95853 6.2605 6.27214 5.9954 6.20729 6.87697 6.69853 5.203 2.62666 1.25958 -1.49201 -2.68316 -2.56386 -3.41025 -9999 -9999 -9999 -9999 -9999 -9999 -9999 -9999 -9999 -9999 -9999 -9999 -0.295259 -9999 -9999 -9999 -9999 -9999 -9999 -9999 -9999 -9999 -9999 -9999 -9999 -9999 -9999 -9999 -9999 -9999 -9999 -9999 -9999 -5.63113 -9999 -9999 -9999 -9999 -9999
-9999 -9999 -9999 5.93109 6.8151 7.49371 8.37068 8.46597 8.98388 9.79833 9.8017 9.52804 9.21978 8.53806 8.36247 7.85258 6.78959 6.56657 6.98795 7.17966 7.39872 7.53305 7.41933 7.14598 6.7938 5.83944 4.64046 3.83583 1.30978 0.0405738 -1.1888 -3.04944 -4.50665 -9999 -9999 -9999 -9999 -9999 -9999 -9999 -1.22438 -1.30439 -1.2828 -0.88708 0.225761 -0.447658 -9999 -9999 -9999 -9999 -9999 -9999 -9999 -9999 -9999 -9999 -9999 -9999 -9999 -9999 -9999 -9999 -9999 -9999 -9999 -4.62679 -6.10335 -9999 -9999 -9999 -9999
-9999 -9999 -9999 6.17244 7.09281 7.54885 8.40081 8.88475 9.21466 9.49152 9.75519 9.7001 9.35944 8.84614 8.83995 8.13688 7.75432 7.47969 8.05179 8.16101 7.92509 7.6314 7.37258 6.64423 6.56046 6.33542 5.57569 4.32757 3.04107 1.20597 -1.31716 -3.79268 -5.79101 -9999 -9999 -9999 -9999 -9999 -9999 -1.00659 -0.0830475 0.465336 -0.736858 0.267748 1.18457 1.02315 0.111472 -9999 -9999 -9999 -9999 -9999 -9999 -9999 -9999 -9999 -9999 -9999 -9999 -9999 -9999 2.34789 0.835893 -2.20613 -3.77159 -4.71617 -6.05986 -9999 -9999 -9999 -9999
-9999 -9999 -9999 5.98006 7.06901 7.8045 8.45626 8.55433 9.22084 9.52229 9.6595 9.63249 9.55673 9.45369 8.83785 8.56771 7.64331 8.51167 8.47208 8.2454 7.3642 6.98172 5.4741 4.81155 4.67517 5.9451 5.01132 3.05849 0.616188 -2.30569 -2.48871 -3.46197 -5.24778 -9999 -9999 -9999 -9999 -9999 -9999 -0.718528 0.269495 1.09172 1.20073 0.004702 1.64303 1.56914 0.630345 0.405551 1.14773 1.51615 1.22731 2.11837 2.36649 1.94182 2.3734 -9999 -9999 -9999 -9999 2.56831 2.61662 2.65043 2.0137 -1.30813 -3.58092 -5.62362 -5.83089 -9999 -9999 -9999 -9999
-9999 -9999 -9999 6.72981 7.3986 7.73384 7.7829 8.36703 8.94868 9.31782 9.57353 9.50984 9.47746 9.44356 9.22556 8.73387 8.81112 8.76398 8.4763 6.8003 4.8466 5.69485 4.53864 2.06687 4.08884 5.19922 4.14228 1.77678 -0.967215 -1.85014 -1.80413 -3.15629 -4.89686 -9999 -9999 -9999 -3.42017 -1.99836 -1.88414 -1.47344 -0.152411 0.849046 1.60049 2.10737 2.08649 1.5169 0.597629 -0.400587 -0.0664778 1.68456 2.09911 2.45988 2.71696 2.32092 2.49658 2.95358 3.18293 3.21833 3.09375 3.05557 3.08194 3.01363 2.41871 -0.547845 -2.25418 -3.34768 -5.54814 -9999 -9999 -9999 -9999
-9999 -9999 -9999 6.29758 6.87881 7.34824 8.13234 8.20899 8.70031 8.98712 9.42946 9.46825 8.94173 9.35572 9.28918 9.19861 9.01975 8.7637 7.3463 5.39718 3.44518 2.54422 2.93166 1.44356 2.21771 3.34352 2.94487 1.50146 -0.941842 -1.28282 -1.8378 -4.10536 -6.29548 -9999 -9999 -6.18602 -3.44837 -1.52454 -0.538049 -0.240939 -0.223948 1.04038 1.12683 2.48808 2.15964 0.320049 0.508765 -0.2154 0.226439 0.850477 1.01173 1.93645 2.81931 2.97174 2.95928 3.24438 3.29127 3.29308 3.27197 3.05547 3.13684 3.13957 2.76452 0.607724 -0.450325 -1.62057 -5.53228 -9999 -9999 -9999 -9999
-9999 -9999 -9999 6.59143 7.24219 7.95479 8.0652 8.59033 8.52946 8.36903 9.10108 9.37101 8.99521 8.72095 9.19093 9.14573 9.07103 8.95644 7.62384 6.08494 3.76001 2.31648 1.43827 0.815465 -0.00586853 0.575741 0.405955 0.176256 0.453723 -0.20745 -1.53567 -2.86493 -5.35233 -6.70247 -9999 -6.03541 -4.80466 -2.51512 -0.572256 0.655791 0.196308 1.63507 1.88992 2.72 2.21285 1.08751 0.588945 0.529867 0.367971 1.32971 1.97027 2.42611 2.71878 3.09123 3.17283 3.25567 3.28187 3.29023 3.2998 3.28245 3.26303 3.2083 3.06044 2.06273 1.00242 -1.26659 -5.41005 -9999 -9999 -9999 -9999
-9999 -9999 4.6672 6.50944 7.60457 8.02542 8.32706 8.59135 8.77986 8.97638 9.16024 9.28219 9.2203 8.24411 8.30955 8.47007 9.00531 8.95675 8.82948 7.98581 5.15774 4.18262 2.7641 0.921326 0.159443 0.552878 2.07554 2.01587 1.02039 -0.0905908 -1.62121 -2.59534 -4.12229 -7.05403 -6.79497 -5.48095 -4.50684 -2.95435 -0.577417 1.08401 1.81708 2.08439 2.66304 2.95379 2.25658 1.59323 1.30592 0.788497 0.700695 0.68733 1.26151 1.71289 2.72069 3.04854 3.19189 3.25646 3.2848 3.30236 3.32042 3.31909 3.28795 3.27795 3.25894 3.17179 1.76979 -1.72834 -4.36773 -9999 -9999 -9999 -9999
-9999 -9999 -9999 6.16396 6.64375 6.76588 6.98204 7.42912 7.94441 8.67577 8.76162 9.15899 9.14593 8.30743 7.33529 8.15697 8.47674 8.81053 8.81318 8.70009 6.32758 5.08707 4.11321 2.34744 2.99807 3.61393 3.66925 3.3122 1.17039 -0.963422 -3.41779 -5.72096 -5.82932 -7.06762 -6.41322 -5.54742 -3.31632 -1.75074 -1.12392 -0.678593 1.73503 2.35495 2.5515 3.15621 2.29116 2.05485 1.39992 1.57158 1.49825 1.48452 -0.297539 1.46271 1.54951 2.68572 3.18733 3.29071 3.30791 3.3283 3.32107 3.31595 3.2995 3.30039 3.26971 3.23392 2.31727 -2.10683 -4.34092 -9999 -9999 -9999 -9999
-9999 -9999 -9999 -9999 -9999 6.30465 6.6685 6.89888 7.30084 8.54538 8.87362 9.08729 9.09463 8.71215 7.75232 7.489 7.65071 6.71485 7.48311 8.53862 8.51131 8.38484 6.30215 5.24505 6.2876 5.98298 4.42405 3.19945 1.99064 -0.507936 -2.3277 -4.96707 -6.95008 -7.02478 -4.83601 -3.01944 -0.761753 0.227393 -0.354611 0.247822 1.43859 2.79235 3.43784 3.26413 2.35259 2.20539 1.20463 2.15216 2.21697 1.75031 1.34488 1.48869 2.04132 2.24169 3.12759 3.33057 3.35517 3.34854 3.33975 3.32424 3.30808 3.28243 3.26062 3.23521 3.18116 -1.3663 -4.91303 -9999 -9999 -9999 -9999
-9999 -9999 -9999 -9999 -9999 5.42987 5.64973 6.23435 7.74375 8.52782 8.83898 8.81729 8.95371 8.68014 7.83229 6.96282 6.14236 5.09035 5.67948 7.25255 8.18152 8.28953 6.46479 7.42806 7.08075 6.38824 4.3469 2.84545 2.05428 -0.343452 -2.38827 -4.14204 -6.56794 -5.52849 -4.38659 -2.92216 -0.457012 1.20041 1.87254 1.28307 2.03846 3.59833 3.58974 2.70963 2.74761 2.19999 0.838712 2.21831 2.59365 2.25885 2.32372 2.19442 2.38886 2.75856 3.11234 3.34308 3.36193 3.35245 3.33193 3.31987 3.30799 3.2784 3.26728 3.24163 3.20503 0.264603 -4.98493 -9999 -9999 -9999 -9999
-9999 -9999 -9999 -9999 -9999 -9999 4.62923 5.97082 7.97683 8.46634 8.41119 8.81602 8.83997 8.42678 8.06606 7.01291 5.57955 2.83948 3.52808 4.97581 7.06825 8.17065 8.0273 7.42643 6.37266 3.81069 1.57045 1.30814 0.950399 -0.796579 -2.36734 -4.31755 -3.18102 -1.93898 -0.58309 0.125266 -0.0682328 1.35053 2.50313 1.99358 2.92361 4.01024 3.4922 3.1782 2.91154 2.28195 2.22672 2.27182 3.04766 2.48079 2.80112 2.79859 2.76186 2.93303 3.13353 3.34596 3.36897 3.35612 3.34741 3.30885 3.30604 3.28066 3.25513 3.23022 3.19663 2.91748 0.0804745 -1.61919 -9999 -9999 -9999
-9999 -9999 -9999 -9999 -9999 -9999 3.38278 4.04879 6.42582 7.15182 8.19574 8.74429 8.75826 8.06955 7.68094 6.11761 5.60279 3.06704 1.91797 2.88461 2.51251 5.39682 7.95206 7.4079 2.26887 0.414312 -0.905009 -0.55259 -0.5388 -1.01801 -3.70411 -4.44367 -2.02002 -0.495346 0.683282 1.57385 1.75228 1.71051 3.52037 3.74884 4.32526 4.17951 4.21674 3.27815 2.69022 3.16514 2.5727 2.45647 3.25867 2.43363 3.14712 3.0502 2.81354 2.78542 3.25077 3.33321 3.37042 3.35955 3.32842 3.29187 3.26591 3.26904 3.24896 3.20898 3.1965 3.15588 2.80047 1.32658 0.800814 1.34912 -9999
-9999 -9999 -9999 -9999 -9999 -9999 -9999 1.82216 5.12838 6.63186 7.41783 8.52716 8.65064 8.28152 7.61624 6.02441 4.62415 2.35655 -0.229647 -1.59559 2.49122 6.05089 7.91228 7.67871 3.40179 1.71993 1.65148 2.65769 1.82709 1.19887 -0.838641 -1.44737 -2.29769 -1.77143 -0.125839 1.21119 2.49979 3.43171 3.49529 4.09158 4.43004 4.44202 4.53457 4.40841 4.30197 3.39117 3.9866 3.44803 3.70688 3.51189 3.33468 3.18639 2.66114 3.00389 3.30634 3.37351 3.38195 3.35008 3.3331 3.30706 3.26444 3.23875 3.22356 3.20698 3.17661 3.16177 3.12554 2.94614 2.0528 0.862228 -0.637593
-9999 -9999 -9999 -9999 -9999 -9999 -9999 0.163827 3.45373 5.03219 7.06817 8.11078 8.5308 8.46164 7.92056 6.7085 4.89143 3.37745 0.491501 -2.50254 1.78618 5.6166 7.68295 7.7982 4.20827 5.21507 4.4171 4.75177 3.28338 2.67795 2.20891 1.15266 -0.00486753 -1.27047 -1.94771 1.06495 2.60653 3.84292 4.41781 4.735 4.88404 4.78186 4.54012 3.18207 4.18607 4.10911 3.98933 3.85496 3.7812 3.65855 3.51752 3.43446 3.39157 3.03805 3.40232 3.37605 3.36801 3.35689 3.33409 3.30215 3.27235 3.23822 3.22341 3.19901 3.1715 3.14762 3.12237 3.09552 3.03117 2.78198 0.773671
-9999 -9999 -9999 -9999 -9999 -9999 -9999 -4.47256 0.316981 4.16291 6.16707 7.8017 8.24014 8.39609 7.6752 7.13349 5.82834 4.59332 2.69481 -0.143148 -1.89034 1.32341 5.99478 7.73075 7.60647 7.50584 6.58047 5.74745 5.6488 5.71892 4.75573 3.33835 1.47605 0.889396 0.232853 2.47505 2.77158 2.59651 5.05535 5.04606 4.88909 3.92571 2.85563 3.03844 2.37005 2.84981 2.05073 2.75168 3.3556 3.5709 3.5355 3.44434 3.41335 3.36071 3.40701 3.39211 3.36803 3.34669 3.3292 3.30672 3.26447 3.23425 3.23026 3.19424 3.16417 3.13924 3.11668 3.09533 3.04358 2.99513 2.67291
-9999 -9999 -9999 -9999 -9999 -9999 -9999 -4.26867 -0.243393 3.17067 5.22208 7.18499 7.6316 8.28599 8.13067 7.56447 6.42912 5.01451 3.45089 1.01535 -0.794237 1.35271 4.45708 6.68008 7.48492 7.49239 7.44496 7.24008 7.16354 6.92352 6.76336 5.74263 3.97776 2.98127 1.52178 4.02092 4.29343 3.8907 5.12834 5.05107 3.14413 1.6732 1.47434 2.35167 1.49011 1.31909 0.782595 1.35909 2.9331 2.44692 2.52285 3.23651 3.33934 3.39286 3.39898 3.38006 3.36309 3.33752 3.32608 3.31444 3.27246 3.24526 3.22426 3.18186 3.15911 3.12426 3.08898 3.06612 3.03101 2.98563 2.88284
-9999 -9999 -9999 -9999 -9999 -9999 -9999 -4.19159 -1.48557 1.5859 4.60848 6.70587 7.54528 8.15329 8.13574 7.48001 6.91102 6.02125 4.64488 3.70015 2.06583 -0.173977 3.57733 4.73412 5.76871 6.2076 7.28324 7.26262 6.77754 6.23066 6.76109 6.60076 5.20663 4.74561 3.96741 5.35412 5.34857 5.29914 5.21189 3.60028 1.36439 -0.426772 0.833591 0.549438 1.12775 -0.710854 0.761264 1.94675 2.32011 1.49503 0.872868 2.74159 3.02786 3.19773 3.30174 3.36558 3.33317 3.33888 3.31442 3.29534 3.27545 3.24515 3.2208 3.1895 3.15747 3.12273 3.08957 3.05201 2.99912 2.98155 2.92768
-9999 -9999 -9999 -9999 -9999 -9999 -9999 -9999 -3.09266 0.813811 4.29062 6.22168 7.43207 8.01632 7.99524 7.65541 7.26639 6.7117 5.71686 4.47039 2.50552 1.04747 1.97072 3.10464 3.23888 3.99186 6.17005 6.9167 5.86743 3.27892 4.8115 6.52473 6.49512 6.34553 6.17689 5.96308 5.76546 5.34205 4.22425 0.823631 0.139776 -1.20467 -1.07012 -1.76862 -0.286702 -0.865247 0.646912 1.29275 1.52641 0.0962388 0.390108 2.0259 2.66848 2.5448 2.93449 3.31264 3.31167 3.30924 3.28578 3.28045 3.26965 3.24906 3.20983 3.18168 3.15661 3.10513 3.08675 2.9446 2.84691 2.66565 2.85616
-9999 -9999 -9999 -9999 -9999 -9999 -9999 -9999 -3.86192 0.0262545 4.12272 5.43148 6.73763 7.86349 7.87592 7.36235 6.87409 6.37226 5.80309 4.29232 2.82845 1.43205 0.962738 1.24316 1.23374 2.44859 5.28372 5.83448 5.60254 2.89249 1.9717 4.25935 6.18048 6.32775 6.14759 3.8762 4.34966 3.11796 1.44974 0.980891 0.241834 -1.30523 -0.583266 -1.72156 -1.25666 -1.3956 -0.544061 -0.137218 0.879287 -0.368944 -0.367939 1.23698 2.04484 2.05099 2.90064 3.19494 3.26222 3.26917 3.27028 3.26036 3.26002 3.23784 3.2106 3.17897 3.1227 3.00925 2.68637 1.02713 1.01387 1.4486 1.85969
-9999 -9999 -9999 -9999 -9999 -9999 -9999 -9999 -3.41522 -0.719618 2.91442 5.60372 5.76401 7.06657 7.73456 7.17738 6.55168 5.91245 5.62966 3.98584 2.18185 0.724577 -0.998618 -0.716358 0.518971 2.55277 4.38353 4.71161 4.334 2.88452 3.5712 5.12975 5.955 6.19451 5.99583 5.49514 5.20131 4.29168 3.89045 2.62876 0.662089 -0.121484 0.35089 -1.73802 -1.60871 -0.857674 -1.68172 -0.354928 0.271878 -1.33527 -0.0859868 1.34103 2.06352 2.69379 2.98489 3.09275 3.26571 3.25711 3.25922 3.25403 3.23735 3.22303 3.17827 3.13845 2.94948 2.67773 1.1352 0.472745 0.582518 1.27383 1.87774
-9999 -9999 -9999 -9999 -9999 -9999 -9999 -9999 -2.95849 -0.532283 2.61766 4.53269 4.86793 6.31381 7.59866 7.44564 6.79526 6.59225 5.91989 4.52479 2.98538 1.3042 0.48588 -1.39083 0.453673 1.92621 3.47555 4.20023 3.01115 2.40784 3.46983 4.52477 4.94304 6.00653 5.98972 5.6335 4.12246 3.37993 3.67838 3.35159 2.78754 1.42936 1.35516 0.476744 0.103936 -0.249206 -1.35568 -0.671346 -0.616918 -0.452465 1.0595 1.7947 2.27736 2.71542 2.81998 3.00281 3.24441 3.25315 3.24852 3.23345 3.22412 3.19099 3.10376 3.02773 2.66288 2.02837 0.857383 -1.04224 0.263429 1.62969 2.01891
-9999 -9999 -9999 -9999 -9999 -9999 -9999 -9999 -3.37757 -0.799647 1.89132 3.01131 3.1942 5.81852 7.4222 7.41673 7.10439 6.74144 5.09032 5.18101 4.84706 3.32973 1.12231 -1.30095 -1.0759 0.369516 2.42337 3.09932 1.12688 0.424458 0.935571 2.53176 3.95928 5.44909 5.822 5.37506 3.0278 0.532952 1.67445 2.89402 2.87459 2.50001 1.23924 0.82897 0.455868 -0.468788 -2.02732 -1.80707 -1.39421 0.313553 0.842302 1.6683 2.35204 2.07363 2.21324 2.86762 3.23719 3.23765 3.23048 3.22903 3.206 3.16871 3.00947 2.84152 2.56949 0.939534 -0.0797252 -1.56113 0.117251 1.04397 1.51298
-9999 -9999 -9999 -9999 -9999 -9999 -9999 -9999 -4.18264 -2.31414 0.257618 1.28896 2.9391 5.41878 6.63424 7.21279 7.19217 6.94789 6.20486 5.75614 4.8784 3.29981 1.14367 -1.25199 -2.8121 -2.02248 0.743022 1.39035 -0.426964 -1.35902 -0.206806 1.49393 4.01375 5.45019 5.63764 5.49884 5.00748 3.18327 0.98052 0.976307 2.06326 1.13043 0.0477917 0.621747 0.49851 -0.414485 -1.08276 -1.48968 -1.26665 -0.289585 0.100191 1.05665 2.47616 2.6666 2.61108 3.20068 3.21656 3.21644 3.22504 3.2101 3.19026 3.15772 3.02524 2.74634 1.65664 0.704381 -0.61466 -0.790886 0.695283 1.33415 1.92548
-9999 -9999 -9999 -9999 -9999 -9999 -9999 -9999 -5.56575 -3.36594 -0.957302 1.2974 3.43011 5.26452 5.39869 6.36259 6.35369 6.85568 6.70308 6.01432 5.27405 3.91306 1.14407 -1.18436 -3.72287 -3.05709 -0.246752 0.136327 -1.09067 -3.35485 -1.0258 1.5425 3.86895 5.12477 4.12722 5.13321 5.04055 4.35067 3.03497 0.994566 1.02066 -0.512627 -0.592219 0.174705 0.413855 0.269194 -0.236132 -1.03706 -0.918765 -0.32797 -0.192547 0.684917 1.78239 2.85529 3.02308 3.21585 3.2102 3.19918 3.20183 3.18973 3.15276 3.08274 2.94493 2.02925 0.942904 0.267948 -0.655528 -0.780696 0.945237 1.61031 1.97241
-9999 -9999 -9999 -9999 -9999 -9999 -9999 -9999 -9999 -3.59717 -1.10854 0.730715 1.21982 2.84943 3.72563 4.40202 4.54597 6.49167 6.59248 6.15344 5.47285 4.31118 2.20881 0.743235 -1.69205 -3.44303 -2.72529 -2.37291 -1.73452 -1.92835 -0.892498 1.57503 4.14531 4.41929 2.7746 3.00829 3.34127 4.09854 3.69816 0.922126 -0.494697 -1.67346 -0.858858 -0.00169386 0.194708 0.222165 0.0390967 -0.1822 -0.51193 0.636493 1.48207 1.66559 2.40127 2.94054 3.07841 3.17879 3.17825 3.17819 3.16404 3.11746 3.0798 2.92631 2.59992 1.57749 -0.861252 -0.762732 -1.03978 -1.80886 -0.128133 0.910054 1.85809
-9999 -9999 -9999 -9999 -9999 -9999 -9999 -9999 -9999 -4.43366 -1.55298 -0.951185 -1.00501 -1.97 -1.53801 1.99987 2.70604 4.5716 6.33816 6.20151 5.53359 4.44629 3.19229 1.25388 -1.48463 -3.6609 -4.56975 -2.23182 0.0700677 0.539832 1.26809 2.77786 3.05944 1.37942 -0.197289 0.674628 1.1955 3.20642 3.56413 3.15931 1.48116 -0.436393 -1.44427 -0.285159 -0.143091 -0.0878146 -0.0893051 -0.15186 -0.207769 1.09903 1.80894 2.29641 2.55446 3.01489 3.12111 3.14479 3.16652 3.14322 3.10422 3.01471 2.91499 2.52401 2.05364 0.388229 -1.00278 -1.8758 -2.98025 -0.539553 0.164636 1.14641 1.77422
