Test_Spring_2018b/12_17/Temp/20171203_007.txt
ncols	170
nrows	115
xllcorner	350000.000000
yllcorner	4445000.000000
cellsize	1000.000000
nodata_value	-9999.000000
[rows 32 to 63 of 115, columns 72 to 143 of 170]
10.6892 10.3079 10.9151 11.4748 11.1523 10.9396 11.8588 11.8659 11.5631 10.8422 10.5821 10.3121 10.1492 9.22206 6.6086 4.25321 5.52536 5.56192 4.69334 6.26927 5.44693 3.29107 0.244998 1.91129 1.48639 -0.661978 -1.18577 -9999 -9999 -9999 -9999 -9999 -9999 -9999 -9999 -9999 -9999 -9999 -9999 -9999 -9999 -9999 -9999 -9999 -9999 -9999 -9999 -9999 -9999 -9999 -9999 -9999 -9999 -9999 -9999 -9999 -9999 -9999 -9999 -9999 -9999 -9999 -9999 -9999 -9999 -9999 -9999 -9999 -9999 -9999 -9999 -9999
10.1814 10.0216 10.9207 10.9093 10.8645 11.2009 11.776 11.8957 11.782 11.4715 11.2037 10.9182 10.1832 9.12167 6.88599 4.2041 3.60092 4.92332 4.99306 5.21119 4.46234 3.52008 2.04224 3.26492 3.74399 2.33222 0.484892 -0.701133 -9999 -9999 -9999 -9999 -9999 -9999 -9999 -9999 -9999 -9999 -9999 -9999 -9999 -9999 -9999 -9999 -9999 -9999 -9999 -9999 -9999 -9999 -9999 -9999 -9999 -9999 -9999 -9999 -9999 -9999 -9999 -9999 -9999 -9999 -9999 -9999 -9999 -9999 -9999 -9999 -9999 -9999 -9999 -9999
9.57333 8.71538 9.26015 9.67107 10.4327 10.6426 10.7619 11.8331 11.784 11.7418 11.2946 10.9383 10.3433 9.32188 7.86477 6.10895 3.0468 4.94565 6.43398 6.40272 6.32828 5.67018 4.25065 5.45082 5.51372 3.71016 1.65818 0.448125 -0.0483662 -9999 -9999 -9999 -9999 -9999 -9999 -9999 -9999 -9999 -9999 -9999 -9999 -9999 -9999 -9999 -9999 -9999 -9999 -9999 -9999 -9999 -9999 -9999 -9999 -9999 -9999 -9999 -9999 -9999 -9999 -9999 -9999 -9999 -9999 -9999 -9999 -9999 -9999 -9999 -9999 -9999 -9999 -9999
8.88039 7.83091 8.37904 9.10812 10.1378 10.6788 11.0921 11.4176 11.7494 11.7183 11.2604 9.89417 9.70494 9.65231 8.7016 6.69894 4.69889 4.18565 6.45261 7.10621 6.98106 7.49253 6.29106 6.86888 6.6416 6.00828 4.03304 2.23071 1.48705 0.0107466 -9999 -9999 -9999 -9999 -9999 -9999 -9999 -9999 -9999 -9999 -9999 -9999 -9999 -9999 -9999 -9999 -9999 -9999 -9999 -9999 -9999 -9999 -9999 -9999 -9999 -9999 -9999 -9999 -9999 -9999 -9999 -9999 -9999 -9999 -9999 -9999 -9999 -9999 -9999 -9999 -9999 -9999
-9999 -9999 7.1853 8.17896 9.00307 10.0099 10.8808 11.319 11.7448 11.7184 10.7962 10.3487 10.3158 9.69529 8.5967 7.90963 6.65278 5.343 5.8524 7.78657 6.93579 8.30811 8.19926 8.45696 7.55085 5.8348 3.53532 2.19895 1.53437 0.339338 -9999 -9999 -9999 -9999 -9999 -9999 -9999 -9999 -9999 -9999 -9999 -9999 -9999 -9999 -9999 -9999 -9999 -9999 -9999 -9999 -9999 -9999 -9999 -9999 -9999 -9999 -9999 -9999 -9999 -9999 -9999 -9999 -9999 -9999 -9999 -9999 -9999 -9999 -9999 -9999 -9999 -9999
-9999 -9999 -9999 8.01069 8.64114 9.98048 10.6834 10.9706 11.653 11.6619 11.3171 11.0583 10.6795 10.1825 9.35845 8.44854 7.2668 7.16336 8.40292 8.42472 8.17373 8.38283 9.02302 8.86275 7.45972 5.03243 3.75069 1.14653 0.0316994 0.153438 -0.634886 -9999 -9999 -9999 -9999 -9999 -9999 -9999 -9999 -9999 -9999 -9999 -9999 2.49853 -9999 -9999 -9999 -9999 -9999 -9999 -9999 -9999 -9999 -9999 -9999 -9999 -9999 -9999 -9999 -9999 -9999 -9999 -9999 -9999 -2.13094 -9999 -9999 -9999 -9999 -9999 -9999 -9999
-9999 -9999 7.8913 8.73488 9.39046 10.2333 10.3256 10.8342 11.6178 11.6367 11.3943 11.1192 10.4918 10.3413 9.87508 8.88655 8.68947 9.09928 9.29156 9.50869 9.64499 9.54648 9.29665 8.97184 8.07379 6.94981 6.1978 3.81537 2.61719 1.46642 -0.278924 -1.64289 -9999 -9999 -9999 -9999 -9999 -9999 -9999 1.56729 1.50931 1.54765 1.9393 3.0077 2.39177 -9999 -9999 -9999 -9999 -9999 -9999 -9999 -9999 -9999 -9999 -9999 -9999 -9999 -9999 -9999 -9999 -9999 -9999 -9999 -1.16091 -2.53408 -9999 -9999 -9999 -9999 -9999 -9999
-9999 -9999 8.13183 9.01512 9.46067 10.2799 10.7522 11.0711 11.348 11.6127 11.5769 11.2718 10.8037 10.8134 10.1654 9.81887 9.57325 10.1252 10.2395 10.0272 9.75934 9.52336 8.84367 8.77119 8.56041 7.84977 6.67856 5.4714 3.73232 1.36066 -0.965166 -2.83993 -9999 -9999 -9999 -9999 -9999 -9999 1.7703 2.65868 3.19384 2.07849 3.04496 3.92908 3.79665 2.95861 -9999 -9999 -9999 -9999 -9999 -9999 -9999 -9999 -9999 -9999 -9999 -9999 -9999 -9999 5.36654 3.95837 1.10731 -0.350809 -1.22289 -2.47082 -9999 -9999 -9999 -9999 -9999 -9999
-9999 -9999 7.96891 9.01098 9.71996 10.3503 10.4588 11.1089 11.3966 11.5424 11.5337 11.4789 11.3983 10.8336 10.5943 9.73711 10.5697 10.5448 10.3421 9.52082 9.16866 7.75418 7.1357 7.00835 8.2111 7.3352 5.49823 3.19992 0.441335 0.27026 -0.63941 -2.31429 -9999 -9999 -9999 -9999 -9999 -9999 2.05545 3.00512 3.7991 3.921 2.8126 4.37787 4.32978 3.46606 3.27607 3.99831 4.36818 4.10963 4.97254 5.22932 4.85113 5.27997 -9999 -9999 -9999 -9999 5.56212 5.62548 5.67489 5.09184 1.97653 -0.149009 -2.05696 -2.22544 -9999 -9999 -9999 -9999 -9999 -9999
-9999 -9999 8.6945 9.34006 9.6714 9.73325 10.3002 10.8703 11.2232 11.4803 11.4375 11.4244 11.4096 11.2208 10.7731 10.8611 10.8305 10.5717 9.00213 7.16916 7.97748 6.89355 4.56529 6.47531 7.52639 6.5331 4.30569 1.72161 0.88523 0.929788 -0.338045 -1.97227 -9999 -9999 -9999 -0.53007 0.826345 0.95058 1.35539 2.6196 3.58311 4.31238 4.81077 4.80517 4.29733 3.45277 2.53409 2.87222 4.54684 4.96096 5.31631 5.58218 5.23155 5.42344 5.87549 6.11204 6.16485 6.06601 6.04801 6.09041 6.04326 5.49943 2.71524 1.12367 0.110756 -1.92735 -9999 -9999 -9999 -9999 -9999 -9999
-9999 -9999 8.30597 8.8688 9.32662 10.0791 10.1676 10.6476 10.9394 11.3641 11.4186 10.9401 11.3484 11.3031 11.2343 11.0812 10.8538 9.52954 7.70214 5.87037 5.02831 5.3985 3.99951 4.73198 5.79697 5.42112 4.05765 1.75648 1.43881 0.913046 -1.22227 -3.2794 -9999 -9999 -3.14197 -0.545674 1.28441 2.23166 2.52979 2.56466 3.77674 3.87857 5.18331 4.88903 3.18323 3.38418 2.72665 3.16718 3.78543 3.96094 4.85037 5.70524 5.87186 5.8822 6.17233 6.23685 6.2579 6.25644 6.06995 6.16386 6.18333 5.84651 3.82952 2.84935 1.77053 -1.88975 -9999 -9999 -9999 -9999 -9999 -9999
-9999 -9999 8.5995 9.22767 9.91469 10.0344 10.5458 10.5044 10.3743 11.0822 11.347 11.0113 10.7712 11.2326 11.2072 11.1527 11.059 9.81474 8.37406 6.19016 4.83577 4.01182 3.42797 2.64896 3.19967 3.04148 2.82686 3.0909 2.46634 1.21059 -0.0373646 -2.3783 -3.64228 -9999 -2.98939 -1.8143 0.36088 2.21047 3.38708 2.97314 4.35039 4.61175 5.41108 4.95479 3.92298 3.48268 3.45101 3.32246 4.25364 4.8846 5.33289 5.633 6.00613 6.10546 6.20495 6.24996 6.27706 6.30431 6.30533 6.30381 6.26872 6.14582 5.22173 4.24474 2.12346 -1.75585 -9999 -9999 -9999 -9999 -9999 -9999
-9999 6.79664 8.53993 9.58697 9.99869 10.2987 10.5642 10.759 10.9654 11.156 11.2893 11.2439 10.3425 10.4229 10.5921 11.1133 11.0821 10.9747 10.1896 7.53082 6.61719 5.27821 3.54251 2.82413 3.19619 4.63304 4.57757 3.63984 2.59379 1.14677 0.228627 -1.20488 -3.96283 -3.70778 -2.45593 -1.5229 -0.0426783 2.21663 3.80243 4.5138 4.78683 5.35004 5.64624 5.01738 4.42168 4.17537 3.71216 3.65419 3.66634 4.23243 4.67763 5.65537 5.98814 6.14458 6.22692 6.2739 6.30952 6.34452 6.36033 6.34742 6.35416 6.35248 6.2913 4.98691 1.71394 -0.746981 -9999 -9999 -9999 -9999 -9999 -9999
-9999 -9999 8.23153 8.69801 8.82787 9.04721 9.48518 9.9883 10.6992 10.7982 11.1914 11.1976 10.4224 9.5248 10.318 10.6364 10.966 10.9813 10.8851 8.65184 7.4868 6.57131 4.90735 5.52016 6.10098 6.15285 5.81585 3.79589 1.78413 -0.534808 -2.70328 -2.80003 -3.96318 -3.33657 -2.5076 -0.389033 1.10368 1.71265 2.1519 4.44877 5.05184 5.26332 5.85706 5.06522 4.87273 4.28041 4.46779 4.42408 4.43644 2.78074 4.4612 4.56807 5.66378 6.16162 6.2795 6.31588 6.354 6.36491 6.37686 6.37751 6.39425 6.38439 6.37283 5.52738 1.37476 -0.704029 -9999 -9999 -9999 -9999 -9999 -9999
-9999 -9999 -9999 -9999 8.40969 8.7683 9.00192 9.39827 10.5932 10.921 11.1412 11.1672 10.8256 9.93767 9.70793 9.87749 9.0099 9.74579 10.7509 10.732 10.6172 8.65536 7.65771 8.6408 8.35267 6.88127 5.72521 4.5844 2.22779 0.506841 -1.97938 -3.84477 -3.90832 -1.83485 -0.111308 2.03234 2.98151 2.45061 3.03835 4.18254 5.48156 6.11354 5.97371 5.1386 5.03057 4.11266 5.03233 5.11939 4.705 4.34803 4.50455 5.05099 5.26421 6.12278 6.33588 6.37953 6.39198 6.4012 6.40315 6.40386 6.3995 6.39664 6.39109 6.35939 2.09069 -1.22615 -9999 -9999 -9999 -9999 -9999 -9999
-9999 -9999 -9999 -9999 7.60115 7.82394 8.39169 9.83259 10.5933 10.905 10.9035 11.0514 10.8127 10.032 9.22996 8.47334 7.49592 8.06376 9.55682 10.4397 10.5458 8.82689 9.73435 9.40616 8.75173 6.82485 5.40719 4.65977 2.39777 0.464228 -1.18716 -3.47063 -2.48366 -1.39777 -0.00523882 2.33331 3.91283 4.56529 4.02883 4.7626 6.25636 6.27186 5.4662 5.52708 5.04167 3.78415 5.11169 5.49193 5.20216 5.28896 5.18821 5.39692 5.76987 6.12653 6.36574 6.40361 6.41339 6.4114 6.41647 6.4229 6.41224 6.41958 6.414 6.39899 3.64621 -1.27656 -9999 -9999 -9999 -9999 -9999 -9999
-9999 -9999 -9999 -9999 -9999 6.87764 8.15934 10.0686 10.5515 10.5178 10.9185 10.9604 10.59 10.2688 9.29382 7.95903 5.38964 6.05131 7.42613 9.4063 10.4502 10.3171 9.74925 8.75469 6.33699 4.22242 3.97334 3.63458 1.98621 0.499683 -1.3371 -0.260788 0.917143 2.20479 2.88417 2.71548 4.06981 5.17511 4.71448 5.61311 6.66073 6.19595 5.92444 5.69822 5.13566 5.11012 5.17917 5.93726 5.42869 5.75643 5.7753 5.76591 5.95152 6.16349 6.38529 6.42697 6.43341 6.44253 6.42301 6.43734 6.43079 6.42473 6.42008 6.40817 6.16561 3.51834 1.93866 -9999 -9999 -9999 -9999 -9999
-9999 -9999 -9999 -9999 -9999 5.71793 6.36245 8.6216 9.32751 10.3303 10.8665 10.8988 10.2684 9.91995 8.46412 7.99568 5.61934 4.54699 5.46814 5.12401 7.84872 10.261 9.7469 4.89963 3.14942 1.90371 2.23469 2.24662 1.79419 -0.744101 -1.43888 0.851523 2.29613 3.41666 4.26794 4.45006 4.42686 6.15229 6.38719 6.95231 6.8376 6.89654 6.03595 5.50671 5.98588 5.45363 5.37046 6.1533 5.4011 6.09949 6.02911 5.83094 5.82837 6.28994 6.38898 6.44394 6.45285 6.44059 6.42303 6.41577 6.43633 6.43567 6.41707 6.42532 6.40795 6.10136 4.73469 4.26267 4.80389 -9999 -9999 -9999
-9999 -9999 -9999 -9999 -9999 -9999 4.27795 7.41338 8.85252 9.61183 10.6767 10.812 10.4808 9.87252 8.38945 7.08567 4.96208 2.53596 1.25485 5.1164 8.47847 10.2368 10.0162 5.9827 4.39603 4.33072 5.27898 4.49516 3.9028 1.97664 1.40572 0.608689 1.11196 2.67142 3.94576 5.1749 6.06998 6.1483 6.73106 7.06988 7.10376 7.21467 7.12012 7.04479 6.21688 6.80468 6.3229 6.59299 6.43471 6.29272 6.17342 5.70273 6.04964 6.35732 6.44178 6.472 6.45965 6.46088 6.45345 6.43055 6.42452 6.42877 6.43251 6.42411 6.43122 6.42586 6.28006 5.46126 4.36228 2.97159 -9999 -9999
-9999 -9999 -9999 -9999 -9999 -9999 2.72916 5.84905 7.35887 9.29686 10.2987 10.7095 10.6634 10.1718 9.04654 7.34932 5.93629 3.22736 0.414436 4.46751 8.08029 10.0326 10.1433 6.75719 7.70726 6.95486 7.27071 5.88629 5.31634 4.87008 3.87779 2.79161 1.6026 0.976511 3.82955 5.29736 6.47951 7.03989 7.35913 7.52145 7.44518 7.23927 5.98249 6.95406 6.91231 6.82511 6.72409 6.68004 6.58954 6.48123 6.42278 6.4066 6.09645 6.46501 6.46349 6.47442 6.4818 6.47778 6.46508 6.4546 6.44053 6.44756 6.4427 6.43719 6.43589 6.4411 6.43905 6.40189 6.1905 4.3199 3.20433 2.899
-9999 -9999 -9999 -9999 -9999 -9999 -1.62864 2.90547 6.5541 8.46174 10.0157 10.4479 10.6136 9.95183 9.45826 8.24346 7.09327 5.31558 2.64997 1.01121 4.04824 8.45914 10.0919 9.97555 9.88229 9.01089 8.2266 8.13519 8.2035 7.29193 5.95584 4.20614 3.6652 3.05596 5.18261 5.47624 5.32712 7.6641 7.67505 7.54827 6.66221 5.67256 5.86908 5.26038 5.74333 5.01486 5.7011 6.29564 6.52333 6.51413 6.44724 6.44636 6.41897 6.48877 6.49416 6.49012 6.4881 6.48939 6.48596 6.46411 6.45407 6.46941 6.45856 6.45131 6.44633 6.45427 6.45719 6.43164 6.40924 6.12849 5.70221 4.88386
-9999 -9999 -9999 -9999 -9999 -9999 -1.42139 2.3962 5.63278 7.57753 9.44673 9.886 10.5212 10.3922 9.875 8.81993 7.5001 6.03819 3.75227 2.05502 4.08773 7.01979 9.12083 9.88187 9.88392 9.84182 9.65123 9.57816 9.35497 9.20121 8.24446 6.59225 5.66125 4.29524 6.66455 6.93566 6.57175 7.75671 7.70312 5.92533 4.55994 4.39525 5.24162 4.45312 4.32252 3.83716 4.40538 5.91424 5.4854 5.58049 6.2715 6.39138 6.47073 6.49687 6.49857 6.50142 6.49569 6.50304 6.51022 6.489 6.48216 6.48174 6.46179 6.46545 6.45436 6.45115 6.44823 6.43805 6.41817 6.34398 6.26203 6.36629
-9999 -9999 -9999 -9999 -9999 -9999 -1.33272 1.23922 4.15244 7.0118 9.00727 9.81639 10.4072 10.4075 9.80534 9.284 8.45894 7.17358 6.29388 4.76231 2.65826 6.20337 7.2972 8.27611 8.69196 9.70954 9.69309 9.2388 8.7133 9.21927 9.08047 7.77383 7.3486 6.6257 7.94619 7.9552 7.92445 7.8596 6.35849 4.26989 2.60181 3.81266 3.56747 4.13116 2.42728 3.84565 4.98833 5.36471 4.60426 4.04045 5.82007 6.12131 6.3027 6.42118 6.50105 6.48957 6.51365 6.50909 6.50963 6.50961 6.50018 6.49685 6.48754 6.47812 6.47214 6.47101 6.45854 6.44141 6.44778 6.4131 6.40375 6.39808
-9999 -9999 -9999 -9999 -9999 -9999 -9999 -0.260508 3.4302 6.72582 8.56381 9.72217 10.2899 10.2863 9.98147 9.62942 9.12009 8.19444 7.03018 5.18704 3.82059 4.69883 5.77088 5.90132 6.61624 8.67502 9.38359 8.39853 5.95424 7.41163 9.03492 9.01557 8.88434 8.73652 8.54457 8.3726 7.9891 6.95207 3.76328 3.14123 1.89417 2.0429 1.40662 2.82183 2.30634 3.75651 4.38953 4.63351 3.30783 3.60116 5.17725 5.80502 5.70927 6.09698 6.46774 6.48615 6.50286 6.4996 6.51347 6.52238 6.52239 6.51168 6.50601 6.50376 6.48382 6.49714 6.38608 6.31681 6.16841 6.37017 6.39679 6.41861
-9999 -9999 -9999 -9999 -9999 -9999 -9999 -0.982356 2.70055 6.58017 7.83074 9.07887 10.1568 10.1843 9.71519 9.26919 8.80953 8.28532 6.87195 5.50169 4.19394 3.75952 4.03126 4.02308 5.17479 7.85441 8.37947 8.16654 5.61438 4.7536 6.9197 8.74111 8.89061 8.73253 6.60339 7.06438 5.91849 4.36218 3.93828 3.26062 1.82185 2.5239 1.47209 1.93279 1.82555 2.65198 3.05894 4.04071 2.88616 2.90261 4.45038 5.23397 5.26074 6.08243 6.37983 6.46275 6.48856 6.50885 6.51885 6.53817 6.53725 6.532 6.52304 6.49127 6.40593 6.13117 4.5973 4.60727 5.0395 5.44904 6.19039 6.40518
-9999 -9999 -9999 -9999 -9999 -9999 -9999 -0.547623 2.0102 5.4533 8.00547 8.17241 9.41653 10.0619 9.55119 8.9753 8.38588 8.13178 6.5931 4.9024 3.53776 1.92142 2.19572 3.36821 5.28718 7.02063 7.3368 6.98759 5.62557 6.28191 7.7613 8.54996 8.78715 8.61214 8.15341 7.89093 7.04881 6.68732 5.51534 3.67943 2.96022 3.42627 1.47726 1.62081 2.35106 1.59765 2.87173 3.48549 1.99204 3.19795 4.56608 5.26914 5.88463 6.17971 6.30154 6.48444 6.49592 6.51747 6.53223 6.53636 6.54302 6.52131 6.50463 6.34761 6.11281 4.6797 4.0944 4.22008 4.89401 5.48519 6.10879 6.36619
-9999 -9999 -9999 -9999 -9999 -9999 -9999 -0.103401 2.20007 5.18626 7.0078 7.33933 8.7182 9.94493 9.81514 9.21575 9.03764 8.41615 7.11222 5.67138 4.09603 3.33371 1.57249 3.32032 4.71045 6.17943 6.87062 5.75416 5.19418 6.20537 7.21059 7.61612 8.63105 8.62805 8.30591 6.89562 6.21114 6.50945 6.21899 5.70562 4.44405 4.39414 3.5863 3.25577 2.94412 1.92366 2.59141 2.66498 2.85454 4.29631 5.01188 5.48878 5.92311 6.04244 6.23523 6.48315 6.51129 6.52677 6.53245 6.54371 6.53276 6.47105 6.42019 6.09721 5.52014 4.43728 2.68575 3.93907 5.24936 5.6484 6.03816 6.24232
-9999 -9999 -9999 -9999 -9999 -9999 -9999 -0.485099 1.96122 4.51424 5.58561 5.77312 8.26311 9.79024 9.79936 9.51862 9.18961 7.64505 7.7426 7.43897 6.01856 3.94662 1.6705 1.89162 3.26277 5.20212 5.84813 3.99385 3.34116 3.83352 5.34988 6.70786 8.12539 8.49034 8.08293 5.88413 3.54703 4.6404 5.80823 5.80829 5.4741 4.30475 3.93807 3.6069 2.75588 1.31366 1.5383 1.94968 3.58845 4.10971 4.91093 5.57755 5.33629 5.48888 6.12664 6.49552 6.51611 6.52943 6.54817 6.54666 6.53187 6.40228 6.26471 6.0292 4.51318 3.5733 2.20656 3.82142 4.71701 5.20386 6.05678 6.2658
-9999 -9999 -9999 -9999 -9999 -9999 -9999 -1.23068 0.546332 2.98667 3.97417 5.54524 7.89856 9.05932 9.61909 9.61338 9.39625 8.70822 8.29719 7.48093 6.00306 3.97989 1.73027 0.268235 1.02198 3.63226 4.25698 2.54476 1.67609 2.77364 4.38911 6.77775 8.14532 8.33568 8.21913 7.77088 6.06635 4.0056 4.01916 5.06257 4.2017 3.20013 3.76152 3.6658 2.82558 2.21642 1.85557 2.10114 3.03805 3.42827 4.35261 5.7133 5.9144 5.88317 6.46006 6.4956 6.51586 6.54426 6.55044 6.55205 6.5418 6.43746 6.19521 5.18846 4.31154 3.08884 2.9441 4.38703 5.02206 5.61387 6.03606 6.1786
-9999 -9999 -9999 -9999 -9999 -9999 -9999 -2.52125 -0.431945 1.85435 3.99546 6.02146 7.76601 7.9068 8.82991 8.8352 9.32193 9.19083 8.55355 7.86714 6.59475 3.99388 1.80801 -0.576436 0.060897 2.72063 3.08156 1.93478 -0.189894 2.01797 4.45202 6.65859 7.85609 6.92904 7.89239 7.82029 7.18569 5.9616 4.05473 4.09756 2.67032 2.61472 3.35804 3.60404 3.48843 3.03294 2.30512 2.4475 3.02037 3.17082 4.02082 5.07796 6.11157 6.29118 6.49403 6.50947 6.51964 6.54257 6.55154 6.53706 6.49149 6.38211 5.53926 4.53562 3.92019 3.07053 2.97394 4.63203 5.30333 5.67919 6.04495 6.19377
-9999 -9999 -9999 -9999 -9999 -9999 -9999 -9999 -0.636048 1.72553 3.47467 3.95037 5.50165 6.34221 6.9941 7.14355 8.99195 9.09994 8.6983 8.06834 6.98412 5.01217 3.64031 1.35345 -0.28835 0.402323 0.730315 1.34309 1.17127 2.15966 4.49885 6.93556 7.20719 5.66993 5.905 6.23445 6.96482 6.60409 4.00348 2.68549 1.59268 2.38051 3.20902 3.41481 3.46165 3.31023 3.14172 2.84226 3.94856 4.76902 4.96476 5.68094 6.2115 6.36313 6.47906 6.4995 6.52016 6.52735 6.50385 6.48875 6.36444 6.07716 5.13359 2.85441 2.96845 2.72849 2.02466 3.64345 4.67699 5.59245 6.08234 6.21424
-9999 -9999 -9999 -9999 -9999 -9999 -9999 -9999 -1.41073 1.32049 1.90242 1.86598 0.970133 1.39171 4.74243 5.42218 7.19507 8.8742 8.75786 8.13997 7.126 5.95429 4.13659 1.56381 -0.479036 -1.32973 0.885989 3.06022 3.5143 4.2126 5.6485 5.92665 4.35541 2.8823 3.71936 4.22609 6.13893 6.4933 6.12923 4.56494 2.77552 1.84469 2.9582 3.113 3.18635 3.20649 3.18304 3.15134 4.40337 5.0962 5.57894 5.84496 6.30146 6.42348 6.46727 6.50889 6.50774 6.49154 6.42756 6.35388 6.00553 5.5824 4.03233 2.74129 1.93903 0.918765 3.24234 3.94024 4.90741 5.53437 6.02173 6.13424
