Test_Spring_2018b/12_17/Temp/20171231_015.txt
ncols	170
nrows	115
xllcorner	350000.000000
yllcorner	4445000.000000
cellsize	1000.000000
nodata_value	-9999.000000
[rows 32 to 63 of 115, columns 72 to 143 of 170]
9.78747 9.56305 9.91661 10.2422 10.0423 9.911 10.4399 10.4426 10.2643 9.84171 9.68891 9.53058 9.4352 8.89309 7.36489 5.98783 6.73264 6.75489 6.24781 7.17056 6.69061 5.4307 3.65011 4.62571 4.37818 3.11164 2.80701 -9999 -9999 -9999 -9999 -9999 -9999 -9999 -9999 -9999 -9999 -9999 -9999 -9999 -9999 -9999 -9999 -9999 -9999 -9999 -9999 -9999 -9999 -9999 -9999 -9999 -9999 -9999 -9999 -9999 -9999 -9999 -9999 -9999 -9999 -9999 -9999 -9999 -9999 -9999 -9999 -9999 -9999 -9999 -9999 -9999
9.48569 9.39097 9.91536 9.907 9.87498 10.0593 10.3871 10.4557 10.3881 10.2056 10.0483 9.881 9.45098 8.83024 7.52298 5.95492 5.60284 6.37712 6.41883 6.54738 6.1104 5.56029 4.69693 5.41305 5.69423 4.86395 3.77966 3.08024 -9999 -9999 -9999 -9999 -9999 -9999 -9999 -9999 -9999 -9999 -9999 -9999 -9999 -9999 -9999 -9999 -9999 -9999 -9999 -9999 -9999 -9999 -9999 -9999 -9999 -9999 -9999 -9999 -9999 -9999 -9999 -9999 -9999 -9999 -9999 -9999 -9999 -9999 -9999 -9999 -9999 -9999 -9999 -9999
9.12544 8.62241 8.9396 9.17832 9.61289 9.72121 9.78955 10.4147 10.3849 10.3593 10.0971 9.8883 9.54012 8.94285 8.09095 7.06453 5.27422 6.38566 7.25709 7.23978 7.19726 6.81336 5.98409 6.68704 6.72479 5.66601 4.45426 3.74792 3.45897 -9999 -9999 -9999 -9999 -9999 -9999 -9999 -9999 -9999 -9999 -9999 -9999 -9999 -9999 -9999 -9999 -9999 -9999 -9999 -9999 -9999 -9999 -9999 -9999 -9999 -9999 -9999 -9999 -9999 -9999 -9999 -9999 -9999 -9999 -9999 -9999 -9999 -9999 -9999 -9999 -9999 -9999 -9999
8.71572 8.10066 8.4198 8.84458 9.43934 9.74432 9.97814 10.1671 10.36 10.3408 10.0723 9.2728 9.16196 9.13129 8.57557 7.40479 6.2357 5.93638 7.26325 7.64655 7.5744 7.87459 7.17288 7.51182 7.37982 7.01065 5.8449 4.78604 4.35248 3.49042 -9999 -9999 -9999 -9999 -9999 -9999 -9999 -9999 -9999 -9999 -9999 -9999 -9999 -9999 -9999 -9999 -9999 -9999 -9999 -9999 -9999 -9999 -9999 -9999 -9999 -9999 -9999 -9999 -9999 -9999 -9999 -9999 -9999 -9999 -9999 -9999 -9999 -9999 -9999 -9999 -9999 -9999
-9999 -9999 7.71723 8.29108 8.76477 9.34873 9.84997 10.1048 10.3525 10.336 9.79579 9.53352 9.51412 9.15125 8.50906 8.10778 7.37344 6.60829 6.90726 8.03962 7.54311 8.34685 8.28424 8.43595 7.90689 6.89802 5.54946 4.76299 4.37562 3.67801 -9999 -9999 -9999 -9999 -9999 -9999 -9999 -9999 -9999 -9999 -9999 -9999 -9999 -9999 -9999 -9999 -9999 -9999 -9999 -9999 -9999 -9999 -9999 -9999 -9999 -9999 -9999 -9999 -9999 -9999 -9999 -9999 -9999 -9999 -9999 -9999 -9999 -9999 -9999 -9999 -9999 -9999
-9999 -9999 -9999 8.18828 8.54876 9.32987 9.72992 9.89615 10.2938 10.2977 10.0951 9.94318 9.72136 9.43072 8.94913 8.41758 7.72726 7.66778 8.39393 8.40786 8.26225 8.38571 8.76124 8.6685 7.84916 6.42418 5.67557 4.14299 3.49219 3.56467 3.10492 -9999 -9999 -9999 -9999 -9999 -9999 -9999 -9999 -9999 -9999 -9999 -9999 4.96253 -9999 -9999 -9999 -9999 -9999 -9999 -9999 -9999 -9999 -9999 -9999 -9999 -9999 -9999 -9999 -9999 -9999 -9999 -9999 -9999 2.3058 -9999 -9999 -9999 -9999 -9999 -9999 -9999
-9999 -9999 8.12174 8.60185 8.98277 9.47314 9.52218 9.81143 10.268 10.2776 10.1347 9.9731 9.60578 9.51785 9.24557 8.66812 8.55383 8.79468 8.90843 9.03676 9.11779 9.06142 8.91644 8.72748 8.19746 7.54109 7.1022 5.70535 4.99989 4.328 3.30841 2.51197 -9999 -9999 -9999 -9999 -9999 -9999 -9999 4.40446 4.37293 4.39781 4.62941 5.2569 4.8993 -9999 -9999 -9999 -9999 -9999 -9999 -9999 -9999 -9999 -9999 -9999 -9999 -9999 -9999 -9999 -9999 -9999 -9999 -9999 2.87352 2.07282 -9999 -9999 -9999 -9999 -9999 -9999
-9999 -9999 8.24805 8.76194 9.01961 9.49576 9.76908 9.94493 10.1048 10.2579 10.2357 10.0564 9.78216 9.78794 9.40938 9.20755 9.06503 9.3892 9.45752 9.33485 9.17964 9.04298 8.64666 8.60531 8.47764 8.06293 7.37872 6.67342 5.64761 4.26152 2.90232 1.80702 -9999 -9999 -9999 -9999 -9999 -9999 4.51626 5.03832 5.3539 4.70423 5.27229 5.79227 5.71777 5.23189 -9999 -9999 -9999 -9999 -9999 -9999 -9999 -9999 -9999 -9999 -9999 -9999 -9999 -9999 6.68343 5.86173 4.1961 3.34527 2.83736 2.10984 -9999 -9999 -9999 -9999 -9999 -9999
-9999 -9999 8.1495 8.75582 9.16712 9.53232 9.59232 9.96344 10.1277 10.211 10.2043 10.1713 10.1237 9.79348 9.65409 9.1537 9.64199 9.62896 9.5121 9.03345 8.82913 8.00331 7.64288 7.56446 8.26893 7.75746 6.68372 5.34003 3.72181 3.61914 3.08811 2.10962 -9999 -9999 -9999 -9999 -9999 -9999 4.67829 5.23636 5.70352 5.77772 5.13246 6.05112 6.02728 5.52571 5.4183 5.84453 6.06475 5.91713 6.42309 6.57721 6.35988 6.61443 -9999 -9999 -9999 -9999 6.7942 6.83333 6.86412 6.52487 4.70452 3.46318 2.34929 2.2528 -9999 -9999 -9999 -9999 -9999 -9999
-9999 -9999 8.57078 8.94472 9.13462 9.16679 9.49443 9.81842 10.0207 10.1692 10.1425 10.1337 10.1246 10.0143 9.75311 9.80573 9.78941 9.63989 8.72383 7.65377 8.12847 7.4951 6.12953 7.24843 7.86412 7.28386 5.9816 4.47059 3.97662 4.00029 3.25963 2.30655 -9999 -9999 -9999 3.15577 3.95119 4.0262 4.26557 5.00783 5.57442 6.00236 6.29714 6.29578 6.00487 5.51483 4.98155 5.18347 6.16716 6.41365 6.62303 6.78282 6.58191 6.70039 6.96836 7.11 7.14385 7.08868 7.08047 7.10732 7.08161 6.76529 5.13627 4.2071 3.6166 2.43001 -9999 -9999 -9999 -9999 -9999 -9999
-9999 -9999 8.33852 8.66379 8.92739 9.36388 9.41135 9.6881 9.85026 10.0953 10.1252 9.84405 10.0823 10.0559 10.0165 9.92825 9.79706 9.02463 7.95808 6.88897 6.39862 6.61276 5.79593 6.2261 6.84993 6.6291 5.83346 4.48778 4.30208 3.99047 2.73952 1.53711 -9999 -9999 1.62108 3.14138 4.21386 4.77032 4.94742 4.97083 5.68301 5.74602 6.51276 6.34316 5.35159 5.47333 5.09128 5.35343 5.72266 5.82975 6.3544 6.85631 6.95797 6.96801 7.14143 7.18256 7.19789 7.19967 7.09286 7.14975 7.16288 6.96752 5.78946 5.21794 4.58904 2.45335 -9999 -9999 -9999 -9999 -9999 -9999
-9999 -9999 8.50608 8.86923 9.26659 9.33206 9.62673 9.59874 9.51402 9.92498 10.0771 9.87934 9.73828 10.0083 9.99429 9.96394 9.91118 9.18584 8.34576 7.07097 6.2812 5.79759 5.45759 5.00476 5.32786 5.236 5.1108 5.26528 4.89822 4.15963 3.43001 2.05928 1.32079 -9999 1.70508 2.3941 3.66843 4.75272 5.44375 5.20481 6.0138 6.17036 6.64064 6.3778 5.78063 5.53061 5.51673 5.44617 5.9954 6.36787 6.63479 6.81486 7.03534 7.0976 7.15964 7.18944 7.20833 7.22687 7.22968 7.23066 7.21176 7.1414 6.60245 6.03287 4.7941 2.53007 -9999 -9999 -9999 -9999 -9999 -9999
-9999 7.45643 8.46828 9.07594 9.31179 9.48223 9.63256 9.74175 9.85407 9.96224 10.0376 10.0092 9.48128 9.5285 9.62843 9.93498 9.91903 9.8589 9.40252 7.85024 7.31549 6.5351 5.52161 5.10325 5.32183 6.16278 6.13051 5.58189 4.96965 4.11924 3.58064 2.74238 1.12836 1.27847 2.01193 2.55933 3.42719 4.75117 5.68164 6.10103 6.26437 6.59676 6.77408 6.41338 6.07152 5.93239 5.6664 5.63739 5.64934 5.9852 6.25039 6.82607 7.02512 7.11915 7.17124 7.20223 7.2261 7.24914 7.26053 7.25475 7.26023 7.26067 7.22653 6.46523 4.5526 3.11787 -9999 -9999 -9999 -9999 -9999 -9999
-9999 -9999 8.28482 8.55251 8.62309 8.74593 8.99672 9.28586 9.69309 9.74746 9.97478 9.97644 9.52216 8.99738 9.46241 9.65048 9.8458 9.8576 9.80442 8.49967 7.82076 7.28749 6.31603 6.67628 7.01692 7.04773 6.85067 5.66888 4.49159 3.13116 1.86251 1.80568 1.12441 1.4907 1.97674 3.2175 4.09266 4.45142 4.71137 6.05824 6.41409 6.54378 6.89575 6.43749 6.33168 5.99045 6.10524 6.08482 6.0971 5.13364 6.12149 6.1886 6.83379 7.12864 7.2003 7.22509 7.2504 7.2593 7.26837 7.27046 7.28171 7.27747 7.27192 6.77901 4.35208 3.14072 -9999 -9999 -9999 -9999 -9999 -9999
-9999 -9999 -9999 -9999 8.37461 8.57859 8.70956 8.93597 9.62621 9.81423 9.94023 9.95355 9.75287 9.2336 9.1004 9.20158 8.69678 9.13046 9.72046 9.71229 9.64779 8.50262 7.92134 8.49777 8.33016 7.46996 6.79373 6.126 4.74684 3.73611 2.28144 1.18996 1.1526 2.36553 3.37365 4.62902 5.18627 4.87836 5.22523 5.89856 6.66259 7.03686 6.95999 6.47667 6.42043 5.88901 6.43232 6.48857 6.25141 6.04768 6.1443 6.46856 6.5976 7.10374 7.23197 7.2601 7.27035 7.27823 7.28139 7.28347 7.28234 7.28199 7.28014 7.26318 4.76838 2.83283 -9999 -9999 -9999 -9999 -9999 -9999
-9999 -9999 -9999 -9999 7.89781 8.02219 8.34844 9.18563 9.62184 9.80042 9.7966 9.8812 9.7407 9.28428 8.81635 8.37589 7.80677 8.14183 9.01815 9.5375 9.60229 8.59928 9.13231 8.9418 8.55994 7.4333 6.604 6.16627 4.84232 3.70722 2.74071 1.40458 1.98153 2.61674 3.43185 4.80078 5.7267 6.11112 5.80058 6.23364 7.11171 7.12557 6.65944 6.70035 6.42352 5.69363 6.47565 6.70349 6.53931 6.5952 6.5414 6.66811 6.89054 7.10308 7.2465 7.27177 7.28006 7.28133 7.28631 7.29172 7.28692 7.29257 7.29074 7.2836 5.67549 2.80063 -9999 -9999 -9999 -9999 -9999 -9999
-9999 -9999 -9999 -9999 -9999 7.46482 8.20864 9.3198 9.59355 9.57009 9.8016 9.82419 9.60671 9.41904 8.84998 8.07134 6.57117 6.96113 7.76833 8.92952 9.54286 9.46737 9.13754 8.55729 7.14411 5.90769 5.76185 5.56311 4.59803 3.72437 2.64936 3.27828 3.96688 4.72005 5.11801 5.02061 5.81476 6.46394 6.19787 6.72742 7.34463 7.07768 6.92407 6.79717 6.4753 6.46606 6.51208 6.96097 6.66884 6.86565 6.88178 6.88088 6.99366 7.12149 7.25465 7.28207 7.28851 7.29619 7.28678 7.29685 7.29452 7.29241 7.29121 7.28597 7.14615 5.60222 4.6815 -9999 -9999 -9999 -9999 -9999
-9999 -9999 -9999 -9999 -9999 6.78277 7.15409 8.47006 8.87435 9.45726 9.76809 9.78517 9.41567 9.21216 8.36158 8.08967 6.70239 6.07805 6.61986 6.42155 8.01794 9.43121 9.13282 6.29917 5.27642 4.5482 4.74166 4.74807 4.48251 2.99369 2.58666 3.92571 4.77031 5.42575 5.92427 6.03215 6.02058 7.03263 7.1731 7.50761 7.44502 7.48441 6.9863 6.6822 6.96964 6.66404 6.62101 7.08435 6.64967 7.0632 7.02706 6.91564 6.91825 7.19195 7.25323 7.28836 7.2962 7.29138 7.28325 7.28059 7.29421 7.29538 7.28615 7.29282 7.28482 7.11 6.3139 6.04146 6.36203 -9999 -9999 -9999
-9999 -9999 -9999 -9999 -9999 -9999 5.93161 7.76042 8.59372 9.03446 9.65468 9.73215 9.53678 9.18156 8.31544 7.55486 6.31531 4.89914 4.15261 6.41406 8.38316 9.41391 9.28717 6.92945 6.00237 5.96461 6.51919 6.06027 5.71299 4.5822 4.24772 3.78107 4.07518 4.98704 5.73378 6.45392 6.97946 7.02813 7.37266 7.57388 7.59817 7.66794 7.61783 7.57917 7.10207 7.45149 7.17523 7.33857 7.25115 7.17303 7.10816 6.83721 7.0441 7.22768 7.28034 7.30093 7.29633 7.29942 7.29728 7.286 7.28356 7.28776 7.29175 7.28882 7.29524 7.29672 7.21471 6.73942 6.10058 5.29142 -9999 -9999
-9999 -9999 -9999 -9999 -9999 -9999 5.02267 6.84283 7.71767 8.84811 9.42933 9.66894 9.64176 9.35476 8.69782 7.707 6.88288 5.30114 3.65872 6.03176 8.14737 9.2915 9.35805 7.37941 7.93607 7.49652 7.68132 6.87126 6.53726 6.27208 5.69132 5.05571 4.35955 3.99495 5.66432 6.52413 7.21762 7.54822 7.73856 7.83782 7.7971 7.68022 6.95024 7.52378 7.50639 7.46087 7.40716 7.3866 7.33866 7.28007 7.25066 7.24538 7.06783 7.28709 7.28917 7.29844 7.30538 7.30545 7.30029 7.29638 7.29037 7.29651 7.2942 7.29311 7.29472 7.30251 7.30457 7.2864 7.1666 6.07662 5.42843 5.2559
-9999 -9999 -9999 -9999 -9999 -9999 2.47093 5.11876 7.24141 8.35481 9.26251 9.5144 9.61112 9.22459 8.93706 8.22826 7.55771 6.52043 4.96397 4.00809 5.78641 8.36843 9.32513 9.25892 9.2054 8.69633 8.23781 8.1842 8.22372 7.68644 6.90391 5.88052 5.56616 5.21015 6.45482 6.62797 6.54286 7.91256 7.92251 7.85254 7.33902 6.76401 6.88431 6.53113 6.82048 6.39968 6.80623 7.15897 7.29695 7.29614 7.26163 7.26538 7.25307 7.29702 7.30328 7.30376 7.30521 7.30843 7.30879 7.29833 7.29479 7.30617 7.30198 7.30039 7.29755 7.30707 7.31201 7.30055 7.29117 7.1309 6.88568 6.41296
-9999 -9999 -9999 -9999 -9999 -9999 2.58592 4.80995 6.7004 7.83627 8.9282 9.18441 9.55581 9.48091 9.17948 8.56397 7.79401 6.94122 5.60662 4.61633 5.80752 7.52396 8.75454 9.20149 9.20369 9.17977 9.06865 9.02522 8.89446 8.80032 8.24084 7.27706 6.73279 5.93438 7.32116 7.48126 7.27057 7.96644 7.93854 6.90276 6.10867 6.01722 6.51591 6.06001 5.99063 5.70864 6.04592 6.93323 6.68711 6.74717 7.15586 7.22986 7.27954 7.29811 7.30215 7.30664 7.30594 7.31276 7.3194 7.30941 7.30785 7.3101 7.30104 7.30545 7.30183 7.30521 7.30358 7.30101 7.29297 7.25333 7.21341 7.28007
-9999 -9999 -9999 -9999 -9999 -9999 2.63582 4.13067 5.83242 7.50359 8.66967 9.1424 9.48795 9.48871 9.13753 8.83407 8.35332 7.6036 7.09127 6.19768 4.96916 7.04459 7.68543 8.25979 8.50354 9.09941 9.09018 8.8246 8.51295 8.80923 8.73118 7.96732 7.71913 7.29712 8.07064 8.07757 8.0618 8.02664 7.15201 5.93426 4.9629 5.67572 5.53715 5.87026 4.88041 5.71507 6.38845 6.61339 6.16904 5.84351 6.88878 7.06836 7.1779 7.2504 7.3001 7.2962 7.31295 7.31285 7.31568 7.31817 7.31517 7.31579 7.31299 7.31023 7.3091 7.31375 7.30979 7.30807 7.3153 7.29446 7.29247 7.29478
-9999 -9999 -9999 -9999 -9999 -9999 -9999 3.25133 5.40837 7.33464 8.40879 9.08591 9.41803 9.41648 9.23917 9.03461 8.73836 8.19883 7.51986 6.44383 5.64655 6.16201 6.78995 6.86801 7.28724 8.49221 8.90721 8.33141 6.8971 7.75324 8.70324 8.69254 8.61656 8.53114 8.42067 8.32188 8.09983 7.49604 5.63418 5.27364 4.54834 4.63973 4.27219 5.10298 4.80809 5.66117 6.03617 6.18344 5.41239 5.58864 6.51366 6.88424 6.83139 7.06109 7.27739 7.29096 7.30342 7.30411 7.31479 7.32255 7.32513 7.32515 7.32475 7.32642 7.31745 7.33066 7.26904 7.23186 7.14839 7.2697 7.28853 7.30795
-9999 -9999 -9999 -9999 -9999 -9999 -9999 2.82647 4.9793 7.24752 7.97841 8.70826 9.33897 9.35565 9.08222 8.82265 8.55533 8.25045 7.42561 6.62602 5.86295 5.61055 5.77101 5.76731 6.44207 8.01027 8.31811 8.19412 6.70017 6.19756 7.46532 8.53153 8.62001 8.5288 7.28505 7.55659 6.88868 5.98115 5.73637 5.34355 4.5059 4.92066 4.3098 4.5837 4.52555 5.01353 5.25606 5.83462 5.16348 5.17773 6.08597 6.54763 6.5664 7.04993 7.22666 7.27785 7.29558 7.31006 7.31855 7.33253 7.33473 7.33445 7.33206 7.31636 7.26937 7.11128 6.21968 6.22867 6.48462 6.72728 7.16688 7.29637
-9999 -9999 -9999 -9999 -9999 -9999 -9999 3.07784 4.57306 6.58634 8.07882 8.17652 8.90457 9.28271 8.98501 8.64942 8.30613 8.15912 7.26087 6.27374 5.47728 4.53352 4.69544 5.38254 6.50586 7.52076 7.70657 7.50307 6.70553 7.09051 7.95688 8.41931 8.55932 8.45842 8.19184 8.04034 7.55015 7.34143 6.65901 5.5886 5.17161 5.4481 4.31221 4.40034 4.83167 4.39538 5.14485 5.50797 4.63844 5.34763 6.15133 6.56582 6.92891 7.10443 7.17849 7.28818 7.29755 7.31279 7.32406 7.32914 7.33572 7.32575 7.31874 7.22966 7.09512 6.25969 5.92244 5.99892 6.39606 6.74477 7.11656 7.2698
-9999 -9999 -9999 -9999 -9999 -9999 -9999 3.33463 4.68148 6.42787 7.49332 7.68752 8.49456 9.21285 9.13797 8.78863 8.68587 8.3239 7.56286 6.72178 5.80199 5.35768 4.32903 5.35266 6.16669 7.02701 7.43229 6.77828 6.4521 7.04485 7.63412 7.8727 8.46782 8.46773 8.28118 7.45844 7.0605 7.23766 7.07075 6.77373 6.03934 6.01383 5.54516 5.35577 5.17746 4.58469 4.97933 5.02633 5.14034 5.98804 6.40999 6.69216 6.94927 7.022 7.13757 7.28531 7.30443 7.31612 7.32207 7.33127 7.32749 7.29402 7.26691 7.08063 6.74573 6.115 5.09549 5.83131 6.60045 6.8379 7.0716 7.19356
-9999 -9999 -9999 -9999 -9999 -9999 -9999 3.10821 4.539 6.03237 6.65933 6.76953 8.22662 9.12075 9.12719 8.96424 8.7732 7.8713 7.92992 7.75391 6.92469 5.71436 4.38454 4.51524 5.31873 6.45371 6.8327 5.74743 5.36721 5.6567 6.54514 7.34101 8.1718 8.38709 8.15082 6.86697 5.50246 6.14462 6.83058 6.83373 6.64159 5.96113 5.75029 5.56032 5.06634 4.22791 4.36193 4.60638 5.5687 5.87709 6.34907 6.74218 6.60414 6.69633 7.07218 7.29067 7.30538 7.31579 7.32933 7.33101 7.32489 7.25161 7.17364 7.03837 6.15412 5.60682 4.81233 5.75928 6.28565 6.57756 7.07881 7.20345
-9999 -9999 -9999 -9999 -9999 -9999 -9999 2.66886 3.70853 5.13631 5.71449 6.63415 8.01148 8.69145 9.02005 9.01802 8.89243 8.49149 8.25261 7.77673 6.91387 5.73205 4.41772 3.56399 4.00618 5.53389 5.90352 4.89864 4.39224 5.03588 5.98248 7.38135 8.1831 8.29643 8.23039 7.97049 6.976 5.77334 5.7841 6.39739 5.89705 5.31457 5.64636 5.59392 5.10609 4.75344 4.54614 4.69264 5.2452 5.47688 6.02085 6.8199 6.9406 6.92529 7.26555 7.28908 7.3036 7.3228 7.32894 7.33236 7.32879 7.27015 7.1308 6.54426 6.03361 5.3207 5.23824 6.0869 6.46205 6.81381 7.06295 7.14853
-9999 -9999 -9999 -9999 -9999 -9999 -9999 1.91067 3.13332 4.47129 5.72446 6.91042 7.93188 8.01543 8.55665 8.56111 8.84724 8.77205 8.40083 8.00088 7.25819 5.73846 4.46143 3.06821 3.44236 4.99946 5.20954 4.54061 3.29974 4.59294 6.01848 7.31102 8.01345 7.47335 8.03903 7.99921 7.63053 6.9172 5.80466 5.83263 5.0009 4.97157 5.40962 5.55691 5.49276 5.22987 4.80881 4.89372 5.23341 5.32482 5.82529 6.44682 7.05446 7.1625 7.28401 7.29579 7.30439 7.32036 7.32807 7.32198 7.29763 7.23589 6.74507 6.16016 5.80225 5.30731 5.25278 6.2271 6.6232 6.84842 7.06434 7.1534
-9999 -9999 -9999 -9999 -9999 -9999 -9999 -9999 3.01082 4.3931 5.41725 5.69668 6.60528 7.09827 7.48096 7.56983 8.65244 8.71711 8.48372 8.11678 7.48414 6.33225 5.53134 4.19522 3.23638 3.64438 3.83294 4.19325 4.09469 4.67477 6.04496 7.47225 7.63329 6.73639 6.8762 7.07129 7.50098 7.2926 5.77425 5.00621 4.36998 4.83384 5.3216 5.44525 5.47602 5.39091 5.29574 5.12439 5.77492 6.25821 6.37605 6.79818 7.11165 7.20336 7.27407 7.28879 7.30352 7.31024 7.29888 7.29232 7.22177 7.05581 6.50589 5.17471 5.24323 5.10465 4.69471 5.64472 6.25685 6.79402 7.08231 7.16126
-9999 -9999 -9999 -9999 -9999 -9999 -9999 -9999 2.55453 4.15326 4.49496 4.47505 3.95253 4.20061 6.16194 6.56107 7.59957 8.58323 8.51672 8.15685 7.56529 6.88146 5.81977 4.31645 3.12308 2.62498 3.92287 5.19621 5.46383 5.87435 6.71634 6.88124 5.96451 5.10523 5.59721 5.89604 7.01735 7.2272 7.01693 6.10475 5.061 4.51953 5.1739 5.26763 5.31385 5.32903 5.31761 5.30452 6.03962 6.4483 6.73405 6.89296 7.16318 7.23764 7.26621 7.29334 7.2953 7.2883 7.25319 7.21224 7.0105 6.76488 5.86001 5.10655 4.63888 4.04364 5.40413 5.81525 6.38795 6.75631 7.04287 7.11024
