Test_Spring_2018b/12_17/Temp/20171206_006.txt
ncols	170
nrows	115
xllcorner	350000.000000
yllcorner	4445000.000000
cellsize	1000.000000
nodata_value	-9999.000000
[rows 31 to 61 of 115, columns 70 to 139 of 170]
3.21703 3.85156 4.0866 3.64952 3.69662 4.77631 5.02409 5.01372 4.94879 4.85367 4.35736 4.19408 3.80322 3.11137 2.8231 1.58903 -2.40776 -1.27295 -0.82735 -1.98373 -1.33275 -0.274979 -1.18756 -3.90465 -5.07101 -6.95287 -6.33348 -6.87525 -8.3873 -9999 -9999 -9999 -9999 -9999 -9999 -9999 -9999 -9999 -9999 -9999 -9999 -9999 -9999 -9999 -9999 -9999 -9999 -9999 -9999 -9999 -9999 -9999 -9999 -9999 -9999 -9999 -9999 -9999 -9999 -9999 -9999 -9999 -9999 -9999 -9999 -9999 -9999 -9999 -9999 -9999
3.32711 3.61819 3.59336 3.17231 3.82977 4.43573 4.1028 3.88208 4.88519 4.88997 4.55644 3.76659 3.47899 3.18028 2.9982 1.98252 -0.872321 -3.44562 -2.06246 -2.0265 -2.97725 -1.26144 -2.16062 -4.5135 -7.83664 -6.01982 -6.48318 -8.80173 -9.37097 -9999 -9999 -9999 -9999 -9999 -9999 -9999 -9999 -9999 -9999 -9999 -9999 -9999 -9999 -9999 -9999 -9999 -9999 -9999 -9999 -9999 -9999 -9999 -9999 -9999 -9999 -9999 -9999 -9999 -9999 -9999 -9999 -9999 -9999 -9999 -9999 -9999 -9999 -9999 -9999 -9999
2.51724 3.24068 3.0209 2.84134 3.81694 3.79972 3.76636 4.14785 4.77554 4.90285 4.77542 4.43316 4.13707 3.82154 3.01551 1.85329 -0.589486 -3.5188 -4.18084 -2.7425 -2.66991 -2.435 -3.25413 -4.28363 -5.89668 -4.56398 -4.04183 -5.57128 -7.57005 -8.84834 -9999 -9999 -9999 -9999 -9999 -9999 -9999 -9999 -9999 -9999 -9999 -9999 -9999 -9999 -9999 -9999 -9999 -9999 -9999 -9999 -9999 -9999 -9999 -9999 -9999 -9999 -9999 -9999 -9999 -9999 -9999 -9999 -9999 -9999 -9999 -9999 -9999 -9999 -9999 -9999
1.43207 2.67255 2.3386 1.39753 1.98661 2.42997 3.29002 3.52287 3.64999 4.81497 4.7579 4.70817 4.21641 3.82354 3.17012 2.05167 0.457993 -1.46135 -4.80518 -2.73818 -1.11849 -1.15563 -1.23931 -1.95901 -3.5086 -2.20061 -2.13256 -4.0868 -6.29552 -7.61658 -8.15975 -9999 -9999 -9999 -9999 -9999 -9999 -9999 -9999 -9999 -9999 -9999 -9999 -9999 -9999 -9999 -9999 -9999 -9999 -9999 -9999 -9999 -9999 -9999 -9999 -9999 -9999 -9999 -9999 -9999 -9999 -9999 -9999 -9999 -9999 -9999 -9999 -9999 -9999 -9999
-9999 1.88464 1.56326 0.413339 1.00613 1.79652 2.93142 3.53841 3.99029 4.34205 4.70037 4.6626 4.15917 2.66478 2.45388 2.39186 1.35038 -0.83826 -3.02385 -3.58756 -1.11876 -0.409013 -0.548039 0.00778711 -1.30401 -0.674804 -0.923254 -1.61064 -3.74215 -5.69385 -6.50669 -8.11905 -9999 -9999 -9999 -9999 -9999 -9999 -9999 -9999 -9999 -9999 -9999 -9999 -9999 -9999 -9999 -9999 -9999 -9999 -9999 -9999 -9999 -9999 -9999 -9999 -9999 -9999 -9999 -9999 -9999 -9999 -9999 -9999 -9999 -9999 -9999 -9999 -9999 -9999
-9999 -9999 -9999 -9999 -0.315562 0.7794 1.67631 2.78887 3.73991 4.21465 4.67554 4.6429 3.63297 3.14039 3.09992 2.41835 1.21542 0.461409 -0.913772 -2.34633 -1.79441 0.311903 -0.618502 0.876222 0.756149 1.03634 0.0476758 -1.80653 -4.3062 -5.74959 -6.4761 -7.78166 -9999 -9999 -9999 -9999 -9999 -9999 -9999 -9999 -9999 -9999 -9999 -9999 -9999 -9999 -9999 -9999 -9999 -9999 -9999 -9999 -9999 -9999 -9999 -9999 -9999 -9999 -9999 -9999 -9999 -9999 -9999 -9999 -9999 -9999 -9999 -9999 -9999 -9999
-9999 -9999 -9999 -9999 -9999 0.576065 1.26199 2.71957 3.50462 3.81477 4.55553 4.56137 4.18104 3.89425 3.47624 2.92911 2.02538 1.0281 -0.265381 -0.382458 0.965685 0.986313 0.710096 0.936331 1.63336 1.45795 -0.0683471 -2.70261 -4.10068 -6.91817 -8.13547 -8.00473 -8.8672 -9999 -9999 -9999 -9999 -9999 -9999 -9999 -9999 -9999 -9999 -9999 -9999 -5.54124 -9999 -9999 -9999 -9999 -9999 -9999 -9999 -9999 -9999 -9999 -9999 -9999 -9999 -9999 -9999 -9999 -9999 -9999 -9999 -9999 -10.7963 -9999 -9999 -9999
-9999 -9999 -9999 -9999 0.414108 1.34718 2.05947 2.97597 3.09015 3.6461 4.49737 4.51403 4.24532 3.94053 3.25107 3.08165 2.56778 1.48443 1.26455 1.70702 1.91286 2.1465 2.29276 2.1837 1.91035 1.55589 0.593114 -0.632341 -1.45211 -4.04243 -5.33571 -6.59243 -8.49836 -9.98916 -9999 -9999 -9999 -9999 -9999 -9999 -9999 -6.54084 -6.61302 -6.58044 -6.16278 -5.00727 -5.68891 -9999 -9999 -9999 -9999 -9999 -9999 -9999 -9999 -9999 -9999 -9999 -9999 -9999 -9999 -9999 -9999 -9999 -9999 -9999 -9.76293 -11.2711 -9999 -9999
-9999 -9999 -9999 -9999 0.671338 1.63239 2.11617 3.00741 3.5202 3.88457 4.18332 4.46814 4.42461 4.08678 3.57077 3.5757 2.86313 2.47958 2.20641 2.80365 2.9243 2.68957 2.39516 2.13643 1.39468 1.31592 1.10238 0.328465 -0.947746 -2.26336 -4.13903 -6.72676 -9.26536 -11.313 -9999 -9999 -9999 -9999 -9999 -9999 -6.32984 -5.36991 -4.79556 -6.02157 -4.97736 -4.02318 -4.17786 -5.09729 -9999 -9999 -9999 -9999 -9999 -9999 -9999 -9999 -9999 -9999 -9999 -9999 -9999 -9999 -2.62894 -4.17436 -7.29345 -8.89354 -9.85475 -11.2262 -9999 -9999
-9999 -9999 -9999 -9999 0.472393 1.60727 2.37899 3.06487 3.18133 3.89148 4.21664 4.37186 4.35763 4.29261 4.19882 3.57678 3.30955 2.36854 3.27085 3.23861 3.01338 2.11448 1.72829 0.184587 -0.489939 -0.613489 0.699963 -0.253286 -2.25466 -4.7594 -7.75327 -7.9343 -8.92791 -10.7571 -9999 -9999 -9999 -9999 -9999 -9999 -6.03701 -5.01063 -4.15443 -4.03151 -5.25062 -3.55399 -3.61214 -4.56546 -4.78422 -4.00828 -3.61678 -3.90153 -2.97135 -2.70406 -3.12909 -2.67372 -9999 -9999 -9999 -9999 -2.42115 -2.3618 -2.31739 -2.96267 -6.36971 -8.69748 -10.7883 -10.9874 -9999 -9999
-9999 -9999 -9999 -9999 1.24225 1.94543 2.30601 2.37257 2.98966 3.61289 4.00806 4.28363 4.23207 4.21204 4.18964 3.97699 3.48189 3.57107 3.53142 3.24359 1.52709 -0.475536 0.403648 -0.776637 -3.30619 -1.21721 -0.0682183 -1.14848 -3.57464 -6.39 -7.28705 -7.23276 -8.61638 -10.4028 -9999 -9999 -9999 -8.85059 -7.3791 -7.25229 -6.82018 -5.45135 -4.41087 -3.6235 -3.09071 -3.09943 -3.66836 -4.60115 -5.615 -5.25834 -3.44423 -3.00494 -2.62007 -2.34325 -2.73858 -2.54724 -2.06599 -1.81935 -1.77262 -1.89084 -1.92047 -1.88392 -1.94484 -2.54739 -5.58787 -7.33307 -8.44754 -10.6922 -9999 -9999
-9999 -9999 -9999 -9999 0.796695 1.41006 1.90896 2.73119 2.82668 3.34872 3.66749 4.13764 4.19201 3.66413 4.10275 4.04607 3.96359 3.78923 3.53446 2.08422 0.0863285 -1.91506 -2.83567 -2.42573 -3.95036 -3.14548 -1.98094 -2.38151 -3.86391 -6.37015 -6.7137 -7.27424 -9.59921 -11.8445 -9999 -9999 -11.7077 -8.88312 -6.89529 -5.87126 -5.55596 -5.52839 -4.2174 -4.11757 -2.70603 -3.03147 -4.90687 -4.69979 -5.4262 -4.95825 -4.30344 -4.12442 -3.16013 -2.23863 -2.06961 -2.07066 -1.76612 -1.70713 -1.69502 -1.70693 -1.92018 -1.82727 -1.81534 -2.19194 -4.40105 -5.47966 -6.67066 -10.679 -9999 -9999
-9999 -9999 -9999 -9999 1.09704 1.78215 2.53144 2.66177 3.21896 3.17431 3.03333 3.80219 4.09457 3.72215 3.45315 3.94852 3.91276 3.84542 3.7359 2.37253 0.796144 -1.58936 -3.06859 -3.96163 -4.59665 -5.43746 -4.8332 -5.00157 -5.23125 -4.93896 -5.60987 -6.9662 -8.32644 -10.8774 -12.2586 -9999 -11.5563 -10.2818 -7.91781 -5.91006 -4.63717 -5.09964 -3.60911 -3.3359 -2.47007 -2.97958 -4.12016 -4.61937 -4.66665 -4.81952 -3.81651 -3.13894 -2.6565 -2.34238 -1.94634 -1.85046 -1.7539 -1.71618 -1.69741 -1.6779 -1.6865 -1.6975 -1.74491 -1.88804 -2.9051 -3.98395 -6.30764 -10.5546 -9999 -9999
-9999 -9999 -9999 -0.901221 1.01077 2.15341 2.60314 2.93075 3.22027 3.43198 3.65804 3.86484 4.00586 3.95631 2.9656 3.04503 3.22091 3.78086 3.73902 3.61512 2.75341 -0.150093 -1.14407 -2.60128 -4.49196 -5.2684 -4.85808 -3.28589 -3.34096 -4.35824 -5.49399 -7.05874 -8.05206 -9.61551 -12.6234 -12.3491 -10.9894 -9.97892 -8.37315 -5.91893 -4.20025 -3.43599 -3.15033 -2.54366 -2.23273 -2.93684 -3.60232 -3.88422 -4.40255 -4.47878 -4.47833 -3.87353 -3.39505 -2.34035 -1.99032 -1.83055 -1.75271 -1.7128 -1.68465 -1.65657 -1.64889 -1.67217 -1.6738 -1.68461 -1.7635 -3.19593 -6.7805 -9.48047 -9999 -9999
-9999 -9999 -9999 -9999 0.653402 1.1635 1.30641 1.54661 2.0247 2.57311 3.34954 3.45473 3.87958 3.88218 3.03293 2.04525 2.90123 3.23946 3.59071 3.60014 3.48956 1.05489 -0.216499 -1.21383 -3.02574 -2.34978 -1.71099 -1.64841 -2.00959 -4.20619 -6.39417 -8.90937 -11.2713 -11.3754 -12.6407 -11.9596 -11.061 -8.75764 -7.13845 -6.48444 -6.01664 -3.52372 -2.87519 -2.661 -2.02693 -2.9041 -3.1302 -3.78991 -3.59907 -3.66003 -3.65956 -5.47801 -3.65281 -3.54929 -2.36688 -1.83533 -1.71746 -1.68904 -1.65806 -1.65613 -1.65254 -1.6609 -1.65155 -1.67334 -1.6987 -2.63143 -7.17139 -9.45454 -9999 -9999
-9999 -9999 -9999 -9999 -9999 -9999 0.830646 1.22313 1.47873 1.911 3.21547 3.57034 3.80656 3.82947 3.45008 2.47546 2.21542 2.391 1.43614 2.23201 3.32439 3.30105 3.1752 1.03696 -0.0447175 1.03235 0.724052 -0.874009 -2.12774 -3.36477 -5.92805 -7.79069 -10.4985 -12.5309 -12.6001 -10.3408 -8.46367 -6.133 -5.10677 -5.69618 -5.06679 -3.83133 -2.42786 -1.75232 -1.9188 -2.84363 -2.97797 -3.99314 -3.00396 -2.92252 -3.38763 -3.78976 -3.62689 -3.04395 -2.82391 -1.89949 -1.67844 -1.64091 -1.63781 -1.6376 -1.64484 -1.65308 -1.66941 -1.68263 -1.69913 -1.74457 -6.41136 -10.0447 -9999 -9999
-9999 -9999 -9999 -9999 -9999 -9999 -0.0707006 0.173875 0.794079 2.3657 3.19661 3.53412 3.52842 3.68426 3.41701 2.55749 1.67407 0.839337 -0.235003 0.377409 2.00083 2.9609 3.07602 1.20286 2.19906 1.84631 1.13886 -0.955557 -2.49415 -3.30168 -5.76127 -7.8555 -9.65242 -12.1404 -11.0635 -9.88097 -8.36641 -5.82216 -4.10855 -3.4079 -4.00443 -3.21704 -1.60155 -1.59876 -2.49179 -2.43984 -2.986 -4.37184 -2.93805 -2.53701 -2.86628 -2.78443 -2.90228 -2.68758 -2.29321 -1.91602 -1.66633 -1.63564 -1.63491 -1.64686 -1.65064 -1.65381 -1.67537 -1.67763 -1.69438 -1.72182 -4.73555 -10.1205 -9999 -9999
-9999 -9999 -9999 -9999 -9999 -9999 -9999 -0.877551 0.521285 2.60373 3.13165 3.09237 3.52542 3.56558 3.15473 2.79628 1.7239 0.258743 -2.55199 -1.83731 -0.342899 1.81385 2.95171 2.80794 2.19515 1.11566 -1.51479 -3.81384 -4.07788 -4.43957 -6.22977 -7.83638 -9.83531 -8.65885 -7.37356 -5.97087 -5.23398 -5.42449 -3.95633 -2.7615 -3.27585 -2.30885 -1.18016 -1.70141 -2.01215 -2.27354 -2.90401 -2.9464 -2.88522 -2.07214 -2.64003 -2.29533 -2.2827 -2.3057 -2.11546 -1.89588 -1.665 -1.63001 -1.63299 -1.6327 -1.66359 -1.65775 -1.67498 -1.69204 -1.70799 -1.73229 -2.00855 -4.91188 -6.64765 -9999
-9999 -9999 -9999 -9999 -9999 -9999 -9999 -2.1618 -1.45807 1.00579 1.77686 2.8679 3.44862 3.47839 2.78405 2.39637 0.799749 0.27941 -2.32119 -3.4966 -2.49699 -2.87524 0.0955595 2.72764 2.1733 -3.10829 -5.01103 -6.36276 -5.99441 -5.97388 -6.45998 -9.21373 -9.96728 -7.46679 -5.89068 -4.67025 -3.74586 -3.55371 -3.58787 -1.71706 -1.47215 -0.86893 -1.00794 -0.958104 -1.91137 -2.50332 -1.99771 -2.59273 -2.69757 -1.85743 -2.69093 -1.94186 -2.02636 -2.25504 -2.26982 -1.77783 -1.68066 -1.63105 -1.6317 -1.65455 -1.68349 -1.70109 -1.68893 -1.70032 -1.7317 -1.73422 -1.76508 -2.11576 -3.61929 -4.14717
-9999 -9999 -9999 -9999 -9999 -9999 -9999 -9999 -3.75132 -0.332101 1.23846 2.06382 3.22105 3.36321 2.99779 2.32572 0.699105 -0.731972 -3.05666 -5.71038 -7.1096 -2.9012 0.764475 2.68306 2.44848 -1.94616 -3.6711 -3.73603 -2.69505 -3.54294 -4.18219 -6.2686 -6.88745 -7.75445 -7.2052 -5.50433 -4.12043 -2.7864 -1.81897 -1.74439 -1.12148 -0.762616 -0.739473 -0.632854 -0.750587 -0.847412 -1.76722 -1.14058 -1.68002 -1.39895 -1.58454 -1.75183 -1.88934 -2.415 -2.04841 -1.72405 -1.64263 -1.62154 -1.64437 -1.65257 -1.67056 -1.70587 -1.72213 -1.72837 -1.73559 -1.75645 -1.76075 -1.78304 -1.95508 -2.86112
-9999 -9999 -9999 -9999 -9999 -9999 -9999 -9999 -5.4605 -2.05866 -0.411255 1.69938 2.79087 3.23497 3.17717 2.6327 1.39667 -0.463095 -2.01248 -4.97432 -8.04837 -3.63089 0.313085 2.4428 2.56562 -1.12023 -0.0793528 -0.894441 -0.544028 -2.04777 -2.66342 -3.13623 -4.21524 -5.3981 -6.6918 -7.37967 -4.2724 -2.67807 -1.39742 -0.796876 -0.46106 -0.297771 -0.391447 -0.628645 -2.01368 -0.968504 -1.03071 -1.14 -1.26394 -1.32526 -1.43672 -1.56706 -1.63777 -1.66749 -2.01727 -1.62842 -1.64197 -1.63943 -1.6408 -1.65483 -1.6787 -1.70061 -1.72698 -1.73037 -1.7456 -1.76343 -1.77699 -1.7879 -1.8031 -1.85655
-9999 -9999 -9999 -9999 -9999 -9999 -9999 -9999 -10.2333 -5.28965 -1.30562 0.771224 2.46449 2.92948 3.10291 2.37328 1.82669 0.49353 -0.768758 -2.71466 -5.62782 -7.41973 -4.10778 0.701841 2.49168 2.37117 2.27325 1.32738 0.476948 0.382329 0.461741 -0.519063 -1.96925 -3.87692 -4.47148 -5.13847 -2.82358 -2.50982 -2.68093 -0.14252 -0.142521 -0.294048 -1.27459 -2.36297 -2.16321 -2.83837 -2.32801 -3.13635 -2.4014 -1.76601 -1.53019 -1.55222 -1.63164 -1.64794 -1.68861 -1.62579 -1.6295 -1.64339 -1.65513 -1.6635 -1.67741 -1.71186 -1.73394 -1.72883 -1.75215 -1.77247 -1.78731 -1.79532 -1.80498 -1.84562
-9999 -9999 -9999 -9999 -9999 -9999 -9999 -9999 -10.0231 -5.85839 -2.33139 -0.209794 1.82351 2.29642 2.98218 2.83406 2.26217 1.1037 -0.343153 -1.9443 -4.44315 -6.29881 -4.08517 -0.88535 1.40624 2.24203 2.2554 2.2129 2.00883 1.93735 1.69787 1.54342 0.50124 -1.30512 -2.32185 -3.81461 -1.23531 -0.946163 -1.35137 -0.069041 -0.138973 -2.09056 -3.59325 -3.78701 -2.8714 -3.74555 -3.90437 -4.4432 -3.83664 -2.20376 -2.68855 -2.59635 -1.84829 -1.72876 -1.65696 -1.63841 -1.64626 -1.65276 -1.66871 -1.67062 -1.6731 -1.70699 -1.72566 -1.73778 -1.77157 -1.77938 -1.80408 -1.82478 -1.83672 -1.8604
-9999 -9999 -9999 -9999 -9999 -9999 -9999 -9999 -9.9486 -7.14081 -3.96686 -0.847263 1.32377 2.20021 2.83787 2.83117 2.16707 1.59117 0.68434 -0.723914 -1.68893 -3.36385 -5.66197 -1.79778 -0.600828 0.47197 0.930002 2.04282 2.02837 1.53657 0.984847 1.53803 1.38219 -0.0436431 -0.509441 -1.30129 0.133869 0.137101 0.0953789 0.0149584 -1.63318 -3.92314 -5.75529 -4.44819 -4.72931 -4.12052 -5.99468 -4.46653 -3.23353 -2.83568 -3.6715 -4.29776 -2.36203 -2.04956 -1.86214 -1.74299 -1.66572 -1.68802 -1.67163 -1.68671 -1.69656 -1.70741 -1.72896 -1.74424 -1.76638 -1.78888 -1.80736 -1.82574 -1.85217 -1.89047
-9999 -9999 -9999 -9999 -9999 -9999 -9999 -9999 -9999 -8.79866 -4.77028 -1.18039 0.819084 2.0767 2.68957 2.67901 2.33973 1.94897 1.38694 0.371387 -0.903662 -2.9182 -4.41179 -3.45617 -2.28229 -2.13488 -1.3539 0.893328 1.66838 0.596472 -2.05512 -0.469561 1.30072 1.27858 1.13325 0.968508 0.75766 0.563421 0.137094 -1.0033 -4.49159 -5.18523 -6.55789 -6.40883 -7.1162 -5.5777 -6.15542 -4.58709 -3.90955 -3.65579 -5.11335 -4.79788 -3.09603 -2.42207 -2.53673 -2.1238 -1.72484 -1.71471 -1.70654 -1.72036 -1.71579 -1.71698 -1.72824 -1.75648 -1.77496 -1.78991 -1.82417 -1.82693 -1.96087 -2.04893
-9999 -9999 -9999 -9999 -9999 -9999 -9999 -9999 -9999 -9.59891 -5.58625 -1.35962 -0.000841079 1.35476 2.52434 2.54797 2.02983 1.53697 1.02944 0.451969 -1.09463 -2.59343 -4.02317 -4.49951 -4.20473 -4.20277 -2.94637 -0.0230997 0.550702 0.319711 -2.45507 -3.39429 -1.03301 0.951511 1.11163 0.935144 -1.39225 -0.89611 -2.15376 -3.86025 -4.33284 -5.08311 -6.66418 -5.91096 -7.07081 -6.58119 -6.70387 -5.81536 -5.38399 -4.32534 -5.59612 -5.58238 -3.91184 -3.06807 -3.0493 -2.1633 -1.84896 -1.76853 -1.75053 -1.73881 -1.73864 -1.72868 -1.74117 -1.75872 -1.78056 -1.82745 -1.93283 -2.245 -3.93496 -3.93632
-9999 -9999 -9999 -9999 -9999 -9999 -9999 -9999 -9999 -9.14456 -6.35926 -2.60892 0.169329 0.345806 1.69675 2.39441 1.83125 1.197 0.548221 0.265519 -1.41764 -3.26595 -4.75791 -6.52359 -6.22652 -4.9491 -2.8445 -0.95407 -0.609103 -0.989759 -2.46752 -1.75315 -0.141713 0.715666 0.97074 0.77527 0.269311 -0.0237236 -0.950028 -1.35321 -2.64126 -4.65423 -5.44996 -4.95348 -7.09121 -6.94689 -6.16267 -6.98911 -5.61176 -4.95425 -6.59452 -5.28994 -3.80921 -3.05341 -2.39277 -2.08134 -1.95873 -1.76951 -1.76733 -1.75437 -1.74908 -1.75567 -1.75981 -1.79513 -1.82518 -2.00841 -2.27649 -3.85144 -4.50702 -4.38193
-9999 -9999 -9999 -9999 -9999 -9999 -9999 -9999 -9999 -8.67983 -6.17225 -2.92043 -0.939129 -0.583155 0.914826 2.24672 2.09912 1.43944 1.23942 0.556164 -0.870909 -2.44676 -4.1687 -5.00326 -6.92658 -5.02224 -3.49449 -1.89331 -1.14021 -2.34984 -2.96247 -1.86196 -0.768472 -0.329659 0.773014 0.764662 0.407356 -1.13765 -1.89201 -1.57543 -1.90177 -2.47193 -3.85867 -3.92438 -4.817 -5.18921 -5.54087 -6.65763 -5.94131 -5.87279 -5.68349 -4.11595 -3.347 -2.83802 -2.37517 -2.25565 -2.0559 -1.79598 -1.77583 -1.76961 -1.77425 -1.77304 -1.79626 -1.87504 -1.94212 -2.30608 -2.94717 -4.13986 -6.06722 -4.71206
-9999 -9999 -9999 -9999 -9999 -9999 -9999 -9999 -9999 -9.11586 -6.45278 -3.6736 -2.51058 -2.31174 0.39804 2.05762 2.06163 1.74959 1.3851 -0.304788 -0.203371 -0.539021 -2.09212 -4.35522 -6.84044 -6.60161 -5.1026 -2.9811 -2.278 -4.29312 -5.00761 -4.47367 -2.82342 -1.34647 0.194743 0.587265 0.136669 -2.26845 -4.82519 -3.64138 -2.37704 -2.38692 -2.76184 -4.04801 -4.45906 -4.83157 -5.77113 -7.35618 -7.11387 -6.67682 -4.90034 -4.34371 -3.48147 -2.76576 -3.03995 -2.88439 -2.19958 -1.80796 -1.79619 -1.79242 -1.78285 -1.79551 -1.82279 -1.9754 -2.13682 -2.40511 -4.06997 -5.10646 -6.61273 -4.86435
-9999 -9999 -9999 -9999 -9999 -9999 -9999 -9999 -9999 -9.94879 -8.01595 -5.35988 -4.28849 -2.58082 -0.0201429 1.23986 1.84444 1.83239 1.58997 0.834254 0.380995 -0.513791 -2.12967 -4.33977 -6.79636 -8.39355 -7.5738 -4.71522 -4.0389 -5.89682 -6.84747 -5.65408 -3.89629 -1.29581 0.190469 0.39222 0.258574 -0.237529 -2.10441 -4.36044 -4.3548 -3.22654 -4.17557 -5.27842 -4.677 -4.79244 -5.71998 -6.39558 -6.79199 -6.5418 -5.52506 -5.11145 -4.1151 -2.64262 -2.43459 -2.47976 -1.86156 -1.83368 -1.82242 -1.80228 -1.80641 -1.81559 -1.83777 -1.96264 -2.23797 -3.34713 -4.31471 -5.65939 -5.8284 -4.27172
-9999 -9999 -9999 -9999 -9999 -9999 -9999 -9999 -9999 -11.3762 -9.10299 -6.61515 -4.2858 -2.08213 -0.185489 -0.0379456 0.962851 0.962778 1.48798 1.33965 0.63962 -0.113596 -1.50546 -4.34574 -6.73298 -9.33641 -8.64392 -5.73992 -5.33106 -6.58519 -8.90607 -6.5022 -3.85209 -1.45059 -0.150153 -1.16736 -0.123488 -0.209485 -0.909544 -2.25308 -4.34178 -4.3046 -5.87111 -5.94207 -5.14202 -4.88458 -5.02171 -5.52962 -6.33472 -6.18828 -5.56896 -5.417 -4.50192 -3.36073 -2.24501 -2.06049 -1.85045 -1.84468 -1.84455 -1.83042 -1.83149 -1.85811 -1.91866 -2.04881 -2.97892 -4.08441 -4.76655 -5.70413 -5.82042 -4.02699
