Test_Spring_2018b/12_17/Temp/20171207_022.txt
ncols	170
nrows	115
xllcorner	350000.000000
yllcorner	4445000.000000
cellsize	1000.000000
nodata_value	-9999.000000
[rows 31 to 61 of 115, columns 70 to 139 of 170]
5.22471 5.93676 6.19902 5.70462 5.7551 6.96852 7.24364 7.22933 7.15488 7.04547 6.48451 6.29852 5.85647 5.07577 4.74954 3.35888 -1.14133 0.134962 0.635701 -0.666536 0.0658743 1.25641 0.229283 -2.82888 -4.14135 -6.25911 -5.56193 -6.17229 -7.87373 -9999 -9999 -9999 -9999 -9999 -9999 -9999 -9999 -9999 -9999 -9999 -9999 -9999 -9999 -9999 -9999 -9999 -9999 -9999 -9999 -9999 -9999 -9999 -9999 -9999 -9999 -9999 -9999 -9999 -9999 -9999 -9999 -9999 -9999 -9999 -9999 -9999 -9999 -9999 -9999 -9999
5.35507 5.68054 5.65031 5.174 5.91158 6.59112 6.21333 5.96544 7.09039 7.09356 6.71598 5.82485 5.49918 5.16114 4.95455 3.80981 0.595081 -2.30253 -0.74645 -0.706582 -1.77717 0.153996 -0.858143 -3.50645 -7.24674 -5.20128 -5.72235 -8.33343 -8.97495 -9999 -9999 -9999 -9999 -9999 -9999 -9999 -9999 -9999 -9999 -9999 -9999 -9999 -9999 -9999 -9999 -9999 -9999 -9999 -9999 -9999 -9999 -9999 -9999 -9999 -9999 -9999 -9999 -9999 -9999 -9999 -9999 -9999 -9999 -9999 -9999 -9999 -9999 -9999 -9999 -9999
4.45002 5.26217 5.01252 4.80805 5.90378 5.88191 5.84257 6.27147 6.97399 7.11517 6.9697 6.5825 6.24737 5.8905 4.98167 3.67206 0.921215 -2.37711 -3.12313 -1.50473 -1.42346 -1.15928 -2.08137 -3.2401 -5.05554 -3.55506 -2.96687 -4.68882 -6.94054 -8.37931 -9999 -9999 -9999 -9999 -9999 -9999 -9999 -9999 -9999 -9999 -9999 -9999 -9999 -9999 -9999 -9999 -9999 -9999 -9999 -9999 -9999 -9999 -9999 -9999 -9999 -9999 -9999 -9999 -9999 -9999 -9999 -9999 -9999 -9999 -9999 -9999 -9999 -9999 -9999 -9999
3.23519 4.62932 4.25117 3.18954 3.85021 4.3468 5.31588 5.57298 5.71397 7.02325 6.95704 6.89919 6.34389 5.90004 5.16305 3.90276 2.10772 -0.0537238 -3.81843 -1.49239 0.330321 0.288261 0.19398 -0.61605 -2.36007 -0.887417 -0.810359 -3.01185 -5.49879 -6.98537 -7.59642 -9999 -9999 -9999 -9999 -9999 -9999 -9999 -9999 -9999 -9999 -9999 -9999 -9999 -9999 -9999 -9999 -9999 -9999 -9999 -9999 -9999 -9999 -9999 -9999 -9999 -9999 -9999 -9999 -9999 -9999 -9999 -9999 -9999 -9999 -9999 -9999 -9999 -9999 -9999
-9999 3.74918 3.38515 2.08843 2.75328 3.64049 4.91844 5.59842 6.10384 6.49778 6.89916 6.85482 6.28643 4.60271 4.36388 4.29277 3.11932 0.654759 -1.80618 -2.44134 0.337173 1.13582 0.97926 1.60501 0.128678 0.837324 0.558176 -0.21651 -2.61641 -4.81356 -5.72804 -7.5426 -9999 -9999 -9999 -9999 -9999 -9999 -9999 -9999 -9999 -9999 -9999 -9999 -9999 -9999 -9999 -9999 -9999 -9999 -9999 -9999 -9999 -9999 -9999 -9999 -9999 -9999 -9999 -9999 -9999 -9999 -9999 -9999 -9999 -9999 -9999 -9999 -9999 -9999
-9999 -9999 -9999 -9999 1.27228 2.50502 3.51072 4.76141 5.82871 6.36107 6.87792 6.83934 5.70083 5.14479 5.09779 4.32932 2.97416 2.12446 0.575744 -1.03737 -0.416539 1.95416 0.90684 2.58949 2.45466 2.77054 1.65829 -0.42982 -3.24389 -4.86866 -5.68583 -7.15488 -9999 -9999 -9999 -9999 -9999 -9999 -9999 -9999 -9999 -9999 -9999 -9999 -9999 -9999 -9999 -9999 -9999 -9999 -9999 -9999 -9999 -9999 -9999 -9999 -9999 -9999 -9999 -9999 -9999 -9999 -9999 -9999 -9999 -9999 -9999 -9999 -9999 -9999
-9999 -9999 -9999 -9999 -9999 2.28278 3.05106 4.68945 5.57045 5.91749 6.74933 6.75404 6.32419 5.99978 5.5278 4.91065 3.89226 2.76874 1.31201 1.17965 2.69677 2.71983 2.40895 2.66385 3.44888 3.25206 1.5333 -1.43119 -3.00404 -6.17633 -7.54574 -7.39785 -8.36807 -9999 -9999 -9999 -9999 -9999 -9999 -9999 -9999 -9999 -9999 -9999 -9999 -4.64169 -9999 -9999 -9999 -9999 -9999 -9999 -9999 -9999 -9999 -9999 -9999 -9999 -9999 -9999 -9999 -9999 -9999 -9999 -9999 -9999 -10.6131 -9999 -9999 -9999
-9999 -9999 -9999 -9999 2.1071 3.15598 3.95535 4.98461 5.11138 5.73401 6.69018 6.707 6.40273 6.05801 5.28044 5.08841 4.50885 3.28844 3.04019 3.5377 3.76907 4.03198 4.19674 4.07436 3.76726 3.36906 2.28474 0.906344 -0.0153221 -2.93117 -4.38625 -5.79985 -7.94436 -9.6218 -9999 -9999 -9999 -9999 -9999 -9999 -9999 -5.74727 -5.83106 -5.79722 -5.33017 -4.03276 -4.80344 -9999 -9999 -9999 -9999 -9999 -9999 -9999 -9999 -9999 -9999 -9999 -9999 -9999 -9999 -9999 -9999 -9999 -9999 -9999 -9.44432 -11.1439 -9999 -9999
-9999 -9999 -9999 -9999 2.4044 3.48369 4.02573 5.02645 5.60123 6.00866 6.34279 6.66137 6.61049 6.22849 5.6461 5.65027 4.847 4.4143 4.10608 4.77784 4.91338 4.64917 4.31803 4.02733 3.19316 3.10552 2.86484 1.99496 0.559789 -0.919684 -3.03114 -5.94265 -8.79901 -11.1029 -9999 -9999 -9999 -9999 -9999 -9999 -5.49806 -4.41995 -3.77626 -5.15942 -3.98746 -2.91704 -3.09493 -4.13417 -9999 -9999 -9999 -9999 -9999 -9999 -9999 -9999 -9999 -9999 -9999 -9999 -9999 -9999 -1.40126 -3.14257 -6.65527 -8.4582 -9.54208 -11.0878 -9999 -9999
-9999 -9999 -9999 -9999 2.18721 3.46203 4.32805 5.09747 5.226 6.02191 6.38624 6.55881 6.5408 6.46578 6.35856 5.65693 5.35489 4.29468 5.30961 5.27284 5.01913 4.00743 3.57313 1.83621 1.07794 0.938764 2.41859 1.34714 -0.90397 -3.72162 -7.08986 -7.29339 -8.41032 -10.4681 -9999 -9999 -9999 -9999 -9999 -9999 -5.15869 -4.00601 -3.04535 -2.91047 -4.28652 -2.38079 -2.45071 -3.52833 -3.77913 -2.9102 -2.47389 -2.79805 -1.75644 -1.45929 -1.94113 -1.43164 -9999 -9999 -9999 -9999 -1.15866 -1.09356 -1.04524 -1.77323 -5.60997 -8.23193 -10.5872 -10.815 -9999 -9999
-9999 -9999 -9999 -9999 3.06049 3.84922 4.25232 4.32446 5.01635 5.71431 6.15724 6.46735 6.40708 6.38246 6.35538 6.11439 5.55574 5.65509 5.60974 5.28538 3.35323 1.09935 2.08963 0.759928 -2.0863 0.265475 1.56049 0.346398 -2.3825 -5.54942 -6.55697 -6.49518 -8.05074 -10.0579 -9999 -9999 -9999 -8.30935 -6.65403 -6.5129 -6.0287 -4.49065 -3.32268 -2.44219 -1.84666 -1.85849 -2.50635 -3.56131 -4.7075 -4.31095 -2.2737 -1.78377 -1.35561 -1.04797 -1.49656 -1.2844 -0.745484 -0.470315 -0.41987 -0.554833 -0.5899 -0.550334 -0.620414 -1.30017 -4.7244 -6.69054 -7.94686 -10.4799 -9999 -9999
-9999 -9999 -9999 -9999 2.566 3.25357 3.81227 4.73662 4.84124 5.42604 5.78137 6.30845 6.36721 5.77076 6.26245 6.19689 6.10262 5.90528 5.61779 3.98507 1.7363 -0.516017 -1.55141 -1.08891 -2.80344 -1.89677 -0.584021 -1.03472 -2.69789 -5.51664 -5.90104 -6.52949 -9.146 -11.6716 -9999 -9999 -11.5152 -8.33609 -6.09955 -4.94855 -4.59598 -4.5679 -3.09571 -2.98729 -1.40277 -1.77141 -3.88997 -3.66209 -4.48826 -3.96687 -3.23556 -3.03879 -1.95753 -0.925286 -0.738705 -0.74314 -0.403191 -0.339251 -0.327713 -0.342928 -0.584553 -0.481411 -0.469353 -0.894642 -3.38273 -4.59843 -5.94199 -10.4586 -9999 -9999
-9999 -9999 -9999 -9999 2.91245 3.68082 4.52135 4.66509 5.28928 5.23548 5.07313 5.93576 6.26266 5.841 5.53599 6.09169 6.0499 5.97297 5.849 4.31413 2.53994 -0.14456 -1.80853 -2.81243 -3.52529 -4.46775 -3.78528 -3.97237 -4.22843 -3.89693 -4.65075 -6.17456 -7.70332 -10.5741 -12.1272 -9999 -11.3351 -9.90068 -7.24074 -4.98251 -3.55219 -4.07592 -2.4019 -2.09865 -1.12663 -1.70516 -2.9969 -3.56563 -3.62442 -3.80199 -2.67835 -1.92402 -1.3855 -1.03637 -0.59509 -0.490538 -0.384739 -0.344731 -0.325642 -0.305388 -0.316514 -0.330183 -0.384764 -0.547114 -1.69328 -2.91016 -5.52754 -10.3126 -9999 -9999
-9999 -9999 -9999 0.671122 2.82186 4.10513 4.60833 4.97399 5.29671 5.53181 5.78246 6.01165 6.16753 6.10947 4.99191 5.07927 5.27559 5.90471 5.85694 5.71731 4.74771 1.48031 0.362575 -1.27336 -3.39907 -4.27151 -3.80698 -2.03454 -2.09371 -3.23598 -4.51165 -6.26993 -7.38617 -9.14377 -12.5288 -12.2188 -10.6876 -9.55035 -7.7438 -4.98307 -3.05107 -2.19416 -1.87661 -1.1965 -0.851431 -1.65077 -2.40788 -2.73115 -3.32056 -3.41225 -3.4175 -2.74226 -2.20865 -1.02918 -0.639304 -0.463358 -0.378671 -0.336183 -0.30647 -0.276456 -0.269122 -0.296458 -0.29936 -0.312621 -0.403432 -2.01732 -6.0575 -9.10128 -9999 -9999
-9999 -9999 -9999 -9999 2.42606 2.99723 3.15496 3.42209 3.95692 4.57084 5.44084 5.55597 6.03107 6.03073 5.07252 3.95857 4.92034 5.29983 5.69455 5.70506 5.58107 2.843 1.41386 0.293667 -1.74306 -0.98026 -0.258269 -0.184774 -0.588223 -3.05768 -5.5175 -8.34536 -11.0014 -11.1163 -12.5388 -11.7717 -10.7594 -8.16672 -6.34504 -5.6107 -5.08682 -2.28423 -1.55708 -1.32177 -0.613351 -1.60643 -1.86922 -2.61811 -2.40963 -2.48448 -2.49005 -4.5428 -2.49362 -2.38236 -1.05614 -0.463621 -0.334139 -0.304556 -0.271593 -0.270914 -0.268053 -0.278462 -0.268856 -0.294907 -0.32709 -1.379 -6.49152 -9.06607 -9999 -9999
-9999 -9999 -9999 -9999 -9999 -9999 2.6257 3.06415 3.3484 3.83145 5.29568 5.69169 5.95429 5.977 5.54719 4.44779 4.15326 4.34963 3.27416 4.1706 5.40103 5.37636 5.23691 2.83273 1.61741 2.83282 2.489 0.693471 -0.714433 -2.10357 -4.98565 -7.07878 -10.124 -12.4093 -12.4852 -9.94075 -7.8276 -5.20415 -4.0499 -4.7152 -4.00949 -2.62222 -1.04675 -0.291312 -0.484217 -1.53117 -1.69087 -2.84016 -1.73331 -1.64816 -2.17806 -2.63682 -2.45908 -1.80838 -1.56561 -0.529306 -0.284014 -0.245259 -0.24362 -0.244799 -0.254023 -0.264174 -0.284794 -0.30121 -0.321552 -0.374723 -5.63004 -9.72442 -9999 -9999
-9999 -9999 -9999 -9999 -9999 -9999 1.61741 1.88931 2.5839 4.34934 5.28042 5.65676 5.64692 5.81915 5.51546 4.54554 3.54925 2.60836 1.39856 2.08817 3.91657 4.999 5.13093 3.02533 4.14912 3.75528 2.96232 0.608234 -1.12019 -2.02576 -4.79101 -7.14474 -9.16453 -11.9626 -10.7485 -9.41604 -7.71057 -4.84691 -2.91893 -2.13223 -2.80626 -1.92355 -0.109495 -0.111408 -1.12224 -1.06983 -1.69322 -3.2599 -1.65276 -1.20803 -1.5852 -1.49936 -1.6378 -1.40175 -0.962864 -0.542618 -0.265152 -0.233427 -0.234865 -0.249666 -0.254931 -0.259928 -0.2855 -0.289563 -0.310186 -0.343135 -3.73778 -9.80371 -9999 -9999
-9999 -9999 -9999 -9999 -9999 -9999 -9999 0.712129 2.28315 4.62355 5.21354 5.1657 5.64966 5.69161 5.22622 4.82027 3.61125 1.96076 -1.2036 -0.398826 1.28443 3.71395 4.99721 4.83835 4.15112 2.93932 -0.018154 -2.60254 -2.89627 -3.29998 -5.31177 -7.11664 -9.36386 -8.03719 -6.58853 -5.00832 -4.17825 -4.39283 -2.74118 -1.39807 -1.97975 -0.894851 0.37127 -0.220519 -0.575918 -0.876235 -1.59454 -1.64904 -1.58701 -0.678543 -1.32438 -0.942738 -0.93437 -0.965954 -0.756908 -0.514124 -0.257855 -0.221313 -0.226751 -0.227841 -0.263749 -0.258347 -0.279044 -0.299783 -0.319543 -0.348993 -0.662312 -3.93496 -5.89179 -9999
-9999 -9999 -9999 -9999 -9999 -9999 -9999 -0.727009 0.0616247 2.83139 3.69509 4.91959 5.56977 5.60002 4.81553 4.37704 2.57772 1.9907 -0.937085 -2.25983 -1.13351 -1.55742 1.78906 4.75475 4.13328 -1.80852 -3.94692 -5.46504 -5.04703 -5.0206 -5.56459 -8.66082 -9.50634 -6.68945 -4.91356 -3.53861 -2.49757 -2.28143 -2.32085 -0.216747 0.0560983 0.731589 0.57083 0.62197 -0.456578 -1.12887 -0.568314 -1.2448 -1.36955 -0.430584 -1.37535 -0.538504 -0.639438 -0.902521 -0.92424 -0.374826 -0.269074 -0.216093 -0.219149 -0.246221 -0.279844 -0.301091 -0.288753 -0.303154 -0.340325 -0.345309 -0.382442 -0.781813 -2.47725 -3.0745
-9999 -9999 -9999 -9999 -9999 -9999 -9999 -9999 -2.51305 1.33218 3.09592 4.02144 5.32062 5.47744 5.06402 4.30487 2.4719 0.859778 -1.75742 -4.74416 -6.31809 -1.57919 2.54939 4.71187 4.45016 -0.493405 -2.43181 -2.50164 -1.32668 -2.27797 -2.99456 -5.33983 -6.03396 -7.0078 -6.38796 -4.47159 -2.9141 -1.4128 -0.324828 -0.242593 0.456148 0.856189 0.878104 0.99333 0.85547 0.740693 -0.303085 0.39576 -0.218005 0.0918385 -0.123477 -0.317969 -0.478426 -1.07571 -0.668069 -0.307305 -0.219264 -0.199267 -0.226826 -0.237478 -0.258873 -0.299636 -0.320171 -0.328848 -0.338889 -0.364559 -0.371841 -0.401634 -0.598311 -1.62122
-9999 -9999 -9999 -9999 -9999 -9999 -9999 -9999 -4.43011 -0.604284 1.2461 3.61849 4.8436 5.342 5.27394 4.65854 3.26531 1.17069 -0.573782 -3.90738 -7.36655 -2.39274 2.04921 4.44919 4.59047 0.443524 1.61816 0.703684 1.10106 -0.588747 -1.27905 -1.8083 -3.02068 -4.35033 -5.80387 -6.57843 -3.08064 -1.28643 0.154068 0.828357 1.204 1.38479 1.27547 1.0029 -0.56121 0.609753 0.531527 0.402286 0.256485 0.181186 0.049555 -0.103124 -0.188145 -0.227021 -0.625626 -0.19262 -0.212825 -0.212443 -0.215941 -0.233276 -0.261423 -0.287253 -0.318119 -0.325161 -0.344434 -0.366755 -0.384497 -0.40154 -0.421672 -0.484863
-9999 -9999 -9999 -9999 -9999 -9999 -9999 -9999 -9.7955 -4.23396 0.246605 2.58113 4.48619 5.00647 5.19888 4.37522 3.75816 2.25638 0.835078 -1.35499 -4.63316 -6.64861 -2.91884 2.49754 4.51512 4.381 4.27348 3.21149 2.25685 2.15285 2.24458 1.14321 -0.485175 -2.63129 -3.30098 -4.05127 -1.44557 -1.09291 -1.2866 1.56902 1.56673 1.39329 0.286108 -0.943431 -0.723223 -1.48981 -0.923296 -1.83906 -1.01773 -0.308464 -0.0488841 -0.0793617 -0.17388 -0.197959 -0.248452 -0.18427 -0.191545 -0.209716 -0.225005 -0.236123 -0.253227 -0.29335 -0.319574 -0.315327 -0.346021 -0.371198 -0.390566 -0.404452 -0.418317 -0.467045
-9999 -9999 -9999 -9999 -9999 -9999 -9999 -9999 -9.55172 -4.86742 -0.900381 1.48746 3.77316 4.30261 5.07193 4.90302 4.25762 2.95255 1.32351 -0.478559 -3.2905 -5.37788 -2.88432 0.719472 3.30153 4.24347 4.26073 4.21523 3.9878 3.91205 3.6444 3.47282 2.30103 0.267092 -0.876719 -2.55675 0.346401 0.671237 0.213989 1.65574 1.57481 -0.624675 -2.3194 -2.54126 -1.51555 -2.50429 -2.69092 -3.30428 -2.6271 -0.79469 -1.34611 -1.24783 -0.41065 -0.281133 -0.208314 -0.191078 -0.203021 -0.212957 -0.23311 -0.237131 -0.241576 -0.281272 -0.303856 -0.319183 -0.359095 -0.373507 -0.403879 -0.432264 -0.448663 -0.478271
-9999 -9999 -9999 -9999 -9999 -9999 -9999 -9999 -9.45867 -6.30335 -2.73347 0.77831 3.21934 4.20329 4.91871 4.90921 4.16015 3.51092 2.48974 0.904723 -0.18083 -2.06499 -4.65022 -0.298704 1.05074 2.25895 2.77915 4.03403 4.01989 3.46823 2.84853 3.47254 3.29626 1.69201 1.16808 0.276782 1.89188 1.89476 1.84659 1.75441 -0.102915 -2.68316 -4.74854 -3.28076 -3.60114 -2.92117 -5.03838 -3.32306 -1.94067 -1.49838 -2.44558 -3.15567 -0.981259 -0.638776 -0.431871 -0.301345 -0.217508 -0.245311 -0.229192 -0.248215 -0.26116 -0.275149 -0.301187 -0.320266 -0.347227 -0.374788 -0.402242 -0.428123 -0.460875 -0.507978
-9999 -9999 -9999 -9999 -9999 -9999 -9999 -9999 -9999 -8.15983 -3.62463 0.413602 2.66167 4.07484 4.76252 4.7488 4.36549 3.92472 3.29171 2.14874 0.71418 -1.55231 -3.23202 -2.15455 -0.831006 -0.664961 0.21608 2.74749 3.62165 2.41664 -0.565939 1.21767 3.21106 3.18655 3.02308 2.83743 2.5986 2.37908 1.89793 0.612608 -3.31598 -4.09831 -5.64631 -5.48185 -6.28182 -4.55527 -5.21324 -3.45285 -2.69531 -2.41484 -4.06065 -3.70975 -1.80472 -1.05058 -1.18371 -0.72255 -0.276665 -0.268059 -0.261333 -0.279116 -0.276036 -0.279366 -0.294037 -0.328179 -0.351236 -0.370508 -0.416619 -0.42519 -0.579036 -0.681209
-9999 -9999 -9999 -9999 -9999 -9999 -9999 -9999 -9999 -9.04907 -4.53463 0.220646 1.74787 3.27164 4.58624 4.61121 4.02673 3.47113 2.89945 2.24951 0.50912 -1.17708 -2.78521 -3.31991 -2.98645 -2.98438 -1.56856 1.72345 2.37073 2.11195 -1.01189 -2.06841 0.589946 2.82394 3.00407 2.80502 0.184559 0.742014 -0.67497 -2.59752 -3.13151 -3.97844 -5.76092 -4.91623 -6.2253 -5.67803 -5.82487 -4.82937 -4.34859 -3.16177 -4.59699 -4.58531 -2.71592 -1.77048 -1.75333 -0.759645 -0.409075 -0.32148 -0.303862 -0.293106 -0.295213 -0.286242 -0.302538 -0.324611 -0.351633 -0.406995 -0.528339 -0.888094 -2.79611 -2.80069
-9999 -9999 -9999 -9999 -9999 -9999 -9999 -9999 -9999 -8.52944 -5.39623 -1.17675 1.94856 2.14538 3.66438 4.44827 3.81326 3.09856 2.36789 2.04966 0.155404 -1.92443 -3.60287 -5.58919 -5.25348 -3.81417 -1.44588 0.683211 1.0726 0.64506 -1.01926 -0.214721 1.59934 2.56438 2.8512 2.63062 2.06027 1.72932 0.685251 0.229716 -1.22218 -3.49037 -4.38875 -3.83293 -6.24255 -6.08374 -5.20493 -6.14436 -4.59846 -3.86288 -5.71373 -4.25566 -2.59337 -1.74683 -1.0071 -0.660146 -0.525435 -0.315461 -0.3158 -0.303819 -0.300353 -0.310209 -0.317305 -0.35957 -0.395998 -0.604968 -0.909584 -2.68535 -3.43512 -3.29738
-9999 -9999 -9999 -9999 -9999 -9999 -9999 -9999 -9999 -7.99808 -5.17718 -1.51856 0.709986 1.10912 2.79386 4.29185 4.12474 3.38149 3.15594 2.38676 0.780606 -0.992742 -2.9303 -3.86881 -6.03272 -3.88804 -2.16939 -0.366171 0.482345 -0.880246 -1.56947 -0.330506 0.900336 1.39405 2.63479 2.62469 2.22156 0.481269 -0.369315 -0.0146964 -0.384062 -1.02817 -2.59174 -2.66863 -3.67661 -4.09908 -4.49865 -5.76484 -4.96279 -4.88996 -4.68825 -2.92738 -2.06616 -1.49734 -0.980201 -0.849257 -0.627752 -0.338287 -0.318508 -0.314271 -0.322165 -0.323422 -0.352196 -0.443547 -0.52183 -0.934384 -1.659 -3.00459 -5.18649 -3.66422
-9999 -9999 -9999 -9999 -9999 -9999 -9999 -9999 -9999 -8.48063 -5.48443 -2.35754 -1.0498 -0.827289 2.22171 4.08873 4.09238 3.74049 3.3298 1.42746 1.54168 1.16414 -0.583587 -3.13035 -5.927 -5.65732 -3.97213 -1.58262 -0.790601 -3.06023 -3.86431 -3.26328 -1.40589 0.256219 1.99047 2.4315 1.92327 -0.785257 -3.6647 -2.33395 -0.912825 -0.926257 -1.35087 -2.8015 -3.26733 -3.69004 -4.75126 -6.54272 -6.2759 -5.78808 -3.79913 -3.17698 -2.21067 -1.40908 -1.72153 -1.55003 -0.782575 -0.34494 -0.334718 -0.333366 -0.325421 -0.342456 -0.375965 -0.550605 -0.735232 -1.04026 -2.91739 -4.0873 -5.78911 -3.83098
-9999 -9999 -9999 -9999 -9999 -9999 -9999 -9999 -9999 -9.40994 -7.23546 -4.24688 -3.04204 -1.12093 1.76043 3.17782 3.8576 3.84344 3.57014 2.71925 2.20899 1.20192 -0.616681 -3.104 -5.86865 -7.66587 -6.74246 -3.52644 -2.76751 -4.85776 -5.92782 -4.58463 -2.60631 0.320371 1.9927 2.21892 2.06739 1.50764 -0.595328 -3.13659 -3.13232 -1.86466 -2.93552 -4.17979 -3.50594 -3.63925 -4.68688 -5.45108 -5.90672 -5.63692 -4.49567 -4.03444 -2.91711 -1.26367 -1.03331 -1.08777 -0.395336 -0.36721 -0.357646 -0.337996 -0.345608 -0.358873 -0.3868 -0.530366 -0.84338 -2.09506 -3.18748 -4.70447 -4.89817 -3.15933
-9999 -9999 -9999 -9999 -9999 -9999 -9999 -9999 -9999 -11.0084 -8.45061 -5.65115 -3.03009 -0.550456 1.58363 1.74895 2.87481 2.87417 3.46491 3.29763 2.50949 1.66162 0.0950102 -3.10185 -5.78863 -8.71867 -7.93868 -4.67283 -4.21307 -5.62475 -8.23729 -5.53165 -2.54898 0.153681 1.61677 0.470862 1.64473 1.54656 0.756948 -0.75723 -3.11044 -3.07098 -4.83695 -4.91973 -4.02234 -3.73595 -3.89388 -4.46934 -5.38307 -5.23234 -4.53841 -4.37169 -3.34584 -2.06529 -0.813239 -0.609174 -0.376223 -0.373039 -0.37609 -0.363306 -0.367576 -0.400609 -0.471853 -0.621509 -1.67172 -2.91943 -3.69073 -4.74967 -4.88422 -2.87215
