Test_Spring_2018b/12_17/Temp/20171225_010.txt
ncols	170
nrows	115
xllcorner	350000.000000
yllcorner	4445000.000000
cellsize	1000.000000
nodata_value	-9999.000000
[rows 32 to 63 of 115, columns 72 to 143 of 170]
11.8936 11.7585 11.9804 12.1851 12.0615 11.9884 12.3229 12.3274 12.22 11.9615 11.8694 11.7738 11.717 11.3841 10.442 9.59322 10.0551 10.0706 9.75911 10.3308 10.0358 9.25897 8.16033 8.76415 8.61226 7.82655 7.64107 -9999 -9999 -9999 -9999 -9999 -9999 -9999 -9999 -9999 -9999 -9999 -9999 -9999 -9999 -9999 -9999 -9999 -9999 -9999 -9999 -9999 -9999 -9999 -9999 -9999 -9999 -9999 -9999 -9999 -9999 -9999 -9999 -9999 -9999 -9999 -9999 -9999 -9999 -9999 -9999 -9999 -9999 -9999 -9999 -9999
11.713 11.6577 11.985 11.9832 11.9633 12.085 12.2955 12.3408 12.3018 12.1917 12.0971 11.9961 11.7327 11.3513 10.5458 9.57901 9.36332 9.84334 9.87073 9.95168 9.68318 9.3447 8.81261 9.25613 9.43088 8.91651 8.24756 7.82062 -9999 -9999 -9999 -9999 -9999 -9999 -9999 -9999 -9999 -9999 -9999 -9999 -9999 -9999 -9999 -9999 -9999 -9999 -9999 -9999 -9999 -9999 -9999 -9999 -9999 -9999 -9999 -9999 -9999 -9999 -9999 -9999 -9999 -9999 -9999 -9999 -9999 -9999 -9999 -9999 -9999 -9999 -9999 -9999
11.4961 11.1884 11.3876 11.5383 11.8107 11.8864 11.9316 12.3208 12.3053 12.2923 12.133 12.0066 11.7939 11.4272 10.903 10.2709 9.16673 9.85497 10.3948 10.3855 10.3606 10.1247 9.61356 10.0489 10.0733 9.41894 8.67479 8.23923 8.06154 -9999 -9999 -9999 -9999 -9999 -9999 -9999 -9999 -9999 -9999 -9999 -9999 -9999 -9999 -9999 -9999 -9999 -9999 -9999 -9999 -9999 -9999 -9999 -9999 -9999 -9999 -9999 -9999 -9999 -9999 -9999 -9999 -9999 -9999 -9999 -9999 -9999 -9999 -9999 -9999 -9999 -9999 -9999
11.2486 10.8716 11.0718 11.3374 11.7122 11.9049 12.0535 12.1734 12.2956 12.2868 12.1238 11.6326 11.5667 11.5502 11.2091 10.4878 9.76734 9.58401 10.4051 10.6431 10.5997 10.7863 10.3539 10.5643 10.4838 10.2578 9.54074 8.88666 8.61985 8.08844 -9999 -9999 -9999 -9999 -9999 -9999 -9999 -9999 -9999 -9999 -9999 -9999 -9999 -9999 -9999 -9999 -9999 -9999 -9999 -9999 -9999 -9999 -9999 -9999 -9999 -9999 -9999 -9999 -9999 -9999 -9999 -9999 -9999 -9999 -9999 -9999 -9999 -9999 -9999 -9999 -9999 -9999
-9999 -9999 10.643 11.0044 11.306 11.6655 11.9797 12.1404 12.2967 12.2897 11.9592 11.8001 11.7909 11.5693 11.1748 10.9289 10.477 10.0058 10.1918 10.8924 10.5867 11.0841 11.0463 11.141 10.8153 10.1993 9.36385 8.87846 8.6404 8.21083 -9999 -9999 -9999 -9999 -9999 -9999 -9999 -9999 -9999 -9999 -9999 -9999 -9999 -9999 -9999 -9999 -9999 -9999 -9999 -9999 -9999 -9999 -9999 -9999 -9999 -9999 -9999 -9999 -9999 -9999 -9999 -9999 -9999 -9999 -9999 -9999 -9999 -9999 -9999 -9999 -9999 -9999
-9999 -9999 -9999 10.9456 11.1773 11.6634 11.9108 12.017 12.2661 12.2721 12.1503 12.0597 11.9257 11.7488 11.4537 11.1273 10.7025 10.6672 11.1168 11.1263 11.0372 11.1142 11.3469 11.2905 10.7857 9.91204 9.45075 8.50132 8.10074 8.14714 7.86489 -9999 -9999 -9999 -9999 -9999 -9999 -9999 -9999 -9999 -9999 -9999 -9999 9.02605 -9999 -9999 -9999 -9999 -9999 -9999 -9999 -9999 -9999 -9999 -9999 -9999 -9999 -9999 -9999 -9999 -9999 -9999 -9999 -9999 7.40827 -9999 -9999 -9999 -9999 -9999 -9999 -9999
-9999 -9999 10.9026 11.2111 11.4498 11.7565 11.7859 11.97 12.2559 12.2656 12.1811 12.0847 11.8611 11.8096 11.6439 11.2892 11.2202 11.3702 11.4413 11.5213 11.5719 11.5375 11.4485 11.3325 11.0117 10.6072 10.3373 9.47219 9.03793 8.62476 7.99698 7.50714 -9999 -9999 -9999 -9999 -9999 -9999 -9999 8.6873 8.66793 8.68325 8.82619 9.21369 8.99273 -9999 -9999 -9999 -9999 -9999 -9999 -9999 -9999 -9999 -9999 -9999 -9999 -9999 -9999 -9999 -9999 -9999 -9999 -9999 7.76262 7.26936 -9999 -9999 -9999 -9999 -9999 -9999
-9999 -9999 10.9933 11.314 11.4768 11.7748 11.9478 12.0577 12.1606 12.2593 12.2496 12.1427 11.9768 11.9834 11.7521 11.6294 11.5429 11.7442 11.7871 11.7117 11.6161 11.5319 11.2874 11.2624 11.1896 10.9344 10.513 10.0789 9.44356 8.58946 7.75219 7.07806 -9999 -9999 -9999 -9999 -9999 -9999 8.76325 9.08586 9.28061 8.87887 9.22926 9.54996 9.50351 9.20631 -9999 -9999 -9999 -9999 -9999 -9999 -9999 -9999 -9999 -9999 -9999 -9999 -9999 -9999 10.1153 9.60878 8.58088 8.05635 7.74373 7.29558 -9999 -9999 -9999 -9999 -9999 -9999
-9999 -9999 10.9359 11.3139 11.5717 11.8014 11.8429 12.0791 12.18 12.236 12.2363 12.2201 12.1944 11.9937 11.9102 11.6031 11.9062 11.899 11.8272 11.5316 11.4054 10.8952 10.6726 10.6295 11.0652 10.7502 10.0882 9.25991 8.2629 8.19805 7.87268 7.27105 -9999 -9999 -9999 -9999 -9999 -9999 8.87031 9.21493 9.503 9.54806 9.14855 9.71512 9.70258 9.39211 9.32539 9.58864 9.72496 9.63187 9.94289 10.0395 9.90693 10.066 -9999 -9999 -9999 -9999 10.1852 10.2106 10.2306 10.022 8.89842 8.13252 7.44545 7.3913 -9999 -9999 -9999 -9999 -9999 -9999
-9999 -9999 11.1993 11.4338 11.5551 11.5793 11.7865 11.9939 12.119 12.2202 12.2081 12.2068 12.2049 12.1399 11.9812 12.0157 12.007 11.9155 11.35 10.6891 10.9823 10.5864 9.74797 10.4385 10.8193 10.4617 9.6586 8.72705 8.42487 8.43849 7.98395 7.40229 -9999 -9999 -9999 7.93688 8.42974 8.47701 8.62527 9.0837 9.4332 9.69255 9.87335 9.87403 9.69302 9.38931 9.05921 9.18362 9.79137 9.94411 10.0697 10.1698 10.0474 10.1261 10.2933 10.3825 10.4051 10.3725 10.3688 10.3867 10.372 10.1777 9.16831 8.59513 8.23127 7.50338 -9999 -9999 -9999 -9999 -9999 -9999
-9999 -9999 11.0653 11.2699 11.4368 11.71 11.7442 11.9201 12.0276 12.1793 12.2025 12.0332 12.1843 12.1713 12.1496 12.097 12.0173 11.5408 10.8821 10.2216 9.91838 10.0552 9.55064 9.81557 10.2014 10.0609 9.57548 8.74611 8.63372 8.44472 7.67144 6.93176 -9999 -9999 6.99232 7.93362 8.5977 8.94238 9.05209 9.06628 9.5055 9.54337 10.0158 9.91247 9.2983 9.3724 9.13024 9.2916 9.52387 9.59026 9.91326 10.222 10.2862 10.294 10.4029 10.43 10.4411 10.4437 10.3792 10.4156 10.4248 10.3052 9.57849 9.22649 8.84282 7.52457 -9999 -9999 -9999 -9999 -9999 -9999
-9999 -9999 11.1759 11.4044 11.6542 11.6991 11.8858 11.8684 11.8235 12.0823 12.1774 12.0598 11.9767 12.1469 12.141 12.1242 12.0928 11.6452 11.1263 10.3384 9.85005 9.55516 9.34504 9.06809 9.2684 9.21269 9.13674 9.23392 9.00536 8.55276 8.10503 7.25857 6.80572 -9999 7.04907 7.47699 8.26584 8.93659 9.36371 9.21572 9.71455 9.80997 10.1015 9.93761 9.56672 9.41436 9.40488 9.36059 9.6994 9.92482 10.0886 10.2007 10.3362 10.3762 10.4163 10.4364 10.4497 10.4627 10.4659 10.4678 10.4573 10.4149 10.083 9.73536 8.97141 7.57388 -9999 -9999 -9999 -9999 -9999 -9999
-9999 10.5244 11.1546 11.5343 11.6845 11.7946 11.8923 11.9646 12.0409 12.1087 12.16 12.1442 11.8223 11.8549 11.9194 12.1106 12.1019 12.0651 11.7831 10.8236 10.4961 10.0166 9.39086 9.13174 9.26747 9.78799 9.76946 9.43232 9.05624 8.53429 8.20124 7.68663 6.69068 6.78674 7.24278 7.58333 8.12116 8.93999 9.51499 9.77359 9.87344 10.0795 10.1874 9.96558 9.75247 9.66527 9.49984 9.48098 9.48765 9.69464 9.85704 10.2093 10.3333 10.3913 10.4251 10.446 10.4624 10.4782 10.4868 10.4845 10.4891 10.4905 10.473 10.004 8.82773 7.94286 -9999 -9999 -9999 -9999 -9999 -9999
-9999 -9999 11.0431 11.213 11.2614 11.3421 11.502 11.6856 11.9441 11.9821 12.1266 12.1295 11.851 11.5304 11.8204 11.9384 12.0601 12.0677 12.0346 11.2321 10.813 10.4838 9.88406 10.1059 10.3171 10.3372 10.2168 9.48855 8.7634 7.92637 7.14519 7.11276 6.69307 6.9211 7.2244 7.99334 8.53575 8.75836 8.91915 9.75065 9.97095 10.0514 10.2677 9.98322 9.91577 9.70358 9.77318 9.75942 9.76606 9.17016 9.77883 9.82024 10.219 10.3997 10.4444 10.4614 10.4787 10.4859 10.493 10.4956 10.5038 10.5042 10.5048 10.2024 8.70524 7.95849 -9999 -9999 -9999 -9999 -9999 -9999
-9999 -9999 -9999 -9999 11.11 11.241 11.3269 11.4718 11.905 12.0255 12.1073 12.1191 11.9983 11.679 11.5993 11.6637 11.3528 11.6216 11.9877 11.983 11.9435 11.2365 10.8768 11.2333 11.1305 10.6002 10.1839 9.77314 8.92325 8.30218 7.406 6.73435 6.71392 7.46579 8.08983 8.86785 9.21391 9.02473 9.23925 9.65636 10.1279 10.3583 10.3097 10.0098 9.97287 9.64309 9.97728 10.0107 9.86306 9.73626 9.79421 9.99422 10.074 10.387 10.4668 10.484 10.492 10.4985 10.502 10.5048 10.5076 10.5096 10.5108 10.5026 8.96369 7.76973 -9999 -9999 -9999 -9999 -9999 -9999
-9999 -9999 -9999 -9999 10.8174 10.8993 11.1059 11.6281 11.9042 12.0187 12.0202 12.0759 11.9921 11.7127 11.4255 11.1552 10.8051 11.0131 11.5551 11.8765 11.917 11.2979 11.6267 11.5096 11.2745 10.5796 10.0687 9.8 8.98415 8.28614 7.69139 6.86846 7.22739 7.62227 8.12813 8.97562 9.54944 9.7881 9.59719 9.86492 10.4071 10.4149 10.1259 10.1499 9.97677 9.52436 10.0059 10.1453 10.0425 10.0759 10.0408 10.1185 10.2557 10.3872 10.4762 10.4927 10.4987 10.5011 10.5058 10.5116 10.5109 10.5169 10.5182 10.5163 9.52533 7.75125 -9999 -9999 -9999 -9999 -9999 -9999
-9999 -9999 -9999 -9999 -9999 10.557 11.0215 11.7127 11.8884 11.8779 12.0245 12.0417 11.9102 11.7967 11.4472 10.9679 10.0425 10.2845 10.784 11.502 11.8816 11.8356 11.6315 11.2738 10.4017 9.63904 9.55034 9.42922 8.83495 8.29833 7.63639 8.02717 8.45488 8.92247 9.17053 9.11238 9.60469 10.007 9.8435 10.171 10.5521 10.3867 10.2909 10.2114 10.0105 10.0033 10.0302 10.3061 10.1242 10.2445 10.2525 10.2512 10.3204 10.3993 10.4819 10.4996 10.5047 10.5109 10.5069 10.5153 10.5163 10.5176 10.5195 10.5189 10.4352 9.48337 8.91681 -9999 -9999 -9999 -9999 -9999
-9999 -9999 -9999 -9999 -9999 10.1376 10.3718 11.1894 11.4456 11.8094 12.0047 12.0183 11.7927 11.6696 11.1463 10.9799 10.1247 9.73949 10.0752 9.95364 10.9407 11.8146 11.6301 9.88048 9.24969 8.80102 8.92192 8.92746 8.7652 7.84844 7.59893 8.42818 8.95205 9.35908 9.6691 9.73792 9.73239 10.3592 10.4464 10.6535 10.615 10.639 10.3306 10.1418 10.3174 10.1273 10.0993 10.3841 10.1141 10.3682 10.3438 10.2741 10.2751 10.444 10.482 10.5043 10.5105 10.5089 10.5059 10.5061 10.5171 10.5205 10.5176 10.5245 10.5223 10.4164 9.92685 9.76063 9.96052 -9999 -9999 -9999
-9999 -9999 -9999 -9999 -9999 -9999 9.61841 10.7525 11.2736 11.5493 11.9355 11.9862 11.8702 11.6522 11.1187 10.6505 9.88659 9.01378 8.55171 9.94985 11.1674 11.8052 11.7269 10.2714 9.69985 9.67776 10.0217 9.73975 9.52689 8.8312 8.6263 8.33985 8.52344 9.0896 9.55282 9.99917 10.3254 10.357 10.5714 10.6949 10.7101 10.7532 10.7218 10.6972 10.4007 10.6154 10.4434 10.543 10.4876 10.438 10.3958 10.2274 10.3545 10.4676 10.5002 10.5148 10.5124 10.5156 10.5164 10.5121 10.5119 10.5172 10.5226 10.5237 10.5305 10.5334 10.4851 10.1936 9.80079 9.30256 -9999 -9999
-9999 -9999 -9999 -9999 -9999 -9999 9.05877 10.1873 10.7339 11.4354 11.8005 11.9518 11.9364 11.7605 11.3562 10.7458 10.2386 9.26358 8.25126 9.71748 11.0228 11.731 11.7734 10.551 10.8961 10.6259 10.7414 10.2425 10.0377 9.87666 9.51941 9.12837 8.70166 8.47851 9.511 10.0435 10.4734 10.6792 10.7984 10.8612 10.8356 10.7615 10.3104 10.6643 10.6519 10.6228 10.5886 10.5746 10.5438 10.5063 10.486 10.4817 10.3713 10.5082 10.5104 10.5159 10.5207 10.522 10.5208 10.5211 10.5205 10.5258 10.526 10.5283 10.5321 10.539 10.5426 10.5334 10.4613 9.78951 9.39044 9.28406
-9999 -9999 -9999 -9999 -9999 -9999 7.48446 9.12399 10.4462 11.1363 11.701 11.8581 11.9193 11.6819 11.5058 11.0696 10.6573 10.0187 9.05954 8.47151 9.56968 11.1669 11.7548 11.7138 11.6821 11.3689 11.0871 11.0554 11.0812 10.7521 10.2729 9.64164 9.44971 9.23077 10.0008 10.1091 10.0579 10.9056 10.9133 10.8716 10.5557 10.1992 10.2741 10.0524 10.2297 9.96908 10.2193 10.4362 10.5203 10.5187 10.4953 10.5 10.4911 10.5194 10.5226 10.5227 10.5241 10.5273 10.5295 10.5256 10.5265 10.5369 10.535 10.5374 10.5362 10.544 10.5494 10.5444 10.5404 10.4429 10.2927 10.0008
-9999 -9999 -9999 -9999 -9999 -9999 7.56347 8.94393 10.1142 10.8206 11.4968 11.6565 11.8874 11.8425 11.6579 11.2794 10.8057 10.2811 9.45896 8.84968 9.58804 10.6473 11.4097 11.6859 11.683 11.6696 11.6024 11.5809 11.5012 11.4457 11.1008 10.5079 10.1725 9.68016 10.5379 10.638 10.5092 10.9406 10.9249 10.2865 9.79738 9.7421 10.048 9.7668 9.72276 9.54415 9.75183 10.2991 10.1512 10.1868 10.437 10.4813 10.5136 10.5241 10.5259 10.5286 10.5287 10.5341 10.5401 10.5364 10.5383 10.543 10.5408 10.5434 10.5443 10.5483 10.5466 10.5471 10.5439 10.5209 10.5007 10.5417
-9999 -9999 -9999 -9999 -9999 -9999 7.60146 8.52707 9.58063 10.6179 11.3399 11.6334 11.8483 11.8502 11.6348 11.4491 11.1541 10.6931 10.379 9.82941 9.07298 10.3575 10.7517 11.1064 11.2636 11.6333 11.6289 11.4659 11.2698 11.4536 11.408 10.9368 10.7843 10.5244 11.0033 11.0087 11.0003 10.98 10.4412 9.69038 9.09173 9.5333 9.44869 9.65158 9.03898 9.56059 9.97608 10.1142 9.83406 9.63178 10.2755 10.3885 10.4551 10.499 10.5293 10.5269 10.5378 10.5389 10.5425 10.5463 10.5472 10.5506 10.5521 10.5536 10.552 10.5565 10.5565 10.5616 10.5678 10.5525 10.5523 10.5536
-9999 -9999 -9999 -9999 -9999 -9999 -9999 7.99197 9.32964 10.5212 11.1862 11.6057 11.8122 11.8125 11.7045 11.5799 11.399 11.068 10.651 9.98895 9.49912 9.82017 10.2063 10.254 10.5149 11.2608 11.5185 11.1639 10.2813 10.8126 11.3998 11.3935 11.3469 11.2947 11.2224 11.1625 11.0266 10.6549 9.5062 9.28997 8.8436 8.9016 8.67588 9.18631 9.00283 9.52989 9.76126 9.85161 9.37439 9.48163 10.0553 10.283 10.2492 10.3902 10.5203 10.5288 10.5372 10.5388 10.5471 10.554 10.5582 10.5642 10.5672 10.5715 10.5647 10.5742 10.5385 10.5177 10.4678 10.5441 10.5568 10.5708
-9999 -9999 -9999 -9999 -9999 -9999 -9999 7.73668 9.06854 10.4714 10.9244 11.3766 11.7676 11.7793 11.612 11.4534 11.2903 11.1041 10.597 10.1055 9.63665 9.48321 9.58469 9.57705 9.99568 10.966 11.1575 11.0821 10.1649 9.85498 10.6386 11.2977 11.3529 11.2971 10.5296 10.6983 10.2868 9.72755 9.57783 9.33673 8.82082 9.07847 8.70236 8.87253 8.8311 9.13275 9.28247 9.63947 9.22423 9.23182 9.79562 10.0799 10.0907 10.3889 10.4978 10.5295 10.5411 10.5512 10.5581 10.5688 10.5727 10.5753 10.5767 10.57 10.5438 10.4442 9.8939 9.90148 10.0613 10.2126 10.4845 10.5675
-9999 -9999 -9999 -9999 -9999 -9999 -9999 7.89635 8.82195 10.0673 10.9909 11.0527 11.5039 11.739 11.5567 11.3512 11.141 11.0523 10.4997 9.89223 9.40258 8.82189 8.92412 9.35063 10.0383 10.6668 10.783 10.6585 10.1718 10.4103 10.9461 11.2324 11.3195 11.2579 11.094 11.0014 10.6997 10.572 10.1518 9.49204 9.23586 9.40797 8.70744 8.76282 9.02993 8.75417 9.2172 9.44132 8.90377 9.34481 9.84075 10.0963 10.3201 10.4282 10.474 10.5421 10.5486 10.5591 10.5676 10.5727 10.5791 10.5754 10.5737 10.5214 10.4409 9.92724 9.71422 9.76342 10.0104 10.2273 10.4596 10.5553
-9999 -9999 -9999 -9999 -9999 -9999 -9999 8.05973 8.89366 9.97422 10.634 10.7555 11.2556 11.7009 11.6563 11.4422 11.3806 11.1591 10.691 10.1736 9.60761 9.33529 8.7019 9.33618 9.83235 10.3654 10.6171 10.2197 10.0191 10.3861 10.7509 10.899 11.2673 11.2681 11.1537 10.6465 10.4018 10.5124 10.4106 10.2284 9.77603 9.76147 9.47302 9.3569 9.24742 8.87472 9.11867 9.14769 9.22135 9.74506 10.0055 10.1796 10.3382 10.3832 10.4548 10.5465 10.5592 10.5675 10.5727 10.5802 10.5799 10.5615 10.5472 10.4345 10.23 9.84261 9.20762 9.66406 10.1409 10.2908 10.4363 10.5128
-9999 -9999 -9999 -9999 -9999 -9999 -9999 7.92492 8.81069 9.73498 10.124 10.1936 11.0953 11.6493 11.655 11.556 11.4399 10.8846 10.9228 10.8161 10.3058 9.56013 8.74055 8.8231 9.31708 10.015 10.2505 9.5869 9.35304 9.5328 10.0825 10.575 11.0891 11.223 11.078 10.2859 9.4441 9.84195 10.2669 10.27 10.1525 9.73324 9.60396 9.48742 9.18291 8.6625 8.74128 8.89242 9.49075 9.68131 9.97291 10.2158 10.1307 10.1879 10.4205 10.5561 10.5661 10.5737 10.5835 10.5863 10.5844 10.5411 10.4951 10.4137 9.86964 9.53364 9.04192 9.62403 9.95087 10.1344 10.4455 10.5238
-9999 -9999 -9999 -9999 -9999 -9999 -9999 7.65881 8.30295 9.18675 9.54565 10.1155 10.968 11.3897 11.5943 11.5948 11.519 11.2731 11.1273 10.8352 10.304 9.57574 8.76558 8.23988 8.51466 9.45088 9.68227 9.06677 8.75505 9.1537 9.73947 10.6046 11.1009 11.1719 11.1321 10.9726 10.3594 9.61757 9.62533 10.0053 9.69724 9.33838 9.54421 9.51256 9.21182 8.99446 8.85932 8.95321 9.2956 9.43898 9.77528 10.2692 10.3442 10.3352 10.546 10.5614 10.5714 10.5844 10.5896 10.5933 10.5928 10.5584 10.4743 10.1139 9.80045 9.36199 9.31292 9.83112 10.0661 10.2852 10.4406 10.4949
-9999 -9999 -9999 -9999 -9999 -9999 -9999 7.19589 7.95306 8.78142 9.55735 10.2917 10.9245 10.9778 11.3138 11.3182 11.4967 11.4519 11.2242 10.9788 10.5217 9.58451 8.79724 7.93816 8.17082 9.12953 9.26198 8.84995 8.08459 8.88461 9.76638 10.566 11.001 10.6685 11.0191 10.9956 10.7689 10.3294 9.64313 9.66139 9.14852 9.13125 9.40261 9.49425 9.45519 9.29328 9.03012 9.08185 9.29307 9.34998 9.65963 10.0441 10.4201 10.4876 10.5635 10.5717 10.5781 10.5892 10.5953 10.5931 10.5796 10.5431 10.2417 9.88213 9.66283 9.35888 9.32698 9.92707 10.1704 10.3116 10.4466 10.5032
-9999 -9999 -9999 -9999 -9999 -9999 -9999 -9999 7.88292 8.73869 9.37321 9.54765 10.1107 10.417 10.6551 10.7117 11.382 11.4235 11.2809 11.0557 10.6663 9.95621 9.46289 8.63896 8.04809 8.29776 8.41597 8.63979 8.58017 8.93979 9.7875 10.6705 10.7712 10.2184 10.306 10.4277 10.6943 10.5666 9.62959 9.15602 8.76379 9.05105 9.353 9.42994 9.44945 9.39732 9.33773 9.22997 9.63236 9.93151 10.005 10.2665 10.4609 10.5185 10.5632 10.5734 10.5837 10.5891 10.5834 10.5808 10.5387 10.4377 10.0995 9.27881 9.32279 9.23886 8.98733 9.57657 9.94948 10.2831 10.4629 10.5135
-9999 -9999 -9999 -9999 -9999 -9999 -9999 -9999 7.60657 8.59611 8.80913 8.79874 8.47782 8.63285 9.84615 10.0943 10.7374 11.3464 11.3067 11.0857 10.7215 10.3004 9.6458 8.71844 7.9826 7.68202 8.47967 9.26381 9.43048 9.68547 10.207 10.3103 9.74547 9.21605 9.52129 9.70713 10.4009 10.5316 10.4026 9.83987 9.19577 8.86186 9.26658 9.32492 9.35388 9.36367 9.35916 9.34939 9.8006 10.0538 10.2311 10.3302 10.4982 10.5453 10.5641 10.5821 10.5846 10.5816 10.5612 10.5372 10.414 10.2636 9.70604 9.24205 8.95466 8.58853 9.43061 9.68671 10.0394 10.2649 10.4438 10.4874
