Test_Spring_2018b/12_17/Temp/20171230_011.txt
ncols	170
nrows	115
xllcorner	350000.000000
yllcorner	4445000.000000
cellsize	1000.000000
nodata_value	-9999.000000
[rows 32 to 63 of 115, columns 72 to 143 of 170]
8.84564 8.5758 9.00707 9.40443 9.16159 9.00476 9.64936 9.65478 9.44056 8.92998 8.74665 8.55659 8.44285 7.78718 5.93532 4.26674 5.17199 5.2007 4.58725 5.70814 5.12742 3.6005 1.44188 2.62651 2.32738 0.795604 0.425639 -9999 -9999 -9999 -9999 -9999 -9999 -9999 -9999 -9999 -9999 -9999 -9999 -9999 -9999 -9999 -9999 -9999 -9999 -9999 -9999 -9999 -9999 -9999 -9999 -9999 -9999 -9999 -9999 -9999 -9999 -9999 -9999 -9999 -9999 -9999 -9999 -9999 -9999 -9999 -9999 -9999 -9999 -9999 -9999 -9999
8.47903 8.36645 9.00488 8.99707 8.95793 9.18388 9.58455 9.66988 9.5899 9.37061 9.18182 8.98085 8.4612 7.71015 6.12629 4.22603 3.80072 4.74168 4.79393 4.95145 4.42288 3.75701 2.71107 3.58102 3.92332 2.92191 1.60504 0.758241 -9999 -9999 -9999 -9999 -9999 -9999 -9999 -9999 -9999 -9999 -9999 -9999 -9999 -9999 -9999 -9999 -9999 -9999 -9999 -9999 -9999 -9999 -9999 -9999 -9999 -9999 -9999 -9999 -9999 -9999 -9999 -9999 -9999 -9999 -9999 -9999 -9999 -9999 -9999 -9999 -9999 -9999 -9999 -9999
8.0415 7.43357 7.8206 8.11246 8.63944 8.77395 8.85892 9.61937 9.58521 9.55628 9.24024 8.98898 8.56863 7.84607 6.81459 5.57136 3.40145 4.7514 5.81013 5.79072 5.74066 5.27642 4.27189 5.12593 5.17301 3.89241 2.42319 1.56785 1.21884 -9999 -9999 -9999 -9999 -9999 -9999 -9999 -9999 -9999 -9999 -9999 -9999 -9999 -9999 -9999 -9999 -9999 -9999 -9999 -9999 -9999 -9999 -9999 -9999 -9999 -9999 -9999 -9999 -9999 -9999 -9999 -9999 -9999 -9999 -9999 -9999 -9999 -9999 -9999 -9999 -9999 -9999 -9999
7.54398 6.80009 7.18943 7.70693 8.43063 8.80118 9.08696 9.31831 9.55433 9.53315 9.20953 8.24172 8.10929 8.07406 7.40188 5.98355 4.56722 4.20586 5.81706 6.28361 6.19761 6.56322 5.71343 6.12595 5.96718 5.51876 4.11073 2.82673 2.3024 1.25835 -9999 -9999 -9999 -9999 -9999 -9999 -9999 -9999 -9999 -9999 -9999 -9999 -9999 -9999 -9999 -9999 -9999 -9999 -9999 -9999 -9999 -9999 -9999 -9999 -9999 -9999 -9999 -9999 -9999 -9999 -9999 -9999 -9999 -9999 -9999 -9999 -9999 -9999 -9999 -9999 -9999 -9999
-9999 -9999 6.33654 7.03476 7.61275 8.32057 8.93079 9.24193 9.54454 9.52661 8.87346 8.5574 8.53592 8.09777 7.32071 6.83584 5.94688 5.02046 5.38478 6.75996 6.1592 7.13562 7.06109 7.24651 6.60612 5.382 3.75178 2.79831 2.33006 1.48557 -9999 -9999 -9999 -9999 -9999 -9999 -9999 -9999 -9999 -9999 -9999 -9999 -9999 -9999 -9999 -9999 -9999 -9999 -9999 -9999 -9999 -9999 -9999 -9999 -9999 -9999 -9999 -9999 -9999 -9999 -9999 -9999 -9999 -9999 -9999 -9999 -9999 -9999 -9999 -9999 -9999 -9999
-9999 -9999 -9999 6.90929 7.3499 8.29955 8.78445 8.98819 9.47262 9.47957 9.23595 9.05379 8.78682 8.4363 7.85412 7.21124 6.37568 6.30527 7.18776 7.20623 7.03111 7.18232 7.63926 7.52814 6.53367 4.8068 3.90004 2.04567 1.25793 1.34763 0.79178 -9999 -9999 -9999 -9999 -9999 -9999 -9999 -9999 -9999 -9999 -9999 -9999 3.07199 -9999 -9999 -9999 -9999 -9999 -9999 -9999 -9999 -9999 -9999 -9999 -9999 -9999 -9999 -9999 -9999 -9999 -9999 -9999 -9999 -0.09938 -9999 -9999 -9999 -9999 -9999 -9999 -9999
-9999 -9999 6.82585 7.41135 7.87549 8.47245 8.5315 8.8847 9.44069 9.45447 9.28337 9.08955 8.64614 8.54158 8.21332 7.51479 7.37799 7.67189 7.81151 7.96872 8.06849 8.00153 7.82705 7.59921 6.95609 6.16117 5.63013 3.9411 3.0862 2.27299 1.03809 0.0739364 -9999 -9999 -9999 -9999 -9999 -9999 -9999 2.38577 2.34945 2.38153 2.66434 3.42734 2.99535 -9999 -9999 -9999 -9999 -9999 -9999 -9999 -9999 -9999 -9999 -9999 -9999 -9999 -9999 -9999 -9999 -9999 -9999 -9999 0.58322 -0.384914 -9999 -9999 -9999 -9999 -9999 -9999
-9999 -9999 6.97932 7.60465 7.91926 8.49894 8.83265 9.04588 9.24201 9.42998 9.40527 9.19001 8.85963 8.8688 8.41166 8.16881 7.99777 8.39273 8.47723 8.32993 8.14309 7.9787 7.49929 7.45048 7.29541 6.79362 5.96502 5.11092 3.87117 2.19164 0.544812 -0.781818 -9999 -9999 -9999 -9999 -9999 -9999 2.51871 3.1538 3.53838 2.75201 3.44272 4.07504 3.98616 3.39681 -9999 -9999 -9999 -9999 -9999 -9999 -9999 -9999 -9999 -9999 -9999 -9999 -9999 -9999 5.18529 4.19185 2.17482 1.14621 0.533536 -0.345656 -9999 -9999 -9999 -9999 -9999 -9999
-9999 -9999 6.85886 7.59628 8.09719 8.54228 8.61723 9.07001 9.26901 9.37237 9.36661 9.32889 9.27342 8.87509 8.70813 8.10314 8.69731 8.68322 8.54306 7.96393 7.71746 6.71704 6.28112 6.18592 7.04163 6.42244 5.12131 3.49287 1.53062 1.41159 0.769391 -0.415506 -9999 -9999 -9999 -9999 -9999 -9999 2.71449 3.39316 3.96146 4.05299 3.27168 4.38736 4.35841 3.75099 3.62159 4.13942 4.40723 4.22749 4.84618 5.03382 4.77091 5.08052 -9999 -9999 -9999 -9999 5.30718 5.35753 5.3981 4.99007 2.78558 1.2835 -0.0640442 -0.175821 -9999 -9999 -9999 -9999 -9999 -9999
-9999 -9999 7.36892 7.82439 8.05672 8.0978 8.49739 8.89303 9.13836 9.32098 9.291 9.28274 9.27404 9.14251 8.82789 8.89375 8.87584 8.6962 7.58659 6.29003 6.86723 6.1 4.44542 5.80191 6.54987 5.84722 4.26887 2.43746 1.83911 1.87298 0.976541 -0.177741 -9999 -9999 -9999 0.86097 1.82784 1.92072 2.21286 3.11488 3.80367 4.3243 4.6831 4.68243 4.32938 3.73563 3.0893 3.33466 4.52823 4.82745 5.08437 5.27846 5.03509 5.17865 5.50451 5.67746 5.72007 5.65514 5.64766 5.68315 5.65527 5.27515 3.30363 2.18044 1.46801 0.0317394 -9999 -9999 -9999 -9999 -9999 -9999
-9999 -9999 7.08726 7.48368 7.80538 8.33579 8.39552 8.73348 8.93283 9.23047 9.26925 8.93067 9.22214 9.19249 9.14685 9.04187 8.88464 7.94938 6.65717 5.36174 4.76823 5.02987 4.04024 4.56139 5.31923 5.05212 4.08802 2.4572 2.23367 1.85692 0.344322 -1.11209 -9999 -9999 -1.0036 0.842704 2.14568 2.82256 3.03913 3.06908 3.93437 4.01204 4.94319 4.73828 3.53519 3.68331 3.22002 3.53809 3.98492 4.11479 4.74991 5.36233 5.48572 5.49816 5.70906 5.75986 5.77986 5.78395 5.65688 5.72889 5.74828 5.51508 4.09003 3.4008 2.64295 0.0544199 -9999 -9999 -9999 -9999 -9999 -9999
-9999 -9999 7.28934 7.73169 8.21562 8.29704 8.65658 8.62384 8.52374 9.02461 9.21003 8.97265 8.80405 9.13397 9.11928 9.08457 9.02248 8.14433 7.12682 5.58183 4.62507 4.0402 3.62893 3.0786 3.4716 3.36136 3.21084 3.39976 2.95582 2.06128 1.17845 -0.479791 -1.37334 -9999 -0.902638 -0.0646671 1.4832 2.80037 3.64032 3.35199 4.33463 4.52564 5.097 4.7788 4.05393 3.74969 3.73288 3.64719 4.31321 4.76429 5.08649 5.30469 5.57503 5.65052 5.72606 5.76293 5.78712 5.8115 5.81741 5.8217 5.80238 5.721 5.07142 4.38549 2.88711 0.143263 -9999 -9999 -9999 -9999 -9999 -9999
-9999 6.01339 7.24223 7.98116 8.26916 8.47789 8.66233 8.79695 8.93575 9.06851 9.16234 9.12925 8.49141 8.55116 8.6747 9.04869 9.03126 8.96002 8.40793 6.5263 5.87935 4.93343 3.70511 3.19707 3.46322 4.48447 4.44665 3.78269 3.04177 2.01167 1.36025 0.34589 -1.60791 -1.42349 -0.531454 0.134785 1.18962 2.79756 3.92795 4.43817 4.63754 5.04177 5.25758 4.81934 4.40401 4.23516 3.91227 3.8767 3.89069 4.29751 4.61743 5.31471 5.55589 5.67218 5.73545 5.77361 5.80375 5.83355 5.8499 5.84608 5.85646 5.86113 5.82454 4.90562 2.59183 0.854403 -9999 -9999 -9999 -9999 -9999 -9999
-9999 -9999 7.01838 7.34489 7.43239 7.58337 7.88966 8.24255 8.73908 8.80727 9.0853 9.08925 8.53997 7.90589 8.47235 8.70265 8.94151 8.95753 8.89451 7.31317 6.49081 5.845 4.66763 5.10407 5.51825 5.55673 5.31899 3.88697 2.46064 0.811937 -0.72468 -0.791144 -1.61513 -1.16725 -0.575297 0.932056 1.9958 2.43292 2.74995 4.3852 4.81809 4.97545 5.40283 4.84714 4.71797 4.30375 4.44251 4.41711 4.43126 3.2617 4.45803 4.53875 5.32088 5.6779 5.76653 5.79707 5.82888 5.84152 5.85509 5.86088 5.87837 5.87773 5.877 5.28403 2.34491 0.878722 -9999 -9999 -9999 -9999 -9999 -9999
-9999 -9999 -9999 -9999 7.12957 7.37897 7.5399 7.81667 8.65648 8.88679 9.0419 9.06037 8.81924 8.19124 8.03205 8.15696 7.54657 8.07422 8.79155 8.78294 8.70585 7.31776 6.61231 7.31235 7.10996 6.06759 5.24859 4.44013 2.76892 1.54448 -0.217762 -1.53924 -1.58193 -0.107934 1.1179 2.64304 3.32116 2.94962 3.3721 4.18992 5.11768 5.57232 5.4794 4.89315 4.82398 4.17886 4.83725 4.90466 4.61602 4.36786 4.48295 4.87545 5.03135 5.645 5.80066 5.83593 5.84945 5.86084 5.86727 5.8731 5.87643 5.88072 5.88348 5.868 2.84667 0.502207 -9999 -9999 -9999 -9999 -9999 -9999
-9999 -9999 -9999 -9999 6.54975 6.70258 7.10036 8.11803 8.64967 8.8685 8.86614 8.97105 8.80292 8.25155 7.68608 7.15398 6.46558 6.87374 7.93824 8.56952 8.64926 7.43363 8.07988 7.84959 7.38729 6.02172 5.01703 4.48755 2.88332 1.50803 0.337954 -1.28028 -0.577761 0.195464 1.18684 2.84996 3.97532 4.44354 4.06847 4.59506 5.6611 5.67848 5.1133 5.16286 4.82601 3.94002 4.88784 5.16327 4.96304 5.02968 4.96222 5.11501 5.38414 5.64159 5.81566 5.84694 5.85838 5.86176 5.8704 5.88062 5.87904 5.89064 5.89348 5.88995 3.94426 0.460493 -9999 -9999 -9999 -9999 -9999 -9999
-9999 -9999 -9999 -9999 -9999 6.02497 6.92928 8.27925 8.6138 8.58753 8.87059 8.90026 8.63873 8.41335 7.72529 6.78293 4.96514 5.4399 6.42057 7.83044 8.57561 8.4851 8.08469 7.38165 5.66834 4.16959 3.99397 3.7544 2.58547 1.52731 0.225622 0.991038 1.82897 2.74527 3.23064 3.11498 4.08053 4.86995 4.54882 5.19244 5.94203 5.61874 5.43261 5.27856 4.88702 4.87514 4.93011 5.47362 5.11813 5.35568 5.37304 5.37102 5.50716 5.66187 5.82352 5.85744 5.86652 5.87774 5.86901 5.88472 5.8861 5.88826 5.89182 5.89056 5.72592 3.85663 2.74371 -9999 -9999 -9999 -9999 -9999
-9999 -9999 -9999 -9999 -9999 5.1961 5.64854 7.24694 7.73982 8.44906 8.8283 8.85127 8.40531 8.16061 7.13113 6.80344 5.1227 4.36686 5.02563 4.78642 6.7241 8.43954 8.07729 4.64084 3.40116 2.5189 2.75487 2.76415 2.44376 0.639361 0.147913 1.7747 2.80182 3.59954 4.20684 4.3401 4.32829 5.55779 5.72994 6.13695 6.06192 6.11023 5.5062 5.13719 5.48475 5.11338 5.06034 5.62141 5.09304 5.59353 5.54752 5.41152 5.41409 5.74584 5.82035 5.86367 5.8746 5.87061 5.86332 5.86369 5.88433 5.89036 5.88406 5.89713 5.89227 5.68368 4.72187 4.39477 4.78646 -9999 -9999 -9999
-9999 -9999 -9999 -9999 -9999 -9999 4.16408 6.38455 7.39782 7.93456 8.68908 8.78526 8.55052 8.12183 7.07338 6.15291 4.65136 2.93548 2.03081 4.7754 7.16523 8.41673 8.2627 5.40364 4.28006 4.2354 4.90943 4.35425 3.93471 2.56458 2.16108 1.59743 1.95672 3.06544 3.9735 4.84952 5.4892 5.55006 5.9694 6.21519 6.24555 6.33072 6.27016 6.22318 5.64338 6.06664 5.73076 5.92801 5.82099 5.72521 5.64446 5.31507 5.56557 5.78812 5.85229 5.87854 5.87413 5.87974 5.87966 5.86911 5.87067 5.88019 5.88973 5.89098 5.90345 5.90854 5.81285 5.23962 4.46752 3.4883 -9999 -9999
-9999 -9999 -9999 -9999 -9999 -9999 3.05996 5.26991 6.33355 7.7069 8.41458 8.70694 8.67612 8.33014 7.5354 6.33561 5.33799 3.42126 1.43082 4.31069 6.87721 8.26631 8.34823 5.9476 6.62392 6.09192 6.31742 5.33632 4.93287 4.61269 3.91037 3.14168 2.29972 1.85937 3.88689 4.93222 5.77556 6.17838 6.41068 6.5321 6.48308 6.3433 5.45809 6.15381 6.13173 6.07603 6.01024 5.98457 5.92561 5.85371 5.8161 5.80917 5.59351 5.85969 5.86347 5.87537 5.88501 5.88695 5.88317 5.88144 5.87763 5.88843 5.89203 5.89526 5.90168 5.91418 5.92034 5.90155 5.75904 4.43919 3.65484 3.44635
-9999 -9999 -9999 -9999 -9999 -9999 -0.0369505 3.17698 5.75506 7.10758 8.21013 8.51775 8.63719 8.17044 7.82378 6.96607 6.15469 4.8984 3.01224 1.85452 4.01268 7.14629 8.30638 8.22559 8.16181 7.54554 6.99071 6.92721 6.97685 6.32652 5.37948 4.14029 3.76044 3.33105 4.84326 5.05556 4.95434 6.61757 6.63104 6.54721 5.92498 5.22741 5.37327 4.9474 5.29753 4.78676 5.27945 5.7068 5.87357 5.87198 5.82836 5.8331 5.81793 5.87273 5.88065 5.88201 5.88508 5.89085 5.89368 5.8839 5.88292 5.90033 5.89846 5.90037 5.90423 5.91855 5.92806 5.91733 5.90872 5.71668 5.4212 4.84866
-9999 -9999 -9999 -9999 -9999 -9999 0.101946 2.80221 5.09727 6.47637 7.80293 8.11576 8.56835 8.47958 8.11601 7.37143 6.43945 5.40693 3.78989 2.59042 4.03709 6.11995 7.6142 8.15588 8.15784 8.13013 7.99676 7.9458 7.78884 7.67593 6.99927 5.83117 5.17324 4.20707 5.89153 6.08788 5.83424 6.68005 6.64761 5.39224 4.42974 4.31928 4.92377 4.3706 4.28544 3.94647 4.35535 5.43135 5.13345 5.20578 5.69979 5.78933 5.85139 5.87411 5.87953 5.8859 5.88643 5.89658 5.90697 5.89762 5.89887 5.90501 5.8976 5.90594 5.90519 5.91157 5.91669 5.91666 5.90964 5.86395 5.81406 5.89605
-9999 -9999 -9999 -9999 -9999 -9999 0.161676 1.97672 4.04288 6.0712 7.48766 8.0631 8.48429 8.48726 8.06329 7.69721 7.11602 6.20851 5.5889 4.50675 3.01825 5.53748 6.31538 7.01157 7.30898 8.03315 8.02336 7.70269 7.3236 7.68482 7.5907 6.66621 6.36732 5.85758 6.79803 6.80846 6.79117 6.75017 5.69059 4.21453 3.03708 3.90233 3.73457 4.13795 2.93643 3.94998 4.76645 5.03893 4.50365 4.10852 5.37492 5.59488 5.72795 5.81632 5.87734 5.87367 5.89546 5.89721 5.90293 5.9086 5.90794 5.91191 5.91189 5.91199 5.91337 5.92104 5.91931 5.91574 5.92728 5.90899 5.90893 5.91289
-9999 -9999 -9999 -9999 -9999 -9999 -9999 0.909351 3.52677 5.86525 7.17013 7.99343 8.39825 8.39835 8.18524 7.93908 7.58167 6.92912 6.10738 4.80394 3.83857 4.46553 5.22767 5.32166 5.8316 7.29468 7.79953 7.10258 5.36368 6.40215 7.55634 7.54526 7.45504 7.35338 7.21997 7.10205 6.83447 6.10364 3.84653 3.41169 2.53283 2.64441 2.19907 3.20622 2.84778 3.88253 4.33729 4.51579 3.58037 3.79243 4.9173 5.36725 5.30375 5.58322 5.85 5.86768 5.88433 5.88707 5.90226 5.91423 5.92018 5.91967 5.92218 5.92729 5.91861 5.93646 5.86465 5.82242 5.72392 5.87371 5.89904 5.924
-9999 -9999 -9999 -9999 -9999 -9999 -9999 0.391467 3.00473 5.758 6.64647 7.53369 8.30068 8.32285 7.99312 7.68018 7.35784 6.9899 5.9912 5.02307 4.09919 3.79474 3.99104 3.98445 4.8044 6.70814 7.08303 6.93416 5.12096 4.51296 6.05256 7.34773 7.45692 7.34815 5.84128 6.17245 5.36394 4.26462 3.96907 3.49377 2.47868 2.9826 2.24222 2.57492 2.50278 3.09485 3.38915 4.09104 3.27703 3.29273 4.39768 4.9583 4.98187 5.56939 5.78498 5.8485 5.87169 5.89119 5.90366 5.92302 5.92829 5.93072 5.93072 5.91467 5.86071 5.67107 4.59099 4.60474 4.91797 5.21497 5.74935 5.90921
-9999 -9999 -9999 -9999 -9999 -9999 -9999 0.694868 2.51041 4.9544 6.76667 6.88705 7.77208 8.23267 7.87347 7.46828 7.05375 6.87729 5.78951 4.59388 3.6295 2.4864 2.68449 3.5196 4.8798 6.11241 6.3393 6.094 5.12538 5.59402 6.64667 7.20937 7.38099 7.26039 6.93877 6.75671 6.16371 5.91203 5.08561 3.78838 3.2836 3.61987 2.24273 2.35021 2.87388 2.34297 3.25239 3.69315 2.63869 3.50046 4.47605 4.97965 5.42105 5.63509 5.72624 5.86082 5.87393 5.89437 5.91021 5.91874 5.92927 5.91987 5.9142 5.80907 5.64884 4.63844 4.22975 4.32537 4.80989 5.23557 5.68798 5.87644
-9999 -9999 -9999 -9999 -9999 -9999 -9999 1.00485 2.6404 4.76061 6.05484 6.29225 7.27306 8.14624 8.05728 7.63539 7.51259 7.07535 6.15401 5.13552 4.02154 3.48429 2.23818 3.48153 4.46641 5.51152 6.00468 5.20997 4.81587 5.53652 6.25298 6.54409 7.26771 7.26931 7.04473 6.04836 5.56721 5.78359 5.58249 5.22343 4.33368 4.30369 3.736 3.50695 3.29125 2.57057 3.04973 3.1072 3.24873 4.2761 4.78878 5.13203 5.44502 5.53451 5.67613 5.85695 5.88194 5.89811 5.90749 5.92101 5.91893 5.881 5.85089 5.62781 5.22452 4.4624 3.22601 4.12146 5.05726 5.34818 5.633 5.78358
-9999 -9999 -9999 -9999 -9999 -9999 -9999 0.728711 2.46604 4.2793 5.0416 5.17707 6.94639 8.03283 8.04248 7.84666 7.61676 6.52454 6.59743 6.3857 5.38157 3.9151 2.30367 2.46386 3.43757 4.81416 5.27542 3.95745 3.49778 3.85053 4.92987 5.89693 6.90637 7.16919 6.88421 5.32846 3.67481 4.45523 5.28867 5.29375 5.06181 4.23742 3.98256 3.75291 3.15439 2.13723 2.29893 2.59605 3.76521 4.14021 4.71374 5.1917 5.02548 5.13868 5.59612 5.86284 5.88254 5.89719 5.91581 5.9202 5.91529 5.82904 5.73723 5.57601 4.50632 3.84543 2.88286 4.03355 4.67495 5.03058 5.64145 5.79539
-9999 -9999 -9999 -9999 -9999 -9999 -9999 0.194279 1.45713 3.19079 3.89388 5.01122 6.68376 7.51039 7.9108 7.91015 7.75962 7.27506 6.98706 6.41156 5.36661 3.93472 2.34208 1.30812 1.84613 3.69644 4.1441 2.92579 2.31305 3.09536 4.24521 5.94369 6.91786 7.05694 6.97843 6.66473 5.45989 4.00247 4.01689 4.7621 4.15635 3.45085 3.8543 3.79155 3.20059 2.77354 2.5205 2.70175 3.37127 3.65334 4.3143 5.28479 5.43253 5.41542 5.82977 5.86007 5.87958 5.90494 5.91461 5.92113 5.91932 5.85084 5.68459 4.97599 4.35954 3.49779 3.40085 4.43051 4.88862 5.31692 5.62208 5.72877
-9999 -9999 -9999 -9999 -9999 -9999 -9999 -0.726915 0.757847 2.38253 3.90438 5.34472 6.58554 6.68866 7.34696 7.35417 7.70304 7.61361 7.16506 6.68165 5.78246 3.94066 2.39324 0.704868 1.16034 3.0481 3.29941 2.48947 0.985758 2.55599 4.28676 5.85624 6.70988 6.05631 6.74406 6.6973 6.25158 5.38773 4.03956 4.07478 3.06708 3.0326 3.565 3.7446 3.66764 3.34955 2.83884 2.94395 3.35535 3.46736 4.07565 4.83087 5.56936 5.70194 5.851 5.86711 5.87949 5.90097 5.91258 5.9076 5.88062 5.80841 5.21587 4.50929 4.07817 3.48091 3.41795 4.60092 5.08373 5.35875 5.62378 5.73484
-9999 -9999 -9999 -9999 -9999 -9999 -9999 -9999 0.607719 2.2861 3.5301 3.87076 4.97465 5.57441 6.04039 6.14997 7.46498 7.54519 7.26383 6.82045 6.05473 4.65913 3.68924 2.07011 0.908596 1.40021 1.62758 2.06611 1.94804 2.65319 4.31681 6.04971 6.2466 5.1602 5.33133 5.56952 6.09225 5.84092 4.0005 3.07016 2.29963 2.86345 3.45618 3.60715 3.64537 3.54297 3.43025 3.22031 4.01054 4.59796 4.74214 5.25554 5.63724 5.75005 5.83753 5.85724 5.8771 5.8874 5.87593 5.87042 5.78745 5.58888 4.92471 3.31297 3.39923 3.23436 2.74041 3.89599 4.63777 5.29272 5.64573 5.74472
-9999 -9999 -9999 -9999 -9999 -9999 -9999 -9999 0.0526768 1.99357 2.4097 2.38721 1.75509 2.05775 4.43865 4.92457 6.18607 7.38102 7.30209 6.86726 6.15137 5.32352 4.03729 2.2153 0.769272 0.163396 1.73678 3.28077 3.60686 4.10631 5.12917 5.33072 4.22023 3.17945 3.77778 4.1418 5.50349 5.75951 5.50584 4.40068 3.13583 2.48019 3.27504 3.38974 3.44672 3.46599 3.45571 3.43864 4.32985 4.82679 5.17467 5.36878 5.69803 5.78994 5.82631 5.8611 5.86551 5.8592 5.81895 5.7718 5.52976 5.23465 4.14001 3.22917 2.66515 1.94649 3.6003 4.10231 4.79727 5.24702 5.59814 5.68332
