Test_Spring_2018b/12_17/Temp/20171229_008.txt
ncols	170
nrows	115
xllcorner	350000.000000
yllcorner	4445000.000000
cellsize	1000.000000
nodata_value	-9999.000000
[rows 32 to 63 of 115, columns 72 to 143 of 170]
8.19783 7.85727 8.39365 8.88777 8.58507 8.38352 9.19067 9.19415 8.92279 8.28062 8.04749 7.8057 7.65912 6.83454 4.5138 2.422 3.54867 3.57893 2.8059 4.20156 3.46906 1.55312 -1.15292 0.321867 -0.0589507 -1.97631 -2.44642 -9999 -9999 -9999 -9999 -9999 -9999 -9999 -9999 -9999 -9999 -9999 -9999 -9999 -9999 -9999 -9999 -9999 -9999 -9999 -9999 -9999 -9999 -9999 -9999 -9999 -9999 -9999 -9999 -9999 -9999 -9999 -9999 -9999 -9999 -9999 -9999 -9999 -9999 -9999 -9999 -9999 -9999 -9999 -9999 -9999
7.73645 7.59251 8.38789 8.37523 8.32468 8.60422 9.10619 9.2095 9.10592 8.82796 8.58792 8.33242 7.67815 6.73425 4.7486 2.36703 1.82973 3.00078 3.06022 3.25109 2.58376 1.74457 0.429923 1.5111 1.93233 0.675698 -0.976194 -2.03941 -9999 -9999 -9999 -9999 -9999 -9999 -9999 -9999 -9999 -9999 -9999 -9999 -9999 -9999 -9999 -9999 -9999 -9999 -9999 -9999 -9999 -9999 -9999 -9999 -9999 -9999 -9999 -9999 -9999 -9999 -9999 -9999 -9999 -9999 -9999 -9999 -9999 -9999 -9999 -9999 -9999 -9999 -9999 -9999
7.18624 6.42281 6.90378 7.26586 7.9209 8.09251 8.19545 9.14301 9.09671 9.05676 8.65757 8.33915 7.80902 6.90071 5.60582 4.04587 1.32678 3.00924 4.32727 4.29681 4.2278 3.64066 2.37768 3.43882 3.49071 1.88424 0.0448711 -1.03199 -1.47557 -9999 -9999 -9999 -9999 -9999 -9999 -9999 -9999 -9999 -9999 -9999 -9999 -9999 -9999 -9999 -9999 -9999 -9999 -9999 -9999 -9999 -9999 -9999 -9999 -9999 -9999 -9999 -9999 -9999 -9999 -9999 -9999 -9999 -9999 -9999 -9999 -9999 -9999 -9999 -9999 -9999 -9999 -9999
6.56086 5.62742 6.11131 6.75561 7.6554 8.12057 8.47747 8.76339 9.055 9.02479 8.61613 7.40164 7.23158 7.1828 6.33721 4.55823 2.78148 2.32377 4.33261 4.90975 4.79566 5.24614 4.1765 4.6853 4.47956 3.91113 2.148 0.537169 -0.125926 -1.43884 -9999 -9999 -9999 -9999 -9999 -9999 -9999 -9999 -9999 -9999 -9999 -9999 -9999 -9999 -9999 -9999 -9999 -9999 -9999 -9999 -9999 -9999 -9999 -9999 -9999 -9999 -9999 -9999 -9999 -9999 -9999 -9999 -9999 -9999 -9999 -9999 -9999 -9999 -9999 -9999 -9999 -9999
-9999 -9999 5.0415 5.9097 6.6333 7.51639 8.27914 8.66496 9.03994 9.01388 8.1932 7.79382 7.76254 7.2099 6.23315 5.62148 4.50416 3.33972 3.78913 5.5024 4.7444 5.95853 5.85817 6.08273 5.27442 3.73801 1.69423 0.496389 -0.0968701 -1.16054 -9999 -9999 -9999 -9999 -9999 -9999 -9999 -9999 -9999 -9999 -9999 -9999 -9999 -9999 -9999 -9999 -9999 -9999 -9999 -9999 -9999 -9999 -9999 -9999 -9999 -9999 -9999 -9999 -9999 -9999 -9999 -9999 -9999 -9999 -9999 -9999 -9999 -9999 -9999 -9999 -9999 -9999
-9999 -9999 -9999 5.74965 6.30142 7.48619 8.09326 8.34493 8.94744 8.95264 8.64423 8.41241 8.07421 7.63121 6.89816 6.08885 5.03825 4.94417 6.04142 6.05787 5.83193 6.01382 6.57782 6.43124 5.17943 3.01422 1.87217 -0.450136 -1.44331 -1.33907 -2.04195 -9999 -9999 -9999 -9999 -9999 -9999 -9999 -9999 -9999 -9999 -9999 -9999 0.736193 -9999 -9999 -9999 -9999 -9999 -9999 -9999 -9999 -9999 -9999 -9999 -9999 -9999 -9999 -9999 -9999 -9999 -9999 -9999 -9999 -3.31832 -9999 -9999 -9999 -9999 -9999 -9999 -9999
-9999 -9999 5.64674 6.37774 6.95555 7.69951 7.77142 8.21299 8.90522 8.91916 8.70163 8.45537 7.89664 7.76129 7.34581 6.46689 6.29004 6.65142 6.81948 7.0092 7.12676 7.03552 6.80956 6.51665 5.70608 4.70357 4.031 1.91305 0.837286 -0.188022 -1.7405 -2.95414 -9999 -9999 -9999 -9999 -9999 -9999 -9999 -0.112258 -0.162044 -0.126034 0.223704 1.17406 0.630059 -9999 -9999 -9999 -9999 -9999 -9999 -9999 -9999 -9999 -9999 -9999 -9999 -9999 -9999 -9999 -9999 -9999 -9999 -9999 -2.47056 -3.68533 -9999 -9999 -9999 -9999 -9999 -9999
-9999 -9999 5.83651 6.61607 7.00717 7.72982 8.14484 8.41222 8.6547 8.88674 8.85252 8.57964 8.16241 8.16938 7.59277 7.28367 7.06392 7.55154 7.65047 7.45912 7.21796 7.00452 6.39685 6.3274 6.1266 5.49025 4.4451 3.36807 1.81308 -0.296064 -2.36412 -4.03146 -9999 -9999 -9999 -9999 -9999 -9999 0.0507344 0.84049 1.31733 0.330109 1.19026 1.97751 1.86288 1.12175 -9999 -9999 -9999 -9999 -9999 -9999 -9999 -9999 -9999 -9999 -9999 -9999 -9999 -9999 3.2952 2.04861 -0.477915 -1.76827 -2.53842 -3.64186 -9999 -9999 -9999 -9999 -9999 -9999
-9999 -9999 5.68212 6.60216 7.22658 7.78126 7.87305 8.43996 8.68664 8.81316 8.80291 8.7523 8.67905 8.17655 7.96288 7.20089 7.93799 7.91391 7.73167 6.99999 6.68391 5.4246 4.87088 4.74461 5.80557 5.02192 3.38537 1.33946 -1.12265 -1.27797 -2.09016 -3.58069 -9999 -9999 -9999 -9999 -9999 -9999 0.287461 1.13195 1.83885 1.94984 0.969506 2.36157 2.32158 1.55892 1.39388 2.03803 2.36928 2.13846 2.91249 3.14281 2.80942 3.1918 -9999 -9999 -9999 -9999 3.45066 3.50906 3.55542 3.04096 0.280077 -1.60229 -3.29132 -3.43481 -9999 -9999 -9999 -9999 -9999 -9999
-9999 -9999 6.31617 6.88396 7.17286 7.22271 7.72089 8.21667 8.52156 8.74802 8.70767 8.69407 8.67946 8.5107 8.11242 8.18937 8.16096 7.92971 6.53493 4.90586 5.61957 4.65106 2.57507 4.26138 5.1871 4.29855 2.31479 0.0145311 -0.742637 -0.707428 -1.83806 -3.29159 -9999 -9999 -9999 -2.02329 -0.820125 -0.709233 -0.348504 0.775491 1.6333 2.28192 2.72774 2.72181 2.27934 1.5341 0.722905 1.02656 2.5157 2.88608 3.20539 3.44377 3.13476 3.3088 3.71127 3.92243 3.97062 3.8844 3.87019 3.90992 3.87059 3.39099 0.922304 -0.486128 -1.3808 -3.18077 -9999 -9999 -9999 -9999 -9999 -9999
-9999 -9999 5.96314 6.45734 6.85823 7.51882 7.59224 8.01349 8.26354 8.63354 8.67951 8.25311 8.6141 8.57292 8.5111 8.37441 8.17169 6.99533 5.37196 3.74398 2.99329 3.31357 2.06659 2.70798 3.64573 3.30031 2.08249 0.0327491 -0.257001 -0.737614 -2.63648 -4.46727 -9999 -9999 -4.35648 -2.05437 -0.430891 0.410437 0.676859 0.710563 1.78943 1.88369 3.04552 2.78457 1.27926 1.46197 0.881239 1.27608 1.83124 1.98992 2.77844 3.54342 3.69303 3.70362 3.9622 4.02049 4.04027 4.04026 3.8764 3.96175 3.98152 3.68566 1.89954 1.03376 0.0821357 -3.15864 -9999 -9999 -9999 -9999 -9999 -9999
-9999 -9999 6.21339 6.76532 7.36936 7.47005 7.91851 7.8745 7.75036 8.37503 8.60451 8.30497 8.09085 8.4995 8.47649 8.42767 8.34385 7.23875 5.95867 4.01831 2.81298 2.07404 1.5499 0.84888 1.32994 1.1815 0.982584 1.20815 0.640714 -0.488034 -1.6024 -3.68364 -4.8104 -9999 -4.23818 -3.19715 -1.26741 0.374739 1.42096 1.05691 2.28286 2.51924 3.2295 2.82942 1.92248 1.53988 1.51631 1.40629 2.236 2.79791 3.1953 3.46407 3.80031 3.88967 3.97888 4.01963 4.04452 4.06977 4.07212 4.0727 4.04403 3.93804 3.12173 2.25992 0.382489 -3.05236 -9999 -9999 -9999 -9999 -9999 -9999
-9999 4.61627 6.15067 7.07384 7.4332 7.69347 7.92332 8.09075 8.26527 8.42858 8.54409 8.50002 7.69932 7.77028 7.92022 8.38252 8.35449 8.25833 7.56005 5.19841 4.38174 3.18723 1.64079 0.994258 1.31621 2.58228 2.52383 1.68231 0.744641 -0.55415 -1.3812 -2.65987 -5.11087 -4.88913 -3.78157 -2.95538 -1.64219 0.363705 1.77332 2.40817 2.6549 3.15655 3.42444 2.87496 2.35525 2.14209 1.73602 1.68893 1.70344 2.2088 2.60365 3.47283 3.77 3.91255 3.98632 4.02857 4.06078 4.09269 4.108 4.09837 4.1068 4.10841 4.05844 2.90556 0.007331 -2.16897 -9999 -9999 -9999 -9999 -9999 -9999
-9999 -9999 5.86702 6.27474 6.38367 6.57202 6.95455 7.39526 8.01734 8.10121 8.44704 8.44914 7.75911 6.96255 7.66647 7.94909 8.24151 8.25435 8.16751 6.18102 5.143 4.32516 2.84205 3.37624 3.88288 3.91952 3.61063 1.8082 0.0129519 -2.05991 -3.99274 -4.0865 -5.12795 -4.57549 -3.84334 -1.96534 -0.641002 -0.0991866 0.293445 2.33542 2.87315 3.06836 3.60109 2.90454 2.74295 2.2232 2.3947 2.36053 2.37542 0.909587 2.40064 2.4978 3.47168 3.91422 4.02116 4.05378 4.08798 4.09833 4.11006 4.11237 4.12964 4.12435 4.11881 3.37335 -0.305927 -2.14296 -9999 -9999 -9999 -9999 -9999 -9999
-9999 -9999 -9999 -9999 6.00188 6.31354 6.51452 6.86025 7.91177 8.19855 8.39084 8.41168 8.10723 7.31799 7.11451 7.26535 6.49569 7.14774 8.03706 8.01719 7.91094 6.16456 5.27075 6.13482 5.87008 4.55473 3.51862 2.49566 0.393867 -1.14879 -3.36405 -5.02752 -5.09103 -3.25693 -1.73197 0.16823 1.01036 0.540967 1.06558 2.08498 3.24288 3.8096 3.69186 2.9573 2.87092 2.06262 2.88412 2.96619 2.60257 2.28913 2.42821 2.91536 3.10619 3.86904 4.05878 4.09851 4.10977 4.11846 4.12119 4.12347 4.12256 4.12344 4.12269 4.09938 0.317285 -2.61803 -9999 -9999 -9999 -9999 -9999 -9999
-9999 -9999 -9999 -9999 5.27371 5.46471 5.96201 7.23439 7.90057 8.1731 8.16853 8.29756 8.08445 7.39131 6.67966 6.00888 5.14164 5.64469 6.96758 7.74781 7.83752 6.30662 7.10303 6.80346 6.21348 4.49373 3.2252 2.55093 0.532719 -1.1988 -2.67367 -4.70839 -3.84008 -2.8824 -1.65083 0.421978 1.82343 2.4043 1.93131 2.58692 3.91784 3.93783 3.2296 3.29025 2.86923 1.75981 2.94337 3.28569 3.03273 3.11306 3.02397 3.21145 3.54394 3.86139 4.0742 4.10814 4.11724 4.11588 4.12131 4.12885 4.12199 4.13194 4.13122 4.12281 1.68583 -2.67426 -9999 -9999 -9999 -9999 -9999 -9999
-9999 -9999 -9999 -9999 -9999 4.61428 5.745 7.43293 7.85263 7.8186 8.17097 8.20588 7.87596 7.59049 6.72555 5.54171 3.26208 3.84841 5.06643 6.82028 7.74209 7.61817 7.1056 6.21476 4.06026 2.17392 1.94212 1.63036 0.156478 -1.17849 -2.81797 -1.8718 -0.834155 0.302454 0.901242 0.749556 1.95118 2.9336 2.52822 3.33017 4.26533 3.85928 3.62506 3.43108 2.94166 2.92539 2.99241 3.67001 3.22293 3.51705 3.53409 3.52803 3.69427 3.88331 4.08063 4.11789 4.12386 4.13239 4.11602 4.13046 4.12723 4.1253 4.12542 4.11977 3.91003 1.5689 0.173499 -9999 -9999 -9999 -9999 -9999
-9999 -9999 -9999 -9999 -9999 3.5746 4.14009 6.13854 6.75613 7.64177 8.1143 8.14072 7.58008 7.27008 5.97843 5.56326 3.4551 2.50237 3.31785 3.00949 5.42265 7.55723 7.09246 2.78341 1.2213 0.106003 0.389038 0.388575 -0.0240446 -2.29211 -2.91821 -0.894734 0.379607 1.368 2.11932 2.27888 2.25826 3.79097 4.00245 4.50842 4.41223 4.47077 3.71381 3.25089 3.68568 3.21975 3.15163 3.85112 3.18784 3.81077 3.74857 3.57499 3.57424 3.98473 4.07313 4.1222 4.13047 4.12002 4.10533 4.1008 4.12162 4.12445 4.11216 4.12434 4.11433 3.84992 2.64344 2.23075 2.71695 -9999 -9999 -9999
-9999 -9999 -9999 -9999 -9999 -9999 2.28022 5.05635 6.32454 6.99424 7.93584 8.05364 7.75693 7.21701 5.90129 4.74478 2.8607 0.707696 -0.432294 2.99088 5.96965 7.52421 7.32003 3.73325 2.31656 2.24895 3.08005 2.37395 1.83758 0.112883 -0.403002 -1.11857 -0.679201 0.697519 1.82553 2.91416 3.70825 3.77945 4.2998 4.60414 4.63955 4.74397 4.66643 4.606 3.88089 4.40852 3.98653 4.23094 4.09449 3.9717 3.86597 3.45056 3.7599 4.03387 4.1094 4.13695 4.12623 4.12784 4.12221 4.10345 4.10127 4.10841 4.11584 4.11313 4.12468 4.12741 4.00397 3.2834 2.31414 1.08586 -9999 -9999
-9999 -9999 -9999 -9999 -9999 -9999 0.89587 3.6585 4.98943 6.70504 7.58925 7.95054 7.90866 7.47203 6.47348 4.96761 3.71374 1.30962 -1.1875 2.40456 5.60425 7.33117 7.42287 4.40919 5.24372 4.567 4.83754 3.59916 3.08328 2.67201 1.78278 0.811117 -0.252727 -0.811606 1.71617 3.0166 4.06534 4.56409 4.85038 4.99868 4.93312 4.75764 3.64852 4.51659 4.48872 4.41711 4.33267 4.29812 4.22164 4.12862 4.0767 4.06453 3.79091 4.11917 4.11903 4.12907 4.13601 4.1331 4.1229 4.11523 4.10499 4.11386 4.11537 4.11505 4.11891 4.1308 4.13461 4.10729 3.92527 2.27094 1.28623 1.02354
-9999 -9999 -9999 -9999 -9999 -9999 -2.98063 1.03712 4.26366 5.95267 7.32687 7.70848 7.85426 7.2664 6.82806 5.74992 4.72896 3.15084 0.78427 -0.67206 2.0166 5.92536 7.36564 7.25348 7.16287 6.38121 5.67633 5.5859 5.63707 4.81343 3.61674 2.05725 1.57357 1.02818 2.91168 3.1704 3.03788 5.11272 5.12516 5.01654 4.23511 3.35816 3.53778 3.00548 3.4428 2.80179 3.4155 3.94726 4.15289 4.14767 4.08804 4.08975 4.067 4.13093 4.13636 4.13329 4.13208 4.13404 4.1322 4.11453 4.10788 4.12433 4.11784 4.11537 4.11854 4.13259 4.14047 4.12309 4.10842 3.86436 3.49093 2.773
-9999 -9999 -9999 -9999 -9999 -9999 -2.80857 0.569023 3.43672 5.15643 6.81234 7.20014 7.76226 7.64687 7.18725 6.25049 5.07872 3.78052 1.75066 0.242362 2.04261 4.63637 6.49491 7.16144 7.15382 7.10865 6.93129 6.85509 6.64835 6.49731 5.64112 4.17137 3.33978 2.12334 4.22241 4.46123 4.13807 5.19055 5.14536 3.57139 2.36413 2.22271 2.97364 2.27896 2.17163 1.74805 2.25665 3.59934 3.22259 3.30981 3.92234 4.03083 4.10408 4.12835 4.13067 4.13392 4.12961 4.13713 4.14483 4.12778 4.12399 4.12639 4.11195 4.11871 4.11305 4.11695 4.1224 4.11827 4.10545 4.0443 3.97631 4.07715
-9999 -9999 -9999 -9999 -9999 -9999 -2.7384 -0.467145 2.1139 4.64484 6.41281 7.12867 7.65124 7.65034 7.11503 6.65153 5.91844 4.77665 3.9943 2.63295 0.762888 3.90425 4.86555 5.72581 6.08605 6.98123 6.95856 6.5472 6.06505 6.50681 6.37993 5.21479 4.83251 4.18711 5.35588 5.36227 5.33465 5.27798 3.9481 2.09787 0.621474 1.6999 1.48671 1.98572 0.482079 1.74496 2.76308 3.10087 2.43133 1.93379 3.51195 3.78285 3.94536 4.0517 4.12355 4.11428 4.13662 4.13372 4.13566 4.13749 4.13137 4.13111 4.12595 4.12106 4.11951 4.12499 4.11838 4.1074 4.11774 4.09453 4.09045 4.09369
-9999 -9999 -9999 -9999 -9999 -9999 -9999 -1.80641 1.46094 4.38194 6.01008 7.03565 7.53753 7.53284 7.26108 6.94746 6.49418 5.67125 4.63619 2.9982 1.78249 2.55764 3.49899 3.6065 4.23438 6.05411 6.67552 5.7941 3.61056 4.8999 6.33418 6.31164 6.19062 6.0558 5.88328 5.72921 5.38855 4.46909 1.64143 1.09148 -0.0118708 0.12367 -0.437021 0.816321 0.366964 1.65776 2.22327 2.44325 1.27013 1.52927 2.93224 3.49137 3.40817 3.75362 4.08494 4.10237 4.11834 4.11675 4.13061 4.14039 4.14262 4.13477 4.13269 4.13396 4.11984 4.13809 4.04374 3.98654 3.85913 4.04232 4.06997 4.0984
-9999 -9999 -9999 -9999 -9999 -9999 -9999 -2.46053 0.803909 4.24322 5.35023 6.45542 7.40992 7.43262 7.01484 6.61763 6.20818 5.74124 4.48502 3.26657 2.10301 1.71369 1.95024 1.9297 2.94572 5.31699 5.77636 5.58079 3.30494 2.53554 4.45215 6.06347 6.19207 6.04855 4.15708 4.56468 3.54751 2.16712 1.7923 1.19306 -0.080909 0.545 -0.384951 0.0271971 -0.067098 0.669832 1.03439 1.90866 0.887131 0.900361 2.27822 2.97558 3.00114 3.73174 3.99699 4.07187 4.09611 4.11557 4.12609 4.14513 4.14651 4.14432 4.13915 4.114 4.04155 3.80143 2.44682 2.45951 2.84684 3.21396 3.88061 4.07497
-9999 -9999 -9999 -9999 -9999 -9999 -9999 -2.08465 0.181784 3.23394 5.49589 5.64178 6.74364 7.3144 6.8596 6.34694 5.82219 5.59474 4.22724 2.72446 1.51049 0.0726743 0.311779 1.34727 3.036 4.5684 4.84309 4.52733 3.3081 3.88546 5.19344 5.88904 6.09593 5.93778 5.52865 5.29446 4.54678 4.22632 3.18747 1.56016 0.924152 1.34016 -0.386367 -0.256133 0.394672 -0.273408 0.860156 1.40763 0.0852007 1.15578 2.37207 2.99797 3.54591 3.80936 3.91895 4.08266 4.0943 4.11497 4.12976 4.13532 4.14335 4.12644 4.11421 3.97768 3.77233 2.50391 1.99086 2.1058 2.70718 3.23506 3.7979 4.02897
-9999 -9999 -9999 -9999 -9999 -9999 -9999 -1.7003 0.340675 2.98759 4.60138 4.89334 6.11474 7.20127 7.08429 6.55064 6.39069 5.83716 4.67788 3.39677 1.99591 1.31598 -0.250698 1.29561 2.51511 3.81338 4.42139 3.41993 2.91849 3.8113 4.69914 5.05534 5.95274 5.94755 5.65986 4.40736 3.79953 4.06434 3.80737 3.35315 2.23552 2.19328 1.4788 1.18796 0.913905 0.00815709 0.603449 0.671395 0.844001 2.12183 2.75907 3.1843 3.57154 3.67913 3.85177 4.07328 4.09978 4.11512 4.12187 4.13372 4.12603 4.07348 4.03072 3.74669 3.23736 2.27937 0.73131 1.84638 3.01198 3.37026 3.72426 3.90779
-9999 -9999 -9999 -9999 -9999 -9999 -9999 -2.04868 0.119233 2.38197 3.33028 3.49451 5.70177 7.05481 7.06102 6.81001 6.51608 5.14348 5.22762 4.95551 3.69217 1.85039 -0.172931 0.0190695 1.22816 2.93773 3.50614 1.85058 1.2674 1.70039 3.04224 4.24395 5.49895 5.82054 5.45741 3.50541 1.43127 2.40139 3.43809 3.43912 3.14397 2.10811 1.78467 1.49287 0.739906 -0.534237 -0.338821 0.0286622 1.48302 1.94801 2.6612 3.25476 3.04262 3.17979 3.74731 4.07621 4.09607 4.10952 4.12784 4.12829 4.11708 4.00413 3.88423 3.67756 2.33484 1.50339 0.295759 1.73197 2.52926 2.9709 3.72988 3.91746
-9999 -9999 -9999 -9999 -9999 -9999 -9999 -2.71986 -1.1456 1.01733 1.89134 3.28324 5.36928 6.39727 6.89203 6.88501 6.69031 6.07762 5.71048 4.98354 3.66926 1.87084 -0.128824 -1.43001 -0.765493 1.53643 2.08774 0.557288 -0.217117 0.753256 2.18345 4.29999 5.51099 5.67795 5.57307 5.17435 3.66148 1.833 1.84539 2.77191 2.00917 1.12188 1.62155 1.53834 0.794673 0.256059 -0.0651558 0.15693 0.986664 1.33532 2.15772 3.36712 3.54751 3.52164 4.03522 4.06841 4.08801 4.11483 4.12196 4.12509 4.11777 4.02705 3.81406 2.92283 2.14687 1.06419 0.937987 2.22385 2.79102 3.32415 3.70069 3.82901
-9999 -9999 -9999 -9999 -9999 -9999 -9999 -3.87449 -2.02298 0.00342374 1.90112 3.69677 5.24277 5.36584 6.18301 6.18575 6.61554 6.49697 5.92908 5.31734 4.1854 1.87445 -0.0685574 -2.18802 -1.62661 0.725922 1.02939 0.00837914 -1.8801 0.0757201 2.23252 4.18782 5.24819 4.42394 5.27736 5.21249 4.64894 3.56273 1.87109 1.90966 0.644186 0.595962 1.2568 1.47655 1.37558 0.973122 0.332185 0.456222 0.963076 1.09895 1.85539 2.79549 3.71458 3.87583 4.0576 4.07299 4.08365 4.1056 4.11514 4.10389 4.06507 3.96969 3.22357 2.33485 1.79062 1.03864 0.954852 2.43036 3.03038 3.37161 3.69781 3.83146
-9999 -9999 -9999 -9999 -9999 -9999 -9999 -9999 -2.21342 -0.120055 1.43001 1.85029 3.22492 3.96896 4.54555 4.67625 6.31422 6.40778 6.04896 5.48728 4.52229 2.76937 1.54863 -0.484194 -1.94486 -1.33882 -1.0648 -0.52445 -0.68004 0.194014 2.26688 4.4266 4.6657 3.30021 3.5076 3.79909 4.44664 4.12643 1.81917 0.650224 -0.318679 0.381256 1.11749 1.30139 1.3444 1.21161 1.06788 0.794744 1.77877 2.50911 2.68508 3.3227 3.79552 3.932 4.0367 4.05656 4.07653 4.08446 4.06512 4.05318 3.94433 3.6909 2.85518 0.834467 0.937203 0.725886 0.103035 1.54255 2.47047 3.28417 3.72026 3.83868
-9999 -9999 -9999 -9999 -9999 -9999 -9999 -9999 -2.91005 -0.488564 0.0260513 -0.00791034 -0.804357 -0.431926 2.53933 3.14062 4.71163 6.19922 6.09353 5.54254 4.63984 3.5969 1.98054 -0.305975 -2.12247 -2.88732 -0.927941 0.991034 1.39088 2.00769 3.27926 3.52394 2.12809 0.81966 1.56128 2.01014 3.70688 4.02114 3.69823 2.31066 0.723582 -0.101491 0.887498 1.02604 1.09248 1.11184 1.09397 1.06705 2.17445 2.79159 3.22225 3.46054 3.86772 3.97801 4.01876 4.05743 4.05803 4.04516 3.98979 3.92574 3.61793 3.24373 1.86965 0.725411 0.0148765 -0.889047 1.17391 1.79606 2.66318 3.22215 3.65577 3.75677
