Test_Spring_2018b/12_17/Temp/20171220_019.txt
ncols	170
nrows	115
xllcorner	350000.000000
yllcorner	4445000.000000
cellsize	1000.000000
nodata_value	-9999.000000
[rows 31 to 61 of 115, columns 70 to 139 of 170]
2.98367 3.6952 3.96066 3.47596 3.53109 4.72259 4.99437 4.98421 4.89592 4.79134 4.23946 4.05943 3.62581 2.85669 2.53804 1.16437 -3.29139 -2.02233 -1.52236 -2.80988 -2.0815 -0.899771 -1.91675 -4.94745 -6.2487 -8.34871 -7.66319 -8.27933 -9.96746 -9999 -9999 -9999 -9999 -9999 -9999 -9999 -9999 -9999 -9999 -9999 -9999 -9999 -9999 -9999 -9999 -9999 -9999 -9999 -9999 -9999 -9999 -9999 -9999 -9999 -9999 -9999 -9999 -9999 -9999 -9999 -9999 -9999 -9999 -9999 -9999 -9999 -9999 -9999 -9999 -9999
3.11145 3.43991 3.4156 2.94894 3.6852 4.3638 3.97232 3.71534 4.83063 4.83766 4.46751 3.58853 3.27013 2.93956 2.73929 1.60914 -1.57277 -4.44067 -2.89486 -2.85227 -3.91084 -1.99497 -2.9969 -5.62111 -9.32824 -7.30163 -7.8192 -10.4221 -11.0542 -9999 -9999 -9999 -9999 -9999 -9999 -9999 -9999 -9999 -9999 -9999 -9999 -9999 -9999 -9999 -9999 -9999 -9999 -9999 -9999 -9999 -9999 -9999 -9999 -9999 -9999 -9999 -9999 -9999 -9999 -9999 -9999 -9999 -9999 -9999 -9999 -9999 -9999 -9999 -9999 -9999
2.2133 3.02416 2.78244 2.58529 3.67659 3.6601 3.60951 4.01746 4.71408 4.85791 4.71777 4.33819 4.01033 3.661 2.7646 1.47092 -1.25135 -4.5165 -5.25239 -3.64533 -3.56225 -3.29847 -4.21103 -5.35873 -7.1579 -5.67117 -5.08904 -6.8003 -9.0382 -10.4762 -9999 -9999 -9999 -9999 -9999 -9999 -9999 -9999 -9999 -9999 -9999 -9999 -9999 -9999 -9999 -9999 -9999 -9999 -9999 -9999 -9999 -9999 -9999 -9999 -9999 -9999 -9999 -9999 -9999 -9999 -9999 -9999 -9999 -9999 -9999 -9999 -9999 -9999 -9999 -9999
1.00841 2.39609 2.02703 0.98036 1.6405 2.13786 3.07174 3.32079 3.46431 4.76584 4.70424 4.65105 4.10493 3.66933 2.9432 1.69835 -0.0766527 -2.21506 -5.94281 -3.63439 -1.82533 -1.86503 -1.95707 -2.7591 -4.4874 -3.02813 -2.95247 -5.13496 -7.62193 -9.09486 -9.69969 -9999 -9999 -9999 -9999 -9999 -9999 -9999 -9999 -9999 -9999 -9999 -9999 -9999 -9999 -9999 -9999 -9999 -9999 -9999 -9999 -9999 -9999 -9999 -9999 -9999 -9999 -9999 -9999 -9999 -9999 -9999 -9999 -9999 -9999 -9999 -9999 -9999 -9999 -9999
-9999 1.52318 1.16809 -0.111609 0.552626 1.4371 2.69148 3.35195 3.85002 4.2443 4.64611 4.60628 4.04719 2.38276 2.15037 2.08416 0.925253 -1.51353 -3.94907 -4.57548 -1.8191 -1.02554 -1.17932 -0.558361 -2.02138 -1.31939 -1.59684 -2.36177 -4.75451 -6.94302 -7.84867 -9.64588 -9999 -9999 -9999 -9999 -9999 -9999 -9999 -9999 -9999 -9999 -9999 -9999 -9999 -9999 -9999 -9999 -9999 -9999 -9999 -9999 -9999 -9999 -9999 -9999 -9999 -9999 -9999 -9999 -9999 -9999 -9999 -9999 -9999 -9999 -9999 -9999 -9999 -9999
-9999 -9999 -9999 -9999 -0.915782 0.294578 1.29327 2.52207 3.57687 4.10829 4.6245 4.5904 3.46629 2.91958 2.87742 2.12015 0.781255 -0.0569106 -1.58824 -3.18387 -2.56595 -0.214343 -1.25102 0.417324 0.283707 0.596208 -0.507193 -2.58488 -5.37707 -6.9987 -7.80819 -9.26326 -9999 -9999 -9999 -9999 -9999 -9999 -9999 -9999 -9999 -9999 -9999 -9999 -9999 -9999 -9999 -9999 -9999 -9999 -9999 -9999 -9999 -9999 -9999 -9999 -9999 -9999 -9999 -9999 -9999 -9999 -9999 -9999 -9999 -9999 -9999 -9999 -9999 -9999
-9999 -9999 -9999 -9999 -9999 0.0737892 0.837027 2.46451 3.32067 3.66834 4.49672 4.50554 4.08387 3.76685 3.30365 2.69654 1.69163 0.582255 -0.857768 -0.9857 0.520573 0.54536 0.238444 0.491521 1.26929 1.07328 -0.628327 -3.57791 -5.13802 -8.29622 -9.65355 -9.50654 -10.467 -9999 -9999 -9999 -9999 -9999 -9999 -9999 -9999 -9999 -9999 -9999 -9999 -6.67383 -9999 -9999 -9999 -9999 -9999 -9999 -9999 -9999 -9999 -9999 -9999 -9999 -9999 -9999 -9999 -9999 -9999 -9999 -9999 -9999 -12.343 -9999 -9999 -9999
-9999 -9999 -9999 -9999 -0.0891876 0.93709 1.73277 2.75625 2.87198 3.48634 4.43792 4.45879 4.16171 3.82475 3.05892 2.87342 2.30371 1.09856 0.856481 1.35296 1.58495 1.84738 2.0117 1.89054 1.58547 1.18936 0.106209 -1.26179 -2.17725 -5.07075 -6.52474 -7.92602 -10.051 -11.7121 -9999 -9999 -9999 -9999 -9999 -9999 -9999 -7.82109 -7.89283 -7.8471 -7.37123 -6.07171 -6.82132 -9999 -9999 -9999 -9999 -9999 -9999 -9999 -9999 -9999 -9999 -9999 -9999 -9999 -9999 -9999 -9999 -9999 -9999 -9999 -11.1787 -12.8542 -9999 -9999
-9999 -9999 -9999 -9999 0.188997 1.26187 1.80215 2.79703 3.36984 3.75853 4.09357 4.4136 4.36782 3.99417 3.42209 3.43141 2.64034 2.21622 1.91498 2.58432 2.72139 2.46131 2.1339 1.84553 1.01756 0.92857 0.681364 -0.183534 -1.60887 -3.07806 -5.18483 -8.07157 -10.9028 -13.1856 -9999 -9999 -9999 -9999 -9999 -9999 -7.59064 -6.5112 -5.8612 -7.21905 -6.04362 -4.96808 -5.12913 -6.14376 -9999 -9999 -9999 -9999 -9999 -9999 -9999 -9999 -9999 -9999 -9999 -9999 -9999 -9999 -3.23408 -4.95167 -8.42506 -10.2038 -11.2698 -12.7931 -9999 -9999
-9999 -9999 -9999 -9999 -0.0257021 1.24056 2.10155 2.8668 2.99699 3.78345 4.13668 4.31209 4.2991 4.23001 4.12927 3.4395 3.14564 2.10001 3.11048 3.07782 2.82916 1.82814 1.3982 -0.323969 -1.07735 -1.2239 0.239444 -0.826291 -3.06144 -5.85806 -9.21081 -9.41498 -10.5232 -12.5629 -9999 -9999 -9999 -9999 -9999 -9999 -7.26172 -6.10772 -5.14277 -4.99513 -6.34402 -4.43947 -4.49309 -5.54342 -5.77394 -4.89456 -4.444 -4.75269 -3.70295 -3.39128 -3.85255 -3.33232 -9999 -9999 -9999 -9999 -3.00277 -2.92955 -2.87359 -3.58744 -7.38253 -9.97356 -12.3 -12.5089 -9999 -9999
-9999 -9999 -9999 -9999 0.840568 1.62463 2.02636 2.10011 2.78829 3.4776 3.90979 4.22239 4.16782 4.14907 4.12823 3.89552 3.34788 3.45203 3.41216 3.09488 1.18303 -1.0489 -0.0668265 -1.38807 -4.21886 -1.8896 -0.610521 -1.81883 -4.52878 -7.67287 -8.68689 -8.62909 -10.1732 -12.1637 -9999 -9999 -9999 -10.4191 -8.77129 -8.62247 -8.13195 -6.5954 -5.42426 -4.53685 -3.93054 -3.93353 -4.55003 -5.57662 -6.69329 -6.28079 -4.24228 -3.73764 -3.29979 -2.97674 -3.40421 -3.17238 -2.62418 -2.33867 -2.27715 -2.40061 -2.42612 -2.37852 -2.44022 -3.10654 -6.49855 -8.44014 -9.67786 -12.1657 -9999 -9999
-9999 -9999 -9999 -9999 0.357272 1.04097 1.5967 2.50754 2.61354 3.19583 3.54684 4.06508 4.12874 3.54363 4.03741 3.9791 3.89225 3.70284 3.4234 1.80967 -0.415872 -2.64634 -3.67221 -3.22056 -4.92314 -4.02693 -2.7308 -3.18832 -4.84622 -7.64602 -8.03279 -8.66986 -11.2656 -13.7706 -9999 -9999 -13.6114 -10.4554 -8.2315 -7.08149 -6.72089 -6.68015 -5.20656 -5.08327 -3.49588 -3.85064 -5.92449 -5.6788 -6.47547 -5.93789 -5.1837 -4.96911 -3.88171 -2.84177 -2.6397 -2.62826 -2.27691 -2.2006 -2.17769 -2.18268 -2.41328 -2.30316 -2.28399 -2.69865 -5.15785 -6.35578 -7.67277 -12.1355 -9999 -9999
-9999 -9999 -9999 -9999 0.700136 1.46365 2.29848 2.44267 3.06315 3.00587 2.84391 3.7031 4.02556 3.61407 3.31873 3.8767 3.84243 3.7729 3.65595 2.1395 0.384448 -2.27443 -3.92357 -4.925 -5.63559 -6.57739 -5.90678 -6.09872 -6.35949 -6.03811 -6.7983 -8.32363 -9.84336 -12.6905 -14.231 -9999 -13.4427 -12.0161 -9.37255 -7.12487 -5.69556 -6.20096 -4.5264 -4.20893 -3.23403 -3.78828 -5.04169 -5.57467 -5.61155 -5.76627 -4.63166 -3.86023 -3.3094 -2.94398 -2.49049 -2.37054 -2.25096 -2.19826 -2.16796 -2.13805 -2.1406 -2.14674 -2.19417 -2.34878 -3.4785 -4.67177 -7.25855 -11.9878 -9999 -9999
-9999 -9999 -9999 -1.51209 0.61122 1.88467 2.38477 2.74849 3.0698 3.3046 3.5518 3.77742 3.93706 3.88093 2.78074 2.87507 3.07734 3.7081 3.66709 3.53378 2.57631 -0.660339 -1.77175 -3.40015 -5.51195 -6.38112 -5.92759 -4.17858 -4.24545 -5.38605 -6.6588 -8.41712 -9.5354 -11.2814 -14.6373 -14.3301 -12.8103 -11.6785 -9.88076 -7.13478 -5.20776 -4.34407 -4.01303 -3.32658 -2.96566 -3.72822 -4.45078 -4.74857 -5.31009 -5.37849 -5.3616 -4.67089 -4.12377 -2.93118 -2.5263 -2.33684 -2.23796 -2.18276 -2.14205 -2.10275 -2.0874 -2.10756 -2.10427 -2.11163 -2.1908 -3.7837 -7.77193 -10.7754 -9999 -9999
-9999 -9999 -9999 -9999 0.219732 0.787085 0.944428 1.21015 1.74135 2.3513 3.21231 3.32979 3.80498 3.80709 2.86172 1.7659 2.7273 3.11111 3.50904 3.52481 3.40555 0.688417 -0.729755 -1.8438 -3.8681 -3.11755 -2.40977 -2.34563 -2.75482 -5.21196 -7.65954 -10.4788 -13.1185 -13.2381 -14.6556 -13.8948 -12.8898 -10.3157 -8.50294 -7.76511 -7.23325 -4.44056 -3.70692 -3.44855 -2.72531 -3.68728 -3.91892 -4.63736 -4.40694 -4.45759 -4.44003 -6.45216 -4.40189 -4.2707 -2.93697 -2.32994 -2.18788 -2.14549 -2.10171 -2.09175 -2.08118 -2.08497 -2.06971 -2.08656 -2.10647 -3.14115 -8.19985 -10.7385 -9999 -9999
-9999 -9999 -9999 -9999 -9999 -9999 0.419993 0.855249 1.13785 1.61786 3.06779 3.46357 3.72814 3.75602 3.33641 2.25196 1.9686 2.17126 1.11238 2.00526 3.22661 3.20246 3.06222 0.675202 -0.534496 0.66287 0.313598 -1.47545 -2.88102 -4.26836 -7.13538 -9.22708 -12.2533 -14.5249 -14.6046 -12.0848 -9.9905 -7.38607 -6.23484 -6.88404 -6.17163 -4.78029 -3.20045 -2.43134 -2.60052 -3.61494 -3.74361 -4.85792 -3.73622 -3.62744 -4.1288 -4.56043 -4.36417 -3.69786 -3.4376 -2.39285 -2.13424 -2.08225 -2.06968 -2.06179 -2.06347 -2.0673 -2.07752 -2.08658 -2.09925 -2.14401 -7.34416 -11.3892 -9999 -9999
-9999 -9999 -9999 -9999 -9999 -9999 -0.579181 -0.309152 0.379975 2.13083 3.05233 3.42855 3.4231 3.5992 3.30467 2.35073 1.37086 0.446584 -0.745794 -0.057454 1.7573 2.83033 2.95892 0.867592 1.97584 1.57788 0.783045 -1.56007 -3.28383 -4.19245 -6.94429 -9.29468 -11.3052 -14.0854 -12.887 -11.5688 -9.87793 -7.03611 -5.11802 -4.3274 -4.98247 -4.0913 -2.27453 -2.25547 -3.2347 -3.15888 -3.74655 -5.27392 -3.65578 -3.19009 -3.53961 -3.43108 -3.54772 -3.29213 -2.83736 -2.40312 -2.11263 -2.068 -2.05839 -2.06417 -2.06209 -2.0589 -2.0771 -2.07386 -2.08669 -2.11127 -5.46711 -11.4661 -9999 -9999
-9999 -9999 -9999 -9999 -9999 -9999 -9999 -1.47572 0.0819991 2.40266 2.98608 2.94186 3.42578 3.47275 3.01797 2.62299 1.43268 -0.195073 -3.32447 -2.52197 -0.851052 1.55709 2.82674 2.66481 1.97807 0.769358 -2.17084 -4.74231 -5.04425 -5.45563 -7.46085 -9.26737 -11.5034 -10.1958 -8.76508 -7.20142 -6.37823 -6.58712 -4.94298 -3.6014 -4.16435 -3.07262 -1.7987 -2.36402 -2.69336 -2.96685 -3.64837 -3.67675 -3.58976 -2.66428 -3.27994 -2.87816 -2.84921 -2.8589 -2.63197 -2.37371 -2.10434 -2.05504 -2.04957 -2.04178 -2.06961 -2.0569 -2.07014 -2.08324 -2.095 -2.11586 -2.41755 -5.64799 -7.5771 -9999
-9999 -9999 -9999 -9999 -9999 -9999 -9999 -2.90176 -2.11938 0.626881 1.48157 2.69836 3.34698 3.38229 2.61116 2.18314 0.407808 -0.165886 -3.06032 -4.36767 -3.24873 -3.66858 -0.353941 2.58107 1.95974 -3.93667 -6.06481 -7.57923 -7.17547 -7.16025 -7.71043 -10.7966 -11.6432 -8.85837 -7.10319 -5.74282 -4.71045 -4.49227 -4.5242 -2.4282 -2.14464 -1.45872 -1.59906 -1.52724 -2.57338 -3.21565 -2.62979 -3.27477 -3.37309 -2.41757 -3.32972 -2.47702 -2.55668 -2.79609 -2.79814 -2.23621 -2.1162 -2.05073 -2.0422 -2.06044 -2.08594 -2.09934 -2.07958 -2.0861 -2.11479 -2.1111 -2.13877 -2.52128 -4.19117 -4.77249
-9999 -9999 -9999 -9999 -9999 -9999 -9999 -9999 -4.67049 -0.85817 0.888527 1.80901 3.10083 3.26147 2.85519 2.11069 0.302092 -1.28789 -3.87476 -6.82909 -8.38991 -3.69274 0.397304 2.53659 2.27236 -2.63416 -4.56351 -4.64189 -3.48725 -4.44036 -5.1609 -7.50233 -8.19826 -9.16989 -8.56 -6.66502 -5.11759 -3.6258 -2.54034 -2.4483 -1.742 -1.33063 -1.29024 -1.15529 -1.26954 -1.35971 -2.36436 -1.64678 -2.2303 -1.89885 -2.08858 -2.25859 -2.39786 -2.969 -2.54595 -2.17134 -2.06913 -2.03359 -2.05106 -2.05285 -2.06599 -2.09865 -2.11068 -2.11114 -2.11256 -2.12901 -2.12679 -2.14273 -2.32706 -3.33019
-9999 -9999 -9999 -9999 -9999 -9999 -9999 -9999 -6.56957 -2.77626 -0.943697 1.41084 2.62707 3.12339 3.06291 2.46046 1.08726 -0.981338 -2.70361 -6.002 -9.42633 -4.49852 -0.101736 2.27344 2.40819 -1.70685 -0.549988 -1.46459 -1.07965 -2.7637 -3.45715 -3.99797 -5.20663 -6.53007 -7.97827 -8.74222 -5.2744 -3.49207 -2.05716 -1.37847 -0.992702 -0.797273 -0.89115 -1.14009 -2.66863 -1.48526 -1.53366 -1.63766 -1.75822 -1.80932 -1.91691 -2.04625 -2.11163 -2.13 -2.5066 -2.05748 -2.06019 -2.0485 -2.04196 -2.0501 -2.06957 -2.08701 -2.1094 -2.10506 -2.11706 -2.12982 -2.13766 -2.14065 -2.14989 -2.2018
-9999 -9999 -9999 -9999 -9999 -9999 -9999 -9999 -11.8861 -6.37222 -1.93581 0.381528 2.26938 2.79092 2.98817 2.17883 1.57438 0.0928383 -1.30958 -3.47494 -6.72007 -8.71532 -5.02417 0.341826 2.33096 2.19415 2.08127 1.02158 0.0676972 -0.043398 0.0395126 -1.06743 -2.69306 -4.82401 -5.48333 -6.22768 -3.64347 -3.28955 -3.47422 -0.633771 -0.622985 -0.779257 -1.85873 -3.06306 -2.82389 -3.56097 -2.97129 -3.8559 -3.01899 -2.29351 -2.01435 -2.02351 -2.09936 -2.09867 -2.13153 -2.04681 -2.0412 -2.04781 -2.05272 -2.05435 -2.06244 -2.09355 -2.11084 -2.09768 -2.11462 -2.1293 -2.14168 -2.14123 -2.14417 -2.18172
-9999 -9999 -9999 -9999 -9999 -9999 -9999 -9999 -11.646 -7.00566 -3.07099 -0.707028 1.56318 2.09346 2.86205 2.70112 2.06803 0.78091 -0.827866 -2.60903 -5.39228 -7.45884 -4.98675 -1.4238 1.13196 2.06273 2.06826 2.01724 1.78541 1.69784 1.42587 1.24109 0.0753872 -1.93501 -3.07038 -4.73533 -1.85566 -1.52893 -1.97473 -0.535776 -0.603403 -2.76842 -4.43112 -4.63236 -3.60202 -4.56092 -4.71806 -5.3045 -4.61162 -2.77412 -3.29399 -3.17653 -2.33018 -2.18363 -2.08674 -2.05544 -2.0545 -2.05281 -2.06226 -2.05646 -2.05153 -2.08171 -2.09487 -2.10062 -2.13042 -2.12919 -2.1485 -2.16167 -2.17147 -2.19006
-9999 -9999 -9999 -9999 -9999 -9999 -9999 -9999 -11.5516 -8.42716 -4.88598 -1.40906 1.01488 1.99527 2.71 2.70654 1.97018 1.33254 0.325756 -1.24063 -2.31303 -4.17818 -6.73952 -2.42723 -1.10133 0.0944718 0.601448 1.83961 1.81958 1.26664 0.632712 1.24702 1.07889 -0.513087 -1.03298 -1.91529 -0.311533 -0.303499 -0.343747 -0.425287 -2.25401 -4.79713 -6.82815 -5.35588 -5.65465 -4.96763 -7.03932 -5.31319 -3.92149 -3.46198 -4.38322 -5.06792 -2.89729 -2.53002 -2.30957 -2.16617 -2.07029 -2.08615 -2.05935 -2.068 -2.07101 -2.0752 -2.09129 -2.1003 -2.11687 -2.13376 -2.14374 -2.15425 -2.17543 -2.20403
-9999 -9999 -9999 -9999 -9999 -9999 -9999 -9999 -9999 -10.2651 -5.77616 -1.77008 0.462297 1.8677 2.55446 2.5463 2.17185 1.74025 1.11764 -0.0111071 -1.4298 -3.67414 -5.33817 -4.27083 -2.97214 -2.80842 -1.93885 0.565791 1.42754 0.228508 -2.7423 -0.967267 1.00609 0.980533 0.818577 0.636232 0.401257 0.189278 -0.279991 -1.54424 -5.42628 -6.18611 -7.7049 -7.52499 -8.29974 -6.57667 -7.20255 -5.43741 -4.66628 -4.36834 -5.98018 -5.61728 -3.69829 -2.93444 -3.05129 -2.58039 -2.12962 -2.10921 -2.09141 -2.09843 -2.0851 -2.07825 -2.08262 -2.10137 -2.11331 -2.12129 -2.14773 -2.14073 -2.28168 -2.37178
-9999 -9999 -9999 -9999 -9999 -9999 -9999 -9999 -9999 -11.1545 -6.67693 -1.96029 -0.442551 1.07216 2.37987 2.4096 1.8353 1.28942 0.72721 0.0868115 -1.63513 -3.30431 -4.89717 -5.42724 -5.09796 -5.10806 -3.7074 -0.447719 0.190446 -0.0694446 -3.16807 -4.2169 -1.58318 0.630913 0.810577 0.615833 -1.9772 -1.41884 -2.81553 -4.71143 -5.22933 -6.05569 -7.80776 -6.95471 -8.2352 -7.67503 -7.80301 -6.79717 -6.30149 -5.10634 -6.51044 -6.48473 -4.60043 -3.64736 -3.61545 -2.61678 -2.25646 -2.15757 -2.12866 -2.10695 -2.09822 -2.07856 -2.08388 -2.09478 -2.11041 -2.15398 -2.26285 -2.5989 -4.4745 -4.46789
-9999 -9999 -9999 -9999 -9999 -9999 -9999 -9999 -9999 -10.6382 -7.52961 -3.34409 -0.242655 -0.0433713 1.46658 2.2481 1.6233 0.919366 0.199241 -0.112632 -1.98719 -4.04647 -5.7088 -7.67721 -7.34514 -5.92014 -3.58534 -1.47718 -1.09349 -1.51946 -3.16983 -2.37292 -0.574796 0.382719 0.669103 0.453828 -0.106714 -0.428488 -1.45546 -1.89754 -3.32555 -5.56113 -6.43774 -5.87192 -8.24419 -8.07012 -7.18191 -8.09592 -6.5456 -5.79861 -7.61546 -6.1415 -4.47729 -3.62252 -2.8746 -2.51688 -2.37035 -2.14992 -2.13847 -2.11518 -2.10054 -2.09919 -2.09508 -2.12573 -2.15049 -2.34615 -2.63655 -4.38502 -5.10272 -4.95505
-9999 -9999 -9999 -9999 -9999 -9999 -9999 -9999 -9999 -10.1101 -7.31111 -3.68155 -1.46907 -1.06949 0.604463 2.0934 1.93202 1.19946 0.979703 0.220699 -1.3684 -3.12388 -5.04286 -5.97244 -8.11729 -5.99258 -4.30172 -2.51565 -1.67595 -3.02707 -3.71003 -2.48151 -1.2604 -0.769072 0.463593 0.457641 0.0633582 -1.65489 -2.48998 -2.12921 -2.48463 -3.11107 -4.64761 -4.70964 -5.69359 -6.09652 -6.47623 -7.7153 -6.90302 -6.81363 -6.58129 -4.82229 -3.95235 -3.37304 -2.84579 -2.7021 -2.46937 -2.16991 -2.13822 -2.12229 -2.11859 -2.10842 -2.12553 -2.20463 -2.27071 -2.66802 -3.37458 -4.69662 -6.83286 -5.31294
-9999 -9999 -9999 -9999 -9999 -9999 -9999 -9999 -9999 -10.5868 -7.61408 -4.51161 -3.21188 -2.98753 0.0383192 1.89277 1.90038 1.55547 1.15201 -0.73023 -0.61432 -0.986365 -2.71706 -5.24034 -8.01194 -7.74506 -6.07301 -3.71969 -2.93521 -5.18397 -5.9799 -5.38277 -3.53985 -1.88973 -0.167242 0.274508 -0.223492 -2.90108 -5.74688 -4.41872 -2.99981 -3.00156 -3.40979 -4.83394 -5.28123 -5.6851 -6.72126 -8.47565 -8.20072 -7.70059 -5.69979 -5.06636 -4.09247 -3.28255 -3.5775 -3.39351 -2.61951 -2.17296 -2.15047 -2.13711 -2.11745 -2.12268 -2.1443 -2.30579 -2.47714 -2.76779 -4.61654 -5.76437 -7.43548 -5.47198
-9999 -9999 -9999 -9999 -9999 -9999 -9999 -9999 -9999 -11.5061 -9.34785 -6.38256 -5.18492 -3.27721 -0.417669 0.990978 1.66852 1.65817 1.39074 0.550498 0.047436 -0.948531 -2.74936 -5.21354 -7.95315 -9.73443 -8.81972 -5.64466 -4.88194 -6.96221 -8.0211 -6.68775 -4.72434 -1.82028 -0.158616 0.0706941 -0.0734193 -0.621102 -2.69723 -5.20668 -5.19219 -3.92451 -4.9736 -6.19366 -5.51187 -5.62939 -6.65256 -7.39444 -7.83108 -7.5307 -6.38616 -5.91238 -4.78889 -3.13467 -2.89155 -2.93135 -2.2315 -2.19059 -2.16851 -2.13679 -2.13235 -2.13367 -2.14962 -2.28021 -2.57873 -3.80755 -4.8785 -6.37022 -6.55043 -4.7996
-9999 -9999 -9999 -9999 -9999 -9999 -9999 -9999 -9999 -13.0884 -10.5504 -7.77262 -5.17145 -2.71028 -0.591471 -0.423867 0.695687 0.698626 1.28747 1.12471 0.346198 -0.491969 -2.043 -5.21029 -7.87256 -10.7764 -10.0035 -6.76402 -6.32219 -7.71956 -10.3068 -7.62262 -4.66333 -1.98088 -0.526208 -1.65649 -0.486723 -0.576744 -1.3511 -2.8426 -5.16471 -5.11447 -6.85269 -6.92186 -6.01878 -5.7206 -5.86224 -6.41728 -7.30272 -7.12568 -6.42429 -6.24239 -5.20948 -3.92472 -2.66881 -2.45217 -2.2075 -2.19108 -2.1813 -2.1562 -2.1483 -2.16912 -2.22793 -2.36451 -3.39365 -4.6185 -5.37111 -6.40875 -6.53019 -4.52077
