Test_Spring_2018b/12_17/Temp/20171214_006.txt
ncols	170
nrows	115
xllcorner	350000.000000
yllcorner	4445000.000000
cellsize	1000.000000
nodata_value	-9999.000000
[rows 32 to 63 of 115, columns 72 to 143 of 170]
10.3368 10.0216 10.4995 10.9394 10.6716 10.4919 11.2202 11.2164 10.9639 10.3759 10.1576 9.93132 9.79097 9.03741 6.93078 5.03121 6.04228 6.06196 5.35536 6.61017 5.94063 4.20109 1.74722 3.07441 2.72363 0.987675 0.558989 -9999 -9999 -9999 -9999 -9999 -9999 -9999 -9999 -9999 -9999 -9999 -9999 -9999 -9999 -9999 -9999 -9999 -9999 -9999 -9999 -9999 -9999 -9999 -9999 -9999 -9999 -9999 -9999 -9999 -9999 -9999 -9999 -9999 -9999 -9999 -9999 -9999 -9999 -9999 -9999 -9999 -9999 -9999 -9999 -9999
9.92369 9.78617 10.4983 10.4798 10.4336 10.6956 11.1479 11.2344 11.1337 10.8751 10.6506 10.412 9.81258 8.9512 7.1477 4.98614 4.49248 5.54384 5.59007 5.75534 5.14471 4.37885 3.18323 4.15441 4.52891 3.38521 1.89322 0.932777 -9999 -9999 -9999 -9999 -9999 -9999 -9999 -9999 -9999 -9999 -9999 -9999 -9999 -9999 -9999 -9999 -9999 -9999 -9999 -9999 -9999 -9999 -9999 -9999 -9999 -9999 -9999 -9999 -9999 -9999 -9999 -9999 -9999 -9999 -9999 -9999 -9999 -9999 -9999 -9999 -9999 -9999 -9999 -9999
9.43013 8.73235 9.16009 9.48044 10.0815 10.2421 10.3284 11.1784 11.1295 11.0862 10.7179 10.4224 9.93539 9.10626 7.92747 6.50897 4.04226 5.55611 6.74052 6.70561 6.63604 6.09811 4.9492 5.90226 5.94277 4.48587 2.82957 1.84871 1.4404 -9999 -9999 -9999 -9999 -9999 -9999 -9999 -9999 -9999 -9999 -9999 -9999 -9999 -9999 -9999 -9999 -9999 -9999 -9999 -9999 -9999 -9999 -9999 -9999 -9999 -9999 -9999 -9999 -9999 -9999 -9999 -9999 -9999 -9999 -9999 -9999 -9999 -9999 -9999 -9999 -9999 -9999 -9999
8.86848 8.01695 8.44733 9.02293 9.83998 10.264 10.5875 10.8393 11.096 11.0616 10.6848 9.57902 9.41766 9.36586 8.59341 6.97685 5.36231 4.94071 6.74982 7.26435 7.154 7.55442 6.58039 7.03401 6.84163 6.32468 4.72994 3.27278 2.66615 1.4717 -9999 -9999 -9999 -9999 -9999 -9999 -9999 -9999 -9999 -9999 -9999 -9999 -9999 -9999 -9999 -9999 -9999 -9999 -9999 -9999 -9999 -9999 -9999 -9999 -9999 -9999 -9999 -9999 -9999 -9999 -9999 -9999 -9999 -9999 -9999 -9999 -9999 -9999 -9999 -9999 -9999 -9999
-9999 -9999 7.4837 8.27168 8.92403 9.72137 10.4121 10.7543 11.0866 11.056 10.3067 9.93813 9.90231 9.39486 8.50378 7.9428 6.92458 5.8638 6.26262 7.80457 7.1119 8.20295 8.10553 8.3022 7.56507 6.18065 4.32429 3.24103 2.69783 1.72906 -9999 -9999 -9999 -9999 -9999 -9999 -9999 -9999 -9999 -9999 -9999 -9999 -9999 -9999 -9999 -9999 -9999 -9999 -9999 -9999 -9999 -9999 -9999 -9999 -9999 -9999 -9999 -9999 -9999 -9999 -9999 -9999 -9999 -9999 -9999 -9999 -9999 -9999 -9999 -9999 -9999 -9999
-9999 -9999 -9999 8.1307 8.62769 9.69299 10.2479 10.469 11.0072 11.005 10.719 10.502 10.1886 9.7803 9.10955 8.36978 7.41179 7.3189 8.30351 8.31093 8.09942 8.25703 8.76052 8.62172 7.48679 5.53054 4.49201 2.39025 1.48577 1.57354 0.931153 -9999 -9999 -9999 -9999 -9999 -9999 -9999 -9999 -9999 -9999 -9999 -9999 3.32022 -9999 -9999 -9999 -9999 -9999 -9999 -9999 -9999 -9999 -9999 -9999 -9999 -9999 -9999 -9999 -9999 -9999 -9999 -9999 -9999 -0.618862 -9999 -9999 -9999 -9999 -9999 -9999 -9999
-9999 -9999 8.03843 8.70635 9.22293 9.88984 9.9534 10.3537 10.9731 10.979 10.7753 10.5453 10.0325 9.90231 9.51866 8.71581 8.54786 8.86674 9.01096 9.17503 9.27415 9.18483 8.97407 8.70315 7.97469 7.06261 6.44906 4.52609 3.55386 2.62058 1.2103 0.106102 -9999 -9999 -9999 -9999 -9999 -9999 -9999 2.60464 2.54855 2.56978 2.87455 3.7224 3.21884 -9999 -9999 -9999 -9999 -9999 -9999 -9999 -9999 -9999 -9999 -9999 -9999 -9999 -9999 -9999 -9999 -9999 -9999 -9999 0.154401 -0.960117 -9999 -9999 -9999 -9999 -9999 -9999
-9999 -9999 8.22598 8.92512 9.27316 9.92112 10.2909 10.5378 10.7508 10.954 10.9161 10.6621 10.2772 10.2756 9.74614 9.45845 9.25154 9.68442 9.766 9.58539 9.36011 9.16036 8.60457 8.536 8.35875 7.77824 6.82825 5.8495 4.44206 2.52914 0.653098 -0.860958 -9999 -9999 -9999 -9999 -9999 -9999 2.77061 3.47382 3.89364 2.98919 3.75519 4.4552 4.33965 3.65552 -9999 -9999 -9999 -9999 -9999 -9999 -9999 -9999 -9999 -9999 -9999 -9999 -9999 -9999 5.4364 4.29466 1.9948 0.81227 0.099701 -0.914638 -9999 -9999 -9999 -9999 -9999 -9999
-9999 -9999 8.08911 8.91561 9.475 9.97144 10.0493 10.5634 10.7838 10.8917 10.8756 10.8226 10.7487 10.2863 10.0848 9.38739 10.0456 10.0155 9.84269 9.17336 8.88033 7.73484 7.22804 7.1174 8.07199 7.35879 5.87453 4.02019 1.79598 1.64754 0.907768 -0.445905 -9999 -9999 -9999 -9999 -9999 -9999 2.99274 3.74513 4.37263 4.46092 3.56211 4.80869 4.75866 4.05623 3.89451 4.46486 4.75261 4.53535 5.21402 5.41128 5.09906 5.43429 -9999 -9999 -9999 -9999 5.61208 5.65186 5.67995 5.20008 2.68794 0.969599 -0.574464 -0.723002 -9999 -9999 -9999 -9999 -9999 -9999
-9999 -9999 8.66504 9.17334 9.42971 9.47003 9.91579 10.3657 10.6386 10.8384 10.7949 10.7752 10.7541 10.5933 10.2246 10.2855 10.2512 10.0335 8.76394 7.28292 7.9211 7.03826 5.16085 6.68325 7.51603 6.70853 4.91089 2.82718 2.1453 2.16992 1.14274 -0.175714 -9999 -9999 -9999 0.942339 2.02106 2.11116 2.42644 3.43134 4.19503 4.76815 5.15862 5.14557 4.72599 4.039 3.29268 3.55495 4.88973 5.21324 5.4845 5.68933 5.39951 5.54763 5.9014 6.082 6.11484 6.02557 6.00069 6.02375 5.97444 5.5261 3.27644 1.98622 1.15995 -0.500228 -9999 -9999 -9999 -9999 -9999 -9999
-9999 -9999 8.34757 8.78948 9.14731 9.74402 9.80581 10.182 10.4084 10.7389 10.7736 10.3805 10.699 10.6533 10.5886 10.4561 10.2638 9.19128 7.71482 6.2347 5.54858 5.83641 4.70329 5.28072 6.12466 5.80953 4.70796 2.85116 2.58593 2.15342 0.428934 -1.23168 -9999 -9999 -1.15098 0.922517 2.38129 3.13178 3.3615 3.38005 4.34324 4.41567 5.45337 5.20892 3.82842 3.98044 3.44061 3.78516 4.27584 4.40794 5.1125 5.78588 5.91111 5.91087 6.13496 6.17774 6.18527 6.17427 6.01425 6.07864 6.0827 5.8003 4.16925 3.36965 2.49099 -0.470409 -9999 -9999 -9999 -9999 -9999 -9999
-9999 -9999 8.57901 9.07348 9.6153 9.70205 10.1032 10.0605 9.94852 10.5074 10.7097 10.4313 10.2296 10.5905 10.5607 10.5073 10.4223 9.41393 8.24774 6.48504 5.38778 4.71726 4.23814 3.605 4.0364 3.89895 3.71617 3.91744 3.40324 2.38493 1.37332 -0.515954 -1.54015 -9999 -1.03602 -0.102888 1.63279 3.10731 4.04194 3.70043 4.79621 4.99673 5.62964 5.25456 4.41509 4.05573 4.0214 3.90937 4.64768 5.14274 5.49356 5.72594 6.01358 6.08499 6.15634 6.18369 6.19625 6.2084 6.19891 6.18672 6.14693 6.03604 5.2817 4.485 2.76899 -0.36806 -9999 -9999 -9999 -9999 -9999 -9999
-9999 7.13577 8.52449 9.35504 9.67598 9.90741 10.1113 10.2585 10.4164 10.5599 10.6577 10.6115 9.87907 9.93439 10.0607 10.4693 10.4345 10.3383 9.69809 7.55432 6.81169 5.72854 4.32547 3.73875 4.02676 5.16906 5.11389 4.35076 3.5007 2.32867 1.57932 0.418808 -1.80484 -1.61018 -0.615595 0.123296 1.30134 3.10463 4.36763 4.9291 5.13897 5.58228 5.81101 5.30018 4.81112 4.60465 4.22417 4.16887 4.16987 4.61537 4.96367 5.73776 5.99644 6.11109 6.1689 6.19802 6.21757 6.23607 6.23851 6.21719 6.21092 6.19718 6.13567 5.07539 2.43553 0.437219 -9999 -9999 -9999 -9999 -9999 -9999
-9999 -9999 8.2702 8.63494 8.72973 8.89645 9.23872 9.63336 10.1959 10.2661 10.5725 10.5682 9.9365 9.20707 9.83414 10.08 10.3347 10.3369 10.2495 8.44895 7.50404 6.75924 5.41375 5.89512 6.3506 6.38157 6.10042 4.46884 2.84378 0.972002 -0.778787 -0.867185 -1.81226 -1.31996 -0.664747 1.02535 2.21342 2.69254 3.03562 4.86933 5.34445 5.50699 5.97498 5.33126 5.16599 4.682 4.82364 4.77987 4.78111 3.44397 4.78352 4.8607 5.73128 6.12109 6.20562 6.22639 6.24809 6.24736 6.24678 6.23637 6.23808 6.21823 6.19593 5.50387 2.15768 0.466085 -9999 -9999 -9999 -9999 -9999 -9999
-9999 -9999 -9999 -9999 8.38729 8.66577 8.84408 9.15304 10.1039 10.3577 10.5252 10.5369 10.2535 9.53141 9.33769 9.46416 8.75824 9.33907 10.136 10.1109 10.0088 8.42448 7.61375 8.39213 8.15038 6.95907 6.02067 5.09439 3.19252 1.80043 -0.205465 -1.71313 -1.77491 -0.121792 1.25028 2.96047 3.7124 3.27693 3.7392 4.64914 5.6829 6.18161 6.06115 5.38289 5.28558 4.54046 5.26975 5.33098 4.98985 4.69481 4.81164 5.24155 5.40406 6.08432 6.24657 6.27161 6.2728 6.2708 6.26225 6.25193 6.23704 6.22237 6.2048 6.16558 2.72611 0.041235 -9999 -9999 -9999 -9999 -9999 -9999
-9999 -9999 -9999 -9999 7.73157 7.90108 8.34748 9.49454 10.0969 10.3378 10.3273 10.4367 10.2358 9.60005 8.94698 8.33032 7.53649 7.98243 9.17068 9.86922 9.94439 8.55509 9.27301 8.99929 8.46364 6.90685 5.75851 5.1478 3.32175 1.75898 0.422803 -1.42046 -0.639452 0.22115 1.32807 3.19428 4.45199 4.96619 4.52679 5.10687 6.297 6.3012 5.64664 5.68741 5.28747 4.26994 5.32656 5.62307 5.38195 5.44298 5.3534 5.51229 5.80293 6.08046 6.26364 6.28511 6.28354 6.27259 6.2666 6.26104 6.24093 6.23447 6.21688 6.19103 3.96785 -0.00549997 -9999 -9999 -9999 -9999 -9999 -9999
-9999 -9999 -9999 -9999 -9999 7.13478 8.15402 9.67686 10.0563 10.0199 10.3322 10.3564 10.0498 9.78267 8.99084 7.91025 5.83904 6.36031 7.45376 9.03284 9.86058 9.74372 9.27797 8.46962 6.5192 4.81182 4.60109 4.31826 2.9845 1.78033 0.295301 1.14774 2.08188 3.10427 3.63893 3.49346 4.57043 5.44796 5.06942 5.78186 6.61411 6.23306 6.00719 5.8177 5.35594 5.32697 5.37385 5.97355 5.55686 5.81118 5.81753 5.80136 5.94161 6.10297 6.27212 6.2966 6.2926 6.29045 6.26479 6.26556 6.2488 6.23166 6.21489 6.19159 5.9826 3.83512 2.5512 -9999 -9999 -9999 -9999 -9999
-9999 -9999 -9999 -9999 -9999 6.19722 6.70517 8.50871 9.06708 9.8623 10.2831 10.2996 9.7844 9.49548 8.31779 7.9323 6.01606 5.14591 5.87541 5.5896 7.76605 9.69164 9.2691 5.36949 3.9547 2.94451 3.19922 3.19776 2.82357 0.775462 0.2067 2.03324 3.18128 4.06954 4.74207 4.87822 4.84983 6.22509 6.40443 6.84931 6.74901 6.78823 6.08977 5.65721 6.0313 5.59579 5.52053 6.14006 5.52785 6.0795 6.01417 5.84641 5.83556 6.19707 6.26762 6.30268 6.30064 6.28128 6.25738 6.24053 6.24561 6.23291 6.20508 6.1981 6.16994 5.90061 4.78773 4.39263 4.81063 -9999 -9999 -9999
-9999 -9999 -9999 -9999 -9999 -9999 5.02555 7.53214 8.67884 9.27864 10.1236 10.2227 9.9483 9.4504 8.25067 7.19492 5.48149 3.52539 2.48753 5.57633 8.26426 9.66526 9.47829 6.23166 4.94815 4.88514 5.63519 4.99526 4.50882 2.95188 2.48249 1.83173 2.22445 3.46506 4.47745 5.45336 6.16177 6.21542 6.67437 6.93696 6.9559 7.03686 6.95307 6.88472 6.20996 6.67314 6.27802 6.48608 6.35035 6.2276 6.1229 5.73634 6.00576 6.24364 6.30235 6.31764 6.29833 6.28974 6.27393 6.24536 6.22799 6.21937 6.20964 6.18951 6.18121 6.1536 6.02057 5.34743 4.44956 3.31787 -9999 -9999
-9999 -9999 -9999 -9999 -9999 -9999 3.77578 6.26986 7.47329 9.01877 9.81404 10.1348 10.0879 9.6836 8.77092 7.39947 6.25617 4.07318 1.80679 5.04943 7.9378 9.49454 9.57338 6.84633 7.59832 6.98407 7.22674 6.10498 5.63656 5.26714 4.45968 3.57695 2.61221 2.09993 4.37835 5.54576 6.48453 6.92496 7.17244 7.29445 7.22413 7.05029 6.03393 6.80557 6.76143 6.68296 6.5933 6.54923 6.46778 6.37195 6.31596 6.29393 6.03598 6.3232 6.3125 6.31186 6.30827 6.29539 6.2753 6.25668 6.23475 6.2282 6.20971 6.19216 6.1774 6.15823 6.14088 6.09524 5.90983 4.3933 3.4829 3.22169
-9999 -9999 -9999 -9999 -9999 -9999 0.27218 3.90096 6.82206 8.34293 9.58133 9.91815 10.0412 9.50032 9.09452 8.11016 7.17776 5.74196 3.59378 2.26953 4.69688 8.22656 9.52548 9.42205 9.33696 8.62731 7.98734 7.90313 7.94693 7.20426 6.1218 4.70656 4.26296 3.76303 5.45868 5.68402 5.55461 7.42052 7.42058 7.31054 6.59162 5.7881 5.93797 5.44049 5.81712 5.22404 5.76598 6.23421 6.40797 6.39154 6.32865 6.31985 6.28843 6.3348 6.32962 6.31682 6.30556 6.29684 6.28412 6.25635 6.23768 6.23893 6.21706 6.19883 6.17815 6.16109 6.14815 6.11221 6.07879 5.83822 5.48113 4.80839
-9999 -9999 -9999 -9999 -9999 -9999 0.433244 3.48877 6.07601 7.62839 9.11826 9.46078 9.9605 9.84719 9.42243 8.56622 7.4977 6.31528 4.47175 3.10056 4.72216 7.06519 8.74136 9.34201 9.33188 9.28772 9.12421 9.05612 8.86599 8.73141 7.95248 6.61765 5.85945 4.75244 6.64289 6.85021 6.54848 7.49001 7.43821 6.00334 4.89966 4.75959 5.42887 4.78829 4.67233 4.27284 4.71998 5.92175 5.57011 5.63716 6.1822 6.26889 6.32279 6.33414 6.32585 6.31845 6.30408 6.30011 6.29583 6.26852 6.25244 6.2411 6.21363 6.20247 6.18082 6.1544 6.13373 6.11055 6.07955 6.00505 5.92398 5.99151
-9999 -9999 -9999 -9999 -9999 -9999 0.499137 2.55377 4.88157 7.16806 8.7593 9.39862 9.86276 9.85324 9.36031 8.93237 8.26084 7.22007 6.50484 5.26658 3.56893 6.40394 7.27192 8.04738 8.37268 9.17886 9.15509 8.77976 8.3455 8.74039 8.62034 7.5608 7.20859 6.61775 7.66677 7.66386 7.62946 7.56813 6.35479 4.67041 3.32371 4.28715 4.08239 4.52444 3.14574 4.27685 5.18496 5.47798 4.85679 4.39505 5.81349 6.04531 6.18119 6.26651 6.32081 6.30178 6.31122 6.29758 6.28789 6.27756 6.25938 6.24576 6.22693 6.20755 6.18785 6.16284 6.13845 6.11028 6.10036 6.0543 6.03217 6.01168
-9999 -9999 -9999 -9999 -9999 -9999 -9999 1.34562 4.29947 6.93396 8.39881 9.31833 9.76393 9.75122 9.49691 9.20481 8.78664 8.03453 7.09103 5.60283 4.4971 5.19236 6.04307 6.13765 6.70129 8.34297 8.90105 8.09999 6.12815 7.28915 8.58056 8.55397 8.43771 8.30835 8.1427 7.99465 7.67724 6.83582 4.26823 3.76173 2.75279 2.86398 2.34535 3.47041 3.04473 4.19961 4.69864 4.88533 3.81236 4.03841 5.29291 5.78684 5.70013 6.00128 6.28739 6.29224 6.29565 6.28296 6.28389 6.28066 6.27005 6.25188 6.23608 6.22259 6.19154 6.1772 6.07393 6.00392 5.87024 6.01749 6.02428 6.01978
-9999 -9999 -9999 -9999 -9999 -9999 -9999 0.762522 3.70796 6.81115 7.80478 8.79643 9.65155 9.66384 9.27773 8.91028 8.53195 8.10193 6.95851 5.8497 4.79102 4.433 4.64146 4.6249 5.53904 7.67894 8.08988 7.90849 5.85315 5.15169 6.87886 8.32947 8.43868 8.30127 6.58257 6.94243 6.0133 4.75521 4.40606 3.85359 2.69063 3.24557 2.39331 2.75464 2.65359 3.30786 3.6254 4.40397 3.46823 3.47214 4.70374 5.32264 5.33419 5.9835 6.21207 6.26852 6.27911 6.2852 6.28295 6.28803 6.27668 6.26157 6.24318 6.20611 6.12566 5.88952 4.63215 4.62611 4.95871 5.27305 5.85216 6.00354
-9999 -9999 -9999 -9999 -9999 -9999 -9999 1.10534 3.14815 5.9012 7.93933 8.06357 9.05211 9.56022 9.14084 8.66919 8.18676 7.97344 6.72944 5.36347 4.25909 2.95269 3.16318 4.09423 5.62378 7.00456 7.24799 6.95738 5.85738 6.37342 7.54981 8.17198 8.35176 8.20093 7.82266 7.60211 6.91674 6.6173 5.66781 4.18584 3.60005 3.96543 2.39306 2.49971 3.07704 2.45662 3.46981 3.95301 2.74528 3.70291 4.79092 5.34517 5.82907 6.0558 6.14346 6.28007 6.2791 6.28613 6.28763 6.28046 6.27514 6.24683 6.22226 6.08477 5.88453 4.72243 4.22246 4.30961 4.83652 5.29694 5.77427 5.96699
-9999 -9999 -9999 -9999 -9999 -9999 -9999 1.45591 3.29476 5.68132 7.13334 7.38976 8.48654 9.46124 9.34753 8.85705 8.70465 8.19653 7.14086 5.97532 4.70182 4.08063 2.65785 4.05054 5.15579 6.32442 6.86884 5.9663 5.50664 6.30759 7.10372 7.41869 8.2227 8.21005 7.94151 6.80005 6.24119 6.47112 6.22885 5.80791 4.78677 4.73795 4.08103 3.8071 3.54826 2.71316 3.23973 3.28943 3.43125 4.57886 5.14325 5.51602 5.85455 5.94026 6.08483 6.27359 6.28593 6.28804 6.2822 6.28069 6.26119 6.20076 6.14878 5.87817 5.4034 4.52248 3.08641 4.07864 5.11644 5.41499 5.71237 5.86254
-9999 -9999 -9999 -9999 -9999 -9999 -9999 1.1439 3.09751 5.13664 5.98688 6.12788 8.1163 9.33213 9.32995 9.09519 8.82172 7.57293 7.64174 7.38862 6.2394 4.56735 2.7314 2.8991 3.98867 5.53526 6.04351 4.54923 4.01534 4.40016 5.6066 6.68599 7.81321 8.09596 7.75911 5.98504 4.10018 4.968 5.89575 5.88664 5.60946 4.66224 4.35912 4.08449 3.39272 2.22137 2.38982 2.71051 4.01548 4.42405 5.05716 5.58217 5.37863 5.49103 5.99265 6.27845 6.28471 6.28505 6.28963 6.27783 6.2552 6.14026 6.01869 5.81829 4.59018 3.8241 2.70082 3.97906 4.68436 5.05153 5.72231 5.87655
-9999 -9999 -9999 -9999 -9999 -9999 -9999 0.540039 1.95675 3.90563 4.68873 5.94 7.81888 8.74084 9.18056 9.16652 8.98283 8.42128 8.08197 7.41749 6.22211 4.58915 2.77443 1.5916 2.18659 4.27079 4.76461 3.38198 2.67492 3.54549 4.83163 6.73817 7.82547 7.96827 7.86491 7.4955 6.11822 4.45523 4.45672 5.28465 4.58473 3.77198 4.21334 4.12747 3.44423 2.94636 2.63966 2.82614 3.569 3.87242 4.60433 5.68628 5.83773 5.80267 6.25548 6.27382 6.27982 6.29223 6.28669 6.27733 6.2583 6.16357 5.95798 5.13874 4.42344 3.43049 3.30227 4.42802 4.91545 5.37558 5.70092 5.80196
-9999 -9999 -9999 -9999 -9999 -9999 -9999 -0.501015 1.16644 2.99189 4.70077 6.31721 7.70776 7.81143 8.54275 8.53758 8.91865 8.80395 8.28307 7.72272 6.69215 4.5956 2.832 0.909032 1.41063 3.53382 3.81812 2.88805 1.17333 2.93494 4.87805 6.63866 7.58965 6.83601 7.59923 7.5317 7.01291 6.0212 4.48172 4.5067 3.3522 3.29831 3.8855 4.07368 3.97173 3.59706 2.9981 3.09926 3.55015 3.6612 4.3335 5.17195 5.99144 6.12562 6.27835 6.28061 6.27852 6.28654 6.28321 6.26089 6.21344 6.11461 5.42703 4.61025 4.10475 3.41113 3.32158 4.62442 5.13618 5.42331 5.7035 5.80971
-9999 -9999 -9999 -9999 -9999 -9999 -9999 -9999 0.997396 2.88343 4.27798 4.65066 5.88627 6.55153 7.0653 7.17584 8.64949 8.7266 8.39473 7.87961 6.99996 5.40798 4.29748 2.45278 1.12566 1.67107 1.92697 2.40881 2.26113 3.04439 4.91154 6.85696 7.0652 5.82206 6.00102 6.25575 6.83219 6.53319 4.437 3.36999 2.48369 3.10641 3.76182 3.9176 3.94588 3.81511 3.66334 3.41233 4.29039 4.93907 5.08648 5.65142 6.06737 6.17918 6.26226 6.26859 6.27495 6.27035 6.24094 6.21807 6.10737 5.8657 5.09722 3.25689 3.33663 3.13217 2.55538 3.83146 4.62799 5.34925 5.72915 5.82191
-9999 -9999 -9999 -9999 -9999 -9999 -9999 -9999 0.370615 2.55344 3.01164 2.97356 2.2458 2.57499 5.2543 5.79037 7.20344 8.54115 8.43814 7.93263 7.10926 6.1593 4.69099 2.61685 0.967935 0.279456 2.04605 3.78207 4.1367 4.68734 5.82985 6.04344 4.77314 3.5816 4.24367 4.64069 6.16593 6.44068 6.13896 4.87422 3.42886 2.67244 3.55639 3.67114 3.72059 3.7274 3.69724 3.65785 4.65089 5.19723 5.575 5.77885 6.1355 6.22368 6.24899 6.27239 6.26131 6.23796 6.17605 6.10613 5.81558 5.46479 4.20955 3.16195 2.50635 1.67569 3.52795 4.06477 4.81333 5.29837 5.67631 5.75363
