Test_Spring_2018b/12_17/Temp/20171221_000.txt
ncols	170
nrows	115
xllcorner	350000.000000
yllcorner	4445000.000000
cellsize	1000.000000
nodata_value	-9999.000000
[rows 31 to 61 of 115, columns 70 to 139 of 170]
2.11531 2.81877 3.08354 2.61054 2.66854 3.8412 4.11616 4.10964 4.0304 3.93081 3.39123 3.21731 2.7939 2.0404 1.72985 0.381494 -3.9984 -2.74776 -2.25373 -3.51798 -2.79964 -1.63561 -2.63432 -5.61382 -6.89249 -8.95696 -8.2843 -8.89009 -10.55 -9999 -9999 -9999 -9999 -9999 -9999 -9999 -9999 -9999 -9999 -9999 -9999 -9999 -9999 -9999 -9999 -9999 -9999 -9999 -9999 -9999 -9999 -9999 -9999 -9999 -9999 -9999 -9999 -9999 -9999 -9999 -9999 -9999 -9999 -9999 -9999 -9999 -9999 -9999 -9999 -9999
2.24355 2.57024 2.55 2.09472 2.82262 3.49384 3.11353 2.86548 3.96872 3.97884 3.61794 2.75652 2.44637 2.12417 1.93002 0.82117 -2.30583 -5.1241 -3.60139 -3.55733 -4.59647 -2.71024 -3.69399 -6.27351 -9.91827 -7.92373 -8.43164 -10.9937 -11.6163 -9999 -9999 -9999 -9999 -9999 -9999 -9999 -9999 -9999 -9999 -9999 -9999 -9999 -9999 -9999 -9999 -9999 -9999 -9999 -9999 -9999 -9999 -9999 -9999 -9999 -9999 -9999 -9999 -9999 -9999 -9999 -9999 -9999 -9999 -9999 -9999 -9999 -9999 -9999 -9999 -9999
1.36279 2.16395 1.92986 1.73964 2.81671 2.80423 2.75494 3.1653 3.85669 4.00133 3.86662 3.49635 3.17688 2.8362 1.95736 0.687672 -1.98723 -5.19619 -5.91762 -4.33475 -4.25093 -3.98951 -4.88522 -6.01234 -7.78033 -6.31655 -5.7426 -7.42704 -9.62926 -11.0425 -9999 -9999 -9999 -9999 -9999 -9999 -9999 -9999 -9999 -9999 -9999 -9999 -9999 -9999 -9999 -9999 -9999 -9999 -9999 -9999 -9999 -9999 -9999 -9999 -9999 -9999 -9999 -9999 -9999 -9999 -9999 -9999 -9999 -9999 -9999 -9999 -9999 -9999 -9999 -9999
0.180417 1.54889 1.18953 0.163733 0.816706 1.30961 2.23013 2.4858 2.63015 3.91343 3.85596 3.8067 3.27255 2.84703 2.13567 0.914027 -0.829158 -2.92987 -6.59391 -4.32116 -2.53966 -2.57663 -2.6652 -3.45219 -5.1503 -3.71335 -3.63731 -5.787 -8.23194 -9.67933 -10.2728 -9999 -9999 -9999 -9999 -9999 -9999 -9999 -9999 -9999 -9999 -9999 -9999 -9999 -9999 -9999 -9999 -9999 -9999 -9999 -9999 -9999 -9999 -9999 -9999 -9999 -9999 -9999 -9999 -9999 -9999 -9999 -9999 -9999 -9999 -9999 -9999 -9999 -9999 -9999
-9999 0.693078 0.347431 -0.90759 -0.25061 0.623017 1.86192 2.51455 3.01225 3.40321 3.80154 3.76544 3.21855 1.58443 1.35871 1.29635 0.159166 -2.23694 -4.62997 -5.24373 -2.53042 -1.74777 -1.89696 -1.28423 -2.72129 -2.02899 -2.30007 -3.05297 -5.40699 -7.55824 -8.44737 -10.2133 -9999 -9999 -9999 -9999 -9999 -9999 -9999 -9999 -9999 -9999 -9999 -9999 -9999 -9999 -9999 -9999 -9999 -9999 -9999 -9999 -9999 -9999 -9999 -9999 -9999 -9999 -9999 -9999 -9999 -9999 -9999 -9999 -9999 -9999 -9999 -9999 -9999 -9999
-9999 -9999 -9999 -9999 -1.69215 -0.496624 0.492241 1.70104 2.74639 3.27226 3.78314 3.7527 2.65012 2.11537 2.07679 1.33478 0.0206106 -0.801166 -2.30481 -3.87179 -3.26173 -0.94658 -1.96407 -0.321096 -0.450496 -0.141146 -1.22443 -3.26793 -6.01503 -7.6084 -8.40271 -9.8319 -9999 -9999 -9999 -9999 -9999 -9999 -9999 -9999 -9999 -9999 -9999 -9999 -9999 -9999 -9999 -9999 -9999 -9999 -9999 -9999 -9999 -9999 -9999 -9999 -9999 -9999 -9999 -9999 -9999 -9999 -9999 -9999 -9999 -9999 -9999 -9999 -9999 -9999
-9999 -9999 -9999 -9999 -9999 -0.711049 0.0461107 1.65054 2.49723 2.84242 3.66038 3.67222 3.26058 2.9518 2.49915 1.90488 0.919238 -0.169245 -1.58305 -1.70643 -0.222585 -0.195944 -0.49562 -0.244564 0.522522 0.331838 -1.34208 -4.2406 -5.77301 -8.88001 -10.2129 -10.0661 -11.0085 -9999 -9999 -9999 -9999 -9999 -9999 -9999 -9999 -9999 -9999 -9999 -9999 -7.25544 -9999 -9999 -9999 -9999 -9999 -9999 -9999 -9999 -9999 -9999 -9999 -9999 -9999 -9999 -9999 -9999 -9999 -9999 -9999 -9999 -12.7816 -9999 -9999 -9999
-9999 -9999 -9999 -9999 -0.873591 0.143438 0.929756 1.94016 2.05443 2.66634 3.60554 3.6293 3.34027 3.01194 2.2617 2.08216 1.5246 0.341959 0.106429 0.597204 0.827751 1.08816 1.252 1.13502 0.837148 0.449741 -0.615185 -1.95859 -2.85679 -5.70306 -7.13084 -8.50662 -10.5941 -12.2253 -9999 -9999 -9999 -9999 -9999 -9999 -9999 -8.3818 -8.45132 -8.40552 -7.93681 -6.65811 -7.39493 -9999 -9999 -9999 -9999 -9999 -9999 -9999 -9999 -9999 -9999 -9999 -9999 -9999 -9999 -9999 -9999 -9999 -9999 -9999 -11.6339 -13.2771 -9999 -9999
-9999 -9999 -9999 -9999 -0.593449 0.465484 1.00065 1.98297 2.55018 2.93702 3.2699 3.58797 3.54619 3.18185 2.62224 2.63436 1.85914 1.44471 1.15101 1.81183 1.94902 1.69551 1.37573 1.09432 0.282184 0.19692 -0.0457113 -0.894166 -2.29372 -3.73627 -5.80833 -8.64491 -11.4268 -13.6691 -9999 -9999 -9999 -9999 -9999 -9999 -8.15012 -7.0873 -6.44716 -7.78211 -6.62563 -5.56757 -5.72584 -6.72311 -9999 -9999 -9999 -9999 -9999 -9999 -9999 -9999 -9999 -9999 -9999 -9999 -9999 -9999 -3.83487 -5.5203 -8.93237 -10.6774 -11.7211 -13.2144 -9999 -9999
-9999 -9999 -9999 -9999 -0.802038 0.447141 1.29779 2.05432 2.18626 2.96783 3.31538 3.4913 3.48186 3.41715 3.3212 2.64578 2.35964 1.33393 2.33039 2.30074 2.05854 1.07627 0.655643 -1.03598 -1.77473 -1.91814 -0.476675 -1.52256 -3.71848 -6.46645 -9.76097 -9.96148 -11.0485 -13.0514 -9999 -9999 -9999 -9999 -9999 -9999 -7.82036 -6.68434 -5.73463 -5.58911 -6.91576 -5.04265 -5.09521 -6.12836 -6.35513 -5.49015 -5.04679 -5.35193 -4.31762 -4.01005 -4.46246 -3.94924 -9999 -9999 -9999 -9999 -3.61303 -3.53763 -3.47889 -4.17696 -7.90529 -10.4491 -12.7323 -12.9305 -9999 -9999
-9999 -9999 -9999 -9999 0.0525525 0.827493 1.22649 1.30297 1.98381 2.66972 3.09532 3.40795 3.35757 3.34233 3.32493 3.09903 2.56327 2.66845 2.63186 2.32232 0.444347 -1.74851 -0.780242 -2.07913 -4.8603 -2.56937 -1.30908 -2.49511 -5.1579 -8.24747 -9.24147 -9.18392 -10.6993 -12.6494 -9999 -9999 -9999 -10.9218 -9.29877 -9.15046 -8.66646 -7.15404 -6.00139 -5.13279 -4.53671 -4.54114 -5.14666 -6.15687 -7.25562 -6.85024 -4.84542 -4.34904 -3.91881 -3.60034 -4.01977 -3.78762 -3.24695 -2.96429 -2.90156 -3.02034 -3.04237 -2.99207 -3.04885 -3.69991 -7.03441 -8.93919 -10.1513 -12.5884 -9999 -9999
-9999 -9999 -9999 -9999 -0.425861 0.25024 0.800722 1.70855 1.81679 2.39345 2.74584 3.25632 3.32229 2.75005 3.23885 3.18451 3.10197 2.91843 2.6462 1.06153 -1.12499 -3.31641 -4.32307 -3.87571 -5.5479 -4.66623 -3.38907 -3.83854 -5.46135 -8.21221 -8.5896 -9.21255 -11.7647 -14.2252 -9999 -9999 -14.0591 -10.9522 -8.76245 -7.62936 -7.27315 -7.23199 -5.78199 -5.66048 -4.0993 -4.44919 -6.48853 -6.24752 -7.0378 -6.50981 -5.7655 -5.55474 -4.48678 -3.46286 -3.26355 -3.25142 -2.9046 -2.82789 -2.80326 -2.80559 -3.02933 -2.91744 -2.89453 -3.29787 -5.71172 -6.88468 -8.17283 -12.554 -9999 -9999
-9999 -9999 -9999 -9999 -0.0839451 0.670761 1.49583 1.64182 2.2564 2.20948 2.05717 2.90559 3.2239 2.82248 2.53516 3.08699 3.05617 2.99053 2.87812 1.38911 -0.334663 -2.94746 -4.56714 -5.54904 -6.2455 -7.16718 -6.50491 -6.69095 -6.94461 -6.6256 -7.3717 -8.86818 -10.3596 -13.1586 -14.6702 -9999 -13.8883 -12.4822 -9.87966 -7.66688 -6.25952 -6.75555 -5.10798 -4.79562 -3.83738 -4.38328 -5.61611 -6.13908 -6.1762 -6.32931 -5.21434 -4.46186 -3.92195 -3.56266 -3.11565 -2.99709 -2.8785 -2.82522 -2.79345 -2.76152 -2.76093 -2.7633 -2.80572 -2.95306 -4.05902 -5.22585 -7.76399 -12.4071 -9999 -9999
-9999 -9999 -9999 -2.26164 -0.168938 1.08733 1.58323 1.94523 2.26568 2.50114 2.75143 2.98139 3.14161 3.08801 2.0091 2.10491 2.30675 2.92987 2.89214 2.76352 1.82419 -1.35688 -2.44709 -4.0429 -6.11696 -6.97102 -6.52218 -4.7991 -4.86198 -5.98084 -7.22958 -8.95528 -10.053 -11.7669 -15.0657 -14.76 -13.2619 -12.1456 -10.3748 -7.67188 -5.77495 -4.92442 -4.59833 -3.9233 -3.56887 -4.31822 -5.02905 -5.32293 -5.87638 -5.94496 -5.92973 -5.25177 -4.71608 -3.54858 -3.15046 -2.96319 -2.86521 -2.80967 -2.7678 -2.72668 -2.70846 -2.72451 -2.71688 -2.71915 -2.7907 -4.35131 -8.26688 -11.2124 -9999 -9999
-9999 -9999 -9999 -9999 -0.551584 0.0102058 0.169043 0.434733 0.961731 1.56631 2.42029 2.54 3.01137 3.01947 2.09169 1.01692 1.96539 2.34561 2.73959 2.75759 2.64269 -0.024959 -1.41676 -2.50939 -4.49729 -3.75808 -3.05908 -2.99309 -3.39259 -5.8063 -8.21051 -10.9797 -13.5728 -13.6871 -15.0786 -14.3279 -13.336 -10.8011 -9.01548 -8.28757 -7.76281 -5.01498 -4.29294 -4.03801 -3.32701 -4.27393 -4.50219 -5.21003 -4.98484 -5.03628 -5.02076 -7.0016 -4.98785 -4.86033 -3.54971 -2.95605 -2.81533 -2.77258 -2.72782 -2.7156 -2.70206 -2.70191 -2.68233 -2.69319 -2.70626 -3.71748 -8.68623 -11.1743 -9999 -9999
-9999 -9999 -9999 -9999 -9999 -9999 -0.344384 0.0881272 0.370708 0.847583 2.2808 2.67431 2.93861 2.96989 2.56077 1.49776 1.22192 1.42397 0.38509 1.26651 2.47092 2.45024 2.31546 -0.0290978 -1.21742 -0.0368314 -0.377425 -2.13409 -3.51353 -4.87499 -7.69174 -9.74532 -12.7187 -14.9496 -15.0248 -12.5433 -10.4808 -7.91608 -6.78101 -7.41727 -6.71487 -5.3449 -3.79033 -3.03371 -3.20047 -4.19904 -4.32617 -5.42354 -4.32194 -4.21683 -4.71199 -5.13866 -4.94877 -4.29531 -4.04087 -3.01435 -2.76039 -2.7096 -2.69564 -2.6855 -2.68398 -2.68377 -2.6885 -2.69176 -2.69796 -2.73527 -7.84284 -11.8123 -9999 -9999
-9999 -9999 -9999 -9999 -9999 -9999 -1.32484 -1.05478 -0.372288 1.35461 2.2681 2.64245 2.64121 2.81832 2.53225 1.5973 0.636614 -0.269757 -1.43968 -0.759747 1.02821 2.08676 2.21649 0.162864 1.25452 0.866106 0.0873505 -2.21421 -3.90657 -4.79718 -7.50065 -9.8087 -11.783 -14.5144 -13.3326 -12.0329 -10.3667 -7.5688 -5.67946 -4.89946 -5.54187 -4.66399 -2.8763 -2.85732 -3.82074 -3.74699 -4.32566 -5.82935 -4.2396 -3.78363 -4.12966 -4.02531 -4.14342 -3.89422 -3.44875 -3.02297 -2.73788 -2.69375 -2.68328 -2.68661 -2.68136 -2.67392 -2.68676 -2.67775 -2.68393 -2.70118 -5.99457 -11.8857 -9999 -9999
-9999 -9999 -9999 -9999 -9999 -9999 -9999 -2.19996 -0.663111 1.62427 2.20527 2.16613 2.64627 2.69639 2.25272 1.86756 0.699824 -0.898421 -3.97354 -3.18128 -1.53474 0.837052 2.08918 1.93333 1.25962 0.073864 -2.8149 -5.34102 -5.63493 -6.03647 -8.00565 -9.77883 -11.9751 -10.6859 -9.27569 -7.73469 -6.92201 -7.12456 -5.50472 -4.18279 -4.73451 -3.65928 -2.40539 -2.96105 -3.28516 -3.55488 -4.22581 -4.25516 -4.17141 -3.26326 -3.87117 -3.47853 -3.45359 -3.46548 -3.24431 -2.99178 -2.72761 -2.679 -2.67248 -2.66257 -2.68667 -2.66992 -2.67781 -2.68478 -2.6898 -2.7033 -2.99266 -6.1607 -8.05033 -9999
-9999 -9999 -9999 -9999 -9999 -9999 -9999 -3.60048 -2.82621 -0.120211 0.727634 1.92879 2.57094 2.6096 1.85479 1.43756 -0.30573 -0.867281 -3.71138 -4.99403 -3.89032 -4.29995 -1.03637 1.85388 1.24454 -4.55174 -6.64175 -8.12816 -7.72797 -7.70996 -8.24807 -11.28 -12.1097 -9.36776 -7.63851 -6.29759 -5.27927 -5.06178 -5.09048 -3.0264 -2.74571 -2.0695 -2.20647 -2.1353 -3.16427 -3.79653 -3.22082 -3.85652 -3.95495 -3.01722 -3.91673 -3.0806 -3.16251 -3.4004 -3.4045 -2.85337 -2.73617 -2.6717 -2.6621 -2.67785 -2.69952 -2.7087 -2.68412 -2.68461 -2.70629 -2.69564 -2.71552 -3.08249 -4.71721 -5.28135
-9999 -9999 -9999 -9999 -9999 -9999 -9999 -9999 -5.33347 -1.57896 0.146299 1.05601 2.33077 2.49271 2.09806 1.36874 -0.407308 -1.96839 -4.50992 -7.41279 -8.94408 -4.32077 -0.294472 1.81322 1.55508 -3.26754 -5.16198 -5.23594 -4.09723 -5.03166 -5.73739 -8.0368 -8.71852 -9.6714 -9.06875 -7.20208 -5.67714 -4.2072 -3.13694 -3.04388 -2.34684 -1.94132 -1.90038 -1.76694 -1.87913 -1.96818 -2.95662 -2.25199 -2.82748 -2.50342 -2.69226 -2.86191 -3.00234 -3.56644 -3.15238 -2.78545 -2.68573 -2.65031 -2.6665 -2.66607 -2.67561 -2.70321 -2.71086 -2.70547 -2.70042 -2.70971 -2.70032 -2.70689 -2.88065 -3.85984
-9999 -9999 -9999 -9999 -9999 -9999 -9999 -9999 -7.19958 -3.46382 -1.65402 0.666144 1.86698 2.36094 2.30464 1.71511 0.367373 -1.66438 -3.35546 -6.59664 -9.96155 -5.10854 -0.782088 1.55766 1.69384 -2.35224 -1.21119 -2.10762 -1.72596 -3.37934 -4.0585 -4.58695 -5.77308 -7.07212 -8.49377 -9.24212 -5.82877 -4.07316 -2.65927 -1.98923 -1.60744 -1.41309 -1.50424 -1.74951 -3.25251 -2.08873 -2.13641 -2.23961 -2.35952 -2.41148 -2.51931 -2.64874 -2.71628 -2.73652 -3.10879 -2.66789 -2.67104 -2.65955 -2.65207 -2.6579 -2.67372 -2.68646 -2.70313 -2.69551 -2.70055 -2.70642 -2.70717 -2.70123 -2.70307 -2.74696
-9999 -9999 -9999 -9999 -9999 -9999 -9999 -9999 -12.4271 -6.99912 -2.62763 -0.344117 1.51968 2.03613 2.23341 1.44047 0.848944 -0.605299 -1.98168 -4.10837 -7.29694 -9.25602 -5.6179 -0.336065 1.62139 1.48798 1.38019 0.341067 -0.594086 -0.70042 -0.616039 -1.70131 -3.29745 -5.39088 -6.03625 -6.76595 -4.22179 -3.8712 -4.05033 -1.25412 -1.24115 -1.39269 -2.45254 -3.63647 -3.40037 -4.12725 -3.54707 -4.41778 -3.59568 -2.88355 -2.6107 -2.62162 -2.69913 -2.69908 -2.73335 -2.65094 -2.64614 -2.6525 -2.65621 -2.65563 -2.66034 -2.68669 -2.69857 -2.67979 -2.69391 -2.70196 -2.70693 -2.69792 -2.69391 -2.72403
-9999 -9999 -9999 -9999 -9999 -9999 -9999 -9999 -12.1891 -7.61701 -3.74264 -1.40947 0.827197 1.35232 2.11165 1.95657 1.337 0.0741105 -1.50512 -3.25381 -5.98799 -8.01712 -5.5821 -2.06879 0.448976 1.36553 1.37095 1.32391 1.09893 1.016 0.751275 0.573034 -0.57105 -2.54516 -3.65955 -5.2948 -2.46013 -2.13638 -2.57242 -1.15471 -1.21889 -3.34613 -4.97957 -5.17592 -4.16253 -5.10512 -5.2592 -5.83874 -5.158 -3.35182 -3.8621 -3.74845 -2.91885 -2.77662 -2.68249 -2.65278 -2.6523 -2.65033 -2.65841 -2.65053 -2.64253 -2.66817 -2.67627 -2.67644 -2.69979 -2.69696 -2.70962 -2.7142 -2.71708 -2.72895
-9999 -9999 -9999 -9999 -9999 -9999 -9999 -9999 -12.0957 -9.01373 -5.52639 -2.09794 0.290017 1.25797 1.96444 1.96438 1.24337 0.619422 -0.36757 -1.9049 -2.95625 -4.78718 -7.30275 -3.05763 -1.74353 -0.566562 -0.0639962 1.15711 1.14049 0.599512 -0.023994 0.582723 0.420736 -1.14277 -1.65185 -2.51739 -0.937715 -0.92748 -0.964703 -1.04254 -2.83889 -5.33803 -7.3337 -5.884 -6.1766 -5.50143 -7.53838 -5.83738 -4.46918 -4.01831 -4.92822 -5.60313 -3.47054 -3.11057 -2.89487 -2.75456 -2.66044 -2.67552 -2.64785 -2.6542 -2.65414 -2.65444 -2.66574 -2.6695 -2.68028 -2.69108 -2.7002 -2.70256 -2.71723 -2.7371
-9999 -9999 -9999 -9999 -9999 -9999 -9999 -9999 -9999 -10.8207 -6.39562 -2.45118 -0.251461 1.13468 1.81382 1.80931 1.44445 1.02333 0.414365 -0.692358 -2.08416 -4.28792 -5.92081 -4.86716 -3.57869 -3.41719 -2.55845 -0.0917011 0.758981 -0.417438 -3.33528 -1.58616 0.356933 0.333883 0.176626 -0.000673527 -0.232477 -0.438686 -0.897927 -2.13908 -5.95502 -6.69728 -8.18899 -8.01019 -8.77072 -7.07632 -7.69121 -5.95498 -5.19686 -4.90455 -6.49092 -6.1358 -4.24995 -3.49987 -3.61577 -3.1532 -2.7111 -2.69031 -2.6714 -2.67616 -2.66017 -2.64985 -2.64995 -2.66239 -2.6689 -2.67124 -2.69751 -2.6829 -2.81567 -2.8985
-9999 -9999 -9999 -9999 -9999 -9999 -9999 -9999 -9999 -11.6881 -7.27968 -2.63622 -1.13925 0.354555 1.64459 1.67753 1.11628 0.58294 0.0335459 -0.592708 -2.28264 -3.9206 -5.4834 -6.00082 -5.67298 -5.67471 -4.29362 -1.08423 -0.453425 -0.706098 -3.74852 -4.77766 -2.18496 -0.00510863 0.173712 -0.0157283 -2.56399 -2.01262 -3.3841 -5.24655 -5.75365 -6.56422 -8.28544 -7.44462 -8.70256 -8.15049 -8.27704 -7.28742 -6.79996 -5.62487 -7.00655 -6.9825 -5.13057 -4.19395 -4.16315 -3.18113 -2.82651 -2.72848 -2.69862 -2.67518 -2.66383 -2.64111 -2.6424 -2.64872 -2.65935 -2.69723 -2.7992 -3.13079 -4.96827 -4.95646
-9999 -9999 -9999 -9999 -9999 -9999 -9999 -9999 -9999 -11.1786 -8.11641 -3.99518 -0.940387 -0.740197 0.748947 1.5215 0.910775 0.222156 -0.482391 -0.785372 -2.62529 -4.64682 -6.27787 -8.20989 -7.87924 -6.47363 -4.16903 -2.0922 -1.71163 -2.12758 -3.74534 -2.95898 -1.18802 -0.243956 0.0399326 -0.169622 -0.718768 -1.03305 -2.04091 -2.47348 -3.87581 -6.07251 -6.93274 -6.37447 -8.70625 -8.53389 -7.65949 -8.55949 -7.03451 -6.29993 -8.08725 -6.63896 -5.00261 -4.16231 -3.4269 -3.07497 -2.93037 -2.71262 -2.69987 -2.67492 -2.65792 -2.65345 -2.64581 -2.67199 -2.69207 -2.88005 -3.16109 -4.87619 -5.58194 -5.43184
-9999 -9999 -9999 -9999 -9999 -9999 -9999 -9999 -9999 -10.6574 -7.89954 -4.32493 -2.14427 -1.74687 -0.0962265 1.37232 1.21758 0.500995 0.288751 -0.453861 -2.01288 -3.73551 -5.61888 -6.52909 -8.63455 -6.54066 -4.86887 -3.10877 -2.27962 -3.60255 -4.27144 -3.06042 -1.85684 -1.37116 -0.156421 -0.159991 -0.545538 -2.2333 -3.05244 -2.6954 -3.04285 -3.65694 -5.16633 -5.22566 -6.19199 -6.58713 -6.95975 -8.17944 -7.3802 -7.29217 -7.06482 -5.33483 -4.47937 -3.90966 -3.39098 -3.24928 -3.01969 -2.72405 -2.69135 -2.67367 -2.66758 -2.65469 -2.66827 -2.74249 -2.80367 -3.19047 -3.88134 -5.17752 -7.27935 -5.78
-9999 -9999 -9999 -9999 -9999 -9999 -9999 -9999 -9999 -11.1245 -8.1955 -5.13908 -3.85593 -3.63066 -0.650122 1.17813 1.1898 0.85467 0.461907 -1.38532 -1.26725 -1.62908 -3.32718 -5.80479 -8.52661 -8.25991 -6.61516 -4.28795 -3.51301 -5.71863 -6.49848 -5.90831 -4.09296 -2.46737 -0.770707 -0.333806 -0.82127 -3.45254 -6.24931 -4.94083 -3.54318 -3.54296 -3.94269 -5.34182 -5.78038 -6.17647 -7.19472 -8.91999 -8.65043 -8.15824 -6.19126 -5.56819 -4.61022 -3.81342 -4.10314 -3.92158 -3.15941 -2.71898 -2.69529 -2.68021 -2.65857 -2.66107 -2.67938 -2.83503 -3.00018 -3.28253 -5.09727 -6.22257 -7.86123 -5.93254
-9999 -9999 -9999 -9999 -9999 -9999 -9999 -9999 -9999 -12.0268 -9.89864 -6.97686 -5.79386 -3.91267 -1.09547 0.294519 0.965301 0.959394 0.700577 -0.121661 -0.612273 -1.58767 -3.35466 -5.77405 -8.46432 -10.212 -9.30799 -6.17601 -5.42173 -7.46204 -8.50034 -7.18586 -5.25179 -2.39268 -0.75566 -0.527549 -0.666829 -1.20315 -3.24288 -5.70893 -5.69267 -4.44399 -5.47414 -6.67265 -6.0008 -6.11532 -7.12082 -7.84985 -8.28049 -7.9864 -6.85979 -6.39356 -5.28823 -3.66079 -3.42107 -3.45942 -2.77003 -2.72848 -2.70517 -2.67208 -2.66555 -2.66443 -2.67746 -2.80307 -3.0937 -4.29921 -5.34938 -6.81336 -6.98739 -5.26728
-9999 -9999 -9999 -9999 -9999 -9999 -9999 -9999 -9999 -13.5812 -11.0792 -8.34149 -5.77775 -3.35194 -1.26305 -1.09348 0.0122227 0.019551 0.603056 0.447265 -0.314168 -1.13427 -2.65549 -5.76635 -8.38045 -11.2321 -10.4675 -7.28129 -6.83023 -8.20114 -10.7424 -8.09911 -5.18531 -2.54393 -1.11027 -2.21921 -1.06608 -1.15217 -1.91151 -3.37638 -5.65837 -5.60721 -7.3153 -7.38198 -6.4926 -6.19837 -6.33691 -6.88219 -7.75325 -7.58173 -6.89069 -6.71141 -5.69503 -4.4308 -3.19476 -2.98073 -2.7389 -2.72136 -2.71013 -2.68362 -2.67382 -2.69208 -2.74754 -2.87937 -3.88896 -5.09097 -5.82845 -6.84624 -6.96287 -4.98253
