Test_Spring_2018b/12_17/Temp/20171225_002.txt
ncols	170
nrows	115
xllcorner	350000.000000
yllcorner	4445000.000000
cellsize	1000.000000
nodata_value	-9999.000000
[rows 31 to 61 of 115, columns 70 to 139 of 170]
5.11049 5.67487 5.88096 5.48417 5.522 6.49229 6.71414 6.70098 6.64558 6.5562 6.10674 5.95597 5.60084 4.97548 4.71208 3.59988 0.00865742 1.02175 1.41637 0.373564 0.95247 1.89645 1.07262 -1.3702 -2.42144 -4.11451 -3.55398 -4.03818 -5.39871 -9999 -9999 -9999 -9999 -9999 -9999 -9999 -9999 -9999 -9999 -9999 -9999 -9999 -9999 -9999 -9999 -9999 -9999 -9999 -9999 -9999 -9999 -9999 -9999 -9999 -9999 -9999 -9999 -9999 -9999 -9999 -9999 -9999 -9999 -9999 -9999 -9999 -9999 -9999 -9999 -9999
5.21283 5.46906 5.44199 5.05956 5.645 6.18436 5.89102 5.69214 6.59192 6.59205 6.28854 5.57546 5.31289 5.04022 4.87206 3.9558 1.38923 -0.924805 0.311114 0.338233 -0.519965 1.01453 0.20277 -1.91323 -4.89967 -3.27406 -3.69425 -5.76336 -6.27263 -9999 -9999 -9999 -9999 -9999 -9999 -9999 -9999 -9999 -9999 -9999 -9999 -9999 -9999 -9999 -9999 -9999 -9999 -9999 -9999 -9999 -9999 -9999 -9999 -9999 -9999 -9999 -9999 -9999 -9999 -9999 -9999 -9999 -9999 -9999 -9999 -9999 -9999 -9999 -9999 -9999
4.48954 5.13376 4.93179 4.76605 5.63693 5.6171 5.58898 5.93416 6.4969 6.60688 6.48821 6.17666 5.90639 5.61856 4.8905 3.84274 1.6459 -0.987562 -1.58669 -0.301213 -0.241144 -0.03536 -0.775245 -1.70378 -3.15579 -1.96458 -1.50055 -2.86755 -4.65327 -5.79934 -9999 -9999 -9999 -9999 -9999 -9999 -9999 -9999 -9999 -9999 -9999 -9999 -9999 -9999 -9999 -9999 -9999 -9999 -9999 -9999 -9999 -9999 -9999 -9999 -9999 -9999 -9999 -9999 -9999 -9999 -9999 -9999 -9999 -9999 -9999 -9999 -9999 -9999 -9999 -9999
3.5191 4.62727 4.32291 3.47393 3.99803 4.39146 5.16842 5.38045 5.49031 6.53132 6.47571 6.42657 5.98068 5.62339 5.03222 4.02369 2.58869 0.861449 -2.14395 -0.294369 1.1539 1.11563 1.03569 0.38517 -1.00987 0.15918 0.215768 -1.52666 -3.50147 -4.69097 -5.18256 -9999 -9999 -9999 -9999 -9999 -9999 -9999 -9999 -9999 -9999 -9999 -9999 -9999 -9999 -9999 -9999 -9999 -9999 -9999 -9999 -9999 -9999 -9999 -9999 -9999 -9999 -9999 -9999 -9999 -9999 -9999 -9999 -9999 -9999 -9999 -9999 -9999 -9999 -9999
-9999 3.92346 3.63044 2.59414 3.12162 3.8265 4.84466 5.39381 5.79897 6.1103 6.42738 6.38892 5.93251 4.58681 4.39263 4.33195 3.39238 1.42348 -0.542674 -1.05354 1.15665 1.78857 1.65901 2.15303 0.971395 1.53144 1.30407 0.689751 -1.21385 -2.96272 -3.69632 -5.14741 -9999 -9999 -9999 -9999 -9999 -9999 -9999 -9999 -9999 -9999 -9999 -9999 -9999 -9999 -9999 -9999 -9999 -9999 -9999 -9999 -9999 -9999 -9999 -9999 -9999 -9999 -9999 -9999 -9999 -9999 -9999 -9999 -9999 -9999 -9999 -9999 -9999 -9999
-9999 -9999 -9999 -9999 1.93904 2.92138 3.72486 4.72463 5.57765 5.99935 6.40847 6.37459 5.46366 5.01679 4.97546 4.35882 3.27433 2.59262 1.35359 0.063142 0.553375 2.43843 1.59884 2.93536 2.82308 3.07004 2.17856 0.521149 -1.71692 -3.00975 -3.66592 -4.84178 -9999 -9999 -9999 -9999 -9999 -9999 -9999 -9999 -9999 -9999 -9999 -9999 -9999 -9999 -9999 -9999 -9999 -9999 -9999 -9999 -9999 -9999 -9999 -9999 -9999 -9999 -9999 -9999 -9999 -9999 -9999 -9999 -9999 -9999 -9999 -9999 -9999 -9999
-9999 -9999 -9999 -9999 -9999 2.74245 3.35657 4.66047 5.36993 5.644 6.30426 6.3049 5.95885 5.69656 5.3164 4.82031 4.00419 3.10414 1.93837 1.82823 3.03289 3.04655 2.794 2.99241 3.61337 3.45163 2.08456 -0.279578 -1.53804 -4.05532 -5.15186 -5.03903 -5.81753 -9999 -9999 -9999 -9999 -9999 -9999 -9999 -9999 -9999 -9999 -9999 -9999 -2.88748 -9999 -9999 -9999 -9999 -9999 -9999 -9999 -9999 -9999 -9999 -9999 -9999 -9999 -9999 -9999 -9999 -9999 -9999 -9999 -9999 -7.66599 -9999 -9999 -9999
-9999 -9999 -9999 -9999 2.60042 3.44021 4.07564 4.89424 4.998 5.49622 6.25568 6.26603 6.0201 5.7416 5.11779 4.96049 4.49409 3.51672 3.31418 3.70605 3.88575 4.09056 4.21713 4.11478 3.86515 3.54287 2.68472 1.58135 0.841923 -1.47794 -2.63675 -3.76888 -5.48373 -6.8263 -9999 -9999 -9999 -9999 -9999 -9999 -9999 -3.77006 -3.83834 -3.81226 -3.44029 -2.40596 -3.01979 -9999 -9999 -9999 -9999 -9999 -9999 -9999 -9999 -9999 -9999 -9999 -9999 -9999 -9999 -9999 -9999 -9999 -9999 -9999 -6.73594 -8.09432 -9999 -9999
-9999 -9999 -9999 -9999 2.84056 3.69947 4.13011 4.92628 5.38272 5.71389 5.97766 6.22863 6.18472 5.8765 5.40821 5.40724 4.76242 4.41284 4.1624 4.69308 4.79631 4.58087 4.31209 4.07553 3.40574 3.33097 3.1449 2.44688 1.29807 0.113765 -1.55995 -3.88638 -6.16901 -8.01132 -9999 -9999 -9999 -9999 -9999 -9999 -3.57523 -2.7178 -2.20589 -3.30894 -2.37458 -1.52064 -1.66133 -2.48082 -9999 -9999 -9999 -9999 -9999 -9999 -9999 -9999 -9999 -9999 -9999 -9999 -9999 -9999 -0.31081 -1.70278 -4.50671 -5.94764 -6.81528 -8.05099 -9999 -9999
-9999 -9999 -9999 -9999 2.66515 3.68032 4.36962 4.98178 5.08286 5.71941 6.0115 6.1462 6.12855 6.06503 5.97548 5.41181 5.16643 4.31652 5.12068 5.08646 4.8793 4.06793 3.71685 2.32742 1.71808 1.61197 2.78713 1.92841 0.129146 -2.12196 -4.80715 -4.96673 -5.8632 -7.50972 -9999 -9999 -9999 -9999 -9999 -9999 -3.311 -2.39394 -1.62905 -1.52158 -2.61778 -1.09734 -1.14446 -2.0009 -2.19822 -1.5031 -1.15315 -1.40423 -0.567637 -0.330856 -0.715801 -0.311273 -9999 -9999 -9999 -9999 -0.109997 -0.0622291 -0.0278583 -0.61225 -3.6746 -5.76846 -7.64962 -7.82982 -9999 -9999
-9999 -9999 -9999 -9999 3.35906 3.9872 4.30792 4.36469 4.91523 5.47386 5.82847 6.07061 6.01941 5.99618 5.97056 5.77407 5.32406 5.39833 5.35711 5.09339 3.54801 1.74618 2.53039 1.4682 -0.803407 1.07339 2.10124 1.12881 -1.05137 -3.58099 -4.3849 -4.33397 -5.5805 -7.18914 -9999 -9999 -9999 -5.81954 -4.50468 -4.39597 -4.01282 -2.78862 -1.85845 -1.1538 -0.677805 -0.68484 -1.19259 -2.03012 -2.94033 -2.62093 -0.99405 -0.601099 -0.248126 -0.00261291 -0.360806 -0.193127 0.234065 0.450347 0.486943 0.375328 0.343072 0.370176 0.309865 -0.236352 -2.96958 -4.54076 -5.54592 -7.56842 -9999 -9999
-9999 -9999 -9999 -9999 2.96382 3.51158 3.95658 4.69077 4.77342 5.23851 5.52323 5.944 5.98783 5.50886 5.89678 5.84009 5.76015 5.59778 5.36338 4.05655 2.25862 0.457869 -0.3728 -0.00776098 -1.37963 -0.655384 0.386489 0.0261942 -1.30643 -3.55862 -3.8706 -4.37376 -6.45928 -8.47946 -9999 -9999 -8.37496 -5.84656 -4.06866 -3.15509 -2.87685 -2.85615 -1.68317 -1.59626 -0.331766 -0.623352 -2.30337 -2.11791 -2.76747 -2.34767 -1.75925 -1.59964 -0.731058 0.0963185 0.244501 0.23947 0.508072 0.555881 0.561279 0.544871 0.347678 0.425166 0.430055 0.0864456 -1.90127 -2.87448 -3.94571 -7.55332 -9999 -9999
-9999 -9999 -9999 -9999 3.23719 3.84954 4.51937 4.63365 5.13067 5.08688 4.9591 5.64477 5.90495 5.56539 5.31828 5.75677 5.71858 5.65206 5.54784 4.31882 2.89899 0.753546 -0.578349 -1.38259 -1.9561 -2.70759 -2.16827 -2.32223 -2.53134 -2.27231 -2.87567 -4.09304 -5.31847 -7.60835 -8.85376 -9999 -8.23646 -7.09918 -4.98406 -3.18803 -2.0507 -2.46972 -1.13558 -0.892936 -0.116482 -0.574522 -1.59487 -2.04065 -2.08298 -2.22014 -1.3204 -0.71023 -0.273929 0.00561589 0.360319 0.442299 0.524264 0.552894 0.564113 0.575712 0.561949 0.546007 0.497474 0.363197 -0.555045 -1.52634 -3.61645 -7.43777 -9999 -9999
-9999 -9999 -9999 1.44699 3.16336 4.18655 4.58789 4.87946 5.13656 5.32348 5.52485 5.70605 5.82796 5.78011 4.88533 4.95047 5.102 5.59817 5.55451 5.43749 4.65883 2.04854 1.15298 -0.157418 -1.85741 -2.55235 -2.1868 -0.778789 -0.830992 -1.74679 -2.76921 -4.17377 -5.06783 -6.4761 -9.17769 -8.93824 -7.72492 -6.82486 -5.39027 -3.19384 -1.65664 -0.975004 -0.721906 -0.179039 0.0986389 -0.531346 -1.12527 -1.37769 -1.84218 -1.91007 -1.90941 -1.36686 -0.934109 0.0130627 0.324264 0.465602 0.530746 0.56125 0.580742 0.599855 0.600497 0.573337 0.565691 0.549985 0.475079 -0.815532 -4.03809 -6.47099 -9999 -9999
-9999 -9999 -9999 -9999 2.8465 3.30239 3.42869 3.64205 4.06857 4.55779 5.25302 5.34328 5.71983 5.71696 4.95036 4.0579 4.81953 5.1166 5.42551 5.42799 5.32319 3.13488 1.98983 1.09113 -0.538071 0.0701604 0.640898 0.694596 0.367932 -1.60584 -3.57223 -5.82968 -7.95362 -8.05214 -9.19195 -8.5853 -7.78597 -5.72608 -4.27967 -3.69869 -3.28399 -1.05134 -0.472122 -0.280111 0.287997 -0.499158 -0.698552 -1.28953 -1.11727 -1.17102 -1.1699 -2.80123 -1.15996 -1.06855 -0.00991135 0.465507 0.567843 0.587967 0.609871 0.605357 0.602149 0.588182 0.590216 0.565636 0.536563 -0.305937 -4.38488 -6.44354 -9999 -9999
-9999 -9999 -9999 -9999 -9999 -9999 3.00623 3.35641 3.58345 3.96859 5.13764 5.45201 5.65934 5.67473 5.32865 4.44852 4.20868 4.3597 3.49655 4.20489 5.17989 5.15412 5.03693 3.11457 2.14475 3.10877 2.82987 1.39368 0.26632 -0.846325 -3.14932 -4.82131 -7.25554 -9.08427 -9.15202 -7.13091 -5.45186 -3.36765 -2.45346 -2.98831 -2.42873 -1.32319 -0.0665355 0.538023 0.388004 -0.441682 -0.558519 -1.46812 -0.579182 -0.504811 -0.92109 -1.28125 -1.13141 -0.609583 -0.414259 0.412172 0.606577 0.636486 0.63328 0.627089 0.614016 0.600009 0.579213 0.561153 0.540408 0.493958 -3.69884 -6.96886 -9999 -9999
-9999 -9999 -9999 -9999 -9999 -9999 2.20203 2.41959 2.97386 4.38139 5.12554 5.42436 5.41466 5.54933 5.30386 4.52655 3.72757 2.97199 2.00172 2.54529 3.99651 4.8531 4.95209 3.26759 4.16211 3.84327 3.20631 1.32485 -0.0580157 -0.785182 -2.99505 -4.87486 -6.4917 -8.72918 -7.76862 -6.71374 -5.36127 -3.08479 -1.55395 -0.931185 -1.47131 -0.768592 0.678312 0.679294 -0.12254 -0.0756582 -0.56189 -1.80387 -0.515791 -0.154431 -0.448596 -0.374277 -0.476216 -0.284625 0.0672652 0.402798 0.622957 0.645693 0.640964 0.62379 0.613721 0.6043 0.578437 0.570104 0.54904 0.518644 -2.19098 -7.0325 -9999 -9999
-9999 -9999 -9999 -9999 -9999 -9999 -9999 1.48086 2.73377 4.59965 5.07193 5.03269 5.41667 5.44756 5.07325 4.74554 3.77692 2.45573 -0.072612 0.562688 1.89812 3.82841 4.84503 4.71223 4.16302 3.1921 0.829693 -1.23535 -1.47458 -1.80168 -3.41089 -4.85316 -6.65123 -5.60072 -4.45313 -3.20069 -2.54599 -2.7236 -1.4129 -0.346791 -0.813247 0.0506001 1.0607 0.591452 0.312085 0.0778178 -0.484035 -0.520545 -0.464009 0.267126 -0.241067 0.0691852 0.084377 0.0627709 0.231579 0.425756 0.629094 0.655709 0.6474 0.641304 0.606909 0.605445 0.583401 0.561708 0.541273 0.513617 0.260165 -2.35473 -3.91805 -9999
-9999 -9999 -9999 -9999 -9999 -9999 -9999 0.333247 0.962371 3.17041 3.86084 4.83578 5.35225 5.37383 4.74519 4.39146 2.95246 2.47902 0.13913 -0.921232 -0.0297844 -0.374105 2.2871 4.6449 4.14814 -0.59326 -2.30279 -3.51791 -3.18977 -3.17394 -3.61304 -6.08456 -6.76516 -4.52659 -3.118 -2.02903 -1.20604 -1.04004 -1.07734 0.595057 0.810369 1.34778 1.22034 1.26343 0.407438 -0.123537 0.333883 -0.198609 -0.291136 0.464176 -0.282418 0.390598 0.318623 0.112457 0.0973156 0.535937 0.619331 0.659098 0.652978 0.626126 0.593324 0.571168 0.575469 0.558825 0.524493 0.516313 0.482984 0.158402 -1.19658 -1.67588
-9999 -9999 -9999 -9999 -9999 -9999 -9999 -9999 -1.09073 1.97438 3.38213 4.11863 5.15236 5.27479 4.94207 4.33281 2.86689 1.57636 -0.515891 -2.90314 -4.16337 -0.392284 2.89235 4.60986 4.40004 0.454325 -1.09582 -1.15647 -0.224911 -0.988384 -1.56497 -3.43764 -3.99735 -4.78027 -4.29296 -2.77262 -1.53664 -0.346367 0.515157 0.57596 1.12938 1.44915 1.46711 1.561 1.45451 1.36756 0.54581 1.10921 0.626466 0.8799 0.714419 0.565012 0.445407 -0.0273437 0.299643 0.587822 0.657095 0.671536 0.645436 0.631819 0.60892 0.570161 0.550196 0.538171 0.52549 0.500817 0.491255 0.46116 0.300833 -0.517825
-9999 -9999 -9999 -9999 -9999 -9999 -9999 -9999 -2.6198 0.429515 1.90617 3.79581 4.77109 5.1652 5.10752 4.61286 3.49751 1.82246 0.425975 -2.23766 -5.00167 -1.04334 2.49257 4.39941 4.50593 1.20039 2.13173 1.3978 1.70957 0.357474 -0.198041 -0.622801 -1.59539 -2.66166 -3.82758 -4.44938 -1.66779 -0.24375 0.899009 1.4319 1.72782 1.86966 1.78315 1.57107 0.327197 1.26461 1.2121 1.11478 1.00446 0.950302 0.850983 0.734405 0.674624 0.646671 0.330742 0.677669 0.661211 0.6587 0.651946 0.633219 0.605183 0.578583 0.547837 0.539524 0.520962 0.498977 0.481056 0.46096 0.441301 0.387576
-9999 -9999 -9999 -9999 -9999 -9999 -9999 -9999 -6.89778 -2.46526 1.10861 2.96779 4.48361 4.89546 5.04534 4.38467 3.88807 2.68566 1.54691 -0.205047 -2.82463 -4.43782 -1.47096 2.84003 4.44464 4.3382 4.24749 3.396 2.63007 2.54216 2.61016 1.7297 0.424458 -1.29214 -1.82886 -2.43334 -0.362494 -0.0872197 -0.246846 2.02502 2.01976 1.87918 0.995488 0.0179543 0.19523 -0.407189 0.0537251 -0.671302 -0.0114462 0.559078 0.770918 0.751113 0.683362 0.66855 0.629665 0.682461 0.675131 0.657934 0.641977 0.628471 0.609546 0.571881 0.545155 0.542805 0.517638 0.493076 0.476148 0.458369 0.443634 0.401335
-9999 -9999 -9999 -9999 -9999 -9999 -9999 -9999 -6.70408 -2.9682 0.192432 2.09339 3.91282 4.3318 4.94146 4.80268 4.28352 3.238 1.93378 0.491264 -1.75651 -3.42686 -1.44564 1.42104 3.47299 4.22483 4.23635 4.19517 4.00898 3.94173 3.72354 3.58483 2.64529 1.02259 0.104812 -1.24038 1.06798 1.32143 0.952002 2.09703 2.02917 0.273532 -1.07868 -1.25574 -0.433832 -1.21969 -1.35947 -1.83864 -1.2945 0.170508 -0.263721 -0.18135 0.493462 0.598842 0.660342 0.673637 0.662562 0.652027 0.632398 0.624837 0.616348 0.579391 0.555931 0.538311 0.501315 0.491075 0.462819 0.433057 0.419098 0.391929
-9999 -9999 -9999 -9999 -9999 -9999 -9999 -9999 -6.63479 -4.11443 -1.27078 1.5258 3.46877 4.24985 4.81642 4.80464 4.20287 3.68021 2.86066 1.59132 0.719888 -0.788278 -2.85533 0.607147 1.6771 2.64171 3.0489 4.04429 4.02827 3.58387 3.09186 3.5841 3.44354 2.15918 1.73591 1.01984 2.30186 2.29903 2.25598 2.17847 0.694686 -1.3645 -3.01234 -1.84285 -2.09779 -1.55008 -3.22924 -1.85875 -0.752723 -0.395946 -1.14203 -1.70478 0.0355177 0.313492 0.478777 0.582205 0.647437 0.622748 0.632232 0.613003 0.598088 0.582003 0.556166 0.535903 0.509527 0.482951 0.464005 0.436049 0.406018 0.362873
-9999 -9999 -9999 -9999 -9999 -9999 -9999 -9999 -9999 -5.59939 -1.98653 1.2299 3.01901 4.14222 4.68671 4.67163 4.36147 4.00507 3.49502 2.57813 1.42855 -0.384327 -1.72952 -0.876855 0.172353 0.307152 1.00446 3.01749 3.70961 2.74448 0.366202 1.7895 3.37347 3.34885 3.21342 3.06035 2.86687 2.68711 2.2992 1.2708 -1.86396 -2.49169 -3.72723 -3.59685 -4.23436 -2.85202 -3.36782 -1.96164 -1.35455 -1.12762 -2.43626 -2.14889 -0.623397 -0.0209708 -0.126661 0.240476 0.596741 0.601149 0.603329 0.585361 0.583556 0.576335 0.559925 0.526017 0.502956 0.483142 0.450474 0.436071 0.309512 0.224346
-9999 -9999 -9999 -9999 -9999 -9999 -9999 -9999 -9999 -6.3099 -2.71406 1.07355 2.28771 3.49881 4.54283 4.55847 4.08792 3.64002 3.17897 2.65524 1.26208 -0.0880109 -1.37592 -1.80814 -1.54823 -1.54334 -0.419655 2.19975 2.71109 2.50027 0.0167017 -0.830215 1.28405 3.06001 3.19878 3.03535 0.941876 1.38184 0.248265 -1.28786 -1.71657 -2.39409 -3.81665 -3.14426 -4.18794 -3.75113 -3.85425 -3.05853 -2.67281 -1.72418 -2.86573 -2.84939 -1.35231 -0.597855 -0.584091 0.207328 0.485324 0.552948 0.564108 0.569217 0.563617 0.566532 0.549134 0.527095 0.501193 0.452871 0.352187 0.0708019 -1.4581 -1.46555
-9999 -9999 -9999 -9999 -9999 -9999 -9999 -9999 -9999 -5.89733 -3.40295 -0.0428505 2.44485 2.59792 3.80466 4.42513 3.91424 3.33954 2.75183 2.49266 0.977029 -0.686635 -2.03038 -3.61952 -3.35764 -2.21592 -0.323579 1.36891 1.67473 1.32945 0.010124 0.646885 2.08835 2.85302 3.0771 2.89678 2.43779 2.16985 1.33376 0.967206 -0.193088 -2.00352 -2.72142 -2.27948 -4.20072 -4.07397 -3.3727 -4.10657 -2.87249 -2.28424 -3.75777 -2.58298 -1.25697 -0.581757 0.00768847 0.283392 0.389245 0.554455 0.551439 0.557746 0.556873 0.545102 0.535371 0.497557 0.464443 0.293913 0.0473144 -1.37178 -1.96775 -1.86181
-9999 -9999 -9999 -9999 -9999 -9999 -9999 -9999 -9999 -5.47538 -3.23038 -0.317742 1.45479 1.76884 3.10749 4.29704 4.15905 3.56158 3.37658 2.75806 1.47225 0.0530717 -1.49703 -2.25074 -3.98119 -2.27705 -0.902215 0.530593 1.20247 0.124404 -0.429403 0.553799 1.53053 1.9197 2.90438 2.89208 2.56661 1.17546 0.493805 0.773198 0.475908 -0.0398951 -1.28809 -1.35066 -2.15484 -2.49175 -2.80991 -3.80412 -3.16353 -3.10415 -2.9354 -1.52585 -0.838805 -0.385315 0.0264471 0.129797 0.304769 0.53337 0.546503 0.546821 0.537132 0.532487 0.505759 0.429092 0.362862 0.030259 -0.55097 -1.62705 -3.364 -2.15445
-9999 -9999 -9999 -9999 -9999 -9999 -9999 -9999 -9999 -5.86162 -3.47728 -0.988876 0.049319 0.22231 2.64822 4.13178 4.12982 3.8443 3.51176 1.99006 2.07574 1.76937 0.370765 -1.66475 -3.89941 -3.68974 -2.34174 -0.441075 0.185832 -1.61465 -2.25989 -1.78508 -0.30876 1.01193 2.39017 2.73765 2.32859 0.16581 -2.13296 -1.07533 0.0547094 0.0416626 -0.298674 -1.45637 -1.82856 -2.16589 -3.01175 -4.4319 -4.21099 -3.82125 -2.22283 -1.72632 -0.955814 -0.317042 -0.566769 -0.43122 0.178893 0.525625 0.531228 0.529393 0.53252 0.515518 0.485247 0.342414 0.191623 -0.0550866 -1.55487 -2.49081 -3.85462 -2.28747
-9999 -9999 -9999 -9999 -9999 -9999 -9999 -9999 -9999 -6.60396 -4.87503 -2.49723 -1.54138 -0.0146674 2.27739 3.40238 3.93928 3.92294 3.69994 3.01646 2.60446 1.79642 0.341494 -1.64647 -3.85545 -5.29321 -4.56223 -1.99272 -1.38327 -3.04908 -3.90624 -2.83972 -1.2669 1.06193 2.39093 2.56731 2.44271 1.99291 0.313216 -1.71555 -1.71485 -0.70666 -1.56213 -2.55537 -2.01918 -2.12595 -2.96117 -3.57014 -3.91757 -3.69433 -2.77912 -2.41114 -1.52048 -0.202845 -0.0200256 -0.064682 0.485589 0.505905 0.511049 0.523911 0.514781 0.50095 0.475308 0.357423 0.10446 -0.896704 -1.77085 -2.98335 -3.14093 -1.75204
-9999 -9999 -9999 -9999 -9999 -9999 -9999 -9999 -9999 -7.87969 -5.84558 -3.61888 -1.53444 0.437212 2.13337 2.26013 3.15251 3.14689 3.61266 3.47417 2.84077 2.15978 0.905873 -1.64751 -3.79427 -6.13488 -5.51809 -2.90913 -2.5329 -3.66228 -5.7489 -3.59625 -1.22276 0.927558 2.08984 1.17254 2.10453 2.02275 1.39005 0.180075 -1.69837 -1.66915 -3.07868 -3.14606 -2.43168 -2.20394 -2.33002 -2.78864 -3.50905 -3.3726 -2.81419 -2.68109 -1.86347 -0.84319 0.153977 0.315347 0.499332 0.499779 0.494912 0.502373 0.496003 0.466532 0.406486 0.283878 -0.556594 -1.55447 -2.17253 -3.0198 -3.13015 -1.53362
