Test_Spring_2018b/12_17/Temp/20171225_000.txt
ncols	170
nrows	115
xllcorner	350000.000000
yllcorner	4445000.000000
cellsize	1000.000000
nodata_value	-9999.000000
[rows 31 to 61 of 115, columns 70 to 139 of 170]
5.57741 6.1108 6.30565 5.93086 5.96669 6.88457 7.09391 7.08163 7.02898 6.94479 6.52039 6.37822 6.04297 5.45244 5.20395 4.15351 0.760847 1.71861 2.09209 1.1075 1.65526 2.54805 1.7706 -0.536474 -1.52865 -3.12719 -2.59514 -3.05098 -4.33518 -9999 -9999 -9999 -9999 -9999 -9999 -9999 -9999 -9999 -9999 -9999 -9999 -9999 -9999 -9999 -9999 -9999 -9999 -9999 -9999 -9999 -9999 -9999 -9999 -9999 -9999 -9999 -9999 -9999 -9999 -9999 -9999 -9999 -9999 -9999 -9999 -9999 -9999 -9999 -9999 -9999
5.67277 5.91502 5.88958 5.52838 6.08164 6.59137 6.31497 6.12791 6.97717 6.9776 6.69113 6.01771 5.76997 5.51271 5.35424 4.48897 2.06446 -0.121388 1.04699 1.0733 0.263194 1.71388 0.947792 -1.05054 -3.87124 -2.33422 -2.73012 -4.68226 -5.16274 -9999 -9999 -9999 -9999 -9999 -9999 -9999 -9999 -9999 -9999 -9999 -9999 -9999 -9999 -9999 -9999 -9999 -9999 -9999 -9999 -9999 -9999 -9999 -9999 -9999 -9999 -9999 -9999 -9999 -9999 -9999 -9999 -9999 -9999 -9999 -9999 -9999 -9999 -9999 -9999 -9999
4.98803 5.59687 5.40621 5.24976 6.07275 6.05415 6.02881 6.35539 6.88625 6.99051 6.87873 6.58472 6.32974 6.05819 5.37072 4.38122 2.30606 -0.181584 -0.747046 0.468205 0.525699 0.720931 0.0227132 -0.853691 -2.22465 -1.09812 -0.658626 -1.94789 -3.63405 -4.7155 -9999 -9999 -9999 -9999 -9999 -9999 -9999 -9999 -9999 -9999 -9999 -9999 -9999 -9999 -9999 -9999 -9999 -9999 -9999 -9999 -9999 -9999 -9999 -9999 -9999 -9999 -9999 -9999 -9999 -9999 -9999 -9999 -9999 -9999 -9999 -9999 -9999 -9999 -9999 -9999
4.06973 5.11697 4.82957 4.0276 4.52296 4.89486 5.63078 5.82986 5.93401 6.91797 6.86581 6.81977 6.39887 6.06172 5.5036 4.55119 3.19586 1.56445 -1.27457 0.473662 1.84277 1.80739 1.73269 1.11893 -0.198239 0.907313 0.961791 -0.682679 -2.54682 -3.66967 -4.13315 -9999 -9999 -9999 -9999 -9999 -9999 -9999 -9999 -9999 -9999 -9999 -9999 -9999 -9999 -9999 -9999 -9999 -9999 -9999 -9999 -9999 -9999 -9999 -9999 -9999 -9999 -9999 -9999 -9999 -9999 -9999 -9999 -9999 -9999 -9999 -9999 -9999 -9999 -9999
-9999 4.4506 4.17394 3.195 3.69359 4.35978 5.32267 5.84174 6.22447 6.51901 6.81899 6.78306 6.35224 5.0812 4.8982 4.84136 3.95414 2.0944 0.237297 -0.244735 1.84425 2.44208 2.32048 2.78811 1.67255 2.20266 1.98882 1.409 -0.38719 -2.03814 -2.7303 -4.10042 -9999 -9999 -9999 -9999 -9999 -9999 -9999 -9999 -9999 -9999 -9999 -9999 -9999 -9999 -9999 -9999 -9999 -9999 -9999 -9999 -9999 -9999 -9999 -9999 -9999 -9999 -9999 -9999 -9999 -9999 -9999 -9999 -9999 -9999 -9999 -9999 -9999 -9999
-9999 -9999 -9999 -9999 2.57492 3.50395 4.26223 5.20823 6.01413 6.41297 6.79993 6.76834 5.90808 5.48631 5.44773 4.86559 3.84144 3.19789 2.0278 0.809168 1.27306 3.05488 2.2624 3.52606 3.42087 3.65514 2.8138 1.2486 -0.863866 -2.08394 -2.70297 -3.81306 -9999 -9999 -9999 -9999 -9999 -9999 -9999 -9999 -9999 -9999 -9999 -9999 -9999 -9999 -9999 -9999 -9999 -9999 -9999 -9999 -9999 -9999 -9999 -9999 -9999 -9999 -9999 -9999 -9999 -9999 -9999 -9999 -9999 -9999 -9999 -9999 -9999 -9999
-9999 -9999 -9999 -9999 -9999 3.33358 3.91302 5.14534 5.81662 6.07599 6.70024 6.70127 6.37474 6.12737 5.76864 5.30039 4.52981 3.67995 2.57907 2.47564 3.61454 3.62819 3.39036 3.57868 4.16628 4.0144 2.72337 0.490746 -0.697335 -3.07319 -4.1083 -4.00078 -4.73548 -9999 -9999 -9999 -9999 -9999 -9999 -9999 -9999 -9999 -9999 -9999 -9999 -1.96029 -9999 -9999 -9999 -9999 -9999 -9999 -9999 -9999 -9999 -9999 -9999 -9999 -9999 -9999 -9999 -9999 -9999 -9999 -9999 -9999 -6.46514 -9999 -9999 -9999
-9999 -9999 -9999 -9999 3.19715 3.99046 4.5912 5.36499 5.46435 5.93509 6.65308 6.66328 6.43134 6.16864 5.57969 5.43155 4.99137 4.06845 3.87766 4.24855 4.41902 4.61327 4.73365 4.6378 4.40285 4.09929 3.28928 2.24775 1.5501 -0.639743 -1.73322 -2.80199 -4.4214 -5.68911 -9999 -9999 -9999 -9999 -9999 -9999 -9999 -2.797 -2.86117 -2.83622 -2.48451 -1.507 -2.08679 -9999 -9999 -9999 -9999 -9999 -9999 -9999 -9999 -9999 -9999 -9999 -9999 -9999 -9999 -9999 -9999 -9999 -9999 -9999 -5.58899 -6.87158 -9999 -9999
-9999 -9999 -9999 -9999 3.42225 4.23415 4.64141 5.39402 5.82565 6.13947 6.3891 6.62665 6.58557 6.29478 5.85276 5.8523 5.24353 4.91375 4.67769 5.17972 5.27793 5.07512 4.82197 4.59933 3.96741 3.89774 3.72277 3.06426 1.97984 0.861868 -0.717085 -2.91427 -5.07013 -6.81001 -9999 -9999 -9999 -9999 -9999 -9999 -2.61465 -1.80416 -1.32019 -2.36214 -1.47911 -0.672102 -0.804918 -1.5784 -9999 -9999 -9999 -9999 -9999 -9999 -9999 -9999 -9999 -9999 -9999 -9999 -9999 -9999 0.475505 -0.83885 -3.48721 -4.84771 -5.66652 -6.83312 -9999 -9999
-9999 -9999 -9999 -9999 3.25522 4.21478 4.86644 5.44521 5.54107 6.14246 6.41976 6.54744 6.53116 6.47155 6.38735 5.85521 5.62382 4.8213 5.58165 5.54993 5.35487 4.58901 4.25811 2.9462 2.37143 2.27203 3.38341 2.57311 0.874153 -1.25173 -3.78739 -3.93624 -4.78236 -6.33724 -9999 -9999 -9999 -9999 -9999 -9999 -2.36624 -1.49946 -0.776504 -0.674759 -1.71034 -0.273671 -0.317434 -1.12669 -1.31322 -0.656604 -0.326156 -0.563216 0.22835 0.451788 0.0878183 0.469838 -9999 -9999 -9999 -9999 0.660915 0.706707 0.739985 0.188745 -2.7037 -4.68102 -6.45737 -6.62704 -9999 -9999
-9999 -9999 -9999 -9999 3.90954 4.50344 4.80686 4.86088 5.38143 5.90921 6.24549 6.47478 6.42678 6.4052 6.38138 6.19613 5.77137 5.84203 5.80361 5.55503 4.09557 2.39387 3.13565 2.13291 -0.0123399 1.76178 2.73402 1.81633 -0.242473 -2.63145 -3.38955 -3.33955 -4.51639 -6.0359 -9999 -9999 -9999 -4.73917 -3.49637 -3.39327 -3.03094 -1.87402 -0.994971 -0.328581 0.121253 0.115389 -0.364499 -1.15596 -2.01616 -1.71463 -0.177786 0.193143 0.527915 0.759476 0.420659 0.577933 0.981428 1.18577 1.2205 1.11536 1.08537 1.11164 1.05547 0.540308 -2.04021 -3.52358 -4.47214 -6.38108 -9999 -9999
-9999 -9999 -9999 -9999 3.53397 4.05191 4.47277 5.16785 5.24632 5.68611 5.95517 6.35379 6.39555 5.94333 6.31022 6.25701 6.18189 6.02893 5.80798 4.57383 2.87573 1.17507 0.391067 0.736946 -0.558218 0.126959 1.11248 0.773256 -0.485045 -2.61185 -2.90549 -3.37946 -5.34824 -7.25609 -9999 -9999 -7.15516 -4.76567 -3.08539 -2.22184 -1.95868 -1.93892 -0.830515 -0.748332 0.446412 0.171475 -1.41606 -1.24103 -1.85452 -1.45823 -0.903803 -0.753382 0.0670993 0.849623 0.989233 0.984153 1.23772 1.28283 1.28803 1.27283 1.08702 1.16093 1.16641 0.84275 -1.03424 -1.95262 -2.9641 -6.37026 -9999 -9999
-9999 -9999 -9999 -9999 3.79112 4.3701 5.00341 5.1118 5.58182 5.54156 5.42088 6.0691 6.31583 5.99532 5.76215 6.17679 6.14108 6.07866 5.98069 4.82004 3.47921 1.45288 0.195323 -0.563564 -1.10436 -1.81368 -1.30299 -1.4473 -1.64369 -1.39774 -1.96651 -3.11525 -4.27198 -6.43404 -7.60988 -9999 -7.02521 -5.95012 -3.95122 -2.25392 -1.17908 -1.57484 -0.314223 -0.0849673 0.649135 0.216229 -0.748098 -1.17065 -1.21101 -1.34099 -0.491293 0.0850677 0.496989 0.760612 1.09633 1.17338 1.25053 1.27746 1.28813 1.29938 1.28688 1.27255 1.2276 1.1018 0.235374 -0.681601 -2.65518 -6.26322 -9999 -9999
-9999 -9999 -9999 2.09747 3.72004 4.68722 5.06685 5.34275 5.58609 5.76313 5.95352 6.12572 6.24124 6.19676 5.35161 5.41346 5.55698 6.02619 5.98543 5.87544 5.14041 2.67489 1.82963 0.592393 -1.01275 -1.66839 -1.32184 0.00973277 -0.0383429 -0.902371 -1.86713 -3.1927 -4.03613 -5.36565 -7.9169 -7.68987 -6.54279 -5.69182 -4.33593 -2.26033 -0.807718 -0.163574 0.0755736 0.588871 0.851122 0.254694 -0.30685 -0.545747 -0.985061 -1.04968 -1.04955 -0.537432 -0.12893 0.765641 1.05918 1.19311 1.25431 1.28296 1.30142 1.31975 1.32088 1.29598 1.28971 1.27599 1.20603 -0.0121216 -3.05601 -5.35229 -9999 -9999
-9999 -9999 -9999 -9999 3.41934 3.85051 3.97027 4.1723 4.57571 5.03837 5.69541 5.78116 6.13738 6.13538 5.4116 4.56864 5.28858 5.56966 5.862 5.86493 5.76659 3.69972 2.61873 1.77061 0.232382 0.808091 1.34856 1.40057 1.09322 -0.77037 -2.62698 -4.75834 -6.76391 -6.85585 -7.93163 -7.35734 -6.6014 -4.65456 -3.2875 -2.73827 -2.34628 -0.236707 0.310837 0.491487 1.02794 0.283807 0.0949549 -0.463913 -0.30167 -0.353002 -0.35251 -1.89444 -0.344141 -0.258341 0.741418 1.19028 1.2872 1.30601 1.32673 1.32273 1.32023 1.30781 1.31072 1.28834 1.2619 0.467113 -3.38558 -5.32826 -9999 -9999
-9999 -9999 -9999 -9999 -9999 -9999 3.5698 3.90111 4.11605 4.48038 5.58512 5.88261 6.07894 6.0939 5.7673 4.93628 4.70997 4.85302 4.03795 4.70778 5.62967 5.60613 5.49632 3.68103 2.76571 3.67774 3.41547 2.0598 0.995962 -0.0539477 -2.22855 -3.8067 -6.10539 -7.83206 -7.89498 -5.98439 -4.39702 -2.42719 -1.563 -2.06806 -1.53921 -0.494766 0.692406 1.26333 1.1212 0.3368 0.225881 -0.634098 0.205224 0.27489 -0.119045 -0.459957 -0.318889 0.173566 0.357605 1.13805 1.32148 1.3499 1.34688 1.3413 1.32948 1.31703 1.29812 1.28212 1.26371 1.22108 -2.73917 -5.8264 -9999 -9999
-9999 -9999 -9999 -9999 -9999 -9999 2.80865 3.01465 3.53878 4.86911 5.5724 5.85521 5.84647 5.97413 5.74259 5.00852 4.254 3.54046 2.62416 3.1383 4.51017 5.32032 5.41478 3.82423 4.67045 4.3704 3.76983 1.99347 0.688238 0.00257432 -2.084 -3.85848 -5.38484 -7.49767 -6.58897 -5.59129 -4.3126 -2.16102 -0.714184 -0.12556 -0.635774 0.0281086 1.39499 1.39557 0.637515 0.681281 0.221289 -0.952796 0.263618 0.604407 0.325823 0.395409 0.298557 0.478985 0.810957 1.12759 1.33535 1.35675 1.35245 1.3365 1.32752 1.31928 1.29575 1.28893 1.27021 1.24274 -1.31616 -5.88821 -9999 -9999
-9999 -9999 -9999 -9999 -9999 -9999 -9999 2.12638 3.31063 5.07403 5.52045 5.48384 5.84708 5.87668 5.52341 5.21414 4.2993 3.05136 0.662924 1.26375 2.52621 4.35084 5.31232 5.18788 4.67001 3.75383 1.52298 -0.426843 -0.651507 -0.959161 -2.47821 -3.83927 -5.53684 -4.54302 -3.45759 -2.27322 -1.65381 -1.82099 -0.582141 0.425412 -0.0152509 0.800848 1.75498 1.31123 1.04679 0.824873 0.2934 0.258274 0.311045 1.0012 0.52039 0.812901 0.826726 0.805735 0.964746 1.14784 1.33974 1.36482 1.35709 1.35164 1.31964 1.31895 1.29901 1.27954 1.26137 1.23646 0.998243 -1.47002 -2.94574 -9999
-9999 -9999 -9999 -9999 -9999 -9999 -9999 1.04074 1.63562 3.72232 4.37485 5.2965 5.78493 5.80573 5.21216 4.87831 3.51905 3.07209 0.861663 -0.139543 0.703417 0.378888 2.89424 5.12302 4.65468 0.175966 -1.43803 -2.58482 -2.27343 -2.2571 -2.67058 -5.00414 -5.64588 -3.52954 -2.19751 -1.1676 -0.389178 -0.231723 -0.266521 1.31385 1.5174 2.02505 1.90437 1.94468 1.1354 0.633122 1.0647 0.560944 0.472878 1.18589 0.479846 1.11514 1.04664 0.851311 0.836563 1.25067 1.32927 1.36681 1.36112 1.33608 1.30553 1.28535 1.29026 1.27551 1.24416 1.2376 1.20731 0.903011 -0.375887 -0.827467
-9999 -9999 -9999 -9999 -9999 -9999 -9999 -9999 -0.305565 2.59094 3.92124 4.61759 5.59476 5.71087 5.39687 4.82161 3.43692 2.21796 0.241528 -2.01359 -3.20332 0.360567 3.46494 5.08873 4.89147 1.16451 -0.298925 -0.35496 0.526526 -0.193496 -0.736919 -2.5047 -3.03226 -3.77078 -3.30924 -1.8716 -0.703239 0.422039 1.23648 1.29414 1.81703 2.11923 2.13593 2.22423 2.12311 2.04039 1.26337 1.79508 1.33835 1.5772 1.42026 1.27854 1.16509 0.717941 1.02651 1.29853 1.36384 1.37732 1.35287 1.34033 1.31914 1.28306 1.26526 1.25481 1.24385 1.22163 1.21374 1.18766 1.03747 0.26521
-9999 -9999 -9999 -9999 -9999 -9999 -9999 -9999 -1.75163 1.12997 2.52535 4.31126 5.23317 5.60596 5.5519 5.08494 4.03151 2.44925 1.13022 -1.38603 -3.99705 -0.256038 3.0861 4.88874 4.99045 1.86819 2.74932 2.05708 2.3529 1.07667 0.553087 0.153312 -0.764404 -1.7707 -2.87095 -3.45799 -0.829 0.517132 1.59729 2.101 2.38061 2.51443 2.43244 2.23201 1.05627 1.94143 1.89127 1.79875 1.69395 1.64222 1.54785 1.43722 1.38037 1.35356 1.05474 1.38199 1.36635 1.36411 1.35795 1.34059 1.31452 1.2899 1.26145 1.2543 1.23839 1.21863 1.20276 1.1861 1.16875 1.11919
-9999 -9999 -9999 -9999 -9999 -9999 -9999 -9999 -5.79499 -1.60648 1.77037 3.52752 4.96019 5.34979 5.49186 4.86806 4.39927 3.26361 2.18812 0.533281 -1.94128 -3.46487 -0.660395 3.4137 4.93137 4.83169 4.74709 3.9437 3.2212 3.13935 3.20482 2.37441 1.14278 -0.478096 -0.984892 -1.55512 0.402293 0.66299 0.512584 2.65936 2.65441 2.52143 1.68615 0.762213 0.929159 0.360075 0.795096 0.109542 0.732496 1.27106 1.47076 1.45164 1.38734 1.37249 1.33558 1.38526 1.37839 1.3623 1.34747 1.33503 1.31756 1.28246 1.25776 1.25616 1.23313 1.21069 1.19678 1.1823 1.16953 1.1307
-9999 -9999 -9999 -9999 -9999 -9999 -9999 -9999 -5.61343 -2.08348 0.903368 2.69995 4.41954 4.81589 5.3924 5.26172 4.77165 3.78424 2.55243 1.18999 -0.933251 -2.51086 -0.638216 2.07184 4.01152 4.7227 4.73525 4.69741 4.5226 4.46069 4.25566 4.12603 3.23935 1.7063 0.840104 -0.430037 1.75173 1.99178 1.64313 2.72522 2.66115 1.00222 -0.275688 -0.443364 0.33285 -0.410216 -0.542743 -0.995101 -0.48141 0.902384 0.491064 0.568576 1.20599 1.30536 1.36316 1.37573 1.36537 1.35559 1.3373 1.33049 1.32286 1.2884 1.26675 1.25068 1.21636 1.20747 1.18153 1.15571 1.14491 1.12032
-9999 -9999 -9999 -9999 -9999 -9999 -9999 -9999 -5.54906 -3.16788 -0.480508 2.1623 3.99863 4.73714 5.27294 5.26229 4.69418 4.20083 3.42697 2.22816 1.40536 -0.0190046 -1.97136 1.30089 2.3135 3.22565 3.61176 4.55328 4.5392 4.12039 3.65749 4.1236 3.99077 2.77819 2.37915 1.70337 2.91535 2.91321 2.87292 2.79991 1.39802 -0.547674 -2.10484 -1.00016 -1.24145 -0.724321 -2.31121 -1.01745 0.0271096 0.363807 -0.340322 -0.87228 0.771922 1.03416 1.19031 1.28809 1.34985 1.32673 1.33595 1.31811 1.3044 1.28964 1.26571 1.2471 1.22277 1.1983 1.18121 1.15713 1.12971 1.08884
-9999 -9999 -9999 -9999 -9999 -9999 -9999 -9999 -9999 -4.57208 -1.158 1.88158 3.57255 4.63433 5.14928 5.13552 4.84296 4.50672 4.02531 3.15955 2.07397 0.361716 -0.908591 -0.102193 0.890951 1.01899 1.67874 3.58168 4.2366 3.32568 1.07989 2.42455 3.9221 3.89974 3.77262 3.62875 3.44695 3.27759 2.91144 1.93999 -1.02179 -1.61535 -2.78295 -2.66006 -3.26279 -1.95708 -2.44469 -1.11648 -0.54325 -0.329159 -1.56588 -1.29451 0.146432 0.71562 0.61583 0.962864 1.30063 1.30501 1.30734 1.29069 1.28936 1.28295 1.2679 1.23536 1.21406 1.19589 1.1657 1.15456 1.03588 0.956367
-9999 -9999 -9999 -9999 -9999 -9999 -9999 -9999 -9999 -5.24489 -1.84679 1.73247 2.88022 4.02507 5.01202 5.02732 4.58324 4.16055 3.72547 3.23119 1.91546 0.640463 -0.575737 -0.983393 -0.737043 -0.730739 0.331797 2.80759 3.29161 3.09332 0.746762 -0.0525846 1.94591 3.62473 3.75659 3.60285 1.62543 2.0416 0.970886 -0.4803 -0.885284 -1.52547 -2.86971 -2.23463 -3.22104 -2.80866 -2.90623 -2.15472 -1.79058 -0.89453 -1.97331 -1.95798 -0.543867 0.168992 0.182087 0.930012 1.19289 1.25704 1.26788 1.27304 1.2681 1.27123 1.2552 1.23481 1.21082 1.16569 1.07115 0.806005 -0.635842 -0.641973
-9999 -9999 -9999 -9999 -9999 -9999 -9999 -9999 -9999 -4.85651 -2.4991 0.676266 3.02734 3.17252 4.31325 4.90004 4.41786 3.87539 3.32065 3.07634 1.64489 0.0736038 -1.19537 -2.69617 -2.44799 -1.36847 0.421184 2.02111 2.31087 1.98544 0.738741 1.34114 2.70384 3.42706 3.63944 3.46967 3.03652 2.78378 1.99413 1.64801 0.55182 -1.15875 -1.83714 -1.41975 -3.23525 -3.11575 -2.45344 -3.14686 -1.98107 -1.42547 -2.81788 -1.7083 -0.455462 0.182548 0.739585 1.00024 1.10047 1.25683 1.25427 1.26055 1.26007 1.24933 1.24053 1.20524 1.17443 1.01382 0.781395 -0.558805 -1.11905 -1.01809
-9999 -9999 -9999 -9999 -9999 -9999 -9999 -9999 -9999 -4.45927 -2.33747 0.415146 2.09051 2.38783 3.65321 4.77771 4.64788 4.08392 3.90968 3.32584 2.11153 0.771238 -0.692731 -1.40421 -3.03852 -1.42765 -0.126947 1.22755 1.8631 0.84424 0.321654 1.2513 2.17481 2.54314 3.4741 3.46301 3.15597 1.84193 1.19817 1.46237 1.1816 0.694278 -0.485118 -0.544336 -1.30433 -1.62285 -1.92368 -2.86302 -2.25794 -2.20198 -2.04299 -0.711263 -0.0621196 0.366406 0.755565 0.853376 1.01891 1.23515 1.24785 1.24847 1.23966 1.23564 1.21079 1.13879 1.07669 0.762943 0.214334 -0.801788 -2.44006 -1.29637
-9999 -9999 -9999 -9999 -9999 -9999 -9999 -9999 -9999 -4.82565 -2.57217 -0.220362 0.761196 0.925252 3.21795 4.62026 4.61898 4.34977 4.03613 2.59893 2.68046 2.39159 1.07073 -0.851884 -2.96264 -2.76386 -1.48971 0.307982 0.900969 -0.800605 -1.40967 -0.960451 0.435011 1.6834 2.98614 3.31493 2.92884 0.885701 -1.286 -0.286497 0.781354 0.76909 0.447522 -0.646379 -0.998147 -1.31702 -2.1164 -3.45796 -3.24955 -2.88141 -1.3716 -0.902528 -0.17452 0.429072 0.193223 0.32145 0.898114 1.22596 1.23154 1.23012 1.23342 1.21773 1.18954 1.05503 0.913035 0.680453 -0.736052 -1.61977 -2.90558 -1.42392
-9999 -9999 -9999 -9999 -9999 -9999 -9999 -9999 -9999 -5.5285 -3.89423 -1.64691 -0.743123 0.700017 2.86627 3.9298 4.43767 4.4228 4.21267 3.56745 3.17875 2.41585 1.04175 -0.835962 -2.9225 -4.28033 -3.58902 -1.15958 -0.584386 -2.15761 -2.96698 -1.95878 -0.47221 1.72865 2.9848 3.15186 3.0345 2.60983 1.02304 -0.89363 -0.892825 0.0598444 -0.748413 -1.6869 -1.18034 -1.28133 -2.07061 -2.64613 -2.97426 -2.76375 -1.89914 -1.5515 -0.709962 0.535041 0.70787 0.665818 1.18593 1.20535 1.21048 1.22295 1.21467 1.20198 1.17818 1.06725 0.828735 -0.116677 -0.942042 -2.08705 -2.2353 -0.919941
-9999 -9999 -9999 -9999 -9999 -9999 -9999 -9999 -9999 -6.73531 -4.81265 -2.70806 -0.7379 1.12567 2.72891 2.84928 3.69304 3.6883 4.12895 3.99865 3.40075 2.75787 1.57368 -0.838306 -2.86608 -5.07702 -4.49366 -2.02819 -1.67204 -2.73868 -4.70976 -2.6754 -0.432395 1.59974 2.69831 1.83195 2.71287 2.63588 2.03832 0.895282 -0.879407 -0.851702 -2.18343 -2.24709 -1.57215 -1.35704 -1.47627 -1.90971 -2.58997 -2.46171 -1.93425 -1.80854 -1.03603 -0.0719969 0.870245 1.02283 1.19684 1.19748 1.19314 1.2005 1.19483 1.16738 1.11108 0.995713 0.202113 -0.740175 -1.32355 -2.12347 -2.22709 -0.715655
