Test_Spring_2018b/12_17/Temp/20171205_021.txt
ncols	170
nrows	115
xllcorner	350000.000000
yllcorner	4445000.000000
cellsize	1000.000000
nodata_value	-9999.000000
[rows 31 to 61 of 115, columns 70 to 139 of 170]
5.03915 5.77496 6.04827 5.54381 5.59866 6.83063 7.1115 7.0977 7.0057 6.89377 6.31809 6.12782 5.67476 4.87411 4.54064 3.11398 -1.50692 -0.19343 0.323362 -1.01215 -0.257712 0.966982 -0.0870568 -3.22818 -4.57661 -6.75297 -6.04579 -6.69192 -8.44163 -9999 -9999 -9999 -9999 -9999 -9999 -9999 -9999 -9999 -9999 -9999 -9999 -9999 -9999 -9999 -9999 -9999 -9999 -9999 -9999 -9999 -9999 -9999 -9999 -9999 -9999 -9999 -9999 -9999 -9999 -9999 -9999 -9999 -9999 -9999 -9999 -9999 -9999 -9999 -9999 -9999
5.17933 5.51785 5.49058 5.00465 5.76538 6.46613 6.05919 5.79264 6.94552 6.94953 6.56254 5.64817 5.31492 4.9692 4.75875 3.58473 0.284323 -2.69026 -1.08958 -1.04668 -2.14484 -0.159671 -1.19866 -3.91903 -7.76179 -5.66136 -6.19807 -8.90802 -9.57169 -9999 -9999 -9999 -9999 -9999 -9999 -9999 -9999 -9999 -9999 -9999 -9999 -9999 -9999 -9999 -9999 -9999 -9999 -9999 -9999 -9999 -9999 -9999 -9999 -9999 -9999 -9999 -9999 -9999 -9999 -9999 -9999 -9999 -9999 -9999 -9999 -9999 -9999 -9999 -9999 -9999
4.2565 5.0948 4.84195 4.63516 5.76375 5.74396 5.6875 6.1129 6.83235 6.97838 6.83009 6.43367 6.09096 5.72611 4.79439 3.45107 0.627187 -2.75917 -3.52367 -1.85943 -1.77462 -1.50233 -2.44919 -3.63967 -5.50532 -3.96502 -3.36233 -5.14139 -7.47783 -8.96724 -9999 -9999 -9999 -9999 -9999 -9999 -9999 -9999 -9999 -9999 -9999 -9999 -9999 -9999 -9999 -9999 -9999 -9999 -9999 -9999 -9999 -9999 -9999 -9999 -9999 -9999 -9999 -9999 -9999 -9999 -9999 -9999 -9999 -9999 -9999 -9999 -9999 -9999 -9999 -9999
3.01605 4.45197 4.06686 2.9793 3.6608 4.17353 5.13932 5.39881 5.54461 6.89079 6.82415 6.76633 6.19769 5.74373 4.98875 3.69622 1.85429 -0.3642 -4.22997 -1.83902 0.0344555 -0.00824232 -0.105105 -0.937792 -2.73049 -1.21914 -1.14187 -3.41868 -6.00277 -7.53113 -8.15972 -9999 -9999 -9999 -9999 -9999 -9999 -9999 -9999 -9999 -9999 -9999 -9999 -9999 -9999 -9999 -9999 -9999 -9999 -9999 -9999 -9999 -9999 -9999 -9999 -9999 -9999 -9999 -9999 -9999 -9999 -9999 -9999 -9999 -9999 -9999 -9999 -9999 -9999 -9999
-9999 3.55558 3.18466 1.85527 2.5408 3.45464 4.75383 5.4348 5.95198 6.35793 6.77184 6.72813 6.14634 4.41894 4.17597 4.10529 2.90204 0.372176 -2.15433 -2.80563 0.0494273 0.869999 0.708689 1.35048 -0.16774 0.558223 0.269063 -0.535161 -3.01871 -5.29615 -6.23675 -8.10147 -9999 -9999 -9999 -9999 -9999 -9999 -9999 -9999 -9999 -9999 -9999 -9999 -9999 -9999 -9999 -9999 -9999 -9999 -9999 -9999 -9999 -9999 -9999 -9999 -9999 -9999 -9999 -9999 -9999 -9999 -9999 -9999 -9999 -9999 -9999 -9999 -9999 -9999
-9999 -9999 -9999 -9999 1.02636 2.27911 3.31302 4.58152 5.67622 6.22443 6.75712 6.7196 5.55242 4.98383 4.93827 4.15147 2.76173 1.89092 0.301522 -1.35461 -0.716449 1.71868 0.641777 2.36874 2.22801 2.54981 1.40414 -0.757785 -3.65935 -5.34921 -6.19031 -7.70048 -9999 -9999 -9999 -9999 -9999 -9999 -9999 -9999 -9999 -9999 -9999 -9999 -9999 -9999 -9999 -9999 -9999 -9999 -9999 -9999 -9999 -9999 -9999 -9999 -9999 -9999 -9999 -9999 -9999 -9999 -9999 -9999 -9999 -9999 -9999 -9999 -9999 -9999
-9999 -9999 -9999 -9999 -9999 2.0571 2.84707 4.5312 5.4177 5.77555 6.63198 6.6392 6.20039 5.87015 5.3884 4.75742 3.71396 2.56203 1.06716 0.932089 2.49074 2.51368 2.19276 2.45231 3.2558 3.05009 1.27406 -1.78222 -3.40208 -6.68947 -8.09852 -7.94814 -8.9456 -9999 -9999 -9999 -9999 -9999 -9999 -9999 -9999 -9999 -9999 -9999 -9999 -5.0674 -9999 -9999 -9999 -9999 -9999 -9999 -9999 -9999 -9999 -9999 -9999 -9999 -9999 -9999 -9999 -9999 -9999 -9999 -9999 -9999 -11.0928 -9999 -9999 -9999
-9999 -9999 -9999 -9999 1.89783 2.96069 3.78211 4.84009 4.95471 5.59359 6.5779 6.59785 6.28845 5.93782 5.14264 4.94886 4.35659 3.1054 2.85212 3.36405 3.60158 3.87047 4.03756 3.90876 3.58941 3.17587 2.0444 0.623102 -0.328832 -3.33575 -4.85095 -6.30538 -8.50974 -10.2333 -9999 -9999 -9999 -9999 -9999 -9999 -9999 -6.22611 -6.3065 -6.26582 -5.77993 -4.44088 -5.22629 -9999 -9999 -9999 -9999 -9999 -9999 -9999 -9999 -9999 -9999 -9999 -9999 -9999 -9999 -9999 -9999 -9999 -9999 -9999 -9.88965 -11.6307 -9999 -9999
-9999 -9999 -9999 -9999 2.19568 3.30368 3.86014 4.88835 5.47964 5.88189 6.22731 6.55757 6.50893 6.12056 5.52647 5.53483 4.71326 4.27164 3.95694 4.64787 4.78671 4.51364 4.17063 3.86806 3.00627 2.91065 2.6452 1.74505 0.264357 -1.2614 -3.45774 -6.45181 -9.38813 -11.7558 -9999 -9999 -9999 -9999 -9999 -9999 -5.97629 -4.86306 -4.19581 -5.61056 -4.40026 -3.29419 -3.47045 -4.53917 -9999 -9999 -9999 -9999 -9999 -9999 -9999 -9999 -9999 -9999 -9999 -9999 -9999 -9999 -1.64442 -3.42797 -7.03154 -8.87885 -9.9876 -11.5709 -9999 -9999
-9999 -9999 -9999 -9999 1.97938 3.28746 4.17607 4.96611 5.09859 5.91668 6.27773 6.45833 6.44396 6.37157 6.26631 5.55027 5.24421 4.15841 5.20328 5.16638 4.90514 3.86371 3.41402 1.62485 0.839946 0.679012 2.19141 1.08276 -1.23754 -4.13935 -7.6219 -7.84003 -8.99019 -11.1055 -9999 -9999 -9999 -9999 -9999 -9999 -5.62928 -4.43907 -3.44582 -3.30072 -4.70769 -2.74322 -2.81547 -3.91584 -4.16674 -3.26728 -2.81218 -3.15184 -2.07723 -1.76376 -2.2506 -1.71916 -9999 -9999 -9999 -9999 -1.40312 -1.33036 -1.27526 -2.01802 -5.95472 -8.64368 -11.0589 -11.286 -9999 -9999
-9999 -9999 -9999 -9999 2.88301 3.69086 4.10313 4.17625 4.88706 5.6045 6.04764 6.37236 6.31503 6.29498 6.2727 6.03055 5.46156 5.5676 5.52376 5.19179 3.20652 0.889082 1.9028 0.52694 -2.40706 -0.00676058 1.31426 0.0575327 -2.75514 -6.01723 -7.07527 -7.02144 -8.62306 -10.6864 -9999 -9999 -9999 -8.88333 -7.17817 -7.0277 -6.52415 -4.9375 -3.73073 -2.82067 -2.20184 -2.21177 -2.87211 -3.94903 -5.11965 -4.70533 -2.60547 -2.0951 -1.66313 -1.33864 -1.79106 -1.56083 -0.99942 -0.709231 -0.65024 -0.782106 -0.811762 -0.765165 -0.831604 -1.52473 -5.04202 -7.05753 -8.34401 -10.9385 -9999 -9999
-9999 -9999 -9999 -9999 2.38308 3.08654 3.65825 4.60459 4.7119 5.31369 5.68044 6.21368 6.27914 5.6723 6.1837 6.12254 6.03131 5.83316 5.54097 3.8651 1.55447 -0.761722 -1.82961 -1.36194 -3.13125 -2.21586 -0.877323 -1.35885 -3.08091 -5.98618 -6.38965 -7.05537 -9.7508 -12.3478 -9999 -9999 -12.1847 -8.91504 -6.61249 -5.42417 -5.05534 -5.01936 -3.49953 -3.38057 -1.7452 -2.12051 -4.29131 -4.05012 -4.89382 -4.35112 -3.58815 -3.37899 -2.27139 -1.20582 -1.00586 -1.00226 -0.645089 -0.571763 -0.552644 -0.561439 -0.803292 -0.691431 -0.673587 -1.10543 -3.65674 -4.90118 -6.27485 -10.9098 -9999 -9999
-9999 -9999 -9999 -9999 2.74401 3.53001 4.39089 4.53693 5.17767 5.12017 4.95513 5.84476 6.17607 5.74943 5.44312 6.02097 5.98439 5.91057 5.78682 4.21169 2.38857 -0.371905 -2.0861 -3.12528 -3.8666 -4.85652 -4.16654 -4.37011 -4.64442 -4.31467 -5.10777 -6.69374 -8.26977 -11.2245 -12.8212 -9999 -12.0046 -10.5271 -7.78927 -5.46303 -3.98648 -4.51679 -2.78904 -2.46938 -1.46626 -2.05282 -3.37383 -3.94661 -3.99964 -4.17486 -3.01348 -2.23306 -1.68224 -1.31519 -0.856202 -0.740479 -0.623705 -0.57484 -0.547873 -0.520178 -0.525228 -0.533405 -0.584102 -0.745952 -1.91885 -3.16259 -5.84737 -10.7584 -9999 -9999
-9999 -9999 -9999 0.462084 2.65531 3.96949 4.48316 4.8566 5.1872 5.42916 5.68826 5.92449 6.08953 6.02936 4.88899 4.98644 5.19519 5.84732 5.80231 5.66079 4.66426 1.30474 0.150827 -1.54266 -3.73655 -4.65051 -4.1858 -2.37775 -2.45125 -3.63698 -4.95894 -6.78612 -7.94803 -9.75789 -13.2386 -12.9197 -11.3444 -10.1721 -8.31061 -5.46769 -3.47522 -2.58661 -2.25178 -1.54723 -1.18444 -1.99382 -2.76492 -3.0892 -3.68715 -3.77403 -3.77229 -3.07163 -2.525 -1.30644 -0.897555 -0.710599 -0.615395 -0.563881 -0.525921 -0.488151 -0.474221 -0.49646 -0.494123 -0.502907 -0.589996 -2.24371 -6.38607 -9.50809 -9999 -9999
-9999 -9999 -9999 -9999 2.25225 2.83425 2.99244 3.26417 3.81229 4.44314 5.3384 5.45986 5.95258 5.95673 4.97555 3.8395 4.83522 5.23145 5.64145 5.65445 5.5267 2.70729 1.23248 0.0726854 -2.03066 -1.26565 -0.537624 -0.476165 -0.904628 -3.45507 -5.99479 -8.92136 -11.6582 -11.7824 -13.2525 -12.465 -11.4229 -8.7552 -6.8779 -6.11628 -5.56988 -2.68192 -1.92778 -1.67469 -0.937662 -1.94883 -2.2117 -2.97297 -2.75106 -2.82053 -2.81907 -4.92089 -2.81677 -2.69425 -1.32369 -0.707728 -0.568006 -0.529683 -0.488328 -0.480653 -0.471297 -0.476147 -0.460985 -0.481661 -0.507463 -1.58321 -6.83078 -9.4709 -9999 -9999
-9999 -9999 -9999 -9999 -9999 -9999 2.45047 2.89785 3.18825 3.68442 5.19003 5.6 5.87445 5.90379 5.46919 4.34509 4.05065 4.25919 3.15921 4.08114 5.34422 5.31478 5.16456 2.68526 1.41951 2.65444 2.28665 0.427104 -1.03424 -2.47589 -5.45041 -7.62268 -10.7602 -13.1147 -13.1971 -10.5848 -8.41486 -5.71545 -4.52357 -5.19948 -4.46588 -3.03143 -1.4032 -0.617314 -0.805792 -1.87193 -2.02854 -3.20091 -2.05597 -1.96097 -2.49814 -2.96247 -2.78051 -2.10383 -1.84634 -0.773809 -0.514082 -0.467601 -0.4584 -0.452608 -0.455641 -0.460202 -0.474118 -0.485316 -0.500906 -0.550585 -5.94482 -10.1463 -9999 -9999
-9999 -9999 -9999 -9999 -9999 -9999 1.41585 1.69194 2.40369 4.21711 5.17491 5.56457 5.55912 5.74208 5.43712 4.44827 3.43193 2.4724 1.2343 1.94479 3.8221 4.92998 5.05847 2.88568 4.02268 3.60396 2.77427 0.340345 -1.45088 -2.3964 -5.25157 -7.69191 -9.77651 -12.6583 -11.4157 -10.0489 -8.29596 -5.35092 -3.36403 -2.54785 -3.23161 -2.31512 -0.441452 -0.433247 -1.46167 -1.39814 -2.03083 -3.63184 -1.97283 -1.50839 -1.88866 -1.79356 -1.9362 -1.68556 -1.22668 -0.7871 -0.494388 -0.454344 -0.448823 -0.457014 -0.455952 -0.454333 -0.474493 -0.472885 -0.488642 -0.517437 -4.0001 -10.227 -9999 -9999
-9999 -9999 -9999 -9999 -9999 -9999 -9999 0.483273 2.09534 4.49935 5.10666 5.06044 5.56215 5.61115 5.14 4.73047 3.49595 1.80726 -1.43861 -0.609714 1.11861 3.61048 4.92182 4.749 4.02556 2.76652 -0.286854 -2.95748 -3.275 -3.70517 -5.78654 -7.66319 -9.98167 -8.62633 -7.14303 -5.52178 -4.66826 -4.88512 -3.18226 -1.79463 -2.38316 -1.25881 0.0521399 -0.54545 -0.900354 -1.19902 -1.92909 -1.97654 -1.90477 -0.963922 -1.62022 -1.22131 -1.21312 -1.23752 -1.01487 -0.757711 -0.486874 -0.44196 -0.44039 -0.434596 -0.464787 -0.452756 -0.467796 -0.483179 -0.497898 -0.522947 -0.840016 -4.19728 -6.20341 -9999
-9999 -9999 -9999 -9999 -9999 -9999 -9999 -0.994787 -0.186365 2.65875 3.5472 4.80791 5.48018 5.51693 4.71771 4.27366 2.43299 1.83679 -1.16554 -2.52345 -1.36714 -1.80639 1.6248 4.6622 4.00659 -2.1112 -4.32276 -5.89767 -5.48372 -5.47174 -6.04501 -9.24823 -10.1267 -7.24036 -5.42091 -4.01057 -2.94038 -2.71484 -2.7493 -0.579536 -0.291078 0.412661 0.257765 0.320672 -0.7771 -1.45787 -0.874184 -1.56058 -1.68071 -0.708543 -1.67198 -0.805506 -0.909781 -1.17214 -1.1867 -0.614677 -0.498593 -0.43689 -0.432632 -0.453678 -0.481357 -0.496895 -0.477882 -0.486603 -0.519035 -0.51877 -0.551935 -0.957338 -2.69482 -3.30454
-9999 -9999 -9999 -9999 -9999 -9999 -9999 -9999 -2.83097 1.11909 2.93215 3.88557 5.22431 5.39075 4.97043 4.19796 2.32219 0.672528 -2.01099 -5.076 -6.69706 -1.83223 2.40289 4.61573 4.33022 -0.761316 -2.76665 -2.85297 -1.66066 -2.65241 -3.40236 -5.83384 -6.55635 -7.56401 -6.93199 -4.96642 -3.36464 -1.81894 -0.695416 -0.60296 0.12452 0.542397 0.574981 0.703569 0.57204 0.463909 -0.600715 0.125706 -0.496841 -0.171042 -0.385176 -0.578278 -0.744043 -1.34988 -0.923517 -0.545456 -0.447707 -0.418813 -0.440508 -0.444706 -0.459811 -0.494729 -0.510303 -0.512995 -0.517377 -0.538165 -0.540465 -0.566028 -0.763659 -1.81051
-9999 -9999 -9999 -9999 -9999 -9999 -9999 -9999 -4.80008 -0.869774 1.03235 3.47202 4.73506 5.24793 5.18443 4.55904 3.13444 0.988615 -0.798744 -4.22031 -7.77291 -2.66669 1.88473 4.34232 4.47751 0.199384 1.39319 0.440257 0.83483 -0.914559 -1.63652 -2.20195 -3.4562 -4.82888 -6.32813 -7.12404 -3.52999 -1.68353 -0.198107 0.502205 0.897331 1.09343 0.986461 0.715508 -0.881472 0.331026 0.258023 0.133611 -0.00829927 -0.0782472 -0.206486 -0.356705 -0.445449 -0.477794 -0.879851 -0.426383 -0.438854 -0.43199 -0.429004 -0.440085 -0.462124 -0.481675 -0.506366 -0.507311 -0.522785 -0.539937 -0.552771 -0.565047 -0.581108 -0.641844
-9999 -9999 -9999 -9999 -9999 -9999 -9999 -9999 -10.3118 -4.59809 0.00745651 2.40781 4.36243 4.90199 5.10545 4.26543 3.63752 2.10011 0.644295 -1.60279 -4.96951 -7.04108 -3.21606 2.34218 4.39692 4.24217 4.12011 3.01697 2.02392 1.90493 1.9876 0.834997 -0.847721 -3.05844 -3.74829 -4.52059 -1.84293 -1.47751 -1.67121 1.26953 1.27585 1.10742 -0.0195797 -1.2799 -1.04388 -1.82381 -1.23487 -2.16746 -1.31598 -0.580038 -0.306463 -0.331206 -0.430269 -0.445253 -0.490216 -0.415152 -0.416221 -0.428441 -0.437587 -0.442294 -0.452993 -0.487216 -0.50711 -0.495754 -0.52138 -0.540825 -0.55809 -0.566936 -0.576337 -0.621985
-9999 -9999 -9999 -9999 -9999 -9999 -9999 -9999 -10.0592 -5.24649 -1.17016 1.27736 3.62914 4.17758 4.97307 4.80497 4.14725 2.8113 1.14159 -0.707196 -3.59503 -5.74031 -3.18145 0.511325 3.15671 4.10807 4.10608 4.04864 3.80412 3.71532 3.42958 3.23196 2.02105 -0.0716505 -1.2499 -2.97697 0.0063859 0.343098 -0.121689 1.36608 1.29098 -0.959513 -2.69083 -2.90879 -1.85488 -2.86142 -3.04657 -3.67096 -2.96771 -1.07807 -1.63416 -1.52693 -0.669982 -0.529925 -0.445112 -0.420953 -0.426814 -0.430572 -0.444716 -0.442135 -0.439832 -0.473618 -0.489765 -0.498496 -0.532629 -0.541961 -0.567005 -0.590414 -0.605884 -0.631643
-9999 -9999 -9999 -9999 -9999 -9999 -9999 -9999 -9.95533 -6.7211 -3.05259 0.548385 3.0594 4.07427 4.81377 4.80876 4.04388 3.38108 2.33535 0.709262 -0.405101 -2.34143 -4.99961 -0.533277 0.841324 2.0671 2.59497 3.87382 3.8486 3.27119 2.60401 3.23754 3.05221 1.39992 0.859115 -0.0572906 1.603 1.60886 1.56401 1.47546 -0.425181 -3.06755 -5.1804 -3.66332 -3.98322 -3.2868 -5.45581 -3.68166 -2.25396 -1.79254 -2.76193 -3.48515 -1.25502 -0.892361 -0.673193 -0.532614 -0.440044 -0.462125 -0.438985 -0.451808 -0.458239 -0.465625 -0.48533 -0.497913 -0.518721 -0.540375 -0.56353 -0.584293 -0.61249 -0.653557
-9999 -9999 -9999 -9999 -9999 -9999 -9999 -9999 -9999 -8.61966 -3.97079 0.179583 2.49162 3.94656 4.65665 4.64641 4.25645 3.80716 3.15974 1.98753 0.514621 -1.81428 -3.54186 -2.43849 -1.09076 -0.935702 -0.0387327 2.553 3.44189 2.19487 -0.891785 0.934583 2.97698 2.94775 2.77732 2.58579 2.338 2.11533 1.62539 0.310657 -3.71842 -4.51108 -6.09289 -5.91515 -6.7281 -4.9582 -5.62882 -3.8126 -3.02701 -2.73192 -4.4161 -4.06109 -2.09252 -1.31105 -1.44129 -0.961131 -0.498691 -0.483312 -0.469783 -0.48131 -0.471277 -0.467725 -0.475771 -0.501686 -0.518337 -0.531311 -0.573442 -0.576455 -0.728879 -0.828697
-9999 -9999 -9999 -9999 -9999 -9999 -9999 -9999 -9999 -9.54495 -4.90591 -0.0188814 1.55249 3.12078 4.47451 4.50355 3.90643 3.33867 2.75387 2.08787 0.300671 -1.43201 -3.08573 -3.63801 -3.29969 -3.32003 -1.87243 1.50204 2.15929 1.88578 -1.34454 -2.43526 0.291339 2.58319 2.76643 2.56159 -0.129284 0.446007 -1.00566 -2.97544 -3.5177 -4.38062 -6.20404 -5.32823 -6.66487 -6.09455 -6.25431 -5.22411 -4.72299 -3.49687 -4.96472 -4.95857 -3.02623 -2.04813 -2.02386 -0.996503 -0.629861 -0.53334 -0.508614 -0.490806 -0.486069 -0.469833 -0.479483 -0.495074 -0.515839 -0.565904 -0.684024 -1.04868 -3.00345 -3.00279
-9999 -9999 -9999 -9999 -9999 -9999 -9999 -9999 -9999 -9.01159 -5.7913 -1.45464 1.75839 1.96328 3.52669 4.335 3.68556 2.95399 2.20552 1.88008 -0.0652633 -2.20222 -3.92789 -5.97094 -5.62963 -4.15558 -1.74638 0.434618 0.828193 0.382595 -1.34764 -0.525379 1.33484 2.32391 2.61739 2.39087 1.80631 1.46894 0.400174 -0.0629085 -1.54863 -3.87221 -4.78805 -4.20963 -6.67747 -6.50676 -5.59652 -6.57225 -4.97704 -4.21454 -6.10934 -4.61246 -2.89761 -2.02098 -1.25426 -0.891137 -0.746107 -0.523746 -0.51738 -0.498264 -0.487792 -0.49092 -0.491167 -0.527555 -0.558032 -0.765919 -1.0723 -2.89028 -3.65643 -3.50935
-9999 -9999 -9999 -9999 -9999 -9999 -9999 -9999 -9999 -8.46611 -5.56646 -1.80588 0.485867 0.898476 2.63195 4.17358 4.00452 3.24332 3.01353 2.22467 0.575254 -1.24676 -3.23837 -4.2046 -6.43059 -4.23118 -2.48929 -0.64205 0.224254 -1.19675 -1.90872 -0.639251 0.622666 1.12824 2.40225 2.39236 1.97979 0.194631 -0.675504 -0.306602 -0.680653 -1.33629 -2.93601 -3.00811 -4.03654 -4.46341 -4.86681 -6.1795 -5.34853 -5.26688 -5.04875 -3.24498 -2.35294 -1.76148 -1.22325 -1.08188 -0.847525 -0.543371 -0.516238 -0.505018 -0.506198 -0.500511 -0.523071 -0.609942 -0.683467 -1.10053 -1.83835 -3.21436 -5.45171 -3.88211
-9999 -9999 -9999 -9999 -9999 -9999 -9999 -9999 -9999 -8.96211 -5.88215 -2.66771 -1.32188 -1.09076 2.04409 3.96466 3.97084 3.6115 3.19134 1.23827 1.35618 0.968177 -0.828232 -3.4463 -6.32187 -6.0481 -4.33036 -1.89023 -1.08112 -3.43333 -4.26249 -3.64761 -1.74136 -0.034886 1.74659 2.20048 1.68014 -1.09964 -4.05413 -2.68265 -1.21763 -1.22576 -1.65583 -3.13959 -3.61146 -4.03892 -5.12229 -6.96097 -6.6946 -6.18661 -4.14493 -3.49819 -2.49804 -1.66729 -1.98112 -1.7979 -1.00252 -0.546001 -0.528578 -0.520256 -0.505142 -0.515676 -0.543144 -0.715635 -0.898461 -1.20509 -3.1269 -4.32237 -6.0656 -4.04894
-9999 -9999 -9999 -9999 -9999 -9999 -9999 -9999 -9999 -9.9169 -7.68088 -4.60837 -3.36816 -1.39204 1.57057 3.02917 3.72984 3.71734 3.43824 2.56526 2.04163 1.00695 -0.862132 -3.41892 -6.26131 -8.11047 -7.16525 -3.88556 -3.1121 -5.27723 -6.37904 -5.00117 -2.97016 0.0358655 1.7541 1.9876 1.83387 1.26161 -0.89524 -3.50164 -3.49238 -2.1847 -3.27895 -4.55102 -3.85237 -3.98275 -5.05235 -5.83078 -6.31239 -6.02409 -4.85717 -4.37561 -3.22016 -1.51409 -1.2701 -1.3188 -0.600313 -0.564335 -0.547472 -0.52028 -0.521121 -0.527797 -0.549573 -0.690202 -1.00498 -2.28416 -3.39985 -4.95182 -5.14452 -3.35417
-9999 -9999 -9999 -9999 -9999 -9999 -9999 -9999 -9999 -11.5589 -8.92886 -6.05045 -3.35521 -0.805222 1.38977 1.56213 2.72105 2.72241 3.33091 3.16019 2.35107 1.47996 -0.130189 -3.41578 -6.17801 -9.19071 -8.39254 -5.05068 -4.60996 -6.06273 -8.74876 -5.97085 -2.90771 -0.131501 1.37206 0.196175 1.40419 1.30619 0.498557 -1.05278 -3.46549 -3.4197 -5.22823 -5.30729 -4.37915 -4.07851 -4.23421 -4.81878 -5.75654 -5.6054 -4.89759 -4.71841 -3.65675 -2.33356 -1.03975 -0.822655 -0.575996 -0.565478 -0.561453 -0.54124 -0.538622 -0.565622 -0.631947 -0.7789 -1.85107 -3.12623 -3.91204 -4.99344 -5.1253 -3.0537
