Test_Spring_2018b/12_17/Temp/20171208_005.txt
ncols	170
nrows	115
xllcorner	350000.000000
yllcorner	4445000.000000
cellsize	1000.000000
nodata_value	-9999.000000
[rows 31 to 61 of 115, columns 70 to 139 of 170]
4.14091 4.87569 5.14546 4.63292 4.68389 5.93349 6.21817 6.20197 6.12683 6.0121 5.43042 5.23638 4.77745 3.96822 3.62876 2.18848 -2.46734 -1.15039 -0.635607 -1.98539 -1.23157 -0.00430862 -1.07041 -4.23688 -5.59852 -7.79305 -7.07869 -7.71459 -9.47919 -9999 -9999 -9999 -9999 -9999 -9999 -9999 -9999 -9999 -9999 -9999 -9999 -9999 -9999 -9999 -9999 -9999 -9999 -9999 -9999 -9999 -9999 -9999 -9999 -9999 -9999 -9999 -9999 -9999 -9999 -9999 -9999 -9999 -9999 -9999 -9999 -9999 -9999 -9999 -9999 -9999
4.2767 4.61176 4.57909 4.08524 4.84665 5.54811 5.15376 4.89676 6.061 6.06261 5.67047 4.74723 4.40857 4.05699 3.84119 2.65515 -0.671465 -3.67038 -2.0643 -2.02623 -3.13662 -1.14336 -2.19374 -4.93617 -8.80792 -6.69728 -7.24065 -9.94654 -10.6117 -9999 -9999 -9999 -9999 -9999 -9999 -9999 -9999 -9999 -9999 -9999 -9999 -9999 -9999 -9999 -9999 -9999 -9999 -9999 -9999 -9999 -9999 -9999 -9999 -9999 -9999 -9999 -9999 -9999 -9999 -9999 -9999 -9999 -9999 -9999 -9999 -9999 -9999 -9999 -9999 -9999
3.3418 4.18011 3.92057 3.70781 4.83953 4.8157 4.76966 5.21422 5.94157 6.08587 5.93369 5.53147 5.18299 4.81191 3.86996 2.51344 -0.3335 -3.74672 -4.521 -2.85061 -2.76983 -2.50011 -3.45721 -4.65916 -6.54033 -4.99294 -4.38899 -6.17558 -8.50488 -9.99695 -9999 -9999 -9999 -9999 -9999 -9999 -9999 -9999 -9999 -9999 -9999 -9999 -9999 -9999 -9999 -9999 -9999 -9999 -9999 -9999 -9999 -9999 -9999 -9999 -9999 -9999 -9999 -9999 -9999 -9999 -9999 -9999 -9999 -9999 -9999 -9999 -9999 -9999 -9999 -9999
2.08655 3.52665 3.13424 2.03517 2.71705 3.2293 4.22702 4.49559 4.63972 5.99184 5.92162 5.85995 5.2838 4.82278 4.05853 2.75302 0.894429 -1.34319 -5.23878 -2.8366 -0.955033 -1.00184 -1.10281 -1.94403 -3.75114 -2.23228 -2.15657 -4.43605 -7.01081 -8.55197 -9.18775 -9999 -9999 -9999 -9999 -9999 -9999 -9999 -9999 -9999 -9999 -9999 -9999 -9999 -9999 -9999 -9999 -9999 -9999 -9999 -9999 -9999 -9999 -9999 -9999 -9999 -9999 -9999 -9999 -9999 -9999 -9999 -9999 -9999 -9999 -9999 -9999 -9999 -9999 -9999
-9999 2.61744 2.23966 0.897519 1.58373 2.49993 3.82098 4.52108 5.04399 5.44966 5.86296 5.81528 5.22562 3.48259 3.23346 3.15762 1.9418 -0.609192 -3.1566 -3.81627 -0.946306 -0.123699 -0.288944 0.354607 -1.17554 -0.446476 -0.738873 -1.54098 -4.02782 -6.30275 -7.252 -9.13182 -9999 -9999 -9999 -9999 -9999 -9999 -9999 -9999 -9999 -9999 -9999 -9999 -9999 -9999 -9999 -9999 -9999 -9999 -9999 -9999 -9999 -9999 -9999 -9999 -9999 -9999 -9999 -9999 -9999 -9999 -9999 -9999 -9999 -9999 -9999 -9999 -9999 -9999
-9999 -9999 -9999 -9999 0.0532963 1.32765 2.36893 3.65677 4.76073 5.30958 5.84233 5.80067 4.62155 4.04461 3.99389 3.19702 1.79335 0.912207 -0.691891 -2.36273 -1.72377 0.724441 -0.361761 1.37476 1.23188 1.55497 0.401317 -1.75836 -4.67357 -6.3563 -7.20466 -8.72697 -9999 -9999 -9999 -9999 -9999 -9999 -9999 -9999 -9999 -9999 -9999 -9999 -9999 -9999 -9999 -9999 -9999 -9999 -9999 -9999 -9999 -9999 -9999 -9999 -9999 -9999 -9999 -9999 -9999 -9999 -9999 -9999 -9999 -9999 -9999 -9999 -9999 -9999
-9999 -9999 -9999 -9999 -9999 1.09887 1.89458 3.58757 4.495 4.85232 5.71086 5.71404 5.26777 4.9304 4.44031 3.79997 2.74459 1.58036 0.0714221 -0.0682389 1.49755 1.51831 1.19367 1.45395 2.26231 2.05538 0.277109 -2.791 -4.42057 -7.70517 -9.12432 -8.97446 -9.98061 -9999 -9999 -9999 -9999 -9999 -9999 -9999 -9999 -9999 -9999 -9999 -9999 -6.15968 -9999 -9999 -9999 -9999 -9999 -9999 -9999 -9999 -9999 -9999 -9999 -9999 -9999 -9999 -9999 -9999 -9999 -9999 -9999 -9999 -12.3692 -9999 -9999 -9999
-9999 -9999 -9999 -9999 0.918395 2.00505 2.8306 3.89385 4.01992 4.66412 5.65133 5.66714 5.35082 4.99254 4.18655 3.98586 3.38429 2.11992 1.86061 2.37228 2.6086 2.8774 3.04461 2.91482 2.59397 2.1789 1.05718 -0.371241 -1.32732 -4.34733 -5.85403 -7.31857 -9.53875 -11.2759 -9999 -9999 -9999 -9999 -9999 -9999 -9999 -7.28945 -7.37854 -7.3459 -6.86519 -5.5257 -6.32446 -9999 -9999 -9999 -9999 -9999 -9999 -9999 -9999 -9999 -9999 -9999 -9999 -9999 -9999 -9999 -9999 -9999 -9999 -9999 -11.1557 -12.9155 -9999 -9999
-9999 -9999 -9999 -9999 1.22969 2.34478 2.90438 3.93825 4.53163 4.94973 5.29388 5.62184 5.56764 5.17093 4.56684 4.5691 3.73628 3.28645 2.96515 3.657 3.79425 3.518 3.17245 2.86862 2.00281 1.90891 1.65951 0.757007 -0.729923 -2.26254 -4.44968 -7.4629 -10.419 -12.8037 -9999 -9999 -9999 -9999 -9999 -9999 -7.02502 -5.91277 -5.24968 -6.68231 -5.47275 -4.368 -4.55379 -5.62829 -9999 -9999 -9999 -9999 -9999 -9999 -9999 -9999 -9999 -9999 -9999 -9999 -9999 -9999 -2.82315 -4.62648 -8.26151 -10.1286 -11.252 -12.8528 -9999 -9999
-9999 -9999 -9999 -9999 1.00586 2.32328 3.21803 4.01287 4.14497 4.96893 5.34068 5.5178 5.49773 5.41854 5.30589 4.57842 4.26393 3.16527 4.21215 4.17137 3.9061 2.85691 2.40466 0.605413 -0.181922 -0.326634 1.20049 0.0896347 -2.24089 -5.1571 -8.64147 -8.85648 -10.0138 -12.1438 -9999 -9999 -9999 -9999 -9999 -9999 -6.67022 -5.48091 -4.49011 -4.3531 -5.77827 -3.80979 -3.88245 -4.99805 -5.25841 -4.3607 -3.91009 -4.24568 -3.17093 -2.86394 -3.36253 -2.83624 -9999 -9999 -9999 -9999 -2.5615 -2.49678 -2.44966 -3.20542 -7.17573 -9.88989 -12.3282 -12.5615 -9999 -9999
-9999 -9999 -9999 -9999 1.9096 2.72457 3.1408 3.2148 3.92959 4.65232 5.10584 5.42787 5.36404 5.33691 5.30706 5.05586 4.47601 4.57636 4.52694 4.18885 2.18814 -0.145356 0.87557 -0.505059 -3.45083 -1.02056 0.315497 -0.942795 -3.76729 -7.04455 -8.08781 -8.02824 -9.63897 -11.7118 -9999 -9999 -9999 -9.91328 -8.20405 -8.06053 -7.56227 -5.97428 -4.76888 -3.8655 -3.25203 -3.26715 -3.93659 -5.02867 -6.21477 -5.80533 -3.69914 -3.19269 -2.75186 -2.43378 -2.89775 -2.67428 -2.11797 -1.83469 -1.78413 -1.92565 -1.96422 -1.9259 -2.00119 -2.70702 -6.25537 -8.29161 -9.59371 -12.2121 -9999 -9999
-9999 -9999 -9999 -9999 1.40185 2.11234 2.68956 3.64535 3.75294 4.35687 4.72492 5.2656 5.32494 4.70661 5.21324 5.14347 5.04381 4.83739 4.53759 2.84662 0.518505 -1.81339 -2.88706 -2.41131 -4.1873 -3.25144 -1.89694 -2.36867 -4.08544 -7.00267 -7.40269 -8.05397 -10.7639 -13.3778 -9999 -9999 -13.2233 -9.93839 -7.62815 -6.4404 -6.07823 -6.05154 -4.53153 -4.42155 -2.78508 -3.16845 -5.35882 -5.12426 -5.98478 -5.44608 -4.6842 -4.48092 -3.36259 -2.29749 -2.1049 -2.11004 -1.75938 -1.69447 -1.68414 -1.70188 -1.95412 -1.85019 -1.84068 -2.28353 -4.85937 -6.11947 -7.50743 -12.1814 -9999 -9999
-9999 -9999 -9999 -9999 1.76373 2.55806 3.42688 3.57507 4.21985 4.16144 3.99419 4.88488 5.21896 4.78142 4.46429 5.03695 4.99157 4.90966 4.77892 3.18911 1.3517 -1.4271 -3.15075 -4.19135 -4.93158 -5.90307 -5.19994 -5.396 -5.66343 -5.32334 -6.10769 -7.68485 -9.26825 -12.2408 -13.8491 -9999 -13.0349 -11.5541 -8.80604 -6.47338 -4.99676 -5.54061 -3.81184 -3.5003 -2.49743 -3.09725 -4.43268 -5.01632 -5.07764 -5.2617 -4.10025 -3.32473 -2.76741 -2.40651 -1.9523 -1.84465 -1.73604 -1.69585 -1.67773 -1.65885 -1.67284 -1.6898 -1.74931 -1.9204 -3.10879 -4.3666 -7.07578 -12.0273 -9999 -9999
-9999 -9999 -9999 -0.553481 1.67098 2.99791 3.5181 3.89588 4.22905 4.47137 4.73088 4.965 5.12466 5.06114 3.90385 3.99224 4.19308 4.84123 4.78926 4.64214 3.63667 0.255116 -0.903241 -2.5941 -4.79462 -5.69822 -5.22039 -3.39021 -3.45403 -4.63786 -5.95968 -7.7796 -8.93845 -10.7586 -14.2625 -13.9444 -12.3636 -11.1901 -9.32448 -6.47221 -4.47681 -3.59298 -3.26673 -2.56568 -2.2106 -3.03384 -3.81615 -4.15086 -4.76066 -4.85578 -4.86149 -4.1636 -3.61164 -2.39564 -1.99277 -1.81278 -1.72598 -1.68323 -1.65415 -1.62524 -1.62021 -1.65139 -1.65757 -1.67459 -1.76892 -3.44059 -7.61769 -10.7684 -9999 -9999
-9999 -9999 -9999 -9999 1.26275 1.85353 2.01665 2.29267 2.84524 3.47933 4.3792 4.49671 4.98616 4.98305 3.9892 2.83542 3.82773 4.21775 4.62331 4.63143 4.50031 1.66872 0.188645 -0.97201 -3.08042 -2.29314 -1.549 -1.47552 -1.89532 -4.4515 -6.99782 -9.92386 -12.6734 -12.7953 -14.2703 -13.4804 -12.4363 -9.75791 -7.87671 -7.11975 -6.58032 -3.68453 -2.93482 -2.69008 -1.95841 -2.98589 -3.25692 -4.03152 -3.81612 -3.89368 -3.89963 -6.02248 -3.90339 -3.78899 -2.41853 -1.80866 -1.67666 -1.64729 -1.61491 -1.61638 -1.61604 -1.62978 -1.62307 -1.65132 -1.68537 -2.77539 -8.06402 -10.7294 -9999 -9999
-9999 -9999 -9999 -9999 -9999 -9999 1.47082 1.92408 2.21762 2.71641 4.23067 4.63859 4.90826 4.92964 4.48293 3.34308 3.03634 3.237 2.12235 3.04735 4.31751 4.28976 4.14334 1.65514 0.396993 1.65152 1.29367 -0.565411 -2.02382 -3.46298 -6.44599 -8.61245 -11.7645 -14.1309 -14.2127 -11.5848 -9.40343 -6.6933 -5.50226 -6.19255 -5.46504 -4.03122 -2.40331 -1.62303 -1.82309 -2.90603 -3.07031 -4.25873 -3.11426 -3.02627 -3.57434 -4.04897 -3.86501 -3.19291 -2.94287 -1.8726 -1.62054 -1.58333 -1.58339 -1.58684 -1.59904 -1.61253 -1.63491 -1.65429 -1.67763 -1.7348 -7.17096 -11.4078 -9999 -9999
-9999 -9999 -9999 -9999 -9999 -9999 0.429785 0.71087 1.42872 3.25353 4.21646 4.60399 4.5919 4.76783 4.45147 3.44612 2.41335 1.43804 0.184782 0.895548 2.78393 3.90104 4.03535 1.85601 3.01662 2.60726 1.78506 -0.651532 -2.44136 -3.38052 -6.24281 -8.67886 -10.7708 -13.6675 -12.4156 -11.0411 -9.2808 -6.32273 -4.33166 -3.52026 -4.219 -3.3076 -1.43279 -1.43539 -2.48096 -2.42691 -3.0705 -4.69036 -3.02846 -2.56861 -2.95875 -2.87029 -3.01334 -2.77012 -2.31746 -1.88437 -1.59919 -1.56838 -1.57233 -1.58991 -1.59802 -1.60523 -1.63404 -1.64052 -1.664 -1.70011 -5.21214 -11.4874 -9999 -9999
-9999 -9999 -9999 -9999 -9999 -9999 -9999 -0.504688 1.11939 3.53867 4.14887 4.09774 4.59619 4.63735 4.15375 3.73152 2.47887 0.769784 -2.50458 -1.67469 0.0636925 2.57382 3.89873 3.73247 3.02055 1.7655 -1.29477 -3.96944 -4.27576 -4.69602 -6.77928 -8.64789 -10.9751 -9.60696 -8.11262 -6.48213 -5.62707 -5.85188 -4.14661 -2.75995 -3.36307 -2.24246 -0.934039 -1.54637 -1.91401 -2.22449 -2.9661 -3.02223 -2.95794 -2.01857 -2.68655 -2.29233 -2.28368 -2.31738 -2.10256 -1.85314 -1.59005 -1.55438 -1.5623 -1.56585 -1.60541 -1.60218 -1.62584 -1.64941 -1.67183 -1.70415 -2.02989 -5.41679 -7.44202 -9999
-9999 -9999 -9999 -9999 -9999 -9999 -9999 -1.99103 -1.17601 1.68718 2.58036 3.84479 4.51506 4.54407 3.73049 3.27504 1.41181 0.802337 -2.2272 -3.59752 -2.43494 -2.87521 0.583209 3.6479 3.00408 -3.14179 -5.35504 -6.92714 -6.49749 -6.47299 -7.03855 -10.2425 -11.1204 -8.21146 -6.37887 -4.96072 -3.88759 -3.66686 -3.71025 -1.53652 -1.25622 -0.558815 -0.725658 -0.673031 -1.78825 -2.48323 -1.90241 -2.60163 -2.73047 -1.7596 -2.73677 -1.87198 -1.97649 -2.24975 -2.27374 -1.70745 -1.60015 -1.54761 -1.5528 -1.58336 -1.62035 -1.64492 -1.63428 -1.65115 -1.69141 -1.69827 -1.73828 -2.15409 -3.90895 -4.52826
-9999 -9999 -9999 -9999 -9999 -9999 -9999 -9999 -3.8365 0.138661 1.96247 2.91768 4.25898 4.41883 3.99032 3.2024 1.30433 -0.365097 -3.07344 -6.16354 -7.79412 -2.89589 1.37134 3.60559 3.33387 -1.77972 -3.78612 -3.86063 -2.64825 -3.63472 -4.37877 -6.80616 -7.52762 -8.53839 -7.90122 -5.92338 -4.31533 -2.7662 -1.64383 -1.56071 -0.839399 -0.427543 -0.405391 -0.286389 -0.428829 -0.547256 -1.62533 -0.902447 -1.53699 -1.21673 -1.43976 -1.64156 -1.80774 -2.42676 -2.00698 -1.63594 -1.5471 -1.52745 -1.55881 -1.57238 -1.59668 -1.64061 -1.66498 -1.67578 -1.68783 -1.71594 -1.72495 -1.75859 -1.96366 -3.02309
-9999 -9999 -9999 -9999 -9999 -9999 -9999 -9999 -5.81689 -1.86191 0.0514966 2.50274 3.76789 4.28292 4.2096 3.57038 2.12706 -0.0412263 -1.84713 -5.29587 -8.87414 -3.73317 0.856324 3.33622 3.48053 -0.808532 0.404058 -0.543777 -0.135397 -1.88549 -2.60234 -3.15183 -4.40917 -5.78785 -7.29472 -8.09737 -4.4843 -2.63225 -1.14531 -0.449955 -0.0627045 0.123699 0.00969879 -0.273337 -1.89051 -0.679462 -0.759195 -0.892641 -1.0434 -1.12152 -1.25817 -1.4169 -1.50519 -1.547 -1.96107 -1.51343 -1.53596 -1.53864 -1.5451 -1.56555 -1.59679 -1.62522 -1.65847 -1.66839 -1.69121 -1.71574 -1.73548 -1.75596 -1.77845 -1.84553
-9999 -9999 -9999 -9999 -9999 -9999 -9999 -9999 -11.3628 -5.61315 -0.979305 1.43262 3.4033 3.93848 4.13457 3.28009 2.63942 1.08419 -0.387509 -2.65381 -6.04493 -8.13017 -4.27571 1.32374 3.40517 3.26549 3.15235 2.05203 1.06244 0.952157 1.04399 -0.0969121 -1.78444 -4.00732 -4.7006 -5.48035 -2.78962 -2.42807 -2.63084 0.320075 0.316547 0.136643 -1.00826 -2.28054 -2.05237 -2.84686 -2.26004 -3.20688 -2.35777 -1.62478 -1.35708 -1.38962 -1.48781 -1.51096 -1.5658 -1.50034 -1.51099 -1.53282 -1.55143 -1.56541 -1.58518 -1.62835 -1.65679 -1.65342 -1.68822 -1.71521 -1.73893 -1.75624 -1.77225 -1.8244
-9999 -9999 -9999 -9999 -9999 -9999 -9999 -9999 -11.1077 -6.26334 -2.16312 0.307832 2.66874 3.21349 4.00624 3.82888 3.15899 1.80723 0.120768 -1.74432 -4.65338 -6.81305 -4.23583 -0.511849 2.15676 3.13001 3.14205 3.09285 2.85527 2.77425 2.49453 2.31531 1.10005 -1.00285 -2.1895 -3.93045 -0.931992 -0.599096 -1.07432 0.414662 0.329796 -1.94514 -3.69769 -3.92693 -2.86733 -3.88928 -4.08116 -4.7183 -4.01839 -2.12423 -2.69052 -2.59038 -1.72543 -1.5939 -1.51872 -1.50393 -1.51934 -1.53258 -1.55616 -1.56274 -1.56939 -1.61211 -1.63679 -1.65371 -1.69587 -1.71432 -1.74668 -1.77899 -1.80068 -1.8331
-9999 -9999 -9999 -9999 -9999 -9999 -9999 -9999 -11.0095 -7.74563 -4.05614 -0.422482 2.09912 3.11395 3.85107 3.83867 3.06169 2.38815 1.33026 -0.310395 -1.43437 -3.38395 -6.05836 -1.56005 -0.167332 1.08117 1.61766 2.91328 2.89636 2.32327 1.67692 2.31883 2.13777 0.475236 -0.0702241 -0.995397 0.671378 0.6715 0.619353 0.522245 -1.39949 -4.06823 -6.2042 -4.68651 -5.01765 -4.31573 -6.50416 -4.72525 -3.29605 -2.83939 -3.82384 -4.55967 -2.3119 -1.95714 -1.74599 -1.61397 -1.53025 -1.56187 -1.54786 -1.5699 -1.58532 -1.60147 -1.62977 -1.65064 -1.67951 -1.70894 -1.74138 -1.77136 -1.80675 -1.85285
-9999 -9999 -9999 -9999 -9999 -9999 -9999 -9999 -9999 -9.66276 -4.96979 -0.796348 1.52584 2.9846 3.69316 3.67651 3.27782 2.81992 2.16345 0.979897 -0.504959 -2.84989 -4.588 -3.47512 -2.10927 -1.93839 -1.02901 1.5866 2.48828 1.23975 -1.84484 0.0013165 2.0589 2.02981 1.85706 1.66154 1.40798 1.17829 0.67852 -0.652295 -4.71581 -5.5219 -7.12275 -6.9526 -7.77954 -5.99521 -6.67506 -4.85488 -4.07202 -3.78286 -5.48593 -5.12289 -3.15196 -2.37484 -2.51544 -2.04166 -1.58681 -1.58067 -1.57629 -1.597 -1.59583 -1.601 -1.61762 -1.6507 -1.67539 -1.69612 -1.74792 -1.7604 -1.92099 -2.02842
-9999 -9999 -9999 -9999 -9999 -9999 -9999 -9999 -9999 -10.5733 -5.90721 -0.992268 0.584648 2.1579 3.51483 3.53831 2.93171 2.35513 1.76212 1.08836 -0.712755 -2.45771 -4.12187 -4.67607 -4.33264 -4.33282 -2.87047 0.531671 1.19885 0.928868 -2.29577 -3.39131 -0.645816 1.66078 1.84364 1.63457 -1.07802 -0.50423 -1.97159 -3.96124 -4.51462 -5.39115 -7.2347 -6.36149 -7.71517 -7.14935 -7.30226 -6.27327 -5.77679 -4.55062 -6.03605 -6.02356 -4.08926 -3.11422 -3.09927 -2.07468 -1.71508 -1.62728 -1.61163 -1.6028 -1.60696 -1.59935 -1.61759 -1.64159 -1.6706 -1.72888 -1.85545 -2.23203 -4.20947 -4.2161
-9999 -9999 -9999 -9999 -9999 -9999 -9999 -9999 -9999 -10.0323 -6.79433 -2.43334 0.796132 0.997401 2.56581 3.37415 2.71539 1.97438 1.21699 0.886234 -1.07402 -3.22605 -4.96297 -7.01824 -6.67252 -5.18576 -2.73943 -0.539704 -0.139087 -0.583415 -2.29813 -1.46901 0.403796 1.39861 1.69213 1.4611 0.868609 0.52395 -0.557726 -1.03046 -2.53305 -4.87937 -5.809 -5.23476 -7.72674 -7.56292 -6.65469 -7.62765 -6.03004 -5.2706 -7.18588 -5.67388 -3.95724 -3.08434 -2.32208 -1.96604 -1.82947 -1.61499 -1.61781 -1.60767 -1.60609 -1.61803 -1.6269 -1.67198 -1.71093 -1.92828 -2.24459 -4.08222 -4.86587 -4.72545
-9999 -9999 -9999 -9999 -9999 -9999 -9999 -9999 -9999 -9.47886 -6.56382 -2.78269 -0.480395 -0.0698084 1.67011 3.21693 3.04209 2.2716 2.03655 1.2395 -0.422877 -2.25805 -4.26295 -5.23481 -7.47377 -5.25764 -3.48309 -1.62024 -0.744756 -2.14654 -2.86151 -1.5829 -0.312832 0.194953 1.47517 1.46208 1.04274 -0.759036 -1.64056 -1.27559 -1.65893 -2.32609 -3.94377 -4.02404 -5.06699 -5.5045 -5.91841 -7.22955 -6.40127 -6.32725 -6.11661 -4.29481 -3.4064 -2.82056 -2.28829 -2.15545 -1.92897 -1.63216 -1.6141 -1.61194 -1.62213 -1.62528 -1.65673 -1.75276 -1.83521 -2.26331 -3.01413 -4.40716 -6.67214 -5.1002
-9999 -9999 -9999 -9999 -9999 -9999 -9999 -9999 -9999 -9.97368 -6.87732 -3.64595 -2.29568 -2.06761 1.08307 3.01158 3.01339 2.64764 2.22117 0.252411 0.368901 -0.0230125 -1.83168 -4.46652 -7.35977 -7.0824 -5.34149 -2.87327 -2.05606 -4.39517 -5.22866 -4.60939 -2.69113 -0.974872 0.815959 1.26962 0.741833 -2.06095 -5.04027 -3.66597 -2.19801 -2.21321 -2.65342 -4.15441 -4.63705 -5.07509 -6.17338 -8.02756 -7.75323 -7.25022 -5.18843 -4.54697 -3.54982 -2.72316 -3.04856 -2.87361 -2.08246 -1.63232 -1.62406 -1.62486 -1.61873 -1.6383 -1.6748 -1.85715 -2.04979 -2.36694 -4.3097 -5.52128 -7.28688 -5.26774
-9999 -9999 -9999 -9999 -9999 -9999 -9999 -9999 -9999 -10.9303 -8.6836 -5.59516 -4.3512 -2.36665 0.6108 2.07449 2.77549 2.759 2.47463 1.59307 1.06382 0.020919 -1.86105 -4.43445 -7.2946 -9.1544 -8.20106 -4.87819 -4.08924 -6.24817 -7.35642 -5.96945 -3.92584 -0.901661 0.825451 1.05727 0.898529 0.317765 -1.8586 -4.48804 -4.48523 -3.17592 -4.28456 -5.57243 -4.87688 -5.01591 -6.10038 -6.89183 -7.3654 -7.08449 -5.90251 -5.42741 -4.27402 -2.5664 -2.33037 -2.38892 -1.6752 -1.64838 -1.64073 -1.62261 -1.63261 -1.64839 -1.67929 -1.82971 -2.15534 -3.45157 -4.58317 -6.15382 -6.35625 -4.56808
-9999 -9999 -9999 -9999 -9999 -9999 -9999 -9999 -9999 -12.5788 -9.93568 -7.04272 -4.33426 -1.77209 0.432754 0.601862 1.76418 1.76171 2.37078 2.1961 1.37948 0.501178 -1.12026 -4.42734 -7.20695 -10.238 -9.4329 -6.05784 -5.57431 -7.03546 -9.73839 -6.94232 -3.85987 -1.06702 0.444037 -0.742683 0.469269 0.365926 -0.452353 -2.01979 -4.45475 -4.41558 -6.24319 -6.3303 -5.40384 -5.10914 -5.27384 -5.87028 -6.81784 -6.66003 -5.94038 -5.76975 -4.71086 -3.38869 -2.09606 -1.88713 -1.64838 -1.64725 -1.65258 -1.64155 -1.64816 -1.6845 -1.76035 -1.91729 -3.00541 -4.29778 -5.09755 -6.19478 -6.33622 -4.26265
