Test_Spring_2018b/12_17/Temp/20171223_010.txt
ncols	170
nrows	115
xllcorner	350000.000000
yllcorner	4445000.000000
cellsize	1000.000000
nodata_value	-9999.000000
[rows 32 to 63 of 115, columns 72 to 143 of 170]
8.98309 8.67753 9.14612 9.57737 9.3059 9.12227 9.82977 9.8276 9.58284 9.01076 8.79981 8.58124 8.44673 7.71368 5.65979 3.808 4.79749 4.819 4.13131 5.35811 4.70608 3.00923 0.614793 1.9112 1.5694 -0.140073 -0.567578 -9999 -9999 -9999 -9999 -9999 -9999 -9999 -9999 -9999 -9999 -9999 -9999 -9999 -9999 -9999 -9999 -9999 -9999 -9999 -9999 -9999 -9999 -9999 -9999 -9999 -9999 -9999 -9999 -9999 -9999 -9999 -9999 -9999 -9999 -9999 -9999 -9999 -9999 -9999 -9999 -9999 -9999 -9999 -9999 -9999
8.57137 8.4394 9.13664 9.12051 9.06884 9.31284 9.75089 9.83685 9.74019 9.4896 9.27253 9.04183 8.4591 7.6207 5.86264 3.75503 3.27555 4.3042 4.35147 4.51473 3.92031 3.17411 2.00813 2.95717 3.32356 2.19923 0.726612 -0.220554 -9999 -9999 -9999 -9999 -9999 -9999 -9999 -9999 -9999 -9999 -9999 -9999 -9999 -9999 -9999 -9999 -9999 -9999 -9999 -9999 -9999 -9999 -9999 -9999 -9999 -9999 -9999 -9999 -9999 -9999 -9999 -9999 -9999 -9999 -9999 -9999 -9999 -9999 -9999 -9999 -9999 -9999 -9999 -9999
8.08132 7.40246 7.82213 8.13682 8.7078 8.85701 8.94259 9.77383 9.72771 9.68722 9.32962 9.04336 8.57021 7.76322 6.61496 5.23271 2.82714 4.30731 5.46574 5.43366 5.36752 4.84392 3.72365 4.6551 4.69554 3.25635 1.62212 0.665384 0.267728 -9999 -9999 -9999 -9999 -9999 -9999 -9999 -9999 -9999 -9999 -9999 -9999 -9999 -9999 -9999 -9999 -9999 -9999 -9999 -9999 -9999 -9999 -9999 -9999 -9999 -9999 -9999 -9999 -9999 -9999 -9999 -9999 -9999 -9999 -9999 -9999 -9999 -9999 -9999 -9999 -9999 -9999 -9999
7.52503 6.69606 7.11828 7.68208 8.47101 8.87473 9.18729 9.43439 9.68655 9.65463 9.28864 8.21129 8.05601 8.00782 7.25621 5.68062 4.107 3.69784 5.46616 5.97054 5.86468 6.25719 5.30769 5.75163 5.56473 5.05039 3.47757 2.0474 1.45609 0.291119 -9999 -9999 -9999 -9999 -9999 -9999 -9999 -9999 -9999 -9999 -9999 -9999 -9999 -9999 -9999 -9999 -9999 -9999 -9999 -9999 -9999 -9999 -9999 -9999 -9999 -9999 -9999 -9999 -9999 -9999 -9999 -9999 -9999 -9999 -9999 -9999 -9999 -9999 -9999 -9999 -9999 -9999
-9999 -9999 6.16967 6.9307 7.56453 8.33713 9.00794 9.34319 9.66891 9.64061 8.91086 8.55308 8.52031 8.02731 7.15992 6.61486 5.62343 4.59041 4.9821 6.48954 5.81529 6.88204 6.78831 6.9814 6.26265 4.8922 3.07371 2.00828 1.47877 0.533997 -9999 -9999 -9999 -9999 -9999 -9999 -9999 -9999 -9999 -9999 -9999 -9999 -9999 -9999 -9999 -9999 -9999 -9999 -9999 -9999 -9999 -9999 -9999 -9999 -9999 -9999 -9999 -9999 -9999 -9999 -9999 -9999 -9999 -9999 -9999 -9999 -9999 -9999 -9999 -9999 -9999 -9999
-9999 -9999 -9999 6.78526 7.26732 8.30809 8.83957 9.05635 9.58289 9.58216 9.30461 9.09473 8.79099 8.39479 7.74256 7.02306 6.09056 6.00251 6.96619 6.97572 6.77125 6.9268 7.41965 7.28518 6.16809 4.2496 3.23591 1.1697 0.287291 0.373742 -0.252317 -9999 -9999 -9999 -9999 -9999 -9999 -9999 -9999 -9999 -9999 -9999 -9999 2.10899 -9999 -9999 -9999 -9999 -9999 -9999 -9999 -9999 -9999 -9999 -9999 -9999 -9999 -9999 -9999 -9999 -9999 -9999 -9999 -9999 -1.69052 -9999 -9999 -9999 -9999 -9999 -9999 -9999
-9999 -9999 6.69589 7.33577 7.84063 8.49216 8.54869 8.93556 9.54125 9.54819 9.35084 9.12819 8.62976 8.50515 8.1333 7.35237 7.19127 7.50537 7.64881 7.81136 7.91021 7.82471 7.62025 7.35667 6.62784 5.73739 5.13823 3.255 2.29792 1.38739 0.0115272 -1.06519 -9999 -9999 -9999 -9999 -9999 -9999 -9999 1.39361 1.34152 1.36466 1.6643 2.49375 2.00362 -9999 -9999 -9999 -9999 -9999 -9999 -9999 -9999 -9999 -9999 -9999 -9999 -9999 -9999 -9999 -9999 -9999 -9999 -9999 -0.944189 -2.02655 -9999 -9999 -9999 -9999 -9999 -9999
-9999 -9999 6.85925 7.54214 7.88208 8.51471 8.87577 9.10714 9.31572 9.51514 9.47957 9.2334 8.85987 8.86092 8.34685 8.069 7.87008 8.29567 8.37814 8.20435 7.98658 7.79327 7.25191 7.18567 6.99546 6.4283 5.50031 4.54422 3.15674 1.28961 -0.541161 -2.01813 -9999 -9999 -9999 -9999 -9999 -9999 1.54466 2.23417 2.64683 1.76642 2.51635 3.20144 3.08995 2.41127 -9999 -9999 -9999 -9999 -9999 -9999 -9999 -9999 -9999 -9999 -9999 -9999 -9999 -9999 4.18045 3.07147 0.832099 -0.316436 -1.00618 -1.99055 -9999 -9999 -9999 -9999 -9999 -9999
-9999 -9999 6.7191 7.52589 8.0717 8.55594 8.63156 9.12892 9.33952 9.44574 9.43129 9.38131 9.31144 8.86273 8.66909 7.99146 8.63731 8.61123 8.44554 7.79481 7.51097 6.39441 5.90074 5.77719 6.70845 6.0113 4.56127 2.74994 0.569942 0.42043 -0.301352 -1.62192 -9999 -9999 -9999 -9999 -9999 -9999 1.75351 2.49126 3.10684 3.19567 2.32044 3.53904 3.48039 2.79528 2.6377 3.19458 3.47548 3.2559 3.91989 4.11362 3.81038 4.13963 -9999 -9999 -9999 -9999 4.33146 4.37551 4.40852 3.94593 1.49961 -0.171705 -1.6729 -1.8171 -9999 -9999 -9999 -9999 -9999 -9999
-9999 -9999 7.27505 7.77074 8.02023 8.05869 8.49297 8.92732 9.18939 9.38252 9.34157 9.32433 9.3063 9.15229 8.79574 8.85878 8.82886 8.61991 7.38379 5.94082 6.56609 5.70743 3.86906 5.34696 6.15885 5.36914 3.61265 1.57687 0.902235 0.921802 -0.0808074 -1.36986 -9999 -9999 -9999 -0.26855 0.788005 0.87962 1.19105 2.1755 2.92418 3.48838 3.87178 3.85334 3.44186 2.77145 2.04276 2.29841 3.60093 3.91627 4.17485 4.37556 4.09383 4.23805 4.58594 4.76537 4.80117 4.71837 4.69896 4.72684 4.68445 4.2528 2.06497 0.811882 0.0116899 -1.59952 -9999 -9999 -9999 -9999 -9999 -9999
-9999 -9999 6.95796 7.38856 7.73683 8.31443 8.37367 8.74007 8.95704 9.27707 9.31229 8.93063 9.2442 9.20282 9.14333 9.01782 8.83406 7.79079 6.35291 4.91096 4.24348 4.52067 3.415 3.97097 4.7935 4.4843 3.4019 1.58741 1.32685 0.896957 -0.789279 -2.40943 -9999 -9999 -2.32373 -0.29613 1.13173 1.86832 2.0965 2.11833 3.06193 3.13545 4.15065 3.90716 2.55774 2.70617 2.17986 2.51532 2.98957 3.11784 3.79891 4.45787 4.58128 4.58277 4.80388 4.84868 4.85977 4.85344 4.70227 4.77071 4.78068 4.51131 2.92555 2.15152 1.29588 -1.58117 -9999 -9999 -9999 -9999 -9999 -9999
-9999 -9999 7.17373 7.65511 8.18259 8.26582 8.65617 8.61307 8.49951 9.04538 9.24169 8.97201 8.77788 9.13365 9.10845 9.06055 8.98181 8.00149 6.86671 5.14901 4.08021 3.42242 2.95491 2.32417 2.74343 2.60712 2.42646 2.62078 2.11601 1.11423 0.126437 -1.71935 -2.71752 -9999 -2.2198 -1.30516 0.393312 1.83702 2.75364 2.42422 3.49743 3.69607 4.31079 3.94562 3.12416 2.76891 2.73466 2.62436 3.34409 3.82646 4.16208 4.38914 4.67178 4.74296 4.81481 4.84446 4.86046 4.87682 4.87276 4.86666 4.83408 4.73241 4.00279 3.22805 1.55947 -1.48921 -9999 -9999 -9999 -9999 -9999 -9999
-9999 5.76633 7.11458 7.92355 8.23491 8.45892 8.65621 8.79854 8.94857 9.08818 9.18465 9.13985 8.42789 8.48558 8.6131 9.01646 8.98699 8.89742 8.2763 6.18672 5.46051 4.39951 3.02926 2.4488 2.72756 3.84002 3.78342 3.0358 2.20359 1.05204 0.318801 -0.813634 -2.98429 -2.79169 -1.81742 -1.09213 0.0622903 1.82725 3.06471 3.61701 3.82555 4.25719 4.48207 3.9802 3.50057 3.29817 2.92555 2.87017 2.86967 3.30316 3.63659 4.39173 4.64481 4.75894 4.81741 4.84872 4.87157 4.89421 4.90196 4.88715 4.88753 4.88096 4.82488 3.79659 1.22465 -0.712971 -9999 -9999 -9999 -9999 -9999 -9999
-9999 -9999 6.86032 7.21412 7.30429 7.46474 7.79677 8.18032 8.72535 8.79392 9.09392 9.09106 8.47641 7.76826 8.38487 8.62964 8.8831 8.88978 8.80846 7.0487 6.12725 5.40016 4.08579 4.54785 4.98964 5.01675 4.73909 3.14325 1.5541 -0.280566 -1.99036 -2.0764 -2.9986 -2.51631 -1.87312 -0.218998 0.945483 1.41806 1.75773 3.5522 4.017 4.17517 4.63292 4.00462 3.84081 3.36712 3.50379 3.45925 3.45857 2.15144 3.45244 3.52748 4.3777 4.75887 4.84408 4.86721 4.89216 4.89613 4.90105 4.89707 4.90545 4.89094 4.87497 4.20599 0.946029 -0.692339 -9999 -9999 -9999 -9999 -9999 -9999
-9999 -9999 -9999 -9999 6.96312 7.23237 7.40409 7.70379 8.62786 8.87558 9.04004 9.0533 8.77952 8.07789 7.89345 8.0219 7.33778 7.9084 8.68839 8.66581 8.56689 7.02004 6.22217 6.97928 6.74006 5.57361 4.65399 3.74635 1.88668 0.520293 -1.43865 -2.91023 -2.96926 -1.35313 -0.0109927 1.66295 2.4019 1.98187 2.43807 3.32788 4.33961 4.8281 4.71122 4.04895 3.95128 3.22236 3.93238 3.99002 3.6548 3.36465 3.47198 3.89116 4.05 4.71509 4.87539 4.90282 4.9078 4.9106 4.90784 4.90407 4.89466 4.88683 4.87632 4.84471 1.49374 -1.11441 -9999 -9999 -9999 -9999 -9999 -9999
-9999 -9999 -9999 -9999 6.31609 6.4788 6.91211 8.02986 8.61374 8.8489 8.8396 8.9484 8.75529 8.13852 7.5055 6.90863 6.13821 6.57744 7.74031 8.42403 8.49808 7.14143 7.83576 7.56556 7.03919 5.51573 4.39095 3.79119 2.00539 0.472411 -0.83278 -2.63195 -1.86819 -1.02562 0.058438 1.88445 3.11727 3.62419 3.1992 3.76892 4.93325 4.93888 4.30046 4.33994 3.94668 2.95161 3.98097 4.26808 4.0303 4.08758 3.99339 4.14791 4.43177 4.70367 4.8844 4.90826 4.91064 4.90475 4.90455 4.90476 4.89141 4.89162 4.8811 4.86256 2.69895 -1.16713 -9999 -9999 -9999 -9999 -9999 -9999
-9999 -9999 -9999 -9999 -9999 5.72377 6.71629 8.20092 8.56722 8.53179 8.83764 8.86339 8.5672 8.31035 7.54202 6.49219 4.47494 4.98767 6.05794 7.60116 8.40977 8.29517 7.83392 7.04171 5.13415 3.46361 3.2541 2.97438 1.66916 0.48631 -0.964134 -0.131672 0.781651 1.78225 2.30773 2.17014 3.2265 4.08802 3.72272 4.42161 5.2365 4.86595 4.64592 4.46052 4.00683 3.97671 4.02028 4.6033 4.19408 4.44004 4.43953 4.42318 4.56026 4.7188 4.88588 4.91272 4.91273 4.91546 4.8959 4.90258 4.89249 4.88224 4.87246 4.85635 4.65896 2.57523 1.32922 -9999 -9999 -9999 -9999 -9999
-9999 -9999 -9999 -9999 -9999 4.8016 5.29517 7.05398 7.59504 8.37156 8.78354 8.80184 8.302 8.02331 6.87835 6.50716 4.64126 3.79527 4.51016 4.23279 6.35795 8.23717 7.81803 4.00817 2.62358 1.63374 1.87871 1.87382 1.50549 -0.501138 -1.05698 0.726523 1.84877 2.71848 3.37859 3.51545 3.49285 4.84032 5.01927 5.45688 5.36132 5.40099 4.71957 4.29686 4.65914 4.23219 4.15659 4.75908 4.1591 4.69545 4.62503 4.46085 4.45055 4.8046 4.87551 4.91274 4.91443 4.90047 4.88257 4.87203 4.88316 4.87714 4.85647 4.85618 4.83521 4.58492 3.50581 3.12714 3.54192 -9999 -9999 -9999
-9999 -9999 -9999 -9999 -9999 -9999 3.64893 6.09434 7.20986 7.7958 8.62194 8.72095 8.45339 7.97219 6.80606 5.78038 4.11228 2.20664 1.19522 4.21208 6.83655 8.2037 8.01447 4.84226 3.58605 3.52111 4.24992 3.62204 3.14442 1.61737 1.15875 0.52407 0.909072 2.12135 3.11289 4.07045 4.76697 4.82412 5.27645 5.5351 5.55588 5.63624 5.55488 5.48778 4.82627 5.27679 4.88915 5.09019 4.95562 4.83388 4.72516 4.34761 4.61114 4.84468 4.90417 4.92113 4.90661 4.90312 4.89305 4.87087 4.86006 4.85787 4.85471 4.84143 4.83971 4.82542 4.70272 4.05255 3.18274 2.08434 -9999 -9999
-9999 -9999 -9999 -9999 -9999 -9999 2.4224 4.85597 6.027 7.53635 8.31141 8.62456 8.58301 8.19298 7.30683 5.97272 4.86094 2.7336 0.524034 3.69053 6.50954 8.02883 8.10459 5.43439 6.16559 5.56293 5.79683 4.699 4.23938 3.87166 3.08328 2.22234 1.27981 0.781192 3.00973 4.15404 5.0752 5.50969 5.75536 5.87793 5.81069 5.64141 4.64974 5.40277 5.35706 5.27911 5.18997 5.14523 5.06403 4.96896 4.9079 4.88654 4.63553 4.91536 4.90721 4.91029 4.9111 4.90334 4.88898 4.87637 4.86076 4.85967 4.84869 4.83775 4.82954 4.82359 4.81366 4.77595 4.60157 3.12749 2.24483 1.9934
-9999 -9999 -9999 -9999 -9999 -9999 -1.00432 2.53735 5.38131 6.86732 8.07414 8.40639 8.53049 8.00692 7.61531 6.65877 5.7526 4.35443 2.26011 0.969269 3.33838 6.78393 8.04949 7.9406 7.85511 7.15978 6.53254 6.44806 6.48893 5.75691 4.6963 3.31633 2.88277 2.39835 4.05777 4.28216 4.16029 5.98605 5.98996 5.8858 5.18653 4.40201 4.549 4.06214 4.42743 3.84748 4.37531 4.83111 4.9995 4.98242 4.91475 4.90332 4.87423 4.9208 4.91887 4.9101 4.90339 4.89961 4.89231 4.87061 4.85799 4.86493 4.84853 4.8365 4.82383 4.82008 4.81428 4.78591 4.75983 4.53131 4.18884 3.53562
-9999 -9999 -9999 -9999 -9999 -9999 -0.85787 2.1204 4.64686 6.1582 7.61529 7.95297 8.44459 8.3381 7.92765 7.09591 6.05657 4.90552 3.10844 1.77172 3.35581 5.64128 7.2769 7.85509 7.84222 7.79708 7.63549 7.56257 7.37569 7.23721 6.47769 5.17219 4.43487 3.35764 5.20699 5.41351 5.12311 6.0462 5.99922 4.60156 3.5266 3.39165 4.04347 3.41831 3.30285 2.91134 3.34709 4.51945 4.1717 4.23667 4.76244 4.84829 4.90128 4.91501 4.91013 4.90666 4.89687 4.89764 4.89844 4.87701 4.86671 4.86117 4.83997 4.83364 4.81816 4.80565 4.79369 4.77764 4.75382 4.68741 4.61375 4.68307
-9999 -9999 -9999 -9999 -9999 -9999 -0.801237 1.20104 3.4745 5.7018 7.2578 7.88507 8.34173 8.33627 7.85896 7.44498 6.7929 5.77992 5.08417 3.87719 2.22109 4.98914 5.83361 6.5826 6.89415 7.67912 7.65405 7.28611 6.85397 7.23986 7.11853 6.08632 5.74524 5.17172 6.19942 6.20041 6.17068 6.11449 4.93338 3.29198 1.9797 2.92202 2.72335 3.15224 1.8044 2.90487 3.79063 4.07599 3.46914 3.01838 4.39677 4.62268 4.75759 4.84369 4.90001 4.8852 4.89861 4.88984 4.88522 4.88019 4.86767 4.85971 4.84673 4.83329 4.81832 4.80746 4.79007 4.76797 4.76474 4.72785 4.71249 4.69575
-9999 -9999 -9999 -9999 -9999 -9999 -9999 0.0133964 2.89036 5.46417 6.89674 7.79741 8.2358 8.22697 7.9823 7.7006 7.29551 6.56399 5.6451 4.19388 3.11542 3.79451 4.6214 4.7054 5.2542 6.85537 7.39885 6.61582 4.68191 5.80944 7.07156 7.04769 6.93684 6.81366 6.65664 6.51567 6.20938 5.3914 2.88806 2.39469 1.41189 1.52202 1.01683 2.11169 1.69429 2.82154 3.30847 3.49054 2.44309 2.65598 3.87943 4.36354 4.28134 4.57825 4.86189 4.87041 4.8779 4.86997 4.87558 4.87734 4.87203 4.85828 4.84802 4.8401 4.81354 4.81378 4.71926 4.65725 4.53311 4.6832 4.69613 4.69937
-9999 -9999 -9999 -9999 -9999 -9999 -9999 -0.571667 2.3052 5.33657 6.30904 7.27996 8.11787 8.13317 7.75956 7.40403 7.03762 6.62038 5.50626 4.42544 3.39305 3.04416 3.24784 3.21968 4.11116 6.19922 6.59957 6.42193 4.39929 3.71548 5.40307 6.82122 6.93036 6.79912 5.12448 5.47906 4.57531 3.35028 3.01229 2.47547 1.3423 1.88571 1.055 1.40862 1.30397 1.94296 2.25319 3.01354 2.10052 2.09661 3.29779 3.90415 3.91804 4.55493 4.7815 4.84039 4.85483 4.86514 4.8675 4.87719 4.87096 4.86117 4.84825 4.81718 4.74382 4.51685 3.30482 3.30514 3.63609 3.94922 4.51693 4.67655
-9999 -9999 -9999 -9999 -9999 -9999 -9999 -0.245105 1.75071 4.44028 6.43231 6.5563 7.52426 8.02334 7.61701 7.15954 6.69133 6.48552 5.27318 3.94137 2.86451 1.59003 1.79599 2.70505 4.18536 5.53281 5.77008 5.48622 4.39559 4.90046 6.05043 6.65983 6.83774 6.69324 6.32692 6.11467 5.44866 5.15927 4.23511 2.79084 2.22112 2.57958 1.04607 1.15131 1.71579 1.10381 2.09356 2.56599 1.38788 2.31194 3.37609 3.91954 4.39469 4.61916 4.70821 4.84536 4.84846 4.85961 4.86554 4.86317 4.86272 4.83992 4.82087 4.69165 4.50126 3.37198 2.89769 2.98887 3.5094 3.96507 4.43888 4.63367
-9999 -9999 -9999 -9999 -9999 -9999 -9999 0.0888111 1.88559 4.21739 5.63718 5.89008 6.96352 7.91789 7.80976 7.33374 7.18757 6.69389 5.6654 4.52932 3.28749 2.68211 1.29391 2.65394 3.7199 4.86064 5.3921 4.49298 4.04512 4.82823 5.60702 5.91648 6.70367 6.69391 6.43453 5.3231 4.78041 5.00766 4.77378 4.36528 3.3706 3.32483 2.68516 2.41911 2.16758 1.34596 1.86105 1.91066 2.04669 3.15969 3.71291 4.07937 4.41273 4.4996 4.64424 4.83228 4.84835 4.85464 4.85333 4.8564 4.84202 4.78778 4.74189 4.48265 4.02418 3.16931 1.78122 2.75585 3.77502 4.07818 4.37099 4.52425
-9999 -9999 -9999 -9999 -9999 -9999 -9999 -0.224244 1.68461 3.67723 4.50949 4.6496 6.59333 7.78294 7.78352 7.557 7.29255 6.07579 6.14503 5.89972 4.77933 3.14827 1.35695 1.52137 2.57754 4.08191 4.57834 3.10119 2.581 2.95796 4.13731 5.19294 6.29555 6.57403 6.24782 4.51869 2.68141 3.53129 4.43954 4.43306 4.16469 3.24201 2.94788 2.68136 2.00744 0.863453 1.02327 1.33774 2.59991 3.00095 3.62141 4.13662 3.9409 4.05389 4.54709 4.82985 4.83995 4.84447 4.85328 4.84624 4.82876 4.72126 4.60738 4.41662 3.22269 2.47985 1.39868 2.65082 3.34534 3.71154 4.37298 4.53018
-9999 -9999 -9999 -9999 -9999 -9999 -9999 -0.82233 0.56243 2.46692 3.23356 4.45743 6.29411 7.19672 7.62859 7.61745 7.44059 6.89471 6.56557 5.91875 4.75341 3.16064 1.39021 0.236416 0.817981 2.83908 3.31267 1.95316 1.26399 2.11516 3.37229 5.23533 6.29888 6.44063 6.34223 5.98423 4.64237 3.02159 3.02562 3.8363 3.15531 2.36402 2.79681 2.71473 2.04934 1.56479 1.25892 1.43868 2.15604 2.45458 3.17162 4.2306 4.38147 4.35053 4.79608 4.81774 4.82755 4.84382 4.84272 4.83805 4.82403 4.73624 4.54031 3.74542 3.05206 2.08772 1.96759 3.08103 3.56893 4.01996 4.34412 4.44934
-9999 -9999 -9999 -9999 -9999 -9999 -9999 -1.84727 -0.21775 1.5662 3.23654 4.81681 6.17669 6.2804 6.99687 6.99434 7.36879 7.25913 6.75278 6.20769 5.20333 3.15812 1.4377 -0.438511 0.0519909 2.11743 2.36941 1.46236 -0.210486 1.51049 3.4089 5.12941 6.0598 5.32633 6.0738 6.01043 5.50659 4.5411 3.04084 3.06773 1.94308 1.89271 2.46799 2.6536 2.55582 2.1917 1.60707 1.69703 2.12948 2.24032 2.89922 3.72053 4.52356 4.65782 4.81043 4.81636 4.81826 4.83022 4.83126 4.81393 4.77219 4.68039 4.01395 3.22146 2.7329 2.06075 1.97834 3.26626 3.77637 4.05838 4.3384 4.44859
-9999 -9999 -9999 -9999 -9999 -9999 -9999 -9999 -0.391496 1.45154 2.81495 3.181 4.38956 5.04145 5.54551 5.65594 7.09699 7.17462 6.85285 6.35198 5.49502 3.94244 2.85964 1.05989 -0.23478 0.28173 0.514642 0.985863 0.84271 1.60854 3.43271 5.33352 5.53874 4.32733 4.50439 4.75555 5.32087 5.03163 2.98797 1.94894 1.08622 1.69648 2.33848 2.49258 2.52206 2.39614 2.24419 1.98432 2.84383 3.47953 3.62603 4.18033 4.5894 4.70179 4.78636 4.79624 4.80637 4.806 4.7816 4.76374 4.66028 4.42908 3.6837 1.89204 1.97483 1.7802 1.22213 2.47982 3.26719 3.9777 4.35495 4.45191
-9999 -9999 -9999 -9999 -9999 -9999 -9999 -9999 -1.01211 1.12057 1.56985 1.53485 0.826732 1.15053 3.76862 4.29449 5.67645 6.98476 6.88647 6.39505 5.5931 4.6673 3.23523 1.21148 -0.397383 -1.08861 0.630059 2.3178 2.66486 3.20347 4.32011 4.53018 3.29193 2.13082 2.77945 3.16951 4.66108 4.932 4.6402 3.40826 1.99991 1.26397 2.1292 2.24335 2.29358 2.30202 2.26991 2.22331 3.18739 3.72315 4.09448 4.29622 4.64732 4.73657 4.7647 4.79121 4.78429 4.76562 4.70952 4.64577 4.3668 4.02915 2.80866 1.79093 1.15592 0.350031 2.16321 2.69943 3.44151 3.91943 4.29466 4.37642
