Test_Spring_2018b/12_17/Temp/20171203_012.txt
ncols	170
nrows	115
xllcorner	350000.000000
yllcorner	4445000.000000
cellsize	1000.000000
nodata_value	-9999.000000
[rows 32 to 63 of 115, columns 72 to 143 of 170]
12.3986 12.0935 12.5974 13.0623 12.7899 12.615 13.3695 13.3816 13.1402 12.5568 12.3508 12.1368 12.0108 11.2594 9.12776 7.20744 8.25631 8.29377 7.59023 8.8874 8.22132 6.4635 3.97678 5.34698 5.00532 3.23987 2.81549 -9999 -9999 -9999 -9999 -9999 -9999 -9999 -9999 -9999 -9999 -9999 -9999 -9999 -9999 -9999 -9999 -9999 -9999 -9999 -9999 -9999 -9999 -9999 -9999 -9999 -9999 -9999 -9999 -9999 -9999 -9999 -9999 -9999 -9999 -9999 -9999 -9999 -9999 -9999 -9999 -9999 -9999 -9999 -9999 -9999
11.981 11.8573 12.6001 12.5974 12.5578 12.8267 13.2997 13.4039 13.3173 13.0699 12.8575 12.631 12.0366 11.1751 9.35271 7.16508 6.67892 7.76882 7.83328 8.01904 7.41313 6.6487 5.44567 6.45287 6.85124 5.69723 4.18092 3.20879 -9999 -9999 -9999 -9999 -9999 -9999 -9999 -9999 -9999 -9999 -9999 -9999 -9999 -9999 -9999 -9999 -9999 -9999 -9999 -9999 -9999 -9999 -9999 -9999 -9999 -9999 -9999 -9999 -9999 -9999 -9999 -9999 -9999 -9999 -9999 -9999 -9999 -9999 -9999 -9999 -9999 -9999 -9999 -9999
11.4815 10.7863 11.239 11.582 12.1953 12.3637 12.4675 13.3506 13.3169 13.289 12.9299 12.6453 12.1655 11.3369 10.1517 8.72209 6.22321 7.78493 9.01052 8.99215 8.93827 8.40644 7.25117 8.24 8.29778 6.82087 5.13131 4.14765 3.7482 -9999 -9999 -9999 -9999 -9999 -9999 -9999 -9999 -9999 -9999 -9999 -9999 -9999 -9999 -9999 -9999 -9999 -9999 -9999 -9999 -9999 -9999 -9999 -9999 -9999 -9999 -9999 -9999 -9999 -9999 -9999 -9999 -9999 -9999 -9999 -9999 -9999 -9999 -9999 -9999 -9999 -9999 -9999
10.9129 10.0607 10.5161 11.1194 11.9603 12.3975 12.7357 13.0084 13.2864 13.2675 12.8997 11.7884 11.6408 11.6052 10.8345 9.20287 7.57335 7.16076 9.02368 9.56589 9.47051 9.896 8.91921 9.39862 9.21889 8.70392 7.08248 5.60481 5.00308 3.80184 -9999 -9999 -9999 -9999 -9999 -9999 -9999 -9999 -9999 -9999 -9999 -9999 -9999 -9999 -9999 -9999 -9999 -9999 -9999 -9999 -9999 -9999 -9999 -9999 -9999 -9999 -9999 -9999 -9999 -9999 -9999 -9999 -9999 -9999 -9999 -9999 -9999 -9999 -9999 -9999 -9999 -9999
-9999 -9999 9.53732 10.3489 11.0266 11.8481 12.5607 12.9255 13.2804 13.2653 12.5174 12.1581 12.1385 11.6381 10.7464 10.1917 9.17055 8.10603 8.5304 10.1208 9.43147 10.5616 10.4791 10.6964 9.96097 8.55285 6.67317 5.57681 5.03975 4.06871 -9999 -9999 -9999 -9999 -9999 -9999 -9999 -9999 -9999 -9999 -9999 -9999 -9999 -9999 -9999 -9999 -9999 -9999 -9999 -9999 -9999 -9999 -9999 -9999 -9999 -9999 -9999 -9999 -9999 -9999 -9999 -9999 -9999 -9999 -9999 -9999 -9999 -9999 -9999 -9999 -9999 -9999
-9999 -9999 -9999 10.2093 10.7284 11.8302 12.3971 12.6381 13.2028 13.2166 12.9412 12.7365 12.4338 12.0344 11.3676 10.6306 9.67106 9.59403 10.6161 10.6412 10.4428 10.6208 11.1513 11.0264 9.88129 7.89407 6.85103 4.71326 3.80754 3.91421 3.27626 -9999 -9999 -9999 -9999 -9999 -9999 -9999 -9999 -9999 -9999 -9999 -9999 5.95717 -9999 -9999 -9999 -9999 -9999 -9999 -9999 -9999 -9999 -9999 -9999 -9999 -9999 -9999 -9999 -9999 -9999 -9999 -9999 -9999 2.38652 -9999 -9999 -9999 -9999 -9999 -9999 -9999
-9999 -9999 10.1121 10.798 11.3397 12.0347 12.1079 12.5241 13.1716 13.1933 13.0017 12.7837 12.2775 12.162 11.7882 10.9869 10.8335 11.1767 11.3416 11.5267 11.6453 11.5714 11.3733 11.1136 10.3755 9.46137 8.85168 6.90417 5.92137 4.98632 3.56491 2.456 -9999 -9999 -9999 -9999 -9999 -9999 -9999 5.15408 5.11623 5.1573 5.4876 6.37188 5.87752 -9999 -9999 -9999 -9999 -9999 -9999 -9999 -9999 -9999 -9999 -9999 -9999 -9999 -9999 -9999 -9999 -9999 -9999 -9999 3.17885 2.06657 -9999 -9999 -9999 -9999 -9999 -9999
-9999 -9999 10.2981 11.0258 11.3952 12.0704 12.4619 12.7156 12.948 13.1709 13.1483 12.9057 12.53 12.5458 12.0233 11.7478 11.5548 12.0145 12.1158 11.9494 11.7372 11.5507 11.0007 10.9473 10.772 10.1958 9.24267 8.2602 6.83149 4.8969 3.0002 1.47306 -9999 -9999 -9999 -9999 -9999 -9999 5.30792 6.04472 6.4925 5.58936 6.39028 7.12381 7.02529 6.34775 -9999 -9999 -9999 -9999 -9999 -9999 -9999 -9999 -9999 -9999 -9999 -9999 -9999 -9999 8.4748 7.3332 5.01073 3.82859 3.12632 2.11661 -9999 -9999 -9999 -9999 -9999 -9999
-9999 -9999 10.1638 11.021 11.6054 12.1255 12.2187 12.7504 12.9849 13.1104 13.1098 13.0722 13.0138 12.5595 12.3719 11.6786 12.3683 12.356 12.198 11.5332 11.2521 10.1009 9.60079 9.49437 10.4841 9.77238 8.27392 6.39793 4.13743 4.00129 3.26353 1.89986 -9999 -9999 -9999 -9999 -9999 -9999 5.53822 6.32535 6.98513 7.09486 6.19758 7.48876 7.45784 6.76111 6.61587 7.21734 7.53043 7.32497 8.04326 8.26419 7.96539 8.32711 -9999 -9999 -9999 -9999 8.6113 8.67389 8.72517 8.25892 5.72014 3.99173 2.44164 2.31739 -9999 -9999 -9999 -9999 -9999 -9999
-9999 -9999 10.7568 11.2888 11.5636 11.6179 12.0858 12.5517 12.8399 13.0566 13.0282 13.0247 13.0205 12.8741 12.5162 12.5968 12.5804 12.377 11.1004 9.60777 10.2766 9.39479 7.49044 9.05655 9.9218 9.11352 7.29504 5.18471 4.4975 4.5378 3.50664 2.17746 -9999 -9999 -9999 3.3911 4.51071 4.62206 4.96331 6.00816 6.80699 7.41238 7.83045 7.83247 7.42907 6.74809 6.00647 6.29358 7.67466 8.02401 8.32279 8.55117 8.27492 8.44456 8.8251 9.02922 9.08296 9.01259 9.00846 9.05388 9.02615 8.59205 6.32254 5.03122 4.21381 2.565 -9999 -9999 -9999 -9999 -9999 -9999
-9999 -9999 10.4366 10.9006 11.2785 11.8972 11.9732 12.3702 12.6093 12.9581 13.0093 12.625 12.9671 12.9384 12.8909 12.7744 12.5972 11.522 10.0346 8.54305 7.86108 8.16714 7.02781 7.63015 8.50664 8.20097 7.08957 5.21056 4.95527 4.52369 2.78046 1.10355 -9999 -9999 1.24 3.37415 4.88157 5.66675 5.92089 5.95972 6.96223 7.05602 8.13439 7.90094 6.51688 6.69179 6.1619 6.53288 7.05167 7.20566 7.94087 8.65202 8.79894 8.8179 9.06583 9.12906 9.15671 9.16598 9.02388 9.11142 9.1382 8.87356 7.23392 6.44318 5.57344 2.59482 -9999 -9999 -9999 -9999 -9999 -9999
-9999 -9999 10.6742 11.1912 11.7565 11.8575 12.2794 12.2491 12.143 12.7277 12.9472 12.6797 12.4913 12.8776 12.8658 12.8304 12.7629 11.7534 10.5828 8.80317 7.70189 7.03094 6.55863 5.9232 6.37856 6.25341 6.08192 6.3022 5.7925 4.76338 3.74775 1.83697 0.80965 -9999 1.36048 2.3314 4.12142 5.64535 6.61875 6.29046 7.4284 7.65299 8.31538 7.95232 7.11995 6.77217 6.75678 6.66197 7.43446 7.95947 8.33379 8.59006 8.90661 8.99833 9.09013 9.1373 9.16981 9.20249 9.21381 9.2232 9.20531 9.11579 8.37076 7.58392 5.85969 2.7017 -9999 -9999 -9999 -9999 -9999 -9999
-9999 9.20013 10.6242 11.4835 11.8229 12.071 12.2912 12.4539 12.6234 12.784 12.8991 12.8666 12.137 12.2117 12.3594 12.7956 12.7795 12.7009 12.067 9.89883 9.15603 8.06555 6.65029 6.0649 6.37368 7.55369 7.51203 6.74818 5.89577 4.71017 3.9613 2.79416 0.54294 0.759514 1.79267 2.56553 3.78683 5.64629 6.95483 7.54786 7.78222 8.25213 8.5052 8.00294 7.52763 7.33677 6.96824 6.93123 6.95147 7.42499 7.79689 8.6062 8.88906 9.02792 9.10557 9.15425 9.19364 9.23258 9.25594 9.25597 9.27233 9.28207 9.2443 8.18853 5.52442 3.52729 -9999 -9999 -9999 -9999 -9999 -9999
-9999 -9999 10.3703 10.754 10.8622 11.0438 11.4047 11.8195 12.4018 12.4877 12.8155 12.8271 12.1991 11.4734 12.1322 12.4026 12.6822 12.7041 12.6343 10.8125 9.86578 9.12252 7.76583 8.26987 8.74921 8.79524 8.52276 6.87268 5.22939 3.33 1.55997 1.48635 0.53899 1.05908 1.74608 3.48936 4.72099 5.22978 5.60004 7.49105 7.99437 8.17961 8.67667 8.03952 7.89432 7.42037 7.58441 7.55911 7.57952 6.23441 7.6175 7.71523 8.62224 9.03902 9.14599 9.18588 9.22722 9.24636 9.26651 9.27762 9.30217 9.30584 9.30989 8.63028 5.24401 3.55968 -9999 -9999 -9999 -9999 -9999 -9999
-9999 -9999 -9999 -9999 10.5173 10.8127 11.006 11.3332 12.3115 12.5846 12.7707 12.7989 12.5271 11.8083 11.63 11.7788 11.0786 11.6903 12.5211 12.5134 12.4264 10.8266 10.0133 10.8222 10.5901 9.38904 8.44585 7.51503 5.58914 4.17911 2.14872 0.627191 0.581306 2.28551 3.70352 5.46735 6.25416 5.83008 6.32204 7.26952 8.34406 8.87266 8.76946 8.09706 8.02106 7.28071 8.04421 8.12598 7.79706 7.51492 7.65068 8.10813 8.29269 9.00539 9.18972 9.23521 9.25545 9.27315 9.28507 9.29622 9.30473 9.31414 9.3218 9.30842 5.8273 3.12964 -9999 -9999 -9999 -9999 -9999 -9999
-9999 -9999 -9999 -9999 9.8529 10.0369 10.5036 11.6855 12.3084 12.5683 12.5728 12.7008 12.5133 11.8831 11.236 10.6268 9.83661 10.3108 11.5416 12.2722 12.366 10.965 11.711 11.4466 10.9145 9.34045 8.18296 7.57393 5.72526 4.14115 2.7939 0.929983 1.74382 2.63957 3.78732 5.71024 7.01306 7.55776 7.12946 7.74131 8.9754 8.99955 8.35151 8.41261 8.02779 7.00954 8.10694 8.42868 8.20175 8.2828 8.20799 8.3889 8.7041 9.00588 9.21147 9.25229 9.27017 9.27865 9.29311 9.30946 9.31211 9.32997 9.33771 9.33813 7.09797 3.08586 -9999 -9999 -9999 -9999 -9999 -9999
-9999 -9999 -9999 -9999 -9999 9.25953 10.3106 11.876 12.2714 12.2486 12.5824 12.6236 12.3283 12.0742 11.2857 10.2032 8.11004 8.66109 9.79517 11.4239 12.2854 12.1824 11.7209 10.911 8.93565 7.20796 7.00692 6.73234 5.38586 4.1676 2.66851 3.55455 4.52462 5.58545 6.14943 6.02028 7.13871 8.05397 7.68795 8.43482 9.30382 8.93496 8.72422 8.55041 8.1025 8.09269 8.16002 8.79105 8.38499 8.66321 8.68628 8.6886 8.85037 9.03363 9.22489 9.26876 9.2839 9.30144 9.29589 9.31853 9.32459 9.33157 9.34016 9.34321 9.1578 7.00826 5.72928 -9999 -9999 -9999 -9999 -9999
-9999 -9999 -9999 -9999 -9999 8.30757 8.83727 10.6891 11.2672 12.0929 12.5376 12.5709 12.0629 11.7862 10.604 10.2307 8.29568 7.42696 8.1897 7.91596 10.1532 12.1338 11.7164 7.75305 6.32416 5.30775 5.58161 5.59416 5.22666 3.14752 2.58323 4.46303 5.65138 6.57541 7.28006 7.438 7.42889 8.85189 9.05485 9.52875 9.4464 9.50623 8.81337 8.39158 8.79636 8.37181 8.31455 8.96583 8.36034 8.94191 8.89186 8.73959 8.74727 9.13477 9.2255 9.28021 9.29754 9.2975 9.2936 9.29856 9.32686 9.3383 9.33554 9.35513 9.35407 9.12047 8.01583 7.64339 8.10013 -9999 -9999 -9999
-9999 -9999 -9999 -9999 -9999 -9999 7.1287 9.69807 10.8764 11.5029 12.3805 12.4982 12.2337 11.745 10.5406 9.48337 7.75512 5.77902 4.73793 7.90661 10.6656 12.1111 11.934 8.63688 7.34207 7.29208 8.07142 7.43288 6.95108 5.37303 4.91025 4.26306 4.68098 5.96356 7.01513 8.03013 8.77259 8.84732 9.33561 9.62322 9.66245 9.7648 9.69893 9.64865 8.98357 9.47578 9.09223 9.32379 9.20442 9.09809 9.00792 8.63254 8.92625 9.18775 9.26653 9.30173 9.30124 9.31227 9.3167 9.30902 9.3154 9.33088 9.3464 9.35237 9.37132 9.3843 9.27888 8.6225 7.73661 6.61169 -9999 -9999
-9999 -9999 -9999 -9999 -9999 -9999 5.85874 8.41578 9.65213 11.2436 12.0681 12.4109 12.3815 11.988 11.0764 9.69683 8.54997 6.34221 4.04891 7.37426 10.3364 11.9408 12.037 9.26804 10.0499 9.43785 9.6999 8.57012 8.10701 7.74038 6.93295 6.04928 5.08094 4.57645 6.9197 8.13001 9.10736 9.57656 9.84902 9.9935 9.94109 9.78343 8.76617 9.57275 9.55112 9.49078 9.41885 9.39326 9.32934 9.25058 9.2101 9.20674 8.96262 9.27452 9.28392 9.30227 9.318 9.3248 9.32496 9.32746 9.32754 9.34467 9.35336 9.36164 9.37362 9.39526 9.40735 9.39061 9.23107 7.71318 6.81296 6.57692
-9999 -9999 -9999 -9999 -9999 -9999 2.28963 6.00468 8.98964 10.5567 11.834 12.1952 12.339 11.8062 11.4113 10.4264 9.49448 8.04872 5.87584 4.54294 7.03555 10.6529 11.9919 11.8995 11.8278 11.1187 10.4807 10.4097 10.4695 9.7221 8.63178 7.20546 6.77027 6.27882 8.02755 8.27674 8.16434 10.0876 10.1075 10.0151 9.30159 8.50075 8.67313 8.18501 8.59281 8.00751 8.57991 9.07697 9.2735 9.27586 9.22837 9.23855 9.22572 9.29415 9.30791 9.31411 9.32224 9.33346 9.34126 9.33448 9.33785 9.36243 9.36505 9.37182 9.38089 9.40477 9.42072 9.41328 9.40824 9.1915 8.85532 8.19933
-9999 -9999 -9999 -9999 -9999 -9999 2.45507 5.57957 8.23396 9.83004 11.3668 11.7339 12.2618 12.1649 11.7505 10.8961 9.82504 8.63753 6.77525 5.39436 7.06595 9.47163 11.1977 11.8236 11.8268 11.7969 11.6454 11.5883 11.4098 11.2826 10.5051 9.16004 8.4047 7.29396 9.24138 9.47212 9.18381 10.1639 10.1308 8.68685 7.58069 7.45744 8.15857 7.52444 7.43011 7.04216 7.5179 8.76332 8.42401 8.51164 9.08421 9.19209 9.26906 9.29988 9.31075 9.32272 9.32792 9.3442 9.36073 9.35447 9.36042 9.37203 9.36801 9.38254 9.38629 9.40127 9.41209 9.417 9.41381 9.36594 9.31407 9.41321
-9999 -9999 -9999 -9999 -9999 -9999 2.52714 4.6306 7.02069 9.36536 11.0056 11.6754 12.167 12.1758 11.6916 11.2738 10.6075 9.56429 8.85286 7.60748 5.89306 8.80204 9.70224 10.5066 10.8515 11.6892 11.6803 11.3128 10.8777 11.2973 11.1909 10.1278 9.78671 9.20254 10.2916 10.3078 10.2921 10.249 9.03089 7.33226 5.97807 6.98044 6.79103 7.26 5.87777 7.05145 7.99743 8.31586 7.70152 7.24987 8.71341 8.97266 9.13075 9.23731 9.31231 9.31269 9.34243 9.34903 9.36018 9.37127 9.37504 9.38417 9.38871 9.39342 9.40004 9.4167 9.4197 9.42166 9.43991 9.42347 9.42816 9.43738
-9999 -9999 -9999 -9999 -9999 -9999 -9999 3.40233 6.4264 9.13035 10.6417 11.5973 12.0698 12.0752 11.8342 11.5548 11.1466 10.3976 9.45305 7.95251 6.84174 7.56782 8.44995 8.5597 9.15044 10.8408 11.4258 10.6245 8.62157 9.82129 11.1561 11.1468 11.0464 10.9329 10.7826 10.6507 10.3462 9.50727 6.90752 6.41041 5.40068 5.53355 5.02389 6.18933 5.77975 6.97757 7.50629 7.71632 6.6413 6.88801 8.19127 8.71486 8.64614 8.9731 9.28481 9.30982 9.33363 9.34138 9.36348 9.38186 9.39329 9.39798 9.40553 9.4161 9.41129 9.44001 9.36221 9.31852 9.20986 9.38757 9.42163 9.45906
-9999 -9999 -9999 -9999 -9999 -9999 -9999 2.80629 5.82708 9.0093 10.04 11.0691 11.9593 11.99 11.6144 11.2579 10.8902 10.4696 9.32108 8.20754 7.14483 6.79657 7.02589 7.02005 7.96868 10.1677 10.603 10.4341 8.34414 7.64585 9.42537 10.9231 11.0528 10.9311 9.19663 9.58275 8.65412 7.39003 7.05323 6.50906 5.34212 5.92761 5.07756 5.46546 5.38557 6.07272 6.41633 7.23022 6.29529 6.31536 7.59579 8.24707 8.2788 8.96118 9.21447 9.29235 9.3237 9.3508 9.36979 9.39674 9.40745 9.4149 9.41957 9.40576 9.34824 9.13478 7.89732 7.91824 8.28461 8.63222 9.25364 9.44719
-9999 -9999 -9999 -9999 -9999 -9999 -9999 3.15953 5.25977 8.08495 10.1812 10.3255 11.3517 11.888 11.4784 11.0154 10.5414 10.3418 9.09055 7.71468 6.60543 5.28984 5.52142 6.48786 8.05891 9.48384 9.74857 9.46862 8.35307 8.89697 10.1148 10.7675 10.9692 10.8339 10.4668 10.2608 9.58076 9.29453 8.34524 6.85279 6.27457 6.66664 5.08196 5.21005 5.81827 5.2091 6.26239 6.77504 5.56273 6.56012 7.69012 8.27563 8.78941 9.04092 9.15067 9.31053 9.33027 9.35847 9.38137 9.39585 9.41266 9.40651 9.40467 9.28813 9.10805 7.94719 7.48505 7.60044 8.16447 8.66059 9.19212 9.41455
-9999 -9999 -9999 -9999 -9999 -9999 -9999 3.52042 5.41278 7.86423 9.36265 9.64173 10.7783 11.7905 11.6926 11.2103 11.0728 10.5724 9.51332 8.34195 7.06025 6.44379 5.00942 6.447 7.58522 8.79402 9.36608 8.45115 7.9997 8.83442 9.66446 10.0039 10.8424 10.8481 10.5929 9.44746 8.89643 9.15015 8.92225 8.51213 7.48976 7.45928 6.80845 6.54831 6.30355 5.47542 6.03236 6.10283 6.27153 7.4588 8.05478 8.4553 8.82094 8.92876 9.09674 9.30996 9.34342 9.36671 9.38219 9.40246 9.40476 9.36573 9.33575 9.08317 8.62273 7.74834 6.3315 7.36968 8.4544 8.79964 9.13372 9.31258
-9999 -9999 -9999 -9999 -9999 -9999 -9999 3.20517 5.21476 7.31189 8.19647 8.3578 10.4039 11.6621 11.6778 11.4563 11.1953 9.93931 10.0273 9.78677 8.63193 6.9436 5.08791 5.27605 6.4017 7.99285 8.52825 7.00966 6.48265 6.89302 8.14173 9.26103 10.4293 10.7364 10.4115 8.62066 6.71691 7.62134 8.58695 8.59692 8.33345 7.38649 7.09658 6.83575 6.14937 4.98001 5.16987 5.51685 6.86872 7.30582 7.97199 8.52793 8.34072 8.4759 9.00824 9.32057 9.34794 9.36951 9.39567 9.40544 9.40451 9.30978 9.20867 9.02752 7.79834 7.0408 5.93915 7.27271 8.01785 8.43839 9.14845 9.33132
-9999 -9999 -9999 -9999 -9999 -9999 -9999 2.59201 4.05403 6.05917 6.87529 8.16922 10.1036 11.0619 11.5284 11.532 11.3626 10.8077 10.4794 9.81927 8.61745 6.96911 5.13523 3.94582 4.56991 6.70672 7.22483 5.8229 5.11936 6.02535 7.35544 9.31858 10.4462 10.6105 10.5238 10.1659 8.77989 7.10256 7.12329 7.98713 7.29242 6.48264 6.95222 6.88396 6.20632 5.71778 5.42913 5.64378 6.41797 6.74786 7.51489 8.63905 8.81405 8.79889 9.28152 9.3211 9.34827 9.3822 9.39807 9.41035 9.41305 9.33888 9.15195 8.33936 7.63313 6.64394 6.53712 7.73508 8.27367 8.77355 9.13104 9.25951
-9999 -9999 -9999 -9999 -9999 -9999 -9999 1.53272 3.25062 5.12988 6.89044 8.55689 9.99307 10.1166 10.8806 10.8933 11.3 11.2009 10.6875 10.1337 9.10009 6.97895 5.19734 3.25304 3.78198 5.96244 6.25398 5.32292 3.59154 5.40654 7.40686 9.22116 10.2097 9.45953 10.2569 10.2069 9.69669 8.70415 7.15292 7.19767 6.03926 6.00364 6.62201 6.83336 6.74873 6.38591 5.80095 5.92688 6.40328 6.53698 7.24324 8.11904 8.97556 9.13308 9.30965 9.33286 9.35182 9.3813 9.39944 9.39849 9.3722 9.29379 8.61513 7.80496 7.31263 6.62865 6.56113 7.93511 8.50341 8.82657 9.13786 9.2715
-9999 -9999 -9999 -9999 -9999 -9999 -9999 -9999 3.08084 5.02193 6.46183 6.8595 8.13762 8.83406 9.37609 9.50686 11.0282 11.1249 10.8043 10.2968 9.41724 7.81093 6.69566 4.8313 3.49483 4.06311 4.32855 4.83785 4.70506 5.52206 7.4449 9.44772 9.6786 8.42906 8.63038 8.90914 9.51621 9.23034 7.11123 6.04207 5.15731 5.81195 6.49996 6.67831 6.72658 6.61261 6.48815 6.24666 7.16279 7.84495 8.01577 8.61257 9.05745 9.19215 9.29766 9.32503 9.35262 9.36922 9.36077 9.35925 9.26843 9.04431 8.28309 6.42875 6.53339 6.34836 5.78372 7.12732 7.9938 8.75508 9.16798 9.2878
-9999 -9999 -9999 -9999 -9999 -9999 -9999 -9999 2.44402 4.68786 5.17256 5.1512 4.42646 4.78009 7.53128 8.09619 9.5558 10.9386 10.8516 10.3539 9.53191 8.58064 7.10045 5.00211 3.33742 2.64052 4.45845 6.2425 6.62211 7.20179 8.38538 8.62152 7.34408 6.14716 6.84131 7.26524 8.84022 9.13968 8.85119 7.58038 6.12538 5.37321 6.29443 6.43098 6.50091 6.52733 6.52107 6.50328 7.53478 8.11253 8.51834 8.74676 9.1311 9.24166 9.2882 9.33295 9.34271 9.34017 9.29855 9.24903 8.97475 8.63933 7.38158 6.33595 5.69049 4.8667 6.77998 7.36978 8.18101 8.70695 9.11781 9.22181
