Test_Spring_2018b/12_17/Temp/20171222_021.txt
ncols	170
nrows	115
xllcorner	350000.000000
yllcorner	4445000.000000
cellsize	1000.000000
nodata_value	-9999.000000
[rows 31 to 61 of 115, columns 70 to 139 of 170]
4.59124 5.18861 5.40694 4.98775 5.02757 6.03362 6.26238 6.24685 6.16682 6.07087 5.5947 5.43453 5.05871 4.39757 4.11915 2.94375 -0.851612 0.218813 0.63527 -0.467867 0.142274 1.13755 0.263796 -2.32173 -3.43735 -5.23195 -4.66211 -5.19287 -6.63769 -9999 -9999 -9999 -9999 -9999 -9999 -9999 -9999 -9999 -9999 -9999 -9999 -9999 -9999 -9999 -9999 -9999 -9999 -9999 -9999 -9999 -9999 -9999 -9999 -9999 -9999 -9999 -9999 -9999 -9999 -9999 -9999 -9999 -9999 -9999 -9999 -9999 -9999 -9999 -9999 -9999
4.69325 4.96512 4.93722 4.53344 5.15224 5.72212 5.3875 5.16135 6.10494 6.10373 5.78188 5.02747 4.74943 4.46091 4.28299 3.31451 0.601854 -1.84409 -0.538625 -0.51108 -1.41968 0.199791 -0.660975 -2.90078 -6.06113 -4.34793 -4.79729 -7.01963 -7.57117 -9999 -9999 -9999 -9999 -9999 -9999 -9999 -9999 -9999 -9999 -9999 -9999 -9999 -9999 -9999 -9999 -9999 -9999 -9999 -9999 -9999 -9999 -9999 -9999 -9999 -9999 -9999 -9999 -9999 -9999 -9999 -9999 -9999 -9999 -9999 -9999 -9999 -9999 -9999 -9999 -9999
3.92317 4.60517 4.39256 4.21792 5.13854 5.11762 5.06814 5.41198 5.99949 6.11448 5.98803 5.65797 5.37177 5.06719 4.29748 3.18993 0.867933 -1.91566 -2.54957 -1.19215 -1.13023 -0.914863 -1.69949 -2.68408 -4.2225 -2.96799 -2.48243 -3.94942 -5.86298 -7.09538 -9999 -9999 -9999 -9999 -9999 -9999 -9999 -9999 -9999 -9999 -9999 -9999 -9999 -9999 -9999 -9999 -9999 -9999 -9999 -9999 -9999 -9999 -9999 -9999 -9999 -9999 -9999 -9999 -9999 -9999 -9999 -9999 -9999 -9999 -9999 -9999 -9999 -9999 -9999 -9999
2.89232 4.0647 3.74394 2.8473 3.40149 3.81737 4.60462 4.81614 4.93087 6.02983 5.97005 5.91733 5.44552 5.06753 4.44247 3.37637 1.85952 0.0336595 -3.14325 -1.18961 0.339475 0.297032 0.209991 -0.480622 -1.95863 -0.727306 -0.672088 -2.54344 -4.66496 -5.92661 -6.45035 -9999 -9999 -9999 -9999 -9999 -9999 -9999 -9999 -9999 -9999 -9999 -9999 -9999 -9999 -9999 -9999 -9999 -9999 -9999 -9999 -9999 -9999 -9999 -9999 -9999 -9999 -9999 -9999 -9999 -9999 -9999 -9999 -9999 -9999 -9999 -9999 -9999 -9999 -9999
-9999 3.3161 3.00731 1.91269 2.47044 3.21542 4.27479 4.83172 5.25245 5.58024 5.91432 5.87289 5.38998 3.96743 3.76198 3.69767 2.70448 0.623312 -1.4552 -1.99606 0.338338 1.00426 0.86488 1.38393 0.131549 0.719335 0.47454 -0.189127 -2.23539 -4.10283 -4.88219 -6.41935 -9999 -9999 -9999 -9999 -9999 -9999 -9999 -9999 -9999 -9999 -9999 -9999 -9999 -9999 -9999 -9999 -9999 -9999 -9999 -9999 -9999 -9999 -9999 -9999 -9999 -9999 -9999 -9999 -9999 -9999 -9999 -9999 -9999 -9999 -9999 -9999 -9999 -9999
-9999 -9999 -9999 -9999 1.21599 2.23821 3.08214 4.12023 5.01413 5.45848 5.88979 5.8532 4.88998 4.41743 4.37362 3.72189 2.57569 1.85504 0.545125 -0.819493 -0.302692 1.68765 0.797926 2.20736 2.08508 2.34191 1.39518 -0.384691 -2.76978 -4.15535 -4.85291 -6.09919 -9999 -9999 -9999 -9999 -9999 -9999 -9999 -9999 -9999 -9999 -9999 -9999 -9999 -9999 -9999 -9999 -9999 -9999 -9999 -9999 -9999 -9999 -9999 -9999 -9999 -9999 -9999 -9999 -9999 -9999 -9999 -9999 -9999 -9999 -9999 -9999 -9999 -9999
-9999 -9999 -9999 -9999 -9999 2.04452 2.68823 4.06479 4.79035 5.07856 5.7752 5.77509 5.40891 5.13155 4.72983 4.20571 3.34337 2.39219 1.15992 1.04287 2.31482 2.32748 2.05813 2.2647 2.91718 2.74188 1.28265 -1.2341 -2.56932 -5.26333 -6.42648 -6.31095 -7.13675 -9999 -9999 -9999 -9999 -9999 -9999 -9999 -9999 -9999 -9999 -9999 -9999 -4.03869 -9999 -9999 -9999 -9999 -9999 -9999 -9999 -9999 -9999 -9999 -9999 -9999 -9999 -9999 -9999 -9999 -9999 -9999 -9999 -9999 -9.06553 -9999 -9999 -9999
-9999 -9999 -9999 -9999 1.90623 2.77389 3.44365 4.30694 4.39906 4.91808 5.71948 5.72961 5.46932 5.17499 4.51601 4.35022 3.85778 2.82519 2.61117 3.02488 3.21376 3.42848 3.55975 3.4483 3.18046 2.83514 1.90121 0.729384 -0.0578442 -2.52867 -3.77196 -4.97241 -6.78795 -8.20924 -9999 -9999 -9999 -9999 -9999 -9999 -9999 -4.97731 -5.04823 -5.01951 -4.62539 -3.53139 -4.17935 -9999 -9999 -9999 -9999 -9999 -9999 -9999 -9999 -9999 -9999 -9999 -9999 -9999 -9999 -9999 -9999 -9999 -9999 -9999 -8.08141 -9.51328 -9999 -9999
-9999 -9999 -9999 -9999 2.1384 3.04401 3.49685 4.33597 4.81617 5.14387 5.42127 5.68571 5.63902 5.31349 4.81916 4.81894 4.13833 3.7696 3.50529 4.06596 4.17419 3.94482 3.65818 3.40467 2.69242 2.60822 2.385 1.64084 0.42025 -0.837657 -2.63789 -5.10091 -7.51675 -9.46632 -9999 -9999 -9999 -9999 -9999 -9999 -4.77578 -3.86799 -3.32545 -4.4898 -3.50115 -2.59767 -2.74552 -3.62394 -9999 -9999 -9999 -9999 -9999 -9999 -9999 -9999 -9999 -9999 -9999 -9999 -9999 -9999 -1.30349 -2.77132 -5.73137 -7.25092 -8.16446 -9.46679 -9999 -9999
-9999 -9999 -9999 -9999 1.94992 3.02011 3.74574 4.38985 4.49398 5.15932 5.45264 5.59419 5.57539 5.50872 5.41501 4.82054 4.56253 3.6655 4.51613 4.4801 4.26049 3.40136 3.02761 1.55542 0.906618 0.76954 2.00445 1.0896 -0.819302 -3.20549 -6.06261 -6.24748 -7.19873 -8.94158 -9999 -9999 -9999 -9999 -9999 -9999 -4.50009 -3.52891 -2.71867 -2.60343 -3.76052 -2.15254 -2.2138 -3.11798 -3.3255 -2.5897 -2.21843 -2.49442 -1.61274 -1.35896 -1.76192 -1.33029 -9999 -9999 -9999 -9999 -1.09723 -1.04323 -1.00361 -1.61806 -4.85135 -7.06108 -9.04587 -9.23344 -9999 -9999
-9999 -9999 -9999 -9999 2.68041 3.34095 3.67641 3.73295 4.31154 4.89423 5.25476 5.51081 5.4568 5.43304 5.40734 5.20142 4.72772 4.80796 4.76574 4.4877 2.85428 0.948755 1.77507 0.645924 -1.76905 0.198916 1.27721 0.241178 -2.07129 -4.75281 -5.62212 -5.58406 -6.90568 -8.60652 -9999 -9999 -9999 -7.1596 -5.76806 -5.65075 -5.24319 -3.94675 -2.9612 -2.21763 -1.71295 -1.72968 -2.26611 -3.15043 -4.11149 -3.77288 -2.05222 -1.63528 -1.27597 -1.01283 -1.38733 -1.20126 -0.745612 -0.512808 -0.469947 -0.583844 -0.61405 -0.581717 -0.64194 -1.21581 -4.10614 -5.7636 -6.82272 -8.9471 -9999 -9999
-9999 -9999 -9999 -9999 2.25732 2.83252 3.299 4.07221 4.15607 4.64456 4.93889 5.37247 5.41904 4.91392 5.32567 5.26798 5.18593 5.01663 4.77073 3.39069 1.49058 -0.413739 -1.29419 -0.919265 -2.37502 -1.62482 -0.532083 -0.927533 -2.34565 -4.73448 -5.07228 -5.62149 -7.83848 -9.97668 -9999 -9999 -9.86803 -7.19431 -5.31298 -4.34458 -4.04738 -4.02233 -2.77971 -2.68521 -1.34662 -1.66191 -3.43716 -3.24021 -3.93083 -3.48628 -2.8585 -2.6883 -1.77785 -0.904677 -0.744239 -0.745444 -0.45729 -0.402417 -0.392415 -0.405595 -0.610035 -0.5244 -0.51569 -0.875433 -2.9728 -3.99797 -5.12661 -8.9268 -9999 -9999
-9999 -9999 -9999 -9999 2.54211 3.18513 3.88887 4.00565 4.52726 4.47865 4.33692 5.06009 5.32701 4.96953 4.71056 5.17673 5.13935 5.07191 4.96409 3.66666 2.1664 -0.102122 -1.51241 -2.3726 -2.98522 -3.79704 -3.236 -3.40811 -3.63869 -3.37442 -4.02748 -5.33178 -6.63266 -9.0629 -10.3811 -9999 -9.7285 -8.52466 -6.2865 -4.38498 -3.17932 -3.61845 -2.20503 -1.94553 -1.12984 -1.61242 -2.69054 -3.15701 -3.2007 -3.34469 -2.39283 -1.75126 -1.29717 -0.998561 -0.623815 -0.533017 -0.442038 -0.407349 -0.391103 -0.374593 -0.385094 -0.398131 -0.445826 -0.5843 -1.55138 -2.57439 -4.77984 -8.80639 -9999 -9999
-9999 -9999 -9999 0.661694 2.46128 3.53786 3.95725 4.26083 4.52839 4.72237 4.92882 5.11906 5.24744 5.19229 4.24925 4.32134 4.48501 5.01277 4.96944 4.84761 4.0252 1.2655 0.311866 -1.08089 -2.88457 -3.63462 -3.25813 -1.78048 -1.84626 -2.82463 -3.91525 -5.41751 -6.37533 -7.8684 -10.7306 -10.4781 -9.19487 -8.24142 -6.72206 -4.39688 -2.7681 -2.04349 -1.77205 -1.20062 -0.90501 -1.56623 -2.1933 -2.45886 -2.9488 -3.01976 -3.01829 -2.44407 -1.99333 -0.993611 -0.661298 -0.510845 -0.437618 -0.400901 -0.375846 -0.351318 -0.34651 -0.371315 -0.375718 -0.388807 -0.464387 -1.82493 -5.22283 -7.7824 -9999 -9999
-9999 -9999 -9999 -9999 2.12338 2.59988 2.72808 2.94854 3.39472 3.90783 4.63615 4.73004 5.12767 5.12544 4.31417 3.37467 4.18359 4.50141 4.83112 4.83593 4.72591 2.40748 1.19331 0.237638 -1.49175 -0.864986 -0.272435 -0.226918 -0.583659 -2.68106 -4.77022 -7.17425 -9.42668 -9.53694 -10.7495 -10.112 -9.26618 -7.08673 -5.55451 -4.93615 -4.49318 -2.12891 -1.51636 -1.30857 -0.705312 -1.53494 -1.74496 -2.36833 -2.18542 -2.24159 -2.23987 -3.96335 -2.23519 -2.13635 -1.01495 -0.511756 -0.401349 -0.375598 -0.347959 -0.348341 -0.347519 -0.358281 -0.352344 -0.374541 -0.398925 -1.28509 -5.59155 -7.75585 -9999 -9999
-9999 -9999 -9999 -9999 -9999 -9999 2.27743 2.64214 2.87721 3.28009 4.50911 4.83979 5.05861 5.07586 4.71229 3.78396 3.53485 3.69868 2.79006 3.54034 4.5696 4.54025 4.41222 2.37445 1.33539 2.34398 2.038 0.50831 -0.695333 -1.88338 -4.32902 -6.11464 -8.69557 -10.6349 -10.7111 -8.57758 -6.80569 -4.60035 -3.63031 -4.19085 -3.59436 -2.42236 -1.08999 -0.4473 -0.602712 -1.47709 -1.59975 -2.55982 -1.61957 -1.54046 -1.98005 -2.36037 -2.2083 -1.65482 -1.44605 -0.569906 -0.361303 -0.327702 -0.326603 -0.32872 -0.338247 -0.348944 -0.365633 -0.380298 -0.3978 -0.442443 -4.86903 -8.31364 -9999 -9999
-9999 -9999 -9999 -9999 -9999 -9999 1.42324 1.64761 2.22836 3.71161 4.49161 4.80585 4.79534 4.93875 4.68163 3.86347 3.02288 2.22881 1.20666 1.78297 3.31664 4.2198 4.32018 2.53366 3.46483 3.11736 2.43262 0.431965 -1.04212 -1.82323 -4.17092 -6.17639 -7.89386 -10.2654 -9.25518 -8.14298 -6.71398 -4.30674 -2.68484 -2.02161 -2.58784 -1.84025 -0.306522 -0.301438 -1.14546 -1.09326 -1.60618 -2.91748 -1.5554 -1.17307 -1.48376 -1.4051 -1.51911 -1.31488 -0.940881 -0.583762 -0.348133 -0.320691 -0.322214 -0.335924 -0.342213 -0.347362 -0.370075 -0.374235 -0.391827 -0.419258 -3.27816 -8.38359 -9999 -9999
-9999 -9999 -9999 -9999 -9999 -9999 -9999 0.651107 1.97022 3.93791 4.43064 4.38766 4.79327 4.82705 4.43383 4.09086 3.07129 1.67933 -0.989255 -0.315946 1.0954 3.13333 4.20353 4.05692 3.46234 2.42569 -0.0825893 -2.27734 -2.54289 -2.90131 -4.61434 -6.15749 -8.06663 -6.96351 -5.75571 -4.43482 -3.74332 -3.92915 -2.54008 -1.40856 -1.89638 -0.978321 0.0939739 -0.397682 -0.689346 -0.934086 -1.52682 -1.56404 -1.50347 -0.730368 -1.26732 -0.93945 -0.929747 -0.951027 -0.770729 -0.563207 -0.345539 -0.314138 -0.319143 -0.321335 -0.353148 -0.350005 -0.368504 -0.386561 -0.403246 -0.427538 -0.690447 -3.44262 -5.08888 -9999
-9999 -9999 -9999 -9999 -9999 -9999 -9999 -0.566103 0.0939753 2.42345 3.14682 4.17576 4.72146 4.74542 4.08339 3.71242 2.1956 1.69961 -0.769526 -1.88907 -0.946926 -1.31281 1.49558 3.98129 3.44226 -1.57888 -3.39692 -4.69317 -4.35886 -4.35464 -4.83086 -7.46168 -8.18975 -5.831 -4.34735 -3.19925 -2.32994 -2.15295 -2.18848 -0.415739 -0.18402 0.389093 0.259294 0.309213 -0.591703 -1.14986 -0.665295 -1.22658 -1.32345 -0.524762 -1.31366 -0.602453 -0.68501 -0.901483 -0.915753 -0.450065 -0.359315 -0.314143 -0.316709 -0.340955 -0.370789 -0.38992 -0.380421 -0.392946 -0.424098 -0.427587 -0.45766 -0.789179 -2.21516 -2.71593
-9999 -9999 -9999 -9999 -9999 -9999 -9999 -9999 -2.07981 1.15576 2.63735 3.41445 4.50689 4.63742 4.28544 3.64555 2.10056 0.740781 -1.46687 -3.9873 -5.32139 -1.33787 2.12959 3.93894 3.70337 -0.47636 -2.1254 -2.20101 -1.22842 -2.04724 -2.66824 -4.66595 -5.26593 -6.10014 -5.58999 -3.98803 -2.68109 -1.42119 -0.507008 -0.437653 0.153311 0.493179 0.517022 0.620657 0.511915 0.42313 -0.444107 0.152914 -0.356228 -0.0878314 -0.26251 -0.420416 -0.553499 -1.05178 -0.704579 -0.398001 -0.322293 -0.303161 -0.327407 -0.337703 -0.357073 -0.392549 -0.410352 -0.417838 -0.425931 -0.44667 -0.451461 -0.471517 -0.634894 -1.49429
-9999 -9999 -9999 -9999 -9999 -9999 -9999 -9999 -3.69967 -0.480366 1.07418 3.07017 4.09786 4.51398 4.45611 3.937 2.76215 0.99562 -0.47706 -3.28984 -6.20996 -2.02766 1.70071 3.71059 3.81618 0.307151 1.28139 0.495049 0.813443 -0.626636 -1.22458 -1.69173 -2.72752 -3.86077 -5.10099 -5.75903 -2.81938 -1.31261 -0.101469 0.466485 0.784976 0.941166 0.851786 0.628574 -0.682171 0.31169 0.257429 0.15633 0.0409291 -0.0155868 -0.120193 -0.24327 -0.313341 -0.341544 -0.673829 -0.304904 -0.318446 -0.318518 -0.322356 -0.338089 -0.36292 -0.38557 -0.412064 -0.416734 -0.433259 -0.451031 -0.464541 -0.473755 -0.488458 -0.539456
-9999 -9999 -9999 -9999 -9999 -9999 -9999 -9999 -8.22461 -3.54301 0.223724 2.18822 3.78768 4.22497 4.38616 3.6912 3.16983 1.90238 0.701698 -1.14789 -3.91554 -5.62096 -2.48843 2.06359 3.74577 3.61815 3.51319 2.60358 1.78404 1.68099 1.74297 0.794669 -0.597262 -2.41662 -2.98619 -3.62683 -1.43835 -1.14582 -1.31139 1.09397 1.09371 0.950983 0.0230577 -1.01034 -0.818343 -1.45748 -0.969161 -1.7335 -1.03478 -0.430914 -0.20647 -0.227069 -0.305782 -0.319266 -0.358916 -0.298945 -0.304686 -0.320259 -0.333832 -0.344083 -0.359338 -0.393753 -0.41608 -0.412277 -0.435523 -0.455271 -0.471717 -0.478198 -0.487727 -0.526684
-9999 -9999 -9999 -9999 -9999 -9999 -9999 -9999 -8.02834 -4.08703 -0.747819 1.25674 3.18065 3.62529 4.27207 4.12826 3.5826 2.48051 1.10456 -0.41829 -2.79316 -4.55899 -2.46706 0.557837 2.72132 3.50098 3.4973 3.44512 3.23937 3.15391 2.91443 2.75019 1.75116 0.0327318 -0.940349 -2.36362 0.0758557 0.345152 -0.0424687 1.17159 1.10467 -0.745435 -2.16902 -2.3508 -1.48485 -2.31148 -2.45782 -2.96916 -2.39254 -0.843126 -1.29937 -1.21199 -0.506634 -0.393938 -0.324332 -0.308594 -0.318182 -0.326648 -0.344084 -0.348078 -0.352377 -0.386149 -0.405161 -0.417648 -0.450423 -0.458738 -0.482513 -0.500801 -0.515077 -0.538098
-9999 -9999 -9999 -9999 -9999 -9999 -9999 -9999 -7.95841 -5.30211 -2.29754 0.653055 2.7075 3.53464 4.13558 4.12562 3.49223 2.9423 2.0782 0.738098 -0.18235 -1.77675 -3.96296 -0.306593 0.81801 1.82293 2.24221 3.28586 3.26023 2.78181 2.23665 2.75049 2.59755 1.23624 0.786184 0.0280165 1.38285 1.38115 1.33816 1.25976 -0.304069 -2.47552 -4.21206 -2.97123 -3.23614 -2.66207 -4.43551 -2.98178 -1.81112 -1.4329 -2.22846 -2.82256 -0.99132 -0.692464 -0.516153 -0.404958 -0.333742 -0.357062 -0.343687 -0.360033 -0.371201 -0.383048 -0.404743 -0.420222 -0.441982 -0.463922 -0.482251 -0.498475 -0.523941 -0.556293
-9999 -9999 -9999 -9999 -9999 -9999 -9999 -9999 -9999 -6.87508 -3.06355 0.336016 2.22776 3.41628 3.99358 3.97975 3.65414 3.27948 2.74206 1.77407 0.559396 -1.35723 -2.78063 -1.88236 -0.779988 -0.652395 0.0779139 2.19815 2.9221 1.89454 -0.637675 0.860732 2.52984 2.49993 2.35406 2.19078 1.98322 1.79441 1.38668 0.302952 -3.00617 -3.66252 -4.96367 -4.8213 -5.49073 -4.03583 -4.58024 -3.09167 -2.44814 -2.20689 -3.58892 -3.29442 -1.67722 -1.03921 -1.14947 -0.759783 -0.386365 -0.378804 -0.373085 -0.388108 -0.385503 -0.388127 -0.400052 -0.424604 -0.442685 -0.4573 -0.490228 -0.491712 -0.619164 -0.703327
-9999 -9999 -9999 -9999 -9999 -9999 -9999 -9999 -9999 -7.63685 -3.83665 0.166713 1.45085 2.73215 3.83718 3.85555 3.36011 2.88844 2.40254 1.84988 0.377716 -1.04974 -2.41236 -2.87159 -2.60028 -2.61235 -1.43049 1.33163 1.86561 1.63636 -1.00668 -1.9065 0.323853 2.19753 2.34193 2.168 -0.0445766 0.421324 -0.77477 -2.39545 -2.84512 -3.55729 -5.05661 -4.34193 -5.44102 -4.97584 -5.09515 -4.25167 -3.84195 -2.83775 -4.04287 -4.03469 -2.44699 -1.64791 -1.63153 -0.793102 -0.49694 -0.422662 -0.407526 -0.398213 -0.399643 -0.391549 -0.404486 -0.422012 -0.443444 -0.488536 -0.589067 -0.885564 -2.48736 -2.48953
-9999 -9999 -9999 -9999 -9999 -9999 -9999 -9999 -9999 -7.20548 -4.56903 -1.01727 1.61286 1.77596 3.05283 3.71021 3.17191 2.56601 1.94606 1.67288 0.0712491 -1.6875 -3.10889 -4.7904 -4.51647 -3.31345 -1.33196 0.451491 0.769261 0.398899 -1.01324 -0.344214 1.17585 1.98139 2.21642 2.02496 1.5399 1.25763 0.375757 -0.00919096 -1.23242 -3.14235 -3.89744 -3.42674 -5.45365 -5.31643 -4.57241 -5.35975 -4.05331 -3.42974 -4.98541 -3.74891 -2.34537 -1.62965 -1.0045 -0.710753 -0.596231 -0.418609 -0.41834 -0.407747 -0.404269 -0.411876 -0.416967 -0.451474 -0.480864 -0.655444 -0.910493 -2.40484 -3.02577 -2.90823
-9999 -9999 -9999 -9999 -9999 -9999 -9999 -9999 -9999 -6.76425 -4.39102 -1.31193 0.562491 0.895757 2.31198 3.57067 3.42632 2.79622 2.60174 1.94872 0.589979 -0.910275 -2.54953 -3.34779 -5.17897 -3.38097 -1.94617 -0.436349 0.269125 -0.88861 -1.47747 -0.441559 0.588035 0.997287 2.0366 2.02302 1.67923 0.209932 -0.508868 -0.211401 -0.522912 -1.06501 -2.38093 -2.44378 -3.29047 -3.6435 -3.97698 -5.04031 -4.36096 -4.2961 -4.11291 -2.63096 -1.90236 -1.4206 -0.982878 -0.87095 -0.683104 -0.438285 -0.420833 -0.416548 -0.422465 -0.422706 -0.445997 -0.521854 -0.586556 -0.932736 -1.54172 -2.67382 -4.50089 -3.21715
-9999 -9999 -9999 -9999 -9999 -9999 -9999 -9999 -9999 -7.17712 -4.65631 -2.02532 -0.926804 -0.742537 1.82276 3.39214 3.3915 3.09101 2.74055 1.133 1.22373 0.899637 -0.579318 -2.73195 -5.09561 -4.87653 -3.46554 -1.46495 -0.806292 -2.72704 -3.41185 -2.91259 -1.35444 0.0397778 1.49543 1.86236 1.43039 -0.854345 -3.28223 -2.16248 -0.965789 -0.976862 -1.33364 -2.55416 -2.94457 -3.29824 -4.18952 -5.6921 -5.46781 -5.05361 -3.36949 -2.84189 -2.02477 -1.34686 -1.60789 -1.46163 -0.813647 -0.443789 -0.43418 -0.432146 -0.424584 -0.438032 -0.465285 -0.611333 -0.765691 -1.02139 -2.60141 -3.58562 -5.01443 -3.35714
-9999 -9999 -9999 -9999 -9999 -9999 -9999 -9999 -9999 -7.96627 -6.13778 -3.62342 -2.61172 -0.996647 1.42728 2.61776 3.18662 3.1706 2.93592 2.21423 1.77906 0.92488 -0.613442 -2.71559 -5.05182 -6.57344 -5.80343 -3.10634 -2.46829 -4.24357 -5.15181 -4.02669 -2.36608 0.0940035 1.49797 1.68435 1.55319 1.07885 -0.694804 -2.83696 -2.83398 -1.766 -2.66743 -3.7144 -3.145 -3.25516 -4.13528 -4.77642 -5.1574 -4.91644 -3.95658 -3.56456 -2.62016 -1.22451 -1.0281 -1.072 -0.487014 -0.461936 -0.4527 -0.435105 -0.440551 -0.45078 -0.473337 -0.593261 -0.855864 -1.90916 -2.82823 -4.10493 -4.26684 -2.79052
-9999 -9999 -9999 -9999 -9999 -9999 -9999 -9999 -9999 -9.319 -7.16764 -4.81268 -2.608 -0.5225 1.27182 1.40745 2.35207 2.34744 2.84071 2.69504 2.02594 1.30611 -0.0196582 -2.71922 -4.98948 -7.46501 -6.81537 -4.07163 -3.6965 -4.89228 -7.09945 -4.82608 -2.3189 -0.0471203 1.18096 0.211734 1.19739 1.11209 0.444949 -0.831932 -2.815 -2.78179 -4.26894 -4.3376 -3.58004 -3.3368 -3.46754 -3.94978 -4.71354 -4.57603 -3.99272 -3.84871 -2.98124 -1.89956 -0.842234 -0.668125 -0.470013 -0.465755 -0.466989 -0.455069 -0.457643 -0.48452 -0.543614 -0.668751 -1.5525 -2.60257 -3.25122 -4.14214 -4.25428 -2.55496
