Test_Spring_2018b/12_17/Temp/20171208_013.txt
ncols	170
nrows	115
xllcorner	350000.000000
yllcorner	4445000.000000
cellsize	1000.000000
nodata_value	-9999.000000
[rows 32 to 63 of 115, columns 72 to 143 of 170]
12.0961 11.8633 12.2524 12.6113 12.3972 12.2644 12.8418 12.853 12.6694 12.2229 12.0667 11.9046 11.8102 11.2351 9.59906 8.12563 8.93516 8.96723 8.42972 9.43053 8.92203 7.57423 5.6661 6.7233 6.46438 5.11021 4.79075 -9999 -9999 -9999 -9999 -9999 -9999 -9999 -9999 -9999 -9999 -9999 -9999 -9999 -9999 -9999 -9999 -9999 -9999 -9999 -9999 -9999 -9999 -9999 -9999 -9999 -9999 -9999 -9999 -9999 -9999 -9999 -9999 -9999 -9999 -9999 -9999 -9999 -9999 -9999 -9999 -9999 -9999 -9999 -9999 -9999
11.7742 11.6808 12.2536 12.2531 12.2227 12.4262 12.7874 12.8695 12.805 12.617 12.456 12.2842 11.8298 11.1702 9.7719 8.09296 7.72229 8.56346 8.61635 8.76261 8.30028 7.71615 6.79487 7.5729 7.88288 7.00105 5.8397 5.0952 -9999 -9999 -9999 -9999 -9999 -9999 -9999 -9999 -9999 -9999 -9999 -9999 -9999 -9999 -9999 -9999 -9999 -9999 -9999 -9999 -9999 -9999 -9999 -9999 -9999 -9999 -9999 -9999 -9999 -9999 -9999 -9999 -9999 -9999 -9999 -9999 -9999 -9999 -9999 -9999 -9999 -9999 -9999 -9999
11.3894 10.8566 11.2063 11.4716 11.9428 12.0651 12.1469 12.8279 12.8041 12.7849 12.5111 12.2948 11.9285 11.2942 10.3859 9.28972 7.37159 8.57549 9.52105 9.5103 9.47233 9.06697 8.18235 8.9462 8.99428 7.86664 6.56835 5.81621 5.51321 -9999 -9999 -9999 -9999 -9999 -9999 -9999 -9999 -9999 -9999 -9999 -9999 -9999 -9999 -9999 -9999 -9999 -9999 -9999 -9999 -9999 -9999 -9999 -9999 -9999 -9999 -9999 -9999 -9999 -9999 -9999 -9999 -9999 -9999 -9999 -9999 -9999 -9999 -9999 -9999 -9999 -9999 -9999
10.9513 10.2979 10.6496 11.1149 11.7625 12.0952 12.3523 12.564 12.7798 12.7676 12.4872 11.6354 11.5245 11.4999 10.9103 9.65881 8.40907 8.09504 9.53058 9.95079 9.88087 10.2115 9.46404 9.8362 9.70164 9.31216 8.06981 6.93568 6.47716 5.55771 -9999 -9999 -9999 -9999 -9999 -9999 -9999 -9999 -9999 -9999 -9999 -9999 -9999 -9999 -9999 -9999 -9999 -9999 -9999 -9999 -9999 -9999 -9999 -9999 -9999 -9999 -9999 -9999 -9999 -9999 -9999 -9999 -9999 -9999 -9999 -9999 -9999 -9999 -9999 -9999 -9999 -9999
-9999 -9999 9.89615 10.521 11.0399 11.6719 12.2168 12.4993 12.7743 12.7651 12.1924 11.9187 11.9064 11.5244 10.8418 10.4183 9.63629 8.82103 9.15055 10.3766 9.85004 10.7223 10.6624 10.8331 10.2713 9.19406 7.75418 6.91326 6.50447 5.76202 -9999 -9999 -9999 -9999 -9999 -9999 -9999 -9999 -9999 -9999 -9999 -9999 -9999 -9999 -9999 -9999 -9999 -9999 -9999 -9999 -9999 -9999 -9999 -9999 -9999 -9999 -9999 -9999 -9999 -9999 -9999 -9999 -9999 -9999 -9999 -9999 -9999 -9999 -9999 -9999 -9999 -9999
-9999 -9999 -9999 10.4126 10.8097 11.6583 12.09 12.2773 12.7136 12.7265 12.5171 12.3623 12.1323 11.8281 11.3184 10.7547 10.0201 9.96407 10.7531 10.7758 10.6266 10.7669 11.1783 11.0859 10.2116 8.68665 7.88865 6.24838 5.55618 5.64232 5.15596 -9999 -9999 -9999 -9999 -9999 -9999 -9999 -9999 -9999 -9999 -9999 -9999 7.27116 -9999 -9999 -9999 -9999 -9999 -9999 -9999 -9999 -9999 -9999 -9999 -9999 -9999 -9999 -9999 -9999 -9999 -9999 -9999 -9999 4.62334 -9999 -9999 -9999 -9999 -9999 -9999 -9999
-9999 -9999 10.336 10.8608 11.2787 11.8145 11.8712 12.1885 12.6884 12.7073 12.5624 12.3973 12.0108 11.9249 11.6404 11.0274 10.9126 11.1797 11.3098 11.4554 11.55 11.4966 11.3479 11.1518 10.5895 9.89061 9.42581 7.93365 7.18036 6.46562 5.37692 4.52846 -9999 -9999 -9999 -9999 -9999 -9999 -9999 6.63503 6.61014 6.64603 6.90443 7.58886 7.2135 -9999 -9999 -9999 -9999 -9999 -9999 -9999 -9999 -9999 -9999 -9999 -9999 -9999 -9999 -9999 -9999 -9999 -9999 -9999 5.23192 4.3806 -9999 -9999 -9999 -9999 -9999 -9999
-9999 -9999 10.4742 11.035 11.3202 11.8406 12.143 12.3344 12.5151 12.6886 12.6736 12.4896 12.2034 12.2184 11.8197 11.6109 11.4657 11.8224 11.9036 11.779 11.6193 11.4794 11.0601 11.0227 10.8932 10.4541 9.72532 8.97398 7.87902 6.39583 4.94174 3.77174 -9999 -9999 -9999 -9999 -9999 -9999 6.74795 7.3185 7.66695 6.97691 7.59714 8.16572 8.09477 7.58347 -9999 -9999 -9999 -9999 -9999 -9999 -9999 -9999 -9999 -9999 -9999 -9999 -9999 -9999 9.28837 8.41428 6.6323 5.72709 5.1909 4.41843 -9999 -9999 -9999 -9999 -9999 -9999
-9999 -9999 10.3701 11.0302 11.4806 11.8816 11.9545 12.3605 12.5419 12.6404 12.6423 12.6159 12.5737 12.2273 12.086 11.5561 12.0896 12.0834 11.9653 11.4576 11.2449 10.3634 9.9825 9.9057 10.6706 10.1274 8.97933 7.54107 5.80556 5.70616 5.1431 4.09879 -9999 -9999 -9999 -9999 -9999 -9999 6.92363 7.53283 8.04425 8.13292 7.44756 8.44495 8.43036 7.89988 7.79352 8.26133 8.50745 8.3564 8.91355 9.08848 8.86367 9.14652 -9999 -9999 -9999 -9999 9.3857 9.43745 9.48043 9.12547 7.17712 5.85186 4.66379 4.57459 -9999 -9999 -9999 -9999 -9999 -9999
-9999 -9999 10.8251 11.235 11.4472 11.4898 11.8506 12.206 12.4287 12.5976 12.578 12.5778 12.5772 12.4675 12.1954 12.2605 12.2511 12.0981 11.1201 9.97603 10.4938 9.81899 8.35769 9.56766 10.2369 9.61949 8.22547 6.60709 6.08131 6.11747 5.32885 4.31147 -9999 -9999 -9999 5.26011 6.12469 6.21411 6.48036 7.28765 7.90595 8.37546 8.70141 8.70964 8.40659 7.88839 7.32369 7.55 8.61741 8.89159 9.12785 9.30866 9.10132 9.2372 9.5343 9.69553 9.74092 9.69068 9.69119 9.72966 9.71181 9.3815 7.63958 6.6503 6.0255 4.76216 -9999 -9999 -9999 -9999 -9999 -9999
-9999 -9999 10.5781 10.9357 11.2271 11.7029 11.7622 12.0685 12.2504 12.5199 12.5614 12.2683 12.5341 12.5148 12.4813 12.395 12.2621 11.4388 10.2987 9.15562 8.63495 8.87326 8.00105 8.46989 9.1478 8.91648 8.06675 6.62623 6.43405 6.10513 4.76975 3.48454 -9999 -9999 3.60106 5.24559 6.40826 7.01567 7.21488 7.24868 8.02355 8.09998 8.93361 8.76058 7.70347 7.84338 7.44181 7.7328 8.13863 8.26268 8.83485 9.38645 9.50447 9.52388 9.71907 9.77199 9.7973 9.80823 9.70259 9.77335 9.7973 9.59718 8.33997 7.73551 7.07248 4.78458 -9999 -9999 -9999 -9999 -9999 -9999
-9999 -9999 10.7593 11.1576 11.5928 11.6712 11.9964 11.9733 11.8898 12.3411 12.5115 12.3082 12.1659 12.4658 12.4598 12.4358 12.3873 11.6147 10.7182 9.35369 8.51072 7.99805 7.63873 7.15648 7.5107 7.41862 7.29091 7.46438 7.07638 6.28817 5.51151 4.04705 3.26114 -9999 3.69217 4.4423 5.82216 6.99748 7.74962 7.50113 8.38011 8.55712 9.07234 8.79821 8.16529 7.90486 7.89876 7.83167 8.43141 8.84136 9.13618 9.33864 9.58674 9.66216 9.73736 9.77794 9.80695 9.83583 9.84805 9.85862 9.84813 9.78255 9.21305 8.61326 7.29131 4.86559 -9999 -9999 -9999 -9999 -9999 -9999
-9999 9.62469 10.7197 11.3809 11.6424 11.8336 12.0035 12.1293 12.2578 12.3821 12.4725 12.4496 11.8912 11.9515 12.0681 12.4067 12.3978 12.3409 11.8573 10.1941 9.62633 8.79229 7.70815 7.26374 7.50534 8.41677 8.38892 7.80581 7.15456 6.24613 5.67437 4.78111 3.0546 3.22487 4.02284 4.62062 5.56315 6.99637 8.00612 8.46593 8.65021 9.01687 9.21625 8.83655 8.47818 8.33724 8.05981 8.03735 8.05893 8.42894 8.72193 9.3503 9.57303 9.68435 9.74871 9.79045 9.82471 9.85833 9.87973 9.88301 9.89874 9.90938 9.88493 9.07675 7.03295 5.49992 -9999 -9999 -9999 -9999 -9999 -9999
-9999 -9999 10.5232 10.8186 10.9021 11.0421 11.32 11.6395 12.0853 12.1528 12.4065 12.417 11.9366 11.3815 11.8911 12.1023 12.3207 12.3412 12.2913 10.8945 10.1706 9.60313 8.56409 8.95727 9.33008 9.36973 9.16447 7.90002 6.64073 5.1836 3.82688 3.77428 3.04974 3.45356 3.98533 5.32913 6.27954 6.67426 6.96259 8.42029 8.81205 8.96 9.34722 8.86271 8.75822 8.39978 8.53199 8.51869 8.54055 7.51252 8.58301 8.66382 9.36655 9.69247 9.77905 9.81403 9.84975 9.86809 9.88694 9.89865 9.9206 9.92746 9.93444 9.41556 6.81591 5.52345 -9999 -9999 -9999 -9999 -9999 -9999
-9999 -9999 -9999 -9999 10.6354 10.8627 11.0116 11.2635 12.0139 12.2252 12.3699 12.3935 12.1869 11.6368 11.5028 11.6205 11.0857 11.5599 12.2023 12.2003 12.1374 10.9115 10.2916 10.9179 10.7438 9.82466 9.10377 8.39233 6.91578 5.83493 4.27802 3.11219 3.08075 4.39468 5.48852 6.84806 7.45643 7.13387 7.51573 8.2489 9.07951 9.49073 9.41654 8.90504 8.85381 8.29069 8.88391 8.95306 8.70647 8.4958 8.60738 8.96481 9.11216 9.66521 9.81163 9.85095 9.87041 9.88759 9.90005 9.91174 9.92208 9.93268 9.94203 9.93537 7.26282 5.19137 -9999 -9999 -9999 -9999 -9999 -9999
-9999 -9999 -9999 -9999 10.1229 10.2645 10.6235 11.5325 12.0096 12.2107 12.2157 12.316 12.1741 11.6923 11.1978 10.7327 10.1288 10.4971 11.4473 12.0129 12.0891 11.0162 11.5952 11.3962 10.9915 9.78571 8.90007 8.43604 7.01886 5.80418 4.77246 3.34337 3.97286 4.66519 5.55113 7.03298 8.03803 8.46037 8.13499 8.60957 9.56288 9.58632 9.0933 9.14581 8.85721 8.08052 8.93053 9.18426 9.01616 9.08478 9.0345 9.17937 9.42718 9.6643 9.82707 9.86274 9.88039 9.89044 9.90482 9.92081 9.92612 9.9432 9.95263 9.95661 8.23816 5.15618 -9999 -9999 -9999 -9999 -9999 -9999
-9999 -9999 -9999 -9999 -9999 9.66517 10.4735 11.6772 11.9795 11.9631 12.2213 12.2548 12.0301 11.8374 11.2341 10.4052 8.79953 9.22696 10.1028 11.359 12.0255 11.9505 11.6011 10.9829 9.46855 8.1446 7.99431 7.78741 6.7563 5.82289 4.6744 5.35953 6.1091 6.92831 7.36541 7.26954 8.13282 8.84006 8.56251 9.14091 9.81357 9.53487 9.37811 9.25005 8.91297 8.91163 8.96973 9.46127 9.15548 9.3757 9.40067 9.40822 9.53805 9.68403 9.83577 9.87377 9.88929 9.90629 9.90536 9.92604 9.934 9.94273 9.95284 9.95886 9.8202 8.17026 7.19101 -9999 -9999 -9999 -9999 -9999
-9999 -9999 -9999 -9999 -9999 8.93165 9.33913 10.7632 11.2059 11.8419 12.1853 12.2128 11.8245 11.6145 10.7085 10.4248 8.94075 8.27651 8.86685 8.66043 10.3846 11.9115 11.5961 8.55339 7.45921 6.6821 6.89691 6.91074 6.63227 5.03695 4.60713 6.05626 6.97363 7.68764 8.23289 8.35787 8.35424 9.45185 9.6118 9.98035 9.9216 9.97252 9.44509 9.12638 9.44487 9.12466 9.08693 9.59401 9.13484 9.58824 9.55695 9.44561 9.45693 9.75989 9.8343 9.88062 9.89794 9.90139 9.90174 9.90887 9.93396 9.94617 9.94758 9.96637 9.96947 9.79256 8.94737 8.66534 9.02102 -9999 -9999 -9999
-9999 -9999 -9999 -9999 -9999 -9999 8.02408 9.99992 10.9041 11.387 12.0633 12.1557 11.9546 11.5815 10.6586 9.849 8.52387 7.00844 6.2116 8.6518 10.7771 11.8926 11.7619 9.23143 8.2403 8.20617 8.80958 8.32279 7.95641 6.74629 6.39448 5.90075 6.22578 7.21582 8.02796 8.8116 9.38583 9.4469 9.82618 10.0516 10.0863 10.17 10.1245 10.0914 9.58735 9.9719 9.68324 9.86753 9.78201 9.70643 9.64423 9.36127 9.59241 9.79845 9.86364 9.89542 9.89875 9.91076 9.91756 9.91499 9.92333 9.9387 9.95423 9.96258 9.9811 9.99375 9.91679 9.41644 8.73983 7.87963 -9999 -9999
-9999 -9999 -9999 -9999 -9999 -9999 7.04635 9.01286 9.96161 11.1866 11.8217 12.0876 12.0673 11.7674 11.0695 10.0121 9.13397 7.44038 5.68122 8.24143 10.5227 11.7603 11.8384 9.71528 10.3207 9.8544 10.0601 9.19554 8.84349 8.56466 7.94785 7.27229 6.53215 6.14835 7.95318 8.88704 9.64192 10.0063 10.2197 10.335 10.2992 10.1831 9.4062 10.0318 10.0224 9.98198 9.93277 9.91922 9.87618 9.82166 9.79758 9.80052 9.61807 9.86368 9.87557 9.89366 9.90951 9.9183 9.92189 9.92724 9.93074 9.94795 9.95789 9.96806 9.98125 10.0005 10.0139 10.0053 9.88704 8.72464 8.03725 7.86191
-9999 -9999 -9999 -9999 -9999 -9999 4.30104 7.15806 9.4508 10.6571 11.6413 11.921 12.0339 11.6269 11.3263 10.5723 9.85934 8.75153 7.08488 6.06416 7.98396 10.7692 11.8024 11.7371 11.6862 11.1452 10.6588 10.6083 10.6582 10.0866 9.2533 8.16036 7.83031 7.45583 8.80365 8.99865 8.91577 10.3981 10.4174 10.3506 9.8065 9.19565 9.33331 8.96368 9.28433 8.84019 9.2862 9.67431 9.83134 9.83901 9.80944 9.82409 9.81915 9.87693 9.89176 9.90053 9.91058 9.92284 9.93238 9.93068 9.9368 9.95931 9.96579 9.97497 9.98524 10.0061 10.0225 10.021 10.0214 9.85929 9.60543 9.10715
-9999 -9999 -9999 -9999 -9999 -9999 4.42686 6.82664 8.86882 10.098 11.2814 11.5657 11.974 11.9022 11.5865 10.9328 10.1128 9.2035 7.77556 6.71786 8.00707 9.85984 11.191 11.678 11.684 11.6652 11.5528 11.5144 11.381 11.286 10.6919 9.66283 9.08558 8.23504 9.7357 9.9166 9.69855 10.4559 10.4344 9.32847 8.48251 8.3925 8.9367 8.45446 8.38911 8.09663 8.46814 9.43143 9.17796 9.25097 9.69804 9.78608 9.85088 9.87907 9.89167 9.90491 9.91275 9.92898 9.94531 9.9441 9.9523 9.96491 9.96561 9.98166 9.98867 10.0026 10.0141 10.0221 10.0239 9.99146 9.95702 10.0393
-9999 -9999 -9999 -9999 -9999 -9999 4.48305 6.09592 7.93506 9.7399 11.003 11.5202 11.9006 11.91 11.5407 11.2227 10.7138 9.91538 9.37216 8.41854 7.10438 9.34487 10.04 10.6643 10.9352 11.5834 11.5805 11.3019 10.9691 11.2956 11.2193 10.4056 10.1468 9.70123 10.542 10.5581 10.5497 10.5204 9.58792 8.28619 7.24951 8.02486 7.88414 8.25008 7.19448 8.10399 8.83703 9.08758 8.62057 8.27879 9.41079 9.61611 9.74234 9.82872 9.89063 9.89499 9.92175 9.9306 9.94289 9.9551 9.96171 9.97249 9.97983 9.9874 9.99772 10.0128 10.0192 10.026 10.0443 10.0347 10.0426 10.0557
-9999 -9999 -9999 -9999 -9999 -9999 -9999 5.15224 7.47917 9.55987 10.7239 11.4608 11.8265 11.8333 11.6509 11.4392 11.1288 10.5565 9.83405 8.68423 7.83417 8.39637 9.07755 9.16782 9.6261 10.9298 11.3835 10.7713 9.23393 10.1621 11.192 11.1885 11.1149 11.0312 10.9185 10.8208 10.5904 9.9493 7.95459 7.57748 6.80569 6.91258 6.52567 7.42721 7.11945 8.04588 8.45792 8.62493 7.8039 8.00069 9.00906 9.41645 9.36823 9.62403 9.86733 9.89063 9.9129 9.9227 9.94348 9.96138 9.97395 9.98214 9.9919 10.0041 10.0059 10.0301 9.97439 9.94493 9.86557 10.0064 10.0368 10.0702
-9999 -9999 -9999 -9999 -9999 -9999 -9999 4.69312 7.01747 9.46606 10.2607 11.0542 11.7412 11.7675 11.4816 11.2107 10.9313 10.6114 9.732 8.87961 8.06638 7.80248 7.98267 7.98294 8.71629 10.4109 10.7495 10.6235 9.02132 8.48828 9.86018 11.0154 11.1187 11.0288 9.69895 9.99953 9.2894 8.32149 8.06668 7.65259 6.7599 7.21469 6.56598 6.8692 6.81528 7.34891 7.61846 8.24955 7.53604 7.55851 8.54934 9.05482 9.0838 9.61283 9.81182 9.8758 9.90391 9.92866 9.94714 9.97173 9.98385 9.99351 10.0011 9.99453 9.95444 9.7961 8.84649 8.86663 9.15241 9.42375 9.90776 10.0589
-9999 -9999 -9999 -9999 -9999 -9999 -9999 4.96355 6.58033 8.75457 10.3685 10.4819 11.2735 11.6886 11.3766 11.0238 10.6626 10.5126 9.55413 8.49996 7.65084 6.64312 6.82495 7.57175 8.78443 9.88386 10.0912 9.87982 9.02692 9.44893 10.389 10.8946 11.0534 10.9531 10.6746 10.52 10.001 9.78495 9.05924 7.91608 7.47596 7.78198 6.56837 6.67171 7.14431 6.68364 7.49865 7.89797 6.97106 7.74646 8.62006 9.07491 9.47445 9.67221 9.76084 9.88789 9.9071 9.93276 9.95431 9.96937 9.98623 9.98546 9.98806 9.90252 9.76819 8.87985 8.5279 8.62062 9.05829 9.44373 9.85694 10.0317
-9999 -9999 -9999 -9999 -9999 -9999 -9999 5.2398 6.69691 8.58395 9.7384 9.95551 10.832 11.6131 11.5407 11.1731 11.0706 10.6893 9.87846 8.98143 7.99964 7.52934 6.43025 7.5392 8.41901 9.35221 9.79584 9.09717 8.75399 9.39961 10.0416 10.3063 10.9548 10.9629 10.7705 9.89372 9.474 9.67309 9.50201 9.19096 8.40933 8.39042 7.8947 7.69945 7.51614 6.88709 7.32035 7.37958 7.51607 8.43575 8.8987 9.21127 9.49689 9.58415 9.71757 9.88566 9.91547 9.93739 9.95328 9.97283 9.97857 9.95255 9.93352 9.7434 9.39349 8.72538 7.63944 8.44158 9.2795 9.54736 9.81015 9.95134
-9999 -9999 -9999 -9999 -9999 -9999 -9999 4.99616 6.54353 8.15829 8.84091 8.96757 10.5434 11.5136 11.5287 11.3615 11.1641 10.2018 10.2728 10.0914 9.20705 7.9126 6.48951 6.63778 7.50878 8.73495 9.15036 7.98768 7.5864 7.90577 8.86965 9.73402 10.6361 10.8759 10.63 9.25706 7.79736 8.49675 9.24328 9.25519 9.05699 8.33341 8.1151 7.91925 7.39631 6.50399 6.65582 6.92753 7.97572 8.31656 8.83343 9.26543 9.12598 9.23428 9.64783 9.89214 9.91729 9.93792 9.96206 9.97356 9.97684 9.90802 9.83431 9.69909 8.75815 8.17984 7.33453 8.36546 8.94226 9.27011 9.81968 9.96389
-9999 -9999 -9999 -9999 -9999 -9999 -9999 4.52341 5.64991 7.19404 7.82411 8.82164 10.3116 11.0513 11.413 11.4189 11.2919 10.8685 10.6195 10.1154 9.1949 7.93114 6.52476 5.61388 6.09728 7.74482 8.14927 7.07401 6.53701 7.23744 8.26391 9.77707 10.6479 10.778 10.7153 10.444 9.38239 8.09686 8.11693 8.78531 8.25552 7.63737 8.00293 7.95507 7.43878 7.06793 6.85372 7.02556 7.62771 7.88607 8.48044 9.34929 9.4883 9.48101 9.85635 9.89098 9.91599 9.94616 9.9624 9.97585 9.98193 9.92891 9.78922 9.16853 8.62963 7.8732 7.79519 8.71944 9.13578 9.52614 9.80459 9.90693
-9999 -9999 -9999 -9999 -9999 -9999 -9999 3.7076 5.03091 6.47836 7.83461 9.11861 10.2257 10.3236 10.914 10.9269 11.2428 11.1699 10.7785 10.3561 9.56488 7.93757 6.57133 5.08003 5.49025 7.17217 7.40026 6.68834 5.3611 6.76042 8.30218 9.70093 10.4648 9.89194 10.5089 10.4744 10.0861 9.32707 8.13856 8.17718 7.29087 7.26788 7.74779 7.91487 7.85446 7.58023 7.13712 7.24182 7.61498 7.72248 8.27011 8.948 9.61099 9.73647 9.87651 9.89856 9.91727 9.94403 9.96202 9.96531 9.9491 9.89283 9.37506 8.75621 8.38174 7.85996 7.81214 8.86992 9.31086 9.56532 9.80823 9.91452
-9999 -9999 -9999 -9999 -9999 -9999 -9999 -9999 4.89899 6.39403 7.50382 7.81239 8.79796 9.3364 9.75619 9.85986 11.0327 11.1103 10.8672 10.4803 9.80754 8.57601 7.72204 6.29218 5.26819 5.71274 5.91864 6.3141 6.21591 6.84793 8.33013 9.87384 10.0552 9.09842 9.25711 9.47537 9.94609 9.73036 8.10524 7.28744 6.6115 7.11919 7.65262 7.7943 7.83605 7.75313 7.66596 7.4884 8.19751 8.72668 8.86265 9.32605 9.67255 9.78051 9.86592 9.89118 9.91654 9.93339 9.93094 9.93379 9.86795 9.69963 9.11838 7.69672 7.78121 7.64301 7.21297 8.24836 8.91997 9.50886 9.82988 9.92555
-9999 -9999 -9999 -9999 -9999 -9999 -9999 -9999 4.40791 6.13576 6.51122 6.49767 5.94342 6.21832 8.3366 8.77407 9.89948 10.9658 10.9023 10.523 9.89444 9.16651 8.03196 6.42218 5.14584 4.61468 6.01794 7.3927 7.68844 8.138 9.05185 9.23727 8.25902 7.34268 7.88027 8.21014 9.42501 9.65928 9.44159 8.46874 7.35437 6.78045 7.49318 7.60272 7.66113 7.68616 7.68827 7.6829 8.4821 8.93103 9.24769 9.42789 9.72788 9.81729 9.85738 9.89601 9.90766 9.9098 9.88183 9.84775 9.64085 9.38694 8.42392 7.62399 7.13176 6.50244 7.97749 8.43329 9.06053 9.47044 9.7899 9.87341
