Test_Spring_2018b/12_17/Temp/20171204_000.txt
ncols	170
nrows	115
xllcorner	350000.000000
yllcorner	4445000.000000
cellsize	1000.000000
nodata_value	-9999.000000
[rows 32 to 63 of 115, columns 71 to 141 of 170]
9.0369 9.00747 8.58651 9.22952 9.82134 9.45738 9.21667 10.193 10.1899 9.85322 9.06652 8.77588 8.47461 8.28876 7.2804 4.45705 1.91152 3.27055 3.29969 2.35459 4.04064 3.14527 0.814512 -2.47449 -0.691423 -1.15928 -3.49203 -4.0674 -9999 -9999 -9999 -9999 -9999 -9999 -9999 -9999 -9999 -9999 -9999 -9999 -9999 -9999 -9999 -9999 -9999 -9999 -9999 -9999 -9999 -9999 -9999 -9999 -9999 -9999 -9999 -9999 -9999 -9999 -9999 -9999 -9999 -9999 -9999 -9999 -9999 -9999 -9999 -9999 -9999 -9999 -9999
8.67503 8.45323 8.27067 9.22775 9.20468 9.14209 9.48974 10.0959 10.2139 10.0808 9.73593 9.437 9.1192 8.31757 7.16457 4.74784 1.85087 1.19135 2.60445 2.66924 2.89373 2.07739 1.05282 -0.54828 0.757265 1.26238 -0.27317 -2.2777 -3.56633 -9999 -9999 -9999 -9999 -9999 -9999 -9999 -9999 -9999 -9999 -9999 -9999 -9999 -9999 -9999 -9999 -9999 -9999 -9999 -9999 -9999 -9999 -9999 -9999 -9999 -9999 -9999 -9999 -9999 -9999 -9999 -9999 -9999 -9999 -9999 -9999 -9999 -9999 -9999 -9999 -9999 -9999
8.12567 7.79113 6.85697 7.43256 7.86403 8.66809 8.87875 8.99638 10.1385 10.0749 10.0189 9.52698 9.13295 8.48201 7.37225 5.79354 3.89335 0.587096 2.6206 4.21223 4.16822 4.0777 3.35891 1.82051 3.10179 3.15892 1.2004 -1.02454 -2.33763 -2.88264 -9999 -9999 -9999 -9999 -9999 -9999 -9999 -9999 -9999 -9999 -9999 -9999 -9999 -9999 -9999 -9999 -9999 -9999 -9999 -9999 -9999 -9999 -9999 -9999 -9999 -9999 -9999 -9999 -9999 -9999 -9999 -9999 -9999 -9999 -9999 -9999 -9999 -9999 -9999 -9999 -9999
7.36004 7.03773 5.89727 6.47636 7.25017 8.34598 8.91231 9.34369 9.68326 10.0296 9.98551 9.48217 8.00113 7.78706 7.72006 6.68643 4.52055 2.35746 1.79469 4.22433 4.9174 4.77223 5.31224 4.00847 4.61982 4.36458 3.67056 1.5278 -0.427211 -1.23822 -2.83776 -9999 -9999 -9999 -9999 -9999 -9999 -9999 -9999 -9999 -9999 -9999 -9999 -9999 -9999 -9999 -9999 -9999 -9999 -9999 -9999 -9999 -9999 -9999 -9999 -9999 -9999 -9999 -9999 -9999 -9999 -9999 -9999 -9999 -9999 -9999 -9999 -9999 -9999 -9999 -9999
-9999 -9999 -9999 5.18364 6.24042 7.1151 8.18422 9.10815 9.569 10.0166 9.97757 8.97446 8.4823 8.43661 7.75837 6.56561 5.81577 4.45263 3.03247 3.57033 5.64168 4.7154 6.18189 6.05411 6.32082 5.33486 3.47481 0.983749 -0.469649 -1.19551 -2.49225 -9999 -9999 -9999 -9999 -9999 -9999 -9999 -9999 -9999 -9999 -9999 -9999 -9999 -9999 -9999 -9999 -9999 -9999 -9999 -9999 -9999 -9999 -9999 -9999 -9999 -9999 -9999 -9999 -9999 -9999 -9999 -9999 -9999 -9999 -9999 -9999 -9999 -9999 -9999 -9999
-9999 -9999 -9999 -9999 6.05116 6.7174 8.14782 8.88756 9.18578 9.90951 9.90849 9.52686 9.238 8.81996 8.2747 7.37751 6.38786 5.10557 4.98383 6.30756 6.32047 6.0397 6.25409 6.93244 6.74919 5.22644 2.60266 1.2123 -1.61071 -2.82118 -2.70056 -3.55938 -9999 -9999 -9999 -9999 -9999 -9999 -9999 -9999 -9999 -9999 -9999 -9999 -0.323906 -9999 -9999 -9999 -9999 -9999 -9999 -9999 -9999 -9999 -9999 -9999 -9999 -9999 -9999 -9999 -9999 -9999 -9999 -9999 -9999 -5.55311 -9999 -9999 -9999 -9999 -9999
-9999 -9999 -9999 5.9277 6.82149 7.51568 8.41153 8.4963 9.03062 9.8633 9.87296 9.60163 9.29525 8.60964 8.43751 7.92548 6.85124 6.6288 7.0595 7.25596 7.47907 7.61508 7.49829 7.21857 6.85813 5.87852 4.65781 3.83756 1.25745 -0.0466257 -1.29562 -3.18445 -4.66269 -9999 -9999 -9999 -9999 -9999 -9999 -9999 -1.28973 -1.36304 -1.33284 -0.922458 0.216253 -0.45802 -9999 -9999 -9999 -9999 -9999 -9999 -9999 -9999 -9999 -9999 -9999 -9999 -9999 -9999 -9999 -9999 -9999 -9999 -9999 -4.51614 -6.00632 -9999 -9999 -9999 -9999
-9999 -9999 -9999 6.17598 7.11495 7.58286 8.45309 8.95018 9.27709 9.56429 9.83861 9.78967 9.45097 8.93693 8.93734 8.22968 7.84654 7.5719 8.15561 8.26812 8.02895 7.72988 7.46502 6.72253 6.63358 6.39365 5.61775 4.34619 3.03608 1.1452 -1.41785 -3.9314 -5.95933 -9999 -9999 -9999 -9999 -9999 -9999 -1.06805 -0.122617 0.442434 -0.769211 0.259772 1.20002 1.04606 0.128607 -9999 -9999 -9999 -9999 -9999 -9999 -9999 -9999 -9999 -9999 -9999 -9999 -9999 -9999 2.55046 1.02314 -2.0575 -3.63908 -4.59004 -5.94566 -9999 -9999 -9999 -9999
-9999 -9999 -9999 5.99258 7.10219 7.85341 8.52015 8.62539 9.31213 9.60781 9.7542 9.73435 9.66523 9.56836 8.95054 8.68296 7.7502 8.63613 8.59892 8.37025 7.47558 7.08571 5.55229 4.87558 4.72554 6.00892 5.05502 3.06679 0.582132 -2.40105 -2.60003 -3.58922 -5.40189 -9999 -9999 -9999 -9999 -9999 -9999 -0.768772 0.242619 1.0862 1.20617 0.00174801 1.67502 1.60809 0.666624 0.450424 1.21627 1.60305 1.31078 2.22361 2.48965 2.07249 2.5241 -9999 -9999 -9999 -9999 2.77685 2.83403 2.87583 2.23651 -1.12874 -3.42891 -5.49509 -5.69032 -9999 -9999 -9999 -9999
-9999 -9999 -9999 6.76539 7.44795 7.79244 7.84706 8.44559 9.04614 9.41222 9.68066 9.62414 9.59972 9.57374 9.36049 8.86867 8.95333 8.91032 8.62155 6.92173 4.93829 5.79765 4.61737 2.10039 4.14306 5.26306 4.18268 1.77408 -1.01825 -1.93234 -1.89883 -3.27345 -5.03923 -9999 -9999 -9999 -3.52623 -2.07624 -1.95269 -1.52735 -0.177242 0.848992 1.61952 2.14445 2.12665 1.565 0.643984 -0.356688 -0.00440098 1.78666 2.22126 2.58557 2.86153 2.4742 2.67335 3.15011 3.39488 3.44177 3.32519 3.29532 3.33009 3.2681 2.67111 -0.340554 -2.06622 -3.16929 -5.38246 -9999 -9999 -9999 -9999
-9999 -9999 -9999 6.33987 6.93327 7.41374 8.21242 8.29576 8.80091 9.10236 9.54629 9.59445 9.06914 9.49862 9.4399 9.35596 9.18117 8.92643 7.49092 5.51367 3.53154 2.6145 3.00244 1.4856 2.26092 3.39589 2.97666 1.50097 -0.986921 -1.33974 -1.91875 -4.23093 -6.45505 -9999 -9999 -6.33629 -3.55153 -1.59161 -0.582118 -0.271547 -0.244605 1.04916 1.14767 2.54072 2.21259 0.361682 0.56601 -0.15808 0.304286 0.960675 1.13839 2.08272 2.9883 3.1577 3.1591 3.46176 3.52156 3.53445 3.52284 3.31173 3.40201 3.41172 3.03748 0.854385 -0.213101 -1.38756 -5.34567 -9999 -9999 -9999 -9999
-9999 -9999 -9999 6.64876 7.31244 8.03955 8.15616 8.69463 8.63701 8.48444 9.23533 9.50778 9.13621 8.8678 9.35452 9.31736 9.24886 9.13809 7.7888 6.22787 3.86676 2.39829 1.50089 0.861397 0.0121864 0.593733 0.412215 0.169935 0.442892 -0.243384 -1.60802 -2.9616 -5.49426 -6.86446 -9999 -6.18092 -4.92577 -2.5943 -0.613492 0.6427 0.186607 1.65817 1.92836 2.77755 2.27481 1.14936 0.665128 0.619156 0.468972 1.45956 2.12335 2.59298 2.90561 3.29373 3.39107 3.48871 3.52771 3.54728 3.56674 3.55758 3.54521 3.4962 3.35218 2.34532 1.28086 -1.01548 -5.20941 -9999 -9999 -9999 -9999
-9999 -9999 4.7138 6.57584 7.69015 8.12073 8.4312 8.70475 8.90241 9.11195 9.30477 9.4374 9.37681 8.39658 8.47337 8.64571 9.19696 9.15359 9.02806 8.1728 5.3006 4.30688 2.85655 0.977561 0.191532 0.58072 2.11592 2.04482 1.02411 -0.113116 -1.6837 -2.68504 -4.23819 -7.21876 -6.95379 -5.61587 -4.62115 -3.03761 -0.615712 1.08099 1.83618 2.11925 2.71457 3.02197 2.3347 1.67895 1.40181 0.891221 0.816866 0.818122 1.4158 1.88198 2.92035 3.26843 3.42452 3.50385 3.54514 3.57405 3.602 3.60889 3.58435 3.58041 3.56684 3.48864 2.0718 -1.46449 -4.13149 -9999 -9999 -9999 -9999
-9999 -9999 -9999 6.23488 6.72413 6.85115 7.07463 7.53363 8.063 8.81542 8.91047 9.32268 9.31809 8.47269 7.4968 8.34092 8.67392 9.01905 9.02556 8.91193 6.49907 5.23484 4.23897 2.43725 3.08409 3.69793 3.74233 3.3681 1.18242 -0.994402 -3.5035 -5.84844 -5.96327 -7.22703 -6.56369 -5.68088 -3.41004 -1.81297 -1.16732 -0.704634 1.75718 2.39574 2.61303 3.24092 2.37719 2.15549 1.50584 1.69539 1.63626 1.63761 -0.15628 1.63946 1.74348 2.91217 3.43584 3.55159 3.58159 3.61333 3.61549 3.61835 3.6085 3.61537 3.59304 3.56792 2.64501 -1.83797 -4.09368 -9999 -9999 -9999 -9999
-9999 -9999 -9999 -9999 -9999 6.39157 6.76482 7.00373 7.41803 8.69134 9.03257 9.25847 9.27565 8.89752 7.93119 7.67429 7.8472 6.90373 7.68636 8.75857 8.72835 8.59465 6.47262 5.38661 6.43359 6.11212 4.51689 3.26099 2.02146 -0.526665 -2.39216 -5.07925 -7.09787 -7.17684 -4.95537 -3.11129 -0.813408 0.198679 -0.382497 0.240097 1.46175 2.84947 3.51891 3.35727 2.44701 2.31627 1.31612 2.2938 2.37532 1.91721 1.52106 1.67647 2.25351 2.47223 3.38592 3.60519 3.64096 3.64516 3.64562 3.6378 3.62811 3.61219 3.59733 3.57897 3.5319 -1.07611 -4.66438 -9999 -9999 -9999 -9999
-9999 -9999 -9999 -9999 -9999 5.51173 5.73871 6.33717 7.87566 8.68148 9.00538 8.99243 9.14077 8.87334 8.02295 7.14975 6.32582 5.26432 5.866 7.46343 8.4039 8.50807 6.64765 7.61228 7.24791 6.53218 4.44668 2.90916 2.09297 -0.353428 -2.44781 -4.23644 -6.70519 -5.65355 -4.49513 -3.00637 -0.49932 1.19128 1.88392 1.29671 2.07643 3.67385 3.67983 2.80163 2.85581 2.31896 0.953259 2.3699 2.76693 2.44286 2.52425 2.40268 2.61608 3.00661 3.37999 3.62729 3.65818 3.6587 3.64714 3.64277 3.63925 3.61672 3.61291 3.59456 3.56548 0.589114 -4.72767 -9999 -9999 -9999 -9999
-9999 -9999 -9999 -9999 -9999 -9999 4.71052 6.0774 8.11999 8.62673 8.57872 8.9987 9.03282 8.62363 8.26773 7.20845 5.76216 2.98714 3.68987 5.16013 7.28178 8.39547 8.24196 7.61876 6.5372 3.92362 1.6361 1.35635 0.979995 -0.806001 -2.4193 -4.40759 -3.26015 -2.00307 -0.62759 0.0935143 -0.0979073 1.35022 2.5303 2.02474 2.982 4.09933 3.58847 3.2853 3.03055 2.41073 2.3711 2.43319 3.23688 2.67725 3.01791 3.02502 3.00355 3.19233 3.40986 3.63833 3.67326 3.6705 3.67075 3.63993 3.64499 3.62697 3.60883 3.59156 3.56589 3.29147 0.423959 -1.29089 -9999 -9999 -9999
-9999 -9999 -9999 -9999 -9999 -9999 3.45264 4.13373 6.55292 7.29971 8.36729 8.93299 8.95678 8.26769 7.88255 6.30562 5.79178 3.2247 2.06075 3.04275 2.66272 5.58561 8.17193 7.60664 2.3783 0.483237 -0.869041 -0.524412 -0.523326 -1.0221 -3.76752 -4.52669 -2.07256 -0.528523 0.666995 1.57304 1.75924 1.72462 3.57241 3.8151 4.41345 4.27981 4.33276 3.39566 2.81488 3.31637 2.73142 2.62971 3.46008 2.63821 3.37778 3.28876 3.06401 3.05013 3.53619 3.63243 3.68156 3.68136 3.65857 3.63009 3.61152 3.62275 3.61051 3.57836 3.57452 3.54261 3.19455 1.70907 1.18648 1.75456 -9999
-9999 -9999 -9999 -9999 -9999 -9999 -9999 1.88061 5.24304 6.77907 7.58459 8.7193 8.85394 8.48738 7.8222 6.21583 4.80283 2.50776 -0.112749 -1.502 2.64479 6.25377 8.13634 7.88697 3.53458 1.81562 1.73395 2.74304 1.88766 1.2383 -0.8483 -1.4742 -2.34328 -1.81253 -0.144481 1.21696 2.5299 3.48362 3.55851 4.17653 4.52998 4.55636 4.66536 4.55291 4.46082 3.55547 4.17621 3.64555 3.92408 3.74152 3.57655 3.43482 2.91667 3.27886 3.59917 3.67959 3.70189 3.67875 3.67041 3.65277 3.61837 3.59949 3.59265 3.58469 3.5631 3.55771 3.53395 3.36274 2.46705 1.26984 -0.241206
-9999 -9999 -9999 -9999 -9999 -9999 -9999 0.204198 3.55004 5.1622 7.23643 8.30382 8.73557 8.67507 8.13543 6.91409 5.07754 3.5472 0.622247 -2.41455 1.93808 5.81566 7.9071 8.01597 4.35881 5.37036 4.54925 4.87772 3.37598 2.75079 2.25705 1.17761 -0.00272498 -1.29319 -1.97754 1.08284 2.65259 3.91524 4.50893 4.84326 5.00876 4.91585 4.68207 3.31877 4.35364 4.29447 4.18882 4.06812 4.00863 3.89909 3.77043 3.69416 3.66518 3.32008 3.70602 3.69337 3.6949 3.69288 3.67876 3.65535 3.63426 3.60907 3.60428 3.58516 3.56688 3.55266 3.54032 3.52408 3.46995 3.22828 1.20086
-9999 -9999 -9999 -9999 -9999 -9999 -9999 -4.49556 0.372627 4.28787 6.32934 7.99156 8.44546 8.61287 7.89006 7.34863 6.03126 4.78375 2.86103 -0.0172819 -1.79035 1.46823 6.20627 7.95143 7.81362 7.70229 6.7532 5.89765 5.78773 5.84963 4.85506 3.40628 1.51162 0.918717 0.252093 2.53058 2.83646 2.66611 5.17195 5.17438 5.02862 4.06559 2.98872 3.19022 2.52124 3.0268 2.23107 2.95788 3.58586 3.81892 3.79701 3.71166 3.69961 3.65867 3.72209 3.71721 3.70249 3.69021 3.68166 3.6681 3.63467 3.61375 3.61985 3.59449 3.575 3.55377 3.5444 3.53381 3.49245 3.45445 3.13847
-9999 -9999 -9999 -9999 -9999 -9999 -9999 -4.28036 -0.184335 3.28746 5.37039 7.37081 7.83242 8.50517 8.35584 7.78892 6.64341 5.21321 3.63028 1.16054 -0.675575 1.50295 4.64806 6.89964 7.70614 7.69505 7.63868 7.42229 7.33352 7.08163 6.90256 5.8613 4.07216 3.05897 1.5778 4.11746 4.39903 3.99742 5.26319 5.19604 3.27312 1.79406 1.60722 2.5057 1.6467 1.49181 0.954304 1.55423 3.16649 2.69403 2.78433 3.51458 3.63192 3.70497 3.72203 3.71308 3.70565 3.68922 3.68705 3.68476 3.65187 3.63431 3.6234 3.59111 3.58008 3.55614 3.53469 3.51441 3.48988 3.45488 3.36147
-9999 -9999 -9999 -9999 -9999 -9999 -9999 -4.19136 -1.43843 1.6855 4.75317 6.88966 7.74945 8.37449 8.36436 7.70596 7.13487 6.23712 4.84412 3.88786 2.22997 -0.0441883 3.76197 4.92807 5.96895 6.4077 7.492 7.46304 6.96256 6.38067 6.91387 6.75364 5.33604 4.86729 4.07837 5.48911 5.48853 5.44544 5.36587 3.74056 1.48298 -0.321986 0.971638 0.697858 1.29129 -0.557178 0.959877 2.17824 2.57154 1.73714 1.11836 3.02039 3.33175 3.51566 3.63207 3.70717 3.6842 3.69972 3.68456 3.67497 3.66477 3.64431 3.63019 3.60932 3.58797 3.56547 3.54615 3.51968 3.48995 3.48319 3.42841
-9999 -9999 -9999 -9999 -9999 -9999 -9999 -9999 -3.05878 0.903627 4.43936 6.40633 7.642 8.24216 8.22771 7.88932 7.50039 6.94242 5.93655 4.67397 2.68071 1.20049 2.13619 3.27884 3.40613 4.16504 6.37013 7.12168 6.05009 3.4056 4.96319 6.69906 6.66695 6.51456 6.34454 6.12567 5.93027 5.50742 4.38134 0.939378 0.261834 -1.09 -0.939578 -1.6343 -0.124646 -0.694441 0.855291 1.5252 1.77614 0.337407 0.639601 2.3223 2.98627 2.87164 3.27758 3.66302 3.67213 3.67958 3.66568 3.67029 3.66955 3.65912 3.63946 3.62258 3.60904 3.57108 3.5668 3.43436 3.34666 3.1736 3.37738
-9999 -9999 -9999 -9999 -9999 -9999 -9999 -9999 -3.84263 0.110123 4.27469 5.60961 6.94207 8.09157 8.11063 7.5954 7.10532 6.60073 6.02685 4.49601 3.01161 1.59446 1.1172 1.39984 1.3762 2.6053 5.47874 6.03291 5.79256 3.03237 2.0947 4.41499 6.36433 6.51423 6.33324 4.03092 4.51672 3.27319 1.58811 1.12203 0.382912 -1.17543 -0.429601 -1.57169 -1.08603 -1.2204 -0.341965 0.0847453 1.12994 -0.124453 -0.120077 1.53198 2.36377 2.38109 3.25418 3.56315 3.64147 3.65852 3.66978 3.67008 3.68043 3.66896 3.65266 3.63215 3.58679 3.48343 3.1703 1.49977 1.4976 1.94977 2.37745
-9999 -9999 -9999 -9999 -9999 -9999 -9999 -9999 -3.38303 -0.641001 3.05396 5.79007 5.95896 7.28744 7.9716 7.41171 6.78179 6.13749 5.85425 4.18843 2.35901 0.88051 -0.868993 -0.583659 0.668269 2.71829 4.57341 4.90287 4.516 3.03693 3.73237 5.31369 6.15159 6.39601 6.19689 5.69256 5.39966 4.48304 4.08389 2.8125 0.826552 0.0425392 0.534215 -1.57371 -1.4295 -0.654032 -1.48491 -0.124797 0.524404 -1.09462 0.187735 1.64874 2.39396 3.04502 3.35134 3.47134 3.65723 3.65877 3.67128 3.67655 3.6704 3.66692 3.63278 3.60385 3.42362 3.15939 1.60505 0.949447 1.07204 1.7846 2.40802
-9999 -9999 -9999 -9999 -9999 -9999 -9999 -9999 -2.91316 -0.444647 2.75875 4.70866 5.05489 6.52856 7.8386 7.68871 7.03351 6.83188 6.15312 4.73989 3.17931 1.47391 0.643554 -1.26208 0.609105 2.08976 3.6603 4.39353 3.17882 2.56529 3.64284 4.71396 5.13964 6.22132 6.20744 5.85019 4.32184 3.57486 3.88581 3.56312 3.00054 1.63261 1.56878 0.689023 0.322863 -0.0231706 -1.14187 -0.434326 -0.366466 -0.176641 1.36225 2.12098 2.62285 3.079 3.1962 3.39258 3.64844 3.66785 3.67372 3.6691 3.67048 3.6479 3.57057 3.50475 3.14582 2.51316 1.33584 -0.575527 0.760957 2.15864 2.57121
-9999 -9999 -9999 -9999 -9999 -9999 -9999 -9999 -3.3322 -0.709699 2.02768 3.17036 3.36176 6.03151 7.66501 7.6647 7.35249 6.98842 5.31606 5.41123 5.0746 3.53589 1.29585 -1.16404 -0.936132 0.525532 2.60089 3.28559 1.27683 0.563661 1.08293 2.70437 4.15538 5.67052 6.05279 5.60383 3.22679 0.70098 1.86762 3.11446 3.10437 2.73448 1.46559 1.06055 0.693598 -0.233056 -1.80189 -1.57542 -1.14389 0.604198 1.15386 2.00487 2.71103 2.44007 2.59313 3.26848 3.65451 3.66575 3.66923 3.67855 3.66606 3.63922 3.48869 3.32943 3.06457 1.42122 0.397786 -1.09329 0.625893 1.57736 2.08107
-9999 -9999 -9999 -9999 -9999 -9999 -9999 -9999 -4.14287 -2.24055 0.375778 1.42838 3.10916 5.63197 6.87122 7.46368 7.44753 7.20388 6.4534 6.0011 5.11262 3.51198 1.32438 -1.10703 -2.6908 -1.88969 0.903849 1.56514 -0.290028 -1.23555 -0.064725 1.66356 4.22406 5.68557 5.88004 5.74421 5.2514 3.40645 1.1781 1.18243 2.29522 1.35829 0.269858 0.863601 0.749954 -0.165159 -0.831694 -1.24132 -0.991547 0.00431456 0.412982 1.39658 2.84989 3.05514 3.01039 3.62026 3.64751 3.65836 3.678 3.67372 3.66448 3.6424 3.51893 3.24688 2.15179 1.19626 -0.131622 -0.299413 1.22643 1.89265 2.51405
-9999 -9999 -9999 -9999 -9999 -9999 -9999 -9999 -5.54011 -3.30143 -0.85069 1.44381 3.61442 5.48214 5.62368 6.60729 6.60302 7.11696 6.96591 6.27003 5.52125 4.14171 1.33223 -1.0306 -3.60722 -2.93139 -0.0832306 0.291116 -0.953615 -3.25089 -0.884841 1.72468 4.08936 5.36795 4.35982 5.38642 5.29853 4.60518 3.27732 1.21451 1.25021 -0.296473 -0.366877 0.422541 0.67658 0.541295 0.0400886 -0.760534 -0.626245 -0.0220466 0.128583 1.03221 2.15887 3.26025 3.4425 3.64982 3.65546 3.65544 3.66916 3.66781 3.64115 3.58094 3.45192 2.53328 1.44143 0.767256 -0.159175 -0.275185 1.48882 2.18703 2.57613
-9999 -9999 -9999 -9999 -9999 -9999 -9999 -9999 -9999 -3.52902 -0.997038 0.875755 1.37791 3.03775 3.93261 4.62437 4.77532 6.75491 6.86117 6.41887 5.73078 4.55372 2.42111 0.934392 -1.53722 -3.31452 -2.58676 -2.24669 -1.59743 -1.79263 -0.739028 1.76855 4.3811 4.66329 2.99847 3.24128 3.58565 4.36149 3.96286 1.15327 -0.275867 -1.46273 -0.62547 0.255485 0.466084 0.505522 0.331509 0.128993 -0.209654 0.969764 1.84157 2.04104 2.80076 3.36076 3.51296 3.62678 3.63784 3.64913 3.64588 3.60953 3.58213 3.43705 3.11643 2.08925 -0.375674 -0.264803 -0.535108 -1.30481 0.419236 1.50175 2.47464
-9999 -9999 -9999 -9999 -9999 -9999 -9999 -9999 -9999 -4.37076 -1.4407 -0.824027 -0.872936 -1.84689 -1.40287 2.19386 2.91565 4.81398 6.61131 6.47604 5.80087 4.69935 3.42801 1.46135 -1.31803 -3.52701 -4.45516 -2.08497 0.243864 0.72246 1.46398 2.99946 3.28882 1.58759 -0.00802981 0.88284 1.41808 3.46669 3.83772 3.43534 1.74097 -0.195832 -1.20862 -0.0210739 0.134468 0.202291 0.212799 0.171839 0.119965 1.45209 2.18653 2.69494 2.97018 3.45055 3.57096 3.60722 3.64113 3.62897 3.60056 3.5206 3.43008 3.04376 2.57678 0.896646 -0.504852 -1.3804 -2.49074 -0.00204771 0.730478 1.74882 2.40403
