Test_Spring_2018b/12_17/Temp/20171209_004.txt
ncols	170
nrows	115
xllcorner	350000.000000
yllcorner	4445000.000000
cellsize	1000.000000
nodata_value	-9999.000000
[rows 32 to 63 of 115, columns 71 to 141 of 170]
9.40979 9.36697 8.95297 9.54739 10.0932 9.72635 9.48268 10.3879 10.3706 10.0372 9.27732 8.98779 8.68829 8.4983 7.5288 4.83907 2.41277 3.68745 3.70169 2.79257 4.37743 3.51557 1.29325 -1.83728 -0.160239 -0.616672 -2.83199 -3.38817 -9999 -9999 -9999 -9999 -9999 -9999 -9999 -9999 -9999 -9999 -9999 -9999 -9999 -9999 -9999 -9999 -9999 -9999 -9999 -9999 -9999 -9999 -9999 -9999 -9999 -9999 -9999 -9999 -9999 -9999 -9999 -9999 -9999 -9999 -9999 -9999 -9999 -9999 -9999 -9999 -9999 -9999 -9999
9.05377 8.82867 8.64069 9.53287 9.49597 9.421 9.72867 10.2831 10.3805 10.2401 9.8991 9.6017 9.28653 8.51287 7.40627 5.10195 2.34254 1.70399 3.03002 3.07816 3.27774 2.49084 1.50663 -0.0239753 1.20051 1.66634 0.206462 -1.70404 -2.93945 -9999 -9999 -9999 -9999 -9999 -9999 -9999 -9999 -9999 -9999 -9999 -9999 -9999 -9999 -9999 -9999 -9999 -9999 -9999 -9999 -9999 -9999 -9999 -9999 -9999 -9999 -9999 -9999 -9999 -9999 -9999 -9999 -9999 -9999 -9999 -9999 -9999 -9999 -9999 -9999 -9999 -9999
8.51995 8.18804 7.28773 7.81837 8.21236 8.95801 9.13088 9.228 10.2963 10.2217 10.1544 9.67409 9.28663 8.65578 7.59016 6.08016 4.26555 1.11833 3.03246 4.52785 4.47299 4.37414 3.67984 2.20873 3.41028 3.45157 1.5924 -0.530424 -1.78718 -2.31593 -9999 -9999 -9999 -9999 -9999 -9999 -9999 -9999 -9999 -9999 -9999 -9999 -9999 -9999 -9999 -9999 -9999 -9999 -9999 -9999 -9999 -9999 -9999 -9999 -9999 -9999 -9999 -9999 -9999 -9999 -9999 -9999 -9999 -9999 -9999 -9999 -9999 -9999 -9999 -9999 -9999
7.78105 7.4608 6.36503 6.89903 7.61754 8.64023 9.15669 9.54429 9.8518 10.1658 10.1098 9.61855 8.20075 7.98395 7.90667 6.91332 4.8469 2.78325 2.23656 4.52634 5.1702 5.01963 5.51856 4.26995 4.8366 4.58189 3.91357 1.87621 0.011161 -0.769696 -2.29799 -9999 -9999 -9999 -9999 -9999 -9999 -9999 -9999 -9999 -9999 -9999 -9999 -9999 -9999 -9999 -9999 -9999 -9999 -9999 -9999 -9999 -9999 -9999 -9999 -9999 -9999 -9999 -9999 -9999 -9999 -9999 -9999 -9999 -9999 -9999 -9999 -9999 -9999 -9999 -9999
-9999 -9999 -9999 5.66067 6.6465 7.45523 8.45378 9.3081 9.7305 10.1404 10.0891 9.12413 8.64356 8.58631 7.92965 6.78546 6.06124 4.75585 3.39657 3.8933 5.84366 4.95283 6.33004 6.19619 6.43629 5.48907 3.71333 1.34804 -0.0415786 -0.741718 -1.98301 -9999 -9999 -9999 -9999 -9999 -9999 -9999 -9999 -9999 -9999 -9999 -9999 -9999 -9999 -9999 -9999 -9999 -9999 -9999 -9999 -9999 -9999 -9999 -9999 -9999 -9999 -9999 -9999 -9999 -9999 -9999 -9999 -9999 -9999 -9999 -9999 -9999 -9999 -9999 -9999
-9999 -9999 -9999 -9999 6.4541 7.06544 8.40632 9.08607 9.35424 10.0258 10.0104 9.6344 9.34645 8.93621 8.40554 7.54149 6.58998 5.36128 5.23276 6.47448 6.47388 6.19502 6.38557 7.01594 6.82968 5.37607 2.87438 1.5442 -1.13569 -2.29514 -2.19301 -3.01932 -9999 -9999 -9999 -9999 -9999 -9999 -9999 -9999 -9999 -9999 -9999 -9999 -0.105886 -9999 -9999 -9999 -9999 -9999 -9999 -9999 -9999 -9999 -9999 -9999 -9999 -9999 -9999 -9999 -9999 -9999 -9999 -9999 -9999 -5.28792 -9999 -9999 -9999 -9999 -9999
-9999 -9999 -9999 6.33974 7.16622 7.80928 8.64337 8.70889 9.19412 9.96879 9.96343 9.69185 9.38719 8.72325 8.54621 8.0472 7.01553 6.79145 7.18665 7.36001 7.55877 7.6751 7.5519 7.27433 6.92027 5.9793 4.81007 4.02036 1.5703 0.322138 -0.873931 -2.67657 -4.09012 -9999 -9999 -9999 -9999 -9999 -9999 -9999 -0.990561 -1.07145 -1.05398 -0.675972 0.39255 -0.257233 -9999 -9999 -9999 -9999 -9999 -9999 -9999 -9999 -9999 -9999 -9999 -9999 -9999 -9999 -9999 -9999 -9999 -9999 -9999 -4.32083 -5.74471 -9999 -9999 -9999 -9999
-9999 -9999 -9999 6.55653 7.43168 7.86017 8.66986 9.12578 9.41468 9.67217 9.91751 9.85658 9.52117 9.01975 9.00618 8.32173 7.94513 7.67163 8.21195 8.30587 8.06661 7.77072 7.50735 6.79132 6.69476 6.45517 5.70768 4.49033 3.23636 1.43926 -1.00235 -3.39719 -5.33185 -9999 -9999 -9999 -9999 -9999 -9999 -0.78237 0.102086 0.626258 -0.533353 0.431022 1.31147 1.15489 0.278054 -9999 -9999 -9999 -9999 -9999 -9999 -9999 -9999 -9999 -9999 -9999 -9999 -9999 -9999 2.40691 0.947777 -1.98351 -3.49383 -4.4064 -5.70256 -9999 -9999 -9999 -9999
-9999 -9999 -9999 6.37014 7.40698 8.1039 8.72056 8.80488 9.4341 9.70021 9.82413 9.79061 9.71057 9.60446 9.00483 8.73748 7.83994 8.66654 8.61843 8.38909 7.52869 7.14691 5.68134 5.02785 4.87352 6.07812 5.16208 3.26557 0.898422 -1.94172 -2.13539 -3.08544 -4.81617 -9999 -9999 -9999 -9999 -9999 -9999 -0.512309 0.434624 1.22279 1.32538 0.172888 1.7482 1.67727 0.774516 0.559124 1.2744 1.63015 1.34522 2.20475 2.44486 2.03709 2.45255 -9999 -9999 -9999 -9999 2.62927 2.67154 2.69952 2.08215 -1.11876 -3.31002 -5.27946 -5.47264 -9999 -9999 -9999 -9999
-9999 -9999 -9999 7.0902 7.72219 8.03347 8.06978 8.62147 9.16901 9.50164 9.74051 9.67215 9.63441 9.59542 9.37923 8.89932 8.96615 8.91231 8.62583 7.00217 5.1099 5.91232 4.78214 2.38226 4.3089 5.35882 4.32306 2.02825 -0.630404 -1.50927 -1.48321 -2.79866 -4.48514 -9999 -9999 -9999 -3.10258 -1.74087 -1.63617 -1.24514 0.0227578 0.983986 1.70357 2.19031 2.16368 1.62294 0.739709 -0.219122 0.104256 1.79111 2.19192 2.534 2.78335 2.40365 2.57832 3.0173 3.23637 3.26796 3.14481 3.10412 3.12502 3.05452 2.47721 -0.386917 -2.03348 -3.08985 -5.20167 -9999 -9999 -9999 -9999
-9999 -9999 -9999 6.67542 7.22292 7.66304 8.40223 8.4655 8.9285 9.19348 9.59993 9.63061 9.11795 9.51055 9.44074 9.3474 9.16833 8.91386 7.54056 5.65408 3.76321 2.88207 3.23593 1.78644 2.51178 3.57599 3.16782 1.75779 -0.612246 -0.958737 -1.52004 -3.71866 -5.83961 -9999 -9999 -5.76624 -3.13971 -1.29481 -0.350493 -0.0683092 -0.054599 1.16023 1.24247 2.55203 2.23103 0.468198 0.651627 -0.0439055 0.383934 0.994434 1.15175 2.03776 2.88861 3.0365 3.02487 3.29862 3.34215 3.34132 3.31752 3.10492 3.17837 3.17583 2.8097 0.729338 -0.293425 -1.41559 -5.18306 -9999 -9999 -9999 -9999
-9999 -9999 -9999 6.95481 7.56883 8.24265 8.33751 8.83202 8.76016 8.5949 9.29132 9.53517 9.16808 8.89908 9.34618 9.29714 9.21883 9.10088 7.8094 6.31765 4.06774 2.66411 1.80007 1.18232 0.368501 0.908295 0.724732 0.48345 0.730378 0.068764 -1.23712 -2.53246 -4.94132 -6.25321 -9999 -5.63184 -4.45531 -2.25838 -0.393521 0.784893 0.340735 1.7241 1.96914 2.76369 2.27679 1.20168 0.732157 0.678272 0.525433 1.45362 2.07289 2.5088 2.79301 3.15214 3.23127 3.31051 3.33413 3.33946 3.34493 3.32364 3.29973 3.24151 3.09363 2.12822 1.10989 -1.07725 -5.06773 -9999 -9999 -9999 -9999
-9999 -9999 5.12362 6.87365 7.91473 8.30737 8.58582 8.82903 9.00013 9.17829 9.34425 9.45471 9.38288 8.43909 8.49756 8.64707 9.15619 9.10217 8.97071 8.14795 5.41376 4.45878 3.07313 1.28072 0.526231 0.883865 2.32763 2.24873 1.26959 0.179795 -1.32119 -2.28185 -3.76658 -6.60141 -6.36367 -5.10896 -4.17943 -2.69156 -0.40872 1.18716 1.89108 2.14796 2.70143 2.98224 2.32044 1.69045 1.4177 0.923574 0.842748 0.833329 1.3889 1.8214 2.79466 3.11208 3.24991 3.31164 3.33727 3.35129 3.36467 3.35847 3.32294 3.30741 3.28318 3.19905 1.84553 -1.51887 -4.06172 -9999 -9999 -9999 -9999
-9999 -9999 -9999 6.53854 6.98711 7.09191 7.28777 7.70658 8.1919 8.88467 8.95902 9.33417 9.31381 8.49818 7.55883 8.34504 8.64731 8.96157 8.95533 8.83562 6.53628 5.32642 4.3711 2.65205 3.25578 3.82649 3.85734 3.49125 1.40798 -0.6671 -3.05757 -5.29242 -5.41372 -6.62385 -6.00626 -5.18306 -3.0441 -1.54352 -0.94438 -0.518216 1.80329 2.39721 2.59234 3.17693 2.34797 2.12946 1.50376 1.6734 1.60713 1.59792 -0.113234 1.57944 1.66612 2.76153 3.2458 3.34409 3.3589 3.37547 3.36428 3.35415 3.33247 3.32712 3.2952 3.25933 2.37365 -1.88629 -4.03899 -9999 -9999 -9999 -9999
-9999 -9999 -9999 -9999 -9999 6.64433 6.98204 7.19211 7.56823 8.75476 9.06233 9.2608 9.26173 8.88836 7.95788 7.70049 7.85102 6.94391 7.67355 8.67734 8.63696 8.49875 6.4761 5.43714 6.41859 6.10288 4.57972 3.37802 2.19164 -0.235315 -2.0157 -4.57481 -6.5006 -6.58815 -4.49547 -2.75969 -0.595204 0.35081 -0.212964 0.364711 1.51083 2.81478 3.43839 3.27467 2.40166 2.26941 1.31159 2.22834 2.29549 1.85088 1.46468 1.60255 2.13765 2.33269 3.18607 3.38094 3.40269 3.39308 3.38018 3.35985 3.33824 3.31105 3.2854 3.2568 3.20125 -1.17721 -4.59277 -9999 -9999 -9999 -9999
-9999 -9999 -9999 -9999 -9999 5.79855 5.99756 6.54837 7.98996 8.7334 9.02451 8.99652 9.12173 8.85326 8.03274 7.19113 6.39681 5.37777 5.93563 7.43771 8.31743 8.40473 6.63009 7.53485 7.17861 6.48926 4.50146 3.03289 2.24782 -0.0826732 -2.07996 -3.78745 -6.13988 -5.15579 -4.07074 -2.67276 -0.309479 1.27961 1.92318 1.35414 2.08126 3.58397 3.57871 2.73579 2.77693 2.25976 0.955487 2.28836 2.65462 2.33713 2.40363 2.27899 2.46949 2.82744 3.16874 3.39021 3.40634 3.39382 3.36949 3.35236 3.33643 3.30298 3.2877 3.25901 3.22044 0.388467 -4.66537 -9999 -9999 -9999 -9999
-9999 -9999 -9999 -9999 -9999 -9999 5.0113 6.29044 8.20982 8.66982 8.60841 8.99079 9.00774 8.60492 8.2531 7.23514 5.85092 3.20774 3.86137 5.2429 7.24219 8.28636 8.1296 7.52933 6.49332 4.00511 1.82585 1.54946 1.18129 -0.523221 -2.0645 -3.96122 -2.88605 -1.70723 -0.416436 0.253934 0.0592584 1.4186 2.52416 2.03249 2.92785 3.97546 3.48028 3.18235 2.93064 2.33478 2.2874 2.33636 3.08808 2.54734 2.85962 2.85697 2.82492 2.99171 3.18536 3.38906 3.40905 3.39319 3.38016 3.33791 3.33007 3.30079 3.27182 3.24403 3.20855 2.93749 0.205143 -1.43174 -9999 -9999 -9999
-9999 -9999 -9999 -9999 -9999 -9999 3.80752 4.43669 6.71311 7.40063 8.39669 8.91725 8.92447 8.2564 7.877 6.36824 5.86785 3.42178 2.30601 3.22471 2.85275 5.61171 8.05182 7.50642 2.53985 0.73265 -0.560192 -0.244793 -0.255216 -0.739654 -3.35401 -4.08571 -1.77199 -0.32117 0.799076 1.64476 1.80805 1.76199 3.50024 3.71817 4.27331 4.13513 4.17428 3.2754 2.71456 3.18146 2.61712 2.51075 3.2877 2.49837 3.18876 3.09503 2.87035 2.84512 3.29338 3.37181 3.40535 3.39194 3.35711 3.31688 3.28691 3.28526 3.26174 3.21969 3.20474 3.16338 2.81894 1.39937 0.892522 1.4195 -9999
-9999 -9999 -9999 -9999 -9999 -9999 -9999 2.28985 5.46045 6.89604 7.64383 8.70384 8.81623 8.45359 7.80885 6.27245 4.91979 2.73151 0.235209 -1.09389 2.82478 6.23395 8.00691 7.76092 3.62451 1.98414 1.89555 2.84069 2.01843 1.39122 -0.598711 -1.2041 -2.04025 -1.54984 0.0183198 1.29577 2.52705 3.41783 3.47569 4.04851 4.37278 4.3862 4.47837 4.361 4.26322 3.39656 3.97487 3.4618 3.7156 3.53215 3.36513 3.22147 2.71872 3.05001 3.34125 3.40478 3.41286 3.37785 3.35675 3.32683 3.28109 3.25192 3.23338 3.21408 3.18213 3.16572 3.12842 2.95444 2.09385 0.947537 -0.49617
-9999 -9999 -9999 -9999 -9999 -9999 -9999 0.689842 3.8449 5.35263 7.30312 8.29816 8.693 8.62109 8.0954 6.92397 5.16985 3.70639 0.921449 -1.96916 2.14359 5.80783 7.77865 7.87041 4.39456 5.34216 4.55258 4.85251 3.41751 2.81317 2.33297 1.29768 0.166523 -1.06929 -1.7306 1.15713 2.6319 3.81557 4.36523 4.66921 4.81337 4.7134 4.48328 3.18015 4.15038 4.08564 3.97526 3.85059 3.78384 3.66949 3.53679 3.45521 3.41613 3.07705 3.43105 3.40574 3.39438 3.37947 3.35298 3.31763 3.2845 3.24758 3.23078 3.20304 3.17403 3.14905 3.12227 3.09502 3.03196 2.79125 0.857998
-9999 -9999 -9999 -9999 -9999 -9999 -9999 -3.77568 0.822548 4.51134 6.43116 7.99228 8.40775 8.55197 7.85273 7.32579 6.06377 4.86835 3.03328 0.292784 -1.39985 1.67566 6.15482 7.79822 7.65809 7.54122 6.6302 5.80774 5.69189 5.73872 4.78374 3.39827 1.59008 1.01581 0.371144 2.51784 2.79474 2.62023 4.9824 4.97184 4.82103 3.89579 2.86372 3.04298 2.4024 2.87281 2.10811 2.78654 3.37122 3.58145 3.54981 3.45963 3.43732 3.38649 3.43331 3.4162 3.38952 3.36497 3.34384 3.31788 3.27309 3.24022 3.23307 3.1972 3.16627 3.13822 3.1139 3.09184 3.04073 2.99292 2.68172
-9999 -9999 -9999 -9999 -9999 -9999 -9999 -3.58427 0.27688 3.55245 5.51237 7.39364 7.81655 8.43987 8.28428 7.73321 6.63407 5.26544 3.75236 1.399 -0.35354 1.69935 4.66706 6.78941 7.54436 7.52314 7.45814 7.24138 7.1452 6.89459 6.71255 5.71346 4.00571 3.03277 1.6161 4.01043 4.26437 3.87076 5.05761 4.98118 3.14592 1.73159 1.54232 2.38306 1.55731 1.40146 0.886461 1.4444 2.96182 2.50383 2.57844 3.26142 3.36091 3.4169 3.42088 3.39996 3.38027 3.35186 3.33685 3.32164 3.27741 3.24774 3.22445 3.18103 3.15913 3.12407 3.08757 3.06096 3.02565 2.98051 2.88012
-9999 -9999 -9999 -9999 -9999 -9999 -9999 -3.51087 -0.922574 2.02344 4.91696 6.92734 7.72782 8.30602 8.28245 7.6447 7.09003 6.22602 4.89287 3.97393 2.39017 0.222457 3.81805 4.90973 5.88676 6.29045 7.30658 7.26746 6.78134 6.21813 6.71151 6.54803 5.19196 4.73511 3.97464 5.29901 5.2856 5.23189 5.14366 3.5904 1.43798 -0.285261 0.928688 0.6572 1.20921 -0.551929 0.875092 2.01899 2.38091 1.58471 0.987067 2.78072 3.0626 3.22494 3.32308 3.38186 3.34749 3.34944 3.32218 3.30012 3.27743 3.24503 3.21872 3.1861 3.15315 3.1207 3.08591 3.04824 3.00269 2.98424 2.92621
-9999 -9999 -9999 -9999 -9999 -9999 -9999 -9999 -2.46975 1.27188 4.60852 6.45836 7.61524 8.16996 8.14236 7.80799 7.42595 6.88395 5.91764 4.70823 2.80644 1.39109 2.26579 3.33483 3.44602 4.15359 6.23192 6.93247 5.9049 3.38589 4.851 6.48414 6.44137 6.28445 6.11069 5.89083 5.69284 5.27926 4.19917 0.924052 0.269075 -1.02464 -0.894279 -1.56478 -0.144187 -0.693214 0.76445 1.38828 1.61505 0.240277 0.517899 2.10003 2.71783 2.59746 2.97031 3.32737 3.32344 3.31779 3.29177 3.28321 3.26954 3.24669 3.21106 3.18196 3.15614 3.10874 3.08782 2.94953 2.85391 2.67765 2.85883
-9999 -9999 -9999 -9999 -9999 -9999 -9999 -9999 -3.22274 0.50919 4.442 5.69288 6.9416 8.01709 8.02132 7.51934 7.04142 6.54997 5.99305 4.52927 3.10968 1.75398 1.28926 1.54491 1.51093 2.66402 5.37569 5.88905 5.64926 3.02135 2.12048 4.30753 6.14285 6.27248 6.08836 3.89348 4.34125 3.14988 1.54001 1.08563 0.372546 -1.11691 -0.422222 -1.51683 -1.06842 -1.20311 -0.381929 0.0111769 0.990553 -0.209702 -0.214503 1.3383 2.11499 2.11954 2.93508 3.21573 3.27757 3.28114 3.27906 3.26642 3.26322 3.23925 3.2107 3.17821 3.12226 3.01148 2.70354 1.10285 1.08818 1.50435 1.89752
-9999 -9999 -9999 -9999 -9999 -9999 -9999 -9999 -2.79787 -0.213396 3.27441 5.8535 5.99943 7.24464 7.87931 7.33502 6.72454 6.10063 5.81912 4.22732 2.4806 1.06663 -0.604097 -0.34603 0.828282 2.7599 4.50625 4.8065 4.42774 3.01411 3.66113 5.14772 5.92957 6.14879 5.94752 5.4569 5.16663 4.28517 3.89422 2.67657 0.781695 0.0261769 0.479931 -1.5302 -1.40553 -0.682387 -1.47689 -0.199257 0.404582 -1.14149 0.0633363 1.43634 2.1308 2.7359 3.01411 3.11555 3.2793 3.26817 3.26727 3.25939 3.2406 3.22427 3.17887 3.13844 2.95467 2.6914 1.20544 0.568118 0.671559 1.33437 1.91285
-9999 -9999 -9999 -9999 -9999 -9999 -9999 -9999 -2.36332 -0.03801 2.98396 4.81793 5.13202 6.5149 7.74285 7.58718 6.95272 6.74836 6.09191 4.73945 3.24746 1.61832 0.818698 -1.00004 0.761121 2.15289 3.62941 4.31228 3.14919 2.55554 3.5647 4.56767 4.95878 5.9716 5.94593 5.59475 4.13351 3.41288 3.69502 3.37661 2.83088 1.52189 1.44907 0.602986 0.243818 -0.0961682 -1.16344 -0.504508 -0.451871 -0.284925 1.16414 1.87132 2.33497 2.75518 2.85401 3.02778 3.25778 3.26355 3.25636 3.23913 3.2275 3.19312 3.10682 3.03145 2.67831 2.0658 0.937141 -0.890547 0.363355 1.67539 2.04672
-9999 -9999 -9999 -9999 -9999 -9999 -9999 -9999 -2.7714 -0.30007 2.28025 3.34915 3.51652 6.03314 7.56769 7.55381 7.24445 6.88608 5.28781 5.36502 5.03307 3.56185 1.42599 -0.918179 -0.714673 0.66092 2.61386 3.25067 1.33494 0.646795 1.12675 2.65132 4.01428 5.43796 5.78779 5.3497 3.08407 0.67741 1.77063 2.93989 2.91783 2.5548 1.33973 0.943548 0.583543 -0.306888 -1.80291 -1.598 -1.20082 0.445257 0.954165 1.74865 2.40579 2.13668 2.26939 2.89705 3.25038 3.24836 3.23888 3.23487 3.21011 3.17171 3.01606 2.85214 2.58815 1.01764 0.0347795 -1.39584 0.221911 1.11084 1.56916
-9999 -9999 -9999 -9999 -9999 -9999 -9999 -9999 -3.55077 -1.76203 0.703572 1.68713 3.26622 5.64357 6.80446 7.35242 7.32367 7.07942 6.35492 5.91317 5.05811 3.52814 1.44192 -0.875313 -2.38905 -1.64225 0.993902 1.60957 -0.161662 -1.07007 0.0274372 1.65326 4.06784 5.44069 5.61252 5.47124 4.99157 3.23027 1.10558 1.09714 2.13938 1.23886 0.194791 0.745231 0.625244 -0.254343 -0.898257 -1.29326 -1.06975 -0.135634 0.239486 1.1595 2.52468 2.70682 2.65193 3.21743 3.23062 3.22818 3.234 3.21707 3.1954 3.16152 3.03152 2.7607 1.70978 0.791168 -0.480323 -0.652175 0.777664 1.38879 1.96539
-9999 -9999 -9999 -9999 -9999 -9999 -9999 -9999 -4.88622 -2.77867 -0.470022 1.69065 3.73404 5.49047 5.61089 6.5296 6.5121 6.98592 6.82956 6.15691 5.43423 4.11381 1.43811 -0.81415 -3.26898 -2.64096 0.0488318 0.389883 -0.802102 -2.99177 -0.761395 1.6997 3.92867 5.12813 4.16009 5.12061 5.02475 4.35499 3.08381 1.11603 1.13733 -0.341175 -0.420352 0.315501 0.543953 0.403439 -0.0838651 -0.851763 -0.735617 -0.172917 -0.0425055 0.801591 1.85703 2.88845 3.04861 3.23246 3.22509 3.21229 3.21245 3.19829 3.1601 3.09007 2.95481 2.0711 1.02323 0.37126 -0.519785 -0.642651 1.01179 1.65403 2.01013
-9999 -9999 -9999 -9999 -9999 -9999 -9999 -9999 -9999 -3.00564 -0.620011 1.14093 1.60286 3.16223 3.99667 4.63875 4.76836 6.63138 6.71891 6.28661 5.62145 4.49293 2.4588 1.03696 -1.31835 -3.01551 -2.33459 -2.02703 -1.42381 -1.62104 -0.634652 1.72982 4.19372 4.44875 2.85828 3.07589 3.38972 4.11252 3.72209 1.04645 -0.320711 -1.4582 -0.677101 0.145462 0.332678 0.357703 0.180446 -0.0216393 -0.35059 0.754876 1.56874 1.74529 2.45281 2.97099 3.10256 3.19771 3.1954 3.19325 3.17729 3.12992 3.091 2.94051 2.62363 1.63702 -0.712336 -0.620251 -0.88946 -1.63202 -0.0182482 0.991573 1.89994
-9999 -9999 -9999 -9999 -9999 -9999 -9999 -9999 -9999 -3.81487 -1.052 -0.481711 -0.542147 -1.47923 -1.07214 2.32338 2.99405 4.78005 6.47045 6.32919 5.6763 4.6194 3.40165 1.52491 -1.12209 -3.22838 -4.12015 -1.88335 0.309988 0.751425 1.44202 2.8851 3.14699 1.52205 -0.0028462 0.829013 1.32376 3.2529 3.59197 3.19796 1.57937 -0.268994 -1.24149 -0.12838 0.00659628 0.0584651 0.0560398 0.00399785 -0.0525983 1.19977 1.88334 2.35262 2.60084 3.04343 3.14479 3.16633 3.1856 3.16118 3.12131 3.03256 2.93379 2.55462 2.09899 0.493464 -0.847973 -1.69091 -2.75641 -0.410617 0.263217 1.21157 1.81919
