Test_Spring_2018b/12_17/Temp/20171231_003.txt
ncols	170
nrows	115
xllcorner	350000.000000
yllcorner	4445000.000000
cellsize	1000.000000
nodata_value	-9999.000000
[rows 31 to 61 of 115, columns 70 to 139 of 170]
2.67861 3.45996 3.75377 3.22748 3.29176 4.60451 4.9141 4.90732 4.82695 4.71638 4.11648 3.92296 3.45188 2.61364 2.26774 0.767904 -4.10251 -2.71279 -2.16421 -3.5704 -2.77215 -1.47813 -2.58843 -5.90073 -7.32173 -9.61609 -8.86401 -9.5304 -11.3744 -9999 -9999 -9999 -9999 -9999 -9999 -9999 -9999 -9999 -9999 -9999 -9999 -9999 -9999 -9999 -9999 -9999 -9999 -9999 -9999 -9999 -9999 -9999 -9999 -9999 -9999 -9999 -9999 -9999 -9999 -9999 -9999 -9999 -9999 -9999 -9999 -9999 -9999 -9999 -9999 -9999
2.82043 3.18288 3.15977 2.65316 3.46217 4.20829 3.79844 3.52607 4.7574 4.76874 4.36744 3.4095 3.06434 2.70563 2.48918 1.25565 -2.22173 -5.35588 -3.66358 -3.61518 -4.77097 -2.67409 -3.7679 -6.63569 -10.6876 -8.46939 -9.03327 -11.8718 -12.5657 -9999 -9999 -9999 -9999 -9999 -9999 -9999 -9999 -9999 -9999 -9999 -9999 -9999 -9999 -9999 -9999 -9999 -9999 -9999 -9999 -9999 -9999 -9999 -9999 -9999 -9999 -9999 -9999 -9999 -9999 -9999 -9999 -9999 -9999 -9999 -9999 -9999 -9999 -9999 -9999 -9999
1.84026 2.73024 2.46937 2.25744 3.45465 3.44059 3.39508 3.8585 4.63183 4.7927 4.64285 4.23097 3.87542 3.49616 2.51846 1.10612 -1.86861 -5.43714 -6.23994 -4.4807 -4.38802 -4.09775 -5.09382 -6.34698 -8.31249 -6.68468 -6.04603 -7.91502 -10.3595 -11.9248 -9999 -9999 -9999 -9999 -9999 -9999 -9999 -9999 -9999 -9999 -9999 -9999 -9999 -9999 -9999 -9999 -9999 -9999 -9999 -9999 -9999 -9999 -9999 -9999 -9999 -9999 -9999 -9999 -9999 -9999 -9999 -9999 -9999 -9999 -9999 -9999 -9999 -9999 -9999 -9999
0.524572 2.04533 1.64521 0.50429 1.23 1.77785 2.81373 3.10647 3.26709 4.69392 4.62994 4.57496 3.98073 3.50714 2.71563 1.35668 -0.582178 -2.91857 -6.99307 -4.46688 -2.48678 -2.52836 -2.62718 -3.50234 -5.39036 -3.7926 -3.70782 -6.09621 -8.80315 -10.4127 -11.073 -9999 -9999 -9999 -9999 -9999 -9999 -9999 -9999 -9999 -9999 -9999 -9999 -9999 -9999 -9999 -9999 -9999 -9999 -9999 -9999 -9999 -9999 -9999 -9999 -9999 -9999 -9999 -9999 -9999 -9999 -9999 -9999 -9999 -9999 -9999 -9999 -9999 -9999 -9999
-9999 1.09259 0.707766 -0.68795 0.0422816 1.01351 2.39494 3.13311 3.69085 4.12561 4.56843 4.52809 3.91969 2.10234 1.85075 1.78068 0.515533 -2.14935 -4.8108 -5.49397 -2.47797 -1.60839 -1.77474 -1.09383 -2.69178 -1.92213 -2.2235 -3.06223 -5.67156 -8.05785 -9.0471 -11.0114 -9999 -9999 -9999 -9999 -9999 -9999 -9999 -9999 -9999 -9999 -9999 -9999 -9999 -9999 -9999 -9999 -9999 -9999 -9999 -9999 -9999 -9999 -9999 -9999 -9999 -9999 -9999 -9999 -9999 -9999 -9999 -9999 -9999 -9999 -9999 -9999 -9999 -9999
-9999 -9999 -9999 -9999 -1.56156 -0.228379 0.874778 2.22744 3.39416 3.97899 4.54701 4.51301 3.28679 2.69173 2.64817 1.82239 0.360386 -0.55421 -2.22693 -3.97002 -3.29256 -0.719255 -1.85112 -0.0248912 -0.1691 0.174613 -1.02995 -3.29889 -6.35059 -8.1169 -9.00097 -10.5911 -9999 -9999 -9999 -9999 -9999 -9999 -9999 -9999 -9999 -9999 -9999 -9999 -9999 -9999 -9999 -9999 -9999 -9999 -9999 -9999 -9999 -9999 -9999 -9999 -9999 -9999 -9999 -9999 -9999 -9999 -9999 -9999 -9999 -9999 -9999 -9999 -9999 -9999
-9999 -9999 -9999 -9999 -9999 -0.467783 0.377769 2.16202 3.11605 3.50012 4.40964 4.42269 3.9647 3.62085 3.11688 2.45529 1.35846 0.147216 -1.42573 -1.56394 0.0848806 0.113656 -0.220249 0.0582956 0.910699 0.698341 -1.16439 -4.38296 -6.08734 -9.53383 -11.0169 -10.855 -11.9043 -9999 -9999 -9999 -9999 -9999 -9999 -9999 -9999 -9999 -9999 -9999 -9999 -7.76268 -9999 -9999 -9999 -9999 -9999 -9999 -9999 -9999 -9999 -9999 -9999 -9999 -9999 -9999 -9999 -9999 -9999 -9999 -9999 -9999 -13.9941 -9999 -9999 -9999
-9999 -9999 -9999 -9999 -0.653851 0.484315 1.35923 2.48329 2.61868 3.30344 4.34787 4.37426 4.05261 3.68702 2.85212 2.65154 2.03055 0.714483 0.451415 0.995899 1.25113 1.53969 1.72101 1.59027 1.25853 0.827361 -0.354018 -1.84826 -2.8476 -6.01001 -7.59326 -9.12436 -11.4469 -13.2624 -9999 -9999 -9999 -9999 -9999 -9999 -9999 -9.00782 -9.08773 -9.03953 -8.52129 -7.10268 -7.92516 -9999 -9999 -9999 -9999 -9999 -9999 -9999 -9999 -9999 -9999 -9999 -9999 -9999 -9999 -9999 -9999 -9999 -9999 -9999 -12.7228 -14.5543 -9999 -9999
-9999 -9999 -9999 -9999 -0.337179 0.841064 1.43705 2.53019 3.16174 3.60355 3.97402 4.32772 4.28101 3.87537 3.25235 3.26477 2.40163 1.93953 1.61162 2.34499 2.49628 2.21332 1.85683 1.54317 0.639594 0.544293 0.276849 -0.667131 -2.22391 -3.82862 -6.1257 -9.28104 -12.3758 -14.8709 -9999 -9999 -9999 -9999 -9999 -9999 -8.75156 -7.57241 -6.86327 -8.35019 -7.06727 -5.89396 -6.07324 -7.18948 -9999 -9999 -9999 -9999 -9999 -9999 -9999 -9999 -9999 -9999 -9999 -9999 -9999 -9999 -4.04134 -5.91867 -9.71584 -11.6599 -12.8243 -14.4892 -9999 -9999
-9999 -9999 -9999 -9999 -0.57079 0.819316 1.76642 2.60888 2.75683 3.63032 4.02403 4.21979 4.20909 4.13656 4.02898 3.27686 2.95733 1.81542 2.92176 2.88728 2.61659 1.52324 1.05452 -0.827129 -1.64916 -1.80648 -0.204451 -1.36793 -3.81011 -6.86623 -10.5254 -10.7475 -11.9579 -14.187 -9999 -9999 -9999 -9999 -9999 -9999 -8.38833 -7.12779 -6.07444 -5.91534 -7.39319 -5.31373 -5.37892 -6.53171 -6.78826 -5.83123 -5.34319 -5.68653 -4.54094 -4.20416 -4.71222 -4.1465 -9999 -9999 -9999 -9999 -3.79283 -3.71227 -3.65016 -4.42954 -8.57819 -11.4101 -13.9528 -14.1838 -9999 -9999
-9999 -9999 -9999 -9999 0.377599 1.24082 1.68615 1.77292 2.53152 3.29888 3.77892 4.12351 4.06747 4.05009 4.0299 3.77755 3.18038 3.29561 3.25309 2.90708 0.817317 -1.6224 -0.547322 -1.98865 -5.07818 -2.53257 -1.13194 -2.45119 -5.41241 -8.84829 -9.94998 -9.88532 -11.5721 -13.748 -9999 -9999 -9999 -11.8363 -10.0344 -9.87213 -9.33671 -7.65796 -6.37932 -5.41094 -4.7511 -4.75764 -5.43914 -6.56654 -7.79271 -7.34686 -5.12296 -4.57634 -4.10175 -3.75306 -4.22465 -3.97719 -3.38039 -3.07017 -3.0042 -3.1398 -3.16764 -3.11496 -3.18135 -3.90859 -7.61378 -9.73516 -11.0869 -13.8127 -9999 -9999
-9999 -9999 -9999 -9999 -0.156841 0.596677 1.21066 2.2205 2.34272 2.98559 3.38158 3.95485 4.02829 3.39168 3.93429 3.87259 3.77918 3.57322 3.2685 1.50454 -0.928494 -3.36682 -4.48768 -3.98911 -5.84923 -4.87042 -3.45116 -3.94665 -5.75763 -8.81686 -9.2373 -9.92744 -12.7644 -15.5018 -9999 -9999 -15.3237 -11.8718 -9.43985 -8.18274 -7.78947 -7.74659 -6.13746 -6.00554 -4.27313 -4.6647 -6.93995 -6.67643 -7.55348 -6.9715 -6.15669 -5.92753 -4.74508 -3.61051 -3.39377 -3.38489 -3.0036 -2.9223 -2.89859 -2.90459 -3.15655 -3.03526 -3.01292 -3.46466 -6.15198 -7.46004 -8.90177 -13.7829 -9999 -9999
-9999 -9999 -9999 -9999 0.219693 1.06068 1.98008 2.14455 2.83001 2.78126 2.61632 3.56079 3.91905 3.47242 3.15212 3.76431 3.72827 3.6532 3.52595 1.86811 -0.0506714 -2.95771 -4.76032 -5.8513 -6.62665 -7.65764 -6.9224 -7.13009 -7.41277 -7.05861 -7.88454 -9.546 -11.2056 -14.3174 -16 -9999 -15.135 -13.5742 -10.6832 -8.22576 -6.66389 -7.21839 -5.38973 -5.04578 -3.98305 -4.59373 -5.9722 -6.56513 -6.61144 -6.78671 -5.55203 -4.71557 -4.1204 -3.72607 -3.23278 -3.10556 -2.97795 -2.9226 -2.89083 -2.85859 -2.861 -2.86661 -2.91681 -3.08386 -4.31704 -5.62268 -8.44944 -13.6217 -9999 -9999
-9999 -9999 -9999 -2.20783 0.123527 1.52248 2.07625 2.48126 2.84008 3.1043 3.38709 3.64568 3.82471 3.76788 2.56748 2.6726 2.89511 3.58565 3.54122 3.39565 2.34879 -1.19028 -2.4027 -4.18219 -6.48989 -7.44119 -6.94327 -5.02832 -5.09879 -6.34312 -7.73174 -9.64791 -10.8658 -12.7727 -16.4407 -16.1029 -14.4395 -13.2008 -11.2346 -8.23222 -6.12614 -5.18363 -4.82439 -4.07672 -3.68632 -4.52952 -5.3279 -5.65991 -6.28051 -6.36195 -6.3501 -5.60124 -5.01044 -3.71337 -3.27553 -3.07083 -2.96605 -2.90806 -2.86491 -2.82231 -2.80497 -2.82569 -2.82017 -2.8259 -2.91242 -4.65204 -9.01509 -12.3001 -9999 -9999
-9999 -9999 -9999 -9999 -0.303483 0.32361 0.502921 0.801165 1.38996 2.06491 3.0191 3.15404 3.67941 3.6899 2.65947 1.46308 2.51561 2.93594 3.3713 3.38853 3.25808 0.288543 -1.2615 -2.47859 -4.69065 -3.87058 -3.09457 -3.02198 -3.46661 -6.15042 -8.8235 -11.8997 -14.7832 -14.9109 -16.4569 -15.6232 -14.5225 -11.7065 -9.72384 -8.91738 -8.337 -5.28519 -4.48542 -4.2098 -3.42413 -4.48196 -4.74393 -5.53645 -5.29155 -5.35409 -5.34199 -7.54925 -5.3151 -5.17768 -3.7245 -3.06615 -2.91297 -2.86905 -2.82252 -2.81192 -2.79967 -2.8023 -2.78346 -2.8011 -2.82298 -3.95267 -9.4829 -12.2594 -9999 -9999
-9999 -9999 -9999 -9999 -9999 -9999 -0.0689448 0.415009 0.732307 1.26554 2.8639 3.30348 3.59881 3.63436 3.17947 1.99762 1.68888 1.911 0.75312 1.72934 3.06567 3.03959 2.8869 0.2777 -1.04578 0.265166 -0.114711 -2.06857 -3.60264 -5.11641 -8.24795 -10.5285 -13.8344 -16.3152 -16.3994 -13.6412 -11.3486 -8.49936 -7.23996 -7.95025 -7.17248 -5.65442 -3.93054 -3.0942 -3.28476 -4.40033 -4.55002 -5.77588 -4.55675 -4.44535 -5.00108 -5.48035 -5.27393 -4.55158 -4.27248 -3.13459 -2.85533 -2.80077 -2.78833 -2.77991 -2.78095 -2.78348 -2.79453 -2.80268 -2.81469 -2.86184 -8.54672 -12.9704 -9999 -9999
-9999 -9999 -9999 -9999 -9999 -9999 -1.16009 -0.856631 -0.0945545 1.82864 2.84926 3.26768 3.26793 3.46572 3.14772 2.10738 1.03771 0.0274 -1.27637 -0.523691 1.46083 2.63446 2.77566 0.489732 1.70104 1.26742 0.400316 -2.15939 -4.04133 -5.03148 -8.03691 -10.6002 -12.7953 -15.8321 -14.5184 -13.0742 -11.2229 -8.11377 -6.01574 -5.1518 -5.86971 -4.89796 -2.91516 -2.89923 -3.97585 -3.89948 -4.55135 -6.22918 -4.46745 -3.96601 -4.35592 -4.24472 -4.38063 -4.10755 -3.61582 -3.1456 -2.8315 -2.7851 -2.7758 -2.78226 -2.77912 -2.77484 -2.79321 -2.78792 -2.80015 -2.82527 -6.49338 -13.0538 -9999 -9999
-9999 -9999 -9999 -9999 -9999 -9999 -9999 -2.13096 -0.418971 2.12742 2.7784 2.73715 3.27266 3.32934 2.83616 2.40712 1.1071 -0.672388 -4.09441 -3.21692 -1.38974 1.24383 2.63277 2.45667 1.70507 0.384842 -2.8283 -5.6377 -5.96481 -6.41115 -8.60009 -10.5686 -13.0103 -11.5768 -10.009 -8.2962 -7.39376 -7.62072 -5.82223 -4.35565 -4.97291 -3.78192 -2.39283 -3.01606 -3.38213 -3.68787 -4.44247 -4.48122 -4.39396 -3.3898 -4.07082 -3.63898 -3.61571 -3.6327 -3.39011 -3.11228 -2.82121 -2.76966 -2.76488 -2.75647 -2.78624 -2.77121 -2.78422 -2.79689 -2.80805 -2.82923 -3.15762 -6.69052 -8.79922 -9999
-9999 -9999 -9999 -9999 -9999 -9999 -9999 -3.68936 -2.82534 0.186385 1.13401 2.47171 3.18732 3.23125 2.39216 1.92704 -0.0125055 -0.639335 -3.80476 -5.23369 -4.0101 -4.46904 -0.843839 2.36665 1.68653 -4.7599 -7.08505 -8.73855 -8.29399 -8.27386 -8.87168 -12.2396 -13.1618 -10.113 -8.19037 -6.69993 -5.56877 -5.32892 -5.36323 -3.07176 -2.76322 -2.01602 -2.17348 -2.09998 -3.24989 -3.95888 -3.32752 -4.04049 -4.15579 -3.1187 -4.12383 -3.19877 -3.29415 -3.56219 -3.56985 -2.95982 -2.83198 -2.76267 -2.75485 -2.77477 -2.80208 -2.81565 -2.79272 -2.79836 -2.82821 -2.82271 -2.85163 -3.27034 -5.09567 -5.73072
-9999 -9999 -9999 -9999 -9999 -9999 -9999 -9999 -5.61466 -1.43739 0.485631 1.49917 2.91803 3.09896 2.65972 1.84824 -0.127933 -1.866 -4.69495 -7.92625 -9.63077 -4.49401 -0.0208512 2.3195 2.02978 -3.33419 -5.442 -5.52522 -4.25962 -5.29851 -6.08274 -8.63627 -9.39383 -10.453 -9.78289 -7.70763 -6.01438 -4.38147 -3.19394 -3.09392 -2.3234 -1.8759 -1.83567 -1.69303 -1.82375 -1.92885 -3.0366 -2.25933 -2.90498 -2.55007 -2.76494 -2.95796 -3.11827 -3.7488 -3.29136 -2.88598 -2.77746 -2.7421 -2.76189 -2.76389 -2.77779 -2.81268 -2.82459 -2.82383 -2.82409 -2.84085 -2.83729 -2.85534 -3.05627 -4.15267
-9999 -9999 -9999 -9999 -9999 -9999 -9999 -9999 -7.69143 -3.53531 -1.51849 1.06299 2.40068 2.94844 2.88604 2.22995 0.730023 -1.53126 -3.41454 -7.02186 -10.7671 -5.37465 -0.56523 2.0331 2.18187 -2.31891 -1.0519 -2.04965 -1.62588 -3.46424 -4.21904 -4.8036 -6.12204 -7.56609 -9.14635 -9.98125 -6.1868 -4.23631 -2.66674 -1.92523 -1.5052 -1.29445 -1.39973 -1.67692 -3.35398 -2.06613 -2.1279 -2.24869 -2.3877 -2.45072 -2.57537 -2.72352 -2.80268 -2.82839 -3.24507 -2.75963 -2.7667 -2.75537 -2.74895 -2.758 -2.77897 -2.79742 -2.82111 -2.81673 -2.82726 -2.84023 -2.8479 -2.85203 -2.86164 -2.91794
-9999 -9999 -9999 -9999 -9999 -9999 -9999 -9999 -13.5057 -7.46856 -2.60236 -0.0620046 2.00846 2.58336 2.80277 1.92048 1.26134 -0.357765 -1.89101 -4.25904 -7.80807 -9.99029 -5.94796 -0.0791777 2.09865 1.94805 1.82649 0.669961 -0.370471 -0.488952 -0.395015 -1.59875 -3.37282 -5.7002 -6.42158 -7.23295 -4.405 -4.01673 -4.21836 -1.11293 -1.1029 -1.27661 -2.46084 -3.78072 -3.52455 -4.33638 -3.69999 -4.67394 -3.76544 -2.97877 -2.68 -2.69624 -2.78645 -2.79349 -2.83361 -2.74672 -2.74274 -2.75141 -2.75758 -2.75964 -2.76836 -2.80199 -2.82035 -2.80537 -2.82509 -2.84084 -2.85109 -2.85172 -2.85458 -2.89529
-9999 -9999 -9999 -9999 -9999 -9999 -9999 -9999 -13.2423 -8.15439 -3.84526 -1.25337 1.23433 1.81865 2.66278 2.48959 1.79927 0.392991 -1.36564 -3.3132 -6.3568 -8.61668 -5.9132 -2.00897 0.787167 1.80374 1.81311 1.75948 1.50846 1.41579 1.12145 0.9262 -0.345784 -2.5456 -3.78452 -5.60293 -2.45219 -2.09388 -2.58119 -1.00838 -1.08404 -3.45421 -5.27596 -5.50033 -4.37664 -5.43084 -5.61102 -6.25774 -5.5062 -3.50295 -4.08023 -3.9575 -3.03888 -2.88319 -2.78453 -2.75308 -2.75412 -2.75372 -2.76494 -2.75902 -2.75371 -2.78656 -2.80068 -2.80665 -2.83893 -2.83957 -2.8606 -2.87661 -2.88378 -2.90387
-9999 -9999 -9999 -9999 -9999 -9999 -9999 -9999 -13.1427 -9.71035 -5.83192 -2.023 0.63255 1.70892 2.49407 2.49313 1.69 0.994178 -0.10585 -1.81821 -2.99058 -5.02986 -7.83032 -3.11393 -1.65417 -0.347906 0.208148 1.56426 1.54481 0.942895 0.258129 0.932407 0.746237 -0.992174 -1.55842 -2.52134 -0.766155 -0.756577 -0.800542 -0.890478 -2.89187 -5.67532 -7.89955 -6.2935 -6.62476 -5.87652 -8.14984 -6.27047 -4.75474 -4.25827 -5.2695 -6.02345 -3.6563 -3.26329 -3.02545 -2.87126 -2.76843 -2.78722 -2.75889 -2.76894 -2.77252 -2.7772 -2.79478 -2.80457 -2.82263 -2.84106 -2.85466 -2.86796 -2.89126 -2.9263
-9999 -9999 -9999 -9999 -9999 -9999 -9999 -9999 -9999 -11.7239 -6.80732 -2.42119 0.0248707 1.56602 2.32066 2.3147 1.90755 1.4373 0.757683 -0.475769 -2.02648 -4.48011 -6.29902 -5.13085 -3.69941 -3.52195 -2.56932 0.1716 1.11624 -0.192444 -3.434 -1.49607 0.664198 0.638487 0.463398 0.265667 0.0106821 -0.220552 -0.733792 -2.11709 -6.36377 -7.19794 -8.86191 -8.66894 -9.5205 -7.63899 -8.33105 -6.40634 -5.56863 -5.24828 -7.0161 -6.62615 -4.5375 -3.70581 -3.8366 -3.32408 -2.83068 -2.80984 -2.79145 -2.79987 -2.78578 -2.77861 -2.78361 -2.80706 -2.82049 -2.82959 -2.86216 -2.85654 -3.01102 -3.10969
-9999 -9999 -9999 -9999 -9999 -9999 -9999 -9999 -9999 -12.6962 -7.79449 -2.63162 -0.967294 0.693228 2.12683 2.16234 1.53676 0.941748 0.328465 -0.37063 -2.25261 -4.07694 -5.81772 -6.39612 -6.03451 -6.03636 -4.50301 -0.936531 -0.236555 -0.518466 -3.9058 -5.05074 -2.1687 0.254354 0.452478 0.240858 -2.5938 -1.98281 -3.51035 -5.58444 -6.1523 -7.05815 -8.97693 -8.04749 -9.45165 -8.84338 -8.98831 -7.89337 -7.35634 -6.05433 -7.59448 -7.57291 -5.52241 -4.48358 -4.45156 -3.36184 -2.96972 -2.86308 -2.83263 -2.80981 -2.80099 -2.78011 -2.78648 -2.79894 -2.81657 -2.86473 -2.98428 -3.35593 -5.40906 -5.40208
-9999 -9999 -9999 -9999 -9999 -9999 -9999 -9999 -9999 -12.1335 -8.72914 -4.14733 -0.751378 -0.529466 1.12524 1.98287 1.30219 0.534527 -0.251191 -0.590732 -2.63928 -4.88988 -6.70635 -8.85738 -8.49254 -6.93229 -4.36938 -2.06222 -1.64065 -2.10436 -3.90851 -3.03536 -1.06739 -0.0187752 0.29573 0.0613643 -0.550939 -0.902593 -2.02592 -2.51021 -4.07323 -6.51993 -7.48109 -6.8654 -9.46307 -9.27657 -8.3094 -9.31372 -7.62292 -6.81053 -8.80163 -7.20271 -5.38647 -4.45496 -3.63984 -3.25099 -3.09268 -2.8532 -2.84197 -2.81756 -2.80245 -2.80176 -2.79799 -2.8322 -2.85995 -3.07456 -3.39274 -5.30532 -6.09643 -5.9353
-9999 -9999 -9999 -9999 -9999 -9999 -9999 -9999 -9999 -11.5581 -8.49243 -4.51879 -2.0951 -1.65428 0.179711 1.81097 1.63714 0.838344 0.600016 -0.228217 -1.96432 -3.88243 -5.97928 -6.99409 -9.33769 -7.01216 -5.15272 -3.19782 -2.2777 -3.75461 -4.5 -3.15511 -1.81839 -1.27985 0.0691803 0.063468 -0.367231 -2.24613 -3.15971 -2.76605 -3.15607 -3.84295 -5.52553 -5.59613 -6.67527 -7.11936 -7.53831 -8.89762 -8.01352 -7.91986 -7.67662 -5.75935 -4.81149 -4.18107 -3.60718 -3.45236 -3.19984 -2.87402 -2.84076 -2.82452 -2.82151 -2.81132 -2.83091 -2.91822 -2.99127 -3.42652 -4.1999 -5.64628 -7.98905 -6.32742
-9999 -9999 -9999 -9999 -9999 -9999 -9999 -9999 -9999 -12.0814 -8.82591 -5.42882 -4.00339 -3.75427 -0.441966 1.58901 1.60006 1.22531 0.786291 -1.27001 -1.14138 -1.54639 -3.43712 -6.19449 -9.22329 -8.92927 -7.10137 -4.51452 -3.65486 -6.11378 -6.98287 -6.32862 -4.31214 -2.50663 -0.622182 -0.138514 -0.682796 -3.61088 -6.72331 -5.27176 -3.72141 -3.72504 -4.17358 -5.73346 -6.22546 -6.67027 -7.80676 -9.73066 -9.43241 -8.88929 -6.71486 -6.02578 -4.96411 -4.08142 -4.40661 -4.20773 -3.36334 -2.87675 -2.85365 -2.84035 -2.82001 -2.82678 -2.85139 -3.02891 -3.21719 -3.53588 -5.55839 -6.81438 -8.64422 -6.50234
-9999 -9999 -9999 -9999 -9999 -9999 -9999 -9999 -9999 -13.0887 -10.7239 -7.47694 -6.16323 -4.07336 -0.942937 0.600556 1.34427 1.33549 1.04537 0.128724 -0.419307 -1.50639 -3.4736 -6.16616 -9.15982 -11.1054 -10.1027 -6.6196 -5.78962 -8.0588 -9.21555 -7.75635 -5.60826 -2.43169 -0.613918 -0.362708 -0.520123 -1.11917 -3.38996 -6.13497 -6.12035 -4.7357 -5.88488 -7.2214 -6.4785 -6.60995 -7.732 -8.54663 -9.02805 -8.71058 -7.46531 -6.95071 -5.72536 -3.91937 -3.65616 -3.70204 -2.9388 -2.89587 -2.87331 -2.84002 -2.83641 -2.839 -2.8575 -3.00131 -3.32872 -4.67342 -5.84546 -7.47761 -7.67554 -5.76828
-9999 -9999 -9999 -9999 -9999 -9999 -9999 -9999 -9999 -14.8209 -12.0409 -8.99898 -6.15049 -3.45542 -1.13502 -0.948641 0.278476 0.284315 0.930686 0.75503 -0.0940412 -1.00838 -2.70225 -6.16352 -9.07247 -12.2455 -11.3978 -7.85564 -7.36044 -8.88731 -11.7154 -8.77912 -5.54211 -2.60798 -1.01666 -2.25231 -0.973032 -1.07166 -1.91894 -3.55078 -6.09126 -6.03783 -7.94051 -8.01835 -7.03332 -6.71005 -6.86797 -7.47814 -8.45127 -8.26767 -7.50701 -7.31155 -6.18527 -4.78331 -3.41262 -3.17814 -2.91272 -2.89666 -2.88763 -2.86167 -2.85435 -2.8783 -2.94373 -3.09414 -4.22055 -5.56097 -6.38498 -7.52068 -7.65446 -5.45949
