Test_Spring_2018b/12_17/Temp/20171214_002.txt
ncols	170
nrows	115
xllcorner	350000.000000
yllcorner	4445000.000000
cellsize	1000.000000
nodata_value	-9999.000000
[rows 32 to 63 of 115, columns 72 to 143 of 170]
11.2195 10.8965 11.3915 11.8471 11.5703 11.3845 12.1343 12.1327 11.8747 11.2709 11.0483 10.8176 10.6756 9.90132 7.7318 5.77577 6.82108 6.84404 6.11805 7.41454 6.72666 4.93538 2.40749 3.77847 3.41918 1.62812 1.18667 -9999 -9999 -9999 -9999 -9999 -9999 -9999 -9999 -9999 -9999 -9999 -9999 -9999 -9999 -9999 -9999 -9999 -9999 -9999 -9999 -9999 -9999 -9999 -9999 -9999 -9999 -9999 -9999 -9999 -9999 -9999 -9999 -9999 -9999 -9999 -9999 -9999 -9999 -9999 -9999 -9999 -9999 -9999 -9999 -9999
10.7902 10.6506 11.3871 11.3701 11.323 11.5916 12.0568 12.1483 12.0467 11.7824 11.5534 11.3099 10.6945 9.80899 7.952 5.72583 5.21954 6.3064 6.3568 6.52992 5.90293 5.11585 3.88558 4.88962 5.27838 4.09867 2.56044 1.56868 -9999 -9999 -9999 -9999 -9999 -9999 -9999 -9999 -9999 -9999 -9999 -9999 -9999 -9999 -9999 -9999 -9999 -9999 -9999 -9999 -9999 -9999 -9999 -9999 -9999 -9999 -9999 -9999 -9999 -9999 -9999 -9999 -9999 -9999 -9999 -9999 -9999 -9999 -9999 -9999 -9999 -9999 -9999 -9999
10.278 9.56078 10.0041 10.3365 10.9547 11.1176 11.2087 12.0874 12.0393 11.9969 11.6195 11.3173 10.8177 9.96533 8.75251 7.29256 4.75178 6.31562 7.53979 7.50662 7.4377 6.88581 5.70388 6.68939 6.7339 5.22995 3.51988 2.51118 2.09289 -9999 -9999 -9999 -9999 -9999 -9999 -9999 -9999 -9999 -9999 -9999 -9999 -9999 -9999 -9999 -9999 -9999 -9999 -9999 -9999 -9999 -9999 -9999 -9999 -9999 -9999 -9999 -9999 -9999 -9999 -9999 -9999 -9999 -9999 -9999 -9999 -9999 -9999 -9999 -9999 -9999 -9999 -9999
9.69566 8.81995 9.266 9.8617 10.7039 11.1388 11.4728 11.7346 12.0015 11.9682 11.5819 10.4441 10.2802 10.2294 9.43556 7.77139 6.10939 5.67757 7.54601 8.07956 7.96875 8.38462 7.38318 7.85385 7.65835 7.12639 5.47843 3.97769 3.35498 2.12612 -9999 -9999 -9999 -9999 -9999 -9999 -9999 -9999 -9999 -9999 -9999 -9999 -9999 -9999 -9999 -9999 -9999 -9999 -9999 -9999 -9999 -9999 -9999 -9999 -9999 -9999 -9999 -9999 -9999 -9999 -9999 -9999 -9999 -9999 -9999 -9999 -9999 -9999 -9999 -9999 -9999 -9999
-9999 -9999 8.26932 9.0818 9.75303 10.5764 11.289 11.6439 11.9886 11.9591 11.1886 10.8109 10.7763 10.2556 9.33943 8.76377 7.71673 6.62591 7.04024 8.63338 7.92228 9.05047 8.95312 9.15899 8.40189 6.97173 5.05824 3.94306 3.38583 2.38974 -9999 -9999 -9999 -9999 -9999 -9999 -9999 -9999 -9999 -9999 -9999 -9999 -9999 -9999 -9999 -9999 -9999 -9999 -9999 -9999 -9999 -9999 -9999 -9999 -9999 -9999 -9999 -9999 -9999 -9999 -9999 -9999 -9999 -9999 -9999 -9999 -9999 -9999 -9999 -9999 -9999 -9999
-9999 -9999 -9999 8.93362 9.44466 10.5451 11.1167 11.3465 11.9034 11.9031 11.6103 11.3887 11.0679 10.6493 9.96032 9.20033 8.21548 8.12282 9.14135 9.15231 8.93753 9.10337 9.62583 9.48593 8.31731 6.29927 5.23144 3.06396 2.13424 2.22767 1.56818 -9999 -9999 -9999 -9999 -9999 -9999 -9999 -9999 -9999 -9999 -9999 -9999 4.06914 -9999 -9999 -9999 -9999 -9999 -9999 -9999 -9999 -9999 -9999 -9999 -9999 -9999 -9999 -9999 -9999 -9999 -9999 -9999 -9999 0.0633475 -9999 -9999 -9999 -9999 -9999 -9999 -9999
-9999 -9999 8.83563 9.52117 10.0558 10.7453 10.8121 11.2246 11.8652 11.873 11.6648 11.4297 10.9032 10.7714 10.3784 9.55341 9.3833 9.71537 9.86748 10.0401 10.1459 10.0573 9.8434 9.56741 8.81437 7.8771 7.24756 5.26576 4.26511 3.30572 1.85445 0.718781 -9999 -9999 -9999 -9999 -9999 -9999 -9999 3.31907 3.26414 3.2889 3.60597 4.48297 3.96639 -9999 -9999 -9999 -9999 -9999 -9999 -9999 -9999 -9999 -9999 -9999 -9999 -9999 -9999 -9999 -9999 -9999 -9999 -9999 0.860751 -0.28527 -9999 -9999 -9999 -9999 -9999 -9999
-9999 -9999 9.02143 9.74438 10.1051 10.7749 11.1577 11.4116 11.6328 11.8439 11.8066 11.5466 11.1518 11.1526 10.6092 10.3155 10.1053 10.555 10.6427 10.4601 10.2316 10.0293 9.45982 9.39265 9.20842 8.61314 7.63675 6.63061 5.17943 3.20992 1.27839 -0.279878 -9999 -9999 -9999 -9999 -9999 -9999 3.48611 4.21427 4.65017 3.72045 4.51319 5.23779 5.12133 4.41543 -9999 -9999 -9999 -9999 -9999 -9999 -9999 -9999 -9999 -9999 -9999 -9999 -9999 -9999 6.29454 5.1204 2.75206 1.53588 0.804317 -0.238397 -9999 -9999 -9999 -9999 -9999 -9999
-9999 -9999 8.8782 9.73238 10.3109 10.8243 10.9059 11.4352 11.6638 11.7766 11.7615 11.7086 11.6344 11.1599 10.9548 10.2385 10.9205 10.893 10.7185 10.0322 9.73398 8.55671 8.03793 7.923 8.91088 8.17885 6.6516 4.74262 2.45108 2.29942 1.53961 0.146751 -9999 -9999 -9999 -9999 -9999 -9999 3.71412 4.49306 5.14317 5.23719 4.31327 5.60152 5.54974 4.82811 4.664 5.25477 5.55415 5.3327 6.03432 6.24055 5.9215 6.27015 -9999 -9999 -9999 -9999 6.46914 6.51336 6.54553 6.0539 3.46668 1.698 0.109042 -0.04244 -9999 -9999 -9999 -9999 -9999 -9999
-9999 -9999 9.47021 9.99617 10.2621 10.3049 10.7657 11.2286 11.5112 11.7163 11.6731 11.6545 11.6348 11.4713 11.0938 11.1597 11.1276 10.9068 9.60144 8.0782 8.74025 7.8359 5.90061 7.4735 8.33587 7.50669 5.65635 3.51088 2.80976 2.83677 1.78062 0.423277 -9999 -9999 -9999 1.5887 2.70422 2.80031 3.12858 4.16791 4.95847 5.5532 5.95878 5.94577 5.51557 4.80983 4.04289 4.31595 5.69498 6.03124 6.31273 6.52677 6.23084 6.38617 6.75407 6.94346 6.98052 6.89168 6.86925 6.89626 6.84863 6.38952 4.07333 2.74612 1.89734 0.189396 -9999 -9999 -9999 -9999 -9999 -9999
-9999 -9999 9.13854 9.59593 9.96637 10.5825 10.6472 11.0361 11.2687 11.611 11.6481 11.2445 11.5748 11.5301 11.4661 11.3325 11.1377 10.0354 8.5169 6.99475 6.2914 6.58935 5.42488 6.02356 6.89746 6.57817 5.44452 3.53308 3.2627 2.81883 1.04256 -0.666669 -9999 -9999 -0.573969 1.56736 3.07483 3.85193 4.09201 4.1143 5.11059 5.18829 6.26125 6.00991 4.58886 4.74826 4.1949 4.55278 5.06073 5.19963 5.92878 6.62532 6.75743 6.76024 6.99445 7.04175 7.05275 7.04465 6.88291 6.95255 6.95997 6.672 4.99334 4.17203 3.26801 0.219493 -9999 -9999 -9999 -9999 -9999 -9999
-9999 -9999 9.37323 9.88458 10.4446 10.5351 10.9499 10.9085 10.792 11.3694 11.5797 11.2941 11.0879 11.4624 11.4343 11.3825 11.2983 10.2624 9.06395 7.25055 6.12341 5.43361 4.94359 4.29327 4.74178 4.60361 4.4186 4.62949 4.10423 3.05635 2.01634 0.0703979 -0.982535 -9999 -0.456257 0.50921 2.30225 3.82598 4.79297 4.44401 5.57705 5.78684 6.44063 6.05657 5.19337 4.82475 4.79195 4.67905 5.44304 5.95671 6.32107 6.56353 6.86254 6.93925 7.01598 7.0474 7.06361 7.07943 7.07293 7.06364 7.02586 6.91476 6.14013 5.32083 3.55452 0.324759 -9999 -9999 -9999 -9999 -9999 -9999
-9999 7.883 9.31578 10.1735 10.5056 10.7452 10.9563 11.1089 11.2709 11.4212 11.5233 11.4774 10.724 10.7833 10.9163 11.3408 11.3085 11.2132 10.5573 8.35109 7.58761 6.47423 5.03142 4.42987 4.73057 5.91207 5.85868 5.07518 4.20195 2.99579 2.22771 1.03415 -1.25629 -1.05231 -0.0234605 0.741754 1.95982 3.8226 5.12822 5.7104 5.92992 6.3887 6.6273 6.10257 5.60065 5.39028 5.0005 4.94606 4.94973 5.41182 5.77363 6.57505 6.84472 6.9656 7.02838 7.06166 7.08511 7.10749 7.11333 7.09464 7.09145 7.08054 7.01958 5.9294 3.21175 1.15616 -9999 -9999 -9999 -9999 -9999 -9999
-9999 -9999 9.05242 9.42968 9.5284 9.70115 10.0548 10.4625 11.0418 11.1153 11.4326 11.4304 10.7811 10.0312 10.6805 10.9373 11.2036 11.2099 11.124 9.26996 8.29968 7.53574 6.15234 6.65223 7.12566 7.16123 6.87486 5.19587 3.52353 1.59593 -0.205997 -0.293751 -1.26419 -0.753733 -0.0747851 1.67132 2.89975 3.39712 3.75416 5.64823 6.14033 6.31028 6.79545 6.13421 5.96612 5.46954 5.6181 5.57552 5.57941 4.20328 5.58723 5.6697 6.5704 6.97562 7.06569 7.09037 7.11605 7.11864 7.12137 7.11396 7.11902 7.1013 7.08229 6.37202 2.92492 1.18555 -9999 -9999 -9999 -9999 -9999 -9999
-9999 -9999 -9999 -9999 9.17395 9.46184 9.64636 9.9656 10.9453 11.2081 11.3823 11.396 11.1058 10.3639 10.167 10.3006 9.57641 10.1793 11.0044 10.9826 10.8814 9.25174 8.41946 9.22596 8.98044 7.75567 6.79159 5.83993 3.8822 2.44932 0.384402 -1.16679 -1.22704 0.48103 1.89934 3.6662 4.44492 3.99922 4.47917 5.4199 6.48865 7.00557 6.88391 6.18699 6.08895 5.32305 6.07755 6.14321 5.79404 5.49248 5.6156 6.06179 6.23236 6.93692 7.10741 7.13644 7.141 7.14229 7.13683 7.12952 7.11756 7.10579 7.09104 7.05397 3.51071 0.747068 -9999 -9999 -9999 -9999 -9999 -9999
-9999 -9999 -9999 -9999 8.49653 8.672 9.13294 10.3164 10.9368 11.1864 11.177 11.2915 11.0865 10.4334 9.76295 9.13035 8.31528 8.7789 10.0081 10.7324 10.814 9.38543 10.1294 9.85103 9.30245 7.70082 6.52028 5.89406 4.01456 2.40575 1.0315 -0.865676 -0.0568176 0.834091 1.97897 3.90678 5.20705 5.74058 5.29046 5.89152 7.12149 7.12844 6.456 6.5005 6.09036 5.04353 6.13554 6.4438 6.19775 6.26334 6.17362 6.34036 6.64306 6.93234 7.12442 7.14984 7.15154 7.14361 7.1408 7.13845 7.12108 7.1178 7.10305 7.07981 4.79076 0.69848 -9999 -9999 -9999 -9999 -9999 -9999
-9999 -9999 -9999 -9999 -9999 7.8806 8.93225 10.5032 10.8938 10.8576 11.1811 11.2079 10.894 10.6211 9.80751 8.69654 6.56433 7.10559 8.23698 9.86923 10.7267 10.6102 10.1336 9.30392 7.29646 5.53954 5.32585 5.03776 3.66593 2.42695 0.89927 1.78188 2.74869 3.80649 4.3613 4.21475 5.32866 6.23679 5.84952 6.58704 7.44796 7.05763 6.82721 6.63425 6.16035 6.13289 6.18368 6.80458 6.37749 6.64241 6.65162 6.63785 6.78549 6.95499 7.13262 7.16115 7.16035 7.16149 7.13841 7.14258 7.1287 7.11443 7.10055 7.07996 6.86791 4.65841 3.33818 -9999 -9999 -9999 -9999 -9999
-9999 -9999 -9999 -9999 -9999 6.91266 7.43719 9.29773 9.87287 10.6943 11.1299 11.1489 10.6199 10.3245 9.113 8.71883 6.74632 5.85289 6.60892 6.31808 8.56626 10.5558 10.1237 6.10629 4.65112 3.6131 3.87937 3.88143 3.49912 1.38993 0.807122 2.69424 3.88169 4.8012 5.49822 5.64196 5.61612 7.03745 7.22547 7.68709 7.58638 7.62942 6.91168 6.46807 6.85608 6.40941 6.33427 6.97564 6.34696 6.9185 6.8538 6.68374 6.67558 7.05149 7.12745 7.16688 7.16813 7.15153 7.13026 7.11627 7.12492 7.11524 7.08999 7.08624 7.06068 6.7879 5.64406 5.24034 5.67502 -9999 -9999 -9999
-9999 -9999 -9999 -9999 -9999 -9999 5.70423 8.28989 9.47179 10.0919 10.9649 11.0692 10.7877 10.2773 9.04341 7.95808 6.19466 4.18108 3.11504 6.30386 9.07936 10.5278 10.3386 6.99446 5.67462 5.61328 6.39031 5.73403 5.236 3.63329 3.15299 2.48565 2.89427 4.17665 5.2242 6.23414 6.96806 7.0266 7.50287 7.77664 7.79889 7.88497 7.80107 7.73305 7.03955 7.51961 7.11467 7.33179 7.19446 7.07061 6.96536 6.56969 6.85056 7.099 7.16276 7.18186 7.16527 7.15976 7.14685 7.1208 7.10627 7.10082 7.09425 7.07697 7.07192 7.04843 6.91499 6.22459 5.30239 4.13901 -9999 -9999
-9999 -9999 -9999 -9999 -9999 -9999 4.41454 6.9875 8.22798 9.82338 10.6435 10.9766 10.9312 10.5174 9.57947 8.16858 6.99302 4.74541 2.41182 5.75959 8.74211 10.3511 10.4361 7.62741 8.40645 7.77668 8.03051 6.87739 6.39796 6.01974 5.19087 4.28435 3.29234 2.76769 5.12091 6.32832 7.29977 7.75715 8.01537 8.14405 8.07502 7.89787 6.85237 7.65055 7.60737 7.52896 7.43904 7.39621 7.31491 7.21886 7.16385 7.14411 6.88119 7.18001 7.17283 7.17545 7.17507 7.16514 7.14781 7.13203 7.11288 7.1098 7.0939 7.07931 7.06761 7.05289 7.03875 6.99541 6.80788 5.24768 4.31242 4.04626
-9999 -9999 -9999 -9999 -9999 -9999 0.80076 4.54398 7.55292 9.12348 10.4026 10.7527 10.8825 10.3279 9.91266 8.90089 7.94276 6.46556 4.25381 2.89168 5.39892 9.04211 10.3858 10.2825 10.1983 9.47014 8.81381 8.73058 8.77934 8.01619 6.90217 5.44685 4.99295 4.48134 6.23361 6.46958 6.33956 8.26685 8.26996 8.15938 7.4208 6.59596 6.75318 6.24196 6.63273 6.02373 6.58516 7.07064 7.25256 7.23843 7.17634 7.16941 7.14024 7.19215 7.19005 7.18013 7.17185 7.16621 7.15649 7.13128 7.11549 7.12028 7.10153 7.08634 7.06803 7.05558 7.04598 7.01265 6.98186 6.73739 6.3727 5.68221
-9999 -9999 -9999 -9999 -9999 -9999 0.962603 4.11262 6.78269 8.38527 9.92425 10.2803 10.7986 10.6849 10.2501 9.37046 8.27193 7.05596 5.1583 3.74771 5.42319 7.84367 9.57553 10.1981 10.1921 10.1501 9.98506 9.91623 9.72394 9.58785 8.78865 7.41567 6.6378 5.50015 7.45327 7.67064 7.36293 8.33704 8.2867 6.81003 5.67477 5.53305 6.22713 5.56926 5.45218 5.04199 5.50574 6.74768 6.38675 6.45881 7.02367 7.11621 7.1761 7.19102 7.18572 7.18138 7.1699 7.16917 7.16815 7.14343 7.13031 7.12213 7.09735 7.08978 7.07109 7.04917 7.03088 7.01071 6.98242 6.90923 6.83005 6.90286
-9999 -9999 -9999 -9999 -9999 -9999 1.02711 3.14724 5.54992 7.90952 9.55311 10.2153 10.6969 10.6902 10.1851 9.74711 9.0579 7.98797 7.25373 5.98017 4.23293 7.15963 8.05925 8.86204 9.1984 10.0332 10.0123 9.62902 9.18463 9.59578 9.47534 8.38674 8.02746 7.42203 8.50745 8.50802 8.47597 8.41599 7.16795 5.43404 4.04824 5.0445 4.83609 5.29609 3.87699 5.04493 5.98405 6.28899 5.65043 5.17727 6.64275 6.8863 7.02959 7.1208 7.18007 7.16375 7.17683 7.16614 7.15956 7.15234 7.13708 7.12656 7.11069 7.0943 7.07805 7.05768 7.03635 7.01212 7.00563 6.96079 6.94152 6.92363
-9999 -9999 -9999 -9999 -9999 -9999 -9999 1.89755 4.94526 7.6646 9.17803 10.1293 10.5919 10.582 10.323 10.0251 9.59706 8.82468 7.85493 6.3235 5.18647 5.9066 6.78834 6.88906 7.47369 9.17005 9.74912 8.92678 6.8956 8.09615 9.43179 9.40835 9.2924 9.16285 8.99652 8.84741 8.52352 7.65915 5.01469 4.49461 3.4571 3.57453 3.04249 4.20694 3.77063 4.96425 5.48163 5.67698 4.57348 4.8093 6.10753 6.61997 6.53372 6.84745 7.14511 7.15343 7.16032 7.15062 7.15501 7.15514 7.14769 7.13318 7.12051 7.11027 7.08249 7.0733 6.97067 6.9023 6.76822 6.92374 6.93433 6.93608
-9999 -9999 -9999 -9999 -9999 -9999 -9999 1.2938 4.33366 7.53636 8.56391 9.58953 10.4744 10.4903 10.0954 9.71971 9.3328 8.89256 7.71668 6.57649 5.48801 5.12207 5.34034 5.32781 6.27388 8.48398 8.91132 8.72794 6.60989 5.89047 7.6754 9.17512 9.2916 9.15369 7.38511 7.75975 6.80509 5.51108 5.15421 4.58756 3.39132 3.96643 3.09046 3.46588 3.36615 4.04363 4.37393 5.17967 4.21773 4.22452 5.49935 6.1407 6.15581 6.8286 7.06759 7.12912 7.14341 7.1531 7.15423 7.16297 7.15481 7.14284 7.12751 7.09296 7.01371 6.77457 5.48382 5.48144 5.82821 6.15607 6.75671 6.91978
-9999 -9999 -9999 -9999 -9999 -9999 -9999 1.64537 3.75454 6.59622 8.70084 8.83201 9.8545 10.3816 9.95241 9.46927 8.97502 8.75826 7.47869 6.07337 4.93782 3.59399 3.81439 4.77787 6.3598 7.78714 8.04174 7.74572 6.61264 7.14862 8.36553 9.01095 9.20013 9.04834 8.66193 8.43805 7.73476 7.4293 6.45344 4.92839 4.32738 4.70711 3.08868 3.20158 3.79983 3.16474 4.21243 4.71366 3.4713 4.46344 5.58852 6.16326 6.66548 6.90257 6.99628 7.14051 7.1429 7.15359 7.15862 7.15475 7.15283 7.12726 7.10558 6.96751 6.76476 5.5702 5.06125 5.15499 5.70216 6.18073 6.68011 6.88258
-9999 -9999 -9999 -9999 -9999 -9999 -9999 2.00474 3.90364 6.36745 7.8677 8.13518 9.26927 10.2775 10.1635 9.66095 9.50703 8.98631 7.90098 6.70239 5.39251 4.7553 3.29157 4.73113 5.87566 7.08425 7.64923 6.71948 6.24931 7.07903 7.90379 8.23237 9.06519 9.05585 8.78256 7.60906 7.03623 7.27667 7.0301 6.59922 5.54937 5.50209 4.82773 4.54827 4.28438 3.42811 3.97408 4.02835 4.17953 5.36586 5.95105 6.33868 6.69105 6.78275 6.93518 7.13321 7.14937 7.15501 7.1525 7.1545 7.13799 7.07932 7.02942 6.75412 6.26832 5.36376 3.88966 4.91674 5.99079 6.30606 6.61668 6.77541
-9999 -9999 -9999 -9999 -9999 -9999 -9999 1.68072 3.698 5.80358 6.6833 6.83175 8.88526 10.1422 10.1431 9.90428 9.62554 8.34112 8.41537 8.1577 6.97602 5.25527 3.36557 3.54201 4.6692 6.26884 6.79654 5.25657 4.70982 5.11043 6.35825 7.47503 8.64109 8.93632 8.59257 6.76675 4.82659 5.72484 6.6848 6.67864 6.396 5.4224 5.11294 4.83286 4.12262 2.91803 3.09653 3.43029 4.78079 5.20532 5.86141 6.40607 6.1995 6.31876 6.8394 7.13753 7.14744 7.1513 7.15957 7.15099 7.13129 7.01646 6.89485 6.69199 5.42943 4.64333 3.49103 4.81399 5.54525 5.93162 6.62735 6.7904
-9999 -9999 -9999 -9999 -9999 -9999 -9999 1.05561 2.5193 4.53182 5.34229 6.63561 8.57616 9.53002 9.98665 9.97543 9.78931 9.21359 8.86708 8.18529 6.95609 5.27573 3.40799 2.19187 2.80902 4.96324 5.47554 4.05121 3.3259 4.22738 5.55735 7.52703 8.6519 8.8028 8.6998 8.32241 6.90566 5.19425 5.19914 6.05616 5.33767 4.5028 4.9611 4.87573 4.17435 3.66412 3.35297 3.55042 4.3194 4.63554 5.39355 6.51253 6.67204 6.63927 7.1096 7.13196 7.14164 7.15797 7.15584 7.14983 7.13388 7.03995 6.83174 5.99082 5.25713 4.23717 4.10891 5.27687 5.7873 6.26607 6.60572 6.71404
-9999 -9999 -9999 -9999 -9999 -9999 -9999 -0.0204265 1.70183 3.58706 5.35217 7.02202 8.459 8.56906 9.32639 9.32433 9.72062 9.60573 9.07205 8.49772 7.43857 5.28026 3.46532 1.48607 2.00698 4.20028 4.49542 3.54015 1.77579 3.59606 5.60347 7.42265 8.40694 7.63344 8.42402 8.35792 7.82644 6.80725 5.22318 5.25228 4.0651 4.01281 4.62155 4.81882 4.71691 4.33378 3.71962 3.83099 4.29891 4.41672 5.11328 5.98119 6.82958 6.97134 7.13227 7.13807 7.13943 7.15127 7.15145 7.13213 7.08694 6.98882 6.28369 5.44538 4.9281 4.21688 4.12861 5.47827 6.01504 6.31557 6.6088 6.72259
-9999 -9999 -9999 -9999 -9999 -9999 -9999 -9999 1.5249 3.47259 4.91354 5.30084 6.57803 7.26716 7.80017 7.91746 9.44042 9.52338 9.18469 8.65709 7.75366 6.11574 4.97435 3.0759 1.71119 2.27734 2.54357 3.04425 2.89578 3.70722 5.63629 7.64603 7.86442 6.58615 6.77425 7.04044 7.63834 7.33348 5.17538 4.07851 3.16795 3.81341 4.49254 4.65647 4.6889 4.55731 4.40648 4.15239 5.06112 5.73334 5.88866 6.47456 6.90685 7.02555 7.11466 7.12468 7.13478 7.13363 7.10697 7.08711 6.97676 6.73143 5.94295 4.04928 4.13558 3.92888 3.3383 4.66232 5.49126 6.23947 6.63565 6.73571
-9999 -9999 -9999 -9999 -9999 -9999 -9999 -9999 0.875907 3.1296 3.60498 3.56868 2.82128 3.16385 5.92989 6.486 7.94653 9.32946 9.22685 8.70926 7.86398 6.88821 5.37797 3.24303 1.54658 0.837588 2.66367 4.45861 4.82812 5.39971 6.58157 6.8055 5.49926 4.27419 4.96046 5.37339 6.94966 7.23644 6.92878 5.62805 4.14105 3.36444 4.27929 4.40095 4.45526 4.46558 4.44008 4.40267 5.43173 5.99842 6.39131 6.60486 6.97599 7.07032 7.09986 7.1275 7.11963 7.09917 7.03903 6.97071 6.67497 6.3172 5.02687 3.95074 3.27891 2.42662 4.34092 4.90283 5.68112 6.18723 6.58155 6.66584
