Test_Spring_2018b/12_17/Temp/20171202_006.txt
ncols	170
nrows	115
xllcorner	350000.000000
yllcorner	4445000.000000
cellsize	1000.000000
nodata_value	-9999.000000
[rows 32 to 63 of 115, columns 72 to 143 of 170]
9.97674 9.67508 10.1656 10.6182 10.3784 10.2202 10.9625 10.9731 10.7353 10.1624 9.95855 9.74666 9.62056 8.88216 6.79274 4.9102 5.93423 5.96856 5.27801 6.54634 5.89357 4.17277 1.73912 3.08133 2.7484 1.04629 0.642022 -9999 -9999 -9999 -9999 -9999 -9999 -9999 -9999 -9999 -9999 -9999 -9999 -9999 -9999 -9999 -9999 -9999 -9999 -9999 -9999 -9999 -9999 -9999 -9999 -9999 -9999 -9999 -9999 -9999 -9999 -9999 -9999 -9999 -9999 -9999 -9999 -9999 -9999 -9999 -9999 -9999 -9999 -9999 -9999 -9999
9.57409 9.44989 10.1742 10.1691 10.1484 10.4337 10.9002 11.0009 10.9146 10.6705 10.4605 10.2363 9.65182 8.80577 7.01907 4.87497 4.39651 5.46104 5.52222 5.7026 5.1086 4.35997 3.18258 4.16914 4.56019 3.4414 1.9835 1.04908 -9999 -9999 -9999 -9999 -9999 -9999 -9999 -9999 -9999 -9999 -9999 -9999 -9999 -9999 -9999 -9999 -9999 -9999 -9999 -9999 -9999 -9999 -9999 -9999 -9999 -9999 -9999 -9999 -9999 -9999 -9999 -9999 -9999 -9999 -9999 -9999 -9999 -9999 -9999 -9999 -9999 -9999 -9999 -9999
9.09092 8.40731 8.84769 9.18094 9.81367 9.99105 10.0916 10.9547 10.9201 10.891 10.5372 10.2562 9.78388 8.97001 7.80708 6.40494 3.95633 5.48268 6.68038 6.66088 6.60712 6.08606 4.95526 5.92365 5.98108 4.55623 2.93494 1.97247 1.58151 -9999 -9999 -9999 -9999 -9999 -9999 -9999 -9999 -9999 -9999 -9999 -9999 -9999 -9999 -9999 -9999 -9999 -9999 -9999 -9999 -9999 -9999 -9999 -9999 -9999 -9999 -9999 -9999 -9999 -9999 -9999 -9999 -9999 -9999 -9999 -9999 -9999 -9999 -9999 -9999 -9999 -9999 -9999
8.53956 7.70251 8.14561 8.73379 9.57155 10.0201 10.3599 10.6256 10.8961 10.8758 10.5135 9.42333 9.27612 9.23836 8.48111 6.88114 5.28343 4.87716 6.69864 7.2278 7.13336 7.5493 6.59315 7.06284 6.88772 6.39638 4.83266 3.40335 2.81428 1.63794 -9999 -9999 -9999 -9999 -9999 -9999 -9999 -9999 -9999 -9999 -9999 -9999 -9999 -9999 -9999 -9999 -9999 -9999 -9999 -9999 -9999 -9999 -9999 -9999 -9999 -9999 -9999 -9999 -9999 -9999 -9999 -9999 -9999 -9999 -9999 -9999 -9999 -9999 -9999 -9999 -9999 -9999
-9999 -9999 7.19295 8.00146 8.66627 9.48773 10.1943 10.5502 10.8961 10.8796 10.1452 9.79103 9.76906 9.2762 8.40037 7.85436 6.85201 5.80748 6.22075 7.77586 7.10002 8.20566 8.12493 8.33817 7.6192 6.26785 4.43662 3.38067 2.85496 1.90396 -9999 -9999 -9999 -9999 -9999 -9999 -9999 -9999 -9999 -9999 -9999 -9999 -9999 -9999 -9999 -9999 -9999 -9999 -9999 -9999 -9999 -9999 -9999 -9999 -9999 -9999 -9999 -9999 -9999 -9999 -9999 -9999 -9999 -9999 -9999 -9999 -9999 -9999 -9999 -9999 -9999 -9999
-9999 -9999 -9999 7.87036 8.38018 9.45815 10.0397 10.2747 10.8262 10.8379 10.5661 10.3631 10.0638 9.66973 9.01375 8.28907 7.34679 7.26868 8.26689 8.28978 8.09449 8.26822 8.78769 8.66616 7.55795 5.62776 4.6084 2.54034 1.65399 1.75804 1.13259 -9999 -9999 -9999 -9999 -9999 -9999 -9999 -9999 -9999 -9999 -9999 -9999 3.70304 -9999 -9999 -9999 -9999 -9999 -9999 -9999 -9999 -9999 -9999 -9999 -9999 -9999 -9999 -9999 -9999 -9999 -9999 -9999 -9999 0.0870724 -9999 -9999 -9999 -9999 -9999 -9999 -9999
-9999 -9999 7.76581 8.45402 8.98433 9.66469 9.75283 10.169 10.8016 10.8212 10.6314 10.4152 9.91656 9.80004 9.43053 8.64269 8.48915 8.82215 8.98121 9.16059 9.27564 9.20299 9.00953 8.75636 8.05941 7.16673 6.57206 4.67423 3.72864 2.8133 1.42116 0.334153 -9999 -9999 -9999 -9999 -9999 -9999 -9999 2.94203 2.89986 2.93503 3.25348 4.11437 3.626 -9999 -9999 -9999 -9999 -9999 -9999 -9999 -9999 -9999 -9999 -9999 -9999 -9999 -9999 -9999 -9999 -9999 -9999 -9999 0.870789 -0.227361 -9999 -9999 -9999 -9999 -9999 -9999
-9999 -9999 7.96914 8.68204 9.04431 9.70595 10.0897 10.3623 10.5889 10.8055 10.7811 10.5407 10.1695 10.1812 9.66577 9.39211 9.1995 9.64625 9.74277 9.57807 9.36937 9.18671 8.64905 8.59831 8.45168 7.89056 6.9604 6.00129 4.62545 2.73213 0.87505 -0.621161 -9999 -9999 -9999 -9999 -9999 -9999 3.10353 3.81938 4.25243 3.36335 4.1425 4.85597 4.75529 4.10079 -9999 -9999 -9999 -9999 -9999 -9999 -9999 -9999 -9999 -9999 -9999 -9999 -9999 -9999 6.10012 4.97365 2.69107 1.52451 0.827568 -0.170364 -9999 -9999 -9999 -9999 -9999 -9999
-9999 -9999 7.84174 8.68212 9.25571 9.7663 9.85869 10.388 10.6314 10.7527 10.7499 10.7099 10.6489 10.2001 10.0119 9.32885 9.99989 9.98427 9.82674 9.17414 8.89799 7.7713 7.28293 7.20193 8.17416 7.4811 6.01801 4.1851 1.98989 1.86236 1.14005 -0.195928 -9999 -9999 -9999 -9999 -9999 -9999 3.3351 4.09996 4.74033 4.84257 3.95947 5.2189 5.19656 4.5108 4.36501 4.95021 5.25313 5.06062 5.75627 5.96736 5.66941 6.01766 -9999 -9999 -9999 -9999 6.26019 6.31296 6.35427 5.88867 3.39415 1.69265 0.165594 0.0337608 -9999 -9999 -9999 -9999 -9999 -9999
-9999 -9999 8.4261 8.94909 9.22042 9.27582 9.7358 10.201 10.496 10.7079 10.6776 10.6706 10.6621 10.514 10.1585 10.2324 10.2116 10.0084 8.75554 7.29232 7.94595 7.08365 5.23026 6.77665 7.62789 6.84132 5.06594 3.00457 2.34958 2.39487 1.3858 0.0838292 -9999 -9999 -9999 1.25688 2.34718 2.45022 2.77814 3.79482 4.57092 5.15911 5.56348 5.57064 5.17346 4.50353 3.77446 4.05249 5.40134 5.74022 6.03761 6.25644 5.98096 6.14127 6.50776 6.70106 6.74664 6.67019 6.65805 6.6939 6.65772 6.22341 3.99251 2.71861 1.90846 0.279529 -9999 -9999 -9999 -9999 -9999 -9999
-9999 -9999 8.11747 8.57433 8.94713 9.55945 9.63612 10.0263 10.2678 10.6184 10.6657 10.2857 10.6159 10.5824 10.5302 10.4106 10.2319 9.17489 7.71543 6.25319 5.58467 5.89171 4.77875 5.38131 6.24394 5.95332 4.87382 3.03933 2.79353 2.38597 0.683375 -0.958923 -9999 -9999 -0.835323 1.24832 2.71785 3.48002 3.72224 3.75382 4.72897 4.8151 5.86554 5.64067 4.28363 4.45164 3.93263 4.29328 4.79937 4.94736 5.67378 6.36326 6.50231 6.51565 6.7526 6.80819 6.82834 6.82987 6.68261 6.75956 6.77654 6.50785 4.89296 4.10881 3.24713 0.316872 -9999 -9999 -9999 -9999 -9999 -9999
-9999 -9999 8.35837 8.86789 9.42457 9.52662 9.94235 9.91584 9.8194 10.3911 10.6117 10.3458 10.1562 10.5284 10.5106 10.4697 10.3979 9.40484 8.25515 6.51081 5.43195 4.782 4.32251 3.71784 4.16893 4.05213 3.88997 4.11103 3.62139 2.62897 1.63616 -0.232303 -1.23991 -9999 -0.708777 0.235938 1.98167 3.4665 4.4123 4.0841 5.19148 5.4054 6.05531 5.69596 4.87916 4.53729 4.51965 4.4245 5.17843 5.69291 6.06599 6.31288 6.61632 6.70121 6.7856 6.82565 6.85065 6.87511 6.87794 6.87824 6.85128 6.75376 6.01427 5.23369 3.53534 0.429383 -9999 -9999 -9999 -9999 -9999 -9999
-9999 6.90532 8.31363 9.15905 9.49546 9.74223 9.96115 10.1231 10.2961 10.4545 10.5652 10.5353 9.81558 9.88228 10.0201 10.4401 10.4181 10.3358 9.71123 7.58645 6.86308 5.80159 4.41992 3.86021 4.16873 5.33041 5.29631 4.555 3.72641 2.58054 1.85411 0.71179 -1.49205 -1.28351 -0.277046 0.473479 1.66212 3.47491 4.7483 5.32149 5.54406 6.00307 6.24611 5.75219 5.28499 5.0956 4.73269 4.6946 4.71272 5.17455 5.54496 6.3366 6.60934 6.73898 6.80976 6.85146 6.88327 6.91385 6.9284 6.91938 6.92573 6.92512 6.8778 5.8336 3.21508 1.24557 -9999 -9999 -9999 -9999 -9999 -9999
-9999 -9999 8.06964 8.45019 8.56102 8.7434 9.10069 9.50981 10.087 10.1709 10.49 10.4991 9.88257 9.16539 9.80287 10.0602 10.3271 10.3428 10.2702 8.49015 7.56424 6.83926 5.51546 6.02252 6.49879 6.55132 6.29213 4.68419 3.08226 1.23788 -0.491928 -0.56291 -1.48818 -0.981629 -0.31417 1.38596 2.58434 3.07463 3.42916 5.27247 5.76157 5.93854 6.42057 5.79322 5.64932 5.18311 5.34189 5.31567 5.33441 4.01659 5.37679 5.46956 6.35395 6.75959 6.85801 6.89124 6.92503 6.93622 6.94754 6.94923 6.96341 6.95683 6.94994 6.27376 2.94813 1.2847 -9999 -9999 -9999 -9999 -9999 -9999
-9999 -9999 -9999 -9999 8.22965 8.52378 8.71749 9.04117 10.0061 10.2734 10.4538 10.478 10.2071 9.49906 9.31675 9.45464 8.76214 9.35605 10.1671 10.1585 10.0742 8.51112 7.72669 8.52537 8.30583 7.1383 6.22324 5.32 3.44209 2.07686 0.092625 -1.39531 -1.44073 0.224943 1.60986 3.32989 4.09257 3.66939 4.1427 5.06485 6.11031 6.62227 6.51672 5.85493 5.7789 5.05215 5.79798 5.87689 5.55407 5.27712 5.41641 5.86159 6.0391 6.73288 6.90865 6.94776 6.96093 6.97069 6.97389 6.97552 6.97389 6.97258 6.96916 6.94493 3.52628 0.870898 -9999 -9999 -9999 -9999 -9999 -9999
-9999 -9999 -9999 -9999 7.58558 7.77099 8.23248 9.39309 10.0101 10.2645 10.2672 10.389 10.2004 9.57724 8.93682 8.33256 7.55238 8.01131 9.2128 9.92672 10.0195 8.6513 9.3933 9.14161 8.62882 7.0966 5.97216 5.38431 3.58238 2.04684 0.731555 -1.0913 -0.295058 0.579332 1.69842 3.57481 4.84239 5.3674 4.94078 5.53246 6.73397 6.75206 6.11317 6.16938 5.79114 4.79251 5.86535 6.17938 5.95662 6.03543 5.96864 6.14335 6.44892 6.74064 6.93734 6.97179 6.9828 6.98352 6.98917 6.99584 6.98837 6.99522 6.99179 6.98097 4.7769 0.834859 -9999 -9999 -9999 -9999 -9999 -9999
-9999 -9999 -9999 -9999 -9999 7.01665 8.05013 9.586 9.98038 9.95797 10.2829 10.3197 10.0257 9.77054 8.99135 7.92394 5.86818 6.40228 7.50907 9.10218 9.94642 9.84871 9.40874 8.62321 6.69775 5.01519 4.82706 4.56667 3.2564 2.07899 0.615185 1.48417 2.43341 3.46942 4.01712 3.88456 4.97174 5.85961 5.4935 6.21726 7.06134 6.69468 6.4838 6.31006 5.87007 5.85858 5.92321 6.54005 6.14206 6.41398 6.44301 6.443 6.59848 6.77425 6.95699 6.99445 7.00276 7.01236 6.99842 7.01122 7.00709 7.00328 7.00066 6.9924 6.7996 4.68072 3.41726 -9999 -9999 -9999 -9999 -9999
-9999 -9999 -9999 -9999 -9999 6.09131 6.61421 8.43032 9.00336 9.81134 10.2448 10.2739 9.77157 9.49513 8.33062 7.95728 6.05596 5.20137 5.9447 5.67557 7.8664 9.80798 9.41106 5.53862 4.14782 3.16124 3.43772 3.45816 3.10596 1.08584 0.536937 2.37861 3.54148 4.44362 5.12906 5.27802 5.26146 6.64611 6.83754 7.29414 7.207 7.25994 6.5771 6.16058 6.55519 6.13768 6.08029 6.71689 6.12362 6.69241 6.6499 6.49854 6.50317 6.87883 6.96314 7.01122 7.02167 7.01408 7.00175 6.99735 7.01504 7.01568 7.00202 7.01004 6.99778 6.75433 5.66161 5.28592 5.72228 -9999 -9999 -9999
-9999 -9999 -9999 -9999 -9999 -9999 4.94781 7.46586 8.62635 9.2392 10.0962 10.2079 9.94727 9.46165 8.2752 7.23274 5.53406 3.59379 2.57432 5.6747 8.37607 9.79356 9.63172 6.41094 5.15085 5.10969 5.88043 5.26303 4.79846 3.26871 2.81889 2.18684 2.5955 3.85047 4.87531 5.86241 6.58174 6.64689 7.11665 7.39277 7.42471 7.51929 7.45014 7.39719 6.74449 7.22419 6.84723 7.07281 6.95516 6.85039 6.76863 6.39874 6.68319 6.93542 7.00796 7.03691 7.0299 7.03318 7.02906 7.01226 7.00885 7.01359 7.01801 7.01287 7.02036 7.01836 6.90387 6.25038 5.37261 4.26127 -9999 -9999
-9999 -9999 -9999 -9999 -9999 -9999 3.71059 6.21602 7.43313 8.99028 9.79833 10.1328 10.098 9.70609 8.80651 7.44905 6.31984 4.15314 1.90402 5.15793 8.06284 9.63549 9.73338 7.03643 7.80831 7.21622 7.47982 6.38082 5.93383 5.58968 4.80206 3.93823 2.99294 2.49694 4.78571 5.96425 6.91383 7.36543 7.62425 7.75799 7.70291 7.5439 6.54347 7.32914 7.30615 7.24476 7.17256 7.14611 7.08242 7.00429 6.9712 6.96519 6.72299 7.02451 7.02889 7.04123 7.05008 7.04925 7.04106 7.03439 7.02471 7.03312 7.02973 7.02709 7.02801 7.03459 7.03534 7.00815 6.8415 5.34561 4.45472 4.21586
-9999 -9999 -9999 -9999 -9999 -9999 0.222837 3.86113 6.79407 8.32659 9.57873 9.92766 10.0627 9.53477 9.14161 8.17092 7.25253 5.83207 3.70105 2.39363 4.83497 8.3766 9.69776 9.62026 9.55568 8.8677 8.24934 8.18579 8.24971 7.53266 6.47245 5.07645 4.65066 4.16627 5.8733 6.11139 5.99465 7.86993 7.88199 7.78426 7.0789 6.29365 6.45754 5.97704 6.37424 5.79871 6.35687 6.84165 7.03247 7.03331 6.99339 7.00025 6.98426 7.04709 7.05565 7.05599 7.05738 7.06094 7.06035 7.04477 7.03855 7.05267 7.04758 7.04404 7.0403 7.04919 7.054 7.03614 7.0209 6.79875 6.46003 5.81023
-9999 -9999 -9999 -9999 -9999 -9999 0.394922 3.46179 6.05956 7.62644 9.12732 9.48214 9.99363 9.89283 9.48103 8.63859 7.58451 6.41721 4.59045 3.23612 4.87101 7.22953 8.92097 9.54643 9.56189 9.53773 9.39446 9.34842 9.17831 9.06848 8.30856 6.99436 6.25304 5.16253 7.06425 7.28459 6.99609 7.94867 7.90926 6.48892 5.3996 5.27294 5.96017 5.33535 5.24103 4.85955 5.32272 6.5396 6.20433 6.28845 6.85604 6.95838 7.03009 7.0558 7.06133 7.0672 7.06569 7.07425 7.08235 7.06751 7.06409 7.06581 7.05197 7.05932 7.05297 7.0532 7.051 7.04548 7.03226 6.97556 6.91535 7.00488
-9999 -9999 -9999 -9999 -9999 -9999 0.469522 2.53868 4.87729 7.17763 8.77983 9.4312 9.9074 9.91051 9.43093 9.0164 8.35894 7.33323 6.63317 5.41152 3.7319 6.57902 7.46577 8.26559 8.61044 9.43512 9.43125 9.07629 8.67318 9.0857 8.98573 7.94423 7.60823 7.03316 8.09483 8.10548 8.08422 8.03574 6.83683 5.16764 3.83588 4.81127 4.62067 5.08261 3.72752 4.8712 5.79466 6.1042 5.50144 5.05715 6.4969 6.7474 6.89792 6.99748 7.06557 7.05999 7.08245 7.08161 7.08459 7.08695 7.08168 7.0813 7.07619 7.07108 7.07142 7.07336 7.06614 7.05846 7.06631 7.0381 7.03316 7.03485
-9999 -9999 -9999 -9999 -9999 -9999 -9999 1.34108 4.30907 6.95351 8.42974 9.36116 9.81915 9.8194 9.57839 9.29979 8.89555 8.15825 7.23036 5.75917 4.67053 5.38094 6.25077 6.37109 6.95259 8.61085 9.18723 8.40646 6.46283 7.64373 8.95053 8.94061 8.84045 8.72648 8.57813 8.44407 8.14047 7.31335 4.76249 4.26727 3.27292 3.39736 2.89338 4.03808 3.6352 4.8044 5.31904 5.52201 4.46726 4.71768 5.99052 6.49898 6.42724 6.74234 7.04138 7.05977 7.07641 7.07675 7.09059 7.10031 7.10282 7.09912 7.09728 7.09826 7.08827 7.10183 7.01574 6.96308 6.84693 7.01123 7.03506 7.06215
-9999 -9999 -9999 -9999 -9999 -9999 -9999 0.774041 3.72921 6.84165 7.8474 8.85096 9.71804 9.74345 9.37106 9.01743 8.65316 8.2376 7.11013 6.01772 4.97593 4.63436 4.85902 4.87207 5.80294 7.95803 8.38683 8.22414 6.20088 5.51785 7.25939 8.72423 8.84904 8.72699 7.0254 7.39881 6.48471 5.24184 4.90642 4.36797 3.22009 3.78783 2.95082 3.32604 3.25507 3.92411 4.2572 5.05082 4.13273 4.16126 5.41152 6.04461 6.07089 6.73363 6.97591 7.04598 7.07001 7.08936 7.10032 7.11864 7.12071 7.1193 7.11497 7.0924 7.02697 6.8133 5.58718 5.59802 5.94708 6.27785 6.87945 7.05664
-9999 -9999 -9999 -9999 -9999 -9999 -9999 1.12721 3.18099 5.94378 7.99252 8.13003 9.13046 9.65112 9.2457 8.78818 8.3201 8.12102 6.89315 5.54391 4.45636 3.16757 3.39394 4.34027 5.89824 7.29475 7.55568 7.28334 6.21405 6.7463 7.93752 8.57487 8.76998 8.63448 8.27139 8.06537 7.39487 7.10948 6.17488 4.70857 4.13724 4.51588 2.95993 3.08086 3.67216 3.0841 4.11152 4.60989 3.41988 4.40623 5.50783 6.07621 6.57407 6.81484 6.91645 7.06668 7.07931 7.09981 7.11472 7.12102 7.1293 7.11485 7.10444 6.98162 6.79651 5.65134 5.18901 5.29257 5.83531 6.31164 6.82249 7.03082
-9999 -9999 -9999 -9999 -9999 -9999 -9999 1.48807 3.3381 5.7349 7.19839 7.46795 8.57655 9.56323 9.46314 8.98695 8.84852 8.35514 7.31534 6.16619 4.90965 4.30487 2.90009 4.30704 5.44141 6.62558 7.18655 6.31494 5.87283 6.68918 7.50038 7.83074 8.64901 8.65141 8.3979 7.27241 6.72839 6.97179 6.74359 6.33698 5.33114 5.29636 4.6546 4.39555 4.15186 3.35003 3.89133 3.95657 4.12013 5.29029 5.86886 6.2559 6.60852 6.70844 6.86692 7.0693 7.09536 7.1111 7.11886 7.13099 7.12528 7.07889 7.04119 6.78548 6.32622 5.46173 4.06533 5.07237 6.12498 6.45089 6.77137 6.93717
-9999 -9999 -9999 -9999 -9999 -9999 -9999 1.18727 3.15179 5.20163 6.06421 6.21853 8.2175 9.44503 9.45639 9.23563 8.97637 7.74346 7.82648 7.58837 6.45582 4.80157 2.98402 3.16749 4.28101 5.84742 6.37184 4.90937 4.39277 4.79329 6.01392 7.10735 8.2482 8.54548 8.22376 6.46665 4.59867 5.47919 6.41946 6.42425 6.16144 5.22972 4.94133 4.68163 4.00563 2.85958 3.05209 3.38772 4.72205 5.14504 5.79209 6.33103 6.14231 6.26886 6.78386 7.0832 7.10329 7.11739 7.1357 7.1377 7.12901 7.02831 6.92122 6.73566 5.52417 4.77428 3.68225 4.98321 5.70362 6.10609 6.79189 6.96172
-9999 -9999 -9999 -9999 -9999 -9999 -9999 0.594957 2.02329 3.98294 4.77844 6.04138 7.93099 8.86511 9.31775 9.31742 9.14786 8.60119 8.2767 7.62779 6.44907 4.83374 3.03723 1.87195 2.48211 4.59455 5.11041 3.75322 3.06342 3.94872 5.2487 7.16788 8.26873 8.42618 8.33756 7.98307 6.622 4.97552 4.99103 5.83178 5.14698 4.34964 4.80474 4.73357 4.06608 3.58388 3.31089 3.51945 4.28562 4.60349 5.3491 6.44407 6.60974 6.58902 7.05528 7.08759 7.10747 7.13372 7.14204 7.14661 7.14162 7.06122 6.87031 6.06689 5.36749 4.39107 4.2783 5.44164 5.9569 6.44019 6.78101 6.8977
-9999 -9999 -9999 -9999 -9999 -9999 -9999 -0.433998 1.24462 3.08094 4.80081 6.42834 7.83031 7.94732 8.69114 8.69967 9.09405 8.99358 8.48776 7.94282 6.92863 4.85031 3.10474 1.20028 1.71702 3.86274 4.18193 3.26939 1.57321 3.34803 5.30383 7.07714 8.04174 7.30397 8.08061 8.02754 7.52373 6.54761 5.02451 5.06358 3.92498 3.8855 4.4863 4.68883 4.60182 4.24263 3.66869 3.8017 4.27609 4.40181 5.08782 5.93958 6.77225 6.92047 7.08709 7.10334 7.11519 7.1371 7.14771 7.13944 7.10619 7.02178 6.3497 5.54881 5.05896 4.38147 4.30735 5.63869 6.18776 6.49819 6.79393 6.9158
-9999 -9999 -9999 -9999 -9999 -9999 -9999 -9999 1.0862 2.98293 4.38885 4.77438 6.02157 6.6993 7.22585 7.34989 8.83522 8.92627 8.60919 8.1094 7.24589 5.67138 4.57791 2.75155 1.44219 2.01885 2.30305 2.80023 2.66865 3.46642 5.34624 7.30394 7.52677 6.30013 6.49329 6.76195 7.35175 7.06735 4.9884 3.93716 3.06647 3.70269 4.37169 4.54196 4.58505 4.46945 4.34967 4.13278 5.02446 5.68699 5.84884 6.42745 6.85713 6.98297 7.07999 7.1003 7.12059 7.12992 7.11454 7.10578 7.00945 6.78253 6.02977 4.20694 4.30158 4.11262 3.55205 4.85606 5.69806 6.4344 6.82975 6.93822
-9999 -9999 -9999 -9999 -9999 -9999 -9999 -9999 0.470625 2.66361 3.13445 3.10973 2.39634 2.7384 5.42724 5.97613 7.40092 8.7507 8.66215 8.17195 7.36467 6.43126 4.98054 2.92509 1.29442 0.636277 2.42514 4.18087 4.5508 5.1162 6.27235 6.50066 5.24702 4.07178 4.74726 5.15793 6.69508 6.98357 6.69647 5.44784 4.01897 3.27816 4.17547 4.30486 4.3692 4.39106 4.38487 4.37696 5.39361 5.95396 6.34583 6.56385 6.93427 7.03646 7.07574 7.11305 7.11589 7.1065 7.05867 7.00297 6.72713 6.39134 5.15265 4.12151 3.48204 2.66795 4.533 5.09927 5.88285 6.39358 6.78707 6.88019
