Test_Spring_2018b/12_17/Temp/20171231_013.txt
ncols	170
nrows	115
xllcorner	350000.000000
yllcorner	4445000.000000
cellsize	1000.000000
nodata_value	-9999.000000
[rows 32 to 63 of 115, columns 72 to 143 of 170]
9.37974 9.18288 9.49749 9.78737 9.61079 9.49877 9.9681 9.97238 9.81644 9.44431 9.31094 9.17269 9.09016 8.61232 7.2619 6.04525 6.70635 6.72807 6.28142 7.10012 6.67755 5.5648 3.99131 4.85688 4.64006 3.52523 3.26036 -9999 -9999 -9999 -9999 -9999 -9999 -9999 -9999 -9999 -9999 -9999 -9999 -9999 -9999 -9999 -9999 -9999 -9999 -9999 -9999 -9999 -9999 -9999 -9999 -9999 -9999 -9999 -9999 -9999 -9999 -9999 -9999 -9999 -9999 -9999 -9999 -9999 -9999 -9999 -9999 -9999 -9999 -9999 -9999 -9999
9.11412 9.03199 9.49773 9.49203 9.4649 9.63134 9.92273 9.98532 9.92732 9.7677 9.63037 9.48418 9.10554 8.55814 7.40325 6.0176 5.70806 6.39531 6.43433 6.55024 6.16573 5.68116 4.91941 5.55542 5.80656 5.07773 4.12319 3.50796 -9999 -9999 -9999 -9999 -9999 -9999 -9999 -9999 -9999 -9999 -9999 -9999 -9999 -9999 -9999 -9999 -9999 -9999 -9999 -9999 -9999 -9999 -9999 -9999 -9999 -9999 -9999 -9999 -9999 -9999 -9999 -9999 -9999 -9999 -9999 -9999 -9999 -9999 -9999 -9999 -9999 -9999 -9999 -9999
8.79673 8.35323 8.63558 8.8485 9.23651 9.33291 9.39523 9.95033 9.92576 9.90501 9.67485 9.49197 9.18578 8.65918 7.90727 7.00096 5.4187 6.40435 7.17764 7.16451 7.12912 6.79169 6.06018 6.68463 6.72045 5.79154 4.72347 4.10108 3.84802 -9999 -9999 -9999 -9999 -9999 -9999 -9999 -9999 -9999 -9999 -9999 -9999 -9999 -9999 -9999 -9999 -9999 -9999 -9999 -9999 -9999 -9999 -9999 -9999 -9999 -9999 -9999 -9999 -9999 -9999 -9999 -9999 -9999 -9999 -9999 -9999 -9999 -9999 -9999 -9999 -9999 -9999 -9999
8.43554 7.89287 8.17691 8.55444 9.08478 9.35543 9.5634 9.7325 9.90502 9.88993 9.65422 8.94859 8.85243 8.82724 8.33745 7.30341 6.27092 6.00815 7.18452 7.52595 7.46439 7.7324 7.11386 7.41627 7.302 6.98028 5.95568 5.02198 4.6411 3.88102 -9999 -9999 -9999 -9999 -9999 -9999 -9999 -9999 -9999 -9999 -9999 -9999 -9999 -9999 -9999 -9999 -9999 -9999 -9999 -9999 -9999 -9999 -9999 -9999 -9999 -9999 -9999 -9999 -9999 -9999 -9999 -9999 -9999 -9999 -9999 -9999 -9999 -9999 -9999 -9999 -9999 -9999
-9999 -9999 7.55647 8.06812 8.48868 9.0066 9.45123 9.67853 9.89961 9.88686 9.41072 9.18053 9.16529 8.84614 8.27983 7.92677 7.27901 6.60405 6.87083 7.87517 7.43815 8.15184 8.09895 8.23579 7.77027 6.88366 5.69618 5.00376 4.66392 4.04952 -9999 -9999 -9999 -9999 -9999 -9999 -9999 -9999 -9999 -9999 -9999 -9999 -9999 -9999 -9999 -9999 -9999 -9999 -9999 -9999 -9999 -9999 -9999 -9999 -9999 -9999 -9999 -9999 -9999 -9999 -9999 -9999 -9999 -9999 -9999 -9999 -9999 -9999 -9999 -9999 -9999 -9999
-9999 -9999 -9999 7.97835 8.29874 8.99172 9.3462 9.49512 9.8488 9.85417 9.67674 9.5442 9.34983 9.09458 8.67041 8.20206 7.59327 7.54281 8.18764 8.2023 8.07587 8.18765 8.52259 8.44323 7.7232 6.46626 5.80683 4.45722 3.88445 3.95169 3.5479 -9999 -9999 -9999 -9999 -9999 -9999 -9999 -9999 -9999 -9999 -9999 -9999 5.2255 -9999 -9999 -9999 -9999 -9999 -9999 -9999 -9999 -9999 -9999 -9999 -9999 -9999 -9999 -9999 -9999 -9999 -9999 -9999 -9999 2.92768 -9999 -9999 -9999 -9999 -9999 -9999 -9999
-9999 -9999 7.91693 8.34516 8.68396 9.11964 9.16417 9.42128 9.82712 9.83741 9.71284 9.57173 9.24858 9.17271 8.93375 8.42479 8.32575 8.54108 8.64402 8.75996 8.83417 8.7869 8.66134 8.49699 8.03413 7.45647 7.07133 5.84115 5.22091 4.62962 3.73057 3.02889 -9999 -9999 -9999 -9999 -9999 -9999 -9999 4.72425 4.69861 4.72294 4.93026 5.48802 5.17414 -9999 -9999 -9999 -9999 -9999 -9999 -9999 -9999 -9999 -9999 -9999 -9999 -9999 -9999 -9999 -9999 -9999 -9999 -9999 3.43051 2.72343 -9999 -9999 -9999 -9999 -9999 -9999
-9999 -9999 8.03153 8.48796 8.71767 9.14073 9.38432 9.54049 9.68375 9.82105 9.8032 9.64637 9.4056 9.41264 9.0796 8.90303 8.77901 9.06809 9.13086 9.02474 8.88996 8.77175 8.4239 8.39032 8.28359 7.91999 7.31799 6.69736 5.79629 4.57318 3.37377 2.40777 -9999 -9999 -9999 -9999 -9999 -9999 4.8236 5.2877 5.56909 4.99632 5.50124 5.96372 5.90024 5.47487 -9999 -9999 -9999 -9999 -9999 -9999 -9999 -9999 -9999 -9999 -9999 -9999 -9999 -9999 6.79627 6.0708 4.59843 3.84704 3.39906 2.75668 -9999 -9999 -9999 -9999 -9999 -9999
-9999 -9999 7.94543 8.48364 8.84926 9.17411 9.22889 9.55844 9.70499 9.78047 9.77637 9.74896 9.70867 9.41834 9.29693 8.85613 9.29032 9.281 9.17993 8.75886 8.58069 7.85273 7.53678 7.47339 8.1003 7.6513 6.70482 5.51952 4.09202 4.00707 3.54071 2.67823 -9999 -9999 -9999 -9999 -9999 -9999 4.96957 5.4654 5.88076 5.94843 5.37949 6.19464 6.17781 5.73638 5.64386 6.02367 6.22122 6.09529 6.54604 6.68489 6.49495 6.72252 -9999 -9999 -9999 -9999 6.89173 6.92812 6.95705 6.65845 5.04912 3.9521 2.9678 2.88651 -9999 -9999 -9999 -9999 -9999 -9999
-9999 -9999 8.31931 8.65184 8.82151 8.85161 9.14319 9.43103 9.61119 9.74502 9.72311 9.71706 9.71076 9.61494 9.38572 9.43425 9.42189 9.2918 8.48354 7.53916 7.96198 7.40388 6.19935 7.19478 7.74335 7.23373 6.08528 4.75216 4.31984 4.34664 3.69497 2.85643 -9999 -9999 -9999 3.61936 4.32553 4.39399 4.60778 5.2665 5.76977 6.14924 6.41204 6.41479 6.15947 5.72818 5.25875 5.44003 6.3132 6.53403 6.7242 6.86805 6.69265 6.80134 7.04057 7.16793 7.19985 7.1529 7.14746 7.173 7.15196 6.87369 5.43207 4.61123 4.09002 3.04013 -9999 -9999 -9999 -9999 -9999 -9999
-9999 -9999 8.11537 8.40482 8.63969 9.02768 9.07128 9.31777 9.46243 9.68042 9.70855 9.46141 9.67396 9.65235 9.61926 9.54311 9.42909 8.74777 7.80636 6.86289 6.4318 6.62495 5.90548 6.29139 6.84732 6.65573 5.95794 4.77128 4.6111 4.34021 3.23845 2.17794 -9999 -9999 2.26131 3.60913 4.5604 5.05481 5.21337 5.23583 5.86779 5.92534 6.60575 6.45938 5.58393 5.69398 5.35719 5.59176 5.92334 6.02072 6.48929 6.93604 7.02824 7.03929 7.19483 7.23321 7.2487 7.25214 7.15942 7.2115 7.22482 7.05356 6.01261 5.50834 4.95545 3.06346 -9999 -9999 -9999 -9999 -9999 -9999
-9999 -9999 8.26522 8.58822 8.94147 9.00096 9.26325 9.23948 9.16564 9.53084 9.66667 9.49322 9.37001 9.61061 9.6 9.57504 9.5304 8.89075 8.14979 7.02437 6.32841 5.90414 5.6068 5.21346 5.50353 5.42648 5.31999 5.46102 5.14069 4.49216 3.85054 2.64232 1.99218 -9999 2.33803 2.95017 4.07999 5.0414 5.65463 5.44481 6.16232 6.30254 6.72195 6.49139 5.9649 5.74797 5.73817 5.67826 6.16684 6.49822 6.73862 6.90031 7.09784 7.15508 7.21204 7.24038 7.259 7.27725 7.2815 7.28409 7.26904 7.20838 6.73298 6.23228 5.13751 3.1321 -9999 -9999 -9999 -9999 -9999 -9999
-9999 7.33441 8.23272 8.77209 8.9824 9.13475 9.26926 9.36731 9.46775 9.56447 9.6326 9.60872 9.14306 9.18645 9.27659 9.54971 9.53762 9.48664 9.08526 7.71434 7.24451 6.55911 5.66613 5.30141 5.49921 6.24787 6.22385 5.74289 5.2056 4.45819 3.98607 3.24817 1.82408 1.95998 2.61176 3.09853 3.86857 5.04199 5.867 6.23965 6.3857 6.68257 6.84133 6.5259 6.22544 6.10473 5.87183 5.8487 5.86184 6.16161 6.40026 6.91139 7.08978 7.17524 7.22338 7.25276 7.27577 7.29798 7.30982 7.30642 7.31292 7.3149 7.28768 6.61557 4.92744 3.65641 -9999 -9999 -9999 -9999 -9999 -9999
-9999 -9999 8.07132 8.30984 8.37386 8.48406 8.70743 8.96466 9.32604 9.37546 9.57791 9.58045 9.17973 8.71686 9.13003 9.29826 9.47311 9.4858 9.44125 8.29079 7.6935 7.22539 6.36979 6.69422 7.00025 7.03219 6.86253 5.82146 4.7843 3.58569 2.4673 2.42101 1.82205 2.14976 2.58255 3.68284 4.45927 4.77846 5.01002 6.20333 6.52047 6.63812 6.95167 6.54837 6.45682 6.15728 6.26136 6.24583 6.25927 5.40923 6.2873 6.34888 6.92195 7.18462 7.25013 7.27401 7.29828 7.30797 7.31775 7.3213 7.3329 7.33176 7.33056 6.89644 4.75068 3.67749 -9999 -9999 -9999 -9999 -9999 -9999
-9999 -9999 -9999 -9999 8.1549 8.33689 8.45418 8.65585 9.26762 9.43525 9.54796 9.56097 9.38465 8.92639 8.81012 8.90142 8.45669 8.84315 9.36818 9.3642 9.31073 8.30127 7.79227 8.30696 8.16338 7.407 6.81346 6.22743 5.01176 4.1227 2.83977 1.87794 1.84855 2.92516 3.82034 4.93352 5.42856 5.15773 5.46615 6.0644 6.74235 7.07552 7.0096 6.58414 6.53648 6.06864 6.55195 6.60428 6.39698 6.21924 6.30856 6.59768 6.71395 7.16386 7.27926 7.30595 7.31689 7.32566 7.33021 7.33376 7.33592 7.33787 7.33847 7.32562 5.11985 3.40593 -9999 -9999 -9999 -9999 -9999 -9999
-9999 -9999 -9999 -9999 7.73391 7.84544 8.13551 8.87765 9.26458 9.4238 9.42158 9.49761 9.3745 8.97193 8.55933 8.1713 7.66979 7.96878 8.74717 9.21007 9.2711 8.38755 8.86471 8.70084 8.36777 7.37571 6.6468 6.26438 5.09764 4.09856 3.24764 2.06931 2.58355 3.1489 3.87298 5.08677 5.90803 6.24992 5.97691 6.36189 7.14078 7.15502 6.74467 6.78315 6.54032 5.89686 6.59142 6.79561 6.65288 6.70487 6.66101 6.77528 6.97416 7.16421 7.29303 7.31724 7.32637 7.3293 7.33545 7.3426 7.3406 7.34792 7.3486 7.34449 5.92346 3.37841 -9999 -9999 -9999 -9999 -9999 -9999
-9999 -9999 -9999 -9999 -9999 7.35317 8.01276 8.99731 9.24047 9.22086 9.42686 9.44798 9.25672 9.09196 8.58987 7.90257 6.57711 6.92471 7.64197 8.6729 9.21942 9.15671 8.87035 8.36163 7.11597 6.02679 5.90273 5.73182 4.88264 4.11491 3.16795 3.72852 4.34151 5.0112 5.36611 5.28221 5.98688 6.56309 6.32936 6.79976 7.34784 7.11364 6.97989 6.86991 6.58724 6.58154 6.62479 7.02458 6.7686 6.94528 6.96326 6.96455 7.06636 7.1814 7.30111 7.3272 7.33469 7.34328 7.33687 7.3479 7.34811 7.34861 7.34991 7.34753 7.22589 5.85869 5.04499 -9999 -9999 -9999 -9999 -9999
-9999 -9999 -9999 -9999 -9999 6.75061 7.08057 8.24637 8.60504 9.12202 9.3982 9.41446 9.08867 8.91014 8.15884 7.91993 6.69443 6.14438 6.6268 6.4547 7.87117 9.12592 8.8674 6.36456 5.46438 4.82489 5.00105 5.01162 4.78142 3.46924 3.11332 4.30223 5.0532 5.63636 6.08021 6.17812 6.16973 7.06703 7.19322 7.49107 7.43763 7.47458 7.03602 6.76928 7.02582 6.75787 6.72231 7.13487 6.75273 7.12115 7.09286 6.9963 7.00057 7.24466 7.30072 7.3336 7.34255 7.33997 7.33471 7.33446 7.34882 7.35225 7.34648 7.35469 7.34972 7.19411 6.49073 6.25046 6.5347 -9999 -9999 -9999
-9999 -9999 -9999 -9999 -9999 -9999 5.99983 7.61948 8.35781 8.74901 9.29901 9.36873 9.19779 8.88457 8.11952 7.44822 6.35347 5.10287 4.44498 6.44959 8.19586 9.11208 9.00543 6.92369 6.10808 6.07951 6.57512 6.17379 5.87114 4.87571 4.58387 4.17475 4.43848 5.24892 5.91257 6.55193 7.01889 7.06371 7.3703 7.55063 7.57416 7.63805 7.596 7.56419 7.14417 7.45588 7.21392 7.36098 7.28611 7.2194 7.16569 6.9279 7.1129 7.2772 7.3256 7.34651 7.34389 7.34832 7.34835 7.34054 7.3406 7.34672 7.35266 7.3524 7.36023 7.36058 7.28917 6.86944 6.30471 5.58901 -9999 -9999
-9999 -9999 -9999 -9999 -9999 -9999 5.19663 6.80866 7.58378 8.58536 9.10117 9.31544 9.29242 9.03965 8.45977 7.58477 6.85768 5.46057 4.01018 6.1134 7.98896 9.00545 9.0686 7.32338 7.82064 7.43637 7.60459 6.89236 6.6013 6.37174 5.86181 5.30304 4.69108 4.37197 5.85159 6.61457 7.2302 7.52461 7.69485 7.78451 7.75078 7.65006 7.00641 7.5164 7.50318 7.46539 7.42036 7.40465 7.36467 7.3152 7.29289 7.29018 7.13492 7.33177 7.33628 7.34579 7.35341 7.35516 7.35254 7.35124 7.34825 7.35588 7.35628 7.35765 7.36124 7.36707 7.37011 7.35497 7.24963 6.28548 5.71208 5.55954
-9999 -9999 -9999 -9999 -9999 -9999 2.93971 5.28423 7.16411 8.15059 8.95659 9.18054 9.26727 8.92653 8.67364 8.04828 7.45711 6.54181 5.16746 4.32495 5.90215 8.19111 9.04121 8.98824 8.94536 8.49938 8.09812 8.0551 8.09439 7.6239 6.93641 6.03419 5.76025 5.44782 6.55162 6.70701 6.63369 7.84771 7.85842 7.79844 7.34601 6.83985 6.94859 6.63928 6.89748 6.52758 6.88983 7.20444 7.32894 7.33055 7.30379 7.31077 7.30142 7.34367 7.35046 7.35224 7.35503 7.3596 7.36186 7.35475 7.35394 7.36642 7.36483 7.36577 7.36542 7.37263 7.37828 7.36916 7.3616 7.22028 7.00357 6.58551
-9999 -9999 -9999 -9999 -9999 -9999 3.04337 5.01253 6.68677 7.69519 8.66264 8.89055 9.22048 9.15563 8.89054 8.34779 7.66869 6.91664 5.73857 4.86553 5.92325 7.44589 8.53901 8.94018 8.94536 8.92851 8.83446 8.80157 8.68994 8.61148 8.11994 7.272 6.7932 6.08926 7.31885 7.46273 7.27837 7.8962 7.87352 6.95895 6.25834 6.1796 6.62394 6.22292 6.16359 5.91741 6.21834 7.00596 6.79283 6.84812 7.21358 7.28071 7.32874 7.34649 7.3514 7.35679 7.35772 7.3655 7.37332 7.36661 7.36752 7.3719 7.36628 7.37217 7.37116 7.37265 7.37259 7.37141 7.36514 7.33067 7.295 7.35443
-9999 -9999 -9999 -9999 -9999 -9999 3.08946 4.41283 5.92017 7.40265 8.43585 8.8555 9.16269 9.16492 8.8559 8.58937 8.16623 7.50537 7.05491 6.26735 5.18367 7.02398 7.59492 8.10867 8.32984 8.86148 8.85757 8.62667 8.35415 8.62 8.55647 7.88355 7.66674 7.29587 7.9828 7.9912 7.9794 7.95041 7.17852 6.10303 5.24563 5.87869 5.7584 6.05651 5.18259 5.92612 6.52447 6.7259 6.33574 6.0498 6.97873 7.14237 7.24076 7.30633 7.35173 7.34977 7.36621 7.36789 7.37235 7.37667 7.37628 7.37917 7.37906 7.37892 7.37975 7.38216 7.38005 7.37898 7.38627 7.36866 7.36743 7.37011
-9999 -9999 -9999 -9999 -9999 -9999 -9999 3.63676 5.54965 7.25566 8.20759 8.80822 9.10363 9.1039 8.94883 8.76989 8.51007 8.03525 7.43733 6.48831 5.78621 6.24601 6.80556 6.88007 7.25519 8.32562 8.69689 8.19127 6.92701 7.69065 8.53451 8.52798 8.46345 8.39039 8.29344 8.20834 8.01408 7.48196 5.83655 5.52149 4.88204 4.96537 4.64264 5.3816 5.1226 5.88001 6.21428 6.34695 5.66687 5.82737 6.65142 6.98103 6.93584 7.14063 7.33397 7.34756 7.36026 7.36269 7.3741 7.38308 7.38759 7.38952 7.39149 7.39525 7.38911 7.39872 7.34562 7.31395 7.2411 7.34926 7.36656 7.38522
-9999 -9999 -9999 -9999 -9999 -9999 -9999 3.26517 5.17183 7.18058 7.82889 8.47632 9.03609 9.05262 8.81259 8.58502 8.35082 8.08364 7.35657 6.65208 5.98012 5.76027 5.90591 5.90797 6.509 7.90066 8.17691 8.07093 6.75663 6.31518 7.44019 8.38663 8.46766 8.38952 7.29132 7.53398 6.94525 6.14446 5.93018 5.58494 4.84611 5.21563 4.67758 4.92252 4.8743 5.30858 5.52561 6.03993 5.44825 5.46553 6.2751 6.68538 6.70367 7.13319 7.29121 7.33818 7.35563 7.37031 7.37981 7.39429 7.39845 7.40047 7.40064 7.38901 7.34961 7.21145 6.41957 6.42886 6.6565 6.87219 7.26255 7.3783
-9999 -9999 -9999 -9999 -9999 -9999 -9999 3.48941 4.81423 6.59749 7.91989 8.00804 8.65408 8.99057 8.72915 8.43436 8.13296 8.00546 7.21337 6.34283 5.64121 4.8094 4.95617 5.56779 6.56722 7.46907 7.63717 7.46067 6.7628 7.10674 7.8765 8.28863 8.41528 8.3286 8.09519 7.96356 7.53217 7.34984 6.74834 5.80352 5.43696 5.68414 4.68148 4.76202 5.14627 4.76338 5.42899 5.75265 4.98541 5.62208 6.33523 6.70387 7.02696 7.18402 7.25128 7.35011 7.36024 7.37564 7.38763 7.39424 7.40226 7.39569 7.39175 7.31518 7.1983 6.46108 6.15936 6.22848 6.58119 6.89088 7.222 7.35841
-9999 -9999 -9999 -9999 -9999 -9999 -9999 3.71844 4.91207 6.45926 7.40387 7.57753 8.29357 8.93118 8.867 8.56009 8.47155 8.15381 7.4831 6.74172 5.93086 5.54091 4.63397 5.54325 6.26888 7.03378 7.39596 6.82537 6.54008 7.06783 7.59235 7.80639 8.33581 8.33837 8.17585 7.45027 7.10056 7.25978 7.11451 6.85412 6.20671 6.18664 5.77443 5.60937 5.45413 4.93284 5.28443 5.32834 5.4358 6.19114 6.56655 6.81819 7.04759 7.1138 7.21791 7.35051 7.36934 7.38166 7.38897 7.39924 7.39808 7.37071 7.34897 7.18637 6.8922 6.33616 5.43063 6.08333 6.76537 6.97709 7.18593 7.29484
-9999 -9999 -9999 -9999 -9999 -9999 -9999 3.51986 4.78785 6.11123 6.66791 6.76732 8.05871 8.85199 8.85984 8.71792 8.55127 7.7557 7.81028 7.65739 6.92659 5.85866 4.68509 4.80408 5.51977 6.52815 6.86696 5.91485 5.58168 5.84104 6.63031 7.33752 8.07552 8.26873 8.06224 6.92867 5.72366 6.29441 6.9039 6.90916 6.74162 6.14197 5.95792 5.79234 5.35774 4.61741 4.74012 4.95877 5.82032 6.0954 6.51517 6.86509 6.74492 6.82845 7.163 7.35831 7.37331 7.38456 7.39863 7.40225 7.39903 7.33641 7.26966 7.1522 6.37192 5.88976 5.18359 6.02301 6.49037 6.7514 7.19626 7.30775
-9999 -9999 -9999 -9999 -9999 -9999 -9999 3.13281 4.05476 5.32017 5.83376 6.64958 7.87046 8.4743 8.76728 8.76778 8.65906 8.30679 8.09807 7.67976 6.91912 5.87634 4.71641 3.96415 4.35876 5.71591 6.04971 5.16551 4.72066 5.29342 6.13415 7.37501 8.08734 8.19036 8.13457 7.90716 7.02964 5.96786 5.97987 6.52508 6.08481 5.57186 5.86799 5.82412 5.39496 5.08543 4.90529 5.04175 5.53649 5.74376 6.22733 6.93658 7.04549 7.03401 7.33717 7.36004 7.37495 7.39403 7.40159 7.40678 7.40582 7.35616 7.23509 6.7183 6.26866 5.64001 5.56922 6.31657 6.65029 6.96446 7.18641 7.26355
-9999 -9999 -9999 -9999 -9999 -9999 -9999 2.46357 3.5475 4.7335 5.84448 6.89602 7.80203 7.87812 8.35929 8.36556 8.62118 8.55717 8.23131 7.88015 7.22581 5.88395 4.75697 3.52726 3.86161 5.244 5.43913 4.85052 3.75571 4.9033 6.1679 7.3147 7.93917 7.464 7.96728 7.93466 7.61096 6.98223 6.00021 6.02744 5.29391 5.27044 5.66061 5.79347 5.73925 5.50918 5.13798 5.22206 5.52854 5.61177 6.05694 6.6092 7.14914 7.24693 7.35662 7.36919 7.37894 7.39522 7.4042 7.401 7.38165 7.32925 6.89716 6.38183 6.06739 5.63169 5.58572 6.4444 6.79671 6.99924 7.19201 7.27246
-9999 -9999 -9999 -9999 -9999 -9999 -9999 -9999 3.44079 4.66604 5.57441 5.82378 6.62996 7.0684 7.40931 7.49029 8.45074 8.51049 8.30658 7.9846 7.42762 6.41125 5.70557 4.52638 3.68112 4.0498 4.22278 4.545 4.4611 4.97766 6.19333 7.45942 7.60485 6.81398 6.94043 7.11572 7.49855 7.31667 5.97552 5.29833 4.73778 5.15074 5.58488 5.69683 5.72661 5.65388 5.57537 5.43213 6.01026 6.44036 6.54703 6.92296 7.20269 7.28614 7.35097 7.36624 7.38148 7.38963 7.38178 7.37817 7.31795 7.17332 6.68894 5.51323 5.5762 5.45593 5.09556 5.93808 6.4781 6.95541 7.21246 7.28422
-9999 -9999 -9999 -9999 -9999 -9999 -9999 -9999 3.03861 4.45545 4.75993 4.74443 4.2842 4.50594 6.24384 6.59937 7.52079 8.39376 8.33753 8.02179 7.50115 6.89897 5.96254 4.63539 3.58261 3.15029 4.30301 5.43445 5.67465 6.04123 6.78954 6.93856 6.1303 5.37278 5.81091 6.07802 7.07288 7.26111 7.0775 6.27273 5.35152 4.87482 5.45637 5.54184 5.5853 5.60135 5.59836 5.59137 6.24699 6.61118 6.86656 7.00966 7.25124 7.31954 7.34718 7.37352 7.37753 7.37358 7.34473 7.31071 7.1344 6.91928 6.1208 5.45635 5.04488 4.52058 5.72704 6.09266 6.59781 6.92643 7.1822 7.244
