Test_Spring_2018b/12_17/Temp/20171220_021.txt
ncols	170
nrows	115
xllcorner	350000.000000
yllcorner	4445000.000000
cellsize	1000.000000
nodata_value	-9999.000000
[rows 31 to 61 of 115, columns 70 to 139 of 170]
2.52818 3.24781 3.51662 3.02727 3.08363 4.28797 4.56539 4.55584 4.46668 4.36174 3.80472 3.62354 3.18601 2.40933 2.08786 0.69993 -3.80327 -2.52038 -2.01498 -3.31641 -2.58044 -1.3864 -2.41476 -5.47853 -6.79438 -8.91759 -8.22561 -8.84727 -10.5543 -9999 -9999 -9999 -9999 -9999 -9999 -9999 -9999 -9999 -9999 -9999 -9999 -9999 -9999 -9999 -9999 -9999 -9999 -9999 -9999 -9999 -9999 -9999 -9999 -9999 -9999 -9999 -9999 -9999 -9999 -9999 -9999 -9999 -9999 -9999 -9999 -9999 -9999 -9999 -9999 -9999
2.65528 2.98782 2.96384 2.49281 3.23767 3.92429 3.53081 3.27113 4.39905 4.40688 4.03347 3.14577 2.82462 2.49111 2.28922 1.14738 -2.06833 -4.96677 -3.40427 -3.36124 -4.43129 -2.49509 -3.50809 -6.16086 -9.90822 -7.86037 -8.38402 -11.0137 -11.6523 -9999 -9999 -9999 -9999 -9999 -9999 -9999 -9999 -9999 -9999 -9999 -9999 -9999 -9999 -9999 -9999 -9999 -9999 -9999 -9999 -9999 -9999 -9999 -9999 -9999 -9999 -9999 -9999 -9999 -9999 -9999 -9999 -9999 -9999 -9999 -9999 -9999 -9999 -9999 -9999 -9999
1.74538 2.56558 2.32195 2.12341 3.22718 3.21131 3.16049 3.57493 4.2796 4.42567 4.2847 3.90169 3.57091 3.21837 2.31284 1.00569 -1.74547 -5.0454 -5.78904 -4.16468 -4.08073 -3.81423 -4.73677 -5.89703 -7.71581 -6.21347 -5.62547 -7.35554 -9.61513 -11.0697 -9999 -9999 -9999 -9999 -9999 -9999 -9999 -9999 -9999 -9999 -9999 -9999 -9999 -9999 -9999 -9999 -9999 -9999 -9999 -9999 -9999 -9999 -9999 -9999 -9999 -9999 -9999 -9999 -9999 -9999 -9999 -9999 -9999 -9999 -9999 -9999 -9999 -9999 -9999 -9999
0.525389 1.9287 1.55645 0.499371 1.16743 1.67098 2.61501 2.86903 3.01479 4.33096 4.26934 4.21618 3.66475 3.22497 2.4915 1.23367 -0.560056 -2.72114 -6.48869 -4.15539 -2.32686 -2.36698 -2.46007 -3.27082 -5.01781 -3.5431 -3.46688 -5.67202 -8.18502 -9.674 -10.2855 -9999 -9999 -9999 -9999 -9999 -9999 -9999 -9999 -9999 -9999 -9999 -9999 -9999 -9999 -9999 -9999 -9999 -9999 -9999 -9999 -9999 -9999 -9999 -9999 -9999 -9999 -9999 -9999 -9999 -9999 -9999 -9999 -9999 -9999 -9999 -9999 -9999 -9999 -9999
-9999 1.04432 0.686302 -0.606216 0.0660693 0.960957 2.22943 2.89715 3.40305 3.80224 4.20899 4.1693 3.60472 1.92289 1.68842 1.62186 0.450833 -2.01383 -4.47527 -5.10821 -2.32211 -1.51994 -1.67531 -1.04768 -2.52644 -1.817 -2.09755 -2.8697 -5.28909 -7.49952 -8.41503 -10.2317 -9999 -9999 -9999 -9999 -9999 -9999 -9999 -9999 -9999 -9999 -9999 -9999 -9999 -9999 -9999 -9999 -9999 -9999 -9999 -9999 -9999 -9999 -9999 -9999 -9999 -9999 -9999 -9999 -9999 -9999 -9999 -9999 -9999 -9999 -9999 -9999 -9999 -9999
-9999 -9999 -9999 -9999 -1.41988 -0.19566 0.814184 2.05689 3.12545 3.66326 4.18564 4.15172 3.01603 2.46388 2.42165 1.6566 0.303663 -0.543201 -2.09069 -3.70318 -3.07841 -0.701382 -1.74902 -0.0626661 -0.197645 0.118235 -0.997021 -3.09684 -5.91885 -7.55627 -8.37452 -9.84526 -9999 -9999 -9999 -9999 -9999 -9999 -9999 -9999 -9999 -9999 -9999 -9999 -9999 -9999 -9999 -9999 -9999 -9999 -9999 -9999 -9999 -9999 -9999 -9999 -9999 -9999 -9999 -9999 -9999 -9999 -9999 -9999 -9999 -9999 -9999 -9999 -9999 -9999
-9999 -9999 -9999 -9999 -9999 -0.420368 0.351517 1.99746 2.86508 3.2172 4.05509 4.06454 3.63882 3.3188 2.85098 2.2377 1.22232 0.101352 -1.35381 -1.48281 0.0399103 0.0652391 -0.24472 0.0112855 0.797566 0.599579 -1.11905 -4.10114 -5.67785 -8.86819 -10.2401 -10.0915 -11.0623 -9999 -9999 -9999 -9999 -9999 -9999 -9999 -9999 -9999 -9999 -9999 -9999 -7.22327 -9999 -9999 -9999 -9999 -9999 -9999 -9999 -9999 -9999 -9999 -9999 -9999 -9999 -9999 -9999 -9999 -9999 -9999 -9999 -9999 -12.9269 -9999 -9999 -9999
-9999 -9999 -9999 -9999 -0.587824 0.450065 1.25545 2.291 2.40886 3.03198 3.9944 4.01604 3.71622 3.37602 2.60231 2.41515 1.83963 0.621877 0.377532 0.87968 1.11451 1.38012 1.54652 1.42437 1.11629 0.716135 -0.378285 -1.76073 -2.68582 -5.61007 -7.07815 -8.49445 -10.6422 -12.3211 -9999 -9999 -9999 -9999 -9999 -9999 -9999 -8.38596 -8.45779 -8.41081 -7.92899 -6.6146 -7.37125 -9999 -9999 -9999 -9999 -9999 -9999 -9999 -9999 -9999 -9999 -9999 -9999 -9999 -9999 -9999 -9999 -9999 -9999 -9999 -11.7491 -13.4411 -9999 -9999
-9999 -9999 -9999 -9999 -0.308817 0.776932 1.3243 2.33101 2.91101 3.30596 3.64526 3.96926 3.92342 3.54613 2.96823 2.97795 2.17869 1.75036 1.44624 2.12315 2.26209 1.99963 1.66911 1.37803 0.541516 0.451862 0.202469 -0.671413 -2.1118 -3.59656 -5.72429 -8.64197 -11.5036 -13.8108 -9999 -9999 -9999 -9999 -9999 -9999 -8.15397 -7.06232 -6.40462 -7.77619 -6.58721 -5.4991 -5.66077 -6.68342 -9999 -9999 -9999 -9999 -9999 -9999 -9999 -9999 -9999 -9999 -9999 -9999 -9999 -9999 -3.72329 -5.45831 -8.96784 -10.7644 -11.8404 -13.3785 -9999 -9999
-9999 -9999 -9999 -9999 -0.527219 0.754135 1.62576 2.40048 2.53319 3.33025 3.68789 3.86573 3.85303 3.78354 3.68201 2.98512 2.68841 1.63188 2.65357 2.62097 2.37009 1.3588 0.924718 -0.815481 -1.57654 -1.72414 -0.244692 -1.32151 -3.58035 -6.40674 -9.79399 -10.0002 -11.1203 -13.1818 -9999 -9999 -9999 -9999 -9999 -9999 -7.82198 -6.65492 -5.67881 -5.52867 -6.89099 -4.96486 -5.01639 -6.07642 -6.3078 -5.41733 -4.9603 -5.26978 -4.20642 -3.89003 -4.35498 -3.82801 -9999 -9999 -9999 -9999 -3.49053 -3.41572 -3.3583 -4.07883 -7.91352 -10.5311 -12.881 -13.0888 -9999 -9999
-9999 -9999 -9999 -9999 0.347075 1.14119 1.54876 1.62467 2.32144 3.02027 3.4578 3.77316 3.7185 3.69995 3.67922 3.44432 2.89111 2.9967 2.95674 2.63645 0.704506 -1.55094 -0.557891 -1.89163 -4.75331 -2.39747 -1.1042 -2.32508 -5.06378 -8.24134 -9.26485 -9.20626 -10.7669 -12.7786 -9999 -9999 -9999 -11.0149 -9.34912 -9.19826 -8.70189 -7.14814 -5.96358 -5.0658 -4.45185 -4.45489 -5.07392 -6.10981 -7.23669 -6.81797 -4.7558 -4.244 -3.7982 -3.47023 -3.90097 -3.665 -3.10995 -2.82051 -2.75757 -2.88163 -2.90672 -2.85789 -2.91944 -3.59197 -7.01959 -8.9807 -10.2302 -12.7404 -9999 -9999
-9999 -9999 -9999 -9999 -0.145565 0.54713 1.11042 2.03461 2.14301 2.73264 3.08917 3.61365 3.67851 3.08753 3.58694 3.52829 3.4408 3.24967 2.96757 1.33692 -0.912078 -3.16602 -4.20245 -3.74639 -5.46684 -4.55948 -3.24898 -3.70958 -5.38461 -8.21417 -8.60489 -9.24771 -11.8712 -14.4031 -9999 -9999 -14.2422 -11.0522 -8.80413 -7.64134 -7.27627 -7.23432 -5.744 -5.61831 -4.01267 -4.37099 -6.46316 -6.21304 -7.01625 -6.47095 -5.70585 -5.48716 -4.38558 -3.33247 -3.12696 -3.11428 -2.75821 -2.68026 -2.6564 -2.66081 -2.89327 -2.7813 -2.76118 -3.17939 -5.66387 -6.87333 -8.20162 -12.7094 -9999 -9999
-9999 -9999 -9999 -9999 0.199358 0.972736 1.81815 1.96545 2.59406 2.54024 2.37829 3.2474 3.57389 3.15841 2.86023 3.42448 3.39011 3.32013 3.20225 1.66991 -0.103555 -2.79051 -4.45689 -5.4694 -6.18721 -7.13726 -6.45894 -6.65249 -6.91565 -6.59048 -7.35736 -8.89807 -10.4342 -13.3119 -14.869 -9999 -14.0722 -12.6302 -9.95803 -7.6858 -6.24054 -6.75054 -5.05704 -4.73499 -3.74929 -4.30803 -5.57096 -6.10668 -6.14197 -6.29637 -5.14764 -4.36572 -3.80641 -3.43551 -2.97543 -2.85308 -2.73129 -2.67727 -2.64601 -2.61524 -2.61728 -2.62291 -2.67015 -2.82555 -3.9663 -5.16999 -7.78277 -12.5599 -9999 -9999
-9999 -9999 -9999 -2.0396 0.108722 1.39759 1.90478 2.27408 2.60043 2.83923 3.09102 3.3223 3.48423 3.42797 2.31632 2.41195 2.61665 3.25445 3.21331 3.07893 2.11157 -1.15937 -2.28289 -3.92805 -6.06206 -6.93911 -6.48018 -4.71192 -4.77909 -5.93156 -7.21767 -8.99387 -10.1232 -11.8881 -15.28 -14.9697 -13.4336 -12.2895 -10.4723 -7.69639 -5.74806 -4.87426 -4.53863 -3.84438 -3.47823 -4.24635 -4.97276 -5.27165 -5.83705 -5.90407 -5.88492 -5.1848 -4.62924 -3.42185 -3.01124 -2.81837 -2.71754 -2.66105 -2.61936 -2.57918 -2.56322 -2.58309 -2.57913 -2.58573 -2.6639 -4.27236 -8.30078 -11.3335 -9999 -9999
-9999 -9999 -9999 -9999 -0.287606 0.287656 0.448501 0.71884 1.25743 1.87552 2.74779 2.86776 3.3491 3.35328 2.39814 1.29086 2.26283 2.65101 3.05349 3.06976 2.94958 0.203451 -1.22955 -2.35513 -4.40072 -3.64069 -2.92477 -2.85944 -3.27258 -5.7557 -8.22922 -11.0778 -13.7457 -13.8666 -15.2988 -14.53 -13.5143 -10.9125 -9.08014 -8.33397 -7.79577 -4.97225 -4.23023 -3.96709 -3.23452 -4.20504 -4.43524 -5.15916 -4.924 -4.97294 -4.95301 -6.98463 -4.90974 -4.77547 -3.42599 -2.811 -2.66641 -2.62293 -2.57821 -2.56777 -2.55673 -2.56012 -2.54411 -2.55981 -2.57813 -3.62225 -8.73323 -11.2961 -9999 -9999
-9999 -9999 -9999 -9999 -9999 -9999 -0.0819857 0.359784 0.6472 1.13406 2.60164 3.003 3.27156 3.30069 2.87735 1.7822 1.49606 1.70114 0.63116 1.53399 2.76855 2.74445 2.60307 0.190832 -1.03061 0.180174 -0.172295 -1.98002 -3.4002 -4.80204 -7.69949 -9.81273 -12.8714 -15.1673 -15.248 -12.7012 -10.5842 -7.95182 -6.78804 -7.4438 -6.72311 -5.31591 -3.71795 -2.93916 -3.1085 -4.13195 -4.25803 -5.38196 -4.24586 -4.13357 -4.63803 -5.07212 -4.87111 -4.19595 -3.93145 -2.87432 -2.61202 -2.55865 -2.54554 -2.53726 -2.53866 -2.54215 -2.55136 -2.55947 -2.57089 -2.61442 -7.86827 -11.9536 -9999 -9999
-9999 -9999 -9999 -9999 -9999 -9999 -1.09226 -0.817441 -0.119067 1.65235 2.58591 2.96759 2.96332 3.14235 2.84549 1.88193 0.892051 -0.0419044 -1.24686 -0.550918 1.28355 2.36838 2.49867 0.385259 1.5066 1.10493 0.302121 -2.06561 -3.80738 -4.72534 -7.50635 -9.88107 -11.9131 -14.7231 -13.512 -12.1797 -10.4707 -7.59824 -5.65939 -4.85982 -5.52133 -4.61966 -2.78218 -2.76145 -3.74947 -3.67092 -4.26091 -5.80225 -4.16432 -3.69123 -4.04216 -3.93026 -4.04548 -3.78545 -3.32435 -2.8843 -2.58982 -2.54408 -2.53392 -2.53949 -2.53713 -2.53331 -2.55095 -2.54662 -2.55818 -2.58125 -5.97095 -12.0312 -9999 -9999
-9999 -9999 -9999 -9999 -9999 -9999 -9999 -1.99687 -0.420547 1.92684 2.51875 2.47556 2.966 3.01459 2.55582 2.15727 0.954639 -0.690313 -3.85306 -3.04175 -1.3527 1.08153 2.36509 2.20175 1.50883 0.287701 -2.68349 -5.28201 -5.58671 -6.00206 -8.02844 -9.85344 -12.1134 -10.7917 -9.34573 -7.76534 -6.93332 -7.14439 -5.48242 -4.12604 -4.69436 -3.58996 -2.30114 -2.87103 -3.20216 -3.47664 -4.16146 -4.1877 -4.09732 -3.15949 -3.77941 -3.37111 -3.33918 -3.34728 -3.11649 -2.85431 -2.5812 -2.53077 -2.52485 -2.51671 -2.54453 -2.53119 -2.54381 -2.55597 -2.56641 -2.58571 -2.88846 -6.1504 -8.09737 -9999
-9999 -9999 -9999 -9999 -9999 -9999 -9999 -3.43859 -2.64592 0.131659 0.997776 2.22919 2.88616 2.92302 2.14456 1.71271 -0.0812571 -0.66082 -3.5862 -4.90716 -3.77602 -4.20016 -0.84969 2.11711 1.4903 -4.46883 -6.61925 -8.14938 -7.74079 -7.72495 -8.28064 -11.399 -12.2546 -9.43984 -7.66583 -6.2909 -5.24743 -5.02683 -5.0589 -2.94004 -2.65268 -1.95844 -2.09904 -2.02494 -3.08057 -3.72778 -3.13162 -3.7811 -3.87803 -2.90986 -3.82948 -2.96545 -3.04332 -3.28362 -3.28429 -2.71521 -2.59307 -2.52631 -2.5172 -2.53539 -2.56087 -2.57383 -2.55308 -2.55856 -2.58611 -2.58057 -2.60636 -2.98982 -4.67481 -5.25934
-9999 -9999 -9999 -9999 -9999 -9999 -9999 -9999 -5.22487 -1.3698 0.397909 1.32986 2.63696 2.80055 2.39077 1.63908 -0.188368 -1.79509 -4.40958 -7.39562 -8.97232 -4.22455 -0.0903837 2.07215 1.80629 -3.15235 -5.10185 -5.18054 -4.013 -4.97586 -5.70372 -8.06927 -8.77253 -9.75451 -9.13803 -7.22304 -5.6586 -4.15069 -3.05335 -2.95994 -2.24546 -1.82843 -1.78637 -1.64848 -1.76224 -1.85147 -2.86289 -2.13525 -2.72265 -2.38531 -2.57482 -2.74454 -2.88268 -3.45832 -3.02936 -2.64964 -2.54549 -2.50861 -2.52596 -2.52748 -2.54041 -2.57292 -2.58408 -2.58341 -2.58338 -2.59821 -2.59382 -2.60681 -2.79036 -3.80131
-9999 -9999 -9999 -9999 -9999 -9999 -9999 -9999 -7.1449 -3.30909 -1.4546 0.926795 2.15686 2.66017 2.60013 1.99207 0.604722 -1.48572 -3.2263 -6.56004 -10.0211 -5.03903 -0.594812 1.80613 1.94266 -2.21509 -1.04528 -1.96916 -1.57956 -3.28119 -3.98163 -4.52719 -5.74862 -7.08613 -8.55036 -9.32178 -5.81665 -4.01503 -2.56445 -1.87805 -1.48752 -1.28916 -1.38235 -1.63243 -3.1757 -1.9778 -2.02273 -2.12557 -2.24514 -2.29454 -2.40113 -2.52983 -2.59334 -2.61033 -2.98964 -2.53417 -2.53579 -2.52351 -2.51652 -2.52439 -2.54365 -2.56072 -2.58256 -2.57677 -2.58732 -2.59844 -2.60427 -2.60424 -2.61093 -2.66057
-9999 -9999 -9999 -9999 -9999 -9999 -9999 -9999 -12.5191 -6.94438 -2.45926 -0.115291 1.79485 2.32331 2.52379 1.70663 1.09633 -0.400704 -1.81794 -4.00644 -7.28637 -9.30302 -5.57018 -0.146333 1.86452 1.72774 1.61419 0.543674 -0.4199 -0.531675 -0.447403 -1.56507 -3.2089 -5.36235 -6.02764 -6.77981 -4.1677 -3.80975 -3.99607 -1.12468 -1.11313 -1.27023 -2.36021 -3.57527 -3.33192 -4.07511 -3.47513 -4.36708 -3.51903 -2.78365 -2.49945 -2.50678 -2.58091 -2.57799 -2.61001 -2.52278 -2.51644 -2.52259 -2.5271 -2.52831 -2.53598 -2.56679 -2.58343 -2.56904 -2.58426 -2.59734 -2.60772 -2.6043 -2.60477 -2.64006
-9999 -9999 -9999 -9999 -9999 -9999 -9999 -9999 -12.2787 -7.58632 -3.60764 -1.21598 1.08007 1.61735 2.3953 2.23353 1.59432 0.293865 -1.33187 -3.13197 -5.94498 -8.03364 -5.53494 -1.93104 0.652479 1.59485 1.601 1.54999 1.31623 1.22682 0.952542 0.767136 -0.410621 -2.4411 -3.58838 -5.27094 -2.36013 -2.0296 -2.47978 -1.02487 -1.09255 -3.27993 -4.95942 -5.16157 -4.11754 -5.08502 -5.23977 -5.83065 -5.12831 -3.26911 -3.79185 -3.67131 -2.81338 -2.66388 -2.56389 -2.53137 -2.52969 -2.52739 -2.5364 -2.53001 -2.52443 -2.55421 -2.56663 -2.57133 -2.60009 -2.59648 -2.61402 -2.62437 -2.63198 -2.64828
-9999 -9999 -9999 -9999 -9999 -9999 -9999 -9999 -12.1866 -9.02416 -5.44327 -1.92664 0.524743 1.51694 2.24045 2.23787 1.49431 0.850363 -0.166843 -1.74978 -2.83349 -4.71848 -7.30712 -2.94834 -1.60494 -0.394599 0.116726 1.36878 1.34917 0.790949 0.151803 0.773227 0.605122 -1.00355 -1.52868 -2.42013 -0.798835 -0.790336 -0.830559 -0.912404 -2.76003 -5.32958 -7.38134 -5.89207 -6.19269 -5.4953 -7.58516 -5.83788 -4.42922 -3.9628 -4.89256 -5.58289 -3.38651 -3.01284 -2.78894 -2.64309 -2.54541 -2.56077 -2.53305 -2.54118 -2.54354 -2.54699 -2.56231 -2.57029 -2.58569 -2.60119 -2.60853 -2.61631 -2.63546 -2.66045
-9999 -9999 -9999 -9999 -9999 -9999 -9999 -9999 -9999 -10.8853 -6.34532 -2.29463 -0.0367583 1.38511 2.08046 2.07321 1.69556 1.25994 0.631094 -0.509459 -1.94315 -4.21139 -5.89308 -4.81406 -3.4978 -3.33042 -2.45093 0.0812132 0.952869 -0.258348 -3.25935 -1.46308 0.531937 0.506562 0.343287 0.159391 -0.0777896 -0.291589 -0.76537 -2.04257 -5.96551 -6.73245 -8.26647 -8.08341 -8.86512 -7.12031 -7.74873 -5.96278 -5.18149 -4.87852 -6.50588 -6.13636 -4.19396 -3.42068 -3.53772 -3.06085 -2.60509 -2.58371 -2.56502 -2.57141 -2.55718 -2.5494 -2.55284 -2.5698 -2.58046 -2.58691 -2.61064 -2.60075 -2.74103 -2.82982
-9999 -9999 -9999 -9999 -9999 -9999 -9999 -9999 -9999 -11.7843 -7.2571 -2.48829 -0.952802 0.579501 1.90243 1.93349 1.35387 0.802812 0.235107 -0.411742 -2.15181 -3.83859 -5.44821 -5.98361 -5.65038 -5.65491 -4.23859 -0.943282 -0.297577 -0.559551 -3.68787 -4.74735 -2.0848 0.153569 0.33566 0.139316 -2.48104 -1.91615 -3.32723 -5.24279 -5.76546 -6.59977 -8.36959 -7.50622 -8.79915 -8.23156 -8.35481 -7.33644 -6.8337 -5.62402 -7.04153 -7.01286 -5.10544 -4.14093 -4.10761 -3.09726 -2.73221 -2.63147 -2.60147 -2.57874 -2.56906 -2.54825 -2.55256 -2.56237 -2.5768 -2.61929 -2.72763 -3.06405 -4.957 -4.94824
-9999 -9999 -9999 -9999 -9999 -9999 -9999 -9999 -9999 -11.2638 -8.12033 -3.88841 -0.752297 -0.549576 0.977742 1.76867 1.13805 0.4273 -0.299927 -0.614615 -2.50881 -4.58974 -6.26946 -8.2585 -7.92234 -6.48145 -4.11541 -1.98394 -1.59539 -2.0252 -3.68949 -2.88336 -1.06531 -0.0969215 0.193113 -0.0239027 -0.589882 -0.914503 -1.95184 -2.39793 -3.84044 -6.09909 -6.98408 -6.41105 -8.80753 -8.63025 -7.73108 -8.64845 -7.07987 -6.32327 -8.15807 -6.66397 -4.98059 -4.11545 -3.35842 -2.99588 -2.84686 -2.62321 -2.6108 -2.58641 -2.57071 -2.56837 -2.56313 -2.59292 -2.61661 -2.81291 -3.10482 -4.87034 -5.5916 -5.44046
-9999 -9999 -9999 -9999 -9999 -9999 -9999 -9999 -9999 -10.7315 -7.90094 -4.231 -1.99342 -1.58829 0.104767 1.61071 1.44852 0.708902 0.487493 -0.279019 -1.88458 -3.65832 -5.59731 -6.53626 -8.70347 -6.55527 -4.83972 -3.03372 -2.18423 -3.54582 -4.23535 -2.99291 -1.75799 -1.26072 -0.0141739 -0.0195461 -0.41741 -2.15342 -2.99676 -2.63135 -2.98974 -3.62197 -5.17398 -5.23558 -6.22889 -6.63485 -7.01729 -8.26307 -7.44057 -7.34871 -7.11065 -5.33012 -4.44957 -3.86287 -3.32886 -3.18262 -2.94645 -2.64287 -2.60995 -2.59294 -2.58827 -2.57699 -2.59321 -2.67197 -2.73748 -3.13766 -3.85031 -5.18493 -7.33996 -5.80201
-9999 -9999 -9999 -9999 -9999 -9999 -9999 -9999 -9999 -11.2147 -8.20864 -5.07149 -3.7565 -3.5285 -0.469045 1.40634 1.41498 1.06724 0.660234 -1.24146 -1.1236 -1.49895 -3.24751 -5.79714 -8.59771 -8.32716 -6.63434 -4.25088 -3.45715 -5.72581 -6.52945 -5.92511 -4.06163 -2.39306 -0.651367 -0.204163 -0.70679 -3.41237 -6.28794 -4.94473 -3.50973 -3.51058 -3.92218 -5.36052 -5.81145 -6.21842 -7.2644 -9.03347 -8.75161 -8.24469 -6.21785 -5.5763 -4.59071 -3.77093 -4.06794 -3.88095 -3.09766 -2.64537 -2.62172 -2.60729 -2.58645 -2.59073 -2.61151 -2.77358 -2.94554 -3.23798 -5.10515 -6.2638 -7.95046 -5.96258
-9999 -9999 -9999 -9999 -9999 -9999 -9999 -9999 -9999 -12.1453 -9.96251 -6.96403 -5.75224 -3.82285 -0.931487 0.493329 1.17912 1.16957 0.900133 0.0517067 -0.455945 -1.46179 -3.28112 -5.77089 -8.53901 -10.3385 -9.41302 -6.19674 -5.42269 -7.52311 -8.59245 -7.24391 -5.25858 -2.32254 -0.642253 -0.409702 -0.554586 -1.10736 -3.20496 -5.7405 -5.72497 -4.44276 -5.5021 -6.73418 -6.04395 -6.16153 -7.19442 -7.94297 -8.37743 -8.07056 -6.91102 -6.43086 -5.29408 -3.62094 -3.3741 -3.41328 -2.70492 -2.6626 -2.63934 -2.60633 -2.60086 -2.6012 -2.61626 -2.74713 -3.04767 -4.28841 -5.36951 -6.87583 -7.05651 -5.28279
-9999 -9999 -9999 -9999 -9999 -9999 -9999 -9999 -9999 -13.7461 -11.1794 -8.37049 -5.74013 -3.25135 -1.10867 -0.938196 0.194376 0.198308 0.794392 0.630793 -0.155162 -1.00141 -2.56814 -5.76845 -8.45829 -11.3922 -10.61 -7.33255 -6.87726 -8.28858 -10.9025 -8.18864 -5.19667 -2.48454 -1.0134 -2.15497 -0.971824 -1.06198 -1.84381 -3.35046 -5.69658 -5.64486 -7.40074 -7.46959 -6.55571 -6.25316 -6.39509 -6.95482 -7.84559 -7.66061 -6.94899 -6.76385 -5.71863 -4.41891 -3.14841 -2.92839 -2.68007 -2.66249 -2.65164 -2.62532 -2.61637 -2.63641 -2.69482 -2.83179 -3.87082 -5.10761 -5.86702 -6.91447 -7.03583 -5.00266
