Test_Spring_2018b/12_17/Temp/20171218_021.txt
ncols	170
nrows	115
xllcorner	350000.000000
yllcorner	4445000.000000
cellsize	1000.000000
nodata_value	-9999.000000
[rows 31 to 61 of 115, columns 70 to 139 of 170]
3.92536 4.53999 4.76773 4.34485 4.38993 5.42006 5.65241 5.64048 5.56012 5.46625 4.98453 4.82529 4.44625 3.77643 3.49737 2.3037 -1.56224 -0.463935 -0.0322748 -1.15034 -0.520199 0.503201 -0.379769 -3.00875 -4.13806 -5.95994 -5.36841 -5.90766 -7.37241 -9999 -9999 -9999 -9999 -9999 -9999 -9999 -9999 -9999 -9999 -9999 -9999 -9999 -9999 -9999 -9999 -9999 -9999 -9999 -9999 -9999 -9999 -9999 -9999 -9999 -9999 -9999 -9999 -9999 -9999 -9999 -9999 -9999 -9999 -9999 -9999 -9999 -9999 -9999 -9999 -9999
4.03889 4.32127 4.29765 3.89036 4.526 5.11153 4.76863 4.54256 5.50607 5.50908 5.18507 4.41991 4.14092 3.8515 3.6752 2.69275 -0.068606 -2.5575 -1.21907 -1.18392 -2.10343 -0.443666 -1.31383 -3.59061 -6.80632 -5.05026 -5.50025 -7.7646 -8.31503 -9999 -9999 -9999 -9999 -9999 -9999 -9999 -9999 -9999 -9999 -9999 -9999 -9999 -9999 -9999 -9999 -9999 -9999 -9999 -9999 -9999 -9999 -9999 -9999 -9999 -9999 -9999 -9999 -9999 -9999 -9999 -9999 -9999 -9999 -9999 -9999 -9999 -9999 -9999 -9999 -9999
3.26304 3.96361 3.75138 3.57769 4.52113 4.5039 4.45666 4.80693 5.40761 5.52932 5.40484 5.07282 4.78575 4.48015 3.70033 2.57614 0.213358 -2.62002 -3.26014 -1.86855 -1.7983 -1.57127 -2.36416 -3.36089 -4.92245 -3.63476 -3.13143 -4.61896 -6.56612 -7.81451 -9999 -9999 -9999 -9999 -9999 -9999 -9999 -9999 -9999 -9999 -9999 -9999 -9999 -9999 -9999 -9999 -9999 -9999 -9999 -9999 -9999 -9999 -9999 -9999 -9999 -9999 -9999 -9999 -9999 -9999 -9999 -9999 -9999 -9999 -9999 -9999 -9999 -9999 -9999 -9999
2.22142 3.42203 3.09925 2.18883 2.75831 3.18659 3.99229 4.20511 4.32652 5.45211 5.3958 5.34687 4.87063 4.49033 3.85822 2.77642 1.23503 -0.621373 -3.85582 -1.8562 -0.289493 -0.325784 -0.407411 -1.10462 -2.60495 -1.3413 -1.27736 -3.17514 -5.33721 -6.61602 -7.14211 -9999 -9999 -9999 -9999 -9999 -9999 -9999 -9999 -9999 -9999 -9999 -9999 -9999 -9999 -9999 -9999 -9999 -9999 -9999 -9999 -9999 -9999 -9999 -9999 -9999 -9999 -9999 -9999 -9999 -9999 -9999 -9999 -9999 -9999 -9999 -9999 -9999 -9999 -9999
-9999 2.66829 2.35748 1.24486 1.81777 2.58162 3.66548 4.23456 4.66349 5.00242 5.34797 5.3107 4.82328 3.37753 3.1736 3.11385 2.10668 -0.0102009 -2.12423 -2.66951 -0.281513 0.404543 0.269199 0.80567 -0.464855 0.141949 -0.100499 -0.767305 -2.84595 -4.74934 -5.53642 -7.09658 -9999 -9999 -9999 -9999 -9999 -9999 -9999 -9999 -9999 -9999 -9999 -9999 -9999 -9999 -9999 -9999 -9999 -9999 -9999 -9999 -9999 -9999 -9999 -9999 -9999 -9999 -9999 -9999 -9999 -9999 -9999 -9999 -9999 -9999 -9999 -9999 -9999 -9999
-9999 -9999 -9999 -9999 0.547281 1.59267 2.45568 3.5173 4.42907 4.88689 5.33166 5.2994 4.3221 3.84559 3.80666 3.14773 1.98452 1.25552 -0.0745178 -1.46029 -0.92669 1.11021 0.20912 1.65359 1.5356 1.80448 0.845655 -0.959286 -3.38483 -4.79679 -5.50062 -6.76421 -9999 -9999 -9999 -9999 -9999 -9999 -9999 -9999 -9999 -9999 -9999 -9999 -9999 -9999 -9999 -9999 -9999 -9999 -9999 -9999 -9999 -9999 -9999 -9999 -9999 -9999 -9999 -9999 -9999 -9999 -9999 -9999 -9999 -9999 -9999 -9999 -9999 -9999
-9999 -9999 -9999 -9999 -9999 1.40366 2.0625 3.47041 4.2092 4.50765 5.22309 5.22807 4.85992 4.58263 4.17867 3.64999 2.7764 1.81222 0.561322 0.448113 1.7519 1.77107 1.5026 1.71971 2.3918 2.21956 0.74008 -1.81933 -3.17439 -5.92105 -7.10002 -6.97454 -7.80932 -9999 -9999 -9999 -9999 -9999 -9999 -9999 -9999 -9999 -9999 -9999 -9999 -4.54996 -9999 -9999 -9999 -9999 -9999 -9999 -9999 -9999 -9999 -9999 -9999 -9999 -9999 -9999 -9999 -9999 -9999 -9999 -9999 -9999 -9.5132 -9999 -9999 -9999
-9999 -9999 -9999 -9999 1.26947 2.15512 2.84148 3.72554 3.82183 4.35187 5.17412 5.18957 4.92948 4.63495 3.96865 3.8056 3.30939 2.26218 2.05 2.47815 2.67691 2.90202 3.04201 2.93446 2.66744 2.32151 1.37863 0.18991 -0.60634 -3.11993 -4.38633 -5.60345 -7.44801 -8.89037 -9999 -9999 -9999 -9999 -9999 -9999 -9999 -5.53355 -5.59832 -5.56136 -5.15153 -4.02761 -4.68059 -9999 -9999 -9999 -9999 -9999 -9999 -9999 -9999 -9999 -9999 -9999 -9999 -9999 -9999 -9999 -9999 -9999 -9999 -9999 -8.5036 -9.95752 -9999 -9999
-9999 -9999 -9999 -9999 1.51272 2.43907 2.90377 3.76284 4.25618 4.58968 4.8773 5.15214 5.11 4.78372 4.28547 4.29141 3.60331 3.23336 2.96986 3.54787 3.66425 3.43617 3.14965 2.89696 2.17636 2.09655 1.87835 1.12569 -0.112842 -1.38931 -3.22383 -5.72908 -8.18613 -10.1675 -9999 -9999 -9999 -9999 -9999 -9999 -5.33069 -4.39718 -3.83617 -5.01631 -3.99996 -3.07034 -3.21307 -4.09404 -9999 -9999 -9999 -9999 -9999 -9999 -9999 -9999 -9999 -9999 -9999 -9999 -9999 -9999 -1.6101 -3.10082 -6.11387 -7.6574 -8.5827 -9.90455 -9999 -9999
-9999 -9999 -9999 -9999 1.32899 2.42276 3.1653 3.82507 3.93447 4.61373 4.91617 5.06562 5.05194 4.98979 4.90032 4.30014 4.04324 3.1344 4.00831 3.97758 3.75943 2.88879 2.51325 1.01716 0.361076 0.230107 1.49604 0.56907 -1.37181 -3.79945 -6.71223 -6.89343 -7.8565 -9.62707 -9999 -9999 -9999 -9999 -9999 -9999 -5.04483 -4.04669 -3.21262 -3.08741 -4.25999 -2.61163 -2.65949 -3.57348 -3.77667 -3.01747 -2.63008 -2.90289 -1.99584 -1.72844 -2.13111 -1.68257 -9999 -9999 -9999 -9999 -1.40714 -1.34524 -1.29816 -1.91844 -5.21036 -7.4581 -9.47633 -9.65934 -9999 -9999
-9999 -9999 -9999 -9999 2.0824 2.75775 3.1018 3.16176 3.75483 4.34978 4.72066 4.98946 4.93975 4.9213 4.90116 4.69737 4.22049 4.30869 4.27189 3.99439 2.3341 0.396124 1.24492 0.0957088 -2.36105 -0.346185 0.759801 -0.290961 -2.64371 -5.37278 -6.25759 -6.21154 -7.55252 -9.27917 -9999 -9999 -9999 -7.77427 -6.3475 -6.2206 -5.79754 -4.46761 -3.45468 -2.68946 -2.16677 -2.17115 -2.70875 -3.60227 -4.57397 -4.21975 -2.45558 -2.02138 -1.64682 -1.36966 -1.74312 -1.54385 -1.07099 -0.825709 -0.774464 -0.883408 -0.90723 -0.867475 -0.922315 -1.50126 -4.44446 -6.12896 -7.203 -9.36505 -9999 -9999
-9999 -9999 -9999 -9999 1.65972 2.24774 2.72518 3.51648 3.60464 4.10618 4.40799 4.85392 4.90674 4.39724 4.82341 4.77091 4.69365 4.52738 4.28288 2.88125 0.948936 -0.987815 -1.8802 -1.49074 -2.97009 -2.19779 -1.0771 -1.47796 -2.91737 -5.348 -5.68617 -6.24352 -8.49811 -10.6722 -9999 -9999 -10.54 -7.80533 -5.87898 -4.88391 -4.57347 -4.54055 -3.26539 -3.16127 -1.7878 -2.09725 -3.8986 -3.68895 -4.38526 -3.92273 -3.27158 -3.08899 -2.15103 -1.2525 -1.08023 -1.07306 -0.770965 -0.707138 -0.689396 -0.695616 -0.89724 -0.803201 -0.787831 -1.14846 -3.28175 -4.32126 -5.46473 -9.33781 -9999 -9999
-9999 -9999 -9999 -9999 1.95873 2.61576 3.33505 3.45599 3.99043 3.94212 3.79905 4.54126 4.81788 4.45897 4.20095 4.68292 4.65133 4.58907 4.48553 3.16828 1.64393 -0.664326 -2.09721 -2.96787 -3.58714 -4.40778 -3.8295 -3.99912 -4.22836 -3.95274 -4.61577 -5.94327 -7.26337 -9.73557 -11.0733 -9999 -10.3934 -9.15829 -6.868 -4.92108 -3.68392 -4.12455 -2.67513 -2.40266 -1.55918 -2.04298 -3.13303 -3.59825 -3.63377 -3.77157 -2.79145 -2.12813 -1.65551 -1.34194 -0.95182 -0.850677 -0.749639 -0.706353 -0.682232 -0.658194 -0.662037 -0.668748 -0.711029 -0.846054 -1.82642 -2.8625 -5.10601 -9.20997 -9999 -9999
-9999 -9999 -9999 0.0487812 1.88299 2.98188 3.41068 3.7218 3.99672 4.19719 4.40924 4.60601 4.74198 4.69077 3.73492 3.81493 3.98853 4.53357 4.49594 4.37806 3.54531 0.736058 -0.229972 -1.64447 -3.47867 -4.23709 -3.84716 -2.33389 -2.39513 -3.38732 -4.494 -6.02345 -6.99643 -8.51263 -11.4255 -11.161 -9.84496 -8.86534 -7.30838 -4.92932 -3.26055 -2.51401 -2.22956 -1.63622 -1.32625 -1.99046 -2.62024 -2.88197 -3.37254 -3.43564 -3.42486 -2.82984 -2.36056 -1.33171 -0.983868 -0.822561 -0.739562 -0.694172 -0.661064 -0.62888 -0.617168 -0.63597 -0.634187 -0.64141 -0.71135 -2.09308 -5.55519 -8.16262 -9999 -9999
-9999 -9999 -9999 -9999 1.54454 2.0309 2.16231 2.3883 2.84512 3.37084 4.11513 4.21482 4.62508 4.62724 3.80536 2.85345 3.68536 4.01633 4.35937 4.37082 4.26492 1.90689 0.67442 -0.294516 -2.05289 -1.40686 -0.796552 -0.744341 -1.10251 -3.2364 -5.36188 -7.81124 -10.1027 -10.2088 -11.4406 -10.7835 -9.91375 -7.68351 -6.1135 -5.47565 -5.01659 -2.59737 -1.96312 -1.74169 -1.11751 -1.95484 -2.15902 -2.78559 -2.58956 -2.6374 -2.6262 -4.37499 -2.60243 -2.49248 -1.33962 -0.817654 -0.697269 -0.663045 -0.627311 -0.620571 -0.612981 -0.617529 -0.605279 -0.621093 -0.641262 -1.53943 -5.92667 -8.13086 -9999 -9999
-9999 -9999 -9999 -9999 -9999 -9999 1.70782 2.08072 2.32192 2.73494 3.98989 4.33092 4.5586 4.58133 4.21617 3.27498 3.0276 3.20156 2.28145 3.05358 4.11052 4.08706 3.96272 1.89 0.836614 1.87143 1.5651 0.0103241 -1.21189 -2.41825 -4.90753 -6.72603 -9.35277 -11.3249 -11.3963 -9.21348 -7.39985 -5.14325 -4.14678 -4.71159 -4.09593 -2.89134 -1.52384 -0.859583 -1.00921 -1.89205 -2.00699 -2.97688 -2.00811 -1.91782 -2.35669 -2.73516 -2.57033 -1.99652 -1.77461 -0.87222 -0.651168 -0.609231 -0.600587 -0.595647 -0.598657 -0.603186 -0.614283 -0.623396 -0.635495 -0.675272 -5.18512 -8.69539 -9999 -9999
-9999 -9999 -9999 -9999 -9999 -9999 0.841401 1.07099 1.66467 3.17965 3.9764 4.30049 4.29407 4.44535 4.18869 3.36023 2.50922 1.70604 0.67029 1.26513 2.83649 3.76445 3.87326 2.05695 3.0135 2.66499 1.97228 -0.0629686 -1.56114 -2.35246 -4.74193 -6.78475 -8.53078 -10.944 -9.90723 -8.76635 -7.30215 -4.83992 -3.17848 -2.49478 -3.06464 -2.294 -0.721009 -0.707101 -1.55911 -1.49659 -2.00956 -3.33764 -1.93846 -1.53876 -1.84605 -1.75625 -1.8628 -1.64524 -1.25477 -0.881856 -0.633247 -0.597417 -0.591584 -0.598495 -0.598225 -0.597211 -0.614372 -0.612804 -0.625033 -0.64729 -3.55792 -8.76244 -9999 -9999
-9999 -9999 -9999 -9999 -9999 -9999 -9999 0.059139 1.40601 3.4151 3.91872 3.87826 4.29619 4.33551 3.93989 3.59611 2.56254 1.14941 -1.56592 -0.87205 0.57462 2.66031 3.75859 3.61532 3.01547 1.96397 -0.588985 -2.82225 -3.08758 -3.44776 -5.18989 -6.76115 -8.70281 -7.5715 -6.3333 -4.97961 -4.26781 -4.4508 -3.02693 -1.86543 -2.35546 -1.41088 -0.308564 -0.801338 -1.08979 -1.33014 -1.92447 -1.95278 -1.88127 -1.0829 -1.621 -1.27697 -1.25732 -1.26984 -1.077 -0.856727 -0.626474 -0.586634 -0.584329 -0.579525 -0.605315 -0.595808 -0.608668 -0.621273 -0.632575 -0.651629 -0.914003 -3.71788 -5.39135 -9999
-9999 -9999 -9999 -9999 -9999 -9999 -9999 -1.17792 -0.503278 1.87491 2.61377 3.66676 4.22749 4.25668 3.58672 3.21431 1.67346 1.17427 -1.33747 -2.47276 -1.50469 -1.87111 1.00043 3.54259 2.99948 -2.11669 -3.96546 -5.28211 -4.93552 -4.92579 -5.40625 -8.08717 -8.82405 -6.4119 -4.89238 -3.71501 -2.82186 -2.6345 -2.66399 -0.848253 -0.604434 -0.0117242 -0.135686 -0.0759598 -0.985919 -1.54598 -1.04133 -1.60426 -1.6934 -0.868951 -1.66412 -0.929085 -1.00361 -1.21532 -1.22104 -0.737463 -0.636736 -0.582884 -0.578141 -0.595822 -0.619545 -0.632794 -0.617055 -0.623975 -0.649993 -0.647787 -0.672608 -1.00709 -2.45584 -2.9604
-9999 -9999 -9999 -9999 -9999 -9999 -9999 -9999 -2.71601 0.586643 2.09903 2.8951 4.01352 4.15134 3.79809 3.151 1.58116 0.200718 -2.04435 -4.60829 -5.96296 -1.89236 1.65159 3.50384 3.27038 -0.987375 -2.6637 -2.73511 -1.73737 -2.56725 -3.1954 -5.23057 -5.83683 -6.68197 -6.15558 -4.51428 -3.17472 -1.8832 -0.943845 -0.865783 -0.255068 0.0990465 0.131811 0.246313 0.144448 0.0631659 -0.811258 -0.192631 -0.70242 -0.419039 -0.587724 -0.739408 -0.86558 -1.36488 -1.00195 -0.68077 -0.595454 -0.568342 -0.585665 -0.589105 -0.602127 -0.631856 -0.644113 -0.645818 -0.648236 -0.663559 -0.662533 -0.679291 -0.839984 -1.71039
-9999 -9999 -9999 -9999 -9999 -9999 -9999 -9999 -4.36355 -1.07728 0.509615 2.54917 3.60261 4.03156 3.97752 3.45356 2.2612 0.4657 -1.02969 -3.89196 -6.86365 -2.59101 1.21858 3.27543 3.38942 -0.183426 0.8164 0.0199915 0.350397 -1.11322 -1.71783 -2.19173 -3.24258 -4.3928 -5.6503 -6.31521 -3.31051 -1.76711 -0.524794 0.0619046 0.394632 0.562267 0.478361 0.259233 -1.06891 -0.0458403 -0.0910164 -0.18469 -0.292942 -0.341155 -0.438501 -0.554803 -0.616827 -0.63672 -0.967079 -0.581642 -0.588503 -0.580856 -0.577377 -0.586352 -0.604905 -0.621491 -0.642202 -0.640697 -0.652272 -0.664477 -0.67227 -0.677994 -0.686978 -0.732701
-9999 -9999 -9999 -9999 -9999 -9999 -9999 -9999 -8.97459 -4.19629 -0.350623 1.65657 3.29202 3.74251 3.9119 3.20848 2.68265 1.39616 0.178108 -1.70169 -4.51795 -6.2506 -3.04946 1.60087 3.32231 3.19901 3.09795 2.17584 1.34544 1.24583 1.31448 0.34965 -1.06144 -2.91209 -3.48653 -4.13445 -1.89597 -1.5912 -1.75329 0.7078 0.715315 0.577931 -0.360079 -1.40732 -1.20247 -1.84579 -1.33759 -2.10803 -1.38593 -0.760638 -0.522484 -0.534419 -0.60541 -0.609232 -0.641364 -0.573506 -0.571415 -0.579638 -0.586112 -0.589482 -0.598225 -0.626745 -0.643122 -0.632974 -0.650397 -0.664371 -0.676102 -0.67908 -0.682739 -0.716171
-9999 -9999 -9999 -9999 -9999 -9999 -9999 -9999 -8.76659 -4.7453 -1.33598 0.712201 2.6788 3.13684 3.8016 3.66037 3.10966 1.99173 0.594747 -0.951878 -3.36758 -5.16198 -3.02102 0.0697291 2.28318 3.08551 3.08667 3.0393 2.83511 2.75805 2.51887 2.35338 1.33961 -0.406549 -1.3937 -2.83988 -0.345243 -0.0641068 -0.452694 0.793086 0.732533 -1.14671 -2.59049 -2.7672 -1.87721 -2.71144 -2.8507 -3.36393 -2.76659 -1.1769 -1.63191 -1.53391 -0.805211 -0.681795 -0.604402 -0.580258 -0.582187 -0.583223 -0.593665 -0.590646 -0.588172 -0.615972 -0.628883 -0.635264 -0.662415 -0.664556 -0.682544 -0.697676 -0.707254 -0.724428
-9999 -9999 -9999 -9999 -9999 -9999 -9999 -9999 -8.68361 -5.97926 -2.91101 0.102409 2.20234 3.05068 3.66872 3.66401 3.02372 2.46895 1.59397 0.233623 -0.69852 -2.31817 -4.54161 -0.804989 0.346674 1.37878 1.8179 2.88841 2.86782 2.38509 1.8294 2.35909 2.21022 0.827041 0.373604 -0.39395 0.99432 0.999072 0.962075 0.889353 -0.698327 -2.9055 -4.66871 -3.39434 -3.65584 -3.06396 -4.86328 -3.36987 -2.16652 -1.77166 -2.57558 -3.17297 -1.29584 -0.98485 -0.796831 -0.675434 -0.595033 -0.61129 -0.590334 -0.599915 -0.604418 -0.609796 -0.625372 -0.634725 -0.650562 -0.666618 -0.678928 -0.692052 -0.711857 -0.737279
-9999 -9999 -9999 -9999 -9999 -9999 -9999 -9999 -9999 -7.57187 -3.68114 -0.209533 1.72423 2.94101 3.53469 3.52581 3.19931 2.8232 2.2814 1.30065 0.0684034 -1.87986 -3.32501 -2.40187 -1.27277 -1.13579 -0.384657 1.78413 2.52828 1.48546 -1.09613 0.439751 2.14802 2.12311 1.98003 1.8194 1.61315 1.42709 1.01803 -0.0802939 -3.44849 -4.10937 -5.42848 -5.27478 -5.94903 -4.45897 -5.00461 -3.47714 -2.81175 -2.55682 -3.95797 -3.64838 -1.99288 -1.33386 -1.43836 -1.03303 -0.645587 -0.63041 -0.617303 -0.625544 -0.615978 -0.611908 -0.617463 -0.634811 -0.646775 -0.655253 -0.682334 -0.680694 -0.804543 -0.884133
-9999 -9999 -9999 -9999 -9999 -9999 -9999 -9999 -9999 -8.34415 -4.46371 -0.375799 0.938419 2.25007 3.38225 3.40629 2.90653 2.43137 1.94199 1.38474 -0.110392 -1.55985 -2.9432 -3.40508 -3.12188 -3.12969 -1.91795 0.90565 1.45606 1.22771 -1.46509 -2.37732 -0.0963554 1.82081 1.974 1.80264 -0.448181 0.0336818 -1.17961 -2.82572 -3.27692 -3.99563 -5.51708 -4.77974 -5.89253 -5.40945 -5.52479 -4.65561 -4.22894 -3.19589 -4.41674 -4.39935 -2.77435 -1.95116 -1.92659 -1.06359 -0.753927 -0.670783 -0.648129 -0.631564 -0.6261 -0.61105 -0.617569 -0.62887 -0.644237 -0.683798 -0.779948 -1.07596 -2.70723 -2.70322
-9999 -9999 -9999 -9999 -9999 -9999 -9999 -9999 -9999 -7.8984 -5.20476 -1.57719 1.11041 1.28157 2.58921 3.2652 2.72173 2.10958 1.48333 1.21102 -0.416368 -2.20399 -3.6475 -5.35645 -5.07072 -3.83736 -1.81182 0.0134022 0.343278 -0.0289501 -1.46595 -0.777633 0.778873 1.60654 1.85232 1.66319 1.17476 0.893432 0.000687861 -0.384849 -1.62528 -3.56599 -4.32839 -3.84013 -5.89964 -5.75134 -4.98395 -5.78106 -4.4398 -3.79522 -5.37382 -4.10657 -2.66675 -1.92873 -1.28324 -0.975973 -0.851688 -0.663177 -0.65573 -0.637886 -0.627431 -0.628406 -0.626925 -0.655552 -0.679044 -0.850718 -1.10453 -2.62261 -3.25337 -3.12732
-9999 -9999 -9999 -9999 -9999 -9999 -9999 -9999 -9999 -7.44259 -5.01711 -1.87141 0.0455569 0.390538 1.8405 3.13 2.98845 2.35157 2.15927 1.49934 0.119556 -1.40456 -3.07049 -3.87858 -5.74048 -3.90028 -2.43264 -0.886589 -0.161189 -1.33885 -1.93364 -0.870964 0.185306 0.608816 1.67519 1.6676 1.32335 -0.168867 -0.895253 -0.584677 -0.895118 -1.44058 -2.77525 -2.83146 -3.68716 -4.03918 -4.37119 -5.45021 -4.74883 -4.67434 -4.48222 -2.9619 -2.21073 -1.71149 -1.2573 -1.1356 -0.93658 -0.679576 -0.654645 -0.643274 -0.642434 -0.63592 -0.653031 -0.723868 -0.783417 -1.13019 -1.74512 -2.89373 -4.75509 -3.43945
-9999 -9999 -9999 -9999 -9999 -9999 -9999 -9999 -9999 -7.85809 -5.28171 -2.59282 -1.46711 -1.27391 1.34844 2.955 2.96009 2.65944 2.30795 0.674148 0.772882 0.448447 -1.05413 -3.24402 -5.64927 -5.41989 -3.97458 -1.93008 -1.25246 -3.20843 -3.90107 -3.38578 -1.79023 -0.361843 1.12932 1.50999 1.07584 -1.24822 -3.71811 -2.56874 -1.34069 -1.34454 -1.7009 -2.93824 -3.32863 -3.68147 -4.58268 -6.10702 -5.87309 -5.44236 -3.71884 -3.17273 -2.33135 -1.63211 -1.89082 -1.73416 -1.0658 -0.681294 -0.664413 -0.655383 -0.640835 -0.647838 -0.669037 -0.811531 -0.962603 -1.21714 -2.82274 -3.82059 -5.27557 -3.57925
-9999 -9999 -9999 -9999 -9999 -9999 -9999 -9999 -9999 -8.65745 -6.78701 -4.2168 -3.17939 -1.52635 0.951954 2.1721 2.75822 2.74777 2.51434 1.78415 1.34626 0.480913 -1.08239 -3.22094 -5.59835 -7.14484 -6.35365 -3.59866 -2.94074 -4.74962 -5.67017 -4.51639 -2.81627 -0.300499 1.138 1.33453 1.20726 0.730075 -1.07243 -3.25069 -3.24046 -2.14362 -3.05571 -4.11613 -3.52753 -3.6321 -4.52204 -5.16817 -5.55152 -5.30083 -4.31318 -3.90546 -2.93433 -1.50295 -1.29507 -1.33245 -0.72841 -0.69567 -0.679217 -0.654362 -0.653138 -0.656916 -0.673393 -0.789314 -1.0509 -2.1192 -3.05065 -4.34701 -4.50617 -2.9982
-9999 -9999 -9999 -9999 -9999 -9999 -9999 -9999 -9999 -10.0317 -7.83164 -5.42375 -3.16909 -1.03593 0.800265 0.94445 1.91397 1.91517 2.42431 2.28166 1.60502 0.876579 -0.470039 -3.21818 -5.52845 -8.04819 -7.37991 -4.57541 -4.19158 -5.40553 -7.65119 -5.32603 -2.76229 -0.438576 0.820525 -0.161793 0.850263 0.769942 0.0962104 -1.19939 -3.21526 -3.17411 -4.68381 -4.74633 -3.96589 -3.71004 -3.83562 -4.31974 -5.09073 -4.94885 -4.34538 -4.19072 -3.29811 -2.18706 -1.10097 -0.915988 -0.70664 -0.695177 -0.689447 -0.670432 -0.66634 -0.687177 -0.741012 -0.862353 -1.7577 -2.82284 -3.47859 -4.38155 -4.49012 -2.75443
