Test_Spring_2018b/12_17/Temp/20171205_011.txt
ncols	170
nrows	115
xllcorner	350000.000000
yllcorner	4445000.000000
cellsize	1000.000000
nodata_value	-9999.000000
[rows 32 to 63 of 115, columns 72 to 143 of 170]
9.30303 8.9351 9.51709 10.0533 9.72906 9.5158 10.3909 10.3959 10.1032 9.4089 9.15777 8.89734 8.74011 7.84855 5.33636 3.07228 4.29472 4.32958 3.49441 5.00859 4.21759 2.14474 -0.783877 0.816483 0.406828 -1.67274 -2.18148 -9999 -9999 -9999 -9999 -9999 -9999 -9999 -9999 -9999 -9999 -9999 -9999 -9999 -9999 -9999 -9999 -9999 -9999 -9999 -9999 -9999 -9999 -9999 -9999 -9999 -9999 -9999 -9999 -9999 -9999 -9999 -9999 -9999 -9999 -9999 -9999 -9999 -9999 -9999 -9999 -9999 -9999 -9999 -9999 -9999
8.80588 8.65099 9.51359 9.50086 9.44796 9.758 10.3025 10.4156 10.3047 10.0049 9.74635 9.47107 8.76391 7.74312 5.59397 3.01605 2.43606 3.70677 3.77347 3.9827 3.26242 2.3561 0.934881 2.10904 2.56839 1.2039 -0.583988 -1.7338 -9999 -9999 -9999 -9999 -9999 -9999 -9999 -9999 -9999 -9999 -9999 -9999 -9999 -9999 -9999 -9999 -9999 -9999 -9999 -9999 -9999 -9999 -9999 -9999 -9999 -9999 -9999 -9999 -9999 -9999 -9999 -9999 -9999 -9999 -9999 -9999 -9999 -9999 -9999 -9999 -9999 -9999 -9999 -9999
8.21256 7.38667 7.90873 8.30196 9.01764 9.20621 9.31893 10.3466 10.2977 10.2558 9.82475 9.48131 8.90864 7.92641 6.52554 4.83769 1.89436 3.71915 5.14934 5.11895 5.04696 4.41387 3.04881 4.20147 4.26095 2.51598 0.526489 -0.637208 -1.11499 -9999 -9999 -9999 -9999 -9999 -9999 -9999 -9999 -9999 -9999 -9999 -9999 -9999 -9999 -9999 -9999 -9999 -9999 -9999 -9999 -9999 -9999 -9999 -9999 -9999 -9999 -9999 -9999 -9999 -9999 -9999 -9999 -9999 -9999 -9999 -9999 -9999 -9999 -9999 -9999 -9999 -9999 -9999
7.5379 6.52788 7.05312 7.75208 8.73236 9.2376 9.62736 9.93829 10.2554 10.224 9.78265 8.46849 8.28584 8.23468 7.32053 5.39547 3.47299 2.97956 5.1582 5.78614 5.66552 6.15663 5.00125 5.55585 5.33654 4.72207 2.80894 1.06808 0.352828 -1.06647 -9999 -9999 -9999 -9999 -9999 -9999 -9999 -9999 -9999 -9999 -9999 -9999 -9999 -9999 -9999 -9999 -9999 -9999 -9999 -9999 -9999 -9999 -9999 -9999 -9999 -9999 -9999 -9999 -9999 -9999 -9999 -9999 -9999 -9999 -9999 -9999 -9999 -9999 -9999 -9999 -9999 -9999
-9999 -9999 5.89716 6.84304 7.62737 8.58607 9.41538 9.83448 10.2418 10.2148 9.32711 8.89586 8.86348 8.26649 7.21026 6.5497 5.34162 4.08272 4.57226 6.4311 5.61317 6.93176 6.82663 7.07363 6.20192 4.53886 2.32263 1.02959 0.390357 -0.758573 -9999 -9999 -9999 -9999 -9999 -9999 -9999 -9999 -9999 -9999 -9999 -9999 -9999 -9999 -9999 -9999 -9999 -9999 -9999 -9999 -9999 -9999 -9999 -9999 -9999 -9999 -9999 -9999 -9999 -9999 -9999 -9999 -9999 -9999 -9999 -9999 -9999 -9999 -9999 -9999 -9999 -9999
-9999 -9999 -9999 6.67267 7.27083 8.55545 9.21683 9.49053 10.1443 10.151 9.81812 9.56828 9.20334 8.72506 7.93278 7.05815 5.9224 5.82307 7.01453 7.0355 6.79417 6.99487 7.60973 7.45504 6.10114 3.75951 2.52667 0.0101013 -1.06189 -0.945242 -1.70311 -9999 -9999 -9999 -9999 -9999 -9999 -9999 -9999 -9999 -9999 -9999 -9999 1.31479 -9999 -9999 -9999 -9999 -9999 -9999 -9999 -9999 -9999 -9999 -9999 -9999 -9999 -9999 -9999 -9999 -9999 -9999 -9999 -9999 -3.1334 -9999 -9999 -9999 -9999 -9999 -9999 -9999
-9999 -9999 6.55888 7.35529 7.98243 8.78948 8.86939 9.35029 10.1011 10.1172 9.88257 9.61696 9.01302 8.8679 8.41958 7.46952 7.28031 7.67446 7.85954 8.06842 8.19945 8.10461 7.8641 7.55131 6.67544 5.59417 4.87035 2.57477 1.41504 0.308614 -1.36907 -2.68 -9999 -9999 -9999 -9999 -9999 -9999 -9999 0.410458 0.355408 0.392822 0.76969 1.79687 1.20509 -9999 -9999 -9999 -9999 -9999 -9999 -9999 -9999 -9999 -9999 -9999 -9999 -9999 -9999 -9999 -9999 -9999 -9999 -9999 -2.20785 -3.52679 -9999 -9999 -9999 -9999 -9999 -9999
-9999 -9999 6.77085 7.61658 8.04141 8.82529 9.27586 9.56875 9.83221 10.0844 10.0482 9.75354 9.30272 9.31166 8.68872 8.35589 8.12023 8.65123 8.76158 8.5579 8.30064 8.07378 7.42019 7.3499 7.13512 6.45097 5.32409 4.16267 2.47872 0.198803 -2.03683 -3.8387 -9999 -9999 -9999 -9999 -9999 -9999 0.597282 1.45198 1.96708 0.895708 1.82506 2.67512 2.548 1.73506 -9999 -9999 -9999 -9999 -9999 -9999 -9999 -9999 -9999 -9999 -9999 -9999 -9999 -9999 4.0552 2.70288 -0.0363312 -1.43686 -2.27422 -3.47288 -9999 -9999 -9999 -9999 -9999 -9999
-9999 -9999 6.60687 7.60472 8.28222 8.88405 8.98436 9.60051 9.86926 10.0069 9.99648 9.94242 9.86403 9.32092 9.09103 8.26756 9.06842 9.04521 8.85115 8.0624 7.72429 6.36486 5.77014 5.6366 6.79143 5.94826 4.18131 1.97095 -0.688591 -0.857437 -1.73204 -3.3418 -9999 -9999 -9999 -9999 -9999 -9999 0.863768 1.77749 2.54144 2.65926 1.59443 3.09913 3.04602 2.21574 2.03297 2.72698 3.08241 2.82999 3.65744 3.90499 3.54247 3.95577 -9999 -9999 -9999 -9999 4.23393 4.29615 4.34487 3.78558 0.792361 -1.24969 -3.08272 -3.24594 -9999 -9999 -9999 -9999 -9999 -9999
-9999 -9999 7.29705 7.91326 8.22724 8.2821 8.82249 9.36132 9.6929 9.93836 9.89512 9.88097 9.86592 9.68417 9.25417 9.33939 9.31098 9.06339 7.55593 5.79521 6.57282 5.52927 3.28538 5.11657 6.12544 5.16923 3.02677 0.54151 -0.27051 -0.231863 -1.45077 -3.0194 -9999 -9999 -9999 -1.63065 -0.325757 -0.205045 0.185342 1.40164 2.32881 3.0281 3.5076 3.4984 3.0079 2.19588 1.31259 1.63727 3.24657 3.6445 3.98049 4.23676 3.90074 4.08858 4.52431 4.75305 4.8053 4.71184 4.69608 4.73832 4.6944 4.17299 1.49557 -0.0333252 -1.0062 -2.96767 -9999 -9999 -9999 -9999 -9999 -9999
-9999 -9999 6.91519 7.45158 7.8868 8.60575 8.6859 9.14272 9.41481 9.81668 9.8667 9.40515 9.79673 9.75298 9.68729 9.541 9.32375 8.05243 6.29752 4.53821 3.72982 4.08134 2.7365 3.43627 4.4585 4.0924 2.78156 0.568075 0.261026 -0.251253 -2.30698 -4.28429 -9999 -9999 -4.15055 -1.65403 0.106262 1.01817 1.3062 1.34113 2.50733 2.60623 3.861 3.57525 1.93352 2.12637 1.49037 1.91329 2.50939 2.67787 3.52962 4.34989 4.51086 4.52188 4.802 4.86546 4.88726 4.88749 4.70989 4.80173 4.82193 4.49954 2.56215 1.62108 0.58373 -2.93513 -9999 -9999 -9999 -9999 -9999 -9999
-9999 -9999 7.18964 7.78849 8.44369 8.55353 9.03998 8.99515 8.86161 9.53827 9.78763 9.46323 9.23159 9.67491 9.65109 9.59989 9.51142 8.31734 6.93443 4.83697 3.53639 2.74091 2.17952 1.42745 1.95542 1.80173 1.59353 1.84524 1.23976 0.0259545 -1.17437 -3.42687 -4.64154 -9999 -4.01248 -2.8818 -0.789664 0.989671 2.12222 1.72596 3.05106 3.3034 4.06967 3.6314 2.63747 2.21552 2.1847 2.06065 2.95507 3.55772 3.98553 4.27435 4.63215 4.72867 4.8256 4.87036 4.89805 4.92597 4.9287 4.92893 4.89677 4.78007 3.89313 2.9541 0.915995 -2.8134 -9999 -9999 -9999 -9999 -9999 -9999
-9999 5.45937 7.12535 8.12626 8.51633 8.79894 9.04848 9.23029 9.42024 9.59893 9.72385 9.67662 8.80933 8.88665 9.05001 9.55238 9.5243 9.42319 8.67064 6.11703 5.23702 3.95086 2.28253 1.58827 1.94438 3.32349 3.268 2.36437 1.35658 -0.0409826 -0.927608 -2.30601 -4.9583 -4.71257 -3.50837 -2.61021 -1.18587 0.987427 2.51344 3.19891 3.46289 4.0033 4.2886 3.68565 3.11113 2.87406 2.42833 2.37194 2.38288 2.92623 3.35098 4.28782 4.6082 4.75839 4.83884 4.88554 4.92149 4.95695 4.97401 4.96339 4.97155 4.97144 4.91316 3.6604 0.51594 -1.85008 -9999 -9999 -9999 -9999 -9999 -9999
-9999 -9999 6.82179 7.26426 7.38297 7.58761 8.00245 8.48019 9.15478 9.24563 9.62024 9.62341 8.8763 8.01369 8.77701 9.08464 9.40364 9.42064 9.33051 7.18406 6.06544 5.18608 3.58672 4.17196 4.72857 4.77636 4.45007 2.50603 0.569795 -1.66581 -3.75163 -3.84584 -4.96614 -4.36438 -3.56657 -1.52887 -0.092393 0.494893 0.919097 3.12859 3.70844 3.91346 4.48498 3.72442 3.53748 2.96777 3.14721 3.10437 3.11533 1.52307 3.13501 3.23741 4.29049 4.76763 4.88144 4.91797 4.95639 4.96878 4.98222 4.98476 5.00263 4.99424 4.98468 4.17315 0.182798 -1.81594 -9999 -9999 -9999 -9999 -9999 -9999
-9999 -9999 -9999 -9999 6.97301 7.31116 7.52928 7.90408 9.04374 9.35431 9.5625 9.58503 9.25535 8.40126 8.18152 8.34631 7.51479 8.22471 9.19196 9.17556 9.06647 7.18152 6.22004 7.16376 6.88512 5.46872 4.35504 3.25575 0.987845 -0.673048 -3.06445 -4.85871 -4.92061 -2.92794 -1.27183 0.790038 1.70421 1.19606 1.76312 2.86435 4.11452 4.72326 4.5898 3.78769 3.68198 2.79928 3.68244 3.76517 3.36581 3.02161 3.16879 3.69351 3.89826 4.72364 4.92907 4.97121 4.98499 4.99583 4.99974 5.00243 4.99997 4.99885 4.99492 4.96556 0.863658 -2.32496 -9999 -9999 -9999 -9999 -9999 -9999
-9999 -9999 -9999 -9999 6.18788 6.3953 6.93439 8.31295 9.03516 9.33026 9.32517 9.46484 9.23407 8.4836 7.71358 6.98831 6.05112 6.59926 8.03649 8.88688 8.99018 7.3388 8.20844 7.89185 7.2611 5.40686 4.04164 3.32031 1.14319 -0.722065 -2.31123 -4.50744 -3.55977 -2.51635 -1.17746 1.07118 2.59126 3.2206 2.70698 3.41423 4.85167 4.86799 4.09467 4.15376 3.68539 2.47627 3.75139 4.11582 3.83613 3.91831 3.81816 4.01815 4.37629 4.71917 4.9496 4.98702 4.99769 4.99779 5.00476 5.01295 5.00464 5.01342 5.00953 4.99629 2.35141 -2.38067 -9999 -9999 -9999 -9999 -9999 -9999
-9999 -9999 -9999 -9999 -9999 5.47777 6.70304 8.53177 8.98699 8.95006 9.33165 9.36941 9.01212 8.70326 7.76712 6.48611 4.01894 4.6573 5.98094 7.88602 8.89073 8.76348 8.21524 7.25821 4.93275 2.8981 2.65599 2.32741 0.739993 -0.69565 -2.46307 -1.4302 -0.299061 0.938221 1.59166 1.43074 2.7343 3.79879 3.35826 4.22403 5.23275 4.78755 4.52769 4.3109 3.76844 3.74341 3.80898 4.53654 4.0465 4.36019 4.37495 4.36523 4.54321 4.74694 4.96057 5.00159 5.00924 5.01992 5.00327 5.01914 5.01484 5.01082 5.0079 4.9977 4.7655 2.22049 0.702389 -9999 -9999 -9999 -9999 -9999
-9999 -9999 -9999 -9999 -9999 4.35529 4.96834 7.13352 7.80321 8.7626 9.27445 9.30311 8.69598 8.36091 6.96238 6.51404 4.23251 3.20393 4.09151 3.76266 6.38281 8.70201 8.20543 3.54554 1.86168 0.662176 0.977644 0.986157 0.548227 -1.8983 -2.56811 -0.36836 1.01907 2.0957 2.91431 3.09045 3.07004 4.73075 4.95831 5.50356 5.3952 5.45341 4.62746 4.11951 4.57829 4.06632 3.98563 4.73701 4.01283 4.68276 4.61171 4.4205 4.41757 4.86112 4.95671 5.01044 5.02039 5.01051 4.99589 4.99075 5.01253 5.01375 4.9975 5.00674 4.99105 4.69574 3.38242 2.92872 3.44868 -9999 -9999 -9999
-9999 -9999 -9999 -9999 -9999 -9999 2.95754 5.96526 7.33985 8.06548 9.08562 9.21342 8.89267 8.30831 6.88398 5.63267 3.59392 1.26465 0.0346484 3.74788 6.98058 8.67131 8.45676 4.57904 3.05248 2.98761 3.8965 3.14035 2.56808 0.709874 0.159182 -0.608403 -0.125692 1.37204 2.59768 3.78028 4.64237 4.71994 5.28264 5.60908 5.64355 5.75175 5.6621 5.59049 4.79303 5.35766 4.89395 5.1526 4.99933 4.86161 4.74353 4.2904 4.62335 4.91897 5.0005 5.03032 5.01984 5.02288 5.01794 4.99839 4.99362 4.99959 5.00485 4.99816 5.00606 5.0003 4.86045 4.07352 3.01711 1.68019 -9999 -9999
-9999 -9999 -9999 -9999 -9999 -9999 1.46187 4.45511 5.89788 7.75669 8.71402 9.10722 9.0623 8.59002 7.50943 5.8798 4.52379 1.92251 -0.7787 3.11819 6.59051 8.46769 8.57416 5.31604 6.22774 5.50269 5.80395 4.47078 3.92027 3.48444 2.52891 1.48353 0.338547 -0.262876 2.47979 3.89169 5.0296 5.57037 5.87968 6.0383 5.96558 5.76807 4.56142 5.49609 5.45422 5.37021 5.27259 5.22944 5.14144 5.03621 4.97663 4.9604 4.66188 5.01564 5.01469 5.02607 5.03451 5.03242 5.02234 5.01464 5.00361 5.01105 5.00724 5.00338 5.00326 5.00766 5.00606 4.97048 4.76723 2.96915 1.89664 1.60129
-9999 -9999 -9999 -9999 -9999 -9999 -2.7334 1.61961 5.11483 6.94519 8.43631 8.85027 9.00889 8.37301 7.89946 6.73331 5.62969 3.92319 1.36334 -0.209762 2.70976 6.95014 8.51757 8.40201 8.31112 7.47192 6.71607 6.62591 6.68913 5.80611 4.51838 2.83567 2.31565 1.73006 3.77455 4.05785 3.91613 6.16427 6.17712 6.05773 5.20854 4.25683 4.44729 3.86119 4.3236 3.62339 4.28256 4.85333 5.07133 5.06152 4.99387 4.99197 4.9653 5.03249 5.03808 5.03504 5.03437 5.03729 5.03602 5.01729 5.01002 5.02712 5.01638 5.01108 5.00611 5.01313 5.0164 4.99208 4.97059 4.70064 4.29074 3.50234
-9999 -9999 -9999 -9999 -9999 -9999 -2.54452 1.11598 4.22337 6.08945 7.88403 8.30496 8.91484 8.79102 8.29462 7.28179 6.01489 4.61164 2.41645 0.786915 2.74202 5.5598 7.57953 8.30706 8.30578 8.26387 8.07892 8.00469 7.78806 7.63327 6.71247 5.12406 4.22881 2.91591 5.1936 5.45518 5.1069 6.24766 6.1983 4.49189 3.18184 3.02564 3.83743 3.08079 2.95342 2.48468 3.03058 4.48032 4.06731 4.15785 4.81855 4.93329 5.00934 5.03454 5.03661 5.04017 5.03586 5.04452 5.05332 5.03505 5.03073 5.03256 5.0155 5.01769 5.00842 5.00468 5.00082 4.99138 4.97243 4.90115 4.82291 4.92112
-9999 -9999 -9999 -9999 -9999 -9999 -2.46552 -0.0023847 2.79468 5.54007 7.45629 8.23288 8.80018 8.80063 8.22245 7.72243 6.93083 5.69702 4.85314 3.38262 1.36164 4.76982 5.82009 6.75687 7.15407 8.13068 8.11316 7.6746 7.1601 7.64515 7.5111 6.25459 5.84556 5.15083 6.42049 6.43009 6.4019 6.34127 4.90048 2.89516 1.294 2.45969 2.22572 2.7648 1.12519 2.48894 3.58705 3.94834 3.21445 2.67191 4.37897 4.66805 4.84233 4.95637 5.0336 5.02338 5.04768 5.04478 5.04708 5.04904 5.04206 5.04095 5.03399 5.02672 5.01875 5.01691 5.00562 4.99068 4.99694 4.96189 4.95286 4.9455
-9999 -9999 -9999 -9999 -9999 -9999 -9999 -1.45005 2.0938 5.25933 7.02439 8.13675 8.68193 8.67854 8.38607 8.04859 7.5602 6.67185 5.55419 3.78394 2.47165 3.31647 4.34546 4.46635 5.15266 7.13023 7.80983 6.86148 4.50439 5.90412 7.46341 7.44417 7.31771 7.17567 6.99093 6.82654 6.4592 5.46404 2.40099 1.80565 0.608986 0.75373 0.143766 1.50066 1.0029 2.397 3.00541 3.23965 1.96506 2.24338 3.75732 4.36043 4.26829 4.64104 4.99646 5.01497 5.03215 5.03041 5.04539 5.05578 5.05771 5.05063 5.0471 5.04668 5.02478 5.03658 4.93056 4.86446 4.72209 4.91611 4.94168 4.96059
-9999 -9999 -9999 -9999 -9999 -9999 -9999 -2.15135 1.38644 5.11366 6.31444 7.51329 8.54901 8.57551 8.12506 7.69716 7.25635 6.75364 5.39637 4.08045 2.82446 2.40758 2.6691 2.65478 3.76106 6.33557 6.83909 6.63314 4.17246 3.34439 5.42563 7.17578 7.31929 7.16748 5.12159 5.56547 4.46526 2.97086 2.56503 1.91542 0.534297 1.21067 0.201196 0.645177 0.534672 1.32937 1.72066 2.66418 1.55427 1.56668 3.05345 3.8065 3.83229 4.62226 4.90857 4.989 5.01483 5.03561 5.04675 5.06701 5.06794 5.0647 5.05785 5.02891 4.94829 4.68075 3.20498 3.21512 3.63091 4.02476 4.73537 4.94183
-9999 -9999 -9999 -9999 -9999 -9999 -9999 -1.74016 0.716755 4.02481 6.47689 6.63681 7.83237 8.45274 7.96237 7.40954 6.8439 6.60064 5.12278 3.49874 2.18796 0.635063 0.899038 2.02601 3.86312 5.52846 5.83145 5.49481 4.17804 4.80835 6.22981 6.98757 7.21552 7.04754 6.60715 6.35567 5.54734 5.20117 4.07619 2.31318 1.62345 2.07284 0.20092 0.339994 1.04271 0.31024 1.53506 2.12504 0.689597 1.84456 3.15955 3.83538 4.42716 4.71113 4.82877 5.00532 5.01736 5.03929 5.05488 5.0604 5.06843 5.04921 5.03475 4.88529 4.66091 3.2846 2.71547 2.83688 3.48507 4.05361 4.6508 4.89861
-9999 -9999 -9999 -9999 -9999 -9999 -9999 -1.31993 0.892955 3.76223 5.5124 5.83075 7.15599 8.33524 8.21095 7.6355 7.46509 6.86862 5.61626 4.23227 2.71887 1.98674 0.294338 1.97434 3.30305 4.71437 5.37802 4.29689 3.75835 4.72994 5.69589 6.08561 7.06121 7.05866 6.74961 5.39493 4.73806 5.02593 4.74805 4.256 3.04483 2.99817 2.22292 1.90626 1.60756 0.618005 1.26016 1.3311 1.51215 2.89508 3.58306 4.04168 4.45949 4.57466 4.76059 4.99968 5.02772 5.04375 5.05052 5.06276 5.0537 4.99586 4.94839 4.63928 4.08582 3.04606 1.35563 2.56087 3.82074 4.20403 4.57716 4.77389
-9999 -9999 -9999 -9999 -9999 -9999 -9999 -1.69358 0.65701 3.11032 4.13979 4.31995 6.71328 8.18137 8.19064 7.92145 7.60597 6.12225 6.21679 5.9257 4.56115 2.57027 0.382991 0.595686 1.90825 3.76962 4.39003 2.59984 1.9724 2.44553 3.90294 5.20826 6.57095 6.92216 6.53121 4.41869 2.17341 3.22534 4.34894 4.35021 4.03023 2.9075 2.55614 2.23879 1.42164 0.0318472 0.242715 0.638447 2.20936 2.71073 3.48118 4.1223 3.89091 4.03818 4.65186 5.00725 5.02803 5.04195 5.06118 5.06102 5.04813 4.92488 4.79392 4.56873 3.11271 2.21028 0.89441 2.44202 3.30335 3.76904 4.58938 4.79087
-9999 -9999 -9999 -9999 -9999 -9999 -9999 -2.41701 -0.70933 1.63603 2.58518 4.09536 6.35752 7.47362 8.01221 8.00739 7.79943 7.13889 6.74456 5.96071 4.54087 2.59683 0.435007 -0.969985 -0.245476 2.25547 2.85429 1.20201 0.367144 1.42212 2.97497 5.27103 6.58585 6.76936 6.65803 6.22802 4.5907 2.61108 2.62518 3.62911 2.80279 1.8412 2.38171 2.29056 1.48375 0.898889 0.542525 0.777268 1.67534 2.05087 2.93978 4.24813 4.44204 4.41274 4.96801 5.00307 5.02355 5.05192 5.059 5.06173 5.05307 4.95395 4.72222 3.75563 2.91372 1.73937 1.60096 2.98 3.58989 4.15745 4.56385 4.70149
-9999 -9999 -9999 -9999 -9999 -9999 -9999 -3.66428 -1.65609 0.541535 2.59973 4.5474 6.22466 6.36061 7.24852 7.25432 7.72287 7.59759 6.98577 6.32666 5.10427 2.60494 0.504369 -1.78716 -1.1745 1.37617 1.7128 0.610722 -1.43117 0.691098 3.03085 5.15207 6.30356 5.41322 6.33988 6.27144 5.66243 4.4869 2.65517 2.69732 1.32653 1.27399 1.98925 2.22645 2.11601 1.67882 0.975101 1.105 1.65342 1.7986 2.61617 3.63289 4.62706 4.80051 4.99637 5.01217 5.02297 5.04607 5.05578 5.04295 5.00021 4.8961 4.08697 3.12323 2.5325 1.71657 1.62434 3.21512 3.85452 4.21464 4.56681 4.71051
-9999 -9999 -9999 -9999 -9999 -9999 -9999 -9999 -1.85882 0.411474 2.09322 2.55112 4.04284 4.85151 5.47887 5.62332 7.40063 7.50514 7.11977 6.51487 5.47328 3.57836 2.26012 0.0623602 -1.51548 -0.859004 -0.552091 0.0370496 -0.12781 0.822512 3.07123 5.41378 5.67553 4.19882 4.42559 4.74313 5.44604 5.10028 2.60171 1.33587 0.286396 1.04438 1.8414 2.03985 2.08547 1.94049 1.77197 1.47677 2.54066 3.32985 3.5187 4.20782 4.71862 4.86528 4.97769 4.99837 5.01928 5.02725 5.00571 4.99219 4.87366 4.59843 3.69235 1.5025 1.61274 1.38266 0.706688 2.26119 3.24528 4.1257 4.59715 4.7246
-9999 -9999 -9999 -9999 -9999 -9999 -9999 -9999 -2.60997 0.0158948 0.576096 0.54202 -0.318021 0.0881448 3.30953 3.96375 5.66854 7.28312 7.17194 6.57859 5.60446 4.47861 2.73179 0.259198 -1.70412 -2.52959 -0.405171 1.68241 2.11918 2.7908 4.17147 4.43952 2.93017 1.51524 2.32069 2.80868 4.64811 4.98963 4.64059 3.13794 1.41885 0.524883 1.59571 1.74504 1.81605 1.83588 1.81098 1.77442 2.97292 3.63951 4.10427 4.36083 4.80056 4.91887 4.96206 5.00316 5.00316 4.98866 4.92817 4.85829 4.52433 4.11839 2.62923 1.38893 0.618333 -0.361865 1.87172 2.54087 3.46636 4.06429 4.53327 4.64207
