Test_Spring_2018b/12_17/Temp/20171222_006.txt
ncols	170
nrows	115
xllcorner	350000.000000
yllcorner	4445000.000000
cellsize	1000.000000
nodata_value	-9999.000000
[rows 31 to 61 of 115, columns 70 to 139 of 170]
2.05819 2.77663 3.0426 2.54751 2.60034 3.8052 4.08672 4.07293 3.98975 3.87941 3.315 3.12771 2.68285 1.89732 1.56865 0.169177 -4.35797 -3.07627 -2.57521 -3.88817 -3.15577 -1.96358 -3.00267 -6.08532 -7.41329 -9.55195 -8.87156 -9.50483 -11.2265 -9999 -9999 -9999 -9999 -9999 -9999 -9999 -9999 -9999 -9999 -9999 -9999 -9999 -9999 -9999 -9999 -9999 -9999 -9999 -9999 -9999 -9999 -9999 -9999 -9999 -9999 -9999 -9999 -9999 -9999 -9999 -9999 -9999 -9999 -9999 -9999 -9999 -9999 -9999 -9999 -9999
2.19335 2.52307 2.49496 2.01811 2.76201 3.44749 3.05514 2.79248 3.92883 3.93165 3.55157 2.65499 2.32702 1.98647 1.77791 0.62555 -2.609 -5.52513 -3.96282 -3.92606 -5.00688 -3.06969 -4.09345 -6.76356 -10.5327 -8.48389 -9.01685 -11.6732 -12.328 -9999 -9999 -9999 -9999 -9999 -9999 -9999 -9999 -9999 -9999 -9999 -9999 -9999 -9999 -9999 -9999 -9999 -9999 -9999 -9999 -9999 -9999 -9999 -9999 -9999 -9999 -9999 -9999 -9999 -9999 -9999 -9999 -9999 -9999 -9999 -9999 -9999 -9999 -9999 -9999 -9999
1.28759 2.10679 1.85802 1.65459 2.7587 2.73879 2.6828 3.1046 3.81607 3.95768 3.81098 3.42114 3.08358 2.724 1.80909 0.490821 -2.2773 -5.59651 -6.34947 -4.72521 -4.64757 -4.38677 -5.31982 -6.49166 -8.32471 -6.82363 -6.24059 -7.99263 -10.2763 -11.7417 -9999 -9999 -9999 -9999 -9999 -9999 -9999 -9999 -9999 -9999 -9999 -9999 -9999 -9999 -9999 -9999 -9999 -9999 -9999 -9999 -9999 -9999 -9999 -9999 -9999 -9999 -9999 -9999 -9999 -9999 -9999 -9999 -9999 -9999 -9999 -9999 -9999 -9999 -9999 -9999
0.0706896 1.47515 1.09711 0.0316182 0.698167 1.19965 2.14467 2.41216 2.55357 3.86993 3.80297 3.74437 3.18539 2.73834 1.99626 0.72758 -1.0793 -3.25517 -7.04402 -4.70809 -2.87909 -2.92626 -3.02673 -3.84781 -5.60893 -4.1357 -4.06653 -6.30162 -8.83051 -10.3337 -10.956 -9999 -9999 -9999 -9999 -9999 -9999 -9999 -9999 -9999 -9999 -9999 -9999 -9999 -9999 -9999 -9999 -9999 -9999 -9999 -9999 -9999 -9999 -9999 -9999 -9999 -9999 -9999 -9999 -9999 -9999 -9999 -9999 -9999 -9999 -9999 -9999 -9999 -9999 -9999
-9999 0.595139 0.231224 -1.07077 -0.400085 0.494214 1.76605 2.43891 2.95073 3.34658 3.74995 3.70501 3.13297 1.43911 1.19811 1.12548 -0.056191 -2.53684 -5.01447 -5.6566 -2.86638 -2.06809 -2.23126 -1.60846 -3.10044 -2.39564 -2.68477 -3.47448 -5.91519 -8.14379 -9.07118 -10.9032 -9999 -9999 -9999 -9999 -9999 -9999 -9999 -9999 -9999 -9999 -9999 -9999 -9999 -9999 -9999 -9999 -9999 -9999 -9999 -9999 -9999 -9999 -9999 -9999 -9999 -9999 -9999 -9999 -9999 -9999 -9999 -9999 -9999 -9999 -9999 -9999 -9999 -9999
-9999 -9999 -9999 -9999 -1.88441 -0.657342 0.361181 1.60241 2.67943 3.21459 3.7342 3.69523 2.55001 1.99045 1.9426 1.16883 -0.195429 -1.0519 -2.61203 -4.23768 -3.61748 -1.23831 -2.29748 -0.611982 -0.75508 -0.445571 -1.57284 -3.69157 -6.54065 -8.19382 -9.02355 -10.5082 -9999 -9999 -9999 -9999 -9999 -9999 -9999 -9999 -9999 -9999 -9999 -9999 -9999 -9999 -9999 -9999 -9999 -9999 -9999 -9999 -9999 -9999 -9999 -9999 -9999 -9999 -9999 -9999 -9999 -9999 -9999 -9999 -9999 -9999 -9999 -9999 -9999 -9999
-9999 -9999 -9999 -9999 -9999 -0.87569 -0.096298 1.5521 2.4254 2.77431 3.61089 3.6157 3.18346 2.85715 2.3822 1.76091 0.735606 -0.396048 -1.86356 -2.00001 -0.478491 -0.460519 -0.779339 -0.530082 0.251479 0.0448792 -1.69536 -4.69316 -6.28436 -9.50398 -10.8895 -10.7484 -11.7309 -9999 -9999 -9999 -9999 -9999 -9999 -9999 -9999 -9999 -9999 -9999 -9999 -7.99417 -9999 -9999 -9999 -9999 -9999 -9999 -9999 -9999 -9999 -9999 -9999 -9999 -9999 -9999 -9999 -9999 -9999 -9999 -9999 -9999 -13.9481 -9999 -9999 -9999
-9999 -9999 -9999 -9999 -1.03422 0.0136411 0.818101 1.85385 1.96593 2.59587 3.55774 3.57504 3.26947 2.92314 2.14129 1.94794 1.3643 0.135475 -0.116524 0.380523 0.608857 0.867799 1.02695 0.896266 0.578869 0.169057 -0.94048 -2.33693 -3.27405 -6.22546 -7.70815 -9.13797 -11.3019 -12.995 -9999 -9999 -9999 -9999 -9999 -9999 -9999 -9.11097 -9.19329 -9.15684 -8.68428 -7.37627 -8.1478 -9999 -9999 -9999 -9999 -9999 -9999 -9999 -9999 -9999 -9999 -9999 -9999 -9999 -9999 -9999 -9999 -9999 -9999 -9999 -12.7614 -14.4687 -9999 -9999
-9999 -9999 -9999 -9999 -0.737323 0.348401 0.89395 1.90096 2.47978 2.87837 3.21495 3.53612 3.48584 3.10253 2.51748 2.52196 1.71378 1.27748 0.965379 1.63771 1.76954 1.49806 1.15801 0.857415 0.00918526 -0.0891918 -0.350769 -1.23685 -2.69144 -4.1903 -6.34213 -9.27914 -12.1596 -14.4832 -9999 -9999 -9999 -9999 -9999 -9999 -8.85979 -7.77367 -7.12382 -8.51185 -7.32977 -6.24943 -6.42416 -7.47108 -9999 -9999 -9999 -9999 -9999 -9999 -9999 -9999 -9999 -9999 -9999 -9999 -9999 -9999 -4.66665 -6.41661 -9.94817 -11.7602 -12.8488 -14.4016 -9999 -9999
-9999 -9999 -9999 -9999 -0.950291 0.331885 1.20313 1.97746 2.10753 2.91318 3.26539 3.44016 3.42348 3.3495 3.24295 2.53819 2.23463 1.16765 2.18649 2.14633 1.88655 0.862965 0.418607 -1.33717 -2.10999 -2.26926 -0.79317 -1.88321 -4.15964 -7.00553 -10.4142 -10.636 -11.7679 -13.8446 -9999 -9999 -9999 -9999 -9999 -9999 -8.51771 -7.35601 -6.38675 -6.24742 -7.62717 -5.70604 -5.77765 -6.85565 -7.10181 -6.22162 -5.77634 -6.10695 -5.05605 -4.74991 -5.22754 -4.70869 -9999 -9999 -9999 -9999 -4.41342 -4.34621 -4.29644 -5.02775 -8.88565 -11.5218 -13.8894 -14.1107 -9999 -9999
-9999 -9999 -9999 -9999 -0.0665263 0.726584 1.13212 1.20515 1.90182 2.60895 3.04188 3.35658 3.29793 3.27523 3.24992 3.00906 2.44802 2.54773 2.50067 2.17155 0.223914 -2.04891 -1.0607 -2.41014 -5.28771 -2.9386 -1.64973 -2.88463 -5.64299 -8.84154 -9.87708 -9.83232 -11.4062 -13.4299 -9999 -9999 -9999 -11.6869 -10.0222 -9.87904 -9.38975 -7.83969 -6.66107 -5.77458 -5.17074 -5.18744 -5.82867 -6.8832 -8.02916 -7.62333 -5.5673 -5.06733 -4.64293 -4.32554 -4.76908 -4.54109 -3.99346 -3.71187 -3.65713 -3.78971 -3.82264 -3.78118 -3.8505 -4.53328 -7.98425 -9.96126 -11.2241 -13.7592 -9999 -9999
-9999 -9999 -9999 -9999 -0.557911 0.133325 0.695281 1.6254 1.73154 2.32103 2.6834 3.20389 3.26556 2.66847 3.1656 3.10186 3.00847 2.81028 2.52002 0.87519 -1.39101 -3.66263 -4.71224 -4.25962 -5.9961 -5.10087 -3.79482 -4.26873 -5.95672 -8.80594 -9.20626 -9.85911 -12.5057 -15.0543 -9999 -9999 -14.9121 -11.7164 -9.46689 -8.30765 -7.95012 -7.91788 -6.43249 -6.31801 -4.71856 -5.09169 -7.21184 -6.9756 -7.80278 -7.27068 -6.51731 -6.312 -5.22517 -4.18334 -3.98833 -3.98607 -3.63826 -3.56895 -3.55331 -3.56555 -3.8064 -3.70127 -3.68832 -4.11553 -6.61738 -7.83944 -9.18412 -13.7209 -9999 -9999
-9999 -9999 -9999 -9999 -0.20383 0.568559 1.41391 1.55896 2.18768 2.1345 1.9763 2.84586 3.168 2.74738 2.444 3.00579 2.96581 2.88925 2.76376 1.21745 -0.571584 -3.27822 -4.96058 -5.98306 -6.71319 -7.68087 -7.00954 -7.21323 -7.48646 -7.16862 -7.94858 -9.50281 -11.0522 -13.9524 -15.5218 -9999 -14.7342 -13.293 -10.6175 -8.3442 -6.90213 -7.42407 -5.73485 -5.42352 -4.44666 -5.02161 -6.30968 -6.86411 -6.91507 -7.08562 -5.94773 -5.18348 -4.64135 -4.28189 -3.83414 -3.72195 -3.60941 -3.56406 -3.54084 -3.51753 -3.52677 -3.53939 -3.59376 -3.75686 -4.90944 -6.12802 -8.75938 -13.5665 -9999 -9999
-9999 -9999 -9999 -2.44247 -0.289808 1.00021 1.50619 1.87437 2.19995 2.43802 2.69508 2.92753 3.08706 3.02529 1.90543 1.99688 2.197 2.83099 2.78246 2.63947 1.65952 -1.63366 -2.76834 -4.4285 -6.58038 -7.47621 -7.02537 -5.25972 -5.33635 -6.50211 -7.80156 -9.5923 -10.7349 -12.5134 -15.9283 -15.6225 -14.0862 -12.9438 -11.1263 -8.34721 -6.39998 -5.53265 -5.20678 -4.52162 -4.16744 -4.95475 -5.70421 -6.0203 -6.60419 -6.68773 -6.68462 -5.9975 -5.45946 -4.26631 -3.86633 -3.68532 -3.59387 -3.54599 -3.51213 -3.47914 -3.47001 -3.49662 -3.49928 -3.5127 -3.60016 -5.22274 -9.27745 -12.3332 -9999 -9999
-9999 -9999 -9999 -9999 -0.682949 -0.109253 0.049175 0.318228 0.85717 1.47634 2.35633 2.47464 2.95547 2.95839 1.99438 0.878275 1.84873 2.23212 2.62889 2.63704 2.50744 -0.256362 -1.70429 -2.84381 -4.90708 -4.15936 -3.4507 -3.39487 -3.81897 -6.32076 -8.81238 -11.6797 -14.3656 -14.4938 -15.939 -15.1751 -14.1609 -11.5549 -9.72188 -8.98032 -8.44866 -5.62389 -4.88967 -4.63947 -3.91785 -4.90707 -5.15871 -5.9021 -5.68288 -5.74894 -5.7457 -7.80175 -5.73876 -5.61841 -4.27698 -3.67489 -3.54068 -3.5058 -3.46877 -3.46542 -3.46096 -3.47073 -3.461 -3.48459 -3.51167 -4.56786 -9.70744 -12.2914 -9999 -9999
-9999 -9999 -9999 -9999 -9999 -9999 -0.478679 -0.0373448 0.249636 0.737284 2.21492 2.61592 2.88329 2.9098 2.48134 1.37759 1.08499 1.28455 0.203007 1.1013 2.33313 2.29996 2.14867 -0.282665 -1.52343 -0.318323 -0.682405 -2.50715 -3.94239 -5.3587 -8.27601 -10.4052 -13.4833 -15.7951 -15.8826 -13.3318 -11.2137 -8.57668 -7.41475 -8.08049 -7.3655 -5.96311 -4.3703 -3.60124 -3.78531 -4.82796 -4.97533 -6.12076 -4.99753 -4.90223 -5.42599 -5.87874 -5.69733 -5.03439 -4.78258 -3.73371 -3.48144 -3.43904 -3.43363 -3.43227 -3.44009 -3.44971 -3.46652 -3.48159 -3.50043 -3.55199 -8.83498 -12.9474 -9999 -9999
-9999 -9999 -9999 -9999 -9999 -9999 -1.4885 -1.21467 -0.514998 1.2624 2.20389 2.58521 2.57875 2.75581 2.45437 1.48271 0.483632 -0.460352 -1.67712 -0.986267 0.846982 1.92711 2.04857 -0.0827644 1.02858 0.614827 -0.201433 -2.58845 -4.34662 -5.27722 -8.07768 -10.4694 -12.5169 -15.3449 -14.1354 -12.804 -11.0942 -8.21676 -6.27659 -5.4813 -6.15395 -5.2587 -3.42542 -3.41745 -4.42352 -4.35997 -4.97322 -6.53797 -4.91123 -4.45404 -4.82401 -4.72897 -4.86528 -4.61941 -4.17048 -3.74134 -3.45689 -3.42069 -3.41914 -3.43158 -3.43547 -3.43823 -3.46241 -3.46486 -3.48373 -3.51469 -6.92614 -13.0212 -9999 -9999
-9999 -9999 -9999 -9999 -9999 -9999 -9999 -2.39458 -0.813471 1.54218 2.14064 2.09538 2.58556 2.63162 2.1676 1.76315 0.550456 -1.10732 -4.28966 -3.48295 -1.79563 0.639308 1.91867 1.74517 1.03517 -0.201235 -3.1944 -5.81312 -6.12855 -6.5546 -8.5975 -10.4374 -12.7138 -11.3939 -9.94867 -8.36821 -7.53893 -7.75693 -6.09481 -4.74037 -5.31946 -4.22063 -2.9381 -3.52302 -3.86957 -4.16042 -4.86889 -4.91262 -4.83962 -3.91595 -4.55611 -4.16365 -4.15235 -4.17582 -3.95826 -3.70783 -3.44492 -3.40406 -3.40641 -3.40523 -3.43952 -3.43239 -3.45146 -3.4704 -3.4881 -3.51522 -3.82749 -7.1132 -9.07743 -9999
-9999 -9999 -9999 -9999 -9999 -9999 -9999 -3.83815 -3.04389 -0.256459 0.617248 1.85149 2.50873 2.54289 1.75782 1.31995 -0.486261 -1.0745 -4.01852 -5.35238 -4.22507 -4.65964 -1.30507 1.66408 1.02051 -4.97246 -7.14151 -8.68753 -8.28682 -8.27997 -8.84642 -11.9849 -12.8514 -10.0327 -8.25828 -6.88422 -5.84278 -5.62757 -5.66621 -3.54606 -3.26654 -2.57941 -2.73182 -2.67008 -3.74381 -4.40869 -3.83099 -4.50025 -4.61515 -3.66091 -4.60185 -3.7518 -3.85071 -4.1073 -4.12213 -3.56362 -3.45233 -3.39512 -3.39456 -3.41977 -3.45149 -3.4713 -3.45688 -3.46913 -3.50398 -3.50615 -3.54035 -3.93621 -5.6374 -6.2341
-9999 -9999 -9999 -9999 -9999 -9999 -9999 -9999 -5.62968 -1.76074 0.0180914 0.95148 2.26119 2.42239 2.00874 1.24909 -0.591251 -2.21069 -4.84253 -7.84797 -9.43892 -4.68099 -0.539411 1.62252 1.34135 -3.64695 -5.61411 -5.70282 -4.54007 -5.51574 -6.25505 -8.63775 -9.35151 -10.3446 -9.73251 -7.8161 -6.2525 -4.74491 -3.64985 -3.56323 -2.8539 -2.44654 -2.41541 -2.2894 -2.41727 -2.52164 -3.55764 -2.84397 -3.45093 -3.12967 -3.3373 -3.52479 -3.68408 -4.27715 -3.86055 -3.49209 -3.39887 -3.37261 -3.39816 -3.40679 -3.42606 -3.46449 -3.48398 -3.49012 -3.49733 -3.51996 -3.52385 -3.5478 -3.74157 -4.76631
-9999 -9999 -9999 -9999 -9999 -9999 -9999 -9999 -7.5543 -3.70499 -1.83907 0.549194 1.7839 2.28585 2.22108 1.60553 0.207006 -1.89802 -3.65242 -7.0068 -10.4895 -5.49391 -1.04273 1.35881 1.48686 -2.70236 -1.53765 -2.47469 -2.09282 -3.8101 -4.52188 -5.0774 -6.3115 -7.66169 -9.13811 -9.92063 -6.40813 -4.60593 -3.15644 -2.47465 -2.09065 -1.90047 -2.00512 -2.27113 -3.83379 -2.64552 -2.7109 -2.83047 -2.96722 -3.03372 -3.1576 -3.30344 -3.38754 -3.41947 -3.8141 -3.37049 -3.38423 -3.38137 -3.38266 -3.39786 -3.42373 -3.44691 -3.47471 -3.47835 -3.49732 -3.51627 -3.53042 -3.54135 -3.55748 -3.61703
-9999 -9999 -9999 -9999 -9999 -9999 -9999 -9999 -12.9471 -7.35227 -2.84159 -0.491651 1.42324 1.94962 2.14626 1.32071 0.702263 -0.806978 -2.23664 -4.4411 -7.74171 -9.77437 -6.03221 -0.59518 1.41195 1.25956 1.13613 0.0520876 -0.924381 -1.04543 -0.969351 -2.09924 -3.75636 -5.9261 -6.6033 -7.36533 -4.74968 -4.39714 -4.59127 -1.71607 -1.71265 -1.87937 -2.9836 -4.21609 -3.98416 -4.74836 -4.16593 -5.07708 -4.24175 -3.51972 -3.25065 -3.27405 -3.36848 -3.38133 -3.42693 -3.35345 -3.35781 -3.37354 -3.38655 -3.39531 -3.40986 -3.44717 -3.47008 -3.4619 -3.48873 -3.50948 -3.52993 -3.53753 -3.54733 -3.59235
-9999 -9999 -9999 -9999 -9999 -9999 -9999 -9999 -12.6994 -7.9833 -3.99224 -1.5935 0.707634 1.24269 2.01893 1.85128 1.20379 -0.108051 -1.74693 -3.56128 -6.3929 -8.49758 -5.99702 -2.38356 0.201993 1.13284 1.12668 1.06642 0.822836 0.726146 0.442122 0.248078 -0.942563 -2.99155 -4.15075 -5.84713 -2.93191 -2.6072 -3.06651 -1.6136 -1.68985 -3.8949 -5.59088 -5.80462 -4.77053 -5.75485 -5.93 -6.54264 -5.85288 -4.00189 -4.54281 -4.43744 -3.5961 -3.46005 -3.37555 -3.35462 -3.36361 -3.37093 -3.38865 -3.39007 -3.39165 -3.42832 -3.44736 -3.45871 -3.49445 -3.50447 -3.53024 -3.55182 -3.57064 -3.59647
-9999 -9999 -9999 -9999 -9999 -9999 -9999 -9999 -12.6027 -9.42439 -5.83296 -2.3048 0.152073 1.14367 1.86513 1.85722 1.10497 0.452288 -0.575531 -2.17168 -3.26694 -5.16689 -7.77347 -3.40535 -2.06065 -0.860892 -0.35391 0.894187 0.865598 0.296328 -0.356502 0.258863 0.0785639 -1.5443 -2.0791 -2.98151 -1.36119 -1.36008 -1.40807 -1.4982 -3.36156 -5.95032 -8.01998 -6.53543 -6.84867 -6.16377 -8.2814 -6.54087 -5.1418 -4.689 -5.64165 -6.34965 -4.16415 -3.80635 -3.59396 -3.45906 -3.37161 -3.39672 -3.37775 -3.39402 -3.40393 -3.41455 -3.43692 -3.45193 -3.4746 -3.4977 -3.52055 -3.53971 -3.56808 -3.60215
-9999 -9999 -9999 -9999 -9999 -9999 -9999 -9999 -9999 -11.2882 -6.73229 -2.66975 -0.407381 1.01537 1.70839 1.69569 1.31077 0.867312 0.22955 -0.922219 -2.36853 -4.65289 -6.34856 -5.27278 -3.95426 -3.80212 -2.92775 -0.394268 0.472151 -0.752505 -3.77298 -1.98244 0.012097 -0.0215391 -0.193436 -0.385893 -0.633753 -0.85608 -1.33958 -2.62997 -6.57697 -7.35419 -8.90399 -8.73066 -9.52668 -7.79038 -8.44109 -6.66208 -5.89214 -5.60265 -7.2512 -6.9004 -4.96947 -4.20626 -4.33617 -3.86901 -3.42361 -3.4119 -3.40215 -3.41695 -3.41055 -3.41029 -3.42112 -3.44442 -3.46263 -3.47691 -3.51752 -3.51933 -3.66936 -3.76792
-9999 -9999 -9999 -9999 -9999 -9999 -9999 -9999 -9999 -12.1862 -7.6452 -2.86185 -1.32482 0.208719 1.53175 1.55751 0.969862 0.410591 -0.165668 -0.821631 -2.57534 -4.27574 -5.89885 -6.44363 -6.11646 -6.13192 -4.71837 -1.41847 -0.778678 -1.05015 -4.20291 -5.27505 -2.61035 -0.371356 -0.196633 -0.401746 -3.0404 -2.48127 -3.90604 -5.83752 -6.37095 -7.21771 -9.00422 -8.14778 -9.4568 -8.89865 -9.04573 -8.03672 -7.54575 -6.34527 -7.78241 -7.77321 -5.87751 -4.92186 -4.90047 -3.89751 -3.54169 -3.4505 -3.42967 -3.41555 -3.41408 -3.40111 -3.41319 -3.43078 -3.45313 -3.5039 -3.62106 -3.97704 -5.88983 -5.8904
-9999 -9999 -9999 -9999 -9999 -9999 -9999 -9999 -9999 -11.661 -8.50929 -4.26504 -1.12114 -0.92248 0.605734 1.39437 0.755569 0.0360627 -0.700231 -1.02258 -2.93086 -5.02677 -6.72005 -8.72399 -8.39366 -6.95434 -4.59041 -2.45873 -2.07691 -2.51668 -4.19983 -3.39892 -1.58202 -0.618042 -0.335019 -0.560999 -1.13732 -1.47138 -2.5211 -2.97746 -4.43449 -6.71126 -7.60944 -7.04437 -9.46111 -9.29451 -8.40373 -9.34914 -7.78754 -7.04131 -8.89675 -7.42251 -5.74518 -4.8889 -4.14062 -3.78782 -3.64878 -3.43422 -3.43117 -3.41562 -3.4084 -3.41432 -3.4172 -3.45521 -3.48721 -3.69267 -3.99437 -5.77577 -6.52263 -6.38021
-9999 -9999 -9999 -9999 -9999 -9999 -9999 -9999 -9999 -11.1238 -8.28635 -4.60634 -2.36457 -1.96272 -0.2681 1.23841 1.06994 0.321543 0.0931767 -0.682639 -2.30099 -4.08834 -6.04172 -6.99124 -9.17397 -7.02433 -5.31309 -3.50797 -2.66319 -4.04237 -4.74297 -3.50393 -2.27241 -1.78139 -0.538108 -0.551676 -0.959312 -2.71046 -3.56554 -3.20732 -3.57604 -4.22003 -5.78785 -5.85984 -6.86771 -7.28642 -7.68198 -8.95717 -8.14409 -8.06471 -7.846 -6.07692 -5.20518 -4.62807 -4.10343 -3.96759 -3.74097 -3.44617 -3.42264 -3.41469 -3.41879 -3.41605 -3.4408 -3.52833 -3.60261 -4.01304 -4.73737 -6.08634 -8.27351 -6.73881
-9999 -9999 -9999 -9999 -9999 -9999 -9999 -9999 -9999 -11.6061 -8.59242 -5.44731 -4.13176 -3.90772 -0.841285 1.03617 1.03929 0.684388 0.269802 -1.64556 -1.53355 -1.91684 -3.67889 -6.24526 -9.06367 -8.79892 -7.11532 -4.72506 -3.93607 -6.22603 -7.04106 -6.44253 -4.57988 -2.91289 -1.17249 -0.731711 -1.24457 -3.96919 -6.86462 -5.52482 -4.09314 -4.1033 -4.52622 -5.98034 -6.44359 -6.86313 -7.92462 -9.72028 -9.45455 -8.95804 -6.9495 -6.31763 -5.3401 -4.52871 -4.83813 -4.66121 -3.88523 -3.44114 -3.42699 -3.42178 -3.40989 -3.42303 -3.45264 -3.6241 -3.80555 -4.10808 -5.99171 -7.16421 -8.87105 -6.89563
-9999 -9999 -9999 -9999 -9999 -9999 -9999 -9999 -9999 -12.5374 -10.3502 -7.34425 -6.13226 -4.20006 -1.30233 0.122845 0.805858 0.790574 0.51419 -0.343638 -0.859498 -1.87565 -3.70861 -6.21476 -9.00044 -10.8137 -9.89135 -6.67354 -5.90993 -8.0253 -9.10694 -7.76114 -5.77604 -2.83649 -1.15768 -0.932378 -1.08609 -1.64942 -3.76385 -6.31817 -6.31163 -5.03371 -6.10695 -7.35399 -6.67152 -6.80043 -7.84863 -8.61166 -9.07295 -8.78547 -7.63928 -7.16918 -6.03961 -4.37126 -4.1345 -4.18451 -3.48368 -3.45116 -3.43746 -3.41372 -3.41743 -3.42683 -3.45095 -3.59136 -3.90216 -5.15698 -6.25168 -7.77342 -7.96444 -6.20879
-9999 -9999 -9999 -9999 -9999 -9999 -9999 -9999 -9999 -14.1415 -11.5687 -8.75294 -6.11668 -3.6228 -1.47663 -1.31067 -0.179044 -0.180713 0.411921 0.241706 -0.553468 -1.4093 -2.98856 -6.20795 -8.91491 -11.867 -11.0883 -7.81407 -7.36366 -8.78848 -11.4207 -8.70398 -5.70813 -2.99325 -1.52431 -2.67846 -1.49886 -1.59774 -2.39121 -3.91261 -6.27709 -6.23457 -8.00714 -8.0864 -7.1794 -6.88651 -7.04016 -7.61353 -8.5277 -8.3681 -7.67126 -7.49716 -6.45935 -5.16573 -3.90112 -3.6908 -3.45175 -3.44405 -3.44285 -3.42591 -3.42625 -3.45561 -3.52347 -3.67021 -4.72267 -5.97377 -6.74575 -7.80704 -7.93871 -5.91169
