Test_Spring_2018b/12_17/Temp/20171219_016.txt
ncols	170
nrows	115
xllcorner	350000.000000
yllcorner	4445000.000000
cellsize	1000.000000
nodata_value	-9999.000000
[rows 31 to 61 of 115, columns 70 to 139 of 170]
5.17859 5.818 6.05935 5.63124 5.6849 6.74636 6.99772 6.99227 6.91921 6.82878 6.33903 6.181 5.79653 5.1125 4.83035 3.6065 -0.368101 0.766189 1.21389 0.0660936 0.717086 1.77232 0.864984 -1.83987 -3.00168 -4.8767 -4.2746 -4.83105 -6.33957 -9999 -9999 -9999 -9999 -9999 -9999 -9999 -9999 -9999 -9999 -9999 -9999 -9999 -9999 -9999 -9999 -9999 -9999 -9999 -9999 -9999 -9999 -9999 -9999 -9999 -9999 -9999 -9999 -9999 -9999 -9999 -9999 -9999 -9999 -9999 -9999 -9999 -9999 -9999 -9999 -9999
5.30076 5.59821 5.58084 5.16872 5.83014 6.44008 6.09337 5.86462 6.86844 6.87759 6.55 5.76821 5.48657 5.19392 5.01742 4.01088 1.17308 -1.38469 -0.00370188 0.0354802 -0.908347 0.802021 -0.0919218 -2.43401 -5.74288 -3.93503 -4.398 -6.73604 -7.30879 -9999 -9999 -9999 -9999 -9999 -9999 -9999 -9999 -9999 -9999 -9999 -9999 -9999 -9999 -9999 -9999 -9999 -9999 -9999 -9999 -9999 -9999 -9999 -9999 -9999 -9999 -9999 -9999 -9999 -9999 -9999 -9999 -9999 -9999 -9999 -9999 -9999 -9999 -9999 -9999 -9999
4.50757 5.23542 5.0239 4.85218 5.83035 5.81988 5.77192 6.14192 6.77219 6.90342 6.78114 6.44507 6.15504 5.84569 5.04797 3.89551 1.46791 -1.44441 -2.09977 -0.664462 -0.589519 -0.353632 -1.16789 -2.19234 -3.79848 -2.47243 -1.95392 -3.49136 -5.50236 -6.78848 -9999 -9999 -9999 -9999 -9999 -9999 -9999 -9999 -9999 -9999 -9999 -9999 -9999 -9999 -9999 -9999 -9999 -9999 -9999 -9999 -9999 -9999 -9999 -9999 -9999 -9999 -9999 -9999 -9999 -9999 -9999 -9999 -9999 -9999 -9999 -9999 -9999 -9999 -9999 -9999
3.44082 4.68331 4.35801 3.42802 4.02128 4.46932 5.297 5.5338 5.66482 6.82927 6.77714 6.73244 6.24772 5.86148 5.2158 4.10697 2.52478 0.618006 -2.70746 -0.646317 0.968859 0.93379 0.851667 0.135601 -1.40739 -0.105931 -0.0394595 -2.00487 -4.23186 -5.54816 -6.08956 -9999 -9999 -9999 -9999 -9999 -9999 -9999 -9999 -9999 -9999 -9999 -9999 -9999 -9999 -9999 -9999 -9999 -9999 -9999 -9999 -9999 -9999 -9999 -9999 -9999 -9999 -9999 -9999 -9999 -9999 -9999 -9999 -9999 -9999 -9999 -9999 -9999 -9999 -9999
-9999 3.91284 3.59985 2.46175 3.05856 3.85199 4.97201 5.56359 6.01718 6.37204 6.73359 6.70095 6.2048 4.72205 4.51712 4.46026 3.42796 1.25313 -0.919155 -1.47726 0.98322 1.69162 1.55422 2.10791 0.801477 1.42696 1.17816 0.485628 -1.66 -3.62015 -4.43002 -6.0353 -9999 -9999 -9999 -9999 -9999 -9999 -9999 -9999 -9999 -9999 -9999 -9999 -9999 -9999 -9999 -9999 -9999 -9999 -9999 -9999 -9999 -9999 -9999 -9999 -9999 -9999 -9999 -9999 -9999 -9999 -9999 -9999 -9999 -9999 -9999 -9999 -9999 -9999
-9999 -9999 -9999 -9999 1.75627 2.83693 3.73802 4.83092 5.78165 6.25901 6.72283 6.69548 5.69528 5.21023 5.17524 4.5018 3.30896 2.56262 1.19726 -0.225895 0.325975 2.42464 1.49908 2.98724 2.86696 3.14459 2.15845 0.294371 -2.20804 -3.66228 -4.38639 -5.68635 -9999 -9999 -9999 -9999 -9999 -9999 -9999 -9999 -9999 -9999 -9999 -9999 -9999 -9999 -9999 -9999 -9999 -9999 -9999 -9999 -9999 -9999 -9999 -9999 -9999 -9999 -9999 -9999 -9999 -9999 -9999 -9999 -9999 -9999 -9999 -9999 -9999 -9999
-9999 -9999 -9999 -9999 -9999 2.64783 3.33861 4.79482 5.56129 5.87482 6.61743 6.62864 6.25558 5.97576 5.56526 5.02602 4.13137 3.14305 1.85916 1.74573 3.09023 3.1121 2.83752 3.06231 3.75505 3.57852 2.04953 -0.58435 -1.97895 -4.81277 -6.02593 -5.89619 -6.75442 -9999 -9999 -9999 -9999 -9999 -9999 -9999 -9999 -9999 -9999 -9999 -9999 -3.37407 -9999 -9999 -9999 -9999 -9999 -9999 -9999 -9999 -9999 -9999 -9999 -9999 -9999 -9999 -9999 -9999 -9999 -9999 -9999 -9999 -8.45555 -9999 -9999 -9999
-9999 -9999 -9999 -9999 2.51022 3.43199 4.1457 5.06294 5.16295 5.72086 6.57367 6.59592 6.33437 6.03707 5.35677 5.19403 4.68794 3.61423 3.39942 3.84313 4.05021 4.28389 4.4295 4.31992 4.04587 3.69032 2.71375 1.49007 0.670409 -1.92227 -3.22654 -4.47867 -6.37615 -7.85929 -9999 -9999 -9999 -9999 -9999 -9999 -9999 -4.38633 -4.45099 -4.41117 -3.98781 -2.8297 -3.5006 -9999 -9999 -9999 -9999 -9999 -9999 -9999 -9999 -9999 -9999 -9999 -9999 -9999 -9999 -9999 -9999 -9999 -9999 -9999 -7.41133 -8.90513 -9999 -9999
-9999 -9999 -9999 -9999 2.76858 3.72939 4.21519 5.10698 5.62237 5.97219 6.27507 6.56465 6.52773 6.19805 5.691 5.70241 4.99898 4.62241 4.3548 4.95268 5.07482 4.84187 4.54824 4.28898 3.54777 3.46579 3.23484 2.45964 1.18448 -0.129513 -2.02391 -4.60188 -7.12977 -9.1676 -9999 -9999 -9999 -9999 -9999 -9999 -4.17251 -3.20949 -2.63013 -3.84309 -2.79566 -1.83778 -1.98382 -2.90155 -9999 -9999 -9999 -9999 -9999 -9999 -9999 -9999 -9999 -9999 -9999 -9999 -9999 -9999 -0.323109 -1.85417 -4.95221 -6.53797 -7.48762 -8.84558 -9999 -9999
-9999 -9999 -9999 -9999 2.58441 3.71775 4.48978 5.17674 5.2973 6.01006 6.32218 6.48308 6.47584 6.41838 6.33236 5.7202 5.46075 4.52964 5.43268 5.40394 5.18161 4.28707 3.90151 2.36214 1.68693 1.54622 2.84817 1.89314 -0.105272 -2.60439 -5.60327 -5.79447 -6.78476 -8.60559 -9999 -9999 -9999 -9999 -9999 -9999 -3.87123 -2.84162 -1.98123 -1.85079 -3.05643 -1.35906 -1.41859 -2.35927 -2.56841 -1.78699 -1.3881 -1.67637 -0.744709 -0.467727 -0.880011 -0.415833 -9999 -9999 -9999 -9999 -0.115986 -0.0487552 0.00312379 -0.632011 -4.01705 -6.32762 -8.4022 -8.58963 -9999 -9999
-9999 -9999 -9999 -9999 3.36472 4.06766 4.42985 4.49982 5.11855 5.7447 6.12819 6.41342 6.36937 6.35714 6.34273 6.13874 5.65304 5.74822 5.71397 5.43124 3.72455 1.73136 2.60577 1.42182 -1.10586 0.960383 2.0972 1.01428 -1.40847 -4.21821 -5.13012 -5.08717 -6.46648 -8.24156 -9999 -9999 -9999 -6.68183 -5.21018 -5.07648 -4.6382 -3.26689 -2.22224 -1.43424 -0.895248 -0.904297 -1.46239 -2.38248 -3.38309 -3.01897 -1.20355 -0.756687 -0.380635 -0.0938209 -0.476175 -0.267865 0.221695 0.477352 0.533561 0.425076 0.404282 0.448913 0.396092 -0.196318 -3.2235 -4.95438 -6.05725 -8.28403 -9999 -9999
-9999 -9999 -9999 -9999 2.93573 3.54894 4.04858 4.87237 4.97164 5.49635 5.82 6.28152 6.34342 5.82618 6.27146 6.22347 6.14927 5.98264 5.73463 4.2948 2.30793 0.315711 -0.602312 -0.200204 -1.72353 -0.935954 0.215759 -0.201215 -1.68496 -4.18771 -4.53636 -5.11078 -7.43417 -9.67023 -9999 -9999 -9.52592 -6.70792 -4.72182 -3.69433 -3.37177 -3.33523 -2.02063 -1.91183 -0.497121 -0.819325 -2.67795 -2.46285 -3.18305 -2.70798 -2.03873 -1.85109 -0.891869 0.0318899 0.211125 0.220924 0.534728 0.603695 0.62554 0.622931 0.419308 0.519975 0.539558 0.171953 -2.02039 -3.08728 -4.26252 -8.24892 -9999 -9999
-9999 -9999 -9999 -9999 3.25012 3.93458 4.68337 4.81648 5.37526 5.33399 5.19987 5.97176 6.25993 5.89808 5.63952 6.1419 6.1149 6.05542 5.95249 4.59939 3.0322 0.657315 -0.817367 -1.71271 -2.35126 -3.20475 -2.61166 -2.78825 -3.02597 -2.74371 -3.42993 -4.79723 -6.15544 -8.70134 -10.0758 -9999 -9.36971 -8.0948 -5.73384 -3.72641 -2.44982 -2.9005 -1.40649 -1.12443 -0.258775 -0.756663 -1.8834 -2.36422 -2.40186 -2.54477 -1.53697 -0.857911 -0.377618 -0.0539243 0.347447 0.453906 0.56079 0.608693 0.637236 0.665939 0.666062 0.66322 0.62363 0.488347 -0.517301 -1.58143 -3.888 -8.11203 -9999 -9999
-9999 -9999 -9999 1.28261 3.17695 4.31644 4.76653 5.0957 5.38772 5.60314 5.83432 6.0452 6.19306 6.14476 5.1683 5.25724 5.44161 6.00726 5.97216 5.85338 4.9978 2.10701 1.11371 -0.344736 -2.23417 -3.02225 -2.62351 -1.06852 -1.13378 -2.15681 -3.29714 -4.87258 -5.87646 -7.43576 -10.4336 -10.1582 -8.8001 -7.7879 -6.18141 -3.72895 -2.0079 -1.23655 -0.941445 -0.331713 -0.0121878 -0.697322 -1.35026 -1.62102 -2.12744 -2.19392 -2.18426 -1.57303 -1.09607 -0.0394538 0.319952 0.486877 0.575212 0.625364 0.663293 0.700554 0.716878 0.701781 0.707713 0.7041 0.635019 -0.784167 -4.34602 -7.0297 -9999 -9999
-9999 -9999 -9999 -9999 2.83341 3.3427 3.48695 3.72877 4.2083 4.75879 5.53786 5.64894 6.07932 6.08941 5.24872 4.27578 5.13785 5.48327 5.83996 5.8542 5.74655 3.31972 2.05054 1.05184 -0.759937 -0.102758 0.522345 0.573161 0.201885 -1.99657 -4.18581 -6.70828 -9.06689 -9.17537 -10.4431 -9.76495 -8.86595 -6.56634 -4.94616 -4.28555 -3.80933 -1.31625 -0.662737 -0.434745 0.20793 -0.6543 -0.869355 -1.51596 -1.31613 -1.36731 -1.35762 -3.1591 -1.34084 -1.22755 -0.0401898 0.496891 0.622822 0.661558 0.702317 0.713551 0.725812 0.725566 0.742433 0.729749 0.711651 -0.209948 -4.72306 -6.99174 -9999 -9999
-9999 -9999 -9999 -9999 -9999 -9999 3.02442 3.41764 3.67546 4.11019 5.4149 5.77457 6.01722 6.04844 5.67985 4.71694 4.46829 4.65216 3.70879 4.50539 5.59481 5.57071 5.44182 3.30682 2.21576 3.2775 2.95884 1.35539 0.0945061 -1.1496 -3.71353 -5.58692 -8.29077 -10.3199 -10.3918 -8.14266 -6.27372 -3.94681 -2.91672 -3.49371 -2.85613 -1.6146 -0.205245 0.479424 0.32559 -0.583618 -0.706926 -1.70717 -0.712309 -0.621641 -1.07551 -1.46696 -1.30347 -0.712995 -0.483975 0.44621 0.675957 0.721218 0.734196 0.743708 0.745209 0.745131 0.737528 0.731954 0.72284 0.684726 -3.9546 -7.56754 -9999 -9999
-9999 -9999 -9999 -9999 -9999 -9999 2.13785 2.38369 3.00441 4.57341 5.40657 5.74891 5.7507 5.91433 5.65748 4.81137 3.9411 3.11931 2.05691 2.67147 4.28984 5.24488 5.35584 3.48461 4.46216 4.09997 3.38345 1.28529 -0.259797 -1.07691 -3.53829 -5.6427 -7.44022 -9.92344 -8.85482 -7.67808 -6.16769 -3.62967 -1.91506 -1.20703 -1.79007 -0.994063 0.626832 0.642166 -0.234593 -0.170897 -0.703924 -2.07299 -0.635321 -0.226407 -0.545066 -0.454781 -0.570668 -0.347021 0.05535 0.440489 0.698546 0.738446 0.748004 0.745403 0.750378 0.755859 0.742469 0.747955 0.738748 0.718683 -2.27471 -7.63142 -9999 -9999
-9999 -9999 -9999 -9999 -9999 -9999 -9999 1.3474 2.74333 4.82088 5.35232 5.31945 5.758 5.80638 5.40651 5.05925 4.00121 2.55158 -0.23947 0.477021 1.96707 4.11368 5.24303 5.09374 4.46941 3.38368 0.752537 -1.54945 -1.8257 -2.19913 -3.9943 -5.61341 -7.61235 -6.4475 -5.17162 -3.77589 -3.03991 -3.22417 -1.75416 -0.554387 -1.05503 -0.0799534 1.05657 0.550461 0.25375 0.00574799 -0.611019 -0.642358 -0.571218 0.247942 -0.308357 0.043496 0.0574555 0.0442133 0.2431 0.471071 0.710191 0.754195 0.760352 0.769727 0.747856 0.762218 0.753293 0.744227 0.736004 0.719254 0.451514 -2.43438 -4.15564 -9999
-9999 -9999 -9999 -9999 -9999 -9999 -9999 0.079178 0.783117 3.24043 4.01393 5.10634 5.69175 5.72961 5.0473 4.67022 3.0903 2.58133 2.12756e-05 -1.16646 -0.168912 -0.545974 2.4086 5.02335 4.45752 -0.811504 -2.71773 -4.07618 -3.7225 -3.71511 -4.21167 -6.97283 -7.73177 -5.24868 -3.68329 -2.46909 -1.54654 -1.34992 -1.37572 0.497595 0.751799 1.36475 1.23921 1.30182 0.365531 -0.21144 0.302947 -0.278541 -0.372656 0.473411 -0.34741 0.406914 0.323925 0.105668 0.100182 0.599122 0.704897 0.763283 0.771818 0.758052 0.738433 0.72905 0.749548 0.746334 0.722975 0.728125 0.704907 0.360577 -1.12935 -1.64782
-9999 -9999 -9999 -9999 -9999 -9999 -9999 -9999 -1.48964 1.91891 3.48844 4.31622 5.47542 5.6249 5.26828 4.60869 2.9986 1.58258 -0.724262 -3.36025 -4.75437 -0.564558 3.08231 4.98727 4.74028 0.355093 -1.37333 -1.44985 -0.425738 -1.28227 -1.93065 -4.02705 -4.65148 -5.52084 -4.97763 -3.28686 -1.90504 -0.571605 0.399612 0.484341 1.11701 1.48298 1.51879 1.63786 1.53342 1.44939 0.544493 1.1793 0.652455 0.941849 0.766012 0.607875 0.471736 -0.0424335 0.331549 0.663356 0.753246 0.783705 0.769661 0.770451 0.761742 0.73599 0.726544 0.728661 0.729584 0.716712 0.72014 0.702834 0.538691 -0.356212
-9999 -9999 -9999 -9999 -9999 -9999 -9999 -9999 -3.18089 0.210491 1.85659 3.9639 5.05723 5.5046 5.45583 4.92279 3.70109 1.85783 0.322567 -2.6204 -5.67688 -1.27801 2.63955 4.75547 4.87119 1.18647 2.21285 1.39055 1.72821 0.219762 -0.404114 -0.893392 -1.97526 -3.15855 -4.45281 -5.13537 -2.03937 -0.446906 0.835904 1.44393 1.79033 1.96635 1.88094 1.6552 0.288801 1.34162 1.29033 1.19233 1.07908 1.0275 0.925386 0.803946 0.733852 0.713253 0.373789 0.77158 0.766055 0.776941 0.784187 0.779132 0.764565 0.752176 0.735495 0.739563 0.730174 0.720528 0.714935 0.709005 0.701136 0.655165
-9999 -9999 -9999 -9999 -9999 -9999 -9999 -9999 -7.92234 -2.99571 0.976776 3.05029 4.73911 5.20982 5.39075 4.6728 4.13697 2.81751 1.56769 -0.364019 -3.26037 -5.04222 -1.74676 3.03939 4.80554 4.67144 4.56529 3.61413 2.75752 2.65335 2.72276 1.72849 0.273821 -1.62999 -2.22091 -2.88507 -0.577881 -0.260495 -0.423392 2.11356 2.12504 1.98698 1.02435 -0.0541738 0.15768 -0.506636 0.0117649 -0.782395 -0.0406504 0.601349 0.844921 0.831259 0.751975 0.748038 0.715589 0.785785 0.790199 0.784668 0.78153 0.782063 0.777388 0.752505 0.740088 0.754772 0.738018 0.726743 0.715803 0.712714 0.710488 0.677353
-9999 -9999 -9999 -9999 -9999 -9999 -9999 -9999 -7.70238 -3.55016 -0.0335956 2.07966 4.11082 4.58899 5.27949 5.13993 4.57833 3.43228 1.9983 0.40958 -2.07433 -3.91949 -1.71495 1.46642 3.7443 4.56299 4.55784 4.50752 4.29593 4.213 3.96597 3.79469 2.75155 0.953272 -0.060796 -1.54669 1.02392 1.31672 0.920439 2.2063 2.14749 0.216506 -1.26677 -1.44651 -0.532701 -1.39078 -1.53882 -2.07018 -1.45641 0.178602 -0.29007 -0.190433 0.553002 0.680227 0.759167 0.785652 0.785921 0.787704 0.780337 0.78725 0.793894 0.769518 0.760446 0.757929 0.733742 0.731401 0.715557 0.69989 0.690288 0.674092
-9999 -9999 -9999 -9999 -9999 -9999 -9999 -9999 -7.61364 -4.81602 -1.65084 1.45526 3.62329 4.50285 5.14498 5.14569 4.49174 3.92522 3.0285 1.63159 0.674755 -0.990299 -3.27737 0.569269 1.75453 2.80994 3.25918 4.35964 4.33717 3.83921 3.26195 3.80698 3.65146 2.22916 1.76436 0.976796 2.4085 2.4166 2.3819 2.31047 0.679676 -1.58899 -3.40112 -2.08739 -2.35496 -1.74923 -3.60575 -2.06751 -0.829944 -0.424673 -1.25507 -1.87069 0.0547838 0.373274 0.567976 0.69464 0.77965 0.765695 0.790502 0.784252 0.783487 0.78195 0.769907 0.764134 0.751443 0.738198 0.724241 0.710611 0.692097 0.666928
-9999 -9999 -9999 -9999 -9999 -9999 -9999 -9999 -9999 -6.45153 -2.44275 1.13705 3.1338 4.39232 5.00916 5.0054 4.67426 4.29153 3.7377 2.73151 1.46589 -0.537245 -2.02311 -1.07198 0.0901179 0.223998 0.996407 3.2278 3.99295 2.91904 0.261305 1.8382 3.59692 3.57234 3.42667 3.26344 3.05136 2.86284 2.44497 1.31772 -2.14584 -2.82096 -4.17604 -4.01569 -4.70798 -3.17829 -3.74482 -2.17295 -1.48862 -1.2269 -2.66968 -2.35867 -0.657408 0.0216148 -0.0847406 0.334111 0.734621 0.752958 0.769558 0.764507 0.778006 0.785965 0.784017 0.769995 0.761112 0.755528 0.725628 0.726957 0.601404 0.521192
-9999 -9999 -9999 -9999 -9999 -9999 -9999 -9999 -9999 -7.24481 -3.24439 0.969379 2.32816 3.68402 4.85484 4.88475 4.37514 3.89039 3.39051 2.82027 1.28424 -0.205293 -1.62726 -2.10127 -1.80882 -1.82443 -0.577435 2.32842 2.89466 2.65948 -0.11658 -1.05513 1.29324 3.26761 3.4269 3.25257 0.938366 1.43699 0.191099 -1.50018 -1.9617 -2.69868 -4.26214 -3.50115 -4.64476 -4.14629 -4.27549 -3.38078 -2.94173 -1.87871 -3.13547 -3.12501 -1.45517 -0.606935 -0.580281 0.309729 0.630629 0.718791 0.745045 0.765318 0.774368 0.793393 0.790224 0.782046 0.769514 0.731845 0.635657 0.32811 -1.35159 -1.34557
-9999 -9999 -9999 -9999 -9999 -9999 -9999 -9999 -9999 -6.78167 -4.00305 -0.263398 2.50861 2.69039 4.04156 4.74229 4.18756 3.56175 2.921 2.64409 0.972068 -0.865311 -2.34893 -4.10615 -3.81073 -2.5403 -0.463794 1.41496 1.75466 1.37182 -0.111767 0.59728 2.20022 3.05337 3.30801 3.11535 2.61494 2.32793 1.41177 1.01771 -0.25628 -2.25113 -3.03346 -2.52887 -4.64683 -4.49281 -3.70197 -4.53391 -3.15317 -2.48958 -4.11415 -2.82079 -1.33795 -0.577132 0.0887585 0.406889 0.537033 0.733607 0.744117 0.765565 0.779577 0.781918 0.786796 0.760618 0.739588 0.565859 0.30737 -1.25258 -1.90831 -1.77652
-9999 -9999 -9999 -9999 -9999 -9999 -9999 -9999 -9999 -6.30797 -3.80563 -0.562183 1.41642 1.77687 3.27433 4.60635 4.46517 3.81384 3.61972 2.94391 1.52684 -0.0391613 -1.75149 -2.58126 -4.49594 -2.60059 -1.09817 0.493636 1.2408 0.0240911 -0.587474 0.507108 1.59537 2.03268 3.13193 3.12612 2.77404 1.24063 0.495562 0.817797 0.500837 -0.0581209 -1.42953 -1.48535 -2.36429 -2.72511 -3.06563 -4.18804 -3.46557 -3.3884 -3.19446 -1.6365 -0.862178 -0.346922 0.122237 0.249478 0.456577 0.723628 0.752062 0.766736 0.77071 0.780598 0.766181 0.696413 0.638153 0.284126 -0.346077 -1.52574 -3.44845 -2.09217
-9999 -9999 -9999 -9999 -9999 -9999 -9999 -9999 -9999 -6.73081 -4.07339 -1.30033 -0.136307 0.0677507 2.7717 4.42991 4.43957 4.13424 3.77627 2.09818 2.20291 1.87177 0.327735 -1.924 -4.39767 -4.15996 -2.67878 -0.575274 0.123019 -1.89476 -2.6068 -2.0754 -0.431947 1.03971 2.57623 2.97003 2.52538 0.135756 -2.40387 -1.21844 0.0479437 0.0463338 -0.318232 -1.58972 -1.98973 -2.35133 -3.27755 -4.85172 -4.61697 -4.17286 -2.41065 -1.84734 -0.97998 -0.258699 -0.523138 -0.359826 0.33037 0.728648 0.748751 0.760932 0.778902 0.77475 0.755992 0.612348 0.459786 0.20061 -1.44926 -2.47377 -3.97233 -2.23042
-9999 -9999 -9999 -9999 -9999 -9999 -9999 -9999 -9999 -7.54849 -5.61782 -2.96708 -1.8941 -0.187684 2.36789 3.6283 4.23589 4.22922 3.99274 3.24469 2.79718 1.90941 0.30299 -1.89576 -4.34061 -5.93047 -5.1145 -2.28741 -1.61475 -3.47561 -4.42203 -3.23333 -1.48212 1.10879 2.59116 2.79545 2.66666 2.17784 0.325041 -1.91447 -1.90156 -0.770383 -1.70697 -2.79638 -2.18878 -2.29479 -3.20933 -3.87309 -4.28023 -4.02612 -3.01642 -2.59537 -1.5943 -0.119351 0.0965471 0.0602293 0.684278 0.720517 0.740155 0.768566 0.772741 0.771809 0.757806 0.641407 0.37501 -0.721782 -1.67786 -3.00962 -3.17108 -1.62671
-9999 -9999 -9999 -9999 -9999 -9999 -9999 -9999 -9999 -8.95768 -6.68783 -4.20428 -1.87858 0.32188 2.2165 2.36944 3.37159 3.37686 3.90465 3.76132 3.0681 2.32129 0.937959 -1.88811 -4.26375 -6.85519 -6.16559 -3.28554 -2.89691 -4.14529 -6.45542 -4.06099 -1.42082 0.972503 2.27029 1.26133 2.30516 2.2248 1.53374 0.202651 -1.86979 -1.82518 -3.37687 -3.43924 -2.63418 -2.36922 -2.49701 -2.99395 -3.79293 -3.65815 -3.0436 -2.88289 -1.96252 -0.817155 0.302714 0.495326 0.713196 0.727559 0.736154 0.758524 0.765599 0.747041 0.694505 0.572444 -0.346324 -1.43994 -2.1123 -3.03923 -3.14864 -1.36356
