Test_Spring_2018b/12_17/Temp/20171225_015.txt
ncols	170
nrows	115
xllcorner	350000.000000
yllcorner	4445000.000000
cellsize	1000.000000
nodata_value	-9999.000000
[rows 32 to 63 of 115, columns 72 to 143 of 170]
12.2368 12.0172 12.3691 12.6934 12.4984 12.3696 12.8978 12.9023 12.7277 12.3115 12.1618 12.0066 11.9135 11.3786 9.86861 8.5079 9.24483 9.26723 8.76615 9.67849 9.20388 7.958 6.19718 7.16115 6.91575 5.66371 5.35901 -9999 -9999 -9999 -9999 -9999 -9999 -9999 -9999 -9999 -9999 -9999 -9999 -9999 -9999 -9999 -9999 -9999 -9999 -9999 -9999 -9999 -9999 -9999 -9999 -9999 -9999 -9999 -9999 -9999 -9999 -9999 -9999 -9999 -9999 -9999 -9999 -9999 -9999 -9999 -9999 -9999 -9999 -9999 -9999 -9999
11.937 11.8456 12.3663 12.3604 12.329 12.5146 12.844 12.9136 12.8484 12.6695 12.5155 12.3514 11.9274 11.3147 10.0232 8.47363 8.12609 8.89198 8.93342 9.06056 8.62841 8.08425 7.23025 7.93768 8.21501 7.39462 6.31864 5.62732 -9999 -9999 -9999 -9999 -9999 -9999 -9999 -9999 -9999 -9999 -9999 -9999 -9999 -9999 -9999 -9999 -9999 -9999 -9999 -9999 -9999 -9999 -9999 -9999 -9999 -9999 -9999 -9999 -9999 -9999 -9999 -9999 -9999 -9999 -9999 -9999 -9999 -9999 -9999 -9999 -9999 -9999 -9999 -9999
11.5794 11.0843 11.4001 11.6384 12.0674 12.1822 12.2516 12.8715 12.8436 12.82 12.5622 12.3571 12.0141 11.4247 10.5833 9.56927 7.7998 8.89898 9.76069 9.74357 9.70134 9.32146 8.50112 9.19549 9.23211 8.18281 6.98468 6.28547 5.99899 -9999 -9999 -9999 -9999 -9999 -9999 -9999 -9999 -9999 -9999 -9999 -9999 -9999 -9999 -9999 -9999 -9999 -9999 -9999 -9999 -9999 -9999 -9999 -9999 -9999 -9999 -9999 -9999 -9999 -9999 -9999 -9999 -9999 -9999 -9999 -9999 -9999 -9999 -9999 -9999 -9999 -9999 -9999
11.1728 10.5669 10.8847 11.307 11.8961 12.2009 12.4366 12.6253 12.8177 12.8004 12.5365 11.7475 11.6391 11.6099 11.0614 9.90461 8.7493 8.45367 9.7656 10.1445 10.0729 10.3692 9.67489 10.0093 9.87803 9.5091 8.35801 7.3098 6.8803 6.02729 -9999 -9999 -9999 -9999 -9999 -9999 -9999 -9999 -9999 -9999 -9999 -9999 -9999 -9999 -9999 -9999 -9999 -9999 -9999 -9999 -9999 -9999 -9999 -9999 -9999 -9999 -9999 -9999 -9999 -9999 -9999 -9999 -9999 -9999 -9999 -9999 -9999 -9999 -9999 -9999 -9999 -9999
-9999 -9999 10.1885 10.7571 11.2311 11.8083 12.3085 12.5623 12.809 12.7945 12.2621 12.0043 11.9865 11.6289 10.9949 10.5989 9.87338 9.11716 9.41276 10.5321 10.0408 10.8349 10.7723 10.9214 10.3975 9.39711 8.06389 7.28493 6.90101 6.21051 -9999 -9999 -9999 -9999 -9999 -9999 -9999 -9999 -9999 -9999 -9999 -9999 -9999 -9999 -9999 -9999 -9999 -9999 -9999 -9999 -9999 -9999 -9999 -9999 -9999 -9999 -9999 -9999 -9999 -9999 -9999 -9999 -9999 -9999 -9999 -9999 -9999 -9999 -9999 -9999 -9999 -9999
-9999 -9999 -9999 10.6538 11.0159 11.7904 12.1884 12.3548 12.7499 12.7557 12.5572 12.4087 12.1908 11.9047 11.4296 10.9048 10.2227 10.1641 10.8819 10.8954 10.7509 10.8722 11.2426 11.1499 10.3357 8.92683 8.18538 6.66979 6.02531 6.09606 5.64079 -9999 -9999 -9999 -9999 -9999 -9999 -9999 -9999 -9999 -9999 -9999 -9999 7.47875 -9999 -9999 -9999 -9999 -9999 -9999 -9999 -9999 -9999 -9999 -9999 -9999 -9999 -9999 -9999 -9999 -9999 -9999 -9999 -9999 4.84689 -9999 -9999 -9999 -9999 -9999 -9999 -9999
-9999 -9999 10.5852 11.0644 11.4433 11.9305 11.9791 12.2699 12.7234 12.735 12.5957 12.4378 12.0762 11.9906 11.7225 11.1523 11.0398 11.278 11.3902 11.5166 11.596 11.5393 11.3949 11.2069 10.6797 10.0292 9.5938 8.21254 7.51348 6.84818 5.83931 5.05126 -9999 -9999 -9999 -9999 -9999 -9999 -9999 6.92261 6.89177 6.91668 7.14592 7.76648 7.41305 -9999 -9999 -9999 -9999 -9999 -9999 -9999 -9999 -9999 -9999 -9999 -9999 -9999 -9999 -9999 -9999 -9999 -9999 -9999 5.40274 4.61095 -9999 -9999 -9999 -9999 -9999 -9999
-9999 -9999 10.7104 11.2208 11.478 11.9513 12.2242 12.4008 12.5612 12.7149 12.6951 12.5198 12.2505 12.2576 11.8845 11.6857 11.5452 11.8657 11.933 11.811 11.6566 11.5203 11.1271 11.0848 10.9551 10.5433 9.86509 9.16615 8.15129 6.77973 5.43497 4.35136 -9999 -9999 -9999 -9999 -9999 -9999 7.02983 7.54629 7.8586 7.21655 7.77834 8.29249 8.21878 7.73274 -9999 -9999 -9999 -9999 -9999 -9999 -9999 -9999 -9999 -9999 -9999 -9999 -9999 -9999 9.16294 8.35109 6.70478 5.86387 5.3618 4.64236 -9999 -9999 -9999 -9999 -9999 -9999
-9999 -9999 10.6109 11.2128 11.622 11.9858 12.048 12.4205 12.583 12.6679 12.6637 12.6333 12.5882 12.2633 12.1267 11.6328 12.1159 12.103 11.9869 11.5129 11.3097 10.4918 10.1338 10.0528 10.7472 10.2394 9.1758 7.84548 6.24345 6.14175 5.61563 4.6474 -9999 -9999 -9999 -9999 -9999 -9999 7.18696 7.73905 8.20122 8.2748 7.63696 8.54515 8.51636 8.01986 7.91293 8.33348 8.55028 8.39972 8.89977 9.05156 8.8362 9.08748 -9999 -9999 -9999 -9999 9.26597 9.30527 9.33636 9.00159 7.20241 5.97549 4.87434 4.77813 -9999 -9999 -9999 -9999 -9999 -9999
-9999 -9999 11.0252 11.3975 11.588 11.6228 11.9497 12.2759 12.4763 12.6256 12.6018 12.5956 12.5887 12.4814 12.2246 12.2774 12.2616 12.1137 11.2074 10.1484 10.6163 9.98866 8.63827 9.73908 10.3453 9.7692 8.47938 6.98336 6.49264 6.51553 5.78201 4.8372 -9999 -9999 -9999 5.67632 6.46304 6.53758 6.77463 7.50882 8.06925 8.49385 8.78533 8.78239 8.49114 8.00581 7.4776 7.67611 8.64745 8.8899 9.09296 9.25012 9.0508 9.16608 9.4308 9.57083 9.60451 9.55036 9.54281 9.57003 9.54532 9.23326 7.62453 6.7063 6.12261 4.9446 -9999 -9999 -9999 -9999 -9999 -9999
-9999 -9999 10.7951 11.1193 11.3828 11.8158 11.8659 12.1428 12.3087 12.5518 12.5844 12.3091 12.547 12.5229 12.4853 12.399 12.2696 11.5056 10.4504 9.39213 8.90566 9.11695 8.30713 8.72704 9.34112 9.11982 8.32814 6.99545 6.80989 6.49967 5.26279 4.07317 -9999 -9999 4.15555 5.65888 6.7196 7.27022 7.44578 7.46932 8.1737 8.23613 8.99411 8.82484 7.84105 7.9604 7.58264 7.84044 8.20191 8.30642 8.82074 9.31672 9.41653 9.42596 9.59713 9.63776 9.65314 9.65535 9.5504 9.60742 9.62121 9.42881 8.26472 7.70006 7.07775 4.96241 -9999 -9999 -9999 -9999 -9999 -9999
-9999 -9999 10.9584 11.3202 11.716 11.7838 12.0785 12.0531 11.975 12.3846 12.5363 12.3437 12.2069 12.4759 12.4637 12.4346 12.3827 11.6652 10.8337 9.57184 8.78908 8.31008 7.97138 7.51554 7.83194 7.73821 7.61172 7.76201 7.3963 6.66382 5.94113 4.58602 3.85539 -9999 4.23528 4.91684 6.17723 7.24978 7.93353 7.69777 8.4979 8.65279 9.11654 8.8562 8.26232 8.01179 7.99668 7.92547 8.46699 8.83436 9.09384 9.27083 9.4886 9.54957 9.61059 9.64002 9.65895 9.67781 9.68131 9.68315 9.66537 9.59664 9.06447 8.5012 7.27649 5.03441 -9999 -9999 -9999 -9999 -9999 -9999
-9999 9.91649 10.9186 11.5222 11.7585 11.9303 12.0824 12.194 12.3106 12.4202 12.498 12.4717 11.9525 12.0015 12.102 12.406 12.3905 12.3306 11.8782 10.3418 9.81218 9.03575 8.03067 7.61128 7.824 8.65218 8.61729 8.0722 7.46459 6.62147 6.08681 5.25715 3.66173 3.80999 4.53534 5.07698 5.93562 7.24525 8.16582 8.58098 8.74282 9.07073 9.24574 8.88647 8.54499 8.40596 8.14138 8.11104 8.12117 8.45156 8.70951 9.27784 9.47375 9.56661 9.61778 9.6484 9.67232 9.69569 9.70777 9.70302 9.70943 9.71077 9.67728 8.92497 7.0356 5.61382 -9999 -9999 -9999 -9999 -9999 -9999
-9999 -9999 10.7346 11.0023 11.0753 11.2002 11.4518 11.7415 12.1498 12.207 12.435 12.4395 11.9923 11.4759 11.9374 12.1244 12.3177 12.3288 12.275 10.9825 10.3086 9.77827 8.81446 9.16462 9.49772 9.52468 9.32661 8.15533 6.98889 5.64141 4.38561 4.3284 3.65387 4.0165 4.4973 5.72453 6.59048 6.94595 7.20369 8.53587 8.88751 9.01424 9.36154 8.90753 8.79936 8.46033 8.57203 8.54998 8.56026 7.6059 8.57832 8.64355 9.28057 9.57159 9.64252 9.66706 9.69246 9.70194 9.7118 9.71491 9.72709 9.72354 9.71978 9.23304 6.83383 5.63299 -9999 -9999 -9999 -9999 -9999 -9999
-9999 -9999 -9999 -9999 10.8273 11.0325 11.1658 11.3935 12.0817 12.2712 12.3992 12.4155 12.2199 11.7083 11.5785 11.6795 11.1807 11.6082 12.1904 12.18 12.1134 10.9779 10.3974 10.9633 10.7937 9.93956 9.26757 8.60435 7.2382 6.23638 4.79659 3.71645 3.67899 4.87812 5.87521 7.11698 7.6687 7.36515 7.70888 8.3742 9.1295 9.49912 9.42236 8.94345 8.88424 8.35701 8.89221 8.94582 8.70934 8.50598 8.5973 8.91673 9.04345 9.54332 9.66991 9.69806 9.70864 9.71717 9.72126 9.72442 9.7247 9.72549 9.72458 9.7084 7.24206 5.32532 -9999 -9999 -9999 -9999 -9999 -9999
-9999 -9999 -9999 -9999 10.3534 10.48 10.8064 11.6381 12.0751 12.2553 12.255 12.3419 12.2058 11.7568 11.2958 10.8614 10.2989 10.6294 11.4942 12.0053 12.0664 11.0713 11.5924 11.3999 11.0183 9.90063 9.07719 8.64125 7.32961 6.20477 5.24758 3.92555 4.49546 5.12345 5.92971 7.28383 8.20011 8.58095 8.27445 8.70285 9.57086 9.58409 9.12242 9.16169 8.88434 8.16078 8.93187 9.15503 8.99063 9.04388 8.9865 9.11063 9.3297 9.53934 9.68101 9.70622 9.71502 9.71707 9.72299 9.72959 9.72608 9.73281 9.7319 9.72541 8.13568 5.29031 -9999 -9999 -9999 -9999 -9999 -9999
-9999 -9999 -9999 -9999 -9999 9.92644 10.6657 11.7682 12.0446 12.025 12.2574 12.2829 12.0707 11.8874 11.3265 10.5577 9.07475 9.45953 10.2559 11.4016 12.0049 11.9268 11.5948 11.017 9.61576 8.38947 8.24172 8.04205 7.08518 6.21881 5.15436 5.77509 6.45539 7.20002 7.59389 7.49832 8.28434 8.92695 8.66446 9.18824 9.79831 9.53386 9.3811 9.25439 8.93247 8.92133 8.96472 9.40638 9.11545 9.30802 9.31983 9.31782 9.42854 9.55448 9.68607 9.71346 9.72042 9.72885 9.7206 9.73174 9.73064 9.72967 9.72935 9.72469 9.58656 8.05703 7.14545 -9999 -9999 -9999 -9999 -9999
-9999 -9999 -9999 -9999 -9999 9.24946 9.62032 10.9252 11.3306 11.9105 12.2211 12.2411 11.8786 11.6793 10.8403 10.5725 9.20123 8.58298 9.11705 8.91866 10.494 11.8878 11.5869 8.78134 7.76618 7.04241 7.23017 7.23338 6.96816 5.49363 5.08962 6.41245 7.24698 7.895 8.38827 8.49548 8.48494 9.48626 9.62568 9.95657 9.89451 9.93288 9.43948 9.13756 9.418 9.11385 9.06921 9.52518 9.09336 9.50025 9.46041 9.34921 9.35108 9.62132 9.68189 9.71694 9.72535 9.72139 9.71434 9.71291 9.72753 9.72973 9.72142 9.72849 9.72063 9.54466 8.75631 8.48524 8.80007 -9999 -9999 -9999
-9999 -9999 -9999 -9999 -9999 -9999 8.40877 10.2205 11.05 11.4891 12.1055 12.1851 11.9942 11.6453 10.7906 10.0397 8.81444 7.41388 6.6736 8.90717 10.8511 11.8669 11.7359 9.40099 8.48059 8.43961 8.98454 8.52782 8.18191 7.06145 6.72921 6.26686 6.55717 7.4584 8.19671 8.90951 9.42992 9.47872 9.81975 10.0189 10.0426 10.111 10.0605 10.021 9.54557 9.88907 9.61391 9.77337 9.68497 9.60589 9.53766 9.26884 9.47276 9.65397 9.70607 9.72697 9.72296 9.7268 9.7256 9.71545 9.71429 9.71939 9.72407 9.7216 9.72799 9.72626 9.64395 9.17242 8.53884 7.73657 -9999 -9999
-9999 -9999 -9999 -9999 -9999 -9999 7.50707 9.31007 10.1805 11.3012 11.8801 12.118 12.0936 11.812 11.164 10.1854 9.37089 7.80667 6.1818 8.52584 10.6135 11.7417 11.8042 9.84205 10.3888 9.95084 10.1304 9.32672 8.9941 8.72953 8.15389 7.52455 6.83535 6.47407 8.12508 8.97585 9.66219 9.98962 10.1781 10.2763 10.235 10.1196 9.39696 9.96276 9.9418 9.89494 9.83992 9.8177 9.76847 9.70885 9.67568 9.66963 9.49357 9.70984 9.71266 9.72211 9.72949 9.73028 9.72604 9.72308 9.71799 9.7248 9.72367 9.72296 9.72458 9.72901 9.72991 9.71045 9.59019 8.51047 7.86733 7.6926
-9999 -9999 -9999 -9999 -9999 -9999 4.98109 7.60212 9.70771 10.8112 11.709 11.9606 12.0586 11.6783 11.3955 10.6956 10.0329 9.00704 7.46726 6.52069 8.27616 10.8263 11.7674 11.6962 11.64 11.1336 10.6774 10.6218 10.6587 10.1252 9.34949 8.33689 8.02427 7.67253 8.90354 9.07531 8.99174 10.3463 10.3564 10.2872 9.77908 9.20892 9.32666 8.97771 9.26004 8.84229 9.24246 9.58947 9.72422 9.72189 9.68367 9.68626 9.67369 9.71802 9.72424 9.725 9.72693 9.73079 9.73191 9.72238 9.71964 9.73154 9.72785 9.72646 9.72453 9.7306 9.73447 9.72182 9.71093 9.55061 9.30612 8.83479
-9999 -9999 -9999 -9999 -9999 -9999 5.09329 7.29759 9.16921 10.2919 11.374 11.6296 11.9989 11.9266 11.6298 11.0221 10.2611 9.4177 8.09738 7.11696 8.29285 9.98666 11.2007 11.637 11.6345 11.608 11.4956 11.4496 11.3183 11.223 10.6686 9.71298 9.17469 8.38546 9.75684 9.91556 9.70768 10.396 10.3685 9.34434 8.55884 8.46772 8.95847 8.50639 8.43381 8.1555 8.48736 9.36305 9.11801 9.17598 9.57575 9.64833 9.69844 9.71666 9.72073 9.72546 9.72524 9.73259 9.73984 9.73068 9.72981 9.73262 9.72407 9.72861 9.72494 9.72464 9.72343 9.71976 9.71042 9.66964 9.62498 9.68717
-9999 -9999 -9999 -9999 -9999 -9999 5.13978 6.62261 8.30742 9.95876 11.1138 11.5833 11.9267 11.929 11.5829 11.2836 10.8086 10.0671 9.55982 8.67519 7.45904 9.50904 10.1391 10.7016 10.9397 11.5261 11.5144 11.2495 10.9376 11.229 11.1481 10.3923 10.1467 9.7295 10.4945 10.5016 10.4863 10.4517 9.587 8.38287 7.42209 8.12614 7.98823 8.3148 7.33227 8.15579 8.81985 9.04065 8.60267 8.27962 9.30868 9.48732 9.59535 9.66695 9.71622 9.71266 9.72967 9.73012 9.73354 9.73664 9.73428 9.73543 9.73305 9.73054 9.72937 9.73027 9.72554 9.71901 9.7249 9.70489 9.70159 9.70033
-9999 -9999 -9999 -9999 -9999 -9999 -9999 5.75047 7.88149 9.78794 10.8519 11.5231 11.853 11.8528 11.6785 11.4768 11.1841 10.6505 9.97857 8.91369 8.12404 8.63194 9.24915 9.32095 9.73299 10.9219 11.3299 10.7586 9.33822 10.1799 11.1181 11.1068 11.0313 10.9467 10.837 10.7394 10.5201 9.92318 8.08237 7.72608 7.00854 7.0982 6.73394 7.5523 7.25674 8.09865 8.46792 8.61212 7.84856 8.01759 8.93357 9.2997 9.24739 9.47462 9.69113 9.70486 9.71761 9.71882 9.72995 9.73821 9.74132 9.73917 9.73899 9.74071 9.73155 9.74072 9.67905 9.64143 9.55793 9.67681 9.69433 9.71102
-9999 -9999 -9999 -9999 -9999 -9999 -9999 5.32311 7.45332 9.69757 10.4218 11.1449 11.7698 11.7875 11.518 11.2618 10.9977 10.6961 9.88004 9.08861 8.33296 8.08194 8.23888 8.22819 8.89317 10.4415 10.7438 10.6194 9.13662 8.6384 9.89077 10.9442 11.0312 10.9408 9.71105 9.97949 9.31915 8.42185 8.17968 7.791 6.96237 7.37177 6.76703 7.03687 6.97325 7.45439 7.6929 8.26369 7.59907 7.60785 8.50757 8.96382 8.98238 9.46059 9.6356 9.6866 9.7046 9.71942 9.72833 9.74264 9.74525 9.74535 9.74327 9.72793 9.68154 9.52493 8.63918 8.64748 8.89984 9.13899 9.57011 9.69855
-9999 -9999 -9999 -9999 -9999 -9999 -9999 5.56802 7.04781 9.03974 10.5167 10.6146 11.3355 11.7103 11.4167 11.0853 10.746 10.6005 9.71194 8.73521 7.94673 7.01239 7.17099 7.84867 8.95195 9.95351 10.1355 9.93265 9.13816 9.51754 10.3731 10.8296 10.9675 10.8674 10.6037 10.4537 9.969 9.7625 9.08759 8.02897 7.61623 7.88897 6.76523 6.85151 7.27701 6.83922 7.57908 7.93705 7.07644 7.77456 8.56888 8.97858 9.3376 9.51132 9.58484 9.69367 9.7034 9.71897 9.73062 9.73615 9.74315 9.73373 9.72718 9.63943 9.50665 8.68085 8.343 8.4183 8.81053 9.15483 9.52018 9.67139
-9999 -9999 -9999 -9999 -9999 -9999 -9999 5.81838 7.15123 8.87904 9.93356 10.1266 10.9254 11.6363 11.5629 11.2178 11.1163 10.7583 10.0054 9.17321 8.26294 7.82255 6.80426 7.81486 8.61233 9.46127 9.86039 9.20754 8.88368 9.46854 10.0502 10.2853 10.8731 10.8726 10.6879 9.87427 9.48064 9.65557 9.49028 9.19627 8.46974 8.44396 7.97995 7.79195 7.61485 7.02225 7.41146 7.45704 7.57103 8.40416 8.82116 9.1001 9.35439 9.42651 9.54109 9.68756 9.70694 9.719 9.72543 9.73508 9.73188 9.69933 9.67303 9.48933 9.15865 8.53543 7.5232 8.25064 9.01095 9.24627 9.47468 9.59526
-9999 -9999 -9999 -9999 -9999 -9999 -9999 5.59111 7.00671 8.48413 9.10491 9.21471 10.656 11.5406 11.5474 11.3866 11.1978 10.3059 10.3635 10.1888 9.36822 8.17063 6.85474 6.98267 7.77249 8.89034 9.2636 8.18425 7.80703 8.0921 8.9695 9.75557 10.5763 10.7887 10.5547 9.28516 7.93586 8.57047 9.24834 9.2511 9.06071 8.38747 8.17844 7.98996 7.50087 6.66832 6.797 7.03791 7.9861 8.2908 8.75734 9.14602 9.00968 9.10107 9.47299 9.68943 9.70446 9.71531 9.72928 9.73155 9.72614 9.65434 9.5779 9.44479 8.57119 8.0307 7.24157 8.17756 8.69817 8.98498 9.48087 9.60441
-9999 -9999 -9999 -9999 -9999 -9999 -9999 5.15343 6.18211 7.59447 8.16683 9.07671 10.439 11.1117 11.4369 11.4351 11.311 10.9144 10.6779 10.2068 9.35301 8.18369 6.88322 6.03799 6.4739 7.97678 8.33667 7.34086 6.83893 7.47413 8.40901 9.7912 10.5832 10.6947 10.629 10.3717 9.38814 8.19882 8.20916 8.81515 8.3201 7.74379 8.07131 8.01889 7.53598 7.18667 6.97497 7.12138 7.66241 7.89135 8.42911 9.21916 9.33866 9.32379 9.66055 9.68426 9.69914 9.71871 9.72544 9.72952 9.72674 9.66954 9.53257 8.95351 8.44949 7.7455 7.6648 8.49968 8.87166 9.21743 9.46438 9.54961
-9999 -9999 -9999 -9999 -9999 -9999 -9999 4.40061 5.60999 6.93337 8.17288 9.34588 10.3562 10.4391 10.9745 10.979 11.2618 11.1873 10.82 10.424 9.68908 8.18574 6.92219 5.54366 5.91234 7.4474 7.64535 6.98261 5.75452 7.03189 8.44023 9.71724 10.411 9.8764 10.4352 10.3954 10.0306 9.32502 8.22482 8.25217 7.42955 7.40017 7.83283 7.97795 7.914 7.65352 7.2338 7.31619 7.64681 7.73711 8.23191 8.84648 9.44741 9.5545 9.67501 9.68713 9.6962 9.71263 9.72098 9.71577 9.69256 9.63245 9.14819 8.57094 8.21815 7.72991 7.67711 8.63697 9.02953 9.25061 9.46506 9.55405
-9999 -9999 -9999 -9999 -9999 -9999 -9999 -9999 5.48556 6.85257 7.86549 8.1421 9.04071 9.52835 9.90687 9.9948 11.0651 11.1288 10.8977 10.5344 9.90831 8.76866 7.97584 6.65376 5.70458 6.09948 6.28008 6.63487 6.53609 7.10835 8.46191 9.87206 10.0305 9.14308 9.28077 9.47322 9.89769 9.69139 8.19001 7.43043 6.80116 7.25945 7.74133 7.86317 7.89312 7.80846 7.71316 7.53511 8.17817 8.65594 8.77245 9.18988 9.49998 9.59092 9.66121 9.67626 9.69142 9.69877 9.68836 9.68279 9.61405 9.45107 8.90857 7.59375 7.66281 7.52716 7.12328 8.06414 8.66345 9.19588 9.48223 9.56157
-9999 -9999 -9999 -9999 -9999 -9999 -9999 -9999 5.03123 6.61206 6.95013 6.93068 6.41431 6.65974 8.59893 8.99356 10.0202 10.9925 10.9264 10.5701 9.98458 9.30766 8.25701 6.76959 5.58847 5.08939 6.36837 7.62211 7.88526 8.2898 9.12105 9.28304 8.37582 7.52557 8.01139 8.30639 9.41464 9.62187 9.41378 8.51177 7.47968 6.94414 7.59081 7.68315 7.72843 7.74296 7.73326 7.7128 8.43581 8.8398 9.12231 9.27948 9.54679 9.62067 9.64929 9.67662 9.67919 9.67304 9.63923 9.59979 9.4015 9.15995 8.26675 7.52332 7.06255 6.47573 7.8225 8.23088 8.79219 9.15772 9.44273 9.511
