Test_Spring_2018b/12_17/Temp/20171205_010.txt
ncols	170
nrows	115
xllcorner	350000.000000
yllcorner	4445000.000000
cellsize	1000.000000
nodata_value	-9999.000000
[rows 32 to 63 of 115, columns 72 to 143 of 170]
8.91337 8.54314 9.13023 9.67119 9.3482 9.13593 10.0196 10.0253 9.73091 9.03179 8.7792 8.51719 8.35915 7.46105 4.92976 2.64849 3.88077 3.91629 3.07508 4.60146 3.80484 1.7165 -1.2342 0.379206 -0.032943 -2.12662 -2.63873 -9999 -9999 -9999 -9999 -9999 -9999 -9999 -9999 -9999 -9999 -9999 -9999 -9999 -9999 -9999 -9999 -9999 -9999 -9999 -9999 -9999 -9999 -9999 -9999 -9999 -9999 -9999 -9999 -9999 -9999 -9999 -9999 -9999 -9999 -9999 -9999 -9999 -9999 -9999 -9999 -9999 -9999 -9999 -9999 -9999
8.41192 8.25636 9.12621 9.11399 9.06297 9.37954 9.93004 10.0447 9.93352 9.63198 9.37188 9.09493 8.38271 7.3544 5.18897 2.59145 2.00734 3.28829 3.35593 3.56723 2.84187 1.92907 0.497418 1.68129 2.14485 0.770497 -1.0294 -2.18566 -9999 -9999 -9999 -9999 -9999 -9999 -9999 -9999 -9999 -9999 -9999 -9999 -9999 -9999 -9999 -9999 -9999 -9999 -9999 -9999 -9999 -9999 -9999 -9999 -9999 -9999 -9999 -9999 -9999 -9999 -9999 -9999 -9999 -9999 -9999 -9999 -9999 -9999 -9999 -9999 -9999 -9999 -9999 -9999
7.81353 6.98175 7.50841 7.90529 8.63072 8.82415 8.93841 9.97468 9.92603 9.88432 9.45046 9.10484 8.52816 7.53873 6.12739 4.42683 1.46107 3.30038 4.74207 4.71188 4.63982 4.00233 2.62727 3.78946 3.85004 2.09222 0.0911674 -1.08109 -1.56214 -9999 -9999 -9999 -9999 -9999 -9999 -9999 -9999 -9999 -9999 -9999 -9999 -9999 -9999 -9999 -9999 -9999 -9999 -9999 -9999 -9999 -9999 -9999 -9999 -9999 -9999 -9999 -9999 -9999 -9999 -9999 -9999 -9999 -9999 -9999 -9999 -9999 -9999 -9999 -9999 -9999 -9999 -9999
7.13313 6.11579 6.64567 7.35064 8.34132 8.85359 9.24875 9.56274 9.88294 9.85184 9.40763 8.08378 7.90016 7.84902 6.92818 4.98857 3.05156 2.55467 4.75058 5.38382 5.26272 5.75814 4.59437 5.15386 4.93349 4.3149 2.38931 0.636935 -0.0834181 -1.51331 -9999 -9999 -9999 -9999 -9999 -9999 -9999 -9999 -9999 -9999 -9999 -9999 -9999 -9999 -9999 -9999 -9999 -9999 -9999 -9999 -9999 -9999 -9999 -9999 -9999 -9999 -9999 -9999 -9999 -9999 -9999 -9999 -9999 -9999 -9999 -9999 -9999 -9999 -9999 -9999 -9999 -9999
-9999 -9999 5.48021 6.43612 7.22824 8.19646 9.03463 9.45766 9.86883 9.84221 8.94818 8.51409 8.48192 7.88072 6.81668 6.15136 4.93427 3.66597 4.15967 6.03332 5.2095 6.5388 6.4334 6.68291 5.8051 4.13169 1.89872 0.597685 -0.0460154 -1.2034 -9999 -9999 -9999 -9999 -9999 -9999 -9999 -9999 -9999 -9999 -9999 -9999 -9999 -9999 -9999 -9999 -9999 -9999 -9999 -9999 -9999 -9999 -9999 -9999 -9999 -9999 -9999 -9999 -9999 -9999 -9999 -9999 -9999 -9999 -9999 -9999 -9999 -9999 -9999 -9999 -9999 -9999
-9999 -9999 -9999 6.26387 6.8684 8.16379 8.83403 9.11058 9.77009 9.77753 9.44262 9.19137 8.82407 8.34249 7.54444 6.66337 5.51914 5.41937 6.6204 6.64191 6.39913 6.60188 7.22205 7.06678 5.70304 3.34576 2.10403 -0.430129 -1.50989 -1.39184 -2.15512 -9999 -9999 -9999 -9999 -9999 -9999 -9999 -9999 -9999 -9999 -9999 -9999 0.884116 -9999 -9999 -9999 -9999 -9999 -9999 -9999 -9999 -9999 -9999 -9999 -9999 -9999 -9999 -9999 -9999 -9999 -9999 -9999 -9999 -3.61313 -9999 -9999 -9999 -9999 -9999 -9999 -9999
-9999 -9999 6.14589 6.95208 7.58494 8.39913 8.48169 8.96877 9.72614 9.74303 9.50722 9.24008 8.63193 8.48609 8.03464 7.07753 6.88713 7.28463 7.47145 7.6823 7.81476 7.71966 7.47785 7.16327 6.28305 5.19409 4.46539 2.15251 0.98589 -0.128535 -1.8187 -3.13933 -9999 -9999 -9999 -9999 -9999 -9999 -9999 -0.0251158 -0.0811125 -0.0440092 0.335112 1.36954 0.772413 -9999 -9999 -9999 -9999 -9999 -9999 -9999 -9999 -9999 -9999 -9999 -9999 -9999 -9999 -9999 -9999 -9999 -9999 -9999 -2.68119 -4.01104 -9999 -9999 -9999 -9999 -9999 -9999
-9999 -9999 6.36154 7.21471 7.64378 8.43471 8.88975 9.18844 9.45475 9.70959 9.67374 9.37739 8.92354 8.93293 8.30548 7.97035 7.7331 8.26846 8.37993 8.17499 7.91613 7.68798 7.0299 6.95974 6.74566 6.05697 4.92216 3.75258 2.0575 -0.239422 -2.49177 -4.30707 -9999 -9999 -9999 -9999 -9999 -9999 0.163635 1.02447 1.54296 0.462605 1.3984 2.25422 2.12527 1.30519 -9999 -9999 -9999 -9999 -9999 -9999 -9999 -9999 -9999 -9999 -9999 -9999 -9999 -9999 3.63198 2.26865 -0.492357 -1.90435 -2.74885 -3.9575 -9999 -9999 -9999 -9999 -9999 -9999
-9999 -9999 6.19547 7.20203 7.88582 8.49338 8.59555 9.21907 9.49165 9.63116 9.62131 9.5674 9.48886 8.9419 8.7105 7.88088 8.68813 8.66493 8.46959 7.67501 7.33466 5.96516 5.36643 5.23408 6.39863 5.54979 3.77005 1.54349 -1.13426 -1.30404 -2.1847 -3.80632 -9999 -9999 -9999 -9999 -9999 -9999 0.432322 1.35257 2.12176 2.23971 1.16576 2.6812 2.62679 1.78901 1.60375 2.30209 2.65926 2.40424 3.23603 3.48466 3.11858 3.53441 -9999 -9999 -9999 -9999 3.81221 3.87446 3.92308 3.35895 0.341974 -1.71651 -3.5644 -3.73019 -9999 -9999 -9999 -9999 -9999 -9999
-9999 -9999 6.89013 7.51219 7.82974 7.88621 8.43197 8.97763 9.31349 9.5615 9.51862 9.50492 9.4902 9.30737 8.87426 8.9603 8.93179 8.68238 7.16339 5.38924 6.17318 5.12238 2.86317 4.70924 5.72679 4.76411 2.60606 0.102597 -0.713238 -0.673794 -1.90133 -3.48146 -9999 -9999 -9999 -2.08053 -0.765618 -0.644249 -0.251295 0.973808 1.9074 2.61133 3.09357 3.08422 2.5879 1.76841 0.877089 1.20313 2.82379 3.22377 3.56063 3.818 3.4786 3.66716 4.1057 4.33571 4.38792 4.29332 4.27704 4.31919 4.2745 3.74857 1.04985 -0.491499 -1.47257 -3.45083 -9999 -9999 -9999 -9999 -9999 -9999
-9999 -9999 6.5046 7.04627 7.48605 8.21185 8.29387 8.75543 9.03203 9.43848 9.4896 9.02505 9.42011 9.37631 9.3103 9.16297 8.94409 7.66296 5.89453 4.12176 3.30739 3.66322 2.30861 3.01452 4.04556 3.6783 2.35857 0.129062 -0.179236 -0.693169 -2.76432 -4.75614 -9999 -9999 -4.61981 -2.10382 -0.329971 0.588692 0.878446 0.912943 2.08733 2.18601 3.44943 3.16119 1.5047 1.69778 1.05553 1.48047 2.07972 2.24842 3.10599 3.93087 4.09232 4.10276 4.3845 4.44797 4.46953 4.46939 4.29005 4.38224 4.40218 4.07685 2.12393 1.17498 0.128506 -3.41866 -9999 -9999 -9999 -9999 -9999 -9999
-9999 -9999 6.78044 7.3851 8.04663 8.15862 8.65013 8.60631 8.47415 9.15702 9.40952 9.0832 8.85019 9.29721 9.27334 9.22178 9.1326 7.92924 6.53564 4.42204 3.11163 2.31144 1.74638 0.989546 1.52255 1.36872 1.16006 1.41495 0.806763 -0.414065 -1.62266 -3.89207 -5.11537 -9999 -4.48044 -3.34083 -1.23257 0.560212 1.70097 1.30086 2.63528 2.88848 3.66027 3.21735 2.2136 1.78664 1.75424 1.62794 2.52807 3.13407 3.56432 3.85438 4.21347 4.31008 4.40721 4.45187 4.4794 4.5072 4.50964 4.50954 4.47677 4.35873 3.46442 2.51719 0.462595 -3.29676 -9999 -9999 -9999 -9999 -9999 -9999
-9999 5.0334 6.71469 7.72462 8.11906 8.40525 8.65812 8.8427 9.03648 9.21775 9.34449 9.2978 8.42421 8.50235 8.66707 9.1733 9.14491 9.04293 8.28451 5.71118 4.82537 3.53005 1.84952 1.15071 1.51059 2.90153 2.84688 1.93759 0.923386 -0.482586 -1.37419 -2.76226 -5.43456 -5.18625 -3.97227 -3.06696 -1.63167 0.558109 2.09533 2.78526 3.05023 3.59429 3.88054 3.27113 2.68999 2.44962 1.99899 1.94078 1.95049 2.49683 2.92392 3.86679 4.18876 4.33893 4.41947 4.46611 4.502 4.53745 4.55437 4.54338 4.55128 4.55076 4.49128 3.2282 0.0583993 -2.32702 -9999 -9999 -9999 -9999 -9999 -9999
-9999 -9999 6.40782 6.85507 6.97613 7.18383 7.60337 8.08625 8.76844 8.86106 9.23947 9.24348 8.49117 7.62208 8.39135 8.70128 9.0226 9.03958 8.94867 6.78635 5.65943 4.77383 3.16284 3.75349 4.3155 4.3649 4.03743 2.07978 0.130044 -2.12039 -4.22106 -4.3148 -5.44231 -4.83541 -4.03092 -1.97722 -0.529689 0.061767 0.488594 2.7143 3.29799 3.50305 4.0776 3.30967 3.11905 2.54335 2.72263 2.67799 2.68765 1.08176 2.70517 2.80727 3.86757 4.3475 4.46133 4.49775 4.53615 4.54839 4.56171 4.56402 4.58173 4.57272 4.56237 3.7439 -0.278109 -2.29341 -9999 -9999 -9999 -9999 -9999 -9999
-9999 -9999 -9999 -9999 6.56218 6.90449 7.12585 7.50505 8.65592 8.97 9.18071 9.20411 8.87235 8.01198 7.79055 7.95649 7.11834 7.83363 8.80861 8.79227 8.68271 6.78373 5.81555 6.76754 6.48788 5.0618 3.94092 2.83465 0.550765 -1.12046 -3.52899 -5.33587 -5.39716 -3.38819 -1.71861 0.359464 1.28064 0.76816 1.33892 2.44783 3.70653 4.31865 4.18269 3.37282 3.26397 2.37279 3.26118 3.34301 2.93911 2.5909 2.73814 3.2658 3.47118 4.30216 4.50855 4.55037 4.56398 4.57468 4.57842 4.58092 4.57796 4.5764 4.57189 4.54165 0.407212 -2.8072 -9999 -9999 -9999 -9999 -9999 -9999
-9999 -9999 -9999 -9999 5.77014 5.98075 6.52559 7.91636 8.64654 8.94504 8.94083 9.08228 8.85018 8.09413 7.31819 6.58715 5.64256 6.19484 7.64322 8.50038 8.60485 6.94126 7.81841 7.50035 6.86588 4.9986 3.62428 2.89895 0.706606 -1.17053 -2.77055 -4.98245 -4.02631 -2.9739 -1.62405 0.642307 2.17408 2.80786 2.28962 3.00139 4.44878 4.46385 3.68303 3.74098 3.26664 2.04644 3.32979 3.69546 3.41212 3.49356 3.39152 3.59191 3.95185 4.29658 4.52817 4.56541 4.5758 4.5757 4.58255 4.59052 4.58181 4.59023 4.58577 4.57177 1.90564 -2.86419 -9999 -9999 -9999 -9999 -9999 -9999
-9999 -9999 -9999 -9999 -9999 5.05526 6.2916 8.13604 8.59715 8.56104 8.9465 8.98523 8.62563 8.3146 7.37124 6.08015 3.59371 4.2369 5.57081 7.49083 8.5037 8.37605 7.82434 6.86088 4.51858 2.46951 2.22701 1.89748 0.299428 -1.14476 -2.92441 -1.8822 -0.741146 0.506626 1.16573 1.00384 2.31743 3.38977 2.94513 3.81665 4.83199 4.38195 4.11854 3.89847 3.34944 3.3225 3.38691 4.11851 3.62318 3.93791 3.95167 3.94071 4.11909 4.32359 4.53825 4.57913 4.58652 4.59707 4.5801 4.59585 4.59119 4.58672 4.58323 4.5723 4.33755 1.77172 0.24093 -9999 -9999 -9999 -9999 -9999
-9999 -9999 -9999 -9999 -9999 3.9232 4.54254 6.726 7.40322 8.37113 8.88783 8.91739 8.30601 7.96861 6.5593 6.10734 3.80795 2.77137 3.66585 3.33463 5.97546 8.31322 7.81356 3.11854 1.4228 0.215319 0.534694 0.544843 0.105157 -2.35776 -3.03132 -0.813218 0.586089 1.67195 2.4975 2.67529 2.65464 4.32781 4.55648 5.105 4.99462 5.05191 4.21805 3.70458 4.16458 3.64694 3.56397 4.3196 3.58833 4.26208 4.18936 3.99553 3.9916 4.43779 4.53349 4.58717 4.59684 4.58668 4.57178 4.56629 4.58793 4.58873 4.57181 4.58048 4.56391 4.26523 2.94082 2.48264 3.00566 -9999 -9999 -9999
-9999 -9999 -9999 -9999 -9999 -9999 2.51517 5.54762 6.93519 7.66748 8.69638 8.82583 8.50343 7.91465 6.47926 5.21813 3.16344 0.81601 -0.423302 3.3189 6.57702 8.28142 8.06597 4.15915 2.62187 2.55778 3.47512 2.71462 2.13949 0.269409 -0.284174 -1.05645 -0.56892 0.941541 2.17703 3.36902 4.23771 4.31548 4.88186 5.20999 5.24359 5.35131 5.25951 5.1858 4.37988 4.94723 4.47833 4.73746 4.58157 4.44144 4.32138 3.86362 4.19819 4.49531 4.57684 4.6063 4.59544 4.59828 4.59311 4.57322 4.56788 4.57347 4.57824 4.57085 4.57808 4.5712 4.42937 3.6354 2.56985 1.22162 -9999 -9999
-9999 -9999 -9999 -9999 -9999 -9999 1.00686 4.02464 5.48089 7.35508 8.32125 8.71821 8.67322 8.19741 7.10846 5.46614 4.09952 1.47802 -1.24412 2.6833 6.18311 8.0754 8.18345 4.90095 5.82077 5.09131 5.39624 4.05416 3.50085 3.06411 2.10247 1.05016 -0.102239 -0.707868 2.05653 3.47958 4.62623 5.17081 5.48186 5.64081 5.56692 5.36633 4.14896 5.08941 5.04499 4.95877 4.85887 4.81393 4.72387 4.61655 4.55551 4.53807 4.2363 4.59188 4.59019 4.60124 4.60941 4.60705 4.59667 4.5887 4.57732 4.58433 4.57962 4.5751 4.57426 4.57764 4.57516 4.53839 4.33265 2.51973 1.43802 1.13875
-9999 -9999 -9999 -9999 -9999 -9999 -3.22201 1.16597 4.69142 6.53678 8.04044 8.45805 8.61818 7.97754 7.50038 6.32518 5.21297 3.49323 0.913586 -0.671539 2.27122 6.54497 8.12556 8.00991 7.91931 7.07473 6.31425 6.2247 6.28976 5.40229 4.10646 2.41169 1.88813 1.29866 3.35942 3.6451 3.5022 5.76741 5.77975 5.65859 4.80181 3.84221 4.0329 3.4405 3.90434 3.19725 3.86011 4.43394 4.65232 4.64123 4.57213 4.56898 4.54123 4.60795 4.61303 4.60952 4.60849 4.61115 4.6096 4.59047 4.58285 4.59974 4.58825 4.58237 4.57612 4.58215 4.58462 4.55925 4.53671 4.26381 3.84988 3.05372
-9999 -9999 -9999 -9999 -9999 -9999 -3.03189 0.659477 3.79182 5.67358 7.48263 7.90725 8.52217 8.39757 7.89743 6.87679 5.60009 4.18601 1.97391 0.331944 2.30251 5.14301 7.17907 7.91299 7.91291 7.8717 7.68643 7.61356 7.39646 7.24282 6.31589 4.71566 3.81422 2.49173 4.78745 5.05121 4.70014 5.84941 5.79911 4.07873 2.75759 2.59911 3.4168 2.65306 2.5226 2.04852 2.59734 4.05704 3.63946 3.72955 4.39451 4.50916 4.58458 4.6093 4.61082 4.61394 4.60923 4.61762 4.62618 4.60748 4.60279 4.60426 4.58663 4.588 4.57804 4.57326 4.56796 4.55763 4.5377 4.46504 4.38516 4.48245
-9999 -9999 -9999 -9999 -9999 -9999 -2.95333 -0.468722 2.35081 5.11872 7.05032 7.83335 8.40536 8.40603 7.82351 7.31971 6.52205 5.27877 4.4285 2.94681 0.910508 4.34556 5.40507 6.34981 6.7516 7.73679 7.72022 7.2794 6.76342 7.2532 7.11856 5.85309 5.44155 4.74194 6.02175 6.03155 6.00305 5.94165 4.4892 2.46765 0.853255 2.02702 1.79018 2.33318 0.678844 2.05189 3.15722 3.52007 2.77907 2.23127 3.95078 4.24069 4.41554 4.5298 4.60706 4.59627 4.62035 4.61707 4.61904 4.62068 4.61328 4.61176 4.60429 4.59645 4.58743 4.58457 4.57246 4.55648 4.56197 4.52522 4.51535 4.50622
-9999 -9999 -9999 -9999 -9999 -9999 -9999 -1.92858 1.64417 4.83483 6.61407 7.73547 8.28519 8.28201 7.98746 7.64751 7.15548 6.26041 5.1343 3.35063 2.02856 2.88042 3.91861 4.04111 4.73356 6.72738 7.41322 6.45853 4.08561 5.49663 7.06878 7.05009 6.92322 6.78053 6.59451 6.42894 6.05867 5.05552 1.9683 1.36784 0.161156 0.306153 -0.309495 1.05785 0.554231 1.95796 2.56992 2.80485 1.51929 1.79904 3.3231 3.93 3.83638 4.21133 4.56888 4.58704 4.6039 4.60175 4.61647 4.62657 4.62812 4.62055 4.61651 4.61555 4.59243 4.60328 4.49572 4.42836 4.28412 4.47887 4.50389 4.52099
-9999 -9999 -9999 -9999 -9999 -9999 -9999 -2.63566 0.930171 4.68682 5.89738 7.10592 8.14998 8.17695 7.72323 7.2922 6.84815 6.34176 4.9742 3.64841 2.38307 1.96345 2.22759 2.21443 3.33003 5.92531 6.4336 6.22696 3.74915 2.91539 5.01344 6.77774 6.92286 6.77024 4.70872 5.15611 4.04729 2.54106 2.13169 1.4765 0.0840145 0.76486 -0.253279 0.193236 0.0809953 0.880795 1.27407 2.22387 1.10436 1.11624 2.61291 3.37097 3.39621 4.19164 4.47957 4.5601 4.58566 4.60617 4.61697 4.63699 4.63749 4.63377 4.62637 4.59668 4.51484 4.24406 2.7558 2.76531 3.1836 3.57978 4.29399 4.50127
-9999 -9999 -9999 -9999 -9999 -9999 -9999 -2.22236 0.25415 3.58834 6.05986 6.22139 7.42654 8.05198 7.55805 7.00115 6.43134 6.18644 4.6974 3.0611 1.74056 0.176104 0.442683 1.57903 3.43169 5.11068 5.41679 5.07834 3.75322 4.38905 5.82211 6.58624 6.81637 6.64739 6.20377 5.95039 5.13571 4.78664 3.65258 1.87544 1.17979 1.63199 -0.255184 -0.115832 0.591496 -0.147492 1.08586 1.67948 0.232003 1.3946 2.71893 3.39921 3.99485 4.28038 4.39834 4.57573 4.58737 4.60901 4.62428 4.6294 4.63704 4.6172 4.60213 4.45098 4.22428 2.8367 2.26153 2.38321 3.03575 3.60801 4.20769 4.45687
-9999 -9999 -9999 -9999 -9999 -9999 -9999 -1.79994 0.43058 3.32254 5.08666 5.40783 6.74365 7.93231 7.80731 7.22763 7.05615 6.45531 5.19355 3.79916 2.27443 1.5371 -0.16788 1.52574 2.86606 4.28899 4.95848 3.87089 3.32876 4.30842 5.28235 5.67552 6.65902 6.6567 6.3454 4.98026 4.31821 4.60811 4.32776 3.83148 2.61042 2.56281 1.7809 1.46109 1.15932 0.161407 0.807674 0.8783 1.05914 2.45226 3.14477 3.60621 4.02656 4.142 4.32878 4.56919 4.59693 4.61262 4.61898 4.63084 4.62125 4.56248 4.51414 4.20209 3.64378 2.59537 0.890191 2.10413 3.37311 3.75842 4.1326 4.33034
-9999 -9999 -9999 -9999 -9999 -9999 -9999 -2.17755 0.191678 2.66439 3.70219 3.88408 6.29624 7.77598 7.78557 7.51455 7.19687 5.70193 5.79751 5.50451 4.12979 2.12394 -0.0797631 0.135156 1.45843 3.33562 3.96147 2.15926 1.52747 2.00475 3.47388 4.78967 6.16321 6.51734 6.12349 3.99461 1.73185 2.79175 3.92378 3.92469 3.60178 2.46983 2.11518 1.79475 0.97061 -0.431499 -0.218818 0.179191 1.76101 2.26547 3.04113 3.68651 3.45267 3.60045 4.21831 4.57592 4.59635 4.60989 4.62879 4.62815 4.61468 4.48999 4.3575 4.13004 2.66217 1.75217 0.425094 1.98342 2.8508 3.31785 4.14402 4.34657
-9999 -9999 -9999 -9999 -9999 -9999 -9999 -2.90766 -1.18638 1.17749 2.13431 3.65648 5.93644 7.06144 7.60446 7.59985 7.39054 6.72517 6.32811 5.53853 4.1081 2.14945 -0.0286064 -1.44393 -0.713205 1.80843 2.41228 0.749196 -0.0916785 0.971898 2.53715 4.85132 6.17657 6.36167 6.24957 5.81623 4.16615 2.17103 2.18499 3.19638 2.36326 1.39376 1.93794 1.84553 1.03187 0.441864 0.0821618 0.317145 1.22177 1.59946 2.49453 3.81233 4.00711 3.97697 4.53598 4.57077 4.59089 4.619 4.62565 4.62791 4.6187 4.51831 4.28428 3.30968 2.46069 1.27667 1.13659 2.52462 3.13829 3.70835 4.11738 4.25561
-9999 -9999 -9999 -9999 -9999 -9999 -9999 -4.16566 -2.14161 0.0733371 2.14775 4.11076 5.80126 5.9385 6.83352 6.83962 7.31206 7.1861 6.56987 5.90602 4.67457 2.15633 0.0399977 -2.26874 -1.65074 0.920212 1.2621 0.151943 -1.90534 0.233763 2.59198 4.72992 5.89055 4.99346 5.92737 5.85839 5.24459 4.0598 2.21365 2.25584 0.874072 0.820719 1.54105 1.77959 1.66775 1.22661 0.515995 0.646295 1.19859 1.34417 2.16738 3.19132 4.19257 4.36677 4.56359 4.57898 4.58935 4.61214 4.62143 4.60802 4.56446 4.45905 3.64314 2.67141 2.07556 1.25274 1.15922 2.76132 3.404 3.76503 4.11944 4.26377
-9999 -9999 -9999 -9999 -9999 -9999 -9999 -9999 -2.34705 -0.058924 1.63607 2.09774 3.60122 4.41637 5.0488 5.1946 6.98595 7.09156 6.70354 6.09433 5.04509 3.13597 1.80803 -0.406203 -1.99568 -1.33365 -1.02168 -0.427522 -0.593242 0.364816 2.63128 4.99224 5.25622 3.76819 3.99679 4.31678 5.02506 4.67647 2.15834 0.882424 -0.175502 0.587975 1.39075 1.59026 1.63573 1.48909 1.31712 1.02018 2.0916 2.88622 3.07586 3.76967 4.28382 4.43104 4.54377 4.56408 4.58465 4.59219 4.57 4.5559 4.43596 4.15811 3.24449 1.03715 1.14771 0.915288 0.233499 1.79902 2.78774 3.67447 4.14908 4.27704
-9999 -9999 -9999 -9999 -9999 -9999 -9999 -9999 -3.10516 -0.45877 0.105946 0.0717749 -0.794763 -0.385275 2.86126 3.52077 5.23902 6.8664 6.7547 6.15715 5.17591 4.04183 2.28201 -0.209165 -2.18709 -3.01705 -0.875776 1.22928 1.66986 2.34705 3.73874 4.00911 2.48827 1.06249 1.87424 2.36601 4.21961 4.56364 4.21171 2.69716 0.96444 0.0631922 1.14191 1.29195 1.36303 1.38251 1.35602 1.31815 2.52611 3.19718 3.66489 3.92281 4.36535 4.48401 4.52699 4.5679 4.5674 4.5523 4.49087 4.41998 4.08295 3.67337 2.17217 0.921745 0.144633 -0.843721 1.40659 2.07989 3.0104 3.61163 4.08374 4.1929
