Test_Spring_2018b/12_17/Temp/20171202_014.txt
ncols	170
nrows	115
xllcorner	350000.000000
yllcorner	4445000.000000
cellsize	1000.000000
nodata_value	-9999.000000
[rows 32 to 63 of 115, columns 72 to 143 of 170]
12.0169 11.6749 12.2176 12.7178 12.4229 12.2304 13.0498 13.0554 12.7837 12.1378 11.9046 11.6626 11.5167 10.6869 8.34764 6.23955 7.37873 7.41197 6.63503 8.04633 7.31085 5.38168 2.65564 4.14782 3.76806 1.83762 1.3706 -9999 -9999 -9999 -9999 -9999 -9999 -9999 -9999 -9999 -9999 -9999 -9999 -9999 -9999 -9999 -9999 -9999 -9999 -9999 -9999 -9999 -9999 -9999 -9999 -9999 -9999 -9999 -9999 -9999 -9999 -9999 -9999 -9999 -9999 -9999 -9999 -9999 -9999 -9999 -9999 -9999 -9999 -9999 -9999 -9999
11.5654 11.4218 12.2258 12.2148 12.1709 12.4675 12.9791 13.0854 12.983 12.7046 12.4645 12.2087 11.5507 10.6006 8.59954 6.19919 5.65969 6.84393 6.90693 7.10281 6.43313 5.59034 4.26813 5.36326 5.79275 4.52494 2.87001 1.80557 -9999 -9999 -9999 -9999 -9999 -9999 -9999 -9999 -9999 -9999 -9999 -9999 -9999 -9999 -9999 -9999 -9999 -9999 -9999 -9999 -9999 -9999 -9999 -9999 -9999 -9999 -9999 -9999 -9999 -9999 -9999 -9999 -9999 -9999 -9999 -9999 -9999 -9999 -9999 -9999 -9999 -9999 -9999 -9999
11.0243 10.2557 10.7426 11.1096 11.7864 11.9685 12.0746 13.0327 12.9881 12.9499 12.5492 12.2301 11.6974 10.7832 9.47907 7.90771 5.1671 6.86737 8.20023 8.17289 8.10695 7.51856 6.24859 7.32364 7.38067 5.76342 3.92072 2.83845 2.39492 -9999 -9999 -9999 -9999 -9999 -9999 -9999 -9999 -9999 -9999 -9999 -9999 -9999 -9999 -9999 -9999 -9999 -9999 -9999 -9999 -9999 -9999 -9999 -9999 -9999 -9999 -9999 -9999 -9999 -9999 -9999 -9999 -9999 -9999 -9999 -9999 -9999 -9999 -9999 -9999 -9999 -9999 -9999
10.4073 9.46722 9.95713 10.6089 11.5283 12.007 12.3733 12.664 12.9603 12.9319 12.5218 11.2986 11.1291 11.0821 10.2313 8.43905 6.64919 6.19034 8.22023 8.80599 8.6947 9.15331 8.0786 8.59662 8.39396 7.8288 6.05395 4.43827 3.77361 2.45312 -9999 -9999 -9999 -9999 -9999 -9999 -9999 -9999 -9999 -9999 -9999 -9999 -9999 -9999 -9999 -9999 -9999 -9999 -9999 -9999 -9999 -9999 -9999 -9999 -9999 -9999 -9999 -9999 -9999 -9999 -9999 -9999 -9999 -9999 -9999 -9999 -9999 -9999 -9999 -9999 -9999 -9999
-9999 -9999 8.89188 9.77897 10.5137 11.4115 12.1873 12.5788 12.9593 12.9351 12.1092 11.7084 11.6789 11.1235 10.1404 9.52579 8.40125 7.22944 7.68612 9.41824 8.65748 9.88674 9.79017 10.0217 9.21148 7.67425 5.61248 4.41402 3.82025 2.75165 -9999 -9999 -9999 -9999 -9999 -9999 -9999 -9999 -9999 -9999 -9999 -9999 -9999 -9999 -9999 -9999 -9999 -9999 -9999 -9999 -9999 -9999 -9999 -9999 -9999 -9999 -9999 -9999 -9999 -9999 -9999 -9999 -9999 -9999 -9999 -9999 -9999 -9999 -9999 -9999 -9999 -9999
-9999 -9999 -9999 9.63161 10.193 11.3907 12.0138 12.27 12.88 12.8873 12.5782 12.3464 12.0072 11.5624 10.825 10.011 8.95375 8.86184 9.97221 9.99257 9.7688 9.9569 10.5309 10.3884 9.1343 6.95978 5.8136 3.47613 2.47942 2.58964 1.88523 -9999 -9999 -9999 -9999 -9999 -9999 -9999 -9999 -9999 -9999 -9999 -9999 4.70232 -9999 -9999 -9999 -9999 -9999 -9999 -9999 -9999 -9999 -9999 -9999 -9999 -9999 -9999 -9999 -9999 -9999 -9999 -9999 -9999 0.566716 -9999 -9999 -9999 -9999 -9999 -9999 -9999
-9999 -9999 9.53068 10.2814 10.8669 11.6201 11.6993 12.1508 12.8513 12.8674 12.6499 12.4034 11.8416 11.7071 11.29 10.4057 10.2299 10.5975 10.7705 10.9658 11.0889 11.0017 10.7791 10.4894 9.6847 8.6798 8.00789 5.87227 4.79808 3.76934 2.20838 0.988801 -9999 -9999 -9999 -9999 -9999 -9999 -9999 3.87116 3.82 3.85503 4.20632 5.16342 4.61286 -9999 -9999 -9999 -9999 -9999 -9999 -9999 -9999 -9999 -9999 -9999 -9999 -9999 -9999 -9999 -9999 -9999 -9999 -9999 1.44268 0.213129 -9999 -9999 -9999 -9999 -9999 -9999
-9999 -9999 9.74653 10.5357 10.933 11.6648 12.0861 12.3657 12.6124 12.8485 12.8158 12.5423 12.1231 12.132 11.5522 11.2426 11.0235 11.5185 11.6218 11.4328 11.1942 10.9841 10.3768 10.3131 10.1238 9.48903 8.44194 7.36269 5.80053 3.67904 1.59859 -0.0781082 -9999 -9999 -9999 -9999 -9999 -9999 4.05721 4.85324 5.33303 4.33536 5.20121 5.9934 5.87571 5.12629 -9999 -9999 -9999 -9999 -9999 -9999 -9999 -9999 -9999 -9999 -9999 -9999 -9999 -9999 7.29525 6.03441 3.48179 2.17594 1.39466 0.277012 -9999 -9999 -9999 -9999 -9999 -9999
-9999 -9999 9.60444 10.5355 11.1684 11.7308 11.8261 12.4039 12.6585 12.788 12.7794 12.7299 12.6575 12.1522 11.9384 11.1717 11.9178 11.8965 11.7162 10.9822 10.6683 9.40339 8.85105 8.73664 9.81465 9.03199 7.38903 5.33311 2.86273 2.70731 1.89464 0.397002 -9999 -9999 -9999 -9999 -9999 -9999 4.31749 5.1684 5.87987 5.9897 4.99825 6.40019 6.35784 5.58575 5.41692 6.06487 6.39762 6.16808 6.93749 7.16945 6.83309 7.21909 -9999 -9999 -9999 -9999 7.47848 7.53537 7.57941 7.05697 4.26758 2.36405 0.655274 0.503916 -9999 -9999 -9999 -9999 -9999 -9999
-9999 -9999 10.2578 10.8337 11.1282 11.1814 11.6869 12.1928 12.5057 12.7347 12.6955 12.6832 12.6698 12.501 12.1007 12.1801 12.1537 11.9232 10.5195 8.88007 9.60505 8.63592 6.55086 8.26284 9.20518 8.31751 6.32512 4.01347 3.26393 3.30197 2.16882 0.708874 -9999 -9999 -9999 2.00576 3.22115 3.33343 3.69675 4.82926 5.69255 6.34491 6.79177 6.78756 6.33373 5.57886 4.75786 5.06213 6.56299 6.93574 7.25159 7.49199 7.18061 7.35701 7.76379 7.97739 8.02619 7.93882 7.92337 7.96154 7.91915 7.43183 4.93629 3.51049 2.60264 0.776474 -9999 -9999 -9999 -9999 -9999 -9999
-9999 -9999 9.91137 10.413 10.8206 11.4934 11.5703 11.998 12.2551 12.6329 12.6807 12.2517 12.617 12.5765 12.5154 12.3791 12.1767 10.9926 9.3582 7.72004 6.96785 7.29884 6.04804 6.70597 7.66084 7.3256 6.10791 4.04954 3.76664 3.29565 1.38285 -0.456852 -9999 -9999 -0.329048 1.99638 3.63579 4.4848 4.75263 4.7847 5.87048 5.96242 7.13117 6.86876 5.3426 5.5237 4.93515 5.33121 5.88938 6.04862 6.84742 7.61094 7.76263 7.7744 8.03646 8.09627 8.11678 8.11667 7.95041 8.03465 8.05178 7.7496 5.94317 5.06467 4.09848 0.819612 -9999 -9999 -9999 -9999 -9999 -9999
-9999 -9999 10.1772 10.7371 11.3496 11.4544 11.9099 11.8721 11.7516 12.3836 12.6186 12.3174 12.1022 12.5153 12.493 12.4451 12.3624 11.2501 9.96206 8.00885 6.79822 6.06066 5.53964 4.84577 5.34043 5.20048 5.00995 5.24783 4.69003 3.56575 2.45031 0.353997 -0.775701 -9999 -0.188066 0.865201 2.81354 4.47028 5.52446 5.15477 6.38839 6.62313 7.33959 6.93209 6.00928 5.61893 5.59221 5.47895 6.3145 6.88052 7.28463 7.55582 7.88896 7.98061 8.07223 8.11476 8.14082 8.16648 8.16809 8.16686 8.13505 8.02422 7.19591 6.32078 4.42055 0.945402 -9999 -9999 -9999 -9999 -9999 -9999
-9999 8.57063 10.1276 11.0622 11.4281 11.6939 11.9291 12.101 12.2819 12.4517 12.5696 12.5276 11.7203 11.7924 11.9444 12.4119 12.3853 12.2907 11.5897 9.21152 8.39419 7.19831 5.64645 5.00584 5.34068 6.62858 6.58057 5.74273 4.80787 3.51253 2.69213 1.41053 -1.05848 -0.828479 0.293672 1.13029 2.45654 4.48003 5.90049 6.5381 6.78328 7.28834 7.55434 6.99453 6.4623 6.24335 5.83043 5.78046 5.79346 6.30249 6.70387 7.58097 7.88151 8.02157 8.09801 8.14245 8.17624 8.2089 8.22378 8.21231 8.21788 8.21544 8.16009 6.99103 4.06085 1.8554 -9999 -9999 -9999 -9999 -9999 -9999
-9999 -9999 9.85524 10.2699 10.3832 10.5767 10.9659 11.4137 12.046 12.1329 12.4836 12.4887 11.794 10.9906 11.7012 11.9872 12.2837 12.299 12.2148 10.2173 9.1764 8.3589 6.87138 7.42245 7.94425 7.99246 7.69249 5.88594 4.08664 2.01091 0.0714442 -0.0136083 -1.05341 -0.492176 0.251443 2.14928 3.48672 4.03292 4.42704 6.4839 7.02462 7.21615 7.74885 7.0414 6.87018 6.34159 6.51112 6.47401 6.48729 5.00759 6.5148 6.61305 7.59646 8.04432 8.15065 8.18571 8.22181 8.23296 8.2444 8.24506 8.25953 8.25025 8.2392 7.48108 3.76251 1.89903 -9999 -9999 -9999 -9999 -9999 -9999
-9999 -9999 -9999 -9999 10.0121 10.33 10.5362 10.8883 11.9538 12.2454 12.4411 12.4635 12.1573 11.3626 11.1575 11.3104 10.5352 11.1959 12.0971 12.0823 11.9816 10.2276 9.33713 10.2192 9.96323 8.64796 7.61485 6.59528 4.48729 2.94692 0.723011 -0.945252 -1.0007 0.856703 2.40028 4.32057 5.17144 4.69729 5.22434 6.2501 7.41405 7.98098 7.85711 7.11101 7.01548 6.19552 7.02064 7.10065 6.73198 6.41489 6.558 7.04976 7.24323 8.0143 8.20741 8.24771 8.26088 8.27056 8.27305 8.27378 8.26992 8.26657 8.26049 8.23078 4.40826 1.43651 -9999 -9999 -9999 -9999 -9999 -9999
-9999 -9999 -9999 -9999 9.29144 9.48773 9.99294 11.2799 11.9567 12.2339 12.2311 12.3626 12.1485 11.4498 10.7325 10.0563 9.18281 9.69287 11.0313 11.8237 11.9209 10.3844 11.1993 10.9077 10.3239 8.60093 7.33369 6.66626 4.64296 2.91232 1.43569 -0.60685 0.27803 1.25138 2.49914 4.59357 6.00869 6.59392 6.11488 6.77287 8.1112 8.12636 7.40658 7.4626 7.02934 5.90545 7.09574 7.43823 7.18115 7.2613 7.17414 7.36355 7.69997 8.02173 8.23817 8.27413 8.28439 8.28404 8.28936 8.29547 8.28566 8.29151 8.28544 8.27072 5.8052 1.39592 -9999 -9999 -9999 -9999 -9999 -9999
-9999 -9999 -9999 -9999 -9999 8.64376 9.78806 11.4943 11.9225 11.8905 12.2478 12.2843 11.9524 11.665 10.7929 9.59914 7.30066 7.89473 9.1274 10.9021 11.8387 11.7218 11.2161 10.328 8.16586 6.27492 6.05371 5.7521 4.27807 2.94758 1.30496 2.26987 3.32566 4.47956 5.08894 4.93912 6.15262 7.14319 6.73204 7.53766 8.47671 8.06204 7.82048 7.6196 7.11735 7.09631 7.16012 7.84087 7.38792 7.68373 7.7036 7.69772 7.86636 8.05852 8.25931 8.29861 8.30607 8.31556 8.29895 8.31209 8.30604 8.3 8.29487 8.28303 8.06462 5.69228 4.27691 -9999 -9999 -9999 -9999 -9999
-9999 -9999 -9999 -9999 -9999 7.60879 8.18283 10.2024 10.8303 11.7261 12.2047 12.2328 11.6682 11.3565 10.0538 9.63559 7.50989 6.55176 7.37831 7.0724 9.51361 11.6751 11.2176 6.88077 5.31612 4.20292 4.50095 4.51323 4.10972 1.83771 1.21732 3.26899 4.56346 5.56775 6.33097 6.49529 6.47567 8.02148 8.23276 8.7399 8.63858 8.69279 7.92402 7.45198 7.88227 7.4077 7.33527 8.03817 7.36711 7.99465 7.93456 7.75959 7.75967 8.17513 8.26592 8.31704 8.32673 8.31703 8.30233 8.29596 8.31428 8.31321 8.29577 8.30213 8.28545 8.00845 6.78386 6.36028 6.84392 -9999 -9999 -9999
-9999 -9999 -9999 -9999 -9999 -9999 6.32026 9.1244 10.4087 11.0868 12.0387 12.1591 11.8621 11.3179 9.99098 8.82499 6.9255 4.75548 3.6107 7.06942 10.0811 11.6572 11.4625 7.85397 6.43567 6.37907 7.22964 6.52959 6.00081 4.27667 3.76711 3.05506 3.50687 4.90413 6.04639 7.14771 7.95011 8.02154 8.54471 8.84867 8.88044 8.98126 8.89828 8.83262 8.09291 8.62098 8.19173 8.43563 8.29616 8.17134 8.06738 7.64832 7.9611 8.23866 8.31627 8.34548 8.33586 8.33822 8.33261 8.31293 8.30664 8.31013 8.31288 8.30455 8.30997 8.30275 8.17115 7.43725 6.45274 5.20733 -9999 -9999
-9999 -9999 -9999 -9999 -9999 -9999 4.93728 7.72777 9.07546 10.8088 11.7034 12.0712 12.0299 11.5901 10.5835 9.06527 7.80177 5.37855 2.86244 6.493 9.72865 11.4784 11.5795 8.55103 9.40343 8.73176 9.01618 7.7785 7.26975 6.87024 5.98348 5.01257 3.94966 3.39122 5.94612 7.26109 8.3205 8.82348 9.11079 9.25783 9.19145 9.00706 7.88379 8.75531 8.71933 8.64319 8.55476 8.51741 8.43853 8.34377 8.29417 8.28182 8.00628 8.33881 8.33939 8.3507 8.35869 8.35632 8.346 8.33749 8.32557 8.33209 8.32513 8.31961 8.31772 8.32009 8.31734 8.28326 8.09335 6.41841 5.41951 5.14586
-9999 -9999 -9999 -9999 -9999 -9999 1.03988 5.09657 8.35735 10.0639 11.4549 11.8414 11.9897 11.3977 10.9565 9.87013 8.84187 7.25214 4.86781 3.40281 6.1241 10.0746 11.5375 11.4358 11.3542 10.576 9.87557 9.79528 9.85784 9.04171 7.8474 6.28249 5.8008 5.25649 7.1612 7.42518 7.29294 9.38627 9.39765 9.28592 8.49471 7.6109 7.78904 7.24322 7.67689 7.02672 7.64297 8.17719 8.38306 8.3769 8.31965 8.32188 8.29913 8.36368 8.37005 8.36787 8.36738 8.36974 8.36773 8.34909 8.34086 8.35518 8.34548 8.33918 8.3306 8.33555 8.33744 8.31391 8.29328 8.04154 7.65968 6.92677
-9999 -9999 -9999 -9999 -9999 -9999 1.2272 4.64046 7.53648 9.27733 10.95 11.3429 11.9115 11.7965 11.3342 10.3908 9.21058 7.90344 5.85889 4.34142 6.16288 8.79037 10.6731 11.3569 11.3596 11.3236 11.1546 11.091 10.8926 10.7547 9.89968 8.42377 7.59152 6.36984 8.49183 8.73569 8.41124 9.47339 9.42703 7.83742 6.61713 6.47177 7.23161 6.52806 6.41264 5.97653 6.4871 7.83971 7.4591 7.54613 8.16721 8.27624 8.34946 8.37437 8.37733 8.38125 8.37738 8.38515 8.39263 8.37459 8.3693 8.3696 8.35229 8.35539 8.34563 8.34084 8.33331 8.3237 8.30545 8.23869 8.16818 8.26092
-9999 -9999 -9999 -9999 -9999 -9999 1.31062 3.60833 6.21516 8.77503 10.5609 11.2851 11.8141 11.8148 11.2765 10.8108 10.0734 8.92428 8.13841 6.76914 4.88751 8.06272 9.04486 9.92355 10.298 11.2106 11.1975 10.7923 10.3202 10.7746 10.6539 9.4855 9.10604 8.4601 9.64331 9.65262 9.62644 9.56987 8.22779 6.35997 4.86872 5.95463 5.73728 6.24418 4.72032 5.9936 7.01855 7.35745 6.67431 6.17144 7.76694 8.03887 8.20276 8.31024 8.3831 8.37412 8.3969 8.39397 8.39552 8.39649 8.38892 8.38671 8.379 8.37106 8.36538 8.36246 8.35116 8.33967 8.34492 8.30831 8.29952 8.29395
-9999 -9999 -9999 -9999 -9999 -9999 -9999 2.26979 5.57383 8.52341 10.1684 11.2053 11.7137 11.711 11.4389 11.1247 10.67 9.84275 8.80209 7.15385 5.93242 6.72034 7.68315 7.80229 8.44401 10.2886 10.9244 10.0441 7.85545 9.16397 10.6184 10.6023 10.486 10.3548 10.1833 10.0307 9.68879 8.76201 5.90924 5.35525 4.24094 4.37619 3.80881 5.07811 4.61786 5.91807 6.48674 6.70706 5.5222 5.78756 7.20044 7.76371 7.67922 8.02742 8.35708 8.37481 8.39096 8.38917 8.40266 8.41164 8.41256 8.40735 8.4032 8.40196 8.38416 8.39399 8.29457 8.2324 8.09925 8.27945 8.3028 8.32234
-9999 -9999 -9999 -9999 -9999 -9999 -9999 1.62803 4.92436 8.39696 9.51637 10.6338 11.5991 11.6243 11.2051 10.8068 10.3965 9.9286 8.66488 7.43986 6.27089 5.88372 6.12868 6.12518 7.15781 9.55807 10.0296 9.84047 7.5579 6.78886 8.72922 10.3609 10.496 10.3558 8.4512 8.86522 7.84094 6.4494 6.07165 5.46688 4.18093 4.81141 3.87202 4.28657 4.19193 4.93373 5.29999 6.18069 5.14897 5.16656 6.5541 7.25686 7.28206 8.01876 8.28609 8.36142 8.38562 8.40487 8.41493 8.43332 8.43356 8.42986 8.42275 8.3951 8.31934 8.07325 6.69768 6.70655 7.09327 7.45958 8.12311 8.31531
-9999 -9999 -9999 -9999 -9999 -9999 -9999 2.02045 4.30994 7.39203 9.67676 9.82652 10.9407 11.519 11.0627 10.5482 10.0218 9.79558 8.41965 6.90773 5.68776 4.24254 4.48972 5.54093 7.26256 8.81583 9.10036 8.78922 7.57217 8.16121 9.48692 10.1943 10.4079 10.2526 9.84338 9.60985 8.85754 8.53556 7.48819 5.84661 5.20472 5.62391 3.88133 4.01193 4.66771 3.99446 5.13686 5.6881 4.353 5.43603 6.66215 7.29284 7.84507 8.1104 8.2206 8.38544 8.39683 8.41722 8.43152 8.43629 8.44329 8.42484 8.41079 8.27102 8.0615 6.77916 6.25201 6.36455 6.96774 7.49676 8.05534 8.28551
-9999 -9999 -9999 -9999 -9999 -9999 -9999 2.42122 4.48329 7.15661 8.78752 9.08478 10.3197 11.4186 11.3033 10.7678 10.6095 10.0544 8.88863 7.60033 6.19169 5.51089 3.93595 5.50213 6.75047 8.06696 8.68718 7.68993 7.19032 8.09705 8.99838 9.36285 10.2728 10.2715 9.98463 8.72371 8.11256 8.38122 8.12293 7.6652 6.5378 6.49509 5.77396 5.48014 5.20322 4.29088 4.8905 4.95817 5.13025 6.42384 7.06586 7.49414 7.88423 7.9923 8.16605 8.38913 8.41544 8.43039 8.43657 8.4477 8.4389 8.38461 8.33995 8.0516 7.5357 6.56692 4.99576 6.11776 7.29066 7.64792 7.99719 8.17982
-9999 -9999 -9999 -9999 -9999 -9999 -9999 2.08257 4.27275 6.55853 7.51812 7.68663 9.91629 11.2842 11.2933 11.0431 10.7497 9.36842 9.45711 9.18676 7.91678 6.06365 4.02778 4.22732 5.45684 7.19629 7.77607 6.11853 5.53596 5.97832 7.33726 8.55439 9.82479 10.153 9.78981 7.82312 5.73268 6.71305 7.76015 7.762 7.46471 6.41989 6.09364 5.7992 5.03944 3.74893 3.95249 4.32256 5.79337 6.26158 6.98031 7.57846 7.36386 7.50175 8.07387 8.40525 8.42483 8.43787 8.45571 8.45539 8.44313 8.32804 8.20573 7.99565 6.63923 5.79844 4.57234 6.01735 6.81911 7.25557 8.01902 8.20611
-9999 -9999 -9999 -9999 -9999 -9999 -9999 1.41808 3.00936 5.19449 6.07919 7.48633 9.59378 10.6338 11.1359 11.1319 10.9388 10.3242 9.95766 9.22842 7.907 6.09751 4.08535 2.77822 3.45454 5.79521 6.35881 4.82574 4.04987 5.03403 6.48175 8.62154 9.8473 10.0193 9.91653 9.51688 7.99272 6.14973 6.16359 7.09937 6.3306 5.43595 5.94041 5.8567 5.10659 4.56331 4.24128 4.46351 5.30555 5.6565 6.48549 7.705 7.88645 7.85986 8.37755 8.41059 8.42991 8.45645 8.46304 8.46549 8.45725 8.36472 8.14866 7.24817 6.4638 5.36983 5.2407 6.52871 7.09715 7.62774 8.00571 8.13336
-9999 -9999 -9999 -9999 -9999 -9999 -9999 0.265666 2.13672 4.18415 6.10166 7.91618 9.47882 9.60592 10.4334 10.4393 10.8763 10.7602 10.1912 9.57816 8.44068 6.11406 4.15898 2.02616 2.59829 4.98124 5.3088 4.28407 2.38397 4.36208 6.54261 8.51949 9.59308 8.76489 9.62886 9.56597 8.99957 7.90552 6.20033 6.24044 4.96467 4.91676 5.58406 5.80623 5.70473 5.29902 4.64774 4.77839 5.29468 5.43106 6.19358 7.14147 8.06821 8.23043 8.41337 8.42848 8.43879 8.46045 8.46954 8.45755 8.41765 8.32056 7.5668 6.66905 6.1187 5.35862 5.27257 6.75375 7.35401 7.69143 8.01894 8.15227
-9999 -9999 -9999 -9999 -9999 -9999 -9999 -9999 1.957 4.072 5.6388 6.06572 7.45547 8.20907 8.79382 8.92886 10.5847 10.6828 10.3246 9.7622 8.79318 7.02955 5.80314 3.7577 2.28972 2.91287 3.20841 3.75879 3.60683 4.49339 6.58909 8.77205 9.01692 7.64256 7.85467 8.15125 8.80672 8.48551 6.15932 4.98129 4.00487 4.71193 5.45547 5.64163 5.68556 5.55206 5.40191 5.13845 6.13058 6.86679 7.04376 7.68653 8.16308 8.30034 8.40556 8.42521 8.44496 8.45255 8.43256 8.41999 8.30955 8.05313 7.20915 5.16952 5.27209 5.05771 4.42806 5.87687 6.79947 7.61903 8.05769 8.17594
-9999 -9999 -9999 -9999 -9999 -9999 -9999 -9999 1.26649 3.71254 4.23467 4.20329 3.40262 3.78126 6.78192 7.39171 8.98005 10.4845 10.3818 9.83018 8.92406 7.8768 6.25131 3.94998 2.12305 1.3641 3.34983 5.30021 5.70858 6.33555 7.62275 7.87356 6.46886 5.15198 5.903 6.35831 8.07227 8.39118 8.06699 6.66847 5.06846 4.23707 5.23572 5.37624 5.44392 5.46403 5.4455 5.41898 6.54277 7.16486 7.59884 7.83878 8.24915 8.36003 8.40078 8.43946 8.43973 8.42641 8.37017 8.30512 7.99407 7.61596 6.22897 5.07377 4.35603 3.44309 5.52333 6.14766 7.01137 7.5723 8.00871 8.10964
