Test_Spring_2018b/12_17/Temp/20171217_021.txt
ncols	170
nrows	115
xllcorner	350000.000000
yllcorner	4445000.000000
cellsize	1000.000000
nodata_value	-9999.000000
[rows 31 to 61 of 115, columns 71 to 141 of 170]
7.16717 7.36709 6.99354 7.0323 7.93116 8.13265 8.12066 8.04182 7.95769 7.53188 7.39037 7.05524 6.46392 6.21699 5.164 1.75594 2.7226 3.10157 2.11457 2.66793 3.56754 2.78678 0.466965 -0.531556 -2.14072 -1.62407 -2.10673 -3.40156 -9999 -9999 -9999 -9999 -9999 -9999 -9999 -9999 -9999 -9999 -9999 -9999 -9999 -9999 -9999 -9999 -9999 -9999 -9999 -9999 -9999 -9999 -9999 -9999 -9999 -9999 -9999 -9999 -9999 -9999 -9999 -9999 -9999 -9999 -9999 -9999 -9999 -9999 -9999 -9999 -9999 -9999 -9999
6.97583 6.95432 6.5946 7.15391 7.669 7.3556 7.15029 7.99594 7.99724 7.71042 7.03492 6.78792 6.53178 6.37534 5.50844 3.07376 0.879068 2.05714 2.08646 1.27422 2.73476 1.96545 -0.0437625 -2.88072 -1.33643 -1.73649 -3.74004 -4.22957 -9999 -9999 -9999 -9999 -9999 -9999 -9999 -9999 -9999 -9999 -9999 -9999 -9999 -9999 -9999 -9999 -9999 -9999 -9999 -9999 -9999 -9999 -9999 -9999 -9999 -9999 -9999 -9999 -9999 -9999 -9999 -9999 -9999 -9999 -9999 -9999 -9999 -9999 -9999 -9999 -9999 -9999 -9999
6.66215 6.47448 6.3207 7.15133 7.1353 7.08458 7.38507 7.91099 8.01692 7.90596 7.61217 7.35803 7.08761 6.39927 5.40742 3.32397 0.825694 0.260137 1.48489 1.54498 1.743 1.04193 0.160968 -1.21801 -0.0862405 0.354107 -0.96085 -2.68489 -3.79357 -9999 -9999 -9999 -9999 -9999 -9999 -9999 -9999 -9999 -9999 -9999 -9999 -9999 -9999 -9999 -9999 -9999 -9999 -9999 -9999 -9999 -9999 -9999 -9999 -9999 -9999 -9999 -9999 -9999 -9999 -9999 -9999 -9999 -9999 -9999 -9999 -9999 -9999 -9999 -9999 -9999 -9999
6.18647 5.90144 5.09844 5.59956 5.97618 6.6727 6.8545 6.96015 7.9508 7.89992 7.85561 7.43477 7.0985 6.54034 5.58585 4.22628 2.58902 -0.26281 1.49785 2.8768 2.84285 2.76872 2.15186 0.827005 1.93777 1.9911 0.313498 -1.60404 -2.73368 -3.19985 -9999 -9999 -9999 -9999 -9999 -9999 -9999 -9999 -9999 -9999 -9999 -9999 -9999 -9999 -9999 -9999 -9999 -9999 -9999 -9999 -9999 -9999 -9999 -9999 -9999 -9999 -9999 -9999 -9999 -9999 -9999 -9999 -9999 -9999 -9999 -9999 -9999 -9999 -9999 -9999 -9999
5.52393 5.24948 4.26831 4.77248 5.44484 6.39379 6.88499 7.25912 7.5565 7.85979 7.82575 7.39507 6.11987 5.93907 5.88532 4.9966 3.12983 1.26546 0.783432 2.88624 3.48897 3.3676 3.83805 2.71583 3.24785 3.0313 2.4392 0.599124 -1.08507 -1.78108 -3.1582 -9999 -9999 -9999 -9999 -9999 -9999 -9999 -9999 -9999 -9999 -9999 -9999 -9999 -9999 -9999 -9999 -9999 -9999 -9999 -9999 -9999 -9999 -9999 -9999 -9999 -9999 -9999 -9999 -9999 -9999 -9999 -9999 -9999 -9999 -9999 -9999 -9999 -9999 -9999 -9999
-9999 -9999 -9999 3.65467 4.57001 5.32794 6.25503 7.05463 7.45678 7.84751 7.8179 6.95552 6.53452 6.49919 5.91746 4.89129 4.2477 3.07432 1.85167 2.32033 4.1136 3.31747 4.58818 4.48172 4.716 3.86818 2.26818 0.127571 -1.12346 -1.74605 -2.86173 -9999 -9999 -9999 -9999 -9999 -9999 -9999 -9999 -9999 -9999 -9999 -9999 -9999 -9999 -9999 -9999 -9999 -9999 -9999 -9999 -9999 -9999 -9999 -9999 -9999 -9999 -9999 -9999 -9999 -9999 -9999 -9999 -9999 -9999 -9999 -9999 -9999 -9999 -9999 -9999
-9999 -9999 -9999 -9999 4.40538 4.98334 6.22286 6.86305 7.12474 7.754 7.75723 7.43171 7.18634 6.82938 6.36253 5.59168 4.74094 3.6374 3.53632 4.68381 4.69896 4.46039 4.6495 5.23933 5.08486 3.77659 1.51353 0.316529 -2.11097 -3.15229 -3.04381 -3.78134 -9999 -9999 -9999 -9999 -9999 -9999 -9999 -9999 -9999 -9999 -9999 -9999 -0.911923 -9999 -9999 -9999 -9999 -9999 -9999 -9999 -9999 -9999 -9999 -9999 -9999 -9999 -9999 -9999 -9999 -9999 -9999 -9999 -9999 -5.25165 -9999 -9999 -9999 -9999 -9999
-9999 -9999 -9999 4.29501 5.06826 5.67183 6.44958 6.52644 6.98971 7.71309 7.72556 7.49532 7.23483 6.64676 6.50224 6.0641 5.14031 4.95228 5.3284 5.50213 5.69883 5.82024 5.72323 5.48541 5.17782 4.33799 3.28747 2.58283 0.364703 -0.757734 -1.83251 -3.45996 -4.73268 -9999 -9999 -9999 -9999 -9999 -9999 -9999 -1.77787 -1.83454 -1.80143 -1.43961 -0.448396 -1.02303 -9999 -9999 -9999 -9999 -9999 -9999 -9999 -9999 -9999 -9999 -9999 -9999 -9999 -9999 -9999 -9999 -9999 -9999 -9999 -4.35984 -5.63838 -9999 -9999 -9999 -9999
-9999 -9999 -9999 4.50564 5.32067 5.72878 6.4844 6.9177 7.2016 7.4538 7.6949 7.65679 7.36839 6.92855 6.93309 6.32599 5.99919 5.76608 6.27436 6.37557 6.17293 5.91848 5.69352 5.0559 4.98274 4.78174 4.11534 3.02076 1.89283 0.26957 -1.9405 -4.10781 -5.85559 -9999 -9999 -9999 -9999 -9999 -9999 -1.59655 -0.773543 -0.278683 -1.31814 -0.421788 0.39821 0.27325 -0.502585 -9999 -9999 -9999 -9999 -9999 -9999 -9999 -9999 -9999 -9999 -9999 -9999 -9999 -9999 1.70767 0.395985 -2.25706 -3.61484 -4.42755 -5.58954 -9999 -9999 -9999 -9999
-9999 -9999 -9999 4.34613 5.30858 5.9614 6.54124 6.63604 7.231 7.4904 7.62101 7.60805 7.55254 7.47307 6.94361 6.71669 5.91514 6.68455 6.65649 6.46297 5.69409 5.36117 4.04037 3.4595 3.33581 4.44819 3.62794 1.91416 -0.228474 -2.80224 -2.96416 -3.81498 -5.37708 -9999 -9999 -9999 -9999 -9999 -9999 -1.34217 -0.462114 0.273468 0.384454 -0.648182 0.805273 0.763457 -0.0408049 -0.218611 0.451728 0.794386 0.552376 1.35629 1.59329 1.23966 1.63612 -9999 -9999 -9999 -9999 1.88476 1.94088 1.98417 1.4396 -1.45915 -3.43741 -5.21315 -5.36744 -9999 -9999 -9999 -9999
-9999 -9999 -9999 5.01261 5.60617 5.90766 5.95874 6.47964 7.00023 7.32046 7.55764 7.51296 7.49603 7.47777 7.29777 6.87714 6.95447 6.9215 6.6762 5.21197 3.50268 4.2489 3.2319 1.06073 2.83156 3.80272 2.87309 0.79607 -1.61248 -2.39913 -2.36099 -3.54502 -5.06617 -9999 -9999 -9999 -3.74379 -2.48649 -2.37443 -2.00114 -0.828449 0.0650119 0.737656 1.1991 1.19274 0.722932 -0.0632741 -0.918342 -0.604905 0.951048 1.33489 1.6665 1.91201 1.58401 1.76277 2.18031 2.3973 2.44337 2.34842 2.32869 2.36525 2.31875 1.81069 -0.782601 -2.26437 -3.20785 -5.10185 -9999 -9999 -9999 -9999
-9999 -9999 -9999 4.64491 5.16148 5.58044 6.2744 6.35027 6.79048 7.05312 7.44056 7.48629 7.0367 7.41189 7.36539 7.29712 7.15036 6.93453 5.69869 3.99484 2.28667 1.49843 1.83689 0.53026 1.20605 2.1901 1.83004 0.559653 -1.58605 -1.88755 -2.38491 -4.37412 -6.29224 -9999 -9999 -6.17942 -3.76981 -2.07217 -1.1949 -0.920709 -0.890871 0.233871 0.326699 1.53822 1.26383 -0.319931 -0.13386 -0.7492 -0.340309 0.237576 0.399542 1.22503 2.02014 2.17277 2.17977 2.44664 2.50353 2.5199 2.51533 2.33881 2.42316 2.43854 2.12294 0.245505 -0.667648 -1.66915 -5.07463 -9999 -9999 -9999 -9999
-9999 -9999 -9999 4.9116 5.48896 6.12102 6.22564 6.69461 6.64779 6.51833 7.17104 7.41041 7.09362 6.86598 7.29065 7.26281 7.20791 7.11647 5.95514 4.61092 2.5754 1.31083 0.539041 -0.00978681 -0.736807 -0.230808 -0.384113 -0.590071 -0.351122 -0.942225 -2.11841 -3.28461 -5.46533 -6.64606 -9999 -6.04911 -4.96099 -2.94255 -1.22631 -0.13527 -0.522568 0.755939 0.997326 1.73956 1.31437 0.357414 -0.0485943 -0.0785203 -0.198753 0.666018 1.24907 1.66452 1.94183 2.28818 2.37783 2.46731 2.5059 2.52772 2.54967 2.54735 2.54286 2.50745 2.39073 1.52946 0.621876 -1.35157 -4.96038 -9999 -9999 -9999 -9999
-9999 -9999 3.2358 4.84757 5.81421 6.19013 6.46219 6.70228 6.87677 7.06016 7.22998 7.34866 7.30042 6.45793 6.52852 6.68168 7.16215 7.12896 7.02474 6.29011 3.81313 2.95837 1.70981 0.0903672 -0.582909 -0.243133 1.08637 1.02816 0.149485 -0.830009 -2.18433 -3.04776 -4.38651 -6.95526 -6.72359 -5.56472 -4.70176 -3.32952 -1.23232 0.239259 0.898377 1.15044 1.6729 1.94736 1.36568 0.814403 0.585378 0.154503 0.100119 0.110596 0.635709 1.04813 1.95351 2.26072 2.40468 2.47807 2.51833 2.54789 2.57688 2.58817 2.57299 2.57641 2.5724 2.51535 1.30123 -1.74248 -4.03231 -9999 -9999 -9999 -9999
-9999 -9999 -9999 4.55204 4.97878 5.09248 5.28938 5.68963 6.15061 6.80299 6.88902 7.24905 7.24873 6.52265 5.68395 6.41741 6.70938 7.01181 7.02169 6.92771 4.84765 3.75956 2.90311 1.35039 1.9147 2.44848 2.49015 2.16999 0.284866 -1.5928 -3.758 -5.78109 -5.8778 -6.96754 -6.38973 -5.62421 -3.65911 -2.27529 -1.71247 -1.30681 0.826581 1.38576 1.58395 2.13583 1.39968 1.22352 0.673088 0.847349 0.80643 0.81725 -0.723265 0.837686 0.934979 1.95115 2.41011 2.51728 2.54752 2.57925 2.58569 2.59326 2.5906 2.60327 2.59291 2.58084 1.79355 -2.06821 -4.0025 -9999 -9999 -9999 -9999
-9999 -9999 -9999 -9999 -9999 4.69453 5.02079 5.23091 5.59245 6.69481 6.99345 7.19253 7.21138 6.88884 6.05817 5.84058 5.99429 5.18365 5.86408 6.79442 6.77243 6.66092 4.8317 3.89893 4.80706 4.53288 3.15817 2.07633 1.00839 -1.19014 -2.79955 -5.11836 -6.85974 -6.92552 -5.00392 -3.40736 -1.41904 -0.540618 -1.03758 -0.493777 0.569334 1.77631 2.36365 2.23378 1.45769 1.36023 0.507344 1.36266 1.44348 1.05763 0.724662 0.868734 1.37468 1.57027 2.3654 2.56003 2.59688 2.6046 2.60935 2.60751 2.60485 2.5988 2.59406 2.58735 2.55677 -1.4128 -4.49796 -9999 -9999 -9999 -9999
-9999 -9999 -9999 -9999 -9999 3.93362 4.13353 4.65421 5.9868 6.68533 6.96899 6.96171 7.09384 6.8669 6.13651 5.38649 4.67913 3.76657 4.29063 5.67475 6.49127 6.58525 4.98203 5.82057 5.50956 4.8948 3.09656 1.7714 1.06906 -1.04168 -2.8489 -4.39174 -6.52206 -5.61133 -4.60811 -3.31913 -1.14989 0.314579 0.918106 0.417093 1.09796 2.48618 2.50055 1.75185 1.80901 1.36084 0.192363 1.42703 1.78053 1.5106 1.59024 1.49509 1.68696 2.03097 2.35935 2.57813 2.60948 2.61461 2.60885 2.60987 2.61287 2.60037 2.60516 2.59848 2.5835 0.0234637 -4.55469 -9999 -9999 -9999 -9999
-9999 -9999 -9999 -9999 -9999 -9999 3.24452 4.42895 6.19697 6.63716 6.59952 6.96619 6.99962 6.65022 6.34696 5.43621 4.19126 1.79855 2.40992 3.6842 5.52106 6.48709 6.35832 5.82528 4.89478 2.64065 0.667906 0.429194 0.106757 -1.43357 -2.82527 -4.54062 -3.54733 -2.45918 -1.26851 -0.642666 -0.804518 0.450544 1.47503 1.04459 1.87883 2.85236 2.42032 2.16836 1.95871 1.43888 1.41591 1.48055 2.18538 1.71199 2.01562 2.03164 2.02065 2.19039 2.38415 2.58667 2.62148 2.62346 2.62799 2.60622 2.61641 2.60775 2.60011 2.59433 2.58226 2.35616 -0.106306 -1.57536 -9999 -9999 -9999
-9999 -9999 -9999 -9999 -9999 -9999 2.15717 2.74922 4.84255 5.49006 6.41606 6.90858 6.93306 6.34187 6.01338 4.65543 4.21591 2.00287 1.00171 1.85425 1.53017 4.05901 6.29693 5.81398 1.3015 -0.331952 -1.49682 -1.19617 -1.19255 -1.62095 -3.99055 -4.64416 -2.52212 -1.18609 -0.150834 0.634782 0.799278 0.773506 2.37465 2.59076 3.11494 3.00783 3.06274 2.26312 1.77175 2.22045 1.72634 1.6494 2.37717 1.67721 2.32537 2.25834 2.07174 2.06644 2.49219 2.58053 2.62767 2.63206 2.61668 2.59675 2.5869 2.60346 2.60086 2.58212 2.58879 2.57204 2.28578 1.01474 0.575598 1.07858 -9999
-9999 -9999 -9999 -9999 -9999 -9999 -9999 0.802259 3.71038 5.0396 5.73922 6.72324 6.84346 6.53091 5.96043 4.57706 3.36083 1.38272 -0.876457 -2.07244 1.51376 4.63527 6.26532 6.05536 2.29955 0.818256 0.750986 1.62565 0.889525 0.331122 -1.46931 -2.00772 -2.75617 -2.29532 -0.851942 0.327799 1.46535 2.29336 2.3631 2.90289 3.21616 3.24715 3.35032 3.26283 3.19338 2.42673 2.97386 2.52617 2.77709 2.6292 2.49588 2.38328 1.94322 2.26278 2.54541 2.62018 2.64489 2.62923 2.62645 2.61599 2.59165 2.58349 2.58545 2.58745 2.5786 2.58452 2.5782 2.44215 1.68046 0.658325 -0.635032
-9999 -9999 -9999 -9999 -9999 -9999 -9999 -0.646445 2.24736 3.6423 5.43785 6.36354 6.74068 6.6924 6.23034 5.17954 3.59742 2.27987 -0.24232 -2.86113 0.902477 4.25597 6.06648 6.16424 3.01084 3.88823 3.18229 3.46912 2.17476 1.63736 1.213 0.282965 -0.734201 -1.84656 -2.43358 0.212937 1.57244 2.66738 3.18529 3.48001 3.62973 3.55629 3.36567 2.19741 3.10113 3.06525 2.98457 2.89069 2.84933 2.76428 2.66214 2.60602 2.58845 2.29706 2.63745 2.63229 2.63827 2.64105 2.63348 2.61821 2.60546 2.58985 2.59351 2.58827 2.58201 2.57998 2.58327 2.58069 2.54554 2.34843 0.608668
-9999 -9999 -9999 -9999 -9999 -9999 -9999 -4.70664 -0.497792 2.8863 4.65356 6.09362 6.4896 6.63818 6.01788 5.55436 4.42067 3.3474 1.69091 -0.791026 -2.31831 0.49992 4.59659 6.10777 5.99454 5.90203 5.08563 4.34981 4.25784 4.3141 3.45729 2.20823 0.57421 0.0668135 -0.506275 1.46504 1.73295 1.59017 3.75983 3.76782 3.64857 2.82405 1.90098 2.08357 1.51898 1.97072 1.29352 1.93132 2.48346 2.69405 2.68389 2.61984 2.61841 2.58957 2.65116 2.65217 2.64435 2.63851 2.636 2.62943 2.60616 2.59431 2.60649 2.5936 2.58545 2.58103 2.58657 2.58838 2.56378 2.54213 2.28026
-9999 -9999 -9999 -9999 -9999 -9999 -9999 -4.52131 -0.981113 2.0217 3.82522 5.55705 5.9597 6.54479 6.41985 5.93429 4.94902 3.71791 2.3549 0.225851 -1.35593 0.530052 3.24995 5.19866 5.90135 5.89536 5.85019 5.66658 5.59302 5.37835 5.22614 4.32945 2.78946 1.91702 0.640578 2.83771 3.0848 2.74236 3.84088 3.78871 2.13421 0.863758 0.710098 1.49351 0.760185 0.64135 0.190895 0.718667 2.12064 1.72316 1.80969 2.45015 2.55868 2.62968 2.65027 2.64797 2.6467 2.63754 2.64077 2.64415 2.6215 2.61262 2.61008 2.58973 2.59031 2.57873 2.57355 2.57097 2.56038 2.54078 2.47065
-9999 -9999 -9999 -9999 -9999 -9999 -9999 -4.44435 -2.06476 0.637589 3.29179 5.14118 5.8878 6.43169 6.42699 5.86238 5.37328 4.60205 3.40306 2.58132 1.15347 -0.806807 2.48498 3.49512 4.40042 4.78334 5.72351 5.70184 5.27271 4.77285 5.23641 5.10417 3.88256 3.4807 2.80249 4.0247 4.02824 3.9956 3.93203 2.53387 0.590152 -0.962038 0.162847 -0.0657749 0.454228 -1.12768 0.193072 1.25487 1.6038 0.895806 0.369575 2.02216 2.29996 2.46527 2.57181 2.6423 2.62784 2.64654 2.63879 2.63607 2.63316 2.62182 2.61649 2.60587 2.59541 2.58694 2.58334 2.57032 2.55348 2.55814 2.52564
-9999 -9999 -9999 -9999 -9999 -9999 -9999 -9999 -3.46433 -0.0372172 3.02085 4.72381 5.7951 6.31749 6.30904 6.02084 5.68905 5.21129 4.34667 3.2603 1.54272 0.268233 1.08051 2.07028 2.18663 2.84599 4.7544 5.40707 4.48477 2.20341 3.5557 5.05828 5.0337 4.90535 4.76199 4.5768 4.41222 4.05164 3.08412 0.116659 -0.462282 -1.62318 -1.48597 -2.07839 -0.767177 -1.24429 0.103314 0.690904 0.916456 -0.317777 -0.0465576 1.41708 1.9978 1.90551 2.26249 2.60368 2.61715 2.6291 2.62266 2.63237 2.63775 2.63513 2.62288 2.61555 2.61161 2.58987 2.59935 2.49446 2.42846 2.28888 2.47483
-9999 -9999 -9999 -9999 -9999 -9999 -9999 -9999 -4.14107 -0.722717 2.87858 4.03562 5.19055 6.18748 6.20799 5.76702 5.34784 4.91616 4.42465 3.10652 1.82846 0.608425 0.200172 0.448208 0.433104 1.49867 3.98448 4.46678 4.26265 1.88552 1.07896 3.08662 4.77389 4.90693 4.75433 2.7696 3.19361 2.12422 0.673868 0.276973 -0.355315 -1.69481 -1.04354 -2.02273 -1.59558 -1.69756 -0.930251 -0.55315 0.358089 -0.717243 -0.703455 0.733756 1.45935 1.48102 2.24158 2.51456 2.58812 2.60865 2.62418 2.63035 2.6454 2.64188 2.63454 2.62397 2.59235 2.51104 2.2522 0.822597 0.82994 1.22986 1.60864
-9999 -9999 -9999 -9999 -9999 -9999 -9999 -9999 -3.74409 -1.37151 1.82418 4.19162 4.3415 5.49306 6.08809 5.60855 5.06856 4.51617 4.27568 2.8409 1.26478 -0.00827045 -1.5155 -1.26513 -0.179926 1.59635 3.20262 3.49091 3.16035 1.89033 2.49467 3.86425 4.5917 4.80662 4.63858 4.20714 3.95864 3.17171 2.83217 1.73958 0.0301473 -0.640669 -0.209196 -2.02296 -1.89109 -1.21374 -1.91689 -0.733885 -0.165044 -1.55565 -0.435192 0.834142 1.48486 2.05394 2.32496 2.4348 2.6014 2.60868 2.62543 2.63602 2.6369 2.64031 2.61752 2.59954 2.45122 2.23067 0.896043 0.346371 0.460969 1.08528 1.6326
-9999 -9999 -9999 -9999 -9999 -9999 -9999 -9999 -3.33815 -1.20179 1.56934 3.25771 3.56082 4.83783 5.97352 5.84814 5.28629 5.11627 4.53409 3.31747 1.97354 0.504456 -0.208825 -1.85102 -0.230878 1.05361 2.41411 3.05126 2.00995 1.48381 2.41841 3.34747 3.71906 4.65741 4.64957 4.34534 3.02977 2.38945 2.66329 2.39013 1.91009 0.734705 0.686109 -0.0670234 -0.376292 -0.668008 -1.61996 -1.00095 -0.93457 -0.759837 0.579172 1.24174 1.68218 2.08287 2.19055 2.36645 2.59358 2.61639 2.62751 2.62963 2.63705 2.62396 2.5638 2.51383 2.21093 1.67187 0.662579 -0.971861 0.190838 1.40648 1.77209
-9999 -9999 -9999 -9999 -9999 -9999 -9999 -9999 -3.69999 -1.43055 0.938092 1.92922 2.09863 4.40886 5.82397 5.82781 5.56224 5.25188 3.81141 3.89771 3.61099 2.28586 0.354871 -1.76609 -1.56541 -0.296249 1.49928 2.0946 0.36772 -0.244354 0.208156 1.61276 2.87021 4.18316 4.51768 4.13436 2.08579 -0.091047 0.921937 2.00448 2.00157 1.68815 0.59843 0.255144 -0.0550509 -0.848559 -2.18959 -1.98632 -1.60603 -0.0829657 0.399097 1.14126 1.75811 1.5307 1.66937 2.25904 2.59868 2.61451 2.62361 2.63781 2.63326 2.61645 2.49297 2.36215 2.14031 0.727957 -0.148711 -1.42432 0.0727048 0.90246 1.35336
-9999 -9999 -9999 -9999 -9999 -9999 -9999 -9999 -4.40004 -2.75265 -0.488515 0.424865 1.88085 4.06419 5.13879 5.65467 5.64484 5.43848 4.79431 4.40767 3.64423 2.26558 0.379858 -1.71652 -3.08076 -2.38499 0.0337169 0.612986 -0.985058 -1.79772 -0.78227 0.714765 2.93074 4.19751 4.36993 4.2572 3.83629 2.24762 0.327996 0.337209 1.30416 0.500801 -0.433198 0.0860842 -0.00549312 -0.789229 -1.35813 -1.69741 -1.47095 -0.601008 -0.240854 0.615762 1.87794 2.06187 2.02968 2.56281 2.59257 2.6081 2.63119 2.63363 2.63186 2.6191 2.51889 2.29049 1.35132 0.532864 -0.607063 -0.744758 0.589955 1.17421 1.72519
-9999 -9999 -9999 -9999 -9999 -9999 -9999 -9999 -5.60673 -3.66873 -1.54757 0.438616 2.31779 3.9353 4.06172 4.91551 4.91594 5.36399 5.23757 4.6405 3.99769 2.81 0.387062 -1.6501 -3.87197 -3.28442 -0.817568 -0.48659 -1.55765 -3.53788 -1.48989 0.768465 2.81541 3.92427 3.05798 3.94943 3.87835 3.28446 2.14266 0.366232 0.402708 -0.927459 -0.982202 -0.294028 -0.0681377 -0.178396 -0.604622 -1.28223 -1.15518 -0.623616 -0.486431 0.301061 1.28105 2.23905 2.40294 2.58836 2.59946 2.6056 2.62356 2.62851 2.61165 2.56586 2.46074 1.67366 0.737099 0.161463 -0.631938 -0.725182 0.81061 1.42673 1.77663
