Test_Spring_2018b/12_17/Temp/20171227_015.txt
ncols	170
nrows	115
xllcorner	350000.000000
yllcorner	4445000.000000
cellsize	1000.000000
nodata_value	-9999.000000
[rows 32 to 63 of 115, columns 72 to 143 of 170]
12.1601 11.8646 12.3171 12.7334 12.4652 12.2856 12.9664 12.9643 12.7279 12.1754 11.9719 11.7612 11.6319 10.9243 8.94059 7.1522 8.1092 8.13095 7.46747 8.65386 8.02488 6.38638 4.07386 5.32758 4.99843 3.3536 2.94595 -9999 -9999 -9999 -9999 -9999 -9999 -9999 -9999 -9999 -9999 -9999 -9999 -9999 -9999 -9999 -9999 -9999 -9999 -9999 -9999 -9999 -9999 -9999 -9999 -9999 -9999 -9999 -9999 -9999 -9999 -9999 -9999 -9999 -9999 -9999 -9999 -9999 -9999 -9999 -9999 -9999 -9999 -9999 -9999 -9999
11.7599 11.6322 12.3057 12.2898 12.2383 12.4675 12.8879 12.971 12.8777 12.6358 12.4264 12.2039 11.6414 10.832 9.13412 7.09855 6.6362 7.63111 7.67783 7.83665 7.26341 6.54355 5.41809 6.33625 6.69144 5.61277 4.19477 3.27878 -9999 -9999 -9999 -9999 -9999 -9999 -9999 -9999 -9999 -9999 -9999 -9999 -9999 -9999 -9999 -9999 -9999 -9999 -9999 -9999 -9999 -9999 -9999 -9999 -9999 -9999 -9999 -9999 -9999 -9999 -9999 -9999 -9999 -9999 -9999 -9999 -9999 -9999 -9999 -9999 -9999 -9999 -9999 -9999
11.2841 10.628 11.0333 11.3371 11.8853 12.022 12.1046 12.9077 12.8632 12.8243 12.479 12.2028 11.7462 10.9671 9.85839 8.52368 6.20031 7.63154 8.75196 8.72212 8.65941 8.15472 7.07352 7.97477 8.0151 6.63602 5.05536 4.13301 3.75087 -9999 -9999 -9999 -9999 -9999 -9999 -9999 -9999 -9999 -9999 -9999 -9999 -9999 -9999 -9999 -9999 -9999 -9999 -9999 -9999 -9999 -9999 -9999 -9999 -9999 -9999 -9999 -9999 -9999 -9999 -9999 -9999 -9999 -9999 -9999 -9999 -9999 -9999 -9999 -9999 -9999 -9999 -9999
10.7443 9.94322 10.351 10.8955 11.6552 12.0417 12.3387 12.5773 12.821 12.7902 12.4368 11.3961 11.2466 11.2006 10.4752 8.95365 7.43416 7.03992 8.74973 9.23833 9.13735 9.51793 8.60185 9.03214 8.8529 8.36173 6.84705 5.46644 4.89719 3.77366 -9999 -9999 -9999 -9999 -9999 -9999 -9999 -9999 -9999 -9999 -9999 -9999 -9999 -9999 -9999 -9999 -9999 -9999 -9999 -9999 -9999 -9999 -9999 -9999 -9999 -9999 -9999 -9999 -9999 -9999 -9999 -9999 -9999 -9999 -9999 -9999 -9999 -9999 -9999 -9999 -9999 -9999
-9999 -9999 9.43221 10.1652 10.7746 11.5201 12.163 12.4867 12.8013 12.774 12.069 11.7235 11.6923 11.2165 10.3791 9.85336 8.89646 7.89949 8.27925 9.73716 9.08711 10.1193 10.0302 10.2182 9.52518 8.20373 6.45487 5.42662 4.91708 4.00628 -9999 -9999 -9999 -9999 -9999 -9999 -9999 -9999 -9999 -9999 -9999 -9999 -9999 -9999 -9999 -9999 -9999 -9999 -9999 -9999 -9999 -9999 -9999 -9999 -9999 -9999 -9999 -9999 -9999 -9999 -9999 -9999 -9999 -9999 -9999 -9999 -9999 -9999 -9999 -9999 -9999 -9999
-9999 -9999 -9999 10.0225 10.4853 11.4903 11.998 12.2071 12.7156 12.7147 12.4465 12.2439 11.9507 11.5684 10.9389 10.2446 9.34475 9.26095 10.1935 10.2042 10.0082 10.1601 10.6379 10.5096 9.43609 7.58099 6.60339 4.61425 3.76372 3.84928 3.24634 -9999 -9999 -9999 -9999 -9999 -9999 -9999 -9999 -9999 -9999 -9999 -9999 5.56854 -9999 -9999 -9999 -9999 -9999 -9999 -9999 -9999 -9999 -9999 -9999 -9999 -9999 -9999 -9999 -9999 -9999 -9999 -9999 -9999 2.0148 -9999 -9999 -9999 -9999 -9999 -9999 -9999
-9999 -9999 9.93644 10.55 11.0371 11.6659 11.7194 12.0879 12.6727 12.6791 12.4882 12.2731 11.7917 11.6718 11.3132 10.5596 10.4051 10.71 10.8501 11.0088 11.1061 11.0252 10.8294 10.5765 9.87508 9.0167 8.4397 6.62799 5.70429 4.82646 3.49893 2.46043 -9999 -9999 -9999 -9999 -9999 -9999 -9999 4.85681 4.81047 4.8372 5.13142 5.93787 5.46954 -9999 -9999 -9999 -9999 -9999 -9999 -9999 -9999 -9999 -9999 -9999 -9999 -9999 -9999 -9999 -9999 -9999 -9999 -9999 2.73359 1.69297 -9999 -9999 -9999 -9999 -9999 -9999
-9999 -9999 10.0884 10.7475 11.0752 11.6855 12.0333 12.2512 12.4521 12.6443 12.6095 12.3716 12.0108 12.0122 11.5162 11.2487 11.0577 11.4705 11.5518 11.3858 11.1772 10.9924 10.4712 10.4091 10.2284 9.68248 8.78779 7.86585 6.53193 4.7297 2.9625 1.53709 -9999 -9999 -9999 -9999 -9999 -9999 4.99571 5.66561 6.06846 5.22232 5.95187 6.61911 6.51693 5.87483 -9999 -9999 -9999 -9999 -9999 -9999 -9999 -9999 -9999 -9999 -9999 -9999 -9999 -9999 7.66414 6.59681 4.43758 3.33267 2.67137 1.72565 -9999 -9999 -9999 -9999 -9999 -9999
-9999 -9999 9.95136 10.7301 11.2565 11.7232 11.7949 12.2695 12.4724 12.5743 12.5598 12.5112 12.4437 12.0105 11.8241 11.1704 11.7958 11.7722 11.614 10.9872 10.7151 9.63836 9.16345 9.0471 9.94922 9.2778 7.87876 6.13048 4.02455 3.8876 3.19178 1.91731 -9999 -9999 -9999 -9999 -9999 -9999 5.19384 5.91043 6.50949 6.60007 5.7596 6.94264 6.89902 6.24369 6.09812 6.64279 6.92062 6.71851 7.37228 7.56442 7.27587 7.59802 -9999 -9999 -9999 -9999 7.8001 7.84618 7.88189 7.4391 5.07995 3.47003 2.02487 1.89622 -9999 -9999 -9999 -9999 -9999 -9999
-9999 -9999 10.4871 10.9651 11.2049 11.2407 11.6587 12.0723 12.3247 12.5093 12.4691 12.4521 12.4347 12.2862 11.9424 12.0044 11.977 11.7768 10.5844 9.19232 9.79871 8.97222 7.19509 8.62949 9.4164 8.65563 6.96054 4.99539 4.34399 4.36982 3.40248 2.15777 -9999 -9999 -9999 3.2278 4.25084 4.34199 4.64606 5.60099 6.32866 6.87952 7.25547 7.24377 6.85914 6.21849 5.52156 5.77562 7.04098 7.35213 7.61755 7.81651 7.54873 7.69109 8.0307 8.20722 8.24477 8.16767 8.15194 8.18211 8.14471 7.73159 5.62363 4.41794 3.65031 2.10559 -9999 -9999 -9999 -9999 -9999 -9999
-9999 -9999 10.1779 10.5929 10.9281 11.484 11.5396 11.8919 12.096 12.4047 12.4379 12.0687 12.3715 12.3319 12.2751 12.155 11.979 10.9728 9.58564 8.1947 7.55217 7.81972 6.75369 7.29707 8.09432 7.79908 6.75504 5.0037 4.7536 4.33864 2.71519 1.15085 -9999 -9999 1.23702 3.19772 4.57935 5.2936 5.51721 5.54208 6.45824 6.53431 7.52082 7.29166 6.00049 6.15124 5.6524 5.98406 6.44957 6.58015 7.24757 7.89448 8.01812 8.02337 8.24032 8.28654 8.29996 8.29649 8.15318 8.22233 8.23536 7.97897 6.45117 5.70822 4.89054 2.11846 -9999 -9999 -9999 -9999 -9999 -9999
-9999 -9999 10.3835 10.8474 11.3555 11.4343 11.8096 11.7668 11.6516 12.1778 12.367 12.1058 11.918 12.262 12.2384 12.1933 12.1189 11.1737 10.0795 8.42233 7.39221 6.75683 6.30753 5.70409 6.11176 5.98243 5.81003 5.99971 5.51468 4.54711 3.594 1.81528 0.851601 -9999 1.33433 2.21942 3.86236 5.25974 6.14851 5.83404 6.87558 7.07276 7.67242 7.32616 6.54531 6.21068 6.18526 6.08626 6.78903 7.26466 7.59839 7.82332 8.10505 8.17756 8.25013 8.28149 8.29939 8.31757 8.31613 8.31302 8.28477 8.19032 7.48973 6.74904 5.14273 2.2051 -9999 -9999 -9999 -9999 -9999 -9999
-9999 9.02471 10.3253 11.1056 11.4047 11.6192 11.8078 11.9433 12.083 12.2168 12.3089 12.2653 11.5771 11.6331 11.757 12.148 12.1213 12.0369 11.4392 9.42283 8.72195 7.69943 6.37794 5.82301 6.09503 7.17237 7.11988 6.39945 5.59702 4.48483 3.77842 2.68526 0.591442 0.778106 1.72023 2.42215 3.53924 5.24691 6.44565 6.98318 7.18936 7.61156 7.83508 7.35842 6.90771 6.72023 6.36834 6.32284 6.33013 6.75637 7.08807 7.82601 8.07545 8.19256 8.25207 8.28482 8.30908 8.33305 8.34275 8.33099 8.3344 8.33173 8.28401 7.29587 4.81721 2.95314 -9999 -9999 -9999 -9999 -9999 -9999
-9999 -9999 10.0787 10.419 10.5042 10.6571 10.9757 11.3441 11.8654 11.9303 12.219 12.2155 11.6216 10.9376 11.5341 11.7719 12.0187 12.0274 11.9514 10.2525 9.36479 8.66489 7.39748 7.84983 8.27945 8.30816 8.04212 6.50212 4.96828 3.19604 1.54527 1.46321 0.573475 1.04187 1.66388 3.26308 4.38973 4.84855 5.17978 6.91755 7.37111 7.53075 7.97963 7.37978 7.23439 6.78519 6.92579 6.89117 6.89867 5.64341 6.91017 6.98886 7.81573 8.19004 8.27737 8.30203 8.3281 8.33377 8.34049 8.33897 8.34994 8.34086 8.33054 7.68963 4.54594 2.9712 -9999 -9999 -9999 -9999 -9999 -9999
-9999 -9999 -9999 -9999 10.1734 10.4313 10.5948 10.882 11.7696 12.0075 12.1652 12.1772 11.9124 11.2349 11.0574 11.1829 10.5237 11.0774 11.8329 11.8137 11.7208 10.2289 9.46339 10.198 9.96963 8.84513 7.95883 7.0838 5.28857 3.96881 2.07725 0.65637 0.60019 2.16255 3.46108 5.07928 5.79465 5.39092 5.8347 6.69877 7.68138 8.15934 8.05318 7.42073 7.33937 6.64387 7.33877 7.40319 7.08775 6.81543 6.92895 7.34034 7.49932 8.14655 8.30515 8.33587 8.34246 8.3468 8.3459 8.3444 8.33906 8.33536 8.3299 8.30489 5.07336 2.56173 -9999 -9999 -9999 -9999 -9999 -9999
-9999 -9999 -9999 -9999 9.54706 9.70196 10.1182 11.1958 11.7547 11.9804 11.9702 12.0746 11.8877 11.292 10.6813 10.1059 9.36326 9.78979 10.9158 11.579 11.6533 10.3451 11.0214 10.7634 10.2577 8.78823 7.70373 7.12619 5.40234 3.92162 2.66172 0.924282 1.66306 2.47792 3.52619 5.29174 6.48423 6.9762 6.56857 7.12312 8.25321 8.26469 7.6547 7.70043 7.33353 6.38106 7.38471 7.67105 7.44995 7.51351 7.43242 7.58823 7.8681 8.13548 8.31383 8.33976 8.34454 8.34037 8.34181 8.34445 8.33452 8.33851 8.33301 8.32062 6.23638 2.50937 -9999 -9999 -9999 -9999 -9999 -9999
-9999 -9999 -9999 -9999 -9999 8.97136 9.92795 11.36 11.7088 11.6731 11.9674 11.9916 11.7052 11.4573 10.7158 9.70279 7.75544 8.25299 9.2895 10.7832 11.5671 11.4591 11.0188 10.2564 8.4161 6.80456 6.60441 6.33613 5.07664 3.93425 2.53402 3.33936 4.22266 5.19022 5.69876 5.56683 6.58887 7.42338 7.07346 7.75279 8.54524 8.19323 7.98751 7.81595 7.39067 7.3706 7.4218 7.99412 7.60743 7.85337 7.86284 7.85361 7.99173 8.14962 8.31482 8.34363 8.34579 8.35006 8.33284 8.34149 8.33464 8.32845 8.32361 8.31351 8.12907 6.12422 4.92791 -9999 -9999 -9999 -9999 -9999
-9999 -9999 -9999 -9999 -9999 8.0794 8.55397 10.2511 10.7688 11.5177 11.9147 11.9318 11.4486 11.1798 10.0742 9.7169 7.91573 7.10047 7.79355 7.52804 9.58405 11.4024 11.0028 7.32461 5.98957 5.03572 5.27472 5.27199 4.91778 2.97945 2.44367 4.168 5.25323 6.09438 6.73306 6.8664 6.84594 8.14982 8.32611 8.75296 8.66564 8.70991 8.05828 7.65732 8.02039 7.61678 7.55272 8.14376 7.57268 8.09915 8.04106 7.88898 7.88471 8.23153 8.30386 8.34277 8.34677 8.33489 8.31909 8.31152 8.32514 8.32299 8.30753 8.31263 8.29855 8.06514 7.02999 6.67203 7.08096 -9999 -9999 -9999
-9999 -9999 -9999 -9999 -9999 -9999 6.96265 9.32335 10.3961 10.9611 11.7584 11.8536 11.5943 11.13 10.0043 9.01461 7.40452 5.56517 4.59036 7.50776 10.0461 11.3696 11.1922 8.12999 6.91893 6.85871 7.56518 6.96052 6.50075 5.02583 4.58406 3.97196 4.34495 5.51695 6.47648 7.40279 8.07725 8.13444 8.57413 8.82914 8.85412 8.93756 8.86553 8.80796 8.18168 8.62566 8.25985 8.46277 8.34117 8.2316 8.13642 7.77811 8.03838 8.26878 8.33013 8.35017 8.33824 8.33661 8.32848 8.30878 8.30269 8.3042 8.30557 8.29799 8.30234 8.29681 8.18558 7.56507 6.73259 5.67937 -9999 -9999
-9999 -9999 -9999 -9999 -9999 -9999 5.77698 8.12647 9.25295 10.7103 11.4568 11.7595 11.7197 11.3435 10.4883 9.20061 8.128 6.07435 3.94143 7.00317 9.72988 11.2003 11.2759 8.70168 9.41085 8.831 9.05926 8.00052 7.55819 7.20347 6.44319 5.61259 4.70257 4.22282 6.37714 7.48404 8.37569 8.79757 9.03762 9.15941 9.09908 8.94339 7.99154 8.7261 8.69467 8.62764 8.54989 8.51498 8.44463 8.36055 8.3113 8.297 8.06002 8.33628 8.33249 8.33828 8.34134 8.33578 8.3237 8.31341 8.30053 8.30391 8.29976 8.29426 8.29214 8.29447 8.29191 8.26288 8.10204 6.68551 5.84043 5.60962
-9999 -9999 -9999 -9999 -9999 -9999 2.46547 5.88592 8.62644 10.0618 11.2277 11.5489 11.6692 11.164 10.7867 9.86376 8.98975 7.64057 5.61889 4.37369 6.66495 9.99634 11.2222 11.1229 11.0428 10.3734 9.76957 9.68997 9.73128 9.02459 8.00063 6.66878 6.25262 5.78572 7.39034 7.60857 7.49255 9.25884 9.26534 9.16805 8.49642 7.74398 7.8916 7.43123 7.79674 7.24421 7.76215 8.21045 8.38087 8.37178 8.31597 8.31277 8.28992 8.34017 8.34191 8.33642 8.33242 8.33094 8.32591 8.30704 8.29722 8.30675 8.29681 8.28964 8.28632 8.29056 8.29164 8.27126 8.25333 8.03992 7.71639 7.09724
-9999 -9999 -9999 -9999 -9999 -9999 2.60395 5.47598 7.91653 9.37657 10.7844 11.1109 11.5865 11.4843 11.0888 10.2864 9.28368 8.17317 6.4386 5.14896 6.68156 8.89197 10.4744 11.0392 11.03 10.9887 10.8348 10.7653 10.5867 10.4536 9.72149 8.46356 7.75255 6.71307 8.50142 8.70257 8.42388 9.31809 9.27549 7.92836 6.89363 6.76778 7.40402 6.8059 6.70688 6.33959 6.76806 7.90826 7.58112 7.65099 8.16853 8.25731 8.31485 8.33243 8.33142 8.3312 8.32445 8.3276 8.33065 8.31227 8.30489 8.30248 8.28543 8.28666 8.27668 8.27222 8.27083 8.26193 8.24576 8.18854 8.12463 8.20379
-9999 -9999 -9999 -9999 -9999 -9999 2.65722 4.58714 6.78344 8.93542 10.439 11.0454 11.4873 11.4828 11.0227 10.6239 9.99531 9.01813 8.3476 7.1832 5.58492 8.26145 9.07947 9.80937 10.1115 10.8723 10.8503 10.4969 10.0808 10.4556 10.3426 9.34689 9.01893 8.46636 9.461 9.46377 9.43711 9.38523 8.24683 6.66417 5.40004 6.31491 6.12785 6.54936 5.25945 6.33047 7.19359 7.47663 6.90068 6.47184 7.81303 8.03856 8.17377 8.26126 8.31944 8.30842 8.32429 8.31846 8.31652 8.31422 8.30487 8.30024 8.29121 8.28223 8.27631 8.27328 8.26235 8.24673 8.25036 8.22532 8.21713 8.21297
-9999 -9999 -9999 -9999 -9999 -9999 -9999 3.43772 6.21737 8.70434 10.0888 10.9596 11.3839 11.3762 11.1409 10.8699 10.4799 9.77456 8.88829 7.48775 6.44744 7.1054 7.90627 7.99397 8.52653 10.0759 10.6032 9.84876 7.98066 9.07502 10.2965 10.2753 10.17 10.0528 9.90339 9.76918 9.47544 8.68759 6.27165 5.79797 4.85214 4.96284 4.47948 5.54463 5.15407 6.24984 6.72707 6.90979 5.90444 6.12002 7.31058 7.7838 7.70935 8.00071 8.28034 8.29199 8.30231 8.2975 8.30569 8.31015 8.30795 8.29652 8.29014 8.28647 8.26986 8.27766 8.192 8.1381 8.02443 8.17588 8.19483 8.21058
-9999 -9999 -9999 -9999 -9999 -9999 -9999 2.8716 5.65136 8.58058 9.52061 10.4593 11.2697 11.2854 10.9255 10.5832 10.2305 9.82879 8.75383 7.71112 6.71528 6.37991 6.57849 6.55803 7.42163 9.44138 9.83039 9.66087 7.71006 7.0515 8.68418 10.0565 10.1639 10.0391 8.42302 8.76781 7.89695 6.71591 6.39229 5.87691 4.78571 5.3149 4.51678 4.8634 4.77716 5.4007 5.70672 6.4477 5.57178 5.57755 6.74656 7.33766 7.3559 7.97569 8.19861 8.25914 8.27642 8.28948 8.29475 8.30709 8.30415 8.29798 8.2891 8.26304 8.19656 7.98719 6.82394 6.82987 7.15547 7.46398 8.02499 8.18526
-9999 -9999 -9999 -9999 -9999 -9999 -9999 3.18621 5.11483 7.71392 9.6392 9.75967 10.6958 11.1789 10.7874 10.3466 9.89552 9.69808 8.52819 7.24292 6.20406 4.97431 5.17505 6.0552 7.49279 8.79691 9.02831 8.75617 7.7061 8.19615 9.30946 9.90041 10.0744 9.93693 9.58518 9.38241 8.74137 8.46446 7.57448 6.18227 5.63541 5.98574 4.50835 4.61471 5.1651 4.58952 5.55168 6.01404 4.88155 5.78675 6.82025 7.35034 7.8141 8.03531 8.12534 8.26154 8.26797 8.282 8.29089 8.29174 8.29454 8.27591 8.26115 8.14026 7.96059 6.87409 6.42899 6.52236 7.03074 7.47655 7.94742 8.14055
-9999 -9999 -9999 -9999 -9999 -9999 -9999 3.50779 5.24423 7.49775 8.8702 9.1153 10.1534 11.0765 10.9731 10.5144 10.3745 9.89886 8.90658 7.81041 6.61213 6.02886 4.68925 6.0051 7.04244 8.14679 8.66245 7.79743 7.36702 8.12598 8.88072 9.18195 9.94478 9.9376 9.68929 8.6178 8.09601 8.31835 8.09537 7.70391 6.74637 6.70599 6.09206 5.83943 5.6011 4.82298 5.32613 5.37957 5.52 6.60424 7.14379 7.50265 7.82926 7.91742 8.06113 8.24654 8.26557 8.27501 8.27703 8.28328 8.27274 8.22382 8.18316 7.93661 7.49783 6.67633 5.34849 6.29516 7.28501 7.5846 7.87894 8.0316
-9999 -9999 -9999 -9999 -9999 -9999 -9999 3.2041 5.04896 6.97486 7.7797 7.91588 9.79488 10.9453 10.947 10.7294 10.4752 9.30092 9.36929 9.13381 8.05285 6.47853 4.7494 4.91001 5.93757 7.39363 7.87543 6.4521 5.95183 6.31839 7.46023 8.48251 9.55019 9.8216 9.50881 7.84056 6.06796 6.89193 7.77251 7.76949 7.51365 6.62586 6.34566 6.09238 5.44568 4.35277 4.51566 4.82469 6.05679 6.44924 7.05355 7.55595 7.37119 7.48449 7.96494 8.24187 8.25518 8.26298 8.27487 8.27144 8.25798 8.15766 8.05134 7.87094 6.72146 6.00808 4.97105 6.19155 6.8674 7.2345 7.878 8.03417
-9999 -9999 -9999 -9999 -9999 -9999 -9999 2.6249 3.96345 5.80428 6.54578 7.72918 9.50479 10.378 10.7964 10.7869 10.6173 10.0913 9.77475 9.15133 8.02695 6.48963 4.78069 3.66761 4.23131 6.19196 6.6552 5.34221 4.67869 5.5035 6.72053 8.523 9.553 9.69236 9.59975 9.25638 7.96251 6.39927 6.40616 7.19266 6.53809 5.77716 6.19921 6.12399 5.48535 5.02161 4.74228 4.92492 5.62654 5.91974 6.61717 7.64481 7.7948 7.76894 8.20329 8.22791 8.24095 8.26013 8.2625 8.26141 8.25137 8.17013 7.98455 7.22039 6.55453 5.62702 5.51538 6.60503 7.08301 7.52992 7.84728 7.95299
-9999 -9999 -9999 -9999 -9999 -9999 -9999 1.63314 3.20827 4.93269 6.54742 8.07522 9.39017 9.49147 10.1849 10.1837 10.5469 10.4424 9.95462 9.42951 8.46071 6.48624 4.82565 3.01457 3.49031 5.49338 5.74126 4.86726 3.25332 4.91858 6.75527 8.42005 9.32142 8.61516 9.33988 9.28122 8.79708 7.86702 6.42041 6.44957 5.36626 5.32117 5.88081 6.06413 5.97381 5.62628 5.07389 5.17338 5.59947 5.71115 6.35224 7.1501 7.93012 8.06378 8.21501 8.22438 8.22975 8.24478 8.24923 8.23595 8.19914 8.11405 7.47386 6.71202 6.244 5.59874 5.52345 6.77556 7.28118 7.56446 7.83899 7.9493
-9999 -9999 -9999 -9999 -9999 -9999 -9999 -9999 3.03893 4.82048 6.13869 6.49329 7.66206 8.29304 8.78128 8.88927 10.283 10.3595 10.0501 9.5678 8.74146 7.24303 6.19857 4.46141 3.21229 3.72215 3.9483 4.40606 4.27017 5.01255 6.77751 8.61654 8.81723 7.64918 7.82275 8.068 8.61692 8.34027 6.36859 5.36779 4.53755 5.13073 5.75479 5.90761 5.94017 5.82271 5.69249 5.45321 6.28826 6.90697 7.05285 7.5926 7.99185 8.10429 8.1897 8.20282 8.2161 8.21918 8.19904 8.18525 8.08881 7.86905 7.15259 5.42531 5.50932 5.32543 4.79046 6.0129 6.79349 7.48394 7.85229 7.94967
-9999 -9999 -9999 -9999 -9999 -9999 -9999 -9999 2.43772 4.49916 4.93411 4.90122 4.21804 4.53203 7.06293 7.57236 8.90907 10.1747 10.0813 9.60817 8.83503 7.94229 6.5604 4.60686 3.05422 2.39009 4.05841 5.69213 6.02992 6.55277 7.63409 7.83946 6.64542 5.52594 6.15514 6.53459 7.97845 8.24303 7.96403 6.77682 5.41935 4.71178 5.55152 5.66571 5.7183 5.73064 5.70894 5.67869 6.61878 7.14084 7.50389 7.70289 8.04605 8.13604 8.16681 8.19593 8.19266 8.17801 8.12719 8.06904 7.80301 7.48038 6.30486 5.32539 4.71585 3.94132 5.69752 6.22294 6.95293 7.42513 7.79145 7.87405
