Test_Spring_2018b/12_17/Temp/20171217_004.txt
ncols	170
nrows	115
xllcorner	350000.000000
yllcorner	4445000.000000
cellsize	1000.000000
nodata_value	-9999.000000
[rows 32 to 63 of 115, columns 72 to 143 of 170]
9.36543 9.02756 9.55896 10.0485 9.74934 9.55256 10.3537 10.3566 10.087 9.44975 9.2179 8.97744 8.8313 8.01311 5.71188 3.6376 4.75359 4.7828 4.01579 5.39847 4.67166 2.77178 0.0886948 1.54975 1.17142 -0.735298 -1.20185 -9999 -9999 -9999 -9999 -9999 -9999 -9999 -9999 -9999 -9999 -9999 -9999 -9999 -9999 -9999 -9999 -9999 -9999 -9999 -9999 -9999 -9999 -9999 -9999 -9999 -9999 -9999 -9999 -9999 -9999 -9999 -9999 -9999 -9999 -9999 -9999 -9999 -9999 -9999 -9999 -9999 -9999 -9999 -9999 -9999
8.91852 8.77548 9.56355 9.55068 9.49909 9.78168 10.2805 10.3823 10.2791 10.0029 9.76433 9.51035 8.86106 7.92467 5.95565 3.59417 3.06079 4.22078 4.27891 4.46734 3.80509 2.97249 1.6686 2.73952 3.15625 1.90527 0.266554 -0.786561 -9999 -9999 -9999 -9999 -9999 -9999 -9999 -9999 -9999 -9999 -9999 -9999 -9999 -9999 -9999 -9999 -9999 -9999 -9999 -9999 -9999 -9999 -9999 -9999 -9999 -9999 -9999 -9999 -9999 -9999 -9999 -9999 -9999 -9999 -9999 -9999 -9999 -9999 -9999 -9999 -9999 -9999 -9999 -9999
8.38359 7.62643 8.10281 8.46136 9.11242 9.28663 9.3882 10.327 10.2806 10.2404 9.84415 9.52791 9.00176 8.10072 6.81644 5.2694 2.57337 4.24027 5.54595 5.51494 5.44574 4.86296 3.61028 4.66135 4.71203 3.11462 1.29199 0.223466 -0.217335 -9999 -9999 -9999 -9999 -9999 -9999 -9999 -9999 -9999 -9999 -9999 -9999 -9999 -9999 -9999 -9999 -9999 -9999 -9999 -9999 -9999 -9999 -9999 -9999 -9999 -9999 -9999 -9999 -9999 -9999 -9999 -9999 -9999 -9999 -9999 -9999 -9999 -9999 -9999 -9999 -9999 -9999 -9999
7.77415 6.84842 7.32764 7.96592 8.8609 9.32193 9.67825 9.96124 10.2499 10.2195 9.81391 8.60954 8.44039 8.39141 7.55254 5.78843 4.02647 3.57196 5.56234 6.13357 6.01965 6.46536 5.40433 5.90792 5.70329 5.13913 3.38831 1.79038 1.13217 -0.17016 -9999 -9999 -9999 -9999 -9999 -9999 -9999 -9999 -9999 -9999 -9999 -9999 -9999 -9999 -9999 -9999 -9999 -9999 -9999 -9999 -9999 -9999 -9999 -9999 -9999 -9999 -9999 -9999 -9999 -9999 -9999 -9999 -9999 -9999 -9999 -9999 -9999 -9999 -9999 -9999 -9999 -9999
-9999 -9999 6.27755 7.14091 7.85985 8.73332 9.49212 9.87421 10.2456 10.2194 9.40553 9.00922 8.97772 8.42936 7.46053 6.8535 5.7452 4.59012 5.03471 6.73207 5.97983 7.18247 7.08221 7.30408 6.50223 4.98116 2.94973 1.76149 1.1727 0.117656 -9999 -9999 -9999 -9999 -9999 -9999 -9999 -9999 -9999 -9999 -9999 -9999 -9999 -9999 -9999 -9999 -9999 -9999 -9999 -9999 -9999 -9999 -9999 -9999 -9999 -9999 -9999 -9999 -9999 -9999 -9999 -9999 -9999 -9999 -9999 -9999 -9999 -9999 -9999 -9999 -9999 -9999
-9999 -9999 -9999 6.99243 7.54107 8.71538 9.31826 9.56747 10.1645 10.1694 9.86342 9.6333 9.29766 8.85805 8.13081 7.3279 6.2857 6.19157 7.27827 7.29363 7.06874 7.24816 7.80642 7.66044 6.41872 4.27464 3.14213 0.834764 -0.150207 -0.0473405 -0.744507 -9999 -9999 -9999 -9999 -9999 -9999 -9999 -9999 -9999 -9999 -9999 -9999 1.98703 -9999 -9999 -9999 -9999 -9999 -9999 -9999 -9999 -9999 -9999 -9999 -9999 -9999 -9999 -9999 -9999 -9999 -9999 -9999 -9999 -2.07353 -9999 -9999 -9999 -9999 -9999 -9999 -9999
-9999 -9999 6.89799 7.62693 8.19955 8.93697 9.00648 9.44709 10.1331 10.1468 9.93108 9.68675 9.13261 8.99801 8.5856 7.71367 7.53754 7.89483 8.06043 8.24747 8.36301 8.27166 8.04688 7.75587 6.95416 5.95996 5.29296 3.18845 2.12205 1.10555 -0.433474 -1.63666 -9999 -9999 -9999 -9999 -9999 -9999 -9999 1.17024 1.11819 1.15094 1.4945 2.43332 1.89087 -9999 -9999 -9999 -9999 -9999 -9999 -9999 -9999 -9999 -9999 -9999 -9999 -9999 -9999 -9999 -9999 -9999 -9999 -9999 -1.22161 -2.42673 -9999 -9999 -9999 -9999 -9999 -9999
-9999 -9999 7.10058 7.87307 8.26067 8.97704 9.38861 9.65488 9.89525 10.1253 10.0913 9.82072 9.40692 9.41345 8.84135 8.53425 8.31556 8.79791 8.8949 8.70415 8.46405 8.25152 7.64836 7.57888 7.38148 6.75035 5.7142 4.64662 3.10086 1.01031 -1.03946 -2.69205 -9999 -9999 -9999 -9999 -9999 -9999 1.34762 2.12786 2.59759 1.61582 2.46505 3.2419 3.12478 2.38909 -9999 -9999 -9999 -9999 -9999 -9999 -9999 -9999 -9999 -9999 -9999 -9999 -9999 -9999 4.51038 3.27323 0.767421 -0.512974 -1.27759 -2.37238 -9999 -9999 -9999 -9999 -9999 -9999
-9999 -9999 6.95729 7.86904 8.48796 9.03793 9.12921 9.6946 9.93721 10.0628 10.0527 10.0025 9.92979 9.43137 9.21904 8.463 9.19272 9.16779 8.986 8.25957 7.94513 6.69585 6.14614 6.02237 7.07355 6.29654 4.67435 2.64661 0.207201 0.0487552 -0.755819 -2.23282 -9999 -9999 -9999 -9999 -9999 -9999 1.59563 2.42996 3.12749 3.23401 2.25858 3.63462 3.59338 2.83371 2.66663 3.30188 3.62725 3.39473 4.15673 4.3831 4.05098 4.42855 -9999 -9999 -9999 -9999 4.67867 4.73509 4.77952 4.26803 1.52985 -0.337421 -2.0129 -2.15483 -9999 -9999 -9999 -9999 -9999 -9999
-9999 -9999 7.59534 8.15796 8.44437 8.49402 8.98824 9.48319 9.78375 10.0107 9.97079 9.95724 9.94254 9.77486 9.37949 9.45498 9.42588 9.19559 7.81191 6.19598 6.90236 5.93926 3.88313 5.55335 6.47057 5.58972 3.62354 1.3439 0.594812 0.625872 -0.494015 -1.93177 -9999 -9999 -9999 -0.674655 0.516814 0.625026 0.980324 2.09168 2.93875 3.5757 4.01358 4.00533 3.56285 2.82016 2.01231 2.30982 3.78275 4.1471 4.45753 4.69188 4.38395 4.55754 4.95511 5.16314 5.20965 5.12292 5.10752 5.14552 5.10513 4.62832 2.17716 0.779625 -0.108484 -1.88762 -9999 -9999 -9999 -9999 -9999 -9999
-9999 -9999 7.25533 7.74502 8.14245 8.79993 8.87313 9.29119 9.54212 9.90725 9.95293 9.53027 9.88791 9.8467 9.78482 9.64851 9.44656 8.27939 6.66905 5.05415 4.30893 4.62765 3.39096 4.02549 4.95475 4.61022 3.40626 1.37506 1.08859 0.613932 -1.27151 -3.08535 -9999 -9999 -2.97423 -0.692759 0.915416 1.74765 2.00938 2.03985 3.10582 3.19544 4.343 4.0819 2.58558 2.76259 2.17975 2.5674 3.11701 3.27135 4.04968 4.80331 4.94982 4.95878 5.21374 5.27028 5.28867 5.28743 5.12373 5.20698 5.22519 4.93053 3.15871 2.29926 1.3562 -1.85286 -9999 -9999 -9999 -9999 -9999 -9999
-9999 -9999 7.51509 8.06216 8.66108 8.76123 9.20621 9.16302 9.04299 9.66238 9.88843 9.59155 9.37914 9.78382 9.76038 9.71113 9.62699 8.53037 7.26025 5.33566 4.13976 3.40831 2.88819 2.1946 2.67141 2.52446 2.3277 2.5519 1.98875 0.871861 -0.231687 -2.2971 -3.41294 -9999 -2.84476 -1.81317 0.0986457 1.72468 2.75928 2.39534 3.6069 3.83714 4.53851 4.13742 3.23386 2.85222 2.82487 2.71202 3.53091 4.08174 4.47229 4.73633 5.06565 5.15267 5.23974 5.2789 5.3024 5.32624 5.32733 5.32661 5.29685 5.19043 4.37996 3.52566 1.6637 -1.73791 -9999 -9999 -9999 -9999 -9999 -9999
-9999 5.93974 7.46193 8.37706 8.73352 8.99193 9.2203 9.38687 9.56268 9.72484 9.8394 9.79451 9.00066 9.07059 9.21854 9.67589 9.64698 9.55041 8.85695 6.51474 5.70564 4.5228 2.9897 2.34795 2.66717 3.92248 3.8651 3.03173 2.10321 0.817745 -0.00200717 -1.26835 -3.69945 -3.47872 -2.38043 -1.56168 -0.260941 1.72564 3.1204 3.74646 3.98722 4.48166 4.74268 4.19472 3.67492 3.45926 3.05252 3.00181 3.01242 3.50985 3.89762 4.75398 5.04639 5.18445 5.25619 5.29684 5.32762 5.3581 5.37209 5.36129 5.36837 5.36867 5.31883 4.17502 1.30362 -0.850579 -9999 -9999 -9999 -9999 -9999 -9999
-9999 -9999 7.18968 7.59394 7.70223 7.88943 8.26922 8.70672 9.32608 9.4094 9.75224 9.75426 9.06924 8.27922 8.97625 9.25544 9.54413 9.55558 9.46816 7.50008 6.47061 5.6596 4.18939 4.71815 5.22056 5.25735 4.95185 3.16613 1.38769 -0.664954 -2.57974 -2.67166 -3.70359 -3.15688 -2.43058 -0.569157 0.742692 1.27804 1.66469 3.68547 4.21566 4.40565 4.92934 4.2343 4.06926 3.54951 3.71508 3.67697 3.68774 2.23104 3.70523 3.79846 4.7611 5.19601 5.29948 5.33056 5.36332 5.37245 5.38294 5.38406 5.39997 5.39419 5.38921 4.64973 1.00229 -0.815651 -9999 -9999 -9999 -9999 -9999 -9999
-9999 -9999 -9999 -9999 7.33274 7.64221 7.84208 8.18548 9.23043 9.51486 9.70546 9.72592 9.42371 8.64049 8.43804 8.58656 7.82246 8.46793 9.34904 9.3287 9.22291 7.49162 6.60496 7.46154 7.19945 5.8962 4.86996 3.85696 1.77475 0.247726 -1.94696 -3.59478 -3.65687 -1.83829 -0.327396 1.55609 2.39 1.92302 2.44048 3.44858 4.59274 5.15041 5.02927 4.29649 4.20585 3.39995 4.20968 4.28662 3.92202 3.60741 3.7413 4.22092 4.40717 5.16081 5.34673 5.38339 5.39339 5.4009 5.40252 5.40368 5.40275 5.40301 5.40177 5.37828 1.62908 -1.27752 -9999 -9999 -9999 -9999 -9999 -9999
-9999 -9999 -9999 -9999 6.61982 6.80973 7.30333 8.56524 9.22817 9.49842 9.49383 9.62146 9.40973 8.72196 8.01561 7.34969 6.48911 6.98684 8.29736 9.07018 9.15875 7.64116 8.43001 8.13325 7.54887 5.84484 4.58827 3.92095 1.92161 0.207396 -1.25341 -3.26924 -2.4077 -1.45788 -0.236961 1.81713 3.20547 3.77961 3.30862 3.95553 5.27123 5.287 4.58056 4.63602 4.21362 3.10919 4.27772 4.61253 4.35748 4.43304 4.34061 4.523 4.84949 5.16148 5.37013 5.40186 5.40913 5.40668 5.41101 5.41793 5.41053 5.41993 5.41888 5.41032 2.9946 -1.32423 -9999 -9999 -9999 -9999 -9999 -9999
-9999 -9999 -9999 -9999 -9999 5.97555 7.09702 8.7708 9.18935 9.15568 9.50482 9.53908 9.2115 8.92778 8.0695 6.895 4.63437 5.21469 6.42134 8.15933 9.07281 8.94996 8.4414 7.55864 5.42352 3.55439 3.32549 3.01748 1.55766 0.236463 -1.38758 -0.448749 0.580564 1.70768 2.3013 2.15057 3.34074 4.31301 3.90895 4.701 5.6245 5.21808 4.98159 4.78473 4.29458 4.27374 4.33551 5.00263 4.5551 4.84248 4.85516 4.84556 5.00711 5.19166 5.38483 5.41977 5.4241 5.43134 5.41421 5.42784 5.42415 5.42191 5.42184 5.41616 5.20829 2.89078 1.50823 -9999 -9999 -9999 -9999 -9999
-9999 -9999 -9999 -9999 -9999 4.95374 5.51488 7.49641 8.11109 8.98893 9.4571 9.48288 8.92654 8.61871 7.33743 6.92482 4.83426 3.88895 4.69667 4.39062 6.78247 8.89841 8.43727 4.16632 2.61842 1.51358 1.79496 1.79545 1.3875 -0.858696 -1.47839 0.528166 1.79196 2.77204 3.51677 3.67464 3.65323 5.17117 5.3783 5.87707 5.77841 5.83266 5.07819 4.61491 5.04098 4.57454 4.50244 5.19131 4.52947 5.14276 5.07684 4.9011 4.89703 5.30097 5.38609 5.43265 5.43937 5.42771 5.4124 5.40699 5.42723 5.42981 5.41755 5.42967 5.41987 5.16096 3.96571 3.55724 4.03969 -9999 -9999 -9999
-9999 -9999 -9999 -9999 -9999 -9999 3.67996 6.43227 7.69184 8.35555 9.28861 9.40489 9.11136 8.57496 7.26961 6.1222 4.25381 2.11909 0.988161 4.38101 7.33358 8.87465 8.67183 5.11684 3.71307 3.64668 4.47124 3.77218 3.24143 1.5337 1.02309 0.314431 0.750401 2.11592 3.23381 4.3122 5.09833 5.16758 5.68171 5.97963 6.01161 6.11154 6.03076 5.96667 5.24321 5.7618 5.33909 5.57697 5.43744 5.31158 5.20254 4.78706 5.0903 5.35887 5.43115 5.45697 5.44443 5.4447 5.43837 5.41953 5.41598 5.42291 5.43028 5.42771 5.43935 5.44531 5.3236 4.60993 3.64963 2.43244 -9999 -9999
-9999 -9999 -9999 -9999 -9999 -9999 2.31636 5.05519 6.377 8.07737 8.95481 9.31321 9.27054 8.83656 7.84566 6.35201 5.10835 2.72478 0.2493 3.81009 6.98048 8.69244 8.78371 5.79593 6.62359 5.95337 6.22218 4.99536 4.48474 4.07878 3.19789 2.23517 1.18206 0.628134 3.1332 4.42145 5.45996 5.95302 6.2352 6.38027 6.31255 6.13294 5.02989 5.88642 5.85433 5.77917 5.69127 5.65282 5.57286 5.47662 5.42101 5.40526 5.13066 5.45375 5.45163 5.45907 5.46402 5.45978 5.44889 5.44102 5.43101 5.43886 5.43915 5.43897 5.44302 5.45814 5.46252 5.43595 5.25592 3.61633 2.6403 2.37892
-9999 -9999 -9999 -9999 -9999 -9999 -1.51752 2.46532 5.66824 7.34191 8.70497 9.08221 9.22561 8.64179 8.20625 7.13665 6.12393 4.55916 2.21312 0.769589 3.43531 7.31033 8.73627 8.62445 8.53502 7.76067 7.06248 6.97338 7.02465 6.20979 5.02583 3.47994 3.00078 2.45969 4.32602 4.58161 4.44919 6.50453 6.5153 6.4058 5.6291 4.75669 4.93188 4.3969 4.82617 4.18689 4.79126 5.31437 5.51424 5.50519 5.4421 5.44162 5.41546 5.47686 5.47927 5.47375 5.47061 5.47118 5.46853 5.45066 5.44415 5.46084 5.45304 5.4511 5.45223 5.46956 5.47789 5.4611 5.44685 5.20506 4.83486 4.1221
-9999 -9999 -9999 -9999 -9999 -9999 -1.33603 2.01516 4.85733 6.56348 8.20402 8.58745 9.14361 9.0282 8.57164 7.64227 6.48012 5.19288 3.18062 1.68557 3.47027 6.04225 7.8851 8.54512 8.53523 8.4908 8.31536 8.24265 8.03794 7.8896 7.04079 5.58441 4.75964 3.55326 5.63316 5.86897 5.54754 6.58949 6.54318 4.98126 3.78257 3.64013 4.38096 3.68943 3.57924 3.15132 3.65177 4.97895 4.60412 4.68664 5.28979 5.39357 5.46431 5.48511 5.48455 5.48535 5.47915 5.48521 5.49195 5.47462 5.47081 5.47344 5.45957 5.46443 5.45929 5.46692 5.46972 5.46594 5.45342 5.39283 5.32927 5.42774
-9999 -9999 -9999 -9999 -9999 -9999 -1.25581 0.996994 3.555 6.06557 7.81724 8.52593 9.04297 9.04114 8.50965 8.04946 7.32221 6.19005 5.41437 4.06496 2.21149 5.32563 6.27972 7.13152 7.4917 8.37944 8.35727 7.94969 7.46993 7.90766 7.78253 6.62714 6.24762 5.60716 6.76483 6.77017 6.74166 6.68419 5.36448 3.5288 2.06345 3.13028 2.91659 3.40741 1.91332 3.16512 4.17086 4.50201 3.82968 3.33281 4.89342 5.16023 5.31796 5.42028 5.48876 5.47723 5.49749 5.4932 5.49416 5.49543 5.48919 5.48901 5.48416 5.47967 5.47583 5.48499 5.47897 5.47322 5.48362 5.45645 5.45196 5.45367
-9999 -9999 -9999 -9999 -9999 -9999 -9999 -0.319328 2.92165 5.81636 7.4294 8.44507 8.94161 8.93605 8.66585 8.35432 7.90453 7.08855 6.0625 4.43901 3.23426 4.00303 4.9377 5.04304 5.66575 7.46978 8.0859 7.21223 5.04951 6.3281 7.7492 7.72611 7.60528 7.47068 7.29602 7.14226 6.80342 5.89072 3.0864 2.54241 1.44708 1.57957 1.02169 2.26048 1.81145 3.08796 3.64531 3.85996 2.69359 2.94715 4.33586 4.88648 4.80056 5.13978 5.46202 5.47706 5.49104 5.48803 5.50075 5.50979 5.51166 5.50737 5.50565 5.50735 5.49095 5.51288 5.41986 5.36345 5.23718 5.41851 5.44538 5.47621
-9999 -9999 -9999 -9999 -9999 -9999 -9999 -0.95548 2.2799 5.68847 6.78508 7.87979 8.8251 8.84682 8.43199 8.03766 7.63137 7.16826 5.92296 4.71526 3.56211 3.17651 3.41136 3.39072 4.39802 6.74861 7.20397 7.01002 4.75687 3.99369 5.89283 7.48923 7.61579 7.47253 5.59658 5.99946 4.99001 3.62044 3.24754 2.65207 1.38764 2.00626 1.08245 1.48874 1.39047 2.11817 2.47657 3.34004 2.32421 2.33443 3.69862 4.38657 4.40874 5.12999 5.39027 5.4622 5.48433 5.50215 5.51153 5.52973 5.53076 5.52851 5.52347 5.49871 5.42706 5.18623 3.8473 3.86001 4.24385 4.60744 5.26696 5.46343
-9999 -9999 -9999 -9999 -9999 -9999 -9999 -0.57331 1.67289 4.6978 6.93933 7.08328 8.1748 8.73987 8.28845 7.77975 7.2592 7.03349 5.67785 4.18824 2.98503 1.56001 1.79727 2.82394 4.49728 6.01622 6.2884 5.97521 4.76948 5.3412 6.63699 7.32567 7.52982 7.37204 6.96542 6.73212 5.98978 5.67085 4.63973 3.02522 2.39318 2.80378 1.09045 1.2174 1.86016 1.19289 2.31377 2.85355 1.53972 2.60022 3.80278 4.42019 4.96045 5.21889 5.32507 5.48519 5.49491 5.51393 5.52747 5.53219 5.53962 5.52256 5.51028 5.37486 5.17123 3.9138 3.40584 3.51976 4.11567 4.63855 5.19997 5.42844
-9999 -9999 -9999 -9999 -9999 -9999 -9999 -0.182635 1.84017 4.4635 6.06267 6.35153 7.56166 8.63809 8.52161 7.99218 7.83325 7.28431 6.13502 4.86508 3.47652 2.80263 1.24982 2.78271 3.99086 5.27761 5.88009 4.89051 4.39296 5.27731 6.15663 6.50886 7.39746 7.3913 7.10504 5.86237 5.25865 5.51984 5.26375 4.81204 3.70261 3.65902 2.94892 2.65857 2.38471 1.48188 2.06939 2.13407 2.30401 3.56873 4.19759 4.61635 4.99758 5.10176 5.27062 5.48817 5.51269 5.52643 5.53195 5.54278 5.53446 5.48187 5.4391 5.15724 4.65208 3.70216 2.16797 3.2731 4.42819 4.78751 5.13763 5.31905
-9999 -9999 -9999 -9999 -9999 -9999 -9999 -0.518179 1.63056 3.87319 4.81284 4.97522 7.16267 8.50338 8.50908 8.25986 7.96815 6.6073 6.69049 6.42063 5.1683 3.34264 1.33708 1.52744 2.72358 4.41958 4.98272 3.34481 2.76619 3.19473 4.52407 5.71441 6.95747 7.27524 6.91421 4.97818 2.921 3.88131 4.90754 4.90708 4.61293 3.58445 3.262 2.97078 2.22229 0.955735 1.14563 1.5074 2.94906 3.40741 4.1118 4.69766 4.48499 4.61869 5.17915 5.50327 5.52129 5.53317 5.5501 5.54953 5.53758 5.42493 5.3055 5.1001 3.76866 2.94399 1.74967 3.17029 3.96022 4.40199 5.15396 5.33944
-9999 -9999 -9999 -9999 -9999 -9999 -9999 -1.1736 0.386795 2.53061 3.39674 4.77614 6.84355 7.86215 8.3522 8.34486 8.15152 7.5439 7.17972 6.45894 5.15603 3.37326 1.39105 0.10122 0.759859 3.04065 3.58789 2.07289 1.30469 2.26591 3.68282 5.77999 6.97947 7.14398 7.03896 6.6426 5.14177 3.32803 3.33892 4.25582 3.49818 2.61697 3.11043 3.02601 2.28681 1.75076 1.42729 1.6465 2.46787 2.81109 3.62394 4.82046 4.99709 4.96937 5.47652 5.50764 5.52547 5.55062 5.55642 5.55842 5.55019 5.45941 5.24752 4.3634 3.59356 2.51969 2.39389 3.66853 4.23497 4.76293 5.13581 5.2626
-9999 -9999 -9999 -9999 -9999 -9999 -9999 -2.30818 -0.472839 1.53579 3.41676 5.19649 6.7287 6.8504 7.66008 7.66245 8.08813 7.97026 7.40704 6.80038 5.67811 3.38723 1.46109 -0.639931 -0.0835603 2.24549 2.55152 1.53893 -0.33357 1.60447 3.74165 5.67903 6.72924 5.91128 6.75618 6.69076 6.13094 5.05295 3.37474 3.41146 2.15547 2.10596 2.75918 2.97509 2.873 2.47198 1.83296 1.95373 2.45531 2.58779 3.33544 4.26521 5.17424 5.33218 5.51056 5.52416 5.53318 5.55352 5.56168 5.54935 5.50979 5.41424 4.67374 3.79194 3.25163 2.50541 2.42154 3.88646 4.48293 4.82077 5.14376 5.27585
-9999 -9999 -9999 -9999 -9999 -9999 -9999 -9999 -0.651481 1.42366 2.96017 3.37672 4.73917 5.47648 6.04774 6.17698 7.80021 7.89258 7.53653 6.97942 6.02256 4.28471 3.07442 1.05921 -0.388824 0.209989 0.485919 1.021 0.866214 1.73201 3.78605 5.92611 6.16231 4.8079 5.01249 5.30033 5.941 5.62229 3.33384 2.17361 1.21156 1.90361 2.63156 2.81192 2.85256 2.7189 2.57371 2.30137 3.27466 3.99653 4.16896 4.79907 5.26591 5.39945 5.50157 5.5197 5.53801 5.54448 5.52399 5.51091 5.40183 5.14949 4.32003 2.31601 2.41685 2.20643 1.58811 3.01867 3.93862 4.74485 5.17676 5.29378
-9999 -9999 -9999 -9999 -9999 -9999 -9999 -9999 -1.33183 1.06871 1.579 1.54542 0.755933 1.12496 4.06993 4.66563 6.22248 7.6966 7.59138 7.04477 6.14957 5.11539 3.51287 1.24613 -0.554651 -1.30931 0.629491 2.53347 2.92929 3.54016 4.8 5.04189 3.65755 2.35978 3.09397 3.53784 5.21851 5.5287 5.20717 3.8302 2.25535 1.43572 2.41415 2.54953 2.61339 2.63055 2.61169 2.58292 3.67763 4.28741 4.71243 4.94686 5.34878 5.4565 5.49536 5.53222 5.5314 5.51727 5.46105 5.39626 5.08988 4.71772 3.35449 2.21912 1.5137 0.616628 2.66047 3.2807 4.14232 4.69404 5.1235 5.22327
