Test_Spring_2018b/12_17/Temp/20171229_019.txt
ncols	170
nrows	115
xllcorner	350000.000000
yllcorner	4445000.000000
cellsize	1000.000000
nodata_value	-9999.000000
[rows 32 to 63 of 115, columns 71 to 141 of 170]
6.90277 6.88572 6.5513 7.07961 7.56647 7.28463 7.09844 7.89908 7.90351 7.63738 7.00629 6.7773 6.53961 6.39544 5.58435 3.30165 1.24425 2.35272 2.38301 1.62346 2.99737 2.27836 0.395655 -2.26389 -0.810913 -1.18291 -3.06001 -3.52056 -9999 -9999 -9999 -9999 -9999 -9999 -9999 -9999 -9999 -9999 -9999 -9999 -9999 -9999 -9999 -9999 -9999 -9999 -9999 -9999 -9999 -9999 -9999 -9999 -9999 -9999 -9999 -9999 -9999 -9999 -9999 -9999 -9999 -9999 -9999 -9999 -9999 -9999 -9999 -9999 -9999 -9999 -9999
6.60822 6.43515 6.29399 7.07692 7.06521 7.0257 7.31857 7.81916 7.92183 7.82081 7.54807 7.31245 7.06144 6.41807 5.48975 3.53678 1.19441 0.666206 1.81851 1.87766 2.06636 1.41123 0.587351 -0.703899 0.361634 0.778239 -0.454933 -2.07245 -3.10609 -9999 -9999 -9999 -9999 -9999 -9999 -9999 -9999 -9999 -9999 -9999 -9999 -9999 -9999 -9999 -9999 -9999 -9999 -9999 -9999 -9999 -9999 -9999 -9999 -9999 -9999 -9999 -9999 -9999 -9999 -9999 -9999 -9999 -9999 -9999 -9999 -9999 -9999 -9999 -9999 -9999 -9999
6.16157 5.89706 5.14648 5.6201 5.97694 6.64174 6.82398 6.92649 7.85965 7.8151 7.77661 7.38459 7.07185 6.55073 5.65753 4.38403 2.84983 0.175581 1.83081 3.12778 3.09861 3.03178 2.45559 1.21494 2.26054 2.31365 0.735741 -1.05514 -2.11315 -2.54845 -9999 -9999 -9999 -9999 -9999 -9999 -9999 -9999 -9999 -9999 -9999 -9999 -9999 -9999 -9999 -9999 -9999 -9999 -9999 -9999 -9999 -9999 -9999 -9999 -9999 -9999 -9999 -9999 -9999 -9999 -9999 -9999 -9999 -9999 -9999 -9999 -9999 -9999 -9999 -9999 -9999
5.53945 5.28485 4.36701 4.84349 5.47795 6.37556 6.84746 7.20694 7.48945 7.77742 7.74867 7.3475 6.15352 5.98667 5.93897 5.10743 3.35778 1.61033 1.16037 3.13666 3.70493 3.59358 4.0378 2.98715 3.48932 3.28892 2.73149 1.00888 -0.567471 -1.21868 -2.50927 -9999 -9999 -9999 -9999 -9999 -9999 -9999 -9999 -9999 -9999 -9999 -9999 -9999 -9999 -9999 -9999 -9999 -9999 -9999 -9999 -9999 -9999 -9999 -9999 -9999 -9999 -9999 -9999 -9999 -9999 -9999 -9999 -9999 -9999 -9999 -9999 -9999 -9999 -9999 -9999
-9999 -9999 -9999 3.79396 4.65982 5.37806 6.25572 7.01478 7.39575 7.76592 7.74144 6.93517 6.54306 6.51281 5.96955 5.00898 4.4074 3.30846 2.16321 2.60546 4.29105 3.54617 4.74137 4.64397 4.86648 4.07337 2.57399 0.564705 -0.605157 -1.18756 -2.23285 -9999 -9999 -9999 -9999 -9999 -9999 -9999 -9999 -9999 -9999 -9999 -9999 -9999 -9999 -9999 -9999 -9999 -9999 -9999 -9999 -9999 -9999 -9999 -9999 -9999 -9999 -9999 -9999 -9999 -9999 -9999 -9999 -9999 -9999 -9999 -9999 -9999 -9999 -9999 -9999
-9999 -9999 -9999 -9999 4.50489 5.05425 6.22152 6.83469 7.08396 7.67818 7.68466 7.38243 7.15526 6.82318 6.38776 5.66683 4.87076 3.83727 3.74463 4.8239 4.84031 4.61858 4.79835 5.35434 5.21179 3.98198 1.86422 0.742817 -1.53361 -2.50913 -2.40543 -3.09591 -9999 -9999 -9999 -9999 -9999 -9999 -9999 -9999 -9999 -9999 -9999 -9999 -0.397177 -9999 -9999 -9999 -9999 -9999 -9999 -9999 -9999 -9999 -9999 -9999 -9999 -9999 -9999 -9999 -9999 -9999 -9999 -9999 -9999 -4.5179 -9999 -9999 -9999 -9999 -9999
-9999 -9999 -9999 4.39413 5.12962 5.70005 6.43408 6.51354 6.95707 7.6398 7.65512 7.44246 7.2012 6.65225 6.51941 6.11074 5.24602 5.07175 5.42688 5.59197 5.77859 5.89457 5.80559 5.58454 5.2981 4.51197 3.52791 2.86858 0.786422 -0.262978 -1.26995 -2.79574 -3.98864 -9999 -9999 -9999 -9999 -9999 -9999 -9999 -1.20824 -1.2619 -1.23164 -0.893191 0.0357163 -0.505448 -9999 -9999 -9999 -9999 -9999 -9999 -9999 -9999 -9999 -9999 -9999 -9999 -9999 -9999 -9999 -9999 -9999 -9999 -9999 -3.68451 -4.88654 -9999 -9999 -9999 -9999
-9999 -9999 -9999 4.59686 5.36578 5.75295 6.46644 6.87748 7.15576 7.39643 7.62653 7.59436 7.32702 6.91727 6.92435 6.35706 6.05261 5.83589 6.31491 6.41174 6.22333 5.98631 5.77704 5.18055 5.11401 4.9272 4.30361 3.27819 2.22155 0.699913 -1.37268 -3.40515 -5.04389 -9999 -9999 -9999 -9999 -9999 -9999 -1.03891 -0.266599 0.197293 -0.779393 0.0605611 0.82847 0.709061 -0.0288916 -9999 -9999 -9999 -9999 -9999 -9999 -9999 -9999 -9999 -9999 -9999 -9999 -9999 -9999 2.01173 0.779868 -1.71133 -2.98707 -3.75159 -4.84434 -9999 -9999 -9999 -9999
-9999 -9999 -9999 4.44604 5.35352 5.97062 6.51938 6.61299 7.18065 7.43076 7.55735 7.54895 7.50032 7.4289 6.93476 6.72426 5.9741 6.69824 6.67366 6.49365 5.77354 5.46266 4.2246 3.68121 3.56695 4.61279 3.84472 2.23807 0.228967 -2.18247 -2.33477 -3.13144 -4.5958 -9999 -9999 -9999 -9999 -9999 -9999 -0.800697 0.0250571 0.714749 0.817704 -0.153245 1.20892 1.16067 0.402289 0.231727 0.857179 1.17508 0.941615 1.68942 1.90911 1.57486 1.94512 -9999 -9999 -9999 -9999 2.17492 2.22742 2.26778 1.7561 -0.965621 -2.82377 -4.49228 -4.6457 -9999 -9999 -9999 -9999
-9999 -9999 -9999 5.07034 5.63178 5.91935 5.9721 6.46597 6.96401 7.27117 7.49734 7.45929 7.44698 7.43306 7.26695 6.87458 6.94924 6.92006 6.69134 5.31834 3.71524 4.41703 3.46492 1.43239 3.09237 4.00557 3.13479 1.18716 -1.07153 -1.80554 -1.76979 -2.8791 -4.30838 -9999 -9999 -9999 -3.05975 -1.87856 -1.77283 -1.42241 -0.322177 0.515422 1.14852 1.57968 1.57253 1.12105 0.379126 -0.427654 -0.13772 1.31853 1.67475 1.97662 2.20403 1.89366 2.05526 2.44612 2.64916 2.69212 2.60293 2.58445 2.61875 2.5749 2.09751 -0.333586 -1.72568 -2.61309 -4.40294 -9999 -9999 -9999 -9999
-9999 -9999 -9999 4.72435 5.21364 5.61162 6.26772 6.34403 6.7624 7.01773 7.38745 7.43445 7.01616 7.37164 7.33084 7.26917 7.13339 6.93241 5.77374 4.17559 2.57333 1.83459 2.15664 0.931738 1.56409 2.48929 2.15428 0.959681 -1.05224 -1.33289 -1.79554 -3.66194 -5.45989 -9999 -9999 -5.3473 -3.08393 -1.48931 -0.665291 -0.407951 -0.380595 0.67386 0.759124 1.89389 1.63445 0.137722 0.30806 -0.271354 0.107628 0.638861 0.786747 1.55526 2.29648 2.43758 2.44262 2.69214 2.74508 2.76039 2.75629 2.59089 2.67028 2.68469 2.38806 0.624931 -0.233639 -1.18081 -4.38349 -9999 -9999 -9999 -9999
-9999 -9999 -9999 4.97333 5.51981 6.11795 6.22125 6.66672 6.62825 6.51566 7.13309 7.36328 7.06979 6.8595 7.26099 7.23721 7.18755 7.10317 6.01424 4.75344 2.84369 1.65764 0.937027 0.423315 -0.264518 0.211664 0.0693282 -0.122093 0.104417 -0.446936 -1.54667 -2.6387 -4.68433 -5.7899 -9999 -5.2248 -4.20163 -2.30577 -0.694224 0.329797 -0.0345388 1.16401 1.38839 2.08333 1.68078 0.772217 0.379704 0.346578 0.228832 1.03593 1.5803 1.96374 2.22083 2.54196 2.6246 2.70775 2.74373 2.7644 2.78547 2.78385 2.78009 2.747 2.63715 1.82785 0.970252 -0.884681 -4.27839 -9999 -9999 -9999 -9999
-9999 -9999 3.3925 4.91147 5.82355 6.1815 6.44224 6.67316 6.84259 7.02353 7.18832 7.30434 7.26387 6.47652 6.54566 6.69173 7.14449 7.11464 7.01778 6.32897 4.00465 3.20526 2.0315 0.512321 -0.121623 0.198435 1.44788 1.39516 0.572707 -0.344032 -1.61089 -2.4175 -3.6712 -6.08052 -5.86023 -4.76996 -3.95794 -2.66849 -0.699314 0.681847 1.29957 1.53442 2.02329 2.27771 1.72153 1.19351 0.972912 0.562896 0.50647 0.511261 0.999572 1.38034 2.22774 2.51362 2.64608 2.71429 2.75204 2.78025 2.80821 2.81963 2.80605 2.80959 2.80561 2.74801 1.60632 -1.25759 -3.41347 -9999 -9999 -9999 -9999
-9999 -9999 -9999 4.63223 5.03772 5.14975 5.34018 5.72168 6.16027 6.78149 6.8674 7.21014 7.21449 6.53695 5.75261 6.44333 6.71907 7.00412 7.0142 6.92657 4.9744 3.95344 3.15004 1.69334 2.22104 2.7231 2.7637 2.46512 0.698052 -1.0616 -3.08946 -4.98525 -5.07272 -6.09177 -5.54715 -4.82585 -2.97911 -1.67867 -1.14968 -0.769089 1.23232 1.756 1.93479 2.44836 1.75232 1.5761 1.05329 1.21079 1.16657 1.17131 -0.279556 1.17917 1.26733 2.21886 2.64848 2.7478 2.77639 2.80687 2.81393 2.8221 2.82047 2.83282 2.82078 2.80509 2.06328 -1.5651 -3.38749 -9999 -9999 -9999 -9999
-9999 -9999 -9999 -9999 -9999 4.77465 5.08667 5.28988 5.63533 6.67896 6.96457 7.15634 7.17843 6.87945 6.10308 5.90107 6.04697 5.28716 5.92587 6.80008 6.77965 6.67519 4.95857 4.08113 4.93405 4.67765 3.38874 2.37524 1.37528 -0.685435 -2.19149 -4.36464 -5.99566 -6.0539 -4.24689 -2.74548 -0.87678 -0.0506298 -0.516354 -0.00613966 0.988852 2.11875 2.66604 2.53928 1.80533 1.70273 0.89557 1.69194 1.76166 1.39379 1.07617 1.2049 1.67661 1.85796 2.603 2.78525 2.81994 2.82813 2.83381 2.83334 2.83185 2.82406 2.81833 2.80983 2.77806 -0.951783 -3.85465 -9999 -9999 -9999 -9999
-9999 -9999 -9999 -9999 -9999 4.05874 4.25225 4.74706 6.00407 6.66868 6.94028 6.9384 7.06685 6.85763 6.17512 5.47348 4.8111 3.95555 4.44803 5.74748 6.51401 6.60232 5.09771 5.88287 5.59137 5.01523 3.32874 2.08685 1.43011 -0.548113 -2.23976 -3.68441 -5.68032 -4.82179 -3.87664 -2.66368 -0.625096 0.751211 1.31807 0.84718 1.48425 2.78405 2.79325 2.08533 2.13318 1.70117 0.597493 1.74968 2.07513 1.81591 1.88548 1.78968 1.96662 2.28737 2.59443 2.79951 2.82941 2.83521 2.83118 2.8335 2.83626 2.82408 2.82719 2.81856 2.80124 0.394204 -3.91021 -9999 -9999 -9999 -9999
-9999 -9999 -9999 -9999 -9999 -9999 3.41599 4.53383 6.19954 6.62163 6.59164 6.94075 6.97653 6.65234 6.37073 5.51817 4.35119 2.10631 2.68071 3.87703 5.60123 6.50803 6.38735 5.88505 5.01201 2.89704 1.04673 0.824622 0.52449 -0.91828 -2.21985 -3.82635 -2.89021 -1.86505 -0.743858 -0.153268 -0.302673 0.877081 1.83926 1.43444 2.21536 3.12577 2.71577 2.47393 2.27116 1.77178 1.74318 1.79703 2.45218 2.00198 2.28182 2.29042 2.27706 2.43435 2.61518 2.80513 2.83841 2.84138 2.84705 2.82773 2.83767 2.82902 2.82036 2.81244 2.7977 2.58125 0.262607 -1.12183 -9999 -9999 -9999
-9999 -9999 -9999 -9999 -9999 -9999 2.39338 2.95508 4.92603 5.54266 6.41707 6.88422 6.91154 6.36033 6.05465 4.78266 4.37171 2.29541 1.3564 2.15687 1.85273 4.22646 6.32725 5.8719 1.63665 0.10426 -0.987763 -0.703629 -0.697729 -1.09681 -3.31629 -3.92619 -1.93056 -0.672713 0.302596 1.04316 1.1998 1.17737 2.68081 2.88277 3.37259 3.2686 3.31562 2.55967 2.09244 2.50216 2.03137 1.95239 2.62919 1.96643 2.56979 2.50055 2.32251 2.31565 2.71437 2.79723 2.84213 2.84699 2.8341 2.81647 2.80746 2.82238 2.81833 2.79815 2.80092 2.78092 2.50494 1.30638 0.888494 1.35489 -9999
-9999 -9999 -9999 -9999 -9999 -9999 -9999 1.12523 3.86077 5.11719 5.77895 6.70729 6.82435 6.53449 6.00199 4.70581 3.56583 1.7101 -0.409979 -1.53182 1.83447 4.76455 6.2948 6.09564 2.57066 1.18109 1.11929 1.94219 1.25367 0.732489 -0.952799 -1.45464 -2.15347 -1.71719 -0.358403 0.750517 1.82098 2.59986 2.66578 3.17162 3.46334 3.489 3.58138 3.49397 3.42291 2.69194 3.19872 2.77198 3.00141 2.85709 2.72718 2.6153 2.19954 2.49777 2.76226 2.83244 2.85468 2.8416 2.84041 2.83154 2.80892 2.80031 2.80045 2.79968 2.78787 2.78919 2.77604 2.64299 1.92254 0.957618 -0.261736
-9999 -9999 -9999 -9999 -9999 -9999 -9999 -0.237156 2.48468 3.80268 5.49289 6.36807 6.7241 6.68228 6.25148 5.26744 3.78407 2.54844 0.1816 -2.27631 1.25683 4.40539 6.1051 6.19737 3.23525 4.05965 3.39835 3.66942 2.45683 1.95525 1.56148 0.69189 -0.259322 -1.29911 -1.84972 0.637722 1.91634 2.94564 3.43215 3.70792 3.84636 3.77469 3.59068 2.48904 3.3317 3.28685 3.20471 3.11043 3.06589 2.9809 2.88057 2.82186 2.80289 2.52781 2.84462 2.83843 2.84542 2.84947 2.84358 2.82998 2.81807 2.80266 2.80447 2.79634 2.78702 2.78101 2.77704 2.76954 2.73136 2.54119 0.903179
-9999 -9999 -9999 -9999 -9999 -9999 -9999 -4.05096 -0.095095 3.09241 4.75554 6.10887 6.48435 6.62716 6.04775 5.61494 4.55252 3.54628 1.99215 -0.337131 -1.77053 0.875433 4.72095 6.1411 6.03256 5.9466 5.18159 4.49268 4.4086 4.46408 3.66425 2.49618 0.965579 0.488137 -0.0462893 1.80709 2.06086 1.92821 3.96502 3.97164 3.85771 3.08075 2.2108 2.37743 1.84142 2.25453 1.61295 2.20593 2.71891 2.91184 2.89821 2.8322 2.82533 2.79731 2.85198 2.85377 2.84759 2.8433 2.8419 2.83624 2.81426 2.80225 2.812 2.79729 2.78631 2.77765 2.77603 2.77302 2.74514 2.72008 2.46972
-9999 -9999 -9999 -9999 -9999 -9999 -9999 -3.87728 -0.545276 2.2776 3.97163 5.60111 5.98262 6.535 6.42046 5.96693 5.04384 3.88953 2.611 0.613134 -0.871238 0.899305 3.45325 5.28289 5.93993 5.93681 5.89568 5.72502 5.65942 5.46034 5.32168 4.48283 3.03446 2.21888 1.02388 3.08889 3.32283 3.00257 4.03387 3.98404 2.42918 1.23386 1.08601 1.81732 1.12408 1.00156 0.573135 1.06335 2.37451 1.99321 2.07083 2.66621 2.76639 2.82806 2.84755 2.84602 2.84572 2.83804 2.84176 2.84519 2.82362 2.81429 2.81021 2.78872 2.78583 2.77123 2.7596 2.75268 2.73841 2.71575 2.64585
-9999 -9999 -9999 -9999 -9999 -9999 -9999 -3.80699 -1.5655 0.975075 3.46697 5.20651 5.91067 6.42419 6.42239 5.8946 5.43726 4.7147 3.59026 2.81964 1.47992 -0.359618 2.73069 3.68005 4.52724 4.8888 5.77244 5.75365 5.3528 4.88932 5.32681 5.19822 4.05448 3.68019 3.0463 4.19583 4.20088 4.17119 4.11161 2.79841 0.972226 -0.487282 0.565318 0.346898 0.83064 -0.664814 0.566147 1.55764 1.88046 1.21286 0.715667 2.26107 2.5152 2.66979 2.7698 2.83639 2.82344 2.8416 2.83475 2.83223 2.82902 2.81731 2.81063 2.7984 2.78579 2.77381 2.764 2.74774 2.72388 2.72412 2.69071
-9999 -9999 -9999 -9999 -9999 -9999 -9999 -9999 -2.88099 0.335818 3.2098 4.81163 5.82029 6.31342 6.30795 6.03955 5.72987 5.28285 4.4724 3.45357 1.84211 0.64648 1.40959 2.34002 2.44646 3.06619 4.85861 5.47268 4.60874 2.47107 3.73443 5.14731 5.12688 5.00902 4.87686 4.70646 4.5534 4.2157 3.30755 0.521374 -0.0253676 -1.11756 -0.991948 -1.55173 -0.325503 -0.784001 0.476123 1.02309 1.23062 0.0684391 0.316 1.68159 2.22541 2.13817 2.47314 2.7953 2.80829 2.81985 2.81396 2.82292 2.82736 2.8238 2.80848 2.79922 2.79268 2.76785 2.77044 2.66815 2.60242 2.46779 2.639
-9999 -9999 -9999 -9999 -9999 -9999 -9999 -9999 -3.52336 -0.311346 3.07225 4.16139 5.24833 6.18672 6.20831 5.79645 5.40472 5.00099 4.54083 3.30456 2.10576 0.961355 0.578912 0.81255 0.796176 1.79718 4.13152 4.58555 4.39554 2.15886 1.40365 3.29021 4.87614 5.00316 4.8619 3.00058 3.39972 2.39649 1.03499 0.661586 0.0665183 -1.19302 -0.584511 -1.50686 -1.10948 -1.21611 -0.500101 -0.150171 0.701447 -0.311185 -0.305257 1.03517 1.71497 1.73458 2.44817 2.7044 2.77356 2.79293 2.80741 2.81278 2.8261 2.82153 2.81292 2.80083 2.76861 2.68945 2.44175 1.09397 1.0976 1.46987 1.82255
-9999 -9999 -9999 -9999 -9999 -9999 -9999 -9999 -3.15412 -0.924022 2.07858 4.3036 4.44694 5.5303 6.09103 5.64287 5.13772 4.62069 4.39619 3.05052 1.57203 0.377944 -1.03597 -0.8001 0.219471 1.88434 3.39303 3.66482 3.35595 2.15753 2.7263 4.0135 4.69806 4.90151 4.74533 4.34164 4.10925 3.37097 3.05206 2.0257 0.419752 -0.211858 0.190708 -1.51459 -1.3939 -0.76137 -1.43254 -0.325675 0.204969 -1.10325 -0.065735 1.1239 1.73339 2.2667 2.5206 2.62346 2.77971 2.7864 2.80183 2.81123 2.8112 2.81319 2.79022 2.77142 2.62997 2.42048 1.16511 0.641831 0.746613 1.32998 1.84129
-9999 -9999 -9999 -9999 -9999 -9999 -9999 -9999 -2.77643 -0.768337 1.83549 3.42286 3.70982 4.91074 5.97883 5.86301 5.3373 5.17916 4.63397 3.49311 2.23262 0.85459 0.185947 -1.35461 0.167065 1.37021 2.64813 3.24724 2.26282 1.76995 2.64836 3.52169 3.87181 4.75388 4.74769 4.46307 3.22883 2.628 2.88478 2.62763 2.17581 1.07085 1.02313 0.313775 0.0208012 -0.255849 -1.16038 -0.582505 -0.52314 -0.369112 0.880407 1.50055 1.91262 2.28775 2.38816 2.5528 2.76565 2.78672 2.79672 2.7981 2.80421 2.79079 2.7329 2.68432 2.39809 1.89 0.940402 -0.600873 0.488143 1.62697 1.96473
-9999 -9999 -9999 -9999 -9999 -9999 -9999 -9999 -3.11935 -0.986608 1.23918 2.17187 2.33313 4.50371 5.83393 5.8393 5.59162 5.30173 3.95091 4.03305 3.76493 2.52205 0.710426 -1.27953 -1.09027 0.0983494 1.78453 2.3442 0.71554 0.141713 0.567275 1.88661 3.06785 4.30116 4.61597 4.25681 2.33432 0.291115 1.24165 2.25708 2.25326 1.9576 0.932934 0.60861 0.315119 -0.432185 -1.69941 -1.51381 -1.15953 0.254669 0.705046 1.39991 1.97749 1.76293 1.89225 2.4451 2.76337 2.77773 2.78573 2.79841 2.79332 2.77652 2.65939 2.53517 2.32534 0.997883 0.173138 -1.02835 0.372094 1.14908 1.55762
-9999 -9999 -9999 -9999 -9999 -9999 -9999 -9999 -3.77968 -2.23104 -0.103569 0.755931 2.12464 4.17595 5.18641 5.67231 5.6646 5.47229 4.86889 4.5071 3.79152 2.49839 0.729243 -1.23767 -2.51739 -1.86348 0.403884 0.938925 -0.560103 -1.3225 -0.368857 1.03688 3.11749 4.3071 4.46944 4.36401 3.96912 2.47787 0.675707 0.683722 1.59039 0.835065 -0.0431845 0.442414 0.354414 -0.383439 -0.91974 -1.24921 -1.0467 -0.238246 0.0977409 0.900003 2.08323 2.25463 2.22341 2.72301 2.75026 2.76422 2.78528 2.78692 2.78451 2.77166 2.67658 2.46103 1.57818 0.808509 -0.263004 -0.393843 0.852218 1.39561 1.90164
-9999 -9999 -9999 -9999 -9999 -9999 -9999 -9999 -4.91546 -3.09426 -1.1012 0.765094 2.53085 4.05089 4.17123 4.9742 4.97605 5.39793 5.28048 4.72114 4.11877 3.00485 0.731407 -1.18 -3.26482 -2.71263 -0.399902 -0.0981409 -1.10343 -2.96203 -1.03952 1.0805 3.00211 4.0432 3.23029 4.06719 4.00049 3.4429 2.37082 0.702816 0.736232 -0.513403 -0.566132 0.0782243 0.288439 0.182947 -0.219261 -0.863049 -0.756965 -0.266278 -0.1396 0.597701 1.51592 2.41374 2.56641 2.73948 2.74908 2.75414 2.77036 2.77438 2.75791 2.71422 2.61476 1.87508 0.994976 0.45354 -0.292397 -0.381212 1.05719 1.62737 1.9448
-9999 -9999 -9999 -9999 -9999 -9999 -9999 -9999 -9999 -3.28171 -1.2229 0.301368 0.714225 2.06564 2.79669 3.36295 3.49058 5.10074 5.19185 4.83804 4.2848 3.33495 1.61021 0.409033 -1.5908 -3.02777 -2.43964 -2.16089 -1.63074 -1.78522 -0.927079 1.11005 3.23239 3.46538 2.11984 2.3211 2.60477 3.23834 2.91967 0.646203 -0.508002 -1.46581 -0.782502 -0.0638321 0.111244 0.147475 0.010579 -0.152235 -0.429516 0.531152 1.24244 1.40867 2.02921 2.4879 2.61603 2.71314 2.72701 2.74116 2.74359 2.71926 2.70223 2.58983 2.33514 1.50758 -0.48568 -0.390486 -0.604353 -1.22315 0.178286 1.06087 1.85524
-9999 -9999 -9999 -9999 -9999 -9999 -9999 -9999 -9999 -3.96698 -1.5855 -1.07978 -1.1138 -1.89794 -1.5325 1.38905 1.97945 3.52365 4.98581 4.88086 4.33799 3.44927 2.42271 0.832234 -1.41732 -3.2045 -3.95795 -2.03307 -0.143128 0.248447 0.853286 2.10198 2.34043 0.965046 -0.324573 0.40199 0.840334 2.50581 2.8112 2.48955 1.12037 -0.445394 -1.262 -0.294658 -0.164148 -0.10486 -0.0921417 -0.125383 -0.165276 0.915476 1.51525 1.93179 2.15934 2.55327 2.65544 2.6895 2.72178 2.71684 2.69884 2.63917 2.57103 2.26315 1.88992 0.533094 -0.597807 -1.30229 -2.19717 -0.173997 0.42369 1.25401 1.79072
