Test_Spring_2018b/12_17/Temp/20171211_009.txt
ncols	170
nrows	115
xllcorner	350000.000000
yllcorner	4445000.000000
cellsize	1000.000000
nodata_value	-9999.000000
[rows 32 to 63 of 115, columns 72 to 143 of 170]
10.0764 9.69277 10.269 10.799 10.4538 10.2254 11.0963 11.0893 10.7815 10.0679 9.80202 9.52673 9.35569 8.4425 5.8915 3.59114 4.814 4.83664 3.97992 5.49723 4.68486 2.57698 -0.395856 1.20796 0.780431 -1.33094 -1.85639 -9999 -9999 -9999 -9999 -9999 -9999 -9999 -9999 -9999 -9999 -9999 -9999 -9999 -9999 -9999 -9999 -9999 -9999 -9999 -9999 -9999 -9999 -9999 -9999 -9999 -9999 -9999 -9999 -9999 -9999 -9999 -9999 -9999 -9999 -9999 -9999 -9999 -9999 -9999 -9999 -9999 -9999 -9999 -9999 -9999
9.56695 9.39854 10.2584 10.2336 10.1644 10.4629 10.9997 11.1021 10.978 10.663 10.3896 10.0993 9.37255 8.32877 6.14465 3.52714 2.92856 4.20011 4.25481 4.45342 3.71259 2.78362 1.33418 2.50742 2.9582 1.57061 -0.248398 -1.42388 -9999 -9999 -9999 -9999 -9999 -9999 -9999 -9999 -9999 -9999 -9999 -9999 -9999 -9999 -9999 -9999 -9999 -9999 -9999 -9999 -9999 -9999 -9999 -9999 -9999 -9999 -9999 -9999 -9999 -9999 -9999 -9999 -9999 -9999 -9999 -9999 -9999 -9999 -9999 -9999 -9999 -9999 -9999 -9999
8.96022 8.1137 8.62938 9.01488 9.72137 9.89674 9.99867 11.0252 10.9638 10.9094 10.4618 10.1026 9.51177 8.50698 7.07905 5.36103 2.37417 4.20567 5.63829 5.59478 5.50911 4.8563 3.46369 4.61528 4.66207 2.89164 0.866926 -0.321945 -0.817595 -9999 -9999 -9999 -9999 -9999 -9999 -9999 -9999 -9999 -9999 -9999 -9999 -9999 -9999 -9999 -9999 -9999 -9999 -9999 -9999 -9999 -9999 -9999 -9999 -9999 -9999 -9999 -9999 -9999 -9999 -9999 -9999 -9999 -9999 -9999 -9999 -9999 -9999 -9999 -9999 -9999 -9999 -9999
8.27123 7.23864 7.75753 8.45198 9.42943 9.92324 10.3033 10.6055 10.914 10.8703 10.4123 9.07219 8.87551 8.81165 7.87562 5.9179 3.9627 3.45151 5.64049 6.26228 6.12749 6.61078 5.4301 5.97736 5.74248 5.11023 3.16793 1.39497 0.659432 -0.78748 -9999 -9999 -9999 -9999 -9999 -9999 -9999 -9999 -9999 -9999 -9999 -9999 -9999 -9999 -9999 -9999 -9999 -9999 -9999 -9999 -9999 -9999 -9999 -9999 -9999 -9999 -9999 -9999 -9999 -9999 -9999 -9999 -9999 -9999 -9999 -9999 -9999 -9999 -9999 -9999 -9999 -9999
-9999 -9999 6.5821 7.52483 8.30453 9.25775 10.082 10.4936 10.8933 10.8541 9.94505 9.49726 9.4525 8.83709 7.75751 7.07768 5.84444 4.55973 5.04178 6.90747 6.06801 7.38752 7.26817 7.50461 6.61048 4.91814 2.66985 1.34952 0.690869 -0.482762 -9999 -9999 -9999 -9999 -9999 -9999 -9999 -9999 -9999 -9999 -9999 -9999 -9999 -9999 -9999 -9999 -9999 -9999 -9999 -9999 -9999 -9999 -9999 -9999 -9999 -9999 -9999 -9999 -9999 -9999 -9999 -9999 -9999 -9999 -9999 -9999 -9999 -9999 -9999 -9999 -9999 -9999
-9999 -9999 -9999 7.34534 7.93698 9.22328 9.87436 10.1391 10.7878 10.7828 10.4345 10.1701 9.7893 9.29392 8.48113 7.58502 6.42489 6.312 7.50339 7.51179 7.25499 7.44479 8.05302 7.88352 6.5038 4.12404 2.86512 0.312568 -0.783401 -0.678082 -1.45638 -9999 -9999 -9999 -9999 -9999 -9999 -9999 -9999 -9999 -9999 -9999 -9999 1.44724 -9999 -9999 -9999 -9999 -9999 -9999 -9999 -9999 -9999 -9999 -9999 -9999 -9999 -9999 -9999 -9999 -9999 -9999 -9999 -9999 -3.23681 -9999 -9999 -9999 -9999 -9999 -9999 -9999
-9999 -9999 7.23611 8.02696 8.64882 9.45251 9.51791 9.9904 10.7373 10.7418 10.4929 10.2126 9.59042 9.4318 8.96666 7.99437 7.7908 8.17661 8.35098 8.54925 8.66872 8.55981 8.3036 7.97427 7.07729 5.97147 5.22693 2.89822 1.71278 0.582088 -1.12576 -2.46284 -9999 -9999 -9999 -9999 -9999 -9999 -9999 0.567493 0.501134 0.528438 0.898996 1.92694 1.319 -9999 -9999 -9999 -9999 -9999 -9999 -9999 -9999 -9999 -9999 -9999 -9999 -9999 -9999 -9999 -9999 -9999 -9999 -9999 -2.31101 -3.65244 -9999 -9999 -9999 -9999 -9999 -9999
-9999 -9999 7.44094 8.28369 8.70112 9.48141 9.9249 10.2042 10.4588 10.7019 10.6536 10.3441 9.87671 9.87385 9.23232 8.88383 8.63336 9.15746 9.2563 9.03762 8.76464 8.52225 7.84852 7.76419 7.53518 6.83063 5.67872 4.49201 2.78059 0.463965 -1.80778 -3.64104 -9999 -9999 -9999 -9999 -9999 -9999 0.759628 1.61237 2.12216 1.02896 1.95784 2.80678 2.66843 1.8424 -9999 -9999 -9999 -9999 -9999 -9999 -9999 -9999 -9999 -9999 -9999 -9999 -9999 -9999 4.04459 2.66857 -0.108681 -1.53282 -2.38759 -3.60725 -9999 -9999 -9999 -9999 -9999 -9999
-9999 -9999 7.26787 8.26435 8.93713 9.53347 9.62303 10.2326 10.4893 10.6169 10.5947 10.5284 10.4375 9.87688 9.63262 8.78837 9.58539 9.54943 9.34062 8.53065 8.1759 6.7889 6.17457 6.02743 7.18115 6.31582 4.51701 2.27022 -0.431243 -0.610792 -1.50722 -3.14643 -9999 -9999 -9999 -9999 -9999 -9999 1.02099 1.93337 2.69464 2.80321 1.71688 3.22743 3.16863 2.32028 2.12633 2.81841 3.16825 2.90389 3.73614 3.97635 3.59979 4.00701 -9999 -9999 -9999 -9999 4.23513 4.2879 4.32736 3.75277 0.718918 -1.35336 -3.21411 -3.38143 -9999 -9999 -9999 -9999 -9999 -9999
-9999 -9999 7.95793 8.56876 8.87419 8.91781 9.45212 9.98367 10.3043 10.5407 10.4855 10.4597 10.4329 10.2375 9.79116 9.86524 9.82428 9.56159 8.02551 6.23328 7.00599 5.93808 3.65707 5.49524 6.50136 5.52168 3.3433 0.818613 -0.0158392 0.0138299 -1.23065 -2.8276 -9999 -9999 -9999 -1.47292 -0.165944 -0.0554245 0.327862 1.54604 2.47229 3.1678 3.64218 3.62275 3.12202 2.29226 1.39051 1.70946 3.32647 3.71916 4.05442 4.30334 3.95339 4.13273 4.56218 4.78235 4.8242 4.71892 4.69239 4.7248 4.67054 4.13415 1.41972 -0.133833 -1.1251 -3.10974 -9999 -9999 -9999 -9999 -9999 -9999
-9999 -9999 7.56668 8.09691 8.52488 9.23722 9.30646 9.75639 10.0187 10.4109 10.4501 9.97227 10.3565 10.3007 10.2226 10.0628 9.83101 8.53378 6.74758 4.95672 4.12659 4.46855 3.09597 3.79059 4.81016 4.42649 3.08923 0.839131 0.515714 -0.0156028 -2.10294 -4.11385 -9999 -9999 -4.01586 -1.50498 0.26215 1.17219 1.45205 1.47642 2.6443 2.73388 3.9918 3.69301 2.02856 2.21432 1.5623 1.98066 2.57467 2.73543 3.58669 4.40978 4.56186 4.56209 4.83406 4.88696 4.89779 4.88697 4.69672 4.77913 4.7896 4.45435 2.48755 1.52805 0.475862 -3.08732 -9999 -9999 -9999 -9999 -9999 -9999
-9999 -9999 7.83622 8.42957 9.07986 9.17903 9.65878 9.5999 9.45245 10.1248 10.3634 10.0243 9.7789 10.2154 10.1797 10.116 10.0144 8.79523 7.38493 5.25226 3.92467 3.10744 2.52646 1.75422 2.27429 2.10551 1.88171 2.12276 1.49733 0.257018 -0.968858 -3.25551 -4.49571 -9999 -3.88485 -2.75431 -0.651889 1.13472 2.26803 1.85671 3.18525 3.43 4.19418 3.7416 2.73175 2.29745 2.25729 2.12283 3.01742 3.61706 4.03991 4.32172 4.67622 4.76268 4.84929 4.88305 4.89959 4.91652 4.90832 4.89802 4.85551 4.72813 3.82295 2.86904 0.801901 -2.97366 -9999 -9999 -9999 -9999 -9999 -9999
-9999 6.09276 7.76375 8.76344 9.14581 9.41958 9.65994 9.83185 10.0113 10.1789 10.2937 10.2332 9.34556 9.4123 9.5658 10.0616 10.021 9.90637 9.13305 6.53935 5.63684 4.32381 2.62422 1.90976 2.25605 3.63614 3.56655 2.63994 1.60818 0.182127 -0.727208 -2.13296 -4.82416 -4.5885 -3.38401 -2.48852 -1.06099 1.12373 2.65468 3.33658 3.59287 4.12862 4.40712 3.7895 3.20333 2.95496 2.49569 2.42973 2.43163 2.97128 3.39101 4.32786 4.64113 4.78444 4.85419 4.88969 4.91434 4.93868 4.94476 4.92338 4.92155 4.912 4.84678 3.573 0.387637 -2.01003 -9999 -9999 -9999 -9999 -9999 -9999
-9999 -9999 7.44947 7.88486 7.99302 8.18801 8.59541 9.06638 9.73562 9.81581 10.1828 10.1737 9.40644 8.52341 9.28326 9.58231 9.89253 9.8972 9.79327 7.61124 6.46744 5.56522 3.93525 4.51365 5.06247 5.0971 4.75374 2.77563 0.805502 -1.46752 -3.58848 -3.69663 -4.84173 -4.24508 -3.45137 -1.40439 0.0353631 0.617325 1.03487 3.25694 3.83232 4.03042 4.59844 3.82057 3.62609 3.04174 3.21438 3.16225 3.16426 1.54583 3.1653 3.25868 4.31235 4.78375 4.88893 4.91395 4.94088 4.94172 4.944 4.93578 4.9437 4.92741 4.90934 4.08148 0.0417581 -1.98446 -9999 -9999 -9999 -9999 -9999 -9999
-9999 -9999 -9999 -9999 7.57126 7.90117 8.10978 8.47671 9.61597 9.9182 10.117 10.1282 9.78343 8.90811 8.67457 8.82931 7.97687 8.6818 9.64652 9.61682 9.49317 7.57469 6.58987 7.52985 7.23453 5.78944 4.6503 3.52578 1.22038 -0.471937 -2.90181 -4.72805 -4.80345 -2.80237 -1.14079 0.930555 1.84245 1.31742 1.87935 2.98185 4.23509 4.84052 4.69624 3.87652 3.76413 2.86363 3.74755 3.82241 3.40985 3.05271 3.19197 3.71213 3.90847 4.73156 4.92778 4.95947 4.96135 4.96047 4.95298 4.94482 4.93308 4.92286 4.91054 4.8732 0.720898 -2.50756 -9999 -9999 -9999 -9999 -9999 -9999
-9999 -9999 -9999 -9999 6.77037 6.96818 7.50113 8.88241 9.59982 9.88641 9.86966 9.99923 9.75442 8.9844 8.19446 7.44976 6.49058 7.03205 8.47164 9.31787 9.40885 7.7264 8.59199 8.25832 7.60714 5.71955 4.32618 3.58355 1.36983 -0.529063 -2.1483 -4.38082 -3.43607 -2.39433 -1.05377 1.20651 2.73069 3.35524 2.82517 3.52938 4.97194 4.97878 4.18798 4.23864 3.75979 2.5295 3.80959 4.16919 3.8776 3.95137 3.8407 4.03267 4.38399 4.71944 4.94087 4.96696 4.96606 4.95423 4.94976 4.94749 4.92916 4.92892 4.91665 4.89564 2.21581 -2.57228 -9999 -9999 -9999 -9999 -9999 -9999
-9999 -9999 -9999 -9999 -9999 6.03349 7.25985 9.09604 9.54363 9.49466 9.86865 9.8952 9.52253 9.19878 8.24106 6.93471 4.42939 5.06203 6.38685 8.29894 9.30086 9.15866 8.59141 7.61056 5.2468 3.17691 2.91849 2.57274 0.954925 -0.509853 -2.30928 -1.27867 -0.148569 1.08903 1.73687 1.56204 2.86745 3.93169 3.47554 4.33998 5.34934 4.88983 4.61795 4.38986 3.83613 3.80246 3.86024 4.58681 4.08265 4.39036 4.39581 4.37584 4.54508 4.73988 4.94431 4.97402 4.96986 4.96878 4.94049 4.94577 4.93145 4.91824 4.90692 4.88895 4.64725 2.06931 0.528892 -9999 -9999 -9999 -9999 -9999
-9999 -9999 -9999 -9999 -9999 4.89171 5.49936 7.67553 8.3398 9.29763 9.80322 9.82055 9.19538 8.84512 7.42012 6.95523 4.63767 3.58547 4.46965 4.12425 6.75873 9.08886 8.5739 3.85116 2.13583 0.909937 1.21503 1.20995 0.753782 -1.73255 -2.42278 -0.212996 1.17608 2.25132 3.06606 3.23189 3.19933 4.86602 5.08518 5.62572 5.50621 5.55542 4.71145 4.1891 4.64719 4.12139 4.03131 4.7819 4.04108 4.70875 4.62744 4.42405 4.41046 4.84762 4.93277 4.97536 4.9737 4.95181 4.92546 4.90973 4.92174 4.91375 4.88886 4.89044 4.86742 4.56284 3.22927 2.7646 3.28398 -9999 -9999 -9999
-9999 -9999 -9999 -9999 -9999 -9999 3.45987 6.48743 7.86399 8.58554 9.60475 9.72221 9.38653 8.78426 7.33312 6.05674 3.98452 1.61857 0.361874 4.1013 7.35487 9.04998 8.82015 4.88794 3.33165 3.25247 4.15732 3.37958 2.78771 0.89596 0.326133 -0.462721 0.0121056 1.51276 2.73917 3.92198 4.78125 4.8481 5.40558 5.72549 5.75028 5.84996 5.75001 5.66852 4.85708 5.41913 4.94187 5.19443 5.03045 4.88187 4.75299 4.28488 4.61072 4.89842 4.96941 4.98847 4.9659 4.95714 4.94063 4.90981 4.89577 4.8925 4.88923 4.87454 4.87518 4.863 4.71508 3.91346 2.83964 1.48238 -9999 -9999
-9999 -9999 -9999 -9999 -9999 -9999 1.94098 4.95387 6.39924 8.26588 9.22182 9.6074 9.55022 9.06116 7.95734 6.29863 4.91632 2.27548 -0.466509 3.45813 6.95258 8.83622 8.93033 5.62502 6.53286 5.78664 6.07756 4.71682 4.14704 3.69275 2.71388 1.64435 0.474136 -0.145712 2.61335 4.02791 5.16594 5.70088 6.0023 6.15181 6.06768 5.85982 4.63097 5.56624 5.51833 5.42472 5.31726 5.26468 5.16653 5.05068 4.98086 4.95423 4.64193 4.98988 4.97734 4.97699 4.97366 4.95984 4.93823 4.91944 4.89777 4.89562 4.88495 4.87291 4.86519 4.86302 4.8545 4.81186 4.59992 2.77634 1.68595 1.38349
-9999 -9999 -9999 -9999 -9999 -9999 -2.30599 2.08099 5.60079 7.43856 8.93359 9.34006 9.4885 8.83407 8.34365 7.15326 6.02599 4.28935 1.69021 0.0880845 3.02449 7.2967 8.86521 8.73583 8.63064 7.76921 6.99201 6.88753 6.93807 6.03198 4.71722 3.00374 2.46633 1.86181 3.91539 4.18948 4.03439 6.29475 6.29657 6.16509 5.29645 4.32425 4.5068 3.90738 4.36902 3.65249 4.30962 4.87726 5.08818 5.06863 4.99059 4.98085 4.9429 4.99965 4.99373 4.97895 4.96658 4.95798 4.94538 4.9155 4.89766 4.90494 4.88511 4.87097 4.86106 4.86121 4.85727 4.82564 4.797 4.51733 4.09619 3.29526
-9999 -9999 -9999 -9999 -9999 -9999 -2.12194 1.56421 4.69242 6.56631 8.36788 8.78133 9.38575 9.24871 8.73515 7.69966 6.40734 4.97713 2.74651 1.08737 3.05056 5.88366 7.91173 8.63464 8.61766 8.56209 8.36196 8.27355 8.0414 7.8713 6.92774 5.31087 4.39333 3.05393 5.34326 5.59546 5.23166 6.37295 6.31188 4.57659 3.24213 3.07397 3.88405 3.10958 2.97524 2.49491 3.03734 4.49302 4.06925 4.15084 4.80863 4.91399 4.98014 4.99438 4.98503 4.9771 4.96123 4.95857 4.95626 4.92693 4.91207 4.90386 4.87704 4.87088 4.85302 4.84192 4.83383 4.81683 4.79035 4.71102 4.62451 4.71957
-9999 -9999 -9999 -9999 -9999 -9999 -2.04892 0.426642 3.24119 6.00362 7.92806 8.70087 9.26219 9.25068 8.65442 8.1371 7.32507 6.06607 5.20102 3.7026 1.64777 5.07928 6.1258 7.06036 7.4489 8.42275 8.3919 7.93553 7.39936 7.87653 7.72958 6.44698 6.02093 5.30634 6.57707 6.5747 6.53441 6.46163 4.99441 2.95698 1.32826 2.49582 2.24915 2.78375 1.12119 2.49299 3.59335 3.94898 3.2 2.64172 4.35689 4.63875 4.80396 4.90807 4.97482 4.95312 4.96631 4.95211 4.94335 4.93452 4.91698 4.90575 4.889 4.87236 4.8564 4.84691 4.8274 4.80357 4.80242 4.763 4.74628 4.73437
-9999 -9999 -9999 -9999 -9999 -9999 -9999 -1.04318 2.52601 5.71284 7.48443 8.59647 9.13535 9.11989 8.81229 8.45917 7.95352 7.04361 5.90188 4.10058 2.76196 3.60309 4.62786 4.7381 5.41881 7.40436 8.07817 7.1068 4.71138 6.11441 7.67725 7.64496 7.50445 7.34838 7.14759 6.96946 6.58648 5.5693 2.46267 1.85199 0.632082 0.767976 0.141381 1.50258 0.994122 2.39341 2.99866 3.22569 1.92781 2.19938 3.71962 4.31859 4.21477 4.58053 4.93013 4.9376 4.94372 4.93082 4.93497 4.9347 4.92616 4.90746 4.89403 4.88412 4.85399 4.85815 4.74265 4.66773 4.51591 4.70414 4.72215 4.73352
-9999 -9999 -9999 -9999 -9999 -9999 -9999 -1.75913 1.80382 5.55822 6.75953 7.95891 8.99345 9.00813 8.54083 8.0963 7.63869 7.11848 5.7346 4.39245 3.11075 2.67693 2.92858 2.89975 4.00502 6.59396 7.08999 6.86905 4.37073 3.52115 5.61164 7.36762 7.5001 7.3343 5.2546 5.69118 4.56762 3.04597 2.62464 1.9572 0.550765 1.22374 0.193232 0.631648 0.514549 1.30787 1.69348 2.63708 1.50546 1.50821 3.00095 3.75141 3.76675 4.5542 4.83255 4.90277 4.91781 4.9278 4.92815 4.93789 4.92831 4.91478 4.89787 4.85897 4.76813 4.49008 2.99088 2.99258 3.40437 3.79406 4.50753 4.70417
-9999 -9999 -9999 -9999 -9999 -9999 -9999 -1.35085 1.11975 4.45049 6.91625 7.06567 8.26169 8.87646 8.36877 7.79795 7.21416 6.95612 5.45038 3.79687 2.45985 0.878078 1.13228 2.25851 4.10068 5.771 6.06455 5.71171 4.36965 4.99404 6.41798 7.17126 7.38923 7.20723 6.7501 6.48406 5.65549 5.29419 4.14607 2.3534 1.64553 2.08898 0.186743 0.316845 1.01662 0.271346 1.49909 2.08523 0.624485 1.78242 3.10087 3.77325 4.36056 4.63669 4.74464 4.91208 4.91325 4.92447 4.92937 4.92424 4.92181 4.89206 4.86736 4.70647 4.47014 3.06995 2.48811 2.60187 3.24809 3.81387 4.40887 4.6501
-9999 -9999 -9999 -9999 -9999 -9999 -9999 -0.933398 1.29052 4.17778 5.93415 6.24362 7.57062 8.75013 8.61233 8.01862 7.83421 7.21922 5.94138 4.53046 2.98872 2.23644 0.513695 2.19889 3.52725 4.94101 5.59918 4.49545 3.93881 4.90825 5.87203 6.25355 7.22722 7.21252 6.88822 5.5074 4.83193 5.11135 4.81924 4.31086 3.07594 3.01796 2.22383 1.89322 1.58083 0.57572 1.21447 1.27593 1.44932 2.83686 3.5216 3.97444 4.38593 4.49149 4.66848 4.89917 4.91656 4.92186 4.91787 4.91952 4.89979 4.83093 4.77274 4.45035 3.88124 2.82089 1.10572 2.31438 3.57835 3.95352 4.32454 4.51374
-9999 -9999 -9999 -9999 -9999 -9999 -9999 -1.31818 1.04481 3.51163 4.53962 4.70938 7.1157 8.58704 8.58418 8.29993 7.96889 6.45728 6.54057 6.23412 4.84284 2.81858 0.595811 0.798303 2.11317 3.97899 4.5936 2.77357 2.12724 2.59312 4.05371 5.36064 6.72563 7.06853 6.66157 4.51497 2.23435 3.2859 4.41001 4.4001 4.06567 2.92015 2.55425 2.2228 1.38634 -0.023972 0.179459 0.569005 2.14726 2.64343 3.41144 4.04867 3.80409 3.94208 4.55136 4.89959 4.90967 4.91285 4.92145 4.91054 4.88688 4.75184 4.60915 4.3714 2.88998 1.96815 0.629664 2.18565 3.04652 3.50794 4.32701 4.52064
-9999 -9999 -9999 -9999 -9999 -9999 -9999 -2.05644 -0.343239 2.01441 2.96116 4.47491 6.74862 7.8642 8.39622 8.3791 8.15671 7.47697 7.06624 6.26186 4.81476 2.83789 0.640919 -0.791265 -0.0714945 2.44157 3.03609 1.35404 0.498239 1.55225 3.10942 5.41769 6.73441 6.90796 6.78364 6.33737 4.67115 2.65915 2.66202 3.66529 2.8191 1.83632 2.37159 2.26861 1.44247 0.840675 0.475595 0.703109 1.60058 1.96951 2.85717 4.16862 4.3538 4.31335 4.86359 4.88811 4.89788 4.91566 4.91196 4.90393 4.88448 4.77372 4.52907 3.54193 2.68091 1.48407 1.3342 2.72063 3.32418 3.89098 4.29141 4.42017
-9999 -9999 -9999 -9999 -9999 -9999 -9999 -3.32407 -1.3073 0.900968 2.96839 4.92417 6.60675 6.73179 7.61678 7.61038 8.07163 7.93281 7.30232 6.62403 5.37651 2.83855 0.703555 -1.62444 -1.0176 1.54866 1.87525 0.749534 -1.3259 0.806792 3.1593 5.291 6.44278 5.53123 6.45592 6.37509 5.74807 4.54863 2.68615 2.71744 1.32096 1.25675 1.96852 2.19725 2.07474 1.62208 0.905001 1.02733 1.57141 1.70749 2.523 3.5397 4.53356 4.69798 4.885 4.89004 4.89 4.90242 4.90134 4.87752 4.82356 4.70766 3.87938 2.89497 2.2876 1.45276 1.34933 2.94779 3.58256 3.93934 4.28467 4.41926
-9999 -9999 -9999 -9999 -9999 -9999 -9999 -9999 -1.51951 0.762081 2.44899 2.8992 4.39422 5.19905 5.8207 5.95439 7.73823 7.83164 7.43002 6.80655 5.7418 3.8147 2.47037 0.23722 -1.36947 -0.716012 -0.420684 0.16279 -0.0156853 0.932811 3.19344 5.5489 5.80165 4.29761 4.51509 4.82436 5.52311 5.1622 2.62582 1.33526 0.263439 1.01823 1.81255 2.00205 2.03717 1.87972 1.70409 1.39652 2.46098 3.24782 3.42793 4.11353 4.61888 4.7562 4.85887 4.8688 4.87896 4.87603 4.84331 4.81874 4.68809 4.39916 3.47278 1.24917 1.35001 1.10701 0.413468 1.97139 2.96116 3.8401 4.30571 4.4236
-9999 -9999 -9999 -9999 -9999 -9999 -9999 -9999 -2.286 0.354796 0.908217 0.861182 -0.0204493 0.377578 3.62063 4.26947 5.98003 7.59947 7.47498 6.86324 5.86671 4.71688 2.93952 0.428719 -1.56743 -2.41228 -0.276581 1.81846 2.24808 2.91503 4.29854 4.5577 3.02073 1.57919 2.38152 2.86306 4.71035 5.04396 4.67979 3.14988 1.40131 0.486663 1.55762 1.69742 1.75814 1.76721 1.73216 1.68924 2.89074 3.55364 4.01254 4.26099 4.69449 4.80314 4.83581 4.86634 4.85531 4.82963 4.75748 4.67587 4.32742 3.90629 2.39057 1.1264 0.336948 -0.664256 1.58229 2.24533 3.17383 3.76876 4.23163 4.33045
