Test_Spring_2018b/12_17/Temp/20171205_004.txt
ncols	170
nrows	115
xllcorner	350000.000000
yllcorner	4445000.000000
cellsize	1000.000000
nodata_value	-9999.000000
[rows 31 to 61 of 115, columns 70 to 139 of 170]
5.29475 6.01828 6.29047 5.80356 5.86308 7.07367 7.36085 7.35406 7.27746 7.17443 6.61858 6.4389 6.00242 5.22624 4.90578 3.51745 -0.99024 0.295734 0.803236 -0.498399 0.240061 1.43723 0.409115 -2.65706 -3.97304 -6.09748 -5.40726 -6.02963 -7.73771 -9999 -9999 -9999 -9999 -9999 -9999 -9999 -9999 -9999 -9999 -9999 -9999 -9999 -9999 -9999 -9999 -9999 -9999 -9999 -9999 -9999 -9999 -9999 -9999 -9999 -9999 -9999 -9999 -9999 -9999 -9999 -9999 -9999 -9999 -9999 -9999 -9999 -9999 -9999 -9999 -9999
5.42843 5.7643 5.74322 5.27454 6.02335 6.71387 6.33105 6.07561 7.21582 7.22568 6.8537 5.96663 5.64673 5.31437 5.11373 3.97185 0.753365 -2.14745 -0.581513 -0.537014 -1.60704 0.333112 -0.679782 -3.33459 -7.08543 -5.03353 -5.55652 -8.1939 -8.83746 -9999 -9999 -9999 -9999 -9999 -9999 -9999 -9999 -9999 -9999 -9999 -9999 -9999 -9999 -9999 -9999 -9999 -9999 -9999 -9999 -9999 -9999 -9999 -9999 -9999 -9999 -9999 -9999 -9999 -9999 -9999 -9999 -9999 -9999 -9999 -9999 -9999 -9999 -9999 -9999 -9999
4.524 5.34808 5.10694 4.91099 6.01908 6.00609 5.95938 6.38597 7.10241 7.2507 7.11149 6.72982 6.40036 6.04902 5.14388 3.83653 1.08323 -2.21963 -2.96288 -1.33508 -1.24973 -0.9816 -1.90408 -3.06462 -4.88455 -3.37905 -2.7891 -4.52491 -6.79295 -8.2459 -9999 -9999 -9999 -9999 -9999 -9999 -9999 -9999 -9999 -9999 -9999 -9999 -9999 -9999 -9999 -9999 -9999 -9999 -9999 -9999 -9999 -9999 -9999 -9999 -9999 -9999 -9999 -9999 -9999 -9999 -9999 -9999 -9999 -9999 -9999 -9999 -9999 -9999 -9999 -9999
3.30931 4.71712 4.34707 3.29133 3.96303 4.47007 5.42125 5.69417 5.84222 7.16216 7.10246 7.05115 6.50084 6.06223 5.32945 4.07153 2.27692 0.114385 -3.65679 -1.31922 0.512864 0.473809 0.381673 -0.429087 -2.17734 -0.699688 -0.622353 -2.83924 -5.353 -6.84363 -7.45569 -9999 -9999 -9999 -9999 -9999 -9999 -9999 -9999 -9999 -9999 -9999 -9999 -9999 -9999 -9999 -9999 -9999 -9999 -9999 -9999 -9999 -9999 -9999 -9999 -9999 -9999 -9999 -9999 -9999 -9999 -9999 -9999 -9999 -9999 -9999 -9999 -9999 -9999 -9999
-9999 3.83851 3.48255 2.19093 2.86675 3.76556 5.04054 5.72056 6.23727 6.6391 7.04845 7.01073 6.44736 4.76518 4.53213 4.46709 3.29601 0.829476 -1.63395 -2.2666 0.52415 1.32831 1.17361 1.8029 0.323039 1.03422 0.75413 -0.0241035 -2.44741 -4.66147 -5.57798 -7.39675 -9999 -9999 -9999 -9999 -9999 -9999 -9999 -9999 -9999 -9999 -9999 -9999 -9999 -9999 -9999 -9999 -9999 -9999 -9999 -9999 -9999 -9999 -9999 -9999 -9999 -9999 -9999 -9999 -9999 -9999 -9999 -9999 -9999 -9999 -9999 -9999 -9999 -9999
-9999 -9999 -9999 -9999 1.38545 2.61578 3.63816 4.88522 5.96559 6.5063 7.03154 6.99972 5.86462 5.31371 5.27325 4.50887 3.15566 2.30901 0.760647 -0.852953 -0.226509 2.15437 1.10603 2.79521 2.66066 2.97756 1.86148 -0.242886 -3.07304 -4.71336 -5.53257 -7.00506 -9999 -9999 -9999 -9999 -9999 -9999 -9999 -9999 -9999 -9999 -9999 -9999 -9999 -9999 -9999 -9999 -9999 -9999 -9999 -9999 -9999 -9999 -9999 -9999 -9999 -9999 -9999 -9999 -9999 -9999 -9999 -9999 -9999 -9999 -9999 -9999 -9999 -9999
-9999 -9999 -9999 -9999 -9999 2.39715 3.18098 4.83178 5.71108 6.06597 6.90728 6.91905 6.49498 6.17664 5.71015 5.09781 4.08262 2.96148 1.50548 1.37718 2.90257 2.92848 2.61856 2.87528 3.66296 3.4651 1.73883 -1.2435 -2.82226 -6.02202 -7.39567 -7.24677 -8.2186 -9999 -9999 -9999 -9999 -9999 -9999 -9999 -9999 -9999 -9999 -9999 -9999 -4.38445 -9999 -9999 -9999 -9999 -9999 -9999 -9999 -9999 -9999 -9999 -9999 -9999 -9999 -9999 -9999 -9999 -9999 -9999 -9999 -9999 -10.1402 -9999 -9999 -9999
-9999 -9999 -9999 -9999 2.23175 3.28303 4.09208 5.13178 5.25247 5.88676 6.85293 6.87708 6.57926 6.24088 5.46822 5.28263 4.70791 3.48984 3.24615 3.74968 3.98531 4.25158 4.41841 4.29623 3.98786 3.58733 2.48943 1.10492 0.178478 -2.75404 -4.22468 -5.6427 -7.79298 -9.4738 -9999 -9999 -9999 -9999 -9999 -9999 -9999 -5.53557 -5.60911 -5.56408 -5.084 -3.77061 -4.53127 -9999 -9999 -9999 -9999 -9999 -9999 -9999 -9999 -9999 -9999 -9999 -9999 -9999 -9999 -9999 -9999 -9999 -9999 -9999 -8.9588 -10.653 -9999 -9999
-9999 -9999 -9999 -9999 2.52657 3.61612 4.16686 5.17781 5.76169 6.16724 6.50967 6.83678 6.79348 6.41813 5.84168 5.85333 5.05463 4.62697 4.32334 5.00171 5.14113 4.87842 4.54741 4.25581 3.41805 3.32817 3.07603 2.20056 0.757978 -0.728857 -2.86417 -5.78551 -8.65056 -10.9604 -9999 -9999 -9999 -9999 -9999 -9999 -5.29634 -4.2046 -3.54781 -4.92342 -3.73556 -2.64911 -2.8144 -3.84716 -9999 -9999 -9999 -9999 -9999 -9999 -9999 -9999 -9999 -9999 -9999 -9999 -9999 -9999 -0.921536 -2.65849 -6.17227 -7.97093 -9.04808 -10.5881 -9999 -9999
-9999 -9999 -9999 -9999 2.31348 3.59889 4.47439 5.25318 5.38939 6.19849 6.55858 6.73956 6.72966 6.66272 6.56343 5.86765 5.57219 4.5155 5.53932 5.50709 5.25598 4.24321 3.80823 2.06534 1.30285 1.15273 2.6333 1.55441 -0.70785 -3.53819 -6.9302 -7.14066 -8.26188 -10.3255 -9999 -9999 -9999 -9999 -9999 -9999 -4.95796 -3.79079 -2.81536 -2.6675 -4.0346 -2.10943 -2.16947 -3.23543 -3.47182 -2.58495 -2.13199 -2.45124 -1.3921 -1.07861 -1.54699 -1.02164 -9999 -9999 -9999 -9999 -0.68779 -0.612595 -0.55464 -1.27558 -5.11476 -7.73528 -10.088 -10.3003 -9999 -9999
-9999 -9999 -9999 -9999 3.19428 3.99183 4.40275 4.48198 5.1832 5.89395 6.33425 6.65291 6.60118 6.58541 6.56717 6.33409 5.78184 5.88876 5.84946 5.52902 3.59445 1.33567 2.32943 0.993572 -1.86891 0.483677 1.77757 0.554222 -2.1887 -5.37078 -6.39596 -6.34093 -7.90312 -9.917 -9999 -9999 -9999 -8.14805 -6.47993 -6.32916 -5.83298 -4.27861 -3.09451 -2.19838 -1.58697 -1.59369 -2.2225 -3.26486 -4.39852 -3.98461 -1.92503 -1.41761 -0.981794 -0.657095 -1.09152 -0.859054 -0.304993 -0.0163213 0.0460865 -0.0782957 -0.103196 -0.0538067 -0.114784 -0.787478 -4.21785 -6.18091 -7.43157 -9.9521 -9999 -9999
-9999 -9999 -9999 -9999 2.70299 3.39887 3.96575 4.89811 5.01031 5.60463 5.97167 6.49921 6.5674 5.97868 6.48144 6.42498 6.33911 6.14892 5.86707 4.2344 1.98214 -0.275396 -1.31404 -0.855173 -2.57879 -1.67632 -0.365328 -0.827538 -2.5063 -5.33998 -5.73131 -6.37493 -9.00448 -11.5388 -9999 -9999 -11.3744 -8.1795 -5.92818 -4.76406 -4.39932 -4.35879 -2.86871 -2.74573 -1.14151 -1.50414 -3.60797 -3.36296 -4.17439 -3.63438 -2.87698 -2.66332 -1.56936 -0.519731 -0.317114 -0.306907 0.0478199 0.124721 0.148072 0.143651 -0.0886887 0.0241476 0.0451996 -0.372612 -2.85946 -4.06977 -5.40272 -9.91912 -9999 -9999
-9999 -9999 -9999 -9999 3.05363 3.83028 4.67967 4.83062 5.46399 5.41754 5.26535 6.1392 6.46865 6.05588 5.76019 6.32757 6.29496 6.22606 6.10857 4.57418 2.79787 0.106513 -1.56317 -2.5754 -3.29528 -4.25358 -3.57581 -3.77077 -4.0351 -3.70997 -4.47811 -6.02073 -7.55823 -10.4413 -11.9991 -9999 -11.1987 -9.75379 -7.0776 -4.80245 -3.35606 -3.86827 -2.17489 -1.85555 -0.871974 -1.43615 -2.70999 -3.25588 -3.29735 -3.45809 -2.31389 -1.53883 -0.988117 -0.621099 -0.164526 -0.0446827 0.0753697 0.128323 0.159177 0.190151 0.188741 0.184079 0.13793 -0.0164924 -1.15764 -2.36492 -4.98067 -9.76661 -9999 -9999
-9999 -9999 -9999 0.814253 2.96733 4.26015 4.77096 5.14436 5.47531 5.71903 5.98106 6.21957 6.38537 6.33166 5.2216 5.31986 5.52669 6.16649 6.12576 5.99103 5.0217 1.74538 0.621345 -1.02827 -3.16649 -4.05064 -3.59276 -1.82354 -1.89176 -3.0463 -4.33421 -6.11257 -7.2428 -9.00896 -12.4059 -12.0935 -10.5539 -9.40709 -7.5867 -4.80712 -2.85696 -1.98359 -1.64999 -0.957658 -0.595288 -1.37311 -2.10998 -2.41581 -2.98867 -3.0625 -3.04992 -2.35519 -1.80832 -0.606375 -0.199073 -0.00913951 0.0898633 0.145311 0.186718 0.227282 0.244118 0.225433 0.230795 0.225604 0.146335 -1.46345 -5.50057 -8.53986 -9999 -9999
-9999 -9999 -9999 -9999 2.57467 3.15295 3.31704 3.59149 4.13517 4.75894 5.64224 5.7668 6.25308 6.26287 5.30906 4.20292 5.17806 5.56791 5.97133 5.98734 5.86615 3.11612 1.67984 0.551224 -1.49864 -0.743616 -0.0286064 0.0353106 -0.37945 -2.86645 -5.34336 -8.19541 -10.8661 -10.986 -12.4187 -11.6485 -10.6296 -8.02305 -6.18733 -5.43997 -4.90171 -2.0761 -1.3352 -1.07799 -0.349472 -1.32706 -1.56741 -2.29933 -2.0711 -2.12735 -2.11449 -4.15555 -2.08763 -1.95839 -0.611498 -0.000538831 0.142089 0.184549 0.229088 0.240033 0.25214 0.250169 0.267815 0.252103 0.232235 -0.812994 -5.93068 -8.49938 -9999 -9999
-9999 -9999 -9999 -9999 -9999 -9999 2.78983 3.23605 3.52838 4.02093 5.50032 5.90681 6.1802 6.21352 5.79323 4.69986 4.41528 4.62178 3.55078 4.45415 5.69023 5.66488 5.52177 3.10469 1.87616 3.08626 2.73135 0.919641 -0.503572 -1.90792 -4.80934 -6.92509 -9.98696 -12.2846 -12.3639 -9.81204 -7.69116 -5.0537 -3.88732 -4.54361 -3.82257 -2.41618 -0.819302 -0.0437756 -0.21861 -1.24952 -1.38589 -2.51875 -1.38882 -1.28403 -1.79664 -2.23846 -2.04706 -1.37648 -1.11619 -0.0612117 0.19896 0.250455 0.263436 0.272346 0.272146 0.270253 0.260656 0.253354 0.242459 0.199117 -5.06167 -9.15482 -9999 -9999
-9999 -9999 -9999 -9999 -9999 -9999 1.78191 2.06103 2.76495 4.54385 5.4885 5.87539 5.87568 6.05917 5.7656 4.80372 3.81469 2.88066 1.6746 2.37123 4.20728 5.29225 5.42111 3.30317 4.42049 4.01595 3.21002 0.837511 -0.907766 -1.82765 -4.61248 -6.99004 -9.02386 -11.8363 -10.6219 -9.28613 -7.57311 -4.6955 -2.75296 -1.9522 -2.61533 -1.71452 0.122092 0.138442 -0.856313 -0.783999 -1.38506 -2.93614 -1.30398 -0.83818 -1.19731 -1.09266 -1.21803 -0.963278 -0.506243 -0.0692259 0.223145 0.267568 0.27731 0.272433 0.2761 0.28069 0.264073 0.26925 0.258208 0.235314 -3.15894 -9.22958 -9999 -9999
-9999 -9999 -9999 -9999 -9999 -9999 -9999 0.883448 2.46648 4.82213 5.42468 5.38614 5.8818 5.93467 5.47898 5.08284 3.88072 2.2348 -0.931625 -0.119475 1.57098 4.00712 5.29076 5.12544 4.42614 3.20105 0.223906 -2.37972 -2.68605 -3.10269 -5.13192 -6.95904 -9.22113 -7.89642 -6.44691 -4.86266 -4.02777 -4.23754 -2.57226 -1.21381 -1.7837 -0.679923 0.607287 0.0321957 -0.304879 -0.586124 -1.2822 -1.3163 -1.23379 -0.302727 -0.931276 -0.529904 -0.507967 -0.521725 -0.295324 -0.0364277 0.234559 0.283698 0.289354 0.298169 0.271422 0.285934 0.274331 0.262953 0.25298 0.23381 -0.0695213 -3.33824 -5.28871 -9999
-9999 -9999 -9999 -9999 -9999 -9999 -9999 -0.55711 0.241187 3.02751 3.90462 5.14227 5.80459 5.84565 5.06977 4.64008 2.84609 2.26693 -0.661904 -1.98458 -0.852714 -1.2786 2.07472 5.04369 4.41059 -1.5586 -3.71385 -5.24764 -4.83974 -4.82461 -5.38124 -8.50345 -9.35934 -6.53966 -4.76177 -3.38329 -2.33674 -2.11448 -2.14544 -0.0234422 0.263228 0.956314 0.812259 0.882023 -0.180438 -0.834834 -0.248205 -0.906251 -1.0112 -0.049658 -0.978191 -0.120399 -0.208336 -0.454519 -0.459804 0.106458 0.226306 0.291824 0.300326 0.282893 0.258539 0.246459 0.2682 0.263424 0.236243 0.241861 0.215778 -0.170764 -1.85894 -2.44527
-9999 -9999 -9999 -9999 -9999 -9999 -9999 -9999 -2.33855 1.52651 3.30639 4.24404 5.55717 5.72497 5.31867 4.5686 2.74068 1.13301 -1.48449 -4.47469 -6.05354 -1.30066 2.83752 5.00131 4.72964 -0.237609 -2.19156 -2.27191 -1.10401 -2.06883 -2.79785 -5.16629 -5.86972 -6.85183 -6.2331 -4.31364 -2.74652 -1.23507 -0.135267 -0.0414462 0.673321 1.08816 1.12707 1.26082 1.14162 1.04613 0.0232545 0.744391 0.1486 0.478763 0.281563 0.104533 -0.0436118 -0.625363 -0.200298 0.176478 0.278375 0.312673 0.29543 0.294584 0.282675 0.251312 0.240309 0.241566 0.241886 0.227015 0.231085 0.215408 0.0306194 -0.982678
-9999 -9999 -9999 -9999 -9999 -9999 -9999 -9999 -4.25886 -0.413304 1.45347 3.84222 5.08002 5.58669 5.52963 4.92328 3.53598 1.44398 -0.298412 -3.63668 -7.10301 -2.11344 2.33458 4.73727 4.87255 0.70341 1.87301 0.946502 1.33554 -0.368953 -1.07053 -1.61664 -2.83902 -4.17724 -5.6415 -6.4144 -2.90303 -1.09769 0.355641 1.04309 1.43341 1.63036 1.53415 1.27808 -0.272249 0.921388 0.866533 0.7565 0.629564 0.572894 0.459139 0.323576 0.250384 0.228295 -0.155725 0.295615 0.290423 0.302049 0.309055 0.301699 0.283269 0.267175 0.24625 0.251142 0.240749 0.229487 0.223254 0.220515 0.212822 0.162108
-9999 -9999 -9999 -9999 -9999 -9999 -9999 -9999 -9.63823 -4.0517 0.452009 2.80271 4.71796 5.2504 5.45403 4.6382 4.02891 2.53109 1.11255 -1.07884 -4.36358 -6.38377 -2.64442 2.78544 4.79662 4.65371 4.53849 3.46531 2.49953 2.38702 2.4712 1.35216 -0.29227 -2.44782 -3.11582 -3.8675 -1.25058 -0.891048 -1.07697 1.79816 1.80893 1.64996 0.555967 -0.664643 -0.425505 -1.17726 -0.586025 -1.48569 -0.64323 0.0864224 0.36447 0.350921 0.26735 0.26338 0.227628 0.309501 0.314358 0.307452 0.302803 0.30193 0.294877 0.264775 0.248834 0.263802 0.246433 0.233062 0.22229 0.22284 0.221403 0.185099
-9999 -9999 -9999 -9999 -9999 -9999 -9999 -9999 -9.39301 -4.68381 -0.69643 1.7008 4.00317 4.54422 5.32591 5.16619 4.52789 3.22692 1.59968 -0.202652 -3.01965 -5.11169 -2.61061 1.00035 3.5863 4.52378 4.52768 4.47552 4.24063 4.15203 3.87706 3.69132 2.51232 0.475953 -0.671727 -2.35531 0.560403 0.892209 0.441845 1.89848 1.82985 -0.362048 -2.0462 -2.25188 -1.21137 -2.18507 -2.34942 -2.94905 -2.25192 -0.396411 -0.927881 -0.812951 0.0368403 0.182333 0.275187 0.305515 0.3057 0.307171 0.297852 0.304376 0.310342 0.281005 0.269038 0.264659 0.235981 0.236304 0.218157 0.204654 0.196426 0.179177
-9999 -9999 -9999 -9999 -9999 -9999 -9999 -9999 -9.29779 -6.12209 -2.53323 0.990162 3.44783 4.44419 5.17118 5.17074 4.4279 3.78431 2.7665 1.18177 0.0965336 -1.79131 -4.38394 -0.0201825 1.32799 2.53376 3.04648 4.29912 4.27862 3.71904 3.07789 3.70007 3.52725 1.91713 1.39215 0.500426 2.12463 2.13371 2.09362 2.01133 0.160346 -2.41418 -4.47097 -2.9828 -3.28751 -2.59481 -4.69645 -2.95383 -1.54936 -1.08836 -2.0262 -2.72267 -0.532438 -0.16708 0.0542833 0.198176 0.294474 0.278169 0.30546 0.297224 0.294983 0.291754 0.27662 0.26873 0.253236 0.237442 0.225801 0.214777 0.194596 0.167106
-9999 -9999 -9999 -9999 -9999 -9999 -9999 -9999 -9999 -7.98247 -3.43464 0.624319 2.88797 4.31432 5.01291 5.00766 4.63113 4.19616 3.56733 2.42576 0.99036 -1.28093 -2.9651 -1.88507 -0.563179 -0.402065 0.477609 3.01219 3.88426 2.67092 -0.334416 1.45837 3.45619 3.4312 3.26826 3.0847 2.84747 2.6337 2.15927 0.879925 -3.04915 -3.81868 -5.35703 -5.17669 -5.96299 -4.22165 -4.85997 -3.07696 -2.30008 -2.00212 -3.63686 -3.27674 -1.34226 -0.571397 -0.691382 -0.216055 0.239033 0.259408 0.277508 0.270794 0.284926 0.292678 0.289206 0.271437 0.260418 0.253444 0.224495 0.230911 0.0893562 -0.000577632
-9999 -9999 -9999 -9999 -9999 -9999 -9999 -9999 -9999 -8.88265 -4.3467 0.431144 1.97131 3.50809 4.83496 4.86799 4.28921 3.73869 3.17116 2.52408 0.782075 -0.906789 -2.51857 -3.05483 -2.72138 -2.7277 -1.31031 1.98861 2.63457 2.3718 -0.767271 -1.82827 0.837808 3.07932 3.26196 3.06569 0.442148 1.00781 -0.405368 -2.32408 -2.84855 -3.6856 -5.45992 -4.59817 -5.89605 -5.33146 -5.46545 -4.45049 -3.95196 -2.74555 -4.16962 -4.15048 -2.25133 -1.28874 -1.25801 -0.248459 0.115448 0.215143 0.244361 0.266561 0.275861 0.296382 0.291743 0.281528 0.266567 0.223366 0.114113 -0.228708 -2.12781 -2.12005
-9999 -9999 -9999 -9999 -9999 -9999 -9999 -9999 -9999 -8.3605 -5.2102 -0.970094 2.17265 2.37799 3.90943 4.70325 4.0734 3.36301 2.63584 2.32148 0.425305 -1.65803 -3.33979 -5.33137 -4.99477 -3.55203 -1.1849 0.948809 1.33739 0.906665 -0.766967 0.0400043 1.86036 2.83007 3.1206 2.9034 2.3367 2.01149 0.972377 0.524944 -0.920615 -3.18381 -4.07203 -3.50079 -5.90339 -5.72928 -4.83269 -5.76225 -4.19599 -3.44276 -5.28419 -3.80512 -2.12295 -1.25967 -0.504168 -0.143216 0.00434437 0.227014 0.23847 0.262148 0.277264 0.279084 0.283799 0.253397 0.229008 0.031686 -0.261485 -2.03026 -2.76173 -2.61138
-9999 -9999 -9999 -9999 -9999 -9999 -9999 -9999 -9999 -7.82653 -4.98967 -1.31239 0.930536 1.33845 3.03578 4.54552 4.38469 3.64544 3.42482 2.65817 1.05117 -0.724415 -2.66558 -3.60552 -5.77538 -3.62421 -1.90808 -0.10015 0.750085 -0.620805 -1.31163 -0.0678349 1.16853 1.66637 2.91448 2.90902 2.51047 0.771867 -0.0731256 0.291919 -0.068127 -0.702744 -2.25874 -2.32278 -3.32013 -3.72973 -4.11607 -5.37437 -4.55474 -4.46671 -4.2403 -2.46667 -1.58816 -1.00349 -0.471217 -0.326822 -0.0920287 0.210584 0.242443 0.258568 0.262474 0.273058 0.256117 0.17651 0.110118 -0.291472 -1.00601 -2.34341 -4.51102 -2.97208
-9999 -9999 -9999 -9999 -9999 -9999 -9999 -9999 -9999 -8.30944 -5.29689 -2.15316 -0.834098 -0.603612 2.46184 4.34148 4.35172 4.00488 3.59851 1.69529 1.81409 1.43888 -0.311452 -2.86399 -5.66787 -5.39666 -3.70752 -1.31669 -0.522201 -2.8017 -3.6068 -3.00198 -1.13632 0.534239 2.27802 2.72558 2.22199 -0.487574 -3.36755 -2.02348 -0.587808 -0.590173 -1.00418 -2.44661 -2.90068 -3.31104 -4.36153 -6.14067 -5.86511 -5.36114 -3.3496 -2.7105 -1.72663 -0.90848 -1.20824 -1.02303 -0.240438 0.210994 0.233464 0.246872 0.266807 0.261663 0.240017 0.0768626 -0.0962441 -0.390057 -2.26072 -3.42201 -5.11486 -3.13172
-9999 -9999 -9999 -9999 -9999 -9999 -9999 -9999 -9999 -9.24032 -7.05209 -4.04724 -2.83156 -0.897493 1.99962 3.42809 4.11638 4.10822 3.83966 2.99118 2.48376 1.47736 -0.343699 -2.83617 -5.60742 -7.40881 -6.48172 -3.26287 -2.49514 -4.59936 -5.6705 -4.32055 -2.33293 0.606658 2.28886 2.52139 2.3759 1.82187 -0.279181 -2.81897 -2.80461 -1.52221 -2.58471 -3.82051 -3.13178 -3.2522 -4.28938 -5.04203 -5.48808 -5.19302 -4.04132 -3.56368 -2.42831 -0.755618 -0.510785 -0.552051 0.15547 0.196333 0.218314 0.250219 0.254649 0.253336 0.237293 0.105267 -0.196692 -1.44014 -2.52381 -4.03332 -4.21551 -2.45006
-9999 -9999 -9999 -9999 -9999 -9999 -9999 -9999 -9999 -10.8422 -8.26951 -5.45446 -2.81835 -0.324175 1.82327 1.99576 3.13143 3.13682 3.73496 3.57228 2.78629 1.9398 0.371776 -2.83205 -5.52481 -8.46204 -7.67832 -4.40244 -3.95015 -5.36376 -7.98154 -5.26447 -2.26894 0.446397 1.91911 0.775672 1.95989 1.86902 1.08542 -0.424139 -2.77451 -2.72417 -4.48406 -4.55502 -3.64226 -3.34189 -3.48682 -4.05027 -4.94969 -4.78035 -4.07705 -3.89474 -2.85102 -1.55221 -0.282378 -0.0641341 0.182702 0.198726 0.208203 0.233326 0.241163 0.220029 0.160496 0.0222822 -1.01922 -2.25881 -3.02048 -4.07064 -4.19356 -2.16183
