Test_Spring_2018b/12_17/Temp/20171226_016.txt
ncols	170
nrows	115
xllcorner	350000.000000
yllcorner	4445000.000000
cellsize	1000.000000
nodata_value	-9999.000000
[rows 32 to 63 of 115, columns 72 to 143 of 170]
10.5618 10.2337 10.7259 11.1786 10.8998 10.718 11.4659 11.462 11.2012 10.5936 10.3685 10.1355 9.99158 9.21381 7.03707 5.07478 6.12283 6.14603 5.41861 6.72001 6.0319 4.23779 1.7055 3.08378 2.72726 0.94506 0.503832 -9999 -9999 -9999 -9999 -9999 -9999 -9999 -9999 -9999 -9999 -9999 -9999 -9999 -9999 -9999 -9999 -9999 -9999 -9999 -9999 -9999 -9999 -9999 -9999 -9999 -9999 -9999 -9999 -9999 -9999 -9999 -9999 -9999 -9999 -9999 -9999 -9999 -9999 -9999 -9999 -9999 -9999 -9999 -9999 -9999
10.1255 9.98141 10.7158 10.6947 10.655 10.9202 11.3824 11.4719 11.3679 11.1008 10.8692 10.6233 10.0046 9.11528 7.25202 5.01886 4.51093 5.60119 5.6525 5.8274 5.20044 4.41345 3.18252 4.19277 4.58634 3.41038 1.87607 0.887567 -9999 -9999 -9999 -9999 -9999 -9999 -9999 -9999 -9999 -9999 -9999 -9999 -9999 -9999 -9999 -9999 -9999 -9999 -9999 -9999 -9999 -9999 -9999 -9999 -9999 -9999 -9999 -9999 -9999 -9999 -9999 -9999 -9999 -9999 -9999 -9999 -9999 -9999 -9999 -9999 -9999 -9999 -9999 -9999
9.60592 8.88258 9.32308 9.65243 10.2869 10.4368 10.5259 11.4048 11.3542 11.3096 10.9291 10.6242 10.1215 9.26539 8.04812 6.5834 4.0352 5.60391 6.83249 6.80067 6.73354 6.18257 5.00023 5.992 6.04039 4.53785 2.8352 1.82708 1.4108 -9999 -9999 -9999 -9999 -9999 -9999 -9999 -9999 -9999 -9999 -9999 -9999 -9999 -9999 -9999 -9999 -9999 -9999 -9999 -9999 -9999 -9999 -9999 -9999 -9999 -9999 -9999 -9999 -9999 -9999 -9999 -9999 -9999 -9999 -9999 -9999 -9999 -9999 -9999 -9999 -9999 -9999 -9999
9.01579 8.13364 8.577 9.17038 10.0192 10.4611 10.7845 11.0445 11.3098 11.2741 10.8845 9.74138 9.57523 9.52281 8.72564 7.0561 5.38925 4.95666 6.83153 7.36826 7.25936 7.67919 6.67812 7.15379 6.9617 6.4311 4.78695 3.29241 2.67117 1.44162 -9999 -9999 -9999 -9999 -9999 -9999 -9999 -9999 -9999 -9999 -9999 -9999 -9999 -9999 -9999 -9999 -9999 -9999 -9999 -9999 -9999 -9999 -9999 -9999 -9999 -9999 -9999 -9999 -9999 -9999 -9999 -9999 -9999 -9999 -9999 -9999 -9999 -9999 -9999 -9999 -9999 -9999
-9999 -9999 7.57149 8.39033 9.05735 9.89102 10.5936 10.947 11.29 11.2579 10.4827 10.1015 10.0649 9.54099 8.62099 8.04303 6.99293 5.89957 6.31634 7.91598 7.20537 8.33993 8.24594 8.45645 7.70152 6.27176 4.36033 3.25263 2.69729 1.70136 -9999 -9999 -9999 -9999 -9999 -9999 -9999 -9999 -9999 -9999 -9999 -9999 -9999 -9999 -9999 -9999 -9999 -9999 -9999 -9999 -9999 -9999 -9999 -9999 -9999 -9999 -9999 -9999 -9999 -9999 -9999 -9999 -9999 -9999 -9999 -9999 -9999 -9999 -9999 -9999 -9999 -9999
-9999 -9999 -9999 8.23594 8.74229 9.84221 10.4143 10.642 11.1975 11.1943 10.8977 10.6729 10.3488 9.9271 9.23473 8.4718 7.48408 7.39186 8.4148 8.42802 8.21558 8.38549 8.9136 8.77789 7.61029 5.59197 4.52594 2.36635 1.43785 1.53489 0.876219 -9999 -9999 -9999 -9999 -9999 -9999 -9999 -9999 -9999 -9999 -9999 -9999 3.36223 -9999 -9999 -9999 -9999 -9999 -9999 -9999 -9999 -9999 -9999 -9999 -9999 -9999 -9999 -9999 -9999 -9999 -9999 -9999 -9999 -0.741885 -9999 -9999 -9999 -9999 -9999 -9999 -9999
-9999 -9999 8.12755 8.8167 9.34937 10.0371 10.1112 10.5128 11.1519 11.1565 10.9444 10.7055 10.1746 10.0402 9.64446 8.81617 8.64552 8.97937 9.13365 9.30942 9.41891 9.33423 9.12454 8.85303 8.10344 7.16912 6.54331 4.5639 3.5712 2.61286 1.16051 0.0239138 -9999 -9999 -9999 -9999 -9999 -9999 -9999 2.62387 2.56506 2.5857 2.89907 3.77359 3.25017 -9999 -9999 -9999 -9999 -9999 -9999 -9999 -9999 -9999 -9999 -9999 -9999 -9999 -9999 -9999 -9999 -9999 -9999 -9999 0.0512987 -1.10046 -9999 -9999 -9999 -9999 -9999 -9999
-9999 -9999 8.31293 9.03484 9.3931 10.061 10.4408 10.6934 10.9115 11.1195 11.0783 10.8138 10.4147 10.4127 9.86584 9.57013 9.35923 9.81123 9.90119 9.72114 9.49592 9.29792 8.73237 8.67109 8.49281 7.9023 6.92946 5.92647 4.48512 2.51435 0.580866 -0.979142 -9999 -9999 -9999 -9999 -9999 -9999 2.79322 3.51999 3.9531 3.01618 3.80621 4.5275 4.40496 3.69217 -9999 -9999 -9999 -9999 -9999 -9999 -9999 -9999 -9999 -9999 -9999 -9999 -9999 -9999 5.50264 4.32288 1.94566 0.72398 -0.0117409 -1.05965 -9999 -9999 -9999 -9999 -9999 -9999
-9999 -9999 8.16363 9.01725 9.59394 10.1048 10.1823 10.6993 10.9354 11.0441 11.0246 10.9673 10.8891 10.41 10.2019 9.48225 10.166 10.1395 9.96685 9.28208 8.98763 7.81259 7.29875 7.19057 8.18869 7.46203 5.93772 4.03021 1.74451 1.59954 0.841748 -0.551887 -9999 -9999 -9999 -9999 -9999 -9999 3.02147 3.79882 4.44638 4.53572 3.60371 4.88978 4.83291 4.10231 3.93058 4.51572 4.80853 4.58655 5.28419 5.48337 5.15614 5.49903 -9999 -9999 -9999 -9999 5.67494 5.71657 5.74661 5.25169 2.65534 0.879932 -0.715321 -0.875849 -9999 -9999 -9999 -9999 -9999 -9999
-9999 -9999 8.7519 9.27646 9.53961 9.5785 10.0359 10.4863 10.7752 10.9751 10.9268 10.9035 10.8793 10.7116 10.3303 10.3946 10.3621 10.1416 8.83498 7.3111 7.98001 7.08105 5.14651 6.73312 7.60646 6.78346 4.93621 2.79258 2.10258 2.13741 1.08312 -0.27708 -9999 -9999 -9999 0.895555 2.01255 2.10622 2.43186 3.46986 4.25769 4.85173 5.25251 5.23708 4.79587 4.08066 3.3038 3.56976 4.94477 5.27405 5.55679 5.76327 5.45875 5.60107 5.96408 6.14873 6.18134 6.0884 6.0627 6.08714 6.03717 5.57484 3.25687 1.92461 1.07201 -0.64516 -9999 -9999 -9999 -9999 -9999 -9999
-9999 -9999 8.41615 8.87209 9.24009 9.85055 9.91064 10.2952 10.5155 10.8622 10.8939 10.4836 10.8099 10.7607 10.6933 10.5573 10.3615 9.25715 7.73699 6.2147 5.51495 5.81906 4.65937 5.26965 6.15512 5.84805 4.71956 2.81128 2.54815 2.11517 0.340566 -1.3692 -9999 -9999 -1.27058 0.876257 2.38621 3.16259 3.39942 3.41695 4.41057 4.48233 5.5517 5.29595 3.86087 4.01282 3.45266 3.80307 4.29543 4.42668 5.15527 5.84806 5.97305 5.96901 6.19774 6.23982 6.24629 6.23441 6.06917 6.1366 6.14212 5.85172 4.16679 3.34171 2.42776 -0.627627 -9999 -9999 -9999 -9999 -9999 -9999
-9999 -9999 8.64577 9.15586 9.71392 9.80041 10.2112 10.1618 10.032 10.6054 10.8176 10.5251 10.3127 10.6833 10.6515 10.5971 10.5122 9.47443 8.27555 6.46166 5.33755 4.65187 4.16946 3.52881 3.9883 3.85957 3.6838 3.90479 3.39149 2.35349 1.31717 -0.628616 -1.68087 -9999 -1.14996 -0.182311 1.61392 3.13881 4.10422 3.74892 4.87908 5.08267 5.73407 5.34116 4.46502 4.07846 4.03675 3.91484 4.67254 5.18098 5.54288 5.77758 6.07182 6.14164 6.2123 6.23838 6.25011 6.26232 6.25294 6.24144 6.20189 6.08915 5.31114 4.48327 2.71035 -0.52678 -9999 -9999 -9999 -9999 -9999 -9999
-9999 7.1431 8.58385 9.44143 9.77089 10.0067 10.213 10.3599 10.5095 10.652 10.7483 10.7013 9.93947 9.99351 10.1227 10.5458 10.5126 10.4184 9.76379 7.55638 6.79599 5.68921 4.25186 3.66013 3.97238 5.16814 5.12542 4.35021 3.4845 2.28834 1.53016 0.33917 -1.95335 -1.74611 -0.713236 0.0536422 1.27314 3.13777 4.44237 5.02038 5.2338 5.68901 5.92047 5.37816 4.8635 4.643 4.24267 4.17885 4.17358 4.62842 4.98717 5.78339 6.04585 6.16168 6.21823 6.24615 6.26519 6.2841 6.28727 6.26655 6.26191 6.24988 6.18376 5.08907 2.35307 0.292577 -9999 -9999 -9999 -9999 -9999 -9999
-9999 -9999 8.31584 8.69164 8.78705 8.95568 9.30476 9.70711 10.2751 10.3422 10.6537 10.6435 9.98947 9.23151 9.87815 10.1327 10.399 10.4065 10.3238 8.46981 7.50415 6.74701 5.36995 5.88367 6.37 6.41744 6.14199 4.46966 2.8035 0.884526 -0.913892 -0.994643 -1.95954 -1.44457 -0.762392 0.988253 2.21804 2.71309 3.06601 4.9592 5.44733 5.60455 6.08159 5.40852 5.22802 4.71986 4.85886 4.80646 4.80102 3.41203 4.79528 4.86939 5.76484 6.16457 6.24987 6.26918 6.29053 6.2897 6.2899 6.28065 6.28446 6.26287 6.23645 5.52134 2.06152 0.317943 -9999 -9999 -9999 -9999 -9999 -9999
-9999 -9999 -9999 -9999 8.42814 8.71213 8.8914 9.20484 10.1744 10.4311 10.5986 10.6053 10.3078 9.55898 9.35656 9.48754 8.76023 9.36666 10.1971 10.1809 10.0871 8.46223 7.63976 8.46022 8.22617 7.01032 6.05593 5.11376 3.16213 1.73989 -0.321598 -1.86938 -1.92369 -0.206542 1.21884 2.99034 3.76905 3.31811 3.79399 4.72922 5.79248 6.30139 6.16922 5.45974 5.34897 4.57019 5.31642 5.37219 5.01239 4.70083 4.81924 5.25801 5.42121 6.12083 6.28581 6.31054 6.31079 6.30877 6.30084 6.2918 6.27421 6.25956 6.24186 6.20171 2.64527 -0.12575 -9999 -9999 -9999 -9999 -9999 -9999
-9999 -9999 -9999 -9999 7.74575 7.91693 8.37331 9.5533 10.1624 10.4057 10.389 10.4968 10.2844 9.62358 8.94667 8.30905 7.49054 7.95669 9.19298 9.92521 10.0149 8.59185 9.35047 9.08322 8.54561 6.95222 5.78117 5.16583 3.29315 1.69486 0.326481 -1.56786 -0.750186 0.14774 1.29817 3.23172 4.53343 5.06392 4.60665 5.20176 6.42628 6.42329 5.73828 5.77187 5.34773 4.28684 5.37124 5.67008 5.41353 5.4701 5.37485 5.53339 5.82916 6.11242 6.29917 6.31976 6.31762 6.30642 6.30121 6.29526 6.27495 6.26864 6.25072 6.22421 3.92537 -0.178334 -9999 -9999 -9999 -9999 -9999 -9999
-9999 -9999 -9999 -9999 -9999 7.12063 8.1694 9.73803 10.1167 10.0734 10.3905 10.4103 10.0887 9.8091 8.98852 7.87123 5.73175 6.27572 7.41388 9.05657 9.92437 9.81712 9.35162 8.53147 6.53081 4.78175 4.58043 4.30431 2.94093 1.71369 0.191638 1.08527 2.06154 3.12699 3.68577 3.53886 4.65374 5.56017 5.16556 5.89733 6.75149 6.34979 6.1078 5.903 5.41471 5.37593 5.41601 6.0283 5.59018 5.8467 5.8507 5.82834 5.96877 6.13207 6.3045 6.32833 6.32363 6.32164 6.29564 6.29691 6.27993 6.26238 6.24508 6.22095 6.00483 3.78913 2.46249 -9999 -9999 -9999 -9999 -9999
-9999 -9999 -9999 -9999 -9999 6.14773 6.66792 8.52704 9.09087 9.90777 10.3375 10.3496 9.81249 9.51088 8.29095 7.89255 5.91301 5.01861 5.78019 5.49407 7.75627 9.76079 9.33961 5.32233 3.87525 2.84687 3.12664 3.14131 2.7701 0.670036 0.0954943 1.99648 3.19401 4.12079 4.82222 4.96624 4.9382 6.35911 6.54183 6.99686 6.88658 6.91944 6.18867 5.73246 6.10857 5.64942 5.56326 6.19619 5.55603 6.12023 6.05033 5.87149 5.85591 6.22644 6.29709 6.332 6.32874 6.30924 6.28488 6.26799 6.2734 6.26021 6.23122 6.22373 6.19437 5.92081 4.77091 4.36348 4.79714 -9999 -9999 -9999
-9999 -9999 -9999 -9999 -9999 -9999 4.92837 7.51491 8.68729 9.30254 10.1713 10.2693 9.9806 9.46337 8.22157 7.13018 5.3604 3.34153 2.27704 5.48026 8.27087 9.73229 9.55408 6.21141 4.89944 4.84995 5.64138 4.99527 4.50751 2.91501 2.44291 1.78182 2.19807 3.4897 4.54064 5.55383 6.28778 6.34208 6.81317 7.08122 7.09441 7.17059 7.07565 6.99629 6.28802 6.75848 6.34182 6.54954 6.40242 6.26953 6.15937 5.7546 6.02918 6.27214 6.33076 6.34273 6.32321 6.31477 6.29867 6.26905 6.25168 6.24247 6.23196 6.21062 6.20158 6.17798 6.04121 5.34617 4.419 3.25029 -9999 -9999
-9999 -9999 -9999 -9999 -9999 -9999 3.63382 6.20791 7.4391 9.03286 9.84714 10.1767 10.1255 9.70542 8.76078 7.34312 6.16298 3.90937 1.57128 4.93118 7.93376 9.55545 9.65009 6.84502 7.6371 7.0167 7.28259 6.1374 5.66753 5.30244 4.48019 3.57874 2.59162 2.06612 4.42862 5.63979 6.61201 7.06645 7.31911 7.44011 7.36451 7.17715 6.11821 6.90791 6.85226 6.76305 6.66271 6.61012 6.51957 6.41493 6.3557 6.32831 6.05788 6.34883 6.33374 6.33326 6.32992 6.31692 6.29624 6.27673 6.25343 6.24597 6.22764 6.20874 6.19282 6.17804 6.16075 6.11452 5.92407 4.35739 3.41781 3.14639
-9999 -9999 -9999 -9999 -9999 -9999 0.0088631 3.75692 6.75907 8.32865 9.60778 9.95329 10.0782 9.51747 9.09738 8.08023 7.11825 5.63722 3.42108 2.05856 4.57639 8.23654 9.59981 9.50684 9.43223 8.7121 8.0642 7.99097 8.04983 7.29794 6.19114 4.73853 4.28374 3.77483 5.53437 5.77118 5.63882 7.5676 7.56477 7.44628 6.69669 5.86363 6.0111 5.48888 5.869 5.24821 5.80158 6.27931 6.45319 6.43112 6.3654 6.34662 6.31163 6.35313 6.34748 6.33434 6.32294 6.31407 6.30083 6.27169 6.25159 6.25177 6.22812 6.20789 6.18831 6.17592 6.16304 6.12673 6.09339 5.84618 5.4788 4.78154
-9999 -9999 -9999 -9999 -9999 -9999 0.168109 3.31364 5.98649 7.59093 9.12913 9.48114 9.9962 9.87803 9.43871 8.55431 7.45162 6.23249 4.33108 2.91952 4.60423 7.03569 8.77955 9.41361 9.42406 9.39098 9.23465 9.17614 8.99249 8.86898 8.07489 6.69785 5.92288 4.78557 6.74617 6.96417 6.65364 7.62674 7.5707 6.08274 4.93595 4.78469 5.47569 4.80596 4.6771 4.25791 4.71389 5.95078 5.57466 5.63973 6.20376 6.29027 6.33712 6.34793 6.33898 6.33127 6.31647 6.31234 6.30763 6.2788 6.26122 6.24827 6.21847 6.20569 6.18195 6.16016 6.14245 6.11923 6.0883 6.01278 5.92811 5.99607
-9999 -9999 -9999 -9999 -9999 -9999 0.230518 2.3452 4.75022 7.11452 8.75811 9.41762 9.89643 9.88605 9.37658 8.93529 8.24317 7.17038 6.43546 5.16087 3.4124 6.35238 7.25902 8.07284 8.41742 9.26316 9.25104 8.87552 8.44956 8.86927 8.74771 7.66148 7.30552 6.70133 7.79134 7.79171 7.75766 7.69391 6.43714 4.69177 3.2944 4.28513 4.06719 4.52426 3.09044 4.24635 5.1791 5.47645 4.83159 4.35024 5.81801 6.04667 6.18551 6.27275 6.32839 6.30848 6.3181 6.30375 6.29328 6.28183 6.26199 6.2466 6.22567 6.20417 6.1825 6.16264 6.13749 6.10525 6.09609 6.05414 6.03327 6.00966
-9999 -9999 -9999 -9999 -9999 -9999 -9999 1.08926 4.14455 6.86747 8.38106 9.33102 9.79131 9.77819 9.51588 9.21529 8.78519 8.01072 7.03936 5.50578 4.36878 5.09528 5.9832 6.09242 6.6856 8.39415 8.98247 8.16541 6.14051 7.34363 8.6891 8.67072 8.55848 8.43133 8.26952 8.11955 7.79282 6.92258 4.26578 3.73425 2.68645 2.79611 2.25389 3.41799 2.97039 4.15861 4.66903 4.85703 3.74308 3.97809 5.26219 5.77062 5.67936 5.98979 6.28763 6.2922 6.29537 6.2818 6.28213 6.27791 6.2658 6.24264 6.22458 6.20891 6.17491 6.1669 6.06003 5.98807 5.8508 6.00459 6.01362 6.00472
-9999 -9999 -9999 -9999 -9999 -9999 -9999 0.486879 3.53158 6.73957 7.76625 8.79118 9.67532 9.68836 9.29 8.91161 8.52275 8.08125 6.9029 5.76126 4.67238 4.30898 4.53226 4.52533 5.47992 7.70258 8.13756 7.9601 5.83896 5.1229 6.91782 8.42598 8.54598 8.40975 6.63693 7.01213 6.05283 4.75183 4.38939 3.81543 2.60912 3.17854 2.2922 2.66059 2.55691 3.22817 3.55155 4.35218 3.38057 3.38625 4.64603 5.28369 5.29393 5.96423 6.1998 6.25758 6.26797 6.27361 6.27042 6.27456 6.26146 6.24428 6.2236 6.18363 6.09893 5.85282 4.56122 4.55534 4.90015 5.22656 5.8203 5.97891
-9999 -9999 -9999 -9999 -9999 -9999 -9999 0.839537 2.9511 5.79731 7.90445 8.03267 9.05507 9.5811 9.14851 8.66247 8.16594 7.94843 6.66583 5.25789 4.12126 2.77649 3.00112 3.97158 5.56341 7.00003 7.26071 6.96921 5.83431 6.37616 7.6004 8.25085 8.44295 8.29214 7.90499 7.67968 6.9724 6.66295 5.68006 4.14544 3.53668 3.91084 2.28063 2.38644 2.9789 2.3393 3.38262 3.87826 2.62574 3.60648 4.72857 5.29934 5.79791 6.031 6.12061 6.26103 6.25922 6.26564 6.26618 6.25759 6.25072 6.21993 6.19295 6.04922 5.84073 4.63779 4.12901 4.21943 4.76504 5.24234 5.72958 5.93135
-9999 -9999 -9999 -9999 -9999 -9999 -9999 1.19993 3.10078 5.56823 7.06948 7.33464 8.46918 9.47789 9.36152 8.85607 8.70081 8.17831 7.09024 5.88925 4.57728 3.94056 2.47553 3.92264 5.07493 6.29126 6.86227 5.93058 5.46272 6.29819 7.12821 7.46007 8.2969 8.28834 8.01418 6.83625 6.25973 6.49784 6.24662 5.80972 4.75135 4.69784 4.01501 3.72793 3.45633 2.59573 3.1363 3.18401 3.3163 4.50403 5.08465 5.46765 5.81572 5.90274 6.05095 6.24504 6.25678 6.25792 6.25076 6.24797 6.22645 6.16252 6.10729 5.82602 5.33372 4.42161 2.94493 3.97124 5.04505 5.35434 5.65541 5.81287
-9999 -9999 -9999 -9999 -9999 -9999 -9999 0.874817 2.89448 5.0028 5.88188 6.02781 8.08456 9.34274 9.34177 9.10077 8.82026 7.5317 7.60629 7.34857 6.16475 4.44085 2.54801 2.72769 3.86276 5.46952 6.00233 4.45741 3.91189 4.31614 5.56963 6.69119 7.86156 8.15789 7.81266 5.98027 4.03239 4.93026 5.88923 5.8786 5.59005 4.60803 4.29164 4.0044 3.28561 2.07169 2.24868 2.57689 3.9161 4.33509 4.98672 5.52701 5.31431 5.4287 5.94587 6.24006 6.2453 6.24445 6.24798 6.23452 6.20981 6.08959 5.96252 5.75397 4.48272 3.68941 2.53758 3.85825 4.58806 4.95963 5.65489 5.81624
-9999 -9999 -9999 -9999 -9999 -9999 -9999 0.247539 1.71205 3.72709 4.53681 5.83097 7.77449 8.72881 9.18483 9.17206 8.98434 8.40636 8.05873 7.37537 6.14353 4.45968 2.58836 1.37091 1.99231 4.15608 4.66537 3.24273 2.51739 3.42323 4.75841 6.73467 7.86315 8.01425 7.91008 7.53004 6.10697 4.38769 4.38899 5.24425 4.5189 3.67636 4.1303 4.03869 3.32909 2.81107 2.49813 2.67632 3.44511 3.75532 4.509 5.62505 5.77921 5.74084 6.20726 6.22462 6.22938 6.24088 6.23387 6.22295 6.20202 6.10282 5.88899 5.0406 4.29977 3.2719 3.1384 4.3119 4.8166 5.28369 5.62142 5.72739
-9999 -9999 -9999 -9999 -9999 -9999 -9999 -0.832209 0.891571 2.77895 4.54603 6.21781 7.65632 7.7644 8.52194 8.51829 8.91454 8.79856 8.26303 7.68718 6.62555 4.46203 2.64324 0.660017 1.1844 3.38763 3.68092 2.72458 0.956601 2.78328 4.79726 6.62204 7.60905 6.83268 7.62432 7.55625 7.02086 5.99579 4.40363 4.42875 3.23358 3.1761 3.78116 3.97324 3.86501 3.47458 2.85392 2.94963 3.41605 3.52721 4.21905 5.08304 5.92775 6.06409 6.21992 6.2204 6.21661 6.22346 6.21869 6.1944 6.14419 6.04087 5.32877 4.48307 3.9593 3.24103 3.1475 4.50609 5.03398 5.32155 5.61227 5.72319
-9999 -9999 -9999 -9999 -9999 -9999 -9999 -9999 0.713125 2.66305 4.10497 4.49046 5.76865 6.4574 6.9899 7.10584 8.63188 8.71418 8.37402 7.84484 6.93914 5.29723 4.15363 2.25109 0.884038 1.44841 1.71857 2.2219 2.07399 2.88846 4.82342 6.83887 7.05737 5.77443 5.96159 6.22656 6.82368 6.51494 4.34713 3.24312 2.32549 2.96791 3.6437 3.80244 3.82901 3.69086 3.52269 3.26786 4.17181 4.83874 4.9875 5.56833 5.99541 6.10829 6.19178 6.19624 6.20101 6.19471 6.16297 6.13818 6.02268 5.77183 4.97624 3.07222 3.1538 2.94144 2.34401 3.66441 4.48669 5.23315 5.62661 5.72319
-9999 -9999 -9999 -9999 -9999 -9999 -9999 -9999 0.0608783 2.31754 2.79098 2.75152 1.99919 2.34027 5.11211 5.66802 7.13133 8.51721 8.41368 7.89438 7.04684 6.0688 4.55508 2.41514 0.715134 0.00146494 1.83535 3.63528 4.0065 4.58008 5.76532 5.9895 4.67867 3.44881 4.13534 4.54729 6.12547 6.41002 6.09795 4.78952 3.29384 2.51014 3.42236 3.53872 3.58718 3.59123 3.5463 3.50775 4.53481 5.09559 5.48223 5.68926 6.05462 6.1427 6.16614 6.188 6.17458 6.14883 6.08351 6.01016 5.70885 5.34537 4.04663 2.96259 2.28388 1.42403 3.33851 3.89477 4.67033 5.16851 5.55954 5.63967
