Test_Spring_2018b/12_17/Temp/20171210_003.txt
ncols	170
nrows	115
xllcorner	350000.000000
yllcorner	4445000.000000
cellsize	1000.000000
nodata_value	-9999.000000
[rows 31 to 61 of 115, columns 70 to 139 of 170]
5.86076 6.4853 6.71743 6.28991 6.33648 7.37081 7.6029 7.59117 7.49529 7.4013 6.91457 6.75503 6.37305 5.69663 5.41644 4.2094 0.294059 1.40985 1.84983 0.718938 1.35954 2.39837 1.50478 -1.15872 -2.30263 -4.14874 -3.55115 -4.10179 -5.58626 -9999 -9999 -9999 -9999 -9999 -9999 -9999 -9999 -9999 -9999 -9999 -9999 -9999 -9999 -9999 -9999 -9999 -9999 -9999 -9999 -9999 -9999 -9999 -9999 -9999 -9999 -9999 -9999 -9999 -9999 -9999 -9999 -9999 -9999 -9999 -9999 -9999 -9999 -9999 -9999 -9999
5.97467 6.26272 6.24038 5.82895 6.47434 7.06881 6.70752 6.47236 7.44093 7.44522 7.11835 6.34468 6.064 5.77299 5.59681 4.60373 1.80778 -0.712065 0.646948 0.684937 -0.244822 1.43924 0.558988 -1.74712 -5.00509 -3.22444 -3.67978 -5.98044 -6.53932 -9999 -9999 -9999 -9999 -9999 -9999 -9999 -9999 -9999 -9999 -9999 -9999 -9999 -9999 -9999 -9999 -9999 -9999 -9999 -9999 -9999 -9999 -9999 -9999 -9999 -9999 -9999 -9999 -9999 -9999 -9999 -9999 -9999 -9999 -9999 -9999 -9999 -9999 -9999 -9999 -9999
5.18737 5.89946 5.68619 5.51176 6.46932 6.4531 6.39604 6.74066 7.34145 7.46607 7.34142 7.00666 6.71769 6.41018 5.62222 4.4854 2.09336 -0.775599 -1.42175 -0.00886741 0.0647148 0.297022 -0.504559 -1.51293 -3.09397 -1.78751 -1.27615 -2.78439 -4.76306 -6.03777 -9999 -9999 -9999 -9999 -9999 -9999 -9999 -9999 -9999 -9999 -9999 -9999 -9999 -9999 -9999 -9999 -9999 -9999 -9999 -9999 -9999 -9999 -9999 -9999 -9999 -9999 -9999 -9999 -9999 -9999 -9999 -9999 -9999 -9999 -9999 -9999 -9999 -9999 -9999 -9999
4.1309 5.34997 5.02486 4.10393 4.68265 5.11807 5.91952 6.12189 6.24605 7.38807 7.33243 7.28449 6.80369 6.42035 5.78202 4.6881 3.12853 1.24978 -2.02557 0.00373904 1.59422 1.55996 1.47961 0.775199 -0.743348 0.539198 0.605709 -1.31974 -3.52522 -4.81891 -5.34961 -9999 -9999 -9999 -9999 -9999 -9999 -9999 -9999 -9999 -9999 -9999 -9999 -9999 -9999 -9999 -9999 -9999 -9999 -9999 -9999 -9999 -9999 -9999 -9999 -9999 -9999 -9999 -9999 -9999 -9999 -9999 -9999 -9999 -9999 -9999 -9999 -9999 -9999 -9999
-9999 4.58568 4.27286 3.14714 3.72942 4.50498 5.59751 6.15802 6.58789 6.93253 7.28406 7.24778 6.75552 5.29224 5.08778 5.02967 4.01156 1.86891 -0.270744 -0.820445 1.60269 2.30085 2.16643 2.71273 1.4275 2.04476 1.80115 1.12521 -0.990937 -2.92294 -3.7178 -5.29604 -9999 -9999 -9999 -9999 -9999 -9999 -9999 -9999 -9999 -9999 -9999 -9999 -9999 -9999 -9999 -9999 -9999 -9999 -9999 -9999 -9999 -9999 -9999 -9999 -9999 -9999 -9999 -9999 -9999 -9999 -9999 -9999 -9999 -9999 -9999 -9999 -9999 -9999
-9999 -9999 -9999 -9999 2.44194 3.49604 4.36319 5.43186 6.3507 6.81568 7.26757 7.2362 6.24729 5.7662 5.72889 5.06349 3.88728 3.15136 1.80646 0.405191 0.949224 3.0168 2.10668 3.57362 3.45686 3.732 2.76272 0.923017 -1.53327 -2.967 -3.67721 -4.95462 -9999 -9999 -9999 -9999 -9999 -9999 -9999 -9999 -9999 -9999 -9999 -9999 -9999 -9999 -9999 -9999 -9999 -9999 -9999 -9999 -9999 -9999 -9999 -9999 -9999 -9999 -9999 -9999 -9999 -9999 -9999 -9999 -9999 -9999 -9999 -9999 -9999 -9999
-9999 -9999 -9999 -9999 -9999 3.30499 3.96527 5.39288 6.12839 6.4316 7.15758 7.16373 6.79199 6.51266 6.10531 5.57191 4.68929 3.71518 2.45071 2.33946 3.66441 3.6874 3.41881 3.64222 4.32656 4.15498 2.65634 0.0548255 -1.3156 -4.10245 -5.294 -5.16339 -6.00586 -9999 -9999 -9999 -9999 -9999 -9999 -9999 -9999 -9999 -9999 -9999 -9999 -2.64278 -9999 -9999 -9999 -9999 -9999 -9999 -9999 -9999 -9999 -9999 -9999 -9999 -9999 -9999 -9999 -9999 -9999 -9999 -9999 -9999 -7.55713 -9999 -9999 -9999
-9999 -9999 -9999 -9999 3.17487 4.05934 4.75558 5.65192 5.7427 6.2741 7.10802 7.1245 6.86206 6.56509 5.89176 5.72893 5.22888 4.17078 3.9593 4.39704 4.60241 4.83451 4.98028 4.87502 4.60794 4.26065 3.29624 2.09466 1.29076 -1.25415 -2.5396 -3.76956 -5.63528 -7.09323 -9999 -9999 -9999 -9999 -9999 -9999 -9999 -3.65481 -3.71547 -3.67296 -3.2525 -2.10826 -2.76484 -9999 -9999 -9999 -9999 -9999 -9999 -9999 -9999 -9999 -9999 -9999 -9999 -9999 -9999 -9999 -9999 -9999 -9999 -9999 -6.5297 -7.99718 -9999 -9999
-9999 -9999 -9999 -9999 3.40906 4.34857 4.8198 5.69042 6.19018 6.51562 6.80734 7.08639 7.04456 6.71522 6.21213 6.22056 5.52614 5.15464 4.89144 5.48139 5.60365 5.37686 5.09077 4.83879 4.11235 4.03508 3.80608 3.0466 1.79457 0.504051 -1.3574 -3.89275 -6.37913 -8.38325 -9999 -9999 -9999 -9999 -9999 -9999 -3.44922 -2.49815 -1.92456 -3.11556 -2.0804 -1.13311 -1.27259 -2.16488 -9999 -9999 -9999 -9999 -9999 -9999 -9999 -9999 -9999 -9999 -9999 -9999 -9999 -9999 0.437321 -1.0677 -4.11551 -5.67391 -6.60566 -7.93925 -9999 -9999
-9999 -9999 -9999 -9999 3.22503 4.33388 5.08628 5.75443 5.86454 6.5462 6.84697 6.99856 6.9853 6.92346 6.83455 6.22871 5.97142 5.05398 5.94383 5.9172 5.70083 4.82323 4.44732 2.93554 2.27482 2.13546 3.42209 2.48605 0.522284 -1.93487 -4.88881 -5.06876 -6.04094 -7.83136 -9999 -9999 -9999 -9999 -9999 -9999 -3.1548 -2.13817 -1.2878 -1.15581 -2.33909 -0.663363 -0.711157 -1.63212 -1.83264 -1.05772 -0.659602 -0.931522 -0.00517993 0.271433 -0.131098 0.329043 -9999 -9999 -9999 -9999 0.635824 0.704197 0.757621 0.134769 -3.19566 -5.46775 -7.50714 -7.68381 -9999 -9999
-9999 -9999 -9999 -9999 3.99123 4.67561 5.02368 5.08339 5.68312 6.27886 6.64919 6.91825 6.86853 6.85109 6.83261 6.62871 6.14871 6.24205 6.2092 5.93278 4.25511 2.29606 3.16126 2.00375 -0.490115 1.55487 2.67951 1.61808 -0.763067 -3.52571 -4.4241 -4.37368 -5.72884 -7.47455 -9999 -9999 -9999 -5.93123 -4.48033 -4.34672 -3.91289 -2.55992 -1.52819 -0.747799 -0.212918 -0.217211 -0.755938 -1.65623 -2.63568 -2.27126 -0.477848 -0.0323123 0.353255 0.639697 0.266706 0.474772 0.959421 1.21341 1.27077 1.16581 1.14719 1.19308 1.1432 0.562252 -2.41531 -4.11652 -5.19894 -7.37625 -9999 -9999
-9999 -9999 -9999 -9999 3.56349 4.15912 4.64212 5.43951 5.52727 6.03397 6.33328 6.78135 6.83528 6.32 6.75379 6.70326 6.62842 6.46408 6.22105 4.80568 2.85269 0.895246 -0.00387306 0.388675 -1.10621 -0.320262 0.819369 0.418804 -1.03697 -3.49708 -3.83653 -4.40207 -6.68308 -8.88242 -9999 -9999 -8.73495 -5.95857 -4.00128 -2.98772 -2.66796 -2.62941 -1.33184 -1.2211 0.176101 -0.136622 -1.95631 -1.73858 -2.43947 -1.96534 -1.29915 -1.1087 -0.153367 0.763761 0.943745 0.956359 1.26786 1.33787 1.3612 1.3603 1.16143 1.26231 1.28357 0.923891 -1.23224 -2.27972 -3.4304 -7.34458 -9999 -9999
-9999 -9999 -9999 -9999 3.86515 4.53019 5.25788 5.37882 5.91866 5.86851 5.71668 6.468 6.74574 6.38294 6.12326 6.61447 6.58607 6.52738 6.4275 5.09798 3.55882 1.2252 -0.221392 -1.10486 -1.72796 -2.55661 -1.96665 -2.13487 -2.36368 -2.0809 -2.74792 -4.0938 -5.4278 -7.92916 -9.28061 -9999 -8.58239 -7.32573 -4.99953 -3.0212 -1.76214 -2.20345 -0.729198 -0.447775 0.408714 -0.076587 -1.17548 -1.64098 -1.67168 -1.80603 -0.807356 -0.130136 0.353583 0.676803 1.07837 1.18616 1.29381 1.34294 1.37266 1.40237 1.4039 1.40265 1.36548 1.23445 0.246822 -0.795445 -3.06287 -7.21116 -9999 -9999
-9999 -9999 -9999 1.93711 3.79209 4.9045 5.33731 5.6505 5.92683 6.1277 6.33602 6.53433 6.67168 6.61873 5.65179 5.73568 5.91539 6.47241 6.4396 6.32594 5.488 2.64693 1.66873 0.239772 -1.61459 -2.3797 -1.9806 -0.443236 -0.501794 -1.50396 -2.62218 -4.17226 -5.15328 -6.68587 -9.63365 -9.36104 -8.02255 -7.02481 -5.44177 -3.02542 -1.32885 -0.56689 -0.273245 0.33061 0.649742 -0.017752 -0.650197 -0.910209 -1.40211 -1.46078 -1.44457 -0.836246 -0.355927 0.69182 1.04969 1.21905 1.30835 1.35954 1.39831 1.43622 1.45348 1.43995 1.44743 1.44595 1.38234 -0.0117057 -3.50913 -6.14061 -9999 -9999
-9999 -9999 -9999 -9999 3.4529 3.94411 4.07508 4.30158 4.76185 5.29198 6.03958 6.13934 6.55462 6.55698 5.7247 4.76283 5.60987 5.95012 6.30334 6.32098 6.21995 3.83269 2.58886 1.61183 -0.165629 0.49273 1.11519 1.17178 0.812263 -1.34703 -3.49784 -5.98005 -8.29834 -8.4016 -9.64506 -8.97446 -8.08826 -5.82299 -4.22668 -3.57497 -3.10436 -0.647089 -0.000828925 0.229013 0.866706 0.0231882 -0.177964 -0.807734 -0.603809 -0.647032 -0.630427 -2.39758 -0.596407 -0.479708 0.69393 1.22796 1.35555 1.39536 1.43674 1.44881 1.46187 1.46276 1.48085 1.47154 1.46072 0.557598 -3.88159 -6.10439 -9999 -9999
-9999 -9999 -9999 -9999 -9999 -9999 3.61765 3.99272 4.23417 4.64982 5.9149 6.25914 6.48929 6.51271 6.14413 5.19247 4.94578 5.12705 4.20023 4.98892 6.06443 6.04621 5.92552 3.82984 2.76634 3.81934 3.51279 1.94071 0.705486 -0.513776 -3.03331 -4.87602 -7.53409 -9.52851 -9.59646 -7.37949 -5.53633 -3.24433 -2.22927 -2.79639 -2.16702 -0.941665 0.449418 1.12775 0.981216 0.0915988 -0.0191268 -0.996856 -0.00977372 0.0869804 -0.352591 -0.730974 -0.559232 0.0275346 0.257611 1.17732 1.40648 1.45421 1.46809 1.47831 1.48059 1.4815 1.478 1.47558 1.47044 1.43744 -3.12584 -6.67233 -9999 -9999
-9999 -9999 -9999 -9999 -9999 -9999 2.74287 2.97253 3.57108 5.10343 5.90417 6.23123 6.22414 6.3779 6.11935 5.28247 4.42385 3.61488 2.57053 3.17908 4.77733 5.72338 5.83899 4.00319 4.97676 4.62777 3.92963 1.87059 0.355686 -0.442937 -2.86132 -4.93128 -6.69673 -9.13823 -8.08297 -6.92201 -5.43318 -2.93264 -1.24362 -0.545332 -1.11788 -0.331657 1.26772 1.28697 0.428614 0.497123 -0.0170112 -1.35776 0.0655421 0.475865 0.169624 0.265799 0.162472 0.388143 0.789009 1.17206 1.4291 1.4705 1.48157 1.47975 1.48534 1.49276 1.48186 1.49036 1.4852 1.47008 -1.47229 -6.73585 -9999 -9999
-9999 -9999 -9999 -9999 -9999 -9999 -9999 1.95046 3.31239 5.34558 5.84933 5.80704 6.23017 6.27059 5.87132 5.52575 4.48224 3.05505 0.308573 1.01746 2.48931 4.60866 5.72704 5.58681 4.98296 3.92149 1.33801 -0.921692 -1.1871 -1.54875 -3.31102 -4.90299 -6.8667 -5.7158 -4.45638 -3.07974 -2.35344 -2.53385 -1.08558 0.0968218 -0.394585 0.567948 1.69034 1.1961 0.908934 0.670523 0.0739371 0.0505117 0.128225 0.942581 0.402397 0.756209 0.780764 0.773218 0.973753 1.20206 1.44047 1.48592 1.49336 1.50342 1.48282 1.4985 1.492 1.4862 1.48205 1.47026 1.21196 -1.61853 -3.30668 -9999
-9999 -9999 -9999 -9999 -9999 -9999 -9999 0.700363 1.38119 3.78869 4.53103 5.59718 6.16528 6.19562 5.51846 5.14394 3.586 3.08516 0.545073 -0.600219 0.386483 0.020543 2.93603 5.51737 4.971 -0.209996 -2.07978 -3.41048 -3.05566 -3.04235 -3.52587 -6.24245 -6.98508 -4.53602 -2.99146 -1.7935 -0.883406 -0.688606 -0.713264 1.13216 1.3846 1.99055 1.87015 1.9359 1.01888 0.456459 0.973705 0.408457 0.323359 1.16414 0.363404 1.11347 1.04256 0.833112 0.83239 1.32753 1.43466 1.49429 1.50453 1.49167 1.47315 1.46582 1.48833 1.48832 1.46929 1.47907 1.46156 1.13383 -0.326555 -0.830373
-9999 -9999 -9999 -9999 -9999 -9999 -9999 -9999 -0.857214 2.4876 4.01409 4.82021 5.95383 6.09453 5.7365 5.08443 3.49784 2.10377 -0.166161 -2.75901 -4.12729 0.00350942 3.60035 5.4824 5.24979 0.938773 -0.756218 -0.824823 0.189995 -0.647539 -1.28065 -3.34281 -3.95298 -4.80511 -4.26704 -2.59993 -1.23689 0.0772958 1.03455 1.11886 1.74297 2.10741 2.14587 2.26717 2.16917 2.09202 1.21161 1.84386 1.33244 1.62486 1.45906 1.31043 1.18716 0.686227 1.05911 1.38966 1.48116 1.51496 1.50211 1.50371 1.49606 1.47196 1.46622 1.47148 1.47636 1.46837 1.47703 1.47136 1.31638 0.441755
-9999 -9999 -9999 -9999 -9999 -9999 -9999 -9999 -2.52261 0.806093 2.40833 4.47513 5.53906 5.97575 5.92403 5.39677 4.1927 2.37786 0.867554 -2.02784 -5.03405 -0.698729 3.16588 5.25519 5.3752 1.75777 2.77507 1.97175 2.31032 0.830613 0.221474 -0.258413 -1.3191 -2.48035 -3.75206 -4.42046 -1.37001 0.199431 1.46372 2.06353 2.40591 2.58095 2.50161 2.28494 0.944137 1.98626 1.94632 1.85667 1.75221 1.70856 1.61506 1.5023 1.44401 1.42895 1.0992 1.4957 1.49561 1.50784 1.51614 1.51219 1.49896 1.48819 1.47369 1.48201 1.47794 1.47306 1.47273 1.47829 1.47699 1.43812
-9999 -9999 -9999 -9999 -9999 -9999 -9999 -9999 -7.19138 -2.34997 1.53563 3.57079 5.22947 5.6885 5.86333 5.15418 4.62557 3.32647 2.09706 0.197176 -2.65173 -4.40245 -1.15361 3.56437 5.31138 5.19001 5.09162 4.16098 3.32321 3.22602 3.29936 2.32182 0.892955 -0.977601 -1.55424 -2.20575 0.0681168 0.382204 0.22313 2.72262 2.73542 2.60135 1.65584 0.600429 0.813284 0.166775 0.687707 -0.0878237 0.649273 1.28821 1.53475 1.52777 1.46038 1.46305 1.43532 1.51216 1.51871 1.51499 1.51329 1.51509 1.51185 1.489 1.47886 1.49598 1.4854 1.47861 1.4747 1.48309 1.48709 1.46061
-9999 -9999 -9999 -9999 -9999 -9999 -9999 -9999 -6.98273 -2.9139 0.541995 2.61829 4.61344 5.0803 5.75726 5.61789 5.06399 3.93559 2.52465 0.962212 -1.48095 -3.29446 -1.11962 2.01683 4.26477 5.08157 5.08439 5.04038 4.83738 4.75907 4.52082 4.35336 3.33086 1.56674 0.57137 -0.88918 1.64429 1.93441 1.54579 2.81357 2.7574 0.857996 -0.600079 -0.773979 0.134216 -0.706021 -0.84124 -1.35584 -0.745179 0.871171 0.41722 0.521523 1.26447 1.39447 1.48219 1.51119 1.51384 1.51753 1.51194 1.5203 1.52848 1.50636 1.49971 1.50002 1.47954 1.48467 1.47383 1.47016 1.4683 1.45822
-9999 -9999 -9999 -9999 -9999 -9999 -9999 -9999 -6.89706 -4.16009 -1.04947 2.00528 4.1358 4.99838 5.62807 5.62706 4.98231 4.42453 3.54247 2.16863 1.22883 -0.407751 -2.65633 1.13544 2.30623 3.35589 3.80085 4.8899 4.87313 4.388 3.82185 4.36355 4.21831 2.82152 2.36707 1.5943 3.00648 3.01649 2.98419 2.9157 1.31181 -0.919929 -2.70171 -1.40493 -1.66474 -1.05846 -2.87609 -1.35502 -0.130166 0.275207 -0.534282 -1.1347 0.772202 1.09775 1.29303 1.42078 1.50703 1.49547 1.52183 1.51752 1.51868 1.5193 1.50992 1.50716 1.49806 1.48892 1.4839 1.48232 1.46981 1.45218
-9999 -9999 -9999 -9999 -9999 -9999 -9999 -9999 -9999 -5.77332 -1.82982 1.69065 3.65305 4.88928 5.49445 5.4893 5.16254 4.78572 4.24111 3.2517 2.00742 0.0374436 -1.42269 -0.48265 0.664684 0.80715 1.57264 3.77491 4.53332 3.48068 0.863349 2.42549 4.16171 4.14142 4.00143 3.84369 3.63823 3.45486 3.0455 1.93757 -1.47083 -2.13375 -3.46532 -3.30419 -3.98218 -2.46519 -3.01221 -1.4588 -0.779168 -0.515601 -1.93053 -1.6123 0.0770311 0.749881 0.648856 1.06453 1.46213 1.48259 1.50113 1.49829 1.51377 1.52399 1.52475 1.51397 1.5088 1.50734 1.48748 1.5012 1.38326 1.30996
-9999 -9999 -9999 -9999 -9999 -9999 -9999 -9999 -9999 -6.55353 -2.61895 1.52637 2.86101 4.19348 5.34443 5.3726 4.87018 4.39288 3.90129 3.341 1.83021 0.365704 -1.03182 -1.49548 -1.20405 -1.20978 0.0226441 2.88868 3.45087 3.22383 0.494447 -0.425146 1.89159 3.83965 3.99998 3.83142 1.55538 2.04893 0.824491 -0.838565 -1.29057 -2.01365 -3.55029 -2.79765 -3.92011 -3.42517 -3.53443 -2.6482 -2.21051 -1.1583 -2.39047 -2.36834 -0.709213 0.130177 0.160126 1.03984 1.35879 1.44829 1.47666 1.49907 1.51049 1.5319 1.53172 1.52695 1.51827 1.48523 1.39494 1.10272 -0.53822 -0.526827
-9999 -9999 -9999 -9999 -9999 -9999 -9999 -9999 -9999 -6.09839 -3.36635 0.312602 3.03929 3.21595 4.54475 5.23365 4.68688 4.07068 3.44031 3.16874 1.52386 -0.283397 -1.74188 -3.46941 -3.17535 -1.92089 0.134091 1.98841 2.32724 1.95451 0.497854 1.20052 2.78311 3.62705 3.88129 3.69478 3.20495 2.92505 2.02551 1.64005 0.388178 -1.57338 -2.34073 -1.84054 -3.92247 -3.76682 -2.98375 -3.78383 -2.4192 -1.76069 -3.3554 -2.05891 -0.594365 0.158862 0.818276 1.13493 1.26618 1.46263 1.47573 1.49955 1.51611 1.52132 1.52926 1.50692 1.48997 1.32299 1.07287 -0.45854 -1.08467 -0.949584
-9999 -9999 -9999 -9999 -9999 -9999 -9999 -9999 -9999 -5.63337 -3.17289 0.017859 1.96362 2.31651 3.78957 5.10025 4.96079 4.31949 4.12889 3.46444 2.0705 0.530326 -1.15356 -1.968 -3.85047 -1.98088 -0.491323 1.0802 1.82002 0.625772 0.0280976 1.11028 2.18598 2.6204 3.70638 3.70392 3.36027 1.85318 1.12228 1.44234 1.13303 0.585546 -0.761786 -0.813395 -1.67528 -2.02669 -2.35783 -3.44348 -2.72735 -2.64661 -2.4392 -0.893112 -0.126382 0.384978 0.850672 0.979417 1.18657 1.4526 1.48355 1.50093 1.50782 1.52068 1.50981 1.44469 1.39119 1.04674 0.430621 -0.726316 -2.59944 -1.25867
-9999 -9999 -9999 -9999 -9999 -9999 -9999 -9999 -9999 -6.05171 -3.43813 -0.710234 0.433678 0.632789 3.29407 4.92608 4.93523 4.63469 4.28275 2.63131 2.73585 2.41159 0.893335 -1.32146 -3.7545 -3.51734 -2.04846 0.0264427 0.717998 -1.26495 -1.96167 -1.43414 0.188209 1.64116 3.15773 3.54884 3.11413 0.764027 -1.73387 -0.563662 0.686292 0.68774 0.331935 -0.916735 -1.30703 -1.65926 -2.56726 -4.10606 -3.86171 -3.4199 -1.66015 -1.10111 -0.24285 0.471344 0.214662 0.378985 1.06196 1.45735 1.48027 1.49538 1.51626 1.51548 1.50051 1.36279 1.21656 0.965611 -0.654505 -1.65859 -3.12109 -1.39296
-9999 -9999 -9999 -9999 -9999 -9999 -9999 -9999 -9999 -6.85937 -4.96113 -2.35344 -1.29897 0.379697 2.895 4.1354 4.73342 4.727 4.49474 3.75915 3.3199 2.44751 0.867813 -1.29483 -3.69952 -5.26205 -4.45533 -1.66093 -0.988567 -2.82287 -3.75045 -2.57571 -0.847264 1.70783 3.17111 3.37565 3.25204 2.77377 0.952305 -1.24998 -1.23424 -0.117243 -1.03627 -2.10562 -1.5037 -1.60429 -2.50087 -3.15033 -3.53073 -3.26345 -2.25696 -1.83809 -0.848222 0.608095 0.82442 0.792213 1.41014 1.44914 1.47174 1.50299 1.51045 1.51301 1.50288 1.39215 1.13396 0.0583429 -0.878459 -2.18498 -2.3389 -0.796548
-9999 -9999 -9999 -9999 -9999 -9999 -9999 -9999 -9999 -8.24995 -6.01753 -3.57432 -1.28616 0.879096 2.74363 2.89355 3.88016 3.88558 4.40596 4.26591 3.58478 2.85127 1.49132 -1.28899 -3.62547 -6.17422 -5.49191 -2.64511 -2.25882 -3.4836 -5.75402 -3.39198 -0.788149 1.57239 2.85393 1.86381 2.89494 2.81895 2.14153 0.83384 -1.20383 -1.15674 -2.68142 -2.73939 -1.94303 -1.67834 -1.80022 -2.28547 -3.06074 -2.90134 -2.28409 -2.12162 -1.21125 -0.079491 1.027 1.22026 1.43828 1.45582 1.46765 1.49308 1.50352 1.48887 1.44095 1.3248 0.424387 -0.647936 -1.30518 -2.21285 -2.31531 -0.543856
