Test_Spring_2018b/12_17/Temp/20171205_022.txt
ncols	170
nrows	115
xllcorner	350000.000000
yllcorner	4445000.000000
cellsize	1000.000000
nodata_value	-9999.000000
[rows 31 to 61 of 115, columns 70 to 139 of 170]
4.16249 4.89625 5.16814 4.66325 4.71703 5.94971 6.23003 6.2155 6.12555 6.01307 5.43738 5.2466 4.79331 3.99284 3.65896 2.23321 -2.38286 -1.07173 -0.556252 -1.89075 -1.13772 0.0851074 -0.96789 -4.1053 -5.45205 -7.62558 -6.91819 -7.56135 -9.30857 -9999 -9999 -9999 -9999 -9999 -9999 -9999 -9999 -9999 -9999 -9999 -9999 -9999 -9999 -9999 -9999 -9999 -9999 -9999 -9999 -9999 -9999 -9999 -9999 -9999 -9999 -9999 -9999 -9999 -9999 -9999 -9999 -9999 -9999 -9999 -9999 -9999 -9999 -9999 -9999 -9999
4.30011 4.63705 4.60869 4.12226 4.88102 5.57991 5.17639 4.91185 6.06285 6.06615 5.67889 4.76486 4.43122 4.08512 3.87412 2.70073 -0.59644 -3.56813 -1.97007 -1.92781 -3.02512 -1.04274 -2.08071 -4.79791 -8.63599 -6.53801 -7.07385 -9.77753 -10.4376 -9999 -9999 -9999 -9999 -9999 -9999 -9999 -9999 -9999 -9999 -9999 -9999 -9999 -9999 -9999 -9999 -9999 -9999 -9999 -9999 -9999 -9999 -9999 -9999 -9999 -9999 -9999 -9999 -9999 -9999 -9999 -9999 -9999 -9999 -9999 -9999 -9999 -9999 -9999 -9999 -9999
3.37594 4.21204 3.95834 3.7507 4.87684 4.85602 4.80194 5.22914 5.94719 6.09229 5.94341 5.54668 5.20358 4.83836 3.90696 2.56447 -0.256748 -3.63971 -4.40394 -2.74229 -2.65806 -2.38647 -3.33243 -4.5216 -6.38501 -4.84649 -4.24437 -6.02026 -8.34899 -9.8341 -9999 -9999 -9999 -9999 -9999 -9999 -9999 -9999 -9999 -9999 -9999 -9999 -9999 -9999 -9999 -9999 -9999 -9999 -9999 -9999 -9999 -9999 -9999 -9999 -9999 -9999 -9999 -9999 -9999 -9999 -9999 -9999 -9999 -9999 -9999 -9999 -9999 -9999 -9999 -9999
2.13448 3.56746 3.18166 2.09429 2.77386 3.28489 4.25421 4.51349 4.65834 6.0021 5.93473 5.87616 5.30738 4.85313 4.09823 2.80646 0.965991 -1.25052 -5.11224 -2.72476 -0.854031 -0.897034 -0.994022 -1.82583 -3.61636 -2.10677 -2.02944 -4.29979 -6.87616 -8.40252 -9.03027 -9999 -9999 -9999 -9999 -9999 -9999 -9999 -9999 -9999 -9999 -9999 -9999 -9999 -9999 -9999 -9999 -9999 -9999 -9999 -9999 -9999 -9999 -9999 -9999 -9999 -9999 -9999 -9999 -9999 -9999 -9999 -9999 -9999 -9999 -9999 -9999 -9999 -9999 -9999
-9999 2.66957 2.29793 0.96903 1.65262 2.56425 3.86363 4.54601 5.06248 5.46712 5.87969 5.83518 5.25321 3.52704 3.2835 3.21207 2.00948 -0.518042 -3.04213 -3.6932 -0.84207 -0.0228336 -0.184167 0.456743 -1.05962 -0.334435 -0.623059 -1.42312 -3.9008 -6.17301 -7.11238 -8.97483 -9999 -9999 -9999 -9999 -9999 -9999 -9999 -9999 -9999 -9999 -9999 -9999 -9999 -9999 -9999 -9999 -9999 -9999 -9999 -9999 -9999 -9999 -9999 -9999 -9999 -9999 -9999 -9999 -9999 -9999 -9999 -9999 -9999 -9999 -9999 -9999 -9999 -9999
-9999 -9999 -9999 -9999 0.137382 1.39024 2.42191 3.69103 4.78428 5.33098 5.86215 5.82378 4.65709 4.08827 4.04185 3.25512 1.86624 0.995732 -0.592407 -2.24709 -1.61014 0.821709 -0.254064 1.47074 1.33025 1.65183 0.507798 -1.64624 -4.54343 -6.22873 -7.06866 -8.57695 -9999 -9999 -9999 -9999 -9999 -9999 -9999 -9999 -9999 -9999 -9999 -9999 -9999 -9999 -9999 -9999 -9999 -9999 -9999 -9999 -9999 -9999 -9999 -9999 -9999 -9999 -9999 -9999 -9999 -9999 -9999 -9999 -9999 -9999 -9999 -9999 -9999 -9999
-9999 -9999 -9999 -9999 -9999 1.16586 1.9539 3.63508 4.52327 4.87981 5.73429 5.74055 5.3013 4.97047 4.48833 3.85718 2.8141 1.66277 0.169023 0.0335528 1.58988 1.61252 1.29186 1.5511 2.35376 2.14856 0.37795 -2.67228 -4.28967 -7.57003 -8.97714 -8.82683 -9.8231 -9999 -9999 -9999 -9999 -9999 -9999 -9999 -9999 -9999 -9999 -9999 -9999 -5.95867 -9999 -9999 -9999 -9999 -9999 -9999 -9999 -9999 -9999 -9999 -9999 -9999 -9999 -9999 -9999 -9999 -9999 -9999 -9999 -9999 -11.9887 -9999 -9999 -9999
-9999 -9999 -9999 -9999 1.0025 2.06559 2.88514 3.94096 4.05737 4.69522 5.67738 5.6963 5.38623 5.03496 4.2397 4.04514 3.45264 2.20212 1.94842 2.45915 2.69598 2.96431 3.13113 3.00258 2.68388 2.27121 1.14621 -0.272713 -1.22285 -4.22517 -5.73601 -7.18847 -9.3901 -11.1117 -9999 -9999 -9999 -9999 -9999 -9999 -9999 -7.11482 -7.196 -7.15623 -6.67174 -5.33507 -6.1202 -9999 -9999 -9999 -9999 -9999 -9999 -9999 -9999 -9999 -9999 -9999 -9999 -9999 -9999 -9999 -9999 -9999 -9999 -9999 -10.788 -12.528 -9999 -9999
-9999 -9999 -9999 -9999 1.29966 2.40548 2.96043 3.98652 4.5762 4.9803 5.3243 5.65309 5.60339 5.21435 4.61983 4.62708 3.80547 3.36347 3.04839 3.73788 3.87616 3.60323 3.26065 2.95866 2.09829 2.00332 1.74326 0.845042 -0.633027 -2.15617 -4.34691 -7.33702 -10.2696 -12.6344 -9999 -9999 -9999 -9999 -9999 -9999 -6.86664 -5.75569 -5.09016 -6.50403 -5.29598 -4.19194 -4.36856 -5.43206 -9999 -9999 -9999 -9999 -9999 -9999 -9999 -9999 -9999 -9999 -9999 -9999 -9999 -9999 -2.54901 -4.33171 -7.93218 -9.77845 -10.887 -12.4693 -9999 -9999
-9999 -9999 -9999 -9999 1.08089 2.38659 3.27331 4.06156 4.19299 5.00961 5.37175 5.55099 5.53543 5.46188 5.3555 4.63911 4.3323 3.24683 4.28961 4.25214 3.99084 2.95053 2.50149 0.714824 -0.0686014 -0.224586 1.287 0.180756 -2.1357 -5.03303 -8.50846 -8.72573 -9.87425 -11.987 -9999 -9999 -9999 -9999 -9999 -9999 -6.52224 -5.33446 -4.34334 -4.19927 -5.60528 -3.64381 -3.7124 -4.81166 -5.0624 -4.16412 -3.70961 -4.04592 -2.97324 -2.66054 -3.14726 -2.61705 -9999 -9999 -9999 -9999 -2.30632 -2.23499 -2.18133 -2.92458 -6.85783 -9.54479 -11.9582 -12.1853 -9999 -9999
-9999 -9999 -9999 -9999 1.98067 2.7868 3.19782 3.27005 3.97912 4.69518 5.13904 5.46236 5.40378 5.38238 5.35874 5.11555 4.546 4.65082 4.60614 4.27392 2.29066 -0.0240916 0.988533 -0.385163 -3.31384 -0.912791 0.407891 -0.846016 -3.65401 -6.91095 -7.96472 -7.91022 -9.50953 -11.5717 -9999 -9999 -9999 -9.77272 -8.07059 -7.92139 -7.41958 -5.836 -4.63179 -3.72209 -3.10473 -3.11344 -3.77136 -4.84705 -6.01621 -5.6023 -3.50484 -2.99493 -2.56108 -2.23723 -2.68944 -2.46101 -1.90089 -1.61184 -1.55389 -1.68675 -1.71769 -1.67259 -1.74046 -2.43427 -5.94755 -7.96192 -9.24799 -11.8399 -9999 -9999
-9999 -9999 -9999 -9999 1.48074 2.18268 2.75295 3.6957 3.80201 4.40209 4.76768 5.30094 5.3649 4.7573 5.26657 5.20401 5.11154 4.91244 4.61965 2.94513 0.636926 -1.67652 -2.74287 -2.27448 -4.04076 -3.1229 -1.78461 -2.26343 -3.98311 -6.88354 -7.28535 -7.94766 -10.6392 -13.2328 -9999 -9999 -13.0709 -9.8061 -7.50738 -6.32168 -5.95454 -5.91985 -4.40305 -4.28529 -2.65279 -3.02685 -5.19351 -4.95266 -5.79276 -5.25043 -4.48902 -4.2798 -3.17089 -2.107 -1.90747 -1.90421 -1.548 -1.4755 -1.45737 -1.46734 -1.71028 -1.60008 -1.58387 -2.01682 -4.56661 -5.81099 -7.1837 -11.8143 -9999 -9999
-9999 -9999 -9999 -9999 1.83893 2.62337 3.48249 3.62752 4.26649 4.20625 4.04064 4.92793 5.25894 4.83121 4.52363 5.09918 5.06117 4.98616 4.86154 3.28762 1.46634 -1.29079 -3.00257 -4.03919 -4.77855 -5.76427 -5.07366 -5.27546 -5.54791 -5.2171 -6.00705 -7.58839 -9.16177 -12.1126 -13.7073 -9999 -12.8926 -11.4178 -8.68446 -6.36233 -4.88894 -5.41997 -3.6956 -3.37746 -2.37526 -2.96168 -4.27962 -4.85223 -4.90501 -5.07966 -3.9192 -3.13689 -2.58403 -2.21731 -1.75927 -1.64392 -1.52774 -1.47964 -1.45367 -1.42723 -1.43373 -1.44351 -1.49586 -1.65925 -2.83239 -4.07565 -6.75845 -11.6648 -9999 -9999
-9999 -9999 -9999 -0.444091 1.74767 3.05973 3.5721 3.94428 4.27349 4.514 4.7718 5.00493 5.16833 5.10774 3.967 4.06261 4.26952 4.91948 4.87344 4.73135 3.73567 0.380276 -0.771388 -2.46224 -4.65237 -5.56163 -5.09581 -3.28821 -3.35987 -4.54246 -5.86125 -7.68346 -8.84218 -10.6493 -14.1258 -13.8076 -12.2349 -11.0649 -9.20691 -6.36883 -4.38028 -3.49423 -3.1612 -2.45777 -2.09626 -2.9056 -3.67446 -3.99826 -4.59517 -4.68142 -4.679 -3.9784 -3.42964 -2.21009 -1.80164 -1.61537 -1.52067 -1.4699 -1.43296 -1.3965 -1.38411 -1.40803 -1.40751 -1.41812 -1.50646 -3.15972 -7.29762 -10.4171 -9999 -9999
-9999 -9999 -9999 -9999 1.34251 1.92333 2.08071 2.35132 2.89778 3.52667 4.41978 4.53947 5.02982 5.03142 4.05039 2.9139 3.90671 4.30101 4.70937 4.72159 4.59364 1.77788 0.305384 -0.852114 -2.95168 -2.18393 -1.45492 -1.39159 -1.81758 -4.36303 -6.8979 -9.81805 -12.5505 -12.6738 -14.1413 -13.3551 -12.3148 -9.65144 -7.77773 -7.01854 -6.47441 -3.59156 -2.83918 -2.58777 -1.85258 -2.86316 -3.12443 -3.88461 -3.66253 -3.73126 -3.72895 -5.82725 -3.7228 -3.59977 -2.23037 -1.61371 -1.47476 -1.43713 -1.39682 -1.39046 -1.3827 -1.38934 -1.37611 -1.39839 -1.42546 -2.50138 -7.74381 -10.382 -9999 -9999
-9999 -9999 -9999 -9999 -9999 -9999 1.53697 1.98303 2.27208 2.76643 4.26908 4.67685 4.94913 4.97649 4.54046 3.41589 3.12004 3.32681 2.22698 3.14699 4.40828 4.379 4.22954 1.75421 0.493202 1.72847 1.36315 -0.492052 -1.94951 -3.38736 -6.35634 -8.52303 -11.6555 -14.0063 -14.0882 -11.4792 -9.31232 -6.61724 -5.42818 -6.10486 -5.37386 -3.94257 -2.31781 -1.53415 -1.72338 -2.78888 -2.94405 -4.11477 -2.97069 -2.87503 -3.41057 -3.87321 -3.68852 -3.01187 -2.75408 -1.6825 -1.4231 -1.37678 -1.36859 -1.36415 -1.36882 -1.37523 -1.39073 -1.40373 -1.42101 -1.47214 -6.86106 -11.0587 -9999 -9999
-9999 -9999 -9999 -9999 -9999 -9999 0.501257 0.776226 1.4861 3.29608 4.25153 4.63898 4.63164 4.81237 4.50577 3.51617 2.49928 1.53936 0.301563 1.0104 2.88511 3.99178 4.12069 1.95154 3.09037 2.67407 1.84748 -0.581315 -2.36817 -3.31038 -6.16007 -8.59443 -10.6752 -13.5525 -12.3111 -10.9459 -9.19571 -6.25522 -4.27216 -3.45864 -4.1432 -3.22951 -1.35967 -1.3528 -2.381 -2.31822 -2.94892 -4.54771 -2.89014 -2.42541 -2.80414 -2.70794 -2.8474 -2.59617 -2.13715 -1.69769 -1.4053 -1.3657 -1.36098 -1.37053 -1.37115 -1.37127 -1.39328 -1.39353 -1.41099 -1.44127 -4.92094 -11.1415 -9999 -9999
-9999 -9999 -9999 -9999 -9999 -9999 -9999 -0.433251 1.17583 3.57564 4.18101 4.13307 4.63224 4.67916 4.20654 3.79554 2.56071 0.872521 -2.37062 -1.54353 0.182353 2.67132 3.98164 3.81001 3.09064 1.83505 -1.21253 -3.87773 -4.19265 -4.62011 -6.69691 -8.56824 -10.8826 -9.52792 -8.04595 -6.4267 -5.57474 -5.79234 -4.09295 -2.70865 -3.2982 -2.17694 -0.869173 -1.4674 -1.82293 -2.12193 -2.8499 -2.89702 -2.82473 -1.88414 -2.53853 -2.13883 -2.12762 -2.15105 -1.92792 -1.67063 -1.40006 -1.35558 -1.35489 -1.35044 -1.38224 -1.37203 -1.38894 -1.40616 -1.42258 -1.44911 -1.76702 -5.1214 -7.12573 -9999
-9999 -9999 -9999 -9999 -9999 -9999 -9999 -1.91172 -1.10533 1.73503 2.62119 3.87859 4.5481 4.58278 3.78251 3.33704 1.49683 0.89981 -2.10009 -3.45712 -2.30257 -2.7412 0.686341 3.72097 3.06932 -3.0392 -5.24605 -6.81693 -6.40132 -6.38724 -6.9578 -10.1541 -11.0301 -8.1464 -6.32867 -4.92004 -3.85166 -3.62733 -3.66313 -1.49767 -1.21123 -0.510066 -0.666375 -0.604924 -1.70244 -2.3831 -1.7989 -2.48422 -2.60361 -1.63176 -2.59292 -1.72625 -1.82735 -2.08846 -2.10225 -1.53047 -1.41446 -1.35321 -1.34976 -1.37212 -1.40146 -1.41866 -1.40153 -1.41206 -1.44615 -1.44737 -1.4817 -1.8878 -3.62379 -4.23307
-9999 -9999 -9999 -9999 -9999 -9999 -9999 -9999 -3.74886 0.195085 2.00474 2.95523 4.29043 4.45468 4.03296 3.25949 1.38424 -0.264926 -2.94638 -6.0085 -7.62791 -2.76896 1.46146 3.67244 3.39039 -1.69326 -3.69428 -3.77852 -2.58563 -3.57417 -4.32131 -6.74688 -7.46723 -8.47277 -7.84104 -5.87751 -4.27831 -2.73549 -1.61467 -1.52393 -0.799088 -0.38319 -0.352226 -0.225164 -0.357614 -0.466346 -1.52844 -0.8027 -1.42396 -1.09775 -1.31058 -1.50226 -1.6648 -2.26902 -1.84247 -1.46444 -1.36676 -1.33804 -1.36063 -1.36614 -1.38287 -1.41961 -1.43657 -1.44103 -1.44705 -1.46926 -1.47273 -1.49944 -1.69745 -2.74335
-9999 -9999 -9999 -9999 -9999 -9999 -9999 -9999 -5.71764 -1.79343 0.10522 2.54018 3.80008 4.31027 4.24489 3.61839 2.19382 0.0491413 -1.73721 -5.15545 -8.70421 -3.60516 0.942111 3.39741 3.53345 -0.735936 0.458096 -0.491893 -0.095969 -1.84142 -2.56077 -3.12265 -4.37421 -5.74438 -7.24081 -8.03597 -4.44682 -2.60353 -1.12118 -0.423242 -0.0302681 0.163884 0.0560991 -0.216017 -1.81213 -0.60185 -0.673497 -0.797615 -0.938905 -1.00805 -1.13521 -1.28417 -1.36982 -1.40133 -1.80227 -1.34876 -1.36094 -1.35458 -1.35249 -1.36482 -1.3884 -1.40971 -1.43626 -1.43776 -1.45511 -1.47362 -1.48758 -1.50101 -1.51768 -1.57869
-9999 -9999 -9999 -9999 -9999 -9999 -9999 -9999 -11.2246 -5.51918 -0.919909 1.47575 3.42601 3.96301 4.16434 3.32356 2.69479 1.15785 -0.297341 -2.54253 -5.90568 -7.97491 -4.15553 1.39633 3.45091 3.29977 3.17931 2.07905 1.08881 0.971554 1.05563 -0.0928323 -1.77167 -3.97906 -4.66788 -5.43936 -2.76546 -2.40135 -2.59599 0.339758 0.344505 0.174681 -0.952488 -2.21171 -1.97697 -2.75696 -2.16741 -3.09881 -2.24801 -1.51237 -1.23834 -1.26213 -1.35814 -1.37217 -1.41656 -1.34078 -1.342 -1.35471 -1.3647 -1.37059 -1.38275 -1.4186 -1.44023 -1.43065 -1.45602 -1.47667 -1.49553 -1.50553 -1.51556 -1.56154
-9999 -9999 -9999 -9999 -9999 -9999 -9999 -9999 -10.9736 -6.16764 -2.09787 0.344779 2.69191 3.23786 4.03059 3.861 3.20252 1.86684 0.198042 -1.64934 -4.53423 -6.67719 -4.12143 -0.434186 2.2085 3.16212 3.16288 3.10679 2.8639 2.77726 2.49319 2.29848 1.08986 -0.999779 -2.17641 -3.90153 -0.922282 -0.586783 -1.05209 0.432561 0.356112 -1.89313 -3.62378 -3.84276 -2.79002 -3.79604 -3.97944 -4.60352 -3.90089 -2.01309 -2.56789 -2.45996 -1.60104 -1.46059 -1.37463 -1.35043 -1.35649 -1.36074 -1.37569 -1.37422 -1.37328 -1.40857 -1.42632 -1.43666 -1.47227 -1.48055 -1.50654 -1.53102 -1.5478 -1.57397
-9999 -9999 -9999 -9999 -9999 -9999 -9999 -9999 -10.8719 -7.64215 -3.97969 -0.384988 2.12124 3.13313 3.87003 3.8634 3.09796 2.43465 1.38909 -0.235892 -1.34953 -3.28388 -5.93897 -1.47798 -0.10616 1.12144 1.64997 2.92844 2.9045 2.32905 1.66672 2.30033 2.11597 0.466042 -0.0740087 -0.989485 0.66831 0.673418 0.627621 0.537977 -1.36167 -4.0022 -6.1138 -4.59976 -4.92029 -4.2241 -6.38887 -4.61719 -3.19094 -2.72959 -3.69791 -4.4196 -2.18926 -1.82547 -1.60638 -1.46598 -1.37377 -1.39633 -1.374 -1.38784 -1.39551 -1.40429 -1.42544 -1.43948 -1.46165 -1.48451 -1.50587 -1.52771 -1.55648 -1.59617
-9999 -9999 -9999 -9999 -9999 -9999 -9999 -9999 -9999 -9.54013 -4.89878 -0.755084 1.55246 3.00396 3.71154 3.69976 3.30885 2.85882 2.21109 1.03942 -0.432379 -2.75891 -4.48463 -3.38263 -2.03799 -1.8797 -0.983053 1.60641 2.49518 1.25064 -1.82962 -0.00441334 2.03602 2.00715 1.83702 1.64557 1.3982 1.17509 0.684818 -0.629417 -4.6548 -5.44826 -7.02938 -6.85298 -7.6659 -5.89738 -6.56533 -4.75137 -3.96656 -3.67148 -5.35314 -4.99536 -3.02734 -2.24661 -2.37662 -1.89714 -1.43653 -1.42168 -1.40891 -1.42138 -1.41249 -1.41021 -1.41957 -1.44564 -1.46343 -1.47742 -1.51709 -1.52118 -1.67397 -1.77408
-9999 -9999 -9999 -9999 -9999 -9999 -9999 -9999 -9999 -10.4661 -5.8343 -0.954836 0.612984 2.17773 3.52823 3.55572 2.95793 2.38959 1.80439 1.13826 -0.647515 -2.37866 -4.03076 -4.58258 -4.24472 -4.26349 -2.81713 0.553845 1.21096 0.938474 -2.28506 -3.37401 -0.650407 1.63882 1.82181 1.61699 -1.07107 -0.497135 -1.94788 -3.91627 -4.45897 -5.32198 -7.14431 -6.2706 -7.6065 -7.03758 -7.19354 -6.16471 -5.66413 -4.4393 -5.90504 -5.89581 -3.96388 -2.98687 -2.96264 -1.93669 -1.57082 -1.47494 -1.45094 -1.43403 -1.4303 -1.41518 -1.42595 -1.44264 -1.46443 -1.51536 -1.63413 -1.99537 -3.94879 -3.94858
-9999 -9999 -9999 -9999 -9999 -9999 -9999 -9999 -9999 -9.9349 -6.72011 -2.39034 0.817156 1.02019 2.58014 3.38598 2.73595 2.00399 1.2553 0.92926 -1.01456 -3.14961 -4.87371 -6.91467 -6.57403 -5.10189 -2.69394 -0.515244 -0.121751 -0.566392 -2.2918 -1.47033 0.387746 1.3756 1.66857 1.442 0.857663 0.520049 -0.548222 -1.01167 -2.49659 -4.81838 -5.73411 -5.15734 -7.623 -7.45317 -6.54453 -7.51492 -5.92168 -5.16001 -7.05232 -5.55229 -3.83946 -2.9639 -2.19821 -1.83574 -1.69125 -1.46967 -1.46397 -1.44567 -1.43612 -1.44022 -1.44147 -1.4788 -1.51017 -1.71864 -2.02535 -3.84169 -4.60406 -4.45764
-9999 -9999 -9999 -9999 -9999 -9999 -9999 -9999 -9999 -9.39152 -6.49701 -2.74264 -0.455299 -0.0447891 1.68502 3.2233 3.05306 2.29149 2.0608 1.27184 -0.376504 -2.19711 -4.18698 -5.15259 -7.37631 -5.17992 -3.43874 -1.59364 -0.728245 -2.14484 -2.8559 -1.58798 -0.327673 0.177108 1.44929 1.43899 1.02638 -0.757283 -1.62714 -1.25956 -1.63408 -2.28986 -3.88855 -3.96142 -4.98935 -5.41632 -5.81973 -7.12652 -6.29665 -6.2151 -5.99485 -4.1905 -3.29958 -2.70893 -2.17153 -2.0306 -1.79692 -1.49364 -1.46717 -1.45669 -1.45869 -1.45387 -1.47729 -1.56492 -1.63916 -2.05644 -2.79399 -4.16882 -6.40032 -4.8331
-9999 -9999 -9999 -9999 -9999 -9999 -9999 -9999 -9999 -9.88833 -6.81378 -3.6049 -2.26235 -2.03313 1.09636 3.0131 3.01786 2.65763 2.23675 0.284919 0.401662 0.0132084 -1.78183 -4.39744 -7.27014 -6.99724 -5.2788 -2.84341 -2.03537 -4.3822 -5.21053 -4.59661 -2.69294 -0.988894 0.789985 1.2428 0.722487 -2.05461 -5.00628 -3.6373 -2.17492 -2.18389 -2.61428 -4.09701 -4.56899 -4.9965 -6.07903 -7.91288 -7.64514 -7.13783 -5.09337 -4.4475 -3.44869 -2.61912 -2.93281 -2.75013 -1.95613 -1.50068 -1.48388 -1.47624 -1.46188 -1.47317 -1.50137 -1.6744 -1.85769 -2.16456 -4.08456 -5.27901 -7.02068 -5.00294
-9999 -9999 -9999 -9999 -9999 -9999 -9999 -9999 -9999 -10.8434 -8.61179 -5.54473 -4.3077 -2.33562 0.621809 2.07711 2.77548 2.76162 2.48156 1.60844 1.08433 0.0498724 -1.81788 -4.37242 -7.21215 -9.05978 -8.11637 -4.83949 -4.06622 -6.22742 -7.32827 -5.95248 -3.9244 -0.922534 0.793047 1.02562 0.871399 0.299088 -1.85592 -4.45995 -4.45151 -3.14621 -4.23989 -5.51111 -4.81392 -4.94467 -6.0134 -6.79123 -7.26754 -6.97699 -5.80885 -5.32803 -4.17417 -2.47041 -2.22701 -2.27602 -1.55885 -1.52343 -1.50717 -1.48064 -1.48214 -1.48949 -1.5119 -1.65299 -1.96795 -3.24607 -4.36083 -5.91125 -6.10397 -4.31224
-9999 -9999 -9999 -9999 -9999 -9999 -9999 -9999 -9999 -12.4848 -9.85976 -6.98662 -4.29638 -1.75117 0.439525 0.610116 1.76613 1.76606 2.37246 2.20067 1.39132 0.520137 -1.08912 -4.37172 -7.13154 -10.1415 -9.34511 -6.0047 -5.56399 -7.01555 -9.69888 -6.92496 -3.86618 -1.09402 0.407 -0.768203 0.437566 0.338887 -0.468561 -2.0188 -4.42935 -4.38435 -6.19136 -6.27093 -5.34446 -5.04465 -5.20055 -5.78472 -6.71839 -6.56286 -5.85341 -5.67463 -4.61449 -3.29319 -2.0013 -1.78489 -1.539 -1.52903 -1.52558 -1.50598 -1.50397 -1.53154 -1.59834 -1.74563 -2.81696 -4.09094 -4.8761 -5.95642 -6.08827 -4.01951
