Test_Spring_2018b/12_17/Temp/20171229_023.txt
ncols	170
nrows	115
xllcorner	350000.000000
yllcorner	4445000.000000
cellsize	1000.000000
nodata_value	-9999.000000
[rows 31 to 61 of 115, columns 70 to 139 of 170]
5.46575 6.03095 6.24082 5.85315 5.89555 6.84325 7.06347 7.05378 6.98229 6.89721 6.45582 6.31064 5.96342 5.34889 5.09314 3.99687 0.445337 1.45404 1.84998 0.821878 1.39952 2.33819 1.52528 -0.891817 -1.93131 -3.60712 -3.06811 -3.56153 -4.90952 -9999 -9999 -9999 -9999 -9999 -9999 -9999 -9999 -9999 -9999 -9999 -9999 -9999 -9999 -9999 -9999 -9999 -9999 -9999 -9999 -9999 -9999 -9999 -9999 -9999 -9999 -9999 -9999 -9999 -9999 -9999 -9999 -9999 -9999 -9999 -9999 -9999 -9999 -9999 -9999 -9999
5.56371 5.82385 5.80298 5.42975 6.01479 6.55392 6.24608 6.0381 6.92689 6.93067 6.63398 5.93194 5.67643 5.41118 5.24966 4.34733 1.8105 -0.476291 0.752757 0.784246 -0.0615346 1.46201 0.661166 -1.43205 -4.38797 -2.77646 -3.19166 -5.27172 -5.78592 -9999 -9999 -9999 -9999 -9999 -9999 -9999 -9999 -9999 -9999 -9999 -9999 -9999 -9999 -9999 -9999 -9999 -9999 -9999 -9999 -9999 -9999 -9999 -9999 -9999 -9999 -9999 -9999 -9999 -9999 -9999 -9999 -9999 -9999 -9999 -9999 -9999 -9999 -9999 -9999 -9999
4.84452 5.48901 5.29501 5.13653 6.00444 5.98989 5.94832 6.27549 6.83066 6.94338 6.82986 6.52559 6.26247 5.98221 5.26611 4.23347 2.06276 -0.540486 -1.12902 0.148742 0.212431 0.419983 -0.309608 -1.22658 -2.66257 -1.48107 -1.0202 -2.39043 -4.18346 -5.33374 -9999 -9999 -9999 -9999 -9999 -9999 -9999 -9999 -9999 -9999 -9999 -9999 -9999 -9999 -9999 -9999 -9999 -9999 -9999 -9999 -9999 -9999 -9999 -9999 -9999 -9999 -9999 -9999 -9999 -9999 -9999 -9999 -9999 -9999 -9999 -9999 -9999 -9999 -9999 -9999
3.88108 4.98512 4.68974 3.85458 4.37906 4.77388 5.51542 5.7193 5.83175 6.86665 6.81565 6.77133 6.3343 5.98528 5.40477 4.411 2.99485 1.28915 -1.68267 0.153809 1.59243 1.55828 1.48236 0.840794 -0.538686 0.620969 0.67841 -1.07418 -3.06011 -4.23688 -4.7221 -9999 -9999 -9999 -9999 -9999 -9999 -9999 -9999 -9999 -9999 -9999 -9999 -9999 -9999 -9999 -9999 -9999 -9999 -9999 -9999 -9999 -9999 -9999 -9999 -9999 -9999 -9999 -9999 -9999 -9999 -9999 -9999 -9999 -9999 -9999 -9999 -9999 -9999 -9999
-9999 4.2863 4.00209 2.98134 3.50912 4.21233 5.20902 5.73547 6.13569 6.44786 6.76599 6.73228 6.28488 4.95694 4.76971 4.7148 3.78942 1.84444 -0.0980041 -0.599372 1.59391 2.22355 2.09849 2.5905 1.42236 1.9788 1.75496 1.13497 -0.779151 -2.52611 -3.25099 -4.68607 -9999 -9999 -9999 -9999 -9999 -9999 -9999 -9999 -9999 -9999 -9999 -9999 -9999 -9999 -9999 -9999 -9999 -9999 -9999 -9999 -9999 -9999 -9999 -9999 -9999 -9999 -9999 -9999 -9999 -9999 -9999 -9999 -9999 -9999 -9999 -9999 -9999 -9999
-9999 -9999 -9999 -9999 2.33613 3.29794 4.09361 5.07116 5.91485 6.33625 6.7455 6.71633 5.81881 5.38121 5.34549 4.74008 3.67131 3.00137 1.77922 0.505802 0.995621 2.86642 2.03806 3.36444 3.25531 3.50148 2.61969 0.952669 -1.27824 -2.57371 -3.22204 -4.38461 -9999 -9999 -9999 -9999 -9999 -9999 -9999 -9999 -9999 -9999 -9999 -9999 -9999 -9999 -9999 -9999 -9999 -9999 -9999 -9999 -9999 -9999 -9999 -9999 -9999 -9999 -9999 -9999 -9999 -9999 -9999 -9999 -9999 -9999 -9999 -9999 -9999 -9999
-9999 -9999 -9999 -9999 -9999 3.11898 3.72699 5.02195 5.70758 5.98262 6.64053 6.64553 6.30757 6.05291 5.68178 5.19598 4.39324 3.50727 2.35786 2.25362 3.45111 3.4684 3.22138 3.42037 4.03724 3.87832 2.51266 0.158439 -1.08773 -3.61044 -4.69521 -4.5816 -5.35016 -9999 -9999 -9999 -9999 -9999 -9999 -9999 -9999 -9999 -9999 -9999 -9999 -2.38066 -9999 -9999 -9999 -9999 -9999 -9999 -9999 -9999 -9999 -9999 -9999 -9999 -9999 -9999 -9999 -9999 -9999 -9999 -9999 -9999 -7.01402 -9999 -9999 -9999
-9999 -9999 -9999 -9999 2.9884 3.80506 4.43747 5.25133 5.34226 5.83456 6.59061 6.60522 6.36649 6.09594 5.48372 5.33377 4.87772 3.91546 3.72033 4.1135 4.29592 4.50253 4.63089 4.53176 4.28603 3.96768 3.09357 2.00039 1.26767 -1.04373 -2.20586 -3.32563 -5.02181 -6.34848 -9999 -9999 -9999 -9999 -9999 -9999 -9999 -3.27763 -3.33925 -3.30766 -2.93379 -1.90419 -2.50728 -9999 -9999 -9999 -9999 -9999 -9999 -9999 -9999 -9999 -9999 -9999 -9999 -9999 -9999 -9999 -9999 -9999 -9999 -9999 -6.0917 -7.42979 -9999 -9999
-9999 -9999 -9999 -9999 3.20751 4.0608 4.48981 5.28091 5.73575 6.0484 6.31334 6.56625 6.52771 6.22794 5.77006 5.7753 5.14292 4.80284 4.5606 5.09148 5.1983 4.98868 4.72533 4.49299 3.83069 3.75694 3.54891 2.85641 1.71742 0.543497 -1.14142 -3.44452 -5.70334 -7.52513 -9999 -9999 -9999 -9999 -9999 -9999 -3.09218 -2.23646 -1.72321 -2.80981 -1.87886 -1.02793 -1.1625 -1.98751 -9999 -9999 -9999 -9999 -9999 -9999 -9999 -9999 -9999 -9999 -9999 -9999 -9999 -9999 0.243107 -1.12783 -3.89743 -5.31723 -6.16934 -7.38609 -9999 -9999
-9999 -9999 -9999 -9999 3.03359 4.04096 4.72548 5.33371 5.43601 6.06532 6.34483 6.48255 6.47014 6.41299 6.33059 5.77894 5.54266 4.70748 5.51016 5.48184 5.2814 4.48155 4.13652 2.762 2.15907 2.03208 3.1942 2.3416 0.557426 -1.67401 -4.34872 -4.51749 -5.40376 -7.03184 -9999 -9999 -9999 -9999 -9999 -9999 -2.83209 -1.91696 -1.15287 -1.04033 -2.12045 -0.609425 -0.668045 -1.51222 -1.70362 -1.01107 -0.660166 -0.918221 -0.090332 0.150958 -0.223009 0.185416 -9999 -9999 -9999 -9999 0.426765 0.482317 0.524359 -0.0467123 -3.07231 -5.13891 -6.99501 -7.17066 -9999 -9999
-9999 -9999 -9999 -9999 3.72086 4.34414 4.66286 4.7203 5.26715 5.8189 6.16135 6.40581 6.36045 6.34358 6.32498 6.13755 5.69918 5.77995 5.7459 5.49078 3.96534 2.1848 2.96441 1.91169 -0.346867 1.49935 2.51456 1.54827 -0.61424 -3.12256 -3.93434 -3.89418 -5.12757 -6.71834 -9999 -9999 -9999 -5.34013 -4.03058 -3.91535 -3.5283 -2.30842 -1.38014 -0.677003 -0.19985 -0.211839 -0.715563 -1.54137 -2.43927 -2.11925 -0.504025 -0.110578 0.225408 0.475302 0.127877 0.303762 0.735123 0.957896 1.00287 0.901098 0.877841 0.913194 0.861718 0.328694 -2.37333 -3.92233 -4.91094 -6.90545 -9999 -9999
-9999 -9999 -9999 -9999 3.32899 3.87223 4.31364 5.03959 5.12275 5.58531 5.86679 6.27801 6.32691 5.85895 6.25036 6.20191 6.13064 5.97758 5.75269 4.46481 2.68944 0.910021 0.0900364 0.446232 -0.913136 -0.208001 0.820674 0.454761 -0.872464 -3.10653 -3.41825 -3.9296 -6.00235 -8.00072 -9999 -9999 -7.88196 -5.37059 -3.60194 -2.68904 -2.40539 -2.37706 -1.20793 -1.11509 0.143373 -0.148686 -1.81314 -1.6258 -2.26889 -1.84989 -1.26276 -1.10061 -0.246674 0.574034 0.728109 0.731025 1.00545 1.06155 1.07585 1.0686 0.882197 0.96764 0.980879 0.648607 -1.31241 -2.26894 -3.32568 -6.88725 -9999 -9999
-9999 -9999 -9999 -9999 3.59741 4.20406 4.86771 4.98139 5.47463 5.43166 5.30439 5.98716 6.24243 5.91286 5.67573 6.11827 6.08893 6.03139 5.93594 4.72553 3.3249 1.20413 -0.112427 -0.913771 -1.48304 -2.24431 -1.71416 -1.87104 -2.08262 -1.83028 -2.43761 -3.65651 -4.87029 -7.14261 -8.37232 -9999 -7.74913 -6.61519 -4.51204 -2.72458 -1.58953 -1.99624 -0.667106 -0.419756 0.348369 -0.100507 -1.11167 -1.54999 -1.58862 -1.72122 -0.826734 -0.222116 0.204034 0.487046 0.841184 0.930329 1.02002 1.0573 1.07759 1.09832 1.09382 1.08694 1.04743 0.922594 0.0208773 -0.936028 -2.99936 -6.77308 -9999 -9999
-9999 -9999 -9999 1.83473 3.52401 4.53684 4.93387 5.22249 5.47753 5.6638 5.86257 6.04409 6.16964 6.12333 5.24516 5.31843 5.47757 5.97789 5.94294 5.83429 5.06894 2.48785 1.59911 0.296577 -1.3893 -2.09016 -1.73311 -0.343977 -0.401194 -1.31351 -2.33084 -3.7351 -4.62752 -6.02117 -8.69797 -8.45544 -7.24692 -6.34752 -4.91792 -2.73336 -1.20174 -0.517844 -0.259031 0.280506 0.561129 -0.0588345 -0.647375 -0.894194 -1.35134 -1.41578 -1.41223 -0.871704 -0.448544 0.491953 0.806906 0.951502 1.02463 1.06393 1.09261 1.12101 1.13102 1.11324 1.11441 1.10714 1.03912 -0.232048 -3.41695 -5.81595 -9999 -9999
-9999 -9999 -9999 -9999 3.20958 3.65989 3.7839 3.99452 4.41686 4.90213 5.58987 5.68257 6.06017 6.0624 5.30769 4.43297 5.19687 5.5005 5.81519 5.82527 5.72757 3.55862 2.42539 1.53426 -0.0820955 0.50734 1.06676 1.11362 0.783636 -1.17747 -3.13065 -5.37994 -7.48542 -7.58307 -8.71366 -8.11039 -7.31166 -5.26317 -3.82143 -3.23641 -2.81609 -0.59556 -0.0171197 0.179039 0.747329 -0.0276242 -0.225438 -0.807874 -0.634701 -0.685518 -0.681935 -2.29495 -0.674651 -0.578857 0.475726 0.951536 1.05932 1.08846 1.11971 1.12491 1.13132 1.12681 1.13775 1.12076 1.09953 0.272268 -3.7609 -5.78957 -9999 -9999
-9999 -9999 -9999 -9999 -9999 -9999 3.36348 3.70921 3.93361 4.3155 5.47241 5.78696 5.99695 6.01828 5.68295 4.81823 4.59061 4.74996 3.90415 4.61239 5.58207 5.5594 5.44402 3.53869 2.56729 3.51647 3.23372 1.80423 0.680482 -0.428444 -2.71572 -4.38537 -6.79867 -8.61037 -8.67586 -6.67032 -5.00373 -2.93088 -2.01593 -2.5357 -1.9715 -0.869528 0.382883 0.988392 0.845469 0.0283585 -0.0876975 -0.98592 -0.103191 -0.0274206 -0.437585 -0.791931 -0.648723 -0.12687 0.072443 0.897713 1.09787 1.1344 1.1409 1.1446 1.14142 1.13705 1.12486 1.11529 1.1025 1.06372 -3.08221 -6.31088 -9999 -9999
-9999 -9999 -9999 -9999 -9999 -9999 2.56479 2.77894 3.32726 4.72161 5.45763 5.75674 5.75177 5.89131 5.65573 4.89456 4.11247 3.37411 2.42177 2.96726 4.40966 5.26089 5.35953 3.68961 4.56465 4.24289 3.6051 1.73418 0.356931 -0.370643 -2.56612 -4.44176 -6.04579 -8.26257 -7.30975 -6.26127 -4.91587 -2.65379 -1.12787 -0.500929 -1.02672 -0.321852 1.11915 1.12698 0.338541 0.389636 -0.0922658 -1.31981 -0.0419048 0.317918 0.0284775 0.104215 -0.00192287 0.192652 0.546863 0.885792 1.11137 1.14229 1.14639 1.13931 1.13922 1.13925 1.12263 1.12282 1.10982 1.08703 -1.58986 -6.37512 -9999 -9999
-9999 -9999 -9999 -9999 -9999 -9999 -9999 1.8468 3.08709 4.93541 5.40219 5.36648 5.75146 5.78824 5.42509 5.10925 4.15946 2.86075 0.365441 1.00182 2.32957 4.24426 5.25177 5.11871 4.56382 3.59614 1.24933 -0.803516 -1.04816 -1.3796 -2.98029 -4.42262 -6.20624 -5.16656 -4.02856 -2.78446 -2.13017 -2.29821 -0.990504 0.0753847 -0.376961 0.487601 1.49608 1.03827 0.767389 0.54009 -0.0166665 -0.0502572 0.00784686 0.733857 0.232349 0.541657 0.551505 0.534796 0.707552 0.906364 1.11519 1.14989 1.1508 1.15454 1.13035 1.13846 1.12573 1.11281 1.10055 1.08059 0.836487 -1.74341 -3.28493 -9999
-9999 -9999 -9999 -9999 -9999 -9999 -9999 0.707804 1.33047 3.51785 4.20079 5.16966 5.6859 5.71345 5.09835 4.75596 3.34027 2.88126 0.572944 -0.471095 0.416913 0.0787882 2.71528 5.04917 4.54631 -0.155559 -1.85548 -3.06627 -2.74872 -2.74029 -3.18184 -5.64352 -6.32025 -4.10379 -2.70726 -1.62508 -0.804162 -0.632356 -0.659715 1.00709 1.229 1.77024 1.65209 1.70178 0.859882 0.338822 0.791664 0.266953 0.177529 0.927574 0.190013 0.85866 0.782103 0.582559 0.573061 1.0139 1.10385 1.1515 1.1544 1.13757 1.1152 1.10236 1.11579 1.10797 1.08207 1.08152 1.05557 0.744233 -0.590851 -1.05892
-9999 -9999 -9999 -9999 -9999 -9999 -9999 -9999 -0.704979 2.33161 3.72518 4.45803 5.48665 5.61406 5.28874 4.69479 3.25266 1.98407 -0.0792375 -2.43586 -3.68162 0.0564287 3.31059 5.01063 4.79213 0.878855 -0.662652 -0.729434 0.186325 -0.576555 -1.15376 -3.02215 -3.57883 -4.35477 -3.87059 -2.36306 -1.13278 0.0542402 0.916875 0.987243 1.54586 1.86835 1.89417 1.9942 1.89474 1.81361 0.99959 1.56052 1.08485 1.33804 1.17625 1.03052 0.906685 0.443155 0.77252 1.06432 1.14021 1.16226 1.14552 1.14169 1.12904 1.10083 1.08852 1.08534 1.081 1.06426 1.062 1.04256 0.890847 0.0867843
-9999 -9999 -9999 -9999 -9999 -9999 -9999 -9999 -2.22127 0.800115 2.26214 4.13731 5.10524 5.49893 5.45023 4.9694 3.87407 2.22421 0.84964 -1.78102 -4.51248 -0.589106 2.9096 4.79759 4.90082 1.61414 2.53119 1.79838 2.10109 0.756019 0.200441 -0.233612 -1.19874 -2.25497 -3.41121 -4.02331 -1.26194 0.156335 1.29717 1.83474 2.13795 2.28846 2.20801 2.00171 0.77583 1.70945 1.6574 1.56425 1.45777 1.40666 1.31073 1.19783 1.13311 1.11026 0.802928 1.15208 1.14299 1.14878 1.15105 1.14201 1.12411 1.1078 1.08736 1.08677 1.07436 1.06043 1.05006 1.04082 1.02859 0.982322
-9999 -9999 -9999 -9999 -9999 -9999 -9999 -9999 -6.46014 -2.06825 1.46716 3.3128 4.81458 5.22967 5.38618 4.74045 4.25746 3.07524 1.95549 0.227461 -2.36116 -3.95448 -1.01566 3.25478 4.8357 4.718 4.62373 3.77547 3.01179 2.9198 2.98271 2.09762 0.798761 -0.900543 -1.43078 -2.02485 0.032377 0.312542 0.163029 2.42249 2.42692 2.29728 1.43124 0.465416 0.64791 0.0513975 0.507945 -0.206543 0.450206 1.01823 1.23091 1.21427 1.1415 1.13071 1.09799 1.15642 1.15661 1.14774 1.14073 1.13666 1.12759 1.10014 1.08351 1.09085 1.07218 1.05638 1.04336 1.03676 1.0296 0.994839
-9999 -9999 -9999 -9999 -9999 -9999 -9999 -9999 -6.27419 -2.57515 0.558678 2.43927 4.24732 4.66922 5.28073 5.15142 4.64556 3.6182 2.33411 0.912216 -1.30834 -2.95831 -0.993029 1.84427 3.87617 4.60858 4.60966 4.56504 4.37665 4.3014 4.08176 3.93126 3.00048 1.39246 0.486602 -0.841122 1.45116 1.70939 1.35163 2.49453 2.43644 0.706688 -0.623811 -0.790952 0.0227239 -0.749548 -0.887929 -1.36444 -0.821855 0.632578 0.205379 0.290199 0.952255 1.06192 1.12801 1.14793 1.14437 1.142 1.13119 1.13281 1.13385 1.10688 1.09329 1.08535 1.05794 1.05269 1.03284 1.01505 1.00409 0.984535
-9999 -9999 -9999 -9999 -9999 -9999 -9999 -9999 -6.20542 -3.7119 -0.891649 1.87517 3.8055 4.5858 5.15425 5.15027 4.56208 4.05208 3.24759 1.99688 1.13933 -0.350006 -2.39412 1.03717 2.09302 3.03653 3.43402 4.41633 4.39668 3.95288 3.44547 3.93225 3.79038 2.52036 2.10449 1.39989 2.67547 2.67954 2.64463 2.57616 1.11516 -0.915725 -2.53944 -1.37321 -1.61843 -1.07869 -2.7418 -1.37928 -0.279994 0.076853 -0.664623 -1.21827 0.498913 0.778626 0.948601 1.05787 1.12989 1.11341 1.13129 1.12116 1.11561 1.10908 1.09292 1.08217 1.06515 1.04761 1.03255 1.01685 0.995089 0.963506
-9999 -9999 -9999 -9999 -9999 -9999 -9999 -9999 -9999 -5.18267 -1.60995 1.58068 3.35837 4.47719 5.02332 5.01557 4.71566 4.3698 3.87136 2.96932 1.83597 0.0446306 -1.28461 -0.43815 0.59646 0.717568 1.40622 3.39756 4.08045 3.12203 0.751449 2.15621 3.72594 3.70356 3.57261 3.42537 3.23732 3.06586 2.68898 1.67825 -1.41843 -2.03036 -3.24608 -3.10931 -3.73363 -2.36867 -2.88003 -1.48261 -0.877033 -0.64827 -1.94055 -1.66442 -0.150329 0.451973 0.353376 0.723601 1.08037 1.09265 1.10316 1.0941 1.10132 1.10334 1.0963 1.07506 1.06135 1.05057 1.02146 1.01951 0.902259 0.825648
-9999 -9999 -9999 -9999 -9999 -9999 -9999 -9999 -9999 -5.89878 -2.33286 1.42361 2.63183 3.83753 4.87814 4.90046 4.44128 4.00439 3.55413 3.04123 1.66649 0.333551 -0.938751 -1.36452 -1.10573 -1.11891 -0.00699676 2.58596 3.09086 2.88061 0.400859 -0.437328 1.65822 3.41966 3.56053 3.40309 1.33499 1.77695 0.661089 -0.852983 -1.26994 -1.93324 -3.33458 -2.66129 -3.68807 -3.24904 -3.36342 -2.57026 -2.18352 -1.23947 -2.36574 -2.35798 -0.871943 -0.118736 -0.0987638 0.691861 0.974427 1.04909 1.06827 1.08184 1.08511 1.09701 1.08887 1.07611 1.05938 1.02021 0.928883 0.652488 -0.849133 -0.848612
-9999 -9999 -9999 -9999 -9999 -9999 -9999 -9999 -9999 -5.49291 -3.01764 0.315558 2.78515 2.94282 4.14439 4.76546 4.26601 3.70322 3.12723 2.87616 1.38003 -0.263447 -1.59086 -3.16215 -2.9009 -1.76899 0.0856806 1.76149 2.06378 1.72128 0.394545 1.02653 2.45624 3.21645 3.44206 3.26798 2.81869 2.55931 1.7378 1.38176 0.23983 -1.54594 -2.24969 -1.8049 -3.70103 -3.56913 -2.86864 -3.60939 -2.382 -1.79446 -3.24905 -2.09652 -0.777173 -0.102139 0.488261 0.768273 0.880436 1.05177 1.05685 1.07148 1.07924 1.07638 1.07561 1.04701 1.02294 0.862591 0.626653 -0.770852 -1.35444 -1.24148
-9999 -9999 -9999 -9999 -9999 -9999 -9999 -9999 -9999 -5.07782 -2.84928 0.0408888 1.80219 2.11925 3.45132 4.63584 4.50549 3.91991 3.74258 3.13545 1.86688 0.46561 -1.06601 -1.80956 -3.52119 -1.83169 -0.489671 0.929709 1.59534 0.506368 -0.0407964 0.934882 1.90478 2.2934 3.27258 3.26501 2.94793 1.57594 0.907162 1.19061 0.903128 0.39931 -0.82994 -0.885034 -1.6749 -2.00226 -2.31139 -3.3108 -2.67089 -2.60676 -2.43805 -1.04949 -0.362672 0.0930376 0.507683 0.617158 0.797882 1.03203 1.05307 1.06167 1.06055 1.06456 1.04676 0.979482 0.922447 0.601433 0.0339753 -1.02383 -2.73777 -1.53164
-9999 -9999 -9999 -9999 -9999 -9999 -9999 -9999 -9999 -5.46321 -3.09642 -0.626258 0.407803 0.585144 2.99402 4.46961 4.47385 4.19708 3.87348 2.37172 2.4615 2.16246 0.781022 -1.23184 -3.44254 -3.23279 -1.90916 -0.0340729 0.587648 -1.21683 -1.85404 -1.38143 0.0836561 1.39519 2.76436 3.11322 2.71335 0.577019 -1.69357 -0.639536 0.486438 0.480343 0.150075 -0.989839 -1.35193 -1.67972 -2.51144 -3.91984 -3.7089 -3.31724 -1.74625 -1.24802 -0.478263 0.161208 -0.079104 0.0624235 0.674236 1.02543 1.039 1.04539 1.05686 1.04848 1.02701 0.894022 0.753078 0.517009 -0.960322 -1.87937 -3.21791 -1.66366
-9999 -9999 -9999 -9999 -9999 -9999 -9999 -9999 -9999 -6.20127 -4.48337 -2.12259 -1.16998 0.348198 2.6245 3.7449 4.28278 4.27254 4.05736 3.38576 2.98262 2.18673 0.749613 -1.21598 -3.40102 -4.82266 -4.09668 -1.57223 -0.975714 -2.6384 -3.48512 -2.42612 -0.865175 1.4451 2.76565 2.94514 2.82703 2.38727 0.72973 -1.27326 -1.26599 -0.260764 -1.10138 -2.07853 -1.54098 -1.64042 -2.46153 -3.05873 -3.41881 -3.19616 -2.29745 -1.92627 -1.03727 0.274788 0.463076 0.426271 0.978921 1.00688 1.02 1.04091 1.04015 1.0348 1.01777 0.909348 0.667068 -0.316369 -1.17414 -2.36716 -2.51548 -1.13361
-9999 -9999 -9999 -9999 -9999 -9999 -9999 -9999 -9999 -7.46753 -5.44714 -3.23583 -1.16527 0.793691 2.47985 2.61159 3.50155 3.50191 3.9689 3.83707 3.21465 2.54462 1.30666 -1.21886 -3.34213 -5.65784 -5.04475 -2.47219 -2.13027 -3.24668 -5.31088 -3.17591 -0.821756 1.31188 2.46743 1.56376 2.49218 2.41692 1.79633 0.604248 -1.24975 -1.21423 -2.60369 -2.66388 -1.94988 -1.718 -1.8367 -2.2849 -3.00054 -2.87809 -2.33236 -2.19363 -1.37679 -0.359055 0.635965 0.803358 0.993331 1.00168 1.00491 1.02046 1.02238 1.00145 0.950234 0.83701 0.0127081 -0.967597 -1.57182 -2.40319 -2.50478 -0.911293
