Test_Spring_2018/03_18/Prec/20180324_010.txt
ncols	170
nrows	115
xllcorner	350000.000000
yllcorner	4445000.000000
cellsize	1000.000000
nodata_value	-9999.000000
[rows 31 to 61 of 115, columns 70 to 139 of 170]
0.202729 0.203564 0.203447 0.201819 0.201293 0.205118 0.206803 0.206521 0.202671 0.202217 0.201026 0.200701 0.199962 0.198598 0.198121 0.195486 0.186616 0.188996 0.189696 0.186693 0.187574 0.189271 0.186554 0.179843 0.176635 0.171948 0.171973 0.171451 0.16799 -9999 -9999 -9999 -9999 -9999 -9999 -9999 -9999 -9999 -9999 -9999 -9999 -9999 -9999 -9999 -9999 -9999 -9999 -9999 -9999 -9999 -9999 -9999 -9999 -9999 -9999 -9999 -9999 -9999 -9999 -9999 -9999 -9999 -9999 -9999 -9999 -9999 -9999 -9999 -9999 -9999
0.199306 0.199448 0.198812 0.197254 0.19808 0.198814 0.201182 0.195607 0.198393 0.197932 0.196837 0.194836 0.194033 0.193261 0.19277 0.190418 0.183944 0.178029 0.180816 0.180536 0.177999 0.181332 0.178845 0.173145 0.165335 0.169002 0.167708 0.162356 0.16028 -9999 -9999 -9999 -9999 -9999 -9999 -9999 -9999 -9999 -9999 -9999 -9999 -9999 -9999 -9999 -9999 -9999 -9999 -9999 -9999 -9999 -9999 -9999 -9999 -9999 -9999 -9999 -9999 -9999 -9999 -9999 -9999 -9999 -9999 -9999 -9999 -9999 -9999 -9999 -9999 -9999
0.193945 0.195083 0.194041 0.19302 0.194516 0.193788 0.195563 0.192353 0.193871 0.193436 0.192522 0.191217 0.190097 0.189004 0.18688 0.184004 0.178308 0.17154 0.169799 0.172708 0.172578 0.172802 0.17069 0.168125 0.164291 0.167028 0.168014 0.164022 0.159486 0.153616 -9999 -9999 -9999 -9999 -9999 -9999 -9999 -9999 -9999 -9999 -9999 -9999 -9999 -9999 -9999 -9999 -9999 -9999 -9999 -9999 -9999 -9999 -9999 -9999 -9999 -9999 -9999 -9999 -9999 -9999 -9999 -9999 -9999 -9999 -9999 -9999 -9999 -9999 -9999 -9999
0.188125 0.190422 0.189123 0.186383 0.186956 0.187139 0.186795 0.187753 0.187014 0.188615 0.187562 0.186597 0.184733 0.18318 0.181141 0.178163 0.174219 0.169633 0.161957 0.166346 0.169789 0.169591 0.169314 0.167638 0.164126 0.166954 0.167027 0.162258 0.154042 0.15119 0.150061 -9999 -9999 -9999 -9999 -9999 -9999 -9999 -9999 -9999 -9999 -9999 -9999 -9999 -9999 -9999 -9999 -9999 -9999 -9999 -9999 -9999 -9999 -9999 -9999 -9999 -9999 -9999 -9999 -9999 -9999 -9999 -9999 -9999 -9999 -9999 -9999 -9999 -9999 -9999
-9999 0.185455 0.184155 0.180894 0.18138 0.182193 0.179644 0.183198 0.183391 0.182896 0.182447 0.181179 0.178965 0.174667 0.173352 0.172517 0.169668 0.164432 0.159351 0.157998 0.163479 0.165132 0.164944 0.16631 0.163516 0.164988 0.164456 0.16299 0.154886 0.150301 0.148471 0.144818 -9999 -9999 -9999 -9999 -9999 -9999 -9999 -9999 -9999 -9999 -9999 -9999 -9999 -9999 -9999 -9999 -9999 -9999 -9999 -9999 -9999 -9999 -9999 -9999 -9999 -9999 -9999 -9999 -9999 -9999 -9999 -9999 -9999 -9999 -9999 -9999 -9999 -9999
-9999 -9999 -9999 -9999 0.175208 0.172839 0.173558 0.177705 0.178501 0.177957 0.177389 0.175779 0.172098 0.169708 0.168503 0.16609 0.162755 0.160658 0.157412 0.154244 0.155643 0.160607 0.158894 0.162571 0.162624 0.163482 0.161411 0.153835 0.148887 0.145106 0.143358 0.140229 -9999 -9999 -9999 -9999 -9999 -9999 -9999 -9999 -9999 -9999 -9999 -9999 -9999 -9999 -9999 -9999 -9999 -9999 -9999 -9999 -9999 -9999 -9999 -9999 -9999 -9999 -9999 -9999 -9999 -9999 -9999 -9999 -9999 -9999 -9999 -9999 -9999 -9999
-9999 -9999 -9999 -9999 -9999 0.169355 0.169192 0.170518 0.173743 0.172479 0.172156 0.17025 0.1676 0.165333 0.163012 0.16069 0.157896 0.155224 0.152214 0.152097 0.155458 0.15603 0.156024 0.157135 0.159222 0.159245 0.156726 0.14705 0.143992 0.137601 0.134645 0.134533 0.132121 -9999 -9999 -9999 -9999 -9999 -9999 -9999 -9999 -9999 -9999 -9999 -9999 0.14502 -9999 -9999 -9999 -9999 -9999 -9999 -9999 -9999 -9999 -9999 -9999 -9999 -9999 -9999 -9999 -9999 -9999 -9999 -9999 -9999 0.146067 -9999 -9999 -9999
-9999 -9999 -9999 -9999 0.171048 0.168197 0.167766 0.167579 0.169004 0.167631 0.167145 0.164853 0.162059 0.159403 0.15619 0.154496 0.152448 0.149564 0.149009 0.15029 0.151339 0.152648 0.153861 0.154502 0.154679 0.154495 0.149518 0.147107 0.145315 0.140304 0.136043 0.132666 0.127715 0.123632 -9999 -9999 -9999 -9999 -9999 -9999 -9999 0.132238 0.133536 0.135257 0.137955 0.142345 0.142654 -9999 -9999 -9999 -9999 -9999 -9999 -9999 -9999 -9999 -9999 -9999 -9999 -9999 -9999 -9999 -9999 -9999 -9999 -9999 0.148337 0.145113 -9999 -9999
-9999 -9999 -9999 -9999 0.166102 0.166217 0.164982 0.164395 0.162765 0.16385 0.161698 0.159565 0.156859 0.153764 0.150639 0.149121 0.146521 0.145183 0.144603 0.146409 0.147519 0.148083 0.148627 0.149235 0.148636 0.149272 0.146371 0.145019 0.142194 0.138931 0.134161 0.127627 0.121029 0.115447 -9999 -9999 -9999 -9999 -9999 -9999 0.125793 0.129404 0.132492 0.131833 0.136372 0.140786 0.142738 0.139923 -9999 -9999 -9999 -9999 -9999 -9999 -9999 -9999 -9999 -9999 -9999 -9999 -9999 -9999 0.163588 0.160324 0.153552 0.15014 0.14814 0.145226 -9999 -9999
-9999 -9999 -9999 -9999 0.163652 0.16388 0.162959 0.161546 0.158629 0.155985 0.157207 0.15433 0.151262 0.148398 0.14591 0.142795 0.141082 0.138516 0.140659 0.141273 0.141889 0.141298 0.141972 0.140048 0.13988 0.137809 0.141561 0.139869 0.135413 0.129411 0.120539 0.120522 0.117089 0.111709 -9999 -9999 -9999 -9999 -9999 -9999 0.120871 0.124903 0.128968 0.131718 0.131692 0.138234 0.137995 0.138741 0.140988 0.145264 0.148474 0.152449 0.156563 0.158545 0.158754 0.160705 -9999 -9999 -9999 -9999 0.163724 0.164076 0.164355 0.163076 0.155654 0.15062 0.146109 0.142679 -9999 -9999
-9999 -9999 -9999 -9999 0.163709 0.162685 0.160504 0.157325 0.155093 0.151699 0.152419 0.150378 0.146849 0.143739 0.141124 0.13872 0.136414 0.136166 0.136368 0.136665 0.134296 0.131618 0.135468 0.133431 0.125328 0.13281 0.136332 0.134417 0.128995 0.122199 0.117699 0.118017 0.113444 0.109185 -9999 -9999 -9999 0.108127 0.111514 0.11258 0.114974 0.120035 0.124851 0.128278 0.132595 0.131876 0.135248 0.1365 0.137429 0.141195 0.147946 0.151369 0.156903 0.15913 0.159577 0.159112 0.16111 0.162377 0.163012 0.163118 0.163284 0.163489 0.163401 0.162063 0.157496 0.153734 0.151377 0.141006 -9999 -9999
-9999 -9999 -9999 -9999 0.164368 0.163018 0.160918 0.156518 0.152853 0.149927 0.145447 0.145694 0.141957 0.137331 0.13543 0.133164 0.131684 0.130885 0.130762 0.128732 0.126064 0.123756 0.12399 0.123523 0.122012 0.126782 0.130461 0.12863 0.126747 0.120547 0.118602 0.114397 0.108776 0.101824 -9999 -9999 0 0.102846 0.107318 0.110428 0.112729 0.115083 0.120854 0.124361 0.131046 0.130508 0.131278 0.135391 0.136346 0.140782 0.143364 0.146502 0.152988 0.157313 0.159292 0.160602 0.162316 0.163231 0.163813 0.164142 0.163858 0.164124 0.164121 0.163202 0.158199 0.155713 0.150472 0.139182 -9999 -9999
-9999 -9999 -9999 -9999 0.164335 0.163 0.161273 0.157682 0.154621 0.14673 0.140773 0.138023 0.137342 0.132694 0.128935 0.127706 0.126256 0.12574 0.126096 0.124512 0.1231 0.1203 0.119661 0.116977 0.117673 0.120385 0.122998 0.12323 0.122625 0.12249 0.118244 0.112021 0.106911 0.100247 0 -9999 0 0 0.100198 0.105526 0.110098 0.111611 0.118113 0.1224 0.125141 0.1281 0.130951 0.132494 0.136084 0.13922 0.144664 0.148565 0.15416 0.157097 0.160031 0.161709 0.163066 0.163991 0.1646 0.164972 0.165083 0.165037 0.164805 0.164303 0.161846 0.157133 0.151718 0.139919 -9999 -9999
-9999 -9999 -9999 0.163658 0.163485 0.16292 0.160229 0.156725 0.152676 0.148115 0.142465 0.135005 0.130894 0.129043 0.123435 0.121126 0.12009 0.121018 0.121675 0.123074 0.123541 0.119917 0.118004 0.118705 0.11695 0.118603 0.120919 0.125067 0.124823 0.121674 0.117557 0.110652 0.104717 0 0 0 0 0 0 0.101263 0.106944 0.111392 0.115511 0.118234 0.123113 0.125131 0.129166 0.132774 0.135686 0.139346 0.142899 0.147488 0.153064 0.157537 0.160382 0.162491 0.163906 0.164887 0.165524 0.165879 0.165956 0.165787 0.165547 0.165224 0.163083 0.159422 0.149177 0.140752 -9999 -9999
-9999 -9999 -9999 -9999 0.162248 0.160064 0.156432 0.152432 0.148464 0.144286 0.139479 0.134229 0.130032 0.123796 0.12 0.115208 0.115649 0.116135 0.117793 0.11968 0.122052 0.118699 0.118959 0.119728 0.118342 0.123374 0.126305 0.127146 0.126197 0.12034 0.113733 0.104532 0 0 0 0 0 0 0 0 0 0.107969 0.111157 0.115269 0.120923 0.123469 0.128785 0.131876 0.136677 0.140678 0.144526 0.144016 0.152738 0.155549 0.160332 0.163184 0.164842 0.165847 0.166492 0.166751 0.166747 0.166514 0.166184 0.164583 0.162533 0.159551 0.148703 0.141166 -9999 -9999
-9999 -9999 -9999 -9999 -9999 -9999 0.154732 0.150842 0.146127 0.14142 0.137512 0.132565 0.127724 0.123052 0.118388 0.113534 0.111489 0.111658 0.110509 0.114653 0.118876 0.121891 0.124859 0.12325 0.124903 0.129639 0.130541 0.127723 0.124773 0.120977 0.113424 0.105545 0 0 0 0 0 0 0 0 0 0.103637 0.110114 0.115596 0.119652 0.122296 0.128035 0.130577 0.137391 0.141946 0.144995 0.147854 0.153024 0.15708 0.159881 0.163795 0.165701 0.166766 0.167355 0.167577 0.167484 0.167161 0.165398 0.164287 0.163117 0.161945 0.150677 0.1401 -9999 -9999
-9999 -9999 -9999 -9999 -9999 -9999 0.152357 0.148003 0.143952 0.141621 0.136515 0.131398 0.125904 0.121436 0.11696 0.112312 0.108879 0.106835 0.105349 0.108611 0.114872 0.120141 0.123713 0.122756 0.129064 0.130675 0.130719 0.126808 0.12321 0.12033 0.11295 0.104496 0 0 0 0 0 0 0 0 0 0.10387 0.110862 0.114916 0.117445 0.122359 0.127305 0.129162 0.137106 0.14252 0.146025 0.150113 0.154762 0.158136 0.161445 0.164244 0.166287 0.167382 0.167974 0.16815 0.168017 0.16709 0.166023 0.164808 0.163505 0.162246 0.154535 0.140028 -9999 -9999
-9999 -9999 -9999 -9999 -9999 -9999 -9999 0.145527 0.143181 0.141967 0.136176 0.130223 0.12571 0.120996 0.116216 0.112695 0.108855 0.105429 0.100102 0.103576 0.109526 0.117419 0.123224 0.126068 0.128776 0.128748 0.124504 0.120124 0.119347 0.117455 0.111565 0.104201 0 0 0 0 0 0 0 0.100371 0.1009 0.105626 0.111512 0.11438 0.118184 0.122394 0.127164 0.132022 0.136955 0.14333 0.146364 0.151105 0.156099 0.159027 0.161961 0.164481 0.16654 0.167684 0.168288 0.168488 0.168143 0.167414 0.166291 0.164965 0.163581 0.162248 0.160538 0.151499 0.146897 -9999
-9999 -9999 -9999 -9999 -9999 -9999 -9999 0.142898 0.139109 0.138859 0.13373 0.130417 0.126359 0.121736 0.116416 0.113106 0.1078 0.106462 0.101565 0.100753 0.105492 0.107627 0.11736 0.126227 0.128965 0.119515 0.116817 0.114504 0.115131 0.114122 0.111191 0.101358 0 0 0 0 0 0 0 0.103395 0.105566 0.109416 0.112395 0.11642 0.118679 0.122037 0.129231 0.132764 0.137247 0.143621 0.146024 0.15164 0.156422 0.158911 0.16142 0.16458 0.166381 0.167593 0.168033 0.168281 0.167949 0.167164 0.166095 0.164761 0.163317 0.162005 0.160811 0.157411 0.153311 0.151785
-9999 -9999 -9999 -9999 -9999 -9999 -9999 -9999 0.134797 0.136906 0.133793 0.13014 0.127596 0.123425 0.118419 0.114572 0.10966 0.106258 0.101879 0 0 0.108893 0.119938 0.127002 0.130289 0.122645 0.120233 0.120724 0.122851 0.119982 0.116832 0.108613 0.104625 0 0 0 0 0.102002 0.104011 0.104883 0.107831 0.111012 0.114197 0.118159 0.122063 0.1263 0.130138 0.136174 0.139505 0.144474 0.148177 0.151647 0.156261 0.158045 0.161377 0.164165 0.165945 0.166352 0.167236 0.167545 0.167275 0.166495 0.165399 0.164116 0.162758 0.16143 0.160314 0.157632 0.156503 0.154147
-9999 -9999 -9999 -9999 -9999 -9999 -9999 -9999 0.132191 0.134594 0.131991 0.131529 0.126848 0.12495 0.121686 0.118222 0.114198 0.109784 0.106989 0.101844 0 0.106961 0.120557 0.127807 0.130301 0.125404 0.12899 0.127753 0.128362 0.124129 0.121195 0.116735 0.111981 0.106801 0 0 0.101662 0.104428 0.107198 0.109237 0.111477 0.114073 0.115782 0.119696 0.120505 0.126977 0.132446 0.136551 0.140528 0.144487 0.148133 0.151495 0.156154 0.158931 0.160603 0.162355 0.163458 0.164985 0.165922 0.166255 0.166032 0.16536 0.164334 0.163041 0.161844 0.160598 0.159523 0.156874 0.156136 0.155692
-9999 -9999 -9999 -9999 -9999 -9999 -9999 -9999 0.123135 0.129353 0.12917 0.129345 0.130159 0.127604 0.125062 0.121311 0.118844 0.115527 0.113205 0.110074 0.105322 0.10337 0.109857 0.122285 0.131581 0.134406 0.135309 0.133712 0.131675 0.130675 0.129473 0.124095 0.115694 0.109691 0.106416 0.10344 0.107438 0.107509 0.107133 0.113466 0.114871 0.116601 0.117069 0.116533 0.120405 0.124036 0.130445 0.132636 0.138177 0.143368 0.147499 0.150848 0.15534 0.155876 0.158521 0.159803 0.161764 0.163199 0.164105 0.164487 0.16436 0.163762 0.162867 0.161824 0.160419 0.15921 0.158496 0.15588 0.155217 0.154833
-9999 -9999 -9999 -9999 -9999 -9999 -9999 -9999 0.122113 0.125989 0.129558 0.131417 0.132205 0.129973 0.128799 0.126476 0.123986 0.120981 0.118072 0.115445 0.111293 0.108849 0.115523 0.120698 0.127088 0.131752 0.136646 0.136981 0.136401 0.131562 0.130094 0.126913 0.123217 0.117307 0.113636 0.109077 0.113873 0.11404 0.113218 0.116749 0.117894 0.11544 0.114487 0.116849 0.120583 0.122002 0.126664 0.130344 0.135217 0.142262 0.141133 0.14478 0.151256 0.15439 0.155604 0.157878 0.159693 0.161062 0.161935 0.162361 0.162336 0.161854 0.161105 0.160175 0.159111 0.157771 0.156814 0.154095 0.154024 0.153716
-9999 -9999 -9999 -9999 -9999 -9999 -9999 -9999 0.12065 0.125683 0.128853 0.133365 0.134824 0.1338 0.132757 0.130891 0.128233 0.126446 0.124559 0.122099 0.121028 0.118632 0.114939 0.12485 0.124596 0.129638 0.126731 0.129466 0.129369 0.127889 0.128667 0.128964 0.12686 0.122519 0.120331 0.117572 0.120033 0.119707 0.119755 0.120235 0.11776 0.114353 0.112391 0.117746 0.119845 0.12264 0.123127 0.125584 0.131658 0.135899 0.138447 0.140131 0.148972 0.150565 0.153292 0.155571 0.157412 0.158643 0.159545 0.159958 0.159988 0.15967 0.159059 0.158281 0.157405 0.156539 0.155265 0.15262 0.152028 0.150961
-9999 -9999 -9999 -9999 -9999 -9999 -9999 -9999 -9999 0.120805 0.127692 0.132477 0.133999 0.134235 0.133477 0.13183 0.129977 0.128528 0.127176 0.125224 0.123003 0.119336 0.116903 0.11987 0.118433 0.121438 0.123658 0.12887 0.130538 0.127837 0.119362 0.1216 0.124842 0.124055 0.123026 0.122069 0.12464 0.123998 0.123238 0.121327 0.114641 0.110971 0.109582 0.111867 0.112501 0.116507 0.11972 0.12605 0.130466 0.133958 0.133624 0.138948 0.143518 0.147371 0.149256 0.152046 0.154931 0.156112 0.156935 0.157353 0.157471 0.157278 0.156826 0.155736 0.154974 0.154219 0.152805 0.150182 0.14941 0.149003
-9999 -9999 -9999 -9999 -9999 -9999 -9999 -9999 -9999 0.12328 0.129165 0.135675 0.136055 0.136735 0.137376 0.135895 0.133657 0.131915 0.130547 0.129372 0.126312 0.123532 0.12098 0.120527 0.121684 0.119126 0.122313 0.128987 0.130222 0.129451 0.119933 0.117402 0.122096 0.125918 0.125722 0.124881 0.11944 0.120496 0.117938 0.114691 0.114495 0.113987 0.111912 0.115259 0.114566 0.117697 0.119636 0.12405 0.127498 0.132352 0.132015 0.136305 0.140309 0.144188 0.146061 0.149642 0.1517 0.15295 0.153752 0.154224 0.15437 0.154271 0.153908 0.153384 0.152773 0.1521 0.151359 0.149398 0.143178 0.143012
-9999 -9999 -9999 -9999 -9999 -9999 -9999 -9999 -9999 0.127338 0.130802 0.136544 0.140332 0.138611 0.139813 0.139919 0.137599 0.135489 0.133687 0.132989 0.129411 0.125618 0.122689 0.119149 0.120115 0.123131 0.124899 0.129246 0.129987 0.128945 0.122248 0.123493 0.126654 0.128116 0.12827 0.127512 0.126206 0.125564 0.123743 0.123331 0.121207 0.117719 0.117153 0.119647 0.116458 0.118462 0.121987 0.122154 0.12729 0.130841 0.129276 0.134106 0.139157 0.142493 0.145479 0.147519 0.148938 0.150274 0.150945 0.151386 0.151565 0.1515 0.151263 0.150833 0.150346 0.149511 0.148534 0.144749 0.139882 0.140043
-9999 -9999 -9999 -9999 -9999 -9999 -9999 -9999 -9999 0.131482 0.134594 0.139485 0.141738 0.140613 0.142289 0.143892 0.142518 0.140309 0.139401 0.137661 0.13446 0.131061 0.127406 0.12573 0.121593 0.125861 0.125962 0.129635 0.131295 0.125153 0.123636 0.125835 0.127962 0.12862 0.130777 0.130538 0.129636 0.126249 0.124792 0.125902 0.125782 0.125307 0.12319 0.124151 0.123401 0.123905 0.12453 0.123579 0.12685 0.128693 0.129073 0.135734 0.138836 0.14128 0.143518 0.144864 0.146233 0.147559 0.148161 0.148535 0.148695 0.148697 0.148506 0.148093 0.14765 0.146539 0.144845 0.141996 0.134246 0.137178
-9999 -9999 -9999 -9999 -9999 -9999 -9999 -9999 -9999 0.133654 0.137334 0.141396 0.142037 0.140739 0.145239 0.147652 0.146643 0.145177 0.14382 0.139717 0.139745 0.138914 0.135446 0.130422 0.124884 0.125334 0.13015 0.129814 0.131375 0.123386 0.121702 0.122728 0.126194 0.129264 0.132497 0.133233 0.13218 0.126899 0.121408 0.124356 0.127622 0.128196 0.128081 0.12605 0.12605 0.126205 0.125158 0.124447 0.124534 0.126806 0.131965 0.134276 0.137224 0.13979 0.140086 0.141244 0.143465 0.144908 0.145371 0.145673 0.145851 0.145855 0.145724 0.145242 0.144698 0.143908 0.140041 0.137616 0.132221 0.134585
-9999 -9999 -9999 -9999 -9999 -9999 -9999 -9999 -9999 0.134936 0.137175 0.141146 0.141758 0.14396 0.14825 0.149856 0.150212 0.149393 0.148242 0.146106 0.144766 0.14254 0.138772 0.133712 0.128103 0.124376 0.125967 0.128642 0.128495 0.122466 0.120311 0.122876 0.126671 0.13233 0.13553 0.135912 0.135603 0.134557 0.130551 0.125768 0.126091 0.128991 0.127358 0.125452 0.127383 0.127769 0.126388 0.125593 0.125528 0.125285 0.130016 0.131641 0.134535 0.138449 0.139513 0.139957 0.141804 0.142261 0.142594 0.142855 0.142975 0.143004 0.142939 0.142597 0.141894 0.139334 0.137101 0.134061 0.133673 0.133556
-9999 -9999 -9999 -9999 -9999 -9999 -9999 -9999 -9999 0.134849 0.137981 0.141726 0.145273 0.148707 0.15163 0.150843 0.152113 0.151315 0.15182 0.150948 0.148949 0.146906 0.1435 0.136912 0.131343 0.125293 0.126544 0.134135 0.1264 0.123638 0.11849 0.123811 0.129669 0.134973 0.137839 0.135577 0.137909 0.137764 0.136291 0.133427 0.128949 0.129225 0.125978 0.12608 0.12814 0.129018 0.129038 0.128249 0.128553 0.125918 0.129362 0.130046 0.132412 0.135267 0.138045 0.138733 0.139446 0.139672 0.139846 0.14001 0.140101 0.140098 0.139991 0.139706 0.137633 0.135167 0.133645 0.13157 0.131337 0.133516
