Test_Spring_2018/03_18/Prec/20180303_016.txt
ncols	170
nrows	115
xllcorner	350000.000000
yllcorner	4445000.000000
cellsize	1000.000000
nodata_value	-9999.000000
[rows 31 to 61 of 115, columns 70 to 139 of 170]
0.537923 0.54595 0.550282 0.548216 0.550897 0.563165 0.56814 0.569949 0.578105 0.578438 0.574612 0.573755 0.570458 0.564049 0.561404 0.549493 0.510751 0.521734 0.526043 0.514835 0.521149 0.531386 0.522475 0.495992 0.484429 0.465796 0.459698 0.450693 0.434526 -9999 -9999 -9999 -9999 -9999 -9999 -9999 -9999 -9999 -9999 -9999 -9999 -9999 -9999 -9999 -9999 -9999 -9999 -9999 -9999 -9999 -9999 -9999 -9999 -9999 -9999 -9999 -9999 -9999 -9999 -9999 -9999 -9999 -9999 -9999 -9999 -9999 -9999 -9999 -9999 -9999
0.545355 0.549807 0.551356 0.549184 0.557541 0.565425 0.564226 0.566393 0.582456 0.583758 0.581569 0.574742 0.572577 0.570119 0.568633 0.558941 0.531325 0.506366 0.519702 0.519931 0.510546 0.526946 0.517924 0.49472 0.462006 0.478999 0.47377 0.435685 0.427549 -9999 -9999 -9999 -9999 -9999 -9999 -9999 -9999 -9999 -9999 -9999 -9999 -9999 -9999 -9999 -9999 -9999 -9999 -9999 -9999 -9999 -9999 -9999 -9999 -9999 -9999 -9999 -9999 -9999 -9999 -9999 -9999 -9999 -9999 -9999 -9999 -9999 -9999 -9999 -9999 -9999
0.543821 0.55224 0.551667 0.551614 0.562862 0.564556 0.565002 0.573962 0.586601 0.589139 0.589047 0.586696 0.584607 0.582146 0.574754 0.563747 0.540179 0.511761 0.505198 0.518881 0.519219 0.521027 0.512515 0.501861 0.485452 0.497502 0.501609 0.473124 0.44863 0.438961 -9999 -9999 -9999 -9999 -9999 -9999 -9999 -9999 -9999 -9999 -9999 -9999 -9999 -9999 -9999 -9999 -9999 -9999 -9999 -9999 -9999 -9999 -9999 -9999 -9999 -9999 -9999 -9999 -9999 -9999 -9999 -9999 -9999 -9999 -9999 -9999 -9999 -9999 -9999 -9999
0.539513 0.552739 0.550853 0.543232 0.550583 0.556642 0.567516 0.578347 0.58106 0.593756 0.594492 0.595155 0.591361 0.588336 0.582584 0.572115 0.556832 0.538189 0.505543 0.525162 0.540277 0.539182 0.537503 0.529546 0.513452 0.524982 0.524441 0.490092 0.469851 0.454786 0.447302 -9999 -9999 -9999 -9999 -9999 -9999 -9999 -9999 -9999 -9999 -9999 -9999 -9999 -9999 -9999 -9999 -9999 -9999 -9999 -9999 -9999 -9999 -9999 -9999 -9999 -9999 -9999 -9999 -9999 -9999 -9999 -9999 -9999 -9999 -9999 -9999 -9999 -9999 -9999
-9999 0.550956 0.549007 0.539205 0.546481 0.555848 0.570558 0.581594 0.589806 0.594775 0.599736 0.600739 0.597065 0.583582 0.582303 0.582204 0.572334 0.551061 0.529541 0.523482 0.546583 0.552432 0.549888 0.553953 0.539827 0.544464 0.540576 0.529898 0.50028 0.477434 0.46727 0.449454 -9999 -9999 -9999 -9999 -9999 -9999 -9999 -9999 -9999 -9999 -9999 -9999 -9999 -9999 -9999 -9999 -9999 -9999 -9999 -9999 -9999 -9999 -9999 -9999 -9999 -9999 -9999 -9999 -9999 -9999 -9999 -9999 -9999 -9999 -9999 -9999 -9999 -9999
-9999 -9999 -9999 -9999 0.538926 0.552831 0.569021 0.579324 0.592824 0.599199 0.60541 0.60674 0.598436 0.594921 0.595508 0.589555 0.578189 0.570802 0.557025 0.542345 0.546592 0.565647 0.555066 0.56785 0.564899 0.565798 0.554418 0.538064 0.498791 0.48095 0.471554 0.456706 -9999 -9999 -9999 -9999 -9999 -9999 -9999 -9999 -9999 -9999 -9999 -9999 -9999 -9999 -9999 -9999 -9999 -9999 -9999 -9999 -9999 -9999 -9999 -9999 -9999 -9999 -9999 -9999 -9999 -9999 -9999 -9999 -9999 -9999 -9999 -9999 -9999 -9999
-9999 -9999 -9999 -9999 -9999 0.555652 0.569846 0.586061 0.595907 0.600963 0.6102 0.612238 0.610367 0.609149 0.606326 0.601851 0.593468 0.583703 0.570594 0.568444 0.580104 0.578575 0.573927 0.573991 0.578539 0.574626 0.554768 0.53313 0.517218 0.473639 0.459415 0.458489 0.448137 -9999 -9999 -9999 -9999 -9999 -9999 -9999 -9999 -9999 -9999 -9999 -9999 0.445124 -9999 -9999 -9999 -9999 -9999 -9999 -9999 -9999 -9999 -9999 -9999 -9999 -9999 -9999 -9999 -9999 -9999 -9999 -9999 -9999 0.286155 -9999 -9999 -9999
-9999 -9999 -9999 -9999 0.555761 0.573224 0.582137 0.593335 0.594146 0.604874 0.615558 0.618092 0.617686 0.616643 0.611476 0.610863 0.606356 0.59574 0.592903 0.595934 0.596188 0.596318 0.595315 0.591658 0.586334 0.580245 0.5715 0.556774 0.54619 0.506344 0.490369 0.476003 0.455618 0.439468 -9999 -9999 -9999 -9999 -9999 -9999 -9999 0.456081 0.451859 0.448306 0.448197 0.455028 0.443931 -9999 -9999 -9999 -9999 -9999 -9999 -9999 -9999 -9999 -9999 -9999 -9999 -9999 -9999 -9999 -9999 -9999 -9999 -9999 0.303397 0.282919 -9999 -9999
-9999 -9999 -9999 -9999 0.568923 0.58002 0.586917 0.598146 0.606017 0.612569 0.61833 0.62391 0.626121 0.625151 0.621988 0.623292 0.616971 0.613123 0.609628 0.613898 0.612963 0.608114 0.602348 0.596728 0.586355 0.582453 0.580159 0.569444 0.55413 0.538744 0.505575 0.478321 0.451903 0.430523 -9999 -9999 -9999 -9999 -9999 -9999 0.46642 0.472566 0.474531 0.458651 0.464458 0.46917 0.463021 0.442803 -9999 -9999 -9999 -9999 -9999 -9999 -9999 -9999 -9999 -9999 -9999 -9999 -9999 -9999 0.402225 0.382284 0.346534 0.325063 0.309471 0.289733 -9999 -9999
-9999 -9999 -9999 -9999 0.570462 0.583395 0.593322 0.602882 0.607304 0.621155 0.624289 0.629106 0.632077 0.63418 0.635462 0.630937 0.629058 0.619796 0.627547 0.625441 0.620769 0.609015 0.601838 0.583215 0.572947 0.570888 0.579751 0.566903 0.544229 0.517056 0.48542 0.469959 0.458627 0.439553 -9999 -9999 -9999 -9999 -9999 -9999 0.47435 0.48112 0.485723 0.482765 0.466438 0.478129 0.466739 0.452111 0.444829 0.447554 0.447028 0.433864 0.429174 0.429705 0.424038 0.427238 -9999 -9999 -9999 -9999 0.420842 0.417773 0.413732 0.402222 0.363259 0.33421 0.307074 0.294455 -9999 -9999
-9999 -9999 -9999 -9999 0.580926 0.589858 0.596073 0.599986 0.609689 0.623208 0.627641 0.63578 0.638654 0.641438 0.643619 0.643211 0.639193 0.639896 0.638406 0.633629 0.614244 0.591487 0.596247 0.579097 0.556474 0.568732 0.575531 0.561034 0.533891 0.50343 0.492014 0.479762 0.464768 0.444654 -9999 -9999 -9999 0.456666 0.46953 0.468816 0.470446 0.480531 0.48685 0.491354 0.491786 0.487764 0.4703 0.455586 0.440358 0.438845 0.452016 0.452499 0.437385 0.438379 0.433463 0.435584 0.43964 0.441295 0.440619 0.437716 0.434866 0.431747 0.426751 0.415624 0.378272 0.354337 0.336046 0.298236 -9999 -9999
-9999 -9999 -9999 -9999 0.584516 0.592786 0.60049 0.609326 0.614203 0.62353 0.634164 0.639657 0.644041 0.642341 0.649354 0.650718 0.650835 0.648981 0.645264 0.628948 0.606457 0.583251 0.570052 0.575013 0.555679 0.555366 0.562057 0.551579 0.53035 0.502746 0.496692 0.488993 0.45616 0.433626 -9999 -9999 0.433866 0.460573 0.478679 0.486811 0.48736 0.484395 0.493198 0.489692 0.49847 0.49117 0.461386 0.457609 0.445361 0.444709 0.446626 0.44467 0.446099 0.444815 0.445756 0.445493 0.448359 0.448702 0.44814 0.446617 0.442203 0.439694 0.435307 0.42612 0.398267 0.380645 0.359364 0.307038 -9999 -9999
-9999 -9999 -9999 -9999 0.591672 0.600915 0.611292 0.616129 0.625484 0.625607 0.632154 0.644114 0.648398 0.648624 0.649125 0.656089 0.65679 0.655973 0.653531 0.637803 0.619039 0.591675 0.572574 0.563846 0.552719 0.533001 0.533797 0.527522 0.52116 0.520423 0.508659 0.49321 0.478359 0.445555 0.432045 -9999 0.438871 0.450859 0.472853 0.490675 0.500563 0.492806 0.503216 0.501182 0.505541 0.495035 0.472269 0.460805 0.454774 0.448252 0.453588 0.45639 0.453586 0.455073 0.451103 0.452245 0.453597 0.454232 0.454183 0.453323 0.451128 0.4477 0.442672 0.435533 0.418884 0.399472 0.368365 0.313155 -9999 -9999
-9999 -9999 -9999 0.571765 0.592434 0.606371 0.614132 0.621195 0.628292 0.634925 0.644743 0.648674 0.654559 0.655916 0.649725 0.652875 0.655742 0.661007 0.659107 0.655173 0.643025 0.610259 0.599535 0.577338 0.553383 0.537108 0.535599 0.54582 0.540834 0.52715 0.512976 0.495327 0.481936 0.465708 0.430914 0.433939 0.447406 0.457125 0.472003 0.494307 0.508578 0.512682 0.511298 0.513395 0.510998 0.497276 0.479345 0.470346 0.45947 0.453465 0.448922 0.451042 0.448768 0.457289 0.460002 0.456312 0.457934 0.459045 0.459506 0.459075 0.457276 0.453841 0.44923 0.44321 0.434641 0.412428 0.368076 0.327822 -9999 -9999
-9999 -9999 -9999 -9999 0.590306 0.598354 0.603396 0.609877 0.619077 0.629254 0.644569 0.650093 0.658406 0.660984 0.654716 0.647688 0.657234 0.660351 0.662176 0.659367 0.654262 0.626771 0.608995 0.593481 0.569928 0.567427 0.567771 0.563035 0.554805 0.529465 0.504924 0.477971 0.45309 0.450723 0.436564 0.43988 0.44915 0.471651 0.486864 0.491859 0.494072 0.514921 0.517852 0.513986 0.514469 0.499942 0.48619 0.47325 0.469001 0.462939 0.458241 0.436775 0.447821 0.447442 0.458325 0.463386 0.461711 0.463087 0.463931 0.46355 0.461938 0.458774 0.454286 0.447754 0.439195 0.421562 0.368228 0.331626 -9999 -9999
-9999 -9999 -9999 -9999 -9999 -9999 0.600345 0.608493 0.61572 0.624948 0.645455 0.653514 0.660098 0.664072 0.663388 0.655086 0.653862 0.655402 0.644516 0.648457 0.656222 0.651017 0.644125 0.617308 0.597795 0.601744 0.592636 0.571557 0.554459 0.538241 0.509923 0.489209 0.460926 0.439866 0.438381 0.459848 0.476071 0.499024 0.508647 0.501705 0.50555 0.514214 0.523491 0.524873 0.517465 0.502321 0.489415 0.472823 0.476126 0.471284 0.461944 0.454114 0.449227 0.453522 0.455153 0.464253 0.466905 0.466289 0.467121 0.466958 0.465432 0.462401 0.457097 0.450648 0.442791 0.433548 0.378705 0.328752 -9999 -9999
-9999 -9999 -9999 -9999 -9999 -9999 0.59294 0.59975 0.610581 0.630901 0.646797 0.654677 0.658895 0.664133 0.664511 0.658201 0.650411 0.642153 0.630215 0.633263 0.64492 0.649171 0.644518 0.620154 0.620693 0.610628 0.597497 0.57146 0.551465 0.53929 0.511875 0.488846 0.469341 0.443844 0.453476 0.46454 0.479034 0.503138 0.519518 0.525048 0.51717 0.521496 0.532825 0.527658 0.513161 0.507422 0.490523 0.470236 0.477748 0.475911 0.467804 0.464592 0.457073 0.45778 0.461107 0.464937 0.467926 0.468869 0.468891 0.46875 0.467395 0.464265 0.459383 0.453077 0.445209 0.436081 0.397152 0.330102 -9999 -9999
-9999 -9999 -9999 -9999 -9999 -9999 -9999 0.590694 0.609017 0.6342 0.647047 0.651132 0.659457 0.663436 0.662308 0.66077 0.651262 0.636817 0.608016 0.612083 0.622527 0.638418 0.643714 0.636141 0.621098 0.603983 0.572193 0.544139 0.536454 0.528548 0.507567 0.489214 0.4677 0.477679 0.489301 0.502483 0.509436 0.507415 0.521271 0.53173 0.52457 0.530679 0.537334 0.527134 0.518329 0.509596 0.491926 0.484677 0.478889 0.481036 0.470591 0.469886 0.463632 0.461974 0.463258 0.465501 0.468261 0.469221 0.469582 0.469422 0.467808 0.464968 0.460242 0.453915 0.446173 0.437177 0.424858 0.381893 0.354207 -9999
-9999 -9999 -9999 -9999 -9999 -9999 -9999 0.57914 0.590547 0.619204 0.634218 0.648994 0.658488 0.662128 0.658053 0.655644 0.641517 0.6362 0.60973 0.595035 0.600806 0.592276 0.615506 0.635006 0.620642 0.562938 0.538315 0.519524 0.518019 0.513838 0.505491 0.475996 0.466502 0.489253 0.503625 0.514971 0.523678 0.525312 0.524575 0.541943 0.541444 0.544083 0.538543 0.534001 0.519109 0.507323 0.500757 0.488291 0.481008 0.483498 0.470518 0.473731 0.466458 0.46271 0.46188 0.466617 0.467934 0.468902 0.469083 0.468678 0.467335 0.463853 0.45955 0.453475 0.44582 0.437292 0.427607 0.40956 0.384327 0.368674
-9999 -9999 -9999 -9999 -9999 -9999 -9999 -9999 0.568747 0.606328 0.628845 0.640679 0.655406 0.659815 0.659238 0.654072 0.638872 0.62469 0.600922 0.573051 0.554229 0.590405 0.620647 0.633518 0.622448 0.573614 0.550945 0.544811 0.549961 0.537449 0.527656 0.504632 0.496399 0.48643 0.490746 0.50722 0.519661 0.532241 0.541111 0.540983 0.545682 0.543722 0.539889 0.536085 0.529519 0.52278 0.502525 0.502154 0.490874 0.48811 0.481518 0.475891 0.467959 0.461214 0.463905 0.466803 0.467735 0.467816 0.467807 0.467393 0.466073 0.463573 0.457465 0.451695 0.444609 0.43629 0.427276 0.412707 0.400781 0.381814
-9999 -9999 -9999 -9999 -9999 -9999 -9999 -9999 0.552419 0.589412 0.612393 0.636249 0.65368 0.65784 0.659016 0.654877 0.643325 0.624932 0.608707 0.577951 0.545321 0.583153 0.614277 0.62957 0.625201 0.580624 0.585086 0.571945 0.570604 0.551874 0.542388 0.53503 0.522296 0.509177 0.496532 0.488038 0.517593 0.532532 0.544287 0.549134 0.550962 0.55058 0.545836 0.534455 0.515897 0.520551 0.508763 0.501603 0.494649 0.488803 0.483094 0.47791 0.470431 0.468368 0.463914 0.467134 0.466094 0.466259 0.466178 0.46549 0.463977 0.461569 0.458088 0.453524 0.44254 0.434734 0.426161 0.412085 0.402237 0.392045
-9999 -9999 -9999 -9999 -9999 -9999 -9999 -9999 0.506313 0.557779 0.60867 0.631041 0.646548 0.652907 0.656012 0.649833 0.6448 0.631437 0.618012 0.597211 0.566323 0.545667 0.571771 0.613821 0.622886 0.613161 0.606962 0.592869 0.580135 0.575239 0.572595 0.560356 0.545817 0.525247 0.516614 0.509172 0.530852 0.53318 0.53068 0.55416 0.552631 0.549151 0.53712 0.521598 0.519733 0.501014 0.494944 0.481415 0.483143 0.484341 0.482208 0.478193 0.470406 0.468293 0.466618 0.465232 0.464911 0.464563 0.464058 0.463165 0.461581 0.458994 0.455615 0.451541 0.44574 0.439361 0.42473 0.411112 0.401981 0.392538
-9999 -9999 -9999 -9999 -9999 -9999 -9999 -9999 0.514721 0.562002 0.598314 0.617194 0.638667 0.644719 0.652458 0.65165 0.646188 0.634428 0.61922 0.601858 0.575164 0.554133 0.572058 0.596246 0.613989 0.613718 0.605673 0.600673 0.594471 0.592778 0.586862 0.582453 0.569694 0.548235 0.536883 0.52125 0.545281 0.547155 0.542188 0.553333 0.551019 0.530047 0.512979 0.508157 0.511084 0.498662 0.486336 0.467695 0.468568 0.479757 0.47123 0.468332 0.468088 0.467209 0.464755 0.464041 0.463329 0.462692 0.461813 0.46071 0.459058 0.456411 0.453122 0.449062 0.443957 0.43744 0.430652 0.417347 0.401336 0.392743
-9999 -9999 -9999 -9999 -9999 -9999 -9999 -9999 0.520167 0.549703 0.582198 0.609864 0.632253 0.641831 0.648767 0.649057 0.642508 0.63629 0.626304 0.61089 0.599222 0.580168 0.554635 0.588473 0.592614 0.594886 0.598557 0.604865 0.600429 0.591647 0.579948 0.582181 0.575724 0.559872 0.553713 0.544684 0.557412 0.556298 0.554658 0.552437 0.534725 0.510438 0.490211 0.50004 0.494131 0.493336 0.464415 0.475928 0.483226 0.482557 0.46148 0.451795 0.462819 0.461646 0.461937 0.461919 0.461706 0.460576 0.459693 0.458204 0.456309 0.453823 0.450564 0.446653 0.441957 0.436564 0.429289 0.416309 0.408621 0.406362
-9999 -9999 -9999 -9999 -9999 -9999 -9999 -9999 -9999 0.538809 0.5741 0.609876 0.630017 0.642729 0.648922 0.648769 0.645087 0.640524 0.63389 0.622428 0.608012 0.585999 0.568635 0.574651 0.578467 0.571621 0.574973 0.592587 0.596078 0.581901 0.553173 0.5623 0.576732 0.574194 0.570816 0.567528 0.562146 0.558914 0.553364 0.540726 0.50509 0.498028 0.482344 0.481092 0.471232 0.479165 0.462409 0.473323 0.47562 0.473918 0.455816 0.449923 0.460529 0.464558 0.461292 0.463436 0.45976 0.458647 0.457406 0.455702 0.453798 0.451354 0.448256 0.450351 0.446228 0.4415 0.434703 0.421598 0.413353 0.405232
-9999 -9999 -9999 -9999 -9999 -9999 -9999 -9999 -9999 0.526285 0.565975 0.607561 0.62116 0.63452 0.645845 0.645798 0.640205 0.634527 0.628349 0.621117 0.604108 0.587185 0.570573 0.562882 0.56239 0.549809 0.55806 0.582494 0.584269 0.578435 0.545297 0.533101 0.553259 0.570111 0.569582 0.566033 0.541795 0.544998 0.531183 0.512917 0.506443 0.497061 0.47938 0.484072 0.469977 0.471651 0.455209 0.459907 0.460188 0.466638 0.450662 0.441849 0.452027 0.457755 0.455762 0.462403 0.463667 0.462745 0.461202 0.45948 0.457422 0.455138 0.45223 0.448801 0.444812 0.440043 0.434172 0.424162 0.394111 0.387472
-9999 -9999 -9999 -9999 -9999 -9999 -9999 -9999 -9999 0.53111 0.558532 0.595156 0.622194 0.623836 0.636661 0.642927 0.636717 0.629535 0.621903 0.617493 0.599172 0.578918 0.5618 0.54174 0.541425 0.550415 0.557569 0.572205 0.571944 0.564805 0.544076 0.547937 0.560802 0.566656 0.566936 0.56306 0.55632 0.551716 0.540972 0.53523 0.520786 0.499152 0.489128 0.491435 0.46802 0.466556 0.471151 0.446964 0.456766 0.459658 0.440399 0.4406 0.45234 0.457284 0.461514 0.46253 0.461834 0.461834 0.459994 0.458148 0.456034 0.453532 0.450712 0.447195 0.443295 0.437462 0.430359 0.410167 0.38865 0.383822
-9999 -9999 -9999 -9999 -9999 -9999 -9999 -9999 -9999 0.536291 0.56067 0.592137 0.611151 0.614259 0.628265 0.640467 0.638108 0.630541 0.627162 0.618813 0.602959 0.585367 0.566074 0.555119 0.533382 0.548561 0.54982 0.561801 0.565619 0.547253 0.537992 0.54559 0.553387 0.555097 0.563476 0.561279 0.555838 0.538964 0.529774 0.530929 0.52577 0.518133 0.502446 0.499421 0.488239 0.481974 0.475802 0.448573 0.452294 0.449786 0.444666 0.4511 0.45608 0.458712 0.461051 0.460184 0.460175 0.460774 0.459013 0.457014 0.45474 0.45229 0.449315 0.445471 0.441377 0.43403 0.423625 0.407522 0.373811 0.381425
-9999 -9999 -9999 -9999 -9999 -9999 -9999 -9999 -9999 0.53299 0.558548 0.585131 0.595937 0.59727 0.622795 0.637974 0.636915 0.632578 0.627498 0.609318 0.608237 0.602651 0.585004 0.560231 0.533088 0.532173 0.538566 0.549943 0.553333 0.52697 0.51671 0.518771 0.531887 0.543557 0.556066 0.557625 0.551153 0.52583 0.499083 0.508592 0.518844 0.516677 0.510882 0.496156 0.489811 0.483746 0.472106 0.445752 0.439604 0.440952 0.44505 0.447985 0.45401 0.458738 0.453982 0.453475 0.458146 0.459981 0.45809 0.456023 0.453862 0.451285 0.44832 0.443859 0.439006 0.432801 0.412747 0.398491 0.371473 0.38088
-9999 -9999 -9999 -9999 -9999 -9999 -9999 -9999 -9999 0.52607 0.544246 0.569358 0.579024 0.594754 0.618629 0.629753 0.634357 0.632793 0.628784 0.61957 0.613044 0.60199 0.583699 0.559415 0.532531 0.513802 0.51837 0.531827 0.531043 0.509875 0.497261 0.505625 0.519675 0.542112 0.553958 0.55354 0.550026 0.543115 0.522995 0.49914 0.497211 0.506139 0.494884 0.482077 0.485721 0.482348 0.471043 0.462132 0.441368 0.437009 0.437912 0.439641 0.447108 0.459276 0.459263 0.45685 0.460892 0.459202 0.457299 0.455388 0.453104 0.450593 0.44774 0.443648 0.437833 0.423663 0.4106 0.393634 0.38785 0.387669
-9999 -9999 -9999 -9999 -9999 -9999 -9999 -9999 -9999 0.513588 0.534781 0.558011 0.579646 0.599983 0.617243 0.617425 0.625727 0.624153 0.627473 0.624046 0.615039 0.605274 0.589077 0.558608 0.532318 0.503751 0.506992 0.526828 0.51739 0.501568 0.47555 0.49551 0.518064 0.538425 0.548328 0.535968 0.543762 0.540753 0.531906 0.516902 0.49472 0.493161 0.476047 0.4734 0.479151 0.479591 0.476157 0.469086 0.450491 0.439203 0.436451 0.435815 0.442636 0.451708 0.460582 0.460463 0.460597 0.45873 0.45675 0.454812 0.452597 0.449969 0.446816 0.442768 0.43073 0.416751 0.406641 0.393841 0.388821 0.393875
