Test_Spring_2018/03_18/Prec/20180321_015.txt
ncols	170
nrows	115
xllcorner	350000.000000
yllcorner	4445000.000000
cellsize	1000.000000
nodata_value	-9999.000000
[rows 31 to 61 of 115, columns 70 to 139 of 170]
0.21403 0.209209 0.205791 0.20482 0.201825 0.195441 0.187401 0.184633 0.175314 0.173597 0.173563 0.172406 0.172328 0.173642 0.173643 0.177571 0.19247 0.187802 0.186092 0.190868 0.188932 0.185689 0.190317 0.20215 0.208178 0.217135 0.218168 0.220699 0.228619 -9999 -9999 -9999 -9999 -9999 -9999 -9999 -9999 -9999 -9999 -9999 -9999 -9999 -9999 -9999 -9999 -9999 -9999 -9999 -9999 -9999 -9999 -9999 -9999 -9999 -9999 -9999 -9999 -9999 -9999 -9999 -9999 -9999 -9999 -9999 -9999 -9999 -9999 -9999 -9999 -9999
0.213411 0.209912 0.207516 0.206523 0.20123 0.196027 0.190876 0.190248 0.175798 0.173827 0.173292 0.174683 0.174321 0.174214 0.173889 0.177036 0.187556 0.19725 0.1919 0.192026 0.196227 0.190354 0.19483 0.205139 0.219386 0.213899 0.217353 0.228178 0.233726 -9999 -9999 -9999 -9999 -9999 -9999 -9999 -9999 -9999 -9999 -9999 -9999 -9999 -9999 -9999 -9999 -9999 -9999 -9999 -9999 -9999 -9999 -9999 -9999 -9999 -9999 -9999 -9999 -9999 -9999 -9999 -9999 -9999 -9999 -9999 -9999 -9999 -9999 -9999 -9999 -9999
0.216334 0.211167 0.209541 0.207642 0.20116 0.198422 0.196599 0.189166 0.176331 0.173961 0.172703 0.172434 0.172171 0.17219 0.174329 0.178081 0.187032 0.198115 0.200674 0.195355 0.195562 0.195374 0.199483 0.204606 0.212164 0.208472 0.208032 0.217211 0.226711 0.232196 -9999 -9999 -9999 -9999 -9999 -9999 -9999 -9999 -9999 -9999 -9999 -9999 -9999 -9999 -9999 -9999 -9999 -9999 -9999 -9999 -9999 -9999 -9999 -9999 -9999 -9999 -9999 -9999 -9999 -9999 -9999 -9999 -9999 -9999 -9999 -9999 -9999 -9999 -9999 -9999
0.220307 0.213154 0.211984 0.213046 0.208076 0.203574 0.199108 0.183103 0.18066 0.174294 0.172783 0.171401 0.171914 0.172249 0.173814 0.177411 0.183087 0.190269 0.203208 0.195455 0.189671 0.190527 0.191777 0.195686 0.20298 0.199363 0.200657 0.212813 0.220295 0.22737 0.23135 -9999 -9999 -9999 -9999 -9999 -9999 -9999 -9999 -9999 -9999 -9999 -9999 -9999 -9999 -9999 -9999 -9999 -9999 -9999 -9999 -9999 -9999 -9999 -9999 -9999 -9999 -9999 -9999 -9999 -9999 -9999 -9999 -9999 -9999 -9999 -9999 -9999 -9999 -9999
-9999 0.215992 0.214783 0.216653 0.211658 0.205796 0.199448 0.187962 0.179182 0.175923 0.172767 0.171306 0.171835 0.176408 0.176243 0.175741 0.179277 0.187505 0.195974 0.198417 0.189371 0.187365 0.188861 0.187869 0.194278 0.193323 0.195877 0.201774 0.211822 0.219924 0.224972 0.232993 -9999 -9999 -9999 -9999 -9999 -9999 -9999 -9999 -9999 -9999 -9999 -9999 -9999 -9999 -9999 -9999 -9999 -9999 -9999 -9999 -9999 -9999 -9999 -9999 -9999 -9999 -9999 -9999 -9999 -9999 -9999 -9999 -9999 -9999 -9999 -9999 -9999 -9999
-9999 -9999 -9999 -9999 0.216525 0.210178 0.196133 0.190694 0.179854 0.176022 0.172377 0.17081 0.173222 0.173854 0.172978 0.174838 0.178981 0.181658 0.18701 0.192852 0.191275 0.183931 0.188565 0.184024 0.185911 0.186398 0.191909 0.200923 0.213982 0.220188 0.224972 0.231869 -9999 -9999 -9999 -9999 -9999 -9999 -9999 -9999 -9999 -9999 -9999 -9999 -9999 -9999 -9999 -9999 -9999 -9999 -9999 -9999 -9999 -9999 -9999 -9999 -9999 -9999 -9999 -9999 -9999 -9999 -9999 -9999 -9999 -9999 -9999 -9999 -9999 -9999
-9999 -9999 -9999 -9999 -9999 0.210617 0.197661 0.189344 0.180336 0.176987 0.172112 0.170259 0.170112 0.169841 0.170341 0.171622 0.174576 0.178192 0.183255 0.184063 0.179486 0.180313 0.182537 0.183036 0.181904 0.184302 0.193641 0.204297 0.211792 0.224815 0.231616 0.233058 0.238173 -9999 -9999 -9999 -9999 -9999 -9999 -9999 -9999 -9999 -9999 -9999 -9999 0.233726 -9999 -9999 -9999 -9999 -9999 -9999 -9999 -9999 -9999 -9999 -9999 -9999 -9999 -9999 -9999 -9999 -9999 -9999 -9999 -9999 0.250163 -9999 -9999 -9999
-9999 -9999 -9999 -9999 0.213162 0.200052 0.194445 0.188019 0.186174 0.176878 0.171376 0.169295 0.168546 0.1682 0.169634 0.169371 0.170772 0.174716 0.175661 0.174377 0.174329 0.17447 0.175222 0.177199 0.180015 0.183308 0.189135 0.196147 0.201593 0.215065 0.221112 0.228065 0.237336 0.244785 -9999 -9999 -9999 -9999 -9999 -9999 -9999 0.237468 0.237885 0.237855 0.236315 0.23192 0.234646 -9999 -9999 -9999 -9999 -9999 -9999 -9999 -9999 -9999 -9999 -9999 -9999 -9999 -9999 -9999 -9999 -9999 -9999 -9999 0.246961 0.252013 -9999 -9999
-9999 -9999 -9999 -9999 0.205707 0.199007 0.194049 0.18747 0.182373 0.175029 0.171417 0.168065 0.166234 0.165834 0.166451 0.16541 0.167522 0.168752 0.169946 0.168155 0.16857 0.170696 0.173355 0.176137 0.181008 0.183485 0.186742 0.192252 0.199701 0.207243 0.216915 0.229197 0.241066 0.250787 -9999 -9999 -9999 -9999 -9999 -9999 0.237221 0.233617 0.231433 0.236178 0.232129 0.228441 0.229071 0.235788 -9999 -9999 -9999 -9999 -9999 -9999 -9999 -9999 -9999 -9999 -9999 -9999 -9999 -9999 0.222838 0.22821 0.239615 0.245101 0.24809 0.252663 -9999 -9999
-9999 -9999 -9999 -9999 0.206782 0.199165 0.19282 0.186742 0.182873 0.172199 0.169927 0.166803 0.164612 0.162943 0.161755 0.163017 0.16334 0.166718 0.163413 0.164164 0.166075 0.170972 0.174223 0.182242 0.187137 0.190129 0.187801 0.194295 0.204831 0.21724 0.230414 0.234614 0.240681 0.249694 -9999 -9999 -9999 -9999 -9999 -9999 0.237009 0.233028 0.229634 0.229045 0.233652 0.227006 0.230112 0.233785 0.234646 0.231683 0.230227 0.234327 0.227613 0.226399 0.227875 0.225945 -9999 -9999 -9999 -9999 0.22365 0.222975 0.222283 0.224192 0.236729 0.245051 0.252436 0.252187 -9999 -9999
-9999 -9999 -9999 -9999 0.204143 0.197927 0.192868 0.188857 0.182708 0.172209 0.169229 0.166891 0.164549 0.162429 0.160726 0.160225 0.161326 0.160703 0.161118 0.163012 0.170915 0.180351 0.178999 0.184358 0.195064 0.191582 0.190219 0.197532 0.210028 0.223938 0.229352 0.232759 0.240532 0.252165 -9999 -9999 -9999 0.250345 0.24503 0.244735 0.243123 0.237799 0.2337 0.228092 0.225804 0.228165 0.230432 0.233998 0.23792 0.236577 0.229624 0.228009 0.226482 0.225273 0.226683 0.227984 0.225866 0.224655 0.224209 0.224384 0.224191 0.223706 0.223556 0.225456 0.23436 0.240437 0.24406 0.252062 -9999 -9999
-9999 -9999 -9999 -9999 0.206941 0.20095 0.195186 0.188049 0.183696 0.177731 0.169053 0.165542 0.162468 0.162027 0.158305 0.157029 0.156438 0.156821 0.158137 0.164677 0.173885 0.183588 0.189512 0.189107 0.197995 0.199584 0.198401 0.202069 0.214991 0.227848 0.23209 0.236386 0.248218 0.258852 -9999 -9999 0.26195 0.251573 0.244176 0.240308 0.239039 0.238796 0.233548 0.232984 0.22737 0.230793 0.238059 0.23724 0.237257 0.23548 0.235751 0.235074 0.233681 0.227476 0.226563 0.226315 0.224892 0.224423 0.224135 0.223929 0.224481 0.223818 0.223429 0.224498 0.232613 0.236315 0.240336 0.255404 -9999 -9999
-9999 -9999 -9999 -9999 0.206718 0.200359 0.1935 0.188851 0.182443 0.1771 0.170044 0.163547 0.160578 0.159241 0.158014 0.154425 0.153554 0.153508 0.154334 0.160691 0.168491 0.17996 0.188367 0.193487 0.19927 0.21114 0.212573 0.2169 0.221295 0.223443 0.228513 0.236157 0.243998 0.256238 0.263203 -9999 0.262518 0.258073 0.24913 0.24135 0.236265 0.23781 0.231767 0.230445 0.228807 0.230722 0.235122 0.239468 0.239716 0.240304 0.23634 0.23133 0.231621 0.23001 0.226217 0.22559 0.224972 0.224593 0.224294 0.223991 0.223784 0.223562 0.223446 0.223658 0.227208 0.23091 0.239432 0.255442 -9999 -9999
-9999 -9999 -9999 0.217986 0.207389 0.199023 0.193047 0.187321 0.181603 0.176139 0.167622 0.16161 0.157631 0.155895 0.157226 0.155075 0.15329 0.150802 0.151435 0.153143 0.158394 0.172137 0.177783 0.189934 0.201261 0.209657 0.212212 0.210142 0.214163 0.221638 0.229251 0.237816 0.244002 0.252265 0.265732 0.265875 0.261398 0.257904 0.251805 0.242196 0.235281 0.23198 0.230509 0.229347 0.228035 0.23281 0.235514 0.236741 0.238818 0.239102 0.238994 0.23645 0.236337 0.229847 0.228016 0.225589 0.225033 0.224644 0.224316 0.223998 0.223756 0.22362 0.223373 0.223124 0.223073 0.228233 0.24591 0.256302 -9999 -9999
-9999 -9999 -9999 -9999 0.209076 0.202958 0.197932 0.192273 0.185522 0.178429 0.167613 0.162959 0.157437 0.153234 0.154627 0.156454 0.151951 0.150309 0.149482 0.150804 0.153338 0.166654 0.175251 0.18321 0.194589 0.197685 0.199688 0.20376 0.209228 0.22149 0.233359 0.245791 0.257609 0.26019 0.266705 0.265327 0.262587 0.254021 0.247787 0.245055 0.242894 0.232823 0.230951 0.231386 0.229145 0.232776 0.233809 0.236519 0.235861 0.236077 0.235944 0.242733 0.237217 0.236007 0.23058 0.226686 0.22491 0.224552 0.224211 0.224006 0.223806 0.22365 0.223408 0.223246 0.225883 0.229842 0.247698 0.256589 -9999 -9999
-9999 -9999 -9999 -9999 -9999 -9999 0.1997 0.193248 0.187127 0.180229 0.167235 0.161373 0.156352 0.15268 0.151228 0.152878 0.152628 0.151605 0.155879 0.155052 0.152996 0.156417 0.160849 0.173508 0.183498 0.184153 0.190086 0.200817 0.20994 0.218656 0.232109 0.242147 0.255362 0.265429 0.267366 0.259782 0.253215 0.244482 0.240475 0.242488 0.23964 0.235679 0.23034 0.22791 0.228805 0.232662 0.233373 0.237483 0.233746 0.233405 0.235048 0.236313 0.237066 0.233908 0.232106 0.227597 0.225899 0.22432 0.224078 0.223885 0.223748 0.223628 0.224823 0.225319 0.225885 0.226556 0.245041 0.25927 -9999 -9999
-9999 -9999 -9999 -9999 -9999 -9999 0.203189 0.197195 0.189528 0.178068 0.166822 0.160873 0.156639 0.152317 0.150319 0.151429 0.153544 0.156424 0.161309 0.160673 0.157074 0.156852 0.160536 0.172365 0.174489 0.180867 0.188513 0.201311 0.211655 0.2188 0.231916 0.242912 0.252613 0.264431 0.261905 0.258446 0.253229 0.243624 0.236914 0.234015 0.236341 0.233298 0.227169 0.227384 0.231139 0.231265 0.233604 0.239175 0.23373 0.232147 0.23324 0.23259 0.23431 0.232495 0.22993 0.227454 0.225569 0.224701 0.22399 0.223844 0.223711 0.224164 0.224665 0.225236 0.225935 0.226674 0.238897 0.260007 -9999 -9999
-9999 -9999 -9999 -9999 -9999 -9999 -9999 0.201341 0.190639 0.17717 0.167071 0.162532 0.156548 0.152623 0.151136 0.150274 0.1531 0.158435 0.170015 0.169023 0.165984 0.161207 0.161018 0.166241 0.174661 0.183921 0.199065 0.212694 0.218129 0.223555 0.23407 0.243165 0.253607 0.251198 0.247815 0.243455 0.241205 0.242151 0.236381 0.231602 0.233512 0.229809 0.22561 0.227907 0.229464 0.230853 0.233551 0.233952 0.233829 0.230648 0.232644 0.230941 0.232091 0.231131 0.229287 0.227354 0.225483 0.224554 0.224012 0.22373 0.223847 0.22409 0.224653 0.225381 0.226193 0.227043 0.228791 0.240386 0.247391 -9999
-9999 -9999 -9999 -9999 -9999 -9999 -9999 0.206593 0.198675 0.183821 0.172824 0.163975 0.157471 0.153626 0.153264 0.152981 0.157513 0.159158 0.169932 0.176247 0.175112 0.180125 0.172818 0.167269 0.175422 0.200884 0.213149 0.223043 0.225956 0.229821 0.235203 0.248649 0.254183 0.24657 0.241992 0.238286 0.235278 0.234933 0.234922 0.227557 0.226576 0.224334 0.2251 0.225249 0.229349 0.232067 0.230395 0.232958 0.233489 0.230201 0.233209 0.229915 0.231438 0.231232 0.230138 0.227108 0.225717 0.224701 0.224331 0.224052 0.224302 0.224436 0.224946 0.225731 0.226695 0.227557 0.22845 0.23023 0.236399 0.238542
-9999 -9999 -9999 -9999 -9999 -9999 -9999 -9999 0.20824 0.189895 0.17591 0.168256 0.159672 0.155518 0.154585 0.154863 0.159774 0.164957 0.174648 0.186621 0.194673 0.181833 0.171709 0.168775 0.175541 0.197395 0.208798 0.213542 0.213686 0.22075 0.226572 0.237286 0.24217 0.247478 0.246792 0.241752 0.237136 0.231942 0.228101 0.227743 0.225359 0.224139 0.224344 0.224335 0.225257 0.226104 0.229962 0.227817 0.230039 0.228913 0.229405 0.229642 0.231431 0.23236 0.229774 0.227378 0.226033 0.225902 0.225156 0.224827 0.225042 0.22581 0.22563 0.226448 0.227379 0.228378 0.229236 0.229773 0.230838 0.234478
-9999 -9999 -9999 -9999 -9999 -9999 -9999 -9999 0.215825 0.197848 0.183727 0.171355 0.162196 0.159226 0.156497 0.156413 0.159893 0.166758 0.173416 0.186495 0.20087 0.186031 0.17558 0.171589 0.175598 0.195565 0.196 0.203392 0.205969 0.215349 0.220876 0.225151 0.231657 0.238064 0.245411 0.249592 0.237748 0.231601 0.226616 0.2243 0.223106 0.222708 0.223468 0.224827 0.230698 0.227162 0.227699 0.228415 0.229035 0.229235 0.22944 0.22953 0.231184 0.230205 0.230404 0.227819 0.228453 0.227262 0.226465 0.226177 0.226417 0.227121 0.228245 0.228579 0.228387 0.229409 0.230339 0.230825 0.231313 0.231682
-9999 -9999 -9999 -9999 -9999 -9999 -9999 -9999 0.2355 0.211924 0.187632 0.175794 0.168519 0.163448 0.160065 0.160877 0.1618 0.16666 0.172163 0.181192 0.19476 0.20466 0.194186 0.179439 0.177898 0.183731 0.188241 0.195828 0.202762 0.206426 0.209028 0.215048 0.224428 0.233285 0.237995 0.241047 0.23232 0.2312 0.231918 0.222192 0.222383 0.223278 0.227495 0.232301 0.232108 0.235156 0.233457 0.236883 0.234182 0.23169 0.230556 0.230236 0.2321 0.231272 0.230263 0.231446 0.230108 0.22906 0.22836 0.228079 0.228279 0.229003 0.230058 0.231289 0.231434 0.232834 0.231687 0.232116 0.232599 0.23294
-9999 -9999 -9999 -9999 -9999 -9999 -9999 -9999 0.234985 0.21098 0.193647 0.185317 0.174139 0.169372 0.164288 0.163064 0.164215 0.16844 0.174606 0.182163 0.193913 0.203783 0.198386 0.188298 0.183225 0.185101 0.189874 0.193623 0.197741 0.202985 0.206534 0.209083 0.214947 0.225237 0.229981 0.236263 0.226578 0.225637 0.227353 0.222579 0.223123 0.231051 0.23734 0.238633 0.235824 0.239787 0.240658 0.242844 0.24064 0.234293 0.236201 0.235435 0.23437 0.232847 0.234895 0.23348 0.232286 0.231317 0.23071 0.230442 0.230596 0.231277 0.232247 0.23345 0.234884 0.234626 0.235918 0.236487 0.234241 0.234534
-9999 -9999 -9999 -9999 -9999 -9999 -9999 -9999 0.237831 0.217789 0.202195 0.190765 0.17945 0.17348 0.168885 0.167343 0.168994 0.171012 0.175037 0.181703 0.187292 0.19617 0.207889 0.196076 0.193608 0.19416 0.197639 0.196821 0.200102 0.204897 0.209555 0.209533 0.214242 0.220914 0.223534 0.227149 0.221963 0.222216 0.222619 0.223205 0.229929 0.239223 0.246824 0.24233 0.243994 0.242446 0.249884 0.244598 0.240003 0.238449 0.24115 0.243193 0.237799 0.239757 0.237843 0.236201 0.234828 0.234046 0.233403 0.233231 0.233412 0.233958 0.234856 0.235963 0.237232 0.238531 0.23796 0.238362 0.239102 0.240286
-9999 -9999 -9999 -9999 -9999 -9999 -9999 -9999 -9999 0.227509 0.213053 0.196286 0.185888 0.17868 0.174388 0.173027 0.173533 0.174883 0.177558 0.18263 0.189294 0.199329 0.207757 0.207007 0.204444 0.208318 0.208564 0.202992 0.202891 0.209649 0.22183 0.220683 0.215375 0.216639 0.21807 0.219333 0.220548 0.221652 0.223629 0.228394 0.2423 0.245612 0.25149 0.251519 0.254866 0.249862 0.252196 0.246451 0.243996 0.243006 0.248457 0.250228 0.247638 0.244025 0.243389 0.240724 0.237813 0.237041 0.236528 0.236402 0.236529 0.236991 0.237764 0.239314 0.240521 0.241751 0.241069 0.241237 0.24241 0.24313
-9999 -9999 -9999 -9999 -9999 -9999 -9999 -9999 -9999 0.237133 0.219047 0.200246 0.192734 0.185514 0.179378 0.178121 0.179468 0.181269 0.183692 0.186935 0.194435 0.202191 0.210038 0.214462 0.216076 0.218932 0.216975 0.208452 0.208833 0.212086 0.227855 0.233306 0.225645 0.219129 0.219404 0.22077 0.230311 0.228842 0.234131 0.241172 0.243481 0.246915 0.253606 0.251288 0.256363 0.255011 0.255952 0.252811 0.251297 0.247197 0.251951 0.255176 0.25321 0.249109 0.248141 0.24383 0.241823 0.240885 0.240417 0.240245 0.240409 0.240819 0.241564 0.242521 0.243614 0.244843 0.246252 0.24641 0.252574 0.252974
-9999 -9999 -9999 -9999 -9999 -9999 -9999 -9999 -9999 0.237779 0.224852 0.208296 0.195674 0.193362 0.186817 0.183177 0.184844 0.187248 0.190185 0.192168 0.200002 0.208853 0.216639 0.225722 0.226985 0.224538 0.218967 0.214146 0.215156 0.218774 0.229618 0.228574 0.22377 0.221615 0.221558 0.223058 0.225625 0.227286 0.231362 0.233413 0.23891 0.24724 0.250883 0.249532 0.258354 0.2583 0.255697 0.259186 0.253995 0.251452 0.257662 0.261723 0.255423 0.25183 0.248559 0.246654 0.245558 0.244342 0.244041 0.243923 0.244077 0.244515 0.245152 0.246076 0.247085 0.248728 0.25067 0.257576 0.257606 0.257545
-9999 -9999 -9999 -9999 -9999 -9999 -9999 -9999 -9999 0.238353 0.226872 0.212613 0.203424 0.200734 0.193891 0.188005 0.1882 0.19076 0.191936 0.195369 0.202043 0.209617 0.218029 0.223224 0.232785 0.227624 0.223978 0.220031 0.219252 0.22925 0.23352 0.230916 0.228095 0.227575 0.224283 0.225122 0.227185 0.233758 0.237224 0.236527 0.238318 0.241058 0.246961 0.247744 0.2517 0.253596 0.255347 0.259958 0.257305 0.257046 0.261784 0.259817 0.256405 0.253925 0.251593 0.250606 0.249374 0.248023 0.247754 0.247722 0.24793 0.248308 0.248956 0.249959 0.251012 0.253258 0.256567 0.261948 0.266734 0.261958
-9999 -9999 -9999 -9999 -9999 -9999 -9999 -9999 -9999 0.242346 0.230597 0.218495 0.212786 0.210988 0.199699 0.192734 0.192468 0.193738 0.195536 0.202782 0.203401 0.205989 0.213529 0.224013 0.235506 0.236557 0.233266 0.226625 0.22588 0.239079 0.243668 0.243224 0.238252 0.23375 0.228816 0.22817 0.230661 0.240621 0.251103 0.247072 0.242706 0.243254 0.245198 0.250647 0.252679 0.254519 0.258497 0.264023 0.264085 0.262401 0.265853 0.263462 0.259814 0.256684 0.257367 0.256404 0.253449 0.251719 0.25158 0.251617 0.251787 0.252199 0.25281 0.254026 0.255363 0.257163 0.264378 0.269131 0.273897 0.265944
-9999 -9999 -9999 -9999 -9999 -9999 -9999 -9999 -9999 0.247781 0.23915 0.227815 0.222735 0.215351 0.204853 0.199602 0.197125 0.197288 0.198605 0.202173 0.204826 0.209427 0.217033 0.227123 0.238316 0.246293 0.244985 0.235825 0.238615 0.247769 0.253238 0.250244 0.244888 0.236092 0.231439 0.231603 0.232933 0.235557 0.243401 0.252685 0.253169 0.249271 0.253376 0.258045 0.256085 0.256862 0.260739 0.263593 0.265268 0.270006 0.271034 0.269282 0.265232 0.259313 0.25828 0.258246 0.25569 0.255489 0.255444 0.255475 0.255719 0.256104 0.256655 0.257705 0.25942 0.26442 0.268903 0.274849 0.276219 0.267272
-9999 -9999 -9999 -9999 -9999 -9999 -9999 -9999 -9999 0.255399 0.245706 0.235273 0.225565 0.216479 0.208737 0.207936 0.204025 0.204191 0.202537 0.203706 0.207227 0.211163 0.217767 0.230154 0.240942 0.25269 0.251773 0.242469 0.246287 0.253052 0.263832 0.256194 0.247447 0.239499 0.235647 0.240606 0.237446 0.238528 0.241876 0.24762 0.25617 0.256432 0.262848 0.263436 0.26062 0.259874 0.260628 0.262792 0.264863 0.271301 0.274014 0.273355 0.269727 0.265217 0.260811 0.260029 0.259183 0.259178 0.259261 0.259368 0.259622 0.260066 0.260734 0.261761 0.265964 0.270915 0.274283 0.278677 0.27991 0.271474
