Test_Spring_2018/03_18/Prec/20180319_003.txt
ncols	170
nrows	115
xllcorner	350000.000000
yllcorner	4445000.000000
cellsize	1000.000000
nodata_value	-9999.000000
[rows 33 to 65 of 115, columns 74 to 147 of 170]
0.624352 0.622971 0.627064 0.634147 0.644164 0.645191 0.640672 0.63148 0.623255 0.614604 0.595397 0.568548 0.514157 0.449345 0.433448 0.462868 0.46292 0.466516 0.447435 0.423846 0.3877 0.415035 0.424921 0.379028 0.316973 0.290162 -9999 -9999 -9999 -9999 -9999 -9999 -9999 -9999 -9999 -9999 -9999 -9999 -9999 -9999 -9999 -9999 -9999 -9999 -9999 -9999 -9999 -9999 -9999 -9999 -9999 -9999 -9999 -9999 -9999 -9999 -9999 -9999 -9999 -9999 -9999 -9999 -9999 -9999 -9999 -9999 -9999 -9999 -9999 -9999 -9999 -9999 -9999 -9999
0.592251 0.600702 0.615405 0.62597 0.627091 0.650589 0.647764 0.645092 0.632878 0.622763 0.606988 0.581136 0.544975 0.501719 0.427687 0.470143 0.502871 0.499812 0.495664 0.477733 0.441851 0.467479 0.466351 0.400189 0.344897 0.31281 0.297533 -9999 -9999 -9999 -9999 -9999 -9999 -9999 -9999 -9999 -9999 -9999 -9999 -9999 -9999 -9999 -9999 -9999 -9999 -9999 -9999 -9999 -9999 -9999 -9999 -9999 -9999 -9999 -9999 -9999 -9999 -9999 -9999 -9999 -9999 -9999 -9999 -9999 -9999 -9999 -9999 -9999 -9999 -9999 -9999 -9999 -9999 -9999
0.578518 0.594349 0.608911 0.624379 0.641619 0.647721 0.654037 0.651854 0.63963 0.605999 0.599918 0.596893 0.572576 0.52332 0.47389 0.459156 0.509515 0.521744 0.515475 0.52399 0.492106 0.50191 0.492704 0.462622 0.404881 0.350536 0.32821 0.288761 -9999 -9999 -9999 -9999 -9999 -9999 -9999 -9999 -9999 -9999 -9999 -9999 -9999 -9999 -9999 -9999 -9999 -9999 -9999 -9999 -9999 -9999 -9999 -9999 -9999 -9999 -9999 -9999 -9999 -9999 -9999 -9999 -9999 -9999 -9999 -9999 -9999 -9999 -9999 -9999 -9999 -9999 -9999 -9999 -9999 -9999
0.557383 0.570949 0.587241 0.614852 0.643332 0.652231 0.660973 0.659162 0.636299 0.624506 0.62229 0.606016 0.578194 0.559675 0.527369 0.493413 0.501808 0.543313 0.519047 0.54673 0.539365 0.540414 0.513959 0.461174 0.390639 0.345809 0.324092 0.290069 -9999 -9999 -9999 -9999 -9999 -9999 -9999 -9999 -9999 -9999 -9999 -9999 -9999 -9999 -9999 -9999 -9999 -9999 -9999 -9999 -9999 -9999 -9999 -9999 -9999 -9999 -9999 -9999 -9999 -9999 -9999 -9999 -9999 -9999 -9999 -9999 -9999 -9999 -9999 -9999 -9999 -9999 -9999 -9999 -9999 -9999
-9999 0.573281 0.585392 0.615464 0.645178 0.650707 0.665733 0.665056 0.656082 0.649027 0.638923 0.625697 0.604343 0.580447 0.549595 0.543497 0.568389 0.564137 0.553001 0.552263 0.561307 0.551256 0.500933 0.440695 0.402954 0.31725 0.283681 0.279408 0.254044 -9999 -9999 -9999 -9999 -9999 -9999 -9999 -9999 -9999 -9999 -9999 -9999 0.262753 -9999 -9999 -9999 -9999 -9999 -9999 -9999 -9999 -9999 -9999 -9999 -9999 -9999 -9999 -9999 -9999 -9999 -9999 -9999 -9999 0 -9999 -9999 -9999 -9999 -9999 -9999 -9999 -9999 -9999 -9999 -9999
0.587204 0.595834 0.609403 0.627867 0.633458 0.653909 0.671616 0.671531 0.665346 0.658274 0.642637 0.637767 0.624895 0.599064 0.591078 0.59658 0.596215 0.595731 0.592715 0.583633 0.570529 0.555281 0.519664 0.484237 0.457485 0.383402 0.339413 0.304031 0.255093 0.215604 -9999 -9999 -9999 -9999 -9999 -9999 -9999 0.250861 0.245729 0.242632 0.247464 0.267719 0.247862 -9999 -9999 -9999 -9999 -9999 -9999 -9999 -9999 -9999 -9999 -9999 -9999 -9999 -9999 -9999 -9999 -9999 -9999 -9999 0 0 -9999 -9999 -9999 -9999 -9999 -9999 -9999 -9999 -9999 -9999
0.590343 0.608551 0.617097 0.635076 0.645533 0.665541 0.671691 0.677801 0.67692 0.66958 0.658072 0.657252 0.640255 0.629485 0.62014 0.62856 0.625738 0.614346 0.600843 0.587387 0.562908 0.552206 0.531209 0.50399 0.465869 0.426955 0.360634 0.295332 0.231664 0.179248 -9999 -9999 -9999 -9999 -9999 -9999 0.2502 0.26787 0.277232 0.247589 0.266459 0.282851 0.274735 0.236391 -9999 -9999 -9999 -9999 -9999 -9999 -9999 -9999 -9999 -9999 -9999 -9999 -9999 -9999 0.184077 0.145906 0 0 0 0 -9999 -9999 -9999 -9999 -9999 -9999 -9999 -9999 -9999 -9999
0.592452 0.614133 0.628778 0.642399 0.644554 0.669229 0.678871 0.682662 0.682928 0.681982 0.680039 0.666084 0.658915 0.63619 0.652022 0.646512 0.635652 0.609152 0.592678 0.55037 0.526022 0.506857 0.523291 0.490623 0.435279 0.36917 0.285619 0.263486 0.232005 0.183384 -9999 -9999 -9999 -9999 -9999 -9999 0.248226 0.267891 0.283922 0.283925 0.25456 0.287394 0.269849 0.243324 0.232014 0.241653 0.242695 0.216242 0.222072 0.221767 0.206954 0.211564 -9999 -9999 -9999 -9999 0.196176 0.19349 0.190192 0.171609 0 0 0 0 -9999 -9999 -9999 -9999 -9999 -9999 -9999 -9999 -9999 -9999
0.614911 0.627006 0.632683 0.633037 0.646233 0.669276 0.680373 0.689031 0.688864 0.689281 0.689264 0.684473 0.672656 0.672273 0.667816 0.656654 0.613367 0.562647 0.572863 0.534896 0.474049 0.496336 0.507647 0.470608 0.404464 0.330045 0.290255 0.272761 0.231787 0.179133 -9999 -9999 -9999 0.186125 0.21405 0.213866 0.220872 0.248378 0.268827 0.28675 0.295651 0.290495 0.264484 0.238519 0.210091 0.210623 0.242177 0.243949 0.226477 0.226437 0.212386 0.209109 0.215223 0.216695 0.214161 0.208227 0.204179 0.201357 0.196065 0.178595 0.109746 0 0 0 -9999 -9999 -9999 -9999 -9999 -9999 -9999 -9999 -9999 -9999
0.63376 0.644203 0.652756 0.648273 0.6504 0.662668 0.678771 0.691572 0.694252 0.684314 0.694789 0.69384 0.691268 0.68539 0.676279 0.63983 0.59001 0.538627 0.509173 0.51181 0.466871 0.461339 0.472034 0.443403 0.388357 0.319607 0.297975 0.265943 0.199522 0.140876 -9999 -9999 0.121287 0.177437 0.216792 0.236386 0.241413 0.240599 0.267447 0.267888 0.29601 0.284232 0.231354 0.230119 0.210563 0.213354 0.215127 0.211442 0.214322 0.222972 0.221531 0.21699 0.219579 0.21735 0.214454 0.211206 0.203583 0.202306 0.198841 0.186397 0.133746 0.10466 0 0 -9999 -9999 -9999 -9999 -9999 -9999 -9999 -9999 -9999 -9999
0.645784 0.657811 0.671796 0.673069 0.684179 0.663657 0.669987 0.688493 0.697776 0.691775 0.687576 0.699028 0.697854 0.694514 0.68857 0.653814 0.612674 0.552395 0.510078 0.48322 0.45635 0.406159 0.403326 0.383583 0.36248 0.352809 0.316694 0.266572 0.224286 0.154831 0.115688 -9999 0.116974 0.139913 0.187725 0.22899 0.2552 0.244404 0.275673 0.280339 0.295603 0.281714 0.245341 0.224159 0.216624 0.206309 0.220586 0.228981 0.22191 0.222715 0.221802 0.219561 0.217954 0.215612 0.213244 0.21107 0.208234 0.205046 0.20055 0.193283 0.166348 0.126556 0 0 -9999 -9999 -9999 -9999 -9999 -9999 -9999 -9999 -9999 -9999
0.647596 0.669432 0.676934 0.682457 0.687835 0.692202 0.704432 0.694405 0.700196 0.702191 0.682979 0.685957 0.689734 0.700164 0.695761 0.687598 0.661539 0.589577 0.560687 0.508912 0.453229 0.412042 0.403635 0.419977 0.401231 0.361973 0.320646 0.265313 0.223816 0.178037 0.101138 0 0.122402 0.139879 0.171726 0.223082 0.259423 0.27559 0.281399 0.292443 0.297439 0.27508 0.249503 0.237486 0.219658 0.210815 0.203293 0.208694 0.202541 0.21984 0.222063 0.218072 0.216343 0.214384 0.212587 0.210975 0.208845 0.205695 0.202411 0.198123 0.183286 0.145295 0 0 -9999 -9999 -9999 -9999 -9999 -9999 -9999 -9999 -9999 -9999
0.643052 0.651257 0.652135 0.655755 0.665183 0.676812 0.70056 0.702567 0.711898 0.704699 0.689182 0.669584 0.688362 0.694258 0.698433 0.693094 0.682999 0.618445 0.578419 0.542495 0.487517 0.47678 0.472079 0.454664 0.428101 0.36225 0.297129 0.220534 0.15446 0.138756 0 0.101738 0.115154 0.16073 0.193218 0.206209 0.21605 0.269906 0.283015 0.283988 0.29547 0.273374 0.257607 0.237336 0.234637 0.225953 0.218257 0.171282 0.194524 0.191009 0.211391 0.218546 0.215739 0.213841 0.212438 0.210596 0.208685 0.206114 0.203253 0.193275 0.185435 0.157881 0 0 -9999 -9999 -9999 -9999 -9999 -9999 -9999 -9999 -9999 -9999
-9999 -9999 0.64464 0.651499 0.656063 0.665109 0.699871 0.707133 0.712323 0.71324 0.705563 0.682485 0.677475 0.680063 0.65621 0.665843 0.682092 0.670677 0.654823 0.593668 0.546463 0.550903 0.524849 0.470697 0.423956 0.377864 0.303799 0.240683 0.166567 0.108873 0 0.134931 0.166777 0.213168 0.23317 0.219695 0.233345 0.258487 0.288168 0.30151 0.295794 0.272662 0.259089 0.23104 0.24541 0.239661 0.221809 0.205243 0.192999 0.199872 0.199626 0.21534 0.216702 0.214053 0.212321 0.210704 0.208794 0.206417 0.199389 0.193704 0.186766 0.178101 0 0 -9999 -9999 -9999 -9999 -9999 -9999 -9999 -9999 -9999 -9999
-9999 -9999 0.627683 0.631285 0.643571 0.676989 0.701191 0.707829 0.707588 0.711205 0.705854 0.687575 0.667818 0.648755 0.62218 0.629443 0.655852 0.66542 0.65445 0.598606 0.595839 0.568899 0.533647 0.468194 0.41472 0.377315 0.304961 0.236517 0.1817 0.113962 0.125287 0.141364 0.167164 0.21728 0.252284 0.266559 0.253335 0.270123 0.304404 0.303239 0.281818 0.279657 0.257298 0.221158 0.245016 0.246081 0.231107 0.224945 0.206915 0.205956 0.209599 0.213679 0.21583 0.214007 0.211936 0.210225 0.208532 0.204776 0.200112 0.194612 0.187567 0.179141 0.105355 0 -9999 -9999 -9999 -9999 -9999 -9999 -9999 -9999 -9999 -9999
-9999 -9999 -9999 0.610808 0.639677 0.683832 0.701187 0.69934 0.708195 0.709002 0.700305 0.692652 0.669167 0.636348 0.572368 0.581844 0.605458 0.640762 0.651744 0.63304 0.595481 0.552697 0.475813 0.405749 0.379543 0.351571 0.293498 0.235484 0.176273 0.187489 0.203347 0.224237 0.233364 0.225011 0.25462 0.279556 0.268177 0.288747 0.312417 0.299817 0.290796 0.281751 0.257541 0.250274 0.244525 0.254473 0.2344 0.233977 0.218931 0.212996 0.212396 0.213234 0.21512 0.213509 0.211643 0.210172 0.207555 0.204682 0.200107 0.194266 0.1872 0.178794 0.163931 0 0 -9999 -9999 -9999 -9999 -9999 -9999 -9999 -9999 -9999
-9999 -9999 -9999 0.585222 0.598864 0.65089 0.673234 0.695278 0.706841 0.706971 0.691763 0.682023 0.647899 0.635351 0.576571 0.543918 0.556936 0.537731 0.588345 0.629609 0.593391 0.460281 0.399285 0.349842 0.337479 0.317972 0.28824 0.205692 0.173554 0.213525 0.235847 0.25296 0.266212 0.265815 0.263082 0.302815 0.306856 0.319336 0.315424 0.314869 0.291779 0.275436 0.275563 0.256363 0.247071 0.257693 0.232035 0.240496 0.223429 0.213246 0.208396 0.215243 0.214349 0.213109 0.21072 0.208965 0.206483 0.202825 0.19887 0.193161 0.185797 0.177917 0.168419 0.148252 0.105374 0 0 -9999 -9999 -9999 -9999 -9999 -9999 -9999
-9999 -9999 -9999 -9999 0.551285 0.623489 0.662899 0.678692 0.70212 0.704114 0.694268 0.679352 0.643501 0.611028 0.557997 0.49616 0.453426 0.533288 0.599215 0.625522 0.596466 0.483035 0.426451 0.405322 0.408044 0.370421 0.337981 0.270218 0.241473 0.209312 0.209839 0.237042 0.259598 0.284387 0.303016 0.303722 0.317057 0.321515 0.320712 0.321035 0.315666 0.309792 0.278985 0.286131 0.267579 0.266326 0.25485 0.243826 0.22558 0.209205 0.212744 0.216099 0.214924 0.210811 0.209257 0.207689 0.205326 0.201791 0.196339 0.190784 0.184043 0.175927 0.16721 0.154317 0.140421 0.110385 0 0 -9999 -9999 -9999 -9999 -9999 -9999
-9999 -9999 -9999 -9999 0.516438 0.587826 0.628836 0.671761 0.697152 0.698843 0.696475 0.683698 0.65572 0.613565 0.576923 0.508282 0.435355 0.511578 0.584584 0.61606 0.602726 0.497827 0.501716 0.465315 0.454052 0.403185 0.372122 0.339705 0.30173 0.263333 0.223933 0.198638 0.259585 0.289812 0.31486 0.326435 0.333029 0.336156 0.329051 0.320285 0.287304 0.305838 0.293229 0.284593 0.275158 0.266764 0.257176 0.247267 0.230315 0.224844 0.213113 0.21276 0.210106 0.208964 0.207668 0.205778 0.20312 0.199752 0.195392 0.190329 0.181499 0.173696 0.1651 0.152755 0.142682 0.131482 0.116048 0 0 0 0 -9999 -9999 -9999
-9999 -9999 -9999 -9999 0.415884 0.52003 0.617709 0.658416 0.683502 0.691327 0.693215 0.675738 0.661961 0.630601 0.599733 0.552741 0.483228 0.436009 0.482251 0.571641 0.596914 0.569536 0.549975 0.511856 0.475819 0.456397 0.441361 0.39869 0.353096 0.299568 0.273109 0.250866 0.294717 0.297126 0.290486 0.34326 0.341974 0.337639 0.315273 0.283722 0.284847 0.264123 0.263542 0.239965 0.249245 0.256144 0.25437 0.247153 0.229766 0.216003 0.212481 0.210462 0.208794 0.207053 0.205279 0.203273 0.200632 0.196859 0.192537 0.187912 0.181291 0.174115 0.162783 0.150881 0.141482 0.131142 0.120751 0.10431 0 0 0 0 -9999 -9999
-9999 -9999 -9999 -9999 0.430497 0.527048 0.598315 0.629354 0.669796 0.677051 0.689204 0.68349 0.668449 0.640231 0.604906 0.565041 0.504357 0.455882 0.493351 0.531647 0.5662 0.559231 0.54697 0.529523 0.508617 0.492158 0.4708 0.445984 0.41014 0.354695 0.323394 0.283535 0.333034 0.334651 0.322519 0.347641 0.344171 0.300347 0.266057 0.259559 0.268247 0.245252 0.22968 0.210094 0.216848 0.245546 0.217367 0.213585 0.213864 0.213164 0.210283 0.208564 0.206568 0.204715 0.202573 0.200452 0.197854 0.193963 0.189678 0.184749 0.17855 0.171295 0.163529 0.151629 0.139555 0.130236 0.120581 0.109675 0 0 0 0 0 -9999
-9999 -9999 -9999 -9999 0.444164 0.503193 0.566444 0.616881 0.659598 0.674798 0.685131 0.681676 0.663903 0.64758 0.62337 0.587315 0.559538 0.515032 0.455589 0.527407 0.518044 0.517031 0.514161 0.521499 0.504617 0.477881 0.450669 0.448786 0.4265 0.385277 0.366219 0.341616 0.366399 0.361582 0.356831 0.352009 0.313875 0.262081 0.220049 0.24533 0.2359 0.235452 0.18258 0.197827 0.218001 0.220268 0.195246 0.176229 0.201482 0.202821 0.20418 0.204438 0.204032 0.201566 0.199848 0.197197 0.19425 0.190747 0.186387 0.181486 0.175746 0.169321 0.161095 0.149654 0.141107 0.129774 0.120958 0.108859 0.100252 0 0 0 0 0
-9999 -9999 -9999 -9999 -9999 0.481339 0.547173 0.618921 0.65673 0.678913 0.687513 0.682864 0.67112 0.658007 0.640673 0.612764 0.578218 0.526505 0.48466 0.494185 0.481436 0.460315 0.462056 0.495118 0.496516 0.458491 0.379256 0.392475 0.419419 0.409104 0.397494 0.386757 0.383151 0.373814 0.36035 0.332149 0.253761 0.227855 0.194592 0.19382 0.174212 0.190992 0.16542 0.193148 0.201654 0.201124 0.163935 0.15136 0.181637 0.192909 0.187598 0.193974 0.200426 0.198404 0.196259 0.193417 0.19062 0.187244 0.183122 0.177474 0.171874 0.165743 0.15705 0.146003 0.135506 0.12577 0.11408 0.110657 0.10329 0 0 0 0 0
-9999 -9999 -9999 -9999 -9999 0.452789 0.532869 0.617764 0.641159 0.664797 0.684697 0.680065 0.663752 0.647765 0.631013 0.612072 0.571366 0.530641 0.490253 0.469216 0.463636 0.411809 0.424924 0.47371 0.471915 0.4531 0.362598 0.330589 0.370799 0.404061 0.399183 0.388163 0.331797 0.337104 0.305276 0.264222 0.249997 0.22985 0.191709 0.203653 0.174099 0.179769 0.151071 0.164411 0.167897 0.184995 0.152095 0.132531 0.162 0.176891 0.174342 0.190737 0.194976 0.194221 0.192043 0.18953 0.18646 0.183202 0.178998 0.174185 0.168767 0.162309 0.154123 0.13902 0 0 0 0 0 0 0 0 0 0
-9999 -9999 -9999 -9999 -9999 0.467004 0.520038 0.594064 0.647416 0.644994 0.668119 0.677314 0.659343 0.639664 0.619297 0.606248 0.562283 0.513879 0.472181 0.423582 0.418448 0.433548 0.424429 0.451953 0.446208 0.425101 0.362286 0.366506 0.391006 0.400264 0.397552 0.386089 0.368796 0.35682 0.331772 0.318398 0.286199 0.23847 0.21693 0.223099 0.17232 0.170485 0.182218 0.136655 0.160783 0.169494 0.128867 0.133654 0.161923 0.174883 0.186062 0.189927 0.189852 0.191247 0.188547 0.185915 0.182868 0.17924 0.175291 0.170265 0.164936 0.155903 0.14466 0.104921 0 0 0 0 0 0 0 0 0 0
-9999 -9999 -9999 -9999 -9999 0.482003 0.528389 0.591029 0.626565 0.627358 0.652989 0.675185 0.665521 0.644686 0.63345 0.611332 0.572568 0.529858 0.483182 0.454777 0.402087 0.431117 0.407908 0.429998 0.433831 0.375733 0.351103 0.36411 0.377791 0.37824 0.393867 0.386391 0.372149 0.332961 0.311322 0.313133 0.301332 0.284394 0.249874 0.243749 0.219684 0.206683 0.193974 0.141138 0.151255 0.147497 0.142656 0.156436 0.169395 0.177001 0.183831 0.183433 0.18487 0.187635 0.185186 0.18231 0.179005 0.175571 0.171315 0.16554 0.159687 0.147112 0.128262 0 0 0 0 0 0 0 0 0 0 0
-9999 -9999 -9999 -9999 -9999 0.478079 0.527083 0.578848 0.59609 0.592849 0.643952 0.672585 0.66559 0.65169 0.636417 0.592198 0.586054 0.569866 0.526749 0.467609 0.402974 0.396389 0.404225 0.404835 0.408165 0.332465 0.30605 0.30717 0.33307 0.35601 0.381114 0.382214 0.365826 0.307912 0.247207 0.267457 0.28969 0.284612 0.271723 0.239183 0.22543 0.212411 0.187073 0.138694 0.123348 0.127715 0.14067 0.148863 0.163844 0.175867 0.16674 0.167013 0.178783 0.184271 0.181548 0.178564 0.175562 0.171889 0.167676 0.160513 0.152901 0.14273 0.102227 0 0 0 0 0 0 0 0 0 0 0
-9999 -9999 -9999 -9999 -9999 0.465978 0.498437 0.546811 0.561395 0.590023 0.637308 0.656759 0.662167 0.654236 0.641153 0.616686 0.598292 0.56984 0.52524 0.467196 0.403215 0.357184 0.362765 0.365752 0.3566 0.296247 0.264968 0.280459 0.308773 0.355954 0.379846 0.376753 0.367067 0.350128 0.304118 0.250086 0.245046 0.264363 0.239012 0.210366 0.218409 0.210946 0.185913 0.166242 0.127439 0.123881 0.124391 0.129542 0.147408 0.175694 0.176886 0.172747 0.182991 0.180561 0.177773 0.175126 0.171861 0.168354 0.164402 0.158051 0.148258 0.120299 0 0 0 0 0 0 0 0 0 0 0 0
-9999 -9999 -9999 -9999 -9999 0.441295 0.480194 0.524154 0.565142 0.60383 0.636243 0.631214 0.644693 0.636602 0.639684 0.627978 0.60399 0.578361 0.538411 0.466659 0.404085 0.336326 0.33915 0.377102 0.317714 0.279511 0.218743 0.260314 0.30782 0.350649 0.370447 0.340982 0.356549 0.348328 0.327348 0.292883 0.242651 0.238418 0.199747 0.193344 0.205697 0.206313 0.198364 0.182361 0.150783 0.128562 0.120582 0.120105 0.136195 0.157291 0.177971 0.178706 0.180086 0.177128 0.174077 0.171318 0.168185 0.164419 0.159811 0.153568 0.129939 0.102374 0 0 0 0 0 0 0 0 0 0 0 0
-9999 -9999 -9999 -9999 -9999 -9999 0.480101 0.524988 0.556048 0.5577 0.585056 0.59603 0.602758 0.597725 0.632511 0.62616 0.607467 0.582939 0.547194 0.490011 0.446357 0.380682 0.329741 0.307428 0.260013 0.262996 0.247947 0.260688 0.305788 0.353853 0.351735 0.307791 0.306129 0.307258 0.3183 0.304107 0.23759 0.201427 0.170681 0.184176 0.198615 0.198364 0.194296 0.185484 0.162596 0.117119 0.138993 0.154229 0.154891 0.167905 0.176686 0.176689 0.175966 0.173093 0.17029 0.167206 0.163402 0.159764 0.153496 0.143308 0.117586 0 0 0 0 0 0 0 0 0 0 0 0 0
-9999 -9999 -9999 -9999 -9999 -9999 0.466353 0.519037 0.521949 0.510993 0.480397 0.481178 0.551051 0.558258 0.59108 0.621466 0.609288 0.584833 0.550497 0.511839 0.45739 0.384638 0.323876 0.269244 0.297345 0.300539 0.299833 0.305415 0.328979 0.326051 0.280406 0.2378 0.250174 0.25542 0.294259 0.296932 0.283073 0.241255 0.194289 0.167547 0.188818 0.187478 0.184108 0.179362 0.168059 0.138721 0.146311 0.15848 0.165803 0.168148 0.175101 0.174334 0.171865 0.169471 0.166178 0.162613 0.157974 0.153122 0.141794 0.128656 0 0 0 0 0 0 0 0 0 0 0 0 0 0
-9999 -9999 -9999 -9999 -9999 -9999 -9999 -9999 -9999 -9999 -9999 0.475177 0.483174 0.532635 0.571843 0.617842 0.608332 0.585775 0.56041 0.508383 0.451549 0.431213 0.359505 0.281131 0.303772 0.29657 0.311031 0.309098 0.309586 0.284723 0.244416 0.192954 0.208113 0.246053 0.287415 0.281843 0.278443 0.254747 0.222788 0.156954 0.179161 0.175944 0.174913 0.169638 0.138825 0.137466 0.145201 0.142113 0.155662 0.172111 0.172244 0.170888 0.168609 0.165642 0.161622 0.157379 0.1524 0.146356 0.138155 0.124112 0 0 0 0 0 0 0 0 0 0 0 0 0 0
-9999 -9999 -9999 -9999 -9999 -9999 -9999 -9999 -9999 -9999 -9999 0.418154 0.40471 0.520563 0.564612 0.604766 0.603378 0.579986 0.551257 0.51786 0.480124 0.430262 0.33482 0.276439 0.312943 0.285645 0.288127 0.274571 0.239997 0.22796 0.184914 0.154654 0.193765 0.230724 0.26639 0.269117 0.261485 0.253651 0.196389 0.149577 0.153023 0.155272 0.164709 0.149994 0.129006 0.135902 0.143372 0.156583 0.16478 0.168548 0.169882 0.167337 0.164706 0.161336 0.156472 0.151591 0.146577 0.140682 0.134732 0.123517 0 0 0 0 0 0 0 0 0 0 0 0 0 0
