Test_Spring_2018/03_18/Prec/20180302_008.txt
ncols	170
nrows	115
xllcorner	350000.000000
yllcorner	4445000.000000
cellsize	1000.000000
nodata_value	-9999.000000
[rows 31 to 61 of 115, columns 70 to 139 of 170]
0.99561 0.997907 0.996821 0.990225 0.98811 1.01746 1.03526 1.03512 1.01782 1.01822 1.01569 1.01635 1.01529 1.01175 1.01156 1.00316 0.971021 0.982202 0.987296 0.978663 0.985435 0.995918 0.990135 0.969703 0.963303 0.951808 0.947316 0.966199 0.958869 -9999 -9999 -9999 -9999 -9999 -9999 -9999 -9999 -9999 -9999 -9999 -9999 -9999 -9999 -9999 -9999 -9999 -9999 -9999 -9999 -9999 -9999 -9999 -9999 -9999 -9999 -9999 -9999 -9999 -9999 -9999 -9999 -9999 -9999 -9999 -9999 -9999 -9999 -9999 -9999 -9999
0.974043 0.974245 0.971763 0.966034 0.969691 0.973222 1.00926 0.998324 0.998371 0.99922 0.997515 0.992189 0.991308 0.990433 0.990571 0.983589 0.960912 0.940557 0.953789 0.955633 0.94927 0.965873 0.960715 0.943793 0.919318 0.939265 0.940616 0.929512 0.910715 -9999 -9999 -9999 -9999 -9999 -9999 -9999 -9999 -9999 -9999 -9999 -9999 -9999 -9999 -9999 -9999 -9999 -9999 -9999 -9999 -9999 -9999 -9999 -9999 -9999 -9999 -9999 -9999 -9999 -9999 -9999 -9999 -9999 -9999 -9999 -9999 -9999 -9999 -9999 -9999 -9999
0.944293 0.948958 0.945598 0.942618 0.949536 0.948141 0.972127 0.98202 0.977764 0.979232 0.978696 0.976484 0.974798 0.973066 0.967278 0.958571 0.939103 0.915645 0.911636 0.925715 0.928506 0.933065 0.929128 0.923917 0.914295 0.93025 0.939843 0.918111 0.904752 0.890342 -9999 -9999 -9999 -9999 -9999 -9999 -9999 -9999 -9999 -9999 -9999 -9999 -9999 -9999 -9999 -9999 -9999 -9999 -9999 -9999 -9999 -9999 -9999 -9999 -9999 -9999 -9999 -9999 -9999 -9999 -9999 -9999 -9999 -9999 -9999 -9999 -9999 -9999 -9999 -9999
0.912065 0.921897 0.918329 0.90956 0.913735 0.916607 0.942883 0.946995 0.948046 0.957878 0.957323 0.956864 0.952733 0.949578 0.944405 0.935536 0.922941 0.907945 0.881256 0.900984 0.917385 0.920196 0.923096 0.921056 0.912392 0.928373 0.934109 0.895004 0.885994 0.877936 0.876199 -9999 -9999 -9999 -9999 -9999 -9999 -9999 -9999 -9999 -9999 -9999 -9999 -9999 -9999 -9999 -9999 -9999 -9999 -9999 -9999 -9999 -9999 -9999 -9999 -9999 -9999 -9999 -9999 -9999 -9999 -9999 -9999 -9999 -9999 -9999 -9999 -9999 -9999 -9999
-9999 0.893062 0.890364 0.880502 0.885247 0.891417 0.896263 0.915099 0.93061 0.933042 0.935347 0.934199 0.92912 0.915773 0.913611 0.91312 0.904824 0.887382 0.870619 0.868307 0.892413 0.90218 0.905269 0.914697 0.908583 0.919158 0.922348 0.906283 0.87158 0.872041 0.867348 0.855291 -9999 -9999 -9999 -9999 -9999 -9999 -9999 -9999 -9999 -9999 -9999 -9999 -9999 -9999 -9999 -9999 -9999 -9999 -9999 -9999 -9999 -9999 -9999 -9999 -9999 -9999 -9999 -9999 -9999 -9999 -9999 -9999 -9999 -9999 -9999 -9999 -9999 -9999
-9999 -9999 -9999 -9999 0.85425 0.860585 0.852991 0.889818 0.908302 0.911236 0.91368 0.91171 0.901398 0.895643 0.8941 0.887678 0.877562 0.872115 0.862312 0.852943 0.861296 0.883607 0.880722 0.898868 0.903534 0.911646 0.908838 0.873149 0.846764 0.850286 0.845835 0.835722 -9999 -9999 -9999 -9999 -9999 -9999 -9999 -9999 -9999 -9999 -9999 -9999 -9999 -9999 -9999 -9999 -9999 -9999 -9999 -9999 -9999 -9999 -9999 -9999 -9999 -9999 -9999 -9999 -9999 -9999 -9999 -9999 -9999 -9999 -9999 -9999 -9999 -9999
-9999 -9999 -9999 -9999 -9999 0.841055 0.831735 0.843317 0.886579 0.887513 0.891528 0.888933 0.882945 0.877925 0.872256 0.86623 0.858148 0.850409 0.841369 0.843525 0.85923 0.864583 0.868111 0.876345 0.888746 0.893636 0.874512 0.845259 0.837755 0.820296 0.811336 0.812911 0.805206 -9999 -9999 -9999 -9999 -9999 -9999 -9999 -9999 -9999 -9999 -9999 -9999 0.789587 -9999 -9999 -9999 -9999 -9999 -9999 -9999 -9999 -9999 -9999 -9999 -9999 -9999 -9999 -9999 -9999 -9999 -9999 -9999 -9999 0.499148 -9999 -9999 -9999
-9999 -9999 -9999 -9999 0.823179 0.815726 0.821882 0.828789 0.855736 0.866441 0.87051 0.866963 0.860801 0.854514 0.845526 0.841884 0.836548 0.827819 0.827967 0.835258 0.841906 0.849917 0.858 0.86438 0.869471 0.873635 0.848807 0.843889 0.841415 0.815448 0.8163 0.8057 0.78862 0.774285 -9999 -9999 -9999 -9999 -9999 -9999 -9999 0.783047 0.779263 0.775696 0.774516 0.778561 0.76587 -9999 -9999 -9999 -9999 -9999 -9999 -9999 -9999 -9999 -9999 -9999 -9999 -9999 -9999 -9999 -9999 -9999 -9999 -9999 0.502952 0.479498 -9999 -9999
-9999 -9999 -9999 -9999 0.793093 0.802652 0.807008 0.813611 0.815809 0.849784 0.848198 0.845801 0.840337 0.832562 0.823947 0.820887 0.813242 0.810171 0.809933 0.818947 0.825577 0.83054 0.83595 0.842172 0.84435 0.851791 0.835201 0.834595 0.82849 0.820699 0.809385 0.787198 0.764335 0.744798 -9999 -9999 -9999 -9999 -9999 -9999 0.769345 0.775519 0.778089 0.764735 0.769764 0.772909 0.76538 0.714611 -9999 -9999 -9999 -9999 -9999 -9999 -9999 -9999 -9999 -9999 -9999 -9999 -9999 -9999 0.592661 0.572406 0.53803 0.515624 0.497595 0.474987 -9999 -9999
-9999 -9999 -9999 -9999 0.776951 0.788335 0.795271 0.800032 0.798537 0.805627 0.829973 0.825279 0.818778 0.812043 0.805848 0.796505 0.791981 0.78386 0.793673 0.797765 0.802203 0.802517 0.808298 0.804814 0.808738 0.796432 0.815362 0.813817 0.801914 0.784153 0.769358 0.761522 0.751469 0.7334 -9999 -9999 -9999 -9999 -9999 -9999 0.755829 0.763242 0.768963 0.767847 0.754387 0.764484 0.725797 0.70924 0.697815 0.693945 0.68619 0.676725 0.66259 0.653611 0.639501 0.63379 -9999 -9999 -9999 -9999 0.601244 0.596079 0.590475 0.578368 0.541865 0.513379 0.485611 0.437461 -9999 -9999
-9999 -9999 -9999 -9999 0.770519 0.778568 0.782135 0.781531 0.78396 0.788977 0.811063 0.795338 0.788104 0.781299 0.775244 0.76893 0.762075 0.762399 0.764003 0.765821 0.757575 0.748564 0.765192 0.777174 0.753666 0.775633 0.794014 0.79206 0.777009 0.756847 0.758903 0.754051 0.74046 0.707645 -9999 -9999 -9999 0.710842 0.721364 0.72081 0.723059 0.733235 0.740293 0.759436 0.761454 0.745084 0.716807 0.700427 0.682151 0.674538 0.678628 0.67071 0.6568 0.647835 0.634021 0.614493 0.611246 0.606947 0.601713 0.595575 0.590357 0.585507 0.579277 0.567576 0.545171 0.521718 0.50206 0.436033 -9999 -9999
-9999 -9999 -9999 -9999 0.749492 0.756815 0.761599 0.761987 0.759886 0.760024 0.759613 0.77834 0.770909 0.758683 0.755516 0.749664 0.745697 0.743466 0.743255 0.735533 0.725515 0.717356 0.719684 0.721807 0.719734 0.7323 0.750975 0.769129 0.745644 0.728386 0.727929 0.729462 0.70569 0.68484 -9999 -9999 0.678487 0.700246 0.715315 0.722595 0.724101 0.723151 0.732769 0.731424 0.740242 0.721444 0.683995 0.677093 0.676293 0.66931 0.646521 0.636912 0.636131 0.627318 0.619637 0.611648 0.607415 0.602158 0.597352 0.592875 0.586829 0.583104 0.577995 0.568526 0.542141 0.523816 0.475152 0.425502 -9999 -9999
-9999 -9999 -9999 -9999 0.73322 0.740639 0.747183 0.746968 0.748899 0.748567 0.743328 0.742722 0.755146 0.74324 0.733125 0.731173 0.727027 0.725397 0.726408 0.719702 0.713804 0.703128 0.701599 0.694675 0.700896 0.688012 0.701415 0.707304 0.711516 0.718885 0.728151 0.722563 0.710276 0.684609 0.670675 -9999 0.671781 0.680516 0.69893 0.71472 0.724506 0.71952 0.73076 0.730941 0.725169 0.715695 0.685156 0.656106 0.645443 0.633632 0.631656 0.638009 0.63265 0.624693 0.614195 0.607438 0.60199 0.597223 0.59322 0.589777 0.586197 0.582212 0.577065 0.569843 0.553619 0.511915 0.479248 0.426591 -9999 -9999
-9999 -9999 -9999 0.702632 0.724581 0.735962 0.739968 0.741365 0.740884 0.738307 0.735952 0.733667 0.727058 0.73167 0.714657 0.708513 0.705675 0.709095 0.710636 0.71465 0.715227 0.70073 0.694706 0.684666 0.678913 0.679464 0.691728 0.712933 0.719175 0.715978 0.710462 0.703708 0.705239 0.690495 0.661341 0.661475 0.670856 0.677532 0.689643 0.709312 0.72292 0.728335 0.729265 0.724313 0.722613 0.696651 0.670137 0.657363 0.642194 0.630658 0.619929 0.614774 0.610126 0.61797 0.611743 0.602431 0.597409 0.593345 0.590161 0.58753 0.584767 0.581238 0.576872 0.570965 0.544833 0.520684 0.467803 0.427199 -9999 -9999
-9999 -9999 -9999 -9999 0.714866 0.72087 0.722245 0.722851 0.723895 0.724074 0.726001 0.719959 0.71624 0.710323 0.703827 0.688159 0.69074 0.692046 0.696844 0.702062 0.709237 0.687056 0.685395 0.687015 0.682129 0.695688 0.710256 0.719063 0.723199 0.710542 0.696702 0.68215 0.66385 0.663672 0.65778 0.66068 0.666453 0.684335 0.696683 0.701078 0.70398 0.723916 0.722203 0.710386 0.708716 0.693174 0.670345 0.653711 0.64406 0.632305 0.621395 0.595637 0.602389 0.594644 0.597442 0.600429 0.594085 0.590591 0.588123 0.585931 0.583713 0.580762 0.576774 0.558634 0.541563 0.519814 0.465651 0.427553 -9999 -9999
-9999 -9999 -9999 -9999 -9999 -9999 0.712488 0.714357 0.713509 0.71272 0.71898 0.715122 0.709859 0.702921 0.693264 0.683382 0.676292 0.676057 0.669639 0.679745 0.691694 0.698932 0.706816 0.698611 0.698249 0.717177 0.723864 0.718839 0.715783 0.711784 0.695368 0.68677 0.666282 0.650473 0.650467 0.669568 0.686231 0.704596 0.712013 0.705803 0.709898 0.711031 0.717361 0.716329 0.707035 0.690299 0.668053 0.647789 0.644477 0.633669 0.61872 0.605084 0.597823 0.594584 0.589755 0.592427 0.590532 0.588912 0.586799 0.585125 0.583245 0.580594 0.566405 0.55633 0.5438 0.528836 0.472737 0.422296 -9999 -9999
-9999 -9999 -9999 -9999 -9999 -9999 0.699965 0.700568 0.70289 0.711927 0.714248 0.710512 0.703475 0.69793 0.689444 0.67709 0.666763 0.657871 0.648995 0.657109 0.676001 0.691168 0.700665 0.694308 0.711454 0.718042 0.721275 0.712116 0.706882 0.706931 0.691943 0.681854 0.669874 0.65099 0.66148 0.672094 0.684884 0.706171 0.719515 0.723356 0.71413 0.715856 0.723269 0.71573 0.699467 0.690293 0.664263 0.640357 0.640508 0.632283 0.618537 0.609229 0.599839 0.593987 0.591234 0.589888 0.588858 0.587067 0.585866 0.584442 0.582834 0.576016 0.568199 0.557847 0.544813 0.529406 0.486702 0.420757 -9999 -9999
-9999 -9999 -9999 -9999 -9999 -9999 -9999 0.687475 0.696555 0.710194 0.710236 0.703758 0.700937 0.69488 0.685581 0.677786 0.665382 0.65138 0.627961 0.636598 0.653898 0.678627 0.696152 0.703832 0.706827 0.706792 0.693385 0.682358 0.688009 0.692094 0.683218 0.677733 0.664755 0.677769 0.69078 0.703923 0.710611 0.708678 0.720093 0.727925 0.719623 0.722339 0.724965 0.712272 0.700272 0.687826 0.660778 0.647975 0.636327 0.631639 0.616064 0.609332 0.601432 0.59413 0.590247 0.588153 0.587493 0.586169 0.585061 0.583976 0.581151 0.576122 0.568133 0.557359 0.543979 0.528217 0.508391 0.463226 0.428853 -9999
-9999 -9999 -9999 -9999 -9999 -9999 -9999 0.672956 0.676326 0.69356 0.696123 0.699858 0.698943 0.693436 0.682291 0.673755 0.656882 0.651187 0.628389 0.622667 0.635181 0.637633 0.669896 0.700299 0.703032 0.666622 0.658876 0.655558 0.666442 0.673836 0.676296 0.661439 0.659639 0.684569 0.70072 0.712914 0.72166 0.722058 0.721173 0.734307 0.732716 0.731899 0.723233 0.71485 0.696889 0.681222 0.663568 0.645988 0.632997 0.628753 0.611269 0.608427 0.600166 0.591706 0.586652 0.58738 0.585986 0.58505 0.582504 0.58185 0.5788 0.57364 0.565705 0.554785 0.5411 0.525394 0.507584 0.484164 0.451862 0.427459
-9999 -9999 -9999 -9999 -9999 -9999 -9999 -9999 0.653843 0.6796 0.689514 0.691692 0.696431 0.692624 0.678465 0.671102 0.655809 0.642474 0.621961 0.59918 0.596722 0.637323 0.674545 0.697892 0.702391 0.672674 0.665739 0.672831 0.6891 0.688986 0.690204 0.681241 0.681009 0.677839 0.685797 0.699537 0.710958 0.723941 0.731588 0.729365 0.729595 0.728266 0.720631 0.712398 0.70126 0.689622 0.6597 0.652656 0.636248 0.627638 0.61613 0.606036 0.597823 0.587407 0.586095 0.585791 0.584516 0.577327 0.578233 0.577464 0.574265 0.56823 0.560768 0.549815 0.536361 0.520633 0.503295 0.483092 0.462581 0.435527
-9999 -9999 -9999 -9999 -9999 -9999 -9999 -9999 0.636542 0.662571 0.673732 0.687556 0.683478 0.68069 0.678864 0.672922 0.661189 0.644325 0.63037 0.604798 0.578775 0.618345 0.670072 0.694163 0.701891 0.676011 0.691756 0.691811 0.701722 0.695724 0.697002 0.701781 0.697859 0.692319 0.679538 0.672139 0.702244 0.717456 0.727751 0.72995 0.72767 0.721923 0.717539 0.705566 0.68363 0.681761 0.6591 0.646185 0.633767 0.622769 0.612453 0.603247 0.596078 0.590387 0.583393 0.572237 0.569292 0.571102 0.571772 0.570567 0.567003 0.560875 0.552038 0.544653 0.529654 0.514335 0.497454 0.478116 0.459749 0.440834
-9999 -9999 -9999 -9999 -9999 -9999 -9999 -9999 0.593245 0.632767 0.650537 0.666643 0.673018 0.676004 0.676477 0.669253 0.663592 0.651315 0.639791 0.622717 0.597805 0.582932 0.613941 0.656838 0.698382 0.701815 0.707009 0.705199 0.704295 0.709801 0.716664 0.716949 0.700033 0.690203 0.681754 0.681299 0.704517 0.708748 0.706662 0.725329 0.720255 0.71195 0.694997 0.682874 0.674452 0.657813 0.640142 0.621854 0.617334 0.612875 0.60612 0.598412 0.591576 0.566386 0.565581 0.560314 0.561877 0.562955 0.56297 0.561332 0.557508 0.551107 0.542342 0.531454 0.523221 0.508459 0.490446 0.472187 0.454937 0.437279
-9999 -9999 -9999 -9999 -9999 -9999 -9999 -9999 0.575709 0.610365 0.639223 0.647902 0.664466 0.667766 0.672837 0.670773 0.665065 0.654365 0.641275 0.627031 0.605438 0.589723 0.609134 0.639963 0.661752 0.671395 0.701652 0.706721 0.710615 0.700973 0.705954 0.714025 0.711863 0.691006 0.688338 0.680449 0.705598 0.70942 0.705266 0.713308 0.707808 0.684491 0.663488 0.652491 0.658396 0.640706 0.616872 0.602428 0.597514 0.6022 0.562769 0.558272 0.560183 0.559244 0.5508 0.551647 0.552484 0.552918 0.55225 0.550148 0.546089 0.539589 0.530998 0.52036 0.507675 0.499355 0.483856 0.466284 0.449245 0.433042
-9999 -9999 -9999 -9999 -9999 -9999 -9999 -9999 0.553931 0.596165 0.622213 0.638477 0.656325 0.66319 0.667997 0.66727 0.660885 0.655196 0.646694 0.634015 0.625299 0.610882 0.591637 0.62535 0.639823 0.651022 0.639432 0.653192 0.658572 0.66096 0.692957 0.704033 0.695105 0.688978 0.690308 0.687799 0.702789 0.703903 0.702734 0.699276 0.680617 0.654832 0.631566 0.633961 0.622231 0.626646 0.588671 0.561773 0.562168 0.557012 0.546899 0.536528 0.548239 0.538756 0.539697 0.540716 0.541522 0.541074 0.540017 0.537297 0.53289 0.526558 0.51819 0.508043 0.496222 0.483067 0.474811 0.458699 0.443408 0.419375
-9999 -9999 -9999 -9999 -9999 -9999 -9999 -9999 -9999 0.558601 0.582581 0.613312 0.630692 0.641784 0.647268 0.647195 0.643983 0.639953 0.634123 0.624197 0.611986 0.59362 0.580035 0.587845 0.600377 0.603793 0.612971 0.635677 0.646915 0.64339 0.627925 0.633849 0.655868 0.662448 0.667303 0.670838 0.691998 0.691102 0.686544 0.674176 0.640186 0.607138 0.586876 0.57849 0.562266 0.573576 0.546711 0.549765 0.546336 0.540631 0.521843 0.517704 0.517236 0.521016 0.519078 0.522171 0.528889 0.527983 0.526228 0.523068 0.518568 0.512372 0.504428 0.489949 0.478351 0.46558 0.457888 0.442976 0.427511 0.412546
-9999 -9999 -9999 -9999 -9999 -9999 -9999 -9999 -9999 0.536071 0.569781 0.605577 0.617173 0.628785 0.638734 0.638756 0.633907 0.628973 0.623638 0.617515 0.603099 0.5892 0.576188 0.571769 0.574571 0.578697 0.591413 0.619195 0.627895 0.630545 0.59736 0.594845 0.620539 0.642843 0.649065 0.651445 0.634199 0.639289 0.627636 0.610266 0.601562 0.588894 0.56788 0.565795 0.546964 0.542059 0.528978 0.527292 0.522625 0.524389 0.507578 0.500489 0.498911 0.503683 0.502246 0.508613 0.51015 0.509302 0.507128 0.50377 0.498944 0.492704 0.484769 0.475385 0.464737 0.452884 0.439806 0.430213 0.403137 0.3904
-9999 -9999 -9999 -9999 -9999 -9999 -9999 -9999 -9999 0.53386 0.556781 0.588148 0.611421 0.612657 0.623838 0.629346 0.623953 0.617738 0.6112 0.607633 0.592136 0.575338 0.561821 0.546387 0.549028 0.560666 0.583303 0.601677 0.607642 0.608086 0.58364 0.593922 0.611945 0.623388 0.629224 0.630415 0.627852 0.625738 0.616729 0.610599 0.595452 0.572819 0.559453 0.556301 0.530338 0.523662 0.522626 0.504326 0.508483 0.507411 0.487801 0.478401 0.487273 0.490865 0.494287 0.495084 0.494286 0.493719 0.490906 0.487257 0.482423 0.47627 0.468914 0.460149 0.45043 0.438601 0.425459 0.400846 0.390123 0.379869
-9999 -9999 -9999 -9999 -9999 -9999 -9999 -9999 -9999 0.531249 0.551414 0.578128 0.594211 0.596578 0.608661 0.619277 0.617215 0.61067 0.607906 0.600959 0.587692 0.573263 0.557808 0.550224 0.533829 0.550481 0.567919 0.583243 0.591926 0.567653 0.565216 0.577597 0.589988 0.596659 0.608562 0.610366 0.608312 0.595084 0.587367 0.587502 0.580976 0.57131 0.553831 0.546937 0.53264 0.522643 0.512943 0.49331 0.49256 0.486987 0.470777 0.475111 0.477724 0.478815 0.480014 0.478564 0.477803 0.47729 0.474226 0.470315 0.465434 0.459644 0.452681 0.444338 0.435298 0.423086 0.408036 0.387993 0.36819 0.369691
-9999 -9999 -9999 -9999 -9999 -9999 -9999 -9999 -9999 0.52055 0.541607 0.563853 0.572533 0.573138 0.595137 0.608225 0.607221 0.603484 0.599258 0.583756 0.583511 0.579658 0.565646 0.545867 0.524537 0.526746 0.542507 0.562797 0.570352 0.537486 0.533176 0.539639 0.555608 0.56996 0.584529 0.588824 0.58527 0.564285 0.541094 0.548729 0.556128 0.55187 0.543817 0.527499 0.51828 0.509243 0.495427 0.46648 0.468693 0.466679 0.459128 0.459119 0.462316 0.464788 0.459236 0.457549 0.460379 0.460536 0.457095 0.453052 0.448407 0.442854 0.436446 0.428276 0.419408 0.409114 0.386556 0.369072 0.349743 0.360428
-9999 -9999 -9999 -9999 -9999 -9999 -9999 -9999 -9999 0.50611 0.520495 0.541209 0.548628 0.561595 0.58192 0.591277 0.59512 0.593766 0.590493 0.582911 0.577978 0.56941 0.554874 0.535492 0.514258 0.500597 0.507762 0.536238 0.528494 0.509854 0.502598 0.513633 0.529443 0.552279 0.565393 0.567216 0.565697 0.560511 0.543027 0.521558 0.518637 0.524639 0.512462 0.498556 0.498826 0.492832 0.479891 0.469161 0.456905 0.441575 0.439201 0.437947 0.442073 0.450621 0.448721 0.44485 0.446663 0.443369 0.439706 0.435772 0.431193 0.426074 0.420324 0.413189 0.404302 0.387918 0.372402 0.353438 0.344318 0.356952
-9999 -9999 -9999 -9999 -9999 -9999 -9999 -9999 -9999 0.486324 0.503093 0.521854 0.539444 0.556139 0.570393 0.569941 0.576882 0.575451 0.578609 0.576168 0.569165 0.56184 0.549226 0.524453 0.503679 0.481222 0.486916 0.515174 0.500573 0.489825 0.470048 0.490403 0.512788 0.532941 0.543554 0.534227 0.542099 0.540007 0.532294 0.518687 0.498318 0.495594 0.47886 0.474496 0.477254 0.475192 0.46964 0.460878 0.440975 0.430193 0.423866 0.420325 0.423537 0.428928 0.434325 0.431976 0.429933 0.42616 0.422259 0.418311 0.413999 0.409176 0.403735 0.397353 0.383826 0.368479 0.356435 0.34198 0.334327 0.346478
