Test_Spring_2018/03_18/Prec/20180308_000.txt
ncols	170
nrows	115
xllcorner	350000.000000
yllcorner	4445000.000000
cellsize	1000.000000
nodata_value	-9999.000000
[rows 31 to 61 of 115, columns 70 to 139 of 170]
0.367837 0.369768 0.36973 0.366299 0.365263 0.367478 0.362298 0.360812 0.355748 0.354093 0.350345 0.348227 0.344937 0.340133 0.337398 0.329955 0.308662 0.313343 0.31465 0.307973 0.31049 0.315114 0.30983 0.295445 0.288849 0.278588 0.282879 0.277378 0.268942 -9999 -9999 -9999 -9999 -9999 -9999 -9999 -9999 -9999 -9999 -9999 -9999 -9999 -9999 -9999 -9999 -9999 -9999 -9999 -9999 -9999 -9999 -9999 -9999 -9999 -9999 -9999 -9999 -9999 -9999 -9999 -9999 -9999 -9999 -9999 -9999 -9999 -9999 -9999 -9999 -9999
0.371816 0.371845 0.370333 0.366838 0.368766 0.370393 0.360129 0.359369 0.358049 0.356963 0.354126 0.348956 0.346304 0.343597 0.341499 0.335235 0.319749 0.305744 0.311753 0.31103 0.305382 0.313217 0.307884 0.295219 0.277641 0.285947 0.282704 0.270134 0.265041 -9999 -9999 -9999 -9999 -9999 -9999 -9999 -9999 -9999 -9999 -9999 -9999 -9999 -9999 -9999 -9999 -9999 -9999 -9999 -9999 -9999 -9999 -9999 -9999 -9999 -9999 -9999 -9999 -9999 -9999 -9999 -9999 -9999 -9999 -9999 -9999 -9999 -9999 -9999 -9999 -9999
0.370974 0.373053 0.370429 0.368038 0.371479 0.369906 0.365987 0.363182 0.360194 0.35979 0.35808 0.355273 0.35269 0.350008 0.344861 0.337934 0.324572 0.308783 0.304455 0.310747 0.310175 0.310439 0.305396 0.299293 0.290238 0.296022 0.297695 0.290843 0.276488 0.270617 -9999 -9999 -9999 -9999 -9999 -9999 -9999 -9999 -9999 -9999 -9999 -9999 -9999 -9999 -9999 -9999 -9999 -9999 -9999 -9999 -9999 -9999 -9999 -9999 -9999 -9999 -9999 -9999 -9999 -9999 -9999 -9999 -9999 -9999 -9999 -9999 -9999 -9999 -9999 -9999
0.368534 0.373122 0.369825 0.363506 0.36493 0.365638 0.367291 0.357601 0.357252 0.362143 0.360876 0.359647 0.356189 0.353226 0.348944 0.342312 0.333276 0.32259 0.304716 0.314122 0.321268 0.320059 0.318614 0.313964 0.305132 0.310712 0.310044 0.299146 0.287031 0.279364 0.275623 -9999 -9999 -9999 -9999 -9999 -9999 -9999 -9999 -9999 -9999 -9999 -9999 -9999 -9999 -9999 -9999 -9999 -9999 -9999 -9999 -9999 -9999 -9999 -9999 -9999 -9999 -9999 -9999 -9999 -9999 -9999 -9999 -9999 -9999 -9999 -9999 -9999 -9999 -9999
-9999 0.371878 0.368574 0.361136 0.362529 0.364958 0.370158 0.365237 0.361693 0.362548 0.363465 0.362401 0.358996 0.350588 0.348635 0.347403 0.341196 0.329164 0.317106 0.313189 0.324534 0.326988 0.325154 0.326827 0.319095 0.321175 0.318859 0.312481 0.303988 0.291594 0.286536 0.27747 -9999 -9999 -9999 -9999 -9999 -9999 -9999 -9999 -9999 -9999 -9999 -9999 -9999 -9999 -9999 -9999 -9999 -9999 -9999 -9999 -9999 -9999 -9999 -9999 -9999 -9999 -9999 -9999 -9999 -9999 -9999 -9999 -9999 -9999 -9999 -9999 -9999 -9999
-9999 -9999 -9999 -9999 0.358237 0.362976 0.36191 0.363972 0.363104 0.364647 0.366173 0.365245 0.359402 0.356159 0.355163 0.350884 0.343909 0.339121 0.331124 0.322767 0.32436 0.333752 0.327813 0.334108 0.332286 0.332526 0.326424 0.315924 0.3035 0.293809 0.289232 0.281782 -9999 -9999 -9999 -9999 -9999 -9999 -9999 -9999 -9999 -9999 -9999 -9999 -9999 -9999 -9999 -9999 -9999 -9999 -9999 -9999 -9999 -9999 -9999 -9999 -9999 -9999 -9999 -9999 -9999 -9999 -9999 -9999 -9999 -9999 -9999 -9999 -9999 -9999
-9999 -9999 -9999 -9999 -9999 0.364004 0.362196 0.368373 0.364497 0.365284 0.368319 0.3677 0.365154 0.363066 0.360271 0.356749 0.35133 0.345326 0.337714 0.335929 0.341446 0.340211 0.337453 0.337234 0.339427 0.337286 0.326368 0.313856 0.305612 0.290338 0.283338 0.283208 0.278116 -9999 -9999 -9999 -9999 -9999 -9999 -9999 -9999 -9999 -9999 -9999 -9999 0.27785 -9999 -9999 -9999 -9999 -9999 -9999 -9999 -9999 -9999 -9999 -9999 -9999 -9999 -9999 -9999 -9999 -9999 -9999 -9999 -9999 0.219292 -9999 -9999 -9999
-9999 -9999 -9999 -9999 0.366054 0.366093 0.368394 0.371853 0.368967 0.366962 0.370659 0.370216 0.368361 0.366308 0.362254 0.36072 0.357316 0.350889 0.348662 0.349633 0.349294 0.349018 0.348264 0.346232 0.343421 0.340289 0.334121 0.326615 0.321295 0.308247 0.299832 0.292794 0.282547 0.274417 -9999 -9999 -9999 -9999 -9999 -9999 -9999 0.282781 0.280466 0.278527 0.278402 0.281899 0.276056 -9999 -9999 -9999 -9999 -9999 -9999 -9999 -9999 -9999 -9999 -9999 -9999 -9999 -9999 -9999 -9999 -9999 -9999 -9999 0.222019 0.213702 -9999 -9999
-9999 -9999 -9999 -9999 0.366096 0.369502 0.370641 0.373984 0.375571 0.370536 0.371557 0.372595 0.372012 0.369923 0.366858 0.36629 0.361936 0.359049 0.356522 0.358204 0.357336 0.354576 0.351469 0.348553 0.343265 0.341431 0.338876 0.333619 0.326009 0.318378 0.308116 0.294465 0.281149 0.270342 -9999 -9999 -9999 -9999 -9999 -9999 0.288381 0.291267 0.291977 0.283407 0.28612 0.288247 0.284682 0.277059 -9999 -9999 -9999 -9999 -9999 -9999 -9999 -9999 -9999 -9999 -9999 -9999 -9999 -9999 0.257699 0.249342 0.233118 0.224564 0.219185 0.211645 -9999 -9999
-9999 -9999 -9999 -9999 0.366859 0.371118 0.373703 0.376026 0.375648 0.375018 0.374029 0.374545 0.37425 0.373671 0.372853 0.369214 0.367158 0.36147 0.364839 0.363275 0.360559 0.354325 0.350619 0.341091 0.336023 0.333809 0.338851 0.332663 0.321409 0.307837 0.291175 0.290584 0.285194 0.275636 -9999 -9999 -9999 -9999 -9999 -9999 0.292638 0.295686 0.297587 0.295539 0.286514 0.292024 0.288528 0.280282 0.275694 0.276114 0.274623 0.267947 0.27134 0.269721 0.264794 0.264529 -9999 -9999 -9999 -9999 0.257358 0.256858 0.256499 0.252813 0.23528 0.223195 0.212245 0.211606 -9999 -9999
-9999 -9999 -9999 -9999 0.372274 0.37434 0.37485 0.374064 0.376245 0.375474 0.375076 0.379144 0.378592 0.378175 0.37766 0.376044 0.372816 0.372321 0.370959 0.368144 0.357963 0.346228 0.348975 0.338418 0.326027 0.33263 0.336781 0.329928 0.316548 0.301467 0.295604 0.296164 0.288953 0.282478 -9999 -9999 -9999 0.287908 0.294178 0.293355 0.293743 0.298532 0.30136 0.299705 0.299192 0.29754 0.289201 0.28065 0.271631 0.269512 0.274777 0.273192 0.271539 0.269619 0.264534 0.262192 0.262192 0.261342 0.259841 0.25787 0.25669 0.256144 0.255345 0.251978 0.236865 0.227871 0.221979 0.20739 -9999 -9999
-9999 -9999 -9999 -9999 0.379448 0.381246 0.382457 0.380212 0.379752 0.381567 0.380099 0.380223 0.380287 0.377388 0.379268 0.378491 0.377376 0.375559 0.373093 0.364375 0.352714 0.340913 0.334506 0.336807 0.327486 0.327723 0.331993 0.325281 0.319975 0.306473 0.304084 0.300408 0.288726 0.277144 -9999 -9999 0.276643 0.290089 0.299002 0.302699 0.302446 0.300367 0.304404 0.302005 0.305927 0.302557 0.287514 0.284518 0.272706 0.27072 0.268658 0.265515 0.264866 0.267628 0.265219 0.262255 0.261183 0.259266 0.257531 0.256098 0.254049 0.25389 0.253595 0.251523 0.240294 0.234756 0.229076 0.205359 -9999 -9999
-9999 -9999 -9999 -9999 0.384295 0.386669 0.389266 0.388655 0.390133 0.38179 0.378221 0.381807 0.381418 0.379363 0.377726 0.379774 0.378918 0.377646 0.375898 0.367587 0.358006 0.344213 0.33493 0.330406 0.325556 0.320186 0.3218 0.319657 0.317361 0.317862 0.311094 0.303563 0.296516 0.283728 0.2766 -9999 0.279438 0.285149 0.296011 0.304682 0.309228 0.3046 0.309413 0.30771 0.31024 0.303941 0.292363 0.283929 0.279198 0.273858 0.274323 0.269423 0.266079 0.263841 0.263809 0.261119 0.258837 0.256711 0.254969 0.253713 0.252766 0.252196 0.251745 0.251009 0.245952 0.240924 0.229193 0.204598 -9999 -9999
-9999 -9999 -9999 0.376095 0.384748 0.389517 0.390637 0.391003 0.391068 0.390661 0.388553 0.383213 0.383643 0.381911 0.376664 0.376635 0.37686 0.378754 0.377341 0.375263 0.369262 0.352827 0.34741 0.340376 0.329526 0.322165 0.32281 0.329451 0.328042 0.321948 0.315426 0.30674 0.299332 0.291418 0.276304 0.277525 0.284028 0.288487 0.295584 0.306536 0.313323 0.314831 0.313474 0.314648 0.312688 0.303573 0.294231 0.288114 0.280655 0.275333 0.270365 0.268478 0.264732 0.262366 0.260454 0.259154 0.256644 0.25445 0.252733 0.251549 0.250761 0.250243 0.250161 0.250241 0.250281 0.243305 0.222897 0.206263 -9999 -9999
-9999 -9999 -9999 -9999 0.38377 0.385441 0.385047 0.38495 0.38589 0.387063 0.387716 0.386858 0.387624 0.383483 0.378045 0.372636 0.37629 0.377067 0.377637 0.376233 0.374021 0.362163 0.354472 0.348165 0.337777 0.337848 0.339666 0.338706 0.335758 0.323716 0.311883 0.298441 0.286063 0.285166 0.277399 0.280788 0.285038 0.296083 0.303304 0.305218 0.30571 0.315917 0.317328 0.314004 0.313344 0.304653 0.297329 0.289022 0.284832 0.279263 0.273961 0.25952 0.262294 0.258047 0.259622 0.256431 0.254941 0.252636 0.250926 0.249647 0.248912 0.24857 0.248662 0.248918 0.247626 0.242874 0.219783 0.205434 -9999 -9999
-9999 -9999 -9999 -9999 -9999 -9999 0.38359 0.384231 0.383967 0.384427 0.387683 0.38791 0.387549 0.386166 0.382848 0.375476 0.373489 0.373444 0.367438 0.370441 0.375228 0.373942 0.372122 0.360155 0.351754 0.355732 0.352809 0.343491 0.336043 0.328826 0.315077 0.304925 0.290766 0.280117 0.279417 0.29044 0.299099 0.310327 0.314603 0.310288 0.311626 0.315485 0.319628 0.319569 0.314768 0.305694 0.298686 0.288366 0.28796 0.282851 0.274934 0.267364 0.26154 0.259483 0.256012 0.256618 0.254301 0.251401 0.249558 0.248306 0.247575 0.247309 0.246716 0.246681 0.246656 0.246407 0.222692 0.201655 -9999 -9999
-9999 -9999 -9999 -9999 -9999 -9999 0.380035 0.379896 0.381384 0.38746 0.388232 0.388192 0.386429 0.385548 0.382653 0.376934 0.371066 0.365922 0.359571 0.361633 0.36877 0.372545 0.37205 0.361528 0.36373 0.360564 0.355671 0.343872 0.334985 0.329909 0.316639 0.305281 0.295646 0.28263 0.287649 0.293199 0.300346 0.312449 0.320218 0.322331 0.317628 0.319236 0.324454 0.320984 0.312473 0.308247 0.299073 0.286746 0.288424 0.284755 0.277341 0.272029 0.264642 0.260574 0.257851 0.255597 0.253359 0.250748 0.248657 0.247372 0.246694 0.246215 0.246009 0.246034 0.246001 0.245826 0.230425 0.200606 -9999 -9999
-9999 -9999 -9999 -9999 -9999 -9999 -9999 0.375647 0.380979 0.38951 0.388632 0.38652 0.386795 0.385169 0.381416 0.378125 0.371462 0.363061 0.347887 0.350525 0.3571 0.367018 0.371797 0.370111 0.364295 0.357541 0.343004 0.330196 0.327729 0.324867 0.314911 0.305946 0.295191 0.300547 0.306516 0.313092 0.316256 0.314612 0.321112 0.325848 0.321475 0.324026 0.326824 0.320737 0.315174 0.309362 0.299737 0.294137 0.288832 0.287168 0.278472 0.274403 0.267605 0.26227 0.258461 0.255371 0.253012 0.250412 0.248394 0.247138 0.246261 0.245923 0.245706 0.245609 0.245522 0.2453 0.24364 0.226313 0.21649 -9999
-9999 -9999 -9999 -9999 -9999 -9999 -9999 0.370376 0.372127 0.382478 0.382694 0.38613 0.386997 0.385176 0.379873 0.376573 0.367207 0.363509 0.349779 0.342243 0.34641 0.34365 0.357787 0.370211 0.364743 0.336881 0.326067 0.31806 0.318773 0.317796 0.314344 0.299508 0.294908 0.306807 0.31411 0.319646 0.323658 0.323875 0.322767 0.330986 0.330319 0.33108 0.327543 0.324401 0.315664 0.308247 0.304385 0.296046 0.289941 0.288443 0.278433 0.276427 0.269154 0.262801 0.257977 0.256279 0.25326 0.250741 0.248634 0.247286 0.246447 0.245807 0.245658 0.245492 0.24522 0.245002 0.24448 0.239934 0.231226 0.227283
-9999 -9999 -9999 -9999 -9999 -9999 -9999 -9999 0.361908 0.376995 0.381112 0.383086 0.386737 0.385369 0.382816 0.37739 0.367605 0.359295 0.346951 0.333356 0.323433 0.343896 0.361639 0.370566 0.366713 0.343402 0.333537 0.332041 0.336135 0.330733 0.326432 0.314866 0.310809 0.305577 0.307548 0.315947 0.321546 0.327417 0.331294 0.330423 0.331972 0.331067 0.328422 0.325663 0.32125 0.31645 0.305486 0.303437 0.295268 0.291075 0.284454 0.277949 0.270502 0.262752 0.259941 0.25747 0.254422 0.251391 0.249386 0.248064 0.247203 0.246634 0.245764 0.245485 0.24519 0.244737 0.244222 0.241182 0.23912 0.233227
-9999 -9999 -9999 -9999 -9999 -9999 -9999 -9999 0.354894 0.369836 0.374227 0.382592 0.38728 0.387991 0.385269 0.380467 0.372628 0.36213 0.353665 0.338483 0.323043 0.342027 0.359989 0.370063 0.369981 0.348293 0.35242 0.34716 0.347759 0.339007 0.334749 0.331229 0.324716 0.317738 0.311283 0.305807 0.320532 0.327593 0.332954 0.334676 0.334757 0.333578 0.329399 0.325109 0.314447 0.315569 0.309052 0.303487 0.297611 0.291892 0.285847 0.279731 0.272778 0.267696 0.26142 0.259537 0.255117 0.252589 0.250661 0.249233 0.248224 0.247572 0.247109 0.244682 0.245232 0.24463 0.243922 0.240743 0.239397 0.237756
-9999 -9999 -9999 -9999 -9999 -9999 -9999 -9999 0.332733 0.355413 0.373883 0.381649 0.388866 0.388543 0.387004 0.381271 0.376894 0.369016 0.361944 0.351815 0.337103 0.328225 0.340282 0.364246 0.370542 0.36673 0.365151 0.359244 0.353776 0.35209 0.35127 0.345114 0.338394 0.327317 0.321594 0.317103 0.327679 0.328143 0.326068 0.337479 0.335825 0.333062 0.325703 0.315514 0.312891 0.305828 0.302337 0.293485 0.292186 0.290233 0.286197 0.280884 0.274091 0.26977 0.265081 0.259904 0.256779 0.25418 0.252153 0.250651 0.249543 0.248642 0.247992 0.247548 0.243855 0.242792 0.243668 0.240278 0.238883 0.237254
-9999 -9999 -9999 -9999 -9999 -9999 -9999 -9999 0.339119 0.355837 0.37102 0.380653 0.388169 0.387941 0.389026 0.386244 0.381729 0.374689 0.366611 0.358118 0.345373 0.33604 0.347285 0.357462 0.368668 0.369568 0.366061 0.364717 0.362497 0.363432 0.360757 0.358562 0.351737 0.33922 0.332762 0.323955 0.33571 0.335904 0.332522 0.337502 0.335436 0.323581 0.313621 0.309846 0.308828 0.300515 0.293583 0.28702 0.285343 0.288698 0.282519 0.277845 0.275223 0.271158 0.265003 0.261555 0.258476 0.255919 0.253813 0.252226 0.251006 0.249901 0.249038 0.248271 0.247369 0.242593 0.241287 0.237375 0.238178 0.236579
-9999 -9999 -9999 -9999 -9999 -9999 -9999 -9999 0.345857 0.35208 0.365492 0.380328 0.388615 0.390493 0.39139 0.389347 0.384357 0.380202 0.374756 0.367109 0.361947 0.353361 0.341688 0.361048 0.359981 0.36185 0.366268 0.370822 0.369494 0.365576 0.358519 0.359717 0.354948 0.346265 0.34246 0.337049 0.342891 0.3415 0.339821 0.337824 0.327728 0.314134 0.302526 0.30638 0.301827 0.298456 0.283009 0.288084 0.28951 0.286565 0.278663 0.270675 0.274303 0.268515 0.265626 0.262804 0.260213 0.257573 0.255561 0.25378 0.252345 0.25114 0.250027 0.249002 0.247925 0.246771 0.240918 0.236805 0.235015 0.230316
-9999 -9999 -9999 -9999 -9999 -9999 -9999 -9999 -9999 0.350574 0.369872 0.385148 0.392415 0.396072 0.396714 0.394539 0.39109 0.38779 0.384023 0.378316 0.37157 0.361268 0.35366 0.358366 0.356375 0.353159 0.356199 0.366454 0.369106 0.362275 0.347743 0.350941 0.358124 0.356266 0.353811 0.351299 0.346619 0.3441 0.340357 0.332906 0.313449 0.309857 0.300637 0.298756 0.292179 0.293279 0.284243 0.287851 0.286746 0.283363 0.271303 0.266638 0.267047 0.266414 0.262156 0.260944 0.261698 0.259206 0.257078 0.25517 0.253629 0.252261 0.250967 0.247704 0.246284 0.244825 0.237748 0.233396 0.230929 0.22875
-9999 -9999 -9999 -9999 -9999 -9999 -9999 -9999 -9999 0.351908 0.369487 0.388072 0.392222 0.396481 0.400015 0.398054 0.393693 0.389811 0.386193 0.38252 0.374192 0.366254 0.358728 0.355984 0.357025 0.34444 0.349838 0.363484 0.365121 0.362548 0.344063 0.33761 0.347756 0.355984 0.35502 0.352378 0.338911 0.339691 0.331606 0.32119 0.316874 0.310974 0.300639 0.30178 0.292942 0.292072 0.281809 0.282194 0.280078 0.281004 0.270146 0.264212 0.264216 0.264582 0.261095 0.262318 0.261003 0.258846 0.256682 0.254751 0.252973 0.251393 0.249789 0.248193 0.246566 0.244772 0.242626 0.233378 0.22016 0.218365
-9999 -9999 -9999 -9999 -9999 -9999 -9999 -9999 -9999 0.35817 0.3696 0.385858 0.397256 0.395656 0.40017 0.401637 0.397029 0.39236 0.387902 0.38554 0.376312 0.366382 0.358307 0.348839 0.349696 0.355367 0.352245 0.360664 0.361151 0.357846 0.345657 0.347543 0.353903 0.356432 0.355914 0.353123 0.348767 0.345474 0.338951 0.334992 0.326452 0.314084 0.307632 0.307433 0.293656 0.29108 0.29143 0.276985 0.27982 0.278924 0.266412 0.262503 0.265959 0.265991 0.265813 0.264169 0.261873 0.260204 0.257858 0.255796 0.253878 0.252031 0.250278 0.248404 0.246554 0.243904 0.240785 0.231033 0.216374 0.215152
-9999 -9999 -9999 -9999 -9999 -9999 -9999 -9999 -9999 0.364739 0.374775 0.388561 0.396002 0.395368 0.400668 0.405345 0.402803 0.397926 0.395604 0.391053 0.382916 0.374141 0.364685 0.359702 0.349178 0.357862 0.35108 0.358022 0.360573 0.349776 0.345048 0.348893 0.352652 0.353072 0.356813 0.354933 0.351271 0.341587 0.335836 0.335399 0.331596 0.326397 0.316873 0.313769 0.306232 0.301047 0.295702 0.279545 0.279169 0.275443 0.267338 0.269472 0.269433 0.268292 0.267159 0.264556 0.26262 0.261242 0.258887 0.256661 0.254539 0.252563 0.250538 0.248269 0.246063 0.242342 0.237193 0.229231 0.207524 0.21243
-9999 -9999 -9999 -9999 -9999 -9999 -9999 -9999 -9999 0.366951 0.377741 0.389151 0.392494 0.391102 0.402535 0.408861 0.407044 0.403839 0.400565 0.390778 0.390162 0.387438 0.378628 0.366249 0.352722 0.352871 0.354298 0.354838 0.357146 0.342074 0.336848 0.33786 0.344452 0.350126 0.356086 0.356215 0.352047 0.337967 0.323046 0.326882 0.330989 0.328501 0.32397 0.314617 0.309433 0.304198 0.295871 0.28133 0.27438 0.272585 0.270544 0.269325 0.2698 0.269731 0.26489 0.262453 0.262921 0.262137 0.259642 0.257282 0.255093 0.252896 0.250693 0.247893 0.245055 0.241666 0.23121 0.223897 0.210855 0.210522
-9999 -9999 -9999 -9999 -9999 -9999 -9999 -9999 -9999 0.367272 0.374309 0.38507 0.387948 0.394171 0.404854 0.409148 0.410313 0.408542 0.405768 0.400545 0.396961 0.391234 0.381922 0.369635 0.356099 0.346866 0.349774 0.34858 0.346302 0.336286 0.329895 0.334271 0.341448 0.352828 0.35854 0.357717 0.355135 0.350642 0.339132 0.325532 0.323181 0.326308 0.318754 0.310201 0.31001 0.305976 0.297636 0.290385 0.277226 0.268909 0.268342 0.266394 0.267537 0.271268 0.268834 0.265344 0.26542 0.262726 0.260136 0.257751 0.255371 0.25306 0.250745 0.247944 0.244391 0.236621 0.229541 0.220533 0.217431 0.212301
-9999 -9999 -9999 -9999 -9999 -9999 -9999 -9999 -9999 0.364618 0.373263 0.383111 0.3923 0.401008 0.408326 0.406984 0.410099 0.408313 0.409305 0.407014 0.402034 0.396857 0.38851 0.372889 0.359565 0.345148 0.347338 0.355112 0.343151 0.335292 0.32203 0.332564 0.344304 0.354744 0.359573 0.352641 0.356008 0.353565 0.347888 0.338806 0.325783 0.323275 0.312459 0.308953 0.309609 0.307308 0.30282 0.2963 0.285262 0.271642 0.269059 0.26572 0.266388 0.268389 0.270471 0.268076 0.266024 0.263143 0.260411 0.257902 0.255435 0.252928 0.250304 0.247357 0.240377 0.232496 0.226719 0.219621 0.216633 0.219885
