Test_Spring_2018/03_18/Prec/20180306_020.txt
ncols	170
nrows	115
xllcorner	350000.000000
yllcorner	4445000.000000
cellsize	1000.000000
nodata_value	-9999.000000
[rows 32 to 63 of 115, columns 72 to 143 of 170]
1.44272 1.47164 1.47761 1.48569 1.58 1.62885 1.68309 1.70135 1.72602 1.75953 1.78037 1.79994 1.81543 1.84816 1.92072 1.98592 1.96186 1.96723 1.99416 1.96125 1.98662 2.04446 2.12407 2.08902 2.10507 2.17229 2.16375 -9999 -9999 -9999 -9999 -9999 -9999 -9999 -9999 -9999 -9999 -9999 -9999 -9999 -9999 -9999 -9999 -9999 -9999 -9999 -9999 -9999 -9999 -9999 -9999 -9999 -9999 -9999 -9999 -9999 -9999 -9999 -9999 -9999 -9999 -9999 -9999 -9999 -9999 -9999 -9999 -9999 -9999 -9999 -9999 -9999
1.45992 1.48309 1.48151 1.50299 1.55241 1.62659 1.68825 1.70329 1.72296 1.74617 1.76697 1.78679 1.81616 1.85218 1.9156 1.98885 2.0106 1.98475 1.98892 1.98913 2.01272 2.04095 2.08226 2.05787 2.05169 2.07381 2.12429 2.18473 -9999 -9999 -9999 -9999 -9999 -9999 -9999 -9999 -9999 -9999 -9999 -9999 -9999 -9999 -9999 -9999 -9999 -9999 -9999 -9999 -9999 -9999 -9999 -9999 -9999 -9999 -9999 -9999 -9999 -9999 -9999 -9999 -9999 -9999 -9999 -9999 -9999 -9999 -9999 -9999 -9999 -9999 -9999 -9999
1.47918 1.51919 1.52609 1.53712 1.58952 1.70077 1.71652 1.7083 1.72635 1.743 1.76818 1.78973 1.81572 1.85077 1.89524 1.94592 2.02753 1.98758 1.95709 1.96327 1.97028 1.99142 2.03112 2.00707 2.01083 2.02012 2.12912 2.15805 2.16944 -9999 -9999 -9999 -9999 -9999 -9999 -9999 -9999 -9999 -9999 -9999 -9999 -9999 -9999 -9999 -9999 -9999 -9999 -9999 -9999 -9999 -9999 -9999 -9999 -9999 -9999 -9999 -9999 -9999 -9999 -9999 -9999 -9999 -9999 -9999 -9999 -9999 -9999 -9999 -9999 -9999 -9999 -9999
1.50008 1.54479 1.55173 1.55521 1.57828 1.65975 1.71241 1.7227 1.73177 1.74843 1.77408 1.82041 1.83661 1.84808 1.88016 1.93674 1.99229 2.01087 1.96114 1.95034 1.95828 1.95064 1.98476 1.97562 1.98623 1.98182 2.0449 2.11664 2.13397 2.16894 -9999 -9999 -9999 -9999 -9999 -9999 -9999 -9999 -9999 -9999 -9999 -9999 -9999 -9999 -9999 -9999 -9999 -9999 -9999 -9999 -9999 -9999 -9999 -9999 -9999 -9999 -9999 -9999 -9999 -9999 -9999 -9999 -9999 -9999 -9999 -9999 -9999 -9999 -9999 -9999 -9999 -9999
-9999 -9999 1.58495 1.60833 1.66203 1.67923 1.72186 1.73014 1.73758 1.75469 1.7921 1.81636 1.82892 1.85427 1.88984 1.91413 1.95125 1.98882 1.98146 1.93899 1.96416 1.93513 1.94226 1.94063 1.96754 2.01932 2.05945 2.12011 2.13557 2.16378 -9999 -9999 -9999 -9999 -9999 -9999 -9999 -9999 -9999 -9999 -9999 -9999 -9999 -9999 -9999 -9999 -9999 -9999 -9999 -9999 -9999 -9999 -9999 -9999 -9999 -9999 -9999 -9999 -9999 -9999 -9999 -9999 -9999 -9999 -9999 -9999 -9999 -9999 -9999 -9999 -9999 -9999
-9999 -9999 -9999 1.617 1.67414 1.66488 1.73134 1.74443 1.74663 1.76372 1.78773 1.80785 1.82908 1.85145 1.88017 1.90954 1.94435 1.95194 1.92615 1.92963 1.93957 1.93833 1.92676 1.93495 1.9501 2.04121 2.07449 2.14905 2.17568 2.1721 2.19048 -9999 -9999 -9999 -9999 -9999 -9999 -9999 -9999 -9999 -9999 -9999 -9999 2.01152 -9999 -9999 -9999 -9999 -9999 -9999 -9999 -9999 -9999 -9999 -9999 -9999 -9999 -9999 -9999 -9999 -9999 -9999 -9999 -9999 1.84395 -9999 -9999 -9999 -9999 -9999 -9999 -9999
-9999 -9999 1.57544 1.65025 1.65917 1.66381 1.70328 1.75431 1.75538 1.77334 1.79572 1.81684 1.84444 1.85839 1.87815 1.90898 1.91914 1.91346 1.91236 1.91025 1.90999 1.91557 1.92512 1.93692 1.96804 1.99733 2.0178 2.06106 2.11687 2.14473 2.18695 2.21959 -9999 -9999 -9999 -9999 -9999 -9999 -9999 2.10009 2.08883 2.07323 2.04712 2.00275 1.99785 -9999 -9999 -9999 -9999 -9999 -9999 -9999 -9999 -9999 -9999 -9999 -9999 -9999 -9999 -9999 -9999 -9999 -9999 -9999 1.81301 1.84652 -9999 -9999 -9999 -9999 -9999 -9999
-9999 -9999 1.63998 1.64453 1.66069 1.66811 1.68377 1.75584 1.7709 1.78423 1.80263 1.82518 1.84926 1.85931 1.88319 1.89778 1.90832 1.89822 1.89801 1.90535 1.91401 1.92213 1.94152 1.9467 1.95938 1.97862 2.00947 2.0415 2.09443 2.15265 2.20972 2.25558 -9999 -9999 -9999 -9999 -9999 -9999 2.11601 2.08324 2.05676 2.0682 2.02673 1.98521 1.96666 1.94407 -9999 -9999 -9999 -9999 -9999 -9999 -9999 -9999 -9999 -9999 -9999 -9999 -9999 -9999 1.6436 1.67784 1.74794 1.78447 1.80679 1.83807 -9999 -9999 -9999 -9999 -9999 -9999
-9999 -9999 1.64235 1.6453 1.6575 1.6721 1.69921 1.75113 1.7796 1.7974 1.81634 1.83359 1.84861 1.87263 1.88615 1.91246 1.89577 1.89861 1.90493 1.92594 1.93558 1.97149 1.98867 1.99928 1.97132 1.99462 2.04192 2.10096 2.19714 2.1851 2.20856 2.25052 -9999 -9999 -9999 -9999 -9999 -9999 2.12115 2.08641 2.05279 2.03288 2.04038 1.9804 1.93966 1.93403 1.91106 1.86548 1.82867 1.79446 1.74771 1.71894 1.70798 1.67998 -9999 -9999 -9999 -9999 1.6276 1.62439 1.6232 1.6386 1.71644 1.77047 1.81915 1.80277 -9999 -9999 -9999 -9999 -9999 -9999
-9999 -9999 1.62242 1.63754 1.66168 1.69299 1.7118 1.7669 1.79448 1.82311 1.84273 1.85857 1.87138 1.88545 1.90311 1.90539 1.90869 1.91623 1.95494 1.99981 1.98053 1.99879 2.082 2.01595 1.99153 2.01776 2.07486 2.14135 2.19032 2.17529 2.2085 2.25291 -9999 -9999 -9999 2.21862 2.18187 2.17277 2.15417 2.11178 2.07379 2.03432 2.00096 1.97537 1.9461 1.93728 1.92918 1.89003 1.81853 1.77861 1.72897 1.69781 1.68436 1.65458 1.62869 1.61121 1.60135 1.59814 1.59563 1.59389 1.59607 1.61155 1.68782 1.73024 1.75836 1.79514 -9999 -9999 -9999 -9999 -9999 -9999
-9999 -9999 1.65573 1.67469 1.69717 1.71049 1.74229 1.76314 1.81823 1.83796 1.85635 1.88423 1.88698 1.89738 1.90525 1.91252 1.9195 1.95177 1.9955 2.03914 2.059 2.07142 2.10735 2.07143 2.04663 2.04842 2.08855 2.14848 2.16075 2.19866 2.23979 2.29312 -9999 -9999 2.29596 2.23198 2.18441 2.15563 2.1396 2.12671 2.08177 2.06056 2.00687 1.98813 1.98767 1.95191 1.92481 1.88002 1.81832 1.78286 1.71933 1.67412 1.64753 1.62801 1.60518 1.59147 1.58243 1.57734 1.5798 1.57796 1.57987 1.59175 1.64525 1.67364 1.68569 1.78327 -9999 -9999 -9999 -9999 -9999 -9999
-9999 -9999 1.66622 1.6863 1.70536 1.73787 1.75978 1.77786 1.84359 1.85208 1.87121 1.89625 1.91499 1.91281 1.91901 1.92295 1.92554 1.9546 1.98764 2.03867 2.06996 2.10811 2.12388 2.12868 2.11645 2.12243 2.13068 2.12808 2.14071 2.19604 2.23002 2.27951 2.31454 -9999 2.30439 2.27608 2.22087 2.17054 2.13313 2.13075 2.08093 2.05453 2.01159 1.99491 1.97605 1.93707 1.90337 1.87165 1.81435 1.75194 1.69711 1.6615 1.63021 1.60722 1.58819 1.57459 1.5655 1.56026 1.55907 1.56077 1.5654 1.57355 1.60189 1.61556 1.67197 1.77564 -9999 -9999 -9999 -9999 -9999 -9999
-9999 1.65625 1.66528 1.67789 1.70634 1.73704 1.76734 1.7974 1.85189 1.86263 1.88213 1.90349 1.93846 1.94528 1.94611 1.93512 1.9351 1.93528 1.95117 2.01266 2.04712 2.08201 2.1258 2.12745 2.11952 2.08677 2.09144 2.11859 2.14923 2.20752 2.22877 2.26822 2.3315 2.33008 2.30301 2.28162 2.24411 2.18424 2.13693 2.10678 2.08307 2.04903 2.01604 1.98497 1.9539 1.92365 1.89763 1.86134 1.82361 1.77336 1.71704 1.64921 1.6149 1.59181 1.57245 1.55851 1.54937 1.5445 1.54387 1.54701 1.55196 1.55857 1.5544 1.59207 1.65876 1.72672 -9999 -9999 -9999 -9999 -9999 -9999
-9999 -9999 1.67128 1.70044 1.73808 1.77294 1.80107 1.82543 1.86758 1.89069 1.90226 1.91438 1.94775 1.97809 1.96313 1.95628 1.94653 1.94272 1.94082 2.00274 2.0303 2.0528 2.09466 2.06452 2.05147 2.05257 2.06436 2.11829 2.17302 2.2522 2.30913 2.31584 2.34609 2.33024 2.31453 2.26518 2.22808 2.20884 2.18955 2.1205 2.08926 2.049 2.00519 1.99135 1.94855 1.92426 1.87987 1.8407 1.80046 1.8019 1.71361 1.6778 1.6218 1.57656 1.55799 1.54412 1.53511 1.53136 1.53164 1.53549 1.54136 1.54018 1.53498 1.55922 1.66371 1.72256 -9999 -9999 -9999 -9999 -9999 -9999
-9999 -9999 -9999 -9999 1.75182 1.78489 1.81943 1.84765 1.87783 1.89587 1.9119 1.92791 1.94815 1.97637 1.98584 1.98199 2.0007 1.97905 1.95613 1.95459 1.95625 2.00404 2.01513 1.9909 1.999 2.03731 2.06925 2.10208 2.16563 2.22995 2.29509 2.34543 2.35189 2.30586 2.26427 2.21503 2.19174 2.20062 2.17782 2.13126 2.07875 2.03731 2.01001 1.99562 1.94922 1.93091 1.86668 1.82233 1.79051 1.7584 1.70579 1.6578 1.62208 1.5755 1.55007 1.53241 1.52422 1.52096 1.52213 1.52676 1.52318 1.52719 1.53142 1.5361 1.64361 1.7327 -9999 -9999 -9999 -9999 -9999 -9999
-9999 -9999 -9999 -9999 1.77553 1.81274 1.83983 1.84313 1.88358 1.90206 1.92339 1.93621 1.95366 1.97979 2.00229 2.02064 2.04292 2.02642 1.98733 1.96363 1.9598 2.00161 1.96661 1.97429 1.99133 2.04079 2.07922 2.10263 2.1641 2.2334 2.27844 2.33927 2.32048 2.29888 2.26884 2.21345 2.17515 2.15428 2.15769 2.12419 2.06645 2.03932 2.02734 1.99008 1.9519 1.9406 1.86516 1.81239 1.77629 1.73217 1.68493 1.64427 1.60393 1.56905 1.54267 1.52718 1.51781 1.51513 1.5166 1.5169 1.52069 1.5246 1.5289 1.53319 1.60374 1.73188 -9999 -9999 -9999 -9999 -9999 -9999
-9999 -9999 -9999 -9999 -9999 1.84037 1.8499 1.84152 1.8883 1.91475 1.92583 1.9408 1.96107 1.97573 2.00241 2.0348 2.09543 2.07666 2.0405 1.99014 1.96355 1.96682 1.96789 1.99185 2.05187 2.10592 2.11589 2.12933 2.17586 2.23413 2.28369 2.26267 2.23926 2.2128 2.20021 2.20665 2.1736 2.1423 2.14362 2.10599 2.05893 2.04324 2.01793 1.98729 1.95063 1.9089 1.86369 1.80131 1.77016 1.71982 1.66942 1.63385 1.59792 1.56646 1.54048 1.52492 1.51624 1.51315 1.51421 1.51622 1.51982 1.52389 1.52794 1.53188 1.54102 1.61351 1.65507 -9999 -9999 -9999 -9999 -9999
-9999 -9999 -9999 -9999 -9999 1.87303 1.89706 1.87911 1.91993 1.92021 1.92721 1.94179 1.96797 1.9833 2.02262 2.03375 2.09023 2.11347 2.0887 2.09529 2.02804 1.96953 1.9692 2.08714 2.13095 2.16379 2.15951 2.16423 2.18139 2.26524 2.28669 2.23581 2.20561 2.18294 2.1659 2.16275 2.16337 2.11751 2.10056 2.0711 2.05248 2.02424 2.01355 1.99062 1.92892 1.89998 1.85896 1.79648 1.77178 1.71293 1.66514 1.63464 1.60371 1.56653 1.54379 1.52805 1.51765 1.51568 1.51686 1.51835 1.52088 1.52432 1.52819 1.53111 1.53426 1.54939 1.58541 1.59932 1.58836 -9999 -9999 -9999
-9999 -9999 -9999 -9999 -9999 -9999 1.95054 1.90947 1.93188 1.93679 1.92985 1.94114 1.96592 1.98502 2.02298 2.05485 2.10567 2.16348 2.1913 2.09597 2.01364 1.9714 1.96359 2.06189 2.10175 2.10575 2.08621 2.10997 2.13008 2.19907 2.21699 2.24075 2.23289 2.19996 2.16777 2.14038 2.11817 2.11211 2.08937 2.06147 2.03965 2.01078 1.98226 1.94927 1.92039 1.86543 1.83544 1.78678 1.74897 1.71195 1.66638 1.64364 1.60516 1.57249 1.55062 1.52918 1.52318 1.5205 1.52092 1.52374 1.52359 1.52616 1.5287 1.53127 1.53312 1.54049 1.54625 1.56823 1.59696 1.63287 -9999 -9999
-9999 -9999 -9999 -9999 -9999 -9999 1.99071 1.94773 1.96789 1.9425 1.94812 1.95064 1.95899 1.97536 2.00496 2.04695 2.08111 2.14651 2.21457 2.11086 2.02426 1.97771 1.97694 2.044 2.0221 2.04268 2.03824 2.07616 2.09509 2.12817 2.15565 2.18568 2.21988 2.2298 2.16395 2.12988 2.09999 2.08171 2.06518 2.04795 2.02843 2.00136 2.00245 1.9455 1.89897 1.86239 1.82512 1.78616 1.74874 1.7129 1.66739 1.63522 1.61415 1.57259 1.54841 1.53754 1.53074 1.52761 1.52736 1.52893 1.53168 1.52475 1.52967 1.53126 1.53246 1.53911 1.54073 1.54316 1.54989 1.59724 1.62644 1.62066
-9999 -9999 -9999 -9999 -9999 -9999 2.09959 2.01951 2.00479 1.97645 1.95516 1.95471 1.95773 1.9784 1.99303 2.02387 2.05234 2.0958 2.16098 2.20152 2.12183 2.01556 1.97994 1.96655 1.97006 1.99335 2.01532 2.02117 2.02381 2.06847 2.10604 2.15098 2.1535 2.1719 2.12254 2.116 2.11768 2.05554 2.0463 2.03627 2.04043 2.03719 2.00532 1.97927 1.92184 1.9033 1.84934 1.79734 1.75469 1.71891 1.67549 1.63204 1.60731 1.57257 1.55776 1.54719 1.54019 1.53619 1.53473 1.53541 1.5368 1.53798 1.52608 1.5259 1.53141 1.53753 1.53831 1.53985 1.54151 1.54976 1.56192 1.56727
-9999 -9999 -9999 -9999 -9999 -9999 2.11582 2.08683 2.02825 2.00106 1.96805 1.96685 1.95825 1.96608 1.98169 2.00923 2.04253 2.079 2.1356 2.17813 2.1302 2.05236 2.00344 1.967 1.97102 1.97387 1.98094 1.98802 1.99694 2.0241 2.04872 2.07286 2.09816 2.13359 2.07697 2.06979 2.07575 2.04106 2.03316 2.06355 2.08003 2.06342 2.01022 2.00042 1.959 1.92842 1.88009 1.8086 1.77131 1.73549 1.6751 1.64467 1.60156 1.58281 1.56842 1.55758 1.55017 1.54519 1.54236 1.54174 1.54167 1.54183 1.54247 1.52489 1.52377 1.5296 1.53601 1.53652 1.53756 1.54031 1.54014 1.52099
-9999 -9999 -9999 -9999 -9999 -9999 2.11484 2.11951 2.06678 2.0163 1.97919 1.96837 1.96062 1.96539 1.98342 1.99846 2.02031 2.05309 2.07598 2.11492 2.16809 2.08395 2.05022 2.00739 2.00035 1.97721 1.97972 1.99334 2.03503 2.02309 2.00545 2.03859 2.05015 2.06847 2.03602 2.03401 2.03089 2.02603 2.05316 2.09134 2.11587 2.06688 2.05009 1.99958 1.99854 1.92199 1.86015 1.81683 1.79774 1.78066 1.69562 1.64024 1.61513 1.59489 1.5789 1.56827 1.55961 1.55403 1.55022 1.54775 1.54633 1.54514 1.54415 1.543 1.52099 1.52649 1.52574 1.52054 1.52034 1.52938 1.5308 1.5122
-9999 -9999 -9999 -9999 -9999 -9999 -9999 2.16149 2.09398 2.02712 1.99319 1.97349 1.96619 1.97118 1.98229 1.9937 2.00842 2.03305 2.06347 2.11053 2.14616 2.12731 2.09305 2.06887 2.05247 2.00364 1.98798 2.01384 2.10113 2.03978 2.00031 2.00095 2.00411 2.00714 2.01211 2.01333 2.01788 2.0361 2.10414 2.10379 2.11803 2.09512 2.0883 2.01533 1.98578 1.92021 1.87372 1.83658 1.83823 1.78743 1.69344 1.65492 1.63704 1.61047 1.58931 1.57779 1.56876 1.56228 1.55701 1.55303 1.55 1.5443 1.5416 1.53874 1.51208 1.51733 1.51809 1.51834 1.52117 1.51621 1.51629 1.47043
-9999 -9999 -9999 -9999 -9999 -9999 -9999 2.19412 2.11868 2.03614 2.0155 1.99298 1.97293 1.97713 1.99237 2.00632 2.02013 2.03527 2.07197 2.10764 2.14186 2.15488 2.15076 2.11687 2.08964 2.02531 2.01362 2.02002 2.08229 2.10202 2.04815 2.00265 1.99763 1.99956 2.04861 2.03328 2.05541 2.08548 2.0856 2.08931 2.10885 2.07352 2.07829 2.04379 1.9912 1.94341 1.90512 1.85271 1.85283 1.81085 1.71635 1.67542 1.65553 1.61894 1.59773 1.58416 1.57414 1.56604 1.55961 1.55395 1.54943 1.54535 1.54149 1.53817 1.53611 1.51195 1.55609 1.55364 1.54153 1.53068 1.48465 1.45732
-9999 -9999 -9999 -9999 -9999 -9999 -9999 2.19433 2.14451 2.07123 2.01789 2.02105 1.99658 1.98556 2.00182 2.01902 2.03611 2.04476 2.08456 2.128 2.16347 2.20505 2.20057 2.17416 2.08957 2.0479 2.04079 2.04989 2.0811 2.0629 2.02469 2.00319 1.99482 1.99597 2.00319 2.00448 2.01841 2.01886 2.03702 2.06912 2.07169 2.04302 2.07091 2.04574 2.00444 1.96576 1.90868 1.8676 1.87827 1.7736 1.71753 1.67975 1.64633 1.62301 1.60614 1.58986 1.5796 1.57065 1.56308 1.55666 1.55077 1.5459 1.54106 1.53968 1.5402 1.56995 1.56162 1.55554 1.53668 1.5205 1.44843 1.44353
-9999 -9999 -9999 -9999 -9999 -9999 -9999 2.19615 2.15088 2.08745 2.05096 2.04944 2.02127 1.99583 2.00268 2.02038 2.02739 2.04491 2.07886 2.11601 2.15634 2.17678 2.22147 2.18059 2.10702 2.07138 2.05463 2.08081 2.09136 2.06366 2.03604 2.02287 1.99452 1.99044 1.99336 2.02176 2.03118 2.01512 2.01163 2.01164 2.02786 2.01251 2.01364 2.00131 1.98693 1.95493 1.91456 1.88857 1.82286 1.74835 1.7094 1.67805 1.64966 1.63093 1.61233 1.59418 1.58297 1.57342 1.56516 1.55756 1.55104 1.54607 1.541 1.54262 1.55046 1.57068 1.58805 1.55365 1.51836 1.47891 1.43565 1.4306
-9999 -9999 -9999 -9999 -9999 -9999 -9999 2.21974 2.16949 2.11544 2.09632 2.09766 2.04195 2.00887 2.01208 2.02181 2.03229 2.07206 2.07157 2.08067 2.11681 2.1687 2.22543 2.22122 2.16013 2.09896 2.0828 2.12492 2.13703 2.12121 2.08034 2.04312 2.0041 1.99021 1.99442 2.04133 2.09045 2.05464 2.01547 2.00304 1.99698 2.00946 2.00062 1.98929 1.9892 1.98822 1.93932 1.90658 1.78815 1.75346 1.7133 1.67797 1.66646 1.64708 1.61757 1.59617 1.58465 1.57448 1.56512 1.55696 1.5496 1.54534 1.54143 1.53996 1.56971 1.58544 1.62196 1.54659 1.52039 1.44265 1.41969 1.41302
-9999 -9999 -9999 -9999 -9999 -9999 -9999 2.25354 2.21826 2.1659 2.14801 2.11502 2.06216 2.03761 2.02708 2.02979 2.0372 2.05571 2.06719 2.08829 2.1253 2.17543 2.23093 2.26713 2.24924 2.14178 2.09465 2.16221 2.17896 2.14775 2.1038 2.0408 2.00232 1.99203 1.98854 1.99226 2.02554 2.06626 2.05505 2.01722 2.02417 2.0329 2.00195 1.98553 1.98593 1.97966 1.93077 1.86225 1.80056 1.76974 1.7271 1.67523 1.65314 1.63825 1.61007 1.59648 1.58451 1.57341 1.56369 1.55473 1.54649 1.5408 1.5386 1.55504 1.56829 1.58993 1.58531 1.52179 1.47332 1.41778 1.40384 1.39722
-9999 -9999 -9999 -9999 -9999 -9999 -9999 2.30165 2.2576 2.20806 2.16134 2.11669 2.07819 2.07809 2.05831 2.06034 2.05016 2.05461 2.07104 2.08837 2.11974 2.18328 2.23655 2.29455 2.27885 2.18302 2.15683 2.17983 2.22664 2.16785 2.10344 2.04437 2.00955 2.02601 1.99578 1.98997 1.99687 2.01697 2.05239 2.03888 2.05966 2.04547 2.01031 1.98584 1.96895 1.95934 1.94202 1.85206 1.79959 1.77487 1.73421 1.68981 1.64741 1.62726 1.60796 1.59455 1.58243 1.57099 1.56069 1.55154 1.54354 1.5373 1.54901 1.56458 1.57058 1.58214 1.57525 1.53789 1.45294 1.40073 1.38659 1.37814
-9999 -9999 -9999 -9999 -9999 -9999 -9999 -9999 2.27892 2.22676 2.18897 2.18159 2.14737 2.12982 2.11623 2.11428 2.07041 2.06844 2.07848 2.09373 2.11977 2.16723 2.19992 2.2548 2.29391 2.21468 2.21814 2.19776 2.19653 2.16704 2.10457 2.03956 2.02699 2.05806 2.04533 2.02952 2.00297 2.00187 2.05405 2.07357 2.08609 2.05128 2.01396 1.99041 1.9695 1.95242 1.8803 1.82423 1.77525 1.73404 1.70913 1.67283 1.64243 1.6227 1.60523 1.59138 1.57868 1.56728 1.5574 1.54786 1.54132 1.53891 1.55246 1.59839 1.58578 1.5815 1.58824 1.51022 1.4165 1.38702 1.36815 1.35832
-9999 -9999 -9999 -9999 -9999 -9999 -9999 -9999 2.31462 2.25283 2.24299 2.24769 2.27272 2.265 2.18525 2.1699 2.12729 2.08639 2.08874 2.1029 2.1264 2.15352 2.19623 2.25727 2.30538 2.32242 2.2322 2.16014 2.14327 2.12055 2.07986 2.06728 2.09951 2.12894 2.10151 2.08133 2.02592 2.00731 2.00487 2.0302 2.05946 2.06621 2.02159 1.99886 1.97683 1.95507 1.88873 1.84228 1.76215 1.72348 1.69104 1.6652 1.63616 1.61675 1.6007 1.58605 1.57364 1.5626 1.5535 1.54517 1.54382 1.54436 1.57222 1.59346 1.60237 1.6161 1.54788 1.4911 1.43567 1.37245 1.35178 1.3405
