Test_Spring_2018/03_18/Prec/20180326_006.txt
ncols	170
nrows	115
xllcorner	350000.000000
yllcorner	4445000.000000
cellsize	1000.000000
nodata_value	-9999.000000
[rows 31 to 61 of 115, columns 70 to 139 of 170]
0.586835 0.597948 0.60403 0.601498 0.605289 0.618959 0.621783 0.624487 0.636673 0.637095 0.632049 0.631059 0.626866 0.618541 0.615248 0.599517 0.547807 0.562498 0.568109 0.552789 0.560722 0.573714 0.560907 0.524425 0.507759 0.481519 0.483749 0.470927 0.448701 -9999 -9999 -9999 -9999 -9999 -9999 -9999 -9999 -9999 -9999 -9999 -9999 -9999 -9999 -9999 -9999 -9999 -9999 -9999 -9999 -9999 -9999 -9999 -9999 -9999 -9999 -9999 -9999 -9999 -9999 -9999 -9999 -9999 -9999 -9999 -9999 -9999 -9999 -9999 -9999 -9999
0.595685 0.602082 0.604517 0.601918 0.613369 0.624174 0.615635 0.61519 0.641436 0.643131 0.640222 0.631169 0.6284 0.625262 0.623424 0.610575 0.573685 0.540258 0.557944 0.557959 0.544961 0.566304 0.553481 0.521542 0.476751 0.49835 0.490146 0.450391 0.437209 -9999 -9999 -9999 -9999 -9999 -9999 -9999 -9999 -9999 -9999 -9999 -9999 -9999 -9999 -9999 -9999 -9999 -9999 -9999 -9999 -9999 -9999 -9999 -9999 -9999 -9999 -9999 -9999 -9999 -9999 -9999 -9999 -9999 -9999 -9999 -9999 -9999 -9999 -9999 -9999 -9999
0.592674 0.60442 0.604065 0.604349 0.619708 0.622258 0.620219 0.624401 0.645916 0.649233 0.649078 0.645944 0.643196 0.639971 0.630154 0.61548 0.583961 0.545888 0.536965 0.555022 0.555105 0.557024 0.545003 0.529987 0.507151 0.522284 0.52671 0.500202 0.464861 0.448741 -9999 -9999 -9999 -9999 -9999 -9999 -9999 -9999 -9999 -9999 -9999 -9999 -9999 -9999 -9999 -9999 -9999 -9999 -9999 -9999 -9999 -9999 -9999 -9999 -9999 -9999 -9999 -9999 -9999 -9999 -9999 -9999 -9999 -9999 -9999 -9999 -9999 -9999 -9999 -9999
0.586081 0.60428 0.602198 0.592384 0.602547 0.610939 0.619354 0.633969 0.637462 0.654331 0.65523 0.656061 0.650961 0.646911 0.639224 0.625224 0.604761 0.579763 0.535971 0.562018 0.581944 0.580072 0.577299 0.566004 0.543703 0.558252 0.556563 0.520425 0.489455 0.469164 0.459092 -9999 -9999 -9999 -9999 -9999 -9999 -9999 -9999 -9999 -9999 -9999 -9999 -9999 -9999 -9999 -9999 -9999 -9999 -9999 -9999 -9999 -9999 -9999 -9999 -9999 -9999 -9999 -9999 -9999 -9999 -9999 -9999 -9999 -9999 -9999 -9999 -9999 -9999 -9999
-9999 0.601198 0.599045 0.586323 0.596384 0.609189 0.625156 0.641873 0.648174 0.654661 0.661154 0.662377 0.657371 0.63927 0.637518 0.637358 0.624126 0.595623 0.566751 0.558505 0.589188 0.596692 0.592856 0.597738 0.57816 0.583565 0.577463 0.561092 0.530093 0.498501 0.484803 0.460962 -9999 -9999 -9999 -9999 -9999 -9999 -9999 -9999 -9999 -9999 -9999 -9999 -9999 -9999 -9999 -9999 -9999 -9999 -9999 -9999 -9999 -9999 -9999 -9999 -9999 -9999 -9999 -9999 -9999 -9999 -9999 -9999 -9999 -9999 -9999 -9999 -9999 -9999
-9999 -9999 -9999 -9999 0.585679 0.600836 0.627174 0.638075 0.651302 0.659615 0.667717 0.669313 0.658051 0.653234 0.653941 0.645931 0.630703 0.620802 0.602336 0.582622 0.58816 0.613415 0.59891 0.615533 0.610969 0.611423 0.595328 0.567756 0.527144 0.502069 0.489298 0.469303 -9999 -9999 -9999 -9999 -9999 -9999 -9999 -9999 -9999 -9999 -9999 -9999 -9999 -9999 -9999 -9999 -9999 -9999 -9999 -9999 -9999 -9999 -9999 -9999 -9999 -9999 -9999 -9999 -9999 -9999 -9999 -9999 -9999 -9999 -9999 -9999 -9999 -9999
-9999 -9999 -9999 -9999 -9999 0.604141 0.627435 0.648716 0.654613 0.661097 0.673181 0.675656 0.672942 0.671153 0.667272 0.661234 0.650014 0.636973 0.61946 0.616582 0.632119 0.629919 0.623424 0.62309 0.628602 0.622637 0.5942 0.560716 0.538466 0.491024 0.471635 0.470084 0.456019 -9999 -9999 -9999 -9999 -9999 -9999 -9999 -9999 -9999 -9999 -9999 -9999 0.476208 -9999 -9999 -9999 -9999 -9999 -9999 -9999 -9999 -9999 -9999 -9999 -9999 -9999 -9999 -9999 -9999 -9999 -9999 -9999 -9999 0.356096 -9999 -9999 -9999
-9999 -9999 -9999 -9999 0.607277 0.631592 0.64313 0.65762 0.656006 0.665555 0.679499 0.682571 0.681761 0.680166 0.673133 0.672269 0.666267 0.65214 0.648442 0.652578 0.65294 0.65304 0.651488 0.646224 0.638551 0.629666 0.612656 0.59198 0.576762 0.534586 0.511487 0.491718 0.463977 0.442041 -9999 -9999 -9999 -9999 -9999 -9999 -9999 0.473504 0.470865 0.469446 0.472885 0.485768 0.474726 -9999 -9999 -9999 -9999 -9999 -9999 -9999 -9999 -9999 -9999 -9999 -9999 -9999 -9999 -9999 -9999 -9999 -9999 -9999 0.370696 0.348954 -9999 -9999
-9999 -9999 -9999 -9999 0.625561 0.64011 0.648887 0.663329 0.673181 0.675186 0.682465 0.689542 0.692179 0.690649 0.68629 0.688011 0.679628 0.674625 0.67013 0.676015 0.674878 0.668396 0.660535 0.652679 0.638252 0.632263 0.624072 0.608648 0.586968 0.565131 0.53019 0.492895 0.456777 0.427534 -9999 -9999 -9999 -9999 -9999 -9999 0.4809 0.491761 0.497444 0.479591 0.490988 0.501049 0.49659 0.475594 -9999 -9999 -9999 -9999 -9999 -9999 -9999 -9999 -9999 -9999 -9999 -9999 -9999 -9999 0.47159 0.450126 0.408023 0.385377 0.370781 0.350651 -9999 -9999
-9999 -9999 -9999 -9999 0.62722 0.644187 0.656944 0.669051 0.674166 0.687688 0.689808 0.695793 0.699398 0.701956 0.703546 0.697504 0.695122 0.682957 0.693603 0.691058 0.685018 0.669378 0.659684 0.634456 0.620157 0.612695 0.623487 0.605064 0.573368 0.535578 0.489952 0.479717 0.463438 0.436933 -9999 -9999 -9999 -9999 -9999 -9999 0.48754 0.499296 0.508609 0.508159 0.490058 0.50954 0.500165 0.48459 0.47852 0.485399 0.487413 0.472584 0.479157 0.480961 0.474067 0.478836 -9999 -9999 -9999 -9999 0.47808 0.477879 0.477276 0.467479 0.421593 0.389413 0.360026 0.354103 -9999 -9999
-9999 -9999 -9999 -9999 0.640971 0.652537 0.660246 0.664688 0.676736 0.689818 0.693784 0.710817 0.713868 0.716938 0.719403 0.718648 0.713328 0.714574 0.713088 0.707335 0.682073 0.652228 0.659021 0.62899 0.59525 0.610045 0.617933 0.597131 0.559259 0.516856 0.498083 0.490843 0.469295 0.447542 -9999 -9999 -9999 0.460645 0.478718 0.479402 0.483977 0.500534 0.512596 0.516073 0.520559 0.516966 0.501766 0.486123 0.46939 0.470478 0.4906 0.493104 0.484852 0.486675 0.480127 0.483629 0.488908 0.491337 0.491296 0.48916 0.488131 0.487836 0.48608 0.477043 0.433404 0.408677 0.391794 0.35722 -9999 -9999
-9999 -9999 -9999 -9999 0.651658 0.662465 0.672134 0.684038 0.689481 0.700638 0.71033 0.715332 0.720232 0.717162 0.725995 0.727572 0.727809 0.725723 0.721402 0.700396 0.671182 0.640938 0.623884 0.62869 0.602614 0.600666 0.608517 0.584507 0.562089 0.523312 0.513172 0.499382 0.462187 0.429842 -9999 -9999 0.425797 0.461399 0.486367 0.498904 0.502173 0.501515 0.517209 0.516846 0.533109 0.526062 0.49419 0.493301 0.473364 0.475529 0.482059 0.480966 0.483914 0.491145 0.491767 0.490531 0.493559 0.493643 0.493276 0.492661 0.489396 0.489963 0.489253 0.483203 0.453038 0.437147 0.419043 0.362265 -9999 -9999
-9999 -9999 -9999 -9999 0.667252 0.679778 0.693242 0.698739 0.709784 0.702927 0.707088 0.721711 0.725316 0.724669 0.724685 0.733709 0.73475 0.734142 0.731679 0.711654 0.687644 0.652053 0.627294 0.614174 0.59913 0.577449 0.577796 0.568088 0.557695 0.554319 0.528608 0.504141 0.481894 0.442965 0.422439 -9999 0.428353 0.444026 0.474095 0.499637 0.51557 0.508776 0.526966 0.528952 0.537946 0.528741 0.506428 0.497027 0.492534 0.486519 0.495438 0.494119 0.490955 0.492732 0.493967 0.493976 0.494354 0.494258 0.494112 0.494062 0.493614 0.492984 0.491624 0.488678 0.473992 0.457856 0.425222 0.365257 -9999 -9999
-9999 -9999 -9999 0.642522 0.668569 0.68743 0.697357 0.705704 0.713518 0.72024 0.728406 0.727243 0.733633 0.73368 0.724632 0.728503 0.732459 0.740075 0.738486 0.734435 0.719496 0.676899 0.662067 0.637675 0.606315 0.583599 0.580843 0.593082 0.584307 0.563294 0.541132 0.512958 0.485617 0.461369 0.417893 0.419549 0.435972 0.448388 0.468854 0.500446 0.522429 0.531789 0.534557 0.540918 0.542917 0.531532 0.515733 0.508217 0.497333 0.491982 0.487535 0.490956 0.487672 0.493031 0.495588 0.494725 0.494905 0.494933 0.495044 0.495266 0.495198 0.494568 0.493935 0.492795 0.490227 0.469614 0.418805 0.378863 -9999 -9999
-9999 -9999 -9999 -9999 0.666252 0.677293 0.683553 0.691006 0.701438 0.712638 0.727985 0.732814 0.741457 0.740346 0.730696 0.720894 0.733795 0.738613 0.742143 0.739779 0.734471 0.70105 0.679107 0.659798 0.629154 0.625005 0.624723 0.616852 0.603536 0.566633 0.530221 0.489182 0.451826 0.444729 0.418826 0.424619 0.435127 0.464454 0.485303 0.493802 0.499831 0.531862 0.539535 0.541133 0.547508 0.533656 0.523627 0.51103 0.509099 0.50365 0.49887 0.470512 0.484656 0.48251 0.494835 0.496227 0.495843 0.495804 0.496074 0.496105 0.496145 0.495864 0.495507 0.494306 0.491234 0.476858 0.415148 0.380513 -9999 -9999
-9999 -9999 -9999 -9999 -9999 -9999 0.680309 0.6899 0.697529 0.707235 0.729369 0.737318 0.743381 0.746288 0.743533 0.730471 0.728961 0.731726 0.718364 0.726269 0.738442 0.733747 0.726622 0.692422 0.666567 0.671975 0.659067 0.629261 0.603921 0.578971 0.537179 0.504126 0.461802 0.429276 0.423393 0.448981 0.468884 0.498668 0.511992 0.50458 0.51294 0.528928 0.54664 0.554334 0.550445 0.536022 0.527261 0.509929 0.518164 0.514325 0.503231 0.492935 0.485466 0.489283 0.488911 0.498287 0.499219 0.496973 0.496974 0.497102 0.497136 0.496992 0.495803 0.494527 0.492624 0.489732 0.426307 0.374092 -9999 -9999
-9999 -9999 -9999 -9999 -9999 -9999 0.671557 0.679296 0.69163 0.716012 0.731847 0.739345 0.742029 0.746433 0.744943 0.735314 0.724475 0.714164 0.699669 0.705749 0.723716 0.731887 0.727977 0.697265 0.698411 0.685175 0.666926 0.630456 0.601135 0.581416 0.540591 0.504171 0.473265 0.434473 0.443151 0.45456 0.471666 0.503002 0.52534 0.534806 0.527456 0.537813 0.558464 0.557601 0.544418 0.542738 0.528711 0.506512 0.5204 0.520548 0.511018 0.506774 0.495591 0.494426 0.496131 0.498262 0.499466 0.49858 0.497649 0.497695 0.497865 0.497617 0.496825 0.495751 0.493877 0.491219 0.449197 0.37423 -9999 -9999
-9999 -9999 -9999 -9999 -9999 -9999 -9999 0.668667 0.690968 0.721766 0.733436 0.735724 0.743764 0.746355 0.742738 0.739413 0.72639 0.707755 0.670668 0.678202 0.694673 0.718567 0.728132 0.720041 0.700467 0.6779 0.634747 0.595592 0.582704 0.568611 0.53626 0.505948 0.472154 0.480612 0.491753 0.505822 0.512711 0.508968 0.527946 0.543867 0.537683 0.550497 0.564977 0.557458 0.551951 0.546303 0.531243 0.526476 0.522537 0.527961 0.515239 0.514277 0.504707 0.500315 0.499234 0.4992 0.500065 0.499175 0.498542 0.498592 0.498382 0.498402 0.497713 0.496489 0.494661 0.492068 0.485552 0.44276 0.416061 -9999
-9999 -9999 -9999 -9999 -9999 -9999 -9999 0.655126 0.668185 0.70363 0.718166 0.734714 0.744269 0.746348 0.738732 0.734791 0.715137 0.708643 0.674948 0.656888 0.667165 0.658468 0.692116 0.720344 0.701735 0.624958 0.591467 0.564762 0.560177 0.551082 0.535626 0.490398 0.47263 0.498106 0.512854 0.524399 0.533576 0.534685 0.534109 0.559218 0.562024 0.57017 0.568289 0.568273 0.554541 0.544714 0.544418 0.532564 0.526528 0.532334 0.516174 0.520439 0.509532 0.502402 0.49858 0.501992 0.50104 0.500265 0.499505 0.49925 0.499294 0.498513 0.498214 0.497087 0.495095 0.492827 0.489541 0.479879 0.456241 0.44488
-9999 -9999 -9999 -9999 -9999 -9999 -9999 -9999 0.641475 0.688942 0.713545 0.72621 0.742805 0.745934 0.744004 0.73547 0.714573 0.696177 0.666043 0.631325 0.607136 0.658244 0.701289 0.720685 0.706461 0.641618 0.610825 0.601149 0.605572 0.585444 0.568172 0.531738 0.515745 0.497527 0.498884 0.516617 0.531548 0.547295 0.559544 0.561208 0.570629 0.572748 0.572978 0.573748 0.57093 0.567627 0.548843 0.552967 0.541426 0.540104 0.532451 0.524924 0.513262 0.502285 0.503387 0.504579 0.503355 0.501744 0.500818 0.500647 0.50073 0.500744 0.498314 0.497256 0.495607 0.49316 0.4903 0.484954 0.4787 0.462562
-9999 -9999 -9999 -9999 -9999 -9999 -9999 -9999 0.622631 0.669469 0.69479 0.723677 0.742975 0.748713 0.747881 0.740768 0.724749 0.700665 0.68052 0.641809 0.601194 0.652121 0.695707 0.718314 0.713986 0.653849 0.659437 0.640512 0.636415 0.608167 0.59153 0.576331 0.55454 0.532318 0.51005 0.496428 0.533627 0.552559 0.568636 0.576862 0.582299 0.585774 0.58016 0.575235 0.556032 0.567631 0.559916 0.554674 0.54871 0.543141 0.536641 0.529774 0.518924 0.514454 0.506302 0.508489 0.505016 0.503627 0.502842 0.502435 0.502272 0.502294 0.50219 0.49877 0.495934 0.493592 0.490717 0.485596 0.48155 0.476659
-9999 -9999 -9999 -9999 -9999 -9999 -9999 -9999 0.564502 0.630921 0.692485 0.71967 0.741464 0.74721 0.749127 0.739385 0.732109 0.714694 0.698163 0.672576 0.634061 0.609494 0.64339 0.701903 0.714402 0.700761 0.692169 0.672115 0.652982 0.643505 0.636332 0.615002 0.589612 0.55787 0.543889 0.530759 0.557571 0.559692 0.556661 0.589681 0.590405 0.589445 0.577671 0.556162 0.557795 0.545173 0.544779 0.530671 0.536071 0.53978 0.538034 0.53282 0.521822 0.518202 0.513966 0.510127 0.507896 0.506182 0.505102 0.50457 0.504317 0.503954 0.5037 0.503543 0.497794 0.495712 0.491206 0.486203 0.48244 0.477951
-9999 -9999 -9999 -9999 -9999 -9999 -9999 -9999 0.578839 0.637072 0.683301 0.710617 0.736649 0.74227 0.750612 0.748201 0.740398 0.725071 0.706 0.684781 0.651594 0.626225 0.652913 0.682783 0.708095 0.706913 0.694483 0.686747 0.676585 0.670347 0.659116 0.648676 0.627617 0.596594 0.577889 0.554091 0.584247 0.585843 0.579469 0.59582 0.595215 0.570487 0.551545 0.549254 0.550777 0.5378 0.528424 0.515849 0.519824 0.536736 0.527515 0.523787 0.523081 0.520631 0.515697 0.513147 0.510821 0.509092 0.507785 0.507117 0.506761 0.506146 0.505691 0.505101 0.503849 0.496273 0.49363 0.488469 0.483016 0.479003
-9999 -9999 -9999 -9999 -9999 -9999 -9999 -9999 0.590837 0.625688 0.667073 0.706932 0.734554 0.745224 0.752759 0.751994 0.742804 0.734844 0.722601 0.703738 0.690341 0.667278 0.635503 0.682855 0.68452 0.686455 0.690312 0.697763 0.69004 0.675768 0.655231 0.6548 0.644152 0.619525 0.608172 0.59354 0.608798 0.606493 0.604522 0.602802 0.58128 0.551698 0.528043 0.544832 0.540546 0.535487 0.50361 0.522666 0.534749 0.535543 0.518072 0.505354 0.520064 0.517269 0.516509 0.515305 0.51405 0.512012 0.510952 0.509886 0.509171 0.508578 0.50782 0.506956 0.505676 0.503952 0.494455 0.489347 0.485792 0.480984
-9999 -9999 -9999 -9999 -9999 -9999 -9999 -9999 -9999 0.616688 0.667762 0.713612 0.738524 0.753664 0.76044 0.759239 0.753943 0.748147 0.74023 0.726409 0.70903 0.681679 0.660513 0.670366 0.670751 0.660051 0.664411 0.687142 0.69028 0.669139 0.627704 0.638079 0.654176 0.647628 0.640249 0.633507 0.624205 0.619165 0.61191 0.596052 0.550213 0.543749 0.525755 0.527284 0.517286 0.522594 0.506848 0.523983 0.529081 0.528286 0.505019 0.497829 0.51188 0.517038 0.512298 0.514803 0.51703 0.515316 0.513984 0.512712 0.511922 0.511175 0.510278 0.509275 0.507815 0.506006 0.495044 0.489928 0.485026 0.480442
-9999 -9999 -9999 -9999 -9999 -9999 -9999 -9999 -9999 0.612401 0.664069 0.718096 0.734654 0.751025 0.764959 0.764103 0.756342 0.749027 0.741582 0.733186 0.712035 0.691156 0.670662 0.661883 0.662348 0.637171 0.648119 0.680114 0.6812 0.67156 0.625947 0.607046 0.631289 0.651158 0.648021 0.641274 0.607447 0.611043 0.592648 0.569059 0.56193 0.551455 0.530248 0.539145 0.522891 0.52754 0.502871 0.5113 0.513389 0.523276 0.502722 0.491773 0.505082 0.512611 0.509718 0.518411 0.52007 0.519085 0.517655 0.51645 0.515314 0.514412 0.513204 0.511793 0.51008 0.50771 0.504189 0.488252 0.460847 0.457603
-9999 -9999 -9999 -9999 -9999 -9999 -9999 -9999 -9999 0.626185 0.66182 0.709615 0.744558 0.745622 0.76187 0.769674 0.761195 0.751856 0.742341 0.737499 0.714303 0.688639 0.667139 0.641521 0.641998 0.654492 0.654467 0.673475 0.672063 0.660998 0.632447 0.635469 0.650427 0.656047 0.654409 0.647563 0.637368 0.630607 0.616254 0.609204 0.59106 0.56373 0.552223 0.557341 0.528023 0.527905 0.535616 0.499685 0.51418 0.519065 0.493966 0.494603 0.510375 0.516911 0.522448 0.523741 0.522901 0.523247 0.521466 0.520076 0.518762 0.517379 0.516011 0.514121 0.512091 0.507794 0.502069 0.47905 0.45501 0.453575
-9999 -9999 -9999 -9999 -9999 -9999 -9999 -9999 -9999 0.640915 0.672853 0.714151 0.738761 0.742159 0.760297 0.776264 0.773054 0.763203 0.75927 0.748955 0.728785 0.70637 0.681644 0.667922 0.639519 0.660163 0.651735 0.667291 0.671538 0.646879 0.632942 0.641376 0.649997 0.650514 0.66011 0.655832 0.647587 0.62449 0.612148 0.614112 0.608042 0.598981 0.57936 0.576763 0.563219 0.55611 0.548897 0.507936 0.513947 0.51134 0.504145 0.5138 0.520481 0.523938 0.526998 0.525848 0.525999 0.527193 0.525519 0.523861 0.522199 0.520672 0.518805 0.516112 0.513391 0.506582 0.495905 0.477788 0.436522 0.451151
-9999 -9999 -9999 -9999 -9999 -9999 -9999 -9999 -9999 0.644693 0.678574 0.713735 0.727761 0.729151 0.76301 0.783187 0.781841 0.776328 0.770028 0.746376 0.745713 0.739064 0.716237 0.683752 0.647901 0.64688 0.651071 0.659707 0.663559 0.628473 0.613522 0.614931 0.631083 0.645337 0.660835 0.661884 0.65246 0.618134 0.582238 0.595171 0.60938 0.607189 0.600277 0.581455 0.573799 0.566391 0.55134 0.519345 0.503046 0.505303 0.511046 0.514983 0.52297 0.529197 0.522769 0.522122 0.528556 0.531401 0.529511 0.527667 0.525995 0.524068 0.521916 0.518036 0.513882 0.508135 0.484045 0.467861 0.442046 0.451127
-9999 -9999 -9999 -9999 -9999 -9999 -9999 -9999 -9999 0.64394 0.668305 0.701888 0.714781 0.735798 0.76776 0.782744 0.789106 0.787329 0.782384 0.770556 0.762368 0.748119 0.724138 0.692037 0.656315 0.631324 0.6373 0.644211 0.641942 0.614688 0.59688 0.607075 0.624864 0.653912 0.66888 0.667575 0.6623 0.652676 0.625581 0.59368 0.591266 0.603484 0.588754 0.571938 0.577065 0.572691 0.557558 0.545465 0.511745 0.504608 0.507174 0.509292 0.51907 0.535167 0.53504 0.531818 0.537384 0.53547 0.533487 0.531727 0.529711 0.527633 0.525335 0.521597 0.515756 0.498914 0.483702 0.463393 0.458139 0.460841
-9999 -9999 -9999 -9999 -9999 -9999 -9999 -9999 -9999 0.635958 0.664719 0.696175 0.725472 0.75302 0.776446 0.777026 0.788477 0.786721 0.791511 0.787264 0.775524 0.762725 0.741254 0.700608 0.665456 0.627154 0.631299 0.652233 0.634719 0.612906 0.577434 0.603475 0.633008 0.659652 0.672366 0.655367 0.665412 0.661081 0.649012 0.628759 0.598935 0.5967 0.573625 0.569841 0.577205 0.577358 0.572212 0.562088 0.538967 0.513358 0.510973 0.509678 0.518411 0.530237 0.541909 0.541686 0.541962 0.539734 0.537545 0.535606 0.533493 0.53102 0.528031 0.524018 0.509475 0.492476 0.480774 0.465573 0.460858 0.477274
