Test_Spring_2018/03_18/Prec/20180322_012.txt
ncols	170
nrows	115
xllcorner	350000.000000
yllcorner	4445000.000000
cellsize	1000.000000
nodata_value	-9999.000000
[rows 31 to 61 of 115, columns 70 to 139 of 170]
0.111825 0.107554 0.108241 0.117035 0.120615 0.147924 0.158319 0.165296 0.204378 0.212552 0.225108 0.233594 0.244502 0.258761 0.268395 0.289099 0.341986 0.336428 0.339647 0.362372 0.365574 0.365533 0.389719 0.436268 0.466535 0.506488 0.516826 0.562063 0.599242 -9999 -9999 -9999 -9999 -9999 -9999 -9999 -9999 -9999 -9999 -9999 -9999 -9999 -9999 -9999 -9999 -9999 -9999 -9999 -9999 -9999 -9999 -9999 -9999 -9999 -9999 -9999 -9999 -9999 -9999 -9999 -9999 -9999 -9999 -9999 -9999 -9999 -9999 -9999 -9999 -9999
0.108213 0.107925 0.111598 0.120157 0.116611 0.113927 0.166406 0.198744 0.20326 0.210178 0.220817 0.236539 0.246357 0.256262 0.264901 0.283359 0.323383 0.360758 0.353388 0.362497 0.384109 0.376316 0.399989 0.441793 0.496127 0.492561 0.516303 0.579585 0.602973 -9999 -9999 -9999 -9999 -9999 -9999 -9999 -9999 -9999 -9999 -9999 -9999 -9999 -9999 -9999 -9999 -9999 -9999 -9999 -9999 -9999 -9999 -9999 -9999 -9999 -9999 -9999 -9999 -9999 -9999 -9999 -9999 -9999 -9999 -9999 -9999 -9999 -9999 -9999 -9999 -9999
0.114777 0.109574 0.115531 0.121321 0.114087 0.118504 0.160475 0.193579 0.20211 0.207522 0.215716 0.226246 0.236158 0.246291 0.262181 0.282426 0.317825 0.359412 0.375669 0.368684 0.378493 0.387622 0.410142 0.436358 0.470516 0.471884 0.483505 0.516684 0.576727 0.626468 -9999 -9999 -9999 -9999 -9999 -9999 -9999 -9999 -9999 -9999 -9999 -9999 -9999 -9999 -9999 -9999 -9999 -9999 -9999 -9999 -9999 -9999 -9999 -9999 -9999 -9999 -9999 -9999 -9999 -9999 -9999 -9999 -9999 -9999 -9999 -9999 -9999 -9999 -9999 -9999
0.124126 0.113067 0.120428 0.135058 0.132324 0.131462 0.185946 0.206617 0.212094 0.205479 0.212762 0.219817 0.231874 0.242799 0.256853 0.276535 0.302124 0.332069 0.379183 0.364957 0.356942 0.369154 0.383117 0.405613 0.438811 0.440149 0.456588 0.495469 0.575583 0.60599 0.626747 -9999 -9999 -9999 -9999 -9999 -9999 -9999 -9999 -9999 -9999 -9999 -9999 -9999 -9999 -9999 -9999 -9999 -9999 -9999 -9999 -9999 -9999 -9999 -9999 -9999 -9999 -9999 -9999 -9999 -9999 -9999 -9999 -9999 -9999 -9999 -9999 -9999 -9999 -9999
-9999 0.11877 0.126132 0.14331 0.140668 0.135927 0.154396 0.194482 0.204694 0.207361 0.209733 0.216474 0.228455 0.251828 0.260559 0.267867 0.286915 0.319813 0.3535 0.369502 0.351711 0.355359 0.37001 0.377883 0.408386 0.417546 0.437592 0.464414 0.518817 0.578377 0.602018 0.633845 -9999 -9999 -9999 -9999 -9999 -9999 -9999 -9999 -9999 -9999 -9999 -9999 -9999 -9999 -9999 -9999 -9999 -9999 -9999 -9999 -9999 -9999 -9999 -9999 -9999 -9999 -9999 -9999 -9999 -9999 -9999 -9999 -9999 -9999 -9999 -9999 -9999 -9999
-9999 -9999 -9999 -9999 0.152866 0.170825 0.17201 0.199322 0.203655 0.204837 0.205865 0.212299 0.229794 0.241277 0.247665 0.26173 0.282301 0.298419 0.322595 0.348509 0.352796 0.340487 0.364446 0.361782 0.378884 0.392395 0.421294 0.478109 0.520543 0.574418 0.597264 0.625682 -9999 -9999 -9999 -9999 -9999 -9999 -9999 -9999 -9999 -9999 -9999 -9999 -9999 -9999 -9999 -9999 -9999 -9999 -9999 -9999 -9999 -9999 -9999 -9999 -9999 -9999 -9999 -9999 -9999 -9999 -9999 -9999 -9999 -9999 -9999 -9999 -9999 -9999
-9999 -9999 -9999 -9999 -9999 0.170417 0.173967 0.163524 0.202114 0.205123 0.202731 0.208401 0.218227 0.226845 0.237043 0.249029 0.265673 0.284195 0.307158 0.317809 0.31297 0.324863 0.341642 0.354054 0.362334 0.381743 0.420055 0.483251 0.517399 0.584211 0.613303 0.625686 0.648105 -9999 -9999 -9999 -9999 -9999 -9999 -9999 -9999 -9999 -9999 -9999 -9999 0.635539 -9999 -9999 -9999 -9999 -9999 -9999 -9999 -9999 -9999 -9999 -9999 -9999 -9999 -9999 -9999 -9999 -9999 -9999 -9999 -9999 0.581738 -9999 -9999 -9999
-9999 -9999 -9999 -9999 0.138352 0.163208 0.16191 0.158074 0.194851 0.202551 0.19865 0.203799 0.211807 0.219997 0.232628 0.239576 0.251097 0.270085 0.28033 0.284377 0.292737 0.302455 0.314862 0.331813 0.3521 0.374533 0.421232 0.454632 0.483245 0.527753 0.579387 0.608586 0.643721 0.6724 -9999 -9999 -9999 -9999 -9999 -9999 -9999 0.663506 0.661597 0.657367 0.64771 0.6287 0.630119 -9999 -9999 -9999 -9999 -9999 -9999 -9999 -9999 -9999 -9999 -9999 -9999 -9999 -9999 -9999 -9999 -9999 -9999 -9999 0.57075 0.584239 -9999 -9999
-9999 -9999 -9999 -9999 0.160018 0.156503 0.158373 0.155281 0.15613 0.195238 0.197422 0.199013 0.203787 0.211587 0.221379 0.22547 0.23849 0.248773 0.259175 0.261229 0.27063 0.286081 0.304176 0.323713 0.35047 0.370982 0.409485 0.439196 0.474553 0.509785 0.565266 0.610956 0.654372 0.690274 -9999 -9999 -9999 -9999 -9999 -9999 0.665798 0.652775 0.642902 0.652599 0.635165 0.617912 0.612724 0.621317 -9999 -9999 -9999 -9999 -9999 -9999 -9999 -9999 -9999 -9999 -9999 -9999 -9999 -9999 0.502347 0.517131 0.549887 0.564952 0.572417 0.584354 -9999 -9999
-9999 -9999 -9999 -9999 0.15819 0.153354 0.152527 0.152316 0.158116 0.161943 0.192252 0.194794 0.19849 0.202256 0.206204 0.216512 0.223479 0.239402 0.235727 0.24476 0.258198 0.281684 0.301553 0.336901 0.364171 0.401205 0.408344 0.441946 0.487472 0.538152 0.613206 0.627246 0.654139 0.688559 -9999 -9999 -9999 -9999 -9999 -9999 0.667783 0.653357 0.639515 0.632913 0.640729 0.614137 0.612714 0.614563 0.607652 0.589218 0.575362 0.584745 0.555087 0.543152 0.540181 0.528125 -9999 -9999 -9999 -9999 0.504425 0.501141 0.498102 0.502912 0.539288 0.562943 0.583528 0.563156 -9999 -9999
-9999 -9999 -9999 -9999 0.145212 0.146091 0.150674 0.158159 0.158625 0.163372 0.19007 0.184754 0.188335 0.190894 0.193201 0.197876 0.206492 0.209588 0.215843 0.22702 0.256973 0.292691 0.297724 0.338239 0.397118 0.400554 0.41159 0.448739 0.501252 0.557548 0.609535 0.622953 0.655797 0.687302 -9999 -9999 -9999 0.702586 0.687957 0.686638 0.679846 0.660554 0.643571 0.632722 0.619386 0.624525 0.614117 0.614907 0.616361 0.602025 0.571142 0.55654 0.547883 0.535511 0.532013 0.515621 0.505015 0.498069 0.494213 0.492836 0.490796 0.488131 0.486529 0.490949 0.530086 0.547285 0.556772 0.562631 -9999 -9999
-9999 -9999 -9999 -9999 0.143187 0.145417 0.148739 0.147706 0.154351 0.155222 0.161602 0.181967 0.183594 0.191077 0.187031 0.188818 0.191634 0.19685 0.204896 0.229061 0.262209 0.298237 0.324674 0.34447 0.38403 0.403069 0.414739 0.459851 0.504004 0.557917 0.5857 0.630356 0.670157 0.711655 -9999 -9999 0.740974 0.713223 0.69244 0.680276 0.674051 0.669218 0.648013 0.639456 0.614805 0.620653 0.625319 0.612363 0.613642 0.597175 0.568205 0.556631 0.547662 0.522175 0.512866 0.506796 0.498427 0.493965 0.490925 0.488798 0.489361 0.486511 0.484479 0.486624 0.509448 0.518794 0.51408 0.556985 -9999 -9999
-9999 -9999 -9999 -9999 0.133502 0.135088 0.135704 0.142977 0.14466 0.156362 0.167832 0.16336 0.179978 0.184754 0.187801 0.182127 0.183333 0.186374 0.192024 0.214759 0.24297 0.283703 0.317229 0.352036 0.382767 0.426247 0.445595 0.474599 0.504541 0.528174 0.57705 0.631866 0.667604 0.709112 0.739225 -9999 0.750321 0.740535 0.715189 0.691138 0.673048 0.672796 0.648324 0.636496 0.626785 0.622476 0.61791 0.601058 0.58996 0.580563 0.558552 0.54268 0.537987 0.524884 0.507987 0.500863 0.495096 0.491211 0.48852 0.486512 0.485211 0.484023 0.483078 0.482856 0.492181 0.489187 0.511576 0.556841 -9999 -9999
-9999 -9999 -9999 0.126399 0.131344 0.128301 0.13296 0.138493 0.1437 0.148832 0.155967 0.161686 0.162946 0.177091 0.187465 0.185537 0.183288 0.1782 0.182355 0.190376 0.210229 0.257137 0.28882 0.331818 0.378199 0.418112 0.441574 0.452565 0.482615 0.523503 0.564932 0.623205 0.671228 0.707655 0.753259 0.762095 0.754949 0.748322 0.731463 0.701704 0.677632 0.662197 0.650382 0.641591 0.627692 0.613957 0.602942 0.593162 0.586502 0.575397 0.564254 0.547173 0.541474 0.520866 0.50866 0.497372 0.492036 0.488458 0.486074 0.484429 0.483408 0.482798 0.481699 0.480243 0.469335 0.481748 0.519095 0.546388 -9999 -9999
-9999 -9999 -9999 -9999 0.132762 0.137532 0.146227 0.153223 0.156647 0.158202 0.158954 0.162476 0.16085 0.164664 0.181792 0.191264 0.180311 0.176976 0.175957 0.182005 0.193037 0.240159 0.273743 0.30782 0.354461 0.379088 0.401552 0.431682 0.46713 0.523545 0.57908 0.649537 0.701624 0.724648 0.765737 0.767339 0.765939 0.744543 0.727309 0.717743 0.707284 0.670974 0.659825 0.639564 0.619421 0.615947 0.598935 0.592453 0.576733 0.56471 0.55298 0.56335 0.541214 0.530459 0.508915 0.496761 0.488941 0.485811 0.483775 0.482842 0.482276 0.481865 0.480952 0.473225 0.470231 0.476941 0.524671 0.54688 -9999 -9999
-9999 -9999 -9999 -9999 -9999 -9999 0.150318 0.1559 0.162183 0.165314 0.159976 0.160653 0.16111 0.162565 0.167469 0.182076 0.183323 0.181251 0.194742 0.192909 0.191644 0.20704 0.227818 0.275634 0.318896 0.335752 0.370336 0.420925 0.468102 0.51502 0.576481 0.640466 0.697952 0.744441 0.764549 0.753611 0.744129 0.722509 0.711924 0.716245 0.703293 0.680465 0.653343 0.632845 0.620841 0.616879 0.598013 0.594756 0.569124 0.554882 0.548071 0.541837 0.538153 0.521767 0.511295 0.494488 0.487487 0.4834 0.482003 0.481417 0.481287 0.481148 0.476959 0.474455 0.471207 0.46761 0.516663 0.554192 -9999 -9999
-9999 -9999 -9999 -9999 -9999 -9999 0.159569 0.167039 0.169302 0.15948 0.159615 0.160554 0.163794 0.163647 0.167113 0.176578 0.186732 0.195937 0.211057 0.210412 0.202402 0.206462 0.224582 0.269599 0.289328 0.323204 0.363059 0.420145 0.471486 0.514436 0.575749 0.643113 0.691099 0.743737 0.751433 0.75348 0.74693 0.72401 0.705407 0.693913 0.695226 0.676907 0.646627 0.633096 0.628671 0.612723 0.598038 0.598462 0.567246 0.548976 0.540366 0.528433 0.527623 0.515496 0.50311 0.492749 0.485608 0.48256 0.480974 0.480743 0.480757 0.4791 0.477554 0.47493 0.47165 0.46778 0.497721 0.555275 -9999 -9999
-9999 -9999 -9999 -9999 -9999 -9999 -9999 0.178264 0.171603 0.155963 0.159635 0.165004 0.16329 0.164555 0.169731 0.173454 0.185129 0.201907 0.236762 0.234798 0.228104 0.218215 0.224395 0.249368 0.287541 0.329762 0.3918 0.451369 0.488252 0.526362 0.580338 0.642385 0.693139 0.704048 0.709754 0.709605 0.712241 0.720547 0.7049 0.688311 0.687758 0.667055 0.641997 0.63409 0.622562 0.609853 0.595894 0.580625 0.565053 0.541969 0.53611 0.521224 0.518915 0.50969 0.499843 0.491493 0.484756 0.481822 0.480586 0.480214 0.480206 0.479152 0.477555 0.475084 0.471769 0.467833 0.466241 0.495204 0.510122 -9999
-9999 -9999 -9999 -9999 -9999 -9999 -9999 0.192186 0.193413 0.17334 0.174281 0.166759 0.163525 0.165139 0.173838 0.179072 0.196682 0.202567 0.234085 0.255923 0.254738 0.273696 0.258339 0.250837 0.287824 0.377795 0.430869 0.478988 0.5081 0.541383 0.579991 0.655074 0.691349 0.686952 0.689308 0.691305 0.691867 0.69584 0.697581 0.672873 0.664335 0.647823 0.637355 0.622882 0.618772 0.609919 0.582994 0.574237 0.560763 0.537591 0.53504 0.515774 0.514945 0.508391 0.501181 0.489931 0.484907 0.481907 0.480085 0.480195 0.480228 0.479145 0.477155 0.474582 0.471431 0.467257 0.462879 0.462542 0.474865 0.475949
-9999 -9999 -9999 -9999 -9999 -9999 -9999 -9999 0.218678 0.187462 0.179273 0.174932 0.165307 0.165978 0.174279 0.181434 0.199682 0.216516 0.245227 0.280027 0.312329 0.278054 0.254022 0.253864 0.286269 0.364898 0.414759 0.4469 0.467126 0.5093 0.548629 0.615415 0.649423 0.683213 0.696979 0.696494 0.688241 0.679129 0.66951 0.665709 0.651646 0.640696 0.628734 0.614018 0.600734 0.586644 0.576584 0.554286 0.546324 0.530082 0.520555 0.512287 0.51275 0.510033 0.498781 0.489714 0.485023 0.480124 0.47991 0.479699 0.479443 0.478967 0.476392 0.473712 0.470288 0.466384 0.461807 0.457877 0.455049 0.460674
-9999 -9999 -9999 -9999 -9999 -9999 -9999 -9999 0.237051 0.205796 0.196782 0.177762 0.170423 0.172036 0.17333 0.179747 0.194227 0.216655 0.236973 0.275664 0.318326 0.280931 0.264275 0.260562 0.283118 0.356582 0.372985 0.412091 0.438587 0.486651 0.524099 0.571305 0.609406 0.645834 0.685392 0.702849 0.677842 0.665737 0.652732 0.643288 0.633096 0.621742 0.620444 0.606621 0.60872 0.582302 0.563144 0.550145 0.53818 0.526601 0.516881 0.50878 0.50941 0.501483 0.498862 0.483096 0.481169 0.47997 0.479308 0.478935 0.478513 0.477673 0.476335 0.474034 0.468663 0.464832 0.460534 0.45676 0.452386 0.448478
-9999 -9999 -9999 -9999 -9999 -9999 -9999 -9999 0.290509 0.241195 0.20691 0.188289 0.179166 0.176007 0.175401 0.184788 0.19218 0.209322 0.226963 0.254373 0.295327 0.326187 0.30611 0.268231 0.287104 0.317897 0.345471 0.384071 0.422338 0.452134 0.479569 0.531307 0.579862 0.622525 0.639953 0.661945 0.645655 0.648212 0.652159 0.620948 0.615401 0.608638 0.609137 0.622178 0.607614 0.59679 0.57206 0.56816 0.547283 0.528566 0.515633 0.506964 0.508798 0.490885 0.486683 0.482602 0.480521 0.479317 0.478523 0.477808 0.477004 0.476076 0.47452 0.472113 0.469273 0.466055 0.45879 0.455361 0.451251 0.447547
-9999 -9999 -9999 -9999 -9999 -9999 -9999 -9999 0.287607 0.250937 0.216684 0.20591 0.186217 0.183592 0.177865 0.181425 0.189988 0.205931 0.226356 0.250231 0.286564 0.317977 0.305289 0.290679 0.283743 0.301899 0.344992 0.371007 0.399585 0.433729 0.463022 0.504571 0.538598 0.570426 0.598784 0.62937 0.609503 0.612202 0.619088 0.602936 0.599103 0.614202 0.622017 0.613279 0.606441 0.604655 0.588464 0.577512 0.559193 0.529963 0.512411 0.503814 0.498185 0.490835 0.485294 0.481882 0.479722 0.478217 0.477199 0.476121 0.474915 0.473761 0.472018 0.46975 0.467302 0.463712 0.460352 0.457632 0.450225 0.446731
-9999 -9999 -9999 -9999 -9999 -9999 -9999 -9999 0.280667 0.263542 0.233178 0.212273 0.19138 0.184688 0.180241 0.182993 0.193458 0.203477 0.218322 0.240392 0.259208 0.288352 0.327046 0.297318 0.309204 0.323171 0.343568 0.355411 0.381202 0.41287 0.47677 0.492588 0.50548 0.539691 0.560339 0.581844 0.574526 0.580321 0.583251 0.583401 0.598688 0.618901 0.63191 0.607401 0.600306 0.599983 0.604744 0.562238 0.53713 0.522666 0.520238 0.520491 0.502167 0.492569 0.486155 0.48157 0.478298 0.476758 0.475104 0.473906 0.472542 0.470939 0.469127 0.466886 0.464391 0.46162 0.457829 0.455554 0.452531 0.451024
-9999 -9999 -9999 -9999 -9999 -9999 -9999 -9999 -9999 0.276298 0.248241 0.212277 0.193971 0.183643 0.180335 0.184037 0.191661 0.200377 0.211952 0.230026 0.252726 0.285877 0.315195 0.318613 0.331625 0.355882 0.368015 0.364549 0.378847 0.414707 0.485026 0.479388 0.478379 0.496071 0.512807 0.527008 0.547674 0.555511 0.563061 0.576003 0.613404 0.606823 0.61511 0.604481 0.602832 0.594072 0.584689 0.556292 0.538758 0.526956 0.535875 0.537595 0.510367 0.497077 0.493959 0.485726 0.476547 0.474432 0.472637 0.471193 0.469469 0.467627 0.465653 0.465211 0.462833 0.460203 0.456709 0.454705 0.453262 0.45132
-9999 -9999 -9999 -9999 -9999 -9999 -9999 -9999 -9999 0.296184 0.255856 0.212583 0.201851 0.190765 0.181559 0.185473 0.195801 0.20631 0.217776 0.23116 0.257106 0.284165 0.312276 0.331366 0.343543 0.378965 0.383762 0.370447 0.384843 0.408726 0.469976 0.499391 0.48953 0.482305 0.494003 0.50718 0.542474 0.542497 0.559907 0.579798 0.583037 0.587354 0.599519 0.583545 0.588752 0.574558 0.581987 0.562645 0.54903 0.528879 0.536377 0.54249 0.516168 0.501211 0.496694 0.483023 0.476605 0.473373 0.471174 0.469191 0.467347 0.465296 0.463352 0.461297 0.459135 0.457139 0.455736 0.455401 0.473686 0.471262
-9999 -9999 -9999 -9999 -9999 -9999 -9999 -9999 -9999 0.289018 0.262609 0.224767 0.197802 0.200535 0.189615 0.186234 0.197583 0.210206 0.223711 0.233977 0.261579 0.292509 0.320916 0.354134 0.365279 0.366726 0.37925 0.375998 0.391065 0.414627 0.458856 0.467255 0.464164 0.468246 0.477447 0.489762 0.503388 0.512191 0.525899 0.531294 0.544766 0.564744 0.5692 0.557627 0.575571 0.566799 0.550525 0.568043 0.544495 0.529755 0.542127 0.533418 0.510496 0.496781 0.484975 0.477908 0.473608 0.468991 0.466828 0.464705 0.462725 0.460856 0.458892 0.457206 0.455391 0.455297 0.45617 0.472103 0.477669 0.474333
-9999 -9999 -9999 -9999 -9999 -9999 -9999 -9999 -9999 0.281335 0.257877 0.225647 0.207856 0.208647 0.196266 0.185897 0.192819 0.206091 0.214736 0.229816 0.254528 0.282192 0.312898 0.334814 0.370678 0.363829 0.382651 0.381192 0.3899 0.430946 0.453665 0.455905 0.457157 0.464595 0.462799 0.471994 0.483264 0.506182 0.517979 0.515502 0.518624 0.522962 0.535363 0.531505 0.536398 0.534815 0.532772 0.555911 0.540769 0.533459 0.525252 0.51423 0.499789 0.489076 0.479599 0.474709 0.469434 0.463892 0.461419 0.459308 0.457436 0.455549 0.453961 0.453021 0.45196 0.454347 0.459973 0.472014 0.492694 0.475775
-9999 -9999 -9999 -9999 -9999 -9999 -9999 -9999 -9999 0.283563 0.258025 0.231036 0.222562 0.22516 0.198922 0.184946 0.190336 0.199835 0.210579 0.237388 0.244553 0.257851 0.286356 0.32427 0.365959 0.377434 0.382841 0.387723 0.395671 0.444388 0.466845 0.47419 0.467686 0.461948 0.454049 0.457797 0.469573 0.502115 0.534681 0.522541 0.507934 0.506611 0.508305 0.519519 0.519922 0.519364 0.525029 0.535074 0.546485 0.53543 0.522831 0.510417 0.495093 0.482085 0.481088 0.47572 0.464768 0.457615 0.455172 0.453076 0.451102 0.449521 0.448217 0.448451 0.448878 0.450633 0.468562 0.479364 0.497612 0.474862
-9999 -9999 -9999 -9999 -9999 -9999 -9999 -9999 -9999 0.289859 0.272388 0.246543 0.238922 0.224031 0.199461 0.190105 0.188662 0.194821 0.20428 0.220436 0.234027 0.253719 0.282795 0.319816 0.360744 0.392761 0.397789 0.401412 0.403552 0.454249 0.478326 0.476979 0.468172 0.448519 0.440393 0.445647 0.453292 0.463614 0.488231 0.515904 0.516217 0.502402 0.511433 0.521338 0.510908 0.508181 0.514429 0.517573 0.534856 0.526707 0.522724 0.512139 0.495351 0.473629 0.467013 0.463849 0.453551 0.450495 0.448017 0.445766 0.44407 0.442667 0.441618 0.441934 0.444151 0.456123 0.466614 0.481577 0.483127 0.465071
-9999 -9999 -9999 -9999 -9999 -9999 -9999 -9999 -9999 0.302477 0.280704 0.256444 0.234042 0.213197 0.196088 0.199422 0.193371 0.199399 0.200072 0.209303 0.225794 0.243884 0.270352 0.314514 0.354436 0.39771 0.403761 0.392546 0.426655 0.454022 0.493108 0.477044 0.457186 0.439083 0.432436 0.451175 0.444873 0.450251 0.461398 0.478706 0.50342 0.502592 0.519255 0.517863 0.505736 0.499278 0.496926 0.498547 0.501517 0.515273 0.515482 0.507954 0.492061 0.474044 0.456834 0.450865 0.44512 0.44222 0.439845 0.437731 0.436173 0.435253 0.435032 0.435889 0.446199 0.458746 0.466608 0.477566 0.479198 0.461334
