Test_Spring_2018/03_18/Prec/20180312_014.txt
ncols	170
nrows	115
xllcorner	350000.000000
yllcorner	4445000.000000
cellsize	1000.000000
nodata_value	-9999.000000
[rows 31 to 61 of 115, columns 70 to 139 of 170]
0.422631 0.418951 0.415158 0.411336 0.407493 0.408242 0.407258 0.404115 0.387591 0.385783 0.384332 0.383172 0.382297 0.38166 0.381165 0.380835 0.380735 0.380374 0.380092 0.379963 0.379828 0.379824 0.380152 0.38086 0.381797 0.383125 0.38952 0.397105 0.399428 -9999 -9999 -9999 -9999 -9999 -9999 -9999 -9999 -9999 -9999 -9999 -9999 -9999 -9999 -9999 -9999 -9999 -9999 -9999 -9999 -9999 -9999 -9999 -9999 -9999 -9999 -9999 -9999 -9999 -9999 -9999 -9999 -9999 -9999 -9999 -9999 -9999 -9999 -9999 -9999 -9999
0.411915 0.408601 0.405187 0.401717 0.398153 0.394616 0.398544 0.393722 0.378889 0.377032 0.375454 0.374159 0.373077 0.372213 0.371532 0.371061 0.370834 0.370715 0.370485 0.370471 0.37068 0.370929 0.371566 0.372552 0.373882 0.375202 0.376939 0.389846 0.386465 -9999 -9999 -9999 -9999 -9999 -9999 -9999 -9999 -9999 -9999 -9999 -9999 -9999 -9999 -9999 -9999 -9999 -9999 -9999 -9999 -9999 -9999 -9999 -9999 -9999 -9999 -9999 -9999 -9999 -9999 -9999 -9999 -9999 -9999 -9999 -9999 -9999 -9999 -9999 -9999 -9999
0.401077 0.398082 0.395029 0.391872 0.38857 0.385281 0.387803 0.38491 0.369802 0.36784 0.366081 0.36454 0.363214 0.362111 0.361259 0.360646 0.360322 0.360242 0.360245 0.360351 0.360773 0.361435 0.362417 0.363676 0.365227 0.366849 0.368735 0.376626 0.378793 0.375784 -9999 -9999 -9999 -9999 -9999 -9999 -9999 -9999 -9999 -9999 -9999 -9999 -9999 -9999 -9999 -9999 -9999 -9999 -9999 -9999 -9999 -9999 -9999 -9999 -9999 -9999 -9999 -9999 -9999 -9999 -9999 -9999 -9999 -9999 -9999 -9999 -9999 -9999 -9999 -9999
0.390182 0.387503 0.384796 0.381991 0.37896 0.375814 0.377701 0.362695 0.360501 0.35832 0.356328 0.354496 0.352886 0.351503 0.350396 0.349601 0.349138 0.34901 0.349289 0.349576 0.350209 0.351252 0.352592 0.354239 0.356174 0.358141 0.360335 0.364333 0.365326 0.367829 0.370149 -9999 -9999 -9999 -9999 -9999 -9999 -9999 -9999 -9999 -9999 -9999 -9999 -9999 -9999 -9999 -9999 -9999 -9999 -9999 -9999 -9999 -9999 -9999 -9999 -9999 -9999 -9999 -9999 -9999 -9999 -9999 -9999 -9999 -9999 -9999 -9999 -9999 -9999 -9999
-9999 0.376976 0.374607 0.372105 0.369295 0.36626 0.362733 0.353522 0.350967 0.348608 0.346297 0.344124 0.342159 0.340501 0.339076 0.338004 0.337395 0.337285 0.337621 0.3383 0.33922 0.340629 0.342429 0.344474 0.346855 0.349283 0.351858 0.350479 0.353179 0.359959 0.362349 0.36453 -9999 -9999 -9999 -9999 -9999 -9999 -9999 -9999 -9999 -9999 -9999 -9999 -9999 -9999 -9999 -9999 -9999 -9999 -9999 -9999 -9999 -9999 -9999 -9999 -9999 -9999 -9999 -9999 -9999 -9999 -9999 -9999 -9999 -9999 -9999 -9999 -9999 -9999
-9999 -9999 -9999 -9999 0.359781 0.356858 0.339819 0.344665 0.341446 0.338782 0.336097 0.33351 0.33115 0.329029 0.327247 0.325955 0.325213 0.32501 0.325426 0.326417 0.327824 0.329614 0.33198 0.334516 0.337367 0.340321 0.343389 0.33579 0.345799 0.352447 0.354959 0.357167 -9999 -9999 -9999 -9999 -9999 -9999 -9999 -9999 -9999 -9999 -9999 -9999 -9999 -9999 -9999 -9999 -9999 -9999 -9999 -9999 -9999 -9999 -9999 -9999 -9999 -9999 -9999 -9999 -9999 -9999 -9999 -9999 -9999 -9999 -9999 -9999 -9999 -9999
-9999 -9999 -9999 -9999 -9999 0.348018 0.331291 0.328265 0.33203 0.329002 0.325853 0.322772 0.319872 0.317264 0.315096 0.313489 0.312555 0.312343 0.312887 0.314084 0.31586 0.318291 0.321209 0.324443 0.32787 0.331446 0.332184 0.32839 0.331774 0.345354 0.348091 0.350321 0.352186 -9999 -9999 -9999 -9999 -9999 -9999 -9999 -9999 -9999 -9999 -9999 -9999 0.354002 -9999 -9999 -9999 -9999 -9999 -9999 -9999 -9999 -9999 -9999 -9999 -9999 -9999 -9999 -9999 -9999 -9999 -9999 -9999 -9999 0.364122 -9999 -9999 -9999
-9999 -9999 -9999 -9999 0.34148 0.325874 0.323107 0.319877 0.324301 0.319357 0.315674 0.312019 0.30853 0.305374 0.302748 0.300761 0.299594 0.299345 0.299962 0.301432 0.303732 0.306727 0.310279 0.314236 0.318431 0.322702 0.317055 0.321201 0.325011 0.335377 0.341479 0.343954 0.345959 0.347473 -9999 -9999 -9999 -9999 -9999 -9999 -9999 0.349709 0.349471 0.34906 0.348405 0.347437 0.346263 -9999 -9999 -9999 -9999 -9999 -9999 -9999 -9999 -9999 -9999 -9999 -9999 -9999 -9999 -9999 -9999 -9999 -9999 -9999 0.354749 0.358992 -9999 -9999
-9999 -9999 -9999 -9999 0.320747 0.318389 0.315462 0.311944 0.307953 0.309951 0.305696 0.301374 0.297215 0.29344 0.290267 0.287861 0.286459 0.28611 0.286867 0.288653 0.29145 0.295101 0.299402 0.304147 0.309161 0.314186 0.30979 0.314524 0.3189 0.322804 0.335557 0.338331 0.340496 0.342085 -9999 -9999 -9999 -9999 -9999 -9999 0.343967 0.343783 0.343507 0.343162 0.34244 0.341411 0.340076 0.338583 -9999 -9999 -9999 -9999 -9999 -9999 -9999 -9999 -9999 -9999 -9999 -9999 -9999 -9999 0.328462 0.331922 0.336125 0.34071 0.345543 0.350506 -9999 -9999
-9999 -9999 -9999 -9999 0.313981 0.31152 0.308361 0.304518 0.300102 0.292685 0.296006 0.290975 0.286091 0.28162 0.277833 0.275011 0.273305 0.272911 0.273732 0.275892 0.279229 0.283586 0.288668 0.294328 0.300199 0.297378 0.302998 0.308428 0.313459 0.317959 0.324177 0.333471 0.335711 0.337363 -9999 -9999 -9999 -9999 -9999 -9999 0.338863 0.338641 0.338318 0.337855 0.337202 0.336024 0.334578 0.332927 0.330751 0.328035 0.324896 0.327446 0.331818 0.327467 0.323225 0.319235 -9999 -9999 -9999 -9999 0.311702 0.313579 0.316567 0.320556 0.325473 0.330873 0.33658 0.337481 -9999 -9999
-9999 -9999 -9999 -9999 0.307825 0.305264 0.301879 0.297697 0.292765 0.284612 0.286764 0.276354 0.271168 0.266394 0.262326 0.259247 0.25739 0.256855 0.257745 0.260023 0.26363 0.268298 0.273597 0.284744 0.284119 0.290267 0.296688 0.302868 0.308595 0.3137 0.320056 0.329219 0.331687 0.329041 -9999 -9999 -9999 0.331474 0.331296 0.331056 0.330685 0.33014 0.329461 0.333335 0.332482 0.32871 0.329772 0.327867 0.325414 0.322326 0.318633 0.314585 0.323292 0.318186 0.313178 0.302527 0.298889 0.296064 0.294263 0.293638 0.294257 0.296115 0.299136 0.303195 0.315037 0.321215 0.32772 0.334648 -9999 -9999
-9999 -9999 -9999 -9999 0.296533 0.293784 0.290243 0.28576 0.280614 0.274919 0.266225 0.267379 0.261497 0.256098 0.251426 0.247886 0.245714 0.245095 0.246098 0.248742 0.252837 0.25812 0.264246 0.263947 0.271086 0.278055 0.284844 0.297857 0.300196 0.305698 0.31039 0.315987 0.324119 0.326316 -9999 -9999 0.328934 0.328828 0.328534 0.328127 0.327628 0.327009 0.326146 0.32513 0.323741 0.31959 0.320375 0.318069 0.320552 0.317041 0.305359 0.301148 0.300517 0.302873 0.297734 0.292942 0.288755 0.285482 0.283361 0.282571 0.283219 0.28527 0.288649 0.293198 0.298777 0.304962 0.30676 0.319011 -9999 -9999
-9999 -9999 -9999 -9999 0.286966 0.283777 0.279868 0.275313 0.270124 0.268464 0.259269 0.252842 0.252585 0.246557 0.24138 0.237374 0.234918 0.234186 0.235262 0.238167 0.242669 0.248544 0.255379 0.256548 0.264289 0.269916 0.277005 0.283901 0.290429 0.29645 0.307775 0.313786 0.317437 0.324145 0.325797 -9999 0.327112 0.327064 0.326662 0.326069 0.325351 0.324573 0.323489 0.322234 0.318489 0.316407 0.316758 0.307137 0.303822 0.300181 0.296162 0.29556 0.294077 0.288493 0.28945 0.284066 0.279362 0.275656 0.273223 0.272272 0.272913 0.275142 0.278852 0.283852 0.289934 0.292265 0.299663 0.312544 -9999 -9999
-9999 -9999 -9999 0.283741 0.282999 0.279535 0.275354 0.27046 0.264923 0.258871 0.249851 0.2462 0.239648 0.238074 0.232466 0.228107 0.225386 0.224514 0.225643 0.228689 0.233508 0.239895 0.241987 0.248497 0.2564 0.264692 0.272422 0.279853 0.28701 0.293745 0.299916 0.306613 0.316136 0.319338 0.324463 0.325512 0.325908 0.32586 0.325422 0.324667 0.323741 0.322673 0.321416 0.3182 0.316112 0.307605 0.307019 0.303668 0.300011 0.296009 0.291702 0.287103 0.28519 0.282343 0.276579 0.276125 0.270965 0.266879 0.264171 0.26307 0.2637 0.266062 0.270037 0.275417 0.278076 0.285272 0.287475 0.299846 -9999 -9999
-9999 -9999 -9999 -9999 0.279491 0.275818 0.271394 0.266227 0.260388 0.254011 0.244718 0.238279 0.232036 0.227501 0.224987 0.220405 0.217448 0.2165 0.217631 0.220812 0.225839 0.228233 0.235081 0.242782 0.251106 0.259899 0.268137 0.276202 0.283941 0.291322 0.298138 0.305388 0.310743 0.315081 0.321404 0.324666 0.325171 0.325053 0.324547 0.323765 0.322723 0.321319 0.318616 0.312357 0.308973 0.305359 0.30424 0.300539 0.296499 0.292185 0.287592 0.282871 0.280347 0.274726 0.26923 0.265473 0.263837 0.259464 0.256542 0.255317 0.255922 0.258361 0.262516 0.26528 0.268257 0.274717 0.282079 0.294715 -9999 -9999
-9999 -9999 -9999 -9999 -9999 -9999 0.2678 0.262424 0.256409 0.24986 0.240425 0.233854 0.227514 0.221711 0.216769 0.21449 0.211482 0.210478 0.211679 0.214812 0.217393 0.223108 0.230042 0.238016 0.247152 0.255718 0.264378 0.272944 0.281175 0.28897 0.296303 0.303959 0.309824 0.314727 0.318527 0.321156 0.324441 0.32435 0.323832 0.323003 0.321769 0.317573 0.314503 0.31104 0.307263 0.30322 0.301641 0.29763 0.293255 0.28869 0.283923 0.278955 0.276182 0.270418 0.264885 0.25974 0.255307 0.253683 0.250633 0.249321 0.249886 0.252339 0.253383 0.257791 0.263339 0.26984 0.277365 0.290236 -9999 -9999
-9999 -9999 -9999 -9999 -9999 -9999 0.264582 0.259114 0.253015 0.246368 0.236988 0.230466 0.224199 0.218444 0.213541 0.209788 0.207659 0.206684 0.207385 0.20987 0.213961 0.219578 0.226481 0.234456 0.243575 0.252349 0.261204 0.270021 0.27854 0.286629 0.294317 0.30233 0.308539 0.31385 0.317922 0.32089 0.3227 0.32368 0.323101 0.321753 0.319611 0.316813 0.313386 0.309585 0.305462 0.300989 0.299081 0.294826 0.290217 0.285481 0.280611 0.27557 0.272671 0.266961 0.26147 0.256418 0.252036 0.248556 0.246629 0.245277 0.245791 0.246827 0.249817 0.254102 0.259544 0.26597 0.273373 0.286359 -9999 -9999
-9999 -9999 -9999 -9999 -9999 -9999 -9999 0.256195 0.250123 0.243576 0.23437 0.228088 0.222021 0.216488 0.211776 0.208128 0.205817 0.204983 0.205875 0.208244 0.212189 0.217553 0.224205 0.231896 0.240992 0.249711 0.258635 0.267478 0.275998 0.284197 0.292034 0.300221 0.30671 0.312081 0.3164 0.319575 0.321592 0.322456 0.322049 0.320663 0.318487 0.315461 0.311795 0.307728 0.30327 0.298534 0.296419 0.291911 0.287271 0.282465 0.27763 0.272655 0.269815 0.264302 0.259025 0.254183 0.249981 0.246637 0.244329 0.243198 0.243337 0.244806 0.247603 0.251656 0.256847 0.263029 0.270061 0.282773 0.291521 -9999
-9999 -9999 -9999 -9999 -9999 -9999 -9999 0.253603 0.247778 0.241486 0.232531 0.226555 0.220858 0.215683 0.211295 0.207869 0.20531 0.204539 0.204936 0.208128 0.211861 0.217065 0.223258 0.230421 0.239189 0.247845 0.256468 0.26506 0.273415 0.281529 0.28929 0.297577 0.304109 0.309546 0.314003 0.317335 0.319463 0.319984 0.319825 0.318 0.316411 0.313273 0.309512 0.305223 0.300616 0.295732 0.293505 0.288963 0.284328 0.279585 0.2749 0.270101 0.267528 0.262343 0.257414 0.252883 0.24898 0.245865 0.24321 0.242336 0.242109 0.244023 0.246565 0.250289 0.255105 0.260892 0.267527 0.279841 0.288301 0.29695
-9999 -9999 -9999 -9999 -9999 -9999 -9999 -9999 0.245785 0.239837 0.231179 0.225708 0.220474 0.215759 0.209415 0.20714 0.205653 0.205008 0.205364 0.206748 0.212843 0.217369 0.223043 0.229734 0.237991 0.246101 0.254269 0.262401 0.270398 0.278312 0.285896 0.294 0.300479 0.306118 0.310675 0.313379 0.314649 0.316055 0.315878 0.3142 0.311078 0.310226 0.306395 0.302034 0.297315 0.292361 0.290353 0.285781 0.281272 0.276727 0.272235 0.267789 0.265639 0.260894 0.25638 0.252282 0.248757 0.244023 0.242726 0.24192 0.24167 0.242045 0.246393 0.24972 0.254064 0.259341 0.265455 0.277415 0.285339 0.293622
-9999 -9999 -9999 -9999 -9999 -9999 -9999 -9999 0.24396 0.238498 0.230217 0.225237 0.215546 0.212294 0.209726 0.207725 0.206413 0.20589 0.20619 0.207473 0.209694 0.213878 0.223523 0.229586 0.236451 0.244653 0.252071 0.259713 0.267275 0.274815 0.282048 0.289746 0.296057 0.301583 0.304896 0.306397 0.309189 0.310572 0.310424 0.308807 0.305833 0.301708 0.299832 0.298121 0.293537 0.288596 0.286842 0.282457 0.278115 0.273837 0.269648 0.265565 0.263944 0.259656 0.255681 0.249046 0.24498 0.243475 0.242345 0.241624 0.241364 0.241632 0.242506 0.2453 0.253399 0.258092 0.263594 0.275174 0.28249 0.290181
-9999 -9999 -9999 -9999 -9999 -9999 -9999 -9999 0.242374 0.23735 0.221821 0.218392 0.214983 0.212358 0.210141 0.208451 0.207313 0.206873 0.207156 0.208267 0.210257 0.213017 0.218509 0.22288 0.235828 0.243144 0.249952 0.256966 0.264012 0.270936 0.277651 0.284923 0.288313 0.294203 0.29546 0.299603 0.302297 0.303706 0.303688 0.302088 0.299341 0.295501 0.290855 0.289835 0.284513 0.284432 0.2831 0.27898 0.274848 0.270833 0.266976 0.263288 0.262256 0.25347 0.250757 0.245578 0.243992 0.242717 0.241753 0.241118 0.240857 0.241033 0.241725 0.243019 0.246851 0.249934 0.261682 0.27288 0.279509 0.286551
-9999 -9999 -9999 -9999 -9999 -9999 -9999 -9999 0.231892 0.223886 0.220564 0.217116 0.214494 0.212266 0.210376 0.208948 0.208028 0.207695 0.208 0.20899 0.210746 0.213202 0.21616 0.222731 0.227436 0.233894 0.247858 0.25413 0.260487 0.26224 0.268979 0.276126 0.282292 0.283176 0.28801 0.291881 0.294352 0.295676 0.295709 0.294337 0.29185 0.288457 0.284241 0.279396 0.279198 0.274084 0.273056 0.275158 0.271339 0.267601 0.257465 0.254547 0.254457 0.251778 0.245549 0.243905 0.242562 0.241488 0.24067 0.240115 0.239857 0.239956 0.240485 0.241537 0.243206 0.24801 0.251437 0.262231 0.276225 0.282561
-9999 -9999 -9999 -9999 -9999 -9999 -9999 -9999 0.222545 0.22193 0.21905 0.215892 0.213653 0.211768 0.210211 0.209049 0.208336 0.208085 0.208376 0.20927 0.210749 0.212911 0.215763 0.218906 0.226448 0.232331 0.231137 0.23692 0.243165 0.249689 0.264288 0.270285 0.270545 0.27563 0.279948 0.283401 0.285687 0.286914 0.286951 0.285821 0.283709 0.280714 0.276966 0.272523 0.267877 0.268625 0.268473 0.256922 0.252914 0.249421 0.254249 0.251698 0.251997 0.244829 0.243081 0.241654 0.2405 0.239587 0.238883 0.238392 0.238138 0.238172 0.238565 0.239404 0.240782 0.242789 0.248434 0.259084 0.264016 0.262946
-9999 -9999 -9999 -9999 -9999 -9999 -9999 -9999 -9999 0.211983 0.209305 0.207378 0.205828 0.204583 0.203622 0.202941 0.202532 0.202411 0.202629 0.203262 0.204364 0.20603 0.208245 0.210943 0.218117 0.223908 0.228579 0.233614 0.239084 0.244884 0.250734 0.251018 0.256365 0.261345 0.26566 0.269116 0.276622 0.277725 0.277798 0.276887 0.275167 0.266976 0.263226 0.258868 0.254268 0.255346 0.256075 0.252113 0.248539 0.245399 0.242811 0.243515 0.235844 0.234249 0.233095 0.232217 0.237682 0.236878 0.236255 0.235807 0.23555 0.235529 0.23581 0.229979 0.230745 0.2321 0.23713 0.248237 0.252629 0.257728
-9999 -9999 -9999 -9999 -9999 -9999 -9999 -9999 -9999 0.208695 0.2067 0.204967 0.203661 0.202593 0.201762 0.201221 0.200943 0.200919 0.201187 0.201801 0.202869 0.204387 0.206405 0.208911 0.211935 0.221525 0.225597 0.229959 0.234758 0.239793 0.239074 0.244076 0.248634 0.252798 0.256485 0.259451 0.261669 0.26275 0.262919 0.262111 0.260301 0.257699 0.2545 0.250701 0.246743 0.2426 0.250486 0.246988 0.2438 0.240926 0.238581 0.23951 0.231568 0.230024 0.228884 0.227976 0.227307 0.226786 0.226348 0.225966 0.225648 0.225437 0.225412 0.225672 0.226329 0.227495 0.229272 0.23497 0.247515 0.251948
-9999 -9999 -9999 -9999 -9999 -9999 -9999 -9999 -9999 0.205342 0.203646 0.202137 0.200916 0.200068 0.199358 0.198894 0.198717 0.198777 0.199101 0.199707 0.200745 0.202188 0.204047 0.206391 0.209096 0.212224 0.222118 0.225973 0.230168 0.234558 0.232618 0.236799 0.240697 0.24427 0.247374 0.249872 0.251648 0.252594 0.252724 0.251981 0.250504 0.248383 0.245632 0.242395 0.239059 0.235485 0.231909 0.241503 0.238589 0.236008 0.233893 0.228587 0.226656 0.225134 0.223937 0.223021 0.222314 0.221741 0.221272 0.220874 0.220553 0.220345 0.220311 0.220532 0.221098 0.222107 0.223637 0.225819 0.24159 0.245406
-9999 -9999 -9999 -9999 -9999 -9999 -9999 -9999 -9999 0.201579 0.200088 0.198766 0.197724 0.196979 0.19636 0.195946 0.19582 0.195943 0.196282 0.196924 0.197922 0.199278 0.201023 0.203118 0.20569 0.20844 0.218294 0.221674 0.225304 0.222422 0.226142 0.22965 0.23294 0.23594 0.238462 0.240513 0.241965 0.242807 0.242898 0.242227 0.24094 0.23909 0.236811 0.234092 0.231182 0.228122 0.225054 0.235605 0.233007 0.230679 0.222672 0.223022 0.221156 0.219622 0.218375 0.21739 0.216592 0.215939 0.215411 0.214977 0.214641 0.214429 0.214388 0.214583 0.215079 0.215962 0.217293 0.219129 0.234999 0.238193
-9999 -9999 -9999 -9999 -9999 -9999 -9999 -9999 -9999 0.197484 0.196132 0.194955 0.194055 0.193394 0.192769 0.192394 0.192313 0.192461 0.192845 0.193564 0.194464 0.195702 0.197347 0.199382 0.201779 0.204353 0.209418 0.217099 0.220272 0.216603 0.219776 0.222749 0.225444 0.227849 0.229869 0.231502 0.232669 0.233393 0.23355 0.232917 0.231742 0.230162 0.228197 0.225965 0.223453 0.220804 0.218142 0.223289 0.227136 0.224946 0.219212 0.217059 0.215163 0.213546 0.21224 0.211133 0.210187 0.20942 0.20881 0.208322 0.207959 0.207739 0.207696 0.207879 0.20833 0.209102 0.21031 0.211861 0.224174 0.230343
-9999 -9999 -9999 -9999 -9999 -9999 -9999 -9999 -9999 0.193065 0.191863 0.190769 0.189927 0.189215 0.18863 0.188307 0.18822 0.188383 0.18879 0.189479 0.19042 0.191676 0.193275 0.195214 0.197463 0.19994 0.202518 0.212317 0.210039 0.21076 0.213481 0.215931 0.218134 0.220009 0.221614 0.222907 0.223793 0.224246 0.224315 0.223949 0.223014 0.221616 0.219995 0.218098 0.21588 0.213553 0.211188 0.208787 0.220889 0.212904 0.212868 0.210705 0.208728 0.20695 0.20547 0.204217 0.203123 0.202242 0.201528 0.200971 0.200574 0.200347 0.200309 0.200492 0.200925 0.201674 0.2027 0.20404 0.205601 0.22189
-9999 -9999 -9999 -9999 -9999 -9999 -9999 -9999 -9999 0.188386 0.18723 0.186178 0.185273 0.184531 0.183979 0.18372 0.183618 0.183799 0.184188 0.184874 0.185859 0.187123 0.188703 0.190638 0.1928 0.195201 0.197596 0.202596 0.202451 0.204923 0.207346 0.209321 0.211063 0.212554 0.213807 0.214865 0.215447 0.215729 0.215677 0.215299 0.214616 0.213482 0.212149 0.21047 0.208524 0.206441 0.204257 0.202021 0.208603 0.206521 0.206193 0.203975 0.201877 0.199954 0.198231 0.196769 0.195512 0.194473 0.193636 0.193 0.192565 0.192337 0.192323 0.19253 0.193008 0.193723 0.194635 0.195774 0.197058 0.209965
