Test_Spring_2018/03_18/Prec/20180302_006.txt
ncols	170
nrows	115
xllcorner	350000.000000
yllcorner	4445000.000000
cellsize	1000.000000
nodata_value	-9999.000000
[rows 31 to 61 of 115, columns 70 to 139 of 170]
0.755131 0.767243 0.778903 0.789092 0.802076 0.834325 0.873385 0.887646 0.929185 0.941486 0.951545 0.961926 0.970389 0.976564 0.983043 0.984774 0.974998 0.983364 0.988193 0.986215 0.990358 0.995545 0.993036 0.983598 0.979922 0.973618 0.960546 0.977353 0.970841 -9999 -9999 -9999 -9999 -9999 -9999 -9999 -9999 -9999 -9999 -9999 -9999 -9999 -9999 -9999 -9999 -9999 -9999 -9999 -9999 -9999 -9999 -9999 -9999 -9999 -9999 -9999 -9999 -9999 -9999 -9999 -9999 -9999 -9999 -9999 -9999 -9999 -9999 -9999 -9999 -9999
0.753625 0.764452 0.775019 0.785018 0.799904 0.815321 0.867284 0.888124 0.925168 0.937127 0.947121 0.954546 0.962873 0.970105 0.976692 0.979084 0.973566 0.968157 0.976723 0.979527 0.978052 0.986113 0.984064 0.976372 0.964951 0.972762 0.972079 0.967021 0.950773 -9999 -9999 -9999 -9999 -9999 -9999 -9999 -9999 -9999 -9999 -9999 -9999 -9999 -9999 -9999 -9999 -9999 -9999 -9999 -9999 -9999 -9999 -9999 -9999 -9999 -9999 -9999 -9999 -9999 -9999 -9999 -9999 -9999 -9999 -9999 -9999 -9999 -9999 -9999 -9999 -9999
0.747807 0.760315 0.770145 0.780962 0.796871 0.809697 0.837774 0.886362 0.921233 0.933218 0.943561 0.952266 0.960209 0.967087 0.971121 0.972835 0.96882 0.962127 0.963166 0.971419 0.974021 0.976809 0.975337 0.972863 0.968075 0.974258 0.977394 0.955937 0.95429 0.963881 -9999 -9999 -9999 -9999 -9999 -9999 -9999 -9999 -9999 -9999 -9999 -9999 -9999 -9999 -9999 -9999 -9999 -9999 -9999 -9999 -9999 -9999 -9999 -9999 -9999 -9999 -9999 -9999 -9999 -9999 -9999 -9999 -9999 -9999 -9999 -9999 -9999 -9999 -9999 -9999
0.740143 0.754716 0.764231 0.772283 0.786793 0.801349 0.842697 0.901425 0.913791 0.929511 0.939946 0.949564 0.956593 0.963014 0.967479 0.969253 0.968359 0.965439 0.956473 0.967161 0.975673 0.97758 0.979011 0.977843 0.973424 0.979619 0.981126 0.946988 0.972819 0.965259 0.96059 -9999 -9999 -9999 -9999 -9999 -9999 -9999 -9999 -9999 -9999 -9999 -9999 -9999 -9999 -9999 -9999 -9999 -9999 -9999 -9999 -9999 -9999 -9999 -9999 -9999 -9999 -9999 -9999 -9999 -9999 -9999 -9999 -9999 -9999 -9999 -9999 -9999 -9999 -9999
-9999 0.747595 0.757394 0.764923 0.779718 0.795842 0.825363 0.871345 0.912186 0.924991 0.937058 0.946748 0.953719 0.955969 0.962023 0.967674 0.968768 0.964769 0.960087 0.960891 0.972571 0.977285 0.978532 0.982174 0.978679 0.982362 0.9827 0.968232 0.959469 0.969621 0.963928 0.955184 -9999 -9999 -9999 -9999 -9999 -9999 -9999 -9999 -9999 -9999 -9999 -9999 -9999 -9999 -9999 -9999 -9999 -9999 -9999 -9999 -9999 -9999 -9999 -9999 -9999 -9999 -9999 -9999 -9999 -9999 -9999 -9999 -9999 -9999 -9999 -9999 -9999 -9999
-9999 -9999 -9999 -9999 0.771223 0.800972 0.83499 0.865591 0.908772 0.922445 0.935216 0.945158 0.95038 0.95645 0.96314 0.966411 0.966798 0.968038 0.966244 0.963647 0.968012 0.977835 0.976021 0.983101 0.984011 0.986342 0.983872 0.980831 0.954888 0.966996 0.96166 0.954101 -9999 -9999 -9999 -9999 -9999 -9999 -9999 -9999 -9999 -9999 -9999 -9999 -9999 -9999 -9999 -9999 -9999 -9999 -9999 -9999 -9999 -9999 -9999 -9999 -9999 -9999 -9999 -9999 -9999 -9999 -9999 -9999 -9999 -9999 -9999 -9999 -9999 -9999
-9999 -9999 -9999 -9999 -9999 0.797396 0.830529 0.850931 0.905879 0.919612 0.933986 0.944501 0.952382 0.959398 0.964733 0.968461 0.969834 0.969964 0.968233 0.970298 0.977381 0.979146 0.979562 0.981707 0.985527 0.986037 0.969349 0.974687 0.968997 0.960631 0.953535 0.951453 0.945596 -9999 -9999 -9999 -9999 -9999 -9999 -9999 -9999 -9999 -9999 -9999 -9999 0.886767 -9999 -9999 -9999 -9999 -9999 -9999 -9999 -9999 -9999 -9999 -9999 -9999 -9999 -9999 -9999 -9999 -9999 -9999 -9999 -9999 0.639102 -9999 -9999 -9999
-9999 -9999 -9999 -9999 0.766496 0.811998 0.83085 0.850419 0.877476 0.918422 0.93399 0.94516 0.953902 0.961124 0.965551 0.970652 0.973315 0.97285 0.974796 0.978574 0.980988 0.983177 0.984835 0.985434 0.985383 0.985039 0.985136 0.980139 0.976618 0.951504 0.962561 0.955439 0.945869 0.937799 -9999 -9999 -9999 -9999 -9999 -9999 -9999 0.918288 0.910748 0.902618 0.894957 0.889139 0.875624 -9999 -9999 -9999 -9999 -9999 -9999 -9999 -9999 -9999 -9999 -9999 -9999 -9999 -9999 -9999 -9999 -9999 -9999 -9999 0.644309 0.631662 -9999 -9999
-9999 -9999 -9999 -9999 0.788292 0.809196 0.828655 0.849597 0.868696 0.919559 0.934044 0.947002 0.957159 0.964613 0.969838 0.975547 0.977253 0.97906 0.980361 0.984219 0.985797 0.985733 0.985286 0.984931 0.982806 0.983247 0.985246 0.981897 0.97667 0.97129 0.965999 0.954104 0.942429 0.932588 -9999 -9999 -9999 -9999 -9999 -9999 0.927401 0.924721 0.919524 0.906475 0.900825 0.8938 0.881699 0.843344 -9999 -9999 -9999 -9999 -9999 -9999 -9999 -9999 -9999 -9999 -9999 -9999 -9999 -9999 0.696347 0.685144 0.667665 0.655423 0.645102 0.632794 -9999 -9999
-9999 -9999 -9999 -9999 0.782082 0.805258 0.827492 0.849378 0.868659 0.912606 0.936373 0.949774 0.960718 0.969618 0.976598 0.979903 0.983016 0.982312 0.987472 0.98836 0.988007 0.984841 0.983488 0.977834 0.975563 0.978044 0.982371 0.978287 0.970352 0.960589 0.966259 0.949161 0.943599 0.934964 -9999 -9999 -9999 -9999 -9999 -9999 0.931468 0.929064 0.924794 0.916507 0.901935 0.897097 0.863926 0.846313 0.831082 0.819519 0.806769 0.78396 0.762784 0.752761 0.7414 0.734586 -9999 -9999 -9999 -9999 0.706837 0.702512 0.697955 0.690449 0.672096 0.657199 0.642581 0.617766 -9999 -9999
-9999 -9999 -9999 -9999 0.7794 0.802746 0.825325 0.846801 0.86982 0.914166 0.938671 0.942323 0.954172 0.96411 0.971964 0.977067 0.979203 0.981831 0.982566 0.981296 0.973952 0.965149 0.967049 0.974879 0.977918 0.974944 0.978485 0.973847 0.964329 0.953495 0.966322 0.951705 0.945062 0.92882 -9999 -9999 -9999 0.929741 0.93249 0.92913 0.925663 0.924334 0.920353 0.921312 0.912764 0.895012 0.86604 0.847405 0.828063 0.813805 0.80531 0.79231 0.761792 0.751362 0.739881 0.724885 0.720124 0.715537 0.710998 0.706344 0.702218 0.698251 0.693585 0.686373 0.675843 0.663224 0.6522 0.608653 -9999 -9999
-9999 -9999 -9999 -9999 0.766534 0.790352 0.814477 0.839819 0.862032 0.884999 0.924193 0.946925 0.960205 0.968986 0.978996 0.984788 0.988254 0.989391 0.988581 0.982052 0.972657 0.962848 0.957051 0.966657 0.959668 0.952467 0.95555 0.968403 0.952656 0.943156 0.942144 0.953484 0.933502 0.924945 -9999 -9999 0.924594 0.933868 0.939017 0.939304 0.935477 0.928984 0.925658 0.916186 0.910112 0.890995 0.857623 0.842525 0.828907 0.813821 0.787926 0.773782 0.75654 0.740242 0.731561 0.723833 0.718691 0.713836 0.709709 0.706046 0.701821 0.698593 0.694626 0.688552 0.67483 0.664505 0.639939 0.605458 -9999 -9999
-9999 -9999 -9999 -9999 0.757836 0.782476 0.808252 0.832141 0.857575 0.888776 0.926895 0.9472 0.96653 0.976679 0.9845 0.992478 0.995901 0.996912 0.995864 0.988695 0.979813 0.967481 0.958562 0.961181 0.956915 0.935609 0.935779 0.933993 0.932922 0.934706 0.946046 0.953934 0.948459 0.930347 0.925873 -9999 0.92921 0.933316 0.940358 0.944616 0.94444 0.935941 0.932889 0.923459 0.910665 0.894446 0.863173 0.831541 0.81407 0.79663 0.784275 0.774131 0.754694 0.74378 0.728856 0.721597 0.715978 0.711503 0.707971 0.705046 0.702199 0.699131 0.695381 0.690481 0.681367 0.660278 0.643469 0.608088 -9999 -9999
-9999 -9999 -9999 0.714342 0.752862 0.780762 0.807113 0.833554 0.859878 0.885379 0.925106 0.953729 0.970245 0.984965 0.99055 0.997102 1.00112 1.00396 1.0024 0.998907 0.991633 0.976268 0.975254 0.959933 0.949352 0.935907 0.934942 0.939499 0.939142 0.936306 0.934036 0.9414 0.949389 0.94392 0.927099 0.929483 0.935441 0.93919 0.943865 0.950067 0.951605 0.947511 0.939534 0.928092 0.915672 0.885282 0.855105 0.83536 0.814865 0.796559 0.779429 0.765766 0.746787 0.739658 0.73058 0.718582 0.713207 0.709206 0.706274 0.703993 0.701805 0.699223 0.696067 0.691947 0.678274 0.665464 0.64049 0.6113 -9999 -9999
-9999 -9999 -9999 -9999 0.747402 0.774238 0.800889 0.82857 0.857259 0.88573 0.92832 0.949753 0.969665 0.989886 0.997845 1.00054 1.00694 1.0085 1.00771 1.00384 0.99839 0.984679 0.974386 0.965577 0.954535 0.94628 0.945773 0.94451 0.943073 0.936111 0.930395 0.934192 0.927774 0.930222 0.934153 0.934009 0.938921 0.948088 0.953237 0.952931 0.949807 0.951995 0.943398 0.922866 0.909125 0.888166 0.858808 0.836428 0.817451 0.798174 0.780146 0.756655 0.742453 0.730528 0.724805 0.719 0.710764 0.707158 0.704759 0.702932 0.701263 0.699207 0.696461 0.686956 0.678061 0.666552 0.640537 0.612841 -9999 -9999
-9999 -9999 -9999 -9999 -9999 -9999 0.797708 0.827136 0.856262 0.885632 0.930862 0.954375 0.974592 0.99061 1.00128 1.00768 1.00979 1.0104 1.00416 1.00095 1.00124 0.994743 0.987863 0.973976 0.958694 0.957969 0.953563 0.94594 0.941229 0.938133 0.931472 0.937802 0.930746 0.926693 0.930082 0.941836 0.951578 0.961316 0.96458 0.959791 0.95727 0.949286 0.942288 0.929959 0.912331 0.890238 0.860526 0.835823 0.818927 0.799379 0.77892 0.760172 0.739578 0.729254 0.719887 0.71544 0.710489 0.705548 0.703475 0.702086 0.700796 0.699101 0.692108 0.686566 0.679572 0.671171 0.644385 0.611572 -9999 -9999
-9999 -9999 -9999 -9999 -9999 -9999 0.792827 0.822357 0.853594 0.888049 0.93195 0.956164 0.976179 0.993289 1.00482 1.00984 1.01083 1.00746 1.00054 0.997812 0.997481 0.993987 0.987325 0.973795 0.965936 0.959429 0.953258 0.943674 0.937965 0.93671 0.930819 0.936452 0.933363 0.928206 0.936489 0.944767 0.953368 0.964473 0.970523 0.969847 0.961164 0.954499 0.947836 0.932414 0.911418 0.892302 0.860559 0.83381 0.817996 0.799151 0.778801 0.761566 0.739878 0.728133 0.719478 0.713127 0.708494 0.704937 0.702465 0.701321 0.700303 0.696949 0.692906 0.687392 0.680308 0.671822 0.651026 0.61161 -9999 -9999
-9999 -9999 -9999 -9999 -9999 -9999 -9999 0.81678 0.851065 0.887638 0.930567 0.953675 0.975656 0.992642 1.00389 1.01098 1.01098 1.00539 0.991836 0.989243 0.988087 0.988674 0.985423 0.977968 0.963808 0.954322 0.940793 0.930393 0.92952 0.930105 0.92699 0.934672 0.931229 0.940219 0.949695 0.959163 0.965139 0.966125 0.971326 0.972716 0.964344 0.958141 0.949375 0.931666 0.912511 0.891892 0.859616 0.837648 0.816507 0.799082 0.77778 0.76153 0.740423 0.727915 0.718656 0.711893 0.70737 0.703996 0.70193 0.70081 0.699317 0.696821 0.69279 0.687186 0.680047 0.671498 0.660871 0.63073 0.612263 -9999
-9999 -9999 -9999 -9999 -9999 -9999 -9999 0.809437 0.840615 0.878179 0.921868 0.949018 0.971457 0.988394 0.998648 1.00486 1.004 1.00204 0.988734 0.980312 0.977267 0.96828 0.971777 0.974589 0.960497 0.935214 0.924382 0.917542 0.919091 0.921203 0.923102 0.926736 0.928173 0.942332 0.953083 0.96201 0.968775 0.970406 0.970215 0.97396 0.968476 0.960813 0.947224 0.931614 0.910057 0.888256 0.860323 0.836478 0.814947 0.797891 0.77589 0.761466 0.740215 0.727226 0.717452 0.711909 0.707022 0.703767 0.701017 0.700031 0.698643 0.695605 0.691606 0.68597 0.678752 0.670297 0.660634 0.64007 0.622589 0.608856
-9999 -9999 -9999 -9999 -9999 -9999 -9999 -9999 0.827472 0.867579 0.9138 0.939286 0.96338 0.980412 0.992297 0.99806 0.996165 0.99107 0.979123 0.963114 0.954976 0.963396 0.969688 0.969979 0.95708 0.935259 0.925197 0.923249 0.927362 0.92624 0.927554 0.933928 0.935888 0.937424 0.944282 0.954221 0.960144 0.967675 0.971053 0.967926 0.963548 0.955533 0.942686 0.927533 0.90945 0.889938 0.85706 0.838402 0.815874 0.797358 0.778404 0.76114 0.740014 0.726341 0.718321 0.71236 0.707501 0.701436 0.700081 0.698907 0.697306 0.694829 0.689328 0.68365 0.676543 0.668122 0.658733 0.639452 0.627271 0.612446
-9999 -9999 -9999 -9999 -9999 -9999 -9999 -9999 0.815131 0.853642 0.89941 0.928628 0.95696 0.970045 0.981781 0.987966 0.987704 0.981371 0.972853 0.956324 0.937446 0.952115 0.96174 0.963224 0.958174 0.932973 0.933493 0.928865 0.930429 0.926798 0.928061 0.940689 0.94076 0.940897 0.939196 0.935418 0.951334 0.959454 0.96372 0.962405 0.956942 0.947781 0.941036 0.920013 0.89783 0.883358 0.854356 0.833909 0.813899 0.795035 0.777245 0.760936 0.740446 0.729162 0.718834 0.708212 0.702624 0.700408 0.698793 0.697224 0.695235 0.692485 0.688684 0.683591 0.673401 0.665178 0.656044 0.636897 0.625787 0.614648
-9999 -9999 -9999 -9999 -9999 -9999 -9999 -9999 0.790135 0.832534 0.892698 0.920035 0.939065 0.955348 0.967447 0.972756 0.975205 0.97126 0.964473 0.952581 0.935242 0.921074 0.934493 0.945966 0.951155 0.939578 0.936156 0.931216 0.928315 0.929852 0.933476 0.944364 0.939853 0.937488 0.931167 0.933698 0.946007 0.94881 0.947286 0.953081 0.946438 0.936403 0.92072 0.910601 0.895979 0.86885 0.842875 0.821036 0.805445 0.790338 0.774917 0.759978 0.73986 0.720837 0.713277 0.705196 0.701593 0.698966 0.696885 0.694883 0.6925 0.689341 0.685296 0.680304 0.673649 0.666279 0.65276 0.633752 0.623275 0.612802
-9999 -9999 -9999 -9999 -9999 -9999 -9999 -9999 0.78801 0.844461 0.877416 0.898642 0.922135 0.937437 0.950787 0.957974 0.960399 0.957526 0.950765 0.941108 0.926407 0.913142 0.914852 0.931036 0.934664 0.926479 0.928935 0.927591 0.927142 0.923471 0.926098 0.940983 0.941035 0.926945 0.928015 0.926608 0.939151 0.941264 0.938484 0.939455 0.932709 0.916367 0.899412 0.885434 0.883589 0.864484 0.836507 0.809941 0.79521 0.785106 0.758196 0.744955 0.728297 0.719651 0.708788 0.703735 0.699857 0.696867 0.694306 0.691845 0.68906 0.685543 0.681272 0.676122 0.66998 0.662159 0.654201 0.634973 0.620252 0.610543
-9999 -9999 -9999 -9999 -9999 -9999 -9999 -9999 0.768325 0.82905 0.858847 0.881976 0.904531 0.920201 0.932586 0.939905 0.941987 0.941679 0.937655 0.929695 0.921881 0.910511 0.896529 0.905914 0.917631 0.910924 0.903619 0.906662 0.907141 0.907407 0.927304 0.93221 0.921233 0.919969 0.922163 0.922472 0.929929 0.930355 0.928567 0.924355 0.911926 0.89484 0.877444 0.870103 0.85549 0.853462 0.820091 0.800532 0.788525 0.774204 0.751387 0.736426 0.724354 0.711847 0.705941 0.701169 0.697342 0.693902 0.691004 0.688029 0.6848 0.681049 0.676578 0.671377 0.665397 0.658723 0.649996 0.630886 0.621752 0.612178
-9999 -9999 -9999 -9999 -9999 -9999 -9999 -9999 -9999 0.80175 0.829483 0.858215 0.87952 0.896187 0.908247 0.915537 0.919048 0.919862 0.91774 0.911991 0.903825 0.891996 0.881796 0.880984 0.894249 0.884505 0.885263 0.892865 0.896341 0.894217 0.900488 0.893445 0.903446 0.906997 0.909885 0.912006 0.916851 0.915949 0.912389 0.904175 0.885135 0.869726 0.854288 0.842952 0.827174 0.829967 0.801637 0.791993 0.779371 0.76587 0.746961 0.726203 0.715927 0.710145 0.702852 0.69879 0.69379 0.690109 0.686764 0.683381 0.67985 0.67588 0.671326 0.667412 0.661535 0.65508 0.646205 0.626577 0.617461 0.608555
-9999 -9999 -9999 -9999 -9999 -9999 -9999 -9999 -9999 0.782905 0.812233 0.841474 0.858748 0.874459 0.887642 0.894499 0.897195 0.897885 0.89659 0.8934 0.885348 0.8767 0.868009 0.863036 0.861492 0.865402 0.868512 0.878966 0.881749 0.882583 0.871466 0.869964 0.88133 0.891449 0.894509 0.895671 0.887742 0.889 0.88203 0.871554 0.863829 0.853266 0.83797 0.830046 0.813892 0.803177 0.789474 0.778716 0.766545 0.75732 0.74022 0.718622 0.708384 0.703594 0.696936 0.694591 0.690959 0.687056 0.683263 0.679537 0.675634 0.671461 0.666782 0.661603 0.655921 0.649697 0.642873 0.632492 0.60594 0.598141
-9999 -9999 -9999 -9999 -9999 -9999 -9999 -9999 -9999 0.77221 0.794995 0.820655 0.841659 0.851644 0.864527 0.873303 0.875617 0.87595 0.874651 0.873383 0.865849 0.857045 0.849306 0.840637 0.840104 0.843908 0.857226 0.864141 0.866153 0.866275 0.858785 0.862863 0.870656 0.875696 0.878232 0.878501 0.876706 0.874524 0.868568 0.863038 0.852623 0.837982 0.826526 0.81874 0.800167 0.789487 0.780827 0.765135 0.757745 0.748145 0.730643 0.706458 0.703257 0.69844 0.694295 0.689744 0.685216 0.681466 0.677328 0.673338 0.669249 0.664905 0.660268 0.655166 0.649731 0.643398 0.636478 0.62446 0.599376 0.592814
-9999 -9999 -9999 -9999 -9999 -9999 -9999 -9999 -9999 0.761413 0.781346 0.803446 0.819955 0.829343 0.841805 0.852322 0.85592 0.856247 0.85705 0.854984 0.849321 0.842577 0.835058 0.830919 0.823006 0.829926 0.84237 0.848543 0.852199 0.845513 0.843696 0.848701 0.853893 0.85662 0.861569 0.861832 0.860013 0.85275 0.847281 0.844553 0.838115 0.829505 0.816682 0.807808 0.795032 0.783614 0.771909 0.756765 0.747979 0.737143 0.719088 0.703931 0.698488 0.692985 0.688175 0.682849 0.678459 0.674769 0.670485 0.666291 0.662055 0.657728 0.653122 0.64808 0.642847 0.636286 0.628507 0.618532 0.588833 0.587617
-9999 -9999 -9999 -9999 -9999 -9999 -9999 -9999 -9999 0.747189 0.766037 0.784794 0.796815 0.8044 0.820447 0.831542 0.835388 0.837029 0.837538 0.832291 0.833145 0.831968 0.826058 0.817523 0.808371 0.809778 0.81099 0.831799 0.835419 0.824853 0.822407 0.824872 0.831603 0.837597 0.843554 0.844735 0.842097 0.831312 0.819003 0.819663 0.819557 0.813637 0.805378 0.792849 0.782882 0.772509 0.759642 0.734549 0.734548 0.72589 0.702004 0.695347 0.690572 0.686008 0.678472 0.673214 0.670508 0.667152 0.662692 0.658392 0.65419 0.649891 0.645458 0.640438 0.635254 0.629541 0.618489 0.609713 0.586276 0.582802
-9999 -9999 -9999 -9999 -9999 -9999 -9999 -9999 -9999 0.731504 0.746091 0.762932 0.773276 0.785355 0.799915 0.808855 0.81459 0.817298 0.818497 0.817235 0.816698 0.814246 0.808982 0.801521 0.793282 0.788498 0.793059 0.812217 0.800287 0.805198 0.801709 0.806329 0.813033 0.822738 0.827981 0.827985 0.826172 0.822321 0.812563 0.800508 0.796054 0.794942 0.78523 0.774192 0.768884 0.76036 0.748401 0.737143 0.726302 0.709127 0.690893 0.684047 0.679979 0.67833 0.67258 0.666481 0.663401 0.65856 0.65401 0.649747 0.645558 0.641436 0.637292 0.632746 0.627593 0.619263 0.611408 0.602097 0.597166 0.580524
-9999 -9999 -9999 -9999 -9999 -9999 -9999 -9999 -9999 0.713694 0.728162 0.743025 0.756828 0.769659 0.780827 0.784936 0.79176 0.794399 0.798632 0.800046 0.799181 0.797993 0.794373 0.785365 0.778149 0.770258 0.774865 0.783561 0.793625 0.788929 0.780238 0.789178 0.798904 0.807484 0.811639 0.806726 0.809057 0.806605 0.801235 0.792783 0.780837 0.776137 0.764726 0.758243 0.754409 0.748007 0.739695 0.729681 0.709712 0.701289 0.681543 0.673915 0.669624 0.666719 0.664283 0.658921 0.654183 0.649157 0.64452 0.640273 0.636231 0.632286 0.628344 0.624217 0.617128 0.609386 0.603211 0.596055 0.591952 0.582047
