Test_Spring_2018/03_18/Prec/20180322_017.txt
ncols	170
nrows	115
xllcorner	350000.000000
yllcorner	4445000.000000
cellsize	1000.000000
nodata_value	-9999.000000
[rows 31 to 61 of 115, columns 70 to 139 of 170]
0.128352 0.127535 0.128437 0.132086 0.134038 0.137475 0.140782 0.143451 0.167492 0.170908 0.175698 0.179051 0.183127 0.188241 0.191747 0.198872 0.21664 0.214923 0.216066 0.223629 0.224617 0.224421 0.232145 0.247136 0.256511 0.268869 0.278797 0.293291 0.3044 -9999 -9999 -9999 -9999 -9999 -9999 -9999 -9999 -9999 -9999 -9999 -9999 -9999 -9999 -9999 -9999 -9999 -9999 -9999 -9999 -9999 -9999 -9999 -9999 -9999 -9999 -9999 -9999 -9999 -9999 -9999 -9999 -9999 -9999 -9999 -9999 -9999 -9999 -9999 -9999 -9999
0.128684 0.129134 0.130964 0.134472 0.133994 0.133826 0.144631 0.166386 0.168783 0.171815 0.176019 0.181847 0.185644 0.189406 0.192689 0.199188 0.212812 0.225517 0.223308 0.226538 0.233878 0.231381 0.239271 0.253092 0.270959 0.269433 0.276821 0.305802 0.32259 -9999 -9999 -9999 -9999 -9999 -9999 -9999 -9999 -9999 -9999 -9999 -9999 -9999 -9999 -9999 -9999 -9999 -9999 -9999 -9999 -9999 -9999 -9999 -9999 -9999 -9999 -9999 -9999 -9999 -9999 -9999 -9999 -9999 -9999 -9999 -9999 -9999 -9999 -9999 -9999 -9999
0.132314 0.131085 0.133628 0.136168 0.134421 0.136579 0.144342 0.166275 0.170111 0.172693 0.176153 0.180337 0.184261 0.188208 0.194024 0.201248 0.213479 0.227744 0.233571 0.231656 0.235314 0.238733 0.246585 0.255641 0.267299 0.268005 0.272054 0.290705 0.32157 0.341599 -9999 -9999 -9999 -9999 -9999 -9999 -9999 -9999 -9999 -9999 -9999 -9999 -9999 -9999 -9999 -9999 -9999 -9999 -9999 -9999 -9999 -9999 -9999 -9999 -9999 -9999 -9999 -9999 -9999 -9999 -9999 -9999 -9999 -9999 -9999 -9999 -9999 -9999 -9999 -9999
0.136775 0.133567 0.136544 0.141993 0.141718 0.142103 0.164299 0.172461 0.175158 0.173808 0.177046 0.180167 0.184909 0.189235 0.194564 0.201736 0.210852 0.221408 0.237675 0.233563 0.231541 0.236279 0.24164 0.249884 0.261732 0.263029 0.26938 0.298752 0.33211 0.343747 0.352146 -9999 -9999 -9999 -9999 -9999 -9999 -9999 -9999 -9999 -9999 -9999 -9999 -9999 -9999 -9999 -9999 -9999 -9999 -9999 -9999 -9999 -9999 -9999 -9999 -9999 -9999 -9999 -9999 -9999 -9999 -9999 -9999 -9999 -9999 -9999 -9999 -9999 -9999 -9999
-9999 0.136694 0.139652 0.145933 0.14568 0.144777 0.162112 0.169757 0.174411 0.176226 0.17792 0.181036 0.185859 0.194437 0.198117 0.201303 0.208383 0.220074 0.232051 0.238192 0.233162 0.235345 0.241292 0.245105 0.256575 0.261086 0.269355 0.289118 0.31861 0.343376 0.353691 0.366719 -9999 -9999 -9999 -9999 -9999 -9999 -9999 -9999 -9999 -9999 -9999 -9999 -9999 -9999 -9999 -9999 -9999 -9999 -9999 -9999 -9999 -9999 -9999 -9999 -9999 -9999 -9999 -9999 -9999 -9999 -9999 -9999 -9999 -9999 -9999 -9999 -9999 -9999
-9999 -9999 -9999 -9999 0.150866 0.167447 0.169813 0.17289 0.175736 0.177146 0.178487 0.1816 0.18836 0.19309 0.196099 0.201644 0.20935 0.215596 0.224565 0.234188 0.236728 0.233891 0.243286 0.244031 0.251574 0.258163 0.270115 0.303744 0.326434 0.350642 0.361661 0.374535 -9999 -9999 -9999 -9999 -9999 -9999 -9999 -9999 -9999 -9999 -9999 -9999 -9999 -9999 -9999 -9999 -9999 -9999 -9999 -9999 -9999 -9999 -9999 -9999 -9999 -9999 -9999 -9999 -9999 -9999 -9999 -9999 -9999 -9999 -9999 -9999 -9999 -9999
-9999 -9999 -9999 -9999 -9999 0.16832 0.171535 0.169512 0.176826 0.178938 0.179238 0.182192 0.186495 0.190361 0.194724 0.199664 0.206156 0.213305 0.221997 0.226706 0.22642 0.2319 0.239255 0.24545 0.250599 0.2598 0.283765 0.312065 0.327536 0.362178 0.376271 0.384813 0.396603 -9999 -9999 -9999 -9999 -9999 -9999 -9999 -9999 -9999 -9999 -9999 -9999 0.420319 -9999 -9999 -9999 -9999 -9999 -9999 -9999 -9999 -9999 -9999 -9999 -9999 -9999 -9999 -9999 -9999 -9999 -9999 -9999 -9999 0.509098 -9999 -9999 -9999
-9999 -9999 -9999 -9999 0.148088 0.167394 0.168456 0.168699 0.175409 0.179696 0.179587 0.182454 0.186229 0.190019 0.195248 0.198565 0.203407 0.210775 0.215327 0.217966 0.222248 0.227255 0.233493 0.241634 0.251326 0.262206 0.292879 0.30874 0.323372 0.347712 0.373951 0.389112 0.406117 0.420707 -9999 -9999 -9999 -9999 -9999 -9999 -9999 0.437417 0.437032 0.435877 0.433101 0.427551 0.429237 -9999 -9999 -9999 -9999 -9999 -9999 -9999 -9999 -9999 -9999 -9999 -9999 -9999 -9999 -9999 -9999 -9999 -9999 -9999 0.507579 0.517596 -9999 -9999
-9999 -9999 -9999 -9999 0.165506 0.165873 0.168077 0.168644 0.170503 0.178777 0.180778 0.182534 0.185287 0.188985 0.19329 0.195666 0.201014 0.205505 0.210151 0.212212 0.216986 0.224125 0.232577 0.242015 0.25442 0.265358 0.293721 0.309313 0.327234 0.345469 0.377849 0.399555 0.420323 0.438231 -9999 -9999 -9999 -9999 -9999 -9999 0.450439 0.44592 0.442146 0.444825 0.438663 0.432936 0.431741 0.452976 -9999 -9999 -9999 -9999 -9999 -9999 -9999 -9999 -9999 -9999 -9999 -9999 -9999 -9999 0.46962 0.477958 0.492788 0.502322 0.509947 0.519671 -9999 -9999
-9999 -9999 -9999 -9999 0.165364 0.165401 0.166809 0.168418 0.171986 0.175728 0.180538 0.182663 0.185086 0.187443 0.189783 0.194188 0.19748 0.20381 0.203768 0.208188 0.214413 0.224422 0.233771 0.2489 0.262048 0.289057 0.297519 0.315405 0.337798 0.362324 0.399342 0.41425 0.430551 0.448888 -9999 -9999 -9999 -9999 -9999 -9999 0.463249 0.457597 0.45174 0.448193 0.449627 0.440049 0.455216 0.457092 0.456693 0.453046 0.451403 0.46433 0.463657 0.462672 0.464561 0.463253 -9999 -9999 -9999 -9999 0.466599 0.467903 0.469654 0.474517 0.490492 0.502934 0.515092 0.531025 -9999 -9999
-9999 -9999 -9999 -9999 0.16139 0.16345 0.166767 0.171026 0.172881 0.176924 0.181163 0.184725 0.186815 0.188455 0.189939 0.192195 0.19582 0.197757 0.200991 0.206213 0.218132 0.232522 0.237352 0.251242 0.278135 0.291509 0.302189 0.322291 0.348133 0.37571 0.406407 0.421662 0.44097 0.468184 -9999 -9999 -9999 0.491538 0.488311 0.488392 0.485723 0.478223 0.471109 0.457342 0.450955 0.457188 0.461816 0.462906 0.46495 0.462417 0.454944 0.453295 0.465082 0.463748 0.465241 0.466719 0.465072 0.464478 0.464827 0.466033 0.467194 0.468477 0.470594 0.475322 0.488195 0.498575 0.507261 0.537492 -9999 -9999
-9999 -9999 -9999 -9999 0.163094 0.165706 0.168643 0.172764 0.176604 0.178283 0.182427 0.184829 0.186164 0.189297 0.188501 0.18962 0.191149 0.193657 0.197409 0.206949 0.22003 0.234735 0.247019 0.260149 0.278834 0.297318 0.30889 0.330061 0.366826 0.394275 0.413088 0.44175 0.464154 0.485608 -9999 -9999 0.511915 0.505548 0.500101 0.496239 0.493291 0.490039 0.480914 0.4759 0.465747 0.471942 0.480187 0.476519 0.46879 0.465343 0.464876 0.463858 0.469484 0.467431 0.466311 0.466047 0.46479 0.464649 0.464893 0.465491 0.467202 0.468179 0.469997 0.473922 0.485547 0.493581 0.510878 0.538272 -9999 -9999
-9999 -9999 -9999 -9999 0.164222 0.166959 0.169201 0.173418 0.175489 0.179214 0.184873 0.183958 0.185684 0.187732 0.189081 0.187496 0.188281 0.189895 0.192742 0.201785 0.213307 0.229779 0.244753 0.263081 0.279475 0.318216 0.333689 0.352874 0.372739 0.390724 0.416846 0.44972 0.471017 0.493282 0.510482 -9999 0.524447 0.524015 0.516852 0.508703 0.501365 0.499122 0.488361 0.481711 0.481103 0.477935 0.48224 0.482769 0.480299 0.478796 0.473392 0.462853 0.469496 0.46729 0.4668 0.465847 0.465088 0.464754 0.464731 0.465013 0.465801 0.467104 0.469155 0.472276 0.479518 0.494493 0.508951 0.537504 -9999 -9999
-9999 -9999 -9999 0.153801 0.163708 0.165084 0.168799 0.172506 0.175748 0.178569 0.182425 0.183523 0.183944 0.185527 0.189068 0.188478 0.187881 0.186602 0.18883 0.192949 0.201768 0.220488 0.236562 0.266382 0.289892 0.316633 0.334423 0.348577 0.369424 0.394062 0.418868 0.453087 0.479446 0.500519 0.523014 0.532036 0.534114 0.534649 0.5301 0.51974 0.510026 0.5023 0.495297 0.493388 0.486293 0.484756 0.486409 0.483772 0.482649 0.480436 0.478481 0.474691 0.479757 0.468452 0.466111 0.466014 0.465025 0.464411 0.464118 0.464183 0.464788 0.466087 0.467993 0.470722 0.479648 0.490309 0.515411 0.538298 -9999 -9999
-9999 -9999 -9999 -9999 0.164463 0.168603 0.173774 0.178023 0.180661 0.182211 0.18374 0.184852 0.183851 0.183827 0.187153 0.190101 0.186379 0.185497 0.185889 0.189325 0.195286 0.221331 0.238976 0.258029 0.28239 0.304668 0.322983 0.344347 0.367807 0.398381 0.428589 0.467365 0.494942 0.511803 0.534017 0.540372 0.544336 0.53984 0.534965 0.53106 0.525576 0.510597 0.506538 0.500149 0.49163 0.489105 0.488321 0.486719 0.482499 0.479861 0.477552 0.482688 0.481766 0.478809 0.472032 0.465041 0.464595 0.463767 0.463249 0.463254 0.463777 0.464995 0.466909 0.473242 0.481777 0.491664 0.516166 0.537813 -9999 -9999
-9999 -9999 -9999 -9999 -9999 -9999 0.175792 0.179608 0.183175 0.185166 0.184488 0.184441 0.183874 0.183336 0.183834 0.186789 0.186922 0.186307 0.191435 0.194551 0.198467 0.209119 0.223008 0.247226 0.274867 0.291361 0.314413 0.343257 0.371247 0.399233 0.43191 0.468843 0.498469 0.523285 0.537899 0.540516 0.541881 0.537162 0.534327 0.534861 0.528376 0.520966 0.509821 0.500934 0.495155 0.492499 0.490836 0.490307 0.482745 0.479271 0.478442 0.477846 0.482579 0.47738 0.473885 0.468045 0.465298 0.463024 0.462432 0.462316 0.462815 0.464032 0.46993 0.474587 0.480394 0.487314 0.512767 0.539893 -9999 -9999
-9999 -9999 -9999 -9999 -9999 -9999 0.179658 0.184117 0.186317 0.183923 0.184925 0.184793 0.184951 0.183664 0.183469 0.185413 0.187849 0.190885 0.197271 0.199703 0.20129 0.208501 0.221923 0.24569 0.265908 0.288586 0.31389 0.345346 0.375113 0.402099 0.434967 0.473121 0.499616 0.526427 0.536803 0.54359 0.545664 0.540431 0.534807 0.530245 0.529671 0.52176 0.509699 0.50329 0.500195 0.493699 0.493343 0.494093 0.484663 0.479768 0.47819 0.475484 0.480774 0.476635 0.472127 0.468055 0.464915 0.463146 0.461948 0.461794 0.462249 0.465106 0.46872 0.473566 0.47966 0.486836 0.506308 0.540368 -9999 -9999
-9999 -9999 -9999 -9999 -9999 -9999 -9999 0.188798 0.187994 0.183603 0.185698 0.186927 0.185316 0.184376 0.184638 0.184583 0.187623 0.193134 0.205908 0.208022 0.21024 0.21307 0.222824 0.240254 0.26688 0.292627 0.325556 0.358029 0.383108 0.408526 0.438917 0.475198 0.502409 0.515097 0.524546 0.530349 0.535266 0.540247 0.535574 0.529495 0.52809 0.519604 0.509549 0.5053 0.500125 0.494948 0.49492 0.49055 0.486336 0.479774 0.478968 0.47507 0.479579 0.476085 0.472092 0.468375 0.465093 0.463144 0.462033 0.46171 0.462657 0.464865 0.468572 0.473622 0.479888 0.487239 0.496424 0.521115 0.53745 -9999
-9999 -9999 -9999 -9999 -9999 -9999 -9999 0.194549 0.196331 0.190423 0.191597 0.188498 0.18635 0.18551 0.186946 0.188709 0.193193 0.194996 0.207023 0.216666 0.220873 0.233464 0.236226 0.24301 0.269366 0.311032 0.340966 0.36955 0.391889 0.415469 0.440442 0.480774 0.50276 0.509938 0.517877 0.524059 0.528047 0.531967 0.532924 0.524256 0.520491 0.513728 0.508904 0.502865 0.500525 0.496945 0.492833 0.490751 0.487269 0.480623 0.480787 0.47524 0.480103 0.477235 0.473861 0.468948 0.466049 0.463953 0.463377 0.46289 0.463979 0.466078 0.469722 0.474801 0.481171 0.488471 0.49673 0.511654 0.527047 0.538772
-9999 -9999 -9999 -9999 -9999 -9999 -9999 -9999 0.206021 0.19639 0.194591 0.19258 0.188365 0.187298 0.192495 0.192577 0.197311 0.202934 0.214173 0.229291 0.243235 0.238202 0.238109 0.247308 0.272104 0.309797 0.338397 0.361335 0.380314 0.406374 0.431049 0.468206 0.488864 0.508189 0.519435 0.526111 0.527138 0.525514 0.522786 0.521291 0.515927 0.511591 0.506722 0.501056 0.496083 0.491114 0.492942 0.486489 0.484879 0.480496 0.478227 0.476172 0.481485 0.479705 0.474815 0.47049 0.467614 0.46792 0.466054 0.465557 0.466632 0.469332 0.472201 0.477213 0.483405 0.490653 0.49865 0.51219 0.522233 0.535129
-9999 -9999 -9999 -9999 -9999 -9999 -9999 -9999 0.213653 0.204016 0.202077 0.195281 0.193038 0.198102 0.196077 0.196272 0.200078 0.207828 0.216462 0.232961 0.252582 0.247004 0.245966 0.253795 0.271409 0.310688 0.327688 0.3524 0.37286 0.400218 0.423561 0.453717 0.475056 0.494633 0.516797 0.528448 0.522539 0.519933 0.516236 0.513149 0.509458 0.505227 0.505437 0.499824 0.500392 0.491678 0.490871 0.487631 0.48473 0.481863 0.479439 0.477309 0.482859 0.479237 0.477134 0.475936 0.474935 0.471915 0.470102 0.469709 0.470828 0.473432 0.477478 0.479739 0.48659 0.493567 0.501288 0.514542 0.523559 0.532751
-9999 -9999 -9999 -9999 -9999 -9999 -9999 -9999 0.233204 0.217595 0.209209 0.202436 0.207003 0.20386 0.201691 0.203345 0.205211 0.211529 0.219481 0.232301 0.251281 0.268491 0.270132 0.267392 0.277414 0.302031 0.322115 0.345973 0.369611 0.390119 0.409329 0.440485 0.469133 0.48954 0.503299 0.513936 0.510843 0.513176 0.515316 0.505311 0.503572 0.501327 0.501521 0.507554 0.503171 0.498758 0.496502 0.496388 0.490553 0.485284 0.481721 0.479309 0.485588 0.488044 0.48382 0.483331 0.479691 0.476998 0.475417 0.475109 0.4762 0.478762 0.482603 0.48754 0.489579 0.496207 0.50443 0.517342 0.525785 0.534366
-9999 -9999 -9999 -9999 -9999 -9999 -9999 -9999 0.236367 0.226263 0.214939 0.221902 0.213977 0.211563 0.208259 0.208514 0.211237 0.217514 0.226606 0.238304 0.255632 0.272749 0.276484 0.281083 0.289017 0.309719 0.325919 0.344828 0.364445 0.390709 0.409666 0.437089 0.455238 0.475782 0.489356 0.50268 0.498366 0.500848 0.50419 0.499517 0.498743 0.504196 0.507254 0.504887 0.505295 0.50555 0.506819 0.5026 0.497629 0.488838 0.496561 0.493227 0.496939 0.492134 0.492563 0.488597 0.485359 0.482955 0.481619 0.481405 0.48245 0.484882 0.488464 0.493114 0.498785 0.500304 0.507254 0.52023 0.528383 0.536268
-9999 -9999 -9999 -9999 -9999 -9999 -9999 -9999 0.238033 0.233115 0.223255 0.228638 0.220853 0.217676 0.215397 0.215949 0.21979 0.22446 0.231906 0.243039 0.2544 0.27045 0.290806 0.289369 0.303586 0.322108 0.344171 0.358676 0.377339 0.397235 0.421547 0.434056 0.450052 0.466287 0.477057 0.487248 0.487119 0.490759 0.493016 0.49407 0.500008 0.507536 0.512684 0.505403 0.503959 0.507315 0.515847 0.517524 0.510462 0.506362 0.502718 0.50243 0.502703 0.503135 0.4986 0.494713 0.491564 0.489563 0.488343 0.488298 0.489356 0.491548 0.494859 0.499124 0.504257 0.510082 0.511137 0.52368 0.531165 0.54465
-9999 -9999 -9999 -9999 -9999 -9999 -9999 -9999 -9999 0.242153 0.247896 0.23579 0.229281 0.225357 0.223945 0.2253 0.228651 0.233279 0.239944 0.249958 0.262725 0.280134 0.297323 0.30679 0.321801 0.343409 0.357331 0.365885 0.379919 0.400483 0.43895 0.449744 0.454492 0.464453 0.473217 0.480423 0.479625 0.484089 0.488102 0.493681 0.50727 0.516756 0.521313 0.519643 0.520939 0.523399 0.527553 0.519781 0.515158 0.511926 0.515055 0.524524 0.520155 0.513682 0.51043 0.505553 0.498197 0.496409 0.495454 0.495513 0.496488 0.498477 0.501453 0.508948 0.513961 0.519614 0.520083 0.532581 0.540186 0.547574
-9999 -9999 -9999 -9999 -9999 -9999 -9999 -9999 -9999 0.2682 0.25548 0.24144 0.238017 0.234447 0.231677 0.233659 0.238376 0.243939 0.250751 0.259216 0.272897 0.287948 0.304259 0.318341 0.330723 0.357295 0.367977 0.372484 0.385836 0.401787 0.444165 0.459801 0.461447 0.463094 0.470258 0.477281 0.491186 0.493058 0.500556 0.508842 0.511631 0.514848 0.520731 0.517269 0.52079 0.517725 0.531594 0.526681 0.523263 0.517224 0.519926 0.53164 0.52826 0.52165 0.518407 0.512212 0.508731 0.506817 0.505939 0.505975 0.506993 0.508915 0.511823 0.51557 0.520043 0.525192 0.531003 0.532081 0.550886 0.557284
-9999 -9999 -9999 -9999 -9999 -9999 -9999 -9999 -9999 0.270694 0.262983 0.251217 0.242927 0.244512 0.241727 0.241792 0.24727 0.25384 0.261489 0.268919 0.282994 0.299029 0.315009 0.333259 0.3447 0.353281 0.372224 0.379423 0.392406 0.407739 0.444923 0.453361 0.457173 0.462603 0.46905 0.475962 0.482874 0.487883 0.494347 0.497968 0.50426 0.512722 0.516022 0.513954 0.521608 0.520227 0.516138 0.533816 0.526974 0.522684 0.527034 0.541596 0.53291 0.527089 0.521848 0.518291 0.515931 0.513909 0.513296 0.513407 0.514353 0.516151 0.518715 0.522109 0.526104 0.531201 0.537021 0.548118 0.556288 0.561619
-9999 -9999 -9999 -9999 -9999 -9999 -9999 -9999 -9999 0.27315 0.266776 0.257307 0.252549 0.253994 0.251217 0.249408 0.253785 0.260833 0.267001 0.276029 0.289005 0.303693 0.320072 0.334121 0.353287 0.358595 0.379392 0.386674 0.397092 0.434613 0.448385 0.454666 0.459919 0.466551 0.469496 0.475567 0.481906 0.491807 0.497798 0.498913 0.501809 0.505053 0.510917 0.511292 0.514454 0.515301 0.515792 0.535654 0.53146 0.529567 0.534298 0.541763 0.536146 0.531645 0.527546 0.525091 0.522762 0.520727 0.520211 0.520406 0.521331 0.522925 0.525279 0.528463 0.53215 0.537436 0.544151 0.553242 0.565493 0.565626
-9999 -9999 -9999 -9999 -9999 -9999 -9999 -9999 -9999 0.278944 0.27221 0.264872 0.26364 0.266129 0.259173 0.25655 0.260732 0.266747 0.273724 0.286648 0.293676 0.303375 0.31873 0.337752 0.35848 0.3695 0.381398 0.394759 0.40463 0.445057 0.458645 0.466626 0.469388 0.471793 0.472909 0.477389 0.484109 0.497391 0.510418 0.508383 0.505377 0.506661 0.50883 0.514035 0.515501 0.516482 0.519345 0.52911 0.53955 0.53631 0.551866 0.547252 0.541538 0.536536 0.535559 0.533258 0.529329 0.526991 0.526633 0.526874 0.527685 0.529175 0.531299 0.534443 0.538111 0.542611 0.552801 0.56085 0.57631 0.56903
-9999 -9999 -9999 -9999 -9999 -9999 -9999 -9999 -9999 0.286049 0.282299 0.275689 0.275115 0.272168 0.266129 0.265363 0.267529 0.27261 0.279248 0.288626 0.297701 0.309366 0.324698 0.343179 0.363401 0.381013 0.389891 0.405556 0.421534 0.4548 0.468969 0.474182 0.476365 0.474375 0.475668 0.480898 0.486464 0.492524 0.503005 0.514225 0.516116 0.513109 0.517518 0.522049 0.519654 0.519656 0.522479 0.524108 0.542277 0.546949 0.558627 0.554685 0.548628 0.540932 0.538326 0.537004 0.533518 0.532716 0.532446 0.53264 0.533443 0.534784 0.536684 0.539461 0.543259 0.550644 0.557823 0.56671 0.571287 0.569628
-9999 -9999 -9999 -9999 -9999 -9999 -9999 -9999 -9999 0.29513 0.290228 0.284452 0.279285 0.274676 0.271413 0.27512 0.275954 0.281124 0.284902 0.291971 0.301945 0.312967 0.327296 0.348011 0.367771 0.389032 0.398205 0.403606 0.445787 0.461594 0.480944 0.481516 0.480319 0.479162 0.48126 0.491257 0.492416 0.496988 0.503057 0.510801 0.520683 0.521792 0.528473 0.528941 0.52566 0.524108 0.52379 0.524679 0.531184 0.549826 0.563055 0.560149 0.554482 0.548166 0.542217 0.540149 0.538343 0.537717 0.537538 0.537753 0.538487 0.539784 0.54167 0.544266 0.550342 0.55747 0.563312 0.570408 0.574569 0.576768
