Test_Spring_2018/03_18/Prec/20180325_013.txt
ncols	170
nrows	115
xllcorner	350000.000000
yllcorner	4445000.000000
cellsize	1000.000000
nodata_value	-9999.000000
[rows 31 to 61 of 115, columns 70 to 139 of 170]
0.388817 0.390124 0.392174 0.395265 0.397744 0.404668 0.401476 0.404408 0.421196 0.423802 0.426676 0.428846 0.431127 0.433693 0.435669 0.438994 0.446242 0.446719 0.448442 0.452705 0.454875 0.456864 0.461894 0.469699 0.475639 0.482743 0.495497 0.502892 0.510035 -9999 -9999 -9999 -9999 -9999 -9999 -9999 -9999 -9999 -9999 -9999 -9999 -9999 -9999 -9999 -9999 -9999 -9999 -9999 -9999 -9999 -9999 -9999 -9999 -9999 -9999 -9999 -9999 -9999 -9999 -9999 -9999 -9999 -9999 -9999 -9999 -9999 -9999 -9999 -9999 -9999
0.396281 0.397742 0.399819 0.402573 0.403933 0.405387 0.408405 0.420383 0.427238 0.429757 0.432534 0.435742 0.438108 0.440379 0.442446 0.445675 0.45151 0.457123 0.457549 0.460074 0.464233 0.465042 0.469709 0.476623 0.485086 0.486706 0.491556 0.510012 0.526742 -9999 -9999 -9999 -9999 -9999 -9999 -9999 -9999 -9999 -9999 -9999 -9999 -9999 -9999 -9999 -9999 -9999 -9999 -9999 -9999 -9999 -9999 -9999 -9999 -9999 -9999 -9999 -9999 -9999 -9999 -9999 -9999 -9999 -9999 -9999 -9999 -9999 -9999 -9999 -9999 -9999
0.404828 0.405422 0.407486 0.409646 0.410343 0.41247 0.420139 0.425833 0.433437 0.435864 0.438496 0.441277 0.443866 0.446379 0.449501 0.453094 0.458473 0.464605 0.467776 0.468255 0.470807 0.473365 0.477596 0.482344 0.488099 0.490007 0.493157 0.507995 0.528824 0.545168 -9999 -9999 -9999 -9999 -9999 -9999 -9999 -9999 -9999 -9999 -9999 -9999 -9999 -9999 -9999 -9999 -9999 -9999 -9999 -9999 -9999 -9999 -9999 -9999 -9999 -9999 -9999 -9999 -9999 -9999 -9999 -9999 -9999 -9999 -9999 -9999 -9999 -9999 -9999 -9999
0.413501 0.413149 0.415134 0.418121 0.419172 0.420548 0.434439 0.438424 0.441026 0.442142 0.444834 0.447405 0.450466 0.453287 0.456377 0.460042 0.464333 0.469085 0.475841 0.47531 0.47553 0.478188 0.481107 0.485105 0.490445 0.492074 0.495557 0.521199 0.542085 0.547914 0.552566 -9999 -9999 -9999 -9999 -9999 -9999 -9999 -9999 -9999 -9999 -9999 -9999 -9999 -9999 -9999 -9999 -9999 -9999 -9999 -9999 -9999 -9999 -9999 -9999 -9999 -9999 -9999 -9999 -9999 -9999 -9999 -9999 -9999 -9999 -9999 -9999 -9999 -9999 -9999
-9999 0.420887 0.42266 0.425765 0.426689 0.427524 0.43646 0.448195 0.446532 0.4489 0.451202 0.453959 0.457242 0.461759 0.464401 0.46673 0.470307 0.475395 0.480465 0.483353 0.482185 0.483551 0.486252 0.488209 0.492937 0.495233 0.498926 0.515207 0.539072 0.549632 0.554593 0.560529 -9999 -9999 -9999 -9999 -9999 -9999 -9999 -9999 -9999 -9999 -9999 -9999 -9999 -9999 -9999 -9999 -9999 -9999 -9999 -9999 -9999 -9999 -9999 -9999 -9999 -9999 -9999 -9999 -9999 -9999 -9999 -9999 -9999 -9999 -9999 -9999 -9999 -9999
-9999 -9999 -9999 -9999 0.434434 0.442631 0.450102 0.454645 0.452688 0.455065 0.457434 0.460402 0.464591 0.467926 0.470479 0.473738 0.47755 0.480619 0.48445 0.48833 0.489536 0.488721 0.492217 0.492615 0.495464 0.498025 0.502569 0.53011 0.543861 0.553906 0.558741 0.564271 -9999 -9999 -9999 -9999 -9999 -9999 -9999 -9999 -9999 -9999 -9999 -9999 -9999 -9999 -9999 -9999 -9999 -9999 -9999 -9999 -9999 -9999 -9999 -9999 -9999 -9999 -9999 -9999 -9999 -9999 -9999 -9999 -9999 -9999 -9999 -9999 -9999 -9999
-9999 -9999 -9999 -9999 -9999 0.448271 0.456054 0.456729 0.4586 0.46142 0.463644 0.4668 0.470352 0.473594 0.476796 0.479938 0.483332 0.486645 0.490205 0.492069 0.491927 0.493679 0.496002 0.497872 0.499385 0.502401 0.518479 0.535603 0.54134 0.559507 0.565055 0.568673 0.573509 -9999 -9999 -9999 -9999 -9999 -9999 -9999 -9999 -9999 -9999 -9999 -9999 0.610637 -9999 -9999 -9999 -9999 -9999 -9999 -9999 -9999 -9999 -9999 -9999 -9999 -9999 -9999 -9999 -9999 -9999 -9999 -9999 -9999 0.725738 -9999 -9999 -9999
-9999 -9999 -9999 -9999 0.444294 0.458299 0.459946 0.461579 0.467237 0.467224 0.469567 0.472971 0.476606 0.480062 0.483761 0.486436 0.489264 0.492581 0.494487 0.495344 0.496482 0.497652 0.499118 0.5012 0.503844 0.506977 0.531354 0.536748 0.5418 0.554994 0.565099 0.570698 0.577027 0.582585 -9999 -9999 -9999 -9999 -9999 -9999 -9999 0.600231 0.603401 0.606789 0.610073 0.612806 0.61851 -9999 -9999 -9999 -9999 -9999 -9999 -9999 -9999 -9999 -9999 -9999 -9999 -9999 -9999 -9999 -9999 -9999 -9999 -9999 0.72774 0.732423 -9999 -9999
-9999 -9999 -9999 -9999 0.461062 0.462233 0.464412 0.466345 0.469035 0.472196 0.475592 0.478913 0.482487 0.486178 0.489758 0.492228 0.495272 0.497491 0.499256 0.499633 0.500589 0.502097 0.503884 0.505937 0.50905 0.511714 0.534186 0.539087 0.544926 0.550979 0.567129 0.574663 0.581942 0.588305 -9999 -9999 -9999 -9999 -9999 -9999 0.600044 0.601334 0.603477 0.608506 0.610939 0.614044 0.619222 0.645076 -9999 -9999 -9999 -9999 -9999 -9999 -9999 -9999 -9999 -9999 -9999 -9999 -9999 -9999 0.713815 0.717505 0.72347 0.727588 0.731141 0.735612 -9999 -9999
-9999 -9999 -9999 -9999 0.464944 0.466096 0.468148 0.470666 0.474235 0.475123 0.480856 0.484651 0.488437 0.491943 0.495052 0.498393 0.50075 0.503564 0.503484 0.504431 0.505545 0.50765 0.509284 0.512868 0.515741 0.53602 0.537873 0.543197 0.550242 0.55816 0.571018 0.579899 0.585168 0.591277 -9999 -9999 -9999 -9999 -9999 -9999 0.602149 0.603134 0.604738 0.607853 0.613403 0.615629 0.638591 0.646166 0.653109 0.658932 0.66537 0.678916 0.686316 0.691659 0.697421 0.701382 -9999 -9999 -9999 -9999 0.714783 0.716109 0.717317 0.719485 0.725591 0.730515 0.735501 0.747149 -9999 -9999
-9999 -9999 -9999 -9999 0.466977 0.468979 0.471895 0.475598 0.478845 0.480506 0.486122 0.495843 0.499435 0.502597 0.505308 0.507791 0.510181 0.511346 0.512361 0.513524 0.516603 0.520199 0.520135 0.518003 0.531051 0.539423 0.541675 0.547396 0.555282 0.563903 0.574109 0.582315 0.588223 0.597086 -9999 -9999 -9999 0.604615 0.604371 0.605947 0.607253 0.607589 0.608832 0.608932 0.612135 0.625796 0.639659 0.647732 0.656346 0.663364 0.668495 0.675423 0.689828 0.695583 0.701634 0.70918 0.712275 0.714995 0.717338 0.719345 0.720797 0.721882 0.722994 0.724909 0.727683 0.731609 0.73515 0.751699 -9999 -9999
-9999 -9999 -9999 -9999 0.477634 0.480082 0.482983 0.485868 0.489938 0.49346 0.496267 0.500561 0.504142 0.508062 0.510136 0.512326 0.514004 0.515329 0.516403 0.518905 0.522131 0.52552 0.527758 0.535327 0.53972 0.549064 0.551454 0.551729 0.563038 0.5713 0.576582 0.58572 0.595677 0.602077 -9999 -9999 0.609129 0.606924 0.605678 0.605736 0.606944 0.608915 0.609676 0.612774 0.614863 0.627967 0.643188 0.65001 0.657965 0.665502 0.678109 0.685594 0.697107 0.703294 0.70845 0.713067 0.716456 0.719374 0.721607 0.723228 0.724633 0.725317 0.726009 0.727328 0.731422 0.734391 0.7451 0.755777 -9999 -9999
-9999 -9999 -9999 -9999 0.48566 0.488635 0.491627 0.495504 0.498764 0.497422 0.501258 0.504542 0.508439 0.512172 0.515167 0.516492 0.51794 0.518911 0.519556 0.521708 0.524148 0.52789 0.530774 0.539308 0.542612 0.558043 0.56157 0.566396 0.571438 0.575783 0.578197 0.588436 0.59437 0.603489 0.608123 -9999 0.611098 0.610716 0.608645 0.607062 0.606703 0.609153 0.609569 0.612436 0.621861 0.628186 0.642536 0.65657 0.664729 0.673195 0.680075 0.687817 0.700247 0.706521 0.712476 0.717101 0.720801 0.723665 0.725707 0.727025 0.727839 0.728332 0.728781 0.729496 0.73174 0.740528 0.746069 0.757051 -9999 -9999
-9999 -9999 -9999 0.482561 0.487577 0.490321 0.494064 0.497951 0.501794 0.505571 0.508624 0.508189 0.511912 0.515447 0.519343 0.521098 0.522079 0.52199 0.522334 0.522598 0.523896 0.528223 0.535015 0.542595 0.548238 0.559295 0.563386 0.566119 0.571181 0.577538 0.583905 0.593894 0.596845 0.602512 0.610898 0.612523 0.61213 0.611813 0.610472 0.607992 0.606784 0.60739 0.609372 0.61676 0.62131 0.633846 0.647685 0.656442 0.665859 0.67483 0.683668 0.691463 0.703758 0.710384 0.715969 0.721062 0.724784 0.727539 0.729373 0.730416 0.730903 0.731094 0.731179 0.731452 0.736867 0.740634 0.754135 0.763323 -9999 -9999
-9999 -9999 -9999 -9999 0.489751 0.493728 0.498193 0.502433 0.506179 0.509584 0.511997 0.515422 0.517888 0.5184 0.522077 0.525131 0.525006 0.525039 0.524678 0.524618 0.524785 0.533875 0.53776 0.541849 0.547625 0.556665 0.560729 0.565785 0.571491 0.579642 0.587578 0.59877 0.605603 0.608745 0.611778 0.613694 0.613676 0.611316 0.609682 0.60941 0.60971 0.607822 0.612645 0.620496 0.625644 0.633828 0.647324 0.657148 0.666151 0.675642 0.684997 0.696579 0.707224 0.714344 0.719027 0.724366 0.72818 0.730828 0.732465 0.733299 0.733519 0.733415 0.733231 0.73654 0.741999 0.746046 0.755635 0.764393 -9999 -9999
-9999 -9999 -9999 -9999 -9999 -9999 0.501109 0.505303 0.509439 0.513013 0.514716 0.517668 0.520216 0.522454 0.524641 0.526505 0.527743 0.527856 0.529168 0.528788 0.529718 0.531483 0.533989 0.539856 0.549978 0.553384 0.558988 0.566522 0.573616 0.580577 0.589095 0.599276 0.606497 0.612135 0.614407 0.612843 0.611253 0.608624 0.607579 0.608817 0.608755 0.612406 0.614501 0.618774 0.625328 0.633948 0.647551 0.658314 0.666671 0.676393 0.686781 0.696787 0.709824 0.716476 0.722585 0.72657 0.730284 0.733385 0.734886 0.735521 0.735545 0.735238 0.738739 0.740339 0.742602 0.745588 0.755544 0.766292 -9999 -9999
-9999 -9999 -9999 -9999 -9999 -9999 0.504597 0.509067 0.512702 0.514648 0.51691 0.51969 0.522341 0.524161 0.525969 0.528061 0.529661 0.531067 0.53309 0.533033 0.532111 0.532695 0.535068 0.540786 0.548131 0.553702 0.56003 0.568379 0.575952 0.582367 0.590737 0.601103 0.606953 0.613052 0.613575 0.613289 0.611989 0.608896 0.606772 0.606492 0.609413 0.611247 0.613191 0.618582 0.626374 0.633939 0.648284 0.659862 0.667904 0.677458 0.687896 0.69744 0.710903 0.718128 0.724019 0.728724 0.732329 0.734968 0.736575 0.737091 0.736984 0.738206 0.739256 0.740909 0.743288 0.746405 0.754284 0.767558 -9999 -9999
-9999 -9999 -9999 -9999 -9999 -9999 -9999 0.512807 0.515285 0.516381 0.518886 0.521933 0.523724 0.525452 0.527239 0.528481 0.530344 0.532589 0.536834 0.53673 0.536126 0.535249 0.536415 0.539959 0.54962 0.556316 0.565361 0.574035 0.579865 0.585624 0.592992 0.602561 0.608526 0.609448 0.609515 0.608773 0.608409 0.608959 0.607144 0.606274 0.608771 0.610442 0.613169 0.619419 0.626573 0.634725 0.649289 0.659165 0.669189 0.678258 0.689071 0.698274 0.711516 0.719011 0.725104 0.729934 0.73347 0.736015 0.737462 0.737951 0.738244 0.738801 0.739916 0.741696 0.74421 0.747473 0.751766 0.761757 0.769176 -9999
-9999 -9999 -9999 -9999 -9999 -9999 -9999 0.516917 0.520168 0.520521 0.522463 0.523685 0.525002 0.526501 0.528483 0.530097 0.532717 0.533556 0.537783 0.540039 0.540269 0.543025 0.541852 0.541748 0.551488 0.563961 0.572003 0.579328 0.584197 0.589299 0.594721 0.605741 0.609822 0.608764 0.608291 0.607692 0.607014 0.607633 0.607708 0.605988 0.607534 0.609794 0.614341 0.619886 0.627972 0.636601 0.649624 0.660198 0.67036 0.679274 0.690302 0.698784 0.71204 0.719637 0.725842 0.730155 0.733764 0.736223 0.738242 0.738547 0.738846 0.739661 0.740864 0.742778 0.745456 0.748822 0.752893 0.759464 0.766602 0.772623
-9999 -9999 -9999 -9999 -9999 -9999 -9999 -9999 0.525547 0.524324 0.52491 0.526205 0.52647 0.527597 0.531923 0.532416 0.534429 0.536593 0.540556 0.545647 0.548272 0.544915 0.542918 0.543873 0.553353 0.564553 0.572244 0.577661 0.581426 0.587502 0.592905 0.602926 0.60663 0.610014 0.610833 0.611303 0.610545 0.608346 0.60719 0.608063 0.609204 0.611879 0.616256 0.621725 0.628617 0.636462 0.651349 0.660015 0.670497 0.67987 0.689689 0.699085 0.712234 0.71995 0.725391 0.729746 0.733258 0.738031 0.738737 0.739155 0.739601 0.740347 0.742198 0.744269 0.747054 0.750551 0.754649 0.760788 0.766064 0.772512
-9999 -9999 -9999 -9999 -9999 -9999 -9999 -9999 0.530301 0.528804 0.529018 0.528277 0.532381 0.53411 0.533805 0.534191 0.535769 0.538639 0.541671 0.547302 0.553781 0.548447 0.545995 0.546682 0.550537 0.565925 0.569642 0.575853 0.580303 0.587003 0.592103 0.599872 0.604013 0.607691 0.614062 0.617715 0.613049 0.610707 0.609332 0.609673 0.611351 0.614356 0.617945 0.624734 0.633207 0.639264 0.652812 0.66209 0.671575 0.680962 0.69021 0.699086 0.711926 0.7186 0.72472 0.731776 0.737111 0.738442 0.739287 0.739924 0.740614 0.741583 0.743031 0.746242 0.74907 0.752635 0.75676 0.762847 0.767791 0.772912
-9999 -9999 -9999 -9999 -9999 -9999 -9999 -9999 0.539515 0.535609 0.538481 0.536727 0.538004 0.537232 0.536702 0.537464 0.538241 0.540532 0.543297 0.547635 0.553946 0.559336 0.555317 0.552461 0.553432 0.563978 0.568984 0.57508 0.580863 0.58533 0.589184 0.597643 0.607399 0.611122 0.616552 0.617309 0.613994 0.613676 0.61454 0.612445 0.614726 0.618222 0.623892 0.629654 0.635718 0.644886 0.657413 0.667139 0.674911 0.682786 0.690993 0.699163 0.711784 0.722888 0.727571 0.735305 0.737456 0.738972 0.740059 0.740956 0.741917 0.743179 0.744866 0.747071 0.751734 0.755482 0.75919 0.765184 0.769947 0.774835
-9999 -9999 -9999 -9999 -9999 -9999 -9999 -9999 0.54946 0.54601 0.542735 0.544651 0.542139 0.541453 0.54036 0.540487 0.54146 0.543658 0.546783 0.550711 0.556457 0.561871 0.562195 0.558046 0.558862 0.568509 0.571825 0.576355 0.58092 0.591885 0.595508 0.602706 0.605779 0.614791 0.616503 0.618669 0.615302 0.615325 0.616784 0.616619 0.619125 0.625111 0.631415 0.636835 0.640517 0.64859 0.662161 0.67146 0.678803 0.684697 0.698943 0.706225 0.717559 0.722696 0.732835 0.735797 0.738067 0.739771 0.741125 0.742312 0.743565 0.745114 0.747041 0.749454 0.752432 0.758381 0.76261 0.768736 0.772378 0.776994
-9999 -9999 -9999 -9999 -9999 -9999 -9999 -9999 0.558655 0.551308 0.548372 0.549332 0.546708 0.5456 0.544737 0.544847 0.546111 0.547645 0.550116 0.553801 0.557404 0.562454 0.568757 0.566952 0.565207 0.574468 0.585591 0.58856 0.592689 0.597001 0.603469 0.604821 0.613298 0.616134 0.61734 0.618848 0.617364 0.61809 0.619323 0.621219 0.625988 0.632434 0.639073 0.642214 0.648249 0.652824 0.668429 0.679413 0.685896 0.693346 0.701126 0.708834 0.718461 0.730372 0.733874 0.73673 0.739016 0.740958 0.742542 0.744052 0.745622 0.747419 0.749581 0.752162 0.755212 0.75871 0.765749 0.771688 0.776256 0.785201
-9999 -9999 -9999 -9999 -9999 -9999 -9999 -9999 -9999 0.563719 0.564115 0.559732 0.557147 0.55537 0.554454 0.55455 0.55542 0.556816 0.558984 0.562336 0.566587 0.572324 0.577728 0.580049 0.578279 0.589015 0.59226 0.593274 0.59597 0.600787 0.613105 0.620723 0.619637 0.620596 0.621464 0.622273 0.620797 0.622086 0.624091 0.627607 0.634967 0.642142 0.648326 0.653168 0.659838 0.663317 0.677286 0.682614 0.689181 0.696172 0.70518 0.718542 0.73064 0.734164 0.738022 0.740492 0.740426 0.742541 0.744406 0.746208 0.748047 0.750088 0.752441 0.7578 0.761186 0.764964 0.773011 0.77891 0.783624 0.788193
-9999 -9999 -9999 -9999 -9999 -9999 -9999 -9999 -9999 0.574855 0.570433 0.565295 0.56377 0.562085 0.560644 0.560908 0.562188 0.563815 0.56591 0.568571 0.573004 0.577765 0.58274 0.586625 0.589564 0.5961 0.598271 0.59797 0.600602 0.603997 0.625233 0.628383 0.626616 0.625048 0.625777 0.626915 0.631097 0.631683 0.63507 0.639594 0.643041 0.647521 0.653792 0.6575 0.664383 0.669484 0.68183 0.687467 0.693746 0.699034 0.707229 0.720875 0.733587 0.736754 0.740422 0.742344 0.744584 0.746809 0.748928 0.75101 0.753199 0.755581 0.758283 0.76133 0.76473 0.768491 0.772605 0.781802 0.78967 0.793861
-9999 -9999 -9999 -9999 -9999 -9999 -9999 -9999 -9999 0.579921 0.577201 0.572824 0.569531 0.569663 0.568184 0.567713 0.569187 0.571065 0.573324 0.575461 0.579871 0.584821 0.589533 0.594787 0.59731 0.598498 0.602232 0.60297 0.605596 0.608941 0.62918 0.630086 0.629453 0.629611 0.630452 0.631888 0.633852 0.635757 0.638874 0.641721 0.646288 0.652394 0.657392 0.661154 0.668991 0.674116 0.678679 0.692355 0.696788 0.702093 0.710304 0.732919 0.735665 0.738857 0.741656 0.744461 0.747137 0.749438 0.75183 0.754163 0.756575 0.759165 0.761985 0.76512 0.76853 0.772416 0.776641 0.782814 0.794079 0.79788
-9999 -9999 -9999 -9999 -9999 -9999 -9999 -9999 -9999 0.585416 0.583101 0.579507 0.577458 0.577526 0.576028 0.574842 0.575846 0.577786 0.579375 0.581914 0.585748 0.590031 0.594709 0.598309 0.603467 0.603404 0.607454 0.608242 0.610015 0.631012 0.634009 0.634394 0.634556 0.635439 0.635324 0.636726 0.638707 0.642512 0.645531 0.64746 0.650695 0.654723 0.660333 0.664589 0.670383 0.675818 0.681501 0.695269 0.700135 0.705799 0.722426 0.734054 0.737616 0.741083 0.744176 0.747344 0.750074 0.752478 0.755064 0.75762 0.760236 0.762966 0.765912 0.76915 0.772602 0.776678 0.781321 0.786855 0.800102 0.802057
-9999 -9999 -9999 -9999 -9999 -9999 -9999 -9999 -9999 0.592503 0.590003 0.587148 0.586355 0.586797 0.583795 0.582282 0.583146 0.584608 0.586338 0.59009 0.5916 0.593891 0.597995 0.603176 0.608724 0.610567 0.617443 0.613943 0.615514 0.638056 0.641108 0.642262 0.641727 0.641312 0.640755 0.641783 0.644058 0.649176 0.65475 0.655526 0.656549 0.6597 0.663746 0.669424 0.674266 0.679368 0.685497 0.69889 0.704781 0.709589 0.73327 0.737373 0.740706 0.743866 0.74801 0.75123 0.753444 0.755843 0.758623 0.761358 0.764104 0.766968 0.76999 0.773356 0.776923 0.780822 0.786792 0.792032 0.798988 0.806291
-9999 -9999 -9999 -9999 -9999 -9999 -9999 -9999 -9999 0.600402 0.59893 0.596332 0.595791 0.59431 0.59164 0.590765 0.590848 0.591871 0.593331 0.595629 0.597653 0.600409 0.604262 0.609016 0.614166 0.618173 0.618877 0.620711 0.631828 0.644709 0.648001 0.648238 0.647599 0.645735 0.645367 0.64678 0.648739 0.651342 0.656026 0.6615 0.664188 0.665671 0.670337 0.675555 0.67877 0.683256 0.689092 0.694761 0.707507 0.724416 0.737457 0.74165 0.744755 0.746895 0.750445 0.754046 0.756486 0.759531 0.762461 0.765308 0.768184 0.771121 0.77418 0.777519 0.781224 0.786235 0.791209 0.796828 0.800931 0.809778
-9999 -9999 -9999 -9999 -9999 -9999 -9999 -9999 -9999 0.609284 0.607385 0.605105 0.602964 0.600932 0.599278 0.599995 0.599554 0.600511 0.600803 0.602081 0.60419 0.606454 0.609672 0.614943 0.61966 0.62472 0.625308 0.629475 0.646408 0.650106 0.655189 0.653748 0.65191 0.650373 0.650333 0.653491 0.653913 0.656004 0.659109 0.663312 0.668791 0.671655 0.677019 0.680655 0.68341 0.687189 0.691752 0.697011 0.708796 0.727366 0.740939 0.745458 0.74869 0.751338 0.753738 0.757138 0.76026 0.763461 0.766521 0.769474 0.772416 0.77542 0.778547 0.781887 0.786466 0.791447 0.796013 0.801074 0.80513 0.807129
