Test_Spring_2018/03_18/Prec/20180312_019.txt
ncols	170
nrows	115
xllcorner	350000.000000
yllcorner	4445000.000000
cellsize	1000.000000
nodata_value	-9999.000000
[rows 32 to 63 of 115, columns 72 to 143 of 170]
1.46851 1.49187 1.49813 1.50575 1.58223 1.62787 1.67138 1.68445 1.70209 1.72618 1.74087 1.75467 1.76556 1.7893 1.84261 1.89071 1.87319 1.87752 1.89788 1.87411 1.89327 1.93623 1.995 1.96892 1.98017 2.02478 2.03053 -9999 -9999 -9999 -9999 -9999 -9999 -9999 -9999 -9999 -9999 -9999 -9999 -9999 -9999 -9999 -9999 -9999 -9999 -9999 -9999 -9999 -9999 -9999 -9999 -9999 -9999 -9999 -9999 -9999 -9999 -9999 -9999 -9999 -9999 -9999 -9999 -9999 -9999 -9999 -9999 -9999 -9999 -9999 -9999 -9999
1.49048 1.50955 1.51025 1.52785 1.55488 1.63654 1.68636 1.69749 1.71197 1.72902 1.74428 1.75882 1.78044 1.807 1.85384 1.908 1.92424 1.90541 1.90873 1.9091 1.92664 1.94748 1.97782 1.95953 1.95447 1.97357 2.01514 2.06387 -9999 -9999 -9999 -9999 -9999 -9999 -9999 -9999 -9999 -9999 -9999 -9999 -9999 -9999 -9999 -9999 -9999 -9999 -9999 -9999 -9999 -9999 -9999 -9999 -9999 -9999 -9999 -9999 -9999 -9999 -9999 -9999 -9999 -9999 -9999 -9999 -9999 -9999 -9999 -9999 -9999 -9999 -9999 -9999
1.51447 1.54585 1.55277 1.56274 1.60121 1.7065 1.71855 1.71297 1.72677 1.73956 1.75863 1.77502 1.79464 1.8209 1.85404 1.89169 1.95207 1.92271 1.90024 1.90471 1.90972 1.92506 1.95402 1.9359 1.93823 1.95781 2.03734 2.05912 2.06804 -9999 -9999 -9999 -9999 -9999 -9999 -9999 -9999 -9999 -9999 -9999 -9999 -9999 -9999 -9999 -9999 -9999 -9999 -9999 -9999 -9999 -9999 -9999 -9999 -9999 -9999 -9999 -9999 -9999 -9999 -9999 -9999 -9999 -9999 -9999 -9999 -9999 -9999 -9999 -9999 -9999 -9999 -9999
1.54004 1.57472 1.5816 1.58603 1.61391 1.66848 1.72688 1.73538 1.74309 1.75646 1.77649 1.81172 1.82464 1.83393 1.85822 1.90036 1.94152 1.95519 1.9183 1.90996 1.91533 1.90916 1.93378 1.92655 1.93398 1.94112 1.99502 2.04329 2.05715 2.08422 -9999 -9999 -9999 -9999 -9999 -9999 -9999 -9999 -9999 -9999 -9999 -9999 -9999 -9999 -9999 -9999 -9999 -9999 -9999 -9999 -9999 -9999 -9999 -9999 -9999 -9999 -9999 -9999 -9999 -9999 -9999 -9999 -9999 -9999 -9999 -9999 -9999 -9999 -9999 -9999 -9999 -9999
-9999 -9999 1.61613 1.64319 1.6906 1.69308 1.74505 1.75252 1.75957 1.77387 1.80319 1.82274 1.83351 1.85346 1.88062 1.89911 1.92667 1.9542 1.9483 1.91628 1.93401 1.91174 1.91622 1.91439 1.93385 1.98833 2.01895 2.06012 2.07313 2.09586 -9999 -9999 -9999 -9999 -9999 -9999 -9999 -9999 -9999 -9999 -9999 -9999 -9999 -9999 -9999 -9999 -9999 -9999 -9999 -9999 -9999 -9999 -9999 -9999 -9999 -9999 -9999 -9999 -9999 -9999 -9999 -9999 -9999 -9999 -9999 -9999 -9999 -9999 -9999 -9999 -9999 -9999
-9999 -9999 -9999 1.65901 1.70923 1.70533 1.76291 1.7744 1.77815 1.79307 1.81315 1.83027 1.84799 1.86619 1.8886 1.91097 1.93681 1.94207 1.9223 1.9238 1.92993 1.9278 1.91819 1.92344 1.94289 2.01744 2.04285 2.09513 2.11689 2.11678 2.13316 -9999 -9999 -9999 -9999 -9999 -9999 -9999 -9999 -9999 -9999 -9999 -9999 2.03063 -9999 -9999 -9999 -9999 -9999 -9999 -9999 -9999 -9999 -9999 -9999 -9999 -9999 -9999 -9999 -9999 -9999 -9999 -9999 -9999 1.86615 -9999 -9999 -9999 -9999 -9999 -9999 -9999
-9999 -9999 1.62894 1.69834 1.70748 1.71406 1.73382 1.7926 1.7961 1.81232 1.83187 1.85037 1.87336 1.8858 1.90192 1.9255 1.93313 1.92841 1.92653 1.92352 1.92168 1.92418 1.92983 1.93752 1.97513 1.9972 2.01344 2.04632 2.08691 2.11058 2.14521 2.17296 -9999 -9999 -9999 -9999 -9999 -9999 -9999 2.1037 2.09623 2.0857 2.06773 2.0368 2.03561 -9999 -9999 -9999 -9999 -9999 -9999 -9999 -9999 -9999 -9999 -9999 -9999 -9999 -9999 -9999 -9999 -9999 -9999 -9999 1.85404 1.86631 -9999 -9999 -9999 -9999 -9999 -9999
-9999 -9999 1.69764 1.70284 1.71737 1.72622 1.74184 1.80405 1.81848 1.83196 1.84927 1.86951 1.89049 1.90052 1.91998 1.93171 1.93956 1.93137 1.92978 1.9333 1.93758 1.9415 1.95403 1.95661 1.97983 1.99458 2.01872 2.04455 2.08283 2.12949 2.17573 2.21389 -9999 -9999 -9999 -9999 -9999 -9999 2.12976 2.1059 2.08651 2.09516 2.06512 2.03561 2.02377 2.00701 -9999 -9999 -9999 -9999 -9999 -9999 -9999 -9999 -9999 -9999 -9999 -9999 -9999 -9999 1.78417 1.80075 1.84209 1.85721 1.86066 1.86985 -9999 -9999 -9999 -9999 -9999 -9999
-9999 -9999 1.70767 1.71152 1.72315 1.73751 1.76196 1.82395 1.83517 1.85263 1.87105 1.88806 1.90295 1.92375 1.93586 1.95635 1.94404 1.94514 1.94798 1.96111 1.9656 1.98954 2.00004 2.0196 1.9987 2.01653 2.05303 2.09916 2.17181 2.16548 2.18757 2.22351 -9999 -9999 -9999 -9999 -9999 -9999 2.14768 2.12178 2.09642 2.08121 2.08658 2.04282 2.01215 2.00904 1.99413 1.96351 1.94027 1.91787 1.86892 1.85324 1.85069 1.83516 -9999 -9999 -9999 -9999 1.80165 1.79414 1.78581 1.78755 1.83338 1.86 1.88132 1.86541 -9999 -9999 -9999 -9999 -9999 -9999
-9999 -9999 1.70057 1.71321 1.73367 1.76056 1.77927 1.84352 1.85562 1.89268 1.91148 1.92732 1.94047 1.95387 1.96902 1.97183 1.97436 1.97909 2.00604 2.03704 2.02049 2.02033 2.08631 2.04096 2.0226 2.04265 2.08661 2.1386 2.17744 2.1692 2.1991 2.2461 -9999 -9999 -9999 2.23645 2.21122 2.20545 2.19189 2.16022 2.13154 2.09322 2.06779 2.05907 2.02575 2.01997 2.01589 1.99007 1.94148 1.91712 1.86681 1.85035 1.84706 1.84198 1.82749 1.81796 1.81241 1.80977 1.80539 1.7992 1.79351 1.79536 1.82721 1.84373 1.84819 1.83583 -9999 -9999 -9999 -9999 -9999 -9999
-9999 -9999 1.71963 1.73463 1.75382 1.79347 1.82181 1.84275 1.90452 1.91213 1.93049 1.95564 1.96176 1.97274 1.98086 1.98741 1.9926 2.01538 2.04578 2.07556 2.08757 2.10101 2.12552 2.10163 2.08323 2.07325 2.11558 2.16287 2.17587 2.20826 2.2412 2.28585 -9999 -9999 2.30162 2.25732 2.22402 2.20351 2.1915 2.18115 2.14688 2.13014 2.08985 2.0855 2.074 2.04835 2.02017 1.99031 1.96259 1.94146 1.90008 1.85657 1.84364 1.83562 1.82436 1.81849 1.81425 1.81067 1.81011 1.80368 1.79729 1.79567 1.82239 1.82855 1.83211 1.8544 -9999 -9999 -9999 -9999 -9999 -9999
-9999 -9999 1.74502 1.76134 1.7784 1.80679 1.82861 1.86015 1.92918 1.93993 1.94928 1.97269 1.9909 1.99284 1.99986 2.00399 2.00588 2.02616 2.04846 2.08344 2.10362 2.1352 2.14479 2.15909 2.1506 2.15626 2.16434 2.16516 2.16855 2.21434 2.2449 2.28455 2.31582 -9999 2.31722 2.29924 2.26021 2.2236 2.19553 2.19259 2.15432 2.13337 2.10892 2.09675 2.07197 2.05582 2.0332 2.01294 1.97465 1.92592 1.8917 1.87212 1.84221 1.83263 1.82515 1.82025 1.8167 1.81351 1.81047 1.80653 1.80171 1.79659 1.80371 1.80804 1.83162 1.85815 -9999 -9999 -9999 -9999 -9999 -9999
-9999 1.73998 1.74907 1.75974 1.78377 1.81103 1.83938 1.86864 1.92925 1.95282 1.97164 1.98487 2.01524 2.02395 2.02709 2.02023 2.02015 2.01904 2.02856 2.07111 2.09858 2.12865 2.16006 2.16368 2.15851 2.13574 2.14131 2.16418 2.19026 2.23773 2.25091 2.28572 2.33583 2.33978 2.32388 2.31098 2.28491 2.24111 2.20551 2.18182 2.16253 2.14235 2.11746 2.1045 2.07226 2.05138 2.03453 2.01104 1.98738 1.95528 1.91984 1.87059 1.85254 1.83227 1.82544 1.82113 1.81824 1.81582 1.81343 1.81052 1.8056 1.79871 1.78971 1.80079 1.8381 1.84044 -9999 -9999 -9999 -9999 -9999 -9999
-9999 -9999 1.75739 1.78018 1.81104 1.84156 1.86859 1.89402 1.94518 1.96857 1.98336 2.00349 2.02756 2.05365 2.04516 2.04135 2.03408 2.03 2.02639 2.07678 2.09601 2.11164 2.14187 2.122 2.11324 2.11558 2.1265 2.16917 2.21302 2.27595 2.32217 2.33141 2.35413 2.34584 2.33828 2.3047 2.27884 2.26487 2.24981 2.1973 2.17709 2.15303 2.12181 2.11327 2.07295 2.05659 2.02631 2.00083 1.97547 1.98169 1.92302 1.90297 1.8682 1.83837 1.82476 1.82118 1.81897 1.81783 1.81638 1.81403 1.80959 1.80301 1.78875 1.79067 1.84927 1.84491 -9999 -9999 -9999 -9999 -9999 -9999
-9999 -9999 -9999 -9999 1.82426 1.85363 1.88562 1.91413 1.95616 1.97593 1.99407 2.01167 2.03155 2.05619 2.06567 2.06406 2.0778 2.062 2.04613 2.04429 2.04477 2.07938 2.08916 2.07182 2.07888 2.1088 2.13465 2.16173 2.212 2.26389 2.31591 2.35705 2.36562 2.33506 2.30536 2.27174 2.25598 2.2627 2.24502 2.2149 2.17682 2.1472 2.12848 2.11985 2.07744 2.06565 2.02087 1.99167 1.97261 1.95417 1.92198 1.89303 1.87333 1.84548 1.83267 1.82059 1.81941 1.81897 1.81842 1.81677 1.81072 1.80351 1.7933 1.78046 1.84078 1.85879 -9999 -9999 -9999 -9999 -9999 -9999
-9999 -9999 -9999 -9999 1.84408 1.87664 1.90327 1.91355 1.96292 1.98299 2.00498 2.02015 2.03785 2.06085 2.07992 2.09464 2.1119 2.09992 2.07096 2.05318 2.05003 2.08066 2.05672 2.06324 2.07711 2.11539 2.14605 2.16611 2.21468 2.27001 2.30686 2.35533 2.34489 2.33199 2.31232 2.27292 2.24601 2.23132 2.2351 2.21118 2.1696 2.15094 2.14392 2.11881 2.0829 2.07647 2.02355 1.9882 1.96598 1.93863 1.91038 1.88672 1.86351 1.84421 1.83069 1.82424 1.81995 1.82014 1.82002 1.81764 1.81371 1.80659 1.79653 1.78338 1.81629 1.86328 -9999 -9999 -9999 -9999 -9999 -9999
-9999 -9999 -9999 -9999 -9999 1.89873 1.91247 1.91413 1.96807 1.99388 2.00813 2.02469 2.04429 2.05866 2.08071 2.1058 2.15127 2.13786 2.11143 2.07444 2.05499 2.05769 2.0607 2.07956 2.12538 2.16716 2.17681 2.18939 2.22668 2.27359 2.31331 2.30095 2.28664 2.26974 2.26262 2.26901 2.24578 2.22361 2.22554 2.19892 2.16562 2.15584 2.13943 2.1196 2.08513 2.05645 2.02592 1.98347 1.96478 1.93265 1.90187 1.88163 1.86133 1.84425 1.83076 1.82409 1.8212 1.82067 1.82091 1.81906 1.81528 1.8086 1.79869 1.78561 1.77347 1.77968 1.78359 -9999 -9999 -9999 -9999 -9999
-9999 -9999 -9999 -9999 -9999 1.92385 1.94826 1.94274 1.99232 1.99861 2.00958 2.02557 2.04928 2.06473 2.09601 2.1053 2.1478 2.1657 2.14805 2.15352 2.10459 2.06223 2.06462 2.15312 2.18718 2.21342 2.21252 2.21849 2.23381 2.29925 2.31776 2.28285 2.26302 2.24847 2.23775 2.23777 2.23905 2.20666 2.19461 2.17436 2.16246 2.14388 2.1387 2.12494 2.0721 2.05303 2.02565 1.98304 1.96891 1.93018 1.90094 1.88393 1.86678 1.84493 1.83335 1.82616 1.82256 1.82238 1.82339 1.82006 1.81583 1.80917 1.79969 1.78648 1.77056 1.73479 1.73517 1.71828 1.68268 -9999 -9999 -9999
-9999 -9999 -9999 -9999 -9999 -9999 1.98801 1.96525 2.00146 2.01086 2.01123 2.02448 2.05096 2.06693 2.09638 2.12104 2.15954 2.20321 2.22496 2.15573 2.09616 2.06627 2.06355 2.13785 2.16919 2.17421 2.16199 2.18179 2.19896 2.25311 2.26851 2.28813 2.28427 2.26441 2.24295 2.22296 2.20742 2.2045 2.19003 2.1688 2.15495 2.13633 2.1184 2.09755 2.06878 2.03068 2.01143 1.97888 1.95479 1.93172 1.90364 1.8917 1.86826 1.84903 1.83742 1.82869 1.82592 1.82497 1.82529 1.82596 1.81567 1.80894 1.79924 1.78666 1.77076 1.72958 1.70872 1.69877 1.69331 1.69322 -9999 -9999
-9999 -9999 -9999 -9999 -9999 -9999 2.0174 1.99297 2.02791 2.01465 2.02852 2.03759 2.04607 2.06001 2.08336 2.11563 2.14207 2.19163 2.24335 2.17596 2.10659 2.07393 2.07511 2.12826 2.11418 2.13145 2.13026 2.16028 2.17627 2.20366 2.22564 2.2494 2.2808 2.29191 2.24299 2.21805 2.19688 2.18506 2.17533 2.16586 2.15148 2.1323 2.13652 2.09826 2.05611 2.03166 2.00701 1.98141 1.95726 1.93458 1.906 1.88637 1.87496 1.85515 1.84097 1.8344 1.83058 1.82894 1.82855 1.82824 1.82714 1.81392 1.79812 1.78587 1.77072 1.72928 1.70686 1.68392 1.66355 1.67308 1.66978 1.63523
-9999 -9999 -9999 -9999 -9999 -9999 2.09704 2.045 2.0615 2.04497 2.03858 2.04106 2.04562 2.0628 2.07524 2.09949 2.12199 2.15568 2.20561 2.23765 2.19155 2.11691 2.08114 2.07511 2.07986 2.0991 2.11727 2.12345 2.12713 2.16286 2.20001 2.23301 2.24047 2.25329 2.21652 2.21192 2.2141 2.17003 2.16579 2.16173 2.1688 2.16559 2.14641 2.12717 2.0764 2.0653 2.02825 1.99282 1.96444 1.94129 1.91372 1.89655 1.87976 1.85823 1.84831 1.84142 1.83695 1.83426 1.8327 1.83162 1.82959 1.82556 1.80528 1.79482 1.77035 1.7287 1.70742 1.68556 1.66311 1.64533 1.63081 1.60544
-9999 -9999 -9999 -9999 -9999 -9999 2.11508 2.11722 2.07858 2.06982 2.04883 2.05082 2.04692 2.05478 2.06814 2.09021 2.11657 2.14542 2.18934 2.22314 2.19048 2.14894 2.11651 2.0943 2.08506 2.08918 2.09625 2.11439 2.12169 2.14381 2.1618 2.18704 2.20484 2.23029 2.18825 2.18326 2.18868 2.16493 2.16173 2.1875 2.20364 2.19583 2.15489 2.15228 2.11244 2.08767 2.05466 2.00461 1.99548 1.97078 1.92942 1.90801 1.88077 1.86749 1.85736 1.84976 1.8445 1.84066 1.83778 1.83559 1.83254 1.82804 1.82195 1.79424 1.78153 1.73894 1.70858 1.68787 1.6668 1.64672 1.62222 1.57919
-9999 -9999 -9999 -9999 -9999 -9999 2.12302 2.14113 2.10686 2.08203 2.05817 2.05324 2.05017 2.05601 2.07142 2.08457 2.10279 2.12923 2.14858 2.18 2.2221 2.16309 2.15662 2.12942 2.14048 2.12591 2.12944 2.14034 2.15684 2.14803 2.14414 2.16787 2.17568 2.18866 2.1646 2.16354 2.16236 2.16065 2.18328 2.21476 2.23673 2.2049 2.19707 2.15725 2.14616 2.11006 2.06727 2.03761 2.01871 2.00755 1.94789 1.91208 1.89385 1.87907 1.86732 1.85942 1.8528 1.84813 1.84423 1.84053 1.83651 1.83125 1.82445 1.8156 1.78183 1.7386 1.72017 1.69783 1.67627 1.64667 1.62686 1.58566
-9999 -9999 -9999 -9999 -9999 -9999 -9999 2.18297 2.14707 2.1016 2.07989 2.06823 2.06535 2.07135 2.08182 2.09263 2.10612 2.12722 2.15292 2.19117 2.22118 2.21109 2.20797 2.19404 2.18492 2.15121 2.14124 2.16118 2.22925 2.19347 2.16314 2.16214 2.16303 2.16412 2.15461 2.15608 2.16065 2.17598 2.22874 2.24536 2.26053 2.24876 2.24907 2.19326 2.15929 2.11398 2.08229 2.05699 2.05977 2.02623 1.96204 1.93356 1.92001 1.89987 1.87848 1.86957 1.86231 1.85665 1.85142 1.84647 1.84128 1.83778 1.83025 1.82083 1.78363 1.73761 1.7214 1.70335 1.6861 1.66245 1.64236 1.57915
-9999 -9999 -9999 -9999 -9999 -9999 -9999 2.21765 2.1669 2.11042 2.09906 2.08586 2.07413 2.08004 2.09401 2.10707 2.12019 2.1345 2.16495 2.19483 2.22376 2.23709 2.2377 2.23647 2.21905 2.17371 2.16657 2.17216 2.23319 2.24733 2.2068 2.17225 2.16759 2.16831 2.20427 2.19341 2.21097 2.23524 2.23825 2.24464 2.2633 2.24187 2.2502 2.22955 2.16949 2.13704 2.11119 2.07446 2.07597 2.04918 1.98477 1.95446 1.93935 1.91171 1.89526 1.88434 1.87591 1.86871 1.86239 1.85612 1.8499 1.84297 1.8349 1.82572 1.81577 1.77844 1.75602 1.73785 1.71155 1.68556 1.62675 1.58492
-9999 -9999 -9999 -9999 -9999 -9999 -9999 2.21912 2.18791 2.13891 2.10409 2.11046 2.09607 2.09131 2.10651 2.12237 2.13821 2.14794 2.18077 2.21638 2.24618 2.28047 2.28067 2.26452 2.22642 2.19759 2.19372 2.20131 2.2406 2.22708 2.19849 2.1821 2.17543 2.17599 2.18145 2.18308 2.1947 2.19707 2.21319 2.2402 2.24591 2.22893 2.25383 2.23958 2.21326 2.16023 2.12035 2.09184 2.10105 2.03351 1.99246 1.9645 1.93943 1.92157 1.90828 1.89526 1.88652 1.87852 1.87121 1.86425 1.85699 1.84958 1.84108 1.83384 1.82657 1.83935 1.76824 1.74911 1.71966 1.69161 1.61051 1.59115
-9999 -9999 -9999 -9999 -9999 -9999 -9999 2.22205 2.19499 2.15402 2.13237 2.13601 2.11954 2.10475 2.11352 2.13016 2.13886 2.15531 2.18389 2.21486 2.24815 2.26671 2.30303 2.27606 2.24737 2.22277 2.21169 2.24869 2.25699 2.23675 2.21636 2.20652 2.18554 2.18264 2.18525 2.20708 2.21545 2.20558 2.20555 2.20859 2.22398 2.21638 2.22109 2.21588 2.20905 2.15969 2.13199 2.11454 2.07233 2.0226 1.99426 1.97116 1.94993 1.93555 1.92104 1.90665 1.89717 1.88865 1.88073 1.87283 1.86508 1.85769 1.84927 1.84468 1.84348 1.85015 1.79748 1.75898 1.71906 1.66839 1.61681 1.59891
-9999 -9999 -9999 -9999 -9999 -9999 -9999 2.24136 2.21156 2.17841 2.17044 2.17698 2.14093 2.12113 2.12774 2.13891 2.15044 2.18344 2.18667 2.19689 2.22697 2.26855 2.31358 2.31349 2.27122 2.25156 2.24083 2.29031 2.29992 2.28871 2.25887 2.23168 2.20322 2.19345 2.19728 2.23295 2.27066 2.24618 2.21964 2.21322 2.21183 2.22434 2.22129 2.21644 2.21983 2.20053 2.15833 2.13588 2.05962 2.03494 2.00588 1.98006 1.97149 1.95683 1.93443 1.91776 1.90809 1.89912 1.89036 1.882 1.87364 1.86684 1.85946 1.85295 1.86845 1.8726 1.84576 1.76641 1.73466 1.65153 1.62167 1.60403
-9999 -9999 -9999 -9999 -9999 -9999 -9999 2.26861 2.25096 2.22009 2.21399 2.1961 2.16293 2.15009 2.14709 2.15346 2.16297 2.18041 2.19244 2.2114 2.24195 2.28202 2.32592 2.35545 2.34494 2.29211 2.26943 2.32722 2.34038 2.31806 2.28626 2.2404 2.21268 2.20587 2.20428 2.20827 2.23434 2.26623 2.26014 2.23472 2.24259 2.25199 2.23227 2.22334 2.22683 2.22535 2.16079 2.11643 2.07794 2.05631 2.02568 1.98796 1.97189 1.96084 1.93968 1.92898 1.91912 1.90953 1.90053 1.89156 1.88254 1.87473 1.86874 1.87569 1.87945 1.88857 1.87757 1.76204 1.70522 1.64924 1.62739 1.61115
-9999 -9999 -9999 -9999 -9999 -9999 -9999 2.3069 2.28405 2.25645 2.23018 2.20467 2.18293 2.1888 2.17951 2.18573 2.18246 2.18956 2.20516 2.22116 2.24729 2.29698 2.33897 2.38435 2.37529 2.30609 2.33185 2.34979 2.38524 2.34278 2.29617 2.25351 2.2288 2.24201 2.22092 2.21801 2.22467 2.24128 2.26941 2.26168 2.27945 2.27163 2.24849 2.23336 2.22389 2.21983 2.18594 2.11809 2.08701 2.07015 2.04133 2.0095 1.97886 1.96433 1.95008 1.93979 1.93005 1.92034 1.91096 1.90186 1.893 1.88477 1.88908 1.89553 1.89423 1.89638 1.88435 1.80057 1.70507 1.65351 1.63272 1.61642
-9999 -9999 -9999 -9999 -9999 -9999 -9999 -9999 2.30462 2.27645 2.25798 2.26102 2.24332 2.23702 2.2328 2.23639 2.20839 2.21071 2.22141 2.23559 2.25745 2.29493 2.3214 2.3642 2.39536 2.34892 2.38666 2.37261 2.37273 2.35206 2.30713 2.26037 2.25236 2.27659 2.2686 2.25843 2.24045 2.24136 2.28169 2.29808 2.30949 2.28616 2.26116 2.24648 2.23389 2.22427 2.153 2.11363 2.07932 2.05066 2.03389 2.00851 1.98724 1.97351 1.96106 1.95083 1.94094 1.93145 1.92246 1.91308 1.90524 1.89975 1.90537 1.93424 1.91935 1.91011 1.9086 1.82894 1.69213 1.66083 1.63765 1.62154
-9999 -9999 -9999 -9999 -9999 -9999 -9999 -9999 2.33667 2.30292 2.30642 2.31951 2.34645 2.34811 2.29556 2.2895 2.26245 2.2359 2.24062 2.25359 2.27312 2.29514 2.32858 2.37557 2.41311 2.44614 2.37932 2.35433 2.34301 2.32749 2.29885 2.29102 2.31631 2.33957 2.32091 2.30762 2.26837 2.25628 2.25618 2.27664 2.30013 2.30718 2.27655 2.26229 2.24878 2.23568 2.19139 2.14298 2.08025 2.05391 2.03211 2.01504 1.99538 1.98248 1.97163 1.96127 1.95195 1.94294 1.93463 1.92612 1.922 1.91854 1.93455 1.94509 1.94605 1.9502 1.89368 1.82913 1.73435 1.66787 1.64436 1.62832
