Test_Spring_2018/03_18/Prec/20180322_005.txt
ncols	170
nrows	115
xllcorner	350000.000000
yllcorner	4445000.000000
cellsize	1000.000000
nodata_value	-9999.000000
[rows 31 to 61 of 115, columns 70 to 139 of 170]
0 0 0 0 0 0 0 0 0 0 0 0 0 0 0 0 0 0 0 0 0 0 0 0.116522 0.125657 0.139023 0.142085 0.147495 0.158995 -9999 -9999 -9999 -9999 -9999 -9999 -9999 -9999 -9999 -9999 -9999 -9999 -9999 -9999 -9999 -9999 -9999 -9999 -9999 -9999 -9999 -9999 -9999 -9999 -9999 -9999 -9999 -9999 -9999 -9999 -9999 -9999 -9999 -9999 -9999 -9999 -9999 -9999 -9999 -9999 -9999
0 0 0 0 0 0 0 0 0 0 0 0 0 0 0 0 0 0.107462 0.100525 0.101574 0.108533 0.100327 0.107403 0.12304 0.144419 0.136263 0.141328 0.160877 0.170329 -9999 -9999 -9999 -9999 -9999 -9999 -9999 -9999 -9999 -9999 -9999 -9999 -9999 -9999 -9999 -9999 -9999 -9999 -9999 -9999 -9999 -9999 -9999 -9999 -9999 -9999 -9999 -9999 -9999 -9999 -9999 -9999 -9999 -9999 -9999 -9999 -9999 -9999 -9999 -9999 -9999
0 0 0 0 0 0 0 0 0 0 0 0 0 0 0 0 0 0.111363 0.116211 0.109118 0.110083 0.110296 0.116768 0.124619 0.135983 0.130477 0.129733 0.144762 0.162204 0.175761 -9999 -9999 -9999 -9999 -9999 -9999 -9999 -9999 -9999 -9999 -9999 -9999 -9999 -9999 -9999 -9999 -9999 -9999 -9999 -9999 -9999 -9999 -9999 -9999 -9999 -9999 -9999 -9999 -9999 -9999 -9999 -9999 -9999 -9999 -9999 -9999 -9999 -9999 -9999 -9999
0 0 0 0 0 0 0 0 0 0 0 0 0 0 0 0 0 0.10276 0.123057 0.112285 0.104245 0.105922 0.108035 0.11398 0.124865 0.119406 0.121208 0.141704 0.160977 0.171031 0.176517 -9999 -9999 -9999 -9999 -9999 -9999 -9999 -9999 -9999 -9999 -9999 -9999 -9999 -9999 -9999 -9999 -9999 -9999 -9999 -9999 -9999 -9999 -9999 -9999 -9999 -9999 -9999 -9999 -9999 -9999 -9999 -9999 -9999 -9999 -9999 -9999 -9999 -9999 -9999
-9999 0 0 0 0 0 0 0 0 0 0 0 0 0 0 0 0 0.102189 0.115779 0.120125 0.107112 0.104393 0.106731 0.105231 0.114671 0.113075 0.11668 0.126476 0.14798 0.162327 0.169441 0.181074 -9999 -9999 -9999 -9999 -9999 -9999 -9999 -9999 -9999 -9999 -9999 -9999 -9999 -9999 -9999 -9999 -9999 -9999 -9999 -9999 -9999 -9999 -9999 -9999 -9999 -9999 -9999 -9999 -9999 -9999 -9999 -9999 -9999 -9999 -9999 -9999 -9999 -9999
-9999 -9999 -9999 -9999 0 0 0 0 0 0 0 0 0 0 0 0 0 0 0.10633 0.115631 0.113602 0.102751 0.109581 0.102606 0.105135 0.105543 0.113443 0.133629 0.153358 0.165009 0.171743 0.181736 -9999 -9999 -9999 -9999 -9999 -9999 -9999 -9999 -9999 -9999 -9999 -9999 -9999 -9999 -9999 -9999 -9999 -9999 -9999 -9999 -9999 -9999 -9999 -9999 -9999 -9999 -9999 -9999 -9999 -9999 -9999 -9999 -9999 -9999 -9999 -9999 -9999 -9999
-9999 -9999 -9999 -9999 -9999 0 0 0 0 0 0 0 0 0 0 0 0 0 0.105012 0.106665 0 0.101088 0.10409 0.104397 0.102209 0.105276 0.119549 0.14094 0.151614 0.174052 0.183781 0.185661 0.193148 -9999 -9999 -9999 -9999 -9999 -9999 -9999 -9999 -9999 -9999 -9999 -9999 0.190396 -9999 -9999 -9999 -9999 -9999 -9999 -9999 -9999 -9999 -9999 -9999 -9999 -9999 -9999 -9999 -9999 -9999 -9999 -9999 -9999 0.26503 -9999 -9999 -9999
-9999 -9999 -9999 -9999 0 0 0 0 0 0 0 0 0 0 0 0 0 0 0 0 0 0 0 0 0.102497 0.106666 0.121234 0.130966 0.138503 0.158632 0.170062 0.180155 0.193861 0.204988 -9999 -9999 -9999 -9999 -9999 -9999 -9999 0.195983 0.19688 0.197147 0.195224 0.189119 0.193713 -9999 -9999 -9999 -9999 -9999 -9999 -9999 -9999 -9999 -9999 -9999 -9999 -9999 -9999 -9999 -9999 -9999 -9999 -9999 0.258555 0.269765 -9999 -9999
-9999 -9999 -9999 -9999 0 0 0 0 0 0 0 0 0 0 0 0 0 0 0 0 0 0 0 0.10089 0.107081 0.109764 0.119852 0.127195 0.137611 0.148368 0.165526 0.183546 0.201134 0.215676 -9999 -9999 -9999 -9999 -9999 -9999 0.197143 0.191947 0.188869 0.196143 0.190361 0.185191 0.186548 0.201995 -9999 -9999 -9999 -9999 -9999 -9999 -9999 -9999 -9999 -9999 -9999 -9999 -9999 -9999 0.208489 0.219104 0.239043 0.250473 0.25846 0.269033 -9999 -9999
-9999 -9999 -9999 -9999 0 0 0 0 0 0 0 0 0 0 0 0 0 0 0 0 0 0 0.102835 0.113381 0.119265 0.12818 0.123476 0.132111 0.146999 0.164927 0.186964 0.193074 0.202013 0.21552 -9999 -9999 -9999 -9999 -9999 -9999 0.19837 0.19255 0.187585 0.186816 0.193834 0.184151 0.193572 0.199718 0.20175 0.198149 0.19684 0.202294 0.200789 0.199991 0.203143 0.201183 -9999 -9999 -9999 -9999 0.203597 0.204451 0.205635 0.211073 0.232732 0.248461 0.263108 0.271065 -9999 -9999
-9999 -9999 -9999 -9999 0 0 0 0 0 0 0 0 0 0 0 0 0 0 0 0 0.102507 0.115063 0.11128 0.119835 0.139446 0.132459 0.128958 0.13862 0.156283 0.176348 0.1867 0.191507 0.202976 0.21723 -9999 -9999 -9999 0.216375 0.208758 0.208482 0.206109 0.198094 0.191838 0.186507 0.183164 0.187972 0.194665 0.200597 0.207137 0.205891 0.196327 0.194742 0.198709 0.197741 0.200593 0.199889 0.197612 0.196702 0.197007 0.19838 0.199415 0.200295 0.202009 0.20715 0.227097 0.239585 0.248768 0.270226 -9999 -9999
-9999 -9999 -9999 -9999 0 0 0 0 0 0 0 0 0 0 0 0 0 0 0 0 0.11135 0.123869 0.130476 0.132193 0.143274 0.143564 0.140108 0.146864 0.161092 0.17956 0.185591 0.194108 0.212061 0.22828 -9999 -9999 0.234596 0.219607 0.20891 0.203296 0.201382 0.200856 0.192779 0.191658 0.18305 0.188913 0.202693 0.201956 0.206535 0.204595 0.201821 0.201664 0.199232 0.196782 0.196245 0.196632 0.195226 0.195248 0.195607 0.196238 0.198228 0.198715 0.199983 0.203844 0.218646 0.227302 0.239905 0.268079 -9999 -9999
-9999 -9999 -9999 -9999 0 0 0 0 0 0 0 0 0 0 0 0 0 0 0 0 0.107493 0.122205 0.132055 0.141082 0.147196 0.158885 0.158925 0.163732 0.169142 0.171712 0.181148 0.19457 0.206426 0.225248 0.236249 -9999 0.236583 0.2305 0.217531 0.206079 0.198433 0.200493 0.191128 0.18876 0.186767 0.189389 0.198639 0.202073 0.202886 0.204436 0.19941 0.196225 0.196393 0.195109 0.195106 0.194795 0.19444 0.194431 0.194605 0.194923 0.195629 0.196647 0.198233 0.200771 0.208772 0.219928 0.236533 0.266283 -9999 -9999
-9999 -9999 -9999 0.104229 0 0 0 0 0 0 0 0 0 0 0 0 0 0 0 0 0 0.113885 0.122589 0.134744 0.148439 0.158006 0.159439 0.154504 0.159221 0.169669 0.18088 0.195712 0.207049 0.219894 0.240761 0.241762 0.235838 0.23124 0.222544 0.208365 0.197955 0.192722 0.190079 0.188513 0.186138 0.189974 0.196162 0.198117 0.201603 0.202675 0.203403 0.200697 0.200628 0.195018 0.193384 0.194086 0.193695 0.193528 0.193507 0.19365 0.194162 0.195185 0.196484 0.198282 0.20271 0.213932 0.239591 0.260549 -9999 -9999
-9999 -9999 -9999 -9999 0 0 0 0 0 0 0 0 0 0 0 0 0 0 0 0 0 0.108931 0.118211 0.126419 0.139846 0.14117 0.141534 0.145571 0.152329 0.169861 0.187424 0.207985 0.226175 0.230933 0.242695 0.241556 0.238303 0.226208 0.217346 0.21342 0.210064 0.194681 0.191855 0.189943 0.185642 0.19022 0.19367 0.19776 0.197121 0.198077 0.198779 0.210024 0.20204 0.201829 0.195318 0.192496 0.19278 0.192549 0.192387 0.192569 0.193017 0.193897 0.195111 0.198163 0.202092 0.210775 0.240697 0.259445 -9999 -9999
-9999 -9999 -9999 -9999 -9999 -9999 0 0 0 0 0 0 0 0 0 0 0 0 0.102393 0 0 0 0 0.11312 0.124009 0.121627 0.127655 0.141479 0.153598 0.165809 0.185746 0.202718 0.223064 0.239077 0.243175 0.233116 0.224775 0.212482 0.206969 0.210119 0.205718 0.198727 0.189819 0.18511 0.185355 0.190145 0.192919 0.199029 0.19376 0.193872 0.197238 0.200289 0.201772 0.198739 0.197712 0.19253 0.191328 0.191534 0.191434 0.19154 0.19198 0.192814 0.195422 0.197816 0.200818 0.204523 0.235344 0.262034 -9999 -9999
-9999 -9999 -9999 -9999 -9999 -9999 0.102938 0.102057 0 0 0 0 0 0 0 0 0.100392 0.105357 0.111978 0.109143 0.100898 0 0 0.111944 0.110925 0.116923 0.125388 0.142207 0.156097 0.165953 0.185407 0.203802 0.21897 0.237667 0.235191 0.231356 0.224759 0.21141 0.201887 0.197544 0.20071 0.195427 0.185258 0.184394 0.188798 0.187928 0.192993 0.201227 0.193378 0.191631 0.194193 0.194429 0.197445 0.19649 0.194405 0.192323 0.190897 0.190694 0.190778 0.190899 0.191276 0.192592 0.19443 0.196802 0.199873 0.203563 0.224957 0.261847 -9999 -9999
-9999 -9999 -9999 -9999 -9999 -9999 -9999 0.108236 0.100898 0 0 0 0 0 0 0 0 0.108446 0.125024 0.121627 0.11417 0.103394 0 0.102635 0.11095 0.121202 0.14081 0.158851 0.16542 0.172722 0.18832 0.203898 0.220209 0.217743 0.214032 0.208894 0.206753 0.209078 0.200992 0.193942 0.196403 0.190093 0.182743 0.184916 0.185975 0.186922 0.192458 0.192945 0.193008 0.188872 0.192793 0.191491 0.193712 0.194094 0.193152 0.191945 0.190596 0.19034 0.190328 0.190403 0.19105 0.192086 0.193903 0.196374 0.199461 0.203161 0.208802 0.231412 0.24623 -9999
-9999 -9999 -9999 -9999 -9999 -9999 -9999 0.115657 0.112307 0 0 0 0 0 0 0 0.105126 0.108251 0.123649 0.131196 0.126639 0.130529 0.115639 0.103253 0.111256 0.145728 0.161106 0.17363 0.176478 0.181486 0.189457 0.211553 0.220565 0.21035 0.204864 0.2007 0.197427 0.197721 0.198245 0.18725 0.185525 0.18137 0.181395 0.180335 0.185156 0.188056 0.187091 0.19078 0.191803 0.187505 0.192943 0.189289 0.192072 0.193622 0.193848 0.191061 0.190481 0.190145 0.190327 0.190468 0.191051 0.192348 0.193989 0.196409 0.199559 0.203099 0.207283 0.215133 0.22856 0.236491
-9999 -9999 -9999 -9999 -9999 -9999 -9999 -9999 0.12544 0.10652 0 0 0 0 0 0 0.105848 0.114277 0.128139 0.144261 0.153588 0.131053 0.112163 0.103875 0.110025 0.139293 0.153529 0.158489 0.157291 0.16712 0.17577 0.193839 0.201873 0.210897 0.211178 0.20527 0.198879 0.192132 0.186918 0.186353 0.182231 0.180065 0.179259 0.177974 0.178067 0.178187 0.185557 0.182225 0.185766 0.184689 0.186377 0.187991 0.191127 0.194387 0.192419 0.190614 0.190151 0.19078 0.190674 0.190782 0.191339 0.192467 0.19468 0.197026 0.199964 0.203516 0.207434 0.213288 0.218894 0.22886
-9999 -9999 -9999 -9999 -9999 -9999 -9999 -9999 0.135139 0.116278 0.109254 0 0 0 0 0 0.10219 0.113167 0.122628 0.140584 0.159601 0.13597 0.115367 0.105803 0.108291 0.134881 0.13298 0.142052 0.144595 0.157941 0.166172 0.174695 0.185119 0.195726 0.208377 0.214548 0.198158 0.189922 0.182962 0.179463 0.17713 0.175548 0.176407 0.177317 0.184837 0.178468 0.181053 0.182 0.183159 0.184057 0.185309 0.186694 0.189533 0.189943 0.192129 0.191051 0.191711 0.191365 0.19123 0.19145 0.192098 0.193176 0.194772 0.196863 0.200754 0.204145 0.207945 0.213577 0.21806 0.222886
-9999 -9999 -9999 -9999 -9999 -9999 -9999 -9999 0.16246 0.134668 0.116268 0.104502 0 0 0 0 0.100257 0.108288 0.116171 0.128325 0.146443 0.158518 0.141824 0.116824 0.109251 0.11515 0.119583 0.129143 0.138318 0.143219 0.147109 0.158282 0.173662 0.187741 0.193916 0.199775 0.187915 0.187083 0.188568 0.174013 0.173774 0.174188 0.179268 0.18645 0.184921 0.188763 0.188242 0.193259 0.189483 0.186366 0.185607 0.186357 0.189366 0.191552 0.191687 0.192463 0.192191 0.19207 0.192113 0.192398 0.193056 0.194239 0.1958 0.197676 0.200437 0.203493 0.208592 0.214012 0.218192 0.222667
-9999 -9999 -9999 -9999 -9999 -9999 -9999 -9999 0.1633 0.142178 0.122091 0.112044 0.100399 0 0 0 0 0.105535 0.114563 0.124782 0.140528 0.152947 0.1423 0.12676 0.11658 0.11702 0.11985 0.123905 0.12903 0.137238 0.142478 0.148528 0.157794 0.17141 0.17963 0.190149 0.176723 0.176052 0.178966 0.171784 0.172116 0.183102 0.191394 0.192114 0.188342 0.193229 0.196863 0.200519 0.197503 0.188637 0.194433 0.194364 0.192689 0.192034 0.193327 0.193049 0.192947 0.192927 0.193124 0.193479 0.194144 0.195355 0.196881 0.198792 0.201254 0.20441 0.207733 0.213095 0.218539 0.222607
-9999 -9999 -9999 -9999 -9999 -9999 -9999 -9999 0.165279 0.149462 0.131431 0.115944 0.103587 0 0 0 0 0.103546 0.109535 0.118688 0.125596 0.136939 0.152232 0.132341 0.12877 0.127673 0.132329 0.129724 0.133645 0.140256 0.147059 0.147157 0.151604 0.162388 0.167272 0.173648 0.166779 0.167777 0.168672 0.169478 0.179076 0.192202 0.202589 0.194842 0.196289 0.194827 0.208589 0.202811 0.196227 0.194469 0.19983 0.203926 0.195602 0.196015 0.194921 0.194204 0.193759 0.193976 0.194119 0.194657 0.195437 0.196543 0.198066 0.199926 0.2022 0.20484 0.208447 0.213598 0.217308 0.222446
-9999 -9999 -9999 -9999 -9999 -9999 -9999 -9999 -9999 0.161752 0.141275 0.120704 0.109282 0.102148 0 0 0.101501 0.104387 0.108515 0.115552 0.124408 0.137864 0.148654 0.145641 0.142527 0.146743 0.145629 0.136152 0.135187 0.14482 0.165275 0.159932 0.152378 0.154848 0.157694 0.16031 0.161222 0.163378 0.166563 0.1736 0.193964 0.199872 0.207898 0.207121 0.211296 0.205118 0.211726 0.203198 0.199829 0.198911 0.207856 0.20951 0.202406 0.198649 0.199406 0.197118 0.194783 0.194952 0.195267 0.195898 0.196662 0.197737 0.199178 0.201394 0.203619 0.206161 0.20995 0.215006 0.21919 0.223221
-9999 -9999 -9999 -9999 -9999 -9999 -9999 -9999 -9999 0.169072 0.146194 0.122053 0.114444 0.106874 0.100431 0.100692 0.104217 0.107777 0.111642 0.116164 0.126553 0.136956 0.147252 0.152328 0.153216 0.159044 0.1549 0.141224 0.141116 0.145601 0.16752 0.175641 0.164484 0.155229 0.156208 0.158833 0.173574 0.171759 0.179815 0.190255 0.193415 0.198059 0.207421 0.203286 0.210185 0.207596 0.214567 0.209975 0.208034 0.202481 0.210358 0.213912 0.207295 0.202659 0.202764 0.197876 0.196329 0.196217 0.196594 0.197182 0.198053 0.199122 0.200601 0.202404 0.204532 0.207095 0.210267 0.215935 0.230724 0.233952
-9999 -9999 -9999 -9999 -9999 -9999 -9999 -9999 -9999 0.166544 0.150818 0.129512 0.113818 0.113158 0.105781 0.102262 0.106139 0.110586 0.115308 0.118137 0.129283 0.14163 0.152173 0.164537 0.165227 0.160457 0.154348 0.146366 0.147313 0.152402 0.166752 0.165132 0.158129 0.15524 0.155576 0.158256 0.162478 0.165239 0.171443 0.17445 0.182417 0.194458 0.199406 0.196861 0.209498 0.208984 0.204805 0.216438 0.209047 0.205812 0.215827 0.215048 0.206847 0.202806 0.19931 0.197848 0.197523 0.196894 0.197463 0.198123 0.199017 0.200198 0.201606 0.203448 0.205518 0.208723 0.212651 0.224324 0.234117 0.236348
-9999 -9999 -9999 -9999 -9999 -9999 -9999 -9999 -9999 0.163903 0.149837 0.131479 0.120464 0.118858 0.110724 0.103633 0.105188 0.109838 0.112005 0.117149 0.12679 0.137505 0.149281 0.15615 0.169493 0.16093 0.158075 0.151544 0.149915 0.162847 0.168866 0.16485 0.16069 0.160102 0.155467 0.157021 0.160372 0.170372 0.175629 0.174554 0.177058 0.180869 0.189319 0.190108 0.195644 0.198177 0.200603 0.214223 0.210646 0.210809 0.213405 0.208304 0.204265 0.20172 0.199448 0.199185 0.198509 0.197565 0.198111 0.198875 0.199867 0.201014 0.202511 0.204549 0.206743 0.210868 0.216796 0.226085 0.243144 0.238057
-9999 -9999 -9999 -9999 -9999 -9999 -9999 -9999 -9999 0.166389 0.151471 0.135893 0.12966 0.129028 0.113973 0.105057 0.105794 0.108481 0.111621 0.122573 0.123377 0.126892 0.137622 0.152634 0.1691 0.170006 0.165757 0.157565 0.156053 0.173569 0.180026 0.179146 0.171662 0.164996 0.157768 0.15697 0.160847 0.175819 0.191506 0.185479 0.178872 0.179522 0.182209 0.190105 0.192926 0.195513 0.201371 0.214649 0.217106 0.21514 0.212347 0.209581 0.205049 0.201367 0.203411 0.20301 0.199609 0.197975 0.198632 0.199459 0.200399 0.201634 0.203137 0.205557 0.208225 0.211702 0.223415 0.231664 0.244746 0.238716
-9999 -9999 -9999 -9999 -9999 -9999 -9999 -9999 -9999 0.171083 0.160407 0.145576 0.139914 0.130625 0.116476 0.109908 0.10722 0.108206 0.110658 0.116224 0.120212 0.12692 0.137963 0.152604 0.168824 0.180225 0.177795 0.167302 0.167394 0.182394 0.19011 0.185333 0.17715 0.16394 0.156981 0.157256 0.159294 0.163262 0.174992 0.188839 0.189534 0.183667 0.189715 0.196601 0.193626 0.194766 0.200583 0.204946 0.214947 0.217409 0.215816 0.213899 0.208624 0.200615 0.199922 0.200727 0.197762 0.198274 0.198977 0.199743 0.200783 0.202003 0.203465 0.205693 0.208968 0.217228 0.224835 0.234762 0.238027 0.235055
-9999 -9999 -9999 -9999 -9999 -9999 -9999 -9999 -9999 0.179117 0.166494 0.152652 0.139756 0.12763 0.117335 0.117207 0.112254 0.113187 0.111222 0.113287 0.118692 0.124568 0.134294 0.152535 0.168313 0.185467 0.183714 0.171247 0.176501 0.186001 0.201562 0.189751 0.176377 0.164277 0.158363 0.16565 0.160889 0.162494 0.167504 0.176106 0.188904 0.189357 0.198993 0.199954 0.195857 0.194867 0.196141 0.199548 0.208555 0.215185 0.215862 0.215466 0.210677 0.2046 0.198697 0.198205 0.197621 0.198289 0.19908 0.1999 0.200934 0.202259 0.203935 0.206177 0.213201 0.221401 0.227314 0.234837 0.237735 0.231681
