Test_Spring_2018/03_18/Prec/20180305_022.txt
ncols	170
nrows	115
xllcorner	350000.000000
yllcorner	4445000.000000
cellsize	1000.000000
nodata_value	-9999.000000
[rows 31 to 61 of 115, columns 70 to 139 of 170]
0.818672 0.823196 0.825547 0.82412 0.825967 0.849489 0.859905 0.863028 0.873231 0.876355 0.877016 0.879614 0.880699 0.879797 0.88118 0.876667 0.855263 0.864985 0.870566 0.866565 0.873805 0.883889 0.882476 0.870647 0.868823 0.863244 0.875814 0.893848 0.891251 -9999 -9999 -9999 -9999 -9999 -9999 -9999 -9999 -9999 -9999 -9999 -9999 -9999 -9999 -9999 -9999 -9999 -9999 -9999 -9999 -9999 -9999 -9999 -9999 -9999 -9999 -9999 -9999 -9999 -9999 -9999 -9999 -9999 -9999 -9999 -9999 -9999 -9999 -9999 -9999 -9999
0.811586 0.814354 0.815446 0.814399 0.820177 0.82591 0.848223 0.857601 0.867065 0.870727 0.872276 0.870958 0.872569 0.873981 0.875979 0.872819 0.858439 0.845783 0.85725 0.860713 0.858452 0.872744 0.871579 0.862063 0.847155 0.86396 0.867364 0.877471 0.888075 -9999 -9999 -9999 -9999 -9999 -9999 -9999 -9999 -9999 -9999 -9999 -9999 -9999 -9999 -9999 -9999 -9999 -9999 -9999 -9999 -9999 -9999 -9999 -9999 -9999 -9999 -9999 -9999 -9999 -9999 -9999 -9999 -9999 -9999 -9999 -9999 -9999 -9999 -9999 -9999 -9999
0.79841 0.804163 0.80443 0.805181 0.813172 0.815331 0.833972 0.8534 0.860292 0.86467 0.867397 0.868695 0.870143 0.871355 0.869496 0.865424 0.853581 0.838854 0.838044 0.850211 0.854377 0.859887 0.859404 0.858081 0.853656 0.86754 0.876865 0.876745 0.894486 0.898839 -9999 -9999 -9999 -9999 -9999 -9999 -9999 -9999 -9999 -9999 -9999 -9999 -9999 -9999 -9999 -9999 -9999 -9999 -9999 -9999 -9999 -9999 -9999 -9999 -9999 -9999 -9999 -9999 -9999 -9999 -9999 -9999 -9999 -9999 -9999 -9999 -9999 -9999 -9999 -9999
0.783121 0.792414 0.792394 0.788908 0.794897 0.800136 0.832882 0.842586 0.847114 0.857804 0.860907 0.863883 0.864019 0.864633 0.863591 0.859712 0.853005 0.844451 0.827452 0.843593 0.857354 0.861435 0.865647 0.86642 0.862559 0.876421 0.883051 0.889823 0.903514 0.901318 0.903588 -9999 -9999 -9999 -9999 -9999 -9999 -9999 -9999 -9999 -9999 -9999 -9999 -9999 -9999 -9999 -9999 -9999 -9999 -9999 -9999 -9999 -9999 -9999 -9999 -9999 -9999 -9999 -9999 -9999 -9999 -9999 -9999 -9999 -9999 -9999 -9999 -9999 -9999 -9999
-9999 0.779002 0.779525 0.775225 0.781655 0.789362 0.809417 0.830562 0.842713 0.848511 0.854101 0.857051 0.856972 0.850732 0.852219 0.854628 0.851194 0.840988 0.831078 0.831365 0.850471 0.859326 0.86347 0.872268 0.870119 0.880098 0.885 0.897721 0.898233 0.908156 0.908782 0.904149 -9999 -9999 -9999 -9999 -9999 -9999 -9999 -9999 -9999 -9999 -9999 -9999 -9999 -9999 -9999 -9999 -9999 -9999 -9999 -9999 -9999 -9999 -9999 -9999 -9999 -9999 -9999 -9999 -9999 -9999 -9999 -9999 -9999 -9999 -9999 -9999 -9999 -9999
-9999 -9999 -9999 -9999 0.766312 0.786548 0.792847 0.819678 0.83472 0.841345 0.847537 0.85041 0.847085 0.846723 0.849031 0.847484 0.842924 0.841356 0.836375 0.83148 0.839123 0.856714 0.856361 0.871207 0.876658 0.88487 0.885605 0.895796 0.890161 0.903216 0.904494 0.901778 -9999 -9999 -9999 -9999 -9999 -9999 -9999 -9999 -9999 -9999 -9999 -9999 -9999 -9999 -9999 -9999 -9999 -9999 -9999 -9999 -9999 -9999 -9999 -9999 -9999 -9999 -9999 -9999 -9999 -9999 -9999 -9999 -9999 -9999 -9999 -9999 -9999 -9999
-9999 -9999 -9999 -9999 -9999 0.778892 0.784228 0.797387 0.826944 0.832679 0.840557 0.843543 0.843839 0.84447 0.844207 0.843213 0.840255 0.837069 0.832541 0.835699 0.848349 0.853541 0.857514 0.865071 0.875938 0.881853 0.890443 0.885485 0.884649 0.891834 0.890384 0.896553 0.896089 -9999 -9999 -9999 -9999 -9999 -9999 -9999 -9999 -9999 -9999 -9999 -9999 0.949133 -9999 -9999 -9999 -9999 -9999 -9999 -9999 -9999 -9999 -9999 -9999 -9999 -9999 -9999 -9999 -9999 -9999 -9999 -9999 -9999 0.910096 -9999 -9999 -9999
-9999 -9999 -9999 -9999 0.756413 0.773783 0.783252 0.79359 0.813968 0.8257 0.834239 0.837153 0.837884 0.838092 0.835835 0.836796 0.835914 0.831996 0.833889 0.840473 0.846343 0.853112 0.860045 0.866047 0.871565 0.876974 0.892483 0.893477 0.896715 0.890991 0.903866 0.901864 0.895213 0.890394 -9999 -9999 -9999 -9999 -9999 -9999 -9999 0.931194 0.933027 0.935675 0.940859 0.950724 0.949624 -9999 -9999 -9999 -9999 -9999 -9999 -9999 -9999 -9999 -9999 -9999 -9999 -9999 -9999 -9999 -9999 -9999 -9999 -9999 0.922391 0.907562 -9999 -9999
-9999 -9999 -9999 -9999 0.757459 0.769418 0.778139 0.788855 0.796692 0.821594 0.82677 0.831154 0.832971 0.832608 0.830986 0.832589 0.83013 0.830181 0.831591 0.839101 0.844593 0.848809 0.853492 0.859126 0.862428 0.870198 0.890582 0.895069 0.896228 0.896682 0.908174 0.898429 0.888148 0.880041 -9999 -9999 -9999 -9999 -9999 -9999 0.927432 0.935458 0.94139 0.936673 0.946051 0.955188 0.957879 0.959123 -9999 -9999 -9999 -9999 -9999 -9999 -9999 -9999 -9999 -9999 -9999 -9999 -9999 -9999 0.992899 0.97908 0.955045 0.939712 0.927884 0.913341 -9999 -9999
-9999 -9999 -9999 -9999 0.749722 0.76353 0.774707 0.784768 0.790657 0.802432 0.821919 0.825339 0.827014 0.827883 0.828342 0.825645 0.825444 0.821755 0.830084 0.833711 0.837217 0.837686 0.84226 0.840677 0.845086 0.865285 0.883402 0.887667 0.885236 0.879196 0.882589 0.889147 0.888513 0.881855 -9999 -9999 -9999 -9999 -9999 -9999 0.92668 0.935098 0.942839 0.946534 0.942507 0.956617 0.963368 0.961897 0.965107 0.974508 0.981642 0.996685 0.996597 1.00148 1.00184 1.00709 -9999 -9999 -9999 -9999 1.00913 1.00657 1.00292 0.994163 0.967872 0.947538 0.928226 0.91636 -9999 -9999
-9999 -9999 -9999 -9999 0.748249 0.76028 0.769717 0.776657 0.786087 0.797387 0.816189 0.81249 0.814008 0.815123 0.815876 0.815411 0.813465 0.815589 0.817699 0.819255 0.8132 0.806512 0.818401 0.828379 0.822713 0.856219 0.874307 0.878765 0.874666 0.867564 0.883701 0.892127 0.889425 0.87693 -9999 -9999 -9999 0.897307 0.907713 0.909836 0.913888 0.923872 0.93224 0.946925 0.953834 0.961926 0.961923 0.961283 0.960454 0.968164 0.984837 0.99315 1.00297 1.00882 1.01022 1.01193 1.01746 1.02068 1.02161 1.02034 1.01834 1.01548 1.01085 1.00191 0.979844 0.962408 0.948336 0.915997 -9999 -9999
-9999 -9999 -9999 -9999 0.733789 0.745636 0.756356 0.768235 0.774839 0.783152 0.791337 0.808053 0.81001 0.807706 0.81083 0.81083 0.810904 0.810988 0.811443 0.805723 0.7979 0.791331 0.792573 0.802535 0.802597 0.827967 0.846405 0.868228 0.865578 0.860833 0.868416 0.883777 0.876936 0.868374 -9999 -9999 0.878317 0.897013 0.910243 0.917478 0.920503 0.922084 0.931934 0.935032 0.946788 0.951741 0.944278 0.950791 0.962026 0.971275 0.979425 0.986871 1.00862 1.01178 1.01751 1.02165 1.02684 1.0295 1.03063 1.03022 1.0271 1.02438 1.01981 1.01169 0.991494 0.977464 0.959881 0.919753 -9999 -9999
-9999 -9999 -9999 -9999 0.72571 0.738084 0.750489 0.758601 0.76863 0.780328 0.785836 0.793835 0.806373 0.804705 0.80312 0.805996 0.805859 0.806128 0.807079 0.80162 0.796241 0.787391 0.785467 0.787811 0.793805 0.806888 0.82216 0.832985 0.843413 0.856722 0.875256 0.885781 0.884494 0.875025 0.870747 -9999 0.879981 0.88899 0.904151 0.916969 0.925427 0.9237 0.934405 0.938446 0.949289 0.950612 0.948112 0.949836 0.955762 0.961651 0.975049 0.995841 1.01503 1.02273 1.02412 1.02966 1.03431 1.03741 1.03898 1.03895 1.03705 1.03348 1.02814 1.02089 1.00726 0.990851 0.967677 0.925479 -9999 -9999
-9999 -9999 -9999 0.691914 0.72106 0.736847 0.748054 0.757959 0.766917 0.774558 0.782793 0.793236 0.796471 0.803526 0.7972 0.79712 0.797803 0.801427 0.802391 0.804158 0.802947 0.790931 0.791279 0.79018 0.788463 0.804019 0.818891 0.841144 0.853543 0.859836 0.864856 0.874558 0.887113 0.88351 0.869843 0.874476 0.884591 0.891724 0.901915 0.917029 0.927772 0.933118 0.936212 0.943828 0.949223 0.949029 0.94961 0.953898 0.95758 0.964681 0.972849 0.985111 1.0048 1.02662 1.03469 1.03602 1.04122 1.04486 1.04684 1.04703 1.04521 1.04133 1.03588 1.02889 1.01938 1.00142 0.97173 0.939084 -9999 -9999
-9999 -9999 -9999 -9999 0.715409 0.727867 0.737728 0.747617 0.758218 0.768371 0.780247 0.785483 0.791482 0.796578 0.795467 0.788566 0.792991 0.794866 0.797839 0.800101 0.803234 0.792902 0.79216 0.794706 0.793775 0.818347 0.835258 0.849081 0.860428 0.86041 0.859908 0.864169 0.859341 0.866683 0.871057 0.878315 0.885514 0.900261 0.910195 0.913975 0.916703 0.932158 0.93827 0.941761 0.948923 0.94806 0.951623 0.954011 0.962532 0.970384 0.979322 0.977724 1.00607 1.01512 1.0302 1.04526 1.04744 1.05146 1.05376 1.05393 1.05204 1.04806 1.04232 1.03437 1.02608 1.01098 0.973477 0.942925 -9999 -9999
-9999 -9999 -9999 -9999 -9999 -9999 0.732764 0.743966 0.753617 0.763464 0.778837 0.785914 0.791019 0.793615 0.792671 0.789596 0.786976 0.787556 0.782278 0.78899 0.79858 0.803528 0.809653 0.805295 0.816855 0.836057 0.847676 0.851966 0.858524 0.865027 0.862976 0.871533 0.86522 0.861375 0.867653 0.886199 0.902572 0.917309 0.923372 0.919262 0.922603 0.930708 0.94021 0.946326 0.948523 0.947393 0.951726 0.952243 0.966025 0.975267 0.982002 0.989713 1.00837 1.02103 1.03093 1.04415 1.05175 1.05679 1.05914 1.05939 1.05741 1.05327 1.04713 1.03934 1.03024 1.02008 0.981347 0.942275 -9999 -9999
-9999 -9999 -9999 -9999 -9999 -9999 0.72553 0.736058 0.748188 0.765251 0.777997 0.78527 0.789173 0.792783 0.792648 0.787934 0.782806 0.777076 0.770735 0.775944 0.78888 0.799565 0.806968 0.804106 0.828124 0.838769 0.848185 0.84977 0.854992 0.86457 0.863668 0.87111 0.870828 0.864665 0.878269 0.890524 0.902831 0.920037 0.93011 0.933607 0.92951 0.934188 0.94472 0.946543 0.944193 0.948954 0.950887 0.949317 0.96606 0.977593 0.985582 0.996724 1.01398 1.02491 1.03634 1.04667 1.05479 1.05976 1.0625 1.06273 1.06075 1.05656 1.05024 1.04233 1.033 1.02271 0.993767 0.94389 -9999 -9999
-9999 -9999 -9999 -9999 -9999 -9999 -9999 0.728189 0.74515 0.765479 0.776561 0.781799 0.788629 0.791781 0.790977 0.789447 0.782812 0.773428 0.756503 0.762162 0.774088 0.791782 0.805131 0.812525 0.826574 0.832684 0.830371 0.830745 0.843819 0.856294 0.859714 0.870329 0.869155 0.885584 0.900758 0.914598 0.922347 0.922577 0.931319 0.937814 0.933953 0.939545 0.94693 0.945392 0.946432 0.949191 0.950606 0.957225 0.965722 0.979905 0.98664 0.999613 1.01784 1.02757 1.03801 1.0476 1.05579 1.06092 1.06363 1.064 1.06186 1.05772 1.05141 1.0434 1.03408 1.0238 1.01148 0.976679 0.954838 -9999
-9999 -9999 -9999 -9999 -9999 -9999 -9999 0.718867 0.731534 0.754193 0.766832 0.779118 0.787078 0.790429 0.788167 0.786703 0.776965 0.77343 0.75712 0.752616 0.761361 0.763396 0.787553 0.811448 0.825648 0.805874 0.807667 0.813541 0.830274 0.844963 0.856271 0.860019 0.86655 0.891211 0.90837 0.921328 0.930425 0.93325 0.932951 0.943155 0.944758 0.948081 0.947667 0.949471 0.946469 0.947082 0.955295 0.958455 0.965861 0.980144 0.985216 1.00061 1.01827 1.02675 1.03593 1.04717 1.05454 1.05975 1.06247 1.06271 1.06056 1.05649 1.0505 1.0427 1.0335 1.0236 1.01301 0.993895 0.973688 0.959963
-9999 -9999 -9999 -9999 -9999 -9999 -9999 -9999 0.71573 0.744055 0.761515 0.772282 0.783928 0.788215 0.787673 0.78499 0.775592 0.766783 0.752352 0.736179 0.734308 0.763959 0.791981 0.811101 0.827061 0.812111 0.814436 0.827618 0.847982 0.857006 0.86707 0.874846 0.882132 0.88637 0.897408 0.913967 0.925971 0.935762 0.941806 0.941329 0.943602 0.948312 0.948882 0.950968 0.952924 0.956382 0.95576 0.966125 0.970652 0.98128 0.990007 0.999529 1.01675 1.02317 1.03443 1.04442 1.05151 1.05641 1.05893 1.05926 1.05726 1.05303 1.04762 1.04021 1.03159 1.02203 1.01209 0.995307 0.983654 0.968043
-9999 -9999 -9999 -9999 -9999 -9999 -9999 -9999 0.70315 0.731098 0.748868 0.767442 0.777203 0.78415 0.786598 0.785021 0.778356 0.767301 0.757897 0.7401 0.72224 0.75462 0.789865 0.809783 0.819079 0.816426 0.834827 0.84274 0.858232 0.862648 0.872298 0.889721 0.893961 0.896157 0.896708 0.898482 0.921108 0.932807 0.941124 0.944221 0.945107 0.944872 0.950315 0.950313 0.944487 0.954713 0.959081 0.964672 0.97136 0.979489 0.988192 0.99742 1.01481 1.02376 1.03022 1.03978 1.0464 1.05094 1.05345 1.05375 1.05186 1.04799 1.04236 1.04059 1.02843 1.01954 1.01021 0.993964 0.983931 0.974096
-9999 -9999 -9999 -9999 -9999 -9999 -9999 -9999 0.671615 0.708546 0.737289 0.756146 0.772162 0.779053 0.783143 0.780772 0.778689 0.771247 0.763981 0.752689 0.736043 0.727106 0.755649 0.790184 0.818046 0.836817 0.847468 0.853741 0.861106 0.873282 0.886415 0.900481 0.902608 0.900275 0.904872 0.906513 0.924561 0.928837 0.928777 0.944132 0.943468 0.941768 0.935399 0.938763 0.94261 0.942107 0.949719 0.950709 0.962167 0.973995 0.984198 0.993406 1.01039 1.01746 1.02561 1.03407 1.03986 1.04397 1.04627 1.04662 1.04498 1.0414 1.03631 1.03013 1.02987 1.02258 1.00775 0.992077 0.98289 0.973867
-9999 -9999 -9999 -9999 -9999 -9999 -9999 -9999 0.665778 0.698959 0.727076 0.746882 0.764213 0.771205 0.778594 0.780057 0.778204 0.772253 0.764295 0.755478 0.741641 0.732483 0.749115 0.779745 0.800156 0.824804 0.845329 0.856179 0.866551 0.876841 0.8877 0.907119 0.910941 0.910122 0.911152 0.907802 0.927653 0.932133 0.931124 0.939397 0.938879 0.926789 0.917716 0.917278 0.936708 0.935129 0.938654 0.940486 0.950676 0.96797 0.969679 0.979379 1.00174 1.01074 1.02024 1.02683 1.03208 1.03588 1.03797 1.03839 1.03706 1.03392 1.02946 1.0239 1.01737 1.01907 1.01196 0.996715 0.981409 0.973311
-9999 -9999 -9999 -9999 -9999 -9999 -9999 -9999 0.655052 0.68707 0.712608 0.73849 0.756498 0.765924 0.773143 0.775712 0.773646 0.771641 0.767388 0.760138 0.755935 0.748076 0.737355 0.765202 0.786066 0.812237 0.82105 0.838584 0.850057 0.859108 0.886434 0.900156 0.910879 0.910369 0.914516 0.915386 0.928441 0.931509 0.933175 0.933735 0.924238 0.910684 0.900134 0.909226 0.909535 0.930523 0.923451 0.933227 0.947307 0.957218 0.958943 0.963434 0.992508 1.0041 1.01186 1.0184 1.02364 1.02699 1.02911 1.0295 1.0284 1.02587 1.02204 1.01725 1.01167 1.00559 1.00903 0.994317 0.987003 0.981966
-9999 -9999 -9999 -9999 -9999 -9999 -9999 -9999 -9999 0.664633 0.697679 0.725133 0.742405 0.754543 0.762069 0.765104 0.765497 0.765066 0.763288 0.758707 0.752792 0.742924 0.737032 0.747055 0.768409 0.79005 0.803767 0.827295 0.84257 0.847052 0.851828 0.875454 0.895487 0.903761 0.910216 0.915338 0.92395 0.926102 0.925868 0.920534 0.90046 0.892171 0.884702 0.886948 0.884765 0.913224 0.914185 0.92892 0.939131 0.947531 0.946115 0.96617 0.986834 0.99746 1.00276 1.01051 1.01469 1.01789 1.01982 1.0203 1.01957 1.0176 1.0145 1.01315 1.00852 1.00343 1.00923 0.994559 0.987291 0.980293
-9999 -9999 -9999 -9999 -9999 -9999 -9999 -9999 -9999 0.657485 0.687322 0.718169 0.731193 0.743706 0.75454 0.757855 0.757366 0.756627 0.75556 0.754042 0.746854 0.740418 0.735091 0.736436 0.743482 0.774021 0.789942 0.816761 0.8299 0.838515 0.846487 0.849881 0.872797 0.892695 0.900616 0.905475 0.896199 0.903026 0.89826 0.890013 0.888757 0.885606 0.877504 0.883969 0.879453 0.885787 0.906989 0.91731 0.925591 0.938308 0.93734 0.954979 0.975396 0.986391 0.991896 1.00199 1.00777 1.01114 1.01305 1.0138 1.01339 1.01201 1.00959 1.0064 1.0026 0.99823 0.993223 0.998834 0.973743 0.968153
-9999 -9999 -9999 -9999 -9999 -9999 -9999 -9999 -9999 0.655037 0.676854 0.704318 0.725577 0.730661 0.742463 0.749875 0.749246 0.747887 0.746278 0.746901 0.739223 0.730946 0.725424 0.718983 0.725922 0.739722 0.785651 0.805489 0.816431 0.823263 0.839032 0.851726 0.869424 0.881933 0.890039 0.894569 0.896334 0.898535 0.896122 0.896271 0.890636 0.880428 0.877694 0.883128 0.873086 0.877584 0.886747 0.905483 0.919154 0.928948 0.925141 0.954841 0.96939 0.979268 0.988132 0.994279 0.998545 1.00237 1.00414 1.00503 1.00495 1.00395 1.0022 0.99964 0.996618 0.992304 0.987231 0.974076 0.968813 0.964845
-9999 -9999 -9999 -9999 -9999 -9999 -9999 -9999 -9999 0.65229 0.671866 0.695808 0.711814 0.71768 0.730187 0.741389 0.743343 0.741998 0.743363 0.741849 0.736028 0.729672 0.722941 0.722232 0.715621 0.733004 0.776053 0.793552 0.806291 0.82412 0.828329 0.842708 0.85666 0.86612 0.878994 0.884435 0.887046 0.881758 0.880666 0.885596 0.886308 0.885416 0.879643 0.882162 0.880089 0.881729 0.884119 0.902295 0.911687 0.917521 0.930282 0.955787 0.965525 0.973417 0.980626 0.985222 0.98967 0.993765 0.995635 0.996637 0.99681 0.996313 0.995048 0.992926 0.990466 0.985899 0.979439 0.969498 0.958017 0.962344
-9999 -9999 -9999 -9999 -9999 -9999 -9999 -9999 -9999 0.643731 0.663711 0.684284 0.694887 0.699454 0.71908 0.732147 0.735014 0.735879 0.736432 0.729049 0.732781 0.734211 0.728707 0.719436 0.709412 0.716544 0.748824 0.780154 0.792043 0.804931 0.807955 0.818329 0.835134 0.850438 0.865616 0.873258 0.875215 0.864768 0.85294 0.863476 0.874283 0.877284 0.878158 0.873735 0.874988 0.876926 0.875917 0.873287 0.898761 0.906566 0.939916 0.948147 0.958078 0.966845 0.969219 0.973729 0.980902 0.985687 0.987526 0.988675 0.98924 0.989102 0.988375 0.986467 0.984174 0.980981 0.969131 0.960984 0.940849 0.961051
-9999 -9999 -9999 -9999 -9999 -9999 -9999 -9999 -9999 0.63245 0.647467 0.666789 0.676382 0.689731 0.708161 0.718617 0.72506 0.727784 0.72921 0.727704 0.728311 0.726596 0.720934 0.712147 0.702371 0.698313 0.709391 0.762352 0.782355 0.787504 0.788648 0.802562 0.819565 0.841281 0.855785 0.862029 0.865794 0.866959 0.85947 0.849382 0.852908 0.863252 0.861095 0.858232 0.866035 0.869858 0.869146 0.87035 0.894659 0.908479 0.930093 0.937238 0.947725 0.960814 0.965853 0.968919 0.975529 0.978037 0.979917 0.981332 0.982108 0.982405 0.982232 0.981108 0.97881 0.971251 0.964413 0.955192 0.953056 0.964428
-9999 -9999 -9999 -9999 -9999 -9999 -9999 -9999 -9999 0.617293 0.633855 0.651643 0.668398 0.684338 0.698396 0.701854 0.710573 0.713351 0.719525 0.721878 0.721217 0.720622 0.716578 0.704185 0.694987 0.684887 0.695157 0.737356 0.776248 0.775427 0.76792 0.788817 0.810856 0.830996 0.844049 0.842642 0.853411 0.857034 0.856719 0.852375 0.843482 0.847573 0.842084 0.845917 0.855334 0.861778 0.86615 0.868564 0.871725 0.905013 0.923767 0.929228 0.939079 0.949984 0.960361 0.964669 0.968695 0.971036 0.972907 0.974449 0.975515 0.976086 0.976159 0.975568 0.969928 0.963081 0.958704 0.952709 0.951663 0.952783
