Test_Spring_2018/03_18/Prec/20180312_023.txt
ncols	170
nrows	115
xllcorner	350000.000000
yllcorner	4445000.000000
cellsize	1000.000000
nodata_value	-9999.000000
[rows 34 to 67 of 115, columns 75 to 149 of 170]
0.571991 0.575561 0.631581 0.642694 0.656625 0.665756 0.673952 0.679596 0.684351 0.686949 0.686658 0.683401 0.677644 0.665769 0.670229 0.671812 0.666589 0.65992 0.649971 0.636235 0.630989 0.620968 0.560183 0.553851 0.53538 0.519944 -9999 -9999 -9999 -9999 -9999 -9999 -9999 -9999 -9999 -9999 -9999 -9999 -9999 -9999 -9999 -9999 -9999 -9999 -9999 -9999 -9999 -9999 -9999 -9999 -9999 -9999 -9999 -9999 -9999 -9999 -9999 -9999 -9999 -9999 -9999 -9999 -9999 -9999 -9999 -9999 -9999 -9999 -9999 -9999 -9999 -9999 -9999 -9999 -9999
0.553703 0.558711 0.586787 0.627962 0.639093 0.649301 0.657133 0.66227 0.662929 0.66655 0.669397 0.667764 0.661103 0.653191 0.649344 0.654192 0.652005 0.645797 0.640687 0.628344 0.621396 0.610746 0.575422 0.532586 0.528704 0.512345 0.493903 -9999 -9999 -9999 -9999 -9999 -9999 -9999 -9999 -9999 -9999 -9999 -9999 -9999 -9999 -9999 -9999 -9999 -9999 -9999 -9999 -9999 -9999 -9999 -9999 -9999 -9999 -9999 -9999 -9999 -9999 -9999 -9999 -9999 -9999 -9999 -9999 -9999 -9999 -9999 -9999 -9999 -9999 -9999 -9999 -9999 -9999 -9999 -9999
0.523369 0.551981 0.569866 0.612408 0.624137 0.634703 0.642437 0.645701 0.649396 0.653326 0.653936 0.651658 0.649703 0.644567 0.638093 0.636962 0.639738 0.631324 0.629666 0.62154 0.613648 0.600641 0.55832 0.518694 0.515735 0.499368 0.481584 -9999 -9999 -9999 -9999 -9999 -9999 -9999 -9999 -9999 -9999 -9999 -9999 -9999 -9999 -9999 -9999 -9999 -9999 -9999 -9999 -9999 -9999 -9999 -9999 -9999 -9999 -9999 -9999 -9999 -9999 -9999 -9999 -9999 -9999 -9999 -9999 -9999 -9999 -9999 -9999 -9999 -9999 -9999 -9999 -9999 -9999 -9999 -9999
0.508366 0.535911 0.555153 0.598239 0.609928 0.621727 0.62974 0.635103 0.639423 0.642026 0.642991 0.641642 0.63889 0.634089 0.632059 0.633709 0.629813 0.623706 0.617984 0.612554 0.603059 0.56742 0.543048 0.525793 0.499472 0.480951 0.46732 0.451123 -9999 -9999 -9999 -9999 -9999 -9999 -9999 -9999 -9999 -9999 -9999 -9999 0.358889 -9999 -9999 -9999 -9999 -9999 -9999 -9999 -9999 -9999 -9999 -9999 -9999 -9999 -9999 -9999 -9999 -9999 -9999 -9999 -9999 0.129927 -9999 -9999 -9999 -9999 -9999 -9999 -9999 -9999 -9999 -9999 -9999 -9999 -9999
0.50639 0.525025 0.543628 0.559692 0.59828 0.611027 0.619479 0.62546 0.629859 0.631628 0.633849 0.63378 0.630749 0.62949 0.629322 0.62724 0.624035 0.619252 0.612281 0.603402 0.59292 0.555476 0.538676 0.522541 0.484055 0.477417 0.458455 0.438125 0.420163 -9999 -9999 -9999 -9999 -9999 -9999 -9999 0.369135 0.364038 0.358999 0.354692 0.352096 0.342656 -9999 -9999 -9999 -9999 -9999 -9999 -9999 -9999 -9999 -9999 -9999 -9999 -9999 -9999 -9999 -9999 -9999 -9999 -9999 0.132394 0.121923 -9999 -9999 -9999 -9999 -9999 -9999 -9999 -9999 -9999 -9999 -9999 -9999
0.493585 0.513011 0.532955 0.550496 0.589868 0.601638 0.611604 0.61878 0.623377 0.625907 0.628806 0.628128 0.627396 0.625926 0.626194 0.623713 0.618785 0.612282 0.604437 0.593502 0.583257 0.548163 0.531882 0.513189 0.49393 0.468967 0.444662 0.421389 0.400898 -9999 -9999 -9999 -9999 -9999 -9999 0.361789 0.361117 0.359205 0.351039 0.34968 0.347153 0.339984 0.282057 -9999 -9999 -9999 -9999 -9999 -9999 -9999 -9999 -9999 -9999 -9999 -9999 -9999 -9999 0.17251 0.163701 0.149337 0.139485 0.131211 0.121064 -9999 -9999 -9999 -9999 -9999 -9999 -9999 -9999 -9999 -9999 -9999 -9999
0.48088 0.503028 0.523976 0.54175 0.58257 0.595542 0.605922 0.613831 0.619783 0.624009 0.625033 0.625899 0.623329 0.625634 0.62367 0.619802 0.612344 0.605077 0.592413 0.580951 0.54886 0.539352 0.521253 0.498872 0.474361 0.458818 0.427616 0.408419 0.38785 -9999 -9999 -9999 -9999 -9999 -9999 0.350161 0.350841 0.350983 0.348294 0.340404 0.341024 0.290625 0.279669 0.270388 0.263835 0.255722 0.227759 0.214341 0.208066 0.200205 0.195986 -9999 -9999 -9999 -9999 0.177802 0.175084 0.172158 0.166624 0.151528 0.139382 0.127365 0.101571 -9999 -9999 -9999 -9999 -9999 -9999 -9999 -9999 -9999 -9999 -9999 -9999
0.470539 0.493297 0.514095 0.535266 0.576038 0.590706 0.590251 0.599309 0.606569 0.611999 0.615071 0.615568 0.616406 0.615285 0.611825 0.602139 0.589948 0.585624 0.585598 0.564688 0.542154 0.530755 0.510792 0.485507 0.458449 0.447257 0.417256 0.395684 0.366593 -9999 -9999 -9999 0.333718 0.333911 0.331129 0.330328 0.333067 0.334672 0.341012 0.339777 0.306484 0.286982 0.275942 0.263767 0.25545 0.251554 0.243081 0.211573 0.205182 0.197377 0.187402 0.184658 0.181864 0.178995 0.175978 0.173428 0.171041 0.168064 0.162856 0.153415 0.143279 0.134418 0 -9999 -9999 -9999 -9999 -9999 -9999 -9999 -9999 -9999 -9999 -9999 -9999
0.447345 0.471674 0.498685 0.519328 0.539776 0.574825 0.589143 0.599687 0.606212 0.61387 0.617936 0.620028 0.619995 0.617923 0.610179 0.598898 0.585863 0.574624 0.563864 0.546657 0.52063 0.508177 0.500341 0.463819 0.437042 0.417599 0.404448 0.371182 0.3487 -9999 -9999 0.317184 0.320505 0.323141 0.324254 0.324138 0.323574 0.327118 0.326036 0.328177 0.297788 0.275327 0.268023 0.260929 0.252501 0.235679 0.226431 0.205652 0.195839 0.190474 0.185489 0.182422 0.179371 0.176823 0.174633 0.171959 0.170199 0.167829 0.163626 0.152688 0.144647 0.120256 0 -9999 -9999 -9999 -9999 -9999 -9999 -9999 -9999 -9999 -9999 -9999 -9999
0.432655 0.458529 0.481893 0.505783 0.538228 0.572266 0.58917 0.601565 0.609645 0.61579 0.622221 0.624742 0.625053 0.623171 0.615166 0.604491 0.589218 0.575004 0.558957 0.543248 0.498676 0.482614 0.463394 0.443673 0.425707 0.411353 0.39352 0.370212 0.339603 0.321657 -9999 0.305129 0.303873 0.308508 0.313798 0.317877 0.316769 0.321903 0.322257 0.301712 0.295255 0.275699 0.256979 0.247559 0.237329 0.230708 0.225147 0.203203 0.196804 0.187461 0.182943 0.179463 0.176713 0.174633 0.17303 0.17151 0.169849 0.167643 0.164458 0.157557 0.136888 0.122844 0 -9999 -9999 -9999 -9999 -9999 -9999 -9999 -9999 -9999 -9999 -9999 -9999
0.426481 0.453093 0.478927 0.503835 0.527289 0.563167 0.591334 0.604973 0.614742 0.619379 0.625038 0.628554 0.630917 0.628947 0.624419 0.615251 0.597233 0.582268 0.553176 0.530659 0.497979 0.4796 0.464514 0.443901 0.420299 0.396864 0.377509 0.359549 0.337038 0.30915 0.299255 0.295926 0.294325 0.297207 0.304852 0.311359 0.31524 0.317305 0.302577 0.300315 0.284888 0.267173 0.257283 0.245855 0.235393 0.224997 0.216716 0.196049 0.192943 0.187654 0.180063 0.176798 0.174426 0.172813 0.171704 0.170695 0.169403 0.167675 0.165145 0.151716 0.141191 0.119407 0 -9999 -9999 -9999 -9999 -9999 -9999 -9999 -9999 -9999 -9999 -9999 -9999
0.416896 0.443955 0.471085 0.498308 0.524645 0.563242 0.58239 0.600018 0.619549 0.62498 0.627731 0.633785 0.635416 0.634427 0.629744 0.622207 0.596881 0.5787 0.559311 0.535457 0.506502 0.487328 0.465865 0.442968 0.414364 0.386498 0.362687 0.335833 0.31874 0.302142 0.291132 0.286589 0.289735 0.293318 0.29581 0.29901 0.309348 0.301452 0.294618 0.292247 0.283438 0.267283 0.255746 0.246211 0.235358 0.224538 0.207911 0.192054 0.185079 0.182794 0.17977 0.174682 0.172623 0.171419 0.17064 0.170016 0.16912 0.167698 0.158648 0.151182 0.14164 0.119299 0.100589 -9999 -9999 -9999 -9999 -9999 -9999 -9999 -9999 -9999 -9999 -9999 -9999
-9999 0.438132 0.46696 0.494789 0.522198 0.56337 0.584749 0.603089 0.617754 0.627837 0.634212 0.636888 0.637988 0.632432 0.627001 0.620716 0.607904 0.592178 0.567662 0.534613 0.516254 0.492703 0.464664 0.437869 0.411605 0.381851 0.359295 0.330985 0.307409 0.293226 0.289943 0.288402 0.292076 0.294232 0.293204 0.297496 0.294571 0.297449 0.296597 0.291463 0.282274 0.266447 0.253383 0.246108 0.235378 0.222714 0.210467 0.1895 0.184092 0.178724 0.176989 0.174261 0.171376 0.170413 0.16996 0.169604 0.168962 0.162586 0.158245 0.152617 0.145719 0.122626 0 -9999 -9999 -9999 -9999 -9999 -9999 -9999 -9999 -9999 -9999 -9999 -9999
-9999 0.431351 0.460377 0.490241 0.522368 0.562644 0.585032 0.60362 0.619671 0.630909 0.636497 0.638452 0.636248 0.629246 0.624233 0.619029 0.608518 0.592549 0.567835 0.540863 0.516823 0.491108 0.460735 0.432455 0.407205 0.37754 0.353854 0.328561 0.303622 0.293424 0.286889 0.28485 0.28937 0.294119 0.297165 0.293928 0.295851 0.299378 0.296187 0.288475 0.28226 0.265032 0.250482 0.244425 0.234539 0.22216 0.211391 0.189792 0.183262 0.178609 0.175262 0.172842 0.170932 0.169742 0.169466 0.169301 0.166654 0.163571 0.159184 0.153409 0.14637 0.128468 0 -9999 -9999 -9999 -9999 -9999 -9999 -9999 -9999 -9999 -9999 -9999 -9999
-9999 -9999 0.453441 0.486106 0.520301 0.559963 0.581726 0.602401 0.618698 0.630006 0.637644 0.638891 0.634691 0.622118 0.617091 0.610962 0.603773 0.590508 0.570827 0.538101 0.511204 0.478832 0.447585 0.423431 0.39972 0.372448 0.350545 0.324975 0.312491 0.303398 0.29797 0.293692 0.289532 0.293511 0.297579 0.295836 0.298217 0.299957 0.294823 0.288789 0.281325 0.263719 0.253439 0.242786 0.23422 0.221079 0.211244 0.190288 0.18316 0.178039 0.17438 0.172092 0.170362 0.169474 0.169235 0.168516 0.166803 0.163694 0.159187 0.153319 0.146182 0.137156 0.11582 0.100435 -9999 -9999 -9999 -9999 -9999 -9999 -9999 -9999 -9999 -9999 -9999
-9999 -9999 0.445191 0.475189 0.510395 0.550897 0.576468 0.597817 0.614319 0.624943 0.63113 0.631573 0.630728 0.618228 0.607904 0.599945 0.584204 0.576747 0.566022 0.533365 0.492766 0.462996 0.435192 0.413562 0.391656 0.369301 0.344336 0.323582 0.31613 0.308585 0.303014 0.299639 0.295354 0.294829 0.301001 0.30135 0.302234 0.299497 0.295943 0.28755 0.278815 0.264813 0.252722 0.241604 0.233279 0.219477 0.211226 0.190068 0.182535 0.176993 0.174441 0.171873 0.170284 0.168642 0.16862 0.167968 0.165864 0.162784 0.158242 0.152291 0.145218 0.13702 0.124114 0.109578 0 0 -9999 -9999 -9999 -9999 -9999 -9999 -9999 -9999 -9999
-9999 -9999 -9999 0.461975 0.499473 0.542281 0.566557 0.589519 0.606229 0.613694 0.621787 0.622158 0.61836 0.606846 0.589752 0.577162 0.576649 0.571715 0.55898 0.527626 0.490593 0.462151 0.439406 0.420898 0.397119 0.375279 0.353662 0.334355 0.316735 0.306537 0.296656 0.295733 0.298518 0.301005 0.300895 0.302377 0.301576 0.298967 0.295264 0.289374 0.282137 0.263322 0.255395 0.243095 0.233257 0.221966 0.211127 0.1898 0.18163 0.177623 0.174728 0.172224 0.167517 0.167585 0.167442 0.166655 0.164913 0.160813 0.156259 0.150421 0.143387 0.135433 0.123785 0.113892 0.101404 0 0 -9999 -9999 -9999 -9999 -9999 -9999 -9999 -9999
-9999 -9999 -9999 0.449451 0.485535 0.527933 0.555544 0.576241 0.587341 0.601068 0.609232 0.610727 0.605551 0.596791 0.579062 0.557116 0.563866 0.56035 0.549088 0.529841 0.485948 0.467787 0.443831 0.424349 0.399733 0.379283 0.364459 0.344842 0.327213 0.300753 0.28916 0.296209 0.299567 0.30266 0.303759 0.303736 0.302472 0.300437 0.29302 0.282761 0.279216 0.263101 0.253042 0.242492 0.231994 0.221466 0.211294 0.190073 0.183911 0.177845 0.169117 0.166315 0.166117 0.166003 0.165579 0.164528 0.162627 0.15968 0.155476 0.147707 0.140877 0.133173 0.121862 0.112911 0.103682 0 0 0 0 0 -9999 -9999 -9999 -9999 -9999
-9999 -9999 -9999 0.425765 0.465175 0.510642 0.537928 0.552737 0.570473 0.584105 0.591081 0.594556 0.591124 0.583617 0.569809 0.549221 0.529297 0.53317 0.531239 0.519861 0.488839 0.468475 0.445648 0.423784 0.40534 0.38867 0.373879 0.336109 0.319918 0.304496 0.297441 0.301696 0.300473 0.298287 0.305158 0.303418 0.300544 0.294043 0.287464 0.282628 0.270132 0.255812 0.243846 0.236607 0.228961 0.220181 0.210986 0.189504 0.173293 0.170163 0.165694 0.164786 0.164241 0.163767 0.16304 0.161735 0.159572 0.156507 0.152518 0.146926 0.140681 0.130422 0.119518 0.111133 0.102526 0 0 0 0 0 0 -9999 -9999 -9999 -9999
-9999 -9999 -9999 0.410603 0.462649 0.494644 0.509938 0.533756 0.550146 0.564379 0.572516 0.575525 0.572667 0.564932 0.552986 0.534795 0.515954 0.508306 0.513065 0.502949 0.475276 0.460563 0.442444 0.424415 0.384041 0.369048 0.359842 0.345103 0.321766 0.31192 0.302133 0.307018 0.305297 0.3018 0.303941 0.301367 0.292034 0.28338 0.278098 0.276919 0.267347 0.250392 0.236611 0.229503 0.225749 0.202183 0.194626 0.17557 0.171971 0.165566 0.163851 0.162658 0.161803 0.160955 0.159901 0.158337 0.155962 0.152801 0.148769 0.143784 0.137138 0.130371 0.119709 0.109006 0.101111 0 0 0 0 0 0 0 -9999 -9999 -9999
-9999 -9999 -9999 0.375935 0.446626 0.475537 0.49133 0.513825 0.530013 0.542869 0.550617 0.552877 0.551918 0.546369 0.535866 0.523867 0.507054 0.486238 0.484232 0.483874 0.458623 0.418039 0.404071 0.387628 0.371149 0.369466 0.359086 0.337797 0.3252 0.317366 0.30984 0.310716 0.307643 0.304819 0.301919 0.293614 0.282695 0.272598 0.272033 0.265445 0.262306 0.239655 0.222824 0.217736 0.210163 0.197505 0.188102 0.172252 0.164848 0.16277 0.16119 0.159989 0.158737 0.157632 0.156195 0.154328 0.151842 0.1486 0.144615 0.139855 0.134397 0.126905 0.11673 0.109474 0 0 0 0 0 0 0 0 0 -9999 -9999
-9999 -9999 -9999 -9999 0.404315 0.42404 0.45237 0.47408 0.491405 0.504133 0.511867 0.515226 0.514933 0.510594 0.501471 0.488557 0.470757 0.452763 0.441484 0.441652 0.414367 0.400647 0.392424 0.380392 0.363581 0.347911 0.329519 0.326458 0.319147 0.31286 0.307664 0.310889 0.306792 0.302244 0.295375 0.280568 0.265659 0.256105 0.250829 0.242058 0.240891 0.221973 0.218592 0.212321 0.204912 0.192335 0.16707 0.162343 0.160899 0.157654 0.156784 0.15665 0.155174 0.153704 0.151962 0.1499 0.147302 0.144067 0.139245 0.134506 0.129163 0.121347 0.111369 0.104117 0 0 0 0 0 0 0 0 0 0 -9999
-9999 -9999 -9999 -9999 0.376584 0.404793 0.43293 0.450424 0.466222 0.479281 0.486061 0.488257 0.487577 0.483885 0.477157 0.464732 0.450347 0.434532 0.420671 0.408637 0.395004 0.384902 0.38081 0.369831 0.357265 0.328483 0.315612 0.315047 0.314603 0.309355 0.303957 0.292185 0.290091 0.282362 0.273033 0.267425 0.260428 0.250146 0.246952 0.236933 0.231868 0.215372 0.210338 0.203861 0.199683 0.188259 0.161454 0.15639 0.155533 0.152628 0.15311 0.152095 0.150511 0.148729 0.146753 0.144409 0.141648 0.13829 0.134363 0.129881 0.124821 0.119141 0.109959 0 0 0 0 0 0 0 0 0 0 0 -9999
-9999 -9999 -9999 -9999 0.363737 0.385715 0.410159 0.430338 0.440525 0.452766 0.460748 0.462244 0.461038 0.457313 0.452442 0.440855 0.426928 0.412741 0.396617 0.386614 0.379536 0.37423 0.368503 0.358345 0.346645 0.322263 0.315608 0.313097 0.309224 0.304346 0.298774 0.292752 0.287768 0.280816 0.275492 0.267008 0.255772 0.248096 0.244209 0.231242 0.225406 0.2214 0.201886 0.19906 0.194086 0.18192 0.152273 0.152906 0.151769 0.150871 0.149277 0.147386 0.145886 0.14379 0.141599 0.139127 0.136264 0.132998 0.129194 0.124981 0.119873 0.114152 0.103874 0 0 0 0 0 0 0 0 0 0 0 -9999
-9999 -9999 -9999 -9999 0.350978 0.370052 0.390924 0.406683 0.415869 0.427294 0.436425 0.438771 0.437415 0.435546 0.430159 0.420577 0.408999 0.395717 0.384433 0.368962 0.365742 0.360728 0.355628 0.348218 0.324796 0.313518 0.308839 0.3051 0.300114 0.298101 0.293084 0.287395 0.278094 0.2715 0.26837 0.262945 0.256438 0.246913 0.24137 0.232773 0.225594 0.218265 0.198013 0.193492 0.187027 0.173603 0.151703 0.150093 0.148133 0.14648 0.144081 0.142225 0.140728 0.138482 0.136109 0.133519 0.13069 0.127472 0.123742 0.119725 0.114431 0.107968 0 0 0 0 0 0 0 0 0 0 0 0 0
-9999 -9999 -9999 -9999 0.335478 0.353294 0.370889 0.382348 0.389591 0.403828 0.413191 0.415564 0.415279 0.4132 0.405212 0.40168 0.395462 0.384205 0.369806 0.3541 0.346992 0.334387 0.341845 0.335502 0.309652 0.298875 0.292956 0.29147 0.290139 0.289665 0.285954 0.279874 0.267633 0.25501 0.254658 0.254448 0.249848 0.243792 0.234464 0.227736 0.220891 0.211997 0.191637 0.184741 0.179846 0.148793 0.146121 0.144866 0.143544 0.139358 0.136913 0.13646 0.135208 0.132776 0.130292 0.127721 0.124906 0.12183 0.118105 0.114111 0.10954 0.100183 0 0 0 0 0 0 0 0 0 0 0 0 0
-9999 -9999 -9999 -9999 0.319032 0.332905 0.348581 0.358318 0.369254 0.381964 0.389261 0.393181 0.393809 0.392411 0.388102 0.383644 0.376713 0.366531 0.353677 0.339462 0.327689 0.323646 0.325653 0.305091 0.295101 0.284262 0.281043 0.280276 0.28286 0.282315 0.278003 0.272943 0.266936 0.256557 0.244925 0.240653 0.239925 0.232179 0.2237 0.220584 0.214894 0.206356 0.198521 0.18052 0.167274 0.141494 0.138431 0.137613 0.138702 0.135972 0.132708 0.131869 0.12927 0.126724 0.124241 0.121649 0.118953 0.116087 0.11273 0.108711 0.101786 0 0 0 0 0 0 0 0 0 0 0 0 0 0
-9999 -9999 -9999 -9999 0.301119 0.314775 0.328584 0.341211 0.35267 0.362286 0.365261 0.370101 0.370694 0.372052 0.370262 0.365767 0.360269 0.351928 0.338182 0.325388 0.311469 0.30809 0.303414 0.294816 0.283218 0.268472 0.269668 0.272138 0.274261 0.273215 0.264955 0.263791 0.259161 0.25267 0.24413 0.233124 0.229005 0.219466 0.214642 0.212461 0.208278 0.202602 0.195554 0.178576 0.162987 0.135921 0.132002 0.130854 0.130742 0.130843 0.128171 0.125836 0.12304 0.120383 0.117874 0.115361 0.11276 0.109999 0.106927 0.101121 0 0 0 0 0 0 0 0 0 0 0 0 0 0 0
-9999 -9999 -9999 -9999 -9999 0.300213 0.313157 0.323302 0.328241 0.336361 0.341252 0.344778 0.345814 0.352247 0.351761 0.348773 0.344309 0.337587 0.327097 0.318227 0.305625 0.294973 0.271202 0.275938 0.271252 0.263972 0.261144 0.263512 0.266614 0.26235 0.251974 0.248268 0.245162 0.24368 0.238395 0.225111 0.216363 0.208293 0.206773 0.205172 0.201099 0.196219 0.190422 0.168402 0.134371 0.133638 0.132041 0.128422 0.126925 0.125045 0.122096 0.119298 0.116414 0.113751 0.111216 0.108699 0.106289 0.103514 0.100136 0 0 0 0 0 0 0 0 0 0 0 0 0 0 0 0
-9999 -9999 -9999 -9999 -9999 0.284487 0.297781 0.302811 0.305071 0.30372 0.306587 0.319472 0.322336 0.328662 0.334187 0.332792 0.329086 0.323423 0.316649 0.307025 0.294196 0.282824 0.264124 0.260072 0.267593 0.262905 0.259287 0.258584 0.254064 0.243278 0.233208 0.231753 0.229412 0.23234 0.229839 0.224829 0.215491 0.205229 0.197848 0.197537 0.193504 0.188881 0.18379 0.170048 0.134607 0.129643 0.127424 0.124634 0.121306 0.118943 0.115691 0.112479 0.109575 0.106813 0.104258 0.101746 0 0 0 0 0 0 0 0 0 0 0 0 0 0 0 0 0 0 0
-9999 -9999 -9999 -9999 -9999 -9999 -9999 -9999 -9999 -9999 0.290017 0.293216 0.302464 0.309912 0.31816 0.317683 0.314908 0.311342 0.303298 0.294076 0.28996 0.266666 0.255614 0.251925 0.257842 0.255785 0.251249 0.247187 0.239439 0.229564 0.218246 0.217343 0.220153 0.223677 0.220172 0.217041 0.210767 0.203092 0.190027 0.190091 0.185943 0.181775 0.176618 0.138908 0.129807 0.124409 0.119629 0.11753 0.11609 0.112438 0.108882 0.105539 0.102457 0 0 0 0 0 0 0 0 0 0 0 0 0 0 0 0 0 0 0 0 0 0
-9999 -9999 -9999 -9999 -9999 -9999 -9999 -9999 -9999 -9999 0.267186 0.266866 0.286157 0.294449 0.302087 0.303282 0.300931 0.297481 0.29294 0.287285 0.279279 0.256421 0.245285 0.248185 0.247414 0.243769 0.237619 0.228316 0.222599 0.212382 0.204393 0.20728 0.21013 0.213028 0.211077 0.207619 0.204091 0.192873 0.182984 0.180404 0.177227 0.1747 0.161353 0.132803 0.129329 0.119174 0.116557 0.11331 0.109612 0.105847 0.101863 0 0 0 0 0 0 0 0 0 0 0 0 0 0 0 0 0 0 0 0 0 0 0 0
-9999 -9999 -9999 -9999 -9999 -9999 -9999 -9999 -9999 -9999 -9999 0.248785 0.2663 0.27828 0.287458 0.290261 0.289354 0.287236 0.283484 0.278068 0.273153 0.251383 0.237913 0.233255 0.227539 0.228551 0.222959 0.211302 0.202929 0.198562 0.195985 0.197101 0.200725 0.203206 0.202027 0.193636 0.195633 0.191534 0.183425 0.17628 0.16972 0.167445 0.132945 0.126905 0.123193 0.118184 0.108479 0.106819 0.101488 0 0 0 0 0 0 0 0 0 0 0 0 0 0 0 0 0 0 0 0 0 0 0 0 0 0
-9999 -9999 -9999 -9999 -9999 -9999 -9999 -9999 -9999 -9999 -9999 0.239172 0.248891 0.26428 0.272912 0.278484 0.278787 0.277583 0.275879 0.272039 0.257094 0.244677 -9999 -9999 -9999 -9999 -9999 -9999 0.187562 0.193159 0.195581 0.193587 0.193726 0.195086 0.193649 0.186834 0.179869 0.183728 0.179801 0.174763 0.167462 0.13822 0.125832 0.122003 0.119362 0.115458 0.102124 0 0 0 0 0 0 0 0 0 0 0 0 0 0 0 0 0 0 0 0 0 0 0 0 0 0 0 0
