Test_Spring_2018/03_18/Prec/20180306_012.txt
ncols	170
nrows	115
xllcorner	350000.000000
yllcorner	4445000.000000
cellsize	1000.000000
nodata_value	-9999.000000
[rows 35 to 69 of 115, columns 78 to 155 of 170]
0.22037 0.218821 0.216996 0.217337 0.220288 0.229053 0.22996 0.229889 0.23568 0.248368 0.261034 0.263918 0.248505 0.243661 0.243876 0.23982 0.246921 0.242205 0.242658 0.240215 0.244871 0.263132 0.265964 0.273573 -9999 -9999 -9999 -9999 -9999 -9999 -9999 -9999 -9999 -9999 -9999 -9999 -9999 -9999 -9999 -9999 -9999 -9999 -9999 -9999 -9999 -9999 -9999 -9999 -9999 -9999 -9999 -9999 -9999 -9999 -9999 -9999 -9999 -9999 -9999 -9999 -9999 -9999 -9999 -9999 -9999 -9999 -9999 -9999 -9999 -9999 -9999 -9999 -9999 -9999 -9999 -9999 -9999 -9999
0.21095 0.208506 0.205806 0.205787 0.211429 0.213797 0.213367 0.216809 0.223471 0.227551 0.235523 0.243984 0.240597 0.227909 0.233545 0.224518 0.225131 0.223195 0.228742 0.228541 0.241858 0.257231 0.259904 0.26595 -9999 -9999 -9999 -9999 -9999 -9999 -9999 -9999 -9999 -9999 -9999 -9999 -9999 -9999 -9999 -9999 -9999 -9999 -9999 -9999 -9999 -9999 -9999 -9999 -9999 -9999 -9999 -9999 -9999 -9999 -9999 -9999 -9999 -9999 -9999 -9999 -9999 -9999 -9999 -9999 -9999 -9999 -9999 -9999 -9999 -9999 -9999 -9999 -9999 -9999 -9999 -9999 -9999 -9999
0.201887 0.200309 0.195686 0.19512 0.196606 0.197374 0.198902 0.201299 0.206039 0.211607 0.219259 0.22011 0.212375 0.21282 0.215145 0.21444 0.21081 0.212283 0.2173 0.227072 0.235162 0.258321 0.264304 0.26197 0.265473 -9999 -9999 -9999 -9999 -9999 -9999 -9999 -9999 -9999 -9999 -9999 -9999 0.217592 -9999 -9999 -9999 -9999 -9999 -9999 -9999 -9999 -9999 -9999 -9999 -9999 -9999 -9999 -9999 -9999 -9999 -9999 -9999 -9999 0.165512 -9999 -9999 -9999 -9999 -9999 -9999 -9999 -9999 -9999 -9999 -9999 -9999 -9999 -9999 -9999 -9999 -9999 -9999 -9999
0.1886 0.191326 0.185814 0.184869 0.185319 0.185822 0.188651 0.188513 0.19076 0.196844 0.198172 0.195948 0.195534 0.195238 0.195637 0.197618 0.200513 0.203719 0.200358 0.208201 0.21328 0.228333 0.242186 0.248486 0.258491 0.265837 -9999 -9999 -9999 -9999 -9999 -9999 -9999 0.230256 0.228545 0.226011 0.220923 0.211125 0.212126 -9999 -9999 -9999 -9999 -9999 -9999 -9999 -9999 -9999 -9999 -9999 -9999 -9999 -9999 -9999 -9999 -9999 -9999 -9999 0.156134 0.161895 -9999 -9999 -9999 -9999 -9999 -9999 -9999 -9999 -9999 -9999 -9999 -9999 -9999 -9999 -9999 -9999 -9999 -9999
0.173333 0.180609 0.178214 0.175339 0.174057 0.17437 0.175793 0.17432 0.177591 0.179423 0.181193 0.178309 0.17882 0.181874 0.185537 0.189075 0.195462 0.197656 0.190899 0.196548 0.204847 0.212998 0.230168 0.244759 0.258783 0.269646 -9999 -9999 -9999 -9999 -9999 -9999 0.227666 0.220003 0.214504 0.21964 0.21082 0.202234 0.200004 0.186193 -9999 -9999 -9999 -9999 -9999 -9999 -9999 -9999 -9999 -9999 -9999 -9999 -9999 -9999 0.120753 0.127748 0.144064 0.150982 0.15375 0.158658 -9999 -9999 -9999 -9999 -9999 -9999 -9999 -9999 -9999 -9999 -9999 -9999 -9999 -9999 -9999 -9999 -9999 -9999
0.167489 0.168077 0.169339 0.166933 0.165094 0.163357 0.161853 0.163847 0.164231 0.169357 0.164127 0.16528 0.168259 0.175818 0.180622 0.192546 0.199186 0.193526 0.187497 0.194748 0.207885 0.223609 0.247957 0.247988 0.2529 0.262603 -9999 -9999 -9999 -9999 -9999 -9999 0.223016 0.215065 0.207959 0.205024 0.209867 0.196772 0.179152 0.180993 0.178183 0.169212 0.162462 0.161279 0.14972 0.143812 0.142324 0.135831 -9999 -9999 -9999 -9999 0.120502 0.118073 0.115753 0.117497 0.13569 0.147084 0.156686 0.148405 -9999 -9999 -9999 -9999 -9999 -9999 -9999 -9999 -9999 -9999 -9999 -9999 -9999 -9999 -9999 -9999 -9999 -9999
0.16165 0.162241 0.162812 0.15574 0.154016 0.151866 0.149773 0.149141 0.150761 0.14958 0.149984 0.15269 0.164728 0.179061 0.176405 0.190641 0.203151 0.191364 0.186871 0.195399 0.21156 0.229564 0.241187 0.240225 0.247689 0.254875 -9999 -9999 -9999 0.240164 0.229828 0.227546 0.223327 0.213306 0.205047 0.200345 0.194617 0.183275 0.178075 0.179506 0.181184 0.174424 0.158782 0.151421 0.144444 0.138251 0.136408 0.128709 0.12258 0.118236 0.115443 0.113932 0.112092 0.109951 0.108379 0.109937 0.128459 0.136428 0.14016 0.141967 -9999 -9999 -9999 -9999 -9999 -9999 -9999 -9999 -9999 -9999 -9999 -9999 -9999 -9999 -9999 -9999 -9999 -9999
0.152999 0.150295 0.150788 0.149862 0.147199 0.147772 0.142559 0.140687 0.139595 0.139884 0.141591 0.151439 0.16543 0.180117 0.188754 0.184136 0.196652 0.193311 0.18898 0.198638 0.207206 0.223671 0.226622 0.234879 0.24841 0.261123 -9999 -9999 0.256799 0.238448 0.225095 0.217484 0.214031 0.212133 0.202248 0.199345 0.188157 0.179587 0.182556 0.176892 0.178272 0.170501 0.157554 0.151706 0.142031 0.131352 0.12628 0.122635 0.117579 0.114435 0.111974 0.109987 0.109444 0.107158 0.105327 0.105669 0.116767 0.120657 0.119865 0.138023 -9999 -9999 -9999 -9999 -9999 -9999 -9999 -9999 -9999 -9999 -9999 -9999 -9999 -9999 -9999 -9999 -9999 -9999
0.145075 0.146366 0.149255 0.142881 0.141729 0.141064 0.139807 0.134322 0.132724 0.132231 0.133032 0.142441 0.154085 0.17138 0.183756 0.187932 0.195449 0.20131 0.200536 0.204132 0.207753 0.20785 0.217578 0.23058 0.238537 0.253349 0.260804 -9999 0.254381 0.245479 0.229943 0.216464 0.207275 0.208339 0.197345 0.193333 0.179074 0.178463 0.176946 0.171203 0.166515 0.162435 0.151433 0.143296 0.136184 0.12959 0.122618 0.118356 0.114586 0.111662 0.109303 0.107306 0.105727 0.104265 0.102967 0.102039 0.106034 0.105835 0.116415 0.135968 -9999 -9999 -9999 -9999 -9999 -9999 -9999 -9999 -9999 -9999 -9999 -9999 -9999 -9999 -9999 -9999 -9999 -9999
0.14091 0.140234 0.140591 0.137999 0.13469 0.134382 0.137224 0.134005 0.130927 0.126511 0.126843 0.128809 0.136265 0.156887 0.162498 0.174265 0.189351 0.196508 0.197254 0.190727 0.193677 0.202058 0.210768 0.225185 0.235139 0.244182 0.261674 0.259131 0.249911 0.2427 0.231806 0.215679 0.203814 0.197461 0.193674 0.182704 0.177287 0.173745 0.169242 0.165706 0.16352 0.158673 0.153446 0.144738 0.137521 0.126894 0.120459 0.115593 0.111992 0.109166 0.106904 0.105038 0.103553 0.10235 0.100934 0 0 0.100167 0.116331 0.126515 -9999 -9999 -9999 -9999 -9999 -9999 -9999 -9999 -9999 -9999 -9999 -9999 -9999 -9999 -9999 -9999 -9999 -9999
0.144623 0.142035 0.138921 0.136589 0.131623 0.12892 0.132489 0.135531 0.128194 0.124986 0.122865 0.124001 0.126966 0.141611 0.15244 0.162073 0.176865 0.17564 0.175284 0.178165 0.183294 0.199138 0.214556 0.234813 0.24993 0.25104 0.260757 0.255952 0.249637 0.234723 0.223807 0.218555 0.214218 0.197395 0.187984 0.180649 0.172477 0.173045 0.165728 0.164131 0.157363 0.152152 0.146694 0.15241 0.136861 0.131512 0.120171 0.113425 0.109584 0.10695 0.104824 0.103286 0.101997 0.100858 0 0 0 0 0.117822 0.125382 -9999 -9999 -9999 -9999 -9999 -9999 -9999 -9999 -9999 -9999 -9999 -9999 -9999 -9999 -9999 -9999 -9999 -9999
0.144994 0.143237 0.136888 0.13313 0.12935 0.126429 0.125848 0.12972 0.129018 0.126692 0.132351 0.128634 0.122413 0.124989 0.128884 0.145416 0.155204 0.15247 0.158004 0.17112 0.181893 0.192248 0.210248 0.226709 0.24422 0.257247 0.258052 0.244455 0.233478 0.218484 0.211186 0.213434 0.208088 0.195525 0.183428 0.175177 0.171542 0.172101 0.16407 0.164332 0.1525 0.146218 0.143398 0.140449 0.134785 0.126521 0.121002 0.11185 0.107573 0.105022 0.103204 0.101817 0.100723 0 0 0 0 0 0.112415 0.128004 -9999 -9999 -9999 -9999 -9999 -9999 -9999 -9999 -9999 -9999 -9999 -9999 -9999 -9999 -9999 -9999 -9999 -9999
0.14668 0.138183 0.134733 0.131228 0.129045 0.125439 0.124268 0.126885 0.130276 0.133988 0.139925 0.136724 0.12837 0.124879 0.127202 0.14205 0.139337 0.145243 0.153254 0.169487 0.182151 0.190133 0.20776 0.225767 0.238059 0.254095 0.24823 0.241323 0.23201 0.216225 0.204814 0.199037 0.199834 0.191917 0.178351 0.173937 0.17445 0.168888 0.163207 0.1655 0.150817 0.142478 0.138747 0.132829 0.128807 0.122795 0.11629 0.110528 0.106186 0.103783 0.102095 0.100878 0 0 0 0 0 0 0.101441 0.127495 -9999 -9999 -9999 -9999 -9999 -9999 -9999 -9999 -9999 -9999 -9999 -9999 -9999 -9999 -9999 -9999 -9999 -9999
0.146267 0.134806 0.133304 0.132276 0.127666 0.124971 0.124848 0.12458 0.129075 0.136619 0.15306 0.149119 0.141373 0.130473 0.12643 0.130668 0.137541 0.147734 0.167298 0.184781 0.189831 0.195247 0.209003 0.224215 0.237941 0.232102 0.22518 0.217115 0.212615 0.213241 0.203375 0.194464 0.195048 0.185942 0.175178 0.173775 0.170624 0.166805 0.161544 0.155637 0.14916 0.1383 0.136005 0.128533 0.123761 0.119271 0.114102 0.109401 0.105279 0.102942 0.101345 0.100096 0 0 0 0 0 0 0 0 0.100011 -9999 -9999 -9999 -9999 -9999 -9999 -9999 -9999 -9999 -9999 -9999 -9999 -9999 -9999 -9999 -9999 -9999
0.156441 0.142768 0.139978 0.132377 0.127157 0.124811 0.126663 0.126778 0.134258 0.136232 0.151212 0.158905 0.153962 0.158112 0.142759 0.129999 0.136288 0.171617 0.186649 0.19833 0.199535 0.202665 0.208624 0.230874 0.237237 0.223569 0.215041 0.208201 0.202664 0.200539 0.19991 0.186753 0.183012 0.176045 0.172859 0.167948 0.168611 0.16674 0.154599 0.152036 0.146597 0.135638 0.135032 0.125232 0.121164 0.118053 0.114255 0.108033 0.104814 0.102452 0.100566 0 0 0 0 0 0 0 0 0 0 0 0 -9999 -9999 -9999 -9999 -9999 -9999 -9999 -9999 -9999 -9999 -9999 -9999 -9999 -9999 -9999
0.168731 0.149347 0.141945 0.136201 0.127816 0.125127 0.123552 0.126274 0.134792 0.14236 0.155702 0.171531 0.181884 0.158134 0.138296 0.129519 0.13356 0.163267 0.176993 0.180734 0.177753 0.186038 0.192884 0.2112 0.216815 0.223531 0.22128 0.20981 0.201452 0.19359 0.186921 0.184598 0.177977 0.173432 0.169278 0.164044 0.159708 0.154909 0.151394 0.141589 0.138909 0.131475 0.127133 0.123035 0.119471 0.118326 0.112385 0.107296 0.104251 0.100935 0 0 0 0 0 0 0 0 0 0 0 0 0 0 -9999 -9999 -9999 -9999 -9999 -9999 -9999 -9999 -9999 -9999 -9999 -9999 -9999 -9999
0.177663 0.158387 0.150735 0.137485 0.125871 0.12257 0.121996 0.12419 0.130556 0.140847 0.149574 0.167235 0.186061 0.160367 0.140845 0.130453 0.132552 0.157072 0.153829 0.161838 0.162809 0.174882 0.181461 0.190095 0.19847 0.2071 0.212753 0.216774 0.199082 0.189603 0.181035 0.175567 0.17074 0.166092 0.164356 0.16151 0.164939 0.153404 0.144813 0.139661 0.134702 0.129563 0.125006 0.120915 0.117177 0.113242 0.111781 0.104349 0.101612 0.100148 0 0 0 0 0 0 0 0 0 0 0 0 0 0 0 0 0 -9999 -9999 -9999 -9999 -9999 -9999 -9999 -9999 -9999 -9999 -9999
0.205178 0.176563 0.148904 0.136944 0.126766 0.123575 0.121847 0.125397 0.127816 0.135088 0.142166 0.153701 0.171475 0.182936 0.164329 0.137 0.132181 0.134827 0.13812 0.146617 0.154561 0.157908 0.1601 0.1718 0.176565 0.190521 0.193625 0.199286 0.186234 0.184397 0.184562 0.167456 0.164757 0.162164 0.163889 0.168524 0.162408 0.162095 0.150198 0.149547 0.139698 0.130643 0.124268 0.119783 0.116348 0.109098 0.106451 0.102297 0.100517 0 0 0 0 0 0 0 0 0 0 0 0 0 0 0 0 0 0 0 -9999 -9999 -9999 -9999 -9999 -9999 -9999 -9999 -9999 -9999
0.195195 0.173916 0.153733 0.141579 0.12945 0.126384 0.121776 0.122038 0.124807 0.131179 0.139461 0.148935 0.164151 0.175866 0.163445 0.145862 0.133865 0.130278 0.136613 0.139343 0.143093 0.137472 0.142076 0.149474 0.158314 0.168252 0.176333 0.186736 0.171915 0.170123 0.171677 0.1622 0.160056 0.168516 0.173646 0.170394 0.163419 0.163736 0.155733 0.155068 0.146317 0.131561 0.125411 0.120703 0.112705 0.108674 0.103511 0.101187 0 0 0 0 0 0 0 0 0 0 0 0 0 0 0 0 0 0 0 0 0 -9999 -9999 -9999 -9999 -9999 -9999 -9999 -9999 -9999
0.182107 0.180325 0.162168 0.144025 0.131128 0.125752 0.121597 0.121184 0.124679 0.127677 0.132792 0.141129 0.147059 0.157579 0.172193 0.150004 0.144765 0.139455 0.128399 0.12401 0.126769 0.132668 0.147036 0.146154 0.145652 0.156255 0.160698 0.166612 0.158493 0.158309 0.157645 0.156448 0.163968 0.174695 0.182098 0.170131 0.167416 0.162771 0.165343 0.146504 0.133948 0.126736 0.129702 0.129551 0.114554 0.107087 0.103336 0.100357 0 0 0 0 0 0 0 0 0 0 0 0 0 0 0 0 0 0 0 0 0 0 -9999 -9999 -9999 -9999 -9999 -9999 -9999 -9999
-9999 0.177437 0.15517 0.134558 0.123297 0.116259 0.112855 0.11297 0.114861 0.116908 0.119904 0.125635 0.133025 0.14506 0.154225 0.148966 0.142912 0.143183 0.140151 0.128633 0.126288 0.135295 0.157809 0.146677 0.138192 0.140282 0.142752 0.144853 0.149329 0.150217 0.151844 0.157104 0.175873 0.174237 0.178904 0.173961 0.173873 0.163965 0.158721 0.144356 0.135526 0.129509 0.13414 0.128653 0.112115 0.105125 0.103284 0 0 0 0 0 0 0 0 0 0 0 0 0 0 0 0 0 0 0 0 0 0 0 0 -9999 -9999 -9999 -9999 -9999 -9999 -9999
-9999 0.181595 0.158357 0.133668 0.126088 0.118337 0.111515 0.111418 0.114428 0.117169 0.119937 0.123134 0.132258 0.141256 0.150068 0.153421 0.152456 0.1536 0.147501 0.131646 0.130197 0.133772 0.152594 0.160128 0.147657 0.137242 0.137504 0.139368 0.153678 0.150373 0.157004 0.165693 0.166321 0.168056 0.174316 0.166117 0.169173 0.162117 0.158609 0.148726 0.141728 0.131159 0.134905 0.131359 0.114891 0.10689 0.104195 0 0 0 0 0 0 0 0 0 0 0 0 0 0 0 0 0 0 0 0 0 0 0 0 -9999 -9999 -9999 -9999 -9999 -9999 -9999
-9999 0.177395 0.161258 0.139188 0.12285 0.122062 0.114055 0.109856 0.113146 0.116785 0.120476 0.12198 0.132008 0.143174 0.152391 0.163504 0.162459 0.155796 0.144414 0.134558 0.134211 0.138367 0.148832 0.146014 0.137677 0.133686 0.133037 0.134732 0.13785 0.139178 0.143783 0.144684 0.150391 0.159982 0.161817 0.155521 0.164854 0.160268 0.151748 0.152643 0.14025 0.13236 0.138543 0.123999 0.111853 0.104385 0 0 0 0 0 0 0 0 0 0 0 0 0 0 0 0 0 0 0 0 0 0 0 0 0 -9999 -9999 -9999 -9999 -9999 -9999 -9999
-9999 0.173101 0.158335 0.139007 0.127256 0.125216 0.116203 0.108111 0.108871 0.112678 0.113708 0.117688 0.126237 0.135814 0.146448 0.151944 0.164237 0.153698 0.145658 0.13736 0.134318 0.143054 0.147953 0.142475 0.136922 0.135127 0.12907 0.129384 0.131417 0.140182 0.143725 0.14035 0.140403 0.141513 0.147184 0.144591 0.146753 0.145619 0.144275 0.147394 0.139247 0.135126 0.127171 0.114198 0.106389 0.100401 0 0 0 0 0 0 0 0 0 0 0 0 0 0 0 0 0 0 0 0 0 0 0 0 0 0 0 -9999 -9999 -9999 -9999 0
-9999 0.174191 0.158178 0.141426 0.134373 0.133089 0.116625 0.106459 0.106252 0.10795 0.109991 0.120081 0.119467 0.121617 0.131269 0.145386 0.161041 0.160475 0.152487 0.140926 0.138002 0.151188 0.156445 0.154106 0.144912 0.13658 0.127624 0.125306 0.12774 0.141595 0.155982 0.147431 0.138019 0.135937 0.135742 0.140773 0.140314 0.139466 0.141936 0.144629 0.143218 0.137045 0.119355 0.112641 0.104292 0 0 0 0 0 0 0 0 0 0 0 0 0 0 0 0 0 0 0 0 0 0 0 0 0 0 0 0 0 0 0 0 0
-9999 0.177608 0.165683 0.149387 0.142635 0.132042 0.116308 0.108426 0.10452 0.104373 0.105677 0.110163 0.112937 0.118509 0.128583 0.142408 0.157892 0.168362 0.164412 0.148294 0.141796 0.157291 0.163774 0.157241 0.147169 0.131837 0.123002 0.121656 0.122045 0.124312 0.134521 0.146752 0.14503 0.13624 0.139698 0.143841 0.137507 0.135334 0.137943 0.138966 0.138108 0.129818 0.119983 0.114169 0.105008 0 0 0 0 0 0 0 0 0 0 0 0 0 0 0 0 0 0 0 0 0 0 0 0 0 0 0 0 0 0 0 0 0
-9999 0.18453 0.170228 0.154646 0.140041 0.126225 0.114302 0.11298 0.106584 0.106309 0.102971 0.103814 0.108119 0.112895 0.121679 0.139353 0.154451 0.170992 0.167782 0.151456 0.14969 0.157938 0.172543 0.158551 0.142925 0.128617 0.120738 0.126599 0.119782 0.119513 0.122672 0.129436 0.140422 0.13833 0.145661 0.143752 0.136394 0.132141 0.130136 0.130275 0.12874 0.124555 0.117017 0.11278 0.104076 0 0 0 0 0 0 0 0 0 0 0 0 0 0 0 0 0 0 0 0 0 0 0 0 0 0 0 0 0 0 0 0 0
-9999 -9999 0.169576 0.153184 0.14087 0.136994 0.12613 0.12004 0.11531 0.114017 0.101703 0.100992 0.103797 0.108273 0.1159 0.12952 0.139334 0.155281 0.167076 0.160722 0.161943 0.158574 0.160259 0.154181 0.13906 0.123114 0.121202 0.130969 0.12886 0.125902 0.120075 0.121188 0.136796 0.143741 0.148983 0.14165 0.133853 0.129976 0.126996 0.125202 0.117337 0.118422 0.107782 0 0 0 0 0 0 0 0 0 0 0 0 0 0 0 0 0 0 0 0 0 0 0 0 0 0 0 0 0 0 0 0 0 0 0
-9999 -9999 0.172555 0.1534 0.148453 0.147671 0.152665 0.149145 0.126537 0.121679 0.109836 0 0 0.104294 0.111567 0.120039 0.132893 0.150812 0.165313 0.171729 0.158169 0.144182 0.141728 0.137507 0.128256 0.126423 0.136546 0.145818 0.139693 0.135534 0.121923 0.118352 0.119296 0.127923 0.137819 0.141863 0.132265 0.128781 0.125663 0.122751 0.116892 0.110582 0.101651 0 0 0 0 0 0 0 0 0 0 0 0 0 0 0 0 0 0 0 0 0 0 0 0 0 0 0 0 0 0 0 0 0 0 0
-9999 -9999 -9999 -9999 -9999 -9999 -9999 0.147489 0.142011 0.125223 0.11155 0 0 0.100484 0.105317 0.117588 0.131142 0.134395 0.144885 0.16481 0.152921 0.141549 0.134722 0.132462 0.129521 0.133684 0.142189 0.15384 0.146872 0.133539 0.119236 0.118022 0.116121 0.119775 0.125578 0.140659 0.130877 0.127967 0.124202 0.121399 0.116002 0.107207 0 0 0 0 0 0 0 0 0 0 0 0 0 0 0 0 0 0 0 0 0 0 0 0 0 0 0 0 0 0 0 0 0 0 0 0
-9999 -9999 -9999 -9999 -9999 -9999 -9999 0.159763 0.160135 0.124705 0.109683 0 0 0 0.104358 0.111503 0.119768 0.131294 0.149521 0.16262 0.149034 0.14104 0.137434 0.138285 0.145015 0.14546 0.154624 0.160265 0.146554 0.133493 0.12082 0.117353 0.116727 0.116046 0.129028 0.138868 0.134388 0.129959 0.123226 0.118787 0.114961 0.108213 0 0 0 0 0 0 0 0 0 0 0 0 0 0 0 0 0 0 0 0 0 0 0 0 0 0 0 0 0 0 0 0 0 0 -9999 -9999
-9999 -9999 -9999 -9999 -9999 -9999 -9999 -9999 0.165552 0.133185 0.111573 0 0 0 0 0.105752 0.114684 0.121505 0.138568 0.156601 0.15732 0.152095 0.147018 0.146874 0.157885 0.163157 0.161588 0.157405 0.147192 0.133114 0.121759 0.117546 0.126719 0.116648 0.11726 0.124409 0.128704 0.130652 0.123361 0.11663 0.11434 0.107073 0 0 0 0 0 0 0 0 0 0 0 0 0 0 0 0 0 0 0 0 0 0 0 0 0 0 0 0 0 0 0 0 0 -9999 -9999 -9999
-9999 -9999 -9999 -9999 -9999 -9999 -9999 -9999 0.15792 0.139678 0.111975 0 0 0 0 0 0.105707 0.114525 0.132585 -9999 -9999 -9999 -9999 -9999 -9999 0.173932 0.154057 0.140812 0.13659 0.129364 0.120684 0.117683 0.124765 0.131939 0.118655 0.118687 0.119455 0.122839 0.123658 0.120159 0.112792 0.102385 0 0 0 0 0 0 0 0 0 0 0 0 0 0 0 0 0 0 0 0 0 0 0 0 0 0 0 0 0 0 0 0 -9999 -9999 -9999 -9999
-9999 -9999 -9999 -9999 -9999 -9999 -9999 -9999 -9999 0.144082 0.12003 0 0 0 0 0 0.105769 0.122305 0.121949 -9999 -9999 -9999 -9999 -9999 -9999 0.158682 0.145716 0.134657 0.126926 0.123282 0.119766 0.118551 0.129833 0.135996 0.125652 0.12515 0.125555 0.123362 0.114701 0.110449 0.103357 0.106175 0 0 0 0 0 0 0 0 0 0 0 0 0 0 0 0 0 0 0 0 0 0 0 0 0 0 0 0 0 0 -9999 -9999 -9999 -9999 -9999 -9999
-9999 -9999 -9999 -9999 -9999 -9999 -9999 -9999 -9999 -9999 0.106491 0.105468 0 0 0 0.101979 0.106668 -9999 -9999 -9999 -9999 -9999 -9999 -9999 -9999 0.158345 0.142102 0.131617 0.127722 0.127893 0.128356 0.126728 0.139427 0.140252 0.136741 0.134263 -9999 0.118431 0.108981 0.102463 0 0 0 0 0 0 0 0 0 0 0 0 0 0 0 0 0 0 0 0 0 0 0 0 0 0 0 0 0 0 0 0 -9999 -9999 -9999 -9999 -9999 -9999
