Test_Spring_2018/03_18/Prec/20180302_011.txt
ncols	170
nrows	115
xllcorner	350000.000000
yllcorner	4445000.000000
cellsize	1000.000000
nodata_value	-9999.000000
[rows 31 to 61 of 115, columns 71 to 141 of 170]
1.24216 1.24488 1.2394 1.2399 1.24938 1.2625 1.26151 1.24251 1.24034 1.23318 1.23003 1.22399 1.21414 1.20909 1.19228 1.14134 1.15318 1.1563 1.13944 1.14445 1.1541 1.13919 1.10178 1.08307 1.05531 1.06299 1.0502 1.02706 -9999 -9999 -9999 -9999 -9999 -9999 -9999 -9999 -9999 -9999 -9999 -9999 -9999 -9999 -9999 -9999 -9999 -9999 -9999 -9999 -9999 -9999 -9999 -9999 -9999 -9999 -9999 -9999 -9999 -9999 -9999 -9999 -9999 -9999 -9999 -9999 -9999 -9999 -9999 -9999 -9999 -9999 -9999
1.23882 1.23849 1.23335 1.2415 1.24904 1.25198 1.23755 1.24222 1.24136 1.23626 1.22547 1.22072 1.21569 1.21193 1.19773 1.16073 1.12693 1.14142 1.13905 1.12421 1.14176 1.12682 1.09368 1.04829 1.06572 1.05493 1.02498 0.991696 -9999 -9999 -9999 -9999 -9999 -9999 -9999 -9999 -9999 -9999 -9999 -9999 -9999 -9999 -9999 -9999 -9999 -9999 -9999 -9999 -9999 -9999 -9999 -9999 -9999 -9999 -9999 -9999 -9999 -9999 -9999 -9999 -9999 -9999 -9999 -9999 -9999 -9999 -9999 -9999 -9999 -9999 -9999
1.23366 1.2311 1.22909 1.24132 1.24138 1.23723 1.24129 1.2416 1.24236 1.2399 1.2347 1.22993 1.22475 1.21334 1.19734 1.16534 1.12708 1.11632 1.131 1.12852 1.12765 1.11344 1.09626 1.07157 1.08274 1.08372 1.06493 1.011 0.985856 -9999 -9999 -9999 -9999 -9999 -9999 -9999 -9999 -9999 -9999 -9999 -9999 -9999 -9999 -9999 -9999 -9999 -9999 -9999 -9999 -9999 -9999 -9999 -9999 -9999 -9999 -9999 -9999 -9999 -9999 -9999 -9999 -9999 -9999 -9999 -9999 -9999 -9999 -9999 -9999 -9999 -9999
1.22613 1.22235 1.21116 1.21883 1.22476 1.22168 1.22776 1.22874 1.2424 1.24097 1.23951 1.23247 1.22646 1.217 1.20157 1.17998 1.15405 1.11024 1.13245 1.14874 1.14424 1.13874 1.125 1.10069 1.11112 1.10607 1.0606 1.02028 0.997527 0.984546 -9999 -9999 -9999 -9999 -9999 -9999 -9999 -9999 -9999 -9999 -9999 -9999 -9999 -9999 -9999 -9999 -9999 -9999 -9999 -9999 -9999 -9999 -9999 -9999 -9999 -9999 -9999 -9999 -9999 -9999 -9999 -9999 -9999 -9999 -9999 -9999 -9999 -9999 -9999 -9999 -9999
1.21589 1.21243 1.19887 1.20678 1.21719 1.22079 1.21848 1.2341 1.238 1.24189 1.24079 1.23381 1.21444 1.21056 1.20818 1.19341 1.16412 1.13442 1.12414 1.15059 1.15493 1.14835 1.14982 1.12792 1.12947 1.11995 1.08277 1.05256 1.01762 1.00064 0.974149 -9999 -9999 -9999 -9999 -9999 -9999 -9999 -9999 -9999 -9999 -9999 -9999 -9999 -9999 -9999 -9999 -9999 -9999 -9999 -9999 -9999 -9999 -9999 -9999 -9999 -9999 -9999 -9999 -9999 -9999 -9999 -9999 -9999 -9999 -9999 -9999 -9999 -9999 -9999 -9999
-9999 -9999 -9999 1.19055 1.19448 1.19913 1.2103 1.23243 1.23811 1.24354 1.24279 1.22986 1.22304 1.22146 1.21162 1.19494 1.18326 1.16341 1.14226 1.14488 1.16598 1.14922 1.16167 1.15379 1.15039 1.13106 1.07518 1.04305 1.01339 0.996675 0.973185 -9999 -9999 -9999 -9999 -9999 -9999 -9999 -9999 -9999 -9999 -9999 -9999 -9999 -9999 -9999 -9999 -9999 -9999 -9999 -9999 -9999 -9999 -9999 -9999 -9999 -9999 -9999 -9999 -9999 -9999 -9999 -9999 -9999 -9999 -9999 -9999 -9999 -9999 -9999 -9999
-9999 -9999 -9999 -9999 1.19224 1.19494 1.21381 1.23114 1.23513 1.24434 1.24443 1.23958 1.23561 1.22967 1.2217 1.20882 1.19418 1.17525 1.17005 1.18213 1.17719 1.16791 1.16415 1.16558 1.15579 1.10789 1.06286 1.03604 0.995489 0.971836 0.965126 0.946704 -9999 -9999 -9999 -9999 -9999 -9999 -9999 -9999 -9999 -9999 -9999 -9999 0.923201 -9999 -9999 -9999 -9999 -9999 -9999 -9999 -9999 -9999 -9999 -9999 -9999 -9999 -9999 -9999 -9999 -9999 -9999 -9999 -9999 0.729498 -9999 -9999 -9999 -9999 -9999
-9999 -9999 -9999 1.19944 1.19589 1.20577 1.2183 1.21785 1.2352 1.2462 1.24685 1.2438 1.24002 1.2311 1.22805 1.22015 1.20453 1.19872 1.2002 1.1979 1.19509 1.19039 1.18178 1.17046 1.15755 1.11295 1.08723 1.06644 1.03148 1.00163 0.97695 0.944877 0.918569 -9999 -9999 -9999 -9999 -9999 -9999 -9999 0.920015 0.9152 0.911303 0.911573 0.920183 0.9054 -9999 -9999 -9999 -9999 -9999 -9999 -9999 -9999 -9999 -9999 -9999 -9999 -9999 -9999 -9999 -9999 -9999 -9999 -9999 0.721201 0.701835 -9999 -9999 -9999 -9999
-9999 -9999 -9999 1.18726 1.20024 1.20759 1.22017 1.22826 1.24046 1.24516 1.24961 1.24984 1.24614 1.23979 1.23924 1.22915 1.22225 1.21575 1.21893 1.21523 1.20615 1.19536 1.1841 1.16609 1.15552 1.11962 1.09824 1.07064 1.04273 1.01165 0.969614 0.928886 0.895001 -9999 -9999 -9999 -9999 -9999 -9999 0.9181 0.926268 0.929464 0.910051 0.917767 0.923433 0.914393 0.868965 -9999 -9999 -9999 -9999 -9999 -9999 -9999 -9999 -9999 -9999 -9999 -9999 -9999 -9999 0.783709 0.766123 0.729465 0.71124 0.700214 0.683148 -9999 -9999 -9999 -9999
-9999 -9999 -9999 1.18547 1.20079 1.21198 1.22242 1.22611 1.24672 1.24857 1.25201 1.25318 1.25339 1.25275 1.24493 1.24062 1.22704 1.23497 1.23024 1.22193 1.20414 1.19149 1.16357 1.14536 1.11228 1.11544 1.09052 1.05271 1.00895 0.954651 0.948965 0.926288 0.894345 -9999 -9999 -9999 -9999 -9999 -9999 0.913956 0.923211 0.930043 0.927208 0.90694 0.92127 0.88905 0.867005 0.852758 0.849642 0.840943 0.807431 0.819077 0.809764 0.792535 0.787129 -9999 -9999 -9999 -9999 0.76189 0.762817 0.764944 0.759468 0.720378 0.694262 0.670254 0.655819 -9999 -9999 -9999 -9999
-9999 -9999 -9999 1.19554 1.20576 1.21222 1.21547 1.22581 1.24558 1.24911 1.25619 1.25736 1.25858 1.25926 1.25687 1.2501 1.2494 1.24589 1.23801 1.21125 1.17965 1.18217 1.15566 1.11304 1.10734 1.10706 1.07913 1.0347 0.985793 0.956111 0.95168 0.92329 0.884937 -9999 -9999 -9999 0.878192 0.892379 0.890643 0.89291 0.906567 0.915714 0.925903 0.926994 0.911754 0.882101 0.859143 0.833732 0.823869 0.83089 0.820379 0.807143 0.796162 0.777652 0.759801 0.75577 0.750811 0.745608 0.740689 0.739066 0.740172 0.741538 0.737139 0.711046 0.693166 0.682057 0.633576 -9999 -9999 -9999 -9999
-9999 -9999 -9999 1.20636 1.21592 1.22425 1.22381 1.22808 1.23784 1.25284 1.25795 1.26107 1.2567 1.26362 1.26367 1.26235 1.25866 1.25256 1.23027 1.19971 1.16757 1.14726 1.1421 1.11143 1.09069 1.08982 1.06372 1.0197 0.973915 0.955538 0.93079 0.897978 0.860391 -9999 -9999 0.840687 0.870901 0.891831 0.901581 0.902878 0.900456 0.913171 0.909993 0.921549 0.902694 0.857853 0.848092 0.828262 0.818133 0.796955 0.782416 0.763328 0.771732 0.759717 0.74697 0.739824 0.731942 0.726056 0.72255 0.719121 0.72165 0.72484 0.724247 0.70142 0.692036 0.66897 0.612623 -9999 -9999 -9999 -9999
-9999 -9999 -9999 1.21232 1.22307 1.23475 1.23894 1.24846 1.23807 1.24758 1.26016 1.26395 1.26213 1.26097 1.26832 1.268 1.26588 1.26165 1.2403 1.21459 1.17722 1.14933 1.1274 1.10662 1.05492 1.0457 1.02689 1.00755 0.995133 0.965044 0.929866 0.90113 0.865741 0.839979 -9999 0.835987 0.847545 0.873587 0.895959 0.909538 0.901532 0.916727 0.91574 0.914203 0.899468 0.86353 0.831263 0.815509 0.797316 0.792449 0.783142 0.757178 0.744802 0.745226 0.73258 0.722062 0.713415 0.707447 0.704504 0.704076 0.706069 0.709441 0.712703 0.705486 0.68696 0.6615 0.603379 -9999 -9999 -9999 -9999
-9999 -9999 1.19229 1.21159 1.22826 1.23657 1.24351 1.25006 1.25572 1.26836 1.26372 1.26893 1.26932 1.25988 1.26263 1.26531 1.27115 1.26785 1.26164 1.24442 1.20022 1.17823 1.13841 1.10022 1.05944 1.04645 1.04767 1.02919 0.999515 0.969305 0.930996 0.899635 0.870016 0.829392 0.825738 0.837213 0.845967 0.863237 0.891661 0.911246 0.918728 0.919392 0.917769 0.914712 0.885001 0.854534 0.836055 0.813203 0.794557 0.775948 0.764247 0.738456 0.732909 0.721428 0.717774 0.706385 0.697404 0.69149 0.68888 0.689138 0.691666 0.696417 0.70217 0.699088 0.686175 0.635515 0.596659 -9999 -9999 -9999 -9999
-9999 -9999 -9999 1.20755 1.21673 1.22155 1.22767 1.2368 1.24685 1.26612 1.26953 1.27674 1.2737 1.26482 1.2549 1.26628 1.26964 1.27127 1.26664 1.25843 1.21401 1.18578 1.15906 1.12081 1.09729 1.08589 1.06739 1.04404 0.998855 0.954823 0.904266 0.861641 0.84885 0.820275 0.825488 0.831633 0.856714 0.87467 0.881521 0.886222 0.915292 0.917318 0.906464 0.905261 0.883326 0.857816 0.833594 0.818269 0.79859 0.77875 0.73609 0.726259 0.709712 0.707875 0.698589 0.693874 0.684563 0.678722 0.676042 0.67668 0.679955 0.685479 0.685775 0.684665 0.676541 0.622851 0.589586 -9999 -9999 -9999 -9999
-9999 -9999 -9999 -9999 -9999 1.21657 1.22474 1.2313 1.24009 1.26569 1.27226 1.27727 1.27948 1.27642 1.26348 1.26141 1.26297 1.24865 1.25126 1.25668 1.24549 1.23074 1.1893 1.14669 1.14014 1.11616 1.07634 1.04117 1.00698 0.95766 0.914697 0.867486 0.830856 0.820737 0.841598 0.86002 0.885847 0.896962 0.888963 0.895997 0.903986 0.916008 0.917029 0.905455 0.882235 0.857413 0.827896 0.821414 0.802523 0.776033 0.749881 0.719298 0.708109 0.69408 0.69089 0.681773 0.67542 0.669364 0.666902 0.667727 0.671372 0.670621 0.674625 0.678475 0.681189 0.62582 0.576194 -9999 -9999 -9999 -9999
-9999 -9999 -9999 -9999 -9999 1.20639 1.21281 1.22389 1.24668 1.26631 1.27264 1.27466 1.2785 1.27686 1.26745 1.25663 1.24589 1.22957 1.23137 1.24278 1.24339 1.23122 1.19258 1.17525 1.15054 1.12105 1.07457 1.03536 1.00597 0.957522 0.911489 0.8753 0.833031 0.83705 0.84486 0.859035 0.887749 0.907595 0.914979 0.905218 0.911339 0.925724 0.918102 0.897103 0.885281 0.855004 0.820255 0.81857 0.802987 0.777612 0.756926 0.722799 0.706923 0.694983 0.685123 0.676492 0.668323 0.663545 0.661125 0.662156 0.663269 0.666495 0.670472 0.674081 0.676726 0.641338 0.570172 -9999 -9999 -9999 -9999
-9999 -9999 -9999 -9999 -9999 -9999 1.20079 1.22134 1.25028 1.26602 1.26755 1.27479 1.27708 1.27356 1.27024 1.25745 1.23878 1.20126 1.20428 1.21404 1.22925 1.2295 1.21193 1.17473 1.1409 1.08761 1.03843 1.01472 0.990686 0.950374 0.910308 0.871666 0.874459 0.881144 0.891787 0.89655 0.89181 0.908718 0.922196 0.91369 0.9218 0.929895 0.915449 0.901164 0.885044 0.853421 0.834791 0.815949 0.805207 0.77678 0.7593 0.726912 0.708333 0.694166 0.682687 0.67414 0.666302 0.661223 0.659266 0.659301 0.661472 0.664433 0.667803 0.670928 0.673097 0.670828 0.629865 0.60539 -9999 -9999 -9999
-9999 -9999 -9999 -9999 -9999 -9999 1.18591 1.19769 1.23105 1.24962 1.26472 1.27348 1.27536 1.26812 1.26287 1.24428 1.23726 1.20289 1.18148 1.18522 1.16939 1.19227 1.20892 1.17243 1.08724 1.04312 1.00581 0.990098 0.970997 0.946941 0.892968 0.869826 0.889053 0.899441 0.907919 0.914988 0.913978 0.912587 0.934159 0.934676 0.937979 0.930138 0.922334 0.899823 0.87937 0.861507 0.83605 0.815242 0.805027 0.773656 0.761572 0.728332 0.7078 0.691702 0.684119 0.674397 0.667073 0.661209 0.659364 0.65891 0.660994 0.663767 0.666545 0.66877 0.670506 0.67062 0.660548 0.638609 0.627038 0.627527 -9999
-9999 -9999 -9999 -9999 -9999 -9999 -9999 1.17015 1.21484 1.24309 1.25452 1.26995 1.27281 1.26625 1.25942 1.23993 1.22148 1.19036 1.15317 1.12397 1.16471 1.19647 1.2048 1.17233 1.09865 1.05733 1.03643 1.02958 1.00038 0.974981 0.92955 0.908429 0.886575 0.884499 0.897177 0.907976 0.922712 0.933226 0.93232 0.936999 0.936775 0.930527 0.923096 0.910628 0.89617 0.860758 0.850584 0.824873 0.808371 0.785668 0.763163 0.729762 0.706453 0.69587 0.686964 0.677622 0.666484 0.66277 0.660941 0.660277 0.66019 0.663916 0.66592 0.667573 0.66826 0.667986 0.661371 0.655478 0.639177 0.617836 0.591485
-9999 -9999 -9999 -9999 -9999 -9999 -9999 1.14984 1.19383 1.22293 1.24965 1.26495 1.26452 1.26522 1.25943 1.24427 1.22021 1.19837 1.1573 1.11279 1.15148 1.1854 1.19697 1.18238 1.10504 1.09861 1.06942 1.05496 1.01855 0.994194 0.969049 0.942763 0.917355 0.889926 0.870509 0.905607 0.923011 0.936777 0.94172 0.942307 0.939142 0.925857 0.918915 0.890802 0.890469 0.865682 0.84704 0.827164 0.807347 0.786582 0.76567 0.733658 0.717521 0.699142 0.686051 0.674053 0.668797 0.665281 0.663097 0.661884 0.661334 0.660906 0.658386 0.666613 0.66646 0.665334 0.658222 0.653991 0.648125 0.638873 0.606521
-9999 -9999 -9999 -9999 -9999 -9999 -9999 1.09212 1.15449 1.21395 1.23951 1.25114 1.25778 1.26062 1.2519 1.24464 1.2266 1.20799 1.17927 1.13679 1.10611 1.12649 1.17173 1.17658 1.14348 1.12422 1.09454 1.06641 1.0483 1.03339 1.00255 0.967872 0.934423 0.910842 0.897752 0.922571 0.92358 0.918789 0.946799 0.94261 0.935062 0.915505 0.885259 0.875013 0.862678 0.845147 0.818706 0.810331 0.800177 0.784915 0.766666 0.73513 0.711101 0.698851 0.683882 0.676895 0.671529 0.66774 0.665256 0.663605 0.662203 0.661054 0.659979 0.654928 0.65183 0.662741 0.655026 0.65065 0.644962 0.638491 0.627893
-9999 -9999 -9999 -9999 -9999 -9999 -9999 1.09757 1.15905 1.20204 1.21586 1.24102 1.24698 1.25534 1.25304 1.24484 1.22843 1.20721 1.18257 1.14522 1.11399 1.13097 1.14577 1.15948 1.13758 1.12039 1.10303 1.084 1.0629 1.04486 1.02444 0.999991 0.95637 0.937027 0.913346 0.940781 0.940737 0.93227 0.944081 0.938355 0.90819 0.881916 0.869936 0.859968 0.835177 0.808336 0.798565 0.789703 0.793026 0.759867 0.744603 0.723416 0.712405 0.693976 0.685911 0.679142 0.673898 0.669853 0.667029 0.664926 0.662821 0.660949 0.658909 0.656122 0.648969 0.644602 0.634972 0.64682 0.641402 0.635239 0.627874
-9999 -9999 -9999 -9999 -9999 -9999 -9999 1.10219 1.14503 1.18313 1.20684 1.2329 1.243 1.24997 1.24866 1.23866 1.22886 1.21389 1.19143 1.17293 1.14415 1.10616 1.14233 1.12914 1.11062 1.0971 1.0939 1.07722 1.05545 1.03142 1.02546 0.99758 0.971414 0.958568 0.943007 0.955736 0.951412 0.946599 0.94091 0.915153 0.880354 0.849777 0.856216 0.841605 0.82433 0.777045 0.769712 0.767962 0.756157 0.747181 0.724429 0.718068 0.699606 0.692596 0.686194 0.680677 0.675217 0.67133 0.667913 0.665139 0.662641 0.660026 0.657264 0.654014 0.650233 0.640948 0.631101 0.625158 0.595583 0.589751 0.604844
-9999 -9999 -9999 -9999 -9999 -9999 -9999 -9999 1.1296 1.16107 1.20366 1.2267 1.24057 1.24634 1.24414 1.23737 1.22922 1.218 1.20004 1.17757 1.14461 1.11659 1.11725 1.1015 1.07082 1.0649 1.0769 1.07111 1.04328 0.991053 0.980038 0.991483 0.98245 0.973278 0.964986 0.96092 0.953429 0.943128 0.92371 0.874764 0.854032 0.82832 0.819903 0.799593 0.791009 0.759466 0.763298 0.75604 0.74378 0.711046 0.681049 0.677908 0.676749 0.66734 0.665735 0.680731 0.675608 0.671366 0.667548 0.664415 0.66143 0.65832 0.6373 0.632344 0.627013 0.614287 0.604303 0.596573 0.589622 0.581985 0.579539
-9999 -9999 -9999 -9999 -9999 -9999 -9999 -9999 1.10461 1.15165 1.20128 1.21567 1.22996 1.2418 1.23928 1.22965 1.21967 1.20869 1.19583 1.16993 1.1434 1.11647 1.10003 1.09194 1.04014 1.04121 1.06264 1.05544 1.03888 0.965298 0.942239 0.961021 0.976461 0.970656 0.961657 0.926903 0.927133 0.905794 0.878566 0.865808 0.848724 0.820367 0.819522 0.794053 0.787784 0.746325 0.742983 0.733919 0.732749 0.703461 0.669837 0.665765 0.667088 0.659502 0.663695 0.661852 0.657923 0.653789 0.649907 0.645991 0.642115 0.637744 0.633005 0.627874 0.622115 0.615377 0.598053 0.567529 0.561903 0.562275 0.562794
-9999 -9999 -9999 -9999 -9999 -9999 -9999 -9999 1.11213 1.14333 1.18636 1.21742 1.21648 1.22981 1.23486 1.22403 1.21177 1.19862 1.18909 1.16139 1.13061 1.10313 1.07123 1.06369 1.06736 1.03842 1.04812 1.039 1.02138 0.962413 0.959899 0.969498 0.970915 0.965906 0.956156 0.943147 0.933029 0.915121 0.90334 0.880152 0.847324 0.82857 0.824748 0.787654 0.777718 0.774902 0.723069 0.726702 0.721672 0.688853 0.655675 0.664094 0.66466 0.665093 0.662201 0.65783 0.654954 0.650273 0.646024 0.641798 0.637391 0.632863 0.627729 0.622408 0.614967 0.606293 0.581455 0.555192 0.551346 0.555143 0.558227
-9999 -9999 -9999 -9999 -9999 -9999 -9999 -9999 1.12037 1.1474 1.18357 1.20412 1.20466 1.2191 1.23129 1.22496 1.21187 1.2038 1.18906 1.16434 1.13689 1.1067 1.08649 1.05206 1.06389 1.02659 1.03347 1.03004 0.972685 0.953145 0.955506 0.958704 0.954772 0.959813 0.95189 0.940164 0.914113 0.897785 0.894392 0.882686 0.867404 0.841399 0.830857 0.809404 0.793633 0.777509 0.7214 0.717838 0.706472 0.680169 0.665961 0.666046 0.663821 0.661908 0.656604 0.653009 0.650746 0.645981 0.64133 0.636681 0.632114 0.62716 0.621372 0.61555 0.605908 0.592721 0.572676 0.530232 0.541672 0.554128 0.539352
-9999 -9999 -9999 -9999 -9999 -9999 -9999 -9999 1.11811 1.1463 1.17594 1.18575 1.1837 1.21238 1.22799 1.22297 1.21367 1.20318 1.17578 1.16963 1.15731 1.12922 1.09159 1.05047 1.04214 1.02785 1.01703 1.01344 0.945086 0.924448 0.91987 0.929786 0.938357 0.948435 0.94501 0.931675 0.894599 0.855719 0.862631 0.870223 0.861721 0.848182 0.822841 0.807617 0.792274 0.769454 0.727724 0.698247 0.692116 0.661358 0.658421 0.659932 0.66039 0.649449 0.644501 0.64669 0.645816 0.640692 0.635755 0.631052 0.626132 0.621003 0.614246 0.607259 0.598831 0.573145 0.555101 0.527475 0.533674 0.540657 0.507674
-9999 -9999 -9999 -9999 -9999 -9999 -9999 -9999 1.11149 1.12996 1.15739 1.16542 1.18128 1.20755 1.21772 1.21959 1.21353 1.20418 1.18794 1.17476 1.15542 1.12648 1.08948 1.04876 1.01797 1.01638 0.992707 0.964475 0.921501 0.897947 0.901354 0.912387 0.93447 0.94353 0.937381 0.927547 0.91354 0.882813 0.847253 0.839251 0.844691 0.824183 0.801276 0.798759 0.786921 0.764654 0.74512 0.696663 0.670762 0.648152 0.643719 0.647024 0.656818 0.651749 0.644214 0.64541 0.639864 0.634523 0.629594 0.624565 0.619578 0.614453 0.608029 0.599677 0.580986 0.563933 0.542171 0.534801 0.534363 0.521944 0.505372
-9999 -9999 -9999 -9999 -9999 -9999 -9999 -9999 1.09798 1.11988 1.14456 1.16743 1.18882 1.20644 1.20249 1.20881 1.20253 1.20227 1.1932 1.17674 1.15893 1.13256 1.08768 1.04768 1.00442 1.00116 1.00353 0.937008 0.909071 0.8685 0.88652 0.908214 0.927525 0.933956 0.912496 0.916798 0.907549 0.890936 0.866444 0.832678 0.824758 0.796784 0.78673 0.786886 0.779894 0.767614 0.750421 0.719231 0.669176 0.641802 0.63425 0.636567 0.64223 0.648183 0.643304 0.639303 0.6333 0.627654 0.622518 0.617439 0.6122 0.606615 0.600175 0.583858 0.565296 0.551821 0.535103 0.528385 0.541921 0.518128 0.498284
