Test_Spring_2018/03_18/Prec/20180312_021.txt
ncols	170
nrows	115
xllcorner	350000.000000
yllcorner	4445000.000000
cellsize	1000.000000
nodata_value	-9999.000000
[rows 31 to 61 of 115, columns 70 to 139 of 170]
0.388681 0.393441 0.396687 0.39696 0.400082 0.408949 0.41014 0.413775 0.443005 0.448813 0.452313 0.457213 0.46065 0.462272 0.465725 0.464206 0.448549 0.459109 0.466324 0.465642 0.474529 0.485896 0.487638 0.480565 0.481699 0.479358 0.480002 0.496296 0.493881 -9999 -9999 -9999 -9999 -9999 -9999 -9999 -9999 -9999 -9999 -9999 -9999 -9999 -9999 -9999 -9999 -9999 -9999 -9999 -9999 -9999 -9999 -9999 -9999 -9999 -9999 -9999 -9999 -9999 -9999 -9999 -9999 -9999 -9999 -9999 -9999 -9999 -9999 -9999 -9999 -9999
0.388139 0.391013 0.392777 0.392954 0.398989 0.405046 0.403063 0.446395 0.441987 0.448267 0.452609 0.45439 0.458499 0.462354 0.466661 0.466657 0.45731 0.449538 0.462184 0.468309 0.469836 0.485448 0.48824 0.484113 0.475467 0.493343 0.49976 0.499521 0.492244 -9999 -9999 -9999 -9999 -9999 -9999 -9999 -9999 -9999 -9999 -9999 -9999 -9999 -9999 -9999 -9999 -9999 -9999 -9999 -9999 -9999 -9999 -9999 -9999 -9999 -9999 -9999 -9999 -9999 -9999 -9999 -9999 -9999 -9999 -9999 -9999 -9999 -9999 -9999 -9999 -9999
0.381708 0.386794 0.387555 0.388932 0.396534 0.399333 0.402506 0.446661 0.440449 0.447372 0.452811 0.456955 0.461154 0.465116 0.46651 0.466107 0.459297 0.45024 0.453087 0.467092 0.474675 0.48369 0.487972 0.491815 0.493266 0.510225 0.523402 0.514236 0.515923 0.529118 -9999 -9999 -9999 -9999 -9999 -9999 -9999 -9999 -9999 -9999 -9999 -9999 -9999 -9999 -9999 -9999 -9999 -9999 -9999 -9999 -9999 -9999 -9999 -9999 -9999 -9999 -9999 -9999 -9999 -9999 -9999 -9999 -9999 -9999 -9999 -9999 -9999 -9999 -9999 -9999
0.372714 0.380586 0.380901 0.378512 0.384232 0.389436 0.43708 0.42627 0.433417 0.445696 0.451556 0.457265 0.460565 0.464272 0.466639 0.466729 0.464607 0.461163 0.450919 0.468842 0.485167 0.493805 0.503014 0.509796 0.513124 0.531716 0.544549 0.523618 0.550797 0.553635 0.559919 -9999 -9999 -9999 -9999 -9999 -9999 -9999 -9999 -9999 -9999 -9999 -9999 -9999 -9999 -9999 -9999 -9999 -9999 -9999 -9999 -9999 -9999 -9999 -9999 -9999 -9999 -9999 -9999 -9999 -9999 -9999 -9999 -9999 -9999 -9999 -9999 -9999 -9999 -9999
-9999 0.372297 0.372959 0.369767 0.375738 0.382904 0.434592 0.427011 0.433536 0.441767 0.449812 0.45563 0.458912 0.457062 0.461783 0.467421 0.468367 0.463917 0.460088 0.46527 0.486778 0.500278 0.510474 0.525255 0.531532 0.548643 0.562091 0.560456 0.562749 0.582542 0.590179 0.593033 -9999 -9999 -9999 -9999 -9999 -9999 -9999 -9999 -9999 -9999 -9999 -9999 -9999 -9999 -9999 -9999 -9999 -9999 -9999 -9999 -9999 -9999 -9999 -9999 -9999 -9999 -9999 -9999 -9999 -9999 -9999 -9999 -9999 -9999 -9999 -9999 -9999 -9999
-9999 -9999 -9999 -9999 0.365049 0.414828 0.409637 0.421196 0.430338 0.439317 0.44794 0.453783 0.454448 0.457657 0.463216 0.465718 0.465954 0.46906 0.469769 0.471127 0.483695 0.505399 0.512912 0.534113 0.548388 0.565937 0.578116 0.585944 0.575665 0.602059 0.613243 0.62078 -9999 -9999 -9999 -9999 -9999 -9999 -9999 -9999 -9999 -9999 -9999 -9999 -9999 -9999 -9999 -9999 -9999 -9999 -9999 -9999 -9999 -9999 -9999 -9999 -9999 -9999 -9999 -9999 -9999 -9999 -9999 -9999 -9999 -9999 -9999 -9999 -9999 -9999
-9999 -9999 -9999 -9999 -9999 0.409922 0.404744 0.419365 0.426954 0.435226 0.445301 0.451275 0.455011 0.459087 0.462534 0.465572 0.467274 0.469223 0.470623 0.479201 0.496617 0.508782 0.521053 0.537553 0.558108 0.575794 0.574967 0.594269 0.607461 0.616413 0.628615 0.647003 0.659183 -9999 -9999 -9999 -9999 -9999 -9999 -9999 -9999 -9999 -9999 -9999 -9999 0.638434 -9999 -9999 -9999 -9999 -9999 -9999 -9999 -9999 -9999 -9999 -9999 -9999 -9999 -9999 -9999 -9999 -9999 -9999 -9999 -9999 0.367994 -9999 -9999 -9999
-9999 -9999 -9999 -9999 0.35985 0.394252 0.405711 0.417947 0.424696 0.432116 0.442739 0.448618 0.45266 0.456305 0.457995 0.462609 0.466037 0.467441 0.474427 0.48625 0.498564 0.512904 0.52881 0.54549 0.5634 0.582881 0.600453 0.61724 0.637022 0.63191 0.667459 0.682732 0.693443 0.704401 -9999 -9999 -9999 -9999 -9999 -9999 -9999 0.741269 0.724849 0.70589 0.686446 0.668956 0.640916 -9999 -9999 -9999 -9999 -9999 -9999 -9999 -9999 -9999 -9999 -9999 -9999 -9999 -9999 -9999 -9999 -9999 -9999 -9999 0.371777 0.364396 -9999 -9999
-9999 -9999 -9999 -9999 0.378266 0.391807 0.402688 0.415233 0.42529 0.430961 0.438698 0.445697 0.450486 0.453445 0.455442 0.460374 0.462302 0.466952 0.473594 0.486454 0.498965 0.511979 0.527162 0.545078 0.563079 0.586913 0.611081 0.633885 0.655356 0.677354 0.698643 0.71151 0.723254 0.735363 -9999 -9999 -9999 -9999 -9999 -9999 0.800857 0.790958 0.774728 0.74568 0.725357 0.702522 0.672748 0.634413 -9999 -9999 -9999 -9999 -9999 -9999 -9999 -9999 -9999 -9999 -9999 -9999 -9999 -9999 0.404751 0.396411 0.380695 0.373127 0.369018 0.362866 -9999 -9999
-9999 -9999 -9999 -9999 0.372366 0.387603 0.400623 0.412613 0.420934 0.429501 0.436337 0.442325 0.446717 0.450369 0.45373 0.454664 0.458138 0.459399 0.47176 0.481499 0.492769 0.503411 0.519666 0.533118 0.554094 0.580469 0.615909 0.641827 0.663961 0.684498 0.724896 0.735416 0.759654 0.777198 -9999 -9999 -9999 -9999 -9999 -9999 0.850411 0.838271 0.82011 0.793951 0.757652 0.733886 0.696545 0.656032 0.619765 0.589786 0.559667 0.535274 0.505459 0.48243 0.459218 0.443855 -9999 -9999 -9999 -9999 0.401541 0.399974 0.399711 0.396926 0.380703 0.370327 0.361267 0.362342 -9999 -9999
-9999 -9999 -9999 -9999 0.371289 0.385219 0.39688 0.406249 0.41742 0.425567 0.43275 0.444941 0.447961 0.450516 0.452858 0.454542 0.455674 0.461265 0.468248 0.47651 0.480434 0.486131 0.509925 0.524425 0.548255 0.579206 0.617646 0.647197 0.671803 0.695646 0.75174 0.76918 0.796309 0.833505 -9999 -9999 -9999 0.91228 0.921563 0.916788 0.906586 0.894747 0.875656 0.834694 0.802628 0.778627 0.719637 0.674074 0.628748 0.591896 0.564662 0.533177 0.504306 0.478487 0.453186 0.431317 0.418994 0.408947 0.401081 0.395215 0.392212 0.391482 0.391707 0.390162 0.37908 0.372768 0.369656 0.371927 -9999 -9999
-9999 -9999 -9999 -9999 0.375639 0.389854 0.402566 0.413354 0.421742 0.430791 0.436059 0.441103 0.443775 0.442646 0.446118 0.447357 0.449452 0.452783 0.458098 0.46031 0.463197 0.469868 0.486048 0.520005 0.542489 0.570036 0.611041 0.649772 0.708709 0.737205 0.776818 0.83518 0.841044 0.863272 -9999 -9999 0.935542 0.960243 0.972594 0.97175 0.959271 0.937978 0.916865 0.884373 0.854568 0.826418 0.757915 0.71521 0.641755 0.60053 0.552799 0.51768 0.493968 0.466174 0.44271 0.422709 0.408502 0.397076 0.389127 0.38434 0.381289 0.381981 0.383853 0.384779 0.376907 0.374947 0.372291 0.365263 -9999 -9999
-9999 -9999 -9999 -9999 0.380461 0.396096 0.410723 0.420561 0.430743 0.427857 0.43037 0.437216 0.439326 0.437791 0.436319 0.439005 0.440067 0.442901 0.448268 0.450694 0.456039 0.461647 0.476482 0.504862 0.534672 0.583341 0.625466 0.666058 0.708206 0.754255 0.804078 0.862359 0.896648 0.903765 0.930045 -9999 0.981117 0.999353 1.01405 1.0176 1.00837 0.982048 0.958549 0.92303 0.899576 0.851757 0.782302 0.715375 0.668029 0.621773 0.583687 0.519947 0.490001 0.459057 0.432553 0.411528 0.39535 0.383485 0.37577 0.3718 0.37081 0.372239 0.37521 0.378759 0.378342 0.377413 0.37018 0.362476 -9999 -9999
-9999 -9999 -9999 0.326391 0.376288 0.395258 0.40909 0.420364 0.429284 0.435538 0.438682 0.434673 0.435737 0.434086 0.427577 0.426754 0.427595 0.432549 0.437524 0.445978 0.455197 0.458963 0.481402 0.52677 0.555065 0.58298 0.627792 0.681186 0.728358 0.772022 0.815654 0.875048 0.925073 0.957869 0.964119 0.995727 1.02489 1.04308 1.0543 1.05957 1.05116 1.02881 0.996183 0.971134 0.927589 0.856733 0.786442 0.732382 0.678081 0.627842 0.580502 0.539368 0.504802 0.449316 0.421801 0.399013 0.381933 0.369839 0.362448 0.359241 0.359399 0.362067 0.366696 0.372366 0.377682 0.376541 0.360029 0.359947 -9999 -9999
-9999 -9999 -9999 -9999 0.371606 0.38823 0.401128 0.412308 0.422241 0.429955 0.435358 0.436065 0.436384 0.42972 0.422403 0.41486 0.417972 0.420795 0.427079 0.435916 0.449134 0.472707 0.495962 0.526353 0.557787 0.596663 0.645894 0.695041 0.744256 0.785627 0.82768 0.885323 0.921828 0.965924 1.00581 1.03063 1.05916 1.08499 1.09659 1.09225 1.0763 1.06093 1.0375 0.981575 0.93457 0.876135 0.804254 0.744187 0.689502 0.635476 0.584447 0.527494 0.496189 0.456184 0.427463 0.387153 0.369703 0.357394 0.350324 0.347684 0.348827 0.352783 0.358786 0.365218 0.370256 0.372064 0.354858 0.357316 -9999 -9999
-9999 -9999 -9999 -9999 -9999 -9999 0.398137 0.41033 0.419123 0.42599 0.433606 0.434853 0.433289 0.429122 0.422304 0.411786 0.408252 0.409449 0.408521 0.426763 0.45073 0.475225 0.505794 0.532252 0.562931 0.613359 0.660343 0.703725 0.751175 0.80028 0.84328 0.906508 0.943694 0.980169 1.02085 1.06592 1.09851 1.12517 1.13397 1.12302 1.10714 1.08253 1.05022 1.00662 0.952977 0.891489 0.817189 0.752158 0.698422 0.642068 0.585717 0.533185 0.490492 0.450631 0.415096 0.389869 0.36812 0.347476 0.340544 0.338485 0.340401 0.345344 0.351009 0.358481 0.366158 0.37333 0.356193 0.352095 -9999 -9999
-9999 -9999 -9999 -9999 -9999 -9999 0.393875 0.405409 0.415994 0.428439 0.433277 0.433903 0.430461 0.426256 0.41927 0.409794 0.401774 0.397338 0.397268 0.411677 0.4382 0.468461 0.501319 0.530449 0.573444 0.618195 0.664826 0.707391 0.755107 0.8081 0.853286 0.916572 0.959698 0.994982 1.04245 1.08276 1.11553 1.14281 1.15521 1.14927 1.12758 1.10077 1.06863 1.02042 0.961668 0.903567 0.825458 0.756615 0.703188 0.646496 0.588892 0.536938 0.490847 0.4475 0.411501 0.382443 0.360154 0.344258 0.334177 0.332449 0.334922 0.339982 0.347084 0.355253 0.363521 0.371308 0.363039 0.350208 -9999 -9999
-9999 -9999 -9999 -9999 -9999 -9999 -9999 0.401307 0.415734 0.430599 0.433683 0.43211 0.43061 0.425522 0.417535 0.410387 0.401445 0.393758 0.384323 0.399419 0.4256 0.462417 0.501056 0.53965 0.575116 0.616826 0.654281 0.69637 0.751068 0.806721 0.855603 0.921493 0.963599 1.01749 1.06589 1.10717 1.13583 1.1494 1.16036 1.15836 1.13594 1.11014 1.07559 1.02471 0.968834 0.908924 0.829997 0.767504 0.706475 0.651191 0.591609 0.540196 0.493931 0.4486 0.410876 0.380459 0.357676 0.34158 0.332698 0.330554 0.332925 0.338448 0.345768 0.354045 0.362482 0.370421 0.376217 0.376074 0.373318 -9999
-9999 -9999 -9999 -9999 -9999 -9999 -9999 0.39691 0.407614 0.424297 0.428586 0.432776 0.432109 0.427126 0.41792 0.414077 0.401286 0.39831 0.390625 0.395652 0.419521 0.443543 0.491564 0.54424 0.579572 0.599523 0.640216 0.686513 0.74365 0.800299 0.854717 0.913772 0.960948 1.02031 1.069 1.10833 1.13718 1.152 1.1553 1.15723 1.13866 1.11185 1.07188 1.02511 0.967176 0.906769 0.834577 0.770231 0.709154 0.654643 0.594192 0.545195 0.498802 0.452543 0.413812 0.384752 0.361198 0.345041 0.335802 0.33342 0.336454 0.339895 0.347076 0.355084 0.363151 0.37093 0.377736 0.390475 0.38873 0.390646
-9999 -9999 -9999 -9999 -9999 -9999 -9999 -9999 0.39879 0.420281 0.428788 0.431887 0.434589 0.430753 0.432863 0.422384 0.410031 0.403149 0.397422 0.396601 0.406249 0.453464 0.504551 0.552833 0.588301 0.611501 0.651605 0.702741 0.76136 0.811412 0.862678 0.923176 0.968617 1.00847 1.0498 1.09575 1.11861 1.13889 1.14705 1.14015 1.12576 1.09749 1.06027 1.016 0.964731 0.909292 0.831974 0.776157 0.714954 0.659462 0.603968 0.551743 0.506604 0.459809 0.423753 0.394315 0.370895 0.353772 0.344585 0.341765 0.344177 0.350543 0.350778 0.358067 0.365545 0.372582 0.378959 0.393087 0.39773 0.397426
-9999 -9999 -9999 -9999 -9999 -9999 -9999 -9999 0.393885 0.415277 0.42448 0.434609 0.439714 0.452221 0.444869 0.43645 0.427379 0.419369 0.418319 0.416242 0.420171 0.465789 0.515671 0.563687 0.606478 0.623321 0.675183 0.719874 0.772083 0.815648 0.863672 0.929692 0.96948 1.00458 1.04333 1.05677 1.09376 1.11427 1.12369 1.1199 1.10522 1.08079 1.0552 0.999436 0.945009 0.898822 0.828967 0.772767 0.716821 0.662468 0.609973 0.560289 0.51801 0.475449 0.437068 0.409115 0.383808 0.367779 0.358298 0.354679 0.355998 0.361162 0.368894 0.362265 0.369219 0.375321 0.380823 0.394608 0.399464 0.403078
-9999 -9999 -9999 -9999 -9999 -9999 -9999 -9999 0.37432 0.403603 0.428564 0.438659 0.465973 0.462935 0.458534 0.450919 0.446937 0.442867 0.444091 0.447471 0.451919 0.468098 0.512988 0.574561 0.618375 0.649899 0.693006 0.733775 0.776321 0.823268 0.870816 0.931069 0.979232 1.0055 1.01831 1.04099 1.07182 1.08447 1.08607 1.09266 1.07767 1.05383 1.01851 0.986298 0.945534 0.876769 0.813553 0.757882 0.710178 0.662975 0.615563 0.56944 0.530389 0.492842 0.456544 0.423803 0.401516 0.385484 0.37549 0.370957 0.370992 0.374478 0.380464 0.387938 0.373261 0.378233 0.383225 0.396552 0.400722 0.403873
-9999 -9999 -9999 -9999 -9999 -9999 -9999 -9999 0.385208 0.40991 0.42996 0.46756 0.475122 0.473967 0.474132 0.471392 0.468979 0.467122 0.46822 0.473569 0.479687 0.494446 0.535075 0.583307 0.634333 0.66817 0.699155 0.740923 0.782875 0.839318 0.881451 0.943698 0.974993 0.979394 1.00271 1.01816 1.04803 1.05912 1.05905 1.05978 1.04592 1.01525 0.980332 0.946416 0.923989 0.877177 0.813323 0.745826 0.701713 0.663584 0.624974 0.580674 0.548007 0.509318 0.469713 0.442662 0.421138 0.405284 0.39479 0.38926 0.387873 0.389561 0.393583 0.398942 0.404651 0.38207 0.385481 0.398682 0.401976 0.404629
-9999 -9999 -9999 -9999 -9999 -9999 -9999 -9999 0.392006 0.410592 0.429265 0.476422 0.486319 0.489094 0.490987 0.49088 0.489675 0.492071 0.496672 0.503128 0.516521 0.530987 0.546767 0.59808 0.638932 0.66951 0.721149 0.768675 0.810773 0.849848 0.892122 0.930763 0.941062 0.962802 0.985336 1.00132 1.02305 1.03123 1.03254 1.02683 1.0064 0.976326 0.94278 0.920125 0.885032 0.861226 0.792441 0.77302 0.733369 0.689366 0.626918 0.582642 0.560189 0.516173 0.486666 0.461627 0.441381 0.425624 0.414832 0.408198 0.405265 0.405226 0.407196 0.410451 0.414201 0.417891 0.388219 0.400946 0.403557 0.40878
-9999 -9999 -9999 -9999 -9999 -9999 -9999 -9999 -9999 0.410297 0.469651 0.48922 0.499726 0.506138 0.509706 0.51136 0.513434 0.518111 0.525424 0.534402 0.546294 0.558701 0.577895 0.613378 0.653738 0.67586 0.716761 0.766102 0.808111 0.840077 0.889544 0.90505 0.942476 0.967367 0.987691 1.00347 0.996223 1.00203 1.00091 0.990247 0.961791 0.960457 0.932515 0.907581 0.874035 0.860414 0.799301 0.766802 0.728674 0.688224 0.639807 0.612117 0.568024 0.537447 0.506995 0.48372 0.460852 0.445455 0.434194 0.426581 0.422279 0.420517 0.420577 0.424851 0.426924 0.429114 0.393132 0.405975 0.407367 0.408618
-9999 -9999 -9999 -9999 -9999 -9999 -9999 -9999 -9999 0.454564 0.478529 0.502504 0.511202 0.519765 0.527886 0.53135 0.533918 0.539111 0.547253 0.558447 0.568324 0.58211 0.599787 0.625589 0.658183 0.676229 0.716113 0.765252 0.80247 0.834934 0.855295 0.87803 0.914988 0.946933 0.966029 0.979445 0.977568 0.985462 0.979582 0.966475 0.954731 0.936769 0.910001 0.890898 0.858226 0.830646 0.787848 0.755788 0.72036 0.687914 0.644199 0.61944 0.576314 0.549166 0.521416 0.50198 0.483651 0.468113 0.456038 0.447357 0.441566 0.438211 0.43653 0.436027 0.436178 0.436431 0.43627 0.393573 0.398226 0.399308
-9999 -9999 -9999 -9999 -9999 -9999 -9999 -9999 -9999 0.469668 0.488041 0.510585 0.527777 0.53175 0.542264 0.550549 0.554058 0.559363 0.567181 0.579765 0.588292 0.5991 0.614753 0.631815 0.661861 0.698937 0.724294 0.764956 0.797713 0.826113 0.848758 0.876679 0.906767 0.930183 0.947319 0.95861 0.96448 0.967363 0.962781 0.956544 0.941473 0.918476 0.897631 0.879586 0.844668 0.818367 0.792807 0.746172 0.718976 0.687859 0.645512 0.612308 0.587882 0.562524 0.539819 0.518712 0.50012 0.485303 0.472791 0.463294 0.456323 0.451396 0.448099 0.445784 0.444204 0.442182 0.439776 0.430549 0.395706 0.396876
-9999 -9999 -9999 -9999 -9999 -9999 -9999 -9999 -9999 0.485056 0.502537 0.523347 0.537501 0.543546 0.555999 0.568627 0.575172 0.58097 0.591322 0.601679 0.61087 0.621975 0.634941 0.654862 0.671386 0.709208 0.72883 0.765323 0.797415 0.821722 0.842006 0.869201 0.894122 0.913099 0.93253 0.943088 0.948428 0.94409 0.940031 0.937611 0.928086 0.913553 0.891227 0.872216 0.845855 0.819377 0.790675 0.745538 0.717739 0.686368 0.635855 0.62552 0.59963 0.574852 0.552597 0.531547 0.513935 0.499611 0.48689 0.476668 0.468633 0.462495 0.457703 0.453713 0.450511 0.446219 0.440694 0.432355 0.387497 0.394443
-9999 -9999 -9999 -9999 -9999 -9999 -9999 -9999 -9999 0.495776 0.514421 0.533426 0.544189 0.550317 0.56985 0.584978 0.592961 0.600952 0.610579 0.615568 0.631953 0.648425 0.660971 0.672043 0.683903 0.711256 0.723624 0.765682 0.795373 0.812229 0.829798 0.852014 0.877821 0.900312 0.920415 0.931711 0.935569 0.926175 0.912618 0.914683 0.913701 0.902808 0.886743 0.862894 0.84061 0.815947 0.786217 0.731847 0.712931 0.685499 0.657457 0.630314 0.606535 0.584201 0.559291 0.539204 0.524498 0.510928 0.497909 0.487115 0.478342 0.471135 0.465206 0.459673 0.454834 0.449933 0.438185 0.429755 0.429717 0.392239
-9999 -9999 -9999 -9999 -9999 -9999 -9999 -9999 -9999 0.504096 0.519235 0.538014 0.548848 0.563282 0.582677 0.596327 0.607797 0.617553 0.627799 0.637286 0.650307 0.663136 0.674338 0.684461 0.695095 0.711606 0.741581 0.763502 0.766277 0.806371 0.821195 0.845319 0.870326 0.897323 0.916072 0.925492 0.930258 0.930104 0.919803 0.904308 0.897122 0.892473 0.874133 0.852056 0.835936 0.813724 0.785307 0.756556 0.716493 0.666009 0.657701 0.631032 0.609013 0.591452 0.569721 0.549112 0.53433 0.518926 0.505688 0.49455 0.4851 0.477168 0.470436 0.464173 0.457883 0.447858 0.438884 0.428172 0.423538 0.393103
-9999 -9999 -9999 -9999 -9999 -9999 -9999 -9999 -9999 0.508733 0.52567 0.543796 0.561347 0.578666 0.595032 0.603314 0.617009 0.62689 0.640949 0.653252 0.66456 0.677495 0.689086 0.695138 0.705194 0.715603 0.743947 0.758337 0.793543 0.807103 0.81407 0.843567 0.872398 0.897732 0.914964 0.917684 0.928053 0.929684 0.925121 0.914168 0.896296 0.886174 0.864873 0.848337 0.833593 0.813724 0.789848 0.762524 0.713221 0.669979 0.660194 0.632747 0.610815 0.59199 0.575215 0.55599 0.539213 0.523649 0.510176 0.498707 0.488869 0.480364 0.472895 0.466033 0.455823 0.445241 0.437166 0.427998 0.42313 0.439663
