Test_Spring_2018/03_18/Prec/20180321_010.txt
ncols	170
nrows	115
xllcorner	350000.000000
yllcorner	4445000.000000
cellsize	1000.000000
nodata_value	-9999.000000
[rows 32 to 63 of 115, columns 72 to 143 of 170]
1.02232 1.03565 1.04274 1.05034 1.07826 1.10639 1.13783 1.14676 1.15689 1.16893 1.17703 1.18444 1.19053 1.20129 1.22308 1.24301 1.23861 1.24258 1.25275 1.24668 1.25683 1.27602 1.30121 1.29476 1.30225 1.33216 1.33695 -9999 -9999 -9999 -9999 -9999 -9999 -9999 -9999 -9999 -9999 -9999 -9999 -9999 -9999 -9999 -9999 -9999 -9999 -9999 -9999 -9999 -9999 -9999 -9999 -9999 -9999 -9999 -9999 -9999 -9999 -9999 -9999 -9999 -9999 -9999 -9999 -9999 -9999 -9999 -9999 -9999 -9999 -9999 -9999 -9999
1.04964 1.06045 1.06464 1.07528 1.09535 1.12429 1.15851 1.16666 1.17571 1.18535 1.19397 1.20198 1.21235 1.22436 1.24378 1.26585 1.27372 1.26851 1.27162 1.27368 1.28223 1.29207 1.30551 1.30083 1.3011 1.32437 1.33683 1.37594 -9999 -9999 -9999 -9999 -9999 -9999 -9999 -9999 -9999 -9999 -9999 -9999 -9999 -9999 -9999 -9999 -9999 -9999 -9999 -9999 -9999 -9999 -9999 -9999 -9999 -9999 -9999 -9999 -9999 -9999 -9999 -9999 -9999 -9999 -9999 -9999 -9999 -9999 -9999 -9999 -9999 -9999 -9999 -9999
1.0774 1.092 1.09781 1.10503 1.13172 1.17723 1.18589 1.18784 1.19682 1.20515 1.21552 1.22456 1.23447 1.24653 1.26085 1.27658 1.30056 1.29085 1.28356 1.28625 1.28909 1.29577 1.30755 1.30179 1.3037 1.32326 1.36996 1.37895 1.38314 -9999 -9999 -9999 -9999 -9999 -9999 -9999 -9999 -9999 -9999 -9999 -9999 -9999 -9999 -9999 -9999 -9999 -9999 -9999 -9999 -9999 -9999 -9999 -9999 -9999 -9999 -9999 -9999 -9999 -9999 -9999 -9999 -9999 -9999 -9999 -9999 -9999 -9999 -9999 -9999 -9999 -9999 -9999
1.10522 1.12035 1.12553 1.13024 1.14743 1.18724 1.2044 1.21174 1.21871 1.22763 1.23875 1.25521 1.26292 1.26882 1.27983 1.29704 1.31344 1.31917 1.3057 1.30265 1.30455 1.30207 1.31106 1.30821 1.31091 1.31156 1.36238 1.37772 1.38289 1.39308 -9999 -9999 -9999 -9999 -9999 -9999 -9999 -9999 -9999 -9999 -9999 -9999 -9999 -9999 -9999 -9999 -9999 -9999 -9999 -9999 -9999 -9999 -9999 -9999 -9999 -9999 -9999 -9999 -9999 -9999 -9999 -9999 -9999 -9999 -9999 -9999 -9999 -9999 -9999 -9999 -9999 -9999
-9999 -9999 1.15483 1.17018 1.20439 1.2108 1.22638 1.23359 1.24069 1.2504 1.26548 1.27652 1.28378 1.29386 1.30596 1.31412 1.325 1.33526 1.33252 1.31962 1.32503 1.31536 1.31564 1.31361 1.31967 1.35539 1.37648 1.38848 1.39248 1.40028 -9999 -9999 -9999 -9999 -9999 -9999 -9999 -9999 -9999 -9999 -9999 -9999 -9999 -9999 -9999 -9999 -9999 -9999 -9999 -9999 -9999 -9999 -9999 -9999 -9999 -9999 -9999 -9999 -9999 -9999 -9999 -9999 -9999 -9999 -9999 -9999 -9999 -9999 -9999 -9999 -9999 -9999
-9999 -9999 -9999 1.19067 1.22586 1.22776 1.24785 1.25692 1.26328 1.27378 1.28598 1.29664 1.30691 1.31658 1.32694 1.33635 1.34614 1.3474 1.33859 1.33716 1.33708 1.3337 1.32747 1.32687 1.32898 1.3729 1.37949 1.40572 1.41213 1.41063 1.41554 -9999 -9999 -9999 -9999 -9999 -9999 -9999 -9999 -9999 -9999 -9999 -9999 1.37969 -9999 -9999 -9999 -9999 -9999 -9999 -9999 -9999 -9999 -9999 -9999 -9999 -9999 -9999 -9999 -9999 -9999 -9999 -9999 -9999 1.26383 -9999 -9999 -9999 -9999 -9999 -9999 -9999
-9999 -9999 1.18985 1.23261 1.23876 1.24478 1.25698 1.27839 1.28527 1.29693 1.30961 1.3214 1.33413 1.34195 1.35004 1.35971 1.36225 1.35908 1.35602 1.35182 1.34755 1.34461 1.34279 1.34184 1.36762 1.37165 1.37384 1.39313 1.40386 1.41047 1.4215 1.43029 -9999 -9999 -9999 -9999 -9999 -9999 -9999 1.40142 1.3992 1.39592 1.3899 1.37902 1.37916 -9999 -9999 -9999 -9999 -9999 -9999 -9999 -9999 -9999 -9999 -9999 -9999 -9999 -9999 -9999 -9999 -9999 -9999 -9999 1.25102 1.24936 -9999 -9999 -9999 -9999 -9999 -9999
-9999 -9999 1.24293 1.24666 1.25493 1.26211 1.27272 1.29669 1.30837 1.31979 1.33242 1.34557 1.35812 1.36542 1.37486 1.37995 1.38212 1.37694 1.37305 1.37015 1.3669 1.36317 1.36257 1.3584 1.37635 1.37656 1.38072 1.38598 1.40481 1.41923 1.43392 1.446 -9999 -9999 -9999 -9999 -9999 -9999 1.40899 1.40034 1.39349 1.39718 1.38643 1.37579 1.37159 1.36077 -9999 -9999 -9999 -9999 -9999 -9999 -9999 -9999 -9999 -9999 -9999 -9999 -9999 -9999 1.23402 1.23728 1.24913 1.25035 1.24625 1.24325 -9999 -9999 -9999 -9999 -9999 -9999
-9999 -9999 1.25776 1.261 1.2684 1.27803 1.29252 1.31806 1.32863 1.34242 1.35634 1.36908 1.38 1.39174 1.39861 1.40684 1.40105 1.39862 1.39543 1.39496 1.39051 1.39289 1.39016 1.40454 1.38993 1.3902 1.39797 1.40991 1.43034 1.43388 1.43888 1.44956 -9999 -9999 -9999 -9999 -9999 -9999 1.41385 1.40434 1.39517 1.38983 1.39212 1.37593 1.36082 1.35803 1.35041 1.33652 1.32497 1.30614 1.28383 1.27501 1.27105 1.26233 -9999 -9999 -9999 -9999 1.23835 1.23358 1.22825 1.22619 1.23984 1.24538 1.24783 1.23178 -9999 -9999 -9999 -9999 -9999 -9999
-9999 -9999 1.26484 1.27145 1.28242 1.2972 1.31018 1.33805 1.34941 1.38593 1.39973 1.41178 1.42179 1.43054 1.43834 1.4398 1.43942 1.43822 1.44392 1.45001 1.43754 1.41571 1.44961 1.41975 1.40492 1.40491 1.41443 1.42766 1.43486 1.43599 1.44325 1.46107 -9999 -9999 -9999 1.44936 1.43921 1.43675 1.43175 1.42025 1.41001 1.39234 1.38302 1.38792 1.36315 1.35905 1.35509 1.34252 1.321 1.30817 1.27807 1.26856 1.264 1.25583 1.24779 1.2419 1.2378 1.23503 1.23172 1.22767 1.2235 1.22159 1.23277 1.23449 1.23044 1.18902 -9999 -9999 -9999 -9999 -9999 -9999
-9999 -9999 1.30119 1.30919 1.31985 1.33612 1.35288 1.36764 1.39681 1.40522 1.41955 1.43569 1.44358 1.45178 1.45711 1.45989 1.4602 1.46524 1.47152 1.4763 1.47352 1.48626 1.48757 1.46518 1.44989 1.42076 1.43217 1.44298 1.44174 1.44702 1.46216 1.47487 -9999 -9999 1.47283 1.45492 1.4417 1.43378 1.42944 1.42601 1.41379 1.40812 1.39348 1.39908 1.38351 1.37189 1.35371 1.33921 1.32029 1.30847 1.28269 1.26281 1.25478 1.24882 1.24198 1.23754 1.23408 1.23119 1.22957 1.22568 1.22147 1.21839 1.22497 1.22271 1.21526 1.19203 -9999 -9999 -9999 -9999 -9999 -9999
-9999 -9999 1.33196 1.34163 1.35229 1.36783 1.38148 1.38329 1.41618 1.4287 1.43793 1.45398 1.46685 1.47198 1.47705 1.4789 1.47773 1.4814 1.48407 1.49004 1.48946 1.50638 1.50139 1.49386 1.48176 1.47506 1.46951 1.4616 1.4402 1.44996 1.45633 1.47303 1.48097 -9999 1.47635 1.46819 1.45285 1.43901 1.42882 1.42834 1.41479 1.40767 1.40499 1.40086 1.38094 1.36783 1.35629 1.34508 1.32665 1.29909 1.27596 1.26503 1.2505 1.24394 1.23858 1.23466 1.23169 1.22921 1.22694 1.22425 1.22082 1.21654 1.21578 1.21034 1.21254 1.19164 -9999 -9999 -9999 -9999 -9999 -9999
-9999 1.33468 1.3391 1.34718 1.36088 1.37638 1.3928 1.40995 1.43881 1.44272 1.45823 1.46875 1.4865 1.49442 1.49816 1.49588 1.49381 1.48918 1.48662 1.49485 1.50758 1.51069 1.5136 1.50061 1.48894 1.47078 1.46341 1.46284 1.46393 1.47276 1.45843 1.46695 1.48655 1.4848 1.47652 1.47021 1.45978 1.44339 1.43059 1.42257 1.41632 1.41426 1.4061 1.39725 1.3751 1.36459 1.35492 1.34216 1.32882 1.31196 1.28835 1.2614 1.25126 1.24088 1.23591 1.23242 1.22997 1.22807 1.22634 1.22427 1.22097 1.21609 1.2075 1.20635 1.20231 1.17316 -9999 -9999 -9999 -9999 -9999 -9999
-9999 -9999 1.34715 1.36027 1.37694 1.39397 1.41012 1.42597 1.45155 1.46687 1.47858 1.48557 1.49953 1.51407 1.51354 1.51239 1.50755 1.50163 1.4939 1.51264 1.5123 1.50964 1.51168 1.48946 1.47579 1.46628 1.46013 1.46615 1.47306 1.48691 1.49608 1.49248 1.48818 1.48507 1.47979 1.46575 1.45548 1.45039 1.44547 1.42692 1.4237 1.41349 1.40241 1.39914 1.37434 1.36531 1.35036 1.33656 1.32229 1.31944 1.28715 1.27524 1.25817 1.24085 1.23371 1.23076 1.22885 1.22771 1.22659 1.22493 1.22193 1.21601 1.19917 1.19266 1.20562 1.17418 -9999 -9999 -9999 -9999 -9999 -9999
-9999 -9999 -9999 -9999 1.38723 1.40404 1.42211 1.43907 1.46124 1.47497 1.48767 1.49949 1.5112 1.52106 1.52724 1.52691 1.5299 1.51944 1.51189 1.50492 1.49754 1.50185 1.49154 1.47447 1.46625 1.46649 1.46531 1.46484 1.47345 1.48252 1.49319 1.50092 1.49779 1.48147 1.46585 1.45181 1.44539 1.44818 1.44246 1.43297 1.42017 1.41027 1.40393 1.40061 1.37528 1.36777 1.34719 1.33177 1.31961 1.30733 1.28498 1.26968 1.25826 1.2444 1.2369 1.22961 1.22836 1.22773 1.22715 1.22588 1.21812 1.2111 1.20131 1.18877 1.20178 1.17878 -9999 -9999 -9999 -9999 -9999 -9999
-9999 -9999 -9999 -9999 1.39967 1.41773 1.43371 1.44363 1.4683 1.4817 1.49536 1.50581 1.51633 1.52772 1.53592 1.54168 1.54692 1.53938 1.52393 1.51119 1.5026 1.50551 1.48266 1.47436 1.46845 1.4715 1.4717 1.46814 1.47559 1.48543 1.4899 1.49988 1.48924 1.47923 1.46829 1.45131 1.44079 1.43547 1.43833 1.43088 1.41686 1.41111 1.40913 1.39961 1.37682 1.37116 1.34737 1.32948 1.31598 1.30026 1.27943 1.26613 1.25347 1.24293 1.23533 1.23121 1.22844 1.22822 1.22791 1.2246 1.22011 1.21284 1.20271 1.1896 1.19186 1.17962 -9999 -9999 -9999 -9999 -9999 -9999
-9999 -9999 -9999 -9999 -9999 1.43081 1.44171 1.44801 1.47394 1.48884 1.49895 1.50931 1.52 1.52779 1.53733 1.5468 1.56237 1.55451 1.54029 1.5207 1.50636 1.49913 1.48653 1.48296 1.48899 1.49326 1.48546 1.47885 1.48177 1.48814 1.4933 1.48021 1.46781 1.45605 1.44963 1.44993 1.44069 1.43286 1.43472 1.42627 1.41532 1.41284 1.40729 1.39964 1.37734 1.36325 1.34771 1.32707 1.31483 1.29729 1.27556 1.26362 1.25216 1.2426 1.23517 1.23111 1.2292 1.22869 1.22809 1.22559 1.22094 1.21354 1.20311 1.18964 1.1747 1.14708 1.13267 -9999 -9999 -9999 -9999 -9999
-9999 -9999 -9999 -9999 -9999 1.44495 1.45944 1.4625 1.4862 1.49303 1.50113 1.51053 1.52213 1.52974 1.54334 1.54665 1.56193 1.56455 1.55397 1.55067 1.52579 1.5022 1.48967 1.51244 1.51435 1.51298 1.5013 1.4922 1.48684 1.50003 1.49707 1.47534 1.46067 1.4496 1.44167 1.43955 1.43933 1.42788 1.42391 1.41773 1.41464 1.40872 1.40721 1.40168 1.37232 1.36173 1.34731 1.32659 1.31607 1.29613 1.275 1.26439 1.25425 1.24305 1.23645 1.23228 1.22948 1.22932 1.22904 1.22551 1.22044 1.21276 1.20221 1.18843 1.17187 1.12834 1.11261 1.08989 1.06005 -9999 -9999 -9999
-9999 -9999 -9999 -9999 -9999 -9999 1.4787 1.47465 1.49268 1.49982 1.5031 1.51067 1.52694 1.53281 1.54366 1.55258 1.56639 1.58164 1.58189 1.55119 1.5229 1.50454 1.49046 1.50847 1.50981 1.50088 1.48526 1.48154 1.47701 1.48611 1.48199 1.48056 1.47176 1.4603 1.44677 1.4368 1.43011 1.42945 1.42537 1.41687 1.41281 1.40664 1.40014 1.39178 1.37106 1.35331 1.34191 1.32499 1.31084 1.29689 1.27618 1.26762 1.25528 1.24518 1.23864 1.23135 1.23027 1.22963 1.22885 1.22719 1.21856 1.21061 1.19978 1.18611 1.16952 1.1237 1.10032 1.08055 1.0624 1.04662 -9999 -9999
-9999 -9999 -9999 -9999 -9999 -9999 1.4944 1.48903 1.5059 1.50371 1.52157 1.5239 1.52657 1.53129 1.53956 1.55115 1.5604 1.57793 1.59566 1.5605 1.5268 1.50804 1.50087 1.50654 1.49152 1.4877 1.47666 1.47715 1.47251 1.47196 1.47045 1.47066 1.47823 1.47389 1.4512 1.43917 1.43011 1.42578 1.42309 1.42091 1.40881 1.40622 1.40771 1.39262 1.36642 1.35374 1.34036 1.32613 1.3121 1.29848 1.27752 1.26625 1.25855 1.24734 1.23548 1.23266 1.23092 1.22972 1.22833 1.22597 1.22198 1.20873 1.19609 1.18256 1.1664 1.12019 1.09675 1.07274 1.0497 1.03821 1.0227 0.990632
-9999 -9999 -9999 -9999 -9999 -9999 1.52946 1.51307 1.53844 1.53202 1.52802 1.52809 1.52887 1.53442 1.53832 1.54669 1.55435 1.56593 1.58308 1.5928 1.56177 1.52833 1.50461 1.48853 1.48121 1.47875 1.47552 1.46764 1.45888 1.46196 1.47249 1.47517 1.46657 1.46523 1.44698 1.44232 1.44162 1.4248 1.42366 1.42298 1.42644 1.41436 1.40575 1.40422 1.37423 1.36651 1.34856 1.33077 1.31533 1.30175 1.28105 1.26936 1.25993 1.24188 1.2372 1.23393 1.23158 1.22958 1.22735 1.22432 1.21968 1.21284 1.19355 1.18037 1.16256 1.11596 1.09367 1.07085 1.04785 1.027 1.00812 0.979823
-9999 -9999 -9999 -9999 -9999 -9999 1.56136 1.56492 1.55053 1.54526 1.5364 1.53589 1.53314 1.53487 1.53881 1.54612 1.55504 1.56471 1.57959 1.59004 1.57478 1.54183 1.5236 1.50144 1.48608 1.47864 1.4719 1.47877 1.47089 1.4687 1.46523 1.46072 1.45995 1.46339 1.44307 1.438 1.43812 1.42838 1.42704 1.43689 1.44315 1.44014 1.40989 1.4067 1.37929 1.37521 1.35882 1.3357 1.3263 1.31228 1.286 1.27444 1.25091 1.24424 1.23915 1.23521 1.23212 1.22922 1.22605 1.22221 1.2169 1.20973 1.20055 1.17532 1.16022 1.1117 1.09045 1.06894 1.04738 1.02657 0.989185 0.954897
-9999 -9999 -9999 -9999 -9999 -9999 1.58651 1.58129 1.56812 1.55608 1.54581 1.54241 1.53966 1.54034 1.54475 1.54846 1.5541 1.56268 1.56827 1.57779 1.5905 1.56448 1.54147 1.51755 1.52605 1.51167 1.5033 1.49718 1.49095 1.4775 1.46004 1.46067 1.45641 1.45527 1.44157 1.4377 1.43493 1.43288 1.44057 1.45189 1.45968 1.44711 1.443 1.40959 1.39233 1.37331 1.35266 1.3368 1.3358 1.327 1.29362 1.26398 1.2547 1.24715 1.24106 1.23656 1.23246 1.22876 1.22475 1.21997 1.21404 1.20646 1.19707 1.18566 1.15552 1.1065 1.0863 1.04727 1.02561 1.00903 0.990367 0.956698
-9999 -9999 -9999 -9999 -9999 -9999 -9999 1.62124 1.60343 1.5845 1.574 1.56707 1.56347 1.56343 1.56541 1.56788 1.57163 1.57832 1.58658 1.5991 1.60785 1.60066 1.57782 1.55804 1.54713 1.52619 1.51343 1.5114 1.52826 1.4964 1.47605 1.46744 1.46051 1.45477 1.4456 1.44241 1.44136 1.44512 1.46342 1.46887 1.47345 1.46774 1.4661 1.4237 1.39672 1.37544 1.35901 1.34486 1.34125 1.31581 1.27341 1.26005 1.25278 1.24343 1.2431 1.23774 1.2329 1.22833 1.22338 1.21778 1.21118 1.19341 1.18288 1.17051 1.13642 1.08491 1.06568 1.04585 1.02676 1.00601 0.987592 0.926211
-9999 -9999 -9999 -9999 -9999 -9999 -9999 1.64108 1.62073 1.59763 1.59099 1.58347 1.57652 1.57633 1.57942 1.58244 1.58567 1.5894 1.59898 1.60796 1.61594 1.61724 1.6128 1.57884 1.56522 1.54041 1.52927 1.5225 1.52768 1.5239 1.50018 1.47938 1.47059 1.46475 1.47307 1.46487 1.46815 1.47465 1.4737 1.47429 1.47949 1.46953 1.47033 1.45983 1.40134 1.38487 1.37065 1.35227 1.34821 1.32492 1.28071 1.26627 1.25792 1.2452 1.23683 1.2305 1.22486 1.21922 1.21325 1.20645 1.19871 1.18969 1.17922 1.16736 1.15436 1.11841 1.07388 1.05497 1.03336 1.01246 0.969471 0.924592
-9999 -9999 -9999 -9999 -9999 -9999 -9999 1.65297 1.6398 1.61946 1.60407 1.60388 1.59592 1.59165 1.595 1.59876 1.60263 1.60418 1.61417 1.6248 1.63267 1.64147 1.63665 1.62479 1.57419 1.55589 1.54641 1.5409 1.53767 1.52397 1.50509 1.49135 1.48198 1.47612 1.47293 1.46912 1.46976 1.46754 1.47088 1.4785 1.4782 1.46928 1.4757 1.46711 1.45358 1.39451 1.37502 1.35969 1.35848 1.30159 1.28237 1.26839 1.25584 1.24623 1.23846 1.23076 1.22445 1.21804 1.21132 1.20402 1.19581 1.18668 1.17627 1.16551 1.154 1.14938 1.07363 1.05519 1.03314 1.01209 0.938473 0.922624
-9999 -9999 -9999 -9999 -9999 -9999 -9999 1.66662 1.6549 1.63756 1.62713 1.62597 1.61723 1.60913 1.6099 1.61366 1.61446 1.61805 1.62592 1.63428 1.64296 1.64545 1.65381 1.63773 1.58912 1.57259 1.56071 1.55678 1.55129 1.5354 1.51985 1.50878 1.49419 1.48705 1.48266 1.48613 1.48517 1.47789 1.47461 1.47266 1.47534 1.46931 1.46763 1.46193 1.45526 1.39548 1.38044 1.36915 1.33009 1.29666 1.28183 1.26926 1.25767 1.24884 1.24007 1.23132 1.22424 1.2172 1.20992 1.20205 1.19358 1.18451 1.17431 1.16484 1.156 1.14957 1.07973 1.05473 1.02937 0.977498 0.936141 0.920798
-9999 -9999 -9999 -9999 -9999 -9999 -9999 1.68747 1.67466 1.66027 1.65503 1.65502 1.639 1.62898 1.62878 1.63021 1.63167 1.64094 1.63879 1.63881 1.64571 1.65629 1.66747 1.66112 1.62649 1.59132 1.57968 1.57987 1.57503 1.56269 1.5438 1.52639 1.50908 1.49934 1.49529 1.50369 1.51333 1.50013 1.48643 1.48037 1.47618 1.47708 1.47195 1.46588 1.46259 1.43642 1.39145 1.37812 1.31457 1.30049 1.28501 1.271 1.26367 1.25426 1.24205 1.23197 1.22438 1.21679 1.2089 1.20067 1.19188 1.18306 1.17339 1.16342 1.16112 1.15409 1.10926 1.05328 1.03141 0.953539 0.933001 0.917665
-9999 -9999 -9999 -9999 -9999 -9999 -9999 1.71222 1.70391 1.69043 1.686 1.67699 1.66211 1.65467 1.65074 1.65012 1.65043 1.65338 1.65392 1.65656 1.66299 1.67239 1.6826 1.68686 1.67564 1.61503 1.58488 1.60146 1.59797 1.58154 1.56198 1.53766 1.52065 1.51198 1.50578 1.50212 1.5071 1.51455 1.50801 1.49433 1.49305 1.49221 1.48031 1.47219 1.46846 1.46264 1.39366 1.35182 1.32111 1.30778 1.29132 1.27243 1.26186 1.25333 1.24114 1.23287 1.22483 1.21668 1.20845 1.19984 1.19073 1.18154 1.17246 1.16766 1.16115 1.1562 1.14339 1.0474 0.992036 0.947611 0.930034 0.915066
-9999 -9999 -9999 -9999 -9999 -9999 -9999 1.7418 1.73156 1.71942 1.70762 1.69593 1.68544 1.68502 1.67865 1.67773 1.67288 1.67145 1.67269 1.67354 1.67758 1.68985 1.69867 1.70825 1.69707 1.65004 1.61998 1.61786 1.62255 1.59853 1.57341 1.55028 1.53437 1.53312 1.51952 1.5131 1.51057 1.51197 1.5178 1.51025 1.51215 1.50434 1.49061 1.47964 1.47054 1.46326 1.42984 1.35266 1.32438 1.31239 1.29615 1.27902 1.26257 1.25233 1.24232 1.23384 1.22552 1.21708 1.20851 1.19972 1.19059 1.18123 1.17603 1.17111 1.16278 1.1553 1.14216 1.07554 0.987185 0.944201 0.926882 0.911662
-9999 -9999 -9999 -9999 -9999 -9999 -9999 -9999 1.75508 1.7429 1.73426 1.73346 1.72468 1.7198 1.71528 1.71318 1.69873 1.69499 1.69374 1.69314 1.69477 1.70163 1.70385 1.7117 1.71486 1.6597 1.64886 1.63439 1.6256 1.60952 1.5849 1.56016 1.55043 1.55323 1.54444 1.53517 1.52323 1.51849 1.52852 1.52957 1.52862 1.51451 1.49954 1.48817 1.47734 1.46741 1.39865 1.34076 1.32156 1.30466 1.29244 1.27727 1.26389 1.25355 1.24387 1.23512 1.2265 1.21794 1.20938 1.20039 1.19159 1.18323 1.1785 1.18193 1.1685 1.1567 1.14739 1.08149 0.96389 0.942099 0.923627 0.90817
-9999 -9999 -9999 -9999 -9999 -9999 -9999 -9999 1.7832 1.76919 1.76906 1.77236 1.78053 1.77881 1.75627 1.75041 1.73597 1.72091 1.71674 1.71486 1.7147 1.71482 1.71867 1.72715 1.73183 1.72369 1.67505 1.63546 1.62196 1.60749 1.58875 1.57842 1.58104 1.58343 1.5706 1.56008 1.54007 1.53028 1.52494 1.52715 1.5303 1.52704 1.50942 1.49762 1.48582 1.47394 1.42695 1.3795 1.32212 1.30551 1.29089 1.27835 1.26516 1.25479 1.24541 1.23638 1.2278 1.21931 1.21093 1.20222 1.19478 1.18714 1.18624 1.18274 1.17509 1.1681 1.13798 1.0772 0.9962 0.94014 0.921156 0.905329
