Test_Spring_2018/03_18/Prec/20180308_013.txt
ncols	170
nrows	115
xllcorner	350000.000000
yllcorner	4445000.000000
cellsize	1000.000000
nodata_value	-9999.000000
[rows 31 to 61 of 115, columns 70 to 139 of 170]
0.308342 0.309898 0.313311 0.319655 0.324419 0.333702 0.347449 0.35304 0.382969 0.388098 0.394508 0.399301 0.404638 0.410806 0.415086 0.42277 0.440983 0.439078 0.439773 0.446694 0.446643 0.445127 0.451437 0.464954 0.472633 0.483276 0.473434 0.485516 0.493868 -9999 -9999 -9999 -9999 -9999 -9999 -9999 -9999 -9999 -9999 -9999 -9999 -9999 -9999 -9999 -9999 -9999 -9999 -9999 -9999 -9999 -9999 -9999 -9999 -9999 -9999 -9999 -9999 -9999 -9999 -9999 -9999 -9999 -9999 -9999 -9999 -9999 -9999 -9999 -9999 -9999
0.308216 0.31111 0.315492 0.321687 0.323944 0.326622 0.351128 0.367658 0.383337 0.387905 0.393545 0.400679 0.40556 0.410187 0.414085 0.420987 0.434855 0.447497 0.44468 0.447098 0.453409 0.449451 0.455809 0.46799 0.484119 0.480414 0.485714 0.494167 0.490886 -9999 -9999 -9999 -9999 -9999 -9999 -9999 -9999 -9999 -9999 -9999 -9999 -9999 -9999 -9999 -9999 -9999 -9999 -9999 -9999 -9999 -9999 -9999 -9999 -9999 -9999 -9999 -9999 -9999 -9999 -9999 -9999 -9999 -9999 -9999 -9999 -9999 -9999 -9999 -9999 -9999
0.31161 0.312815 0.317927 0.323128 0.324069 0.329069 0.342716 0.366991 0.383891 0.38789 0.392655 0.397997 0.402885 0.407577 0.413927 0.421446 0.433779 0.447889 0.453121 0.450183 0.452613 0.454514 0.460654 0.467774 0.477332 0.47559 0.477134 0.474925 0.484964 0.499611 -9999 -9999 -9999 -9999 -9999 -9999 -9999 -9999 -9999 -9999 -9999 -9999 -9999 -9999 -9999 -9999 -9999 -9999 -9999 -9999 -9999 -9999 -9999 -9999 -9999 -9999 -9999 -9999 -9999 -9999 -9999 -9999 -9999 -9999 -9999 -9999 -9999 -9999 -9999 -9999
0.316019 0.3152 0.320741 0.328887 0.331309 0.33449 0.355242 0.384238 0.388392 0.388341 0.392823 0.397022 0.402673 0.407675 0.413449 0.420825 0.429889 0.440115 0.455833 0.450511 0.446992 0.45003 0.453396 0.459407 0.468826 0.467298 0.470741 0.463167 0.489528 0.496353 0.500006 -9999 -9999 -9999 -9999 -9999 -9999 -9999 -9999 -9999 -9999 -9999 -9999 -9999 -9999 -9999 -9999 -9999 -9999 -9999 -9999 -9999 -9999 -9999 -9999 -9999 -9999 -9999 -9999 -9999 -9999 -9999 -9999 -9999 -9999 -9999 -9999 -9999 -9999 -9999
-9999 0.318371 0.323866 0.332845 0.335288 0.337169 0.349798 0.372898 0.387183 0.39036 0.393278 0.397471 0.403195 0.4125 0.416561 0.419831 0.426749 0.438026 0.449249 0.454184 0.4474 0.44759 0.451252 0.452407 0.461034 0.462308 0.467169 0.465359 0.472982 0.490804 0.495774 0.50365 -9999 -9999 -9999 -9999 -9999 -9999 -9999 -9999 -9999 -9999 -9999 -9999 -9999 -9999 -9999 -9999 -9999 -9999 -9999 -9999 -9999 -9999 -9999 -9999 -9999 -9999 -9999 -9999 -9999 -9999 -9999 -9999 -9999 -9999 -9999 -9999 -9999 -9999
-9999 -9999 -9999 -9999 0.340629 0.353006 0.36815 0.375715 0.38827 0.391109 0.393741 0.397995 0.405741 0.411171 0.414566 0.420222 0.427733 0.433389 0.441426 0.449722 0.4504 0.445194 0.452008 0.449625 0.453774 0.456609 0.464595 0.47558 0.476962 0.493323 0.49834 0.505418 -9999 -9999 -9999 -9999 -9999 -9999 -9999 -9999 -9999 -9999 -9999 -9999 -9999 -9999 -9999 -9999 -9999 -9999 -9999 -9999 -9999 -9999 -9999 -9999 -9999 -9999 -9999 -9999 -9999 -9999 -9999 -9999 -9999 -9999 -9999 -9999 -9999 -9999
-9999 -9999 -9999 -9999 -9999 0.354133 0.369715 0.369753 0.389309 0.393003 0.394714 0.398939 0.404307 0.408959 0.413804 0.418884 0.425153 0.431668 0.439304 0.442418 0.439967 0.442886 0.447221 0.449896 0.451051 0.455903 0.458328 0.480263 0.489541 0.500504 0.507931 0.509939 0.515539 -9999 -9999 -9999 -9999 -9999 -9999 -9999 -9999 -9999 -9999 -9999 -9999 0.466591 -9999 -9999 -9999 -9999 -9999 -9999 -9999 -9999 -9999 -9999 -9999 -9999 -9999 -9999 -9999 -9999 -9999 -9999 -9999 -9999 0.298892 -9999 -9999 -9999
-9999 -9999 -9999 -9999 0.338198 0.363232 0.366551 0.369094 0.380389 0.394097 0.3956 0.399937 0.404956 0.409699 0.415559 0.419081 0.423709 0.430419 0.433741 0.434565 0.436487 0.438563 0.441307 0.445416 0.450554 0.45639 0.46454 0.473499 0.481016 0.484061 0.500572 0.508617 0.518923 0.527222 -9999 -9999 -9999 -9999 -9999 -9999 -9999 0.504609 0.498963 0.491892 0.482413 0.469288 0.462692 -9999 -9999 -9999 -9999 -9999 -9999 -9999 -9999 -9999 -9999 -9999 -9999 -9999 -9999 -9999 -9999 -9999 -9999 -9999 0.296736 0.294891 -9999 -9999
-9999 -9999 -9999 -9999 0.358888 0.361565 0.366258 0.369385 0.373866 0.393723 0.397643 0.40112 0.405359 0.410241 0.415361 0.418076 0.423303 0.427095 0.430431 0.430488 0.432626 0.43648 0.440979 0.445804 0.452995 0.458084 0.463393 0.471105 0.480972 0.49109 0.499778 0.513756 0.527289 0.538506 -9999 -9999 -9999 -9999 -9999 -9999 0.517052 0.508134 0.499455 0.496617 0.48392 0.470711 0.461139 0.437447 -9999 -9999 -9999 -9999 -9999 -9999 -9999 -9999 -9999 -9999 -9999 -9999 -9999 -9999 0.297107 0.297511 0.303425 0.302766 0.298953 0.29611 -9999 -9999
-9999 -9999 -9999 -9999 0.358491 0.361025 0.365157 0.369645 0.376206 0.389927 0.398502 0.402687 0.406912 0.41073 0.414113 0.419095 0.422365 0.428073 0.426587 0.428875 0.432202 0.438564 0.443445 0.453403 0.460581 0.465942 0.465739 0.474724 0.488063 0.50352 0.529362 0.523419 0.531812 0.543035 -9999 -9999 -9999 -9999 -9999 -9999 0.525239 0.515662 0.505289 0.496436 0.491638 0.474527 0.448572 0.439278 0.427051 0.411173 0.397279 0.383737 0.357986 0.347648 0.341224 0.332531 -9999 -9999 -9999 -9999 0.307806 0.303212 0.298212 0.29525 0.302263 0.304245 0.30447 0.284961 -9999 -9999
-9999 -9999 -9999 -9999 0.354209 0.35901 0.365361 0.372882 0.378092 0.392264 0.400457 0.407395 0.411525 0.414857 0.417599 0.420599 0.424365 0.4257 0.427566 0.430608 0.439579 0.450167 0.450141 0.456938 0.477914 0.468459 0.469423 0.479529 0.495235 0.512685 0.530948 0.525875 0.536738 0.550753 -9999 -9999 -9999 0.554954 0.548495 0.545622 0.539864 0.528791 0.517419 0.502894 0.490276 0.479954 0.454077 0.443371 0.432931 0.417451 0.396905 0.382583 0.356427 0.345641 0.33892 0.328636 0.32142 0.316024 0.312028 0.30898 0.305567 0.301573 0.297378 0.294512 0.301691 0.301233 0.297292 0.277446 -9999 -9999
-9999 -9999 -9999 -9999 0.355316 0.360766 0.36689 0.377104 0.384576 0.389909 0.403282 0.409275 0.413033 0.418263 0.419031 0.421162 0.423009 0.425037 0.427425 0.434727 0.444613 0.455119 0.462135 0.469892 0.481198 0.477585 0.478824 0.485573 0.50184 0.518584 0.526982 0.543175 0.548835 0.563232 -9999 -9999 0.574511 0.564799 0.556607 0.550281 0.544769 0.538468 0.52538 0.515388 0.498894 0.489458 0.469046 0.45322 0.434691 0.417447 0.39437 0.380709 0.362324 0.340719 0.332148 0.32576 0.319517 0.315293 0.311979 0.309108 0.306981 0.30326 0.299145 0.295597 0.298089 0.295026 0.282592 0.280072 -9999 -9999
-9999 -9999 -9999 -9999 0.358154 0.363947 0.369581 0.377513 0.383483 0.392304 0.40734 0.40963 0.414789 0.419315 0.422631 0.422326 0.423651 0.424907 0.426395 0.43308 0.441133 0.453048 0.462273 0.474612 0.482822 0.490082 0.494036 0.501488 0.509572 0.515902 0.526162 0.545934 0.557932 0.566207 0.577458 -9999 0.583027 0.579843 0.57047 0.56036 0.55092 0.546083 0.531636 0.520119 0.506561 0.494918 0.470955 0.449057 0.433077 0.417957 0.399093 0.375552 0.358415 0.346543 0.330179 0.32352 0.318398 0.314733 0.311981 0.309624 0.307319 0.30454 0.301059 0.296834 0.294724 0.284505 0.284078 0.282136 -9999 -9999
-9999 -9999 -9999 0.349069 0.357333 0.361948 0.369345 0.377083 0.384624 0.391925 0.405061 0.411067 0.41484 0.419607 0.425513 0.426532 0.426693 0.425155 0.426051 0.427641 0.432725 0.446572 0.457324 0.471231 0.484949 0.489265 0.494502 0.495782 0.503851 0.515999 0.528796 0.549373 0.561267 0.574146 0.585978 0.590503 0.589309 0.587621 0.581469 0.569672 0.558316 0.548302 0.537933 0.526216 0.511927 0.49193 0.465858 0.449326 0.433876 0.417236 0.401155 0.383874 0.36609 0.343987 0.333639 0.321857 0.317127 0.313935 0.311738 0.309986 0.308239 0.306052 0.302807 0.298316 0.287405 0.284586 0.283632 0.275606 -9999 -9999
-9999 -9999 -9999 -9999 0.357794 0.365395 0.374504 0.383074 0.390334 0.396721 0.407632 0.412862 0.415712 0.419936 0.426081 0.430976 0.428179 0.427187 0.426259 0.427091 0.42909 0.445419 0.455015 0.464627 0.478404 0.477757 0.482572 0.490252 0.500094 0.517464 0.535031 0.559696 0.576834 0.584625 0.596777 0.595759 0.596897 0.590582 0.584615 0.579874 0.573244 0.556175 0.545507 0.526659 0.509296 0.496367 0.467882 0.451618 0.432252 0.414464 0.397385 0.388646 0.364972 0.352272 0.337519 0.323562 0.315708 0.313006 0.311341 0.310276 0.309117 0.307375 0.304476 0.296796 0.28628 0.280655 0.287538 0.277527 -9999 -9999
-9999 -9999 -9999 -9999 -9999 -9999 0.37656 0.384905 0.393362 0.400487 0.409263 0.413608 0.417199 0.420414 0.424074 0.429687 0.430982 0.430374 0.434305 0.432709 0.431721 0.435406 0.440694 0.454972 0.461823 0.46453 0.473398 0.487949 0.501713 0.515835 0.53538 0.557796 0.576761 0.592522 0.599777 0.596785 0.59237 0.586245 0.582767 0.582915 0.575573 0.561117 0.544452 0.528194 0.513218 0.499663 0.47027 0.454444 0.43106 0.411859 0.3958 0.380847 0.363121 0.348129 0.336851 0.32519 0.318547 0.312079 0.310961 0.310376 0.309721 0.308388 0.302074 0.296371 0.288766 0.27944 0.286439 0.281393 -9999 -9999
-9999 -9999 -9999 -9999 -9999 -9999 0.380383 0.389506 0.39672 0.399556 0.410102 0.414533 0.419036 0.421663 0.424779 0.429219 0.433132 0.436306 0.441048 0.439982 0.436091 0.43601 0.440475 0.453885 0.452972 0.461452 0.472107 0.488844 0.503989 0.516729 0.536175 0.559652 0.575346 0.593143 0.596188 0.597607 0.596181 0.588592 0.582545 0.577142 0.574198 0.562531 0.544761 0.530749 0.518157 0.500306 0.472171 0.457196 0.431508 0.410519 0.393427 0.376138 0.359168 0.34533 0.333197 0.323595 0.316881 0.313179 0.310726 0.310493 0.310123 0.307391 0.303699 0.297984 0.290314 0.280759 0.281087 0.28267 -9999 -9999
-9999 -9999 -9999 -9999 -9999 -9999 -9999 0.394053 0.398238 0.39907 0.410736 0.41658 0.419315 0.422327 0.425939 0.428372 0.432869 0.438551 0.449916 0.448468 0.445116 0.440438 0.440998 0.447763 0.453211 0.464599 0.482813 0.500418 0.510671 0.521737 0.538634 0.560225 0.576736 0.580306 0.582567 0.583154 0.584778 0.588148 0.582934 0.575977 0.572481 0.560084 0.54415 0.532092 0.517127 0.500366 0.472461 0.452089 0.431568 0.408804 0.392476 0.374012 0.356417 0.343402 0.331992 0.32297 0.316333 0.312655 0.310926 0.310447 0.309889 0.307872 0.304204 0.298556 0.29086 0.281239 0.270836 0.262701 0.254818 -9999
-9999 -9999 -9999 -9999 -9999 -9999 -9999 0.399455 0.406166 0.40534 0.416019 0.417346 0.419419 0.422418 0.427118 0.430149 0.436727 0.438699 0.449165 0.455507 0.454155 0.459391 0.452845 0.448808 0.453901 0.48158 0.496876 0.510677 0.518321 0.527725 0.539347 0.565261 0.576713 0.574918 0.575847 0.576967 0.577721 0.579191 0.579883 0.570585 0.563628 0.552764 0.541933 0.527865 0.515638 0.500415 0.468251 0.450296 0.430668 0.40802 0.392917 0.373043 0.355941 0.343808 0.33324 0.323162 0.31701 0.313206 0.31078 0.310529 0.3103 0.307451 0.303618 0.297932 0.290318 0.280668 0.269396 0.251397 0.242752 0.229791
-9999 -9999 -9999 -9999 -9999 -9999 -9999 -9999 0.415134 0.410277 0.417832 0.420017 0.419738 0.422262 0.428076 0.431087 0.437513 0.443231 0.45282 0.464386 0.473494 0.460926 0.451653 0.450303 0.453805 0.477845 0.492206 0.500706 0.505388 0.517777 0.52956 0.552605 0.563094 0.573969 0.578487 0.578456 0.574805 0.572279 0.568934 0.56658 0.559498 0.548046 0.536963 0.523157 0.508236 0.491692 0.465466 0.443433 0.426131 0.406244 0.389147 0.373296 0.356732 0.346014 0.334113 0.324727 0.318567 0.312386 0.311183 0.310552 0.309962 0.308843 0.302016 0.296275 0.288631 0.279213 0.268083 0.248994 0.235566 0.2245
-9999 -9999 -9999 -9999 -9999 -9999 -9999 -9999 0.421731 0.416519 0.423792 0.420761 0.423114 0.426101 0.427531 0.430287 0.435471 0.443145 0.449989 0.46298 0.477273 0.464836 0.455406 0.453067 0.459465 0.475622 0.47885 0.489827 0.496689 0.511061 0.52213 0.538523 0.550187 0.561687 0.574549 0.577843 0.569862 0.565968 0.561189 0.55673 0.550868 0.543253 0.534887 0.517967 0.508789 0.488692 0.459709 0.441542 0.423577 0.405906 0.389321 0.374028 0.357717 0.345474 0.336603 0.324123 0.316328 0.313437 0.311699 0.310599 0.309547 0.30794 0.305325 0.296638 0.286059 0.276881 0.266167 0.247324 0.233898 0.220166
-9999 -9999 -9999 -9999 -9999 -9999 -9999 -9999 0.44024 0.42854 0.430318 0.42682 0.427042 0.427397 0.428151 0.431922 0.434759 0.440725 0.446765 0.456057 0.469892 0.480268 0.473887 0.460865 0.461645 0.463188 0.470377 0.481316 0.492229 0.50043 0.508046 0.52598 0.54091 0.554236 0.555421 0.562866 0.557374 0.558015 0.558613 0.546544 0.542123 0.536069 0.531118 0.524994 0.511474 0.491634 0.461123 0.446905 0.426772 0.407484 0.390541 0.375699 0.360065 0.343845 0.334592 0.322656 0.317885 0.314611 0.312362 0.310636 0.308948 0.306855 0.3038 0.299394 0.286851 0.278533 0.263712 0.245223 0.232541 0.219575
-9999 -9999 -9999 -9999 -9999 -9999 -9999 -9999 0.442858 0.442406 0.434026 0.434515 0.429714 0.430185 0.429193 0.43102 0.434312 0.439957 0.447038 0.455242 0.467624 0.478291 0.473964 0.469562 0.46689 0.463824 0.471182 0.477997 0.48571 0.495445 0.503575 0.518135 0.527985 0.531948 0.540905 0.550781 0.5436 0.543837 0.545045 0.537782 0.533785 0.535111 0.532775 0.523581 0.50838 0.498486 0.470763 0.449246 0.430902 0.408938 0.391459 0.376955 0.358596 0.347093 0.331414 0.324669 0.319602 0.315819 0.312988 0.310581 0.308199 0.305526 0.302004 0.297376 0.291561 0.275307 0.265944 0.247562 0.231099 0.218979
-9999 -9999 -9999 -9999 -9999 -9999 -9999 -9999 0.44126 0.447639 0.440328 0.43742 0.432116 0.431167 0.430609 0.432201 0.436203 0.439928 0.445214 0.452901 0.459448 0.469429 0.482547 0.472399 0.477002 0.472097 0.477974 0.480148 0.486899 0.49556 0.512255 0.515578 0.511308 0.521608 0.527541 0.533888 0.530478 0.531313 0.530795 0.528751 0.531046 0.534074 0.533618 0.519371 0.50989 0.494937 0.474513 0.45099 0.430551 0.413589 0.396056 0.385312 0.362987 0.343147 0.334119 0.326886 0.321183 0.316985 0.313431 0.310421 0.307422 0.304086 0.300131 0.295241 0.289301 0.282207 0.262962 0.244925 0.233903 0.221525
-9999 -9999 -9999 -9999 -9999 -9999 -9999 -9999 -9999 0.453755 0.449238 0.43927 0.434795 0.432602 0.432443 0.434399 0.437509 0.440883 0.445166 0.451613 0.459588 0.471035 0.481088 0.48224 0.48756 0.485234 0.487786 0.484873 0.487813 0.497943 0.5229 0.510045 0.507604 0.511674 0.515594 0.518777 0.520514 0.521619 0.522293 0.524286 0.533882 0.531343 0.529452 0.520164 0.512863 0.494489 0.468512 0.448275 0.431331 0.416203 0.408223 0.391453 0.3624 0.349682 0.341468 0.332589 0.322617 0.317847 0.313766 0.31014 0.306484 0.302582 0.298182 0.294709 0.288592 0.281438 0.260553 0.242094 0.231923 0.221219
-9999 -9999 -9999 -9999 -9999 -9999 -9999 -9999 -9999 0.464715 0.453635 0.44111 0.439163 0.436726 0.43462 0.436714 0.440812 0.444863 0.449171 0.454077 0.463176 0.472577 0.482225 0.488677 0.492609 0.494868 0.495004 0.488825 0.491859 0.497988 0.510572 0.518137 0.512543 0.507971 0.509911 0.512423 0.522407 0.520355 0.523939 0.527972 0.52584 0.523397 0.522818 0.511861 0.507159 0.495002 0.466342 0.449971 0.435194 0.418088 0.41044 0.395701 0.366315 0.353328 0.344765 0.334001 0.32652 0.320825 0.316015 0.311604 0.307327 0.30283 0.297996 0.292565 0.286398 0.2795 0.271989 0.250004 0.23765 0.227541
-9999 -9999 -9999 -9999 -9999 -9999 -9999 -9999 -9999 0.464691 0.458216 0.44748 0.440047 0.442319 0.439694 0.439394 0.443908 0.448734 0.453772 0.457643 0.4673 0.47799 0.487709 0.498907 0.502466 0.50255 0.495752 0.493013 0.496316 0.502377 0.508544 0.508914 0.505474 0.504539 0.505401 0.507345 0.509696 0.510294 0.512319 0.511182 0.512301 0.515031 0.51183 0.502459 0.502284 0.492307 0.479074 0.451653 0.434237 0.419686 0.414387 0.382296 0.366167 0.353851 0.34293 0.334357 0.327414 0.320955 0.315774 0.310879 0.306111 0.301264 0.296084 0.290544 0.284388 0.278171 0.271613 0.269506 0.237896 0.228146
-9999 -9999 -9999 -9999 -9999 -9999 -9999 -9999 -9999 0.464912 0.459388 0.450549 0.446256 0.447935 0.444893 0.44231 0.445394 0.450486 0.453901 0.459393 0.46804 0.477573 0.488006 0.495317 0.507176 0.504417 0.499573 0.497449 0.498623 0.50373 0.508842 0.507054 0.504972 0.505024 0.501982 0.502647 0.50395 0.509054 0.510171 0.506137 0.503567 0.500886 0.500328 0.493617 0.489182 0.481889 0.473818 0.447755 0.433756 0.422301 0.396994 0.377078 0.364122 0.353017 0.342962 0.335085 0.32766 0.32064 0.315034 0.309781 0.30468 0.299485 0.294151 0.288667 0.282676 0.277325 0.272523 0.269366 0.241967 0.228183
-9999 -9999 -9999 -9999 -9999 -9999 -9999 -9999 -9999 0.468882 0.462668 0.455652 0.454587 0.456971 0.449341 0.445623 0.448253 0.452104 0.456229 0.465651 0.468301 0.472891 0.482478 0.495095 0.50883 0.512191 0.50147 0.502704 0.503619 0.51071 0.515683 0.515559 0.510774 0.506264 0.501021 0.499677 0.500958 0.509105 0.517029 0.509525 0.500788 0.496063 0.491814 0.490195 0.484315 0.477518 0.472283 0.452322 0.436677 0.424383 0.389453 0.376959 0.363918 0.352169 0.345024 0.33694 0.327468 0.319703 0.31385 0.308315 0.302887 0.297524 0.292061 0.286816 0.281253 0.275702 0.275166 0.271787 0.259747 0.227404
-9999 -9999 -9999 -9999 -9999 -9999 -9999 -9999 -9999 0.474594 0.471186 0.464663 0.464009 0.460608 0.45366 0.451599 0.451981 0.454725 0.458394 0.464152 0.468876 0.475502 0.485143 0.497315 0.510659 0.520851 0.521792 0.51073 0.498054 0.516808 0.52228 0.519171 0.513555 0.504276 0.49887 0.497926 0.497677 0.498159 0.503229 0.509015 0.505161 0.496074 0.4942 0.492075 0.48252 0.475032 0.47009 0.463692 0.433942 0.407791 0.390342 0.378624 0.365202 0.350569 0.34153 0.334139 0.324778 0.318241 0.312184 0.306381 0.30083 0.295325 0.289779 0.28444 0.279416 0.277316 0.274327 0.272478 0.265775 0.223603
-9999 -9999 -9999 -9999 -9999 -9999 -9999 -9999 -9999 0.482772 0.478057 0.472238 0.46676 0.461511 0.457227 0.459564 0.458451 0.46116 0.461816 0.46514 0.470709 0.476627 0.485203 0.499602 0.512429 0.52627 0.527431 0.509879 0.51329 0.519803 0.530303 0.522191 0.512819 0.504041 0.499104 0.502669 0.497635 0.49635 0.496748 0.498894 0.503142 0.498295 0.498858 0.492787 0.482554 0.47373 0.465839 0.458921 0.435843 0.404749 0.38887 0.378212 0.365103 0.351711 0.339054 0.33065 0.322738 0.316139 0.309983 0.304084 0.298436 0.292961 0.28758 0.282335 0.27999 0.278062 0.274196 0.271041 0.264442 0.240021
