Test_Spring_2018/03_18/Prec/20180321_008.txt
ncols	170
nrows	115
xllcorner	350000.000000
yllcorner	4445000.000000
cellsize	1000.000000
nodata_value	-9999.000000
[rows 32 to 63 of 115, columns 72 to 143 of 170]
1.87092 1.86677 1.8848 1.90165 1.86646 1.86876 1.89932 1.9012 1.89552 1.87989 1.87403 1.86746 1.86289 1.8409 1.7809 1.72643 1.7529 1.75142 1.72929 1.76138 1.7392 1.68648 1.61307 1.64433 1.62802 1.53672 1.5039 -9999 -9999 -9999 -9999 -9999 -9999 -9999 -9999 -9999 -9999 -9999 -9999 -9999 -9999 -9999 -9999 -9999 -9999 -9999 -9999 -9999 -9999 -9999 -9999 -9999 -9999 -9999 -9999 -9999 -9999 -9999 -9999 -9999 -9999 -9999 -9999 -9999 -9999 -9999 -9999 -9999 -9999 -9999 -9999 -9999
1.88383 1.88376 1.90758 1.91111 1.89425 1.89503 1.91899 1.92369 1.92274 1.91692 1.91156 1.90533 1.88854 1.86396 1.81262 1.75082 1.73503 1.76181 1.75997 1.76083 1.7394 1.71295 1.67384 1.69452 1.69798 1.63864 1.55844 1.5327 -9999 -9999 -9999 -9999 -9999 -9999 -9999 -9999 -9999 -9999 -9999 -9999 -9999 -9999 -9999 -9999 -9999 -9999 -9999 -9999 -9999 -9999 -9999 -9999 -9999 -9999 -9999 -9999 -9999 -9999 -9999 -9999 -9999 -9999 -9999 -9999 -9999 -9999 -9999 -9999 -9999 -9999 -9999 -9999
1.89424 1.87778 1.89306 1.90563 1.90707 1.91323 1.91851 1.94494 1.94606 1.94699 1.93843 1.93139 1.9184 1.89522 1.86157 1.82048 1.74937 1.7885 1.81764 1.81199 1.80463 1.78352 1.74475 1.7641 1.7576 1.67307 1.61389 1.57681 1.55604 -9999 -9999 -9999 -9999 -9999 -9999 -9999 -9999 -9999 -9999 -9999 -9999 -9999 -9999 -9999 -9999 -9999 -9999 -9999 -9999 -9999 -9999 -9999 -9999 -9999 -9999 -9999 -9999 -9999 -9999 -9999 -9999 -9999 -9999 -9999 -9999 -9999 -9999 -9999 -9999 -9999 -9999 -9999
1.9022 1.88078 1.89563 1.91503 1.94066 1.94576 1.94847 1.9588 1.96922 1.9713 1.96345 1.93471 1.9316 1.93069 1.9087 1.8621 1.81447 1.79901 1.84473 1.85337 1.84373 1.8476 1.81258 1.81697 1.80312 1.76159 1.70055 1.63515 1.60879 1.56668 -9999 -9999 -9999 -9999 -9999 -9999 -9999 -9999 -9999 -9999 -9999 -9999 -9999 -9999 -9999 -9999 -9999 -9999 -9999 -9999 -9999 -9999 -9999 -9999 -9999 -9999 -9999 -9999 -9999 -9999 -9999 -9999 -9999 -9999 -9999 -9999 -9999 -9999 -9999 -9999 -9999 -9999
-9999 -9999 1.89052 1.91385 1.94861 1.95177 1.96632 1.97993 1.9934 1.99666 1.97953 1.97242 1.97373 1.96081 1.93591 1.91881 1.88751 1.85359 1.85903 1.89517 1.86797 1.88975 1.87784 1.87382 1.8437 1.79137 1.70718 1.65263 1.62785 1.59208 -9999 -9999 -9999 -9999 -9999 -9999 -9999 -9999 -9999 -9999 -9999 -9999 -9999 -9999 -9999 -9999 -9999 -9999 -9999 -9999 -9999 -9999 -9999 -9999 -9999 -9999 -9999 -9999 -9999 -9999 -9999 -9999 -9999 -9999 -9999 -9999 -9999 -9999 -9999 -9999 -9999 -9999
-9999 -9999 -9999 1.9296 1.96042 1.9943 1.98415 1.99531 2.01565 2.02096 2.01806 2.01642 2.01107 2.00172 1.98345 1.96147 1.93154 1.92392 1.94467 1.93671 1.92146 1.91564 1.91893 1.9041 1.84162 1.79136 1.75054 1.6467 1.61154 1.60521 1.57959 -9999 -9999 -9999 -9999 -9999 -9999 -9999 -9999 -9999 -9999 -9999 -9999 1.54373 -9999 -9999 -9999 -9999 -9999 -9999 -9999 -9999 -9999 -9999 -9999 -9999 -9999 -9999 -9999 -9999 -9999 -9999 -9999 -9999 1.18325 -9999 -9999 -9999 -9999 -9999 -9999 -9999
-9999 -9999 1.94632 1.978 1.99591 2.01917 2.0032 2.01496 2.03889 2.04588 2.04676 2.04618 2.03651 2.03587 2.02619 2.00259 1.99439 1.99751 1.99369 1.98865 1.98042 1.96595 1.94756 1.92735 1.89071 1.8514 1.82135 1.73487 1.68574 1.65084 1.604 1.56684 -9999 -9999 -9999 -9999 -9999 -9999 -9999 1.58551 1.57349 1.56251 1.55844 1.56872 1.54072 -9999 -9999 -9999 -9999 -9999 -9999 -9999 -9999 -9999 -9999 -9999 -9999 -9999 -9999 -9999 -9999 -9999 -9999 -9999 1.20874 1.16946 -9999 -9999 -9999 -9999 -9999 -9999
-9999 -9999 1.97941 2.00125 2.01479 2.03814 2.05504 2.04218 2.05627 2.0704 2.07759 2.07794 2.07323 2.07726 2.06418 2.05515 2.04556 2.05107 2.04428 2.02806 2.00896 1.98947 1.95948 1.94301 1.91922 1.88762 1.84692 1.80689 1.72579 1.66344 1.6038 1.55566 -9999 -9999 -9999 -9999 -9999 -9999 1.61831 1.62818 1.6286 1.59066 1.59807 1.60264 1.58373 1.52884 -9999 -9999 -9999 -9999 -9999 -9999 -9999 -9999 -9999 -9999 -9999 -9999 -9999 -9999 1.38815 1.35023 1.27937 1.239 1.21106 1.17411 -9999 -9999 -9999 -9999 -9999 -9999
-9999 -9999 1.99096 2.0165 2.03636 2.05621 2.06597 2.08732 2.07986 2.09313 2.10276 2.11045 2.11595 2.10832 2.10514 2.08492 2.09917 2.09095 2.07578 2.04427 2.02135 1.97338 1.94261 1.91955 1.92799 1.89098 1.83395 1.76838 1.68548 1.65249 1.62474 1.58159 -9999 -9999 -9999 -9999 -9999 -9999 1.64297 1.65381 1.65925 1.64788 1.60745 1.62561 1.589 1.54989 1.52593 1.52289 1.51282 1.46125 1.45204 1.44619 1.42781 1.42904 -9999 -9999 -9999 -9999 1.40732 1.40365 1.39917 1.37984 1.30303 1.24751 1.19603 1.18 -9999 -9999 -9999 -9999 -9999 -9999
-9999 -9999 2.0206 2.03749 2.04941 2.05734 2.07844 2.10013 2.09724 2.13233 2.14162 2.15068 2.15808 2.15926 2.15175 2.15292 2.14796 2.1345 2.08862 2.03423 2.03695 1.97674 1.92417 1.92507 1.92804 1.88655 1.81921 1.74603 1.70615 1.67904 1.64348 1.60998 -9999 -9999 -9999 1.62876 1.65469 1.65151 1.65271 1.67108 1.68062 1.67219 1.66631 1.64986 1.59951 1.55868 1.51625 1.50249 1.51964 1.50995 1.46218 1.45571 1.43747 1.43895 1.442 1.4415 1.43783 1.43134 1.42686 1.42356 1.41777 1.40013 1.32366 1.27991 1.24809 1.16682 -9999 -9999 -9999 -9999 -9999 -9999
-9999 -9999 2.0803 2.09672 2.11175 2.09864 2.1095 2.1304 2.14871 2.14988 2.16298 2.16318 2.18144 2.18695 2.18865 2.18472 2.17518 2.13723 2.08451 2.02873 1.99283 2.00013 1.94929 1.924 1.92654 1.87374 1.83046 1.7629 1.74216 1.71287 1.64178 1.59067 -9999 -9999 1.58617 1.64185 1.67921 1.69504 1.69415 1.68493 1.6996 1.68706 1.69935 1.67685 1.59993 1.58161 1.52673 1.51307 1.50739 1.49122 1.4703 1.46463 1.45741 1.44876 1.44822 1.44417 1.44028 1.43658 1.42899 1.42749 1.42373 1.41112 1.3598 1.33048 1.29649 1.18264 -9999 -9999 -9999 -9999 -9999 -9999
-9999 -9999 2.11225 2.13172 2.15297 2.16197 2.18014 2.14056 2.15095 2.17944 2.18107 2.18592 2.19096 2.20885 2.21223 2.21082 2.20415 2.16743 2.12242 2.05747 2.00856 1.98579 1.95168 1.89348 1.88364 1.85895 1.83446 1.82252 1.77145 1.72581 1.68942 1.61901 1.58804 -9999 1.60027 1.62516 1.67115 1.70788 1.72706 1.70787 1.72594 1.71631 1.71955 1.68881 1.62592 1.5905 1.56552 1.53856 1.53596 1.51114 1.48024 1.47184 1.45932 1.45242 1.44768 1.44352 1.44031 1.43794 1.4353 1.43238 1.42804 1.42069 1.39412 1.36424 1.30763 1.18946 -9999 -9999 -9999 -9999 -9999 -9999
-9999 2.08095 2.11894 2.14869 2.1645 2.17809 2.19114 2.20281 2.21734 2.19483 2.21084 2.20943 2.20076 2.21102 2.21938 2.23114 2.22581 2.21412 2.18303 2.10641 2.07949 2.02821 1.96767 1.90939 1.89391 1.90331 1.88087 1.84065 1.80029 1.74895 1.69988 1.6619 1.58788 1.59297 1.62095 1.64139 1.67275 1.71941 1.74826 1.75447 1.74768 1.7476 1.73532 1.69657 1.64375 1.61249 1.57595 1.54861 1.52347 1.51186 1.48067 1.46993 1.46411 1.45137 1.44631 1.44253 1.44006 1.43857 1.43703 1.43463 1.43191 1.42781 1.4206 1.38397 1.29184 1.20628 -9999 -9999 -9999 -9999 -9999 -9999
-9999 -9999 2.11932 2.13699 2.14715 2.15935 2.17646 2.19507 2.22086 2.22989 2.24511 2.23283 2.21818 2.20719 2.22999 2.23747 2.24023 2.23105 2.21489 2.15581 2.11077 2.06908 2.00915 1.97999 1.96781 1.94485 1.91478 1.84907 1.78592 1.71444 1.65375 1.64239 1.60002 1.60719 1.62648 1.67431 1.70678 1.71724 1.721 1.76301 1.76635 1.75194 1.74563 1.70559 1.66107 1.62053 1.5969 1.56813 1.54123 1.47814 1.47405 1.45714 1.46526 1.45413 1.44542 1.44169 1.43978 1.4384 1.43751 1.43616 1.43434 1.43053 1.41812 1.39052 1.28707 1.21037 -9999 -9999 -9999 -9999 -9999 -9999
-9999 -9999 -9999 -9999 2.14615 2.1617 2.17422 2.19019 2.22646 2.24004 2.2508 2.25664 2.25342 2.22805 2.2282 2.23253 2.20859 2.21486 2.22898 2.21242 2.1906 2.12506 2.06267 2.05821 2.02563 1.96755 1.9181 1.87102 1.79914 1.74038 1.67181 1.62029 1.61205 1.6542 1.68475 1.73376 1.75473 1.74032 1.74794 1.76451 1.78075 1.77836 1.7553 1.71369 1.67057 1.6216 1.61308 1.58587 1.54797 1.5125 1.47378 1.4656 1.45305 1.45829 1.45252 1.44149 1.4394 1.43851 1.43801 1.43729 1.43235 1.42773 1.42103 1.41166 1.30545 1.2013 -9999 -9999 -9999 -9999 -9999 -9999
-9999 -9999 -9999 -9999 2.13627 2.14879 2.1685 2.20732 2.23324 2.24557 2.25048 2.25823 2.25667 2.24205 2.22413 2.20782 2.18252 2.18722 2.20847 2.21229 2.19555 2.13549 2.11591 2.08177 2.04053 1.97171 1.91573 1.87672 1.80617 1.74205 1.69144 1.62994 1.64475 1.66453 1.69336 1.74354 1.77901 1.79119 1.77443 1.78214 1.80301 1.78696 1.74895 1.72717 1.67538 1.61816 1.61799 1.59645 1.56037 1.53381 1.4889 1.47231 1.46261 1.45605 1.45052 1.44406 1.43906 1.43826 1.43824 1.4367 1.43401 1.42989 1.42337 1.41442 1.34207 1.20215 -9999 -9999 -9999 -9999 -9999 -9999
-9999 -9999 -9999 -9999 -9999 2.13579 2.17094 2.21946 2.2383 2.24176 2.25452 2.25885 2.25347 2.24851 2.22797 2.19806 2.13684 2.14398 2.16304 2.19196 2.19677 2.17271 2.12052 2.07173 1.99113 1.91805 1.88803 1.8578 1.8005 1.74592 1.69052 1.70359 1.72212 1.74597 1.75855 1.75374 1.7837 1.80653 1.79139 1.80312 1.81435 1.78788 1.76209 1.73406 1.68061 1.65086 1.62232 1.60892 1.56753 1.54589 1.50334 1.48135 1.46697 1.45676 1.45052 1.44395 1.44001 1.43899 1.43825 1.43763 1.43521 1.43096 1.42459 1.4158 1.39965 1.31074 1.25894 -9999 -9999 -9999 -9999 -9999
-9999 -9999 -9999 -9999 -9999 2.11833 2.13846 2.19381 2.21665 2.24199 2.25647 2.25937 2.24712 2.24033 2.20983 2.199 2.14488 2.10839 2.11795 2.09568 2.13904 2.17291 2.12249 1.98829 1.9233 1.87013 1.85335 1.83102 1.80036 1.72196 1.69163 1.73128 1.75515 1.77466 1.79056 1.79319 1.79208 1.82996 1.82804 1.83257 1.81817 1.80391 1.76548 1.73122 1.7014 1.66079 1.62922 1.61666 1.57001 1.55675 1.51206 1.4857 1.46691 1.46204 1.45279 1.44628 1.44167 1.4402 1.44019 1.43745 1.43562 1.43152 1.42492 1.41668 1.40569 1.36913 1.32223 1.29469 1.28969 -9999 -9999 -9999
-9999 -9999 -9999 -9999 -9999 -9999 2.10007 2.17389 2.21213 2.23062 2.25554 2.25943 2.25748 2.2427 2.20873 2.17886 2.13028 2.07401 2.01966 2.09256 2.1514 2.17193 2.12873 2.01405 1.95385 1.92802 1.92575 1.88607 1.85248 1.78773 1.75986 1.72992 1.7321 1.7626 1.7853 1.81067 1.82953 1.83009 1.84093 1.83268 1.82201 1.80951 1.78899 1.76576 1.70722 1.69265 1.65309 1.6299 1.5973 1.56587 1.52012 1.48791 1.47702 1.46865 1.45889 1.44954 1.44523 1.44361 1.44338 1.44347 1.43527 1.43118 1.42509 1.41658 1.40633 1.37635 1.35714 1.32221 1.28084 1.23331 -9999 -9999
-9999 -9999 -9999 -9999 -9999 -9999 2.07466 2.1469 2.1858 2.22926 2.26485 2.26833 2.26475 2.25178 2.22514 2.18597 2.15299 2.09028 2.02394 2.08608 2.13933 2.16573 2.14904 2.03204 2.0301 1.99018 1.97479 1.92246 1.88989 1.85845 1.82103 1.78425 1.75144 1.72674 1.78579 1.81561 1.84005 1.85066 1.85505 1.85421 1.83382 1.80727 1.76166 1.76298 1.72267 1.69439 1.66471 1.6358 1.60594 1.57638 1.53221 1.51074 1.4855 1.47922 1.46264 1.45543 1.451 1.4486 1.44753 1.44717 1.44654 1.43549 1.42476 1.41642 1.40622 1.37618 1.36074 1.34386 1.32291 1.26515 1.22509 1.18877
-9999 -9999 -9999 -9999 -9999 -9999 1.98778 2.09044 2.19748 2.23595 2.26269 2.26843 2.2687 2.25108 2.23784 2.20884 2.18125 2.13908 2.07593 2.03411 2.06214 2.14761 2.1475 2.10438 2.08078 2.03971 2.00099 1.97862 1.9611 1.91966 1.88139 1.82814 1.80008 1.77853 1.82041 1.82295 1.81657 1.86602 1.86274 1.85491 1.82792 1.77899 1.7683 1.72393 1.69607 1.65508 1.64469 1.63171 1.61054 1.58466 1.54066 1.52257 1.50347 1.48201 1.47129 1.46331 1.45802 1.45491 1.45312 1.45158 1.45017 1.44845 1.43041 1.42304 1.40609 1.3757 1.36102 1.34509 1.32906 1.30752 1.28345 1.23511
-9999 -9999 -9999 -9999 -9999 -9999 2.03016 2.12038 2.1886 2.22211 2.259 2.26405 2.27398 2.26745 2.25288 2.22671 2.1947 2.15911 2.10415 2.06093 2.09929 2.11442 2.1474 2.12409 2.08306 2.06215 2.03813 2.02902 2.00444 1.97925 1.94147 1.88357 1.85191 1.81275 1.85917 1.86016 1.84789 1.87051 1.8649 1.81947 1.78141 1.76786 1.75242 1.71775 1.67614 1.63014 1.61893 1.62823 1.60074 1.57758 1.54929 1.53178 1.50464 1.49154 1.48063 1.47238 1.4663 1.46242 1.45984 1.45724 1.45489 1.45194 1.44728 1.42311 1.41381 1.38197 1.36067 1.34582 1.33059 1.31438 1.29616 1.26696
-9999 -9999 -9999 -9999 -9999 -9999 2.07145 2.10962 2.16971 2.22168 2.2606 2.27314 2.28126 2.27681 2.2595 2.24447 2.22278 2.1905 2.16654 2.12674 2.07248 2.14267 2.10778 2.08942 2.09761 2.10115 2.08083 2.05052 1.99531 1.98907 1.96081 1.91847 1.89785 1.8725 1.89461 1.88874 1.88283 1.87642 1.83748 1.78439 1.73913 1.7563 1.73856 1.71035 1.6339 1.65532 1.65741 1.64133 1.58874 1.55269 1.5494 1.52235 1.51071 1.49997 1.49075 1.48178 1.47568 1.47061 1.46681 1.46358 1.46009 1.45613 1.45096 1.44435 1.41428 1.38169 1.36796 1.3526 1.33765 1.31596 1.3021 1.26964
-9999 -9999 -9999 -9999 -9999 -9999 -9999 2.11943 2.18554 2.25164 2.28488 2.30314 2.30881 2.30256 2.29051 2.27822 2.26294 2.23846 2.20824 2.16189 2.12476 2.136 2.09509 2.05566 2.05498 2.0833 2.08073 2.04001 1.96461 1.96599 1.98627 1.97143 1.95588 1.94181 1.91581 1.90497 1.89016 1.86097 1.78335 1.77496 1.73919 1.73292 1.70698 1.69512 1.6438 1.65597 1.64851 1.63145 1.5789 1.53905 1.5347 1.53092 1.51286 1.50774 1.50052 1.49187 1.48495 1.47903 1.47449 1.47036 1.46601 1.4638 1.45792 1.45083 1.41665 1.38212 1.36621 1.35058 1.3329 1.32317 1.31002 1.25033
-9999 -9999 -9999 -9999 -9999 -9999 -9999 2.1132 2.18802 2.26663 2.28624 2.30605 2.3226 2.31639 2.29987 2.28457 2.26939 2.25286 2.21607 2.17943 2.14295 2.12442 2.11985 2.01737 2.02768 2.07121 2.06589 2.04381 1.95203 1.91628 1.94939 1.97616 1.967 1.95249 1.8953 1.89731 1.86425 1.82246 1.80599 1.7833 1.74255 1.74827 1.71298 1.70958 1.63504 1.63474 1.62391 1.6252 1.57838 1.53355 1.52756 1.52831 1.51374 1.51872 1.5138 1.50584 1.49822 1.49178 1.48604 1.48101 1.47557 1.46961 1.46279 1.4544 1.44356 1.39923 1.32656 1.31326 1.30917 1.30468 1.2836 1.2491
-9999 -9999 -9999 -9999 -9999 -9999 -9999 2.14474 2.19355 2.26174 2.30995 2.30503 2.32474 2.33169 2.31343 2.29429 2.27519 2.26363 2.223 2.17826 2.13976 2.09428 2.08956 2.10331 2.03639 2.05984 2.051 2.02704 1.96159 1.96061 1.97898 1.98303 1.97597 1.96095 1.94075 1.92595 1.89889 1.88295 1.84885 1.79943 1.77415 1.77421 1.71876 1.70853 1.70977 1.61551 1.62558 1.62026 1.56754 1.52567 1.53931 1.53921 1.5385 1.53209 1.52331 1.51737 1.5089 1.50174 1.49519 1.4888 1.48249 1.4752 1.46737 1.45551 1.44087 1.39834 1.31602 1.30571 1.30747 1.30747 1.25211 1.24705
-9999 -9999 -9999 -9999 -9999 -9999 -9999 2.17851 2.22067 2.27789 2.30913 2.30733 2.32944 2.34872 2.33818 2.31758 2.30667 2.28583 2.2494 2.20929 2.16526 2.13829 2.08768 2.11425 2.03096 2.04933 2.0498 1.98976 1.96165 1.96929 1.9776 1.97344 1.98395 1.9727 1.95526 1.91427 1.89009 1.88819 1.87305 1.85253 1.81455 1.8027 1.77268 1.75202 1.73042 1.62806 1.62581 1.60977 1.56891 1.55836 1.55841 1.55408 1.54993 1.53995 1.53286 1.52819 1.51968 1.51174 1.50418 1.49704 1.4894 1.48031 1.4709 1.45465 1.43184 1.39682 1.28557 1.30072 1.31697 1.28014 1.24944 1.24291
-9999 -9999 -9999 -9999 -9999 -9999 -9999 2.19545 2.23973 2.28641 2.30016 2.29451 2.34086 2.36616 2.35795 2.34359 2.32831 2.28577 2.27966 2.26401 2.22258 2.1656 2.10299 2.09516 2.07468 2.03677 2.03688 1.95983 1.93023 1.9268 1.947 1.96447 1.98415 1.98113 1.96159 1.90258 1.84091 1.85621 1.87308 1.86346 1.84573 1.80848 1.78818 1.76758 1.73424 1.65873 1.60931 1.60193 1.56651 1.56239 1.56518 1.5658 1.54705 1.53815 1.54114 1.53907 1.53005 1.52153 1.51358 1.50536 1.49679 1.48535 1.47322 1.45823 1.41383 1.38157 1.30983 1.29957 1.30657 1.24178 1.24874 1.24193
-9999 -9999 -9999 -9999 -9999 -9999 -9999 2.2055 2.23357 2.27677 2.28787 2.31251 2.35516 2.37159 2.37495 2.3659 2.3522 2.32783 2.30932 2.28121 2.23757 2.1809 2.11825 2.07234 2.07521 2.01188 1.99021 1.93735 1.90329 1.91378 1.93654 1.97735 1.99608 1.98918 1.97605 1.95599 1.90811 1.85236 1.84291 1.85614 1.82618 1.79233 1.7926 1.77724 1.7443 1.71572 1.62398 1.58295 1.56179 1.55541 1.5616 1.5783 1.56991 1.55719 1.55894 1.54936 1.54009 1.5315 1.5227 1.51389 1.50467 1.49302 1.47777 1.4448 1.41406 1.37491 1.35927 1.31389 1.27923 1.25031 1.24719 1.23838
-9999 -9999 -9999 -9999 -9999 -9999 -9999 2.20408 2.23777 2.27646 2.31254 2.34667 2.37508 2.36805 2.37887 2.36931 2.37051 2.35768 2.33313 2.30693 2.26694 2.19645 2.13448 2.06732 2.06715 2.07189 1.97459 1.93402 1.87202 1.90758 1.94889 1.98584 2.00093 1.96912 1.98015 1.96838 1.94424 1.9069 1.85408 1.84451 1.80148 1.78846 1.79253 1.78466 1.76792 1.74291 1.68177 1.59754 1.56926 1.55796 1.56292 1.57325 1.58385 1.57612 1.56966 1.55964 1.55 1.54099 1.53182 1.52208 1.51142 1.49893 1.4695 1.43584 1.41021 1.3787 1.36349 1.35662 1.28547 1.25136 1.24635 1.23704
-9999 -9999 -9999 -9999 -9999 -9999 -9999 -9999 2.25932 2.29854 2.32498 2.32373 2.34723 2.35533 2.35951 2.35254 2.38348 2.37516 2.35497 2.32906 2.2923 2.23493 2.19027 2.12449 2.07264 2.00666 1.93268 1.93133 1.91299 1.92131 1.96063 2.00291 1.99745 1.95213 1.94695 1.94419 1.9505 1.93231 1.86371 1.82336 1.78746 1.79294 1.79858 1.78952 1.77622 1.75791 1.67619 1.5883 1.59808 1.60198 1.59257 1.59556 1.59519 1.58709 1.57886 1.56904 1.55961 1.55007 1.53987 1.52967 1.51668 1.49955 1.46711 1.4041 1.39396 1.37523 1.34557 1.32705 1.2432 1.24925 1.24622 1.23575
-9999 -9999 -9999 -9999 -9999 -9999 -9999 -9999 2.26751 2.31378 2.3132 2.29986 2.26811 2.26642 2.33059 2.33501 2.36368 2.38981 2.37517 2.3486 2.3124 2.2719 2.21623 2.14306 2.08132 2.02376 2.01607 1.98037 1.97579 1.97752 1.99666 1.99076 1.94426 1.90059 1.90908 1.91042 1.94326 1.94104 1.92234 1.87624 1.82441 1.79104 1.80264 1.79203 1.77892 1.76411 1.71051 1.64574 1.61639 1.61742 1.61453 1.60762 1.60582 1.59731 1.5877 1.57853 1.56869 1.5586 1.54732 1.53549 1.51701 1.49621 1.44945 1.4077 1.3761 1.3389 1.37592 1.33497 1.28868 1.24803 1.24393 1.2321
