Test_Spring_2018/03_18/Prec/20180308_006.txt
ncols	170
nrows	115
xllcorner	350000.000000
yllcorner	4445000.000000
cellsize	1000.000000
nodata_value	-9999.000000
[rows 31 to 61 of 115, columns 70 to 139 of 170]
1.05675 1.06658 1.06999 1.06275 1.06356 1.07422 1.07881 1.07939 1.06874 1.06755 1.06018 1.05831 1.05277 1.04219 1.03771 1.01742 0.951941 0.968079 0.972129 0.949365 0.954627 0.965452 0.943715 0.892219 0.865086 0.826051 0.817073 0.804893 0.770933 -9999 -9999 -9999 -9999 -9999 -9999 -9999 -9999 -9999 -9999 -9999 -9999 -9999 -9999 -9999 -9999 -9999 -9999 -9999 -9999 -9999 -9999 -9999 -9999 -9999 -9999 -9999 -9999 -9999 -9999 -9999 -9999 -9999 -9999 -9999 -9999 -9999 -9999 -9999 -9999 -9999
1.04429 1.04917 1.049 1.04255 1.05364 1.06412 1.0525 1.03325 1.05541 1.05559 1.05046 1.03802 1.03358 1.02875 1.02544 1.00824 0.96084 0.917241 0.936467 0.93318 0.913175 0.935233 0.914481 0.869689 0.80875 0.830063 0.814453 0.76478 0.731476 -9999 -9999 -9999 -9999 -9999 -9999 -9999 -9999 -9999 -9999 -9999 -9999 -9999 -9999 -9999 -9999 -9999 -9999 -9999 -9999 -9999 -9999 -9999 -9999 -9999 -9999 -9999 -9999 -9999 -9999 -9999 -9999 -9999 -9999 -9999 -9999 -9999 -9999 -9999 -9999 -9999
1.01688 1.02926 1.0265 1.02447 1.04111 1.0419 1.03625 1.02589 1.0413 1.04327 1.04114 1.03551 1.03047 1.02491 1.01114 0.991249 0.950271 0.9009 0.887361 0.906925 0.903829 0.902649 0.883852 0.861058 0.828343 0.842564 0.843435 0.802081 0.75135 0.708737 -9999 -9999 -9999 -9999 -9999 -9999 -9999 -9999 -9999 -9999 -9999 -9999 -9999 -9999 -9999 -9999 -9999 -9999 -9999 -9999 -9999 -9999 -9999 -9999 -9999 -9999 -9999 -9999 -9999 -9999 -9999 -9999 -9999 -9999 -9999 -9999 -9999 -9999 -9999 -9999
0.984975 1.00619 1.00215 0.988377 0.999243 1.00777 1.00262 1.00904 1.01099 1.02954 1.02832 1.02706 1.01852 1.01134 0.999702 0.980262 0.952804 0.919679 0.863161 0.893125 0.915323 0.910277 0.903875 0.886652 0.85553 0.869878 0.863893 0.802795 0.748463 0.719205 0.702741 -9999 -9999 -9999 -9999 -9999 -9999 -9999 -9999 -9999 -9999 -9999 -9999 -9999 -9999 -9999 -9999 -9999 -9999 -9999 -9999 -9999 -9999 -9999 -9999 -9999 -9999 -9999 -9999 -9999 -9999 -9999 -9999 -9999 -9999 -9999 -9999 -9999 -9999 -9999
-9999 0.979606 0.976318 0.959721 0.971105 0.985571 0.989941 1.00003 1.00462 1.01003 1.01532 1.01401 1.005 0.979814 0.975041 0.972414 0.953763 0.916352 0.878629 0.866571 0.902804 0.910214 0.903397 0.907158 0.880291 0.884085 0.873279 0.840194 0.777906 0.740729 0.719825 0.686373 -9999 -9999 -9999 -9999 -9999 -9999 -9999 -9999 -9999 -9999 -9999 -9999 -9999 -9999 -9999 -9999 -9999 -9999 -9999 -9999 -9999 -9999 -9999 -9999 -9999 -9999 -9999 -9999 -9999 -9999 -9999 -9999 -9999 -9999 -9999 -9999 -9999 -9999
-9999 -9999 -9999 -9999 0.937695 0.943448 0.962557 0.977153 0.989281 0.996661 1.00349 1.00208 0.984701 0.975411 0.973196 0.960492 0.939222 0.924965 0.900462 0.874712 0.880466 0.910723 0.891571 0.910792 0.903389 0.901778 0.879166 0.813462 0.760164 0.730519 0.710743 0.681912 -9999 -9999 -9999 -9999 -9999 -9999 -9999 -9999 -9999 -9999 -9999 -9999 -9999 -9999 -9999 -9999 -9999 -9999 -9999 -9999 -9999 -9999 -9999 -9999 -9999 -9999 -9999 -9999 -9999 -9999 -9999 -9999 -9999 -9999 -9999 -9999 -9999 -9999
-9999 -9999 -9999 -9999 -9999 0.929455 0.944752 0.96882 0.974885 0.979652 0.99092 0.990004 0.982583 0.976443 0.968032 0.957429 0.940994 0.922941 0.899957 0.895638 0.914521 0.911573 0.903259 0.902341 0.908253 0.899379 0.854623 0.790395 0.759857 0.702622 0.674535 0.668351 0.646576 -9999 -9999 -9999 -9999 -9999 -9999 -9999 -9999 -9999 -9999 -9999 -9999 0.647625 -9999 -9999 -9999 -9999 -9999 -9999 -9999 -9999 -9999 -9999 -9999 -9999 -9999 -9999 -9999 -9999 -9999 -9999 -9999 -9999 0.498456 -9999 -9999 -9999
-9999 -9999 -9999 -9999 0.926357 0.934236 0.947184 0.962796 0.962388 0.967231 0.980257 0.979433 0.973695 0.967157 0.954307 0.949767 0.939667 0.920376 0.914879 0.919834 0.920646 0.921417 0.920145 0.914004 0.904371 0.892545 0.843481 0.815713 0.793979 0.739691 0.710198 0.681115 0.641994 0.61013 -9999 -9999 -9999 -9999 -9999 -9999 -9999 0.631427 0.628538 0.627306 0.632049 0.648287 0.634501 -9999 -9999 -9999 -9999 -9999 -9999 -9999 -9999 -9999 -9999 -9999 -9999 -9999 -9999 -9999 -9999 -9999 -9999 -9999 0.509527 0.487175 -9999 -9999
-9999 -9999 -9999 -9999 0.910782 0.928855 0.938551 0.95404 0.962681 0.962319 0.966482 0.969933 0.967751 0.960622 0.950537 0.948834 0.935642 0.927781 0.921663 0.92938 0.929103 0.922592 0.914417 0.905952 0.88874 0.88115 0.845002 0.823932 0.7942 0.763455 0.720336 0.669135 0.619171 0.577767 -9999 -9999 -9999 -9999 -9999 -9999 0.626098 0.640267 0.648448 0.627627 0.643031 0.656511 0.651542 0.611925 -9999 -9999 -9999 -9999 -9999 -9999 -9999 -9999 -9999 -9999 -9999 -9999 -9999 -9999 0.610066 0.586979 0.538945 0.515563 0.502544 0.4829 -9999 -9999
-9999 -9999 -9999 -9999 0.897912 0.919366 0.934147 0.946651 0.949105 0.956054 0.959355 0.960728 0.959 0.956246 0.952974 0.941265 0.935376 0.918752 0.931785 0.929649 0.924068 0.907085 0.897557 0.868431 0.852154 0.820139 0.832786 0.808121 0.765925 0.715193 0.6557 0.640129 0.614254 0.575713 -9999 -9999 -9999 -9999 -9999 -9999 0.620408 0.63635 0.649793 0.651364 0.630985 0.656896 0.633388 0.61532 0.608409 0.616895 0.618699 0.600404 0.614059 0.61413 0.603254 0.606906 -9999 -9999 -9999 -9999 0.603172 0.605084 0.607479 0.599364 0.547253 0.512748 0.482142 0.4725 -9999 -9999
-9999 -9999 -9999 -9999 0.901532 0.916647 0.925293 0.928183 0.938908 0.944492 0.949418 0.949808 0.947746 0.945987 0.94414 0.939293 0.930017 0.930226 0.928353 0.922311 0.892899 0.858256 0.869097 0.848008 0.790371 0.806316 0.815593 0.78805 0.738105 0.681405 0.654313 0.642174 0.609209 0.561671 -9999 -9999 -9999 0.563214 0.584279 0.584794 0.591029 0.612826 0.629508 0.65019 0.658618 0.639913 0.627856 0.610105 0.590266 0.591743 0.616052 0.617808 0.6135 0.613228 0.602343 0.595818 0.60049 0.602091 0.601293 0.598723 0.598462 0.600097 0.600891 0.59356 0.553422 0.528891 0.514591 0.471239 -9999 -9999
-9999 -9999 -9999 -9999 0.880991 0.894959 0.906181 0.924198 0.926777 0.935296 0.93601 0.942347 0.94211 0.932311 0.938024 0.935864 0.933431 0.929632 0.924531 0.900005 0.866224 0.831673 0.813532 0.806183 0.775232 0.771197 0.78029 0.763307 0.714605 0.662461 0.645152 0.622791 0.574597 0.529067 -9999 -9999 0.511169 0.552939 0.582683 0.598139 0.603099 0.603967 0.625627 0.627597 0.650136 0.628199 0.595483 0.595939 0.58903 0.591996 0.589379 0.586898 0.589216 0.602516 0.600835 0.596841 0.598378 0.596754 0.595298 0.594453 0.591374 0.594161 0.596468 0.593185 0.560909 0.547107 0.523534 0.4613 -9999 -9999
-9999 -9999 -9999 -9999 0.877101 0.892413 0.907857 0.912409 0.92291 0.927727 0.921344 0.933139 0.936628 0.929512 0.924043 0.930977 0.929527 0.927683 0.925138 0.902186 0.875294 0.834582 0.807355 0.779898 0.762711 0.719799 0.718639 0.704329 0.688526 0.68086 0.655939 0.619887 0.586604 0.53593 0.505239 -9999 0.504534 0.521612 0.557798 0.589588 0.610535 0.604133 0.629266 0.634542 0.635241 0.625615 0.604809 0.586429 0.581725 0.574816 0.586097 0.597994 0.592506 0.59256 0.597058 0.594288 0.592205 0.590045 0.588599 0.588269 0.588601 0.589939 0.591603 0.592455 0.579779 0.559338 0.525839 0.46031 -9999 -9999
-9999 -9999 -9999 0.839723 0.870296 0.89338 0.904375 0.912428 0.918922 0.923305 0.923734 0.930855 0.932386 0.930566 0.913732 0.914223 0.91642 0.924891 0.923624 0.920738 0.905394 0.856308 0.830296 0.790342 0.751033 0.720899 0.715701 0.728461 0.714562 0.684966 0.653545 0.613681 0.583541 0.547924 0.49144 0.488933 0.505773 0.518866 0.543248 0.582697 0.611343 0.625203 0.631459 0.631879 0.636222 0.616992 0.603432 0.595323 0.582793 0.576841 0.571708 0.576022 0.571356 0.588091 0.588802 0.589239 0.586626 0.58434 0.582964 0.582781 0.583473 0.584797 0.587453 0.590751 0.587792 0.568594 0.507994 0.46713 -9999 -9999
-9999 -9999 -9999 -9999 0.860026 0.873252 0.879611 0.886546 0.896356 0.90644 0.91618 0.918534 0.925626 0.927566 0.91323 0.896821 0.910194 0.915299 0.920501 0.919836 0.916564 0.863945 0.836791 0.81254 0.77374 0.766499 0.764124 0.751775 0.732158 0.682853 0.633834 0.57807 0.527755 0.515164 0.483961 0.488656 0.498241 0.532398 0.557349 0.568253 0.577206 0.619276 0.624237 0.62334 0.631873 0.615332 0.608689 0.594275 0.592907 0.586956 0.581583 0.546694 0.563819 0.560958 0.575786 0.582882 0.582571 0.579994 0.578614 0.578019 0.578715 0.580407 0.583421 0.582663 0.581241 0.569055 0.499194 0.465258 -9999 -9999
-9999 -9999 -9999 -9999 -9999 -9999 0.868694 0.878302 0.884784 0.893278 0.911943 0.918685 0.923122 0.923874 0.918011 0.903062 0.898701 0.901347 0.885632 0.895183 0.907047 0.901041 0.891767 0.848542 0.814696 0.819578 0.801262 0.761539 0.726955 0.692537 0.637013 0.591351 0.535244 0.491522 0.481218 0.510442 0.535374 0.570229 0.585932 0.577131 0.588956 0.604619 0.626715 0.636479 0.631953 0.614424 0.609073 0.588719 0.599981 0.596132 0.583108 0.570861 0.561422 0.566273 0.565651 0.576865 0.577419 0.577262 0.575423 0.574814 0.575373 0.577128 0.575387 0.577067 0.57915 0.581179 0.509258 0.453725 -9999 -9999
-9999 -9999 -9999 -9999 -9999 -9999 0.851487 0.858855 0.871395 0.898459 0.909869 0.916689 0.917604 0.92085 0.917111 0.903704 0.889841 0.876338 0.857542 0.864707 0.886498 0.895919 0.89005 0.850569 0.849785 0.831132 0.8059 0.757757 0.718227 0.690426 0.636361 0.586837 0.545374 0.494398 0.502659 0.514747 0.534395 0.572678 0.599627 0.61137 0.601097 0.613638 0.63899 0.637726 0.621272 0.619199 0.607036 0.580525 0.598781 0.599963 0.589063 0.584583 0.570823 0.569866 0.572183 0.574738 0.575882 0.574253 0.573329 0.572544 0.57316 0.573089 0.574014 0.575726 0.577652 0.579827 0.534378 0.45068 -9999 -9999
-9999 -9999 -9999 -9999 -9999 -9999 -9999 0.839732 0.864916 0.900391 0.907169 0.908242 0.916539 0.918236 0.912459 0.907315 0.890433 0.86677 0.820333 0.82898 0.848447 0.876799 0.887024 0.874991 0.848055 0.81742 0.761029 0.709436 0.690324 0.669696 0.626477 0.584916 0.540433 0.548651 0.560537 0.576424 0.583781 0.578312 0.601326 0.620607 0.612363 0.627606 0.644884 0.634915 0.627543 0.620168 0.606483 0.601429 0.597528 0.605322 0.590637 0.590498 0.579033 0.574479 0.573755 0.57401 0.575057 0.573655 0.572409 0.572014 0.571717 0.572473 0.573306 0.574577 0.576292 0.578295 0.576669 0.532773 0.508329 -9999
-9999 -9999 -9999 -9999 -9999 -9999 -9999 0.81712 0.831165 0.872899 0.883677 0.903169 0.914097 0.915868 0.905732 0.898888 0.873886 0.865665 0.822322 0.800759 0.812072 0.799441 0.838936 0.871366 0.845204 0.746971 0.702336 0.666112 0.657386 0.6432 0.621317 0.561667 0.537657 0.567603 0.584557 0.597824 0.6084 0.608181 0.607319 0.637411 0.641001 0.65011 0.646685 0.645578 0.627576 0.614638 0.619108 0.605083 0.598514 0.606829 0.588039 0.594639 0.581791 0.574252 0.57056 0.575507 0.574672 0.573708 0.571936 0.571488 0.570927 0.571654 0.572766 0.573882 0.575073 0.57714 0.579187 0.576144 0.555254 0.550502
-9999 -9999 -9999 -9999 -9999 -9999 -9999 -9999 0.792443 0.849588 0.873149 0.88852 0.908886 0.912621 0.901989 0.89388 0.869218 0.846232 0.807198 0.761061 0.734689 0.795719 0.846337 0.867309 0.846255 0.762531 0.721083 0.70596 0.708535 0.680938 0.6572 0.608833 0.587607 0.563963 0.564874 0.582147 0.600567 0.620931 0.636001 0.636947 0.646603 0.650917 0.649741 0.649213 0.644365 0.639181 0.620686 0.626298 0.612827 0.612332 0.604228 0.59643 0.582866 0.570943 0.573775 0.57639 0.575611 0.571747 0.571364 0.57117 0.570742 0.569979 0.572092 0.573022 0.574293 0.575741 0.577892 0.579864 0.580132 0.569085
-9999 -9999 -9999 -9999 -9999 -9999 -9999 -9999 0.763117 0.819953 0.844514 0.880613 0.894504 0.898233 0.900681 0.894396 0.875804 0.845741 0.819034 0.767856 0.713083 0.778987 0.834597 0.859159 0.850177 0.772099 0.775686 0.74913 0.741298 0.703905 0.681334 0.659593 0.631699 0.603619 0.568412 0.550823 0.598685 0.623058 0.642889 0.651944 0.656589 0.658053 0.652401 0.647235 0.621765 0.634795 0.63014 0.623983 0.617358 0.611616 0.605045 0.598253 0.585835 0.582318 0.57405 0.573988 0.570559 0.570647 0.570663 0.570383 0.569821 0.569189 0.568456 0.570347 0.573331 0.574488 0.576143 0.577997 0.580479 0.582858
-9999 -9999 -9999 -9999 -9999 -9999 -9999 -9999 0.68447 0.766003 0.819087 0.855889 0.877265 0.888358 0.894149 0.884541 0.876739 0.854915 0.83268 0.797795 0.745675 0.709961 0.757156 0.824714 0.844357 0.824018 0.810012 0.782139 0.755834 0.741978 0.731475 0.702296 0.657642 0.620292 0.601288 0.587308 0.622293 0.62582 0.621959 0.661772 0.660585 0.656569 0.638682 0.614941 0.614346 0.601857 0.606556 0.589291 0.596707 0.602483 0.601886 0.597285 0.584721 0.574915 0.573138 0.56937 0.56934 0.569224 0.569101 0.568909 0.568473 0.567573 0.566813 0.566547 0.569104 0.569342 0.574208 0.575804 0.578037 0.580288
-9999 -9999 -9999 -9999 -9999 -9999 -9999 -9999 0.675471 0.739494 0.799577 0.82552 0.861706 0.872431 0.88599 0.885308 0.876745 0.857473 0.832129 0.80278 0.757452 0.720982 0.748582 0.793247 0.819627 0.814399 0.80589 0.793411 0.778405 0.751136 0.73709 0.722382 0.697958 0.656632 0.635871 0.608555 0.647603 0.650433 0.642426 0.661613 0.658871 0.625509 0.598892 0.592804 0.599405 0.581047 0.574954 0.565355 0.570982 0.593146 0.572454 0.570635 0.571429 0.572067 0.56688 0.567064 0.567012 0.567035 0.566845 0.566742 0.56646 0.565524 0.564756 0.564128 0.563322 0.567128 0.567481 0.568398 0.574703 0.576866
-9999 -9999 -9999 -9999 -9999 -9999 -9999 -9999 0.662342 0.715926 0.770005 0.810101 0.847943 0.864605 0.876866 0.877992 0.867565 0.857394 0.840603 0.814372 0.793882 0.760639 0.716142 0.769659 0.781585 0.780761 0.761496 0.767477 0.755824 0.737264 0.721407 0.721921 0.704626 0.676212 0.66435 0.648202 0.668623 0.666531 0.663981 0.66084 0.632319 0.593164 0.560972 0.578838 0.570754 0.570924 0.537639 0.548396 0.563949 0.566448 0.554322 0.541306 0.560856 0.558136 0.560772 0.562602 0.56392 0.563673 0.56398 0.563639 0.563213 0.562621 0.561774 0.561046 0.560353 0.559935 0.564476 0.565265 0.566341 0.562445
-9999 -9999 -9999 -9999 -9999 -9999 -9999 -9999 -9999 0.67348 0.726903 0.787868 0.823086 0.845985 0.857889 0.858902 0.853543 0.846089 0.834489 0.814148 0.788203 0.749023 0.717023 0.723405 0.734217 0.718625 0.720079 0.745256 0.74718 0.720068 0.664299 0.672819 0.694973 0.689456 0.682978 0.677018 0.676733 0.671138 0.662034 0.641471 0.58301 0.562609 0.537086 0.535646 0.520111 0.533317 0.521364 0.542431 0.549437 0.549991 0.523455 0.514483 0.533052 0.543421 0.541516 0.548359 0.559435 0.559664 0.559794 0.559439 0.559223 0.558774 0.558083 0.552403 0.551409 0.550729 0.55495 0.555979 0.554991 0.555379
-9999 -9999 -9999 -9999 -9999 -9999 -9999 -9999 -9999 0.641348 0.70843 0.778924 0.803105 0.826861 0.847053 0.848047 0.839377 0.830013 0.819208 0.806024 0.776014 0.745599 0.715242 0.699326 0.69511 0.67954 0.689522 0.726415 0.725874 0.712957 0.645239 0.622887 0.65466 0.681373 0.679635 0.673208 0.632718 0.637951 0.615089 0.584942 0.574438 0.559188 0.530269 0.538602 0.515939 0.519656 0.507593 0.518114 0.521542 0.535395 0.512182 0.497932 0.515502 0.528577 0.528733 0.543064 0.548303 0.549759 0.550091 0.550131 0.549769 0.549369 0.548475 0.547464 0.546472 0.545296 0.543529 0.54396 0.51844 0.519876
-9999 -9999 -9999 -9999 -9999 -9999 -9999 -9999 -9999 0.643977 0.690729 0.752923 0.799272 0.803417 0.825925 0.837244 0.827457 0.815574 0.802419 0.794071 0.762125 0.7265 0.695676 0.659651 0.65616 0.667981 0.68602 0.707001 0.703407 0.688619 0.641155 0.645583 0.665337 0.673832 0.673417 0.666401 0.654872 0.647071 0.62922 0.619772 0.595974 0.560332 0.544055 0.548365 0.510162 0.508572 0.517265 0.494123 0.513131 0.520867 0.492 0.489231 0.512132 0.52375 0.534129 0.539086 0.541098 0.544174 0.544151 0.544154 0.543865 0.543231 0.542534 0.541312 0.540249 0.536905 0.532483 0.507425 0.503797 0.506934
-9999 -9999 -9999 -9999 -9999 -9999 -9999 -9999 -9999 0.646895 0.688671 0.742297 0.775259 0.781728 0.806082 0.827154 0.823706 0.811196 0.805182 0.790461 0.762841 0.731928 0.697834 0.677285 0.638631 0.661094 0.670294 0.687153 0.690584 0.646213 0.628629 0.639343 0.650723 0.652336 0.665317 0.661019 0.651564 0.623323 0.607972 0.609899 0.601452 0.58899 0.563279 0.5587 0.54074 0.531111 0.521829 0.49379 0.502518 0.501088 0.492624 0.502538 0.514007 0.521597 0.528685 0.530415 0.533518 0.537596 0.537759 0.537594 0.537134 0.536657 0.535715 0.533867 0.53227 0.526045 0.51559 0.496564 0.472651 0.495253
-9999 -9999 -9999 -9999 -9999 -9999 -9999 -9999 -9999 0.635546 0.679406 0.724976 0.744308 0.747787 0.791197 0.817167 0.815868 0.808761 0.800027 0.769156 0.766264 0.755535 0.724469 0.681308 0.634004 0.630068 0.639531 0.664663 0.667568 0.609693 0.590533 0.592091 0.612287 0.630378 0.650139 0.651986 0.64073 0.598386 0.553835 0.569571 0.586655 0.583246 0.573935 0.549929 0.539967 0.530619 0.512182 0.486529 0.477801 0.482577 0.485066 0.492853 0.50582 0.516664 0.511779 0.513942 0.524694 0.530754 0.530679 0.530415 0.53017 0.529498 0.52855 0.525585 0.522531 0.517869 0.490917 0.474291 0.45234 0.485889
-9999 -9999 -9999 -9999 -9999 -9999 -9999 -9999 -9999 0.618124 0.64992 0.693159 0.71065 0.738031 0.778705 0.797955 0.806082 0.803643 0.796797 0.780957 0.769228 0.749652 0.717766 0.67567 0.629044 0.595784 0.601072 0.631584 0.622174 0.578212 0.555158 0.567148 0.58883 0.624698 0.643258 0.641719 0.635271 0.623389 0.589769 0.55011 0.54697 0.561973 0.543616 0.522809 0.52942 0.524517 0.506579 0.49274 0.476616 0.469243 0.46858 0.474125 0.489228 0.51216 0.514902 0.513686 0.523213 0.523287 0.523101 0.523041 0.522562 0.521975 0.521165 0.518714 0.513886 0.495726 0.479955 0.458264 0.455651 0.488036
-9999 -9999 -9999 -9999 -9999 -9999 -9999 -9999 -9999 0.591532 0.628577 0.668863 0.706325 0.741423 0.771174 0.772319 0.786645 0.784274 0.7897 0.783606 0.767927 0.750677 0.722458 0.670291 0.624825 0.575395 0.578603 0.611221 0.589701 0.561104 0.515755 0.546894 0.582571 0.614864 0.630065 0.608583 0.620786 0.615293 0.600323 0.575326 0.538593 0.536227 0.508194 0.504286 0.514426 0.515858 0.510951 0.500091 0.488537 0.468341 0.461202 0.462574 0.476332 0.493838 0.511041 0.513361 0.516169 0.515751 0.515284 0.515069 0.514628 0.513791 0.512422 0.509956 0.494657 0.476581 0.46537 0.450121 0.448158 0.479841
