Test_Spring_2018/03_18/Prec/20180304_011.txt
ncols	170
nrows	115
xllcorner	350000.000000
yllcorner	4445000.000000
cellsize	1000.000000
nodata_value	-9999.000000
[rows 34 to 67 of 115, columns 78 to 155 of 170]
0.230574 0.228958 0.226978 0.225147 0.223311 0.2217 0.220182 0.218681 0.217193 0.215771 0.213974 0.214488 0.214987 0.214979 0.215085 0.215052 0.214788 0.215726 0.216231 0.204084 0.196965 0.196596 0.196484 -9999 -9999 -9999 -9999 -9999 -9999 -9999 -9999 -9999 -9999 -9999 -9999 -9999 -9999 -9999 -9999 -9999 -9999 -9999 -9999 -9999 -9999 -9999 -9999 -9999 -9999 -9999 -9999 -9999 -9999 -9999 -9999 -9999 -9999 -9999 -9999 -9999 -9999 -9999 -9999 -9999 -9999 -9999 -9999 -9999 -9999 -9999 -9999 -9999 -9999 -9999 -9999 -9999 -9999 -9999
0.227588 0.225541 0.223593 0.221622 0.219632 0.217444 0.215974 0.214788 0.213447 0.211882 0.210539 0.210039 0.210918 0.211259 0.211392 0.211896 0.211729 0.212365 0.212662 0.206622 0.195546 0.192999 0.192552 0.191689 -9999 -9999 -9999 -9999 -9999 -9999 -9999 -9999 -9999 -9999 -9999 -9999 -9999 -9999 -9999 -9999 -9999 -9999 -9999 -9999 -9999 -9999 -9999 -9999 -9999 -9999 -9999 -9999 -9999 -9999 -9999 -9999 -9999 -9999 -9999 -9999 -9999 -9999 -9999 -9999 -9999 -9999 -9999 -9999 -9999 -9999 -9999 -9999 -9999 -9999 -9999 -9999 -9999 -9999
0.224329 0.222166 0.220075 0.217915 0.215538 0.21357 0.212018 0.210472 0.208993 0.207964 0.206952 0.206157 0.206353 0.207332 0.207239 0.208183 0.208527 0.209024 0.208979 0.197711 0.191574 0.188859 0.188253 0.187298 -9999 -9999 -9999 -9999 -9999 -9999 -9999 -9999 -9999 -9999 -9999 -9999 -9999 -9999 -9999 -9999 -9999 -9999 -9999 -9999 -9999 -9999 -9999 -9999 -9999 -9999 -9999 -9999 -9999 -9999 -9999 -9999 -9999 -9999 -9999 -9999 -9999 -9999 -9999 -9999 -9999 -9999 -9999 -9999 -9999 -9999 -9999 -9999 -9999 -9999 -9999 -9999 -9999 -9999
0.221079 0.218632 0.21642 0.214039 0.211682 0.209589 0.207716 0.206096 0.204659 0.203512 0.202561 0.202359 0.202976 0.203255 0.203545 0.204097 0.204842 0.205193 0.199529 0.193537 0.192886 0.184558 0.183599 0.183031 0.181945 -9999 -9999 -9999 -9999 -9999 -9999 -9999 -9999 -9999 -9999 -9999 -9999 0.163353 -9999 -9999 -9999 -9999 -9999 -9999 -9999 -9999 -9999 -9999 -9999 -9999 -9999 -9999 -9999 -9999 -9999 -9999 -9999 -9999 0 -9999 -9999 -9999 -9999 -9999 -9999 -9999 -9999 -9999 -9999 -9999 -9999 -9999 -9999 -9999 -9999 -9999 -9999 -9999
0.221702 0.215183 0.212733 0.210076 0.207498 0.205163 0.202991 0.201382 0.200023 0.198831 0.198355 0.198476 0.198782 0.199307 0.199927 0.200495 0.200972 0.201321 0.19127 0.190767 0.190229 0.184298 0.181041 0.179776 0.178125 0.176538 -9999 -9999 -9999 -9999 -9999 -9999 -9999 0.168392 0.166699 0.164771 0.162672 0.160514 0.157279 -9999 -9999 -9999 -9999 -9999 -9999 -9999 -9999 -9999 -9999 -9999 -9999 -9999 -9999 -9999 -9999 -9999 -9999 -9999 0 0 -9999 -9999 -9999 -9999 -9999 -9999 -9999 -9999 -9999 -9999 -9999 -9999 -9999 -9999 -9999 -9999 -9999 -9999
0.215143 0.211929 0.208935 0.206064 0.203277 0.200668 0.198356 0.196672 0.195163 0.194249 0.193824 0.194137 0.194585 0.195124 0.195772 0.196467 0.196909 0.197467 0.188201 0.187829 0.187018 0.185947 0.178204 0.17629 0.174264 0.172343 -9999 -9999 -9999 -9999 -9999 -9999 0.166488 0.165594 0.164334 0.162078 0.16037 0.158243 0.155281 0.141937 -9999 -9999 -9999 -9999 -9999 -9999 -9999 -9999 -9999 -9999 -9999 -9999 -9999 -9999 0 0 0 0 0 0 -9999 -9999 -9999 -9999 -9999 -9999 -9999 -9999 -9999 -9999 -9999 -9999 -9999 -9999 -9999 -9999 -9999 -9999
0.212263 0.204525 0.205313 0.202039 0.19894 0.196161 0.193796 0.191719 0.190321 0.189204 0.189337 0.18956 0.190077 0.190586 0.191433 0.191839 0.192488 0.184361 0.185051 0.184579 0.183406 0.181747 0.177576 0.172765 0.171248 0.169327 -9999 -9999 -9999 -9999 -9999 -9999 0.163725 0.163019 0.162027 0.160438 0.15794 0.156163 0.144375 0.140283 0.136188 0.132282 0.128129 0.12223 0.11713 0.113467 0.109862 0.10698 -9999 -9999 -9999 -9999 0 0 0 0 0 0 0 0 -9999 -9999 -9999 -9999 -9999 -9999 -9999 -9999 -9999 -9999 -9999 -9999 -9999 -9999 -9999 -9999 -9999 -9999
0.209576 0.201519 0.201691 0.197012 0.193736 0.190836 0.188395 0.18642 0.184925 0.184263 0.184122 0.184383 0.184474 0.184716 0.186221 0.187819 0.183544 0.181396 0.182053 0.181515 0.180113 0.17823 0.174729 0.170372 0.168627 0.166334 -9999 -9999 -9999 0.162614 0.162352 0.161607 0.160954 0.160548 0.159786 0.158647 0.156904 0.151571 0.142943 0.138713 0.134126 0.129856 0.126055 0.121732 0.114953 0.111175 0.107511 0.104038 0.101704 0 0 0 0 0 0 0 0 0 0 0 -9999 -9999 -9999 -9999 -9999 -9999 -9999 -9999 -9999 -9999 -9999 -9999 -9999 -9999 -9999 -9999 -9999 -9999
0.205477 0.201226 0.193491 0.193368 0.189812 0.186438 0.183971 0.181927 0.18055 0.179827 0.179725 0.179717 0.179932 0.180434 0.181488 0.179191 0.179723 0.17754 0.178208 0.178632 0.176859 0.175044 0.173786 0.170387 0.165593 0.163472 -9999 -9999 0.160194 0.160455 0.160508 0.160247 0.159684 0.158876 0.158328 0.156948 0.15564 0.150603 0.141958 0.138152 0.1327 0.128229 0.122361 0.117909 0.112451 0.108185 0.104819 0.101847 0 0 0 0 0 0 0 0 0 0 0 0 -9999 -9999 -9999 -9999 -9999 -9999 -9999 -9999 -9999 -9999 -9999 -9999 -9999 -9999 -9999 -9999 -9999 -9999
0.199774 0.198635 0.190552 0.186755 0.186124 0.182557 0.17962 0.177679 0.17629 0.175662 0.175747 0.175965 0.176581 0.177186 0.178273 0.176084 0.177092 0.174088 0.17452 0.174303 0.17371 0.172986 0.17202 0.168276 0.166351 0.161945 0.160205 -9999 0.158471 0.158215 0.158533 0.158785 0.158725 0.157834 0.15744 0.156173 0.152539 0.14972 0.141493 0.135446 0.131039 0.126375 0.122062 0.116291 0.110472 0.106468 0.102616 0 0 0 0 0 0 0 0 0 0 0 0 0 -9999 -9999 -9999 -9999 -9999 -9999 -9999 -9999 -9999 -9999 -9999 -9999 -9999 -9999 -9999 -9999 -9999 -9999
0.197881 0.193308 0.18577 0.184149 0.180319 0.179166 0.175786 0.173592 0.17227 0.171948 0.172184 0.173069 0.174181 0.174811 0.173509 0.17411 0.174623 0.172453 0.172835 0.173304 0.172753 0.171465 0.169819 0.166124 0.164563 0.162486 0.158552 0.157637 0.157329 0.157071 0.157201 0.157745 0.157966 0.157646 0.156835 0.154096 0.152089 0.14721 0.13937 0.134953 0.130114 0.125227 0.120264 0.115567 0.109667 0.104364 0.100789 0 0 0 0 0 0 0 0 0 0 0 0 0 -9999 -9999 -9999 -9999 -9999 -9999 -9999 -9999 -9999 -9999 -9999 -9999 -9999 -9999 -9999 -9999 -9999 -9999
0.195738 0.191077 0.183716 0.179805 0.17645 0.174498 0.172792 0.170119 0.169066 0.168713 0.169211 0.170294 0.171872 0.170712 0.171799 0.172939 0.173559 0.172173 0.17266 0.172528 0.171836 0.170052 0.167952 0.163919 0.161632 0.160199 0.158424 0.15671 0.15631 0.156661 0.156898 0.156827 0.156636 0.157056 0.155302 0.152398 0.150179 0.146781 0.139125 0.134337 0.129549 0.124437 0.119248 0.113379 0.107856 0.103411 0 0 0 0 0 0 0 0 0 0 0 0 0 0 -9999 -9999 -9999 -9999 -9999 -9999 -9999 -9999 -9999 -9999 -9999 -9999 -9999 -9999 -9999 -9999 -9999 -9999
0.194094 0.189245 0.182095 0.178223 0.174759 0.171758 0.169224 0.168019 0.166541 0.166172 0.166229 0.167695 0.168601 0.170142 0.171742 0.172482 0.1713 0.172332 0.172443 0.171645 0.170586 0.169164 0.166905 0.163182 0.160786 0.158633 0.157334 0.157126 0.15666 0.157109 0.157194 0.1567 0.156622 0.155271 0.154363 0.152631 0.149982 0.146428 0.138793 0.13368 0.129021 0.123783 0.118236 0.112763 0.106476 0.102124 0 0 0 0 0 0 0 0 0 0 0 0 0 0 -9999 -9999 -9999 -9999 -9999 -9999 -9999 -9999 -9999 -9999 -9999 -9999 -9999 -9999 -9999 -9999 -9999 -9999
0.192649 0.188205 0.180914 0.177053 0.173526 0.17062 0.168176 0.166172 0.164997 0.164261 0.164069 0.165177 0.167111 0.169047 0.170741 0.171575 0.171273 0.171717 0.171647 0.170635 0.169452 0.1682 0.165993 0.162239 0.160257 0.157991 0.157217 0.15666 0.156471 0.156872 0.15728 0.157213 0.156206 0.155475 0.154586 0.152504 0.149467 0.146187 0.138364 0.132978 0.128376 0.123155 0.117563 0.112194 0.105746 0.10121 0 0 0 0 0 0 0 0 0 0 0 0 0 0 -9999 -9999 -9999 -9999 -9999 -9999 -9999 -9999 -9999 -9999 -9999 -9999 -9999 -9999 -9999 -9999 -9999 -9999
0.191609 0.187431 0.180105 0.176194 0.17294 0.170082 0.16766 0.165914 0.164541 0.163625 0.162816 0.163934 0.165771 0.168118 0.170146 0.17159 0.170607 0.170706 0.169833 0.168713 0.168026 0.166963 0.165054 0.161549 0.159563 0.158827 0.158223 0.157833 0.157403 0.156845 0.157137 0.157228 0.15634 0.155628 0.154481 0.152118 0.149235 0.14576 0.137876 0.132971 0.127793 0.122715 0.117021 0.111759 0.105379 0.100775 0 0 0 0 0 0 0 0 0 0 0 0 0 0 0 -9999 -9999 -9999 -9999 -9999 -9999 -9999 -9999 -9999 -9999 -9999 -9999 -9999 -9999 -9999 -9999 -9999
0.190109 0.18625 0.179135 0.175844 0.172811 0.170087 0.167661 0.165967 0.164204 0.163688 0.162656 0.163471 0.165007 0.16623 0.168848 0.171256 0.170149 0.168502 0.167853 0.167071 0.166629 0.165741 0.164398 0.160483 0.159077 0.158959 0.158561 0.158177 0.157874 0.157291 0.15705 0.157447 0.156665 0.155748 0.154038 0.151844 0.148667 0.145041 0.137586 0.132498 0.127312 0.122318 0.116608 0.111603 0.105267 0.100676 0 0 0 0 0 0 0 0 0 0 0 0 0 0 0 0 0 -9999 -9999 -9999 -9999 -9999 -9999 -9999 -9999 -9999 -9999 -9999 -9999 -9999 -9999 -9999
0.188643 0.18542 0.178756 0.175595 0.173 0.170496 0.167158 0.165837 0.16452 0.163615 0.162632 0.161723 0.163683 0.166539 0.169247 0.171196 0.169982 0.168573 0.167916 0.167602 0.167421 0.166223 0.164884 0.161251 0.159993 0.158643 0.157928 0.157216 0.156946 0.157257 0.15737 0.156993 0.1566 0.155067 0.153369 0.151167 0.148316 0.144917 0.136892 0.132406 0.127192 0.122141 0.116864 0.11168 0.105465 0.10091 0 0 0 0 0 0 0 0 0 0 0 0 0 0 0 0 0 0 -9999 -9999 -9999 -9999 -9999 -9999 -9999 -9999 -9999 -9999 -9999 -9999 -9999 -9999
0.187494 0.184592 0.1781 0.175726 0.170838 0.169124 0.167714 0.166482 0.165316 0.164201 0.16345 0.162323 0.161267 0.164488 0.169428 0.171253 0.172125 0.168627 0.168976 0.168322 0.167866 0.166444 0.165183 0.162182 0.160833 0.15945 0.157071 0.155467 0.156446 0.156814 0.156984 0.156731 0.156134 0.15514 0.153575 0.150144 0.14683 0.143962 0.136281 0.131693 0.126859 0.121911 0.116912 0.111995 0.105994 0.101836 0 0 0 0 0 0 0 0 0 0 0 0 0 0 0 0 0 0 0 0 0 -9999 -9999 -9999 -9999 -9999 -9999 -9999 -9999 -9999 -9999 -9999
0.185146 0.183224 0.174095 0.172457 0.170911 0.169452 0.168222 0.166959 0.166061 0.165109 0.164394 0.163566 0.162459 0.161845 0.165031 0.167173 0.172182 0.169814 0.169626 0.168876 0.167944 0.167114 0.166195 0.162962 0.159835 0.158515 0.156395 0.155829 0.156447 0.156242 0.155755 0.156173 0.15535 0.154152 0.152245 0.149706 0.14728 0.142222 0.134783 0.130161 0.125935 0.12155 0.116987 0.112412 0.106623 0 0 0 0 0 0 0 0 0 0 0 0 0 0 0 0 0 0 0 0 0 0 0 -9999 -9999 -9999 -9999 -9999 -9999 -9999 -9999 -9999 -9999
0.180678 0.174717 0.173548 0.171915 0.170905 0.169591 0.168657 0.167669 0.166762 0.165839 0.16498 0.164193 0.163142 0.162392 0.163256 0.166733 0.167661 0.165087 0.169394 0.168958 0.168278 0.165271 0.164423 0.161505 0.160547 0.157434 0.156667 0.155728 0.156386 0.156089 0.155416 0.155243 0.154304 0.152329 0.150179 0.148153 0.145849 0.142599 0.134745 0.128889 0.124911 0.121236 0.110286 0.106382 0.10135 0 0 0 0 0 0 0 0 0 0 0 0 0 0 0 0 0 0 0 0 0 0 0 0 -9999 -9999 -9999 -9999 -9999 -9999 -9999 -9999 -9999
0.178094 0.173619 0.172606 0.171572 0.170809 0.1698 0.168945 0.168064 0.16713 0.166409 0.165704 0.164914 0.164377 0.163603 0.162597 0.164009 0.166954 0.164246 0.161242 0.161052 0.160415 0.159604 0.1615 0.16121 0.158319 0.157334 0.156741 0.156018 0.156147 0.15565 0.155026 0.154224 0.152585 0.150423 0.148125 0.146716 0.14431 0.141407 0.13287 0.123112 0.119429 0.11543 0.110128 0.106202 0.101757 0 0 0 0 0 0 0 0 0 0 0 0 0 0 0 0 0 0 0 0 0 0 0 0 0 -9999 -9999 -9999 -9999 -9999 -9999 -9999 -9999
-9999 0.169868 0.169184 0.168995 0.168433 0.167805 0.167122 0.166362 0.165611 0.164949 0.164302 0.163533 0.162701 0.161599 0.160712 0.160794 0.163873 0.16049 0.160177 0.160425 0.16009 0.159038 0.154444 0.152235 0.152714 0.152517 0.15227 0.15197 0.15556 0.154898 0.154033 0.152731 0.150302 0.144318 0.141875 0.139689 0.136833 0.133726 0.125458 0.122322 0.118755 0.115027 0.110712 0.105236 0 0 0 0 0 0 0 0 0 0 0 0 0 0 0 0 0 0 0 0 0 0 0 0 0 0 0 -9999 -9999 -9999 -9999 -9999 -9999 -9999
-9999 0.16809 0.16806 0.168335 0.167685 0.167216 0.166833 0.166135 0.165334 0.164634 0.163996 0.163381 0.162418 0.161498 0.160618 0.16012 0.15993 0.15952 0.159382 0.159889 0.159468 0.158738 0.151144 0.150415 0.151025 0.151501 0.151244 0.150806 0.149428 0.14903 0.14776 0.146092 0.144655 0.142828 0.140378 0.138552 0.135685 0.133204 0.124241 0.12114 0.117785 0.114676 0.110718 0.105306 0 0 0 0 0 0 0 0 0 0 0 0 0 0 0 0 0 0 0 0 0 0 0 0 0 0 0 -9999 -9999 -9999 -9999 -9999 -9999 -9999
-9999 0.166992 0.16674 0.167042 0.16712 0.166314 0.166096 0.165727 0.164947 0.164211 0.163525 0.163025 0.162003 0.160938 0.160028 0.159019 0.158829 0.15903 0.159252 0.159347 0.158832 0.158036 0.150585 0.150438 0.150662 0.150591 0.150259 0.149698 0.148928 0.148121 0.146905 0.145704 0.143934 0.141636 0.139565 0.137747 0.134643 0.132211 0.129829 0.120047 0.117336 0.114334 0.110481 0.101617 0 0 0 0 0 0 0 0 0 0 0 0 0 0 0 0 0 0 0 0 0 0 0 0 0 0 0 -9999 -9999 -9999 -9999 -9999 -9999 -9999
-9999 0.165709 0.165605 0.165923 0.16586 0.165261 0.165205 0.165162 0.164601 0.163893 0.163408 0.162766 0.161856 0.160906 0.159911 0.159277 0.158219 0.158677 0.158821 0.158802 0.158447 0.15063 0.149885 0.14983 0.149777 0.149456 0.149367 0.148785 0.147984 0.146603 0.145394 0.14444 0.143041 0.141338 0.139092 0.137146 0.134658 0.132176 0.129527 0.119628 0.116885 0.113874 0.106597 0.102008 0 0 0 0 0 0 0 0 0 0 0 0 0 0 0 0 0 0 0 0 0 0 0 0 0 0 0 0 0 -9999 -9999 -9999 -9999 0
-9999 0.163911 0.164122 0.164467 0.164256 0.163737 0.164272 0.164446 0.164014 0.163494 0.162984 0.161975 0.161691 0.16125 0.160339 0.159156 0.157891 0.157707 0.154665 0.158197 0.157826 0.149456 0.148636 0.148312 0.148423 0.148446 0.148459 0.147963 0.147056 0.145276 0.14331 0.142671 0.141895 0.140432 0.138633 0.136278 0.134079 0.131717 0.128977 0.120572 0.116145 0.113458 0.104348 0.101806 0 0 0 0 0 0 0 0 0 0 0 0 0 0 0 0 0 0 0 0 0 0 0 0 0 0 0 0 0 0 0 0 0 0
-9999 0.161839 0.162011 0.162519 0.162449 0.162671 0.163267 0.163381 0.163263 0.162924 0.162512 0.161913 0.161444 0.16081 0.159899 0.158758 0.157525 0.156634 0.1567 0.157337 0.153562 0.148481 0.147544 0.147448 0.147562 0.147984 0.147926 0.147305 0.146476 0.145407 0.143681 0.141666 0.140391 0.139392 0.137399 0.135168 0.133437 0.131261 0.128625 0.125974 0.116044 0.108623 0.103875 0.101361 0 0 0 0 0 0 0 0 0 0 0 0 0 0 0 0 0 0 0 0 0 0 0 0 0 0 0 0 0 0 0 0 0 0
-9999 0.159459 0.160012 0.160665 0.161269 0.161836 0.162293 0.16207 0.162192 0.161927 0.161875 0.161562 0.161036 0.160492 0.159698 0.158335 0.157152 0.155885 0.15592 0.153319 0.149008 0.147941 0.14645 0.146814 0.147258 0.147576 0.147418 0.146289 0.145897 0.144967 0.143683 0.142017 0.139913 0.138492 0.136273 0.134478 0.132863 0.130882 0.128613 0.126091 0.117931 0.108477 0.103646 0.101078 0 0 0 0 0 0 0 0 0 0 0 0 0 0 0 0 0 0 0 0 0 0 0 0 0 0 0 0 0 0 0 0 0 0
-9999 -9999 0.158323 0.159218 0.15983 0.159879 0.160377 0.160559 0.16065 0.160518 0.161111 0.160951 0.160568 0.160084 0.159402 0.158337 0.157528 0.156325 0.155399 0.148927 0.1478 0.147488 0.146834 0.14667 0.147069 0.147481 0.146919 0.14552 0.144809 0.144046 0.143345 0.142046 0.139642 0.137635 0.135563 0.134135 0.132564 0.130575 0.128388 0.12601 0.113364 0.106076 0.103847 0.101579 0 0 0 0 0 0 0 0 0 0 0 0 0 0 0 0 0 0 0 0 0 0 0 0 0 0 0 0 0 0 0 0 0 0
-9999 -9999 0.156417 0.157679 0.157965 0.15794 0.157508 0.15761 0.158946 0.159111 0.159728 0.160291 0.160071 0.159626 0.159005 0.15831 0.157333 0.156028 0.154948 0.147124 0.144759 0.148108 0.147732 0.147454 0.147477 0.146975 0.145636 0.144281 0.143843 0.143167 0.142983 0.141995 0.140551 0.13843 0.136045 0.133858 0.132386 0.130347 0.128138 0.125799 0.117908 0.108426 0.103868 0.10152 0 0 0 0 0 0 0 0 0 0 0 0 0 0 0 0 0 0 0 0 0 0 0 0 0 0 0 0 0 0 0 0 0 0
-9999 -9999 -9999 -9999 -9999 -9999 -9999 0.156719 0.157001 0.158003 0.158789 0.15968 0.159546 0.159168 0.158741 0.15783 0.156838 0.156521 0.15224 0.147177 0.144845 0.148048 0.147979 0.147599 0.147238 0.146377 0.145178 0.143701 0.143351 0.143304 0.143185 0.142054 0.140796 0.138988 0.136843 0.133894 0.13238 0.130237 0.127993 0.125561 0.115692 0.108383 0.103752 0.101065 0 0 0 0 0 0 0 0 0 0 0 0 0 0 0 0 0 0 0 0 0 0 0 0 0 0 0 0 0 0 0 0 0 0
-9999 -9999 -9999 -9999 -9999 -9999 -9999 0.154999 0.154954 0.157222 0.158134 0.158949 0.158988 0.158618 0.158152 0.157606 0.156989 0.156159 0.148022 0.146999 0.147724 0.147935 0.14769 0.147149 0.146206 0.145643 0.144459 0.143435 0.14358 0.143562 0.143371 0.142407 0.141064 0.139518 0.13686 0.134187 0.132239 0.130089 0.127916 0.120007 0.115442 0.112736 0.103631 0.10115 0 0 0 0 0 0 0 0 0 0 0 0 0 0 0 0 0 0 0 0 0 0 0 0 0 0 0 0 0 0 0 0 -9999 -9999
-9999 -9999 -9999 -9999 -9999 -9999 -9999 -9999 0.153841 0.155939 0.157307 0.158293 0.158493 0.15825 0.157892 0.157389 0.156754 0.156259 0.148484 0.147145 0.14695 0.144421 0.147042 0.146626 0.145473 0.144672 0.144274 0.143974 0.143968 0.144083 0.143854 0.142965 0.140982 0.14002 0.138112 0.135526 0.132885 0.130172 0.127868 0.118416 0.115222 0.112341 0.105666 0.100587 0 0 0 0 0 0 0 0 0 0 0 0 0 0 0 0 0 0 0 0 0 0 0 0 0 0 0 0 0 0 0 -9999 -9999 -9999
-9999 -9999 -9999 -9999 -9999 -9999 -9999 -9999 0.153709 0.154896 0.15667 0.157564 0.158053 0.157904 0.157602 0.157294 0.156806 0.150045 0.148683 -9999 -9999 -9999 -9999 -9999 -9999 0.14429 0.145195 0.145595 0.145296 0.145047 0.144707 0.143774 0.141929 0.139804 0.138731 0.1365 0.133941 0.130955 0.126729 0.118236 0.115113 0.112182 0.109196 0.100167 0 0 0 0 0 0 0 0 0 0 0 0 0 0 0 0 0 0 0 0 0 0 0 0 0 0 0 0 0 0 -9999 -9999 -9999 -9999
