Test_Spring_2018/03_18/Prec/20180322_000.txt
ncols	170
nrows	115
xllcorner	350000.000000
yllcorner	4445000.000000
cellsize	1000.000000
nodata_value	-9999.000000
[rows 31 to 61 of 115, columns 70 to 139 of 170]
0 0 0 0 0 0 0 0.102641 0.147177 0.153727 0.161775 0.167998 0.174961 0.183068 0.189236 0.199699 0.222822 0.223075 0.226931 0.238657 0.242955 0.246229 0.259256 0.281262 0.296998 0.316576 0.32904 0.356437 0.374352 -9999 -9999 -9999 -9999 -9999 -9999 -9999 -9999 -9999 -9999 -9999 -9999 -9999 -9999 -9999 -9999 -9999 -9999 -9999 -9999 -9999 -9999 -9999 -9999 -9999 -9999 -9999 -9999 -9999 -9999 -9999 -9999 -9999 -9999 -9999 -9999 -9999 -9999 -9999 -9999 -9999
0 0 0 0 0 0 0.101448 0.14084 0.14884 0.154918 0.162287 0.171475 0.178182 0.184792 0.19082 0.200679 0.219048 0.236479 0.236498 0.243209 0.255087 0.25569 0.268928 0.28954 0.315275 0.318394 0.332281 0.3725 0.384488 -9999 -9999 -9999 -9999 -9999 -9999 -9999 -9999 -9999 -9999 -9999 -9999 -9999 -9999 -9999 -9999 -9999 -9999 -9999 -9999 -9999 -9999 -9999 -9999 -9999 -9999 -9999 -9999 -9999 -9999 -9999 -9999 -9999 -9999 -9999 -9999 -9999 -9999 -9999 -9999 -9999
0 0 0 0 0 0 0 0.140749 0.150422 0.155966 0.162468 0.169747 0.176656 0.183551 0.192653 0.203462 0.220283 0.239658 0.249267 0.249988 0.257593 0.265252 0.278504 0.293532 0.311972 0.317768 0.327752 0.349962 0.384164 0.417396 -9999 -9999 -9999 -9999 -9999 -9999 -9999 -9999 -9999 -9999 -9999 -9999 -9999 -9999 -9999 -9999 -9999 -9999 -9999 -9999 -9999 -9999 -9999 -9999 -9999 -9999 -9999 -9999 -9999 -9999 -9999 -9999 -9999 -9999 -9999 -9999 -9999 -9999 -9999 -9999
0 0 0 0 0 0 0.133407 0.150505 0.156256 0.157164 0.163418 0.169463 0.177364 0.184741 0.193308 0.204103 0.217298 0.232351 0.254364 0.252561 0.253536 0.262841 0.273246 0.287422 0.306207 0.312837 0.325695 0.348982 0.403779 0.421293 0.434755 -9999 -9999 -9999 -9999 -9999 -9999 -9999 -9999 -9999 -9999 -9999 -9999 -9999 -9999 -9999 -9999 -9999 -9999 -9999 -9999 -9999 -9999 -9999 -9999 -9999 -9999 -9999 -9999 -9999 -9999 -9999 -9999 -9999 -9999 -9999 -9999 -9999 -9999 -9999
-9999 0 0 0 0 0 0.12391 0.144402 0.155094 0.159764 0.164209 0.170254 0.178253 0.190652 0.197268 0.203353 0.21415 0.230563 0.247542 0.257909 0.255411 0.261806 0.273039 0.28215 0.300689 0.311352 0.326741 0.342962 0.38322 0.422669 0.438709 0.457633 -9999 -9999 -9999 -9999 -9999 -9999 -9999 -9999 -9999 -9999 -9999 -9999 -9999 -9999 -9999 -9999 -9999 -9999 -9999 -9999 -9999 -9999 -9999 -9999 -9999 -9999 -9999 -9999 -9999 -9999 -9999 -9999 -9999 -9999 -9999 -9999 -9999 -9999
-9999 -9999 -9999 -9999 0 0.127529 0.13469 0.14762 0.156234 0.160459 0.1645 0.170534 0.180793 0.188603 0.194376 0.203198 0.214691 0.224645 0.238072 0.25259 0.259114 0.259703 0.275188 0.280903 0.295085 0.308536 0.328658 0.367206 0.394103 0.433506 0.450857 0.470081 -9999 -9999 -9999 -9999 -9999 -9999 -9999 -9999 -9999 -9999 -9999 -9999 -9999 -9999 -9999 -9999 -9999 -9999 -9999 -9999 -9999 -9999 -9999 -9999 -9999 -9999 -9999 -9999 -9999 -9999 -9999 -9999 -9999 -9999 -9999 -9999 -9999 -9999
-9999 -9999 -9999 -9999 -9999 0.128124 0.136325 0.136598 0.156966 0.162064 0.164883 0.170701 0.177998 0.184704 0.191975 0.199976 0.209937 0.220882 0.233944 0.242669 0.245927 0.256484 0.269773 0.282215 0.293931 0.3109 0.333635 0.378247 0.40235 0.449796 0.471425 0.486182 0.504329 -9999 -9999 -9999 -9999 -9999 -9999 -9999 -9999 -9999 -9999 -9999 -9999 0.500291 -9999 -9999 -9999 -9999 -9999 -9999 -9999 -9999 -9999 -9999 -9999 -9999 -9999 -9999 -9999 -9999 -9999 -9999 -9999 -9999 0.387661 -9999 -9999 -9999
-9999 -9999 -9999 -9999 0 0.128083 0.132184 0.135294 0.152141 0.162349 0.164686 0.170353 0.176932 0.183417 0.191556 0.197473 0.205327 0.216403 0.224491 0.230753 0.239472 0.249623 0.261839 0.276926 0.294448 0.313929 0.350488 0.375604 0.399439 0.42942 0.472519 0.495919 0.521037 0.542678 -9999 -9999 -9999 -9999 -9999 -9999 -9999 0.557881 0.550727 0.54137 0.528924 0.512164 0.503083 -9999 -9999 -9999 -9999 -9999 -9999 -9999 -9999 -9999 -9999 -9999 -9999 -9999 -9999 -9999 -9999 -9999 -9999 -9999 0.380293 0.383996 -9999 -9999
-9999 -9999 -9999 -9999 0.122009 0.125483 0.131148 0.134832 0.139937 0.160583 0.165405 0.169688 0.174931 0.181127 0.18796 0.192539 0.20077 0.208259 0.21633 0.22186 0.231209 0.244038 0.259146 0.27616 0.297397 0.317566 0.352013 0.3776 0.406182 0.435226 0.481423 0.513544 0.544082 0.570572 -9999 -9999 -9999 -9999 -9999 -9999 0.587914 0.576631 0.564618 0.55873 0.54104 0.522678 0.508677 0.500008 -9999 -9999 -9999 -9999 -9999 -9999 -9999 -9999 -9999 -9999 -9999 -9999 -9999 -9999 0.354591 0.359414 0.371345 0.376236 0.377937 0.381109 -9999 -9999
-9999 -9999 -9999 -9999 0.120682 0.124029 0.128999 0.134133 0.14143 0.150825 0.164388 0.169011 0.173696 0.178082 0.182324 0.18901 0.194529 0.203948 0.206301 0.214534 0.225627 0.242005 0.258471 0.282644 0.305333 0.339319 0.356905 0.386102 0.420955 0.458487 0.517438 0.536714 0.563098 0.591169 -9999 -9999 -9999 -9999 -9999 -9999 0.613694 0.600401 0.584989 0.570567 0.560466 0.535992 0.521422 0.506786 0.48908 0.467498 0.448585 0.445257 0.420028 0.40499 0.394851 0.382518 -9999 -9999 -9999 -9999 0.353432 0.350856 0.348814 0.35008 0.363773 0.372322 0.379382 0.375368 -9999 -9999
-9999 -9999 -9999 -9999 0.114735 0.120764 0.128263 0.136765 0.142227 0.152004 0.164381 0.163027 0.16754 0.171239 0.174537 0.17863 0.18436 0.188277 0.194087 0.202782 0.220092 0.241157 0.251865 0.283363 0.327129 0.341597 0.362678 0.395482 0.435498 0.477803 0.530393 0.551648 0.582827 0.613413 -9999 -9999 -9999 0.659174 0.654952 0.652244 0.643868 0.627446 0.609314 0.590106 0.569269 0.564972 0.533565 0.515976 0.499111 0.476841 0.449134 0.429089 0.415784 0.399195 0.387754 0.365448 0.355138 0.34764 0.342581 0.339535 0.337055 0.334925 0.333577 0.334743 0.356782 0.363142 0.366093 0.376398 -9999 -9999
-9999 -9999 -9999 -9999 0.111245 0.117984 0.125171 0.130439 0.138401 0.143655 0.153029 0.162616 0.166166 0.171484 0.171869 0.174342 0.177285 0.18156 0.187694 0.20127 0.219828 0.241269 0.260936 0.285626 0.315584 0.337403 0.35985 0.405802 0.450589 0.493628 0.526741 0.576998 0.608485 0.643173 -9999 -9999 0.694079 0.689046 0.682484 0.675009 0.665796 0.653514 0.631794 0.612726 0.585705 0.579113 0.552278 0.527605 0.50408 0.47862 0.437859 0.418053 0.404321 0.381766 0.368014 0.357385 0.347607 0.340975 0.336328 0.333236 0.332136 0.330349 0.32926 0.329929 0.33862 0.341737 0.342719 0.362681 -9999 -9999
-9999 -9999 -9999 -9999 0.105012 0.111611 0.117835 0.126521 0.132706 0.144697 0.155928 0.157562 0.165068 0.168961 0.171661 0.170657 0.172394 0.175274 0.180022 0.192754 0.20931 0.232807 0.255771 0.286481 0.31423 0.354539 0.381605 0.414239 0.44875 0.481943 0.535786 0.592273 0.629011 0.661439 0.691429 -9999 0.721746 0.724414 0.716138 0.703501 0.688596 0.676613 0.651732 0.629219 0.614763 0.592123 0.55937 0.517383 0.491849 0.468218 0.441114 0.411712 0.397952 0.379247 0.361717 0.350141 0.341123 0.334695 0.330363 0.327647 0.326243 0.325584 0.325392 0.32556 0.329304 0.331002 0.339158 0.360036 -9999 -9999
-9999 -9999 -9999 0 0.10322 0.10839 0.116564 0.124882 0.132701 0.139955 0.14935 0.157124 0.159915 0.165771 0.170864 0.17077 0.17056 0.169686 0.173379 0.180018 0.193192 0.219275 0.245319 0.28281 0.318355 0.351604 0.38206 0.409602 0.446328 0.488632 0.53197 0.591556 0.645762 0.682725 0.716307 0.736189 0.745454 0.74995 0.745081 0.729753 0.711561 0.692246 0.670621 0.655253 0.628303 0.586198 0.548939 0.520676 0.49468 0.468351 0.44369 0.418579 0.402755 0.373825 0.357129 0.343868 0.334844 0.328591 0.324619 0.322423 0.321589 0.321647 0.321869 0.321972 0.320524 0.325644 0.333156 0.346297 -9999 -9999
-9999 -9999 -9999 -9999 0.102963 0.111537 0.121607 0.13077 0.1381 0.144087 0.150892 0.15567 0.157425 0.16155 0.167947 0.171814 0.16764 0.166934 0.168156 0.173719 0.183316 0.216279 0.241902 0.270757 0.307544 0.336273 0.367896 0.404694 0.445439 0.495876 0.546891 0.613123 0.661201 0.695902 0.741121 0.755945 0.768337 0.767511 0.762552 0.754789 0.741173 0.712531 0.695853 0.656774 0.623932 0.596334 0.554755 0.525722 0.494228 0.465757 0.439263 0.423529 0.399794 0.379566 0.357804 0.338662 0.329057 0.323092 0.319527 0.31799 0.317773 0.31836 0.319077 0.31871 0.314139 0.316191 0.333646 0.344606 -9999 -9999
-9999 -9999 -9999 -9999 -9999 -9999 0.123098 0.131904 0.140514 0.14722 0.151567 0.15515 0.157554 0.159319 0.161592 0.167221 0.167406 0.166783 0.173354 0.177358 0.184267 0.200026 0.221101 0.256054 0.291173 0.319264 0.356874 0.403068 0.449893 0.498168 0.553149 0.61823 0.669927 0.715228 0.746987 0.76227 0.773802 0.773212 0.770901 0.768338 0.753209 0.727564 0.696428 0.664372 0.63323 0.60386 0.56004 0.530655 0.493744 0.462998 0.437173 0.413805 0.396181 0.37299 0.355038 0.337537 0.326756 0.31865 0.315592 0.314521 0.314834 0.31588 0.314533 0.314228 0.313094 0.311118 0.329048 0.345835 -9999 -9999
-9999 -9999 -9999 -9999 -9999 -9999 0.126689 0.136342 0.143456 0.145129 0.151584 0.155225 0.158625 0.15961 0.161119 0.164419 0.167901 0.171458 0.179176 0.182843 0.186439 0.197935 0.218299 0.252625 0.279147 0.314624 0.355092 0.404694 0.454069 0.501744 0.557652 0.624873 0.6737 0.722198 0.74975 0.770657 0.782757 0.782464 0.777011 0.76712 0.757627 0.734023 0.700979 0.670857 0.641788 0.606738 0.563617 0.534653 0.494573 0.461338 0.433984 0.407657 0.390429 0.368432 0.349396 0.334242 0.323359 0.316892 0.313192 0.312487 0.313084 0.313252 0.313692 0.313375 0.312198 0.310032 0.320337 0.344809 -9999 -9999
-9999 -9999 -9999 -9999 -9999 -9999 -9999 0.140786 0.144396 0.143784 0.151617 0.156993 0.158437 0.15996 0.162115 0.163124 0.167146 0.173687 0.188947 0.192114 0.196292 0.202424 0.218262 0.244923 0.27893 0.317949 0.367404 0.418258 0.462222 0.508249 0.561507 0.626803 0.676854 0.709057 0.735889 0.755966 0.77168 0.783432 0.779204 0.768156 0.75713 0.732511 0.701394 0.673307 0.641224 0.607179 0.564049 0.528583 0.49431 0.458854 0.432273 0.404512 0.386428 0.365403 0.34726 0.332852 0.32214 0.31577 0.312574 0.311761 0.312286 0.312855 0.313195 0.312804 0.311442 0.309061 0.306793 0.31988 0.323404 -9999
-9999 -9999 -9999 -9999 -9999 -9999 -9999 0.146257 0.152881 0.150475 0.157251 0.157599 0.158524 0.160303 0.163992 0.166777 0.172977 0.175251 0.189324 0.202018 0.208444 0.225947 0.233314 0.247151 0.280506 0.338089 0.383767 0.429799 0.470314 0.513974 0.560653 0.630583 0.674344 0.69994 0.724905 0.745359 0.759919 0.769549 0.772196 0.75782 0.74433 0.721702 0.696742 0.666544 0.63785 0.605774 0.557919 0.525389 0.492259 0.457036 0.43198 0.402692 0.385399 0.365571 0.348587 0.333135 0.323156 0.316778 0.313152 0.31251 0.3131 0.31305 0.312967 0.312239 0.310641 0.307886 0.304284 0.305758 0.308151 0.305596
-9999 -9999 -9999 -9999 -9999 -9999 -9999 -9999 0.162604 0.155716 0.158947 0.160612 0.159181 0.160825 0.168253 0.170011 0.176516 0.183483 0.196771 0.214693 0.234545 0.231099 0.234879 0.251277 0.282245 0.334754 0.378422 0.4173 0.453318 0.499338 0.545055 0.610648 0.652253 0.691631 0.719979 0.742147 0.748032 0.752586 0.750694 0.744742 0.728711 0.71048 0.685853 0.656608 0.625421 0.592402 0.552149 0.515336 0.485299 0.45362 0.426541 0.402198 0.386066 0.368182 0.34994 0.335562 0.32581 0.317983 0.315212 0.314182 0.314304 0.31494 0.312799 0.3116 0.309496 0.306502 0.30255 0.302579 0.298923 0.298152
-9999 -9999 -9999 -9999 -9999 -9999 -9999 -9999 0.169505 0.162454 0.165415 0.161402 0.163225 0.169763 0.169972 0.172061 0.1777 0.187422 0.19786 0.217601 0.241437 0.238761 0.243368 0.257826 0.285551 0.333514 0.362889 0.403175 0.440153 0.486821 0.529992 0.586342 0.62776 0.666466 0.709238 0.725682 0.728822 0.731652 0.728311 0.72046 0.706675 0.687384 0.675058 0.643835 0.620307 0.58409 0.54174 0.510146 0.479961 0.451388 0.425357 0.402055 0.387008 0.367748 0.353391 0.338513 0.32669 0.321187 0.317977 0.316472 0.316008 0.315914 0.315692 0.310431 0.307958 0.304619 0.3005 0.300643 0.296306 0.291825
-9999 -9999 -9999 -9999 -9999 -9999 -9999 -9999 0.190079 0.175752 0.171953 0.167847 0.173506 0.1731 0.173245 0.177235 0.180819 0.189122 0.199032 0.214674 0.237934 0.259827 0.267848 0.26914 0.290637 0.320418 0.352747 0.391188 0.430943 0.468402 0.505452 0.561706 0.613563 0.651801 0.667213 0.691918 0.697315 0.705221 0.708387 0.692373 0.681309 0.665155 0.647969 0.642028 0.614072 0.581351 0.538642 0.512557 0.480641 0.450855 0.42497 0.402665 0.389369 0.370912 0.355601 0.338518 0.33028 0.324636 0.321027 0.318874 0.317628 0.316808 0.315803 0.314202 0.305662 0.301889 0.297922 0.298345 0.29407 0.289738
-9999 -9999 -9999 -9999 -9999 -9999 -9999 -9999 0.191646 0.184602 0.175178 0.183227 0.177518 0.177933 0.176786 0.179262 0.184076 0.192601 0.204152 0.218744 0.240271 0.262174 0.269225 0.282904 0.298052 0.322129 0.352913 0.384589 0.418504 0.463657 0.499316 0.550104 0.58504 0.604309 0.63294 0.659289 0.661989 0.669188 0.673334 0.663658 0.65425 0.64815 0.635682 0.613927 0.601617 0.579068 0.540839 0.510724 0.481769 0.449617 0.430665 0.408615 0.39301 0.374693 0.352858 0.341919 0.333728 0.327791 0.3237 0.320838 0.318755 0.317114 0.315311 0.313098 0.31043 0.298696 0.29416 0.295055 0.291564 0.287412
-9999 -9999 -9999 -9999 -9999 -9999 -9999 -9999 0.188629 0.188799 0.180874 0.186435 0.180702 0.180109 0.180161 0.183074 0.189381 0.19625 0.206135 0.220335 0.235041 0.255822 0.282519 0.284559 0.311522 0.332177 0.366083 0.392199 0.424602 0.459625 0.507684 0.534596 0.544399 0.575429 0.598924 0.619935 0.626243 0.633875 0.63628 0.633428 0.632523 0.629917 0.621362 0.595556 0.574717 0.566627 0.538701 0.511535 0.480329 0.454023 0.433007 0.415939 0.396938 0.369895 0.355976 0.344908 0.336337 0.330192 0.325443 0.321963 0.319144 0.316613 0.314087 0.311255 0.308039 0.30436 0.290139 0.29159 0.287532 0.279504
-9999 -9999 -9999 -9999 -9999 -9999 -9999 -9999 -9999 0.193543 0.19907 0.188288 0.183997 0.182515 0.183649 0.187635 0.193554 0.200618 0.209853 0.223006 0.239617 0.262186 0.285236 0.300146 0.328493 0.351952 0.375124 0.393218 0.41895 0.453377 0.514172 0.513949 0.530461 0.552663 0.572375 0.588541 0.59396 0.601636 0.605666 0.608231 0.616951 0.615971 0.607611 0.589487 0.573024 0.565497 0.532749 0.502159 0.475962 0.452602 0.438375 0.427839 0.389972 0.37157 0.359205 0.346797 0.337823 0.33125 0.32605 0.321934 0.318349 0.315072 0.311856 0.306189 0.302269 0.297993 0.28151 0.28369 0.280143 0.276556
-9999 -9999 -9999 -9999 -9999 -9999 -9999 -9999 -9999 0.214096 0.202174 0.188738 0.187782 0.186485 0.185874 0.190565 0.198159 0.206473 0.216085 0.227634 0.245529 0.26545 0.287488 0.307724 0.32695 0.361625 0.380256 0.392639 0.416431 0.444089 0.482245 0.509737 0.52069 0.531175 0.547205 0.561564 0.582048 0.585869 0.593569 0.599258 0.595503 0.589463 0.584078 0.565559 0.553672 0.532886 0.52253 0.497425 0.474621 0.449706 0.436475 0.429227 0.391657 0.37334 0.360887 0.346539 0.336599 0.329262 0.323429 0.318504 0.314185 0.310092 0.306152 0.302136 0.297962 0.293705 0.289546 0.272648 0.284316 0.280721
-9999 -9999 -9999 -9999 -9999 -9999 -9999 -9999 -9999 0.211063 0.204629 0.193473 0.186407 0.190911 0.19008 0.1924 0.200889 0.210474 0.221222 0.231729 0.250263 0.27147 0.293145 0.318201 0.336042 0.351422 0.376936 0.391656 0.413972 0.439687 0.468387 0.485692 0.49744 0.510632 0.524142 0.536889 0.547914 0.554614 0.560697 0.560941 0.561851 0.562958 0.555834 0.540558 0.535341 0.518436 0.497748 0.492274 0.467174 0.445873 0.435888 0.410016 0.38769 0.370471 0.355521 0.343905 0.33473 0.326613 0.320429 0.315005 0.310157 0.305675 0.301315 0.297109 0.292826 0.289165 0.285836 0.28841 0.281362 0.277595
-9999 -9999 -9999 -9999 -9999 -9999 -9999 -9999 -9999 0.207485 0.202179 0.193297 0.190003 0.194 0.192919 0.192857 0.199974 0.210145 0.219236 0.231766 0.249144 0.268868 0.291047 0.311059 0.337797 0.348905 0.376256 0.390331 0.408691 0.435501 0.45749 0.470729 0.482588 0.495606 0.503468 0.513884 0.523157 0.534898 0.540074 0.537424 0.534803 0.530603 0.527683 0.516711 0.507766 0.495151 0.481528 0.480327 0.459842 0.442665 0.411456 0.398904 0.38057 0.364982 0.3512 0.340505 0.330853 0.322148 0.315527 0.309742 0.304561 0.299723 0.295216 0.29108 0.286949 0.284195 0.282733 0.28383 0.282046 0.273132
-9999 -9999 -9999 -9999 -9999 -9999 -9999 -9999 -9999 0.207391 0.201183 0.194351 0.194783 0.199626 0.193295 0.192047 0.198806 0.207719 0.217809 0.23504 0.245506 0.259434 0.280448 0.306282 0.334683 0.352204 0.363339 0.389401 0.40631 0.434057 0.454617 0.46853 0.476043 0.482665 0.487037 0.494401 0.503183 0.518276 0.531466 0.525162 0.515992 0.510225 0.503957 0.499912 0.490304 0.479238 0.46979 0.453039 0.456103 0.438351 0.410993 0.392893 0.374656 0.358445 0.348116 0.337217 0.325203 0.315647 0.308769 0.302702 0.297208 0.292257 0.287686 0.283903 0.280317 0.277334 0.280771 0.281477 0.293452 0.26704
-9999 -9999 -9999 -9999 -9999 -9999 -9999 -9999 -9999 0.208436 0.205256 0.198782 0.199514 0.197505 0.191894 0.192565 0.196764 0.204493 0.214185 0.227292 0.24028 0.25663 0.277677 0.302855 0.330534 0.355578 0.370738 0.391227 0.388892 0.431817 0.452026 0.461521 0.467142 0.467363 0.470803 0.478047 0.484664 0.490682 0.500617 0.510038 0.507021 0.49682 0.494055 0.490221 0.477149 0.466044 0.457623 0.447385 0.445526 0.414193 0.405228 0.388189 0.36959 0.350045 0.337488 0.327344 0.315408 0.307243 0.300123 0.293782 0.288224 0.283224 0.2787 0.274959 0.272142 0.273282 0.273932 0.276417 0.27371 0.256783
-9999 -9999 -9999 -9999 -9999 -9999 -9999 -9999 -9999 0.211476 0.206405 0.200382 0.19517 0.190722 0.187984 0.19362 0.196023 0.203738 0.210026 0.220457 0.234606 0.250311 0.270263 0.298111 0.325181 0.354351 0.36953 0.372948 0.404941 0.426336 0.451797 0.454842 0.455451 0.455637 0.459068 0.471104 0.471847 0.475662 0.480188 0.485569 0.492306 0.487496 0.488111 0.480284 0.46702 0.454923 0.44357 0.433127 0.415242 0.403708 0.396161 0.380385 0.362108 0.343908 0.327014 0.315551 0.305169 0.29684 0.289565 0.283137 0.277557 0.272745 0.268615 0.265217 0.265755 0.267324 0.267152 0.26826 0.265748 0.265155
