Test_Spring_2018/03_18/Prec/20180323_004.txt
ncols	170
nrows	115
xllcorner	350000.000000
yllcorner	4445000.000000
cellsize	1000.000000
nodata_value	-9999.000000
[rows 34 to 67 of 115, columns 77 to 153 of 170]
0.645715 0.638384 0.657645 0.646505 0.636126 0.615194 0.597389 0.573596 0.538583 0.492006 0.437539 0.347295 0.393914 0.42922 0.422543 0.414498 0.390127 0.344502 0.37082 0.365555 0.286576 0.183918 0.144435 0.124815 -9999 -9999 -9999 -9999 -9999 -9999 -9999 -9999 -9999 -9999 -9999 -9999 -9999 -9999 -9999 -9999 -9999 -9999 -9999 -9999 -9999 -9999 -9999 -9999 -9999 -9999 -9999 -9999 -9999 -9999 -9999 -9999 -9999 -9999 -9999 -9999 -9999 -9999 -9999 -9999 -9999 -9999 -9999 -9999 -9999 -9999 -9999 -9999 -9999 -9999 -9999 -9999 -9999
0.66132 0.640244 0.638853 0.638077 0.627844 0.606462 0.560683 0.547981 0.539633 0.507047 0.445885 0.385098 0.365476 0.422542 0.435073 0.425973 0.434178 0.394875 0.404312 0.391273 0.355252 0.260472 0.189171 0.162784 0.116432 -9999 -9999 -9999 -9999 -9999 -9999 -9999 -9999 -9999 -9999 -9999 -9999 -9999 -9999 -9999 -9999 -9999 -9999 -9999 -9999 -9999 -9999 -9999 -9999 -9999 -9999 -9999 -9999 -9999 -9999 -9999 -9999 -9999 -9999 -9999 -9999 -9999 -9999 -9999 -9999 -9999 -9999 -9999 -9999 -9999 -9999 -9999 -9999 -9999 -9999 -9999 -9999
0.636373 0.627238 0.628671 0.630195 0.619815 0.585394 0.564756 0.556261 0.532248 0.495672 0.470955 0.430921 0.389675 0.398671 0.446892 0.418172 0.450454 0.441564 0.442404 0.410802 0.321592 0.242722 0.18395 0.159687 0.12102 -9999 -9999 -9999 -9999 -9999 -9999 -9999 -9999 -9999 -9999 -9999 -9999 -9999 -9999 -9999 -9999 -9999 -9999 -9999 -9999 -9999 -9999 -9999 -9999 -9999 -9999 -9999 -9999 -9999 -9999 -9999 -9999 -9999 -9999 -9999 -9999 -9999 -9999 -9999 -9999 -9999 -9999 -9999 -9999 -9999 -9999 -9999 -9999 -9999 -9999 -9999 -9999
0.640991 0.614748 0.61155 0.619701 0.609896 0.591065 0.575404 0.557259 0.536662 0.507793 0.477189 0.439578 0.432005 0.461584 0.457548 0.445786 0.446369 0.458407 0.447909 0.391927 0.295066 0.252915 0.150693 0.113865 0.111342 0 -9999 -9999 -9999 -9999 -9999 -9999 -9999 -9999 -9999 -9999 -9999 -9999 0.122908 -9999 -9999 -9999 -9999 -9999 -9999 -9999 -9999 -9999 -9999 -9999 -9999 -9999 -9999 -9999 -9999 -9999 -9999 -9999 -9999 0 -9999 -9999 -9999 -9999 -9999 -9999 -9999 -9999 -9999 -9999 -9999 -9999 -9999 -9999 -9999 -9999 -9999
0.640776 0.619516 0.600278 0.610626 0.60058 0.584167 0.567784 0.542664 0.531659 0.512845 0.480404 0.470374 0.477459 0.478708 0.480582 0.479966 0.472453 0.460229 0.44534 0.381519 0.343689 0.315854 0.235378 0.180768 0.142936 0 0 -9999 -9999 -9999 -9999 -9999 -9999 -9999 0.106382 0.102085 0.100289 0.108 0.13408 0.113425 -9999 -9999 -9999 -9999 -9999 -9999 -9999 -9999 -9999 -9999 -9999 -9999 -9999 -9999 -9999 -9999 -9999 -9999 -9999 0 0 -9999 -9999 -9999 -9999 -9999 -9999 -9999 -9999 -9999 -9999 -9999 -9999 -9999 -9999 -9999 -9999
0.635104 0.634016 0.599352 0.595 0.591113 0.579918 0.562397 0.541546 0.535024 0.511446 0.497108 0.486265 0.497867 0.497588 0.488216 0.476976 0.466077 0.44227 0.434443 0.39124 0.364489 0.324713 0.283773 0.207207 0.135413 0 0 -9999 -9999 -9999 -9999 -9999 -9999 0.110514 0.132697 0.145074 0.111765 0.135553 0.156718 0.149481 0.10365 -9999 -9999 -9999 -9999 -9999 -9999 -9999 -9999 -9999 -9999 -9999 -9999 -9999 -9999 0.111595 0 0 0 0 0 -9999 -9999 -9999 -9999 -9999 -9999 -9999 -9999 -9999 -9999 -9999 -9999 -9999 -9999 -9999 -9999
0.630385 0.618125 0.600685 0.588142 0.580273 0.56929 0.55834 0.548054 0.525799 0.513794 0.485857 0.505341 0.501721 0.4934 0.467893 0.454886 0.411925 0.390061 0.352111 0.378264 0.34656 0.287955 0.216408 0.117945 0.100777 0 0 -9999 -9999 -9999 -9999 -9999 -9999 0.114343 0.138589 0.158451 0.15955 0.126381 0.166478 0.144173 0.116144 0.106446 0.121741 0.127275 0.108101 0.123917 0.127466 0.113841 0.122798 -9999 -9999 -9999 -9999 0.120049 0.119936 0.119314 0.101058 0 0 0 0 -9999 -9999 -9999 -9999 -9999 -9999 -9999 -9999 -9999 -9999 -9999 -9999 -9999 -9999 -9999 -9999
0.607076 0.606179 0.585956 0.575252 0.564786 0.552975 0.543406 0.535294 0.523873 0.506697 0.505456 0.501829 0.492439 0.447072 0.394237 0.413683 0.383258 0.296171 0.334789 0.356402 0.320994 0.251074 0.171045 0.125444 0.114448 0 0 -9999 -9999 -9999 0 0 0 0 0.124112 0.149033 0.167532 0.178891 0.165173 0.142113 0.114433 0 0 0.130109 0.136656 0.131587 0.1353 0.122405 0.124606 0.134691 0.139153 0.1388 0.13443 0.132348 0.131885 0.128807 0.111806 0 0 0 0 -9999 -9999 -9999 -9999 -9999 -9999 -9999 -9999 -9999 -9999 -9999 -9999 -9999 -9999 -9999 -9999
0.601904 0.587274 0.583696 0.55901 0.553386 0.543761 0.521092 0.524601 0.517323 0.510985 0.503661 0.495288 0.45726 0.405504 0.353347 0.327822 0.319411 0.275775 0.282689 0.304539 0.287195 0.237112 0.16462 0.146797 0.111952 0 0 -9999 -9999 0 0 0 0.112573 0.119602 0.119441 0.151577 0.152768 0.186624 0.16657 0.110995 0.112106 0 0 0.105711 0.105608 0.119366 0.136364 0.137815 0.135393 0.141102 0.140962 0.139916 0.138437 0.131924 0.133082 0.13201 0.120837 0 0 0 0 -9999 -9999 -9999 -9999 -9999 -9999 -9999 -9999 -9999 -9999 -9999 -9999 -9999 -9999 -9999 -9999
0.594989 0.591429 0.571989 0.535579 0.541174 0.533548 0.514583 0.500218 0.507129 0.50241 0.49839 0.494389 0.459297 0.418908 0.357669 0.318518 0.279327 0.258066 0.219796 0.22709 0.21417 0.199206 0.197159 0.170484 0.115617 0 0 0 -9999 0 0 0 0.108306 0.139951 0.127814 0.16486 0.170741 0.183078 0.167392 0.130541 0.111969 0.106181 0 0.117991 0.128854 0.130563 0.134923 0.139644 0.139705 0.14025 0.139718 0.139026 0.138553 0.137431 0.136166 0.133764 0.128614 0.100962 0 0 0 -9999 -9999 -9999 -9999 -9999 -9999 -9999 -9999 -9999 -9999 -9999 -9999 -9999 -9999 -9999 -9999
0.597628 0.586144 0.572957 0.546672 0.535468 0.526588 0.513336 0.480787 0.477449 0.478521 0.490936 0.489309 0.486232 0.464558 0.390791 0.353622 0.309296 0.255811 0.223131 0.225065 0.255608 0.244478 0.208725 0.169941 0.110505 0 0 0 0 0 0 0 0.10517 0.148472 0.167722 0.17466 0.183042 0.188733 0.166309 0.141721 0.130105 0.112167 0.105174 0.100022 0.110189 0.112123 0.133418 0.139093 0.139012 0.139175 0.138841 0.138569 0.138519 0.13802 0.136643 0.135565 0.133879 0.126804 0 0 0 -9999 -9999 -9999 -9999 -9999 -9999 -9999 -9999 -9999 -9999 -9999 -9999 -9999 -9999 -9999 -9999
0.558998 0.551297 0.545681 0.533261 0.521014 0.518839 0.506737 0.476589 0.446553 0.465226 0.472549 0.481427 0.482295 0.48014 0.408983 0.373577 0.343814 0.292123 0.296119 0.303408 0.295323 0.275946 0.209858 0.143949 0 0 0 0 0 0 0 0 0 0.10048 0.163745 0.175815 0.178461 0.192109 0.166885 0.153464 0.132106 0.131868 0.125018 0.119614 0 0.104322 0.10296 0.129394 0.138983 0.139075 0.138581 0.138545 0.138019 0.137606 0.136783 0.136133 0.132099 0.127895 0.10119 0 0 -9999 -9999 -9999 -9999 -9999 -9999 -9999 -9999 -9999 -9999 -9999 -9999 -9999 -9999 -9999 -9999
0.547729 0.533692 0.524477 0.525433 0.519172 0.512035 0.501933 0.484274 0.45331 0.444119 0.447729 0.424013 0.444332 0.468009 0.465374 0.458918 0.400219 0.361792 0.380872 0.363883 0.313453 0.271126 0.228891 0.153105 0 0 0 0 0 0 0 0.121407 0.106561 0.122914 0.151472 0.185869 0.201255 0.194664 0.168181 0.157115 0.126617 0.146378 0.142935 0.125565 0.109834 0.103915 0.114563 0.116606 0.13709 0.14047 0.139086 0.138477 0.138054 0.137518 0.136839 0.133804 0.131475 0.128451 0.124097 0 0 -9999 -9999 -9999 -9999 -9999 -9999 -9999 -9999 -9999 -9999 -9999 -9999 -9999 -9999 -9999 -9999
0.51869 0.513508 0.53278 0.521874 0.515095 0.501842 0.49517 0.48048 0.453506 0.428262 0.406573 0.379007 0.394154 0.43418 0.456402 0.455974 0.403859 0.417931 0.400662 0.373358 0.310151 0.260395 0.228793 0.155419 0 0 0 0 0 0 0.102567 0.14534 0.16313 0.14736 0.166732 0.206534 0.204933 0.179963 0.178122 0.156662 0.116694 0.147579 0.152095 0.138037 0.134419 0.121448 0.122731 0.129145 0.13579 0.139912 0.139183 0.138113 0.137477 0.137123 0.135868 0.133951 0.131911 0.128864 0.124919 0 0 -9999 -9999 -9999 -9999 -9999 -9999 -9999 -9999 -9999 -9999 -9999 -9999 -9999 -9999 -9999 -9999
0.490159 0.504695 0.536964 0.518578 0.50246 0.500495 0.491096 0.472955 0.458791 0.429035 0.391315 0.32015 0.337848 0.374542 0.42691 0.452214 0.443686 0.417014 0.381272 0.305281 0.23684 0.219258 0.198908 0.142456 0 0 0 0 0.103258 0.118728 0.112144 0.148673 0.178727 0.165515 0.189431 0.216922 0.202057 0.19178 0.181991 0.158395 0.152347 0.148507 0.163406 0.14329 0.146291 0.136647 0.13192 0.133178 0.135849 0.139512 0.138913 0.137969 0.137584 0.136387 0.135715 0.133923 0.131517 0.128489 0.124612 0.113776 0 0 -9999 -9999 -9999 -9999 -9999 -9999 -9999 -9999 -9999 -9999 -9999 -9999 -9999 -9999 -9999
0.456253 0.453658 0.496046 0.484035 0.49692 0.499072 0.489719 0.464625 0.449356 0.405826 0.392129 0.326377 0.295576 0.319562 0.307668 0.379139 0.44065 0.41533 0.273399 0.215868 0.171487 0.170048 0.159554 0.136283 0 0 0 0.110154 0.136506 0.156769 0.159374 0.158057 0.205288 0.210897 0.225548 0.220936 0.220458 0.19391 0.175756 0.180854 0.160876 0.152893 0.168539 0.141781 0.155078 0.142994 0.133124 0.129244 0.138829 0.139125 0.138892 0.137701 0.136823 0.13578 0.134242 0.133184 0.130924 0.12752 0.124218 0.119618 0.104914 0 0 0 -9999 -9999 -9999 -9999 -9999 -9999 -9999 -9999 -9999 -9999 -9999 -9999 -9999
-9999 0.395452 0.46281 0.471257 0.478075 0.495336 0.489222 0.467418 0.447244 0.404342 0.367341 0.308219 0.240747 0.202225 0.305996 0.394842 0.438221 0.420829 0.301449 0.248627 0.237055 0.25296 0.220906 0.19418 0.122067 0 0 0 0.114474 0.146841 0.179356 0.203224 0.204899 0.220544 0.227919 0.227297 0.228181 0.222719 0.217089 0.186128 0.197133 0.178299 0.179967 0.169748 0.160052 0.146626 0.129359 0.135199 0.140594 0.140503 0.138404 0.137269 0.13667 0.135813 0.134335 0.131635 0.129503 0.126738 0.12303 0.119186 0.112857 0.103819 0 0 0 -9999 -9999 -9999 -9999 -9999 -9999 -9999 -9999 -9999 -9999 -9999 -9999
-9999 0.35256 0.420563 0.431196 0.471299 0.478854 0.480313 0.473893 0.45677 0.423433 0.375189 0.335194 0.259451 0.180402 0.287416 0.381915 0.430563 0.427298 0.320814 0.338236 0.30813 0.307076 0.258989 0.233431 0.202144 0.167497 0.131156 0 0 0.144084 0.18304 0.214632 0.229375 0.237524 0.241175 0.236793 0.227692 0.19017 0.213436 0.204107 0.196678 0.188545 0.181783 0.173677 0.165157 0.1534 0.148821 0.136667 0.14178 0.138952 0.138027 0.137306 0.136419 0.135276 0.134012 0.132321 0.129575 0.125546 0.122001 0.118047 0.112121 0.107242 0.101184 0 0 0 0 0 -9999 -9999 -9999 -9999 -9999 -9999 -9999 -9999 -9999
-9999 0.232538 0.340757 0.398073 0.439645 0.469706 0.474818 0.474199 0.452174 0.43589 0.400475 0.367197 0.316585 0.241103 0.193235 0.26987 0.386332 0.423722 0.407395 0.39647 0.363585 0.332781 0.320958 0.31364 0.269524 0.219541 0.166215 0.145549 0.12571 0.182036 0.188457 0.183126 0.246577 0.245958 0.241385 0.215552 0.184817 0.18756 0.16554 0.170631 0.145742 0.159564 0.170688 0.17165 0.166161 0.154147 0.146879 0.143134 0.141136 0.139544 0.138076 0.136935 0.136019 0.134958 0.133226 0.131522 0.130115 0.12574 0.122441 0.116933 0.111221 0.106725 0.101253 0 0 0 0 0 0 -9999 -9999 -9999 -9999 -9999 -9999 -9999 -9999
-9999 0.225345 0.296591 0.373895 0.412165 0.45551 0.460973 0.473248 0.465677 0.448359 0.416855 0.378355 0.335902 0.270394 0.220518 0.272678 0.344212 0.396036 0.403553 0.394741 0.385276 0.371466 0.353383 0.33897 0.315541 0.283533 0.230833 0.201391 0.160689 0.223604 0.229224 0.217731 0.24915 0.246467 0.196122 0.156858 0.150283 0.16902 0.144032 0.131986 0.11224 0.123092 0.15973 0.139094 0.136916 0.145658 0.145575 0.142758 0.141236 0.13945 0.138032 0.136614 0.135675 0.134717 0.132834 0.131087 0.129163 0.12628 0.121237 0.117448 0.111495 0.105431 0.100679 0 0 0 0 0 0 0 -9999 -9999 -9999 -9999 -9999 -9999 -9999
-9999 0.226185 0.264786 0.334039 0.397346 0.444535 0.460345 0.471348 0.467115 0.447082 0.42982 0.404439 0.366341 0.339142 0.293482 0.231396 0.324286 0.343327 0.356912 0.353456 0.373212 0.364401 0.343654 0.308513 0.316554 0.304401 0.264049 0.248654 0.225681 0.259591 0.257811 0.255266 0.251967 0.20911 0.149947 0.102133 0.133333 0.123986 0.133956 0 0.109574 0.136273 0.141764 0.114747 0 0.133319 0.13569 0.13803 0.139022 0.1393 0.137349 0.13658 0.135122 0.133793 0.132326 0.130378 0.128295 0.125685 0.122678 0.116467 0.110701 0.106295 0.100458 0 0 0 0 0 0 0 0 -9999 -9999 -9999 -9999 -9999 -9999
-9999 -9999 0.22008 0.304057 0.386116 0.429253 0.454844 0.465208 0.460692 0.448515 0.435428 0.418145 0.389288 0.353553 0.298644 0.256307 0.27522 0.292173 0.282038 0.294284 0.34338 0.355225 0.320515 0.231024 0.261754 0.301729 0.297036 0.289852 0.282755 0.276591 0.269665 0.257185 0.226846 0.137224 0.116229 0 0 0 0 0 0.106099 0.119059 0.12123 0 0 0.112937 0.127159 0.121796 0.130107 0.138132 0.136876 0.135743 0.134143 0.133006 0.131629 0.129821 0.127315 0.124713 0.121852 0.114744 0.109298 0.102289 0 0 0 0 0 0 0 0 0 0 -9999 -9999 -9999 -9999 -9999
-9999 -9999 0.190864 0.282995 0.38161 0.408817 0.436955 0.46129 0.457403 0.440372 0.424319 0.408022 0.389886 0.347015 0.304976 0.264216 0.24704 0.248832 0.227679 0.25252 0.319335 0.326752 0.313951 0.216934 0.188217 0.243433 0.289656 0.290287 0.282893 0.221559 0.231926 0.198209 0.153282 0.139564 0.11875 0 0 0 0 0 0 0 0.104491 0 0 0 0.111198 0.109251 0.129503 0.135562 0.135921 0.134854 0.133708 0.13227 0.131 0.12901 0.126676 0.123972 0.120346 0.114943 0.100157 0 0 0 0 0 0 0 0 0 0 0 -9999 -9999 -9999 -9999 -9999
-9999 -9999 0.200683 0.262384 0.349375 0.412696 0.411109 0.439961 0.452928 0.434498 0.41457 0.394401 0.383452 0.336935 0.285964 0.243643 0.194009 0.196107 0.222605 0.253504 0.294798 0.297032 0.281045 0.216394 0.229843 0.26639 0.284317 0.28745 0.279595 0.264241 0.25455 0.229054 0.216895 0.182396 0.129518 0.107275 0.117506 0 0 0 0 0 0 0 0 0 0.111863 0.126179 0.131901 0.133061 0.136077 0.134489 0.133238 0.131793 0.129982 0.128107 0.125266 0.122343 0.11531 0.105886 0 0 0 0 0 0 0 0 0 0 0 0 -9999 -9999 -9999 -9999 -9999
-9999 -9999 0.210231 0.265412 0.340154 0.38354 0.386565 0.419095 0.447963 0.439848 0.41906 0.410023 0.388775 0.348617 0.304498 0.256423 0.230475 0.176703 0.219383 0.235405 0.269911 0.282996 0.22354 0.203464 0.227005 0.250718 0.258246 0.282906 0.279814 0.26819 0.22678 0.20552 0.211424 0.201104 0.184579 0.147316 0.143295 0.118196 0.106057 0 0 0 0 0 0 0.107198 0.117525 0.126882 0.127751 0.130819 0.135549 0.13432 0.13279 0.130984 0.129271 0.126837 0.122853 0.118986 0.107418 0 0 0 0 0 0 0 0 0 0 0 0 0 0 0 -9999 -9999 -9999
-9999 -9999 0.19653 0.256036 0.319112 0.341985 0.341106 0.404247 0.441317 0.436913 0.424778 0.411461 0.364681 0.363117 0.350371 0.306663 0.244784 0.177055 0.177952 0.2026 0.24112 0.253406 0.173486 0.15118 0.160689 0.198699 0.232629 0.268477 0.275565 0.261582 0.198391 0.131508 0.159246 0.189042 0.186603 0.174858 0.139964 0.127045 0.114944 0 0 0 0 0 0 0.103882 0.1195 0.110262 0.112044 0.127344 0.13535 0.133837 0.132164 0.130634 0.128496 0.125901 0.120015 0.113758 0.104634 0 0 0 0 0 0 0 0 0 0 0 0 0 0 0 0 0 0
-9999 -9999 0.172375 0.213713 0.273878 0.294557 0.331865 0.391235 0.418166 0.428882 0.42427 0.413997 0.390818 0.37527 0.348477 0.30332 0.242971 0.176206 0.130982 0.146694 0.195842 0.201438 0.13193 0.103939 0.130353 0.171275 0.233747 0.268307 0.270632 0.26468 0.249729 0.200249 0.141002 0.138937 0.16522 0.138935 0.108663 0.121346 0.11578 0 0 0 0 0 0 0 0.122698 0.125674 0.122387 0.135987 0.134766 0.133193 0.131877 0.129943 0.127841 0.125333 0.120123 0.110981 0 0 0 0 0 0 0 0 0 0 0 0 0 0 0 0 0 0 0
-9999 -9999 0.132841 0.182955 0.238986 0.291527 0.341402 0.383994 0.382801 0.403526 0.399226 0.408387 0.400624 0.378939 0.355863 0.316542 0.240472 0.175693 0.105293 0.11806 0.178696 0.149035 0.113451 0 0.108251 0.171884 0.229454 0.259411 0.230993 0.254841 0.250274 0.230286 0.194093 0.139082 0.137775 0 0 0.109399 0.113284 0.107083 0 0 0 0 0 0 0.104575 0.130512 0.133036 0.136315 0.134518 0.132638 0.131139 0.12925 0.126675 0.123172 0.117811 0 0 0 0 0 0 0 0 0 0 0 0 0 0 0 0 0 0 0 0
-9999 -9999 -9999 0.173128 0.231258 0.272999 0.280139 0.317405 0.335517 0.348805 0.348547 0.395342 0.394303 0.379277 0.357944 0.324016 0.265502 0.223386 0.1559 0.106064 0.106011 0 0 0 0.110761 0.171895 0.235906 0.240422 0.195248 0.199074 0.205614 0.223282 0.210911 0.136795 0 0 0 0.104472 0.107264 0.105559 0 0 0 0 0.100873 0.103464 0.120525 0.1326 0.134355 0.135235 0.133572 0.131974 0.130033 0.127241 0.12464 0.118959 0.10869 0 0 0 0 0 0 0 0 0 0 0 0 0 0 0 0 0 0 0 0
-9999 -9999 -9999 0.147222 0.215473 0.224983 0.217969 0.187777 0.194376 0.282135 0.296618 0.341496 0.383964 0.377025 0.356263 0.324513 0.288293 0.234109 0.158945 0 0 0 0.141102 0.15004 0.165857 0.202176 0.206765 0.160558 0.117223 0.137708 0.149199 0.199519 0.206911 0.194489 0.148934 0 0 0 0 0 0 0 0 0 0.109191 0.119674 0.124316 0.134345 0.135286 0.134186 0.133119 0.130935 0.128365 0.124471 0.120268 0.10842 0 0 0 0 0 0 0 0 0 0 0 0 0 0 0 0 0 0 0 0 0
-9999 -9999 -9999 -9999 -9999 -9999 -9999 -9999 0.18074 0.1962 0.260528 0.313203 0.374341 0.370955 0.352916 0.332264 0.281008 0.224741 0.211836 0.14973 0 0.104914 0.138292 0.165727 0.173373 0.1832 0.162554 0.123013 0 0 0.14348 0.196756 0.194386 0.194071 0.169566 0.135093 0 0 0 0 0 0 0 0 0 0.111156 0.132448 0.134585 0.134933 0.13413 0.13243 0.129384 0.125957 0.121544 0.115764 0.107349 0 0 0 0 0 0 0 0 0 0 0 0 0 0 0 0 0 0 0 0 0
-9999 -9999 -9999 -9999 -9999 -9999 -9999 -9999 0.107284 0 0.240093 0.298641 0.353196 0.359712 0.341183 0.317191 0.28851 0.25547 0.208843 0.109744 0 0.111722 0.127574 0.141837 0.136648 0.106049 0.101042 0 0 0 0.131634 0.178166 0.185362 0.179833 0.173629 0.109145 0 0 0 0 0 0 0 0 0.113461 0.125166 0.131702 0.13537 0.134435 0.133307 0.131183 0.127149 0.122918 0.118349 0.112568 0.10656 0 0 0 0 0 0 0 0 0 0 0 0 0 0 0 0 0 0 0 0 0
-9999 -9999 -9999 -9999 -9999 -9999 -9999 -9999 -9999 0 0.180678 0.267175 0.332031 0.348442 0.337852 0.320575 0.294351 0.259763 0.234015 0.141486 0 0 0 0 0 0 0 0 0 0 0.123303 0.164427 0.17487 0.128355 0.161562 0.148913 0.107671 0 0 0 0 0 0 0 0 0.121599 0.118684 0.135172 0.13384 0.132249 0.129507 0.126032 0.121316 0.115867 0.109233 0.102597 0 0 0 0 0 0 0 0 0 0 0 0 0 0 0 0 0 0 0 0 -9999
-9999 -9999 -9999 -9999 -9999 -9999 -9999 -9999 -9999 0 0.128556 0.241016 0.300422 0.336081 0.33218 0.319006 0.305621 0.280511 0.226079 0.153067 -9999 -9999 -9999 -9999 -9999 -9999 0 0 0 0.106546 0.131234 0.161298 0.166775 0.129084 0 0.135449 0.12378 0.107605 0 0 0 0 0 0 0 0 0.126862 0.134626 0.132684 0.130719 0.12749 0.124029 0.120145 0.113867 0.10677 0 0 0 0 0 0 0 0 0 0 0 0 0 0 0 0 0 0 0 0 -9999 -9999
