Test_Spring_2018/03_18/Prec/20180328_012.txt
ncols	170
nrows	115
xllcorner	350000.000000
yllcorner	4445000.000000
cellsize	1000.000000
nodata_value	-9999.000000
[rows 32 to 63 of 115, columns 72 to 143 of 170]
0 0 0 0 0.101163 0.109327 0.11552 0.117839 0.120647 0.124135 0.126557 0.12884 0.130758 0.134043 0.140532 0.146412 0.145061 0.146098 0.148895 0.146865 0.149579 0.154947 0.162098 0.159977 0.161999 0.167177 0.165343 -9999 -9999 -9999 -9999 -9999 -9999 -9999 -9999 -9999 -9999 -9999 -9999 -9999 -9999 -9999 -9999 -9999 -9999 -9999 -9999 -9999 -9999 -9999 -9999 -9999 -9999 -9999 -9999 -9999 -9999 -9999 -9999 -9999 -9999 -9999 -9999 -9999 -9999 -9999 -9999 -9999 -9999 -9999 -9999 -9999
0 0 0 0 0 0.109075 0.115849 0.117902 0.120301 0.122954 0.125379 0.127692 0.130753 0.134329 0.140113 0.146689 0.1491 0.147672 0.148698 0.149435 0.152099 0.155176 0.159346 0.158223 0.158596 0.158932 0.163343 0.169837 -9999 -9999 -9999 -9999 -9999 -9999 -9999 -9999 -9999 -9999 -9999 -9999 -9999 -9999 -9999 -9999 -9999 -9999 -9999 -9999 -9999 -9999 -9999 -9999 -9999 -9999 -9999 -9999 -9999 -9999 -9999 -9999 -9999 -9999 -9999 -9999 -9999 -9999 -9999 -9999 -9999 -9999 -9999 -9999
0 0 0 0 0.103181 0.115898 0.118034 0.118207 0.120479 0.122606 0.125391 0.127856 0.130656 0.134177 0.138454 0.14324 0.150547 0.148036 0.146328 0.147631 0.149052 0.151669 0.155839 0.154892 0.156235 0.154101 0.1662 0.169205 0.170751 -9999 -9999 -9999 -9999 -9999 -9999 -9999 -9999 -9999 -9999 -9999 -9999 -9999 -9999 -9999 -9999 -9999 -9999 -9999 -9999 -9999 -9999 -9999 -9999 -9999 -9999 -9999 -9999 -9999 -9999 -9999 -9999 -9999 -9999 -9999 -9999 -9999 -9999 -9999 -9999 -9999 -9999 -9999
0 0 0 0 0.10211 0.110426 0.117583 0.119267 0.120821 0.122956 0.125787 0.130264 0.132282 0.133907 0.137202 0.142496 0.147734 0.150017 0.146819 0.146832 0.148431 0.148838 0.152697 0.153119 0.155199 0.154216 0.159228 0.167468 0.169723 0.173355 -9999 -9999 -9999 -9999 -9999 -9999 -9999 -9999 -9999 -9999 -9999 -9999 -9999 -9999 -9999 -9999 -9999 -9999 -9999 -9999 -9999 -9999 -9999 -9999 -9999 -9999 -9999 -9999 -9999 -9999 -9999 -9999 -9999 -9999 -9999 -9999 -9999 -9999 -9999 -9999 -9999 -9999
-9999 -9999 0 0.103341 0.109457 0.111846 0.118217 0.119758 0.121194 0.123373 0.127161 0.129853 0.131578 0.134331 0.13792 0.140619 0.144395 0.148263 0.14856 0.146093 0.149192 0.147995 0.14982 0.151026 0.154627 0.159628 0.161762 0.16944 0.171802 0.175149 -9999 -9999 -9999 -9999 -9999 -9999 -9999 -9999 -9999 -9999 -9999 -9999 -9999 -9999 -9999 -9999 -9999 -9999 -9999 -9999 -9999 -9999 -9999 -9999 -9999 -9999 -9999 -9999 -9999 -9999 -9999 -9999 -9999 -9999 -9999 -9999 -9999 -9999 -9999 -9999 -9999 -9999
-9999 -9999 -9999 0.103833 0.110226 0.110572 0.118843 0.1208 0.121828 0.124013 0.126716 0.129068 0.131487 0.133992 0.137023 0.140139 0.143747 0.145224 0.144086 0.145421 0.147394 0.148583 0.149057 0.151251 0.152292 0.162485 0.166784 0.17353 0.177089 0.178157 0.180922 -9999 -9999 -9999 -9999 -9999 -9999 -9999 -9999 -9999 -9999 -9999 -9999 0.160934 -9999 -9999 -9999 -9999 -9999 -9999 -9999 -9999 -9999 -9999 -9999 -9999 -9999 -9999 -9999 -9999 -9999 -9999 -9999 -9999 0.116893 -9999 -9999 -9999 -9999 -9999 -9999 -9999
-9999 -9999 0 0.106911 0.108796 0.110321 0.114552 0.121485 0.12244 0.124702 0.127266 0.129683 0.132598 0.134398 0.136685 0.139909 0.141527 0.141954 0.142864 0.143824 0.145079 0.146961 0.14932 0.152014 0.155799 0.159985 0.163535 0.16646 0.174435 0.178382 0.183406 0.187514 -9999 -9999 -9999 -9999 -9999 -9999 -9999 0.178581 0.176081 0.172925 0.168667 0.162736 0.159867 -9999 -9999 -9999 -9999 -9999 -9999 -9999 -9999 -9999 -9999 -9999 -9999 -9999 -9999 -9999 -9999 -9999 -9999 -9999 0.114668 0.11704 -9999 -9999 -9999 -9999 -9999 -9999
-9999 -9999 0.104561 0.10616 0.1087 0.110514 0.112953 0.121499 0.123605 0.125494 0.127722 0.13023 0.132823 0.134269 0.136853 0.138734 0.140371 0.140451 0.141472 0.14327 0.145355 0.147589 0.15093 0.153311 0.155816 0.159476 0.164182 0.169054 0.174774 0.181546 0.188136 0.193663 -9999 -9999 -9999 -9999 -9999 -9999 0.185191 0.181107 0.177117 0.175838 0.169983 0.163906 0.159539 0.153035 -9999 -9999 -9999 -9999 -9999 -9999 -9999 -9999 -9999 -9999 -9999 -9999 -9999 -9999 0.102315 0.104792 0.110186 0.112856 0.114359 0.116565 -9999 -9999 -9999 -9999 -9999 -9999
-9999 -9999 0.104379 0.105929 0.108229 0.110695 0.11412 0.121207 0.124229 0.126477 0.128726 0.130765 0.132575 0.135095 0.136784 0.139569 0.138971 0.140094 0.141672 0.144642 0.146913 0.151547 0.154902 0.157437 0.157416 0.161716 0.168096 0.175519 0.187942 0.18675 0.191012 0.196599 -9999 -9999 -9999 -9999 -9999 -9999 0.18988 0.18543 0.180579 0.176419 0.174144 0.166152 0.158012 0.154015 0.14865 0.141568 0.135374 0.129513 0.121404 0.116725 0.113835 0.109904 -9999 -9999 -9999 -9999 0.101452 0.100877 0.100533 0.101566 0.107656 0.1118 0.115477 0.113094 -9999 -9999 -9999 -9999 -9999 -9999
-9999 -9999 0.102386 0.10501 0.108364 0.112262 0.11508 0.122381 0.125367 0.127912 0.130204 0.132102 0.133689 0.135346 0.137302 0.138066 0.139015 0.140455 0.144608 0.149485 0.149417 0.153583 0.163482 0.159035 0.15959 0.164456 0.171991 0.180406 0.189401 0.188538 0.194007 0.201079 -9999 -9999 -9999 0.204331 0.201492 0.200245 0.197586 0.192397 0.187029 0.180039 0.174041 0.169126 0.160746 0.15601 0.151382 0.144377 0.134967 0.128393 0.119786 0.114678 0.111413 0.107109 0.103668 0.101235 0 0 0 0 0 0 0.105265 0.108539 0.110605 0.114729 -9999 -9999 -9999 -9999 -9999 -9999
-9999 -9999 0.104226 0.10719 0.110447 0.113132 0.117027 0.119937 0.126823 0.129078 0.131245 0.13407 0.134777 0.13606 0.137142 0.138234 0.13942 0.142826 0.147383 0.152197 0.155382 0.158999 0.164232 0.162515 0.163203 0.167718 0.175808 0.183942 0.188261 0.196409 0.200392 0.207539 -9999 -9999 0.213943 0.209679 0.206031 0.203159 0.200582 0.197566 0.191342 0.186524 0.178667 0.174118 0.167871 0.16068 0.15218 0.144252 0.134434 0.128013 0.119458 0.11196 0.107555 0.104159 0.100912 0 0 0 0 0 0 0 0.101751 0.10399 0.104265 0.113845 -9999 -9999 -9999 -9999 -9999 -9999
-9999 -9999 0.104522 0.107598 0.1106 0.114666 0.117812 0.121164 0.128844 0.13034 0.132398 0.134941 0.136871 0.13705 0.137906 0.138643 0.139401 0.142499 0.146177 0.151617 0.155802 0.161528 0.165312 0.168897 0.17088 0.174587 0.17869 0.182079 0.188419 0.198302 0.204437 0.209507 0.215211 -9999 0.21858 0.217361 0.213163 0.208517 0.204084 0.20171 0.194804 0.189218 0.182707 0.17702 0.168869 0.15961 0.152279 0.145266 0.136412 0.125256 0.117092 0.111121 0.105317 0.101531 0 0 0 0 0 0 0 0 0 0 0.103173 0.113188 -9999 -9999 -9999 -9999 -9999 -9999
-9999 0 0.104148 0.106696 0.110535 0.114527 0.11842 0.122191 0.128889 0.131168 0.13336 0.135437 0.138609 0.139431 0.13976 0.139198 0.139668 0.140375 0.142642 0.148948 0.153879 0.160427 0.166794 0.168779 0.171373 0.172239 0.176376 0.182524 0.189077 0.19946 0.206566 0.213168 0.21971 0.222265 0.222082 0.22157 0.218868 0.213427 0.208082 0.203269 0.198218 0.192545 0.185586 0.176747 0.167356 0.159785 0.152642 0.144844 0.137182 0.128826 0.120197 0.109252 0.103742 0 0 0 0 0 0 0 0 0 0 0 0.103403 0.110532 -9999 -9999 -9999 -9999 -9999 -9999
-9999 -9999 0.10438 0.108332 0.112981 0.117374 0.121148 0.124507 0.130168 0.132918 0.134538 0.136323 0.139222 0.141871 0.140837 0.140527 0.140137 0.140468 0.141272 0.148854 0.153193 0.157575 0.163962 0.163639 0.16605 0.169915 0.174913 0.183535 0.192361 0.204709 0.213474 0.217903 0.224825 0.225168 0.226084 0.223427 0.220813 0.218645 0.215483 0.207366 0.202198 0.193628 0.18533 0.17907 0.168387 0.16091 0.151897 0.143498 0.135283 0.130787 0.119264 0.11259 0.104867 0 0 0 0 0 0 0 0 0 0 0 0.103769 0.110153 -9999 -9999 -9999 -9999 -9999 -9999
-9999 -9999 -9999 -9999 0.113988 0.118283 0.122622 0.126331 0.130999 0.133345 0.135316 0.137084 0.139027 0.141567 0.142445 0.142313 0.14417 0.143384 0.142834 0.144398 0.146713 0.15325 0.156326 0.157647 0.161953 0.169034 0.175885 0.183034 0.192822 0.204173 0.213832 0.222011 0.226195 0.22552 0.224331 0.221767 0.220311 0.220413 0.216912 0.210259 0.202356 0.194596 0.187395 0.180825 0.169594 0.162299 0.151382 0.142273 0.134461 0.126985 0.118105 0.110236 0.103988 0 0 0 0 0 0 0 0 0 0 0 0.102135 0.11097 -9999 -9999 -9999 -9999 -9999 -9999
-9999 -9999 -9999 -9999 0.11582 0.120477 0.124239 0.125956 0.131443 0.133833 0.136234 0.137735 0.13943 0.141703 0.143643 0.145269 0.147511 0.146951 0.145009 0.144806 0.146725 0.152849 0.152312 0.156321 0.161468 0.169582 0.177096 0.183628 0.193399 0.205272 0.213437 0.222588 0.224834 0.226227 0.226149 0.223082 0.220431 0.217991 0.216612 0.211098 0.202686 0.195973 0.189881 0.181307 0.170588 0.163678 0.151668 0.141692 0.133352 0.124727 0.116115 0.108695 0.101952 0 0 0 0 0 0 0 0 0 0 0 0 0.11096 -9999 -9999 -9999 -9999 -9999 -9999
-9999 -9999 -9999 -9999 -9999 0.122643 0.124988 0.125767 0.13177 0.134816 0.136397 0.138081 0.140012 0.141356 0.143619 0.14639 0.151699 0.150956 0.149258 0.146912 0.14701 0.150044 0.152469 0.157836 0.166507 0.175036 0.180289 0.186055 0.194652 0.205658 0.21421 0.216748 0.218631 0.219635 0.220974 0.222938 0.220702 0.217536 0.215901 0.21006 0.202516 0.196726 0.189542 0.181483 0.170855 0.161435 0.151819 0.141003 0.132995 0.123795 0.114858 0.10778 0.101333 0 0 0 0 0 0 0 0 0 0 0 0 0.101508 0.105096 -9999 -9999 -9999 -9999 -9999
-9999 -9999 -9999 -9999 -9999 0.125201 0.128704 0.128698 0.134235 0.135174 0.136444 0.138122 0.140562 0.142204 0.145438 0.146486 0.151461 0.15418 0.153416 0.155685 0.152487 0.150507 0.152776 0.165729 0.173053 0.179822 0.183866 0.18886 0.194999 0.208007 0.214192 0.214218 0.215462 0.216696 0.217615 0.218726 0.21922 0.214907 0.211799 0.206689 0.201539 0.194838 0.188949 0.181626 0.169057 0.160769 0.151575 0.140818 0.133386 0.123537 0.114844 0.10819 0.102151 0 0 0 0 0 0 0 0 0 0 0 0 0 0 0.100807 0 -9999 -9999 -9999
-9999 -9999 -9999 -9999 -9999 -9999 0.132892 0.130989 0.135061 0.136386 0.136553 0.138007 0.141047 0.142639 0.14579 0.148583 0.153152 0.158626 0.162264 0.156272 0.151824 0.151111 0.152659 0.163934 0.170835 0.175142 0.177807 0.184178 0.190374 0.202022 0.207728 0.21361 0.216487 0.217184 0.216154 0.215305 0.213922 0.21285 0.209442 0.204479 0.19924 0.19269 0.18558 0.177673 0.167958 0.157789 0.149696 0.140247 0.13192 0.123983 0.115604 0.10967 0.103084 0 0 0 0 0 0 0 0 0 0 0 0 0 0 0 0.100709 0.103125 -9999 -9999
-9999 -9999 -9999 -9999 -9999 -9999 0.135965 0.133866 0.137791 0.13667 0.138126 0.139852 0.140733 0.142208 0.144785 0.148491 0.151787 0.157926 0.164667 0.158422 0.153383 0.152239 0.155238 0.162787 0.164522 0.169985 0.173655 0.18093 0.186764 0.195282 0.201489 0.207614 0.214362 0.21682 0.21355 0.212052 0.210005 0.207972 0.205163 0.201437 0.197872 0.190301 0.185898 0.176376 0.165516 0.157167 0.148796 0.140418 0.132384 0.124778 0.116622 0.110085 0.105027 0 0 0 0 0 0 0 0 0 0 0 0 0 0 0 0 0.100748 0.102457 0
-9999 -9999 -9999 -9999 -9999 -9999 0.144567 0.139412 0.140869 0.139491 0.139969 0.140357 0.140919 0.142863 0.144349 0.147263 0.150189 0.154611 0.161143 0.166078 0.162449 0.156495 0.156056 0.156835 0.160426 0.165873 0.171416 0.175799 0.179992 0.18918 0.196877 0.203805 0.205523 0.209502 0.207366 0.207965 0.208424 0.202875 0.200774 0.197826 0.195322 0.193043 0.186552 0.177853 0.166452 0.159967 0.150627 0.141551 0.133422 0.126118 0.118417 0.111101 0.105841 0.101073 0 0 0 0 0 0 0 0 0 0 0 0 0 0 0 0 0 0
-9999 -9999 -9999 -9999 -9999 -9999 0.145878 0.146192 0.142503 0.143118 0.141092 0.141516 0.141252 0.142285 0.14398 0.146745 0.150158 0.154079 0.15994 0.165016 0.163145 0.160273 0.159221 0.157936 0.160589 0.164121 0.168167 0.173188 0.177604 0.185198 0.190473 0.193691 0.198413 0.203491 0.200548 0.200953 0.201705 0.198418 0.196557 0.197097 0.195876 0.191423 0.185171 0.180387 0.170535 0.161411 0.152948 0.142691 0.135772 0.12862 0.119725 0.113664 0.107903 0.103858 0.100711 0 0 0 0 0 0 0 0 0 0 0 0 0 0 0 0 0
-9999 -9999 -9999 -9999 -9999 -9999 0.145039 0.148557 0.145317 0.144343 0.142051 0.141789 0.141707 0.142618 0.144634 0.146505 0.149084 0.15277 0.155926 0.16069 0.166939 0.162408 0.163609 0.161493 0.164502 0.165939 0.169572 0.174146 0.181438 0.183622 0.18318 0.188541 0.191824 0.195235 0.19403 0.194713 0.194677 0.193847 0.194958 0.196347 0.196068 0.18934 0.184803 0.178889 0.172654 0.163402 0.153988 0.146074 0.13854 0.133267 0.122731 0.11574 0.110883 0.106879 0.103699 0.10144 0 0 0 0 0 0 0 0 0 0 0 0 0 0 0 0
-9999 -9999 -9999 -9999 -9999 -9999 -9999 0.15125 0.149511 0.144996 0.143051 0.14218 0.14226 0.143322 0.144912 0.146614 0.148727 0.15184 0.155666 0.161122 0.165956 0.166691 0.16804 0.167162 0.168714 0.167792 0.169649 0.174895 0.187246 0.18291 0.182303 0.184688 0.186957 0.188829 0.189004 0.189817 0.190356 0.191436 0.19599 0.195896 0.195077 0.190792 0.187406 0.180273 0.171797 0.162613 0.15488 0.147898 0.14414 0.136519 0.126007 0.119734 0.115519 0.111027 0.106664 0.104373 0.102691 0.101592 0.100918 0.100612 0.100575 0.10113 0.101338 0.101517 0 0 0 0 0 0 0 0
-9999 -9999 -9999 -9999 -9999 -9999 -9999 0.156516 0.151401 0.145638 0.144817 0.143788 0.142926 0.144025 0.146056 0.148063 0.150186 0.152588 0.156948 0.161467 0.166131 0.169347 0.171438 0.171211 0.171664 0.169237 0.171142 0.174523 0.18231 0.186378 0.184304 0.182671 0.184023 0.185592 0.190583 0.189926 0.191841 0.193922 0.193098 0.192099 0.191941 0.186933 0.184813 0.179206 0.171259 0.163913 0.157245 0.149423 0.145921 0.139422 0.129206 0.123021 0.118875 0.113745 0.110246 0.107757 0.105931 0.104611 0.103732 0.103167 0.102884 0.102763 0.102722 0.102729 0.102793 0 0.103315 0.103245 0.102268 0.101268 0 0
-9999 -9999 -9999 -9999 -9999 -9999 -9999 0.156386 0.153335 0.148334 0.1449 0.146006 0.144859 0.14481 0.14701 0.149364 0.151823 0.153751 0.158384 0.163523 0.168242 0.173689 0.17563 0.176001 0.17155 0.170745 0.172789 0.176143 0.181055 0.181785 0.180719 0.180786 0.181647 0.182966 0.184428 0.185029 0.186251 0.185965 0.186695 0.188148 0.186821 0.182607 0.182651 0.178119 0.172054 0.165234 0.157398 0.150841 0.148529 0.137924 0.130515 0.12484 0.11981 0.115916 0.112878 0.110223 0.10838 0.106944 0.105887 0.105146 0.10462 0.104299 0.104051 0.104106 0.104295 0.106799 0.104685 0.104357 0.102903 0.101571 0 0
-9999 -9999 -9999 -9999 -9999 -9999 -9999 0.156332 0.153635 0.149434 0.147385 0.148151 0.146756 0.145604 0.14711 0.149572 0.151273 0.153962 0.158144 0.162769 0.16785 0.171522 0.177354 0.176433 0.172813 0.172327 0.173405 0.1779 0.180868 0.180613 0.180195 0.180737 0.1798 0.180546 0.181545 0.184271 0.185105 0.183511 0.18257 0.181555 0.181508 0.178586 0.176708 0.173487 0.16989 0.163977 0.15779 0.152748 0.144968 0.136686 0.130913 0.125979 0.121541 0.118162 0.115084 0.112332 0.110423 0.108909 0.107735 0.106811 0.106135 0.105702 0.105339 0.105556 0.106282 0.107984 0.107766 0.105192 0.102484 0.101047 0 0
-9999 -9999 -9999 -9999 -9999 -9999 -9999 0.157975 0.154854 0.151405 0.150771 0.151789 0.148198 0.146469 0.147731 0.149597 0.151625 0.156152 0.157568 0.159927 0.164653 0.170834 0.17758 0.179547 0.174884 0.174254 0.175247 0.180783 0.183718 0.184265 0.182616 0.181061 0.179126 0.178964 0.179982 0.184156 0.188192 0.185025 0.18126 0.179342 0.17763 0.177129 0.174638 0.171711 0.169499 0.164626 0.159767 0.15441 0.14317 0.137781 0.132112 0.127035 0.124116 0.120806 0.11693 0.113968 0.112052 0.110476 0.109173 0.108147 0.107335 0.106891 0.106558 0.106476 0.108946 0.110281 0.114969 0.105618 0.103731 0 0 0
-9999 -9999 -9999 -9999 -9999 -9999 -9999 0.160373 0.158436 0.155106 0.154563 0.152805 0.149458 0.148444 0.148623 0.149954 0.15177 0.154608 0.157018 0.160364 0.165163 0.17119 0.17781 0.183006 0.183937 0.177439 0.173712 0.183244 0.186456 0.185653 0.183654 0.179913 0.177934 0.17799 0.17833 0.178974 0.18172 0.184772 0.183321 0.179421 0.178862 0.178179 0.174036 0.170849 0.168842 0.166151 0.159107 0.151303 0.14456 0.139646 0.133927 0.127647 0.123987 0.121136 0.11744 0.115157 0.113229 0.111578 0.110231 0.109111 0.108192 0.107596 0.107372 0.108723 0.109857 0.11169 0.111398 0.104596 0.102669 0 0 0
-9999 -9999 -9999 -9999 -9999 -9999 -9999 0.163851 0.161169 0.158038 0.155138 0.152421 0.150231 0.151199 0.150642 0.151938 0.152354 0.154081 0.156922 0.15999 0.164356 0.171485 0.177934 0.184896 0.185995 0.178328 0.180484 0.184259 0.189866 0.186787 0.183085 0.179618 0.177895 0.180083 0.178232 0.17809 0.1787 0.180097 0.182453 0.180567 0.181189 0.178722 0.174319 0.170572 0.167262 0.164404 0.158399 0.150673 0.144787 0.14047 0.13501 0.129423 0.124198 0.120988 0.118066 0.115837 0.113922 0.112259 0.110867 0.10973 0.108825 0.108182 0.109088 0.110383 0.110958 0.112021 0.111609 0.110413 0.102088 0 0 0
-9999 -9999 -9999 -9999 -9999 -9999 -9999 -9999 0.162357 0.158972 0.156757 0.157025 0.155155 0.154693 0.15463 0.15561 0.153312 0.154547 0.156904 0.159844 0.163823 0.169697 0.174524 0.181278 0.186857 0.17882 0.185168 0.185458 0.187196 0.186506 0.182973 0.179034 0.179118 0.182493 0.182063 0.181116 0.179023 0.178712 0.182436 0.183239 0.183209 0.179093 0.17454 0.170896 0.167292 0.163863 0.153714 0.149382 0.143037 0.137429 0.133287 0.128399 0.124186 0.121048 0.118308 0.116075 0.11414 0.112504 0.111169 0.110022 0.10926 0.108954 0.110046 0.113845 0.11297 0.112822 0.113603 0.109042 0 0 0 0
-9999 -9999 -9999 -9999 -9999 -9999 -9999 -9999 0.164626 0.160407 0.160399 0.161592 0.164474 0.164771 0.159325 0.159209 0.157021 0.155126 0.156901 0.159808 0.163649 0.167953 0.173676 0.181017 0.187416 0.191272 0.183894 0.182323 0.182879 0.182813 0.181113 0.181481 0.185245 0.188529 0.186941 0.185661 0.181241 0.179512 0.178803 0.18006 0.181361 0.18058 0.175403 0.17179 0.16806 0.164216 0.156771 0.149372 0.14211 0.136691 0.131928 0.127882 0.12378 0.120675 0.118064 0.115786 0.113901 0.112327 0.111093 0.110089 0.109799 0.109792 0.112108 0.113984 0.114939 0.116347 0.111168 0.108425 0.102824 0 0 0
