Test_Spring_2018/03_18/Prec/20180306_015.txt
ncols	170
nrows	115
xllcorner	350000.000000
yllcorner	4445000.000000
cellsize	1000.000000
nodata_value	-9999.000000
[rows 31 to 61 of 115, columns 70 to 139 of 170]
0.708853 0.704898 0.703745 0.707198 0.707603 0.693768 0.696402 0.696737 0.700636 0.701087 0.704061 0.704659 0.706539 0.710141 0.71076 0.717271 0.741642 0.731645 0.725727 0.729894 0.721589 0.710064 0.711037 0.723427 0.725085 0.731038 0.706946 0.701834 0.70371 -9999 -9999 -9999 -9999 -9999 -9999 -9999 -9999 -9999 -9999 -9999 -9999 -9999 -9999 -9999 -9999 -9999 -9999 -9999 -9999 -9999 -9999 -9999 -9999 -9999 -9999 -9999 -9999 -9999 -9999 -9999 -9999 -9999 -9999 -9999 -9999 -9999 -9999 -9999 -9999 -9999
0.707662 0.705973 0.706513 0.709813 0.706114 0.702868 0.701883 0.70249 0.700145 0.699797 0.701552 0.706148 0.707207 0.708082 0.707891 0.712879 0.729658 0.744178 0.732118 0.728519 0.730982 0.715352 0.716548 0.72691 0.74327 0.725279 0.722048 0.716091 0.706866 -9999 -9999 -9999 -9999 -9999 -9999 -9999 -9999 -9999 -9999 -9999 -9999 -9999 -9999 -9999 -9999 -9999 -9999 -9999 -9999 -9999 -9999 -9999 -9999 -9999 -9999 -9999 -9999 -9999 -9999 -9999 -9999 -9999 -9999 -9999 -9999 -9999 -9999 -9999 -9999 -9999
0.712477 0.707929 0.709743 0.711421 0.705582 0.706407 0.699333 0.700144 0.700171 0.698943 0.699264 0.70083 0.701879 0.702807 0.706696 0.712627 0.726681 0.743584 0.745111 0.732349 0.728199 0.722559 0.723476 0.725391 0.730801 0.716418 0.70713 0.697367 0.696925 0.696797 -9999 -9999 -9999 -9999 -9999 -9999 -9999 -9999 -9999 -9999 -9999 -9999 -9999 -9999 -9999 -9999 -9999 -9999 -9999 -9999 -9999 -9999 -9999 -9999 -9999 -9999 -9999 -9999 -9999 -9999 -9999 -9999 -9999 -9999 -9999 -9999 -9999 -9999 -9999 -9999
0.719041 0.711076 0.713645 0.720354 0.717064 0.714835 0.701325 0.708262 0.707129 0.699041 0.698896 0.698529 0.700874 0.702321 0.705215 0.710879 0.719356 0.729635 0.748962 0.732137 0.717881 0.714191 0.710432 0.710522 0.715776 0.701863 0.695928 0.683562 0.689315 0.691401 0.688503 -9999 -9999 -9999 -9999 -9999 -9999 -9999 -9999 -9999 -9999 -9999 -9999 -9999 -9999 -9999 -9999 -9999 -9999 -9999 -9999 -9999 -9999 -9999 -9999 -9999 -9999 -9999 -9999 -9999 -9999 -9999 -9999 -9999 -9999 -9999 -9999 -9999 -9999 -9999
-9999 0.715609 0.718108 0.726217 0.722929 0.718437 0.710595 0.703306 0.704611 0.701964 0.699142 0.698765 0.701257 0.710056 0.710093 0.708842 0.713736 0.725863 0.737604 0.738247 0.718463 0.709935 0.706661 0.698462 0.702317 0.693099 0.689502 0.681502 0.676055 0.681494 0.680759 0.685538 -9999 -9999 -9999 -9999 -9999 -9999 -9999 -9999 -9999 -9999 -9999 -9999 -9999 -9999 -9999 -9999 -9999 -9999 -9999 -9999 -9999 -9999 -9999 -9999 -9999 -9999 -9999 -9999 -9999 -9999 -9999 -9999 -9999 -9999 -9999 -9999 -9999 -9999
-9999 -9999 -9999 -9999 0.731048 0.723654 0.722812 0.708026 0.7062 0.702873 0.699507 0.699232 0.705206 0.707511 0.706542 0.709495 0.715551 0.718274 0.724724 0.731165 0.7241 0.706385 0.708393 0.694051 0.690112 0.683311 0.684751 0.684399 0.682169 0.684677 0.683684 0.686786 -9999 -9999 -9999 -9999 -9999 -9999 -9999 -9999 -9999 -9999 -9999 -9999 -9999 -9999 -9999 -9999 -9999 -9999 -9999 -9999 -9999 -9999 -9999 -9999 -9999 -9999 -9999 -9999 -9999 -9999 -9999 -9999 -9999 -9999 -9999 -9999 -9999 -9999
-9999 -9999 -9999 -9999 -9999 0.724481 0.724942 0.716072 0.707876 0.705833 0.700817 0.700487 0.702493 0.70362 0.705314 0.707523 0.711719 0.716139 0.722106 0.719879 0.707557 0.70362 0.701285 0.695313 0.685968 0.682196 0.680021 0.692123 0.695879 0.695172 0.697678 0.691593 0.692392 -9999 -9999 -9999 -9999 -9999 -9999 -9999 -9999 -9999 -9999 -9999 -9999 0.603116 -9999 -9999 -9999 -9999 -9999 -9999 -9999 -9999 -9999 -9999 -9999 -9999 -9999 -9999 -9999 -9999 -9999 -9999 -9999 -9999 0.484878 -9999 -9999 -9999
-9999 -9999 -9999 -9999 0.724951 0.722885 0.719116 0.714023 0.706556 0.70749 0.702003 0.70186 0.703379 0.70486 0.708558 0.708447 0.710203 0.715283 0.714199 0.708275 0.703468 0.698056 0.692843 0.688994 0.685976 0.683316 0.677698 0.680202 0.680154 0.67964 0.682036 0.685396 0.693428 0.699044 -9999 -9999 -9999 -9999 -9999 -9999 -9999 0.641059 0.635507 0.628803 0.61915 0.604295 0.601356 -9999 -9999 -9999 -9999 -9999 -9999 -9999 -9999 -9999 -9999 -9999 -9999 -9999 -9999 -9999 -9999 -9999 -9999 -9999 0.483389 0.487559 -9999 -9999
-9999 -9999 -9999 -9999 0.725541 0.720259 0.718232 0.713556 0.711362 0.706648 0.70513 0.703527 0.703859 0.705837 0.708636 0.707575 0.710796 0.711344 0.710644 0.703671 0.699349 0.696913 0.694464 0.69144 0.691352 0.686715 0.67613 0.675537 0.678449 0.681895 0.676782 0.689181 0.701715 0.711393 -9999 -9999 -9999 -9999 -9999 -9999 0.650995 0.639061 0.629074 0.630427 0.616286 0.602354 0.595487 0.580785 -9999 -9999 -9999 -9999 -9999 -9999 -9999 -9999 -9999 -9999 -9999 -9999 -9999 -9999 0.463635 0.468686 0.483802 0.488609 0.489019 0.492073 -9999 -9999
-9999 -9999 -9999 -9999 0.72587 0.719681 0.716022 0.712994 0.713723 0.714914 0.706161 0.705774 0.706255 0.706746 0.70703 0.710338 0.710776 0.7151 0.706647 0.703783 0.701631 0.703419 0.701371 0.706613 0.705846 0.695245 0.680544 0.680952 0.68853 0.699777 0.714559 0.699771 0.702397 0.711014 -9999 -9999 -9999 -9999 -9999 -9999 0.654748 0.642341 0.630329 0.622486 0.622929 0.603634 0.58382 0.581255 0.573993 0.560481 0.549979 0.536274 0.511865 0.504824 0.503058 0.496038 -9999 -9999 -9999 -9999 0.476554 0.471878 0.466833 0.46588 0.48277 0.492196 0.499841 0.49253 -9999 -9999
-9999 -9999 -9999 -9999 0.719761 0.716693 0.716054 0.717446 0.715205 0.717133 0.70893 0.711375 0.712189 0.712463 0.712352 0.713032 0.715053 0.712643 0.710492 0.70939 0.717165 0.726315 0.715962 0.715295 0.727724 0.70119 0.687283 0.688284 0.698487 0.711676 0.712646 0.697407 0.702903 0.714377 -9999 -9999 -9999 0.693188 0.680203 0.675511 0.66808 0.653667 0.640632 0.62483 0.613294 0.599653 0.588529 0.585148 0.582484 0.571137 0.550697 0.540015 0.512229 0.505125 0.503291 0.502742 0.49604 0.49118 0.487733 0.485276 0.481966 0.477829 0.473874 0.47302 0.482275 0.487657 0.488606 0.482783 -9999 -9999
-9999 -9999 -9999 -9999 0.723538 0.72124 0.719852 0.719086 0.720448 0.71884 0.722055 0.713983 0.714421 0.718346 0.715442 0.715294 0.71473 0.714136 0.713409 0.719925 0.729431 0.738391 0.739714 0.733215 0.737747 0.720082 0.70603 0.697663 0.7037 0.71483 0.712161 0.711486 0.71426 0.726188 -9999 -9999 0.718425 0.697329 0.681286 0.670931 0.664427 0.658912 0.643988 0.6362 0.618971 0.608495 0.606016 0.594852 0.583826 0.571087 0.561763 0.552461 0.532441 0.511126 0.505396 0.501534 0.496217 0.492876 0.489968 0.487117 0.4853 0.481013 0.476725 0.474446 0.483751 0.48513 0.485797 0.494211 -9999 -9999
-9999 -9999 -9999 -9999 0.724441 0.722066 0.719329 0.720669 0.719099 0.720567 0.726883 0.722938 0.716977 0.720156 0.722171 0.718565 0.717823 0.716586 0.714894 0.720763 0.727351 0.738666 0.743457 0.745228 0.743639 0.738091 0.727702 0.722539 0.718019 0.710395 0.705301 0.70988 0.714988 0.721641 0.728659 -9999 0.720441 0.71 0.691832 0.675255 0.662596 0.660374 0.644191 0.63506 0.618007 0.61201 0.604244 0.599607 0.589977 0.581265 0.565293 0.54626 0.529432 0.5211 0.505755 0.50135 0.4976 0.494662 0.492016 0.489275 0.486403 0.483055 0.479347 0.475634 0.477086 0.47773 0.486687 0.496928 -9999 -9999
-9999 -9999 -9999 0.734981 0.724028 0.718928 0.718473 0.718807 0.719296 0.720128 0.723785 0.7233 0.723262 0.720577 0.727573 0.726881 0.724852 0.719521 0.717374 0.714983 0.716727 0.7313 0.733834 0.738391 0.745105 0.738276 0.728891 0.711958 0.706043 0.706865 0.708943 0.714584 0.713346 0.720491 0.73277 0.729503 0.719127 0.71081 0.697997 0.678746 0.663329 0.653079 0.644826 0.631162 0.620189 0.616402 0.605722 0.597037 0.589926 0.580101 0.570154 0.556756 0.539829 0.520695 0.51285 0.501883 0.498406 0.495681 0.493253 0.490761 0.488083 0.485088 0.481296 0.476859 0.47183 0.47534 0.493291 0.494196 -9999 -9999
-9999 -9999 -9999 -9999 0.725508 0.724853 0.726689 0.727857 0.727345 0.726184 0.726233 0.726874 0.724974 0.725323 0.728866 0.735353 0.728912 0.725086 0.720335 0.717013 0.713701 0.726111 0.729421 0.730434 0.736459 0.720026 0.708893 0.70171 0.697601 0.70602 0.714879 0.726664 0.7378 0.734707 0.737969 0.728389 0.721371 0.704824 0.692221 0.685127 0.678169 0.656598 0.644602 0.635677 0.622679 0.618823 0.604982 0.598314 0.585999 0.575532 0.565032 0.567105 0.541079 0.53276 0.51834 0.506272 0.498435 0.495954 0.493737 0.491685 0.489317 0.486496 0.482871 0.478552 0.473782 0.474226 0.497982 0.496419 -9999 -9999
-9999 -9999 -9999 -9999 -9999 -9999 0.729513 0.729864 0.731001 0.730772 0.727339 0.726426 0.725847 0.726198 0.7287 0.73371 0.734696 0.731971 0.735856 0.727331 0.716631 0.71223 0.707903 0.716377 0.712593 0.698407 0.693367 0.696992 0.698614 0.700523 0.711707 0.71904 0.73235 0.741934 0.739247 0.721779 0.705257 0.688756 0.680301 0.681637 0.673787 0.66001 0.644205 0.631948 0.624142 0.620427 0.605823 0.601157 0.583174 0.571338 0.563462 0.555704 0.54046 0.52858 0.520188 0.508265 0.502104 0.495577 0.493697 0.491862 0.489804 0.487233 0.484009 0.479994 0.475217 0.469914 0.494563 0.502198 -9999 -9999
-9999 -9999 -9999 -9999 -9999 -9999 0.735196 0.736629 0.735446 0.727762 0.727443 0.726673 0.727709 0.727187 0.728948 0.734094 0.738701 0.742665 0.747467 0.740315 0.725733 0.714847 0.708936 0.715658 0.698222 0.693428 0.690956 0.697776 0.701181 0.700139 0.710516 0.719262 0.726433 0.738933 0.728604 0.718231 0.706167 0.687149 0.674283 0.667237 0.667357 0.657101 0.64 0.63226 0.629281 0.619078 0.607152 0.604763 0.583615 0.569397 0.560311 0.549012 0.535434 0.525659 0.515816 0.507264 0.500737 0.496776 0.493355 0.49172 0.489808 0.487405 0.484451 0.48059 0.476023 0.470774 0.48462 0.504068 -9999 -9999
-9999 -9999 -9999 -9999 -9999 -9999 -9999 0.743368 0.73703 0.725948 0.727591 0.729266 0.727353 0.727549 0.730218 0.732022 0.73802 0.746074 0.762342 0.754558 0.740893 0.722175 0.709591 0.704968 0.698255 0.698323 0.708599 0.716784 0.711749 0.707716 0.7136 0.719043 0.727439 0.715599 0.703786 0.691872 0.684894 0.684379 0.672963 0.662639 0.662444 0.65114 0.637417 0.633303 0.626625 0.618617 0.607317 0.596067 0.583964 0.566939 0.559298 0.546082 0.531497 0.523057 0.514325 0.506596 0.500011 0.495896 0.493082 0.491091 0.489439 0.48712 0.484327 0.480781 0.476435 0.471383 0.467319 0.470531 0.473907 -9999
-9999 -9999 -9999 -9999 -9999 -9999 -9999 0.75162 0.74977 0.73605 0.736023 0.730111 0.727114 0.727281 0.731746 0.733688 0.743225 0.745028 0.760189 0.764453 0.754167 0.752347 0.727807 0.705006 0.697987 0.726004 0.731614 0.73365 0.72451 0.717985 0.71524 0.728239 0.72831 0.707597 0.693724 0.682874 0.674526 0.671276 0.669771 0.655417 0.649421 0.640663 0.63552 0.627874 0.625709 0.620154 0.601518 0.594139 0.583304 0.566216 0.56039 0.544503 0.530484 0.523283 0.515752 0.506048 0.500176 0.495812 0.492863 0.490958 0.489726 0.48679 0.483937 0.480543 0.476526 0.47157 0.466118 0.452539 0.454548 0.450138
-9999 -9999 -9999 -9999 -9999 -9999 -9999 -9999 0.764499 0.744262 0.738877 0.734547 0.72758 0.726868 0.729624 0.733168 0.742645 0.750463 0.763821 0.778978 0.783195 0.751241 0.722328 0.704485 0.695417 0.717837 0.722513 0.716246 0.702819 0.702145 0.700468 0.709088 0.708206 0.709641 0.702402 0.687611 0.676238 0.665486 0.657206 0.654624 0.647962 0.63821 0.632222 0.624505 0.617175 0.608737 0.599778 0.584716 0.577108 0.564019 0.554155 0.544508 0.530845 0.525613 0.515501 0.506796 0.500881 0.496531 0.493567 0.491415 0.489991 0.489052 0.483509 0.480229 0.476259 0.471669 0.466303 0.450535 0.443995 0.44228
-9999 -9999 -9999 -9999 -9999 -9999 -9999 -9999 0.775338 0.754952 0.748985 0.735944 0.730408 0.72735 0.727125 0.729754 0.736609 0.747253 0.75551 0.772761 0.79039 0.758015 0.724013 0.705062 0.698985 0.711743 0.698449 0.697416 0.688783 0.692618 0.690898 0.688947 0.691078 0.694505 0.698305 0.699893 0.676892 0.664174 0.653604 0.647377 0.64251 0.638175 0.632341 0.622796 0.624266 0.608755 0.59443 0.584764 0.574911 0.564546 0.554597 0.545048 0.531033 0.522649 0.517314 0.508327 0.502723 0.498346 0.495043 0.492718 0.491125 0.489914 0.488827 0.484151 0.475986 0.471606 0.466567 0.450594 0.44333 0.436239
-9999 -9999 -9999 -9999 -9999 -9999 -9999 -9999 0.806469 0.775589 0.755792 0.742566 0.731585 0.728149 0.726286 0.730063 0.732317 0.739471 0.745856 0.756449 0.773107 0.781997 0.756577 0.720957 0.698739 0.687983 0.682574 0.682728 0.682309 0.677051 0.670896 0.672458 0.675513 0.683853 0.683991 0.685263 0.667234 0.662706 0.661477 0.642224 0.639429 0.637109 0.63957 0.638404 0.630797 0.620222 0.602432 0.598008 0.583082 0.568683 0.556964 0.547165 0.533379 0.525849 0.51835 0.510855 0.505334 0.500924 0.497482 0.494868 0.49294 0.491547 0.490196 0.488518 0.482005 0.478956 0.466875 0.450642 0.443684 0.436807
-9999 -9999 -9999 -9999 -9999 -9999 -9999 -9999 0.806396 0.784584 0.761965 0.748463 0.734868 0.73124 0.725882 0.725739 0.728118 0.734107 0.741736 0.750107 0.764115 0.773549 0.75573 0.730714 0.711518 0.6944 0.682445 0.67697 0.672581 0.665743 0.661877 0.658188 0.660226 0.667576 0.670506 0.677023 0.656987 0.652344 0.652392 0.641208 0.638701 0.648189 0.654105 0.650634 0.634442 0.633373 0.620293 0.606804 0.593387 0.573033 0.568809 0.558382 0.53885 0.529704 0.520951 0.514352 0.50885 0.504279 0.500666 0.497744 0.495436 0.493724 0.492053 0.490233 0.488226 0.479638 0.476022 0.459496 0.444345 0.437667
-9999 -9999 -9999 -9999 -9999 -9999 -9999 -9999 0.804964 0.792909 0.772386 0.752119 0.737451 0.731024 0.725884 0.724736 0.727686 0.729814 0.733893 0.74104 0.744989 0.75334 0.765493 0.736565 0.724486 0.70568 0.69644 0.683569 0.678025 0.675612 0.668347 0.659503 0.655268 0.660388 0.659558 0.661259 0.648555 0.645543 0.642928 0.640519 0.648263 0.659882 0.667964 0.654664 0.651147 0.635487 0.633886 0.619263 0.602079 0.589994 0.577761 0.572712 0.545654 0.534383 0.526084 0.518977 0.512952 0.50841 0.504406 0.501312 0.49874 0.496538 0.494554 0.492459 0.490137 0.487376 0.477093 0.459947 0.454087 0.452434
-9999 -9999 -9999 -9999 -9999 -9999 -9999 -9999 -9999 0.803491 0.777584 0.753772 0.740154 0.731138 0.726108 0.724947 0.725725 0.726622 0.72843 0.733004 0.739042 0.749692 0.756595 0.74698 0.735102 0.721847 0.7117 0.691656 0.681214 0.682938 0.696267 0.679344 0.662615 0.658048 0.654647 0.651737 0.645428 0.643496 0.64319 0.647572 0.667308 0.672359 0.677557 0.672153 0.671758 0.649674 0.639045 0.620805 0.607954 0.597535 0.598213 0.581332 0.559315 0.547013 0.540473 0.531118 0.517747 0.512954 0.508859 0.505522 0.502552 0.499949 0.497557 0.500115 0.497787 0.495042 0.484193 0.465566 0.460535 0.454776
-9999 -9999 -9999 -9999 -9999 -9999 -9999 -9999 -9999 0.809709 0.783239 0.755059 0.745549 0.735789 0.727007 0.725571 0.727504 0.729067 0.730525 0.732234 0.740121 0.747441 0.754031 0.754026 0.748618 0.73567 0.722665 0.698446 0.68963 0.686078 0.699256 0.700397 0.679918 0.66218 0.656785 0.653908 0.665526 0.658704 0.663626 0.671559 0.671258 0.672584 0.679064 0.66966 0.672357 0.663539 0.643244 0.630045 0.619441 0.604372 0.604516 0.590257 0.568604 0.555694 0.548694 0.536518 0.528755 0.523213 0.518753 0.51495 0.511735 0.508824 0.506255 0.503729 0.50106 0.498231 0.495337 0.484894 0.475023 0.468891
-9999 -9999 -9999 -9999 -9999 -9999 -9999 -9999 -9999 0.807481 0.788969 0.763813 0.744824 0.742787 0.732756 0.72683 0.72904 0.73153 0.733926 0.733705 0.742529 0.752216 0.759297 0.767925 0.762644 0.750613 0.722733 0.705596 0.698553 0.696247 0.701014 0.691422 0.676058 0.665878 0.659903 0.657138 0.656642 0.654915 0.657488 0.656632 0.661554 0.671092 0.672301 0.664591 0.673842 0.667504 0.656409 0.639314 0.623018 0.611215 0.614447 0.588878 0.571973 0.560138 0.549308 0.541243 0.534944 0.528755 0.524347 0.520369 0.516856 0.51372 0.510723 0.507937 0.504974 0.502753 0.500721 0.506891 0.480646 0.473833
-9999 -9999 -9999 -9999 -9999 -9999 -9999 -9999 -9999 0.805509 0.788718 0.766772 0.752991 0.749726 0.738695 0.728559 0.72801 0.730661 0.730088 0.732519 0.739664 0.747577 0.756226 0.758771 0.768271 0.752232 0.728092 0.713075 0.703553 0.706839 0.706118 0.694158 0.682371 0.675072 0.663561 0.659575 0.65806 0.664529 0.66585 0.660103 0.658537 0.658429 0.66348 0.659486 0.660585 0.657831 0.654514 0.639019 0.627586 0.620222 0.60777 0.58477 0.573077 0.563334 0.554205 0.547718 0.541117 0.534556 0.53001 0.525947 0.522279 0.518798 0.515592 0.512745 0.509696 0.508382 0.508595 0.512099 0.493213 0.478372
-9999 -9999 -9999 -9999 -9999 -9999 -9999 -9999 -9999 0.809804 0.791917 0.773053 0.764657 0.762421 0.743377 0.731073 0.72952 0.729867 0.730372 0.739445 0.736476 0.736189 0.743734 0.755755 0.769029 0.764089 0.741079 0.721808 0.712793 0.721487 0.721614 0.713564 0.698244 0.6842 0.669873 0.663278 0.662379 0.674493 0.687656 0.676083 0.663906 0.660011 0.658324 0.662397 0.660376 0.657764 0.658557 0.653874 0.638021 0.628691 0.600028 0.59006 0.578204 0.567517 0.563631 0.557206 0.547612 0.540295 0.535816 0.531681 0.52774 0.5241 0.520623 0.517946 0.515208 0.512979 0.51973 0.522038 0.509523 0.482086
-9999 -9999 -9999 -9999 -9999 -9999 -9999 -9999 -9999 0.817015 0.803937 0.785888 0.778115 0.765927 0.747892 0.738248 0.732733 0.731091 0.730771 0.73364 0.734304 0.73768 0.745615 0.757275 0.770371 0.777609 0.768715 0.735074 0.724027 0.734045 0.735876 0.723612 0.707719 0.686369 0.672501 0.667233 0.664269 0.663759 0.672328 0.683439 0.679517 0.668039 0.670107 0.672963 0.664294 0.660089 0.660979 0.65995 0.63883 0.626014 0.607643 0.599022 0.58668 0.571372 0.564645 0.559837 0.550902 0.546124 0.541689 0.537394 0.533406 0.529534 0.525761 0.522608 0.520325 0.523375 0.525271 0.529426 0.525577 0.481197
-9999 -9999 -9999 -9999 -9999 -9999 -9999 -9999 -9999 0.82842 0.813124 0.796237 0.780206 0.764799 0.751206 0.748954 0.740837 0.739112 0.733689 0.732497 0.734732 0.737104 0.743492 0.759262 0.771862 0.785739 0.777704 0.744753 0.736795 0.740679 0.751681 0.73154 0.709876 0.689965 0.677434 0.680311 0.669623 0.666432 0.667288 0.672345 0.682229 0.677921 0.684037 0.68006 0.670102 0.663501 0.659292 0.657341 0.647089 0.626722 0.611547 0.604994 0.59354 0.580768 0.568363 0.56232 0.556308 0.551829 0.547538 0.543266 0.539158 0.535228 0.531477 0.528089 0.529847 0.532587 0.532333 0.53357 0.529196 0.493169
