Test_Spring_2018/03_18/Prec/20180308_012.txt
ncols	170
nrows	115
xllcorner	350000.000000
yllcorner	4445000.000000
cellsize	1000.000000
nodata_value	-9999.000000
[rows 31 to 61 of 115, columns 70 to 139 of 170]
1.0159 1.00579 0.994497 0.9819 0.968933 0.934421 0.886625 0.873105 0.828555 0.816316 0.804698 0.794283 0.784675 0.775757 0.767901 0.759996 0.750577 0.744972 0.73891 0.731578 0.725223 0.718763 0.710469 0.700436 0.691029 0.680712 0.654156 0.626762 0.615875 -9999 -9999 -9999 -9999 -9999 -9999 -9999 -9999 -9999 -9999 -9999 -9999 -9999 -9999 -9999 -9999 -9999 -9999 -9999 -9999 -9999 -9999 -9999 -9999 -9999 -9999 -9999 -9999 -9999 -9999 -9999 -9999 -9999 -9999 -9999 -9999 -9999 -9999 -9999 -9999 -9999
1.0093 0.999057 0.987792 0.975498 0.963306 0.950574 0.879411 0.848557 0.821924 0.80997 0.798544 0.787641 0.777951 0.769074 0.761011 0.752969 0.744092 0.735699 0.730203 0.72374 0.716435 0.710747 0.702909 0.693697 0.68345 0.676476 0.667643 0.621317 0.596942 -9999 -9999 -9999 -9999 -9999 -9999 -9999 -9999 -9999 -9999 -9999 -9999 -9999 -9999 -9999 -9999 -9999 -9999 -9999 -9999 -9999 -9999 -9999 -9999 -9999 -9999 -9999 -9999 -9999 -9999 -9999 -9999 -9999 -9999 -9999 -9999 -9999 -9999 -9999 -9999 -9999
1.00259 0.99268 0.981376 0.969385 0.957563 0.944534 0.909553 0.841985 0.814968 0.803094 0.791713 0.780944 0.771009 0.761851 0.753081 0.744698 0.735934 0.727207 0.720304 0.71497 0.708654 0.702319 0.695032 0.68733 0.678931 0.672316 0.664898 0.638074 0.594294 0.558224 -9999 -9999 -9999 -9999 -9999 -9999 -9999 -9999 -9999 -9999 -9999 -9999 -9999 -9999 -9999 -9999 -9999 -9999 -9999 -9999 -9999 -9999 -9999 -9999 -9999 -9999 -9999 -9999 -9999 -9999 -9999 -9999 -9999 -9999 -9999 -9999 -9999 -9999 -9999 -9999
0.996197 0.986641 0.975253 0.962713 0.950572 0.937769 0.885018 0.81968 0.807113 0.795732 0.784112 0.773225 0.762819 0.753289 0.744353 0.735801 0.727529 0.71952 0.710873 0.706237 0.701375 0.695319 0.689094 0.682212 0.674494 0.668511 0.661421 0.619891 0.563259 0.55591 0.549295 -9999 -9999 -9999 -9999 -9999 -9999 -9999 -9999 -9999 -9999 -9999 -9999 -9999 -9999 -9999 -9999 -9999 -9999 -9999 -9999 -9999 -9999 -9999 -9999 -9999 -9999 -9999 -9999 -9999 -9999 -9999 -9999 -9999 -9999 -9999 -9999 -9999 -9999 -9999
-9999 0.980944 0.969478 0.956638 0.944265 0.931376 0.897203 0.852507 0.800192 0.787772 0.775956 0.7646 0.753744 0.743064 0.734152 0.726169 0.718245 0.710149 0.702553 0.69644 0.692645 0.687664 0.682005 0.676647 0.669725 0.663876 0.657136 0.632534 0.583225 0.554196 0.547791 0.541035 -9999 -9999 -9999 -9999 -9999 -9999 -9999 -9999 -9999 -9999 -9999 -9999 -9999 -9999 -9999 -9999 -9999 -9999 -9999 -9999 -9999 -9999 -9999 -9999 -9999 -9999 -9999 -9999 -9999 -9999 -9999 -9999 -9999 -9999 -9999 -9999 -9999 -9999
-9999 -9999 -9999 -9999 0.937894 0.904354 0.878127 0.846012 0.792839 0.779792 0.767358 0.755366 0.743597 0.733173 0.724073 0.715507 0.70749 0.700588 0.693904 0.687659 0.683098 0.679737 0.674194 0.670159 0.664704 0.659189 0.652439 0.601946 0.579906 0.551274 0.545245 0.538996 -9999 -9999 -9999 -9999 -9999 -9999 -9999 -9999 -9999 -9999 -9999 -9999 -9999 -9999 -9999 -9999 -9999 -9999 -9999 -9999 -9999 -9999 -9999 -9999 -9999 -9999 -9999 -9999 -9999 -9999 -9999 -9999 -9999 -9999 -9999 -9999 -9999 -9999
-9999 -9999 -9999 -9999 -9999 0.898681 0.871671 0.856015 0.785533 0.771416 0.758281 0.74551 0.733505 0.722706 0.713009 0.704407 0.696678 0.689882 0.683706 0.678973 0.675657 0.671573 0.667232 0.663018 0.65878 0.653502 0.630672 0.597475 0.59034 0.547795 0.541658 0.536651 0.531186 -9999 -9999 -9999 -9999 -9999 -9999 -9999 -9999 -9999 -9999 -9999 -9999 0.471503 -9999 -9999 -9999 -9999 -9999 -9999 -9999 -9999 -9999 -9999 -9999 -9999 -9999 -9999 -9999 -9999 -9999 -9999 -9999 -9999 0.275272 -9999 -9999 -9999
-9999 -9999 -9999 -9999 0.928479 0.883311 0.866268 0.848895 0.816275 0.76304 0.748882 0.735152 0.722429 0.711029 0.700785 0.692339 0.68502 0.678529 0.673666 0.670033 0.666719 0.663622 0.660399 0.656711 0.652456 0.647592 0.601922 0.595258 0.588616 0.568183 0.541369 0.535573 0.529588 0.524186 -9999 -9999 -9999 -9999 -9999 -9999 -9999 0.495235 0.490063 0.484367 0.478311 0.472149 0.464122 -9999 -9999 -9999 -9999 -9999 -9999 -9999 -9999 -9999 -9999 -9999 -9999 -9999 -9999 -9999 -9999 -9999 -9999 -9999 0.276418 0.26764 -9999 -9999
-9999 -9999 -9999 -9999 0.896612 0.879283 0.860637 0.841656 0.822202 0.754831 0.738997 0.724338 0.710872 0.698798 0.688302 0.679895 0.672635 0.667091 0.66286 0.660161 0.657702 0.655216 0.652586 0.649604 0.645705 0.641566 0.59876 0.592488 0.585527 0.578352 0.540149 0.533557 0.527312 0.521756 -9999 -9999 -9999 -9999 -9999 -9999 0.500794 0.49705 0.492396 0.485765 0.479971 0.47337 0.4653 0.424102 -9999 -9999 -9999 -9999 -9999 -9999 -9999 -9999 -9999 -9999 -9999 -9999 -9999 -9999 0.30733 0.300957 0.292824 0.285036 0.276962 0.267901 -9999 -9999
-9999 -9999 -9999 -9999 0.894242 0.875614 0.855518 0.834578 0.812943 0.756493 0.729133 0.713142 0.69871 0.686134 0.675558 0.666662 0.659978 0.654588 0.651952 0.649744 0.648061 0.646139 0.644416 0.641393 0.638244 0.599533 0.595288 0.588898 0.581356 0.57322 0.545796 0.530945 0.525944 0.520775 -9999 -9999 -9999 -9999 -9999 -9999 0.50221 0.498704 0.494314 0.488554 0.480956 0.474511 0.436515 0.425761 0.415269 0.405447 0.395551 0.37639 0.357313 0.349945 0.342993 0.337528 -9999 -9999 -9999 -9999 0.31701 0.313068 0.308631 0.303045 0.294725 0.286288 0.277125 0.257052 -9999 -9999
-9999 -9999 -9999 -9999 0.893294 0.8728 0.850597 0.827227 0.803856 0.746616 0.719012 0.693219 0.678779 0.666434 0.656279 0.648195 0.642009 0.638097 0.635614 0.634048 0.632105 0.630127 0.629922 0.634234 0.610417 0.596213 0.591911 0.585381 0.577405 0.56886 0.543472 0.529827 0.524702 0.517393 -9999 -9999 -9999 0.508553 0.507251 0.504657 0.501717 0.498692 0.494557 0.490603 0.483978 0.462997 0.438826 0.427186 0.415208 0.404173 0.394403 0.384163 0.356406 0.348752 0.341711 0.331457 0.327435 0.323924 0.320711 0.317549 0.314331 0.310771 0.306519 0.301082 0.296787 0.288609 0.279801 0.249856 -9999 -9999
-9999 -9999 -9999 -9999 0.874911 0.853251 0.830229 0.806267 0.781563 0.757636 0.705888 0.682641 0.667373 0.654087 0.644 0.636102 0.630592 0.627148 0.625369 0.623969 0.622855 0.621872 0.621307 0.603865 0.600502 0.586893 0.582702 0.581942 0.569527 0.561277 0.55454 0.532864 0.520164 0.515483 -9999 -9999 0.509109 0.509375 0.508901 0.507338 0.504618 0.500824 0.496901 0.491002 0.484863 0.46525 0.440911 0.429592 0.415892 0.403944 0.384245 0.37365 0.356687 0.341694 0.335588 0.330533 0.326712 0.323514 0.320797 0.31825 0.315409 0.312307 0.308396 0.303248 0.295713 0.287805 0.270003 0.24919 -9999 -9999
-9999 -9999 -9999 -9999 0.860092 0.836706 0.812413 0.787253 0.762493 0.747639 0.695577 0.676617 0.656429 0.642727 0.63195 0.624568 0.619519 0.616829 0.616017 0.615653 0.615839 0.615551 0.615454 0.599766 0.597296 0.578681 0.573928 0.568071 0.561798 0.55573 0.55245 0.531031 0.526058 0.515423 0.51226 -9999 0.509769 0.509451 0.509715 0.509249 0.507503 0.503534 0.499749 0.493819 0.477878 0.467966 0.44393 0.422143 0.409489 0.396961 0.385708 0.372187 0.35476 0.346665 0.334154 0.329366 0.32576 0.323034 0.320881 0.318934 0.316774 0.314043 0.310396 0.30555 0.298804 0.283658 0.272618 0.251283 -9999 -9999
-9999 -9999 -9999 0.894043 0.859985 0.835196 0.808919 0.782125 0.755451 0.729466 0.680173 0.66665 0.649086 0.632568 0.621171 0.613676 0.609219 0.607629 0.607681 0.609086 0.610687 0.6109 0.599955 0.594124 0.590425 0.57719 0.572178 0.567371 0.561029 0.553851 0.546672 0.526774 0.524543 0.520227 0.511779 0.510736 0.510847 0.51083 0.51102 0.511256 0.510107 0.507152 0.502527 0.489805 0.481233 0.461501 0.437701 0.423981 0.41004 0.396663 0.383884 0.37234 0.355141 0.344175 0.337475 0.328074 0.324835 0.322608 0.321027 0.319664 0.318049 0.315746 0.312432 0.307812 0.29645 0.287009 0.269646 0.249303 -9999 -9999
-9999 -9999 -9999 -9999 0.859508 0.83275 0.804716 0.776348 0.748359 0.721263 0.672614 0.653048 0.636557 0.625234 0.612519 0.604496 0.600939 0.599782 0.600805 0.603052 0.605924 0.596307 0.595165 0.593251 0.589675 0.577864 0.572877 0.566848 0.560119 0.551953 0.543904 0.524057 0.519052 0.516375 0.514638 0.51129 0.511509 0.512831 0.513435 0.51275 0.510972 0.509356 0.500347 0.486327 0.476276 0.463865 0.440007 0.425137 0.410834 0.396664 0.383157 0.369288 0.352892 0.343914 0.337363 0.330106 0.32404 0.322275 0.321221 0.320369 0.319235 0.317335 0.314295 0.306298 0.295518 0.285477 0.271438 0.250984 -9999 -9999
-9999 -9999 -9999 -9999 -9999 -9999 0.801242 0.771871 0.7427 0.7146 0.666635 0.646874 0.630061 0.616391 0.605873 0.598621 0.594649 0.593832 0.594447 0.596894 0.595529 0.596208 0.596012 0.593364 0.582973 0.579027 0.573245 0.565916 0.558433 0.550833 0.542449 0.523649 0.51856 0.514752 0.513102 0.513766 0.513954 0.515641 0.516146 0.514851 0.51337 0.505096 0.498654 0.489802 0.478687 0.465657 0.441548 0.425716 0.411289 0.396584 0.382185 0.368825 0.351173 0.342347 0.335073 0.330102 0.326344 0.322061 0.321422 0.320997 0.320239 0.318646 0.311965 0.305882 0.29791 0.28814 0.273555 0.251822 -9999 -9999
-9999 -9999 -9999 -9999 -9999 -9999 0.797521 0.76746 0.738054 0.710363 0.662419 0.642638 0.625751 0.612353 0.602152 0.594977 0.591027 0.589778 0.589394 0.591079 0.593454 0.594868 0.594835 0.592324 0.583533 0.57847 0.572302 0.564536 0.556792 0.549464 0.54116 0.52262 0.518339 0.514418 0.513803 0.513954 0.514834 0.516502 0.517685 0.516866 0.512617 0.50768 0.501194 0.49159 0.479614 0.466867 0.442244 0.425684 0.411125 0.396243 0.381591 0.368284 0.350403 0.341241 0.3341 0.328842 0.325271 0.323081 0.321576 0.321422 0.320908 0.317862 0.313673 0.307522 0.29938 0.289371 0.27563 0.252442 -9999 -9999
-9999 -9999 -9999 -9999 -9999 -9999 -9999 0.763584 0.734837 0.707706 0.659912 0.640237 0.624045 0.610938 0.600961 0.594392 0.590423 0.58872 0.587472 0.589166 0.591339 0.593445 0.593966 0.592507 0.58251 0.576831 0.569248 0.561315 0.554484 0.547529 0.53979 0.521812 0.517563 0.51639 0.516096 0.516562 0.517029 0.517031 0.518004 0.517472 0.513727 0.508847 0.50191 0.491796 0.480063 0.466919 0.442127 0.426334 0.410662 0.395944 0.381032 0.367853 0.350095 0.340803 0.33359 0.328319 0.324849 0.322781 0.321845 0.321585 0.320733 0.318389 0.314175 0.307944 0.299699 0.289566 0.277601 0.256057 0.240175 -9999
-9999 -9999 -9999 -9999 -9999 -9999 -9999 0.759973 0.731455 0.705377 0.658091 0.639931 0.624493 0.611917 0.602135 0.59529 0.59039 0.589525 0.588107 0.588371 0.589878 0.589884 0.591388 0.591618 0.581378 0.57267 0.565582 0.558363 0.552082 0.545547 0.538904 0.520121 0.516911 0.516809 0.516828 0.517233 0.517851 0.517195 0.517359 0.517372 0.513813 0.508634 0.50079 0.491085 0.478937 0.465625 0.44165 0.425608 0.409973 0.395439 0.380515 0.367797 0.350063 0.340775 0.333543 0.328552 0.325038 0.322983 0.321414 0.321305 0.320671 0.317611 0.313335 0.30705 0.298769 0.288662 0.276918 0.257217 0.241631 0.226336
-9999 -9999 -9999 -9999 -9999 -9999 -9999 -9999 0.728638 0.704523 0.658067 0.640739 0.626568 0.614738 0.599744 0.595346 0.592099 0.590309 0.588687 0.587127 0.587007 0.589759 0.591343 0.590755 0.580287 0.57215 0.565229 0.559035 0.553412 0.546502 0.540008 0.521471 0.518504 0.516143 0.515483 0.513817 0.513571 0.515566 0.51623 0.514811 0.512046 0.505787 0.498129 0.488617 0.477285 0.464613 0.439787 0.425032 0.409531 0.39504 0.380989 0.368022 0.350386 0.341136 0.334336 0.329303 0.325759 0.321261 0.320872 0.320506 0.319609 0.317695 0.311158 0.304839 0.296631 0.28666 0.275171 0.255901 0.241651 0.226529
-9999 -9999 -9999 -9999 -9999 -9999 -9999 -9999 0.726663 0.704216 0.65798 0.642781 0.619644 0.608407 0.602344 0.597984 0.594764 0.592267 0.590671 0.58832 0.585736 0.590424 0.590439 0.58965 0.586584 0.571215 0.566332 0.5598 0.553947 0.546872 0.540704 0.52287 0.519709 0.517182 0.511024 0.506907 0.510411 0.512239 0.512814 0.511528 0.508417 0.503411 0.497169 0.484648 0.472822 0.461439 0.437468 0.422871 0.408334 0.394256 0.380875 0.368497 0.351067 0.342483 0.335373 0.327408 0.321942 0.320683 0.31992 0.319138 0.317838 0.315588 0.312038 0.304516 0.293402 0.283709 0.272613 0.253683 0.240176 0.226324
-9999 -9999 -9999 -9999 -9999 -9999 -9999 -9999 0.722569 0.703128 0.644239 0.63196 0.61818 0.610509 0.604759 0.600175 0.597135 0.594541 0.592575 0.590318 0.587241 0.584551 0.588267 0.589241 0.585201 0.571934 0.566403 0.560017 0.553623 0.547868 0.542525 0.523739 0.513249 0.511381 0.504359 0.504945 0.507424 0.50791 0.50709 0.506885 0.503393 0.498166 0.490718 0.482342 0.472559 0.456302 0.433064 0.418823 0.405724 0.392941 0.380556 0.368931 0.351651 0.338574 0.332541 0.323999 0.321448 0.319754 0.318494 0.317206 0.315434 0.312774 0.308943 0.303751 0.293282 0.284465 0.269415 0.250925 0.238223 0.225229
-9999 -9999 -9999 -9999 -9999 -9999 -9999 -9999 0.70714 0.656373 0.64384 0.62734 0.619101 0.611856 0.606607 0.602324 0.598952 0.596013 0.593355 0.590744 0.587386 0.584153 0.583312 0.586748 0.584967 0.571579 0.56461 0.559129 0.553513 0.53915 0.534394 0.515378 0.513374 0.502477 0.502169 0.501656 0.503789 0.503764 0.502369 0.500997 0.497321 0.490867 0.483258 0.475169 0.467033 0.455816 0.431885 0.41486 0.402598 0.3914 0.374037 0.363209 0.346401 0.339086 0.32744 0.32347 0.320557 0.318392 0.316587 0.314749 0.312475 0.309401 0.305295 0.299982 0.293361 0.280275 0.270569 0.25222 0.235956 0.223928
-9999 -9999 -9999 -9999 -9999 -9999 -9999 -9999 0.702159 0.653458 0.64211 0.626599 0.619168 0.612622 0.607485 0.60321 0.599489 0.596535 0.593754 0.590755 0.587981 0.58446 0.58015 0.579755 0.581653 0.568021 0.553813 0.549079 0.543742 0.538407 0.515072 0.513528 0.501078 0.499664 0.499254 0.498691 0.499477 0.498749 0.497199 0.494595 0.489699 0.48307 0.47547 0.468841 0.459993 0.45078 0.425972 0.410708 0.398973 0.387001 0.372644 0.36201 0.346014 0.33177 0.32655 0.322427 0.319197 0.316535 0.314204 0.311806 0.309029 0.30558 0.301229 0.295844 0.289354 0.281767 0.266567 0.248703 0.237693 0.222384
-9999 -9999 -9999 -9999 -9999 -9999 -9999 -9999 -9999 0.643552 0.626352 0.618859 0.612032 0.606278 0.601422 0.5972 0.593522 0.590294 0.587169 0.583734 0.579963 0.575422 0.570947 0.567892 0.569526 0.554442 0.549758 0.54616 0.541719 0.536291 0.510341 0.496393 0.496405 0.495612 0.494991 0.494381 0.494328 0.492985 0.490782 0.487185 0.480909 0.474146 0.466836 0.459455 0.450447 0.441761 0.417275 0.406752 0.395608 0.384464 0.372684 0.353188 0.336919 0.330616 0.324923 0.320628 0.317287 0.314181 0.311327 0.308418 0.3052 0.301416 0.296878 0.290465 0.28385 0.276268 0.259888 0.241872 0.231257 0.220481
-9999 -9999 -9999 -9999 -9999 -9999 -9999 -9999 -9999 0.629624 0.621728 0.615562 0.60887 0.603503 0.599131 0.594853 0.590849 0.587282 0.583913 0.58053 0.576379 0.572093 0.567653 0.563683 0.560086 0.549889 0.545855 0.543069 0.538819 0.53428 0.493093 0.490471 0.490623 0.490853 0.489984 0.488865 0.486014 0.484698 0.48151 0.477194 0.472804 0.467211 0.460018 0.453482 0.444722 0.436365 0.411936 0.401841 0.391417 0.381675 0.370775 0.351178 0.334383 0.328312 0.322642 0.318446 0.314545 0.310957 0.307552 0.304111 0.300388 0.296189 0.291329 0.285717 0.279308 0.272092 0.264101 0.246124 0.226865 0.217168
-9999 -9999 -9999 -9999 -9999 -9999 -9999 -9999 -9999 0.623427 0.615786 0.610115 0.604983 0.599124 0.59502 0.591208 0.587067 0.583244 0.579613 0.576303 0.571979 0.567443 0.563034 0.558312 0.554938 0.552195 0.542793 0.539616 0.535525 0.531163 0.489097 0.487509 0.486895 0.485997 0.484787 0.483215 0.481206 0.478951 0.475693 0.472105 0.467096 0.460721 0.454327 0.448 0.439063 0.431071 0.423013 0.396854 0.387864 0.378559 0.368036 0.338327 0.331919 0.325858 0.320552 0.315732 0.311369 0.307462 0.303627 0.299794 0.295751 0.291324 0.286392 0.280846 0.274673 0.267764 0.26021 0.25123 0.223326 0.214665
-9999 -9999 -9999 -9999 -9999 -9999 -9999 -9999 -9999 0.616056 0.609237 0.603984 0.598833 0.593442 0.589624 0.58632 0.582457 0.578569 0.575203 0.571595 0.567481 0.563228 0.558812 0.554955 0.550286 0.548278 0.538856 0.535802 0.5323 0.487509 0.484595 0.483179 0.482001 0.480526 0.479569 0.477761 0.475496 0.472046 0.468666 0.465439 0.46108 0.455817 0.449234 0.44285 0.435218 0.427372 0.419078 0.392863 0.384038 0.374898 0.354362 0.335902 0.329159 0.322948 0.317397 0.31223 0.307628 0.303432 0.299266 0.295118 0.29083 0.286273 0.281318 0.275871 0.269942 0.263313 0.256028 0.247954 0.218983 0.212043
-9999 -9999 -9999 -9999 -9999 -9999 -9999 -9999 -9999 0.607017 0.60122 0.596332 0.591111 0.585952 0.583197 0.580245 0.576558 0.572962 0.56954 0.565314 0.562402 0.559197 0.555125 0.550534 0.545767 0.542906 0.529815 0.531538 0.52829 0.481898 0.478938 0.477053 0.476109 0.475136 0.474216 0.472397 0.469783 0.465485 0.460659 0.457938 0.454686 0.449909 0.444224 0.437259 0.430309 0.422859 0.414582 0.391264 0.379462 0.371003 0.339467 0.332081 0.325478 0.319376 0.313178 0.307826 0.303302 0.298914 0.29447 0.290093 0.28566 0.281036 0.276135 0.270811 0.26511 0.258953 0.251455 0.244075 0.227088 0.209355
-9999 -9999 -9999 -9999 -9999 -9999 -9999 -9999 -9999 0.59685 0.591344 0.586988 0.582162 0.578388 0.575761 0.572698 0.569569 0.566315 0.563127 0.559737 0.556655 0.553316 0.549492 0.545252 0.540833 0.537013 0.534897 0.526501 0.50617 0.47654 0.473452 0.471988 0.471008 0.470657 0.469497 0.46733 0.464732 0.461594 0.457124 0.451929 0.447804 0.443903 0.437964 0.431332 0.42534 0.418344 0.410363 0.402246 0.375821 0.354835 0.334952 0.327531 0.321 0.315327 0.3093 0.303592 0.298783 0.293906 0.289255 0.284738 0.280221 0.275618 0.270838 0.265753 0.260288 0.253944 0.247408 0.240344 0.233891 0.207014
-9999 -9999 -9999 -9999 -9999 -9999 -9999 -9999 -9999 0.585632 0.581053 0.577112 0.57357 0.570447 0.56759 0.563945 0.56128 0.558233 0.555809 0.553103 0.550145 0.547232 0.543913 0.53959 0.535575 0.531391 0.5295 0.518059 0.475252 0.471934 0.467936 0.467307 0.466887 0.46629 0.464869 0.461706 0.4598 0.45684 0.453113 0.448528 0.442954 0.438353 0.432083 0.426306 0.4206 0.414017 0.406729 0.398849 0.376326 0.350961 0.33069 0.32302 0.316305 0.310224 0.304621 0.298847 0.293529 0.28844 0.283635 0.279033 0.274519 0.269992 0.265363 0.260537 0.254951 0.249009 0.243119 0.236821 0.230904 0.217278
