Test_Spring_2018/03_18/Prec/20180312_015.txt
ncols	170
nrows	115
xllcorner	350000.000000
yllcorner	4445000.000000
cellsize	1000.000000
nodata_value	-9999.000000
[rows 32 to 63 of 115, columns 72 to 143 of 170]
0.552336 0.546853 0.546582 0.546083 0.559426 0.55024 0.544012 0.542109 0.538825 0.533588 0.531057 0.528722 0.527185 0.521807 0.507684 0.495143 0.502092 0.502744 0.498897 0.508386 0.505549 0.496079 0.482357 0.494136 0.495277 0.498517 0.489616 -9999 -9999 -9999 -9999 -9999 -9999 -9999 -9999 -9999 -9999 -9999 -9999 -9999 -9999 -9999 -9999 -9999 -9999 -9999 -9999 -9999 -9999 -9999 -9999 -9999 -9999 -9999 -9999 -9999 -9999 -9999 -9999 -9999 -9999 -9999 -9999 -9999 -9999 -9999 -9999 -9999 -9999 -9999 -9999 -9999
0.539329 0.535367 0.536939 0.533627 0.543406 0.542668 0.534244 0.532816 0.530343 0.527041 0.524198 0.521509 0.516688 0.510396 0.498143 0.483805 0.480804 0.488346 0.489583 0.491974 0.489615 0.486622 0.481174 0.490433 0.496076 0.496746 0.48673 0.479234 -9999 -9999 -9999 -9999 -9999 -9999 -9999 -9999 -9999 -9999 -9999 -9999 -9999 -9999 -9999 -9999 -9999 -9999 -9999 -9999 -9999 -9999 -9999 -9999 -9999 -9999 -9999 -9999 -9999 -9999 -9999 -9999 -9999 -9999 -9999 -9999 -9999 -9999 -9999 -9999 -9999 -9999 -9999 -9999
0.525819 0.518459 0.518399 0.5175 0.527658 0.520901 0.51921 0.522645 0.520254 0.518065 0.513934 0.510537 0.506158 0.499835 0.491546 0.482041 0.465985 0.476663 0.485559 0.486779 0.488147 0.486767 0.48166 0.490728 0.493968 0.484433 0.476039 0.47243 0.472431 -9999 -9999 -9999 -9999 -9999 -9999 -9999 -9999 -9999 -9999 -9999 -9999 -9999 -9999 -9999 -9999 -9999 -9999 -9999 -9999 -9999 -9999 -9999 -9999 -9999 -9999 -9999 -9999 -9999 -9999 -9999 -9999 -9999 -9999 -9999 -9999 -9999 -9999 -9999 -9999 -9999 -9999 -9999
0.512008 0.503908 0.504077 0.504992 0.50402 0.50796 0.511126 0.510343 0.50964 0.507126 0.502533 0.493376 0.490795 0.489326 0.483524 0.472608 0.462193 0.460159 0.473353 0.478415 0.479727 0.484741 0.480913 0.486706 0.488315 0.479776 0.471868 0.469216 0.467366 0.461295 -9999 -9999 -9999 -9999 -9999 -9999 -9999 -9999 -9999 -9999 -9999 -9999 -9999 -9999 -9999 -9999 -9999 -9999 -9999 -9999 -9999 -9999 -9999 -9999 -9999 -9999 -9999 -9999 -9999 -9999 -9999 -9999 -9999 -9999 -9999 -9999 -9999 -9999 -9999 -9999 -9999 -9999
-9999 -9999 0.488307 0.487902 0.478093 0.495192 0.50012 0.499601 0.498987 0.496036 0.488498 0.483753 0.481585 0.476764 0.469946 0.465902 0.459443 0.453301 0.457375 0.469505 0.467254 0.477111 0.479302 0.483526 0.481547 0.460863 0.457805 0.456762 0.454888 0.449775 -9999 -9999 -9999 -9999 -9999 -9999 -9999 -9999 -9999 -9999 -9999 -9999 -9999 -9999 -9999 -9999 -9999 -9999 -9999 -9999 -9999 -9999 -9999 -9999 -9999 -9999 -9999 -9999 -9999 -9999 -9999 -9999 -9999 -9999 -9999 -9999 -9999 -9999 -9999 -9999 -9999 -9999
-9999 -9999 -9999 0.478369 0.467671 0.47154 0.489281 0.487549 0.487806 0.484501 0.47947 0.47519 0.470708 0.466159 0.460539 0.455191 0.449154 0.449572 0.457786 0.460102 0.46141 0.465458 0.471945 0.474183 0.463359 0.445625 0.44101 0.439435 0.434812 0.43623 0.432335 -9999 -9999 -9999 -9999 -9999 -9999 -9999 -9999 -9999 -9999 -9999 -9999 0.440075 -9999 -9999 -9999 -9999 -9999 -9999 -9999 -9999 -9999 -9999 -9999 -9999 -9999 -9999 -9999 -9999 -9999 -9999 -9999 -9999 0.320723 -9999 -9999 -9999 -9999 -9999 -9999 -9999
-9999 -9999 0.474324 0.46319 0.463628 0.46463 0.475926 0.476772 0.476997 0.473124 0.468001 0.463027 0.456688 0.453552 0.449545 0.443655 0.442884 0.44622 0.449196 0.452961 0.456786 0.459663 0.461843 0.463545 0.448758 0.445445 0.443602 0.439712 0.437197 0.431465 0.422018 0.414151 -9999 -9999 -9999 -9999 -9999 -9999 -9999 0.425332 0.424794 0.424602 0.425969 0.430474 0.425472 -9999 -9999 -9999 -9999 -9999 -9999 -9999 -9999 -9999 -9999 -9999 -9999 -9999 -9999 -9999 -9999 -9999 -9999 -9999 0.314356 0.302526 -9999 -9999 -9999 -9999 -9999 -9999
-9999 -9999 0.455358 0.457385 0.456527 0.457122 0.455414 0.468253 0.465146 0.461884 0.457154 0.45135 0.445266 0.442516 0.437236 0.434627 0.433656 0.437978 0.440917 0.442886 0.445106 0.447804 0.448215 0.451689 0.441532 0.44058 0.436555 0.431639 0.432638 0.420089 0.40714 0.396093 -9999 -9999 -9999 -9999 -9999 -9999 0.413563 0.418351 0.421319 0.415387 0.420174 0.424008 0.421783 0.398763 -9999 -9999 -9999 -9999 -9999 -9999 -9999 -9999 -9999 -9999 -9999 -9999 -9999 -9999 0.349237 0.33963 0.322104 0.311478 0.303265 0.292208 -9999 -9999 -9999 -9999 -9999 -9999
-9999 -9999 0.447962 0.45071 0.451025 0.45029 0.446232 0.444863 0.455323 0.450679 0.445332 0.440138 0.435483 0.42919 0.425759 0.420314 0.425143 0.426666 0.428346 0.427623 0.430006 0.427074 0.428402 0.420515 0.430579 0.428989 0.421548 0.410834 0.398415 0.404479 0.398678 0.388269 -9999 -9999 -9999 -9999 -9999 -9999 0.403201 0.408581 0.413255 0.414246 0.408348 0.416064 0.399666 0.392012 0.387088 0.3862 0.382729 0.379023 0.379172 0.373781 0.36515 0.361175 -9999 -9999 -9999 -9999 0.34229 0.340702 0.33935 0.33465 0.316205 0.302423 0.288956 0.266893 -9999 -9999 -9999 -9999 -9999 -9999
-9999 -9999 0.445979 0.446462 0.444509 0.440394 0.438319 0.435715 0.444797 0.43299 0.427284 0.422136 0.417664 0.413213 0.40855 0.408029 0.408219 0.408478 0.4029 0.396819 0.405382 0.411725 0.397026 0.40895 0.418612 0.416697 0.407364 0.395193 0.392556 0.399203 0.391182 0.372869 -9999 -9999 -9999 0.373948 0.380174 0.380312 0.382343 0.389211 0.394568 0.406572 0.409493 0.405157 0.391173 0.383555 0.374591 0.37139 0.374484 0.370258 0.370521 0.364682 0.355739 0.342213 0.339306 0.336016 0.332585 0.329169 0.326888 0.325433 0.323739 0.319338 0.310635 0.300062 0.291565 0.254503 -9999 -9999 -9999 -9999 -9999 -9999
-9999 -9999 0.430539 0.430305 0.428868 0.428193 0.423395 0.420289 0.415312 0.423177 0.417328 0.40909 0.406321 0.402208 0.399282 0.397378 0.396599 0.391442 0.384876 0.379287 0.379634 0.379665 0.377405 0.383838 0.393609 0.403598 0.39046 0.379882 0.378998 0.376731 0.370793 0.358331 -9999 -9999 0.353323 0.365596 0.374278 0.37879 0.380318 0.380766 0.387573 0.388349 0.395124 0.388831 0.369575 0.367285 0.368041 0.365075 0.35153 0.346126 0.345944 0.346539 0.340801 0.334728 0.330858 0.326669 0.32321 0.320567 0.31774 0.316964 0.316043 0.31313 0.300844 0.293289 0.270288 0.240726 -9999 -9999 -9999 -9999 -9999 -9999
-9999 -9999 0.42082 0.420321 0.419654 0.415535 0.413124 0.413417 0.405659 0.403108 0.407936 0.399891 0.393189 0.391383 0.388442 0.386973 0.386975 0.382465 0.378304 0.371291 0.369424 0.36429 0.366739 0.359374 0.366143 0.368658 0.370277 0.373775 0.378803 0.372577 0.365314 0.356706 0.347995 -9999 0.347394 0.352042 0.362511 0.371805 0.378023 0.376138 0.38388 0.385551 0.386133 0.382716 0.367506 0.351754 0.346877 0.340944 0.340197 0.343587 0.340452 0.334873 0.332865 0.327128 0.322208 0.317988 0.314743 0.312529 0.311047 0.31015 0.309321 0.307879 0.301648 0.282424 0.267009 0.236348 -9999 -9999 -9999 -9999 -9999 -9999
-9999 0.410851 0.416741 0.418143 0.4157 0.412235 0.408227 0.403582 0.397907 0.397306 0.391753 0.392704 0.382091 0.377952 0.375845 0.37736 0.377752 0.379457 0.379061 0.36989 0.365406 0.35921 0.3549 0.354355 0.360425 0.371663 0.374384 0.371762 0.367878 0.361206 0.362074 0.353398 0.341 0.340217 0.344871 0.3482 0.354948 0.366395 0.374767 0.378837 0.38069 0.381039 0.382089 0.368808 0.355855 0.350098 0.342613 0.336776 0.330917 0.327748 0.32475 0.32784 0.322788 0.319792 0.314823 0.310748 0.307765 0.305877 0.3048 0.304178 0.303882 0.303336 0.29257 0.282353 0.254385 0.231049 -9999 -9999 -9999 -9999 -9999 -9999
-9999 -9999 0.411697 0.409702 0.405477 0.40133 0.398016 0.394819 0.391628 0.386351 0.382949 0.380073 0.375219 0.36568 0.366752 0.367138 0.369478 0.371947 0.375389 0.362198 0.360392 0.360369 0.356555 0.363423 0.370781 0.374872 0.376335 0.368233 0.359517 0.348461 0.337696 0.337363 0.333913 0.338081 0.340532 0.350171 0.356973 0.359616 0.361832 0.374227 0.375636 0.37058 0.371591 0.364662 0.353872 0.345911 0.341569 0.335562 0.329528 0.314461 0.31781 0.31206 0.312046 0.311805 0.30901 0.305072 0.302344 0.300598 0.299774 0.299478 0.299442 0.292517 0.285737 0.276792 0.249157 0.227629 -9999 -9999 -9999 -9999 -9999 -9999
-9999 -9999 -9999 -9999 0.39956 0.395975 0.39145 0.387605 0.386927 0.382891 0.378622 0.373853 0.367854 0.362238 0.357823 0.35739 0.353371 0.358826 0.365145 0.368616 0.372321 0.366696 0.365569 0.375412 0.378238 0.374374 0.371676 0.368487 0.358239 0.35065 0.338587 0.329255 0.329006 0.339715 0.35031 0.360147 0.364068 0.3606 0.363486 0.365665 0.370855 0.372112 0.368779 0.361181 0.350747 0.340701 0.33997 0.334468 0.326071 0.317894 0.3131 0.309869 0.305423 0.305142 0.302306 0.300987 0.298371 0.296847 0.296165 0.29601 0.290222 0.287408 0.283627 0.278613 0.249923 0.22156 -9999 -9999 -9999 -9999 -9999 -9999
-9999 -9999 -9999 -9999 0.391793 0.387403 0.384637 0.386384 0.383479 0.379517 0.37425 0.370306 0.365011 0.357694 0.351655 0.346299 0.340952 0.345249 0.355595 0.363659 0.368332 0.363802 0.37272 0.375503 0.376347 0.3701 0.366129 0.365225 0.355752 0.347329 0.340099 0.328962 0.334688 0.340499 0.347563 0.359778 0.367064 0.369337 0.364822 0.366969 0.372778 0.3703 0.36296 0.35967 0.347053 0.334891 0.33611 0.332056 0.324319 0.318598 0.312536 0.307806 0.304555 0.301982 0.299652 0.297145 0.295675 0.29426 0.293686 0.29113 0.288856 0.285816 0.281681 0.276356 0.255296 0.218144 -9999 -9999 -9999 -9999 -9999 -9999
-9999 -9999 -9999 -9999 -9999 0.379055 0.380182 0.38459 0.380408 0.374899 0.372065 0.367842 0.362092 0.357395 0.350114 0.34186 0.328198 0.332822 0.34229 0.355872 0.365186 0.368737 0.369573 0.368582 0.359904 0.352589 0.354847 0.356236 0.350237 0.344441 0.336601 0.343702 0.350833 0.35806 0.361603 0.360221 0.36652 0.371135 0.367029 0.369716 0.372743 0.36726 0.362301 0.35707 0.343813 0.337953 0.332362 0.330298 0.321498 0.31726 0.312062 0.306556 0.302727 0.299801 0.297756 0.295575 0.29393 0.292831 0.291532 0.289898 0.287404 0.283976 0.279482 0.273797 0.265706 0.24041 0.222745 -9999 -9999 -9999 -9999 -9999
-9999 -9999 -9999 -9999 -9999 0.369713 0.36767 0.374222 0.371518 0.3719 0.370179 0.366273 0.359454 0.35438 0.344482 0.340962 0.32754 0.324136 0.330875 0.331717 0.349509 0.366117 0.366837 0.345036 0.339628 0.336748 0.342012 0.345296 0.345783 0.334574 0.333107 0.347002 0.355899 0.362555 0.367255 0.367282 0.366491 0.373858 0.374092 0.374699 0.371177 0.368067 0.359584 0.352393 0.344426 0.335737 0.329307 0.327458 0.317557 0.315577 0.310231 0.304162 0.299786 0.29861 0.296272 0.29442 0.292036 0.291201 0.289555 0.288081 0.28545 0.281723 0.276814 0.270917 0.263754 0.250736 0.23413 0.221565 0.213825 -9999 -9999 -9999
-9999 -9999 -9999 -9999 -9999 -9999 0.353754 0.365331 0.366873 0.366421 0.367962 0.365023 0.356629 0.352062 0.343025 0.335089 0.322948 0.309376 0.308122 0.330833 0.351491 0.36409 0.365862 0.347936 0.34303 0.346146 0.354521 0.353519 0.353303 0.345402 0.344812 0.342581 0.346758 0.354792 0.360821 0.367857 0.371955 0.370523 0.370619 0.372534 0.36949 0.366329 0.361606 0.356572 0.341449 0.338678 0.330204 0.325806 0.319327 0.313236 0.30801 0.300955 0.298885 0.297292 0.295189 0.289954 0.289604 0.288743 0.286987 0.2841 0.282723 0.278712 0.273634 0.267415 0.260231 0.248766 0.23874 0.224545 0.208419 0.190469 -9999 -9999
-9999 -9999 -9999 -9999 -9999 -9999 0.342664 0.354586 0.356874 0.36317 0.359708 0.357642 0.356034 0.352233 0.345182 0.335174 0.326755 0.311565 0.295993 0.319594 0.348216 0.361272 0.364875 0.349254 0.357389 0.356517 0.361287 0.356947 0.356792 0.356676 0.353963 0.35036 0.343547 0.338701 0.355447 0.363764 0.369383 0.370485 0.369138 0.365911 0.363742 0.362352 0.351261 0.351645 0.340531 0.334257 0.327967 0.322148 0.316349 0.310819 0.306304 0.302108 0.296965 0.289741 0.286597 0.286581 0.28621 0.285147 0.28316 0.280128 0.275923 0.272627 0.269712 0.263379 0.256126 0.244787 0.235782 0.226111 0.215183 0.195272 0.179373 0.16357
-9999 -9999 -9999 -9999 -9999 -9999 0.316501 0.336379 0.342575 0.35022 0.353186 0.354066 0.353745 0.349162 0.345534 0.338104 0.331042 0.320707 0.305779 0.29651 0.31581 0.33974 0.362206 0.363432 0.365574 0.363686 0.362309 0.364608 0.367694 0.364903 0.356333 0.350003 0.344492 0.343661 0.356478 0.358516 0.357045 0.367581 0.364623 0.359915 0.350335 0.343872 0.339337 0.337659 0.329238 0.319734 0.317861 0.315727 0.311964 0.307341 0.303138 0.288657 0.287108 0.28265 0.282507 0.28224 0.28161 0.280351 0.278194 0.274914 0.270598 0.265324 0.261479 0.254273 0.251542 0.240407 0.231819 0.222713 0.213394 0.20262 0.191147 0.173145
-9999 -9999 -9999 -9999 -9999 -9999 0.305207 0.320181 0.334782 0.33885 0.347237 0.348311 0.350606 0.34894 0.345239 0.338672 0.330686 0.321965 0.308955 0.299242 0.309602 0.329389 0.34118 0.346032 0.361949 0.364062 0.365494 0.361505 0.363381 0.364722 0.362808 0.350152 0.34803 0.342973 0.356922 0.358741 0.356092 0.360535 0.35732 0.343987 0.332055 0.325914 0.329888 0.320011 0.307536 0.308123 0.30591 0.308952 0.287483 0.284675 0.285543 0.28425 0.278076 0.277673 0.277301 0.276823 0.275913 0.274436 0.272124 0.2687 0.26434 0.25902 0.252681 0.248638 0.240829 0.229243 0.22742 0.218985 0.210359 0.201435 0.180326 0.168049
-9999 -9999 -9999 -9999 -9999 -9999 0.293943 0.310303 0.323485 0.332132 0.341331 0.344478 0.34662 0.345697 0.341579 0.337858 0.332489 0.324673 0.31907 0.310149 0.298425 0.317027 0.327962 0.333752 0.329123 0.336256 0.338513 0.338993 0.352956 0.358684 0.352859 0.348771 0.348989 0.347056 0.355215 0.355502 0.35457 0.352418 0.341647 0.326871 0.313605 0.315091 0.308517 0.311701 0.291084 0.276645 0.277118 0.274355 0.277783 0.271652 0.27826 0.271632 0.27149 0.271356 0.27113 0.270284 0.269246 0.267457 0.264926 0.261519 0.257154 0.251942 0.2459 0.239172 0.234986 0.223919 0.215663 0.193293 0.185062 0.186332 0.179185 0.166571
-9999 -9999 -9999 -9999 -9999 -9999 -9999 0.289641 0.302377 0.318635 0.327498 0.332969 0.33539 0.334748 0.332384 0.329596 0.325795 0.319646 0.312177 0.301164 0.292875 0.296829 0.307454 0.30878 0.313413 0.325739 0.331437 0.328626 0.315986 0.318625 0.330677 0.333894 0.336149 0.337692 0.348996 0.348154 0.345288 0.338026 0.31845 0.299924 0.288373 0.283672 0.274507 0.281741 0.267489 0.269442 0.26764 0.264489 0.253793 0.251425 0.250788 0.252894 0.251691 0.253345 0.263874 0.262878 0.261517 0.259507 0.256902 0.253501 0.249262 0.234124 0.227586 0.220462 0.215631 0.204954 0.196345 0.188136 0.179843 0.173872 0.167533 0.151403
-9999 -9999 -9999 -9999 -9999 -9999 -9999 0.275169 0.293092 0.312449 0.318145 0.324018 0.32907 0.328527 0.325256 0.321971 0.318474 0.314528 0.305827 0.297416 0.289508 0.286519 0.287666 0.293797 0.300513 0.315821 0.320154 0.320982 0.297948 0.296031 0.310271 0.322575 0.325681 0.32662 0.316361 0.318962 0.312038 0.301911 0.29682 0.289518 0.277483 0.276329 0.265598 0.262853 0.257128 0.256273 0.253677 0.254729 0.2451 0.240993 0.239633 0.242271 0.241329 0.244844 0.245579 0.244945 0.243554 0.241496 0.238618 0.234962 0.230377 0.225015 0.218992 0.21235 0.205085 0.199138 0.181171 0.17415 0.169668 0.165469 0.155439 0.148162
-9999 -9999 -9999 -9999 -9999 -9999 -9999 0.27143 0.283424 0.300443 0.312985 0.31303 0.318874 0.321539 0.318008 0.314035 0.309892 0.307458 0.298191 0.288181 0.280055 0.270835 0.271977 0.278278 0.295309 0.305308 0.308166 0.307835 0.28978 0.295286 0.305217 0.311377 0.314333 0.31465 0.312849 0.31135 0.305951 0.302258 0.293449 0.280396 0.272689 0.270857 0.255966 0.252127 0.251512 0.242848 0.245222 0.24457 0.233267 0.227357 0.232318 0.234237 0.236047 0.236345 0.235726 0.235241 0.233477 0.231248 0.228361 0.224746 0.220479 0.21545 0.209928 0.203258 0.1959 0.182038 0.172456 0.166775 0.164259 0.161645 0.147182 0.144258
-9999 -9999 -9999 -9999 -9999 -9999 -9999 0.267219 0.277885 0.292441 0.301025 0.301845 0.308307 0.313983 0.312431 0.308334 0.306419 0.302117 0.294202 0.28563 0.27648 0.271851 0.262185 0.271465 0.285918 0.294258 0.298774 0.280615 0.278942 0.285744 0.292538 0.296046 0.302552 0.303281 0.301818 0.29398 0.289333 0.289221 0.285326 0.27966 0.269539 0.265496 0.257214 0.251392 0.245729 0.236293 0.235765 0.232453 0.222597 0.224888 0.226204 0.22664 0.227135 0.226112 0.225489 0.225016 0.223092 0.2207 0.217773 0.214352 0.210292 0.205482 0.200318 0.193386 0.184883 0.173575 0.158593 0.159572 0.161061 0.153647 0.142251 0.139398
-9999 -9999 -9999 -9999 -9999 -9999 -9999 0.258168 0.269594 0.281796 0.286305 0.286252 0.298509 0.305697 0.304839 0.302434 0.299764 0.290646 0.290283 0.287866 0.279644 0.268134 0.255751 0.25687 0.265949 0.282035 0.286012 0.262975 0.26033 0.263838 0.272776 0.280771 0.288881 0.291101 0.288826 0.276573 0.26307 0.267247 0.271303 0.268692 0.263914 0.2544 0.24895 0.243595 0.235489 0.219758 0.221772 0.220414 0.215392 0.215143 0.216728 0.217899 0.214477 0.213278 0.214678 0.21456 0.212397 0.209908 0.207098 0.203795 0.200032 0.195296 0.1902 0.184329 0.171477 0.161576 0.147762 0.152875 0.15273 0.136792 0.137376 0.134865
-9999 -9999 -9999 -9999 -9999 -9999 -9999 0.246816 0.254668 0.266199 0.270155 0.277328 0.288746 0.293904 0.295921 0.294977 0.292948 0.288467 0.28552 0.280509 0.272099 0.260934 0.248727 0.240877 0.244974 0.266283 0.261071 0.246811 0.242584 0.248816 0.257761 0.270708 0.278064 0.278933 0.277874 0.274704 0.264482 0.251972 0.250086 0.253308 0.246105 0.2379 0.237806 0.234107 0.226413 0.219971 0.21471 0.205147 0.203466 0.202424 0.20447 0.209059 0.207674 0.205174 0.205949 0.203818 0.201498 0.199046 0.19625 0.193174 0.189766 0.185599 0.180464 0.171069 0.162208 0.151408 0.146282 0.149487 0.144091 0.133291 0.131945 0.129357
-9999 -9999 -9999 -9999 -9999 -9999 -9999 0.232299 0.241765 0.252382 0.262339 0.271793 0.279856 0.279505 0.283401 0.282514 0.284272 0.282842 0.278819 0.274637 0.26745 0.253322 0.241509 0.228753 0.232144 0.248665 0.24112 0.235027 0.223741 0.235424 0.248241 0.259747 0.265754 0.260304 0.264677 0.263312 0.258699 0.250683 0.238768 0.236938 0.227059 0.224244 0.225489 0.223951 0.220397 0.214987 0.204259 0.198189 0.194164 0.191726 0.19317 0.195879 0.198612 0.196928 0.195445 0.192998 0.190505 0.188015 0.185347 0.182418 0.179166 0.175408 0.167588 0.158757 0.15185 0.143588 0.139249 0.143258 0.139487 0.127744 0.126406 0.124086
-9999 -9999 -9999 -9999 -9999 -9999 -9999 -9999 0.23278 0.243678 0.251406 0.252477 0.259377 0.262638 0.265037 0.264915 0.273957 0.273899 0.271265 0.267537 0.261501 0.250836 0.243425 0.231204 0.222434 0.221161 0.220411 0.223374 0.222103 0.226907 0.238787 0.251079 0.25176 0.242714 0.242946 0.243538 0.246108 0.242724 0.227278 0.218461 0.210653 0.212642 0.214663 0.213205 0.210749 0.207111 0.193584 0.187392 0.189806 0.190769 0.18851 0.18913 0.18889 0.186764 0.184566 0.181961 0.179433 0.17688 0.174178 0.171498 0.168185 0.163921 0.156065 0.140993 0.138495 0.133991 0.126914 0.128043 0.119495 0.121263 0.120843 0.118625
-9999 -9999 -9999 -9999 -9999 -9999 -9999 -9999 0.220683 0.233395 0.234753 0.23293 0.226683 0.227602 0.244267 0.246959 0.25566 0.264058 0.263093 0.259605 0.254116 0.247851 0.23818 0.224484 0.213552 0.194426 0.209571 0.22412 0.225848 0.22874 0.235423 0.23585 0.226367 0.217332 0.220507 0.22188 0.230673 0.231136 0.227708 0.217804 0.20657 0.199728 0.203546 0.202065 0.199935 0.197312 0.187756 0.177635 0.182982 0.183071 0.182076 0.180006 0.179059 0.176481 0.173654 0.170992 0.168278 0.165645 0.162889 0.160173 0.156042 0.151504 0.140925 0.131619 0.124774 0.116618 0.126061 0.12293 0.114974 0.1149 0.114677 0.112506
