Test_Spring_2018/03_18/Prec/20180303_004.txt
ncols	170
nrows	115
xllcorner	350000.000000
yllcorner	4445000.000000
cellsize	1000.000000
nodata_value	-9999.000000
[rows 33 to 65 of 115, columns 75 to 149 of 170]
0.178832 0.2104 0.237278 0.248396 0.254947 0.26156 0.268154 0.274415 0.28044 0.286823 0.293476 0.301562 0.310259 0.316472 0.320508 0.326513 0.332804 0.340872 0.349781 0.359976 0.367316 0.376108 0.385756 0.410368 0.433745 -9999 -9999 -9999 -9999 -9999 -9999 -9999 -9999 -9999 -9999 -9999 -9999 -9999 -9999 -9999 -9999 -9999 -9999 -9999 -9999 -9999 -9999 -9999 -9999 -9999 -9999 -9999 -9999 -9999 -9999 -9999 -9999 -9999 -9999 -9999 -9999 -9999 -9999 -9999 -9999 -9999 -9999 -9999 -9999 -9999 -9999 -9999 -9999 -9999 -9999
0.176537 0.216755 0.238647 0.245088 0.250113 0.256303 0.262204 0.268348 0.274142 0.280068 0.286444 0.293379 0.300804 0.310105 0.313422 0.317669 0.324326 0.331567 0.340098 0.350131 0.357322 0.366357 0.375205 0.414637 0.423569 0.431243 -9999 -9999 -9999 -9999 -9999 -9999 -9999 -9999 -9999 -9999 -9999 -9999 -9999 -9999 -9999 -9999 -9999 -9999 -9999 -9999 -9999 -9999 -9999 -9999 -9999 -9999 -9999 -9999 -9999 -9999 -9999 -9999 -9999 -9999 -9999 -9999 -9999 -9999 -9999 -9999 -9999 -9999 -9999 -9999 -9999 -9999 -9999 -9999 -9999
0.173358 0.189861 0.222688 0.239907 0.245635 0.251045 0.256598 0.262401 0.269121 0.274195 0.279045 0.285097 0.292662 0.300511 0.306857 0.310135 0.315979 0.323355 0.33046 0.340239 0.348185 0.357474 0.366358 0.387171 0.413036 0.420635 0.428616 -9999 -9999 -9999 -9999 -9999 -9999 -9999 -9999 -9999 -9999 -9999 -9999 -9999 -9999 -9999 -9999 -9999 -9999 -9999 -9999 -9999 -9999 -9999 -9999 -9999 -9999 -9999 -9999 -9999 -9999 -9999 -9999 -9999 -9999 -9999 -9999 -9999 -9999 -9999 -9999 -9999 -9999 -9999 -9999 -9999 -9999 -9999 -9999
0.182905 0.189813 0.218986 0.235332 0.240743 0.245779 0.251005 0.257028 0.262189 0.26667 0.271873 0.277797 0.283445 0.290188 0.29747 0.302986 0.307277 0.315694 0.321849 0.330379 0.33884 0.349049 0.370785 0.380488 0.405366 0.412681 0.420046 -9999 -9999 -9999 -9999 -9999 -9999 -9999 -9999 -9999 -9999 -9999 -9999 -9999 -9999 -9999 -9999 -9999 -9999 -9999 -9999 -9999 -9999 -9999 -9999 -9999 -9999 -9999 -9999 -9999 -9999 -9999 -9999 -9999 -9999 -9999 -9999 -9999 -9999 -9999 -9999 -9999 -9999 -9999 -9999 -9999 -9999 -9999 -9999
0.1795 0.1866 0.191165 0.23076 0.23625 0.240742 0.245611 0.250515 0.255 0.259467 0.264074 0.269257 0.274873 0.281302 0.286941 0.291526 0.298341 0.306171 0.314032 0.321867 0.331113 0.342317 0.36448 0.374721 0.399652 0.407546 0.413156 0.419162 -9999 -9999 -9999 -9999 -9999 -9999 -9999 -9999 -9999 -9999 -9999 -9999 0.42476 -9999 -9999 -9999 -9999 -9999 -9999 -9999 -9999 -9999 -9999 -9999 -9999 -9999 -9999 -9999 -9999 -9999 -9999 -9999 -9999 0.291999 -9999 -9999 -9999 -9999 -9999 -9999 -9999 -9999 -9999 -9999 -9999 -9999 -9999
0.176222 0.182141 0.18762 0.216452 0.231674 0.235851 0.240399 0.244764 0.24879 0.253058 0.256714 0.260977 0.266308 0.271213 0.276055 0.28196 0.288645 0.296213 0.304779 0.314115 0.323967 0.344542 0.35525 0.365169 0.375334 0.398136 0.405443 0.412657 0.41855 -9999 -9999 -9999 -9999 -9999 -9999 -9999 0.42581 0.425309 0.424233 0.422226 0.418863 0.417151 -9999 -9999 -9999 -9999 -9999 -9999 -9999 -9999 -9999 -9999 -9999 -9999 -9999 -9999 -9999 -9999 -9999 -9999 -9999 0.291266 0.283184 -9999 -9999 -9999 -9999 -9999 -9999 -9999 -9999 -9999 -9999 -9999 -9999
0.172129 0.17876 0.184652 0.190574 0.22691 0.231571 0.235501 0.239173 0.242714 0.246205 0.249078 0.253033 0.257097 0.261736 0.266219 0.272205 0.279573 0.287933 0.297068 0.307429 0.317489 0.337129 0.347904 0.35888 0.369311 0.391556 0.400641 0.408715 0.415292 -9999 -9999 -9999 -9999 -9999 -9999 0.420626 0.419425 0.418292 0.418831 0.416259 0.413296 0.411122 0.395824 -9999 -9999 -9999 -9999 -9999 -9999 -9999 -9999 -9999 -9999 -9999 -9999 -9999 -9999 0.31581 0.311063 0.307199 0.300573 0.292222 0.283435 -9999 -9999 -9999 -9999 -9999 -9999 -9999 -9999 -9999 -9999 -9999 -9999
0.168562 0.175394 0.181997 0.188766 0.202322 0.227294 0.23107 0.234257 0.23692 0.23929 0.24225 0.245082 0.249282 0.252173 0.257175 0.263533 0.271824 0.280608 0.2917 0.302553 0.322 0.331259 0.342983 0.355486 0.367901 0.393322 0.398197 0.404709 0.411164 -9999 -9999 -9999 -9999 -9999 -9999 0.416524 0.415241 0.413803 0.412813 0.412929 0.409151 0.394922 0.391957 0.387761 0.382151 0.376869 0.379702 0.360052 0.354777 0.350759 0.346155 -9999 -9999 -9999 -9999 0.327731 0.323048 0.317535 0.311807 0.308165 0.302084 0.29456 0.265054 -9999 -9999 -9999 -9999 -9999 -9999 -9999 -9999 -9999 -9999 -9999 -9999
0.164788 0.172707 0.180575 0.187212 0.200728 0.22378 0.219555 0.222709 0.225144 0.227141 0.229216 0.231797 0.234195 0.237527 0.242154 0.249592 0.258564 0.265354 0.285407 0.305199 0.316016 0.326338 0.33907 0.352881 0.366391 0.389227 0.394593 0.401896 0.395679 -9999 -9999 -9999 0.405238 0.404387 0.404476 0.403653 0.401237 0.398742 0.409612 0.407638 0.408318 0.392498 0.389402 0.386031 0.380827 0.373835 0.368506 0.357746 0.352715 0.349014 0.334651 0.331626 0.329021 0.32654 0.323856 0.320396 0.315932 0.31046 0.304367 0.309815 0.302705 0.293481 0.256794 -9999 -9999 -9999 -9999 -9999 -9999 -9999 -9999 -9999 -9999 -9999 -9999
0.156451 0.164502 0.171704 0.179207 0.18554 0.197341 0.216649 0.219382 0.221974 0.222898 0.224194 0.225687 0.227829 0.230942 0.236588 0.244185 0.253167 0.262243 0.275176 0.28779 0.300517 0.310989 0.33619 0.336454 0.350117 0.360534 0.380118 0.388711 0.397042 -9999 -9999 0.407567 0.405884 0.404342 0.403186 0.402208 0.400999 0.3978 0.395572 0.39143 0.39053 0.37741 0.372627 0.383606 0.378124 0.358151 0.353655 0.35354 0.339502 0.336531 0.334364 0.332267 0.330625 0.328895 0.32671 0.323942 0.319706 0.31423 0.307729 0.301831 0.293111 0.268627 0.250664 -9999 -9999 -9999 -9999 -9999 -9999 -9999 -9999 -9999 -9999 -9999 -9999
0.148175 0.156002 0.164373 0.171872 0.185211 0.197447 0.201355 0.216751 0.21877 0.220015 0.220093 0.220934 0.222381 0.224835 0.230015 0.236911 0.246306 0.256179 0.270256 0.282358 0.288136 0.298973 0.31105 0.323287 0.334754 0.358316 0.378971 0.388281 0.396594 0.403317 -9999 0.40916 0.409341 0.407263 0.404719 0.402266 0.401183 0.397279 0.39434 0.39172 0.388993 0.375287 0.357857 0.352733 0.348269 0.343122 0.35049 0.350746 0.346773 0.336299 0.334716 0.333626 0.332792 0.331795 0.330212 0.327687 0.323854 0.3185 0.311546 0.303847 0.282713 0.272139 0.253642 -9999 -9999 -9999 -9999 -9999 -9999 -9999 -9999 -9999 -9999 -9999 -9999
0.145365 0.154082 0.162775 0.17113 0.178992 0.190905 0.201143 0.204809 0.216044 0.217697 0.217749 0.217796 0.217974 0.219866 0.22322 0.229036 0.238943 0.250673 0.255872 0.268432 0.283304 0.295011 0.305826 0.318736 0.332699 0.346457 0.36797 0.388504 0.397402 0.405646 0.409661 0.411089 0.411659 0.410365 0.407035 0.403656 0.400635 0.397564 0.394801 0.390917 0.375924 0.361401 0.355632 0.350698 0.34598 0.342031 0.338321 0.339337 0.34522 0.342448 0.335527 0.335234 0.335182 0.334907 0.333935 0.331846 0.328277 0.322892 0.315571 0.297511 0.286588 0.268294 0.247384 -9999 -9999 -9999 -9999 -9999 -9999 -9999 -9999 -9999 -9999 -9999 -9999
0.144442 0.153973 0.163248 0.171874 0.179824 0.191217 0.197113 0.201448 0.207819 0.215497 0.216391 0.215194 0.215165 0.216159 0.218982 0.223645 0.230547 0.239425 0.249623 0.262264 0.275817 0.287776 0.301004 0.315053 0.331286 0.347261 0.370418 0.383953 0.39353 0.408586 0.411831 0.414085 0.413255 0.41186 0.410359 0.408016 0.402446 0.399224 0.38699 0.380305 0.375254 0.360029 0.354156 0.348043 0.343157 0.339264 0.338628 0.338242 0.33697 0.33543 0.340496 0.336833 0.337531 0.337929 0.337546 0.335857 0.332467 0.327052 0.313623 0.296254 0.282885 0.272114 0.249847 -9999 -9999 -9999 -9999 -9999 -9999 -9999 -9999 -9999 -9999 -9999 -9999
-9999 0.153084 0.162544 0.171818 0.180304 0.191227 0.197141 0.201937 0.205687 0.208665 0.214233 0.214027 0.21384 0.215996 0.216298 0.219124 0.224537 0.231858 0.243269 0.257568 0.26835 0.281746 0.297381 0.313081 0.328938 0.346202 0.369134 0.383966 0.396646 0.405391 0.409537 0.41372 0.412983 0.412217 0.411924 0.408998 0.401022 0.393789 0.386649 0.380095 0.374365 0.358778 0.352824 0.345475 0.340315 0.337053 0.335045 0.336829 0.335578 0.335835 0.336078 0.337564 0.339523 0.340516 0.340584 0.339204 0.335939 0.32412 0.313577 0.300478 0.285254 0.273722 0.252298 -9999 -9999 -9999 -9999 -9999 -9999 -9999 -9999 -9999 -9999 -9999 -9999
-9999 0.152817 0.162652 0.171747 0.179184 0.190803 0.197007 0.202323 0.206102 0.209058 0.21153 0.21365 0.214444 0.216254 0.217346 0.218772 0.222693 0.229415 0.240258 0.251987 0.264414 0.278377 0.294825 0.311228 0.327091 0.344859 0.368519 0.383028 0.396971 0.405053 0.411006 0.414357 0.414567 0.412975 0.410295 0.407661 0.401702 0.393557 0.386488 0.380082 0.372582 0.357203 0.35129 0.343205 0.337629 0.334337 0.332057 0.334449 0.334171 0.334837 0.336351 0.338413 0.340621 0.342292 0.342668 0.341456 0.335488 0.327558 0.316607 0.302987 0.287137 0.273029 0.253137 -9999 -9999 -9999 -9999 -9999 -9999 -9999 -9999 -9999 -9999 -9999 -9999
-9999 -9999 0.162643 0.170903 0.17787 0.189961 0.196807 0.201826 0.205944 0.209237 0.211245 0.213105 0.214851 0.218652 0.219404 0.220672 0.222832 0.227968 0.23641 0.249717 0.262743 0.278793 0.295439 0.310442 0.325994 0.343311 0.366718 0.381969 0.392179 0.400535 0.40668 0.411271 0.414489 0.413343 0.410294 0.407164 0.40058 0.3925 0.385503 0.377895 0.370297 0.354777 0.347064 0.340476 0.334457 0.331611 0.329311 0.331853 0.332318 0.333719 0.335905 0.338429 0.340988 0.342828 0.343353 0.341559 0.336625 0.328509 0.317319 0.303393 0.287212 0.269592 0.246582 0.228396 -9999 -9999 -9999 -9999 -9999 -9999 -9999 -9999 -9999 -9999 -9999
-9999 -9999 0.162713 0.171669 0.178146 0.190026 0.195672 0.200689 0.205023 0.208865 0.210434 0.213528 0.214284 0.216984 0.221552 0.223146 0.227896 0.230455 0.235176 0.248009 0.265466 0.280268 0.295492 0.309537 0.324528 0.340316 0.365182 0.379204 0.388157 0.396485 0.403143 0.407769 0.410204 0.411047 0.406783 0.403334 0.396937 0.390043 0.382072 0.374917 0.367457 0.350455 0.343335 0.336976 0.331047 0.32871 0.326202 0.329144 0.330203 0.332186 0.334359 0.337275 0.339969 0.340874 0.341807 0.339859 0.334967 0.326707 0.31542 0.301453 0.285233 0.267365 0.241471 0.223183 0.203963 0.184066 -9999 -9999 -9999 -9999 -9999 -9999 -9999 -9999 -9999
-9999 -9999 -9999 0.172375 0.177527 0.188487 0.194458 0.19891 0.203297 0.205789 0.208986 0.212154 0.214204 0.216764 0.219621 0.228904 0.227982 0.229272 0.234269 0.246258 0.262046 0.276023 0.289177 0.30193 0.3175 0.333119 0.357107 0.370893 0.383775 0.393378 0.400053 0.401831 0.40418 0.403948 0.401838 0.396479 0.392688 0.385548 0.377454 0.369286 0.36124 0.345853 0.337451 0.331772 0.326695 0.323823 0.322604 0.325847 0.327473 0.329182 0.331651 0.33461 0.333425 0.336541 0.337251 0.335111 0.329896 0.322134 0.310924 0.297124 0.281226 0.263725 0.237853 0.218602 0.20044 0.183262 0.167414 -9999 -9999 -9999 -9999 -9999 -9999 -9999 -9999
-9999 -9999 -9999 0.171961 0.176774 0.187581 0.191971 0.197545 0.198538 0.202483 0.205796 0.208814 0.211678 0.213625 0.217072 0.22096 0.220512 0.229448 0.233618 0.241704 0.258905 0.268882 0.282135 0.294943 0.310571 0.325515 0.347295 0.361248 0.37424 0.386381 0.390559 0.393653 0.395722 0.395228 0.392672 0.387864 0.381171 0.379599 0.37146 0.364973 0.355819 0.339521 0.332293 0.326427 0.322015 0.319282 0.318193 0.32152 0.32265 0.325191 0.321943 0.322385 0.326746 0.329426 0.32981 0.327457 0.322145 0.313909 0.307814 0.290632 0.275316 0.258543 0.23335 0.214861 0.196671 0.179326 0.165023 0.150966 0.129451 0.119324 -9999 -9999 -9999 -9999 -9999
-9999 -9999 -9999 0.17468 0.177225 0.186219 0.190506 0.190046 0.194592 0.198401 0.202165 0.204693 0.207298 0.209267 0.211847 0.215783 0.21907 0.222521 0.221187 0.239823 0.252298 0.26272 0.275211 0.288493 0.301566 0.314817 0.336645 0.350527 0.364109 0.367422 0.37698 0.380766 0.384261 0.385554 0.380988 0.376945 0.37109 0.364773 0.366271 0.358225 0.351133 0.334394 0.328441 0.321967 0.317056 0.314139 0.313043 0.316443 0.307675 0.311384 0.309308 0.313963 0.317706 0.319844 0.319806 0.317212 0.311899 0.303869 0.293327 0.287158 0.273176 0.252004 0.227739 0.210459 0.193476 0.17709 0.16192 0.148067 0.127683 0.112771 0.105076 -9999 -9999 -9999 -9999
-9999 -9999 -9999 0.171509 0.180246 0.183293 0.18216 0.185646 0.190106 0.193376 0.196644 0.199486 0.20224 0.204803 0.207339 0.211082 0.214622 0.214333 0.22047 0.223261 0.233792 0.258681 0.269131 0.280629 0.290743 0.303892 0.324771 0.337664 0.341178 0.352254 0.3622 0.365308 0.368686 0.370333 0.367528 0.36405 0.36092 0.355938 0.348661 0.350072 0.343924 0.327746 0.322736 0.316869 0.311134 0.295373 0.295148 0.29845 0.300651 0.295762 0.299825 0.303686 0.306668 0.308177 0.307685 0.304869 0.299615 0.291915 0.281987 0.270193 0.264396 0.249941 0.226295 0.205347 0.189728 0.174686 0.160533 0.140411 0.119058 0.110114 0.103404 0 -9999 -9999 -9999
-9999 -9999 -9999 0.15963 0.177497 0.180522 0.177329 0.180357 0.184183 0.187487 0.190703 0.193882 0.196274 0.19857 0.201241 0.203504 0.207039 0.212066 0.21097 0.221664 0.231697 0.234721 0.2431 0.254062 0.266606 0.303789 0.314344 0.314534 0.326268 0.335807 0.344232 0.348199 0.351697 0.35298 0.352079 0.350986 0.348976 0.345223 0.337105 0.330621 0.334623 0.320942 0.297856 0.29131 0.287367 0.288987 0.289488 0.291015 0.283109 0.285835 0.288937 0.291838 0.294042 0.294863 0.293955 0.290984 0.285838 0.278575 0.269365 0.258514 0.246361 0.241283 0.218796 0.204126 0.183073 0.168449 0.151795 0.139795 0.118919 0.107292 0.101261 0 0 -9999 -9999
-9999 -9999 -9999 -9999 0.166907 0.162931 0.164969 0.16838 0.172026 0.175679 0.179254 0.182413 0.184925 0.187101 0.189512 0.192232 0.19614 0.200092 0.202133 0.213171 0.224699 0.231243 0.237303 0.246174 0.258085 0.280725 0.278708 0.287262 0.297347 0.306564 0.31435 0.330532 0.333997 0.335758 0.336407 0.338022 0.323908 0.319662 0.312909 0.306936 0.310549 0.295546 0.287959 0.282642 0.27921 0.279211 0.281269 0.26921 0.270168 0.272714 0.274857 0.278774 0.280163 0.280379 0.279085 0.275997 0.271046 0.264281 0.252916 0.242545 0.230979 0.227269 0.205195 0.191489 0.177952 0.165041 0.152468 0.141106 0.115415 0.107767 0.10142 0 0 0 -9999
-9999 -9999 -9999 -9999 0.156264 0.157437 0.158123 0.161772 0.164923 0.167693 0.171144 0.174576 0.177398 0.179794 0.182028 0.18539 0.188962 0.192987 0.196679 0.200453 0.220723 0.225961 0.230283 0.238263 0.247929 0.257833 0.268212 0.274639 0.281029 0.288686 0.295505 0.303276 0.305969 0.308795 0.310255 0.30855 0.305727 0.302803 0.29652 0.292258 0.286279 0.284287 0.278266 0.2738 0.269756 0.26962 0.271522 0.258536 0.258645 0.260245 0.26098 0.262108 0.262816 0.262523 0.260855 0.257616 0.252699 0.246181 0.238183 0.228925 0.218703 0.207848 0.205295 0.18635 0.174238 0.162046 0.150554 0.126802 0.113473 0.10646 0.100578 0 0 0 -9999
-9999 -9999 -9999 -9999 0.149601 0.151528 0.15215 0.153612 0.157714 0.159979 0.162493 0.165965 0.169063 0.171831 0.173982 0.17777 0.181969 0.186188 0.191356 0.194917 0.198248 0.217729 0.222371 0.229563 0.238207 0.244695 0.251765 0.25768 0.264066 0.270434 0.276308 0.281263 0.284498 0.286901 0.287142 0.286989 0.286484 0.283669 0.278801 0.276804 0.272288 0.267459 0.267518 0.262482 0.259208 0.25957 0.247696 0.245784 0.245386 0.245503 0.246118 0.246704 0.246624 0.245865 0.243951 0.240741 0.236176 0.230271 0.223183 0.215047 0.20627 0.19701 0.18893 0.179085 0.168265 0.157131 0.146661 0.118319 0.110744 0.10437 0 0 0 0 -9999
-9999 -9999 -9999 -9999 0.142595 0.144189 0.144777 0.146621 0.150059 0.151814 0.153376 0.15628 0.159442 0.161815 0.164622 0.168315 0.172368 0.176945 0.180994 0.186942 0.189151 0.209459 0.213633 0.219378 0.224338 0.231565 0.236892 0.242108 0.247733 0.251991 0.256716 0.26082 0.265131 0.267273 0.266931 0.2662 0.264792 0.263609 0.260428 0.258025 0.255094 0.252446 0.254143 0.250369 0.248058 0.235434 0.233246 0.231774 0.231109 0.230795 0.230929 0.230755 0.230029 0.228861 0.226796 0.223702 0.21951 0.214278 0.20813 0.201126 0.193796 0.186304 0.179159 0.172536 0.161616 0.150928 0.135832 0.114055 0.107331 0.101426 0 0 0 0 0
-9999 -9999 -9999 -9999 0.136355 0.137138 0.137672 0.139915 0.143061 0.143026 0.143941 0.146521 0.149242 0.151864 0.155963 0.158022 0.160759 0.165203 0.170874 0.177291 0.181084 0.192482 0.204334 0.209253 0.213613 0.219835 0.224629 0.227989 0.231241 0.233932 0.237309 0.240869 0.245803 0.249961 0.24882 0.246716 0.245356 0.24385 0.24303 0.241018 0.238982 0.237799 0.230233 0.238466 0.235973 0.221778 0.219732 0.217804 0.216406 0.216364 0.215844 0.214532 0.213189 0.211735 0.209594 0.206651 0.202896 0.198331 0.193145 0.187298 0.181029 0.175976 0.169927 0.157164 0.154272 0.145248 0.116443 0.109034 0.103014 0 0 0 0 0 0
-9999 -9999 -9999 -9999 0.130352 0.131381 0.131466 0.133261 0.134156 0.133885 0.134956 0.136635 0.138911 0.141388 0.144464 0.147266 0.150746 0.155309 0.160877 0.167096 0.17271 0.175909 0.195187 0.190068 0.202138 0.207615 0.21055 0.212669 0.213531 0.215301 0.218068 0.220637 0.222977 0.226232 0.229268 0.22905 0.226988 0.226922 0.22674 0.224412 0.222887 0.222393 0.221789 0.224219 0.211862 0.208373 0.206353 0.20396 0.201243 0.200126 0.19931 0.197593 0.196299 0.194635 0.192466 0.189758 0.186448 0.182544 0.178179 0.173465 0.169277 0.164571 0.160052 0.154021 0.145647 0.131819 0.109615 0.103527 0 0 0 0 0 0 0
-9999 -9999 -9999 -9999 0.124884 0.124935 0.124635 0.124408 0.124218 0.124284 0.126304 0.127277 0.129396 0.130929 0.133319 0.136473 0.139858 0.144199 0.150468 0.156469 0.162983 0.165901 0.176358 0.184452 0.189411 0.195559 0.196085 0.196135 0.196223 0.197285 0.200687 0.201291 0.202788 0.204571 0.206684 0.209274 0.209045 0.210397 0.209787 0.208014 0.206792 0.206013 0.205706 0.199588 0.197725 0.194003 0.19216 0.18958 0.186856 0.184227 0.182682 0.181032 0.179465 0.177671 0.175559 0.173107 0.170289 0.167094 0.163565 0.160568 0.15741 0.153443 0.149521 0.144463 0.13082 0.124297 0.102913 0 0 0 0 0 0 0 0
-9999 -9999 -9999 -9999 -9999 0.117446 0.116477 0.116188 0.117445 0.117297 0.118053 0.11909 0.120848 0.120568 0.122648 0.125549 0.128927 0.133073 0.138533 0.143398 0.149564 0.15501 0.160792 0.174659 0.176656 0.179483 0.180634 0.179846 0.178699 0.180063 0.183491 0.184448 0.185078 0.185005 0.186135 0.189939 0.191952 0.193523 0.192559 0.191403 0.190911 0.190507 0.190255 0.176484 0.18156 0.178376 0.175556 0.173543 0.170887 0.168482 0.166561 0.164668 0.162851 0.160954 0.158956 0.156837 0.154507 0.152075 0.149578 0.147621 0.147058 0.143161 0.139444 0.136089 0.123907 0.101821 0 0 0 0 0 0 0 0 0
-9999 -9999 -9999 -9999 -9999 0.1107 0.108693 0.109321 0.110692 0.113172 0.114058 0.111363 0.112245 0.111957 0.112024 0.114606 0.118041 0.122164 0.126628 0.132001 0.138361 0.144012 0.144183 0.154839 0.161148 0.162405 0.163064 0.162519 0.163214 0.16608 0.168705 0.16834 0.168391 0.166686 0.167008 0.16828 0.171089 0.174154 0.176049 0.175218 0.17543 0.175533 0.175468 0.167048 0.159343 0.163523 0.160732 0.158092 0.155656 0.152951 0.150684 0.148562 0.146511 0.144587 0.142744 0.140992 0.139234 0.137748 0.136213 0.135905 0.135012 0.13321 0.131385 0.125026 0.115148 0 0 0 0 0 0 0 0 0 0
-9999 -9999 -9999 -9999 -9999 -9999 -9999 -9999 -9999 -9999 0.104208 0.104525 0.102901 0.102155 0.101358 0.103845 0.107262 0.110985 0.116217 0.121687 0.125075 0.124898 0.132002 0.14262 0.148233 0.147919 0.148141 0.147951 0.148942 0.150688 0.153073 0.152003 0.149933 0.147964 0.148829 0.149845 0.152156 0.155015 0.159693 0.159487 0.160424 0.160923 0.161268 0.150575 0.14605 0.149521 0.147401 0.144145 0.140583 0.137849 0.135233 0.132792 0.130581 0.128664 0.127006 0.12561 0.124434 0.123451 0.122757 0.122785 0.122371 0.12146 0.121386 0.115762 0 0 0 0 0 0 0 0 0 0 0
-9999 -9999 -9999 -9999 -9999 -9999 -9999 -9999 -9999 -9999 0 0 0 0 0 0 0 0.101084 0.105401 0.109858 0.114754 0.117132 0.121321 0.119895 0.136215 0.135825 0.135855 0.136684 0.136104 0.137173 0.137698 0.134781 0.132413 0.130626 0.131146 0.132703 0.134643 0.139478 0.1438 0.145282 0.146542 0.146987 0.141663 0.137498 0.136136 0.136156 0.132973 0.129704 0.126445 0.123233 0.120292 0.117558 0.115181 0.113283 0.111818 0.110771 0.110111 0.109679 0.109617 0.110591 0.110824 0.110831 0.111077 0.102497 0 0 0 0 0 0 0 0 0 0 0
