Test_Spring_2018/03_18/Prec/20180325_018.txt
ncols	170
nrows	115
xllcorner	350000.000000
yllcorner	4445000.000000
cellsize	1000.000000
nodata_value	-9999.000000
[rows 32 to 63 of 115, columns 72 to 143 of 170]
0.592865 0.601738 0.604996 0.608688 0.638863 0.656922 0.672027 0.67743 0.684262 0.693141 0.698883 0.704307 0.708778 0.717515 0.736044 0.752949 0.748386 0.751136 0.759277 0.75303 0.761006 0.776899 0.798064 0.791372 0.796983 0.812344 0.830418 -9999 -9999 -9999 -9999 -9999 -9999 -9999 -9999 -9999 -9999 -9999 -9999 -9999 -9999 -9999 -9999 -9999 -9999 -9999 -9999 -9999 -9999 -9999 -9999 -9999 -9999 -9999 -9999 -9999 -9999 -9999 -9999 -9999 -9999 -9999 -9999 -9999 -9999 -9999 -9999 -9999 -9999 -9999 -9999 -9999
0.6031 0.610572 0.612035 0.619072 0.63117 0.663059 0.680513 0.685435 0.691402 0.698159 0.704279 0.710126 0.718282 0.728062 0.744529 0.763437 0.769924 0.764944 0.767314 0.768788 0.775976 0.784319 0.79584 0.791411 0.791369 0.797806 0.828144 0.8498 -9999 -9999 -9999 -9999 -9999 -9999 -9999 -9999 -9999 -9999 -9999 -9999 -9999 -9999 -9999 -9999 -9999 -9999 -9999 -9999 -9999 -9999 -9999 -9999 -9999 -9999 -9999 -9999 -9999 -9999 -9999 -9999 -9999 -9999 -9999 -9999 -9999 -9999 -9999 -9999 -9999 -9999 -9999 -9999
0.613965 0.625517 0.629077 0.633684 0.651197 0.689267 0.694686 0.694278 0.700208 0.705757 0.713322 0.719953 0.727599 0.737385 0.749401 0.762878 0.783821 0.775255 0.768972 0.771578 0.774395 0.780656 0.791439 0.786785 0.788896 0.80895 0.841865 0.850855 0.855597 -9999 -9999 -9999 -9999 -9999 -9999 -9999 -9999 -9999 -9999 -9999 -9999 -9999 -9999 -9999 -9999 -9999 -9999 -9999 -9999 -9999 -9999 -9999 -9999 -9999 -9999 -9999 -9999 -9999 -9999 -9999 -9999 -9999 -9999 -9999 -9999 -9999 -9999 -9999 -9999 -9999 -9999 -9999
0.62529 0.637968 0.641578 0.644464 0.656914 0.677847 0.700999 0.705404 0.709528 0.715472 0.723547 0.736552 0.742137 0.746444 0.755598 0.770541 0.785093 0.790549 0.779343 0.777512 0.780201 0.779116 0.788197 0.786852 0.790376 0.808427 0.829122 0.848146 0.854364 0.864933 -9999 -9999 -9999 -9999 -9999 -9999 -9999 -9999 -9999 -9999 -9999 -9999 -9999 -9999 -9999 -9999 -9999 -9999 -9999 -9999 -9999 -9999 -9999 -9999 -9999 -9999 -9999 -9999 -9999 -9999 -9999 -9999 -9999 -9999 -9999 -9999 -9999 -9999 -9999 -9999 -9999 -9999
-9999 -9999 0.655883 0.667939 0.685147 0.689135 0.710501 0.714767 0.718888 0.725353 0.736688 0.744721 0.749747 0.757657 0.767799 0.774943 0.784941 0.79482 0.793617 0.783774 0.790271 0.783624 0.785806 0.785968 0.793196 0.830392 0.839391 0.856015 0.861801 0.87081 -9999 -9999 -9999 -9999 -9999 -9999 -9999 -9999 -9999 -9999 -9999 -9999 -9999 -9999 -9999 -9999 -9999 -9999 -9999 -9999 -9999 -9999 -9999 -9999 -9999 -9999 -9999 -9999 -9999 -9999 -9999 -9999 -9999 -9999 -9999 -9999 -9999 -9999 -9999 -9999 -9999 -9999
-9999 -9999 -9999 0.67598 0.694394 0.695141 0.719823 0.725634 0.728901 0.735801 0.744317 0.751742 0.759206 0.766641 0.775261 0.783661 0.793003 0.79541 0.789448 0.790393 0.79281 0.792511 0.789787 0.792011 0.812563 0.842325 0.852163 0.869662 0.878163 0.879509 0.886323 -9999 -9999 -9999 -9999 -9999 -9999 -9999 -9999 -9999 -9999 -9999 -9999 0.891144 -9999 -9999 -9999 -9999 -9999 -9999 -9999 -9999 -9999 -9999 -9999 -9999 -9999 -9999 -9999 -9999 -9999 -9999 -9999 -9999 0.958522 -9999 -9999 -9999 -9999 -9999 -9999 -9999
-9999 -9999 0.665605 0.691698 0.6968 0.701211 0.710991 0.735201 0.738642 0.74622 0.754798 0.76288 0.772237 0.777885 0.784473 0.79324 0.796499 0.795467 0.795179 0.794391 0.793921 0.794861 0.796874 0.799634 0.829332 0.837811 0.844441 0.853864 0.870038 0.879033 0.891674 0.90211 -9999 -9999 -9999 -9999 -9999 -9999 -9999 0.897508 0.899276 0.900676 0.900302 0.896347 0.902841 -9999 -9999 -9999 -9999 -9999 -9999 -9999 -9999 -9999 -9999 -9999 -9999 -9999 -9999 -9999 -9999 -9999 -9999 -9999 0.966569 0.972248 -9999 -9999 -9999 -9999 -9999 -9999
-9999 -9999 0.69201 0.695796 0.702866 0.708265 0.716045 0.742443 0.749754 0.756703 0.764794 0.773662 0.782525 0.787488 0.795213 0.800051 0.803279 0.800936 0.800527 0.801631 0.802888 0.804008 0.807998 0.808805 0.832986 0.838867 0.847905 0.857548 0.870184 0.886535 0.902783 0.91643 -9999 -9999 -9999 -9999 -9999 -9999 0.90255 0.898542 0.896725 0.904912 0.901199 0.898502 0.902444 0.923816 -9999 -9999 -9999 -9999 -9999 -9999 -9999 -9999 -9999 -9999 -9999 -9999 -9999 -9999 0.954305 0.959856 0.97342 0.978529 0.980223 0.984432 -9999 -9999 -9999 -9999 -9999 -9999
-9999 -9999 0.697549 0.701061 0.707399 0.714868 0.725844 0.751948 0.758876 0.767422 0.776142 0.784171 0.791205 0.799819 0.805167 0.812848 0.809337 0.809875 0.810697 0.814694 0.815735 0.823141 0.826172 0.847194 0.841086 0.847795 0.860705 0.876811 0.903373 0.899377 0.907437 0.92009 -9999 -9999 -9999 -9999 -9999 -9999 0.90779 0.903291 0.899843 0.90068 0.909279 0.902734 0.918204 0.927736 0.934038 0.935662 0.939988 0.949627 0.941642 0.94726 0.95641 0.960259 -9999 -9999 -9999 -9999 0.97319 0.971437 0.968545 0.96845 0.982708 0.990862 0.997807 1.00208 -9999 -9999 -9999 -9999 -9999 -9999
-9999 -9999 0.69723 0.703813 0.713285 0.725152 0.734551 0.761706 0.76909 0.787614 0.796442 0.804054 0.810469 0.816593 0.822883 0.824687 0.825999 0.827673 0.836371 0.846191 0.84026 0.836455 0.860329 0.856092 0.850647 0.857907 0.87307 0.890884 0.906001 0.901348 0.911694 0.931714 -9999 -9999 -9999 0.931321 0.924777 0.925342 0.924183 0.918019 0.913864 0.904226 0.903387 0.914188 0.923985 0.933972 0.945279 0.949992 0.94753 0.953065 0.951131 0.957826 0.967904 0.982887 0.985903 0.989015 0.991808 0.993956 0.994065 0.992356 0.989927 0.989476 0.992074 0.996137 0.996888 1.00665 -9999 -9999 -9999 -9999 -9999 -9999
-9999 -9999 0.706959 0.714461 0.723656 0.742668 0.755374 0.765729 0.791923 0.797371 0.80626 0.817105 0.821332 0.826734 0.830725 0.833718 0.835807 0.843277 0.852926 0.86214 0.865374 0.871675 0.879055 0.880707 0.875162 0.869322 0.888564 0.904565 0.909139 0.921401 0.929895 0.944437 -9999 -9999 0.949934 0.936204 0.926753 0.922346 0.921725 0.922771 0.917154 0.918576 0.913545 0.925994 0.942831 0.947204 0.950261 0.955208 0.971787 0.979078 0.984441 0.978665 0.985735 0.993056 0.9977 1.00233 1.0056 1.00724 1.00818 1.00581 1.00245 1.00011 1.00701 1.00748 1.01561 1.02734 -9999 -9999 -9999 -9999 -9999 -9999
-9999 -9999 0.720669 0.728963 0.737732 0.750421 0.761084 0.774255 0.802991 0.809849 0.815734 0.826154 0.834462 0.836947 0.840586 0.842743 0.843657 0.850173 0.856999 0.867738 0.873463 0.885257 0.887572 0.905115 0.902982 0.90536 0.908344 0.908702 0.907239 0.923415 0.932806 0.943427 0.953128 -9999 0.953065 0.9476 0.935977 0.926119 0.920221 0.923885 0.917329 0.917932 0.922233 0.929201 0.942391 0.962529 0.97001 0.978578 0.981298 0.981383 0.990254 0.997513 0.996018 1.00354 1.00991 1.01508 1.01857 1.02008 1.01976 1.0176 1.01406 1.00985 1.00961 1.01575 1.0225 1.03494 -9999 -9999 -9999 -9999 -9999 -9999
-9999 0.716983 0.723353 0.730007 0.741295 0.753843 0.766885 0.780295 0.806138 0.816919 0.826314 0.833224 0.845607 0.850358 0.85272 0.851222 0.851411 0.850786 0.853277 0.866357 0.876253 0.888603 0.898539 0.907962 0.906869 0.899794 0.90178 0.909145 0.917231 0.93326 0.934295 0.944464 0.958531 0.958902 0.953106 0.948909 0.941244 0.92885 0.920469 0.917483 0.917528 0.921287 0.923335 0.941968 0.953509 0.962381 0.973127 0.981987 0.990829 0.996645 1.00556 1.00566 1.01265 1.01374 1.02069 1.0262 1.02982 1.0313 1.03074 1.02836 1.02415 1.01872 1.01816 1.01969 1.04282 1.04764 -9999 -9999 -9999 -9999 -9999 -9999
-9999 -9999 0.727347 0.738183 0.751922 0.765738 0.778537 0.790862 0.813659 0.8248 0.832836 0.842194 0.852305 0.862783 0.861308 0.860776 0.858543 0.856867 0.854951 0.873891 0.879931 0.884714 0.894249 0.895535 0.893236 0.894336 0.897932 0.911583 0.925208 0.94584 0.959185 0.960137 0.964308 0.959333 0.955834 0.944449 0.936564 0.933826 0.932189 0.91988 0.921414 0.930459 0.932697 0.944004 0.953724 0.965311 0.972865 0.98226 0.991679 1.01116 1.01325 1.02181 1.0239 1.0272 1.02947 1.03526 1.03897 1.04059 1.03994 1.03726 1.0327 1.0309 1.03129 1.03152 1.05122 1.05368 -9999 -9999 -9999 -9999 -9999 -9999
-9999 -9999 -9999 -9999 0.757811 0.771394 0.785953 0.799409 0.819219 0.82921 0.838373 0.846976 0.855862 0.865678 0.870086 0.870247 0.874894 0.870035 0.86537 0.86463 0.864551 0.875624 0.885197 0.880299 0.883203 0.893317 0.901704 0.910043 0.925516 0.942112 0.956957 0.967948 0.96817 0.955745 0.943462 0.931744 0.926941 0.930878 0.928383 0.928211 0.924846 0.92645 0.933598 0.945774 0.955519 0.969614 0.973381 0.982487 0.994848 1.00701 1.01838 1.02451 1.0319 1.03449 1.03961 1.04194 1.04582 1.04742 1.04676 1.04397 1.04452 1.04083 1.03651 1.032 1.05242 1.06223 -9999 -9999 -9999 -9999 -9999 -9999
-9999 -9999 -9999 -9999 0.765784 0.780499 0.793355 0.800849 0.823046 0.833111 0.843499 0.851249 0.859365 0.868698 0.876166 0.88168 0.887843 0.884103 0.874638 0.868736 0.867552 0.877401 0.875763 0.878774 0.883947 0.896788 0.906677 0.912569 0.927285 0.944726 0.954271 0.967336 0.960958 0.954005 0.945413 0.931144 0.922523 0.920042 0.925993 0.925217 0.921095 0.926813 0.938414 0.945828 0.958235 0.974787 0.976529 0.984209 0.996059 1.00574 1.01869 1.02677 1.03311 1.03852 1.04332 1.0478 1.05025 1.05187 1.05118 1.05058 1.04805 1.04453 1.04046 1.0361 1.04778 1.06723 -9999 -9999 -9999 -9999 -9999 -9999
-9999 -9999 -9999 -9999 -9999 0.789172 0.79777 0.802387 0.826017 0.837876 0.845616 0.853721 0.862372 0.868798 0.877223 0.886153 0.901522 0.897377 0.888837 0.87673 0.870311 0.871092 0.878374 0.885526 0.901247 0.915247 0.918197 0.921557 0.932452 0.946977 0.957291 0.950159 0.942316 0.933875 0.929266 0.930107 0.9226 0.9175 0.922824 0.921345 0.920209 0.929167 0.938033 0.94755 0.960706 0.970259 0.979631 0.985181 0.998329 1.00649 1.0186 1.0277 1.03485 1.04079 1.0454 1.04963 1.05249 1.05375 1.05378 1.05241 1.05015 1.04708 1.04343 1.03947 1.03671 1.04297 1.04759 -9999 -9999 -9999 -9999 -9999
-9999 -9999 -9999 -9999 -9999 0.798743 0.810758 0.81289 0.834994 0.840278 0.846783 0.854559 0.864441 0.871524 0.882894 0.886548 0.901013 0.90719 0.901654 0.90365 0.887683 0.87379 0.881089 0.911226 0.923148 0.932074 0.931572 0.932755 0.93641 0.957046 0.960351 0.945779 0.936111 0.92845 0.92268 0.92218 0.922569 0.914352 0.914884 0.915616 0.921631 0.927795 0.94043 0.951989 0.959107 0.971737 0.982001 0.987296 1.00167 1.00734 1.01966 1.02942 1.0372 1.0412 1.04614 1.04998 1.05345 1.05446 1.05497 1.05328 1.05126 1.04866 1.04564 1.04212 1.03856 1.0313 1.03498 1.03362 1.02658 -9999 -9999 -9999
-9999 -9999 -9999 -9999 -9999 -9999 0.824931 0.821207 0.838806 0.844917 0.847743 0.854445 0.866916 0.8731 0.883535 0.892269 0.905478 0.920347 0.927723 0.905297 0.885989 0.876353 0.882342 0.907893 0.918992 0.921006 0.916842 0.922643 0.926986 0.944089 0.946489 0.949988 0.945736 0.937187 0.930159 0.921716 0.916771 0.918389 0.918841 0.918332 0.923664 0.929699 0.937948 0.946904 0.961667 0.967569 0.979982 0.988003 0.998469 1.00861 1.02077 1.03154 1.03665 1.041 1.04555 1.05228 1.05383 1.05478 1.05536 1.05573 1.05183 1.04978 1.04727 1.0445 1.04141 1.03271 1.02961 1.0306 1.03341 1.03816 -9999 -9999
-9999 -9999 -9999 -9999 -9999 -9999 0.835638 0.831139 0.848214 0.846649 0.85543 0.862053 0.865957 0.871445 0.879877 0.891151 0.900464 0.917366 0.934978 0.913419 0.890613 0.880218 0.880829 0.906642 0.902881 0.909013 0.908582 0.917875 0.921991 0.930623 0.935432 0.940574 0.949528 0.955293 0.936259 0.926593 0.920107 0.918986 0.921047 0.925725 0.930282 0.934405 0.949506 0.952188 0.962036 0.97164 0.98143 0.990845 1.00036 1.00968 1.02096 1.02835 1.03667 1.04406 1.05104 1.05291 1.05426 1.05528 1.05607 1.05664 1.05707 1.05608 1.04884 1.04675 1.04436 1.0359 1.03247 1.02922 1.02702 1.03472 1.03811 1.03923
-9999 -9999 -9999 -9999 -9999 -9999 0.862884 0.849058 0.862513 0.859339 0.861931 0.864063 0.866638 0.873181 0.878046 0.886734 0.89483 0.906611 0.923748 0.934996 0.920549 0.8966 0.884493 0.891317 0.893826 0.900711 0.906785 0.908411 0.908709 0.920537 0.933184 0.941278 0.948673 0.949649 0.935233 0.932778 0.934357 0.922844 0.926727 0.933004 0.945173 0.955139 0.962738 0.967685 0.973991 0.986958 0.991596 0.996665 1.00366 1.01169 1.02249 1.03567 1.04065 1.04976 1.05211 1.05394 1.05532 1.05638 1.05729 1.0582 1.05896 1.05945 1.05832 1.05832 1.04755 1.03931 1.03638 1.0335 1.0305 1.02899 1.02837 1.03275
-9999 -9999 -9999 -9999 -9999 -9999 0.872699 0.87938 0.869051 0.871828 0.866463 0.868391 0.868166 0.871657 0.876865 0.884897 0.894338 0.904622 0.919882 0.931817 0.921862 0.908997 0.898912 0.901285 0.898043 0.900068 0.902647 0.912147 0.913597 0.921285 0.925097 0.941366 0.944323 0.950227 0.934788 0.932799 0.935869 0.931255 0.935469 0.951311 0.965993 0.974625 0.973498 0.987136 0.997232 0.999005 1.00376 1.00279 1.02126 1.02762 1.03327 1.03768 1.04919 1.05189 1.05409 1.0558 1.05722 1.05835 1.05939 1.06055 1.06158 1.06252 1.06341 1.06193 1.06203 1.05432 1.04088 1.03835 1.0357 1.03323 1.04109 1.03978
-9999 -9999 -9999 -9999 -9999 -9999 0.879744 0.888541 0.879475 0.877339 0.870981 0.870616 0.870673 0.873533 0.879468 0.884635 0.891478 0.901051 0.90832 0.91956 0.934284 0.915681 0.914399 0.915632 0.924808 0.920858 0.922354 0.925744 0.931345 0.927119 0.936614 0.942275 0.942778 0.945398 0.936614 0.936532 0.937861 0.940704 0.953379 0.970808 0.986887 0.986883 0.996167 0.996312 1.01484 1.0237 1.02539 1.031 1.03022 1.03984 1.03879 1.05116 1.05344 1.05541 1.05706 1.05884 1.06014 1.06147 1.06273 1.06398 1.06529 1.06651 1.06764 1.06854 1.06684 1.05895 1.05771 1.06942 1.06669 1.05043 1.04695 1.04705
-9999 -9999 -9999 -9999 -9999 -9999 -9999 0.907295 0.90225 0.888888 0.88307 0.880339 0.880353 0.883208 0.887522 0.891989 0.897413 0.905426 0.915018 0.928773 0.939802 0.937564 0.937919 0.944344 0.942681 0.93255 0.929804 0.936451 0.961414 0.963118 0.951756 0.949892 0.948773 0.948146 0.943307 0.944655 0.948285 0.956922 0.979447 0.993783 1.00748 1.01383 1.02544 1.02041 1.03118 1.0307 1.03468 1.0404 1.0547 1.06385 1.07 1.06966 1.07278 1.07241 1.06137 1.06301 1.06445 1.06591 1.06725 1.06864 1.0701 1.08292 1.08502 1.08686 1.08658 1.07785 1.07772 1.07662 1.07524 1.0711 1.06741 1.07115
-9999 -9999 -9999 -9999 -9999 -9999 -9999 0.925835 0.911023 0.894057 0.891697 0.888542 0.885736 0.888659 0.894219 0.899507 0.90487 0.91069 0.92187 0.932887 0.943572 0.949056 0.950231 0.961803 0.957458 0.94362 0.941998 0.944207 0.9832 0.987467 0.973489 0.961396 0.959274 0.959322 0.971624 0.969456 0.977787 0.989651 0.995951 1.00482 1.01912 1.02154 1.03486 1.03957 1.0418 1.04428 1.04891 1.04966 1.06243 1.07322 1.08022 1.07892 1.0814 1.07862 1.07856 1.07957 1.08087 1.08229 1.08394 1.08573 1.08779 1.08994 1.09204 1.09405 1.09601 1.09691 1.09529 1.09406 1.08968 1.08481 1.08387 1.08115
-9999 -9999 -9999 -9999 -9999 -9999 -9999 0.928845 0.920463 0.905997 0.895989 0.899362 0.895784 0.895304 0.901363 0.90765 0.913966 0.918316 0.930299 0.943211 0.954188 0.96658 0.967657 0.963208 0.9637 0.955405 0.95505 0.958185 0.991812 0.987585 0.978222 0.972842 0.970818 0.971541 0.974457 0.976913 0.983633 0.988435 0.998965 1.01431 1.02385 1.02703 1.04495 1.0508 1.05329 1.05809 1.05699 1.05938 1.07371 1.09036 1.08631 1.08551 1.08463 1.08515 1.08636 1.087 1.0886 1.09018 1.09192 1.09385 1.09587 1.09808 1.10019 1.10293 1.10581 1.11532 1.10617 1.10459 1.0992 1.09375 1.09695 1.09215
-9999 -9999 -9999 -9999 -9999 -9999 -9999 0.932577 0.925583 0.91382 0.908232 0.910808 0.906659 0.902985 0.907023 0.913642 0.917664 0.924258 0.93486 0.946247 0.958376 0.965608 0.978598 0.970657 0.974634 0.967843 0.965299 0.999768 1.00346 0.997566 0.991519 0.988961 0.982905 0.983131 0.985672 0.995217 1.00116 1.00204 1.00717 1.01435 1.02661 1.03226 1.04281 1.0508 1.0588 1.06424 1.0662 1.07135 1.08828 1.0915 1.09127 1.09188 1.09222 1.094 1.09503 1.09554 1.09725 1.09903 1.10092 1.10284 1.10494 1.10734 1.10959 1.11328 1.1182 1.12575 1.12331 1.11538 1.10664 1.10475 1.10829 1.10443
-9999 -9999 -9999 -9999 -9999 -9999 -9999 0.941907 0.93407 0.924959 0.92397 0.927616 0.917142 0.91193 0.915352 0.920242 0.925244 0.937308 0.93958 0.944144 0.955217 0.970032 0.985917 0.986882 0.984928 0.981644 0.979384 1.01928 1.0238 1.02137 1.01276 1.00508 0.997144 0.995656 0.999079 1.01354 1.02937 1.02552 1.02185 1.02567 1.03201 1.04375 1.05112 1.05855 1.06919 1.08022 1.08051 1.08332 1.09945 1.10089 1.10019 1.09981 1.10434 1.10617 1.10483 1.10487 1.10683 1.10878 1.11067 1.11269 1.11478 1.11751 1.1202 1.12332 1.13379 1.14058 1.13709 1.12605 1.12015 1.12665 1.11981 1.11654
-9999 -9999 -9999 -9999 -9999 -9999 -9999 0.95403 0.950267 0.942014 0.94176 0.937496 0.928092 0.925278 0.92563 0.929009 0.933387 0.94035 0.945519 0.95295 0.964171 0.978498 0.994046 1.00481 1.00235 0.999431 1.01071 1.03715 1.04321 1.03755 1.02877 1.01544 1.00824 1.00818 1.01021 1.01455 1.02672 1.04146 1.04443 1.04178 1.05084 1.06114 1.06254 1.06809 1.07821 1.08706 1.08718 1.10397 1.11157 1.11378 1.11245 1.10815 1.11031 1.1135 1.1128 1.11506 1.11723 1.11922 1.12126 1.12326 1.12526 1.12775 1.13097 1.13857 1.14525 1.15378 1.15573 1.13343 1.1304 1.1359 1.13216 1.12991
-9999 -9999 -9999 -9999 -9999 -9999 -9999 0.969925 0.964568 0.957521 0.950772 0.944137 0.938619 0.942066 0.940433 0.943822 0.944027 0.947599 0.953932 0.960372 0.970129 0.987622 1.00257 1.01862 1.01674 1.00626 1.04214 1.05013 1.06385 1.05193 1.03868 1.02682 1.02101 1.0279 1.02382 1.02611 1.03202 1.04176 1.05589 1.05888 1.07094 1.07524 1.07516 1.07829 1.08378 1.09144 1.09639 1.1108 1.12089 1.12461 1.12389 1.12163 1.11916 1.12142 1.12322 1.12586 1.12829 1.13044 1.1325 1.13457 1.1367 1.1391 1.14574 1.15323 1.15834 1.16472 1.16654 1.14366 1.13996 1.14767 1.14483 1.14318
-9999 -9999 -9999 -9999 -9999 -9999 -9999 -9999 0.97489 0.967809 0.963783 0.966685 0.96263 0.962183 0.962295 0.964868 0.956957 0.95895 0.963648 0.96946 0.977791 0.991262 1.00113 1.0164 1.02786 1.04104 1.06523 1.06294 1.06532 1.06089 1.04853 1.03565 1.03565 1.04644 1.04689 1.04694 1.04482 1.04938 1.06744 1.07822 1.08798 1.08696 1.08603 1.08908 1.09336 1.09904 1.11228 1.12644 1.12484 1.12478 1.12819 1.12825 1.12911 1.13187 1.13451 1.13738 1.13994 1.14229 1.14456 1.14657 1.14905 1.15235 1.15943 1.17434 1.17507 1.17788 1.18344 1.17435 1.16619 1.16067 1.15767 1.15678
-9999 -9999 -9999 -9999 -9999 -9999 -9999 -9999 0.989093 0.980359 0.983731 0.990103 1.00086 1.00314 0.98743 0.986863 0.979266 0.971737 0.974428 0.979796 0.987323 0.995693 1.00787 1.02458 1.03825 1.07392 1.06362 1.06191 1.06078 1.05832 1.05159 1.05177 1.06295 1.07361 1.07069 1.0698 1.0607 1.06095 1.06562 1.07761 1.0912 1.10004 1.09714 1.10026 1.10421 1.1088 1.12607 1.13462 1.13168 1.13265 1.13471 1.13781 1.1395 1.14283 1.14624 1.14926 1.15213 1.15471 1.15721 1.15947 1.16311 1.16701 1.17748 1.18639 1.19244 1.19987 1.18767 1.18371 1.17559 1.17367 1.1713 1.17122
