Test_Spring_2018/03_18/Prec/20180313_012.txt
ncols	170
nrows	115
xllcorner	350000.000000
yllcorner	4445000.000000
cellsize	1000.000000
nodata_value	-9999.000000
[rows 31 to 61 of 115, columns 70 to 139 of 170]
0.624731 0.627673 0.631081 0.634973 0.639823 0.652645 0.679871 0.68633 0.693617 0.70155 0.709332 0.717018 0.724216 0.730711 0.736584 0.741232 0.743941 0.747439 0.749739 0.750628 0.751447 0.751893 0.751338 0.750026 0.749291 0.74847 0.74335 0.765009 0.763694 -9999 -9999 -9999 -9999 -9999 -9999 -9999 -9999 -9999 -9999 -9999 -9999 -9999 -9999 -9999 -9999 -9999 -9999 -9999 -9999 -9999 -9999 -9999 -9999 -9999 -9999 -9999 -9999 -9999 -9999 -9999 -9999 -9999 -9999 -9999 -9999 -9999 -9999 -9999 -9999 -9999
0.607359 0.61076 0.614594 0.618889 0.624184 0.630075 0.664755 0.679814 0.67834 0.685689 0.692804 0.699501 0.705978 0.711938 0.717325 0.721737 0.724789 0.727224 0.73037 0.732464 0.73375 0.735638 0.736429 0.736658 0.736604 0.73848 0.739747 0.757749 0.761907 -9999 -9999 -9999 -9999 -9999 -9999 -9999 -9999 -9999 -9999 -9999 -9999 -9999 -9999 -9999 -9999 -9999 -9999 -9999 -9999 -9999 -9999 -9999 -9999 -9999 -9999 -9999 -9999 -9999 -9999 -9999 -9999 -9999 -9999 -9999 -9999 -9999 -9999 -9999 -9999 -9999
0.588572 0.592762 0.597122 0.601997 0.607751 0.613589 0.628307 0.665323 0.662689 0.669606 0.676202 0.682399 0.688213 0.693569 0.698268 0.702345 0.70549 0.708012 0.710929 0.714257 0.716874 0.719406 0.721519 0.723587 0.72554 0.728647 0.731613 0.729066 0.757445 0.761407 -9999 -9999 -9999 -9999 -9999 -9999 -9999 -9999 -9999 -9999 -9999 -9999 -9999 -9999 -9999 -9999 -9999 -9999 -9999 -9999 -9999 -9999 -9999 -9999 -9999 -9999 -9999 -9999 -9999 -9999 -9999 -9999 -9999 -9999 -9999 -9999 -9999 -9999 -9999 -9999
0.568813 0.573892 0.578898 0.584113 0.590207 0.596508 0.624023 0.639676 0.646546 0.653482 0.659627 0.665366 0.670527 0.675309 0.679618 0.68343 0.686804 0.689859 0.692282 0.696523 0.700603 0.704155 0.707784 0.711314 0.714693 0.719202 0.723392 0.728273 0.755319 0.757622 0.760039 -9999 -9999 -9999 -9999 -9999 -9999 -9999 -9999 -9999 -9999 -9999 -9999 -9999 -9999 -9999 -9999 -9999 -9999 -9999 -9999 -9999 -9999 -9999 -9999 -9999 -9999 -9999 -9999 -9999 -9999 -9999 -9999 -9999 -9999 -9999 -9999 -9999 -9999 -9999
-9999 0.554378 0.560179 0.566047 0.572753 0.579626 0.600434 0.604925 0.631016 0.637442 0.64335 0.648605 0.653224 0.657098 0.661117 0.664998 0.66846 0.671552 0.674764 0.678727 0.683977 0.688865 0.69371 0.699033 0.703909 0.709621 0.715129 0.726846 0.728152 0.754258 0.757749 0.760643 -9999 -9999 -9999 -9999 -9999 -9999 -9999 -9999 -9999 -9999 -9999 -9999 -9999 -9999 -9999 -9999 -9999 -9999 -9999 -9999 -9999 -9999 -9999 -9999 -9999 -9999 -9999 -9999 -9999 -9999 -9999 -9999 -9999 -9999 -9999 -9999 -9999 -9999
-9999 -9999 -9999 -9999 0.555244 0.577125 0.571256 0.590007 0.615625 0.621968 0.627606 0.632421 0.636345 0.640037 0.643642 0.646958 0.650199 0.653854 0.657665 0.661903 0.66731 0.673728 0.679518 0.686523 0.693255 0.700332 0.707078 0.720909 0.722986 0.750507 0.755281 0.759414 -9999 -9999 -9999 -9999 -9999 -9999 -9999 -9999 -9999 -9999 -9999 -9999 -9999 -9999 -9999 -9999 -9999 -9999 -9999 -9999 -9999 -9999 -9999 -9999 -9999 -9999 -9999 -9999 -9999 -9999 -9999 -9999 -9999 -9999 -9999 -9999 -9999 -9999
-9999 -9999 -9999 -9999 -9999 0.561826 0.556475 0.565522 0.600829 0.607072 0.612555 0.616966 0.620585 0.623785 0.626728 0.629668 0.632764 0.636309 0.640384 0.645588 0.652045 0.658748 0.665979 0.673913 0.682412 0.69088 0.706118 0.714134 0.722526 0.74678 0.752732 0.758579 0.76346 -9999 -9999 -9999 -9999 -9999 -9999 -9999 -9999 -9999 -9999 -9999 -9999 0.778691 -9999 -9999 -9999 -9999 -9999 -9999 -9999 -9999 -9999 -9999 -9999 -9999 -9999 -9999 -9999 -9999 -9999 -9999 -9999 -9999 0.826479 -9999 -9999 -9999
-9999 -9999 -9999 -9999 0.522593 0.532816 0.542971 0.552358 0.570929 0.593144 0.598452 0.602455 0.605562 0.608137 0.610377 0.61293 0.615807 0.619194 0.623782 0.629607 0.636378 0.644133 0.652718 0.661926 0.671618 0.681644 0.69851 0.708886 0.719124 0.724156 0.752345 0.759005 0.764662 0.769654 -9999 -9999 -9999 -9999 -9999 -9999 -9999 0.786645 0.785898 0.78492 0.783925 0.783148 0.781791 -9999 -9999 -9999 -9999 -9999 -9999 -9999 -9999 -9999 -9999 -9999 -9999 -9999 -9999 -9999 -9999 -9999 -9999 -9999 0.833054 0.837957 -9999 -9999
-9999 -9999 -9999 -9999 0.507383 0.519282 0.530222 0.54025 0.548912 0.580439 0.585368 0.589047 0.591643 0.59352 0.595121 0.597108 0.599443 0.602826 0.607424 0.613637 0.62102 0.629546 0.639171 0.649737 0.660841 0.672656 0.69146 0.703789 0.71562 0.726917 0.752081 0.759653 0.766289 0.772103 -9999 -9999 -9999 -9999 -9999 -9999 0.792237 0.792065 0.791335 0.789708 0.788748 0.787771 0.786541 0.792376 -9999 -9999 -9999 -9999 -9999 -9999 -9999 -9999 -9999 -9999 -9999 -9999 -9999 -9999 0.826133 0.828205 0.830375 0.833838 0.838369 0.843642 -9999 -9999
-9999 -9999 -9999 -9999 0.493558 0.506663 0.518679 0.529392 0.538423 0.55922 0.573667 0.576875 0.578853 0.580073 0.58103 0.582062 0.583959 0.586775 0.591693 0.597913 0.605734 0.614904 0.625662 0.637191 0.649928 0.669529 0.684558 0.698715 0.712149 0.724804 0.755987 0.760713 0.769135 0.776066 -9999 -9999 -9999 -9999 -9999 -9999 0.797946 0.797516 0.79657 0.795099 0.793074 0.792143 0.796888 0.796613 0.797011 0.798189 0.799648 0.814983 0.816959 0.818048 0.819035 0.820404 -9999 -9999 -9999 -9999 0.826702 0.828305 0.830302 0.832628 0.834724 0.838071 0.842479 0.852602 -9999 -9999
-9999 -9999 -9999 -9999 0.481122 0.495301 0.508236 0.519577 0.52937 0.549394 0.563265 0.559731 0.561394 0.562205 0.562667 0.563264 0.564497 0.567133 0.571276 0.577095 0.58424 0.593044 0.604446 0.625401 0.636165 0.661126 0.678025 0.6941 0.709324 0.723727 0.756455 0.763189 0.772749 0.78038 -9999 -9999 -9999 0.800378 0.802449 0.802938 0.802604 0.801884 0.80057 0.799941 0.798168 0.791901 0.800673 0.800314 0.800445 0.801575 0.803697 0.805751 0.820714 0.821907 0.822974 0.822485 0.823918 0.825184 0.826291 0.827296 0.828388 0.829708 0.831386 0.833466 0.837982 0.841722 0.84681 0.852496 -9999 -9999
-9999 -9999 -9999 -9999 0.466192 0.480902 0.494425 0.506409 0.516309 0.524436 0.539985 0.550976 0.552143 0.552074 0.5519 0.551745 0.552397 0.554383 0.558131 0.563511 0.570838 0.580239 0.591911 0.602043 0.616913 0.642019 0.659868 0.68993 0.710153 0.725834 0.741212 0.770768 0.776342 0.784902 -9999 -9999 0.803263 0.807152 0.80929 0.809809 0.809024 0.807349 0.805615 0.803228 0.801325 0.795321 0.802348 0.802233 0.803833 0.80507 0.805394 0.80749 0.821078 0.823094 0.824472 0.825782 0.827109 0.828209 0.829152 0.830003 0.830825 0.831972 0.833528 0.83562 0.837969 0.841804 0.849863 0.851909 -9999 -9999
-9999 -9999 -9999 -9999 0.45407 0.469207 0.483171 0.495375 0.505938 0.518781 0.533491 0.53677 0.544386 0.543705 0.542505 0.541731 0.541641 0.543043 0.546433 0.551701 0.559332 0.569066 0.581313 0.592199 0.608595 0.639392 0.65836 0.677225 0.695898 0.714269 0.743896 0.773655 0.785403 0.790617 0.798619 -9999 0.810204 0.81358 0.81567 0.816179 0.815252 0.812857 0.810615 0.807744 0.802177 0.799216 0.805584 0.803748 0.804051 0.805028 0.807052 0.81093 0.823865 0.82531 0.827044 0.828349 0.829511 0.830459 0.831212 0.831852 0.832518 0.833426 0.834815 0.836931 0.839755 0.846212 0.851556 0.854196 -9999 -9999
-9999 -9999 -9999 0.415354 0.445923 0.462226 0.477004 0.490077 0.501205 0.510213 0.524488 0.531802 0.532884 0.537018 0.534872 0.533203 0.532458 0.53345 0.536402 0.541867 0.549777 0.559645 0.569353 0.589862 0.607105 0.633625 0.654108 0.675245 0.695689 0.71532 0.734085 0.764336 0.789489 0.799995 0.804521 0.811656 0.817065 0.820324 0.821926 0.822207 0.820935 0.818403 0.815162 0.80968 0.806088 0.801586 0.80698 0.806312 0.806395 0.807432 0.80921 0.811782 0.823941 0.827418 0.828886 0.830261 0.831287 0.832058 0.832599 0.833008 0.833448 0.834153 0.835424 0.837543 0.842556 0.847028 0.84743 0.850734 -9999 -9999
-9999 -9999 -9999 -9999 0.439114 0.456013 0.471449 0.485183 0.496974 0.506581 0.5208 0.524486 0.526252 0.528311 0.529227 0.526579 0.52545 0.525791 0.528417 0.533631 0.541712 0.553122 0.566993 0.583435 0.601643 0.629679 0.651586 0.673633 0.695465 0.716203 0.736104 0.766696 0.781685 0.795265 0.812577 0.817584 0.822971 0.826623 0.827997 0.827277 0.825099 0.822649 0.81761 0.812371 0.80832 0.804343 0.809174 0.808234 0.808514 0.809581 0.811442 0.813289 0.825502 0.827087 0.829044 0.831605 0.832537 0.833114 0.83344 0.833614 0.83384 0.834377 0.835542 0.838815 0.839444 0.843464 0.847871 0.851842 -9999 -9999
-9999 -9999 -9999 -9999 -9999 -9999 0.467199 0.481504 0.4937 0.503693 0.518012 0.521987 0.523767 0.523777 0.522543 0.522478 0.520521 0.520361 0.522126 0.528864 0.536395 0.547918 0.56243 0.578919 0.604768 0.626918 0.649499 0.672065 0.694752 0.717029 0.738008 0.769402 0.785221 0.798928 0.810705 0.82049 0.828541 0.832132 0.833096 0.831635 0.829136 0.824539 0.820198 0.815471 0.810761 0.806461 0.810788 0.809622 0.810146 0.811284 0.813042 0.815467 0.826757 0.828493 0.830066 0.831693 0.832762 0.833753 0.833877 0.833861 0.833914 0.834323 0.834741 0.836454 0.839398 0.843847 0.848429 0.852348 -9999 -9999
-9999 -9999 -9999 -9999 -9999 -9999 0.463729 0.47827 0.490909 0.501633 0.515851 0.520097 0.522014 0.522211 0.521063 0.519196 0.517873 0.517104 0.51866 0.523725 0.532405 0.544168 0.55878 0.57551 0.602286 0.624407 0.647424 0.670483 0.693808 0.717021 0.738847 0.770586 0.787394 0.801515 0.81414 0.82385 0.830639 0.835112 0.83618 0.83486 0.83124 0.827045 0.822505 0.817289 0.81211 0.807982 0.811856 0.810515 0.811186 0.812454 0.814296 0.816933 0.827891 0.829461 0.831033 0.832383 0.833352 0.833851 0.834067 0.833917 0.833869 0.833919 0.83467 0.836372 0.839345 0.843884 0.849184 0.852759 -9999 -9999
-9999 -9999 -9999 -9999 -9999 -9999 -9999 0.475587 0.488613 0.499717 0.514018 0.518466 0.520884 0.521371 0.520447 0.518946 0.517324 0.516472 0.517295 0.522215 0.530631 0.542582 0.557345 0.574521 0.600663 0.622544 0.644985 0.668146 0.692158 0.715827 0.738226 0.770369 0.787443 0.803145 0.816096 0.826069 0.832697 0.835965 0.837024 0.835811 0.832284 0.828097 0.82334 0.817908 0.812911 0.808669 0.812461 0.811608 0.811822 0.813254 0.815027 0.817757 0.828663 0.8301 0.831537 0.832756 0.833638 0.83406 0.834119 0.833964 0.833814 0.833964 0.834717 0.836426 0.839424 0.844 0.850302 0.85482 0.863834 -9999
-9999 -9999 -9999 -9999 -9999 -9999 -9999 0.473246 0.485926 0.497212 0.511876 0.517074 0.519988 0.52096 0.52042 0.520244 0.517993 0.517616 0.518062 0.523289 0.531317 0.542058 0.557056 0.574758 0.600597 0.620576 0.642885 0.66605 0.690018 0.713612 0.736309 0.768076 0.785563 0.801742 0.814836 0.824809 0.831582 0.834876 0.835587 0.834423 0.831889 0.827752 0.822744 0.817704 0.812667 0.808473 0.81287 0.811912 0.812124 0.813587 0.815258 0.818093 0.829018 0.830329 0.831635 0.832895 0.83369 0.834099 0.834063 0.833976 0.833812 0.834131 0.834947 0.836696 0.839703 0.844267 0.850598 0.855881 0.864845 0.876078
-9999 -9999 -9999 -9999 -9999 -9999 -9999 -9999 0.483232 0.494739 0.510008 0.515456 0.519066 0.520674 0.521525 0.520845 0.51981 0.519549 0.520373 0.523071 0.533123 0.54507 0.559753 0.576529 0.601952 0.62141 0.642967 0.665803 0.689274 0.711888 0.73391 0.765728 0.7829 0.797643 0.810218 0.819554 0.826515 0.830795 0.832081 0.830597 0.827396 0.825484 0.82094 0.81632 0.811942 0.808238 0.812591 0.812208 0.812353 0.813646 0.815516 0.817962 0.829072 0.830226 0.831617 0.832791 0.833582 0.833607 0.833864 0.833885 0.833846 0.834009 0.835342 0.837149 0.840161 0.844643 0.850822 0.855901 0.865003 0.875688
-9999 -9999 -9999 -9999 -9999 -9999 -9999 -9999 0.48078 0.492018 0.50765 0.51384 0.513891 0.521481 0.522459 0.522586 0.522408 0.522604 0.524133 0.526944 0.531918 0.544932 0.563313 0.579318 0.596859 0.622775 0.644148 0.665585 0.687707 0.70903 0.730058 0.76208 0.778439 0.792569 0.802596 0.811674 0.819631 0.824158 0.825883 0.825053 0.822326 0.818323 0.821287 0.813947 0.80964 0.80677 0.81208 0.811637 0.812035 0.813237 0.815092 0.817457 0.828928 0.830206 0.831315 0.833527 0.832418 0.83309 0.833471 0.833643 0.833777 0.834116 0.83495 0.837768 0.840678 0.845029 0.850951 0.855549 0.864209 0.874564
-9999 -9999 -9999 -9999 -9999 -9999 -9999 -9999 0.477262 0.488647 0.498814 0.506293 0.518395 0.521409 0.523247 0.524149 0.525028 0.526117 0.528279 0.531748 0.536822 0.544495 0.560789 0.576287 0.599174 0.625399 0.64501 0.665021 0.685357 0.705838 0.725834 0.757186 0.768917 0.783034 0.794654 0.803904 0.811508 0.81576 0.817376 0.817807 0.815685 0.812372 0.808177 0.81451 0.81205 0.804185 0.810506 0.810046 0.810866 0.812341 0.814268 0.816564 0.828476 0.831378 0.83233 0.830564 0.831563 0.832315 0.83283 0.833185 0.833525 0.834056 0.835048 0.836788 0.841281 0.845613 0.85085 0.85484 0.862879 0.872449
-9999 -9999 -9999 -9999 -9999 -9999 -9999 -9999 0.466584 0.48663 0.49603 0.511996 0.517371 0.520994 0.523771 0.525715 0.527418 0.529311 0.531984 0.535922 0.541223 0.548675 0.55961 0.579133 0.594986 0.621223 0.644963 0.663788 0.682845 0.694072 0.713746 0.746257 0.761798 0.775081 0.786124 0.794693 0.802277 0.80669 0.808652 0.80929 0.807946 0.804898 0.801437 0.79831 0.809081 0.807148 0.814711 0.808411 0.809314 0.811167 0.814416 0.81661 0.829647 0.830714 0.828199 0.829379 0.830407 0.831246 0.8319 0.832439 0.832986 0.833712 0.834857 0.836659 0.839352 0.84553 0.850962 0.854425 0.860994 0.86968
-9999 -9999 -9999 -9999 -9999 -9999 -9999 -9999 0.446032 0.48388 0.492811 0.510418 0.516152 0.520442 0.523888 0.526657 0.529114 0.531925 0.535353 0.539717 0.545659 0.553007 0.561926 0.574823 0.596312 0.621785 0.627673 0.646727 0.665998 0.685231 0.722515 0.738909 0.754383 0.766455 0.776991 0.785378 0.792429 0.796898 0.799412 0.800227 0.79915 0.796899 0.794265 0.792566 0.790487 0.804457 0.812301 0.815315 0.816883 0.818519 0.812697 0.814547 0.828601 0.825442 0.826686 0.827872 0.828946 0.82985 0.830636 0.831333 0.83206 0.832966 0.834235 0.836079 0.8387 0.842291 0.849942 0.852655 0.859531 0.87745
-9999 -9999 -9999 -9999 -9999 -9999 -9999 -9999 -9999 0.462578 0.485327 0.493689 0.500592 0.50638 0.511207 0.515272 0.518936 0.522612 0.526609 0.531187 0.536751 0.543421 0.551852 0.562847 0.584062 0.609687 0.626213 0.644144 0.662075 0.679457 0.712719 0.730816 0.745102 0.757221 0.767556 0.776014 0.782304 0.78684 0.789618 0.790681 0.789745 0.789498 0.787937 0.786706 0.785265 0.802492 0.81205 0.813484 0.814946 0.81656 0.817815 0.833745 0.829659 0.830625 0.831334 0.832216 0.827158 0.828117 0.828991 0.829815 0.830691 0.831734 0.833096 0.841624 0.844674 0.848584 0.85712 0.859118 0.865563 0.872954
-9999 -9999 -9999 -9999 -9999 -9999 -9999 -9999 -9999 0.474138 0.483041 0.491329 0.497921 0.503854 0.509165 0.513673 0.517801 0.522003 0.526554 0.531729 0.537494 0.544443 0.552766 0.562878 0.574741 0.609043 0.624505 0.6413 0.657696 0.67387 0.709236 0.722625 0.736043 0.747988 0.757789 0.765859 0.771531 0.776582 0.779535 0.781033 0.781906 0.7819 0.781108 0.780903 0.780047 0.779978 0.809739 0.811084 0.812537 0.814451 0.815751 0.832116 0.827578 0.828605 0.829382 0.830475 0.83137 0.832189 0.833019 0.833932 0.835002 0.836335 0.838033 0.840221 0.843018 0.846522 0.850809 0.860037 0.860842 0.867227
-9999 -9999 -9999 -9999 -9999 -9999 -9999 -9999 -9999 0.472688 0.480659 0.488452 0.495388 0.500936 0.506494 0.511553 0.516072 0.520676 0.525615 0.531264 0.537234 0.544154 0.552353 0.561701 0.573026 0.585895 0.622877 0.638135 0.653188 0.668006 0.703486 0.716369 0.728579 0.739353 0.748609 0.756317 0.762502 0.767387 0.770777 0.773231 0.774454 0.774726 0.774955 0.775387 0.774853 0.775231 0.776073 0.808545 0.810389 0.812172 0.813313 0.824361 0.825508 0.826476 0.827461 0.828354 0.829203 0.8301 0.830976 0.83194 0.833046 0.834368 0.836003 0.838035 0.840571 0.843643 0.847343 0.851294 0.855959 0.861408
-9999 -9999 -9999 -9999 -9999 -9999 -9999 -9999 -9999 0.471079 0.478448 0.485705 0.49215 0.497698 0.503384 0.50886 0.513809 0.518739 0.524175 0.529984 0.536259 0.543368 0.551431 0.560873 0.571014 0.583506 0.62048 0.634687 0.648855 0.685639 0.697854 0.709977 0.721214 0.731187 0.740245 0.747709 0.753832 0.758362 0.762074 0.765195 0.767286 0.768667 0.769324 0.770179 0.770647 0.77133 0.772161 0.806402 0.808059 0.809631 0.806162 0.822422 0.823265 0.824088 0.824951 0.825736 0.826585 0.827494 0.828375 0.829336 0.830425 0.831706 0.83324 0.83509 0.837353 0.839988 0.843056 0.846495 0.850123 0.85509
-9999 -9999 -9999 -9999 -9999 -9999 -9999 -9999 -9999 0.468932 0.475847 0.482544 0.488431 0.493773 0.499852 0.50552 0.510688 0.515963 0.521591 0.527286 0.534283 0.541933 0.550056 0.558876 0.568555 0.580058 0.605364 0.630957 0.644335 0.680591 0.692039 0.703277 0.714093 0.723911 0.732728 0.74008 0.746072 0.750359 0.753646 0.757396 0.760467 0.76253 0.764052 0.764986 0.766084 0.767167 0.768108 0.782189 0.805318 0.806998 0.819119 0.819736 0.820533 0.821344 0.821864 0.822581 0.823529 0.824425 0.825253 0.826166 0.827204 0.828403 0.829816 0.831461 0.833432 0.835743 0.83798 0.840873 0.840135 0.848369
-9999 -9999 -9999 -9999 -9999 -9999 -9999 -9999 -9999 0.466366 0.472514 0.478738 0.484257 0.48989 0.495783 0.501277 0.506706 0.512207 0.518045 0.524251 0.531231 0.538824 0.546999 0.55583 0.565415 0.576068 0.588208 0.626825 0.646776 0.675836 0.686715 0.697715 0.708139 0.71798 0.726491 0.733588 0.739613 0.7446 0.748272 0.751065 0.754013 0.756839 0.75855 0.759932 0.761741 0.763221 0.764412 0.765736 0.803016 0.799405 0.816143 0.816633 0.817381 0.818346 0.818919 0.819453 0.820269 0.820939 0.821675 0.822508 0.823451 0.824545 0.825823 0.827291 0.828969 0.830647 0.832687 0.834916 0.83787 0.841537
-9999 -9999 -9999 -9999 -9999 -9999 -9999 -9999 -9999 0.46327 0.469013 0.474712 0.480269 0.485753 0.49118 0.496142 0.501655 0.507188 0.51339 0.519955 0.527023 0.534845 0.543261 0.551996 0.561675 0.57198 0.584004 0.610197 0.660616 0.67163 0.681799 0.692975 0.703471 0.713026 0.721295 0.727844 0.734222 0.739368 0.743534 0.746799 0.749225 0.751918 0.753681 0.755691 0.757819 0.759648 0.76129 0.762794 0.77844 0.796954 0.813196 0.813505 0.814111 0.81483 0.815579 0.816048 0.816582 0.817111 0.81772 0.818434 0.819263 0.820226 0.821343 0.822623 0.823829 0.825192 0.826924 0.828783 0.83113 0.830753
