Test_Spring_2018/03_18/Prec/20180303_023.txt
ncols	170
nrows	115
xllcorner	350000.000000
yllcorner	4445000.000000
cellsize	1000.000000
nodata_value	-9999.000000
[rows 32 to 63 of 115, columns 72 to 143 of 170]
2.45124 2.43457 2.43607 2.43656 2.39547 2.35338 2.33828 2.3291 2.31484 2.29345 2.28123 2.26926 2.25953 2.23557 2.17995 2.12875 2.14467 2.13681 2.11127 2.13051 2.10418 2.05221 1.98297 2.00115 1.97997 1.88634 1.82459 -9999 -9999 -9999 -9999 -9999 -9999 -9999 -9999 -9999 -9999 -9999 -9999 -9999 -9999 -9999 -9999 -9999 -9999 -9999 -9999 -9999 -9999 -9999 -9999 -9999 -9999 -9999 -9999 -9999 -9999 -9999 -9999 -9999 -9999 -9999 -9999 -9999 -9999 -9999 -9999 -9999 -9999 -9999 -9999 -9999
2.42133 2.40968 2.41743 2.40794 2.37894 2.34096 2.31893 2.3118 2.30081 2.28666 2.27378 2.26096 2.24002 2.21312 2.16428 2.10691 2.088 2.10455 2.09715 2.09189 2.0679 2.03965 2.00079 2.01181 2.00857 1.9363 1.84336 1.77274 -9999 -9999 -9999 -9999 -9999 -9999 -9999 -9999 -9999 -9999 -9999 -9999 -9999 -9999 -9999 -9999 -9999 -9999 -9999 -9999 -9999 -9999 -9999 -9999 -9999 -9999 -9999 -9999 -9999 -9999 -9999 -9999 -9999 -9999 -9999 -9999 -9999 -9999 -9999 -9999 -9999 -9999 -9999 -9999
2.38971 2.36581 2.36761 2.36651 2.32846 2.28968 2.28215 2.29261 2.2825 2.2729 2.25616 2.24149 2.2227 2.19621 2.16173 2.12169 2.05715 2.08494 2.10469 2.0956 2.08513 2.06317 2.0264 2.03795 2.0278 1.91468 1.81788 1.78226 1.76029 -9999 -9999 -9999 -9999 -9999 -9999 -9999 -9999 -9999 -9999 -9999 -9999 -9999 -9999 -9999 -9999 -9999 -9999 -9999 -9999 -9999 -9999 -9999 -9999 -9999 -9999 -9999 -9999 -9999 -9999 -9999 -9999 -9999 -9999 -9999 -9999 -9999 -9999 -9999 -9999 -9999 -9999 -9999
2.35688 2.33008 2.33249 2.33769 2.32054 2.28407 2.27068 2.26694 2.26351 2.25361 2.23613 2.20212 2.1905 2.18182 2.15671 2.1122 2.06783 2.05116 2.08616 2.09068 2.08018 2.08096 2.04913 2.04987 2.03498 1.97298 1.86256 1.80398 1.7776 1.73787 -9999 -9999 -9999 -9999 -9999 -9999 -9999 -9999 -9999 -9999 -9999 -9999 -9999 -9999 -9999 -9999 -9999 -9999 -9999 -9999 -9999 -9999 -9999 -9999 -9999 -9999 -9999 -9999 -9999 -9999 -9999 -9999 -9999 -9999 -9999 -9999 -9999 -9999 -9999 -9999 -9999 -9999
-9999 -9999 2.29196 2.27683 2.25915 2.25562 2.24957 2.24752 2.24532 2.23494 2.20822 2.19085 2.18177 2.16229 2.13443 2.11469 2.08463 2.05371 2.05668 2.08595 2.0628 2.0805 2.06985 2.06526 2.03821 1.92377 1.84277 1.79239 1.76754 1.73308 -9999 -9999 -9999 -9999 -9999 -9999 -9999 -9999 -9999 -9999 -9999 -9999 -9999 -9999 -9999 -9999 -9999 -9999 -9999 -9999 -9999 -9999 -9999 -9999 -9999 -9999 -9999 -9999 -9999 -9999 -9999 -9999 -9999 -9999 -9999 -9999 -9999 -9999 -9999 -9999 -9999 -9999
-9999 -9999 -9999 2.25721 2.23613 2.25069 2.22942 2.22399 2.22594 2.21556 2.19901 2.18465 2.16875 2.15142 2.12875 2.10516 2.07702 2.06931 2.08673 2.0812 2.07012 2.06693 2.07095 2.05909 1.98702 1.89732 1.8613 1.76243 1.72911 1.71914 1.69259 -9999 -9999 -9999 -9999 -9999 -9999 -9999 -9999 -9999 -9999 -9999 -9999 1.60189 -9999 -9999 -9999 -9999 -9999 -9999 -9999 -9999 -9999 -9999 -9999 -9999 -9999 -9999 -9999 -9999 -9999 -9999 -9999 -9999 1.15323 -9999 -9999 -9999 -9999 -9999 -9999 -9999
-9999 -9999 2.27095 2.23277 2.23494 2.23967 2.22022 2.20514 2.20824 2.19731 2.182 2.1668 2.14592 2.13495 2.11908 2.09441 2.08524 2.08789 2.08665 2.08569 2.08272 2.07457 2.0626 2.04809 1.9553 1.92255 1.89611 1.81603 1.76761 1.73372 1.68921 1.65241 -9999 -9999 -9999 -9999 -9999 -9999 -9999 1.6341 1.6213 1.60893 1.60162 1.60534 1.57604 -9999 -9999 -9999 -9999 -9999 -9999 -9999 -9999 -9999 -9999 -9999 -9999 -9999 -9999 -9999 -9999 -9999 -9999 -9999 1.16405 1.13156 -9999 -9999 -9999 -9999 -9999 -9999
-9999 -9999 2.21731 2.22455 2.2223 2.22587 2.22207 2.19414 2.18693 2.17977 2.16761 2.1513 2.13307 2.125 2.10595 2.09371 2.08433 2.09048 2.08872 2.0807 2.07108 2.06112 2.04168 2.03219 1.95518 1.92978 1.89504 1.85917 1.77937 1.72245 1.66697 1.62065 -9999 -9999 -9999 -9999 -9999 -9999 1.6429 1.64946 1.64812 1.61438 1.61768 1.61753 1.59653 1.50357 -9999 -9999 -9999 -9999 -9999 -9999 -9999 -9999 -9999 -9999 -9999 -9999 -9999 -9999 1.29891 1.26802 1.21009 1.17773 1.15565 1.12575 -9999 -9999 -9999 -9999 -9999 -9999
-9999 -9999 2.20267 2.21247 2.2145 2.2137 2.2021 2.18664 2.17247 2.16222 2.14982 2.13764 2.12633 2.10752 2.09636 2.07512 2.08661 2.08291 2.07623 2.05783 2.04752 2.01629 1.99848 1.92978 1.94066 1.91164 1.86385 1.80693 1.72868 1.69345 1.66425 1.62169 -9999 -9999 -9999 -9999 -9999 -9999 1.64403 1.65237 1.65626 1.64571 1.61007 1.62206 1.54882 1.51006 1.48272 1.47174 1.45402 1.40427 1.39041 1.37532 1.35029 1.34245 -9999 -9999 -9999 -9999 1.30076 1.29742 1.29451 1.28001 1.21804 1.17395 1.13306 1.09476 -9999 -9999 -9999 -9999 -9999 -9999
-9999 -9999 2.20618 2.20808 2.20231 2.18996 2.18581 2.16774 2.1549 2.13999 2.12698 2.11572 2.10592 2.09455 2.08007 2.07718 2.07336 2.06615 2.0348 1.9983 2.01033 1.98973 1.91469 1.9135 1.92103 1.88917 1.83333 1.77028 1.72733 1.69779 1.66175 1.60981 -9999 -9999 -9999 1.60614 1.62513 1.62078 1.62081 1.6355 1.64277 1.65136 1.64539 1.59965 1.54792 1.50768 1.46473 1.44444 1.44892 1.43032 1.38622 1.36986 1.34422 1.31978 1.31532 1.30923 1.30195 1.29379 1.28868 1.28576 1.28175 1.26853 1.22381 1.19049 1.16687 1.0815 -9999 -9999 -9999 -9999 -9999 -9999
-9999 -9999 2.18252 2.18252 2.17878 2.17625 2.16273 2.15587 2.13361 2.12451 2.11268 2.09232 2.09024 2.08164 2.07459 2.0678 2.06111 2.03492 1.9997 1.96411 1.94609 1.92755 1.89495 1.87445 1.88205 1.8619 1.80563 1.74772 1.72701 1.69183 1.62729 1.57895 -9999 -9999 1.55956 1.60254 1.63139 1.64335 1.64216 1.63444 1.64656 1.63546 1.64406 1.59582 1.52272 1.50091 1.46474 1.44405 1.40721 1.38352 1.35645 1.34676 1.33127 1.31557 1.30788 1.29874 1.29134 1.28574 1.27843 1.27752 1.27579 1.26742 1.22718 1.20536 1.15725 1.06937 -9999 -9999 -9999 -9999 -9999 -9999
-9999 -9999 2.17241 2.17278 2.17262 2.16052 2.15468 2.14177 2.11112 2.10923 2.09885 2.0808 2.06652 2.06753 2.0617 2.05737 2.05396 2.03014 2.00302 1.96167 1.93474 1.89685 1.87932 1.81684 1.81365 1.79628 1.77725 1.76694 1.73838 1.68965 1.6541 1.59015 1.55861 -9999 1.5592 1.57672 1.61308 1.64284 1.65882 1.64322 1.65859 1.65026 1.62894 1.5991 1.53779 1.48119 1.45174 1.42017 1.40863 1.3911 1.35491 1.33731 1.32191 1.30736 1.29597 1.28668 1.27994 1.27568 1.27284 1.27122 1.26954 1.26612 1.24708 1.20625 1.16105 1.06963 -9999 -9999 -9999 -9999 -9999 -9999
-9999 2.15525 2.16584 2.17329 2.1672 2.15758 2.14627 2.13302 2.10947 2.0997 2.08793 2.07412 2.0475 2.04161 2.03984 2.04685 2.04533 2.04351 2.02938 1.97985 1.94656 1.90381 1.8628 1.8171 1.80977 1.82134 1.8045 1.77105 1.73587 1.68432 1.65232 1.61514 1.54856 1.54776 1.56694 1.58102 1.60546 1.64379 1.66812 1.67396 1.66882 1.65075 1.63707 1.58235 1.52823 1.49354 1.45389 1.42152 1.3908 1.3714 1.33565 1.32679 1.31205 1.29663 1.28487 1.27591 1.2699 1.26659 1.26498 1.26416 1.26425 1.26399 1.24638 1.21779 1.13223 1.06685 -9999 -9999 -9999 -9999 -9999 -9999
-9999 -9999 2.15548 2.15142 2.13933 2.12748 2.11865 2.11046 2.09619 2.08274 2.07617 2.0647 2.04018 2.01632 2.0266 2.03036 2.03617 2.03725 2.03656 1.977 1.94986 1.92556 1.88538 1.86488 1.86066 1.84563 1.82284 1.76858 1.71491 1.64727 1.59451 1.58229 1.55047 1.55236 1.56461 1.60181 1.62742 1.63576 1.63929 1.67504 1.66584 1.63881 1.62685 1.58575 1.538 1.4949 1.46544 1.43145 1.39896 1.33646 1.32309 1.30003 1.29879 1.28763 1.27597 1.26714 1.26175 1.25873 1.2579 1.25821 1.25932 1.2489 1.23313 1.21025 1.12429 1.06601 -9999 -9999 -9999 -9999 -9999 -9999
-9999 -9999 -9999 -9999 2.12637 2.11657 2.10344 2.09283 2.08762 2.07834 2.06854 2.05714 2.04131 2.01796 2.00953 2.01092 1.99481 2.00684 2.0189 2.01456 2.00671 1.96246 1.91683 1.92074 1.89964 1.85557 1.81696 1.77868 1.71828 1.66204 1.6035 1.55861 1.54956 1.58257 1.60857 1.64705 1.66326 1.65095 1.65767 1.65908 1.66733 1.65885 1.63203 1.58877 1.54158 1.49081 1.47346 1.44043 1.3986 1.3591 1.31685 1.30133 1.28321 1.28111 1.27114 1.26101 1.25566 1.25322 1.25286 1.25381 1.24299 1.23865 1.23268 1.22463 1.13604 1.05453 -9999 -9999 -9999 -9999 -9999 -9999
-9999 -9999 -9999 -9999 2.10683 2.09423 2.08714 2.09591 2.0828 2.07338 2.05968 2.05083 2.03724 2.01619 1.99738 1.98174 1.96178 1.97068 1.99577 2.00798 2.00388 1.96372 1.95366 1.93256 1.90413 1.85115 1.80734 1.7762 1.71748 1.65756 1.61487 1.56257 1.57361 1.58873 1.61149 1.65277 1.68122 1.69005 1.67151 1.67328 1.68463 1.66391 1.62376 1.59621 1.54124 1.48305 1.4723 1.44382 1.40349 1.37158 1.32436 1.30227 1.28703 1.27563 1.26633 1.2575 1.25178 1.24955 1.24964 1.24584 1.24272 1.2384 1.23213 1.22398 1.16321 1.05153 -9999 -9999 -9999 -9999 -9999 -9999
-9999 -9999 -9999 -9999 -9999 2.07271 2.07908 2.09684 2.07888 2.06344 2.0577 2.04731 2.03164 2.01947 1.99761 1.9711 1.92194 1.9324 1.95501 1.98733 2.00031 1.98932 1.95146 1.91759 1.856 1.79935 1.7773 1.75384 1.70673 1.65544 1.60965 1.62047 1.63551 1.6548 1.66461 1.65988 1.68399 1.70108 1.68486 1.68943 1.69204 1.66186 1.63113 1.59768 1.5409 1.50525 1.47065 1.44895 1.40438 1.3769 1.33205 1.30605 1.28756 1.27373 1.26439 1.25591 1.25063 1.24864 1.24711 1.24554 1.2423 1.23741 1.23077 1.22224 1.20789 1.13842 1.09606 -9999 -9999 -9999 -9999 -9999
-9999 -9999 -9999 -9999 -9999 2.04793 2.04288 2.06775 2.05438 2.05894 2.05636 2.04636 2.02626 2.01223 1.98123 1.97125 1.92545 1.90324 1.91698 1.9055 1.94943 1.98557 1.94821 1.84233 1.79319 1.75287 1.74185 1.72525 1.70085 1.63018 1.60614 1.64003 1.66038 1.6768 1.68993 1.68973 1.68866 1.7176 1.71309 1.71115 1.69181 1.6712 1.62935 1.59021 1.55291 1.50804 1.47093 1.45012 1.40151 1.38153 1.33541 1.3065 1.28505 1.27636 1.2651 1.25709 1.25004 1.24833 1.24682 1.24416 1.24103 1.23581 1.22846 1.21989 1.20937 1.18331 1.14478 1.12296 1.12048 -9999 -9999 -9999
-9999 -9999 -9999 -9999 -9999 -9999 2.00214 2.04422 2.045 2.04587 2.05392 2.04647 2.02243 2.00864 1.97923 1.95336 1.91188 1.86393 1.83613 1.90268 1.95812 1.98178 1.9492 1.85864 1.8128 1.79486 1.79582 1.76489 1.73845 1.67939 1.65813 1.63477 1.63779 1.65718 1.67565 1.6991 1.71466 1.71236 1.71608 1.70647 1.68982 1.67028 1.64301 1.61282 1.55159 1.5285 1.48494 1.45563 1.41924 1.38473 1.33834 1.30531 1.29122 1.28029 1.26917 1.25353 1.25037 1.24853 1.24671 1.24403 1.23855 1.2329 1.22549 1.21624 1.2059 1.18521 1.1695 1.14135 1.1085 1.07112 -9999 -9999
-9999 -9999 -9999 -9999 -9999 -9999 1.97197 2.01481 2.01737 2.04119 2.03621 2.02973 2.02527 2.01347 1.9904 1.95675 1.92802 1.87426 1.81731 1.88675 1.94685 1.97394 1.96502 1.86858 1.87054 1.84035 1.83015 1.78871 1.76338 1.73201 1.70336 1.6749 1.63723 1.61418 1.66781 1.69492 1.71507 1.72107 1.71932 1.71091 1.691 1.66104 1.61275 1.60301 1.55728 1.52303 1.48811 1.45455 1.42106 1.3888 1.34432 1.32103 1.2957 1.27665 1.25913 1.25418 1.2509 1.24833 1.2457 1.24251 1.2381 1.22906 1.22127 1.21176 1.20111 1.18041 1.16759 1.15432 1.13841 1.09249 1.06191 1.03137
-9999 -9999 -9999 -9999 -9999 -9999 1.88967 1.96006 1.98405 2.01066 2.02076 2.02397 2.02332 2.00803 1.99631 1.97114 1.94674 1.90979 1.85509 1.81814 1.86631 1.93884 1.9595 1.92357 1.90668 1.87498 1.84501 1.82848 1.81582 1.77573 1.7255 1.6873 1.65862 1.64644 1.68552 1.6897 1.68403 1.72237 1.71428 1.70018 1.66829 1.62576 1.60599 1.5616 1.5268 1.48242 1.46412 1.44444 1.41887 1.39039 1.34658 1.3088 1.29217 1.26811 1.26036 1.25467 1.25056 1.24728 1.24396 1.23971 1.2346 1.2286 1.21531 1.20518 1.19538 1.1746 1.16221 1.14956 1.13764 1.12187 1.10462 1.06372
-9999 -9999 -9999 -9999 -9999 -9999 1.87147 1.9159 1.96678 1.97993 2.00876 2.01205 2.01993 2.01421 2.00155 1.97878 1.95062 1.91901 1.87094 1.83257 1.86243 1.90652 1.93457 1.9132 1.90187 1.88642 1.86834 1.83302 1.81667 1.791 1.7657 1.70902 1.68894 1.66157 1.704 1.7066 1.69586 1.71185 1.70198 1.65684 1.61616 1.59469 1.58159 1.54172 1.49565 1.45274 1.4344 1.43397 1.37942 1.35538 1.32629 1.31008 1.27856 1.26841 1.26032 1.2542 1.24926 1.2452 1.24115 1.23601 1.23018 1.22327 1.21472 1.19814 1.18683 1.16497 1.15541 1.14354 1.13216 1.12074 1.1014 1.07632
-9999 -9999 -9999 -9999 -9999 -9999 1.85828 1.89314 1.93871 1.96726 1.99853 2.00862 2.01541 2.01168 1.99691 1.98353 1.96404 1.93521 1.91298 1.87745 1.83003 1.88683 1.89484 1.87705 1.84949 1.85343 1.83878 1.81702 1.78777 1.78817 1.75322 1.72396 1.71232 1.69579 1.71742 1.71392 1.70833 1.70015 1.66275 1.61166 1.56558 1.57043 1.54553 1.52338 1.44934 1.43094 1.42351 1.40247 1.36113 1.32673 1.3183 1.28425 1.27444 1.266 1.25903 1.25204 1.24684 1.24166 1.23655 1.23094 1.22433 1.21681 1.20809 1.19838 1.17874 1.15699 1.14463 1.1227 1.11162 1.10639 1.09802 1.06939
-9999 -9999 -9999 -9999 -9999 -9999 -9999 1.84844 1.88952 1.94471 1.97371 1.99083 1.99748 1.9937 1.9842 1.97339 1.95894 1.93577 1.90705 1.86448 1.82965 1.83564 1.84111 1.80588 1.80483 1.82908 1.82871 1.79765 1.72416 1.71287 1.73639 1.73068 1.72389 1.71727 1.71707 1.70901 1.69581 1.66872 1.59937 1.56652 1.52759 1.51213 1.47966 1.47072 1.41889 1.41956 1.40499 1.38379 1.33448 1.29322 1.27606 1.27207 1.25717 1.25361 1.25556 1.24851 1.24238 1.23634 1.23061 1.22438 1.21729 1.20362 1.19405 1.18368 1.16101 1.13894 1.12466 1.11173 1.09825 1.09249 1.08484 1.02608
-9999 -9999 -9999 -9999 -9999 -9999 -9999 1.81041 1.87192 1.93801 1.95586 1.9743 1.98998 1.98623 1.97311 1.96003 1.94609 1.93013 1.89663 1.86294 1.82942 1.81129 1.80557 1.76376 1.77167 1.80825 1.80511 1.78895 1.68016 1.65525 1.6882 1.71587 1.71316 1.70508 1.66009 1.66275 1.63424 1.59643 1.57777 1.5522 1.51017 1.50591 1.46694 1.4545 1.3974 1.38863 1.37204 1.36673 1.32258 1.27665 1.25745 1.25692 1.24446 1.24881 1.24503 1.2385 1.2317 1.22514 1.21832 1.21127 1.20319 1.19427 1.1845 1.17362 1.16123 1.13171 1.08097 1.07003 1.06779 1.06618 1.04304 1.01243
-9999 -9999 -9999 -9999 -9999 -9999 -9999 1.81383 1.85455 1.91251 1.95448 1.95244 1.97081 1.97811 1.96373 1.94779 1.93107 1.91991 1.88398 1.84436 1.80997 1.77011 1.76485 1.77585 1.76723 1.78676 1.78023 1.7619 1.67209 1.67506 1.69449 1.70196 1.6998 1.69023 1.67524 1.66334 1.63963 1.62353 1.59066 1.54358 1.51547 1.50765 1.45309 1.43615 1.42903 1.35813 1.35969 1.34937 1.30061 1.24416 1.25306 1.25146 1.25007 1.24437 1.23685 1.23154 1.22374 1.21645 1.20902 1.2011 1.19274 1.18326 1.17327 1.16013 1.14513 1.10756 1.06021 1.05185 1.05443 1.05636 0.997367 0.996955
-9999 -9999 -9999 -9999 -9999 -9999 -9999 1.81705 1.85321 1.90267 1.93087 1.93165 1.9522 1.96996 1.96229 1.94556 1.93622 1.91801 1.88639 1.85146 1.81329 1.7896 1.74668 1.76877 1.74974 1.76478 1.76559 1.67641 1.65526 1.66437 1.67425 1.6737 1.68504 1.67763 1.66416 1.62992 1.60843 1.60416 1.58757 1.56533 1.52757 1.5109 1.47867 1.45412 1.42894 1.35299 1.34489 1.32606 1.27544 1.25605 1.25337 1.24784 1.24307 1.23384 1.2272 1.22252 1.21439 1.20634 1.19817 1.18992 1.18091 1.17052 1.15986 1.14371 1.12251 1.09169 1.02152 1.03452 1.04916 1.01458 0.980817 0.978724
-9999 -9999 -9999 -9999 -9999 -9999 -9999 1.80461 1.8436 1.885 1.89912 1.89701 1.93803 1.9611 1.95572 1.94465 1.93227 1.89669 1.89115 1.87746 1.84228 1.7943 1.74195 1.73576 1.72361 1.73998 1.74011 1.63476 1.61154 1.61045 1.62918 1.64557 1.66352 1.66204 1.64609 1.59637 1.54345 1.55366 1.56419 1.55171 1.5317 1.49483 1.47171 1.44819 1.41409 1.35122 1.31504 1.30374 1.25002 1.24284 1.24216 1.2403 1.22282 1.21392 1.21515 1.21221 1.20338 1.19478 1.1864 1.17757 1.16828 1.15653 1.14428 1.12986 1.09128 1.06328 1.01723 1.0192 1.02615 0.956568 0.965007 0.962267
-9999 -9999 -9999 -9999 -9999 -9999 -9999 1.78526 1.81191 1.85125 1.86374 1.88732 1.92561 1.94163 1.9463 1.94016 1.92971 1.90999 1.8949 1.87163 1.83539 1.78838 1.73658 1.69903 1.7025 1.70391 1.66539 1.59882 1.57114 1.58076 1.60064 1.63549 1.65168 1.64614 1.63488 1.6172 1.57563 1.52675 1.51571 1.5229 1.49348 1.46032 1.45526 1.43695 1.40394 1.37462 1.31023 1.25978 1.22869 1.21946 1.22124 1.2323 1.22288 1.21021 1.20988 1.20025 1.19095 1.18222 1.17328 1.1643 1.15498 1.14369 1.12956 1.10086 1.07432 1.04112 1.02794 1.0157 0.983564 0.947962 0.94776 0.942982
-9999 -9999 -9999 -9999 -9999 -9999 -9999 1.75574 1.78836 1.82487 1.85888 1.89087 1.91769 1.91454 1.92586 1.9198 1.92238 1.91297 1.89359 1.8727 1.84025 1.78239 1.73171 1.67681 1.67793 1.68924 1.61247 1.57862 1.52695 1.55664 1.59109 1.62179 1.63407 1.60698 1.61526 1.60413 1.58222 1.54881 1.50199 1.49074 1.45113 1.43612 1.43503 1.42371 1.40482 1.37894 1.33151 1.25475 1.21684 1.20323 1.20356 1.20876 1.21455 1.20543 1.19769 1.18727 1.17741 1.16828 1.15919 1.14981 1.13984 1.12853 1.10331 1.07479 1.05322 1.02699 1.01461 1.02614 0.973214 0.932563 0.9306 0.925069
-9999 -9999 -9999 -9999 -9999 -9999 -9999 -9999 1.77937 1.81735 1.84406 1.84711 1.87028 1.88015 1.88635 1.88294 1.91088 1.90588 1.89083 1.87091 1.84185 1.79557 1.75984 1.70647 1.66468 1.60245 1.56058 1.55895 1.54305 1.54927 1.58122 1.61549 1.60982 1.57075 1.56497 1.561 1.56438 1.54707 1.48744 1.45105 1.41803 1.41918 1.4201 1.40844 1.39293 1.37299 1.30035 1.2189 1.22237 1.22108 1.2089 1.20734 1.20331 1.19321 1.18341 1.17271 1.16276 1.15315 1.14339 1.13403 1.1227 1.10824 1.08131 1.02913 1.02123 1.00633 0.982413 0.96646 0.907007 0.914219 0.913743 0.906937
-9999 -9999 -9999 -9999 -9999 -9999 -9999 -9999 1.75996 1.80491 1.80989 1.80344 1.78098 1.78307 1.83967 1.84618 1.87272 1.89702 1.88724 1.86742 1.83949 1.80786 1.76344 1.70425 1.65438 1.56446 1.56956 1.58267 1.57764 1.57765 1.59197 1.58526 1.54459 1.50623 1.51134 1.51049 1.5359 1.53204 1.51437 1.47369 1.42802 1.39743 1.40396 1.39156 1.37664 1.35985 1.3022 1.24253 1.21899 1.21483 1.20746 1.19693 1.19094 1.17977 1.16818 1.15753 1.14697 1.13686 1.12642 1.11614 1.10087 1.08414 1.04614 1.01257 0.98761 0.95803 0.990298 0.956884 0.921953 0.896544 0.895056 0.886825
