Test_Spring_2018/03_18/Prec/20180321_007.txt
ncols	170
nrows	115
xllcorner	350000.000000
yllcorner	4445000.000000
cellsize	1000.000000
nodata_value	-9999.000000
[rows 32 to 63 of 115, columns 72 to 143 of 170]
1.29607 1.29755 1.32254 1.34642 1.35027 1.38686 1.43459 1.44347 1.44388 1.43337 1.43268 1.43099 1.4313 1.41347 1.35615 1.30518 1.33976 1.34593 1.33145 1.37484 1.36239 1.31893 1.25468 1.30087 1.29776 1.24726 1.24226 -9999 -9999 -9999 -9999 -9999 -9999 -9999 -9999 -9999 -9999 -9999 -9999 -9999 -9999 -9999 -9999 -9999 -9999 -9999 -9999 -9999 -9999 -9999 -9999 -9999 -9999 -9999 -9999 -9999 -9999 -9999 -9999 -9999 -9999 -9999 -9999 -9999 -9999 -9999 -9999 -9999 -9999 -9999 -9999 -9999
1.32264 1.3279 1.35852 1.3681 1.37992 1.42627 1.46766 1.47966 1.48535 1.48555 1.48592 1.48511 1.47313 1.45302 1.40507 1.34651 1.33671 1.37219 1.37847 1.38843 1.37591 1.35903 1.32969 1.36374 1.38029 1.35189 1.30696 1.32199 -9999 -9999 -9999 -9999 -9999 -9999 -9999 -9999 -9999 -9999 -9999 -9999 -9999 -9999 -9999 -9999 -9999 -9999 -9999 -9999 -9999 -9999 -9999 -9999 -9999 -9999 -9999 -9999 -9999 -9999 -9999 -9999 -9999 -9999 -9999 -9999 -9999 -9999 -9999 -9999 -9999 -9999 -9999 -9999
1.34632 1.33401 1.35536 1.37423 1.43005 1.46644 1.47948 1.51449 1.5227 1.53042 1.5279 1.52671 1.51913 1.50079 1.47154 1.43469 1.36673 1.41478 1.45298 1.45545 1.45692 1.44479 1.41497 1.44678 1.45209 1.41007 1.40217 1.37536 1.36519 -9999 -9999 -9999 -9999 -9999 -9999 -9999 -9999 -9999 -9999 -9999 -9999 -9999 -9999 -9999 -9999 -9999 -9999 -9999 -9999 -9999 -9999 -9999 -9999 -9999 -9999 -9999 -9999 -9999 -9999 -9999 -9999 -9999 -9999 -9999 -9999 -9999 -9999 -9999 -9999 -9999 -9999 -9999
1.36702 1.34922 1.36992 1.39588 1.45704 1.49775 1.52286 1.54132 1.55969 1.56906 1.56772 1.54421 1.5473 1.55251 1.53553 1.4928 1.44916 1.43958 1.4946 1.5114 1.50977 1.52313 1.49654 1.51205 1.50912 1.4936 1.48622 1.4438 1.42755 1.39422 -9999 -9999 -9999 -9999 -9999 -9999 -9999 -9999 -9999 -9999 -9999 -9999 -9999 -9999 -9999 -9999 -9999 -9999 -9999 -9999 -9999 -9999 -9999 -9999 -9999 -9999 -9999 -9999 -9999 -9999 -9999 -9999 -9999 -9999 -9999 -9999 -9999 -9999 -9999 -9999 -9999 -9999
-9999 -9999 1.37607 1.43271 1.48489 1.51455 1.55306 1.57537 1.59739 1.60847 1.59785 1.59737 1.60535 1.59808 1.578 1.56598 1.53909 1.50966 1.52189 1.56686 1.5462 1.57772 1.57482 1.5811 1.56082 1.56084 1.50004 1.46945 1.45489 1.42828 -9999 -9999 -9999 -9999 -9999 -9999 -9999 -9999 -9999 -9999 -9999 -9999 -9999 -9999 -9999 -9999 -9999 -9999 -9999 -9999 -9999 -9999 -9999 -9999 -9999 -9999 -9999 -9999 -9999 -9999 -9999 -9999 -9999 -9999 -9999 -9999 -9999 -9999 -9999 -9999 -9999 -9999
-9999 -9999 -9999 1.45962 1.50816 1.55211 1.58262 1.60286 1.63261 1.64634 1.65106 1.65665 1.65783 1.65434 1.64107 1.62361 1.5977 1.59528 1.62293 1.62106 1.61232 1.61441 1.62708 1.62178 1.58223 1.56836 1.53776 1.47049 1.44533 1.44987 1.43349 -9999 -9999 -9999 -9999 -9999 -9999 -9999 -9999 -9999 -9999 -9999 -9999 1.46003 -9999 -9999 -9999 -9999 -9999 -9999 -9999 -9999 -9999 -9999 -9999 -9999 -9999 -9999 -9999 -9999 -9999 -9999 -9999 -9999 1.1839 -9999 -9999 -9999 -9999 -9999 -9999 -9999
-9999 -9999 1.45571 1.52824 1.55543 1.5889 1.59731 1.63421 1.66831 1.68432 1.69346 1.70044 1.69723 1.70281 1.6983 1.67874 1.67506 1.68326 1.6845 1.68506 1.68313 1.67574 1.66542 1.65443 1.66728 1.63829 1.61954 1.55498 1.53073 1.50583 1.46765 1.43866 -9999 -9999 -9999 -9999 -9999 -9999 -9999 1.49942 1.48881 1.47922 1.47699 1.49001 1.46323 -9999 -9999 -9999 -9999 -9999 -9999 -9999 -9999 -9999 -9999 -9999 -9999 -9999 -9999 -9999 -9999 -9999 -9999 -9999 1.20778 1.16935 -9999 -9999 -9999 -9999 -9999 -9999
-9999 -9999 1.53023 1.56119 1.58442 1.61874 1.64688 1.67279 1.69723 1.7213 1.73747 1.7457 1.74776 1.7581 1.74969 1.74489 1.73912 1.74912 1.74654 1.73474 1.72091 1.70791 1.6853 1.67833 1.70292 1.6827 1.65358 1.62546 1.58034 1.52737 1.4764 1.4364 -9999 -9999 -9999 -9999 -9999 -9999 1.53933 1.55112 1.55272 1.51406 1.5231 1.52947 1.51164 1.48867 -9999 -9999 -9999 -9999 -9999 -9999 -9999 -9999 -9999 -9999 -9999 -9999 -9999 -9999 1.38359 1.34578 1.27376 1.23397 1.20746 1.17168 -9999 -9999 -9999 -9999 -9999 -9999
-9999 -9999 1.5493 1.58468 1.61527 1.64679 1.6684 1.71723 1.73197 1.75572 1.77487 1.79103 1.80379 1.80168 1.80322 1.7861 1.80459 1.79944 1.78733 1.75885 1.74052 1.6974 1.67395 1.69548 1.71702 1.69201 1.64679 1.59303 1.53561 1.52433 1.50754 1.47337 -9999 -9999 -9999 -9999 -9999 -9999 1.57327 1.58519 1.59115 1.57947 1.53756 1.55747 1.55065 1.51157 1.48865 1.48781 1.47969 1.44109 1.43929 1.43416 1.41568 1.41757 -9999 -9999 -9999 -9999 1.39775 1.39512 1.392 1.3737 1.29553 1.24002 1.18902 1.18314 -9999 -9999 -9999 -9999 -9999 -9999
-9999 -9999 1.58618 1.61313 1.63621 1.6562 1.69073 1.74069 1.75946 1.81784 1.83599 1.8528 1.86669 1.87292 1.86903 1.87349 1.87114 1.85993 1.81522 1.76254 1.77101 1.70608 1.68094 1.70443 1.72115 1.69251 1.63769 1.57722 1.56589 1.56056 1.53645 1.5243 -9999 -9999 -9999 1.5702 1.60006 1.59824 1.60015 1.61951 1.6294 1.61033 1.60381 1.60963 1.56263 1.52157 1.47915 1.467 1.48736 1.4796 1.44907 1.44306 1.42448 1.43213 1.43514 1.43447 1.43066 1.42419 1.42023 1.418 1.41366 1.39741 1.31418 1.27117 1.241 1.18001 -9999 -9999 -9999 -9999 -9999 -9999
-9999 -9999 1.65009 1.67675 1.70349 1.72234 1.74646 1.78119 1.82561 1.84446 1.86676 1.87423 1.89924 1.90954 1.91469 1.91309 1.90519 1.86759 1.81512 1.76054 1.7283 1.76086 1.71781 1.71307 1.72989 1.68354 1.6725 1.61843 1.61316 1.61103 1.55539 1.51294 -9999 -9999 1.53057 1.59268 1.63398 1.65141 1.65035 1.64001 1.6545 1.64061 1.65308 1.64992 1.57433 1.55684 1.49072 1.47862 1.48336 1.46847 1.4588 1.45782 1.45001 1.44048 1.43934 1.43458 1.43021 1.42643 1.41906 1.41864 1.41648 1.40562 1.35474 1.32734 1.30135 1.1986 -9999 -9999 -9999 -9999 -9999 -9999
-9999 -9999 1.70193 1.73302 1.7672 1.78948 1.82196 1.79988 1.83605 1.87669 1.89303 1.90523 1.91603 1.93878 1.94502 1.94532 1.93967 1.90268 1.85773 1.79318 1.74716 1.74622 1.72134 1.69882 1.70423 1.69492 1.68631 1.69093 1.6515 1.6327 1.60872 1.55104 1.5282 -9999 1.55392 1.58337 1.63317 1.67183 1.69109 1.66954 1.68686 1.67533 1.69503 1.66346 1.60223 1.57434 1.5502 1.52384 1.52276 1.48981 1.46888 1.46013 1.45051 1.44242 1.43649 1.43124 1.42727 1.42463 1.42228 1.42034 1.41762 1.41244 1.38772 1.36489 1.30999 1.20261 -9999 -9999 -9999 -9999 -9999 -9999
-9999 1.64789 1.71157 1.75421 1.78355 1.81151 1.83951 1.86619 1.90641 1.9 1.9262 1.93577 1.93177 1.94594 1.95672 1.97011 1.96517 1.95381 1.92298 1.84593 1.83494 1.80457 1.75444 1.71627 1.71698 1.74463 1.73938 1.71553 1.69113 1.66561 1.62767 1.60062 1.53584 1.54868 1.58319 1.60761 1.64156 1.69001 1.71873 1.72313 1.71377 1.72526 1.71251 1.67923 1.62861 1.59795 1.56172 1.53494 1.51016 1.49918 1.4762 1.45759 1.45094 1.43953 1.43289 1.42768 1.42417 1.42221 1.42089 1.41946 1.4185 1.41689 1.41632 1.38241 1.29858 1.22533 -9999 -9999 -9999 -9999 -9999 -9999
-9999 -9999 1.71409 1.74478 1.76894 1.79622 1.8292 1.86382 1.91583 1.93717 1.9634 1.96227 1.9541 1.94542 1.97069 1.97894 1.9819 1.97269 1.9572 1.91553 1.87801 1.84637 1.79783 1.79088 1.79617 1.79101 1.77882 1.72927 1.68192 1.63551 1.58662 1.58738 1.55338 1.57005 1.59522 1.64798 1.68264 1.69264 1.69452 1.73591 1.74621 1.73528 1.72975 1.68926 1.64726 1.60696 1.58429 1.55601 1.5293 1.46422 1.46887 1.44958 1.4561 1.43863 1.43 1.42452 1.42132 1.41928 1.41853 1.41817 1.41823 1.41948 1.41624 1.39331 1.29116 1.22732 -9999 -9999 -9999 -9999 -9999 -9999
-9999 -9999 -9999 -9999 1.77091 1.80226 1.83095 1.86324 1.92613 1.9523 1.97378 1.98802 1.9905 1.96941 1.97041 1.97487 1.94943 1.95944 1.98248 1.9728 1.96022 1.90435 1.8606 1.87366 1.85849 1.81741 1.78573 1.75643 1.70056 1.66759 1.6107 1.5695 1.5712 1.62308 1.66079 1.71447 1.73672 1.72027 1.72584 1.74796 1.76515 1.76334 1.74035 1.69833 1.65778 1.60874 1.60195 1.57527 1.53697 1.50069 1.46838 1.45789 1.44237 1.44527 1.43668 1.42245 1.41883 1.41714 1.41671 1.41701 1.41788 1.41782 1.41659 1.41321 1.30862 1.21611 -9999 -9999 -9999 -9999 -9999 -9999
-9999 -9999 -9999 -9999 1.76308 1.79159 1.82807 1.88448 1.93633 1.96107 1.97618 1.99213 1.99599 1.98391 1.96671 1.94923 1.92403 1.93183 1.95947 1.97158 1.96488 1.91539 1.917 1.89963 1.87603 1.82424 1.7862 1.76574 1.71155 1.67288 1.6348 1.58304 1.60873 1.63696 1.672 1.72701 1.76423 1.77583 1.75871 1.76655 1.78868 1.77268 1.73419 1.71312 1.66352 1.60593 1.60792 1.58717 1.55068 1.52359 1.48431 1.46469 1.45183 1.44205 1.4334 1.42417 1.41701 1.4153 1.41533 1.41651 1.41735 1.41807 1.41732 1.41472 1.34595 1.21606 -9999 -9999 -9999 -9999 -9999 -9999
-9999 -9999 -9999 -9999 -9999 1.78019 1.83281 1.89925 1.94345 1.95858 1.98158 1.99357 1.99309 1.99086 1.97039 1.93889 1.87562 1.88617 1.91184 1.95066 1.96701 1.95572 1.92351 1.89113 1.82656 1.7705 1.75972 1.74844 1.70803 1.67911 1.63571 1.66177 1.69102 1.72321 1.74096 1.73805 1.76949 1.79276 1.77638 1.78858 1.8008 1.77408 1.74861 1.72116 1.66991 1.6412 1.61348 1.60122 1.55907 1.53698 1.49991 1.47439 1.45638 1.44253 1.43293 1.42343 1.41738 1.41534 1.41501 1.41651 1.41775 1.41848 1.41807 1.41581 1.40614 1.32977 1.28343 -9999 -9999 -9999 -9999 -9999
-9999 -9999 -9999 -9999 -9999 1.76357 1.80012 1.87331 1.92147 1.95907 1.98342 1.99351 1.98556 1.98312 1.95208 1.94026 1.88412 1.8504 1.86646 1.85199 1.90905 1.95872 1.92853 1.80665 1.7583 1.72287 1.72563 1.7222 1.70917 1.65492 1.63722 1.69061 1.72498 1.75224 1.77323 1.7792 1.77772 1.81677 1.81472 1.8196 1.80523 1.79157 1.75308 1.7193 1.69292 1.65287 1.62198 1.61055 1.56278 1.54934 1.51 1.47975 1.45695 1.44856 1.43571 1.42618 1.42003 1.41727 1.41782 1.41696 1.41886 1.41979 1.41917 1.41751 1.41326 1.3918 1.35056 1.32859 1.32899 -9999 -9999 -9999
-9999 -9999 -9999 -9999 -9999 -9999 1.76059 1.8525 1.9166 1.94644 1.98123 1.992 2.00386 1.98818 1.95209 1.92072 1.87084 1.81462 1.76738 1.85291 1.92634 1.96205 1.93939 1.83759 1.79377 1.78638 1.80362 1.78118 1.76423 1.72382 1.70791 1.68765 1.69871 1.74223 1.76954 1.79665 1.81629 1.8165 1.82756 1.82022 1.81006 1.79854 1.77905 1.757 1.70063 1.6879 1.6486 1.62595 1.5928 1.5602 1.51997 1.48351 1.46895 1.45687 1.44348 1.43343 1.42619 1.42335 1.42371 1.42618 1.42075 1.42161 1.42141 1.41934 1.4157 1.40114 1.38871 1.35881 1.32094 1.2752 -9999 -9999
-9999 -9999 -9999 -9999 -9999 -9999 1.73421 1.82369 1.88833 1.94374 1.99885 2.01551 2.0128 1.99943 1.97156 1.93103 1.89811 1.83572 1.77161 1.84976 1.91979 1.9614 1.95975 1.86137 1.87778 1.85468 1.85716 1.82036 1.80335 1.79734 1.77049 1.74225 1.72489 1.70554 1.76909 1.80106 1.82683 1.83795 1.84265 1.84221 1.82233 1.79784 1.75226 1.75607 1.7189 1.69177 1.66277 1.63404 1.60367 1.57293 1.5348 1.50962 1.48007 1.47255 1.45488 1.44359 1.43641 1.43286 1.43239 1.43436 1.43757 1.42757 1.42437 1.42218 1.41829 1.40364 1.39479 1.38351 1.3668 1.31019 1.27071 1.23686
-9999 -9999 -9999 -9999 -9999 -9999 1.64323 1.76372 1.914 1.96183 2.00861 2.01732 2.01911 2.00148 1.98834 1.95919 1.93263 1.89237 1.83207 1.79626 1.84364 1.94668 1.96469 1.943 1.93566 1.91019 1.88696 1.88029 1.87776 1.86082 1.84682 1.79825 1.77869 1.75913 1.80483 1.80847 1.80231 1.85453 1.85163 1.84429 1.81726 1.76858 1.7595 1.71771 1.69363 1.65311 1.64424 1.6321 1.61075 1.58381 1.5465 1.52914 1.50541 1.48444 1.46907 1.45732 1.44949 1.44536 1.44418 1.44481 1.447 1.45006 1.432 1.43012 1.42174 1.40664 1.39813 1.38745 1.3756 1.35677 1.33399 1.2879
-9999 -9999 -9999 -9999 -9999 -9999 1.70329 1.82435 1.90454 1.96373 2.00686 2.01527 2.02778 2.0225 2.00875 1.98338 1.95291 1.92015 1.86884 1.83175 1.8821 1.92037 1.96953 1.96843 1.94346 1.93783 1.92866 1.95286 1.94081 1.9403 1.90934 1.86177 1.83302 1.79504 1.84568 1.84801 1.83605 1.86059 1.85568 1.80931 1.77101 1.75871 1.74605 1.7121 1.67366 1.63007 1.62023 1.63134 1.60886 1.58434 1.56433 1.54287 1.51799 1.50029 1.48518 1.47356 1.46522 1.46045 1.45846 1.45786 1.45879 1.46017 1.46052 1.43505 1.43102 1.41475 1.40147 1.39149 1.38015 1.36671 1.35092 1.32547
-9999 -9999 -9999 -9999 -9999 -9999 1.75698 1.81374 1.88504 1.9659 2.01148 2.02826 2.03956 2.03724 2.02147 2.00857 1.98964 1.9609 1.94243 1.90903 1.86215 1.94727 1.9366 1.93967 1.98231 2.0022 1.99641 1.97905 1.94849 1.95163 1.93805 1.89946 1.88218 1.85875 1.88413 1.87958 1.87468 1.86919 1.82974 1.77567 1.73009 1.75016 1.73379 1.7084 1.63337 1.66403 1.66812 1.65252 1.59981 1.56182 1.56905 1.54624 1.53063 1.51593 1.50311 1.49117 1.48313 1.4773 1.47404 1.4726 1.47204 1.47191 1.47119 1.46937 1.43667 1.41952 1.411 1.40076 1.38975 1.37272 1.36062 1.33232
-9999 -9999 -9999 -9999 -9999 -9999 -9999 1.83671 1.9369 2.01225 2.05186 2.07474 2.08376 2.08005 2.07047 2.06133 2.05012 2.03063 2.00668 1.96743 1.9394 1.96346 1.95 1.93052 1.94482 1.98925 2.00067 1.97116 1.9222 1.94257 1.97089 1.96088 1.94881 1.93722 1.90893 1.89948 1.8856 1.8566 1.77692 1.77401 1.73889 1.73489 1.71034 1.70315 1.65445 1.66945 1.66336 1.64662 1.59205 1.56459 1.56763 1.56102 1.53916 1.53085 1.52144 1.51028 1.50171 1.49514 1.4911 1.48854 1.48674 1.48739 1.48551 1.48275 1.44457 1.42597 1.41488 1.40353 1.3893 1.38257 1.37135 1.33664
-9999 -9999 -9999 -9999 -9999 -9999 -9999 1.85769 1.94383 2.03274 2.05872 2.08403 2.10536 2.10263 2.08926 2.07772 2.06721 2.05641 2.02565 1.9964 1.96859 1.96076 1.96851 1.89959 1.92406 1.98311 1.9904 1.97928 1.92421 1.89487 1.9363 1.96977 1.96445 1.95259 1.89531 1.89964 1.867 1.82521 1.81004 1.78852 1.74823 1.75675 1.7223 1.72118 1.65098 1.65268 1.64289 1.64525 1.59664 1.56494 1.5672 1.56575 1.54802 1.5508 1.54345 1.53341 1.52439 1.51746 1.51217 1.50855 1.50533 1.50229 1.49889 1.49417 1.48701 1.43739 1.37923 1.36988 1.36959 1.36817 1.35451 1.34294
-9999 -9999 -9999 -9999 -9999 -9999 -9999 1.89543 1.95463 2.03313 2.08975 2.08995 2.11545 2.12738 2.11302 2.09815 2.08402 2.07872 2.04398 2.00602 1.97566 1.93893 1.94571 1.97243 1.94168 1.97851 1.98102 1.96696 1.94031 1.94696 1.9727 1.9823 1.97927 1.96706 1.94882 1.93581 1.90974 1.89526 1.86175 1.81228 1.78817 1.79065 1.73491 1.72644 1.72976 1.63878 1.65069 1.64599 1.59115 1.57437 1.58716 1.58522 1.58248 1.57379 1.56284 1.55528 1.54565 1.53808 1.53191 1.52668 1.52223 1.51736 1.51237 1.50345 1.49175 1.45076 1.37459 1.36798 1.37354 1.37668 1.35233 1.34895
-9999 -9999 -9999 -9999 -9999 -9999 -9999 1.93602 1.98867 2.05625 2.09578 2.10002 2.12887 2.15451 2.14897 2.13317 2.12805 2.11323 2.08289 2.04956 2.01297 1.99505 1.95301 1.99236 1.94505 1.97557 1.98694 1.96865 1.94754 1.96291 1.97795 1.97895 1.99445 1.98642 1.97132 1.93112 1.90828 1.90864 1.89507 1.87585 1.83833 1.82814 1.79882 1.77917 1.75832 1.65893 1.6577 1.64163 1.61042 1.61651 1.61532 1.60931 1.60337 1.59137 1.5826 1.57671 1.56726 1.55897 1.5517 1.5455 1.53934 1.53216 1.52504 1.51099 1.4902 1.4566 1.34951 1.36924 1.38975 1.37883 1.35773 1.3532
-9999 -9999 -9999 -9999 -9999 -9999 -9999 1.95942 2.01481 2.07197 2.09389 2.09487 2.14988 2.18257 2.18009 2.17133 2.16197 2.12455 2.12594 2.11801 2.08376 2.03387 1.97864 1.98127 1.97733 1.97118 1.98149 1.94582 1.92279 1.92636 1.95383 1.97759 2.00288 2.00368 1.98662 1.92775 1.86576 1.88422 1.90418 1.89627 1.87978 1.84271 1.82329 1.80341 1.76998 1.69371 1.64789 1.64074 1.63413 1.62903 1.63094 1.63043 1.60957 1.59908 1.60122 1.59834 1.58855 1.57973 1.572 1.56448 1.55705 1.54701 1.53658 1.52339 1.4795 1.44837 1.38833 1.37491 1.38556 1.35509 1.36548 1.36102
-9999 -9999 -9999 -9999 -9999 -9999 -9999 1.97595 2.01501 2.06923 2.08912 2.12259 2.17444 2.19849 2.20868 2.20589 2.19842 2.18011 2.1684 2.14717 2.11024 2.06022 2.00445 1.96665 1.98027 1.95449 1.95468 1.93148 1.90361 1.92174 1.95197 2.00036 2.02488 2.02188 2.01176 1.99387 1.94645 1.89045 1.88271 1.89856 1.86897 1.83515 1.83693 1.82218 1.78885 1.75991 1.67136 1.63998 1.63765 1.63029 1.63595 1.65257 1.64288 1.62872 1.62987 1.61937 1.60948 1.60063 1.59195 1.58361 1.57523 1.56461 1.55052 1.51806 1.48808 1.44937 1.43531 1.39711 1.38962 1.37243 1.37246 1.36626
-9999 -9999 -9999 -9999 -9999 -9999 -9999 1.98075 2.02649 2.07677 2.12362 2.16779 2.20538 2.20542 2.22387 2.22085 2.22914 2.22291 2.20472 2.18523 2.15178 2.08689 2.03144 1.97099 1.98111 2.00173 1.97195 1.93776 1.88063 1.92515 1.97505 2.01968 2.04068 2.01184 2.02727 2.01824 1.99572 1.95895 1.9056 1.89726 1.85362 1.84121 1.84656 1.83925 1.82254 1.79704 1.73428 1.66368 1.65412 1.64165 1.64621 1.65638 1.66686 1.65822 1.65102 1.64027 1.63012 1.62087 1.61172 1.60225 1.59208 1.58027 1.55093 1.51739 1.49243 1.46143 1.44759 1.45476 1.40407 1.3819 1.38018 1.37377
-9999 -9999 -9999 -9999 -9999 -9999 -9999 -9999 2.05653 2.10826 2.14583 2.15366 2.18676 2.20314 2.21499 2.21486 2.25435 2.25275 2.23891 2.21943 2.18903 2.13755 2.09995 2.04072 1.99653 1.95591 1.9381 1.94511 1.93395 1.95024 1.99841 2.04901 2.04885 2.00619 2.00487 2.00539 2.0148 1.99796 1.9278 1.88684 1.85021 1.85672 1.8632 1.85418 1.84064 1.82183 1.74705 1.68334 1.69297 1.69648 1.6861 1.68878 1.68801 1.67922 1.67041 1.66004 1.65021 1.64042 1.6301 1.61998 1.60712 1.59014 1.55734 1.49271 1.48369 1.46586 1.43672 1.44511 1.37772 1.38788 1.38844 1.38113
-9999 -9999 -9999 -9999 -9999 -9999 -9999 -9999 2.07294 2.13305 2.1432 2.13909 2.11488 2.12143 2.19638 2.20826 2.24528 2.27958 2.27126 2.25074 2.22058 2.18648 2.13712 2.07005 2.01552 2.00303 2.00697 2.00691 2.01059 2.02047 2.04801 2.04863 2.00592 1.96537 1.97864 1.98358 2.02075 2.02043 2.00223 1.95477 1.90091 1.86611 1.87825 1.86704 1.85323 1.83769 1.79212 1.7433 1.72066 1.72119 1.71775 1.71023 1.70817 1.69918 1.68911 1.67957 1.6694 1.65903 1.64749 1.63548 1.61664 1.59554 1.54744 1.50481 1.47306 1.43569 1.47635 1.46121 1.43552 1.39445 1.39413 1.38569
