Test_Spring_2018/03_18/Prec/20180308_007.txt
ncols	170
nrows	115
xllcorner	350000.000000
yllcorner	4445000.000000
cellsize	1000.000000
nodata_value	-9999.000000
[rows 31 to 61 of 115, columns 70 to 139 of 170]
0.983844 0.989727 0.997403 1.0077 1.01744 1.02122 1.04519 1.05579 1.0797 1.08852 1.09806 1.10608 1.11393 1.12161 1.12703 1.13375 1.14669 1.14398 1.14166 1.14227 1.13644 1.12816 1.12412 1.12401 1.11876 1.11482 1.08082 1.08282 1.0752 -9999 -9999 -9999 -9999 -9999 -9999 -9999 -9999 -9999 -9999 -9999 -9999 -9999 -9999 -9999 -9999 -9999 -9999 -9999 -9999 -9999 -9999 -9999 -9999 -9999 -9999 -9999 -9999 -9999 -9999 -9999 -9999 -9999 -9999 -9999 -9999 -9999 -9999 -9999 -9999 -9999
0.976291 0.983434 0.992067 1.00246 1.01052 1.01933 1.04148 1.0436 1.0723 1.08028 1.08874 1.09784 1.10476 1.11076 1.11538 1.12113 1.1307 1.13819 1.13344 1.13111 1.13023 1.12079 1.11749 1.11723 1.11884 1.1056 1.09819 1.08381 1.05981 -9999 -9999 -9999 -9999 -9999 -9999 -9999 -9999 -9999 -9999 -9999 -9999 -9999 -9999 -9999 -9999 -9999 -9999 -9999 -9999 -9999 -9999 -9999 -9999 -9999 -9999 -9999 -9999 -9999 -9999 -9999 -9999 -9999 -9999 -9999 -9999 -9999 -9999 -9999 -9999 -9999
0.970759 0.977024 0.986482 0.99643 1.00376 1.01432 1.02136 1.03649 1.06541 1.07275 1.08027 1.08772 1.09424 1.0999 1.1059 1.1118 1.1201 1.12857 1.1296 1.12367 1.12036 1.11551 1.11256 1.10928 1.10682 1.09558 1.08608 1.05895 1.05088 1.04354 -9999 -9999 -9999 -9999 -9999 -9999 -9999 -9999 -9999 -9999 -9999 -9999 -9999 -9999 -9999 -9999 -9999 -9999 -9999 -9999 -9999 -9999 -9999 -9999 -9999 -9999 -9999 -9999 -9999 -9999 -9999 -9999 -9999 -9999 -9999 -9999 -9999 -9999 -9999 -9999
0.965511 0.97069 0.980813 0.993194 1.00187 1.01138 1.01001 1.05412 1.06184 1.06627 1.07348 1.07995 1.08681 1.09248 1.09788 1.10353 1.10942 1.11512 1.12366 1.11617 1.10886 1.1051 1.1005 1.09677 1.09454 1.08376 1.07588 1.03724 1.04352 1.03642 1.02753 -9999 -9999 -9999 -9999 -9999 -9999 -9999 -9999 -9999 -9999 -9999 -9999 -9999 -9999 -9999 -9999 -9999 -9999 -9999 -9999 -9999 -9999 -9999 -9999 -9999 -9999 -9999 -9999 -9999 -9999 -9999 -9999 -9999 -9999 -9999 -9999 -9999 -9999 -9999
-9999 0.964559 0.97508 0.988489 0.997599 1.00655 1.00799 1.03257 1.05487 1.06174 1.06793 1.07443 1.08134 1.09003 1.09418 1.09689 1.10126 1.10773 1.11314 1.11303 1.10351 1.09786 1.09359 1.08651 1.08379 1.07503 1.06814 1.0465 1.02274 1.02743 1.01931 1.01386 -9999 -9999 -9999 -9999 -9999 -9999 -9999 -9999 -9999 -9999 -9999 -9999 -9999 -9999 -9999 -9999 -9999 -9999 -9999 -9999 -9999 -9999 -9999 -9999 -9999 -9999 -9999 -9999 -9999 -9999 -9999 -9999 -9999 -9999 -9999 -9999 -9999 -9999
-9999 -9999 -9999 -9999 0.994298 0.997478 1.02571 1.02903 1.05027 1.05726 1.06353 1.07031 1.07883 1.08491 1.0887 1.0932 1.09807 1.10062 1.10382 1.10613 1.10192 1.09241 1.09031 1.0806 1.07452 1.06661 1.06162 1.0437 1.02098 1.02399 1.01547 1.00904 -9999 -9999 -9999 -9999 -9999 -9999 -9999 -9999 -9999 -9999 -9999 -9999 -9999 -9999 -9999 -9999 -9999 -9999 -9999 -9999 -9999 -9999 -9999 -9999 -9999 -9999 -9999 -9999 -9999 -9999 -9999 -9999 -9999 -9999 -9999 -9999 -9999 -9999
-9999 -9999 -9999 -9999 -9999 0.992311 1.02064 1.0279 1.04645 1.0546 1.0607 1.06787 1.07506 1.0809 1.08598 1.09028 1.09442 1.09769 1.10065 1.09927 1.09275 1.08883 1.08471 1.07825 1.06961 1.06261 1.04394 1.04253 1.03662 1.02373 1.01623 1.00555 0.998261 -9999 -9999 -9999 -9999 -9999 -9999 -9999 -9999 -9999 -9999 -9999 -9999 0.904099 -9999 -9999 -9999 -9999 -9999 -9999 -9999 -9999 -9999 -9999 -9999 -9999 -9999 -9999 -9999 -9999 -9999 -9999 -9999 -9999 0.698082 -9999 -9999 -9999
-9999 -9999 -9999 -9999 0.978676 1.00212 1.01277 1.02259 1.03024 1.05242 1.05904 1.06689 1.07436 1.08073 1.08692 1.09043 1.09364 1.09719 1.09714 1.09405 1.09045 1.08562 1.07995 1.07395 1.06747 1.06038 1.04056 1.0337 1.02553 1.00415 1.00462 0.997347 0.992619 0.987595 -9999 -9999 -9999 -9999 -9999 -9999 -9999 0.929693 0.924659 0.918936 0.911653 0.901789 0.896463 -9999 -9999 -9999 -9999 -9999 -9999 -9999 -9999 -9999 -9999 -9999 -9999 -9999 -9999 -9999 -9999 -9999 -9999 -9999 0.699981 0.694173 -9999 -9999
-9999 -9999 -9999 -9999 0.983614 0.994913 1.00752 1.01871 1.03037 1.05025 1.05943 1.06743 1.07505 1.08213 1.08832 1.09167 1.09561 1.09726 1.09725 1.0935 1.08977 1.08577 1.08074 1.0745 1.06858 1.05993 1.03744 1.02846 1.02067 1.01305 0.99738 0.993223 0.989824 0.986076 -9999 -9999 -9999 -9999 -9999 -9999 0.931168 0.924116 0.917822 0.91602 0.907351 0.898276 0.891616 0.848207 -9999 -9999 -9999 -9999 -9999 -9999 -9999 -9999 -9999 -9999 -9999 -9999 -9999 -9999 0.719719 0.71674 0.717136 0.712401 0.705048 0.6981 -9999 -9999
-9999 -9999 -9999 -9999 0.976648 0.988964 1.00229 1.01554 1.02972 1.0544 1.06014 1.06957 1.07801 1.08508 1.09067 1.09614 1.09906 1.10228 1.09887 1.09654 1.09329 1.09052 1.08502 1.08149 1.07446 1.05293 1.03754 1.02797 1.02112 1.01577 1.01954 0.99189 0.983725 0.979062 -9999 -9999 -9999 -9999 -9999 -9999 0.927439 0.92084 0.914337 0.909273 0.907189 0.896261 0.854025 0.847974 0.839682 0.828655 0.818926 0.794824 0.770506 0.76437 0.760947 0.755765 -9999 -9999 -9999 -9999 0.737126 0.731784 0.725436 0.719843 0.720697 0.717437 0.71249 0.687751 -9999 -9999
-9999 -9999 -9999 -9999 0.967316 0.982451 0.998579 1.01519 1.02959 1.05537 1.06267 1.06621 1.07589 1.08387 1.09014 1.09512 1.09901 1.09941 1.09831 1.0961 1.09616 1.09546 1.0854 1.08678 1.08583 1.05543 1.03925 1.02878 1.0219 1.01625 1.0126 0.985159 0.977507 0.961889 -9999 -9999 -9999 0.934309 0.926718 0.923186 0.91883 0.911609 0.904767 0.907047 0.900453 0.877278 0.855836 0.849338 0.842815 0.832523 0.818483 0.808753 0.771414 0.765506 0.762413 0.75053 0.746945 0.744163 0.741718 0.73915 0.735432 0.730373 0.72426 0.718256 0.724751 0.719321 0.710911 0.676811 -9999 -9999
-9999 -9999 -9999 -9999 0.961611 0.977919 0.99465 1.00748 1.02438 1.0392 1.06365 1.07091 1.08153 1.09195 1.09777 1.1029 1.10595 1.10709 1.10631 1.10679 1.10686 1.10521 1.09903 1.08978 1.08245 1.05587 1.03873 1.0309 1.00476 0.997763 0.985631 0.979582 0.963885 0.960884 -9999 -9999 0.942172 0.930755 0.922391 0.917052 0.913651 0.910678 0.903513 0.898844 0.889597 0.869054 0.852494 0.842586 0.843052 0.831954 0.808297 0.799596 0.776197 0.757958 0.754539 0.752498 0.750194 0.748749 0.747176 0.744976 0.742249 0.737294 0.73099 0.724117 0.720697 0.712675 0.693477 0.67648 -9999 -9999
-9999 -9999 -9999 -9999 0.952523 0.969357 0.986178 1.00455 1.02128 1.04196 1.06861 1.08047 1.08803 1.09912 1.10775 1.11196 1.1152 1.11605 1.11457 1.11422 1.11231 1.11071 1.10492 1.09789 1.08682 1.04925 1.03188 1.01681 1.00239 0.987269 0.978098 0.973017 0.964631 0.953394 0.949725 -9999 0.937823 0.931289 0.922557 0.915177 0.909756 0.908662 0.901394 0.896487 0.876236 0.870314 0.851967 0.831192 0.821243 0.812102 0.80055 0.796172 0.774913 0.769613 0.756483 0.754897 0.753987 0.753451 0.752666 0.751068 0.748283 0.743891 0.737772 0.730011 0.722806 0.706012 0.698324 0.681303 -9999 -9999
-9999 -9999 -9999 0.934467 0.947595 0.964588 0.983723 1.00308 1.02212 1.04063 1.06666 1.08502 1.0978 1.10589 1.11738 1.12333 1.12628 1.1254 1.12343 1.11908 1.11438 1.11319 1.10673 1.08503 1.07464 1.05053 1.03222 1.01101 0.994935 0.982431 0.971421 0.966319 0.958144 0.951952 0.946416 0.940258 0.93278 0.927577 0.921587 0.913613 0.907537 0.903525 0.899919 0.884575 0.877193 0.859781 0.840153 0.829977 0.820741 0.810905 0.801771 0.792113 0.772647 0.769717 0.765957 0.757482 0.757429 0.757722 0.757702 0.756755 0.754423 0.750339 0.744118 0.735762 0.719653 0.71017 0.696986 0.675445 -9999 -9999
-9999 -9999 -9999 -9999 0.944222 0.964157 0.985403 1.00633 1.02622 1.04521 1.07063 1.08703 1.10052 1.11518 1.12471 1.13415 1.13551 1.13523 1.13189 1.12663 1.1191 1.10888 1.09817 1.08504 1.073 1.04385 1.02357 1.00535 0.989091 0.978991 0.970215 0.966912 0.961133 0.951224 0.946954 0.935846 0.930123 0.921908 0.91646 0.914008 0.911865 0.903456 0.89242 0.878184 0.867964 0.860897 0.839966 0.830215 0.818478 0.808166 0.798727 0.795601 0.773152 0.769651 0.764688 0.764734 0.760237 0.76132 0.762008 0.761744 0.759871 0.755993 0.749765 0.737465 0.719481 0.706861 0.702624 0.679229 -9999 -9999
-9999 -9999 -9999 -9999 -9999 -9999 0.985107 1.0066 1.02816 1.04857 1.07328 1.09001 1.10496 1.11802 1.12939 1.13928 1.14394 1.14411 1.14415 1.13308 1.12064 1.10769 1.0927 1.08153 1.05791 1.03516 1.01642 1.00184 0.987267 0.973897 0.965698 0.960043 0.955087 0.950527 0.942856 0.931 0.920857 0.913031 0.909678 0.911071 0.908821 0.896312 0.8866 0.877257 0.868832 0.861423 0.840115 0.830826 0.816445 0.805401 0.797027 0.789901 0.772652 0.768125 0.76624 0.763728 0.76403 0.763995 0.765337 0.765563 0.764075 0.760391 0.749126 0.738139 0.724479 0.70868 0.703954 0.683719 -9999 -9999
-9999 -9999 -9999 -9999 -9999 -9999 0.986206 1.00866 1.02982 1.04776 1.07426 1.09172 1.10799 1.12128 1.13281 1.14275 1.14932 1.15228 1.15177 1.1429 1.1277 1.11131 1.09483 1.08208 1.05209 1.03248 1.01413 1.00034 0.986094 0.971217 0.962541 0.957293 0.949883 0.946741 0.936147 0.927555 0.920111 0.911223 0.906264 0.903626 0.902172 0.895813 0.885314 0.877533 0.870761 0.860279 0.839977 0.83135 0.815453 0.803326 0.794474 0.786009 0.769984 0.766746 0.764734 0.76414 0.764791 0.766364 0.767429 0.768003 0.766728 0.760943 0.752854 0.741565 0.727509 0.711165 0.701317 0.68554 -9999 -9999
-9999 -9999 -9999 -9999 -9999 -9999 -9999 1.01036 1.02948 1.04618 1.07368 1.09245 1.1078 1.12168 1.13386 1.1426 1.1498 1.15443 1.15883 1.14947 1.13431 1.11422 1.0945 1.07654 1.05066 1.03272 1.01942 1.00602 0.988184 0.972092 0.961673 0.955186 0.948588 0.93562 0.92475 0.915833 0.910774 0.909907 0.905552 0.901378 0.900328 0.893324 0.88396 0.877382 0.868748 0.858888 0.838707 0.82621 0.814004 0.800707 0.792548 0.783454 0.76732 0.764967 0.763775 0.76388 0.764835 0.766615 0.768141 0.768664 0.767012 0.762094 0.753915 0.742533 0.728296 0.711736 0.694109 0.671338 0.654989 -9999
-9999 -9999 -9999 -9999 -9999 -9999 -9999 1.01224 1.03286 1.04815 1.07479 1.09026 1.1051 1.11896 1.13192 1.13895 1.14874 1.15097 1.15476 1.1506 1.13678 1.12367 1.09889 1.0733 1.04729 1.04112 1.02603 1.01028 0.991007 0.97422 0.960595 0.957703 0.948097 0.931871 0.920534 0.91237 0.906937 0.903845 0.903966 0.898068 0.894168 0.887968 0.881908 0.873583 0.866592 0.857565 0.834175 0.823266 0.811626 0.798401 0.791149 0.78113 0.765297 0.763679 0.763191 0.762644 0.764022 0.765767 0.766453 0.767297 0.765744 0.760472 0.752185 0.740803 0.726668 0.710151 0.691986 0.662278 0.645508 0.626451
-9999 -9999 -9999 -9999 -9999 -9999 -9999 -9999 1.03614 1.04794 1.07183 1.08744 1.1002 1.11337 1.12154 1.13206 1.14139 1.14612 1.14923 1.14935 1.14247 1.11705 1.09077 1.06763 1.0411 1.03314 1.01822 0.999593 0.97914 0.965416 0.952859 0.948824 0.939413 0.932955 0.9248 0.912006 0.904223 0.900529 0.897608 0.896349 0.892346 0.884778 0.87811 0.869548 0.860256 0.849951 0.830482 0.816481 0.806345 0.794974 0.786235 0.779019 0.763137 0.762435 0.76091 0.760759 0.762041 0.760558 0.762911 0.763438 0.761632 0.757151 0.747754 0.736523 0.722614 0.706549 0.688801 0.658543 0.638738 0.621359
-9999 -9999 -9999 -9999 -9999 -9999 -9999 -9999 1.03694 1.04753 1.07037 1.08147 1.09515 1.09879 1.11038 1.12009 1.1281 1.13398 1.1351 1.13641 1.1347 1.11213 1.08323 1.06037 1.04209 1.02469 1.00317 0.987618 0.970031 0.959021 0.947234 0.939637 0.932154 0.927074 0.918282 0.912164 0.902881 0.898089 0.893876 0.890733 0.887121 0.882557 0.876893 0.865027 0.859374 0.846164 0.824379 0.812877 0.802065 0.792087 0.783542 0.776553 0.760074 0.758029 0.758382 0.754495 0.752606 0.75541 0.757196 0.757309 0.755209 0.750533 0.743186 0.734805 0.716471 0.701061 0.684127 0.65441 0.635168 0.61641
-9999 -9999 -9999 -9999 -9999 -9999 -9999 -9999 1.04551 1.05028 1.06678 1.07699 1.07546 1.0872 1.09725 1.10683 1.11257 1.11691 1.11745 1.11643 1.11498 1.10783 1.08751 1.05844 1.03381 1.00765 0.990582 0.976625 0.963507 0.949667 0.936909 0.931713 0.915901 0.914809 0.903742 0.903646 0.896125 0.894366 0.893634 0.88464 0.881529 0.877515 0.874428 0.869613 0.860605 0.846177 0.822932 0.813969 0.801376 0.790016 0.780975 0.774045 0.756982 0.749024 0.749283 0.743938 0.746345 0.748488 0.749651 0.749216 0.746732 0.741946 0.734673 0.724965 0.715055 0.701333 0.678152 0.649168 0.631167 0.6136
-9999 -9999 -9999 -9999 -9999 -9999 -9999 -9999 1.03934 1.05518 1.06129 1.05656 1.06444 1.07483 1.08239 1.08958 1.09493 1.09867 1.09994 1.09852 1.09677 1.09085 1.07181 1.05153 1.02965 1.0013 0.983663 0.968576 0.954929 0.929302 0.91892 0.913006 0.907912 0.895486 0.894797 0.896593 0.887833 0.885568 0.884907 0.878863 0.875532 0.876213 0.874451 0.867964 0.856079 0.84949 0.827866 0.812356 0.800781 0.787259 0.77356 0.766938 0.746641 0.744818 0.735933 0.737167 0.738786 0.740107 0.740556 0.739528 0.736649 0.731751 0.724629 0.715393 0.704336 0.693312 0.67903 0.650388 0.62653 0.610294
-9999 -9999 -9999 -9999 -9999 -9999 -9999 -9999 1.02177 1.05153 1.05695 1.04631 1.05217 1.06001 1.06652 1.07245 1.07753 1.07951 1.07952 1.07814 1.07303 1.06774 1.06246 1.03892 1.02427 0.996619 0.967637 0.949649 0.935967 0.925086 0.92133 0.910523 0.889316 0.888112 0.885633 0.885056 0.878906 0.876837 0.874598 0.87182 0.872476 0.87388 0.872986 0.862481 0.855584 0.843455 0.826704 0.805939 0.792766 0.78278 0.771898 0.767542 0.742905 0.730049 0.72933 0.729523 0.730072 0.730608 0.730231 0.728674 0.725481 0.720458 0.71357 0.704849 0.694519 0.682821 0.671242 0.643408 0.628178 0.612
-9999 -9999 -9999 -9999 -9999 -9999 -9999 -9999 -9999 1.03752 1.02312 1.0254 1.03095 1.03705 1.04305 1.04853 1.05239 1.05371 1.05277 1.05046 1.04646 1.04245 1.03536 1.02031 1.00562 0.98115 0.964892 0.945253 0.930682 0.922468 0.92385 0.89354 0.88186 0.876646 0.873004 0.870292 0.870774 0.868675 0.866959 0.866664 0.872095 0.865569 0.863021 0.855421 0.849507 0.833824 0.812897 0.798991 0.788069 0.779101 0.775841 0.750973 0.730577 0.726716 0.725996 0.724434 0.720514 0.720164 0.719115 0.717036 0.713525 0.708471 0.701837 0.695599 0.685842 0.674827 0.663959 0.635844 0.621775 0.607684
-9999 -9999 -9999 -9999 -9999 -9999 -9999 -9999 -9999 1.01449 1.01433 1.01291 1.01844 1.02268 1.02582 1.03021 1.03395 1.03533 1.03441 1.03144 1.02908 1.0248 1.01889 1.00927 0.996832 0.975682 0.959613 0.939466 0.926621 0.917043 0.900615 0.89503 0.881771 0.870834 0.865977 0.862793 0.865951 0.861374 0.861381 0.862113 0.858749 0.855378 0.853531 0.844556 0.840323 0.831181 0.805602 0.794313 0.784749 0.774129 0.770784 0.745868 0.724561 0.719848 0.718202 0.714657 0.712841 0.711449 0.709648 0.706961 0.703153 0.698009 0.691562 0.6838 0.674839 0.664911 0.654323 0.643965 0.62053 0.607651
-9999 -9999 -9999 -9999 -9999 -9999 -9999 -9999 -9999 1.00439 1.00572 1.00379 1.0037 1.00968 1.01105 1.01262 1.01586 1.01738 1.01698 1.01367 1.01247 1.01019 1.00566 1.00093 0.989851 0.975736 0.949156 0.93305 0.921851 0.9135 0.892658 0.882742 0.871548 0.863511 0.85802 0.854411 0.852017 0.849114 0.847777 0.844605 0.84334 0.843472 0.83964 0.831704 0.830617 0.822957 0.813427 0.78874 0.77718 0.768174 0.766214 0.722804 0.715139 0.710293 0.706345 0.703757 0.701806 0.699483 0.697196 0.694138 0.690159 0.685145 0.679009 0.671875 0.663735 0.655169 0.646162 0.640284 0.615054 0.60318
-9999 -9999 -9999 -9999 -9999 -9999 -9999 -9999 -9999 0.994574 0.99492 0.992683 0.993221 0.997304 0.997084 0.995984 0.997479 0.9988 0.997231 0.995414 0.994173 0.992029 0.98918 0.983011 0.979231 0.964525 0.940398 0.926086 0.914591 0.892163 0.885035 0.874192 0.864361 0.85724 0.849041 0.844468 0.841198 0.841319 0.839161 0.833779 0.829786 0.826017 0.824046 0.818017 0.813943 0.808216 0.802349 0.778321 0.769131 0.76218 0.740676 0.709866 0.703972 0.699444 0.69555 0.692923 0.690171 0.687112 0.68434 0.681027 0.677002 0.672116 0.666413 0.659997 0.652749 0.645631 0.638724 0.632939 0.612007 0.597972
-9999 -9999 -9999 -9999 -9999 -9999 -9999 -9999 -9999 0.987661 0.985992 0.983529 0.984897 0.98813 0.983478 0.980628 0.981134 0.981219 0.980125 0.981384 0.976462 0.971623 0.969172 0.967883 0.966607 0.957416 0.935992 0.919076 0.90835 0.88744 0.880822 0.871579 0.860076 0.849817 0.840039 0.833945 0.830521 0.832657 0.835211 0.827296 0.818913 0.81374 0.809247 0.806962 0.802002 0.796753 0.792984 0.777406 0.762721 0.755099 0.706272 0.700198 0.693839 0.688389 0.686076 0.682841 0.678241 0.674366 0.671276 0.667784 0.663724 0.659086 0.653809 0.648202 0.641986 0.635504 0.632415 0.627248 0.608176 0.59191
-9999 -9999 -9999 -9999 -9999 -9999 -9999 -9999 -9999 0.982332 0.981255 0.97776 0.978097 0.976013 0.970793 0.968276 0.966593 0.965575 0.964122 0.963017 0.960045 0.957325 0.955729 0.955029 0.95441 0.95098 0.940614 0.913525 0.882773 0.88121 0.875328 0.864188 0.852177 0.838503 0.828503 0.822546 0.817885 0.814461 0.814924 0.816446 0.811612 0.803499 0.800902 0.798501 0.791182 0.785671 0.782289 0.778176 0.751596 0.729674 0.69734 0.691577 0.68462 0.676736 0.672669 0.669532 0.664678 0.661438 0.658094 0.654453 0.650505 0.646118 0.641271 0.636195 0.631036 0.627722 0.623622 0.620251 0.613421 0.583494
-9999 -9999 -9999 -9999 -9999 -9999 -9999 -9999 -9999 0.979181 0.975897 0.971648 0.967374 0.962899 0.95864 0.958506 0.955247 0.95393 0.950307 0.947672 0.945691 0.943016 0.941314 0.942896 0.942611 0.942429 0.932795 0.909417 0.877618 0.872061 0.869891 0.855212 0.84044 0.826953 0.817076 0.814109 0.805879 0.801094 0.798224 0.797243 0.798338 0.793499 0.792959 0.788121 0.780687 0.774563 0.769369 0.765085 0.748637 0.718154 0.686581 0.681403 0.674412 0.667094 0.660116 0.65593 0.651823 0.648343 0.644849 0.641193 0.637372 0.633341 0.629068 0.624614 0.621981 0.619451 0.6154 0.611752 0.605606 0.579373
