Test_Spring_2018/03_18/Prec/20180320_009.txt
ncols	170
nrows	115
xllcorner	350000.000000
yllcorner	4445000.000000
cellsize	1000.000000
nodata_value	-9999.000000
[rows 34 to 67 of 115, columns 76 to 151 of 170]
0.205657 0.21849 0.220587 0.222842 0.224672 0.226369 0.227815 0.229147 0.230287 0.2312 0.231905 0.23246 0.232618 0.234089 0.235447 0.236411 0.237395 0.238262 0.238969 0.240427 0.241617 0.235192 0.242415 0.242391 0.242506 -9999 -9999 -9999 -9999 -9999 -9999 -9999 -9999 -9999 -9999 -9999 -9999 -9999 -9999 -9999 -9999 -9999 -9999 -9999 -9999 -9999 -9999 -9999 -9999 -9999 -9999 -9999 -9999 -9999 -9999 -9999 -9999 -9999 -9999 -9999 -9999 -9999 -9999 -9999 -9999 -9999 -9999 -9999 -9999 -9999 -9999 -9999 -9999 -9999 -9999 -9999
0.195109 0.207698 0.21509 0.217055 0.218846 0.220365 0.221609 0.222472 0.223547 0.224591 0.22536 0.225848 0.226367 0.227337 0.229118 0.230532 0.231802 0.2333 0.234382 0.235971 0.237351 0.235009 0.232069 0.239065 0.23923 0.239081 -9999 -9999 -9999 -9999 -9999 -9999 -9999 -9999 -9999 -9999 -9999 -9999 -9999 -9999 -9999 -9999 -9999 -9999 -9999 -9999 -9999 -9999 -9999 -9999 -9999 -9999 -9999 -9999 -9999 -9999 -9999 -9999 -9999 -9999 -9999 -9999 -9999 -9999 -9999 -9999 -9999 -9999 -9999 -9999 -9999 -9999 -9999 -9999 -9999 -9999
0.19401 0.202291 0.209569 0.211508 0.213209 0.214567 0.215496 0.216409 0.217345 0.218092 0.218733 0.219555 0.220329 0.221215 0.222722 0.224736 0.226106 0.228155 0.229854 0.231669 0.233155 0.230689 0.228287 0.235462 0.235803 0.235843 -9999 -9999 -9999 -9999 -9999 -9999 -9999 -9999 -9999 -9999 -9999 -9999 -9999 -9999 -9999 -9999 -9999 -9999 -9999 -9999 -9999 -9999 -9999 -9999 -9999 -9999 -9999 -9999 -9999 -9999 -9999 -9999 -9999 -9999 -9999 -9999 -9999 -9999 -9999 -9999 -9999 -9999 -9999 -9999 -9999 -9999 -9999 -9999 -9999 -9999
0.188805 0.191591 0.204257 0.206131 0.207805 0.209021 0.209917 0.210678 0.211327 0.211943 0.212547 0.213266 0.214095 0.215417 0.217307 0.219054 0.22088 0.22294 0.225177 0.22721 0.225975 0.226536 0.227826 0.23185 0.232259 0.232803 0.232904 -9999 -9999 -9999 -9999 -9999 -9999 -9999 -9999 -9999 -9999 -9999 -9999 0.220186 -9999 -9999 -9999 -9999 -9999 -9999 -9999 -9999 -9999 -9999 -9999 -9999 -9999 -9999 -9999 -9999 -9999 -9999 -9999 -9999 0.135872 -9999 -9999 -9999 -9999 -9999 -9999 -9999 -9999 -9999 -9999 -9999 -9999 -9999 -9999 -9999
0.184195 0.187023 0.194969 0.201122 0.202744 0.203818 0.204551 0.205093 0.205461 0.205985 0.206548 0.207177 0.20828 0.209833 0.211612 0.213653 0.215879 0.218187 0.220534 0.222874 0.22163 0.223418 0.225132 0.223459 0.230158 0.230542 0.230534 0.23041 -9999 -9999 -9999 -9999 -9999 -9999 -9999 0.226391 0.224809 0.222979 0.220959 0.218838 0.215997 -9999 -9999 -9999 -9999 -9999 -9999 -9999 -9999 -9999 -9999 -9999 -9999 -9999 -9999 -9999 -9999 -9999 -9999 -9999 0.135407 0.130471 -9999 -9999 -9999 -9999 -9999 -9999 -9999 -9999 -9999 -9999 -9999 -9999 -9999 -9999
0.179748 0.182788 0.185333 0.196592 0.198012 0.199012 0.199603 0.199908 0.200086 0.20044 0.200789 0.201493 0.202566 0.204229 0.206143 0.2083 0.210711 0.21332 0.215915 0.218692 0.218114 0.220354 0.222267 0.223926 0.228033 0.228302 0.228315 0.228202 -9999 -9999 -9999 -9999 -9999 -9999 0.226524 0.225505 0.224117 0.221988 0.220111 0.2179 0.21512 0.198909 -9999 -9999 -9999 -9999 -9999 -9999 -9999 -9999 -9999 -9999 -9999 -9999 -9999 -9999 0.151693 0.148198 0.143904 0.139535 0.134861 0.129632 -9999 -9999 -9999 -9999 -9999 -9999 -9999 -9999 -9999 -9999 -9999 -9999 -9999 -9999
0.175735 0.178981 0.181606 0.187182 0.193813 0.194643 0.19504 0.195171 0.195199 0.195161 0.195427 0.195866 0.197185 0.198739 0.200704 0.202916 0.205593 0.208224 0.211208 0.211411 0.214691 0.21725 0.219323 0.220996 0.227778 0.226208 0.226808 0.226922 -9999 -9999 -9999 -9999 -9999 -9999 0.225855 0.224879 0.223563 0.221741 0.219247 0.217129 0.202408 0.198431 0.194496 0.190756 0.186957 0.184053 0.176728 0.173428 0.170288 0.16769 -9999 -9999 -9999 -9999 0.156931 0.154609 0.151954 0.148702 0.144267 0.139552 0.134331 0.121555 -9999 -9999 -9999 -9999 -9999 -9999 -9999 -9999 -9999 -9999 -9999 -9999 -9999 -9999
0.172049 0.175429 0.178385 0.183768 0.190039 0.190232 0.190436 0.190359 0.190166 0.189993 0.189989 0.19051 0.191479 0.192912 0.194512 0.196509 0.1996 0.203654 0.205332 0.207874 0.2115 0.214409 0.216739 0.218669 0.225933 0.224989 0.22572 0.224007 -9999 -9999 -9999 0.225222 0.225167 0.224509 0.223633 0.222672 0.221296 0.221466 0.219307 0.213284 0.202269 0.198027 0.193631 0.189537 0.185867 0.182018 0.17569 0.172364 0.169271 0.162369 0.160552 0.158884 0.157251 0.155524 0.153621 0.151404 0.148718 0.145366 0.144861 0.140115 0.134847 0.117645 -9999 -9999 -9999 -9999 -9999 -9999 -9999 -9999 -9999 -9999 -9999 -9999 -9999 -9999
0.171674 0.172729 0.175649 0.178028 0.18211 0.186991 0.187035 0.186596 0.186255 0.185863 0.185735 0.186023 0.186848 0.187992 0.18961 0.191778 0.194667 0.1969 0.200277 0.202959 0.206784 0.211814 0.212882 0.215128 0.217593 0.223819 0.22268 0.223218 -9999 -9999 0.22479 0.225437 0.225583 0.225177 0.22426 0.222914 0.221509 0.219421 0.21727 0.211353 0.200533 0.196391 0.193152 0.188801 0.17843 0.174634 0.171737 0.166369 0.16393 0.161891 0.160287 0.158865 0.157524 0.156105 0.154391 0.152349 0.149751 0.14642 0.141938 0.137014 0.125545 0.114529 -9999 -9999 -9999 -9999 -9999 -9999 -9999 -9999 -9999 -9999 -9999 -9999 -9999 -9999
0.169429 0.173035 0.17603 0.175951 0.179755 0.180676 0.184142 0.183519 0.182751 0.182241 0.181895 0.182031 0.182782 0.18392 0.185699 0.187911 0.190873 0.193116 0.196996 0.198678 0.202486 0.206004 0.209339 0.212579 0.216995 0.223027 0.224333 0.223365 0.224047 -9999 0.225314 0.22569 0.225995 0.225848 0.225136 0.223589 0.222106 0.219899 0.214999 0.211544 0.200951 0.190174 0.185486 0.180965 0.177019 0.17375 0.170616 0.167578 0.163242 0.161452 0.16008 0.15897 0.157957 0.156846 0.155431 0.153533 0.150991 0.147679 0.143339 0.133434 0.126664 0.115198 -9999 -9999 -9999 -9999 -9999 -9999 -9999 -9999 -9999 -9999 -9999 -9999 -9999 -9999
0.167279 0.171191 0.174306 0.176593 0.180043 0.17893 0.179075 0.181042 0.179874 0.17903 0.178521 0.178634 0.179282 0.180675 0.182655 0.184837 0.186932 0.18991 0.193479 0.19649 0.200546 0.20481 0.208517 0.211773 0.214736 0.220685 0.224055 0.225153 0.224335 0.225305 0.226185 0.226606 0.22678 0.226748 0.226097 0.224756 0.222833 0.218714 0.215598 0.206017 0.195458 0.190243 0.185105 0.180331 0.175938 0.172146 0.169046 0.16647 0.164148 0.161055 0.159975 0.159194 0.158514 0.157708 0.156542 0.154805 0.152337 0.149013 0.141221 0.135125 0.12436 0.113001 -9999 -9999 -9999 -9999 -9999 -9999 -9999 -9999 -9999 -9999 -9999 -9999 -9999 -9999
0.165202 0.169311 0.172634 0.175108 0.178579 0.178994 0.17884 0.177245 0.177745 0.176453 0.175931 0.175832 0.176458 0.177815 0.17997 0.181234 0.184262 0.187863 0.191622 0.195302 0.199657 0.203816 0.207736 0.211006 0.214027 0.219834 0.22162 0.22356 0.225728 0.226064 0.226978 0.227819 0.228044 0.227561 0.226542 0.22552 0.222329 0.215355 0.211206 0.206338 0.195767 0.190095 0.184824 0.179811 0.175246 0.17076 0.167941 0.165085 0.163183 0.161763 0.159947 0.159478 0.159108 0.158575 0.157628 0.156035 0.153618 0.147887 0.140415 0.133703 0.125225 0.113564 -9999 -9999 -9999 -9999 -9999 -9999 -9999 -9999 -9999 -9999 -9999 -9999 -9999 -9999
0.163733 0.168038 0.171428 0.173957 0.177488 0.177959 0.177719 0.176949 0.17584 0.174908 0.173986 0.173726 0.173925 0.175377 0.177166 0.17984 0.183164 0.186538 0.190003 0.194557 0.198847 0.202792 0.206717 0.210472 0.213668 0.21974 0.221692 0.223394 0.225147 0.227024 0.228322 0.229255 0.22937 0.228566 0.227524 0.223456 0.220315 0.21635 0.211678 0.206471 0.195796 0.18973 0.184403 0.179234 0.17443 0.170238 0.166996 0.16435 0.162365 0.161242 0.160511 0.159737 0.159623 0.159316 0.158539 0.157047 0.152094 0.147547 0.141808 0.134979 0.126077 0.113744 -9999 -9999 -9999 -9999 -9999 -9999 -9999 -9999 -9999 -9999 -9999 -9999 -9999 -9999
0.162554 0.1669 0.170448 0.173313 0.1767 0.177188 0.176892 0.176143 0.175035 0.173779 0.172812 0.172234 0.172209 0.173388 0.175622 0.178473 0.181811 0.185229 0.18926 0.193507 0.197774 0.201705 0.205698 0.209727 0.213141 0.219255 0.221635 0.223423 0.22564 0.227404 0.228743 0.229803 0.230112 0.229259 0.227038 0.224354 0.221056 0.216685 0.211579 0.206362 0.195473 0.189099 0.183711 0.178503 0.173669 0.16959 0.166305 0.163674 0.161883 0.160806 0.16028 0.160083 0.159926 0.159767 0.159094 0.156557 0.153181 0.148495 0.142551 0.135474 0.126695 0.113691 -9999 -9999 -9999 -9999 -9999 -9999 -9999 -9999 -9999 -9999 -9999 -9999 -9999 -9999
-9999 0.16605 0.169792 0.172801 0.176125 0.176563 0.176425 0.175698 0.174597 0.173495 0.172439 0.171725 0.171258 0.172397 0.174513 0.17756 0.181047 0.184796 0.188371 0.192386 0.196154 0.200041 0.204388 0.208597 0.212275 0.218589 0.221055 0.223887 0.226289 0.228222 0.229455 0.229892 0.230138 0.229435 0.227283 0.224534 0.220979 0.216324 0.211205 0.20576 0.194769 0.188624 0.182828 0.177691 0.172806 0.168837 0.165646 0.16307 0.16136 0.160384 0.159988 0.159912 0.159939 0.159798 0.158882 0.156772 0.153328 0.148532 0.142457 0.135236 0.126984 0.114481 0.104413 -9999 -9999 -9999 -9999 -9999 -9999 -9999 -9999 -9999 -9999 -9999 -9999 -9999
-9999 0.165406 0.168911 0.17199 0.17542 0.176197 0.176184 0.175559 0.174496 0.173481 0.172267 0.171841 0.171353 0.172154 0.17406 0.176356 0.180145 0.184416 0.187842 0.190675 0.1945 0.198526 0.202963 0.207232 0.211226 0.217305 0.220134 0.223362 0.225908 0.227862 0.229193 0.229353 0.229369 0.228812 0.226814 0.223929 0.220008 0.215441 0.210116 0.204556 0.193808 0.187548 0.181753 0.176682 0.171811 0.168035 0.164909 0.162392 0.160734 0.159911 0.159544 0.159501 0.15913 0.159114 0.158207 0.155907 0.152403 0.14755 0.141426 0.134186 0.125996 0.114154 0.104211 0 0 -9999 -9999 -9999 -9999 -9999 -9999 -9999 -9999 -9999 -9999 -9999
-9999 -9999 0.168136 0.171385 0.175082 0.175863 0.176107 0.175656 0.174249 0.173522 0.172647 0.172084 0.171712 0.171771 0.173483 0.176771 0.180546 0.184424 0.187679 0.190508 0.194167 0.198323 0.202764 0.206683 0.210531 0.216785 0.21962 0.222009 0.224308 0.225767 0.226286 0.227617 0.227864 0.226854 0.224963 0.222049 0.2182 0.213697 0.208645 0.20329 0.192202 0.186385 0.180627 0.175564 0.170993 0.167124 0.164089 0.161596 0.160097 0.159259 0.158871 0.15722 0.157672 0.157526 0.156495 0.154371 0.150387 0.145529 0.139457 0.132311 0.124279 0.112691 0.103336 0 0 0 -9999 -9999 -9999 -9999 -9999 -9999 -9999 -9999 -9999 -9999
-9999 -9999 0.167689 0.170827 0.174629 0.175792 0.174872 0.174922 0.174613 0.174084 0.173458 0.172909 0.172798 0.172794 0.173271 0.175032 0.180968 0.184646 0.188231 0.190398 0.194464 0.198172 0.202199 0.205736 0.209392 0.216015 0.21863 0.220862 0.221492 0.220839 0.223398 0.224722 0.22501 0.224131 0.222207 0.219337 0.216535 0.211162 0.205963 0.201077 0.190259 0.184503 0.179079 0.174143 0.16978 0.166078 0.163162 0.16087 0.159219 0.156219 0.154662 0.155175 0.155407 0.155048 0.15384 0.151594 0.148208 0.143421 0.136622 0.129689 0.12194 0.110659 0.101765 0 0 0 0 0 0 -9999 -9999 -9999 -9999 -9999 -9999 -9999
-9999 -9999 0.166671 0.17005 0.172521 0.174037 0.174899 0.175123 0.175039 0.174643 0.174353 0.174065 0.174106 0.17437 0.174837 0.176038 0.177518 0.18115 0.188326 0.191012 0.194476 0.197837 0.201266 0.204865 0.208426 0.214856 0.21502 0.217355 0.215771 0.217909 0.220103 0.220996 0.220872 0.22048 0.218542 0.215717 0.211955 0.208694 0.204206 0.197973 0.187395 0.181783 0.176862 0.172356 0.168295 0.164788 0.161959 0.156061 0.15505 0.152046 0.152244 0.152456 0.152392 0.151772 0.15036 0.147985 0.144566 0.140096 0.134051 0.127431 0.119082 0.108212 0 0 0 0 0 0 0 0 -9999 -9999 -9999 -9999 -9999 -9999
-9999 -9999 0.164483 0.17011 0.172489 0.173951 0.174997 0.175342 0.175541 0.17546 0.175322 0.175204 0.175275 0.175638 0.176154 0.177219 0.179674 0.181062 0.184254 0.186701 0.193875 0.197116 0.200368 0.200046 0.203596 0.210557 0.213196 0.210266 0.212533 0.214191 0.216234 0.216973 0.216722 0.216031 0.214163 0.211053 0.207379 0.203485 0.200643 0.195852 0.184922 0.178913 0.174282 0.170301 0.161493 0.158406 0.15604 0.154321 0.149758 0.149388 0.14926 0.14913 0.148733 0.147829 0.146208 0.143718 0.140298 0.13594 0.130689 0.123632 0.116641 0.105943 0 0 0 0 0 0 0 0 0 -9999 -9999 -9999 -9999 -9999
-9999 -9999 0.159369 0.1703 0.172473 0.174122 0.175238 0.175777 0.176095 0.176193 0.176169 0.176303 0.176568 0.176982 0.177816 0.178801 0.179957 0.182946 0.18374 0.185918 0.184078 0.187396 0.190666 0.193972 0.205272 0.208214 0.204701 0.20683 0.208873 0.210394 0.211906 0.212406 0.212162 0.211143 0.208981 0.205962 0.202446 0.199212 0.195221 0.192318 0.181095 0.171774 0.167292 0.163068 0.159166 0.156007 0.153873 0.147906 0.146876 0.146227 0.145773 0.145278 0.144549 0.143356 0.141534 0.138959 0.135569 0.131367 0.126399 0.120748 0.112965 0.102814 0 0 0 0 0 0 0 0 0 0 -9999 -9999 -9999 -9999
-9999 -9999 -9999 0.165006 0.167669 0.169701 0.171074 0.172043 0.172688 0.173077 0.173348 0.173638 0.173982 0.17437 0.174898 0.175487 0.176479 0.178364 0.1783 0.180089 0.182741 0.185992 0.189067 0.19181 0.198351 0.194573 0.197565 0.19992 0.201933 0.203507 0.207178 0.207447 0.207016 0.205737 0.203214 0.197786 0.194351 0.190807 0.1867 0.183877 0.172747 0.168427 0.164153 0.160165 0.156238 0.153 0.145882 0.144229 0.142873 0.141997 0.141833 0.140991 0.139935 0.138479 0.136488 0.133855 0.130532 0.125476 0.120593 0.115098 0.107056 0 0 0 0 0 0 0 0 0 0 0 0 -9999 -9999 -9999
-9999 -9999 -9999 0.16588 0.168097 0.17013 0.171248 0.172197 0.172976 0.1734 0.173669 0.173978 0.174368 0.174871 0.175306 0.175954 0.176845 0.178209 0.180005 0.178981 0.181464 0.184548 0.1872 0.189749 0.188593 0.190522 0.19318 0.195568 0.197228 0.198426 0.198616 0.198943 0.198216 0.196731 0.194911 0.192424 0.189206 0.186135 0.182273 0.178621 0.168688 0.164565 0.160537 0.15698 0.153248 0.149858 0.142297 0.140503 0.138918 0.137839 0.136761 0.135601 0.134232 0.132513 0.130315 0.127558 0.124192 0.12022 0.11568 0.110633 0.105156 0 0 0 0 0 0 0 0 0 0 0 0 -9999 -9999 -9999
-9999 -9999 -9999 0.167018 0.168705 0.170452 0.171805 0.172393 0.173184 0.173767 0.174032 0.174315 0.174669 0.175224 0.175575 0.176051 0.1768 0.177675 0.179258 0.181274 0.180504 0.18302 0.185268 0.187406 0.185725 0.187612 0.189633 0.191304 0.192582 0.193419 0.193771 0.193699 0.192945 0.19177 0.189831 0.187199 0.18441 0.18156 0.17777 0.174351 0.171 0.160521 0.15698 0.153509 0.14979 0.140794 0.138556 0.136549 0.134863 0.133336 0.131886 0.130439 0.128795 0.126876 0.124575 0.121821 0.118582 0.114851 0.110667 0.106041 0.101062 0 0 0 0 0 0 0 0 0 0 0 0 -9999 -9999 -9999
-9999 -9999 -9999 0.168308 0.169694 0.171137 0.172159 0.172697 0.173462 0.174161 0.174502 0.174754 0.175187 0.175596 0.17594 0.176384 0.176942 0.177879 0.178707 0.180635 0.179272 0.18143 0.183461 0.181587 0.18277 0.18434 0.185818 0.186984 0.188096 0.188649 0.188769 0.188193 0.18737 0.186349 0.184708 0.182566 0.179825 0.177072 0.173845 0.170557 0.16717 0.156704 0.153191 0.1497 0.140749 0.137101 0.134559 0.132292 0.130302 0.128439 0.126711 0.125004 0.123136 0.12106 0.118694 0.115986 0.112897 0.109419 0.105586 0.101364 0 0 0 0 0 0 0 0 0 0 0 0 0 0 0 -9999
-9999 -9999 -9999 0.169487 0.170673 0.171807 0.172475 0.172857 0.173832 0.174543 0.174864 0.175148 0.175483 0.175574 0.176209 0.17685 0.177315 0.177735 0.17823 0.179521 0.180441 0.179765 0.181496 0.178706 0.179507 0.180568 0.181812 0.182872 0.183755 0.184108 0.183959 0.182989 0.181613 0.180772 0.17956 0.177656 0.175313 0.172438 0.169525 0.166429 0.163068 0.15289 0.149031 0.145693 0.135824 0.132788 0.130116 0.12769 0.125265 0.123139 0.121261 0.119347 0.117289 0.1151 0.112716 0.110082 0.107173 0.103953 0.10046 0 0 0 0 0 0 0 0 0 0 0 0 0 0 0 0 0
-9999 -9999 -9999 0.170637 0.171399 0.172299 0.172777 0.173395 0.174221 0.17474 0.175127 0.175408 0.175695 0.175931 0.176331 0.176721 0.177037 0.177314 0.177635 0.178267 0.179583 0.177923 0.1718 0.175977 0.176406 0.177305 0.178249 0.179269 0.179841 0.179883 0.179593 0.17893 0.177619 0.175886 0.174379 0.172821 0.170438 0.167733 0.165201 0.16229 0.159032 0.155748 0.145131 0.135858 0.131322 0.128122 0.125301 0.122835 0.120276 0.117839 0.115699 0.113487 0.11128 0.109021 0.10665 0.104128 0.101423 0 0 0 0 0 0 0 0 0 0 0 0 0 0 0 0 0 0 0
-9999 -9999 -9999 0.171663 0.172259 0.172903 0.173511 0.174099 0.174631 0.174762 0.175147 0.175337 0.175721 0.176012 0.176249 0.17656 0.176804 0.176781 0.176955 0.177153 0.17823 0.179093 0.173453 0.173576 0.173394 0.174312 0.175195 0.175892 0.176163 0.175677 0.175487 0.17478 0.173661 0.172106 0.170079 0.168285 0.165809 0.163429 0.161014 0.158248 0.155209 0.151951 0.142149 0.131815 0.126851 0.123409 0.120348 0.117551 0.114954 0.112318 0.109848 0.107449 0.105122 0.102825 0.100505 0 0 0 0 0 0 0 0 0 0 0 0 0 0 0 0 0 0 0 0 0
-9999 -9999 -9999 -9999 0.173294 0.173737 0.174048 0.174053 0.17439 0.174584 0.174783 0.174908 0.17556 0.175817 0.176016 0.176234 0.176411 0.176426 0.176673 0.176734 0.177015 0.169959 0.170934 0.171311 0.171424 0.171775 0.172395 0.172925 0.172732 0.171892 0.171347 0.170625 0.169789 0.168418 0.166188 0.164035 0.161669 0.159537 0.157154 0.154361 0.151315 0.148046 0.133069 0.12612 0.122582 0.119087 0.115587 0.112419 0.109408 0.106506 0.103793 0.101233 0 0 0 0 0 0 0 0 0 0 0 0 0 0 0 0 0 0 0 0 0 0 0 0
-9999 -9999 -9999 -9999 0.174096 0.174409 0.174206 0.1739 0.173427 0.173376 0.174184 0.174345 0.174877 0.175462 0.175642 0.175766 0.175857 0.175974 0.175974 0.175817 0.175832 0.172282 0.17229 0.169822 0.169911 0.169988 0.17017 0.169932 0.169071 0.168097 0.167588 0.166817 0.166229 0.165007 0.163355 0.161122 0.158554 0.155935 0.153581 0.150695 0.147533 0.144139 0.134561 0.123857 0.118191 0.114366 0.11063 0.107023 0.103691 0.100511 0 0 0 0 0 0 0 0 0 0 0 0 0 0 0 0 0 0 0 0 0 0 0 0 0 0
-9999 -9999 -9999 -9999 -9999 -9999 -9999 -9999 -9999 0.173275 0.173258 0.173801 0.174314 0.174992 0.175122 0.175186 0.175296 0.175168 0.175041 0.175372 0.168078 0.170964 0.170847 0.168033 0.168145 0.167985 0.167756 0.167126 0.1662 0.165016 0.16445 0.163984 0.163375 0.162022 0.16046 0.158403 0.155964 0.152829 0.150386 0.147334 0.144005 0.140355 0.129125 0.119972 0.113756 0.109396 0.105363 0.101559 0 0 0 0 0 0 0 0 0 0 0 0 0 0 0 0 0 0 0 0 0 0 0 0 0 0 0 0
-9999 -9999 -9999 -9999 -9999 -9999 -9999 -9999 -9999 0.172427 0.172054 0.173264 0.17375 0.174289 0.174446 0.174437 0.174445 0.174462 0.174477 0.17438 0.170391 0.169557 0.169764 0.166351 0.166212 0.165807 0.16507 0.164492 0.163452 0.162443 0.1621 0.161586 0.160885 0.159604 0.157966 0.156049 0.153253 0.150233 0.147426 0.144235 0.140764 0.13126 0.125281 0.120695 0.10941 0.104806 0.100283 0 0 0 0 0 0 0 0 0 0 0 0 0 0 0 0 0 0 0 0 0 0 0 0 0 0 0 0 0
-9999 -9999 -9999 -9999 -9999 -9999 -9999 -9999 -9999 -9999 0.171191 0.172192 0.172885 0.173468 0.173673 0.173695 0.173721 0.173709 0.173646 0.173679 0.169543 0.168424 0.16795 0.167433 0.164231 0.163787 0.162805 0.161972 0.161329 0.160696 0.160199 0.159725 0.158974 0.157723 0.155667 0.154092 0.151721 0.148681 0.145324 0.141614 0.137836 0.126745 0.121695 0.116618 0.107648 0 0 0 0 0 0 0 0 0 0 0 0 0 0 0 0 0 0 0 0 0 0 0 0 0 0 0 0 0 0 0
-9999 -9999 -9999 -9999 -9999 -9999 -9999 -9999 -9999 -9999 0.170681 0.17104 0.17194 0.172436 0.172803 0.172868 0.172909 0.172993 0.172982 0.169708 0.168593 -9999 -9999 -9999 -9999 -9999 -9999 0.160084 0.160194 0.159952 0.159241 0.158525 0.1577 0.156421 0.154446 0.152121 0.150225 0.147318 0.143876 0.139799 0.134139 0.123833 0.118452 0.112915 0.107138 0 0 0 0 0 0 0 0 0 0 0 0 0 0 0 0 0 0 0 0 0 0 0 0 0 0 0 0 0 0 0
