Test_Spring_2018/03_18/Prec/20180321_001.txt
ncols	170
nrows	115
xllcorner	350000.000000
yllcorner	4445000.000000
cellsize	1000.000000
nodata_value	-9999.000000
[rows 31 to 61 of 115, columns 70 to 139 of 170]
0.92416 0.917804 0.909319 0.897634 0.887688 0.875007 0.855142 0.844965 0.810592 0.801163 0.790587 0.781955 0.772899 0.763061 0.755315 0.743915 0.721149 0.719987 0.715957 0.705165 0.701843 0.700098 0.689968 0.67216 0.660761 0.646319 0.635292 0.622848 0.609885 -9999 -9999 -9999 -9999 -9999 -9999 -9999 -9999 -9999 -9999 -9999 -9999 -9999 -9999 -9999 -9999 -9999 -9999 -9999 -9999 -9999 -9999 -9999 -9999 -9999 -9999 -9999 -9999 -9999 -9999 -9999 -9999 -9999 -9999 -9999 -9999 -9999 -9999 -9999 -9999 -9999
0.91403 0.906641 0.897542 0.886441 0.879584 0.872323 0.843139 0.820684 0.802476 0.793734 0.784 0.772806 0.764165 0.755896 0.748481 0.737871 0.719777 0.703002 0.702869 0.697097 0.68715 0.688299 0.678403 0.662326 0.642108 0.64337 0.635064 0.608094 0.589832 -9999 -9999 -9999 -9999 -9999 -9999 -9999 -9999 -9999 -9999 -9999 -9999 -9999 -9999 -9999 -9999 -9999 -9999 -9999 -9999 -9999 -9999 -9999 -9999 -9999 -9999 -9999 -9999 -9999 -9999 -9999 -9999 -9999 -9999 -9999 -9999 -9999 -9999 -9999 -9999 -9999
0.900155 0.894957 0.885469 0.875825 0.870737 0.861273 0.845402 0.813652 0.79391 0.785844 0.777048 0.767728 0.758993 0.750558 0.740418 0.729091 0.712646 0.694347 0.685666 0.685846 0.680314 0.675432 0.666074 0.655757 0.642915 0.64234 0.63832 0.618929 0.590426 0.563321 -9999 -9999 -9999 -9999 -9999 -9999 -9999 -9999 -9999 -9999 -9999 -9999 -9999 -9999 -9999 -9999 -9999 -9999 -9999 -9999 -9999 -9999 -9999 -9999 -9999 -9999 -9999 -9999 -9999 -9999 -9999 -9999 -9999 -9999 -9999 -9999 -9999 -9999 -9999 -9999
0.885274 0.882608 0.873028 0.860574 0.854217 0.846982 0.823806 0.78915 0.780945 0.77728 0.768764 0.7606 0.75094 0.742059 0.732444 0.721211 0.708278 0.694218 0.674371 0.677309 0.678433 0.67262 0.666571 0.65778 0.645413 0.64491 0.639116 0.609472 0.572696 0.561363 0.553365 -9999 -9999 -9999 -9999 -9999 -9999 -9999 -9999 -9999 -9999 -9999 -9999 -9999 -9999 -9999 -9999 -9999 -9999 -9999 -9999 -9999 -9999 -9999 -9999 -9999 -9999 -9999 -9999 -9999 -9999 -9999 -9999 -9999 -9999 -9999 -9999 -9999 -9999 -9999
-9999 0.869527 0.860357 0.847353 0.841283 0.8357 0.818787 0.795151 0.774087 0.766961 0.760076 0.751819 0.741951 0.728304 0.720418 0.713531 0.702891 0.68775 0.672869 0.664961 0.669862 0.667427 0.661402 0.658197 0.647038 0.643853 0.636833 0.618219 0.582697 0.56237 0.553112 0.540564 -9999 -9999 -9999 -9999 -9999 -9999 -9999 -9999 -9999 -9999 -9999 -9999 -9999 -9999 -9999 -9999 -9999 -9999 -9999 -9999 -9999 -9999 -9999 -9999 -9999 -9999 -9999 -9999 -9999 -9999 -9999 -9999 -9999 -9999 -9999 -9999 -9999 -9999
-9999 -9999 -9999 -9999 0.827043 0.811059 0.792482 0.784304 0.764823 0.758046 0.751388 0.742932 0.730726 0.721087 0.713776 0.70422 0.692907 0.68386 0.672534 0.66121 0.65835 0.662057 0.653006 0.653997 0.648045 0.64355 0.633503 0.594674 0.573864 0.555237 0.546173 0.534711 -9999 -9999 -9999 -9999 -9999 -9999 -9999 -9999 -9999 -9999 -9999 -9999 -9999 -9999 -9999 -9999 -9999 -9999 -9999 -9999 -9999 -9999 -9999 -9999 -9999 -9999 -9999 -9999 -9999 -9999 -9999 -9999 -9999 -9999 -9999 -9999 -9999 -9999
-9999 -9999 -9999 -9999 -9999 0.802153 0.782922 0.779268 0.755781 0.748038 0.742253 0.73366 0.723817 0.714814 0.705764 0.696701 0.686666 0.676721 0.665945 0.660408 0.661204 0.656511 0.650525 0.646489 0.644183 0.637923 0.617021 0.584355 0.572216 0.543657 0.53233 0.526654 0.516886 -9999 -9999 -9999 -9999 -9999 -9999 -9999 -9999 -9999 -9999 -9999 -9999 0.462727 -9999 -9999 -9999 -9999 -9999 -9999 -9999 -9999 -9999 -9999 -9999 -9999 -9999 -9999 -9999 -9999 -9999 -9999 -9999 -9999 0.30557 -9999 -9999 -9999
-9999 -9999 -9999 -9999 0.813486 0.785495 0.778782 0.772526 0.760523 0.739126 0.733413 0.72449 0.714783 0.705441 0.695081 0.687534 0.67918 0.669033 0.663009 0.660145 0.65653 0.653114 0.649261 0.644131 0.637994 0.631121 0.598105 0.586766 0.576839 0.55597 0.537396 0.525646 0.511247 0.498734 -9999 -9999 -9999 -9999 -9999 -9999 -9999 0.472089 0.467243 0.462672 0.459458 0.459012 0.450506 -9999 -9999 -9999 -9999 -9999 -9999 -9999 -9999 -9999 -9999 -9999 -9999 -9999 -9999 -9999 -9999 -9999 -9999 -9999 0.304623 0.293455 -9999 -9999
-9999 -9999 -9999 -9999 0.785331 0.779958 0.77195 0.765147 0.75643 0.732117 0.723614 0.71537 0.706223 0.696447 0.686629 0.679753 0.670639 0.663619 0.657675 0.655841 0.652293 0.647346 0.642047 0.636626 0.628771 0.623184 0.594512 0.584883 0.57279 0.560251 0.53602 0.518401 0.501071 0.485978 -9999 -9999 -9999 -9999 -9999 -9999 0.470528 0.470362 0.468527 0.458968 0.458621 0.457512 0.451318 0.425556 -9999 -9999 -9999 -9999 -9999 -9999 -9999 -9999 -9999 -9999 -9999 -9999 -9999 -9999 0.346323 0.335872 0.31873 0.307754 0.299172 0.28853 -9999 -9999
-9999 -9999 -9999 -9999 0.778609 0.773669 0.766442 0.758246 0.747256 0.724838 0.715459 0.706173 0.696727 0.687777 0.679538 0.669989 0.662837 0.653715 0.653042 0.648999 0.644473 0.637215 0.631962 0.621513 0.61419 0.588136 0.587527 0.576927 0.561503 0.543632 0.516949 0.506943 0.495787 0.481353 -9999 -9999 -9999 -9999 -9999 -9999 0.465209 0.465634 0.465292 0.461668 0.452073 0.454234 0.433804 0.423452 0.415786 0.411971 0.406327 0.393696 0.3917 0.385979 0.377615 0.373282 -9999 -9999 -9999 -9999 0.349538 0.345887 0.342305 0.335832 0.317656 0.303746 0.290471 0.276023 -9999 -9999
-9999 -9999 -9999 -9999 0.776579 0.769471 0.760024 0.748624 0.739044 0.715968 0.706567 0.693029 0.683472 0.674818 0.667046 0.659439 0.651616 0.647136 0.642868 0.63811 0.627673 0.616087 0.616379 0.611007 0.58351 0.580916 0.579452 0.568069 0.550541 0.530987 0.512794 0.503805 0.490708 0.475227 -9999 -9999 -9999 0.45892 0.460689 0.457249 0.455375 0.457544 0.458274 0.458191 0.456154 0.443463 0.429759 0.419345 0.408141 0.402314 0.402339 0.396485 0.387959 0.382021 0.373567 0.367253 0.363477 0.359212 0.354612 0.349788 0.345724 0.342211 0.338422 0.332345 0.316301 0.304956 0.295814 0.270506 -9999 -9999
-9999 -9999 -9999 -9999 0.765264 0.757567 0.748496 0.73731 0.725287 0.714933 0.692574 0.684628 0.67514 0.664098 0.658129 0.651189 0.645248 0.639943 0.635152 0.625965 0.614812 0.603674 0.596812 0.584268 0.573276 0.565945 0.564434 0.558217 0.542044 0.523609 0.513999 0.497874 0.479601 0.463137 -9999 -9999 0.44557 0.452595 0.456713 0.457286 0.455222 0.452085 0.454248 0.451056 0.452904 0.440009 0.42142 0.415745 0.405095 0.399444 0.3926 0.385561 0.3783 0.37631 0.370199 0.363807 0.359214 0.354164 0.349499 0.345272 0.340648 0.337615 0.334384 0.329486 0.316698 0.308274 0.291949 0.267425 -9999 -9999
-9999 -9999 -9999 -9999 0.756202 0.748235 0.739757 0.728099 0.71787 0.707217 0.682967 0.675146 0.667105 0.65649 0.647463 0.642878 0.637307 0.632741 0.628938 0.620547 0.611605 0.599276 0.590432 0.573918 0.566636 0.550447 0.546362 0.53848 0.529861 0.523059 0.513342 0.49378 0.480263 0.461573 0.449026 -9999 0.440418 0.441067 0.446956 0.451906 0.454146 0.449258 0.452454 0.450224 0.444111 0.43702 0.421725 0.410875 0.403469 0.395239 0.39158 0.385311 0.375887 0.369762 0.365709 0.359589 0.354064 0.348942 0.344399 0.340469 0.336921 0.333703 0.330479 0.326792 0.319182 0.304993 0.290506 0.265005 -9999 -9999
-9999 -9999 -9999 0.760314 0.752372 0.745836 0.735566 0.724164 0.71223 0.699877 0.678056 0.668767 0.658969 0.650402 0.638305 0.632051 0.627554 0.625899 0.622734 0.619926 0.61437 0.600234 0.586193 0.574186 0.561352 0.547897 0.542772 0.541911 0.533721 0.52111 0.507765 0.48771 0.476303 0.462154 0.442301 0.437291 0.437616 0.437285 0.44019 0.447252 0.451628 0.452148 0.450542 0.445316 0.442292 0.432274 0.419226 0.411091 0.401461 0.393272 0.385116 0.379347 0.369963 0.365412 0.359736 0.354941 0.349298 0.34422 0.339822 0.336096 0.33283 0.329799 0.327005 0.324086 0.315965 0.305715 0.283819 0.264793 -9999 -9999
-9999 -9999 -9999 -9999 0.747687 0.738054 0.726021 0.713763 0.702133 0.690725 0.671339 0.66058 0.652132 0.6433 0.632521 0.621901 0.62044 0.618109 0.616886 0.614951 0.612846 0.594457 0.585496 0.57705 0.564446 0.557152 0.552766 0.545336 0.5356 0.517776 0.499751 0.475709 0.457864 0.449913 0.43785 0.43439 0.432853 0.438064 0.4412 0.440928 0.440285 0.448262 0.445144 0.440871 0.438893 0.429906 0.418772 0.408849 0.401957 0.393582 0.385164 0.368982 0.365131 0.357705 0.355267 0.349821 0.345223 0.340148 0.335871 0.332192 0.3291 0.326336 0.323788 0.317784 0.312515 0.304029 0.279828 0.262492 -9999 -9999
-9999 -9999 -9999 -9999 -9999 -9999 0.720241 0.708262 0.695362 0.683162 0.666148 0.656339 0.647072 0.638156 0.628949 0.618999 0.613032 0.610218 0.603733 0.604863 0.60456 0.601314 0.597121 0.583818 0.570581 0.568559 0.560016 0.545431 0.531755 0.517755 0.497974 0.476699 0.45733 0.441263 0.434071 0.43743 0.440066 0.445507 0.4463 0.440972 0.441158 0.44144 0.443758 0.442524 0.437131 0.427844 0.417124 0.405535 0.401797 0.393821 0.383254 0.372811 0.361933 0.356401 0.349855 0.346925 0.341836 0.336844 0.332553 0.328996 0.326005 0.323392 0.318351 0.314665 0.310511 0.305668 0.280818 0.257758 -9999 -9999
-9999 -9999 -9999 -9999 -9999 -9999 0.712946 0.70016 0.68864 0.681106 0.662287 0.652456 0.642267 0.634031 0.625434 0.615816 0.607544 0.600619 0.593027 0.592855 0.596806 0.597627 0.594354 0.582046 0.577498 0.569338 0.55898 0.542184 0.527199 0.514902 0.495481 0.473304 0.457766 0.439832 0.437503 0.436431 0.437646 0.444074 0.447837 0.447879 0.441987 0.442067 0.445247 0.441141 0.432626 0.427333 0.41488 0.401609 0.399606 0.392847 0.382736 0.374219 0.36215 0.355038 0.349209 0.344 0.33907 0.334101 0.329871 0.326353 0.323462 0.319871 0.316477 0.312819 0.308613 0.303764 0.285731 0.255265 -9999 -9999
-9999 -9999 -9999 -9999 -9999 -9999 -9999 0.692451 0.684257 0.678976 0.659068 0.64786 0.63972 0.631201 0.622181 0.6148 0.605772 0.596212 0.58153 0.581724 0.585036 0.590742 0.591611 0.586404 0.57502 0.563706 0.54521 0.527507 0.517845 0.507432 0.490861 0.470822 0.454545 0.452079 0.450743 0.450702 0.448749 0.443787 0.446543 0.448482 0.443259 0.444041 0.445112 0.438727 0.432562 0.42587 0.413026 0.405318 0.397517 0.392453 0.38133 0.373919 0.362435 0.354372 0.347743 0.341933 0.336986 0.332091 0.327893 0.324461 0.321218 0.318107 0.314698 0.310923 0.306648 0.301726 0.295069 0.274936 0.260605 -9999
-9999 -9999 -9999 -9999 -9999 -9999 -9999 0.684105 0.673273 0.669916 0.651189 0.645053 0.637845 0.629553 0.619547 0.611928 0.600322 0.59483 0.580838 0.573137 0.574197 0.569095 0.577458 0.583718 0.572417 0.54344 0.527981 0.514284 0.507357 0.498675 0.487733 0.462999 0.452131 0.455399 0.455447 0.454772 0.453689 0.449965 0.446539 0.451253 0.449123 0.448277 0.443928 0.439831 0.430884 0.42274 0.414596 0.40458 0.396121 0.391237 0.379094 0.37349 0.361684 0.352886 0.345518 0.340953 0.335524 0.330737 0.326169 0.322783 0.319505 0.316228 0.312861 0.30902 0.304589 0.299675 0.293977 0.284491 0.271119 0.261288
-9999 -9999 -9999 -9999 -9999 -9999 -9999 -9999 0.66141 0.662561 0.647307 0.640501 0.636102 0.628594 0.616663 0.609379 0.598717 0.589278 0.576264 0.561807 0.553078 0.566955 0.578023 0.581131 0.570962 0.545696 0.531043 0.522859 0.518931 0.506841 0.495526 0.4737 0.463659 0.453061 0.449006 0.448747 0.449888 0.451832 0.452523 0.449598 0.448921 0.4469 0.443092 0.439115 0.433585 0.427475 0.413289 0.408467 0.398307 0.391238 0.381998 0.372766 0.360862 0.351017 0.345421 0.340293 0.334888 0.328497 0.324739 0.321329 0.317995 0.314522 0.310893 0.306957 0.302526 0.297461 0.291833 0.283695 0.275955 0.264638
-9999 -9999 -9999 -9999 -9999 -9999 -9999 -9999 0.652278 0.653995 0.63913 0.638222 0.627626 0.621925 0.616449 0.609652 0.600501 0.589077 0.57908 0.563081 0.546342 0.560533 0.573785 0.577631 0.572447 0.546482 0.543541 0.53241 0.525847 0.51132 0.500451 0.485485 0.473826 0.46218 0.447628 0.439116 0.448056 0.451015 0.452897 0.452022 0.44997 0.44697 0.442493 0.436971 0.426063 0.424725 0.414055 0.40629 0.398059 0.389787 0.381123 0.372334 0.360857 0.35334 0.344959 0.33723 0.331415 0.327273 0.323503 0.319936 0.316427 0.312855 0.309027 0.30377 0.300342 0.295227 0.289549 0.281453 0.274486 0.266908
-9999 -9999 -9999 -9999 -9999 -9999 -9999 -9999 0.630427 0.63932 0.624829 0.62548 0.623637 0.61961 0.615116 0.607465 0.601043 0.591605 0.582553 0.570544 0.554228 0.542229 0.551032 0.565622 0.569488 0.558362 0.550828 0.539401 0.528121 0.519859 0.512298 0.495283 0.477436 0.46379 0.454671 0.447373 0.452948 0.45044 0.446094 0.453159 0.449511 0.445012 0.436699 0.427401 0.423012 0.414622 0.406271 0.395765 0.391371 0.386302 0.37941 0.371414 0.360057 0.347883 0.341782 0.335183 0.3305 0.326204 0.32226 0.318553 0.314903 0.311094 0.307118 0.302906 0.296437 0.290896 0.287251 0.279181 0.2724 0.265096
-9999 -9999 -9999 -9999 -9999 -9999 -9999 -9999 0.619215 0.612711 0.618974 0.6177 0.619602 0.615708 0.613358 0.608047 0.601347 0.592414 0.582333 0.57151 0.556699 0.544251 0.548449 0.556087 0.559615 0.552015 0.548148 0.540792 0.532564 0.518613 0.510421 0.496969 0.486726 0.471619 0.462491 0.451736 0.45836 0.455635 0.450151 0.451772 0.447644 0.435431 0.424792 0.419245 0.417695 0.408271 0.396756 0.388151 0.383488 0.38291 0.36713 0.360253 0.352626 0.346886 0.339299 0.334247 0.329507 0.325145 0.321038 0.317178 0.313379 0.309378 0.305243 0.300826 0.295921 0.288428 0.282407 0.273992 0.270219 0.263238
-9999 -9999 -9999 -9999 -9999 -9999 -9999 -9999 0.613813 0.605035 0.610268 0.613143 0.615814 0.613698 0.611135 0.606319 0.599066 0.59236 0.584308 0.574067 0.565486 0.553653 0.538876 0.549552 0.548245 0.541631 0.530049 0.527431 0.52014 0.510994 0.499248 0.495603 0.486661 0.475548 0.468788 0.460967 0.462736 0.4587 0.454587 0.450328 0.439414 0.425629 0.413491 0.414165 0.4078 0.4044 0.385628 0.378791 0.376685 0.371042 0.361869 0.352285 0.349664 0.342226 0.337521 0.332909 0.328483 0.323956 0.319838 0.315743 0.311717 0.307622 0.303309 0.298754 0.293827 0.288506 0.280033 0.271718 0.264979 0.254191
-9999 -9999 -9999 -9999 -9999 -9999 -9999 -9999 -9999 0.590823 0.596696 0.604978 0.60724 0.606956 0.60443 0.599625 0.59364 0.587503 0.580589 0.571615 0.561317 0.54764 0.535844 0.534013 0.532 0.521302 0.517693 0.520193 0.516577 0.505354 0.479903 0.477865 0.480129 0.475206 0.470052 0.465048 0.46384 0.458874 0.453015 0.444164 0.425393 0.413895 0.403274 0.398702 0.390206 0.390114 0.376457 0.376197 0.372083 0.366162 0.353129 0.342856 0.340486 0.337582 0.331726 0.32842 0.327228 0.322743 0.318451 0.314193 0.310046 0.305817 0.301396 0.294388 0.289208 0.283694 0.274409 0.266075 0.258938 0.251839
-9999 -9999 -9999 -9999 -9999 -9999 -9999 -9999 -9999 0.580447 0.590124 0.601272 0.600943 0.601072 0.600806 0.596019 0.589132 0.582409 0.575584 0.568344 0.55686 0.545358 0.533912 0.52623 0.521571 0.509421 0.508141 0.513827 0.509721 0.502358 0.472849 0.463592 0.468436 0.47196 0.468071 0.462955 0.448955 0.446845 0.437377 0.425949 0.419543 0.41177 0.400272 0.398279 0.38799 0.384333 0.371832 0.369 0.36415 0.3619 0.349941 0.338475 0.335786 0.333691 0.328432 0.327088 0.323604 0.319348 0.314977 0.310651 0.306269 0.301841 0.297159 0.292236 0.287031 0.281432 0.275293 0.264201 0.248698 0.242251
-9999 -9999 -9999 -9999 -9999 -9999 -9999 -9999 -9999 0.57848 0.583293 0.592623 0.598327 0.593527 0.593968 0.591912 0.584722 0.577295 0.569786 0.563725 0.551664 0.538749 0.52715 0.514233 0.509801 0.509344 0.505595 0.50729 0.502557 0.494883 0.470486 0.468322 0.470131 0.468985 0.465494 0.460258 0.453816 0.448309 0.440134 0.434078 0.424191 0.411095 0.402893 0.399876 0.385587 0.380626 0.378133 0.36208 0.361453 0.357789 0.34454 0.334431 0.334861 0.332485 0.329951 0.326187 0.321841 0.317944 0.313383 0.308926 0.30443 0.299812 0.295074 0.290025 0.284781 0.278656 0.271932 0.259502 0.244367 0.238706
-9999 -9999 -9999 -9999 -9999 -9999 -9999 -9999 -9999 0.576177 0.580065 0.587461 0.589905 0.585871 0.586896 0.587433 0.58191 0.574308 0.568634 0.560886 0.549934 0.538243 0.525815 0.516978 0.503466 0.505891 0.49981 0.500607 0.497892 0.473736 0.466004 0.465615 0.465362 0.462524 0.462602 0.458131 0.452268 0.441456 0.433935 0.430835 0.424934 0.417865 0.407202 0.40188 0.392894 0.385893 0.3788 0.361521 0.358347 0.35244 0.342563 0.337806 0.33537 0.332035 0.328706 0.32413 0.320062 0.316385 0.311801 0.307207 0.30256 0.29788 0.29299 0.287719 0.282318 0.275477 0.267274 0.256569 0.235935 0.235643
-9999 -9999 -9999 -9999 -9999 -9999 -9999 -9999 -9999 0.569765 0.5745 0.580042 0.579123 0.574448 0.580532 0.582407 0.57748 0.571309 0.564945 0.553014 0.548537 0.542157 0.530591 0.515962 0.500319 0.496015 0.491803 0.493194 0.490553 0.462923 0.454956 0.452343 0.454532 0.456112 0.458062 0.455275 0.449004 0.434556 0.419448 0.419948 0.420688 0.415963 0.409557 0.399169 0.392274 0.385374 0.375945 0.35819 0.351726 0.347543 0.338644 0.335269 0.333315 0.330907 0.324519 0.32009 0.318021 0.31484 0.310147 0.30546 0.300792 0.295982 0.291022 0.285412 0.279617 0.273209 0.260784 0.250831 0.236404 0.233319
-9999 -9999 -9999 -9999 -9999 -9999 -9999 -9999 -9999 0.561411 0.563236 0.568356 0.567102 0.568761 0.574214 0.574401 0.571983 0.56708 0.561266 0.55332 0.546627 0.538048 0.526394 0.51219 0.49689 0.485135 0.483461 0.482974 0.475914 0.453507 0.444727 0.445019 0.447767 0.454131 0.4559 0.452341 0.447404 0.440948 0.428718 0.414797 0.41026 0.41031 0.401522 0.391941 0.389345 0.383597 0.374312 0.365971 0.351381 0.34158 0.334331 0.330442 0.329116 0.329922 0.325574 0.320304 0.317935 0.313192 0.308448 0.303773 0.298992 0.294147 0.289172 0.283659 0.277388 0.267482 0.258024 0.24685 0.240483 0.234104
-9999 -9999 -9999 -9999 -9999 -9999 -9999 -9999 -9999 0.550348 0.553698 0.558171 0.562212 0.565955 0.568624 0.564154 0.563414 0.558603 0.556079 0.550783 0.543196 0.535379 0.524857 0.508226 0.493442 0.477702 0.475728 0.477851 0.457872 0.447929 0.433571 0.439069 0.445664 0.45128 0.452333 0.443711 0.443736 0.439016 0.431687 0.421597 0.408297 0.40379 0.392437 0.387208 0.385483 0.381346 0.37543 0.367858 0.353311 0.341274 0.332467 0.327532 0.325903 0.325347 0.324816 0.320508 0.316419 0.311563 0.306745 0.302014 0.297214 0.292269 0.287111 0.281566 0.272552 0.262675 0.254439 0.24501 0.238916 0.238369
