Test_Spring_2018/03_18/Prec/20180327_001.txt
ncols	170
nrows	115
xllcorner	350000.000000
yllcorner	4445000.000000
cellsize	1000.000000
nodata_value	-9999.000000
[rows 31 to 61 of 115, columns 70 to 139 of 170]
0.845355 0.843934 0.838965 0.828336 0.820973 0.81384 0.790507 0.782285 0.756814 0.749277 0.73905 0.731871 0.723487 0.713373 0.706969 0.693884 0.660108 0.666365 0.667796 0.657309 0.661077 0.668247 0.66045 0.638895 0.62935 0.614318 0.606953 0.592468 0.579807 -9999 -9999 -9999 -9999 -9999 -9999 -9999 -9999 -9999 -9999 -9999 -9999 -9999 -9999 -9999 -9999 -9999 -9999 -9999 -9999 -9999 -9999 -9999 -9999 -9999 -9999 -9999 -9999 -9999 -9999 -9999 -9999 -9999 -9999 -9999 -9999 -9999 -9999 -9999 -9999 -9999
0.845847 0.841758 0.834833 0.824441 0.821958 0.818742 0.783108 0.771658 0.756683 0.75026 0.741603 0.729881 0.722529 0.715629 0.710178 0.698856 0.6739 0.651598 0.660189 0.658797 0.650138 0.662273 0.654489 0.635669 0.609484 0.62292 0.618824 0.5787 0.566143 -9999 -9999 -9999 -9999 -9999 -9999 -9999 -9999 -9999 -9999 -9999 -9999 -9999 -9999 -9999 -9999 -9999 -9999 -9999 -9999 -9999 -9999 -9999 -9999 -9999 -9999 -9999 -9999 -9999 -9999 -9999 -9999 -9999 -9999 -9999 -9999 -9999 -9999 -9999 -9999 -9999
0.839417 0.838635 0.830225 0.821748 0.821808 0.813928 0.798382 0.773496 0.756002 0.750725 0.743842 0.735735 0.728464 0.721556 0.711395 0.699009 0.677261 0.65223 0.645071 0.654452 0.653643 0.654355 0.647174 0.638545 0.625551 0.635317 0.638894 0.614319 0.580936 0.560109 -9999 -9999 -9999 -9999 -9999 -9999 -9999 -9999 -9999 -9999 -9999 -9999 -9999 -9999 -9999 -9999 -9999 -9999 -9999 -9999 -9999 -9999 -9999 -9999 -9999 -9999 -9999 -9999 -9999 -9999 -9999 -9999 -9999 -9999 -9999 -9999 -9999 -9999 -9999 -9999
0.831006 0.834183 0.824882 0.81054 0.807631 0.803311 0.791585 0.752789 0.747302 0.750068 0.743784 0.737985 0.729262 0.72181 0.712871 0.700866 0.685693 0.668473 0.640707 0.654965 0.666107 0.664776 0.663318 0.657151 0.64474 0.654431 0.65465 0.619398 0.581535 0.571088 0.566573 -9999 -9999 -9999 -9999 -9999 -9999 -9999 -9999 -9999 -9999 -9999 -9999 -9999 -9999 -9999 -9999 -9999 -9999 -9999 -9999 -9999 -9999 -9999 -9999 -9999 -9999 -9999 -9999 -9999 -9999 -9999 -9999 -9999 -9999 -9999 -9999 -9999 -9999 -9999
-9999 0.828168 0.818922 0.802908 0.799944 0.798195 0.795072 0.772022 0.749676 0.746093 0.742932 0.737167 0.728315 0.712364 0.706832 0.702979 0.692098 0.672865 0.654093 0.648197 0.665984 0.670525 0.668777 0.672577 0.662159 0.6668 0.664773 0.650462 0.613074 0.58765 0.581301 0.568719 -9999 -9999 -9999 -9999 -9999 -9999 -9999 -9999 -9999 -9999 -9999 -9999 -9999 -9999 -9999 -9999 -9999 -9999 -9999 -9999 -9999 -9999 -9999 -9999 -9999 -9999 -9999 -9999 -9999 -9999 -9999 -9999 -9999 -9999 -9999 -9999 -9999 -9999
-9999 -9999 -9999 -9999 0.789588 0.785978 0.771206 0.766131 0.747286 0.744415 0.741838 0.73594 0.723057 0.714726 0.710458 0.701833 0.689751 0.681643 0.669229 0.656795 0.660004 0.67549 0.66786 0.679107 0.67809 0.680281 0.672798 0.640788 0.610423 0.589223 0.583836 0.573931 -9999 -9999 -9999 -9999 -9999 -9999 -9999 -9999 -9999 -9999 -9999 -9999 -9999 -9999 -9999 -9999 -9999 -9999 -9999 -9999 -9999 -9999 -9999 -9999 -9999 -9999 -9999 -9999 -9999 -9999 -9999 -9999 -9999 -9999 -9999 -9999 -9999 -9999
-9999 -9999 -9999 -9999 -9999 0.783917 0.767803 0.770642 0.744786 0.74027 0.739512 0.733627 0.725364 0.718455 0.711187 0.703572 0.693834 0.683959 0.672333 0.67023 0.679809 0.679507 0.677195 0.678969 0.684537 0.683517 0.663676 0.634924 0.62451 0.582435 0.573627 0.575159 0.568948 -9999 -9999 -9999 -9999 -9999 -9999 -9999 -9999 -9999 -9999 -9999 -9999 0.558523 -9999 -9999 -9999 -9999 -9999 -9999 -9999 -9999 -9999 -9999 -9999 -9999 -9999 -9999 -9999 -9999 -9999 -9999 -9999 -9999 0.366762 -9999 -9999 -9999
-9999 -9999 -9999 -9999 0.79481 0.777022 0.773594 0.771663 0.758801 0.737532 0.737165 0.730973 0.723255 0.715978 0.706481 0.701726 0.695032 0.684621 0.681459 0.683923 0.685014 0.686688 0.687981 0.687536 0.685995 0.683952 0.660666 0.651801 0.646127 0.616185 0.597961 0.589263 0.575489 0.564742 -9999 -9999 -9999 -9999 -9999 -9999 -9999 0.578668 0.573177 0.567745 0.564606 0.566577 0.553957 -9999 -9999 -9999 -9999 -9999 -9999 -9999 -9999 -9999 -9999 -9999 -9999 -9999 -9999 -9999 -9999 -9999 -9999 -9999 0.377256 0.359688 -9999 -9999
-9999 -9999 -9999 -9999 0.781366 0.779457 0.77357 0.770702 0.765004 0.737562 0.732369 0.727749 0.721368 0.713545 0.705204 0.701726 0.693549 0.688673 0.68534 0.689307 0.690109 0.688579 0.686903 0.685733 0.681009 0.6815 0.665108 0.660035 0.651179 0.642083 0.61012 0.591692 0.573589 0.559103 -9999 -9999 -9999 -9999 -9999 -9999 0.590902 0.59393 0.593059 0.577468 0.578588 0.578375 0.569129 0.540509 -9999 -9999 -9999 -9999 -9999 -9999 -9999 -9999 -9999 -9999 -9999 -9999 -9999 -9999 0.455339 0.438943 0.409985 0.392253 0.378993 0.362184 -9999 -9999
-9999 -9999 -9999 -9999 0.780828 0.779529 0.775045 0.769731 0.760097 0.738583 0.729804 0.723608 0.716986 0.710921 0.705617 0.697233 0.692534 0.683538 0.689528 0.689009 0.68757 0.68139 0.679489 0.668914 0.665186 0.651151 0.662387 0.656287 0.642219 0.624353 0.595106 0.586018 0.580412 0.56822 -9999 -9999 -9999 -9999 -9999 -9999 0.600182 0.603468 0.604362 0.598615 0.581662 0.586426 0.565241 0.547853 0.536092 0.532183 0.525715 0.510765 0.49917 0.494266 0.484965 0.483308 -9999 -9999 -9999 -9999 0.466998 0.463932 0.460368 0.451 0.419813 0.396352 0.374162 0.357984 -9999 -9999
-9999 -9999 -9999 -9999 0.787856 0.78243 0.773879 0.762832 0.756062 0.733622 0.725007 0.719729 0.712486 0.706508 0.701592 0.696315 0.689947 0.689098 0.688175 0.686127 0.673717 0.659586 0.667977 0.659439 0.635129 0.646365 0.656709 0.650017 0.633077 0.613235 0.601025 0.595109 0.587153 0.579585 -9999 -9999 -9999 0.595632 0.6059 0.604696 0.604654 0.610625 0.612914 0.607863 0.603678 0.594078 0.569025 0.5508 0.531943 0.523885 0.527531 0.521283 0.502289 0.497194 0.488032 0.486268 0.485778 0.484166 0.48149 0.477784 0.47476 0.472024 0.468129 0.459514 0.428459 0.409364 0.394441 0.350769 -9999 -9999
-9999 -9999 -9999 -9999 0.780027 0.773407 0.765457 0.76238 0.751055 0.743332 0.721337 0.714588 0.707593 0.697272 0.695621 0.691419 0.688264 0.685575 0.683321 0.672759 0.658694 0.645133 0.640249 0.640029 0.630709 0.633008 0.643817 0.641039 0.635978 0.618804 0.618276 0.610556 0.587575 0.573125 -9999 -9999 0.57999 0.602063 0.616559 0.622359 0.621348 0.616755 0.620727 0.614165 0.616629 0.604819 0.569949 0.560057 0.535465 0.527268 0.521435 0.51279 0.507838 0.499329 0.494474 0.489447 0.487775 0.48502 0.482469 0.48002 0.476024 0.474121 0.471104 0.464437 0.442899 0.429254 0.408178 0.358691 -9999 -9999
-9999 -9999 -9999 -9999 0.781006 0.774374 0.767823 0.756338 0.748215 0.738341 0.712714 0.709105 0.70215 0.692585 0.685198 0.685118 0.682358 0.680685 0.67988 0.670429 0.660133 0.644185 0.635592 0.626575 0.624572 0.618816 0.62586 0.626939 0.62753 0.632126 0.62838 0.615397 0.608142 0.585018 0.577503 -9999 0.587244 0.597775 0.615425 0.628903 0.635204 0.626613 0.63158 0.625819 0.623864 0.609565 0.579841 0.56219 0.549637 0.536459 0.532595 0.519488 0.510363 0.504436 0.494505 0.490245 0.48715 0.484544 0.482454 0.480713 0.478766 0.476498 0.473381 0.468756 0.456507 0.438205 0.413541 0.362315 -9999 -9999
-9999 -9999 -9999 0.781165 0.781342 0.777428 0.767716 0.756863 0.745779 0.73443 0.712498 0.705362 0.697612 0.689466 0.676249 0.672846 0.67175 0.67509 0.675122 0.675635 0.67134 0.651952 0.643496 0.638575 0.627721 0.619707 0.625661 0.640514 0.642805 0.637663 0.631591 0.617762 0.612911 0.604249 0.579299 0.584489 0.597176 0.606038 0.6181 0.635125 0.644817 0.645475 0.640825 0.637839 0.630389 0.611543 0.585568 0.570332 0.553218 0.539712 0.527249 0.520126 0.510331 0.502507 0.497954 0.489229 0.486157 0.483868 0.482251 0.481037 0.479692 0.477776 0.475385 0.472047 0.463731 0.446789 0.406804 0.367802 -9999 -9999
-9999 -9999 -9999 -9999 0.779363 0.769885 0.757076 0.744788 0.734383 0.724856 0.707101 0.69766 0.691999 0.684834 0.672202 0.660482 0.664652 0.666445 0.669779 0.671688 0.673613 0.657345 0.65136 0.647751 0.637973 0.64182 0.649895 0.653461 0.653704 0.639778 0.62589 0.605371 0.59091 0.59362 0.586842 0.591813 0.601327 0.620449 0.63283 0.636106 0.636156 0.649979 0.648557 0.639305 0.633655 0.615197 0.592174 0.573211 0.560728 0.546521 0.533264 0.50674 0.506755 0.497462 0.498008 0.491219 0.485312 0.483195 0.481957 0.480961 0.480024 0.478642 0.476697 0.471268 0.462436 0.448544 0.405815 0.370026 -9999 -9999
-9999 -9999 -9999 -9999 -9999 -9999 0.752755 0.741077 0.72839 0.717403 0.703681 0.695769 0.688325 0.680803 0.671894 0.660195 0.655799 0.656463 0.649952 0.658984 0.669175 0.672707 0.675939 0.663949 0.655806 0.667645 0.668721 0.659767 0.653377 0.647054 0.630481 0.615445 0.598546 0.586636 0.589475 0.609694 0.624828 0.64438 0.652363 0.646163 0.647473 0.650871 0.654031 0.649835 0.637636 0.618347 0.595712 0.573385 0.566403 0.552645 0.535167 0.518931 0.505687 0.499621 0.4924 0.492361 0.488701 0.482728 0.481551 0.480873 0.480212 0.479184 0.474175 0.469928 0.464299 0.457142 0.413243 0.367074 -9999 -9999
-9999 -9999 -9999 -9999 -9999 -9999 0.745155 0.732039 0.721858 0.719342 0.701988 0.693741 0.684265 0.677634 0.669501 0.658655 0.649477 0.642435 0.635016 0.641894 0.65759 0.668949 0.674311 0.664639 0.672872 0.673925 0.672124 0.659517 0.651077 0.648182 0.632511 0.615948 0.606162 0.590842 0.602598 0.614622 0.628451 0.648948 0.662317 0.665894 0.657733 0.658053 0.662766 0.653255 0.635273 0.623257 0.597281 0.571728 0.567774 0.556066 0.539216 0.52629 0.510557 0.501317 0.495162 0.490715 0.487175 0.483765 0.481092 0.480529 0.480133 0.478025 0.475174 0.471115 0.465521 0.458471 0.427196 0.367563 -9999 -9999
-9999 -9999 -9999 -9999 -9999 -9999 -9999 0.723278 0.719097 0.720523 0.700902 0.689774 0.68369 0.676178 0.666947 0.659963 0.649339 0.63745 0.616738 0.62447 0.639265 0.659947 0.673303 0.677067 0.673045 0.668601 0.652078 0.637954 0.639361 0.63991 0.629385 0.616605 0.605228 0.618072 0.631391 0.645075 0.652899 0.652642 0.664001 0.671572 0.663981 0.66574 0.666761 0.653262 0.639789 0.625365 0.598733 0.58345 0.568831 0.560166 0.541325 0.530248 0.515365 0.504113 0.496217 0.490417 0.486631 0.483202 0.481144 0.480435 0.479594 0.478209 0.475483 0.47139 0.465862 0.458869 0.448668 0.408159 0.383804 -9999
-9999 -9999 -9999 -9999 -9999 -9999 -9999 0.713017 0.703808 0.708493 0.690859 0.688677 0.683933 0.676497 0.665187 0.658477 0.643283 0.638664 0.619528 0.612663 0.623602 0.624726 0.65215 0.677242 0.673534 0.636712 0.625747 0.618859 0.625059 0.628455 0.62785 0.606045 0.604084 0.626941 0.642323 0.654444 0.663578 0.66607 0.665859 0.678936 0.676686 0.675777 0.667226 0.658346 0.640176 0.623462 0.605733 0.586434 0.570743 0.562454 0.541697 0.533818 0.518228 0.505383 0.495863 0.492084 0.487175 0.483754 0.481118 0.480345 0.479898 0.477459 0.474971 0.470967 0.465395 0.458664 0.450457 0.429618 0.407163 0.39199
-9999 -9999 -9999 -9999 -9999 -9999 -9999 -9999 0.686639 0.699287 0.687966 0.684188 0.684258 0.677977 0.668847 0.659842 0.645088 0.633396 0.616271 0.597881 0.590175 0.626414 0.658992 0.6784 0.676763 0.64661 0.636856 0.63971 0.650913 0.647432 0.645434 0.628371 0.62716 0.6238 0.630986 0.647074 0.658563 0.66988 0.67726 0.676465 0.678442 0.674019 0.667014 0.658953 0.647656 0.635234 0.606832 0.59746 0.578912 0.566765 0.551388 0.536791 0.521024 0.506056 0.499551 0.494479 0.489369 0.48365 0.48179 0.480883 0.480284 0.479461 0.473697 0.469743 0.46444 0.457711 0.449902 0.431602 0.419677 0.401866
-9999 -9999 -9999 -9999 -9999 -9999 -9999 -9999 0.674377 0.687727 0.677184 0.683915 0.680525 0.679523 0.673911 0.666016 0.654287 0.639216 0.627895 0.606901 0.586035 0.623925 0.657972 0.678684 0.684032 0.654231 0.665513 0.662343 0.667975 0.659178 0.657073 0.651875 0.64675 0.640577 0.634077 0.629134 0.654679 0.667741 0.677359 0.680537 0.680337 0.677379 0.670624 0.656135 0.635675 0.6327 0.611301 0.597013 0.582382 0.568273 0.554082 0.540315 0.525465 0.514629 0.502806 0.496477 0.48837 0.4852 0.483167 0.481842 0.480823 0.479758 0.478179 0.471447 0.462944 0.456418 0.448798 0.430578 0.420276 0.409441
-9999 -9999 -9999 -9999 -9999 -9999 -9999 -9999 0.638782 0.664993 0.667903 0.675538 0.683899 0.681368 0.677851 0.66871 0.662334 0.651237 0.641934 0.628477 0.608498 0.597866 0.627681 0.668854 0.685715 0.682644 0.68484 0.680351 0.676429 0.678159 0.681071 0.671302 0.664211 0.651876 0.646874 0.643581 0.662645 0.665544 0.663777 0.681778 0.679026 0.673809 0.660872 0.645026 0.638236 0.61634 0.599806 0.581039 0.573897 0.565986 0.555244 0.543011 0.528632 0.51575 0.506825 0.495876 0.491035 0.487429 0.484914 0.483173 0.481759 0.480151 0.478223 0.47576 0.465544 0.459868 0.44749 0.429253 0.419498 0.409271
-9999 -9999 -9999 -9999 -9999 -9999 -9999 -9999 0.637337 0.643881 0.662426 0.674024 0.683046 0.681091 0.681891 0.677451 0.670957 0.661138 0.65022 0.639115 0.621944 0.610386 0.630624 0.659816 0.681267 0.68471 0.686115 0.688233 0.688947 0.69221 0.692274 0.687962 0.682167 0.66699 0.660967 0.650864 0.67156 0.673942 0.670147 0.678376 0.675117 0.656218 0.639574 0.6318 0.630127 0.614472 0.592922 0.570362 0.563194 0.563886 0.546349 0.535545 0.527883 0.51918 0.505098 0.498961 0.493915 0.490047 0.487068 0.484875 0.483021 0.480914 0.478574 0.475641 0.471672 0.458378 0.451734 0.43301 0.418387 0.408845
-9999 -9999 -9999 -9999 -9999 -9999 -9999 -9999 0.642409 0.6355 0.652203 0.672553 0.683324 0.685031 0.685873 0.682782 0.675684 0.670307 0.663368 0.653458 0.647715 0.637111 0.622152 0.654913 0.668784 0.673138 0.680753 0.691656 0.693652 0.691718 0.681122 0.687459 0.68422 0.674885 0.672635 0.667482 0.678975 0.678834 0.677614 0.675248 0.659871 0.638537 0.619667 0.623889 0.614833 0.609784 0.575354 0.575906 0.573889 0.565244 0.541212 0.525701 0.527829 0.512906 0.506934 0.501591 0.497047 0.492752 0.489594 0.486792 0.484341 0.481888 0.479065 0.475747 0.471632 0.466643 0.450504 0.431569 0.422761 0.413742
-9999 -9999 -9999 -9999 -9999 -9999 -9999 -9999 -9999 0.626394 0.653611 0.674984 0.684861 0.68985 0.690761 0.687805 0.683272 0.679286 0.674878 0.667796 0.659422 0.645932 0.636887 0.646987 0.660861 0.656957 0.665084 0.684339 0.69206 0.685335 0.659822 0.669127 0.684185 0.685178 0.684907 0.684112 0.681094 0.679135 0.674747 0.664124 0.634608 0.626976 0.611866 0.607479 0.595509 0.597721 0.572735 0.574711 0.569409 0.56065 0.538759 0.528247 0.520765 0.517283 0.508727 0.505274 0.500007 0.495685 0.492063 0.488787 0.485925 0.483036 0.479836 0.478263 0.473934 0.468846 0.45095 0.431088 0.421604 0.412147
-9999 -9999 -9999 -9999 -9999 -9999 -9999 -9999 -9999 0.624663 0.649571 0.676688 0.68236 0.688699 0.694353 0.691972 0.686227 0.681478 0.677382 0.673449 0.662671 0.65277 0.643793 0.64243 0.647163 0.643495 0.654905 0.679018 0.684875 0.684334 0.652318 0.646386 0.665623 0.681694 0.683414 0.682188 0.663991 0.667043 0.656033 0.640927 0.634599 0.625347 0.608862 0.609479 0.594502 0.591384 0.567733 0.565344 0.559054 0.557406 0.537844 0.5259 0.517566 0.515823 0.50856 0.508844 0.505585 0.501315 0.497229 0.493587 0.490137 0.486817 0.483152 0.479072 0.474417 0.468911 0.46224 0.440053 0.405603 0.397278
-9999 -9999 -9999 -9999 -9999 -9999 -9999 -9999 -9999 0.629103 0.645463 0.669718 0.687016 0.684862 0.692369 0.695502 0.689601 0.683822 0.678575 0.67674 0.664654 0.65174 0.641921 0.630252 0.634623 0.646614 0.657917 0.673782 0.677609 0.675676 0.652739 0.659227 0.672385 0.679474 0.681627 0.679972 0.675539 0.672302 0.663684 0.658521 0.645912 0.627031 0.616785 0.615726 0.59363 0.588366 0.58735 0.55681 0.558594 0.554664 0.53305 0.518436 0.521373 0.519345 0.517274 0.513235 0.50845 0.504828 0.500309 0.496275 0.49241 0.488494 0.484452 0.479854 0.474843 0.468106 0.460119 0.441482 0.400527 0.393552
-9999 -9999 -9999 -9999 -9999 -9999 -9999 -9999 -9999 0.633257 0.648318 0.669491 0.681316 0.681104 0.69019 0.698534 0.696041 0.690157 0.688344 0.68331 0.672997 0.661923 0.650039 0.645223 0.63219 0.64871 0.65527 0.668667 0.675424 0.653631 0.649865 0.659084 0.668018 0.671651 0.6801 0.679669 0.676182 0.663139 0.655718 0.656021 0.650806 0.643096 0.628449 0.623297 0.611109 0.602283 0.593022 0.560311 0.557665 0.549877 0.528996 0.529968 0.527868 0.524281 0.520911 0.515494 0.511275 0.508047 0.503411 0.498987 0.494656 0.49039 0.485806 0.480522 0.474945 0.466619 0.455661 0.439964 0.388003 0.390766
-9999 -9999 -9999 -9999 -9999 -9999 -9999 -9999 -9999 0.63012 0.647153 0.66539 0.671534 0.67064 0.689485 0.700678 0.699574 0.696483 0.693424 0.680574 0.681888 0.680169 0.669357 0.653302 0.6357 0.63917 0.642638 0.662574 0.668796 0.640225 0.635499 0.640189 0.653247 0.664713 0.676384 0.678891 0.67455 0.654766 0.633375 0.640293 0.647304 0.643942 0.637178 0.622793 0.614543 0.606016 0.592603 0.560322 0.550563 0.546146 0.534447 0.530711 0.529687 0.527972 0.519121 0.514076 0.513582 0.511258 0.506359 0.501643 0.497097 0.492377 0.487413 0.48124 0.474661 0.466858 0.447875 0.433308 0.399571 0.389404
-9999 -9999 -9999 -9999 -9999 -9999 -9999 -9999 -9999 0.623604 0.635727 0.653659 0.65967 0.670882 0.688986 0.697423 0.701168 0.700523 0.698456 0.692774 0.689734 0.683579 0.672122 0.656299 0.638742 0.627917 0.635766 0.651646 0.651168 0.629804 0.623157 0.632832 0.646635 0.666671 0.677844 0.678807 0.67683 0.671669 0.655524 0.635913 0.633206 0.638605 0.627458 0.614565 0.614239 0.607875 0.594794 0.583265 0.555268 0.534176 0.531834 0.527302 0.52758 0.53191 0.52693 0.520426 0.51943 0.514238 0.509191 0.504394 0.499485 0.494502 0.489277 0.483023 0.475295 0.460782 0.446971 0.429884 0.421522 0.393835
-9999 -9999 -9999 -9999 -9999 -9999 -9999 -9999 -9999 0.612232 0.627622 0.644848 0.661065 0.676549 0.689923 0.690099 0.697119 0.696715 0.700633 0.699639 0.69466 0.689517 0.679681 0.658894 0.641759 0.623091 0.629884 0.643141 0.635674 0.626786 0.609564 0.628545 0.649217 0.667726 0.677472 0.66905 0.676124 0.674096 0.666897 0.654267 0.635395 0.632356 0.61643 0.611475 0.612703 0.609269 0.602375 0.592281 0.565551 0.538879 0.533807 0.527453 0.527285 0.529225 0.531357 0.526703 0.522595 0.517205 0.511986 0.507 0.501924 0.496577 0.4908 0.484234 0.471193 0.456443 0.444578 0.430394 0.422229 0.412806
