Test_Spring_2018/03_18/Prec/20180320_011.txt
ncols	170
nrows	115
xllcorner	350000.000000
yllcorner	4445000.000000
cellsize	1000.000000
nodata_value	-9999.000000
[rows 34 to 67 of 115, columns 76 to 151 of 170]
0.195304 0.209482 0.213185 0.214507 0.21818 0.221555 0.225556 0.229024 0.23272 0.237089 0.242173 0.247684 0.25598 0.25261 0.250023 0.250815 0.251605 0.25367 0.257443 0.25513 0.255427 0.251758 0.26799 0.269997 0.270346 -9999 -9999 -9999 -9999 -9999 -9999 -9999 -9999 -9999 -9999 -9999 -9999 -9999 -9999 -9999 -9999 -9999 -9999 -9999 -9999 -9999 -9999 -9999 -9999 -9999 -9999 -9999 -9999 -9999 -9999 -9999 -9999 -9999 -9999 -9999 -9999 -9999 -9999 -9999 -9999 -9999 -9999 -9999 -9999 -9999 -9999 -9999 -9999 -9999 -9999 -9999
0.188154 0.201169 0.209682 0.212728 0.215487 0.218775 0.222721 0.228435 0.231106 0.23316 0.237019 0.243069 0.248909 0.251141 0.246807 0.246087 0.247076 0.246521 0.249868 0.249055 0.250063 0.247685 0.252057 0.263173 0.26405 0.266586 -9999 -9999 -9999 -9999 -9999 -9999 -9999 -9999 -9999 -9999 -9999 -9999 -9999 -9999 -9999 -9999 -9999 -9999 -9999 -9999 -9999 -9999 -9999 -9999 -9999 -9999 -9999 -9999 -9999 -9999 -9999 -9999 -9999 -9999 -9999 -9999 -9999 -9999 -9999 -9999 -9999 -9999 -9999 -9999 -9999 -9999 -9999 -9999 -9999 -9999
0.192741 0.200121 0.2076 0.210475 0.213062 0.216344 0.221335 0.224873 0.227117 0.230413 0.234549 0.237508 0.241598 0.245662 0.245401 0.241752 0.244461 0.241966 0.242834 0.242799 0.245399 0.249513 0.250752 0.2607 0.261361 0.263199 -9999 -9999 -9999 -9999 -9999 -9999 -9999 -9999 -9999 -9999 -9999 -9999 -9999 -9999 -9999 -9999 -9999 -9999 -9999 -9999 -9999 -9999 -9999 -9999 -9999 -9999 -9999 -9999 -9999 -9999 -9999 -9999 -9999 -9999 -9999 -9999 -9999 -9999 -9999 -9999 -9999 -9999 -9999 -9999 -9999 -9999 -9999 -9999 -9999 -9999
0.191012 0.19261 0.205702 0.209103 0.211216 0.214484 0.21816 0.221241 0.224235 0.227178 0.230603 0.234004 0.237859 0.239088 0.237112 0.237873 0.239202 0.239411 0.238568 0.239516 0.239494 0.248849 0.251735 0.260771 0.262451 0.261212 0.262025 -9999 -9999 -9999 -9999 -9999 -9999 -9999 -9999 -9999 -9999 -9999 -9999 0.234426 -9999 -9999 -9999 -9999 -9999 -9999 -9999 -9999 -9999 -9999 -9999 -9999 -9999 -9999 -9999 -9999 -9999 -9999 -9999 -9999 0.149293 -9999 -9999 -9999 -9999 -9999 -9999 -9999 -9999 -9999 -9999 -9999 -9999 -9999 -9999 -9999
0.186865 0.189996 0.199528 0.207583 0.209652 0.213021 0.216522 0.219649 0.223181 0.225255 0.227764 0.231249 0.232733 0.232693 0.233071 0.233334 0.233738 0.234642 0.23585 0.237175 0.239537 0.242159 0.243816 0.245603 0.254307 0.255987 0.258989 0.261074 -9999 -9999 -9999 -9999 -9999 -9999 -9999 0.243762 0.242124 0.24002 0.23683 0.231797 0.230386 -9999 -9999 -9999 -9999 -9999 -9999 -9999 -9999 -9999 -9999 -9999 -9999 -9999 -9999 -9999 -9999 -9999 -9999 -9999 0.147284 0.145285 -9999 -9999 -9999 -9999 -9999 -9999 -9999 -9999 -9999 -9999 -9999 -9999 -9999 -9999
0.184464 0.188128 0.192324 0.205572 0.209068 0.212043 0.215167 0.218396 0.221534 0.223165 0.225989 0.227868 0.229338 0.228849 0.229302 0.230472 0.231746 0.232922 0.235093 0.235813 0.236422 0.238089 0.240708 0.243294 0.249787 0.254277 0.258613 0.261879 -9999 -9999 -9999 -9999 -9999 -9999 0.243384 0.239868 0.236944 0.237566 0.233076 0.228463 0.225891 0.211659 -9999 -9999 -9999 -9999 -9999 -9999 -9999 -9999 -9999 -9999 -9999 -9999 -9999 -9999 0.149673 0.149378 0.15195 0.150813 0.147834 0.145268 -9999 -9999 -9999 -9999 -9999 -9999 -9999 -9999 -9999 -9999 -9999 -9999 -9999 -9999
0.181823 0.186483 0.192033 0.200261 0.208191 0.211662 0.214857 0.217559 0.219781 0.222662 0.224421 0.227333 0.226152 0.22684 0.227884 0.23034 0.231711 0.235537 0.237512 0.23817 0.235511 0.237553 0.241703 0.246802 0.259057 0.255082 0.25615 0.258971 -9999 -9999 -9999 -9999 -9999 -9999 0.241618 0.238054 0.234602 0.232402 0.232707 0.226475 0.211758 0.209862 0.20624 0.20043 0.195451 0.190035 0.177541 0.173583 0.171435 0.167747 -9999 -9999 -9999 -9999 0.15584 0.153082 0.149953 0.147789 0.150921 0.151179 0.150351 0.137182 -9999 -9999 -9999 -9999 -9999 -9999 -9999 -9999 -9999 -9999 -9999 -9999 -9999 -9999
0.180102 0.186702 0.191771 0.200473 0.208254 0.207658 0.211228 0.214072 0.216297 0.218361 0.220539 0.221088 0.221616 0.222476 0.226252 0.230595 0.228839 0.236333 0.244971 0.237962 0.235631 0.237932 0.242976 0.248732 0.256178 0.252077 0.253991 0.252198 -9999 -9999 -9999 0.246109 0.242143 0.240868 0.238732 0.234343 0.230338 0.230899 0.227462 0.22158 0.211647 0.209466 0.207277 0.202108 0.193883 0.18871 0.176003 0.172039 0.169918 0.162669 0.159736 0.157479 0.155685 0.154126 0.15211 0.149545 0.146665 0.14433 0.150425 0.149283 0.146112 0.133696 -9999 -9999 -9999 -9999 -9999 -9999 -9999 -9999 -9999 -9999 -9999 -9999 -9999 -9999
0.178882 0.181558 0.188103 0.193292 0.201738 0.208404 0.212009 0.216095 0.217414 0.219127 0.220326 0.221258 0.222017 0.225083 0.229188 0.233268 0.23509 0.236283 0.239636 0.235559 0.233035 0.239254 0.236884 0.242039 0.242621 0.248157 0.250163 0.254349 -9999 -9999 0.252482 0.245901 0.240968 0.237887 0.23605 0.234509 0.229887 0.227443 0.221821 0.216564 0.209974 0.205169 0.206283 0.200597 0.188268 0.183761 0.176018 0.166228 0.163465 0.161511 0.159259 0.15774 0.156363 0.154896 0.15353 0.151025 0.148068 0.145224 0.145506 0.142636 0.133307 0.13147 -9999 -9999 -9999 -9999 -9999 -9999 -9999 -9999 -9999 -9999 -9999 -9999 -9999 -9999
0.173276 0.180414 0.186355 0.19411 0.203842 0.207407 0.213253 0.217196 0.220103 0.220635 0.221633 0.222158 0.222367 0.224968 0.227883 0.232486 0.235223 0.238669 0.239975 0.23498 0.233267 0.23338 0.233808 0.233299 0.239295 0.246279 0.24855 0.251656 0.254229 -9999 0.252065 0.248933 0.243335 0.238258 0.23443 0.23391 0.228837 0.225905 0.218885 0.216506 0.208427 0.198629 0.193892 0.189577 0.183118 0.180461 0.173755 0.169949 0.162862 0.160974 0.159494 0.158382 0.157355 0.156154 0.154625 0.152521 0.149766 0.146387 0.143986 0.136021 0.13422 0.132472 -9999 -9999 -9999 -9999 -9999 -9999 -9999 -9999 -9999 -9999 -9999 -9999 -9999 -9999
0.171938 0.179247 0.186335 0.19315 0.202207 0.208564 0.212921 0.218108 0.222646 0.224063 0.224522 0.223542 0.223366 0.223052 0.224145 0.229537 0.232398 0.231497 0.234726 0.233798 0.232363 0.228728 0.228799 0.231149 0.23396 0.241434 0.247078 0.249976 0.254765 0.25406 0.251024 0.24862 0.244757 0.238811 0.23406 0.230902 0.228289 0.222712 0.218783 0.210718 0.201569 0.196867 0.1928 0.18806 0.183536 0.178203 0.171923 0.168887 0.165713 0.160915 0.159812 0.159062 0.158379 0.157488 0.156187 0.154282 0.151496 0.147787 0.139646 0.136412 0.133704 0.128401 -9999 -9999 -9999 -9999 -9999 -9999 -9999 -9999 -9999 -9999 -9999 -9999 -9999 -9999
0.17367 0.181671 0.188868 0.195471 0.203678 0.209492 0.213693 0.218572 0.223981 0.22768 0.226626 0.225962 0.224731 0.223864 0.223067 0.225994 0.227287 0.228138 0.230936 0.226831 0.224776 0.22428 0.225016 0.229955 0.235153 0.244605 0.249938 0.250582 0.255671 0.253352 0.251486 0.246502 0.242727 0.240657 0.238557 0.231679 0.226986 0.219466 0.21375 0.210851 0.200662 0.196401 0.190528 0.185521 0.180837 0.180561 0.171522 0.168727 0.164341 0.16299 0.160064 0.159683 0.15933 0.158793 0.157733 0.155944 0.153183 0.147063 0.139199 0.134189 0.135954 0.12935 -9999 -9999 -9999 -9999 -9999 -9999 -9999 -9999 -9999 -9999 -9999 -9999 -9999 -9999
0.173815 0.18187 0.189925 0.197167 0.204515 0.210136 0.215029 0.219301 0.223292 0.227994 0.229264 0.228829 0.230185 0.226613 0.223091 0.221397 0.219945 0.222919 0.222355 0.218848 0.218669 0.221635 0.224281 0.227277 0.233429 0.241516 0.247813 0.252796 0.253651 0.249505 0.246309 0.241408 0.238982 0.239586 0.237125 0.230202 0.223778 0.218204 0.213862 0.210734 0.200228 0.196415 0.188601 0.18311 0.179302 0.175988 0.170579 0.166904 0.164755 0.161778 0.160805 0.160134 0.16012 0.159826 0.158971 0.157289 0.152053 0.147128 0.140955 0.133734 0.135382 0.131297 -9999 -9999 -9999 -9999 -9999 -9999 -9999 -9999 -9999 -9999 -9999 -9999 -9999 -9999
0.174991 0.183564 0.191071 0.196139 0.204664 0.210554 0.216175 0.220347 0.224235 0.228175 0.231111 0.232752 0.234118 0.23136 0.226085 0.222044 0.219813 0.221971 0.216841 0.216192 0.216747 0.220718 0.223986 0.226156 0.23223 0.240876 0.245459 0.251643 0.250304 0.248652 0.246079 0.241054 0.237234 0.234765 0.234043 0.229575 0.222492 0.218094 0.215025 0.209564 0.199814 0.196566 0.187642 0.181365 0.177222 0.172896 0.168195 0.165446 0.163116 0.161515 0.160707 0.160665 0.160632 0.160522 0.15977 0.157035 0.153398 0.148316 0.14195 0.134451 0.132326 0.13172 -9999 -9999 -9999 -9999 -9999 -9999 -9999 -9999 -9999 -9999 -9999 -9999 -9999 -9999
-9999 0.185164 0.191054 0.1951 0.204328 0.211122 0.215927 0.220457 0.224747 0.227695 0.23096 0.233969 0.238998 0.235914 0.23076 0.224002 0.21941 0.217714 0.215857 0.216621 0.221168 0.225539 0.226124 0.227417 0.232188 0.239904 0.2451 0.243714 0.242124 0.240175 0.239382 0.240162 0.236906 0.233422 0.232566 0.22759 0.221376 0.217907 0.213421 0.208451 0.198789 0.192585 0.186504 0.179333 0.17572 0.170905 0.166034 0.163934 0.1622 0.1611 0.160491 0.160575 0.160745 0.160627 0.1597 0.15738 0.153676 0.148536 0.142057 0.134428 0.126376 0.120416 0.114151 -9999 -9999 -9999 -9999 -9999 -9999 -9999 -9999 -9999 -9999 -9999 -9999 -9999
-9999 0.187123 0.194319 0.197426 0.206076 0.210438 0.21493 0.219512 0.224452 0.227072 0.231836 0.232905 0.237324 0.238571 0.234406 0.232936 0.224358 0.216673 0.214598 0.224197 0.227156 0.229503 0.228763 0.229293 0.231376 0.241648 0.244339 0.240287 0.238213 0.236761 0.235649 0.235255 0.235313 0.230276 0.227885 0.22359 0.219965 0.215189 0.21198 0.207649 0.19553 0.190512 0.184827 0.17767 0.174717 0.169161 0.164585 0.163054 0.161879 0.160308 0.160058 0.160152 0.159926 0.159993 0.159074 0.156631 0.152815 0.147628 0.141165 0.133497 0.124958 0.113646 0.106979 0 0 -9999 -9999 -9999 -9999 -9999 -9999 -9999 -9999 -9999 -9999 -9999
-9999 -9999 0.197911 0.198683 0.20545 0.210199 0.213354 0.21764 0.221266 0.22514 0.229811 0.232891 0.236811 0.24057 0.242551 0.231376 0.221321 0.21513 0.212339 0.220051 0.222627 0.222248 0.220093 0.222485 0.224925 0.233911 0.236393 0.239551 0.239716 0.236666 0.233659 0.231723 0.229613 0.22833 0.224797 0.221463 0.217466 0.212566 0.207609 0.20228 0.193183 0.185712 0.181097 0.175283 0.171117 0.16766 0.163254 0.162464 0.160559 0.15938 0.159156 0.157715 0.158372 0.15828 0.157219 0.155015 0.150827 0.145651 0.139218 0.131727 0.123321 0.11152 0.102317 0 0 0 -9999 -9999 -9999 -9999 -9999 -9999 -9999 -9999 -9999 -9999
-9999 -9999 0.199957 0.200304 0.206606 0.208331 0.212366 0.213802 0.217492 0.221085 0.22498 0.229071 0.231489 0.236065 0.240273 0.229241 0.220105 0.213531 0.211506 0.216268 0.213016 0.214244 0.213559 0.217338 0.219714 0.225399 0.22887 0.232702 0.23562 0.236111 0.231066 0.228478 0.225625 0.223177 0.220235 0.216671 0.21485 0.209846 0.207697 0.200104 0.189244 0.183574 0.178318 0.173457 0.169344 0.16599 0.16146 0.159705 0.159347 0.155828 0.154685 0.15546 0.155853 0.155574 0.154363 0.152024 0.148493 0.144569 0.136369 0.129126 0.121068 0.109586 0.100501 0 0 0 0 0 0 -9999 -9999 -9999 -9999 -9999 -9999 -9999
-9999 -9999 0.20824 0.204743 0.206711 0.208133 0.206952 0.210325 0.21337 0.217295 0.21976 0.222845 0.22483 0.227473 0.231585 0.232977 0.224683 0.212155 0.209174 0.206462 0.205688 0.207226 0.209088 0.209853 0.210704 0.217559 0.219644 0.225344 0.224393 0.227654 0.224101 0.224075 0.224195 0.217596 0.215384 0.212569 0.210717 0.211181 0.205945 0.201089 0.189122 0.185255 0.178483 0.172423 0.167814 0.164422 0.159882 0.154405 0.153979 0.151307 0.151875 0.15239 0.15252 0.15198 0.150564 0.148152 0.14461 0.139921 0.135281 0.128688 0.118252 0.107216 0 0 0 0 0 0 0 0 -9999 -9999 -9999 -9999 -9999 -9999
-9999 -9999 0.206259 0.207193 0.205676 0.203448 0.203901 0.206932 0.208673 0.211259 0.213779 0.216597 0.219159 0.221321 0.224845 0.226677 0.219769 0.212234 0.205518 0.20067 0.20302 0.202687 0.203176 0.20051 0.202234 0.207756 0.211369 0.211623 0.215598 0.220338 0.215985 0.215824 0.216324 0.212352 0.21034 0.211472 0.210932 0.207058 0.203608 0.200605 0.189884 0.185072 0.178916 0.171045 0.163337 0.16013 0.153891 0.152387 0.148215 0.148225 0.148475 0.148633 0.148451 0.147631 0.146006 0.143513 0.140002 0.135507 0.130165 0.124956 0.118003 0.107332 0 0 0 0 0 0 0 0 0 -9999 -9999 -9999 -9999 -9999
-9999 -9999 0.198858 0.207044 0.205685 0.200509 0.200191 0.201988 0.203563 0.205699 0.208385 0.210049 0.211646 0.213656 0.214234 0.216009 0.218987 0.208965 0.206222 0.201102 0.195103 0.192254 0.192411 0.194175 0.20454 0.204382 0.199844 0.204396 0.206879 0.209825 0.207629 0.207871 0.207481 0.206374 0.207782 0.209801 0.210209 0.203468 0.199756 0.197362 0.190452 0.177261 0.169793 0.164636 0.162909 0.161358 0.152382 0.146305 0.145293 0.144782 0.144503 0.14434 0.143763 0.14271 0.140935 0.138343 0.134914 0.130632 0.125591 0.11988 0.114384 0.104256 0 0 0 0 0 0 0 0 0 0 -9999 -9999 -9999 -9999
-9999 -9999 -9999 0.202733 0.195763 0.192743 0.192639 0.193538 0.195129 0.197284 0.199335 0.200695 0.201672 0.202969 0.204322 0.20692 0.208276 0.204484 0.201719 0.198801 0.196233 0.191058 0.189523 0.192407 0.203313 0.19407 0.191644 0.193147 0.19486 0.19637 0.200301 0.200756 0.201067 0.202195 0.207597 0.2033 0.202714 0.198426 0.195641 0.191478 0.181665 0.173532 0.167631 0.163095 0.162734 0.155877 0.145473 0.142734 0.14214 0.140732 0.140119 0.139543 0.138678 0.137387 0.135446 0.132818 0.129481 0.124329 0.119406 0.113872 0.108547 0 0 0 0 0 0 0 0 0 0 0 0 -9999 -9999 -9999
-9999 -9999 -9999 0.197631 0.19332 0.18828 0.188946 0.189149 0.189189 0.191029 0.19335 0.194949 0.195952 0.196562 0.198803 0.200663 0.20225 0.201838 0.19995 0.198917 0.195504 0.188969 0.187841 0.188833 0.192452 0.195177 0.19114 0.188001 0.188673 0.189842 0.195197 0.194059 0.19603 0.198288 0.197267 0.196217 0.1964 0.191229 0.189843 0.184836 0.178046 0.171777 0.166763 0.160809 0.160252 0.153821 0.143129 0.13986 0.138728 0.136006 0.134578 0.133549 0.132384 0.130808 0.128714 0.125982 0.122652 0.118703 0.114185 0.109222 0.103982 0 0 0 0 0 0 0 0 0 0 0 0 -9999 -9999 -9999
-9999 -9999 -9999 0.193199 0.190781 0.186097 0.183172 0.185382 0.184653 0.184801 0.18708 0.188968 0.190376 0.190563 0.193369 0.196288 0.198338 0.200976 0.199358 0.195874 0.190826 0.186546 0.185881 0.187084 0.187323 0.186257 0.183468 0.182345 0.182443 0.183308 0.184517 0.184851 0.186022 0.185535 0.186372 0.188231 0.18707 0.182824 0.183928 0.18008 0.174874 0.169571 0.162881 0.15803 0.158423 0.14359 0.138402 0.135152 0.132419 0.130626 0.129298 0.12775 0.126377 0.124636 0.122472 0.119832 0.116663 0.11305 0.108959 0.104788 0.100471 0 0 0 0 0 0 0 0 0 0 0 0 -9999 -9999 -9999
-9999 -9999 -9999 0.188747 0.186241 0.181982 0.180179 0.181522 0.180092 0.178618 0.179856 0.181756 0.18228 0.183479 0.185974 0.188594 0.191425 0.192371 0.195705 0.191082 0.187428 0.183821 0.182267 0.181636 0.182919 0.180768 0.178759 0.17818 0.176138 0.176292 0.176927 0.179736 0.180461 0.178474 0.177402 0.176428 0.17682 0.17412 0.172969 0.170602 0.168172 0.163884 0.15888 0.15549 0.146658 0.136291 0.132531 0.129642 0.127104 0.125458 0.123698 0.121753 0.120149 0.118308 0.116148 0.113584 0.110662 0.107455 0.103851 0.100555 0 0 0 0 0 0 0 0 0 0 0 0 0 0 0 -9999
-9999 -9999 -9999 0.186221 0.182745 0.178885 0.178267 0.179467 0.175081 0.172625 0.173364 0.174458 0.175366 0.178821 0.17827 0.178497 0.181226 0.185446 0.190188 0.18926 0.185301 0.181145 0.179673 0.180259 0.181577 0.180383 0.176906 0.173814 0.170533 0.169555 0.170159 0.174636 0.179117 0.175323 0.171007 0.169056 0.16758 0.16779 0.165961 0.163937 0.16307 0.157552 0.15638 0.152377 0.135331 0.131654 0.127607 0.124122 0.122939 0.120983 0.117964 0.115538 0.113804 0.111898 0.109731 0.107322 0.104635 0.101907 0 0 0 0 0 0 0 0 0 0 0 0 0 0 0 0 0 0
-9999 -9999 -9999 0.184567 0.182029 0.177854 0.176904 0.174443 0.169989 0.168088 0.167362 0.16773 0.168386 0.169953 0.170735 0.172349 0.175431 0.179755 0.184626 0.187733 0.185804 0.179639 0.171057 0.178003 0.179658 0.176846 0.17288 0.167127 0.163684 0.162861 0.162594 0.162895 0.165864 0.169399 0.167872 0.163705 0.163698 0.163807 0.160135 0.157859 0.157234 0.156055 0.150486 0.141527 0.131332 0.127927 0.123494 0.118248 0.115848 0.114108 0.111031 0.109212 0.107373 0.105402 0.103323 0.101059 0 0 0 0 0 0 0 0 0 0 0 0 0 0 0 0 0 0 0 0
-9999 -9999 -9999 0.184209 0.180371 0.176001 0.171876 0.167914 0.164489 0.164652 0.162886 0.163125 0.16214 0.162487 0.163923 0.165411 0.168213 0.174065 0.178958 0.184325 0.182738 0.176513 0.171624 0.173736 0.178146 0.172568 0.166474 0.16089 0.157594 0.159134 0.156199 0.155522 0.155985 0.15763 0.16066 0.158986 0.160517 0.158695 0.154865 0.152048 0.149962 0.148596 0.142158 0.135548 0.125975 0.123065 0.118685 0.113977 0.109465 0.107045 0.104659 0.102754 0.100867 0 0 0 0 0 0 0 0 0 0 0 0 0 0 0 0 0 0 0 0 0 0 0
-9999 -9999 -9999 -9999 0.176989 0.171915 0.168204 0.167386 0.164036 0.16229 0.160948 0.16074 0.156584 0.156431 0.157437 0.158952 0.161497 0.166073 0.169239 0.174498 0.178242 0.170496 0.171475 0.169443 0.169203 0.16626 0.16017 0.153825 0.152447 0.155203 0.153802 0.152108 0.149396 0.149097 0.153847 0.15549 0.156457 0.152914 0.149113 0.146594 0.144301 0.142348 0.130275 0.123675 0.11839 0.113837 0.110827 0.106732 0.103192 0.100652 0 0 0 0 0 0 0 0 0 0 0 0 0 0 0 0 0 0 0 0 0 0 0 0 0 0
-9999 -9999 -9999 -9999 0.174993 0.168549 0.167056 0.166991 0.168933 0.167867 0.160085 0.158538 0.154528 0.150791 0.151246 0.152884 0.155438 0.158334 0.162681 0.168712 0.173444 0.171443 0.166415 0.159919 0.158104 0.155659 0.151456 0.149889 0.152568 0.155001 0.15208 0.149905 0.144453 0.14256 0.142259 0.144636 0.147408 0.148043 0.143779 0.141546 0.139315 0.137032 0.129593 0.116944 0.111936 0.107546 0.103701 0.100451 0 0 0 0 0 0 0 0 0 0 0 0 0 0 0 0 0 0 0 0 0 0 0 0 0 0 0 0
-9999 -9999 -9999 -9999 -9999 -9999 -9999 -9999 -9999 0.162817 0.16091 0.155089 0.150421 0.145193 0.145486 0.147074 0.148895 0.153246 0.157937 0.158876 0.157305 0.164852 0.16054 0.154646 0.151161 0.14924 0.147073 0.147428 0.149366 0.152492 0.149174 0.143727 0.138042 0.137042 0.135855 0.136634 0.138138 0.142828 0.138661 0.136762 0.134394 0.132186 0.119504 0.111873 0.106431 0.103357 0 0 0 0 0 0 0 0 0 0 0 0 0 0 0 0 0 0 0 0 0 0 0 0 0 0 0 0 0 0
-9999 -9999 -9999 -9999 -9999 -9999 -9999 -9999 -9999 0.162849 0.162864 0.150422 0.145273 0.140689 0.140306 0.142129 0.144441 0.147105 0.150026 0.153924 0.156454 0.160155 0.154294 0.150299 0.147797 0.146792 0.147832 0.14669 0.148687 0.149562 0.143781 0.138393 0.133303 0.131589 0.130976 0.130391 0.134596 0.13762 0.135474 0.133163 0.129823 0.12364 0.115191 0.111219 0.101185 0 0 0 0 0 0 0 0 0 0 0 0 0 0 0 0 0 0 0 0 0 0 0 0 0 0 0 0 0 0 0
-9999 -9999 -9999 -9999 -9999 -9999 -9999 -9999 -9999 -9999 0.160557 0.149139 0.141682 0.136349 0.135314 0.136688 0.138668 0.141347 0.144587 0.146874 0.148997 0.154389 0.153462 0.1515 0.147063 0.145518 0.147861 0.148219 0.146269 0.143554 0.138917 0.133145 0.128554 0.126672 0.129643 0.125931 0.125973 0.12823 0.129323 0.129365 0.125886 0.113604 0.111295 0.106999 0 0 0 0 0 0 0 0 0 0 0 0 0 0 0 0 0 0 0 0 0 0 0 0 0 0 0 0 0 0 0 0
-9999 -9999 -9999 -9999 -9999 -9999 -9999 -9999 -9999 -9999 0.153886 0.147398 0.137826 0.133093 0.130648 0.131702 0.13359 0.135431 0.138079 0.137973 0.143615 -9999 -9999 -9999 -9999 -9999 -9999 0.147548 0.138988 0.132956 0.130348 0.12697 0.123369 0.12202 0.124411 0.126945 0.122297 0.122236 0.122242 0.122893 0.116764 0.111591 0.107378 0.101807 0 0 0 0 0 0 0 0 0 0 0 0 0 0 0 0 0 0 0 0 0 0 0 0 0 0 0 0 0 0 0 0
