Test_Spring_2018/11_17/Prec/20171111_017.txt
ncols	170
nrows	115
xllcorner	350000.000000
yllcorner	4445000.000000
cellsize	1000.000000
nodata_value	-9999.000000
[rows 32 to 63 of 115, columns 72 to 143 of 170]
1.44136 1.45274 1.48285 1.51327 1.6096 1.66063 1.72981 1.75192 1.76761 1.77478 1.78876 1.80124 1.81432 1.81282 1.7807 1.75241 1.78752 1.80079 1.79837 1.83945 1.8391 1.81624 1.77876 1.82521 1.83584 1.86648 1.8754 -9999 -9999 -9999 -9999 -9999 -9999 -9999 -9999 -9999 -9999 -9999 -9999 -9999 -9999 -9999 -9999 -9999 -9999 -9999 -9999 -9999 -9999 -9999 -9999 -9999 -9999 -9999 -9999 -9999 -9999 -9999 -9999 -9999 -9999 -9999 -9999 -9999 -9999 -9999 -9999 -9999 -9999 -9999 -9999 -9999
1.4262 1.44144 1.47649 1.49652 1.56544 1.6596 1.72142 1.74486 1.76324 1.77703 1.79037 1.80218 1.80495 1.80098 1.77556 1.74174 1.74419 1.7805 1.79503 1.81267 1.81399 1.81275 1.80299 1.84162 1.86795 1.86653 1.89845 1.93052 -9999 -9999 -9999 -9999 -9999 -9999 -9999 -9999 -9999 -9999 -9999 -9999 -9999 -9999 -9999 -9999 -9999 -9999 -9999 -9999 -9999 -9999 -9999 -9999 -9999 -9999 -9999 -9999 -9999 -9999 -9999 -9999 -9999 -9999 -9999 -9999 -9999 -9999 -9999 -9999 -9999 -9999 -9999 -9999
1.40811 1.4113 1.44028 1.46779 1.58434 1.67258 1.6965 1.73638 1.75554 1.77366 1.78346 1.79367 1.7986 1.79514 1.78332 1.76581 1.72514 1.77182 1.8116 1.82519 1.83872 1.8428 1.83431 1.8727 1.89176 1.88849 1.95094 1.94355 1.9481 -9999 -9999 -9999 -9999 -9999 -9999 -9999 -9999 -9999 -9999 -9999 -9999 -9999 -9999 -9999 -9999 -9999 -9999 -9999 -9999 -9999 -9999 -9999 -9999 -9999 -9999 -9999 -9999 -9999 -9999 -9999 -9999 -9999 -9999 -9999 -9999 -9999 -9999 -9999 -9999 -9999 -9999 -9999
1.38747 1.38782 1.41737 1.45095 1.52967 1.63026 1.6952 1.72201 1.74779 1.76592 1.77524 1.76737 1.77911 1.79237 1.7892 1.76718 1.74514 1.74944 1.80308 1.82897 1.84194 1.86694 1.86267 1.89047 1.90473 1.91805 1.93793 1.96837 1.96861 1.95503 -9999 -9999 -9999 -9999 -9999 -9999 -9999 -9999 -9999 -9999 -9999 -9999 -9999 -9999 -9999 -9999 -9999 -9999 -9999 -9999 -9999 -9999 -9999 -9999 -9999 -9999 -9999 -9999 -9999 -9999 -9999 -9999 -9999 -9999 -9999 -9999 -9999 -9999 -9999 -9999 -9999 -9999
-9999 -9999 1.38869 1.4665 1.52653 1.61123 1.68451 1.7137 1.74131 1.75951 1.7605 1.76847 1.78256 1.7854 1.77922 1.77999 1.77076 1.76094 1.78369 1.83227 1.83278 1.87335 1.8888 1.91152 1.91442 1.94252 1.92299 1.96207 1.9641 1.95574 -9999 -9999 -9999 -9999 -9999 -9999 -9999 -9999 -9999 -9999 -9999 -9999 -9999 -9999 -9999 -9999 -9999 -9999 -9999 -9999 -9999 -9999 -9999 -9999 -9999 -9999 -9999 -9999 -9999 -9999 -9999 -9999 -9999 -9999 -9999 -9999 -9999 -9999 -9999 -9999 -9999 -9999
-9999 -9999 -9999 1.45715 1.51366 1.562 1.67442 1.70167 1.73422 1.75319 1.76423 1.77522 1.78276 1.7872 1.78526 1.78155 1.77319 1.78429 1.81977 1.83481 1.84616 1.86674 1.896 1.91213 1.91423 1.922 1.9184 1.9387 1.93355 1.94896 1.947 -9999 -9999 -9999 -9999 -9999 -9999 -9999 -9999 -9999 -9999 -9999 -9999 2.0402 -9999 -9999 -9999 -9999 -9999 -9999 -9999 -9999 -9999 -9999 -9999 -9999 -9999 -9999 -9999 -9999 -9999 -9999 -9999 -9999 1.80363 -9999 -9999 -9999 -9999 -9999 -9999 -9999
-9999 -9999 1.38521 1.48219 1.52064 1.56201 1.62923 1.69422 1.72922 1.74866 1.76147 1.77184 1.77445 1.78427 1.78783 1.78197 1.79027 1.80991 1.82671 1.84519 1.86363 1.87933 1.8937 1.90789 1.94935 1.95006 1.95712 1.9373 1.97623 1.97015 1.95209 1.93912 -9999 -9999 -9999 -9999 -9999 -9999 -9999 2.03038 2.02854 2.02758 2.03211 2.0479 2.03353 -9999 -9999 -9999 -9999 -9999 -9999 -9999 -9999 -9999 -9999 -9999 -9999 -9999 -9999 -9999 -9999 -9999 -9999 -9999 1.82256 1.78628 -9999 -9999 -9999 -9999 -9999 -9999
-9999 -9999 1.43442 1.47903 1.51608 1.5592 1.59515 1.69439 1.72133 1.74553 1.76198 1.77146 1.77621 1.78797 1.78735 1.79179 1.79836 1.81981 1.83484 1.84568 1.85725 1.87111 1.87879 1.89856 1.95137 1.96102 1.96236 1.96243 1.9944 1.96802 1.94072 1.91951 -9999 -9999 -9999 -9999 -9999 -9999 2.03563 2.05096 2.05915 2.03751 2.05176 2.06395 2.05773 2.02807 -9999 -9999 -9999 -9999 -9999 -9999 -9999 -9999 -9999 -9999 -9999 -9999 -9999 -9999 1.97919 1.94636 1.88697 1.85084 1.8238 1.78902 -9999 -9999 -9999 -9999 -9999 -9999
-9999 -9999 1.42095 1.47102 1.51534 1.55767 1.58952 1.65787 1.72041 1.74305 1.76001 1.77349 1.78428 1.7849 1.79028 1.78454 1.80897 1.8194 1.82829 1.82822 1.83851 1.83224 1.84197 1.89435 1.9392 1.94786 1.93946 1.92225 1.93685 1.95017 1.94895 1.93218 -9999 -9999 -9999 -9999 -9999 -9999 2.04429 2.06017 2.07235 2.07188 2.04906 2.07267 2.05839 2.03673 2.0267 2.03268 2.03258 2.03842 2.02942 2.02718 2.0145 2.01671 -9999 -9999 -9999 -9999 1.99897 1.99441 1.98855 1.9703 1.90609 1.85783 1.81194 1.77573 -9999 -9999 -9999 -9999 -9999 -9999
-9999 -9999 1.42314 1.46916 1.50977 1.5449 1.58739 1.65516 1.71698 1.72539 1.7423 1.7567 1.76843 1.775 1.77558 1.78494 1.79235 1.79664 1.77942 1.75958 1.78855 1.80948 1.81181 1.87747 1.92165 1.93039 1.91731 1.89725 1.94579 1.96456 1.95838 1.92158 -9999 -9999 -9999 1.98196 2.00867 2.01163 2.01769 2.03733 2.05048 2.0819 2.08661 2.09079 2.05884 2.0369 2.01351 2.01227 2.03476 2.03548 2.03491 2.03298 2.0211 2.00067 2.00569 2.00714 2.0052 2.00003 1.99534 1.99046 1.98251 1.9642 1.92353 1.88421 1.85334 1.77246 -9999 -9999 -9999 -9999 -9999 -9999
-9999 -9999 1.39835 1.44431 1.48872 1.53753 1.57307 1.61337 1.67012 1.72559 1.74463 1.75075 1.76935 1.77745 1.78341 1.78707 1.78955 1.77376 1.75091 1.73038 1.73004 1.77018 1.76724 1.81243 1.85723 1.90814 1.89197 1.87832 1.8987 1.9456 1.92632 1.90635 -9999 -9999 1.9414 1.99235 2.02714 2.04395 2.04721 2.0441 2.06034 2.05612 2.07248 2.06725 2.01513 2.01058 2.01716 2.01719 1.99568 1.99289 2.01537 2.01386 2.01321 2.01078 2.01392 2.01333 2.01176 2.0091 2.00203 1.99837 1.99161 1.97666 1.9302 1.9001 1.85121 1.75912 -9999 -9999 -9999 -9999 -9999 -9999
-9999 -9999 1.38819 1.43633 1.4859 1.5251 1.57006 1.61564 1.6656 1.70312 1.74724 1.75582 1.76245 1.77848 1.78388 1.78776 1.79101 1.77517 1.75791 1.73033 1.72057 1.73758 1.74979 1.75591 1.79153 1.81646 1.84163 1.87583 1.92184 1.95621 1.95533 1.93108 1.92388 -9999 1.95598 1.9821 2.02267 2.05466 2.07235 2.06006 2.07778 2.07489 2.087 2.07088 2.03023 1.99035 1.98084 1.9711 1.9816 2.0086 2.02268 2.02301 2.01702 2.01709 2.01792 2.01805 2.01758 2.01626 2.01308 2.00804 2.00031 1.98877 1.96089 1.91755 1.86331 1.76625 -9999 -9999 -9999 -9999 -9999 -9999
-9999 1.28292 1.37926 1.43733 1.48469 1.52971 1.57293 1.61292 1.66897 1.71148 1.73555 1.76448 1.75901 1.76742 1.77499 1.78751 1.79031 1.79296 1.78595 1.74908 1.75691 1.74336 1.73378 1.75359 1.78754 1.84239 1.87256 1.88813 1.90195 1.93397 1.96759 1.96232 1.92891 1.94638 1.97773 1.99976 2.02783 2.06631 2.09012 2.09628 2.09309 2.09903 2.09505 2.05349 2.0192 2.00346 1.9855 1.97651 1.97075 1.97675 1.99168 2.02287 2.02574 2.02036 2.02196 2.02321 2.02389 2.02352 2.02118 2.0162 2.00914 1.99936 1.97679 1.93765 1.85011 1.777 -9999 -9999 -9999 -9999 -9999 -9999
-9999 -9999 1.36726 1.41728 1.46193 1.50781 1.55634 1.60394 1.66978 1.70072 1.7321 1.75862 1.76476 1.75523 1.7727 1.78034 1.78806 1.79147 1.79534 1.76705 1.75951 1.76045 1.75237 1.79616 1.83499 1.86708 1.89426 1.89306 1.89241 1.91017 1.9006 1.92459 1.94023 1.96397 1.98851 2.03158 2.05961 2.06839 2.071 2.10376 2.10871 2.08773 2.08445 2.05694 2.02883 2.00583 1.9985 1.98934 1.98353 1.95078 1.98747 1.9884 2.00842 2.02827 2.02648 2.02859 2.03024 2.0302 2.02828 2.02375 2.01675 2.00035 1.97685 1.94313 1.8493 1.78169 -9999 -9999 -9999 -9999 -9999 -9999
-9999 -9999 -9999 -9999 1.45287 1.50291 1.54958 1.59702 1.67214 1.70838 1.7377 1.75822 1.7668 1.7659 1.76461 1.76863 1.75416 1.76744 1.79238 1.80022 1.81044 1.79259 1.80352 1.84679 1.87118 1.87767 1.89198 1.90808 1.90346 1.93275 1.91965 1.91446 1.93702 1.99237 2.04041 2.08412 2.1024 2.09056 2.09489 2.10151 2.11113 2.10747 2.08965 2.05989 2.0324 2.00264 2.00751 2.00033 1.98706 1.97753 1.98761 1.99714 2.00268 2.02086 2.02826 2.0338 2.03579 2.03633 2.03461 2.03018 2.01497 2.00096 1.98357 1.96299 1.86585 1.77544 -9999 -9999 -9999 -9999 -9999 -9999
-9999 -9999 -9999 -9999 1.43732 1.48591 1.53948 1.60636 1.67438 1.71123 1.73741 1.76063 1.77132 1.76698 1.75839 1.74555 1.72865 1.74005 1.77017 1.79302 1.80638 1.79226 1.83632 1.8566 1.87489 1.87403 1.8847 1.90895 1.90746 1.93386 1.93701 1.92599 1.96839 2.00746 2.04613 2.09621 2.12547 2.13276 2.1158 2.11697 2.12876 2.11293 2.08208 2.06687 2.03203 1.99553 2.00711 2.00492 1.99397 1.99266 1.99853 2.00296 2.01226 2.0226 2.0314 2.0363 2.03981 2.04055 2.03909 2.03147 2.0207 2.00626 1.98808 1.96691 1.89549 1.7761 -9999 -9999 -9999 -9999 -9999 -9999
-9999 -9999 -9999 -9999 -9999 1.46827 1.53456 1.60996 1.67333 1.70453 1.73823 1.76001 1.76873 1.7727 1.76019 1.73756 1.69239 1.70499 1.73243 1.77389 1.80305 1.81614 1.83377 1.84197 1.82908 1.82496 1.85645 1.88838 1.89836 1.93318 1.93401 1.98304 2.0297 2.07309 2.09977 2.10511 2.13079 2.14662 2.13005 2.13343 2.13656 2.11139 2.08908 2.06804 2.03139 2.01614 2.00537 2.00984 1.99527 1.99862 2.00702 2.00832 2.0151 2.02365 2.03284 2.03836 2.04184 2.04312 2.04048 2.0342 2.02319 2.00807 1.98941 1.96776 1.93999 1.86027 1.80678 -9999 -9999 -9999 -9999 -9999
-9999 -9999 -9999 -9999 -9999 1.44609 1.50048 1.58149 1.64866 1.698 1.73418 1.75602 1.76052 1.76355 1.74408 1.73691 1.69375 1.67897 1.69818 1.69831 1.75641 1.81355 1.83157 1.77125 1.76942 1.78 1.82123 1.85902 1.88986 1.90637 1.92749 1.99818 2.0499 2.09072 2.12076 2.1318 2.13364 2.15938 2.15677 2.15405 2.13642 2.12012 2.08711 2.06047 2.04202 2.01783 2.00447 2.00958 1.99103 2.00129 2.00858 2.00711 2.01111 2.02453 2.03193 2.03794 2.04038 2.04175 2.03876 2.03238 2.02163 2.00641 1.98733 1.96594 1.9421 1.90363 1.85408 1.82087 1.80662 -9999 -9999 -9999
-9999 -9999 -9999 -9999 -9999 -9999 1.45967 1.55479 1.63436 1.67882 1.72401 1.7477 1.75896 1.75833 1.73775 1.71664 1.67864 1.6343 1.62409 1.69798 1.76681 1.81173 1.83436 1.78728 1.78719 1.81739 1.86835 1.89106 1.91844 1.94549 1.96826 1.98429 2.01925 2.06979 2.10246 2.13363 2.15184 2.14888 2.14879 2.14843 2.13363 2.11846 2.09916 2.08075 2.03954 2.03543 2.01543 2.01189 2.00416 1.99998 2.00687 2.00094 2.01133 2.02221 2.02941 2.03027 2.03495 2.03629 2.03322 2.02536 2.01584 2.00074 1.98225 1.96089 1.93794 1.90531 1.87797 1.83945 1.79717 1.75133 -9999 -9999
-9999 -9999 -9999 -9999 -9999 -9999 1.42676 1.51965 1.59963 1.66376 1.71381 1.73756 1.75219 1.75424 1.74084 1.71385 1.68944 1.64114 1.59135 1.67358 1.75871 1.80635 1.82589 1.79734 1.84039 1.8569 1.89505 1.90548 1.93154 1.984 1.99817 2.00814 2.0156 2.01619 2.08246 2.11782 2.14136 2.14741 2.14342 2.13203 2.12919 2.108 2.06899 2.06973 2.04295 2.0277 2.01503 2.00648 2.00034 1.99702 2.00536 2.00754 2.00637 2.01243 2.01392 2.02103 2.02551 2.02632 2.02287 2.01513 2.00314 1.99676 1.97393 1.95335 1.93117 1.89967 1.87607 1.85254 1.82711 1.77403 1.73606 1.70289
-9999 -9999 -9999 -9999 -9999 -9999 1.34315 1.45848 1.58301 1.64482 1.69215 1.71966 1.73815 1.73779 1.73644 1.71913 1.70064 1.67001 1.62396 1.59746 1.66904 1.75679 1.82117 1.84938 1.87238 1.88488 1.90161 1.93259 1.96762 2.01091 2.02047 2.01741 2.0192 2.02937 2.08225 2.09681 2.09723 2.13526 2.12693 2.11181 2.08029 2.06699 2.05441 2.02791 2.01132 1.98579 1.98778 1.99108 1.99094 1.98956 1.99803 1.99001 1.99537 1.99477 2.00229 2.00826 2.01183 2.01218 2.00861 2.0007 1.98911 1.97454 1.96884 1.94986 1.92242 1.8923 1.87036 1.84861 1.82805 1.8044 1.77993 1.73819
-9999 -9999 -9999 -9999 -9999 -9999 1.34471 1.46782 1.55454 1.61129 1.66707 1.69411 1.7208 1.73026 1.72938 1.71608 1.69601 1.67235 1.63427 1.60777 1.64915 1.72605 1.77682 1.81986 1.86463 1.88964 1.9145 1.9424 1.9709 2.02811 2.03967 2.02051 2.02767 2.02316 2.07946 2.09333 2.09027 2.10887 2.10073 2.05825 2.0202 2.00172 2.02698 1.99879 1.97174 1.95301 1.95387 1.97393 1.94754 1.94912 1.97223 1.97805 1.97364 1.98071 1.98704 1.99209 1.99473 1.99459 1.99097 1.98322 1.97224 1.9583 1.94153 1.9378 1.91839 1.88902 1.86293 1.84325 1.82447 1.8061 1.77996 1.75451
-9999 -9999 -9999 -9999 -9999 -9999 1.31867 1.43623 1.51503 1.58608 1.64274 1.67547 1.70112 1.71313 1.7115 1.7087 1.69867 1.67954 1.66752 1.64502 1.61436 1.68575 1.73664 1.78339 1.80549 1.8483 1.87585 1.89795 1.97065 2.00683 2.01233 2.01348 2.02749 2.03271 2.06953 2.0784 2.08146 2.07898 2.04681 2.00071 1.95946 1.96739 1.94937 1.97567 1.92247 1.92005 1.93123 1.93188 1.9196 1.90951 1.95147 1.947 1.95503 1.96252 1.96901 1.97269 1.97496 1.97405 1.97016 1.96306 1.95275 1.93987 1.92472 1.90802 1.9062 1.87861 1.8598 1.83256 1.8149 1.79491 1.78084 1.75364
-9999 -9999 -9999 -9999 -9999 -9999 -9999 1.38076 1.46981 1.55162 1.60544 1.64459 1.67041 1.68319 1.68784 1.6892 1.68595 1.67429 1.65825 1.631 1.61377 1.63841 1.69079 1.72406 1.75655 1.81556 1.85332 1.86321 1.88094 1.91417 1.96763 1.99064 2.00919 2.02408 2.04513 2.05035 2.04743 2.02872 1.96832 1.93805 1.9053 1.89564 1.87176 1.91695 1.8857 1.9012 1.90457 1.9036 1.87761 1.89203 1.90634 1.92031 1.92275 1.93413 1.94803 1.95113 1.95243 1.95106 1.94734 1.9408 1.9315 1.91529 1.90101 1.88537 1.8859 1.85951 1.84013 1.82211 1.80372 1.79278 1.78028 1.74325
-9999 -9999 -9999 -9999 -9999 -9999 -9999 1.35345 1.44139 1.53124 1.57294 1.6124 1.64646 1.65961 1.6617 1.66217 1.66086 1.65752 1.63836 1.62055 1.60518 1.60713 1.62398 1.67796 1.71665 1.78461 1.81675 1.83749 1.8323 1.83974 1.89983 1.95251 1.97363 1.98648 1.96119 1.97754 1.96157 1.93441 1.92359 1.90535 1.87156 1.87413 1.84543 1.84375 1.85651 1.86253 1.86303 1.87571 1.85297 1.86195 1.87468 1.89048 1.89394 1.91171 1.91991 1.92333 1.92413 1.92276 1.91886 1.91269 1.90386 1.89293 1.88031 1.86612 1.85032 1.84843 1.79721 1.78265 1.7764 1.77087 1.75327 1.73818
-9999 -9999 -9999 -9999 -9999 -9999 -9999 1.34773 1.41335 1.49331 1.55608 1.57514 1.61125 1.63489 1.63634 1.63504 1.63229 1.63472 1.61444 1.59197 1.57633 1.55787 1.57467 1.60954 1.70202 1.75158 1.77787 1.7937 1.80649 1.83784 1.88311 1.91504 1.93544 1.94618 1.94903 1.95208 1.94156 1.9362 1.91361 1.87687 1.85793 1.85871 1.8166 1.81154 1.81764 1.82295 1.83973 1.84657 1.81807 1.8319 1.85591 1.86942 1.88216 1.88951 1.89351 1.89774 1.89764 1.89601 1.89235 1.88653 1.87888 1.8691 1.85809 1.84368 1.82736 1.7898 1.77586 1.76532 1.76517 1.7645 1.7343 1.73137
-9999 -9999 -9999 -9999 -9999 -9999 -9999 1.34183 1.40057 1.47035 1.51844 1.53896 1.57642 1.60972 1.61776 1.61633 1.6214 1.61817 1.60289 1.58564 1.56693 1.56382 1.54476 1.58923 1.67338 1.71675 1.74771 1.76441 1.77193 1.80701 1.84142 1.86423 1.89619 1.90825 1.9123 1.89458 1.88689 1.89383 1.88799 1.87621 1.84975 1.84362 1.82374 1.81238 1.80192 1.80605 1.81312 1.81102 1.7986 1.82928 1.84128 1.85001 1.85858 1.86179 1.86605 1.87061 1.87027 1.86839 1.86483 1.85983 1.85298 1.84395 1.83408 1.81869 1.7984 1.76907 1.73763 1.74881 1.76158 1.74729 1.72476 1.72186
-9999 -9999 -9999 -9999 -9999 -9999 -9999 1.32113 1.38011 1.44019 1.47328 1.48978 1.54567 1.58354 1.5937 1.59793 1.60071 1.58182 1.59189 1.59533 1.57989 1.55407 1.52595 1.54315 1.60311 1.67811 1.70663 1.70793 1.71173 1.73545 1.7766 1.81399 1.8511 1.86804 1.86948 1.83732 1.80057 1.82207 1.84297 1.84174 1.83338 1.80952 1.79936 1.78981 1.77146 1.73789 1.7715 1.77585 1.79542 1.80265 1.81567 1.827 1.8228 1.82567 1.83689 1.8429 1.84203 1.84006 1.83709 1.83263 1.82684 1.81808 1.8084 1.79642 1.76158 1.73674 1.69853 1.7342 1.74131 1.70713 1.7158 1.71391
-9999 -9999 -9999 -9999 -9999 -9999 -9999 1.29378 1.33886 1.39497 1.4248 1.46411 1.5164 1.54697 1.56633 1.57525 1.58017 1.57675 1.57841 1.5734 1.55746 1.53281 1.50521 1.49253 1.51988 1.62793 1.64276 1.65631 1.65452 1.68695 1.72784 1.78143 1.81592 1.82834 1.83385 1.83191 1.80625 1.77275 1.7743 1.79274 1.77672 1.75754 1.76545 1.76168 1.74494 1.73259 1.75288 1.74255 1.76148 1.76625 1.78098 1.80385 1.80662 1.80543 1.81483 1.81442 1.81325 1.81161 1.80884 1.80524 1.80069 1.79383 1.78397 1.76025 1.73852 1.71057 1.70157 1.73076 1.72303 1.70318 1.70537 1.70318
-9999 -9999 -9999 -9999 -9999 -9999 -9999 1.25668 1.30525 1.35674 1.40509 1.45086 1.49115 1.50282 1.52793 1.53675 1.55405 1.56068 1.55878 1.55655 1.5447 1.51025 1.48392 1.4549 1.47974 1.56471 1.62704 1.61919 1.59382 1.64412 1.69767 1.74635 1.77626 1.7677 1.79123 1.79536 1.78842 1.77002 1.7386 1.74061 1.71604 1.71504 1.72771 1.73141 1.72867 1.72 1.70395 1.72496 1.73624 1.73662 1.7496 1.7665 1.78317 1.78493 1.7871 1.78586 1.78431 1.7827 1.78047 1.77743 1.77343 1.76792 1.74914 1.72722 1.71189 1.69228 1.68582 1.70603 1.71563 1.6927 1.69492 1.69365
-9999 -9999 -9999 -9999 -9999 -9999 -9999 -9999 1.28527 1.33624 1.37595 1.39287 1.42841 1.45131 1.4709 1.48182 1.52295 1.53393 1.53652 1.53575 1.52771 1.50475 1.49301 1.46576 1.45028 1.49384 1.56038 1.58253 1.5903 1.61774 1.66811 1.71931 1.73151 1.711 1.7208 1.73144 1.74839 1.74546 1.70254 1.68162 1.66418 1.67939 1.69496 1.69926 1.7005 1.69805 1.68617 1.71037 1.72735 1.73933 1.74036 1.75064 1.75775 1.7583 1.75833 1.75676 1.75526 1.75355 1.75128 1.74911 1.7449 1.73769 1.71875 1.67611 1.67536 1.66817 1.65264 1.66768 1.66657 1.67933 1.68469 1.68389
-9999 -9999 -9999 -9999 -9999 -9999 -9999 -9999 1.25538 1.31104 1.32848 1.33477 1.32585 1.34021 1.4064 1.42612 1.4657 1.5044 1.51232 1.51225 1.50599 1.49764 1.47849 1.44645 1.42393 1.44022 1.51571 1.58701 1.60483 1.626 1.65916 1.67103 1.64951 1.62898 1.64848 1.66169 1.69926 1.70914 1.70614 1.68179 1.65322 1.63945 1.66129 1.66588 1.6686 1.66994 1.66319 1.66247 1.71028 1.71978 1.7254 1.72712 1.7322 1.73153 1.72969 1.7281 1.7261 1.72418 1.72176 1.71945 1.7125 1.70432 1.67632 1.65275 1.63759 1.61833 1.6576 1.65853 1.64659 1.66651 1.67272 1.67229
