Test_Spring_2018/11_17/Prec/20171119_020.txt
ncols	170
nrows	115
xllcorner	350000.000000
yllcorner	4445000.000000
cellsize	1000.000000
nodata_value	-9999.000000
[rows 31 to 61 of 115, columns 70 to 139 of 170]
0.790461 0.788161 0.786776 0.787115 0.785963 0.777098 0.78947 0.787249 0.77434 0.771789 0.770438 0.768234 0.766756 0.766202 0.76457 0.765627 0.774443 0.76876 0.764896 0.765361 0.760509 0.754234 0.753192 0.756904 0.755942 0.756717 0.731832 0.721638 0.720089 -9999 -9999 -9999 -9999 -9999 -9999 -9999 -9999 -9999 -9999 -9999 -9999 -9999 -9999 -9999 -9999 -9999 -9999 -9999 -9999 -9999 -9999 -9999 -9999 -9999 -9999 -9999 -9999 -9999 -9999 -9999 -9999 -9999 -9999 -9999 -9999 -9999 -9999 -9999 -9999 -9999
0.788119 0.787072 0.786712 0.787305 0.784738 0.782223 0.792526 0.779059 0.774857 0.77221 0.770563 0.770254 0.768579 0.766971 0.765045 0.765444 0.770956 0.77557 0.768896 0.765805 0.765235 0.756872 0.755547 0.757988 0.762848 0.752972 0.749293 0.725116 0.703753 -9999 -9999 -9999 -9999 -9999 -9999 -9999 -9999 -9999 -9999 -9999 -9999 -9999 -9999 -9999 -9999 -9999 -9999 -9999 -9999 -9999 -9999 -9999 -9999 -9999 -9999 -9999 -9999 -9999 -9999 -9999 -9999 -9999 -9999 -9999 -9999 -9999 -9999 -9999 -9999 -9999
0.788906 0.786866 0.787286 0.787439 0.784224 0.783717 0.778215 0.778596 0.775676 0.772863 0.770803 0.76938 0.767847 0.766369 0.76624 0.767046 0.771344 0.776855 0.775783 0.768552 0.764873 0.760413 0.758577 0.756987 0.756713 0.747862 0.74106 0.720757 0.695929 0.684736 -9999 -9999 -9999 -9999 -9999 -9999 -9999 -9999 -9999 -9999 -9999 -9999 -9999 -9999 -9999 -9999 -9999 -9999 -9999 -9999 -9999 -9999 -9999 -9999 -9999 -9999 -9999 -9999 -9999 -9999 -9999 -9999 -9999 -9999 -9999 -9999 -9999 -9999 -9999 -9999
0.791028 0.787688 0.788593 0.791064 0.789127 0.787529 0.768733 0.782198 0.779531 0.773976 0.771893 0.769812 0.768977 0.767836 0.767361 0.768082 0.769977 0.772576 0.778921 0.769736 0.761463 0.75748 0.753241 0.750408 0.749548 0.740331 0.734344 0.698248 0.681632 0.678219 0.672821 -9999 -9999 -9999 -9999 -9999 -9999 -9999 -9999 -9999 -9999 -9999 -9999 -9999 -9999 -9999 -9999 -9999 -9999 -9999 -9999 -9999 -9999 -9999 -9999 -9999 -9999 -9999 -9999 -9999 -9999 -9999 -9999 -9999 -9999 -9999 -9999 -9999 -9999 -9999
-9999 0.789622 0.790583 0.79375 0.791933 0.789513 0.773978 0.767753 0.779433 0.776347 0.773286 0.771363 0.770744 0.772866 0.771277 0.769113 0.769488 0.772812 0.775795 0.773835 0.762925 0.756522 0.752055 0.745193 0.74317 0.735322 0.729645 0.705984 0.680508 0.669934 0.664703 0.66201 -9999 -9999 -9999 -9999 -9999 -9999 -9999 -9999 -9999 -9999 -9999 -9999 -9999 -9999 -9999 -9999 -9999 -9999 -9999 -9999 -9999 -9999 -9999 -9999 -9999 -9999 -9999 -9999 -9999 -9999 -9999 -9999 -9999 -9999 -9999 -9999 -9999 -9999
-9999 -9999 -9999 -9999 0.795973 0.78127 0.778894 0.770571 0.781152 0.777911 0.774772 0.77306 0.774093 0.77361 0.77173 0.771453 0.772366 0.771665 0.772296 0.772616 0.766843 0.756164 0.75349 0.743472 0.737511 0.729994 0.725695 0.698028 0.680229 0.667387 0.661236 0.657059 -9999 -9999 -9999 -9999 -9999 -9999 -9999 -9999 -9999 -9999 -9999 -9999 -9999 -9999 -9999 -9999 -9999 -9999 -9999 -9999 -9999 -9999 -9999 -9999 -9999 -9999 -9999 -9999 -9999 -9999 -9999 -9999 -9999 -9999 -9999 -9999 -9999 -9999
-9999 -9999 -9999 -9999 -9999 0.782451 0.780758 0.775935 0.782957 0.780384 0.776696 0.775139 0.774678 0.77389 0.773323 0.772875 0.77309 0.773134 0.773497 0.76997 0.761696 0.756509 0.75151 0.744473 0.735533 0.728535 0.706691 0.698916 0.693625 0.668118 0.66258 0.653681 0.648074 -9999 -9999 -9999 -9999 -9999 -9999 -9999 -9999 -9999 -9999 -9999 -9999 0.556157 -9999 -9999 -9999 -9999 -9999 -9999 -9999 -9999 -9999 -9999 -9999 -9999 -9999 -9999 -9999 -9999 -9999 -9999 -9999 -9999 0.354805 -9999 -9999 -9999
-9999 -9999 -9999 -9999 0.795248 0.782185 0.779421 0.776235 0.771268 0.782316 0.778588 0.777309 0.776866 0.776466 0.776982 0.77575 0.775077 0.775479 0.772824 0.767598 0.762276 0.75609 0.74937 0.742617 0.735632 0.728261 0.698433 0.691665 0.683678 0.665934 0.651397 0.645656 0.64237 0.638597 -9999 -9999 -9999 -9999 -9999 -9999 -9999 0.582655 0.57705 0.570564 0.5623 0.551211 0.544544 -9999 -9999 -9999 -9999 -9999 -9999 -9999 -9999 -9999 -9999 -9999 -9999 -9999 -9999 -9999 -9999 -9999 -9999 -9999 0.350252 0.346915 -9999 -9999
-9999 -9999 -9999 -9999 0.786088 0.782422 0.780315 0.777305 0.775603 0.783173 0.781302 0.779623 0.778937 0.779034 0.779455 0.778083 0.778247 0.776857 0.7744 0.768639 0.763301 0.758015 0.751958 0.7449 0.73837 0.729238 0.696974 0.687735 0.679833 0.67217 0.644698 0.641894 0.639745 0.637071 -9999 -9999 -9999 -9999 -9999 -9999 0.583253 0.575592 0.56852 0.565831 0.555938 0.545412 0.537114 0.501109 -9999 -9999 -9999 -9999 -9999 -9999 -9999 -9999 -9999 -9999 -9999 -9999 -9999 -9999 0.35346 0.35257 0.355533 0.353547 0.349036 0.344952 -9999 -9999
-9999 -9999 -9999 -9999 0.787911 0.783638 0.780708 0.77837 0.777982 0.789342 0.783091 0.782176 0.781852 0.781651 0.781346 0.78216 0.781418 0.781833 0.776166 0.77211 0.7675 0.763655 0.757247 0.753022 0.745362 0.714502 0.698384 0.688327 0.681148 0.675558 0.664045 0.641038 0.633877 0.63013 -9999 -9999 -9999 -9999 -9999 -9999 0.578678 0.571304 0.563827 0.557604 0.554187 0.54151 0.506095 0.497721 0.486717 0.472603 0.459534 0.431252 0.409931 0.40027 0.393488 0.385185 -9999 -9999 -9999 -9999 0.360154 0.355867 0.351296 0.348121 0.351995 0.351993 0.350422 0.325658 -9999 -9999
-9999 -9999 -9999 -9999 0.78707 0.783857 0.78205 0.781543 0.779952 0.791301 0.78555 0.781015 0.781505 0.781915 0.782128 0.782435 0.782853 0.780721 0.777858 0.774472 0.773813 0.77266 0.762141 0.758776 0.752291 0.718117 0.701077 0.689955 0.682557 0.676484 0.658012 0.634698 0.627961 0.615622 -9999 -9999 -9999 0.588513 0.580585 0.576632 0.571682 0.563644 0.555804 0.554365 0.546107 0.528937 0.505373 0.496289 0.486773 0.473033 0.455146 0.441404 0.40533 0.395328 0.388316 0.373677 0.366996 0.361798 0.357769 0.354548 0.351132 0.347297 0.343243 0.340004 0.349148 0.347449 0.342874 0.318477 -9999 -9999
-9999 -9999 -9999 -9999 0.783139 0.7799 0.777682 0.777762 0.777869 0.777376 0.787962 0.783725 0.784502 0.786965 0.786503 0.786943 0.786675 0.785614 0.783506 0.783333 0.783193 0.781549 0.775404 0.762022 0.754509 0.724479 0.70653 0.692652 0.668411 0.660793 0.647917 0.629713 0.617253 0.614811 -9999 -9999 0.596534 0.584797 0.575999 0.570117 0.566042 0.56222 0.553918 0.547915 0.536963 0.521386 0.502702 0.490037 0.484194 0.469245 0.442075 0.429037 0.400198 0.38288 0.375016 0.368873 0.363008 0.358786 0.355389 0.352436 0.350081 0.346557 0.342644 0.338959 0.339386 0.335487 0.317473 0.313322 -9999 -9999
-9999 -9999 -9999 -9999 0.780086 0.776249 0.77315 0.77274 0.772053 0.779351 0.791042 0.789908 0.787546 0.790219 0.792396 0.791885 0.791989 0.790986 0.788644 0.788191 0.78661 0.785572 0.780318 0.770121 0.759048 0.720362 0.70236 0.686519 0.671152 0.654905 0.640207 0.623695 0.616019 0.607382 0.604038 -9999 0.592158 0.58535 0.576125 0.568104 0.561896 0.559896 0.551372 0.544981 0.528779 0.520965 0.500318 0.476805 0.463411 0.450294 0.434223 0.421879 0.394661 0.384365 0.37112 0.364898 0.359977 0.356304 0.35346 0.351019 0.34866 0.345913 0.342522 0.338369 0.335444 0.320419 0.317564 0.313584 -9999 -9999
-9999 -9999 -9999 0.796753 0.781102 0.775716 0.773376 0.772506 0.772839 0.774394 0.785045 0.791258 0.7927 0.79267 0.79751 0.798759 0.798765 0.796356 0.794007 0.790051 0.786232 0.786215 0.777967 0.758358 0.748512 0.721789 0.702925 0.680833 0.663705 0.649987 0.637604 0.621673 0.609928 0.604378 0.600779 0.594692 0.587079 0.581604 0.575146 0.566485 0.55956 0.554518 0.549631 0.537312 0.528451 0.509126 0.487107 0.473834 0.460888 0.446718 0.432704 0.417695 0.391722 0.380247 0.371313 0.361711 0.357227 0.354053 0.351762 0.349894 0.348048 0.345805 0.342618 0.338261 0.324358 0.319886 0.312943 0.304116 -9999 -9999
-9999 -9999 -9999 -9999 0.782499 0.778656 0.777106 0.776571 0.776621 0.777624 0.786734 0.789208 0.791207 0.797109 0.80044 0.805217 0.803756 0.802296 0.799013 0.794679 0.788558 0.779014 0.769712 0.757746 0.746572 0.715034 0.694277 0.675237 0.657864 0.646471 0.636191 0.622539 0.616744 0.60667 0.600247 0.590202 0.584367 0.575814 0.569901 0.566852 0.563908 0.554341 0.545198 0.529942 0.518211 0.509124 0.485645 0.472615 0.456873 0.441914 0.427231 0.418473 0.388985 0.379347 0.368396 0.36115 0.354732 0.352079 0.350322 0.349075 0.347741 0.345863 0.342926 0.333076 0.320796 0.313567 0.315061 0.304488 -9999 -9999
-9999 -9999 -9999 -9999 -9999 -9999 0.7781 0.777219 0.778106 0.779767 0.787431 0.789645 0.792664 0.796389 0.800921 0.806604 0.80863 0.807882 0.80841 0.799048 0.787477 0.776403 0.7632 0.753637 0.72892 0.706244 0.68716 0.671857 0.656142 0.641299 0.631446 0.615702 0.610629 0.605898 0.597941 0.585665 0.574794 0.566637 0.562862 0.563732 0.560671 0.548959 0.538543 0.528157 0.51822 0.508712 0.484738 0.472024 0.45339 0.437444 0.423565 0.410413 0.385863 0.374842 0.3667 0.358414 0.353811 0.350408 0.349187 0.348388 0.347475 0.345902 0.337495 0.330875 0.322367 0.312188 0.313484 0.306225 -9999 -9999
-9999 -9999 -9999 -9999 -9999 -9999 0.7798 0.779404 0.779422 0.778113 0.787177 0.789753 0.793794 0.797492 0.802036 0.807412 0.811596 0.813842 0.813951 0.806578 0.793353 0.779148 0.764795 0.753931 0.723013 0.703692 0.685091 0.670596 0.655162 0.638674 0.628186 0.612996 0.60529 0.601883 0.590845 0.581822 0.573945 0.5645 0.559092 0.555875 0.554515 0.547734 0.536524 0.527721 0.519438 0.506741 0.483711 0.471566 0.451256 0.43405 0.419504 0.40479 0.381267 0.371355 0.362886 0.356377 0.351982 0.349673 0.34833 0.347858 0.347173 0.343294 0.338574 0.33176 0.322984 0.312402 0.308636 0.305957 -9999 -9999
-9999 -9999 -9999 -9999 -9999 -9999 -9999 0.781034 0.778948 0.776321 0.786323 0.790113 0.793078 0.797252 0.802332 0.806403 0.811137 0.815125 0.820359 0.812622 0.799625 0.781867 0.76441 0.748429 0.721841 0.704312 0.690897 0.676792 0.657636 0.639813 0.627421 0.610921 0.603899 0.590345 0.578909 0.569462 0.563954 0.562717 0.557906 0.553344 0.552034 0.544592 0.534528 0.526932 0.516723 0.504625 0.481676 0.465541 0.448938 0.430483 0.416584 0.401168 0.377471 0.36841 0.360732 0.354899 0.350786 0.348669 0.347684 0.347203 0.346071 0.343164 0.338342 0.331421 0.32245 0.311639 0.299944 0.290112 0.280171 -9999
-9999 -9999 -9999 -9999 -9999 -9999 -9999 0.782718 0.782602 0.778893 0.788305 0.788898 0.79141 0.795555 0.801358 0.803837 0.81075 0.812203 0.816655 0.814357 0.802721 0.792097 0.76952 0.7458 0.719031 0.713507 0.698252 0.681714 0.661036 0.642417 0.626656 0.61359 0.603355 0.586337 0.574296 0.56551 0.559541 0.556301 0.555914 0.549646 0.545273 0.53862 0.531893 0.522487 0.513929 0.502664 0.47645 0.461944 0.445947 0.427611 0.414703 0.39843 0.375137 0.366934 0.360086 0.353697 0.350108 0.348027 0.346148 0.346037 0.344917 0.341708 0.33667 0.329611 0.320584 0.309646 0.297236 0.28025 0.269741 0.256181
-9999 -9999 -9999 -9999 -9999 -9999 -9999 -9999 0.786446 0.779923 0.78718 0.788342 0.78901 0.792587 0.79301 0.798888 0.805611 0.809401 0.812937 0.814445 0.810192 0.78685 0.762605 0.741267 0.713758 0.706328 0.691181 0.671639 0.649683 0.634113 0.619366 0.604742 0.59456 0.587351 0.578419 0.566647 0.557545 0.552899 0.549363 0.547769 0.543498 0.534948 0.527552 0.517869 0.506947 0.494386 0.472212 0.454624 0.440265 0.423964 0.409722 0.396521 0.373427 0.366413 0.358764 0.353018 0.349536 0.34402 0.344134 0.343722 0.342307 0.339474 0.333525 0.326368 0.317277 0.306484 0.294181 0.276499 0.262607 0.250525
-9999 -9999 -9999 -9999 -9999 -9999 -9999 -9999 0.787968 0.781268 0.788398 0.785632 0.785653 0.780976 0.785732 0.790702 0.795867 0.800534 0.80172 0.804102 0.804043 0.783206 0.757001 0.735701 0.718611 0.699001 0.677007 0.660503 0.641392 0.628529 0.614516 0.595741 0.587386 0.581446 0.574988 0.567273 0.556559 0.550739 0.545814 0.542213 0.538249 0.533277 0.524689 0.512848 0.505622 0.490126 0.465671 0.450747 0.435868 0.421208 0.407442 0.394799 0.371468 0.363458 0.358096 0.347094 0.341867 0.341437 0.341094 0.340292 0.338517 0.335336 0.330511 0.323519 0.312698 0.30214 0.290232 0.272931 0.259201 0.245377
-9999 -9999 -9999 -9999 -9999 -9999 -9999 -9999 0.797461 0.78613 0.78571 0.782865 0.771136 0.774184 0.777525 0.782318 0.784971 0.787761 0.787958 0.787534 0.787309 0.781579 0.762871 0.734732 0.712256 0.683269 0.665642 0.650647 0.636011 0.620213 0.605185 0.588247 0.576947 0.574001 0.561017 0.559376 0.550422 0.54763 0.546162 0.536489 0.532914 0.528386 0.524612 0.515495 0.504488 0.489893 0.464052 0.451866 0.435388 0.419601 0.405672 0.39349 0.370028 0.353722 0.349052 0.340231 0.338792 0.337938 0.337111 0.335789 0.333542 0.330058 0.325022 0.318302 0.30929 0.299265 0.285441 0.2687 0.255738 0.242716
-9999 -9999 -9999 -9999 -9999 -9999 -9999 -9999 0.790364 0.791519 0.783629 0.767218 0.765026 0.767179 0.768218 0.770597 0.772691 0.774566 0.775106 0.773804 0.77277 0.767821 0.749571 0.730602 0.709087 0.677171 0.660367 0.644085 0.628826 0.609387 0.596113 0.576909 0.569946 0.555444 0.553042 0.553328 0.543079 0.539705 0.538209 0.531416 0.527478 0.527597 0.525055 0.517392 0.499689 0.490708 0.466431 0.450456 0.435256 0.417577 0.396196 0.384831 0.35861 0.351996 0.339707 0.336854 0.334977 0.333561 0.332171 0.330284 0.327543 0.323727 0.318518 0.31187 0.303898 0.293114 0.282341 0.265895 0.251918 0.239798
-9999 -9999 -9999 -9999 -9999 -9999 -9999 -9999 0.785199 0.789962 0.782673 0.761197 0.75776 0.757874 0.758164 0.759348 0.761064 0.760882 0.759745 0.758022 0.75307 0.748263 0.743571 0.720182 0.706586 0.674796 0.654086 0.63457 0.618867 0.605519 0.588444 0.57583 0.552325 0.549375 0.545177 0.543051 0.535433 0.532191 0.528983 0.525386 0.525362 0.526069 0.524283 0.512433 0.503883 0.484706 0.46555 0.438393 0.421475 0.407472 0.396006 0.387376 0.357234 0.341154 0.336394 0.332916 0.33032 0.328386 0.326321 0.32393 0.320768 0.316596 0.311284 0.304732 0.297012 0.288213 0.276186 0.260481 0.249111 0.233289
-9999 -9999 -9999 -9999 -9999 -9999 -9999 -9999 -9999 0.789588 0.762229 0.753871 0.750158 0.748386 0.747931 0.748377 0.748559 0.747414 0.745076 0.742232 0.738333 0.73482 0.728322 0.713651 0.700795 0.671301 0.653872 0.632499 0.615814 0.605193 0.590746 0.558055 0.544559 0.537628 0.532346 0.528114 0.528918 0.525581 0.522805 0.521604 0.526297 0.516918 0.513175 0.504029 0.496265 0.472496 0.449185 0.432141 0.417803 0.40517 0.398135 0.36817 0.344909 0.337279 0.333068 0.328341 0.324932 0.322363 0.319768 0.316875 0.313284 0.308851 0.303461 0.295582 0.287839 0.279122 0.266633 0.251122 0.240548 0.22983
-9999 -9999 -9999 -9999 -9999 -9999 -9999 -9999 -9999 0.76681 0.756253 0.745405 0.742711 0.739847 0.737036 0.736684 0.736814 0.735601 0.732987 0.729041 0.726287 0.721939 0.716081 0.706424 0.693718 0.668884 0.651374 0.629308 0.614304 0.602294 0.568804 0.561615 0.54652 0.533768 0.527247 0.522512 0.524354 0.518437 0.517304 0.516983 0.512502 0.507953 0.504819 0.4942 0.488124 0.476704 0.442628 0.428461 0.415766 0.401756 0.394977 0.365434 0.341621 0.333511 0.328726 0.322312 0.318063 0.314739 0.311557 0.308071 0.304051 0.299254 0.293657 0.287176 0.279838 0.271787 0.263242 0.25077 0.240737 0.230816
-9999 -9999 -9999 -9999 -9999 -9999 -9999 -9999 -9999 0.757525 0.749912 0.73978 0.732392 0.732116 0.728093 0.725225 0.725001 0.723885 0.721582 0.716946 0.714941 0.712148 0.707212 0.702068 0.690339 0.675295 0.64385 0.625735 0.612325 0.60156 0.563047 0.551442 0.538463 0.528682 0.52152 0.516338 0.512483 0.508204 0.505605 0.501187 0.498716 0.497609 0.492339 0.482696 0.479788 0.469892 0.457778 0.424126 0.409622 0.397524 0.392463 0.34579 0.334925 0.327033 0.320241 0.315106 0.31097 0.306878 0.303296 0.299436 0.295148 0.290298 0.284752 0.278576 0.271689 0.264606 0.257236 0.253143 0.236628 0.227322
-9999 -9999 -9999 -9999 -9999 -9999 -9999 -9999 -9999 0.748051 0.740788 0.731526 0.72578 0.724376 0.719342 0.714169 0.712376 0.711091 0.707469 0.704101 0.701707 0.698651 0.69501 0.688004 0.683351 0.667408 0.638263 0.621811 0.608015 0.566596 0.557917 0.54536 0.533782 0.52495 0.515039 0.50887 0.504091 0.502835 0.499313 0.492535 0.48716 0.481953 0.478464 0.470674 0.464667 0.456733 0.448398 0.415101 0.403193 0.393413 0.369651 0.335215 0.32646 0.319201 0.312762 0.307854 0.303123 0.298436 0.294441 0.290314 0.285888 0.280993 0.275639 0.269884 0.26355 0.257556 0.251922 0.247521 0.234966 0.223084
-9999 -9999 -9999 -9999 -9999 -9999 -9999 -9999 -9999 0.741099 0.733054 0.724687 0.720754 0.719284 0.710356 0.703841 0.701305 0.69886 0.695674 0.69527 0.688863 0.68274 0.679157 0.676781 0.674365 0.663778 0.634679 0.617996 0.604896 0.564718 0.556514 0.545575 0.532301 0.520289 0.508784 0.501066 0.496111 0.496862 0.498066 0.488607 0.478643 0.471883 0.465707 0.461631 0.454651 0.447174 0.440993 0.422703 0.398614 0.388326 0.336727 0.327985 0.31901 0.311072 0.306494 0.301193 0.294765 0.289378 0.285122 0.280802 0.276251 0.271447 0.266299 0.261086 0.25548 0.249785 0.247681 0.243547 0.236238 0.217945
-9999 -9999 -9999 -9999 -9999 -9999 -9999 -9999 -9999 0.735401 0.729152 0.7208 0.716746 0.710639 0.701758 0.696049 0.69159 0.688175 0.684641 0.681729 0.677117 0.672901 0.669903 0.667833 0.665811 0.660856 0.648739 0.615766 0.579931 0.56152 0.554013 0.541123 0.527337 0.511865 0.500154 0.492584 0.48636 0.48141 0.480421 0.48049 0.474034 0.464158 0.459794 0.455492 0.446021 0.43822 0.432418 0.425711 0.38938 0.365252 0.330039 0.321796 0.312411 0.302201 0.29604 0.291025 0.28449 0.279854 0.275387 0.2709 0.26638 0.261684 0.256769 0.251846 0.247031 0.244255 0.2408 0.238176 0.232081 0.210346
-9999 -9999 -9999 -9999 -9999 -9999 -9999 -9999 -9999 0.731653 0.724277 0.716167 0.708305 0.700522 0.693245 0.690446 0.684717 0.681195 0.675517 0.671 0.667265 0.662893 0.659547 0.659547 0.657618 0.65575 0.644198 0.612036 0.56275 0.55551 0.551723 0.535203 0.518609 0.503348 0.491789 0.487288 0.477429 0.471071 0.466637 0.464081 0.463566 0.456909 0.454517 0.44761 0.437915 0.429409 0.421711 0.414819 0.395376 0.355667 0.321473 0.313952 0.304681 0.295206 0.28624 0.280302 0.274648 0.269851 0.265266 0.260744 0.256277 0.251813 0.247303 0.242793 0.240301 0.238053 0.234368 0.231182 0.225512 0.210703
