Test_Spring_2018/11_17/Prec/20171119_016.txt
ncols	170
nrows	115
xllcorner	350000.000000
yllcorner	4445000.000000
cellsize	1000.000000
nodata_value	-9999.000000
[rows 31 to 61 of 115, columns 70 to 139 of 170]
0.70289 0.695943 0.6893 0.683631 0.676763 0.659555 0.65625 0.64901 0.614399 0.608626 0.604258 0.599818 0.596374 0.593984 0.591122 0.59035 0.595162 0.589651 0.585341 0.583977 0.578698 0.57229 0.569519 0.570093 0.567367 0.565944 0.564385 0.559276 0.557733 -9999 -9999 -9999 -9999 -9999 -9999 -9999 -9999 -9999 -9999 -9999 -9999 -9999 -9999 -9999 -9999 -9999 -9999 -9999 -9999 -9999 -9999 -9999 -9999 -9999 -9999 -9999 -9999 -9999 -9999 -9999 -9999 -9999 -9999 -9999 -9999 -9999 -9999 -9999 -9999 -9999
0.689397 0.683796 0.678387 0.673414 0.666032 0.658611 0.649076 0.628909 0.60567 0.599897 0.595266 0.592023 0.588226 0.584845 0.581544 0.580125 0.582493 0.58431 0.578143 0.57452 0.572674 0.565277 0.562881 0.563182 0.565247 0.556915 0.553075 0.556791 0.549248 -9999 -9999 -9999 -9999 -9999 -9999 -9999 -9999 -9999 -9999 -9999 -9999 -9999 -9999 -9999 -9999 -9999 -9999 -9999 -9999 -9999 -9999 -9999 -9999 -9999 -9999 -9999 -9999 -9999 -9999 -9999 -9999 -9999 -9999 -9999 -9999 -9999 -9999 -9999 -9999 -9999
0.678036 0.67217 0.667782 0.662954 0.655524 0.649868 0.636865 0.619341 0.596741 0.590825 0.585771 0.581528 0.577577 0.574024 0.571765 0.570466 0.571901 0.574405 0.5724 0.566153 0.562534 0.55845 0.556307 0.554408 0.55351 0.546583 0.541175 0.545967 0.539325 0.521579 -9999 -9999 -9999 -9999 -9999 -9999 -9999 -9999 -9999 -9999 -9999 -9999 -9999 -9999 -9999 -9999 -9999 -9999 -9999 -9999 -9999 -9999 -9999 -9999 -9999 -9999 -9999 -9999 -9999 -9999 -9999 -9999 -9999 -9999 -9999 -9999 -9999 -9999 -9999 -9999
0.66763 0.661275 0.657671 0.654896 0.648713 0.64253 0.616109 0.595806 0.589706 0.581716 0.576428 0.571437 0.567671 0.564057 0.561297 0.559767 0.559438 0.559951 0.563434 0.556159 0.549763 0.546605 0.543417 0.54134 0.540746 0.534266 0.530109 0.532281 0.512603 0.512514 0.510997 -9999 -9999 -9999 -9999 -9999 -9999 -9999 -9999 -9999 -9999 -9999 -9999 -9999 -9999 -9999 -9999 -9999 -9999 -9999 -9999 -9999 -9999 -9999 -9999 -9999 -9999 -9999 -9999 -9999 -9999 -9999 -9999 -9999 -9999 -9999 -9999 -9999 -9999 -9999
-9999 0.651291 0.64815 0.646236 0.640416 0.633811 0.612928 0.58587 0.579756 0.573285 0.566985 0.56174 0.557748 0.556096 0.552257 0.548491 0.547026 0.54815 0.549498 0.547758 0.540024 0.535788 0.533152 0.528968 0.528312 0.52355 0.520319 0.514202 0.50511 0.501879 0.500869 0.501571 -9999 -9999 -9999 -9999 -9999 -9999 -9999 -9999 -9999 -9999 -9999 -9999 -9999 -9999 -9999 -9999 -9999 -9999 -9999 -9999 -9999 -9999 -9999 -9999 -9999 -9999 -9999 -9999 -9999 -9999 -9999 -9999 -9999 -9999 -9999 -9999 -9999 -9999
-9999 -9999 -9999 -9999 0.633159 0.613775 0.590456 0.578856 0.57114 0.564208 0.557429 0.55187 0.548587 0.544664 0.54028 0.537639 0.536494 0.534865 0.534822 0.535146 0.531647 0.525072 0.524483 0.518872 0.516236 0.512505 0.510998 0.489826 0.499796 0.495123 0.493819 0.493722 -9999 -9999 -9999 -9999 -9999 -9999 -9999 -9999 -9999 -9999 -9999 -9999 -9999 -9999 -9999 -9999 -9999 -9999 -9999 -9999 -9999 -9999 -9999 -9999 -9999 -9999 -9999 -9999 -9999 -9999 -9999 -9999 -9999 -9999 -9999 -9999 -9999 -9999
-9999 -9999 -9999 -9999 -9999 0.605374 0.582765 0.573978 0.562773 0.555843 0.548135 0.542117 0.537215 0.532576 0.528728 0.525712 0.52399 0.523 0.523071 0.521146 0.51651 0.514595 0.513194 0.510579 0.506708 0.504196 0.501144 0.485381 0.484822 0.490631 0.490097 0.486855 0.485688 -9999 -9999 -9999 -9999 -9999 -9999 -9999 -9999 -9999 -9999 -9999 -9999 0.481729 -9999 -9999 -9999 -9999 -9999 -9999 -9999 -9999 -9999 -9999 -9999 -9999 -9999 -9999 -9999 -9999 -9999 -9999 -9999 -9999 0.47525 -9999 -9999 -9999
-9999 -9999 -9999 -9999 0.613551 0.580435 0.573293 0.565247 0.556095 0.547291 0.538899 0.5324 0.526855 0.521909 0.518368 0.514495 0.512038 0.511412 0.509662 0.507051 0.505203 0.503399 0.50168 0.500213 0.498678 0.496813 0.475977 0.475337 0.473509 0.483443 0.477526 0.476694 0.477211 0.477087 -9999 -9999 -9999 -9999 -9999 -9999 -9999 0.46535 0.467805 0.470465 0.472634 0.473465 0.477973 -9999 -9999 -9999 -9999 -9999 -9999 -9999 -9999 -9999 -9999 -9999 -9999 -9999 -9999 -9999 -9999 -9999 -9999 -9999 0.467489 0.466598 -9999 -9999
-9999 -9999 -9999 -9999 0.580324 0.573043 0.566007 0.557561 0.549434 0.538294 0.530454 0.522888 0.516422 0.511165 0.507029 0.502711 0.500719 0.498923 0.49765 0.495213 0.494088 0.493798 0.493518 0.492844 0.492641 0.490498 0.469533 0.467912 0.466816 0.46541 0.468326 0.469711 0.47101 0.471511 -9999 -9999 -9999 -9999 -9999 -9999 0.453877 0.454073 0.455662 0.461311 0.462714 0.464415 0.468284 0.457553 -9999 -9999 -9999 -9999 -9999 -9999 -9999 -9999 -9999 -9999 -9999 -9999 -9999 -9999 0.458204 0.45961 0.46369 0.46417 0.462741 0.461461 -9999 -9999
-9999 -9999 -9999 -9999 0.575083 0.567115 0.559052 0.55047 0.542512 0.531252 0.521692 0.513797 0.50676 0.500558 0.495325 0.492175 0.489385 0.488966 0.485756 0.485103 0.485264 0.486914 0.487398 0.489798 0.489854 0.470701 0.465418 0.464024 0.46414 0.464776 0.460151 0.465071 0.462734 0.462247 -9999 -9999 -9999 -9999 -9999 -9999 0.443958 0.444403 0.445903 0.449388 0.455865 0.456615 0.446055 0.451384 0.454912 0.456025 0.45742 0.459979 0.458919 0.459026 0.460112 0.459117 -9999 -9999 -9999 -9999 0.455812 0.454753 0.453452 0.45314 0.457833 0.459743 0.460466 0.453163 -9999 -9999
-9999 -9999 -9999 -9999 0.568828 0.561299 0.553525 0.545554 0.535904 0.523854 0.513891 0.493532 0.48702 0.481238 0.476389 0.472933 0.471062 0.468972 0.467938 0.467979 0.471197 0.475033 0.472898 0.485385 0.474507 0.46759 0.462577 0.46126 0.461937 0.462811 0.453577 0.456928 0.454773 0.443017 -9999 -9999 -9999 0.42997 0.42664 0.426956 0.427578 0.427144 0.428039 0.440866 0.444437 0.440715 0.441164 0.446821 0.452254 0.45446 0.453201 0.454113 0.454572 0.454712 0.455763 0.45091 0.449911 0.449188 0.448709 0.448407 0.447745 0.4467 0.445505 0.44494 0.453178 0.453841 0.452439 0.435555 -9999 -9999
-9999 -9999 -9999 -9999 0.555977 0.548194 0.53987 0.524682 0.515888 0.506188 0.494465 0.486328 0.479285 0.474318 0.46848 0.464779 0.462282 0.461029 0.46082 0.46363 0.467865 0.472129 0.473963 0.459567 0.460873 0.45677 0.451503 0.459693 0.444714 0.444886 0.440523 0.431054 0.439054 0.43924 -9999 -9999 0.429438 0.422325 0.41793 0.416528 0.417559 0.420071 0.42076 0.424423 0.425818 0.422886 0.426768 0.430087 0.448085 0.450362 0.446433 0.448104 0.447597 0.446978 0.447328 0.447687 0.447176 0.446953 0.446656 0.446237 0.446011 0.444886 0.443532 0.442445 0.444392 0.443346 0.438751 0.429576 -9999 -9999
-9999 -9999 -9999 -9999 0.539395 0.530323 0.520697 0.512043 0.502451 0.500508 0.489208 0.479469 0.472487 0.467075 0.462642 0.457954 0.455591 0.454445 0.454329 0.457378 0.461179 0.46658 0.469837 0.459743 0.459181 0.446798 0.441815 0.438032 0.434115 0.428998 0.43383 0.425864 0.42397 0.431284 0.429855 -9999 0.422321 0.418187 0.413011 0.409707 0.408977 0.412696 0.413317 0.41697 0.412773 0.418301 0.421348 0.42251 0.426173 0.429914 0.431152 0.44378 0.444411 0.445159 0.445401 0.445769 0.44586 0.445849 0.445681 0.445308 0.444737 0.443832 0.442548 0.440877 0.440252 0.436515 0.43652 0.428028 -9999 -9999
-9999 -9999 -9999 0.554023 0.537225 0.526562 0.51691 0.507303 0.497764 0.488575 0.477102 0.473449 0.465768 0.460546 0.457622 0.45393 0.451393 0.449303 0.449396 0.450315 0.453012 0.459727 0.453094 0.445372 0.445809 0.444012 0.439091 0.431525 0.426987 0.424253 0.421752 0.415187 0.419274 0.418061 0.425104 0.420853 0.415365 0.411673 0.407992 0.403841 0.402329 0.403762 0.407007 0.404506 0.408205 0.411241 0.413586 0.417988 0.422851 0.426747 0.430345 0.432535 0.434224 0.443804 0.444317 0.444908 0.445268 0.445455 0.445433 0.445158 0.44461 0.443718 0.442258 0.440164 0.43561 0.434381 0.432921 0.421755 -9999 -9999
-9999 -9999 -9999 -9999 0.535857 0.525822 0.516222 0.506318 0.496026 0.485888 0.473203 0.465568 0.458316 0.455125 0.452797 0.451449 0.447809 0.446439 0.446019 0.446921 0.448325 0.442193 0.442263 0.441139 0.441037 0.436012 0.430303 0.425466 0.421304 0.420749 0.42023 0.415748 0.416882 0.41393 0.416899 0.415525 0.410889 0.404573 0.400855 0.400322 0.40136 0.39942 0.397906 0.399489 0.402037 0.407978 0.409786 0.415095 0.418756 0.422905 0.426852 0.434294 0.433756 0.437058 0.437817 0.444512 0.445111 0.445545 0.445692 0.445581 0.445082 0.444123 0.442525 0.43905 0.433035 0.429949 0.43314 0.421112 -9999 -9999
-9999 -9999 -9999 -9999 -9999 -9999 0.514131 0.503584 0.493508 0.483484 0.469779 0.461783 0.455127 0.450115 0.447175 0.447546 0.446379 0.445551 0.447916 0.445296 0.439218 0.437158 0.434586 0.435346 0.433787 0.427223 0.423094 0.421329 0.418778 0.416208 0.416415 0.410862 0.41285 0.413951 0.411629 0.405183 0.402429 0.396074 0.393543 0.395485 0.39618 0.393513 0.393292 0.39514 0.39919 0.405173 0.406993 0.413087 0.415304 0.419399 0.424587 0.429583 0.432814 0.435655 0.438843 0.440138 0.442246 0.445849 0.446221 0.446213 0.445756 0.444734 0.441121 0.437762 0.433418 0.428142 0.431139 0.421726 -9999 -9999
-9999 -9999 -9999 -9999 -9999 -9999 0.512996 0.50258 0.491726 0.479484 0.4669 0.459221 0.453384 0.448463 0.445644 0.445205 0.446023 0.447351 0.448711 0.446529 0.441628 0.437276 0.433835 0.433655 0.427584 0.423546 0.419952 0.418999 0.416928 0.413499 0.413582 0.408756 0.409183 0.411484 0.40716 0.403124 0.398913 0.393638 0.38975 0.388952 0.390714 0.390856 0.39 0.392973 0.398276 0.402149 0.404829 0.411649 0.413047 0.41666 0.421819 0.426169 0.430342 0.434366 0.437665 0.440493 0.44293 0.445027 0.44674 0.446831 0.446362 0.444419 0.441844 0.438187 0.433514 0.427843 0.427168 0.421144 -9999 -9999
-9999 -9999 -9999 -9999 -9999 -9999 -9999 0.501748 0.489479 0.476458 0.46477 0.458251 0.451967 0.447691 0.44552 0.444354 0.445557 0.448157 0.453297 0.450721 0.445791 0.438691 0.432816 0.428793 0.425636 0.42278 0.422843 0.422206 0.417594 0.413378 0.412314 0.406778 0.407949 0.403288 0.398897 0.394725 0.3923 0.392109 0.388954 0.386862 0.388769 0.388324 0.388162 0.391885 0.395734 0.399979 0.402713 0.40674 0.410858 0.413713 0.4195 0.423554 0.427734 0.432587 0.436665 0.440166 0.442955 0.445285 0.446704 0.44703 0.446395 0.44466 0.441895 0.438037 0.433103 0.427161 0.420764 0.409668 0.403474 -9999
-9999 -9999 -9999 -9999 -9999 -9999 -9999 0.50142 0.490862 0.477483 0.465676 0.457397 0.451306 0.447488 0.446232 0.444206 0.446488 0.447459 0.451755 0.453235 0.448979 0.446593 0.436696 0.426792 0.423316 0.428676 0.427192 0.424669 0.418897 0.414116 0.41073 0.407718 0.406797 0.399895 0.395306 0.391827 0.389274 0.387969 0.388007 0.383972 0.38519 0.385214 0.387265 0.389493 0.394271 0.398848 0.399065 0.404007 0.408344 0.411112 0.417475 0.420837 0.425331 0.430826 0.435563 0.438764 0.442034 0.444498 0.445711 0.446231 0.44523 0.444046 0.44108 0.437047 0.431981 0.425852 0.418859 0.402572 0.39594 0.387113
-9999 -9999 -9999 -9999 -9999 -9999 -9999 -9999 0.492914 0.478154 0.465145 0.457948 0.451211 0.447593 0.439489 0.441478 0.445128 0.447775 0.451315 0.454457 0.456226 0.444353 0.432771 0.424045 0.419855 0.423366 0.421538 0.416546 0.409623 0.406856 0.404125 0.399946 0.399172 0.399416 0.397265 0.390788 0.388034 0.385708 0.383779 0.383303 0.381484 0.384957 0.386351 0.388088 0.390808 0.394023 0.396748 0.398998 0.404015 0.407776 0.412784 0.417972 0.422526 0.428707 0.432793 0.436443 0.439846 0.441274 0.443262 0.443742 0.442688 0.44013 0.439291 0.435168 0.430001 0.423899 0.416902 0.399908 0.390843 0.383051
-9999 -9999 -9999 -9999 -9999 -9999 -9999 -9999 0.493642 0.47952 0.466733 0.457524 0.443516 0.43612 0.436663 0.438278 0.440972 0.444258 0.446011 0.449534 0.452208 0.441063 0.430189 0.420893 0.415242 0.418187 0.410942 0.407637 0.402358 0.401231 0.398838 0.391505 0.392056 0.393323 0.391056 0.392275 0.386775 0.384009 0.381495 0.379964 0.378675 0.377604 0.38053 0.387213 0.39208 0.392631 0.393254 0.396688 0.400631 0.404879 0.409584 0.414582 0.418791 0.423937 0.42943 0.431641 0.434091 0.437274 0.439164 0.439623 0.438576 0.436023 0.432078 0.432067 0.427229 0.421245 0.414462 0.397443 0.388471 0.379424
-9999 -9999 -9999 -9999 -9999 -9999 -9999 -9999 0.500131 0.483556 0.454446 0.447387 0.434381 0.433282 0.433196 0.434956 0.436014 0.437982 0.438916 0.440204 0.442413 0.441475 0.432319 0.417082 0.410925 0.407065 0.40229 0.399501 0.39693 0.39334 0.389946 0.383585 0.378048 0.38228 0.382959 0.385222 0.381382 0.381235 0.381666 0.37629 0.375681 0.37523 0.376498 0.383024 0.383246 0.394418 0.393507 0.398045 0.400001 0.40261 0.406395 0.410971 0.414837 0.417191 0.422467 0.42472 0.428786 0.431839 0.43364 0.434043 0.433004 0.43058 0.426811 0.421828 0.423175 0.417165 0.411541 0.394564 0.386125 0.377632
-9999 -9999 -9999 -9999 -9999 -9999 -9999 -9999 0.482323 0.464011 0.453204 0.436353 0.431241 0.429942 0.428575 0.428871 0.429668 0.431 0.43207 0.432511 0.433823 0.433033 0.423475 0.414547 0.40419 0.398567 0.39776 0.393464 0.38993 0.377043 0.375237 0.367345 0.369484 0.372085 0.375028 0.378976 0.37464 0.374581 0.375527 0.372719 0.372312 0.375519 0.377879 0.377888 0.382084 0.384908 0.384503 0.39759 0.399531 0.399876 0.40059 0.405122 0.407199 0.412184 0.414176 0.418646 0.422432 0.425245 0.426913 0.427259 0.426259 0.424005 0.420505 0.415931 0.410521 0.413274 0.406924 0.389381 0.383592 0.375728
-9999 -9999 -9999 -9999 -9999 -9999 -9999 -9999 0.469792 0.462059 0.452252 0.432225 0.426681 0.424321 0.422728 0.422393 0.423039 0.422923 0.422709 0.422661 0.420909 0.419865 0.419521 0.406521 0.401774 0.396323 0.379961 0.373219 0.369527 0.367663 0.364253 0.362669 0.361394 0.364889 0.366717 0.369246 0.367191 0.367724 0.367996 0.367995 0.370853 0.374859 0.377999 0.375113 0.375839 0.382222 0.385126 0.378315 0.378649 0.381457 0.397995 0.403621 0.402677 0.403861 0.408062 0.411943 0.415226 0.417816 0.419266 0.419605 0.418716 0.416641 0.413494 0.409381 0.404496 0.398998 0.403135 0.38575 0.378269 0.359209
-9999 -9999 -9999 -9999 -9999 -9999 -9999 -9999 -9999 0.451165 0.427058 0.418068 0.413062 0.410055 0.408532 0.408119 0.407927 0.407161 0.405904 0.404667 0.403105 0.402308 0.399955 0.392426 0.387174 0.384386 0.378092 0.369471 0.364515 0.364041 0.358018 0.353131 0.350094 0.351089 0.352565 0.354098 0.360062 0.360995 0.362093 0.364318 0.371004 0.367162 0.36926 0.368537 0.369955 0.374949 0.37529 0.374044 0.375323 0.378153 0.385015 0.385882 0.384883 0.388574 0.393643 0.397198 0.407491 0.40976 0.411082 0.411405 0.410613 0.408784 0.40601 0.39428 0.3893 0.383744 0.388926 0.371102 0.364116 0.357169
-9999 -9999 -9999 -9999 -9999 -9999 -9999 -9999 -9999 0.431763 0.420813 0.410305 0.406206 0.402552 0.399438 0.398507 0.398302 0.397489 0.396019 0.393958 0.393143 0.391651 0.389605 0.385433 0.379709 0.380811 0.374 0.364395 0.360125 0.358159 0.350321 0.352009 0.347664 0.344475 0.345155 0.346547 0.352112 0.351783 0.354639 0.35807 0.358781 0.359919 0.362753 0.36114 0.363746 0.363604 0.371186 0.371286 0.372946 0.373953 0.380129 0.38077 0.379401 0.382213 0.386468 0.388564 0.391166 0.393411 0.39481 0.395157 0.394431 0.392625 0.389895 0.386341 0.382126 0.377464 0.372595 0.379603 0.364747 0.358413
-9999 -9999 -9999 -9999 -9999 -9999 -9999 -9999 -9999 0.422131 0.413514 0.403686 0.396369 0.394625 0.390689 0.387991 0.387542 0.3868 0.385549 0.38299 0.382684 0.382249 0.380774 0.379675 0.374451 0.367429 0.36569 0.358484 0.354912 0.353388 0.342517 0.340817 0.33781 0.33667 0.336949 0.338196 0.339999 0.34121 0.343465 0.344453 0.347045 0.351025 0.352646 0.351909 0.356802 0.357622 0.357739 0.367722 0.367446 0.369109 0.375778 0.370664 0.37177 0.374288 0.376781 0.379575 0.38218 0.383936 0.385233 0.385605 0.385066 0.383656 0.381421 0.37854 0.375073 0.37148 0.367765 0.366504 0.362499 0.35665
-9999 -9999 -9999 -9999 -9999 -9999 -9999 -9999 -9999 0.411646 0.403425 0.394303 0.388193 0.385657 0.380995 0.376645 0.375072 0.374213 0.372042 0.370408 0.36985 0.369242 0.368673 0.366197 0.365892 0.358058 0.358082 0.351748 0.347557 0.334469 0.334819 0.332228 0.330064 0.32953 0.327881 0.328555 0.329929 0.3336 0.335576 0.335298 0.336237 0.337678 0.340871 0.341659 0.344444 0.346624 0.349256 0.360477 0.361557 0.364329 0.365141 0.361032 0.363228 0.365857 0.36835 0.371156 0.373296 0.374697 0.37587 0.376312 0.376002 0.374935 0.373231 0.37104 0.368335 0.365846 0.363647 0.362393 0.3622 0.354571
-9999 -9999 -9999 -9999 -9999 -9999 -9999 -9999 -9999 0.402257 0.393524 0.385034 0.380172 0.37753 0.37004 0.364688 0.362561 0.360883 0.359055 0.359587 0.356254 0.353545 0.353082 0.353928 0.355197 0.351094 0.350406 0.344527 0.340579 0.328949 0.329441 0.327824 0.324322 0.321452 0.31867 0.318325 0.31974 0.325083 0.330726 0.328896 0.326941 0.32763 0.329224 0.332895 0.335147 0.337711 0.341831 0.346734 0.356815 0.358874 0.35162 0.354027 0.355802 0.357734 0.361397 0.363845 0.36478 0.365764 0.366909 0.367437 0.367314 0.36662 0.365387 0.363903 0.362018 0.360016 0.360562 0.359696 0.348153 0.352096
-9999 -9999 -9999 -9999 -9999 -9999 -9999 -9999 -9999 0.393104 0.385583 0.376999 0.371924 0.365856 0.358281 0.353413 0.349875 0.347512 0.345492 0.344342 0.342417 0.341211 0.34131 0.342499 0.344135 0.344066 0.339239 0.337905 0.333597 0.322127 0.322981 0.319843 0.315858 0.310448 0.307488 0.307283 0.307902 0.309373 0.3137 0.318931 0.319792 0.318601 0.321799 0.325592 0.326306 0.328804 0.333284 0.337603 0.34863 0.349939 0.345403 0.348041 0.349417 0.349653 0.352144 0.354791 0.355696 0.357309 0.358449 0.359045 0.359164 0.358788 0.35797 0.35694 0.355852 0.356139 0.355917 0.356291 0.354219 0.348134
-9999 -9999 -9999 -9999 -9999 -9999 -9999 -9999 -9999 0.384743 0.37624 0.367616 0.359614 0.352144 0.345528 0.342597 0.338092 0.335659 0.332193 0.330045 0.328936 0.327845 0.327933 0.330819 0.332717 0.334987 0.330646 0.329247 0.311871 0.312987 0.316412 0.310598 0.304514 0.29916 0.296244 0.2982 0.296278 0.296856 0.298909 0.302508 0.307872 0.309283 0.314214 0.316485 0.317349 0.319623 0.32299 0.327362 0.332244 0.341924 0.337984 0.341195 0.342705 0.343518 0.344076 0.346141 0.347763 0.349373 0.350559 0.351279 0.351598 0.351556 0.351198 0.350632 0.351358 0.352175 0.351934 0.352042 0.350397 0.333194
