Test_Spring_2018/11_17/Prec/20171130_002.txt
ncols	170
nrows	115
xllcorner	350000.000000
yllcorner	4445000.000000
cellsize	1000.000000
nodata_value	-9999.000000
[rows 31 to 61 of 115, columns 70 to 139 of 170]
0.865804 0.86227 0.858644 0.855089 0.851973 0.842342 0.85351 0.851003 0.827885 0.826076 0.824694 0.823683 0.822732 0.821575 0.820052 0.817679 0.813926 0.809874 0.804471 0.797531 0.789641 0.780686 0.770445 0.759143 0.74754 0.735499 0.710683 0.707265 0.694438 -9999 -9999 -9999 -9999 -9999 -9999 -9999 -9999 -9999 -9999 -9999 -9999 -9999 -9999 -9999 -9999 -9999 -9999 -9999 -9999 -9999 -9999 -9999 -9999 -9999 -9999 -9999 -9999 -9999 -9999 -9999 -9999 -9999 -9999 -9999 -9999 -9999 -9999 -9999 -9999 -9999
0.842555 0.839805 0.836966 0.834158 0.831734 0.829608 0.834369 0.814834 0.807735 0.805448 0.803397 0.801445 0.799598 0.7976 0.795285 0.792315 0.788361 0.783629 0.778618 0.772437 0.765155 0.757422 0.748486 0.738664 0.728184 0.718195 0.70767 0.692625 0.666259 -9999 -9999 -9999 -9999 -9999 -9999 -9999 -9999 -9999 -9999 -9999 -9999 -9999 -9999 -9999 -9999 -9999 -9999 -9999 -9999 -9999 -9999 -9999 -9999 -9999 -9999 -9999 -9999 -9999 -9999 -9999 -9999 -9999 -9999 -9999 -9999 -9999 -9999 -9999 -9999 -9999
0.818962 0.817064 0.814966 0.812889 0.811066 0.809199 0.80188 0.795603 0.787285 0.784572 0.781927 0.779292 0.77663 0.773832 0.770715 0.767192 0.763008 0.7582 0.753141 0.747759 0.74148 0.734561 0.726848 0.718539 0.709661 0.700887 0.691732 0.670264 0.652828 0.62476 -9999 -9999 -9999 -9999 -9999 -9999 -9999 -9999 -9999 -9999 -9999 -9999 -9999 -9999 -9999 -9999 -9999 -9999 -9999 -9999 -9999 -9999 -9999 -9999 -9999 -9999 -9999 -9999 -9999 -9999 -9999 -9999 -9999 -9999 -9999 -9999 -9999 -9999 -9999 -9999
0.795346 0.794275 0.792894 0.791352 0.789988 0.788529 0.768647 0.769741 0.766678 0.763722 0.760511 0.757234 0.753802 0.750278 0.746571 0.742606 0.738334 0.733724 0.728545 0.723842 0.718625 0.712663 0.706195 0.699128 0.691456 0.683821 0.67564 0.642873 0.620654 0.611313 0.602325 -9999 -9999 -9999 -9999 -9999 -9999 -9999 -9999 -9999 -9999 -9999 -9999 -9999 -9999 -9999 -9999 -9999 -9999 -9999 -9999 -9999 -9999 -9999 -9999 -9999 -9999 -9999 -9999 -9999 -9999 -9999 -9999 -9999 -9999 -9999 -9999 -9999 -9999 -9999
-9999 0.771668 0.77101 0.770077 0.76922 0.768139 0.752719 0.74028 0.746607 0.743132 0.739443 0.73552 0.7314 0.727044 0.722854 0.718671 0.714316 0.709741 0.705085 0.700542 0.696257 0.691372 0.685955 0.680194 0.673641 0.666908 0.659575 0.637941 0.602399 0.597999 0.589332 0.580714 -9999 -9999 -9999 -9999 -9999 -9999 -9999 -9999 -9999 -9999 -9999 -9999 -9999 -9999 -9999 -9999 -9999 -9999 -9999 -9999 -9999 -9999 -9999 -9999 -9999 -9999 -9999 -9999 -9999 -9999 -9999 -9999 -9999 -9999 -9999 -9999 -9999 -9999
-9999 -9999 -9999 -9999 0.748855 0.735758 0.725244 0.721706 0.727022 0.723186 0.718982 0.714433 0.709573 0.704757 0.700078 0.695447 0.690932 0.686697 0.682531 0.678439 0.67463 0.670896 0.66636 0.661776 0.656401 0.650508 0.643822 0.604304 0.589162 0.584597 0.576182 0.567737 -9999 -9999 -9999 -9999 -9999 -9999 -9999 -9999 -9999 -9999 -9999 -9999 -9999 -9999 -9999 -9999 -9999 -9999 -9999 -9999 -9999 -9999 -9999 -9999 -9999 -9999 -9999 -9999 -9999 -9999 -9999 -9999 -9999 -9999 -9999 -9999 -9999 -9999
-9999 -9999 -9999 -9999 -9999 0.717584 0.706773 0.704594 0.708272 0.704024 0.699333 0.694167 0.688758 0.683367 0.678131 0.673195 0.668619 0.664479 0.660702 0.657421 0.654522 0.651359 0.647898 0.644077 0.639742 0.634574 0.616534 0.59033 0.583028 0.571437 0.563057 0.554857 0.546614 -9999 -9999 -9999 -9999 -9999 -9999 -9999 -9999 -9999 -9999 -9999 -9999 0.472875 -9999 -9999 -9999 -9999 -9999 -9999 -9999 -9999 -9999 -9999 -9999 -9999 -9999 -9999 -9999 -9999 -9999 -9999 -9999 -9999 0.32248 -9999 -9999 -9999
-9999 -9999 -9999 -9999 0.711085 0.691117 0.689697 0.687353 0.684301 0.685937 0.680721 0.674926 0.668881 0.662881 0.657111 0.651921 0.647314 0.643308 0.640096 0.637514 0.635211 0.632976 0.630523 0.62757 0.62392 0.619437 0.584133 0.577723 0.570687 0.557304 0.551113 0.542598 0.534044 0.525805 -9999 -9999 -9999 -9999 -9999 -9999 -9999 0.481403 0.477438 0.473363 0.469061 0.464464 0.459076 -9999 -9999 -9999 -9999 -9999 -9999 -9999 -9999 -9999 -9999 -9999 -9999 -9999 -9999 -9999 -9999 -9999 -9999 -9999 0.318217 0.313421 -9999 -9999
-9999 -9999 -9999 -9999 0.675321 0.675182 0.673852 0.671423 0.667804 0.669127 0.663267 0.656872 0.650203 0.643588 0.637358 0.631889 0.627165 0.623433 0.620613 0.61867 0.617131 0.615701 0.61409 0.611992 0.609051 0.605249 0.572069 0.565931 0.558875 0.551116 0.539515 0.530594 0.521711 0.513163 -9999 -9999 -9999 -9999 -9999 -9999 0.47434 0.471118 0.467912 0.464269 0.460647 0.456506 0.451578 0.414509 -9999 -9999 -9999 -9999 -9999 -9999 -9999 -9999 -9999 -9999 -9999 -9999 -9999 -9999 0.330175 0.326462 0.322355 0.318254 0.313942 0.309202 -9999 -9999
-9999 -9999 -9999 -9999 0.660446 0.660647 0.659483 0.65694 0.652979 0.652119 0.647208 0.640148 0.632823 0.625648 0.619005 0.613136 0.60841 0.604755 0.602529 0.601094 0.600266 0.599586 0.598839 0.597367 0.595162 0.565671 0.561023 0.55495 0.547729 0.539599 0.531809 0.51905 0.510116 0.501325 -9999 -9999 -9999 -9999 -9999 -9999 0.463755 0.461192 0.458698 0.455913 0.452499 0.448947 0.415051 0.409433 0.403432 0.397173 0.390547 0.3799 0.371388 0.365051 0.358893 0.353264 -9999 -9999 -9999 -9999 0.331738 0.32851 0.325379 0.322093 0.318181 0.314145 0.309757 0.293297 -9999 -9999
-9999 -9999 -9999 -9999 0.647243 0.647669 0.646549 0.643823 0.639676 0.637628 0.632564 0.624561 0.616805 0.609237 0.602288 0.596303 0.591536 0.588247 0.586269 0.585364 0.584989 0.584892 0.585116 0.584264 0.565777 0.55563 0.551098 0.545007 0.537583 0.529147 0.520889 0.508558 0.49921 0.49045 -9999 -9999 -9999 0.463982 0.460096 0.456932 0.454539 0.452733 0.450992 0.447916 0.445339 0.421048 0.410447 0.404766 0.398498 0.391968 0.38532 0.378253 0.366025 0.359488 0.353176 0.348728 0.343554 0.338906 0.334799 0.331194 0.328037 0.325189 0.322458 0.319599 0.314264 0.310504 0.306373 0.287909 -9999 -9999
-9999 -9999 -9999 -9999 0.637719 0.638332 0.637284 0.631966 0.627585 0.621845 0.617133 0.611317 0.602966 0.594751 0.587422 0.581179 0.576406 0.573232 0.571598 0.571075 0.571358 0.572032 0.572738 0.558785 0.557209 0.548052 0.543712 0.536093 0.527889 0.519448 0.510594 0.501162 0.489343 0.480027 -9999 -9999 0.458042 0.453463 0.449979 0.447427 0.445597 0.444223 0.443187 0.441722 0.439909 0.418855 0.408783 0.40337 0.394167 0.387408 0.380983 0.373748 0.363271 0.355459 0.349106 0.343204 0.337938 0.333288 0.329297 0.32592 0.323015 0.320503 0.318128 0.315634 0.312593 0.309311 0.296116 0.28847 -9999 -9999
-9999 -9999 -9999 -9999 0.627829 0.628579 0.627601 0.624719 0.620162 0.61156 0.605881 0.597361 0.590782 0.582093 0.574254 0.567854 0.563034 0.560028 0.558767 0.558772 0.559754 0.561053 0.562347 0.550295 0.549117 0.539527 0.535133 0.529269 0.52212 0.513938 0.50242 0.492193 0.481997 0.470898 0.462075 -9999 0.448325 0.44364 0.440521 0.438574 0.437452 0.436612 0.436227 0.435371 0.418489 0.415024 0.40543 0.39989 0.393729 0.386924 0.379804 0.369189 0.358418 0.351293 0.343979 0.33795 0.332589 0.327966 0.324101 0.320942 0.318354 0.316156 0.314115 0.311985 0.309414 0.298435 0.294013 0.28637 -9999 -9999
-9999 -9999 -9999 0.620558 0.619574 0.620589 0.619622 0.616699 0.611897 0.605406 0.598976 0.587527 0.578334 0.571363 0.563101 0.556453 0.55164 0.548874 0.547921 0.548554 0.55017 0.551944 0.543667 0.542883 0.54152 0.533507 0.529039 0.523315 0.515958 0.507243 0.497557 0.486786 0.473783 0.463629 0.453574 0.445917 0.439838 0.435248 0.432285 0.430813 0.430256 0.430157 0.430126 0.417623 0.415134 0.411507 0.402508 0.396893 0.390459 0.383407 0.375814 0.367944 0.35701 0.346567 0.339672 0.333099 0.327684 0.323096 0.319356 0.316403 0.314088 0.312199 0.310489 0.308686 0.300346 0.296656 0.292077 0.284879 -9999 -9999
-9999 -9999 -9999 -9999 0.612608 0.61364 0.612652 0.609653 0.604733 0.598072 0.591188 0.581724 0.572026 0.561072 0.554204 0.54729 0.542595 0.539913 0.539248 0.540212 0.542314 0.537015 0.537599 0.537549 0.536269 0.528851 0.524338 0.518222 0.510601 0.50142 0.491238 0.479839 0.468671 0.458219 0.446755 0.438783 0.432652 0.428401 0.425679 0.424249 0.42389 0.424503 0.416381 0.414478 0.41211 0.408683 0.399963 0.394158 0.387652 0.380366 0.372494 0.363922 0.352994 0.345031 0.337667 0.328993 0.323373 0.318823 0.315199 0.312424 0.310346 0.308729 0.307299 0.301452 0.298587 0.295045 0.290271 0.283155 -9999 -9999
-9999 -9999 -9999 -9999 -9999 -9999 0.606961 0.603938 0.598901 0.592109 0.584996 0.575451 0.565611 0.556139 0.547662 0.540732 0.535909 0.533295 0.532552 0.533753 0.531824 0.532853 0.533651 0.533422 0.528115 0.525084 0.520315 0.513797 0.505868 0.496648 0.48619 0.474592 0.463174 0.452243 0.442518 0.434518 0.427502 0.423378 0.420745 0.41935 0.419289 0.414898 0.413775 0.412124 0.409675 0.406242 0.397673 0.391697 0.385167 0.377716 0.369552 0.360971 0.349623 0.341537 0.333848 0.326992 0.320968 0.315284 0.311754 0.309125 0.307227 0.305813 0.302075 0.299747 0.296974 0.293604 0.28879 0.281462 -9999 -9999
-9999 -9999 -9999 -9999 -9999 -9999 0.602254 0.599179 0.594193 0.587598 0.580333 0.570855 0.561061 0.551704 0.543344 0.536508 0.531661 0.528947 0.527397 0.527439 0.528374 0.529473 0.530206 0.529906 0.524984 0.521605 0.516665 0.50997 0.501907 0.492678 0.482164 0.470419 0.459121 0.448107 0.438576 0.430439 0.424092 0.419693 0.417288 0.41622 0.413866 0.412827 0.411781 0.410044 0.407477 0.404177 0.395606 0.389488 0.382931 0.375417 0.367148 0.358508 0.347038 0.338787 0.331038 0.324032 0.317985 0.313044 0.309113 0.306577 0.304789 0.30243 0.300449 0.298191 0.295465 0.292117 0.287555 0.279946 -9999 -9999
-9999 -9999 -9999 -9999 -9999 -9999 -9999 0.595395 0.590603 0.584232 0.577069 0.56779 0.558346 0.549244 0.541102 0.534531 0.529764 0.526929 0.525263 0.525197 0.525932 0.527007 0.527675 0.527431 0.522114 0.518473 0.513127 0.506356 0.498507 0.489403 0.479089 0.467514 0.456339 0.446075 0.436732 0.428768 0.422406 0.417792 0.415304 0.413741 0.412324 0.411289 0.410127 0.408261 0.405739 0.402341 0.393754 0.387814 0.381004 0.373532 0.365206 0.356594 0.345153 0.336867 0.329094 0.322075 0.316043 0.311125 0.307404 0.304819 0.302804 0.300931 0.298978 0.29674 0.294029 0.290687 0.28656 0.27935 0.273187 -9999
-9999 -9999 -9999 -9999 -9999 -9999 -9999 0.59245 0.587683 0.581624 0.574853 0.566182 0.557211 0.548537 0.540713 0.534381 0.528924 0.526419 0.524691 0.524112 0.524487 0.524831 0.52546 0.525355 0.519751 0.515278 0.50998 0.503382 0.495743 0.486888 0.477039 0.465563 0.454918 0.445192 0.436187 0.428425 0.422247 0.416977 0.414497 0.413134 0.411464 0.410263 0.408784 0.406902 0.404187 0.400672 0.392203 0.386186 0.379393 0.371997 0.363724 0.355291 0.343925 0.335724 0.328025 0.321139 0.315149 0.310267 0.306157 0.303708 0.301788 0.299635 0.297654 0.295391 0.292658 0.289311 0.285227 0.278425 0.27233 0.265701
-9999 -9999 -9999 -9999 -9999 -9999 -9999 -9999 0.585537 0.57997 0.573837 0.565675 0.557374 0.549262 0.537847 0.533218 0.529429 0.52674 0.524901 0.523793 0.52339 0.524071 0.524408 0.523825 0.51785 0.513371 0.508068 0.501763 0.494434 0.485746 0.476268 0.465346 0.455201 0.445393 0.436627 0.424603 0.420353 0.417105 0.414705 0.412918 0.41174 0.409385 0.407755 0.405725 0.403023 0.399514 0.390699 0.384941 0.378194 0.37087 0.362903 0.354554 0.343347 0.33532 0.327881 0.321126 0.315238 0.308888 0.305688 0.303156 0.301136 0.299417 0.296482 0.294146 0.291367 0.287995 0.283927 0.277174 0.271381 0.264808
-9999 -9999 -9999 -9999 -9999 -9999 -9999 -9999 0.584192 0.57901 0.573509 0.566179 0.549641 0.543919 0.538881 0.534469 0.530818 0.527996 0.526085 0.524617 0.523516 0.521421 0.523627 0.52269 0.520551 0.511772 0.50692 0.500637 0.493474 0.48508 0.476104 0.466012 0.456376 0.447075 0.430476 0.424965 0.421083 0.417835 0.415362 0.413466 0.411998 0.410702 0.40707 0.40472 0.401673 0.398275 0.389436 0.383668 0.377163 0.370022 0.362355 0.354338 0.343372 0.33573 0.328445 0.31789 0.313053 0.309069 0.305785 0.303124 0.300946 0.299055 0.297224 0.293054 0.290179 0.286776 0.282725 0.275965 0.270332 0.264077
-9999 -9999 -9999 -9999 -9999 -9999 -9999 -9999 0.582943 0.578414 0.560681 0.555722 0.550157 0.545105 0.540399 0.536149 0.532671 0.529851 0.527765 0.526124 0.524634 0.523339 0.519509 0.518109 0.519502 0.510922 0.505928 0.499811 0.492784 0.485073 0.476771 0.467244 0.444793 0.438051 0.431797 0.4266 0.422632 0.419121 0.416264 0.414448 0.412636 0.410973 0.409088 0.403761 0.40082 0.396965 0.388023 0.382284 0.376137 0.369398 0.362136 0.354528 0.343833 0.329955 0.324025 0.318442 0.313775 0.309753 0.306368 0.303553 0.301178 0.299066 0.297015 0.294814 0.289152 0.285679 0.281665 0.274889 0.269425 0.263398
-9999 -9999 -9999 -9999 -9999 -9999 -9999 -9999 0.567448 0.565268 0.561207 0.555871 0.551291 0.546582 0.542236 0.538256 0.534821 0.531935 0.52959 0.527664 0.525829 0.524086 0.522729 0.517232 0.51447 0.505206 0.504872 0.499116 0.492547 0.467621 0.460915 0.453031 0.446368 0.439355 0.433666 0.428477 0.424594 0.421017 0.417958 0.415692 0.41356 0.411271 0.408974 0.406589 0.400004 0.396134 0.386612 0.381231 0.375309 0.369049 0.353772 0.347006 0.336956 0.330847 0.324651 0.319505 0.314885 0.310835 0.307347 0.304366 0.301776 0.29942 0.297123 0.294695 0.291952 0.284786 0.280724 0.273747 0.268703 0.262929
-9999 -9999 -9999 -9999 -9999 -9999 -9999 -9999 0.55003 0.565814 0.56197 0.556912 0.552684 0.548349 0.544243 0.540438 0.537019 0.534127 0.531644 0.529424 0.527448 0.525325 0.522859 0.520945 0.513608 0.504054 0.47958 0.473839 0.467701 0.461368 0.460368 0.454142 0.447019 0.441093 0.435719 0.430784 0.42676 0.423075 0.419913 0.417181 0.41449 0.411814 0.409141 0.406716 0.403617 0.395552 0.385509 0.371752 0.365867 0.359569 0.354035 0.347502 0.337807 0.331202 0.325824 0.320827 0.316282 0.312211 0.308632 0.305482 0.302673 0.300071 0.29752 0.294859 0.291932 0.288606 0.280088 0.273068 0.267856 0.258888
-9999 -9999 -9999 -9999 -9999 -9999 -9999 -9999 -9999 0.548455 0.544997 0.542075 0.53891 0.535699 0.532504 0.529358 0.526308 0.523374 0.520484 0.517516 0.514415 0.511007 0.507409 0.503853 0.494137 0.484084 0.478869 0.473621 0.467939 0.461848 0.454026 0.4473 0.442114 0.436936 0.432094 0.427644 0.428927 0.425154 0.42178 0.418647 0.415375 0.406768 0.40348 0.400185 0.396396 0.386997 0.37668 0.371463 0.365784 0.359791 0.353372 0.342942 0.336194 0.330784 0.32554 0.320738 0.317869 0.313797 0.310132 0.306829 0.303815 0.300977 0.298182 0.293387 0.290119 0.286502 0.276963 0.269706 0.264505 0.25896
-9999 -9999 -9999 -9999 -9999 -9999 -9999 -9999 -9999 0.548772 0.545978 0.543169 0.539906 0.536701 0.533562 0.530358 0.527188 0.524121 0.521105 0.518071 0.514798 0.511371 0.507718 0.503919 0.499899 0.483418 0.478528 0.473669 0.468257 0.462614 0.453599 0.448013 0.44314 0.43845 0.433762 0.429348 0.424926 0.421278 0.417622 0.414095 0.410876 0.407613 0.404109 0.400771 0.396829 0.392793 0.376347 0.371244 0.365794 0.360235 0.35417 0.343936 0.337212 0.332051 0.327001 0.322387 0.318013 0.313945 0.310198 0.306735 0.303486 0.30036 0.297245 0.294033 0.29062 0.286911 0.282834 0.272287 0.264241 0.258971
-9999 -9999 -9999 -9999 -9999 -9999 -9999 -9999 -9999 0.550236 0.547246 0.544373 0.541348 0.537949 0.534815 0.531668 0.528409 0.525213 0.52205 0.51893 0.515508 0.511917 0.508181 0.504147 0.500154 0.49601 0.478731 0.473948 0.468767 0.463381 0.454662 0.44958 0.444792 0.440085 0.435523 0.431157 0.427016 0.423169 0.419442 0.415962 0.412425 0.408771 0.405223 0.401711 0.39753 0.393421 0.389088 0.371288 0.366225 0.360872 0.35504 0.343491 0.338498 0.333536 0.328759 0.32417 0.319823 0.315767 0.311949 0.308366 0.304956 0.301642 0.298339 0.29495 0.291397 0.287579 0.283452 0.278787 0.264445 0.259424
-9999 -9999 -9999 -9999 -9999 -9999 -9999 -9999 -9999 0.551963 0.548926 0.545981 0.542839 0.539472 0.536345 0.533258 0.529998 0.526702 0.523497 0.520188 0.516683 0.513026 0.509171 0.505243 0.500897 0.496912 0.479086 0.474456 0.469565 0.460932 0.455768 0.45096 0.446278 0.44166 0.437347 0.433073 0.428962 0.424865 0.421068 0.417567 0.414026 0.410439 0.406642 0.402912 0.398849 0.394628 0.390148 0.371826 0.366852 0.361633 0.354077 0.344832 0.339942 0.335135 0.330488 0.325987 0.321719 0.317686 0.313827 0.310148 0.306603 0.303131 0.299657 0.296105 0.292415 0.28848 0.28426 0.279685 0.264725 0.26009
-9999 -9999 -9999 -9999 -9999 -9999 -9999 -9999 -9999 0.553774 0.550751 0.547736 0.544475 0.541089 0.538149 0.535085 0.531793 0.528472 0.525137 0.521549 0.51817 0.514601 0.510681 0.506462 0.502005 0.49778 0.486765 0.475156 0.470437 0.461718 0.456724 0.452008 0.447586 0.443281 0.439151 0.43501 0.430907 0.426645 0.422487 0.419018 0.4156 0.41196 0.408187 0.404142 0.400071 0.39581 0.391247 0.379439 0.367537 0.362563 0.350861 0.346053 0.341365 0.336766 0.332152 0.327773 0.323657 0.319673 0.315791 0.312044 0.308395 0.304788 0.30117 0.297465 0.293638 0.289629 0.285199 0.280657 0.272217 0.260956
-9999 -9999 -9999 -9999 -9999 -9999 -9999 -9999 -9999 0.555705 0.552546 0.549515 0.546253 0.543122 0.54016 0.537014 0.533777 0.530436 0.52703 0.523484 0.519899 0.516125 0.512093 0.507804 0.503305 0.498777 0.494483 0.475945 0.46867 0.462674 0.45779 0.453333 0.449078 0.445088 0.441059 0.436965 0.43295 0.428991 0.424898 0.420795 0.417067 0.413486 0.409496 0.405368 0.40137 0.397096 0.392522 0.38783 0.368631 0.360922 0.35195 0.34727 0.342761 0.338436 0.334037 0.32974 0.325694 0.321693 0.31781 0.314023 0.310292 0.30658 0.30284 0.299013 0.295053 0.290817 0.28644 0.281833 0.277249 0.262087
-9999 -9999 -9999 -9999 -9999 -9999 -9999 -9999 -9999 0.557671 0.554543 0.551487 0.548443 0.545413 0.542357 0.539029 0.535829 0.532438 0.529077 0.525529 0.52179 0.51792 0.51381 0.509321 0.504759 0.500026 0.495706 0.484346 0.468752 0.463861 0.458868 0.45473 0.450747 0.446849 0.442899 0.438693 0.43492 0.431043 0.427117 0.423105 0.418954 0.415093 0.41089 0.406817 0.402755 0.398469 0.393983 0.389316 0.377042 0.361997 0.353226 0.348616 0.34422 0.339973 0.335846 0.331697 0.327673 0.323723 0.319858 0.316052 0.312268 0.30847 0.304619 0.300679 0.296502 0.292168 0.287764 0.283179 0.278601 0.27026
