Test_Spring_2018/11_17/Prec/20171106_022.txt
ncols	170
nrows	115
xllcorner	350000.000000
yllcorner	4445000.000000
cellsize	1000.000000
nodata_value	-9999.000000
[rows 33 to 65 of 115, columns 75 to 149 of 170]
0.260284 0.261579 0.2725 0.29204 0.296178 0.293973 0.286395 0.279859 0.272748 0.253468 0.225329 0.165587 0 0 0.113288 0.115189 0.121045 0.100927 0 0 0 0 0 0 0 -9999 -9999 -9999 -9999 -9999 -9999 -9999 -9999 -9999 -9999 -9999 -9999 -9999 -9999 -9999 -9999 -9999 -9999 -9999 -9999 -9999 -9999 -9999 -9999 -9999 -9999 -9999 -9999 -9999 -9999 -9999 -9999 -9999 -9999 -9999 -9999 -9999 -9999 -9999 -9999 -9999 -9999 -9999 -9999 -9999 -9999 -9999 -9999 -9999 -9999
0.228812 0.252729 0.26192 0.265937 0.295459 0.294851 0.294357 0.282908 0.273812 0.258221 0.231103 0.192212 0.145236 0 0.114152 0.15411 0.153255 0.151226 0.133523 0 0.127555 0.129209 0 0 0 0 -9999 -9999 -9999 -9999 -9999 -9999 -9999 -9999 -9999 -9999 -9999 -9999 -9999 -9999 -9999 -9999 -9999 -9999 -9999 -9999 -9999 -9999 -9999 -9999 -9999 -9999 -9999 -9999 -9999 -9999 -9999 -9999 -9999 -9999 -9999 -9999 -9999 -9999 -9999 -9999 -9999 -9999 -9999 -9999 -9999 -9999 -9999 -9999 -9999
0.215442 0.245089 0.264388 0.275931 0.285311 0.294815 0.294519 0.282701 0.246426 0.241664 0.240494 0.215148 0.161503 0.107875 0 0.154937 0.172438 0.169024 0.182692 0.150386 0.165842 0.159697 0.142998 0 0 0 0 -9999 -9999 -9999 -9999 -9999 -9999 -9999 -9999 -9999 -9999 -9999 -9999 -9999 -9999 -9999 -9999 -9999 -9999 -9999 -9999 -9999 -9999 -9999 -9999 -9999 -9999 -9999 -9999 -9999 -9999 -9999 -9999 -9999 -9999 -9999 -9999 -9999 -9999 -9999 -9999 -9999 -9999 -9999 -9999 -9999 -9999 -9999 -9999
0.193464 0.219202 0.247619 0.271387 0.283688 0.295626 0.295381 0.271031 0.259353 0.258735 0.242269 0.212904 0.194524 0.160799 0.125612 0.139224 0.19106 0.168137 0.204884 0.201883 0.20873 0.184352 0.142279 0 0 0 0 -9999 -9999 -9999 -9999 -9999 -9999 -9999 -9999 -9999 -9999 -9999 -9999 -9999 -9999 -9999 -9999 -9999 -9999 -9999 -9999 -9999 -9999 -9999 -9999 -9999 -9999 -9999 -9999 -9999 -9999 -9999 -9999 -9999 -9999 -9999 -9999 -9999 -9999 -9999 -9999 -9999 -9999 -9999 -9999 -9999 -9999 -9999 -9999
0.190494 0.210825 0.247147 0.26719 0.275358 0.294115 0.294758 0.285853 0.279195 0.269243 0.256044 0.234001 0.209589 0.17783 0.174972 0.208135 0.208597 0.201733 0.207226 0.224303 0.219912 0.182502 0.12083 0 0 0 0 0 -9999 -9999 -9999 -9999 -9999 -9999 -9999 -9999 -9999 -9999 -9999 -9999 0 -9999 -9999 -9999 -9999 -9999 -9999 -9999 -9999 -9999 -9999 -9999 -9999 -9999 -9999 -9999 -9999 -9999 -9999 -9999 -9999 0 -9999 -9999 -9999 -9999 -9999 -9999 -9999 -9999 -9999 -9999 -9999 -9999 -9999
0.214366 0.232182 0.255101 0.258643 0.272696 0.294123 0.294991 0.288799 0.281665 0.265 0.261062 0.248575 0.222002 0.216618 0.227481 0.23248 0.238134 0.241621 0.23882 0.231978 0.223151 0.202729 0.172382 0.152022 0 0 0 0 0 -9999 -9999 -9999 -9999 -9999 -9999 -9999 0 0 0 0 0 0 -9999 -9999 -9999 -9999 -9999 -9999 -9999 -9999 -9999 -9999 -9999 -9999 -9999 -9999 -9999 -9999 -9999 -9999 -9999 0 0 -9999 -9999 -9999 -9999 -9999 -9999 -9999 -9999 -9999 -9999 -9999 -9999
0.2231 0.235208 0.257438 0.270426 0.280014 0.287809 0.295252 0.294581 0.286615 0.274196 0.274522 0.25711 0.247719 0.240975 0.255596 0.258443 0.252515 0.245105 0.238572 0.220161 0.218085 0.215859 0.196625 0.165032 0.132475 0 0 0 0 -9999 -9999 -9999 -9999 -9999 -9999 0 0 0 0 0 0 0 0 -9999 -9999 -9999 -9999 -9999 -9999 -9999 -9999 -9999 -9999 -9999 -9999 -9999 -9999 0.11327 0 0 0 0 0 -9999 -9999 -9999 -9999 -9999 -9999 -9999 -9999 -9999 -9999 -9999 -9999
0.224074 0.243201 0.260324 0.263521 0.281398 0.290004 0.294246 0.294289 0.293027 0.290987 0.275862 0.269381 0.246232 0.268372 0.267446 0.261724 0.239393 0.229668 0.19146 0.174659 0.174417 0.206549 0.1829 0.133461 0 0 0 0 0 -9999 -9999 -9999 -9999 -9999 -9999 0 0 0 0 0 0 0 0 0 0 0 0 0.108727 0.11519 0.104628 0.115732 -9999 -9999 -9999 -9999 0.1208 0.121807 0.12236 0.105865 0 0 0 0 -9999 -9999 -9999 -9999 -9999 -9999 -9999 -9999 -9999 -9999 -9999 -9999
0.233866 0.242819 0.244661 0.260155 0.275915 0.286189 0.298301 0.297098 0.296624 0.296054 0.290778 0.27854 0.280687 0.279678 0.272581 0.230346 0.181084 0.202753 0.168723 0.108918 0.160151 0.188233 0.161456 0.101562 0 0 0 0 0 -9999 -9999 -9999 0 0 0 0 0 0 0 0.110676 0.110275 0 0 0 0 0.101091 0.111782 0.118321 0.125072 0.1153 0.120198 0.131965 0.137921 0.138901 0.135748 0.13469 0.135171 0.133166 0.117756 0 0 0 0 -9999 -9999 -9999 -9999 -9999 -9999 -9999 -9999 -9999 -9999 -9999 -9999
0.227648 0.239948 0.260454 0.263008 0.276026 0.284245 0.295738 0.297058 0.284002 0.294699 0.293192 0.291056 0.286682 0.280364 0.244665 0.195525 0.146326 0.123739 0.136323 0 0.118591 0.14717 0.131693 0 0 0 0 0 0 -9999 -9999 0 0 0 0 0 0 0 0 0.123205 0.115272 0 0 0 0 0 0 0.108643 0.12887 0.133021 0.13299 0.140464 0.141853 0.142027 0.141526 0.135974 0.137856 0.13765 0.127799 0 0 0 0 -9999 -9999 -9999 -9999 -9999 -9999 -9999 -9999 -9999 -9999 -9999 -9999
0.243114 0.261735 0.264984 0.278589 0.272839 0.269665 0.288531 0.295502 0.286176 0.279369 0.291374 0.290333 0.288561 0.285812 0.252268 0.213539 0.154938 0.118659 0 0 0 0 0 0 0 0 0 0 0 0 -9999 0 0 0 0 0 0 0.101382 0.108167 0.129603 0.117103 0 0 0 0 0 0.109913 0.12166 0.129282 0.137026 0.139432 0.141838 0.142751 0.143128 0.143432 0.142937 0.142273 0.140607 0.136497 0.110815 0 0 0 -9999 -9999 -9999 -9999 -9999 -9999 -9999 -9999 -9999 -9999 -9999 -9999
0.253463 0.264723 0.272792 0.279729 0.28456 0.289917 0.290921 0.294158 0.292582 0.267917 0.269605 0.273716 0.287355 0.286274 0.283266 0.262179 0.190897 0.168299 0.134649 0 0 0 0.11864 0.116991 0 0 0 0 0 0 0 0 0 0 0 0 0.105935 0.113068 0.128169 0.135946 0.118776 0.102369 0 0 0 0 0 0.106233 0.129944 0.13845 0.140887 0.142875 0.143882 0.144524 0.145064 0.144986 0.144027 0.143487 0.142628 0.140035 0.104078 0 0 -9999 -9999 -9999 -9999 -9999 -9999 -9999 -9999 -9999 -9999 -9999 -9999
0.23031 0.234037 0.239921 0.251416 0.264408 0.283131 0.284769 0.294194 0.291387 0.270041 0.245383 0.266177 0.274337 0.282942 0.283257 0.280723 0.22333 0.19291 0.169203 0.125329 0.142237 0.158187 0.15969 0.15049 0 0 0 0 0 0 0 0 0 0 0 0 0.104115 0.120265 0.125791 0.141588 0.120148 0.114598 0 0.102936 0.101241 0.100976 0 0.100443 0.102539 0.13118 0.142747 0.144666 0.145421 0.146157 0.146073 0.145907 0.145321 0.145053 0.143943 0.14274 0.119117 0 0 -9999 -9999 -9999 -9999 -9999 -9999 -9999 -9999 -9999 -9999 -9999 -9999
-9999 0.223601 0.233201 0.239139 0.249145 0.280691 0.288281 0.292862 0.292209 0.281779 0.25633 0.249605 0.253744 0.230223 0.250365 0.278449 0.278825 0.276753 0.225117 0.199154 0.226229 0.218932 0.179586 0.1484 0.117325 0 0 0 0 0 0 0 0 0 0 0 0 0.131747 0.148639 0.144794 0.122234 0.118983 0 0.118254 0.120059 0.108316 0 0.101657 0.115506 0.120415 0.142679 0.147679 0.147449 0.147515 0.147401 0.146978 0.146402 0.145554 0.144659 0.14362 0.141843 0 0 -9999 -9999 -9999 -9999 -9999 -9999 -9999 -9999 -9999 -9999 -9999 -9999
-9999 0.20278 0.20871 0.223543 0.261472 0.281212 0.288193 0.286635 0.289078 0.281258 0.259125 0.236644 0.215907 0.189713 0.205346 0.246171 0.270877 0.27487 0.229889 0.255176 0.247145 0.230076 0.178531 0.140315 0.119757 0 0 0 0 0 0 0 0 0 0.107501 0 0.11252 0.152574 0.152967 0.131295 0.132821 0.119467 0 0.120584 0.130247 0.121827 0.123434 0.120102 0.124846 0.134002 0.142758 0.148431 0.148791 0.148317 0.147909 0.147579 0.147155 0.146159 0.145548 0.144519 0.143203 0 0 -9999 -9999 -9999 -9999 -9999 -9999 -9999 -9999 -9999 -9999 -9999 -9999
-9999 -9999 0.1843 0.218229 0.268628 0.280796 0.278353 0.287437 0.286887 0.275409 0.265516 0.238442 0.202159 0.13317 0.151376 0.189108 0.243361 0.272628 0.270307 0.25607 0.230213 0.165853 0.10928 0.102413 0 0 0 0 0 0 0 0 0 0 0.123904 0.111373 0.135427 0.163543 0.151084 0.143785 0.137634 0.122225 0.121222 0.122638 0.142431 0.12812 0.136168 0.136017 0.134873 0.138969 0.143813 0.148995 0.149441 0.149057 0.148861 0.147872 0.147673 0.146801 0.145847 0.144864 0.143654 0.136259 0 0 -9999 -9999 -9999 -9999 -9999 -9999 -9999 -9999 -9999 -9999 -9999
-9999 -9999 0.154343 0.171112 0.230821 0.248908 0.274171 0.286776 0.285865 0.267321 0.256877 0.216857 0.20376 0.140144 0.11151 0.137114 0.129038 0.203475 0.269526 0.256752 0.12751 0 0 0 0 0 0 0 0 0 0 0.101508 0.105546 0.104417 0.150581 0.156451 0.171575 0.16852 0.170143 0.147055 0.13279 0.145343 0.130741 0.128067 0.148513 0.127646 0.145623 0.14306 0.136826 0.135848 0.147371 0.149242 0.150033 0.149704 0.148932 0.148127 0.147112 0.146985 0.1462 0.144873 0.144237 0.142919 0.131819 0 0 0 -9999 -9999 -9999 -9999 -9999 -9999 -9999 -9999 -9999
-9999 -9999 -9999 0.116514 0.199689 0.237446 0.256106 0.282837 0.284634 0.275358 0.257245 0.216239 0.18072 0.123886 0 0 0.129894 0.221445 0.269947 0.265012 0.157594 0.115524 0.113919 0.139134 0.117483 0.100632 0 0 0 0 0 0 0.125707 0.149214 0.151157 0.166951 0.175087 0.17603 0.179058 0.176538 0.17446 0.151915 0.167371 0.153988 0.160659 0.15572 0.151125 0.147249 0.133685 0.142075 0.149457 0.150927 0.151035 0.150133 0.149716 0.149174 0.148304 0.146615 0.145993 0.145302 0.14426 0.14364 0.140609 0.135698 0.112865 0 0 -9999 -9999 -9999 -9999 -9999 -9999 -9999 -9999
-9999 -9999 -9999 0 0.159313 0.199018 0.249296 0.275933 0.285766 0.282361 0.267423 0.236044 0.189966 0.152181 0 0 0.114057 0.212244 0.265904 0.269993 0.179663 0.20563 0.185538 0.193739 0.155937 0.139666 0.126934 0 0 0 0 0 0.130122 0.161316 0.176169 0.184851 0.189544 0.185786 0.180233 0.146508 0.172516 0.171039 0.168362 0.165184 0.16341 0.160277 0.156577 0.154346 0.152976 0.143727 0.152761 0.151875 0.151475 0.151095 0.150523 0.149823 0.149267 0.14867 0.147548 0.145537 0.144617 0.143815 0.141028 0.140017 0.138188 0.131838 0 0 0 0 -9999 -9999 -9999 -9999 -9999
-9999 -9999 -9999 0 0 0.182138 0.23122 0.272126 0.281432 0.283816 0.26439 0.250009 0.216881 0.186107 0.139054 0 0 0.106093 0.225724 0.270339 0.267614 0.2655 0.242152 0.22078 0.217657 0.218508 0.19337 0.156355 0.107695 0 0 0.129478 0.136462 0.131898 0.19439 0.194732 0.191585 0.168173 0.138969 0.144258 0.127666 0.140217 0.120303 0.138234 0.153583 0.158979 0.157931 0.155498 0.154615 0.152933 0.153839 0.153189 0.152382 0.151739 0.151293 0.150817 0.149925 0.149404 0.149589 0.147471 0.146845 0.144115 0.14134 0.140506 0.139014 0.137737 0.129677 0.117869 0 0 0 -9999 -9999 -9999 -9999
-9999 -9999 -9999 0 0 0.160109 0.211991 0.259984 0.269641 0.284765 0.279745 0.264786 0.235943 0.200555 0.161862 0.101456 0 0.112996 0.189372 0.246745 0.267405 0.267313 0.266147 0.260661 0.258668 0.251628 0.246905 0.219632 0.173365 0.146831 0.108762 0.171174 0.177549 0.167187 0.198696 0.197217 0.149646 0.113247 0.109092 0.128227 0.106952 0.102969 0 0.104052 0.14392 0.131848 0.133566 0.151492 0.153748 0.154806 0.15464 0.153891 0.153265 0.152508 0.152202 0.15198 0.151067 0.15059 0.150308 0.149503 0.147276 0.146542 0.143424 0.140234 0.139178 0.13797 0.135427 0.132604 0.134872 0.131534 0 0 -9999 -9999 -9999
-9999 -9999 -9999 0 0 0.123561 0.200267 0.25184 0.27161 0.285705 0.284274 0.267096 0.252573 0.230389 0.196297 0.173446 0.133327 0 0.174119 0.200322 0.226565 0.238793 0.266022 0.265139 0.252162 0.237342 0.249524 0.243805 0.207204 0.194305 0.173544 0.207829 0.207162 0.205701 0.203587 0.163148 0.107103 0 0 0 0 0 0 0.120907 0.130326 0.108863 0 0.14007 0.146996 0.150953 0.153269 0.154617 0.153597 0.153623 0.15297 0.152533 0.152147 0.151551 0.151142 0.150574 0.149988 0.147073 0.143878 0.142831 0.141567 0.141083 0.137008 0.136291 0.135494 0.135194 0.123914 0 0 -9999 -9999
-9999 -9999 -9999 -9999 0 0.110798 0.197464 0.244913 0.274161 0.28773 0.286261 0.277093 0.267096 0.253321 0.228774 0.198141 0.149495 0.113726 0.138162 0.163177 0.166326 0.185631 0.240699 0.259209 0.231961 0.16647 0.203437 0.245505 0.243449 0.238438 0.233105 0.226434 0.220898 0.209918 0.181622 0 0 0 0 0 0 0 0 0.105684 0.111509 0 0 0.123552 0.139434 0.135922 0.145436 0.154436 0.154205 0.154011 0.153361 0.153242 0.153047 0.152653 0.152103 0.15159 0.151157 0.147465 0.144404 0.140713 0.138165 0.133525 0.138324 0.138469 0.138314 0.137539 0.136478 0.120434 0 0 -9999
-9999 -9999 -9999 -9999 0 0 0.198096 0.229998 0.261865 0.289309 0.2888 0.27528 0.262743 0.250205 0.236264 0.198718 0.162495 0.128011 0.116923 0.124648 0.118955 0.149825 0.221437 0.234948 0.228394 0.159233 0.134775 0.191467 0.238881 0.241464 0.235898 0.177588 0.188995 0.15748 0.115149 0.103381 0 0 0 0 0 0 0 0 0 0 0 0.104862 0.124915 0.124683 0.145838 0.152985 0.15445 0.154461 0.1544 0.15413 0.154165 0.153697 0.153134 0.152479 0.151204 0.148473 0.137617 0 0 0.10317 0.113532 0.132563 0.137801 0.137996 0.137015 0.133102 0.124118 0 -9999
-9999 -9999 -9999 -9999 0 0 0.172788 0.239842 0.242897 0.274974 0.29117 0.276589 0.260542 0.244419 0.237553 0.196409 0.15131 0.115002 0 0 0.110842 0.156051 0.202138 0.209958 0.199707 0.162452 0.178736 0.21704 0.236789 0.241776 0.235791 0.222323 0.214283 0.190853 0.180483 0.148494 0 0 0 0 0 0 0 0 0 0 0 0.108838 0.126708 0.14226 0.149262 0.151676 0.155799 0.155392 0.155324 0.155135 0.15471 0.154389 0.15333 0.152414 0.147729 0.140945 0.10198 0 0 0 0.114453 0.130306 0.136636 0.136985 0.136922 0.135497 0.13415 0 -9999
-9999 -9999 -9999 -9999 0 0 0.170903 0.218558 0.22623 0.262092 0.294007 0.289696 0.27299 0.2678 0.250896 0.215817 0.177147 0.134885 0.114398 0 0.113623 0.144092 0.182937 0.200727 0.170297 0.154031 0.179847 0.205456 0.214964 0.240867 0.239524 0.229721 0.190837 0.171565 0.178792 0.170316 0.155923 0.121474 0.119536 0 0 0 0 0 0 0 0.103564 0.121712 0.133475 0.144134 0.14639 0.150679 0.156514 0.156517 0.156243 0.155763 0.155477 0.154631 0.152445 0.150563 0.141379 0.125369 0 0 0 0.10875 0.118814 0.128364 0.133237 0.136499 0.13597 0.135534 0.134461 0 0
-9999 -9999 -9999 -9999 0 0 0.158441 0.186165 0.190163 0.256007 0.296094 0.295553 0.287367 0.278018 0.23616 0.238462 0.230039 0.191636 0.135697 0 0 0.113742 0.160355 0.176821 0.12645 0.107654 0.119538 0.158884 0.193986 0.230725 0.239274 0.227175 0.167086 0.103379 0.131833 0.162351 0.161562 0.151811 0.119621 0.108927 0 0 0 0 0 0 0 0.119928 0.136732 0.129213 0.132322 0.148516 0.157558 0.157317 0.156941 0.156763 0.156087 0.155088 0.151033 0.146778 0.139901 0 0 0 0 0 0.106594 0.128859 0.133844 0.135636 0.135526 0.13505 0.134395 0.124131 0.1183
-9999 -9999 -9999 -9999 0 0 0.123249 0.148921 0.190242 0.252573 0.282929 0.297207 0.296368 0.289913 0.270866 0.259281 0.236821 0.196576 0.141642 0 0 0 0.122099 0.136075 0 0 0 0.136596 0.199381 0.234799 0.238671 0.234367 0.221223 0.174418 0.118099 0.117488 0.14453 0.120447 0 0.10656 0.102864 0 0 0 0 0 0 0.105865 0.14123 0.145526 0.143649 0.158162 0.158213 0.157918 0.157902 0.157343 0.156705 0.155785 0.152366 0.145263 0.117651 0 0 0 0 0.102706 0.117647 0.128344 0.131536 0.134072 0.135475 0.135378 0.134428 0.129165 0.112876
-9999 -9999 -9999 -9999 0 0 0 0.155673 0.209392 0.255538 0.258621 0.28269 0.28211 0.294438 0.29016 0.272265 0.25301 0.217976 0.147225 0 0 0 0.106165 0.110641 0 0 0 0.141863 0.199772 0.23064 0.204527 0.229196 0.226108 0.207947 0.173976 0.121677 0.121689 0 0 0 0.103434 0 0 0 0 0 0 0 0.124989 0.151557 0.155276 0.159694 0.159155 0.158544 0.158338 0.157813 0.156706 0.154801 0.151213 0.127959 0.100402 0 0 0 0 0.11034 0.11949 0.128673 0.132031 0.134302 0.135145 0.135457 0.133857 0.130428 0.110584
-9999 -9999 -9999 -9999 -9999 0 0.101468 0.147989 0.160292 0.20141 0.223384 0.240215 0.243472 0.292238 0.294197 0.282385 0.264358 0.234061 0.179868 0.141727 0 0 0 0 0 0 0 0.146723 0.210816 0.216847 0.174366 0.17948 0.187137 0.205547 0.194648 0.12359 0 0 0 0 0.100622 0.100254 0 0 0 0 0.120207 0.124039 0.141916 0.154895 0.157789 0.159812 0.159354 0.158979 0.158312 0.156881 0.155726 0.151682 0.143294 0.117314 0 0 0 0 0 0 0.117295 0.129815 0.132724 0.13414 0.134996 0.135313 0.134317 0.132423 0.123694
-9999 -9999 -9999 -9999 -9999 0 0 0.112137 0.110901 0 0 0.186677 0.204139 0.25077 0.294714 0.290311 0.272312 0.243572 0.210521 0.160081 0 0 0 0 0.116146 0.126741 0.143999 0.181153 0.187316 0.143902 0.10316 0.124436 0.13683 0.186925 0.195129 0.183974 0.140518 0 0 0 0 0 0 0 0 0.112953 0.129899 0.141292 0.146966 0.157856 0.159872 0.15989 0.159947 0.158944 0.157615 0.155072 0.152325 0.142251 0.130204 0 0 0 0 0 0 0.103454 0.11591 0.128371 0.130771 0.133432 0.133665 0.134717 0.134175 0.133249 0.12894
-9999 -9999 -9999 -9999 -9999 -9999 -9999 -9999 -9999 -9999 0 0.114881 0.180686 0.23458 0.296259 0.294781 0.278842 0.260293 0.211994 0.158955 0.148343 0 0 0 0.118701 0.147151 0.156346 0.167634 0.149178 0.112219 0 0 0.135952 0.188806 0.187352 0.187801 0.16463 0.131726 0 0 0 0 0 0 0 0.116476 0.11593 0.134406 0.156183 0.159285 0.160628 0.160846 0.160204 0.158288 0.15606 0.152958 0.148636 0.141881 0.128516 0 0 0 0 0 0 0.10822 0.119924 0.126051 0.129465 0.132033 0.133895 0.134662 0.134233 0.133702 0.130538
-9999 -9999 -9999 -9999 -9999 -9999 -9999 -9999 -9999 -9999 0 0 0.172852 0.232079 0.286836 0.294396 0.277321 0.254848 0.22788 0.196861 0.152892 0 0 0 0.113387 0.128894 0.12552 0 0 0 0 0 0.129121 0.175287 0.182988 0.178165 0.172594 0.110227 0 0 0 0 0 0 0 0.118997 0.137026 0.149377 0.156675 0.16116 0.161149 0.160948 0.159796 0.156827 0.153738 0.15042 0.146051 0.141615 0.131202 0 0 0 0 0 0 0.102699 0.116088 0.12485 0.130288 0.132592 0.134144 0.133441 0.13374 0.133426 0.131481
