Test_Spring_2018/11_17/Prec/20171119_023.txt
ncols	170
nrows	115
xllcorner	350000.000000
yllcorner	4445000.000000
cellsize	1000.000000
nodata_value	-9999.000000
[rows 32 to 63 of 115, columns 72 to 143 of 170]
1.21958 1.20498 1.19865 1.19186 1.14084 1.08857 1.06087 1.04971 1.03697 1.02161 1.01105 1.00095 0.991953 0.97614 0.945128 0.915429 0.915972 0.904378 0.883394 0.882043 0.858388 0.821795 0.776308 0.770764 0.746461 0.677648 0.626418 -9999 -9999 -9999 -9999 -9999 -9999 -9999 -9999 -9999 -9999 -9999 -9999 -9999 -9999 -9999 -9999 -9999 -9999 -9999 -9999 -9999 -9999 -9999 -9999 -9999 -9999 -9999 -9999 -9999 -9999 -9999 -9999 -9999 -9999 -9999 -9999 -9999 -9999 -9999 -9999 -9999 -9999 -9999 -9999 -9999
1.17898 1.16761 1.16492 1.15402 1.11018 1.05924 1.02706 1.01643 1.00453 0.991665 0.97984 0.968377 0.953321 0.935493 0.907276 0.874723 0.85949 0.860051 0.848697 0.837486 0.816719 0.793139 0.763877 0.757156 0.743322 0.688909 0.623132 0.544252 -9999 -9999 -9999 -9999 -9999 -9999 -9999 -9999 -9999 -9999 -9999 -9999 -9999 -9999 -9999 -9999 -9999 -9999 -9999 -9999 -9999 -9999 -9999 -9999 -9999 -9999 -9999 -9999 -9999 -9999 -9999 -9999 -9999 -9999 -9999 -9999 -9999 -9999 -9999 -9999 -9999 -9999 -9999 -9999
1.13789 1.12157 1.1167 1.11004 1.04171 0.996622 0.985058 0.982076 0.969844 0.958224 0.94367 0.930457 0.915645 0.897479 0.875712 0.851342 0.815423 0.822099 0.824595 0.81313 0.800387 0.781614 0.75527 0.750748 0.735608 0.658068 0.563462 0.537638 0.518546 -9999 -9999 -9999 -9999 -9999 -9999 -9999 -9999 -9999 -9999 -9999 -9999 -9999 -9999 -9999 -9999 -9999 -9999 -9999 -9999 -9999 -9999 -9999 -9999 -9999 -9999 -9999 -9999 -9999 -9999 -9999 -9999 -9999 -9999 -9999 -9999 -9999 -9999 -9999 -9999 -9999 -9999 -9999
1.09688 1.07983 1.07566 1.07211 1.03409 0.975753 0.955095 0.944865 0.934919 0.922236 0.906403 0.883334 0.871154 0.860822 0.843286 0.817074 0.791138 0.778118 0.788977 0.785367 0.774305 0.767898 0.745674 0.737906 0.722255 0.67726 0.578137 0.536388 0.516364 0.490522 -9999 -9999 -9999 -9999 -9999 -9999 -9999 -9999 -9999 -9999 -9999 -9999 -9999 -9999 -9999 -9999 -9999 -9999 -9999 -9999 -9999 -9999 -9999 -9999 -9999 -9999 -9999 -9999 -9999 -9999 -9999 -9999 -9999 -9999 -9999 -9999 -9999 -9999 -9999 -9999 -9999 -9999
-9999 -9999 1.03283 0.998451 0.966966 0.940312 0.921268 0.911031 0.900726 0.886816 0.86571 0.849504 0.837834 0.822091 0.803222 0.788841 0.770244 0.751642 0.748942 0.758377 0.743113 0.746305 0.735635 0.727031 0.707232 0.604994 0.557136 0.519583 0.501156 0.478492 -9999 -9999 -9999 -9999 -9999 -9999 -9999 -9999 -9999 -9999 -9999 -9999 -9999 -9999 -9999 -9999 -9999 -9999 -9999 -9999 -9999 -9999 -9999 -9999 -9999 -9999 -9999 -9999 -9999 -9999 -9999 -9999 -9999 -9999 -9999 -9999 -9999 -9999 -9999 -9999 -9999 -9999
-9999 -9999 -9999 0.967527 0.93379 0.931635 0.888788 0.876038 0.866601 0.851592 0.834157 0.818443 0.802936 0.787829 0.771374 0.755589 0.738652 0.731941 0.737335 0.732168 0.72419 0.719366 0.717148 0.70668 0.661846 0.579552 0.556691 0.494381 0.472676 0.461916 0.443743 -9999 -9999 -9999 -9999 -9999 -9999 -9999 -9999 -9999 -9999 -9999 -9999 0.384842 -9999 -9999 -9999 -9999 -9999 -9999 -9999 -9999 -9999 -9999 -9999 -9999 -9999 -9999 -9999 -9999 -9999 -9999 -9999 -9999 0.168653 -9999 -9999 -9999 -9999 -9999 -9999 -9999
-9999 -9999 0.978572 0.91969 0.9122 0.904605 0.871706 0.844213 0.834105 0.817626 0.799636 0.782578 0.764063 0.751559 0.738309 0.722466 0.715182 0.714454 0.712611 0.711173 0.708646 0.703183 0.695107 0.68482 0.598722 0.578838 0.561135 0.516376 0.480069 0.458521 0.432232 0.409927 -9999 -9999 -9999 -9999 -9999 -9999 -9999 0.387065 0.382622 0.378799 0.377622 0.381749 0.370617 -9999 -9999 -9999 -9999 -9999 -9999 -9999 -9999 -9999 -9999 -9999 -9999 -9999 -9999 -9999 -9999 -9999 -9999 -9999 0.173595 0.157016 -9999 -9999 -9999 -9999 -9999 -9999
-9999 -9999 0.901343 0.897219 0.886939 0.877774 0.863864 0.817226 0.800991 0.784942 0.767197 0.748615 0.730617 0.719125 0.70446 0.694892 0.688397 0.690528 0.689932 0.686853 0.682925 0.678265 0.668238 0.661614 0.586363 0.570605 0.54957 0.527263 0.475345 0.443238 0.41191 0.385193 -9999 -9999 -9999 -9999 -9999 -9999 0.381897 0.386518 0.388067 0.375002 0.379444 0.382444 0.375792 0.305824 -9999 -9999 -9999 -9999 -9999 -9999 -9999 -9999 -9999 -9999 -9999 -9999 -9999 -9999 0.240851 0.22583 0.197922 0.181613 0.169835 0.154218 -9999 -9999 -9999 -9999 -9999 -9999
-9999 -9999 0.878365 0.874883 0.865717 0.853345 0.834379 0.80228 0.772316 0.753416 0.734284 0.716573 0.701071 0.684252 0.673352 0.660135 0.664277 0.663102 0.661735 0.655486 0.652927 0.640001 0.632198 0.56547 0.568394 0.551524 0.52479 0.492884 0.441981 0.420036 0.400822 0.375723 -9999 -9999 -9999 -9999 -9999 -9999 0.373713 0.379797 0.384484 0.382944 0.37004 0.379408 0.321019 0.307067 0.298463 0.297426 0.293166 0.274483 0.269896 0.26612 0.257408 0.256331 -9999 -9999 -9999 -9999 0.243471 0.241889 0.240081 0.232495 0.20249 0.180481 0.159685 0.140469 -9999 -9999 -9999 -9999 -9999 -9999
-9999 -9999 0.865924 0.858103 0.844325 0.825291 0.808254 0.772921 0.743653 0.707705 0.68835 0.671252 0.656765 0.64385 0.63199 0.627998 0.625822 0.623863 0.611898 0.59809 0.606726 0.611637 0.548872 0.547192 0.549195 0.531436 0.5012 0.466493 0.431909 0.412812 0.390199 0.358268 -9999 -9999 -9999 0.343682 0.352073 0.350793 0.352609 0.36214 0.368923 0.378831 0.380505 0.338903 0.318432 0.304213 0.28878 0.283849 0.290317 0.285883 0.268372 0.264363 0.255687 0.247457 0.247707 0.246747 0.244748 0.24184 0.23985 0.238394 0.235963 0.228835 0.206295 0.189001 0.175913 0.136622 -9999 -9999 -9999 -9999 -9999 -9999
-9999 -9999 0.822388 0.812899 0.799533 0.785506 0.76346 0.743457 0.705688 0.681463 0.661609 0.63946 0.628037 0.616234 0.60802 0.602774 0.600138 0.590492 0.578022 0.565998 0.562014 0.5313 0.517612 0.508057 0.510434 0.510173 0.475859 0.443777 0.428116 0.39782 0.363077 0.335112 -9999 -9999 0.314252 0.332611 0.345769 0.352409 0.354147 0.353865 0.363587 0.363057 0.371991 0.332894 0.302892 0.297467 0.287536 0.282872 0.27149 0.26493 0.257219 0.255034 0.251282 0.247008 0.245988 0.243775 0.241824 0.240136 0.237078 0.236441 0.234902 0.229795 0.209459 0.197323 0.173342 0.131742 -9999 -9999 -9999 -9999 -9999 -9999
-9999 -9999 0.791806 0.78094 0.768046 0.748035 0.729705 0.721068 0.678235 0.660097 0.637155 0.615387 0.597873 0.590431 0.583011 0.579457 0.579172 0.571666 0.564131 0.550649 0.543718 0.507921 0.501756 0.470264 0.467798 0.457417 0.445047 0.435696 0.425837 0.389224 0.366505 0.332189 0.3123 -9999 0.305227 0.311743 0.328528 0.343739 0.353896 0.350514 0.362393 0.363849 0.340932 0.331907 0.307866 0.288117 0.279549 0.269977 0.269633 0.268587 0.25701 0.253045 0.248262 0.244807 0.242302 0.240192 0.238646 0.237606 0.236582 0.235493 0.233791 0.230754 0.219993 0.199422 0.175713 0.131995 -9999 -9999 -9999 -9999 -9999 -9999
-9999 0.793969 0.780851 0.772232 0.755488 0.735536 0.713564 0.689919 0.651649 0.640067 0.617963 0.596197 0.572675 0.562024 0.55675 0.558981 0.5603 0.563897 0.563375 0.547086 0.519919 0.50124 0.484119 0.463865 0.459665 0.462844 0.451515 0.431356 0.409544 0.372812 0.358791 0.335344 0.300106 0.295198 0.300896 0.305769 0.317111 0.336545 0.350957 0.358022 0.360943 0.34368 0.342012 0.323314 0.303038 0.292373 0.279467 0.269933 0.261088 0.257352 0.24636 0.248999 0.246184 0.241398 0.238943 0.237145 0.236035 0.235459 0.234957 0.234125 0.233069 0.231268 0.221577 0.205669 0.168153 0.136585 -9999 -9999 -9999 -9999 -9999 -9999
-9999 -9999 0.769229 0.754256 0.733755 0.711833 0.690153 0.668073 0.633781 0.611182 0.59322 0.579372 0.556184 0.537287 0.537906 0.53907 0.544366 0.549967 0.556384 0.521995 0.51341 0.505372 0.488797 0.480529 0.477878 0.468752 0.454669 0.424808 0.394316 0.350299 0.320525 0.309794 0.293662 0.290815 0.293159 0.308729 0.32068 0.326353 0.331384 0.352731 0.343743 0.336769 0.336315 0.322771 0.305854 0.29163 0.283822 0.273901 0.264597 0.241197 0.240961 0.23532 0.239342 0.239477 0.236361 0.234767 0.234025 0.233605 0.233419 0.233007 0.232267 0.22609 0.219731 0.207122 0.1648 0.136253 -9999 -9999 -9999 -9999 -9999 -9999
-9999 -9999 -9999 -9999 0.719976 0.698348 0.674124 0.650497 0.620406 0.599722 0.580361 0.562444 0.545219 0.528816 0.521039 0.521448 0.51692 0.527593 0.532299 0.534656 0.535061 0.517754 0.499217 0.501831 0.491353 0.468753 0.44734 0.424919 0.391299 0.35282 0.320415 0.294538 0.285839 0.297532 0.308517 0.324664 0.332286 0.328464 0.335154 0.335279 0.34308 0.343843 0.336686 0.322366 0.30602 0.288501 0.286599 0.277412 0.264062 0.251646 0.238274 0.236409 0.232832 0.236092 0.23498 0.233136 0.232471 0.232334 0.23233 0.232137 0.22755 0.224345 0.219932 0.214119 0.170462 0.13092 -9999 -9999 -9999 -9999 -9999 -9999
-9999 -9999 -9999 -9999 0.703935 0.680673 0.659102 0.644489 0.611016 0.590642 0.569921 0.553683 0.537971 0.521898 0.510312 0.503022 0.495297 0.50271 0.518396 0.528274 0.530222 0.514616 0.512511 0.503402 0.489474 0.462739 0.438968 0.419958 0.387239 0.347324 0.322471 0.29332 0.2941 0.29759 0.305724 0.324064 0.337398 0.343567 0.336059 0.34006 0.34937 0.344534 0.331299 0.324417 0.30464 0.283837 0.285175 0.278284 0.265826 0.257132 0.241641 0.236906 0.234836 0.233915 0.233235 0.231951 0.231254 0.231218 0.231401 0.229736 0.227559 0.224343 0.219763 0.213877 0.18311 0.129445 -9999 -9999 -9999 -9999 -9999 -9999
-9999 -9999 -9999 -9999 -9999 0.66431 0.649255 0.639264 0.60409 0.58167 0.565435 0.549233 0.533211 0.521755 0.508839 0.49653 0.475624 0.483541 0.497739 0.516571 0.526054 0.523627 0.508363 0.493122 0.463691 0.435265 0.421709 0.406455 0.379378 0.343774 0.317811 0.318302 0.321213 0.326863 0.32913 0.325863 0.33731 0.346566 0.341273 0.346563 0.35181 0.342583 0.333742 0.324139 0.303563 0.293279 0.283587 0.279909 0.265545 0.258984 0.244664 0.238194 0.234682 0.232698 0.232054 0.230966 0.23046 0.230557 0.230173 0.229233 0.227018 0.223572 0.218859 0.212843 0.203688 0.169649 0.146937 -9999 -9999 -9999 -9999 -9999
-9999 -9999 -9999 -9999 -9999 0.64711 0.627403 0.621568 0.589268 0.577215 0.563506 0.548439 0.531143 0.519172 0.501041 0.496764 0.476818 0.469852 0.479417 0.477323 0.500621 0.519588 0.504217 0.455258 0.431502 0.410693 0.402432 0.390644 0.374489 0.330185 0.314783 0.326433 0.332213 0.33685 0.340893 0.339016 0.339089 0.353534 0.354264 0.356481 0.351459 0.346596 0.332494 0.320154 0.308534 0.29388 0.282945 0.279612 0.263312 0.26018 0.245226 0.237359 0.232444 0.232824 0.231267 0.230386 0.229336 0.229458 0.229077 0.227721 0.225623 0.222106 0.217168 0.211249 0.204004 0.190263 0.169448 0.155969 0.151047 -9999 -9999 -9999
-9999 -9999 -9999 -9999 -9999 -9999 0.604172 0.607515 0.582633 0.570156 0.562625 0.549833 0.52388 0.515403 0.500931 0.489151 0.470892 0.450111 0.44182 0.4753 0.50328 0.515861 0.502337 0.460213 0.437883 0.427543 0.42507 0.40699 0.390362 0.351732 0.338175 0.323765 0.32198 0.322645 0.332014 0.343258 0.351127 0.351087 0.354332 0.354872 0.350971 0.346443 0.338933 0.330551 0.307582 0.30285 0.288723 0.281253 0.270448 0.260392 0.24514 0.235215 0.233588 0.232823 0.231247 0.227871 0.22796 0.228037 0.22756 0.226174 0.223271 0.219687 0.214889 0.208835 0.201877 0.190861 0.180859 0.164647 0.145819 0.124458 -9999 -9999
-9999 -9999 -9999 -9999 -9999 -9999 0.586176 0.591278 0.56807 0.567677 0.539543 0.530799 0.525692 0.518401 0.506921 0.491351 0.478649 0.454652 0.429275 0.467474 0.496748 0.510331 0.506484 0.462322 0.462126 0.446194 0.438813 0.416271 0.400709 0.375185 0.358804 0.342632 0.31246 0.30307 0.328296 0.341377 0.351476 0.355357 0.356082 0.354242 0.351146 0.342903 0.325365 0.326208 0.31011 0.299896 0.289492 0.279754 0.270013 0.260728 0.246096 0.240459 0.233399 0.229193 0.226308 0.226184 0.226218 0.225995 0.225215 0.223703 0.221212 0.217648 0.211851 0.205917 0.199075 0.188371 0.179993 0.170994 0.160342 0.135332 0.117077 0
-9999 -9999 -9999 -9999 -9999 -9999 0.543862 0.563284 0.527001 0.532391 0.530008 0.527686 0.524764 0.516068 0.509864 0.498034 0.486979 0.470305 0.445417 0.428652 0.458067 0.492245 0.501467 0.485325 0.476334 0.459846 0.443596 0.433096 0.424008 0.3946 0.351719 0.334406 0.323071 0.317806 0.336457 0.339043 0.337279 0.356278 0.354099 0.349605 0.337381 0.325841 0.321044 0.307392 0.295964 0.280682 0.277641 0.274 0.267583 0.259706 0.245043 0.232998 0.229693 0.225506 0.224632 0.224128 0.223781 0.223289 0.222289 0.220426 0.217792 0.21441 0.209349 0.203619 0.195874 0.185506 0.177669 0.169325 0.160911 0.150316 0.138679 0.117201
-9999 -9999 -9999 -9999 -9999 -9999 0.50382 0.499499 0.515672 0.513536 0.522501 0.520761 0.522164 0.518079 0.511419 0.500522 0.487399 0.472793 0.450524 0.432649 0.446285 0.474777 0.487378 0.478 0.471386 0.462643 0.452266 0.410527 0.401839 0.380208 0.368978 0.345307 0.336539 0.324441 0.344864 0.346898 0.342931 0.351652 0.34871 0.3298 0.313441 0.306528 0.310557 0.296592 0.279493 0.266582 0.26312 0.268025 0.248049 0.241979 0.233896 0.230951 0.224905 0.223358 0.22223 0.221491 0.220776 0.219995 0.218779 0.216677 0.213919 0.210361 0.205766 0.199683 0.193326 0.182942 0.174895 0.167318 0.159598 0.15149 0.138201 0.124791
-9999 -9999 -9999 -9999 -9999 -9999 0.469264 0.483484 0.498201 0.503846 0.514586 0.516479 0.517673 0.514653 0.506999 0.500318 0.490975 0.477355 0.466765 0.449897 0.427364 0.453102 0.465682 0.458074 0.418744 0.419145 0.411109 0.399998 0.376161 0.376941 0.36399 0.351147 0.346551 0.339728 0.350703 0.3501 0.348691 0.346311 0.330654 0.309006 0.290106 0.295333 0.287199 0.288591 0.258062 0.253793 0.255263 0.250498 0.237972 0.22668 0.227788 0.221915 0.220845 0.219952 0.21926 0.218087 0.21729 0.21607 0.214506 0.212375 0.209484 0.20591 0.201543 0.196472 0.189442 0.179513 0.172511 0.159884 0.152604 0.145865 0.139329 0.125082
-9999 -9999 -9999 -9999 -9999 -9999 -9999 0.431337 0.443679 0.466045 0.477354 0.484005 0.486367 0.484188 0.479404 0.473864 0.466345 0.454432 0.439604 0.418075 0.399981 0.400819 0.411422 0.396359 0.394589 0.404772 0.403738 0.388662 0.342253 0.341114 0.35308 0.351535 0.349533 0.347641 0.349862 0.347349 0.342582 0.331552 0.301146 0.286992 0.271399 0.267124 0.255385 0.264007 0.243489 0.248156 0.245897 0.24063 0.222292 0.207968 0.211506 0.213515 0.210042 0.211405 0.215404 0.21419 0.213008 0.211496 0.209796 0.207576 0.204706 0.198083 0.193577 0.188484 0.180813 0.171137 0.163576 0.156314 0.148448 0.143839 0.138056 0.122372
-9999 -9999 -9999 -9999 -9999 -9999 -9999 0.403057 0.427613 0.455409 0.461716 0.469022 0.475538 0.473282 0.466724 0.460085 0.452827 0.444377 0.427538 0.410428 0.393314 0.383365 0.379297 0.372547 0.375311 0.391613 0.389671 0.381894 0.322385 0.312014 0.328633 0.342857 0.34299 0.340647 0.321174 0.323901 0.312235 0.296397 0.289669 0.279991 0.262984 0.263883 0.249022 0.246862 0.23344 0.23336 0.229785 0.23151 0.215172 0.198244 0.201299 0.204689 0.20218 0.207105 0.207865 0.206965 0.205577 0.203968 0.201938 0.199539 0.196439 0.192748 0.188482 0.183521 0.177667 0.16733 0.144639 0.138788 0.136686 0.134585 0.125318 0.1216
-9999 -9999 -9999 -9999 -9999 -9999 -9999 0.394938 0.410368 0.434721 0.452414 0.450256 0.458005 0.460847 0.453684 0.445744 0.437306 0.431289 0.413612 0.394123 0.377047 0.357485 0.354145 0.358561 0.368891 0.377689 0.374578 0.366178 0.315687 0.31858 0.329198 0.334294 0.334924 0.332121 0.326812 0.322979 0.313735 0.308151 0.294949 0.27537 0.26487 0.2641 0.241925 0.237546 0.23803 0.218679 0.2232 0.222257 0.20343 0.189995 0.19785 0.200551 0.203046 0.203215 0.202204 0.201897 0.200122 0.198303 0.196169 0.19359 0.19062 0.186968 0.182931 0.177286 0.170629 0.153315 0.136676 0.132514 0.13319 0.133324 0.121626 0.120277
-9999 -9999 -9999 -9999 -9999 -9999 -9999 0.385576 0.399372 0.420078 0.431541 0.430762 0.439537 0.447249 0.443245 0.435038 0.43022 0.42121 0.405903 0.389049 0.370724 0.359228 0.338946 0.349076 0.355897 0.363063 0.3638 0.312674 0.30461 0.310683 0.317155 0.318786 0.325942 0.324371 0.319987 0.305979 0.297951 0.298033 0.29253 0.284588 0.269659 0.26478 0.252938 0.244931 0.236886 0.215686 0.215445 0.210259 0.199189 0.194462 0.196753 0.19748 0.198297 0.196766 0.196153 0.19618 0.194338 0.192307 0.190008 0.187499 0.184487 0.180705 0.176689 0.170012 0.160871 0.147138 0.120688 0.126943 0.133766 0.130539 0.119244 0.117887
-9999 -9999 -9999 -9999 -9999 -9999 -9999 0.367925 0.383466 0.400701 0.405766 0.403721 0.422048 0.432272 0.429422 0.424015 0.41804 0.401305 0.398562 0.392094 0.375728 0.35355 0.329506 0.327098 0.32724 0.346658 0.34755 0.289413 0.280778 0.282448 0.293334 0.303112 0.313585 0.315002 0.309682 0.288677 0.266224 0.273193 0.280426 0.277122 0.270508 0.256266 0.248646 0.241059 0.22877 0.202793 0.200661 0.198756 0.187136 0.187377 0.190459 0.19279 0.187635 0.186228 0.189283 0.19017 0.188104 0.18595 0.183736 0.181175 0.178285 0.174162 0.169728 0.164219 0.147404 0.135426 0.116368 0.122577 0.126376 0.112939 0.117367 0.116462
-9999 -9999 -9999 -9999 -9999 -9999 -9999 0.34623 0.356404 0.372907 0.377344 0.3873 0.404403 0.411421 0.413375 0.410473 0.405703 0.396754 0.390074 0.379732 0.363511 0.342441 0.319322 0.302993 0.30589 0.324579 0.312157 0.268577 0.258278 0.265288 0.277025 0.295658 0.305565 0.305317 0.302379 0.296454 0.279448 0.259101 0.256441 0.262381 0.251465 0.238996 0.239775 0.234593 0.222754 0.212789 0.197486 0.186916 0.176482 0.175664 0.17981 0.188086 0.186639 0.183478 0.185836 0.183679 0.181497 0.179421 0.177121 0.174695 0.172039 0.168411 0.163418 0.151629 0.140811 0.126864 0.12217 0.123942 0.123527 0.113804 0.114916 0.113799
-9999 -9999 -9999 -9999 -9999 -9999 -9999 0.31919 0.332432 0.347794 0.36231 0.376217 0.388029 0.386219 0.391411 0.388793 0.390431 0.386733 0.37862 0.370017 0.356247 0.330861 0.308982 0.285305 0.287784 0.301043 0.267555 0.254883 0.233877 0.2506 0.269436 0.286429 0.294764 0.28472 0.291059 0.288346 0.280626 0.267607 0.248435 0.245902 0.230329 0.226352 0.229012 0.227094 0.221815 0.213421 0.194496 0.183929 0.170265 0.167371 0.17081 0.176338 0.181962 0.180464 0.179423 0.176967 0.174623 0.172491 0.170285 0.167872 0.16514 0.161772 0.151934 0.140581 0.132471 0.122217 0.118402 0.126796 0.122749 0.111544 0.112534 0.111791
-9999 -9999 -9999 -9999 -9999 -9999 -9999 -9999 0.314749 0.330896 0.342049 0.342502 0.352631 0.356932 0.359901 0.358771 0.372577 0.371429 0.365936 0.358474 0.347031 0.327803 0.313665 0.291465 0.274738 0.259789 0.238508 0.241354 0.237443 0.243664 0.261682 0.280626 0.280864 0.26546 0.265436 0.266201 0.270365 0.264939 0.239913 0.225789 0.21336 0.216957 0.220613 0.218581 0.214909 0.2093 0.188828 0.166995 0.172154 0.174992 0.172629 0.175037 0.176119 0.174203 0.172256 0.169737 0.16744 0.165203 0.162827 0.160601 0.157454 0.152873 0.142542 0.120541 0.119188 0.114656 0.106002 0.114637 0.101877 0.107876 0.11026 0.109647
-9999 -9999 -9999 -9999 -9999 -9999 -9999 -9999 0.291969 0.311376 0.312387 0.308354 0.297241 0.297957 0.32448 0.328223 0.341776 0.354774 0.352375 0.345707 0.335593 0.324023 0.306701 0.282638 0.262963 0.213937 0.227826 0.247991 0.249642 0.253406 0.263592 0.263784 0.247993 0.233107 0.238293 0.240627 0.255129 0.256039 0.25059 0.234545 0.216308 0.205232 0.211572 0.209272 0.205952 0.201887 0.189713 0.164822 0.16992 0.171488 0.171414 0.169701 0.169922 0.167551 0.164824 0.162393 0.159886 0.15751 0.154934 0.152431 0.147645 0.142246 0.127055 0.114045 0.105173 0 0.112289 0.113425 0.106195 0.104417 0.107049 0.106501
