Test_Spring_2018/11_17/Prec/20171115_010.txt
ncols	170
nrows	115
xllcorner	350000.000000
yllcorner	4445000.000000
cellsize	1000.000000
nodata_value	-9999.000000
[rows 31 to 61 of 115, columns 70 to 139 of 170]
0.103298 0.101006 0.100741 0.103888 0.104689 0.104702 0.107466 0.108913 0.117554 0.119409 0.123249 0.1254 0.128661 0.133404 0.136126 0.143584 0.16488 0.160612 0.159882 0.167279 0.165799 0.162456 0.169137 0.185018 0.193332 0.205383 0.207272 0.217582 0.227962 -9999 -9999 -9999 -9999 -9999 -9999 -9999 -9999 -9999 -9999 -9999 -9999 -9999 -9999 -9999 -9999 -9999 -9999 -9999 -9999 -9999 -9999 -9999 -9999 -9999 -9999 -9999 -9999 -9999 -9999 -9999 -9999 -9999 -9999 -9999 -9999 -9999 -9999 -9999 -9999 -9999
0.100227 0 0.101059 0.104314 0.102244 0.100491 0.110722 0.117317 0.116961 0.11844 0.121582 0.126973 0.129824 0.132707 0.134997 0.14146 0.15714 0.17147 0.166122 0.167611 0.174159 0.167536 0.174134 0.188157 0.207184 0.200681 0.205687 0.227194 0.23432 -9999 -9999 -9999 -9999 -9999 -9999 -9999 -9999 -9999 -9999 -9999 -9999 -9999 -9999 -9999 -9999 -9999 -9999 -9999 -9999 -9999 -9999 -9999 -9999 -9999 -9999 -9999 -9999 -9999 -9999 -9999 -9999 -9999 -9999 -9999 -9999 -9999 -9999 -9999 -9999 -9999
0.101718 0 0.101735 0.103977 0.100504 0.10204 0.108325 0.114935 0.116514 0.117513 0.119746 0.12301 0.126004 0.129063 0.134556 0.141829 0.155521 0.171692 0.17661 0.171135 0.172598 0.173385 0.179583 0.18698 0.197437 0.19331 0.19334 0.205896 0.225278 0.236166 -9999 -9999 -9999 -9999 -9999 -9999 -9999 -9999 -9999 -9999 -9999 -9999 -9999 -9999 -9999 -9999 -9999 -9999 -9999 -9999 -9999 -9999 -9999 -9999 -9999 -9999 -9999 -9999 -9999 -9999 -9999 -9999 -9999 -9999 -9999 -9999 -9999 -9999 -9999 -9999
0.104552 0 0.102932 0.109178 0.107836 0.107264 0.113417 0.119884 0.121075 0.117034 0.119041 0.120953 0.125019 0.128546 0.133346 0.140461 0.149965 0.161136 0.179487 0.170902 0.164664 0.166829 0.169366 0.175223 0.185364 0.181357 0.183647 0.200195 0.22082 0.229926 0.235062 -9999 -9999 -9999 -9999 -9999 -9999 -9999 -9999 -9999 -9999 -9999 -9999 -9999 -9999 -9999 -9999 -9999 -9999 -9999 -9999 -9999 -9999 -9999 -9999 -9999 -9999 -9999 -9999 -9999 -9999 -9999 -9999 -9999 -9999 -9999 -9999 -9999 -9999 -9999
-9999 0.101278 0.104572 0.112075 0.110931 0.108838 0.109812 0.115573 0.11827 0.118448 0.118512 0.120473 0.124684 0.133782 0.136426 0.138306 0.145083 0.157625 0.170213 0.174789 0.16433 0.162788 0.165627 0.165142 0.174127 0.173545 0.177451 0.185792 0.20262 0.220288 0.226794 0.237174 -9999 -9999 -9999 -9999 -9999 -9999 -9999 -9999 -9999 -9999 -9999 -9999 -9999 -9999 -9999 -9999 -9999 -9999 -9999 -9999 -9999 -9999 -9999 -9999 -9999 -9999 -9999 -9999 -9999 -9999 -9999 -9999 -9999 -9999 -9999 -9999 -9999 -9999
-9999 -9999 -9999 -9999 0.11575 0.117041 0.117165 0.118051 0.118402 0.118134 0.117824 0.119867 0.126688 0.130838 0.132666 0.13766 0.145253 0.150633 0.159177 0.1681 0.167232 0.158739 0.165568 0.160443 0.163536 0.164768 0.172451 0.188132 0.205346 0.220587 0.226733 0.235642 -9999 -9999 -9999 -9999 -9999 -9999 -9999 -9999 -9999 -9999 -9999 -9999 -9999 -9999 -9999 -9999 -9999 -9999 -9999 -9999 -9999 -9999 -9999 -9999 -9999 -9999 -9999 -9999 -9999 -9999 -9999 -9999 -9999 -9999 -9999 -9999 -9999 -9999
-9999 -9999 -9999 -9999 -9999 0.116618 0.117882 0.113127 0.118474 0.119211 0.117648 0.119605 0.123353 0.126516 0.130244 0.134562 0.140644 0.147218 0.155337 0.157682 0.152843 0.154793 0.158401 0.159679 0.158778 0.162392 0.17506 0.192522 0.202559 0.226502 0.235217 0.237055 0.243683 -9999 -9999 -9999 -9999 -9999 -9999 -9999 -9999 -9999 -9999 -9999 -9999 0.242549 -9999 -9999 -9999 -9999 -9999 -9999 -9999 -9999 -9999 -9999 -9999 -9999 -9999 -9999 -9999 -9999 -9999 -9999 -9999 -9999 0.31444 -9999 -9999 -9999
-9999 -9999 -9999 -9999 0.108642 0.113265 0.112597 0.110833 0.116843 0.119197 0.117231 0.119239 0.122491 0.125767 0.130843 0.133243 0.137333 0.144289 0.147004 0.146527 0.147389 0.148299 0.149849 0.152884 0.156944 0.161592 0.172771 0.182116 0.189456 0.207156 0.221534 0.230444 0.242403 0.252073 -9999 -9999 -9999 -9999 -9999 -9999 -9999 0.245215 0.246257 0.246733 0.245266 0.240113 0.244148 -9999 -9999 -9999 -9999 -9999 -9999 -9999 -9999 -9999 -9999 -9999 -9999 -9999 -9999 -9999 -9999 -9999 -9999 -9999 0.30787 0.318668 -9999 -9999
-9999 -9999 -9999 -9999 0.111797 0.110269 0.111081 0.109758 0.110181 0.117241 0.118191 0.118961 0.121139 0.124585 0.128762 0.130232 0.13524 0.138622 0.141534 0.140237 0.141506 0.144772 0.14858 0.152459 0.158993 0.162436 0.169949 0.177268 0.187127 0.197149 0.215963 0.2317 0.246969 0.259537 -9999 -9999 -9999 -9999 -9999 -9999 0.244159 0.240017 0.23773 0.244397 0.239716 0.235497 0.236845 0.24846 -9999 -9999 -9999 -9999 -9999 -9999 -9999 -9999 -9999 -9999 -9999 -9999 -9999 -9999 0.259638 0.26968 0.287898 0.298824 0.306816 0.317065 -9999 -9999
-9999 -9999 -9999 -9999 0.110902 0.108881 0.108618 0.10866 0.111367 0.113168 0.117537 0.119052 0.121122 0.123192 0.125204 0.129717 0.132395 0.138454 0.135399 0.137175 0.140137 0.146729 0.151052 0.161456 0.167808 0.174609 0.171655 0.180138 0.193899 0.210142 0.233496 0.238449 0.246177 0.257791 -9999 -9999 -9999 -9999 -9999 -9999 0.243589 0.238996 0.235181 0.234997 0.241519 0.233506 0.240198 0.245732 0.247611 0.244523 0.243348 0.248647 0.250219 0.249333 0.251871 0.250019 -9999 -9999 -9999 -9999 0.25293 0.254275 0.256055 0.26165 0.281399 0.29609 0.309886 0.315796 -9999 -9999
-9999 -9999 -9999 -9999 0.105226 0.105756 0.107929 0.111423 0.11195 0.114339 0.118227 0.11936 0.121581 0.123349 0.124891 0.12722 0.130881 0.131636 0.133135 0.136057 0.146363 0.158397 0.156362 0.165426 0.181835 0.177022 0.175164 0.184582 0.200779 0.21889 0.231884 0.235778 0.24565 0.255406 -9999 -9999 -9999 0.254848 0.248447 0.248487 0.246782 0.240241 0.23525 0.233557 0.231212 0.234126 0.240428 0.245845 0.251685 0.250684 0.242391 0.24094 0.247606 0.246524 0.248743 0.245606 0.243636 0.242927 0.243366 0.244842 0.246147 0.247444 0.249585 0.254808 0.275499 0.287439 0.296554 0.322842 -9999 -9999
-9999 -9999 -9999 -9999 0.107003 0.108244 0.109954 0.109869 0.113175 0.114034 0.117394 0.119958 0.121667 0.125928 0.125076 0.126497 0.127947 0.129866 0.132303 0.140924 0.152574 0.164592 0.171594 0.172723 0.183634 0.185179 0.183364 0.190718 0.201198 0.217954 0.223821 0.234376 0.249883 0.263955 -9999 -9999 0.269476 0.256616 0.247561 0.242997 0.241718 0.241698 0.23517 0.234667 0.22765 0.231489 0.243987 0.243619 0.25067 0.249102 0.243881 0.243769 0.242046 0.242374 0.241807 0.242065 0.240823 0.240893 0.241355 0.242169 0.24429 0.245243 0.247002 0.251125 0.264826 0.273283 0.283353 0.316723 -9999 -9999
-9999 -9999 -9999 -9999 0.1051 0.10628 0.106984 0.110544 0.111673 0.115025 0.120754 0.119585 0.122141 0.125574 0.128152 0.126674 0.127728 0.128947 0.130507 0.138576 0.148047 0.161964 0.171796 0.179463 0.18609 0.195307 0.196375 0.201514 0.207094 0.210117 0.219281 0.233904 0.24427 0.260529 0.27006 -9999 0.270417 0.265277 0.254262 0.244654 0.238425 0.240663 0.233041 0.231481 0.228815 0.231426 0.240023 0.240781 0.241632 0.243142 0.238987 0.238746 0.23927 0.23817 0.240222 0.239857 0.239502 0.239524 0.239804 0.240329 0.241324 0.242729 0.244762 0.247745 0.255566 0.264581 0.279925 0.314282 -9999 -9999
-9999 -9999 -9999 0.105483 0.104219 0.103471 0.106006 0.108883 0.111615 0.114344 0.118122 0.119619 0.121159 0.12441 0.130488 0.130946 0.13078 0.128698 0.129768 0.131524 0.137346 0.153822 0.161421 0.17148 0.184373 0.193875 0.196158 0.192883 0.197896 0.207786 0.218239 0.233881 0.24416 0.255338 0.2734 0.274299 0.26924 0.265397 0.25809 0.246123 0.2375 0.233422 0.23162 0.229637 0.227924 0.229421 0.235188 0.237002 0.240173 0.241295 0.242165 0.240113 0.240613 0.237885 0.23655 0.23875 0.238352 0.238222 0.238317 0.238675 0.239487 0.240885 0.24266 0.244997 0.248424 0.258989 0.278127 0.303913 -9999 -9999
-9999 -9999 -9999 -9999 0.104934 0.107649 0.112 0.115572 0.117588 0.118823 0.119902 0.122126 0.12221 0.123867 0.130101 0.135761 0.132052 0.130926 0.129893 0.130868 0.132861 0.146947 0.155775 0.163786 0.1764 0.178756 0.180111 0.18462 0.191431 0.207501 0.223511 0.24402 0.260005 0.264282 0.274725 0.273794 0.271075 0.260755 0.25331 0.250218 0.24769 0.234802 0.232028 0.229235 0.225472 0.229403 0.232747 0.236384 0.23598 0.237021 0.237912 0.248003 0.241703 0.241957 0.236786 0.235851 0.237208 0.23702 0.236986 0.237366 0.238106 0.23936 0.241043 0.243527 0.244957 0.252635 0.278823 0.302309 -9999 -9999
-9999 -9999 -9999 -9999 -9999 -9999 0.11404 0.117041 0.120335 0.122289 0.120766 0.121798 0.12284 0.124402 0.127495 0.133485 0.135236 0.134805 0.140185 0.13713 0.133047 0.135065 0.138174 0.151926 0.162462 0.161402 0.167648 0.180636 0.192114 0.203618 0.221742 0.239092 0.257009 0.271098 0.274823 0.266269 0.259256 0.248789 0.244249 0.247273 0.243814 0.237024 0.229227 0.225027 0.225106 0.22914 0.231838 0.237191 0.23277 0.233098 0.236337 0.239395 0.241356 0.239257 0.23893 0.23501 0.234506 0.235958 0.235981 0.236287 0.237005 0.238193 0.239299 0.241301 0.243853 0.247092 0.273942 0.303983 -9999 -9999
-9999 -9999 -9999 -9999 -9999 -9999 0.118355 0.1222 0.123764 0.120104 0.120964 0.122111 0.124368 0.125251 0.12775 0.132811 0.137783 0.142329 0.148236 0.146043 0.139258 0.136334 0.13823 0.150671 0.150836 0.156987 0.165314 0.180888 0.193914 0.203413 0.221172 0.239748 0.253253 0.269744 0.267851 0.264754 0.259257 0.247931 0.239925 0.236327 0.239001 0.234333 0.225351 0.224382 0.227967 0.227014 0.231638 0.238794 0.232128 0.230861 0.233444 0.234125 0.237478 0.237269 0.23612 0.234973 0.234351 0.234708 0.235402 0.235721 0.236367 0.237188 0.238655 0.240528 0.243014 0.246113 0.264679 0.303318 -9999 -9999
-9999 -9999 -9999 -9999 -9999 -9999 -9999 0.127424 0.125106 0.118901 0.12127 0.1243 0.124363 0.125819 0.129027 0.131576 0.137425 0.145136 0.1597 0.156978 0.150815 0.141892 0.13866 0.142445 0.150632 0.16041 0.178349 0.194961 0.201646 0.208955 0.223419 0.239587 0.254158 0.252404 0.249524 0.245371 0.243789 0.246061 0.239305 0.23333 0.235431 0.229803 0.223177 0.224745 0.225344 0.225888 0.230873 0.231285 0.231459 0.228137 0.231932 0.231337 0.23406 0.235094 0.235022 0.234716 0.234232 0.234597 0.235042 0.235417 0.236104 0.236942 0.238313 0.240171 0.242558 0.245547 0.250357 0.276499 0.290663 -9999
-9999 -9999 -9999 -9999 -9999 -9999 -9999 0.13386 0.134936 0.126761 0.127893 0.125249 0.124563 0.126076 0.130719 0.133444 0.14195 0.144974 0.158439 0.165354 0.161669 0.165396 0.152978 0.142851 0.15071 0.181402 0.195626 0.207428 0.210878 0.216206 0.224093 0.245971 0.254291 0.245908 0.24157 0.238333 0.235828 0.236202 0.236968 0.22755 0.226006 0.222186 0.221875 0.220569 0.224352 0.226522 0.22585 0.229007 0.230005 0.226552 0.231691 0.229105 0.232365 0.234482 0.235496 0.233891 0.234134 0.234477 0.234848 0.235401 0.235884 0.237165 0.238321 0.240054 0.2424 0.245147 0.248595 0.261942 0.274823 0.283034
-9999 -9999 -9999 -9999 -9999 -9999 -9999 -9999 0.14631 0.133234 0.13033 0.128959 0.125375 0.12634 0.129375 0.13359 0.14233 0.149992 0.162166 0.176177 0.18501 0.165823 0.149893 0.143256 0.149463 0.175585 0.188765 0.193972 0.19389 0.203383 0.211865 0.230344 0.237876 0.246222 0.24695 0.241831 0.236444 0.231136 0.226938 0.22654 0.222853 0.220777 0.219698 0.218144 0.217782 0.217501 0.224045 0.221104 0.224277 0.223623 0.225537 0.227546 0.231145 0.234797 0.233966 0.233264 0.233655 0.233807 0.234581 0.235106 0.235565 0.236094 0.238605 0.240213 0.242305 0.244983 0.248118 0.259844 0.265864 0.275775
-9999 -9999 -9999 -9999 -9999 -9999 -9999 -9999 0.154767 0.141596 0.138253 0.130385 0.127024 0.126561 0.12813 0.131799 0.138702 0.148628 0.157049 0.172701 0.189211 0.168751 0.152547 0.144757 0.147504 0.171499 0.170645 0.17936 0.182475 0.194986 0.203092 0.213404 0.223046 0.232814 0.243533 0.248746 0.235287 0.228694 0.222982 0.220037 0.217886 0.216206 0.216614 0.216986 0.223031 0.217109 0.219538 0.220295 0.221406 0.222471 0.22402 0.225851 0.229204 0.230421 0.233221 0.232228 0.232356 0.233259 0.233987 0.234602 0.235144 0.235647 0.236258 0.238089 0.242288 0.244773 0.247745 0.259502 0.264458 0.269847
-9999 -9999 -9999 -9999 -9999 -9999 -9999 -9999 0.178557 0.157466 0.142129 0.134431 0.128248 0.127638 0.128114 0.13281 0.136399 0.143836 0.150959 0.161652 0.17744 0.187977 0.173567 0.152082 0.148056 0.154104 0.158673 0.167751 0.176555 0.181707 0.18602 0.198727 0.211305 0.224344 0.229191 0.235131 0.225579 0.225387 0.226983 0.21446 0.214122 0.214171 0.218137 0.223957 0.222124 0.225204 0.225004 0.229291 0.226133 0.223726 0.223541 0.224827 0.228313 0.229378 0.230712 0.230169 0.231312 0.232346 0.233188 0.233843 0.234405 0.23503 0.235663 0.236351 0.239103 0.24088 0.247245 0.259141 0.263744 0.268754
-9999 -9999 -9999 -9999 -9999 -9999 -9999 -9999 0.176926 0.161565 0.146936 0.13907 0.130999 0.130356 0.128333 0.130225 0.134069 0.140775 0.148956 0.158042 0.171838 0.182724 0.173644 0.160277 0.151723 0.152936 0.158472 0.162716 0.167949 0.17383 0.179429 0.188002 0.196863 0.207751 0.215771 0.225698 0.214752 0.214674 0.217494 0.211355 0.211521 0.220746 0.227517 0.22767 0.223996 0.227799 0.231277 0.234661 0.232172 0.224791 0.227838 0.228592 0.228141 0.228703 0.227783 0.228927 0.230107 0.23114 0.232058 0.232749 0.233329 0.234024 0.234696 0.2355 0.236689 0.240193 0.242359 0.254704 0.263023 0.267606
-9999 -9999 -9999 -9999 -9999 -9999 -9999 -9999 0.175988 0.167919 0.154863 0.141925 0.133103 0.13044 0.128703 0.129978 0.134398 0.138322 0.143929 0.152153 0.158353 0.168353 0.18177 0.164747 0.161776 0.161683 0.163679 0.162041 0.166222 0.172891 0.185158 0.185999 0.188552 0.198736 0.203786 0.210053 0.204729 0.206057 0.207108 0.207885 0.216093 0.227201 0.235828 0.228696 0.229528 0.227889 0.240262 0.232434 0.226846 0.225679 0.231379 0.235698 0.229382 0.226925 0.227228 0.227849 0.228603 0.229735 0.230532 0.231351 0.232042 0.232696 0.233446 0.234305 0.235436 0.236904 0.241206 0.25389 0.25778 0.262981
-9999 -9999 -9999 -9999 -9999 -9999 -9999 -9999 -9999 0.175792 0.158736 0.143116 0.135147 0.130616 0.129074 0.130467 0.133385 0.136512 0.140521 0.146892 0.154725 0.166473 0.175886 0.173363 0.170509 0.17511 0.174562 0.166906 0.16676 0.175927 0.197291 0.191149 0.185468 0.188499 0.191833 0.194888 0.198254 0.200533 0.203541 0.209713 0.227264 0.230069 0.236554 0.235353 0.238445 0.232444 0.238822 0.231374 0.228596 0.228155 0.236465 0.23848 0.228752 0.226587 0.2284 0.227564 0.226987 0.22796 0.228826 0.229688 0.230371 0.231048 0.231811 0.232603 0.233735 0.23515 0.239795 0.2533 0.257558 0.261909
-9999 -9999 -9999 -9999 -9999 -9999 -9999 -9999 -9999 0.180457 0.162827 0.143885 0.139031 0.133976 0.129665 0.130934 0.134815 0.138533 0.142345 0.146587 0.155802 0.164959 0.173987 0.178497 0.179412 0.185091 0.181869 0.170498 0.170991 0.175575 0.195676 0.203334 0.194366 0.187078 0.18864 0.191568 0.20488 0.203707 0.210909 0.219992 0.222599 0.226346 0.234078 0.230071 0.235624 0.233021 0.23962 0.235635 0.234121 0.229663 0.237017 0.240525 0.230757 0.227673 0.228753 0.225497 0.225049 0.225688 0.226541 0.227326 0.228095 0.228783 0.229613 0.230572 0.231732 0.23327 0.235418 0.241963 0.265545 0.269127
-9999 -9999 -9999 -9999 -9999 -9999 -9999 -9999 -9999 0.178519 0.166828 0.150122 0.138083 0.138868 0.13364 0.131562 0.135708 0.14018 0.144743 0.147541 0.15744 0.168309 0.177571 0.188395 0.189123 0.185161 0.180595 0.174066 0.175358 0.180329 0.193628 0.192682 0.187138 0.185191 0.186035 0.188869 0.192957 0.195667 0.201223 0.203868 0.210673 0.220891 0.224887 0.222358 0.232982 0.232266 0.228466 0.239418 0.233211 0.230757 0.239927 0.234362 0.227937 0.225213 0.223006 0.222548 0.223003 0.223068 0.223995 0.224795 0.225579 0.226403 0.227245 0.228332 0.229544 0.231733 0.234608 0.244312 0.266137 0.268774
-9999 -9999 -9999 -9999 -9999 -9999 -9999 -9999 -9999 0.176635 0.166147 0.15179 0.143631 0.143456 0.137461 0.132208 0.134288 0.138904 0.141239 0.146039 0.154638 0.164095 0.174419 0.180465 0.192112 0.184804 0.182966 0.17759 0.176527 0.188542 0.193963 0.190768 0.187508 0.187377 0.183752 0.185463 0.188679 0.197575 0.202267 0.20137 0.203474 0.206627 0.213741 0.214193 0.218765 0.220777 0.222767 0.235489 0.232612 0.233095 0.230801 0.226047 0.223101 0.221521 0.220212 0.220629 0.22063 0.220295 0.22111 0.221948 0.222808 0.223634 0.224615 0.225954 0.227363 0.230428 0.235092 0.242755 0.27126 0.267469
-9999 -9999 -9999 -9999 -9999 -9999 -9999 -9999 -9999 0.179337 0.167899 0.155764 0.151587 0.15212 0.140023 0.133103 0.134409 0.137277 0.14042 0.150223 0.151146 0.154343 0.163728 0.176782 0.191073 0.191884 0.18924 0.181787 0.180686 0.196403 0.202034 0.201374 0.195051 0.189477 0.183436 0.182964 0.186515 0.199631 0.213307 0.208114 0.202356 0.20283 0.205032 0.211731 0.214045 0.216188 0.221216 0.234326 0.236043 0.234677 0.226579 0.224542 0.221049 0.218342 0.220615 0.220757 0.218254 0.2172 0.218021 0.218861 0.219662 0.220586 0.221624 0.223361 0.225253 0.227821 0.237536 0.244302 0.267162 0.264906
-9999 -9999 -9999 -9999 -9999 -9999 -9999 -9999 -9999 0.184085 0.176134 0.16448 0.160652 0.153564 0.142147 0.137173 0.135439 0.136773 0.139269 0.144361 0.147996 0.153908 0.163508 0.176171 0.190165 0.199963 0.197776 0.18916 0.186946 0.202547 0.209087 0.204864 0.197745 0.186319 0.18034 0.180645 0.182482 0.185983 0.196184 0.208193 0.208786 0.203673 0.208863 0.214777 0.212161 0.213134 0.218191 0.222035 0.231856 0.229252 0.22696 0.225573 0.221324 0.214736 0.214493 0.215534 0.213271 0.213961 0.214735 0.21547 0.21634 0.217266 0.218307 0.219933 0.222407 0.229163 0.235345 0.243554 0.246034 0.258277
-9999 -9999 -9999 -9999 -9999 -9999 -9999 -9999 -9999 0.191845 0.182044 0.171102 0.160883 0.151227 0.14305 0.143567 0.139796 0.141016 0.139621 0.141618 0.146415 0.151535 0.159914 0.175603 0.189106 0.203761 0.202018 0.192171 0.196264 0.204115 0.217257 0.206744 0.19493 0.184274 0.179023 0.185248 0.181075 0.182443 0.186778 0.194237 0.205339 0.205756 0.214133 0.215005 0.211509 0.210717 0.211904 0.21496 0.224835 0.224827 0.224318 0.22417 0.220235 0.215195 0.210303 0.210083 0.209756 0.210471 0.21124 0.211971 0.212818 0.213843 0.215101 0.216782 0.222545 0.22928 0.234 0.240097 0.242186 0.249444
