Test_Spring_2018/11_17/Prec/20171115_009.txt
ncols	170
nrows	115
xllcorner	350000.000000
yllcorner	4445000.000000
cellsize	1000.000000
nodata_value	-9999.000000
[rows 31 to 61 of 115, columns 70 to 139 of 170]
0.193476 0.192287 0.19225 0.194187 0.19469 0.192534 0.195436 0.196008 0.200094 0.200707 0.202508 0.203324 0.204814 0.207194 0.208381 0.212366 0.224521 0.221502 0.220522 0.224279 0.222693 0.219904 0.222943 0.231319 0.235109 0.241016 0.242838 0.245173 0.250201 -9999 -9999 -9999 -9999 -9999 -9999 -9999 -9999 -9999 -9999 -9999 -9999 -9999 -9999 -9999 -9999 -9999 -9999 -9999 -9999 -9999 -9999 -9999 -9999 -9999 -9999 -9999 -9999 -9999 -9999 -9999 -9999 -9999 -9999 -9999 -9999 -9999 -9999 -9999 -9999 -9999
0.192766 0.192635 0.193406 0.195329 0.194054 0.192929 0.198093 0.199465 0.200217 0.200536 0.201855 0.204524 0.205708 0.206926 0.207799 0.211138 0.219916 0.227862 0.224109 0.224341 0.227491 0.222756 0.225755 0.233053 0.243221 0.23819 0.239902 0.250816 0.259573 -9999 -9999 -9999 -9999 -9999 -9999 -9999 -9999 -9999 -9999 -9999 -9999 -9999 -9999 -9999 -9999 -9999 -9999 -9999 -9999 -9999 -9999 -9999 -9999 -9999 -9999 -9999 -9999 -9999 -9999 -9999 -9999 -9999 -9999 -9999 -9999 -9999 -9999 -9999 -9999 -9999
0.194922 0.193536 0.194904 0.196131 0.193929 0.194656 0.195835 0.198647 0.200476 0.200432 0.201142 0.202488 0.203697 0.204964 0.207683 0.211455 0.219014 0.228013 0.230308 0.226392 0.226516 0.22616 0.228922 0.232306 0.237417 0.233817 0.232614 0.24098 0.254414 0.259632 -9999 -9999 -9999 -9999 -9999 -9999 -9999 -9999 -9999 -9999 -9999 -9999 -9999 -9999 -9999 -9999 -9999 -9999 -9999 -9999 -9999 -9999 -9999 -9999 -9999 -9999 -9999 -9999 -9999 -9999 -9999 -9999 -9999 -9999 -9999 -9999 -9999 -9999 -9999 -9999
0.198043 0.19513 0.196838 0.200318 0.199261 0.198628 0.197505 0.203783 0.203739 0.200627 0.201128 0.201608 0.203396 0.204892 0.207159 0.210801 0.21585 0.221862 0.232087 0.226312 0.221861 0.22231 0.222897 0.225365 0.230287 0.22676 0.2269 0.242791 0.251303 0.256075 0.258552 -9999 -9999 -9999 -9999 -9999 -9999 -9999 -9999 -9999 -9999 -9999 -9999 -9999 -9999 -9999 -9999 -9999 -9999 -9999 -9999 -9999 -9999 -9999 -9999 -9999 -9999 -9999 -9999 -9999 -9999 -9999 -9999 -9999 -9999 -9999 -9999 -9999 -9999 -9999
-9999 0.197504 0.199158 0.203242 0.202163 0.200496 0.1982 0.200304 0.202667 0.201959 0.201232 0.201676 0.203498 0.208251 0.209209 0.209728 0.213143 0.219951 0.226751 0.228756 0.221794 0.220034 0.220784 0.21948 0.2237 0.222179 0.223255 0.232585 0.243119 0.250356 0.253633 0.259285 -9999 -9999 -9999 -9999 -9999 -9999 -9999 -9999 -9999 -9999 -9999 -9999 -9999 -9999 -9999 -9999 -9999 -9999 -9999 -9999 -9999 -9999 -9999 -9999 -9999 -9999 -9999 -9999 -9999 -9999 -9999 -9999 -9999 -9999 -9999 -9999 -9999 -9999
-9999 -9999 -9999 -9999 0.206155 0.20395 0.204998 0.202442 0.203342 0.202269 0.201239 0.201667 0.204987 0.206777 0.20723 0.209581 0.213473 0.216039 0.220442 0.225016 0.223723 0.217833 0.220924 0.216843 0.217539 0.21705 0.220314 0.233514 0.244643 0.250369 0.253377 0.258101 -9999 -9999 -9999 -9999 -9999 -9999 -9999 -9999 -9999 -9999 -9999 -9999 -9999 -9999 -9999 -9999 -9999 -9999 -9999 -9999 -9999 -9999 -9999 -9999 -9999 -9999 -9999 -9999 -9999 -9999 -9999 -9999 -9999 -9999 -9999 -9999 -9999 -9999
-9999 -9999 -9999 -9999 -9999 0.204672 0.206183 0.202413 0.203971 0.203385 0.201526 0.201841 0.203297 0.204478 0.206048 0.208 0.211008 0.214293 0.218455 0.219139 0.215491 0.215769 0.216925 0.216596 0.214875 0.215734 0.227163 0.236063 0.24096 0.253561 0.257989 0.258422 0.261797 -9999 -9999 -9999 -9999 -9999 -9999 -9999 -9999 -9999 -9999 -9999 -9999 0.277433 -9999 -9999 -9999 -9999 -9999 -9999 -9999 -9999 -9999 -9999 -9999 -9999 -9999 -9999 -9999 -9999 -9999 -9999 -9999 -9999 0.388981 -9999 -9999 -9999
-9999 -9999 -9999 -9999 0.204373 0.205389 0.203815 0.201648 0.202028 0.203817 0.20163 0.201912 0.203038 0.204272 0.206644 0.207479 0.209333 0.212873 0.21386 0.212889 0.212619 0.212268 0.212175 0.212838 0.213987 0.215376 0.225373 0.229777 0.232964 0.244142 0.249297 0.253766 0.260143 0.265306 -9999 -9999 -9999 -9999 -9999 -9999 -9999 0.266681 0.269703 0.272814 0.275182 0.275747 0.282092 -9999 -9999 -9999 -9999 -9999 -9999 -9999 -9999 -9999 -9999 -9999 -9999 -9999 -9999 -9999 -9999 -9999 -9999 -9999 0.387574 0.395347 -9999 -9999
-9999 -9999 -9999 -9999 0.206911 0.204572 0.203665 0.201573 0.200613 0.203044 0.202491 0.201979 0.202438 0.203769 0.205628 0.205947 0.208388 0.209859 0.211003 0.209575 0.209558 0.210592 0.211802 0.212908 0.215443 0.216016 0.22364 0.226718 0.231251 0.235863 0.245246 0.253561 0.261695 0.268372 -9999 -9999 -9999 -9999 -9999 -9999 0.262136 0.261802 0.263065 0.270121 0.27093 0.272452 0.277663 0.295291 -9999 -9999 -9999 -9999 -9999 -9999 -9999 -9999 -9999 -9999 -9999 -9999 -9999 -9999 0.357995 0.364703 0.376259 0.383594 0.389362 0.396688 -9999 -9999
-9999 -9999 -9999 -9999 0.207571 0.204695 0.202926 0.201439 0.201659 0.202944 0.202324 0.202194 0.202566 0.20309 0.203699 0.205872 0.206996 0.210115 0.207784 0.208218 0.209223 0.212221 0.213704 0.21861 0.220946 0.227613 0.224563 0.228181 0.234849 0.242946 0.25279 0.25643 0.259854 0.26572 -9999 -9999 -9999 -9999 -9999 -9999 0.259387 0.258936 0.259527 0.262838 0.270668 0.270401 0.284703 0.293699 0.300754 0.304978 0.310323 0.321156 0.329377 0.333931 0.340015 0.34294 -9999 -9999 -9999 -9999 0.355908 0.357522 0.359158 0.362948 0.375138 0.384465 0.393481 0.403481 -9999 -9999
-9999 -9999 -9999 -9999 0.205385 0.203758 0.203191 0.203535 0.202283 0.203702 0.202872 0.202374 0.202857 0.203247 0.203645 0.204608 0.206406 0.206478 0.206933 0.208122 0.213537 0.219799 0.21754 0.221383 0.229198 0.22908 0.226543 0.230546 0.238457 0.247433 0.250977 0.253584 0.257996 0.263178 -9999 -9999 -9999 0.260477 0.257206 0.258335 0.259061 0.257574 0.257652 0.259914 0.262914 0.269516 0.284022 0.293593 0.303667 0.309808 0.311613 0.317307 0.330657 0.335575 0.341858 0.346434 0.34863 0.3509 0.3532 0.355524 0.357253 0.358605 0.360227 0.363586 0.374246 0.381689 0.387737 0.405828 -9999 -9999
-9999 -9999 -9999 -9999 0.206937 0.205544 0.204548 0.202637 0.202925 0.201978 0.203788 0.202737 0.202906 0.204797 0.203832 0.204333 0.204911 0.205763 0.206853 0.211481 0.217728 0.223987 0.22705 0.226173 0.231023 0.234222 0.23164 0.2339 0.23871 0.24672 0.24822 0.250494 0.259572 0.266295 -9999 -9999 0.266338 0.258523 0.253562 0.251937 0.252985 0.255529 0.254965 0.258687 0.259229 0.266688 0.284823 0.291365 0.303445 0.309974 0.31813 0.324904 0.332237 0.338964 0.343621 0.348043 0.350806 0.353566 0.355805 0.357573 0.35955 0.360416 0.361509 0.36392 0.372075 0.377334 0.388254 0.405747 -9999 -9999
-9999 -9999 -9999 -9999 0.206239 0.20461 0.202857 0.202992 0.20191 0.202563 0.205597 0.203652 0.203125 0.204557 0.205683 0.204551 0.204992 0.205527 0.206188 0.210559 0.21556 0.222955 0.227671 0.230647 0.232867 0.240498 0.239567 0.240844 0.242202 0.241895 0.244541 0.249024 0.253139 0.262276 0.266179 -9999 0.263991 0.260536 0.254284 0.249635 0.247815 0.251862 0.250917 0.254375 0.257606 0.265159 0.281379 0.29365 0.30176 0.310292 0.315371 0.324215 0.333384 0.33903 0.346044 0.350318 0.353721 0.356459 0.358495 0.359909 0.360969 0.361812 0.362759 0.364197 0.368604 0.377733 0.387445 0.405605 -9999 -9999
-9999 -9999 -9999 0.211843 0.206564 0.203556 0.202677 0.202227 0.201945 0.201931 0.203682 0.2034 0.203312 0.203796 0.207056 0.207154 0.206969 0.205649 0.20611 0.206816 0.209704 0.218631 0.221907 0.226549 0.23248 0.239716 0.239381 0.235518 0.236344 0.239869 0.243579 0.24856 0.251648 0.25609 0.265917 0.264721 0.260479 0.257582 0.25339 0.247301 0.244118 0.244579 0.247332 0.250442 0.255091 0.266935 0.281808 0.290985 0.301128 0.310075 0.318748 0.325418 0.334878 0.341832 0.346818 0.35297 0.356432 0.359061 0.360878 0.362005 0.36271 0.363267 0.363771 0.364548 0.369082 0.375517 0.388799 0.402166 -9999 -9999
-9999 -9999 -9999 -9999 0.207669 0.206509 0.206526 0.206335 0.205503 0.204508 0.204529 0.204546 0.203619 0.203943 0.20679 0.210043 0.207846 0.207182 0.206482 0.206793 0.20746 0.214992 0.219092 0.222381 0.228079 0.230837 0.229848 0.230455 0.232172 0.239146 0.245903 0.253577 0.26042 0.260431 0.263849 0.262158 0.259058 0.252135 0.247737 0.246857 0.247325 0.242703 0.244675 0.251381 0.255791 0.265539 0.279396 0.290248 0.298862 0.308333 0.317561 0.331926 0.33777 0.345041 0.348202 0.354107 0.358651 0.361208 0.362833 0.363795 0.364236 0.364462 0.364664 0.367391 0.368935 0.373784 0.389984 0.402106 -9999 -9999
-9999 -9999 -9999 -9999 -9999 -9999 0.207927 0.207285 0.207117 0.206477 0.204861 0.20414 0.20377 0.204034 0.205488 0.208705 0.209809 0.209626 0.212787 0.210771 0.207878 0.208286 0.208998 0.21566 0.222823 0.220635 0.222464 0.227985 0.23233 0.236436 0.244251 0.249904 0.257668 0.263257 0.262932 0.255711 0.25009 0.242926 0.240148 0.242851 0.242798 0.243233 0.243501 0.247038 0.2541 0.264333 0.27815 0.290497 0.297202 0.306698 0.317739 0.328329 0.339369 0.345508 0.35173 0.354724 0.358547 0.362743 0.364293 0.365064 0.365318 0.365323 0.366645 0.367508 0.368936 0.371122 0.387711 0.403819 -9999 -9999
-9999 -9999 -9999 -9999 -9999 -9999 0.21056 0.210357 0.209115 0.205112 0.204853 0.204183 0.204529 0.204399 0.205522 0.208398 0.211345 0.21415 0.217664 0.216191 0.211728 0.209228 0.209227 0.215105 0.21603 0.218086 0.221104 0.228095 0.233274 0.236091 0.243566 0.249847 0.254853 0.261712 0.257908 0.253774 0.248777 0.241087 0.236193 0.235251 0.239151 0.240135 0.239874 0.245546 0.254947 0.262517 0.27771 0.291439 0.297119 0.305956 0.316869 0.326285 0.338322 0.34572 0.351548 0.356229 0.359981 0.363044 0.365194 0.36587 0.365978 0.366366 0.366767 0.367519 0.368895 0.371006 0.382714 0.403997 -9999 -9999
-9999 -9999 -9999 -9999 -9999 -9999 -9999 0.213408 0.209866 0.204353 0.204981 0.205426 0.204475 0.204687 0.206235 0.207629 0.211136 0.215805 0.224453 0.222677 0.218596 0.212557 0.209531 0.210295 0.215961 0.220168 0.228873 0.236468 0.237876 0.239367 0.244854 0.249676 0.255262 0.251262 0.246816 0.242005 0.239279 0.239575 0.235424 0.232926 0.236585 0.237063 0.238284 0.245566 0.253321 0.261905 0.277412 0.287271 0.297108 0.30482 0.316523 0.325235 0.336927 0.345061 0.351509 0.356654 0.360444 0.363462 0.365308 0.36603 0.366306 0.366409 0.366772 0.367549 0.368912 0.371009 0.374625 0.388563 0.398167 -9999
-9999 -9999 -9999 -9999 -9999 -9999 -9999 0.217121 0.215632 0.208988 0.208925 0.206027 0.20464 0.204884 0.20727 0.208749 0.213806 0.215681 0.223708 0.227522 0.224904 0.22636 0.217914 0.210469 0.216022 0.232644 0.239191 0.243981 0.24352 0.243889 0.245533 0.253774 0.255707 0.247829 0.242565 0.238338 0.235105 0.234515 0.234777 0.230237 0.231813 0.233369 0.238325 0.24389 0.2535 0.263003 0.275115 0.286514 0.296741 0.304264 0.316639 0.324039 0.335931 0.344569 0.351531 0.355797 0.359935 0.36289 0.364935 0.365681 0.365813 0.366404 0.366735 0.367541 0.368981 0.371026 0.37391 0.380287 0.389157 0.395714
-9999 -9999 -9999 -9999 -9999 -9999 -9999 -9999 0.222299 0.212821 0.210454 0.208343 0.205252 0.205163 0.206572 0.208895 0.214042 0.21861 0.225821 0.234004 0.238482 0.226375 0.215873 0.210537 0.215278 0.229255 0.23526 0.23624 0.233796 0.236754 0.238888 0.245221 0.24683 0.249 0.246878 0.241365 0.237658 0.233362 0.230768 0.231617 0.231796 0.234516 0.238925 0.244207 0.251189 0.259031 0.275229 0.282738 0.293962 0.302844 0.313006 0.322822 0.334666 0.343951 0.349596 0.354223 0.358333 0.362115 0.363818 0.36464 0.364888 0.364861 0.366685 0.367577 0.369012 0.371138 0.373926 0.379313 0.384139 0.391676
-9999 -9999 -9999 -9999 -9999 -9999 -9999 -9999 0.227214 0.217775 0.21527 0.209359 0.206458 0.205473 0.205979 0.207925 0.211916 0.217752 0.22267 0.231764 0.24119 0.228463 0.217144 0.211184 0.211158 0.226912 0.224718 0.227909 0.227517 0.232446 0.234565 0.236225 0.239303 0.242541 0.246086 0.249379 0.239636 0.234761 0.231398 0.230803 0.231884 0.234461 0.23906 0.2461 0.256576 0.26073 0.274187 0.283445 0.292998 0.302443 0.311938 0.321208 0.332555 0.340041 0.347538 0.353691 0.357629 0.360315 0.362074 0.363093 0.363582 0.363761 0.363915 0.366389 0.369071 0.37122 0.374005 0.379335 0.383537 0.388349
-9999 -9999 -9999 -9999 -9999 -9999 -9999 -9999 0.241169 0.227156 0.217846 0.212036 0.207354 0.206313 0.206136 0.208629 0.210581 0.21486 0.218928 0.225018 0.233968 0.239602 0.230143 0.216256 0.211312 0.216728 0.217877 0.221447 0.22462 0.22542 0.22555 0.228833 0.233302 0.238808 0.242939 0.244417 0.237278 0.236426 0.237549 0.231354 0.233484 0.236964 0.243836 0.252475 0.257908 0.267892 0.279398 0.290189 0.296651 0.303478 0.311393 0.319806 0.330815 0.340763 0.346677 0.351548 0.355242 0.358029 0.359962 0.361183 0.361915 0.362429 0.362866 0.36341 0.367542 0.369483 0.374038 0.37933 0.383317 0.387837
-9999 -9999 -9999 -9999 -9999 -9999 -9999 -9999 0.240272 0.230915 0.220816 0.214864 0.209185 0.208121 0.206428 0.207202 0.209229 0.212991 0.217605 0.222675 0.230399 0.236222 0.230011 0.220884 0.214443 0.217446 0.218071 0.218963 0.220239 0.221254 0.222386 0.223349 0.226561 0.235421 0.238165 0.242378 0.234744 0.234224 0.236248 0.233906 0.236297 0.245058 0.253336 0.258585 0.262249 0.271315 0.284911 0.294962 0.301192 0.304452 0.316884 0.324425 0.332735 0.338743 0.344611 0.34904 0.352689 0.355505 0.357602 0.359039 0.360029 0.360862 0.361604 0.362481 0.363747 0.369412 0.371965 0.377317 0.383095 0.387279
-9999 -9999 -9999 -9999 -9999 -9999 -9999 -9999 0.239751 0.234643 0.225588 0.216684 0.210598 0.20834 0.20679 0.207145 0.209445 0.211483 0.2145 0.219 0.222188 0.227476 0.234607 0.223515 0.220311 0.222868 0.222598 0.220108 0.220866 0.222931 0.225064 0.223797 0.228801 0.233062 0.234462 0.2369 0.232939 0.233525 0.234681 0.236505 0.24361 0.253323 0.262423 0.262984 0.268956 0.274284 0.292674 0.297954 0.302288 0.309111 0.318788 0.327869 0.332316 0.338303 0.342792 0.346745 0.350076 0.352984 0.355131 0.356835 0.358134 0.359211 0.360272 0.361432 0.362878 0.364708 0.371775 0.377122 0.380697 0.388077
-9999 -9999 -9999 -9999 -9999 -9999 -9999 -9999 -9999 0.239476 0.227882 0.217599 0.21202 0.208636 0.207158 0.207525 0.208864 0.210355 0.212352 0.21569 0.219795 0.226086 0.230838 0.228347 0.22521 0.230992 0.22952 0.223667 0.222106 0.22593 0.23468 0.235534 0.230626 0.230954 0.231651 0.232495 0.233285 0.234699 0.237187 0.242269 0.254854 0.260435 0.268175 0.272102 0.279225 0.281988 0.296763 0.299259 0.304571 0.311158 0.322669 0.332528 0.33522 0.338718 0.343898 0.346843 0.347666 0.350511 0.352811 0.354718 0.356234 0.35757 0.358882 0.362288 0.364086 0.366194 0.374368 0.379843 0.383676 0.387647
-9999 -9999 -9999 -9999 -9999 -9999 -9999 -9999 -9999 0.241762 0.230227 0.218061 0.214377 0.210702 0.207579 0.207844 0.209711 0.211504 0.213339 0.215382 0.22029 0.225057 0.229619 0.231363 0.230826 0.237281 0.234379 0.22652 0.225566 0.226942 0.241717 0.245097 0.238644 0.233276 0.233329 0.234474 0.24216 0.241765 0.246915 0.253832 0.257611 0.262772 0.270979 0.272876 0.281002 0.284782 0.299842 0.303756 0.309183 0.312782 0.323157 0.333492 0.336057 0.338714 0.343257 0.344661 0.347189 0.349878 0.352287 0.354338 0.356153 0.357785 0.359449 0.361203 0.363141 0.365401 0.368136 0.378051 0.388833 0.39223
-9999 -9999 -9999 -9999 -9999 -9999 -9999 -9999 -9999 0.240349 0.232444 0.221687 0.213805 0.213617 0.209956 0.208228 0.210228 0.212438 0.214692 0.215862 0.221174 0.226975 0.231721 0.237277 0.236734 0.233293 0.234196 0.229383 0.229115 0.230963 0.242443 0.241075 0.237017 0.235187 0.235183 0.236614 0.239135 0.241269 0.245591 0.248749 0.254963 0.263804 0.269551 0.271988 0.282709 0.287141 0.290082 0.307972 0.310065 0.314315 0.325267 0.333468 0.334367 0.336979 0.339401 0.342367 0.345411 0.347807 0.35036 0.352558 0.354541 0.356416 0.358237 0.360192 0.362252 0.364949 0.368126 0.375423 0.389742 0.392464
-9999 -9999 -9999 -9999 -9999 -9999 -9999 -9999 -9999 0.238905 0.231822 0.222538 0.217012 0.216293 0.212197 0.208593 0.209364 0.21165 0.212576 0.214931 0.219486 0.22448 0.229907 0.23271 0.238733 0.233437 0.236189 0.232223 0.230753 0.241794 0.244498 0.242106 0.239726 0.239302 0.236975 0.238041 0.240302 0.246296 0.250232 0.251336 0.254722 0.259246 0.266623 0.270538 0.277327 0.282978 0.288918 0.307596 0.311194 0.316735 0.324392 0.329146 0.331826 0.334906 0.337718 0.341127 0.343888 0.346086 0.348652 0.35098 0.353128 0.355125 0.357136 0.359325 0.361558 0.364799 0.369026 0.375072 0.393486 0.39229
-9999 -9999 -9999 -9999 -9999 -9999 -9999 -9999 -9999 0.240124 0.23258 0.224694 0.221588 0.221333 0.213653 0.20908 0.209402 0.21066 0.212072 0.217404 0.217439 0.218766 0.223694 0.230721 0.238406 0.238035 0.240605 0.235443 0.234121 0.247937 0.25101 0.250385 0.24647 0.243106 0.239622 0.239647 0.242321 0.250979 0.260337 0.258931 0.257623 0.26045 0.264742 0.272119 0.27729 0.2827 0.290097 0.306927 0.314753 0.31885 0.325805 0.329127 0.331274 0.333531 0.338362 0.341558 0.342831 0.344635 0.347264 0.349669 0.351866 0.353999 0.356108 0.358578 0.361118 0.364059 0.371245 0.376708 0.386939 0.391543
-9999 -9999 -9999 -9999 -9999 -9999 -9999 -9999 -9999 0.242515 0.237131 0.229608 0.226772 0.222056 0.214817 0.211424 0.209971 0.210341 0.211392 0.213962 0.215637 0.218618 0.223731 0.230602 0.238202 0.243261 0.241173 0.240507 0.245672 0.252945 0.256764 0.254252 0.250097 0.243499 0.240275 0.240963 0.242795 0.24589 0.253272 0.262075 0.264496 0.263928 0.269852 0.276585 0.278624 0.283105 0.290269 0.296915 0.313827 0.321229 0.327331 0.330862 0.332425 0.332289 0.335573 0.339278 0.340699 0.343564 0.346208 0.3486 0.350884 0.353055 0.355189 0.357598 0.360467 0.365853 0.370896 0.377145 0.380012 0.38857
-9999 -9999 -9999 -9999 -9999 -9999 -9999 -9999 -9999 0.246664 0.240273 0.233247 0.226691 0.220507 0.215231 0.215128 0.212503 0.212837 0.211619 0.212392 0.214797 0.21736 0.221811 0.230546 0.237941 0.245975 0.244263 0.243018 0.250362 0.255098 0.262996 0.256939 0.250188 0.244228 0.241607 0.245955 0.244358 0.246287 0.250254 0.256381 0.264999 0.267643 0.275357 0.278983 0.280359 0.283642 0.288358 0.294383 0.308855 0.320112 0.32721 0.331386 0.333075 0.333822 0.334345 0.337312 0.3399 0.342808 0.345478 0.34789 0.350172 0.3524 0.354644 0.35705 0.361815 0.367124 0.371227 0.376145 0.378695 0.379104
