Test_Spring_2018/11_17/Prec/20171120_005.txt
ncols	170
nrows	115
xllcorner	350000.000000
yllcorner	4445000.000000
cellsize	1000.000000
nodata_value	-9999.000000
[rows 31 to 61 of 115, columns 70 to 139 of 170]
0.283271 0.287818 0.289243 0.285322 0.285185 0.297582 0.281519 0.281764 0.285104 0.284452 0.280545 0.279242 0.276132 0.270681 0.268534 0.259035 0.227816 0.237579 0.242162 0.234343 0.241193 0.251595 0.246668 0.227706 0.22131 0.209454 0.231189 0.231423 0.223707 -9999 -9999 -9999 -9999 -9999 -9999 -9999 -9999 -9999 -9999 -9999 -9999 -9999 -9999 -9999 -9999 -9999 -9999 -9999 -9999 -9999 -9999 -9999 -9999 -9999 -9999 -9999 -9999 -9999 -9999 -9999 -9999 -9999 -9999 -9999 -9999 -9999 -9999 -9999 -9999 -9999
0.288929 0.290461 0.289553 0.285521 0.290032 0.294087 0.276889 0.27721 0.287403 0.287615 0.285104 0.278956 0.276807 0.274617 0.273438 0.265767 0.243662 0.223988 0.235942 0.237449 0.23138 0.246734 0.241583 0.225131 0.201191 0.218231 0.21732 0.216553 0.21511 -9999 -9999 -9999 -9999 -9999 -9999 -9999 -9999 -9999 -9999 -9999 -9999 -9999 -9999 -9999 -9999 -9999 -9999 -9999 -9999 -9999 -9999 -9999 -9999 -9999 -9999 -9999 -9999 -9999 -9999 -9999 -9999 -9999 -9999 -9999 -9999 -9999 -9999 -9999 -9999 -9999
0.287042 0.291761 0.289077 0.286759 0.293627 0.292609 0.295791 0.281974 0.289328 0.29057 0.28978 0.287288 0.285185 0.28297 0.27693 0.268159 0.249345 0.226816 0.222451 0.234943 0.236793 0.240134 0.235312 0.229015 0.218265 0.231051 0.237529 0.241946 0.229213 0.226354 -9999 -9999 -9999 -9999 -9999 -9999 -9999 -9999 -9999 -9999 -9999 -9999 -9999 -9999 -9999 -9999 -9999 -9999 -9999 -9999 -9999 -9999 -9999 -9999 -9999 -9999 -9999 -9999 -9999 -9999 -9999 -9999 -9999 -9999 -9999 -9999 -9999 -9999 -9999 -9999
0.282642 0.29127 0.287496 0.278969 0.282631 0.285166 0.295603 0.281865 0.283141 0.292665 0.292503 0.292417 0.288849 0.286103 0.28134 0.272952 0.260875 0.246314 0.220565 0.237897 0.251827 0.252766 0.253497 0.249342 0.238752 0.250977 0.25347 0.253415 0.243291 0.23535 0.233511 -9999 -9999 -9999 -9999 -9999 -9999 -9999 -9999 -9999 -9999 -9999 -9999 -9999 -9999 -9999 -9999 -9999 -9999 -9999 -9999 -9999 -9999 -9999 -9999 -9999 -9999 -9999 -9999 -9999 -9999 -9999 -9999 -9999 -9999 -9999 -9999 -9999 -9999 -9999
-9999 0.288684 0.284874 0.274566 0.278153 0.283361 0.291923 0.302704 0.288502 0.291609 0.294801 0.294878 0.291288 0.279862 0.278656 0.278669 0.270956 0.254195 0.237533 0.233834 0.254312 0.260948 0.260979 0.266661 0.257651 0.264166 0.263814 0.260289 0.262243 0.24976 0.245408 0.23462 -9999 -9999 -9999 -9999 -9999 -9999 -9999 -9999 -9999 -9999 -9999 -9999 -9999 -9999 -9999 -9999 -9999 -9999 -9999 -9999 -9999 -9999 -9999 -9999 -9999 -9999 -9999 -9999 -9999 -9999 -9999 -9999 -9999 -9999 -9999 -9999 -9999 -9999
-9999 -9999 -9999 -9999 0.270685 0.278604 0.287932 0.299235 0.289055 0.29317 0.297224 0.2974 0.289848 0.286423 0.286599 0.281697 0.27267 0.267226 0.256885 0.246141 0.251218 0.268724 0.262234 0.275108 0.275284 0.278746 0.272229 0.26244 0.257222 0.248404 0.244396 0.235697 -9999 -9999 -9999 -9999 -9999 -9999 -9999 -9999 -9999 -9999 -9999 -9999 -9999 -9999 -9999 -9999 -9999 -9999 -9999 -9999 -9999 -9999 -9999 -9999 -9999 -9999 -9999 -9999 -9999 -9999 -9999 -9999 -9999 -9999 -9999 -9999 -9999 -9999
-9999 -9999 -9999 -9999 -9999 0.279533 0.287115 0.297574 0.28958 0.292417 0.298736 0.299269 0.296764 0.295012 0.292212 0.28837 0.281678 0.274228 0.264424 0.263974 0.275195 0.275945 0.274427 0.277 0.283418 0.283016 0.272243 0.255583 0.245515 0.238172 0.229952 0.232325 0.226709 -9999 -9999 -9999 -9999 -9999 -9999 -9999 -9999 -9999 -9999 -9999 -9999 0.274093 -9999 -9999 -9999 -9999 -9999 -9999 -9999 -9999 -9999 -9999 -9999 -9999 -9999 -9999 -9999 -9999 -9999 -9999 -9999 -9999 0.317521 -9999 -9999 -9999
-9999 -9999 -9999 -9999 0.281539 0.291129 0.295588 0.301755 0.304825 0.293328 0.300566 0.301233 0.299659 0.297798 0.292858 0.292003 0.288363 0.280153 0.27876 0.28261 0.284598 0.286852 0.288485 0.288185 0.286686 0.284647 0.281166 0.272254 0.266575 0.259291 0.250902 0.241952 0.22773 0.216703 -9999 -9999 -9999 -9999 -9999 -9999 -9999 0.252895 0.254296 0.256707 0.262293 0.273786 0.270668 -9999 -9999 -9999 -9999 -9999 -9999 -9999 -9999 -9999 -9999 -9999 -9999 -9999 -9999 -9999 -9999 -9999 -9999 -9999 0.315105 0.309258 -9999 -9999
-9999 -9999 -9999 -9999 0.288791 0.295193 0.29786 0.303835 0.306902 0.297286 0.300179 0.30302 0.303277 0.301185 0.297635 0.29815 0.292889 0.290158 0.288236 0.293181 0.294336 0.2927 0.290652 0.288976 0.283569 0.283529 0.285597 0.280104 0.270636 0.260838 0.25915 0.239344 0.219786 0.204014 -9999 -9999 -9999 -9999 -9999 -9999 0.248863 0.258146 0.264615 0.256986 0.267492 0.277312 0.278261 0.282563 -9999 -9999 -9999 -9999 -9999 -9999 -9999 -9999 -9999 -9999 -9999 -9999 -9999 -9999 0.337191 0.330159 0.311329 0.305053 0.304132 0.300024 -9999 -9999
-9999 -9999 -9999 -9999 0.288627 0.296477 0.301465 0.305825 0.305748 0.295748 0.302355 0.304212 0.304744 0.304847 0.304658 0.300184 0.298415 0.291188 0.298497 0.298322 0.296588 0.289522 0.28658 0.274537 0.269496 0.271853 0.28275 0.275698 0.260338 0.240966 0.217749 0.228281 0.220687 0.206333 -9999 -9999 -9999 -9999 -9999 -9999 0.247403 0.257141 0.26581 0.26887 0.261395 0.277072 0.287574 0.282154 0.282156 0.289556 0.293357 0.293384 0.315724 0.316894 0.31225 0.314525 -9999 -9999 -9999 -9999 0.318423 0.322404 0.327423 0.327993 0.307473 0.296109 0.286956 0.294799 -9999 -9999
-9999 -9999 -9999 -9999 0.295845 0.30036 0.302134 0.301595 0.305488 0.295591 0.302411 0.307909 0.307991 0.308294 0.308521 0.307161 0.303472 0.304339 0.304118 0.301889 0.288316 0.272499 0.279611 0.267852 0.250537 0.267482 0.276964 0.268793 0.249951 0.228003 0.221301 0.232462 0.221489 0.204585 -9999 -9999 -9999 0.217038 0.229149 0.230881 0.235358 0.247583 0.257476 0.268506 0.274948 0.280934 0.28295 0.27768 0.271274 0.275153 0.289955 0.293196 0.311294 0.311793 0.306577 0.302268 0.304451 0.305305 0.305405 0.305275 0.307092 0.310735 0.314859 0.315795 0.302991 0.296974 0.29635 0.292482 -9999 -9999
-9999 -9999 -9999 -9999 0.305922 0.310142 0.313094 0.308013 0.307761 0.310917 0.301494 0.308143 0.309053 0.305305 0.309161 0.308999 0.308535 0.307251 0.305257 0.293732 0.277852 0.26197 0.25472 0.260368 0.248563 0.255215 0.264776 0.259197 0.245121 0.225547 0.223148 0.21898 0.209563 0.191551 -9999 -9999 0.191898 0.214311 0.230352 0.239072 0.242527 0.244046 0.256052 0.258667 0.27181 0.274238 0.265582 0.269197 0.268987 0.273588 0.274866 0.275821 0.283545 0.301453 0.300323 0.297733 0.297806 0.296536 0.295849 0.296214 0.296416 0.300551 0.305491 0.308631 0.298265 0.297619 0.296874 0.278359 -9999 -9999
-9999 -9999 -9999 -9999 0.310589 0.315711 0.320836 0.320599 0.323382 0.310279 0.297974 0.3047 0.309437 0.30689 0.305091 0.309265 0.309123 0.308638 0.307745 0.296859 0.284274 0.265294 0.253561 0.24855 0.243787 0.234995 0.239897 0.23869 0.237003 0.239448 0.231903 0.221387 0.210863 0.197844 0.186415 -9999 0.191144 0.201085 0.219967 0.236381 0.247353 0.244929 0.258331 0.262305 0.273558 0.271637 0.268719 0.263342 0.26421 0.263709 0.271795 0.279879 0.28323 0.283652 0.294534 0.292033 0.289792 0.287753 0.286627 0.286901 0.288563 0.291898 0.296576 0.301943 0.301549 0.301295 0.292172 0.272511 -9999 -9999
-9999 -9999 -9999 0.295413 0.310485 0.319466 0.322305 0.3236 0.324118 0.323663 0.314272 0.306481 0.308231 0.309649 0.302072 0.302895 0.304386 0.308837 0.308445 0.307365 0.300428 0.277314 0.270979 0.257784 0.242755 0.236627 0.239935 0.252485 0.252125 0.244117 0.235144 0.222756 0.213053 0.200878 0.182221 0.183778 0.194051 0.201764 0.214512 0.234374 0.248811 0.256071 0.259872 0.268278 0.272916 0.266865 0.267186 0.266608 0.263677 0.263685 0.263675 0.267819 0.270965 0.279735 0.279796 0.285789 0.282821 0.280271 0.278782 0.278809 0.280436 0.28367 0.28887 0.295592 0.302508 0.300376 0.277801 0.270216 -9999 -9999
-9999 -9999 -9999 -9999 0.308303 0.312481 0.312966 0.313524 0.315385 0.317362 0.312645 0.312317 0.314538 0.308818 0.303241 0.29554 0.302384 0.305042 0.307749 0.307719 0.306742 0.28733 0.277129 0.269131 0.254701 0.260058 0.265136 0.265655 0.262815 0.245399 0.228032 0.208058 0.189248 0.188328 0.17716 0.185777 0.192294 0.210177 0.222946 0.228442 0.232882 0.253802 0.261628 0.263753 0.27049 0.265177 0.268814 0.265197 0.267836 0.267887 0.267777 0.252562 0.266125 0.264849 0.271767 0.274595 0.27747 0.274415 0.272595 0.272149 0.273585 0.276901 0.282273 0.288468 0.294584 0.295995 0.269409 0.265533 -9999 -9999
-9999 -9999 -9999 -9999 -9999 -9999 0.310285 0.311998 0.311938 0.312756 0.312393 0.313788 0.314252 0.313139 0.309042 0.299351 0.297296 0.298639 0.290973 0.296789 0.305757 0.305456 0.304352 0.287293 0.278647 0.28715 0.284675 0.271972 0.262004 0.252164 0.231784 0.21696 0.19539 0.179161 0.178498 0.196312 0.212141 0.230192 0.2382 0.233766 0.239421 0.250271 0.262738 0.269625 0.269904 0.264106 0.268298 0.261797 0.270713 0.271835 0.267969 0.263932 0.264144 0.266603 0.265799 0.270437 0.269622 0.27043 0.268154 0.2675 0.268711 0.271953 0.275853 0.282254 0.290021 0.298612 0.27122 0.256861 -9999 -9999
-9999 -9999 -9999 -9999 -9999 -9999 0.304454 0.30493 0.307618 0.317263 0.313152 0.314155 0.312444 0.312153 0.308755 0.300994 0.293225 0.286534 0.277927 0.282697 0.295487 0.303011 0.303833 0.28888 0.296714 0.293847 0.288172 0.271492 0.259226 0.252759 0.233173 0.21649 0.202143 0.182303 0.190751 0.200035 0.211958 0.232287 0.245726 0.251371 0.247329 0.254501 0.268524 0.269931 0.264294 0.266106 0.266863 0.257335 0.269713 0.273329 0.270522 0.270328 0.268272 0.267844 0.268463 0.268787 0.268211 0.266307 0.265514 0.264659 0.265785 0.268415 0.272954 0.279324 0.286995 0.295674 0.281396 0.253187 -9999 -9999
-9999 -9999 -9999 -9999 -9999 -9999 -9999 0.298147 0.306886 0.320408 0.313754 0.311534 0.313074 0.311654 0.306942 0.303034 0.293907 0.282129 0.259702 0.265305 0.277096 0.294143 0.303099 0.301879 0.296933 0.288279 0.267311 0.248973 0.246786 0.243825 0.229526 0.216696 0.200744 0.209998 0.220119 0.231174 0.236947 0.23536 0.246953 0.256594 0.253004 0.261477 0.27148 0.268549 0.267349 0.266496 0.266444 0.267468 0.26888 0.275739 0.271056 0.273011 0.272057 0.269886 0.269042 0.268272 0.267683 0.265914 0.2645 0.264024 0.264732 0.267509 0.271878 0.277885 0.285301 0.29375 0.300978 0.292336 0.288946 -9999
-9999 -9999 -9999 -9999 -9999 -9999 -9999 0.289889 0.293007 0.309429 0.304432 0.310989 0.31351 0.311833 0.304724 0.300246 0.287118 0.282803 0.26242 0.25233 0.260218 0.257166 0.280686 0.301504 0.297011 0.254984 0.239764 0.228909 0.231705 0.231744 0.227771 0.205818 0.199748 0.21952 0.231968 0.241599 0.248882 0.250345 0.25 0.26475 0.267516 0.272963 0.272726 0.274124 0.267615 0.263937 0.272801 0.269309 0.269327 0.276386 0.269645 0.274925 0.273357 0.269786 0.267578 0.269239 0.267841 0.266396 0.264947 0.264428 0.264672 0.267941 0.272276 0.277974 0.284855 0.293041 0.301792 0.313119 0.311267 0.316969
-9999 -9999 -9999 -9999 -9999 -9999 -9999 -9999 0.277098 0.301029 0.301996 0.306297 0.313252 0.312336 0.307726 0.301103 0.287434 0.275839 0.257609 0.237114 0.223862 0.257231 0.286276 0.301429 0.299458 0.264447 0.250605 0.249926 0.258021 0.251132 0.245914 0.229237 0.224228 0.217277 0.221587 0.235641 0.245977 0.256504 0.264101 0.264564 0.269315 0.274008 0.27487 0.276507 0.276408 0.276451 0.273952 0.280016 0.276508 0.279125 0.2776 0.275759 0.273992 0.268364 0.269523 0.27021 0.269027 0.266885 0.265936 0.26565 0.266 0.267058 0.273778 0.27908 0.285624 0.293084 0.301455 0.314971 0.323181 0.325464
-9999 -9999 -9999 -9999 -9999 -9999 -9999 -9999 0.266332 0.290098 0.291216 0.305619 0.313498 0.313327 0.311028 0.305345 0.2947 0.279623 0.267463 0.244436 0.22073 0.25056 0.283014 0.299832 0.300681 0.271254 0.279326 0.272649 0.27522 0.263083 0.258018 0.254118 0.245442 0.235978 0.226699 0.220118 0.24472 0.257309 0.267372 0.271974 0.274396 0.275364 0.273022 0.276348 0.265976 0.27488 0.279198 0.279281 0.278997 0.278899 0.27805 0.276675 0.275697 0.27434 0.270198 0.270874 0.268671 0.26787 0.267336 0.267161 0.267519 0.268626 0.270523 0.274753 0.287048 0.293856 0.301447 0.314558 0.323351 0.331825
-9999 -9999 -9999 -9999 -9999 -9999 -9999 -9999 0.231784 0.267794 0.289556 0.303206 0.312015 0.313445 0.31293 0.305709 0.300449 0.289442 0.279431 0.264325 0.241744 0.228131 0.246665 0.284439 0.300414 0.299238 0.298223 0.290457 0.283444 0.282442 0.28285 0.274877 0.26501 0.249479 0.243103 0.237716 0.256016 0.258418 0.256926 0.276868 0.276574 0.274987 0.266742 0.255865 0.256706 0.259367 0.268302 0.262704 0.26917 0.274611 0.276609 0.276269 0.275489 0.273057 0.271995 0.2702 0.269558 0.268946 0.268592 0.268642 0.269154 0.270124 0.271904 0.274673 0.279967 0.284518 0.301699 0.31431 0.322386 0.330276
-9999 -9999 -9999 -9999 -9999 -9999 -9999 -9999 0.241154 0.259703 0.284997 0.296431 0.310059 0.311529 0.315037 0.312361 0.306795 0.297036 0.285391 0.272827 0.253326 0.238995 0.256913 0.272172 0.289914 0.296149 0.298319 0.297661 0.295715 0.29731 0.294947 0.293328 0.28462 0.268083 0.259844 0.247871 0.268234 0.270401 0.267006 0.276931 0.276032 0.26011 0.247675 0.245577 0.250042 0.242408 0.245865 0.251542 0.256931 0.270301 0.264571 0.265453 0.271616 0.272312 0.270476 0.270334 0.269985 0.269737 0.269605 0.269886 0.270574 0.271527 0.273199 0.27559 0.278519 0.285012 0.289799 0.301528 0.321102 0.32838
-9999 -9999 -9999 -9999 -9999 -9999 -9999 -9999 0.250913 0.253692 0.276179 0.295023 0.309733 0.314385 0.317466 0.315832 0.30941 0.304108 0.296544 0.285276 0.277696 0.26454 0.246395 0.277036 0.274354 0.282423 0.288245 0.296564 0.295929 0.291528 0.289347 0.29323 0.289285 0.277675 0.273751 0.267285 0.278509 0.27835 0.277785 0.27684 0.263367 0.244718 0.229634 0.239421 0.236588 0.238175 0.228365 0.237768 0.247778 0.251308 0.255866 0.251175 0.26695 0.266961 0.268473 0.269405 0.270015 0.269909 0.270261 0.270602 0.271315 0.272438 0.273972 0.276117 0.278819 0.282162 0.289438 0.300931 0.306806 0.304117
-9999 -9999 -9999 -9999 -9999 -9999 -9999 -9999 -9999 0.249512 0.274291 0.299876 0.312931 0.320324 0.322937 0.321015 0.316929 0.31287 0.307835 0.2995 0.289297 0.273302 0.261414 0.268845 0.264186 0.264773 0.270398 0.287625 0.293161 0.28406 0.262434 0.271947 0.285655 0.285233 0.283904 0.282454 0.282654 0.280855 0.277171 0.267756 0.239632 0.231392 0.219773 0.220184 0.213793 0.222003 0.223125 0.235658 0.241273 0.243669 0.232611 0.235515 0.247271 0.253394 0.253276 0.25733 0.269254 0.269623 0.270098 0.270587 0.271484 0.272673 0.274188 0.267645 0.269636 0.272252 0.278686 0.290659 0.295083 0.300423
-9999 -9999 -9999 -9999 -9999 -9999 -9999 -9999 -9999 0.243687 0.272631 0.30325 0.311211 0.319361 0.32634 0.324586 0.31892 0.31383 0.308951 0.303771 0.29106 0.278793 0.267048 0.262766 0.264448 0.24879 0.258069 0.280542 0.284361 0.281817 0.256231 0.248176 0.266424 0.281777 0.282725 0.281043 0.262294 0.265923 0.255566 0.241561 0.237255 0.230659 0.217403 0.22264 0.212695 0.215883 0.217369 0.224533 0.228208 0.237 0.227428 0.227861 0.239194 0.246655 0.2476 0.255433 0.258712 0.260113 0.261011 0.261884 0.262748 0.263843 0.265003 0.266456 0.2683 0.270449 0.272702 0.277618 0.277212 0.282564
-9999 -9999 -9999 -9999 -9999 -9999 -9999 -9999 -9999 0.252591 0.271691 0.298465 0.317643 0.316377 0.32471 0.328178 0.321972 0.315521 0.309229 0.306055 0.291897 0.27648 0.263866 0.248992 0.250358 0.259351 0.25922 0.273349 0.275205 0.271329 0.25565 0.260549 0.272672 0.278908 0.280444 0.278458 0.27403 0.271281 0.263466 0.259747 0.248939 0.232317 0.225313 0.228545 0.210878 0.211365 0.217 0.213606 0.224805 0.230416 0.217905 0.22572 0.238139 0.244871 0.250889 0.254154 0.255923 0.25822 0.259041 0.259982 0.260941 0.261943 0.263172 0.264436 0.266097 0.266963 0.267626 0.25842 0.269971 0.275699
-9999 -9999 -9999 -9999 -9999 -9999 -9999 -9999 -9999 0.261937 0.278673 0.301374 0.314131 0.314193 0.323576 0.331923 0.328815 0.32191 0.318882 0.312191 0.299701 0.286068 0.271251 0.263401 0.246799 0.260449 0.254442 0.266096 0.271014 0.257091 0.251163 0.25893 0.266746 0.269469 0.277551 0.276883 0.273488 0.26068 0.254138 0.256071 0.252867 0.247695 0.23602 0.234825 0.227083 0.22351 0.220161 0.214388 0.220356 0.221291 0.220662 0.232956 0.239677 0.244399 0.2488 0.250506 0.252868 0.255723 0.2567 0.257612 0.258518 0.259597 0.260662 0.261527 0.262781 0.262026 0.259456 0.252917 0.254391 0.269309
-9999 -9999 -9999 -9999 -9999 -9999 -9999 -9999 -9999 0.26441 0.282158 0.300936 0.307054 0.305733 0.324586 0.335359 0.333241 0.32884 0.324209 0.309195 0.308478 0.304316 0.290462 0.270903 0.249486 0.249582 0.258606 0.257669 0.261975 0.241253 0.23429 0.237335 0.24935 0.260101 0.271465 0.273799 0.269507 0.249746 0.228806 0.237562 0.246956 0.246233 0.242613 0.231771 0.227897 0.224365 0.216383 0.210844 0.208984 0.212838 0.223931 0.228836 0.236235 0.242528 0.241009 0.242938 0.249099 0.252966 0.253857 0.254744 0.255762 0.256724 0.257732 0.257953 0.258351 0.258187 0.247248 0.241621 0.242046 0.263917
-9999 -9999 -9999 -9999 -9999 -9999 -9999 -9999 -9999 0.263906 0.275572 0.293145 0.298346 0.308829 0.326326 0.333739 0.336172 0.333901 0.329952 0.322033 0.316568 0.307604 0.29288 0.273371 0.251816 0.236986 0.241254 0.244119 0.244651 0.228057 0.218958 0.226981 0.239603 0.259037 0.26975 0.270377 0.268438 0.2637 0.248142 0.22954 0.228923 0.237242 0.229097 0.219756 0.22397 0.222527 0.214677 0.208871 0.209257 0.209093 0.216514 0.220226 0.228614 0.240825 0.243042 0.24329 0.248845 0.24976 0.250601 0.251584 0.252469 0.253436 0.254451 0.254834 0.254232 0.247245 0.241628 0.233267 0.234476 0.26407
-9999 -9999 -9999 -9999 -9999 -9999 -9999 -9999 -9999 0.25874 0.272758 0.288714 0.303669 0.317889 0.329928 0.32832 0.333687 0.331275 0.333153 0.329757 0.322008 0.313821 0.300512 0.27563 0.254251 0.231063 0.233954 0.253342 0.233967 0.222069 0.201793 0.219133 0.238561 0.256158 0.265162 0.255911 0.263149 0.261536 0.255151 0.243744 0.226493 0.226173 0.213171 0.212078 0.21793 0.219503 0.217969 0.213516 0.2149 0.209455 0.213548 0.215115 0.222767 0.232244 0.241554 0.243514 0.245726 0.246376 0.247056 0.247937 0.248805 0.249599 0.250272 0.250559 0.244678 0.237595 0.234064 0.228688 0.229996 0.256944
