Test_Spring_2018/11_17/Prec/20171112_012.txt
ncols	170
nrows	115
xllcorner	350000.000000
yllcorner	4445000.000000
cellsize	1000.000000
nodata_value	-9999.000000
[rows 31 to 61 of 115, columns 71 to 141 of 170]
0.274187 0.278857 0.277871 0.281765 0.307132 0.319981 0.324702 0.333203 0.33831 0.339511 0.343456 0.344974 0.343382 0.345139 0.337946 0.305251 0.319352 0.327113 0.320297 0.330201 0.344113 0.34037 0.320539 0.315328 0.30399 0.314424 0.33053 0.322438 -9999 -9999 -9999 -9999 -9999 -9999 -9999 -9999 -9999 -9999 -9999 -9999 -9999 -9999 -9999 -9999 -9999 -9999 -9999 -9999 -9999 -9999 -9999 -9999 -9999 -9999 -9999 -9999 -9999 -9999 -9999 -9999 -9999 -9999 -9999 -9999 -9999 -9999 -9999 -9999 -9999 -9999 -9999
0.26807 0.270467 0.269698 0.279205 0.288586 0.307988 0.32483 0.329529 0.335455 0.338058 0.336206 0.338638 0.340657 0.343454 0.338385 0.316318 0.296733 0.313338 0.317719 0.313267 0.333482 0.33012 0.313845 0.289088 0.311718 0.31381 0.313001 0.310752 -9999 -9999 -9999 -9999 -9999 -9999 -9999 -9999 -9999 -9999 -9999 -9999 -9999 -9999 -9999 -9999 -9999 -9999 -9999 -9999 -9999 -9999 -9999 -9999 -9999 -9999 -9999 -9999 -9999 -9999 -9999 -9999 -9999 -9999 -9999 -9999 -9999 -9999 -9999 -9999 -9999 -9999 -9999
0.259722 0.260562 0.262202 0.274783 0.278583 0.294905 0.324042 0.325252 0.332292 0.33676 0.338979 0.341323 0.343201 0.340337 0.334015 0.315849 0.293184 0.291297 0.30875 0.313925 0.32087 0.318515 0.314609 0.305743 0.324173 0.335483 0.326391 0.32742 0.330767 -9999 -9999 -9999 -9999 -9999 -9999 -9999 -9999 -9999 -9999 -9999 -9999 -9999 -9999 -9999 -9999 -9999 -9999 -9999 -9999 -9999 -9999 -9999 -9999 -9999 -9999 -9999 -9999 -9999 -9999 -9999 -9999 -9999 -9999 -9999 -9999 -9999 -9999 -9999 -9999 -9999 -9999
0.248776 0.24892 0.243927 0.253274 0.261547 0.300874 0.304203 0.311543 0.328155 0.33331 0.338224 0.338782 0.339958 0.338508 0.332629 0.322306 0.308995 0.282736 0.306139 0.325702 0.330427 0.335091 0.334328 0.326362 0.344889 0.352371 0.338215 0.349452 0.342615 0.342624 -9999 -9999 -9999 -9999 -9999 -9999 -9999 -9999 -9999 -9999 -9999 -9999 -9999 -9999 -9999 -9999 -9999 -9999 -9999 -9999 -9999 -9999 -9999 -9999 -9999 -9999 -9999 -9999 -9999 -9999 -9999 -9999 -9999 -9999 -9999 -9999 -9999 -9999 -9999 -9999 -9999
0.235033 0.235764 0.229328 0.239152 0.251004 0.282659 0.294608 0.311163 0.320501 0.32956 0.334636 0.335102 0.326192 0.328771 0.332545 0.327286 0.311561 0.295994 0.295485 0.32302 0.334837 0.339305 0.350564 0.345166 0.357909 0.362944 0.362442 0.356389 0.361144 0.359126 0.349399 -9999 -9999 -9999 -9999 -9999 -9999 -9999 -9999 -9999 -9999 -9999 -9999 -9999 -9999 -9999 -9999 -9999 -9999 -9999 -9999 -9999 -9999 -9999 -9999 -9999 -9999 -9999 -9999 -9999 -9999 -9999 -9999 -9999 -9999 -9999 -9999 -9999 -9999 -9999 -9999
-9999 -9999 -9999 0.221603 0.252954 0.255121 0.284097 0.305373 0.316083 0.32624 0.331444 0.327293 0.327512 0.331586 0.32962 0.322825 0.320199 0.312073 0.303712 0.313883 0.338724 0.336281 0.35653 0.362501 0.372579 0.37142 0.369506 0.351776 0.361945 0.361326 0.354987 -9999 -9999 -9999 -9999 -9999 -9999 -9999 -9999 -9999 -9999 -9999 -9999 -9999 -9999 -9999 -9999 -9999 -9999 -9999 -9999 -9999 -9999 -9999 -9999 -9999 -9999 -9999 -9999 -9999 -9999 -9999 -9999 -9999 -9999 -9999 -9999 -9999 -9999 -9999 -9999
-9999 -9999 -9999 -9999 0.246284 0.24758 0.268247 0.299802 0.309329 0.322255 0.327914 0.32953 0.331564 0.332065 0.331183 0.326983 0.322023 0.314595 0.318298 0.335882 0.341879 0.345763 0.354856 0.368846 0.375388 0.368804 0.361303 0.356989 0.352936 0.348612 0.356155 0.354029 -9999 -9999 -9999 -9999 -9999 -9999 -9999 -9999 -9999 -9999 -9999 -9999 0.381221 -9999 -9999 -9999 -9999 -9999 -9999 -9999 -9999 -9999 -9999 -9999 -9999 -9999 -9999 -9999 -9999 -9999 -9999 -9999 -9999 0.193875 -9999 -9999 -9999 -9999 -9999
-9999 -9999 -9999 0.216785 0.23644 0.2512 0.267593 0.287398 0.304932 0.319122 0.324997 0.327627 0.329385 0.327218 0.329562 0.328694 0.322744 0.325 0.333783 0.340998 0.349157 0.357257 0.363772 0.369503 0.375142 0.382245 0.380387 0.382333 0.365073 0.377215 0.372976 0.362149 0.354338 -9999 -9999 -9999 -9999 -9999 -9999 -9999 0.3949 0.390615 0.386481 0.38519 0.390102 0.377802 -9999 -9999 -9999 -9999 -9999 -9999 -9999 -9999 -9999 -9999 -9999 -9999 -9999 -9999 -9999 -9999 -9999 -9999 -9999 0.204125 0.182545 -9999 -9999 -9999 -9999
-9999 -9999 -9999 0.216615 0.234643 0.248185 0.265135 0.278132 0.304583 0.31401 0.32246 0.327121 0.328418 0.327578 0.331199 0.328179 0.328326 0.329864 0.339945 0.346405 0.350465 0.354889 0.360559 0.36269 0.371681 0.386106 0.389453 0.388351 0.386823 0.391657 0.376307 0.360679 0.34866 -9999 -9999 -9999 -9999 -9999 -9999 0.407539 0.413119 0.414115 0.397733 0.401366 0.403588 0.395239 0.369339 -9999 -9999 -9999 -9999 -9999 -9999 -9999 -9999 -9999 -9999 -9999 -9999 -9999 -9999 0.296153 0.276616 0.242016 0.22059 0.204283 0.183541 -9999 -9999 -9999 -9999
-9999 -9999 -9999 0.209447 0.230102 0.247258 0.263216 0.273353 0.292688 0.312498 0.319888 0.32476 0.328341 0.331029 0.328505 0.329123 0.323763 0.335727 0.339849 0.343108 0.341241 0.345174 0.339638 0.343123 0.358395 0.381596 0.384507 0.378043 0.36694 0.366701 0.370406 0.370022 0.360995 -9999 -9999 -9999 -9999 -9999 -9999 0.419168 0.424776 0.427619 0.42273 0.404732 0.412766 0.395283 0.377211 0.365868 0.363836 0.358676 0.352959 0.342387 0.337673 0.327505 0.326217 -9999 -9999 -9999 -9999 0.308417 0.304884 0.300684 0.289482 0.252209 0.223937 0.196957 0.178041 -9999 -9999 -9999 -9999
-9999 -9999 -9999 0.211229 0.229057 0.243518 0.254778 0.270327 0.289274 0.309235 0.313469 0.31802 0.321904 0.325003 0.325851 0.323901 0.327402 0.330148 0.331338 0.320414 0.308004 0.323192 0.327526 0.320251 0.350809 0.373698 0.376757 0.367796 0.355277 0.375068 0.382431 0.379689 0.365804 -9999 -9999 -9999 0.400733 0.414869 0.414805 0.415736 0.423617 0.427113 0.433739 0.43074 0.42674 0.399023 0.380015 0.360332 0.353483 0.360466 0.355547 0.345294 0.340365 0.330354 0.320111 0.320515 0.319349 0.316673 0.312529 0.308958 0.305498 0.300444 0.289578 0.261362 0.238219 0.219795 0.173463 -9999 -9999 -9999 -9999
-9999 -9999 -9999 0.200597 0.218217 0.234549 0.253272 0.264514 0.278687 0.293457 0.311566 0.317076 0.316119 0.32308 0.32488 0.326163 0.326703 0.326987 0.317164 0.303448 0.291029 0.289956 0.306364 0.30329 0.322748 0.346277 0.365944 0.362165 0.35342 0.364297 0.385236 0.371447 0.361009 -9999 -9999 0.382998 0.411762 0.43065 0.438515 0.437817 0.432628 0.437609 0.430264 0.433995 0.425167 0.385698 0.376238 0.36407 0.357193 0.342701 0.335275 0.339359 0.33287 0.328712 0.324128 0.323277 0.320862 0.318391 0.315737 0.310945 0.308353 0.30417 0.295409 0.268763 0.251309 0.225323 0.170485 -9999 -9999 -9999 -9999
-9999 -9999 -9999 0.197748 0.21655 0.235654 0.248555 0.264595 0.277297 0.288157 0.302334 0.316025 0.316287 0.316405 0.322756 0.32389 0.324815 0.325881 0.316415 0.306278 0.29027 0.28424 0.288555 0.294293 0.297355 0.316192 0.328955 0.341912 0.360125 0.379218 0.393673 0.393997 0.378348 0.375511 -9999 0.395525 0.410452 0.432804 0.449373 0.456847 0.446341 0.451938 0.445022 0.446363 0.430513 0.397006 0.369551 0.356941 0.344218 0.343104 0.343489 0.342445 0.337597 0.329139 0.325697 0.323354 0.321262 0.319421 0.317616 0.31519 0.312023 0.307518 0.300935 0.285048 0.262192 0.231154 0.173734 -9999 -9999 -9999 -9999
-9999 -9999 0.150094 0.193113 0.217081 0.234386 0.24997 0.264357 0.276971 0.291383 0.303914 0.310967 0.318401 0.311566 0.31363 0.316133 0.322204 0.323332 0.324741 0.320827 0.299957 0.300672 0.296384 0.290658 0.296953 0.315003 0.344845 0.360714 0.368392 0.375242 0.388516 0.40307 0.401253 0.381349 0.392617 0.411364 0.424203 0.439636 0.459997 0.470974 0.470874 0.464452 0.462874 0.454211 0.425198 0.395335 0.378711 0.360691 0.347744 0.336723 0.332593 0.331307 0.335837 0.332762 0.32538 0.3233 0.321763 0.320589 0.319429 0.317646 0.31474 0.31087 0.305537 0.294384 0.272386 0.224428 0.181033 -9999 -9999 -9999 -9999
-9999 -9999 -9999 0.186645 0.205655 0.220952 0.23649 0.253293 0.269597 0.289375 0.298392 0.308616 0.315074 0.312073 0.303961 0.312186 0.315696 0.319904 0.32209 0.324725 0.309075 0.305267 0.306089 0.301536 0.321833 0.342816 0.359856 0.37408 0.372258 0.370872 0.376335 0.371045 0.384992 0.391753 0.405038 0.420112 0.445064 0.46063 0.464261 0.463279 0.478261 0.476932 0.460131 0.452002 0.429412 0.402728 0.38151 0.36899 0.355367 0.343711 0.316965 0.327529 0.32106 0.326186 0.328043 0.323555 0.322424 0.321821 0.320944 0.319574 0.317139 0.313559 0.30574 0.294275 0.275862 0.223026 0.182998 -9999 -9999 -9999 -9999
-9999 -9999 -9999 -9999 -9999 0.215379 0.232869 0.248162 0.26388 0.288762 0.300347 0.309015 0.313921 0.313472 0.307648 0.305292 0.3069 0.298746 0.307734 0.321743 0.327119 0.333766 0.324283 0.327279 0.351187 0.364132 0.366749 0.373708 0.381681 0.377977 0.390134 0.382751 0.380069 0.393265 0.425101 0.451218 0.476644 0.486793 0.478841 0.478928 0.479769 0.480822 0.473316 0.456857 0.432821 0.406282 0.380893 0.374889 0.361931 0.345537 0.331426 0.326461 0.324365 0.320817 0.32542 0.325033 0.323254 0.322848 0.322382 0.321271 0.319096 0.312239 0.305508 0.296834 0.286132 0.231632 0.178883 -9999 -9999 -9999 -9999
-9999 -9999 -9999 -9999 -9999 0.206251 0.222697 0.24163 0.268064 0.288801 0.300436 0.307041 0.313238 0.313807 0.307465 0.300077 0.292201 0.282811 0.290048 0.308248 0.322449 0.331208 0.324154 0.346295 0.357362 0.367001 0.365531 0.370439 0.38299 0.380964 0.391499 0.39318 0.38703 0.411333 0.433825 0.456043 0.484211 0.500652 0.503675 0.49204 0.489512 0.491912 0.477583 0.453774 0.437974 0.407189 0.377798 0.375353 0.364925 0.349496 0.339654 0.331971 0.326573 0.324782 0.324617 0.32478 0.324043 0.323474 0.323176 0.322321 0.318974 0.314096 0.307343 0.298447 0.287611 0.247877 0.178848 -9999 -9999 -9999 -9999
-9999 -9999 -9999 -9999 -9999 -9999 0.212527 0.238634 0.269819 0.28786 0.296165 0.306901 0.312146 0.311484 0.309772 0.300396 0.28685 0.261479 0.269532 0.286405 0.311395 0.329359 0.337996 0.345356 0.349746 0.341824 0.338571 0.35529 0.372132 0.376495 0.391701 0.391853 0.419538 0.446042 0.470795 0.486078 0.489116 0.503396 0.511355 0.499978 0.498866 0.496531 0.477091 0.458281 0.439301 0.407534 0.390196 0.375021 0.368252 0.350599 0.343185 0.336729 0.329297 0.325817 0.324409 0.3246 0.324086 0.323822 0.323653 0.322289 0.319583 0.314685 0.307691 0.29866 0.287691 0.272825 0.226383 0.195516 -9999 -9999 -9999
-9999 -9999 -9999 -9999 -9999 -9999 0.200201 0.219739 0.254267 0.274482 0.293138 0.305298 0.310576 0.307486 0.305697 0.291811 0.28701 0.263228 0.254886 0.267181 0.268854 0.303389 0.337171 0.344807 0.310469 0.30891 0.314038 0.336274 0.356364 0.372431 0.377043 0.38846 0.428161 0.457261 0.48031 0.497298 0.503532 0.504198 0.518128 0.514153 0.509752 0.495875 0.481727 0.457122 0.435219 0.413932 0.391703 0.375187 0.368854 0.34897 0.345459 0.338324 0.329214 0.324037 0.325262 0.324324 0.323982 0.323229 0.322985 0.321665 0.318393 0.313663 0.306641 0.297422 0.286642 0.274055 0.251015 0.222404 0.20246 0.192697 -9999
-9999 -9999 -9999 -9999 -9999 -9999 -9999 0.197676 0.240585 0.267937 0.284064 0.30152 0.307958 0.308703 0.304394 0.290347 0.277552 0.25659 0.233197 0.226128 0.26966 0.310325 0.337237 0.347379 0.320625 0.320108 0.336382 0.364114 0.375583 0.389561 0.399872 0.411967 0.420375 0.439672 0.468373 0.486544 0.503788 0.513627 0.511242 0.510084 0.50518 0.493163 0.479972 0.463488 0.446613 0.412666 0.402156 0.382173 0.371192 0.357653 0.346125 0.338867 0.32729 0.325766 0.325533 0.324434 0.3218 0.321812 0.321456 0.319986 0.316923 0.310969 0.303952 0.295006 0.284207 0.2721 0.252283 0.236263 0.213309 0.187657 0.159482
-9999 -9999 -9999 -9999 -9999 -9999 -9999 0.180689 0.222904 0.250666 0.278347 0.296182 0.305532 0.308495 0.305741 0.295716 0.279465 0.266027 0.24017 0.214299 0.261006 0.307377 0.335806 0.347972 0.327695 0.351662 0.360171 0.38061 0.385046 0.398166 0.422564 0.429533 0.434223 0.438381 0.438024 0.474853 0.494261 0.506963 0.509598 0.506218 0.498141 0.491254 0.472973 0.445712 0.440122 0.414655 0.398276 0.382877 0.369459 0.357194 0.346495 0.340319 0.333554 0.325621 0.323908 0.319891 0.319726 0.319561 0.31877 0.316894 0.313668 0.308794 0.303186 0.291299 0.28082 0.269048 0.249706 0.235773 0.221311 0.205226 0.172977
-9999 -9999 -9999 -9999 -9999 -9999 -9999 0.135465 0.191114 0.240844 0.268014 0.290674 0.30001 0.305368 0.301332 0.298115 0.287217 0.276918 0.260787 0.236692 0.22415 0.263702 0.315675 0.347386 0.358934 0.371511 0.377726 0.385978 0.402013 0.420139 0.439005 0.444522 0.44132 0.441278 0.445867 0.474852 0.482231 0.481636 0.502277 0.496379 0.486206 0.466133 0.451365 0.439862 0.416232 0.396841 0.37516 0.3686 0.362411 0.354042 0.344906 0.339184 0.329426 0.324903 0.318808 0.317644 0.316891 0.316153 0.314944 0.312751 0.309106 0.304105 0.297805 0.290522 0.280914 0.265286 0.246466 0.233419 0.219948 0.20664 0.191134
-9999 -9999 -9999 -9999 -9999 -9999 -9999 0.135891 0.187168 0.228442 0.256603 0.281539 0.291009 0.301295 0.30297 0.300019 0.291266 0.279814 0.267299 0.247324 0.234354 0.260037 0.301361 0.331772 0.351423 0.36919 0.382463 0.395294 0.411842 0.425984 0.452134 0.456982 0.444752 0.447261 0.443302 0.473992 0.480759 0.477991 0.487464 0.481573 0.455856 0.432137 0.418853 0.424091 0.403248 0.378054 0.357489 0.350853 0.354735 0.336515 0.329032 0.331533 0.326993 0.318116 0.315899 0.314287 0.313103 0.311796 0.310145 0.30764 0.303714 0.298623 0.292226 0.284303 0.275981 0.265572 0.246859 0.230401 0.218076 0.205794 0.193331
-9999 -9999 -9999 -9999 -9999 -9999 -9999 0.129338 0.172783 0.210225 0.247387 0.273383 0.286541 0.296567 0.299871 0.296525 0.293609 0.287605 0.277298 0.271676 0.260512 0.244872 0.287029 0.312404 0.333476 0.348902 0.372413 0.386682 0.39732 0.423544 0.442323 0.443854 0.442732 0.448974 0.450352 0.4698 0.473527 0.474038 0.471381 0.451741 0.42391 0.398382 0.400179 0.386562 0.390775 0.350923 0.349488 0.348876 0.341711 0.323831 0.310372 0.324194 0.314907 0.312896 0.311301 0.310036 0.308198 0.306658 0.3044 0.301441 0.297487 0.292309 0.286016 0.278525 0.269997 0.260772 0.242668 0.231258 0.215389 0.203655 0.189089
-9999 -9999 -9999 -9999 -9999 -9999 -9999 -9999 0.149825 0.197046 0.23703 0.261623 0.278563 0.288767 0.29252 0.292674 0.291985 0.289628 0.283326 0.275169 0.261066 0.252807 0.268238 0.293903 0.306296 0.324369 0.356967 0.376997 0.380744 0.383788 0.400218 0.428286 0.439031 0.447301 0.453645 0.458167 0.45965 0.456587 0.444561 0.408768 0.395568 0.375137 0.367301 0.350754 0.365446 0.337683 0.340696 0.336206 0.328749 0.306743 0.305304 0.306009 0.307049 0.302038 0.302773 0.304565 0.302539 0.300434 0.297754 0.294603 0.290565 0.285488 0.277878 0.270478 0.262193 0.25281 0.234824 0.222967 0.211453 0.199306 0.19102
-9999 -9999 -9999 -9999 -9999 -9999 -9999 -9999 0.14227 0.186197 0.231471 0.249847 0.267506 0.282798 0.287016 0.285811 0.284546 0.283076 0.281143 0.27078 0.261538 0.253828 0.255911 0.266234 0.284046 0.305458 0.343035 0.359854 0.369798 0.359346 0.361549 0.39346 0.421097 0.430868 0.436047 0.419744 0.427241 0.416549 0.399598 0.391895 0.379833 0.358656 0.357665 0.338384 0.333764 0.32314 0.321195 0.315579 0.31644 0.2969 0.29317 0.293318 0.29597 0.292042 0.296811 0.296862 0.295 0.292505 0.289621 0.28607 0.281882 0.276665 0.270548 0.263571 0.255622 0.246511 0.234213 0.201028 0.191397 0.186129 0.180959
-9999 -9999 -9999 -9999 -9999 -9999 -9999 -9999 0.143675 0.17569 0.216059 0.247022 0.253655 0.270521 0.280959 0.279513 0.277206 0.274731 0.275769 0.264368 0.25203 0.243699 0.233753 0.243651 0.263528 0.30137 0.328411 0.341892 0.349104 0.348704 0.364554 0.388153 0.404116 0.413542 0.417548 0.41718 0.417048 0.409316 0.404557 0.389983 0.367233 0.354314 0.352195 0.325266 0.318795 0.318046 0.301726 0.30578 0.303826 0.281579 0.280548 0.288158 0.290045 0.291857 0.291106 0.289053 0.287802 0.2848 0.281637 0.27796 0.273598 0.268605 0.26265 0.25609 0.247542 0.237722 0.215564 0.191665 0.184222 0.182385 0.180004
-9999 -9999 -9999 -9999 -9999 -9999 -9999 -9999 0.1451 0.173908 0.209164 0.232408 0.240387 0.258433 0.274633 0.277055 0.274661 0.276478 0.27404 0.265128 0.255342 0.244846 0.2432 0.232396 0.257423 0.289786 0.313227 0.329346 0.330986 0.333592 0.351651 0.369207 0.380106 0.396182 0.400987 0.401309 0.389342 0.383106 0.385163 0.379907 0.371122 0.353757 0.347586 0.333201 0.323166 0.313141 0.295672 0.294566 0.287963 0.273842 0.284198 0.285489 0.285136 0.285014 0.282275 0.280631 0.279716 0.276601 0.273177 0.269327 0.265097 0.260145 0.254166 0.24779 0.238241 0.22577 0.207953 0.173034 0.177801 0.183255 0.173469
-9999 -9999 -9999 -9999 -9999 -9999 -9999 -9999 0.138191 0.167779 0.198157 0.213461 0.219656 0.248552 0.267623 0.271402 0.272235 0.272643 0.261108 0.266265 0.267853 0.258837 0.243938 0.227662 0.236962 0.260605 0.296295 0.311019 0.303825 0.304386 0.316113 0.337617 0.356925 0.376034 0.383692 0.382561 0.362375 0.339574 0.349756 0.359496 0.3565 0.349223 0.332833 0.323852 0.314813 0.300361 0.269816 0.275265 0.272642 0.275502 0.274382 0.276663 0.278196 0.271208 0.268594 0.271141 0.271188 0.2678 0.264241 0.260523 0.256302 0.251591 0.245352 0.238655 0.230631 0.209531 0.193939 0.165953 0.172721 0.174897 0.148987
-9999 -9999 -9999 -9999 -9999 -9999 -9999 -9999 0.12754 0.14983 0.178528 0.192516 0.212121 0.239355 0.254568 0.263726 0.267264 0.268805 0.26586 0.265986 0.262469 0.252825 0.238264 0.221988 0.2141 0.228797 0.273166 0.277928 0.279806 0.277274 0.294059 0.31557 0.344218 0.361979 0.367183 0.368422 0.365383 0.34881 0.327682 0.326281 0.334255 0.322429 0.308513 0.309632 0.303777 0.290218 0.278826 0.269375 0.25627 0.261323 0.259111 0.262696 0.271109 0.268403 0.263766 0.2655 0.262037 0.258519 0.255074 0.251309 0.247323 0.242989 0.237456 0.230275 0.215203 0.201188 0.183526 0.176476 0.174196 0.167714 0.150022
-9999 -9999 -9999 -9999 -9999 -9999 -9999 -9999 0.111329 0.136136 0.162741 0.187737 0.211448 0.232255 0.237021 0.249615 0.25315 0.261664 0.264269 0.262152 0.259935 0.252307 0.231886 0.216061 0.19868 0.211806 0.248116 0.270156 0.264322 0.248504 0.27556 0.304419 0.330458 0.345799 0.339246 0.350797 0.351231 0.34525 0.332586 0.31233 0.310784 0.293889 0.290066 0.293686 0.291913 0.286203 0.276882 0.255354 0.250994 0.252172 0.247689 0.250539 0.255839 0.261286 0.258571 0.256396 0.252594 0.248908 0.245439 0.241845 0.237963 0.233659 0.228562 0.215963 0.201562 0.190839 0.177604 0.171743 0.175632 0.166755 0.147485
