Test_Spring_2018/11_17/Prec/20171111_023.txt
ncols	170
nrows	115
xllcorner	350000.000000
yllcorner	4445000.000000
cellsize	1000.000000
nodata_value	-9999.000000
[rows 31 to 61 of 115, columns 70 to 139 of 170]
0.521371 0.53194 0.540148 0.544097 0.551373 0.568945 0.591143 0.597132 0.61612 0.619884 0.620447 0.622713 0.623009 0.620927 0.621251 0.615112 0.59053 0.600066 0.605076 0.599512 0.606032 0.615292 0.611442 0.595531 0.589819 0.579199 0.584738 0.579558 0.570971 -9999 -9999 -9999 -9999 -9999 -9999 -9999 -9999 -9999 -9999 -9999 -9999 -9999 -9999 -9999 -9999 -9999 -9999 -9999 -9999 -9999 -9999 -9999 -9999 -9999 -9999 -9999 -9999 -9999 -9999 -9999 -9999 -9999 -9999 -9999 -9999 -9999 -9999 -9999 -9999 -9999
0.534679 0.542617 0.5487 0.552346 0.563295 0.573953 0.596122 0.602054 0.626514 0.630927 0.632671 0.630959 0.632182 0.63297 0.634231 0.629713 0.612792 0.597624 0.608679 0.610715 0.606132 0.619204 0.614798 0.600609 0.579831 0.593074 0.591003 0.572879 0.572936 -9999 -9999 -9999 -9999 -9999 -9999 -9999 -9999 -9999 -9999 -9999 -9999 -9999 -9999 -9999 -9999 -9999 -9999 -9999 -9999 -9999 -9999 -9999 -9999 -9999 -9999 -9999 -9999 -9999 -9999 -9999 -9999 -9999 -9999 -9999 -9999 -9999 -9999 -9999 -9999 -9999
0.542092 0.55256 0.556973 0.561861 0.574605 0.580876 0.589353 0.614734 0.637067 0.642371 0.645664 0.647177 0.648633 0.649599 0.646959 0.641633 0.627508 0.609893 0.607124 0.618113 0.619829 0.62244 0.617867 0.611725 0.60154 0.610791 0.614522 0.603579 0.590557 0.593292 -9999 -9999 -9999 -9999 -9999 -9999 -9999 -9999 -9999 -9999 -9999 -9999 -9999 -9999 -9999 -9999 -9999 -9999 -9999 -9999 -9999 -9999 -9999 -9999 -9999 -9999 -9999 -9999 -9999 -9999 -9999 -9999 -9999 -9999 -9999 -9999 -9999 -9999 -9999 -9999
0.547822 0.56137 0.56466 0.564154 0.574067 0.583231 0.598552 0.635548 0.641181 0.653561 0.65759 0.661378 0.661887 0.662675 0.661329 0.656476 0.648049 0.637052 0.616197 0.630951 0.642397 0.642529 0.642087 0.637191 0.626593 0.634847 0.634754 0.622148 0.616554 0.606693 0.602104 -9999 -9999 -9999 -9999 -9999 -9999 -9999 -9999 -9999 -9999 -9999 -9999 -9999 -9999 -9999 -9999 -9999 -9999 -9999 -9999 -9999 -9999 -9999 -9999 -9999 -9999 -9999 -9999 -9999 -9999 -9999 -9999 -9999 -9999 -9999 -9999 -9999 -9999 -9999
-9999 0.568749 0.571752 0.569546 0.579266 0.590639 0.605777 0.629278 0.655199 0.662461 0.669623 0.673913 0.674779 0.668646 0.670569 0.672953 0.668262 0.655369 0.641932 0.638743 0.655228 0.659592 0.657957 0.660658 0.650733 0.653573 0.650504 0.646487 0.640832 0.62458 0.617588 0.605497 -9999 -9999 -9999 -9999 -9999 -9999 -9999 -9999 -9999 -9999 -9999 -9999 -9999 -9999 -9999 -9999 -9999 -9999 -9999 -9999 -9999 -9999 -9999 -9999 -9999 -9999 -9999 -9999 -9999 -9999 -9999 -9999 -9999 -9999 -9999 -9999 -9999 -9999
-9999 -9999 -9999 -9999 0.582123 0.596325 0.621919 0.635127 0.665291 0.673778 0.682109 0.686963 0.684991 0.686004 0.689452 0.687974 0.682298 0.678841 0.670491 0.661033 0.664113 0.676963 0.669167 0.677148 0.674157 0.673694 0.664754 0.664159 0.642495 0.629105 0.622021 0.611391 -9999 -9999 -9999 -9999 -9999 -9999 -9999 -9999 -9999 -9999 -9999 -9999 -9999 -9999 -9999 -9999 -9999 -9999 -9999 -9999 -9999 -9999 -9999 -9999 -9999 -9999 -9999 -9999 -9999 -9999 -9999 -9999 -9999 -9999 -9999 -9999 -9999 -9999
-9999 -9999 -9999 -9999 -9999 0.605856 0.630028 0.646344 0.675333 0.683259 0.69406 0.699817 0.70267 0.705631 0.70704 0.706771 0.703207 0.69804 0.689918 0.688679 0.696337 0.694453 0.690027 0.688525 0.689888 0.685324 0.672836 0.664357 0.651482 0.625928 0.614854 0.613141 0.605241 -9999 -9999 -9999 -9999 -9999 -9999 -9999 -9999 -9999 -9999 -9999 -9999 0.631459 -9999 -9999 -9999 -9999 -9999 -9999 -9999 -9999 -9999 -9999 -9999 -9999 -9999 -9999 -9999 -9999 -9999 -9999 -9999 -9999 0.596738 -9999 -9999 -9999
-9999 -9999 -9999 -9999 0.609359 0.634633 0.645794 0.658972 0.665626 0.694113 0.706385 0.712983 0.717331 0.720854 0.721015 0.723638 0.722831 0.717016 0.71571 0.717633 0.71693 0.715526 0.712847 0.707979 0.701719 0.694798 0.696937 0.683994 0.674009 0.650252 0.636881 0.625258 0.609838 0.5977 -9999 -9999 -9999 -9999 -9999 -9999 -9999 0.619223 0.620161 0.622042 0.6267 0.636455 0.634164 -9999 -9999 -9999 -9999 -9999 -9999 -9999 -9999 -9999 -9999 -9999 -9999 -9999 -9999 -9999 -9999 -9999 -9999 -9999 0.607372 0.594187 -9999 -9999
-9999 -9999 -9999 -9999 0.633879 0.646103 0.656104 0.669671 0.68142 0.707375 0.716831 0.7261 0.732809 0.736895 0.738851 0.743081 0.741164 0.73995 0.737966 0.740336 0.738256 0.732741 0.725998 0.718913 0.708279 0.701933 0.706956 0.695919 0.681869 0.667984 0.647733 0.626522 0.606271 0.589919 -9999 -9999 -9999 -9999 -9999 -9999 0.619595 0.627265 0.632687 0.626417 0.635482 0.64416 0.64565 0.641872 -9999 -9999 -9999 -9999 -9999 -9999 -9999 -9999 -9999 -9999 -9999 -9999 -9999 -9999 0.669669 0.657409 0.634142 0.620499 0.610714 0.597901 -9999 -9999
-9999 -9999 -9999 -9999 0.641213 0.654793 0.667138 0.679985 0.68993 0.722298 0.729262 0.738658 0.746522 0.753292 0.758772 0.759343 0.760642 0.755696 0.76121 0.758802 0.753584 0.742611 0.734066 0.71715 0.705627 0.70918 0.71061 0.697212 0.677239 0.654432 0.628092 0.620045 0.609404 0.593967 -9999 -9999 -9999 -9999 -9999 -9999 0.621125 0.629432 0.636964 0.639928 0.634236 0.648158 0.650538 0.646769 0.647982 0.655887 0.66129 0.654603 0.660067 0.665177 0.665512 0.671418 -9999 -9999 -9999 -9999 0.679475 0.679009 0.677687 0.671072 0.645458 0.626472 0.608613 0.603301 -9999 -9999
-9999 -9999 -9999 -9999 0.654146 0.6651 0.675201 0.684647 0.69883 0.731202 0.739597 0.749462 0.757924 0.765802 0.77246 0.776275 0.776342 0.778245 0.777206 0.772537 0.756617 0.737357 0.736179 0.721776 0.708536 0.712404 0.71148 0.696014 0.672058 0.646116 0.632821 0.625661 0.611737 0.584089 -9999 -9999 -9999 0.590041 0.600036 0.601441 0.605175 0.615406 0.623717 0.642575 0.648864 0.655543 0.650979 0.64773 0.644045 0.649552 0.664805 0.670943 0.66636 0.672036 0.673061 0.670285 0.676755 0.681011 0.683122 0.683196 0.682848 0.681919 0.679374 0.672359 0.656017 0.640359 0.628381 0.605678 -9999 -9999
-9999 -9999 -9999 -9999 0.659074 0.669501 0.680755 0.695653 0.706918 0.721919 0.750611 0.760301 0.770555 0.776061 0.786634 0.792113 0.795271 0.795452 0.792687 0.779684 0.761017 0.740674 0.726284 0.730541 0.710905 0.705257 0.70357 0.69214 0.657354 0.632895 0.623896 0.613173 0.592569 0.57443 -9999 -9999 0.570925 0.589542 0.603052 0.610517 0.613571 0.614981 0.62519 0.627633 0.639118 0.642136 0.629502 0.633825 0.646767 0.653422 0.652111 0.657077 0.661471 0.669174 0.674982 0.67935 0.685217 0.688694 0.690904 0.691845 0.690252 0.689492 0.687055 0.681025 0.661969 0.649773 0.636749 0.601368 -9999 -9999
-9999 -9999 -9999 -9999 0.66756 0.678583 0.691751 0.702403 0.717279 0.730117 0.756116 0.77267 0.781937 0.789467 0.796177 0.805955 0.80978 0.810725 0.808659 0.795664 0.778965 0.755022 0.73572 0.728981 0.714109 0.681125 0.673957 0.662393 0.651363 0.644876 0.631969 0.615417 0.601459 0.580487 0.568915 -9999 0.571441 0.579843 0.595963 0.610079 0.619601 0.617846 0.629335 0.633026 0.643235 0.642648 0.635316 0.627472 0.630422 0.633294 0.644455 0.666206 0.668417 0.675932 0.681012 0.686687 0.69177 0.695598 0.698198 0.699517 0.699262 0.697596 0.694374 0.689358 0.677575 0.665299 0.643389 0.605681 -9999 -9999
-9999 -9999 -9999 0.655813 0.671809 0.686153 0.697809 0.710445 0.724386 0.73903 0.767059 0.78259 0.79529 0.802699 0.805382 0.812974 0.818545 0.823722 0.821883 0.816629 0.803942 0.775619 0.766431 0.732801 0.706958 0.687633 0.677925 0.676794 0.665918 0.649863 0.63432 0.616076 0.602854 0.588623 0.565886 0.566273 0.574712 0.581477 0.592682 0.609881 0.622462 0.628935 0.632476 0.640144 0.644752 0.636375 0.632072 0.633027 0.633115 0.63688 0.641877 0.651541 0.655705 0.679912 0.688114 0.692421 0.697973 0.702305 0.70531 0.706855 0.706685 0.704725 0.701423 0.696756 0.691347 0.675248 0.643717 0.615934 -9999 -9999
-9999 -9999 -9999 -9999 0.673481 0.683883 0.693927 0.706561 0.722477 0.7402 0.772138 0.785951 0.801413 0.814383 0.816285 0.81726 0.827635 0.831402 0.832008 0.82725 0.818965 0.790532 0.769456 0.748973 0.722485 0.711569 0.702281 0.690117 0.676331 0.651694 0.628552 0.603573 0.582273 0.577459 0.565352 0.568402 0.573892 0.589387 0.600809 0.606143 0.610477 0.628483 0.635608 0.634867 0.64061 0.636774 0.635562 0.634124 0.639154 0.643364 0.648825 0.642955 0.657138 0.666063 0.682105 0.699225 0.703785 0.70849 0.71183 0.713355 0.713137 0.71108 0.707496 0.702995 0.695827 0.682474 0.644584 0.618945 -9999 -9999
-9999 -9999 -9999 -9999 -9999 -9999 0.694661 0.708744 0.723708 0.741266 0.776857 0.792881 0.807628 0.819798 0.827452 0.828363 0.831514 0.83425 0.826071 0.823103 0.824023 0.812475 0.798224 0.76928 0.745427 0.737524 0.72108 0.697098 0.6767 0.657874 0.631786 0.610846 0.587054 0.569338 0.566095 0.579551 0.591116 0.606929 0.61452 0.611661 0.6171 0.62539 0.635637 0.641205 0.641502 0.637265 0.63675 0.633012 0.643515 0.64895 0.651706 0.655751 0.659766 0.672573 0.682929 0.697446 0.706262 0.713771 0.717186 0.718825 0.718516 0.716296 0.712244 0.706631 0.699744 0.691756 0.65247 0.617353 -9999 -9999
-9999 -9999 -9999 -9999 -9999 -9999 0.691746 0.705088 0.722751 0.748188 0.780649 0.796804 0.81018 0.823451 0.832035 0.834175 0.833103 0.829149 0.819894 0.818279 0.820063 0.81465 0.80151 0.773781 0.763149 0.745158 0.725514 0.697741 0.675026 0.65871 0.633051 0.610413 0.592605 0.571866 0.576309 0.58271 0.592324 0.609459 0.6217 0.627099 0.62411 0.630109 0.641601 0.64251 0.637799 0.639916 0.636662 0.630459 0.644008 0.651756 0.655701 0.66334 0.666117 0.677011 0.689077 0.700482 0.709948 0.716355 0.720895 0.722538 0.722234 0.719922 0.715597 0.709764 0.702532 0.694292 0.66562 0.618529 -9999 -9999
-9999 -9999 -9999 -9999 -9999 -9999 -9999 0.700407 0.723235 0.752029 0.782369 0.795924 0.812119 0.824529 0.832083 0.837499 0.835197 0.826983 0.80625 0.805276 0.806129 0.808561 0.802079 0.785677 0.764165 0.741151 0.70854 0.679243 0.664869 0.651423 0.630164 0.61076 0.59166 0.595373 0.601315 0.6093 0.61385 0.612956 0.62356 0.632407 0.629742 0.636769 0.644815 0.642014 0.640956 0.640801 0.636904 0.639568 0.643999 0.654569 0.657082 0.666688 0.670647 0.680288 0.691335 0.702014 0.711636 0.718285 0.722578 0.724512 0.724014 0.721687 0.717275 0.711195 0.703802 0.695415 0.684785 0.654073 0.633527 -9999
-9999 -9999 -9999 -9999 -9999 -9999 -9999 0.69321 0.711115 0.742062 0.773798 0.794435 0.811183 0.823128 0.828463 0.831635 0.827244 0.825341 0.806093 0.79247 0.790179 0.775947 0.781863 0.784134 0.763247 0.712509 0.684926 0.662101 0.652092 0.641345 0.628915 0.602016 0.591361 0.604036 0.612056 0.618949 0.624827 0.626304 0.626961 0.640288 0.64237 0.646775 0.646159 0.646908 0.641338 0.63877 0.642278 0.641148 0.644402 0.655122 0.655881 0.668221 0.6715 0.679864 0.689641 0.702222 0.711031 0.717834 0.722174 0.723961 0.723216 0.721205 0.716985 0.710955 0.703493 0.695308 0.686389 0.672758 0.653886 0.641897
-9999 -9999 -9999 -9999 -9999 -9999 -9999 -9999 0.695761 0.732373 0.769114 0.787259 0.807121 0.81915 0.824853 0.827747 0.821538 0.81346 0.796076 0.773194 0.754825 0.771544 0.782613 0.780713 0.762579 0.718316 0.692446 0.678654 0.673545 0.657407 0.6443 0.622081 0.612577 0.603071 0.604423 0.615229 0.622777 0.632261 0.639483 0.640718 0.645426 0.647506 0.64773 0.648614 0.648363 0.648864 0.642709 0.649541 0.649762 0.656632 0.66157 0.667689 0.670234 0.676475 0.688638 0.699961 0.708538 0.715042 0.719161 0.721023 0.720374 0.717265 0.714712 0.708892 0.701821 0.693791 0.685364 0.674252 0.664599 0.65046
-9999 -9999 -9999 -9999 -9999 -9999 -9999 -9999 0.683311 0.718887 0.755772 0.78151 0.807187 0.810806 0.819223 0.822366 0.818347 0.807233 0.795052 0.770392 0.742153 0.762874 0.773785 0.774142 0.760499 0.720658 0.713979 0.695921 0.686859 0.666916 0.654443 0.643266 0.631014 0.61964 0.610006 0.601547 0.622298 0.633412 0.642563 0.6471 0.649677 0.650916 0.649134 0.647586 0.638699 0.646587 0.645941 0.6477 0.650486 0.654861 0.660043 0.666126 0.668415 0.677592 0.684626 0.696652 0.703643 0.709768 0.713882 0.715663 0.715046 0.712216 0.707395 0.707301 0.698751 0.691215 0.683246 0.67275 0.664713 0.656799
-9999 -9999 -9999 -9999 -9999 -9999 -9999 -9999 0.649718 0.694473 0.756792 0.780037 0.78873 0.801017 0.810042 0.811207 0.811259 0.803409 0.79319 0.775617 0.749027 0.72768 0.740149 0.75952 0.75461 0.739667 0.726401 0.708357 0.692087 0.682178 0.674883 0.660662 0.648389 0.631977 0.621535 0.616404 0.631787 0.634228 0.633529 0.650728 0.650846 0.64977 0.643112 0.63402 0.635446 0.631974 0.634973 0.631901 0.640171 0.648898 0.656051 0.662453 0.663718 0.672906 0.681567 0.689704 0.69692 0.702591 0.706426 0.708196 0.707769 0.705148 0.700803 0.695191 0.696838 0.690128 0.680348 0.670579 0.66331 0.656187
-9999 -9999 -9999 -9999 -9999 -9999 -9999 -9999 0.659474 0.714061 0.746223 0.754466 0.776748 0.787926 0.799325 0.803519 0.802826 0.795863 0.784463 0.769539 0.746336 0.725418 0.729975 0.741284 0.744205 0.736606 0.722287 0.711209 0.700072 0.694732 0.685343 0.676445 0.66462 0.643434 0.634969 0.624264 0.641246 0.643317 0.640833 0.649454 0.648894 0.635662 0.625364 0.623899 0.627695 0.622474 0.620848 0.619914 0.627096 0.642144 0.643979 0.650857 0.656441 0.665656 0.674043 0.681806 0.688455 0.693765 0.697332 0.699104 0.698925 0.696686 0.692928 0.687915 0.681828 0.685753 0.679253 0.67003 0.661276 0.655071
-9999 -9999 -9999 -9999 -9999 -9999 -9999 -9999 0.66386 0.702383 0.731239 0.743205 0.765145 0.777809 0.787818 0.792084 0.790172 0.786785 0.779004 0.765711 0.753335 0.734476 0.710058 0.725585 0.72349 0.718852 0.716474 0.713186 0.703217 0.691144 0.677262 0.674987 0.662258 0.649936 0.645083 0.638893 0.648062 0.647994 0.647686 0.647028 0.635791 0.620163 0.607564 0.615985 0.61419 0.615789 0.602752 0.614109 0.625376 0.632148 0.632112 0.633698 0.645844 0.655712 0.664387 0.672148 0.678784 0.683555 0.687095 0.68876 0.688749 0.687106 0.683973 0.679745 0.674658 0.669079 0.675096 0.666796 0.661033 0.654729
-9999 -9999 -9999 -9999 -9999 -9999 -9999 -9999 -9999 0.695879 0.710059 0.740398 0.759795 0.773613 0.7822 0.785405 0.784929 0.782416 0.776959 0.766666 0.75291 0.732675 0.714585 0.711758 0.710411 0.700432 0.695461 0.700658 0.696777 0.68156 0.655034 0.651068 0.658642 0.655513 0.652588 0.650317 0.648575 0.646937 0.643832 0.635927 0.612309 0.606649 0.596969 0.597578 0.592847 0.599753 0.595407 0.607755 0.615121 0.620612 0.615603 0.613752 0.632904 0.644443 0.650625 0.659855 0.667989 0.672555 0.67582 0.677505 0.677843 0.676752 0.674378 0.671024 0.666764 0.662071 0.670413 0.662863 0.657076 0.651818
-9999 -9999 -9999 -9999 -9999 -9999 -9999 -9999 -9999 0.66624 0.698433 0.731905 0.74596 0.759407 0.770782 0.773462 0.771246 0.767739 0.762579 0.755382 0.740235 0.72404 0.707138 0.695658 0.688664 0.679384 0.678472 0.688985 0.68448 0.675439 0.638645 0.627076 0.638628 0.648753 0.64767 0.645065 0.628655 0.6313 0.622394 0.610498 0.606757 0.601151 0.590092 0.594755 0.587055 0.59083 0.585232 0.593016 0.598586 0.609147 0.604975 0.599736 0.618594 0.63059 0.636982 0.648732 0.65599 0.660754 0.663971 0.665899 0.666481 0.665926 0.664169 0.661529 0.658245 0.654418 0.650044 0.658409 0.640832 0.637105
-9999 -9999 -9999 -9999 -9999 -9999 -9999 -9999 -9999 0.66416 0.687193 0.716476 0.738956 0.743606 0.75533 0.761778 0.758735 0.753975 0.747791 0.742694 0.726988 0.708991 0.69233 0.673018 0.666816 0.666779 0.672243 0.676549 0.671074 0.661464 0.632708 0.632213 0.638717 0.641173 0.64046 0.637424 0.632811 0.629926 0.622998 0.619619 0.610393 0.596407 0.590644 0.593709 0.57962 0.581181 0.587576 0.577611 0.589373 0.597041 0.59006 0.594224 0.609736 0.620532 0.630569 0.637924 0.643435 0.6486 0.651582 0.653607 0.654537 0.654406 0.65343 0.651557 0.64922 0.645562 0.641214 0.628203 0.63363 0.63169
-9999 -9999 -9999 -9999 -9999 -9999 -9999 -9999 -9999 0.6623 0.682581 0.707622 0.723887 0.728862 0.740782 0.750793 0.750021 0.744787 0.741481 0.733812 0.720075 0.704303 0.686634 0.674097 0.653739 0.658455 0.660588 0.663441 0.661041 0.632767 0.622484 0.624494 0.627373 0.626771 0.631359 0.629212 0.62525 0.613757 0.607766 0.609063 0.606221 0.601904 0.592358 0.591869 0.586245 0.584527 0.583461 0.571216 0.578555 0.582148 0.589316 0.592443 0.60274 0.611354 0.619526 0.625097 0.630708 0.636074 0.639088 0.641188 0.642387 0.642849 0.642473 0.641186 0.639588 0.635781 0.630037 0.620648 0.619608 0.626779
-9999 -9999 -9999 -9999 -9999 -9999 -9999 -9999 -9999 0.65471 0.675223 0.696303 0.706319 0.709482 0.728767 0.740374 0.740164 0.736953 0.732429 0.718104 0.714709 0.707477 0.691305 0.669686 0.646009 0.640035 0.644158 0.648798 0.646217 0.611986 0.60093 0.598958 0.605224 0.611142 0.618232 0.618343 0.613397 0.5959 0.577744 0.584738 0.592516 0.592071 0.589472 0.581132 0.578977 0.577491 0.572684 0.563591 0.561277 0.567236 0.57249 0.580861 0.591377 0.600906 0.603704 0.609078 0.617564 0.623589 0.626499 0.628727 0.630368 0.631278 0.631588 0.630664 0.629398 0.627251 0.615754 0.608456 0.597212 0.622816
-9999 -9999 -9999 -9999 -9999 -9999 -9999 -9999 -9999 0.644834 0.6598 0.679356 0.688069 0.700604 0.718303 0.726748 0.730138 0.728654 0.724806 0.716678 0.709689 0.698914 0.682549 0.661521 0.638256 0.620245 0.618006 0.629404 0.61627 0.592712 0.579801 0.581829 0.588354 0.601242 0.607465 0.605841 0.60261 0.597517 0.583787 0.567889 0.567407 0.574749 0.568638 0.561867 0.5668 0.567346 0.562873 0.560442 0.553187 0.561584 0.558147 0.565345 0.576433 0.590611 0.596216 0.599885 0.607634 0.611066 0.613955 0.616453 0.618351 0.619816 0.620854 0.620943 0.619848 0.613104 0.607267 0.598945 0.598503 0.623609
-9999 -9999 -9999 -9999 -9999 -9999 -9999 -9999 -9999 0.631438 0.648083 0.665931 0.682428 0.697715 0.710506 0.711134 0.716825 0.715182 0.716295 0.712151 0.703535 0.693761 0.678962 0.653808 0.631025 0.606278 0.603058 0.617779 0.594792 0.578891 0.556383 0.565892 0.577734 0.588672 0.593058 0.582797 0.586967 0.58431 0.578203 0.568398 0.55417 0.554564 0.544747 0.545287 0.551998 0.555447 0.55658 0.555512 0.553321 0.553952 0.547393 0.552709 0.563012 0.574675 0.585978 0.590856 0.595639 0.598781 0.601595 0.604218 0.606479 0.608343 0.609796 0.610652 0.606104 0.600351 0.597412 0.592805 0.593704 0.606968
