Test_Spring_2018/11_17/Prec/20171119_017.txt
ncols	170
nrows	115
xllcorner	350000.000000
yllcorner	4445000.000000
cellsize	1000.000000
nodata_value	-9999.000000
[rows 31 to 61 of 115, columns 70 to 139 of 170]
0.369829 0.364349 0.358325 0.3517 0.344629 0.332468 0.318846 0.310786 0.27864 0.271684 0.265019 0.258839 0.25316 0.248038 0.2436 0.239699 0.236107 0.233761 0.2319 0.230343 0.229432 0.228911 0.228405 0.22786 0.227619 0.227354 0.231307 0.221096 0.22165 -9999 -9999 -9999 -9999 -9999 -9999 -9999 -9999 -9999 -9999 -9999 -9999 -9999 -9999 -9999 -9999 -9999 -9999 -9999 -9999 -9999 -9999 -9999 -9999 -9999 -9999 -9999 -9999 -9999 -9999 -9999 -9999 -9999 -9999 -9999 -9999 -9999 -9999 -9999 -9999 -9999
0.371376 0.365841 0.359828 0.353315 0.346503 0.33931 0.320899 0.306138 0.281238 0.274667 0.268386 0.262468 0.2571 0.252265 0.248008 0.244216 0.240754 0.237851 0.235911 0.234228 0.232781 0.23195 0.231021 0.230075 0.229119 0.228858 0.228351 0.220868 0.218689 -9999 -9999 -9999 -9999 -9999 -9999 -9999 -9999 -9999 -9999 -9999 -9999 -9999 -9999 -9999 -9999 -9999 -9999 -9999 -9999 -9999 -9999 -9999 -9999 -9999 -9999 -9999 -9999 -9999 -9999 -9999 -9999 -9999 -9999 -9999 -9999 -9999 -9999 -9999 -9999 -9999
0.373171 0.367664 0.361629 0.355187 0.348505 0.341378 0.329135 0.308156 0.283728 0.277401 0.271378 0.265742 0.260577 0.255911 0.251697 0.247947 0.244527 0.241499 0.239155 0.237424 0.235824 0.234487 0.233207 0.23204 0.230895 0.23017 0.229381 0.232399 0.218321 0.21023 -9999 -9999 -9999 -9999 -9999 -9999 -9999 -9999 -9999 -9999 -9999 -9999 -9999 -9999 -9999 -9999 -9999 -9999 -9999 -9999 -9999 -9999 -9999 -9999 -9999 -9999 -9999 -9999 -9999 -9999 -9999 -9999 -9999 -9999 -9999 -9999 -9999 -9999 -9999 -9999
0.375288 0.369796 0.363699 0.357128 0.350385 0.343332 0.323485 0.292467 0.285956 0.279842 0.273935 0.268451 0.263379 0.258807 0.25469 0.250988 0.247668 0.244707 0.241923 0.240104 0.238477 0.236846 0.23536 0.233904 0.23242 0.23133 0.230113 0.229673 0.209562 0.20942 0.209381 -9999 -9999 -9999 -9999 -9999 -9999 -9999 -9999 -9999 -9999 -9999 -9999 -9999 -9999 -9999 -9999 -9999 -9999 -9999 -9999 -9999 -9999 -9999 -9999 -9999 -9999 -9999 -9999 -9999 -9999 -9999 -9999 -9999 -9999 -9999 -9999 -9999 -9999 -9999
-9999 0.372223 0.36602 0.359302 0.352437 0.345314 0.329408 0.302228 0.288188 0.28192 0.276046 0.270577 0.265538 0.260875 0.256856 0.253313 0.250067 0.247047 0.24434 0.242089 0.240414 0.238678 0.23695 0.23538 0.233624 0.232126 0.230525 0.225923 0.221021 0.20865 0.208206 0.207686 -9999 -9999 -9999 -9999 -9999 -9999 -9999 -9999 -9999 -9999 -9999 -9999 -9999 -9999 -9999 -9999 -9999 -9999 -9999 -9999 -9999 -9999 -9999 -9999 -9999 -9999 -9999 -9999 -9999 -9999 -9999 -9999 -9999 -9999 -9999 -9999 -9999 -9999
-9999 -9999 -9999 -9999 0.354494 0.338499 0.31487 0.304256 0.290127 0.283686 0.27769 0.272136 0.266993 0.262445 0.258462 0.254869 0.251628 0.248794 0.246171 0.243765 0.241767 0.240071 0.238072 0.2364 0.234533 0.2327 0.230684 0.217908 0.220386 0.207592 0.206777 0.205926 -9999 -9999 -9999 -9999 -9999 -9999 -9999 -9999 -9999 -9999 -9999 -9999 -9999 -9999 -9999 -9999 -9999 -9999 -9999 -9999 -9999 -9999 -9999 -9999 -9999 -9999 -9999 -9999 -9999 -9999 -9999 -9999 -9999 -9999 -9999 -9999 -9999 -9999
-9999 -9999 -9999 -9999 -9999 0.340285 0.317132 0.309488 0.291804 0.285025 0.278817 0.273092 0.267917 0.263342 0.259309 0.255763 0.252607 0.249796 0.247225 0.244995 0.243074 0.241058 0.239024 0.237032 0.23505 0.232898 0.227643 0.217683 0.215386 0.206354 0.205086 0.204031 0.20292 -9999 -9999 -9999 -9999 -9999 -9999 -9999 -9999 -9999 -9999 -9999 -9999 0.2038 -9999 -9999 -9999 -9999 -9999 -9999 -9999 -9999 -9999 -9999 -9999 -9999 -9999 -9999 -9999 -9999 -9999 -9999 -9999 -9999 0.203573 -9999 -9999 -9999
-9999 -9999 -9999 -9999 0.359118 0.327877 0.319433 0.311137 0.300085 0.285964 0.279421 0.27344 0.268109 0.263446 0.259364 0.255906 0.25288 0.25016 0.247823 0.245746 0.243735 0.241747 0.239711 0.237563 0.235285 0.232874 0.220366 0.217721 0.215096 0.216636 0.203888 0.202269 0.200657 0.199212 -9999 -9999 -9999 -9999 -9999 -9999 -9999 0.19709 0.197748 0.198528 0.199405 0.200364 0.201033 -9999 -9999 -9999 -9999 -9999 -9999 -9999 -9999 -9999 -9999 -9999 -9999 -9999 -9999 -9999 -9999 -9999 -9999 -9999 0.199301 0.199144 -9999 -9999
-9999 -9999 -9999 -9999 0.33987 0.33073 0.321498 0.312477 0.303753 0.286502 0.279448 0.273169 0.267648 0.262867 0.258788 0.255413 0.252483 0.250006 0.24783 0.245928 0.244027 0.242052 0.239968 0.237736 0.23526 0.232669 0.220505 0.217536 0.21445 0.211346 0.202446 0.200258 0.198183 0.196316 -9999 -9999 -9999 -9999 -9999 -9999 0.192832 0.193517 0.194345 0.195071 0.19612 0.197128 0.197899 0.198305 -9999 -9999 -9999 -9999 -9999 -9999 -9999 -9999 -9999 -9999 -9999 -9999 -9999 -9999 0.19396 0.194321 0.194527 0.194873 0.195177 0.195246 -9999 -9999
-9999 -9999 -9999 -9999 0.343502 0.333494 0.323415 0.313526 0.303977 0.288639 0.278978 0.272293 0.266517 0.26164 0.2576 0.254234 0.251521 0.249189 0.247391 0.245638 0.243887 0.241966 0.239934 0.237525 0.234952 0.223426 0.22047 0.217097 0.213507 0.209824 0.195631 0.198068 0.195792 0.193594 -9999 -9999 -9999 -9999 -9999 -9999 0.189136 0.189921 0.190902 0.191923 0.192817 0.194015 0.194836 0.195239 0.195457 0.195492 0.19517 0.192594 0.193857 0.192955 0.191853 0.190839 -9999 -9999 -9999 -9999 0.188318 0.188686 0.189293 0.189973 0.190377 0.190874 0.191267 0.189803 -9999 -9999
-9999 -9999 -9999 -9999 0.347245 0.336203 0.325095 0.314189 0.303831 0.288014 0.277977 0.269798 0.263999 0.259195 0.255312 0.252217 0.249755 0.247865 0.246283 0.244819 0.243172 0.241351 0.239645 0.237335 0.228812 0.223652 0.220347 0.216576 0.212511 0.208345 0.194409 0.19609 0.193375 0.187935 -9999 -9999 -9999 0.182904 0.182701 0.182709 0.183094 0.183875 0.184821 0.188764 0.190017 0.192027 0.191929 0.192384 0.192498 0.192419 0.192155 0.191382 0.190422 0.189299 0.187968 0.184021 0.183084 0.182296 0.181738 0.181466 0.181526 0.181893 0.18249 0.183181 0.186574 0.187371 0.188102 0.182875 -9999 -9999
-9999 -9999 -9999 -9999 0.346357 0.334666 0.323032 0.311688 0.300827 0.290819 0.27643 0.268021 0.261952 0.25695 0.253127 0.250178 0.247993 0.246367 0.245087 0.24381 0.242423 0.240835 0.239058 0.232426 0.229474 0.224242 0.220782 0.215992 0.20734 0.202972 0.198969 0.186756 0.187867 0.185246 -9999 -9999 0.180262 0.179761 0.179599 0.179746 0.180186 0.180901 0.181993 0.183057 0.184302 0.185823 0.18579 0.186335 0.189972 0.189856 0.185881 0.185055 0.182274 0.183103 0.181896 0.180659 0.179561 0.178641 0.178011 0.177731 0.177797 0.178246 0.178966 0.179826 0.180542 0.181367 0.180208 0.177157 -9999 -9999
-9999 -9999 -9999 -9999 0.345706 0.333226 0.320976 0.309119 0.297997 0.289314 0.274556 0.266677 0.25961 0.254498 0.250603 0.247865 0.245934 0.244642 0.24374 0.242834 0.241825 0.240454 0.238789 0.232648 0.229713 0.220028 0.216086 0.211852 0.207497 0.203176 0.197464 0.185349 0.182424 0.182979 0.180567 -9999 0.177436 0.176695 0.17658 0.17689 0.177526 0.178282 0.179509 0.180708 0.182365 0.18344 0.18367 0.181155 0.181235 0.181029 0.180693 0.182787 0.179884 0.178745 0.179076 0.177723 0.176487 0.175476 0.174792 0.174499 0.174613 0.17511 0.175914 0.176918 0.177907 0.177201 0.177807 0.17505 -9999 -9999
-9999 -9999 -9999 0.367562 0.348389 0.334993 0.321781 0.309087 0.29715 0.28616 0.271747 0.264383 0.257565 0.252002 0.248043 0.245401 0.243746 0.242854 0.242322 0.241932 0.241343 0.240181 0.235646 0.22956 0.225948 0.220229 0.215972 0.211622 0.206933 0.202088 0.197292 0.185593 0.180919 0.178215 0.178183 0.176265 0.174981 0.174184 0.173993 0.17441 0.175177 0.176176 0.177354 0.178904 0.180262 0.178868 0.179077 0.179382 0.179389 0.179167 0.178674 0.177995 0.175376 0.176612 0.175334 0.175246 0.17393 0.172859 0.172137 0.171834 0.171966 0.172502 0.173375 0.174474 0.17429 0.175166 0.173264 0.170831 -9999 -9999
-9999 -9999 -9999 -9999 0.350481 0.33617 0.322126 0.308685 0.296102 0.284562 0.26998 0.26165 0.254912 0.249801 0.245744 0.24311 0.241766 0.241139 0.240984 0.24094 0.240749 0.235505 0.233105 0.230093 0.226367 0.220696 0.216214 0.211391 0.206356 0.20105 0.195813 0.184139 0.180575 0.177723 0.174291 0.17425 0.172876 0.172238 0.172077 0.172322 0.172998 0.174278 0.175666 0.175466 0.176493 0.177211 0.177523 0.177766 0.17784 0.177601 0.177091 0.176103 0.173712 0.172873 0.172083 0.172299 0.171918 0.170819 0.170082 0.16977 0.169908 0.170463 0.171365 0.171491 0.17101 0.17156 0.171572 0.169332 -9999 -9999
-9999 -9999 -9999 -9999 -9999 -9999 0.322259 0.308294 0.295192 0.283204 0.268518 0.25998 0.253071 0.247761 0.24394 0.241418 0.240116 0.239699 0.23964 0.239124 0.237522 0.235998 0.233769 0.230581 0.225333 0.221119 0.216319 0.211066 0.205681 0.200247 0.194726 0.183247 0.179519 0.176346 0.17393 0.172341 0.171617 0.171003 0.170801 0.17093 0.171662 0.17215 0.173228 0.174267 0.175157 0.175825 0.176154 0.176318 0.176465 0.17623 0.175664 0.174865 0.172357 0.171643 0.170808 0.170052 0.169276 0.169362 0.168629 0.168319 0.168451 0.168997 0.168605 0.169163 0.169772 0.170357 0.170288 0.167958 -9999 -9999
-9999 -9999 -9999 -9999 -9999 -9999 0.322011 0.307739 0.294423 0.282346 0.267526 0.258866 0.251855 0.246537 0.242753 0.240313 0.239042 0.238637 0.238243 0.237969 0.237347 0.235999 0.233812 0.230625 0.225595 0.221094 0.21611 0.210647 0.205072 0.199538 0.193887 0.182458 0.178782 0.175522 0.17324 0.171534 0.170434 0.170072 0.169981 0.170164 0.170565 0.171371 0.172414 0.173294 0.17401 0.174713 0.174954 0.175019 0.175187 0.174982 0.17445 0.173753 0.171308 0.17065 0.169948 0.169236 0.168563 0.16798 0.167745 0.167443 0.167561 0.167523 0.167869 0.168325 0.168822 0.169298 0.169333 0.166795 -9999 -9999
-9999 -9999 -9999 -9999 -9999 -9999 -9999 0.307138 0.293923 0.281918 0.26709 0.2584 0.251455 0.246136 0.242348 0.239987 0.238713 0.238219 0.237772 0.237532 0.236908 0.235708 0.233632 0.230629 0.225367 0.220723 0.215445 0.209896 0.204421 0.198893 0.193286 0.18195 0.178256 0.175467 0.173243 0.171602 0.170443 0.169697 0.169622 0.169889 0.170246 0.170989 0.171862 0.172553 0.173212 0.173755 0.173911 0.17407 0.17403 0.17387 0.173339 0.172738 0.170402 0.169843 0.169256 0.168663 0.168112 0.167627 0.167268 0.167067 0.167029 0.16715 0.167393 0.167718 0.168075 0.168414 0.168659 0.166371 0.165895 -9999
-9999 -9999 -9999 -9999 -9999 -9999 -9999 0.306466 0.293444 0.281735 0.267074 0.258675 0.251851 0.246583 0.242766 0.239902 0.23852 0.238168 0.237658 0.237105 0.23635 0.234783 0.232889 0.230198 0.224911 0.219759 0.214588 0.209186 0.203831 0.198406 0.19303 0.181533 0.178061 0.175505 0.173382 0.171774 0.170674 0.169887 0.169641 0.169868 0.170367 0.17094 0.171505 0.172102 0.172518 0.172871 0.173065 0.173072 0.172967 0.172808 0.172283 0.171811 0.169538 0.169096 0.168638 0.168232 0.167803 0.167427 0.166938 0.166836 0.166643 0.166926 0.167058 0.167241 0.167441 0.167628 0.167766 0.165687 0.165173 0.16475
-9999 -9999 -9999 -9999 -9999 -9999 -9999 -9999 0.293107 0.281984 0.267656 0.259503 0.252935 0.247773 0.241632 0.239887 0.238781 0.238125 0.237455 0.236545 0.23535 0.234235 0.23236 0.229555 0.224277 0.219295 0.214236 0.209104 0.203965 0.198585 0.193354 0.181861 0.178529 0.17567 0.173512 0.17205 0.170617 0.170187 0.170017 0.169946 0.17005 0.170872 0.171277 0.171691 0.172025 0.172272 0.172176 0.172243 0.172038 0.171809 0.171407 0.170908 0.168672 0.168337 0.168082 0.167811 0.167519 0.166478 0.166516 0.166431 0.166217 0.16588 0.166739 0.166779 0.166825 0.166856 0.166857 0.164681 0.164267 0.16377
-9999 -9999 -9999 -9999 -9999 -9999 -9999 -9999 0.292932 0.282451 0.268442 0.260831 0.252157 0.24534 0.242508 0.240593 0.239293 0.238312 0.237466 0.236271 0.234667 0.233368 0.231501 0.228699 0.225032 0.218651 0.214076 0.209031 0.204013 0.198777 0.193787 0.182355 0.179126 0.176364 0.174162 0.171535 0.17093 0.170496 0.170291 0.170177 0.170115 0.170043 0.168754 0.171232 0.17122 0.171439 0.171334 0.171222 0.171023 0.17075 0.170401 0.16999 0.167763 0.167621 0.167424 0.166251 0.165527 0.165738 0.165817 0.165743 0.165512 0.165133 0.164629 0.165114 0.166133 0.166021 0.165893 0.163564 0.163115 0.162697
-9999 -9999 -9999 -9999 -9999 -9999 -9999 -9999 0.292357 0.282831 0.26632 0.259408 0.250332 0.246372 0.24346 0.241312 0.239815 0.238582 0.237453 0.236094 0.234274 0.232107 0.229839 0.227228 0.224098 0.218217 0.213689 0.208851 0.203938 0.199147 0.194524 0.182839 0.180014 0.177213 0.173605 0.172138 0.171423 0.170775 0.170297 0.170295 0.170047 0.169781 0.169371 0.167252 0.166665 0.170308 0.170172 0.169893 0.169757 0.16957 0.169301 0.168978 0.166707 0.164846 0.165116 0.164067 0.164423 0.164669 0.16477 0.164705 0.164464 0.164058 0.163516 0.162879 0.163696 0.163153 0.164816 0.162333 0.161843 0.161407
-9999 -9999 -9999 -9999 -9999 -9999 -9999 -9999 0.289402 0.274706 0.267211 0.256035 0.251218 0.247297 0.244347 0.242059 0.240272 0.238733 0.237251 0.235634 0.233619 0.231273 0.228944 0.2259 0.222459 0.216539 0.212941 0.208459 0.203898 0.200495 0.195907 0.183642 0.180656 0.175947 0.174059 0.172508 0.171794 0.17107 0.170456 0.170166 0.16976 0.169121 0.1685 0.167987 0.165464 0.16466 0.164115 0.168541 0.168354 0.168287 0.165489 0.165409 0.163219 0.163562 0.162167 0.162607 0.162977 0.163237 0.163346 0.163284 0.163042 0.162627 0.162073 0.161419 0.160708 0.161871 0.161284 0.158431 0.160433 0.159986
-9999 -9999 -9999 -9999 -9999 -9999 -9999 -9999 0.293947 0.274692 0.267805 0.256464 0.251883 0.248069 0.245034 0.242574 0.240507 0.23873 0.237 0.23512 0.23306 0.230574 0.22761 0.224979 0.221065 0.215263 0.212732 0.208257 0.203597 0.198961 0.186653 0.183666 0.178318 0.176042 0.174266 0.172798 0.171899 0.171057 0.170373 0.169783 0.169041 0.168219 0.167426 0.16698 0.166308 0.163224 0.162499 0.159123 0.158787 0.158541 0.163976 0.16383 0.161609 0.159918 0.160379 0.160817 0.161187 0.161435 0.161544 0.161479 0.161239 0.160834 0.16029 0.159649 0.158955 0.158257 0.159738 0.156804 0.156106 0.149602
-9999 -9999 -9999 -9999 -9999 -9999 -9999 -9999 -9999 0.278692 0.265127 0.259738 0.255036 0.251068 0.24775 0.244961 0.242588 0.240501 0.238519 0.23645 0.234183 0.231553 0.228644 0.225658 0.221736 0.215639 0.211499 0.207412 0.203127 0.198707 0.183808 0.177919 0.175768 0.173786 0.172144 0.170807 0.171598 0.170642 0.169798 0.168952 0.167856 0.164974 0.163973 0.163125 0.162161 0.158419 0.157936 0.157492 0.157097 0.156828 0.15653 0.153267 0.151859 0.152604 0.153312 0.154068 0.159059 0.159285 0.159377 0.159308 0.159078 0.158694 0.15818 0.152889 0.151911 0.150934 0.152194 0.149145 0.148338 0.147758
-9999 -9999 -9999 -9999 -9999 -9999 -9999 -9999 -9999 0.270023 0.264394 0.259533 0.255045 0.251233 0.247996 0.245115 0.242541 0.24021 0.237983 0.235724 0.233213 0.230487 0.22749 0.224303 0.220906 0.214164 0.210263 0.206476 0.202406 0.198335 0.179537 0.17676 0.174734 0.173001 0.17136 0.16995 0.168495 0.167542 0.166474 0.165397 0.164481 0.163517 0.16243 0.161617 0.160573 0.159761 0.156003 0.155503 0.15509 0.154914 0.154614 0.151027 0.149397 0.150037 0.150626 0.151307 0.151841 0.152209 0.152384 0.152343 0.152076 0.1516 0.150946 0.150166 0.149323 0.148478 0.14769 0.149241 0.146032 0.145497
-9999 -9999 -9999 -9999 -9999 -9999 -9999 -9999 -9999 0.268416 0.263212 0.258724 0.254702 0.250907 0.247738 0.244887 0.242183 0.239662 0.237223 0.23481 0.232116 0.229222 0.226145 0.222783 0.219424 0.215963 0.209136 0.205398 0.20149 0.197594 0.178409 0.175897 0.173797 0.171905 0.17022 0.168726 0.167392 0.166234 0.165098 0.164083 0.162985 0.161804 0.160773 0.159904 0.158732 0.157878 0.157162 0.153293 0.153013 0.152783 0.152411 0.146344 0.146851 0.147355 0.147888 0.148367 0.14876 0.14905 0.149167 0.14911 0.14887 0.148458 0.147904 0.147245 0.146535 0.145808 0.145123 0.144374 0.143704 0.14322
-9999 -9999 -9999 -9999 -9999 -9999 -9999 -9999 -9999 0.26643 0.261724 0.257584 0.253754 0.250157 0.247083 0.244303 0.241578 0.238939 0.236419 0.233819 0.231035 0.228081 0.22492 0.221657 0.218053 0.214731 0.207812 0.204163 0.200438 0.179904 0.176996 0.174548 0.172366 0.170374 0.168717 0.167152 0.165733 0.164316 0.163104 0.162095 0.161051 0.160005 0.15888 0.157938 0.156926 0.156021 0.155176 0.151045 0.150703 0.150397 0.147812 0.143859 0.144177 0.14453 0.144909 0.145237 0.145526 0.145737 0.145801 0.145728 0.145513 0.145166 0.144706 0.14416 0.143576 0.142956 0.142343 0.141737 0.141079 0.14078
-9999 -9999 -9999 -9999 -9999 -9999 -9999 -9999 -9999 0.264016 0.259818 0.256004 0.252356 0.248929 0.246108 0.243402 0.240674 0.238017 0.235395 0.232583 0.229903 0.227036 0.223851 0.220396 0.21673 0.213234 0.207692 0.202746 0.199085 0.178098 0.175174 0.172624 0.170452 0.168506 0.166806 0.165183 0.163646 0.162024 0.160506 0.159537 0.158645 0.157647 0.156645 0.155569 0.15464 0.153761 0.152866 0.152666 0.148082 0.147819 0.14093 0.141055 0.141288 0.141552 0.141716 0.141928 0.142168 0.142311 0.142322 0.142235 0.142046 0.141758 0.141389 0.140947 0.140475 0.139991 0.139364 0.13887 0.13637 0.13821
-9999 -9999 -9999 -9999 -9999 -9999 -9999 -9999 -9999 0.261314 0.257471 0.253999 0.250613 0.247569 0.244859 0.242175 0.239544 0.236914 0.234272 0.231528 0.228732 0.225751 0.222521 0.219045 0.215366 0.211637 0.208083 0.201084 0.192499 0.176187 0.17317 0.170616 0.168355 0.166432 0.164604 0.162839 0.161229 0.159747 0.15824 0.156802 0.155735 0.154879 0.15383 0.152813 0.152051 0.151245 0.150384 0.149601 0.145456 0.142849 0.138031 0.138073 0.13823 0.138477 0.138582 0.138653 0.138783 0.138801 0.138763 0.138664 0.138497 0.138269 0.137987 0.137656 0.137288 0.136818 0.136384 0.135938 0.135684 0.135607
-9999 -9999 -9999 -9999 -9999 -9999 -9999 -9999 -9999 0.258384 0.254983 0.251821 0.248855 0.246075 0.243434 0.240717 0.238198 0.235601 0.233061 0.230382 0.227533 0.224538 0.2213 0.217706 0.213989 0.210086 0.206457 0.201167 0.177589 0.174261 0.170948 0.168401 0.1661 0.164001 0.162004 0.159955 0.158375 0.156854 0.15543 0.154076 0.152754 0.151794 0.150718 0.149889 0.149216 0.148515 0.147797 0.147061 0.147346 0.140122 0.135127 0.135072 0.135131 0.135231 0.135334 0.135322 0.135303 0.135241 0.135155 0.135043 0.134899 0.134724 0.134521 0.134294 0.133959 0.133602 0.133305 0.132992 0.132801 0.131017
