Test_Spring_2018/11_17/Prec/20171108_012.txt
ncols	170
nrows	115
xllcorner	350000.000000
yllcorner	4445000.000000
cellsize	1000.000000
nodata_value	-9999.000000
[rows 31 to 61 of 115, columns 70 to 139 of 170]
0.266597 0.279288 0.288885 0.292708 0.301823 0.352523 0.373506 0.384675 0.434074 0.444343 0.450167 0.458579 0.464183 0.466346 0.471991 0.468281 0.43791 0.457252 0.470417 0.468837 0.485606 0.507382 0.511352 0.499161 0.503141 0.501336 0.533396 0.568115 0.571139 -9999 -9999 -9999 -9999 -9999 -9999 -9999 -9999 -9999 -9999 -9999 -9999 -9999 -9999 -9999 -9999 -9999 -9999 -9999 -9999 -9999 -9999 -9999 -9999 -9999 -9999 -9999 -9999 -9999 -9999 -9999 -9999 -9999 -9999 -9999 -9999 -9999 -9999 -9999 -9999 -9999
0.269852 0.279043 0.285877 0.289533 0.304155 0.318737 0.36514 0.402626 0.43449 0.445458 0.452689 0.455004 0.46166 0.467771 0.474682 0.473383 0.45436 0.43827 0.460766 0.470899 0.472326 0.500427 0.504361 0.495369 0.478089 0.511356 0.523447 0.550151 0.556918 -9999 -9999 -9999 -9999 -9999 -9999 -9999 -9999 -9999 -9999 -9999 -9999 -9999 -9999 -9999 -9999 -9999 -9999 -9999 -9999 -9999 -9999 -9999 -9999 -9999 -9999 -9999 -9999 -9999 -9999 -9999 -9999 -9999 -9999 -9999 -9999 -9999 -9999 -9999 -9999 -9999
0.263359 0.276623 0.281441 0.287253 0.304738 0.313074 0.353832 0.406199 0.434175 0.446175 0.455301 0.461901 0.468504 0.474539 0.475568 0.473026 0.458167 0.438833 0.44177 0.465551 0.476911 0.490718 0.49533 0.49892 0.497865 0.526113 0.547284 0.557611 0.574233 0.602036 -9999 -9999 -9999 -9999 -9999 -9999 -9999 -9999 -9999 -9999 -9999 -9999 -9999 -9999 -9999 -9999 -9999 -9999 -9999 -9999 -9999 -9999 -9999 -9999 -9999 -9999 -9999 -9999 -9999 -9999 -9999 -9999 -9999 -9999 -9999 -9999 -9999 -9999 -9999 -9999
0.253333 0.271581 0.275287 0.273734 0.287461 0.300199 0.377719 0.41145 0.423737 0.445712 0.455494 0.464905 0.469625 0.474932 0.477465 0.475388 0.468769 0.459227 0.436349 0.466234 0.49254 0.503729 0.515417 0.521953 0.521441 0.549355 0.566025 0.569735 0.61265 0.613667 0.621578 -9999 -9999 -9999 -9999 -9999 -9999 -9999 -9999 -9999 -9999 -9999 -9999 -9999 -9999 -9999 -9999 -9999 -9999 -9999 -9999 -9999 -9999 -9999 -9999 -9999 -9999 -9999 -9999 -9999 -9999 -9999 -9999 -9999 -9999 -9999 -9999 -9999 -9999 -9999
-9999 0.263639 0.26758 0.264146 0.278055 0.294298 0.346619 0.400761 0.427106 0.44132 0.455155 0.464692 0.469278 0.463912 0.470641 0.478669 0.477286 0.465066 0.453293 0.457765 0.492251 0.51067 0.521888 0.540824 0.542738 0.564267 0.578069 0.58619 0.611397 0.632606 0.63808 0.634984 -9999 -9999 -9999 -9999 -9999 -9999 -9999 -9999 -9999 -9999 -9999 -9999 -9999 -9999 -9999 -9999 -9999 -9999 -9999 -9999 -9999 -9999 -9999 -9999 -9999 -9999 -9999 -9999 -9999 -9999 -9999 -9999 -9999 -9999 -9999 -9999 -9999 -9999
-9999 -9999 -9999 -9999 0.265037 0.315763 0.34301 0.393037 0.424477 0.440072 0.455008 0.464624 0.464275 0.468449 0.476643 0.47848 0.475311 0.476708 0.472569 0.468539 0.484493 0.516427 0.520154 0.548385 0.562125 0.580705 0.587859 0.60806 0.606274 0.633123 0.639962 0.640309 -9999 -9999 -9999 -9999 -9999 -9999 -9999 -9999 -9999 -9999 -9999 -9999 -9999 -9999 -9999 -9999 -9999 -9999 -9999 -9999 -9999 -9999 -9999 -9999 -9999 -9999 -9999 -9999 -9999 -9999 -9999 -9999 -9999 -9999 -9999 -9999 -9999 -9999
-9999 -9999 -9999 -9999 -9999 0.313613 0.339035 0.364685 0.421751 0.436062 0.453871 0.4639 0.469537 0.475498 0.479759 0.48254 0.481878 0.480567 0.476912 0.485359 0.508906 0.520785 0.531039 0.547413 0.569562 0.584418 0.586131 0.599605 0.603259 0.623575 0.626575 0.641597 0.645837 -9999 -9999 -9999 -9999 -9999 -9999 -9999 -9999 -9999 -9999 -9999 -9999 0.703102 -9999 -9999 -9999 -9999 -9999 -9999 -9999 -9999 -9999 -9999 -9999 -9999 -9999 -9999 -9999 -9999 -9999 -9999 -9999 -9999 0.497524 -9999 -9999 -9999
-9999 -9999 -9999 -9999 0.270566 0.327209 0.346497 0.367723 0.406735 0.434225 0.453329 0.463511 0.470098 0.475601 0.476833 0.482759 0.485325 0.482672 0.488936 0.502474 0.51487 0.52887 0.543482 0.557127 0.570635 0.584677 0.613462 0.619952 0.630525 0.628598 0.657207 0.660003 0.655212 0.652888 -9999 -9999 -9999 -9999 -9999 -9999 -9999 0.717308 0.712913 0.708261 0.706221 0.710363 0.696019 -9999 -9999 -9999 -9999 -9999 -9999 -9999 -9999 -9999 -9999 -9999 -9999 -9999 -9999 -9999 -9999 -9999 -9999 -9999 0.501167 0.479287 -9999 -9999
-9999 -9999 -9999 -9999 0.306004 0.32851 0.346609 0.368553 0.386492 0.436349 0.4504 0.463214 0.471799 0.476609 0.478979 0.48594 0.485897 0.489325 0.494505 0.509128 0.520511 0.530057 0.540758 0.553579 0.563461 0.581302 0.617314 0.629762 0.637614 0.644915 0.67335 0.664774 0.655198 0.648638 -9999 -9999 -9999 -9999 -9999 -9999 0.73092 0.736994 0.73774 0.719711 0.722368 0.723144 0.712403 0.689163 -9999 -9999 -9999 -9999 -9999 -9999 -9999 -9999 -9999 -9999 -9999 -9999 -9999 -9999 0.584871 0.56577 0.530981 0.510099 0.49447 0.473883 -9999 -9999
-9999 -9999 -9999 -9999 0.301132 0.326506 0.34856 0.369633 0.384748 0.413748 0.450979 0.462582 0.471222 0.478199 0.483981 0.484103 0.487507 0.484739 0.500549 0.508588 0.51638 0.519568 0.529762 0.530905 0.542476 0.578547 0.612212 0.624817 0.62766 0.625517 0.641946 0.660359 0.667253 0.664152 -9999 -9999 -9999 -9999 -9999 -9999 0.74499 0.750662 0.752872 0.746434 0.725721 0.732029 0.717263 0.694769 0.678971 0.672647 0.662763 0.658224 0.644973 0.635039 0.619674 0.614171 -9999 -9999 -9999 -9999 0.58677 0.583948 0.581076 0.571272 0.534209 0.506649 0.480266 0.455794 -9999 -9999
-9999 -9999 -9999 -9999 0.305258 0.327793 0.347187 0.363517 0.384557 0.413277 0.449445 0.462794 0.47048 0.477107 0.482636 0.485651 0.485747 0.49182 0.497536 0.502245 0.494982 0.487072 0.509249 0.517106 0.527459 0.569411 0.603424 0.616923 0.617906 0.615052 0.653106 0.675321 0.680224 0.676376 -9999 -9999 -9999 0.728653 0.745125 0.74585 0.746936 0.75474 0.757374 0.759113 0.753599 0.755848 0.719661 0.695556 0.670296 0.65819 0.660388 0.649873 0.641732 0.630825 0.614943 0.600293 0.59686 0.592702 0.58801 0.582879 0.579425 0.577043 0.573739 0.564823 0.536769 0.515178 0.498331 0.450036 -9999 -9999
-9999 -9999 -9999 -9999 0.303296 0.325798 0.347206 0.371488 0.387953 0.407404 0.43093 0.46207 0.470474 0.471619 0.480779 0.484324 0.487355 0.489874 0.492636 0.485483 0.475158 0.467264 0.472469 0.505209 0.511116 0.541697 0.576791 0.605798 0.620098 0.621591 0.643322 0.681379 0.67894 0.674635 -9999 -9999 0.711287 0.743959 0.765254 0.774058 0.773064 0.76666 0.770378 0.760555 0.761895 0.757651 0.709018 0.694626 0.671849 0.658986 0.638247 0.624595 0.627182 0.617061 0.60682 0.596771 0.591538 0.585743 0.581125 0.57761 0.573093 0.572003 0.570115 0.563989 0.539284 0.524247 0.494595 0.443439 -9999 -9999
-9999 -9999 -9999 -9999 0.308027 0.332278 0.356925 0.374992 0.396215 0.408397 0.427658 0.44608 0.470081 0.472106 0.473584 0.481431 0.483817 0.486303 0.489539 0.482529 0.475882 0.464261 0.464446 0.483748 0.499544 0.520726 0.551713 0.576501 0.601473 0.631747 0.661889 0.69349 0.702566 0.696475 0.69937 -9999 0.728563 0.746582 0.771356 0.789066 0.796336 0.783903 0.787794 0.777899 0.783203 0.763064 0.720374 0.686014 0.667303 0.64797 0.640459 0.629268 0.625319 0.613167 0.600612 0.591194 0.583938 0.578189 0.574114 0.571555 0.569767 0.568455 0.566723 0.563457 0.550682 0.525765 0.496455 0.442883 -9999 -9999
-9999 -9999 -9999 0.247494 0.304323 0.334319 0.357317 0.378398 0.397991 0.415373 0.437505 0.449622 0.459811 0.47442 0.468098 0.470935 0.474293 0.481788 0.484764 0.489016 0.488865 0.472196 0.484897 0.495793 0.500734 0.519074 0.550037 0.593641 0.622479 0.642419 0.661004 0.691175 0.715822 0.721885 0.709353 0.726058 0.749323 0.76509 0.782417 0.803881 0.814518 0.812665 0.803435 0.80431 0.792043 0.756808 0.717836 0.694879 0.669856 0.649643 0.631013 0.619332 0.613838 0.606204 0.595955 0.584396 0.577023 0.571607 0.568142 0.566336 0.565454 0.564779 0.564178 0.562749 0.551591 0.532494 0.480858 0.441694 -9999 -9999
-9999 -9999 -9999 -9999 0.298608 0.323663 0.344769 0.365954 0.388167 0.409428 0.436936 0.448812 0.461324 0.467318 0.468156 0.459816 0.468785 0.473216 0.479167 0.484078 0.490797 0.487364 0.492319 0.50362 0.510458 0.544316 0.579095 0.609919 0.637726 0.648328 0.658878 0.681127 0.685055 0.708006 0.722414 0.742786 0.762233 0.790734 0.808076 0.811694 0.809447 0.823161 0.82293 0.801773 0.789655 0.761555 0.725606 0.697296 0.677533 0.656039 0.636147 0.600014 0.606085 0.590586 0.587889 0.579871 0.571562 0.566382 0.56346 0.562028 0.561785 0.561915 0.562006 0.555532 0.544853 0.529041 0.476596 0.441073 -9999 -9999
-9999 -9999 -9999 -9999 -9999 -9999 0.340472 0.363819 0.384461 0.405043 0.437655 0.45198 0.462535 0.468518 0.4684 0.462919 0.460396 0.462546 0.455266 0.46886 0.490538 0.503787 0.520163 0.521083 0.536718 0.57468 0.601556 0.617732 0.638418 0.659864 0.668456 0.69799 0.700052 0.705749 0.726741 0.765849 0.797973 0.826944 0.838482 0.829736 0.828413 0.828962 0.827679 0.816652 0.795445 0.765481 0.729409 0.696291 0.682969 0.661729 0.636378 0.613096 0.602087 0.590741 0.57849 0.575856 0.569365 0.562837 0.560103 0.559174 0.559358 0.559987 0.553887 0.550423 0.545124 0.537591 0.483516 0.434606 -9999 -9999
-9999 -9999 -9999 -9999 -9999 -9999 0.332467 0.354749 0.379192 0.410963 0.438955 0.453073 0.461155 0.468188 0.468842 0.462002 0.454234 0.446221 0.438358 0.449725 0.474699 0.497475 0.516367 0.520184 0.556374 0.581166 0.604913 0.617116 0.635954 0.662519 0.673148 0.701075 0.712864 0.71504 0.747843 0.777163 0.804573 0.836785 0.854901 0.857566 0.84471 0.84024 0.84022 0.821813 0.792646 0.771134 0.730392 0.692781 0.68293 0.664068 0.639444 0.620372 0.606065 0.590967 0.580332 0.572481 0.566438 0.56123 0.558107 0.55741 0.55795 0.556171 0.554175 0.550743 0.545251 0.537603 0.499109 0.433001 -9999 -9999
-9999 -9999 -9999 -9999 -9999 -9999 -9999 0.345723 0.377631 0.414258 0.439215 0.449579 0.461764 0.46755 0.466694 0.464572 0.454511 0.440612 0.415662 0.42795 0.451629 0.485914 0.514662 0.535177 0.555913 0.573787 0.579115 0.589512 0.620851 0.651967 0.669343 0.702159 0.712308 0.750126 0.785217 0.816889 0.83696 0.842518 0.858407 0.86656 0.853492 0.850462 0.845379 0.8215 0.797508 0.772538 0.730675 0.705661 0.682279 0.667175 0.640111 0.623515 0.610379 0.593082 0.580627 0.571445 0.565428 0.560465 0.55776 0.557185 0.556893 0.5563 0.554232 0.550466 0.544737 0.536842 0.524464 0.482085 0.452111 -9999
-9999 -9999 -9999 -9999 -9999 -9999 -9999 0.334536 0.359364 0.39933 0.426466 0.447537 0.461036 0.466703 0.46318 0.46184 0.446894 0.442052 0.418738 0.414116 0.43303 0.442763 0.488976 0.535955 0.556858 0.533753 0.545615 0.564643 0.601571 0.635867 0.665328 0.686797 0.708593 0.758877 0.796535 0.826283 0.848071 0.85727 0.858701 0.873034 0.868055 0.861582 0.844354 0.826078 0.796004 0.767984 0.737196 0.707086 0.682365 0.667812 0.638508 0.626159 0.6125 0.593597 0.579517 0.573261 0.566176 0.56148 0.557829 0.557356 0.557101 0.555678 0.553616 0.549613 0.543455 0.535529 0.525336 0.507501 0.479762 0.460377
-9999 -9999 -9999 -9999 -9999 -9999 -9999 -9999 0.337902 0.386501 0.421142 0.439391 0.45836 0.465191 0.469829 0.463661 0.448038 0.434946 0.414767 0.393749 0.393088 0.446883 0.499399 0.53889 0.562058 0.546558 0.559085 0.589402 0.63164 0.656349 0.683111 0.71029 0.73239 0.749321 0.776351 0.814038 0.835911 0.855963 0.867092 0.864288 0.861805 0.85574 0.840584 0.823444 0.802073 0.779515 0.735513 0.71798 0.689848 0.670668 0.648356 0.627883 0.614577 0.593437 0.583555 0.576065 0.569049 0.56027 0.55857 0.557908 0.557352 0.556152 0.552106 0.547787 0.541575 0.533287 0.523287 0.50869 0.494014 0.471316
-9999 -9999 -9999 -9999 -9999 -9999 -9999 -9999 0.322028 0.369687 0.40484 0.435172 0.45857 0.471693 0.473107 0.468882 0.457795 0.441317 0.429268 0.405766 0.383949 0.438213 0.500648 0.541323 0.565912 0.556754 0.594451 0.615904 0.649761 0.666356 0.691524 0.733168 0.749309 0.761842 0.776257 0.779479 0.821255 0.843558 0.857742 0.86033 0.855658 0.845169 0.835679 0.81493 0.782431 0.772039 0.737197 0.713828 0.690916 0.669588 0.649077 0.629967 0.618531 0.60299 0.586842 0.575516 0.564678 0.56143 0.559538 0.558303 0.557101 0.555425 0.552675 0.546318 0.538818 0.53045 0.520419 0.506148 0.493402 0.479479
-9999 -9999 -9999 -9999 -9999 -9999 -9999 -9999 0.276703 0.338329 0.40314 0.432018 0.461512 0.470033 0.474373 0.469202 0.465666 0.455139 0.446607 0.433445 0.413449 0.407148 0.454577 0.518885 0.569454 0.592977 0.617865 0.636074 0.656242 0.684232 0.713861 0.749236 0.769224 0.772039 0.7764 0.785113 0.818486 0.828061 0.828266 0.849957 0.842815 0.830363 0.80671 0.788565 0.772451 0.746187 0.718028 0.689516 0.676409 0.66323 0.647393 0.630532 0.620485 0.598304 0.586849 0.571734 0.566368 0.562614 0.560099 0.558273 0.556463 0.553971 0.55064 0.546255 0.536407 0.527954 0.517031 0.503135 0.491015 0.477929
-9999 -9999 -9999 -9999 -9999 -9999 -9999 -9999 0.287216 0.34869 0.393214 0.430784 0.456461 0.465557 0.475562 0.476875 0.474033 0.466089 0.456539 0.447235 0.431471 0.424443 0.459399 0.50915 0.551213 0.582338 0.618248 0.642988 0.667068 0.701764 0.726135 0.768798 0.780761 0.772997 0.780261 0.779707 0.814725 0.823601 0.821554 0.831593 0.824659 0.796083 0.768908 0.752054 0.754708 0.728452 0.694001 0.671123 0.658477 0.656502 0.62609 0.61172 0.61155 0.599992 0.580167 0.572995 0.567405 0.56331 0.560164 0.557695 0.555247 0.552042 0.548123 0.543105 0.536525 0.523752 0.513844 0.499837 0.488043 0.475933
-9999 -9999 -9999 -9999 -9999 -9999 -9999 -9999 0.287041 0.337207 0.377735 0.425944 0.453135 0.466586 0.47681 0.480318 0.477474 0.475995 0.472356 0.465387 0.464591 0.459133 0.450027 0.502786 0.535944 0.567577 0.600176 0.635351 0.66056 0.681513 0.730643 0.757695 0.76506 0.769045 0.779877 0.784688 0.807694 0.813303 0.814746 0.812114 0.790876 0.760334 0.731574 0.730995 0.713549 0.714866 0.665327 0.654063 0.647701 0.634216 0.615072 0.595037 0.607821 0.586181 0.578884 0.57273 0.567748 0.563067 0.55963 0.556329 0.553078 0.54941 0.544891 0.539434 0.532759 0.524872 0.509443 0.495992 0.484705 0.461011
-9999 -9999 -9999 -9999 -9999 -9999 -9999 -9999 -9999 0.321202 0.38185 0.424353 0.450247 0.46793 0.478636 0.482943 0.484119 0.485295 0.485763 0.483215 0.47987 0.471361 0.470009 0.494473 0.527806 0.549502 0.577981 0.62176 0.652073 0.664824 0.684361 0.708516 0.744041 0.760445 0.77338 0.78343 0.793326 0.796506 0.794204 0.781796 0.743702 0.726018 0.702686 0.692016 0.671568 0.683967 0.647238 0.64563 0.635795 0.622626 0.594031 0.59222 0.580057 0.576001 0.566125 0.56296 0.566837 0.562046 0.557958 0.554013 0.550234 0.546048 0.541135 0.527871 0.520372 0.511849 0.494139 0.480998 0.468809 0.456894
-9999 -9999 -9999 -9999 -9999 -9999 -9999 -9999 -9999 0.3289 0.376363 0.424793 0.444572 0.463506 0.480077 0.485333 0.485447 0.486258 0.487747 0.489716 0.483778 0.479956 0.478591 0.488264 0.507182 0.530894 0.561995 0.610113 0.636143 0.654568 0.659535 0.667931 0.706925 0.740661 0.754799 0.763344 0.748507 0.758058 0.747753 0.730202 0.721778 0.708157 0.684343 0.68125 0.658331 0.650357 0.632554 0.626255 0.615792 0.611964 0.586538 0.583267 0.570127 0.568157 0.559729 0.561026 0.557955 0.553492 0.548971 0.544594 0.539985 0.535066 0.529301 0.522705 0.51521 0.506616 0.496663 0.474575 0.445867 0.435677
-9999 -9999 -9999 -9999 -9999 -9999 -9999 -9999 -9999 0.336548 0.371658 0.415234 0.448682 0.456431 0.475101 0.487311 0.487482 0.487383 0.487853 0.492834 0.485517 0.477994 0.475406 0.471717 0.48943 0.518002 0.561904 0.598092 0.619804 0.634589 0.649781 0.671971 0.701696 0.722706 0.736152 0.74322 0.745027 0.746457 0.739274 0.734646 0.71911 0.69441 0.679546 0.675556 0.64491 0.635366 0.631423 0.607307 0.607521 0.601223 0.573447 0.564878 0.568158 0.565728 0.563627 0.559293 0.554094 0.550264 0.545092 0.540209 0.535173 0.52971 0.523775 0.516918 0.509428 0.499772 0.48866 0.464405 0.436085 0.427911
-9999 -9999 -9999 -9999 -9999 -9999 -9999 -9999 -9999 0.34456 0.37647 0.414931 0.440585 0.45013 0.470419 0.489032 0.493527 0.493469 0.498463 0.499633 0.494651 0.4894 0.483996 0.488439 0.483641 0.516925 0.554159 0.58584 0.609648 0.627694 0.635935 0.659959 0.682895 0.698225 0.718415 0.726128 0.728533 0.717416 0.711799 0.714399 0.708776 0.698934 0.679558 0.67151 0.654344 0.641336 0.627945 0.602918 0.598083 0.587294 0.559456 0.571844 0.568801 0.564308 0.560405 0.554138 0.549449 0.545957 0.540557 0.535201 0.529705 0.52404 0.517762 0.510464 0.502738 0.491599 0.477274 0.457195 0.416412 0.420789
-9999 -9999 -9999 -9999 -9999 -9999 -9999 -9999 -9999 0.34402 0.376904 0.410456 0.428028 0.436007 0.468038 0.489937 0.496045 0.499469 0.50294 0.494354 0.503921 0.510267 0.505939 0.495856 0.484693 0.500777 0.52947 0.572085 0.593862 0.602211 0.60784 0.6248 0.651579 0.675518 0.698709 0.709285 0.710058 0.690219 0.667114 0.678295 0.688527 0.684861 0.676222 0.657531 0.646227 0.634467 0.616643 0.577821 0.580437 0.574163 0.570138 0.564642 0.562917 0.560654 0.549708 0.543709 0.543504 0.541011 0.535223 0.529545 0.523933 0.51796 0.51157 0.5036 0.495117 0.485159 0.46131 0.443156 0.418286 0.414914
-9999 -9999 -9999 -9999 -9999 -9999 -9999 -9999 -9999 0.339652 0.364967 0.396942 0.413365 0.435735 0.466253 0.484277 0.496179 0.502488 0.507082 0.507376 0.511363 0.511963 0.50654 0.496334 0.484665 0.482114 0.503567 0.55211 0.563557 0.580498 0.582535 0.604556 0.631125 0.664745 0.686388 0.694286 0.697495 0.695693 0.679129 0.657281 0.655764 0.663674 0.650265 0.634227 0.633642 0.625338 0.608588 0.593853 0.577235 0.549955 0.558138 0.5517 0.551557 0.556737 0.550461 0.54244 0.541429 0.535222 0.529211 0.523494 0.517603 0.511588 0.505255 0.497648 0.488246 0.47043 0.453613 0.432834 0.42314 0.415781
-9999 -9999 -9999 -9999 -9999 -9999 -9999 -9999 -9999 0.329424 0.357496 0.387423 0.415644 0.442542 0.466462 0.473607 0.489201 0.495497 0.507345 0.513305 0.514661 0.5163 0.512625 0.495833 0.484225 0.471258 0.490673 0.531031 0.569588 0.568192 0.556012 0.588709 0.622916 0.653713 0.672759 0.668228 0.682287 0.684122 0.678694 0.66573 0.644284 0.642103 0.623297 0.617858 0.619882 0.615877 0.607429 0.594938 0.565352 0.547218 0.551511 0.542811 0.542032 0.544065 0.546506 0.5406 0.535514 0.528941 0.522685 0.516808 0.510899 0.504733 0.498115 0.490605 0.475091 0.457552 0.443754 0.427172 0.418247 0.4265
