Test_Spring_2018/11_17/Prec/20171111_021.txt
ncols	170
nrows	115
xllcorner	350000.000000
yllcorner	4445000.000000
cellsize	1000.000000
nodata_value	-9999.000000
[rows 32 to 63 of 115, columns 72 to 143 of 170]
1.3442 1.33688 1.35122 1.36424 1.3471 1.34552 1.37318 1.37228 1.36438 1.34716 1.34015 1.33301 1.3284 1.30711 1.24874 1.19639 1.22467 1.22585 1.20717 1.24273 1.22518 1.17801 1.11096 1.14805 1.13855 1.06201 1.04159 -9999 -9999 -9999 -9999 -9999 -9999 -9999 -9999 -9999 -9999 -9999 -9999 -9999 -9999 -9999 -9999 -9999 -9999 -9999 -9999 -9999 -9999 -9999 -9999 -9999 -9999 -9999 -9999 -9999 -9999 -9999 -9999 -9999 -9999 -9999 -9999 -9999 -9999 -9999 -9999 -9999 -9999 -9999 -9999 -9999
1.34623 1.3436 1.36427 1.36464 1.35587 1.36405 1.38498 1.38703 1.38387 1.37635 1.36979 1.36289 1.34611 1.3222 1.27239 1.21282 1.19938 1.22867 1.23024 1.2351 1.21847 1.19747 1.16446 1.19111 1.20111 1.15186 1.08928 1.06263 -9999 -9999 -9999 -9999 -9999 -9999 -9999 -9999 -9999 -9999 -9999 -9999 -9999 -9999 -9999 -9999 -9999 -9999 -9999 -9999 -9999 -9999 -9999 -9999 -9999 -9999 -9999 -9999 -9999 -9999 -9999 -9999 -9999 -9999 -9999 -9999 -9999 -9999 -9999 -9999 -9999 -9999 -9999 -9999
1.34641 1.32805 1.34072 1.35041 1.36107 1.37391 1.37634 1.39991 1.39873 1.39775 1.38783 1.37995 1.36677 1.34412 1.31176 1.27271 1.20464 1.24633 1.27882 1.27752 1.27513 1.25969 1.22727 1.25278 1.25302 1.18515 1.12848 1.09945 1.08631 -9999 -9999 -9999 -9999 -9999 -9999 -9999 -9999 -9999 -9999 -9999 -9999 -9999 -9999 -9999 -9999 -9999 -9999 -9999 -9999 -9999 -9999 -9999 -9999 -9999 -9999 -9999 -9999 -9999 -9999 -9999 -9999 -9999 -9999 -9999 -9999 -9999 -9999 -9999 -9999 -9999 -9999 -9999
1.34489 1.322 1.33455 1.35123 1.37566 1.38849 1.3975 1.40499 1.41279 1.41266 1.40314 1.37348 1.3698 1.369 1.34808 1.3036 1.25888 1.2468 1.29602 1.30925 1.30502 1.31474 1.28642 1.29746 1.29069 1.2636 1.20392 1.15052 1.13177 1.09701 -9999 -9999 -9999 -9999 -9999 -9999 -9999 -9999 -9999 -9999 -9999 -9999 -9999 -9999 -9999 -9999 -9999 -9999 -9999 -9999 -9999 -9999 -9999 -9999 -9999 -9999 -9999 -9999 -9999 -9999 -9999 -9999 -9999 -9999 -9999 -9999 -9999 -9999 -9999 -9999 -9999 -9999
-9999 -9999 1.32137 1.34407 1.37385 1.3864 1.40648 1.41692 1.42736 1.42797 1.40881 1.40013 1.40047 1.3875 1.36355 1.34826 1.31985 1.28978 1.29954 1.34048 1.31944 1.34744 1.34254 1.34578 1.32333 1.27587 1.20429 1.16142 1.1443 1.11578 -9999 -9999 -9999 -9999 -9999 -9999 -9999 -9999 -9999 -9999 -9999 -9999 -9999 -9999 -9999 -9999 -9999 -9999 -9999 -9999 -9999 -9999 -9999 -9999 -9999 -9999 -9999 -9999 -9999 -9999 -9999 -9999 -9999 -9999 -9999 -9999 -9999 -9999 -9999 -9999 -9999 -9999
-9999 -9999 -9999 1.3526 1.37808 1.4085 1.41542 1.42298 1.43969 1.44174 1.43607 1.43224 1.4255 1.41572 1.39814 1.37799 1.3511 1.34739 1.37279 1.37068 1.36214 1.36355 1.37442 1.36761 1.32145 1.26939 1.23759 1.14956 1.12234 1.12303 1.10398 -9999 -9999 -9999 -9999 -9999 -9999 -9999 -9999 -9999 -9999 -9999 -9999 1.12578 -9999 -9999 -9999 -9999 -9999 -9999 -9999 -9999 -9999 -9999 -9999 -9999 -9999 -9999 -9999 -9999 -9999 -9999 -9999 -9999 0.884505 -9999 -9999 -9999 -9999 -9999 -9999 -9999
-9999 -9999 1.36251 1.39152 1.4063 1.42589 1.41882 1.43323 1.4528 1.45577 1.45311 1.44965 1.43804 1.43645 1.42711 1.40531 1.4001 1.4074 1.40905 1.41056 1.40977 1.40348 1.39375 1.38246 1.35203 1.32264 1.30203 1.22866 1.19059 1.16315 1.12313 1.09198 -9999 -9999 -9999 -9999 -9999 -9999 -9999 1.14448 1.13711 1.13096 1.13185 1.14707 1.12452 -9999 -9999 -9999 -9999 -9999 -9999 -9999 -9999 -9999 -9999 -9999 -9999 -9999 -9999 -9999 -9999 -9999 -9999 -9999 0.912028 0.878758 -9999 -9999 -9999 -9999 -9999 -9999
-9999 -9999 1.38958 1.40862 1.41874 1.43797 1.45033 1.45109 1.46009 1.46926 1.47197 1.46861 1.46123 1.46373 1.45072 1.44327 1.43687 1.44696 1.44631 1.43756 1.42696 1.4167 1.3965 1.38989 1.3737 1.35273 1.32225 1.29177 1.22574 1.17136 1.11876 1.07672 -9999 -9999 -9999 -9999 -9999 -9999 1.16754 1.18178 1.18701 1.15458 1.16733 1.1775 1.16462 1.1291 -9999 -9999 -9999 -9999 -9999 -9999 -9999 -9999 -9999 -9999 -9999 -9999 -9999 -9999 1.07286 1.03932 0.973596 0.938526 0.916273 0.885593 -9999 -9999 -9999 -9999 -9999 -9999
-9999 -9999 1.39624 1.4186 1.43453 1.44973 1.45435 1.47465 1.47367 1.48099 1.48513 1.48813 1.49007 1.48044 1.47688 1.45827 1.47565 1.47262 1.46437 1.44138 1.42802 1.39068 1.37086 1.35623 1.37618 1.35077 1.30492 1.24982 1.17876 1.1571 1.1362 1.09908 -9999 -9999 -9999 -9999 -9999 -9999 1.1874 1.20268 1.21309 1.20731 1.17316 1.19735 1.17929 1.14795 1.13159 1.13579 1.13282 1.10164 1.10162 1.10055 1.08664 1.09173 -9999 -9999 -9999 -9999 1.08618 1.08581 1.08493 1.06977 0.998223 0.948312 0.902987 0.891407 -9999 -9999 -9999 -9999 -9999 -9999
-9999 -9999 1.4217 1.43507 1.44261 1.44535 1.46045 1.47969 1.48145 1.50151 1.50501 1.50906 1.51261 1.51147 1.50346 1.50595 1.50434 1.49623 1.45777 1.41239 1.42471 1.38409 1.33252 1.35483 1.37048 1.34165 1.2865 1.2246 1.19643 1.18081 1.15235 1.11154 -9999 -9999 -9999 1.1475 1.17648 1.17662 1.18128 1.20324 1.21689 1.2278 1.22827 1.22051 1.18713 1.15488 1.12104 1.11545 1.14018 1.13798 1.11254 1.11121 1.09768 1.09293 1.10002 1.10314 1.10271 1.09919 1.09747 1.0969 1.09404 1.07979 1.01947 0.981365 0.955758 0.901629 -9999 -9999 -9999 -9999 -9999 -9999
-9999 -9999 1.45005 1.46209 1.47239 1.4721 1.4767 1.49091 1.50484 1.50959 1.51589 1.51029 1.52382 1.52637 1.52712 1.52445 1.51847 1.48654 1.44196 1.39604 1.3711 1.37937 1.34122 1.33773 1.35339 1.32484 1.28025 1.22445 1.21406 1.19536 1.13581 1.09179 -9999 -9999 1.10118 1.15958 1.19955 1.21818 1.22044 1.21484 1.23338 1.22563 1.24311 1.22768 1.16762 1.15771 1.13068 1.12598 1.11752 1.10966 1.10677 1.1105 1.10881 1.1051 1.10881 1.10844 1.1077 1.10676 1.1017 1.10261 1.10147 1.09194 1.04471 1.01999 0.989369 0.903137 -9999 -9999 -9999 -9999 -9999 -9999
-9999 -9999 1.47184 1.48592 1.50168 1.50529 1.51803 1.49549 1.50043 1.52099 1.52437 1.52252 1.52224 1.53648 1.53853 1.53824 1.53524 1.50491 1.46856 1.41435 1.37747 1.35801 1.33729 1.29154 1.29484 1.28331 1.27165 1.27186 1.24218 1.20785 1.18042 1.12006 1.09508 -9999 1.11546 1.14313 1.19131 1.23022 1.25195 1.23611 1.25774 1.2527 1.26168 1.23762 1.19144 1.15625 1.14018 1.12269 1.12973 1.13112 1.11842 1.11698 1.11306 1.11137 1.11106 1.1106 1.11043 1.11057 1.1101 1.10927 1.1072 1.10258 1.07961 1.0523 1.00152 0.910158 -9999 -9999 -9999 -9999 -9999 -9999
-9999 1.44169 1.47682 1.50033 1.51006 1.51768 1.52492 1.531 1.54126 1.52988 1.53818 1.53682 1.52233 1.52853 1.53519 1.54783 1.54625 1.54101 1.51895 1.45386 1.43164 1.38641 1.3388 1.30267 1.30123 1.32432 1.31557 1.28869 1.26091 1.22205 1.19158 1.16166 1.09603 1.10574 1.13704 1.16008 1.19342 1.24174 1.27257 1.28143 1.27809 1.28245 1.27563 1.23676 1.19941 1.17683 1.14988 1.13273 1.11828 1.11753 1.10542 1.11749 1.11836 1.11304 1.11256 1.11249 1.11293 1.1137 1.11399 1.11329 1.11243 1.11069 1.10503 1.07274 0.997029 0.937144 -9999 -9999 -9999 -9999 -9999 -9999
-9999 -9999 1.47572 1.48655 1.49013 1.49594 1.50689 1.51962 1.54069 1.54445 1.55499 1.54764 1.53187 1.51666 1.53736 1.54567 1.55217 1.54963 1.54272 1.48573 1.45164 1.42214 1.37558 1.36864 1.37117 1.36297 1.34744 1.29615 1.24666 1.18862 1.13956 1.13784 1.10851 1.12148 1.14415 1.19411 1.22824 1.24031 1.24583 1.28964 1.29597 1.28122 1.27895 1.24452 1.21512 1.18366 1.16995 1.15202 1.13659 1.08575 1.10091 1.09438 1.11186 1.11719 1.11443 1.11443 1.11531 1.11597 1.11658 1.11654 1.11618 1.11324 1.11055 1.08858 0.992818 0.941238 -9999 -9999 -9999 -9999 -9999 -9999
-9999 -9999 -9999 -9999 1.4865 1.49534 1.50159 1.51168 1.54303 1.55141 1.55768 1.55988 1.55405 1.53172 1.52988 1.535 1.51508 1.52662 1.54536 1.53795 1.52693 1.47399 1.4326 1.44294 1.42574 1.38333 1.34924 1.31704 1.25963 1.21488 1.15872 1.1179 1.11821 1.16658 1.20364 1.25466 1.27716 1.26425 1.27315 1.28931 1.30691 1.30696 1.28772 1.2515 1.22321 1.18359 1.18518 1.16929 1.14362 1.12086 1.10217 1.10503 1.10276 1.11691 1.11866 1.11672 1.11734 1.11829 1.11901 1.11926 1.11804 1.1164 1.11381 1.10988 1.0115 0.932395 -9999 -9999 -9999 -9999 -9999 -9999
-9999 -9999 -9999 -9999 1.47402 1.47977 1.4932 1.52607 1.54731 1.55479 1.55561 1.56001 1.55607 1.54023 1.52307 1.50773 1.48538 1.49507 1.5231 1.53573 1.52962 1.48202 1.48289 1.46396 1.43839 1.38561 1.34544 1.32168 1.26611 1.2166 1.17882 1.1287 1.15231 1.17893 1.21257 1.26595 1.30266 1.31544 1.29931 1.30746 1.32913 1.31517 1.28073 1.26383 1.22671 1.17897 1.18901 1.17908 1.15568 1.14231 1.11787 1.11303 1.11417 1.11717 1.11954 1.11911 1.11893 1.11985 1.12086 1.12116 1.12039 1.1191 1.1166 1.11308 1.04827 0.933571 -9999 -9999 -9999 -9999 -9999 -9999
-9999 -9999 -9999 -9999 -9999 1.46413 1.49309 1.53592 1.55055 1.54977 1.55888 1.56036 1.55302 1.54702 1.52662 1.49811 1.44052 1.45244 1.47806 1.51521 1.5301 1.51781 1.48613 1.4525 1.38786 1.33085 1.31643 1.30156 1.2594 1.21965 1.17757 1.20171 1.22944 1.26045 1.27827 1.27695 1.30837 1.33168 1.31689 1.32866 1.34038 1.31568 1.29293 1.26952 1.23056 1.20993 1.19193 1.19021 1.16181 1.15365 1.13185 1.12212 1.11907 1.11885 1.12086 1.12054 1.12072 1.12178 1.12226 1.12294 1.12235 1.12084 1.11844 1.11505 1.10591 1.04164 1.00216 -9999 -9999 -9999 -9999 -9999
-9999 -9999 -9999 -9999 -9999 1.44391 1.45846 1.50861 1.52777 1.54933 1.56079 1.56145 1.54782 1.53967 1.50938 1.50001 1.44805 1.41913 1.43499 1.42103 1.47354 1.51802 1.48772 1.36907 1.31943 1.2818 1.28027 1.27312 1.25732 1.19406 1.17703 1.22779 1.26114 1.28818 1.30958 1.31553 1.31641 1.35419 1.35322 1.35765 1.34373 1.3308 1.29521 1.26532 1.24964 1.21805 1.19694 1.196 1.16242 1.16266 1.13892 1.1251 1.11795 1.12328 1.12255 1.12249 1.12257 1.12313 1.12384 1.12352 1.12352 1.12217 1.11952 1.11668 1.11263 1.10031 1.06566 1.05085 1.05866 -9999 -9999 -9999
-9999 -9999 -9999 -9999 -9999 -9999 1.4178 1.48693 1.52206 1.53762 1.56017 1.5625 1.55439 1.54122 1.50905 1.48096 1.43449 1.38077 1.3405 1.42014 1.4873 1.51785 1.49424 1.39414 1.34855 1.33738 1.34971 1.32499 1.30604 1.25605 1.24147 1.22346 1.23554 1.27365 1.30096 1.33036 1.35123 1.35226 1.36224 1.35671 1.34636 1.33499 1.31689 1.29765 1.25355 1.24745 1.21816 1.20647 1.1866 1.16871 1.14398 1.12437 1.1251 1.12708 1.12599 1.12489 1.12456 1.12521 1.12594 1.12624 1.12388 1.12262 1.12052 1.11743 1.11408 1.10858 1.10118 1.07889 1.05055 1.01602 -9999 -9999
-9999 -9999 -9999 -9999 -9999 -9999 1.38958 1.45795 1.49451 1.53564 1.56185 1.56299 1.56121 1.55015 1.52548 1.48833 1.45737 1.39726 1.33409 1.40971 1.47741 1.5129 1.50689 1.41171 1.42288 1.39693 1.39554 1.35767 1.33921 1.32167 1.29742 1.27257 1.24973 1.23131 1.29645 1.33053 1.35724 1.36854 1.37243 1.37051 1.35462 1.33056 1.2875 1.29234 1.26647 1.24643 1.22656 1.20882 1.19128 1.17487 1.1516 1.14243 1.12884 1.13135 1.12839 1.12729 1.12714 1.12738 1.12769 1.12797 1.12784 1.1265 1.12098 1.11808 1.11475 1.10969 1.10575 1.10105 1.09263 1.04771 1.01985 1.00134
-9999 -9999 -9999 -9999 -9999 -9999 1.29989 1.39921 1.4922 1.53084 1.55373 1.56143 1.56382 1.54846 1.53729 1.5104 1.48491 1.44518 1.38513 1.34692 1.39396 1.48563 1.50556 1.48297 1.47168 1.4436 1.4182 1.40917 1.40488 1.37667 1.34985 1.30886 1.28788 1.27531 1.32358 1.3309 1.32746 1.37762 1.37438 1.36597 1.33856 1.29741 1.28856 1.25027 1.23703 1.20405 1.20282 1.20036 1.1909 1.17758 1.15425 1.14478 1.13774 1.13446 1.13175 1.1301 1.12943 1.12943 1.12958 1.12927 1.12895 1.12876 1.12572 1.12369 1.11524 1.11049 1.107 1.1029 1.099 1.08959 1.07726 1.04703
-9999 -9999 -9999 -9999 -9999 -9999 1.32323 1.41198 1.47994 1.50835 1.54694 1.55431 1.56658 1.56248 1.55025 1.5264 1.4967 1.4636 1.41169 1.37203 1.414 1.45308 1.49322 1.48984 1.47212 1.46293 1.45106 1.45087 1.43934 1.42674 1.40167 1.35149 1.33026 1.30007 1.35284 1.35883 1.34991 1.374 1.36901 1.32395 1.2861 1.27298 1.26813 1.23695 1.21093 1.175 1.1725 1.19155 1.16892 1.15843 1.15123 1.14593 1.14098 1.13725 1.13438 1.13266 1.1316 1.13135 1.13135 1.13071 1.13017 1.12944 1.12785 1.12399 1.1215 1.11693 1.10748 1.1041 1.10063 1.09616 1.09483 1.084
-9999 -9999 -9999 -9999 -9999 -9999 1.34991 1.39598 1.4566 1.50316 1.54414 1.55925 1.57003 1.56826 1.55358 1.54098 1.52172 1.49206 1.47092 1.43465 1.38483 1.45917 1.45276 1.45404 1.46601 1.48029 1.4718 1.45401 1.42237 1.42831 1.40745 1.37617 1.36534 1.34852 1.37715 1.37646 1.37418 1.37003 1.33265 1.28064 1.23629 1.25408 1.23816 1.22363 1.16384 1.18361 1.19431 1.18846 1.1497 1.12567 1.14263 1.14091 1.13934 1.13778 1.13657 1.13433 1.13363 1.13277 1.13226 1.13176 1.13091 1.12993 1.12851 1.12675 1.12182 1.11751 1.11466 1.11601 1.11325 1.10285 1.10011 1.08648
-9999 -9999 -9999 -9999 -9999 -9999 -9999 1.39017 1.45049 1.51881 1.55501 1.57657 1.58561 1.58264 1.57362 1.56405 1.55129 1.52936 1.50188 1.45883 1.42557 1.44109 1.43107 1.41219 1.42033 1.45803 1.46591 1.43662 1.37129 1.38066 1.41206 1.40809 1.40249 1.39711 1.38595 1.38041 1.36959 1.34336 1.26828 1.25341 1.2186 1.21328 1.18922 1.19166 1.15834 1.17721 1.17803 1.17062 1.12915 1.11009 1.13425 1.14096 1.13299 1.13701 1.13736 1.13562 1.13449 1.13336 1.13283 1.13226 1.13141 1.13439 1.13321 1.13186 1.12658 1.12259 1.11787 1.11396 1.10823 1.11027 1.10849 1.09647
-9999 -9999 -9999 -9999 -9999 -9999 -9999 1.36806 1.44481 1.52586 1.54885 1.57213 1.59213 1.5894 1.57619 1.56389 1.55153 1.53775 1.50403 1.47079 1.43824 1.42421 1.42493 1.37083 1.38888 1.44057 1.44459 1.43253 1.34577 1.32078 1.36375 1.39995 1.39985 1.39344 1.34361 1.35107 1.32252 1.28419 1.27001 1.2491 1.21016 1.21744 1.18477 1.18463 1.14154 1.14791 1.14505 1.15526 1.11875 1.09385 1.11806 1.12881 1.12394 1.13778 1.14099 1.14027 1.13895 1.13799 1.13712 1.13661 1.13568 1.1346 1.1333 1.13134 1.12802 1.11657 1.07839 1.07667 1.08427 1.0914 1.09196 1.09816
-9999 -9999 -9999 -9999 -9999 -9999 -9999 1.38946 1.44101 1.51215 1.56372 1.56276 1.58608 1.59657 1.58187 1.56605 1.55009 1.54152 1.50426 1.46319 1.42873 1.38797 1.38829 1.40774 1.3921 1.42292 1.42236 1.40728 1.34503 1.35326 1.38051 1.39321 1.39433 1.38677 1.37315 1.36384 1.34139 1.32903 1.29797 1.25132 1.22844 1.23086 1.17887 1.17244 1.17836 1.11938 1.13691 1.14011 1.09715 1.09646 1.11967 1.12915 1.13767 1.14004 1.13941 1.14085 1.13909 1.13798 1.13703 1.13602 1.13515 1.13365 1.13223 1.12761 1.12118 1.08812 1.0672 1.0685 1.08194 1.09358 1.09365 1.09921
-9999 -9999 -9999 -9999 -9999 -9999 -9999 1.41205 1.45761 1.51832 1.55342 1.5558 1.58172 1.60462 1.5978 1.5808 1.57322 1.55574 1.52289 1.48658 1.44673 1.42423 1.3789 1.41064 1.38037 1.40523 1.41285 1.35408 1.33425 1.34986 1.36603 1.36958 1.38721 1.38271 1.37139 1.33598 1.31645 1.31828 1.3065 1.2891 1.25436 1.24569 1.2195 1.20322 1.18684 1.12112 1.12626 1.11847 1.11026 1.11837 1.12772 1.13262 1.13742 1.13605 1.13705 1.13991 1.13844 1.1371 1.13585 1.13493 1.13365 1.13132 1.12925 1.12115 1.10741 1.08244 1.03575 1.06249 1.09051 1.09971 1.09351 1.09832
-9999 -9999 -9999 -9999 -9999 -9999 -9999 1.41718 1.46547 1.51623 1.53439 1.53324 1.58338 1.61248 1.60819 1.59761 1.58597 1.54727 1.54465 1.53272 1.49552 1.44326 1.38586 1.38316 1.38622 1.38467 1.39097 1.31415 1.29176 1.29529 1.32214 1.3461 1.37192 1.37485 1.36096 1.30748 1.25086 1.26995 1.2903 1.28426 1.27023 1.2371 1.22114 1.20543 1.17776 1.12686 1.09807 1.09858 1.10626 1.1111 1.1228 1.13224 1.12231 1.1218 1.13271 1.13824 1.13657 1.13515 1.13417 1.13299 1.1317 1.12801 1.12422 1.11833 1.08412 1.06269 1.02939 1.05989 1.07923 1.07571 1.09528 1.10063
-9999 -9999 -9999 -9999 -9999 -9999 -9999 1.41492 1.44787 1.49573 1.51167 1.54081 1.58756 1.60811 1.6155 1.61041 1.60056 1.58007 1.56537 1.54125 1.50192 1.44991 1.39228 1.35154 1.35941 1.35116 1.3338 1.28108 1.25323 1.26947 1.29779 1.34383 1.36782 1.3662 1.35812 1.34289 1.29987 1.24884 1.24351 1.26062 1.23512 1.20602 1.21103 1.20103 1.17414 1.15207 1.09989 1.09377 1.08984 1.09222 1.10698 1.13202 1.13202 1.12753 1.13711 1.13527 1.13359 1.13252 1.13133 1.13033 1.12931 1.1264 1.12059 1.09796 1.07829 1.05103 1.0477 1.07221 1.08768 1.08565 1.09615 1.10046
-9999 -9999 -9999 -9999 -9999 -9999 -9999 1.40103 1.44032 1.48431 1.52542 1.56431 1.59723 1.5948 1.60978 1.60439 1.60949 1.6006 1.58009 1.55797 1.52228 1.45654 1.39938 1.33727 1.34164 1.37067 1.30184 1.26656 1.21005 1.25006 1.29569 1.33692 1.3564 1.32937 1.34464 1.33728 1.31764 1.28496 1.23706 1.23211 1.19428 1.18644 1.19587 1.19385 1.18344 1.1652 1.13153 1.09659 1.08481 1.08215 1.09545 1.11389 1.13239 1.13257 1.13387 1.13159 1.12971 1.12859 1.12758 1.12641 1.12486 1.12216 1.10342 1.08128 1.06786 1.04935 1.04759 1.0824 1.09414 1.08793 1.09766 1.10255
-9999 -9999 -9999 -9999 -9999 -9999 -9999 -9999 1.45004 1.49521 1.52727 1.53152 1.55987 1.57263 1.58123 1.57857 1.61326 1.60899 1.5929 1.57114 1.53865 1.48582 1.44561 1.38455 1.33731 1.29759 1.24977 1.25242 1.23815 1.25017 1.29278 1.33826 1.33649 1.2953 1.29392 1.29509 1.30545 1.29181 1.22859 1.19367 1.16351 1.17466 1.18633 1.18377 1.17729 1.16607 1.14087 1.08209 1.10042 1.11271 1.11156 1.12243 1.12974 1.12925 1.12858 1.12639 1.12478 1.12342 1.12187 1.12095 1.11799 1.11175 1.09123 1.04134 1.04461 1.04016 1.0255 1.06346 1.0644 1.08684 1.09982 1.10481
-9999 -9999 -9999 -9999 -9999 -9999 -9999 -9999 1.44699 1.49985 1.50571 1.49837 1.47232 1.47559 1.54371 1.55244 1.58499 1.6149 1.60438 1.582 1.55004 1.5138 1.4625 1.39381 1.33634 1.2757 1.29315 1.28936 1.28775 1.29222 1.3138 1.31056 1.2672 1.22681 1.23831 1.24312 1.27954 1.28177 1.26824 1.22811 1.18283 1.15626 1.17457 1.17119 1.16553 1.15827 1.14461 1.11282 1.10533 1.11473 1.11983 1.12058 1.12609 1.1248 1.12243 1.12067 1.11862 1.11687 1.11466 1.11276 1.10525 1.09648 1.06307 1.03565 1.01923 0.998109 1.05112 1.06942 1.07584 1.08642 1.09987 1.10491
