Test_Spring_2018/11_17/Prec/20171112_000.txt
ncols	170
nrows	115
xllcorner	350000.000000
yllcorner	4445000.000000
cellsize	1000.000000
nodata_value	-9999.000000
[rows 31 to 61 of 115, columns 70 to 139 of 170]
0.262925 0.26654 0.269926 0.272847 0.276558 0.289583 0.303703 0.308123 0.319373 0.323309 0.326739 0.330383 0.333595 0.336258 0.339092 0.340654 0.33902 0.34259 0.345225 0.346009 0.348624 0.351649 0.35263 0.351803 0.352781 0.353195 0.367355 0.379884 0.381554 -9999 -9999 -9999 -9999 -9999 -9999 -9999 -9999 -9999 -9999 -9999 -9999 -9999 -9999 -9999 -9999 -9999 -9999 -9999 -9999 -9999 -9999 -9999 -9999 -9999 -9999 -9999 -9999 -9999 -9999 -9999 -9999 -9999 -9999 -9999 -9999 -9999 -9999 -9999 -9999 -9999
0.258394 0.261943 0.265336 0.268519 0.273072 0.277788 0.299753 0.304192 0.316279 0.320248 0.323752 0.326619 0.329828 0.332809 0.335681 0.337435 0.337014 0.336691 0.340399 0.342554 0.343586 0.347425 0.348517 0.348138 0.346838 0.351129 0.353148 0.374997 0.377286 -9999 -9999 -9999 -9999 -9999 -9999 -9999 -9999 -9999 -9999 -9999 -9999 -9999 -9999 -9999 -9999 -9999 -9999 -9999 -9999 -9999 -9999 -9999 -9999 -9999 -9999 -9999 -9999 -9999 -9999 -9999 -9999 -9999 -9999 -9999 -9999 -9999 -9999 -9999 -9999 -9999
0.25273 0.25703 0.260505 0.264211 0.269331 0.273565 0.286535 0.30161 0.31306 0.317149 0.320828 0.324103 0.327224 0.330109 0.332254 0.333811 0.333814 0.333132 0.334719 0.338434 0.340638 0.342991 0.34424 0.345309 0.345828 0.349556 0.352514 0.365206 0.376081 0.380809 -9999 -9999 -9999 -9999 -9999 -9999 -9999 -9999 -9999 -9999 -9999 -9999 -9999 -9999 -9999 -9999 -9999 -9999 -9999 -9999 -9999 -9999 -9999 -9999 -9999 -9999 -9999 -9999 -9999 -9999 -9999 -9999 -9999 -9999 -9999 -9999 -9999 -9999 -9999 -9999
0.246656 0.251797 0.255453 0.258646 0.263626 0.268583 0.284065 0.304467 0.308754 0.313999 0.317763 0.321324 0.324192 0.326937 0.329188 0.330745 0.331623 0.33201 0.330772 0.335197 0.339098 0.341221 0.343299 0.344726 0.345308 0.348963 0.351342 0.364352 0.377411 0.378333 0.380043 -9999 -9999 -9999 -9999 -9999 -9999 -9999 -9999 -9999 -9999 -9999 -9999 -9999 -9999 -9999 -9999 -9999 -9999 -9999 -9999 -9999 -9999 -9999 -9999 -9999 -9999 -9999 -9999 -9999 -9999 -9999 -9999 -9999 -9999 -9999 -9999 -9999 -9999 -9999
-9999 0.246251 0.250243 0.253545 0.258849 0.264469 0.272594 0.291525 0.306067 0.310566 0.314836 0.318429 0.321268 0.322806 0.325476 0.328104 0.329527 0.329604 0.32959 0.331235 0.336064 0.339013 0.341062 0.343857 0.344682 0.347573 0.349527 0.352814 0.366603 0.376498 0.377644 0.377864 -9999 -9999 -9999 -9999 -9999 -9999 -9999 -9999 -9999 -9999 -9999 -9999 -9999 -9999 -9999 -9999 -9999 -9999 -9999 -9999 -9999 -9999 -9999 -9999 -9999 -9999 -9999 -9999 -9999 -9999 -9999 -9999 -9999 -9999 -9999 -9999 -9999 -9999
-9999 -9999 -9999 -9999 0.253787 0.262483 0.273283 0.287737 0.302892 0.307703 0.312198 0.315857 0.318171 0.320748 0.323553 0.325466 0.326661 0.328212 0.329026 0.329734 0.332528 0.336968 0.338189 0.341985 0.344059 0.346537 0.347628 0.351349 0.362504 0.372542 0.373505 0.373732 -9999 -9999 -9999 -9999 -9999 -9999 -9999 -9999 -9999 -9999 -9999 -9999 -9999 -9999 -9999 -9999 -9999 -9999 -9999 -9999 -9999 -9999 -9999 -9999 -9999 -9999 -9999 -9999 -9999 -9999 -9999 -9999 -9999 -9999 -9999 -9999 -9999 -9999
-9999 -9999 -9999 -9999 -9999 0.25934 0.269914 0.276844 0.299948 0.304827 0.309786 0.313583 0.316604 0.319389 0.321747 0.323736 0.325173 0.326394 0.327234 0.329295 0.332907 0.335121 0.33703 0.339472 0.342395 0.344349 0.346951 0.347524 0.34795 0.367457 0.367623 0.369047 0.36929 -9999 -9999 -9999 -9999 -9999 -9999 -9999 -9999 -9999 -9999 -9999 -9999 0.404653 -9999 -9999 -9999 -9999 -9999 -9999 -9999 -9999 -9999 -9999 -9999 -9999 -9999 -9999 -9999 -9999 -9999 -9999 -9999 -9999 0.466256 -9999 -9999 -9999
-9999 -9999 -9999 -9999 0.247635 0.261297 0.268103 0.274941 0.288446 0.302539 0.307831 0.311774 0.314974 0.317739 0.319762 0.322072 0.323828 0.32486 0.326751 0.329332 0.331679 0.334083 0.336417 0.338484 0.340353 0.342079 0.346434 0.347117 0.348049 0.358227 0.366595 0.366209 0.364962 0.364066 -9999 -9999 -9999 -9999 -9999 -9999 -9999 0.381729 0.385299 0.389325 0.39401 0.399623 0.403324 -9999 -9999 -9999 -9999 -9999 -9999 -9999 -9999 -9999 -9999 -9999 -9999 -9999 -9999 -9999 -9999 -9999 -9999 -9999 0.460678 0.461177 -9999 -9999
-9999 -9999 -9999 -9999 0.250891 0.258654 0.26581 0.273175 0.279812 0.301083 0.30605 0.310444 0.313964 0.316702 0.318858 0.321261 0.322688 0.324338 0.326054 0.328697 0.330872 0.332719 0.334544 0.336422 0.337765 0.339745 0.344731 0.345833 0.346184 0.346251 0.364056 0.361907 0.359589 0.357674 -9999 -9999 -9999 -9999 -9999 -9999 0.372067 0.376453 0.380932 0.383904 0.389567 0.395285 0.39984 0.403452 -9999 -9999 -9999 -9999 -9999 -9999 -9999 -9999 -9999 -9999 -9999 -9999 -9999 -9999 0.451534 0.4525 0.4519 0.452896 0.45443 0.455275 -9999 -9999
-9999 -9999 -9999 -9999 0.247328 0.255941 0.264057 0.271827 0.278612 0.293068 0.305117 0.309569 0.313219 0.316261 0.318809 0.320441 0.322203 0.323111 0.325926 0.327768 0.329467 0.330525 0.332191 0.33266 0.334038 0.3389 0.342372 0.343231 0.342725 0.341405 0.346248 0.356714 0.355622 0.353492 -9999 -9999 -9999 -9999 -9999 -9999 0.365846 0.370458 0.375483 0.380201 0.383817 0.390688 0.395702 0.399601 0.403947 0.408905 0.412934 0.419303 0.430621 0.432564 0.433313 0.434688 -9999 -9999 -9999 -9999 0.440594 0.442808 0.445378 0.447493 0.446825 0.4473 0.447874 0.449091 -9999 -9999
-9999 -9999 -9999 -9999 0.245031 0.253895 0.262279 0.270066 0.278005 0.29251 0.304414 0.309567 0.313167 0.316186 0.318689 0.320593 0.321925 0.323724 0.325338 0.326718 0.326659 0.32639 0.329261 0.330283 0.330041 0.336672 0.339944 0.340622 0.339587 0.337821 0.344272 0.35386 0.351934 0.346167 -9999 -9999 -9999 0.347879 0.350688 0.352794 0.355973 0.36086 0.366023 0.375116 0.380973 0.385815 0.391319 0.395608 0.399423 0.404178 0.409879 0.413479 0.426875 0.428633 0.429151 0.42507 0.426326 0.427337 0.428301 0.429382 0.430929 0.432938 0.435202 0.437162 0.442254 0.443587 0.445427 0.445808 -9999 -9999
-9999 -9999 -9999 -9999 0.247103 0.256381 0.26531 0.271643 0.279371 0.286937 0.299483 0.309635 0.313467 0.315973 0.31891 0.320862 0.322471 0.323807 0.325006 0.324978 0.324468 0.324077 0.324941 0.327501 0.327859 0.332905 0.336105 0.337973 0.33462 0.333095 0.333586 0.338598 0.344059 0.340906 -9999 -9999 0.339396 0.342727 0.3459 0.348878 0.351959 0.355549 0.361214 0.366159 0.372887 0.377104 0.381535 0.38712 0.396501 0.401653 0.400957 0.404449 0.410589 0.419984 0.421272 0.422005 0.422871 0.423481 0.424226 0.425278 0.426539 0.428576 0.43094 0.43321 0.433722 0.435464 0.435437 0.435351 -9999 -9999
-9999 -9999 -9999 -9999 0.247459 0.257365 0.267015 0.275522 0.283871 0.287651 0.299758 0.305806 0.314105 0.316808 0.318944 0.321365 0.32286 0.324118 0.325272 0.325146 0.324914 0.323973 0.324131 0.325151 0.326381 0.326942 0.329302 0.330674 0.331761 0.333143 0.333558 0.337189 0.335287 0.338686 0.336063 -9999 0.335279 0.336709 0.340104 0.344042 0.348155 0.351337 0.357386 0.362774 0.368198 0.373537 0.379188 0.380155 0.385122 0.389613 0.39489 0.403708 0.409239 0.411575 0.418771 0.419477 0.419965 0.420383 0.420974 0.421921 0.423298 0.425167 0.427455 0.429999 0.431832 0.432166 0.432526 0.4323 -9999 -9999
-9999 -9999 -9999 0.231089 0.245541 0.256608 0.266579 0.275883 0.284478 0.29222 0.304133 0.307346 0.312041 0.318125 0.319455 0.321328 0.322892 0.32463 0.325658 0.326653 0.327003 0.325358 0.325965 0.324218 0.323693 0.326549 0.328646 0.331817 0.333042 0.332985 0.332518 0.335371 0.334103 0.33172 0.332692 0.331711 0.332324 0.333248 0.335678 0.340006 0.344592 0.349155 0.354078 0.359005 0.365148 0.367362 0.373413 0.378658 0.383401 0.38825 0.392734 0.397356 0.403069 0.410397 0.412335 0.417523 0.417889 0.418188 0.41866 0.419492 0.42078 0.422553 0.424834 0.427492 0.429024 0.43039 0.424715 0.42567 -9999 -9999
-9999 -9999 -9999 -9999 0.243862 0.254833 0.265021 0.274734 0.283981 0.292479 0.30499 0.310333 0.315021 0.317336 0.320717 0.321373 0.323527 0.324867 0.326132 0.327086 0.32806 0.325639 0.325421 0.325625 0.325054 0.329294 0.331572 0.333093 0.333956 0.332615 0.331001 0.332499 0.329418 0.328576 0.326567 0.329641 0.329559 0.331679 0.333989 0.336326 0.339561 0.345994 0.350537 0.354293 0.360343 0.365109 0.371846 0.376906 0.382635 0.38775 0.392497 0.394817 0.402075 0.405098 0.408704 0.413188 0.416645 0.41687 0.417259 0.417963 0.419139 0.420821 0.423016 0.4246 0.424253 0.425289 0.422452 0.423738 -9999 -9999
-9999 -9999 -9999 -9999 -9999 -9999 0.264667 0.27491 0.284254 0.292923 0.306005 0.311768 0.316357 0.319757 0.321878 0.32297 0.323846 0.324888 0.324623 0.325849 0.327679 0.328458 0.329286 0.328126 0.329992 0.332718 0.333923 0.333635 0.333522 0.333185 0.331169 0.333127 0.329655 0.32674 0.325879 0.327614 0.330608 0.332646 0.334231 0.335173 0.33853 0.342306 0.347936 0.353501 0.35871 0.363468 0.37042 0.375237 0.381979 0.387443 0.391924 0.396 0.401647 0.405446 0.408281 0.411334 0.413183 0.416344 0.416672 0.417306 0.41837 0.419928 0.420034 0.421586 0.423293 0.425044 0.421871 0.421567 -9999 -9999
-9999 -9999 -9999 -9999 -9999 -9999 0.264194 0.274475 0.284384 0.294421 0.306998 0.312828 0.31722 0.320792 0.323038 0.323919 0.324251 0.324151 0.323546 0.324685 0.326942 0.328616 0.32955 0.32853 0.332446 0.333562 0.334275 0.333415 0.332978 0.3331 0.331217 0.33282 0.33035 0.326989 0.327379 0.327995 0.329229 0.332264 0.334529 0.336657 0.338182 0.342204 0.347945 0.352689 0.357035 0.362766 0.369289 0.373744 0.381034 0.38696 0.391755 0.396556 0.402069 0.405741 0.409024 0.411738 0.413817 0.415238 0.416748 0.41734 0.418323 0.418926 0.420032 0.421338 0.42277 0.424271 0.42261 0.420268 -9999 -9999
-9999 -9999 -9999 -9999 -9999 -9999 -9999 0.274169 0.284904 0.295488 0.307722 0.313158 0.318024 0.321483 0.323585 0.325002 0.325077 0.324322 0.321861 0.323046 0.325077 0.327915 0.329818 0.330514 0.332617 0.332873 0.331476 0.330356 0.331259 0.33187 0.330743 0.332882 0.330288 0.330916 0.331627 0.332566 0.333041 0.332911 0.33504 0.337611 0.339236 0.343302 0.348349 0.352343 0.357116 0.362341 0.368675 0.374477 0.380284 0.386679 0.39131 0.396536 0.402337 0.405992 0.409309 0.412099 0.414371 0.415957 0.417098 0.417925 0.418624 0.419428 0.420323 0.421348 0.422491 0.423706 0.424686 0.4248 0.424411 -9999
-9999 -9999 -9999 -9999 -9999 -9999 -9999 0.273739 0.283555 0.294387 0.306838 0.313396 0.318374 0.321806 0.323616 0.324802 0.324468 0.324762 0.322468 0.321813 0.323289 0.32338 0.327152 0.330706 0.332827 0.328541 0.327853 0.327699 0.329264 0.330307 0.330625 0.331684 0.330548 0.332735 0.333912 0.334801 0.335592 0.335746 0.336364 0.339323 0.342212 0.345716 0.349188 0.353523 0.357335 0.361939 0.369287 0.374314 0.379814 0.38617 0.390519 0.396239 0.402044 0.405667 0.40898 0.412282 0.414619 0.41639 0.417348 0.418317 0.418666 0.419926 0.420658 0.421439 0.422285 0.423238 0.424214 0.426888 0.426598 0.42724
-9999 -9999 -9999 -9999 -9999 -9999 -9999 -9999 0.281841 0.293383 0.306623 0.312743 0.318236 0.321745 0.323312 0.324643 0.324337 0.323736 0.321812 0.319283 0.318716 0.323668 0.328144 0.330887 0.333369 0.329954 0.329397 0.330574 0.332848 0.332999 0.333222 0.335227 0.334402 0.333205 0.333489 0.334501 0.335737 0.337655 0.339386 0.340436 0.342396 0.34726 0.350639 0.354718 0.359075 0.363859 0.369431 0.375474 0.380288 0.38589 0.390834 0.395555 0.401353 0.404777 0.408654 0.411959 0.414462 0.415199 0.416944 0.417987 0.418359 0.418156 0.420809 0.421381 0.422003 0.422679 0.423443 0.426368 0.427351 0.427522
-9999 -9999 -9999 -9999 -9999 -9999 -9999 -9999 0.280771 0.291873 0.305122 0.312382 0.317498 0.320362 0.323049 0.324538 0.324712 0.32375 0.322755 0.320007 0.316986 0.32056 0.327836 0.330783 0.331702 0.331006 0.333335 0.333685 0.335221 0.334705 0.33502 0.339046 0.337915 0.33659 0.334152 0.332788 0.336591 0.338891 0.341016 0.342636 0.344248 0.346003 0.347923 0.355827 0.358459 0.364063 0.370241 0.375154 0.380111 0.385109 0.389955 0.394604 0.400449 0.40444 0.407648 0.409992 0.411264 0.413844 0.41569 0.416793 0.417205 0.417039 0.416425 0.417647 0.421462 0.421931 0.422484 0.425392 0.426419 0.427435
-9999 -9999 -9999 -9999 -9999 -9999 -9999 -9999 0.276552 0.288782 0.30392 0.311048 0.315574 0.319445 0.322319 0.323621 0.324587 0.324282 0.32371 0.322166 0.319435 0.31781 0.319756 0.324951 0.331665 0.334857 0.335935 0.336117 0.336373 0.337375 0.338485 0.342324 0.339323 0.337694 0.336045 0.335933 0.339025 0.34007 0.340721 0.344417 0.34564 0.346976 0.347755 0.348918 0.351784 0.362425 0.368895 0.372679 0.378198 0.383637 0.388607 0.393185 0.398922 0.400693 0.404681 0.405813 0.409063 0.411652 0.413539 0.414713 0.415209 0.415103 0.414562 0.413759 0.415709 0.415079 0.421261 0.42422 0.425158 0.426141
-9999 -9999 -9999 -9999 -9999 -9999 -9999 -9999 0.27656 0.294056 0.303185 0.308437 0.314458 0.318168 0.321499 0.323404 0.324387 0.324354 0.3237 0.322646 0.320477 0.318895 0.321591 0.323017 0.325731 0.329944 0.335975 0.337087 0.338016 0.336595 0.337596 0.342967 0.342432 0.339143 0.338763 0.337894 0.341379 0.34249 0.342953 0.345336 0.346461 0.345814 0.345917 0.347729 0.351292 0.353215 0.358395 0.370805 0.375814 0.381976 0.382314 0.38715 0.393956 0.398388 0.399209 0.402921 0.406094 0.408667 0.410569 0.41181 0.412408 0.412414 0.411999 0.411304 0.410457 0.413237 0.412736 0.415485 0.423621 0.424592
-9999 -9999 -9999 -9999 -9999 -9999 -9999 -9999 0.273777 0.293745 0.302032 0.307768 0.313646 0.317586 0.320752 0.322765 0.323669 0.324316 0.324328 0.323585 0.323154 0.321863 0.319856 0.324373 0.323341 0.328042 0.32635 0.328529 0.329678 0.330473 0.341919 0.343191 0.341335 0.340587 0.340875 0.340837 0.343191 0.344069 0.344966 0.34592 0.345349 0.34428 0.343927 0.347182 0.349068 0.352537 0.35577 0.355995 0.361236 0.365978 0.379429 0.383178 0.390948 0.391657 0.395716 0.399349 0.402483 0.404969 0.406895 0.408169 0.408856 0.409021 0.408765 0.40824 0.407579 0.406929 0.410472 0.413557 0.413946 0.405657
-9999 -9999 -9999 -9999 -9999 -9999 -9999 -9999 -9999 0.289659 0.296782 0.304637 0.310282 0.314634 0.31782 0.319896 0.321213 0.322112 0.32252 0.322193 0.321395 0.319676 0.318429 0.319753 0.318 0.322131 0.323806 0.327175 0.329121 0.329238 0.333194 0.333234 0.336137 0.337195 0.338148 0.339078 0.343853 0.344566 0.345084 0.344921 0.342377 0.338791 0.338601 0.340255 0.341298 0.345142 0.349907 0.354781 0.359092 0.363295 0.365959 0.371671 0.374221 0.37929 0.383344 0.387631 0.398298 0.400712 0.402592 0.403899 0.404694 0.405015 0.404952 0.397262 0.39629 0.395328 0.398678 0.402364 0.402536 0.403174
-9999 -9999 -9999 -9999 -9999 -9999 -9999 -9999 -9999 0.288605 0.296889 0.304962 0.309559 0.313733 0.317309 0.319294 0.320361 0.321146 0.321647 0.321851 0.320847 0.319761 0.318661 0.318529 0.319211 0.319736 0.321918 0.325974 0.327651 0.328584 0.329748 0.329609 0.333056 0.336168 0.337382 0.338252 0.33683 0.338383 0.338056 0.337251 0.337787 0.338107 0.337682 0.33993 0.340403 0.342932 0.348166 0.352049 0.355776 0.360461 0.362914 0.367747 0.369632 0.374417 0.378177 0.382583 0.385989 0.388651 0.390676 0.392089 0.392898 0.393185 0.393016 0.392543 0.391913 0.391256 0.390675 0.394436 0.397639 0.398435
-9999 -9999 -9999 -9999 -9999 -9999 -9999 -9999 -9999 0.290972 0.297425 0.304548 0.310286 0.312921 0.316474 0.319024 0.319951 0.320542 0.320889 0.321428 0.320318 0.318905 0.317779 0.316306 0.316999 0.318741 0.321763 0.324674 0.326033 0.326714 0.329132 0.330643 0.333191 0.335008 0.336235 0.337012 0.337469 0.338152 0.33816 0.338736 0.338409 0.337389 0.33778 0.339713 0.339066 0.341097 0.344093 0.349031 0.353461 0.357373 0.359046 0.360745 0.365787 0.370029 0.374044 0.37746 0.380351 0.382905 0.384792 0.386194 0.387101 0.387557 0.387658 0.387474 0.387165 0.386684 0.386219 0.384571 0.393818 0.394811
-9999 -9999 -9999 -9999 -9999 -9999 -9999 -9999 -9999 0.293697 0.299356 0.305523 0.310059 0.312595 0.316078 0.319132 0.32038 0.320867 0.321647 0.321741 0.320898 0.319777 0.318406 0.317911 0.316222 0.318584 0.320762 0.323293 0.32499 0.327952 0.32784 0.329636 0.331508 0.33276 0.334775 0.335656 0.336195 0.335494 0.335651 0.336972 0.337658 0.338162 0.337908 0.339204 0.339805 0.34117 0.342791 0.347275 0.350733 0.353699 0.35341 0.358286 0.362147 0.365701 0.369097 0.371942 0.37461 0.377016 0.378794 0.380162 0.381133 0.38176 0.382075 0.382128 0.382083 0.381708 0.381115 0.380089 0.388558 0.390917
-9999 -9999 -9999 -9999 -9999 -9999 -9999 -9999 -9999 0.295781 0.301134 0.306393 0.309718 0.311802 0.316339 0.319557 0.320825 0.321576 0.322103 0.321073 0.321809 0.321965 0.320734 0.318676 0.316331 0.316848 0.32278 0.321699 0.323223 0.325106 0.324746 0.325793 0.328109 0.330319 0.332667 0.333856 0.3342 0.332513 0.330707 0.332918 0.335276 0.336362 0.337166 0.337133 0.338182 0.339446 0.340293 0.344229 0.34683 0.349897 0.350955 0.354181 0.357748 0.361122 0.363351 0.365884 0.368773 0.371098 0.372734 0.374062 0.375103 0.375855 0.376374 0.376602 0.376732 0.376731 0.375295 0.374633 0.379591 0.386852
-9999 -9999 -9999 -9999 -9999 -9999 -9999 -9999 -9999 0.297708 0.301844 0.30659 0.309491 0.3129 0.317048 0.319651 0.3214 0.322342 0.322895 0.322768 0.322838 0.322328 0.320956 0.318872 0.316464 0.314924 0.315926 0.319381 0.318156 0.322495 0.321721 0.323299 0.325559 0.328796 0.330932 0.331781 0.332348 0.332598 0.331461 0.329983 0.330984 0.333266 0.333448 0.333585 0.33566 0.337113 0.337846 0.338987 0.344271 0.343623 0.34666 0.349396 0.352743 0.356549 0.358929 0.360917 0.363453 0.365176 0.366677 0.367975 0.369041 0.369915 0.370621 0.371105 0.371362 0.370715 0.370242 0.369431 0.369962 0.38327
-9999 -9999 -9999 -9999 -9999 -9999 -9999 -9999 -9999 0.299207 0.303292 0.307503 0.311431 0.315103 0.318322 0.319555 0.321562 0.322376 0.323621 0.324027 0.323731 0.323268 0.322027 0.319161 0.316702 0.313955 0.314667 0.322133 0.322089 0.320748 0.318331 0.321 0.324013 0.326851 0.328615 0.328016 0.329702 0.330286 0.330317 0.329763 0.328521 0.329638 0.329162 0.330382 0.332636 0.334423 0.335892 0.33706 0.342084 0.340767 0.342896 0.345047 0.347974 0.351083 0.354086 0.356004 0.357836 0.359326 0.360679 0.361915 0.363009 0.363965 0.364792 0.365474 0.365262 0.364843 0.364877 0.364662 0.365358 0.374985
