Test_Spring_2018/11_17/Prec/20171115_002.txt
ncols	170
nrows	115
xllcorner	350000.000000
yllcorner	4445000.000000
cellsize	1000.000000
nodata_value	-9999.000000
[rows 31 to 61 of 115, columns 70 to 139 of 170]
0.244719 0.252745 0.25857 0.260393 0.265592 0.287108 0.298833 0.304286 0.323327 0.327752 0.329251 0.332528 0.333982 0.333174 0.334692 0.329928 0.307276 0.317613 0.323576 0.319368 0.326986 0.337466 0.335541 0.322287 0.319279 0.311908 0.328069 0.336439 0.331924 -9999 -9999 -9999 -9999 -9999 -9999 -9999 -9999 -9999 -9999 -9999 -9999 -9999 -9999 -9999 -9999 -9999 -9999 -9999 -9999 -9999 -9999 -9999 -9999 -9999 -9999 -9999 -9999 -9999 -9999 -9999 -9999 -9999 -9999 -9999 -9999 -9999 -9999 -9999 -9999 -9999
0.250224 0.255865 0.259804 0.261492 0.270366 0.279094 0.296545 0.308772 0.326529 0.331473 0.333955 0.333192 0.335351 0.33715 0.339454 0.336207 0.321005 0.307566 0.319602 0.323058 0.320309 0.334902 0.332885 0.321743 0.304582 0.320691 0.322294 0.326453 0.347249 -9999 -9999 -9999 -9999 -9999 -9999 -9999 -9999 -9999 -9999 -9999 -9999 -9999 -9999 -9999 -9999 -9999 -9999 -9999 -9999 -9999 -9999 -9999 -9999 -9999 -9999 -9999 -9999 -9999 -9999 -9999 -9999 -9999 -9999 -9999 -9999 -9999 -9999 -9999 -9999 -9999
0.249486 0.257774 0.260304 0.26338 0.274136 0.278698 0.29275 0.314174 0.329508 0.335191 0.338993 0.341139 0.343303 0.345073 0.343449 0.339338 0.32685 0.311152 0.310025 0.322453 0.326191 0.331114 0.329428 0.326579 0.32017 0.332892 0.340548 0.342392 0.361713 0.370787 -9999 -9999 -9999 -9999 -9999 -9999 -9999 -9999 -9999 -9999 -9999 -9999 -9999 -9999 -9999 -9999 -9999 -9999 -9999 -9999 -9999 -9999 -9999 -9999 -9999 -9999 -9999 -9999 -9999 -9999 -9999 -9999 -9999 -9999 -9999 -9999 -9999 -9999 -9999 -9999
0.24663 0.258149 0.259845 0.257927 0.266116 0.273582 0.30137 0.320103 0.325977 0.338364 0.342673 0.346775 0.347764 0.34912 0.348552 0.344777 0.337776 0.328565 0.310133 0.326515 0.340076 0.343086 0.345941 0.344875 0.338651 0.350984 0.355489 0.373619 0.385251 0.381253 0.382148 -9999 -9999 -9999 -9999 -9999 -9999 -9999 -9999 -9999 -9999 -9999 -9999 -9999 -9999 -9999 -9999 -9999 -9999 -9999 -9999 -9999 -9999 -9999 -9999 -9999 -9999 -9999 -9999 -9999 -9999 -9999 -9999 -9999 -9999 -9999 -9999 -9999 -9999 -9999
-9999 0.256775 0.258505 0.255218 0.263433 0.273166 0.294556 0.317298 0.331861 0.339126 0.346225 0.350524 0.351549 0.345912 0.348258 0.351311 0.347854 0.336859 0.325786 0.325111 0.343974 0.351604 0.353905 0.360843 0.35595 0.363727 0.366022 0.386719 0.394794 0.396003 0.39508 0.388883 -9999 -9999 -9999 -9999 -9999 -9999 -9999 -9999 -9999 -9999 -9999 -9999 -9999 -9999 -9999 -9999 -9999 -9999 -9999 -9999 -9999 -9999 -9999 -9999 -9999 -9999 -9999 -9999 -9999 -9999 -9999 -9999 -9999 -9999 -9999 -9999 -9999 -9999
-9999 -9999 -9999 -9999 0.258384 0.279064 0.295554 0.315782 0.333899 0.342146 0.35009 0.35459 0.352499 0.353413 0.356917 0.355996 0.351461 0.349605 0.34361 0.337175 0.34351 0.359918 0.356921 0.369703 0.3723 0.37768 0.37509 0.399739 0.393275 0.397832 0.397417 0.393141 -9999 -9999 -9999 -9999 -9999 -9999 -9999 -9999 -9999 -9999 -9999 -9999 -9999 -9999 -9999 -9999 -9999 -9999 -9999 -9999 -9999 -9999 -9999 -9999 -9999 -9999 -9999 -9999 -9999 -9999 -9999 -9999 -9999 -9999 -9999 -9999 -9999 -9999
-9999 -9999 -9999 -9999 -9999 0.281046 0.296294 0.311401 0.335968 0.343428 0.353423 0.358389 0.360521 0.36288 0.364013 0.363951 0.361269 0.35772 0.352073 0.35389 0.365118 0.367875 0.368868 0.373296 0.380991 0.383322 0.397137 0.396178 0.391975 0.392297 0.388708 0.393631 0.391989 -9999 -9999 -9999 -9999 -9999 -9999 -9999 -9999 -9999 -9999 -9999 -9999 0.477387 -9999 -9999 -9999 -9999 -9999 -9999 -9999 -9999 -9999 -9999 -9999 -9999 -9999 -9999 -9999 -9999 -9999 -9999 -9999 -9999 0.591434 -9999 -9999 -9999
-9999 -9999 -9999 -9999 0.269313 0.294079 0.304648 0.316686 0.3302 0.346196 0.357217 0.362519 0.365575 0.36795 0.367392 0.369734 0.369459 0.365187 0.366227 0.371391 0.375004 0.378873 0.382351 0.384429 0.385738 0.386832 0.414564 0.411505 0.411122 0.40355 0.408511 0.404471 0.396032 0.390054 -9999 -9999 -9999 -9999 -9999 -9999 -9999 0.443853 0.449544 0.456765 0.467365 0.48362 0.488931 -9999 -9999 -9999 -9999 -9999 -9999 -9999 -9999 -9999 -9999 -9999 -9999 -9999 -9999 -9999 -9999 -9999 -9999 -9999 0.610341 0.600489 -9999 -9999
-9999 -9999 -9999 -9999 0.286136 0.298465 0.308035 0.320413 0.33041 0.351572 0.359413 0.36675 0.371486 0.373793 0.374399 0.377817 0.37613 0.376152 0.376586 0.38245 0.385213 0.385784 0.386179 0.387099 0.385266 0.388076 0.419505 0.419504 0.416333 0.412868 0.417833 0.405195 0.392581 0.38285 -9999 -9999 -9999 -9999 -9999 -9999 0.439647 0.4513 0.46142 0.461 0.476282 0.492093 0.501841 0.530099 -9999 -9999 -9999 -9999 -9999 -9999 -9999 -9999 -9999 -9999 -9999 -9999 -9999 -9999 0.673023 0.662116 0.640717 0.629037 0.621696 0.612181 -9999 -9999
-9999 -9999 -9999 -9999 0.286618 0.300565 0.312537 0.324178 0.332217 0.350212 0.363869 0.370718 0.375894 0.380104 0.383465 0.382782 0.383795 0.379985 0.387678 0.389158 0.38936 0.385348 0.38489 0.377348 0.37583 0.4049 0.418356 0.417403 0.40976 0.398808 0.392832 0.398866 0.396062 0.387519 -9999 -9999 -9999 -9999 -9999 -9999 0.44056 0.452699 0.464886 0.473613 0.47503 0.496543 0.528733 0.536348 0.549441 0.569429 0.587156 0.611381 0.625825 0.640365 0.649356 0.662649 -9999 -9999 -9999 -9999 0.69013 0.690635 0.689879 0.683894 0.659744 0.642525 0.627161 0.63563 -9999 -9999
-9999 -9999 -9999 -9999 0.292995 0.304724 0.314667 0.32297 0.334884 0.352783 0.366757 0.378305 0.383104 0.387399 0.39096 0.392609 0.391827 0.394308 0.395617 0.395157 0.385511 0.374194 0.381724 0.37377 0.368334 0.402027 0.414658 0.413131 0.402985 0.390226 0.397506 0.404697 0.399227 0.394981 -9999 -9999 -9999 0.413394 0.425541 0.429772 0.436943 0.451319 0.464915 0.475245 0.488659 0.50848 0.529059 0.538381 0.548067 0.567156 0.595868 0.615612 0.639157 0.655318 0.665863 0.687823 0.699694 0.708176 0.713417 0.715678 0.716739 0.71672 0.714915 0.708865 0.677357 0.662957 0.653058 0.647502 -9999 -9999
-9999 -9999 -9999 -9999 0.295013 0.306537 0.317698 0.333915 0.342757 0.3541 0.369079 0.381636 0.387318 0.388433 0.394935 0.397456 0.399105 0.399599 0.39919 0.390908 0.379127 0.367539 0.363275 0.374877 0.368102 0.392089 0.404909 0.406559 0.409106 0.398271 0.400925 0.408405 0.398421 0.386198 -9999 -9999 0.391711 0.411538 0.426534 0.436195 0.44245 0.448247 0.463869 0.473381 0.493062 0.510497 0.52262 0.540277 0.552817 0.574501 0.612097 0.630914 0.664079 0.67896 0.693213 0.704626 0.716015 0.723655 0.728744 0.731476 0.730897 0.730584 0.72846 0.723012 0.705428 0.695213 0.694545 0.666398 -9999 -9999
-9999 -9999 -9999 -9999 0.303427 0.316084 0.329379 0.338751 0.350756 0.357055 0.36929 0.381008 0.390973 0.393152 0.395052 0.400972 0.402682 0.403562 0.40375 0.395685 0.3863 0.371974 0.363918 0.366211 0.365235 0.38408 0.393772 0.398474 0.402589 0.409708 0.409842 0.411684 0.40564 0.39277 0.385115 -9999 0.391289 0.40054 0.417435 0.433043 0.445263 0.447934 0.464986 0.476144 0.498755 0.509594 0.527387 0.557478 0.576068 0.594288 0.619923 0.645659 0.67682 0.694945 0.706233 0.719111 0.729733 0.737522 0.742655 0.745322 0.745562 0.743906 0.740612 0.735832 0.725096 0.722755 0.704736 0.674456 -9999 -9999
-9999 -9999 -9999 0.277935 0.303718 0.319936 0.331914 0.34314 0.353971 0.363966 0.3782 0.385666 0.39261 0.398653 0.395837 0.398915 0.401745 0.406366 0.406671 0.406266 0.401193 0.383299 0.382873 0.381505 0.373273 0.385833 0.394612 0.410808 0.41628 0.415125 0.41261 0.412275 0.408365 0.399879 0.38252 0.384538 0.393433 0.400371 0.411857 0.429945 0.444827 0.455404 0.464961 0.482831 0.497783 0.523263 0.545271 0.563359 0.580583 0.600951 0.621747 0.645983 0.677389 0.704758 0.722002 0.73118 0.74213 0.75012 0.755246 0.757668 0.757518 0.755145 0.751421 0.746738 0.748328 0.735116 0.724596 0.70519 -9999 -9999
-9999 -9999 -9999 -9999 0.302337 0.315034 0.325569 0.336733 0.349237 0.361806 0.379677 0.387285 0.395933 0.400618 0.399671 0.395715 0.402697 0.405631 0.408192 0.408383 0.407912 0.399459 0.394154 0.391272 0.383752 0.405362 0.415922 0.422675 0.426384 0.417765 0.408507 0.401606 0.388506 0.389007 0.381345 0.386283 0.39161 0.406293 0.417373 0.423518 0.430163 0.451873 0.466593 0.489811 0.509727 0.522063 0.547979 0.565117 0.588392 0.610319 0.632521 0.64249 0.683383 0.70211 0.725649 0.745072 0.752947 0.760938 0.765954 0.767906 0.767287 0.764472 0.760229 0.759946 0.765721 0.757988 0.727573 0.710813 -9999 -9999
-9999 -9999 -9999 -9999 -9999 -9999 0.324476 0.336988 0.348385 0.360484 0.381782 0.391096 0.39856 0.403484 0.404623 0.401078 0.400693 0.40238 0.396339 0.402651 0.412481 0.414581 0.416755 0.406691 0.414531 0.428065 0.432791 0.429077 0.427201 0.424838 0.413163 0.410083 0.3945 0.382246 0.381779 0.395729 0.407377 0.421764 0.428632 0.426491 0.434031 0.454279 0.474511 0.492966 0.508637 0.521712 0.549124 0.565182 0.594786 0.618779 0.639072 0.659153 0.689931 0.712374 0.730181 0.74985 0.762035 0.769478 0.774146 0.775818 0.774793 0.771604 0.774508 0.772293 0.770191 0.768292 0.737222 0.711868 -9999 -9999
-9999 -9999 -9999 -9999 -9999 -9999 0.320658 0.332414 0.346312 0.365853 0.384067 0.393256 0.399111 0.404803 0.406553 0.403328 0.398971 0.394037 0.387836 0.392732 0.404764 0.41327 0.417113 0.408904 0.429999 0.434539 0.436878 0.43011 0.426491 0.426922 0.415879 0.411038 0.401103 0.385645 0.392233 0.398915 0.407554 0.423199 0.434235 0.441154 0.442738 0.456184 0.47818 0.492859 0.504529 0.524645 0.550053 0.56455 0.597804 0.624589 0.646421 0.670196 0.699458 0.719821 0.738917 0.755119 0.767439 0.77515 0.779406 0.780801 0.779612 0.779602 0.777613 0.77564 0.773784 0.772297 0.752166 0.715751 -9999 -9999
-9999 -9999 -9999 -9999 -9999 -9999 -9999 0.327686 0.346558 0.369317 0.385479 0.392117 0.400659 0.405474 0.406182 0.406085 0.400396 0.391463 0.3739 0.3795 0.390781 0.407091 0.417636 0.420679 0.431479 0.43145 0.421497 0.41346 0.418052 0.421325 0.414523 0.41268 0.401299 0.409248 0.417 0.424927 0.428411 0.426269 0.435711 0.445617 0.447579 0.462364 0.481498 0.493142 0.50894 0.527442 0.552627 0.57613 0.600865 0.630549 0.651023 0.67659 0.706674 0.725423 0.743062 0.758065 0.770065 0.777615 0.781796 0.783136 0.782547 0.781379 0.779682 0.777978 0.776556 0.775542 0.773459 0.753303 0.74262 -9999
-9999 -9999 -9999 -9999 -9999 -9999 -9999 0.321358 0.335532 0.3605 0.378069 0.391747 0.401032 0.405611 0.404377 0.404727 0.395638 0.392664 0.376465 0.370191 0.378415 0.37854 0.400991 0.421985 0.433377 0.406311 0.401011 0.399018 0.407609 0.413258 0.414756 0.405542 0.402106 0.418528 0.428134 0.434904 0.439643 0.441055 0.440607 0.454922 0.462045 0.474625 0.485724 0.501139 0.512864 0.529255 0.561708 0.581525 0.604999 0.6346 0.65304 0.680822 0.70997 0.726947 0.742824 0.759176 0.769986 0.777403 0.78269 0.783423 0.783091 0.781977 0.780915 0.779782 0.778841 0.778547 0.778579 0.775188 0.766314 0.764025
-9999 -9999 -9999 -9999 -9999 -9999 -9999 -9999 0.322272 0.352989 0.375511 0.387162 0.399893 0.405003 0.409334 0.405982 0.396126 0.387444 0.373198 0.357246 0.350692 0.380457 0.407473 0.423929 0.437733 0.416263 0.411976 0.418121 0.430897 0.430828 0.431234 0.426475 0.423921 0.418754 0.421892 0.433181 0.443823 0.450643 0.45696 0.459985 0.469422 0.480953 0.493064 0.508701 0.525548 0.544764 0.567651 0.59473 0.614743 0.640019 0.661843 0.682904 0.711154 0.725455 0.743092 0.757784 0.768062 0.779713 0.782052 0.783089 0.783172 0.78274 0.781706 0.781268 0.781166 0.781413 0.782208 0.781278 0.781314 0.776795
-9999 -9999 -9999 -9999 -9999 -9999 -9999 -9999 0.312665 0.342759 0.365571 0.385114 0.400908 0.410251 0.411547 0.409149 0.401991 0.390772 0.381749 0.364043 0.346169 0.377257 0.4072 0.425024 0.430451 0.424478 0.437769 0.438872 0.447008 0.442556 0.443001 0.448925 0.443503 0.436487 0.430252 0.431305 0.448984 0.45805 0.466874 0.473652 0.481456 0.491089 0.502715 0.516211 0.524374 0.550251 0.577949 0.599305 0.620934 0.642894 0.664043 0.68417 0.71212 0.728611 0.740763 0.759982 0.774059 0.778432 0.781096 0.782449 0.782986 0.783233 0.783524 0.787583 0.783709 0.784661 0.786003 0.785456 0.786852 0.78803
-9999 -9999 -9999 -9999 -9999 -9999 -9999 -9999 0.283366 0.322797 0.365947 0.384238 0.404016 0.409478 0.41237 0.408964 0.406478 0.398911 0.392002 0.381077 0.364442 0.355604 0.380493 0.415411 0.432908 0.450232 0.455919 0.455916 0.456092 0.460526 0.465334 0.468413 0.464627 0.452586 0.458881 0.452625 0.465994 0.467551 0.467643 0.487324 0.493186 0.500774 0.505742 0.51412 0.5322 0.545645 0.576078 0.591665 0.617482 0.642544 0.664524 0.68395 0.711026 0.733939 0.746165 0.766612 0.772897 0.777258 0.780148 0.782 0.783195 0.784039 0.785069 0.786605 0.793186 0.796045 0.790367 0.790074 0.791844 0.793321
-9999 -9999 -9999 -9999 -9999 -9999 -9999 -9999 0.292112 0.332128 0.360304 0.385024 0.40137 0.406925 0.41325 0.413797 0.411409 0.405249 0.397428 0.388963 0.375182 0.366055 0.383629 0.408593 0.427723 0.452186 0.459129 0.464647 0.468736 0.477998 0.480449 0.489389 0.484049 0.48731 0.479786 0.469115 0.485081 0.487298 0.486554 0.498614 0.504234 0.500168 0.501423 0.513408 0.537309 0.549483 0.575518 0.588999 0.612495 0.642449 0.66618 0.684918 0.716887 0.731432 0.757526 0.765809 0.772013 0.776593 0.779826 0.782253 0.784168 0.785725 0.787499 0.789616 0.791971 0.801149 0.804627 0.804922 0.797259 0.799059
-9999 -9999 -9999 -9999 -9999 -9999 -9999 -9999 0.295715 0.325547 0.351039 0.382855 0.400035 0.408245 0.414411 0.416088 0.413371 0.411238 0.407153 0.400152 0.396403 0.388531 0.377096 0.405717 0.418417 0.444832 0.458513 0.471582 0.476938 0.478606 0.487032 0.493004 0.511188 0.502333 0.499237 0.494019 0.503554 0.504774 0.507049 0.510795 0.506442 0.500088 0.498815 0.51977 0.53234 0.55627 0.570016 0.605253 0.63287 0.654714 0.661429 0.674085 0.713085 0.74556 0.756551 0.765255 0.77202 0.776731 0.780593 0.783498 0.786023 0.788425 0.790872 0.793617 0.796626 0.799911 0.811108 0.811284 0.814208 0.828859
-9999 -9999 -9999 -9999 -9999 -9999 -9999 -9999 -9999 0.318842 0.358477 0.385395 0.40141 0.412087 0.418189 0.420014 0.419627 0.418978 0.417439 0.413306 0.407898 0.398154 0.392171 0.402305 0.415443 0.437054 0.447911 0.467973 0.478176 0.47598 0.472174 0.505901 0.518923 0.519803 0.519569 0.519245 0.517677 0.518441 0.518889 0.516236 0.500197 0.506207 0.507941 0.521342 0.53093 0.561666 0.583417 0.611476 0.633869 0.653172 0.660705 0.692055 0.738033 0.753445 0.761936 0.772121 0.772999 0.778197 0.782449 0.785926 0.789176 0.792295 0.795441 0.807845 0.81211 0.816611 0.830713 0.830635 0.833377 0.835733
-9999 -9999 -9999 -9999 -9999 -9999 -9999 -9999 -9999 0.326181 0.356323 0.38723 0.399131 0.410544 0.420408 0.422682 0.421392 0.420325 0.41934 0.418174 0.4111 0.404683 0.399048 0.399845 0.405835 0.428407 0.442006 0.466148 0.474858 0.477967 0.496838 0.493707 0.511167 0.525736 0.528341 0.528854 0.515936 0.521936 0.51773 0.511987 0.515735 0.519359 0.519318 0.535904 0.541639 0.559226 0.588728 0.610912 0.63021 0.653226 0.66059 0.689458 0.736516 0.752599 0.761788 0.775091 0.78345 0.789295 0.794016 0.798265 0.802273 0.806385 0.810535 0.814894 0.819453 0.823998 0.828183 0.842017 0.829486 0.83257
-9999 -9999 -9999 -9999 -9999 -9999 -9999 -9999 -9999 0.33284 0.354882 0.382633 0.403677 0.407599 0.418789 0.425596 0.424229 0.42245 0.420721 0.421566 0.413668 0.404993 0.39889 0.391274 0.397121 0.409401 0.44721 0.464481 0.471563 0.473639 0.503194 0.511145 0.524379 0.532417 0.536435 0.537654 0.537251 0.538873 0.537341 0.540321 0.538921 0.534265 0.538867 0.553156 0.551749 0.566096 0.585403 0.610969 0.635036 0.654205 0.65802 0.720765 0.742016 0.757226 0.770467 0.780202 0.787628 0.794602 0.799732 0.804533 0.809105 0.813597 0.818216 0.822802 0.827579 0.831468 0.834802 0.829588 0.835695 0.839795
-9999 -9999 -9999 -9999 -9999 -9999 -9999 -9999 -9999 0.339927 0.360011 0.384482 0.40041 0.40557 0.41784 0.428892 0.430369 0.428584 0.429868 0.428217 0.421995 0.415052 0.407401 0.405669 0.3971 0.41327 0.447738 0.462976 0.472574 0.506338 0.506598 0.517452 0.527902 0.533896 0.54408 0.547231 0.548475 0.542642 0.542675 0.550562 0.555417 0.559891 0.560324 0.570434 0.576308 0.58647 0.597514 0.620914 0.639643 0.653994 0.695583 0.734635 0.750921 0.764364 0.776347 0.785033 0.793277 0.801127 0.806849 0.812097 0.817073 0.82203 0.826878 0.831468 0.836235 0.839155 0.840279 0.837738 0.836606 0.848864
-9999 -9999 -9999 -9999 -9999 -9999 -9999 -9999 -9999 0.341516 0.362466 0.383842 0.394521 0.398741 0.418917 0.432207 0.434791 0.435359 0.435672 0.427594 0.431215 0.43222 0.425591 0.41458 0.402296 0.40765 0.438568 0.460683 0.469902 0.500178 0.500057 0.507658 0.522184 0.535429 0.549049 0.5554 0.556624 0.545752 0.534561 0.548243 0.563373 0.571313 0.577946 0.57974 0.588123 0.597599 0.604115 0.614394 0.63922 0.655172 0.724695 0.740333 0.757009 0.771742 0.779097 0.788259 0.79997 0.809077 0.815184 0.820847 0.826311 0.831522 0.836625 0.840965 0.845312 0.849018 0.843741 0.842438 0.831011 0.860126
-9999 -9999 -9999 -9999 -9999 -9999 -9999 -9999 -9999 0.340777 0.356931 0.377481 0.387591 0.401579 0.420883 0.4317 0.438242 0.440817 0.441966 0.439919 0.439961 0.437331 0.430242 0.419505 0.40734 0.400829 0.409946 0.454348 0.489826 0.496112 0.494747 0.506957 0.522616 0.543582 0.557368 0.563002 0.566733 0.568535 0.562066 0.553775 0.560825 0.575967 0.578658 0.581275 0.595731 0.606365 0.612436 0.62062 0.648743 0.691776 0.728737 0.743291 0.760806 0.780515 0.791192 0.799372 0.811023 0.818188 0.824689 0.830827 0.836523 0.84202 0.847363 0.852046 0.855801 0.854246 0.853639 0.850605 0.855073 0.877128
-9999 -9999 -9999 -9999 -9999 -9999 -9999 -9999 -9999 0.336361 0.354645 0.374102 0.392332 0.409565 0.424663 0.428392 0.437541 0.440233 0.446338 0.448192 0.446618 0.444856 0.439159 0.424324 0.412576 0.399587 0.407916 0.448219 0.500622 0.497735 0.487835 0.508176 0.529965 0.55007 0.563084 0.56128 0.572944 0.577673 0.578911 0.576589 0.570161 0.578182 0.576716 0.585723 0.601168 0.613897 0.624757 0.633753 0.647647 0.702307 0.736897 0.749834 0.766997 0.784834 0.801681 0.811714 0.821134 0.828543 0.835326 0.841727 0.847683 0.853245 0.858469 0.863213 0.862847 0.861435 0.862845 0.862704 0.867903 0.876552
