Test_Spring_2018/11_17/Prec/20171108_011.txt
ncols	170
nrows	115
xllcorner	350000.000000
yllcorner	4445000.000000
cellsize	1000.000000
nodata_value	-9999.000000
[rows 31 to 61 of 115, columns 70 to 139 of 170]
0.563826 0.577109 0.58415 0.580785 0.585983 0.611359 0.639463 0.645516 0.668466 0.672821 0.670935 0.674492 0.674138 0.668415 0.668495 0.652243 0.589986 0.609724 0.616958 0.596924 0.605081 0.618888 0.59999 0.551318 0.527555 0.492131 0.499947 0.507677 0.478251 -9999 -9999 -9999 -9999 -9999 -9999 -9999 -9999 -9999 -9999 -9999 -9999 -9999 -9999 -9999 -9999 -9999 -9999 -9999 -9999 -9999 -9999 -9999 -9999 -9999 -9999 -9999 -9999 -9999 -9999 -9999 -9999 -9999 -9999 -9999 -9999 -9999 -9999 -9999 -9999 -9999
0.54175 0.550379 0.554072 0.551695 0.567311 0.582657 0.604789 0.605812 0.646807 0.652093 0.651976 0.644379 0.644686 0.644389 0.645394 0.632128 0.588159 0.547832 0.570772 0.570944 0.554286 0.580215 0.563169 0.522153 0.465173 0.491535 0.480939 0.46499 0.454769 -9999 -9999 -9999 -9999 -9999 -9999 -9999 -9999 -9999 -9999 -9999 -9999 -9999 -9999 -9999 -9999 -9999 -9999 -9999 -9999 -9999 -9999 -9999 -9999 -9999 -9999 -9999 -9999 -9999 -9999 -9999 -9999 -9999 -9999 -9999 -9999 -9999 -9999 -9999 -9999 -9999
0.50459 0.52106 0.522388 0.524619 0.545903 0.5514 0.561593 0.590701 0.623982 0.630689 0.633168 0.631972 0.631243 0.629827 0.619999 0.603871 0.566393 0.520426 0.510662 0.534421 0.535502 0.538774 0.52458 0.506701 0.479169 0.499343 0.506333 0.484344 0.47409 0.445228 -9999 -9999 -9999 -9999 -9999 -9999 -9999 -9999 -9999 -9999 -9999 -9999 -9999 -9999 -9999 -9999 -9999 -9999 -9999 -9999 -9999 -9999 -9999 -9999 -9999 -9999 -9999 -9999 -9999 -9999 -9999 -9999 -9999 -9999 -9999 -9999 -9999 -9999 -9999 -9999
0.463018 0.488641 0.488876 0.479424 0.494955 0.508234 0.535954 0.578092 0.584567 0.607654 0.610631 0.613418 0.608704 0.605265 0.59727 0.581413 0.557547 0.528115 0.475303 0.510061 0.537334 0.537509 0.536738 0.525475 0.500596 0.521967 0.523114 0.500794 0.47742 0.455713 0.446652 -9999 -9999 -9999 -9999 -9999 -9999 -9999 -9999 -9999 -9999 -9999 -9999 -9999 -9999 -9999 -9999 -9999 -9999 -9999 -9999 -9999 -9999 -9999 -9999 -9999 -9999 -9999 -9999 -9999 -9999 -9999 -9999 -9999 -9999 -9999 -9999 -9999 -9999 -9999
-9999 0.452878 0.454071 0.441922 0.458072 0.477352 0.505548 0.541325 0.569165 0.578682 0.587835 0.590121 0.584467 0.562426 0.561 0.561866 0.546794 0.513125 0.479562 0.472388 0.514483 0.528049 0.527818 0.538792 0.519345 0.531251 0.528743 0.52473 0.488601 0.477293 0.464829 0.439278 -9999 -9999 -9999 -9999 -9999 -9999 -9999 -9999 -9999 -9999 -9999 -9999 -9999 -9999 -9999 -9999 -9999 -9999 -9999 -9999 -9999 -9999 -9999 -9999 -9999 -9999 -9999 -9999 -9999 -9999 -9999 -9999 -9999 -9999 -9999 -9999 -9999 -9999
-9999 -9999 -9999 -9999 0.41622 0.445538 0.479784 0.509846 0.544724 0.555934 0.566242 0.567956 0.553355 0.54686 0.547584 0.53796 0.520077 0.509793 0.489799 0.46925 0.481239 0.518704 0.507031 0.534748 0.536186 0.543953 0.530891 0.500476 0.469258 0.466859 0.456731 0.436926 -9999 -9999 -9999 -9999 -9999 -9999 -9999 -9999 -9999 -9999 -9999 -9999 -9999 -9999 -9999 -9999 -9999 -9999 -9999 -9999 -9999 -9999 -9999 -9999 -9999 -9999 -9999 -9999 -9999 -9999 -9999 -9999 -9999 -9999 -9999 -9999 -9999 -9999
-9999 -9999 -9999 -9999 -9999 0.424153 0.453775 0.483222 0.521383 0.52967 0.544044 0.545741 0.54063 0.536741 0.530692 0.522772 0.509509 0.495331 0.477033 0.478516 0.504395 0.509215 0.509538 0.518158 0.534389 0.536282 0.522863 0.474764 0.456563 0.438664 0.421476 0.425707 0.41344 -9999 -9999 -9999 -9999 -9999 -9999 -9999 -9999 -9999 -9999 -9999 -9999 0.496102 -9999 -9999 -9999 -9999 -9999 -9999 -9999 -9999 -9999 -9999 -9999 -9999 -9999 -9999 -9999 -9999 -9999 -9999 -9999 -9999 0.463258 -9999 -9999 -9999
-9999 -9999 -9999 -9999 0.38998 0.429883 0.44866 0.469636 0.483949 0.50833 0.524037 0.525265 0.521212 0.516259 0.505105 0.502776 0.495538 0.479953 0.47939 0.490587 0.498855 0.508308 0.51685 0.521509 0.523527 0.524042 0.511501 0.497941 0.490371 0.45985 0.459057 0.441457 0.412767 0.390385 -9999 -9999 -9999 -9999 -9999 -9999 -9999 0.461261 0.46339 0.467622 0.478466 0.501594 0.495148 -9999 -9999 -9999 -9999 -9999 -9999 -9999 -9999 -9999 -9999 -9999 -9999 -9999 -9999 -9999 -9999 -9999 -9999 -9999 0.481612 0.457098 -9999 -9999
-9999 -9999 -9999 -9999 0.392569 0.417221 0.432946 0.453902 0.467234 0.494997 0.501286 0.506208 0.505024 0.498712 0.489608 0.489496 0.478654 0.474341 0.473154 0.487435 0.4952 0.498193 0.500924 0.504628 0.500582 0.507112 0.508808 0.503959 0.490236 0.475077 0.471264 0.432714 0.394216 0.363094 -9999 -9999 -9999 -9999 -9999 -9999 0.456587 0.475289 0.488239 0.472451 0.493939 0.514329 0.517007 0.498552 -9999 -9999 -9999 -9999 -9999 -9999 -9999 -9999 -9999 -9999 -9999 -9999 -9999 -9999 0.599227 0.574236 0.523578 0.497506 0.481794 0.459464 -9999 -9999
-9999 -9999 -9999 -9999 0.372577 0.401011 0.42214 0.440224 0.447299 0.471747 0.48577 0.48792 0.486396 0.483642 0.480565 0.469593 0.465519 0.45199 0.470041 0.474604 0.477572 0.470876 0.473423 0.457727 0.456304 0.461124 0.492225 0.485861 0.461636 0.428288 0.400538 0.407305 0.394293 0.366947 -9999 -9999 -9999 -9999 -9999 -9999 0.456164 0.476138 0.49396 0.500459 0.485697 0.518692 0.514904 0.506003 0.509189 0.528549 0.541566 0.556215 0.574959 0.583745 0.580772 0.591534 -9999 -9999 -9999 -9999 0.604374 0.605745 0.606588 0.596036 0.540542 0.50252 0.468365 0.467309 -9999 -9999
-9999 -9999 -9999 -9999 0.369858 0.392295 0.407536 0.416087 0.43152 0.453459 0.468073 0.473525 0.47052 0.467557 0.464728 0.459612 0.451264 0.45416 0.456944 0.457693 0.437072 0.413298 0.437371 0.427922 0.386645 0.440759 0.470662 0.463634 0.433791 0.39652 0.402816 0.413734 0.39476 0.372377 -9999 -9999 -9999 0.402244 0.427651 0.431811 0.441617 0.467366 0.488515 0.502826 0.516971 0.510901 0.512298 0.50432 0.495248 0.508478 0.54526 0.559468 0.582274 0.591675 0.58956 0.599215 0.609766 0.61592 0.618274 0.617451 0.617636 0.618546 0.617613 0.607716 0.555281 0.526532 0.508078 0.465701 -9999 -9999
-9999 -9999 -9999 -9999 0.361685 0.383463 0.401334 0.414481 0.421461 0.433081 0.445804 0.458437 0.456294 0.444146 0.447869 0.444471 0.442221 0.440527 0.439844 0.422098 0.397606 0.374828 0.370884 0.379139 0.36654 0.400318 0.431409 0.436897 0.430618 0.399032 0.401117 0.409489 0.379496 0.345263 -9999 -9999 0.350386 0.397079 0.430643 0.449242 0.457157 0.461283 0.487103 0.494061 0.522988 0.513976 0.494136 0.505041 0.497963 0.513712 0.537448 0.547687 0.580534 0.599031 0.606052 0.609614 0.617439 0.620601 0.622369 0.623179 0.62024 0.621886 0.621941 0.615516 0.579273 0.56138 0.543787 0.471173 -9999 -9999
-9999 -9999 -9999 -9999 0.359536 0.38331 0.405769 0.415547 0.429514 0.421496 0.425728 0.436155 0.443049 0.432521 0.423855 0.428608 0.426493 0.426178 0.427802 0.411744 0.39468 0.366527 0.354593 0.343833 0.346806 0.362586 0.385891 0.39563 0.403101 0.417619 0.416566 0.411724 0.39355 0.357997 0.336769 -9999 0.349073 0.370267 0.40965 0.444029 0.467433 0.463699 0.492672 0.502817 0.514347 0.512936 0.505422 0.510964 0.518499 0.524231 0.548472 0.565493 0.590424 0.600965 0.610584 0.615934 0.620505 0.623355 0.625185 0.626392 0.62661 0.626374 0.625255 0.622414 0.605328 0.589062 0.550991 0.474774 -9999 -9999
-9999 -9999 -9999 0.295764 0.349013 0.381179 0.399492 0.412914 0.422702 0.42829 0.436586 0.42885 0.427185 0.425907 0.404719 0.40198 0.402709 0.412201 0.414815 0.419046 0.414032 0.378168 0.367184 0.364371 0.3486 0.358625 0.380021 0.419163 0.430507 0.424666 0.415244 0.406371 0.396254 0.373462 0.32843 0.333135 0.355176 0.371714 0.398472 0.439873 0.470415 0.486635 0.496243 0.504824 0.516133 0.517372 0.517966 0.522232 0.522759 0.530363 0.538936 0.55688 0.581008 0.603074 0.61359 0.618931 0.623293 0.626189 0.628107 0.629328 0.629641 0.629008 0.628427 0.627533 0.626939 0.603139 0.542702 0.491951 -9999 -9999
-9999 -9999 -9999 -9999 0.336013 0.358707 0.372632 0.385007 0.398001 0.40898 0.42542 0.422958 0.424054 0.413263 0.397085 0.376431 0.387699 0.393248 0.402093 0.408555 0.416016 0.387428 0.380634 0.379633 0.366077 0.400549 0.426702 0.442333 0.449606 0.425407 0.399553 0.375103 0.341299 0.342493 0.324537 0.337442 0.351654 0.38882 0.415484 0.427437 0.437556 0.481835 0.492233 0.505003 0.522531 0.516471 0.524609 0.523302 0.535903 0.544309 0.553414 0.532522 0.578417 0.585872 0.609881 0.622205 0.626346 0.629045 0.630936 0.631609 0.631697 0.63113 0.630547 0.630343 0.627953 0.61189 0.537429 0.493621 -9999 -9999
-9999 -9999 -9999 -9999 -9999 -9999 0.360695 0.375802 0.385297 0.394358 0.418833 0.420115 0.417753 0.41118 0.398374 0.376976 0.369788 0.372429 0.359915 0.381079 0.40579 0.417529 0.429772 0.410824 0.416598 0.451387 0.462953 0.452384 0.445865 0.437855 0.40643 0.392488 0.353271 0.323236 0.323632 0.360804 0.39222 0.429544 0.446323 0.437892 0.450511 0.473203 0.500895 0.518147 0.522959 0.516477 0.526438 0.519809 0.545813 0.556966 0.558925 0.561397 0.580235 0.595659 0.604173 0.623093 0.629603 0.631804 0.633168 0.633707 0.633493 0.632794 0.631675 0.630399 0.62903 0.627266 0.550666 0.485087 -9999 -9999
-9999 -9999 -9999 -9999 -9999 -9999 0.343412 0.356233 0.371706 0.399264 0.415797 0.416698 0.410272 0.405693 0.394531 0.375079 0.357415 0.343507 0.328807 0.344856 0.380554 0.40834 0.42467 0.410284 0.450021 0.462035 0.467573 0.449402 0.438698 0.438065 0.408681 0.390973 0.366709 0.329362 0.348357 0.367983 0.39239 0.433607 0.461374 0.474093 0.465884 0.482141 0.51334 0.519814 0.513034 0.522647 0.526149 0.513796 0.547304 0.563916 0.568331 0.578882 0.593095 0.602637 0.614029 0.624077 0.631027 0.633469 0.63449 0.634757 0.634522 0.633831 0.632518 0.63135 0.629916 0.628393 0.578581 0.484671 -9999 -9999
-9999 -9999 -9999 -9999 -9999 -9999 -9999 0.337967 0.366072 0.401962 0.413601 0.40851 0.409347 0.403033 0.389665 0.378436 0.357798 0.333649 0.290689 0.308291 0.341771 0.388854 0.421677 0.435285 0.448887 0.449142 0.423551 0.402176 0.412305 0.419073 0.400723 0.391 0.363591 0.385819 0.408265 0.431496 0.443282 0.439872 0.463702 0.483922 0.477625 0.496828 0.520188 0.518243 0.521017 0.525658 0.527884 0.537443 0.54877 0.57215 0.572756 0.587618 0.603894 0.609565 0.617614 0.625063 0.63166 0.634126 0.635143 0.635533 0.634841 0.634278 0.63303 0.631625 0.63021 0.628745 0.623366 0.569771 0.54038 -9999
-9999 -9999 -9999 -9999 -9999 -9999 -9999 0.31719 0.333936 0.376082 0.391953 0.405536 0.409173 0.403125 0.385572 0.375345 0.345244 0.336545 0.297128 0.283748 0.308967 0.314591 0.376787 0.435054 0.449331 0.381036 0.366963 0.360743 0.380986 0.393875 0.396667 0.36847 0.361371 0.405212 0.432518 0.452932 0.467891 0.470626 0.470233 0.5013 0.507833 0.521205 0.524044 0.531393 0.523738 0.522987 0.5436 0.544103 0.552631 0.57633 0.572493 0.593777 0.608441 0.610653 0.615267 0.627048 0.631411 0.634077 0.635126 0.635157 0.634603 0.633589 0.632887 0.631648 0.630055 0.62901 0.627668 0.615482 0.589888 0.580592
-9999 -9999 -9999 -9999 -9999 -9999 -9999 -9999 0.297836 0.35556 0.384918 0.394682 0.408293 0.404743 0.392687 0.377585 0.348754 0.325531 0.290669 0.253474 0.238833 0.318413 0.391287 0.437309 0.456291 0.40169 0.389881 0.404019 0.434759 0.433245 0.433347 0.416192 0.411338 0.400669 0.411512 0.43701 0.461981 0.483939 0.500037 0.502183 0.514132 0.524995 0.530501 0.538736 0.544536 0.551655 0.548943 0.569001 0.570181 0.584499 0.590864 0.596965 0.610758 0.607934 0.618563 0.627495 0.631525 0.633701 0.634395 0.634725 0.634436 0.633544 0.63207 0.631051 0.629981 0.628754 0.627936 0.621001 0.617073 0.601657
-9999 -9999 -9999 -9999 -9999 -9999 -9999 -9999 0.272292 0.329799 0.361086 0.392309 0.398237 0.40704 0.401746 0.389415 0.367481 0.337655 0.315484 0.27314 0.231608 0.308667 0.389393 0.437969 0.454804 0.41804 0.450237 0.451433 0.47033 0.457674 0.457804 0.467108 0.454805 0.439157 0.415149 0.409053 0.460489 0.487015 0.508549 0.519559 0.527122 0.532965 0.537189 0.541756 0.526791 0.552157 0.563048 0.570733 0.578204 0.586502 0.593608 0.59986 0.614761 0.619694 0.618469 0.629259 0.630677 0.632499 0.633584 0.633909 0.633649 0.63312 0.632334 0.631748 0.629635 0.628605 0.627756 0.620867 0.61956 0.618002
-9999 -9999 -9999 -9999 -9999 -9999 -9999 -9999 0.198061 0.280628 0.339616 0.372403 0.404895 0.408907 0.408248 0.393722 0.383622 0.362746 0.345352 0.319312 0.279923 0.260799 0.319286 0.409845 0.4583 0.478571 0.491234 0.489376 0.487997 0.497581 0.508527 0.509909 0.48247 0.456781 0.45517 0.446446 0.4854 0.491569 0.489971 0.532818 0.535242 0.536181 0.524741 0.514763 0.524979 0.524857 0.544622 0.540418 0.56126 0.58029 0.592466 0.599934 0.614755 0.620999 0.624386 0.627407 0.629814 0.631352 0.632317 0.632839 0.632883 0.632318 0.631775 0.63158 0.630747 0.630107 0.627607 0.620567 0.619432 0.618101
-9999 -9999 -9999 -9999 -9999 -9999 -9999 -9999 0.192446 0.269629 0.327796 0.370682 0.401569 0.4066 0.415172 0.410922 0.401074 0.383442 0.363156 0.342495 0.309312 0.288378 0.334953 0.390616 0.440234 0.475629 0.494369 0.506157 0.514401 0.50991 0.51645 0.532964 0.522634 0.504336 0.491209 0.469408 0.513072 0.519305 0.514367 0.537237 0.53884 0.510759 0.4909 0.493224 0.517433 0.510733 0.519383 0.521621 0.539743 0.574322 0.575067 0.583986 0.612811 0.61941 0.622914 0.626276 0.628512 0.630146 0.631089 0.631817 0.63219 0.631799 0.631485 0.631173 0.630463 0.629956 0.629393 0.621755 0.618747 0.6177
-9999 -9999 -9999 -9999 -9999 -9999 -9999 -9999 0.178369 0.254468 0.307 0.367574 0.401426 0.413858 0.422526 0.42137 0.41065 0.402846 0.391397 0.373624 0.364793 0.345996 0.318357 0.391663 0.413692 0.452096 0.454843 0.485181 0.496812 0.5 0.51708 0.533649 0.544807 0.526293 0.522308 0.512216 0.537734 0.539791 0.541204 0.542349 0.518631 0.485221 0.460037 0.486593 0.488109 0.508609 0.488915 0.521501 0.549668 0.564116 0.559882 0.556528 0.604812 0.612514 0.619082 0.623879 0.627385 0.628729 0.630231 0.630833 0.631212 0.631342 0.631132 0.630912 0.630512 0.630073 0.629427 0.621485 0.620282 0.618488
-9999 -9999 -9999 -9999 -9999 -9999 -9999 -9999 -9999 0.213778 0.2937 0.352786 0.385417 0.405686 0.41552 0.415615 0.411083 0.406698 0.400714 0.388661 0.373706 0.347994 0.331844 0.356363 0.374769 0.398442 0.422479 0.470217 0.493698 0.486596 0.465684 0.508188 0.542981 0.547595 0.549265 0.549876 0.550873 0.550158 0.545743 0.530036 0.476703 0.468022 0.450346 0.458057 0.452519 0.488642 0.489864 0.522772 0.541224 0.552629 0.535935 0.560468 0.591115 0.606079 0.607604 0.617081 0.625981 0.627806 0.62919 0.629876 0.630586 0.630987 0.63106 0.630651 0.630389 0.630121 0.629186 0.620788 0.617805 0.61567
-9999 -9999 -9999 -9999 -9999 -9999 -9999 -9999 -9999 0.221994 0.288778 0.35832 0.38084 0.403095 0.422408 0.423489 0.41641 0.410596 0.405559 0.40049 0.380809 0.362962 0.347181 0.347662 0.361259 0.370844 0.401655 0.459435 0.47877 0.484522 0.471954 0.4636 0.507829 0.545026 0.551817 0.552517 0.517887 0.528878 0.511425 0.486902 0.48278 0.474638 0.453559 0.470918 0.457751 0.471806 0.485128 0.506361 0.52015 0.543954 0.529657 0.549373 0.578838 0.596191 0.599602 0.616561 0.623756 0.626722 0.6283 0.629462 0.630176 0.630839 0.630968 0.630878 0.630608 0.629845 0.628067 0.622534 0.585642 0.584843
-9999 -9999 -9999 -9999 -9999 -9999 -9999 -9999 -9999 0.238536 0.285274 0.347152 0.392921 0.396351 0.41896 0.431315 0.42377 0.415807 0.408473 0.408013 0.385768 0.361742 0.344306 0.323108 0.335913 0.364983 0.408609 0.448804 0.463656 0.466292 0.475577 0.493781 0.525725 0.544662 0.553153 0.553799 0.549041 0.547554 0.535786 0.532664 0.515467 0.486882 0.478478 0.491481 0.462143 0.470195 0.488908 0.491124 0.51965 0.53634 0.515475 0.554115 0.581952 0.597546 0.61112 0.618571 0.622536 0.627201 0.628499 0.629686 0.630507 0.630931 0.631222 0.630858 0.630451 0.627448 0.622979 0.597232 0.576357 0.577507
-9999 -9999 -9999 -9999 -9999 -9999 -9999 -9999 -9999 0.255851 0.297906 0.351688 0.384651 0.391208 0.416453 0.439334 0.438701 0.430391 0.430273 0.4231 0.404654 0.38456 0.362791 0.35602 0.332053 0.370536 0.403597 0.438401 0.459236 0.474804 0.471934 0.496197 0.519666 0.531863 0.554263 0.558172 0.55609 0.534554 0.525813 0.534548 0.533049 0.527871 0.509761 0.513424 0.503984 0.503266 0.503098 0.500599 0.517843 0.524439 0.531505 0.575471 0.591398 0.602699 0.612842 0.617016 0.62212 0.62786 0.629406 0.63046 0.631103 0.631637 0.631592 0.630482 0.629416 0.623402 0.612778 0.593112 0.551205 0.572174
-9999 -9999 -9999 -9999 -9999 -9999 -9999 -9999 -9999 0.258968 0.303311 0.349341 0.369062 0.373184 0.418241 0.446574 0.448479 0.445802 0.442897 0.419151 0.425158 0.424734 0.405165 0.374612 0.340895 0.351713 0.393058 0.425914 0.445436 0.448403 0.443631 0.458572 0.491059 0.520182 0.549852 0.560466 0.557091 0.521803 0.48398 0.506894 0.531236 0.535086 0.533242 0.516858 0.514922 0.51383 0.50371 0.486285 0.502689 0.514805 0.561994 0.574502 0.591646 0.606066 0.604065 0.608688 0.621563 0.629368 0.63072 0.631683 0.632504 0.63275 0.632562 0.63016 0.627449 0.622853 0.59546 0.578158 0.54363 0.56989
-9999 -9999 -9999 -9999 -9999 -9999 -9999 -9999 -9999 0.255857 0.288051 0.331927 0.350111 0.378739 0.421425 0.443312 0.454963 0.457083 0.456001 0.447167 0.443835 0.433924 0.412868 0.382673 0.348908 0.329427 0.349398 0.403213 0.434558 0.427821 0.419079 0.444679 0.478953 0.52642 0.555356 0.563056 0.565004 0.560852 0.534328 0.501455 0.505331 0.527534 0.51618 0.502512 0.516694 0.519424 0.509128 0.50303 0.512098 0.519369 0.555258 0.565159 0.584249 0.610771 0.616459 0.61772 0.629434 0.631268 0.632547 0.633703 0.634217 0.634416 0.634186 0.632086 0.627356 0.608922 0.592637 0.570106 0.566559 0.579882
-9999 -9999 -9999 -9999 -9999 -9999 -9999 -9999 -9999 0.243091 0.280451 0.321367 0.359834 0.396443 0.428314 0.432107 0.450117 0.45231 0.463502 0.464273 0.456625 0.448653 0.430843 0.390021 0.356991 0.320817 0.338405 0.401431 0.435688 0.42231 0.391309 0.436603 0.485467 0.529854 0.555944 0.544031 0.565237 0.567844 0.560303 0.542214 0.512003 0.516331 0.494724 0.497522 0.514613 0.523062 0.525258 0.521558 0.515654 0.528989 0.558215 0.563661 0.581273 0.6023 0.622633 0.627558 0.632594 0.634014 0.635046 0.636019 0.636471 0.636246 0.635224 0.632839 0.617257 0.598634 0.586714 0.570506 0.567519 0.585418
