Test_Spring_2018/11_17/Prec/20171127_001.txt
ncols	170
nrows	115
xllcorner	350000.000000
yllcorner	4445000.000000
cellsize	1000.000000
nodata_value	-9999.000000
[rows 32 to 63 of 115, columns 72 to 143 of 170]
1.17524 1.17238 1.18162 1.18996 1.17287 1.18216 1.20093 1.20091 1.19672 1.18711 1.18314 1.17906 1.17647 1.16465 1.13221 1.10345 1.12033 1.1223 1.1134 1.13525 1.12743 1.10307 1.06757 1.09059 1.0873 1.03735 1.0301 -9999 -9999 -9999 -9999 -9999 -9999 -9999 -9999 -9999 -9999 -9999 -9999 -9999 -9999 -9999 -9999 -9999 -9999 -9999 -9999 -9999 -9999 -9999 -9999 -9999 -9999 -9999 -9999 -9999 -9999 -9999 -9999 -9999 -9999 -9999 -9999 -9999 -9999 -9999 -9999 -9999 -9999 -9999 -9999 -9999
1.18983 1.18908 1.20143 1.20232 1.19509 1.20394 1.21955 1.22135 1.22012 1.21633 1.21301 1.20948 1.20042 1.18741 1.15994 1.12713 1.12042 1.13791 1.13998 1.14406 1.1362 1.12597 1.10906 1.12571 1.13298 1.10525 1.06618 1.06184 -9999 -9999 -9999 -9999 -9999 -9999 -9999 -9999 -9999 -9999 -9999 -9999 -9999 -9999 -9999 -9999 -9999 -9999 -9999 -9999 -9999 -9999 -9999 -9999 -9999 -9999 -9999 -9999 -9999 -9999 -9999 -9999 -9999 -9999 -9999 -9999 -9999 -9999 -9999 -9999 -9999 -9999 -9999 -9999
1.2034 1.19331 1.20074 1.20656 1.2172 1.22463 1.22681 1.24088 1.24103 1.24128 1.23648 1.23279 1.2261 1.21406 1.19655 1.17527 1.13769 1.16187 1.18091 1.18103 1.18063 1.17297 1.15586 1.17141 1.17282 1.13476 1.1076 1.09235 1.08598 -9999 -9999 -9999 -9999 -9999 -9999 -9999 -9999 -9999 -9999 -9999 -9999 -9999 -9999 -9999 -9999 -9999 -9999 -9999 -9999 -9999 -9999 -9999 -9999 -9999 -9999 -9999 -9999 -9999 -9999 -9999 -9999 -9999 -9999 -9999 -9999 -9999 -9999 -9999 -9999 -9999 -9999 -9999
1.21587 1.20274 1.2097 1.21917 1.2406 1.24837 1.25074 1.25596 1.26145 1.26254 1.25837 1.24283 1.24182 1.24231 1.23136 1.20702 1.18241 1.17606 1.2041 1.21189 1.20991 1.21585 1.20054 1.20751 1.20463 1.19082 1.16563 1.13092 1.12147 1.10305 -9999 -9999 -9999 -9999 -9999 -9999 -9999 -9999 -9999 -9999 -9999 -9999 -9999 -9999 -9999 -9999 -9999 -9999 -9999 -9999 -9999 -9999 -9999 -9999 -9999 -9999 -9999 -9999 -9999 -9999 -9999 -9999 -9999 -9999 -9999 -9999 -9999 -9999 -9999 -9999 -9999 -9999
-9999 -9999 1.21445 1.23343 1.25584 1.25831 1.26757 1.27465 1.28194 1.28382 1.27465 1.27131 1.2729 1.26681 1.25428 1.24633 1.23072 1.21394 1.21938 1.24225 1.23027 1.24595 1.2433 1.24545 1.23344 1.21852 1.17514 1.14682 1.1384 1.12369 -9999 -9999 -9999 -9999 -9999 -9999 -9999 -9999 -9999 -9999 -9999 -9999 -9999 -9999 -9999 -9999 -9999 -9999 -9999 -9999 -9999 -9999 -9999 -9999 -9999 -9999 -9999 -9999 -9999 -9999 -9999 -9999 -9999 -9999 -9999 -9999 -9999 -9999 -9999 -9999 -9999 -9999
-9999 -9999 -9999 1.24904 1.26916 1.28692 1.28394 1.28963 1.30077 1.30388 1.30272 1.30253 1.30051 1.29648 1.28765 1.27695 1.26202 1.25974 1.27353 1.27168 1.26617 1.26635 1.27207 1.26815 1.2418 1.2242 1.20687 1.14968 1.13573 1.13769 1.12868 -9999 -9999 -9999 -9999 -9999 -9999 -9999 -9999 -9999 -9999 -9999 -9999 1.13392 -9999 -9999 -9999 -9999 -9999 -9999 -9999 -9999 -9999 -9999 -9999 -9999 -9999 -9999 -9999 -9999 -9999 -9999 -9999 -9999 0.949801 -9999 -9999 -9999 -9999 -9999 -9999 -9999
-9999 -9999 1.26038 1.28689 1.29524 1.30691 1.29821 1.30639 1.31951 1.32358 1.32458 1.32504 1.32067 1.32151 1.31745 1.3058 1.30287 1.30645 1.30643 1.30608 1.30436 1.29966 1.29328 1.28642 1.27942 1.26289 1.25183 1.20716 1.18343 1.16989 1.14947 1.13407 -9999 -9999 -9999 -9999 -9999 -9999 -9999 1.16462 1.15784 1.15134 1.14852 1.15364 1.13751 -9999 -9999 -9999 -9999 -9999 -9999 -9999 -9999 -9999 -9999 -9999 -9999 -9999 -9999 -9999 -9999 -9999 -9999 -9999 0.967493 0.945728 -9999 -9999 -9999 -9999 -9999 -9999
-9999 -9999 1.29618 1.30603 1.31161 1.32309 1.33144 1.32674 1.33431 1.34233 1.34684 1.34784 1.34625 1.34968 1.3437 1.34009 1.3363 1.3411 1.33932 1.33266 1.32484 1.31732 1.30455 1.29991 1.29983 1.28791 1.27129 1.25528 1.21207 1.18374 1.15668 1.13563 -9999 -9999 -9999 -9999 -9999 -9999 1.19069 1.19609 1.19576 1.17376 1.17684 1.17831 1.16682 1.14575 -9999 -9999 -9999 -9999 -9999 -9999 -9999 -9999 -9999 -9999 -9999 -9999 -9999 -9999 1.07129 1.0501 1.0105 0.987836 0.972108 0.951424 -9999 -9999 -9999 -9999 -9999 -9999
-9999 -9999 1.30879 1.32025 1.32897 1.3382 1.34236 1.35584 1.35186 1.35932 1.36516 1.37022 1.37428 1.37119 1.37067 1.36077 1.37015 1.36722 1.3607 1.34547 1.33551 1.3122 1.29912 1.29849 1.30871 1.29418 1.26893 1.23923 1.19872 1.18443 1.17568 1.15792 -9999 -9999 -9999 -9999 -9999 -9999 1.21269 1.21818 1.22012 1.21236 1.18826 1.19677 1.18469 1.16152 1.14706 1.14457 1.13853 1.11262 1.10567 1.10276 1.09313 1.09457 -9999 -9999 -9999 -9999 1.08577 1.08386 1.0813 1.0703 1.02721 0.995909 0.966862 0.959644 -9999 -9999 -9999 -9999 -9999 -9999
-9999 -9999 1.33101 1.33717 1.34106 1.34332 1.35353 1.36705 1.36525 1.38303 1.38872 1.39459 1.39974 1.40156 1.39859 1.40051 1.39908 1.39308 1.36929 1.34116 1.34531 1.31716 1.29646 1.30461 1.31221 1.29566 1.26522 1.23185 1.21618 1.20583 1.19334 1.18177 -9999 -9999 -9999 1.21033 1.22663 1.22565 1.22614 1.23538 1.23912 1.23251 1.22705 1.22568 1.19467 1.1702 1.14518 1.13652 1.14548 1.13996 1.11441 1.11119 1.10172 1.10234 1.10506 1.10576 1.10457 1.10159 1.09945 1.0977 1.0943 1.08409 1.04198 1.01704 0.998729 0.961402 -9999 -9999 -9999 -9999 -9999 -9999
-9999 -9999 1.34646 1.35155 1.35693 1.36796 1.37232 1.38298 1.39471 1.39568 1.40341 1.4043 1.41544 1.41961 1.4217 1.4207 1.41664 1.39693 1.36928 1.34035 1.32305 1.33397 1.31011 1.30359 1.31113 1.29202 1.27687 1.24696 1.24327 1.23442 1.19964 1.17837 -9999 -9999 1.19211 1.22618 1.24875 1.2581 1.25703 1.25043 1.25645 1.24694 1.2511 1.24473 1.19863 1.18644 1.15421 1.14537 1.13997 1.13084 1.12183 1.11766 1.11449 1.11076 1.11162 1.11048 1.10928 1.10792 1.10408 1.10328 1.10092 1.09337 1.06411 1.047 1.02906 0.970853 -9999 -9999 -9999 -9999 -9999 -9999
-9999 -9999 1.367 1.37324 1.38173 1.38471 1.39408 1.39138 1.39847 1.41417 1.41566 1.41905 1.42276 1.43374 1.4367 1.43701 1.43447 1.41538 1.39198 1.35797 1.3335 1.32743 1.31316 1.29039 1.2914 1.28482 1.27895 1.28051 1.26434 1.24719 1.23529 1.20107 1.19077 -9999 1.20802 1.22503 1.25232 1.27305 1.28276 1.27011 1.27746 1.26897 1.27516 1.25522 1.21649 1.19272 1.17697 1.16065 1.15847 1.14424 1.12956 1.12536 1.11801 1.11538 1.11405 1.11299 1.11228 1.11174 1.11068 1.10908 1.10632 1.10158 1.08593 1.06995 1.03749 0.976365 -9999 -9999 -9999 -9999 -9999 -9999
-9999 1.35619 1.37437 1.38572 1.39075 1.39604 1.40249 1.40949 1.42037 1.42457 1.4337 1.43368 1.42967 1.43632 1.44196 1.44952 1.44766 1.44246 1.42679 1.38631 1.37652 1.35382 1.32528 1.30073 1.29905 1.31195 1.30777 1.29418 1.28082 1.2613 1.24664 1.23365 1.19743 1.20647 1.22684 1.24145 1.26051 1.28653 1.30127 1.30229 1.29529 1.29776 1.28773 1.26112 1.22763 1.20756 1.18511 1.16838 1.15352 1.1468 1.13177 1.12616 1.12383 1.117 1.11562 1.1149 1.11472 1.11475 1.11435 1.11303 1.11111 1.10809 1.10444 1.08304 1.03694 0.993878 -9999 -9999 -9999 -9999 -9999 -9999
-9999 -9999 1.37739 1.38148 1.38301 1.38734 1.39601 1.40696 1.42426 1.4318 1.44333 1.4477 1.44038 1.43511 1.4487 1.45381 1.4564 1.45257 1.44522 1.41734 1.39591 1.37722 1.34932 1.34124 1.34181 1.33715 1.3292 1.30195 1.27646 1.24638 1.22232 1.22505 1.21175 1.22043 1.23613 1.26603 1.28563 1.29132 1.29179 1.31236 1.31502 1.30224 1.29499 1.26902 1.23979 1.21428 1.19877 1.18107 1.16509 1.12966 1.1296 1.12067 1.12611 1.1211 1.11705 1.11648 1.1167 1.11688 1.11688 1.11615 1.11471 1.11277 1.10903 1.0936 1.03586 0.997483 -9999 -9999 -9999 -9999 -9999 -9999
-9999 -9999 -9999 -9999 1.38364 1.38972 1.39585 1.40545 1.42873 1.43902 1.44829 1.45496 1.45634 1.44735 1.44827 1.45158 1.43928 1.44449 1.45524 1.44902 1.4407 1.40896 1.38151 1.38583 1.37537 1.35153 1.33318 1.31669 1.28675 1.26424 1.23618 1.2169 1.22063 1.25099 1.27334 1.30391 1.31705 1.30875 1.31116 1.31919 1.32493 1.3198 1.30296 1.27585 1.24715 1.21672 1.20943 1.19246 1.17026 1.15014 1.1307 1.12661 1.12056 1.12474 1.12297 1.11797 1.11816 1.11867 1.11893 1.11857 1.11782 1.11553 1.11193 1.1067 1.04748 0.993673 -9999 -9999 -9999 -9999 -9999 -9999
-9999 -9999 -9999 -9999 1.37852 1.38291 1.39312 1.41558 1.43324 1.44304 1.44925 1.45715 1.45956 1.45411 1.44647 1.43826 1.4255 1.42986 1.44405 1.44929 1.44394 1.41542 1.41194 1.39996 1.3849 1.3553 1.33355 1.32177 1.29281 1.26759 1.24971 1.22506 1.24177 1.25978 1.2811 1.31242 1.33359 1.33986 1.32956 1.33127 1.33945 1.32658 1.30127 1.28505 1.25138 1.21623 1.21349 1.19957 1.17832 1.16311 1.14013 1.13134 1.12687 1.12449 1.12286 1.12072 1.11917 1.11976 1.12032 1.12058 1.11962 1.1177 1.1143 1.10941 1.06911 0.995334 -9999 -9999 -9999 -9999 -9999 -9999
-9999 -9999 -9999 -9999 -9999 1.37534 1.39428 1.42229 1.43617 1.44121 1.45193 1.45804 1.45842 1.45838 1.44884 1.43326 1.40053 1.4063 1.41934 1.43864 1.44538 1.437 1.41545 1.39541 1.35853 1.32663 1.31936 1.31252 1.29095 1.27107 1.25053 1.26736 1.28611 1.30637 1.31862 1.3193 1.3374 1.34996 1.34006 1.344 1.34683 1.32814 1.30963 1.28993 1.25531 1.23544 1.21688 1.20747 1.18323 1.17071 1.14901 1.13717 1.13006 1.12562 1.12357 1.12136 1.12046 1.12091 1.12133 1.12173 1.121 1.11911 1.1159 1.11121 1.10229 1.05694 1.02857 -9999 -9999 -9999 -9999 -9999
-9999 -9999 -9999 -9999 -9999 1.36452 1.37531 1.4073 1.42356 1.4409 1.45269 1.45807 1.45467 1.45392 1.4389 1.4339 1.40438 1.38744 1.39526 1.38612 1.41436 1.43824 1.41769 1.35009 1.32183 1.3009 1.30087 1.29826 1.29132 1.25798 1.25117 1.28259 1.30414 1.32185 1.33585 1.34092 1.34164 1.36259 1.3602 1.36024 1.34893 1.33719 1.31178 1.28875 1.26738 1.24155 1.22138 1.21247 1.18532 1.17745 1.15455 1.14023 1.1306 1.12906 1.12528 1.12304 1.12211 1.12213 1.12302 1.12218 1.12184 1.12013 1.11691 1.11265 1.10673 1.09064 1.0651 1.05005 1.04719 -9999 -9999 -9999
-9999 -9999 -9999 -9999 -9999 -9999 1.3523 1.39477 1.41974 1.43337 1.45102 1.45699 1.46085 1.45494 1.43775 1.42227 1.39594 1.36517 1.342 1.38583 1.42267 1.43908 1.42249 1.36559 1.33978 1.33382 1.34156 1.32894 1.32 1.29382 1.28799 1.28032 1.28947 1.31551 1.33177 1.34875 1.36062 1.3609 1.36565 1.35905 1.35006 1.33958 1.32441 1.30777 1.27064 1.25949 1.23502 1.2203 1.20101 1.18304 1.15958 1.14195 1.13664 1.13306 1.1289 1.12647 1.12476 1.12467 1.12543 1.1264 1.12226 1.12064 1.11781 1.11353 1.10816 1.09596 1.08593 1.06687 1.04388 1.01706 -9999 -9999
-9999 -9999 -9999 -9999 -9999 -9999 1.33571 1.37753 1.40298 1.43059 1.45585 1.4626 1.46349 1.45868 1.4457 1.42521 1.40776 1.37363 1.33762 1.38399 1.41766 1.43721 1.43365 1.37679 1.38308 1.36889 1.36889 1.34875 1.33984 1.33158 1.3199 1.30791 1.30135 1.29191 1.32895 1.34836 1.3634 1.36942 1.37081 1.36835 1.35701 1.33689 1.30814 1.30551 1.27884 1.26033 1.24157 1.22381 1.20614 1.18923 1.16672 1.15501 1.14162 1.14011 1.1341 1.13058 1.12877 1.12822 1.12849 1.12922 1.12983 1.12464 1.11847 1.11442 1.10923 1.09728 1.08948 1.08059 1.0691 1.03673 1.01379 0.991216
-9999 -9999 -9999 -9999 -9999 -9999 1.28406 1.34305 1.40879 1.43344 1.45398 1.46043 1.46355 1.45628 1.45093 1.43631 1.42214 1.39972 1.36579 1.34417 1.37665 1.42904 1.43422 1.41819 1.41203 1.39673 1.38321 1.37916 1.37799 1.36343 1.35737 1.33467 1.32375 1.3169 1.3442 1.34838 1.34633 1.37414 1.37156 1.36557 1.34829 1.32205 1.31359 1.28267 1.2633 1.23805 1.23027 1.22156 1.20883 1.19402 1.17171 1.16357 1.15321 1.14557 1.13988 1.13591 1.13359 1.13262 1.13249 1.13256 1.13275 1.13279 1.12378 1.12062 1.11037 1.09857 1.09133 1.08313 1.07455 1.06254 1.04872 1.01967
-9999 -9999 -9999 -9999 -9999 -9999 1.3058 1.35917 1.39995 1.42492 1.44884 1.455 1.46362 1.46269 1.4568 1.44404 1.42773 1.40932 1.38029 1.3582 1.38215 1.41226 1.436 1.43098 1.4139 1.4093 1.40338 1.41442 1.4083 1.4017 1.3878 1.36045 1.34854 1.33156 1.36118 1.36442 1.35916 1.37225 1.36868 1.34218 1.3192 1.3095 1.30298 1.2815 1.25492 1.22352 1.21556 1.21946 1.20575 1.19228 1.17876 1.16888 1.1591 1.15188 1.1461 1.14197 1.13921 1.1378 1.13722 1.13672 1.13641 1.13582 1.13429 1.12195 1.11776 1.1058 1.09301 1.0856 1.07768 1.06887 1.06209 1.04368
-9999 -9999 -9999 -9999 -9999 -9999 1.32898 1.34807 1.38462 1.42066 1.44587 1.45635 1.46412 1.46454 1.45739 1.45114 1.44093 1.42476 1.41335 1.3935 1.36617 1.40884 1.41518 1.41259 1.43199 1.44095 1.43683 1.42719 1.40095 1.40446 1.39364 1.376 1.36979 1.36016 1.37603 1.37538 1.37373 1.37086 1.34907 1.31872 1.29221 1.3001 1.2884 1.2758 1.2302 1.24353 1.2432 1.233 1.19883 1.17829 1.17885 1.16997 1.16341 1.15756 1.15275 1.14825 1.14549 1.14343 1.14219 1.14135 1.14046 1.13936 1.13763 1.1351 1.11961 1.1076 1.10136 1.09835 1.09079 1.07643 1.06864 1.04886
-9999 -9999 -9999 -9999 -9999 -9999 -9999 1.35293 1.39743 1.43772 1.4598 1.47346 1.4799 1.47943 1.47545 1.4711 1.46499 1.45378 1.4396 1.41682 1.39971 1.41016 1.41716 1.40268 1.40844 1.43061 1.43576 1.41973 1.38402 1.3896 1.40683 1.40401 1.40018 1.39645 1.38296 1.37946 1.37291 1.35757 1.31456 1.31203 1.29135 1.28677 1.27105 1.26884 1.23739 1.24279 1.23741 1.22689 1.19687 1.17747 1.18177 1.17924 1.16896 1.16607 1.15916 1.15488 1.15171 1.1492 1.14759 1.1463 1.14498 1.14824 1.14644 1.14399 1.12681 1.11432 1.10714 1.09984 1.09105 1.0863 1.07924 1.05673
-9999 -9999 -9999 -9999 -9999 -9999 -9999 1.34746 1.39281 1.44048 1.45535 1.47021 1.48305 1.48296 1.47687 1.47124 1.46559 1.45921 1.44172 1.42464 1.4081 1.40209 1.40447 1.3818 1.39318 1.42329 1.42638 1.42017 1.37314 1.35904 1.38291 1.40281 1.40217 1.39794 1.36929 1.37287 1.35625 1.3341 1.32545 1.31282 1.28975 1.29224 1.27173 1.26888 1.23104 1.22978 1.22277 1.22266 1.19598 1.17403 1.17835 1.17851 1.17033 1.1732 1.17075 1.1668 1.16321 1.16046 1.15827 1.15665 1.15494 1.15307 1.15083 1.14776 1.14333 1.12073 1.08765 1.08191 1.08102 1.07957 1.0674 1.06176
-9999 -9999 -9999 -9999 -9999 -9999 -9999 1.35768 1.38913 1.43147 1.46267 1.46416 1.47912 1.48674 1.48008 1.47274 1.46533 1.46212 1.44287 1.4216 1.40416 1.38329 1.38562 1.39874 1.39771 1.4162 1.41686 1.40912 1.37613 1.3809 1.39613 1.40299 1.4032 1.39844 1.39022 1.3844 1.37116 1.36355 1.34531 1.31811 1.30398 1.30368 1.27232 1.26603 1.26609 1.21782 1.22265 1.21904 1.18921 1.17788 1.18523 1.18509 1.18476 1.18144 1.17696 1.17424 1.17028 1.16721 1.16466 1.16236 1.16025 1.15775 1.15506 1.15021 1.14385 1.12197 1.08452 1.08074 1.08347 1.08495 1.06817 1.06664
-9999 -9999 -9999 -9999 -9999 -9999 -9999 1.36841 1.39681 1.4336 1.45582 1.45947 1.47618 1.49106 1.48912 1.4814 1.47896 1.471 1.45446 1.43608 1.41582 1.40542 1.38227 1.40249 1.39412 1.40942 1.41486 1.38444 1.37392 1.38309 1.39235 1.3943 1.404 1.40112 1.39431 1.37387 1.36227 1.36259 1.3551 1.34423 1.32332 1.31671 1.29981 1.28801 1.27565 1.2235 1.22165 1.21222 1.19801 1.19604 1.19598 1.19362 1.19152 1.18633 1.18291 1.18101 1.17713 1.17374 1.17073 1.16813 1.16541 1.16205 1.15865 1.15156 1.14089 1.12346 1.07042 1.08115 1.09235 1.08732 1.07226 1.07058
-9999 -9999 -9999 -9999 -9999 -9999 -9999 1.36923 1.39953 1.43106 1.44408 1.44606 1.4767 1.49536 1.49513 1.4913 1.48685 1.46721 1.46791 1.46346 1.44491 1.418 1.38827 1.38937 1.38719 1.40133 1.40629 1.36601 1.35433 1.35702 1.37258 1.3863 1.40087 1.40239 1.39429 1.36378 1.33135 1.34133 1.35181 1.34721 1.33782 1.31732 1.30609 1.29458 1.27591 1.2329 1.2113 1.20679 1.20043 1.19805 1.19963 1.20014 1.19003 1.18554 1.18783 1.18748 1.18343 1.17985 1.17675 1.1737 1.17063 1.16615 1.16145 1.15531 1.13292 1.11736 1.08556 1.08381 1.09032 1.07087 1.0776 1.07644
-9999 -9999 -9999 -9999 -9999 -9999 -9999 1.36583 1.38793 1.41821 1.43034 1.44969 1.47874 1.49289 1.49952 1.49905 1.49587 1.48671 1.48086 1.46978 1.45026 1.42372 1.39413 1.3741 1.38146 1.38624 1.37804 1.35179 1.33741 1.3476 1.36436 1.39085 1.4047 1.40393 1.39929 1.39042 1.36568 1.33621 1.33216 1.34043 1.32441 1.30602 1.30643 1.29802 1.27975 1.26386 1.21827 1.20471 1.19725 1.19371 1.19727 1.20681 1.20253 1.19601 1.1977 1.19326 1.18919 1.18569 1.18227 1.17906 1.17584 1.17147 1.16531 1.14947 1.13503 1.11602 1.11018 1.09515 1.09308 1.08079 1.08256 1.08097
-9999 -9999 -9999 -9999 -9999 -9999 -9999 1.3559 1.38204 1.41057 1.43725 1.46243 1.48402 1.48555 1.49672 1.49633 1.5018 1.49939 1.4905 1.48078 1.46354 1.42953 1.40047 1.36874 1.37447 1.38677 1.36634 1.34835 1.31827 1.34226 1.36919 1.39338 1.40508 1.39034 1.39907 1.39478 1.38326 1.36407 1.33598 1.33168 1.30852 1.30185 1.30453 1.30042 1.29129 1.27748 1.24289 1.21214 1.20068 1.19445 1.19738 1.20342 1.20975 1.20604 1.20322 1.19862 1.19444 1.19084 1.18738 1.18386 1.18007 1.17551 1.16177 1.14592 1.13473 1.12044 1.11534 1.12061 1.10088 1.08656 1.08797 1.08681
-9999 -9999 -9999 -9999 -9999 -9999 -9999 -9999 1.38599 1.41566 1.43766 1.44372 1.46307 1.47342 1.48125 1.48262 1.50492 1.50532 1.49911 1.48981 1.4746 1.44811 1.42888 1.39809 1.37519 1.34951 1.3416 1.3454 1.33957 1.34834 1.37408 1.40115 1.40134 1.37901 1.37867 1.37936 1.38478 1.37627 1.33944 1.31808 1.29897 1.30269 1.30632 1.30164 1.29448 1.28445 1.24823 1.21035 1.21581 1.21806 1.213 1.21495 1.21517 1.21126 1.20748 1.20304 1.19906 1.19529 1.19142 1.18786 1.18304 1.17622 1.16118 1.12941 1.12732 1.12067 1.10813 1.1164 1.08212 1.09053 1.09376 1.0927
-9999 -9999 -9999 -9999 -9999 -9999 -9999 -9999 1.38297 1.41747 1.42518 1.42509 1.41415 1.41942 1.46092 1.46888 1.49014 1.50991 1.507 1.49753 1.48285 1.46596 1.44081 1.40611 1.3779 1.34984 1.35584 1.37141 1.37328 1.3784 1.3929 1.39315 1.37047 1.34902 1.35626 1.35921 1.37937 1.37975 1.3707 1.34616 1.31822 1.30036 1.30734 1.30181 1.29478 1.28669 1.26736 1.23448 1.22495 1.22556 1.22407 1.22046 1.21983 1.21566 1.21109 1.20703 1.20288 1.1989 1.1946 1.19035 1.18277 1.17426 1.15167 1.13222 1.11873 1.10242 1.12764 1.12424 1.10868 1.09489 1.09831 1.09727
