Test_Spring_2018/11_17/Prec/20171115_004.txt
ncols	170
nrows	115
xllcorner	350000.000000
yllcorner	4445000.000000
cellsize	1000.000000
nodata_value	-9999.000000
[rows 31 to 61 of 115, columns 71 to 141 of 170]
0.418192 0.426858 0.428595 0.436162 0.471998 0.494625 0.502801 0.531363 0.537969 0.539715 0.544673 0.546611 0.544724 0.546859 0.538146 0.498561 0.515641 0.525052 0.516811 0.528793 0.545591 0.540962 0.516795 0.510267 0.49627 0.517924 0.532651 0.523461 -9999 -9999 -9999 -9999 -9999 -9999 -9999 -9999 -9999 -9999 -9999 -9999 -9999 -9999 -9999 -9999 -9999 -9999 -9999 -9999 -9999 -9999 -9999 -9999 -9999 -9999 -9999 -9999 -9999 -9999 -9999 -9999 -9999 -9999 -9999 -9999 -9999 -9999 -9999 -9999 -9999 -9999 -9999
0.41713 0.422796 0.424531 0.438621 0.452482 0.485358 0.502068 0.531423 0.53886 0.542189 0.540049 0.543032 0.545463 0.548797 0.542573 0.51574 0.49188 0.511796 0.516861 0.511167 0.535258 0.530715 0.510442 0.47981 0.506469 0.508207 0.511028 0.537986 -9999 -9999 -9999 -9999 -9999 -9999 -9999 -9999 -9999 -9999 -9999 -9999 -9999 -9999 -9999 -9999 -9999 -9999 -9999 -9999 -9999 -9999 -9999 -9999 -9999 -9999 -9999 -9999 -9999 -9999 -9999 -9999 -9999 -9999 -9999 -9999 -9999 -9999 -9999 -9999 -9999 -9999 -9999
0.414063 0.417513 0.421831 0.439321 0.446128 0.469926 0.506031 0.530952 0.539586 0.545065 0.547781 0.550605 0.552818 0.549241 0.54142 0.519194 0.491445 0.488762 0.509391 0.515038 0.522702 0.518972 0.513231 0.501359 0.522425 0.534789 0.532392 0.558353 0.567721 -9999 -9999 -9999 -9999 -9999 -9999 -9999 -9999 -9999 -9999 -9999 -9999 -9999 -9999 -9999 -9999 -9999 -9999 -9999 -9999 -9999 -9999 -9999 -9999 -9999 -9999 -9999 -9999 -9999 -9999 -9999 -9999 -9999 -9999 -9999 -9999 -9999 -9999 -9999 -9999 -9999 -9999
0.40849 0.410685 0.406569 0.41977 0.43166 0.476887 0.510359 0.519199 0.539279 0.545496 0.551415 0.55204 0.553371 0.551465 0.544112 0.531276 0.514697 0.482297 0.509861 0.5326 0.537193 0.541528 0.539114 0.527812 0.548442 0.555585 0.574731 0.589142 0.581202 0.581679 -9999 -9999 -9999 -9999 -9999 -9999 -9999 -9999 -9999 -9999 -9999 -9999 -9999 -9999 -9999 -9999 -9999 -9999 -9999 -9999 -9999 -9999 -9999 -9999 -9999 -9999 -9999 -9999 -9999 -9999 -9999 -9999 -9999 -9999 -9999 -9999 -9999 -9999 -9999 -9999 -9999
0.400099 0.402507 0.396169 0.409516 0.425365 0.458824 0.49725 0.523651 0.534796 0.545662 0.551739 0.552239 0.541355 0.544311 0.548604 0.541814 0.522175 0.502518 0.500863 0.532919 0.545697 0.549336 0.560962 0.552208 0.56523 0.56877 0.596475 0.600662 0.602188 0.599588 0.587867 -9999 -9999 -9999 -9999 -9999 -9999 -9999 -9999 -9999 -9999 -9999 -9999 -9999 -9999 -9999 -9999 -9999 -9999 -9999 -9999 -9999 -9999 -9999 -9999 -9999 -9999 -9999 -9999 -9999 -9999 -9999 -9999 -9999 -9999 -9999 -9999 -9999 -9999 -9999 -9999
-9999 -9999 -9999 0.395369 0.428058 0.45424 0.489353 0.521551 0.534243 0.546383 0.552606 0.547536 0.547736 0.552524 0.549863 0.541163 0.53727 0.52644 0.515019 0.525716 0.553848 0.548635 0.570594 0.574996 0.584133 0.57947 0.608997 0.593907 0.601123 0.599462 0.591082 -9999 -9999 -9999 -9999 -9999 -9999 -9999 -9999 -9999 -9999 -9999 -9999 -9999 -9999 -9999 -9999 -9999 -9999 -9999 -9999 -9999 -9999 -9999 -9999 -9999 -9999 -9999 -9999 -9999 -9999 -9999 -9999 -9999 -9999 -9999 -9999 -9999 -9999 -9999 -9999
-9999 -9999 -9999 -9999 0.426487 0.450351 0.475028 0.519636 0.530803 0.546268 0.553067 0.55504 0.557514 0.558047 0.556741 0.551177 0.544386 0.534247 0.537191 0.556527 0.561423 0.563361 0.571228 0.584682 0.588821 0.605945 0.598517 0.590798 0.587618 0.580569 0.588073 0.584193 -9999 -9999 -9999 -9999 -9999 -9999 -9999 -9999 -9999 -9999 -9999 -9999 0.706524 -9999 -9999 -9999 -9999 -9999 -9999 -9999 -9999 -9999 -9999 -9999 -9999 -9999 -9999 -9999 -9999 -9999 -9999 -9999 -9999 0.836762 -9999 -9999 -9999 -9999 -9999
-9999 -9999 -9999 0.404047 0.442861 0.459859 0.479146 0.502654 0.530086 0.547084 0.554208 0.557517 0.559789 0.55722 0.559921 0.558439 0.550423 0.551893 0.560769 0.567231 0.574318 0.580832 0.584959 0.587712 0.58998 0.626271 0.620807 0.619778 0.603366 0.611033 0.603175 0.587648 0.576278 -9999 -9999 -9999 -9999 -9999 -9999 -9999 0.65719 0.664691 0.674492 0.689741 0.714345 0.719738 -9999 -9999 -9999 -9999 -9999 -9999 -9999 -9999 -9999 -9999 -9999 -9999 -9999 -9999 -9999 -9999 -9999 -9999 -9999 0.865431 0.848013 -9999 -9999 -9999 -9999
-9999 -9999 -9999 0.42569 0.445946 0.461147 0.48089 0.49627 0.534074 0.545337 0.555687 0.561613 0.563515 0.562745 0.567154 0.563177 0.562572 0.563104 0.573369 0.578614 0.580313 0.581836 0.584291 0.581938 0.587432 0.630819 0.63077 0.62506 0.618645 0.623765 0.601186 0.578543 0.560782 -9999 -9999 -9999 -9999 -9999 -9999 0.649519 0.667643 0.682798 0.679429 0.702668 0.726375 0.739211 0.773814 -9999 -9999 -9999 -9999 -9999 -9999 -9999 -9999 -9999 -9999 -9999 -9999 -9999 -9999 0.970023 0.951029 0.914091 0.893901 0.881116 0.864458 -9999 -9999 -9999 -9999
-9999 -9999 -9999 0.422475 0.445468 0.464707 0.483029 0.494843 0.524628 0.547722 0.556932 0.563324 0.568235 0.57199 0.56919 0.56979 0.562609 0.575744 0.578653 0.579745 0.573858 0.574241 0.562459 0.560964 0.601688 0.625181 0.623647 0.610362 0.591153 0.580121 0.587387 0.581718 0.566093 -9999 -9999 -9999 -9999 -9999 -9999 0.649158 0.66818 0.686909 0.699243 0.698508 0.731853 0.774092 0.782345 0.79972 0.828758 0.853804 0.888439 0.908493 0.928688 0.939734 0.958679 -9999 -9999 -9999 -9999 0.995194 0.99555 0.994094 0.983878 0.942512 0.913075 0.886731 0.894476 -9999 -9999 -9999 -9999
-9999 -9999 -9999 0.429806 0.448916 0.464546 0.476958 0.495229 0.524395 0.5477 0.555001 0.561136 0.56659 0.571046 0.572545 0.570241 0.573956 0.576046 0.575449 0.559335 0.540559 0.554357 0.551523 0.538889 0.593204 0.615457 0.61309 0.595622 0.573404 0.585195 0.594848 0.584695 0.562282 -9999 -9999 -9999 0.593179 0.613144 0.619023 0.629446 0.651722 0.672101 0.700596 0.720373 0.745886 0.773137 0.783899 0.79494 0.821928 0.865368 0.893397 0.927063 0.949616 0.962965 0.984746 1.0024 1.01475 1.02202 1.02461 1.02551 1.02484 1.02131 1.01059 0.968576 0.944302 0.927638 0.916038 -9999 -9999 -9999 -9999
-9999 -9999 -9999 0.423365 0.441935 0.459592 0.480906 0.493897 0.511119 0.534746 0.55631 0.563851 0.56374 0.573193 0.576156 0.578033 0.578355 0.577548 0.563573 0.543892 0.524775 0.518412 0.534973 0.524223 0.562435 0.584916 0.598869 0.586088 0.567449 0.572146 0.584434 0.566562 0.546044 -9999 -9999 0.556456 0.590301 0.615346 0.630632 0.639417 0.646747 0.670333 0.68278 0.712169 0.732571 0.745276 0.76978 0.800913 0.831825 0.874237 0.900801 0.950333 0.972538 0.993061 1.00931 1.02614 1.0371 1.04422 1.04776 1.04599 1.04497 1.04104 1.03149 1.00108 0.983333 0.975959 0.931494 -9999 -9999 -9999 -9999
-9999 -9999 -9999 0.425397 0.445198 0.466065 0.480175 0.498845 0.512658 0.531384 0.549185 0.566083 0.567757 0.569263 0.57807 0.580064 0.581079 0.581344 0.5678 0.55231 0.52856 0.515759 0.516862 0.516121 0.531336 0.54753 0.555483 0.562812 0.575708 0.585366 0.588324 0.578803 0.556653 0.544438 -9999 0.556355 0.572301 0.600799 0.626369 0.645329 0.647055 0.672764 0.687618 0.717797 0.730559 0.752533 0.783172 0.808325 0.833322 0.871667 0.922691 0.968547 0.994889 1.01144 1.03019 1.04575 1.05707 1.06441 1.06799 1.06778 1.06459 1.05876 1.05045 1.0319 1.02262 0.99112 0.942762 -9999 -9999 -9999 -9999
-9999 -9999 0.381234 0.423406 0.449104 0.467522 0.484701 0.501286 0.516545 0.539112 0.553892 0.563711 0.57369 0.567101 0.571047 0.575001 0.582486 0.582976 0.582635 0.574586 0.544715 0.541874 0.5287 0.513628 0.531801 0.546318 0.574066 0.583867 0.582788 0.579872 0.580197 0.582418 0.569256 0.540067 0.544835 0.56106 0.573344 0.592716 0.622586 0.646006 0.661078 0.673502 0.696643 0.716394 0.7405 0.768501 0.791718 0.813912 0.842137 0.871829 0.908242 0.955537 1.00821 1.03378 1.04731 1.06353 1.07535 1.08283 1.08615 1.08541 1.0811 1.0746 1.0665 1.06514 1.0418 1.02934 0.999811 -9999 -9999 -9999 -9999
-9999 -9999 -9999 0.41867 0.438074 0.453839 0.470811 0.490245 0.509971 0.538855 0.550455 0.56407 0.572992 0.570833 0.562744 0.573895 0.578505 0.582881 0.583543 0.583376 0.560471 0.549813 0.543408 0.529242 0.562919 0.580363 0.591845 0.598736 0.585076 0.570955 0.560553 0.541031 0.545094 0.538817 0.548538 0.559051 0.58498 0.603825 0.613149 0.622243 0.656187 0.675254 0.700162 0.725863 0.738136 0.772133 0.793019 0.825065 0.855562 0.887418 0.899166 0.962916 0.991988 1.03024 1.06721 1.07913 1.09113 1.0986 1.10127 1.09984 1.09483 1.08745 1.08408 1.09749 1.08444 1.03233 1.00724 -9999 -9999 -9999 -9999
-9999 -9999 -9999 -9999 -9999 0.449259 0.468485 0.486026 0.505026 0.539927 0.554673 0.566489 0.574151 0.575476 0.569839 0.568383 0.570871 0.560418 0.569014 0.583456 0.585237 0.587049 0.567885 0.577653 0.599445 0.606684 0.600113 0.597493 0.594847 0.576946 0.573657 0.550472 0.533233 0.536177 0.563482 0.587088 0.612794 0.62453 0.619578 0.630048 0.655754 0.683219 0.706396 0.723986 0.73674 0.772662 0.791083 0.833556 0.867296 0.895704 0.924843 0.971368 1.00711 1.03584 1.06856 1.08895 1.10359 1.11064 1.11296 1.1109 1.10526 1.11042 1.10675 1.10331 1.10025 1.04697 1.00698 -9999 -9999 -9999 -9999
-9999 -9999 -9999 -9999 -9999 0.439974 0.457872 0.479769 0.511706 0.541461 0.556245 0.565564 0.574819 0.577436 0.571565 0.563938 0.555052 0.543289 0.550326 0.569161 0.581597 0.585877 0.569501 0.601821 0.607854 0.610805 0.598921 0.593373 0.595739 0.579254 0.573379 0.560453 0.538274 0.553929 0.569231 0.586987 0.61578 0.634789 0.644607 0.643033 0.65999 0.689922 0.705952 0.715979 0.740207 0.772174 0.787453 0.835885 0.874245 0.905257 0.940844 0.984996 1.01749 1.04883 1.07599 1.09699 1.11031 1.11817 1.12012 1.1178 1.11772 1.11428 1.11092 1.10781 1.10536 1.07084 1.01171 -9999 -9999 -9999 -9999
-9999 -9999 -9999 -9999 -9999 -9999 0.446934 0.477482 0.515117 0.541524 0.552188 0.566422 0.574447 0.575512 0.575211 0.565222 0.549468 0.518355 0.526415 0.54368 0.569205 0.584643 0.587261 0.601578 0.599486 0.581103 0.566959 0.575576 0.582973 0.574032 0.57362 0.55862 0.577176 0.595272 0.613103 0.622284 0.620406 0.636799 0.651863 0.650891 0.669812 0.694388 0.704719 0.721373 0.74238 0.773664 0.804184 0.837806 0.881125 0.909883 0.948744 0.99457 1.02465 1.05389 1.07938 1.10019 1.11351 1.1209 1.12306 1.12179 1.1196 1.11654 1.11351 1.111 1.10924 1.1057 1.07451 1.05672 -9999 -9999 -9999
-9999 -9999 -9999 -9999 -9999 -9999 0.433096 0.455675 0.497287 0.526298 0.549347 0.565136 0.57302 0.570969 0.570195 0.554923 0.549654 0.520511 0.508538 0.520301 0.517678 0.553292 0.586491 0.601564 0.552711 0.542178 0.538347 0.553834 0.565384 0.570863 0.557882 0.556813 0.590226 0.611778 0.627846 0.639359 0.642861 0.642507 0.664822 0.673043 0.687949 0.698444 0.715006 0.724411 0.741588 0.785333 0.809475 0.840973 0.884277 0.909742 0.952691 0.997155 1.02456 1.05114 1.07931 1.09837 1.11169 1.12115 1.12228 1.12104 1.11953 1.11742 1.11521 1.11337 1.11272 1.11271 1.11039 1.09571 1.09229 1.10127 -9999
-9999 -9999 -9999 -9999 -9999 -9999 -9999 0.429802 0.481482 0.519167 0.538965 0.560929 0.569952 0.572722 0.568678 0.55259 0.537465 0.511616 0.48174 0.469566 0.517745 0.560984 0.586135 0.605145 0.565759 0.556835 0.566911 0.589542 0.591228 0.594839 0.589434 0.589956 0.58629 0.596782 0.619733 0.639158 0.653777 0.664993 0.667802 0.678954 0.693524 0.705705 0.722626 0.740864 0.762968 0.790468 0.827303 0.853081 0.889217 0.92082 0.95254 0.995662 1.01882 1.04876 1.07435 1.09272 1.11366 1.11806 1.11972 1.11916 1.11718 1.11742 1.11624 1.11569 1.11585 1.11708 1.11907 1.11974 1.11254 1.10191 1.08745
-9999 -9999 -9999 -9999 -9999 -9999 -9999 0.40989 0.460652 0.498928 0.532502 0.556931 0.567638 0.572065 0.569588 0.558074 0.538517 0.521603 0.488662 0.45453 0.506175 0.556125 0.583484 0.589884 0.575121 0.596348 0.597642 0.612181 0.606216 0.609783 0.622458 0.617933 0.610971 0.603386 0.604639 0.639775 0.658046 0.673439 0.68266 0.691044 0.700259 0.715021 0.728213 0.731768 0.765647 0.801912 0.829294 0.858254 0.889082 0.919913 0.950399 0.993132 1.02036 1.04112 1.07184 1.1002 1.10851 1.11351 1.11572 1.11594 1.1151 1.11394 1.1243 1.11815 1.11943 1.12155 1.12438 1.12743 1.13012 1.13048 1.1103
-9999 -9999 -9999 -9999 -9999 -9999 -9999 0.355658 0.422615 0.491177 0.523402 0.549137 0.560737 0.567716 0.563328 0.559715 0.546352 0.533033 0.511767 0.479808 0.460673 0.502056 0.55822 0.588558 0.613876 0.621942 0.621224 0.621919 0.631064 0.641918 0.649176 0.643571 0.628392 0.636084 0.630947 0.658211 0.663222 0.663402 0.694808 0.699994 0.705983 0.705735 0.715321 0.736116 0.749513 0.79121 0.809221 0.845918 0.882571 0.915269 0.944928 0.98618 1.01964 1.04155 1.08238 1.09414 1.10247 1.10788 1.11098 1.11236 1.1126 1.11279 1.11367 1.1307 1.13495 1.12675 1.13029 1.13406 1.1374 1.14039 1.13959
-9999 -9999 -9999 -9999 -9999 -9999 -9999 0.360682 0.428109 0.476876 0.508252 0.538153 0.549605 0.562198 0.564357 0.560716 0.549653 0.534726 0.517736 0.490794 0.471308 0.497532 0.539652 0.569057 0.606382 0.620972 0.629647 0.636896 0.648484 0.655457 0.672463 0.668086 0.667565 0.660242 0.646808 0.677954 0.68368 0.682204 0.700497 0.705489 0.691843 0.685788 0.697133 0.73433 0.745413 0.780062 0.796637 0.82995 0.875559 0.904896 0.934102 0.983905 1.00893 1.06066 1.07574 1.08739 1.0961 1.10213 1.10626 1.10897 1.11058 1.11222 1.11431 1.11688 1.14084 1.1465 1.15149 1.14123 1.14531 1.14877 1.1508
-9999 -9999 -9999 -9999 -9999 -9999 -9999 0.356265 0.411474 0.455572 0.497444 0.528406 0.544037 0.555986 0.55977 0.555322 0.551046 0.542515 0.528108 0.518579 0.501454 0.477967 0.523488 0.545175 0.586083 0.6007 0.622057 0.631401 0.635669 0.655021 0.668937 0.691138 0.680762 0.680184 0.675327 0.694736 0.698272 0.701757 0.705767 0.693878 0.676803 0.667093 0.694699 0.707402 0.745787 0.760424 0.806003 0.846459 0.878351 0.889027 0.908045 0.969602 1.03314 1.05248 1.0683 1.0809 1.08984 1.09698 1.10203 1.10593 1.10921 1.11229 1.11579 1.11984 1.12464 1.15442 1.15976 1.16579 1.18975 1.19438 1.17809
-9999 -9999 -9999 -9999 -9999 -9999 -9999 -9999 0.387909 0.440798 0.488098 0.516982 0.536766 0.548486 0.552387 0.5518 0.549923 0.545616 0.535983 0.52343 0.502902 0.488604 0.502098 0.524182 0.557082 0.573512 0.606797 0.624218 0.621411 0.612919 0.659263 0.685733 0.691631 0.695483 0.698568 0.702481 0.704738 0.704844 0.697885 0.666198 0.666294 0.661997 0.676893 0.684786 0.73539 0.764861 0.805783 0.837986 0.866082 0.875218 0.921183 1.00912 1.03566 1.05095 1.06952 1.07477 1.08455 1.09242 1.09858 1.10396 1.10877 1.11342 1.13122 1.13771 1.14492 1.1815 1.18736 1.19343 1.19912 1.20262 1.20882
-9999 -9999 -9999 -9999 -9999 -9999 -9999 -9999 0.376474 0.428328 0.481986 0.50323 0.523718 0.541391 0.545623 0.543158 0.540378 0.53699 0.532569 0.517369 0.502867 0.489501 0.48724 0.494202 0.53219 0.553366 0.593545 0.608103 0.613976 0.627306 0.624342 0.657432 0.685824 0.693521 0.697107 0.676677 0.687579 0.679449 0.667108 0.66957 0.670456 0.663944 0.685305 0.687623 0.710354 0.761023 0.792693 0.820286 0.855318 0.864524 0.905699 0.996994 1.02473 1.04118 1.06505 1.08052 1.09157 1.10043 1.10814 1.11508 1.12191 1.12864 1.13574 1.14337 1.1513 1.15907 1.1974 1.18351 1.19093 1.20233 1.21209
-9999 -9999 -9999 -9999 -9999 -9999 -9999 -9999 0.378903 0.416371 0.464072 0.500484 0.507506 0.526928 0.538516 0.535584 0.531389 0.526675 0.525808 0.509394 0.491286 0.477423 0.460971 0.467912 0.486332 0.551336 0.579536 0.590972 0.594585 0.624188 0.639393 0.664193 0.680287 0.689386 0.693265 0.693629 0.696487 0.692737 0.695487 0.689456 0.676716 0.679025 0.697399 0.688456 0.706634 0.733638 0.779531 0.816007 0.844919 0.84833 0.959697 0.995676 1.02192 1.04529 1.06293 1.07674 1.08974 1.09941 1.10829 1.11656 1.12452 1.13265 1.14081 1.14954 1.1571 1.16416 1.157 1.19054 1.20028 1.21569 1.2289
-9999 -9999 -9999 -9999 -9999 -9999 -9999 -9999 0.381464 0.415106 0.456628 0.483664 0.492246 0.513001 0.531449 0.533084 0.528682 0.529099 0.524012 0.510667 0.495789 0.479537 0.473466 0.455777 0.480966 0.540325 0.56484 0.580259 0.614588 0.615097 0.634404 0.65342 0.664966 0.683682 0.689997 0.692482 0.682031 0.680769 0.69205 0.697151 0.700736 0.696671 0.70878 0.713351 0.725294 0.738965 0.782326 0.810236 0.831301 0.912572 0.971471 0.998989 1.02218 1.04329 1.05904 1.0742 1.08872 1.09955 1.10946 1.11883 1.12814 1.13732 1.14625 1.15578 1.16253 1.16665 1.16495 1.18797 1.21247 1.23688 1.29017
-9999 -9999 -9999 -9999 -9999 -9999 -9999 -9999 0.37407 0.408731 0.44439 0.461823 0.468225 0.502072 0.523939 0.527155 0.52661 0.525295 0.509208 0.512962 0.511984 0.497729 0.475897 0.451951 0.458552 0.510501 0.547928 0.562312 0.589051 0.588157 0.600984 0.626047 0.649078 0.672754 0.683728 0.685506 0.665937 0.645173 0.666522 0.689668 0.699807 0.707178 0.705853 0.715667 0.727331 0.734031 0.751447 0.794796 0.819006 0.942154 0.968076 0.996307 1.02166 1.0347 1.05116 1.07221 1.08892 1.10055 1.11147 1.12212 1.13246 1.14282 1.15216 1.16188 1.17095 1.16504 1.16645 1.15854 1.22807 1.24904 1.34048
-9999 -9999 -9999 -9999 -9999 -9999 -9999 -9999 0.362299 0.388219 0.421914 0.437803 0.460467 0.49231 0.509502 0.51922 0.521943 0.522008 0.516353 0.514087 0.507045 0.492198 0.471007 0.447358 0.433514 0.446716 0.523336 0.566612 0.566567 0.56278 0.582666 0.60873 0.644087 0.667129 0.676063 0.681521 0.683353 0.67056 0.654192 0.663784 0.68689 0.688209 0.689133 0.710269 0.724767 0.731456 0.741925 0.795615 0.881457 0.934811 0.95899 0.988656 1.02247 1.04108 1.05569 1.07654 1.08991 1.10236 1.1144 1.12593 1.13741 1.14897 1.15982 1.16954 1.17063 1.17387 1.17342 1.18631 1.2532 1.31487 1.36992
-9999 -9999 -9999 -9999 -9999 -9999 -9999 -9999 0.34396 0.37304 0.404302 0.433604 0.461309 0.485427 0.490015 0.503929 0.506681 0.515223 0.516335 0.511419 0.506044 0.49377 0.465657 0.442777 0.417716 0.429345 0.498656 0.560895 0.553524 0.534276 0.567277 0.602953 0.635881 0.656702 0.652058 0.670571 0.677057 0.677394 0.67142 0.658171 0.669578 0.664452 0.677175 0.700839 0.719731 0.735361 0.747791 0.774685 0.88498 0.933807 0.955258 0.984239 1.01466 1.04367 1.06127 1.07814 1.09189 1.10494 1.11773 1.13019 1.14246 1.15467 1.16663 1.17038 1.17291 1.18088 1.18669 1.20212 1.23207 1.34032 1.39612
