Test_Spring_2018/11_17/Prec/20171127_005.txt
ncols	170
nrows	115
xllcorner	350000.000000
yllcorner	4445000.000000
cellsize	1000.000000
nodata_value	-9999.000000
[rows 31 to 61 of 115, columns 71 to 141 of 170]
0.311539 0.312672 0.326458 0.331802 0.337075 0.349511 0.357339 0.379692 0.388595 0.404523 0.414047 0.42737 0.44584 0.456663 0.4845 0.562554 0.547069 0.544243 0.570831 0.564814 0.551818 0.575243 0.632121 0.661329 0.704156 0.732191 0.767919 0.806513 -9999 -9999 -9999 -9999 -9999 -9999 -9999 -9999 -9999 -9999 -9999 -9999 -9999 -9999 -9999 -9999 -9999 -9999 -9999 -9999 -9999 -9999 -9999 -9999 -9999 -9999 -9999 -9999 -9999 -9999 -9999 -9999 -9999 -9999 -9999 -9999 -9999 -9999 -9999 -9999 -9999 -9999 -9999
0.314726 0.320687 0.334234 0.328466 0.323924 0.365735 0.383825 0.380354 0.387352 0.400255 0.421172 0.43262 0.443969 0.452929 0.476878 0.534222 0.586405 0.566556 0.571428 0.594547 0.569419 0.592361 0.642251 0.710296 0.685131 0.701935 0.800292 0.828205 -9999 -9999 -9999 -9999 -9999 -9999 -9999 -9999 -9999 -9999 -9999 -9999 -9999 -9999 -9999 -9999 -9999 -9999 -9999 -9999 -9999 -9999 -9999 -9999 -9999 -9999 -9999 -9999 -9999 -9999 -9999 -9999 -9999 -9999 -9999 -9999 -9999 -9999 -9999 -9999 -9999 -9999 -9999
0.320156 0.329815 0.339088 0.327623 0.334511 0.361145 0.378514 0.381751 0.386516 0.395666 0.408437 0.42006 0.431744 0.452111 0.478771 0.52864 0.587331 0.604747 0.584015 0.588386 0.590082 0.611325 0.636775 0.673242 0.656393 0.654636 0.722502 0.791978 0.837845 -9999 -9999 -9999 -9999 -9999 -9999 -9999 -9999 -9999 -9999 -9999 -9999 -9999 -9999 -9999 -9999 -9999 -9999 -9999 -9999 -9999 -9999 -9999 -9999 -9999 -9999 -9999 -9999 -9999 -9999 -9999 -9999 -9999 -9999 -9999 -9999 -9999 -9999 -9999 -9999 -9999 -9999
0.328689 0.340634 0.363989 0.359765 0.358443 0.37598 0.396505 0.401576 0.387519 0.395455 0.402946 0.418171 0.431287 0.448881 0.474737 0.509108 0.549349 0.615567 0.583278 0.559316 0.565786 0.573391 0.592901 0.627854 0.611027 0.617047 0.700573 0.778395 0.810576 0.828389 -9999 -9999 -9999 -9999 -9999 -9999 -9999 -9999 -9999 -9999 -9999 -9999 -9999 -9999 -9999 -9999 -9999 -9999 -9999 -9999 -9999 -9999 -9999 -9999 -9999 -9999 -9999 -9999 -9999 -9999 -9999 -9999 -9999 -9999 -9999 -9999 -9999 -9999 -9999 -9999 -9999
0.340871 0.352852 0.380299 0.376304 0.368955 0.364382 0.384551 0.394639 0.395579 0.396083 0.403452 0.418945 0.452153 0.461667 0.468221 0.492451 0.537496 0.582479 0.597982 0.558371 0.55103 0.559415 0.555416 0.585731 0.580924 0.592312 0.623158 0.710715 0.770486 0.792585 0.828976 -9999 -9999 -9999 -9999 -9999 -9999 -9999 -9999 -9999 -9999 -9999 -9999 -9999 -9999 -9999 -9999 -9999 -9999 -9999 -9999 -9999 -9999 -9999 -9999 -9999 -9999 -9999 -9999 -9999 -9999 -9999 -9999 -9999 -9999 -9999 -9999 -9999 -9999 -9999 -9999
-9999 -9999 -9999 0.398962 0.395286 0.391903 0.397185 0.398465 0.397434 0.396275 0.403692 0.428494 0.443462 0.449831 0.467588 0.494633 0.513374 0.543407 0.574546 0.569661 0.536655 0.559238 0.537894 0.546239 0.547517 0.572088 0.634042 0.716466 0.766307 0.786268 0.816439 -9999 -9999 -9999 -9999 -9999 -9999 -9999 -9999 -9999 -9999 -9999 -9999 -9999 -9999 -9999 -9999 -9999 -9999 -9999 -9999 -9999 -9999 -9999 -9999 -9999 -9999 -9999 -9999 -9999 -9999 -9999 -9999 -9999 -9999 -9999 -9999 -9999 -9999 -9999 -9999
-9999 -9999 -9999 -9999 0.398042 0.398734 0.380673 0.402071 0.404403 0.39842 0.405325 0.418754 0.429988 0.443178 0.45836 0.479775 0.502736 0.531044 0.537968 0.518334 0.523107 0.533551 0.535116 0.528368 0.537743 0.583196 0.647326 0.67941 0.782362 0.810759 0.814155 0.83525 -9999 -9999 -9999 -9999 -9999 -9999 -9999 -9999 -9999 -9999 -9999 -9999 0.866337 -9999 -9999 -9999 -9999 -9999 -9999 -9999 -9999 -9999 -9999 -9999 -9999 -9999 -9999 -9999 -9999 -9999 -9999 -9999 -9999 1.2356 -9999 -9999 -9999 -9999 -9999
-9999 -9999 -9999 0.38255 0.387289 0.383547 0.376033 0.399054 0.407366 0.399716 0.406658 0.418175 0.429754 0.447809 0.455946 0.470031 0.494293 0.502748 0.499187 0.500098 0.500744 0.503275 0.510766 0.521543 0.534039 0.577779 0.606764 0.628191 0.709843 0.754102 0.782206 0.821641 0.853117 -9999 -9999 -9999 -9999 -9999 -9999 -9999 0.833737 0.844009 0.853249 0.856218 0.846311 0.870249 -9999 -9999 -9999 -9999 -9999 -9999 -9999 -9999 -9999 -9999 -9999 -9999 -9999 -9999 -9999 -9999 -9999 -9999 -9999 1.20112 1.24201 -9999 -9999 -9999 -9999
-9999 -9999 -9999 0.38827 0.3807 0.381942 0.375692 0.376101 0.403174 0.406004 0.408335 0.415891 0.428087 0.442879 0.447639 0.465072 0.476261 0.485348 0.478633 0.480791 0.489709 0.500056 0.510111 0.529304 0.536691 0.565903 0.586673 0.616389 0.646488 0.726882 0.778685 0.828969 0.869818 -9999 -9999 -9999 -9999 -9999 -9999 0.810257 0.800796 0.799497 0.832036 0.824057 0.818352 0.833234 0.887903 -9999 -9999 -9999 -9999 -9999 -9999 -9999 -9999 -9999 -9999 -9999 -9999 -9999 -9999 1.00482 1.04425 1.11356 1.15615 1.18776 1.22722 -9999 -9999 -9999 -9999
-9999 -9999 -9999 0.38959 0.379758 0.376675 0.375079 0.383577 0.389529 0.406324 0.411331 0.418511 0.425745 0.43272 0.448671 0.45767 0.478648 0.465925 0.470306 0.478429 0.499168 0.51097 0.544293 0.562173 0.587939 0.570848 0.594977 0.637956 0.689713 0.762041 0.795073 0.816518 0.852592 -9999 -9999 -9999 -9999 -9999 -9999 0.793345 0.782717 0.776534 0.784919 0.81875 0.800166 0.8376 0.86881 0.886129 0.884486 0.88875 0.9166 0.936105 0.937522 0.95025 0.94601 -9999 -9999 -9999 -9999 0.964995 0.972291 0.981583 1.0051 1.0804 1.1372 1.1905 1.2174 -9999 -9999 -9999 -9999
-9999 -9999 -9999 0.373203 0.37222 0.377636 0.38832 0.388643 0.396676 0.411418 0.413105 0.42103 0.427402 0.432921 0.441142 0.453919 0.455661 0.45958 0.468059 0.502795 0.543103 0.531341 0.560567 0.618389 0.596622 0.582696 0.609294 0.660127 0.717596 0.750979 0.777123 0.805001 0.835858 -9999 -9999 -9999 0.815325 0.79202 0.794483 0.792821 0.775587 0.765785 0.766983 0.769519 0.78988 0.828969 0.860781 0.893461 0.900176 0.879037 0.881452 0.920112 0.920738 0.932062 0.92768 0.921589 0.919806 0.922277 0.928891 0.935442 0.9426 0.953437 0.975974 1.05062 1.09779 1.13445 1.21735 -9999 -9999 -9999 -9999
-9999 -9999 -9999 0.375851 0.376987 0.380459 0.383191 0.393547 0.395538 0.407508 0.417756 0.423964 0.439639 0.436652 0.441792 0.446704 0.452831 0.46022 0.489437 0.528894 0.568837 0.589612 0.591564 0.624786 0.625533 0.611198 0.630076 0.661582 0.713338 0.725099 0.749305 0.814154 0.856512 -9999 -9999 0.856805 0.807118 0.773803 0.759498 0.759761 0.766992 0.752497 0.761563 0.747955 0.772499 0.834882 0.84621 0.883127 0.888632 0.887109 0.89435 0.89496 0.906229 0.90667 0.908975 0.905064 0.905641 0.907762 0.911628 0.920961 0.926824 0.936383 0.955163 1.00924 1.04425 1.08664 1.19544 -9999 -9999 -9999 -9999
-9999 -9999 -9999 0.37028 0.370733 0.370217 0.380948 0.383639 0.401465 0.422146 0.417748 0.428192 0.441087 0.450892 0.445731 0.449441 0.453191 0.457471 0.484647 0.516002 0.562591 0.593276 0.618154 0.635141 0.664426 0.660194 0.670052 0.680849 0.681782 0.704085 0.742081 0.769735 0.833977 0.859331 -9999 0.846812 0.824657 0.783896 0.751245 0.733842 0.750005 0.732451 0.738761 0.739751 0.763408 0.812856 0.838085 0.853916 0.870705 0.865162 0.872671 0.881525 0.881911 0.896795 0.896464 0.895348 0.895281 0.896304 0.898768 0.903767 0.911198 0.921819 0.936629 0.969544 1.00806 1.06859 1.18244 -9999 -9999 -9999 -9999
-9999 -9999 0.385218 0.370078 0.363068 0.368916 0.376965 0.385436 0.394801 0.409016 0.420141 0.426232 0.439405 0.462269 0.464463 0.463984 0.455896 0.458497 0.46264 0.480559 0.536236 0.560999 0.591884 0.631526 0.65995 0.65942 0.637751 0.645566 0.670552 0.697165 0.738355 0.763425 0.79384 0.86123 0.855524 0.830326 0.81233 0.784837 0.743647 0.717895 0.71167 0.716232 0.719519 0.727675 0.757198 0.79751 0.819132 0.844424 0.860619 0.874051 0.874853 0.883557 0.878731 0.876529 0.889217 0.887558 0.886512 0.886455 0.887967 0.892058 0.899343 0.909031 0.921609 0.93932 0.98287 1.07037 1.15558 -9999 -9999 -9999 -9999
-9999 -9999 -9999 0.375176 0.380441 0.392655 0.403084 0.408901 0.41289 0.417449 0.426688 0.428642 0.439291 0.463412 0.484863 0.471705 0.467304 0.462348 0.463662 0.467516 0.516415 0.543222 0.565806 0.603958 0.605641 0.601087 0.607097 0.620676 0.667341 0.7133 0.771426 0.817773 0.822135 0.849021 0.844162 0.826797 0.7847 0.756492 0.747747 0.744563 0.706756 0.706376 0.716762 0.719482 0.750886 0.783491 0.812786 0.825922 0.842566 0.856658 0.902192 0.886268 0.891773 0.875609 0.873826 0.880986 0.879382 0.878507 0.879794 0.883389 0.890011 0.899319 0.912753 0.931781 0.966946 1.06942 1.14748 -9999 -9999 -9999 -9999
-9999 -9999 -9999 -9999 -9999 0.401524 0.40977 0.420237 0.426926 0.422156 0.427273 0.433004 0.44091 0.45434 0.478903 0.485873 0.484167 0.502709 0.489365 0.472233 0.475301 0.481034 0.524268 0.555961 0.543176 0.555967 0.592362 0.622353 0.651691 0.70465 0.750631 0.803332 0.842836 0.84579 0.805735 0.776148 0.733173 0.715421 0.729038 0.722687 0.709591 0.694673 0.695177 0.712752 0.745381 0.776483 0.812829 0.812 0.826623 0.849752 0.869984 0.88438 0.881438 0.882981 0.869823 0.868022 0.873936 0.873016 0.873797 0.877109 0.883346 0.894775 0.908238 0.924677 0.94401 1.04928 1.15222 -9999 -9999 -9999 -9999
-9999 -9999 -9999 -9999 -9999 0.418227 0.429503 0.433673 0.419948 0.423991 0.429695 0.440056 0.445697 0.457169 0.477556 0.497001 0.513553 0.534314 0.524441 0.496614 0.481564 0.48273 0.520988 0.514555 0.527805 0.547886 0.593378 0.628644 0.650266 0.701467 0.751555 0.787749 0.835624 0.817726 0.797283 0.770437 0.725627 0.695146 0.685269 0.701687 0.695397 0.676528 0.689261 0.720109 0.735035 0.773662 0.81705 0.808445 0.817604 0.838639 0.850443 0.870064 0.874147 0.872761 0.869735 0.867468 0.868149 0.870242 0.870924 0.873832 0.880465 0.890552 0.903652 0.92003 0.939077 1.01438 1.14929 -9999 -9999 -9999 -9999
-9999 -9999 -9999 -9999 -9999 -9999 0.44904 0.439081 0.416123 0.425738 0.438393 0.44084 0.448659 0.4628 0.474084 0.496602 0.524811 0.577122 0.565299 0.539709 0.502719 0.485105 0.491706 0.514455 0.540856 0.595917 0.645107 0.657152 0.670694 0.709776 0.751004 0.791006 0.772234 0.750662 0.726308 0.713699 0.717923 0.692253 0.673272 0.687917 0.678155 0.667932 0.689982 0.709997 0.730448 0.770478 0.789342 0.805777 0.807523 0.833073 0.840316 0.857723 0.866445 0.869086 0.869212 0.867511 0.868255 0.869165 0.870151 0.873582 0.879488 0.889212 0.902273 0.918333 0.937054 0.96226 1.0518 1.10701 -9999 -9999 -9999
-9999 -9999 -9999 -9999 -9999 -9999 0.472553 0.475029 0.444914 0.450009 0.441957 0.441646 0.449629 0.46895 0.480821 0.513172 0.524161 0.572097 0.595972 0.579384 0.588532 0.537416 0.493304 0.514977 0.617796 0.659452 0.691262 0.691706 0.69825 0.713585 0.775871 0.793322 0.750604 0.723936 0.703109 0.687269 0.684962 0.686637 0.654512 0.656766 0.653385 0.665914 0.677134 0.708399 0.734413 0.753469 0.78203 0.801204 0.802275 0.832594 0.832507 0.851867 0.864609 0.871326 0.866862 0.86797 0.868779 0.870198 0.871635 0.874164 0.882043 0.890932 0.90346 0.919283 0.937045 0.957221 0.999913 1.05045 1.08274 1.09384 -9999
-9999 -9999 -9999 -9999 -9999 -9999 -9999 0.516162 0.468173 0.458478 0.454977 0.443953 0.449771 0.464214 0.480929 0.513539 0.541321 0.58445 0.633015 0.663808 0.58938 0.52555 0.494333 0.510302 0.596742 0.634945 0.643113 0.631142 0.653406 0.671485 0.721866 0.737009 0.755872 0.748179 0.719483 0.696104 0.672597 0.656239 0.656982 0.648883 0.654726 0.663853 0.673463 0.688843 0.705137 0.749798 0.755423 0.781947 0.792762 0.810969 0.827427 0.847929 0.866291 0.866396 0.865421 0.867301 0.870283 0.871879 0.873421 0.875996 0.880313 0.895349 0.907268 0.921962 0.939257 0.958094 0.994342 1.01978 1.05825 1.10138 1.14893
-9999 -9999 -9999 -9999 -9999 -9999 -9999 0.54619 0.497847 0.48642 0.459056 0.451029 0.451019 0.45817 0.472662 0.498354 0.534225 0.563548 0.618072 0.674469 0.598034 0.534067 0.49892 0.501058 0.581891 0.569427 0.591014 0.591408 0.625452 0.642992 0.664299 0.687963 0.712803 0.740023 0.755954 0.700453 0.672587 0.650836 0.642214 0.63945 0.641103 0.651495 0.676782 0.714458 0.709074 0.737679 0.755812 0.773967 0.790359 0.806711 0.822164 0.841594 0.851046 0.864512 0.862705 0.869419 0.871647 0.873479 0.875669 0.878759 0.88307 0.889146 0.901567 0.92631 0.942578 0.960511 0.996021 1.01746 1.03936 1.06398 1.1204
-9999 -9999 -9999 -9999 -9999 -9999 -9999 0.631695 0.55444 0.502607 0.4752 0.454065 0.453052 0.455942 0.473905 0.487254 0.513851 0.538333 0.574763 0.628642 0.662228 0.608077 0.522927 0.502375 0.518451 0.526449 0.55013 0.572141 0.580284 0.584998 0.61594 0.648139 0.686174 0.702279 0.716254 0.675661 0.671575 0.67666 0.633001 0.636507 0.643905 0.667699 0.698757 0.704456 0.745372 0.763109 0.792931 0.794482 0.797361 0.806731 0.819739 0.839426 0.84814 0.856451 0.86535 0.86935 0.8726 0.875344 0.878085 0.881516 0.886396 0.892524 0.899913 0.916883 0.929716 0.963552 0.998468 1.01845 1.03888 1.05867 1.0826
-9999 -9999 -9999 -9999 -9999 -9999 -9999 0.628064 0.57156 0.518201 0.490594 0.461963 0.460562 0.454035 0.461478 0.475509 0.499259 0.527523 0.558127 0.604911 0.640074 0.601426 0.551405 0.512907 0.51188 0.526563 0.533475 0.543416 0.552364 0.562757 0.579338 0.60239 0.642449 0.663628 0.693102 0.648167 0.644992 0.654748 0.634287 0.639249 0.679482 0.712665 0.723214 0.720049 0.74602 0.775495 0.817616 0.82048 0.80428 0.823822 0.834723 0.840051 0.847123 0.859385 0.864778 0.869492 0.873338 0.876913 0.880238 0.884042 0.889315 0.895568 0.903222 0.912952 0.933464 0.947373 0.982056 1.02024 1.03901 1.05755 1.07635
-9999 -9999 -9999 -9999 -9999 -9999 -9999 0.621429 0.592373 0.544711 0.49866 0.467083 0.458053 0.452293 0.457212 0.473124 0.486581 0.505414 0.532959 0.552249 0.584539 0.628463 0.560538 0.548828 0.543977 0.541538 0.527175 0.533632 0.548919 0.583846 0.578353 0.589971 0.619372 0.630863 0.647983 0.62435 0.626832 0.630363 0.635049 0.668963 0.715412 0.754491 0.737421 0.750391 0.754713 0.81543 0.795087 0.785808 0.791966 0.839712 0.863051 0.846716 0.857672 0.861585 0.865566 0.869312 0.874135 0.877849 0.882108 0.886635 0.891914 0.898439 0.906139 0.915407 0.926187 0.950067 0.984639 1.00151 1.00778 1.02572 1.06476
-9999 -9999 -9999 -9999 -9999 -9999 -9999 -9999 0.617179 0.556066 0.49939 0.47082 0.454818 0.449586 0.454752 0.465018 0.475455 0.488414 0.509239 0.534611 0.573488 0.603094 0.588447 0.578329 0.59144 0.582501 0.547186 0.538942 0.564478 0.628856 0.611097 0.583341 0.587891 0.594333 0.600818 0.613691 0.620176 0.631084 0.655381 0.723019 0.734637 0.765045 0.768658 0.788895 0.776504 0.814754 0.797933 0.797808 0.805616 0.844555 0.85932 0.849559 0.846914 0.857609 0.857649 0.869463 0.874308 0.878832 0.88371 0.888532 0.894051 0.900618 0.896126 0.904574 0.914342 0.938909 0.974675 0.992673 1.0105 1.0302 1.04289
-9999 -9999 -9999 -9999 -9999 -9999 -9999 -9999 0.632213 0.567885 0.49901 0.48166 0.463566 0.448037 0.452581 0.466247 0.478802 0.491112 0.504349 0.535078 0.56494 0.593708 0.6054 0.603436 0.628419 0.610615 0.562724 0.557856 0.567762 0.641453 0.663306 0.624762 0.592809 0.593832 0.600756 0.646714 0.641159 0.667641 0.702533 0.715332 0.733745 0.767988 0.760491 0.788724 0.787789 0.825884 0.820613 0.824085 0.816324 0.850986 0.870681 0.862141 0.856082 0.864214 0.855689 0.856785 0.861468 0.866795 0.87198 0.877392 0.88293 0.88946 0.896914 0.905475 0.915652 0.928116 0.960276 1.02937 1.04444 1.0514 1.05877
-9999 -9999 -9999 -9999 -9999 -9999 -9999 -9999 0.621704 0.579093 0.518348 0.474697 0.47779 0.45879 0.451021 0.465603 0.480938 0.496108 0.504309 0.537878 0.574444 0.604634 0.640039 0.638161 0.618775 0.6076 0.578305 0.577345 0.589699 0.640483 0.632103 0.607189 0.595812 0.595214 0.602658 0.615652 0.624743 0.645461 0.65686 0.684732 0.726292 0.74626 0.743361 0.789204 0.794214 0.788293 0.84189 0.827341 0.826093 0.866709 0.875307 0.857968 0.853211 0.849503 0.851469 0.856235 0.859245 0.865274 0.870911 0.876714 0.882996 0.889724 0.897717 0.906472 0.918987 0.934064 0.973959 1.04007 1.0518 1.05288 1.05558
-9999 -9999 -9999 -9999 -9999 -9999 -9999 -9999 0.61114 0.573016 0.520864 0.491341 0.490875 0.469023 0.449639 0.456701 0.472648 0.479863 0.495634 0.524826 0.556708 0.591334 0.609959 0.648658 0.617875 0.618044 0.593826 0.585199 0.632274 0.648086 0.632571 0.617047 0.613305 0.597326 0.601482 0.611937 0.644048 0.661852 0.660344 0.670867 0.686252 0.717031 0.724321 0.747311 0.761457 0.775844 0.835293 0.832136 0.840947 0.861482 0.851986 0.847226 0.846691 0.846442 0.851894 0.855371 0.857325 0.863348 0.869484 0.87586 0.882362 0.88973 0.898698 0.908172 0.923867 0.945459 0.977932 1.0683 1.05674 1.04426 1.07173
-9999 -9999 -9999 -9999 -9999 -9999 -9999 -9999 0.617139 0.575692 0.531727 0.516763 0.518893 0.474783 0.449348 0.453661 0.463368 0.473742 0.508065 0.509631 0.519138 0.550891 0.595708 0.644749 0.64435 0.635465 0.611863 0.603954 0.666163 0.68371 0.678423 0.65269 0.630009 0.606061 0.602982 0.615249 0.663179 0.713991 0.696842 0.67852 0.683799 0.696188 0.725696 0.739803 0.753757 0.778566 0.836431 0.851976 0.853529 0.854979 0.854119 0.847331 0.842789 0.855828 0.860583 0.855282 0.854991 0.861398 0.867859 0.874275 0.881315 0.888992 0.89946 0.910705 0.924585 0.964629 0.993913 1.05908 1.05811 1.05314 1.09815
-9999 -9999 -9999 -9999 -9999 -9999 -9999 -9999 0.630526 0.601986 0.559905 0.546305 0.520695 0.47913 0.46088 0.454226 0.458513 0.466766 0.484211 0.496057 0.515931 0.548991 0.592977 0.641587 0.674687 0.663892 0.641516 0.643495 0.693616 0.715363 0.697964 0.670195 0.626989 0.604025 0.604441 0.610986 0.624211 0.66256 0.708217 0.712948 0.697583 0.720495 0.746677 0.742288 0.751446 0.775853 0.796056 0.844277 0.864406 0.864543 0.86599 0.8565 0.837964 0.842078 0.850427 0.846351 0.85277 0.859329 0.865681 0.872558 0.879745 0.887513 0.89761 0.910995 0.940177 0.967396 1.00208 1.01585 1.0456 1.06942 1.08892
-9999 -9999 -9999 -9999 -9999 -9999 -9999 -9999 0.654912 0.619857 0.58055 0.543766 0.508899 0.479266 0.481177 0.467248 0.471318 0.465633 0.472102 0.488564 0.505989 0.535097 0.590681 0.638113 0.689599 0.681127 0.647577 0.676904 0.704155 0.750785 0.711233 0.667112 0.627454 0.607818 0.630415 0.615499 0.621279 0.63842 0.667526 0.710515 0.715125 0.749371 0.756804 0.748818 0.75116 0.761093 0.778117 0.822676 0.856353 0.863321 0.869336 0.861142 0.84848 0.835923 0.839999 0.843323 0.850158 0.856979 0.86354 0.870491 0.878138 0.886745 0.897058 0.92246 0.951609 0.9736 1.00077 1.01342 1.01958 1.06301 1.08629
