Test_Spring_2018/11_17/Prec/20171114_023.txt
ncols	170
nrows	115
xllcorner	350000.000000
yllcorner	4445000.000000
cellsize	1000.000000
nodata_value	-9999.000000
[rows 32 to 63 of 115, columns 72 to 143 of 170]
0 0 0 0.100056 0 0.100059 0.106908 0.107106 0.105148 0.100286 0 0 0 0 0 0 0 0 0 0 0 0 0 0 0 0 0 -9999 -9999 -9999 -9999 -9999 -9999 -9999 -9999 -9999 -9999 -9999 -9999 -9999 -9999 -9999 -9999 -9999 -9999 -9999 -9999 -9999 -9999 -9999 -9999 -9999 -9999 -9999 -9999 -9999 -9999 -9999 -9999 -9999 -9999 -9999 -9999 -9999 -9999 -9999 -9999 -9999 -9999 -9999 -9999 -9999
0 0 0 0 0 0.102311 0.106788 0.107783 0.107157 0.10517 0.103487 0.101698 0 0 0 0 0 0 0 0 0 0 0 0 0 0 0 0 -9999 -9999 -9999 -9999 -9999 -9999 -9999 -9999 -9999 -9999 -9999 -9999 -9999 -9999 -9999 -9999 -9999 -9999 -9999 -9999 -9999 -9999 -9999 -9999 -9999 -9999 -9999 -9999 -9999 -9999 -9999 -9999 -9999 -9999 -9999 -9999 -9999 -9999 -9999 -9999 -9999 -9999 -9999 -9999
0 0 0 0 0 0 0.100163 0.107778 0.107616 0.107508 0.104598 0.102337 0 0 0 0 0 0 0 0 0 0 0 0 0 0 0 0 0 -9999 -9999 -9999 -9999 -9999 -9999 -9999 -9999 -9999 -9999 -9999 -9999 -9999 -9999 -9999 -9999 -9999 -9999 -9999 -9999 -9999 -9999 -9999 -9999 -9999 -9999 -9999 -9999 -9999 -9999 -9999 -9999 -9999 -9999 -9999 -9999 -9999 -9999 -9999 -9999 -9999 -9999 -9999
0 0 0 0 0 0 0.102833 0.105278 0.107768 0.107744 0.104769 0 0 0 0 0 0 0 0 0 0 0 0 0 0 0 0 0 0 0 -9999 -9999 -9999 -9999 -9999 -9999 -9999 -9999 -9999 -9999 -9999 -9999 -9999 -9999 -9999 -9999 -9999 -9999 -9999 -9999 -9999 -9999 -9999 -9999 -9999 -9999 -9999 -9999 -9999 -9999 -9999 -9999 -9999 -9999 -9999 -9999 -9999 -9999 -9999 -9999 -9999 -9999
-9999 -9999 0 0 0 0 0.1017 0.10493 0.108073 0.10808 0.101877 0 0 0 0 0 0 0 0 0 0 0 0 0 0 0 0 0 0 0 -9999 -9999 -9999 -9999 -9999 -9999 -9999 -9999 -9999 -9999 -9999 -9999 -9999 -9999 -9999 -9999 -9999 -9999 -9999 -9999 -9999 -9999 -9999 -9999 -9999 -9999 -9999 -9999 -9999 -9999 -9999 -9999 -9999 -9999 -9999 -9999 -9999 -9999 -9999 -9999 -9999 -9999
-9999 -9999 -9999 0 0 0 0.100621 0.102798 0.107715 0.107954 0.105745 0.104154 0.101761 0 0 0 0 0 0 0 0 0 0 0 0 0 0 0 0 0 0 -9999 -9999 -9999 -9999 -9999 -9999 -9999 -9999 -9999 -9999 -9999 -9999 0 -9999 -9999 -9999 -9999 -9999 -9999 -9999 -9999 -9999 -9999 -9999 -9999 -9999 -9999 -9999 -9999 -9999 -9999 -9999 -9999 0.100802 -9999 -9999 -9999 -9999 -9999 -9999 -9999
-9999 -9999 0 0 0 0 0 0.102092 0.107694 0.107978 0.106451 0.104713 0.100561 0 0 0 0 0 0 0 0 0.100641 0.100461 0 0 0 0 0 0 0 0 0 -9999 -9999 -9999 -9999 -9999 -9999 -9999 0 0 0 0 0 0 -9999 -9999 -9999 -9999 -9999 -9999 -9999 -9999 -9999 -9999 -9999 -9999 -9999 -9999 -9999 -9999 -9999 -9999 -9999 0.106087 0 -9999 -9999 -9999 -9999 -9999 -9999
-9999 -9999 0 0 0 0 0.101382 0.103938 0.105993 0.107947 0.10781 0.105813 0.102716 0.102994 0 0 0 0.10016 0.10185 0.101476 0.100934 0.100836 0 0 0.103431 0.100945 0 0 0 0 0 0 -9999 -9999 -9999 -9999 -9999 -9999 0 0 0 0 0 0.105195 0.105043 0.106573 -9999 -9999 -9999 -9999 -9999 -9999 -9999 -9999 -9999 -9999 -9999 -9999 -9999 -9999 0.142131 0.133997 0.116074 0.108031 0.104232 0 -9999 -9999 -9999 -9999 -9999 -9999
-9999 -9999 0 0 0 0 0 0.104482 0.106459 0.107538 0.107528 0.107203 0.106728 0.102949 0.101523 0 0.102243 0.102794 0.102333 0 0 0 0 0 0.101837 0 0 0 0 0 0 0 -9999 -9999 -9999 -9999 -9999 -9999 0 0 0.104514 0.105598 0 0.109523 0.115702 0.110609 0.110253 0.116251 0.119778 0.122107 0.131298 0.133504 0.131195 0.134426 -9999 -9999 -9999 -9999 0.138803 0.140381 0.142166 0.139863 0.12026 0.107789 0 0.102903 -9999 -9999 -9999 -9999 -9999 -9999
-9999 -9999 0 0 0 0 0 0.102948 0.105349 0.10935 0.108889 0.108632 0.108404 0.107055 0.104047 0.104947 0.105254 0.104239 0 0 0 0 0 0 0 0 0 0 0 0 0 0 -9999 -9999 -9999 0 0 0 0 0 0.105119 0.1099 0.113458 0.116137 0.116083 0.110994 0.105454 0.108662 0.121126 0.124768 0.133099 0.135158 0.132819 0.136001 0.139049 0.140691 0.141236 0.140989 0.141629 0.143056 0.144242 0.142347 0.123562 0.11501 0.110741 0.10499 -9999 -9999 -9999 -9999 -9999 -9999
-9999 -9999 0 0 0 0 0.100381 0.103715 0.105909 0.108466 0.108556 0.10493 0.107503 0.107025 0.106546 0.105701 0.104614 0 0 0 0 0 0 0 0 0 0 0 0 0 0 0 -9999 -9999 0 0 0 0 0 0 0.108119 0.108638 0.117609 0.1178 0.108992 0.111027 0.107137 0.110954 0.118571 0.120345 0.129492 0.137324 0.138207 0.137927 0.139599 0.139814 0.139943 0.140228 0.139617 0.141391 0.1431 0.142772 0.131172 0.127112 0.125894 0.105268 -9999 -9999 -9999 -9999 -9999 -9999
-9999 -9999 0 0 0.100858 0.101845 0.105358 0.10284 0.101981 0.106527 0.107822 0.105038 0.102956 0.105857 0.105562 0.105323 0.105131 0 0 0 0 0 0 0 0 0 0 0 0 0 0 0 0 -9999 0 0 0 0 0.107745 0.104503 0.113644 0.115071 0.122218 0.119035 0.114637 0.114615 0.11509 0.114851 0.121881 0.126826 0.132577 0.134409 0.138215 0.1383 0.138399 0.138248 0.138223 0.138562 0.139171 0.140269 0.141658 0.142943 0.139123 0.137923 0.126757 0.104957 -9999 -9999 -9999 -9999 -9999 -9999
-9999 0 0 0 0.101734 0.103959 0.10571 0.106741 0.107912 0.106932 0.107262 0.10627 0 0 0.100487 0.104163 0.104367 0.104459 0.100291 0 0 0 0 0 0 0 0 0 0 0 0 0 0 0 0 0 0 0.10175 0.112391 0.116782 0.118068 0.122903 0.124682 0.122437 0.120911 0.11984 0.117266 0.117454 0.118022 0.122284 0.127644 0.134196 0.135917 0.137529 0.137271 0.136914 0.136762 0.137017 0.137649 0.138655 0.14039 0.142637 0.14689 0.141363 0.125973 0.114426 -9999 -9999 -9999 -9999 -9999 -9999
-9999 -9999 0 0 0 0 0 0.101582 0.106105 0.105872 0.107563 0.105663 0 0 0 0.100061 0.102738 0.103696 0.104378 0 0 0 0 0 0 0 0 0 0 0 0 0 0 0 0 0 0 0 0.10244 0.11769 0.122175 0.124649 0.128751 0.123367 0.124489 0.120985 0.122892 0.123128 0.123631 0.112377 0.126062 0.12626 0.133148 0.135841 0.136581 0.135957 0.135657 0.135622 0.136158 0.137246 0.139097 0.142631 0.148342 0.146727 0.122451 0.113893 -9999 -9999 -9999 -9999 -9999 -9999
-9999 -9999 -9999 -9999 0 0 0 0 0.105529 0.106743 0.107075 0.106029 0.102524 0 0 0 0 0 0.103632 0.105792 0.107847 0 0 0.106845 0.109265 0.103582 0.100133 0 0 0 0 0 0 0 0 0.103562 0.110311 0.106333 0.109797 0.118248 0.126974 0.13117 0.130141 0.124427 0.126028 0.120246 0.127213 0.12832 0.125805 0.1235 0.126401 0.129526 0.130146 0.135141 0.135654 0.135499 0.134893 0.13475 0.135161 0.13624 0.139898 0.143182 0.147139 0.151429 0.126621 0.109732 -9999 -9999 -9999 -9999 -9999 -9999
-9999 -9999 -9999 -9999 0 0 0 0.101216 0.105856 0.106847 0.105517 0.105195 0.102291 0 0 0 0 0 0 0.103601 0.107318 0 0.110446 0.112556 0.112587 0.103886 0 0 0 0 0 0 0 0 0 0.106647 0.117728 0.122034 0.118098 0.122831 0.132891 0.132794 0.127134 0.127637 0.126559 0.118412 0.128197 0.131313 0.129625 0.130349 0.131327 0.132016 0.133646 0.135052 0.135647 0.134985 0.134502 0.134221 0.134619 0.136556 0.139017 0.142485 0.14659 0.151168 0.137076 0.109211 -9999 -9999 -9999 -9999 -9999 -9999
-9999 -9999 -9999 -9999 -9999 0 0 0.103441 0.1061 0.104623 0.106014 0.104885 0.101005 0 0 0 0 0 0 0 0.107056 0.109703 0.111091 0.10864 0 0 0 0 0 0 0 0 0 0.104008 0.110167 0.109758 0.119299 0.126776 0.123252 0.129143 0.136124 0.132712 0.130783 0.12931 0.127688 0.128101 0.129139 0.134864 0.131631 0.133997 0.135745 0.134869 0.135147 0.135498 0.135926 0.135251 0.134624 0.134442 0.134854 0.136521 0.139044 0.14247 0.146647 0.151322 0.154744 0.142757 0.137022 -9999 -9999 -9999 -9999 -9999
-9999 -9999 -9999 -9999 -9999 0 0 0 0 0.104074 0.106389 0.105183 0 0 0 0 0 0 0 0 0 0.1102 0.111957 0 0 0 0 0 0 0 0 0 0.102606 0.11243 0.119737 0.121949 0.121864 0.133604 0.135098 0.138725 0.137688 0.137967 0.131993 0.128452 0.134106 0.13101 0.130993 0.136885 0.13195 0.136878 0.138025 0.135834 0.134805 0.136895 0.136482 0.135914 0.135619 0.135182 0.135557 0.137197 0.139901 0.14335 0.147407 0.152195 0.157149 0.161381 0.157083 0.158774 0.16717 -9999 -9999 -9999
-9999 -9999 -9999 -9999 -9999 -9999 0 0 0 0.100145 0.10617 0.105726 0.102788 0 0 0 0 0 0 0 0 0.111323 0.115048 0 0 0 0 0 0 0 0 0 0 0.107333 0.11773 0.126757 0.133089 0.13346 0.137141 0.139738 0.139817 0.140534 0.139946 0.139611 0.136271 0.140969 0.138192 0.140528 0.139724 0.138825 0.13973 0.135684 0.137133 0.138214 0.137765 0.138257 0.137188 0.136909 0.13739 0.138643 0.141531 0.144934 0.14904 0.153586 0.15857 0.16475 0.168778 0.167912 0.164777 0.159215 -9999 -9999
-9999 -9999 -9999 -9999 -9999 -9999 0 0 0 0 0.105173 0.107675 0.105977 0.101494 0 0 0 0 0 0 0 0.11156 0.116053 0 0.108813 0.107838 0.11426 0.108784 0.108809 0.110886 0.10725 0.102542 0 0 0.116475 0.127183 0.135572 0.139387 0.141358 0.142156 0.14127 0.141062 0.132483 0.139482 0.14172 0.14175 0.141633 0.141801 0.141488 0.140853 0.142347 0.141535 0.138514 0.141253 0.141616 0.140364 0.139575 0.13936 0.139856 0.141193 0.143321 0.146527 0.151301 0.155656 0.160352 0.166367 0.171146 0.175474 0.178285 0.169189 0.164899 0.167352
-9999 -9999 -9999 -9999 -9999 -9999 0 0 0 0 0.106437 0.108083 0.108025 0.102513 0 0 0 0 0 0 0 0.10308 0.117425 0.121857 0.125119 0.123011 0.121477 0.124662 0.128803 0.127427 0.122622 0.112892 0.112589 0.109656 0.125329 0.127918 0.127139 0.143404 0.143371 0.142311 0.135976 0.128932 0.13024 0.128264 0.134289 0.129888 0.135259 0.139887 0.141816 0.141916 0.143577 0.144994 0.143714 0.145577 0.144237 0.143105 0.142434 0.142385 0.143008 0.144258 0.146337 0.149276 0.153025 0.157001 0.162589 0.168313 0.17281 0.176921 0.18077 0.182468 0.182746 0.181558
-9999 -9999 -9999 -9999 -9999 -9999 0 0 0 0 0.104869 0.106763 0.110161 0.108523 0.104581 0 0 0 0 0 0 0 0.113356 0.123828 0.126439 0.129747 0.131988 0.136555 0.138333 0.142044 0.137993 0.130846 0.12599 0.117743 0.135094 0.137568 0.135382 0.143765 0.143425 0.131053 0.121542 0.120411 0.126328 0.121015 0.122919 0.122498 0.127075 0.138086 0.138218 0.138925 0.146045 0.146117 0.149141 0.148137 0.147053 0.146224 0.145737 0.145875 0.146641 0.147882 0.149889 0.152553 0.155603 0.159949 0.163929 0.169339 0.174529 0.178412 0.181972 0.18483 0.186838 0.192162
-9999 -9999 -9999 -9999 -9999 -9999 0 0 0 0 0.104471 0.109146 0.112439 0.111878 0.10748 0.104075 0 0 0 0 0 0 0.102828 0.114489 0.122216 0.132841 0.136184 0.136317 0.135799 0.141954 0.146041 0.138798 0.137347 0.133511 0.143574 0.144272 0.144484 0.144303 0.134046 0.119662 0.108197 0.116759 0.115262 0.119417 0.110603 0.12394 0.132517 0.135662 0.133126 0.129361 0.144401 0.150002 0.150423 0.150364 0.150119 0.14946 0.1494 0.149607 0.150397 0.15177 0.153658 0.156123 0.159006 0.16225 0.166856 0.171905 0.175659 0.178347 0.182065 0.185819 0.188647 0.193147
-9999 -9999 -9999 -9999 -9999 -9999 -9999 0 0 0 0.104868 0.11212 0.115404 0.114954 0.112734 0.110579 0.107768 0.102516 0 0 0 0 0 0.101228 0.109378 0.126838 0.134833 0.130918 0.118874 0.134643 0.147853 0.149343 0.14976 0.149795 0.147478 0.14696 0.144801 0.137974 0.116122 0.114086 0.105817 0.10728 0.10333 0.113761 0.113505 0.124328 0.129413 0.131698 0.122955 0.128637 0.144327 0.14834 0.147214 0.149416 0.153104 0.15292 0.153027 0.153393 0.154344 0.155761 0.157612 0.158426 0.1611 0.164139 0.168618 0.173583 0.176422 0.179462 0.181771 0.186258 0.189215 0.196968
-9999 -9999 -9999 -9999 -9999 -9999 -9999 0 0 0 0.102941 0.111022 0.118042 0.117968 0.114721 0.111967 0.109487 0.106938 0 0 0 0 0 0 0.101025 0.122419 0.128774 0.129877 0.120585 0.11664 0.133455 0.147617 0.149922 0.149868 0.135934 0.139834 0.13246 0.122161 0.119691 0.115452 0.105944 0.111334 0.104575 0.108348 0.111222 0.117759 0.12133 0.128808 0.121339 0.125417 0.141514 0.14685 0.146838 0.152326 0.154235 0.154808 0.155226 0.155925 0.156931 0.158413 0.16017 0.162293 0.164742 0.167324 0.169753 0.172715 0.166511 0.169768 0.175803 0.18146 0.191725 0.198493
-9999 -9999 -9999 -9999 -9999 -9999 -9999 0 0 0 0.10744 0.108199 0.116545 0.120903 0.117461 0.113842 0.110432 0.109662 0.100274 0 0 0 0 0 0.103533 0.118003 0.122567 0.122405 0.121491 0.12788 0.13977 0.146652 0.149503 0.149311 0.146991 0.145909 0.140708 0.138785 0.131203 0.119005 0.114578 0.118408 0.105493 0.107133 0.112859 0.111632 0.12129 0.126291 0.116566 0.13491 0.144661 0.149676 0.15401 0.156104 0.157047 0.158543 0.159049 0.159891 0.160998 0.162372 0.164111 0.165984 0.168188 0.169665 0.17079 0.163715 0.165685 0.16945 0.176893 0.183576 0.196433 0.200148
-9999 -9999 -9999 -9999 -9999 -9999 -9999 0 0 0 0.103875 0.105942 0.115372 0.123885 0.123163 0.119399 0.118804 0.11538 0.10746 0 0 0 0 0 0.101315 0.113625 0.120483 0.121545 0.119465 0.128132 0.136586 0.140705 0.148896 0.149871 0.148505 0.139481 0.135425 0.138148 0.136759 0.133821 0.125702 0.126023 0.121106 0.119528 0.118093 0.115175 0.1207 0.122041 0.129906 0.144752 0.150179 0.153856 0.157179 0.158301 0.159975 0.162135 0.162929 0.163848 0.164951 0.16637 0.167918 0.169386 0.171179 0.171293 0.169806 0.164918 0.158705 0.170047 0.181683 0.190403 0.198248 0.201513
-9999 -9999 -9999 -9999 -9999 -9999 -9999 0 0 0 0 0 0.115881 0.126576 0.126872 0.125324 0.123629 0.113686 0.115339 0.114385 0.105834 0 0 0 0 0.108381 0.114646 0.110614 0.107685 0.112581 0.124454 0.135092 0.146018 0.149517 0.147555 0.133074 0.117576 0.12587 0.134668 0.135361 0.13375 0.126366 0.124587 0.123082 0.117985 0.111769 0.114829 0.118623 0.14135 0.145722 0.151951 0.15717 0.156036 0.157623 0.162608 0.165801 0.166696 0.167706 0.168949 0.170271 0.171728 0.172611 0.173647 0.174185 0.165977 0.161876 0.155742 0.171937 0.180516 0.192997 0.200928 0.20418
-9999 -9999 -9999 -9999 -9999 -9999 -9999 0 0 0 0 0.100554 0.116982 0.125207 0.129363 0.129715 0.128736 0.124631 0.122595 0.117883 0.108705 0 0 0 0 0 0.10941 0.101913 0 0.106253 0.118695 0.136403 0.14692 0.149172 0.149218 0.146902 0.135821 0.122245 0.123073 0.131067 0.12586 0.11971 0.124452 0.124666 0.119738 0.116432 0.118551 0.12739 0.13963 0.14328 0.15057 0.160829 0.162991 0.163519 0.168283 0.169335 0.170364 0.171567 0.172763 0.174094 0.175522 0.176479 0.176654 0.17168 0.167746 0.161518 0.162847 0.178707 0.189026 0.198657 0.203547 0.206326
-9999 -9999 -9999 -9999 -9999 -9999 -9999 0 0 0 0 0.107346 0.119632 0.120831 0.127532 0.127938 0.13178 0.131431 0.12767 0.123674 0.115709 0 0 0 0 0 0.105723 0 0 0.102117 0.120137 0.136497 0.145773 0.140225 0.147751 0.148044 0.144405 0.136665 0.124191 0.125282 0.116198 0.116686 0.122771 0.125451 0.125662 0.123545 0.122518 0.13167 0.141602 0.143782 0.150765 0.159131 0.167288 0.169485 0.171834 0.172901 0.173977 0.175217 0.176459 0.17766 0.178785 0.179615 0.175504 0.170424 0.168175 0.164415 0.165971 0.180288 0.193851 0.202053 0.206545 0.209395
-9999 -9999 -9999 -9999 -9999 -9999 -9999 -9999 0 0 0 0 0.107394 0.113498 0.118325 0.119702 0.132928 0.134127 0.131854 0.128071 0.121214 0.108272 0 0 0 0 0 0 0 0.10426 0.121524 0.139405 0.14219 0.132361 0.134801 0.137869 0.14371 0.141979 0.124712 0.116391 0.109684 0.116098 0.122859 0.125361 0.126821 0.126956 0.135673 0.141047 0.150111 0.157151 0.159803 0.166015 0.170885 0.173078 0.174991 0.176228 0.177475 0.178661 0.179692 0.180864 0.181382 0.180893 0.175982 0.161939 0.164659 0.165049 0.162326 0.179576 0.196053 0.20448 0.209875 0.212675
-9999 -9999 -9999 -9999 -9999 -9999 -9999 -9999 0 0 0 0 0 0 0.106113 0.111137 0.123763 0.13576 0.135323 0.131453 0.124896 0.117315 0.105323 0 0 0 0 0.10971 0.113869 0.119692 0.130595 0.133411 0.123337 0.113905 0.120489 0.124764 0.138806 0.142043 0.140326 0.130327 0.118831 0.113379 0.12221 0.124472 0.126253 0.12774 0.135285 0.143472 0.15528 0.161654 0.166519 0.169819 0.174376 0.176544 0.178108 0.179609 0.180783 0.181843 0.182591 0.183319 0.182218 0.180703 0.171493 0.164229 0.160514 0.155437 0.173723 0.18451 0.196854 0.207148 0.212614 0.21539
