Test_Spring_2018/11_17/Prec/20171108_000.txt
ncols	170
nrows	115
xllcorner	350000.000000
yllcorner	4445000.000000
cellsize	1000.000000
nodata_value	-9999.000000
[rows 32 to 63 of 115, columns 72 to 143 of 170]
1.29846 1.26542 1.31363 1.35784 1.2712 1.23686 1.29751 1.29653 1.26968 1.20808 1.18394 1.15864 1.14184 1.06197 0.843316 0.645587 0.745526 0.743609 0.666903 0.790483 0.716479 0.532309 0.274375 0.402921 0.359158 0.138698 0 -9999 -9999 -9999 -9999 -9999 -9999 -9999 -9999 -9999 -9999 -9999 -9999 -9999 -9999 -9999 -9999 -9999 -9999 -9999 -9999 -9999 -9999 -9999 -9999 -9999 -9999 -9999 -9999 -9999 -9999 -9999 -9999 -9999 -9999 -9999 -9999 -9999 -9999 -9999 -9999 -9999 -9999 -9999 -9999 -9999
1.27502 1.25932 1.3308 1.32756 1.308 1.27108 1.3044 1.31282 1.30178 1.27426 1.24988 1.22367 1.16014 1.06936 0.881684 0.656866 0.60227 0.705269 0.704742 0.715734 0.646599 0.560876 0.43049 0.521328 0.550582 0.404844 0.209333 0.103696 -9999 -9999 -9999 -9999 -9999 -9999 -9999 -9999 -9999 -9999 -9999 -9999 -9999 -9999 -9999 -9999 -9999 -9999 -9999 -9999 -9999 -9999 -9999 -9999 -9999 -9999 -9999 -9999 -9999 -9999 -9999 -9999 -9999 -9999 -9999 -9999 -9999 -9999 -9999 -9999 -9999 -9999 -9999 -9999
1.24232 1.16861 1.21045 1.24153 1.26809 1.22666 1.23541 1.32225 1.31691 1.31189 1.27328 1.24172 1.19004 1.10277 0.979048 0.830064 0.572992 0.722605 0.837643 0.826997 0.811962 0.748182 0.62113 0.708644 0.702251 0.505644 0.312219 0.199587 0.145989 -9999 -9999 -9999 -9999 -9999 -9999 -9999 -9999 -9999 -9999 -9999 -9999 -9999 -9999 -9999 -9999 -9999 -9999 -9999 -9999 -9999 -9999 -9999 -9999 -9999 -9999 -9999 -9999 -9999 -9999 -9999 -9999 -9999 -9999 -9999 -9999 -9999 -9999 -9999 -9999 -9999 -9999 -9999
1.20137 1.11145 1.15319 1.21019 1.26995 1.28952 1.27724 1.30321 1.32967 1.32616 1.28731 1.17339 1.15554 1.14815 1.06611 0.896663 0.72636 0.677075 0.855045 0.899401 0.878761 0.90948 0.79868 0.833371 0.801435 0.716004 0.526703 0.347466 0.272173 0.137378 -9999 -9999 -9999 -9999 -9999 -9999 -9999 -9999 -9999 -9999 -9999 -9999 -9999 -9999 -9999 -9999 -9999 -9999 -9999 -9999 -9999 -9999 -9999 -9999 -9999 -9999 -9999 -9999 -9999 -9999 -9999 -9999 -9999 -9999 -9999 -9999 -9999 -9999 -9999 -9999 -9999 -9999
-9999 -9999 1.0691 1.12583 1.18279 1.24847 1.27474 1.31048 1.34533 1.34298 1.26678 1.22908 1.22472 1.17113 1.07713 1.01563 0.905931 0.790438 0.822948 0.971129 0.889294 0.988965 0.966039 0.972488 0.88282 0.712795 0.488726 0.346144 0.275749 0.162635 -9999 -9999 -9999 -9999 -9999 -9999 -9999 -9999 -9999 -9999 -9999 -9999 -9999 -9999 -9999 -9999 -9999 -9999 -9999 -9999 -9999 -9999 -9999 -9999 -9999 -9999 -9999 -9999 -9999 -9999 -9999 -9999 -9999 -9999 -9999 -9999 -9999 -9999 -9999 -9999 -9999 -9999
-9999 -9999 -9999 1.12404 1.1662 1.27328 1.2733 1.29728 1.35404 1.35553 1.32775 1.3065 1.27454 1.2317 1.16057 1.08075 0.976813 0.959627 1.05097 1.04059 1.00628 1.00844 1.04494 1.01485 0.861956 0.65108 0.526557 0.260674 0.151483 0.144936 0 -9999 -9999 -9999 -9999 -9999 -9999 -9999 -9999 -9999 -9999 -9999 -9999 0.200616 -9999 -9999 -9999 -9999 -9999 -9999 -9999 -9999 -9999 -9999 -9999 -9999 -9999 -9999 -9999 -9999 -9999 -9999 -9999 -9999 0 -9999 -9999 -9999 -9999 -9999 -9999 -9999
-9999 -9999 1.15081 1.1894 1.2398 1.30639 1.29778 1.30132 1.36739 1.37083 1.35265 1.33122 1.27985 1.26626 1.22499 1.13879 1.11539 1.13959 1.14371 1.1478 1.14341 1.11815 1.0792 1.03313 0.926856 0.812605 0.729139 0.495959 0.362365 0.249523 0 0 -9999 -9999 -9999 -9999 -9999 -9999 -9999 0.149115 0.13743 0.133421 0.158019 0.237674 0.178383 -9999 -9999 -9999 -9999 -9999 -9999 -9999 -9999 -9999 -9999 -9999 -9999 -9999 -9999 -9999 -9999 -9999 -9999 -9999 0 0 -9999 -9999 -9999 -9999 -9999 -9999
-9999 -9999 1.15461 1.22303 1.2564 1.32145 1.35895 1.33558 1.3612 1.38617 1.38635 1.3638 1.32674 1.32729 1.2717 1.23844 1.21079 1.24591 1.2424 1.20956 1.16994 1.13106 1.05424 1.02618 0.973415 0.890316 0.769688 0.646809 0.451683 0.236621 0 0 -9999 -9999 -9999 -9999 -9999 -9999 0.165428 0.232137 0.269802 0.17158 0.243835 0.308648 0.289211 0.195697 -9999 -9999 -9999 -9999 -9999 -9999 -9999 -9999 -9999 -9999 -9999 -9999 -9999 -9999 0.261177 0.142957 0 0 0 0 -9999 -9999 -9999 -9999 -9999 -9999
-9999 -9999 1.15026 1.23192 1.28726 1.33727 1.34554 1.36572 1.38065 1.39735 1.40132 1.40089 1.39706 1.35157 1.33035 1.25547 1.31621 1.30323 1.27245 1.18788 1.13921 1.00105 0.926512 0.880106 0.951254 0.851528 0.673238 0.457905 0.191592 0.141835 0 0 -9999 -9999 -9999 -9999 -9999 -9999 0.181245 0.253788 0.313471 0.317532 0.21985 0.340933 0.314331 0.23366 0.207668 0.256133 0.2754 0.214113 0.273732 0.286954 0.248636 0.277305 -9999 -9999 -9999 -9999 0.278366 0.280855 0.282516 0.232416 0 0 0 0 -9999 -9999 -9999 -9999 -9999 -9999
-9999 -9999 1.21742 1.26681 1.29153 1.29539 1.34204 1.35878 1.38108 1.41806 1.42007 1.42393 1.42639 1.41259 1.37492 1.37815 1.36822 1.33598 1.19259 1.02433 1.07015 0.945913 0.738787 0.845921 0.901376 0.788753 0.575215 0.3334 0.222739 0.189823 0 0 -9999 -9999 -9999 0 0 0 0.114984 0.214331 0.288844 0.34441 0.379273 0.364717 0.308323 0.229026 0.142806 0.159207 0.285036 0.307261 0.29737 0.310961 0.274611 0.282709 0.314106 0.328605 0.328791 0.317226 0.312905 0.314015 0.308098 0.261567 0 0 0 0 -9999 -9999 -9999 -9999 -9999 -9999
-9999 -9999 1.29707 1.34233 1.37777 1.34098 1.34884 1.39001 1.3925 1.42282 1.43441 1.40165 1.44037 1.43964 1.43406 1.41801 1.39193 1.27167 1.10608 0.936389 0.844679 0.860499 0.717325 0.727287 0.782195 0.700097 0.544964 0.324602 0.269011 0.186117 0 0 -9999 -9999 0 0 0.110103 0.183186 0.203862 0.203236 0.299091 0.303072 0.404844 0.367927 0.21402 0.220708 0.154883 0.179113 0.213896 0.21629 0.254595 0.314772 0.320871 0.314973 0.332959 0.333331 0.331021 0.327671 0.309806 0.315504 0.315444 0.286306 0.119191 0 0 0 -9999 -9999 -9999 -9999 -9999 -9999
-9999 -9999 1.3303 1.38232 1.43743 1.44441 1.48235 1.38576 1.35664 1.42277 1.44299 1.42354 1.41049 1.45268 1.45166 1.4443 1.42933 1.31525 1.18051 0.980497 0.844863 0.759501 0.680944 0.552284 0.562364 0.514024 0.461454 0.449164 0.346645 0.202147 0 0 0 -9999 0 0 0 0.172939 0.266858 0.230436 0.340829 0.358717 0.414467 0.37024 0.272046 0.221416 0.207761 0.185376 0.249546 0.286699 0.289508 0.305126 0.326727 0.327913 0.330124 0.328895 0.327196 0.326421 0.324261 0.32248 0.31833 0.307159 0.230191 0.141003 0 0 -9999 -9999 -9999 -9999 -9999 -9999
-9999 1.20081 1.32943 1.41709 1.45026 1.4722 1.48968 1.50019 1.49372 1.43884 1.45898 1.45659 1.39057 1.40268 1.41859 1.45913 1.44948 1.42852 1.3469 1.1067 1.01443 0.862596 0.686409 0.573991 0.566515 0.646285 0.603905 0.490098 0.369037 0.206972 0 0 0 0 0 0 0 0.165401 0.294009 0.35108 0.371721 0.411213 0.430756 0.368192 0.306179 0.27562 0.226083 0.208934 0.196954 0.230227 0.234276 0.302077 0.320942 0.325957 0.326652 0.325588 0.324699 0.324769 0.324113 0.32174 0.3214 0.320562 0.308737 0.200022 0 0 -9999 -9999 -9999 -9999 -9999 -9999
-9999 -9999 1.30825 1.34942 1.36002 1.37538 1.40658 1.44164 1.47694 1.48089 1.5093 1.4697 1.40942 1.34218 1.41015 1.43459 1.45482 1.44381 1.41828 1.21023 1.08623 0.978674 0.806372 0.801514 0.808692 0.772163 0.704135 0.498968 0.29623 0 0 0 0 0 0 0 0 0.116854 0.152255 0.340511 0.386316 0.397857 0.441609 0.369756 0.341028 0.281788 0.285296 0.268812 0.256258 0.10638 0.212404 0.211113 0.29198 0.322957 0.326183 0.324257 0.323677 0.321953 0.321233 0.320275 0.32108 0.315628 0.314597 0.244006 0 0 -9999 -9999 -9999 -9999 -9999 -9999
-9999 -9999 -9999 -9999 1.33207 1.35873 1.37255 1.39788 1.47276 1.49433 1.50745 1.50537 1.47402 1.3853 1.36981 1.38245 1.30458 1.34936 1.41622 1.39049 1.3518 1.15706 1.02278 1.06224 0.996138 0.832532 0.695263 0.56038 0.327461 0.139911 0 0 0 0 0 0.141591 0.216356 0.171659 0.220022 0.311239 0.416324 0.465223 0.448962 0.373644 0.351959 0.265761 0.329104 0.322961 0.274886 0.23118 0.212419 0.24692 0.255036 0.317363 0.328033 0.325456 0.322855 0.321141 0.319793 0.31907 0.316467 0.315413 0.314115 0.310528 0 0 -9999 -9999 -9999 -9999 -9999 -9999
-9999 -9999 -9999 -9999 1.27298 1.28818 1.32868 1.43871 1.47723 1.49611 1.4897 1.49653 1.47282 1.40578 1.33539 1.27219 1.18532 1.21943 1.32345 1.37152 1.35052 1.1751 1.19676 1.12746 1.03014 0.827935 0.667957 0.564164 0.337823 0.131949 0 0 0 0 0 0.161353 0.288295 0.341012 0.296371 0.356236 0.477623 0.476102 0.405274 0.403585 0.350951 0.236711 0.333354 0.351043 0.312918 0.305355 0.265728 0.272306 0.293395 0.314388 0.327145 0.324873 0.32161 0.319071 0.3181 0.317171 0.315487 0.315403 0.314229 0.31213 0 0 -9999 -9999 -9999 -9999 -9999 -9999
-9999 -9999 -9999 -9999 -9999 1.21866 1.31692 1.46424 1.47882 1.46781 1.493 1.48982 1.45427 1.42427 1.34173 1.23005 1.01218 1.05412 1.14857 1.2869 1.34301 1.29786 1.1983 1.07409 0.831681 0.613741 0.549386 0.478761 0.302409 0.13293 0 0 0 0.16912 0.212202 0.190768 0.298899 0.388778 0.350773 0.424245 0.509023 0.468063 0.441099 0.415797 0.356818 0.343717 0.336922 0.385581 0.329413 0.341573 0.311892 0.300534 0.306223 0.315327 0.32666 0.324717 0.321399 0.319716 0.316566 0.316685 0.315391 0.314266 0.313228 0.311441 0.290463 0 0 -9999 -9999 -9999 -9999 -9999
-9999 -9999 -9999 -9999 -9999 1.1333 1.17822 1.35307 1.3845 1.45709 1.49187 1.48652 1.42842 1.39323 1.27234 1.23157 1.0336 0.925248 0.982777 0.930677 1.12546 1.29005 1.19535 0.755373 0.568445 0.422457 0.406265 0.364895 0.287172 0 0 0.100909 0.196044 0.269914 0.32705 0.333821 0.328764 0.470318 0.487341 0.533162 0.522227 0.524088 0.448588 0.398305 0.424837 0.370153 0.350939 0.401759 0.32574 0.368528 0.331486 0.304767 0.295127 0.324837 0.326159 0.325345 0.321934 0.318597 0.315713 0.313768 0.314675 0.313971 0.311775 0.311639 0.30916 0.282073 0.168032 0.127162 0.169221 -9999 -9999 -9999
-9999 -9999 -9999 -9999 -9999 -9999 1.01796 1.2636 1.35357 1.40464 1.48135 1.48302 1.44721 1.39165 1.26591 1.15576 0.977994 0.773842 0.62726 0.921444 1.16963 1.28174 1.21202 0.840368 0.66833 0.6207 0.656533 0.551033 0.462953 0.258361 0.179109 0 0.103811 0.2125 0.303842 0.39737 0.467239 0.472874 0.521728 0.542389 0.54318 0.548926 0.536085 0.522951 0.442016 0.479469 0.427743 0.436754 0.409895 0.384067 0.342828 0.294023 0.313347 0.330617 0.330875 0.326943 0.322499 0.320191 0.318035 0.315276 0.31297 0.312574 0.312131 0.310563 0.310048 0.307652 0.293887 0.224535 0.131877 0 -9999 -9999
-9999 -9999 -9999 -9999 -9999 -9999 0.90423 1.14744 1.24143 1.38788 1.46835 1.47895 1.46613 1.41884 1.32123 1.17762 1.05725 0.829126 0.58992 0.8633 1.12653 1.25623 1.2312 0.898539 0.936971 0.83495 0.820805 0.667842 0.583347 0.501518 0.388864 0.272562 0.150326 0 0.301541 0.414179 0.506883 0.551185 0.577358 0.591295 0.573185 0.549823 0.441166 0.513863 0.497378 0.479599 0.459499 0.443167 0.422423 0.399967 0.363406 0.352359 0.318073 0.336635 0.33166 0.328018 0.325137 0.322281 0.31953 0.317598 0.315801 0.313789 0.312322 0.310877 0.309586 0.307962 0.305979 0.300832 0.281101 0.124832 0 0
-9999 -9999 -9999 -9999 -9999 -9999 0.562667 0.920919 1.20598 1.34585 1.44246 1.46546 1.46859 1.40582 1.3586 1.25316 1.15306 1.00032 0.772406 0.625579 0.79173 1.126 1.2189 1.15653 1.11178 1.00247 0.900373 0.855932 0.826033 0.707497 0.566211 0.396346 0.326143 0.259631 0.422002 0.4376 0.420041 0.609138 0.608718 0.597616 0.523918 0.423642 0.434508 0.373167 0.399638 0.32946 0.374464 0.411156 0.417217 0.403637 0.36594 0.35022 0.34051 0.340715 0.335647 0.330801 0.327087 0.324529 0.322339 0.31923 0.3175 0.318075 0.313498 0.311843 0.309755 0.308228 0.306617 0.302419 0.298235 0.272606 0.234829 0.160772
-9999 -9999 -9999 -9999 -9999 -9999 0.622125 0.899887 1.1483 1.26996 1.40809 1.43027 1.47044 1.44981 1.39895 1.30492 1.18928 1.06108 0.863254 0.71092 0.861371 0.997024 1.1401 1.15024 1.10788 1.06941 1.01873 0.979803 0.927145 0.871215 0.764087 0.597048 0.500552 0.372127 0.554223 0.56734 0.531155 0.624381 0.617275 0.469146 0.354752 0.33821 0.381813 0.309933 0.285687 0.231379 0.267177 0.379601 0.32555 0.321459 0.34487 0.346727 0.347163 0.343062 0.337838 0.333603 0.329528 0.327323 0.325787 0.322462 0.3207 0.319682 0.317125 0.312623 0.310363 0.307787 0.305137 0.302199 0.298251 0.289645 0.280586 0.281955
-9999 -9999 -9999 -9999 -9999 -9999 0.677412 0.827684 1.04836 1.24025 1.38739 1.4385 1.47344 1.46171 1.40202 1.34996 1.27315 1.15782 1.07418 0.934541 0.744751 1.01543 0.981889 1.01157 1.01937 1.06832 1.03205 0.960303 0.869327 0.881305 0.833976 0.704097 0.649892 0.574567 0.670317 0.661283 0.651483 0.640802 0.513403 0.338329 0.197744 0.293046 0.267727 0.282134 0.128426 0.228943 0.311876 0.331357 0.253881 0.196418 0.308473 0.326711 0.334891 0.338644 0.340005 0.33465 0.33298 0.329658 0.327363 0.325511 0.323237 0.321678 0.319708 0.317697 0.311417 0.308844 0.305925 0.302988 0.301202 0.295226 0.291811 0.283984
-9999 -9999 -9999 -9999 -9999 -9999 -9999 0.755291 1.00527 1.25532 1.38646 1.46326 1.49339 1.47856 1.44072 1.40025 1.34739 1.26002 1.15183 0.985826 0.856227 0.907755 0.857914 0.81731 0.845142 0.982406 1.00848 0.895851 0.651802 0.730392 0.838786 0.815109 0.78526 0.757079 0.729913 0.705434 0.665737 0.574027 0.306687 0.24803 0.140506 0.147171 0 0.167857 0.111132 0.220435 0.262041 0.271312 0.151491 0.136511 0.258833 0.303174 0.288714 0.314658 0.33917 0.33634 0.334032 0.330696 0.329301 0.327932 0.326155 0.324332 0.322449 0.320847 0.312667 0.311082 0.300043 0.292269 0.277819 0.291962 0.291566 0.287534
-9999 -9999 -9999 -9999 -9999 -9999 -9999 0.690669 0.97086 1.26737 1.34881 1.43146 1.50186 1.48774 1.4344 1.38408 1.33315 1.27669 1.14621 1.01757 0.891783 0.835017 0.833316 0.65752 0.723631 0.914396 0.927922 0.881175 0.615093 0.518677 0.673107 0.801684 0.795521 0.766692 0.578435 0.605176 0.501809 0.366188 0.324576 0.262633 0.138244 0.189403 0 0.125831 0 0.128512 0.152057 0.222548 0.117473 0 0.19973 0.257316 0.253285 0.315149 0.334571 0.337004 0.335353 0.333807 0.331908 0.331182 0.329106 0.326885 0.324478 0.320227 0.311529 0.28173 0.152688 0.151445 0.18475 0.216054 0.268731 0.286346
-9999 -9999 -9999 -9999 -9999 -9999 -9999 0.75658 0.942316 1.20117 1.38783 1.37998 1.46224 1.49695 1.43813 1.375 1.31125 1.27492 1.1323 0.975829 0.844275 0.689823 0.688266 0.758081 0.73049 0.845673 0.844204 0.788381 0.620236 0.649995 0.74927 0.793929 0.795521 0.765485 0.714269 0.681091 0.601928 0.563521 0.45943 0.301308 0.235058 0.266004 0 0.101625 0.152618 0 0.135889 0.176701 0 0.104028 0.209611 0.260982 0.305638 0.324495 0.329661 0.340385 0.337553 0.336032 0.334384 0.332223 0.330555 0.326763 0.323511 0.308787 0.287667 0.168054 0.111009 0.11931 0.172544 0.218872 0.263982 0.283199
-9999 -9999 -9999 -9999 -9999 -9999 -9999 0.825818 0.98822 1.2074 1.33208 1.33584 1.42725 1.50773 1.47813 1.41094 1.37887 1.31036 1.18523 1.04777 0.89776 0.812744 0.643728 0.761016 0.681548 0.776722 0.807802 0.658632 0.588338 0.6485 0.70984 0.723772 0.7897 0.773944 0.733807 0.605944 0.539116 0.554143 0.521618 0.471279 0.359683 0.347564 0.272931 0.23711 0.202367 0 0.111906 0.108818 0.113958 0.193969 0.246337 0.27947 0.309528 0.314166 0.325309 0.341453 0.339998 0.337927 0.335429 0.333712 0.330434 0.323186 0.316967 0.288474 0.239136 0.148233 0 0 0.20154 0.233951 0.258228 0.273211
-9999 -9999 -9999 -9999 -9999 -9999 -9999 0.829169 1.00041 1.18148 1.24228 1.2321 1.41273 1.51586 1.49563 1.45257 1.40612 1.25989 1.24816 1.20265 1.0642 0.870793 0.659043 0.650866 0.7036 0.696971 0.725622 0.515775 0.438929 0.457394 0.561468 0.654183 0.753509 0.768079 0.720821 0.527872 0.324815 0.404557 0.491166 0.482341 0.446306 0.341703 0.302899 0.266756 0.187587 0 0 0 0.141699 0.178142 0.237854 0.286843 0.261633 0.269182 0.317003 0.343155 0.3411 0.338824 0.337331 0.33447 0.330766 0.317827 0.30438 0.282986 0.156462 0 0 0 0.157664 0.191417 0.259916 0.275449
-9999 -9999 -9999 -9999 -9999 -9999 -9999 0.803841 0.916714 1.08561 1.13695 1.23811 1.40539 1.47639 1.49943 1.47706 1.43796 1.36037 1.30528 1.21627 1.07196 0.881663 0.67148 0.524722 0.558859 0.568905 0.57495 0.398125 0.304191 0.372938 0.485615 0.663324 0.758738 0.759009 0.735538 0.686148 0.534708 0.354939 0.346268 0.422679 0.342946 0.25175 0.288887 0.27189 0.193519 0.133898 0 0 0 0.121437 0.191486 0.297686 0.308983 0.301567 0.344487 0.343319 0.341264 0.34022 0.337663 0.335008 0.331617 0.320693 0.298596 0.213817 0.139781 0 0 0.132231 0.184314 0.225198 0.258469 0.268705
-9999 -9999 -9999 -9999 -9999 -9999 -9999 0.734077 0.868695 1.02161 1.16485 1.30091 1.416 1.40124 1.45231 1.42914 1.44626 1.41292 1.33786 1.25826 1.12972 0.891029 0.685322 0.46222 0.486401 0.642805 0.466441 0.349026 0.152153 0.31231 0.492394 0.655259 0.73675 0.64521 0.710351 0.691698 0.627928 0.516629 0.349934 0.343878 0.217364 0.20365 0.255557 0.26651 0.247602 0.200604 0.123028 0 0 0 0.163401 0.244789 0.324575 0.334566 0.34683 0.34406 0.341205 0.339725 0.337398 0.333414 0.327111 0.315767 0.244339 0.159835 0.107318 0 0 0.158258 0.207298 0.230732 0.259538 0.270467
-9999 -9999 -9999 -9999 -9999 -9999 -9999 -9999 0.883067 1.03843 1.14636 1.15248 1.24951 1.29039 1.31758 1.30484 1.43251 1.41761 1.36077 1.28474 1.17064 0.982659 0.842931 0.627029 0.463261 0.427703 0.274134 0.301018 0.264362 0.324186 0.496345 0.678002 0.683341 0.541587 0.546817 0.561062 0.609327 0.568858 0.345089 0.227167 0.128045 0.183543 0.24239 0.249995 0.244401 0.222368 0.186805 0 0.167947 0.229397 0.239776 0.293198 0.331703 0.339434 0.344593 0.342266 0.340303 0.337559 0.332595 0.328592 0.315859 0.289948 0.210304 0 0 0 0 0 0.149639 0.223822 0.263014 0.27275
-9999 -9999 -9999 -9999 -9999 -9999 -9999 -9999 0.848286 1.02989 1.03861 0.999996 0.893919 0.89874 1.14632 1.17609 1.29667 1.41 1.3758 1.29993 1.19072 1.06755 0.890213 0.649793 0.452015 0.316107 0.435377 0.442193 0.456325 0.491792 0.58932 0.593332 0.447051 0.310413 0.365019 0.393818 0.539259 0.557612 0.517661 0.379616 0.223374 0.137782 0.2201 0.223548 0.220133 0.212163 0.19572 0.147846 0.203906 0.254816 0.288722 0.305129 0.337525 0.342811 0.342045 0.341472 0.337746 0.333124 0.324892 0.316148 0.285096 0.248122 0.118769 0 0 0 0 0.104069 0.174786 0.219295 0.258491 0.266851
