Test_Spring_2018/11_17/Prec/20171114_017.txt
ncols	170
nrows	115
xllcorner	350000.000000
yllcorner	4445000.000000
cellsize	1000.000000
nodata_value	-9999.000000
[rows 32 to 63 of 115, columns 72 to 143 of 170]
0 0 0 0 0 0 0 0 0 0 0 0 0 0 0 0 0 0 0 0 0 0 0.104009 0.10356 0.105963 0.117991 0.122279 -9999 -9999 -9999 -9999 -9999 -9999 -9999 -9999 -9999 -9999 -9999 -9999 -9999 -9999 -9999 -9999 -9999 -9999 -9999 -9999 -9999 -9999 -9999 -9999 -9999 -9999 -9999 -9999 -9999 -9999 -9999 -9999 -9999 -9999 -9999 -9999 -9999 -9999 -9999 -9999 -9999 -9999 -9999 -9999 -9999
0 0 0 0 0 0 0 0 0 0 0 0 0 0 0 0 0 0 0 0 0 0 0.102087 0.102158 0.103311 0.112469 0.120323 0.126056 -9999 -9999 -9999 -9999 -9999 -9999 -9999 -9999 -9999 -9999 -9999 -9999 -9999 -9999 -9999 -9999 -9999 -9999 -9999 -9999 -9999 -9999 -9999 -9999 -9999 -9999 -9999 -9999 -9999 -9999 -9999 -9999 -9999 -9999 -9999 -9999 -9999 -9999 -9999 -9999 -9999 -9999 -9999 -9999
0 0 0 0 0 0 0 0 0 0 0 0 0 0 0 0 0 0 0 0 0 0 0 0 0.101259 0.112388 0.121121 0.124694 0.127251 -9999 -9999 -9999 -9999 -9999 -9999 -9999 -9999 -9999 -9999 -9999 -9999 -9999 -9999 -9999 -9999 -9999 -9999 -9999 -9999 -9999 -9999 -9999 -9999 -9999 -9999 -9999 -9999 -9999 -9999 -9999 -9999 -9999 -9999 -9999 -9999 -9999 -9999 -9999 -9999 -9999 -9999 -9999
0 0 0 0 0 0 0 0 0 0 0 0 0 0 0 0 0 0 0 0 0 0 0 0 0.10001 0.104671 0.116003 0.122517 0.125409 0.129142 -9999 -9999 -9999 -9999 -9999 -9999 -9999 -9999 -9999 -9999 -9999 -9999 -9999 -9999 -9999 -9999 -9999 -9999 -9999 -9999 -9999 -9999 -9999 -9999 -9999 -9999 -9999 -9999 -9999 -9999 -9999 -9999 -9999 -9999 -9999 -9999 -9999 -9999 -9999 -9999 -9999 -9999
-9999 -9999 0 0 0 0 0 0 0 0 0 0 0 0 0 0 0 0 0 0 0 0 0 0 0 0.106779 0.116757 0.122732 0.125575 0.128982 -9999 -9999 -9999 -9999 -9999 -9999 -9999 -9999 -9999 -9999 -9999 -9999 -9999 -9999 -9999 -9999 -9999 -9999 -9999 -9999 -9999 -9999 -9999 -9999 -9999 -9999 -9999 -9999 -9999 -9999 -9999 -9999 -9999 -9999 -9999 -9999 -9999 -9999 -9999 -9999 -9999 -9999
-9999 -9999 -9999 0 0 0 0 0 0 0 0 0 0 0 0 0 0 0 0 0 0 0 0 0 0.101258 0.108033 0.111859 0.124311 0.127839 0.129601 0.132382 -9999 -9999 -9999 -9999 -9999 -9999 -9999 -9999 -9999 -9999 -9999 -9999 0.139488 -9999 -9999 -9999 -9999 -9999 -9999 -9999 -9999 -9999 -9999 -9999 -9999 -9999 -9999 -9999 -9999 -9999 -9999 -9999 -9999 0.180722 -9999 -9999 -9999 -9999 -9999 -9999 -9999
-9999 -9999 0 0 0 0 0 0 0 0 0 0 0 0 0 0 0 0 0 0 0 0 0 0 0.101919 0.105716 0.109039 0.118959 0.124835 0.128374 0.13249 0.135893 -9999 -9999 -9999 -9999 -9999 -9999 -9999 0.138373 0.138923 0.139361 0.139362 0.138507 0.139879 -9999 -9999 -9999 -9999 -9999 -9999 -9999 -9999 -9999 -9999 -9999 -9999 -9999 -9999 -9999 -9999 -9999 -9999 -9999 0.176817 0.181022 -9999 -9999 -9999 -9999 -9999 -9999
-9999 -9999 0 0 0 0 0 0 0 0 0 0 0 0 0 0 0 0 0 0 0 0 0 0 0.101225 0.104718 0.108827 0.112937 0.123844 0.129124 0.134108 0.138251 -9999 -9999 -9999 -9999 -9999 -9999 0.138004 0.137197 0.136845 0.13867 0.137803 0.13708 0.137715 0.14567 -9999 -9999 -9999 -9999 -9999 -9999 -9999 -9999 -9999 -9999 -9999 -9999 -9999 -9999 0.156919 0.160552 0.166372 0.170622 0.174295 0.178583 -9999 -9999 -9999 -9999 -9999 -9999
-9999 -9999 0 0 0 0 0 0 0 0 0 0 0 0 0 0 0 0 0 0 0 0 0 0.10039 0.101574 0.105561 0.11082 0.11663 0.124802 0.131283 0.134548 0.138517 -9999 -9999 -9999 -9999 -9999 -9999 0.13814 0.137112 0.136284 0.136361 0.138088 0.136364 0.142676 0.144364 0.145117 0.144594 0.144421 0.148415 0.152395 0.151708 0.151756 0.150723 -9999 -9999 -9999 -9999 0.150665 0.151686 0.153147 0.155835 0.162192 0.167549 0.172843 0.177733 -9999 -9999 -9999 -9999 -9999 -9999
-9999 -9999 0 0 0 0 0 0 0 0 0 0 0 0 0 0 0 0 0 0 0 0 0 0.100638 0.102321 0.106774 0.112858 0.119348 0.125239 0.131267 0.135152 0.139521 -9999 -9999 -9999 0.141593 0.140172 0.140207 0.139779 0.138183 0.136982 0.136043 0.135545 0.138483 0.142211 0.143829 0.145483 0.145395 0.143432 0.142972 0.150268 0.149327 0.149075 0.1476 0.14637 0.145586 0.14531 0.145591 0.146192 0.147178 0.148749 0.151412 0.158236 0.163147 0.167559 0.176244 -9999 -9999 -9999 -9999 -9999 -9999
-9999 -9999 0 0 0 0 0 0 0 0 0 0 0 0 0 0 0 0 0 0 0 0 0 0.101465 0.103281 0.10839 0.114895 0.121181 0.124707 0.129907 0.137816 0.14239 -9999 -9999 0.145623 0.142709 0.140555 0.139377 0.13894 0.138802 0.137131 0.136955 0.135271 0.138085 0.143082 0.143259 0.144728 0.144449 0.143522 0.143276 0.144524 0.14691 0.145777 0.144802 0.143524 0.142727 0.142291 0.142298 0.14304 0.143952 0.145503 0.148031 0.153208 0.1574 0.163002 0.17265 -9999 -9999 -9999 -9999 -9999 -9999
-9999 -9999 0 0 0 0 0 0 0 0 0 0 0 0 0 0 0 0 0 0 0 0 0 0.105223 0.107973 0.111739 0.115595 0.118766 0.124481 0.130817 0.135104 0.142431 0.145641 -9999 0.146665 0.145528 0.142807 0.140312 0.138577 0.138874 0.136841 0.136323 0.137147 0.137857 0.141807 0.142635 0.142985 0.14336 0.142212 0.141505 0.143019 0.141839 0.143853 0.142509 0.141228 0.140221 0.13958 0.139402 0.139816 0.140841 0.142525 0.144903 0.148839 0.153924 0.160328 0.170592 -9999 -9999 -9999 -9999 -9999 -9999
-9999 0 0 0 0 0 0 0 0 0 0 0 0 0 0 0 0 0 0 0 0 0 0 0.104571 0.107852 0.109836 0.113789 0.118833 0.123876 0.1306 0.136202 0.14045 0.147327 0.148133 0.1472 0.146303 0.144382 0.141221 0.138807 0.137488 0.13676 0.137252 0.136842 0.137703 0.140827 0.141494 0.142378 0.142622 0.142628 0.141736 0.142926 0.140967 0.139492 0.14072 0.139232 0.138008 0.137171 0.136845 0.137157 0.13818 0.139858 0.142188 0.145532 0.150747 0.158159 0.166599 -9999 -9999 -9999 -9999 -9999 -9999
-9999 -9999 0 0 0 0 0 0 0 0 0 0 0 0 0 0 0 0 0 0 0 0 0 0.100708 0.103977 0.108041 0.112631 0.119357 0.125919 0.13396 0.139973 0.142814 0.147429 0.14882 0.148406 0.14589 0.143858 0.14274 0.141701 0.13818 0.137966 0.137513 0.136636 0.137647 0.140108 0.141201 0.141207 0.141402 0.141369 0.143334 0.142689 0.141587 0.139049 0.137296 0.13757 0.136181 0.135186 0.13477 0.135013 0.135994 0.137688 0.140275 0.143136 0.147743 0.157044 0.165207 -9999 -9999 -9999 -9999 -9999 -9999
-9999 -9999 -9999 -9999 0 0 0 0 0 0 0 0 0 0 0 0 0 0 0 0 0 0 0 0 0.101037 0.1073 0.11317 0.118952 0.126165 0.133559 0.140139 0.145417 0.147781 0.146746 0.146223 0.143622 0.142227 0.142511 0.14118 0.1397 0.137656 0.13657 0.13659 0.137603 0.139843 0.141338 0.140364 0.140363 0.140861 0.141094 0.142281 0.140536 0.139075 0.136699 0.135199 0.134835 0.13376 0.133255 0.133448 0.134399 0.136127 0.138577 0.141669 0.145319 0.154907 0.164844 -9999 -9999 -9999 -9999 -9999 -9999
-9999 -9999 -9999 -9999 0 0 0 0 0 0 0 0 0 0 0 0 0 0 0 0 0 0 0 0 0.100625 0.107609 0.113947 0.11934 0.126552 0.134306 0.139886 0.145786 0.14683 0.147118 0.146357 0.143878 0.141614 0.140297 0.140651 0.139232 0.136876 0.136542 0.137382 0.137179 0.139836 0.141751 0.140224 0.139823 0.140141 0.139777 0.141207 0.139873 0.138167 0.136408 0.134831 0.133664 0.132989 0.132445 0.132588 0.133498 0.135212 0.137645 0.140752 0.144413 0.152072 0.164183 -9999 -9999 -9999 -9999 -9999 -9999
-9999 -9999 -9999 -9999 -9999 0 0 0 0 0 0 0 0 0 0 0 0 0 0 0 0 0 0 0 0.104014 0.111273 0.116113 0.121002 0.127441 0.13463 0.140476 0.142001 0.142809 0.14284 0.143013 0.143661 0.141747 0.139896 0.140014 0.138352 0.136548 0.136809 0.136916 0.137056 0.139776 0.140058 0.14016 0.139254 0.139853 0.139176 0.140428 0.139387 0.137937 0.136376 0.13483 0.133661 0.132801 0.132314 0.132464 0.133328 0.134992 0.137392 0.140445 0.144055 0.148393 0.157514 0.164125 -9999 -9999 -9999 -9999 -9999
-9999 -9999 -9999 -9999 -9999 0 0 0 0 0 0 0 0 0 0 0 0 0 0 0 0 0 0 0.101935 0.108536 0.114589 0.118601 0.122963 0.127774 0.136294 0.140597 0.140494 0.140925 0.141158 0.141103 0.141396 0.141265 0.138471 0.137975 0.136754 0.136468 0.136034 0.136896 0.137412 0.138775 0.1397 0.139987 0.139042 0.139966 0.13882 0.14024 0.139493 0.138343 0.136516 0.135187 0.134051 0.133227 0.132788 0.132806 0.133901 0.135462 0.137759 0.140716 0.144173 0.148089 0.154049 0.160276 0.165358 0.169053 -9999 -9999 -9999
-9999 -9999 -9999 -9999 -9999 -9999 0 0 0 0 0 0 0 0 0 0 0 0 0 0 0 0 0 0.10114 0.107369 0.111717 0.114761 0.120006 0.124847 0.132461 0.136487 0.140329 0.141924 0.142103 0.141297 0.140018 0.13873 0.138147 0.136639 0.13667 0.136213 0.135723 0.135586 0.135503 0.138622 0.138064 0.138861 0.138587 0.138747 0.138731 0.140331 0.140019 0.138505 0.13698 0.135771 0.134761 0.134039 0.133634 0.13366 0.134188 0.136532 0.13869 0.141449 0.144734 0.14841 0.153802 0.15823 0.163584 0.169265 0.175215 -9999 -9999
-9999 -9999 -9999 -9999 -9999 -9999 0 0 0 0 0 0 0 0 0 0 0 0 0 0 0 0 0 0.100908 0.103589 0.108602 0.112238 0.118036 0.122624 0.128149 0.132557 0.136639 0.141279 0.143534 0.140644 0.139091 0.137493 0.136365 0.135302 0.134287 0.134613 0.135761 0.137161 0.135716 0.137891 0.138201 0.138491 0.138631 0.138722 0.138701 0.14039 0.139586 0.139053 0.137635 0.136616 0.135754 0.13511 0.134784 0.134852 0.135357 0.13634 0.137884 0.142552 0.145588 0.149006 0.154155 0.158116 0.162184 0.166464 0.172828 0.178048 0.183373
-9999 -9999 -9999 -9999 -9999 -9999 0 0 0 0 0 0 0 0 0 0 0 0 0 0 0 0 0 0 0.101354 0.106236 0.111025 0.11485 0.11833 0.124276 0.130354 0.134964 0.137657 0.139758 0.13782 0.137846 0.138067 0.134722 0.134186 0.133681 0.134102 0.136188 0.135413 0.138016 0.139619 0.140756 0.140011 0.139321 0.139019 0.138913 0.14082 0.140253 0.13945 0.138405 0.137583 0.136882 0.13637 0.136124 0.136223 0.136736 0.137657 0.138981 0.140995 0.143292 0.149742 0.154623 0.158244 0.161977 0.165709 0.169718 0.17379 0.179622
-9999 -9999 -9999 -9999 -9999 -9999 0 0 0 0 0 0 0 0 0 0 0 0 0 0 0 0 0 0 0.101989 0.105475 0.109173 0.114156 0.117739 0.122553 0.126383 0.131015 0.133905 0.136945 0.134688 0.134788 0.135374 0.133651 0.133335 0.135134 0.136327 0.135944 0.136188 0.136838 0.13935 0.1425 0.141906 0.140028 0.14073 0.140532 0.141747 0.140969 0.140028 0.1393 0.138638 0.138074 0.13769 0.137524 0.137654 0.13816 0.139016 0.140246 0.141884 0.144249 0.146708 0.151275 0.15841 0.161769 0.16516 0.168582 0.17108 0.175713
-9999 -9999 -9999 -9999 -9999 -9999 0 0 0 0 0 0 0 0 0 0 0 0 0 0 0 0 0 0.100211 0.103897 0.105919 0.109315 0.11322 0.119694 0.121722 0.124773 0.128407 0.13053 0.132673 0.131782 0.132266 0.132499 0.132526 0.13424 0.136593 0.138328 0.136283 0.136171 0.137271 0.142034 0.140214 0.138815 0.138425 0.142126 0.142836 0.142874 0.141773 0.140997 0.140294 0.139677 0.139269 0.138962 0.138896 0.139073 0.139542 0.140339 0.141457 0.142914 0.144695 0.147349 0.151698 0.154509 0.15586 0.159103 0.166466 0.169565 0.174085
-9999 -9999 -9999 -9999 -9999 -9999 -9999 0 0 0 0 0 0 0 0 0 0 0 0 0 0 0 0.100828 0.105262 0.10726 0.107593 0.109711 0.113987 0.121882 0.123348 0.123418 0.125323 0.127042 0.128442 0.12982 0.130577 0.131348 0.132754 0.136804 0.137173 0.138483 0.137944 0.138445 0.138837 0.142362 0.140553 0.139831 0.139622 0.141457 0.144102 0.141637 0.140541 0.140372 0.139571 0.140687 0.140363 0.140167 0.14017 0.140361 0.140803 0.141524 0.140659 0.141882 0.1434 0.145822 0.150148 0.152838 0.155662 0.158724 0.161402 0.164313 0.167089
-9999 -9999 -9999 -9999 -9999 -9999 -9999 0.10121 0 0 0 0 0 0 0 0 0 0 0 0 0 0.101449 0.103231 0.108615 0.109755 0.108977 0.111033 0.114005 0.122833 0.126202 0.125371 0.124719 0.125968 0.127326 0.130976 0.13097 0.132827 0.135018 0.13557 0.136339 0.138032 0.136894 0.13805 0.137253 0.143202 0.142222 0.141804 0.140637 0.142257 0.145426 0.143019 0.141777 0.141516 0.140225 0.13965 0.139412 0.139336 0.139387 0.139602 0.139986 0.140605 0.141457 0.142558 0.143941 0.145646 0.148587 0.155052 0.157423 0.159359 0.161388 0.164525 0.165083
-9999 -9999 -9999 -9999 -9999 -9999 -9999 0.101255 0 0 0 0 0 0 0 0 0 0 0 0 0.101065 0.104911 0.106505 0.107118 0.110169 0.110367 0.112433 0.115325 0.122514 0.123698 0.123596 0.124163 0.125204 0.126532 0.127985 0.128951 0.130469 0.131183 0.132815 0.135211 0.136077 0.135355 0.13778 0.13748 0.136437 0.14383 0.142282 0.141601 0.143671 0.145213 0.143262 0.142171 0.141196 0.140654 0.140373 0.140066 0.140061 0.140146 0.14037 0.140761 0.141322 0.142112 0.143098 0.144478 0.14617 0.149633 0.155445 0.15734 0.158615 0.160052 0.161404 0.163076
-9999 -9999 -9999 -9999 -9999 -9999 -9999 0.101236 0 0 0 0 0 0 0 0 0 0 0 0 0.101366 0.103971 0.108075 0.107758 0.111428 0.111756 0.113112 0.120113 0.122875 0.123427 0.123804 0.124761 0.124705 0.125763 0.127025 0.129511 0.130869 0.130787 0.13135 0.132107 0.133775 0.133815 0.134827 0.135213 0.135585 0.143636 0.142883 0.142909 0.142749 0.144099 0.143026 0.142265 0.141567 0.141301 0.140972 0.140622 0.140629 0.140743 0.140979 0.141336 0.141867 0.142624 0.143535 0.144975 0.146921 0.149696 0.156883 0.157006 0.157133 0.157226 0.159757 0.161173
-9999 -9999 -9999 -9999 -9999 -9999 -9999 0.102229 0 0 0 0 0 0 0 0 0 0 0 0 0 0.103918 0.108578 0.110122 0.112261 0.113311 0.114556 0.122463 0.1252 0.126301 0.125899 0.125523 0.124878 0.125417 0.126779 0.130309 0.133862 0.132791 0.131509 0.131664 0.132189 0.133761 0.134257 0.134694 0.135812 0.141393 0.144496 0.144076 0.145424 0.144622 0.143453 0.142466 0.142677 0.142396 0.141513 0.141028 0.141062 0.141182 0.141389 0.14173 0.142209 0.14297 0.143881 0.145062 0.148059 0.150438 0.155985 0.156354 0.156738 0.157661 0.15798 0.15909
-9999 -9999 -9999 -9999 -9999 -9999 -9999 0.103619 0.101327 0 0 0 0 0 0 0 0 0 0 0 0.100371 0.104463 0.109008 0.112658 0.113519 0.115631 0.11839 0.124469 0.127386 0.127605 0.126996 0.12521 0.124585 0.125326 0.126298 0.127546 0.130294 0.133382 0.133652 0.132489 0.133752 0.13515 0.134474 0.134639 0.13577 0.136598 0.144318 0.144097 0.146372 0.145745 0.144422 0.142537 0.142182 0.142154 0.141362 0.141321 0.141355 0.141446 0.141646 0.141943 0.142357 0.143004 0.143945 0.146004 0.148007 0.15057 0.15182 0.154717 0.154088 0.155647 0.156256 0.15718
-9999 -9999 -9999 -9999 -9999 -9999 -9999 0.105634 0.102951 0.100028 0 0 0 0 0 0 0 0 0 0 0.100059 0.104872 0.109291 0.114098 0.115054 0.115393 0.122124 0.12544 0.129943 0.128659 0.126936 0.125353 0.124925 0.12711 0.126664 0.127422 0.128782 0.130794 0.133598 0.133769 0.135798 0.135985 0.135093 0.134831 0.135029 0.135667 0.140537 0.143869 0.146581 0.146265 0.145038 0.143549 0.142105 0.1418 0.141494 0.141472 0.141507 0.141584 0.141749 0.142022 0.142423 0.142999 0.14463 0.146567 0.148088 0.150001 0.151001 0.152424 0.152555 0.154072 0.15451 0.15518
-9999 -9999 -9999 -9999 -9999 -9999 -9999 -9999 0.103455 0.100436 0 0 0 0 0 0 0 0 0 0 0 0.103807 0.107158 0.111832 0.115762 0.120375 0.125444 0.126448 0.128387 0.128687 0.127079 0.125187 0.125963 0.128941 0.129444 0.129676 0.129251 0.130135 0.13385 0.135805 0.137402 0.13649 0.135491 0.135285 0.135274 0.135516 0.139772 0.147089 0.145512 0.14431 0.14393 0.142877 0.14208 0.141798 0.14159 0.141543 0.14154 0.141607 0.141777 0.142004 0.14245 0.143188 0.144865 0.148367 0.148814 0.149788 0.15142 0.14934 0.153159 0.152703 0.15276 0.153229
-9999 -9999 -9999 -9999 -9999 -9999 -9999 -9999 0.104597 0.101079 0.100401 0.100576 0.101936 0.101653 0 0 0 0 0 0 0 0.102683 0.106652 0.111739 0.116236 0.122858 0.123537 0.124499 0.125654 0.126365 0.125963 0.126913 0.130111 0.133012 0.132727 0.132722 0.13074 0.130675 0.131448 0.133709 0.136199 0.137519 0.136133 0.135982 0.135927 0.135938 0.136407 0.143222 0.145023 0.143974 0.143203 0.14272 0.141999 0.141732 0.141592 0.141488 0.141481 0.141543 0.141724 0.141981 0.142665 0.143517 0.145913 0.148035 0.149578 0.151453 0.148988 0.14801 0.150682 0.151322 0.151188 0.15148
