Test_Spring_2018b/02_18/Temp/20180226_008.txt
ncols	170
nrows	115
xllcorner	350000.000000
yllcorner	4445000.000000
cellsize	1000.000000
nodata_value	-9999.000000
[rows 31 to 61 of 115, columns 70 to 139 of 170]
2.71868 3.35597 3.5935 3.15893 3.20755 4.26045 4.50453 4.49303 4.40744 4.31097 3.81398 3.65011 3.25928 2.56814 2.28058 1.04831 -2.94408 -1.80946 -1.36367 -2.51884 -1.86885 -0.813209 -1.72707 -4.44485 -5.61431 -7.49964 -6.90767 -7.47739 -8.99557 -9999 -9999 -9999 -9999 -9999 -9999 -9999 -9999 -9999 -9999 -9999 -9999 -9999 -9999 -9999 -9999 -9999 -9999 -9999 -9999 -9999 -9999 -9999 -9999 -9999 -9999 -9999 -9999 -9999 -9999 -9999 -9999 -9999 -9999 -9999 -9999 -9999 -9999 -9999 -9999 -9999
2.85208 3.14627 3.12427 2.70587 3.36453 3.97133 3.60853 3.37067 4.36836 4.37203 4.03797 3.24834 2.96085 2.66259 2.48113 1.46698 -1.38463 -3.95503 -2.57273 -2.53684 -3.48734 -1.77433 -2.6748 -5.02856 -8.35259 -6.54208 -7.01046 -9.37657 -9.95791 -9999 -9999 -9999 -9999 -9999 -9999 -9999 -9999 -9999 -9999 -9999 -9999 -9999 -9999 -9999 -9999 -9999 -9999 -9999 -9999 -9999 -9999 -9999 -9999 -9999 -9999 -9999 -9999 -9999 -9999 -9999 -9999 -9999 -9999 -9999 -9999 -9999 -9999 -9999 -9999 -9999
2.06728 2.79341 2.57663 2.39953 3.37613 3.36045 3.29995 3.66055 4.28361 4.40995 4.28206 3.93984 3.64406 3.32914 2.52437 1.36383 -1.07611 -4.00231 -4.66351 -3.22663 -3.15483 -2.92151 -3.74204 -4.77355 -6.38886 -5.06178 -4.54515 -6.10068 -8.13259 -9.43368 -9999 -9999 -9999 -9999 -9999 -9999 -9999 -9999 -9999 -9999 -9999 -9999 -9999 -9999 -9999 -9999 -9999 -9999 -9999 -9999 -9999 -9999 -9999 -9999 -9999 -9999 -9999 -9999 -9999 -9999 -9999 -9999 -9999 -9999 -9999 -9999 -9999 -9999 -9999 -9999
1.00832 2.25089 1.91992 0.981896 1.57226 2.01673 2.83223 3.05811 3.18417 4.34743 4.29003 4.24029 3.74923 3.35723 2.7051 1.58842 -0.00311767 -1.92022 -5.26087 -3.19596 -1.57854 -1.61713 -1.70297 -2.425 -3.97692 -2.67446 -2.61137 -4.59923 -6.85156 -8.17601 -8.7228 -9999 -9999 -9999 -9999 -9999 -9999 -9999 -9999 -9999 -9999 -9999 -9999 -9999 -9999 -9999 -9999 -9999 -9999 -9999 -9999 -9999 -9999 -9999 -9999 -9999 -9999 -9999 -9999 -9999 -9999 -9999 -9999 -9999 -9999 -9999 -9999 -9999 -9999 -9999
-9999 1.48955 1.17088 0.0239589 0.617829 1.40886 2.52406 3.10258 3.54954 3.90038 4.25814 4.22055 3.71807 2.22578 2.01602 1.95505 0.915392 -1.27065 -3.45404 -4.01753 -1.55182 -0.844325 -0.985608 -0.433419 -1.74791 -1.12376 -1.37698 -2.07931 -4.25018 -6.22817 -7.04422 -8.65839 -9999 -9999 -9999 -9999 -9999 -9999 -9999 -9999 -9999 -9999 -9999 -9999 -9999 -9999 -9999 -9999 -9999 -9999 -9999 -9999 -9999 -9999 -9999 -9999 -9999 -9999 -9999 -9999 -9999 -9999 -9999 -9999 -9999 -9999 -9999 -9999 -9999 -9999
-9999 -9999 -9999 -9999 -0.677245 0.398395 1.29423 2.37908 3.32489 3.79861 4.25895 4.22668 3.21841 2.72735 2.68819 2.00855 0.807873 0.0553958 -1.31817 -2.74968 -2.19922 -0.0965486 -1.02873 0.46124 0.337095 0.612215 -0.38088 -2.26424 -4.78722 -6.25734 -6.98719 -8.29479 -9999 -9999 -9999 -9999 -9999 -9999 -9999 -9999 -9999 -9999 -9999 -9999 -9999 -9999 -9999 -9999 -9999 -9999 -9999 -9999 -9999 -9999 -9999 -9999 -9999 -9999 -9999 -9999 -9999 -9999 -9999 -9999 -9999 -9999 -9999 -9999 -9999 -9999
-9999 -9999 -9999 -9999 -9999 0.220266 0.905051 2.36068 3.11536 3.42456 4.16459 4.17096 3.79203 3.50696 3.09102 2.54612 1.64476 0.649558 -0.642162 -0.75927 0.586673 0.605342 0.326471 0.548685 1.24044 1.05984 -0.48181 -3.13351 -4.53641 -7.39876 -8.61924 -8.49197 -9.35602 -9999 -9999 -9999 -9999 -9999 -9999 -9999 -9999 -9999 -9999 -9999 -9999 -6.00925 -9999 -9999 -9999 -9999 -9999 -9999 -9999 -9999 -9999 -9999 -9999 -9999 -9999 -9999 -9999 -9999 -9999 -9999 -9999 -9999 -11.2017 -9999 -9999 -9999
-9999 -9999 -9999 -9999 0.103189 1.01636 1.72656 2.64105 2.72972 3.28136 4.13185 4.14922 3.88215 3.57954 2.89291 2.72592 2.21459 1.13382 0.91505 1.35715 1.56178 1.79309 1.93595 1.82267 1.54428 1.18407 0.192034 -1.03942 -1.86536 -4.47834 -5.79686 -7.05613 -8.96287 -10.4537 -9999 -9999 -9999 -9999 -9999 -9999 -9999 -6.99247 -7.06159 -7.02614 -6.60605 -5.44883 -6.12713 -9999 -9999 -9999 -9999 -9999 -9999 -9999 -9999 -9999 -9999 -9999 -9999 -9999 -9999 -9999 -9999 -9999 -9999 -9999 -10.1394 -11.6417 -9999 -9999
-9999 -9999 -9999 -9999 0.368899 1.32672 1.80784 2.69644 3.20746 3.54466 3.84312 4.12863 4.08692 3.75183 3.23911 3.24697 2.53773 2.15668 1.88507 2.48202 2.60155 2.36469 2.06686 1.80343 1.05628 0.970623 0.727227 -0.0542064 -1.33726 -2.65912 -4.57694 -7.16653 -9.70567 -11.7529 -9999 -9999 -9999 -9999 -9999 -9999 -6.75912 -5.79669 -5.21964 -6.44154 -5.39541 -4.43935 -4.5912 -5.52138 -9999 -9999 -9999 -9999 -9999 -9999 -9999 -9999 -9999 -9999 -9999 -9999 -9999 -9999 -2.99828 -4.53805 -7.6504 -9.24525 -10.2017 -11.5679 -9999 -9999
-9999 -9999 -9999 -9999 0.196451 1.32697 2.09489 2.77751 2.89193 3.59864 3.90106 4.05729 4.04529 3.98335 3.89318 3.27539 3.01183 2.07446 2.97778 2.94608 2.72008 1.81944 1.42945 -0.118499 -0.799371 -0.95154 0.35133 -0.610604 -2.61946 -5.13061 -8.14876 -8.35019 -9.34612 -11.1753 -9999 -9999 -9999 -9999 -9999 -9999 -6.4419 -5.41271 -4.55378 -4.42777 -5.64285 -3.94497 -4.01389 -4.96362 -5.17914 -4.4004 -4.00524 -4.30313 -3.37781 -3.10349 -3.52044 -3.05755 -9999 -9999 -9999 -9999 -2.76992 -2.70546 -2.65661 -3.29738 -6.69782 -9.02013 -11.1056 -11.2985 -9999 -9999
-9999 -9999 -9999 -9999 0.991892 1.69001 2.04617 2.10916 2.72306 3.34255 3.7168 3.99927 3.95022 3.93363 3.91533 3.70721 3.21675 3.30946 3.27246 2.98617 1.27092 -0.731911 0.14277 -1.05061 -3.59397 -1.52738 -0.390283 -1.48062 -3.91534 -6.73822 -7.66174 -7.62748 -9.01357 -10.7941 -9999 -9999 -9999 -9.2365 -7.76218 -7.63092 -7.19449 -5.82226 -4.77832 -3.99537 -3.45996 -3.47581 -4.04413 -4.97356 -5.98365 -5.62397 -3.80757 -3.3641 -2.9996 -2.71539 -3.10223 -2.89318 -2.40457 -2.15052 -2.09658 -2.20795 -2.23145 -2.18947 -2.24549 -2.84319 -5.88767 -7.62837 -8.73889 -10.9724 -9999 -9999
-9999 -9999 -9999 -9999 0.574312 1.18212 1.67592 2.49472 2.58709 3.10671 3.4231 3.87687 3.934 3.41056 3.85357 3.80209 3.7247 3.55487 3.30357 1.85635 -0.139852 -2.14152 -3.06539 -2.6675 -4.19931 -3.41558 -2.26345 -2.68861 -4.17868 -6.6935 -7.04646 -7.62998 -9.96919 -12.2148 -9999 -9999 -12.0747 -9.24879 -7.25804 -6.22975 -5.90939 -5.87663 -4.56189 -4.45766 -3.04336 -3.37302 -5.24651 -5.03686 -5.77015 -5.29947 -4.63083 -4.44767 -3.49265 -2.57388 -2.39728 -2.39031 -2.07797 -2.01113 -1.99152 -1.9965 -2.20335 -2.10504 -2.08834 -2.46041 -4.66381 -5.73797 -6.92142 -10.9204 -9999 -9999
-9999 -9999 -9999 -9999 0.902077 1.58114 2.32471 2.45053 3.00371 2.95363 2.81037 3.57881 3.85985 3.49227 3.22898 3.72987 3.69999 3.63788 3.53238 2.17242 0.597597 -1.78787 -3.27017 -4.17379 -4.81768 -5.67887 -5.08719 -5.26792 -5.50997 -5.23015 -5.92471 -7.30357 -8.66864 -11.2298 -12.6104 -9999 -11.9046 -10.6269 -8.25985 -6.24806 -4.97029 -5.42647 -3.93175 -3.6538 -2.79101 -3.29674 -4.43604 -4.92329 -4.9673 -5.11681 -4.11135 -3.43948 -2.96506 -2.64436 -2.2486 -2.14459 -2.03981 -1.99399 -1.96752 -1.94093 -1.94318 -1.94863 -1.99122 -2.1301 -3.14263 -4.21432 -6.53268 -10.7706 -9999 -9999
-9999 -9999 -9999 -1.04948 0.84069 1.97592 2.4193 2.74142 3.02646 3.23496 3.45811 3.66179 3.80448 3.74931 2.7656 2.85165 3.03402 3.59941 3.56219 3.44111 2.58062 -0.322359 -1.3233 -2.78843 -4.6873 -5.48419 -5.08757 -3.53069 -3.59975 -4.62986 -5.77756 -7.36509 -8.37708 -9.94367 -12.9569 -12.6817 -11.32 -10.3058 -8.69567 -6.23716 -4.5133 -3.74316 -3.45161 -2.84505 -2.53026 -3.223 -3.88673 -4.165 -4.67974 -4.75286 -4.74935 -4.14186 -3.67096 -2.61875 -2.26181 -2.09997 -2.01375 -1.96558 -1.92957 -1.89426 -1.8801 -1.89772 -1.89451 -1.90118 -1.97396 -3.4017 -6.97394 -9.66601 -9999 -9999
-9999 -9999 -9999 -9999 0.507771 1.01021 1.14629 1.38037 1.8532 2.39757 3.17027 3.27492 3.70072 3.70468 2.85584 1.87635 2.7389 3.08343 3.43957 3.45219 3.34246 0.904655 -0.371149 -1.37578 -3.19662 -2.54304 -1.91926 -1.87187 -2.24808 -4.45781 -6.65818 -9.19591 -11.5653 -11.6763 -12.9517 -12.2747 -11.3736 -9.06732 -7.44329 -6.7828 -6.30805 -3.81012 -3.1589 -2.93495 -2.29575 -3.16717 -3.39165 -4.04733 -3.85359 -3.91165 -3.9084 -5.72237 -3.90562 -3.79693 -2.60986 -2.07679 -1.95475 -1.91798 -1.87903 -1.86971 -1.8595 -1.86208 -1.84777 -1.86349 -1.88112 -2.80852 -7.3402 -9.61596 -9999 -9999
-9999 -9999 -9999 -9999 -9999 -9999 0.693109 1.07883 1.32889 1.75681 3.05679 3.41068 3.64791 3.67383 3.29945 2.32885 2.07685 2.2594 1.31107 2.10921 3.20032 3.17435 3.04299 0.898205 -0.20175 0.860399 0.537119 -1.07558 -2.34456 -3.59666 -6.17312 -8.05941 -10.7753 -12.8137 -12.888 -10.6328 -8.76033 -6.42653 -5.39456 -5.97591 -5.33916 -4.09689 -2.68709 -2.00518 -2.16532 -3.08396 -3.21646 -4.22719 -3.23584 -3.15177 -3.61396 -4.01321 -3.85717 -3.26987 -3.04471 -2.11532 -1.88822 -1.84712 -1.836 -1.82832 -1.82879 -1.83106 -1.83949 -1.84706 -1.85837 -1.89899 -6.55716 -10.1819 -9999 -9999
-9999 -9999 -9999 -9999 -9999 -9999 -0.185663 0.0520005 0.666073 2.23208 3.05872 3.39507 3.39047 3.54917 3.28685 2.43417 1.55799 0.731409 -0.336335 0.278909 1.90145 2.85819 2.96765 1.08769 2.06375 1.69702 0.974515 -1.13463 -2.68884 -3.51252 -5.98614 -8.10423 -9.91065 -12.4049 -11.3346 -10.1557 -8.64174 -6.09681 -4.37787 -3.6696 -4.25759 -3.46247 -1.8403 -1.83002 -2.71558 -2.65791 -3.20158 -4.58249 -3.1469 -2.74362 -3.07029 -2.98632 -3.11077 -2.89179 -2.49286 -2.11059 -1.85521 -1.81815 -1.81133 -1.81576 -1.81266 -1.80851 -1.82361 -1.81987 -1.83105 -1.85334 -4.85962 -10.2343 -9999 -9999
-9999 -9999 -9999 -9999 -9999 -9999 -9999 -0.977083 0.414891 2.49119 3.01503 2.9748 3.40844 3.45144 3.04556 2.69344 1.62896 0.172281 -2.63012 -1.91253 -0.418676 1.73391 2.86543 2.71353 2.08219 0.989454 -1.65434 -3.968 -4.24894 -4.62742 -6.43256 -8.06369 -10.0723 -8.90583 -7.62766 -6.22899 -5.49224 -5.67888 -4.20549 -3.00373 -3.50899 -2.53407 -1.39786 -1.91074 -2.21411 -2.46913 -3.09679 -3.13526 -3.07099 -2.25607 -2.82129 -2.47495 -2.4692 -2.48809 -2.29352 -2.06912 -1.83287 -1.79178 -1.78807 -1.78064 -1.80426 -1.79138 -1.80185 -1.81252 -1.8225 -1.84125 -2.11213 -5.0072 -6.73673 -9999
-9999 -9999 -9999 -9999 -9999 -9999 -9999 -2.23881 -1.54113 0.916375 1.68319 2.77224 3.35329 3.38573 2.69641 2.31447 0.72604 0.213316 -2.37843 -3.55084 -2.55118 -2.93106 0.0321389 2.65404 2.08141 -3.20919 -5.12548 -6.49226 -6.14105 -6.13739 -6.6394 -9.41666 -10.1811 -7.6918 -6.12322 -4.90683 -3.98293 -3.78739 -3.8151 -1.93714 -1.68539 -1.07377 -1.20391 -1.14592 -2.09093 -2.67591 -2.16833 -2.75875 -2.86021 -2.01822 -2.84887 -2.09866 -2.19025 -2.41496 -2.42559 -1.9294 -1.82708 -1.77165 -1.76537 -1.7813 -1.8024 -1.81375 -1.79457 -1.79922 -1.8242 -1.82078 -1.84609 -2.19053 -3.68781 -4.21064
-9999 -9999 -9999 -9999 -9999 -9999 -9999 -9999 -3.81054 -0.398217 1.16758 1.99122 3.14817 3.29269 2.92987 2.2644 0.645898 -0.777145 -3.09354 -5.73984 -7.14151 -2.93852 0.719423 2.62908 2.37636 -2.02725 -3.76504 -3.84535 -2.82132 -3.68458 -4.33895 -6.44926 -7.07875 -7.95381 -7.41111 -5.71651 -4.33183 -2.99566 -2.02293 -1.93987 -1.30714 -0.945015 -0.913092 -0.798233 -0.908267 -0.998335 -1.91485 -1.28448 -1.82 -1.53647 -1.71975 -1.88511 -2.03003 -2.55171 -2.1816 -1.8532 -1.76691 -1.73857 -1.75563 -1.75701 -1.76721 -1.79392 -1.80635 -1.80553 -1.806 -1.82051 -1.81892 -1.83499 -2.00171 -2.90221
-9999 -9999 -9999 -9999 -9999 -9999 -9999 -9999 -5.49618 -2.10075 -0.457861 1.65003 2.73969 3.18403 3.13069 2.59218 1.36335 -0.488541 -2.03079 -4.98529 -8.05346 -3.64132 0.286508 2.40787 2.52173 -1.18163 -0.1549 -0.983526 -0.648293 -2.16571 -2.79548 -3.2932 -4.38181 -5.57199 -6.87312 -7.56034 -4.45569 -2.8597 -1.57439 -0.966268 -0.620855 -0.446686 -0.536705 -0.770593 -2.14674 -1.0957 -1.15541 -1.26013 -1.38034 -1.43873 -1.54782 -1.67618 -1.75476 -1.78108 -2.1269 -1.7322 -1.73968 -1.73256 -1.72831 -1.73563 -1.75178 -1.76515 -1.78241 -1.7807 -1.79355 -1.8047 -1.81202 -1.81646 -1.82626 -1.87474
-9999 -9999 -9999 -9999 -9999 -9999 -9999 -9999 -10.2426 -5.30607 -1.33008 0.744312 2.43395 2.90127 3.0785 2.35441 1.81378 0.487391 -0.768579 -2.70846 -5.61614 -7.40536 -4.10118 0.700164 2.46743 2.327 2.2173 1.25942 0.396285 0.288119 0.354122 -0.650543 -2.11291 -4.02632 -4.62185 -5.29085 -2.97791 -2.6616 -2.82719 -0.283482 -0.27423 -0.415268 -1.3841 -2.47176 -2.26321 -2.93966 -2.4275 -3.23048 -2.49236 -1.85444 -1.61636 -1.63632 -1.724 -1.73305 -1.77086 -1.70182 -1.70189 -1.71124 -1.71744 -1.71923 -1.72555 -1.75158 -1.76468 -1.75034 -1.77041 -1.78252 -1.79874 -1.80011 -1.80415 -1.83964
-9999 -9999 -9999 -9999 -9999 -9999 -9999 -9999 -10.0116 -5.85364 -2.33134 -0.216145 1.81667 2.29164 2.98031 2.83665 2.27009 1.11759 -0.32337 -1.91926 -4.41327 -6.26622 -4.05535 -0.866378 1.41754 2.23305 2.22147 2.16767 1.95188 1.86602 1.6144 1.43522 0.385302 -1.42209 -2.44251 -3.93623 -1.35906 -1.06755 -1.46747 -0.179352 -0.240714 -2.181 -3.67231 -3.85589 -2.94523 -3.81069 -3.96703 -4.51137 -3.90132 -2.26658 -2.7417 -2.64791 -1.91008 -1.78796 -1.70954 -1.68789 -1.69199 -1.69395 -1.70442 -1.69986 -1.69494 -1.7206 -1.7305 -1.73359 -1.75836 -1.7649 -1.78183 -1.79522 -1.81136 -1.82974
-9999 -9999 -9999 -9999 -9999 -9999 -9999 -9999 -9.90778 -7.11157 -3.94149 -0.82963 1.34081 2.21877 2.859 2.85614 2.19685 1.62579 0.723807 -0.679814 -1.64162 -3.31405 -5.61072 -1.75234 -0.567109 0.485674 0.934967 2.03604 2.01 1.50661 0.915868 1.45959 1.30051 -0.129755 -0.599039 -1.39206 0.0421028 0.0477852 0.010606 -0.0634383 -1.70238 -3.9816 -5.80292 -4.48777 -4.75984 -4.1592 -6.02993 -4.48932 -3.25305 -2.85228 -3.6974 -4.32104 -2.39679 -2.07739 -1.8871 -1.7647 -1.68361 -1.70128 -1.67943 -1.68814 -1.69076 -1.69366 -1.70672 -1.71326 -1.72666 -1.74069 -1.75975 -1.77099 -1.79091 -1.81289
-9999 -9999 -9999 -9999 -9999 -9999 -9999 -9999 -9999 -8.73772 -4.72053 -1.13372 0.864914 2.12317 2.73801 2.73058 2.39513 2.00838 1.45034 0.43866 -0.833152 -2.84497 -4.33773 -3.38508 -2.22334 -2.09583 -1.32366 0.912378 1.6768 0.595558 -2.0796 -0.500662 1.26095 1.23309 1.08383 0.91708 0.699261 0.507541 0.0857279 -1.04794 -4.52616 -5.20403 -6.56663 -6.40876 -7.10689 -5.57922 -6.15569 -4.58328 -3.90184 -3.64475 -5.09831 -4.79424 -3.08703 -2.41106 -2.52298 -2.10748 -1.71376 -1.6989 -1.68525 -1.69279 -1.68119 -1.67471 -1.67782 -1.68875 -1.69821 -1.7044 -1.7396 -1.73561 -1.86282 -1.94502
-9999 -9999 -9999 -9999 -9999 -9999 -9999 -9999 -9999 -9.5211 -5.51208 -1.28868 0.0700587 1.42625 2.59717 2.6236 2.10906 1.61985 1.1158 0.541422 -1.00197 -2.4986 -3.92744 -4.4051 -4.11377 -4.13917 -2.89073 0.0221766 0.587084 0.347626 -2.44656 -3.39161 -1.03821 0.939944 1.09674 0.918854 -1.40627 -0.908604 -2.16146 -3.86123 -4.32694 -5.06917 -6.64095 -5.88037 -7.03137 -6.53489 -6.67637 -5.78322 -5.34761 -4.28606 -5.55258 -5.5497 -3.87322 -3.02703 -3.00509 -2.11645 -1.79851 -1.71365 -1.69037 -1.67255 -1.66546 -1.64789 -1.65222 -1.66133 -1.67469 -1.71329 -1.81077 -2.12522 -3.80823 -3.80379
-9999 -9999 -9999 -9999 -9999 -9999 -9999 -9999 -9999 -9.04392 -6.26056 -2.51257 0.264666 0.442905 1.79498 2.49469 1.93488 1.30407 0.658547 0.378364 -1.30167 -3.14757 -4.63846 -6.40398 -6.1098 -4.83735 -2.76422 -0.881968 -0.544308 -0.931845 -2.42911 -1.72069 -0.115254 0.737812 0.990326 0.794069 0.289072 -0.00169746 -0.923742 -1.32184 -2.60297 -4.60757 -5.39555 -4.8923 -7.02105 -6.87015 -6.08052 -6.928 -5.54713 -4.88609 -6.52136 -5.22441 -3.7411 -2.98224 -2.31846 -2.00338 -1.8766 -1.68275 -1.67517 -1.65615 -1.64414 -1.64345 -1.63988 -1.66726 -1.68935 -1.86467 -2.12515 -3.69185 -4.3521 -4.22134
-9999 -9999 -9999 -9999 -9999 -9999 -9999 -9999 -9999 -8.55619 -6.04969 -2.79929 -0.817948 -0.460165 1.03889 2.3722 2.22743 1.57099 1.37358 0.69297 -0.731371 -2.3051 -4.02567 -4.86062 -6.78439 -4.8849 -3.38818 -1.79384 -1.04722 -2.27697 -2.89368 -1.7983 -0.709249 -0.273413 0.826732 0.818 0.461853 -1.0797 -1.83012 -1.50949 -1.83032 -2.39408 -3.77326 -3.83242 -4.71781 -5.08351 -5.42909 -6.56827 -5.84773 -5.77489 -5.57915 -4.02179 -3.24912 -2.73632 -2.26961 -2.14578 -1.94152 -1.67676 -1.65107 -1.63881 -1.63691 -1.62874 -1.64468 -1.71597 -1.77559 -2.13198 -2.76557 -3.95068 -5.88252 -4.52284
-9999 -9999 -9999 -9999 -9999 -9999 -9999 -9999 -9999 -8.9682 -6.30572 -3.52703 -2.36284 -2.16176 0.548178 2.20894 2.2156 1.90637 1.54449 -0.142012 -0.0393409 -0.374017 -1.92584 -4.18786 -6.67267 -6.43669 -4.95867 -2.85365 -2.15601 -4.18967 -4.90713 -4.3768 -2.73053 -1.25664 0.282367 0.674687 0.225665 -2.17512 -4.72642 -3.53962 -2.27163 -2.27616 -2.64504 -3.92418 -4.32897 -4.69541 -5.62866 -7.21691 -6.99005 -6.54877 -4.78033 -4.21914 -3.35278 -2.63291 -2.90206 -2.74175 -2.05246 -1.65582 -1.63837 -1.62855 -1.61262 -1.6186 -1.639 -1.78455 -1.93892 -2.20022 -3.8571 -4.88651 -6.38855 -4.64605
-9999 -9999 -9999 -9999 -9999 -9999 -9999 -9999 -9999 -9.77649 -7.84299 -5.18675 -4.11365 -2.40474 0.156492 1.41819 2.02495 2.01543 1.77544 1.02218 0.570571 -0.322799 -1.93733 -4.14629 -6.60226 -8.2003 -7.38416 -4.55882 -3.88804 -5.76303 -6.71562 -5.52561 -3.77111 -1.17396 0.310795 0.513002 0.380974 -0.112343 -1.97443 -4.22461 -4.21455 -3.08239 -4.02535 -5.12183 -4.51549 -4.62545 -5.54694 -6.21692 -6.63885 -6.38228 -5.37425 -4.95556 -3.95475 -2.47829 -2.26514 -2.3049 -1.68176 -1.64825 -1.63114 -1.60497 -1.60286 -1.60565 -1.62134 -1.73963 -2.00831 -3.11022 -4.0709 -5.40859 -5.57194 -4.02448
-9999 -9999 -9999 -9999 -9999 -9999 -9999 -9999 -9999 -11.1784 -8.90427 -6.41554 -4.08509 -1.88018 0.0179502 0.168428 1.17121 1.17372 1.70067 1.5542 0.855958 0.103954 -1.2868 -4.12538 -6.51197 -9.11515 -8.42585 -5.54463 -5.16637 -6.42191 -8.74291 -6.34287 -3.6962 -1.29723 0.00237582 -1.01284 0.0319128 -0.0514891 -0.747766 -2.08638 -4.16903 -4.12731 -5.68759 -5.75348 -4.94905 -4.68675 -4.81871 -5.32123 -6.13195 -5.99939 -5.38754 -5.2299 -4.30985 -3.16388 -2.04336 -1.85316 -1.63742 -1.62569 -1.61954 -1.59935 -1.5943 -1.61478 -1.66917 -1.79319 -2.71656 -3.81531 -4.49125 -5.4226 -5.53357 -3.74062
