Test_Spring_2018b/02_18/Temp/20180220_013.txt
ncols	170
nrows	115
xllcorner	350000.000000
yllcorner	4445000.000000
cellsize	1000.000000
nodata_value	-9999.000000
[rows 32 to 63 of 115, columns 72 to 143 of 170]
9.87502 9.53869 10.0628 10.5454 10.2469 10.0495 10.841 10.8419 10.5732 9.9406 9.70938 9.46969 9.32344 8.512 6.23256 4.17783 5.28112 5.30867 4.54809 5.91547 5.19474 3.31284 0.655703 2.10079 1.72514 -0.169921 -0.642108 -9999 -9999 -9999 -9999 -9999 -9999 -9999 -9999 -9999 -9999 -9999 -9999 -9999 -9999 -9999 -9999 -9999 -9999 -9999 -9999 -9999 -9999 -9999 -9999 -9999 -9999 -9999 -9999 -9999 -9999 -9999 -9999 -9999 -9999 -9999 -9999 -9999 -9999 -9999 -9999 -9999 -9999 -9999 -9999 -9999
9.42325 9.2798 10.058 10.0433 9.99058 10.267 10.7591 10.8581 10.754 10.4789 10.241 9.98788 9.34355 8.41508 6.46449 4.12545 3.59607 4.74296 4.79918 4.98442 4.32763 3.50223 2.21034 3.26925 3.68061 2.43535 0.801874 -0.244653 -9999 -9999 -9999 -9999 -9999 -9999 -9999 -9999 -9999 -9999 -9999 -9999 -9999 -9999 -9999 -9999 -9999 -9999 -9999 -9999 -9999 -9999 -9999 -9999 -9999 -9999 -9999 -9999 -9999 -9999 -9999 -9999 -9999 -9999 -9999 -9999 -9999 -9999 -9999 -9999 -9999 -9999 -9999 -9999
8.8844 8.13308 8.60276 8.95577 9.59786 9.76798 9.86659 10.7939 10.7461 10.7046 10.3106 9.99582 9.47336 8.57986 7.30706 5.77423 3.10409 4.75278 6.04394 6.012 5.94227 5.3642 4.12302 5.16231 5.21133 3.6147 1.80516 0.745665 0.307519 -9999 -9999 -9999 -9999 -9999 -9999 -9999 -9999 -9999 -9999 -9999 -9999 -9999 -9999 -9999 -9999 -9999 -9999 -9999 -9999 -9999 -9999 -9999 -9999 -9999 -9999 -9999 -9999 -9999 -9999 -9999 -9999 -9999 -9999 -9999 -9999 -9999 -9999 -9999 -9999 -9999 -9999 -9999
8.27187 7.3537 7.8262 8.4561 9.33934 9.79438 10.1444 10.4225 10.7063 10.6744 10.2711 9.0772 8.9081 8.85801 8.02611 6.2784 4.53289 4.08166 6.05063 6.61486 6.50091 6.94096 5.88953 6.38691 6.18323 5.61421 3.87233 2.28741 1.63405 0.343042 -9999 -9999 -9999 -9999 -9999 -9999 -9999 -9999 -9999 -9999 -9999 -9999 -9999 -9999 -9999 -9999 -9999 -9999 -9999 -9999 -9999 -9999 -9999 -9999 -9999 -9999 -9999 -9999 -9999 -9999 -9999 -9999 -9999 -9999 -9999 -9999 -9999 -9999 -9999 -9999 -9999 -9999
-9999 -9999 6.77755 7.62954 8.33947 9.20246 9.95075 10.327 10.6926 10.6648 9.85731 9.46322 9.43033 8.8859 7.92533 7.32299 6.22454 5.07986 5.51873 7.19773 6.45198 7.64135 7.54101 7.75955 6.96473 5.44647 3.42911 2.2497 1.66507 0.618863 -9999 -9999 -9999 -9999 -9999 -9999 -9999 -9999 -9999 -9999 -9999 -9999 -9999 -9999 -9999 -9999 -9999 -9999 -9999 -9999 -9999 -9999 -9999 -9999 -9999 -9999 -9999 -9999 -9999 -9999 -9999 -9999 -9999 -9999 -9999 -9999 -9999 -9999 -9999 -9999 -9999 -9999
-9999 -9999 -9999 7.47343 8.01469 9.17499 9.76928 10.0139 10.6028 10.6057 10.3009 10.0713 9.73729 9.30047 8.57904 7.78281 6.74981 6.65538 7.72991 7.744 7.52032 7.69688 8.24846 8.10292 6.86388 4.7379 3.61524 1.32344 0.346673 0.446712 -0.245226 -9999 -9999 -9999 -9999 -9999 -9999 -9999 -9999 -9999 -9999 -9999 -9999 2.41392 -9999 -9999 -9999 -9999 -9999 -9999 -9999 -9999 -9999 -9999 -9999 -9999 -9999 -9999 -9999 -9999 -9999 -9999 -9999 -9999 -1.779 -9999 -9999 -9999 -9999 -9999 -9999 -9999
-9999 -9999 7.37351 8.09265 8.65733 9.38509 9.45218 9.88532 10.5623 10.5738 10.3582 10.1144 9.5641 9.42917 9.01936 8.15482 7.97915 8.33162 8.49442 8.67853 8.79191 8.70051 8.47704 8.188 7.38278 6.39708 5.73523 3.64593 2.58727 1.57936 0.0541882 -1.1386 -9999 -9999 -9999 -9999 -9999 -9999 -9999 1.61804 1.56197 1.5893 1.92376 2.84694 2.30334 -9999 -9999 -9999 -9999 -9999 -9999 -9999 -9999 -9999 -9999 -9999 -9999 -9999 -9999 -9999 -9999 -9999 -9999 -9999 -0.946281 -2.14763 -9999 -9999 -9999 -9999 -9999 -9999
-9999 -9999 7.56473 8.32725 8.7087 9.41553 9.82062 10.0816 10.3173 10.5428 10.5071 10.2373 9.82577 9.8305 9.26261 8.95718 8.73942 9.21574 9.3107 9.12091 8.88233 8.67107 8.07313 8.00344 7.79678 7.17049 6.14327 5.08492 3.54771 1.47674 -0.553857 -2.19133 -9999 -9999 -9999 -9999 -9999 -9999 1.79052 2.55877 3.01904 2.04188 2.87655 3.63897 3.5159 2.76089 -9999 -9999 -9999 -9999 -9999 -9999 -9999 -9999 -9999 -9999 -9999 -9999 -9999 -9999 4.74488 3.51445 1.02757 -0.247044 -1.01188 -2.10435 -9999 -9999 -9999 -9999 -9999 -9999
-9999 -9999 7.41398 8.31428 8.92462 9.46663 9.55455 10.1108 10.3493 10.4713 10.4591 10.4074 10.3334 9.8383 9.62653 8.87672 9.5978 9.57203 9.39111 8.67115 8.35908 7.12164 6.57671 6.44404 7.48308 6.71242 5.10512 3.09638 0.679092 0.516775 -0.281048 -1.74449 -9999 -9999 -9999 -9999 -9999 -9999 2.02947 2.85118 3.53677 3.63661 2.6647 4.01976 3.95388 3.19252 3.01745 3.63647 3.94884 3.70448 4.44169 4.65773 4.32165 4.68881 -9999 -9999 -9999 -9999 4.91139 4.96262 5.00159 4.48967 1.77284 -0.0827885 -1.74951 -1.90966 -9999 -9999 -9999 -9999 -9999 -9999
-9999 -9999 8.03675 8.59136 8.87245 8.9191 9.40576 9.89219 10.1879 10.4077 10.366 10.3506 10.3342 10.1666 9.77364 9.84698 9.81692 9.58785 8.21714 6.61663 7.31498 6.36326 4.32582 5.97095 6.8774 6.00398 4.05622 1.7982 1.05427 1.08007 -0.0296499 -1.45693 -9999 -9999 -9999 -0.217704 0.9595 1.0638 1.41199 2.50781 3.34121 3.96822 4.3949 4.37684 3.91628 3.1709 2.3607 2.64456 4.09206 4.4425 4.72843 4.95201 4.63969 4.80107 5.18919 5.39036 5.43213 5.34228 5.32305 5.35645 5.31175 4.83434 2.40466 1.01392 0.126315 -1.66727 -9999 -9999 -9999 -9999 -9999 -9999
-9999 -9999 7.68877 8.17109 8.56202 9.20982 9.27969 9.69096 9.93597 10.2958 10.3388 9.91842 10.2706 10.2281 10.1653 10.029 9.82785 8.6714 7.0764 5.47695 4.73845 5.05184 3.82684 4.44742 5.36577 5.0257 3.82877 1.8168 1.53205 1.0602 -0.809923 -2.60602 -9999 -9999 -2.4984 -0.241443 1.34847 2.16959 2.42517 2.45092 3.50076 3.58319 4.71194 4.4434 2.9404 3.1049 2.51757 2.88976 3.41578 3.55813 4.3145 5.04648 5.18438 5.18711 5.43429 5.48583 5.50019 5.49544 5.32988 5.40848 5.4221 5.12517 3.36498 2.50677 1.55648 -1.64245 -9999 -9999 -9999 -9999 -9999 -9999
-9999 -9999 7.93456 8.47344 9.06367 9.1602 9.59815 9.55487 9.43262 10.0434 10.2656 9.96962 9.75746 10.1563 10.1316 10.0815 9.99701 8.91046 7.65226 5.74631 4.56173 3.83576 3.3201 2.62322 3.0935 2.9465 2.75039 2.97119 2.41473 1.30745 0.214525 -1.83283 -2.93762 -9999 -2.37616 -1.35611 0.534619 2.14164 3.16228 2.7975 3.9912 4.21244 4.89757 4.49154 3.57514 3.17848 3.13962 3.01625 3.81553 4.34919 4.72135 4.97381 5.28797 5.36808 5.44932 5.48405 5.50395 5.52453 5.5226 5.5185 5.48496 5.37453 4.56598 3.7061 1.85329 -1.53631 -9999 -9999 -9999 -9999 -9999 -9999
-9999 6.36952 7.8733 8.77638 9.12649 9.37959 9.60305 9.76543 9.93624 10.096 10.2072 10.1612 9.37347 9.44098 9.58592 10.0373 10.0075 9.91092 9.22358 6.90427 6.10166 4.92729 3.40848 2.76637 3.08062 4.32169 4.2636 3.43766 2.51782 1.24411 0.434105 -0.819545 -3.22791 -3.00936 -1.92244 -1.11274 0.173339 2.1374 3.51456 4.12965 4.36212 4.84362 5.09351 4.53407 3.99754 3.77149 3.35622 3.29357 3.29202 3.77299 4.14247 4.97976 5.26141 5.38882 5.45518 5.4918 5.51938 5.54706 5.55839 5.54475 5.54798 5.54336 5.48278 4.34195 1.48323 -0.671432 -9999 -9999 -9999 -9999 -9999 -9999
-9999 -9999 7.59515 7.99241 8.09675 8.27928 8.65256 9.08311 9.69301 9.7734 10.1109 10.1118 9.43219 8.64846 9.33695 9.612 9.89662 9.90695 9.81954 7.86832 6.8479 6.04376 4.58716 5.1039 5.59945 5.63433 5.3307 3.56215 1.80116 -0.231658 -2.12681 -2.21736 -3.23745 -2.69725 -1.9782 -0.136079 1.16122 1.68886 2.06813 4.06371 4.58198 4.75703 5.26542 4.56638 4.38069 3.85282 4.0033 3.95241 3.95038 2.49648 3.94113 4.02407 4.96902 5.39207 5.48796 5.51551 5.54552 5.55254 5.56086 5.55938 5.57162 5.55779 5.54116 4.79943 1.17761 -0.644423 -9999 -9999 -9999 -9999 -9999 -9999
-9999 -9999 -9999 -9999 7.7221 8.02561 8.22076 8.55814 9.58937 9.86887 10.0557 10.0742 9.77353 8.99714 8.79525 8.94097 8.18348 8.82084 9.69136 9.66979 9.56364 7.84845 6.96494 7.8108 7.54953 6.25793 5.24089 4.23735 2.17581 0.663546 -1.50841 -3.13882 -3.19947 -1.39862 0.0971142 1.96132 2.78569 2.32125 2.83001 3.82021 4.94517 5.48804 5.3576 4.62061 4.5083 3.69651 4.48401 4.54645 4.17238 3.8486 3.96636 4.43163 4.60804 5.34767 5.52685 5.55849 5.56636 5.57217 5.57205 5.57092 5.5626 5.55636 5.54681 5.51346 1.79045 -1.10944 -9999 -9999 -9999 -9999 -9999 -9999
-9999 -9999 -9999 -9999 7.00746 7.19259 7.6785 8.92511 9.57824 9.84376 9.83742 9.96212 9.75104 9.06885 8.36839 7.70793 6.85468 7.34598 8.64177 9.40526 9.4914 7.98768 8.76276 8.46688 7.88653 6.1982 4.9532 4.29191 2.31253 0.615141 -0.830164 -2.82463 -1.97077 -1.02965 0.179439 2.21259 3.5859 4.15162 3.68114 4.31541 5.60993 5.61604 4.90585 4.94871 4.50778 3.40005 4.54232 4.85966 4.59374 4.65597 4.54964 4.72066 5.03594 5.33851 5.54038 5.56851 5.57325 5.56946 5.57225 5.57522 5.56312 5.56583 5.55627 5.53742 3.13404 -1.16397 -9999 -9999 -9999 -9999 -9999 -9999
-9999 -9999 -9999 -9999 -9999 6.35787 7.46531 9.11968 9.53095 9.4957 9.83958 9.87194 9.54624 9.26404 8.41317 7.24928 5.01021 5.58323 6.77614 8.49495 9.39757 9.27438 8.76515 7.88913 5.77369 3.92192 3.69419 3.38861 1.94336 0.635107 -0.971662 -0.0412353 0.978836 2.09557 2.68382 2.53457 3.71173 4.67169 4.26743 5.04526 5.9514 5.5394 5.29421 5.08709 4.57898 4.54369 4.59026 5.23644 4.77992 5.0518 5.04955 5.03061 5.18273 5.35929 5.54598 5.57743 5.57965 5.58542 5.56661 5.57694 5.56845 5.55952 5.55078 5.5346 5.31653 2.99949 1.61495 -9999 -9999 -9999 -9999 -9999
-9999 -9999 -9999 -9999 -9999 5.33736 5.89021 7.84927 8.45474 9.32187 9.78365 9.80768 9.2556 8.94926 7.67978 7.27013 5.19928 4.26225 5.06022 4.7556 7.12154 9.21441 8.75198 4.52202 2.98782 1.89258 2.16996 2.16977 1.76575 -0.458152 -1.07071 0.916658 2.16885 3.14004 3.87786 4.03363 4.01157 5.51166 5.71226 6.19974 6.09401 6.138 5.38005 4.90924 5.30806 4.83178 4.74596 5.41382 4.74533 5.34 5.26009 5.07687 5.0652 5.45907 5.53887 5.58186 5.5858 5.57305 5.55614 5.54713 5.5622 5.55793 5.53704 5.53841 5.5164 5.2371 4.03807 3.61733 4.07832 -9999 -9999 -9999
-9999 -9999 -9999 -9999 -9999 -9999 4.06483 6.78695 8.03083 8.68608 9.60813 9.72181 9.42871 8.89686 7.6037 6.46667 4.61571 2.50089 1.38036 4.73714 7.65807 9.18181 8.97487 5.45359 4.06205 3.99473 4.80976 4.11706 3.59144 1.90045 1.39579 0.695341 1.12799 2.48045 3.58597 4.65377 5.43095 5.49691 6.00152 6.28997 6.31362 6.40296 6.31207 6.23664 5.49766 5.9968 5.56431 5.78613 5.63504 5.49842 5.37603 4.95576 5.24849 5.50846 5.57559 5.5955 5.5817 5.58052 5.57223 5.55054 5.5406 5.54053 5.53905 5.52596 5.52533 5.50829 5.3723 4.64986 3.68315 2.46235 -9999 -9999
-9999 -9999 -9999 -9999 -9999 -9999 2.70592 5.4148 6.72031 8.4018 9.268 9.62012 9.57705 9.14657 8.16465 6.68487 5.45229 3.09112 0.638762 4.1623 7.29934 8.99219 9.08084 6.11629 6.93357 6.2685 6.53335 5.31816 4.81238 4.40978 3.53844 2.58631 1.5444 0.993555 3.47429 4.74956 5.77636 6.26171 6.53666 6.67423 6.60031 6.41184 5.30938 6.14568 6.09127 6.00327 5.90278 5.85165 5.76008 5.65329 5.58405 5.55979 5.28075 5.59185 5.58308 5.58834 5.59149 5.58546 5.57228 5.5611 5.54651 5.5466 5.53625 5.52572 5.51788 5.51008 5.4995 5.45786 5.26421 3.62598 2.64513 2.36342
-9999 -9999 -9999 -9999 -9999 -9999 -1.09839 2.842 6.00825 7.66357 9.00943 9.38196 9.52303 8.94419 8.51197 7.45191 6.44793 4.89726 2.57304 1.14206 3.77983 7.61365 9.02438 8.90642 8.81589 8.04771 7.35529 7.26621 7.31649 6.50884 5.33648 3.80701 3.32821 2.7938 4.64185 4.89458 4.76203 6.7937 6.79997 6.68564 5.90939 5.03782 5.20117 4.65902 5.06158 4.41591 5.00143 5.5069 5.69301 5.67313 5.59675 5.58322 5.55098 5.60197 5.60115 5.59319 5.58789 5.58614 5.58066 5.55921 5.54779 5.55794 5.54004 5.52827 5.51536 5.50996 5.50406 5.47292 5.44423 5.19053 4.81022 4.08193
-9999 -9999 -9999 -9999 -9999 -9999 -0.929665 2.38434 5.19616 6.88092 8.50381 8.88241 9.43201 9.31678 8.86371 7.94243 6.79051 5.51456 3.52075 2.03881 3.80337 6.34862 8.17093 8.81645 8.80611 8.76042 8.5854 8.51116 8.308 8.15983 7.31993 5.8717 5.05623 3.86276 5.92176 6.1545 5.83457 6.86295 6.81272 5.26082 4.06715 3.91783 4.64234 3.94735 3.81555 3.37925 3.86273 5.16492 4.77743 4.84891 5.43223 5.52747 5.58462 5.60077 5.59667 5.59452 5.58569 5.58885 5.59219 5.57088 5.56188 5.55801 5.5365 5.52886 5.51292 5.4976 5.48504 5.46772 5.44171 5.36833 5.28517 5.35985
-9999 -9999 -9999 -9999 -9999 -9999 -0.860742 1.36682 3.8974 6.37808 8.11092 8.81142 9.32223 9.31935 8.79205 8.33517 7.61374 6.4913 5.72159 4.38385 2.54712 5.62775 6.57174 7.40686 7.75975 8.63667 8.61328 8.20878 7.73345 8.16653 8.03414 6.89087 6.5156 5.88179 7.02741 7.03161 7.00133 6.94128 5.63055 3.80784 2.35054 3.39874 3.17845 3.65493 2.15358 3.37636 4.36005 4.6764 4.00132 3.49989 5.03111 5.27963 5.43014 5.52677 5.59066 5.57585 5.59269 5.5851 5.58226 5.57899 5.56736 5.56065 5.54818 5.53494 5.51687 5.50333 5.48469 5.45888 5.45573 5.41576 5.39936 5.3783
-9999 -9999 -9999 -9999 -9999 -9999 -9999 0.0528748 3.25593 6.1201 7.71571 8.72007 9.21055 9.20395 8.93526 8.62549 8.17867 7.36919 6.35161 4.74253 3.54792 4.30688 5.23169 5.32742 5.94167 7.72558 8.33393 7.4679 5.32429 6.5796 7.98625 7.96347 7.84388 7.71039 7.53833 7.38464 7.04691 6.14016 3.35987 2.81396 1.72298 1.8464 1.2856 2.50238 2.03505 3.28757 3.82831 4.03019 2.86559 3.10139 4.4578 4.99614 4.90539 5.23634 5.55352 5.56457 5.57472 5.56792 5.57629 5.5804 5.57662 5.56243 5.55278 5.5455 5.5139 5.51248 5.4081 5.33978 5.20239 5.36984 5.38495 5.38301
-9999 -9999 -9999 -9999 -9999 -9999 -9999 -0.590985 2.61017 5.98292 7.06723 8.14973 9.08435 9.10466 8.69274 8.30097 7.8972 7.43704 6.20248 5.00506 3.8616 3.47793 3.70853 3.68096 4.67593 7.00083 7.44994 7.25661 5.01225 4.25602 6.13539 7.71517 7.83992 7.69733 5.83915 6.23613 5.23428 3.87508 3.5015 2.90662 1.64863 2.25376 1.33136 1.725 1.60483 2.31498 2.65963 3.50453 2.48963 2.48476 3.81624 4.49059 4.50672 5.21557 5.46865 5.53561 5.55336 5.56668 5.57125 5.58398 5.57897 5.56989 5.55719 5.52414 5.4439 5.18894 3.83985 3.84094 4.20949 4.55828 5.18596 5.36158
-9999 -9999 -9999 -9999 -9999 -9999 -9999 -0.223387 1.99856 4.99146 7.20902 7.35028 8.42951 8.9876 8.53938 8.03437 7.5175 7.29236 5.94862 4.47221 3.27927 1.86678 2.0998 3.11436 4.76313 6.26476 6.53246 6.22093 5.01219 5.57696 6.85864 7.53938 7.74043 7.58297 7.17881 6.9457 6.20804 5.88874 4.86366 3.26026 2.62861 3.02831 1.32494 1.44272 2.07071 1.38631 2.48647 3.01165 1.70235 2.72505 3.90811 4.51267 5.04154 5.29203 5.39224 5.54611 5.55117 5.56531 5.57371 5.5729 5.57418 5.55054 5.53094 5.38876 5.17843 3.92442 3.39117 3.49335 4.07272 4.58004 5.09992 5.31775
-9999 -9999 -9999 -9999 -9999 -9999 -9999 0.152434 2.1532 4.74851 6.33011 6.61472 7.81127 8.87545 8.75873 8.23315 8.07425 7.52917 6.38975 5.13084 3.75449 3.0856 1.54671 3.06239 4.2506 5.52235 6.11691 5.12104 4.62684 5.50073 6.36973 6.71699 7.59509 7.58729 7.3019 6.06932 5.46868 5.72357 5.46573 5.01357 3.90967 3.86019 3.15041 2.85568 2.57691 1.65955 2.23238 2.28783 2.43512 3.67192 4.28724 4.69518 5.06653 5.16411 5.32609 5.53648 5.55588 5.5645 5.56474 5.56986 5.55556 5.49688 5.44737 5.16063 4.65232 3.70332 2.1541 3.23826 4.37193 4.70618 5.02822 5.1999
-9999 -9999 -9999 -9999 -9999 -9999 -9999 -0.190777 1.93459 4.15299 5.08165 5.24096 7.40484 8.73055 8.73472 8.48649 8.19614 6.8474 6.92803 6.65914 5.4177 3.60875 1.62174 1.80848 2.98386 4.66158 5.21711 3.57859 3.00388 3.42624 4.74034 5.91683 7.14542 7.4579 7.09816 5.17899 3.13945 4.08633 5.09791 5.0926 4.79601 3.77197 3.44634 3.1512 2.40311 1.12862 1.30564 1.65563 3.05392 3.50008 4.19026 4.76361 4.54696 4.67358 5.22296 5.5386 5.55129 5.55787 5.56927 5.56305 5.5452 5.42724 5.30211 5.09143 3.76566 2.94116 1.73737 3.12542 3.89829 4.29775 5.03412 5.21017
-9999 -9999 -9999 -9999 -9999 -9999 -9999 -0.85075 0.692171 2.81268 3.66847 5.03238 7.07736 8.08414 8.5677 8.55888 8.3659 7.76279 7.40063 6.68544 5.39399 3.62754 1.66368 0.385209 1.03553 3.28507 3.81291 2.30716 1.54456 2.49392 3.89439 5.9682 7.15331 7.31376 7.20718 6.8119 5.32296 3.52383 3.53041 4.43334 3.67818 2.80022 3.28257 3.19252 2.45399 1.91634 1.57203 1.76774 2.56507 2.8974 3.69499 4.87276 5.04136 5.00804 5.50445 5.52986 5.54219 5.56176 5.56207 5.55841 5.54434 5.44821 5.23182 4.34962 3.58018 2.50945 2.37694 3.60744 4.14675 4.64421 5.00569 5.12393
-9999 -9999 -9999 -9999 -9999 -9999 -9999 -1.98512 -0.170092 1.81651 3.67678 5.43688 6.95198 7.07087 7.87078 7.87155 8.29133 8.17305 7.6139 7.01173 5.89916 3.62977 1.72143 -0.360022 0.189028 2.48579 2.7711 1.76633 -0.0896174 1.82643 3.9396 5.85495 6.89202 6.0797 6.91322 6.84537 6.28783 5.21701 3.55164 3.58344 2.33517 2.28072 2.92148 3.12897 3.02136 2.61761 1.96477 2.0593 2.54003 2.6638 3.39682 4.31047 5.20393 5.35424 5.52506 5.53296 5.53647 5.55121 5.55385 5.53606 5.49111 5.39047 4.65107 3.77148 3.2296 2.48358 2.39295 3.82209 4.38099 4.69058 5.00295 5.12664
-9999 -9999 -9999 -9999 -9999 -9999 -9999 -9999 -0.3583 1.69405 3.21326 3.62388 4.97086 5.69906 6.26292 6.38925 7.99448 8.08434 7.7303 7.17724 6.22845 4.50654 3.30682 1.3103 -0.124819 0.448314 0.714436 1.24151 1.0857 1.94014 3.97077 6.08652 6.3176 4.97406 5.17358 5.45532 6.08608 5.76686 3.49751 2.34458 1.38742 2.0672 2.7821 2.95458 2.9884 2.8494 2.67279 2.38269 3.33849 4.04562 4.20915 4.82605 5.28166 5.40766 5.50286 5.51515 5.52779 5.52881 5.50313 5.48473 5.37113 5.1155 4.28831 2.29814 2.39121 2.17586 1.55648 2.95067 3.81389 4.60457 5.02491 5.13381
-9999 -9999 -9999 -9999 -9999 -9999 -9999 -9999 -1.04314 1.33123 1.8345 1.79945 1.01619 1.37977 4.29327 4.88134 6.42087 7.87854 7.77285 7.23024 6.34253 5.31721 3.72925 1.48372 -0.300638 -1.06552 0.845452 2.72676 3.11581 3.7177 4.96198 5.19858 3.82535 2.53772 3.26139 3.69752 5.35774 5.6611 5.33883 3.97145 2.40781 1.59132 2.55428 2.68229 2.73912 2.74941 2.70928 2.65444 3.72485 4.32087 4.73427 4.9593 5.35049 5.45078 5.48325 5.51403 5.50773 5.48841 5.42749 5.35806 5.04937 4.67538 3.32007 2.19001 1.48521 0.590378 2.6064 3.19855 4.01692 4.54347 4.96146 5.05334
