Test_Spring_2018b/02_18/Temp/20180228_005.txt
ncols	170
nrows	115
xllcorner	350000.000000
yllcorner	4445000.000000
cellsize	1000.000000
nodata_value	-9999.000000
[rows 31 to 61 of 115, columns 70 to 139 of 170]
1.01632 1.70575 1.96041 1.48405 1.53328 2.68167 2.93817 2.92282 2.82615 2.71901 2.17624 1.99586 1.56865 0.814868 0.50015 -0.842011 -5.18621 -3.95353 -3.46985 -4.72724 -4.02084 -2.87283 -3.86667 -6.82224 -8.09331 -10.1427 -9.48741 -10.1006 -11.7496 -9999 -9999 -9999 -9999 -9999 -9999 -9999 -9999 -9999 -9999 -9999 -9999 -9999 -9999 -9999 -9999 -9999 -9999 -9999 -9999 -9999 -9999 -9999 -9999 -9999 -9999 -9999 -9999 -9999 -9999 -9999 -9999 -9999 -9999 -9999 -9999 -9999 -9999 -9999 -9999 -9999
1.15871 1.47488 1.44719 0.988377 1.70111 2.35746 1.96031 1.70332 2.78054 2.78232 2.41678 1.55575 1.24097 0.914542 0.715267 -0.389599 -3.4929 -6.29014 -4.78777 -4.7496 -5.78404 -3.92103 -4.90036 -7.46007 -11.0748 -9.10437 -9.61242 -12.1699 -12.789 -9999 -9999 -9999 -9999 -9999 -9999 -9999 -9999 -9999 -9999 -9999 -9999 -9999 -9999 -9999 -9999 -9999 -9999 -9999 -9999 -9999 -9999 -9999 -9999 -9999 -9999 -9999 -9999 -9999 -9999 -9999 -9999 -9999 -9999 -9999 -9999 -9999 -9999 -9999 -9999 -9999
0.302045 1.08802 0.84845 0.652086 1.71063 1.68988 1.62768 2.01537 2.68509 2.82026 2.67894 2.30454 1.9807 1.63614 0.758884 -0.505194 -3.16072 -6.34492 -7.06524 -5.50319 -5.42565 -5.17209 -6.06448 -7.186 -8.94222 -7.49772 -6.9345 -8.61478 -10.807 -12.2159 -9999 -9999 -9999 -9999 -9999 -9999 -9999 -9999 -9999 -9999 -9999 -9999 -9999 -9999 -9999 -9999 -9999 -9999 -9999 -9999 -9999 -9999 -9999 -9999 -9999 -9999 -9999 -9999 -9999 -9999 -9999 -9999 -9999 -9999 -9999 -9999 -9999 -9999 -9999 -9999
-0.853114 0.494613 0.130853 -0.89316 -0.254723 0.225022 1.11978 1.35097 1.48578 2.74875 2.68404 2.62771 2.0914 1.66295 0.951667 -0.264753 -1.99747 -4.08408 -7.71884 -5.47365 -3.71489 -3.75706 -3.85027 -4.63516 -6.32241 -4.90469 -4.83483 -6.97418 -9.41317 -10.8516 -11.4444 -9999 -9999 -9999 -9999 -9999 -9999 -9999 -9999 -9999 -9999 -9999 -9999 -9999 -9999 -9999 -9999 -9999 -9999 -9999 -9999 -9999 -9999 -9999 -9999 -9999 -9999 -9999 -9999 -9999 -9999 -9999 -9999 -9999 -9999 -9999 -9999 -9999 -9999 -9999
-9999 -0.337062 -0.687386 -1.93858 -1.29631 -0.439603 0.774662 1.40235 1.87958 2.25881 2.64558 2.60235 2.05353 0.428173 0.197967 0.129778 -1.00272 -3.38189 -5.75788 -6.37159 -3.69009 -2.92066 -3.0741 -2.47293 -3.90185 -3.22184 -3.49596 -4.24571 -6.59267 -8.73673 -9.6224 -11.3764 -9999 -9999 -9999 -9999 -9999 -9999 -9999 -9999 -9999 -9999 -9999 -9999 -9999 -9999 -9999 -9999 -9999 -9999 -9999 -9999 -9999 -9999 -9999 -9999 -9999 -9999 -9999 -9999 -9999 -9999 -9999 -9999 -9999 -9999 -9999 -9999 -9999 -9999
-9999 -9999 -9999 -9999 -2.70854 -1.53749 -0.572211 0.61185 1.63148 2.14427 2.6425 2.60492 1.50579 0.969337 0.924555 0.183312 -1.12442 -1.94435 -3.43951 -4.99734 -4.39899 -2.11191 -3.12549 -1.50413 -1.63814 -1.33761 -2.41633 -4.44769 -7.18063 -8.77223 -9.56409 -10.9847 -9999 -9999 -9999 -9999 -9999 -9999 -9999 -9999 -9999 -9999 -9999 -9999 -9999 -9999 -9999 -9999 -9999 -9999 -9999 -9999 -9999 -9999 -9999 -9999 -9999 -9999 -9999 -9999 -9999 -9999 -9999 -9999 -9999 -9999 -9999 -9999 -9999 -9999
-9999 -9999 -9999 -9999 -9999 -1.73483 -0.998883 0.581181 1.39974 1.73345 2.53574 2.54001 2.12522 1.81262 1.35783 0.76299 -0.219294 -1.30332 -2.70948 -2.8376 -1.37392 -1.35348 -1.65626 -1.41363 -0.659937 -0.854834 -2.51752 -5.39693 -6.92036 -10.0175 -11.3429 -11.2027 -12.1411 -9999 -9999 -9999 -9999 -9999 -9999 -9999 -9999 -9999 -9999 -9999 -9999 -8.48692 -9999 -9999 -9999 -9999 -9999 -9999 -9999 -9999 -9999 -9999 -9999 -9999 -9999 -9999 -9999 -9999 -9999 -9999 -9999 -9999 -14.08 -9999 -9999 -9999
-9999 -9999 -9999 -9999 -1.86708 -0.87806 -0.108735 0.882681 0.98266 1.57363 2.49588 2.5119 2.21854 1.88663 1.13718 0.95318 0.394966 -0.782238 -1.02139 -0.541224 -0.31884 -0.0669474 0.0892271 -0.032779 -0.333999 -0.723918 -1.78643 -3.12295 -4.01846 -6.84959 -8.27655 -9.64437 -11.7169 -13.3375 -9999 -9999 -9999 -9999 -9999 -9999 -9999 -9.56906 -9.64269 -9.60206 -9.14254 -7.88073 -8.61496 -9999 -9999 -9999 -9999 -9999 -9999 -9999 -9999 -9999 -9999 -9999 -9999 -9999 -9999 -9999 -9999 -9999 -9999 -9999 -12.9246 -14.5597 -9999 -9999
-9999 -9999 -9999 -9999 -1.58271 -0.5439 -0.0237558 0.939437 1.4918 1.85593 2.17751 2.48493 2.43643 2.06889 1.50831 1.51425 0.740579 0.324327 0.0276509 0.676274 0.806207 0.549076 0.22619 -0.0587924 -0.869494 -0.960354 -1.20852 -2.05507 -3.44734 -4.88209 -6.95301 -9.76769 -12.528 -14.7539 -9999 -9999 -9999 -9999 -9999 -9999 -9.32097 -8.27306 -7.64375 -8.97053 -7.82973 -6.78627 -6.94732 -7.93877 -9999 -9999 -9999 -9999 -9999 -9999 -9999 -9999 -9999 -9999 -9999 -9999 -9999 -9999 -5.15107 -6.82758 -10.2145 -11.9508 -12.9925 -14.4795 -9999 -9999
-9999 -9999 -9999 -9999 -1.77374 -0.547038 0.285049 1.02415 1.145 1.90376 2.23618 2.4027 2.38619 2.31543 2.21416 1.53928 1.25014 0.228615 1.20984 1.17471 0.928943 -0.0499606 -0.472778 -2.15455 -2.8927 -3.04275 -1.62163 -2.66395 -4.84518 -7.57306 -10.8486 -11.0582 -12.1399 -14.1287 -9999 -9999 -9999 -9999 -9999 -9999 -8.98073 -7.86026 -6.92428 -6.78472 -8.10308 -6.25226 -6.30801 -7.33523 -7.56357 -6.71037 -6.27448 -6.58152 -5.56785 -5.26577 -5.71634 -5.21069 -9999 -9999 -9999 -9999 -4.89825 -4.82984 -4.77863 -5.47758 -9.17818 -11.7059 -13.9757 -14.1806 -9999 -9999
-9999 -9999 -9999 -9999 -0.91196 -0.155512 0.228696 0.293749 0.957758 1.62171 2.03145 2.33259 2.27562 2.254 2.23068 2.00121 1.46504 1.56376 1.52203 1.20985 -0.655873 -2.83367 -1.88089 -3.17378 -5.93681 -3.67398 -2.43253 -3.61388 -6.25774 -9.32418 -10.3212 -10.2748 -11.7809 -13.7166 -9999 -9999 -9999 -12.0246 -10.4217 -10.2794 -9.80464 -8.31129 -7.17421 -6.31917 -5.73316 -5.74016 -6.345 -7.34926 -8.44092 -8.04258 -6.05984 -5.57079 -5.15595 -4.84251 -5.25986 -5.02928 -4.49647 -4.21968 -4.16135 -4.28356 -4.31078 -4.26718 -4.33041 -4.98287 -8.2968 -10.1921 -11.4017 -13.8343 -9999 -9999
-9999 -9999 -9999 -9999 -1.36927 -0.71099 -0.177053 0.706985 0.803666 1.36485 1.69991 2.19508 2.25329 1.68004 2.15817 2.09876 2.01165 1.8246 1.54967 -0.02525 -2.19646 -4.37278 -5.37599 -4.94086 -6.60379 -5.73689 -4.47883 -4.93131 -6.54532 -9.27645 -9.65675 -10.2851 -12.8225 -15.2645 -9999 -9999 -15.1143 -12.0418 -9.87764 -8.75997 -8.41169 -8.37541 -6.94375 -6.82774 -5.28571 -5.63481 -7.65947 -7.42431 -8.21099 -7.69088 -6.95273 -6.74634 -5.6918 -4.68621 -4.49054 -4.4804 -4.13915 -4.06596 -4.04511 -4.05183 -4.27878 -4.17429 -4.15881 -4.56623 -6.96543 -8.13604 -9.42032 -13.7783 -9999 -9999
-9999 -9999 -9999 -9999 -1.01836 -0.282672 0.522857 0.656124 1.25392 1.19485 1.03007 1.86208 2.16813 1.76408 1.47364 2.01474 1.97904 1.90897 1.79251 0.312501 -1.40029 -3.99388 -5.60421 -6.58443 -7.28111 -8.20071 -7.55175 -7.74298 -8.00114 -7.69205 -8.43835 -9.93168 -11.4146 -14.1954 -15.6975 -9999 -14.9325 -13.5445 -10.9715 -8.78442 -7.39503 -7.89073 -6.26332 -5.95819 -5.01199 -5.55638 -6.78204 -7.30002 -7.33968 -7.49394 -6.39203 -5.64912 -5.11705 -4.76276 -4.32717 -4.21118 -4.09555 -4.04524 -4.01706 -3.98971 -3.99447 -4.00323 -4.05264 -4.20681 -5.31104 -6.47517 -8.99859 -13.616 -9999 -9999
-9999 -9999 -9999 -3.14496 -1.08812 0.143786 0.622782 0.969494 1.27553 1.49798 1.73201 1.94896 2.10012 2.03912 0.964777 1.05438 1.24929 1.86157 1.81928 1.68676 0.751027 -2.40529 -3.49211 -5.07963 -7.14074 -7.99329 -7.55588 -5.85651 -5.92594 -7.04115 -8.28488 -10.005 -11.0989 -12.8019 -16.0768 -15.7788 -14.2997 -13.1988 -11.4495 -8.7769 -6.9026 -6.06459 -5.7459 -5.08054 -4.73331 -5.47615 -6.18439 -6.47837 -7.02914 -7.09942 -7.08642 -6.41679 -5.88855 -4.73359 -4.34064 -4.1609 -4.06534 -4.0125 -3.9741 -3.93752 -3.92479 -3.94718 -3.94719 -3.95792 -4.03711 -5.59245 -9.47733 -12.4128 -9999 -9999
-9999 -9999 -9999 -9999 -1.45307 -0.909423 -0.764697 -0.5138 -0.00360644 0.584053 1.4159 1.52554 1.9844 1.98408 1.05857 -0.0110506 0.923489 1.29538 1.68083 1.6937 1.57461 -1.07401 -2.45878 -3.54763 -5.52348 -4.79821 -4.11319 -4.05517 -4.45818 -6.856 -9.24432 -11.9978 -14.5721 -14.6913 -16.0755 -15.3386 -14.3609 -11.8549 -10.0909 -9.37441 -8.85905 -6.1419 -5.43031 -5.17975 -4.47879 -5.41961 -5.64964 -6.35338 -6.13277 -6.18585 -6.17233 -8.13574 -6.14329 -6.01812 -4.72129 -4.13461 -3.99977 -3.95936 -3.91793 -3.90988 -3.90176 -3.90814 -3.89643 -3.91511 -3.93565 -4.94653 -9.87721 -12.3595 -9999 -9999
-9999 -9999 -9999 -9999 -9999 -9999 -1.26029 -0.844497 -0.576684 -0.115787 1.28965 1.6703 1.92394 1.94775 1.53626 0.477216 0.199325 0.394885 -0.638621 0.229393 1.41667 1.39035 1.25058 -1.07818 -2.26191 -1.09986 -1.44456 -3.19182 -4.5655 -5.92136 -8.71842 -10.7632 -13.7142 -15.9298 -16.01 -13.5577 -11.5211 -8.98547 -7.86576 -8.5003 -7.80897 -6.45507 -4.91895 -4.17286 -4.34105 -5.33282 -5.46248 -6.55182 -5.46303 -5.36088 -5.85296 -6.27697 -6.09063 -5.44443 -5.19351 -4.17818 -3.92843 -3.8817 -3.87067 -3.86461 -3.86836 -3.87469 -3.88592 -3.89735 -3.91243 -3.95883 -9.02712 -12.9766 -9999 -9999
-9999 -9999 -9999 -9999 -9999 -9999 -2.21864 -1.96393 -1.30022 0.398526 1.28917 1.6507 1.64127 1.80944 1.5198 0.588281 -0.368237 -1.27037 -2.43366 -1.76513 0.000379321 1.043 1.16524 -0.875353 0.198983 -0.192937 -0.971639 -3.25864 -4.94234 -5.83196 -8.51695 -10.8137 -12.7755 -15.4867 -14.3221 -13.0404 -11.3954 -8.62943 -6.76269 -5.99438 -6.63448 -5.76869 -4.00154 -3.98588 -4.94293 -4.8725 -5.44919 -6.94081 -5.36842 -4.91865 -5.26293 -5.16093 -5.27952 -5.03366 -4.59352 -4.17314 -3.89256 -3.85125 -3.84433 -3.85158 -3.8516 -3.85023 -3.87019 -3.86942 -3.88442 -3.91092 -7.18243 -13.035 -9999 -9999
-9999 -9999 -9999 -9999 -9999 -9999 -9999 -3.08563 -1.57581 0.677991 1.23931 1.19126 1.65852 1.70088 1.2551 0.868064 -0.293393 -1.88081 -4.93097 -4.15115 -2.52565 -0.182335 1.05158 0.890581 0.216518 -0.96507 -3.83353 -6.34294 -6.64163 -7.04693 -9.00474 -10.7718 -12.9534 -11.6828 -10.292 -8.77135 -7.97172 -8.17722 -6.57746 -5.27243 -5.82274 -4.7614 -3.52284 -4.07618 -4.39993 -4.66955 -5.33752 -5.36885 -5.28792 -4.39028 -4.9939 -4.60638 -4.5833 -4.59609 -4.37815 -4.12945 -3.86965 -3.82397 -3.82072 -3.81499 -3.84392 -3.83346 -3.84839 -3.8633 -3.87699 -3.89961 -4.19579 -7.35128 -9.2336 -9999
-9999 -9999 -9999 -9999 -9999 -9999 -9999 -4.46023 -3.70556 -1.03707 -0.211466 0.968889 1.59658 1.62755 0.873572 0.454635 -1.27693 -1.83763 -4.65882 -5.9344 -4.84652 -5.25789 -2.03179 0.824135 0.213894 -5.53391 -7.61121 -9.09085 -8.70208 -8.69181 -9.23227 -12.246 -13.0743 -10.3648 -8.65806 -7.33561 -6.33232 -6.12162 -6.15465 -4.1144 -3.84058 -3.17439 -3.31326 -3.24572 -4.26748 -4.89609 -4.32934 -4.96118 -5.06067 -4.13374 -5.02622 -4.19956 -4.28242 -4.51919 -4.52454 -3.98026 -3.86618 -3.80491 -3.79852 -3.81828 -3.84459 -3.86005 -3.84265 -3.85091 -3.88083 -3.87927 -3.90828 -4.28946 -5.91913 -6.48818
-9999 -9999 -9999 -9999 -9999 -9999 -9999 -9999 -6.17602 -2.46887 -0.774244 0.117551 1.37181 1.52485 1.12703 0.399146 -1.36487 -2.91562 -5.43726 -8.31679 -9.83983 -5.26657 -1.28503 0.795918 0.533607 -4.24977 -6.13328 -6.21394 -5.09362 -6.02656 -6.73296 -9.0213 -9.70289 -10.6528 -10.0618 -8.21828 -6.71281 -5.26212 -4.20673 -4.11857 -3.43168 -3.03462 -2.99726 -2.868 -2.98175 -3.07234 -4.05478 -3.35916 -3.93119 -3.61212 -3.80087 -3.9705 -4.11154 -4.67161 -4.26306 -3.90146 -3.8049 -3.77186 -3.79154 -3.79533 -3.80958 -3.84232 -3.85788 -3.86002 -3.86314 -3.88095 -3.88062 -3.90475 -4.08717 -5.06704
-9999 -9999 -9999 -9999 -9999 -9999 -9999 -9999 -8.01138 -4.32248 -2.54407 -0.255221 0.925436 1.40694 1.34482 0.755255 -0.584717 -2.60179 -4.28131 -7.49605 -10.8335 -6.03388 -1.75612 0.55473 0.682831 -3.33108 -2.20811 -3.10318 -2.7325 -4.37734 -5.05727 -5.59172 -6.7728 -8.06547 -9.47863 -10.2244 -6.8494 -5.11574 -3.71999 -3.0604 -2.68577 -2.49628 -2.58956 -2.83759 -4.32881 -3.17862 -3.22946 -3.33398 -3.4549 -3.50838 -3.61707 -3.74708 -3.81621 -3.83792 -4.20846 -3.77302 -3.77796 -3.7699 -3.76625 -3.77627 -3.7967 -3.81462 -3.83693 -3.83544 -3.85176 -3.86577 -3.87505 -3.88672 -3.89845 -3.95166
-9999 -9999 -9999 -9999 -9999 -9999 -9999 -9999 -13.1758 -7.81057 -3.49539 -1.24271 0.594371 1.09872 1.28767 0.496518 -0.0946791 -1.53999 -2.90801 -5.01914 -8.18208 -10.1276 -6.5323 -1.30733 0.62303 0.484402 0.3707 -0.665518 -1.59883 -1.71128 -1.63481 -2.72082 -4.30658 -6.38616 -7.02956 -7.75812 -5.24386 -4.90166 -5.08361 -2.31829 -2.30898 -2.46214 -3.51449 -4.68991 -4.45813 -5.18431 -4.61351 -5.47827 -4.66636 -3.96326 -3.69513 -3.70801 -3.78734 -3.78795 -3.8242 -3.74374 -3.74211 -3.75189 -3.75943 -3.76315 -3.77255 -3.80383 -3.82122 -3.80867 -3.82886 -3.84372 -3.86254 -3.87114 -3.87662 -3.9158
-9999 -9999 -9999 -9999 -9999 -9999 -9999 -9999 -12.9271 -8.41402 -4.58626 -2.2853 -0.0779093 0.43505 1.18059 1.02104 0.401886 -0.854107 -2.42324 -4.1602 -6.87327 -8.88825 -6.4822 -3.01156 -0.524361 0.377091 0.373842 0.320391 0.0906421 0.00379587 -0.265525 -0.453631 -1.59305 -3.552 -4.66169 -6.28695 -3.48485 -3.16916 -3.60552 -2.20547 -2.27263 -4.38262 -6.00319 -6.20015 -5.19927 -6.13483 -6.2912 -6.87256 -6.20081 -4.41434 -4.92049 -4.81029 -3.99157 -3.85311 -3.76048 -3.7341 -3.73695 -3.73863 -3.7506 -3.74711 -3.74389 -3.77435 -3.78782 -3.79381 -3.82311 -3.8266 -3.84608 -3.86824 -3.88676 -3.90744
-9999 -9999 -9999 -9999 -9999 -9999 -9999 -9999 -12.8169 -9.78424 -6.33947 -2.95375 -0.596403 0.35516 1.0483 1.04216 0.322377 -0.301002 -1.28379 -2.8116 -3.85816 -5.67696 -8.17404 -3.97556 -2.68385 -1.52432 -1.03027 0.172313 0.148916 -0.393895 -1.02546 -0.430853 -0.59466 -2.14916 -2.65916 -3.52193 -1.96264 -1.95737 -1.9987 -2.07985 -3.86261 -6.34105 -8.3205 -6.88738 -7.17961 -6.51368 -8.53519 -6.85112 -5.49834 -5.05417 -5.96383 -6.63485 -4.52595 -4.16957 -3.95896 -3.82324 -3.73351 -3.75221 -3.72885 -3.73948 -3.74407 -3.74934 -3.76581 -3.77513 -3.79171 -3.80864 -3.82401 -3.84418 -3.86694 -3.8897
-9999 -9999 -9999 -9999 -9999 -9999 -9999 -9999 -9999 -11.5563 -7.18485 -3.28668 -1.11595 0.249552 0.915357 0.904545 0.537236 0.114519 -0.494044 -1.59549 -2.97927 -5.16731 -6.79012 -5.75239 -4.48637 -4.33251 -3.48846 -1.05199 -0.216176 -1.38806 -4.2904 -2.56116 -0.642774 -0.671513 -0.832972 -1.01403 -1.24973 -1.45873 -1.91798 -3.15129 -6.93431 -7.67173 -9.15208 -8.97769 -9.7334 -8.058 -8.67147 -6.95435 -6.20598 -5.91904 -7.49288 -7.1445 -5.27681 -4.53717 -4.65544 -4.20101 -3.77184 -3.75512 -3.74049 -3.74955 -3.73832 -3.73297 -3.7382 -3.75079 -3.76262 -3.77063 -3.80212 -3.80635 -3.94573 -4.0359
-9999 -9999 -9999 -9999 -9999 -9999 -9999 -9999 -9999 -12.4049 -8.04741 -3.45669 -1.98179 -0.509555 0.761303 0.787526 0.225598 -0.30842 -0.858159 -1.48393 -3.16315 -4.79095 -6.34444 -6.86275 -6.54409 -6.55618 -5.19464 -2.02247 -1.40419 -1.66095 -4.68334 -5.70849 -3.14648 -0.993226 -0.821615 -1.01451 -3.54332 -3.00195 -4.36464 -6.21325 -6.7192 -7.52538 -9.23318 -8.40329 -9.65183 -9.10758 -9.23815 -8.26066 -7.78054 -6.61946 -7.99073 -7.97038 -6.13613 -5.21182 -5.18485 -4.21599 -3.8687 -3.77569 -3.75035 -3.73151 -3.72478 -3.70693 -3.71303 -3.72431 -3.74009 -3.78311 -3.8899 -4.22386 -6.06405 -6.0601
-9999 -9999 -9999 -9999 -9999 -9999 -9999 -9999 -9999 -11.8878 -8.86333 -4.78959 -1.77166 -1.58054 -0.112466 0.646233 0.0352233 -0.652705 -1.35625 -1.66199 -3.48988 -5.49768 -7.11883 -9.03819 -8.71672 -7.33077 -5.05892 -3.00825 -2.6376 -3.05584 -4.66695 -3.89379 -2.1454 -1.21585 -0.93998 -1.15262 -1.70136 -2.01724 -3.01975 -3.45221 -4.84483 -7.02392 -7.87912 -7.32922 -9.64145 -9.47345 -8.61006 -9.5071 -7.99957 -7.27491 -9.04804 -7.61378 -5.99631 -5.16744 -4.44265 -4.09785 -3.95855 -3.74695 -3.73854 -3.71817 -3.70579 -3.70598 -3.70316 -3.73401 -3.75902 -3.95054 -4.23449 -5.93899 -6.65783 -6.51657
-9999 -9999 -9999 -9999 -9999 -9999 -9999 -9999 -9999 -11.3593 -8.63599 -5.10343 -2.9511 -2.56459 -0.936542 0.511446 0.351986 -0.36373 -0.579799 -1.32106 -2.87085 -4.58268 -6.45378 -7.36113 -9.45236 -7.38466 -5.73973 -4.00258 -3.18747 -4.50688 -5.17483 -3.98088 -2.79422 -2.31845 -1.12047 -1.12895 -1.51553 -3.19161 -4.00716 -3.65759 -4.00548 -4.61722 -6.11545 -6.17734 -7.13736 -7.53155 -7.90334 -9.11722 -8.32857 -8.24436 -8.01884 -6.30882 -5.46477 -4.90391 -4.39375 -4.25715 -4.03364 -3.74488 -3.71665 -3.70344 -3.70182 -3.69361 -3.71173 -3.79008 -3.85569 -4.24398 -4.93363 -6.22301 -8.32456 -6.84666
-9999 -9999 -9999 -9999 -9999 -9999 -9999 -9999 -9999 -11.8098 -8.91678 -5.89729 -4.63376 -4.41765 -1.47245 0.331783 0.337096 -0.000882168 -0.395804 -2.23114 -2.12 -2.48414 -4.17176 -6.63145 -9.33308 -9.07495 -7.45194 -5.15801 -4.39642 -6.58974 -7.36741 -6.78816 -4.99542 -3.3905 -1.71507 -1.28716 -1.77457 -4.38501 -7.15917 -5.86726 -4.48683 -4.49021 -4.88949 -6.27841 -6.71583 -7.11106 -8.12239 -9.83696 -9.57314 -9.0887 -7.14041 -6.52638 -5.58079 -4.795 -5.08546 -4.90931 -4.15829 -3.72607 -3.70672 -3.69602 -3.67895 -3.68592 -3.70868 -3.86759 -4.03607 -4.32079 -6.12337 -7.24331 -8.88623 -6.98264
-9999 -9999 -9999 -9999 -9999 -9999 -9999 -9999 -9999 -12.6915 -10.5915 -7.70523 -6.54081 -4.68463 -1.90118 -0.530992 0.127089 0.115146 -0.147149 -0.967364 -1.45908 -2.43091 -4.18674 -6.58875 -9.25907 -10.9959 -10.1066 -7.01557 -6.27112 -8.30359 -9.33707 -8.04031 -6.12983 -3.30309 -1.68659 -1.46534 -1.60781 -2.14334 -4.16767 -6.61404 -6.60175 -5.36867 -6.39238 -7.58266 -6.92039 -7.03681 -8.03556 -8.76044 -9.1932 -8.9014 -7.7888 -7.33007 -6.23851 -4.62998 -4.39601 -4.43758 -3.75857 -3.72132 -3.70228 -3.67369 -3.67152 -3.67486 -3.69234 -3.82144 -4.11412 -5.31304 -6.35825 -7.81344 -7.9912 -6.30831
-9999 -9999 -9999 -9999 -9999 -9999 -9999 -9999 -9999 -14.2192 -11.7488 -9.04483 -6.51287 -4.11727 -2.05512 -1.89363 -0.804798 -0.803633 -0.231692 -0.391854 -1.15178 -1.96979 -3.48217 -6.56896 -9.16379 -11.9939 -11.2425 -8.09267 -7.66004 -9.02284 -11.5447 -8.93178 -6.05085 -3.43963 -2.02444 -3.12731 -1.98968 -2.07924 -2.83543 -4.2902 -6.55409 -6.50705 -8.2022 -8.27154 -7.39386 -7.10549 -7.24561 -7.7885 -8.65746 -8.48691 -7.80556 -7.63095 -6.62739 -5.37849 -4.15766 -3.94918 -3.71333 -3.69977 -3.69261 -3.67047 -3.66502 -3.6875 -3.74696 -3.88219 -4.88687 -6.08224 -6.81766 -7.8308 -7.95152 -6.01093
