Test_Spring_2018b/02_18/Temp/20180214_008.txt
ncols	170
nrows	115
xllcorner	350000.000000
yllcorner	4445000.000000
cellsize	1000.000000
nodata_value	-9999.000000
[rows 32 to 63 of 115, columns 71 to 141 of 170]
7.45602 7.44051 7.10621 7.63765 8.12734 7.83092 7.6359 8.43304 8.43848 8.17262 7.54072 7.31268 7.07613 6.93362 6.12181 3.83295 1.77016 2.88487 2.91717 2.15648 3.53686 2.81626 0.927338 -1.7416 -0.282984 -0.656318 -2.55031 -3.01221 -9999 -9999 -9999 -9999 -9999 -9999 -9999 -9999 -9999 -9999 -9999 -9999 -9999 -9999 -9999 -9999 -9999 -9999 -9999 -9999 -9999 -9999 -9999 -9999 -9999 -9999 -9999 -9999 -9999 -9999 -9999 -9999 -9999 -9999 -9999 -9999 -9999 -9999 -9999 -9999 -9999 -9999 -9999
7.16054 6.9886 6.84844 7.63561 7.62502 7.57616 7.85769 8.35356 8.45758 8.35738 8.08504 7.8502 7.60013 6.95642 6.02683 4.06883 1.71999 1.19198 2.35059 2.41181 2.60285 1.94668 1.12088 -0.174278 0.895878 1.31452 0.0731142 -1.55549 -2.60326 -9999 -9999 -9999 -9999 -9999 -9999 -9999 -9999 -9999 -9999 -9999 -9999 -9999 -9999 -9999 -9999 -9999 -9999 -9999 -9999 -9999 -9999 -9999 -9999 -9999 -9999 -9999 -9999 -9999 -9999 -9999 -9999 -9999 -9999 -9999 -9999 -9999 -9999 -9999 -9999 -9999 -9999
6.71261 6.44902 5.6973 6.17409 6.53348 7.1835 7.35467 7.45831 8.39581 8.35216 8.31482 7.92284 7.61067 7.08953 6.19509 4.91906 3.38141 0.699477 2.36303 3.66689 3.6395 3.57412 2.99728 1.75326 2.80378 2.85795 1.27112 -0.54275 -1.60312 -2.03831 -9999 -9999 -9999 -9999 -9999 -9999 -9999 -9999 -9999 -9999 -9999 -9999 -9999 -9999 -9999 -9999 -9999 -9999 -9999 -9999 -9999 -9999 -9999 -9999 -9999 -9999 -9999 -9999 -9999 -9999 -9999 -9999 -9999 -9999 -9999 -9999 -9999 -9999 -9999 -9999 -9999
6.08884 5.83527 4.91574 5.39542 6.03343 6.92603 7.38482 7.74057 8.02487 8.31481 8.28706 7.88574 6.6889 6.52325 6.47739 5.64495 3.89111 2.13954 1.69029 3.67621 4.24877 4.13901 4.58668 3.5337 4.03909 3.83909 3.28056 1.539 -0.0483133 -0.699996 -1.99326 -9999 -9999 -9999 -9999 -9999 -9999 -9999 -9999 -9999 -9999 -9999 -9999 -9999 -9999 -9999 -9999 -9999 -9999 -9999 -9999 -9999 -9999 -9999 -9999 -9999 -9999 -9999 -9999 -9999 -9999 -9999 -9999 -9999 -9999 -9999 -9999 -9999 -9999 -9999 -9999
-9999 -9999 -9999 4.34297 5.20427 5.91899 6.79218 7.54858 7.93148 8.3037 8.28003 7.47191 7.07978 7.05112 6.50783 5.54591 4.94452 3.84403 2.69712 3.14358 4.8379 4.09256 5.29429 5.19839 5.42335 4.62868 3.11434 1.09642 -0.0828619 -0.665345 -1.71229 -9999 -9999 -9999 -9999 -9999 -9999 -9999 -9999 -9999 -9999 -9999 -9999 -9999 -9999 -9999 -9999 -9999 -9999 -9999 -9999 -9999 -9999 -9999 -9999 -9999 -9999 -9999 -9999 -9999 -9999 -9999 -9999 -9999 -9999 -9999 -9999 -9999 -9999 -9999 -9999
-9999 -9999 -9999 -9999 5.05002 5.59515 6.76691 7.36884 7.61927 8.21609 8.22323 7.92081 7.69407 7.36238 6.92731 6.20599 5.40951 4.37492 4.28479 5.37093 5.39017 5.17024 5.35307 5.91324 5.77199 4.53919 2.40483 1.28099 -1.01156 -1.98857 -1.88221 -2.57276 -9999 -9999 -9999 -9999 -9999 -9999 -9999 -9999 -9999 -9999 -9999 -9999 0.195141 -9999 -9999 -9999 -9999 -9999 -9999 -9999 -9999 -9999 -9999 -9999 -9999 -9999 -9999 -9999 -9999 -9999 -9999 -9999 -9999 -3.7952 -9999 -9999 -9999 -9999 -9999
-9999 -9999 -9999 4.94806 5.67225 6.24477 6.98129 7.05366 7.49272 8.17805 8.19377 7.98102 7.73996 7.19051 7.05915 6.65134 5.78613 5.61419 5.97378 6.14267 6.3331 6.45244 6.36579 6.14628 5.86079 5.06352 4.07766 3.41758 1.32704 0.269038 -0.739434 -2.26843 -3.46304 -9999 -9999 -9999 -9999 -9999 -9999 -9999 -0.638383 -0.686545 -0.65023 -0.304359 0.634357 0.0977085 -9999 -9999 -9999 -9999 -9999 -9999 -9999 -9999 -9999 -9999 -9999 -9999 -9999 -9999 -9999 -9999 -9999 -9999 -9999 -2.9516 -4.15041 -9999 -9999 -9999 -9999
-9999 -9999 -9999 5.13974 5.91143 6.29958 7.015 7.4267 7.69308 7.93433 8.16529 8.13343 7.86603 7.45621 7.46531 6.8984 6.59576 6.3815 6.86578 6.9665 6.78085 6.54619 6.33909 5.74295 5.67832 5.48335 4.85925 3.83165 2.77261 1.23853 -0.839621 -2.87729 -4.5195 -9999 -9999 -9999 -9999 -9999 -9999 -0.47077 0.310042 0.781603 -0.192486 0.657054 1.43449 1.3215 0.58786 -9999 -9999 -9999 -9999 -9999 -9999 -9999 -9999 -9999 -9999 -9999 -9999 -9999 -9999 2.74494 1.51502 -0.978674 -2.25211 -3.01206 -4.10111 -9999 -9999 -9999 -9999
-9999 -9999 -9999 4.9913 5.90163 6.52006 7.06959 7.16211 7.7247 7.96942 8.09612 8.08784 8.03978 7.96948 7.47554 7.26691 6.51714 7.24755 7.22671 7.04994 6.33098 6.02252 4.78308 4.24043 4.11924 5.17099 4.40178 2.79063 0.775408 -1.65009 -1.8025 -2.59995 -4.06726 -9999 -9999 -9999 -9999 -9999 -9999 -0.228997 0.605695 1.30417 1.41404 0.446284 1.82055 1.77905 1.02585 0.862788 1.49878 1.8261 1.59914 2.35964 2.58812 2.26034 2.63941 -9999 -9999 -9999 -9999 2.90314 2.96199 3.00871 2.50153 -0.223639 -2.08166 -3.74894 -3.89109 -9999 -9999 -9999 -9999
-9999 -9999 -9999 5.62128 6.18379 6.47092 6.52198 7.01562 7.50783 7.80999 8.03425 7.99623 7.98469 7.97226 7.80777 7.41687 7.49531 7.46996 7.24459 5.87075 4.26586 4.97412 4.02304 1.97739 3.64636 4.5649 3.69244 1.73885 -0.527135 -1.26903 -1.23271 -2.34417 -3.77515 -9999 -9999 -9999 -2.50835 -1.31811 -1.20677 -0.849339 0.261133 1.10839 1.7493 2.18922 2.18367 1.74392 1.00761 0.206359 0.505974 1.97624 2.34233 2.6546 2.89106 2.58743 2.76052 3.15974 3.37014 3.41959 3.33621 3.3237 3.36418 3.32634 2.85357 0.416969 -0.9733 -1.85651 -3.63211 -9999 -9999 -9999 -9999
-9999 -9999 -9999 5.27366 5.76342 6.16106 6.81697 6.89121 7.30883 7.55812 7.92473 7.97182 7.55266 7.91096 7.87235 7.81355 7.68106 7.48361 6.32521 4.72577 3.12206 2.38473 2.70455 1.47787 2.11545 3.04603 2.71167 1.51431 -0.504114 -0.784959 -1.2536 -3.12614 -4.92871 -9999 -9999 -4.80682 -2.53093 -0.925678 -0.0932625 0.170942 0.204825 1.27007 1.3629 2.50944 2.25187 0.762742 0.942369 0.368494 0.757889 1.30491 1.46196 2.24147 2.99443 3.14372 3.15604 3.41336 3.473 3.49456 3.49642 3.33627 3.42184 3.44234 3.15091 1.38793 0.533332 -0.406455 -3.60442 -9999 -9999 -9999 -9999
-9999 -9999 -9999 5.52384 6.07046 6.66856 6.76978 7.21437 7.17532 7.05504 7.67328 7.90121 7.60718 7.39761 7.80302 7.78247 7.73669 7.65663 6.56859 5.30812 3.39611 2.21009 1.48439 0.971545 0.284195 0.764086 0.622707 0.431684 0.659864 0.106974 -1.00119 -2.09597 -4.14805 -5.25551 -9999 -4.6822 -3.65119 -1.74353 -0.120548 0.91338 0.554384 1.76458 1.99741 2.69854 2.30257 1.40392 1.02386 0.999818 0.890755 1.70981 2.26463 2.65792 2.9243 3.25499 3.3452 3.43546 3.47794 3.50471 3.53165 3.5357 3.53764 3.51033 3.4063 2.60069 1.74978 -0.103982 -3.49386 -9999 -9999 -9999 -9999
-9999 -9999 3.94806 5.46602 6.37906 6.73554 6.99424 7.22296 7.3901 7.56475 7.72967 7.8452 7.80314 7.01438 7.08633 7.23646 7.69524 7.67023 7.5783 6.89226 4.56443 3.76183 2.58719 1.06521 0.431727 0.754782 2.01017 1.95811 1.13314 0.213339 -1.06235 -1.87145 -3.12844 -5.54509 -5.32143 -4.22388 -3.40486 -2.10585 -0.123813 1.26876 1.89572 2.13895 2.63409 2.89746 2.35225 1.83574 1.62397 1.22203 1.17487 1.18894 1.68805 2.07877 2.93762 3.23243 3.373 3.44816 3.49229 3.52644 3.56009 3.57704 3.56897 3.5783 3.58048 3.53139 2.39305 -0.466828 -2.6143 -9999 -9999 -9999 -9999
-9999 -9999 -9999 5.19007 5.59415 5.70332 5.89098 6.2704 6.7073 7.32374 7.40832 7.75156 7.7565 7.07685 6.29227 6.98927 7.27062 7.56195 7.57763 7.49527 5.53777 4.51712 3.71424 2.25494 2.78734 3.29295 3.33482 3.03578 1.26243 -0.50372 -2.54331 -4.44537 -4.53208 -5.55379 -5.00493 -4.27784 -2.42033 -1.11029 -0.573698 -0.18525 1.83075 2.36163 2.55217 3.0766 2.38728 2.22409 1.70938 1.87742 1.84281 1.85709 0.410021 1.88289 1.97976 2.94263 3.38116 3.48764 3.52239 3.55865 3.57114 3.58465 3.58844 3.60653 3.60197 3.5977 2.86184 -0.770683 -2.5834 -9999 -9999 -9999 -9999
-9999 -9999 -9999 -9999 -9999 5.33032 5.63968 5.83984 6.18298 7.22335 7.50825 7.69989 7.72232 7.42365 6.64676 6.44788 6.59909 5.84188 6.48871 7.36992 7.35411 7.25342 5.53393 4.65644 5.51478 5.25901 3.9663 2.94952 1.94592 -0.122625 -1.63853 -3.81921 -5.4554 -5.51247 -3.69671 -2.18706 -0.307556 0.526443 0.0646853 0.583354 1.58945 2.73171 3.28982 3.17186 2.44482 2.3557 1.55591 2.36548 2.44548 2.08596 1.77648 1.91453 2.39639 2.58618 3.34112 3.53057 3.57147 3.58518 3.59613 3.60084 3.60467 3.60535 3.60705 3.60675 3.58382 -0.150248 -3.04738 -9999 -9999 -9999 -9999
-9999 -9999 -9999 -9999 -9999 4.61532 4.80556 5.29826 6.55624 7.21619 7.48703 7.48435 7.6136 7.40511 6.7228 6.02239 5.36244 4.50886 5.00848 6.31788 7.09198 7.18479 5.6781 6.46935 6.17897 5.60221 3.91038 2.66427 2.00506 0.0191661 -1.68305 -3.13263 -5.13521 -4.27222 -3.32162 -2.10137 -0.0515143 1.33468 1.90967 1.44342 2.09043 3.40341 3.42165 2.72061 2.77852 2.35893 1.26174 2.42864 2.76547 2.51512 2.59433 2.50706 2.69303 3.02266 3.33789 3.55012 3.58598 3.59723 3.59832 3.60576 3.61504 3.60959 3.6203 3.62006 3.61186 1.20577 -3.09803 -9999 -9999 -9999 -9999
-9999 -9999 -9999 -9999 -9999 -9999 3.96981 5.0879 6.75616 7.1728 7.14105 7.4908 7.52717 7.2034 6.92358 6.07179 4.90534 2.65738 3.23921 4.44508 6.18039 7.0947 6.97704 6.47603 5.60193 3.48063 1.62436 1.40181 1.10052 -0.347936 -1.65862 -3.27067 -2.33032 -1.30013 -0.172849 0.422698 0.276468 1.46536 2.43687 2.03729 2.82877 3.75103 3.34865 3.11556 2.92206 2.43494 2.41693 2.4815 3.14931 2.70728 2.99752 3.01502 3.00989 3.17536 3.36379 3.56072 3.59986 3.60818 3.61898 3.60497 3.62102 3.61921 3.61824 3.61889 3.61348 3.40629 1.09573 -0.282129 -9999 -9999 -9999
-9999 -9999 -9999 -9999 -9999 -9999 2.9472 3.5073 5.48219 6.09426 6.97053 7.43897 7.46702 6.91554 6.61161 5.33852 4.93096 2.8522 1.91477 2.72322 2.42257 4.80919 6.92121 6.46733 2.21856 0.682042 -0.413058 -0.127398 -0.121414 -0.522197 -2.75413 -3.36579 -1.36194 -0.0981184 0.882783 1.62889 1.78988 1.77213 3.28697 3.49635 3.99569 3.89981 3.95618 3.20712 2.74819 3.17357 2.71171 2.64292 3.3324 2.67695 3.29183 3.23109 3.06056 3.06116 3.46816 3.55754 3.60829 3.61893 3.61093 3.59868 3.59582 3.61779 3.6216 3.61007 3.62236 3.61245 3.35223 2.16096 1.75324 2.23288 -9999
-9999 -9999 -9999 -9999 -9999 -9999 -9999 1.67497 4.41769 5.67215 6.33532 7.26695 7.3853 7.09441 6.56353 5.26682 4.12741 2.2699 0.147161 -0.974431 2.40885 5.35379 6.89311 6.6964 3.16059 1.76752 1.70661 2.53321 1.8424 1.3193 -0.37637 -0.87937 -1.57979 -1.14043 0.224108 1.3415 2.41975 3.20632 3.27831 3.79287 4.09305 4.12727 4.2291 4.15098 4.0896 3.37001 3.88921 3.47122 3.71152 3.57628 3.455 3.35132 2.94204 3.24874 3.52093 3.59752 3.62726 3.61891 3.62277 3.61942 3.60296 3.60157 3.60969 3.61774 3.61545 3.62696 3.63062 3.50871 2.79716 1.84001 0.627073
-9999 -9999 -9999 -9999 -9999 -9999 -9999 0.312022 3.0415 4.35801 6.05386 6.92846 7.28768 7.24854 6.81972 5.83622 4.35197 3.11667 0.746039 -1.71611 1.83496 4.99779 6.70715 6.80252 3.83223 4.6615 3.99907 4.27204 3.05551 2.55239 2.15317 1.28135 0.327876 -0.71644 -1.26425 1.23551 2.5228 3.56076 4.05489 4.33848 4.48513 4.42122 4.24526 3.14897 4.00452 3.97348 3.90133 3.8168 3.78187 3.70596 3.61416 3.56368 3.5525 3.28364 3.60954 3.61182 3.62374 3.63274 3.63205 3.62414 3.61858 3.6103 3.62045 3.62114 3.62134 3.62542 3.63834 3.64223 3.61525 3.43547 1.80206
-9999 -9999 -9999 -9999 -9999 -9999 -9999 -3.51139 0.45729 3.64466 5.31445 6.67385 7.0529 7.19914 6.62112 6.19077 5.12886 4.12357 2.56843 0.235165 -1.19915 1.46095 5.32431 6.75054 6.64456 6.56028 5.794 5.10374 5.02025 5.07665 4.27001 3.09512 1.56099 1.08739 0.553629 2.41717 2.67594 2.54769 4.59788 4.61125 4.50445 3.73289 2.86813 3.04479 2.51556 2.94402 2.31004 2.91501 3.43939 3.64216 3.63715 3.57915 3.58203 3.56075 3.62623 3.63329 3.63219 3.63304 3.63708 3.63734 3.62185 3.6171 3.63495 3.62959 3.62821 3.62916 3.64446 3.65256 3.6356 3.62122 3.38031
-9999 -9999 -9999 -9999 -9999 -9999 -9999 -3.33884 -0.00148538 2.83199 4.53268 6.16988 6.55514 7.11252 7.00104 6.54977 5.62754 4.47342 3.19467 1.19382 -0.291829 1.48921 4.05644 5.8959 6.55858 6.55536 6.51593 6.34618 6.27701 6.07853 5.93567 5.09586 3.6486 2.8325 1.63601 3.7122 3.95122 3.63475 4.67569 4.63231 3.07906 1.88736 1.74756 2.49023 1.80384 1.69484 1.27299 1.77448 3.09969 2.72834 2.81462 3.42023 3.52813 3.60272 3.62809 3.63204 3.63709 3.63479 3.64423 3.65383 3.63891 3.63695 3.64094 3.62811 3.63555 3.63088 3.63658 3.63931 3.63565 3.62333 3.56322
-9999 -9999 -9999 -9999 -9999 -9999 -9999 -3.26664 -1.02096 1.52961 4.03138 5.7793 6.48855 7.00698 7.00863 6.48273 6.02781 5.30684 4.18255 3.41332 2.07271 0.230168 3.33545 4.29173 5.14542 5.50618 6.39507 6.37798 5.97724 5.50594 5.94736 5.82564 4.68025 4.30744 3.67446 4.83204 4.84149 4.81677 4.76278 3.45123 1.62547 0.168345 1.23315 1.02259 1.51688 0.0296085 1.27707 2.28175 2.61493 1.95104 1.46015 3.01921 3.28885 3.45042 3.55679 3.62935 3.62197 3.6459 3.64498 3.64882 3.65249 3.64823 3.6496 3.64598 3.64246 3.64149 3.64897 3.64333 3.63531 3.64597 3.61982
-9999 -9999 -9999 -9999 -9999 -9999 -9999 -9999 -2.34033 0.888695 3.77504 5.38504 6.40017 6.89829 6.89633 6.63073 6.32386 5.87922 5.06978 4.05109 2.43738 1.24082 2.01001 2.94697 3.05735 3.6819 5.48328 6.10175 5.23661 3.0866 4.36274 5.78353 5.76587 5.65068 5.52151 5.35348 5.20443 4.87065 3.96493 1.17485 0.634259 -0.454274 -0.320014 -0.873329 0.366251 -0.0801544 1.19395 1.75206 1.96919 0.811161 1.068 2.45497 3.00773 2.92659 3.26886 3.59551 3.61445 3.63204 3.63234 3.6479 3.65939 3.66335 3.65918 3.65876 3.66151 3.64833 3.66863 3.57655 3.52098 3.39591 3.57734
-9999 -9999 -9999 -9999 -9999 -9999 -9999 -9999 -2.98209 0.243364 3.6415 4.7371 5.83091 6.77598 6.80114 6.39147 6.00216 5.60085 5.14291 3.9059 2.70637 1.56126 1.18074 1.41837 1.40583 2.41334 4.75896 5.21716 5.02884 2.78557 2.03059 3.92726 5.52234 5.65333 5.51537 3.65138 4.05673 3.05505 1.69435 1.32599 0.735692 -0.521053 0.0975922 -0.819984 -0.412706 -0.506073 0.221508 0.581512 1.44483 0.43667 0.450916 1.81339 2.50275 2.52906 3.25162 3.51495 3.59048 3.61614 3.63715 3.64938 3.67004 3.67322 3.67283 3.6694 3.64614 3.57606 3.33966 2.00483 2.01849 2.40187 2.76519
-9999 -9999 -9999 -9999 -9999 -9999 -9999 -9999 -2.60793 -0.367673 2.64833 4.88422 5.03104 6.12167 6.68798 6.24184 5.73862 5.22355 5.00209 3.65525 2.17501 0.980092 -0.435621 -0.195584 0.830893 2.50601 4.02322 4.29885 3.99159 2.79107 3.3654 4.66091 5.35167 5.55974 5.40714 5.00646 4.77812 4.04249 3.72826 2.70445 1.09936 0.472655 0.884325 -0.819407 -0.690171 -0.0470754 -0.706843 0.412609 0.953516 -0.351522 0.708415 1.91002 2.52893 3.07105 3.33247 3.44215 3.60538 3.61859 3.64078 3.65721 3.66455 3.67431 3.65942 3.64909 3.51596 3.31481 2.06403 1.55958 1.67443 2.26941 2.79173
-9999 -9999 -9999 -9999 -9999 -9999 -9999 -9999 -2.22556 -0.207807 2.40819 4.00426 4.29536 5.50407 6.57965 6.46709 5.94322 5.78835 5.24501 4.10376 2.84237 1.46292 0.795376 -0.747435 0.783224 1.99518 3.28105 3.88553 2.89975 2.40885 3.29435 4.17483 4.53028 5.41985 5.41809 5.13717 3.90345 3.30587 3.5695 3.3177 2.8709 1.7689 1.72838 1.02403 0.737801 0.468075 -0.426019 0.162237 0.229923 0.402668 1.66585 2.29592 2.71682 3.10037 3.20797 3.37992 3.60023 3.62812 3.64504 3.65355 3.66711 3.66139 3.61137 3.57099 3.29236 2.79124 1.84712 0.321049 1.42351 2.57579 2.93669
-9999 -9999 -9999 -9999 -9999 -9999 -9999 -9999 -2.56673 -0.423565 1.81323 2.75236 2.91744 5.09949 6.43824 6.44735 6.20257 5.91548 4.56356 4.6499 4.38466 3.14096 1.32634 -0.667358 -0.473837 0.723788 2.41971 2.98491 1.35309 0.781276 1.2126 2.54109 3.73109 4.97351 5.29423 4.93871 3.01435 0.969146 1.92913 2.9546 2.95737 2.66753 1.64625 1.32816 1.0412 0.298867 -0.960597 -0.764984 -0.40142 1.03782 1.49783 2.20299 2.79016 2.58204 2.71889 3.28072 3.60708 3.62843 3.64352 3.66348 3.66583 3.65669 3.54712 3.43068 3.22855 1.90483 1.08583 -0.103346 1.31579 2.10473 2.54603
-9999 -9999 -9999 -9999 -9999 -9999 -9999 -9999 -3.22669 -1.66953 0.468797 1.33464 2.71178 4.77421 5.7921 6.28359 6.27973 6.09065 5.48898 5.12984 4.41557 3.12158 1.34975 -0.620638 -1.90133 -1.24129 1.03938 1.58607 0.0790071 -0.681764 0.279919 1.69545 3.78845 4.98729 5.15522 5.05458 4.66364 3.17254 1.36964 1.38393 2.3005 1.54917 0.674722 1.16941 1.08855 0.355565 -0.175029 -0.491784 -0.269861 0.551157 0.896419 1.70948 2.90471 3.08418 3.06011 3.56873 3.60318 3.62431 3.65264 3.66159 3.66666 3.66144 3.57391 3.36568 2.48788 1.72387 0.65703 0.534451 1.80666 2.37457 2.90089
-9999 -9999 -9999 -9999 -9999 -9999 -9999 -9999 -4.36403 -2.53307 -0.529457 1.34708 3.12286 4.65217 4.77671 5.58653 5.59235 6.01983 5.90602 5.34871 4.7482 3.63424 1.35641 -0.558067 -2.64665 -2.08846 0.237968 0.544179 -0.460128 -2.3209 -0.386466 1.74628 3.67996 4.72997 3.91923 4.7646 4.70321 4.14931 3.07925 1.41129 1.45132 0.203773 0.157815 0.811748 1.03012 0.931771 0.535719 -0.0982995 0.0288688 0.53116 0.666439 1.41444 2.34387 3.25265 3.41336 3.59442 3.61134 3.62368 3.64725 3.65865 3.64959 3.61337 3.52136 2.78695 1.91178 1.37674 0.636588 0.556126 2.01633 2.61657 2.95383
-9999 -9999 -9999 -9999 -9999 -9999 -9999 -9999 -9999 -2.71847 -0.648699 0.884676 1.30266 2.66281 3.40043 3.97276 4.10493 5.72521 5.82087 5.46998 4.91893 3.96981 2.24291 1.0415 -0.961563 -2.3997 -1.79849 -1.52038 -0.98331 -1.13337 -0.267012 1.78277 3.91816 4.15729 2.81213 3.01965 3.31004 3.9518 3.63798 1.36231 0.210276 -0.744398 -0.0516435 0.676832 0.8599 0.903788 0.774052 0.632928 0.367072 1.33969 2.0619 2.23688 2.86771 3.33593 3.47221 3.57722 3.59858 3.62015 3.62994 3.6129 3.60325 3.49801 3.2501 2.42739 0.434843 0.538713 0.332569 -0.279838 1.14974 2.06712 2.87353
-9999 -9999 -9999 -9999 -9999 -9999 -9999 -9999 -9999 -3.40364 -1.00987 -0.498703 -0.529154 -1.31238 -0.94163 1.99484 2.59161 4.14582 5.61775 5.5168 4.97633 4.08874 3.06281 1.47084 -0.782657 -2.57208 -3.32467 -1.38636 0.515803 0.914043 1.52638 2.78501 3.02972 1.65467 0.365792 1.10069 1.54642 3.22398 3.53656 3.21996 1.85214 0.287231 -0.525512 0.452559 0.590916 0.657996 0.678515 0.664136 0.637304 1.73351 2.34399 2.77043 3.00702 3.41045 3.52087 3.56276 3.60271 3.60521 3.59452 3.54199 3.48101 3.17947 2.81248 1.45845 0.331393 -0.367419 -1.2571 0.782326 1.40528 2.26322 2.81825
