Test_Spring_2018b/02_18/Temp/20180215_014.txt
ncols	170
nrows	115
xllcorner	350000.000000
yllcorner	4445000.000000
cellsize	1000.000000
nodata_value	-9999.000000
[rows 32 to 63 of 115, columns 71 to 141 of 170]
8.2835 8.25515 7.85351 8.46545 9.02848 8.66927 8.42895 9.3532 9.34878 9.02671 8.27607 7.99831 7.71061 7.53303 6.57182 3.88124 1.45535 2.74982 2.77695 1.87555 3.48098 2.62641 0.403845 -2.73208 -1.03536 -1.48364 -3.71852 -4.27346 -9999 -9999 -9999 -9999 -9999 -9999 -9999 -9999 -9999 -9999 -9999 -9999 -9999 -9999 -9999 -9999 -9999 -9999 -9999 -9999 -9999 -9999 -9999 -9999 -9999 -9999 -9999 -9999 -9999 -9999 -9999 -9999 -9999 -9999 -9999 -9999 -9999 -9999 -9999 -9999 -9999 -9999 -9999
7.93302 7.72149 7.54712 8.45847 8.43573 8.3658 8.68395 9.25553 9.36657 9.23851 8.90893 8.62325 8.31976 7.55539 6.4563 4.1531 1.39228 0.763342 2.10914 2.17002 2.38283 1.60363 0.62573 -0.901779 0.340057 0.819003 -0.649162 -2.57305 -3.81241 -9999 -9999 -9999 -9999 -9999 -9999 -9999 -9999 -9999 -9999 -9999 -9999 -9999 -9999 -9999 -9999 -9999 -9999 -9999 -9999 -9999 -9999 -9999 -9999 -9999 -9999 -9999 -9999 -9999 -9999 -9999 -9999 -9999 -9999 -9999 -9999 -9999 -9999 -9999 -9999 -9999 -9999
7.40418 7.08529 6.19483 6.74273 7.15316 7.89998 8.09217 8.20278 9.28974 9.22794 9.17353 8.70394 8.32778 7.70697 6.64907 5.14436 3.3333 0.182416 2.11938 3.63513 3.59212 3.50456 2.81806 1.35035 2.56911 2.62124 0.745598 -1.39352 -2.64652 -3.16748 -9999 -9999 -9999 -9999 -9999 -9999 -9999 -9999 -9999 -9999 -9999 -9999 -9999 -9999 -9999 -9999 -9999 -9999 -9999 -9999 -9999 -9999 -9999 -9999 -9999 -9999 -9999 -9999 -9999 -9999 -9999 -9999 -9999 -9999 -9999 -9999 -9999 -9999 -9999 -9999 -9999
6.66956 6.36234 5.27532 5.82656 6.56318 7.59608 8.12219 8.52875 8.85093 9.17975 9.13664 8.65616 7.24425 7.03971 6.9754 5.99009 3.92591 1.86432 1.32746 3.64174 4.3011 4.16147 4.67443 3.43028 4.01068 3.76514 3.09635 1.04176 -0.831172 -1.60566 -3.13127 -9999 -9999 -9999 -9999 -9999 -9999 -9999 -9999 -9999 -9999 -9999 -9999 -9999 -9999 -9999 -9999 -9999 -9999 -9999 -9999 -9999 -9999 -9999 -9999 -9999 -9999 -9999 -9999 -9999 -9999 -9999 -9999 -9999 -9999 -9999 -9999 -9999 -9999 -9999 -9999
-9999 -9999 -9999 4.58987 5.58607 6.41439 7.42369 8.29944 8.73709 9.16229 9.12401 8.1673 7.69764 7.65357 7.00689 5.87002 5.15518 3.85589 2.50214 3.01389 4.98657 4.10267 5.49841 5.37473 5.62666 4.68473 2.89605 0.51853 -0.876716 -1.57025 -2.8075 -9999 -9999 -9999 -9999 -9999 -9999 -9999 -9999 -9999 -9999 -9999 -9999 -9999 -9999 -9999 -9999 -9999 -9999 -9999 -9999 -9999 -9999 -9999 -9999 -9999 -9999 -9999 -9999 -9999 -9999 -9999 -9999 -9999 -9999 -9999 -9999 -9999 -9999 -9999 -9999
-9999 -9999 -9999 -9999 5.4009 6.03058 7.3919 8.08444 8.36701 9.05523 9.0531 8.68856 8.41263 8.01382 7.49393 6.63879 5.69556 4.47343 4.35697 5.61761 5.62894 5.36011 5.56273 6.20707 6.0301 4.57162 2.06029 0.732613 -1.96919 -3.12474 -3.01171 -3.83161 -9999 -9999 -9999 -9999 -9999 -9999 -9999 -9999 -9999 -9999 -9999 -9999 -0.736999 -9999 -9999 -9999 -9999 -9999 -9999 -9999 -9999 -9999 -9999 -9999 -9999 -9999 -9999 -9999 -9999 -9999 -9999 -9999 -9999 -5.67271 -9999 -9999 -9999 -9999 -9999
-9999 -9999 -9999 5.28948 6.12691 6.78649 7.63818 7.70995 8.21427 9.00618 9.01415 8.75468 8.46209 7.80841 7.64418 7.15619 6.13252 5.92042 6.33049 6.5171 6.72877 6.85705 6.74401 6.4753 6.12927 5.18018 4.01384 3.229 0.766439 -0.486671 -1.67901 -3.48065 -4.89063 -9999 -9999 -9999 -9999 -9999 -9999 -9999 -1.67199 -1.73975 -1.70875 -1.31545 -0.228149 -0.868396 -9999 -9999 -9999 -9999 -9999 -9999 -9999 -9999 -9999 -9999 -9999 -9999 -9999 -9999 -9999 -9999 -9999 -9999 -9999 -4.69061 -6.10696 -9999 -9999 -9999 -9999
-9999 -9999 -9999 5.50964 6.40226 6.8459 7.67285 8.1443 8.44423 8.71623 8.97629 8.92871 8.60538 8.11529 8.11563 7.44143 7.07649 6.81485 7.37088 7.47762 7.24886 6.96253 6.70831 5.99845 5.91082 5.66682 4.92385 3.7085 2.45645 0.643126 -1.80172 -4.19898 -6.13304 -9999 -9999 -9999 -9999 -9999 -9999 -1.46961 -0.566631 -0.0259018 -1.17798 -0.195042 0.703313 0.558965 -0.318668 -9999 -9999 -9999 -9999 -9999 -9999 -9999 -9999 -9999 -9999 -9999 -9999 -9999 -9999 2.02272 0.570788 -2.36109 -3.86448 -4.76693 -6.05493 -9999 -9999 -9999 -9999
-9999 -9999 -9999 5.33119 6.38602 7.09921 7.73187 7.82959 8.47884 8.75263 8.89071 8.87085 8.80445 8.71201 8.12347 7.86885 6.98046 7.8249 7.7895 7.57128 6.71799 6.34512 4.88201 4.23459 4.07719 5.29614 4.38304 2.48424 0.112447 -2.74187 -2.93461 -3.8798 -5.60908 -9999 -9999 -9999 -9999 -9999 -9999 -1.19161 -0.225533 0.58086 0.697878 -0.447047 1.14997 1.0833 0.188709 -0.0149639 0.716942 1.08751 0.805499 1.68012 1.93577 1.54037 1.97278 -9999 -9999 -9999 -9999 2.22576 2.28329 2.32639 1.72068 -1.48226 -3.67021 -5.63514 -5.81724 -9999 -9999 -9999 -9999
-9999 -9999 -9999 6.06406 6.71154 7.03674 7.08571 7.65306 8.2199 8.56118 8.81504 8.76037 8.73677 8.71212 8.50939 8.04142 8.12282 8.08246 7.80765 6.18791 4.29737 5.11495 3.98766 1.58039 3.51878 4.5815 3.54727 1.24729 -1.41832 -2.30144 -2.27309 -3.58599 -5.2726 -9999 -9999 -9999 -3.83273 -2.44985 -2.3303 -1.92275 -0.633691 0.346967 1.08532 1.58847 1.56884 1.03696 0.161923 -0.789213 -0.451387 1.25718 1.67307 2.01954 2.28451 1.91739 2.10851 2.56483 2.8002 2.84719 2.73862 2.71293 2.74908 2.69328 2.12793 -0.73729 -2.37768 -3.42474 -5.5278 -9999 -9999 -9999 -9999
-9999 -9999 -9999 5.65126 6.21345 6.66799 7.42753 7.5038 7.9823 8.26473 8.68188 8.72695 8.22619 8.63573 8.58048 8.50147 8.33596 8.09415 6.72692 4.84301 2.95378 2.07869 2.44141 0.992825 1.72373 2.80046 2.39361 0.978414 -1.39744 -1.73864 -2.3013 -4.50725 -6.62903 -9999 -9999 -6.51874 -3.86462 -1.99571 -1.03178 -0.733309 -0.704728 0.531161 0.628223 1.95873 1.64418 -0.116068 0.081213 -0.605068 -0.162372 0.464095 0.635161 1.53226 2.39922 2.5625 2.56569 2.85597 2.91498 2.92946 2.92087 2.72245 2.81151 2.82408 2.47107 0.394701 -0.618504 -1.7337 -5.49934 -9999 -9999 -9999 -9999
-9999 -9999 -9999 5.9404 6.56919 7.25844 7.36613 7.87606 7.8207 7.67038 8.384 8.63928 8.28514 8.02989 8.49464 8.46051 8.39661 8.2923 7.00748 5.52043 3.27018 1.86963 1.00809 0.395141 -0.426096 0.122777 -0.0557606 -0.292359 -0.0380115 -0.700372 -2.01182 -3.30539 -5.72088 -7.0285 -9999 -6.37848 -5.18179 -2.95869 -1.06902 0.130776 -0.300589 1.10503 1.36598 2.17433 1.69829 0.629407 0.169925 0.128498 -0.0124549 0.933366 1.56858 2.01352 2.31333 2.68674 2.7812 2.87601 2.91508 2.93584 2.95677 2.95076 2.94202 2.89869 2.76512 1.80964 0.79921 -1.38461 -5.37484 -9999 -9999 -9999 -9999
-9999 -9999 4.10325 5.86754 6.92525 7.33152 7.62354 7.8807 8.06599 8.26103 8.4446 8.56977 8.5095 7.57621 7.65062 7.81643 8.34338 8.30359 8.18508 7.37061 4.63346 3.68209 2.29357 0.498905 -0.258426 0.106599 1.56324 1.48913 0.510195 -0.579588 -2.08728 -3.04869 -4.53186 -7.37347 -7.12223 -5.8476 -4.89898 -3.3884 -1.07821 0.541601 1.2647 1.53816 2.10583 2.40204 1.74975 1.12844 0.867031 0.382915 0.314208 0.317305 0.888484 1.33052 2.32251 2.65597 2.80776 2.88501 2.92615 2.95573 2.9847 2.99395 2.97361 2.97326 2.96407 2.89328 1.54746 -1.81805 -4.3534 -9999 -9999 -9999 -9999
-9999 -9999 -9999 5.53912 6.00084 6.11749 6.3263 6.75988 7.26102 7.97329 8.06222 8.45415 8.45044 7.64415 6.71578 7.52196 7.84124 8.1719 8.17943 8.07178 5.76787 4.56071 3.60817 1.88677 2.49444 3.07302 3.10863 2.74515 0.655615 -1.42528 -3.82745 -6.06667 -6.18001 -7.38886 -6.75756 -5.91659 -3.75195 -2.22833 -1.61043 -1.16621 1.1833 1.79336 2.00362 2.60525 1.78539 1.57774 0.961429 1.14447 1.09026 1.09342 -0.614255 1.0948 1.19586 2.31131 2.81245 2.92532 2.95564 2.98784 2.99218 2.99755 2.99121 3.00119 2.98346 2.96347 2.08828 -2.17897 -4.32236 -9999 -9999 -9999 -9999
-9999 -9999 -9999 -9999 -9999 5.67519 6.02646 6.25014 6.64149 7.85009 8.17357 8.38803 8.40447 8.04502 7.12545 6.88275 7.04971 6.15273 6.89904 7.91965 7.88939 7.75933 5.73353 4.69096 5.6825 5.36949 3.84236 2.63837 1.44995 -0.985159 -2.77424 -5.33976 -7.26737 -7.34564 -5.2307 -3.47448 -1.28401 -0.317667 -0.868591 -0.271831 0.894647 2.22051 2.86194 2.71136 1.84724 1.7263 0.776061 1.71007 1.78989 1.35522 0.979363 1.12555 1.67732 1.88757 2.76 2.97077 3.00727 3.01319 3.01586 3.01104 3.00485 2.99295 2.98252 2.96905 2.92846 -1.45787 -4.87095 -9999 -9999 -9999 -9999
-9999 -9999 -9999 -9999 -9999 4.83234 5.04412 5.61032 7.0728 7.83597 8.14298 8.12991 8.27143 8.01757 7.20891 6.37894 5.59619 4.58637 5.16054 6.68239 7.57702 7.67352 5.89684 6.80813 6.45463 5.76571 3.77118 2.29858 1.51329 -0.825132 -2.83239 -4.542 -6.89864 -5.8997 -4.79774 -3.37967 -0.990102 0.622833 1.28574 0.729174 1.47564 3.00139 3.01071 2.17739 2.23227 1.72439 0.42584 1.77813 2.15856 1.85161 1.93076 1.81314 2.01841 2.39238 2.74998 2.98745 3.01881 3.0215 3.0127 3.01115 3.01073 2.99263 2.99272 2.97925 2.95581 0.124211 -4.93587 -9999 -9999 -9999 -9999
-9999 -9999 -9999 -9999 -9999 -9999 4.05981 5.35823 7.30108 7.77935 7.73206 8.13159 8.16434 7.77548 7.43806 6.43087 5.05505 2.41267 3.08313 4.48378 6.50387 7.56226 7.41196 6.81023 5.77329 3.27594 1.08886 0.814661 0.448403 -1.26081 -2.80968 -4.70955 -3.62052 -2.42584 -1.11704 -0.430416 -0.611977 0.769894 1.8971 1.41862 2.33426 3.40254 2.91937 2.63396 2.39446 1.8075 1.77248 1.83408 2.602 2.0706 2.3968 2.40183 2.38335 2.56511 2.77423 2.9938 3.02902 3.02847 3.03098 3.00419 3.01197 2.99813 2.98452 2.97206 2.95182 2.69474 -0.0315726 -1.66087 -9999 -9999 -9999
-9999 -9999 -9999 -9999 -9999 -9999 2.85661 3.50173 5.80359 6.51068 7.52649 8.06496 8.08792 7.43239 7.06656 5.56615 5.07888 2.63464 1.52619 2.46157 2.09792 4.88022 7.3406 6.79408 1.80598 -0.00661432 -1.30243 -0.98155 -0.988016 -1.47055 -4.09808 -4.82666 -2.49245 -1.02426 0.113123 0.975995 1.15401 1.12309 2.88658 3.12081 3.69438 3.57059 3.62457 2.73504 2.18481 2.66625 2.11159 2.01709 2.81042 2.02917 2.73551 2.64894 2.4368 2.42551 2.89056 2.98417 3.03297 3.03486 3.01544 2.99079 2.97618 2.99017 2.98213 2.95542 2.95591 2.92983 2.60413 1.19334 0.699992 1.24578 -9999
-9999 -9999 -9999 -9999 -9999 -9999 -9999 1.35044 4.55131 6.01055 6.77681 7.85755 7.98617 7.63549 7.00405 5.47585 4.13165 1.94644 -0.549633 -1.87426 2.07547 5.51156 7.3015 7.05612 2.90291 1.25839 1.17358 2.12791 1.30569 0.680002 -1.31963 -1.92097 -2.75305 -2.2502 -0.663769 0.633452 1.88559 2.79633 2.87039 3.46249 3.80196 3.83049 3.93773 3.83383 3.74914 2.89 3.48412 2.98086 3.24839 3.07632 2.92081 2.78396 2.29232 2.63944 2.94663 3.02524 3.04843 3.02858 3.02295 3.00863 2.97857 2.96435 2.96138 2.95761 2.94109 2.94018 2.92342 2.76483 1.91589 0.779554 -0.655934
-9999 -9999 -9999 -9999 -9999 -9999 -9999 -0.251327 2.93405 4.46597 6.44129 7.45561 7.86542 7.80966 7.29763 6.13606 4.38805 2.9313 0.144975 -2.74882 1.398 5.08828 7.07743 7.17654 3.68317 4.64083 3.85188 4.15816 2.72053 2.11835 1.63669 0.603557 -0.524803 -1.75925 -2.41254 0.503631 2.0004 3.20537 3.77359 4.09516 4.25616 4.16885 3.95006 2.65412 3.64312 3.59018 3.49208 3.37942 3.32485 3.2224 3.10154 3.02697 3.0015 2.67476 3.04428 3.03438 3.03801 3.03833 3.02724 3.00744 2.99004 2.96893 2.96782 2.9544 2.94091 2.93144 2.92549 2.91443 2.86725 2.64131 0.713707
-9999 -9999 -9999 -9999 -9999 -9999 -9999 -4.73395 -0.0976442 3.62545 5.57013 7.15055 7.58429 7.74548 7.05865 6.54466 5.29107 4.10358 2.27205 -0.470824 -2.16148 0.94198 5.45344 7.10943 6.96979 6.85803 5.94768 5.12633 5.01549 5.06858 4.10993 2.72192 0.913701 0.346393 -0.289622 1.88153 2.17393 2.01331 4.40331 4.40837 4.27252 3.35805 2.33201 2.52672 1.89327 2.37835 1.62263 2.31747 2.91796 3.14199 3.12292 3.03954 3.0298 2.99305 3.05571 3.05328 3.0415 3.0321 3.02636 3.01598 2.98681 2.96976 2.97863 2.95824 2.94321 2.92864 2.92544 2.9196 2.88444 2.85244 2.55548
-9999 -9999 -9999 -9999 -9999 -9999 -9999 -4.53718 -0.639044 2.66803 4.64765 6.55433 6.99526 7.63773 7.49707 6.95848 5.86836 4.50656 2.99863 0.644975 -1.10574 0.968059 3.96263 6.10422 6.86448 6.84629 6.78718 6.57547 6.48183 6.23654 6.05498 5.05941 3.35125 2.38426 0.972213 3.39222 3.66137 3.28022 4.48839 4.42688 2.59735 1.19089 1.01574 1.87076 1.05472 0.910355 0.40208 0.975978 2.51434 2.06569 2.15362 2.84708 2.96124 3.03318 3.05173 3.0455 3.04074 3.02746 3.02784 3.02822 2.99958 2.9857 2.97831 2.95072 2.94428 2.92506 2.91027 2.89702 2.87775 2.84846 2.76346
-9999 -9999 -9999 -9999 -9999 -9999 -9999 -4.45721 -1.8386 1.13727 4.05464 6.09091 6.91111 7.50789 7.4996 6.87355 6.3305 5.47581 4.1487 3.23711 1.65626 -0.512518 3.11159 4.21985 5.20375 5.61418 6.64202 6.60903 6.12686 5.55921 6.0636 5.9067 4.55385 4.10585 3.35351 4.69784 4.69806 4.65835 4.58437 3.0379 0.889208 -0.82809 0.407134 0.148807 0.712194 -1.04595 0.401292 1.56437 1.9412 1.14992 0.56227 2.37203 2.67113 2.84876 2.96205 3.03598 3.01648 3.03369 3.02175 3.0152 3.00818 2.99151 2.98103 2.96426 2.94718 2.93002 2.91723 2.89587 2.86999 2.86758 2.82155
-9999 -9999 -9999 -9999 -9999 -9999 -9999 -9999 -3.38774 0.380679 3.74973 5.62442 6.80263 7.37551 7.36286 7.04147 6.67171 6.14051 5.18204 3.97839 2.07786 0.66551 1.55451 2.64038 2.75372 3.47237 5.5688 6.28016 5.25445 2.72257 4.20148 5.85289 5.82034 5.67385 5.51124 5.30286 5.11736 4.71565 3.64429 0.366552 -0.27714 -1.56296 -1.41731 -2.07698 -0.641481 -1.18124 0.297607 0.938061 1.17926 -0.189587 0.0947758 1.7008 2.33603 2.22935 2.61869 2.98994 3.00106 3.01065 2.99994 3.00694 3.00894 3.00182 2.9845 2.97141 2.96163 2.92967 2.93132 2.80887 2.72913 2.56812 2.76619
-9999 -9999 -9999 -9999 -9999 -9999 -9999 -9999 -4.14696 -0.38086 3.58745 4.85986 6.13019 7.22634 7.2454 6.75529 6.28893 5.80844 5.2615 3.80222 2.38665 1.03458 0.577513 0.843997 0.814125 1.98133 4.71517 5.23905 5.00597 2.3618 1.46558 3.67422 5.52996 5.67169 5.49871 3.305 3.76846 2.58457 0.980339 0.537931 -0.164443 -1.64728 -0.934526 -2.02067 -1.55584 -1.68645 -0.847296 -0.438589 0.559412 -0.633757 -0.633403 0.943466 1.73861 1.75768 2.59217 2.88912 2.96631 2.98512 2.99844 3.00135 3.0139 3.00572 2.99303 2.97644 2.93629 2.841 2.54703 0.961256 0.962874 1.39746 1.80873
-9999 -9999 -9999 -9999 -9999 -9999 -9999 -9999 -3.71484 -1.10219 2.41875 5.02629 5.18784 6.45441 7.10705 6.57421 5.97445 5.36072 5.09065 3.50277 1.75853 0.34818 -1.32088 -1.05149 0.138514 2.0842 3.84823 4.1585 3.78632 2.36284 3.0231 4.52793 5.32486 5.55681 5.36664 4.88614 4.60754 3.73503 3.35594 2.14598 0.255359 -0.489866 -0.0194749 -2.02608 -1.88675 -1.14594 -1.94053 -0.642445 -0.0217542 -1.56234 -0.34431 1.05039 1.76306 2.38601 2.68046 2.79738 2.97709 2.98115 2.99568 3.00336 3.0002 2.99964 2.96995 2.9453 2.77659 2.52795 1.05013 0.432563 0.552921 1.23548 1.83313
-9999 -9999 -9999 -9999 -9999 -9999 -9999 -9999 -3.27306 -0.920833 2.13183 3.99028 4.32079 5.72563 6.97454 6.83225 6.2083 6.01629 5.36932 4.02215 2.53416 0.907756 0.114728 -1.70328 0.0771287 1.48056 2.97384 3.66926 2.49693 1.90991 2.93456 3.95348 4.35782 5.38767 5.37407 5.03372 3.57788 2.86691 3.16429 2.85815 2.32362 1.02184 0.96277 0.126292 -0.220786 -0.548687 -1.61796 -0.941668 -0.874895 -0.692035 0.770437 1.49599 1.97679 2.41402 2.5283 2.71801 2.96441 2.98552 2.99374 2.99201 2.99603 2.97728 2.90642 2.8466 2.50758 1.90782 0.789166 -1.02491 0.251988 1.58724 1.98485
-9999 -9999 -9999 -9999 -9999 -9999 -9999 -9999 -3.67835 -1.17918 1.42959 2.51894 2.70194 5.24645 6.80351 6.80369 6.5065 6.15967 4.56595 4.65608 4.33441 2.86696 0.730889 -1.61501 -1.40015 -0.013937 1.96 2.60951 0.680572 -0.0011344 0.491785 2.03526 3.41672 4.8597 5.22361 4.79587 2.53131 0.125312 1.23794 2.4272 2.41899 2.06808 0.860654 0.476421 0.128511 -0.75269 -2.24487 -2.03336 -1.62004 0.041104 0.567443 1.38092 2.05639 1.80081 1.94926 2.59537 2.96582 2.97916 2.98512 2.99668 2.98749 2.96467 2.82406 2.67519 2.42576 0.862913 -0.109175 -1.52409 0.118704 1.02866 1.5138
-9999 -9999 -9999 -9999 -9999 -9999 -9999 -9999 -4.4568 -2.64363 -0.150047 0.853596 2.45581 4.86033 6.04174 6.60673 6.59163 6.35953 5.64424 5.21274 4.36531 2.83896 0.752965 -1.56565 -3.07687 -2.31588 0.338559 0.96225 -0.816604 -1.71954 -0.605645 1.03975 3.47847 4.87039 5.05538 4.926 4.45679 2.6995 0.577146 0.582418 1.64406 0.752783 -0.282758 0.28464 0.178053 -0.692181 -1.32554 -1.71951 -1.47948 -0.534975 -0.142974 0.796849 2.18424 2.38242 2.34239 2.92612 2.9547 2.96768 2.98905 2.98765 2.98156 2.96328 2.84844 2.59208 1.55154 0.644041 -0.618195 -0.774987 0.686278 1.32554 1.92159
-9999 -9999 -9999 -9999 -9999 -9999 -9999 -9999 -5.79409 -3.66019 -1.3242 0.862928 2.93199 4.71238 4.84789 5.78562 5.78187 6.27167 6.12756 5.464 4.74972 3.4341 0.755616 -1.49758 -3.95475 -3.31304 -0.605446 -0.265073 -1.45324 -3.64413 -1.39131 1.0938 3.34597 4.56361 3.6027 4.58091 4.49752 3.8375 2.57314 0.608711 0.644018 -0.828294 -0.893824 -0.139989 0.103767 -0.0234071 -0.499227 -1.25931 -1.13597 -0.564608 -0.418469 0.445165 1.52131 2.57337 2.74963 2.94978 2.95778 2.96039 2.97612 2.97752 2.95484 2.90021 2.78008 1.9076 0.870133 0.23069 -0.649067 -0.756574 0.930192 1.60134 1.97592
-9999 -9999 -9999 -9999 -9999 -9999 -9999 -9999 -9999 -3.8826 -1.46898 0.316501 0.795916 2.37835 3.23176 3.89148 4.03568 5.92206 6.02316 5.60126 4.94482 3.82213 1.78861 0.370218 -1.9869 -3.68266 -2.99924 -2.68767 -2.07119 -2.25915 -1.25693 1.13102 3.61933 3.88752 2.30086 2.53222 2.86068 3.60058 3.22164 0.545638 -0.814799 -1.94423 -1.14487 -0.303788 -0.101393 -0.0620533 -0.226081 -0.416635 -0.75054 0.375897 1.20922 1.4019 2.1284 2.66461 2.81222 2.92328 2.93644 2.94982 2.94938 2.91743 2.89403 2.75854 2.45583 1.47992 -0.865894 -0.757326 -1.01192 -1.74235 -0.0950213 0.944192 1.87435
-9999 -9999 -9999 -9999 -9999 -9999 -9999 -9999 -9999 -4.69 -1.89684 -1.30803 -1.35351 -2.28053 -1.85657 1.57126 2.25947 4.06848 5.78095 5.65161 5.00747 3.95671 2.7438 0.868012 -1.78246 -3.88965 -4.78929 -2.53612 -0.321334 0.132599 0.837331 2.29891 2.57348 0.951683 -0.569098 0.279743 0.790074 2.74273 3.0972 2.71496 1.10186 -0.742089 -1.70546 -0.572177 -0.422177 -0.355732 -0.343888 -0.381433 -0.433989 0.830923 1.53336 2.02042 2.28529 2.7456 2.86292 2.90007 2.93498 2.92602 2.90158 2.82807 2.74453 2.37917 1.937 0.338923 -0.993618 -1.82497 -2.88002 -0.5057 0.196876 1.17336 1.8022
