Test_Spring_2018b/02_18/Temp/20180208_009.txt
ncols	170
nrows	115
xllcorner	350000.000000
yllcorner	4445000.000000
cellsize	1000.000000
nodata_value	-9999.000000
[rows 32 to 63 of 115, columns 72 to 143 of 170]
10.1543 9.84737 10.3318 10.7781 10.5032 10.3257 11.056 11.0597 10.8155 10.2367 10.027 9.80948 9.6779 8.93453 6.84104 4.95418 5.97174 5.99994 5.30331 6.56377 5.90384 4.17602 1.73526 3.06734 2.72494 0.991374 0.568179 -9999 -9999 -9999 -9999 -9999 -9999 -9999 -9999 -9999 -9999 -9999 -9999 -9999 -9999 -9999 -9999 -9999 -9999 -9999 -9999 -9999 -9999 -9999 -9999 -9999 -9999 -9999 -9999 -9999 -9999 -9999 -9999 -9999 -9999 -9999 -9999 -9999 -9999 -9999 -9999 -9999 -9999 -9999 -9999 -9999
9.73991 9.6104 10.3285 10.3175 10.2722 10.5268 10.9816 11.0755 10.9826 10.7325 10.5165 10.2866 9.69694 8.84591 7.05484 4.90654 4.42258 5.4803 5.53497 5.70833 5.10731 4.35128 3.16626 4.1433 4.52484 3.38719 1.89826 0.940375 -9999 -9999 -9999 -9999 -9999 -9999 -9999 -9999 -9999 -9999 -9999 -9999 -9999 -9999 -9999 -9999 -9999 -9999 -9999 -9999 -9999 -9999 -9999 -9999 -9999 -9999 -9999 -9999 -9999 -9999 -9999 -9999 -9999 -9999 -9999 -9999 -9999 -9999 -9999 -9999 -9999 -9999 -9999 -9999
9.24537 8.5568 8.9912 9.3183 9.91332 10.0681 10.1616 11.0173 10.9761 10.9407 10.5811 10.2945 9.81681 8.99791 7.83021 6.42338 3.97061 5.4899 6.68043 6.65416 6.59319 6.06475 4.92651 5.88565 5.93408 4.48107 2.82373 1.85322 1.45414 -9999 -9999 -9999 -9999 -9999 -9999 -9999 -9999 -9999 -9999 -9999 -9999 -9999 -9999 -9999 -9999 -9999 -9999 -9999 -9999 -9999 -9999 -9999 -9999 -9999 -9999 -9999 -9999 -9999 -9999 -9999 -9999 -9999 -9999 -9999 -9999 -9999 -9999 -9999 -9999 -9999 -9999 -9999
8.68297 7.84097 8.27797 8.85972 9.67587 10.0971 10.4179 10.6765 10.9402 10.9136 10.5454 9.45013 9.29738 9.25413 8.49189 6.88745 5.2851 4.87317 6.68717 7.20931 7.1078 7.51587 6.55229 7.0132 6.82937 6.31807 4.7244 3.27312 2.67623 1.49286 -9999 -9999 -9999 -9999 -9999 -9999 -9999 -9999 -9999 -9999 -9999 -9999 -9999 -9999 -9999 -9999 -9999 -9999 -9999 -9999 -9999 -9999 -9999 -9999 -9999 -9999 -9999 -9999 -9999 -9999 -9999 -9999 -9999 -9999 -9999 -9999 -9999 -9999 -9999 -9999 -9999 -9999
-9999 -9999 7.31446 8.10187 8.75659 9.55368 10.2406 10.5894 10.9283 10.9054 10.1654 9.80561 9.77807 9.28012 8.39952 7.84848 6.84126 5.79164 6.19849 7.74601 7.06358 8.16095 8.07225 8.27688 7.54956 6.16585 4.31848 3.24028 2.70674 1.74862 -9999 -9999 -9999 -9999 -9999 -9999 -9999 -9999 -9999 -9999 -9999 -9999 -9999 -9999 -9999 -9999 -9999 -9999 -9999 -9999 -9999 -9999 -9999 -9999 -9999 -9999 -9999 -9999 -9999 -9999 -9999 -9999 -9999 -9999 -9999 -9999 -9999 -9999 -9999 -9999 -9999 -9999
-9999 -9999 -9999 7.95928 8.45884 9.52843 10.0746 10.3022 10.8465 10.8517 10.5739 10.3653 10.0607 9.66169 9.001 8.27163 7.32464 7.24098 8.23255 8.24897 8.04684 8.21291 8.72396 8.59393 7.46643 5.5158 4.48769 2.39018 1.49612 1.5923 0.96001 -9999 -9999 -9999 -9999 -9999 -9999 -9999 -9999 -9999 -9999 -9999 -9999 3.46663 -9999 -9999 -9999 -9999 -9999 -9999 -9999 -9999 -9999 -9999 -9999 -9999 -9999 -9999 -9999 -9999 -9999 -9999 -9999 -9999 -0.247624 -9999 -9999 -9999 -9999 -9999 -9999 -9999
-9999 -9999 7.86438 8.52899 9.05084 9.72259 9.78764 10.1848 10.8099 10.8229 10.6271 10.4054 9.90178 9.78031 9.40617 8.61396 8.45547 8.78289 8.93604 9.10896 9.21698 9.13679 8.93523 8.67344 7.94522 7.04333 6.43924 4.52575 3.55865 2.63594 1.23737 0.144393 -9999 -9999 -9999 -9999 -9999 -9999 -9999 2.71348 2.66724 2.69812 3.01188 3.86748 3.3745 -9999 -9999 -9999 -9999 -9999 -9999 -9999 -9999 -9999 -9999 -9999 -9999 -9999 -9999 -9999 -9999 -9999 -9999 -9999 0.523574 -0.576456 -9999 -9999 -9999 -9999 -9999 -9999
-9999 -9999 8.04181 8.74575 9.0991 9.75158 10.1264 10.3661 10.5853 10.7951 10.7646 10.5188 10.1428 10.1497 9.63006 9.35204 9.15485 9.59623 9.68709 9.51627 9.30076 9.11052 8.56478 8.50495 8.3273 7.7562 6.81631 5.84768 4.44379 2.54347 0.680097 -0.821884 -9999 -9999 -9999 -9999 -9999 -9999 2.86852 3.58008 4.00883 3.11606 3.89013 4.59824 4.49243 3.81647 -9999 -9999 -9999 -9999 -9999 -9999 -9999 -9999 -9999 -9999 -9999 -9999 -9999 -9999 5.74651 4.61871 2.33547 1.16738 0.468426 -0.531492 -9999 -9999 -9999 -9999 -9999 -9999
-9999 -9999 7.90418 8.73489 9.29876 9.79962 9.88271 10.3928 10.6156 10.7301 10.7211 10.6757 10.61 10.1571 9.96492 9.27816 9.94444 9.92409 9.76132 9.10304 8.82011 7.68631 7.18954 7.07928 8.04008 7.33648 5.86333 4.02084 1.8043 1.6625 0.932911 -0.40906 -9999 -9999 -9999 -9999 -9999 -9999 3.08931 3.85006 4.48614 4.58408 3.69693 4.95048 4.9074 4.21608 4.06427 4.64295 4.93962 4.73008 5.41851 5.62522 5.32362 5.66819 -9999 -9999 -9999 -9999 5.89817 5.94899 5.98837 5.52111 3.02615 1.32351 -0.205005 -0.340936 -9999 -9999 -9999 -9999 -9999 -9999
-9999 -9999 8.47802 8.99086 9.25194 9.2972 9.74694 10.1928 10.4681 10.672 10.6358 10.6238 10.6109 10.459 10.1002 10.1704 10.1458 9.93851 8.68154 7.21348 7.85992 6.98962 5.11995 6.64518 7.48434 6.68651 4.9005 2.82897 2.15147 2.18248 1.16603 -0.142146 -9999 -9999 -9999 1.01146 2.09781 2.19774 2.5224 3.53519 4.30723 4.89008 5.28952 5.28228 4.87459 4.19862 3.46339 3.73455 5.07592 5.40819 5.68765 5.9018 5.62244 5.77931 6.14247 6.33297 6.37619 6.29776 6.28379 6.31789 6.28002 5.84421 3.61224 2.33697 1.52489 -0.110417 -9999 -9999 -9999 -9999 -9999 -9999
-9999 -9999 8.16057 8.60699 8.96912 9.56524 9.63162 10.0118 10.2361 10.5701 10.6116 10.2269 10.5529 10.516 10.4607 10.3381 10.1562 9.09599 7.6328 6.16585 5.49098 5.78322 4.6614 5.24394 6.0942 5.78841 4.69453 2.84938 2.59244 2.16465 0.451031 -1.19715 -9999 -9999 -1.08837 0.990591 2.4563 3.21532 3.45471 3.48336 4.45456 4.53677 5.58205 5.34439 3.97768 4.13888 3.61064 3.96381 4.4615 4.60272 5.31337 5.99622 6.13099 6.14067 6.37432 6.42721 6.44511 6.44473 6.29589 6.37124 6.38667 6.11654 4.5009 3.71521 2.85062 -0.0835319 -9999 -9999 -9999 -9999 -9999 -9999
-9999 -9999 8.38744 8.88592 9.43133 9.5224 9.92719 9.88789 9.77446 10.3381 10.5452 10.2749 10.0817 10.4506 10.4302 10.3868 10.3122 9.31628 8.16293 6.4142 5.32923 4.66578 4.19655 3.56893 4.00736 3.87798 3.70327 3.91174 3.40655 2.39431 1.39329 -0.484218 -1.49706 -9999 -0.974796 -0.0336796 1.70844 3.19007 4.13298 3.80244 4.90603 5.11612 5.75467 5.38985 4.56287 4.21244 4.18755 4.08511 4.83121 5.33525 5.69291 5.93445 6.2322 6.31326 6.39441 6.4318 6.45464 6.47732 6.47867 6.47762 6.44933 6.35041 5.60972 4.82676 3.12709 0.0174741 -9999 -9999 -9999 -9999 -9999 -9999
-9999 6.94521 8.33262 9.16611 9.4907 9.72573 9.93319 10.0842 10.2404 10.3879 10.492 10.4521 9.72942 9.7935 9.92906 10.3468 10.3224 10.237 9.60876 7.47995 6.74592 5.6724 4.28092 3.70185 3.99706 5.14454 5.09699 4.34297 3.50224 2.33692 1.5975 0.448152 -1.76237 -1.55861 -0.556337 0.191046 1.37684 3.18664 4.45733 5.02794 5.24757 5.69778 5.9356 5.43412 4.95658 4.75987 4.38949 4.34356 4.35383 4.80767 5.16296 5.94545 6.21325 6.33818 6.4057 6.44478 6.47454 6.50349 6.51673 6.50657 6.51177 6.50986 6.46032 5.41479 2.79402 0.820228 -9999 -9999 -9999 -9999 -9999 -9999
-9999 -9999 8.07847 8.44681 8.54538 8.71549 9.06068 9.45824 10.0183 10.0938 10.4057 10.4074 9.78458 9.06568 9.70106 9.95658 10.2213 10.2343 10.1578 8.36827 7.43474 6.70048 5.36639 5.85311 6.31529 6.35367 6.08048 4.45971 2.8455 0.982008 -0.75669 -0.836212 -1.77033 -1.27003 -0.606331 1.09032 2.2862 2.77475 3.12757 4.96778 5.45063 5.62175 6.09812 5.46501 5.31043 4.83672 4.98726 4.95276 4.96319 3.63809 4.98253 5.06913 5.94754 6.34651 6.44121 6.47188 6.50371 6.51343 6.52363 6.52436 6.53755 6.52935 6.51983 5.84191 2.51587 0.848005 -9999 -9999 -9999 -9999 -9999 -9999
-9999 -9999 -9999 -9999 8.20269 8.48405 8.66537 8.97717 9.9247 10.1833 10.3565 10.375 10.1 9.38775 9.20421 9.34074 8.64704 9.23707 10.0416 10.0264 9.93379 8.36175 7.5597 8.34427 8.11061 6.9292 6.00004 5.08296 3.19243 1.80768 -0.18561 -1.68138 -1.73397 -0.0749281 1.30382 3.02059 3.78133 3.35732 3.82913 4.74631 5.78763 6.29483 6.18397 5.51632 5.42946 4.69512 5.432 5.50221 5.17092 4.88565 5.00998 5.4485 5.6203 6.30887 6.48065 6.51597 6.52729 6.53571 6.53793 6.53875 6.53551 6.53283 6.52768 6.5013 3.08228 0.423162 -9999 -9999 -9999 -9999 -9999 -9999
-9999 -9999 -9999 -9999 7.54747 7.71993 8.16863 9.31662 9.91643 10.1621 10.1577 10.2738 10.0812 9.45551 8.81338 8.20844 7.42672 7.88212 9.07796 9.78478 9.8691 8.49161 9.21493 8.94957 8.42255 6.87637 5.73766 5.13542 3.32051 1.7655 0.440502 -1.39014 -0.601706 0.266544 1.38097 3.25334 4.51883 5.04243 4.61403 5.20288 6.40024 6.41395 5.77009 5.8199 5.43099 4.42477 5.48824 5.79319 5.56167 5.63166 5.55003 5.71809 6.01772 6.30439 6.49703 6.52848 6.5372 6.53667 6.54143 6.54704 6.53853 6.54408 6.53894 6.52597 4.32072 0.375808 -9999 -9999 -9999 -9999 -9999 -9999
-9999 -9999 -9999 -9999 -9999 6.95442 7.97473 9.49772 9.8751 9.84416 10.1618 10.193 9.89498 9.6372 8.85673 7.78881 5.73252 6.26307 7.36428 8.94971 9.78495 9.67714 9.21928 8.42038 6.48158 4.78511 4.58201 4.30695 2.98329 1.78616 0.312667 1.17203 2.1133 3.14303 3.68644 3.5515 4.63662 5.5227 5.1552 5.87612 6.71634 6.34559 6.12949 5.94951 5.49888 5.4791 5.53497 6.14245 5.73572 5.9986 6.01271 6.00608 6.15565 6.32639 6.50504 6.53949 6.5457 6.55398 6.53911 6.55102 6.54587 6.54076 6.53645 6.52603 6.3307 4.20774 2.94124 -9999 -9999 -9999 -9999 -9999
-9999 -9999 -9999 -9999 -9999 6.01819 6.52845 8.33168 8.88766 9.68667 10.1128 10.1364 9.63021 9.3505 8.18491 7.81064 5.90909 5.05082 5.78878 5.51322 7.69424 9.62447 9.20968 5.32612 3.92182 2.92109 3.18249 3.18826 2.8222 0.782959 0.223845 2.05529 3.21007 4.10598 4.78699 4.93288 4.91505 6.29782 6.4869 6.94081 6.85044 6.89907 6.21137 5.78883 6.17229 5.74685 5.68085 6.30815 5.70634 6.26595 6.20853 6.05068 6.0495 6.42 6.50028 6.54531 6.55352 6.54463 6.53147 6.52589 6.54251 6.54181 6.52644 6.53227 6.51734 6.26855 5.17268 4.79307 5.22474 -9999 -9999 -9999
-9999 -9999 -9999 -9999 -9999 -9999 4.85217 7.35723 8.50032 9.10454 9.95407 10.0602 9.79262 9.30525 8.11804 7.07484 5.37554 3.43408 2.40748 5.49924 8.19057 9.5973 9.41753 6.1856 4.91237 4.85688 5.61266 4.98145 4.5035 2.95439 2.49453 1.85404 2.25516 3.50191 4.52211 5.50638 6.22375 6.28769 6.75592 7.02761 7.05622 7.14648 7.07215 7.01307 6.34997 6.82134 6.43621 6.65297 6.52668 6.41338 6.31671 5.94058 6.21913 6.46632 6.53485 6.56025 6.55122 6.55311 6.54804 6.53054 6.52506 6.52839 6.53103 6.52367 6.52847 6.52094 6.4027 5.74553 4.86403 3.74901 -9999 -9999
-9999 -9999 -9999 -9999 -9999 -9999 3.60503 6.09798 7.29772 8.84586 9.64361 9.97028 9.93233 9.53829 8.63741 7.27905 6.14849 3.98044 1.72901 4.97328 7.86385 9.42595 9.51295 6.798 7.55603 6.95062 7.20025 6.08839 5.6286 5.26444 4.46735 3.59547 2.64069 2.13895 4.4228 5.59812 6.54528 6.99511 7.25227 7.38407 7.32353 7.15905 6.15415 6.9333 6.8996 6.83053 6.75027 6.71551 6.64347 6.55713 6.50906 6.49677 6.24915 6.54536 6.54514 6.55462 6.56134 6.55897 6.54966 6.5421 6.53155 6.53693 6.53134 6.52644 6.52466 6.52565 6.52266 6.49147 6.32074 4.82157 3.92699 3.68049
-9999 -9999 -9999 -9999 -9999 -9999 0.10899 3.73464 6.64492 8.16917 9.4103 9.75462 9.88617 9.35581 8.9606 7.98831 7.06801 5.64536 3.51171 2.19997 4.62964 8.16057 9.46407 9.36717 9.29004 8.58959 7.95864 7.88232 7.93383 7.19718 6.12347 4.72067 4.28686 3.79807 5.50034 5.73551 5.6167 7.48889 7.4991 7.39929 6.69171 5.89921 6.05817 5.57024 5.95655 5.37405 5.92412 6.40066 6.58339 6.57638 6.52144 6.52199 6.50057 6.55746 6.56236 6.5598 6.55892 6.56076 6.55884 6.54215 6.53484 6.54771 6.53823 6.53244 6.52549 6.52872 6.52988 6.50816 6.48889 6.26278 5.92019 5.26298
-9999 -9999 -9999 -9999 -9999 -9999 0.266376 3.31289 5.90093 7.45426 8.94865 9.29871 9.80613 9.70229 9.288 8.44342 7.38708 6.21706 4.38721 3.02848 4.65588 7.00046 8.68152 9.28714 9.28398 9.24778 9.09247 9.0296 8.84801 8.71803 7.94994 6.62623 5.87947 4.78484 6.68143 6.89854 6.60769 7.55739 7.51578 6.09391 5.00238 4.87225 5.54911 4.91922 4.81421 4.42413 4.87971 6.08833 5.74643 5.82283 6.37446 6.47089 6.53546 6.55686 6.55876 6.56166 6.55775 6.5644 6.57092 6.55471 6.54995 6.55021 6.53468 6.53629 6.52727 6.52162 6.51548 6.50624 6.48916 6.42857 6.36298 6.44439
-9999 -9999 -9999 -9999 -9999 -9999 0.331615 2.37997 4.70942 6.9951 8.59076 9.23702 9.70891 9.70854 9.22608 8.80867 8.14826 7.11939 6.41526 5.18904 3.50417 6.34205 7.21392 7.99402 8.32387 9.1362 9.1204 8.7539 8.32348 8.72652 8.61447 7.56678 7.22513 6.64551 7.70239 7.70964 7.68547 7.63438 6.43364 4.76275 3.42869 4.39973 4.20494 4.65485 3.28997 4.42781 5.3434 5.64525 5.03413 4.58299 6.00613 6.2484 6.39406 6.48937 6.55383 6.54521 6.56513 6.56218 6.56335 6.56407 6.55721 6.55515 6.54814 6.54087 6.53431 6.53027 6.51958 6.50682 6.51078 6.4787 6.47004 6.46356
-9999 -9999 -9999 -9999 -9999 -9999 -9999 1.17318 4.12379 6.76009 8.22972 9.15561 9.60898 9.60534 9.36085 9.07879 8.67097 7.92988 6.99769 5.52179 4.42734 5.12983 5.98374 6.08432 6.65485 8.3011 8.86609 8.07496 6.1104 7.2761 8.57409 8.55712 8.45086 8.33168 8.17643 8.03878 7.73212 6.90253 4.35038 3.8547 2.85765 2.97822 2.47022 3.60154 3.18786 4.34981 4.85731 5.05316 3.99209 4.22495 5.48779 5.99072 5.91434 6.22506 6.52046 6.53575 6.54974 6.54778 6.55958 6.56741 6.56808 6.56197 6.55799 6.55658 6.53881 6.54609 6.45657 6.40032 6.28054 6.441 6.46116 6.47718
-9999 -9999 -9999 -9999 -9999 -9999 -9999 0.586819 3.53315 6.63728 7.63675 8.63461 9.49656 9.51776 9.14161 8.7842 8.41597 7.99614 6.86434 5.76694 4.71941 4.37087 4.58745 4.57334 5.49379 7.63738 8.05574 7.88313 5.83306 5.14226 6.87512 8.3322 8.4509 8.32363 6.61854 6.98763 6.07047 4.82503 4.48653 3.94505 2.79431 3.35771 2.51684 2.8869 2.79646 3.45895 3.78545 4.57202 3.64799 3.65918 4.89939 5.52712 5.54888 6.20712 6.44562 6.51246 6.53365 6.55049 6.55916 6.57532 6.57528 6.5717 6.56506 6.54 6.47187 6.2497 5.01765 5.02499 5.37027 5.69727 6.28921 6.46058
-9999 -9999 -9999 -9999 -9999 -9999 -9999 0.928116 2.97391 5.72876 7.77054 7.90283 8.89787 9.41373 9.00426 8.54273 8.0705 7.86678 6.63453 5.28046 4.18731 2.89243 3.11109 4.04866 5.57698 6.96323 7.2146 6.93315 5.83613 6.36029 7.54357 8.17398 8.36306 8.22237 7.85479 7.64464 6.97067 6.68178 5.74419 4.27519 3.7004 4.07467 2.51527 2.63126 3.21691 2.60844 3.62919 4.12112 2.92578 3.8899 4.98575 5.54907 6.04225 6.27889 6.37685 6.52375 6.53346 6.55129 6.56373 6.56768 6.57363 6.55683 6.54396 6.4186 6.23082 5.08341 4.60848 4.70859 5.24755 5.72015 6.21828 6.42363
-9999 -9999 -9999 -9999 -9999 -9999 -9999 1.27696 3.11935 5.50857 6.96553 7.22971 8.3327 9.31408 9.20952 8.7291 8.58609 8.08811 7.04372 5.88962 4.6277 4.0166 2.60552 4.00383 5.10854 6.28323 6.83508 5.93441 5.48486 6.29337 7.09721 7.42106 8.23302 8.23017 7.97203 6.84289 6.29511 6.53443 6.30254 5.89231 4.88311 4.84411 4.19826 3.93455 3.68588 2.86324 3.3985 3.45794 3.61049 4.76314 5.33657 5.71885 6.06704 6.16303 6.31783 6.51682 6.53987 6.55282 6.55796 6.56756 6.55937 6.51048 6.47021 6.21195 5.75012 4.88318 3.47431 4.47739 5.52599 5.84493 6.15596 6.31883
-9999 -9999 -9999 -9999 -9999 -9999 -9999 0.964476 2.92146 4.96405 5.82051 5.96949 7.96218 9.18411 9.19076 8.96543 8.70153 7.46441 7.54205 7.29842 6.16051 4.50083 2.67752 2.85351 3.94716 5.49432 6.01019 4.51892 3.99535 4.38864 5.60193 6.68854 7.823 8.11487 7.78854 6.02809 4.1571 5.03294 5.96856 5.96929 5.7025 4.76706 4.47431 4.20997 3.52936 2.37237 2.54919 2.87911 4.18974 4.60769 5.24975 5.784 5.59132 5.71399 6.22512 6.52098 6.538 6.54922 6.56478 6.56412 6.5528 6.44951 6.33976 6.15151 4.93788 4.18544 3.08699 4.37716 5.09383 5.48276 6.1652 6.33211
-9999 -9999 -9999 -9999 -9999 -9999 -9999 0.360597 1.78188 3.73441 4.52387 5.78073 7.66406 8.59268 9.04024 9.0351 8.86075 8.30937 7.97976 7.32563 6.14169 4.52104 2.71897 1.54737 2.14975 4.23104 4.72989 3.35264 2.65629 3.53431 4.82712 6.7391 7.83368 7.98587 7.89249 7.53367 6.16916 4.51957 4.53093 5.36694 4.67834 3.87713 4.32734 4.25142 3.57939 3.09232 2.79719 2.99451 3.74308 4.05614 4.79683 5.88687 6.04845 6.024 6.48645 6.51545 6.53222 6.55551 6.56098 6.56279 6.55505 6.47193 6.27833 5.47252 4.77058 3.79169 3.6758 4.82414 5.33203 5.80534 6.14303 6.25684
-9999 -9999 -9999 -9999 -9999 -9999 -9999 -0.679676 0.991803 2.82114 4.53438 6.15559 7.55159 7.66362 8.40211 8.4058 8.79499 8.6895 8.17871 7.62852 6.60908 4.52587 2.77485 0.86473 1.37397 3.49921 3.77714 2.85819 1.15634 2.92348 4.87183 6.63816 7.59669 6.8543 7.62562 7.56803 7.06017 6.08044 4.55412 4.58893 3.44676 3.40286 3.99864 4.19625 4.10432 3.74025 3.1548 3.2658 3.72303 3.84417 4.52539 5.37245 6.20066 6.34509 6.50812 6.52107 6.52979 6.5487 6.5564 6.54529 6.50922 6.42201 5.74747 4.94411 4.4515 3.77129 3.69396 5.01698 5.55142 5.85201 6.14463 6.26357
-9999 -9999 -9999 -9999 -9999 -9999 -9999 -9999 0.82151 2.71125 4.11076 4.49081 5.73215 6.40453 6.92592 7.04506 8.52451 8.61045 8.28831 7.78329 6.9145 5.33483 4.23555 2.40358 1.08802 1.63614 1.88842 2.37836 2.24019 3.03104 4.90355 6.85425 7.07157 5.84069 6.02896 6.29291 6.87796 6.58948 4.50766 3.45286 2.57839 3.20971 3.87363 4.03897 4.07705 3.95641 3.81848 3.57388 4.46037 5.11799 5.27544 5.84958 6.2751 6.3972 6.4907 6.50771 6.52486 6.53118 6.51288 6.50123 6.40207 6.17236 5.41711 3.59241 3.68383 3.49174 2.92821 4.22339 5.04421 5.777 6.16908 6.27457
-9999 -9999 -9999 -9999 -9999 -9999 -9999 -9999 0.194298 2.3801 2.84517 2.81527 2.09737 2.43438 5.11669 5.66048 7.0795 8.42341 8.32971 7.83434 7.02177 6.08281 4.62653 2.56563 0.928962 0.241206 2.01146 3.74708 4.11009 4.66876 5.81811 6.04062 4.78249 3.60306 4.2734 4.67934 6.21116 6.49523 6.20412 4.95206 3.51978 2.77497 3.66702 3.79147 3.85074 3.86742 3.84869 3.81901 4.81871 5.3742 5.7615 5.97529 6.3416 6.44008 6.4759 6.50993 6.50966 6.49727 6.44654 6.38797 6.10938 5.77083 4.5299 3.4963 2.854 2.0371 3.89748 4.45521 5.22538 5.72494 6.11506 6.20512
