Test_Spring_2018b/02_18/Temp/20180223_022.txt
ncols	170
nrows	115
xllcorner	350000.000000
yllcorner	4445000.000000
cellsize	1000.000000
nodata_value	-9999.000000
[rows 32 to 63 of 115, columns 72 to 143 of 170]
10.1172 9.73198 10.3348 10.89 10.5544 10.332 11.2391 11.2422 10.9357 10.2115 9.94817 9.67506 9.50924 8.57965 5.96456 3.60748 4.87637 4.91019 4.0392 5.61159 4.78664 2.62865 -0.419265 1.24306 0.815037 -1.34403 -1.87421 -9999 -9999 -9999 -9999 -9999 -9999 -9999 -9999 -9999 -9999 -9999 -9999 -9999 -9999 -9999 -9999 -9999 -9999 -9999 -9999 -9999 -9999 -9999 -9999 -9999 -9999 -9999 -9999 -9999 -9999 -9999 -9999 -9999 -9999 -9999 -9999 -9999 -9999 -9999 -9999 -9999 -9999 -9999 -9999 -9999
9.59625 9.4326 10.3272 10.3115 10.2572 10.58 11.1431 11.2587 11.1411 10.8272 10.556 10.2674 9.52958 8.46557 6.22804 3.54456 2.93896 4.2581 4.32511 4.54039 3.78905 2.84431 1.36413 2.58323 3.05898 1.6408 -0.216755 -1.41238 -9999 -9999 -9999 -9999 -9999 -9999 -9999 -9999 -9999 -9999 -9999 -9999 -9999 -9999 -9999 -9999 -9999 -9999 -9999 -9999 -9999 -9999 -9999 -9999 -9999 -9999 -9999 -9999 -9999 -9999 -9999 -9999 -9999 -9999 -9999 -9999 -9999 -9999 -9999 -9999 -9999 -9999 -9999 -9999
8.97519 8.1137 8.65415 9.06066 9.80736 10.0011 10.1162 11.1828 11.1297 11.0838 10.6332 10.2737 9.67569 8.65175 7.19241 5.43461 2.37113 4.26655 5.75164 5.71777 5.64072 4.98017 3.55846 4.75524 4.81517 3.00234 0.936262 -0.275959 -0.774871 -9999 -9999 -9999 -9999 -9999 -9999 -9999 -9999 -9999 -9999 -9999 -9999 -9999 -9999 -9999 -9999 -9999 -9999 -9999 -9999 -9999 -9999 -9999 -9999 -9999 -9999 -9999 -9999 -9999 -9999 -9999 -9999 -9999 -9999 -9999 -9999 -9999 -9999 -9999 -9999 -9999 -9999 -9999
8.26943 7.21648 7.76026 8.48473 9.50393 10.0288 10.4328 10.754 11.0815 11.0465 10.5851 9.21599 9.02357 8.9679 8.01473 6.01022 4.00843 3.49291 5.75642 6.40728 6.2797 6.7884 5.58482 6.15968 5.92971 5.29012 3.30298 1.49353 0.747651 -0.730506 -9999 -9999 -9999 -9999 -9999 -9999 -9999 -9999 -9999 -9999 -9999 -9999 -9999 -9999 -9999 -9999 -9999 -9999 -9999 -9999 -9999 -9999 -9999 -9999 -9999 -9999 -9999 -9999 -9999 -9999 -9999 -9999 -9999 -9999 -9999 -9999 -9999 -9999 -9999 -9999 -9999 -9999
-9999 -9999 6.55397 7.53737 8.34939 9.34719 10.2083 10.6419 11.0632 11.0328 10.1071 9.65611 9.61992 8.99653 7.89554 7.2061 5.94729 4.6357 5.14257 7.07362 6.2209 7.59026 7.47901 7.73404 6.82567 5.09725 2.7932 1.44949 0.782721 -0.414232 -9999 -9999 -9999 -9999 -9999 -9999 -9999 -9999 -9999 -9999 -9999 -9999 -9999 -9999 -9999 -9999 -9999 -9999 -9999 -9999 -9999 -9999 -9999 -9999 -9999 -9999 -9999 -9999 -9999 -9999 -9999 -9999 -9999 -9999 -9999 -9999 -9999 -9999 -9999 -9999 -9999 -9999
-9999 -9999 -9999 7.35617 7.97464 9.30846 9.99772 10.2801 10.9577 10.9622 10.6135 10.3511 9.969 9.469 8.64247 7.73035 6.54674 6.44112 7.67803 7.69773 7.44474 7.65159 8.28922 8.12661 6.71825 4.28273 2.99889 0.385276 -0.731509 -0.612223 -1.40254 -9999 -9999 -9999 -9999 -9999 -9999 -9999 -9999 -9999 -9999 -9999 -9999 1.70318 -9999 -9999 -9999 -9999 -9999 -9999 -9999 -9999 -9999 -9999 -9999 -9999 -9999 -9999 -9999 -9999 -9999 -9999 -9999 -9999 -2.97647 -9999 -9999 -9999 -9999 -9999 -9999 -9999
-9999 -9999 7.23392 8.06066 8.7108 9.54797 9.63166 10.1302 10.9087 10.9229 10.6764 10.3975 9.76671 9.61313 9.14425 8.15364 7.9544 8.362 8.55229 8.76747 8.90183 8.8014 8.54957 8.22265 7.31291 6.18686 5.43253 3.04596 1.8407 0.68804 -1.05887 -2.42448 -9999 -9999 -9999 -9999 -9999 -9999 -9999 0.769008 0.709152 0.74549 1.13489 2.20064 1.58268 -9999 -9999 -9999 -9999 -9999 -9999 -9999 -9999 -9999 -9999 -9999 -9999 -9999 -9999 -9999 -9999 -9999 -9999 -9999 -2.01804 -3.39249 -9999 -9999 -9999 -9999 -9999 -9999
-9999 -9999 7.45087 8.32845 8.76826 9.58141 10.0478 10.3534 10.625 10.8847 10.8444 10.5353 10.0637 10.0702 9.41967 9.07092 8.82335 9.37326 9.48586 9.27203 9.00265 8.76501 8.08371 8.00913 7.78696 7.07408 5.90071 4.69135 2.94323 0.570203 -1.75693 -3.63311 -9999 -9999 -9999 -9999 -9999 -9999 0.962118 1.84835 2.38144 1.26463 2.22863 3.11018 2.97549 2.12907 -9999 -9999 -9999 -9999 -9999 -9999 -9999 -9999 -9999 -9999 -9999 -9999 -9999 -9999 4.5023 3.09312 0.241621 -1.21762 -2.09115 -3.34044 -9999 -9999 -9999 -9999 -9999 -9999
-9999 -9999 7.2763 8.3122 9.01489 9.63879 9.74098 10.38 10.6596 10.8002 10.7866 10.7276 10.6432 10.0755 9.83363 8.97454 9.8049 9.77841 9.57444 8.7522 8.39881 6.98342 6.36348 6.22569 7.42555 6.54748 4.70861 2.4085 -0.356504 -0.531797 -1.4434 -3.11977 -9999 -9999 -9999 -9999 -9999 -9999 1.23554 2.18313 2.975 3.09495 1.98499 3.54739 3.49111 2.62518 2.43263 3.15189 3.51894 3.2561 4.11489 4.3693 3.98916 4.41583 -9999 -9999 -9999 -9999 4.68961 4.75144 4.79931 4.21493 1.09931 -1.02704 -2.93601 -3.10839 -9999 -9999 -9999 -9999 -9999 -9999
-9999 -9999 7.9901 8.62922 8.95395 9.00909 9.56905 10.1276 10.4724 10.7224 10.6748 10.6573 10.6388 10.4469 9.9969 10.0828 10.0506 9.79056 8.22049 6.38723 7.19405 6.11011 3.77595 5.68075 6.72901 5.73357 3.50437 0.918546 0.0750054 0.115425 -1.1542 -2.78877 -9999 -9999 -9999 -1.35474 -0.000465643 0.122228 0.525392 1.78754 2.74904 3.47483 3.97099 3.95962 3.4477 2.60081 1.67975 2.01494 3.68604 4.09724 4.44703 4.71046 4.35783 4.54881 4.9988 5.23352 5.28472 5.18444 5.16503 5.20604 5.15752 4.61249 1.82657 0.233959 -0.780365 -2.8238 -9999 -9999 -9999 -9999 -9999 -9999
-9999 -9999 7.58516 8.14126 8.59213 9.33936 9.42073 9.89371 10.1747 10.5922 10.6416 10.1587 10.5631 10.5146 10.4434 10.2884 10.0597 8.73498 6.90752 5.07574 4.23314 4.59752 3.19755 3.92565 4.98785 4.61003 3.24521 0.942143 0.621628 0.0893413 -2.04884 -4.10736 -9999 -9999 -3.97581 -1.38223 0.445596 1.39106 1.6877 1.72115 2.9312 3.03132 4.33364 4.03439 2.32515 2.52329 1.86104 2.29843 2.91458 3.08718 3.97205 4.82311 4.9874 4.99568 5.2838 5.34658 5.36608 5.36321 5.17547 5.26805 5.28621 4.94818 2.93061 1.94927 0.867678 -2.79523 -9999 -9999 -9999 -9999 -9999 -9999
-9999 -9999 7.8647 8.48565 9.16528 9.27776 9.78192 9.7369 9.59607 10.2975 10.5558 10.2156 9.97171 10.4297 10.4019 10.3457 10.2509 9.00644 7.56582 5.38233 4.02787 3.19935 2.61426 1.83234 2.38056 2.21994 2.00267 2.26369 1.63654 0.374702 -0.87529 -3.21861 -4.48417 -9999 -3.8352 -2.66215 -0.489284 1.35823 2.53309 2.11803 3.49327 3.75292 4.54756 4.0892 3.05367 2.61145 2.57694 2.44547 3.37321 3.99884 4.4427 4.74008 5.10993 5.20711 5.30467 5.34798 5.37357 5.39946 5.39924 5.39652 5.36023 5.23611 4.31103 3.33167 1.2095 -2.67227 -9999 -9999 -9999 -9999 -9999 -9999
-9999 6.06159 7.7941 8.83326 9.23724 9.5295 9.78738 9.97479 10.1707 10.3573 10.4848 10.4341 9.52908 9.60639 9.77319 10.2926 10.2605 10.1526 9.36754 6.70962 5.79277 4.45371 2.71741 1.99575 2.36539 3.79906 3.74081 2.80048 1.75177 0.299022 -0.621422 -2.05679 -4.81647 -4.56345 -3.31382 -2.38264 -0.904351 1.3528 2.93679 3.64665 3.91824 4.47773 4.77176 4.14134 3.54187 3.29285 2.82686 2.7658 2.77476 3.33739 3.77804 4.75071 5.08085 5.2345 5.3149 5.3602 5.39435 5.42805 5.44271 5.42869 5.43432 5.43145 5.36801 4.06256 0.78797 -1.67595 -9999 -9999 -9999 -9999 -9999 -9999
-9999 -9999 7.47472 7.93315 8.05498 8.26623 8.69615 9.19145 9.89152 9.98428 10.3719 10.3746 9.59538 8.69512 9.48581 9.80262 10.1314 10.1463 10.05 7.81571 6.65051 5.73449 4.06997 4.67904 5.25733 5.30658 4.96686 2.9447 0.930585 -1.39361 -3.56382 -3.66303 -4.82809 -4.20415 -3.37719 -1.26094 0.229919 0.837546 1.27556 3.57034 4.17056 4.38043 4.97196 4.17824 3.98183 3.38686 3.57107 3.52414 3.53317 1.87483 3.55012 3.65388 4.74626 5.24024 5.35579 5.39051 5.42719 5.43688 5.44775 5.44738 5.46309 5.45146 5.43765 4.59078 0.437989 -1.64392 -9999 -9999 -9999 -9999 -9999 -9999
-9999 -9999 -9999 -9999 7.62505 7.97524 8.20065 8.58901 9.77287 10.0943 10.309 10.3303 9.9851 9.09492 8.86319 9.03139 8.16355 8.89905 9.90248 9.88322 9.7679 7.80604 6.8061 7.78686 7.49657 6.02318 4.8647 3.72123 1.36236 -0.364034 -2.8519 -4.71903 -4.78487 -2.71435 -0.993505 1.14786 2.09546 1.56378 2.15029 3.29228 4.58931 5.21936 5.07765 4.24067 4.12869 3.20822 4.12432 4.20801 3.79035 3.43005 3.58198 4.12501 4.33519 5.19071 5.4014 5.44257 5.45363 5.46168 5.46261 5.46238 5.45629 5.45205 5.44494 5.41148 1.14263 -2.17675 -9999 -9999 -9999 -9999 -9999 -9999
-9999 -9999 -9999 -9999 6.80492 7.01921 7.5785 9.01086 9.76066 10.0661 10.0591 10.2024 9.96006 9.17696 8.37336 7.61587 6.6381 7.20528 8.69739 9.57952 9.68505 7.96606 8.87046 8.54051 7.88407 5.95538 4.5354 3.78511 1.52077 -0.418071 -2.07148 -4.35653 -3.37232 -2.28895 -0.898755 1.43732 3.01504 3.66626 3.12881 3.86106 5.35278 5.36664 4.55942 4.61804 4.12887 2.86889 4.19264 4.56932 4.27616 4.35934 4.25406 4.45942 4.82917 5.18295 5.41968 5.45556 5.46364 5.46051 5.46461 5.46981 5.45797 5.46395 5.45683 5.44006 2.68648 -2.23812 -9999 -9999 -9999 -9999 -9999 -9999
-9999 -9999 -9999 -9999 -9999 6.06135 7.33431 9.23492 9.70712 9.66731 10.0625 10.0999 9.72612 9.40235 8.42588 7.09046 4.5215 5.18246 6.55639 8.53534 9.57826 9.44433 8.87408 7.87804 5.45909 3.34279 3.09087 2.74909 1.09811 -0.393882 -2.2326 -1.15931 0.0157757 1.30081 1.97818 1.80816 3.16077 4.26455 3.80306 4.70013 5.74593 5.27976 5.00647 4.77814 4.21187 4.18334 4.24914 5.00348 4.49158 4.81557 4.82981 4.81713 4.99957 5.20868 5.42798 5.46764 5.4725 5.48043 5.45988 5.47313 5.46542 5.45804 5.45186 5.43819 5.19375 2.54366 0.962035 -9999 -9999 -9999 -9999 -9999
-9999 -9999 -9999 -9999 -9999 4.89025 5.5265 7.77704 8.47231 9.46874 9.99952 10.0275 9.39395 9.04301 7.58568 7.11627 4.74015 3.66791 4.58829 4.24388 6.96679 9.37709 8.86053 4.01343 2.2617 1.0139 1.34183 1.35062 0.89511 -1.64818 -2.34535 -0.0584737 1.3832 2.50121 3.35039 3.53092 3.50662 5.23031 5.46395 6.02766 5.91166 5.969 5.10693 4.57575 5.05076 4.51578 4.42944 5.20856 4.45315 5.14764 5.07268 4.87129 4.86563 5.3242 5.42077 5.4737 5.48088 5.46747 5.44896 5.44047 5.45985 5.45786 5.43776 5.44425 5.42491 5.11448 3.74579 3.27125 3.80945 -9999 -9999 -9999
-9999 -9999 -9999 -9999 -9999 -9999 3.43137 6.55813 7.9865 8.73984 9.79929 9.93044 9.59489 8.98469 7.50058 6.19613 4.07256 1.64676 0.366107 4.22543 7.58532 9.34192 9.11863 5.08489 3.49663 3.42877 4.37378 3.58725 2.99196 1.06051 0.487206 -0.31196 0.188814 1.74487 3.01724 4.24456 5.13811 5.21537 5.79689 6.13411 6.16664 6.27595 6.17962 6.10219 5.2707 5.85535 5.37065 5.63731 5.47563 5.33016 5.20633 4.73257 5.07627 5.38103 5.46302 5.49073 5.47692 5.47695 5.46852 5.44474 5.43693 5.43985 5.44206 5.43193 5.43707 5.42772 5.2794 4.45826 3.35701 1.96418 -9999 -9999
-9999 -9999 -9999 -9999 -9999 -9999 1.8718 4.98346 6.48267 8.41451 9.40862 9.81604 9.76726 9.27369 8.14716 6.44935 5.03589 2.32728 -0.485246 3.56638 7.17649 9.1269 9.23613 5.84796 6.79538 6.04079 6.35374 4.96698 4.39421 3.94199 2.94759 1.85946 0.66751 0.0401144 2.8904 4.35624 5.5367 6.09576 6.41383 6.57501 6.49742 6.28953 5.0315 6.00058 5.95491 5.86494 5.76093 5.71368 5.61986 5.50817 5.44523 5.42585 5.11283 5.47791 5.47356 5.48268 5.48854 5.48327 5.4695 5.45806 5.44303 5.44786 5.44113 5.43389 5.43064 5.43181 5.42722 5.38743 5.17344 3.30096 2.18323 1.87421
-9999 -9999 -9999 -9999 -9999 -9999 -2.49557 2.03018 5.66363 7.56593 9.11561 9.54438 9.70732 9.04368 8.54855 7.33285 6.182 4.40405 1.73863 0.0995786 3.13581 7.54366 9.17385 9.05391 8.95848 8.08502 7.29842 7.20423 7.26959 6.3522 5.01224 3.26127 2.71884 2.10815 4.23234 4.52448 4.37419 6.70902 6.71888 6.59103 5.70414 4.7133 4.90808 4.29677 4.77557 4.04471 4.72774 5.31893 5.5433 5.53081 5.45952 5.4547 5.42449 5.49075 5.49401 5.48813 5.48453 5.48449 5.4799 5.457 5.44592 5.46013 5.44635 5.43743 5.42998 5.43383 5.43426 5.40614 5.38111 5.09785 4.66917 3.84732
-9999 -9999 -9999 -9999 -9999 -9999 -2.30406 1.50132 4.73173 6.67169 8.53649 8.9725 9.60478 9.47373 8.95493 7.89879 6.57824 5.11579 2.82975 1.13209 3.16269 6.09416 8.19282 8.9497 8.94919 8.90475 8.71171 8.63354 8.4078 8.24782 7.2894 5.63609 4.70366 3.33653 5.70326 5.97284 5.60781 6.79106 6.73634 4.95814 3.59208 3.42605 4.27014 3.48009 3.34552 2.85685 3.42204 4.9273 4.49473 4.58664 5.27297 5.38987 5.4651 5.48884 5.4884 5.48937 5.482 5.48793 5.49384 5.47146 5.46347 5.46183 5.44055 5.44053 5.42756 5.4201 5.41423 5.40154 5.3791 5.30237 5.21746 5.31772
-9999 -9999 -9999 -9999 -9999 -9999 -2.2286 0.333257 3.24083 6.09535 8.08662 8.89249 9.4805 9.47874 8.87496 8.35226 7.52615 6.24006 5.3595 3.82734 1.72288 5.26503 6.35918 7.33372 7.74474 8.75954 8.74064 8.28401 7.75173 8.25542 8.11482 6.80686 6.38001 5.65574 6.9741 6.98166 6.9496 6.88352 5.38184 3.29291 1.62424 2.83312 2.58643 3.14768 1.44046 2.8551 3.99453 4.36783 3.6039 3.03734 4.81191 5.10845 5.28724 5.40331 5.48101 5.46762 5.49 5.48392 5.48309 5.48179 5.47109 5.46643 5.45568 5.44467 5.43436 5.42887 5.41401 5.39406 5.39781 5.36017 5.34832 5.33864
-9999 -9999 -9999 -9999 -9999 -9999 -9999 -1.17953 2.50586 5.79658 7.6307 8.78588 9.35099 9.34535 9.03884 8.6853 8.17466 7.24796 6.08277 4.23896 2.8716 3.74787 4.8204 4.94664 5.65913 7.71479 8.42073 7.43371 4.98332 6.4382 8.05888 8.0377 7.90476 7.75535 7.56209 7.38873 7.00403 5.96614 2.77745 2.15414 0.906242 1.05341 0.415751 1.82808 1.30854 2.75564 3.38576 3.62687 2.29889 2.58775 4.15803 4.78285 4.6846 5.06977 5.43797 5.45444 5.46938 5.46452 5.4769 5.4844 5.48301 5.47098 5.46376 5.45981 5.43508 5.44377 5.33033 5.25858 5.10768 5.3068 5.33088 5.34625
-9999 -9999 -9999 -9999 -9999 -9999 -9999 -1.91304 1.76473 5.6395 6.88669 8.13175 9.207 9.23246 8.76171 8.31424 7.85321 7.32773 5.91349 4.54235 3.23366 2.79787 3.06787 3.05837 4.20755 6.88389 7.40655 7.19147 4.63326 3.77103 5.93439 7.75324 7.90098 7.74134 5.61157 6.07089 4.92409 3.36709 2.94203 2.2633 0.823723 1.52394 0.470928 0.92961 0.817651 1.64137 2.04566 3.02437 1.8676 1.87987 3.42166 4.20233 4.22663 5.04563 5.34074 5.42162 5.44558 5.46415 5.47254 5.49031 5.48787 5.48104 5.47042 5.43687 5.34963 5.06964 3.53141 3.53889 3.96841 4.37524 5.11181 5.32173
-9999 -9999 -9999 -9999 -9999 -9999 -9999 -1.49097 1.06258 4.50131 7.04977 7.21427 8.45572 9.09882 8.5866 8.00929 7.41856 7.16306 5.62357 3.93213 2.5666 0.949449 1.22207 2.39245 4.30917 6.03988 6.35387 6.00273 4.63411 5.28845 6.7655 7.55215 7.78761 7.61109 7.15103 6.8872 6.04402 5.68129 4.50844 2.67191 1.95154 2.41584 0.466006 0.607686 1.33566 0.57743 1.84856 2.45955 0.964166 2.1626 3.52759 4.22785 4.84069 5.13336 5.25297 5.43377 5.44335 5.46311 5.47616 5.47863 5.48362 5.46022 5.44176 5.28292 5.0462 3.61156 3.01786 3.14102 3.81216 4.40056 5.01663 5.27163
-9999 -9999 -9999 -9999 -9999 -9999 -9999 -1.05968 1.23997 4.22227 6.04064 6.36985 7.74612 8.97047 8.83901 8.23826 8.05868 7.43597 6.13117 4.68952 3.1134 2.34997 0.588041 2.33362 3.72199 5.18846 5.87744 4.75393 4.19262 5.20178 6.20498 6.60877 7.62171 7.61719 7.2937 5.88257 5.19696 5.49372 5.20197 4.68737 3.42484 3.37337 2.5642 2.23201 1.91857 0.893375 1.55852 1.62966 1.81355 3.25074 3.96355 4.43783 4.86964 4.98668 5.17725 5.42303 5.44921 5.46283 5.46671 5.47619 5.46346 5.39995 5.34721 5.02236 4.44343 3.35881 1.59904 2.84933 4.15653 4.54998 4.93494 5.13666
-9999 -9999 -9999 -9999 -9999 -9999 -9999 -1.4542 0.988575 3.53817 4.60692 4.79234 7.27939 8.80412 8.8116 8.52943 8.19907 6.65375 6.74987 6.445 5.02383 2.95142 0.674922 0.89456 2.26119 4.201 4.84497 2.98403 2.33017 2.82086 4.3351 5.69103 7.10649 7.46983 7.06117 4.86189 2.52438 3.61584 4.78173 4.7803 4.44472 3.27426 2.90604 2.57321 1.72066 0.274372 0.496146 0.905045 2.53592 3.05455 3.85305 4.51705 4.27362 4.42395 5.05932 5.42599 5.4446 5.456 5.47284 5.46945 5.45277 5.32128 5.18174 4.94421 3.42663 2.48483 1.11317 2.72097 3.61361 4.09239 4.94245 5.14897
-9999 -9999 -9999 -9999 -9999 -9999 -9999 -2.21263 -0.438567 1.99866 2.9838 4.55237 6.90295 8.06159 8.61958 8.6124 8.39397 7.70488 7.29271 6.47552 4.99701 2.97345 0.72355 -0.739116 0.0130315 2.62125 3.24361 1.52527 0.65565 1.75141 3.36484 5.7511 7.11672 7.30564 7.18776 6.73831 5.03312 2.97183 2.98392 4.02536 3.16328 2.1605 2.71992 2.62242 1.78066 1.16978 0.80366 1.04331 1.97609 2.3638 3.28543 4.64327 4.84208 4.80871 5.38325 5.41673 5.43499 5.4614 5.46561 5.46524 5.45298 5.34661 5.10231 4.09375 3.21486 1.99025 1.84305 3.27563 3.90455 4.49119 4.91063 5.0506
-9999 -9999 -9999 -9999 -9999 -9999 -9999 -3.51596 -1.42944 0.854064 2.99252 5.016 6.75823 6.89747 7.81875 7.82267 8.30789 8.17558 7.53736 6.85006 5.57705 2.97616 0.7901 -1.59444 -0.958514 1.69627 2.05274 0.905291 -1.21963 0.986098 3.4179 5.62229 6.81802 5.89011 6.85173 6.77833 6.14262 4.91763 3.0101 3.05136 1.62312 1.56585 2.30708 2.55113 2.43366 1.97639 1.24393 1.3798 1.94883 2.09692 2.9443 3.99878 5.02978 5.20721 5.4079 5.4213 5.42945 5.45036 5.45729 5.44075 5.39308 5.28155 4.43677 3.43118 2.81353 1.96166 1.86246 3.51386 4.17478 4.54547 4.90839 5.05453
-9999 -9999 -9999 -9999 -9999 -9999 -9999 -9999 -1.64657 0.712419 2.45927 2.9333 4.48248 5.32132 5.97162 6.11975 7.96615 8.07293 7.67036 7.03959 5.9548 3.98267 2.61041 0.323552 -1.31851 -0.632132 -0.307839 0.303659 0.130902 1.11782 3.45495 5.88951 6.1599 4.62214 4.85589 5.18391 5.91262 5.55062 2.94963 1.63063 0.536626 1.32236 2.14869 2.3525 2.39737 2.24403 2.06692 1.76355 2.86708 3.68492 3.87837 4.59208 5.12032 5.26982 5.38367 5.40209 5.42072 5.42587 5.4003 5.38305 5.25656 4.96709 4.02149 1.74076 1.85211 1.60951 0.903164 2.51462 3.5356 4.44778 4.93462 5.06372
-9999 -9999 -9999 -9999 -9999 -9999 -9999 -9999 -2.43407 0.29462 0.874959 0.837221 -0.0595188 0.360639 3.70871 4.38702 6.15806 7.83541 7.71813 7.09954 6.0851 4.91301 3.09523 0.522731 -1.52005 -2.3772 -0.165408 2.00989 2.46291 3.16003 4.59442 4.8715 3.29995 1.82643 2.662 3.16729 5.07798 5.43078 5.06534 3.5001 1.70973 0.77749 1.88863 2.0414 2.11272 2.13082 2.10116 2.06358 3.31217 4.00247 4.48283 4.74663 5.20089 5.32085 5.36265 5.40227 5.39912 5.38088 5.31479 5.23893 4.8884 4.463 2.91102 1.61783 0.813092 -0.209662 2.10989 2.80057 3.75944 4.37872 4.86287 4.97242
