Test_Spring_2018b/02_18/Temp/20180223_008.txt
ncols	170
nrows	115
xllcorner	350000.000000
yllcorner	4445000.000000
cellsize	1000.000000
nodata_value	-9999.000000
[rows 32 to 63 of 115, columns 72 to 143 of 170]
11.1323 10.8049 11.3056 11.7663 11.4723 11.2762 12.0322 12.0294 11.7672 11.1549 10.9289 10.6948 10.5506 9.76627 7.56917 5.58825 6.6464 6.66921 5.93348 7.24549 6.54792 4.7328 2.17154 3.55801 3.19223 1.36069 0.901285 -9999 -9999 -9999 -9999 -9999 -9999 -9999 -9999 -9999 -9999 -9999 -9999 -9999 -9999 -9999 -9999 -9999 -9999 -9999 -9999 -9999 -9999 -9999 -9999 -9999 -9999 -9999 -9999 -9999 -9999 -9999 -9999 -9999 -9999 -9999 -9999 -9999 -9999 -9999 -9999 -9999 -9999 -9999 -9999 -9999
10.6973 10.5556 11.3009 11.2831 11.2263 11.4856 11.9534 12.0449 11.9412 11.6728 11.4403 11.1932 10.5696 9.67262 7.79195 5.53743 5.02439 6.12446 6.17487 6.34935 5.71342 4.91516 3.66791 4.68289 5.07466 3.8693 2.29179 1.27753 -9999 -9999 -9999 -9999 -9999 -9999 -9999 -9999 -9999 -9999 -9999 -9999 -9999 -9999 -9999 -9999 -9999 -9999 -9999 -9999 -9999 -9999 -9999 -9999 -9999 -9999 -9999 -9999 -9999 -9999 -9999 -9999 -9999 -9999 -9999 -9999 -9999 -9999 -9999 -9999 -9999 -9999 -9999 -9999
10.1785 9.45194 9.90035 10.2364 10.8464 11.0032 11.0944 11.9831 11.9335 11.8898 11.507 11.2005 10.6942 9.83081 8.60242 7.12376 4.5506 6.13364 7.37256 7.33814 7.2673 6.70718 5.50887 6.5051 6.54831 5.00447 3.25514 2.23156 1.80597 -9999 -9999 -9999 -9999 -9999 -9999 -9999 -9999 -9999 -9999 -9999 -9999 -9999 -9999 -9999 -9999 -9999 -9999 -9999 -9999 -9999 -9999 -9999 -9999 -9999 -9999 -9999 -9999 -9999 -9999 -9999 -9999 -9999 -9999 -9999 -9999 -9999 -9999 -9999 -9999 -9999 -9999 -9999
9.58889 8.70178 9.15294 9.75551 10.5996 11.0298 11.3617 11.6256 11.895 11.8606 11.4688 10.3162 10.1499 10.0981 9.29403 7.60861 5.92531 5.48755 7.37886 7.91827 7.80499 8.22478 7.20919 7.68404 7.48416 6.93196 5.24643 3.71626 3.08364 1.83742 -9999 -9999 -9999 -9999 -9999 -9999 -9999 -9999 -9999 -9999 -9999 -9999 -9999 -9999 -9999 -9999 -9999 -9999 -9999 -9999 -9999 -9999 -9999 -9999 -9999 -9999 -9999 -9999 -9999 -9999 -9999 -9999 -9999 -9999 -9999 -9999 -9999 -9999 -9999 -9999 -9999 -9999
-9999 -9999 8.14371 8.95797 9.63535 10.4603 11.1754 11.5336 11.8817 11.8512 11.0704 10.6874 10.6522 10.1247 9.19673 8.61358 7.55303 6.448 6.8669 8.47922 7.75804 8.89905 8.79886 9.00547 8.2368 6.76839 4.82086 3.68097 3.11455 2.10398 -9999 -9999 -9999 -9999 -9999 -9999 -9999 -9999 -9999 -9999 -9999 -9999 -9999 -9999 -9999 -9999 -9999 -9999 -9999 -9999 -9999 -9999 -9999 -9999 -9999 -9999 -9999 -9999 -9999 -9999 -9999 -9999 -9999 -9999 -9999 -9999 -9999 -9999 -9999 -9999 -9999 -9999
-9999 -9999 -9999 8.80783 9.32289 10.4357 11.0008 11.2324 11.7953 11.7942 11.4971 11.2724 10.9473 10.5233 9.82555 9.05584 8.05834 7.9641 8.99482 9.00502 8.78635 8.95281 9.48008 9.33641 8.13972 6.08729 5.00319 2.79059 1.84685 1.93941 1.26985 -9999 -9999 -9999 -9999 -9999 -9999 -9999 -9999 -9999 -9999 -9999 -9999 3.78516 -9999 -9999 -9999 -9999 -9999 -9999 -9999 -9999 -9999 -9999 -9999 -9999 -9999 -9999 -9999 -9999 -9999 -9999 -9999 -9999 -0.313684 -9999 -9999 -9999 -9999 -9999 -9999 -9999
-9999 -9999 8.71735 9.4019 9.94153 10.638 10.6972 11.1087 11.7563 11.7634 11.5521 11.3137 10.7804 10.6469 10.2491 9.41366 9.24128 9.5772 9.73062 9.90453 10.0103 9.91904 9.70054 9.41885 8.63707 7.68485 7.04424 5.02777 4.00417 3.03051 1.55911 0.407647 -9999 -9999 -9999 -9999 -9999 -9999 -9999 3.03384 2.97669 2.9998 3.31848 4.2037 3.67738 -9999 -9999 -9999 -9999 -9999 -9999 -9999 -9999 -9999 -9999 -9999 -9999 -9999 -9999 -9999 -9999 -9999 -9999 -9999 0.490577 -0.668113 -9999 -9999 -9999 -9999 -9999 -9999
-9999 -9999 8.89795 9.62804 9.99127 10.6675 11.0533 11.2978 11.5206 11.7336 11.6953 11.4318 11.032 11.033 10.483 10.1857 9.97288 10.4281 10.5163 10.3305 10.0977 9.89117 9.31238 9.24186 9.03637 8.43004 7.43782 6.4156 4.92952 2.93285 0.975064 -0.604336 -9999 -9999 -9999 -9999 -9999 -9999 3.20446 3.94066 4.38048 3.43699 4.23711 4.9677 4.84615 4.11523 -9999 -9999 -9999 -9999 -9999 -9999 -9999 -9999 -9999 -9999 -9999 -9999 -9999 -9999 5.98137 4.7944 2.39831 1.16893 0.430217 -0.623689 -9999 -9999 -9999 -9999 -9999 -9999
-9999 -9999 8.75342 9.61605 10.1995 10.717 10.7975 11.3273 11.5515 11.6649 11.6492 11.5955 11.5205 11.0404 10.8331 10.1082 10.799 10.7711 10.5939 9.89805 9.59464 8.40063 7.87294 7.73901 8.73542 7.99016 6.43969 4.50285 2.17181 2.01012 1.2387 -0.173213 -9999 -9999 -9999 -9999 -9999 -9999 3.43581 4.22352 4.88024 4.97327 4.0349 5.3359 5.26823 4.53263 4.36128 4.95417 5.25199 5.01362 5.71972 5.92499 5.59894 5.94966 -9999 -9999 -9999 -9999 6.15013 6.19654 6.23113 5.73559 3.11819 1.32964 -0.277008 -0.433597 -9999 -9999 -9999 -9999 -9999 -9999
-9999 -9999 9.35343 9.88333 10.1498 10.1906 10.6546 11.1171 11.3964 11.6027 11.5587 11.54 11.5205 11.3555 10.974 11.0414 11.0093 10.7858 9.46377 7.92053 8.58955 7.67146 5.70522 7.28474 8.15356 7.3094 5.43128 3.2545 2.5338 2.55332 1.48173 0.105192 -9999 -9999 -9999 1.28432 2.41408 2.51139 2.84347 3.89507 4.69415 5.29395 5.70158 5.67913 5.23395 4.51377 3.73126 4.00167 5.39196 5.72653 5.99801 6.21062 5.9075 6.06072 6.4316 6.6225 6.65996 6.57069 6.54931 6.57855 6.53261 6.07027 3.72874 2.38756 1.53069 -0.196047 -9999 -9999 -9999 -9999 -9999 -9999
-9999 -9999 9.01914 9.47944 9.85161 10.4694 10.5323 10.9237 11.1539 11.4954 11.5328 11.1243 11.4594 11.415 11.3512 11.2168 11.0203 9.90441 8.36656 6.82444 6.11078 6.40734 5.22519 5.81882 6.69909 6.36904 5.21388 3.27388 2.99602 2.53727 0.732523 -0.99956 -9999 -9999 -0.906215 1.26258 2.78955 3.57676 3.81977 3.84166 4.84911 4.92557 6.00895 5.74588 4.29744 4.45296 3.88417 4.23965 4.7438 4.87816 5.60313 6.30439 6.43454 6.4346 6.66986 6.7168 6.72788 6.7205 6.55829 6.631 6.64116 6.35248 4.6557 3.82701 2.90999 -0.169465 -9999 -9999 -9999 -9999 -9999 -9999
-9999 -9999 9.25526 9.76987 10.3337 10.4224 10.8395 10.7933 10.67 11.2535 11.4627 11.174 10.9661 11.3464 11.3192 11.2679 11.1836 10.1351 8.92149 7.08447 5.9416 5.23821 4.73871 4.06484 4.51395 4.36889 4.17648 4.38521 3.84649 2.77621 1.72063 -0.254376 -1.3211 -9999 -0.787498 0.19098 2.00747 3.55104 4.53038 4.1765 5.32246 5.53259 6.18763 5.794 4.91008 4.52615 4.48605 4.36465 5.13115 5.64145 5.99677 6.23719 6.53645 6.61101 6.68661 6.71737 6.73377 6.75075 6.74599 6.73909 6.70384 6.59463 5.81364 4.98348 3.19781 -0.0651951 -9999 -9999 -9999 -9999 -9999 -9999
-9999 7.75504 9.19743 10.0624 10.3951 10.6343 10.8449 10.9967 11.1554 11.3047 11.4075 11.3589 10.5971 10.6586 10.7948 11.2261 11.1945 11.0988 10.4346 8.1998 7.42319 6.29017 4.82534 4.20387 4.5028 5.69354 5.63393 4.83528 3.94622 2.71585 1.93295 0.722709 -1.59936 -1.39246 -0.349758 0.426297 1.66094 3.54814 4.87064 5.4598 5.6808 6.14027 6.3779 5.83719 5.31883 5.09863 4.69634 4.63339 4.62926 5.0895 5.44224 6.24495 6.51346 6.6331 6.69439 6.72696 6.75075 6.77454 6.78252 6.76642 6.76654 6.75914 6.69806 5.59743 2.84496 0.770391 -9999 -9999 -9999 -9999 -9999 -9999
-9999 -9999 8.93093 9.30911 9.40522 9.57643 9.9311 10.3408 10.9222 10.9951 11.3156 11.3124 10.6544 9.89671 10.556 10.8177 11.0887 11.0959 11.0091 9.12784 8.14287 7.36594 5.96097 6.45473 6.92812 6.95806 6.66211 4.95631 3.25771 1.29681 -0.530798 -0.621687 -1.60684 -1.09094 -0.402264 1.36735 2.61281 3.11771 3.47993 5.39767 5.89294 6.05892 6.54543 5.86998 5.68927 5.17866 5.32086 5.26927 5.26471 3.86292 5.25038 5.3276 6.23435 6.63856 6.72793 6.75177 6.77789 6.78178 6.78684 6.78243 6.79121 6.77501 6.75697 6.04062 2.55277 0.798295 -9999 -9999 -9999 -9999 -9999 -9999
-9999 -9999 -9999 -9999 9.04579 9.33337 9.51656 9.83658 10.8234 11.088 11.2635 11.2773 10.9841 10.2333 10.0358 10.1731 9.44126 10.052 10.8865 10.8629 10.7578 9.10408 8.25047 9.0611 8.80616 7.55953 6.57701 5.60738 3.61953 2.15957 0.0655496 -1.50725 -1.56929 0.160234 1.59616 3.38705 4.17739 3.72758 4.21445 5.16439 6.24427 6.76399 6.63578 5.92386 5.81379 5.02999 5.78526 5.84276 5.48017 5.16598 5.27652 5.72166 5.88879 6.59788 6.76756 6.79499 6.79978 6.80249 6.79943 6.79533 6.78474 6.77598 6.76416 6.72957 3.14438 0.352642 -9999 -9999 -9999 -9999 -9999 -9999
-9999 -9999 -9999 -9999 8.35925 8.53287 8.99585 10.1909 10.8138 11.0649 11.0546 11.1706 10.9637 10.3037 9.62635 8.98778 8.16375 8.63373 9.8779 10.6098 10.6897 9.23949 9.98203 9.6939 9.13188 7.50345 6.30154 5.66127 3.75246 2.11436 0.719621 -1.20354 -0.385505 0.516639 1.67683 3.63023 4.94886 5.49047 5.03482 5.64248 6.88557 6.8888 6.2027 6.24131 5.81501 4.74643 5.84314 6.14597 5.88747 5.94475 5.83963 6.00158 6.30232 6.59078 6.78226 6.80651 6.80813 6.80159 6.80131 6.80135 6.78688 6.78676 6.77497 6.75439 4.43921 0.302006 -9999 -9999 -9999 -9999 -9999 -9999
-9999 -9999 -9999 -9999 -9999 7.73083 8.79195 10.3794 10.7696 10.7313 11.0581 11.0852 10.7681 10.493 9.67098 8.54793 6.39027 6.93888 8.08402 9.73523 10.6009 10.4792 9.98578 9.13934 7.10001 5.3143 5.09137 4.79343 3.39865 2.13505 0.584938 1.47656 2.45455 3.5257 4.08843 3.94162 5.07146 5.99243 5.60061 6.34645 7.2158 6.81669 6.57812 6.3762 5.88526 5.84878 5.89105 6.51035 6.06842 6.32744 6.32248 6.30159 6.44529 6.61244 6.78929 6.81669 6.81594 6.81856 6.79754 6.8046 6.79365 6.78237 6.7714 6.75344 6.54135 4.31056 2.97638 -9999 -9999 -9999 -9999 -9999
-9999 -9999 -9999 -9999 -9999 6.75005 7.2775 9.1582 9.73534 10.5655 11.0058 11.025 10.4901 10.1918 8.96685 8.56966 6.57391 5.66922 6.43426 6.13818 8.41203 10.423 9.97457 5.90045 4.42049 3.36284 3.62602 3.622 3.22929 1.08454 0.491238 2.40004 3.60143 4.53254 5.23921 5.38588 5.36169 6.80247 6.9927 7.45913 7.35473 7.39446 6.66246 6.20679 6.58867 6.12781 6.04268 6.68283 6.03691 6.60655 6.52682 6.34781 6.33385 6.7101 6.78407 6.82255 6.8235 6.80828 6.78913 6.77755 6.7893 6.78255 6.75994 6.75891 6.73554 6.46581 5.31016 4.90359 5.34563 -9999 -9999 -9999
-9999 -9999 -9999 -9999 -9999 -9999 5.52229 8.13741 9.32897 9.95535 10.8386 10.9442 10.6581 10.143 8.8954 7.79819 6.01402 3.97597 2.89451 6.12195 8.92985 10.3931 10.1905 6.79842 5.45576 5.38736 6.168 5.49758 4.9879 3.35602 2.86662 2.18883 2.60157 3.89917 4.95999 5.98449 6.72943 6.79008 7.27298 7.54772 7.56785 7.65122 7.56118 7.48602 6.77294 7.25078 6.83202 7.04292 6.8949 6.76075 6.64012 6.23295 6.5119 6.75927 6.82101 6.83754 6.82127 6.81719 6.80636 6.78275 6.77024 6.76757 6.76369 6.74878 6.74601 6.7287 6.59606 5.89913 4.96718 3.79073 -9999 -9999
-9999 -9999 -9999 -9999 -9999 -9999 4.21603 6.81851 8.06942 9.68351 10.512 10.8475 10.8026 10.3851 9.43703 8.00996 6.82085 4.54567 2.18275 5.57046 8.58612 10.2121 10.2941 7.43764 8.22068 7.57707 7.82829 6.65513 6.16461 5.77265 4.93043 4.01051 3.00348 2.47031 4.85444 6.07861 7.06378 7.52802 7.7899 7.91968 7.84622 7.66163 6.59809 7.40034 7.34606 7.25885 7.15958 7.10778 7.01702 6.91156 6.84204 6.81595 6.54462 6.84126 6.83041 6.83245 6.83251 6.82378 6.80828 6.79482 6.77821 6.77566 6.76289 6.75047 6.74078 6.73237 6.7204 6.6786 6.49055 4.91231 3.96667 3.69431
-9999 -9999 -9999 -9999 -9999 -9999 0.556462 4.3442 7.38413 8.97334 10.2651 10.6201 10.7525 10.1922 9.7731 8.74991 7.78075 6.28551 4.04584 2.66576 5.20083 8.88717 10.2412 10.1242 10.0336 9.29086 8.62092 8.53154 8.57624 7.79452 6.66141 5.18614 4.72236 4.20478 5.98008 6.22021 6.08969 8.04202 8.04533 7.93267 7.18308 6.34214 6.49692 5.97155 6.35705 5.73314 6.29403 6.77785 6.95428 6.93244 6.85603 6.84037 6.80651 6.85348 6.84969 6.83903 6.83097 6.8264 6.81833 6.79502 6.78149 6.78886 6.76906 6.75559 6.74033 6.73426 6.72674 6.69499 6.66563 6.41971 6.05192 5.34974
-9999 -9999 -9999 -9999 -9999 -9999 0.718464 3.9021 6.60421 8.22202 9.78022 10.1411 10.6667 10.5525 10.1134 9.2237 8.11213 6.88122 4.95947 3.5303 5.22536 7.67121 9.42168 10.0394 10.0257 9.97832 9.80636 9.72971 9.53069 9.38372 8.57208 7.17543 6.38736 5.23559 7.21391 7.43483 7.12399 8.1108 8.05971 6.56358 5.41227 5.26603 5.96118 5.28988 5.16123 4.73743 5.2001 6.45061 6.07521 6.14125 6.69966 6.78851 6.8417 6.85428 6.84735 6.84232 6.8309 6.83109 6.83154 6.80838 6.7972 6.79108 6.7681 6.75825 6.74087 6.7254 6.71044 6.69192 6.66504 6.59258 6.51245 6.5829
-9999 -9999 -9999 -9999 -9999 -9999 0.784914 2.92436 5.35589 7.73975 9.4038 10.0745 10.5627 10.5567 10.0461 9.60334 8.90601 7.82279 7.07902 5.78858 4.0179 6.97942 7.88413 8.68437 9.01887 9.85936 9.8334 9.44068 8.97858 9.39203 9.26178 8.15827 7.79388 7.18074 8.28011 8.28111 8.24903 8.18839 6.92424 5.16747 3.76241 4.76857 4.55402 5.01054 3.56386 4.73834 5.68243 5.98422 5.33021 4.84489 6.3155 6.55313 6.69505 6.7851 6.84364 6.82646 6.83978 6.82965 6.82418 6.81841 6.8047 6.79585 6.78155 6.76662 6.74679 6.73302 6.71323 6.68858 6.68371 6.6419 6.62408 6.6024
-9999 -9999 -9999 -9999 -9999 -9999 -9999 1.65979 4.73889 7.49167 9.02376 9.98695 10.4557 10.4461 10.1844 9.88318 9.45007 8.66794 7.68553 6.13386 4.98103 5.70819 6.59424 6.68296 7.27076 8.98417 9.56626 8.72947 6.66209 7.86737 9.21781 9.19266 9.07438 8.94277 8.774 8.62309 8.29514 7.41967 4.74128 4.21331 3.16076 3.27694 2.73468 3.90371 3.45213 4.65494 5.17271 5.36432 4.24081 4.46481 5.76875 6.28389 6.19358 6.50906 6.81004 6.81779 6.82471 6.81537 6.82072 6.82206 6.81591 6.80128 6.78979 6.78068 6.74795 6.7459 6.64359 6.57598 6.44184 6.60099 6.61345 6.61198
-9999 -9999 -9999 -9999 -9999 -9999 -9999 1.04183 4.11884 7.36108 8.40112 9.43952 10.3357 10.352 9.95241 9.57225 9.18054 8.73458 7.54335 6.38785 5.28426 4.91185 5.13055 5.09993 6.05419 8.28831 8.71724 8.52791 6.36416 5.63322 7.43867 8.95582 9.07273 8.93242 7.14115 7.52019 6.55315 5.24227 4.87997 4.30476 3.09146 3.67117 2.78086 3.15707 3.04027 3.72106 4.05008 4.86047 3.88101 3.8734 5.15349 5.79955 5.81215 6.49136 6.73198 6.79352 6.80776 6.81781 6.81955 6.82924 6.82197 6.8109 6.79643 6.76245 6.68313 6.43546 5.13652 5.13562 5.4883 5.82191 6.42481 6.59344
-9999 -9999 -9999 -9999 -9999 -9999 -9999 1.39688 3.53157 6.40828 8.53891 8.6715 9.70681 10.2407 9.80613 9.31697 8.81641 8.59661 7.30033 5.87636 4.72519 3.36273 3.58382 4.55701 6.13962 7.58154 7.83598 7.53299 6.36597 6.90638 8.13672 8.78876 8.97917 8.82461 8.43267 8.20538 7.49258 7.18246 6.19318 4.6474 4.03682 4.41879 2.77688 2.88756 3.48923 2.82949 3.88554 4.3882 3.12541 4.1084 5.24408 5.82301 6.32908 6.56725 6.6608 6.80603 6.8081 6.81897 6.8244 6.82106 6.81983 6.79471 6.77356 6.63451 6.42993 5.22101 4.7069 4.80322 5.35872 5.84484 6.34608 6.55343
-9999 -9999 -9999 -9999 -9999 -9999 -9999 1.75976 3.68161 6.17571 7.69433 7.96486 9.11306 10.1339 10.0184 9.50945 9.35339 8.82571 7.72607 6.51145 5.18381 4.537 3.05295 4.50847 5.64788 6.86867 7.43776 6.47558 5.997 6.83498 7.66827 7.99945 8.84151 8.83103 8.55343 7.36434 6.78343 7.02588 6.77494 6.33703 5.27196 5.22162 4.53585 4.2495 3.97851 3.09462 3.64315 3.69374 3.83433 5.02181 5.61115 6.0009 6.35541 6.44646 6.5995 6.79916 6.81506 6.82065 6.81824 6.82061 6.80436 6.74549 6.69552 6.4173 5.92591 5.01045 3.51859 4.55986 5.64876 5.9704 6.27929 6.44223
-9999 -9999 -9999 -9999 -9999 -9999 -9999 1.43062 3.47238 5.60375 6.494 6.64394 8.72304 9.99559 9.99639 9.75434 9.47179 8.17072 8.24523 7.9834 6.78565 5.04176 3.12653 3.30321 4.4312 6.04188 6.5735 4.99298 4.43701 4.84057 6.10228 7.23156 8.41098 8.70878 8.35968 6.50988 4.54426 5.45267 6.42334 6.41545 6.12726 5.13902 4.82289 4.53612 3.81343 2.58491 2.75346 3.08747 4.43208 4.85866 5.52006 6.069 5.85768 5.97672 6.5026 6.80357 6.81306 6.8167 6.82503 6.81649 6.79682 6.68087 6.55808 6.35302 5.07491 4.27922 3.11983 4.45343 5.19508 5.58078 6.28723 6.4544
-9999 -9999 -9999 -9999 -9999 -9999 -9999 0.796559 2.2778 4.31494 5.13505 6.44422 8.40888 9.37449 9.83663 9.82499 9.63616 9.05268 8.70111 8.00982 6.76401 5.06109 3.16821 1.93494 2.55785 4.71875 5.22433 3.77121 3.03452 3.94533 5.29025 7.28314 8.42079 8.57236 8.46694 8.08369 6.64797 4.91375 4.91726 5.78339 5.05386 4.20616 4.66757 4.57812 3.8646 3.34438 3.01201 3.19924 3.96385 4.28089 5.04566 6.17629 6.33574 6.30088 6.77582 6.79751 6.80666 6.82282 6.8205 6.8144 6.79835 6.7034 6.49276 5.64143 4.89867 3.866 3.73625 4.9195 5.43858 5.91648 6.26217 6.37372
-9999 -9999 -9999 -9999 -9999 -9999 -9999 -0.294101 1.44897 3.35722 5.14396 6.83437 8.28909 8.40023 9.16681 9.1644 9.56528 9.44842 8.90732 8.32487 7.25127 5.06443 3.22507 1.21914 1.74469 3.95204 4.22216 3.25253 1.46376 3.30496 5.33584 7.17633 8.17159 7.38707 8.18641 8.11831 7.57894 6.54561 4.94012 4.96789 3.76379 3.70856 4.32237 4.51922 4.41283 4.02144 3.39107 3.48202 3.94198 4.0583 4.76093 5.63739 6.49444 6.6363 6.79793 6.8028 6.80347 6.81499 6.81491 6.79521 6.74944 6.65012 5.93615 5.08732 4.56353 3.84333 3.75388 5.12824 5.66626 5.96341 6.26185 6.37869
-9999 -9999 -9999 -9999 -9999 -9999 -9999 -9999 1.26874 3.24021 4.69869 5.0904 6.38329 7.08078 7.6202 7.73864 9.28037 9.36386 9.02022 8.4851 7.56919 5.90932 4.75201 2.82791 1.4441 1.99327 2.24462 2.74928 2.59675 3.4164 5.36796 7.40138 7.62107 6.3254 6.51466 6.78302 7.38723 7.07722 4.89047 3.77809 2.85411 3.50544 4.19056 4.35367 4.38335 4.24672 4.07623 3.79557 4.71258 5.3903 5.54488 6.13576 6.57144 6.68994 6.7788 6.78791 6.79737 6.79568 6.76835 6.74806 6.63621 6.38774 5.58927 3.67165 3.75891 3.5494 2.9511 4.2929 5.12411 5.88293 6.28533 6.38797
-9999 -9999 -9999 -9999 -9999 -9999 -9999 -9999 0.610489 2.8918 3.37253 3.33529 2.57811 2.92469 5.72529 6.2881 7.76665 9.1665 9.06193 8.53696 7.67993 6.69053 5.1597 2.99609 1.27632 0.5369 2.37333 4.18043 4.55236 5.12909 6.32399 6.54911 5.22496 3.98317 4.67689 5.09386 6.6888 6.97793 6.66494 5.34617 3.8385 3.04985 3.97365 4.09393 4.14572 4.15271 4.11297 4.05805 5.08657 5.65735 6.05239 6.26617 6.63985 6.73361 6.76211 6.789 6.78024 6.75899 6.69773 6.62833 6.32873 5.96633 4.65963 3.56975 2.88918 2.02578 3.9637 4.53368 5.32141 5.82642 6.2266 6.31292
