Test_Spring_2018b/02_18/Temp/20180201_008.txt
ncols	170
nrows	115
xllcorner	350000.000000
yllcorner	4445000.000000
cellsize	1000.000000
nodata_value	-9999.000000
[rows 32 to 63 of 115, columns 72 to 143 of 170]
9.37016 9.06495 9.52754 9.95311 9.67941 9.49802 10.1968 10.1931 9.94874 9.37977 9.16898 8.95065 8.8157 8.08718 6.04871 4.21073 5.19076 5.21085 4.52765 5.7433 5.09567 3.41189 1.03635 2.32143 1.98181 0.292248 -0.127674 -9999 -9999 -9999 -9999 -9999 -9999 -9999 -9999 -9999 -9999 -9999 -9999 -9999 -9999 -9999 -9999 -9999 -9999 -9999 -9999 -9999 -9999 -9999 -9999 -9999 -9999 -9999 -9999 -9999 -9999 -9999 -9999 -9999 -9999 -9999 -9999 -9999 -9999 -9999 -9999 -9999 -9999 -9999 -9999 -9999
8.96369 8.83065 9.52004 9.50193 9.45007 9.68896 10.1206 10.2042 10.1068 9.85669 9.63984 9.4095 8.83004 7.99706 6.25201 4.16035 3.68352 4.70251 4.74827 4.90916 4.3187 3.57781 2.42067 3.36127 3.72407 2.61293 1.15866 0.220352 -9999 -9999 -9999 -9999 -9999 -9999 -9999 -9999 -9999 -9999 -9999 -9999 -9999 -9999 -9999 -9999 -9999 -9999 -9999 -9999 -9999 -9999 -9999 -9999 -9999 -9999 -9999 -9999 -9999 -9999 -9999 -9999 -9999 -9999 -9999 -9999 -9999 -9999 -9999 -9999 -9999 -9999 -9999 -9999
8.47943 7.80403 8.21816 8.52817 9.0962 9.23747 9.32079 10.1436 10.0963 10.0546 9.6984 9.41296 8.9422 8.14038 7.00015 5.6279 3.24083 4.70767 5.85551 5.82272 5.75625 5.23619 4.12445 5.04767 5.08726 3.66831 2.05084 1.10181 0.70721 -9999 -9999 -9999 -9999 -9999 -9999 -9999 -9999 -9999 -9999 -9999 -9999 -9999 -9999 -9999 -9999 -9999 -9999 -9999 -9999 -9999 -9999 -9999 -9999 -9999 -9999 -9999 -9999 -9999 -9999 -9999 -9999 -9999 -9999 -9999 -9999 -9999 -9999 -9999 -9999 -9999 -9999 -9999
7.92936 7.10513 7.52184 8.07895 8.86196 9.26078 9.56532 9.80885 10.0574 10.0242 9.65962 8.58958 8.43407 8.38481 7.63799 6.07401 4.51207 4.10513 5.85791 6.35723 6.25144 6.64003 5.69775 6.13756 5.95178 5.44631 3.89132 2.47522 1.88866 0.733071 -9999 -9999 -9999 -9999 -9999 -9999 -9999 -9999 -9999 -9999 -9999 -9999 -9999 -9999 -9999 -9999 -9999 -9999 -9999 -9999 -9999 -9999 -9999 -9999 -9999 -9999 -9999 -9999 -9999 -9999 -9999 -9999 -9999 -9999 -9999 -9999 -9999 -9999 -9999 -9999 -9999 -9999
-9999 -9999 6.5827 7.33797 7.96355 8.72942 9.38925 9.72021 10.0417 10.0121 9.28673 8.93033 8.8963 8.40587 7.54421 7.0023 6.0178 4.99215 5.37965 6.87386 6.20443 7.26183 7.1684 7.35954 6.64641 5.29291 3.49333 2.43914 1.91398 0.976888 -9999 -9999 -9999 -9999 -9999 -9999 -9999 -9999 -9999 -9999 -9999 -9999 -9999 -9999 -9999 -9999 -9999 -9999 -9999 -9999 -9999 -9999 -9999 -9999 -9999 -9999 -9999 -9999 -9999 -9999 -9999 -9999 -9999 -9999 -9999 -9999 -9999 -9999 -9999 -9999 -9999 -9999
-9999 -9999 -9999 7.19544 7.67058 8.70101 9.22405 9.43751 9.95816 9.95583 9.67896 9.46922 9.16641 8.77195 8.12365 7.40873 6.48268 6.39428 7.34912 7.35779 7.15438 7.30818 7.79666 7.66307 6.55985 4.65812 3.653 1.61011 0.735104 0.820886 0.199889 -9999 -9999 -9999 -9999 -9999 -9999 -9999 -9999 -9999 -9999 -9999 -9999 2.53701 -9999 -9999 -9999 -9999 -9999 -9999 -9999 -9999 -9999 -9999 -9999 -9999 -9999 -9999 -9999 -9999 -9999 -9999 -9999 -9999 -1.21051 -9999 -9999 -9999 -9999 -9999 -9999 -9999
-9999 -9999 7.10782 7.74192 8.24094 8.88536 8.94101 9.31949 9.91861 9.92386 9.72648 9.50401 9.00805 8.88291 8.51265 7.73677 7.57579 7.88626 8.02764 8.18818 8.2857 8.20057 7.99761 7.73616 7.01887 6.13618 5.54241 3.67861 2.73203 1.82916 0.46462 -0.603394 -9999 -9999 -9999 -9999 -9999 -9999 -9999 1.83079 1.77873 1.80147 2.09863 2.92145 2.43572 -9999 -9999 -9999 -9999 -9999 -9999 -9999 -9999 -9999 -9999 -9999 -9999 -9999 -9999 -9999 -9999 -9999 -9999 -9999 -0.467716 -1.54071 -9999 -9999 -9999 -9999 -9999 -9999
-9999 -9999 7.27255 7.94828 8.28379 8.9095 9.2658 9.49142 9.69667 9.89277 9.85579 9.60992 9.23776 9.23718 8.72579 8.44884 8.25033 8.6714 8.75236 8.5794 8.36302 8.17112 7.63421 7.56869 7.38567 6.82387 5.90421 4.95665 3.58663 1.73515 -0.0804463 -1.54535 -9999 -9999 -9999 -9999 -9999 -9999 1.98391 2.66716 3.07599 2.20258 2.94636 3.62606 3.51597 2.85182 -9999 -9999 -9999 -9999 -9999 -9999 -9999 -9999 -9999 -9999 -9999 -9999 -9999 -9999 4.61737 3.51717 1.29607 0.157069 -0.526669 -1.50239 -9999 -9999 -9999 -9999 -9999 -9999
-9999 -9999 7.13514 7.93384 8.47359 8.95218 9.02538 9.51334 9.72202 9.82563 9.80952 9.75813 9.68705 9.24031 9.04665 8.37314 9.01244 8.98555 8.82045 8.17455 7.89278 6.78537 6.29596 6.17863 7.10315 6.41271 4.97558 3.18006 1.02092 0.876116 0.16051 -1.14921 -9999 -9999 -9999 -9999 -9999 -9999 2.19372 2.92473 3.53476 3.62261 2.7546 3.96351 3.9135 3.23521 3.08026 3.63397 3.91395 3.70184 4.36477 4.55746 4.25699 4.58355 -9999 -9999 -9999 -9999 4.77092 4.81389 4.84604 4.38685 1.96047 0.30299 -1.18547 -1.32351 -9999 -9999 -9999 -9999 -9999 -9999
-9999 -9999 7.68811 8.17837 8.42431 8.46081 8.88974 9.31532 9.57491 9.76444 9.72195 9.70296 9.68319 9.52862 9.1733 9.23431 9.20333 8.99504 7.76829 6.33668 6.9566 6.10557 4.28288 5.75372 6.56015 5.7782 4.03743 2.01959 1.35364 1.37641 0.382395 -0.895428 -9999 -9999 -9999 0.194165 1.241 1.33081 1.63871 2.61428 3.35622 3.9153 4.29561 4.28014 3.8775 3.21403 2.49292 2.74814 4.04163 4.35594 4.6208 4.82052 4.54142 4.68466 5.02933 5.20666 5.24135 5.1583 5.13809 5.16484 5.12205 4.6934 2.52344 1.28078 0.487633 -1.10412 -9999 -9999 -9999 -9999 -9999 -9999
-9999 -9999 7.37549 7.80128 8.14525 8.71603 8.773 9.13445 9.34491 9.66162 9.69459 9.31405 9.62305 9.58008 9.51929 9.3932 9.2096 8.17384 6.74703 5.3165 4.65442 4.92956 3.83357 4.38985 5.20699 4.903 3.83251 2.03427 1.77704 1.35345 -0.316444 -1.92329 -9999 -9999 -1.84018 0.169671 1.58461 2.31395 2.53916 2.55989 3.4951 3.5677 4.57461 4.33562 3.00244 3.15118 2.63156 2.96623 3.43959 3.56848 4.24897 4.90578 5.02844 5.02982 5.24868 5.29238 5.30241 5.29504 5.14398 5.2108 5.2198 4.95201 3.37898 2.61137 1.76646 -1.08458 -9999 -9999 -9999 -9999 -9999 -9999
-9999 -9999 7.59104 8.06726 8.58901 8.66995 9.05529 9.01039 8.89316 9.43266 9.62629 9.35671 9.16205 9.51285 9.48596 9.43677 9.35726 8.38392 7.25774 5.55382 4.49383 3.84182 3.37895 2.75997 3.17742 3.04391 2.8664 3.0607 2.56292 1.57222 0.593169 -1.23573 -2.22605 -9999 -1.73416 -0.828273 0.854898 2.28539 3.19324 2.8655 3.92919 4.12587 4.73732 4.37584 3.56627 3.21716 3.1851 3.07768 3.79346 4.27472 4.61261 4.83875 5.12148 5.19196 5.26271 5.29126 5.30601 5.32096 5.31562 5.30835 5.27501 5.17346 4.44948 3.68385 2.02973 -0.991398 -9999 -9999 -9999 -9999 -9999 -9999
-9999 6.19619 7.5342 8.33542 8.64288 8.86347 9.05735 9.19649 9.34086 9.47713 9.57077 9.52487 8.81652 8.87157 8.99603 9.3943 9.36362 9.27369 8.65698 6.58429 5.86409 4.81403 3.45617 2.88538 3.16377 4.26906 4.21486 3.47521 2.65149 1.51232 0.787299 -0.335567 -2.48755 -2.29733 -1.3322 -0.614256 0.529169 2.27812 3.50403 4.05068 4.25673 4.68574 4.9091 4.41379 3.94311 3.74437 3.37699 3.32431 3.32604 3.75807 4.09367 4.84484 5.09643 5.21102 5.26843 5.29851 5.31989 5.34089 5.34708 5.33101 5.33023 5.3229 5.26891 4.24945 1.70078 -0.218361 -9999 -9999 -9999 -9999 -9999 -9999
-9999 -9999 7.28398 7.63384 7.72197 7.87955 8.20705 8.5854 9.12161 9.1876 9.48298 9.47778 8.86636 8.16176 8.7712 9.01211 9.26197 9.26749 9.18616 7.44158 6.52822 5.80806 4.50581 4.96908 5.40941 5.4385 5.16531 3.58464 2.01039 0.193818 -1.50095 -1.58577 -2.49954 -2.02129 -1.38464 0.25437 1.40762 1.87466 2.21004 3.98855 4.44954 4.60749 5.06209 4.44006 4.28264 3.81507 3.95303 3.91134 3.91313 2.61905 3.9143 3.99 4.83403 5.21307 5.29793 5.31976 5.3431 5.34542 5.34865 5.34316 5.35019 5.33627 5.32131 4.65842 1.42633 -0.195884 -9999 -9999 -9999 -9999 -9999 -9999
-9999 -9999 -9999 -9999 7.38577 7.65127 7.81977 8.11493 9.02714 9.27076 9.43167 9.44252 9.16867 8.47066 8.28557 8.41105 7.73099 8.2962 9.06928 9.04698 8.9495 7.41643 6.62946 7.38256 7.14767 5.99321 5.08351 4.18556 2.34318 0.991105 -0.950681 -2.40961 -2.46812 -0.86577 0.46489 2.12345 2.85455 2.4362 2.88705 3.76933 4.77236 5.25699 5.14177 4.48616 4.39437 3.67384 4.38064 4.44047 4.11065 3.82539 3.93679 4.35389 4.51228 5.1722 5.3309 5.3579 5.36129 5.36233 5.35781 5.35242 5.34297 5.33478 5.32447 5.29379 1.97153 -0.6124 -9999 -9999 -9999 -9999 -9999 -9999
-9999 -9999 -9999 -9999 6.74633 6.90617 7.3341 8.44059 9.01543 9.24657 9.23512 9.3407 9.14682 8.5328 7.90284 7.30892 6.54335 6.97798 8.13088 8.80912 8.88324 7.53889 8.23188 7.96623 7.44667 5.93825 4.82519 4.2327 2.46368 0.946422 -0.346933 -2.13074 -1.37322 -0.538109 0.535995 2.34564 3.56648 4.0675 3.64471 4.20883 5.36321 5.36898 4.73657 4.77703 4.39211 3.40774 4.43136 4.71891 4.48585 4.54526 4.4568 4.61147 4.89388 5.16384 5.34278 5.36556 5.36669 5.35903 5.35697 5.35598 5.34177 5.34154 5.33124 5.31357 3.16898 -0.66248 -9999 -9999 -9999 -9999 -9999 -9999
-9999 -9999 -9999 -9999 -9999 6.15971 7.14225 8.6126 8.97166 8.93444 9.23555 9.25876 8.96263 8.70558 7.94139 6.89826 4.89605 5.40359 6.46464 7.99534 8.798 8.68552 8.23245 7.44911 5.55973 3.90548 3.7002 3.42515 2.13278 0.962782 -0.474628 0.351583 1.25742 2.24925 2.76934 2.63137 3.67723 4.52995 4.16627 4.8585 5.66633 5.29904 5.08161 4.89907 4.45423 4.42693 4.4729 5.05396 4.65089 4.89745 4.90191 4.88711 5.02394 5.18146 5.34685 5.37256 5.37117 5.3721 5.35093 5.35612 5.34513 5.33452 5.32497 5.30972 5.11523 3.05151 1.81795 -9999 -9999 -9999 -9999 -9999
-9999 -9999 -9999 -9999 -9999 5.24758 5.73527 7.47756 8.00992 8.778 9.18439 9.20024 8.70217 8.42373 7.28589 6.91581 5.0637 4.22375 4.93234 4.65739 6.76577 8.6307 8.21939 4.44313 3.07237 2.09316 2.33859 2.33605 1.97282 -0.0142169 -0.564408 1.205 2.31803 3.18004 3.83366 3.96807 3.94381 5.2784 5.45477 5.8879 5.79278 5.83235 5.15732 4.7394 5.10384 4.68292 4.61065 5.21097 4.61865 5.15316 5.08825 4.92679 4.91742 5.26881 5.33881 5.37483 5.37531 5.35964 5.34004 5.32837 5.33845 5.33205 5.31168 5.31211 5.29257 5.0472 3.97914 3.60603 4.02002 -9999 -9999 -9999
-9999 -9999 -9999 -9999 -9999 -9999 4.1051 6.52837 7.63042 8.20953 9.02673 9.12268 8.85557 8.37595 7.21722 6.19808 4.54219 2.65116 1.64781 4.63999 7.24351 8.6005 8.41721 5.27322 4.02965 3.96761 4.69275 4.07222 3.60048 2.08902 1.63517 1.00621 1.38803 2.59021 3.5728 4.52086 5.20991 5.26485 5.71193 5.96839 5.98868 6.06861 5.98867 5.92339 5.27242 5.72166 5.33977 5.5418 5.41092 5.29262 5.18968 4.81652 5.07866 5.3105 5.36917 5.38588 5.36988 5.36466 5.35291 5.32931 5.31837 5.31578 5.31277 5.30028 5.29976 5.28838 5.16876 4.52625 3.66606 2.57924 -9999 -9999
-9999 -9999 -9999 -9999 -9999 -9999 2.89129 5.30283 6.45986 7.95484 8.72125 9.03078 8.98722 8.59813 7.71718 6.39223 5.28814 3.17725 0.985274 4.1256 6.92254 8.43031 8.50675 5.8635 6.59082 5.99527 6.22938 5.14256 4.68849 4.32676 3.54576 2.69233 1.75818 1.26375 3.47271 4.6061 5.51807 5.94739 6.18964 6.31008 6.24377 6.0769 5.09407 5.84209 5.80184 5.72675 5.64072 5.59878 5.52063 5.42857 5.37287 5.35284 5.10457 5.38349 5.37544 5.37728 5.37659 5.36727 5.3514 5.3374 5.3207 5.31969 5.30986 5.29961 5.29255 5.28933 5.28138 5.24611 5.07544 3.6158 2.7427 2.49839
-9999 -9999 -9999 -9999 -9999 -9999 -0.504583 3.00599 5.82182 7.29375 8.49024 8.81754 8.93841 8.41701 8.02664 7.07625 6.17614 4.78846 2.71076 1.43038 3.78028 7.19828 8.45532 8.35227 8.26935 7.58165 6.96144 6.87942 6.92153 6.19839 5.14833 3.77992 3.351 2.86972 4.51435 4.73552 4.61318 6.42251 6.4251 6.32081 5.62666 4.84996 4.99625 4.51559 4.88294 4.30974 4.83536 5.2896 5.45873 5.44377 5.38147 5.37307 5.34454 5.39168 5.389 5.3792 5.37119 5.36596 5.35724 5.33436 5.32075 5.32689 5.31161 5.30003 5.28987 5.2887 5.28463 5.25838 5.23453 5.00996 4.67233 4.02943
-9999 -9999 -9999 -9999 -9999 -9999 -0.356822 2.59208 5.09608 6.59518 8.03827 8.37109 8.8566 8.74898 8.34006 7.51354 6.48142 5.33885 3.55593 2.22998 3.80121 6.06851 7.69162 8.27014 8.2595 8.21637 8.05773 7.98797 7.804 7.66951 6.91681 5.62406 4.89238 3.82323 5.65636 5.85995 5.57064 6.48487 6.43716 5.0501 3.98342 3.84939 4.4982 3.879 3.76968 3.38419 3.81821 4.98284 4.64192 4.70805 5.23435 5.32016 5.37455 5.38783 5.38231 5.37787 5.36695 5.3664 5.36587 5.34342 5.33223 5.32606 5.30472 5.30032 5.28567 5.27572 5.26685 5.25255 5.23066 5.16656 5.09685 5.17057
-9999 -9999 -9999 -9999 -9999 -9999 -0.298023 1.68296 3.93605 6.14557 7.68686 8.30703 8.758 8.75072 8.27562 7.86353 7.21555 6.20993 5.51926 4.3219 2.67944 5.42511 6.26351 7.01136 7.3225 8.10265 8.07938 7.71594 7.29048 7.67399 7.5565 6.53272 6.19405 5.62456 6.6429 6.64282 6.6122 6.55536 5.38297 3.75429 2.4523 3.38671 3.18986 3.61834 2.28675 3.38158 4.2619 4.54675 3.94716 3.50155 4.87348 5.10012 5.23394 5.31901 5.37424 5.35868 5.37091 5.36106 5.35532 5.34928 5.336 5.3275 5.31435 5.30108 5.28884 5.2804 5.26437 5.24525 5.24371 5.20998 5.1962 5.18447
-9999 -9999 -9999 -9999 -9999 -9999 -9999 0.507456 3.36188 5.9128 7.33179 8.22325 8.65623 8.64575 8.4015 8.1207 7.71776 6.99133 6.07937 4.63975 3.57013 4.24393 5.0649 5.15342 5.69901 7.28837 7.8287 7.05332 5.13853 6.26049 7.51252 7.48881 7.37854 7.25578 7.0987 6.95796 6.65321 5.84099 3.35736 2.86815 1.89308 2.00226 1.50149 2.59099 2.18245 3.30188 3.78635 3.96846 2.93108 3.1479 4.36468 4.84517 4.76369 5.05789 5.33846 5.34613 5.35263 5.34375 5.34832 5.34914 5.34311 5.32941 5.31906 5.31132 5.28802 5.29062 5.19798 5.13775 5.01599 5.16622 5.18035 5.18863
-9999 -9999 -9999 -9999 -9999 -9999 -9999 -0.0670748 2.78454 5.78933 6.7521 7.71332 8.54267 8.55623 8.18419 7.83025 7.46572 7.05101 5.94539 4.87307 3.84904 3.50315 3.70552 3.68313 4.56832 6.6403 7.03844 6.86324 4.86373 4.18601 5.85996 7.26642 7.37437 7.2437 5.58214 5.93303 5.03589 3.82014 3.48426 2.95134 1.82718 2.36607 1.54238 1.89354 1.79854 2.43346 2.74239 3.49775 2.59343 2.59517 3.78997 4.39161 4.40539 5.0368 5.26103 5.31878 5.33231 5.34168 5.34319 5.35204 5.34525 5.33512 5.32212 5.29137 5.21895 4.9974 3.79774 3.79906 4.12835 4.43999 5.0084 5.16737
-9999 -9999 -9999 -9999 -9999 -9999 -9999 0.259767 2.2376 4.90345 6.87749 6.99883 7.95725 8.45071 8.04631 7.59132 7.12587 6.92086 5.71781 4.3965 3.32827 2.06426 2.26872 3.1707 4.64482 5.98207 6.21824 5.9375 4.86254 5.36364 6.50433 7.10867 7.28487 7.14111 6.77723 6.56606 5.90483 5.61716 4.70001 3.26716 2.70184 3.05728 1.5365 1.64121 2.20158 1.60412 2.58673 3.05629 1.8888 2.81407 3.86986 4.40903 4.88023 5.10261 5.19049 5.32593 5.32832 5.33865 5.3438 5.34079 5.33979 5.3168 5.2977 5.16957 4.98098 3.86141 3.39649 3.48768 4.00474 4.45747 4.93283 5.1263
-9999 -9999 -9999 -9999 -9999 -9999 -9999 0.59388 2.37434 4.6854 6.09195 6.34121 7.40432 8.3494 8.24081 7.76749 7.62146 7.13095 6.11021 4.98296 3.75104 3.15053 1.77381 3.12289 4.18606 5.3181 5.84587 4.9612 4.51748 5.29447 6.06699 6.37385 7.15435 7.14429 6.88655 5.78368 5.24486 5.46967 5.23721 4.83166 3.84489 3.79939 3.16504 2.90141 2.65235 1.84715 2.35879 2.40878 2.54802 3.65729 4.20622 4.56977 4.90031 4.98621 5.12926 5.31524 5.33056 5.33615 5.33421 5.33667 5.32192 5.26776 5.22204 4.96489 4.51034 3.66281 2.29167 3.25884 4.27024 4.57207 4.86726 5.01934
-9999 -9999 -9999 -9999 -9999 -9999 -9999 0.286292 2.17791 4.15261 4.97649 5.11394 7.04023 8.21868 8.21796 7.99213 7.72881 6.52116 6.58911 6.34529 5.23375 3.6159 1.83927 2.00245 3.05487 4.54842 5.04132 3.58352 3.06798 3.4421 4.61186 5.65877 6.75213 7.02799 6.70403 4.98861 3.16591 4.0083 4.90863 4.90184 4.63541 3.72018 3.42848 3.1643 2.4962 1.36707 1.53056 1.84305 3.10428 3.50232 4.11785 4.62886 4.43463 4.54642 5.03519 5.31514 5.32461 5.3285 5.33666 5.32915 5.31134 5.20438 5.09121 4.90195 3.71789 2.98137 1.91114 3.15697 3.84618 4.21502 4.87107 5.02691
-9999 -9999 -9999 -9999 -9999 -9999 -9999 -0.304045 1.06778 2.95508 3.7139 4.92623 6.74639 7.64023 8.06728 8.05507 7.87865 7.33636 7.0092 6.36714 5.21097 3.63106 1.87508 0.730798 1.30772 3.31844 3.79288 2.4476 1.76443 2.60884 3.85574 5.70343 6.75807 6.89836 6.8004 6.44489 5.11359 3.50565 3.50922 4.31288 3.63723 2.85228 3.28148 3.20016 2.54043 2.06014 1.76694 1.94963 2.66666 2.96294 3.67418 4.72444 4.87392 4.84295 5.28447 5.30549 5.3147 5.33029 5.32866 5.32351 5.30918 5.22176 5.0272 4.23872 3.55107 2.59478 2.47588 3.58593 4.07087 4.52296 4.84437 4.94853
-9999 -9999 -9999 -9999 -9999 -9999 -9999 -1.31781 0.296751 2.06449 3.71958 5.28539 6.63268 6.73419 7.44351 7.43986 7.81022 7.70059 7.19766 6.65648 5.65997 3.63129 1.92489 0.0640991 0.550677 2.60414 2.8627 1.96352 0.304747 2.01182 3.89473 5.60108 6.52367 5.79597 6.53696 6.47369 5.97355 5.01555 3.5272 3.55351 2.43782 2.38767 2.95816 3.14227 3.04542 2.68451 2.11017 2.20856 2.6429 2.75296 3.4065 4.22099 5.01725 5.15012 5.30109 5.30652 5.3079 5.31923 5.31974 5.30205 5.26022 5.16882 4.50761 3.72148 3.2369 2.57034 2.48878 3.76808 4.27884 4.56317 4.84071 4.94971
-9999 -9999 -9999 -9999 -9999 -9999 -9999 -9999 0.127072 1.95338 3.30405 3.66559 4.86279 5.50797 6.00663 6.11501 7.54321 7.61932 7.29947 6.80216 5.95184 4.41176 3.33775 1.55281 0.268889 0.790346 1.02583 1.49362 1.352 2.11179 3.9211 5.8063 6.0097 4.80801 4.98328 5.23198 5.79223 5.50492 3.47762 2.44675 1.59082 2.19585 2.83247 2.98531 3.01463 2.88992 2.74871 2.50134 3.35396 3.98454 4.12985 4.6795 5.08501 5.19618 5.27966 5.289 5.29854 5.29763 5.2729 5.25469 5.15164 4.92197 4.18245 2.40534 2.48739 2.2944 1.74104 2.98981 3.78077 4.48529 4.85922 4.95506
-9999 -9999 -9999 -9999 -9999 -9999 -9999 -9999 -0.485917 1.62762 2.07161 2.03536 1.33159 1.65135 4.24666 4.76705 6.13664 7.43333 7.33515 6.84723 6.0515 5.1331 3.71273 1.70569 0.110222 -0.568033 1.14124 2.8173 3.16193 3.69641 4.80405 5.01242 3.78425 2.63245 3.27542 3.66188 5.14075 5.40898 5.11913 3.8969 2.49979 1.76965 2.62764 2.74083 2.79073 2.79927 2.77234 2.73565 3.69725 4.2287 4.597 4.79697 5.14498 5.23319 5.26067 5.28648 5.27909 5.26001 5.20381 5.14007 4.86293 4.52767 3.31692 2.30738 1.67752 0.878283 2.67669 3.20993 3.95168 4.4297 4.80162 4.88237
