Test_Spring_2018b/02_18/Temp/20180207_002.txt
ncols	170
nrows	115
xllcorner	350000.000000
yllcorner	4445000.000000
cellsize	1000.000000
nodata_value	-9999.000000
[rows 32 to 63 of 115, columns 72 to 143 of 170]
8.75256 8.41789 8.93075 9.40284 9.10762 8.91462 9.68874 9.68738 9.42038 8.79498 8.56481 8.32625 8.17966 7.37789 5.13027 3.10397 4.18805 4.2127 3.46122 4.80571 4.09377 2.23835 -0.380431 1.04124 0.669801 -1.18291 -1.63935 -9999 -9999 -9999 -9999 -9999 -9999 -9999 -9999 -9999 -9999 -9999 -9999 -9999 -9999 -9999 -9999 -9999 -9999 -9999 -9999 -9999 -9999 -9999 -9999 -9999 -9999 -9999 -9999 -9999 -9999 -9999 -9999 -9999 -9999 -9999 -9999 -9999 -9999 -9999 -9999 -9999 -9999 -9999 -9999 -9999
8.30484 8.16015 8.92329 8.90561 8.85502 9.12614 9.60532 9.70043 9.59557 9.32213 9.08531 8.83352 8.19635 7.27931 5.35559 3.04932 2.52545 3.65262 3.70571 3.886 3.23712 2.42235 1.14829 2.18969 2.59344 1.37556 -0.218873 -1.24624 -9999 -9999 -9999 -9999 -9999 -9999 -9999 -9999 -9999 -9999 -9999 -9999 -9999 -9999 -9999 -9999 -9999 -9999 -9999 -9999 -9999 -9999 -9999 -9999 -9999 -9999 -9999 -9999 -9999 -9999 -9999 -9999 -9999 -9999 -9999 -9999 -9999 -9999 -9999 -9999 -9999 -9999 -9999 -9999
7.77111 7.02777 7.48708 7.83155 8.46944 8.62855 8.72334 9.63431 9.5848 9.54138 9.15075 8.83817 8.321 7.43837 6.18222 4.67001 2.03774 3.65921 4.92867 4.89517 4.82461 4.25355 3.02956 4.05174 4.09873 2.54451 0.771415 -0.272721 -0.704984 -9999 -9999 -9999 -9999 -9999 -9999 -9999 -9999 -9999 -9999 -9999 -9999 -9999 -9999 -9999 -9999 -9999 -9999 -9999 -9999 -9999 -9999 -9999 -9999 -9999 -9999 -9999 -9999 -9999 -9999 -9999 -9999 -9999 -9999 -9999 -9999 -9999 -9999 -9999 -9999 -9999 -9999 -9999
7.16457 6.25699 6.71916 7.33638 8.20789 8.65442 8.99393 9.26552 9.54256 9.50854 9.10876 7.93021 7.76099 7.709 6.88706 5.16321 3.44164 2.99495 4.93209 5.48586 5.37188 5.80371 4.76676 5.25537 5.05363 4.50315 2.7992 1.24379 0.599662 -0.672609 -9999 -9999 -9999 -9999 -9999 -9999 -9999 -9999 -9999 -9999 -9999 -9999 -9999 -9999 -9999 -9999 -9999 -9999 -9999 -9999 -9999 -9999 -9999 -9999 -9999 -9999 -9999 -9999 -9999 -9999 -9999 -9999 -9999 -9999 -9999 -9999 -9999 -9999 -9999 -9999 -9999 -9999
-9999 -9999 5.68313 6.52381 7.21672 8.06852 8.80025 9.1684 9.526 9.49597 8.69799 8.30712 8.27198 7.73305 6.78433 6.18854 5.10427 3.97465 4.40486 6.0567 5.32061 6.49062 6.39058 6.60478 5.82103 4.33887 2.36044 1.20458 0.628298 -0.402763 -9999 -9999 -9999 -9999 -9999 -9999 -9999 -9999 -9999 -9999 -9999 -9999 -9999 -9999 -9999 -9999 -9999 -9999 -9999 -9999 -9999 -9999 -9999 -9999 -9999 -9999 -9999 -9999 -9999 -9999 -9999 -9999 -9999 -9999 -9999 -9999 -9999 -9999 -9999 -9999 -9999 -9999
-9999 -9999 -9999 6.36696 6.89396 8.03418 8.61853 8.85705 9.43454 9.4347 9.13172 8.90272 8.57091 8.13786 7.42459 6.63779 5.61798 5.52278 6.57914 6.59133 6.36958 6.54228 7.08455 6.94041 5.73006 3.63883 2.5331 0.29018 -0.672144 -0.574142 -1.25639 -9999 -9999 -9999 -9999 -9999 -9999 -9999 -9999 -9999 -9999 -9999 -9999 1.35461 -9999 -9999 -9999 -9999 -9999 -9999 -9999 -9999 -9999 -9999 -9999 -9999 -9999 -9999 -9999 -9999 -9999 -9999 -9999 -9999 -2.72282 -9999 -9999 -9999 -9999 -9999 -9999 -9999
-9999 -9999 6.26344 6.97023 7.52401 8.23832 8.30606 8.72745 9.39163 9.40019 9.18497 8.94192 8.3969 8.26105 7.8546 7.00044 6.82499 7.16996 7.32843 7.5082 7.61861 7.52762 7.30681 7.02163 6.24121 5.27076 4.61924 2.56975 1.53268 0.539589 -0.963235 -2.13897 -9999 -9999 -9999 -9999 -9999 -9999 -9999 0.566412 0.511078 0.538377 0.86866 1.77925 1.24566 -9999 -9999 -9999 -9999 -9999 -9999 -9999 -9999 -9999 -9999 -9999 -9999 -9999 -9999 -9999 -9999 -9999 -9999 -9999 -1.90342 -3.08555 -9999 -9999 -9999 -9999 -9999 -9999
-9999 -9999 6.44935 7.19827 7.57176 8.26558 8.66202 8.91787 9.1474 9.36667 9.3285 9.0596 8.65118 8.65274 8.09044 7.78685 7.56988 8.03684 8.12856 7.94021 7.70417 7.49538 6.90605 6.83725 6.64635 6.0303 5.01931 3.97751 2.4767 0.436767 -1.56379 -3.17752 -9999 -9999 -9999 -9999 -9999 -9999 0.734065 1.49014 1.9434 0.981502 1.80467 2.55725 2.43825 1.71435 -9999 -9999 -9999 -9999 -9999 -9999 -9999 -9999 -9999 -9999 -9999 -9999 -9999 -9999 3.70065 2.48821 0.0386843 -1.2164 -1.96891 -3.04361 -9999 -9999 -9999 -9999 -9999 -9999
-9999 -9999 6.29766 7.18252 7.78164 8.31326 8.39741 8.93984 9.17611 9.29335 9.27823 9.22398 9.1478 8.65682 8.44509 7.70371 8.41133 8.38376 8.20382 7.49344 7.18521 5.96602 5.42922 5.31017 6.33474 5.57695 3.99508 2.01765 -0.357456 -0.510377 -1.29671 -2.73906 -9999 -9999 -9999 -9999 -9999 -9999 0.966367 1.77502 2.45024 2.54922 1.59335 2.93 2.88335 2.13748 1.9693 2.5833 2.89517 2.66761 3.40358 3.61845 3.28884 3.65115 -9999 -9999 -9999 -9999 3.8662 3.9153 3.95254 3.44758 0.771499 -1.05581 -2.69645 -2.84414 -9999 -9999 -9999 -9999 -9999 -9999
-9999 -9999 6.90787 7.45251 7.72757 7.77146 8.24844 8.7222 9.01447 9.2266 9.18233 9.16375 9.1441 8.97548 8.58517 8.65432 8.62197 8.39404 7.04218 5.46448 6.15141 5.21569 3.21039 4.84106 5.73555 4.87706 2.96035 0.737823 0.010954 0.0428638 -1.05061 -2.45699 -9999 -9999 -9999 -1.24469 -0.0874562 0.0133725 0.354863 1.4333 2.25398 2.87262 3.2945 3.28309 2.84348 2.11406 1.32109 1.60575 3.03635 3.38614 3.68624 3.90886 3.60283 3.76309 4.14517 4.34246 4.38225 4.29206 4.27129 4.30241 4.25688 3.78561 1.39238 0.0229546 -0.850187 -2.60064 -9999 -9999 -9999 -9999 -9999 -9999
-9999 -9999 6.5604 7.03397 7.41734 8.05414 8.12067 8.52312 8.75932 9.11388 9.1529 8.73524 9.07837 9.03282 8.96744 8.82994 8.629 7.48764 5.91488 4.33831 3.61026 3.91938 2.71337 3.33445 4.24087 3.91145 2.73653 0.756544 0.477266 0.0172687 -1.81996 -3.59021 -9999 -9999 -3.49087 -1.27063 0.29276 1.0993 1.34937 1.37379 2.40765 2.4896 3.60299 3.34438 1.87751 2.04457 1.47417 1.84665 2.37304 2.51817 3.275 4.00352 4.14084 4.14413 4.38728 4.43699 4.44947 4.44273 4.27745 4.35273 4.36432 4.07057 2.33635 1.49126 0.562772 -2.57974 -9999 -9999 -9999 -9999 -9999 -9999
-9999 -9999 6.79889 7.32828 7.90801 8.00124 8.43043 8.38702 8.26166 8.86028 9.07826 8.78302 8.57016 8.95911 8.931 8.87822 8.79201 7.71941 6.47837 4.60001 3.43277 2.71832 2.21126 1.53714 2.00267 1.86024 1.66933 1.88878 1.34591 0.260057 -0.816568 -2.83007 -3.92019 -9999 -3.37265 -2.37101 -0.51171 1.06856 2.07191 1.71157 2.88713 3.10593 3.7852 3.38866 2.49969 2.11839 2.08605 1.97055 2.76361 3.29811 3.6767 3.92856 4.24371 4.32321 4.40282 4.43573 4.45332 4.47114 4.4666 4.46003 4.42485 4.31456 3.51747 2.67604 0.852828 -2.47738 -9999 -9999 -9999 -9999 -9999 -9999
-9999 5.2523 6.73592 7.62422 7.96765 8.21523 8.43328 8.59082 8.75442 8.9103 9.01649 8.96927 8.18935 8.25174 8.39054 8.83148 8.79902 8.70133 8.02251 5.73708 4.94642 3.79269 2.29812 1.6753 1.98761 3.21277 3.15824 2.34717 1.44319 0.19345 -0.600912 -1.83659 -4.2076 -3.99517 -2.92789 -2.1338 -0.870365 1.06124 2.4155 3.0201 3.24894 3.72597 3.97468 3.43153 2.91653 2.70026 2.29794 2.24298 2.24803 2.72794 3.10378 3.93565 4.21538 4.34441 4.40923 4.44375 4.46858 4.49298 4.50108 4.48473 4.48543 4.47912 4.4226 3.29976 0.489201 -1.62479 -9999 -9999 -9999 -9999 -9999 -9999
-9999 -9999 6.45954 6.84984 6.95137 7.12958 7.49529 7.91702 8.51323 8.58968 8.91892 8.9171 8.24484 7.46866 8.14263 8.40974 8.6868 8.69434 8.60635 6.68523 5.6804 4.88935 3.45632 3.97492 4.4662 4.50379 4.20782 2.46873 0.736623 -1.2607 -3.1268 -3.21642 -4.22055 -3.68946 -2.9848 -1.1742 0.099957 0.616546 0.987763 2.95188 3.4633 3.64029 4.14437 3.46042 3.29118 2.77829 2.93383 2.89111 2.89634 1.47118 2.90616 2.99208 3.92577 4.34627 4.44192 4.46727 4.49418 4.49787 4.50263 4.4979 4.50718 4.49429 4.47996 3.75069 0.185919 -1.60032 -9999 -9999 -9999 -9999 -9999 -9999
-9999 -9999 -9999 -9999 6.58043 6.8779 7.06825 7.39828 8.40959 8.68217 8.86304 8.87782 8.57787 7.80991 7.60682 7.74643 6.99699 7.62265 8.47851 8.45666 8.3524 6.66421 5.80223 6.63863 6.38483 5.11628 4.11798 3.13264 1.10477 -0.379807 -2.51843 -4.12461 -4.18568 -2.41423 -0.942647 0.889447 1.69756 1.23681 1.73539 2.71136 3.82014 4.35707 4.23224 3.51126 3.41446 2.62245 3.40591 3.47534 3.11464 2.80302 2.93129 3.39405 3.57099 4.30121 4.47796 4.50945 4.51428 4.5165 4.51265 4.50797 4.49946 4.49231 4.4831 4.45164 0.787403 -2.06029 -9999 -9999 -9999 -9999 -9999 -9999
-9999 -9999 -9999 -9999 5.87479 6.05571 6.53248 7.75807 8.39707 8.65593 8.64659 8.76593 8.55424 7.87835 7.18454 6.53007 5.68643 6.16783 7.44251 8.19389 8.27907 6.79924 7.57077 7.28284 6.71497 5.05587 3.83324 3.18516 1.23837 -0.428495 -1.85135 -3.81606 -2.97644 -2.0518 -0.864023 1.13514 2.48374 3.03773 2.57241 3.19646 4.47228 4.48067 3.78502 3.83233 3.412 2.32883 3.46204 3.78284 3.52899 3.59784 3.50549 3.67862 3.99245 4.29226 4.49133 4.51782 4.52031 4.51288 4.5117 4.51204 4.49797 4.4996 4.49039 4.4733 2.10891 -2.11572 -9999 -9999 -9999 -9999 -9999 -9999
-9999 -9999 -9999 -9999 -9999 5.23194 6.32087 7.94808 8.34893 8.3116 8.64725 8.67568 8.35114 8.06923 7.22715 6.07692 3.86832 4.43018 5.60351 7.29577 8.18508 8.06493 7.57153 6.71225 4.63251 2.81248 2.59181 2.29413 0.873462 -0.41012 -1.99197 -1.07593 -0.0725975 1.025 1.60129 1.45066 2.60617 3.54839 3.14817 3.91361 4.80694 4.40358 4.16596 3.96715 3.48069 3.45388 3.50803 4.15281 3.71133 3.98676 3.99694 3.98302 4.13618 4.31187 4.49598 4.5257 4.52531 4.52739 4.50516 4.51222 4.50168 4.49185 4.48346 4.46904 4.25702 1.98349 0.625117 -9999 -9999 -9999 -9999 -9999
-9999 -9999 -9999 -9999 -9999 4.22523 4.76793 6.69524 7.28735 8.13882 8.59065 8.61096 8.06354 7.7583 6.50382 6.09642 4.05334 3.12834 3.91266 3.61198 5.94246 8.00481 7.55751 3.39481 1.88742 0.812404 1.08913 1.09216 0.696942 -1.48846 -2.09111 -0.134081 1.0979 2.05219 2.77585 2.92604 2.9004 4.37436 4.5705 5.04999 4.94672 4.99243 4.24975 3.79115 4.1979 3.73663 3.66025 4.32625 3.67586 4.26907 4.2027 4.02689 4.01867 4.40835 4.48718 4.52828 4.53005 4.51378 4.49323 4.4818 4.4945 4.48929 4.46894 4.4718 4.45284 4.18627 3.01053 2.60187 3.06198 -9999 -9999 -9999
-9999 -9999 -9999 -9999 -9999 -9999 2.96851 5.64735 6.86815 7.51099 8.41622 8.52493 8.23362 7.70575 6.42809 5.30441 3.47799 1.39225 0.288129 3.59349 6.47044 7.97211 7.77647 4.31151 2.94438 2.88152 3.68757 3.00835 2.49321 0.832655 0.336225 -0.353978 0.0708769 1.40127 2.48803 3.53592 4.29764 4.35931 4.85375 5.13913 5.16327 5.25354 5.16768 5.09827 4.38429 4.88337 4.4652 4.69153 4.55038 4.423 4.31467 3.90518 4.19661 4.45434 4.52067 4.54074 4.52419 4.5195 4.50765 4.48282 4.4727 4.47168 4.47046 4.45901 4.46099 4.45265 4.32366 3.61759 2.67128 1.47478 -9999 -9999
-9999 -9999 -9999 -9999 -9999 -9999 1.62851 4.29426 5.57565 7.22928 8.07948 8.42491 8.37875 7.9509 6.97996 5.51887 4.30162 1.97333 -0.444128 3.02585 6.1171 7.7851 7.87379 4.96366 5.77165 5.11973 5.38359 4.18949 3.69364 3.30199 2.44432 1.50624 0.47968 -0.0629724 2.37705 3.62958 4.63744 5.11244 5.38091 5.51503 5.44443 5.26315 4.18072 5.00894 4.96902 4.8893 4.79758 4.75454 4.67148 4.57297 4.51683 4.49705 4.22511 4.53544 4.52805 4.53134 4.53174 4.52259 4.50623 4.49205 4.47504 4.47589 4.46767 4.45864 4.45333 4.45396 4.44812 4.41217 4.2268 2.61873 1.65796 1.39253
-9999 -9999 -9999 -9999 -9999 -9999 -2.12 1.75863 4.87225 6.5002 7.82561 8.1892 8.32461 7.75085 7.32153 6.27402 5.28207 3.75215 1.46092 0.0501136 2.64889 6.42506 7.81784 7.7113 7.62477 6.87088 6.19154 6.10619 6.15772 5.36709 4.21405 2.70719 2.2377 1.70889 3.52612 3.77189 3.63827 5.63656 5.64067 5.52686 4.76217 3.90836 4.07199 3.54531 3.95527 3.32566 3.90892 4.4134 4.60316 4.58963 4.52625 4.52031 4.49071 4.54453 4.54304 4.53354 4.52593 4.52136 4.51296 4.48903 4.47545 4.48385 4.46934 4.45865 4.45072 4.45358 4.45188 4.42577 4.40232 4.15732 3.78746 3.08207
-9999 -9999 -9999 -9999 -9999 -9999 -1.95583 1.3032 4.07046 5.73079 7.32628 7.69602 8.234 8.11707 7.66745 6.75683 5.61934 4.3601 2.39435 0.93331 2.67038 5.17912 6.97454 7.62033 7.61439 7.57165 7.40147 7.33129 7.133 6.99207 6.1651 4.74296 3.93819 2.76056 4.7859 5.01238 4.6946 5.70509 5.65382 4.12434 2.94859 2.80243 3.5228 2.84177 2.72565 2.30449 2.78652 4.07494 3.70275 3.77859 4.36502 4.46184 4.52395 4.54027 4.53568 4.53216 4.52141 4.52208 4.52279 4.49938 4.48851 4.48333 4.46157 4.45942 4.44546 4.43864 4.43246 4.41939 4.39797 4.32993 4.25563 4.34128
-9999 -9999 -9999 -9999 -9999 -9999 -1.8916 0.299055 2.78927 5.23403 6.93793 7.62487 8.12483 8.1188 7.59628 7.14326 6.42992 5.32199 4.5619 3.24286 1.4329 4.46661 5.39916 6.23175 6.58135 7.44727 7.42645 7.03011 6.56902 6.99628 6.87199 5.74515 5.37414 4.74801 5.87411 5.87588 5.84377 5.78261 4.49015 2.69411 1.25876 2.29195 2.07672 2.5546 1.08944 2.3016 3.27619 3.59356 2.93593 2.44682 3.9667 4.21918 4.36874 4.46432 4.52682 4.51108 4.52595 4.51642 4.51145 4.5062 4.49305 4.4853 4.47256 4.45983 4.44932 4.44414 4.42897 4.41016 4.41117 4.37749 4.36487 4.35619
-9999 -9999 -9999 -9999 -9999 -9999 -9999 -0.999176 2.1583 4.97685 6.54582 7.53229 8.0125 8.00308 7.73554 7.42762 6.98494 6.18535 5.18119 3.59492 2.41734 3.16435 4.07831 4.18334 4.78995 6.54871 7.14966 6.29836 4.1931 5.43757 6.82293 6.79988 6.68097 6.54797 6.37658 6.22322 5.88865 4.9939 2.25433 1.71644 0.642073 0.764568 0.213993 1.422 0.975785 2.2141 2.75164 2.95546 1.81326 2.05893 3.40461 3.93701 3.84899 4.17547 4.4874 4.49735 4.50595 4.49756 4.50402 4.50638 4.50127 4.48723 4.47754 4.47087 4.44821 4.45532 4.35551 4.29153 4.15968 4.32804 4.34616 4.3613
-9999 -9999 -9999 -9999 -9999 -9999 -9999 -1.63005 1.52056 4.84004 5.90548 6.96901 7.88681 7.90406 7.49562 7.10713 6.707 6.25159 5.03379 3.85296 2.7257 2.3472 2.57412 2.56125 3.54244 5.83362 6.27735 6.08822 3.89197 3.14755 4.99847 6.55387 6.6758 6.53408 4.70245 5.09182 4.10357 2.76358 2.39469 1.80836 0.569523 1.16635 0.259396 0.649296 0.552646 1.25607 1.59974 2.43614 1.44067 1.449 2.77039 3.43646 3.45355 4.15223 4.40137 4.46668 4.48312 4.49494 4.49808 4.50935 4.5034 4.49385 4.48122 4.44911 4.37112 4.12984 2.81017 2.81397 3.17981 3.52616 4.158 4.33751
-9999 -9999 -9999 -9999 -9999 -9999 -9999 -1.26977 0.916383 3.86175 6.04337 6.17996 7.2403 7.78734 7.34331 6.84344 6.33205 6.10821 4.78296 3.32736 2.15132 0.759426 0.988571 1.9878 3.6273 5.10731 5.37202 5.06617 3.89054 4.44708 5.70933 6.37935 6.57658 6.42045 6.02115 5.79025 5.06248 4.74694 3.73659 2.15708 1.53513 1.92953 0.25319 0.371066 0.991961 0.341202 1.42832 1.94916 0.663105 1.69135 2.85874 3.45581 3.97776 4.22496 4.32363 4.47472 4.4789 4.49181 4.49901 4.49721 4.49768 4.47393 4.45455 4.31491 4.10862 2.87488 2.36741 2.47026 3.04319 3.54512 4.07624 4.29184
-9999 -9999 -9999 -9999 -9999 -9999 -9999 -0.901472 1.06679 3.62056 5.17585 5.45368 6.62964 7.67525 7.55783 7.03783 6.87911 6.34026 5.2163 3.97495 2.61825 1.95865 0.442527 1.93514 3.12133 4.37465 4.96103 3.99588 3.50966 4.37059 5.22641 5.56805 6.43226 6.42371 6.14161 4.92658 4.334 4.58419 4.32965 3.88406 2.79701 2.74892 2.05097 1.76228 1.48975 0.609963 1.17715 1.2348 1.39172 2.62232 3.23022 3.63342 4.00009 4.09667 4.25623 4.46312 4.48161 4.48931 4.48871 4.49296 4.47825 4.42009 4.37129 4.08921 3.58929 2.65571 1.14807 2.21764 3.33603 3.6735 4.00362 4.17343
-9999 -9999 -9999 -9999 -9999 -9999 -9999 -1.24146 0.849484 3.03201 3.94421 4.09866 6.22742 7.53067 7.53241 7.28566 6.99758 5.66728 5.74501 5.47876 4.25494 2.47247 0.514917 0.698544 1.86753 3.52533 4.07308 2.47546 1.90987 2.32607 3.62028 4.77871 5.98822 6.29526 5.94013 4.04906 2.03948 2.97138 3.9672 3.96179 3.66984 2.66183 2.34208 2.05277 1.31771 0.0763753 0.263455 0.610746 2.01022 2.4516 3.13298 3.6989 3.48635 3.6115 4.15265 4.46328 4.47531 4.48117 4.49172 4.48497 4.46688 4.35041 4.22714 4.01992 2.71476 1.90362 0.726577 2.10511 2.86778 3.28155 4.00754 4.18141
-9999 -9999 -9999 -9999 -9999 -9999 -9999 -1.89354 -0.376305 1.70976 2.55019 3.89106 5.90272 6.89191 7.36585 7.35497 7.16286 6.56701 6.2087 5.50294 4.2299 2.4893 0.554523 -0.704968 -0.0645962 2.16795 2.69878 1.22191 0.471242 1.40648 2.7858 4.82806 5.99485 6.15229 6.04661 5.65657 4.18941 2.41686 2.42294 3.31209 2.56849 1.70429 2.18022 2.09273 1.36688 0.839124 0.524832 0.729691 1.52762 1.85666 2.64364 3.80473 3.97153 3.93911 4.42811 4.45295 4.46471 4.48348 4.48322 4.47908 4.4648 4.36988 4.15673 3.28808 2.53076 1.47696 1.34744 2.57847 3.11802 3.62123 3.97776 4.0945
-9999 -9999 -9999 -9999 -9999 -9999 -9999 -3.01299 -1.22781 0.726326 2.55603 4.28707 5.77685 5.89156 6.6771 6.67571 7.08716 6.96889 6.41663 5.82226 4.72545 2.48957 0.609527 -1.44079 -0.900142 1.3738 1.67685 0.687847 -1.13963 0.747743 2.82906 4.71532 5.73639 4.93582 5.75615 5.68868 5.13894 4.08377 2.4432 2.47438 1.2451 1.19193 1.8238 2.02926 1.92467 1.52864 0.899659 1.01596 1.50183 1.62531 2.34858 3.24945 4.13012 4.27853 4.44685 4.45448 4.45759 4.47166 4.47375 4.45575 4.41109 4.31174 3.58348 2.71736 2.1841 1.45002 1.36163 2.77778 3.34745 3.66536 3.97338 4.09538
-9999 -9999 -9999 -9999 -9999 -9999 -9999 -9999 -1.41556 0.603259 2.09698 2.49887 3.82302 4.53782 5.09087 5.21315 6.7922 6.87898 6.52882 5.9829 5.0475 3.35094 2.16893 0.202368 -1.21109 -0.624253 -0.350327 0.169479 0.0165588 0.858427 2.85852 4.94223 5.16953 3.84583 4.04178 4.31866 4.93931 4.62441 2.38898 1.25332 0.310752 0.980707 1.68556 1.85649 1.89115 1.75583 1.60594 1.344 2.28709 2.98508 3.14741 3.75597 4.20536 4.32982 4.42366 4.43561 4.44772 4.44826 4.42247 4.40387 4.2916 4.0396 3.22485 1.2649 1.35697 1.1455 0.536292 1.91894 2.7999 3.57912 3.99344 4.10081
-9999 -9999 -9999 -9999 -9999 -9999 -9999 -9999 -2.09258 0.243312 0.736351 0.699205 -0.0747989 0.280827 3.14801 3.72505 5.23941 6.6734 6.56792 6.03241 5.15731 4.14697 2.58275 0.371126 -1.38611 -2.1228 -0.229134 1.63076 2.01461 2.60787 3.83357 4.06657 2.71383 1.44523 2.15742 2.58635 4.2209 4.51915 4.20138 2.85449 1.31458 0.510848 1.46002 1.58718 1.64454 1.65629 1.63024 1.59823 2.66646 3.25505 3.66351 3.88613 4.27208 4.3712 4.40323 4.43336 4.42677 4.40724 4.3467 4.2778 3.97334 3.60473 2.26982 1.15699 0.463244 -0.41744 1.56898 2.16185 2.98643 3.51744 3.92946 4.02008
