Test_Spring_2018b/02_18/Temp/20180208_008.txt
ncols	170
nrows	115
xllcorner	350000.000000
yllcorner	4445000.000000
cellsize	1000.000000
nodata_value	-9999.000000
[rows 32 to 63 of 115, columns 72 to 143 of 170]
9.6915 9.37233 9.87236 10.333 10.0517 9.86774 10.6249 10.6272 10.3727 9.77167 9.55264 9.32544 9.18708 8.41539 6.24617 4.29079 5.34167 5.36848 4.64503 5.94732 5.26187 3.47109 0.942368 2.31883 1.96208 0.166206 -0.276814 -9999 -9999 -9999 -9999 -9999 -9999 -9999 -9999 -9999 -9999 -9999 -9999 -9999 -9999 -9999 -9999 -9999 -9999 -9999 -9999 -9999 -9999 -9999 -9999 -9999 -9999 -9999 -9999 -9999 -9999 -9999 -9999 -9999 -9999 -9999 -9999 -9999 -9999 -9999 -9999 -9999 -9999 -9999 -9999 -9999
9.26293 9.12734 9.86921 9.85639 9.81014 10.0761 10.5482 10.6437 10.5459 10.2852 10.0598 9.8198 9.20729 8.3242 6.46804 4.24203 3.7387 4.83108 4.88521 5.06217 4.43758 3.65254 2.42347 3.43229 3.82472 2.64427 1.09915 0.107681 -9999 -9999 -9999 -9999 -9999 -9999 -9999 -9999 -9999 -9999 -9999 -9999 -9999 -9999 -9999 -9999 -9999 -9999 -9999 -9999 -9999 -9999 -9999 -9999 -9999 -9999 -9999 -9999 -9999 -9999 -9999 -9999 -9999 -9999 -9999 -9999 -9999 -9999 -9999 -9999 -9999 -9999 -9999 -9999
8.75132 8.03705 8.4852 8.82238 9.43997 9.60446 9.69974 10.5839 10.5396 10.5012 10.1272 9.82852 9.33203 8.48223 7.2713 5.81277 3.27154 4.84161 6.07134 6.04155 5.97583 5.42623 4.24543 5.23556 5.28306 3.77356 2.05927 1.05168 0.635543 -9999 -9999 -9999 -9999 -9999 -9999 -9999 -9999 -9999 -9999 -9999 -9999 -9999 -9999 -9999 -9999 -9999 -9999 -9999 -9999 -9999 -9999 -9999 -9999 -9999 -9999 -9999 -9999 -9999 -9999 -9999 -9999 -9999 -9999 -9999 -9999 -9999 -9999 -9999 -9999 -9999 -9999 -9999
8.16942 7.29632 7.74719 8.34796 9.19273 9.63167 9.96536 10.2315 10.503 10.4737 10.0909 8.95531 8.79519 8.74828 7.95705 6.29395 4.63292 4.20396 6.07892 6.61665 6.50883 6.92842 5.92825 6.40252 6.20945 5.67476 4.02455 2.52054 1.89953 0.671485 -9999 -9999 -9999 -9999 -9999 -9999 -9999 -9999 -9999 -9999 -9999 -9999 -9999 -9999 -9999 -9999 -9999 -9999 -9999 -9999 -9999 -9999 -9999 -9999 -9999 -9999 -9999 -9999 -9999 -9999 -9999 -9999 -9999 -9999 -9999 -9999 -9999 -9999 -9999 -9999 -9999 -9999
-9999 -9999 6.75007 7.56501 8.24415 9.06935 9.78227 10.1418 10.4912 10.4659 9.69833 9.32414 9.2937 8.77618 7.86245 7.28967 6.24457 5.15546 5.57381 7.17274 6.46346 7.59637 7.50159 7.71043 6.95465 5.5196 3.6037 2.48576 1.9302 0.935196 -9999 -9999 -9999 -9999 -9999 -9999 -9999 -9999 -9999 -9999 -9999 -9999 -9999 -9999 -9999 -9999 -9999 -9999 -9999 -9999 -9999 -9999 -9999 -9999 -9999 -9999 -9999 -9999 -9999 -9999 -9999 -9999 -9999 -9999 -9999 -9999 -9999 -9999 -9999 -9999 -9999 -9999
-9999 -9999 -9999 7.41755 7.93612 9.04213 9.61076 9.84513 10.4071 10.4111 10.1221 9.90447 9.58737 9.17228 8.48617 7.72877 6.74595 6.65658 7.68001 7.69399 7.48168 7.65045 8.17627 8.03854 6.86576 4.84622 3.77868 1.60506 0.676231 0.772404 0.114586 -9999 -9999 -9999 -9999 -9999 -9999 -9999 -9999 -9999 -9999 -9999 -9999 2.66241 -9999 -9999 -9999 -9999 -9999 -9999 -9999 -9999 -9999 -9999 -9999 -9999 -9999 -9999 -9999 -9999 -9999 -9999 -9999 -9999 -1.27231 -9999 -9999 -9999 -9999 -9999 -9999 -9999
-9999 -9999 7.31942 8.00984 8.54899 9.24338 9.31088 9.72407 10.37 10.3823 10.1782 9.94712 9.42406 9.29633 8.90683 8.08435 7.91761 8.2536 8.40907 8.58486 8.69339 8.60707 8.3951 8.12079 7.36388 6.4268 5.79801 3.81344 2.81021 1.85167 0.400637 -0.73406 -9999 -9999 -9999 -9999 -9999 -9999 -9999 1.89748 1.84579 1.87377 2.19441 3.07576 2.56106 -9999 -9999 -9999 -9999 -9999 -9999 -9999 -9999 -9999 -9999 -9999 -9999 -9999 -9999 -9999 -9999 -9999 -9999 -9999 -0.476919 -1.6191 -9999 -9999 -9999 -9999 -9999 -9999
-9999 -9999 7.50641 8.23405 8.59896 9.27361 9.66095 9.91231 10.1383 10.3543 10.3216 10.0657 9.67482 9.68001 9.13995 8.84966 8.64277 9.0966 9.18743 9.00724 8.78069 8.58025 8.01181 7.94636 7.75899 7.16415 6.18763 5.18145 3.72551 1.75499 -0.177215 -1.73529 -9999 -9999 -9999 -9999 -9999 -9999 2.06061 2.79339 3.2333 2.30517 3.10216 3.8307 3.71661 3.00951 -9999 -9999 -9999 -9999 -9999 -9999 -9999 -9999 -9999 -9999 -9999 -9999 -9999 -9999 4.93955 3.769 1.40245 0.1901 -0.536768 -1.57529 -9999 -9999 -9999 -9999 -9999 -9999
-9999 -9999 7.3635 8.22253 8.80555 9.3235 9.4091 9.93982 10.1703 10.288 10.2777 10.2294 10.1599 9.68913 9.48802 8.77462 9.46138 9.43715 9.26527 8.58033 8.28378 7.10646 6.5885 6.47078 7.46133 6.72916 5.20054 3.28973 0.993045 0.842134 0.0834364 -1.30904 -9999 -9999 -9999 -9999 -9999 -9999 2.28823 3.07191 3.72637 3.82362 2.90102 4.19399 4.14224 3.42152 3.25908 3.85266 4.1543 3.92971 4.63707 4.84603 4.52903 4.88107 -9999 -9999 -9999 -9999 5.09982 5.1492 5.18684 4.70011 2.11453 0.348987 -1.23647 -1.38316 -9999 -9999 -9999 -9999 -9999 -9999
-9999 -9999 7.95689 8.48708 8.75692 8.80353 9.26893 9.73339 10.0183 10.2295 10.191 10.1774 10.1625 10.0035 9.62981 9.69989 9.67148 9.45361 8.14901 6.62573 7.29099 6.38568 4.4491 6.02123 6.88569 6.05582 4.20323 2.05521 1.35142 1.37935 0.323692 -1.03349 -9999 -9999 -9999 0.147358 1.26848 1.3685 1.70101 2.74561 3.54081 4.13944 4.54844 4.53661 4.107 3.40193 2.63535 2.91036 4.29306 4.63129 4.91293 5.12937 4.8352 4.99239 5.36391 5.557 5.59794 5.51323 5.49548 5.52767 5.48548 5.03142 2.71848 1.39539 0.551568 -1.14887 -9999 -9999 -9999 -9999 -9999 -9999
-9999 -9999 7.62856 8.09014 8.46468 9.08226 9.15101 9.54458 9.7793 10.1247 10.167 9.76778 10.1037 10.0638 10.0043 9.87472 9.68336 8.58257 7.06435 5.54202 4.83941 5.14008 3.97482 4.57125 5.44707 5.12561 3.98952 2.07575 1.80604 1.36056 -0.417146 -2.12659 -9999 -9999 -2.0238 0.124862 1.63871 2.42099 2.66527 2.69122 3.69254 3.77345 4.85092 4.60052 3.17837 3.33972 2.78608 3.14568 3.65376 3.7941 4.52197 5.22364 5.35808 5.36332 5.60071 5.65134 5.66609 5.66223 5.50499 5.58001 5.59312 5.31068 3.6355 2.81925 1.9191 -1.1232 -9999 -9999 -9999 -9999 -9999 -9999
-9999 -9999 7.86392 8.37957 8.94399 9.03831 9.45746 9.4167 9.30201 9.88526 10.0991 9.81839 9.61714 9.99728 9.97394 9.92631 9.84587 8.8115 7.61381 5.79962 4.67233 3.98334 3.49339 2.83717 3.2866 3.14841 2.96342 3.1752 2.64768 1.59714 0.557364 -1.38975 -2.44142 -9999 -1.90719 -0.936199 0.863838 2.39413 3.36665 3.02082 4.15916 4.37236 5.0291 4.64655 3.783 3.41318 3.38151 3.26946 4.03564 4.54991 4.91226 5.15671 5.45996 5.53897 5.61843 5.65301 5.67291 5.693 5.69132 5.68738 5.65538 5.5503 4.78088 3.96581 2.20329 -1.02052 -9999 -9999 -9999 -9999 -9999 -9999
-9999 6.37002 7.80623 8.66882 9.00491 9.24847 9.4636 9.62035 9.78461 9.93729 10.0447 10.0026 9.25341 9.31805 9.45616 9.8858 9.85733 9.76524 9.11089 6.90312 6.14057 5.02489 3.58022 2.97428 3.2753 4.45862 4.40513 3.62056 2.74641 1.53724 0.767557 -0.425573 -2.71712 -2.50936 -1.475 -0.704462 0.51981 2.38985 3.70169 4.28864 4.51201 4.97403 5.21553 4.68997 4.18811 3.97854 3.58902 3.53521 3.53949 4.00292 4.36273 5.1655 5.43731 5.56193 5.62725 5.66356 5.69065 5.71732 5.72805 5.71482 5.71761 5.71308 5.65778 4.5726 1.85524 -0.19285 -9999 -9999 -9999 -9999 -9999 -9999
-9999 -9999 7.54217 7.92348 8.02581 8.20237 8.56027 8.97241 9.55478 9.63302 9.9556 9.95693 9.31104 8.56529 9.22074 9.48244 9.75316 9.76278 9.67944 7.82378 6.85312 6.08862 4.70323 5.20039 5.67413 5.70932 5.42218 3.74036 2.06553 0.133621 -1.66983 -1.75571 -2.72632 -2.21171 -1.52773 0.225448 1.46024 1.96277 2.32458 4.22569 4.72176 4.89351 5.38164 4.721 4.55334 4.05686 4.20631 4.1641 4.16832 2.7902 4.17371 4.25734 5.16088 5.56772 5.66139 5.689 5.71828 5.72512 5.7328 5.73095 5.74214 5.73023 5.71665 5.01178 1.56567 -0.165718 -9999 -9999 -9999 -9999 -9999 -9999
-9999 -9999 -9999 -9999 7.6704 7.96226 8.15068 8.47421 9.45774 9.72556 9.90473 9.92333 9.63764 8.89877 8.70657 8.84508 8.12368 8.73047 9.55968 9.53962 9.43932 7.80757 6.97099 7.77821 7.53159 6.30412 5.33793 4.38442 2.42353 0.987062 -1.07994 -2.63175 -2.68954 -0.975501 0.448387 2.22245 3.00691 2.56492 3.04996 3.99532 5.069 5.5894 5.46962 4.77312 4.67548 3.90906 4.66524 4.73124 4.38158 4.07957 4.20009 4.64785 4.8199 5.52729 5.70029 5.73238 5.74048 5.74604 5.74554 5.74386 5.73711 5.73153 5.72323 5.69275 2.15038 -0.607005 -9999 -9999 -9999 -9999 -9999 -9999
-9999 -9999 -9999 -9999 6.99142 7.17065 7.63591 8.82501 9.44864 9.70314 9.69843 9.81806 9.61766 8.96844 8.30157 7.67259 6.86018 7.32783 8.56155 9.28883 9.3716 7.94118 8.68346 8.40387 7.85354 6.24846 5.06531 4.43764 2.55498 0.94223 -0.433059 -2.33149 -1.51877 -0.623233 0.527257 2.46232 3.76926 4.30807 3.86128 4.46702 5.70218 5.71174 5.04021 5.08626 4.67592 3.62798 4.72209 5.03095 4.78444 4.85005 4.75733 4.92507 5.22939 5.52075 5.71533 5.74364 5.74893 5.74526 5.74744 5.75034 5.73881 5.74174 5.73346 5.71683 3.43076 -0.657509 -9999 -9999 -9999 -9999 -9999 -9999
-9999 -9999 -9999 -9999 -9999 6.37746 7.43437 9.01161 9.40498 9.37313 9.70178 9.73347 9.42394 9.15548 8.3454 7.23719 5.10548 5.65092 6.78671 8.42342 9.28345 9.16725 8.68693 7.85509 5.84346 4.0828 3.86805 3.57902 2.20482 0.962486 -0.566528 0.319374 1.29029 2.35297 2.91241 2.76981 3.89005 4.80411 4.42033 5.16275 6.02824 5.63983 5.41103 5.21919 4.74494 4.71799 4.76913 5.39108 4.96319 5.22842 5.23478 5.2217 5.37069 5.54207 5.72218 5.75361 5.75638 5.76182 5.74359 5.75318 5.74511 5.73699 5.72952 5.7155 5.5098 3.30736 1.99221 -9999 -9999 -9999 -9999 -9999
-9999 -9999 -9999 -9999 -9999 5.40744 5.93632 7.80354 8.3817 9.20881 9.64965 9.67338 9.14832 8.85708 7.6485 7.25826 5.28673 4.39468 5.15452 4.86503 7.1181 9.11148 8.67576 4.65111 3.19277 2.15227 2.41834 2.42 2.03698 -0.0769886 -0.659566 1.23249 2.42438 3.34853 4.05038 4.19837 4.17698 5.60516 5.79739 6.26342 6.16567 6.21134 5.49441 5.0515 5.4406 4.99378 4.91881 5.56132 4.93155 5.50397 5.43634 5.26678 5.25978 5.63796 5.71629 5.75868 5.76337 5.75109 5.73464 5.72602 5.74043 5.73682 5.71785 5.72059 5.70158 5.439 4.30044 3.90307 4.34528 -9999 -9999 -9999
-9999 -9999 -9999 -9999 -9999 -9999 4.20003 6.79352 7.9793 8.60461 9.48354 9.59258 9.31499 8.80858 7.57733 6.49471 4.73256 2.7194 1.65288 4.84891 7.63029 9.08189 8.88947 5.5394 4.21681 4.15478 4.93262 4.27499 3.77618 2.16956 1.68971 1.02312 1.43488 2.72229 3.77481 4.79065 5.53018 5.59322 6.07451 6.35167 6.37707 6.46584 6.38381 6.31716 5.62303 6.10457 5.69937 5.91706 5.7796 5.65565 5.54746 5.15207 5.43471 5.68534 5.75154 5.77303 5.76023 5.75906 5.75092 5.73004 5.72124 5.72172 5.72131 5.71033 5.7117 5.69878 5.57214 4.8875 3.97051 2.81173 -9999 -9999
-9999 -9999 -9999 -9999 -9999 -9999 2.9078 5.48852 6.73282 8.33496 9.16157 9.4983 9.45741 9.04755 8.11266 6.70384 5.53043 3.28281 0.94859 4.30277 7.29036 8.90293 8.9886 6.17184 6.95186 6.32072 6.57474 5.41966 4.93968 4.55963 3.73073 2.82461 1.83318 1.3098 3.67068 4.88418 5.86149 6.32388 6.58662 6.7193 6.65206 6.47707 5.4319 6.23296 6.19035 6.11265 6.02318 5.98069 5.89958 5.8037 5.74593 5.7273 5.46544 5.76601 5.76074 5.76669 5.77014 5.76449 5.75187 5.74117 5.72738 5.72899 5.72033 5.71184 5.70635 5.70219 5.69486 5.65819 5.47697 3.92064 2.99008 2.72855
-9999 -9999 -9999 -9999 -9999 -9999 -0.71228 3.0406 6.05738 7.63434 8.91781 9.27282 9.40727 8.85624 8.44473 7.43554 6.47983 5.00383 2.79164 1.42999 3.94101 7.5916 8.93644 8.8296 8.74532 8.01591 7.35856 7.2754 7.32471 6.55919 5.44453 3.98875 3.53504 3.02583 4.78463 5.02491 4.89876 6.83331 6.84036 6.73326 5.99675 5.17125 5.33079 4.82039 5.21259 4.60362 5.1668 5.65376 5.83657 5.82304 5.75829 5.75174 5.72435 5.77741 5.77822 5.77168 5.76721 5.76583 5.76073 5.74046 5.72989 5.74013 5.72564 5.71603 5.70578 5.70388 5.70088 5.67405 5.64968 5.41115 5.05204 4.36539
-9999 -9999 -9999 -9999 -9999 -9999 -0.548689 2.6074 5.28548 6.89224 8.43779 8.79859 9.32199 9.21236 8.78109 7.9041 6.80764 5.59323 3.69562 2.28547 3.96604 6.38903 8.12494 8.74519 8.73764 8.69591 8.53098 8.46269 8.27068 8.13317 7.33418 5.95873 5.1823 4.04592 6.00575 6.22723 5.9229 6.9025 6.85584 5.38026 4.24632 4.10718 4.80199 4.14475 4.0283 3.61894 4.08453 5.32948 4.96805 5.0411 5.60426 5.69864 5.75893 5.7765 5.77422 5.7733 5.76563 5.76912 5.77264 5.75271 5.74465 5.74171 5.72229 5.71858 5.7054 5.69411 5.68451 5.67066 5.64863 5.58153 5.50739 5.58522
-9999 -9999 -9999 -9999 -9999 -9999 -0.481739 1.64021 4.05041 6.415 8.06519 8.73244 9.21894 9.21635 8.71449 8.27967 7.59309 6.52487 5.79259 4.51973 2.77201 5.70557 6.60426 7.40514 7.74345 8.58004 8.5595 8.17603 7.72795 8.14107 8.01924 6.93113 6.57395 5.97056 7.06114 7.06528 7.03687 6.98048 5.73397 4.00059 2.61561 3.61629 3.40995 3.86936 2.44893 3.6197 4.56142 4.86782 4.23007 3.75731 5.22266 5.46628 5.61223 5.70636 5.76884 5.75597 5.7729 5.76634 5.76419 5.76166 5.75127 5.74579 5.73509 5.72397 5.71119 5.70153 5.68623 5.66664 5.66637 5.63023 5.61704 5.60383
-9999 -9999 -9999 -9999 -9999 -9999 -9999 0.390731 3.44362 6.17097 7.69052 8.64704 9.11425 9.10818 8.85259 8.55789 8.13281 7.36259 6.3944 4.86329 3.72688 4.45032 5.33066 5.42805 6.01448 7.71437 8.29511 7.47222 5.43613 6.63634 7.97601 7.95473 7.84114 7.71427 7.55044 7.4045 7.08359 6.22131 3.57591 3.05845 2.02222 2.14254 1.61199 2.77646 2.34049 3.53754 4.0571 4.25404 3.15 3.38293 4.68237 5.19794 5.11415 5.43131 5.73397 5.74582 5.75653 5.7509 5.75964 5.76432 5.76159 5.75048 5.7427 5.73746 5.71248 5.7144 5.61747 5.55495 5.42668 5.58853 5.60523 5.61315
-9999 -9999 -9999 -9999 -9999 -9999 -9999 -0.217547 2.8307 6.04211 7.07487 8.10577 8.9958 9.0154 8.6235 8.25082 7.86677 7.42913 6.25441 5.11516 4.02743 3.6631 3.88364 3.86258 4.81133 7.02613 7.4552 7.27261 5.14552 4.42654 6.21634 7.72078 7.83999 7.70466 5.93621 6.31468 5.36175 4.06893 3.71472 3.15024 1.95493 2.53365 1.65862 2.03677 1.93377 2.61406 2.94649 3.7551 2.79314 2.79674 4.07264 4.7175 4.73536 5.41225 5.65491 5.72008 5.73819 5.75191 5.75726 5.7704 5.76675 5.75939 5.74878 5.71901 5.64455 5.40756 4.12653 4.1299 4.48307 4.81736 5.42288 5.59436
-9999 -9999 -9999 -9999 -9999 -9999 -9999 0.134466 2.25041 5.10013 7.21163 7.3465 8.3742 8.90576 8.47936 7.99891 7.50723 7.29334 6.01471 4.60988 3.47501 2.13126 2.35405 3.32091 4.89613 6.32713 6.58345 6.28829 5.14757 5.6862 6.90714 7.55589 7.74791 7.59863 7.21452 6.99336 6.29206 5.98927 5.01491 3.49035 2.89118 3.27418 1.65549 1.77076 2.37198 1.73239 2.78361 3.28745 2.04485 3.03197 4.16128 4.73955 5.24542 5.48596 5.58312 5.73113 5.73727 5.75193 5.76108 5.76148 5.76394 5.74282 5.72569 5.59206 5.39372 4.20202 3.70142 3.80088 4.35458 4.83963 5.34566 5.55444
-9999 -9999 -9999 -9999 -9999 -9999 -9999 0.49441 2.39966 4.87079 6.37683 6.64812 7.78749 8.80084 8.69002 8.19003 8.03913 7.5207 6.43657 5.23879 3.92931 3.29339 1.82938 3.27323 4.41002 5.62213 6.18956 5.25213 4.78288 5.61585 6.44406 6.77549 7.61219 7.60554 7.33466 6.1622 5.59146 5.83535 5.59139 5.16271 4.11391 4.06916 3.39612 3.11844 2.85619 1.99486 2.54373 2.60006 2.7496 3.93491 4.52357 4.91453 5.27037 5.36532 5.52132 5.7232 5.74309 5.75262 5.75413 5.76029 5.74803 5.69362 5.64807 5.37683 4.89482 3.99341 2.52587 3.56001 4.64126 4.96482 5.27943 5.44423
-9999 -9999 -9999 -9999 -9999 -9999 -9999 0.169942 2.19367 4.30589 5.19028 5.34225 7.40245 8.66475 8.66902 8.43305 8.15704 6.87357 6.95087 6.69553 5.51447 3.79326 1.90263 2.08136 3.20672 4.80447 5.33472 3.78589 3.24005 3.64328 4.89529 6.01624 7.18673 7.48511 7.14359 5.31765 3.37724 4.27993 5.24439 5.24107 4.9607 3.98809 3.68057 3.40231 2.69304 1.48782 1.66354 1.99997 3.34534 3.77302 4.43279 4.9811 4.77713 4.89971 5.42452 5.72664 5.74024 5.74791 5.76014 5.7556 5.74004 5.62925 5.51175 5.31293 4.05272 3.26981 2.12693 3.45465 4.19236 4.58473 5.28722 5.45617
-9999 -9999 -9999 -9999 -9999 -9999 -9999 -0.456029 1.01309 3.03201 3.84696 5.14559 7.09256 8.05122 8.51183 8.50377 8.32045 7.74679 7.40257 6.72238 5.49371 3.81295 1.94434 0.728271 1.34837 3.49585 4.00546 2.57763 1.85299 2.75797 4.09232 6.06758 7.1968 7.35057 7.25016 6.87498 5.45878 3.74743 3.75518 4.61642 3.89944 3.06578 3.52728 3.44408 2.74374 2.23474 1.91917 2.1149 2.88192 3.2011 3.96299 5.08661 5.24934 5.21965 5.69405 5.71992 5.73323 5.75334 5.75508 5.75304 5.74113 5.65117 5.44682 4.60876 3.87814 2.86083 2.73673 3.91568 4.43463 4.91684 5.26246 5.3764
-9999 -9999 -9999 -9999 -9999 -9999 -9999 -1.5336 0.19441 2.08574 3.8568 5.53251 6.97501 7.08841 7.85014 7.85119 8.25118 8.13904 7.6073 7.03471 5.97633 3.81681 2.00108 0.0206254 0.544345 2.7374 3.01985 2.06482 0.299443 2.12476 4.13766 5.96217 6.95057 6.1784 6.973 6.90959 6.38007 5.36205 3.77819 3.8101 2.62364 2.57383 3.18601 3.38594 3.28606 2.90439 2.29071 2.39454 2.86007 2.9806 3.68096 4.5531 5.40584 5.55094 5.7154 5.72464 5.72957 5.74513 5.74913 5.73367 5.6924 5.59817 4.89597 4.06041 3.54644 2.83824 2.75402 4.11746 4.65996 4.96336 5.26227 5.38147
-9999 -9999 -9999 -9999 -9999 -9999 -9999 -9999 0.0173571 1.97115 3.41744 3.80842 5.0908 5.78418 6.32117 6.44172 7.97019 8.05618 7.71971 7.19387 6.29142 4.65311 3.51199 1.61244 0.247383 0.805039 1.0639 1.56719 1.42037 2.23517 4.1696 6.18497 6.40618 5.1284 5.31952 5.58894 6.19065 5.88811 3.72926 2.63332 1.72392 2.37299 3.05567 3.22217 3.25685 3.12713 2.97305 2.70951 3.62215 4.29798 4.45618 5.0458 5.48171 5.60368 5.69616 5.70958 5.72323 5.72573 5.70279 5.68676 5.58015 5.3384 4.55264 2.65987 2.75037 2.54738 1.95986 3.29323 4.12949 4.8839 5.28571 5.39093
-9999 -9999 -9999 -9999 -9999 -9999 -9999 -9999 -0.632542 1.62766 2.10671 2.07334 1.32775 1.67397 4.44766 5.00772 6.47363 7.86171 7.76166 7.2458 6.40153 5.42639 3.91575 1.77923 0.0818041 -0.635035 1.19041 2.983 3.35496 3.92946 5.1154 5.342 4.03606 2.81156 3.50167 3.91807 5.49977 5.78988 5.48451 4.18438 2.69758 1.92222 2.84099 2.96512 3.02166 3.03404 3.00564 2.96501 3.99194 4.562 4.95807 5.17467 5.54926 5.64676 5.67953 5.71054 5.70615 5.68928 5.63277 5.56816 5.27582 4.92139 3.6329 2.55894 1.88995 1.04019 2.96153 3.53149 4.31955 4.82822 5.22791 5.31707
