Test_Spring_2018b/02_18/Temp/20180207_016.txt
ncols	170
nrows	115
xllcorner	350000.000000
yllcorner	4445000.000000
cellsize	1000.000000
nodata_value	-9999.000000
[rows 32 to 63 of 115, columns 72 to 143 of 170]
11.5034 11.1705 11.6849 12.1584 11.8612 11.6619 12.4376 12.4371 12.1711 11.5469 11.318 11.0808 10.9356 10.1353 7.88934 5.8646 6.94961 6.97521 6.22462 7.56943 6.85793 5.00295 2.38452 3.80569 3.43393 1.5688 1.10358 -9999 -9999 -9999 -9999 -9999 -9999 -9999 -9999 -9999 -9999 -9999 -9999 -9999 -9999 -9999 -9999 -9999 -9999 -9999 -9999 -9999 -9999 -9999 -9999 -9999 -9999 -9999 -9999 -9999 -9999 -9999 -9999 -9999 -9999 -9999 -9999 -9999 -9999 -9999 -9999 -9999 -9999 -9999 -9999 -9999
11.0534 10.9105 11.6752 11.6592 11.6054 11.8713 12.352 12.448 12.3441 12.0718 11.8361 11.5856 10.9498 10.0341 8.11198 5.80727 5.28455 6.41247 6.46631 6.64714 5.99874 5.18427 3.91039 4.9514 5.35475 4.12856 2.52106 1.48642 -9999 -9999 -9999 -9999 -9999 -9999 -9999 -9999 -9999 -9999 -9999 -9999 -9999 -9999 -9999 -9999 -9999 -9999 -9999 -9999 -9999 -9999 -9999 -9999 -9999 -9999 -9999 -9999 -9999 -9999 -9999 -9999 -9999 -9999 -9999 -9999 -9999 -9999 -9999 -9999 -9999 -9999 -9999 -9999
10.5176 9.77627 10.2372 10.5833 11.2109 11.3725 11.468 12.3797 12.3311 12.2887 11.8992 11.5879 11.072 10.1907 8.93596 7.42514 4.79436 6.41648 7.68651 7.65359 7.58343 7.01264 5.78882 6.81062 6.85724 5.28691 3.50164 2.45697 2.02419 -9999 -9999 -9999 -9999 -9999 -9999 -9999 -9999 -9999 -9999 -9999 -9999 -9999 -9999 -9999 -9999 -9999 -9999 -9999 -9999 -9999 -9999 -9999 -9999 -9999 -9999 -9999 -9999 -9999 -9999 -9999 -9999 -9999 -9999 -9999 -9999 -9999 -9999 -9999 -9999 -9999 -9999 -9999
9.90931 9.00372 9.46753 10.0863 10.9514 11.3957 11.7366 12.0089 12.2868 12.2537 11.855 10.6778 10.5097 10.4589 9.6383 7.91588 6.19566 5.74998 7.68757 8.24185 8.12827 8.56018 7.52334 8.0116 7.80944 7.24953 5.53188 3.97046 3.32571 2.05306 -9999 -9999 -9999 -9999 -9999 -9999 -9999 -9999 -9999 -9999 -9999 -9999 -9999 -9999 -9999 -9999 -9999 -9999 -9999 -9999 -9999 -9999 -9999 -9999 -9999 -9999 -9999 -9999 -9999 -9999 -9999 -9999 -9999 -9999 -9999 -9999 -9999 -9999 -9999 -9999 -9999 -9999
-9999 -9999 8.42993 9.26461 9.95936 10.808 11.541 11.9098 12.2681 12.239 11.4421 11.0524 11.0184 10.4807 9.53337 8.93885 7.85585 6.72738 7.15833 8.81049 8.07488 9.24481 9.14464 9.35841 8.5742 7.07656 5.09083 3.92857 3.35144 2.31977 -9999 -9999 -9999 -9999 -9999 -9999 -9999 -9999 -9999 -9999 -9999 -9999 -9999 -9999 -9999 -9999 -9999 -9999 -9999 -9999 -9999 -9999 -9999 -9999 -9999 -9999 -9999 -9999 -9999 -9999 -9999 -9999 -9999 -9999 -9999 -9999 -9999 -9999 -9999 -9999 -9999 -9999
-9999 -9999 -9999 9.10619 9.63484 10.7756 11.3574 11.5965 12.1747 12.1757 11.8737 11.6458 11.3152 10.8834 10.1715 9.38604 8.36755 8.27338 9.33039 9.34318 9.1218 9.29451 9.83643 9.69175 8.47234 6.37426 5.26731 3.0117 2.04834 2.1453 1.46238 -9999 -9999 -9999 -9999 -9999 -9999 -9999 -9999 -9999 -9999 -9999 -9999 4.07678 -9999 -9999 -9999 -9999 -9999 -9999 -9999 -9999 -9999 -9999 -9999 -9999 -9999 -9999 -9999 -9999 -9999 -9999 -9999 -9999 -0.0297804 -9999 -9999 -9999 -9999 -9999 -9999 -9999
-9999 -9999 9.00715 9.70876 10.2631 10.9779 11.0429 11.4651 12.1298 12.1392 11.9249 11.6829 11.1392 11.0046 10.5996 9.74687 9.57268 9.91868 10.078 10.2583 10.369 10.278 10.0568 9.77089 8.97564 8.00368 7.35049 5.29384 4.24994 3.25571 1.75211 0.575841 -9999 -9999 -9999 -9999 -9999 -9999 -9999 3.28462 3.23005 3.2579 3.5884 4.4988 3.96496 -9999 -9999 -9999 -9999 -9999 -9999 -9999 -9999 -9999 -9999 -9999 -9999 -9999 -9999 -9999 -9999 -9999 -9999 -9999 0.787863 -0.394474 -9999 -9999 -9999 -9999 -9999 -9999
-9999 -9999 9.18608 9.93545 10.3094 11.0035 11.4003 11.6537 11.8838 12.1037 12.0664 11.7987 11.3916 11.3945 10.8337 10.5316 10.316 10.7841 10.8767 10.689 10.4533 10.2443 9.65449 9.58467 9.37906 8.76101 7.74797 6.7041 5.19098 3.14976 1.14824 -0.466139 -9999 -9999 -9999 -9999 -9999 -9999 3.44828 4.20534 4.65948 3.69845 4.52185 5.27432 5.15495 4.41519 -9999 -9999 -9999 -9999 -9999 -9999 -9999 -9999 -9999 -9999 -9999 -9999 -9999 -9999 6.38825 5.17679 2.72816 1.47346 0.720893 -0.354163 -9999 -9999 -9999 -9999 -9999 -9999
-9999 -9999 9.0335 9.91856 10.5178 11.0496 11.134 11.6769 11.9107 12.0285 12.0143 11.9612 11.8864 11.397 11.1869 10.4472 11.1562 11.13 10.951 10.2414 9.93341 8.7141 8.17655 8.04399 9.06606 8.30583 6.72149 4.74163 2.35909 2.19962 1.41183 -0.0314041 -9999 -9999 -9999 -9999 -9999 -9999 3.67765 4.48753 5.1638 5.26363 4.30839 5.64483 5.58373 4.83663 4.66687 5.27899 5.58897 5.35256 6.08334 6.29751 5.96765 6.32999 -9999 -9999 -9999 -9999 6.54992 6.60031 6.63869 6.13471 3.45963 1.63279 -0.00785914 -0.163491 -9999 -9999 -9999 -9999 -9999 -9999
-9999 -9999 9.64287 10.1875 10.4625 10.5064 10.9833 11.4574 11.7473 11.959 11.9158 11.8985 11.8804 11.7136 11.3251 11.3961 11.3655 11.139 9.78852 8.21177 8.89877 7.96306 5.95287 7.57422 8.46575 7.60428 5.68461 3.45915 2.72418 2.74962 1.65445 0.244525 -9999 -9999 -9999 1.45792 2.61637 2.71879 3.0619 4.14173 4.9636 5.58495 6.00731 5.98983 5.54271 4.81178 4.01702 4.29952 5.72771 6.07533 6.36364 6.58542 6.27907 6.43774 6.82045 7.01878 7.05991 6.97128 6.9521 6.98473 6.94053 6.47035 4.07937 2.71032 1.83695 0.0766653 -9999 -9999 -9999 -9999 -9999 -9999
-9999 -9999 9.29608 9.76954 10.1527 10.786 10.8525 11.255 11.4915 11.8447 11.8848 11.4686 11.8133 11.7697 11.7064 11.5709 11.3719 10.2323 8.66106 7.08546 6.35763 6.66286 5.45558 6.0679 6.97109 6.63723 5.45429 3.47105 3.18847 2.72109 0.879261 -0.891868 -9999 -9999 -0.792191 1.42894 2.99373 3.80203 4.054 4.08024 5.11547 5.19852 6.31231 6.04839 4.57474 4.74002 4.16847 4.53839 5.05893 5.20187 5.95078 6.67567 6.81279 6.81639 7.06032 7.11125 7.12531 7.12034 6.95692 7.03393 7.04702 6.75446 5.02119 4.17636 3.24197 0.0964182 -9999 -9999 -9999 -9999 -9999 -9999
-9999 -9999 9.53219 10.0612 10.6405 10.7334 11.1623 11.1172 10.9921 11.5912 11.8086 11.515 11.304 11.695 11.6691 11.6186 11.5345 10.4639 9.22433 7.34699 6.17997 5.46205 4.95328 4.26602 4.72783 4.58156 4.38671 4.6022 4.05388 2.96057 1.88176 -0.135082 -1.22558 -9999 -0.677044 0.325916 2.18684 3.76903 4.77445 4.41624 5.59333 5.81333 6.48866 6.09178 5.19603 4.8092 4.77452 4.65657 5.44705 5.97913 6.34993 6.6007 6.91336 6.99322 7.07376 7.10808 7.12747 7.14731 7.14486 7.14027 7.10678 6.99776 6.20151 5.35566 3.53179 0.198377 -9999 -9999 -9999 -9999 -9999 -9999
-9999 7.99032 9.46875 10.3564 10.6992 10.9462 11.1638 11.3211 11.4847 11.6395 11.7466 11.6999 10.9221 10.9868 11.1281 11.5714 11.5413 11.4455 10.7682 8.48386 7.69113 6.53223 5.03535 4.40384 4.71195 5.9325 5.8735 5.05813 4.1501 2.89295 2.0941 0.856877 -1.51595 -1.30328 -0.235115 0.560565 1.82599 3.75974 5.11628 5.72308 5.95379 6.42863 6.67747 6.13033 5.60864 5.38996 4.98501 4.92724 4.92951 5.40673 5.77518 6.60533 6.8845 7.01234 7.07822 7.11434 7.1412 7.16788 7.17833 7.16417 7.16674 7.16178 7.10246 5.97935 3.16732 1.04991 -9999 -9999 -9999 -9999 -9999 -9999
-9999 -9999 9.19188 9.58135 9.68208 9.85954 10.2246 10.6459 11.242 11.3187 11.6487 11.6473 10.9766 10.2031 10.8796 11.1494 11.4288 11.4384 11.3519 9.42777 8.4219 7.62888 6.19319 6.70271 7.1893 7.22202 6.92115 5.17749 3.44107 1.43631 -0.432447 -0.524168 -1.53053 -1.00017 -0.294399 1.51783 2.79422 3.31345 3.68734 5.65363 6.16464 6.33993 6.84352 6.15857 5.98255 5.467 5.6195 5.57366 5.57581 4.14801 5.57547 5.66016 6.59314 7.01335 7.10916 7.1363 7.16545 7.17166 7.17899 7.17665 7.18794 7.1741 7.15926 6.42947 2.86392 1.07402 -9999 -9999 -9999 -9999 -9999 -9999
-9999 -9999 -9999 -9999 9.31025 9.6068 9.79642 10.126 11.137 11.4098 11.5914 11.6076 11.3095 10.5435 10.3433 10.4858 9.73903 10.3657 11.2215 11.1993 11.0936 9.40338 8.53374 9.36545 9.10672 7.83315 6.82972 5.83934 3.80692 2.31472 0.173337 -1.43477 -1.49702 0.274007 1.74547 3.57938 4.39 3.93224 4.43364 5.4095 6.51911 7.05619 6.93084 6.20869 6.10507 5.31018 6.09024 6.15629 5.79234 5.4777 5.59873 6.06014 6.23649 6.9668 7.14449 7.17713 7.1844 7.18932 7.18821 7.18608 7.17795 7.17161 7.16241 7.13019 3.46502 0.613685 -9999 -9999 -9999 -9999 -9999 -9999
-9999 -9999 -9999 -9999 8.60375 8.78369 9.25963 10.4845 11.1233 11.3824 11.3739 11.4946 11.2849 10.6115 9.92051 9.26906 8.42779 8.91062 10.1856 10.9364 11.02 9.53793 10.3014 10.0088 9.43578 7.77149 6.54355 5.89019 3.93867 2.26417 0.838378 -1.12822 -0.289899 0.634519 1.8231 3.8237 5.17485 5.73156 5.26838 5.89404 7.17062 7.17917 6.48297 6.52886 6.1017 5.01553 6.14511 6.46234 6.20509 6.27075 6.17126 6.34307 6.65632 6.95635 7.15644 7.18471 7.18945 7.18485 7.18653 7.18875 7.17623 7.17865 7.16941 7.15147 4.78582 0.557683 -9999 -9999 -9999 -9999 -9999 -9999
-9999 -9999 -9999 -9999 -9999 7.95905 9.04705 10.6735 11.0741 11.0371 11.3736 11.4035 11.081 10.8016 9.96243 8.81525 6.60936 7.17262 8.34624 10.0376 10.9252 10.8025 10.3012 9.43716 7.35246 5.5272 5.30101 4.99796 3.57245 2.2812 0.696478 1.61021 2.61227 3.70969 4.28695 4.13834 5.29638 6.24119 5.84334 6.61032 7.5044 7.10118 6.86286 6.66256 6.16924 6.13918 6.18983 6.83094 6.38608 6.65827 6.66136 6.64621 6.79887 6.97487 7.16008 7.19164 7.19369 7.19858 7.17906 7.18833 7.17934 7.17028 7.16182 7.1465 6.93282 4.65541 3.29414 -9999 -9999 -9999 -9999 -9999
-9999 -9999 -9999 -9999 -9999 6.95155 7.49346 9.42004 10.0119 10.8637 11.3163 11.3381 10.7928 10.4894 9.23806 8.83365 6.79333 5.86962 6.65425 6.35301 8.68146 10.7409 10.2856 6.11879 4.60643 3.52615 3.79738 3.79511 3.39502 1.20219 0.596634 2.5513 3.78207 4.73628 5.46092 5.61267 5.58985 7.06641 7.2644 7.74539 7.64296 7.68866 6.9453 6.48522 6.88493 6.42051 6.34071 7.00312 6.34947 6.93951 6.86612 6.6892 6.6806 7.07063 7.15063 7.19359 7.19751 7.18414 7.16635 7.15692 7.17114 7.16666 7.14624 7.1482 7.12757 6.85682 5.6782 5.26614 5.72241 -9999 -9999 -9999
-9999 -9999 -9999 -9999 -9999 -9999 5.69352 8.3716 9.5922 10.2354 11.1414 11.2516 10.9601 10.4353 9.16092 8.04021 6.21639 4.13261 3.02819 6.33239 9.20725 10.7061 10.5025 7.0335 5.66159 5.59356 6.39428 5.71015 5.19044 3.5225 3.02336 2.33141 2.75532 4.08439 5.17175 6.22188 6.98614 7.05049 7.54728 7.833 7.85785 7.94806 7.86138 7.79046 7.06961 7.56552 7.14415 7.36715 7.22286 7.09264 6.97733 6.56691 6.85803 7.1162 7.18373 7.2046 7.19078 7.18889 7.17968 7.15714 7.14788 7.14757 7.14628 7.13399 7.13439 7.12193 6.99006 6.28084 5.33114 4.13116 -9999 -9999
-9999 -9999 -9999 -9999 -9999 -9999 4.35297 7.01812 8.2994 9.95326 10.8027 11.1473 11.1038 10.6789 9.71093 8.25267 7.03774 4.71131 2.29493 5.76283 8.85133 10.5167 10.6022 7.68338 8.48659 7.82996 8.08897 6.89044 6.3904 5.99131 5.13127 4.19169 3.16246 2.619 5.0604 6.31495 7.32511 7.80248 8.07312 8.20899 8.13791 7.95561 6.87257 7.69921 7.65231 7.56975 7.47503 7.42898 7.34306 7.24199 7.17886 7.15827 6.88625 7.19488 7.18874 7.19437 7.19735 7.19082 7.17695 7.16491 7.14955 7.15085 7.14167 7.13189 7.12516 7.12183 7.11337 7.07445 6.8859 5.27476 4.31082 4.03822
-9999 -9999 -9999 -9999 -9999 -9999 0.604354 4.48232 7.59339 9.22191 10.5445 10.9102 11.0481 10.477 10.0504 9.00539 8.01551 6.48715 4.1969 2.78612 5.38145 9.1548 10.5437 10.4282 10.3374 9.57932 8.89575 8.80626 8.85394 8.05612 6.8977 5.39012 4.91796 4.39028 6.20882 6.45657 6.32519 8.32533 8.3314 8.21916 7.45562 6.59988 6.76287 6.23364 6.63656 6.0045 6.58498 7.0867 7.2739 7.25813 7.18775 7.17758 7.14853 7.20263 7.20295 7.19564 7.19042 7.18828 7.18218 7.16022 7.14818 7.15755 7.14245 7.13128 7.12082 7.11992 7.11594 7.08724 7.061 6.81313 6.44045 5.72818
-9999 -9999 -9999 -9999 -9999 -9999 0.765263 4.02394 6.79123 8.4471 10.044 10.4156 10.9558 10.8412 10.394 9.48557 8.34996 7.09208 5.12716 3.66616 5.402 7.90596 9.69845 10.3349 10.325 10.2784 10.1044 10.0268 9.82521 9.67705 8.84864 7.42222 6.61788 5.44138 7.46781 7.69603 7.38024 8.39247 8.3429 6.815 5.6403 5.49449 6.21123 5.52921 5.40589 4.9815 5.46113 6.74704 6.3685 6.44256 7.02175 7.11856 7.18 7.19759 7.1947 7.1932 7.18465 7.18753 7.19032 7.16872 7.15927 7.15502 7.13366 7.12999 7.1151 7.10462 7.09532 7.08009 7.05633 6.98589 6.90662 6.98532
-9999 -9999 -9999 -9999 -9999 -9999 0.827931 3.01934 5.50971 7.94913 9.65425 10.3429 10.8447 10.8408 10.3204 9.86924 9.1575 8.05075 7.29122 5.97221 4.16172 7.19347 8.12042 8.94383 9.28644 10.1483 10.1238 9.72401 9.25591 9.68114 9.5508 8.42379 8.0531 7.42788 8.55504 8.55834 8.52789 8.46837 7.17757 5.38295 3.94856 4.98184 4.76642 5.23952 3.76742 4.9733 5.9454 6.2605 5.60082 5.11035 6.62268 6.87363 7.02394 7.12072 7.1848 7.17091 7.18778 7.18026 7.17718 7.17359 7.16176 7.15491 7.14261 7.12985 7.11707 7.10848 7.09173 7.06874 7.06756 7.03116 7.01663 7.00122
-9999 -9999 -9999 -9999 -9999 -9999 -9999 1.71975 4.87026 7.68941 9.25948 10.2474 10.7293 10.7217 10.456 10.1496 9.70823 8.90952 7.90575 6.31938 5.14104 5.88641 6.79405 6.88976 7.493 9.24814 9.84574 8.99159 6.87826 8.11494 9.49914 9.47577 9.35713 9.22487 9.05636 8.90431 8.5712 7.67797 4.94006 4.40104 3.32725 3.4497 2.89877 4.1009 3.64724 4.88347 5.419 5.62097 4.47736 4.71408 6.05721 6.58984 6.50258 6.83017 7.14416 7.15581 7.16623 7.15967 7.16785 7.17174 7.16787 7.15371 7.14439 7.13766 7.11238 7.11611 7.01494 6.94942 6.81591 6.98256 6.99908 7.00816
-9999 -9999 -9999 -9999 -9999 -9999 -9999 1.08042 4.2312 7.55108 8.61756 9.68232 10.6015 10.6203 10.2134 9.82629 9.42723 8.97252 7.7551 6.57415 5.44626 5.06652 5.29165 5.26508 6.24332 8.53128 8.97216 8.78049 6.56972 5.82406 7.67385 9.22868 9.35075 9.20962 7.37916 7.76953 6.78256 5.44385 5.07592 4.49033 3.25204 3.84877 2.94162 3.3308 3.22135 3.92314 4.26522 5.10004 4.10347 4.10282 5.42166 6.08801 6.10588 6.80553 7.05601 7.12286 7.14094 7.1544 7.15907 7.1717 7.16686 7.15811 7.14596 7.11399 7.0358 6.79148 5.46868 5.4714 5.83601 6.18113 6.80566 6.98544
-9999 -9999 -9999 -9999 -9999 -9999 -9999 1.4392 3.62563 6.57138 8.75369 8.89147 9.95295 10.5012 10.0585 9.55983 9.04936 8.82608 7.50119 6.04556 4.86901 3.47624 3.70386 4.70111 6.32578 7.8031 8.06541 7.75742 6.56662 7.12187 8.38316 9.05275 9.25003 9.09434 8.6958 8.46578 7.73904 7.42442 6.41499 4.83629 4.21475 4.60911 2.93281 3.05018 3.67025 3.00587 4.09162 4.61126 3.32447 4.34099 5.50833 6.10578 6.62843 6.87665 6.97658 7.12908 7.13478 7.1492 7.15784 7.15734 7.15891 7.13602 7.11725 6.97795 6.77176 5.53803 5.02485 5.12706 5.6992 6.20036 6.72517 6.94076
-9999 -9999 -9999 -9999 -9999 -9999 -9999 1.80596 3.7745 6.32862 7.88458 8.1634 9.34029 10.3869 10.2705 9.75151 9.59352 9.0552 7.93154 6.69015 5.33307 4.67263 3.15548 4.64627 5.81749 7.06852 7.65276 6.67149 6.18391 7.04362 7.89858 8.23983 9.10389 9.09564 8.81411 7.59995 7.0082 7.25907 7.0052 6.56018 5.4736 5.4256 4.72763 4.43865 4.16565 3.27196 3.83817 3.89498 4.04818 5.26981 5.87789 6.28156 6.64897 6.74656 6.90731 7.11551 7.13541 7.14455 7.14532 7.15085 7.13727 7.08006 7.03201 6.75051 6.25099 5.31769 3.80461 4.87379 5.99174 6.32907 6.65305 6.82325
-9999 -9999 -9999 -9999 -9999 -9999 -9999 1.46457 3.55571 5.73855 6.65141 6.80674 8.93609 10.2401 10.2427 9.9968 9.70936 8.37965 8.45746 8.19104 6.96689 5.18387 3.22552 3.40773 4.56779 6.21722 6.76308 5.14911 4.5823 4.9974 6.2907 7.44855 8.65778 8.96495 8.61026 6.72003 4.7114 5.64374 6.63995 6.63499 6.3434 5.3357 5.01597 4.72651 3.99123 2.74283 2.92218 3.26882 4.6555 5.09698 5.77861 6.34503 6.13332 6.25945 6.80168 7.11354 7.12693 7.13416 7.14607 7.14061 7.12371 7.0083 6.88594 6.67949 5.37512 4.56453 3.38539 4.76059 5.52326 5.93085 6.65738 6.83199
-9999 -9999 -9999 -9999 -9999 -9999 -9999 0.811161 2.32862 4.41493 5.25592 6.59735 8.6095 9.59935 10.074 10.0638 9.87222 9.27679 8.9186 8.21276 6.93944 5.19836 3.26288 2.00233 2.64115 4.85791 5.3788 3.89345 3.14165 4.07572 5.45407 7.49555 8.66197 8.81946 8.71407 8.32451 6.8581 5.08638 5.09298 5.98242 5.23929 4.37544 4.85135 4.76381 4.03787 3.5099 3.18097 3.38216 4.1706 4.49985 5.28714 6.44865 6.61624 6.5848 7.07485 7.10093 7.11402 7.13415 7.13526 7.13245 7.11944 7.0257 6.81364 5.94607 5.18969 4.13676 4.00786 5.23316 5.77308 6.27046 6.62793 6.74575
-9999 -9999 -9999 -9999 -9999 -9999 -9999 -0.30948 1.4758 3.43011 5.26011 6.99155 8.48181 8.59723 9.38333 9.38254 9.79438 9.67641 9.12429 8.52982 7.43272 5.19647 3.31574 1.26454 1.80369 4.06857 4.34741 3.3571 1.52863 3.41463 5.4948 7.38022 8.40084 7.60038 8.42075 8.35363 7.80442 6.74993 5.11014 5.14179 3.91311 3.86024 4.49216 4.69762 4.59295 4.19681 3.56084 3.66586 4.14238 4.26616 4.98978 5.89112 6.77244 6.92178 7.09118 7.10004 7.10447 7.11991 7.12341 7.10681 7.06353 6.9655 6.23859 5.37377 4.84164 4.10863 4.02112 5.43525 6.00204 6.31453 6.62381 6.74717
-9999 -9999 -9999 -9999 -9999 -9999 -9999 -9999 1.28666 3.30556 4.79956 5.20198 6.52657 7.24192 7.79553 7.91835 9.49757 9.58459 9.23452 8.68848 7.75276 6.05572 4.87288 2.90538 1.4907 2.06057 2.31823 2.83639 2.6821 3.52266 5.52151 7.60421 7.8311 6.5075 6.70352 6.98064 7.6016 7.28727 5.05275 3.91781 2.97587 3.64608 4.35108 4.5221 4.55674 4.42132 4.26116 3.98186 4.92503 5.62324 5.78601 6.39508 6.84517 6.97053 7.06544 7.0786 7.09204 7.094 7.06969 7.05258 6.94183 6.69134 5.87814 3.91986 4.01318 3.80294 3.19496 4.57797 5.44763 6.22822 6.64403 6.75303
-9999 -9999 -9999 -9999 -9999 -9999 -9999 -9999 0.608387 2.94422 3.43764 3.40105 2.6278 2.98402 5.85135 6.42885 7.9434 9.3774 9.27196 8.7363 7.86083 6.84984 5.28477 3.07214 1.31361 0.55963 2.44507 4.29497 4.67719 5.26901 6.49343 6.7256 5.37259 4.10398 4.81609 5.24521 6.87992 7.17868 6.86157 5.51553 3.97644 3.17332 4.12268 4.25002 4.30741 4.31908 4.28886 4.24222 5.30186 5.89065 6.29946 6.52261 6.90922 7.00922 7.0423 7.07364 7.06841 7.05036 6.99139 6.92412 6.62136 6.25444 4.92136 3.81026 3.11811 2.239 4.22645 4.82005 5.63769 6.16642 6.58016 6.67264
