Test_Spring_2018b/02_18/Temp/20180213_023.txt
ncols	170
nrows	115
xllcorner	350000.000000
yllcorner	4445000.000000
cellsize	1000.000000
nodata_value	-9999.000000
[rows 31 to 61 of 115, columns 71 to 141 of 170]
7.05772 7.24635 6.89511 6.93216 7.78138 7.97457 7.96415 7.8925 7.81421 7.41423 7.28193 6.96731 6.41143 6.17974 5.18905 1.98088 2.89155 3.24881 2.3199 2.84123 3.68856 2.95378 0.769979 -0.169723 -1.68429 -1.20115 -1.65233 -2.87107 -9999 -9999 -9999 -9999 -9999 -9999 -9999 -9999 -9999 -9999 -9999 -9999 -9999 -9999 -9999 -9999 -9999 -9999 -9999 -9999 -9999 -9999 -9999 -9999 -9999 -9999 -9999 -9999 -9999 -9999 -9999 -9999 -9999 -9999 -9999 -9999 -9999 -9999 -9999 -9999 -9999 -9999 -9999
6.87589 6.85613 6.51799 7.04521 7.53086 7.24165 7.04968 7.84793 7.84999 7.58079 6.94561 6.71388 6.47348 6.32692 5.51138 3.21966 1.15385 2.26354 2.29161 1.52731 2.90289 2.17903 0.2878 -2.38272 -0.9281 -1.30408 -3.19092 -3.6539 -9999 -9999 -9999 -9999 -9999 -9999 -9999 -9999 -9999 -9999 -9999 -9999 -9999 -9999 -9999 -9999 -9999 -9999 -9999 -9999 -9999 -9999 -9999 -9999 -9999 -9999 -9999 -9999 -9999 -9999 -9999 -9999 -9999 -9999 -9999 -9999 -9999 -9999 -9999 -9999 -9999 -9999 -9999
6.57881 6.4027 6.25854 7.04127 7.02689 6.98248 7.26945 7.76649 7.867 7.76329 7.48742 7.24885 6.99493 6.34749 5.41426 3.45322 1.10158 0.569644 1.72333 1.78045 1.96746 1.30798 0.479173 -0.818488 0.247846 0.663233 -0.577983 -2.2003 -3.24411 -9999 -9999 -9999 -9999 -9999 -9999 -9999 -9999 -9999 -9999 -9999 -9999 -9999 -9999 -9999 -9999 -9999 -9999 -9999 -9999 -9999 -9999 -9999 -9999 -9999 -9999 -9999 -9999 -9999 -9999 -9999 -9999 -9999 -9999 -9999 -9999 -9999 -9999 -9999 -9999 -9999 -9999
6.12918 5.86149 5.10615 5.5787 5.93405 6.59417 6.76954 6.86975 7.80319 7.75598 7.71491 7.3193 7.00329 6.47833 5.58023 4.30072 2.75975 0.0752661 1.73359 3.03256 3.00129 2.93223 2.35222 1.10566 2.15234 2.20344 0.618995 -1.18377 -2.24695 -2.68547 -9999 -9999 -9999 -9999 -9999 -9999 -9999 -9999 -9999 -9999 -9999 -9999 -9999 -9999 -9999 -9999 -9999 -9999 -9999 -9999 -9999 -9999 -9999 -9999 -9999 -9999 -9999 -9999 -9999 -9999 -9999 -9999 -9999 -9999 -9999 -9999 -9999 -9999 -9999 -9999 -9999
5.50362 5.24599 4.32298 4.79847 5.43231 6.32778 6.79432 7.14974 7.4304 7.71657 7.68509 7.28011 6.07998 5.91025 5.86015 5.02392 3.26687 1.51214 1.05898 3.03959 3.60789 3.49449 3.93836 2.88272 3.38464 3.18177 2.62302 0.887256 -0.695374 -1.35025 -2.64648 -9999 -9999 -9999 -9999 -9999 -9999 -9999 -9999 -9999 -9999 -9999 -9999 -9999 -9999 -9999 -9999 -9999 -9999 -9999 -9999 -9999 -9999 -9999 -9999 -9999 -9999 -9999 -9999 -9999 -9999 -9999 -9999 -9999 -9999 -9999 -9999 -9999 -9999 -9999 -9999
-9999 -9999 -9999 3.74457 4.60856 5.32342 6.19985 6.95573 7.335 7.70343 7.67603 6.8645 6.46853 6.43566 5.88838 4.9227 4.3173 3.21319 2.06278 2.50488 4.19423 3.44567 4.64317 4.54406 4.76579 3.9687 2.46064 0.44273 -0.73203 -1.31768 -2.36769 -9999 -9999 -9999 -9999 -9999 -9999 -9999 -9999 -9999 -9999 -9999 -9999 -9999 -9999 -9999 -9999 -9999 -9999 -9999 -9999 -9999 -9999 -9999 -9999 -9999 -9999 -9999 -9999 -9999 -9999 -9999 -9999 -9999 -9999 -9999 -9999 -9999 -9999 -9999 -9999
-9999 -9999 -9999 -9999 4.45236 4.99771 6.16559 6.77396 7.02094 7.61389 7.61731 7.31115 7.08042 6.74464 6.30543 5.58009 4.77965 3.74131 3.64695 4.72828 4.74362 4.52016 4.69945 5.25609 5.11198 3.8796 1.74935 0.623454 -1.66215 -2.64194 -2.53927 -3.23325 -9999 -9999 -9999 -9999 -9999 -9999 -9999 -9999 -9999 -9999 -9999 -9999 -0.539219 -9999 -9999 -9999 -9999 -9999 -9999 -9999 -9999 -9999 -9999 -9999 -9999 -9999 -9999 -9999 -9999 -9999 -9999 -9999 -9999 -4.67523 -9999 -9999 -9999 -9999 -9999
-9999 -9999 -9999 4.34483 5.07552 5.64481 6.37797 6.4538 6.89248 7.57397 7.586 7.36944 7.12435 6.57086 6.43505 6.0229 5.15364 4.97729 5.33227 5.49689 5.68328 5.79892 5.709 5.48657 5.19847 4.40669 3.41894 2.75676 0.666358 -0.387438 -1.39872 -2.93047 -4.12837 -9999 -9999 -9999 -9999 -9999 -9999 -9999 -1.34829 -1.40269 -1.37277 -1.03357 -0.101949 -0.644793 -9999 -9999 -9999 -9999 -9999 -9999 -9999 -9999 -9999 -9999 -9999 -9999 -9999 -9999 -9999 -9999 -9999 -9999 -9999 -3.83374 -5.03997 -9999 -9999 -9999 -9999
-9999 -9999 -9999 4.54351 5.31212 5.69746 6.40983 6.81856 7.0908 7.32859 7.55578 7.51998 7.2485 6.83444 6.83886 6.26755 5.96033 5.74154 6.22102 6.31744 6.12798 5.88989 5.67968 5.08103 5.01385 4.82384 4.19792 3.16877 2.10812 0.57996 -1.50009 -3.54001 -5.18507 -9999 -9999 -9999 -9999 -9999 -9999 -1.17566 -0.401594 0.0632882 -0.916658 -0.0741989 0.696164 0.576643 -0.162402 -9999 -9999 -9999 -9999 -9999 -9999 -9999 -9999 -9999 -9999 -9999 -9999 -9999 -9999 1.88922 0.652479 -1.84742 -3.12802 -3.89564 -4.99231 -9999 -9999 -9999 -9999
-9999 -9999 -9999 4.39233 5.29984 5.91568 6.46261 6.55266 7.11491 7.36197 7.48502 7.47277 7.42041 7.34552 6.84704 6.63358 5.87933 6.60442 6.57896 6.39798 5.67551 5.36371 4.12193 3.57692 3.46015 4.50927 3.7387 2.12675 0.110883 -2.30891 -2.46336 -3.26362 -4.73372 -9999 -9999 -9999 -9999 -9999 -9999 -0.934775 -0.107002 0.584506 0.687693 -0.286112 1.08059 1.03327 0.273599 0.103707 0.732379 1.05261 0.822632 1.57362 1.79488 1.46031 1.83219 -9999 -9999 -9999 -9999 2.06088 2.11244 2.1517 1.63722 -1.09405 -2.95896 -4.63344 -4.78604 -9999 -9999 -9999 -9999
-9999 -9999 -9999 5.019 5.57932 5.86447 5.91362 6.40489 6.89698 7.20108 7.42158 7.37951 7.36351 7.34625 7.17679 6.78092 6.85409 6.82364 6.59354 5.21605 3.60806 4.31223 3.35958 1.31654 2.98479 3.90116 3.02782 1.07407 -1.19198 -1.92911 -1.89473 -3.00854 -4.44293 -9999 -9999 -9999 -3.19581 -2.0121 -1.90696 -1.55615 -0.452987 0.386988 1.02174 1.45457 1.4452 0.996591 0.253742 -0.553986 -0.261506 1.20093 1.55996 1.86669 2.09598 1.7856 1.95048 2.3427 2.54622 2.58885 2.49863 2.47909 2.51233 2.46707 1.98693 -0.454932 -1.85247 -2.74352 -4.53479 -9999 -9999 -9999 -9999
-9999 -9999 -9999 4.67087 5.15875 5.55455 6.20756 6.27985 6.69499 6.94369 7.31073 7.35371 6.93025 7.28334 7.23946 7.17525 7.03737 6.83472 5.672 4.06892 2.46207 1.72159 2.04112 0.812944 1.45045 2.37901 2.04574 0.848304 -1.1701 -1.45224 -1.91736 -3.79112 -5.59589 -9999 -9999 -5.48725 -3.21823 -1.61987 -0.79424 -0.536776 -0.509718 0.547895 0.633634 1.77239 1.51051 0.0133133 0.18573 -0.393587 -0.0114207 0.526767 0.676948 1.45206 2.19629 2.33873 2.34437 2.5949 2.64788 2.66274 2.65781 2.49079 2.56912 2.58217 2.28321 0.513349 -0.348986 -1.29828 -4.50881 -9999 -9999 -9999 -9999
-9999 -9999 -9999 4.91926 5.46426 6.06065 6.16028 6.60278 6.56059 6.44005 7.05476 7.28183 6.98332 6.76873 7.16839 7.14216 7.09068 7.0051 5.91251 4.64805 2.73303 1.54416 0.818548 0.303983 -0.381587 0.0968027 -0.0454764 -0.237275 -0.0101574 -0.56142 -1.66557 -2.76208 -4.81574 -5.92618 -9999 -5.3624 -4.33749 -2.43702 -0.821478 0.205031 -0.160754 1.04149 1.26693 1.96257 1.55975 0.652629 0.264144 0.232992 0.117021 0.928731 1.47747 1.86647 2.1258 2.44847 2.53206 2.61577 2.65173 2.67192 2.69214 2.68929 2.68408 2.64935 2.53763 1.72444 0.864429 -0.997003 -4.39928 -9999 -9999 -9999 -9999
-9999 -9999 3.3383 4.8588 5.77039 6.12568 6.38303 6.61011 6.77522 6.94925 7.11035 7.2221 7.17779 6.38423 6.45042 6.59453 7.04704 7.01625 6.91893 6.22841 3.89777 3.09399 1.91855 0.395703 -0.23676 0.0852527 1.33924 1.28674 0.461813 -0.458029 -1.72962 -2.53788 -3.79684 -6.21542 -5.99608 -4.90408 -4.09106 -2.79894 -0.824722 0.560017 1.17935 1.41502 1.90415 2.16008 1.60658 1.08132 0.862311 0.453429 0.39928 0.406523 0.898682 1.285 2.13741 2.42536 2.55852 2.62726 2.66498 2.69267 2.71971 2.72982 2.71464 2.71652 2.71089 2.65276 1.50645 -1.36345 -3.52401 -9999 -9999 -9999 -9999
-9999 -9999 -9999 4.58055 4.98385 5.09231 5.27896 5.6569 6.09182 6.70741 6.78879 7.12798 7.12822 6.44516 5.65519 6.34559 6.62058 6.90572 6.91577 6.82841 4.8698 3.8467 3.04199 1.58198 2.11486 2.61962 2.66121 2.36225 0.58993 -1.17533 -3.21019 -5.11263 -5.2015 -6.22409 -5.6797 -4.95789 -3.10707 -1.80401 -1.27446 -0.893381 1.11391 1.63811 1.82013 2.3366 1.64016 1.46793 0.94606 1.10672 1.06509 1.07255 -0.380188 1.0875 1.17771 2.13354 2.56592 2.66547 2.69395 2.72386 2.72983 2.73658 2.73328 2.7439 2.73091 2.71622 1.97159 -1.66817 -3.49422 -9999 -9999 -9999 -9999
-9999 -9999 -9999 -9999 -9999 4.71785 5.02634 5.22532 5.56669 6.60596 6.88759 7.07529 7.09316 6.78948 6.0078 5.80274 5.9475 5.18459 5.82556 6.70195 6.68224 6.57855 4.85791 3.98117 4.83824 4.58234 3.29047 2.27451 1.27175 -0.795401 -2.3068 -4.48742 -6.12457 -6.18436 -4.37334 -2.86868 -0.995911 -0.168662 -0.63693 -0.125854 0.872289 2.00612 2.55608 2.43042 1.69613 1.59788 0.791021 1.59275 1.66562 1.29953 0.983698 1.11737 1.5924 1.77572 2.52396 2.70714 2.74178 2.74924 2.75376 2.75175 2.74852 2.74046 2.73368 2.7244 2.69208 -1.04934 -3.95915 -9999 -9999 -9999 -9999
-9999 -9999 -9999 -9999 -9999 4.00173 4.19129 4.68271 5.93841 6.59751 6.86512 6.85861 6.98319 6.76959 6.08189 5.37578 4.7098 3.85071 4.34449 5.64829 6.41797 6.50767 4.99972 5.7907 5.49989 4.92334 3.23275 1.98778 1.32938 -0.654967 -2.35247 -3.8023 -5.80545 -4.94564 -3.99915 -2.78411 -0.740819 0.638234 1.20589 0.732792 1.37176 2.67608 2.68639 1.9779 2.02797 1.5994 0.495266 1.65406 1.98359 1.72661 1.79926 1.70774 1.88713 2.21028 2.51917 2.7252 2.75494 2.75998 2.75469 2.75544 2.75712 2.74369 2.74583 2.7365 2.7188 0.304368 -4.01125 -9999 -9999 -9999 -9999
-9999 -9999 -9999 -9999 -9999 -9999 3.35463 4.47102 6.13674 6.55265 6.51783 6.8635 6.89524 6.5664 6.28092 5.42344 4.25131 1.99865 2.57456 3.77487 5.50512 6.41577 6.29596 5.79549 4.92134 2.80125 0.946348 0.724327 0.423675 -1.02352 -2.3297 -3.94183 -3.00386 -1.97689 -0.853787 -0.263023 -0.414507 0.767403 1.73143 1.32477 2.10806 3.02184 2.61173 2.37083 2.16959 1.6735 1.64783 1.70497 2.36528 1.91676 2.20034 2.21353 2.202 2.36115 2.54337 2.73416 2.76723 2.76939 2.77381 2.75301 2.76165 2.75182 2.74225 2.73375 2.71875 2.50175 0.178071 -1.20975 -9999 -9999 -9999
-9999 -9999 -9999 -9999 -9999 -9999 2.33124 2.88989 4.86192 5.4731 6.34565 6.80989 6.83332 6.27691 5.96755 4.68909 4.27536 2.19171 1.24961 2.05276 1.74832 4.13029 6.23867 5.78525 1.53846 0.00267674 -1.09164 -0.805867 -0.799534 -1.1998 -3.42668 -4.03908 -2.0383 -0.777865 0.198956 0.940199 1.0958 1.07185 2.57877 2.78089 3.27223 3.16852 3.21687 2.4603 1.9938 2.40962 1.94039 1.86427 2.54624 1.88445 2.49249 2.42754 2.25074 2.24515 2.64585 2.72916 2.77385 2.77812 2.76383 2.74477 2.73448 2.7484 2.74357 2.72289 2.72556 2.70571 2.43105 1.22973 0.811587 1.28049 -9999
-9999 -9999 -9999 -9999 -9999 -9999 -9999 1.05711 3.7963 5.04937 5.70886 6.63595 6.74961 6.45475 5.91812 4.61594 3.47095 1.60852 -0.518592 -1.64348 1.73364 4.67351 6.20942 6.0129 2.47843 1.08578 1.02479 1.85092 1.16068 0.637957 -1.05306 -1.55702 -2.25891 -1.82248 -0.461633 0.650128 1.72234 2.50224 2.56729 3.07406 3.36708 3.39344 3.48727 3.40128 3.33211 2.60371 3.11495 2.68989 2.923 2.78111 2.65346 2.54568 2.13029 2.43061 2.69656 2.76709 2.78998 2.77569 2.7732 2.76301 2.73915 2.72965 2.72914 2.72805 2.7162 2.71782 2.70687 2.57433 1.85266 0.885784 -0.336366
-9999 -9999 -9999 -9999 -9999 -9999 -9999 -0.306612 2.41909 3.73407 5.42545 6.29682 6.65176 6.60706 6.17257 5.18356 3.69412 2.45366 0.0789395 -2.38673 1.15753 4.31697 6.02267 6.11609 3.14831 3.97629 3.31383 3.58637 2.37041 1.86733 1.47181 0.599028 -0.355936 -1.40127 -1.95312 0.540536 1.82167 2.85288 3.33992 3.61598 3.75479 3.68453 3.50078 2.39737 3.24464 3.20438 3.12473 3.03297 2.99106 2.90848 2.8103 2.75576 2.73822 2.46332 2.78239 2.77751 2.78366 2.78663 2.77953 2.76471 2.75172 2.73545 2.73747 2.72854 2.71928 2.7136 2.71189 2.70525 2.66789 2.47805 0.835843
-9999 -9999 -9999 -9999 -9999 -9999 -9999 -4.12922 -0.165397 3.021 4.68601 6.04152 6.4153 6.55597 5.97254 5.53653 4.46937 3.45895 1.89934 -0.437443 -1.8753 0.77926 4.63707 6.0631 5.95759 5.87224 5.1056 4.41511 4.33106 4.38674 3.58391 2.40958 0.87392 0.396653 -0.140595 1.71721 1.9705 1.83633 3.87857 3.88475 3.77045 2.99156 2.12166 2.29049 1.75399 2.173 1.53197 2.12934 2.64642 2.84237 2.83092 2.76896 2.76451 2.73715 2.79462 2.79593 2.78894 2.78365 2.78117 2.77446 2.75153 2.73881 2.74818 2.7344 2.72375 2.71438 2.71506 2.71286 2.68574 2.6614 2.41098
-9999 -9999 -9999 -9999 -9999 -9999 -9999 -3.95648 -0.62146 2.20689 3.9044 5.53601 5.91605 6.46773 6.35072 5.894 4.96662 3.80764 2.5244 0.519911 -0.969231 0.806778 3.36916 5.20483 5.86732 5.86565 5.82498 5.65422 5.58547 5.38607 5.24663 4.40513 2.95513 2.1362 0.93652 3.00677 3.24037 2.91817 3.95195 3.90161 2.34199 1.14346 0.996052 1.73329 1.03982 0.921696 0.49295 0.986983 2.30444 1.92523 2.00509 2.60659 2.70812 2.77386 2.79332 2.79135 2.79036 2.78178 2.78459 2.78716 2.76477 2.75488 2.75049 2.72891 2.7277 2.71364 2.7045 2.69673 2.68315 2.66109 2.59155
-9999 -9999 -9999 -9999 -9999 -9999 -9999 -3.88699 -1.64193 0.903467 3.40167 5.14391 5.84777 6.36063 6.35684 5.82572 5.36554 4.63961 3.51085 2.73727 1.39308 -0.452258 2.64757 3.60053 4.45372 4.81314 5.70007 5.68177 5.28013 4.81557 5.25455 5.12944 3.98171 3.60556 2.96889 4.12104 4.12521 4.09467 4.03435 2.71685 0.885126 -0.578415 0.478256 0.26036 0.750042 -0.745393 0.492438 1.48937 1.81546 1.14577 0.648804 2.20321 2.4631 2.61845 2.7187 2.78512 2.77153 2.78903 2.78138 2.77813 2.77431 2.76215 2.75525 2.74302 2.7306 2.72086 2.71351 2.69801 2.67871 2.67962 2.64417
-9999 -9999 -9999 -9999 -9999 -9999 -9999 -9999 -2.96294 0.262947 3.1433 4.74776 5.75741 6.25013 6.24289 5.9721 5.66007 5.21047 4.39651 3.37372 1.75667 0.556905 1.32208 2.25572 2.36613 2.98818 4.78656 5.40294 4.5367 2.39202 3.66429 5.08141 5.0606 4.94187 4.80867 4.63721 4.48297 4.14364 3.23228 0.437366 -0.110931 -1.20597 -1.07911 -1.63943 -0.404473 -0.859688 0.4064 0.957141 1.16731 0.00339959 0.256735 1.63248 2.17853 2.0912 2.42706 2.74759 2.76014 2.77115 2.76462 2.77303 2.77702 2.77315 2.76027 2.75128 2.74519 2.72326 2.72841 2.62665 2.56144 2.42696 2.59902
-9999 -9999 -9999 -9999 -9999 -9999 -9999 -9999 -3.60274 -0.383341 3.00833 4.09865 5.18693 6.12635 6.14633 5.73167 5.33738 4.93121 4.46861 3.22769 2.02453 0.876095 0.492135 0.726302 0.714071 1.71847 4.06033 4.51609 4.32577 2.08706 1.32969 3.22202 4.81261 4.93967 4.7975 2.92994 3.32981 2.32308 0.957147 0.582559 -0.0141126 -1.27701 -0.665825 -1.58993 -1.18998 -1.28853 -0.568489 -0.215652 0.640341 -0.373794 -0.362849 0.988027 1.67045 1.69034 2.40608 2.66283 2.73179 2.75074 2.7648 2.76981 2.78292 2.77825 2.76971 2.75787 2.72597 2.64711 2.40203 1.05254 1.05677 1.43063 1.78464
-9999 -9999 -9999 -9999 -9999 -9999 -9999 -9999 -3.22983 -0.995228 2.0144 4.24419 4.38605 5.47097 6.0318 5.58079 5.07276 4.55296 4.32676 2.97609 1.49236 0.294066 -1.12458 -0.888222 0.134368 1.80901 3.32261 3.59551 3.28592 2.08906 2.65978 3.951 4.63756 4.84141 4.68444 4.27916 4.04572 3.30491 2.98489 1.95543 0.344817 -0.288221 0.116344 -1.5932 -1.47092 -0.83506 -1.4994 -0.387523 0.146298 -1.16453 -0.112926 1.08119 1.6931 2.22833 2.48305 2.58609 2.74255 2.74893 2.76408 2.77324 2.77305 2.77502 2.75209 2.73349 2.59198 2.38233 1.12362 0.60411 0.709699 1.29521 1.80828
-9999 -9999 -9999 -9999 -9999 -9999 -9999 -9999 -2.84862 -0.836598 1.77312 3.36339 3.64938 4.85229 5.92209 5.80449 5.27587 5.1161 4.56824 3.42302 2.15797 0.77516 0.104069 -1.44148 0.0847318 1.29633 2.57841 3.1796 2.19764 1.70364 2.58501 3.46117 3.81238 4.69707 4.6907 4.405 3.16678 2.56397 2.82152 2.56372 2.11082 1.00298 0.955841 0.245233 -0.0475275 -0.323762 -1.22196 -0.64088 -0.579951 -0.418069 0.840514 1.46338 1.87728 2.2539 2.35476 2.51989 2.73327 2.75421 2.76403 2.76524 2.77128 2.75783 2.69989 2.65139 2.36462 1.85537 0.903305 -0.637144 0.455617 1.59824 1.9413
-9999 -9999 -9999 -9999 -9999 -9999 -9999 -9999 -3.19042 -1.05328 1.17731 2.11094 2.2709 4.44649 5.77928 5.78328 5.53359 5.24169 3.88576 3.96734 3.69774 2.45052 0.632957 -1.36336 -1.17364 0.0225796 1.71508 2.27672 0.648895 0.0737476 0.500959 1.82458 3.00957 4.24671 4.56246 4.20213 2.27366 0.224163 1.17769 2.19645 2.19297 1.89693 0.869816 0.545376 0.252027 -0.496393 -1.76319 -1.5707 -1.21406 0.216384 0.669156 1.36698 1.94695 1.73216 1.86212 2.41677 2.73601 2.75033 2.75826 2.77089 2.76575 2.74893 2.63157 2.50717 2.29699 0.965805 0.138922 -1.06419 0.344576 1.12421 1.54369
-9999 -9999 -9999 -9999 -9999 -9999 -9999 -9999 -3.85077 -2.29948 -0.167475 0.692781 2.06394 4.11992 5.132 5.61804 5.6091 5.41513 4.80896 4.4453 3.72691 2.42935 0.654444 -1.31871 -2.60243 -1.94651 0.333048 0.87633 -0.627401 -1.39162 -0.434614 0.975781 3.06301 4.25643 4.41936 4.31365 3.9176 2.42185 0.614296 0.622593 1.53244 0.775323 -0.104932 0.383015 0.295752 -0.443233 -0.979948 -1.30089 -1.09003 -0.273392 0.0646551 0.87025 2.0578 2.23025 2.19929 2.70064 2.72807 2.7421 2.76322 2.76484 2.76242 2.74958 2.65432 2.43829 1.55297 0.781256 -0.293188 -0.424039 0.831699 1.38122 1.89455
-9999 -9999 -9999 -9999 -9999 -9999 -9999 -9999 -4.98822 -3.1635 -1.1663 0.703851 2.47328 3.99638 4.11561 4.91972 4.9204 5.34257 5.22391 4.66216 4.05741 2.9397 0.659039 -1.25834 -3.34956 -2.79556 -0.471422 -0.161487 -1.16916 -3.03286 -1.10389 1.02309 2.95095 3.99549 3.18027 4.01989 3.95313 3.39398 2.31881 0.645984 0.679917 -0.573011 -0.625203 0.0219869 0.233849 0.129165 -0.273043 -0.914579 -0.794776 -0.296797 -0.168642 0.571873 1.49371 2.39492 2.54853 2.72245 2.73229 2.73748 2.7538 2.75786 2.74136 2.69758 2.59791 1.8561 0.973508 0.430691 -0.317194 -0.40589 1.03876 1.61939 1.9437
