Test_Spring_2018b/02_18/Temp/20180228_000.txt
ncols	170
nrows	115
xllcorner	350000.000000
yllcorner	4445000.000000
cellsize	1000.000000
nodata_value	-9999.000000
[rows 31 to 61 of 115, columns 70 to 139 of 170]
2.73887 3.33758 3.56375 3.16341 3.21369 4.21056 4.44086 4.43601 4.37144 4.28743 3.82986 3.68275 3.32391 2.685 2.42237 1.27896 -2.43777 -1.37405 -0.95229 -2.02286 -1.40997 -0.418412 -1.26268 -3.78837 -4.87001 -6.61869 -6.04859 -6.56388 -7.9693 -9999 -9999 -9999 -9999 -9999 -9999 -9999 -9999 -9999 -9999 -9999 -9999 -9999 -9999 -9999 -9999 -9999 -9999 -9999 -9999 -9999 -9999 -9999 -9999 -9999 -9999 -9999 -9999 -9999 -9999 -9999 -9999 -9999 -9999 -9999 -9999 -9999 -9999 -9999 -9999 -9999
2.86683 3.14553 3.12959 2.74419 3.36313 3.93379 3.60815 3.4001 4.33791 4.34725 4.04161 3.31109 3.04869 2.77618 2.61258 1.67265 -0.980338 -3.37096 -2.076 -2.03606 -2.91546 -1.31111 -2.14306 -4.32959 -7.42036 -5.72352 -6.15114 -8.33275 -8.85795 -9999 -9999 -9999 -9999 -9999 -9999 -9999 -9999 -9999 -9999 -9999 -9999 -9999 -9999 -9999 -9999 -9999 -9999 -9999 -9999 -9999 -9999 -9999 -9999 -9999 -9999 -9999 -9999 -9999 -9999 -9999 -9999 -9999 -9999 -9999 -9999 -9999 -9999 -9999 -9999 -9999
2.1384 2.81975 2.62211 2.46162 3.37691 3.36712 3.32612 3.67317 4.26169 4.38539 4.27198 3.95866 3.68856 3.40059 2.6559 1.57955 -0.689566 -3.41189 -4.02219 -2.67605 -2.60234 -2.3777 -3.13526 -4.08914 -5.58699 -4.34114 -3.85065 -5.28308 -7.15433 -8.35004 -9999 -9999 -9999 -9999 -9999 -9999 -9999 -9999 -9999 -9999 -9999 -9999 -9999 -9999 -9999 -9999 -9999 -9999 -9999 -9999 -9999 -9999 -9999 -9999 -9999 -9999 -9999 -9999 -9999 -9999 -9999 -9999 -9999 -9999 -9999 -9999 -9999 -9999 -9999 -9999
1.15407 2.31688 2.01273 1.14274 1.69788 2.11709 2.90014 3.11577 3.23928 4.32977 4.28209 4.24148 3.78934 3.42952 2.82717 1.79172 0.313643 -1.46784 -4.57639 -2.64473 -1.13001 -1.15897 -1.23162 -1.89708 -3.33596 -2.11322 -2.04578 -3.87399 -5.95001 -7.17603 -7.67719 -9999 -9999 -9999 -9999 -9999 -9999 -9999 -9999 -9999 -9999 -9999 -9999 -9999 -9999 -9999 -9999 -9999 -9999 -9999 -9999 -9999 -9999 -9999 -9999 -9999 -9999 -9999 -9999 -9999 -9999 -9999 -9999 -9999 -9999 -9999 -9999 -9999 -9999 -9999
-9999 1.6097 1.31703 0.252272 0.810691 1.55303 2.60629 3.16207 3.58245 3.91549 4.2549 4.22563 3.76284 2.37714 2.18721 2.13605 1.17248 -0.8598 -2.88941 -3.40843 -1.10286 -0.436247 -0.560657 -0.0381462 -1.25573 -0.665481 -0.89302 -1.53048 -3.53052 -5.3585 -6.11079 -7.6075 -9999 -9999 -9999 -9999 -9999 -9999 -9999 -9999 -9999 -9999 -9999 -9999 -9999 -9999 -9999 -9999 -9999 -9999 -9999 -9999 -9999 -9999 -9999 -9999 -9999 -9999 -9999 -9999 -9999 -9999 -9999 -9999 -9999 -9999 -9999 -9999 -9999 -9999
-9999 -9999 -9999 -9999 -0.394252 0.621704 1.46352 2.48984 3.37537 3.82301 4.25808 4.23376 3.29936 2.84714 2.81622 2.18815 1.07437 0.378609 -0.896036 -2.22445 -1.70464 0.262744 -0.599096 0.797763 0.690033 0.954881 0.0375466 -1.694 -4.0298 -5.3842 -6.05613 -7.26702 -9999 -9999 -9999 -9999 -9999 -9999 -9999 -9999 -9999 -9999 -9999 -9999 -9999 -9999 -9999 -9999 -9999 -9999 -9999 -9999 -9999 -9999 -9999 -9999 -9999 -9999 -9999 -9999 -9999 -9999 -9999 -9999 -9999 -9999 -9999 -9999 -9999 -9999
-9999 -9999 -9999 -9999 -9999 0.458048 1.10317 2.46593 3.18226 3.47655 4.17241 4.1841 3.83643 3.57618 3.19386 2.69131 1.85648 0.934282 -0.264161 -0.367163 0.894267 0.918573 0.66587 0.880768 1.53384 1.37391 -0.0462783 -2.50285 -3.80167 -6.44688 -7.57614 -7.44914 -8.2468 -9999 -9999 -9999 -9999 -9999 -9999 -9999 -9999 -9999 -9999 -9999 -9999 -5.04293 -9999 -9999 -9999 -9999 -9999 -9999 -9999 -9999 -9999 -9999 -9999 -9999 -9999 -9999 -9999 -9999 -9999 -9999 -9999 -9999 -9.74999 -9999 -9999 -9999
-9999 -9999 -9999 -9999 0.337991 1.20358 1.87149 2.72987 2.82683 3.34522 4.14408 4.16601 3.92255 3.64585 3.01101 2.86065 2.38929 1.38716 1.18895 1.60723 1.80448 2.02703 2.16758 2.06978 1.81848 1.49129 0.589871 -0.548805 -1.30938 -3.72946 -4.94283 -6.10846 -7.87821 -9.26064 -9999 -9999 -9999 -9999 -9999 -9999 -9999 -5.98386 -6.04226 -6.00296 -5.60483 -4.51918 -5.14469 -9999 -9999 -9999 -9999 -9999 -9999 -9999 -9999 -9999 -9999 -9999 -9999 -9999 -9999 -9999 -9999 -9999 -9999 -9999 -8.75746 -10.1542 -9999 -9999
-9999 -9999 -9999 -9999 0.596013 1.49496 1.9495 2.78393 3.26627 3.59283 3.87702 4.1489 4.11548 3.80835 3.33547 3.34793 2.69184 2.34189 2.09425 2.65677 2.77461 2.56067 2.29042 2.05277 1.36463 1.29371 1.09004 0.371363 -0.815003 -2.0377 -3.8034 -6.20917 -8.56843 -10.4696 -9999 -9999 -9999 -9999 -9999 -9999 -5.77085 -4.86775 -4.32377 -5.4568 -4.47491 -3.5767 -3.71119 -4.5597 -9999 -9999 -9999 -9999 -9999 -9999 -9999 -9999 -9999 -9999 -9999 -9999 -9999 -9999 -2.11273 -3.54448 -6.44246 -7.92557 -8.81347 -10.0833 -9999 -9999
-9999 -9999 -9999 -9999 0.436823 1.49706 2.21924 2.86186 2.97461 3.6374 3.93312 4.08442 4.07858 4.02596 3.94684 3.37571 3.1349 2.26602 3.11364 3.08989 2.8855 2.05268 1.6966 0.261506 -0.364555 -0.484342 0.740652 -0.145817 -2.0084 -4.33947 -7.13706 -7.31031 -8.23056 -9.92837 -9999 -9999 -9999 -9999 -9999 -9999 -5.47362 -4.50846 -3.70177 -3.57809 -4.70443 -3.11446 -3.16075 -4.03856 -4.23171 -3.49782 -3.12164 -3.38329 -2.51231 -2.25028 -2.63313 -2.19602 -9999 -9999 -9999 -9999 -1.90497 -1.84096 -1.7916 -2.38526 -5.55196 -7.71341 -9.65403 -9.82777 -9999 -9999
-9999 -9999 -9999 -9999 1.17991 1.83729 2.17584 2.24099 2.81964 3.4014 3.76339 4.03178 3.99124 3.98068 3.96832 3.77888 3.32621 3.41744 3.38804 3.12666 1.53352 -0.327099 0.495849 -0.607099 -2.96507 -1.02078 0.0502163 -0.955389 -3.21446 -5.83563 -6.68005 -6.63376 -7.91759 -9.56951 -9999 -9999 -9999 -8.09301 -6.71329 -6.58589 -6.17388 -4.88916 -3.91021 -3.17378 -2.66799 -2.66888 -3.18817 -4.04668 -4.98024 -4.63665 -2.93493 -2.51346 -2.15707 -1.88558 -2.24017 -2.03967 -1.57892 -1.33726 -1.2825 -1.38217 -1.40015 -1.35726 -1.40584 -1.9595 -4.79417 -6.41345 -7.4451 -9.52591 -9999 -9999
-9999 -9999 -9999 -9999 0.792464 1.36584 1.83289 2.60268 2.69518 3.18578 3.48521 3.91967 3.978 3.49469 3.91218 3.86849 3.80066 3.64682 3.41738 2.07341 0.218241 -1.64129 -2.49513 -2.11257 -3.53134 -2.7835 -1.69827 -2.08006 -3.45564 -5.78932 -6.10781 -6.63651 -8.80493 -10.891 -9999 -9999 -10.7418 -8.10188 -6.24096 -5.2775 -4.974 -4.93839 -3.70712 -3.604 -2.27889 -2.57341 -4.30968 -4.10599 -4.77956 -4.33201 -3.69902 -3.52004 -2.61492 -1.75055 -1.57972 -1.56751 -1.27105 -1.20392 -1.18123 -1.18181 -1.37086 -1.2756 -1.25653 -1.59999 -3.65088 -4.64885 -5.74693 -9.47553 -9999 -9999
-9999 -9999 -9999 -9999 1.09975 1.73976 2.43985 2.56382 3.08604 3.04561 2.91668 3.63897 3.91076 3.57255 3.33126 3.80228 3.77844 3.72474 3.63099 2.36821 0.905818 -1.31154 -2.68594 -3.51708 -4.10762 -4.89043 -4.32728 -4.48412 -4.69814 -4.42576 -5.05853 -6.32867 -7.59232 -9.96927 -11.2496 -9999 -10.5802 -9.3841 -7.17261 -5.2925 -4.09664 -4.51715 -3.11826 -2.85326 -2.03755 -2.50156 -3.55312 -3.99729 -4.02963 -4.16026 -3.21407 -2.57702 -2.12005 -1.81398 -1.43781 -1.335 -1.232 -1.18447 -1.15544 -1.12669 -1.12512 -1.12676 -1.16315 -1.28935 -2.23007 -3.22444 -5.38237 -9.33353 -9999 -9999
-9999 -9999 -9999 -0.730698 1.0439 2.10953 2.53 2.83721 3.10961 3.31032 3.52319 3.71906 3.85745 3.81392 2.90068 2.98464 3.15839 3.68947 3.65914 3.55126 2.7548 0.0549272 -0.868541 -2.2225 -3.98257 -4.70834 -4.32649 -2.86267 -2.91482 -3.86321 -4.92163 -6.38628 -7.31672 -8.76907 -11.5693 -11.3068 -10.0321 -9.08192 -7.5765 -5.28021 -3.66873 -2.94612 -2.66919 -2.09426 -1.79377 -2.43019 -3.03831 -3.28891 -3.75976 -3.81876 -3.80633 -3.23092 -2.77744 -1.78686 -1.44736 -1.28999 -1.20423 -1.15452 -1.11665 -1.07987 -1.06316 -1.0763 -1.07017 -1.07327 -1.13683 -2.46458 -5.79108 -8.3007 -9999 -9999
-9999 -9999 -9999 -9999 0.735006 1.2109 1.34508 1.5704 2.01803 2.53201 3.2574 3.36079 3.76309 3.77171 2.98636 2.0766 2.88426 3.20918 3.54538 3.56199 3.46543 1.20254 0.0217285 -0.905192 -2.59216 -1.96536 -1.37122 -1.31428 -1.65229 -3.70001 -5.73943 -8.08985 -10.2889 -10.3835 -11.5627 -10.9242 -10.0791 -7.92446 -6.40637 -5.78678 -5.34021 -3.0069 -2.39231 -2.17586 -1.57262 -2.37715 -2.57556 -3.17774 -2.98769 -3.03228 -3.01972 -4.70162 -2.99329 -2.88417 -1.7702 -1.26536 -1.14587 -1.10679 -1.06624 -1.0538 -1.04089 -1.04017 -1.02384 -1.03474 -1.0476 -1.90886 -6.13047 -8.25182 -9999 -9999
-9999 -9999 -9999 -9999 -9999 -9999 0.924592 1.29144 1.53148 1.93696 3.15407 3.48984 3.71629 3.74516 3.40029 2.49996 2.26827 2.44196 1.56176 2.31141 3.33558 3.319 3.20537 1.21562 0.20616 1.20895 0.920458 -0.570014 -1.74001 -2.8945 -5.2842 -7.02709 -9.54898 -11.4404 -11.5017 -9.39233 -7.63974 -5.45968 -4.49383 -5.03231 -4.43491 -3.27038 -1.95025 -1.30796 -1.44993 -2.29836 -2.41089 -3.34386 -2.40989 -2.32168 -2.74277 -3.10533 -2.94536 -2.38979 -2.17249 -1.2993 -1.08166 -1.03764 -1.02308 -1.01224 -1.00941 -1.00853 -1.01289 -1.01685 -1.02419 -1.05872 -5.39831 -8.77736 -9999 -9999
-9999 -9999 -9999 -9999 -9999 -9999 0.107383 0.336259 0.915741 2.38236 3.1582 3.47761 3.47854 3.63115 3.3907 2.5994 1.78609 1.01879 0.0275084 0.60633 2.12552 3.02522 3.13619 1.39347 2.31965 1.99042 1.32993 -0.623169 -2.05887 -2.81366 -5.10725 -7.06618 -8.74 -11.0563 -10.0504 -8.94445 -7.5274 -5.14987 -3.54364 -2.87975 -3.42358 -2.67742 -1.15934 -1.14326 -1.96157 -1.89964 -2.39547 -3.67345 -2.32511 -1.93909 -2.23364 -2.14545 -2.24698 -2.03466 -1.65522 -1.29206 -1.048 -1.00828 -0.997403 -0.997907 -0.99181 -0.984749 -0.995822 -0.989304 -0.996587 -1.01407 -3.81354 -8.82403 -9999 -9999
-9999 -9999 -9999 -9999 -9999 -9999 -9999 -0.621007 0.683751 2.62613 3.11964 3.08792 3.49742 3.54212 3.16779 2.84317 1.85412 0.499435 -2.1093 -1.43507 -0.0358675 1.97879 3.0427 2.91118 2.33869 1.33258 -1.1192 -3.26294 -3.51144 -3.85108 -5.52134 -7.02622 -8.88853 -7.79164 -6.59188 -5.28107 -4.58863 -4.75819 -3.38083 -2.25673 -2.72373 -1.80998 -0.745026 -1.21674 -1.49224 -1.72186 -2.29597 -2.32227 -2.25246 -1.48258 -1.99948 -1.66659 -1.6467 -1.6561 -1.46715 -1.25113 -1.02487 -0.981384 -0.973545 -0.96294 -0.981717 -0.966659 -0.973436 -0.980383 -0.986574 -1.00078 -1.24987 -3.9485 -5.55766 -9999
-9999 -9999 -9999 -9999 -9999 -9999 -9999 -1.79516 -1.13781 1.15993 1.87991 2.90105 3.44797 3.48283 2.84424 2.4923 1.0147 0.540068 -1.87244 -2.95988 -2.02145 -2.36802 0.403626 2.85821 2.34042 -2.57977 -4.3534 -5.61445 -5.27369 -5.25717 -5.71255 -8.28609 -8.98837 -6.65822 -5.18771 -4.04682 -3.17985 -2.99271 -3.01496 -1.26062 -1.02126 -0.446223 -0.561979 -0.50146 -1.37526 -1.91256 -1.42827 -1.96926 -2.05404 -1.259 -2.02344 -1.31406 -1.38492 -1.58625 -1.58864 -1.11921 -1.01782 -0.960953 -0.950595 -0.961794 -0.9783 -0.985617 -0.964738 -0.966047 -0.986216 -0.979744 -0.999872 -1.3204 -2.71301 -3.19684
-9999 -9999 -9999 -9999 -9999 -9999 -9999 -9999 -3.25159 -0.0637245 1.40107 2.1747 3.25856 3.39795 3.06563 2.44842 0.942684 -0.380547 -2.5362 -4.99871 -6.29783 -2.37156 1.0477 2.83802 2.61843 -1.47506 -3.08259 -3.1445 -2.17674 -2.96881 -3.56653 -5.51833 -6.095 -6.90172 -6.38774 -4.79971 -3.50305 -2.25304 -1.34236 -1.26136 -0.667762 -0.32361 -0.288247 -0.174745 -0.270114 -0.346107 -1.18968 -0.592632 -1.0823 -0.808135 -0.96918 -1.11364 -1.23422 -1.71255 -1.36003 -1.04711 -0.96069 -0.928696 -0.940301 -0.937873 -0.944133 -0.966122 -0.973979 -0.970138 -0.967407 -0.977608 -0.972623 -0.987051 -1.13909 -1.97503
-9999 -9999 -9999 -9999 -9999 -9999 -9999 -9999 -4.82111 -1.64913 -0.112618 1.85834 2.88081 3.30157 3.25547 2.75685 1.61464 -0.108226 -1.54192 -4.29165 -7.14654 -3.02568 0.647875 2.63531 2.75195 -0.683622 0.285936 -0.474145 -0.149055 -1.55149 -2.12667 -2.57512 -3.5801 -4.6808 -5.88388 -6.51734 -3.61756 -2.12509 -0.922733 -0.351946 -0.0260154 0.140589 0.0640285 -0.146149 -1.4221 -0.434322 -0.479187 -0.567766 -0.670491 -0.715419 -0.807584 -0.917834 -0.976583 -0.99325 -1.30839 -0.933075 -0.934011 -0.922385 -0.914064 -0.91708 -0.928776 -0.9382 -0.951424 -0.945558 -0.954046 -0.961054 -0.964338 -0.968004 -0.973701 -1.01525
-9999 -9999 -9999 -9999 -9999 -9999 -9999 -9999 -9.24433 -4.63568 -0.922122 1.01732 2.60063 3.04047 3.20956 2.53817 2.03787 0.805205 -0.361361 -2.16496 -4.87014 -6.53164 -3.44259 1.04278 2.70476 2.59091 2.50035 1.6192 0.826411 0.737379 0.810394 -0.110907 -1.46131 -3.23696 -3.78318 -4.40083 -2.23903 -1.93944 -2.08956 0.286191 0.29897 0.171915 -0.726472 -1.73126 -1.53008 -2.15088 -1.6627 -2.40264 -1.70544 -1.10151 -0.870359 -0.879909 -0.947161 -0.94705 -0.97527 -0.904006 -0.898438 -0.902149 -0.903509 -0.901254 -0.903645 -0.924702 -0.933876 -0.917524 -0.931139 -0.939027 -0.950136 -0.951047 -0.951341 -0.980775
-9999 -9999 -9999 -9999 -9999 -9999 -9999 -9999 -9.02464 -5.14362 -1.85386 0.127573 2.02754 2.4747 3.12087 2.99091 2.46671 1.39643 0.0576016 -1.42513 -3.74456 -5.46552 -3.3967 -0.413963 1.72483 2.5023 2.50694 2.4681 2.27827 2.21306 1.98939 1.83768 0.867842 -0.806623 -1.75101 -3.1375 -0.72914 -0.452403 -0.820701 0.3847 0.331939 -1.47242 -2.85776 -3.02329 -2.1631 -2.96275 -3.09793 -3.59468 -3.01727 -1.48434 -1.91815 -1.82189 -1.11915 -0.99793 -0.917147 -0.890831 -0.889093 -0.885904 -0.891162 -0.882878 -0.874623 -0.895156 -0.901155 -0.900855 -0.920737 -0.920912 -0.933081 -0.945471 -0.956369 -0.96984
-9999 -9999 -9999 -9999 -9999 -9999 -9999 -9999 -8.92536 -6.31454 -3.35328 -0.442026 1.58637 2.40943 3.01067 3.01224 2.40185 1.87394 1.03783 -0.265497 -1.1563 -2.70899 -4.84299 -1.23753 -0.122118 0.876411 1.30877 2.34655 2.3335 1.87527 1.34409 1.86052 1.7243 0.398502 -0.0320448 -0.765132 0.577721 0.588222 0.558431 0.494116 -1.02923 -3.14934 -4.84219 -3.61025 -3.85766 -3.285 -5.01874 -3.57456 -2.41335 -2.03097 -2.80829 -3.38136 -1.57245 -1.26635 -1.08246 -0.962345 -0.881241 -0.892693 -0.867767 -0.871727 -0.870344 -0.869462 -0.878207 -0.880928 -0.890032 -0.899644 -0.910754 -0.921268 -0.936331 -0.953664
-9999 -9999 -9999 -9999 -9999 -9999 -9999 -9999 -9999 -7.82839 -4.07182 -0.722473 1.14584 2.32364 2.9014 2.89896 2.59077 2.23496 1.71978 0.782096 -0.397578 -2.26659 -3.651 -2.75473 -1.66091 -1.5247 -0.794431 1.30091 2.02422 1.02659 -1.45132 0.0346453 1.68565 1.66754 1.53558 1.38668 1.19091 1.0176 0.62947 -0.422506 -3.66044 -4.28841 -5.55339 -5.40036 -6.04496 -4.6071 -5.13396 -3.65999 -3.01649 -2.76851 -4.11547 -3.81586 -2.21504 -1.57795 -1.67587 -1.28249 -0.909296 -0.89043 -0.873085 -0.875839 -0.861045 -0.851234 -0.850508 -0.857575 -0.862848 -0.865018 -0.890618 -0.887214 -1.00225 -1.07521
-9999 -9999 -9999 -9999 -9999 -9999 -9999 -9999 -9999 -8.5506 -4.80736 -0.864464 0.407326 1.67658 2.773 2.80235 2.32739 1.87626 1.41158 0.881721 -0.551137 -1.93988 -3.26485 -3.70241 -3.42245 -3.42675 -2.25298 0.472877 1.00959 0.796246 -1.78778 -2.66011 -0.457607 1.39447 1.54781 1.38858 -0.773152 -0.303395 -1.46604 -3.04552 -3.47442 -4.16104 -5.62087 -4.90578 -5.97261 -5.50299 -5.61697 -4.77666 -4.36274 -3.36512 -4.5381 -4.51941 -2.94733 -2.1518 -2.12511 -1.29073 -0.988834 -0.904627 -0.878204 -0.857183 -0.846435 -0.826122 -0.82636 -0.831117 -0.839848 -0.872076 -0.959123 -1.24453 -2.81444 -2.80661
-9999 -9999 -9999 -9999 -9999 -9999 -9999 -9999 -9999 -8.10316 -5.50274 -2.00309 0.591304 0.762388 2.02787 2.68512 2.16814 1.58513 0.988684 0.733199 -0.827055 -2.54149 -3.92447 -5.563 -5.28069 -4.08586 -2.13262 -0.368213 -0.0438856 -0.395786 -1.77039 -1.1014 0.403505 1.20645 1.44899 1.27266 0.80807 0.54289 -0.311103 -0.67672 -1.86566 -3.72906 -4.45795 -3.98271 -5.96114 -5.81379 -5.07059 -5.84195 -4.54704 -3.9232 -5.44037 -4.2129 -2.82331 -2.10944 -1.48451 -1.18502 -1.06142 -0.875619 -0.863788 -0.841562 -0.826103 -0.821369 -0.81408 -0.835703 -0.852415 -1.01197 -1.25087 -2.70758 -3.31987 -3.19423
-9999 -9999 -9999 -9999 -9999 -9999 -9999 -9999 -9999 -7.6459 -5.30368 -2.26801 -0.415639 -0.0770843 1.32553 2.57366 2.44378 1.837 1.65845 1.02968 -0.292167 -1.75291 -3.35014 -4.12124 -5.9071 -4.12795 -2.71212 -1.21657 -0.511362 -1.63585 -2.2023 -1.17276 -0.149516 0.264301 1.29709 1.29563 0.969907 -0.461322 -1.15513 -0.850432 -1.14384 -1.6637 -2.94369 -2.99274 -3.81191 -4.14628 -4.46164 -5.50454 -4.82559 -4.75048 -4.55782 -3.09042 -2.36364 -1.87939 -1.43836 -1.3173 -1.12153 -0.869623 -0.840882 -0.824886 -0.818748 -0.806914 -0.81767 -0.880086 -0.931647 -1.2599 -1.84657 -2.94741 -4.74506 -3.4736
-9999 -9999 -9999 -9999 -9999 -9999 -9999 -9999 -9999 -8.02758 -5.54003 -2.9442 -1.85372 -1.66124 0.870426 2.42394 2.43533 2.15236 1.82052 0.253938 0.355824 0.0502929 -1.38969 -3.49148 -5.80063 -5.5727 -4.1778 -2.20292 -1.54371 -3.41757 -4.07819 -3.5757 -2.03307 -0.6515 0.790433 1.16291 0.750657 -1.48159 -3.85434 -2.74192 -1.55384 -1.55217 -1.8901 -3.07656 -3.44764 -3.78275 -4.64614 -6.11618 -5.88892 -5.47054 -3.80269 -3.27312 -2.45919 -1.78203 -2.02722 -1.87225 -1.22431 -0.849461 -0.82838 -0.81461 -0.795301 -0.79656 -0.811357 -0.942888 -1.08268 -1.32217 -2.86282 -3.8184 -5.21917 -3.58665
-9999 -9999 -9999 -9999 -9999 -9999 -9999 -9999 -9999 -8.77884 -6.97105 -4.48946 -3.48395 -1.88562 0.507405 1.68887 2.25982 2.25634 2.03819 1.34174 0.926849 0.100389 -1.39812 -3.45051 -5.73289 -7.21509 -6.44617 -3.79105 -3.15004 -4.88288 -5.76289 -4.64547 -3.00203 -0.573233 0.818084 1.01331 0.896658 0.442937 -1.28713 -3.37914 -3.3638 -2.30224 -3.17537 -4.1915 -3.61984 -3.71586 -4.56835 -5.18621 -5.55972 -5.31033 -4.35489 -3.95834 -3.01919 -1.63674 -1.43236 -1.46399 -0.877783 -0.841524 -0.820749 -0.791691 -0.785215 -0.783412 -0.793731 -0.899751 -1.14603 -2.16918 -3.06063 -4.30357 -4.45158 -3.00523
-9999 -9999 -9999 -9999 -9999 -9999 -9999 -9999 -9999 -10.0837 -7.95842 -5.63309 -3.45534 -1.39461 0.380136 0.525533 1.46572 1.47347 1.97041 1.83972 1.19488 0.500228 -0.789656 -3.42911 -5.64685 -8.06627 -7.41568 -4.71239 -4.33317 -5.49554 -7.65148 -5.40593 -2.93072 -0.686743 0.531938 -0.407914 0.572643 0.50115 -0.141911 -1.38395 -3.31974 -3.27482 -4.72348 -4.77871 -4.02236 -3.77133 -3.88775 -4.34954 -5.09464 -4.95153 -4.36568 -4.21263 -3.34887 -2.27465 -1.22434 -1.04162 -0.835293 -0.819362 -0.8088 -0.785298 -0.776038 -0.790678 -0.837013 -0.9483 -1.80491 -2.82503 -3.45094 -4.31496 -4.41407 -2.74283
