Test_Spring_2018b/02_18/Temp/20180228_023.txt
ncols	170
nrows	115
xllcorner	350000.000000
yllcorner	4445000.000000
cellsize	1000.000000
nodata_value	-9999.000000
[rows 31 to 61 of 115, columns 70 to 139 of 170]
0.413402 1.21885 1.51335 0.948483 1.00172 2.35912 2.65707 2.6349 2.52074 2.38973 1.74619 1.52843 1.0202 0.127775 -0.248493 -1.83286 -6.947 -5.50357 -4.94056 -6.42444 -5.59889 -4.25372 -5.42659 -8.90572 -10.4038 -12.8167 -12.0377 -12.7587 -14.6995 -9999 -9999 -9999 -9999 -9999 -9999 -9999 -9999 -9999 -9999 -9999 -9999 -9999 -9999 -9999 -9999 -9999 -9999 -9999 -9999 -9999 -9999 -9999 -9999 -9999 -9999 -9999 -9999 -9999 -9999 -9999 -9999 -9999 -9999 -9999 -9999 -9999 -9999 -9999 -9999 -9999
0.579264 0.945554 0.907748 0.363196 1.1963 1.96316 1.50409 1.19663 2.46361 2.46064 2.02552 1.00755 0.63164 0.241862 0.00146989 -1.30379 -4.95884 -8.25392 -6.4933 -6.45414 -7.67593 -5.49061 -6.6471 -9.66157 -13.9163 -11.6037 -12.2051 -15.2016 -15.9377 -9999 -9999 -9999 -9999 -9999 -9999 -9999 -9999 -9999 -9999 -9999 -9999 -9999 -9999 -9999 -9999 -9999 -9999 -9999 -9999 -9999 -9999 -9999 -9999 -9999 -9999 -9999 -9999 -9999 -9999 -9999 -9999 -9999 -9999 -9999 -9999 -9999 -9999 -9999 -9999 -9999
-0.429733 0.488704 0.201501 -0.0347091 1.20477 1.17531 1.10876 1.56002 2.34802 2.50191 2.3305 1.88482 1.49841 1.08745 0.0499742 -1.44244 -4.571 -8.32121 -9.17431 -7.34368 -7.25845 -6.96613 -8.02109 -9.3453 -11.4156 -9.72236 -9.06517 -11.0338 -13.6183 -15.27 -9999 -9999 -9999 -9999 -9999 -9999 -9999 -9999 -9999 -9999 -9999 -9999 -9999 -9999 -9999 -9999 -9999 -9999 -9999 -9999 -9999 -9999 -9999 -9999 -9999 -9999 -9999 -9999 -9999 -9999 -9999 -9999 -9999 -9999 -9999 -9999 -9999 -9999 -9999 -9999
-1.78994 -0.211203 -0.644648 -1.85422 -1.10887 -0.549945 0.506884 0.780942 0.934569 2.41461 2.33339 2.26185 1.62575 1.11628 0.274061 -1.16228 -3.20585 -5.66565 -9.94586 -7.31237 -5.25084 -5.30685 -5.42282 -6.35201 -8.34213 -6.68127 -6.60518 -9.11904 -11.9808 -13.6784 -14.3817 -9999 -9999 -9999 -9999 -9999 -9999 -9999 -9999 -9999 -9999 -9999 -9999 -9999 -9999 -9999 -9999 -9999 -9999 -9999 -9999 -9999 -9999 -9999 -9999 -9999 -9999 -9999 -9999 -9999 -9999 -9999 -9999 -9999 -9999 -9999 -9999 -9999 -9999 -9999
-9999 -1.19153 -1.60936 -3.08621 -2.33645 -1.33433 0.0873292 0.835947 1.39432 1.83537 2.28517 2.22922 1.57858 -0.338088 -0.614553 -0.700764 -2.03865 -4.84263 -7.64306 -8.37152 -5.22554 -4.32789 -4.5154 -3.81562 -5.50285 -4.71034 -5.03968 -5.93215 -8.67841 -11.2042 -12.2529 -14.3227 -9999 -9999 -9999 -9999 -9999 -9999 -9999 -9999 -9999 -9999 -9999 -9999 -9999 -9999 -9999 -9999 -9999 -9999 -9999 -9999 -9999 -9999 -9999 -9999 -9999 -9999 -9999 -9999 -9999 -9999 -9999 -9999 -9999 -9999 -9999 -9999 -9999 -9999
-9999 -9999 -9999 -9999 -4.00005 -2.62945 -1.49436 -0.097317 1.09926 1.69753 2.27861 2.22952 0.93204 0.295903 0.237575 -0.639998 -2.184 -3.15479 -4.91984 -6.75885 -6.06282 -3.38133 -4.58093 -2.68241 -2.84793 -2.50253 -3.77889 -6.17059 -9.38114 -11.2585 -12.198 -13.8767 -9999 -9999 -9999 -9999 -9999 -9999 -9999 -9999 -9999 -9999 -9999 -9999 -9999 -9999 -9999 -9999 -9999 -9999 -9999 -9999 -9999 -9999 -9999 -9999 -9999 -9999 -9999 -9999 -9999 -9999 -9999 -9999 -9999 -9999 -9999 -9999 -9999 -9999
-9999 -9999 -9999 -9999 -9999 -2.86504 -1.99947 -0.14646 0.823299 1.21127 2.15015 2.15056 1.658 1.28529 0.745007 0.039628 -1.12178 -2.40328 -4.064 -4.22238 -2.50944 -2.49377 -2.85835 -2.58178 -1.7044 -1.94246 -3.91007 -7.29669 -9.09762 -12.7353 -14.3031 -14.1476 -15.2604 -9999 -9999 -9999 -9999 -9999 -9999 -9999 -9999 -9999 -9999 -9999 -9999 -11.0603 -9999 -9999 -9999 -9999 -9999 -9999 -9999 -9999 -9999 -9999 -9999 -9999 -9999 -9999 -9999 -9999 -9999 -9999 -9999 -9999 -17.7909 -9999 -9999 -9999
-9999 -9999 -9999 -9999 -3.01774 -1.85622 -0.956521 0.204647 0.326431 1.02003 2.10031 2.11489 1.76544 1.37029 0.483717 0.261489 -0.401335 -1.79258 -2.08143 -1.52503 -1.2722 -0.985051 -0.810753 -0.963765 -1.32766 -1.79596 -3.05066 -4.63272 -5.6963 -9.02468 -10.7111 -12.3298 -14.7771 -16.6928 -9999 -9999 -9999 -9999 -9999 -9999 -9999 -12.3275 -12.4201 -12.3781 -11.8435 -10.3656 -11.235 -9999 -9999 -9999 -9999 -9999 -9999 -9999 -9999 -9999 -9999 -9999 -9999 -9999 -9999 -9999 -9999 -9999 -9999 -9999 -16.4529 -18.3824 -9999 -9999
-9999 -9999 -9999 -9999 -2.684 -1.46764 -0.860648 0.267707 0.913332 1.34849 1.72292 2.08054 2.01938 1.58265 0.918399 0.919614 0.00342655 -0.493241 -0.850038 -0.0960097 0.0475402 -0.264519 -0.654285 -0.999776 -1.96363 -2.08124 -2.37987 -3.38676 -5.03541 -6.73404 -9.16834 -12.4893 -15.7463 -18.3746 -9999 -9999 -9999 -9999 -9999 -9999 -12.0486 -10.8225 -10.0882 -11.6537 -10.3177 -9.09633 -9.29154 -10.4645 -9999 -9999 -9999 -9999 -9999 -9999 -9999 -9999 -9999 -9999 -9999 -9999 -9999 -9999 -7.30909 -9.28621 -13.2744 -15.3216 -16.5525 -18.3076 -9999 -9999
-9999 -9999 -9999 -9999 -2.91364 -1.4761 -0.501987 0.363309 0.502076 1.39403 1.78872 1.98114 1.95802 1.87063 1.7467 0.947549 0.601092 -0.607403 0.538082 0.487708 0.188929 -0.97249 -1.48054 -3.46925 -4.34873 -4.53285 -2.8742 -4.11224 -6.68952 -9.9096 -13.7729 -14.0211 -15.3053 -17.6558 -9999 -9999 -9999 -9999 -9999 -9999 -11.6672 -10.3556 -9.26037 -9.1013 -10.6564 -8.4854 -8.55714 -9.77156 -10.0474 -9.05232 -8.54873 -8.92276 -7.73077 -7.386 -7.92649 -7.34263 -9999 -9999 -9999 -9999 -7.02042 -6.94652 -6.89215 -7.71937 -12.0758 -15.0532 -17.7277 -17.982 -9999 -9999
-9999 -9999 -9999 -9999 -1.90587 -1.02098 -0.573106 -0.499885 0.278099 1.0593 1.54459 1.89275 1.82257 1.79343 1.76156 1.48638 0.84956 0.958147 0.900511 0.523872 -1.68034 -4.25222 -3.14369 -4.67281 -7.92656 -5.28255 -3.83609 -5.23857 -8.3608 -11.9799 -13.1652 -13.1142 -14.8984 -17.1991 -9999 -9999 -9999 -15.2514 -13.3752 -13.2154 -12.664 -10.9142 -9.58292 -8.57098 -7.8865 -7.89692 -8.61673 -9.80395 -11.0948 -10.6347 -8.31249 -7.74746 -7.26412 -6.90657 -7.4086 -7.15961 -6.54334 -6.22763 -6.16812 -6.32011 -6.35957 -6.315 -6.39541 -7.16823 -11.0585 -13.2918 -14.7191 -17.5811 -9999 -9999
-9999 -9999 -9999 -9999 -2.44966 -1.68004 -1.05587 -0.021227 0.0900725 0.74799 1.14292 1.72785 1.79367 1.11642 1.67456 1.59961 1.4909 1.26341 0.931324 -0.930513 -3.49451 -6.06537 -7.25753 -6.75249 -8.72113 -7.71887 -6.25364 -6.7969 -8.72399 -11.9494 -12.4103 -13.1628 -16.1501 -19.034 -9999 -9999 -18.891 -15.2878 -12.7517 -11.445 -11.0422 -11.0055 -9.32766 -9.19647 -7.38852 -7.80285 -10.1914 -9.92151 -10.8395 -10.2362 -9.39133 -9.1585 -7.93257 -6.75181 -6.53256 -6.53145 -6.14073 -6.06468 -6.04939 -6.06564 -6.33991 -6.22359 -6.21123 -6.69566 -9.52186 -10.9036 -12.4261 -17.5456 -9999 -9999
-9999 -9999 -9999 -9999 -2.04538 -1.18469 -0.241027 -0.0870204 0.613896 0.543955 0.351832 1.32893 1.69053 1.21274 0.867609 1.49904 1.45091 1.36092 1.21494 -0.535702 -2.56123 -5.6234 -7.5302 -8.6909 -9.5242 -10.6367 -9.88919 -10.1293 -10.4478 -10.0989 -10.9893 -12.7596 -14.5165 -17.7913 -19.5699 -9999 -18.6925 -17.0701 -14.0531 -11.489 -9.86193 -10.4506 -8.54237 -8.18863 -7.08005 -7.72525 -9.1739 -9.80144 -9.85581 -10.0454 -8.75843 -7.88271 -7.2712 -6.86506 -6.35619 -6.23089 -6.1057 -6.05671 -6.03293 -6.00915 -6.02213 -6.03886 -6.10264 -6.28909 -7.59242 -8.9724 -11.9452 -17.3701 -9999 -9999
-9999 -9999 -9999 -4.54646 -2.13449 -0.690064 -0.12998 0.275453 0.63385 0.894601 1.17179 1.42761 1.60437 1.53305 0.266588 0.367433 0.590602 1.3029 1.24393 1.07736 -0.0350009 -3.75946 -5.04667 -6.93896 -9.37883 -10.4004 -9.90248 -7.92047 -8.01781 -9.3443 -10.8213 -12.8585 -14.1575 -16.1728 -20.0297 -19.6911 -17.9627 -16.6777 -14.6293 -11.4943 -9.29693 -8.31729 -7.94774 -7.1697 -6.76618 -7.65483 -8.49557 -8.8486 -9.50401 -9.59487 -9.58823 -8.80991 -8.20179 -6.84424 -6.39277 -6.18645 -6.08498 -6.03312 -5.99739 -5.96278 -5.95517 -5.98787 -5.99347 -6.01115 -6.11409 -7.94834 -12.5284 -15.9768 -9999 -9999
-9999 -9999 -9999 -9999 -2.57105 -1.93565 -1.76829 -1.47512 -0.876208 -0.185511 0.795125 0.924037 1.46325 1.46277 0.37322 -0.888715 0.204257 0.633901 1.07774 1.08181 0.929275 -2.20239 -3.84663 -5.14373 -7.48422 -6.65132 -5.86314 -5.81181 -6.30204 -9.13721 -11.9605 -15.2131 -18.2536 -18.4063 -20.0455 -19.1865 -18.0476 -15.1106 -13.0449 -12.2097 -11.6102 -8.42093 -7.58906 -7.30587 -6.4881 -7.60096 -7.87941 -8.71436 -8.46282 -8.53346 -8.52616 -10.8437 -8.51362 -8.37515 -6.85909 -6.17324 -6.02124 -5.984 -5.9447 -5.94364 -5.94144 -5.95532 -5.94715 -5.97775 -6.01157 -7.20683 -13.0113 -15.9275 -9999 -9999
-9999 -9999 -9999 -9999 -9999 -9999 -2.35833 -1.87099 -1.55672 -1.01469 0.640763 1.08874 1.38705 1.41435 0.928605 -0.319355 -0.651879 -0.429558 -1.65427 -0.647562 0.736055 0.689708 0.508706 -2.247 -3.65916 -2.31102 -2.73427 -4.80622 -6.43831 -8.04871 -11.3529 -13.7724 -17.2559 -19.8736 -19.9796 -17.1068 -14.7202 -11.7483 -10.44 -11.1934 -10.387 -8.8036 -7.00403 -6.13338 -6.33786 -7.51093 -7.67145 -8.95996 -7.68769 -7.57582 -8.16292 -8.6702 -8.46342 -7.71193 -7.42527 -6.23982 -5.95451 -5.90453 -5.9009 -5.90215 -5.91394 -5.92784 -5.95068 -5.97104 -5.99566 -6.0572 -12.0238 -16.6655 -9999 -9999
-9999 -9999 -9999 -9999 -9999 -9999 -3.49292 -3.19481 -2.41486 -0.417135 0.633197 1.0589 1.0481 1.24534 0.903033 -0.195659 -1.32559 -2.39395 -3.77169 -2.99767 -0.935829 0.274311 0.400928 -2.01646 -0.774014 -1.25357 -2.18761 -4.89461 -6.89154 -7.95397 -11.1266 -13.8424 -16.1626 -19.363 -18.005 -16.5084 -14.5838 -11.3399 -9.15325 -8.25769 -9.01759 -8.00662 -5.93575 -5.92433 -7.05677 -6.98125 -7.6676 -9.42933 -7.58853 -7.06791 -7.48111 -7.36967 -7.52105 -7.23984 -6.73022 -6.24385 -5.92188 -5.88125 -5.88026 -5.89712 -5.90458 -5.91125 -5.94212 -5.94851 -5.97345 -6.01201 -9.86634 -16.7463 -9999 -9999
-9999 -9999 -9999 -9999 -9999 -9999 -9999 -4.52187 -2.74704 -0.0966782 0.566413 0.510518 1.0602 1.1095 0.583605 0.125123 -1.24592 -3.12002 -6.7163 -5.81152 -3.91446 -1.17516 0.258335 0.0507383 -0.762867 -2.1712 -5.56263 -8.53132 -8.89985 -9.39284 -11.7104 -13.8033 -16.3818 -14.9 -13.2759 -11.4981 -10.5672 -10.8175 -8.94454 -7.41778 -8.07233 -6.83177 -5.38283 -6.04093 -6.4292 -6.75396 -7.54789 -7.59282 -7.50583 -6.45858 -7.17657 -6.72916 -6.71362 -6.73606 -6.48722 -6.20221 -5.90424 -5.85813 -5.86206 -5.86322 -5.90515 -5.90065 -5.92595 -5.9512 -5.97506 -6.00953 -6.36583 -10.0748 -12.2951 -9999
-9999 -9999 -9999 -9999 -9999 -9999 -9999 -6.14684 -5.26012 -2.12237 -1.14874 0.239506 0.977595 1.01329 0.124822 -0.372801 -2.41314 -3.07997 -6.40729 -7.91883 -6.65393 -7.15365 -3.37773 -0.0380014 -0.776573 -7.55393 -10.0151 -11.7729 -11.333 -11.3372 -11.988 -15.5465 -16.5335 -13.3596 -11.3637 -9.81868 -8.64816 -8.4094 -8.45623 -6.06546 -5.75062 -4.97508 -5.14623 -5.0748 -6.2843 -7.03163 -6.37405 -7.1253 -7.25057 -6.16888 -7.22637 -6.26235 -6.37112 -6.65648 -6.66969 -6.03667 -5.9096 -5.84484 -5.84548 -5.87632 -5.9158 -5.94094 -5.92857 -5.94644 -5.98986 -5.99636 -6.03894 -6.48598 -8.40949 -9.08636
-9999 -9999 -9999 -9999 -9999 -9999 -9999 -9999 -8.17449 -3.81588 -1.82082 -0.772319 0.702059 0.880885 0.408956 -0.450201 -2.52967 -4.36071 -7.33581 -10.7342 -12.5377 -7.17627 -2.51189 -0.0831836 -0.412424 -6.05553 -8.28856 -8.40114 -7.1008 -8.21377 -9.05933 -11.7647 -12.5788 -13.7074 -13.0231 -10.8651 -9.10574 -7.40799 -6.17512 -6.07985 -5.28104 -4.82027 -4.7847 -4.64121 -4.78357 -4.89872 -6.063 -5.25364 -5.93463 -5.56766 -5.79757 -6.00476 -6.18181 -6.84691 -6.37302 -5.95437 -5.84755 -5.81806 -5.84775 -5.85976 -5.88512 -5.9332 -5.95615 -5.96722 -5.97955 -6.00927 -6.01773 -6.04491 -6.26691 -7.4269
-9999 -9999 -9999 -9999 -9999 -9999 -9999 -9999 -10.3427 -6.00612 -3.91307 -1.2225 0.168845 0.725758 0.650481 -0.0464557 -1.62762 -4.00711 -5.99201 -9.78435 -13.7231 -8.09486 -3.07952 -0.380069 -0.247604 -4.9877 -3.68518 -4.75493 -4.33559 -6.28522 -7.09926 -7.74204 -9.14315 -10.6744 -12.3462 -13.2364 -9.2762 -7.24581 -5.6129 -4.84595 -4.41456 -4.20141 -4.32137 -4.61652 -6.37899 -5.03561 -5.1047 -5.23637 -5.38704 -5.45811 -5.59378 -5.75418 -5.84671 -5.87849 -6.32032 -5.81827 -5.83167 -5.82776 -5.82995 -5.84926 -5.88192 -5.91262 -5.94935 -5.95388 -5.97717 -6.00277 -6.02283 -6.03511 -6.05658 -6.12702
-9999 -9999 -9999 -9999 -9999 -9999 -9999 -9999 -16.4258 -10.1188 -5.03784 -2.39114 -0.243075 0.347975 0.567243 -0.367265 -1.06838 -2.77576 -4.39439 -6.88887 -10.622 -12.9253 -8.71393 -2.58835 -0.331741 -0.514548 -0.665549 -1.9007 -3.01409 -3.16143 -3.08564 -4.37665 -6.25285 -8.7092 -9.4819 -10.3472 -7.39917 -7.00505 -7.22743 -3.98476 -3.98319 -4.17319 -5.42092 -6.81405 -6.55242 -7.40648 -6.74476 -7.77049 -6.8244 -6.00586 -5.69838 -5.72092 -5.82563 -5.83904 -5.88643 -5.80007 -5.80305 -5.82011 -5.83545 -5.84735 -5.867 -5.9134 -5.94431 -5.94061 -5.96899 -5.99724 -6.0203 -6.02849 -6.04273 -6.09666
-9999 -9999 -9999 -9999 -9999 -9999 -9999 -9999 -16.1382 -10.8311 -6.3329 -3.64219 -1.04903 -0.448702 0.424249 0.231774 -0.502649 -1.98765 -3.84274 -5.89702 -9.10076 -11.4852 -8.67237 -4.60793 -1.70122 -0.661002 -0.675063 -0.754041 -1.03962 -1.15528 -1.48591 -1.72116 -3.0728 -5.39525 -6.70939 -8.62916 -5.34286 -4.98011 -5.50187 -3.86476 -3.95333 -6.44441 -8.36043 -8.6028 -7.43753 -8.54844 -8.74241 -9.42337 -8.64213 -6.54975 -7.16192 -7.03898 -6.08772 -5.92981 -5.82999 -5.8036 -5.81195 -5.81957 -5.84015 -5.84357 -5.84834 -5.89367 -5.91983 -5.93776 -5.98341 -5.99038 -6.02397 -6.04766 -6.06686 -6.09897
-9999 -9999 -9999 -9999 -9999 -9999 -9999 -9999 -16.0167 -12.4543 -8.40711 -4.44324 -1.6747 -0.559549 0.250987 0.238243 -0.614969 -1.35637 -2.52202 -4.33015 -5.57394 -7.72707 -10.6787 -5.75837 -4.25608 -2.91146 -2.34556 -0.94793 -0.991027 -1.64387 -2.39262 -1.70609 -1.92043 -3.75846 -4.36758 -5.39099 -3.56625 -3.56876 -3.6263 -3.73105 -5.83704 -8.76148 -11.0996 -9.4253 -9.77976 -9.00862 -11.3954 -9.43601 -7.85454 -7.34044 -8.40311 -9.19881 -6.73121 -6.32218 -6.0793 -5.92456 -5.82425 -5.85203 -5.83115 -5.85116 -5.86503 -5.88057 -5.91003 -5.93161 -5.96199 -5.99281 -6.01204 -6.03236 -6.06756 -6.11607
-9999 -9999 -9999 -9999 -9999 -9999 -9999 -9999 -9999 -14.5465 -9.42669 -4.84718 -2.29901 -0.698077 0.0794593 0.0604922 -0.378793 -0.884534 -1.6102 -2.9168 -4.55672 -7.14348 -9.06659 -7.8621 -6.38968 -6.22703 -5.2508 -2.40168 -1.43396 -2.82606 -6.25389 -4.2445 -1.99966 -2.04335 -2.2424 -2.46408 -2.74257 -2.99731 -3.54652 -5.00621 -9.4643 -10.3498 -12.1016 -11.908 -12.808 -10.8514 -11.582 -9.57288 -8.70202 -8.37281 -10.2307 -9.83581 -7.64956 -6.78431 -6.92757 -6.39753 -5.88695 -5.87326 -5.86274 -5.88092 -5.87606 -5.8789 -5.89484 -5.93144 -5.95669 -5.97744 -6.01535 -6.0151 -6.18748 -6.30143
-9999 -9999 -9999 -9999 -9999 -9999 -9999 -9999 -9999 -15.5744 -10.4557 -5.0627 -3.33357 -1.60796 -0.119733 -0.0957658 -0.764339 -1.40122 -2.05778 -2.80494 -4.79194 -6.71949 -8.56052 -9.18499 -8.82576 -8.85773 -7.27237 -3.55765 -2.84526 -3.161 -6.74293 -7.96033 -4.95891 -2.4373 -2.24512 -2.48114 -5.46364 -4.83627 -6.44802 -8.63153 -9.23676 -10.1954 -12.2145 -11.2499 -12.7292 -12.1002 -12.265 -11.1253 -10.5698 -9.21278 -10.8326 -10.8244 -8.67798 -7.59609 -7.56911 -6.43471 -6.0315 -5.92787 -5.90459 -5.88985 -5.89027 -5.87849 -5.89558 -5.91927 -5.94849 -6.00975 -6.14575 -6.53772 -8.69274 -8.69576
-9999 -9999 -9999 -9999 -9999 -9999 -9999 -9999 -9999 -14.9803 -11.4298 -6.64556 -3.10293 -2.88446 -1.16504 -0.280406 -1.00713 -1.82525 -2.66274 -3.03351 -5.19505 -7.56901 -9.4891 -11.7604 -11.3973 -9.78272 -7.12872 -4.73224 -4.31067 -4.81608 -6.73966 -5.84272 -3.79825 -2.71587 -2.40154 -2.66124 -3.31597 -3.69692 -4.88542 -5.40393 -7.05173 -9.62458 -10.641 -10.0053 -12.735 -12.5481 -11.5432 -12.6084 -10.8447 -10.0008 -12.0933 -10.4285 -8.53247 -7.56329 -6.71632 -6.31621 -6.15801 -5.91527 -5.91206 -5.89552 -5.88913 -5.89819 -5.9043 -5.95039 -5.98981 -6.22499 -6.56864 -8.58223 -9.40623 -9.2475
-9999 -9999 -9999 -9999 -9999 -9999 -9999 -9999 -9999 -14.373 -11.1772 -7.03005 -4.50597 -4.05848 -2.15161 -0.457045 -0.653245 -1.50429 -1.7687 -2.65151 -4.48584 -6.51149 -8.72506 -9.80599 -12.2793 -9.86272 -7.94562 -5.91747 -4.9731 -6.5552 -7.35373 -5.96224 -4.57861 -4.03022 -2.63214 -2.65225 -3.11674 -5.09739 -6.06629 -5.66538 -6.08475 -6.81455 -8.5868 -8.6702 -9.80956 -10.2834 -10.7306 -12.1683 -11.2498 -11.159 -10.9063 -8.9134 -7.92712 -7.27354 -6.67945 -6.52463 -6.26784 -5.93468 -5.90834 -5.90021 -5.90628 -5.90511 -5.93535 -6.03668 -6.12317 -6.58904 -7.40908 -8.93398 -11.3821 -9.65144
-9999 -9999 -9999 -9999 -9999 -9999 -9999 -9999 -9999 -14.9164 -11.5219 -7.97871 -6.50038 -6.25391 -2.7989 -0.685957 -0.688797 -1.09595 -1.57077 -3.73999 -3.62123 -4.062 -6.05954 -8.96543 -12.1562 -11.867 -9.97309 -7.29264 -6.41115 -9.02173 -9.94948 -9.28111 -7.18527 -5.3097 -3.35072 -2.85821 -3.44169 -6.52131 -9.79339 -8.28454 -6.67166 -6.68594 -7.16576 -8.80919 -9.33371 -9.80845 -11.0074 -13.0293 -12.7323 -12.1709 -9.90429 -9.18913 -8.08384 -7.16623 -7.514 -7.31314 -6.4365 -5.93494 -5.91919 -5.914 -5.90171 -5.91804 -5.95323 -6.1487 -6.35549 -6.69891 -8.82691 -10.152 -12.0713 -9.82789
-9999 -9999 -9999 -9999 -9999 -9999 -9999 -9999 -9999 -15.9669 -13.5053 -10.1194 -8.75824 -6.58392 -3.31962 -1.71748 -0.953134 -0.977161 -1.29615 -2.27179 -2.86181 -4.01696 -6.09453 -8.93239 -12.0862 -14.1426 -13.1114 -9.49381 -8.6464 -11.0549 -12.2838 -10.7722 -8.53847 -5.22681 -3.33767 -3.08867 -3.26698 -3.90721 -6.29781 -9.18454 -9.18024 -7.74046 -8.95418 -10.3637 -9.59479 -9.74135 -10.9252 -11.7868 -12.3054 -11.9745 -10.6869 -10.1546 -8.878 -6.99343 -6.72502 -6.78062 -5.98902 -5.95215 -5.9369 -5.91065 -5.91569 -5.9274 -5.9559 -6.11573 -6.46791 -7.88561 -9.12244 -10.8411 -11.0576 -9.05229
-9999 -9999 -9999 -9999 -9999 -9999 -9999 -9999 -9999 -17.7766 -14.8801 -11.709 -8.74043 -5.93235 -3.51663 -3.33608 -2.06555 -2.07437 -1.41258 -1.61215 -2.51751 -3.49173 -5.28297 -8.92595 -11.9909 -15.3329 -14.464 -10.7738 -10.3022 -11.9191 -14.8986 -11.84 -8.46574 -5.40811 -3.75628 -5.06473 -3.73833 -3.85448 -4.75413 -6.47491 -9.14684 -9.10135 -11.1042 -11.1953 -10.1727 -9.84292 -10.0169 -10.6643 -11.6899 -11.5071 -10.7272 -10.5292 -9.35642 -7.89512 -6.4668 -6.2288 -5.95865 -5.94991 -5.94877 -5.93008 -5.93107 -5.96495 -6.04233 -6.20878 -7.3975 -8.81036 -9.68228 -10.8806 -11.0295 -8.73197
