Test_Spring_2018b/02_18/Temp/20180203_017.txt
ncols	170
nrows	115
xllcorner	350000.000000
yllcorner	4445000.000000
cellsize	1000.000000
nodata_value	-9999.000000
[rows 32 to 63 of 115, columns 72 to 143 of 170]
12.6639 12.369 12.8389 13.272 13.0111 12.8383 13.5439 13.5491 13.3147 12.7569 12.5559 12.3474 12.222 11.5052 9.48335 7.66122 8.64642 8.67526 8.00342 9.22323 8.58675 6.91801 4.56011 5.84897 5.51928 3.84349 3.43133 -9999 -9999 -9999 -9999 -9999 -9999 -9999 -9999 -9999 -9999 -9999 -9999 -9999 -9999 -9999 -9999 -9999 -9999 -9999 -9999 -9999 -9999 -9999 -9999 -9999 -9999 -9999 -9999 -9999 -9999 -9999 -9999 -9999 -9999 -9999 -9999 -9999 -9999 -9999 -9999 -9999 -9999 -9999 -9999 -9999
12.2565 12.1331 12.8291 12.8202 12.7777 13.0262 13.4655 13.5579 13.4698 13.2296 13.0225 12.802 12.2337 11.4128 9.68331 7.60845 7.1423 8.16628 8.22068 8.38974 7.81026 7.08088 5.93682 6.88254 7.25264 6.15292 4.7105 3.78322 -9999 -9999 -9999 -9999 -9999 -9999 -9999 -9999 -9999 -9999 -9999 -9999 -9999 -9999 -9999 -9999 -9999 -9999 -9999 -9999 -9999 -9999 -9999 -9999 -9999 -9999 -9999 -9999 -9999 -9999 -9999 -9999 -9999 -9999 -9999 -9999 -9999 -9999 -9999 -9999 -9999 -9999 -9999 -9999
11.7716 11.108 11.5297 11.8477 12.422 12.5745 12.6665 13.4952 13.457 13.4244 13.0784 12.803 12.343 11.5531 10.4261 9.06791 6.69874 8.1689 9.32123 9.29737 9.23994 8.7306 7.63179 8.56023 8.60836 7.19983 5.59594 4.659 4.27443 -9999 -9999 -9999 -9999 -9999 -9999 -9999 -9999 -9999 -9999 -9999 -9999 -9999 -9999 -9999 -9999 -9999 -9999 -9999 -9999 -9999 -9999 -9999 -9999 -9999 -9999 -9999 -9999 -9999 -9999 -9999 -9999 -9999 -9999 -9999 -9999 -9999 -9999 -9999 -9999 -9999 -9999 -9999
11.2213 10.4094 10.8337 11.3979 12.1862 12.593 12.9078 13.1593 13.4158 13.3916 13.0374 11.9803 11.8343 11.7941 11.059 9.50982 7.96267 7.56615 9.32116 9.82743 9.73085 10.1268 9.1968 9.64367 9.4673 8.96999 7.42724 6.02492 5.44909 4.30639 -9999 -9999 -9999 -9999 -9999 -9999 -9999 -9999 -9999 -9999 -9999 -9999 -9999 -9999 -9999 -9999 -9999 -9999 -9999 -9999 -9999 -9999 -9999 -9999 -9999 -9999 -9999 -9999 -9999 -9999 -9999 -9999 -9999 -9999 -9999 -9999 -9999 -9999 -9999 -9999 -9999 -9999
-9999 -9999 9.89585 10.6566 11.2891 12.0614 12.7301 13.0687 13.3978 13.3772 12.6635 12.3173 12.2923 11.8126 10.9631 10.4321 9.46025 8.44737 8.84229 10.3397 9.68166 10.7439 10.6596 10.8587 10.157 8.81384 7.02855 5.98671 5.47202 4.54696 -9999 -9999 -9999 -9999 -9999 -9999 -9999 -9999 -9999 -9999 -9999 -9999 -9999 -9999 -9999 -9999 -9999 -9999 -9999 -9999 -9999 -9999 -9999 -9999 -9999 -9999 -9999 -9999 -9999 -9999 -9999 -9999 -9999 -9999 -9999 -9999 -9999 -9999 -9999 -9999 -9999 -9999
-9999 -9999 -9999 10.5125 10.9951 12.0307 12.5633 12.7848 13.3123 13.3189 13.0519 12.8518 12.559 12.1749 11.5379 10.8346 9.92097 9.84182 10.802 10.8195 10.6257 10.7878 11.2832 11.1589 10.0663 8.17924 7.18643 5.1586 4.29536 4.38928 3.7791 -9999 -9999 -9999 -9999 -9999 -9999 -9999 -9999 -9999 -9999 -9999 -9999 6.21731 -9999 -9999 -9999 -9999 -9999 -9999 -9999 -9999 -9999 -9999 -9999 -9999 -9999 -9999 -9999 -9999 -9999 -9999 -9999 -9999 2.6559 -9999 -9999 -9999 -9999 -9999 -9999 -9999
-9999 -9999 10.4146 11.0549 11.5611 12.2122 12.277 12.665 13.2707 13.2848 13.0969 12.8841 12.3989 12.2831 11.9231 11.1591 11.0076 11.3258 11.4756 11.6445 11.7505 11.6746 11.4812 11.2295 10.5204 9.64956 9.06652 7.21732 6.28255 5.39151 4.04057 2.98506 -9999 -9999 -9999 -9999 -9999 -9999 -9999 5.47843 5.43501 5.46602 5.77031 6.59817 6.12231 -9999 -9999 -9999 -9999 -9999 -9999 -9999 -9999 -9999 -9999 -9999 -9999 -9999 -9999 -9999 -9999 -9999 -9999 -9999 3.39345 2.33354 -9999 -9999 -9999 -9999 -9999 -9999
-9999 -9999 10.5761 11.2584 11.6018 12.2342 12.5982 12.8341 13.0474 13.2516 13.2235 12.9874 12.6255 12.6337 12.1331 11.8661 11.6773 12.1058 12.1954 12.032 11.8254 11.6431 11.117 11.0605 10.8838 10.3326 9.42483 8.48926 7.13177 5.29569 3.49537 2.04444 -9999 -9999 -9999 -9999 -9999 -9999 5.6204 6.3096 6.72535 5.86361 6.61282 7.29808 7.19639 6.53965 -9999 -9999 -9999 -9999 -9999 -9999 -9999 -9999 -9999 -9999 -9999 -9999 -9999 -9999 8.42042 7.33348 5.1299 4.00434 3.3323 2.36935 -9999 -9999 -9999 -9999 -9999 -9999
-9999 -9999 10.4372 11.2421 11.7889 12.2747 12.3567 12.8536 13.0706 13.1825 13.1753 13.1328 13.0708 12.6346 12.4506 11.7885 12.4344 12.4166 12.2611 11.6266 11.3548 10.2605 9.78176 9.6708 10.6003 9.92096 8.49766 6.71728 4.57441 4.43779 3.73327 2.43694 -9999 -9999 -9999 -9999 -9999 -9999 5.82745 6.56428 7.18049 7.27639 6.41989 7.63232 7.58768 6.91967 6.77293 7.33209 7.61853 7.41356 8.08187 8.28156 7.99006 8.32336 -9999 -9999 -9999 -9999 8.55254 8.60435 8.64549 8.19722 5.78924 4.14724 2.6736 2.54326 -9999 -9999 -9999 -9999 -9999 -9999
-9999 -9999 10.9862 11.4838 11.7379 11.7833 12.2197 12.6543 12.9219 13.119 13.0855 13.0754 13.0645 12.9194 12.5743 12.644 12.6221 12.4236 11.2105 9.79326 10.4198 9.58127 7.77347 9.24565 10.0575 9.28692 7.56107 5.55916 4.90376 4.93413 3.95224 2.68824 -9999 -9999 -9999 3.80801 4.8596 4.95781 5.27327 6.25381 7.00152 7.56619 7.95329 7.94446 7.55009 6.89674 6.18584 6.4475 7.74345 8.06393 8.3344 8.54095 8.27064 8.42126 8.77272 8.95769 9.00077 8.92675 8.91554 8.95127 8.91784 8.5001 6.34756 5.11891 4.33804 2.76291 -9999 -9999 -9999 -9999 -9999 -9999
-9999 -9999 10.671 11.1042 11.456 12.0353 12.1011 12.4701 12.6901 13.0146 13.0562 12.6859 13.0026 12.9686 12.917 12.8003 12.6264 11.6036 10.1912 8.77504 8.12441 8.40669 7.32361 7.88484 8.70734 8.41316 7.35553 5.57237 5.32436 4.91039 3.25461 1.66223 -9999 -9999 1.77066 3.78164 5.2 5.93538 6.16852 6.19789 7.13817 7.21896 8.23035 7.99911 6.67777 6.83352 6.32205 6.6627 7.14122 7.27688 7.96109 8.62324 8.75309 8.7623 8.98837 9.04017 9.05867 9.06008 8.91857 8.99429 9.01256 8.75518 7.19752 6.44223 5.60827 2.78023 -9999 -9999 -9999 -9999 -9999 -9999
-9999 -9999 10.8837 11.3671 11.8959 11.9857 12.3787 12.3448 12.2382 12.7844 12.9863 12.7265 12.5414 12.8998 12.8819 12.8418 12.7717 11.811 10.6981 9.00967 7.96263 7.32133 6.86895 6.25984 6.68416 6.55952 6.39099 6.59282 6.10532 5.12634 4.15923 2.34522 1.36709 -9999 1.87436 2.78558 4.47122 5.90517 6.81842 6.50069 7.56901 7.77342 8.38981 8.03766 7.23792 6.89711 6.8725 6.77269 7.4929 7.97817 8.32095 8.55359 8.84313 8.92107 8.99952 9.0362 9.05939 9.08308 9.08679 9.08879 9.06498 8.97332 8.26162 7.50701 5.86852 2.87095 -9999 -9999 -9999 -9999 -9999 -9999
-9999 9.48374 10.8253 11.6325 11.9479 12.1767 12.379 12.5268 12.6808 12.8269 12.929 12.8922 12.1954 12.2591 12.392 12.7978 12.7762 12.6957 12.0904 10.0345 9.32551 8.28849 6.94452 6.38314 6.66888 7.77831 7.73258 7.00394 6.19153 5.06463 4.35067 3.24035 1.10468 1.30276 2.27294 2.99699 4.14498 5.89624 7.12641 7.67981 7.89376 8.32887 8.55954 8.07347 7.61134 7.42072 7.06193 7.01651 7.0252 7.46253 7.80292 8.55722 8.81528 8.93742 9.00251 9.04068 9.07049 9.10023 9.11549 9.1088 9.11753 9.11983 9.07458 8.06847 5.53872 3.63879 -9999 -9999 -9999 -9999 -9999 -9999
-9999 -9999 10.5744 10.9319 11.0287 11.1948 11.5302 11.9163 12.4607 12.5355 12.8389 12.8435 12.2433 11.5503 12.1663 12.4153 12.6733 12.6879 12.6159 10.8867 9.98575 9.27716 7.98857 8.45737 8.9044 8.94167 8.67772 7.1112 5.55105 3.74929 2.06915 1.99297 1.09109 1.57596 2.21894 3.86061 5.01844 5.49269 5.83574 7.61639 8.08383 8.24915 8.7101 8.09821 7.94812 7.48958 7.6341 7.59951 7.60812 6.32572 7.62203 7.70442 8.55243 8.93672 9.02937 9.05931 9.09107 9.10223 9.11459 9.11852 9.13511 9.13015 9.12475 8.47389 5.26346 3.65925 -9999 -9999 -9999 -9999 -9999 -9999
-9999 -9999 -9999 -9999 10.6921 10.9657 11.1427 11.446 12.365 12.6168 12.7862 12.8061 12.5424 11.8564 11.6809 11.815 11.1465 11.7187 12.4978 12.4845 12.3963 10.8779 10.1015 10.8602 10.6345 9.49264 8.59456 7.70815 5.88086 4.54182 2.61558 1.17048 1.12062 2.7255 4.0598 5.72098 6.45829 6.05054 6.50868 7.39602 8.40377 8.89486 8.7881 8.14273 8.05798 7.34736 8.05847 8.12491 7.80306 7.52554 7.64239 8.0648 8.22967 8.89444 9.06022 9.09501 9.10691 9.11682 9.12151 9.12558 9.12533 9.12674 9.12606 9.10505 5.80484 3.24249 -9999 -9999 -9999 -9999 -9999 -9999
-9999 -9999 -9999 -9999 10.0533 10.2217 10.6572 11.7688 12.3516 12.5911 12.5888 12.7031 12.5191 11.9166 11.2981 10.7155 9.96183 10.4039 11.5614 12.246 12.3288 10.9983 11.6963 11.4401 10.9308 9.43629 8.33561 7.75348 5.99925 4.49565 3.2154 1.44664 2.20974 3.05029 4.12908 5.94076 7.16599 7.67413 7.26176 7.83248 8.99102 9.00505 8.38303 8.43106 8.05426 7.08074 8.10743 8.40065 8.17512 8.2409 8.1586 8.31951 8.60788 8.88413 9.07004 9.10078 9.11032 9.11158 9.11874 9.12703 9.12239 9.13175 9.1311 9.12307 6.99609 3.19089 -9999 -9999 -9999 -9999 -9999 -9999
-9999 -9999 -9999 -9999 -9999 9.47628 10.4643 11.9384 12.3064 12.2785 12.5877 12.62 12.3342 12.0872 11.335 10.3049 8.31928 8.83392 9.89997 11.4338 12.2423 12.1391 11.6953 10.9233 9.0494 7.40962 7.21328 6.94741 5.66804 4.51039 3.08663 3.91804 4.82891 5.82559 6.35248 6.22392 7.27483 8.13332 7.7799 8.47825 9.29155 8.93391 8.7253 8.55116 8.11466 8.09457 8.14727 8.73289 8.33797 8.59018 8.60041 8.59248 8.73581 8.90003 9.07244 9.1061 9.11317 9.12297 9.11105 9.1256 9.12416 9.12318 9.12328 9.11767 8.93341 6.88924 5.66995 -9999 -9999 -9999 -9999 -9999
-9999 -9999 -9999 -9999 -9999 8.56581 9.0609 10.8059 11.3466 12.121 12.5351 12.5601 12.0731 11.8049 10.6805 10.3208 8.48466 7.65706 8.37195 8.10696 10.2162 12.0829 11.6808 7.92715 6.56987 5.60261 5.85529 5.86091 5.50719 3.53561 2.99574 4.76681 5.8841 6.75146 7.41136 7.55407 7.53893 8.87746 9.06202 9.50223 9.41599 9.46368 8.7992 8.39057 8.7603 8.3481 8.28303 8.88784 8.30442 8.84351 8.78468 8.63067 8.62838 8.98576 9.06316 9.10709 9.11596 9.10925 9.09891 9.09658 9.11611 9.1193 9.1086 9.11858 9.10859 8.87591 7.82146 7.45913 7.8807 -9999 -9999 -9999
-9999 -9999 -9999 -9999 -9999 -9999 7.43507 9.85853 10.9668 11.5529 12.3763 12.4812 12.2242 11.7556 10.6104 9.60415 7.96347 6.08844 5.09831 8.0881 10.6906 12.0513 11.8762 8.75253 7.52198 7.46845 8.19907 7.58907 7.12729 5.62951 5.18565 4.56743 4.95628 6.16226 7.14986 8.10331 8.79874 8.86244 9.31671 9.58083 9.60954 9.69744 9.62582 9.56852 8.9267 9.38142 9.00796 9.21607 9.09241 8.98124 8.88458 8.51974 8.78799 9.02633 9.09248 9.11691 9.10954 9.11322 9.11067 9.09654 9.09489 9.10183 9.10837 9.10543 9.11435 9.1148 9.00518 8.37446 7.52665 6.45285 -9999 -9999
-9999 -9999 -9999 -9999 -9999 -9999 6.22395 8.63574 9.79881 11.2974 12.0698 12.3877 12.3536 11.9752 11.1067 9.7958 8.70484 6.61078 4.43586 7.57392 10.3693 11.8802 11.965 9.33899 10.0719 9.48694 9.72843 8.65395 8.20983 7.85747 7.08774 6.24592 5.32332 4.83923 7.04872 8.18676 9.10424 9.54086 9.79103 9.91973 9.86218 9.70406 8.73298 9.48594 9.45256 9.38501 9.30639 9.27155 9.20053 9.11563 9.06611 9.05317 8.81304 9.09763 9.0975 9.10759 9.11547 9.11503 9.10833 9.1037 9.09653 9.10425 9.10424 9.10348 9.10583 9.11446 9.11605 9.09024 8.92935 7.48417 6.6231 6.38759
-9999 -9999 -9999 -9999 -9999 -9999 2.83894 6.34563 9.16054 10.6363 11.838 12.1734 12.3031 11.7929 11.4131 10.4754 9.58763 8.21407 6.15301 4.88619 7.23711 10.6509 11.9122 11.8168 11.7426 11.0658 10.4563 10.3829 10.4331 9.72077 8.68226 7.32755 6.90845 6.43776 8.08503 8.31424 8.20126 10.0126 10.024 9.9288 9.24579 8.48028 8.63409 8.16287 8.53559 7.97191 8.50274 8.96233 9.1378 9.12985 9.07387 9.0715 9.05054 9.10511 9.11044 9.10895 9.10952 9.11313 9.1135 9.09995 9.09576 9.11133 9.10443 9.10219 9.10188 9.11262 9.11801 9.10117 9.08655 8.8718 8.54425 7.91169
-9999 -9999 -9999 -9999 -9999 -9999 2.98314 5.93162 8.43553 9.93875 11.3857 11.7266 12.2196 12.1216 11.7234 10.9091 9.88981 8.76045 6.99308 5.6809 7.25491 9.52383 11.1495 11.7329 11.7312 11.6967 11.547 11.4849 11.31 11.1842 10.4428 9.16293 8.44269 7.38634 9.22135 9.43301 9.15363 10.0732 10.0345 8.66129 7.60714 7.48195 8.13631 7.52733 7.42514 7.04845 7.48815 8.65558 8.32179 8.3948 8.9253 9.01818 9.07973 9.10079 9.10333 9.1072 9.10487 9.1131 9.12156 9.10835 9.10648 9.10968 9.09778 9.1013 9.09589 9.09804 9.09909 9.09412 9.08146 9.0266 8.96555 9.04695
-9999 -9999 -9999 -9999 -9999 -9999 3.03846 5.02382 7.27778 9.48881 11.0336 11.6608 12.1194 12.1213 11.6572 11.2557 10.6192 9.62627 8.94706 7.76303 6.13554 8.87955 9.72523 10.4773 10.7947 11.5804 11.5656 11.212 10.7969 11.1875 11.0782 10.0669 9.73817 9.17956 10.2028 10.2115 10.1898 10.142 8.98273 7.36882 6.08023 7.01945 6.8315 7.26615 5.94634 7.04335 7.92766 8.21867 7.62874 7.1921 8.56514 8.79811 8.93915 9.0318 9.09492 9.08773 9.10845 9.10737 9.11058 9.11362 9.10957 9.11034 9.10649 9.1025 9.09784 9.10158 9.09495 9.08458 9.09221 9.0682 9.06341 9.05973
-9999 -9999 -9999 -9999 -9999 -9999 -9999 3.84948 6.70319 9.2539 10.677 11.5744 12.0151 12.0139 11.7798 11.5092 11.1167 10.402 9.50233 8.07696 7.02014 7.70012 8.52866 8.62383 9.17587 10.7677 11.3145 10.5506 8.65116 9.77649 11.0324 11.0175 10.9163 10.8028 10.6556 10.5242 10.2293 9.4289 6.96332 6.48386 5.52088 5.63792 5.14715 6.24022 5.83992 6.96268 7.45276 7.64156 6.61546 6.83763 8.05683 8.54317 8.46979 8.77084 9.05891 9.07489 9.08988 9.08973 9.10314 9.11294 9.11602 9.111 9.1098 9.11121 9.09514 9.11012 9.02712 8.97634 8.86419 9.02292 9.046 9.06571
-9999 -9999 -9999 -9999 -9999 -9999 -9999 3.27556 6.12582 9.12868 10.0972 11.0642 11.8997 11.9225 11.5611 11.2176 10.8635 10.4593 9.36681 8.30741 7.29609 6.96032 7.17072 7.15754 8.04797 10.1207 10.5259 10.3599 8.37514 7.7086 9.38487 10.7947 10.9109 10.7895 9.14291 9.50121 8.61617 7.41369 7.08768 6.56529 5.45378 5.99892 5.18649 5.54433 5.45614 6.09632 6.41165 7.17167 6.27826 6.28628 7.48362 8.09074 8.11235 8.7494 8.98096 9.04684 9.06882 9.08681 9.0971 9.11481 9.11701 9.11593 9.11202 9.09041 9.02727 8.81342 7.63105 7.64156 7.97875 8.2983 8.87253 9.0438
-9999 -9999 -9999 -9999 -9999 -9999 -9999 3.59889 5.57868 8.24389 10.2199 10.3501 11.3143 11.8151 11.4215 10.9774 10.5228 10.3276 9.13805 7.83067 6.77539 5.52505 5.73763 6.64507 8.12274 9.46359 9.70751 9.43648 8.37268 8.88055 10.0256 10.6364 10.8206 10.6861 10.3323 10.1306 9.48058 9.20264 8.29753 6.8786 6.32382 6.6862 5.17934 5.29171 5.85789 5.26896 6.25554 6.73095 5.57549 6.50296 7.56252 8.1075 8.58488 8.81449 8.91026 9.05354 9.06441 9.08331 9.09718 9.103 9.11089 9.09692 9.08685 8.96815 8.78921 7.68278 7.23018 7.3302 7.85444 8.31456 8.80018 9.00212
-9999 -9999 -9999 -9999 -9999 -9999 -9999 3.92941 5.71259 8.02436 9.43502 9.69273 10.7612 11.712 11.613 11.1507 11.0144 10.5348 9.52695 8.41298 7.1947 6.60544 5.24288 6.59582 7.66428 8.80078 9.33528 8.46104 8.0277 8.81046 9.58878 9.9032 10.6895 10.6882 10.4401 9.35009 8.82197 9.05454 8.83152 8.43599 7.46135 7.42432 6.80056 6.54601 6.30587 5.51001 6.02747 6.08499 6.23055 7.34219 7.8969 8.26699 8.6043 8.69801 8.84876 9.04239 9.06614 9.08029 9.08704 9.09825 9.09237 9.04728 9.0106 8.76332 8.31935 7.48388 6.12839 7.10106 8.11775 8.43153 8.73397 8.89474
-9999 -9999 -9999 -9999 -9999 -9999 -9999 3.62062 5.51458 7.49128 8.32149 8.46782 10.3962 11.5795 11.5881 11.3723 11.1192 9.92524 10.0021 9.76824 8.66996 7.06728 5.30641 5.47802 6.53371 8.03269 8.53253 7.08732 6.5825 6.96397 8.13808 9.18978 10.2878 10.5713 10.2573 8.55703 6.74986 7.59767 8.50314 8.50484 8.24781 7.34433 7.06193 6.80686 6.14929 5.03116 5.20142 5.52051 6.78261 7.18699 7.80811 8.32517 8.13974 8.25927 8.75446 9.04172 9.05962 9.07206 9.08883 9.09005 9.08107 8.9833 8.87938 8.69965 7.52888 6.80395 5.75026 6.99835 7.69407 8.07391 8.7368 8.90137
-9999 -9999 -9999 -9999 -9999 -9999 -9999 3.03013 4.4063 6.29596 7.06139 8.27857 10.1012 11.0011 11.4358 11.4329 11.2664 10.7353 10.4186 9.78811 8.64546 7.08065 5.34043 4.2096 4.79347 6.80606 7.28626 5.95449 5.28274 6.13279 7.38379 9.23331 10.2927 10.4413 10.3524 10.0069 8.68931 7.09604 7.10812 7.9172 7.25247 6.47876 6.91453 6.84163 6.19241 5.72189 5.43599 5.62478 6.34576 6.64882 7.36533 8.41963 8.57665 8.55399 9.00212 9.03143 9.04907 9.07314 9.08012 9.08366 9.07808 8.99974 8.81467 8.03794 7.36166 6.41775 6.30804 7.42444 7.92086 8.37961 8.70915 8.82227
-9999 -9999 -9999 -9999 -9999 -9999 -9999 2.01781 3.63585 5.40646 7.0648 8.63416 9.98578 10.0963 10.8123 10.8179 11.1962 11.0962 10.6044 10.0745 9.09097 7.07917 5.38842 3.54387 4.03783 6.09084 6.35795 5.47108 3.82749 5.53701 7.4217 9.13046 10.0584 9.34225 10.0892 10.0349 9.54528 8.59948 7.12527 7.15991 6.05677 6.01508 6.59158 6.78309 6.69462 6.34302 5.7775 5.88179 6.32121 6.43877 7.0978 7.91726 8.71863 8.85921 9.0179 9.03168 9.04151 9.06132 9.0704 9.06142 9.02841 8.94606 8.29606 7.52162 7.0476 6.39229 6.31975 7.60682 8.12687 8.41851 8.70435 8.82231
-9999 -9999 -9999 -9999 -9999 -9999 -9999 -9999 3.46451 5.29352 6.64864 7.01831 8.22044 8.87259 9.37875 9.49606 10.9282 11.0133 10.704 10.2178 9.37998 7.855 6.79434 5.02543 3.75566 4.2814 4.52683 5.00186 4.86977 5.63567 7.4471 9.33411 9.54564 8.35735 8.54075 8.79724 9.36404 9.0864 7.07525 6.05668 5.2123 5.82327 6.46562 6.62593 6.66312 6.54681 6.4116 6.17142 7.02868 7.66478 7.81751 8.37314 8.78524 8.9042 8.99566 9.01334 9.03129 9.03889 9.02282 9.01329 8.91927 8.69914 7.97109 6.20939 6.29981 6.11625 5.57366 6.83074 7.62851 8.33968 8.72153 8.82635
-9999 -9999 -9999 -9999 -9999 -9999 -9999 -9999 2.85159 4.9668 5.41871 5.39214 4.70051 5.0285 7.62341 8.15121 9.52498 10.8261 10.7376 10.2609 9.47752 8.57195 7.16632 5.17623 3.59618 2.92809 4.63842 6.31947 6.6719 7.21343 8.32593 8.54254 7.32797 6.18944 6.83883 7.2326 8.71456 8.99036 8.71008 7.50085 6.11728 5.39808 6.2609 6.38166 6.43929 6.45567 6.43536 6.40453 7.36975 7.90707 8.28192 8.48917 8.84398 8.94006 8.97573 9.00982 9.0109 9.00041 8.95298 8.89807 8.6306 8.30525 7.10774 6.11067 5.49185 4.70429 6.50455 7.04883 7.79942 8.28294 8.66276 8.75252
