Test_Spring_2018b/02_18/Temp/20180228_019.txt
ncols	170
nrows	115
xllcorner	350000.000000
yllcorner	4445000.000000
cellsize	1000.000000
nodata_value	-9999.000000
[rows 31 to 61 of 115, columns 70 to 139 of 170]
2.089 2.80461 3.06756 2.56943 2.61826 3.81552 4.07904 4.0606 3.95806 3.84398 3.27644 3.08615 2.63904 1.85214 1.52249 0.12361 -4.39989 -3.11784 -2.61505 -3.92423 -3.18881 -1.99333 -3.02704 -6.10249 -7.4242 -9.55584 -8.86989 -9.50819 -11.2225 -9999 -9999 -9999 -9999 -9999 -9999 -9999 -9999 -9999 -9999 -9999 -9999 -9999 -9999 -9999 -9999 -9999 -9999 -9999 -9999 -9999 -9999 -9999 -9999 -9999 -9999 -9999 -9999 -9999 -9999 -9999 -9999 -9999 -9999 -9999 -9999 -9999 -9999 -9999 -9999 -9999
2.23385 2.56087 2.52984 2.04994 2.78944 3.47013 3.05765 2.78837 3.90735 3.90681 3.52394 2.62535 2.29547 1.95362 1.74431 0.592555 -2.6392 -5.55206 -3.98898 -3.94973 -5.02669 -3.08727 -4.10627 -6.77011 -10.5319 -8.47974 -9.00735 -11.6681 -12.327 -9999 -9999 -9999 -9999 -9999 -9999 -9999 -9999 -9999 -9999 -9999 -9999 -9999 -9999 -9999 -9999 -9999 -9999 -9999 -9999 -9999 -9999 -9999 -9999 -9999 -9999 -9999 -9999 -9999 -9999 -9999 -9999 -9999 -9999 -9999 -9999 -9999 -9999 -9999 -9999 -9999
1.33894 2.15491 1.90326 1.6965 2.79594 2.77182 2.70889 3.1097 3.80473 3.94316 3.79384 3.40196 3.06283 2.70225 1.78732 0.469921 -2.29569 -5.6114 -6.36212 -4.73678 -4.65647 -4.39271 -5.32157 -6.48875 -8.31642 -6.81215 -6.22513 -7.9714 -10.2709 -11.7364 -9999 -9999 -9999 -9999 -9999 -9999 -9999 -9999 -9999 -9999 -9999 -9999 -9999 -9999 -9999 -9999 -9999 -9999 -9999 -9999 -9999 -9999 -9999 -9999 -9999 -9999 -9999 -9999 -9999 -9999 -9999 -9999 -9999 -9999 -9999 -9999 -9999 -9999 -9999 -9999
0.133464 1.5341 1.15309 0.0847209 0.746808 1.24366 2.17686 2.41489 2.55298 3.86548 3.79601 3.73535 3.17517 2.72738 1.98532 0.71758 -1.08744 -3.26067 -7.04526 -4.70898 -2.87886 -2.92321 -3.02052 -3.83764 -5.59391 -4.11795 -4.04492 -6.28502 -8.82603 -10.3237 -10.9412 -9999 -9999 -9999 -9999 -9999 -9999 -9999 -9999 -9999 -9999 -9999 -9999 -9999 -9999 -9999 -9999 -9999 -9999 -9999 -9999 -9999 -9999 -9999 -9999 -9999 -9999 -9999 -9999 -9999 -9999 -9999 -9999 -9999 -9999 -9999 -9999 -9999 -9999 -9999
-9999 0.66536 0.298233 -1.0067 -0.340698 0.548506 1.8102 2.46553 2.95945 3.35208 3.75265 3.70573 3.13261 1.439 1.19778 1.12531 -0.0549174 -2.53275 -5.00714 -5.64697 -2.85655 -2.05634 -2.21663 -1.59127 -3.07899 -2.37132 -2.65674 -3.45366 -5.89416 -8.12944 -9.0522 -10.879 -9999 -9999 -9999 -9999 -9999 -9999 -9999 -9999 -9999 -9999 -9999 -9999 -9999 -9999 -9999 -9999 -9999 -9999 -9999 -9999 -9999 -9999 -9999 -9999 -9999 -9999 -9999 -9999 -9999 -9999 -9999 -9999 -9999 -9999 -9999 -9999 -9999 -9999
-9999 -9999 -9999 -9999 -1.81403 -0.597622 0.405132 1.63893 2.6976 3.22927 3.74592 3.70493 2.55905 1.99899 1.95083 1.17777 -0.184884 -1.03969 -2.59731 -4.22006 -3.59828 -1.21852 -2.27443 -0.587409 -0.727513 -0.41518 -1.53848 -3.66916 -6.51274 -8.17334 -8.9988 -10.4788 -9999 -9999 -9999 -9999 -9999 -9999 -9999 -9999 -9999 -9999 -9999 -9999 -9999 -9999 -9999 -9999 -9999 -9999 -9999 -9999 -9999 -9999 -9999 -9999 -9999 -9999 -9999 -9999 -9999 -9999 -9999 -9999 -9999 -9999 -9999 -9999 -9999 -9999
-9999 -9999 -9999 -9999 -9999 -0.806616 -0.0425448 1.59964 2.45258 2.79785 3.63103 3.63365 3.20018 2.87318 2.39825 1.7776 0.753695 -0.376084 -1.84115 -1.9758 -0.453428 -0.433317 -0.749572 -0.497986 0.285675 0.0820076 -1.66502 -4.66324 -6.25076 -9.47634 -10.8574 -10.713 -11.6915 -9999 -9999 -9999 -9999 -9999 -9999 -9999 -9999 -9999 -9999 -9999 -9999 -7.93981 -9999 -9999 -9999 -9999 -9999 -9999 -9999 -9999 -9999 -9999 -9999 -9999 -9999 -9999 -9999 -9999 -9999 -9999 -9999 -9999 -13.878 -9999 -9999 -9999
-9999 -9999 -9999 -9999 -0.944884 0.0823132 0.88035 1.90973 2.01469 2.62747 3.58552 3.6004 3.29336 2.9463 2.16467 1.97169 1.3892 0.162372 -0.0879921 0.410419 0.640516 0.901373 1.06265 0.93444 0.619758 0.212828 -0.908738 -2.30201 -3.23617 -6.18266 -7.67222 -9.09774 -11.2569 -12.9456 -9999 -9999 -9999 -9999 -9999 -9999 -9999 -9.04864 -9.13097 -9.09519 -8.62422 -7.31897 -8.09236 -9999 -9999 -9999 -9999 -9999 -9999 -9999 -9999 -9999 -9999 -9999 -9999 -9999 -9999 -9999 -9999 -9999 -9999 -9999 -12.6965 -14.3965 -9999 -9999
-9999 -9999 -9999 -9999 -0.65189 0.426387 0.964921 1.96484 2.53732 2.91706 3.24984 3.56805 3.51592 3.1318 2.5468 2.55155 1.74475 1.30999 0.999674 1.67333 1.80706 1.53789 1.20031 0.902252 0.0570143 -0.0388386 -0.312679 -1.19617 -2.64766 -4.14328 -6.30093 -9.23264 -12.1078 -14.4266 -9999 -9999 -9999 -9999 -9999 -9999 -8.79202 -7.7064 -7.0574 -8.44553 -7.26607 -6.18898 -6.36675 -7.41846 -9999 -9999 -9999 -9999 -9999 -9999 -9999 -9999 -9999 -9999 -9999 -9999 -9999 -9999 -4.63705 -6.38001 -9.90275 -11.7069 -12.788 -14.3331 -9999 -9999
-9999 -9999 -9999 -9999 -0.854529 0.419161 1.28227 2.04882 2.17207 2.95939 3.30636 3.4779 3.45908 3.38392 3.27705 2.57311 2.27068 1.20584 2.22568 2.18751 1.93004 0.909412 0.467655 -1.28456 -2.05447 -2.22487 -0.748188 -1.8357 -4.10862 -6.95044 -10.3646 -10.5822 -11.71 -13.782 -9999 -9999 -9999 -9999 -9999 -9999 -8.44336 -7.28243 -6.31458 -6.17688 -7.55801 -5.64144 -5.71842 -6.80074 -7.05239 -6.17893 -5.74033 -6.08216 -5.02996 -4.72935 -5.2113 -4.6966 -9999 -9999 -9999 -9999 -4.4009 -4.32935 -4.27405 -4.99839 -8.84647 -11.4733 -13.8319 -14.0527 -9999 -9999
-9999 -9999 -9999 -9999 0.0385587 0.822547 1.21928 1.28407 1.97265 2.66133 3.08841 3.40232 3.34126 3.31712 3.2913 3.05092 2.4913 2.59253 2.54754 2.221 0.277286 -1.99128 -1.00111 -2.3509 -5.22733 -2.88718 -1.59775 -2.83018 -5.58483 -8.77918 -9.82144 -9.77279 -11.3422 -13.3612 -9999 -9999 -9999 -11.6072 -9.94158 -9.79705 -9.30735 -7.75842 -6.58154 -5.6979 -5.09746 -5.1153 -5.76523 -6.82508 -7.97699 -7.57873 -5.53175 -5.03978 -4.62038 -4.30972 -4.7587 -4.53857 -3.99438 -3.71462 -3.65998 -3.79087 -3.82054 -3.77441 -3.83772 -4.51309 -7.9509 -9.91825 -11.1719 -13.6856 -9999 -9999
-9999 -9999 -9999 -9999 -0.442094 0.239591 0.7921 1.71203 1.80998 2.39173 2.73839 3.25394 3.31274 2.71436 3.2105 3.14713 3.05494 2.85871 2.57096 0.929955 -1.33178 -3.59887 -4.64482 -4.19225 -5.92488 -5.03679 -3.73016 -4.20722 -5.89302 -8.73832 -9.13624 -9.79395 -12.4346 -14.9777 -9999 -9999 -14.8253 -11.629 -9.37884 -8.21888 -7.86087 -7.82887 -6.34574 -6.2336 -4.63862 -5.01341 -7.14138 -6.91199 -7.7483 -7.22508 -6.48642 -6.28957 -5.21645 -4.17532 -3.98671 -3.98961 -3.64583 -3.57869 -3.56336 -3.57399 -3.8112 -3.70098 -3.68144 -4.10067 -6.59236 -7.80485 -9.14619 -13.6541 -9999 -9999
-9999 -9999 -9999 -9999 -0.0794089 0.682874 1.51809 1.6538 2.27335 2.20964 2.03596 2.9001 3.21854 2.79625 2.49233 3.05405 3.01538 2.94091 2.81813 1.27593 -0.508627 -3.21007 -4.88803 -5.90895 -6.63584 -7.60979 -6.93749 -7.13958 -7.41109 -7.09184 -7.87374 -9.43154 -10.9761 -13.87 -15.4344 -9999 -14.6399 -13.1967 -10.5205 -8.24722 -6.80546 -7.32738 -5.64086 -5.33246 -4.35784 -4.93765 -6.2348 -6.80275 -6.86204 -7.04135 -5.91346 -5.16251 -4.63469 -4.28362 -3.83692 -3.73083 -3.62281 -3.58007 -3.55738 -3.53245 -3.53795 -3.54492 -3.59201 -3.74656 -4.88914 -6.10308 -8.72324 -13.5014 -9999 -9999
-9999 -9999 -9999 -2.29329 -0.156842 1.12183 1.61701 1.97478 2.29053 2.51959 2.76105 2.98509 3.14068 3.07673 1.95678 2.0485 2.24988 2.88571 2.84015 2.70064 1.72497 -1.56223 -2.69433 -4.3512 -6.49881 -7.39938 -6.94746 -5.18168 -5.25682 -6.42019 -7.71695 -9.51065 -10.6526 -12.4257 -15.8337 -15.5239 -13.9848 -12.8399 -11.0209 -8.24202 -6.29543 -5.42919 -5.10532 -4.42168 -4.07219 -4.87107 -5.63066 -5.95519 -6.54807 -6.64152 -6.64871 -5.97247 -5.44937 -4.26994 -3.87801 -3.69843 -3.61207 -3.56719 -3.53404 -3.49938 -3.48626 -3.50675 -3.50158 -3.50587 -3.58816 -5.1997 -9.24906 -12.2785 -9999 -9999
-9999 -9999 -9999 -9999 -0.5418 0.0203104 0.16743 0.425371 0.953547 1.56269 2.42639 2.53851 3.0144 3.01259 2.04836 0.93338 1.90467 2.29028 2.69001 2.70187 2.57633 -0.183357 -1.62685 -2.7624 -4.82131 -4.07912 -3.3696 -3.31248 -3.73492 -6.23343 -8.72157 -11.5907 -14.2712 -14.3956 -15.8378 -15.0699 -14.0522 -11.4443 -9.60972 -8.86674 -8.33469 -5.51248 -4.77918 -4.53702 -3.82166 -4.81735 -5.08016 -5.83257 -5.62384 -5.70077 -5.70881 -7.77476 -5.72859 -5.61834 -4.28668 -3.69484 -3.56221 -3.53061 -3.4944 -3.48929 -3.48059 -3.48389 -3.46584 -3.48329 -3.50503 -4.55139 -9.67824 -12.2364 -9999 -9999
-9999 -9999 -9999 -9999 -9999 -9999 -0.353929 0.0755897 0.351392 0.828508 2.28923 2.68338 2.94559 2.96876 2.53894 1.43543 1.14464 1.34672 0.269431 1.17089 2.40524 2.37593 2.2284 -0.197845 -1.44095 -0.235154 -0.597617 -2.41979 -3.8527 -5.26659 -8.18016 -10.3113 -13.3838 -15.6901 -15.7734 -13.2203 -11.1003 -8.46122 -7.297 -7.9602 -7.24492 -5.84542 -4.25659 -3.49265 -3.68281 -4.73248 -4.89165 -6.04653 -4.93518 -4.85163 -5.38703 -5.85157 -5.68625 -5.03437 -4.79207 -3.7516 -3.5051 -3.46538 -3.46081 -3.45762 -3.46102 -3.46389 -3.47613 -3.48292 -3.49279 -3.53504 -8.805 -12.8908 -9999 -9999
-9999 -9999 -9999 -9999 -9999 -9999 -1.35715 -1.09534 -0.407484 1.3581 2.28289 2.65707 2.64536 2.81874 2.51571 1.54461 0.547561 -0.392985 -1.60545 -0.91117 0.924867 2.00828 2.1335 0.00720094 1.11479 0.70292 -0.1114 -2.49548 -4.25115 -5.17972 -7.9766 -10.37 -12.4125 -15.2346 -14.0218 -12.687 -10.9743 -8.09527 -6.15325 -5.35679 -6.02829 -5.13494 -3.30601 -3.3029 -4.31483 -4.2595 -4.88461 -6.45899 -4.84498 -4.40026 -4.78247 -4.70005 -4.85256 -4.61778 -4.17877 -3.75778 -3.47924 -3.44633 -3.44531 -3.45585 -3.45523 -3.45287 -3.46979 -3.46394 -3.47383 -3.49549 -6.89524 -12.9625 -9999 -9999
-9999 -9999 -9999 -9999 -9999 -9999 -9999 -2.26874 -0.700139 1.64319 2.22512 2.17289 2.65731 2.69964 2.23401 1.82963 0.619172 -1.0347 -4.21124 -3.40109 -1.71077 0.726602 2.00901 1.83927 1.1269 -0.107012 -3.09669 -5.71233 -6.02633 -6.45077 -8.4907 -10.3327 -12.604 -11.2811 -9.8328 -8.2492 -7.41633 -7.63033 -5.9662 -4.61072 -5.18897 -4.09225 -2.81381 -3.40333 -3.7564 -4.05543 -4.77587 -4.83052 -4.76932 -3.85864 -4.51097 -4.13144 -4.1365 -4.1709 -3.96308 -3.72064 -3.46358 -3.42596 -3.42892 -3.42576 -3.45593 -3.44303 -3.45496 -3.46576 -3.47467 -3.49271 -3.79568 -7.05581 -9.00818 -9999
-9999 -9999 -9999 -9999 -9999 -9999 -9999 -3.70546 -2.92291 -0.147917 0.709099 1.9355 2.58684 2.61724 1.83071 1.39272 -0.410991 -0.996111 -3.93441 -5.26364 -4.13293 -4.563 -1.20683 1.76386 1.11777 -4.8693 -7.03544 -8.57917 -8.17758 -8.16949 -8.73409 -11.8738 -12.7364 -9.91591 -8.13878 -6.76154 -5.71676 -5.49815 -5.53358 -3.41286 -3.13345 -2.44821 -2.60374 -2.54709 -3.62684 -4.29962 -3.73476 -4.4144 -4.54085 -3.59943 -4.55212 -3.71509 -3.83006 -4.09713 -4.12125 -3.57069 -3.46493 -3.41082 -3.41143 -3.43438 -3.46217 -3.47624 -3.45498 -3.45944 -3.48589 -3.47939 -3.50488 -3.87738 -5.56718 -6.15411
-9999 -9999 -9999 -9999 -9999 -9999 -9999 -9999 -5.50034 -1.64415 0.117471 1.04345 2.34695 2.50434 2.08795 1.32877 -0.508924 -2.12468 -4.75117 -7.75037 -9.33699 -4.57834 -0.435798 1.72819 1.44395 -3.53917 -5.50356 -5.59103 -4.42798 -5.40177 -6.13918 -8.52402 -9.2341 -10.223 -9.6075 -7.68754 -6.12292 -4.61265 -3.51536 -3.42689 -2.71753 -2.31276 -2.28486 -2.1639 -2.29831 -2.41076 -3.45817 -2.7555 -3.37322 -3.06386 -3.28324 -3.48244 -3.65727 -4.26002 -3.8525 -3.49139 -3.40333 -3.3824 -3.40753 -3.41398 -3.42952 -3.46292 -3.47544 -3.4743 -3.47368 -3.4882 -3.48393 -3.4849 -3.6688 -4.68379
-9999 -9999 -9999 -9999 -9999 -9999 -9999 -9999 -7.41668 -3.57943 -1.73056 0.649654 1.87733 2.37477 2.30843 1.69315 0.296776 -1.80445 -3.55438 -6.90253 -10.3786 -5.38453 -0.932508 1.47079 1.60185 -2.5896 -1.42438 -2.3596 -1.97691 -3.69183 -4.40182 -4.96124 -6.19151 -7.53747 -9.00763 -9.78929 -6.27544 -4.47108 -3.01991 -2.33692 -1.95279 -1.76386 -1.87364 -2.14384 -3.71171 -2.53202 -2.60904 -2.73841 -2.88558 -2.96297 -3.09788 -3.25464 -3.35367 -3.3949 -3.79732 -3.36396 -3.38402 -3.38247 -3.38334 -3.39651 -3.41891 -3.43746 -3.45974 -3.46026 -3.46752 -3.47904 -3.48568 -3.47365 -3.48062 -3.53154
-9999 -9999 -9999 -9999 -9999 -9999 -9999 -9999 -12.7984 -7.21606 -2.72513 -0.382782 1.52477 2.04786 2.24278 1.41756 0.800536 -0.705585 -2.13133 -4.33071 -7.62512 -9.65239 -5.91214 -0.475723 1.53324 1.37523 1.25319 0.171056 -0.803671 -0.923559 -0.846337 -1.98026 -3.63065 -5.79633 -6.47493 -7.23288 -4.61567 -4.26035 -4.45197 -1.5774 -1.57377 -1.74152 -2.8476 -4.08715 -3.8617 -4.63132 -4.06037 -4.97998 -4.15492 -3.44343 -3.1847 -3.2181 -3.32665 -3.35315 -3.40533 -3.34126 -3.34835 -3.36522 -3.37782 -3.38473 -3.39616 -3.4293 -3.44725 -3.43361 -3.45879 -3.47394 -3.48024 -3.46479 -3.46609 -3.50302
-9999 -9999 -9999 -9999 -9999 -9999 -9999 -9999 -12.5436 -7.84802 -3.86618 -1.47661 0.81904 1.35103 2.12524 1.9574 1.31118 0.00204628 -1.6331 -3.44304 -6.26918 -8.36879 -5.86653 -2.25615 0.330292 1.2538 1.24957 1.19043 0.948022 0.856751 0.573661 0.373782 -0.813988 -2.8656 -4.02098 -5.71309 -2.79699 -2.46993 -2.92694 -1.47394 -1.55009 -3.75476 -5.45206 -5.66952 -4.64655 -5.63724 -5.8232 -6.44114 -5.7606 -3.91994 -4.47513 -4.3788 -3.55159 -3.4227 -3.35032 -3.33321 -3.34461 -3.35293 -3.37027 -3.37005 -3.3689 -3.4019 -3.41661 -3.42314 -3.45374 -3.46368 -3.48427 -3.48239 -3.48503 -3.50335
-9999 -9999 -9999 -9999 -9999 -9999 -9999 -9999 -12.4309 -9.27987 -5.69658 -2.17825 0.273473 1.26198 1.98158 1.97335 1.2223 0.571592 -0.453278 -2.04555 -3.13699 -5.03242 -7.63404 -3.2661 -1.92402 -0.732472 -0.219664 1.02837 1.00044 0.432154 -0.226853 0.389704 0.203479 -1.41586 -1.94774 -2.84692 -1.22529 -1.22206 -1.26844 -1.35769 -3.21986 -5.80798 -7.87855 -6.39864 -6.71642 -6.04437 -8.17063 -6.44405 -5.05475 -4.61111 -5.56672 -6.28211 -4.11093 -3.76766 -3.55994 -3.42846 -3.34318 -3.36916 -3.3499 -3.36476 -3.37232 -3.37982 -3.39845 -3.40931 -3.42753 -3.44602 -3.47022 -3.4655 -3.48709 -3.52127
-9999 -9999 -9999 -9999 -9999 -9999 -9999 -9999 -9999 -11.1262 -6.58289 -2.52754 -0.270252 1.14894 1.83988 1.8266 1.4423 1.00037 0.365005 -0.783446 -2.22586 -4.50557 -6.19703 -5.11916 -3.80364 -3.66023 -2.78552 -0.253106 0.613272 -0.610002 -3.63681 -1.85552 0.139415 0.107833 -0.0617814 -0.251933 -0.49621 -0.716701 -1.19867 -2.48762 -6.4321 -7.21191 -8.76315 -8.5936 -9.39378 -7.67224 -8.3323 -6.56196 -5.80027 -5.51876 -7.17372 -6.83675 -4.92344 -4.16566 -4.2993 -3.83522 -3.38619 -3.37528 -3.36531 -3.37894 -3.37058 -3.36771 -3.37539 -3.40152 -3.41634 -3.42704 -3.47126 -3.44779 -3.59156 -3.68374
-9999 -9999 -9999 -9999 -9999 -9999 -9999 -9999 -9999 -12.02 -7.48642 -2.71005 -1.17702 0.353307 1.67408 1.69932 1.11238 0.554516 -0.0197112 -0.673114 -2.42318 -4.11982 -5.73922 -6.28119 -5.95207 -5.9819 -4.56853 -1.27037 -0.630542 -0.901393 -4.07133 -5.14145 -2.47719 -0.238184 -0.0618865 -0.265169 -2.90041 -2.34044 -3.76342 -5.69337 -6.22703 -7.07465 -8.86228 -8.00978 -9.32214 -8.76951 -8.93417 -7.93236 -7.44846 -6.25561 -7.69834 -7.70199 -5.82426 -4.87362 -4.85567 -3.8559 -3.50187 -3.41139 -3.3904 -3.37541 -3.37245 -3.35752 -3.36725 -3.38219 -3.40167 -3.44937 -3.56326 -3.92372 -5.8072 -5.80201
-9999 -9999 -9999 -9999 -9999 -9999 -9999 -9999 -9999 -11.4874 -8.34132 -4.10299 -0.963671 -0.76686 0.759218 1.54691 0.908831 0.190688 -0.543732 -0.864114 -2.76905 -4.86136 -6.55132 -8.55183 -8.21991 -6.78002 -4.43418 -2.30352 -1.9216 -2.36073 -4.06347 -3.26217 -1.44546 -0.480947 -0.196851 -0.421426 -0.996229 -1.32922 -2.37775 -2.83388 -4.2906 -6.56722 -7.46701 -6.90541 -9.32427 -9.16238 -8.27747 -9.2405 -7.68588 -6.94608 -8.80595 -7.35744 -5.68591 -4.83409 -4.08943 -3.73913 -3.60165 -3.38792 -3.38487 -3.36869 -3.36033 -3.36467 -3.36564 -3.40147 -3.43108 -3.63388 -3.93269 -5.70998 -6.43688 -6.28936
-9999 -9999 -9999 -9999 -9999 -9999 -9999 -9999 -9999 -10.9429 -8.11016 -4.43505 -2.19667 -1.7964 -0.103765 1.40144 1.23336 0.48623 0.259152 -0.514687 -2.13026 -3.91463 -5.86491 -6.81213 -8.99183 -6.84244 -5.14968 -3.34552 -2.5011 -3.90171 -4.60125 -3.36243 -2.13101 -1.63948 -0.396191 -0.408894 -0.815515 -2.56492 -3.41925 -3.06159 -3.43089 -4.07589 -5.64473 -5.71949 -6.73015 -7.1527 -7.55268 -8.84535 -8.03801 -7.96385 -7.7635 -6.00767 -5.14067 -4.56746 -4.04599 -3.91235 -3.68729 -3.39344 -3.37007 -3.36172 -3.36499 -3.36104 -3.38427 -3.47 -3.54233 -3.95042 -4.67205 -6.01775 -8.18448 -6.64622
-9999 -9999 -9999 -9999 -9999 -9999 -9999 -9999 -9999 -11.4174 -8.40783 -5.26664 -3.95333 -3.73036 -0.666598 1.20945 1.21287 0.858887 0.445546 -1.46728 -1.35406 -1.73572 -3.49517 -6.05847 -8.87375 -8.60821 -6.93784 -4.55511 -3.76661 -6.07839 -6.89254 -6.29406 -4.43227 -2.76592 -1.0262 -0.585222 -1.09732 -3.81979 -6.71325 -5.37488 -3.94517 -3.9568 -4.38146 -5.8372 -6.30335 -6.72638 -7.79139 -9.5933 -9.3434 -8.85185 -6.87063 -6.24344 -5.27037 -4.46277 -4.77458 -4.59979 -3.82574 -3.38278 -3.36893 -3.36354 -3.35109 -3.36333 -3.39178 -3.56178 -3.74161 -4.04231 -5.92289 -7.09273 -8.77182 -6.80208
-9999 -9999 -9999 -9999 -9999 -9999 -9999 -9999 -9999 -12.3406 -10.1563 -7.15368 -5.94341 -4.01311 -1.11764 0.306615 0.989526 0.974878 0.699507 -0.15676 -0.671231 -1.68563 -3.5163 -6.01976 -8.80268 -10.614 -9.69177 -6.49545 -5.74559 -7.87072 -8.95157 -7.60663 -5.62276 -2.68506 -1.00717 -0.781792 -0.93525 -1.49822 -3.61143 -6.16455 -6.15904 -4.88352 -5.95798 -7.20666 -6.52772 -6.66008 -7.71152 -8.47834 -8.95797 -8.68928 -7.55579 -7.08997 -5.96473 -4.30062 -4.06653 -4.11846 -3.41954 -3.38794 -3.37468 -3.35097 -3.35434 -3.36312 -3.3864 -3.5257 -3.83515 -5.08787 -6.18051 -7.69982 -7.8893 -6.11551
-9999 -9999 -9999 -9999 -9999 -9999 -9999 -9999 -9999 -13.9362 -11.3661 -8.55303 -5.91907 -3.42712 -1.2824 -1.11627 0.015037 0.0139937 0.60693 0.437612 -0.356218 -1.2107 -2.78818 -6.00472 -8.70933 -11.659 -10.8807 -7.62221 -7.20333 -8.62748 -11.2581 -8.54349 -5.54985 -2.83692 -1.36899 -2.52232 -1.34362 -1.44264 -2.23598 -3.75701 -6.12089 -6.07991 -7.85319 -7.93484 -7.03143 -6.74215 -6.89951 -7.47662 -8.39707 -8.26842 -7.58379 -7.41363 -6.37998 -5.09027 -3.82903 -3.62084 -3.38343 -3.37672 -3.37608 -3.35933 -3.35954 -3.38849 -3.45571 -3.60164 -4.65254 -5.9019 -6.67246 -7.73211 -7.8628 -5.80981
