Test_Spring_2018b/02_18/Temp/20180201_016.txt
ncols	170
nrows	115
xllcorner	350000.000000
yllcorner	4445000.000000
cellsize	1000.000000
nodata_value	-9999.000000
[rows 32 to 63 of 115, columns 72 to 143 of 170]
11.8084 11.5423 11.9592 12.3431 12.1024 11.9442 12.5688 12.5707 12.3585 11.8576 11.6754 11.4866 11.3721 10.7296 8.92163 7.29212 8.17004 8.19391 7.59205 8.67974 8.10957 6.61747 4.50986 5.65929 5.36311 3.86716 3.50203 -9999 -9999 -9999 -9999 -9999 -9999 -9999 -9999 -9999 -9999 -9999 -9999 -9999 -9999 -9999 -9999 -9999 -9999 -9999 -9999 -9999 -9999 -9999 -9999 -9999 -9999 -9999 -9999 -9999 -9999 -9999 -9999 -9999 -9999 -9999 -9999 -9999 -9999 -9999 -9999 -9999 -9999 -9999 -9999 -9999
11.4473 11.3344 11.9531 11.9423 11.8997 12.1146 12.5016 12.5813 12.4999 12.2827 12.0952 11.8958 11.3858 10.6503 9.10344 7.2482 6.82982 7.7424 7.78906 7.93818 7.41877 6.76551 5.74188 6.5847 6.91339 5.93455 4.6464 3.8167 -9999 -9999 -9999 -9999 -9999 -9999 -9999 -9999 -9999 -9999 -9999 -9999 -9999 -9999 -9999 -9999 -9999 -9999 -9999 -9999 -9999 -9999 -9999 -9999 -9999 -9999 -9999 -9999 -9999 -9999 -9999 -9999 -9999 -9999 -9999 -9999 -9999 -9999 -9999 -9999 -9999 -9999 -9999 -9999
11.0171 10.4216 10.7953 11.0765 11.5834 11.7113 11.7906 12.528 12.4912 12.4595 12.1481 11.8997 11.4864 10.7787 9.76994 8.55479 6.43672 7.74772 8.7749 8.7516 8.69833 8.24146 7.2581 8.08535 8.12637 6.87537 5.43874 4.60068 4.25596 -9999 -9999 -9999 -9999 -9999 -9999 -9999 -9999 -9999 -9999 -9999 -9999 -9999 -9999 -9999 -9999 -9999 -9999 -9999 -9999 -9999 -9999 -9999 -9999 -9999 -9999 -9999 -9999 -9999 -9999 -9999 -9999 -9999 -9999 -9999 -9999 -9999 -9999 -9999 -9999 -9999 -9999 -9999
10.5284 9.80038 10.1764 10.6774 11.3769 11.7336 12.0088 12.2307 12.4572 12.4331 12.1142 11.1677 11.035 10.9969 10.3382 8.95247 7.56854 7.21229 8.77766 9.22774 9.13939 9.4909 8.65822 9.05523 8.89561 8.45375 7.07863 5.82228 5.30665 4.28477 -9999 -9999 -9999 -9999 -9999 -9999 -9999 -9999 -9999 -9999 -9999 -9999 -9999 -9999 -9999 -9999 -9999 -9999 -9999 -9999 -9999 -9999 -9999 -9999 -9999 -9999 -9999 -9999 -9999 -9999 -9999 -9999 -9999 -9999 -9999 -9999 -9999 -9999 -9999 -9999 -9999 -9999
-9999 -9999 9.34148 10.0163 10.5762 11.2614 11.8527 12.1524 12.4438 12.4229 11.783 11.4715 11.447 11.0163 10.2555 9.7791 8.90894 8.00215 8.35271 9.68793 9.098 10.0445 9.96697 10.1426 9.51366 8.31589 6.72417 5.78967 5.32854 4.50094 -9999 -9999 -9999 -9999 -9999 -9999 -9999 -9999 -9999 -9999 -9999 -9999 -9999 -9999 -9999 -9999 -9999 -9999 -9999 -9999 -9999 -9999 -9999 -9999 -9999 -9999 -9999 -9999 -9999 -9999 -9999 -9999 -9999 -9999 -9999 -9999 -9999 -9999 -9999 -9999 -9999 -9999
-9999 -9999 -9999 9.89002 10.3161 11.238 11.7062 11.9014 12.3699 12.3733 12.1325 11.9515 11.6878 11.3426 10.7716 10.1413 9.32317 9.2503 10.1056 10.119 9.94363 10.086 10.5262 10.4128 9.43862 7.75095 6.86223 5.05144 4.27886 4.36121 3.81477 -9999 -9999 -9999 -9999 -9999 -9999 -9999 -9999 -9999 -9999 -9999 -9999 5.98865 -9999 -9999 -9999 -9999 -9999 -9999 -9999 -9999 -9999 -9999 -9999 -9999 -9999 -9999 -9999 -9999 -9999 -9999 -9999 -9999 2.82494 -9999 -9999 -9999 -9999 -9999 -9999 -9999
-9999 -9999 9.81002 10.3753 10.8242 11.4025 11.4557 11.7968 12.3351 12.3452 12.1751 11.9829 11.5473 11.4418 11.1182 10.4337 10.2963 10.5783 10.7098 10.8583 10.9506 10.8803 10.7052 10.4779 9.84582 9.06588 8.543 6.89365 6.05477 5.25727 4.04907 3.10479 -9999 -9999 -9999 -9999 -9999 -9999 -9999 5.32539 5.28705 5.31552 5.58837 6.32913 5.90575 -9999 -9999 -9999 -9999 -9999 -9999 -9999 -9999 -9999 -9999 -9999 -9999 -9999 -9999 -9999 -9999 -9999 -9999 -9999 3.48465 2.53686 -9999 -9999 -9999 -9999 -9999 -9999
-9999 -9999 9.95363 10.5595 10.8628 11.4243 11.7463 11.95 12.1379 12.3178 12.2904 12.0774 11.7521 11.7574 11.3083 11.0678 10.897 11.2774 11.3552 11.2068 11.0198 10.8544 10.382 10.3289 10.1721 9.67751 8.86449 8.02666 6.81415 5.17242 3.56268 2.26507 -9999 -9999 -9999 -9999 -9999 -9999 5.45162 6.06731 6.43915 5.67039 6.34078 6.95438 6.86541 6.28628 -9999 -9999 -9999 -9999 -9999 -9999 -9999 -9999 -9999 -9999 -9999 -9999 -9999 -9999 7.98033 7.00838 5.03908 4.03257 3.43113 2.56989 -9999 -9999 -9999 -9999 -9999 -9999
-9999 -9999 9.83215 10.5473 11.0321 11.4626 11.5325 11.9709 12.1606 12.2581 12.2494 12.2094 12.152 11.7604 11.5941 11.0008 11.5755 11.5574 11.4162 10.8471 10.6018 9.62174 9.19144 9.09286 9.92061 9.31138 8.03775 6.44524 4.52675 4.40678 3.77554 2.61578 -9999 -9999 -9999 -9999 -9999 -9999 5.63578 6.29403 6.84501 6.93169 6.16817 7.25285 7.22006 6.62599 6.49758 6.99965 7.25806 7.07893 7.67945 7.85946 7.60039 7.89895 -9999 -9999 -9999 -9999 8.10234 8.14752 8.18304 7.78136 5.62936 4.16149 2.84402 2.73043 -9999 -9999 -9999 -9999 -9999 -9999
-9999 -9999 10.3249 10.7654 10.9886 11.0256 11.4118 11.7947 12.0297 12.2024 12.1703 12.1593 12.1477 12.0163 11.7062 11.7665 11.7449 11.5654 10.4796 9.21129 9.76822 9.01715 7.39961 8.71481 9.43732 8.74648 7.20248 5.41195 4.82192 4.85051 3.97132 2.83894 -9999 -9999 -9999 3.83215 4.77026 4.85723 5.13863 6.01449 6.68286 7.18982 7.53722 7.53339 7.18632 6.60574 5.97387 6.21064 7.37107 7.66007 7.90688 8.09327 7.8533 7.98805 8.30245 8.4677 8.5058 8.43895 8.42788 8.4585 8.42719 8.05254 6.12953 5.0307 4.33185 2.92344 -9999 -9999 -9999 -9999 -9999 -9999
-9999 -9999 10.0445 10.4275 10.7378 11.251 11.3063 11.6327 11.8244 12.1109 12.1459 11.8133 12.0943 12.0622 12.0143 11.9082 11.7509 10.8352 9.57134 8.304 7.72018 7.96943 6.99912 7.50034 8.23225 7.9674 7.01841 5.42314 5.19903 4.82493 3.34704 1.92254 -9999 -9999 2.01331 3.8078 5.07335 5.72932 5.93718 5.96356 6.80402 6.87735 7.78234 7.57952 6.40457 6.5468 6.09616 6.40392 6.83453 6.95868 7.57383 8.16837 8.28595 8.29527 8.49776 8.54409 8.56019 8.5606 8.433 8.49915 8.51381 8.28218 6.88922 6.21292 5.46964 2.93876 -9999 -9999 -9999 -9999 -9999 -9999
-9999 -9999 10.2352 10.6628 11.1311 11.2075 11.555 11.522 11.4222 11.9076 12.085 11.8511 11.6841 12.0025 11.9848 11.9473 11.8826 11.0225 10.0262 8.51553 7.57761 7.00193 6.59481 6.04893 6.42503 6.31087 6.15755 6.33504 5.89725 5.01848 4.15233 2.53246 1.65646 -9999 2.10522 2.91733 4.42146 5.70126 6.51654 6.23294 7.18786 7.37178 7.92536 7.61347 6.90465 6.60434 6.58589 6.50035 7.14714 7.58694 7.89746 8.10777 8.36893 8.43981 8.51054 8.54337 8.56362 8.58381 8.58575 8.58586 8.56272 8.47888 7.84126 7.1681 5.70309 3.02091 -9999 -9999 -9999 -9999 -9999 -9999
-9999 8.9926 10.185 10.9015 11.179 11.3795 11.5565 11.6852 11.8184 11.9468 12.0358 12.0005 11.3765 11.4319 11.549 11.9097 11.8886 11.8145 11.2715 9.43271 8.79669 7.86619 6.66253 6.16041 6.41263 7.40053 7.35674 6.70307 5.97462 4.96382 4.32381 3.32971 1.42183 1.59629 2.46057 3.10534 4.12916 5.69229 6.7906 7.28507 7.47702 7.86791 8.07625 7.64594 7.23873 7.07224 6.75573 6.71917 6.73091 7.12532 7.43405 8.11349 8.34618 8.45711 8.516 8.55019 8.57629 8.60178 8.61387 8.60602 8.61172 8.61158 8.57112 7.67069 5.40955 3.7079 -9999 -9999 -9999 -9999 -9999 -9999
-9999 -9999 9.96256 10.2773 10.3595 10.5038 10.7996 11.1411 11.6229 11.6873 11.9562 11.9587 11.4207 10.8002 11.349 11.5697 11.7983 11.8092 11.7425 10.1948 9.38698 8.75081 7.59651 8.01424 8.41041 8.44061 8.20181 6.79968 5.40328 3.78969 2.2865 2.21595 1.40808 1.83999 2.41188 3.87607 4.90858 5.3311 5.63706 7.22766 7.64654 7.79683 8.2111 7.66778 7.53949 7.13406 7.26743 7.24091 7.25295 6.11178 7.27459 7.3516 8.11179 8.45881 8.54262 8.56947 8.59726 8.60604 8.6154 8.61686 8.62938 8.62406 8.61715 8.03388 5.16471 3.72726 -9999 -9999 -9999 -9999 -9999 -9999
-9999 -9999 -9999 -9999 10.06 10.3003 10.4546 10.722 11.5384 11.7609 11.9102 11.9263 11.6892 11.0749 10.9168 11.0349 10.4361 10.9447 11.638 11.6234 11.5414 10.1819 9.48697 10.1614 9.9567 8.9337 8.12845 7.33365 5.69856 4.49821 2.77513 1.48186 1.43482 2.86581 4.05586 5.53738 6.19422 5.82894 6.23767 7.03113 7.93248 8.37314 8.28054 7.7075 7.63776 7.00745 7.64714 7.71115 7.42833 7.18497 7.29461 7.67555 7.82584 8.42185 8.57135 8.60364 8.61367 8.62125 8.62364 8.62508 8.62326 8.62228 8.61949 8.59865 5.6492 3.35605 -9999 -9999 -9999 -9999 -9999 -9999
-9999 -9999 -9999 -9999 9.49065 9.63682 10.022 11.0113 11.5275 11.739 11.7349 11.8353 11.6694 11.1298 10.576 10.0541 9.3791 9.77172 10.803 11.4116 11.4824 10.2907 10.9125 10.6804 10.2223 8.88433 7.89807 7.37498 5.80508 4.45774 3.31155 1.72915 2.40813 3.15643 4.11768 5.73387 6.82645 7.27922 6.91067 7.42092 8.45698 8.47163 7.91892 7.96529 7.63482 6.76987 7.69158 7.95832 7.76172 7.82516 7.75711 7.90467 8.16542 8.41456 8.58212 8.61016 8.6185 8.6183 8.62282 8.62829 8.62187 8.62791 8.62505 8.61571 6.71405 3.31088 -9999 -9999 -9999 -9999 -9999 -9999
-9999 -9999 -9999 -9999 -9999 8.97204 9.85066 11.1638 11.4881 11.4608 11.7349 11.762 11.5052 11.2832 10.6099 9.6883 7.91308 8.37055 9.32014 10.6872 11.4061 11.3105 10.9125 10.2199 8.54294 7.07517 6.89658 6.65593 5.51012 4.47175 3.19739 3.93727 4.74822 5.63594 6.10426 5.98744 6.92436 7.69003 7.37407 7.9983 8.72601 8.40871 8.22524 8.07319 7.68941 7.67604 7.7279 8.25583 7.90802 8.13803 8.1527 8.14954 8.28082 8.42996 8.58552 8.61619 8.62216 8.62967 8.6172 8.62806 8.62446 8.62121 8.61896 8.61174 8.44514 6.61481 5.52381 -9999 -9999 -9999 -9999 -9999
-9999 -9999 -9999 -9999 -9999 8.15973 8.59811 10.1532 10.6318 11.321 11.6888 11.7094 11.2729 11.0317 10.026 9.70327 8.06152 7.32015 7.95611 7.71658 9.59729 11.2611 10.9003 7.54469 6.32925 5.46213 5.68461 5.68646 5.36741 3.60211 3.11719 4.69634 5.69169 6.46395 7.0511 7.17668 7.16146 8.35576 8.5205 8.91414 8.83839 8.88303 8.29232 7.93076 8.26697 7.9033 7.84988 8.39489 7.87864 8.36482 8.31775 8.18409 8.1853 8.50696 8.57766 8.61753 8.62526 8.61798 8.60682 8.60285 8.61798 8.61845 8.60656 8.61326 8.6023 8.38984 7.44608 7.12076 7.49588 -9999 -9999 -9999
-9999 -9999 -9999 -9999 -9999 -9999 7.14688 9.30798 10.2934 10.8145 11.5479 11.6397 11.4082 10.9883 9.96401 9.06369 7.59649 5.9197 5.03273 7.70017 10.0215 11.2334 11.0756 8.28258 7.18038 7.12941 7.7788 7.23089 6.81539 5.47328 5.07418 4.51946 4.86428 5.93923 6.81935 7.66886 8.28833 8.34407 8.74921 8.98622 9.01304 9.09346 9.03209 8.98413 8.41675 8.82713 8.49808 8.68856 8.58275 8.48797 8.40695 8.08487 8.3276 8.54286 8.60348 8.62644 8.61937 8.62144 8.61732 8.60237 8.59944 8.60331 8.60686 8.60206 8.60802 8.60374 8.50385 7.93884 7.18024 6.22009 -9999 -9999
-9999 -9999 -9999 -9999 -9999 -9999 6.06597 8.21673 9.2511 10.5872 11.275 11.5563 11.5243 11.1848 10.4076 9.23515 8.25887 6.38644 4.4415 7.24163 9.73475 11.0809 11.1532 8.80699 9.45852 8.93297 9.1456 8.18293 7.78332 7.46425 6.7742 6.01987 5.19386 4.75978 6.7309 7.74537 8.56323 8.95208 9.17493 9.28989 9.23923 9.1014 8.23647 8.91193 8.88774 8.83137 8.76532 8.73851 8.6794 8.60779 8.56863 8.56062 8.34911 8.60689 8.60795 8.61729 8.6239 8.62238 8.61466 8.60834 8.59943 8.60554 8.6035 8.60071 8.60086 8.60383 8.60332 8.5786 8.43351 7.14164 6.37171 6.16303
-9999 -9999 -9999 -9999 -9999 -9999 3.04341 6.17215 8.68207 9.9977 11.0676 11.3653 11.4796 11.0223 10.6815 9.8422 9.04737 7.8184 5.97515 4.84102 6.93796 9.98382 11.1064 11.0205 10.9513 10.3439 9.79652 9.72806 9.77009 9.12953 8.20021 6.9878 6.61208 6.18938 7.65851 7.86141 7.75902 9.37576 9.38536 9.30027 8.69078 8.00848 8.14767 7.73193 8.07019 7.57032 8.04822 8.46261 8.62327 8.62002 8.57476 8.57791 8.56168 8.61237 8.61817 8.61717 8.6173 8.6195 8.61825 8.60413 8.59809 8.60954 8.60353 8.59947 8.59767 8.60247 8.60541 8.58872 8.57427 8.38131 8.08782 7.52457
-9999 -9999 -9999 -9999 -9999 -9999 3.1733 5.80157 8.03519 9.37377 10.6641 10.9667 11.4053 11.316 10.9587 10.2295 9.31716 8.30626 6.72533 5.55072 6.95367 8.97725 10.426 10.9468 10.9417 10.908 10.7715 10.7144 10.5553 10.4385 9.77391 8.6297 7.98414 7.03854 8.6755 8.86285 8.61196 9.43229 9.39709 8.17057 7.2295 7.11864 7.70503 7.16328 7.0772 6.74656 7.14264 8.18881 7.8963 7.96498 8.44322 8.52896 8.58656 8.60692 8.61014 8.61391 8.6115 8.61794 8.62408 8.61047 8.60672 8.60736 8.59449 8.59876 8.59211 8.58902 8.58874 8.5827 8.56999 8.5198 8.46347 8.53809
-9999 -9999 -9999 -9999 -9999 -9999 3.22523 4.99126 7.00171 8.97224 10.3499 10.9081 11.3158 11.3158 10.8994 10.5389 9.96835 9.07931 8.47027 7.41016 5.95381 8.40168 9.15403 9.82576 10.1079 10.8067 10.7908 10.4721 10.096 10.4424 10.344 9.43859 9.1429 8.64201 9.55413 9.56035 9.53969 9.49601 8.46009 7.01851 5.86794 6.70756 6.54095 6.9316 5.7578 6.74192 7.53495 7.79823 7.2769 6.88997 8.12034 8.33155 8.4594 8.54353 8.60074 8.5946 8.61283 8.61107 8.61269 8.61382 8.60835 8.60705 8.60161 8.5961 8.59393 8.59222 8.58452 8.57263 8.57807 8.55621 8.55092 8.5496
-9999 -9999 -9999 -9999 -9999 -9999 -9999 3.94468 6.48848 8.76418 10.0329 10.8324 11.224 11.221 11.0099 10.7662 10.4136 9.77299 8.96709 7.69151 6.74497 7.34949 8.08667 8.17205 8.66241 10.0814 10.5671 9.88217 8.18096 9.18548 10.305 10.2895 10.1971 10.0939 9.96041 9.84157 9.57704 8.86127 6.65863 6.23074 5.37098 5.47624 5.03909 6.01787 5.66534 6.67068 7.11116 7.2827 6.36919 6.57164 7.66439 8.10098 8.03727 8.30752 8.56662 8.58113 8.59428 8.59347 8.60436 8.61172 8.61286 8.60576 8.60286 8.60232 8.59061 8.59874 8.52291 8.47602 8.37449 8.51506 8.53462 8.55105
-9999 -9999 -9999 -9999 -9999 -9999 -9999 3.4298 5.97288 8.65242 9.51521 10.3767 11.1209 11.1392 10.8144 10.5056 10.1871 9.8239 8.84576 7.89706 6.9912 6.68859 6.87371 6.86264 7.65533 9.50397 9.86331 9.71256 7.93701 7.33954 8.8346 10.0918 10.1938 10.0836 8.61145 8.93013 8.13857 7.06377 6.77209 6.30536 5.31284 5.80029 5.07564 5.39657 5.32361 5.89755 6.18156 6.86283 6.06741 6.07815 7.15122 7.69537 7.71624 8.28638 8.49394 8.55307 8.57257 8.58808 8.59635 8.61095 8.61149 8.60898 8.60388 8.58302 8.52514 8.33747 7.27598 7.28388 7.58369 7.86787 8.38315 8.53114
-9999 -9999 -9999 -9999 -9999 -9999 -9999 3.71845 5.48414 7.86214 9.62469 9.73887 10.5979 11.0431 10.6895 10.2907 9.88248 9.70586 8.64109 7.47095 6.52588 5.40651 5.59366 6.40136 7.72229 8.91736 9.13275 8.88827 7.93549 8.38705 9.40779 9.95143 10.1142 9.99254 9.67512 9.49377 8.91216 8.66313 7.85424 6.58673 6.09135 6.41545 5.07039 5.17185 5.67892 5.15909 6.04224 6.46895 5.43909 6.27234 7.22052 7.70887 8.13656 8.34263 8.42878 8.557 8.56659 8.583 8.59461 8.59877 8.60462 8.59081 8.58044 8.47306 8.31194 7.32255 6.91786 7.00577 7.47266 7.88238 8.3147 8.49358
-9999 -9999 -9999 -9999 -9999 -9999 -9999 4.01342 5.60355 7.6659 8.92352 9.1515 10.1036 10.9507 10.8602 10.4451 10.3211 9.89052 8.98804 7.99068 6.90008 6.37121 5.15162 6.3573 7.31292 8.32555 8.80055 8.01692 7.62788 8.32505 9.01834 9.29741 9.99802 9.99536 9.77246 8.79776 8.3251 8.53207 8.33237 7.97886 7.10841 7.07566 6.51918 6.29274 6.07942 5.37467 5.83853 5.89169 6.02552 7.02107 7.51806 7.84997 8.15234 8.23686 8.37201 8.54515 8.56625 8.57848 8.58385 8.59299 8.58672 8.54532 8.51139 8.28936 7.89171 7.14446 5.93372 6.80108 7.70783 7.98325 8.25535 8.3974
-9999 -9999 -9999 -9999 -9999 -9999 -9999 3.7373 5.4264 7.1895 7.92871 8.05718 9.7773 10.832 10.8375 10.6426 10.4143 9.34569 9.41195 9.20073 8.21736 6.78344 5.20817 5.35883 6.30318 7.63959 8.08369 6.79027 6.33745 6.67627 7.72312 8.66074 9.63981 9.89162 9.60987 8.09019 6.47521 7.23167 8.03987 8.04112 7.81154 7.00486 6.75315 6.52608 5.93978 4.94555 5.10062 5.38714 6.51904 6.88169 7.43777 7.90072 7.73603 7.84347 8.28615 8.54286 8.55874 8.5695 8.58391 8.58426 8.57538 8.48711 8.39329 8.23177 7.18514 6.53675 5.59096 6.70933 7.32945 7.66726 8.25772 8.40311
-9999 -9999 -9999 -9999 -9999 -9999 -9999 3.20951 4.4362 6.12157 6.8029 7.88776 9.51345 10.3149 10.701 10.6962 10.5453 10.0688 9.78356 9.2181 8.19515 6.7951 5.23834 4.22581 4.74471 6.54398 6.97271 5.77861 5.17673 5.93409 7.04965 8.69985 9.64452 9.77576 9.69513 9.38548 8.20775 6.78403 6.79431 7.51665 6.92291 6.23209 6.62172 6.55726 5.97828 5.55908 5.30988 5.4823 6.12836 6.40032 7.04141 7.98402 8.12503 8.10536 8.50592 8.53221 8.54784 8.56902 8.57477 8.57731 8.57159 8.50081 8.33468 7.6401 7.03526 6.19141 6.09266 7.0899 7.52837 7.94022 8.23295 8.33237
-9999 -9999 -9999 -9999 -9999 -9999 -9999 2.30494 3.74766 5.3267 6.80552 8.20491 9.40986 9.50636 10.1436 10.1465 10.4821 10.3906 9.94911 9.47351 8.59272 6.7935 5.28097 3.63103 4.06966 5.90519 6.14088 5.34683 3.87697 5.40195 7.08346 8.60794 9.43517 8.79414 9.46 9.41039 8.9722 8.12677 6.80961 6.84027 5.85498 5.81792 6.33322 6.50487 6.42665 6.11356 5.61291 5.71154 6.10593 6.21209 6.80171 7.53445 8.25083 8.37685 8.51884 8.5312 8.53985 8.55725 8.56493 8.55636 8.52625 8.45201 7.87076 7.17837 6.75429 6.16831 6.10287 7.24777 7.7124 7.97497 8.2287 8.33246
-9999 -9999 -9999 -9999 -9999 -9999 -9999 -9999 3.59419 5.22538 6.43337 6.76126 7.8327 8.41295 8.86283 8.96542 10.2423 10.3161 10.0376 9.60114 8.85054 7.48615 6.53641 4.95406 3.81747 4.29103 4.50529 4.92757 4.80766 5.48983 7.10587 8.78951 8.97685 7.91409 8.0766 8.30458 8.80989 8.56122 6.76452 5.85455 5.10038 5.64626 6.22038 6.36418 6.39818 6.29521 6.18159 5.97049 6.73733 7.30654 7.44388 7.94089 8.30953 8.41616 8.49804 8.51384 8.52972 8.53623 8.52147 8.51247 8.42795 8.23075 7.5799 6.00586 6.08602 5.92149 5.43632 6.55493 7.27097 7.90467 8.2442 8.33628
-9999 -9999 -9999 -9999 -9999 -9999 -9999 -9999 3.04631 4.93311 5.33442 5.3084 4.68845 4.97918 7.2946 7.76384 8.98864 10.1486 10.0674 9.63933 8.93739 8.12625 6.86843 5.08855 3.67483 3.07514 4.60504 6.10408 6.41684 6.89855 7.89027 8.08195 6.99551 5.97714 6.55579 6.90633 8.22899 8.47462 8.22383 7.14362 5.90794 5.26586 6.03697 6.14549 6.1978 6.21339 6.19945 6.17647 7.04154 7.5225 7.85819 8.04401 8.36142 8.44756 8.47956 8.50997 8.51076 8.50109 8.45834 8.40885 8.16947 7.87837 6.80831 5.91728 5.3641 4.66022 6.26764 6.74972 7.4188 7.85422 8.19203 8.27073
