Test_Spring_2018b/02_18/Temp/20180220_003.txt
ncols	170
nrows	115
xllcorner	350000.000000
yllcorner	4445000.000000
cellsize	1000.000000
nodata_value	-9999.000000
[rows 32 to 63 of 115, columns 71 to 141 of 170]
8.3979 8.37573 8.01307 8.57569 9.09381 8.77973 8.57224 9.42574 9.42638 9.13693 8.45615 8.20674 7.94809 7.78978 6.91615 4.46407 2.25356 3.4386 3.46705 2.64821 4.11748 3.34178 1.31775 -1.53964 0.0138517 -0.390181 -2.41527 -2.91511 -9999 -9999 -9999 -9999 -9999 -9999 -9999 -9999 -9999 -9999 -9999 -9999 -9999 -9999 -9999 -9999 -9999 -9999 -9999 -9999 -9999 -9999 -9999 -9999 -9999 -9999 -9999 -9999 -9999 -9999 -9999 -9999 -9999 -9999 -9999 -9999 -9999 -9999 -9999 -9999 -9999 -9999 -9999
8.08389 7.89445 7.73914 8.57492 8.55833 8.50718 8.81047 9.34201 9.44797 9.33555 9.03903 8.7824 8.50935 7.81551 6.81607 4.71759 2.20144 1.63105 2.86305 2.92245 3.12068 2.41371 1.5256 0.136075 1.27428 1.71637 0.384336 -1.35826 -2.47698 -9999 -9999 -9999 -9999 -9999 -9999 -9999 -9999 -9999 -9999 -9999 -9999 -9999 -9999 -9999 -9999 -9999 -9999 -9999 -9999 -9999 -9999 -9999 -9999 -9999 -9999 -9999 -9999 -9999 -9999 -9999 -9999 -9999 -9999 -9999 -9999 -9999 -9999 -9999 -9999 -9999 -9999
7.60683 7.31937 6.51046 7.0145 7.39322 8.09422 8.28088 8.38655 9.3832 9.33125 9.28588 8.8614 8.52204 7.95924 6.9974 5.6277 3.97838 1.10625 2.87778 4.26499 4.22971 4.15394 3.53173 2.19672 3.31379 3.36625 1.66416 -0.268899 -1.40811 -1.87934 -9999 -9999 -9999 -9999 -9999 -9999 -9999 -9999 -9999 -9999 -9999 -9999 -9999 -9999 -9999 -9999 -9999 -9999 -9999 -9999 -9999 -9999 -9999 -9999 -9999 -9999 -9999 -9999 -9999 -9999 -9999 -9999 -9999 -9999 -9999 -9999 -9999 -9999 -9999 -9999 -9999
6.94167 6.66487 5.67659 6.18371 6.86018 7.81498 8.31175 8.68937 8.98806 9.29267 9.25763 8.82323 7.53856 7.35568 7.30066 6.40499 4.52461 2.64662 2.16029 4.27627 4.88198 4.75866 5.23115 4.10015 4.63457 4.41532 3.81218 1.95122 0.253599 -0.449038 -1.83739 -9999 -9999 -9999 -9999 -9999 -9999 -9999 -9999 -9999 -9999 -9999 -9999 -9999 -9999 -9999 -9999 -9999 -9999 -9999 -9999 -9999 -9999 -9999 -9999 -9999 -9999 -9999 -9999 -9999 -9999 -9999 -9999 -9999 -9999 -9999 -9999 -9999 -9999 -9999 -9999
-9999 -9999 -9999 5.06027 5.98129 6.74633 7.67939 8.48536 8.88954 9.28217 9.25159 8.38257 7.95788 7.92143 7.33486 6.30079 5.65187 4.46955 3.23759 3.70837 5.51268 4.71004 5.98821 5.87985 6.11451 5.25973 3.64155 1.47855 0.217013 -0.411681 -1.53681 -9999 -9999 -9999 -9999 -9999 -9999 -9999 -9999 -9999 -9999 -9999 -9999 -9999 -9999 -9999 -9999 -9999 -9999 -9999 -9999 -9999 -9999 -9999 -9999 -9999 -9999 -9999 -9999 -9999 -9999 -9999 -9999 -9999 -9999 -9999 -9999 -9999 -9999 -9999 -9999
-9999 -9999 -9999 -9999 5.81754 6.40127 7.64864 8.29438 8.55716 9.18995 9.19244 8.86391 8.61603 8.25578 7.78485 7.00784 6.15036 5.03835 4.93556 6.08975 6.10392 5.86261 6.05185 6.64449 6.48777 5.16395 2.88368 1.67694 -0.774982 -1.82523 -1.71786 -2.46222 -9999 -9999 -9999 -9999 -9999 -9999 -9999 -9999 -9999 -9999 -9999 -9999 0.390161 -9999 -9999 -9999 -9999 -9999 -9999 -9999 -9999 -9999 -9999 -9999 -9999 -9999 -9999 -9999 -9999 -9999 -9999 -9999 -9999 -4.09027 -9999 -9999 -9999 -9999 -9999
-9999 -9999 -9999 5.70891 6.48917 7.09633 7.87885 7.95595 8.42317 9.15073 9.16254 8.92994 8.66684 8.07392 7.9275 7.48545 6.55443 6.36412 6.74174 6.91559 7.11253 7.23364 7.13481 6.89419 6.58329 5.73089 4.6716 3.96054 1.71992 0.587889 -0.49596 -2.13619 -3.41928 -9999 -9999 -9999 -9999 -9999 -9999 -9999 -0.462693 -0.523226 -0.49374 -0.13368 0.85971 0.276353 -9999 -9999 -9999 -9999 -9999 -9999 -9999 -9999 -9999 -9999 -9999 -9999 -9999 -9999 -9999 -9999 -9999 -9999 -9999 -3.18945 -4.48128 -9999 -9999 -9999 -9999
-9999 -9999 -9999 5.92509 6.7452 7.15562 7.9159 8.35164 8.6385 8.89173 9.13372 9.09456 8.80339 8.35969 8.36334 7.75118 7.42119 7.18549 7.69618 7.797 7.59189 7.33458 7.10692 6.46378 6.38888 6.17973 5.50713 4.40345 3.26622 1.6246 -0.602157 -2.7858 -4.54704 -9999 -9999 -9999 -9999 -9999 -9999 -0.273425 0.552031 1.04671 -0.0037376 0.894324 1.71513 1.58425 0.787343 -9999 -9999 -9999 -9999 -9999 -9999 -9999 -9999 -9999 -9999 -9999 -9999 -9999 -9999 2.93828 1.61415 -1.06073 -2.43189 -3.25462 -4.4293 -9999 -9999 -9999 -9999
-9999 -9999 -9999 5.7664 6.73497 7.39182 7.97516 8.07017 8.67001 8.93067 9.06144 9.04763 8.99092 8.91005 8.37609 8.14668 7.33872 8.11232 8.08302 7.88712 7.11192 6.7756 5.44466 4.85863 4.7279 5.84608 5.01855 3.29146 1.13263 -1.46013 -1.63012 -2.48824 -4.0624 -9999 -9999 -9999 -9999 -9999 -9999 -0.0133968 0.869483 1.60644 1.7141 0.669915 2.12821 2.0712 1.25529 1.06996 1.73851 2.0773 1.82404 2.62228 2.85601 2.4956 2.89082 -9999 -9999 -9999 -9999 3.12588 3.17942 3.21982 2.66806 -0.254165 -2.25008 -4.04251 -4.20919 -9999 -9999 -9999 -9999
-9999 -9999 -9999 6.43932 7.03655 7.33974 7.39081 7.91484 8.43979 8.76173 8.99844 8.95279 8.93501 8.91584 8.73377 8.30938 8.38625 8.35201 8.10394 6.62864 4.90656 5.65658 4.63285 2.44573 4.22251 5.19847 4.26077 2.16794 -0.258617 -1.05217 -1.02017 -2.21362 -3.74819 -9999 -9999 -9999 -2.42191 -1.15787 -1.04723 -0.674047 0.503428 1.39925 2.07363 2.53342 2.51973 2.03397 1.23579 0.368152 0.676944 2.23682 2.61692 2.93645 3.17862 2.84398 3.01888 3.43601 3.6516 3.69535 3.59724 3.57483 3.60892 3.55911 3.04424 0.43026 -1.06587 -2.02056 -3.94068 -9999 -9999 -9999 -9999
-9999 -9999 -9999 6.07093 6.59067 7.01216 7.70929 7.78533 8.22817 8.49318 8.88285 8.92828 8.47496 8.85193 8.80429 8.73465 8.58592 8.36756 7.12222 5.40564 3.68465 2.88977 3.22913 1.91227 2.58698 3.57585 3.21287 1.92964 -0.232249 -0.537324 -1.03949 -3.04734 -4.97941 -9999 -9999 -4.86864 -2.44397 -0.736435 0.144715 0.418163 0.445014 1.57356 1.6626 2.87732 2.59383 0.986917 1.16733 0.541104 0.945507 1.51758 1.6742 2.49618 3.28755 3.43698 3.44041 3.70599 3.76061 3.77472 3.76788 3.58788 3.67031 3.68296 3.36193 1.468 0.544323 -0.473584 -3.90986 -9999 -9999 -9999 -9999
-9999 -9999 -9999 6.34026 6.92115 7.55715 7.66217 8.13402 8.0868 7.95707 8.61372 8.85427 8.5347 8.30481 8.73156 8.70264 8.64638 8.55324 7.38288 6.02832 3.97772 2.70322 1.92477 1.37078 0.631147 1.13855 0.982308 0.773202 1.01219 0.416635 -0.768861 -1.94411 -4.14372 -5.33307 -9999 -4.73347 -3.639 -1.60831 0.11761 1.21349 0.820336 2.10356 2.34196 3.08267 2.6485 1.67247 1.25313 1.2156 1.08728 1.95089 2.53077 2.93982 3.21366 3.55471 3.64141 3.72857 3.765 3.78487 3.80501 3.80066 3.79389 3.75557 3.63488 2.764 1.84199 -0.150212 -3.79146 -9999 -9999 -9999 -9999
-9999 -9999 4.65553 6.27783 7.25067 7.62883 7.90248 8.14397 8.31942 8.50464 8.67544 8.79444 8.74538 7.89652 7.96682 8.12014 8.60287 8.56835 8.46223 7.72134 5.22623 4.36425 3.10386 1.47167 0.78844 1.1284 2.46495 2.40456 1.51837 0.530906 -0.833755 -1.70318 -3.05184 -5.64097 -5.40809 -4.24186 -3.37384 -1.99354 0.116034 1.59507 2.25537 2.50508 3.0254 3.29594 2.70048 2.13287 1.89441 1.45274 1.39026 1.39339 1.91506 2.32115 3.22644 3.53107 3.67001 3.74113 3.77947 3.8074 3.83492 3.84454 3.82723 3.8282 3.82108 3.75698 2.52971 -0.54153 -2.85495 -9999 -9999 -9999 -9999
-9999 -9999 -9999 5.98236 6.41166 6.52587 6.7239 7.12669 7.59064 8.24804 8.33433 8.69643 8.69577 7.96419 7.11909 7.85665 8.14961 8.45297 8.46168 8.36572 6.26901 5.17172 4.3076 2.74248 3.30527 3.84046 3.88039 3.55626 1.65683 -0.234821 -2.41574 -4.45328 -4.55117 -5.64828 -5.06844 -4.29799 -2.32016 -0.928033 -0.36312 0.0428091 2.18733 2.74563 2.9374 3.48652 2.73826 2.54809 1.9856 2.15273 2.10341 2.10651 0.548258 2.11055 2.20288 3.22115 3.67875 3.78236 3.81082 3.84117 3.84625 3.85238 3.8479 3.85833 3.84297 3.8255 3.0277 -0.866084 -2.82177 -9999 -9999 -9999 -9999
-9999 -9999 -9999 -9999 -9999 6.12734 6.45564 6.66705 7.03095 8.14141 8.44181 8.64191 8.66048 8.33523 7.49833 7.27843 7.43219 6.61493 7.29827 8.23326 8.2093 8.09511 6.25153 5.30758 6.21943 5.94112 4.55504 3.46406 2.38736 0.17273 -1.44853 -3.78365 -5.53721 -5.60367 -3.66927 -2.06269 -0.0613124 0.822123 0.32017 0.865198 1.93064 3.14081 3.72619 3.58866 2.79988 2.68877 1.82142 2.67387 2.7468 2.35026 2.00749 2.14323 2.64686 2.83896 3.63558 3.8285 3.86251 3.8689 3.87248 3.86934 3.86503 3.85508 3.84671 3.83548 3.79939 -0.203087 -3.31761 -9999 -9999 -9999 -9999
-9999 -9999 -9999 -9999 -9999 5.36338 5.56449 6.0886 7.43016 8.13407 8.41944 8.41184 8.5445 8.31555 7.57957 6.82368 6.11055 5.19054 5.71665 7.10843 7.92859 8.0212 6.40506 7.24442 6.9288 6.30754 4.49503 3.15908 2.45049 0.324283 -1.49605 -3.04985 -5.19485 -4.27806 -3.26812 -1.9706 0.212762 1.68629 2.29209 1.7848 2.46629 3.85881 3.86719 3.10645 3.15636 2.69203 1.50672 2.74088 3.08814 2.80813 2.88062 2.77548 2.96287 3.30437 3.6311 3.8484 3.87779 3.8812 3.87433 3.87419 3.87498 3.85968 3.86091 3.84968 3.82924 1.24573 -3.372 -9999 -9999 -9999 -9999
-9999 -9999 -9999 -9999 -9999 -9999 4.67154 5.86391 7.64386 8.0877 8.04963 8.41854 8.45187 8.09964 7.79372 6.87601 5.62164 3.21149 3.82547 5.10663 6.95397 7.92448 7.79272 7.25117 6.31182 4.04007 2.05185 1.80971 1.48361 -0.0682813 -1.47023 -3.19764 -2.1978 -1.10232 0.0964134 0.726366 0.563003 1.82568 2.85535 2.41913 3.25498 4.22995 3.78881 3.5281 3.3093 2.77278 2.74066 2.7968 3.49771 3.01285 3.31081 3.3176 3.30076 3.46684 3.65807 3.85903 3.89195 3.89243 3.89588 3.87267 3.88102 3.8696 3.85833 3.84801 3.83049 3.59668 1.10894 -0.377507 -9999 -9999 -9999
-9999 -9999 -9999 -9999 -9999 -9999 3.57886 4.17482 6.28228 6.93485 7.86694 8.36257 8.38691 7.79127 7.45972 6.09192 5.64846 3.41916 2.40972 3.26625 2.938 5.48187 7.73279 7.2416 2.69602 1.04914 -0.125723 0.175151 0.177329 -0.255084 -2.64155 -3.3 -1.16375 0.181308 1.22357 2.01438 2.17932 2.15255 3.76286 3.97734 4.50102 4.38803 4.43716 3.62511 3.12273 3.56133 3.05496 2.96866 3.69278 2.9799 3.62482 3.54805 3.35449 3.3444 3.76923 3.85524 3.90057 3.9032 3.88666 3.86541 3.85329 3.86726 3.86106 3.83771 3.83909 3.8161 3.51936 2.23234 1.78256 2.28113 -9999
-9999 -9999 -9999 -9999 -9999 -9999 -9999 2.21662 5.14435 6.48324 7.18742 8.17786 8.29858 7.98284 7.40809 6.01468 4.78925 2.79648 0.520434 -0.685333 2.92317 6.06371 7.70264 7.48621 3.70245 2.20878 2.13896 3.01776 2.27519 1.71189 -0.101575 -0.644064 -1.39778 -0.933876 0.519025 1.70584 2.85086 3.68356 3.75202 4.29278 4.60353 4.62963 4.72745 4.6325 4.55508 3.77022 4.31238 3.85307 4.09733 3.94049 3.79886 3.67632 3.2277 3.54476 3.82553 3.89788 3.91956 3.90251 3.89853 3.88669 3.86049 3.84861 3.84701 3.84459 3.83044 3.83041 3.81562 3.67147 2.89717 1.8605 0.550767
-9999 -9999 -9999 -9999 -9999 -9999 -9999 0.759972 3.67323 5.07827 6.88575 7.81741 8.19569 8.14684 7.68121 6.62259 5.02878 3.70104 1.16022 -1.47813 2.30908 5.68331 7.50394 7.60026 4.42 5.30102 4.58824 4.87524 3.57067 3.0285 2.60034 1.66352 0.639186 -0.481236 -1.07392 1.59058 2.95889 4.06021 4.57978 4.87377 5.02084 4.94266 4.74297 3.56018 4.4628 4.41384 4.32431 4.22157 4.17194 4.0787 3.96875 3.90321 3.88012 3.5822 3.91945 3.91092 3.91516 3.9165 3.90751 3.89063 3.87595 3.85787 3.85776 3.84653 3.83512 3.82728 3.82236 3.81287 3.77034 3.56461 1.80577
-9999 -9999 -9999 -9999 -9999 -9999 -9999 -3.32592 0.911211 4.31871 6.0977 7.54566 7.94413 8.0934 7.4684 7.00101 5.85866 4.77685 3.10761 0.607097 -0.93248 1.90288 6.02515 7.54475 7.42515 7.32979 6.50584 5.76328 5.66923 5.72471 4.86108 3.60226 1.9569 1.44333 0.866455 2.85095 3.12009 2.97514 5.15755 5.16282 5.03915 4.2046 3.27035 3.44817 2.87014 3.31232 2.62272 3.25707 3.80539 4.0102 3.99322 3.91984 3.91045 3.87736 3.93476 3.93334 3.9235 3.91594 3.91181 3.90347 3.87802 3.86358 3.87276 3.85485 3.84201 3.82956 3.82715 3.82245 3.79093 3.76224 3.49171
-9999 -9999 -9999 -9999 -9999 -9999 -9999 -3.13789 0.426987 3.44982 5.26327 7.0066 7.41167 8.00033 7.87397 7.38435 6.39139 5.15067 3.77692 1.63174 0.0373642 1.93411 4.67045 6.63029 7.33186 7.32424 7.27679 7.09021 7.01364 6.79637 6.64203 5.73868 4.1844 3.30595 2.02069 4.23227 4.48022 4.13409 5.238 5.18269 3.51344 2.23008 2.07039 2.85365 2.10909 1.97685 1.51332 2.03741 3.44181 3.03177 3.11257 3.74854 3.8531 3.91871 3.93632 3.93143 3.92799 3.91685 3.91826 3.91971 3.89468 3.8831 3.8774 3.85321 3.84782 3.83105 3.81805 3.80671 3.78972 3.76355 3.68652
-9999 -9999 -9999 -9999 -9999 -9999 -9999 -3.0596 -0.662453 2.0578 4.72734 6.5889 7.34016 7.88723 7.88185 7.31258 6.81912 6.04141 4.83282 4.00385 2.56451 0.589047 3.90116 4.91618 5.82166 6.20386 7.14838 7.12481 6.6913 6.18739 6.65316 6.51511 5.28479 4.87982 4.19655 5.42634 5.42885 5.39444 5.32831 3.91789 1.95754 0.390723 1.51849 1.28306 1.80076 0.195781 1.51599 2.57786 2.9222 2.20084 1.66511 3.32015 3.59286 3.75556 3.85966 3.92792 3.91101 3.92769 3.91781 3.91289 3.90754 3.89337 3.88482 3.87046 3.85576 3.84041 3.82923 3.81039 3.78677 3.78514 3.74394
-9999 -9999 -9999 -9999 -9999 -9999 -9999 -9999 -2.07082 1.37648 4.45483 6.1689 7.24697 7.77232 7.76311 7.47208 7.13697 6.65469 5.78272 4.68733 2.95631 1.67129 2.48712 3.48154 3.59249 4.25417 6.17354 6.82888 5.89882 3.60028 4.95584 6.46781 6.44244 6.31261 6.16758 5.98102 5.81405 5.44932 4.47303 1.4827 0.895409 -0.277448 -0.143965 -0.745549 0.568658 0.0757538 1.4259 2.0109 2.23157 0.982833 1.24627 2.71158 3.29185 3.19511 3.55116 3.89107 3.9021 3.91179 3.90299 3.9104 3.91324 3.90775 3.89255 3.88149 3.87339 3.84439 3.84638 3.73527 3.66311 3.51676 3.69815
-9999 -9999 -9999 -9999 -9999 -9999 -9999 -9999 -2.75356 0.687343 4.31245 5.47675 6.63889 7.64188 7.66172 7.21683 6.79369 6.3578 5.8615 4.53282 3.24438 2.01427 1.60139 1.84925 1.82764 2.89836 5.39908 5.8829 5.67584 3.27543 2.46223 4.48247 6.18026 6.3133 6.15869 4.15935 4.58475 3.50625 2.04374 1.6413 1.00135 -0.351101 0.300198 -0.690407 -0.265498 -0.380918 0.385529 0.759135 1.67062 0.582304 0.586749 2.02541 2.75169 2.76974 3.53208 3.8039 3.8752 3.89329 3.90639 3.91001 3.92242 3.9159 3.90524 3.89098 3.85515 3.76896 3.50069 2.05384 2.05597 2.45326 2.82927
-9999 -9999 -9999 -9999 -9999 -9999 -9999 -9999 -2.35281 0.035091 3.2517 5.63445 5.7846 6.94315 7.5413 7.05749 6.51269 5.95527 5.7117 4.26565 2.67719 1.39378 -0.125425 0.124861 1.21567 2.99721 4.61247 4.90097 4.56658 3.28022 3.8873 5.26492 5.99614 6.21136 6.04094 5.60518 5.35332 4.55907 4.21484 3.11203 1.38776 0.708704 1.139 -0.691498 -0.563481 0.113476 -0.607657 0.577778 1.14498 -0.26034 0.854563 2.12803 2.77906 3.34829 3.61777 3.72527 3.89013 3.89473 3.90891 3.91684 3.91489 3.91529 3.88908 3.86745 3.71429 3.48813 2.14008 1.57617 1.6867 2.31034 2.85648
-9999 -9999 -9999 -9999 -9999 -9999 -9999 -9999 -1.94309 0.206853 2.99589 4.69482 4.9991 6.28382 7.4262 7.29888 6.73203 6.55955 5.97201 4.74563 3.39099 1.91029 1.19047 -0.464553 1.16487 2.4512 3.81906 4.45878 3.40216 2.87082 3.81022 4.74414 5.11687 6.06017 6.05082 5.74292 4.41662 3.76985 4.04312 3.76534 3.2789 2.09205 2.03928 1.2769 0.961138 0.662847 -0.308606 0.309414 0.371146 0.537916 1.87692 2.5397 2.97917 3.37891 3.48395 3.6579 3.88362 3.90375 3.91216 3.91148 3.91605 3.89983 3.83603 3.78227 3.47366 2.92704 1.9068 0.250813 1.41692 2.63629 2.9991
-9999 -9999 -9999 -9999 -9999 -9999 -9999 -9999 -2.30637 -0.0226001 2.36108 3.35791 3.52746 5.85228 7.27587 7.27858 7.00997 6.69618 5.24455 5.32995 5.03972 3.70401 1.7583 -0.378679 -0.17829 1.09335 2.8984 3.49598 1.74875 1.13077 1.58467 2.99718 4.26156 5.5818 5.91693 5.52923 3.46483 1.27108 2.28848 3.37562 3.36966 3.05079 1.95007 1.60058 1.28418 0.481021 -0.880296 -0.682178 -0.304096 1.2156 1.69658 2.43966 3.05682 2.82427 2.96051 3.55101 3.88995 3.90297 3.90929 3.92073 3.91322 3.89327 3.76579 3.63074 3.40389 1.97827 1.0918 -0.199099 1.30014 2.13136 2.57272
-9999 -9999 -9999 -9999 -9999 -9999 -9999 -9999 -3.01019 -1.35281 0.925511 1.84394 3.30864 5.5056 6.58629 7.10444 7.09325 6.88416 6.23422 5.8435 5.07337 3.68383 1.78374 -0.328455 -1.70356 -1.00471 1.42321 1.99887 0.38673 -0.433306 0.587211 2.09261 4.32183 5.59541 5.76717 5.65176 5.22595 3.62429 1.68923 1.69583 2.6664 1.85443 0.910691 1.42984 1.33379 0.540722 -0.0361743 -0.39091 -0.171944 0.694701 1.05311 1.91154 3.17848 3.3601 3.32433 3.8579 3.88481 3.89751 3.91788 3.91747 3.91278 3.89695 3.79297 3.55981 2.61092 1.78341 0.632125 0.489732 1.82301 2.40632 2.94971
-9999 -9999 -9999 -9999 -9999 -9999 -9999 -9999 -4.22408 -2.27426 -0.140022 1.85834 3.74897 5.37617 5.50217 6.36045 6.35956 6.80928 6.68062 6.07806 5.42942 4.23215 1.79125 -0.261299 -2.49984 -1.90994 0.567509 0.890526 -0.189796 -2.18541 -0.125489 2.14624 4.20514 5.31959 4.44548 5.34094 5.26725 4.66707 3.51512 1.72406 1.75796 0.415757 0.357392 1.04676 1.27053 1.1557 0.722645 0.0296292 0.146452 0.672529 0.806576 1.59549 2.57839 3.53935 3.701 3.88449 3.89262 3.89586 3.91107 3.91321 3.89336 3.84435 3.73553 2.94004 1.99393 1.41106 0.608845 0.511423 2.05137 2.66284 3.0041
-9999 -9999 -9999 -9999 -9999 -9999 -9999 -9999 -9999 -2.47101 -0.266183 1.36538 1.80498 3.25135 4.03243 4.63687 4.77095 6.49524 6.59033 6.20829 5.61241 4.59122 2.73895 1.44829 -0.698943 -2.24244 -1.6106 -1.3159 -0.749158 -0.916744 0.00175822 2.18479 4.45919 4.70708 3.26185 3.47566 3.77786 4.45536 4.11153 1.67104 0.4311 -0.598139 0.1329 0.901934 1.08798 1.12517 0.976711 0.802783 0.507036 1.53579 2.29704 2.47361 3.13742 3.62758 3.76311 3.86529 3.87814 3.8912 3.89166 3.86336 3.84285 3.72002 3.44456 2.55464 0.414417 0.514233 0.282569 -0.383397 1.11981 2.06652 2.9162
-9999 -9999 -9999 -9999 -9999 -9999 -9999 -9999 -9999 -3.20181 -0.650867 -0.111736 -0.151419 -0.995566 -0.606583 2.52414 3.15462 4.80823 6.37395 6.25891 5.67425 4.71872 3.61543 1.90735 -0.507581 -2.42653 -3.23425 -1.17237 0.852637 1.27095 1.91798 3.25556 3.50953 2.03249 0.647393 1.42476 1.89295 3.67731 4.00285 3.65583 2.18527 0.503903 -0.373883 0.661841 0.800074 0.862004 0.874072 0.84021 0.796383 1.95597 2.59778 3.04304 3.28554 3.70644 3.81434 3.84907 3.88178 3.87446 3.85303 3.78679 3.71139 3.37877 2.976 1.51824 0.302788 -0.455269 -1.41751 0.750139 1.39105 2.28154 2.85513
