Test_Spring_2018b/02_18/Temp/20180205_018.txt
ncols	170
nrows	115
xllcorner	350000.000000
yllcorner	4445000.000000
cellsize	1000.000000
nodata_value	-9999.000000
[rows 32 to 63 of 115, columns 71 to 141 of 170]
8.33987 8.31573 7.95763 8.50691 9.01248 8.70446 8.49822 9.33277 9.33045 9.04361 8.37295 8.12534 7.86868 7.71046 6.8508 4.44324 2.27267 3.4322 3.45756 2.65207 4.09059 3.32752 1.34026 -1.46428 0.0569184 -0.341638 -2.3303 -2.8221 -9999 -9999 -9999 -9999 -9999 -9999 -9999 -9999 -9999 -9999 -9999 -9999 -9999 -9999 -9999 -9999 -9999 -9999 -9999 -9999 -9999 -9999 -9999 -9999 -9999 -9999 -9999 -9999 -9999 -9999 -9999 -9999 -9999 -9999 -9999 -9999 -9999 -9999 -9999 -9999 -9999 -9999 -9999
8.0327 7.84442 7.68958 8.50668 8.48783 8.43507 8.73227 9.25127 9.35231 9.23917 8.94547 8.6909 8.42024 7.73693 6.75395 4.69318 2.22285 1.66075 2.8663 2.92192 3.11373 2.41782 1.54428 0.179017 1.29268 1.72365 0.416815 -1.29655 -2.39428 -9999 -9999 -9999 -9999 -9999 -9999 -9999 -9999 -9999 -9999 -9999 -9999 -9999 -9999 -9999 -9999 -9999 -9999 -9999 -9999 -9999 -9999 -9999 -9999 -9999 -9999 -9999 -9999 -9999 -9999 -9999 -9999 -9999 -9999 -9999 -9999 -9999 -9999 -9999 -9999 -9999 -9999
7.56573 7.28122 6.48531 6.977 7.34578 8.03032 8.2141 8.31491 9.28951 9.23576 9.18849 8.76942 8.43384 7.87913 6.93308 5.58705 3.96678 1.1473 2.88184 4.23946 4.20204 4.12492 3.5119 2.19982 3.29249 3.34111 1.67123 -0.227554 -1.34744 -1.81223 -9999 -9999 -9999 -9999 -9999 -9999 -9999 -9999 -9999 -9999 -9999 -9999 -9999 -9999 -9999 -9999 -9999 -9999 -9999 -9999 -9999 -9999 -9999 -9999 -9999 -9999 -9999 -9999 -9999 -9999 -9999 -9999 -9999 -9999 -9999 -9999 -9999 -9999 -9999 -9999 -9999
6.91438 6.6402 5.66827 6.1629 6.82363 7.75702 8.242 8.61253 8.90271 9.19873 9.1617 8.73302 7.47049 7.28846 7.23179 6.35065 4.50376 2.65916 2.17929 4.25144 4.84243 4.71843 5.17871 4.06644 4.58745 4.36934 3.77502 1.9507 0.280755 -0.411167 -1.77553 -9999 -9999 -9999 -9999 -9999 -9999 -9999 -9999 -9999 -9999 -9999 -9999 -9999 -9999 -9999 -9999 -9999 -9999 -9999 -9999 -9999 -9999 -9999 -9999 -9999 -9999 -9999 -9999 -9999 -9999 -9999 -9999 -9999 -9999 -9999 -9999 -9999 -9999 -9999 -9999
-9999 -9999 -9999 5.06178 5.9618 6.7103 7.62222 8.41304 8.80674 9.18919 9.15664 8.30186 7.88283 7.8445 7.26661 6.24978 5.61055 4.44811 3.23688 3.69541 5.46165 4.6712 5.92135 5.81171 6.03847 5.19683 3.60878 1.48582 0.243377 -0.37623 -1.48263 -9999 -9999 -9999 -9999 -9999 -9999 -9999 -9999 -9999 -9999 -9999 -9999 -9999 -9999 -9999 -9999 -9999 -9999 -9999 -9999 -9999 -9999 -9999 -9999 -9999 -9999 -9999 -9999 -9999 -9999 -9999 -9999 -9999 -9999 -9999 -9999 -9999 -9999 -9999 -9999
-9999 -9999 -9999 -9999 5.80157 6.37233 7.59299 8.22623 8.48133 9.0994 9.09941 8.77483 8.52932 8.17356 7.70916 6.94445 6.10068 5.00712 4.90313 6.03171 6.04215 5.80195 5.98392 6.56147 6.40412 5.10225 2.86451 1.67745 -0.731055 -1.76428 -1.66217 -2.39525 -9999 -9999 -9999 -9999 -9999 -9999 -9999 -9999 -9999 -9999 -9999 -9999 0.369231 -9999 -9999 -9999 -9999 -9999 -9999 -9999 -9999 -9999 -9999 -9999 -9999 -9999 -9999 -9999 -9999 -9999 -9999 -9999 -9999 -4.06048 -9999 -9999 -9999 -9999 -9999
-9999 -9999 -9999 5.69897 6.46162 7.05425 7.81904 7.89146 8.35034 9.06147 9.07075 8.8404 8.58011 7.9963 7.85024 7.41407 6.49817 6.30845 6.67549 6.84247 7.03193 7.1469 7.04608 6.80618 6.49734 5.65954 4.61676 3.91555 1.7159 0.600331 -0.465962 -2.07779 -3.33926 -9999 -9999 -9999 -9999 -9999 -9999 -9999 -0.46138 -0.523037 -0.496339 -0.145389 0.826714 0.252542 -9999 -9999 -9999 -9999 -9999 -9999 -9999 -9999 -9999 -9999 -9999 -9999 -9999 -9999 -9999 -9999 -9999 -9999 -9999 -3.18096 -4.44921 -9999 -9999 -9999 -9999
-9999 -9999 -9999 5.91169 6.71287 7.11251 7.85549 8.28044 8.56175 8.80782 9.043 9.00251 8.71485 8.27752 8.27875 7.67582 7.34935 7.11506 7.61247 7.70768 7.50263 7.24622 7.01878 6.38382 6.30613 6.09872 5.43489 4.34839 3.2291 1.61498 -0.572363 -2.71729 -4.44784 -9999 -9999 -9999 -9999 -9999 -9999 -0.276449 0.530694 1.01353 -0.018847 0.859728 1.66259 1.53216 0.752251 -9999 -9999 -9999 -9999 -9999 -9999 -9999 -9999 -9999 -9999 -9999 -9999 -9999 -9999 2.83049 1.53027 -1.09448 -2.44058 -3.24875 -4.40201 -9999 -9999 -9999 -9999
-9999 -9999 -9999 5.75614 6.7028 7.34404 7.91352 8.00437 8.59377 8.84616 8.97243 8.95697 8.89943 8.81808 8.2922 8.06471 7.26952 8.025 7.99275 7.79678 7.03243 6.69828 5.38858 4.80932 4.67838 5.7704 4.95434 3.25619 1.13477 -1.41385 -1.58288 -2.42806 -3.97529 -9999 -9999 -9999 -9999 -9999 -9999 -0.0245991 0.838868 1.55933 1.66272 0.636574 2.06464 2.01009 1.20795 1.02418 1.67775 2.00783 1.75576 2.53899 2.76589 2.41005 2.79518 -9999 -9999 -9999 -9999 3.01404 3.0646 3.10244 2.55973 -0.307532 -2.26623 -4.02526 -4.18867 -9999 -9999 -9999 -9999
-9999 -9999 -9999 6.41592 6.99829 7.29264 7.34011 7.85177 8.36778 8.68041 8.91239 8.86575 8.84644 8.82566 8.64493 8.22627 8.29886 8.26211 8.01529 6.56459 4.87159 5.60273 4.59229 2.44475 4.18181 5.13404 4.20965 2.15255 -0.231684 -1.01595 -0.987268 -2.16148 -3.66886 -9999 -9999 -9999 -2.38103 -1.14416 -1.03824 -0.674689 0.477765 1.35412 2.01217 2.461 2.44734 1.97033 1.18564 0.332771 0.633538 2.16113 2.53162 2.84372 3.07882 2.74814 2.9176 3.32407 3.53291 3.57333 3.47476 3.4506 3.48206 3.43144 2.92494 0.359673 -1.10879 -2.04614 -3.93157 -9999 -9999 -9999 -9999
-9999 -9999 -9999 6.05385 6.56013 6.97045 7.65386 7.72619 8.15856 8.41945 8.79871 8.84154 8.39526 8.76312 8.71434 8.64368 8.49506 8.27774 7.05283 5.36538 3.67328 2.88914 3.21919 1.92282 2.57888 3.54364 3.18032 1.91798 -0.206883 -0.510608 -1.0088 -2.9808 -4.8794 -9999 -9999 -4.781 -2.40612 -0.734332 0.127234 0.393015 0.417117 1.52178 1.60709 2.79641 2.51805 0.94148 1.11656 0.499269 0.893828 1.45342 1.6047 2.40723 3.18285 3.32675 3.3274 3.58512 3.63599 3.64724 3.63809 3.45933 3.53818 3.54884 3.2325 1.37381 0.466835 -0.531623 -3.90458 -9999 -9999 -9999 -9999
-9999 -9999 -9999 6.31887 6.88514 7.50586 7.60627 8.06682 8.01914 7.89289 8.53513 8.76849 8.45353 8.22639 8.64296 8.61232 8.55444 8.45991 7.30849 5.97597 3.96047 2.70578 1.93919 1.39075 0.660078 1.15254 0.994182 0.78404 1.01343 0.422358 -0.7461 -1.90286 -4.06302 -5.23318 -9999 -4.65195 -3.58164 -1.59292 0.0971295 1.16951 0.781797 2.03823 2.27011 2.99596 2.56844 1.61062 1.19833 1.15963 1.03172 1.87641 2.44172 2.83931 3.10538 3.43882 3.52102 3.60364 3.63655 3.65333 3.67057 3.66403 3.65538 3.61607 3.49625 2.64095 1.73631 -0.218223 -3.7919 -9999 -9999 -9999 -9999
-9999 -9999 4.67052 6.25656 7.20712 7.57494 7.84073 8.07541 8.24571 8.42822 8.59465 8.70982 8.65946 7.82541 7.89253 8.04069 8.51144 8.47443 8.36667 7.6359 5.18435 4.33562 3.09471 1.48884 0.812852 1.14088 2.44626 2.38173 1.50742 0.533905 -0.81046 -1.66953 -2.99624 -5.53849 -5.31373 -4.17336 -3.32516 -1.97427 0.0920609 1.54027 2.18575 2.42871 2.93815 3.20185 2.61699 2.05975 1.82423 1.38924 1.32593 1.32674 1.83589 2.23057 3.11494 3.41102 3.54568 3.61245 3.64712 3.67172 3.69611 3.70322 3.68422 3.68346 3.67505 3.61143 2.40702 -0.608516 -2.87997 -9999 -9999 -9999 -9999
-9999 -9999 -9999 5.96542 6.38287 6.4918 6.68343 7.07633 7.52963 8.17517 8.25828 8.61198 8.61028 7.89078 7.06025 7.78144 8.06613 8.36049 8.36533 8.26701 6.20728 5.12639 4.27386 2.73363 3.27945 3.79875 3.83235 3.50896 1.64075 -0.219719 -2.36473 -4.36776 -4.46831 -5.54954 -4.98406 -4.23188 -2.29531 -0.932825 -0.381289 0.0145926 2.11572 2.66207 2.84913 3.38623 2.65097 2.46395 1.91073 2.07284 2.02246 2.02326 0.492609 2.02116 2.10899 3.10473 3.55006 3.64954 3.67442 3.70131 3.70362 3.70726 3.70082 3.70935 3.69313 3.67314 2.88949 -0.930187 -2.85066 -9999 -9999 -9999 -9999
-9999 -9999 -9999 -9999 -9999 6.09927 6.41866 6.62389 6.97911 8.0689 8.36201 8.55689 8.57376 8.2533 7.43074 7.21299 7.36121 6.55661 7.22306 8.13649 8.10857 7.99176 6.17864 5.24689 6.13553 5.85691 4.49188 3.41628 2.35473 0.177337 -1.41897 -3.714 -5.43839 -5.50793 -3.61485 -2.04304 -0.0833982 0.780225 0.285525 0.817877 1.86148 3.04682 3.61955 3.48337 2.70846 2.59903 1.7469 2.58114 2.65067 2.25954 1.92088 2.05043 2.54157 2.72702 3.50523 3.69136 3.72188 3.72519 3.72599 3.7205 3.7142 3.70204 3.69212 3.67965 3.64302 -0.283238 -3.34006 -9999 -9999 -9999 -9999
-9999 -9999 -9999 -9999 -9999 5.34813 5.54279 6.05469 7.3687 8.05975 8.3381 8.32928 8.45801 8.23199 7.50849 6.76507 6.06315 5.15793 5.67043 7.03139 7.83133 7.91735 6.32727 7.14438 6.82921 6.21419 4.43087 3.11492 2.41426 0.323451 -1.46818 -2.9971 -5.10551 -4.21088 -3.22451 -1.95567 0.182312 1.62465 2.21639 1.71702 2.38373 3.74797 3.75491 3.00762 3.05527 2.59948 1.43557 2.64418 2.98275 2.7059 2.77446 2.66778 2.84873 3.18067 3.49801 3.708 3.73376 3.73422 3.72474 3.72216 3.72055 3.70354 3.70301 3.69051 3.6692 1.1345 -3.39645 -9999 -9999 -9999 -9999
-9999 -9999 -9999 -9999 -9999 -9999 4.66495 5.8322 7.57611 8.01206 7.97316 8.33352 8.36478 8.01781 7.71601 6.8139 5.58119 3.21459 3.81329 5.06582 6.87317 7.82021 7.6859 7.14881 6.22196 3.98832 2.03267 1.78937 1.46376 -0.0638833 -1.44528 -3.14454 -2.1689 -1.0991 0.0723697 0.686486 0.523064 1.7586 2.76607 2.33634 3.15447 4.10924 3.67538 3.4185 3.20267 2.67609 2.64311 2.69646 3.38184 2.90407 3.19375 3.19681 3.17747 3.33734 3.52178 3.71573 3.74494 3.74246 3.74311 3.71782 3.72372 3.71049 3.69765 3.68599 3.66749 3.43709 0.994986 -0.463811 -9999 -9999 -9999
-9999 -9999 -9999 -9999 -9999 -9999 3.59107 4.1734 6.23843 6.87905 7.7915 8.27602 8.29835 7.71257 7.38556 6.04211 5.60461 3.4154 2.42202 3.25819 2.93203 5.42215 7.62463 7.13701 2.67363 1.05287 -0.105077 0.184193 0.180548 -0.249231 -2.59614 -3.24711 -1.15704 0.15749 1.17548 1.94731 2.10594 2.07687 3.6538 3.86213 4.3741 4.26191 4.30884 3.51124 3.01729 3.44699 2.94891 2.86254 3.57067 2.86927 3.4992 3.4203 3.22765 3.21475 3.62828 3.70951 3.75088 3.75042 3.73152 3.70812 3.69399 3.70561 3.69769 3.67319 3.67316 3.64943 3.35594 2.09265 1.65061 2.13879 -9999
-9999 -9999 -9999 -9999 -9999 -9999 -9999 2.25051 5.1199 6.43359 7.12239 8.09203 8.20875 7.89799 7.33214 5.96326 4.75884 2.80159 0.566182 -0.620176 2.91452 5.98992 7.59237 7.37431 3.65818 2.1878 2.11369 2.96982 2.23589 1.67783 -0.10711 -0.644326 -1.38841 -0.938021 0.483022 1.64325 2.76278 3.57657 3.64138 4.1698 4.47264 4.49681 4.59143 4.49703 4.41977 3.6496 4.17975 3.72753 3.96504 3.80893 3.66748 3.54368 3.10089 3.40885 3.68114 3.749 3.76679 3.7473 3.74073 3.72657 3.69848 3.6849 3.68143 3.67737 3.662 3.66068 3.64357 3.50098 2.74058 1.72308 0.437944
-9999 -9999 -9999 -9999 -9999 -9999 -9999 0.819352 3.67448 5.05305 6.82372 7.73703 8.10583 8.05573 7.5968 6.55616 4.99043 3.68536 1.19031 -1.40071 2.30989 5.61386 7.39467 7.48416 4.35937 5.21802 4.51352 4.78944 3.50449 2.96728 2.54099 1.61713 0.607719 -0.494939 -1.08018 1.52898 2.86749 3.94468 4.45184 4.73817 4.88074 4.80142 4.60481 3.44348 4.32725 4.2787 4.18929 4.08669 4.03595 3.94218 3.8318 3.76387 3.73843 3.44332 3.77122 3.75873 3.7601 3.75867 3.7472 3.72811 3.7113 3.6913 3.68858 3.67679 3.664 3.65488 3.64726 3.6366 3.59371 3.39095 1.66525
-9999 -9999 -9999 -9999 -9999 -9999 -9999 -3.19039 0.962975 4.30761 6.04991 7.46762 7.85612 8.0002 7.38486 6.92395 5.80091 4.73701 3.09675 0.640971 -0.872715 1.90432 5.94261 7.42705 7.304 7.2053 6.39198 5.65841 5.56081 5.60987 4.75664 3.5184 1.89979 1.39193 0.821883 2.76421 3.02476 2.87971 5.01752 5.02062 4.89755 4.07753 3.15818 3.33095 2.76348 3.1965 2.5185 3.1387 3.67431 3.87282 3.85361 3.77797 3.76635 3.73094 3.78253 3.77835 3.76595 3.75582 3.74913 3.73842 3.71103 3.69458 3.7014 3.6811 3.66654 3.65439 3.649 3.64288 3.61062 3.58131 3.315
-9999 -9999 -9999 -9999 -9999 -9999 -9999 -3.00627 0.490795 3.45278 5.2288 6.93608 7.33095 7.90582 7.7794 7.2966 6.32002 5.10027 3.74981 1.64257 0.0752485 1.93139 4.61128 6.52877 7.21114 7.19761 7.14601 6.9579 6.87978 6.66132 6.5036 5.61259 4.08397 3.21792 1.95327 4.11835 4.35813 4.01573 5.09579 5.03935 3.4004 2.14008 1.98183 2.74631 2.01436 1.88397 1.4286 1.94058 3.31568 2.91173 2.98838 3.60832 3.70807 3.76719 3.78172 3.77417 3.76805 3.75444 3.7532 3.75208 3.72508 3.71138 3.70355 3.67769 3.66953 3.65118 3.63502 3.62424 3.60605 3.57901 3.50225
-9999 -9999 -9999 -9999 -9999 -9999 -9999 -2.92925 -0.58026 2.08495 4.70047 6.52362 7.25791 7.79189 7.78403 7.22306 6.73629 5.97059 4.78213 3.96575 2.55056 0.609383 3.85347 4.84524 5.72773 6.10056 7.02184 6.99358 6.56319 6.06178 6.51349 6.37371 5.16249 4.76092 4.08675 5.28906 5.28815 5.25141 5.18393 3.79841 1.87383 0.33535 1.43953 1.20684 1.7104 0.135608 1.42891 2.46821 2.80369 2.09488 1.56691 3.18622 3.44802 3.60488 3.70423 3.76844 3.74914 3.76281 3.7505 3.74311 3.73539 3.71909 3.70838 3.69207 3.67551 3.65743 3.64283 3.6224 3.59631 3.59319 3.55373
-9999 -9999 -9999 -9999 -9999 -9999 -9999 -9999 -1.96079 1.41717 4.43342 6.11171 7.16628 7.67876 7.66697 7.37875 7.04722 6.57128 5.71304 4.63554 2.93451 1.67067 2.46691 3.43893 3.54219 4.18648 6.06401 6.70179 5.78469 3.5244 4.84924 6.32727 6.29781 6.16616 6.01987 5.83283 5.66573 5.30502 4.34486 1.4098 0.83198 -0.320277 -0.191322 -0.78322 0.501069 0.0168556 1.33891 1.91047 2.12458 0.897521 1.15202 2.58302 3.14949 3.05197 3.39848 3.73005 3.73815 3.74496 3.7337 3.73838 3.73863 3.73078 3.71252 3.69927 3.68902 3.65713 3.65518 3.54407 3.47135 3.32605 3.50236
-9999 -9999 -9999 -9999 -9999 -9999 -9999 -9999 -2.63302 0.738815 4.29129 5.43044 6.56745 7.54834 7.56502 7.12588 6.70801 6.27755 5.78773 4.48147 3.2145 2.00458 1.59592 1.83505 1.80934 2.85496 5.30282 5.77261 5.56478 3.20512 2.40298 4.37968 6.04031 6.16661 6.01105 4.04664 4.46046 3.3997 1.96263 1.56541 0.93546 -0.393103 0.243489 -0.7301 -0.315525 -0.432453 0.317057 0.681211 1.57275 0.502979 0.503459 1.90792 2.61755 2.63257 3.37751 3.64138 3.70861 3.72366 3.73385 3.73475 3.74432 3.73534 3.72234 3.70584 3.66826 3.58134 3.31461 1.89151 1.89141 2.27899 2.64587
-9999 -9999 -9999 -9999 -9999 -9999 -9999 -9999 -2.24251 0.0967081 3.24862 5.58272 5.72728 6.86074 7.44457 6.96726 6.43007 5.88041 5.63846 4.21711 2.65596 1.39382 -0.0997325 0.141883 1.20762 2.95016 4.52983 4.80826 4.47577 3.20886 3.79978 5.14646 5.85936 6.06639 5.89544 5.4645 5.21415 4.43213 4.09167 3.00749 1.31401 0.645682 1.06536 -0.732074 -0.608819 0.0527313 -0.658445 0.501782 1.05563 -0.325063 0.760202 2.00645 2.64225 3.19778 3.45934 3.56203 3.72099 3.72277 3.73396 3.73905 3.73445 3.73217 3.70382 3.67997 3.52716 3.30281 1.97828 1.41935 1.52533 2.13462 2.66804
-9999 -9999 -9999 -9999 -9999 -9999 -9999 -9999 -1.84313 0.26279 2.99543 4.65897 4.95473 6.21195 7.32951 7.20183 6.64302 6.47087 5.8916 4.68569 3.35388 1.89831 1.18878 -0.438045 1.15602 2.41307 3.75027 4.37331 3.3318 2.80641 3.72343 4.63516 4.99664 5.91784 5.90495 5.59946 4.29544 3.65804 3.92309 3.6479 3.16822 2.00176 1.94755 1.19745 0.885343 0.590342 -0.366595 0.237092 0.295166 0.451886 1.76085 2.40816 2.83643 3.22572 3.32598 3.4938 3.71239 3.72936 3.73483 3.73139 3.73311 3.71442 3.64907 3.59358 3.28816 2.74935 1.74609 0.115784 1.25671 2.44995 2.79476
-9999 -9999 -9999 -9999 -9999 -9999 -9999 -9999 -2.20177 0.0354976 2.37069 3.34575 3.50943 5.78672 7.18011 7.17996 6.91365 6.60294 5.17626 5.25683 4.96891 3.65556 1.74386 -0.355555 -0.16284 1.07895 2.84601 3.42786 1.70921 1.09902 1.54007 2.9213 4.15736 5.44835 5.77337 5.38969 3.36184 1.2073 2.20207 3.26537 3.25678 2.9414 1.85933 1.51401 1.20115 0.410899 -0.925819 -0.736814 -0.368552 1.1131 1.58209 2.3081 2.9106 2.67976 2.81058 3.38687 3.71644 3.72639 3.72974 3.7381 3.72787 3.7054 3.57747 3.4421 3.21668 1.81564 0.943333 -0.327545 1.13805 1.95035 2.37128
-9999 -9999 -9999 -9999 -9999 -9999 -9999 -9999 -2.89427 -1.27119 0.960775 1.85904 3.29295 5.44491 6.50206 7.00744 6.99362 6.7856 6.14515 5.7588 5.00025 3.63412 1.76718 -0.30787 -1.66017 -0.97865 1.39802 1.95824 0.372418 -0.435803 0.561053 2.03351 4.21592 5.46123 5.62613 5.50954 5.08866 3.51477 1.61403 1.61758 2.56657 1.7675 0.839249 1.34567 1.24878 0.468328 -0.100149 -0.452592 -0.245115 0.600488 0.949226 1.78831 3.028 3.2033 3.16539 3.68581 3.70933 3.71889 3.73595 3.73259 3.72501 3.70646 3.60143 3.36967 2.43595 1.62125 0.488997 0.346158 1.64663 2.20664 2.7357
-9999 -9999 -9999 -9999 -9999 -9999 -9999 -9999 -4.0869 -2.1769 -0.0861074 1.87135 3.72307 5.31635 5.43731 6.27631 6.27261 6.71071 6.58148 5.98738 5.34796 4.17041 1.77311 -0.24344 -2.44247 -1.86775 0.55651 0.869381 -0.194049 -2.15505 -0.138758 2.08534 4.10081 5.19017 4.32947 5.20428 5.12875 4.537 3.40421 1.64473 1.67506 0.35589 0.295814 0.969063 1.18571 1.0703 0.6428 -0.0387961 0.0654307 0.577042 0.705698 1.47657 2.43767 3.37722 3.53289 3.70995 3.715 3.71522 3.72714 3.72619 3.70362 3.6524 3.54245 2.75902 1.82782 1.2528 0.462615 0.363586 1.86838 2.45342 2.78376
-9999 -9999 -9999 -9999 -9999 -9999 -9999 -9999 -9999 -2.37176 -0.211602 1.38628 1.81509 3.23113 3.99461 4.58472 4.71342 6.40151 6.49171 6.11386 5.52617 4.52126 2.70121 1.43184 -0.677649 -2.19511 -1.58123 -1.2956 -0.743705 -0.911907 -0.0149125 2.12228 4.34918 4.58879 3.16805 3.37442 3.66755 4.32881 3.98853 1.59211 0.373107 -0.639222 0.0747705 0.826046 1.00561 1.03918 0.89071 0.713257 0.415946 1.42199 2.16569 2.336 2.98414 3.46196 3.59198 3.68926 3.6989 3.7087 3.70607 3.67517 3.65184 3.52808 3.25453 2.37831 0.275813 0.370037 0.139102 -0.517811 0.943478 1.86334 2.69232
-9999 -9999 -9999 -9999 -9999 -9999 -9999 -9999 -9999 -3.09024 -0.59047 -0.0637802 -0.104853 -0.934994 -0.555958 2.51173 3.12729 4.74607 6.2785 6.16247 5.58574 4.64519 3.55961 1.88084 -0.491213 -2.3769 -3.17383 -1.15711 0.826033 1.23246 1.86328 3.17141 3.41696 1.965 0.60329 1.36238 1.81833 3.56509 3.88123 3.53783 2.09261 0.440662 -0.423195 0.589533 0.722111 0.779874 0.788753 0.747477 0.701127 1.83244 2.45897 2.89276 3.1277 3.53759 3.64049 3.67161 3.70069 3.69046 3.66629 3.5981 3.52081 3.19115 2.79258 1.35926 0.163445 -0.583922 -1.53164 0.590015 1.20522 2.07224 2.62728
