Test_Spring_2018b/02_18/Temp/20180214_002.txt
ncols	170
nrows	115
xllcorner	350000.000000
yllcorner	4445000.000000
cellsize	1000.000000
nodata_value	-9999.000000
[rows 31 to 61 of 115, columns 71 to 141 of 170]
6.97082 7.17532 6.79611 6.83651 7.75389 7.96112 7.94999 7.86994 7.78564 7.35366 7.21112 6.87161 6.27143 6.02185 4.95198 1.48527 2.47109 2.85886 1.85648 2.42192 3.33988 2.54773 0.189302 -0.824244 -2.45917 -1.93317 -2.4207 -3.73571 -9999 -9999 -9999 -9999 -9999 -9999 -9999 -9999 -9999 -9999 -9999 -9999 -9999 -9999 -9999 -9999 -9999 -9999 -9999 -9999 -9999 -9999 -9999 -9999 -9999 -9999 -9999 -9999 -9999 -9999 -9999 -9999 -9999 -9999 -9999 -9999 -9999 -9999 -9999 -9999 -9999 -9999 -9999
6.77477 6.75402 6.38899 6.9593 7.48457 7.16952 6.96231 7.82264 7.82533 7.53484 6.84884 6.59904 6.34 6.18253 5.30206 2.82603 0.594353 1.79545 1.82747 1.00309 2.49197 1.71149 -0.3308 -3.21544 -1.64089 -2.04516 -4.08334 -4.58101 -9999 -9999 -9999 -9999 -9999 -9999 -9999 -9999 -9999 -9999 -9999 -9999 -9999 -9999 -9999 -9999 -9999 -9999 -9999 -9999 -9999 -9999 -9999 -9999 -9999 -9999 -9999 -9999 -9999 -9999 -9999 -9999 -9999 -9999 -9999 -9999 -9999 -9999 -9999 -9999 -9999 -9999 -9999
6.45424 6.26447 6.10914 6.95567 6.94047 6.89184 7.20057 7.73547 7.84468 7.73319 7.43567 7.17859 6.90502 6.20618 5.19855 3.08 0.539349 -0.0341406 1.21459 1.27807 1.48205 0.771063 -0.122894 -1.52362 -0.368906 0.0821773 -1.25604 -3.00927 -4.13628 -9999 -9999 -9999 -9999 -9999 -9999 -9999 -9999 -9999 -9999 -9999 -9999 -9999 -9999 -9999 -9999 -9999 -9999 -9999 -9999 -9999 -9999 -9999 -9999 -9999 -9999 -9999 -9999 -9999 -9999 -9999 -9999 -9999 -9999 -9999 -9999 -9999 -9999 -9999 -9999 -9999 -9999
5.96889 5.6801 4.8641 5.37534 5.75983 6.47256 6.65807 6.76696 7.77659 7.72624 7.68263 7.25585 6.91524 6.34886 5.37923 3.99742 2.33309 -0.567257 1.22694 2.63276 2.60071 2.52787 1.90276 0.557173 1.69056 1.74779 0.0386605 -1.91095 -3.05793 -3.5297 -9999 -9999 -9999 -9999 -9999 -9999 -9999 -9999 -9999 -9999 -9999 -9999 -9999 -9999 -9999 -9999 -9999 -9999 -9999 -9999 -9999 -9999 -9999 -9999 -9999 -9999 -9999 -9999 -9999 -9999 -9999 -9999 -9999 -9999 -9999 -9999 -9999 -9999 -9999 -9999 -9999
5.29342 5.01548 4.01821 4.53261 5.21814 6.18612 6.68751 7.07039 7.37443 7.68449 7.65129 7.21445 5.91817 5.73583 5.68291 4.7803 2.8824 0.987071 0.498783 2.64139 3.25739 3.13655 3.61816 2.47889 3.02334 2.80596 2.20421 0.330385 -1.38029 -2.08596 -3.48493 -9999 -9999 -9999 -9999 -9999 -9999 -9999 -9999 -9999 -9999 -9999 -9999 -9999 -9999 -9999 -9999 -9999 -9999 -9999 -9999 -9999 -9999 -9999 -9999 -9999 -9999 -9999 -9999 -9999 -9999 -9999 -9999 -9999 -9999 -9999 -9999 -9999 -9999 -9999 -9999
-9999 -9999 -9999 3.39405 4.32789 5.09859 6.04558 6.86138 7.27201 7.67101 7.64225 6.76598 6.33901 6.30466 5.71433 4.6718 4.01881 2.82678 1.58476 2.06426 3.89204 3.08456 4.38076 4.27541 4.51693 3.65718 2.02834 -0.149717 -1.4195 -2.05037 -3.1832 -9999 -9999 -9999 -9999 -9999 -9999 -9999 -9999 -9999 -9999 -9999 -9999 -9999 -9999 -9999 -9999 -9999 -9999 -9999 -9999 -9999 -9999 -9999 -9999 -9999 -9999 -9999 -9999 -9999 -9999 -9999 -9999 -9999 -9999 -9999 -9999 -9999 -9999 -9999 -9999
-9999 -9999 -9999 -9999 4.15959 4.74717 6.00998 6.66551 6.93311 7.5748 7.57937 7.2494 7.00108 6.63932 6.16585 5.38314 4.51932 3.39839 3.29792 4.46839 4.48658 4.24669 4.4422 5.04566 4.89167 3.56154 1.25995 0.0448513 -2.42455 -3.48149 -3.36831 -4.1163 -9999 -9999 -9999 -9999 -9999 -9999 -9999 -9999 -9999 -9999 -9999 -9999 -1.17778 -9999 -9999 -9999 -9999 -9999 -9999 -9999 -9999 -9999 -9999 -9999 -9999 -9999 -9999 -9999 -9999 -9999 -9999 -9999 -9999 -5.59878 -9999 -9999 -9999 -9999 -9999
-9999 -9999 -9999 4.04421 4.83164 5.44725 6.24006 6.32159 6.79471 7.53209 7.54594 7.31283 7.04901 6.45193 6.30644 5.86232 4.92412 4.73499 5.12026 5.29977 5.50286 5.62949 5.53396 5.29524 4.98558 4.13097 3.06513 2.35129 0.094686 -1.0441 -2.13507 -3.78868 -5.08139 -9999 -9999 -9999 -9999 -9999 -9999 -9999 -2.06014 -2.11705 -2.08281 -1.71424 -0.705264 -1.29013 -9999 -9999 -9999 -9999 -9999 -9999 -9999 -9999 -9999 -9999 -9999 -9999 -9999 -9999 -9999 -9999 -9999 -9999 -9999 -4.69015 -5.99132 -9999 -9999 -9999 -9999
-9999 -9999 -9999 4.25712 5.08803 5.50467 6.2749 6.71699 7.00941 7.26712 7.51352 7.4758 7.18346 6.73712 6.74324 6.12709 5.79647 5.56148 6.08133 6.18714 5.98393 5.72819 5.50262 4.85719 4.78633 4.58224 3.90753 2.79698 1.65243 0.001916 -2.24436 -4.44726 -6.22335 -9999 -9999 -9999 -9999 -9999 -9999 -1.87527 -1.03669 -0.532333 -1.5898 -0.677285 0.157308 0.0299788 -0.763945 -9999 -9999 -9999 -9999 -9999 -9999 -9999 -9999 -9999 -9999 -9999 -9999 -9999 -9999 1.48467 0.150261 -2.54947 -3.93107 -4.75808 -5.94071 -9999 -9999 -9999 -9999
-9999 -9999 -9999 4.09441 5.07533 5.74099 6.33223 6.42972 7.03632 7.30331 7.4371 7.42482 7.36934 7.28964 6.75217 6.52288 5.70906 6.49441 6.46846 6.27441 5.49506 5.15964 3.81897 3.23152 3.10656 4.24245 3.41136 1.67082 -0.506279 -3.12163 -3.28538 -4.14823 -5.73518 -9999 -9999 -9999 -9999 -9999 -9999 -1.61475 -0.718159 0.0311112 0.144419 -0.906462 0.572688 0.526186 -0.293093 -0.47485 0.206603 0.554613 0.308052 1.12269 1.36363 1.00371 1.40745 -9999 -9999 -9999 -9999 1.66423 1.72221 1.76705 1.21344 -1.73633 -3.74946 -5.55665 -5.7176 -9999 -9999 -9999 -9999
-9999 -9999 -9999 4.7725 5.37793 5.68596 5.73897 6.27002 6.80075 7.12935 7.36912 7.32456 7.30834 7.29093 7.10912 6.68267 6.7633 6.732 6.4849 4.99754 3.26103 4.02391 2.99499 0.787723 2.59288 3.58526 2.64309 0.533074 -1.91445 -2.71077 -2.6705 -3.87228 -5.41978 -9999 -9999 -9999 -4.0636 -2.78216 -2.66666 -2.28565 -1.09139 -0.181639 0.505463 0.975047 0.968124 0.486123 -0.315012 -1.18629 -0.8683 0.714358 1.10422 1.43867 1.6882 1.35434 1.53475 1.96038 2.18209 2.22998 2.13439 2.11535 2.15353 2.10703 1.59059 -1.04671 -2.55453 -3.51473 -5.44686 -9999 -9999 -9999 -9999
-9999 -9999 -9999 4.39655 4.92358 5.35112 6.05722 6.1353 6.58413 6.85212 7.24902 7.29634 6.83964 7.22255 7.17651 7.1086 6.96113 6.74372 5.48854 3.75737 2.02213 1.22344 1.57021 0.244356 0.935296 1.94088 1.58157 0.29015 -1.88969 -2.19266 -2.69459 -4.71722 -6.66598 -9999 -9999 -6.54241 -4.08775 -2.3581 -1.46382 -1.18374 -1.15276 -0.00778484 0.0866135 1.3193 1.03926 -0.57637 -0.388144 -1.01339 -0.598497 -0.0142754 0.149762 0.989442 1.79632 1.95182 1.95943 2.2318 2.29069 2.30849 2.30504 2.12656 2.21349 2.23005 1.90952 -0.000820227 -0.930006 -1.95233 -5.4194 -9999 -9999 -9999 -9999
-9999 -9999 -9999 4.66566 5.25437 5.89866 6.00608 6.48425 6.43852 6.30732 6.9723 7.21817 6.89651 6.66577 7.09917 7.07234 7.01832 6.9275 5.74819 4.38312 2.31482 1.03147 0.248578 -0.305856 -1.04426 -0.525222 -0.677097 -0.882485 -0.635024 -1.22968 -2.42227 -3.60534 -5.8226 -7.02087 -9999 -6.40742 -5.29762 -3.24143 -1.49329 -0.381926 -0.775622 0.525664 0.771042 1.52581 1.09213 0.11429 -0.303198 -0.335062 -0.458681 0.420422 1.01449 1.4367 1.71854 2.06947 2.16125 2.25319 2.29359 2.31708 2.34077 2.33972 2.33635 2.30129 2.18323 1.3071 0.381092 -1.62776 -5.30193 -9999 -9999 -9999 -9999
-9999 -9999 2.95817 4.60065 5.58547 5.96899 6.24674 6.4919 6.67025 6.8575 7.03185 7.15332 7.10614 6.24951 6.32246 6.47978 6.9706 6.93906 6.83567 6.09107 3.57355 2.70628 1.43818 -0.206039 -0.887808 -0.537784 0.819687 0.764889 -0.124881 -1.11724 -2.49077 -3.36292 -4.72162 -7.33354 -7.09442 -5.91203 -5.03129 -3.63273 -1.49689 0.00168943 0.672858 0.929277 1.46055 1.73897 1.14297 0.577866 0.342981 -0.0972186 -0.154042 -0.144592 0.388948 0.808127 1.73034 2.043 2.18883 2.26449 2.30672 2.33824 2.36924 2.38218 2.36803 2.37259 2.36926 2.30979 1.07393 -2.02531 -4.35718 -9999 -9999 -9999 -9999
-9999 -9999 -9999 4.30007 4.73532 4.85189 5.05309 5.46119 5.93108 6.59559 6.68388 7.05113 7.05208 6.31473 5.46218 6.21005 6.509 6.81903 6.83176 6.73922 4.62416 3.52021 2.65234 1.07611 1.65408 2.20168 2.2486 1.9274 0.0135242 -1.89271 -4.09126 -6.14564 -6.23962 -7.34327 -6.75252 -5.97032 -3.96777 -2.55739 -1.98321 -1.56957 0.60193 1.17084 1.36976 1.92991 1.17891 0.99538 0.433109 0.608556 0.565237 0.574879 -0.994017 0.594014 0.692794 1.72723 2.1955 2.30478 2.33694 2.37079 2.37898 2.38826 2.38696 2.40098 2.38998 2.37705 1.57541 -2.35563 -4.32578 -9999 -9999 -9999 -9999
-9999 -9999 -9999 -9999 -9999 4.44698 4.77979 4.99435 5.36301 6.48547 6.79015 6.99357 7.01368 6.68647 5.84271 5.62262 5.78082 4.95799 5.65292 6.60222 6.58296 6.47294 4.61503 3.66932 4.5978 4.32319 2.92869 1.83243 0.750436 -1.48216 -3.11482 -5.46993 -7.23757 -7.30018 -5.34056 -3.71216 -1.68588 -0.789854 -1.2943 -0.740139 0.341034 1.56855 2.16492 2.03096 1.23907 1.13547 0.265141 1.13355 1.21398 0.819787 0.479813 0.625743 1.14044 1.33975 2.14972 2.34892 2.38771 2.39725 2.40383 2.40363 2.40239 2.39631 2.39184 2.38493 2.35334 -1.68752 -4.82909 -9999 -9999 -9999 -9999
-9999 -9999 -9999 -9999 -9999 3.67269 3.87688 4.40751 5.76448 6.47595 6.76541 6.75884 6.89426 6.66439 5.92231 5.16055 4.44237 3.51561 4.05137 5.46281 6.29692 6.396 4.76807 5.62516 5.31286 4.69165 2.86617 1.52236 0.812589 -1.33051 -3.16434 -4.72951 -6.89283 -5.96141 -4.93633 -3.62102 -1.41044 0.0820699 0.697463 0.187963 0.880547 2.29238 2.30543 1.54145 1.59743 1.13677 -0.054903 1.19948 1.55734 1.28106 1.36099 1.26344 1.45851 1.80892 2.14391 2.36777 2.40119 2.40809 2.40405 2.40681 2.41091 2.39898 2.40419 2.39726 2.3815 -0.224872 -4.88604 -9999 -9999 -9999 -9999
-9999 -9999 -9999 -9999 -9999 -9999 2.97223 4.17843 5.97859 6.42717 6.38969 6.76378 6.79882 6.44436 6.13703 5.21164 3.94634 1.51318 2.13775 3.43734 5.30985 6.2964 6.16905 5.63015 4.68731 2.39759 0.394503 0.156468 -0.166602 -1.72908 -3.13993 -4.88057 -3.86465 -2.75257 -1.53662 -0.896148 -1.05807 0.22133 1.26523 0.82748 1.67609 2.66577 2.22438 1.96588 1.75022 1.21657 1.19068 1.25421 1.96961 1.48627 1.79419 1.80981 1.79847 1.97158 2.16962 2.37699 2.41398 2.41774 2.42419 2.40367 2.41527 2.40724 2.39978 2.39375 2.38092 2.14991 -0.358007 -1.85444 -9999 -9999 -9999
-9999 -9999 -9999 -9999 -9999 -9999 1.86573 2.46907 4.60039 5.26004 6.20341 6.70568 6.7317 6.13123 5.79816 4.41763 3.97212 1.72168 0.705271 1.57557 1.24865 3.82569 6.10697 5.61894 1.03039 -0.627695 -1.80861 -1.49775 -1.489 -1.91981 -4.32594 -4.98595 -2.82121 -1.4568 -0.399002 0.404108 0.574207 0.550069 2.18082 2.40117 2.93419 2.82402 2.87821 2.06231 1.55992 2.01203 1.50667 1.42615 2.16497 1.45109 2.10973 2.04089 1.8509 1.84592 2.28013 2.37132 2.42088 2.42694 2.41317 2.39452 2.38567 2.40329 2.40094 2.38171 2.38796 2.37003 2.07701 0.782134 0.333908 0.844565 -9999
-9999 -9999 -9999 -9999 -9999 -9999 -9999 0.487747 3.44841 4.80197 5.51506 6.51767 6.64124 6.32361 5.74473 4.33857 3.10257 1.09125 -1.20602 -2.42005 1.2327 4.41281 6.07529 5.86495 2.04639 0.543031 0.479087 1.37405 0.629813 0.0666002 -1.76034 -2.30317 -3.05998 -2.58634 -1.11312 0.0904718 1.2512 2.096 2.16814 2.71781 3.03645 3.06689 3.17027 3.07924 3.00637 2.22163 2.77614 2.31841 2.57203 2.42016 2.28356 2.16844 1.72056 2.04629 2.33488 2.41227 2.43833 2.42434 2.42334 2.41427 2.39073 2.38303 2.38532 2.38722 2.3777 2.38291 2.37487 2.23524 1.45883 0.417382 -0.900019
-9999 -9999 -9999 -9999 -9999 -9999 -9999 -0.986489 1.95971 3.38025 5.20884 6.1511 6.53589 6.48851 6.02004 4.9524 3.34404 2.00501 -0.559954 -3.22311 0.610194 4.02743 5.87342 5.97656 2.77049 3.66755 2.95342 3.24995 1.93739 1.39539 0.968773 0.0272224 -1.0032 -2.13075 -2.72539 -0.0281754 1.35839 2.47485 3.00314 3.30344 3.4554 3.38108 3.18468 1.99385 2.91163 2.87079 2.78655 2.68912 2.64547 2.55772 2.453 2.39548 2.37771 2.0817 2.42795 2.42376 2.43171 2.43641 2.43045 2.4164 2.40459 2.3895 2.39407 2.38783 2.38103 2.37824 2.38009 2.37645 2.33965 2.13803 0.366448
-9999 -9999 -9999 -9999 -9999 -9999 -9999 -5.11867 -0.833959 2.60946 4.40961 5.87591 6.2807 6.43374 5.80426 5.33438 4.18245 3.09206 1.40817 -1.11571 -2.66779 0.203715 4.37612 5.91936 5.80728 5.71702 4.89027 4.14576 4.05674 4.11873 3.25174 1.98521 0.326861 -0.187051 -0.766185 1.24369 1.51919 1.37591 3.58533 3.59389 3.47225 2.63223 1.69339 1.87776 1.30015 1.7558 1.06473 1.71224 2.27285 2.48621 2.47528 2.40981 2.40664 2.37819 2.44132 2.44399 2.4378 2.43361 2.43268 2.4274 2.40482 2.39353 2.40634 2.39386 2.38537 2.37907 2.38338 2.38439 2.35851 2.33566 2.06841
-9999 -9999 -9999 -9999 -9999 -9999 -9999 -4.93196 -1.32796 1.72966 3.5656 5.32995 5.74156 6.33892 6.21365 5.72137 4.72052 3.4695 2.0843 -0.0804361 -1.68802 0.233967 3.00577 4.99223 5.7103 5.70997 5.66793 5.48522 5.41418 5.20029 5.05022 4.14227 2.57698 1.69337 0.398164 2.6377 2.89191 2.54538 3.66468 3.61213 1.92814 0.634493 0.477081 1.27538 0.527609 0.402664 -0.0584515 0.477359 1.90317 1.49544 1.5832 2.23495 2.34595 2.41799 2.44028 2.43948 2.43984 2.43215 2.43696 2.44171 2.41971 2.41141 2.40927 2.38871 2.3898 2.37767 2.37122 2.36668 2.35527 2.33472 2.26284
-9999 -9999 -9999 -9999 -9999 -9999 -9999 -4.85493 -2.43094 0.320949 3.02259 4.90662 5.66835 6.2238 6.22094 5.64823 5.15239 4.36944 3.15119 2.31697 0.866011 -1.12664 2.2263 3.25829 4.18241 4.57458 5.53526 5.5173 5.08487 4.58255 5.05881 4.92581 3.68678 3.28181 2.59521 3.84232 3.84853 3.81727 3.75389 2.33156 0.35342 -1.22671 -0.0825602 -0.316202 0.21438 -1.39936 -0.0587843 1.02063 1.3748 0.652977 0.117256 1.79918 2.0811 2.25035 2.36006 2.43326 2.42007 2.44062 2.43414 2.4326 2.43064 2.41984 2.4149 2.40433 2.3937 2.38553 2.38086 2.36718 2.34917 2.35339 2.31881
-9999 -9999 -9999 -9999 -9999 -9999 -9999 -9999 -3.85693 -0.36884 2.74531 4.4804 5.57265 6.10629 6.09967 5.80833 5.47262 4.98836 4.11039 3.00679 1.26089 -0.0338789 0.795402 1.80659 1.92768 2.60207 4.54797 5.21606 4.28141 1.96354 3.34114 4.87466 4.85378 4.72704 4.58467 4.40051 4.2355 3.87044 2.8871 -0.132272 -0.722577 -1.90435 -1.76528 -2.36905 -1.03288 -1.52211 -0.151655 0.445452 0.674332 -0.582214 -0.306502 1.18166 1.77334 1.68035 2.04484 2.39325 2.40838 2.42196 2.41671 2.42777 2.43421 2.4323 2.42039 2.41321 2.4093 2.38773 2.39648 2.28943 2.22195 2.07962 2.26867
-9999 -9999 -9999 -9999 -9999 -9999 -9999 -9999 -4.54783 -1.06711 2.59992 3.77936 4.95673 5.97332 5.99617 5.54936 5.12471 4.68736 4.18914 2.84968 1.55111 0.311737 -0.10125 0.153927 0.142188 1.22984 3.76319 4.25764 4.05364 1.63474 0.817764 2.86499 4.58602 4.725 4.57297 2.55586 2.98982 1.90333 0.428602 0.0255337 -0.617566 -1.98082 -1.31824 -2.31528 -1.8811 -1.98546 -1.20528 -0.822098 0.104916 -0.989692 -0.975901 0.485356 1.22452 1.2475 2.02268 2.30177 2.37794 2.40014 2.41716 2.42453 2.44079 2.43796 2.43106 2.42069 2.38875 2.30613 2.04326 0.587567 0.594972 1.00196 1.3875
-9999 -9999 -9999 -9999 -9999 -9999 -9999 -9999 -4.14457 -1.72822 1.52598 3.93729 4.09171 5.26567 5.87322 5.38713 4.83953 4.27934 4.03662 2.57846 0.976531 -0.316815 -1.84834 -1.59086 -0.483515 1.32806 2.96605 3.26283 2.92989 1.63722 2.25589 3.65335 4.39719 4.61921 4.4512 4.01479 3.76417 2.96514 2.62101 1.51002 -0.229146 -0.91157 -0.472375 -2.31848 -2.18448 -1.49534 -2.21131 -1.00762 -0.428847 -1.84414 -0.705918 0.586439 1.24942 1.82953 2.10643 2.2194 2.39019 2.39883 2.41704 2.42888 2.43071 2.43498 2.41244 2.39467 2.24411 2.01995 0.661857 0.102502 0.219294 0.854892 1.41219
-9999 -9999 -9999 -9999 -9999 -9999 -9999 -9999 -3.73238 -1.55647 1.26559 2.98572 3.29605 4.59763 5.75543 5.62978 5.05993 4.8889 4.29844 3.06232 1.69671 0.203849 -0.519654 -2.18842 -0.536725 0.774252 2.16195 2.81359 1.75318 1.22097 2.17546 3.12429 3.50564 4.46366 4.45847 4.15136 2.81461 2.16475 2.44495 2.16808 1.68034 0.484638 0.435525 -0.330797 -0.645461 -0.942294 -1.91108 -1.28117 -1.21357 -1.03748 0.325086 0.99997 1.44897 1.85767 1.9683 2.14843 2.38077 2.40516 2.41761 2.42082 2.42935 2.41688 2.3564 2.30619 1.99848 1.45034 0.423559 -1.23961 -0.0558785 1.18176 1.55358
-9999 -9999 -9999 -9999 -9999 -9999 -9999 -9999 -4.10176 -1.79046 0.621901 1.63234 1.80654 4.15965 5.60179 5.60763 5.33931 5.02545 3.56145 3.65143 3.36183 2.01548 0.0526186 -2.10346 -1.89652 -0.602154 1.22913 1.83801 0.0794572 -0.540459 -0.0768806 1.35566 2.63834 3.97738 4.32042 3.93265 1.84978 -0.363909 0.66861 1.77165 1.7697 1.4515 0.343018 -0.00589882 -0.321227 -1.1285 -2.49516 -2.28591 -1.89864 -0.350824 0.140245 0.896196 1.52475 1.29419 1.43631 2.03754 2.38433 2.40158 2.41196 2.42749 2.42387 2.4077 2.28289 2.15053 1.92548 0.488711 -0.402894 -1.70095 -0.176444 0.668654 1.12328
-9999 -9999 -9999 -9999 -9999 -9999 -9999 -9999 -4.81552 -3.13737 -0.83145 0.099793 1.58335 3.80725 4.90277 5.42972 5.42166 5.21366 4.56012 4.16877 3.394 1.9932 0.0764031 -2.05468 -3.44052 -2.72966 -0.264364 0.325164 -1.29971 -2.124 -1.08771 0.438668 2.69667 3.98848 4.16635 4.05384 3.62747 2.01238 0.0602318 0.0709772 1.05627 0.239631 -0.710127 -0.180909 -0.273491 -1.07058 -1.64905 -1.99384 -1.76489 -0.879867 -0.512791 0.359684 1.64505 1.83311 1.80131 2.34496 2.37633 2.39326 2.41788 2.42147 2.42075 2.40879 2.30779 2.07627 1.1213 0.289159 -0.870197 -1.00954 0.349578 0.944215 1.5016
-9999 -9999 -9999 -9999 -9999 -9999 -9999 -9999 -6.04504 -4.0712 -1.91088 0.11214 2.02631 3.67426 3.8047 4.67551 4.67788 5.1359 5.00934 4.40384 3.75189 2.54545 0.081915 -1.98891 -4.24765 -3.64699 -1.13355 -0.797417 -1.88484 -3.89762 -1.81064 0.490367 2.57613 3.70704 2.82758 3.73696 3.66656 3.0639 1.90344 0.0969196 0.135353 -1.21728 -1.27196 -0.570638 -0.339904 -0.451359 -0.88444 -1.57528 -1.44536 -0.904762 -0.764558 0.0375905 1.03575 2.01161 2.17936 2.36908 2.38144 2.3888 2.40823 2.41442 2.39841 2.35294 2.24707 1.4471 0.494958 -0.0898762 -0.896371 -0.990288 0.573512 1.20092 1.55379
