Test_Spring_2018b/02_18/Temp/20180221_000.txt
ncols	170
nrows	115
xllcorner	350000.000000
yllcorner	4445000.000000
cellsize	1000.000000
nodata_value	-9999.000000
[rows 32 to 63 of 115, columns 71 to 141 of 170]
8.1548 8.12918 7.78918 8.30313 8.77593 8.47566 8.27487 9.05312 9.04823 8.77567 8.142 7.90661 7.66278 7.51165 6.70036 4.43222 2.38708 3.47604 3.49746 2.73678 4.08799 3.36699 1.49372 -1.14885 0.279765 -0.0984872 -1.97869 -2.44688 -9999 -9999 -9999 -9999 -9999 -9999 -9999 -9999 -9999 -9999 -9999 -9999 -9999 -9999 -9999 -9999 -9999 -9999 -9999 -9999 -9999 -9999 -9999 -9999 -9999 -9999 -9999 -9999 -9999 -9999 -9999 -9999 -9999 -9999 -9999 -9999 -9999 -9999 -9999 -9999 -9999 -9999 -9999
7.86029 7.6803 7.53172 8.29784 8.27713 8.22102 8.49016 8.97131 9.06366 8.95453 8.67556 8.43351 8.17639 7.53096 6.60354 4.66175 2.33447 1.80314 2.9354 2.98532 3.16332 2.50575 1.68092 0.393193 1.4385 1.84122 0.604029 -1.01468 -2.05614 -9999 -9999 -9999 -9999 -9999 -9999 -9999 -9999 -9999 -9999 -9999 -9999 -9999 -9999 -9999 -9999 -9999 -9999 -9999 -9999 -9999 -9999 -9999 -9999 -9999 -9999 -9999 -9999 -9999 -9999 -9999 -9999 -9999 -9999 -9999 -9999 -9999 -9999 -9999 -9999 -9999 -9999
7.41537 7.14492 6.39307 6.853 7.19718 7.83173 7.99287 8.0849 8.99937 8.94606 8.89891 8.50193 8.18361 7.65913 6.7664 5.49727 3.97007 1.31421 2.94445 4.21992 4.18237 4.10739 3.52796 2.29053 3.31631 3.35939 1.77901 -0.0176627 -1.07434 -1.51442 -9999 -9999 -9999 -9999 -9999 -9999 -9999 -9999 -9999 -9999 -9999 -9999 -9999 -9999 -9999 -9999 -9999 -9999 -9999 -9999 -9999 -9999 -9999 -9999 -9999 -9999 -9999 -9999 -9999 -9999 -9999 -9999 -9999 -9999 -9999 -9999 -9999 -9999 -9999 -9999 -9999
6.79693 6.53631 5.6189 6.08165 6.70063 7.57238 8.0188 8.35991 8.63014 8.90591 8.86829 8.46215 7.27131 7.09749 7.04177 6.21016 4.4697 2.73144 2.27768 4.2258 4.77988 4.66098 5.09193 4.04278 4.53073 4.32298 3.75895 2.03055 0.454626 -0.199094 -1.48566 -9999 -9999 -9999 -9999 -9999 -9999 -9999 -9999 -9999 -9999 -9999 -9999 -9999 -9999 -9999 -9999 -9999 -9999 -9999 -9999 -9999 -9999 -9999 -9999 -9999 -9999 -9999 -9999 -9999 -9999 -9999 -9999 -9999 -9999 -9999 -9999 -9999 -9999 -9999 -9999
-9999 -9999 -9999 5.0402 5.8809 6.57791 7.4307 8.16711 8.53466 8.89165 8.85812 8.05081 7.65373 7.61508 7.06875 6.10943 5.50563 4.40949 3.26752 3.69711 5.3575 4.61157 5.78614 5.68084 5.89206 5.09763 3.5934 1.58958 0.416045 -0.169505 -1.21318 -9999 -9999 -9999 -9999 -9999 -9999 -9999 -9999 -9999 -9999 -9999 -9999 -9999 -9999 -9999 -9999 -9999 -9999 -9999 -9999 -9999 -9999 -9999 -9999 -9999 -9999 -9999 -9999 -9999 -9999 -9999 -9999 -9999 -9999 -9999 -9999 -9999 -9999 -9999 -9999
-9999 -9999 -9999 -9999 5.72523 6.25497 7.40058 7.98635 8.22331 8.80192 8.79887 8.49042 8.25653 7.91903 7.47946 6.75744 5.96118 4.92998 4.83026 5.89067 5.89875 5.67092 5.84036 6.38203 6.23192 5.00264 2.8892 1.76975 -0.5044 -1.47915 -1.38534 -2.07755 -9999 -9999 -9999 -9999 -9999 -9999 -9999 -9999 -9999 -9999 -9999 -9999 0.497653 -9999 -9999 -9999 -9999 -9999 -9999 -9999 -9999 -9999 -9999 -9999 -9999 -9999 -9999 -9999 -9999 -9999 -9999 -9999 -9999 -3.72993 -9999 -9999 -9999 -9999 -9999
-9999 -9999 -9999 5.62999 6.33751 6.89208 7.60849 7.67131 8.09504 8.76105 8.76656 8.54664 8.2987 7.74647 7.60647 7.19367 6.32958 6.14917 6.49292 6.6485 6.82529 6.93195 6.83546 6.60797 6.31545 5.51824 4.53476 3.87266 1.79716 0.743166 -0.262634 -1.78185 -2.97127 -9999 -9999 -9999 -9999 -9999 -9999 -9999 -0.278187 -0.338123 -0.314955 0.0133285 0.926159 0.383621 -9999 -9999 -9999 -9999 -9999 -9999 -9999 -9999 -9999 -9999 -9999 -9999 -9999 -9999 -9999 -9999 -9999 -9999 -9999 -2.90265 -4.09923 -9999 -9999 -9999 -9999
-9999 -9999 -9999 5.81862 6.5696 6.94239 7.63811 8.03433 8.28916 8.51727 8.73518 8.69378 8.41994 8.00548 8.00406 7.43432 7.12506 6.90282 7.36945 7.45768 7.26338 7.02075 6.80531 6.2062 6.1314 5.92801 5.30126 4.27659 3.22096 1.69501 -0.365845 -2.38676 -4.01762 -9999 -9999 -9999 -9999 -9999 -9999 -0.104736 0.653147 1.10576 0.132242 0.957187 1.7108 1.58596 0.84352 -9999 -9999 -9999 -9999 -9999 -9999 -9999 -9999 -9999 -9999 -9999 -9999 -9999 -9999 2.76579 1.5395 -0.933572 -2.20335 -2.96697 -4.05546 -9999 -9999 -9999 -9999
-9999 -9999 -9999 5.66817 6.55596 7.156 7.68821 7.76975 8.31569 8.54843 8.66363 8.64559 8.58818 8.50866 8.01109 7.79472 7.0444 7.75384 7.72214 7.53654 6.81609 6.50051 5.2667 4.72021 4.58955 5.61558 4.84562 3.24531 1.24652 -1.1561 -1.31991 -2.11751 -3.5758 -9999 -9999 -9999 -9999 -9999 -9999 0.129859 0.940845 1.61719 1.7127 0.745046 2.08714 2.02793 1.27079 1.09566 1.70864 2.01723 1.77718 2.50919 2.72103 2.3845 2.74542 -9999 -9999 -9999 -9999 2.94292 2.98834 3.02156 2.50817 -0.193228 -2.03969 -3.69837 -3.85732 -9999 -9999 -9999 -9999
-9999 -9999 -9999 6.28533 6.83016 7.10354 7.14423 7.62157 8.09827 8.38766 8.59893 8.55164 8.53032 8.50792 8.33532 7.93915 8.00566 7.96958 7.73602 6.36957 4.77513 5.46222 4.51311 2.48645 4.11884 5.01338 4.14152 2.20339 -0.042757 -0.784816 -0.762252 -1.86951 -3.29232 -9999 -9999 -9999 -2.08715 -0.92465 -0.82657 -0.486036 0.596937 1.41998 2.03943 2.46004 2.44179 1.98889 1.24815 0.443274 0.724209 2.15987 2.50661 2.79479 3.01445 2.70174 2.85851 3.23976 3.43497 3.47153 3.3771 3.35247 3.37993 3.32985 2.85046 0.434377 -0.950809 -1.83629 -3.61464 -9999 -9999 -9999 -9999
-9999 -9999 -9999 5.93911 6.41225 6.7947 7.43118 7.49493 7.89745 8.13463 8.48737 8.52416 8.10089 8.44422 8.3958 8.32719 8.1856 7.97969 6.82574 5.23663 3.64322 2.90433 3.2102 1.98881 2.60402 3.51036 3.16965 1.97679 -0.0251998 -0.313243 -0.785815 -2.64553 -4.43428 -9999 -9999 -4.34673 -2.11312 -0.541209 0.268139 0.516713 0.537763 1.57572 1.6542 2.77166 2.50462 1.01699 1.17953 0.598295 0.967492 1.49022 1.63072 2.38366 3.10971 3.2439 3.24336 3.48479 3.53147 3.54072 3.53056 3.3605 3.43257 3.44013 3.13964 1.38726 0.530375 -0.414158 -3.59118 -9999 -9999 -9999 -9999
-9999 -9999 -9999 6.18143 6.71072 7.29096 7.38126 7.81035 7.76195 7.63476 8.23523 8.45098 8.15122 7.93451 8.32408 8.29319 8.23709 8.14687 7.06222 5.80732 3.90968 2.72807 2.00237 1.48496 0.792809 1.25452 1.10362 0.903906 1.11783 0.561891 -0.541441 -1.63214 -3.66848 -4.7715 -9999 -4.2276 -3.22173 -1.35147 0.237689 1.24547 0.878959 2.05979 2.27622 2.95489 2.55035 1.64511 1.25298 1.21431 1.09183 1.88492 2.41676 2.78869 3.03771 3.34829 3.42466 3.50146 3.53141 3.54601 3.56079 3.55287 3.54261 3.50312 3.3875 2.57936 1.72347 -0.119821 -3.48606 -9999 -9999 -9999 -9999
-9999 -9999 4.63191 6.11979 7.01059 7.35262 7.59837 7.81468 7.97032 8.13405 8.28714 8.39173 8.34089 7.55296 7.61365 7.7511 8.19262 8.15664 8.05437 7.36593 5.05803 4.25593 3.0851 1.57221 0.933786 1.24073 2.46744 2.40478 1.57995 0.66175 -0.606794 -1.41526 -2.66581 -5.06122 -4.85122 -3.77939 -2.9825 -1.71247 0.23088 1.59241 2.19834 2.42532 2.90099 3.147 2.59265 2.06438 1.84027 1.42857 1.36687 1.36575 1.84328 2.21271 3.04508 3.32259 3.44682 3.50888 3.54063 3.56272 3.58434 3.58933 3.56934 3.56609 3.55526 3.49138 2.35412 -0.48595 -2.62664 -9999 -9999 -9999 -9999
-9999 -9999 -9999 5.84292 6.23182 6.33002 6.5058 6.87086 7.29269 7.89226 7.96648 8.29567 8.29087 7.61076 6.82665 7.50348 7.76996 8.04593 8.04973 7.95662 6.01457 4.99597 4.19219 2.74105 3.25256 3.73951 3.76925 3.46295 1.70271 -0.0502345 -2.07221 -3.95897 -4.0551 -5.07318 -4.54315 -3.8366 -2.0153 -0.734313 -0.216606 0.154526 2.13048 2.64161 2.81436 3.31739 2.62287 2.443 1.91981 2.07004 2.0205 2.01937 0.577144 2.01386 2.09549 3.03182 3.45091 3.54271 3.5654 3.58976 3.59068 3.59246 3.58431 3.58978 3.57108 3.54995 2.80893 -0.789738 -2.60028 -9999 -9999 -9999 -9999
-9999 -9999 -9999 -9999 -9999 5.95753 6.25344 6.44176 6.77119 7.78895 8.06081 8.24053 8.2531 7.94866 7.17217 6.96536 7.10345 6.34517 6.9713 7.82907 7.80154 7.69026 5.98234 5.10338 5.93799 5.6739 4.38728 3.37303 2.37203 0.320843 -1.18458 -3.34608 -4.97044 -5.03721 -3.25677 -1.77861 0.0644666 0.875983 0.409027 0.908607 1.88788 3.00118 3.53776 3.40702 2.67511 2.56824 1.76365 2.54644 2.60974 2.23975 1.91943 2.03954 2.50085 2.67466 3.40646 3.58103 3.60887 3.61114 3.61071 3.60394 3.59593 3.58218 3.56996 3.55498 3.51696 -0.182094 -3.06228 -9999 -9999 -9999 -9999
-9999 -9999 -9999 -9999 -9999 5.24765 5.42609 5.903 7.13479 7.77735 8.03537 8.02343 8.14137 7.92588 7.24266 6.54118 5.87918 5.0259 5.50704 6.7867 7.53826 7.6178 6.11972 6.88669 6.58824 6.00752 4.3272 3.08675 2.42543 0.455793 -1.23337 -2.67374 -4.65942 -3.81865 -2.89148 -1.69847 0.312545 1.66875 2.22423 1.75228 2.37766 3.65928 3.66328 2.95732 2.9995 2.56662 1.46856 2.60366 2.92017 2.65775 2.72073 2.61858 2.78803 3.09977 3.39791 3.59502 3.61863 3.61817 3.60811 3.60412 3.60064 3.58218 3.57879 3.56377 3.54015 1.15076 -3.11691 -9999 -9999 -9999 -9999
-9999 -9999 -9999 -9999 -9999 -9999 4.59705 5.69077 7.32723 7.72978 7.68931 8.02496 8.05127 7.72204 7.43579 6.58499 5.42341 3.19479 3.75702 4.93455 6.63417 7.52397 7.39593 6.8883 6.01411 3.90994 2.06742 1.83654 1.52824 0.0887011 -1.21428 -2.81487 -1.89784 -0.892118 0.209327 0.786194 0.631214 1.7928 2.73949 2.33321 3.10106 3.99726 3.58634 3.34189 3.13605 2.63653 2.60285 2.65064 3.29357 2.84207 3.11318 3.11437 3.09535 3.2452 3.4183 3.60035 3.62725 3.6241 3.62357 3.59823 3.6018 3.58691 3.57197 3.55775 3.5368 3.31618 1.01447 -0.36236 -9999 -9999 -9999
-9999 -9999 -9999 -9999 -9999 -9999 3.58359 4.1269 6.06572 6.66097 7.51604 7.96869 7.98673 7.43286 7.12273 5.85651 5.44343 3.3817 2.44546 3.23104 2.92256 5.26456 7.33574 6.8746 2.67186 1.14451 0.0527561 0.323134 0.317904 -0.0882959 -2.29995 -2.91384 -0.94784 0.288291 1.24535 1.9707 2.11864 2.09009 3.5727 3.76696 4.24665 4.13863 4.18019 3.42682 2.95921 3.35971 2.88829 2.8046 3.46895 2.807 3.39838 3.32243 3.14031 3.12757 3.51629 3.59226 3.63061 3.62939 3.61043 3.5869 3.57157 3.5801 3.56984 3.5436 3.5401 3.51406 3.23465 2.0419 1.62203 2.07761 -9999
-9999 -9999 -9999 -9999 -9999 -9999 -9999 2.31461 5.01065 6.23942 6.88418 7.79359 7.90061 7.60408 7.06999 5.78024 4.64533 2.80185 0.696516 -0.421483 2.90366 5.79641 7.30276 7.09525 3.59577 2.20993 2.13826 2.94218 2.24967 1.7228 0.040068 -0.466688 -1.16805 -0.745162 0.590543 1.6814 2.73419 3.49892 3.55836 4.0538 4.33678 4.3571 4.44356 4.35203 4.27662 3.54784 4.04421 3.61622 3.83767 3.68895 3.55434 3.4361 3.01856 3.30778 3.56354 3.62689 3.64316 3.62391 3.61654 3.60169 3.57337 3.55805 3.55204 3.54514 3.52731 3.52249 3.50335 3.3655 2.64612 1.68471 0.471397
-9999 -9999 -9999 -9999 -9999 -9999 -9999 0.965175 3.64802 4.93787 6.60105 7.45533 7.79922 7.75037 7.31691 6.33607 4.86105 3.63131 1.28152 -1.15871 2.33189 5.4398 7.11395 7.19623 4.25288 5.05904 4.39409 4.65196 3.4409 2.93371 2.52967 1.65907 0.708036 -0.332026 -0.884171 1.57085 2.82972 3.84233 4.31809 4.58569 4.7177 4.64166 4.45329 3.35764 4.18678 4.1372 4.0505 3.95163 3.90181 3.8118 3.70643 3.64072 3.61594 3.33752 3.64516 3.63356 3.63408 3.63178 3.61977 3.60026 3.58258 3.56157 3.55723 3.54194 3.5267 3.51471 3.5047 3.49119 3.44729 3.25287 1.62507
-9999 -9999 -9999 -9999 -9999 -9999 -9999 -2.81115 1.09378 4.23058 5.86769 7.19809 7.56183 7.69575 7.11507 6.67981 5.62137 4.61853 3.07315 0.760127 -0.666346 1.94543 5.74413 7.13951 7.02132 6.92647 6.15912 5.46692 5.3734 5.41803 4.6121 3.44335 1.91938 1.43972 0.902683 2.73005 2.97434 2.83659 4.84708 4.84812 4.73015 3.95603 3.08965 3.24984 2.71204 3.11575 2.47517 3.05663 3.55872 3.7438 3.72425 3.65119 3.63862 3.60469 3.65375 3.64909 3.63658 3.62603 3.61848 3.60685 3.57923 3.56162 3.56564 3.54486 3.52839 3.51181 3.50417 3.49514 3.46145 3.4305 3.17644
-9999 -9999 -9999 -9999 -9999 -9999 -9999 -2.6442 0.638663 3.42352 5.09049 6.6952 7.06496 7.60431 7.48375 7.02783 6.10717 4.95757 3.68488 1.69981 0.222794 1.96777 4.48796 6.29057 6.93039 6.91613 6.86572 6.68693 6.60864 6.40175 6.25043 5.41113 3.97038 3.15474 1.96389 4.00084 4.22553 3.90202 4.91698 4.86203 3.31741 2.12896 1.97763 2.69637 2.00511 1.87859 1.44638 1.92606 3.21831 2.83536 2.90608 3.4876 3.58065 3.63708 3.64996 3.64203 3.63537 3.62148 3.61902 3.61641 3.5892 3.57425 3.56459 3.53776 3.52858 3.50851 3.49111 3.47563 3.45543 3.42685 3.35144
-9999 -9999 -9999 -9999 -9999 -9999 -9999 -2.57707 -0.372241 2.13343 4.59033 6.30413 6.99333 7.49418 7.48515 6.95559 6.49585 5.77353 4.65324 3.88303 2.54917 0.72019 3.7714 4.70269 5.5309 5.8763 6.74152 6.71325 6.30672 5.83207 6.25634 6.12233 4.98173 4.60317 3.96796 5.0987 5.09682 5.06096 4.9959 3.6901 1.87673 0.426572 1.46351 1.24218 1.71568 0.229785 1.44369 2.41972 2.73354 2.0635 1.56515 3.08711 3.33448 3.48121 3.57384 3.63338 3.61422 3.62596 3.61305 3.60457 3.59555 3.57824 3.566 3.54832 3.53026 3.51195 3.49628 3.47435 3.44801 3.44209 3.39944
-9999 -9999 -9999 -9999 -9999 -9999 -9999 -9999 -1.67767 1.49637 4.33296 5.91056 6.90131 7.382 7.36931 7.09644 6.78274 6.33301 5.52336 4.50721 2.90413 1.71244 2.45963 3.37197 3.46687 4.07129 5.83655 6.43517 5.57057 3.43946 4.68358 6.07393 6.04554 5.92097 5.78256 5.60627 5.44791 5.10712 4.20192 1.43779 0.891324 -0.195294 -0.0761722 -0.635533 0.57299 0.113497 1.35557 1.89145 2.09109 0.934541 1.1715 2.5194 3.05145 2.95864 3.28376 3.59385 3.60043 3.60567 3.59374 3.59664 3.59519 3.58593 3.56769 3.5531 3.54121 3.51036 3.50686 3.39981 3.32878 3.18935 3.35251
-9999 -9999 -9999 -9999 -9999 -9999 -9999 -9999 -2.31666 0.85433 4.19558 5.2657 6.33396 7.25541 7.26943 6.85443 6.4594 6.05244 5.58952 4.35809 3.16358 2.0227 1.63595 1.85891 1.83215 2.81435 5.11644 5.55699 5.35994 3.13308 2.37719 4.23677 5.79894 5.91703 5.76978 3.91999 4.30834 3.30868 1.95463 1.57905 0.984266 -0.268167 0.328863 -0.589593 -0.201528 -0.313057 0.390252 0.731007 1.56827 0.559775 0.557525 1.88073 2.54747 2.56054 3.2606 3.50789 3.57004 3.58299 3.59125 3.59064 3.59805 3.58787 3.57379 3.55631 3.5189 3.43497 3.18334 1.84261 1.84022 2.20262 2.54546
-9999 -9999 -9999 -9999 -9999 -9999 -9999 -9999 -1.95298 0.246138 3.21035 5.40505 5.53918 6.60413 7.15183 6.70084 6.19345 5.67428 5.44464 4.10493 2.63358 1.44364 0.0358986 0.261284 1.26238 2.89999 4.38502 4.6455 4.33114 3.13244 3.68759 4.95413 5.62421 5.81817 5.65634 5.24972 5.01293 4.27559 3.95367 2.93161 1.33595 0.705035 1.09805 -0.595648 -0.481629 0.139073 -0.53159 0.558478 1.07797 -0.22315 0.798331 1.97002 2.56725 3.08899 3.33408 3.42963 3.57808 3.57855 3.58778 3.59116 3.58532 3.58158 3.5532 3.52899 3.38335 3.17032 1.92178 1.39642 1.49415 2.06553 2.56544
-9999 -9999 -9999 -9999 -9999 -9999 -9999 -9999 -1.58118 0.398339 2.96789 4.53141 4.80775 5.98908 7.03904 6.91703 6.38926 6.22537 5.67827 4.54136 3.28593 1.91401 1.24426 -0.288787 1.20964 2.39036 3.64723 4.23208 3.24501 2.74936 3.61136 4.46844 4.80767 5.67369 5.66053 5.37191 4.14339 3.54215 3.79015 3.52955 3.07639 1.97676 1.92388 1.21605 0.920447 0.640986 -0.260777 0.305562 0.358482 0.507236 1.73654 2.34452 2.74641 3.11166 3.20489 3.36172 3.56629 3.58106 3.58495 3.58038 3.58059 3.56154 3.49852 3.44473 3.15567 2.64693 1.70104 0.167754 1.23984 2.36113 2.69037
-9999 -9999 -9999 -9999 -9999 -9999 -9999 -9999 -1.92301 0.18008 2.37549 3.29095 3.44288 5.58418 6.89365 6.89161 6.6391 6.3448 5.00017 5.07411 4.80123 3.56326 1.76215 -0.215587 -0.0359963 1.13128 2.7919 3.33801 1.71348 1.13798 1.55194 2.85081 4.01308 5.22704 5.53183 5.16956 3.25975 1.23062 2.16543 3.16465 3.15496 2.85645 1.83632 1.50957 1.21338 0.46792 -0.793071 -0.614973 -0.270075 1.12453 1.56461 2.24665 2.8125 2.59407 2.71604 3.25729 3.56632 3.5745 3.57644 3.58306 3.57215 3.54969 3.42795 3.29919 3.08567 1.76568 0.94332 -0.253106 1.12671 1.88978 2.29063
-9999 -9999 -9999 -9999 -9999 -9999 -9999 -9999 -2.57925 -1.05428 1.04389 1.88696 3.23429 5.25754 6.25047 6.72417 6.70926 6.51162 5.907 5.54156 4.82583 3.53828 1.77941 -0.175305 -1.44975 -0.809984 1.42465 1.94841 0.450821 -0.311094 0.625918 2.01058 4.06344 5.23432 5.38834 5.27737 4.87998 3.39734 1.60702 1.60889 2.50053 1.7469 0.871653 1.34666 1.25386 0.51771 -0.0189031 -0.351499 -0.15464 0.63826 0.965172 1.75363 2.91916 3.08295 3.0461 3.53475 3.55574 3.56359 3.57849 3.57418 3.56589 3.54728 3.44728 3.22802 2.34812 1.58026 0.513535 0.378029 1.60392 2.13669 2.63319
-9999 -9999 -9999 -9999 -9999 -9999 -9999 -9999 -3.70633 -1.91143 0.0537627 1.8936 3.63404 5.13137 5.24312 6.03075 6.02535 6.43584 6.31242 5.75153 5.14803 4.03807 1.78015 -0.119393 -2.19067 -1.65134 0.629281 0.915271 -0.0868877 -1.9338 -0.0373749 2.05464 3.9503 4.97433 4.163 4.98506 4.91267 4.3544 3.28689 1.62951 1.65662 0.413588 0.35556 0.987699 1.19009 1.07996 0.676102 0.032033 0.133799 0.6123 0.732081 1.45633 2.35963 3.24269 3.38801 3.55348 3.55709 3.55618 3.56631 3.56436 3.54211 3.49291 3.3885 2.65026 1.77299 1.23099 0.48652 0.392574 1.8092 2.36806 2.67797
-9999 -9999 -9999 -9999 -9999 -9999 -9999 -9999 -9999 -2.09969 -0.0693544 1.43191 1.83303 3.16344 3.87982 4.43317 4.55238 6.13934 6.22252 5.86525 5.31055 4.36321 2.64871 1.45251 -0.534395 -1.9641 -1.38895 -1.12693 -0.608796 -0.768402 0.0745158 2.08467 4.17924 4.40343 3.06495 3.25785 3.53241 4.15344 3.83184 1.57506 0.426414 -0.527724 0.142888 0.848576 1.01616 1.04634 0.905166 0.739171 0.458039 1.40358 2.10223 2.26122 2.86995 3.3184 3.43955 3.52992 3.53785 3.54599 3.5425 3.51246 3.48962 3.37234 3.11415 2.28883 0.30945 0.397624 0.179828 -0.438839 0.943136 1.81122 2.59142
-9999 -9999 -9999 -9999 -9999 -9999 -9999 -9999 -9999 -2.78088 -0.431084 0.061847 0.0205753 -0.763173 -0.408699 2.47643 3.05387 4.57565 6.01629 5.90556 5.36131 4.47469 3.45159 1.8702 -0.363707 -2.13989 -2.89723 -0.999411 0.864027 1.24521 1.83756 3.06736 3.29706 1.92912 0.646135 1.3592 1.78697 3.42965 3.72588 3.4014 2.03994 0.483916 -0.330389 0.621477 0.744948 0.797974 0.804955 0.768407 0.720777 1.78591 2.37426 2.7812 3.001 3.38547 3.48105 3.50912 3.53535 3.52465 3.50095 3.43591 3.36243 3.05154 2.67592 1.32652 0.200772 -0.502816 -1.39488 0.601924 1.18806 2.00444 2.52966
