Test_Spring_2018b/02_18/Temp/20180216_021.txt
ncols	170
nrows	115
xllcorner	350000.000000
yllcorner	4445000.000000
cellsize	1000.000000
nodata_value	-9999.000000
[rows 31 to 61 of 115, columns 70 to 139 of 170]
6.28606 6.91862 7.14936 6.70421 6.74543 7.81338 8.05527 8.03713 7.95756 7.85385 7.34685 7.17468 6.77386 6.07066 5.77336 4.52554 0.500851 1.63466 2.07578 0.90663 1.55418 2.61048 1.68591 -1.05291 -2.23335 -4.13345 -3.52069 -4.08591 -5.61485 -9999 -9999 -9999 -9999 -9999 -9999 -9999 -9999 -9999 -9999 -9999 -9999 -9999 -9999 -9999 -9999 -9999 -9999 -9999 -9999 -9999 -9999 -9999 -9999 -9999 -9999 -9999 -9999 -9999 -9999 -9999 -9999 -9999 -9999 -9999 -9999 -9999 -9999 -9999 -9999 -9999
6.40881 6.69598 6.66538 6.23624 6.89098 7.49372 7.14107 6.90624 7.90567 7.90263 7.55955 6.75784 6.4611 6.15332 5.96294 4.93475 2.05795 -0.535748 0.847634 0.876771 -0.086057 1.63137 0.719939 -1.65309 -5.00177 -3.18411 -3.65884 -6.01167 -6.5872 -9999 -9999 -9999 -9999 -9999 -9999 -9999 -9999 -9999 -9999 -9999 -9999 -9999 -9999 -9999 -9999 -9999 -9999 -9999 -9999 -9999 -9999 -9999 -9999 -9999 -9999 -9999 -9999 -9999 -9999 -9999 -9999 -9999 -9999 -9999 -9999 -9999 -9999 -9999 -9999 -9999
5.6073 6.32891 6.10218 5.91567 6.89013 6.86644 6.81431 7.18521 7.80777 7.92811 7.79246 7.44096 7.13596 6.81153 5.99414 4.81878 2.35624 -0.595396 -1.268 0.170582 0.236128 0.464614 -0.366706 -1.40979 -3.03978 -1.70901 -1.19327 -2.74141 -4.76604 -6.06308 -9999 -9999 -9999 -9999 -9999 -9999 -9999 -9999 -9999 -9999 -9999 -9999 -9999 -9999 -9999 -9999 -9999 -9999 -9999 -9999 -9999 -9999 -9999 -9999 -9999 -9999 -9999 -9999 -9999 -9999 -9999 -9999 -9999 -9999 -9999 -9999 -9999 -9999 -9999 -9999
4.5295 5.77062 5.42892 4.47676 5.06256 5.50178 6.3416 6.56864 6.68887 7.85247 7.78779 7.73061 7.22921 6.82731 6.16356 5.03235 3.4234 1.48699 -1.88149 0.188818 1.80923 1.76392 1.6715 0.939454 -0.627102 0.678517 0.737535 -1.23408 -3.47742 -4.81382 -5.36808 -9999 -9999 -9999 -9999 -9999 -9999 -9999 -9999 -9999 -9999 -9999 -9999 -9999 -9999 -9999 -9999 -9999 -9999 -9999 -9999 -9999 -9999 -9999 -9999 -9999 -9999 -9999 -9999 -9999 -9999 -9999 -9999 -9999 -9999 -9999 -9999 -9999 -9999 -9999
-9999 4.99174 4.66239 3.50006 4.08941 4.87735 6.00417 6.59579 7.04355 7.38986 7.74295 7.69807 7.18525 5.67638 5.45772 5.38864 4.33488 2.12779 -0.0764986 -0.650784 1.82289 2.528 2.37956 2.92925 1.6013 2.2242 1.96471 1.26781 -0.888255 -2.87027 -3.69573 -5.32452 -9999 -9999 -9999 -9999 -9999 -9999 -9999 -9999 -9999 -9999 -9999 -9999 -9999 -9999 -9999 -9999 -9999 -9999 -9999 -9999 -9999 -9999 -9999 -9999 -9999 -9999 -9999 -9999 -9999 -9999 -9999 -9999 -9999 -9999 -9999 -9999 -9999 -9999
-9999 -9999 -9999 -9999 2.77331 3.85972 4.7553 5.85453 6.80445 7.27452 7.73094 7.6915 6.66986 6.16835 6.1213 5.42971 4.21383 3.4489 2.05919 0.611377 1.15791 3.26649 2.32212 3.81512 3.6846 3.95619 2.95216 1.07989 -1.44466 -2.91584 -3.65477 -4.97535 -9999 -9999 -9999 -9999 -9999 -9999 -9999 -9999 -9999 -9999 -9999 -9999 -9999 -9999 -9999 -9999 -9999 -9999 -9999 -9999 -9999 -9999 -9999 -9999 -9999 -9999 -9999 -9999 -9999 -9999 -9999 -9999 -9999 -9999 -9999 -9999 -9999 -9999
-9999 -9999 -9999 -9999 -9999 3.66718 4.35073 5.80877 6.58038 6.88512 7.62309 7.62263 7.23422 6.93996 6.51376 5.95762 5.04272 4.03336 2.72577 2.60014 3.94678 3.95843 3.67118 3.88856 4.57882 4.39185 2.84966 0.189957 -1.22573 -4.08048 -5.31311 -5.19021 -6.06514 -9999 -9999 -9999 -9999 -9999 -9999 -9999 -9999 -9999 -9999 -9999 -9999 -2.78102 -9999 -9999 -9999 -9999 -9999 -9999 -9999 -9999 -9999 -9999 -9999 -9999 -9999 -9999 -9999 -9999 -9999 -9999 -9999 -9999 -8.0813 -9999 -9999 -9999
-9999 -9999 -9999 -9999 3.53145 4.4557 5.16402 6.078 6.17419 6.72786 7.57715 7.5879 7.31208 7.00015 6.30151 6.12541 5.60269 4.50698 4.2786 4.71531 4.91344 5.13882 5.27572 5.15547 4.86965 4.50203 3.52442 2.28141 1.44641 -1.17003 -2.48975 -3.76191 -5.68605 -7.19228 -9999 -9999 -9999 -9999 -9999 -9999 -9999 -3.76777 -3.84341 -3.8133 -3.39564 -2.23585 -2.92234 -9999 -9999 -9999 -9999 -9999 -9999 -9999 -9999 -9999 -9999 -9999 -9999 -9999 -9999 -9999 -9999 -9999 -9999 -9999 -7.03254 -8.55005 -9999 -9999
-9999 -9999 -9999 -9999 3.7964 4.75404 5.23233 6.12072 6.62924 6.9795 7.27362 7.55427 7.50525 7.16058 6.63677 6.63637 5.91425 5.52222 5.24035 5.83254 5.94477 5.69893 5.39233 5.12097 4.36359 4.27234 4.04708 3.25718 1.96263 0.628878 -1.27848 -3.88907 -6.44956 -8.5158 -9999 -9999 -9999 -9999 -9999 -9999 -3.54533 -2.58382 -2.00941 -3.24424 -2.19654 -1.23885 -1.39531 -2.31044 -9999 -9999 -9999 -9999 -9999 -9999 -9999 -9999 -9999 -9999 -9999 -9999 -9999 -9999 0.158422 -1.39794 -4.536 -6.14686 -7.11511 -8.49528 -9999 -9999
-9999 -9999 -9999 -9999 3.60819 4.74007 5.50743 6.18913 6.29915 7.00915 7.31881 7.46955 7.45045 7.38054 7.28169 6.65155 6.3775 5.42538 6.32523 6.2846 6.0489 5.13502 4.73559 3.17188 2.4813 2.34558 3.65294 2.68191 0.657591 -1.87227 -4.90249 -5.09579 -6.10373 -7.95082 -9999 -9999 -9999 -9999 -9999 -9999 -3.24515 -2.21667 -1.35872 -1.23734 -2.46442 -0.760049 -0.810397 -1.76814 -1.98717 -1.20606 -0.811276 -1.10167 -0.163253 0.106697 -0.319737 0.138271 -9999 -9999 -9999 -9999 0.384043 0.440611 0.48198 -0.169893 -3.5977 -5.94025 -8.04409 -8.23614 -9999 -9999
-9999 -9999 -9999 -9999 4.39344 5.09084 5.4445 5.50338 6.1165 6.73919 7.12028 7.39713 7.3407 7.31627 7.28949 7.07121 6.56847 6.65225 6.60554 6.30825 4.57372 2.55048 3.42306 2.21838 -0.337154 1.74964 2.89075 1.7911 -0.661129 -3.5041 -4.42691 -4.38425 -5.78477 -7.58902 -9999 -9999 -9999 -6.05529 -4.58099 -4.45774 -4.02699 -2.65407 -1.61065 -0.821456 -0.287135 -0.295857 -0.860265 -1.79681 -2.81448 -2.45424 -0.628859 -0.185465 0.200012 0.479989 0.0837763 0.279005 0.762271 1.00899 1.05404 0.932653 0.899787 0.933108 0.868308 0.259112 -2.80244 -4.55962 -5.6822 -7.92579 -9999 -9999
-9999 -9999 -9999 -9999 3.9636 4.57056 5.06302 5.87815 5.96685 6.48518 6.80227 7.26091 7.31136 6.77692 7.21407 7.15308 7.06556 6.88478 6.62203 5.15633 3.13881 1.11651 0.179461 0.58012 -0.966172 -0.170898 0.985463 0.560252 -0.945836 -3.47861 -3.83673 -4.4195 -6.76751 -9.03355 -9999 -9999 -8.91791 -6.08419 -4.09084 -3.06557 -2.75205 -2.72711 -1.41143 -1.31259 0.105374 -0.221434 -2.09941 -1.88979 -2.61728 -2.14454 -1.48 -1.29802 -0.330486 0.598302 0.769339 0.768706 1.07444 1.1325 1.14263 1.12786 0.910109 0.999724 1.00778 0.625379 -1.59877 -2.68602 -3.87774 -7.90367 -9999 -9999
-9999 -9999 -9999 -9999 4.27879 4.95781 5.7019 5.82447 6.37684 6.31857 6.17347 6.94118 7.22364 6.84592 6.57226 7.0667 7.02659 6.95375 6.83725 5.45896 3.86506 1.45639 -0.0426087 -0.95224 -1.60492 -2.46773 -1.87521 -2.05937 -2.30502 -2.02562 -2.72182 -4.10479 -5.48302 -8.0574 -9.45428 -9999 -8.76244 -7.48693 -5.11546 -3.10122 -1.8249 -2.29225 -0.79574 -0.522211 0.348062 -0.163727 -1.30284 -1.79825 -1.84339 -1.99454 -0.983777 -0.298608 0.185379 0.503493 0.903342 1.00032 1.09706 1.13369 1.15034 1.1669 1.15454 1.13934 1.08739 0.939339 -0.086811 -1.16783 -3.50562 -7.77153 -9999 -9999
-9999 -9999 -9999 2.29655 4.2015 5.34006 5.78269 6.10327 6.38636 6.59205 6.81521 7.01232 7.14974 7.09113 6.09245 6.16923 6.34228 6.90036 6.85215 6.7199 5.84437 2.91483 1.90462 0.42304 -1.49251 -2.28846 -1.89169 -0.327095 -0.398096 -1.43599 -2.59245 -4.18541 -5.20306 -6.78492 -9.81763 -9.54974 -8.18967 -7.17966 -5.57026 -3.1071 -1.38244 -0.616374 -0.330629 0.278697 0.591401 -0.111133 -0.772516 -1.05312 -1.57116 -1.64468 -1.64116 -1.0303 -0.549547 0.515047 0.86874 1.03009 1.10805 1.1468 1.17269 1.1976 1.20129 1.1734 1.16713 1.15179 1.07366 -0.368931 -3.97513 -6.68645 -9999 -9999
-9999 -9999 -9999 -9999 3.85112 4.35354 4.48747 4.71993 5.19235 5.73633 6.51249 6.6122 7.03404 7.02942 6.16939 5.17386 6.03091 6.36643 6.7136 6.71553 6.59507 4.13566 2.84466 1.82772 -0.00914896 0.654145 1.27988 1.32627 0.946785 -1.27737 -3.49236 -6.04117 -8.42855 -8.54506 -9.83154 -9.1551 -8.2587 -5.94913 -4.3262 -3.67248 -3.205 -0.700985 -0.0500973 0.168191 0.80678 -0.0730856 -0.292476 -0.95227 -0.756903 -0.814568 -0.810557 -2.63514 -0.800025 -0.692932 0.497823 1.0345 1.15255 1.17965 1.2082 1.20658 1.20587 1.19268 1.19717 1.17418 1.14464 0.204162 -4.36152 -6.65394 -9999 -9999
-9999 -9999 -9999 -9999 -9999 -9999 4.01708 4.40243 4.651 5.07805 6.38477 6.73532 6.96744 6.98585 6.60037 5.61471 5.35017 5.52243 4.55691 5.34864 6.43774 6.4029 6.26327 4.09925 2.9958 4.06205 3.73527 2.11181 0.834521 -0.425731 -3.01864 -4.91189 -7.64754 -9.70295 -9.78354 -7.52199 -5.64447 -3.3075 -2.28059 -2.87666 -2.24655 -1.00476 0.406009 1.08595 0.920281 -0.00702202 -0.133881 -1.15051 -0.152203 -0.0663276 -0.52996 -0.930534 -0.765959 -0.176742 0.0467521 0.977191 1.19936 1.23611 1.23647 1.23291 1.2211 1.20783 1.18814 1.17066 1.15045 1.10188 -3.59122 -7.24095 -9999 -9999
-9999 -9999 -9999 -9999 -9999 -9999 3.11853 3.35508 3.97001 5.54218 6.37266 6.70556 6.69434 6.84626 6.57342 5.70555 4.81326 3.97008 2.88451 3.49268 5.11517 6.06892 6.17151 4.27391 5.25897 4.88775 4.15947 2.03674 0.472716 -0.356219 -2.84536 -4.97171 -6.79212 -9.30587 -8.23481 -7.05595 -5.54166 -2.99092 -1.27304 -0.571966 -1.17363 -0.382955 1.24121 1.24523 0.34957 0.404484 -0.136128 -1.52503 -0.0794953 0.327897 0.00102545 0.0871122 -0.0302455 0.188888 0.587647 0.967993 1.21888 1.24828 1.24637 1.23045 1.22199 1.21447 1.18823 1.18174 1.16128 1.13083 -1.90054 -7.31091 -9999 -9999
-9999 -9999 -9999 -9999 -9999 -9999 -9999 2.30535 3.70288 5.78839 6.31413 6.26806 6.69765 6.73307 6.31573 5.9514 4.86949 3.39243 0.561489 1.27257 2.76553 4.92234 6.05314 5.89406 5.26183 4.16013 1.49882 -0.829669 -1.11262 -1.49356 -3.31004 -4.94639 -6.97011 -5.80062 -4.52026 -3.12027 -2.38782 -2.58583 -1.11481 0.082935 -0.436017 0.535338 1.67034 1.14777 0.837622 0.577743 -0.0474884 -0.0858009 -0.0199205 0.801732 0.235036 0.585346 0.599179 0.579311 0.772794 0.99461 1.22649 1.26012 1.25431 1.25068 1.21513 1.21633 1.19447 1.17314 1.15353 1.1263 0.84671 -2.06916 -3.81352 -9999
-9999 -9999 -9999 -9999 -9999 -9999 -9999 1.02146 1.72024 4.18906 4.95911 6.04902 6.62678 6.65147 5.94889 5.55444 3.94579 3.41842 0.799304 -0.390696 0.605039 0.213888 3.18745 5.81896 5.24577 -0.0796015 -2.00917 -3.3852 -3.03231 -3.02893 -3.53444 -6.32391 -7.09579 -4.59542 -3.02279 -1.80607 -0.885205 -0.69837 -0.737592 1.13996 1.38363 1.98934 1.85006 1.90158 0.945583 0.35344 0.870201 0.276319 0.175245 1.02398 0.190158 0.946782 0.862774 0.635968 0.623184 1.11867 1.21602 1.26426 1.26105 1.23407 1.20047 1.17833 1.18611 1.1706 1.13558 1.13032 1.09746 0.747554 -0.763382 -1.29283
-9999 -9999 -9999 -9999 -9999 -9999 -9999 -9999 -0.577906 2.85118 4.42489 5.24751 6.40449 6.54184 6.16901 5.48901 3.84962 2.40655 0.0646245 -2.60895 -4.02798 0.191679 3.86412 5.77887 5.52759 1.09427 -0.656085 -0.738169 0.291268 -0.577909 -1.23703 -3.35555 -3.99184 -4.87634 -4.33582 -2.6361 -1.2524 0.0817213 1.04926 1.12116 1.74596 2.10399 2.12761 2.23609 2.11982 2.02521 1.10902 1.74291 1.20471 1.49119 1.30835 1.14354 1.00585 0.480205 0.850514 1.17727 1.25865 1.27926 1.2531 1.24096 1.21851 1.17846 1.15831 1.14813 1.13754 1.11393 1.1078 1.08804 0.915416 0.00567852
-9999 -9999 -9999 -9999 -9999 -9999 -9999 -9999 -2.28886 1.12276 2.77379 4.88818 5.98073 6.41832 6.35501 5.80288 4.55573 2.68142 1.1186 -1.86484 -4.96216 -0.533832 3.41391 5.54144 5.65041 1.92985 2.96037 2.12487 2.46077 0.932917 0.298076 -0.198172 -1.29663 -2.49833 -3.80995 -4.5095 -1.39469 0.201118 1.48346 2.08392 2.41992 2.58392 2.48624 2.24869 0.858241 1.91125 1.85691 1.75064 1.62967 1.57155 1.4628 1.33471 1.26362 1.23611 0.885989 1.28072 1.26534 1.26557 1.26108 1.24325 1.21511 1.18877 1.15803 1.1522 1.13334 1.11287 1.09743 1.08917 1.07402 1.02106
-9999 -9999 -9999 -9999 -9999 -9999 -9999 -9999 -7.07925 -2.11772 1.88544 3.96519 5.65628 6.11755 6.28628 5.54759 4.99305 3.6477 2.37317 0.410767 -2.52489 -4.33461 -1.02038 3.80247 5.58052 5.44463 5.33119 4.36501 3.49457 3.38392 3.44847 2.44197 0.971745 -0.958431 -1.56454 -2.24503 0.0734625 0.382104 0.20507 2.75331 2.75145 2.59862 1.61357 0.514783 0.717216 0.0398273 0.560737 -0.248755 0.493113 1.13482 1.37464 1.35493 1.27442 1.26545 1.22489 1.28706 1.28185 1.26562 1.25083 1.23889 1.22103 1.18237 1.15621 1.15766 1.13317 1.11042 1.093 1.08769 1.07786 1.03747
-9999 -9999 -9999 -9999 -9999 -9999 -9999 -9999 -6.85647 -2.6746 0.862327 2.98206 5.01895 5.48786 6.17118 6.0166 5.43617 4.26602 2.80563 1.18954 -1.32976 -3.20351 -0.987928 2.21102 4.502 5.32823 5.3193 5.26201 5.04215 4.95822 4.70247 4.52641 3.46568 1.64131 0.608326 -0.901849 1.68268 1.96667 1.55426 2.83966 2.76717 0.804459 -0.705995 -0.899882 0.0144401 -0.862503 -1.01412 -1.55489 -0.94266 0.701135 0.222955 0.317271 1.06752 1.18857 1.26045 1.27832 1.26891 1.26015 1.24128 1.23604 1.22993 1.19212 1.16968 1.15405 1.11702 1.10946 1.08292 1.06521 1.0516 1.02787
-9999 -9999 -9999 -9999 -9999 -9999 -9999 -9999 -6.76573 -3.95541 -0.773275 2.3488 4.52395 5.39819 6.03279 6.01997 5.34642 4.76147 3.84357 2.42112 1.44352 -0.248561 -2.56806 1.30577 2.48928 3.55441 4.00615 5.11049 5.08127 4.57203 3.98843 4.53124 4.36594 2.92124 2.44261 1.63741 3.07211 3.0688 3.02169 2.93704 1.27776 -1.02558 -2.86778 -1.55363 -1.83541 -1.23069 -3.10696 -1.56168 -0.319767 0.0823988 -0.759239 -1.38759 0.555881 0.870241 1.05839 1.17724 1.25333 1.22873 1.24252 1.22425 1.21099 1.1966 1.17152 1.15292 1.12775 1.10263 1.08548 1.0701 1.04304 1.01009
-9999 -9999 -9999 -9999 -9999 -9999 -9999 -9999 -9999 -5.60488 -1.57179 2.02861 4.03067 5.28739 5.89638 5.879 5.53138 5.13207 4.56045 3.5326 2.24336 0.210039 -1.30049 -0.35005 0.809617 0.944709 1.71686 3.96232 4.72759 3.63615 0.949677 2.5341 4.30143 4.26779 4.11132 3.93649 3.71232 3.51062 3.07685 1.92648 -1.5829 -2.27749 -3.65798 -3.50809 -4.21852 -2.68036 -3.25345 -1.67505 -0.992146 -0.735429 -2.19928 -1.88507 -0.173743 0.503803 0.387998 0.80191 1.19811 1.20615 1.21178 1.19497 1.19642 1.19198 1.17745 1.14967 1.12857 1.11136 1.0793 1.07987 0.944604 0.855713
-9999 -9999 -9999 -9999 -9999 -9999 -9999 -9999 -9999 -6.40874 -2.38355 1.85696 3.21497 4.57007 5.73848 5.75519 5.22746 4.72517 4.20798 3.62018 2.05774 0.5427 -0.903667 -1.3925 -1.10708 -1.12777 0.122896 3.04864 3.6124 3.36709 0.561013 -0.395062 1.96711 3.95128 4.10243 3.91624 1.56905 2.06125 0.791718 -0.927839 -1.406 -2.16231 -3.75293 -2.99642 -4.16242 -3.66998 -3.79628 -2.90189 -2.46704 -1.4018 -2.67837 -2.66804 -0.988548 -0.140566 -0.122415 0.766952 1.0812 1.15988 1.17549 1.18452 1.1818 1.18887 1.17344 1.15306 1.12857 1.07917 0.971274 0.660507 -1.03449 -1.0367
-9999 -9999 -9999 -9999 -9999 -9999 -9999 -9999 -9999 -5.94341 -3.15183 0.609985 3.39485 3.56462 4.91518 5.60922 5.03596 4.39123 3.73175 3.43997 1.74003 -0.126477 -1.63543 -3.42024 -3.13231 -1.85965 0.232404 2.12054 2.45495 2.0599 0.558323 1.26516 2.87424 3.72601 3.97313 3.76825 3.25224 2.95127 2.01475 1.60508 0.306868 -1.71918 -2.52091 -2.02311 -4.17272 -4.02804 -3.2399 -4.07397 -2.68875 -2.02721 -3.67562 -2.36832 -0.879848 -0.120526 0.54268 0.854414 0.97592 1.16402 1.16381 1.1742 1.17675 1.1673 1.16034 1.12212 1.08934 0.902769 0.631117 -0.953964 -1.60436 -1.47991
-9999 -9999 -9999 -9999 -9999 -9999 -9999 -9999 -9999 -5.46733 -2.95479 0.305985 2.28978 2.63995 4.13821 5.46961 5.31387 4.64331 4.43466 3.73999 2.29725 0.704461 -1.03574 -1.88457 -3.82845 -1.92537 -0.413566 1.18429 1.92948 0.69725 0.070382 1.16594 2.25493 2.68645 3.78601 3.76955 3.40317 1.84379 1.08007 1.39374 1.06195 0.485827 -0.910464 -0.978289 -1.87687 -2.25197 -2.60616 -3.7331 -3.01278 -2.94369 -2.75348 -1.18213 -0.409401 0.101624 0.565882 0.684637 0.883673 1.14287 1.16078 1.16448 1.15712 1.15556 1.12943 1.04751 0.977411 0.609022 -0.0377965 -1.23891 -3.16761 -1.80715
-9999 -9999 -9999 -9999 -9999 -9999 -9999 -9999 -9999 -5.8964 -3.22743 -0.441666 0.719642 0.91186 3.62817 5.28886 5.28534 4.96404 4.58983 2.88307 2.97656 2.63025 1.05965 -1.22519 -3.73386 -3.50482 -2.01073 0.0988302 0.794135 -1.2473 -1.97613 -1.44966 0.199405 1.67484 3.21554 3.60229 3.1423 0.7184 -1.85713 -0.671864 0.595066 0.581825 0.202241 -1.09281 -1.50775 -1.8836 -2.82918 -4.41765 -4.18426 -3.74503 -1.96415 -1.40475 -0.538446 0.180245 -0.0964639 0.0584571 0.745062 1.13666 1.14617 1.14744 1.15439 1.1389 1.10866 0.952431 0.787388 0.514979 -1.16117 -2.20558 -3.71659 -1.95567
-9999 -9999 -9999 -9999 -9999 -9999 -9999 -9999 -9999 -6.72415 -4.7891 -2.12698 -1.05771 0.651228 3.21765 4.47663 5.0767 5.0568 4.80512 4.03718 3.57289 2.66436 1.03049 -1.20119 -3.68114 -5.29767 -4.48508 -1.63623 -0.965485 -2.85072 -3.81667 -2.62705 -0.869619 1.73545 3.22115 3.4163 3.27502 2.77011 0.888003 -1.38459 -1.3831 -0.25251 -1.20947 -2.32055 -1.71807 -1.83583 -2.76964 -3.45 -3.8536 -3.60243 -2.58541 -2.16994 -1.16894 0.310355 0.518315 0.471435 1.09107 1.11703 1.12604 1.14376 1.13691 1.12487 1.09968 0.971222 0.691504 -0.426361 -1.40188 -2.7564 -2.92906 -1.35545
-9999 -9999 -9999 -9999 -9999 -9999 -9999 -9999 -9999 -8.14918 -5.87193 -3.37879 -1.0449 1.1627 3.06168 3.20241 4.20071 4.19275 4.71254 4.55496 3.84241 3.07596 1.66707 -1.19827 -3.60866 -6.23678 -5.55218 -2.64599 -2.26309 -3.5343 -5.87753 -3.47102 -0.816502 1.58868 2.88767 1.85762 2.90003 2.80738 2.09813 0.742705 -1.36115 -1.32747 -2.90531 -2.97933 -2.17738 -1.92052 -2.05998 -2.57196 -3.37682 -3.24023 -2.62271 -2.47032 -1.55108 -0.404817 0.715536 0.899542 1.10889 1.11262 1.11043 1.12207 1.11824 1.08858 1.0247 0.890767 -0.0473473 -1.16177 -1.85064 -2.79628 -2.91633 -1.11081
