Test_Spring_2018b/02_18/Temp/20180215_001.txt
ncols	170
nrows	115
xllcorner	350000.000000
yllcorner	4445000.000000
cellsize	1000.000000
nodata_value	-9999.000000
[rows 31 to 61 of 115, columns 70 to 139 of 170]
4.61198 5.17948 5.38855 4.99493 5.03474 5.9805 6.19347 6.18008 6.09609 6.00684 5.55844 5.40881 5.05563 4.43311 4.17251 3.06465 -0.518579 0.49619 0.893224 -0.145475 0.434801 1.37901 0.557077 -1.88244 -2.93318 -4.62569 -4.09255 -4.60049 -5.9631 -9999 -9999 -9999 -9999 -9999 -9999 -9999 -9999 -9999 -9999 -9999 -9999 -9999 -9999 -9999 -9999 -9999 -9999 -9999 -9999 -9999 -9999 -9999 -9999 -9999 -9999 -9999 -9999 -9999 -9999 -9999 -9999 -9999 -9999 -9999 -9999 -9999 -9999 -9999 -9999 -9999
4.71386 4.97369 4.95003 4.57095 5.15787 5.69835 5.37211 5.15512 6.04312 6.04361 5.74125 5.03032 4.76973 4.49947 4.33395 3.42164 0.861477 -1.44648 -0.209555 -0.180046 -1.03507 0.498699 -0.311201 -2.42427 -5.40732 -3.78544 -4.20714 -6.32238 -6.83983 -9999 -9999 -9999 -9999 -9999 -9999 -9999 -9999 -9999 -9999 -9999 -9999 -9999 -9999 -9999 -9999 -9999 -9999 -9999 -9999 -9999 -9999 -9999 -9999 -9999 -9999 -9999 -9999 -9999 -9999 -9999 -9999 -9999 -9999 -9999 -9999 -9999 -9999 -9999 -9999 -9999
3.99198 4.63924 4.44097 4.27834 5.15044 5.13268 5.0805 5.39718 5.94908 6.05951 5.94195 5.63218 5.36404 5.07874 4.35414 3.31049 1.11947 -1.50759 -2.1033 -0.817334 -0.755505 -0.548709 -1.2869 -2.21414 -3.66482 -2.47656 -2.01501 -3.40751 -5.22151 -6.38833 -9999 -9999 -9999 -9999 -9999 -9999 -9999 -9999 -9999 -9999 -9999 -9999 -9999 -9999 -9999 -9999 -9999 -9999 -9999 -9999 -9999 -9999 -9999 -9999 -9999 -9999 -9999 -9999 -9999 -9999 -9999 -9999 -9999 -9999 -9999 -9999 -9999 -9999 -9999 -9999
3.02397 4.13448 3.83388 2.98893 3.5147 3.90965 4.64267 4.83481 4.94495 5.98525 5.93082 5.88324 5.43985 5.08532 4.49751 3.49311 2.0629 0.340785 -2.65792 -0.808701 0.639306 0.602285 0.523027 -0.126665 -1.52049 -0.354358 -0.299633 -2.07414 -4.09027 -5.27958 -5.77155 -9999 -9999 -9999 -9999 -9999 -9999 -9999 -9999 -9999 -9999 -9999 -9999 -9999 -9999 -9999 -9999 -9999 -9999 -9999 -9999 -9999 -9999 -9999 -9999 -9999 -9999 -9999 -9999 -9999 -9999 -9999 -9999 -9999 -9999 -9999 -9999 -9999 -9999 -9999
-9999 3.43327 3.14382 2.11163 2.64064 3.34645 4.34293 4.86011 5.25445 5.56609 5.88388 5.84708 5.39334 4.05191 3.86071 3.803 2.86765 0.904299 -1.05656 -1.56452 0.64428 1.27642 1.14748 1.64058 0.459695 1.0175 0.788506 0.163305 -1.78057 -3.55192 -4.28554 -5.73506 -9999 -9999 -9999 -9999 -9999 -9999 -9999 -9999 -9999 -9999 -9999 -9999 -9999 -9999 -9999 -9999 -9999 -9999 -9999 -9999 -9999 -9999 -9999 -9999 -9999 -9999 -9999 -9999 -9999 -9999 -9999 -9999 -9999 -9999 -9999 -9999 -9999 -9999
-9999 -9999 -9999 -9999 1.461 2.42225 3.21769 4.19328 5.03481 5.45657 5.86627 5.83412 4.92663 4.483 4.44466 3.83199 2.75215 2.0744 0.839784 -0.446634 0.0445804 1.928 1.08984 2.42402 2.31072 2.55553 1.66299 -0.02094 -2.28109 -3.59725 -4.25374 -5.42852 -9999 -9999 -9999 -9999 -9999 -9999 -9999 -9999 -9999 -9999 -9999 -9999 -9999 -9999 -9999 -9999 -9999 -9999 -9999 -9999 -9999 -9999 -9999 -9999 -9999 -9999 -9999 -9999 -9999 -9999 -9999 -9999 -9999 -9999 -9999 -9999 -9999 -9999
-9999 -9999 -9999 -9999 -9999 2.24452 2.85086 4.15289 4.82878 5.10293 5.76335 5.76572 5.42248 5.16342 4.78703 4.29507 3.48357 2.58806 1.42683 1.31921 2.52387 2.53839 2.28622 2.48355 3.10203 2.93821 1.56035 -0.819273 -2.07907 -4.64001 -5.73665 -5.62479 -6.40215 -9999 -9999 -9999 -9999 -9999 -9999 -9999 -9999 -9999 -9999 -9999 -9999 -3.42229 -9999 -9999 -9999 -9999 -9999 -9999 -9999 -9999 -9999 -9999 -9999 -9999 -9999 -9999 -9999 -9999 -9999 -9999 -9999 -9999 -8.06853 -9999 -9999 -9999
-9999 -9999 -9999 -9999 2.12449 2.93619 3.56989 4.38664 4.46852 4.9564 5.71577 5.72786 5.48478 5.20981 4.5905 4.43731 3.97547 3.00315 2.80413 3.19803 3.37921 3.58451 3.71067 3.60723 3.35579 3.03097 2.14599 1.04013 0.297766 -2.04339 -3.2246 -4.35642 -6.06912 -7.40898 -9999 -9999 -9999 -9999 -9999 -9999 -9999 -4.32269 -4.38525 -4.35363 -3.9767 -2.93838 -3.54597 -9999 -9999 -9999 -9999 -9999 -9999 -9999 -9999 -9999 -9999 -9999 -9999 -9999 -9999 -9999 -9999 -9999 -9999 -9999 -7.1303 -8.47787 -9999 -9999
-9999 -9999 -9999 -9999 2.34082 3.19685 3.62518 4.41875 4.87351 5.17457 5.43875 5.69115 5.65001 5.34572 4.88218 4.88564 4.24619 3.90131 3.65487 4.18765 4.29257 4.07812 3.80919 3.57123 2.89953 2.82106 2.60746 1.90527 0.752982 -0.434397 -2.14948 -4.47455 -6.75465 -8.59379 -9999 -9999 -9999 -9999 -9999 -9999 -4.13318 -3.27085 -2.7536 -3.84917 -2.91028 -2.0518 -2.18661 -3.00893 -9999 -9999 -9999 -9999 -9999 -9999 -9999 -9999 -9999 -9999 -9999 -9999 -9999 -9999 -0.736846 -2.11918 -4.91155 -6.34264 -7.20088 -8.42617 -9999 -9999
-9999 -9999 -9999 -9999 2.16847 3.17953 3.86516 4.47406 4.57313 5.19942 5.47279 5.60909 5.5944 5.53488 5.4501 4.89229 4.65239 3.8085 4.61571 4.58474 4.37985 3.57022 3.21878 1.829 1.21691 1.08466 2.25204 1.38808 -0.41508 -2.66904 -5.37529 -5.55497 -6.45135 -8.09528 -9999 -9999 -9999 -9999 -9999 -9999 -3.86952 -2.94712 -2.17676 -2.06307 -3.15155 -1.62718 -1.6776 -2.52643 -2.71675 -2.01551 -1.65847 -1.91726 -1.08178 -0.834923 -1.20858 -0.793714 -9999 -9999 -9999 -9999 -0.543119 -0.487244 -0.445236 -1.02143 -4.07222 -6.15569 -8.02635 -8.1971 -9999 -9999
-9999 -9999 -9999 -9999 2.8643 3.48773 3.8042 3.85745 4.40447 4.95261 5.28983 5.5357 5.48782 5.46899 5.44866 5.25823 4.81477 4.89459 4.85839 4.59896 3.05833 1.26007 2.04266 0.974655 -1.30853 0.549966 1.56886 0.589878 -1.59513 -4.12866 -4.95672 -4.92545 -6.172 -7.77669 -9999 -9999 -9999 -6.3939 -5.07443 -4.95885 -4.56892 -3.33902 -2.40283 -1.6952 -1.21327 -1.22445 -1.72319 -2.55299 -3.45508 -3.12886 -1.49647 -1.09576 -0.757309 -0.501194 -0.847577 -0.662017 -0.224553 0.00200564 0.0486628 -0.0532727 -0.0765919 -0.0412254 -0.0936202 -0.631531 -3.36083 -4.92268 -5.91883 -7.91546 -9999 -9999
-9999 -9999 -9999 -9999 2.47261 3.01516 3.45515 4.18233 4.26168 4.72396 5.00073 5.4085 5.45573 4.98222 5.37546 5.32535 5.25223 5.0965 4.86806 3.56746 1.77489 -0.0222614 -0.852557 -0.4984 -1.87358 -1.16596 -0.133627 -0.511158 -1.85338 -4.11064 -4.42951 -4.95372 -7.05171 -9.06937 -9999 -9999 -8.95553 -6.42464 -4.64223 -3.7223 -3.4365 -3.40778 -2.22852 -2.13407 -0.86399 -1.15698 -2.82638 -2.63428 -3.28034 -2.85373 -2.25077 -2.08306 -1.21877 -0.390152 -0.230994 -0.224713 0.0547108 0.113306 0.129006 0.122253 -0.0657626 0.0198463 0.0324184 -0.303351 -2.28102 -3.2454 -4.30576 -7.88783 -9999 -9999
-9999 -9999 -9999 -9999 2.74624 3.3526 4.01653 4.12616 4.61879 4.56992 4.43463 5.12013 5.37198 5.03813 4.79782 5.24297 5.21234 5.15313 5.05538 3.83302 2.41835 0.277044 -1.054 -1.8669 -2.44568 -3.21675 -2.6872 -2.85051 -3.06903 -2.81981 -3.44073 -4.67846 -5.90611 -8.20419 -9.44658 -9999 -8.82199 -7.67991 -5.56022 -3.75843 -2.61404 -3.02377 -1.68294 -1.43241 -0.656589 -1.10705 -2.11768 -2.54939 -2.58412 -2.71344 -1.80709 -1.19322 -0.759633 -0.469754 -0.111371 -0.0179221 0.0753766 0.115027 0.136689 0.157984 0.153154 0.145405 0.104523 -0.0223406 -0.932161 -1.8933 -3.97263 -7.76891 -9999 -9999
-9999 -9999 -9999 0.980597 2.67439 3.68995 4.08475 4.37047 4.62266 4.80591 4.99948 5.1782 5.3024 5.25163 4.36514 4.43816 4.59778 5.10124 5.06466 4.95331 4.17926 1.57385 0.673624 -0.644146 -2.3488 -3.05946 -2.70475 -1.30963 -1.37292 -2.29838 -3.32965 -4.75445 -5.66184 -7.07071 -9.7753 -9.53301 -8.31625 -7.41069 -5.97008 -3.76784 -2.22348 -1.53341 -1.27149 -0.726298 -0.441405 -1.05791 -1.6422 -1.88652 -2.34269 -2.40278 -2.39426 -1.84438 -1.41347 -0.460389 -0.138632 0.00850078 0.0851601 0.126812 0.156828 0.185676 0.195241 0.176262 0.176156 0.167631 0.101215 -1.1802 -4.38366 -6.79391 -9999 -9999
-9999 -9999 -9999 -9999 2.35924 2.80739 2.92665 3.13347 3.55409 4.03859 4.72516 4.81537 5.19345 5.19295 4.42935 3.54671 4.31626 4.62159 4.93772 4.94621 4.84542 2.65515 1.50879 0.605877 -1.02882 -0.438843 0.119663 0.161124 -0.177518 -2.1608 -4.13605 -6.41306 -8.54089 -8.64388 -9.7896 -9.18568 -8.3822 -6.31811 -4.86526 -4.27568 -3.85167 -1.61211 -1.0279 -0.82418 -0.248015 -1.02567 -1.21577 -1.79798 -1.61816 -1.66408 -1.65514 -3.27623 -1.63794 -1.53654 -0.469032 0.014486 0.124321 0.155648 0.188104 0.19338 0.199115 0.193324 0.202898 0.186538 0.169139 -0.663605 -4.72782 -6.7647 -9999 -9999
-9999 -9999 -9999 -9999 -9999 -9999 2.50396 2.8468 3.06767 3.44775 4.60735 4.92113 5.13014 5.14956 4.80991 3.93619 3.70616 3.86616 3.01236 3.7248 4.70013 4.67425 4.55415 2.62864 1.64493 2.59661 2.30581 0.858527 -0.280698 -1.40508 -3.71752 -5.4103 -7.84881 -9.6803 -9.75059 -7.73206 -6.05576 -3.96716 -3.04544 -3.56971 -3.00053 -1.88673 -0.621661 -0.00816658 -0.148684 -0.968424 -1.07587 -1.97604 -1.08043 -0.998375 -1.40631 -1.75813 -1.60886 -1.07781 -0.872628 -0.0371323 0.167183 0.205018 0.212367 0.215964 0.211876 0.206106 0.195534 0.185979 0.173843 0.136336 -4.04129 -7.288 -9999 -9999
-9999 -9999 -9999 -9999 -9999 -9999 1.69974 1.90982 2.45715 3.85793 4.59313 4.89125 4.88346 5.02201 4.78293 4.01438 3.22492 2.47989 1.51873 2.0672 3.51931 4.37462 4.47035 2.78222 3.66012 3.33032 2.68147 0.78898 -0.606002 -1.34609 -3.5662 -5.46682 -7.08964 -9.32978 -8.37358 -7.32018 -5.96655 -3.688 -2.15028 -1.51799 -2.04722 -1.33476 0.120714 0.13189 -0.659141 -0.603179 -1.07929 -2.31119 -1.01687 -0.648197 -0.93425 -0.852333 -0.954374 -0.753331 -0.392058 -0.0470456 0.182742 0.215292 0.219762 0.212367 0.211322 0.211346 0.194331 0.194795 0.18269 0.161577 -2.53459 -7.3506 -9999 -9999
-9999 -9999 -9999 -9999 -9999 -9999 -9999 0.970919 2.21591 4.07436 4.53807 4.49854 4.88385 4.91872 4.55096 4.23139 3.27297 1.9629 -0.553916 0.0862589 1.42285 3.35047 4.36266 4.22413 3.66036 2.67935 0.307388 -1.76855 -2.02162 -2.36239 -3.98291 -5.44673 -7.25075 -6.20771 -5.06492 -3.8144 -3.15767 -3.32905 -2.01146 -0.936718 -1.39178 -0.518159 0.501395 0.0433082 -0.225668 -0.450172 -1.0016 -1.02953 -0.964936 -0.226977 -0.726818 -0.40943 -0.394573 -0.406692 -0.22854 -0.0249837 0.187735 0.223941 0.225206 0.228604 0.203588 0.211293 0.198373 0.185853 0.174772 0.156798 -0.0862257 -2.67853 -4.22729 -9999
-9999 -9999 -9999 -9999 -9999 -9999 -9999 -0.176537 0.445802 2.64616 3.32777 4.30108 4.81867 4.84417 4.2223 3.8758 2.4476 1.98413 -0.343953 -1.39849 -0.505218 -0.848907 1.80581 4.15472 3.64353 -1.10234 -2.82198 -4.04881 -3.73498 -3.73301 -4.1848 -6.67638 -7.36438 -5.13488 -3.73146 -2.64422 -1.81949 -1.64795 -1.67654 0.00439707 0.228663 0.776373 0.660103 0.713819 -0.130777 -0.651366 -0.184785 -0.707859 -0.792029 -0.0298953 -0.767842 -0.0883018 -0.160734 -0.35742 -0.363257 0.0841054 0.176775 0.225903 0.229618 0.212095 0.1891 0.175681 0.189374 0.182272 0.157727 0.159612 0.136777 -0.168097 -1.50863 -1.97447
-9999 -9999 -9999 -9999 -9999 -9999 -9999 -9999 -1.60532 1.45136 2.84945 3.5848 4.61896 4.74506 4.41502 3.81491 2.35995 1.08012 -1.00103 -3.37811 -4.6375 -0.871311 2.40631 4.11629 3.89203 -0.058558 -1.61827 -1.69146 -0.774303 -1.54982 -2.1382 -4.03153 -4.59839 -5.38586 -4.90224 -3.38619 -2.14746 -0.952926 -0.0841497 -0.0128255 0.552098 0.877501 0.906408 1.01089 0.914844 0.83779 0.0270649 0.598468 0.124708 0.385701 0.228052 0.0862455 -0.0341317 -0.49727 -0.161722 0.135136 0.213459 0.238659 0.221396 0.217085 0.204054 0.175765 0.163209 0.161086 0.158556 0.144354 0.145588 0.135177 -0.0122545 -0.816969
-9999 -9999 -9999 -9999 -9999 -9999 -9999 -9999 -3.1329 -0.0913649 1.37574 3.26288 4.23577 4.62992 4.57899 4.09279 2.98734 1.32293 -0.0639376 -2.71743 -5.47289 -1.52008 2.00209 3.90177 4.00134 0.683594 1.60299 0.85855 1.15789 -0.204332 -0.770624 -1.21765 -2.1961 -3.26598 -4.43623 -5.05461 -2.27376 -0.845965 0.30335 0.845708 1.15304 1.30756 1.22825 1.02138 -0.210487 0.735432 0.692899 0.604575 0.502788 0.456669 0.365113 0.256076 0.194967 0.175819 -0.130874 0.225596 0.220184 0.226015 0.228044 0.218652 0.200565 0.184535 0.164963 0.166771 0.1542 0.143008 0.13617 0.136171 0.129246 0.0883507
-9999 -9999 -9999 -9999 -9999 -9999 -9999 -9999 -7.40543 -2.98185 0.575861 2.43321 3.94379 4.35992 4.51578 3.86317 3.37492 2.18182 1.05172 -0.691829 -3.30336 -4.9118 -1.95265 2.34973 3.93619 3.81389 3.71394 2.85343 2.07793 1.97949 2.03716 1.13558 -0.17893 -1.89703 -2.43204 -3.03498 -0.96386 -0.683416 -0.835038 1.44338 1.44935 1.32122 0.451552 -0.520549 -0.331841 -0.933224 -0.463085 -1.17821 -0.510835 0.0669242 0.286151 0.27379 0.204204 0.200152 0.169597 0.234445 0.235146 0.226316 0.219178 0.215046 0.206126 0.179127 0.163653 0.173047 0.157976 0.145742 0.132377 0.135121 0.133078 0.103488
-9999 -9999 -9999 -9999 -9999 -9999 -9999 -9999 -7.21602 -3.49425 -0.338392 1.55344 3.37356 3.79651 4.41102 4.27895 3.76746 2.73032 1.43434 -0.000700533 -2.24124 -3.90683 -1.92781 0.928051 2.97299 3.70824 3.70102 3.65115 3.45608 3.37585 3.14883 2.98781 2.04448 0.423762 -0.493832 -1.83613 0.472253 0.73075 0.369243 1.52185 1.46463 -0.277046 -1.61533 -1.77996 -0.958147 -1.73201 -1.86121 -2.34281 -1.79093 -0.319853 -0.742168 -0.652725 0.018107 0.13158 0.206272 0.227465 0.2245 0.222396 0.211661 0.213533 0.215091 0.188843 0.176654 0.170796 0.145976 0.145666 0.129932 0.122075 0.110421 0.0957953
-9999 -9999 -9999 -9999 -9999 -9999 -9999 -9999 -7.14167 -4.63876 -1.79886 0.986464 2.92992 3.71421 4.28523 4.2794 3.68473 3.16905 2.35645 1.09387 0.227471 -1.27622 -3.33964 0.117049 1.17598 2.12436 2.52275 3.50843 3.48355 3.03079 2.50615 2.99222 2.85067 1.56592 1.14279 0.429134 1.71272 1.71517 1.67924 1.61045 0.13859 -1.90697 -3.54124 -2.36191 -2.60521 -2.05991 -3.72671 -2.3438 -1.23039 -0.865938 -1.61742 -2.17205 -0.43765 -0.145704 0.0273851 0.138737 0.212118 0.196009 0.214456 0.204756 0.199944 0.194548 0.179955 0.171387 0.157066 0.142771 0.133553 0.12768 0.110847 0.0952936
-9999 -9999 -9999 -9999 -9999 -9999 -9999 -9999 -9999 -6.1166 -2.51961 0.694099 2.48352 3.60893 4.15723 4.14736 3.84314 3.49275 2.98858 2.07744 0.932935 -0.875231 -2.21783 -1.36719 -0.329757 -0.210419 0.479897 2.4833 3.16718 2.19602 -0.203465 1.21502 2.79336 2.76674 2.63107 2.47954 2.28546 2.11113 1.73049 0.71163 -2.40956 -3.02233 -4.24533 -4.10407 -4.72972 -3.35272 -3.85821 -2.44449 -1.82934 -1.59444 -2.89357 -2.61168 -1.07385 -0.464617 -0.562664 -0.1885 0.164971 0.178091 0.18938 0.181028 0.189344 0.192779 0.187526 0.176225 0.165856 0.158927 0.136873 0.145042 0.0319197 -0.0403771
-9999 -9999 -9999 -9999 -9999 -9999 -9999 -9999 -9999 -6.83872 -3.24663 0.537779 1.75315 2.96623 4.0131 4.03349 3.5686 3.12629 2.67055 2.15163 0.763627 -0.582448 -1.86766 -2.29971 -2.04193 -2.06043 -0.943091 1.66723 2.17203 1.95565 -0.546443 -1.39549 0.713548 2.48596 2.62483 2.46342 0.376209 0.820467 -0.305178 -1.83152 -2.25091 -2.91794 -4.32845 -3.64668 -4.6786 -4.23232 -4.34142 -3.53743 -3.14334 -2.18763 -3.31967 -3.30847 -1.79824 -1.03677 -1.01508 -0.216787 0.0689915 0.145048 0.165218 0.179943 0.184623 0.198446 0.19256 0.182505 0.168915 0.133104 0.0450089 -0.225798 -1.72979 -1.72478
-9999 -9999 -9999 -9999 -9999 -9999 -9999 -9999 -9999 -6.42787 -3.9352 -0.57735 1.90995 2.06644 3.27562 3.89969 3.39413 2.82479 2.24217 1.98712 0.476619 -1.18262 -2.52342 -4.1104 -3.85005 -2.71216 -0.847578 0.838321 1.13919 0.789847 -0.548882 0.084845 1.52303 2.28642 2.51116 2.33335 1.87859 1.61592 0.787137 0.428352 -0.722139 -2.52114 -3.22864 -2.77764 -4.68649 -4.55031 -3.84071 -4.58129 -3.34 -2.74403 -4.20734 -3.03199 -1.69912 -1.01635 -0.419334 -0.135606 -0.0213392 0.152493 0.158734 0.174771 0.184164 0.183195 0.184731 0.158605 0.137437 -0.0208161 -0.255025 -1.66022 -2.23485 -2.11688
-9999 -9999 -9999 -9999 -9999 -9999 -9999 -9999 -9999 -6.0077 -3.76355 -0.852192 0.921121 1.23843 2.57925 3.77142 3.63798 3.0456 2.86484 2.25071 0.969562 -0.445533 -1.99226 -2.74465 -4.47337 -2.77316 -1.42543 0.00216416 0.669666 -0.429126 -0.98393 -0.0032564 0.971737 1.3609 2.34579 2.33619 2.015 0.63072 -0.0439939 0.241964 -0.047152 -0.553837 -1.79144 -1.84477 -2.63859 -2.96583 -3.27452 -4.2763 -3.62762 -3.55962 -3.37644 -1.97243 -1.27726 -0.815489 -0.39548 -0.283445 -0.0997732 0.137673 0.16026 0.170425 0.171005 0.177028 0.161366 0.096135 0.0415389 -0.278947 -0.847699 -1.9107 -3.62492 -2.40513
-9999 -9999 -9999 -9999 -9999 -9999 -9999 -9999 -9999 -6.39457 -4.0108 -1.52272 -0.482478 -0.305926 2.12066 3.60635 3.6086 3.32755 2.99927 1.48305 1.5714 1.26757 -0.127753 -2.15992 -4.39177 -4.18343 -2.85131 -0.966988 -0.343524 -2.16308 -2.80834 -2.33454 -0.859923 0.46011 1.83854 2.1886 1.78415 -0.370627 -2.66029 -1.5974 -0.461492 -0.466511 -0.797937 -1.9453 -2.30809 -2.63604 -3.4719 -4.88378 -4.67042 -4.27234 -2.67388 -2.16843 -1.38954 -0.742344 -0.982487 -0.837892 -0.219317 0.136393 0.151667 0.159783 0.173149 0.166713 0.147297 0.0157018 -0.123675 -0.358745 -1.84513 -2.7685 -4.10946 -2.53364
-9999 -9999 -9999 -9999 -9999 -9999 -9999 -9999 -9999 -7.13697 -5.40722 -3.02923 -2.07094 -0.542357 1.75066 2.8783 3.41862 3.40628 3.18729 2.50803 2.09935 1.29453 -0.156966 -2.14148 -4.34743 -5.78387 -5.05514 -2.51519 -1.90996 -3.593 -4.44925 -3.38395 -1.81239 0.514891 1.84457 2.02409 1.90392 1.45983 -0.211654 -2.23101 -2.2231 -1.20857 -2.05472 -3.03815 -2.49408 -2.592 -3.41733 -4.01679 -4.37407 -4.13599 -3.2253 -2.84789 -1.94864 -0.623128 -0.430917 -0.465886 0.0932793 0.123309 0.138318 0.161202 0.162313 0.158926 0.143926 0.0369697 -0.204756 -1.19357 -2.05551 -3.25534 -3.40178 -1.99437
-9999 -9999 -9999 -9999 -9999 -9999 -9999 -9999 -9999 -8.41187 -6.37693 -4.14944 -2.06381 -0.0906561 1.60747 1.73838 2.63373 2.63212 3.10091 2.96585 2.33603 1.65806 0.407325 -2.14177 -4.28545 -6.6233 -6.00833 -3.41696 -3.07498 -4.20306 -6.28665 -4.13631 -1.76478 0.384623 1.54814 0.635752 1.57089 1.49442 0.868492 -0.333266 -2.20201 -2.16526 -3.56488 -3.62392 -2.90206 -2.66603 -2.78325 -3.23251 -3.9463 -3.81114 -3.25608 -3.1129 -2.28623 -1.25726 -0.25143 -0.0802789 0.113445 0.1239 0.129093 0.146666 0.150514 0.131389 0.0818332 -0.0301047 -0.858827 -1.84467 -2.45117 -3.28655 -3.38603 -1.77144
