Test_Spring_2018b/02_18/Temp/20180209_008.txt
ncols	170
nrows	115
xllcorner	350000.000000
yllcorner	4445000.000000
cellsize	1000.000000
nodata_value	-9999.000000
[rows 32 to 63 of 115, columns 72 to 143 of 170]
8.78025 8.49665 8.93898 9.3464 9.09743 8.9306 9.59853 9.59996 9.3739 8.84091 8.64643 8.44474 8.32177 7.63754 5.71482 3.9815 4.91207 4.93503 4.29304 5.44605 4.83754 3.24948 1.00743 2.22593 1.90855 0.316356 -0.0796269 -9999 -9999 -9999 -9999 -9999 -9999 -9999 -9999 -9999 -9999 -9999 -9999 -9999 -9999 -9999 -9999 -9999 -9999 -9999 -9999 -9999 -9999 -9999 -9999 -9999 -9999 -9999 -9999 -9999 -9999 -9999 -9999 -9999 -9999 -9999 -9999 -9999 -9999 -9999 -9999 -9999 -9999 -9999 -9999 -9999
8.39602 8.2752 8.93194 8.91989 8.87752 9.11117 9.5263 9.61028 9.52299 9.29134 9.09104 8.87789 8.33462 7.55157 5.9062 3.93307 3.48641 4.45374 4.50095 4.65693 4.10258 3.40597 2.31584 3.20878 3.55549 2.50795 1.13648 0.253394 -9999 -9999 -9999 -9999 -9999 -9999 -9999 -9999 -9999 -9999 -9999 -9999 -9999 -9999 -9999 -9999 -9999 -9999 -9999 -9999 -9999 -9999 -9999 -9999 -9999 -9999 -9999 -9999 -9999 -9999 -9999 -9999 -9999 -9999 -9999 -9999 -9999 -9999 -9999 -9999 -9999 -9999 -9999 -9999
7.93821 7.3047 7.70123 7.99937 8.54292 8.68652 8.77015 9.55284 9.51287 9.47812 9.14597 8.88066 8.44007 7.68642 6.61278 5.31974 3.06726 4.458 5.54712 5.52008 5.46117 4.97341 3.92628 4.80287 4.8441 3.50348 1.98039 1.08669 0.717128 -9999 -9999 -9999 -9999 -9999 -9999 -9999 -9999 -9999 -9999 -9999 -9999 -9999 -9999 -9999 -9999 -9999 -9999 -9999 -9999 -9999 -9999 -9999 -9999 -9999 -9999 -9999 -9999 -9999 -9999 -9999 -9999 -9999 -9999 -9999 -9999 -9999 -9999 -9999 -9999 -9999 -9999 -9999
7.41817 6.64401 7.043 7.57475 8.3201 8.7054 9.00125 9.23624 9.47588 9.44909 9.10901 8.10189 7.95926 7.917 7.21523 5.74093 4.2685 3.8879 5.54895 6.02501 5.92899 6.3003 5.41345 5.83311 5.66134 5.18498 3.71829 2.38509 1.83404 0.745077 -9999 -9999 -9999 -9999 -9999 -9999 -9999 -9999 -9999 -9999 -9999 -9999 -9999 -9999 -9999 -9999 -9999 -9999 -9999 -9999 -9999 -9999 -9999 -9999 -9999 -9999 -9999 -9999 -9999 -9999 -9999 -9999 -9999 -9999 -9999 -9999 -9999 -9999 -9999 -9999 -9999 -9999
-9999 -9999 6.15526 6.87454 7.47259 8.20317 8.83482 9.15243 9.461 9.43754 8.75633 8.42379 8.39594 7.93657 7.12621 6.6181 5.69155 4.72609 5.09652 6.51315 5.88436 6.88799 6.80366 6.9883 6.31805 5.04027 3.34222 2.35108 1.85808 0.975643 -9999 -9999 -9999 -9999 -9999 -9999 -9999 -9999 -9999 -9999 -9999 -9999 -9999 -9999 -9999 -9999 -9999 -9999 -9999 -9999 -9999 -9999 -9999 -9999 -9999 -9999 -9999 -9999 -9999 -9999 -9999 -9999 -9999 -9999 -9999 -9999 -9999 -9999 -9999 -9999 -9999 -9999
-9999 -9999 -9999 6.74004 7.19577 8.17494 8.67875 8.88528 9.3821 9.38443 9.12711 8.93315 8.65116 8.28247 7.67378 7.00209 6.1308 6.05138 6.95817 6.97051 6.78232 6.9318 7.39761 7.27533 6.23425 4.44032 3.49382 1.56754 0.743798 0.828316 0.244665 -9999 -9999 -9999 -9999 -9999 -9999 -9999 -9999 -9999 -9999 -9999 -9999 2.49771 -9999 -9999 -9999 -9999 -9999 -9999 -9999 -9999 -9999 -9999 -9999 -9999 -9999 -9999 -9999 -9999 -9999 -9999 -9999 -9999 -0.988369 -9999 -9999 -9999 -9999 -9999 -9999 -9999
-9999 -9999 6.65198 7.25828 7.73521 8.34953 8.40867 8.77393 9.34493 9.35439 9.17218 8.96615 8.50151 8.38737 8.04148 7.31215 7.16411 7.46177 7.59959 7.75552 7.85187 7.77552 7.58774 7.34461 6.66856 5.83787 5.28024 3.52159 2.63185 1.78172 0.495141 -0.511125 -9999 -9999 -9999 -9999 -9999 -9999 -9999 1.81755 1.77172 1.79651 2.08062 2.86155 2.40533 -9999 -9999 -9999 -9999 -9999 -9999 -9999 -9999 -9999 -9999 -9999 -9999 -9999 -9999 -9999 -9999 -9999 -9999 -9999 -0.285786 -1.29698 -9999 -9999 -9999 -9999 -9999 -9999
-9999 -9999 6.80951 7.45363 7.77608 8.37279 8.71471 8.93684 9.13549 9.32536 9.29474 9.06655 8.7189 8.72246 8.24313 7.98542 7.80189 8.20411 8.28483 8.12552 7.92517 7.74792 7.24448 7.18661 7.0157 6.48837 5.62266 4.7305 3.44009 1.69319 -0.0198195 -1.40131 -9999 -9999 -9999 -9999 -9999 -9999 1.95929 2.60867 2.99858 2.17623 2.88256 3.52819 3.42703 2.79742 -9999 -9999 -9999 -9999 -9999 -9999 -9999 -9999 -9999 -9999 -9999 -9999 -9999 -9999 4.50816 3.47161 1.37536 0.302011 -0.341063 -1.26028 -9999 -9999 -9999 -9999 -9999 -9999
-9999 -9999 6.67986 7.44036 7.95601 8.41373 8.4881 8.95676 9.16001 9.26242 9.25151 9.20714 9.14407 8.72581 8.54679 7.91418 8.52265 8.50138 8.3495 7.74312 7.48097 6.43829 5.97979 5.87128 6.74914 6.10021 4.74531 3.05153 1.01534 0.881554 0.208397 -1.0264 -9999 -9999 -9999 -9999 -9999 -9999 2.15821 2.85279 3.43294 3.51934 2.70198 3.84787 3.79929 3.16065 3.01662 3.54243 3.80942 3.61049 4.23893 4.42353 4.14202 4.45342 -9999 -9999 -9999 -9999 4.6464 4.69058 4.72458 4.2941 2.00388 0.440452 -0.963319 -1.09329 -9999 -9999 -9999 -9999 -9999 -9999
-9999 -9999 7.20296 7.67201 7.91003 7.94995 8.3607 8.77033 9.02164 9.20377 9.16799 9.1543 9.13977 8.99773 8.66588 8.72759 8.70237 8.50954 7.35394 6.0047 6.59487 5.79617 4.07726 5.47024 6.23647 5.50104 3.85909 1.95513 1.3304 1.35507 0.418705 -0.787096 -9999 -9999 -9999 0.256968 1.25019 1.3387 1.63336 2.55914 3.26398 3.79687 4.15961 4.14608 3.76627 3.14153 2.46216 2.70566 3.93061 4.22987 4.48126 4.67238 4.41099 4.54812 4.87684 5.04756 5.08361 5.00851 4.99296 5.02188 4.9851 4.58355 2.53661 1.3654 0.618988 -0.885354 -9999 -9999 -9999 -9999 -9999 -9999
-9999 -9999 6.90665 7.31479 7.64554 8.19068 8.24987 8.59676 8.80248 9.10755 9.14312 8.78764 9.08389 9.04734 8.99389 8.8787 8.70915 7.73405 6.3893 5.04105 4.41927 4.68337 3.65136 4.17992 4.95624 4.67445 3.66476 1.96842 1.72882 1.33287 -0.242421 -1.75802 -9999 -9999 -1.66892 0.234706 1.57596 2.2691 2.48563 2.50879 3.39634 3.46829 4.42331 4.19862 2.93925 3.08225 2.5941 2.91255 3.36059 3.48452 4.12924 4.75219 4.87064 4.87462 5.08439 5.12878 5.14156 5.13807 4.9989 5.06579 5.07807 4.82867 3.34528 2.62317 1.82566 -0.86665 -9999 -9999 -9999 -9999 -9999 -9999
-9999 -9999 7.11008 7.56588 8.06471 8.14678 8.51653 8.48071 8.37661 8.89135 9.07973 8.82915 8.64927 8.98495 8.96351 8.92098 8.84981 7.93367 6.87308 5.26635 4.26837 3.65595 3.22244 2.63893 3.03731 2.91483 2.75073 2.93811 2.47265 1.54052 0.618384 -1.10714 -2.03984 -9999 -1.56768 -0.707635 0.887244 2.24326 3.10516 2.79892 3.80794 3.99717 4.57687 4.23793 3.47354 3.14427 3.11608 3.01659 3.69529 4.15272 4.47345 4.68942 4.95895 5.02821 5.09795 5.12804 5.14532 5.16301 5.16167 5.15861 5.13095 5.03878 4.35812 3.63609 2.07567 -0.777447 -9999 -9999 -9999 -9999 -9999 -9999
-9999 5.78605 7.05711 7.82024 8.11661 8.33081 8.51969 8.65671 8.79993 8.93477 9.02788 8.98946 8.32397 8.38005 8.50168 8.88212 8.85706 8.776 8.19698 6.24159 5.56468 4.57512 3.29535 2.75852 3.02541 4.07401 4.02648 3.33098 2.556 1.48355 0.802882 -0.255145 -2.28598 -2.10256 -1.18652 -0.504095 0.580587 2.2377 3.40031 3.92068 4.11893 4.52666 4.74073 4.27373 3.82969 3.64388 3.29856 3.25068 3.25422 3.66458 3.98316 4.69566 4.93582 5.04668 5.10381 5.13537 5.15897 5.18244 5.19209 5.18079 5.18399 5.18097 5.1323 4.17201 1.7644 -0.0470514 -9999 -9999 -9999 -9999 -9999 -9999
-9999 -9999 6.82143 7.15795 7.24707 7.40181 7.71712 8.0804 8.59407 8.66152 8.94562 8.94596 8.37255 7.7105 8.29059 8.52224 8.76234 8.77146 8.69851 7.05262 6.19297 5.51599 4.28873 4.72945 5.14939 5.1806 4.92605 3.4355 1.95105 0.238216 -1.36024 -1.43668 -2.29613 -1.84036 -1.23479 0.318411 1.41243 1.85773 2.17849 3.86341 4.30189 4.45325 4.88564 4.30001 4.15205 3.71197 3.84424 3.80664 3.81012 2.5886 3.81433 3.88804 4.68829 5.04926 5.13234 5.15614 5.18163 5.18751 5.19442 5.19321 5.20386 5.19367 5.18212 4.55868 1.50627 -0.0245406 -9999 -9999 -9999 -9999 -9999 -9999
-9999 -9999 -9999 -9999 6.93034 7.18719 7.35227 7.63702 8.50617 8.74164 8.89871 8.9137 8.65931 8.00407 7.83304 7.95555 7.31651 7.85449 8.58901 8.57165 8.48322 7.03768 6.29662 7.01218 6.79377 5.70608 4.84981 4.00469 2.26681 0.993096 -0.838807 -2.21419 -2.26565 -0.746987 0.515062 2.0868 2.78177 2.39009 2.82003 3.65676 4.60799 5.0689 4.96251 4.34503 4.25906 3.57974 4.24965 4.30793 3.99784 3.72993 3.83647 4.23289 4.38497 5.01143 5.16436 5.19309 5.19979 5.20449 5.20414 5.20307 5.19714 5.19292 5.18654 5.16071 2.02301 -0.417 -9999 -9999 -9999 -9999 -9999 -9999
-9999 -9999 -9999 -9999 6.32698 6.48398 6.89439 7.94619 8.49645 8.72021 8.71442 8.81903 8.64031 8.06417 7.47279 6.91521 6.19524 6.60982 7.70337 8.34819 8.4219 7.15468 7.81268 7.56511 7.07755 5.65523 4.60673 4.0504 2.3819 0.952061 -0.266782 -1.94922 -1.22917 -0.435743 0.583623 2.29835 3.45633 3.9337 3.53741 4.07393 5.16817 5.17633 4.58093 4.6214 4.25826 3.32944 4.29879 4.57227 4.35361 4.4115 4.3291 4.47743 4.74677 5.00461 5.1767 5.20148 5.20608 5.2026 5.2046 5.20726 5.1975 5.2008 5.19439 5.18081 3.15636 -0.463048 -9999 -9999 -9999 -9999 -9999 -9999
-9999 -9999 -9999 -9999 -9999 5.77947 6.71421 8.11002 8.45633 8.42646 8.7162 8.74301 8.46768 8.22904 7.51073 6.52851 4.6395 5.12296 6.12963 7.58025 8.34262 8.23988 7.81439 7.07738 5.29485 3.73466 3.54432 3.28812 2.07026 0.968741 -0.386219 0.398785 1.25911 2.20075 2.69643 2.56997 3.56255 4.37237 4.03202 4.68961 5.4562 5.11162 4.90846 4.73806 4.31825 4.29414 4.33925 4.89019 4.51081 4.74563 4.75108 4.73924 4.871 5.02258 5.18191 5.20949 5.21172 5.21638 5.20022 5.2089 5.20216 5.19561 5.18986 5.17853 4.99755 3.04923 1.88568 -9999 -9999 -9999 -9999 -9999
-9999 -9999 -9999 -9999 -9999 4.91832 5.38522 7.0381 7.54828 8.27972 8.66903 8.68892 8.22274 7.9638 6.89234 6.5464 4.79918 4.00898 4.68241 4.42601 6.42268 8.18923 7.80318 4.23679 2.94451 2.02246 2.25821 2.25964 1.92018 0.0463308 -0.469846 1.20687 2.26311 3.08207 3.704 3.8349 3.8159 5.08119 5.25144 5.66405 5.577 5.61701 4.98123 4.58829 4.9335 4.53731 4.47065 5.03982 4.48157 4.98866 4.92859 4.77816 4.77177 5.10669 5.17588 5.21324 5.21709 5.20611 5.19141 5.18413 5.19726 5.19464 5.17863 5.18208 5.16645 4.9371 3.92997 3.57972 3.97349 -9999 -9999 -9999
-9999 -9999 -9999 -9999 -9999 -9999 3.84514 6.14175 7.19048 7.74328 8.52097 8.61661 8.36845 7.91957 6.8284 5.86891 4.30719 2.52297 1.57857 4.41073 6.87545 8.16178 7.99123 5.02255 3.8505 3.7955 4.48476 3.90199 3.45998 2.03576 1.6107 1.02016 1.38519 2.52535 3.45814 4.35854 5.01384 5.0694 5.49535 5.74121 5.76323 5.84138 5.76817 5.7086 5.09392 5.52036 5.16107 5.3538 5.23185 5.12189 5.02594 4.67547 4.92582 5.14779 5.20631 5.22479 5.21345 5.21233 5.20501 5.18638 5.17961 5.18055 5.1809 5.1721 5.17443 5.16628 5.05577 4.45088 3.64015 2.61515 -9999 -9999
-9999 -9999 -9999 -9999 -9999 -9999 2.69856 4.984 6.08471 7.50329 8.23275 8.5299 8.49355 8.13027 7.30172 6.05314 5.0131 3.02106 0.95221 3.92488 6.57303 8.00188 8.07768 5.58152 6.27265 5.71331 5.93839 4.91483 4.48955 4.15226 3.41797 2.61524 1.73552 1.27178 3.36432 4.43988 5.30589 5.71534 5.94763 6.06448 6.00512 5.85005 4.92332 5.63264 5.59533 5.52619 5.44669 5.40888 5.33689 5.25186 5.20064 5.18411 4.95203 5.21763 5.21274 5.21814 5.22123 5.21619 5.2049 5.1953 5.18301 5.18536 5.17928 5.17257 5.16872 5.1683 5.1634 5.1326 4.97377 3.59641 2.77355 2.54396
-9999 -9999 -9999 -9999 -9999 -9999 -0.510917 2.81338 5.48178 6.87862 8.01428 8.32871 8.44777 7.95941 7.59465 6.70019 5.85302 4.54472 2.58395 1.37682 3.60254 6.83708 8.02994 7.93513 7.86032 7.21388 6.63135 6.55769 6.60147 5.92257 4.93265 3.64332 3.24119 2.79057 4.34957 4.56272 4.4509 6.16491 6.17065 6.07505 5.42157 4.69065 4.8313 4.37941 4.72748 4.18757 4.68641 5.11779 5.27972 5.2677 5.21032 5.20334 5.17931 5.22603 5.227 5.22135 5.21747 5.21624 5.21165 5.19359 5.18416 5.19325 5.18185 5.17382 5.16721 5.16878 5.16758 5.14537 5.12542 4.91572 4.59917 3.99279
-9999 -9999 -9999 -9999 -9999 -9999 -0.371236 2.42368 4.79619 6.2179 7.58725 7.90684 8.37058 8.27336 7.89107 7.11374 6.14182 5.06529 3.38326 2.13313 3.6218 5.76974 7.30757 7.85697 7.8518 7.81472 7.66855 7.60465 7.43485 7.31259 6.60524 5.38614 4.69879 3.69237 5.42949 5.62596 5.35625 6.22406 6.18224 4.87402 3.86842 3.74429 4.361 3.77792 3.6753 3.31347 3.72586 4.82896 4.5069 4.57177 5.07095 5.15486 5.2079 5.22377 5.22202 5.22139 5.21471 5.21782 5.22091 5.20319 5.196 5.19341 5.17633 5.175 5.16393 5.1572 5.15184 5.141 5.12298 5.06508 5.00038 5.07147
-9999 -9999 -9999 -9999 -9999 -9999 -0.317478 1.56472 3.69992 5.79306 7.25514 7.8463 8.27733 8.27494 7.83008 7.44456 6.83584 5.88884 5.23944 4.11096 2.56167 5.1607 5.95809 6.6676 6.96316 7.70434 7.68618 7.34661 6.95082 7.31749 7.20908 6.24552 5.92962 5.39546 6.36225 6.36612 6.34092 6.29072 5.1857 3.64909 2.42111 3.30712 3.12355 3.53204 2.27405 3.30919 4.14348 4.41492 3.85136 3.43258 4.7312 4.94659 5.07625 5.15998 5.21563 5.20444 5.21957 5.21383 5.21193 5.20966 5.20044 5.19561 5.18627 5.17669 5.16777 5.16253 5.15011 5.13303 5.13427 5.10578 5.09564 5.08593
-9999 -9999 -9999 -9999 -9999 -9999 -9999 0.451471 3.15442 5.57108 6.91759 7.76526 8.17933 8.17397 7.94738 7.68602 7.30895 6.6259 5.7673 4.40978 3.40201 4.04237 4.82333 4.90958 5.42892 6.93512 7.44977 6.72076 4.91544 5.97853 7.16638 7.14824 7.04827 6.93642 6.79315 6.66399 6.3796 5.61529 3.27072 2.81007 1.8911 1.99696 1.52605 2.55948 2.17409 3.23454 3.69477 3.86924 2.89099 3.09734 4.24834 4.70561 4.63178 4.91324 5.18291 5.19364 5.20328 5.1984 5.20618 5.21034 5.20794 5.19701 5.19021 5.18577 5.16619 5.17145 5.0866 5.0324 4.92007 5.06494 5.08124 5.08959
-9999 -9999 -9999 -9999 -9999 -9999 -9999 -0.0921383 2.60867 5.45424 6.36932 7.28282 8.0715 8.08881 7.7414 7.41091 7.07021 6.68191 5.64035 4.63017 3.66561 3.34214 3.53701 3.51999 4.36044 6.32293 6.70317 6.54152 4.65425 4.01766 5.60427 6.93804 7.04425 6.92483 5.35808 5.69365 4.84922 3.7034 3.38916 2.88846 1.82865 2.34085 1.56482 1.89935 1.81162 2.4142 2.70865 3.42518 2.57284 2.5759 3.70601 4.27781 4.29402 4.89423 5.10961 5.16765 5.1839 5.1962 5.20101 5.21268 5.20946 5.20299 5.19371 5.16756 5.10195 4.89484 3.76371 3.76778 4.08194 4.37947 4.91772 5.07051
-9999 -9999 -9999 -9999 -9999 -9999 -9999 0.216989 2.09162 4.61662 6.48755 6.60696 7.51756 7.98848 7.61046 7.18445 6.74839 6.55842 5.42484 4.17939 3.17317 1.98187 2.17882 3.03522 4.43308 5.70103 5.92816 5.66674 4.65333 5.13107 6.21349 6.78889 6.95952 6.82764 6.48756 6.29174 5.6703 5.40185 4.53814 3.18676 2.65535 2.99424 1.55935 1.66105 2.19345 1.63076 2.56221 3.0087 1.90768 2.78136 3.78238 4.29514 4.74377 4.95727 5.0437 5.17512 5.18079 5.19394 5.20215 5.20258 5.20483 5.18621 5.17119 5.05302 4.87764 3.82212 3.38515 3.47425 3.96598 4.39696 4.84637 5.03257
-9999 -9999 -9999 -9999 -9999 -9999 -9999 0.532941 2.22083 4.41029 5.74462 5.98484 6.99433 7.89213 7.79372 7.35038 7.21633 6.75653 5.79538 4.7335 3.57264 3.00868 1.71096 2.99012 3.99961 5.07361 5.57643 4.74281 4.32727 5.06576 5.80006 6.09416 6.83599 6.83041 6.59062 5.55178 5.04604 5.26206 5.04567 4.66551 3.73578 3.69576 3.09898 2.8526 2.61995 1.86104 2.34738 2.39734 2.52921 3.57921 4.10111 4.44786 4.7635 4.84796 4.98649 5.16565 5.18349 5.19212 5.19359 5.19917 5.18842 5.14035 5.10018 4.8601 4.43333 3.63504 2.34141 3.25867 4.21777 4.50522 4.78515 4.93224
-9999 -9999 -9999 -9999 -9999 -9999 -9999 0.24223 2.03507 3.90642 4.68981 4.82421 6.64962 7.76796 7.7715 7.56213 7.31723 6.17954 6.24768 6.02103 4.97407 3.44847 1.77279 1.93094 2.92902 4.3462 4.81607 3.44055 2.95708 3.31467 4.42445 5.41808 6.4556 6.72025 6.41781 4.79986 3.0804 3.88026 4.73479 4.73166 4.48298 3.62087 3.34812 3.10134 2.47267 1.40681 1.56501 1.86322 3.05416 3.43335 4.01824 4.5044 4.32393 4.43284 4.89816 5.16612 5.17839 5.18538 5.19638 5.19251 5.17888 5.0809 4.97701 4.80112 3.68477 2.99146 1.983 3.16303 3.8176 4.16598 4.78942 4.94006
-9999 -9999 -9999 -9999 -9999 -9999 -9999 -0.315799 0.985533 2.77413 3.4959 4.64634 6.37133 7.22056 7.62846 7.62104 7.45831 6.94967 6.64436 6.04132 4.95227 3.46263 1.80656 0.728769 1.27815 3.18358 3.63427 2.36679 1.72484 2.52699 3.70963 5.46022 6.46108 6.59753 6.50868 6.17631 4.92138 3.40486 3.41168 4.17477 3.5393 2.80044 3.20929 3.13548 2.51482 2.06376 1.78902 1.96195 2.641 2.92404 3.59942 4.59536 4.7398 4.71373 5.13436 5.1575 5.1695 5.18752 5.18924 5.18762 5.17727 5.09779 4.91698 4.17466 3.52762 2.62659 2.51715 3.56916 4.0297 4.45767 4.76475 4.86653
-9999 -9999 -9999 -9999 -9999 -9999 -9999 -1.27412 0.256568 1.93203 3.50097 4.98547 6.26336 6.36351 7.03822 7.03887 7.39307 7.29348 6.82208 6.31449 5.37645 3.46266 1.85353 0.0984685 0.562494 2.50715 2.75542 1.90924 0.344995 1.96263 3.7465 5.36342 6.23941 5.55526 6.25949 6.20336 5.73418 4.83209 3.42856 3.45684 2.40546 2.36132 2.90382 3.08101 2.99256 2.65443 2.11327 2.20725 2.61908 2.72609 3.34692 4.11997 4.87583 5.00462 5.15055 5.15893 5.1635 5.17748 5.18123 5.16775 5.13142 5.0482 4.42626 3.68619 3.23115 2.60404 2.52992 3.74277 4.22687 4.4962 4.76179 4.86812
-9999 -9999 -9999 -9999 -9999 -9999 -9999 -9999 0.0961053 1.82683 3.10788 3.45384 4.58976 5.20381 5.67933 5.78588 7.14012 7.21617 6.9179 6.45185 5.6521 4.20028 3.18907 1.50577 0.296123 0.79115 1.01902 1.46512 1.3351 2.05722 3.77147 5.55744 5.75351 4.62124 4.79065 5.02943 5.56269 5.29466 3.38167 2.4106 1.60485 2.18015 2.78524 2.93293 2.96382 2.84904 2.71498 2.48283 3.29179 3.89088 4.03126 4.55393 4.94038 5.04863 5.13074 5.1428 5.15506 5.15747 5.13736 5.1234 5.02921 4.81531 4.11937 2.4425 2.52313 2.34372 1.8236 3.00617 3.75389 4.42305 4.77973 4.87356
-9999 -9999 -9999 -9999 -9999 -9999 -9999 -9999 -0.483407 1.51875 1.94258 1.91239 1.25115 1.55751 4.01505 4.51109 5.80994 7.03989 6.95122 6.49413 5.74606 4.88203 3.54347 1.65028 0.146166 -0.492265 1.12719 2.71659 3.04625 3.55536 4.60626 4.80704 3.64974 2.56461 3.17615 3.54516 4.94684 5.20401 4.93356 3.78164 2.46433 1.77749 2.59192 2.70219 2.75256 2.76378 2.73878 2.70451 3.61685 4.12223 4.47339 4.66547 4.99754 5.08405 5.11321 5.14082 5.13708 5.12232 5.07247 5.01548 4.75675 4.44304 3.30165 2.35042 1.75807 1.00554 2.70864 3.2148 3.91714 4.37095 4.72567 4.80517
