Test_Spring_2018b/02_18/Temp/20180220_010.txt
ncols	170
nrows	115
xllcorner	350000.000000
yllcorner	4445000.000000
cellsize	1000.000000
nodata_value	-9999.000000
[rows 32 to 63 of 115, columns 72 to 143 of 170]
9.95599 9.62593 10.1437 10.6205 10.3249 10.1327 10.9128 10.915 10.6514 10.0294 9.80283 9.56792 9.4251 8.62684 6.38209 4.35878 5.44732 5.47588 4.72785 6.07665 5.36789 3.51493 0.89803 2.32332 1.95445 0.0879367 -0.372194 -9999 -9999 -9999 -9999 -9999 -9999 -9999 -9999 -9999 -9999 -9999 -9999 -9999 -9999 -9999 -9999 -9999 -9999 -9999 -9999 -9999 -9999 -9999 -9999 -9999 -9999 -9999 -9999 -9999 -9999 -9999 -9999 -9999 -9999 -9999 -9999 -9999 -9999 -9999 -9999 -9999 -9999 -9999 -9999 -9999
9.51369 9.37366 10.1418 10.1286 10.0762 10.3498 10.835 10.9338 10.8326 10.5628 10.3296 10.0816 9.44804 8.5345 6.61381 4.31037 3.79012 4.92163 4.97844 5.16236 4.51657 3.70463 2.433 3.47777 3.88444 2.65937 1.05389 0.0248442 -9999 -9999 -9999 -9999 -9999 -9999 -9999 -9999 -9999 -9999 -9999 -9999 -9999 -9999 -9999 -9999 -9999 -9999 -9999 -9999 -9999 -9999 -9999 -9999 -9999 -9999 -9999 -9999 -9999 -9999 -9999 -9999 -9999 -9999 -9999 -9999 -9999 -9999 -9999 -9999 -9999 -9999 -9999 -9999
8.98559 8.24653 8.7106 9.05972 9.69285 9.8598 9.95832 10.8735 10.8277 10.7881 10.4013 10.0925 9.57909 8.70005 7.44727 5.93825 3.30856 4.93452 6.20817 6.17807 6.11073 5.54247 4.32081 5.34624 5.3959 3.82803 2.04645 1.00405 0.573922 -9999 -9999 -9999 -9999 -9999 -9999 -9999 -9999 -9999 -9999 -9999 -9999 -9999 -9999 -9999 -9999 -9999 -9999 -9999 -9999 -9999 -9999 -9999 -9999 -9999 -9999 -9999 -9999 -9999 -9999 -9999 -9999 -9999 -9999 -9999 -9999 -9999 -9999 -9999 -9999 -9999 -9999 -9999
8.38485 7.48134 7.94816 8.5701 9.4425 9.8896 10.2349 10.5104 10.7914 10.7614 10.3654 9.19042 9.02523 8.97731 8.159 6.43827 4.71968 4.27643 6.21796 6.77528 6.66434 7.09929 6.06458 6.55604 6.3567 5.80107 4.08738 2.52657 1.88446 0.614056 -9999 -9999 -9999 -9999 -9999 -9999 -9999 -9999 -9999 -9999 -9999 -9999 -9999 -9999 -9999 -9999 -9999 -9999 -9999 -9999 -9999 -9999 -9999 -9999 -9999 -9999 -9999 -9999 -9999 -9999 -9999 -9999 -9999 -9999 -9999 -9999 -9999 -9999 -9999 -9999 -9999 -9999
-9999 -9999 6.91757 7.75904 8.45917 9.30908 10.0469 10.4191 10.7808 10.7548 9.96067 9.57384 9.54293 9.00794 8.06288 7.47078 6.38979 5.26322 5.697 7.35277 6.61924 7.79253 7.69498 7.91168 7.12987 5.63976 3.65373 2.49265 1.91834 0.889254 -9999 -9999 -9999 -9999 -9999 -9999 -9999 -9999 -9999 -9999 -9999 -9999 -9999 -9999 -9999 -9999 -9999 -9999 -9999 -9999 -9999 -9999 -9999 -9999 -9999 -9999 -9999 -9999 -9999 -9999 -9999 -9999 -9999 -9999 -9999 -9999 -9999 -9999 -9999 -9999 -9999 -9999
-9999 -9999 -9999 7.60779 8.1418 9.2865 9.87087 10.1134 10.6952 10.6995 10.4008 10.176 9.84847 9.41956 8.71018 7.92703 6.91054 6.81884 7.87896 7.89414 7.67501 7.85029 8.39511 8.25305 7.03685 4.94458 3.84004 1.58307 0.622447 0.722917 0.0430291 -9999 -9999 -9999 -9999 -9999 -9999 -9999 -9999 -9999 -9999 -9999 -9999 2.69096 -9999 -9999 -9999 -9999 -9999 -9999 -9999 -9999 -9999 -9999 -9999 -9999 -9999 -9999 -9999 -9999 -9999 -9999 -9999 -9999 -1.37038 -9999 -9999 -9999 -9999 -9999 -9999 -9999
-9999 -9999 7.51008 8.2199 8.77762 9.4961 9.56184 9.9894 10.658 10.6709 10.4601 10.2215 9.68083 9.54944 9.14715 8.29671 8.12501 8.47365 8.63536 8.81803 8.931 8.84221 8.6233 8.33984 7.55198 6.58238 5.93198 3.87506 2.83336 1.84216 0.341304 -0.832008 -9999 -9999 -9999 -9999 -9999 -9999 -9999 1.90041 1.84734 1.87659 2.20863 3.12095 2.58815 -9999 -9999 -9999 -9999 -9999 -9999 -9999 -9999 -9999 -9999 -9999 -9999 -9999 -9999 -9999 -9999 -9999 -9999 -9999 -0.545897 -1.72669 -9999 -9999 -9999 -9999 -9999 -9999
-9999 -9999 7.70101 8.45359 8.83073 9.52858 9.92917 10.1854 10.4193 10.6431 10.6096 10.3454 9.94161 9.94789 9.38985 9.09037 8.87718 9.34785 9.44269 9.2569 9.02302 8.81608 8.22815 8.16083 7.96266 7.34724 6.33686 5.29588 3.7827 1.74406 -0.254757 -1.86619 -9999 -9999 -9999 -9999 -9999 -9999 2.07143 2.83048 3.28616 2.3256 3.15053 3.9045 3.78615 3.05197 -9999 -9999 -9999 -9999 -9999 -9999 -9999 -9999 -9999 -9999 -9999 -9999 -9999 -9999 5.05596 3.84576 1.39759 0.144138 -0.606774 -1.68026 -9999 -9999 -9999 -9999 -9999 -9999
-9999 -9999 7.55492 8.44322 9.04589 9.58131 9.66938 10.2186 10.4534 10.5754 10.5651 10.5159 10.4447 9.95847 9.75137 9.01402 9.72595 9.70185 9.5248 8.81656 8.51023 7.29209 6.75637 6.63063 7.65613 6.8985 5.31656 3.33916 0.958979 0.801012 0.0169923 -1.42291 -9999 -9999 -9999 -9999 -9999 -9999 2.30977 3.12145 3.79913 3.89979 2.9446 4.28259 4.22674 3.48012 3.31141 3.92535 4.23721 4.00179 4.73246 4.9492 4.62173 4.98699 -9999 -9999 -9999 -9999 5.21979 5.27237 5.31281 4.81047 2.13561 0.309562 -1.33007 -1.48045 -9999 -9999 -9999 -9999 -9999 -9999
-9999 -9999 8.17094 8.71857 8.99678 9.04407 9.52505 10.0055 10.2969 10.5172 10.4778 10.4643 10.4498 10.2862 9.90059 9.97435 9.94615 9.72178 8.37244 6.79661 7.48601 6.54745 4.54189 6.16688 7.06176 6.2029 4.28554 2.06255 1.33137 1.35879 0.267481 -1.13385 -9999 -9999 -9999 0.0947904 1.25662 1.36127 1.70631 2.78818 3.61161 4.22908 4.65205 4.63871 4.19211 3.46143 2.6671 2.95102 4.38167 4.73135 5.01872 5.2431 4.93919 5.10453 5.49004 5.69105 5.73473 5.64847 5.63163 5.66654 5.62449 5.15615 2.76159 1.39355 0.521619 -1.23647 -9999 -9999 -9999 -9999 -9999 -9999
-9999 -9999 7.83165 8.30805 8.69448 9.33488 9.40514 9.81185 10.0545 10.4093 10.4534 10.0408 10.3895 10.3492 10.2889 10.1561 9.95935 8.82118 7.2508 5.67603 4.94959 5.26051 4.05479 4.67001 5.57667 5.24129 4.06737 2.08683 1.80823 1.34528 -0.495826 -2.26371 -9999 -9999 -2.15213 0.0735874 1.64203 2.45296 2.70672 2.73416 3.77089 3.8546 4.96958 4.70955 3.23549 3.40155 2.82433 3.19554 3.72237 3.86704 4.61795 5.34301 5.48257 5.48866 5.73529 5.78883 5.80542 5.8029 5.64174 5.72106 5.73634 5.44573 3.71347 2.87027 1.94031 -1.20676 -9999 -9999 -9999 -9999 -9999 -9999
-9999 -9999 8.07776 8.61002 9.19288 9.28931 9.72217 9.67979 9.56061 10.164 10.3834 10.0935 9.88608 10.2808 10.258 10.2101 10.1283 9.05899 7.8205 5.94371 4.77773 4.06442 3.55771 2.87765 3.34303 3.20014 3.00884 3.22832 2.6803 1.59121 0.516213 -1.4996 -2.5864 -9999 -2.02968 -1.02285 0.841929 2.42722 3.43482 3.07744 4.25596 4.47652 5.15576 4.75898 3.86293 3.48011 3.44625 3.32917 4.1212 4.64969 5.02217 5.27506 5.58812 5.67048 5.7536 5.79051 5.81245 5.83477 5.8347 5.83239 5.80108 5.69415 4.89954 4.05774 2.23511 -1.0998 -9999 -9999 -9999 -9999 -9999 -9999
-9999 6.53628 8.01943 8.91056 9.25681 9.50749 9.72897 9.89029 10.0598 10.2178 10.3289 10.2843 9.50977 9.57793 9.72233 10.1686 10.1407 10.0469 9.37093 7.08684 6.29786 5.14454 3.64978 3.02072 3.33243 4.55736 4.50209 3.69014 2.78559 1.53235 0.734685 -0.498837 -2.87048 -2.65346 -1.58082 -0.781361 0.487546 2.4246 3.78349 4.39166 4.62307 5.10112 5.35049 4.80631 4.28468 4.06654 3.66204 3.605 3.60812 4.08659 4.45626 5.28411 5.56548 5.69415 5.76257 5.80125 5.83066 5.85984 5.8727 5.86087 5.86569 5.86294 5.8077 4.68633 1.87468 -0.243277 -9999 -9999 -9999 -9999 -9999 -9999
-9999 -9999 7.74732 8.14004 8.24412 8.42524 8.79432 9.21984 9.82196 9.90249 10.2363 10.2382 9.56954 8.7989 9.47888 9.75142 10.0333 10.0449 9.96011 8.04066 7.03703 6.24656 4.81318 5.32603 5.81646 5.8529 5.5557 3.81492 2.08149 0.0801811 -1.78569 -1.87346 -2.8779 -2.34421 -1.63416 0.182524 1.46241 1.98402 2.35961 4.3281 4.84184 5.01974 5.52451 4.83983 4.66402 4.14872 4.30192 4.25667 4.25949 2.83151 4.26067 4.34636 5.28107 5.70054 5.79772 5.82738 5.85906 5.86777 5.87754 5.87758 5.8912 5.88097 5.86848 5.14075 1.57548 -0.214626 -9999 -9999 -9999 -9999 -9999 -9999
-9999 -9999 -9999 -9999 7.87689 8.17721 8.37074 8.7044 9.72165 9.99831 10.1836 10.2032 9.90822 9.14422 8.94684 9.09194 8.34699 8.97697 9.83675 9.8174 9.71477 8.02668 7.15955 7.99529 7.74005 6.46947 5.46931 4.48233 2.4527 0.964249 -1.17449 -2.77971 -2.83824 -1.06252 0.412286 2.25065 3.06447 2.60848 3.11167 4.0911 5.20279 5.74135 5.61684 4.89499 4.7916 3.99675 4.77783 4.84441 4.48074 4.16645 4.28813 4.75054 4.9279 5.6598 5.839 5.87212 5.88188 5.8893 5.89067 5.89098 5.88592 5.88221 5.87566 5.84607 2.18123 -0.670859 -9999 -9999 -9999 -9999 -9999 -9999
-9999 -9999 -9999 -9999 7.17464 7.3583 7.8383 9.06786 9.71248 9.9753 9.97024 10.0943 9.8876 9.21671 8.52784 7.87855 7.03946 7.52533 8.80407 9.55838 9.64534 8.16573 8.93298 8.64377 8.07418 6.4127 5.18793 4.53817 2.58944 0.918504 -0.504319 -2.4684 -1.62591 -0.697473 0.495054 2.49965 3.85434 4.41364 3.95242 4.58024 5.85915 5.86897 5.17337 5.22014 4.79304 3.70674 4.83752 5.15538 4.89834 4.96442 4.86526 5.03767 5.35179 5.65292 5.85436 5.88422 5.89062 5.8885 5.89269 5.89771 5.88791 5.8931 5.88663 5.87145 3.50708 -0.72259 -9999 -9999 -9999 -9999 -9999 -9999
-9999 -9999 -9999 -9999 -9999 6.53773 7.63015 9.26146 9.66772 9.6341 9.97408 10.0071 9.68739 9.4106 8.57355 7.42818 5.2235 5.78995 6.96737 8.66312 9.5547 9.43552 8.93732 8.07653 5.99436 4.17186 3.94947 3.6502 2.22773 0.940174 -0.641849 0.276066 1.28223 2.38362 2.96431 2.81844 3.97981 4.92757 4.53159 5.30096 6.19729 5.79525 5.55798 5.35856 4.86533 4.83587 4.88705 5.52895 5.0841 5.35672 5.36007 5.34519 5.49843 5.67527 5.86166 5.89469 5.89862 5.90585 5.88892 5.90094 5.89477 5.88857 5.883 5.87057 5.65964 3.38203 2.02253 -9999 -9999 -9999 -9999 -9999
-9999 -9999 -9999 -9999 -9999 5.53411 6.08004 8.01156 8.60915 9.46466 9.92075 9.94553 9.40269 9.10239 7.85273 7.45052 5.41172 4.49005 5.27836 4.98035 7.31393 9.37846 8.92645 4.76084 3.25144 2.17441 2.44974 2.45136 2.05485 -0.135006 -0.737435 1.22188 2.45669 3.4146 4.14263 4.29754 4.27717 5.75726 5.95723 6.44057 6.33991 6.38728 5.64484 5.18564 5.58613 5.12214 5.04283 5.70605 5.05226 5.64286 5.56958 5.3927 5.38442 5.77528 5.85626 5.9006 5.90645 5.89534 5.88036 5.8733 5.89042 5.88891 5.87146 5.87641 5.85874 5.5891 4.4124 4.00282 4.46221 -9999 -9999 -9999
-9999 -9999 -9999 -9999 -9999 -9999 4.28338 6.96678 8.19343 8.84012 9.74972 9.86281 9.57614 9.05298 7.77989 6.66095 4.83884 2.75703 1.65436 4.96425 7.84474 9.34853 9.14835 5.68108 4.31226 4.24811 5.05322 4.37244 3.85607 2.19131 1.69516 1.00593 1.43315 2.76707 3.85801 4.9111 5.6783 5.74529 6.24513 6.53202 6.5589 6.65099 6.56587 6.49627 5.7756 6.27269 5.85169 6.07528 5.93118 5.80103 5.68581 5.2752 5.56674 5.82556 5.89397 5.91652 5.90431 5.90464 5.89823 5.87898 5.87122 5.87393 5.8757 5.86645 5.86987 5.85866 5.72939 5.02244 4.0749 2.87703 -9999 -9999
-9999 -9999 -9999 -9999 -9999 -9999 2.94644 5.61679 6.90417 8.56208 9.41722 9.76646 9.72476 9.30151 8.33512 6.87846 5.6657 3.34114 0.926993 4.40101 7.4936 9.16405 9.25376 6.33651 7.14421 6.49105 6.75402 5.55837 5.06153 4.66633 3.80884 2.87161 1.84646 1.30592 3.75098 5.00858 6.02182 6.50211 6.77569 6.9145 6.84483 6.66281 5.58088 6.40961 6.36344 6.28183 6.18782 6.14228 6.05666 5.95572 5.89277 5.87224 5.60023 5.91091 5.90496 5.91159 5.91616 5.91181 5.90068 5.89188 5.88012 5.88283 5.87548 5.86878 5.86508 5.86291 5.85711 5.82085 5.63488 4.02547 3.06377 2.79323
-9999 -9999 -9999 -9999 -9999 -9999 -0.800042 3.08383 6.20571 7.83769 9.1667 9.53448 9.67429 9.10489 8.68021 7.63715 6.64964 5.12372 2.8358 1.42826 4.0294 7.80976 9.2007 9.08844 9.00158 8.2468 7.56649 7.48048 7.53157 6.73729 5.58434 4.07803 3.60933 3.08325 4.90501 5.15513 5.02608 7.03012 7.03897 6.92954 6.16838 5.31297 5.47842 4.94796 5.35199 4.72068 5.30244 5.80514 5.99292 5.97743 5.90737 5.89989 5.87056 5.92429 5.92513 5.91882 5.91515 5.91514 5.9117 5.89288 5.88432 5.89743 5.8827 5.87494 5.86532 5.86544 5.86409 5.83798 5.81433 5.56896 5.19874 4.48804
-9999 -9999 -9999 -9999 -9999 -9999 -0.630293 2.63628 5.40792 7.07144 8.67135 9.0452 9.58764 9.47513 9.02995 8.12366 6.99038 5.73514 3.77277 2.31495 4.05625 6.56612 8.36434 9.00459 8.9947 8.95183 8.78133 8.71157 8.51282 8.36838 7.54175 6.11871 5.31578 4.14045 6.17022 6.40078 6.08718 7.10267 7.05584 5.52983 4.35727 4.21416 4.9316 4.25135 4.12897 3.70238 4.18335 5.47089 5.0966 5.17077 5.75062 5.84723 5.90785 5.92569 5.92338 5.92291 5.91589 5.92084 5.9262 5.9076 5.90148 5.90077 5.88301 5.87863 5.867 5.85741 5.84795 5.83523 5.81396 5.746 5.67156 5.75195
-9999 -9999 -9999 -9999 -9999 -9999 -0.558358 1.63617 4.13074 6.57892 8.28728 8.97843 9.48274 9.48103 8.96276 8.51411 7.80502 6.70102 5.94479 4.629 2.8216 5.85968 6.7916 7.61865 7.9707 8.83704 8.81597 8.41909 7.95017 8.37815 8.25256 7.12684 6.75786 6.13419 7.26412 7.26962 7.24154 7.18457 5.89568 4.10275 2.67029 3.70702 3.49407 3.96713 2.49506 3.70807 4.68199 4.99805 4.33459 3.84406 5.35798 5.60792 5.75847 5.85567 5.92046 5.90763 5.92603 5.92051 5.91988 5.91913 5.91043 5.9069 5.89799 5.88859 5.87407 5.86605 5.85192 5.83435 5.83554 5.79806 5.78577 5.77179
-9999 -9999 -9999 -9999 -9999 -9999 -9999 0.345776 3.50621 6.32939 7.90255 8.89312 9.37743 9.37208 9.10867 8.805 8.36654 7.57095 6.57051 4.98739 3.81276 4.56316 5.47626 5.57477 6.18245 7.94248 8.54391 7.6923 5.58226 6.82474 8.2118 8.19022 8.07323 7.94264 7.77231 7.62238 7.29144 6.40019 3.66322 3.13052 2.05909 2.18462 1.63616 2.83882 2.38564 3.62434 4.16152 4.36454 3.22076 3.45896 4.80115 5.3341 5.24684 5.57489 5.88719 5.89997 5.9119 5.90726 5.91777 5.92432 5.92337 5.91485 5.90884 5.90541 5.87773 5.88156 5.78285 5.71964 5.58828 5.75713 5.77569 5.78187
-9999 -9999 -9999 -9999 -9999 -9999 -9999 -0.282306 2.87315 6.19762 7.2671 8.33482 9.2569 9.27817 8.87369 8.48927 8.09323 7.64182 6.42751 5.24992 4.1256 3.74999 3.97962 3.95588 4.93866 7.23174 7.67628 7.48756 5.28312 4.53933 6.3924 7.95018 8.07419 7.93486 6.10522 6.49799 5.51275 4.17575 3.81034 3.22725 1.99107 2.59104 1.68601 2.0779 1.96599 2.66996 3.01365 3.85006 2.85361 2.85473 4.1725 4.83949 4.85764 5.55818 5.80952 5.87744 5.89694 5.91222 5.9191 5.93426 5.9322 5.92638 5.91722 5.88818 5.81279 5.56504 4.24063 4.24552 4.61242 4.95971 5.5857 5.7629
-9999 -9999 -9999 -9999 -9999 -9999 -9999 0.0831571 2.27385 5.22418 7.41047 7.55087 8.61558 9.16686 8.7267 8.23073 7.72324 7.50338 6.18143 4.72886 3.55568 2.1662 2.39814 3.40014 5.02819 6.51003 6.77583 6.4707 5.28725 5.8453 7.10964 7.78176 7.9812 7.82744 7.43073 7.20279 6.47794 6.16565 5.15823 3.58126 2.96208 3.3594 1.68459 1.80439 2.42696 1.75906 2.84697 3.36812 2.08143 3.09827 4.26682 4.86508 5.38854 5.63754 5.73837 5.89206 5.89918 5.91535 5.92603 5.92783 5.93191 5.91163 5.8955 5.75873 5.55492 4.32276 3.80172 3.90596 4.48033 4.9836 5.50466 5.72206
-9999 -9999 -9999 -9999 -9999 -9999 -9999 0.456821 2.4297 4.98839 6.54818 6.82996 8.01039 9.06048 8.94703 8.43084 8.27609 7.74094 6.62026 5.38194 4.02796 3.37111 1.857 3.35273 4.52693 5.78225 6.37016 5.397 4.91189 5.77471 6.63262 6.97635 7.84316 7.83708 7.55757 6.34492 5.75516 6.00867 5.75721 5.31451 4.22984 4.18436 3.48836 3.20144 2.93028 2.03266 2.60073 2.65886 2.81049 4.03535 4.64445 5.04901 5.41733 5.51577 5.67758 5.88707 5.90839 5.91919 5.92185 5.92947 5.9181 5.86316 5.8174 5.53798 5.04032 4.10846 2.58608 3.65769 4.77802 5.11207 5.43667 5.60845
-9999 -9999 -9999 -9999 -9999 -9999 -9999 0.122046 2.21783 4.40525 5.32179 5.48024 7.61398 8.92186 8.92761 8.68475 8.40048 7.07341 7.15489 6.89203 5.67092 3.89063 1.93489 2.12108 3.28285 4.93799 5.48748 3.88146 3.31715 3.73523 5.03191 6.19295 7.40532 7.71502 7.36242 5.47333 3.46579 4.40117 5.40049 5.39801 5.10868 4.1027 3.78503 3.4975 2.76367 1.51373 1.69187 2.04008 3.42768 3.87029 4.55316 5.12075 4.90975 5.0369 5.58054 5.89383 5.90863 5.91744 5.93109 5.92749 5.91253 5.79903 5.67857 5.4739 4.17052 3.36112 2.17878 3.54972 4.31431 4.71709 5.44529 5.62125
-9999 -9999 -9999 -9999 -9999 -9999 -9999 -0.524807 0.997171 3.08826 3.93313 5.27869 7.29538 8.28909 8.76728 8.76036 8.57205 7.97969 7.62481 6.92214 5.65169 3.91322 1.98024 0.722642 1.3656 3.58565 4.11283 2.63307 1.88375 2.82128 4.20325 6.24868 7.4184 7.57847 7.47546 7.08806 5.62312 3.85266 3.86163 4.75399 4.01265 3.15044 3.62876 3.54312 2.81855 2.29193 1.95882 2.15811 2.95043 3.28085 4.06958 5.23281 5.40151 5.37113 5.86268 5.89005 5.90454 5.92618 5.92888 5.92772 5.91638 5.82425 5.61369 4.74713 3.99172 2.93948 2.81175 4.02804 4.56386 5.06155 5.42021 5.53909
-9999 -9999 -9999 -9999 -9999 -9999 -9999 -1.63909 0.15113 2.1104 3.94518 5.68125 7.17592 7.29482 8.0848 8.08737 8.50286 8.38821 7.8392 7.24784 6.1536 3.91952 2.04122 -0.00761817 0.535572 2.80212 3.09238 2.10462 0.278093 2.16833 4.25276 6.14223 7.16626 6.36793 7.1914 7.12674 6.5796 5.52678 3.88821 3.92207 2.6947 2.6438 3.27803 3.48543 3.3824 2.98761 2.34969 2.44985 2.9303 3.05521 3.78036 4.68339 5.56643 5.71709 5.88788 5.89808 5.9039 5.92078 5.92574 5.91058 5.86869 5.77196 5.04587 4.18168 3.6503 2.91781 2.83115 4.24259 4.79792 5.11039 5.42052 5.54469
-9999 -9999 -9999 -9999 -9999 -9999 -9999 -9999 -0.0307184 1.99346 3.4923 3.89875 5.22785 5.94722 6.50467 6.63099 8.21459 8.30503 7.9581 7.41509 6.48219 4.78754 3.6075 1.64235 0.230435 0.802987 1.07016 1.59195 1.44084 2.28516 4.28844 6.37555 6.60554 5.28392 5.48278 5.76266 6.38646 6.07422 3.84044 2.7068 1.76616 2.4386 3.14575 3.3185 3.35471 3.22071 3.05471 2.77683 3.72167 4.42144 4.58549 5.19618 5.64787 5.77467 5.87103 5.8856 5.90046 5.90379 5.88079 5.86493 5.75526 5.50565 4.69287 2.73415 2.82823 2.61845 2.01059 3.38839 4.24744 5.02882 5.44526 5.55477
-9999 -9999 -9999 -9999 -9999 -9999 -9999 -9999 -0.701961 1.63965 2.13753 2.10494 1.33506 1.69523 4.56799 5.14932 6.66819 8.1064 8.00415 7.4714 6.59866 5.59039 4.02777 1.81728 0.061295 -0.683282 1.20281 3.0599 3.44583 4.04148 5.27008 5.50571 4.15502 2.88863 3.60406 4.03613 5.67435 5.97555 5.66028 4.31523 2.77685 1.97478 2.92622 3.05504 3.11384 3.12688 3.09338 3.04773 4.10697 4.69731 5.10765 5.33232 5.72062 5.82219 5.85681 5.88966 5.88586 5.86914 5.81134 5.74509 5.44304 5.07662 3.74326 2.63187 1.93957 1.06006 3.04888 3.63612 4.44982 4.97182 5.38584 5.47852
