Test_Spring_2018b/02_18/Temp/20180202_012.txt
ncols	170
nrows	115
xllcorner	350000.000000
yllcorner	4445000.000000
cellsize	1000.000000
nodata_value	-9999.000000
[rows 32 to 63 of 115, columns 72 to 143 of 170]
12.8133 12.5987 12.9548 13.2833 13.0915 12.965 13.4955 13.5048 13.3354 12.9247 12.7803 12.6304 12.5424 12.0133 10.5105 9.15673 9.89738 9.92449 9.42879 10.3444 9.87495 8.63535 6.88154 7.84846 7.6078 6.36479 6.0646 -9999 -9999 -9999 -9999 -9999 -9999 -9999 -9999 -9999 -9999 -9999 -9999 -9999 -9999 -9999 -9999 -9999 -9999 -9999 -9999 -9999 -9999 -9999 -9999 -9999 -9999 -9999 -9999 -9999 -9999 -9999 -9999 -9999 -9999 -9999 -9999 -9999 -9999 -9999 -9999 -9999 -9999 -9999 -9999 -9999
12.5067 12.4202 12.9449 12.9437 12.9164 13.1026 13.4345 13.5087 13.4484 13.2747 13.1258 12.9668 12.5485 11.9416 10.6569 9.11451 8.77233 9.54188 9.588 9.71963 9.29274 8.75397 7.90577 8.61667 8.89807 8.08577 7.01601 6.3281 -9999 -9999 -9999 -9999 -9999 -9999 -9999 -9999 -9999 -9999 -9999 -9999 -9999 -9999 -9999 -9999 -9999 -9999 -9999 -9999 -9999 -9999 -9999 -9999 -9999 -9999 -9999 -9999 -9999 -9999 -9999 -9999 -9999 -9999 -9999 -9999 -9999 -9999 -9999 -9999 -9999 -9999 -9999 -9999
12.1424 11.6528 11.9729 12.2156 12.6456 12.7617 12.8357 13.4593 13.4363 13.4174 13.1648 12.9648 12.6272 12.0435 11.2082 10.2005 8.43856 9.54097 10.4062 10.3939 10.3565 9.9819 9.16745 9.86542 9.90657 8.86557 7.6717 6.97836 6.69716 -9999 -9999 -9999 -9999 -9999 -9999 -9999 -9999 -9999 -9999 -9999 -9999 -9999 -9999 -9999 -9999 -9999 -9999 -9999 -9999 -9999 -9999 -9999 -9999 -9999 -9999 -9999 -9999 -9999 -9999 -9999 -9999 -9999 -9999 -9999 -9999 -9999 -9999 -9999 -9999 -9999 -9999 -9999
11.7293 11.1291 11.4511 11.8775 12.4679 12.7747 13.0131 13.2061 13.4029 13.3903 13.1315 12.3483 12.2449 12.2205 11.6776 10.5274 9.37872 9.08846 10.4034 10.7866 10.7199 11.0207 10.3322 10.6708 10.5444 10.1806 9.03601 7.9942 7.57019 6.72331 -9999 -9999 -9999 -9999 -9999 -9999 -9999 -9999 -9999 -9999 -9999 -9999 -9999 -9999 -9999 -9999 -9999 -9999 -9999 -9999 -9999 -9999 -9999 -9999 -9999 -9999 -9999 -9999 -9999 -9999 -9999 -9999 -9999 -9999 -9999 -9999 -9999 -9999 -9999 -9999 -9999 -9999
-9999 -9999 10.7489 11.3189 11.7949 12.3756 12.878 13.1359 13.3869 13.3769 12.8498 12.597 12.5839 12.2315 11.6033 11.2128 10.4933 9.74314 10.0433 11.166 10.6805 11.4783 11.4207 11.5745 11.056 10.0591 8.73544 7.96237 7.58385 6.8992 -9999 -9999 -9999 -9999 -9999 -9999 -9999 -9999 -9999 -9999 -9999 -9999 -9999 -9999 -9999 -9999 -9999 -9999 -9999 -9999 -9999 -9999 -9999 -9999 -9999 -9999 -9999 -9999 -9999 -9999 -9999 -9999 -9999 -9999 -9999 -9999 -9999 -9999 -9999 -9999 -9999 -9999
-9999 -9999 -9999 11.2089 11.573 12.3508 12.751 12.9215 13.3204 13.3307 13.1369 12.993 12.7801 12.4991 12.0294 11.5103 10.8343 10.7808 11.5027 11.5213 11.3821 11.5083 11.8832 11.7955 10.9874 9.58273 8.84714 7.34116 6.70242 6.77782 6.32798 -9999 -9999 -9999 -9999 -9999 -9999 -9999 -9999 -9999 -9999 -9999 -9999 8.23614 -9999 -9999 -9999 -9999 -9999 -9999 -9999 -9999 -9999 -9999 -9999 -9999 -9999 -9999 -9999 -9999 -9999 -9999 -9999 -9999 5.75152 -9999 -9999 -9999 -9999 -9999 -9999 -9999
-9999 -9999 11.131 11.6101 11.9929 12.4838 12.5367 12.8296 13.2868 13.3026 13.1678 13.0145 12.6579 12.5771 12.3141 11.7497 11.6423 11.8854 12.0027 12.1342 12.2187 12.1673 12.0282 11.8454 11.3214 10.6768 10.2468 8.87502 8.18139 7.52173 6.51901 5.73679 -9999 -9999 -9999 -9999 -9999 -9999 -9999 7.64815 7.62359 7.65485 7.89023 8.51644 8.17012 -9999 -9999 -9999 -9999 -9999 -9999 -9999 -9999 -9999 -9999 -9999 -9999 -9999 -9999 -9999 -9999 -9999 -9999 -9999 6.29942 5.51624 -9999 -9999 -9999 -9999 -9999 -9999
-9999 -9999 11.2454 11.7596 12.0209 12.4977 12.7743 12.9533 13.1176 13.2752 13.2596 13.0888 12.8243 12.836 12.4682 12.2746 12.1394 12.4647 12.5372 12.4208 12.272 12.1413 11.7539 11.7167 11.5898 11.1835 10.511 9.81773 8.81131 7.44633 6.10808 5.03061 -9999 -9999 -9999 -9999 -9999 -9999 7.74147 8.26332 8.58153 7.94696 8.51457 9.03468 8.96783 8.48989 -9999 -9999 -9999 -9999 -9999 -9999 -9999 -9999 -9999 -9999 -9999 -9999 -9999 -9999 10.0179 9.21426 7.57757 6.74528 6.25146 5.54071 -9999 -9999 -9999 -9999 -9999 -9999
-9999 -9999 11.1397 11.7452 12.1581 12.5255 12.5916 12.9656 13.1323 13.2211 13.2209 13.1947 13.1539 12.8341 12.7024 12.2142 12.7018 12.6942 12.5838 12.116 11.9186 11.1074 10.7552 10.6774 11.3757 10.8736 9.81627 8.49247 6.89662 6.80232 6.28134 5.31893 -9999 -9999 -9999 -9999 -9999 -9999 7.89066 8.44819 8.91618 8.99635 8.36628 9.28004 9.2587 8.77007 8.67034 9.09717 9.32037 9.17759 9.68751 9.8451 9.6359 9.89253 -9999 -9999 -9999 -9999 10.1 10.1457 10.1835 9.85631 8.0671 6.84953 5.75771 5.67025 -9999 -9999 -9999 -9999 -9999 -9999
-9999 -9999 11.5472 11.9234 12.1178 12.1565 12.4869 12.8144 13.0189 13.1691 13.1495 13.1475 13.1451 13.0425 12.7908 12.8486 12.8381 12.6957 11.7962 10.7443 11.2171 10.5983 9.25285 10.3578 10.9682 10.3978 9.11454 7.62521 7.13888 7.16867 6.44044 5.49905 -9999 -9999 -9999 6.35584 7.14672 7.2268 7.46945 8.20879 8.77487 9.20783 9.50591 9.50795 9.22693 8.74964 8.2294 8.43465 9.41136 9.66004 9.87398 10.0369 9.84355 9.96266 10.2326 10.378 10.4172 10.369 10.3675 10.4011 10.3831 10.0784 8.4813 7.57213 6.99722 5.83375 -9999 -9999 -9999 -9999 -9999 -9999
-9999 -9999 11.3076 11.6358 11.903 12.3397 12.3936 12.6738 12.8415 13.0888 13.1253 12.8546 13.0966 13.077 13.0443 12.9632 12.8392 12.0819 11.0338 9.98267 9.5025 9.71672 8.91337 9.33843 9.95663 9.74324 8.95464 7.62838 7.44745 7.14124 5.91289 4.72929 -9999 -9999 4.82505 6.33113 7.39558 7.95103 8.13232 8.16214 8.87208 8.94122 9.70506 9.54112 8.56851 8.69503 8.32818 8.59276 8.95904 9.07003 9.59069 10.0954 10.2008 10.2157 10.3921 10.4381 10.4589 10.4669 10.368 10.4313 10.4517 10.2666 9.11156 8.55536 7.94214 5.84202 -9999 -9999 -9999 -9999 -9999 -9999
-9999 -9999 11.4621 11.8275 12.2267 12.2984 12.5965 12.5778 12.5019 12.9147 13.0708 12.8826 12.7503 13.0235 13.0161 12.9922 12.9457 12.2348 11.4101 10.1558 9.37989 8.90514 8.57221 8.12056 8.44138 8.35254 8.23088 8.38549 8.02684 7.29893 6.58154 5.23469 4.50935 -9999 4.89765 5.5831 6.84689 7.92351 8.61228 8.38325 9.18888 9.35049 9.81887 9.56611 8.98289 8.73914 8.73136 8.66745 9.21522 9.59159 9.85777 10.0406 10.2666 10.3329 10.3992 10.4338 10.4581 10.4825 10.4919 10.4999 10.4888 10.4272 9.90327 9.3487 8.13394 5.90733 -9999 -9999 -9999 -9999 -9999 -9999
-9999 10.4128 11.4166 12.0234 12.2633 12.4387 12.5944 12.7096 12.8285 12.9441 13.0258 13.004 12.49 12.5435 12.6487 12.9574 12.9473 12.893 12.4471 10.9187 10.3939 9.62223 8.62362 8.21043 8.42767 9.25934 9.2291 8.68933 8.08704 7.24883 6.72091 5.8967 4.30941 4.46174 5.19054 5.73623 6.59882 7.91216 8.83742 9.25841 9.42677 9.75975 9.94162 9.58948 9.25812 9.12679 8.87005 8.84708 8.86437 9.20125 9.46606 10.0422 10.2437 10.344 10.4002 10.436 10.4651 10.4939 10.5117 10.5131 10.5261 10.5345 10.5085 9.76525 7.88614 6.47835 -9999 -9999 -9999 -9999 -9999 -9999
-9999 -9999 11.2274 11.4986 11.5753 11.7038 11.9589 12.2519 12.662 12.7234 12.9555 12.9655 12.5237 12.0127 12.4784 12.6703 12.8688 12.8855 12.8374 11.5504 10.8827 10.3582 9.40071 9.75585 10.0932 10.1248 9.93162 8.76656 7.60625 6.26444 5.01495 4.96232 4.29416 4.66162 5.14618 6.37639 7.24627 7.60685 7.87027 9.20695 9.56379 9.69689 10.0507 9.60458 9.50619 9.17527 9.29436 9.2798 9.29736 8.35151 9.32979 9.40148 10.0438 10.3417 10.4191 10.4487 10.4791 10.4939 10.5095 10.5186 10.5374 10.5408 10.5442 10.066 7.67849 6.49132 -9999 -9999 -9999 -9999 -9999 -9999
-9999 -9999 -9999 -9999 11.3219 11.5306 11.6675 11.8987 12.5883 12.7818 12.9141 12.935 12.7445 12.2391 12.1144 12.2206 11.7279 12.1601 12.7462 12.741 12.6795 11.5507 10.9765 11.5464 11.3817 10.5335 9.86703 9.20925 7.84952 6.85288 5.41972 4.3457 4.3129 5.51496 6.51609 7.7608 8.31689 8.01941 8.36869 9.0387 9.7994 10.1753 10.1057 9.63469 9.58518 9.06642 9.60847 9.66955 9.44082 9.24497 9.34353 9.66912 9.80198 10.3071 10.4393 10.474 10.4896 10.5033 10.513 10.5222 10.5288 10.5365 10.543 10.5346 8.08015 6.17813 -9999 -9999 -9999 -9999 -9999 -9999
-9999 -9999 -9999 -9999 10.8431 10.9733 11.3029 12.1372 12.5762 12.7605 12.7648 12.8563 12.7253 12.282 11.827 11.3985 10.842 11.1773 12.0459 12.5613 12.6273 11.6386 12.1642 11.9768 11.6005 10.489 9.67134 9.24052 7.93525 6.81583 5.86459 4.54911 5.12282 5.75464 6.56458 7.92188 8.84198 9.22784 8.92749 9.36143 10.2346 10.2546 9.80061 9.84704 9.57969 8.86493 9.64257 9.87301 9.71632 9.77678 9.72693 9.8576 10.0828 10.2982 10.4454 10.4762 10.4906 10.4978 10.5093 10.5217 10.5246 10.5382 10.5446 10.5459 8.96673 6.13743 -9999 -9999 -9999 -9999 -9999 -9999
-9999 -9999 -9999 -9999 -9999 10.4148 11.1567 12.2615 12.5402 12.5252 12.7619 12.7922 12.5853 12.4074 11.8526 11.0902 9.61469 10.0041 10.8044 11.9534 12.5607 12.4875 12.1612 11.589 10.1945 8.97458 8.83157 8.6367 7.68573 6.82444 5.7662 6.39068 7.0747 7.82305 8.22127 8.13091 8.921 9.56815 9.31185 9.84095 10.4565 10.1992 10.0536 9.93421 9.62232 9.6189 9.66991 10.1186 9.83557 10.0352 10.0545 10.0593 10.1763 10.3083 10.4455 10.4785 10.4908 10.5045 10.5018 10.5187 10.5239 10.5297 10.5367 10.5398 10.41 8.89454 7.99347 -9999 -9999 -9999 -9999 -9999
-9999 -9999 -9999 -9999 -9999 9.73314 10.1073 11.4143 11.8219 12.4055 12.7205 12.7454 12.3885 12.1944 11.3619 11.0999 9.73573 9.1238 9.66211 9.46891 11.0467 12.4431 12.1479 9.35114 8.34209 7.62397 7.81601 7.82376 7.56347 6.09501 5.69632 7.02197 7.8601 8.51207 9.0096 9.12164 9.11641 10.1216 10.2668 10.6033 10.5476 10.5925 10.1067 9.8123 10.1018 9.80577 9.76884 10.2317 9.80809 10.2217 10.1895 10.0853 10.0938 10.3698 10.4363 10.4769 10.4907 10.4921 10.4904 10.4951 10.516 10.5249 10.5237 10.5384 10.5386 10.3746 9.59654 9.33506 9.65861 -9999 -9999 -9999
-9999 -9999 -9999 -9999 -9999 -9999 8.89194 10.7051 11.5362 11.9794 12.5998 12.6843 12.4977 12.1549 11.307 10.5625 9.34412 7.95047 7.21702 9.4521 11.3979 12.4168 12.2911 9.96431 9.04987 9.01354 9.56226 9.11082 8.77005 7.65518 7.32828 6.87151 7.16633 8.07059 8.81306 9.53013 10.0551 10.1091 10.4551 10.6608 10.6907 10.7655 10.7218 10.6893 10.224 10.5745 10.3073 10.4741 10.3933 10.3217 10.2611 9.99962 10.2099 10.3971 10.4552 10.4817 10.4832 10.4925 10.4966 10.4919 10.4981 10.5098 10.5216 10.5266 10.5408 10.5508 10.4776 10.0158 9.39221 8.60015 -9999 -9999
-9999 -9999 -9999 -9999 -9999 -9999 7.98587 9.79044 10.6623 11.7863 12.3679 12.6099 12.5913 12.3157 11.6742 10.7023 9.89402 8.33691 6.71902 9.06522 11.1551 12.2861 12.353 10.3991 10.9496 10.5169 10.7009 9.90305 9.57564 9.31545 8.74562 8.12221 7.43798 7.0825 8.73646 9.59134 10.282 10.6143 10.8079 10.9114 10.8767 10.7692 10.0542 10.626 10.6145 10.5751 10.5276 10.5129 10.4711 10.4189 10.3933 10.3942 10.2251 10.4472 10.4561 10.4714 10.4845 10.4908 10.492 10.4945 10.495 10.509 10.5165 10.5231 10.5324 10.5485 10.5581 10.5475 10.4364 9.36713 8.73372 8.56974
-9999 -9999 -9999 -9999 -9999 -9999 5.4578 8.07931 10.1823 11.2895 12.19 12.4469 12.5503 12.1763 11.8993 11.2057 10.549 9.52941 7.99647 7.0557 8.8145 11.3652 12.3104 12.2447 12.1933 11.6922 11.2414 11.1907 11.2323 10.7036 9.9322 8.92652 8.61964 8.27389 9.50852 9.68545 9.60738 10.9654 10.9808 10.9171 10.4154 9.85313 9.97683 9.63727 9.92857 9.51868 9.92556 10.2794 10.4212 10.4262 10.3955 10.4046 10.3988 10.4495 10.462 10.4687 10.4764 10.4859 10.4925 10.4885 10.4915 10.5092 10.5137 10.5191 10.5274 10.545 10.5574 10.5534 10.5512 10.3998 10.1643 9.70412
-9999 -9999 -9999 -9999 -9999 -9999 5.56128 7.76462 9.63858 10.7632 11.8492 12.1101 12.4845 12.4178 12.1269 11.5253 10.7704 9.93304 8.61925 7.64471 8.82317 10.5207 11.7373 12.1784 12.1818 12.1601 12.0526 12.009 11.8829 11.7919 11.2438 10.2948 9.76281 8.98027 10.3551 10.519 10.3169 11.0096 10.9876 9.9704 9.19165 9.10641 9.60398 9.15885 9.09578 8.82751 9.16604 10.0476 9.80928 9.87444 10.2812 10.3607 10.4174 10.4421 10.4525 10.4633 10.469 10.482 10.4949 10.4914 10.4963 10.505 10.5026 10.5162 10.5196 10.531 10.541 10.5457 10.5449 10.5126 10.4758 10.5485
-9999 -9999 -9999 -9999 -9999 -9999 5.59888 7.0843 8.77178 10.424 11.5829 12.0573 12.4058 12.4136 12.0734 11.7797 11.3103 10.5747 10.0728 9.19398 7.98402 10.0353 10.671 11.2383 11.4777 12.0679 12.061 11.8016 11.4957 11.792 11.7165 10.9673 10.7276 10.3166 11.0859 11.0986 11.0887 11.0597 10.2017 9.00483 8.05107 8.7598 8.628 8.9621 7.99049 8.81831 9.48843 9.7161 9.28877 8.97335 10.0083 10.1936 10.3083 10.3863 10.4419 10.4445 10.4674 10.4737 10.4829 10.4917 10.4952 10.5023 10.5061 10.51 10.5187 10.5313 10.5345 10.5348 10.5491 10.5407 10.5458 10.5551
-9999 -9999 -9999 -9999 -9999 -9999 -9999 6.20399 8.335 10.2441 11.3121 11.988 12.3231 12.3284 12.1597 11.9636 11.6763 11.1481 10.4817 9.4228 8.63861 9.15 9.77297 9.85052 10.2666 11.4585 11.8708 11.3053 9.89069 10.7364 11.6788 11.6732 11.6035 11.5246 11.422 11.3302 11.1166 10.5261 8.69349 8.3419 7.63095 7.72614 7.36825 8.19351 7.90815 8.75556 9.13121 9.28225 8.52695 8.70306 9.62507 9.9977 9.95238 10.186 10.4105 10.4304 10.4492 10.4563 10.4733 10.4874 10.4964 10.4985 10.5044 10.5125 10.5135 10.5348 10.481 10.4514 10.3762 10.5032 10.5289 10.5574
-9999 -9999 -9999 -9999 -9999 -9999 -9999 5.76801 7.90036 10.1467 10.8755 11.6031 12.2326 12.2557 11.9919 11.7413 11.4825 11.1861 10.3759 9.59014 8.84004 8.59379 8.75492 8.75287 9.42156 10.9724 11.2793 11.1601 9.6829 9.19089 10.447 11.5045 11.597 11.5124 10.2901 10.5637 9.90992 9.01946 8.78314 8.40056 7.57875 7.99324 7.39523 7.67069 7.61932 8.1064 8.35135 8.92822 8.27158 8.28749 9.19323 9.65574 9.68111 10.1653 10.3466 10.4038 10.428 10.4489 10.4637 10.4839 10.4924 10.4986 10.5027 10.4937 10.4541 10.3084 9.4368 9.45284 9.71274 9.95954 10.4006 10.5382
-9999 -9999 -9999 -9999 -9999 -9999 -9999 6.00526 7.48811 9.48247 10.9627 11.0659 11.7912 12.1709 11.883 11.5572 11.2235 11.083 10.2005 9.2298 8.44704 7.51862 7.68155 8.36286 9.47365 10.4786 10.6653 10.4679 9.67793 10.0622 10.9221 11.3835 11.5268 11.4325 11.1748 11.0307 10.5523 10.3516 9.68326 8.63179 8.22531 8.50338 7.38718 7.47935 7.91041 7.48609 8.23156 8.5958 7.74335 8.44782 9.24787 9.66381 10.029 10.2091 10.2891 10.4041 10.42 10.4417 10.4594 10.4709 10.4839 10.4806 10.4803 10.3991 10.2731 9.45539 9.13501 9.21775 9.61709 9.96865 10.3455 10.5041
-9999 -9999 -9999 -9999 -9999 -9999 -9999 6.24773 7.58384 9.31441 10.3728 10.5709 11.374 12.0891 12.021 11.6816 11.5853 11.2327 10.4858 9.65954 8.75531 8.32025 7.30817 8.32201 9.12776 9.98038 10.3839 9.73514 9.41714 10.0066 10.5929 10.8332 11.4258 11.4309 11.2521 10.4453 10.0578 10.2381 10.0787 9.79074 9.071 9.05105 8.59363 8.41196 8.2413 7.66262 8.05789 8.11011 8.23131 9.06993 9.49311 9.77838 10.039 10.1176 10.2384 10.3911 10.4167 10.4349 10.4474 10.4631 10.4661 10.4397 10.4197 10.2427 9.91916 9.30364 8.31017 9.04391 9.81058 10.0552 10.2933 10.4211
-9999 -9999 -9999 -9999 -9999 -9999 -9999 6.01313 7.43182 8.91233 9.53751 9.65248 11.097 11.9855 11.9976 11.8421 11.6586 10.7731 10.8355 10.666 9.85139 8.66037 7.35125 7.48386 8.2797 9.40341 9.7812 8.70652 8.33522 8.62531 9.50691 10.2974 11.1225 11.3401 11.1121 9.85003 8.50835 9.14766 9.8302 9.83866 9.65433 8.98795 8.78519 8.60306 8.12089 7.30018 7.43787 7.68506 8.63909 8.95007 9.42264 9.8174 9.68787 9.78564 10.1635 10.3859 10.4072 10.4242 10.4444 10.4528 10.4536 10.3881 10.3181 10.1916 9.32592 8.79296 8.01803 8.96434 9.49149 9.79003 10.2925 10.4231
-9999 -9999 -9999 -9999 -9999 -9999 -9999 5.56829 6.60063 8.01612 8.59288 9.50668 10.8722 11.5492 11.8791 11.8825 11.7636 11.3727 11.1415 10.6761 9.82855 8.66589 7.37229 6.53328 6.97352 8.48417 8.84878 7.85739 7.36156 8.00124 8.94019 10.3258 11.1222 11.2391 11.179 10.9277 9.95129 8.76941 8.78545 9.39633 8.90787 8.33834 8.6714 8.62519 8.14921 7.80674 7.60897 7.76266 8.30921 8.54448 9.08809 9.88357 10.0094 10.001 10.3437 10.3737 10.3948 10.4206 10.4335 10.4438 10.4473 10.3964 10.266 9.69432 9.19763 8.50138 8.42761 9.27924 9.66042 10.0152 10.269 10.3612
-9999 -9999 -9999 -9999 -9999 -9999 -9999 4.80872 6.02146 7.34805 8.59091 9.76738 10.7814 10.8694 11.4091 11.4189 11.7064 11.6372 11.2755 10.8852 10.1564 8.66037 7.40376 6.03232 6.40552 7.94606 8.14902 7.49258 6.27166 7.55251 8.96418 10.2447 10.9429 10.4146 10.9781 10.944 10.5854 9.88662 8.79382 8.82698 8.01151 7.98819 8.42632 8.57742 8.51984 8.26609 7.85807 7.95056 8.28689 8.38369 8.88435 9.50453 10.111 10.2244 10.3511 10.3695 10.3848 10.4074 10.422 10.423 10.4061 10.3525 9.87533 9.30544 8.95977 8.47894 8.43299 9.40488 9.81127 10.0413 10.2625 10.3583
-9999 -9999 -9999 -9999 -9999 -9999 -9999 -9999 5.88929 7.25939 8.27594 8.55729 9.45972 9.95181 10.3349 10.4279 11.5018 11.5707 11.3452 10.9876 10.3676 9.23484 8.44837 7.13341 6.19076 6.59342 6.7786 7.13819 7.04488 7.62163 8.97853 10.392 10.5555 9.67494 9.81794 10.0157 10.4452 10.2449 8.75162 7.9991 7.37679 7.84052 8.32789 8.45583 8.49209 8.41395 8.33117 8.16193 8.81069 9.29435 9.41723 9.84053 10.1566 10.2537 10.3302 10.3515 10.3729 10.3864 10.3823 10.383 10.3207 10.1643 9.62908 8.32274 8.39832 8.26957 7.87303 8.8228 9.44097 9.97958 10.2724 10.3585
-9999 -9999 -9999 -9999 -9999 -9999 -9999 -9999 5.42771 7.01128 7.35392 7.33958 6.82907 7.07927 9.02076 9.42002 10.4504 11.4265 11.3659 11.0154 10.4361 9.76548 8.72167 7.24169 6.06753 5.57218 6.85762 8.11677 8.38482 8.79403 9.62933 9.79637 8.89583 8.05223 8.5428 8.84292 9.95519 10.1679 9.966 9.07134 8.04691 7.51839 8.17043 8.26902 8.32068 8.34168 8.34019 8.33007 9.06115 9.47114 9.75975 9.92312 10.1964 10.2764 10.3112 10.3447 10.3535 10.3536 10.326 10.2929 10.1013 9.86655 8.98117 8.24544 7.792 7.21276 8.5643 8.98251 9.55778 9.93433 10.2257 10.3007
