Test_Spring_2018b/02_18/Temp/20180210_006.txt
ncols	170
nrows	115
xllcorner	350000.000000
yllcorner	4445000.000000
cellsize	1000.000000
nodata_value	-9999.000000
[rows 32 to 63 of 115, columns 71 to 141 of 170]
7.5991 7.57926 7.2322 7.77482 8.27474 7.98102 7.78703 8.611 8.61335 8.3367 7.68369 7.44529 7.19787 7.04681 6.20792 3.8514 1.72707 2.86722 2.89541 2.10897 3.52239 2.77748 0.832433 -1.9138 -0.419286 -0.806754 -2.74985 -3.22707 -9999 -9999 -9999 -9999 -9999 -9999 -9999 -9999 -9999 -9999 -9999 -9999 -9999 -9999 -9999 -9999 -9999 -9999 -9999 -9999 -9999 -9999 -9999 -9999 -9999 -9999 -9999 -9999 -9999 -9999 -9999 -9999 -9999 -9999 -9999 -9999 -9999 -9999 -9999 -9999 -9999 -9999 -9999
7.29858 7.11791 6.97016 7.77537 7.76117 7.71593 8.01748 8.53189 8.63546 8.52899 8.24541 8.00007 7.73882 7.07291 6.1131 4.09657 1.67841 1.1309 2.31622 2.37418 2.56563 1.88682 1.03389 -0.301063 0.794218 1.22027 -0.0592306 -1.72829 -2.79932 -9999 -9999 -9999 -9999 -9999 -9999 -9999 -9999 -9999 -9999 -9999 -9999 -9999 -9999 -9999 -9999 -9999 -9999 -9999 -9999 -9999 -9999 -9999 -9999 -9999 -9999 -9999 -9999 -9999 -9999 -9999 -9999 -9999 -9999 -9999 -9999 -9999 -9999 -9999 -9999 -9999 -9999
6.84119 6.56628 5.79015 6.27641 6.64227 7.32395 7.51132 7.61469 8.5746 8.52627 8.48417 8.07747 7.7525 7.21259 6.28895 4.97309 3.38835 0.627921 2.33198 3.66653 3.63349 3.56156 2.96431 1.68179 2.75679 2.8083 1.17555 -0.675149 -1.76957 -2.22182 -9999 -9999 -9999 -9999 -9999 -9999 -9999 -9999 -9999 -9999 -9999 -9999 -9999 -9999 -9999 -9999 -9999 -9999 -9999 -9999 -9999 -9999 -9999 -9999 -9999 -9999 -9999 -9999 -9999 -9999 -9999 -9999 -9999 -9999 -9999 -9999 -9999 -9999 -9999 -9999 -9999
6.20287 5.93823 4.98966 5.4789 6.13105 7.05506 7.53762 7.90725 8.19616 8.49067 8.45854 8.04233 6.80855 6.63392 6.58213 5.72202 3.91514 2.1105 1.64382 3.67903 4.26226 4.14462 4.59984 3.51351 4.0284 3.81875 3.24269 1.45801 -0.169832 -0.844441 -2.17836 -9999 -9999 -9999 -9999 -9999 -9999 -9999 -9999 -9999 -9999 -9999 -9999 -9999 -9999 -9999 -9999 -9999 -9999 -9999 -9999 -9999 -9999 -9999 -9999 -9999 -9999 -9999 -9999 -9999 -9999 -9999 -9999 -9999 -9999 -9999 -9999 -9999 -9999 -9999 -9999
-9999 -9999 -9999 4.4 5.29139 6.03016 6.93096 7.71253 8.10293 8.48213 8.45434 7.62033 7.21338 7.17956 6.61673 5.62357 5.00063 3.8648 2.68124 3.13471 4.87029 4.09955 5.3294 5.22629 5.45304 4.63246 3.08418 1.00551 -0.202865 -0.80625 -1.88696 -9999 -9999 -9999 -9999 -9999 -9999 -9999 -9999 -9999 -9999 -9999 -9999 -9999 -9999 -9999 -9999 -9999 -9999 -9999 -9999 -9999 -9999 -9999 -9999 -9999 -9999 -9999 -9999 -9999 -9999 -9999 -9999 -9999 -9999 -9999 -9999 -9999 -9999 -9999 -9999
-9999 -9999 -9999 -9999 5.13517 5.6997 6.90122 7.53034 7.7849 8.39509 8.39916 8.08485 7.84792 7.50281 7.05117 6.30514 5.48166 4.4134 4.31539 5.42589 5.44038 5.20931 5.39226 5.96314 5.81368 4.54471 2.35738 1.19865 -1.15446 -2.16297 -2.05858 -2.77312 -9999 -9999 -9999 -9999 -9999 -9999 -9999 -9999 -9999 -9999 -9999 -9999 -0.0256744 -9999 -9999 -9999 -9999 -9999 -9999 -9999 -9999 -9999 -9999 -9999 -9999 -9999 -9999 -9999 -9999 -9999 -9999 -9999 -9999 -4.32773 -9999 -9999 -9999 -9999 -9999
-9999 -9999 -9999 5.02588 5.78308 6.36922 7.12397 7.20183 7.65763 8.35905 8.37218 8.15017 7.89865 7.32987 7.19021 6.76618 5.87194 5.68978 6.0536 6.22153 6.4117 6.52906 6.43507 6.20489 5.90728 5.09494 4.07808 3.39607 1.24297 0.159321 -0.881369 -2.45705 -3.68946 -9999 -9999 -9999 -9999 -9999 -9999 -9999 -0.842902 -0.901126 -0.872821 -0.526678 0.42841 -0.132337 -9999 -9999 -9999 -9999 -9999 -9999 -9999 -9999 -9999 -9999 -9999 -9999 -9999 -9999 -9999 -9999 -9999 -9999 -9999 -3.45875 -4.70103 -9999 -9999 -9999 -9999
-9999 -9999 -9999 5.23933 6.03029 6.42746 7.16103 7.58257 7.86625 8.11177 8.34631 8.31034 8.03188 7.60658 7.61118 7.02356 6.7071 6.48122 6.9729 7.07055 6.87414 6.62765 6.40982 5.7927 5.72206 5.528 4.88309 3.82381 2.73231 1.1583 -0.981009 -3.07896 -4.77092 -9999 -9999 -9999 -9999 -9999 -9999 -0.657954 0.135598 0.611064 -0.398995 0.464304 1.2534 1.12763 0.364599 -9999 -9999 -9999 -9999 -9999 -9999 -9999 -9999 -9999 -9999 -9999 -9999 -9999 -9999 2.43727 1.16378 -1.40838 -2.72713 -3.51858 -4.64831 -9999 -9999 -9999 -9999
-9999 -9999 -9999 5.08756 6.02145 6.65576 7.21945 7.31363 7.89732 8.15098 8.27871 8.26719 8.21419 8.13772 7.62542 7.40572 6.62966 7.37404 7.34647 7.15876 6.4142 6.09171 4.81317 4.25101 4.13185 5.20869 4.41501 2.75657 0.683111 -1.80428 -1.96686 -2.79024 -4.30216 -9999 -9999 -9999 -9999 -9999 -9999 -0.404985 0.44367 1.15196 1.25521 0.251101 1.65302 1.60095 0.816725 0.638899 1.28217 1.60852 1.36744 2.13394 2.35937 2.01359 2.39423 -9999 -9999 -9999 -9999 2.62149 2.67267 2.71107 2.18006 -0.630027 -2.54954 -4.27336 -4.43243 -9999 -9999 -9999 -9999
-9999 -9999 -9999 5.73524 6.31234 6.60688 6.65907 7.16598 7.67773 7.99036 8.22046 8.17833 8.16273 8.14552 7.97145 7.56419 7.63869 7.60627 7.36825 5.95039 4.29538 5.01726 4.03407 1.93535 3.64716 4.58742 3.68804 1.6782 -0.652423 -1.40988 -1.37803 -2.5236 -3.9968 -9999 -9999 -9999 -2.7177 -1.5021 -1.39565 -1.03697 0.0948181 0.955748 1.6034 2.04514 2.03355 1.56726 0.800075 -0.0337015 0.263738 1.76415 2.13044 2.43855 2.67221 2.35133 2.52065 2.92232 3.13008 3.17244 3.0782 3.05652 3.08896 3.04057 2.54496 0.0307605 -1.40836 -2.32687 -4.17138 -9999 -9999 -9999 -9999
-9999 -9999 -9999 5.38177 5.88447 6.29286 6.96776 7.04406 7.47289 7.73397 8.11123 8.15674 7.72244 8.08607 8.04119 7.9749 7.8324 7.62284 6.4259 4.77596 3.12192 2.35847 2.68797 1.42334 2.07548 3.02825 2.68206 1.4519 -0.624134 -0.914999 -1.39273 -3.32208 -5.17787 -9999 -9999 -5.06772 -2.736 -1.09406 -0.246894 0.0157866 0.0412259 1.12578 1.21092 2.37839 2.10718 0.562846 0.736503 0.134565 0.523985 1.07538 1.22686 2.01955 2.77988 2.92445 2.9286 3.18467 3.23775 3.25165 3.24516 3.07194 3.1508 3.16238 2.85303 1.03139 0.142585 -0.835313 -4.1392 -9999 -9999 -9999 -9999
-9999 -9999 -9999 5.64264 6.20431 6.8191 6.92344 7.38042 7.33884 7.22038 7.85405 8.08754 7.78185 7.56202 7.97316 7.94592 7.8922 7.80289 6.67792 5.37592 3.4049 2.18028 1.43483 0.903717 0.197318 0.687363 0.539541 0.34103 0.573401 0.00424314 -1.13039 -2.25819 -4.37189 -5.51374 -9999 -4.935 -3.88217 -1.92958 -0.270319 0.782952 0.404473 1.63761 1.86623 2.57927 2.16159 1.22372 0.821353 0.785706 0.662961 1.49405 2.05242 2.44815 2.7124 3.04005 3.12436 3.20898 3.24462 3.2641 3.28356 3.27918 3.27223 3.23473 3.11789 2.27973 1.39371 -0.522372 -4.02343 -9999 -9999 -9999 -9999
-9999 -9999 4.01782 5.58326 6.52198 6.88911 7.15581 7.39155 7.56368 7.74786 7.91527 8.03173 7.98629 7.17133 7.23971 7.38759 7.85194 7.81887 7.71694 7.00482 4.60636 3.77982 2.57038 1.00286 0.349495 0.678729 1.96629 1.91097 1.06179 0.115265 -1.19167 -2.02439 -3.31904 -5.80728 -5.58201 -4.4598 -3.62469 -2.29744 -0.269418 1.15213 1.78634 2.02572 2.52641 2.78606 2.21378 1.66852 1.43951 1.01534 0.955952 0.959821 1.46239 1.85522 2.72666 3.02056 3.15415 3.22342 3.26095 3.28821 3.31476 3.3238 3.30666 3.30686 3.29912 3.23758 2.05681 -0.89585 -3.12032 -9999 -9999 -9999 -9999
-9999 -9999 -9999 5.29988 5.71622 5.82978 6.02397 6.41499 6.86467 7.50281 7.58839 7.9387 7.94026 7.2381 6.42632 7.13581 7.4176 7.70926 7.71762 7.62546 5.61171 4.55782 3.72846 2.22551 2.77015 3.28723 3.32837 3.01966 1.19652 -0.619119 -2.71076 -4.66723 -4.75917 -5.81155 -5.25321 -4.51149 -2.6094 -1.27084 -0.727949 -0.338194 1.72288 2.25966 2.44375 2.97126 2.25163 2.06919 1.52867 1.68985 1.64315 1.64706 0.15002 1.65445 1.74429 2.72433 3.16532 3.26515 3.29322 3.32283 3.32779 3.33345 3.32861 3.33786 3.3229 3.30576 2.538 -1.20623 -3.08683 -9999 -9999 -9999 -9999
-9999 -9999 -9999 -9999 -9999 5.44769 5.76728 5.97445 6.32808 7.40178 7.69328 7.88789 7.90749 7.59605 6.79238 6.58127 6.72915 5.94333 6.60048 7.5002 7.47789 7.36918 5.59821 4.69377 5.57281 5.30789 3.97818 2.93235 1.90034 -0.225681 -1.77922 -4.0217 -5.70535 -5.76735 -3.90611 -2.36051 -0.435812 0.413642 -0.0692217 0.454204 1.47838 2.64126 3.20351 3.07086 2.31226 2.20582 1.37221 2.19229 2.26317 1.88289 1.55448 1.6874 2.17271 2.35847 3.12534 3.31165 3.34472 3.35128 3.35481 3.35155 3.34684 3.33714 3.3284 3.31686 3.28142 -0.567314 -3.56206 -9999 -9999 -9999 -9999
-9999 -9999 -9999 -9999 -9999 4.71427 4.91165 5.41953 6.71318 7.39602 7.67308 7.66802 7.79731 7.57843 6.8716 6.14523 5.45961 4.57514 5.08111 6.41958 7.20883 7.29897 5.74669 6.55677 6.25579 5.66123 3.92162 2.64035 1.96233 -0.078588 -1.82351 -3.31476 -5.37471 -4.49138 -3.51893 -2.27047 -0.170826 1.24593 1.82807 1.34 1.99463 3.33281 3.34031 2.6085 2.65625 2.21021 1.07094 2.25802 2.59266 2.32445 2.39529 2.29662 2.47788 2.80729 3.12239 3.33213 3.36099 3.36454 3.35802 3.35764 3.35812 3.34284 3.34335 3.33182 3.31145 0.826956 -3.61299 -9999 -9999 -9999 -9999
-9999 -9999 -9999 -9999 -9999 -9999 4.05422 5.20458 6.91969 7.35247 7.31857 7.67549 7.70926 7.37185 7.07846 6.19648 4.99051 2.67335 3.26379 4.49592 6.27274 7.20693 7.08178 6.56427 5.66364 3.4823 1.57379 1.34415 1.03388 -0.454864 -1.79755 -3.45572 -2.49218 -1.43706 -0.283116 0.323516 0.166964 1.38099 2.3707 1.95087 2.75392 3.69069 3.26605 3.01501 2.80445 2.28902 2.25846 2.313 2.98765 2.52248 2.81009 2.819 2.8039 2.96462 3.14943 3.34343 3.37565 3.37644 3.37981 3.35731 3.36496 3.35345 3.34197 3.33136 3.31383 3.08843 0.696308 -0.73312 -9999 -9999 -9999
-9999 -9999 -9999 -9999 -9999 -9999 3.00468 3.58157 5.61148 6.24492 7.1437 7.62239 7.6475 7.07605 6.75818 5.44352 5.01717 2.87386 1.90365 2.72758 2.41276 4.85964 7.02526 6.55618 2.18844 0.607848 -0.518723 -0.226337 -0.221039 -0.63356 -2.9228 -3.55332 -1.49726 -0.202238 0.801239 1.5625 1.72168 1.69599 3.24395 3.44976 3.95274 3.84358 3.89034 3.10928 2.62613 3.04824 2.56175 2.47935 3.17631 2.49189 3.11305 3.0416 2.85654 2.84783 3.25717 3.34061 3.38473 3.38767 3.37178 3.35121 3.33914 3.35208 3.34553 3.32246 3.32318 3.30052 3.0149 1.77724 1.34465 1.82396 -9999
-9999 -9999 -9999 -9999 -9999 -9999 -9999 1.69969 4.51809 5.81134 6.49091 7.44526 7.56299 7.26159 6.70946 5.37003 4.19194 2.27612 0.0880477 -1.07041 2.39969 5.42023 6.99748 6.79257 3.1572 1.72384 1.65959 2.5075 1.79668 1.25821 -0.48019 -0.999316 -1.72182 -1.27402 0.124641 1.26652 2.36775 3.16841 3.23407 3.75363 4.05198 4.07664 4.17029 4.07874 4.00421 3.25011 3.77171 3.33069 3.56628 3.41642 3.28131 3.16582 2.73547 3.04121 3.31198 3.38223 3.40398 3.38772 3.38391 3.37241 3.34701 3.3349 3.33285 3.32998 3.31583 3.31532 3.30084 3.16199 2.41742 1.42074 0.161628
-9999 -9999 -9999 -9999 -9999 -9999 -9999 0.299904 3.1042 4.46104 6.20122 7.10014 7.46595 7.41981 6.97267 5.95519 4.42305 3.14669 0.704166 -1.83193 1.81058 5.0558 6.80773 6.90221 3.84828 4.69788 4.01536 4.29416 3.04285 2.52452 2.11793 1.21955 0.236757 -0.838002 -1.40651 1.15593 2.47186 3.53082 4.03026 4.31265 4.45373 4.37896 4.186 3.04866 3.91643 3.86988 3.78419 3.68597 3.63898 3.5502 3.44547 3.38476 3.36343 3.07783 3.40357 3.39608 3.40041 3.40182 3.39319 3.37688 3.36259 3.34498 3.34476 3.33267 3.32125 3.31331 3.30838 3.29904 3.25804 3.06024 1.36934
-9999 -9999 -9999 -9999 -9999 -9999 -9999 -3.62775 0.449116 3.73277 5.44526 6.84024 7.22455 7.36894 6.76865 6.3197 5.22172 4.18194 2.57747 0.173988 -1.30539 1.42267 5.38746 6.85014 6.73875 6.64949 5.85992 5.14871 5.06102 5.11708 4.29177 3.08481 1.50467 1.01266 0.459086 2.36775 2.62695 2.48779 4.58598 4.59091 4.4718 3.66925 2.77187 2.94291 2.38612 2.81183 2.14921 2.75964 3.28748 3.48519 3.46976 3.40148 3.39447 3.3632 3.41933 3.41828 3.40904 3.4019 3.39795 3.38987 3.36527 3.35122 3.35986 3.34263 3.33013 3.31648 3.31403 3.30935 3.27895 3.25137 2.99135
-9999 -9999 -9999 -9999 -9999 -9999 -9999 -3.44482 -0.0107798 2.89777 4.64481 6.32241 6.71307 7.27994 7.15915 6.68894 5.73471 4.54228 3.22203 1.16026 -0.371734 1.45296 4.08644 5.97248 6.65067 6.64526 6.60206 6.42517 6.3553 6.14892 6.00556 5.13894 3.64676 2.80347 1.5688 3.69579 3.93464 3.60212 4.66353 4.61032 3.00538 1.77145 1.61787 2.3722 1.65661 1.53021 1.08356 1.58795 2.9388 2.54685 2.62526 3.23895 3.34 3.40423 3.42151 3.41709 3.41398 3.40339 3.40479 3.40614 3.382 3.37075 3.36514 3.34175 3.33668 3.32049 3.30802 3.2953 3.27891 3.25376 3.17976
-9999 -9999 -9999 -9999 -9999 -9999 -9999 -3.36935 -1.05765 1.55983 4.13006 5.92129 6.64479 7.17173 7.16733 6.62065 6.14678 5.39962 4.23827 3.44201 2.05913 0.161037 3.34675 4.32584 5.20001 5.57074 6.48125 6.46107 6.04674 5.5668 6.01651 5.88624 4.70482 4.31667 3.66072 4.8438 4.84672 4.81396 4.75055 3.39462 1.50993 0.00357786 1.08789 0.861678 1.36108 -0.181207 1.09024 2.11173 2.44342 1.74875 1.23435 2.82781 3.09131 3.24811 3.3485 3.41439 3.39831 3.41446 3.40502 3.40029 3.39511 3.38142 3.37311 3.35924 3.34505 3.33052 3.31984 3.30175 3.28115 3.2796 3.2379
-9999 -9999 -9999 -9999 -9999 -9999 -9999 -9999 -2.41119 0.907452 3.86878 5.51821 6.55594 7.06206 7.05407 6.77501 6.45351 5.99052 5.15295 4.10069 2.43749 1.20329 1.98909 2.94869 3.05906 3.69737 5.54492 6.17725 5.28533 3.08105 4.387 5.84215 5.81907 5.69536 5.55683 5.37715 5.21716 4.86689 3.92852 1.05373 0.490372 -0.637039 -0.508475 -1.08656 0.179032 -0.294038 1.00454 1.56753 1.78026 0.580286 0.836175 2.24628 2.80447 2.7117 3.05421 3.37967 3.39045 3.39988 3.3915 3.39865 3.40138 3.39608 3.38307 3.37252 3.36483 3.33745 3.33945 3.23271 3.1634 3.02274 3.19713
-9999 -9999 -9999 -9999 -9999 -9999 -9999 -9999 -3.06438 0.245635 3.73254 4.85338 5.97193 6.9373 6.95731 6.53042 6.12439 5.7061 5.22979 3.95332 2.71566 1.53425 1.13872 1.37861 1.36354 2.39495 4.80124 5.26848 5.07147 2.7703 1.99005 3.93377 5.5673 5.69627 5.54851 3.62702 4.03658 3.00013 1.59441 1.20779 0.592798 -0.707212 -0.0807509 -1.0328 -0.623903 -0.732143 0.00522486 0.364936 1.24179 0.196001 0.202933 1.5875 2.28604 2.30363 3.03675 3.29824 3.36692 3.3844 3.39708 3.40064 3.41265 3.40647 3.39631 3.3827 3.34838 3.26563 3.00828 1.61732 1.61945 2.00147 2.36299
-9999 -9999 -9999 -9999 -9999 -9999 -9999 -9999 -2.67816 -0.380636 2.71346 5.00569 5.15129 6.26625 6.84231 6.37808 5.85516 5.32011 5.08686 3.6976 2.17153 0.938872 -0.520338 -0.278177 0.772211 2.49105 4.04589 4.32518 4.00558 2.77556 3.36068 4.68647 5.39066 5.59859 5.43562 5.0174 4.77586 4.01275 3.68221 2.62231 0.964901 0.312373 0.726407 -1.0331 -0.909609 -0.258317 -0.948714 0.191471 0.737289 -0.613321 0.462435 1.68707 2.31326 2.86076 3.12004 3.22356 3.3822 3.38674 3.40048 3.40821 3.40643 3.40692 3.38184 3.36117 3.21405 2.99676 1.70086 1.15927 1.26564 1.86531 2.39043
-9999 -9999 -9999 -9999 -9999 -9999 -9999 -9999 -2.28325 -0.214607 2.46833 4.10309 4.39687 5.63315 6.73248 6.61104 6.06699 5.90209 5.33819 4.16016 2.85891 1.43658 0.745887 -0.84381 0.724331 1.96716 3.28401 3.90083 2.89203 2.38266 3.28719 4.18632 4.54579 5.45369 5.44555 5.15027 3.87576 3.25449 3.51768 3.25102 2.78374 1.64306 1.5927 0.860139 0.556984 0.270661 -0.660261 -0.0656287 -0.00581639 0.156279 1.4463 2.08381 2.50658 2.89114 2.99233 3.15974 3.3769 3.3964 3.4046 3.40407 3.40859 3.39312 3.33191 3.28038 2.98383 2.45846 1.47775 -0.11372 1.00752 2.17995 2.52982
-9999 -9999 -9999 -9999 -9999 -9999 -9999 -9999 -2.63148 -0.434246 1.85892 2.81863 2.98286 5.21912 6.58884 6.59244 6.33517 6.03446 4.63984 4.72301 4.44512 3.16218 1.29286 -0.760236 -0.566053 0.660126 2.3998 2.97599 1.30326 0.710512 1.1482 2.5074 3.72407 4.99434 5.31738 4.94538 2.96128 0.85273 1.83138 2.87703 2.87173 2.56556 1.50773 1.17214 0.86839 0.0966784 -1.21114 -1.01803 -0.654104 0.811164 1.27389 1.98858 2.5822 2.35885 2.49004 3.05795 3.38397 3.39665 3.40286 3.414 3.40693 3.38789 3.26549 3.13581 2.91789 1.54747 0.695386 -0.545587 0.896532 1.69583 2.122
-9999 -9999 -9999 -9999 -9999 -9999 -9999 -9999 -3.30705 -1.71211 0.479707 1.364 2.77341 4.88673 5.92679 6.42596 6.41621 6.21618 5.59235 5.21779 4.47852 3.14381 1.31834 -0.710958 -2.03153 -1.35809 0.982475 1.5392 -0.00532388 -0.792395 0.189994 1.63846 3.78273 5.00811 5.17408 5.06387 4.65514 3.11586 1.25599 1.26281 2.19639 1.41618 0.509285 1.00884 0.91694 0.154939 -0.399221 -0.73705 -0.524708 0.311346 0.656225 1.48181 2.70014 2.87498 2.84081 3.35398 3.38004 3.39241 3.41216 3.41192 3.40757 3.39252 3.29274 3.06876 2.15667 1.36131 0.25466 0.117986 1.40054 1.96251 2.48589
-9999 -9999 -9999 -9999 -9999 -9999 -9999 -9999 -4.47299 -2.59695 -0.54369 1.37885 3.19773 4.76326 4.88547 5.71165 5.7118 6.14519 6.02252 5.4443 4.82183 3.67198 1.32656 -0.645418 -2.79613 -2.22747 0.157961 0.478593 -0.558694 -2.47601 -0.494354 1.69086 3.67135 4.74374 3.90419 4.76585 4.69567 4.11924 3.01227 1.2908 1.32386 0.0338931 -0.0217781 0.641439 0.857023 0.747094 0.33122 -0.334079 -0.217585 0.291018 0.420189 1.17895 2.12419 3.0483 3.20394 3.38056 3.38856 3.39186 3.40666 3.40888 3.38998 3.34305 3.23863 2.47403 1.56465 1.00452 0.233506 0.140106 1.62078 2.21053 2.53965
-9999 -9999 -9999 -9999 -9999 -9999 -9999 -9999 -9999 -2.785 -0.663909 0.905961 1.32976 2.72143 3.47343 4.05556 4.18547 5.84424 5.9367 5.57048 4.99874 4.01816 2.23865 0.999176 -1.06376 -2.54619 -1.93336 -1.64177 -1.09554 -1.25536 -0.371081 1.72885 3.91653 4.15579 2.76716 2.97347 3.26468 3.91663 3.58661 1.24078 0.0491379 -0.939942 -0.236666 0.503142 0.682465 0.718678 0.576423 0.411668 0.132585 1.12196 1.85414 2.02418 2.66264 3.13413 3.26466 3.36311 3.37566 3.38842 3.38904 3.36202 3.34249 3.22461 2.95999 2.10465 0.0472468 0.143486 -0.0789489 -0.718912 0.727613 1.63944 2.45661
-9999 -9999 -9999 -9999 -9999 -9999 -9999 -9999 -9999 -3.48647 -1.03263 -0.513073 -0.550075 -1.36057 -0.985575 2.02534 2.63248 4.22328 5.72961 5.62007 5.05911 4.14167 3.08226 1.44147 -0.878816 -2.72219 -3.49142 -1.50596 0.445428 0.848918 1.47222 2.75934 3.00457 1.58545 0.254635 1.00276 1.45355 3.16965 3.48316 3.15001 1.73665 0.120589 -0.722897 0.273303 0.40665 0.466651 0.478728 0.448279 0.40922 1.52691 2.14427 2.57264 2.80606 3.21097 3.31493 3.34854 3.3802 3.37336 3.35295 3.28947 3.21718 2.8976 2.51062 1.10935 -0.0589204 -0.787422 -1.7122 0.372171 0.989719 1.84678 2.39938
