Test_Spring_2018b/02_18/Temp/20180224_023.txt
ncols	170
nrows	115
xllcorner	350000.000000
yllcorner	4445000.000000
cellsize	1000.000000
nodata_value	-9999.000000
[rows 31 to 61 of 115, columns 71 to 141 of 170]
8.29401 8.53357 8.08044 8.12557 9.2126 9.46322 9.44722 9.3534 9.24993 8.73363 8.56075 8.15385 7.4373 7.13665 5.86199 1.74189 2.90676 3.36142 2.16561 2.83057 3.91371 2.96666 0.160198 -1.04999 -2.99789 -2.38564 -2.97003 -4.53861 -9999 -9999 -9999 -9999 -9999 -9999 -9999 -9999 -9999 -9999 -9999 -9999 -9999 -9999 -9999 -9999 -9999 -9999 -9999 -9999 -9999 -9999 -9999 -9999 -9999 -9999 -9999 -9999 -9999 -9999 -9999 -9999 -9999 -9999 -9999 -9999 -9999 -9999 -9999 -9999 -9999 -9999 -9999
8.06299 8.03516 7.59881 8.27287 8.89361 8.52518 8.27399 9.29836 9.29794 8.94939 8.13119 7.83059 7.51881 7.32734 6.27739 3.33319 0.678761 2.09886 2.13097 1.14624 2.90718 1.97412 -0.45695 -3.88806 -2.02608 -2.5131 -4.94287 -5.547 -9999 -9999 -9999 -9999 -9999 -9999 -9999 -9999 -9999 -9999 -9999 -9999 -9999 -9999 -9999 -9999 -9999 -9999 -9999 -9999 -9999 -9999 -9999 -9999 -9999 -9999 -9999 -9999 -9999 -9999 -9999 -9999 -9999 -9999 -9999 -9999 -9999 -9999 -9999 -9999 -9999 -9999 -9999
7.6842 7.45572 7.26824 8.27013 8.24922 8.1894 8.55828 9.1961 9.32196 9.18572 8.82852 8.51913 8.18996 7.35576 6.15477 3.63485 0.613626 -0.0727629 1.40364 1.47288 1.70866 0.858166 -0.209709 -1.87929 -0.515597 0.0127711 -1.58779 -3.68063 -5.02515 -9999 -9999 -9999 -9999 -9999 -9999 -9999 -9999 -9999 -9999 -9999 -9999 -9999 -9999 -9999 -9999 -9999 -9999 -9999 -9999 -9999 -9999 -9999 -9999 -9999 -9999 -9999 -9999 -9999 -9999 -9999 -9999 -9999 -9999 -9999 -9999 -9999 -9999 -9999 -9999 -9999 -9999
7.10976 6.76373 5.79199 6.39584 6.84932 7.69164 7.92229 8.04776 9.24237 9.1786 9.12268 8.61176 8.20291 7.52587 6.36993 4.72448 2.74345 -0.705013 1.41888 3.08154 3.03718 2.94421 2.1955 0.591402 1.92979 1.99064 -0.0555586 -2.37513 -3.74453 -4.31237 -9999 -9999 -9999 -9999 -9999 -9999 -9999 -9999 -9999 -9999 -9999 -9999 -9999 -9999 -9999 -9999 -9999 -9999 -9999 -9999 -9999 -9999 -9999 -9999 -9999 -9999 -9999 -9999 -9999 -9999 -9999 -9999 -9999 -9999 -9999 -9999 -9999 -9999 -9999 -9999 -9999
6.30968 5.97651 4.78958 5.39716 6.20796 7.3525 7.95073 8.4094 8.76639 9.13041 9.0868 8.56387 7.02056 6.79933 6.7315 5.65485 3.39652 1.14104 0.555532 3.09277 3.81767 3.66771 4.2327 2.87348 3.51274 3.24757 2.51999 0.284836 -1.75248 -2.59806 -4.26651 -9999 -9999 -9999 -9999 -9999 -9999 -9999 -9999 -9999 -9999 -9999 -9999 -9999 -9999 -9999 -9999 -9999 -9999 -9999 -9999 -9999 -9999 -9999 -9999 -9999 -9999 -9999 -9999 -9999 -9999 -9999 -9999 -9999 -9999 -9999 -9999 -9999 -9999 -9999 -9999
-9999 -9999 -9999 4.04738 5.1516 6.06901 7.1903 8.16289 8.64642 9.11602 9.07767 8.03312 7.52169 7.4761 6.77034 5.52757 4.74697 3.32628 1.84605 2.40909 4.57237 3.6073 5.13917 5.00718 5.28677 4.25897 2.31324 -0.284173 -1.79833 -2.55523 -3.90789 -9999 -9999 -9999 -9999 -9999 -9999 -9999 -9999 -9999 -9999 -9999 -9999 -9999 -9999 -9999 -9999 -9999 -9999 -9999 -9999 -9999 -9999 -9999 -9999 -9999 -9999 -9999 -9999 -9999 -9999 -9999 -9999 -9999 -9999 -9999 -9999 -9999 -9999 -9999 -9999
-9999 -9999 -9999 -9999 4.9537 5.65349 7.14935 7.93212 8.24595 9.00368 9.00494 8.60889 8.30956 7.87533 7.30827 6.37391 5.34302 4.00671 3.88149 5.26467 5.27984 4.98843 5.21365 5.92291 5.73288 4.14088 1.40205 -0.0483118 -2.99057 -4.2534 -4.12715 -5.02301 -9999 -9999 -9999 -9999 -9999 -9999 -9999 -9999 -9999 -9999 -9999 -9999 -1.63171 -9999 -9999 -9999 -9999 -9999 -9999 -9999 -9999 -9999 -9999 -9999 -9999 -9999 -9999 -9999 -9999 -9999 -9999 -9999 -9999 -7.0667 -9999 -9999 -9999 -9999 -9999
-9999 -9999 -9999 4.82283 5.75854 6.48628 7.42436 7.5184 8.08367 8.95509 8.96747 8.68647 8.36879 7.65528 7.47757 6.94511 5.82593 5.59565 6.04695 6.25376 6.4883 6.63185 6.51145 6.22085 5.84585 4.81928 3.54595 2.69036 -0.000172167 -1.35947 -2.66276 -4.63375 -6.17618 -9999 -9999 -9999 -9999 -9999 -9999 -9999 -2.64797 -2.72277 -2.68957 -2.25971 -1.06994 -1.77236 -9999 -9999 -9999 -9999 -9999 -9999 -9999 -9999 -9999 -9999 -9999 -9999 -9999 -9999 -9999 -9999 -9999 -9999 -9999 -5.98685 -7.53949 -9999 -9999 -9999 -9999
-9999 -9999 -9999 5.08119 6.0646 6.55633 7.46778 7.98969 8.34074 8.64292 8.93147 8.88253 8.53108 7.99657 7.99887 7.26223 6.86425 6.57949 7.19048 7.30969 7.06182 6.75132 6.47638 5.70281 5.61103 5.35646 4.54714 3.22039 1.85327 -0.117088 -2.79195 -5.41514 -7.53145 -9999 -9999 -9999 -9999 -9999 -9999 -2.42073 -1.43228 -0.840727 -2.10332 -1.02777 -0.0450008 -0.204375 -1.1666 -9999 -9999 -9999 -9999 -9999 -9999 -9999 -9999 -9999 -9999 -9999 -9999 -9999 -9999 1.37432 -0.216839 -3.42889 -5.07652 -6.06612 -7.47812 -9999 -9999 -9999 -9999
-9999 -9999 -9999 4.88967 6.05131 6.83883 7.53805 7.65114 8.37522 8.68847 8.84352 8.82492 8.75476 8.65556 8.01266 7.73526 6.76369 7.69008 7.65309 7.41626 6.48433 6.07907 4.48025 3.77526 3.61507 4.95482 3.95958 1.88471 -0.708382 -3.82095 -4.02711 -5.05977 -6.95168 -9999 -9999 -9999 -9999 -9999 -9999 -2.11061 -1.05316 -0.170759 -0.0435311 -1.29856 0.44929 0.375388 -0.606163 -0.831161 -0.031631 0.372049 0.0652123 1.02033 1.29776 0.86225 1.33353 -9999 -9999 -9999 -9999 1.60253 1.66455 1.71087 1.04665 -2.46213 -4.85939 -7.01253 -7.21755 -9999 -9999 -9999 -9999
-9999 -9999 -9999 5.69624 6.41235 6.77557 6.83615 7.46416 8.09814 8.48476 8.76495 8.70821 8.68482 8.6597 8.43908 7.9277 8.01788 7.97481 7.67522 5.90303 3.83475 4.733 3.50485 0.878088 3.00753 4.17661 3.04916 0.535378 -2.37904 -3.33275 -3.29662 -4.73176 -6.58053 -9999 -9999 -9999 -4.99933 -3.48485 -3.35433 -2.90868 -1.49784 -0.424967 0.38648 0.936319 0.915852 0.32976 -0.630499 -1.67426 -1.30647 0.562466 1.01558 1.39618 1.68366 1.279 1.48218 1.98005 2.23616 2.28616 2.16601 2.13678 2.17541 2.11339 1.4933 -1.64183 -3.43926 -4.58705 -6.89588 -9999 -9999 -9999 -9999
-9999 -9999 -9999 5.25201 5.87513 6.38034 7.21606 7.30653 7.83703 8.15796 8.62555 8.67809 8.13203 8.58224 8.52289 8.43718 8.25661 7.99257 6.49624 4.43449 2.36752 1.4119 1.81679 0.234708 1.04177 2.2263 1.79078 0.243343 -2.35345 -2.72212 -3.32657 -5.73791 -8.05913 -9999 -9999 -7.93407 -5.02691 -2.9802 -1.92505 -1.59907 -1.56895 -0.21678 -0.112044 1.34346 0.999061 -0.932294 -0.718329 -1.46751 -0.985018 -0.306219 -0.121185 0.86202 1.80928 1.98577 1.98713 2.30316 2.36614 2.3806 2.37001 2.15171 2.24838 2.26134 1.87389 -0.401082 -1.51179 -2.73796 -6.86369 -9999 -9999 -9999 -9999
-9999 -9999 -9999 5.57332 6.26974 7.03233 7.15775 7.72331 7.66725 7.51429 8.3006 8.58879 8.20322 7.92518 8.43507 8.39818 8.32855 8.21473 6.80836 5.18101 2.71848 1.18731 0.250857 -0.415802 -1.31025 -0.70378 -0.893705 -1.14707 -0.862732 -1.57816 -3.00268 -4.41569 -7.0572 -8.4871 -9999 -7.7727 -6.46175 -4.02722 -1.95834 -0.645425 -1.1193 0.41848 0.702436 1.58743 1.06406 -0.110211 -0.620214 -0.668038 -0.824768 0.208877 0.905991 1.39366 1.71942 2.12632 2.22764 2.3296 2.37079 2.3922 2.41403 2.40654 2.39619 2.34801 2.20096 1.15365 0.0429641 -2.35018 -6.72193 -9999 -9999 -9999 -9999
-9999 -9999 3.55148 5.49795 6.66475 7.11801 7.44588 7.73513 7.94506 8.16985 8.37455 8.51558 8.45575 7.43494 7.51708 7.69885 8.27597 8.23248 8.10315 7.21217 4.2162 3.17958 1.66176 -0.299305 -1.12199 -0.716525 0.884844 0.809924 -0.255935 -1.4433 -3.08273 -4.1272 -5.74821 -8.8572 -8.58031 -7.18331 -6.14406 -4.48997 -1.96069 -0.187993 0.602262 0.899798 1.5207 1.84297 1.1223 0.437871 0.148814 -0.38404 -0.46178 -0.460707 0.162727 0.647199 1.73421 2.09704 2.26147 2.34424 2.38776 2.4189 2.44961 2.45892 2.43594 2.4349 2.42411 2.34337 0.868122 -2.82226 -5.60086 -9999 -9999 -9999 -9999
-9999 -9999 -9999 5.14303 5.65762 5.7942 6.0314 6.51432 7.07057 7.86188 7.96412 8.39715 8.39536 7.51605 6.49971 7.38256 7.73193 8.09385 8.10227 7.98517 5.46483 4.14554 3.10603 1.22532 1.89778 2.53745 2.58284 2.19141 -0.0903153 -2.36265 -4.98157 -7.42895 -7.54872 -8.86678 -8.17306 -7.25092 -4.87986 -3.21156 -2.53586 -2.0509 0.520368 1.18722 1.41245 2.06835 1.16737 0.935771 0.257785 0.455431 0.393456 0.394528 -1.47788 0.394114 0.502724 1.72257 2.27137 2.39348 2.42522 2.45931 2.46313 2.46826 2.46067 2.47096 2.44918 2.42409 1.46376 -3.21178 -5.56122 -9999 -9999 -9999 -9999
-9999 -9999 -9999 -9999 -9999 5.31575 5.70935 5.9627 6.399 7.73392 8.0932 8.33193 8.35266 7.96062 6.95488 6.68878 6.8711 5.88824 6.70541 7.8247 7.79331 7.65358 5.43859 4.30289 5.39441 5.05779 3.39193 2.08028 0.785843 -1.87401 -3.8213 -6.62566 -8.73209 -8.81395 -6.49477 -4.5686 -2.16923 -1.11134 -1.71588 -1.06404 0.210577 1.65976 2.35908 2.19083 1.24107 1.10424 0.060317 1.08029 1.16501 0.686541 0.272772 0.433023 1.03534 1.26393 2.218 2.44765 2.48726 2.49265 2.49472 2.48873 2.48132 2.46576 2.45279 2.43628 2.38986 -2.41624 -6.15639 -9999 -9999 -9999 -9999
-9999 -9999 -9999 -9999 -9999 4.3988 4.63981 5.26846 6.87804 7.72511 8.06643 8.05602 8.21373 7.93732 7.0523 6.14329 5.28532 4.17888 4.80769 6.47515 7.45657 7.56487 5.62266 6.62682 6.24528 5.49705 3.31943 1.71381 0.861133 -1.69254 -3.87865 -5.7453 -8.32133 -7.22316 -6.01321 -4.45819 -1.84015 -0.0741271 0.650409 0.0388716 0.853706 2.52156 2.5283 1.61204 1.66854 1.10775 -0.317804 1.16017 1.57407 1.23549 1.3201 1.19142 1.41438 1.82241 2.21278 2.47182 2.50529 2.50762 2.49717 2.49478 2.49287 2.47167 2.47011 2.45346 2.42569 -0.67778 -6.22186 -9999 -9999 -9999 -9999
-9999 -9999 -9999 -9999 -9999 -9999 3.56808 4.99867 7.13435 7.66937 7.62265 8.06413 8.10272 7.67845 7.30954 6.2063 4.69886 1.80431 2.53849 4.07311 6.28704 7.4487 7.28761 6.6346 5.50449 2.77561 0.38711 0.0940454 -0.299606 -2.16404 -3.84801 -5.92288 -4.72497 -3.41225 -1.97562 -1.2216 -1.41965 0.0933939 1.32656 0.800326 1.80029 2.96694 2.43411 2.11773 1.85165 1.20415 1.16234 1.22667 2.06496 1.48059 1.83586 1.84158 1.81962 2.01729 2.2452 2.48477 2.52257 2.52127 2.5233 2.49307 2.50043 2.4838 2.46713 2.45145 2.42706 2.14313 -0.845047 -2.63185 -9999 -9999 -9999
-9999 -9999 -9999 -9999 -9999 -9999 2.25661 2.9715 5.5002 6.28577 7.40329 7.99688 8.02475 7.30844 6.9084 5.26525 4.73098 2.05329 0.839585 1.86459 1.46772 4.51731 7.21534 6.62268 1.16502 -0.81406 -2.22656 -1.868 -1.86769 -2.38869 -5.25401 -6.04603 -3.48431 -1.87198 -0.623021 0.324104 0.5198 0.485598 2.41541 2.67012 3.29538 3.15637 3.21174 2.23363 1.62715 2.14974 1.53879 1.43217 2.29833 1.44039 2.21209 2.11762 1.88371 1.87011 2.37845 2.48019 2.53296 2.53408 2.51223 2.4842 2.46718 2.48094 2.47027 2.43887 2.43708 2.40605 2.04703 0.499503 -0.0431508 0.552398 -9999
-9999 -9999 -9999 -9999 -9999 -9999 -9999 0.621275 4.13426 5.74351 6.58755 7.77496 7.91852 7.53686 6.84583 5.17205 3.6994 1.30555 -1.42862 -2.87764 1.44952 5.21505 7.17862 6.91562 2.37209 0.576829 0.490361 1.54243 0.649072 -0.0289463 -2.20661 -2.85938 -3.76554 -3.2105 -1.46923 -0.0473277 1.32505 2.32221 2.40179 3.04763 3.41783 3.44565 3.55937 3.4417 3.34511 2.39953 3.0468 2.49257 2.78294 2.59229 2.4202 2.27083 1.73095 2.11002 2.4456 2.531 2.55464 2.53266 2.52588 2.50913 2.47466 2.45818 2.45297 2.44663 2.42613 2.42262 2.40195 2.22586 1.29378 0.0470908 -1.52707
-9999 -9999 -9999 -9999 -9999 -9999 -9999 -1.12722 2.36834 4.05707 6.22506 7.34145 7.79233 7.73268 7.17258 5.90053 3.98584 2.39002 -0.661858 -3.83109 0.710875 4.75783 6.93941 7.05185 3.23235 4.28669 3.42866 3.77058 2.20283 1.55019 1.03493 -0.0909944 -1.32183 -2.66886 -3.38291 -0.186805 1.45351 2.77298 3.39387 3.74356 3.91655 3.81962 3.57689 2.15379 3.23322 3.17075 3.06001 2.93369 2.87142 2.75713 2.62311 2.54215 2.51297 2.15412 2.55642 2.54421 2.54817 2.54824 2.53544 2.51265 2.49199 2.46684 2.46469 2.44813 2.43091 2.41801 2.40925 2.39477 2.34085 2.09131 -0.0217196
-9999 -9999 -9999 -9999 -9999 -9999 -9999 -6.03094 -0.946829 3.14411 5.27803 7.01185 7.48915 7.66718 6.9158 6.3532 4.98025 3.67957 1.67361 -1.33017 -3.18105 0.218835 5.16206 6.98422 6.83753 6.7202 5.72877 4.83522 4.72011 4.78464 3.74682 2.23283 0.257081 -0.362762 -1.05613 1.3239 1.64515 1.46907 4.08534 4.08859 3.9367 2.93147 1.8073 2.01673 1.32055 1.84753 1.01673 1.77497 2.43028 2.67369 2.65127 2.56085 2.54616 2.50547 2.57201 2.56938 2.55639 2.54575 2.53875 2.52622 2.49267 2.47195 2.47928 2.45633 2.43726 2.41963 2.41399 2.40529 2.36463 2.3276 2.00058
-9999 -9999 -9999 -9999 -9999 -9999 -9999 -5.80738 -1.52594 2.10059 4.27234 6.36348 6.84859 7.55379 7.4007 6.81137 5.61769 4.12634 2.47501 -0.102319 -2.01888 0.253777 3.53504 5.88344 6.72207 6.71235 6.65272 6.42633 6.32974 6.06714 5.88058 4.79508 2.92558 1.87029 0.326743 2.97918 3.27493 2.85738 4.17944 4.11002 2.10349 0.55977 0.36428 1.30129 0.403989 0.241668 -0.316188 0.309785 1.99242 1.49524 1.59037 2.35124 2.47556 2.55148 2.57171 2.56482 2.55942 2.54443 2.54407 2.54328 2.51031 2.4931 2.48269 2.44993 2.44266 2.419 2.40072 2.38521 2.36205 2.32809 2.23333
-9999 -9999 -9999 -9999 -9999 -9999 -9999 -5.71727 -2.83417 0.429161 3.62766 5.86052 6.76091 7.41609 7.40808 6.72313 6.12882 5.19308 3.74 2.74219 1.01175 -1.36214 2.60901 3.82489 4.90833 5.36109 6.49169 6.46091 5.93853 5.33501 5.8922 5.72139 4.24367 3.75639 2.93508 4.40924 4.41038 4.36684 4.28484 2.58932 0.233566 -1.65021 -0.300619 -0.586901 0.0316559 -1.89774 -0.319986 0.951258 1.36189 0.496216 -0.148505 1.83505 2.159 2.35319 2.47706 2.55784 2.53618 2.5545 2.54056 2.53217 2.52289 2.50269 2.48899 2.46821 2.44698 2.42841 2.41254 2.38694 2.35361 2.34915 2.29901
-9999 -9999 -9999 -9999 -9999 -9999 -9999 -9999 -4.528 -0.396666 3.29639 5.35227 6.64484 7.27396 7.26136 6.91028 6.50596 5.92472 4.87553 3.55796 1.47744 -0.0680043 0.907528 2.09857 2.22872 3.01968 5.3201 6.10397 4.98566 2.22551 3.84641 5.65929 5.6275 5.4704 5.29495 5.07158 4.86923 4.42926 3.25507 -0.336296 -1.04664 -2.45772 -2.30134 -3.02706 -1.45285 -2.04751 -0.430569 0.26853 0.530784 -0.969869 -0.656959 1.09778 1.79295 1.67581 2.10203 2.51041 2.52216 2.53202 2.51938 2.52582 2.52645 2.51679 2.4935 2.47669 2.46343 2.42883 2.42905 2.29276 2.20347 2.02543 2.24094
-9999 -9999 -9999 -9999 -9999 -9999 -9999 -9999 -5.35332 -1.22543 3.12352 4.51947 5.91272 7.11483 7.13696 6.60115 6.09116 5.56559 4.96726 3.36984 1.82053 0.341095 -0.157696 0.136425 0.108837 1.39067 4.38871 4.96671 4.7159 1.82892 0.851178 3.27376 5.30951 5.46761 5.28044 2.87944 3.38786 2.09131 0.333617 -0.152308 -0.923526 -2.54995 -1.77199 -2.96433 -2.45798 -2.59848 -1.68185 -1.23633 -0.145058 -1.45322 -1.45137 0.271217 1.14142 1.16185 2.07544 2.40031 2.48436 2.50429 2.51792 2.51983 2.53199 2.52116 2.50517 2.48475 2.43846 2.33179 2.01062 0.272914 0.272879 0.747264 1.19635
-9999 -9999 -9999 -9999 -9999 -9999 -9999 -9999 -4.8741 -2.01001 1.84854 4.70641 4.88508 6.27369 6.98966 6.40706 5.75103 5.07961 4.7846 3.04641 1.13718 -0.406107 -2.23239 -1.93528 -0.629471 1.50703 3.44248 3.78603 3.38231 1.83169 2.55807 4.20925 5.08487 5.34132 5.13497 4.61006 4.30565 3.35014 2.93438 1.60808 -0.464188 -1.28236 -0.769403 -2.9694 -2.81912 -2.00998 -2.87685 -1.45706 -0.778876 -2.46747 -1.13566 0.390837 1.17059 1.85224 2.17422 2.30174 2.49795 2.50162 2.51653 2.52368 2.51871 2.51637 2.48193 2.45291 2.26605 1.99166 0.371145 -0.302713 -0.172556 0.573534 1.22682
-9999 -9999 -9999 -9999 -9999 -9999 -9999 -9999 -4.38417 -1.80582 1.53943 3.57653 3.93997 5.47983 6.84873 6.69382 6.01129 5.80178 5.09404 3.6195 1.99092 0.210979 -0.655961 -2.64516 -0.692991 0.849331 2.48786 3.25278 1.9773 1.33717 2.46211 3.58061 4.02577 5.15568 5.14236 4.77072 3.17685 2.39825 2.7235 2.3873 1.80055 0.373203 0.306678 -0.61138 -0.993448 -1.35444 -2.52151 -1.78252 -1.71088 -1.51516 0.0874731 0.881036 1.40674 1.88485 2.00932 2.21643 2.48554 2.50779 2.51577 2.51265 2.51563 2.4935 2.41417 2.34684 1.97368 1.31498 0.088037 -1.89583 -0.49887 0.962165 1.39472
-9999 -9999 -9999 -9999 -9999 -9999 -9999 -9999 -4.82188 -2.08311 0.775532 1.96993 2.17151 4.95934 6.66557 6.66659 6.34189 5.9628 4.21815 4.3178 3.96657 2.36067 0.0227064 -2.54481 -2.30747 -0.783529 1.38033 2.09457 -0.0100668 -0.754355 -0.212251 1.4803 2.99518 4.57716 4.977 4.50941 2.0297 -0.605332 0.612881 1.91466 1.90462 1.519 0.195127 -0.22727 -0.609915 -1.57659 -3.21161 -2.97616 -2.52486 -0.708032 -0.132884 0.756914 1.49571 1.2149 1.37665 2.08347 2.48833 2.502 2.50747 2.51894 2.50756 2.48113 2.32559 2.16094 1.88614 0.172868 -0.893345 -2.4426 -0.641836 0.35351 0.878402
-9999 -9999 -9999 -9999 -9999 -9999 -9999 -9999 -5.66824 -3.6813 -0.94925 0.15089 1.9065 4.54074 5.83537 6.45483 6.43898 6.1855 5.40289 4.93121 4.00413 2.33366 0.0504677 -2.48729 -4.14057 -3.3051 -0.392808 0.290663 -1.64792 -2.6349 -1.4131 0.390659 3.06309 4.58881 4.79239 4.65137 4.13784 2.21326 -0.111467 -0.10626 1.05566 0.0784893 -1.05682 -0.436668 -0.554719 -1.50913 -2.20407 -2.63063 -2.37214 -1.3372 -0.909201 0.118901 1.63729 1.85332 1.8085 2.44686 2.47721 2.49042 2.51276 2.51008 2.5022 2.48089 2.35377 2.07161 0.930592 -0.0647136 -1.4485 -1.62154 -0.0174412 0.680006 1.32786
-9999 -9999 -9999 -9999 -9999 -9999 -9999 -9999 -7.12665 -4.78894 -2.22994 0.165969 2.43255 4.38294 4.53184 5.55937 5.55581 6.09288 5.93578 5.20991 4.42863 2.98891 0.0567444 -2.40947 -5.09892 -4.39429 -1.42311 -1.04368 -2.34331 -4.74121 -2.27239 0.450691 2.91846 4.25298 3.20129 4.27313 4.18203 3.45917 2.07419 -0.0777213 -0.0396741 -1.65296 -1.72563 -0.901017 -0.635113 -0.775492 -1.29772 -2.12997 -1.99407 -1.36803 -1.20934 -0.264757 0.912633 2.06371 2.25565 2.47379 2.48148 2.4833 2.49946 2.4999 2.47396 2.413 2.28027 1.32354 0.186105 -0.515407 -1.4801 -1.599 0.249647 0.984866 1.39007
