Test_Spring_2018b/02_18/Temp/20180224_021.txt
ncols	170
nrows	115
xllcorner	350000.000000
yllcorner	4445000.000000
cellsize	1000.000000
nodata_value	-9999.000000
[rows 32 to 63 of 115, columns 71 to 141 of 170]
9.04906 9.02221 8.61516 9.2408 9.81662 9.46219 9.22717 10.1752 10.1728 9.84668 9.08375 8.80241 8.51085 8.33143 7.35369 4.6142 2.14453 3.46524 3.49508 2.57924 4.21756 3.34998 1.08898 -2.10229 -0.370027 -0.822902 -3.0901 -3.64572 -9999 -9999 -9999 -9999 -9999 -9999 -9999 -9999 -9999 -9999 -9999 -9999 -9999 -9999 -9999 -9999 -9999 -9999 -9999 -9999 -9999 -9999 -9999 -9999 -9999 -9999 -9999 -9999 -9999 -9999 -9999 -9999 -9999 -9999 -9999 -9999 -9999 -9999 -9999 -9999 -9999 -9999 -9999
8.70512 8.4914 8.31566 9.24613 9.22503 9.16224 9.49908 10.088 10.2033 10.0749 9.74111 9.45188 9.14442 8.36735 7.24928 4.90453 2.09365 1.45479 2.82791 2.89218 3.11146 2.32032 1.32698 -0.22609 1.04235 1.53371 0.0455873 -1.90332 -3.1532 -9999 -9999 -9999 -9999 -9999 -9999 -9999 -9999 -9999 -9999 -9999 -9999 -9999 -9999 -9999 -9999 -9999 -9999 -9999 -9999 -9999 -9999 -9999 -9999 -9999 -9999 -9999 -9999 -9999 -9999 -9999 -9999 -9999 -9999 -9999 -9999 -9999 -9999 -9999 -9999 -9999 -9999
8.17938 7.85608 6.95061 7.51065 7.93074 8.7065 8.9128 9.02783 10.1375 10.0767 10.0234 9.54693 9.16561 8.53494 7.45893 5.9277 4.08439 0.876153 2.85137 4.39759 4.35596 4.26912 3.5723 2.07979 3.32437 3.38057 1.48225 -0.682031 -1.9555 -2.48331 -9999 -9999 -9999 -9999 -9999 -9999 -9999 -9999 -9999 -9999 -9999 -9999 -9999 -9999 -9999 -9999 -9999 -9999 -9999 -9999 -9999 -9999 -9999 -9999 -9999 -9999 -9999 -9999 -9999 -9999 -9999 -9999 -9999 -9999 -9999 -9999 -9999 -9999 -9999 -9999 -9999
7.44385 7.13225 6.02638 6.58968 7.34201 8.40378 8.95137 9.37218 9.70278 10.0401 9.99845 9.5111 8.07473 7.86827 7.80458 6.80253 4.70129 2.60267 2.05744 4.41695 5.09058 4.95039 5.47522 4.21016 4.80409 4.55675 3.88425 1.80615 -0.0961385 -0.882375 -2.43395 -9999 -9999 -9999 -9999 -9999 -9999 -9999 -9999 -9999 -9999 -9999 -9999 -9999 -9999 -9999 -9999 -9999 -9999 -9999 -9999 -9999 -9999 -9999 -9999 -9999 -9999 -9999 -9999 -9999 -9999 -9999 -9999 -9999 -9999 -9999 -9999 -9999 -9999 -9999 -9999
-9999 -9999 -9999 5.34206 6.36571 7.21622 8.25151 9.15068 9.59906 10.0347 9.99818 9.02584 8.54957 8.5067 7.84977 6.6933 5.96666 4.64451 3.26685 3.78973 5.80105 4.90232 6.3262 6.20235 6.46139 5.50437 3.69978 1.28296 -0.132619 -0.836463 -2.09433 -9999 -9999 -9999 -9999 -9999 -9999 -9999 -9999 -9999 -9999 -9999 -9999 -9999 -9999 -9999 -9999 -9999 -9999 -9999 -9999 -9999 -9999 -9999 -9999 -9999 -9999 -9999 -9999 -9999 -9999 -9999 -9999 -9999 -9999 -9999 -9999 -9999 -9999 -9999 -9999
-9999 -9999 -9999 -9999 6.18886 6.83707 8.22655 8.94356 9.23412 9.93796 9.93842 9.56955 9.2908 8.88665 8.35893 7.48946 6.53004 5.28632 5.16896 6.45452 6.46739 6.19497 6.40305 7.06138 6.88324 5.40517 2.85842 1.50856 -1.23575 -2.41031 -2.29255 -3.12538 -9999 -9999 -9999 -9999 -9999 -9999 -9999 -9999 -9999 -9999 -9999 -9999 0.0457693 -9999 -9999 -9999 -9999 -9999 -9999 -9999 -9999 -9999 -9999 -9999 -9999 -9999 -9999 -9999 -9999 -9999 -9999 -9999 -9999 -4.95052 -9999 -9999 -9999 -9999 -9999
-9999 -9999 -9999 6.07867 6.94428 7.61874 8.4892 8.56899 9.09038 9.90007 9.91105 9.64943 9.35386 8.69016 8.52481 8.02933 6.98785 6.77294 7.19174 7.38283 7.59949 7.73134 7.61757 7.34548 6.99494 6.04416 4.85851 4.06169 1.55772 0.287054 -0.925019 -2.75797 -4.19208 -9999 -9999 -9999 -9999 -9999 -9999 -9999 -0.901982 -0.970141 -0.937616 -0.535878 0.573027 -0.077874 -9999 -9999 -9999 -9999 -9999 -9999 -9999 -9999 -9999 -9999 -9999 -9999 -9999 -9999 -9999 -9999 -9999 -9999 -9999 -3.94105 -5.38379 -9999 -9999 -9999 -9999
-9999 -9999 -9999 6.32423 7.23587 7.69049 8.53596 9.01954 9.33625 9.61653 9.88458 9.83904 9.51232 9.01538 9.01771 8.33247 7.96193 7.69635 8.26359 8.37301 8.14067 7.84984 7.59197 6.87025 6.7828 6.54957 5.79526 4.55991 3.28731 1.44775 -1.04026 -3.47993 -5.4479 -9999 -9999 -9999 -9999 -9999 -9999 -0.687288 0.23334 0.784941 -0.387954 0.61439 1.53075 1.38505 0.502923 -9999 -9999 -9999 -9999 -9999 -9999 -9999 -9999 -9999 -9999 -9999 -9999 -9999 -9999 2.90733 1.42808 -1.55891 -3.09058 -4.00995 -5.32199 -9999 -9999 -9999 -9999
-9999 -9999 -9999 6.15296 7.22997 7.9594 8.60719 8.71033 9.3802 9.6652 9.80924 9.79215 9.72736 9.63562 9.03803 8.78016 7.8762 8.73723 8.70166 8.47972 7.61082 7.23153 5.74183 5.08353 4.93708 6.18127 5.25371 3.3222 0.908978 -1.99249 -2.18471 -3.14495 -4.90423 -9999 -9999 -9999 -9999 -9999 -9999 -0.394761 0.589973 1.41206 1.53194 0.366373 1.99446 1.93763 1.02791 0.822245 1.56985 1.94943 1.66712 2.55956 2.82172 2.42047 2.86239 -9999 -9999 -9999 -9999 3.12352 3.18214 3.22593 2.60865 -0.654618 -2.88381 -4.88569 -5.06837 -9999 -9999 -9999 -9999
-9999 -9999 -9999 6.90967 7.57182 7.90619 7.95963 8.54155 9.12777 9.48143 9.74722 9.69456 9.67321 9.65037 9.44563 8.97021 9.05401 9.01343 8.73377 7.08383 5.15808 5.99148 4.84077 2.39675 4.37716 5.46226 4.41141 2.07134 -0.641017 -1.53415 -1.5012 -2.83591 -4.55106 -9999 -9999 -9999 -3.07772 -1.66811 -1.54579 -1.13021 0.183367 1.1828 1.93532 2.44867 2.43662 1.89822 1.00857 0.04159 0.387923 2.13083 2.55684 2.91423 3.18607 2.81379 3.01106 3.47711 3.7178 3.76629 3.65605 3.63 3.66677 3.60971 3.03348 0.113191 -1.55828 -2.62516 -4.76569 -9999 -9999 -9999 -9999
-9999 -9999 -9999 6.50584 7.08131 7.54754 8.32306 8.4048 8.89649 9.19252 9.62247 9.67158 9.16421 9.58372 9.52919 9.44991 9.282 9.03597 7.64313 5.7238 3.79915 2.90791 3.28433 1.80993 2.55976 3.65919 3.24502 1.80792 -0.609201 -0.953399 -1.52045 -3.7643 -5.92337 -9999 -9999 -5.80564 -3.10072 -1.1961 -0.213729 0.0905264 0.11977 1.37905 1.4783 2.83441 2.52092 0.730932 0.933793 0.237205 0.69059 1.33307 1.50974 2.4285 3.31311 3.48119 3.48595 3.78292 3.84396 3.85934 3.8509 3.6488 3.73935 3.75184 3.3918 1.27606 0.243507 -0.890508 -4.72743 -9999 -9999 -9999 -9999
-9999 -9999 -9999 6.81382 7.45752 8.16315 8.27655 8.79992 8.74235 8.59761 9.32847 9.59289 9.23495 8.9772 9.45237 9.41868 9.35412 9.24794 7.93882 6.42358 4.13092 2.70417 1.83252 1.20948 0.379303 0.941092 0.762123 0.524238 0.786663 0.113591 -1.21624 -2.53101 -4.98879 -6.31871 -9999 -5.65335 -4.43331 -2.16801 -0.242693 0.979604 0.540073 1.97209 2.23817 3.0673 2.58358 1.49793 1.03375 0.993815 0.852639 1.81874 2.46919 2.92738 3.23494 3.61666 3.7145 3.81239 3.85315 3.87491 3.89649 3.89032 3.88114 3.83655 3.69995 2.72601 1.69819 -0.526792 -4.59254 -9999 -9999 -9999 -9999
-9999 -9999 4.945 6.74835 7.82928 8.24688 8.54832 8.81439 9.00728 9.21369 9.40046 9.53157 9.47367 8.52513 8.60254 8.77242 9.30962 9.26898 9.14786 8.31763 5.52876 4.56386 3.15155 1.32481 0.558193 0.932839 2.41991 2.34775 1.35391 0.247202 -1.28284 -2.26033 -3.76853 -6.66096 -6.40321 -5.10338 -4.13618 -2.5969 -0.243342 1.40667 2.1431 2.42155 3.00395 3.30667 2.64526 2.0156 1.75152 1.26077 1.19339 1.19926 1.78392 2.23912 3.25286 3.59456 3.75037 3.83042 3.8733 3.90401 3.93373 3.94302 3.92192 3.92101 3.911 3.83985 2.46844 -0.960023 -3.54353 -9999 -9999 -9999 -9999
-9999 -9999 -9999 6.42234 6.89634 7.01911 7.23597 7.68194 8.19674 8.93001 9.02384 9.42596 9.42271 8.60383 7.65953 8.48167 8.80715 9.14375 9.15089 9.04061 6.69686 5.46784 4.49866 2.74666 3.37065 3.96301 4.00253 3.63572 1.5106 -0.605686 -3.04698 -5.32525 -5.43808 -6.66788 -6.02286 -5.16489 -2.95894 -1.40651 -0.77715 -0.324947 2.06828 2.69229 2.90838 3.52253 2.68888 2.4807 1.85521 2.04429 1.99185 1.99797 0.261173 2.00723 2.11261 3.25116 3.76409 3.88006 3.91191 3.94527 3.94983 3.95511 3.94818 3.95769 3.94003 3.91946 3.02755 -1.31994 -3.50412 -9999 -9999 -9999 -9999
-9999 -9999 -9999 -9999 -9999 6.57736 6.93951 7.17174 7.57474 8.81352 9.14623 9.36744 9.38639 9.02181 8.08558 7.83902 8.00921 7.09502 7.85502 8.89611 8.86575 8.73411 6.67161 5.61357 6.62638 6.31055 4.75813 3.53513 2.32815 -0.148901 -1.96562 -4.57628 -6.53744 -6.61502 -4.45874 -2.66859 -0.436403 0.548188 -0.0133314 0.594168 1.78428 3.13559 3.78997 3.63786 2.75919 2.63941 1.67383 2.62811 2.71235 2.27256 1.89271 2.0466 2.61122 2.82765 3.71832 3.93449 3.97273 3.97928 3.98211 3.97694 3.97009 3.95803 3.94693 3.9328 3.89114 -0.57766 -4.05534 -9999 -9999 -9999 -9999
-9999 -9999 -9999 -9999 -9999 5.72744 5.94754 6.52873 8.02293 8.80776 9.12356 9.11279 9.25898 9.00183 8.17889 7.33366 6.53623 5.50747 6.09239 7.64301 8.55497 8.65424 6.84565 7.77817 7.42081 6.7221 4.69358 3.19701 2.40076 0.0222366 -2.0168 -3.75551 -6.15379 -5.13398 -4.00976 -2.56405 -0.129166 1.5141 2.18923 1.62258 2.38334 3.9383 3.94874 3.10112 3.15877 2.64482 1.32448 2.70498 3.09557 2.78597 2.86975 2.75488 2.96655 3.34978 3.71596 3.95934 3.99227 3.99553 3.98664 3.98476 3.98411 3.96521 3.96483 3.95071 3.92654 1.04167 -4.1139 -9999 -9999 -9999 -9999
-9999 -9999 -9999 -9999 -9999 -9999 4.95341 6.28049 8.26396 8.75838 8.71301 9.12239 9.15757 8.7627 8.41972 7.39394 5.9923 3.30021 3.98328 5.41052 7.46916 8.54848 8.3969 7.78807 6.73451 4.19346 1.9688 1.69311 1.32374 -0.41381 -1.98592 -3.91854 -2.80655 -1.5874 -0.252523 0.447955 0.263437 1.67127 2.81958 2.33217 3.26529 4.35423 3.86297 3.57358 3.33138 2.7369 2.70385 2.76947 3.55485 3.01661 3.35209 3.36216 3.34586 3.53325 3.74815 3.97325 4.01008 4.01001 4.01263 3.98512 3.99268 3.97815 3.96385 3.95077 3.92991 3.66792 0.889948 -0.769707 -9999 -9999 -9999
-9999 -9999 -9999 -9999 -9999 -9999 3.73622 4.39757 6.74657 7.47396 8.5114 9.06208 9.08707 8.42035 8.04848 6.52041 6.02391 3.53388 2.40448 3.35782 2.9881 5.8238 8.33199 7.7795 2.70063 0.857179 -0.459538 -0.129053 -0.131983 -0.619947 -3.29106 -4.03053 -1.65009 -0.152397 1.00777 1.88776 2.0699 2.03833 3.83491 4.07359 4.65826 4.5328 4.58881 3.684 3.12525 3.61924 3.0568 2.96337 3.7746 2.98177 3.70447 3.62119 3.40753 3.39818 3.87375 3.97049 4.02112 4.02364 4.00388 3.97856 3.96338 3.97723 3.96866 3.94113 3.94144 3.91483 3.58256 2.14553 1.64336 2.20004 -9999
-9999 -9999 -9999 -9999 -9999 -9999 -9999 2.21424 5.47885 6.97239 7.75532 8.8582 8.99062 8.63641 7.99299 6.43596 5.0665 2.84046 0.298019 -1.05176 2.97298 6.47486 8.3001 8.05448 3.82614 2.15386 2.07076 3.04645 2.21228 1.57829 -0.453228 -1.06324 -1.90868 -1.39457 0.224503 1.54679 2.82246 3.75028 3.82578 4.42921 4.77529 4.80506 4.91537 4.81096 4.72648 3.85474 4.46258 3.95266 4.22812 4.05581 3.90037 3.76582 3.26729 3.62299 3.93765 4.01905 4.04402 4.0241 4.01841 4.00367 3.97275 3.95803 3.95469 3.95062 3.93366 3.93275 3.91522 3.75392 2.88948 1.73243 0.270788
-9999 -9999 -9999 -9999 -9999 -9999 -9999 0.590778 3.83928 5.40679 7.4212 8.45991 8.87851 8.82169 8.29992 7.11646 5.33569 3.85188 1.01384 -1.93333 2.29052 6.05169 8.07994 8.18302 4.62915 5.60777 4.80715 5.12242 3.66108 3.05081 2.56565 1.51555 0.368094 -0.885233 -1.54937 1.42176 2.94672 4.17438 4.75341 5.08132 5.24589 5.15742 4.93557 3.61675 4.6261 4.57567 4.47822 4.3661 4.3133 4.21176 4.09145 4.02028 3.99655 3.66561 4.04474 4.03577 4.04008 4.04074 4.02953 4.00927 3.99134 3.96959 3.9689 3.95457 3.94077 3.93119 3.92469 3.91369 3.86604 3.63644 1.67338
-9999 -9999 -9999 -9999 -9999 -9999 -9999 -3.96749 0.75884 4.56432 6.54649 8.15826 8.6003 8.7645 8.0647 7.54103 6.26405 5.05464 3.18941 0.396062 -1.32497 1.83555 6.43346 8.12288 7.98568 7.87463 6.95013 6.11637 6.00646 6.06349 5.0923 3.68479 1.84387 1.2681 0.620625 2.83282 3.13089 2.96743 5.40253 5.40809 5.27031 4.33956 3.29499 3.49486 2.8511 3.34876 2.58122 3.29162 3.906 4.1369 4.1201 4.03989 4.03373 3.99785 4.06321 4.06162 4.05023 4.04101 4.03532 4.02472 3.9949 3.97738 3.98628 3.96641 3.95125 3.93569 3.93197 3.9263 3.89088 3.85881 3.55693
-9999 -9999 -9999 -9999 -9999 -9999 -9999 -3.75186 0.227165 3.59758 5.61657 7.55944 8.00879 8.66333 8.52 7.97136 6.86099 5.47408 3.93858 1.5418 -0.24042 1.87394 4.92314 7.10697 7.8867 7.8708 7.81328 7.60034 7.51327 7.26573 7.08599 6.07319 4.33589 3.35149 1.91345 4.37925 4.65374 4.26571 5.4969 5.43472 3.57155 2.13962 1.96238 2.8344 2.00482 1.86133 1.34531 1.93234 3.50202 3.04938 3.14135 3.85254 3.97056 4.04574 4.06577 4.06028 4.05604 4.04289 4.04349 4.04395 4.01476 4.00058 3.99302 3.96494 3.95971 3.94042 3.92492 3.91063 3.89137 3.86201 3.77598
-9999 -9999 -9999 -9999 -9999 -9999 -9999 -3.65656 -0.985693 2.04711 5.02148 7.09632 7.93206 8.5401 8.53168 7.894 7.34105 6.47082 5.11957 4.1919 2.5827 0.374755 4.06866 5.19576 6.20327 6.62981 7.67961 7.64855 7.15974 6.58655 7.102 6.94571 5.56842 5.11275 4.34685 5.71686 5.71745 5.67738 5.60246 4.02753 1.83926 0.0906854 1.35029 1.08855 1.66365 -0.123963 1.35454 2.54186 2.92819 2.12344 1.52696 3.37541 3.68232 3.86457 3.98104 4.0572 4.03795 4.05592 4.04402 4.0375 4.03043 4.0135 4.00289 3.9859 3.96867 3.95291 3.93939 3.91796 3.89374 3.89174 3.84391
-9999 -9999 -9999 -9999 -9999 -9999 -9999 -9999 -2.549 1.29244 4.72507 6.63502 7.83526 8.41876 8.40579 8.07846 7.70208 7.16154 6.18602 4.96102 3.02634 1.58925 2.49687 3.60099 3.72161 4.45617 6.59432 7.32131 6.27849 3.70513 5.21593 6.89945 6.86718 6.71866 6.55356 6.34081 6.15228 5.7435 4.65256 1.31394 0.66008 -0.648787 -0.499101 -1.16963 0.294018 -0.252257 1.25651 1.91122 2.15919 0.766834 1.06186 2.70047 3.34902 3.24153 3.63915 4.01702 4.02898 4.03921 4.02863 4.03599 4.0382 4.03108 4.01488 4.00181 3.99216 3.96174 3.96284 3.83843 3.75756 3.59391 3.79608
-9999 -9999 -9999 -9999 -9999 -9999 -9999 -9999 -3.31068 0.526721 4.56984 5.86625 7.16039 8.27707 8.2965 7.79734 7.32259 6.83368 6.27734 4.79178 3.35098 1.97507 1.5111 1.78435 1.75436 2.9456 5.73284 6.26857 6.033 3.34824 2.43642 4.68756 6.579 6.72411 6.54849 4.31414 4.78683 3.58128 1.94757 1.49761 0.782961 -0.72663 0.000772933 -1.10431 -0.629136 -0.759188 0.0977347 0.516182 1.53499 0.321449 0.327127 1.93601 2.74741 2.76797 3.61907 3.92238 4.00164 4.0213 4.03525 4.03854 4.05161 4.04354 4.03089 4.01429 3.97372 3.877 3.57989 1.96356 1.96552 2.40857 2.82787
-9999 -9999 -9999 -9999 -9999 -9999 -9999 -9999 -2.85989 -0.197675 3.38964 6.04626 6.21088 7.50124 8.16619 7.62353 7.01288 6.38818 6.1138 4.49708 2.72125 1.28572 -0.413258 -0.137339 1.07652 3.05896 4.85792 5.17576 4.79824 3.35728 4.03105 5.56507 6.37779 6.61481 6.4217 5.93277 5.64952 4.76126 4.37573 3.14386 1.21867 0.460532 0.940984 -1.1019 -0.958419 -0.20205 -1.00841 0.315981 0.950254 -0.617366 0.629832 2.05214 2.77944 3.41519 3.71611 3.83601 4.01974 4.02441 4.03966 4.04785 4.04496 4.04471 4.01477 3.98998 3.81844 3.56549 2.06031 1.4324 1.55527 2.2509 2.86
-9999 -9999 -9999 -9999 -9999 -9999 -9999 -9999 -2.39894 -0.00213432 3.10808 5.00155 5.33833 6.76959 8.04204 7.89727 7.26193 7.0668 6.40833 5.03666 3.52168 1.86581 1.05903 -0.791899 1.02315 2.45266 3.97551 4.68548 3.50086 2.90392 3.94879 4.98771 5.40041 6.45029 6.43707 6.09095 4.6084 3.88474 4.18843 3.87736 3.33372 2.00857 1.94959 1.09874 0.746609 0.414123 -0.672158 0.0186529 0.0885008 0.277805 1.77288 2.5134 3.00446 3.45097 3.56832 3.7624 4.0141 4.03617 4.04503 4.04368 4.04815 4.02939 3.95753 3.89692 3.55186 2.94118 1.80188 -0.0449119 1.25615 2.61666 3.02016
-9999 -9999 -9999 -9999 -9999 -9999 -9999 -9999 -2.8007 -0.254301 2.40363 3.51355 3.70005 6.2924 7.87879 7.87915 7.57666 7.22369 5.60056 5.69301 5.36602 3.87184 1.69655 -0.692463 -0.472627 0.943221 2.95113 3.61409 1.65871 0.965148 1.46818 3.04141 4.44951 5.92023 6.2916 5.85645 3.55002 1.09953 2.23379 3.44621 3.43877 3.08232 1.8534 1.46325 1.11021 0.213978 -1.30298 -1.08599 -0.663163 1.03589 1.57354 2.40361 3.09296 2.83365 2.98582 3.64488 4.02298 4.03716 4.04374 4.05597 4.047 4.02412 3.8812 3.72986 3.47606 1.8842 0.894175 -0.548146 1.12788 2.05505 2.54976
-9999 -9999 -9999 -9999 -9999 -9999 -9999 -9999 -3.58244 -1.73503 0.805503 1.82808 3.46043 5.91014 7.11383 7.68955 7.67437 7.43819 6.70982 6.27066 5.40783 3.85339 1.72886 -0.632623 -2.17153 -1.39558 1.30782 1.9479 0.141762 -0.777342 0.358188 2.03515 4.52029 5.93895 6.12801 5.99681 5.51943 3.72983 1.56838 1.57458 2.65708 1.75011 0.696282 1.2756 1.16839 0.283286 -0.360417 -0.758676 -0.51106 0.456565 0.857336 1.81611 3.23075 3.43373 3.3939 3.98942 4.01927 4.03311 4.05542 4.05445 4.04865 4.03039 3.91372 3.65286 2.59307 1.66882 0.383162 0.223697 1.71368 2.36314 2.97256
-9999 -9999 -9999 -9999 -9999 -9999 -9999 -9999 -4.9334 -2.75935 -0.379431 1.8488 3.95675 5.77061 5.90872 6.86414 6.86042 7.35957 7.21295 6.53718 5.80978 4.46978 1.74139 -0.553705 -3.05658 -2.40239 0.359048 0.71132 -0.498504 -2.72989 -0.434188 2.09815 4.39315 5.6342 4.6558 5.65296 5.56861 4.89687 3.60951 1.60904 1.64593 0.147014 0.081401 0.850647 1.10035 0.972246 0.48903 -0.282127 -0.153472 0.433999 0.584306 1.46549 2.56305 3.63597 3.81653 4.02131 4.0302 4.03351 4.05008 4.05197 4.02927 3.97397 3.85188 2.9633 1.9066 1.25539 0.359338 0.250031 1.9674 2.65159 3.03533
-9999 -9999 -9999 -9999 -9999 -9999 -9999 -9999 -9999 -2.97458 -0.515651 1.30336 1.7918 3.40396 4.27341 4.94554 5.09247 7.01429 7.11732 6.68754 6.01885 4.87517 2.80359 1.35872 -1.04247 -2.76987 -2.06776 -1.74829 -1.11976 -1.31077 -0.289272 2.14396 4.67945 4.95314 3.33719 3.57343 3.90863 4.66306 4.27773 1.55231 0.167258 -0.982342 -0.166821 0.691325 0.898904 0.940466 0.774924 0.585339 0.250704 1.39983 2.25026 2.44795 3.18936 3.73679 3.88821 4.00226 4.01644 4.03074 4.03085 3.99876 3.9753 3.83759 3.52946 2.53545 0.145797 0.256578 -0.00263367 -0.746607 0.929928 1.99199 2.93932
-9999 -9999 -9999 -9999 -9999 -9999 -9999 -9999 -9999 -3.78583 -0.9403 -0.340466 -0.3868 -1.33122 -0.89932 2.59282 3.29388 5.13674 6.88123 6.74932 6.09294 5.02231 3.7865 1.8754 -0.824894 -2.97168 -3.87923 -1.58189 0.671176 1.13395 1.85224 3.3416 3.62168 1.96983 0.420923 1.28616 1.8066 3.79652 4.15834 3.76973 2.12727 0.249756 -0.730527 0.425341 0.579586 0.648817 0.662511 0.627477 0.580519 1.87111 2.58829 3.08596 3.35716 3.82734 3.94796 3.98675 4.02313 4.01468 3.99034 3.9159 3.83114 3.45919 3.00892 1.381 0.0235743 -0.823282 -1.89803 0.520947 1.23489 2.23057 2.87331
