Test_Spring_2018b/02_18/Temp/20180217_022.txt
ncols	170
nrows	115
xllcorner	350000.000000
yllcorner	4445000.000000
cellsize	1000.000000
nodata_value	-9999.000000
[rows 31 to 61 of 115, columns 71 to 141 of 170]
7.53493 7.71764 7.34897 7.37731 8.24989 8.44082 8.42169 8.35522 8.26675 7.84925 7.70497 7.37411 6.79649 6.55002 5.5279 2.23992 3.16103 3.51695 2.559 3.08352 3.94174 3.18387 0.945897 -0.0201972 -1.57321 -1.07977 -1.53705 -2.78714 -9999 -9999 -9999 -9999 -9999 -9999 -9999 -9999 -9999 -9999 -9999 -9999 -9999 -9999 -9999 -9999 -9999 -9999 -9999 -9999 -9999 -9999 -9999 -9999 -9999 -9999 -9999 -9999 -9999 -9999 -9999 -9999 -9999 -9999 -9999 -9999 -9999 -9999 -9999 -9999 -9999 -9999 -9999
7.34538 7.31494 6.95942 7.48842 7.97509 7.68712 7.4954 8.3052 8.29876 8.01489 7.35681 7.11076 6.85568 6.69637 5.85343 3.5021 1.38179 2.50668 2.52665 1.73736 3.13523 2.38828 0.448971 -2.28617 -0.805529 -1.19515 -3.11492 -3.59063 -9999 -9999 -9999 -9999 -9999 -9999 -9999 -9999 -9999 -9999 -9999 -9999 -9999 -9999 -9999 -9999 -9999 -9999 -9999 -9999 -9999 -9999 -9999 -9999 -9999 -9999 -9999 -9999 -9999 -9999 -9999 -9999 -9999 -9999 -9999 -9999 -9999 -9999 -9999 -9999 -9999 -9999 -9999
7.03769 6.84734 6.68989 7.47984 7.45542 7.4149 7.71538 8.21741 8.31156 8.19683 7.90596 7.65303 7.38424 6.71322 5.75014 3.73683 1.32451 0.771902 1.94208 1.99209 2.17526 1.4939 0.639988 -0.692569 0.390965 0.809657 -0.459858 -2.11117 -3.17105 -9999 -9999 -9999 -9999 -9999 -9999 -9999 -9999 -9999 -9999 -9999 -9999 -9999 -9999 -9999 -9999 -9999 -9999 -9999 -9999 -9999 -9999 -9999 -9999 -9999 -9999 -9999 -9999 -9999 -9999 -9999 -9999 -9999 -9999 -9999 -9999 -9999 -9999 -9999 -9999 -9999 -9999
6.57373 6.28971 5.50766 5.98058 6.33392 7.02578 7.20237 7.29638 8.2417 8.18474 8.13388 7.72054 7.38839 6.84261 5.91548 4.59863 3.01472 0.262475 1.94826 3.26717 3.22716 3.14897 2.54912 1.26857 2.33181 2.37804 0.760773 -1.06505 -2.1582 -2.6133 -9999 -9999 -9999 -9999 -9999 -9999 -9999 -9999 -9999 -9999 -9999 -9999 -9999 -9999 -9999 -9999 -9999 -9999 -9999 -9999 -9999 -9999 -9999 -9999 -9999 -9999 -9999 -9999 -9999 -9999 -9999 -9999 -9999 -9999 -9999 -9999 -9999 -9999 -9999 -9999 -9999
5.92957 5.65582 4.70244 5.17838 5.81635 6.7362 7.21902 7.57763 7.85598 8.13977 8.09878 7.67594 6.44038 6.25762 6.19704 5.33314 3.52836 1.72612 1.25416 3.2695 3.84205 3.71842 4.16472 3.07917 3.58565 3.37227 2.79921 1.03475 -0.578571 -1.25479 -2.58676 -9999 -9999 -9999 -9999 -9999 -9999 -9999 -9999 -9999 -9999 -9999 -9999 -9999 -9999 -9999 -9999 -9999 -9999 -9999 -9999 -9999 -9999 -9999 -9999 -9999 -9999 -9999 -9999 -9999 -9999 -9999 -9999 -9999 -9999 -9999 -9999 -9999 -9999 -9999 -9999
-9999 -9999 -9999 4.09631 4.98329 5.70669 6.60628 7.37435 7.75358 8.12155 8.08481 7.24658 6.83278 6.78986 6.22117 5.22489 4.59684 3.45931 2.27471 2.71779 4.43578 3.66303 4.87938 4.77126 4.99145 4.17093 2.63976 0.574592 -0.621685 -1.22704 -2.30728 -9999 -9999 -9999 -9999 -9999 -9999 -9999 -9999 -9999 -9999 -9999 -9999 -9999 -9999 -9999 -9999 -9999 -9999 -9999 -9999 -9999 -9999 -9999 -9999 -9999 -9999 -9999 -9999 -9999 -9999 -9999 -9999 -9999 -9999 -9999 -9999 -9999 -9999 -9999 -9999
-9999 -9999 -9999 -9999 4.81837 5.36882 6.554 7.18339 7.42762 8.02515 8.02001 7.69823 7.45327 7.10075 6.64239 5.89156 5.06401 3.99351 3.88788 4.98401 4.99129 4.75507 4.93096 5.493 5.33948 4.0781 1.90703 0.750845 -1.57759 -2.58542 -2.48752 -3.20418 -9999 -9999 -9999 -9999 -9999 -9999 -9999 -9999 -9999 -9999 -9999 -9999 -0.601495 -9999 -9999 -9999 -9999 -9999 -9999 -9999 -9999 -9999 -9999 -9999 -9999 -9999 -9999 -9999 -9999 -9999 -9999 -9999 -9999 -5.14818 -9999 -9999 -9999 -9999 -9999
-9999 -9999 -9999 4.6987 5.45104 6.02479 6.7661 6.84691 7.29118 7.97936 7.98312 7.75293 7.49326 6.91815 6.76964 6.33863 5.44053 5.25063 5.60396 5.76316 5.94514 6.05541 5.95626 5.72235 5.42194 4.6219 3.60722 2.92535 0.786142 -0.286454 -1.32646 -2.89887 -4.13075 -9999 -9999 -9999 -9999 -9999 -9999 -9999 -1.37769 -1.44687 -1.43021 -1.09776 -0.16013 -0.729316 -9999 -9999 -9999 -9999 -9999 -9999 -9999 -9999 -9999 -9999 -9999 -9999 -9999 -9999 -9999 -9999 -9999 -9999 -9999 -4.29489 -5.54483 -9999 -9999 -9999 -9999
-9999 -9999 -9999 4.90924 5.68688 6.07309 6.79359 7.20378 7.48858 7.72355 7.94727 7.90181 7.61509 7.1823 7.17686 6.58293 6.25886 6.02529 6.50558 6.59491 6.39271 6.14152 5.91957 5.30144 5.22713 5.04164 4.3973 3.34105 2.25257 0.697577 -1.43404 -3.52525 -5.21369 -9999 -9999 -9999 -9999 -9999 -9999 -1.19133 -0.413858 0.0472188 -0.968471 -0.122169 0.650291 0.513315 -0.254267 -9999 -9999 -9999 -9999 -9999 -9999 -9999 -9999 -9999 -9999 -9999 -9999 -9999 -9999 1.61301 0.33328 -2.23762 -3.56299 -4.36458 -5.5028 -9999 -9999 -9999 -9999
-9999 -9999 -9999 4.74805 5.66812 6.29037 6.8423 6.92731 7.49817 7.75252 7.86993 7.84853 7.78562 7.6992 7.17958 6.95099 6.16974 6.90035 6.86436 6.67001 5.92304 5.59655 4.32063 3.75761 3.64589 4.7135 3.92203 2.27099 0.207182 -2.25963 -2.42197 -3.24587 -4.75505 -9999 -9999 -9999 -9999 -9999 -9999 -0.9478 -0.115852 0.576354 0.667005 -0.343137 1.03824 0.977326 0.185103 -0.00443156 0.622138 0.933652 0.689293 1.43514 1.64563 1.28842 1.65337 -9999 -9999 -9999 -9999 1.81322 1.85077 1.87539 1.33372 -1.47368 -3.39626 -5.12477 -5.3028 -9999 -9999 -9999 -9999
-9999 -9999 -9999 5.38142 5.94724 6.23212 6.27594 6.77146 7.27101 7.58292 7.8024 7.75022 7.72405 7.69607 7.51216 7.09666 7.16043 7.11855 6.87309 5.4558 3.80378 4.51539 3.53408 1.44906 3.15255 4.08523 3.18955 1.19008 -1.1285 -1.87535 -1.84421 -2.98787 -4.45849 -9999 -9999 -9999 -3.22127 -2.02358 -1.92897 -1.58412 -0.47114 0.372389 1.0047 1.43142 1.41455 0.934198 0.158777 -0.682884 -0.400155 1.0783 1.42945 1.72761 1.94628 1.61383 1.76606 2.15229 2.34584 2.37503 2.26839 2.23377 2.25275 2.19112 1.68459 -0.826262 -2.27142 -3.1996 -5.05503 -9999 -9999 -9999 -9999
-9999 -9999 -9999 5.01924 5.51133 5.90958 6.57494 6.64252 7.06008 7.3102 7.68382 7.71847 7.27573 7.62589 7.56992 7.4929 7.34058 7.12232 5.92352 4.2755 2.62457 1.86003 2.18655 0.926446 1.5767 2.52222 2.17985 0.95815 -1.10692 -1.39808 -1.86846 -3.78833 -5.63876 -9999 -9999 -5.5532 -3.24547 -1.62422 -0.793663 -0.544599 -0.531717 0.533692 0.605589 1.75329 1.47701 -0.0746652 0.0849501 -0.525311 -0.151254 0.380415 0.518125 1.29936 2.04017 2.17068 2.16178 2.40342 2.44337 2.44444 2.42519 2.24008 2.3053 2.30332 1.98193 0.15686 -0.741488 -1.73243 -5.03449 -9999 -9999 -9999 -9999
-9999 -9999 -9999 5.27004 5.82109 6.42474 6.52072 6.96684 6.91801 6.79096 7.41121 7.6395 7.32423 7.09397 7.49081 7.45214 7.38765 7.28861 6.16115 4.85894 2.89303 1.67038 0.928292 0.397905 -0.298655 0.187522 0.0399153 -0.158059 0.0720488 -0.491281 -1.6143 -2.73912 -4.84362 -5.98522 -9999 -5.42684 -4.39044 -2.46065 -0.823199 0.211321 -0.177708 1.03497 1.24908 1.94985 1.5219 0.573056 0.156734 0.108083 -0.0270041 0.786163 1.32906 1.71532 1.96459 2.27589 2.3468 2.41818 2.441 2.44779 2.4545 2.43737 2.41739 2.36667 2.23661 1.38903 0.490423 -1.43007 -4.92837 -9999 -9999 -9999 -9999
-9999 -9999 3.64442 5.20085 6.12707 6.4849 6.74255 6.96898 7.13164 7.30549 7.46329 7.56867 7.51705 6.69481 6.75049 6.88543 7.33551 7.29205 7.18131 6.46538 4.07471 3.25005 2.0478 0.487935 -0.15856 0.16859 1.44859 1.39381 0.549728 -0.391576 -1.68574 -2.51275 -3.80424 -6.28266 -6.06646 -4.96001 -4.14015 -2.83218 -0.82849 0.571708 1.18888 1.41335 1.90156 2.14659 1.56178 1.0031 0.761913 0.326924 0.25472 0.245602 0.732399 1.11533 1.96894 2.24796 2.36705 2.42336 2.44825 2.46296 2.4769 2.47324 2.44323 2.43001 2.40836 2.33048 1.14125 -1.81478 -4.04458 -9999 -9999 -9999 -9999
-9999 -9999 -9999 4.90923 5.31655 5.42262 5.60845 5.9894 6.42808 7.05323 7.12868 7.46654 7.45765 6.75066 5.93108 6.62386 6.89213 7.17117 7.16987 7.07013 5.06543 4.01386 3.18697 1.69184 2.2367 2.75128 2.79309 2.48721 0.675778 -1.12867 -3.20245 -5.14952 -5.2446 -6.29352 -5.74543 -5.01718 -3.13686 -1.81785 -1.29066 -0.916403 1.11868 1.64125 1.80886 2.31945 1.59046 1.39234 0.841307 0.988004 0.928335 0.919237 -0.581531 0.906072 0.982264 1.94356 2.3696 2.45583 2.47151 2.48874 2.48138 2.47448 2.45676 2.45256 2.42225 2.38671 1.60708 -2.13177 -4.02009 -9999 -9999 -9999 -9999
-9999 -9999 -9999 -9999 -9999 5.03367 5.34432 5.54267 5.88595 6.94409 7.2242 7.4072 7.41552 7.09418 6.28453 6.06195 6.19684 5.40466 6.04901 6.93634 6.90861 6.79677 5.03425 4.13782 5.01211 4.74994 3.4297 2.39171 1.36725 -0.745116 -2.28373 -4.51462 -6.19146 -6.25799 -4.41453 -2.88554 -0.982825 -0.150137 -0.64278 -0.13593 0.868905 2.01082 2.55561 2.4097 1.64173 1.51905 0.67651 1.47804 1.53517 1.1442 0.805089 0.929247 1.39864 1.57056 2.32036 2.4933 2.51394 2.50844 2.49979 2.48411 2.46657 2.44107 2.4172 2.38972 2.33772 -1.50533 -4.50139 -9999 -9999 -9999 -9999
-9999 -9999 -9999 -9999 -9999 4.29565 4.48493 4.98226 6.25995 6.92959 7.19533 7.17979 7.29704 7.06759 6.35273 5.61857 4.92481 4.03482 4.52849 5.85153 6.63054 6.71648 5.17152 5.97949 5.68113 5.09162 3.36428 2.09262 1.42039 -0.607024 -2.33567 -3.81954 -5.87017 -4.99684 -4.0367 -2.80403 -0.726827 0.669656 1.2353 0.737035 1.3738 2.68974 2.68287 1.94118 1.97451 1.51418 0.367681 1.53392 1.8532 1.57362 1.63142 1.5253 1.69258 2.00741 2.30831 2.50469 2.52141 2.51296 2.49442 2.48165 2.46823 2.43865 2.42383 2.39616 2.3589 -0.128349 -4.56116 -9999 -9999 -9999 -9999
-9999 -9999 -9999 -9999 -9999 -9999 3.62383 4.75977 6.45639 6.87747 6.83408 7.17832 7.2006 6.85329 6.54936 5.66026 4.4494 2.13519 2.71281 3.93013 5.69077 6.61569 6.48931 5.97768 5.08331 2.91659 1.02143 0.795156 0.488562 -0.989892 -2.31866 -3.96835 -3.01354 -1.96937 -0.828752 -0.234012 -0.399673 0.795377 1.76636 1.33552 2.1197 3.0365 2.59995 2.336 2.11245 1.58308 1.53856 1.57901 2.23625 1.76092 2.03425 2.03509 2.00728 2.15455 2.32605 2.50691 2.52707 2.51596 2.50727 2.47228 2.46637 2.44045 2.41359 2.38668 2.3521 2.11022 -0.287177 -1.72671 -9999 -9999 -9999
-9999 -9999 -9999 -9999 -9999 -9999 2.57186 3.1377 5.14717 5.76766 6.65134 7.11664 7.13034 6.55046 6.22279 4.90353 4.46757 2.32586 1.35298 2.16453 1.84603 4.27443 6.42489 5.96125 1.62038 0.0505687 -1.06757 -0.775165 -0.768287 -1.17716 -3.44689 -4.07519 -2.0345 -0.751901 0.239141 0.987596 1.13592 1.0987 2.62439 2.81589 3.3018 3.17893 3.21092 2.42011 1.92556 2.32806 1.83034 1.73467 2.4141 1.72087 2.3258 2.24686 2.05021 2.02916 2.42393 2.49495 2.52698 2.51765 2.48995 2.45686 2.43125 2.42955 2.40751 2.36815 2.35163 2.31122 2.00768 0.758769 0.310004 0.767684 -9999
-9999 -9999 -9999 -9999 -9999 -9999 -9999 1.25834 4.05145 5.32774 5.99351 6.93167 7.03753 6.72812 6.16665 4.82277 3.6398 1.72437 -0.460498 -1.61724 1.8263 4.82469 6.38999 6.18864 2.57528 1.15134 1.08867 1.93278 1.22736 0.692857 -1.02956 -1.54745 -2.26887 -1.82857 -0.443257 0.682409 1.76691 2.55119 2.6036 3.10618 3.39021 3.40044 3.47913 3.37374 3.2854 2.51875 3.02312 2.57104 2.79192 2.63007 2.48331 2.36079 1.92038 2.21195 2.46902 2.52694 2.53523 2.50766 2.49189 2.46773 2.42888 2.40211 2.3845 2.36521 2.33394 2.31562 2.28169 2.12515 1.36645 0.357206 -0.912706
-9999 -9999 -9999 -9999 -9999 -9999 -9999 -0.141791 2.63718 3.97657 5.6966 6.58094 6.93568 6.87762 6.42083 5.39729 3.86268 2.58313 0.14548 -2.38389 1.2307 4.45636 6.19485 6.2871 3.25462 4.09925 3.4213 3.69902 2.45569 1.94054 1.54159 0.646246 -0.334266 -1.40509 -1.97854 0.55996 1.85795 2.89913 3.38292 3.65 3.77589 3.68953 3.48421 2.33946 3.18789 3.12457 3.0254 2.91414 2.8542 2.75312 2.63659 2.56875 2.53495 2.23876 2.54912 2.52796 2.52107 2.51092 2.49023 2.46117 2.43329 2.40121 2.38568 2.3568 2.32837 2.30282 2.2786 2.25105 2.19199 1.97714 0.278356
-9999 -9999 -9999 -9999 -9999 -9999 -9999 -4.05455 -0.0108101 3.24548 4.93781 6.31742 6.68792 6.81959 6.21096 5.75292 4.6502 3.60607 2.00164 -0.395864 -1.87353 0.83399 4.77081 6.22866 6.12041 6.031 5.24581 4.53861 4.45107 4.50605 3.69045 2.49167 0.916472 0.419872 -0.137577 1.75103 1.99871 1.84913 3.92234 3.91393 3.78154 2.96938 2.06654 2.22226 1.65622 2.06238 1.3899 1.98315 2.49466 2.67839 2.65063 2.57555 2.55368 2.51065 2.55131 2.53902 2.51844 2.49959 2.48337 2.46237 2.42416 2.39561 2.38879 2.35554 2.32619 2.29473 2.27329 2.25071 2.20256 2.1573 1.8812
-9999 -9999 -9999 -9999 -9999 -9999 -9999 -3.87948 -0.475164 2.40667 4.13798 5.79478 6.1719 6.72389 6.59228 6.1135 5.15405 3.95848 2.63672 0.578921 -0.951156 0.856466 3.47165 5.34291 6.019 6.01873 5.97449 5.79748 5.73056 5.52388 5.38595 4.52068 3.03055 2.18613 0.951452 3.05699 3.2845 2.9429 3.98583 3.91998 2.31108 1.07054 0.903669 1.64383 0.91858 0.775771 0.320112 0.80808 2.13774 1.73201 1.79775 2.40119 2.48935 2.53658 2.54225 2.52635 2.51161 2.4891 2.478 2.46624 2.42841 2.40266 2.38177 2.34253 2.32073 2.28742 2.25617 2.22593 2.19212 2.1497 2.05894
-9999 -9999 -9999 -9999 -9999 -9999 -9999 -3.81372 -1.52441 1.06803 3.61833 5.38828 6.09656 6.60922 6.59369 6.03932 5.55768 4.80497 3.64132 2.84146 1.45947 -0.433623 2.72757 3.69961 4.5699 4.93861 5.84203 5.82051 5.40712 4.94107 5.3845 5.24854 4.06863 3.6762 3.01652 4.1837 4.17673 4.13325 4.0584 2.69801 0.811452 -0.699441 0.364559 0.125842 0.613711 -0.936354 0.309987 1.3119 1.62858 0.928159 0.404598 1.98216 2.22613 2.37006 2.45806 2.51178 2.48388 2.4877 2.46563 2.44768 2.42865 2.4005 2.37705 2.34748 2.31706 2.2854 2.25636 2.22109 2.17904 2.1602 2.10278
-9999 -9999 -9999 -9999 -9999 -9999 -9999 -9999 -2.87903 0.416877 3.35058 4.97987 6.00082 6.49318 6.47449 6.18653 5.85672 5.38679 4.54521 3.49102 1.83045 0.597207 1.37276 2.32586 2.43685 3.0684 4.90226 5.52832 4.6392 2.45346 3.74603 5.18759 5.15896 5.02936 4.88401 4.69942 4.53053 4.17159 3.22728 0.357484 -0.218072 -1.35209 -1.23793 -1.82626 -0.576125 -1.06341 0.213782 0.760095 0.958588 -0.24678 0.00204066 1.38455 1.92713 1.82289 2.15143 2.46508 2.46359 2.46048 2.43928 2.43302 2.42181 2.40204 2.3715 2.34516 2.32119 2.27639 2.26019 2.13698 2.05105 1.89439 2.05119
-9999 -9999 -9999 -9999 -9999 -9999 -9999 -9999 -3.52958 -0.248832 3.20739 4.31144 5.413 6.36216 6.37164 5.93705 5.5235 5.09822 4.61583 3.33876 2.10102 0.919968 0.520851 0.754075 0.744164 1.76559 4.15393 4.61496 4.41565 2.13155 1.35105 3.27753 4.89497 5.01607 4.86124 2.94243 3.33978 2.29895 0.890296 0.493968 -0.129899 -1.43506 -0.825554 -1.78519 -1.39204 -1.51024 -0.790687 -0.446304 0.412374 -0.63976 -0.638265 0.718151 1.4 1.40517 2.12167 2.36934 2.4252 2.4299 2.42943 2.41943 2.4173 2.39655 2.37132 2.34219 2.29207 2.1935 1.91984 0.519648 0.505178 0.868477 1.21168
-9999 -9999 -9999 -9999 -9999 -9999 -9999 -9999 -3.15348 -0.87914 2.18671 4.45528 4.58994 5.68804 6.25051 5.77908 5.24957 4.70839 4.46767 3.07845 1.55388 0.321606 -1.13521 -0.90025 0.138638 1.85278 3.39396 3.66733 3.34533 2.12535 2.70129 4.01292 4.70604 4.90521 4.73495 4.3102 4.06031 3.29126 2.95152 1.88623 0.226537 -0.434659 -0.0359366 -1.79783 -1.68806 -1.0536 -1.75014 -0.629876 -0.100212 -1.45538 -0.398978 0.805367 1.41506 1.94668 2.19189 2.28223 2.42724 2.41884 2.41925 2.41331 2.39747 2.38344 2.34355 2.30765 2.14571 1.91376 0.609501 0.0525136 0.142056 0.722072 1.22822
-9999 -9999 -9999 -9999 -9999 -9999 -9999 -9999 -2.76871 -0.72188 1.93535 3.55052 3.83263 5.05154 6.13435 6.00384 5.4535 5.28036 4.71101 3.53171 2.23044 0.809376 0.116108 -1.47025 0.0827362 1.32355 2.62747 3.23562 2.23586 1.72363 2.61643 3.5034 3.85339 4.74792 4.73128 4.42856 3.15185 2.52382 2.77438 2.49778 2.02134 0.875218 0.812644 0.071813 -0.242248 -0.539567 -1.47471 -0.896655 -0.850074 -0.70874 0.567253 1.18781 1.59508 1.96448 2.05227 2.20585 2.40878 2.41503 2.4098 2.39557 2.38601 2.35619 2.28056 2.21421 1.90402 1.36616 0.37552 -1.22484 -0.12618 1.02348 1.3558
-9999 -9999 -9999 -9999 -9999 -9999 -9999 -9999 -3.12262 -0.947985 1.32186 2.26612 2.41959 4.63261 5.98435 5.97828 5.7131 5.40503 4.00996 4.08421 3.80002 2.51728 0.652156 -1.39521 -1.20839 0.00975305 1.73937 2.30653 0.646302 0.0506266 0.478855 1.82265 3.02428 4.27867 4.59095 4.21181 2.22968 0.123333 1.08514 2.11312 2.09609 1.7797 0.715916 0.369898 0.0554317 -0.724215 -2.03987 -1.8546 -1.50575 -0.0624653 0.384039 1.08114 1.65801 1.42292 1.54028 2.0917 2.40261 2.40192 2.39459 2.3919 2.37083 2.33756 2.20125 2.05743 1.82564 0.448061 -0.414439 -1.66401 -0.248379 0.530629 0.934238
-9999 -9999 -9999 -9999 -9999 -9999 -9999 -9999 -3.80197 -2.22601 -0.0568787 0.812483 2.20373 4.29466 5.3188 5.80542 5.78634 5.57837 4.94944 4.56863 3.82569 2.4913 0.669505 -1.35451 -2.6737 -2.01058 0.321346 0.868606 -0.664581 -1.45386 -0.48462 0.947517 3.07084 4.28031 4.43625 4.31717 3.90088 2.36036 0.500735 0.496221 1.41256 0.625121 -0.28847 0.195778 0.092014 -0.677894 -1.24123 -1.58655 -1.39574 -0.571037 -0.241811 0.56534 1.76297 1.92345 1.8762 2.37301 2.38557 2.38442 2.39044 2.37641 2.35808 2.32886 2.21517 1.97779 1.05621 0.25046 -0.864862 -1.01614 0.240548 0.784064 1.28422
-9999 -9999 -9999 -9999 -9999 -9999 -9999 -9999 -4.96882 -3.11345 -1.08203 0.819373 2.61768 4.16416 4.27601 5.0877 5.07849 5.50011 5.36929 4.78597 4.15901 3.00821 0.66939 -1.29787 -3.44249 -2.88381 -0.513934 -0.186504 -1.2246 -3.13767 -1.17547 0.988695 2.94896 4.00614 3.16242 4.00923 3.92935 3.34586 2.23463 0.51224 0.533534 -0.760524 -0.827915 -0.180911 0.0210156 -0.10071 -0.526598 -1.20345 -1.1019 -0.603001 -0.488339 0.252208 1.17819 2.08323 2.22446 2.38653 2.38099 2.37069 2.37173 2.36013 2.32737 2.26654 2.14836 1.37377 0.455051 -0.116709 -0.898244 -1.00636 0.450136 1.01868 1.3257
