Test_Spring_2018b/02_18/Temp/20180219_010.txt
ncols	170
nrows	115
xllcorner	350000.000000
yllcorner	4445000.000000
cellsize	1000.000000
nodata_value	-9999.000000
[rows 32 to 63 of 115, columns 72 to 143 of 170]
10.5657 10.2254 10.7638 11.26 10.9638 10.7689 11.5845 11.5886 11.3173 10.6743 10.441 10.1989 10.0521 9.22587 6.90058 4.80463 5.93329 5.96342 5.18874 6.58692 5.85289 3.93318 1.22186 2.69936 2.31769 0.382841 -0.0941726 -9999 -9999 -9999 -9999 -9999 -9999 -9999 -9999 -9999 -9999 -9999 -9999 -9999 -9999 -9999 -9999 -9999 -9999 -9999 -9999 -9999 -9999 -9999 -9999 -9999 -9999 -9999 -9999 -9999 -9999 -9999 -9999 -9999 -9999 -9999 -9999 -9999 -9999 -9999 -9999 -9999 -9999 -9999 -9999 -9999
10.1165 9.97311 10.771 10.7593 10.7105 11.0032 11.513 11.6171 11.5139 11.2358 10.9957 10.7399 10.0845 9.1388 7.14932 4.7631 4.22466 5.39782 5.45724 5.64838 4.9797 4.13886 2.82169 3.90495 4.32701 3.05307 1.39329 0.329412 -9999 -9999 -9999 -9999 -9999 -9999 -9999 -9999 -9999 -9999 -9999 -9999 -9999 -9999 -9999 -9999 -9999 -9999 -9999 -9999 -9999 -9999 -9999 -9999 -9999 -9999 -9999 -9999 -9999 -9999 -9999 -9999 -9999 -9999 -9999 -9999 -9999 -9999 -9999 -9999 -9999 -9999 -9999 -9999
9.57825 8.81419 9.297 9.66077 10.325 10.5097 10.6136 11.5637 11.5179 11.4783 11.0788 10.76 10.2291 9.31912 8.02177 6.45879 3.73443 5.42001 6.74049 6.70991 6.64074 6.05251 4.7872 5.8505 5.90266 4.27368 2.43401 1.35384 0.908111 -9999 -9999 -9999 -9999 -9999 -9999 -9999 -9999 -9999 -9999 -9999 -9999 -9999 -9999 -9999 -9999 -9999 -9999 -9999 -9999 -9999 -9999 -9999 -9999 -9999 -9999 -9999 -9999 -9999 -9999 -9999 -9999 -9999 -9999 -9999 -9999 -9999 -9999 -9999 -9999 -9999 -9999 -9999
8.96474 8.03032 8.51604 9.16256 10.0717 10.5447 10.9093 11.1965 11.4894 11.4597 11.0507 9.83424 9.6641 9.61537 8.76822 6.98585 5.20565 4.747 6.75962 7.33783 7.22355 7.67499 6.6035 7.11354 6.90776 6.33254 4.55461 2.94138 2.27604 0.959582 -9999 -9999 -9999 -9999 -9999 -9999 -9999 -9999 -9999 -9999 -9999 -9999 -9999 -9999 -9999 -9999 -9999 -9999 -9999 -9999 -9999 -9999 -9999 -9999 -9999 -9999 -9999 -9999 -9999 -9999 -9999 -9999 -9999 -9999 -9999 -9999 -9999 -9999 -9999 -9999 -9999 -9999
-9999 -9999 7.45723 8.33436 9.06639 9.95228 10.7237 11.1111 11.4876 11.4622 10.6405 10.2407 10.2097 9.65622 8.67769 8.06486 6.94537 5.77864 6.22885 7.94539 7.18601 8.40263 8.30237 8.52778 7.71848 6.17734 4.11506 2.91614 2.32116 1.25484 -9999 -9999 -9999 -9999 -9999 -9999 -9999 -9999 -9999 -9999 -9999 -9999 -9999 -9999 -9999 -9999 -9999 -9999 -9999 -9999 -9999 -9999 -9999 -9999 -9999 -9999 -9999 -9999 -9999 -9999 -9999 -9999 -9999 -9999 -9999 -9999 -9999 -9999 -9999 -9999 -9999 -9999
-9999 -9999 -9999 8.18699 8.74673 9.9352 10.5506 10.8037 11.4083 11.4142 11.1059 10.8741 10.5357 10.092 9.3577 8.54686 7.49419 7.39985 8.49914 8.51562 8.28934 8.47182 9.0373 8.89103 7.6316 5.46652 4.32276 1.9836 0.9884 1.09271 0.388287 -9999 -9999 -9999 -9999 -9999 -9999 -9999 -9999 -9999 -9999 -9999 -9999 3.12217 -9999 -9999 -9999 -9999 -9999 -9999 -9999 -9999 -9999 -9999 -9999 -9999 -9999 -9999 -9999 -9999 -9999 -9999 -9999 -9999 -1.14528 -9999 -9999 -9999 -9999 -9999 -9999 -9999
-9999 -9999 8.08965 8.83447 9.4149 10.1619 10.2351 10.6847 11.3793 11.3942 11.177 10.9308 10.3715 10.2361 9.81992 8.9393 8.76201 9.12396 9.29225 9.48232 9.60023 9.50912 9.28325 8.99053 8.17717 7.17339 6.50034 4.3651 3.28976 2.26294 0.707895 -0.507821 -9999 -9999 -9999 -9999 -9999 -9999 -9999 2.32002 2.26383 2.29279 2.63538 3.5792 3.0254 -9999 -9999 -9999 -9999 -9999 -9999 -9999 -9999 -9999 -9999 -9999 -9999 -9999 -9999 -9999 -9999 -9999 -9999 -9999 -0.276836 -1.5044 -9999 -9999 -9999 -9999 -9999 -9999
-9999 -9999 8.30318 9.08578 9.47932 10.2051 10.6228 10.8975 11.1416 11.3751 11.3417 11.069 10.6514 10.6587 10.081 9.77125 9.55092 10.0393 10.1382 9.94648 9.70499 9.49151 8.88332 8.81468 8.61236 7.97574 6.9298 5.85209 4.28392 2.17183 0.100896 -1.5687 -9999 -9999 -9999 -9999 -9999 -9999 2.50968 3.29526 3.76629 2.76955 3.62293 4.40265 4.27837 3.51047 -9999 -9999 -9999 -9999 -9999 -9999 -9999 -9999 -9999 -9999 -9999 -9999 -9999 -9999 5.55673 4.29952 1.75906 0.456314 -0.325924 -1.44261 -9999 -9999 -9999 -9999 -9999 -9999
-9999 -9999 8.16075 9.08427 9.71177 10.2695 10.3635 10.9393 11.1869 11.3149 11.3056 11.2556 11.1827 10.6795 10.4654 9.7018 10.44 10.4156 10.2328 9.49965 9.18309 7.92179 7.36777 7.24048 8.30442 7.52056 5.88249 3.83454 1.37278 1.20524 0.393329 -1.09836 -9999 -9999 -9999 -9999 -9999 -9999 2.76824 3.60836 4.30942 4.41238 3.42105 4.80597 4.74152 3.96584 3.78912 4.42357 4.74517 4.49997 5.24883 5.47251 5.13244 5.51036 -9999 -9999 -9999 -9999 5.74638 5.79863 5.83779 5.31397 2.53837 0.641976 -1.06155 -1.22559 -9999 -9999 -9999 -9999 -9999 -9999
-9999 -9999 8.80812 9.3789 9.67048 9.72267 10.2241 10.7286 11.0348 11.2631 11.2237 11.2108 11.1966 11.0277 10.6286 10.7054 10.6765 10.4444 9.04657 7.41418 8.12932 7.15974 5.08417 6.76954 7.69826 6.80967 4.82416 2.52188 1.76889 1.79403 0.663854 -0.7889 -9999 -9999 -9999 0.485232 1.68889 1.79678 2.15353 3.27358 4.12562 4.76521 5.20197 5.18588 4.71733 3.95811 3.13306 3.42553 4.90655 5.26766 5.55808 5.78993 5.47461 5.64513 6.04442 6.25238 6.29701 6.20659 6.18757 6.22161 6.1753 5.68664 3.20149 1.77941 0.871066 -0.962122 -9999 -9999 -9999 -9999 -9999 -9999
-9999 -9999 8.46437 8.96145 9.36533 10.0328 10.1088 10.5332 10.7905 11.1617 11.2089 10.7824 11.1446 11.1034 11.0413 10.9039 10.7003 9.52108 7.89412 6.26275 5.51066 5.83485 4.58657 5.2256 6.16655 5.82318 4.60704 2.5561 2.26878 1.79312 -0.117309 -1.9485 -9999 -9999 -1.83143 0.47504 2.10011 2.93992 3.20204 3.22938 4.30237 4.38759 5.54136 5.26963 3.73662 3.90664 3.30749 3.69042 4.23379 4.38259 5.16007 5.90545 6.05002 6.05646 6.31218 6.36765 6.3845 6.38108 6.21265 6.29274 6.30577 6.00113 4.20195 3.32358 2.35251 -0.917205 -9999 -9999 -9999 -9999 -9999 -9999
-9999 -9999 8.72808 9.28314 9.89068 9.99411 10.4461 10.407 10.2893 10.9167 11.147 10.8477 10.6336 11.043 11.0197 10.9702 10.8856 9.77761 8.49447 6.55003 5.34241 4.60506 4.08117 3.37729 3.86096 3.71442 3.51779 3.74689 3.18305 2.05852 0.945503 -1.14537 -2.27074 -9999 -1.69279 -0.649339 1.28286 2.92511 3.96839 3.59688 4.81672 5.04365 5.74538 5.33229 4.39832 3.99828 3.96126 3.83827 4.65771 5.20504 5.5905 5.85219 6.17208 6.25789 6.34451 6.38307 6.40576 6.4283 6.42694 6.42249 6.38718 6.27274 5.44498 4.56597 2.67162 -0.793157 -9999 -9999 -9999 -9999 -9999 -9999
-9999 7.13425 8.67704 9.60422 9.96683 10.2304 10.4636 10.6342 10.8156 10.9833 11.1002 11.0562 10.2544 10.3254 10.4752 10.9377 10.9088 10.8116 10.1112 7.74462 6.92831 5.73363 4.18574 3.53543 3.85994 5.13095 5.07545 4.23589 3.3004 2.00582 1.18262 -0.0947236 -2.55367 -2.32799 -1.21594 -0.387309 0.927443 2.9342 4.34147 4.97045 5.20873 5.70215 5.95861 5.39139 4.84553 4.6172 4.19601 4.13522 4.13716 4.63208 5.01482 5.87308 6.16473 6.2951 6.3668 6.40752 6.43822 6.46808 6.48026 6.46598 6.46807 6.46145 6.39848 5.23097 2.31271 0.109107 -9999 -9999 -9999 -9999 -9999 -9999
-9999 -9999 8.4046 8.8155 8.92738 9.11908 9.50545 9.9501 10.5799 10.666 11.0141 11.0186 10.3271 9.52887 10.2336 10.516 10.8079 10.8198 10.732 8.74334 7.70384 6.8855 5.40123 5.93427 6.44406 6.48358 6.17751 4.3756 2.58134 0.511614 -1.42036 -1.50992 -2.54844 -1.99606 -1.25966 0.62316 1.94932 2.48929 2.87754 4.91611 5.44675 5.62824 6.14908 5.4373 5.2498 4.71343 4.87009 4.82149 4.82313 3.34253 4.82329 4.91208 5.88102 6.31659 6.41578 6.44741 6.4807 6.48953 6.49864 6.49673 6.5079 6.49273 6.47542 5.71588 2.01539 0.151273 -9999 -9999 -9999 -9999 -9999 -9999
-9999 -9999 -9999 -9999 8.55686 8.87225 9.07688 9.42655 10.4866 10.7761 10.9704 10.9924 10.688 9.89743 9.69295 9.84314 9.07092 9.72344 10.6145 10.5946 10.4887 8.74017 7.84289 8.71031 8.44744 7.13261 6.09819 5.07755 2.9765 1.43829 -0.776298 -2.4382 -2.49756 -0.656448 0.872323 2.77765 3.62086 3.14776 3.6682 4.68124 5.83131 6.3872 6.25583 5.50542 5.39297 4.56683 5.37409 5.44136 5.06322 4.73673 4.86269 5.34197 5.52622 6.28536 6.47184 6.50598 6.51673 6.52437 6.52487 6.52328 6.51493 6.50711 6.49546 6.45924 2.65537 -0.309429 -9999 -9999 -9999 -9999 -9999 -9999
-9999 -9999 -9999 -9999 7.8392 8.0338 8.53541 9.81358 10.4875 10.7628 10.7599 10.8903 10.6774 9.98286 9.26933 8.59627 7.72645 8.22968 9.55465 10.3364 10.4269 8.8943 9.69066 9.39232 8.80371 7.08386 5.81674 5.14565 3.12854 1.40128 -0.0713066 -2.10497 -1.23053 -0.267346 0.969127 3.04668 4.45038 5.02929 4.55017 5.19913 6.5224 6.53031 5.80707 5.85309 5.40519 4.27697 5.4466 5.77424 5.50662 5.57434 5.47149 5.65031 5.97636 6.2892 6.49882 6.53051 6.53739 6.53523 6.53873 6.542 6.52888 6.53027 6.51868 6.49733 4.04101 -0.351406 -9999 -9999 -9999 -9999 -9999 -9999
-9999 -9999 -9999 -9999 -9999 7.19356 8.32983 10.0244 10.4514 10.4195 10.7742 10.8103 10.4803 10.1942 9.32707 8.13998 5.85503 6.4417 7.66163 9.4189 10.3431 10.2203 9.70521 8.81454 6.65847 4.77176 4.54342 4.23556 2.76386 1.43393 -0.203558 0.749374 1.79349 2.93596 3.53845 3.3876 4.59095 5.57244 5.16092 5.95654 6.88333 6.46441 6.21609 6.00699 5.49057 5.45751 5.50838 6.17183 5.7096 5.99137 5.99476 5.97954 6.13889 6.32296 6.517 6.55201 6.55655 6.56402 6.54564 6.55624 6.54693 6.53657 6.52598 6.50752 6.28279 3.91325 2.49744 -9999 -9999 -9999 -9999 -9999
-9999 -9999 -9999 -9999 -9999 6.16356 6.73344 8.73902 9.36429 10.2538 10.7289 10.7565 10.1953 9.88485 8.59022 8.17326 6.06007 5.10494 5.92163 5.61279 8.03126 10.1712 9.70404 5.38862 3.82606 2.71183 2.99923 3.00316 2.59463 0.329704 -0.292636 1.73949 3.02059 4.0144 4.7696 4.93037 4.90916 6.44232 6.64831 7.14753 7.04121 7.08802 6.31625 5.83798 6.2477 5.76439 5.68009 6.36566 5.68692 6.29821 6.2222 6.03908 6.03102 6.43682 6.52158 6.56826 6.57472 6.56316 6.54695 6.53755 6.55245 6.54707 6.5243 6.52401 6.49971 6.21108 4.98485 4.55356 5.02289 -9999 -9999 -9999
-9999 -9999 -9999 -9999 -9999 -9999 4.88139 7.66599 8.94311 9.61614 10.5612 10.6803 10.3847 9.8434 8.52446 7.36485 5.47627 3.31841 2.17638 5.60628 8.59147 10.1503 9.94405 6.35224 4.93529 4.8706 5.70693 5.00365 4.47086 2.75009 2.23785 1.52536 1.96957 3.35299 4.48398 5.5757 6.37064 6.43946 6.95636 7.25189 7.2778 7.37103 7.2805 7.20604 6.45397 6.96669 6.52837 6.75842 6.60789 6.47228 6.35277 5.92738 6.22993 6.4988 6.57041 6.5943 6.58201 6.58224 6.57487 6.55347 6.54178 6.54094 6.53829 6.52354 6.52136 6.50074 6.36021 5.62101 4.63261 3.385 -9999 -9999
-9999 -9999 -9999 -9999 -9999 -9999 3.50555 6.27644 7.61644 9.33727 10.2262 10.5898 10.548 10.1102 9.10917 7.59968 6.34265 3.93334 1.43114 5.03192 8.23768 9.96921 10.063 7.04139 7.8798 7.20465 7.47907 6.24215 5.72949 5.32431 4.43756 3.46802 2.40703 1.84745 4.38208 5.68571 6.73562 7.23277 7.51526 7.65771 7.58518 7.39269 6.26932 7.1259 7.07283 6.98599 6.88661 6.83783 6.74792 6.64258 6.57717 6.55591 6.27435 6.59626 6.59099 6.59838 6.60334 6.59861 6.58628 6.57572 6.56141 6.56167 6.54714 6.53534 6.52615 6.51518 6.50298 6.45916 6.26029 4.58651 3.5842 3.29603
-9999 -9999 -9999 -9999 -9999 -9999 -0.367364 3.66081 6.90219 8.59602 9.9754 10.3583 10.5045 9.91537 9.47577 8.39499 7.37151 5.78992 3.41866 1.95976 4.65672 8.5745 10.0179 9.90298 9.8143 9.03372 8.33053 8.24335 8.29835 7.47959 6.28623 4.72698 4.24182 3.69788 5.58654 5.84613 5.71233 7.78854 7.79677 7.68209 6.89178 6.00543 6.17526 5.62069 6.03418 5.37785 5.97887 6.49829 6.69173 6.6749 6.60206 6.59322 6.56316 6.61966 6.62098 6.61476 6.61102 6.61065 6.60623 6.58529 6.57436 6.58526 6.56702 6.55509 6.53592 6.52764 6.52051 6.48767 6.45742 6.19753 5.80849 5.06437
-9999 -9999 -9999 -9999 -9999 -9999 -0.182048 3.20943 6.08439 7.81073 9.47076 9.85989 10.4233 10.3077 9.84691 8.90798 7.73357 6.43262 4.39884 2.88797 4.69239 7.29548 9.15952 9.82437 9.8168 9.77383 9.5988 9.52747 9.32355 9.17834 8.32345 6.84923 6.01857 4.80173 6.90588 7.14517 6.82015 7.87199 7.82262 6.2401 5.02361 4.87375 5.61778 4.9113 4.77932 4.33208 4.82879 6.1616 5.77123 5.84739 6.44801 6.54805 6.61152 6.63023 6.62807 6.62769 6.6203 6.62495 6.62959 6.60888 6.60056 6.59732 6.57588 6.56805 6.55191 6.53392 6.51405 6.49558 6.46827 6.39267 6.31163 6.38721
-9999 -9999 -9999 -9999 -9999 -9999 -0.100769 2.18206 4.76967 7.30902 9.08128 9.79914 10.323 10.3222 9.78577 9.32118 8.58648 7.4424 6.65865 5.29509 3.42221 6.57074 7.53928 8.39772 8.76238 9.66157 9.64141 9.23198 8.7521 9.19723 9.06737 7.90226 7.52114 6.87586 8.04744 8.05348 8.02435 7.96489 6.62851 4.76953 3.28388 4.35681 4.13469 4.62592 3.09529 4.34934 5.35701 5.68317 4.99113 4.48207 6.05052 6.30998 6.46593 6.56668 6.63385 6.62047 6.63925 6.63293 6.63131 6.62912 6.61823 6.61225 6.60023 6.58728 6.56875 6.55266 6.53343 6.51261 6.50873 6.45981 6.44227 6.42036
-9999 -9999 -9999 -9999 -9999 -9999 -9999 0.851494 4.12941 7.05719 8.68938 9.71757 10.2208 10.2163 9.94409 9.62985 9.17571 8.35133 7.31461 5.67408 4.45696 5.23486 6.18415 6.28774 6.91855 8.74373 9.36848 8.48765 6.30578 7.59357 9.03243 9.01144 8.8914 8.75703 8.58191 8.42684 8.08387 7.15994 4.32306 3.76937 2.65792 2.78671 2.21699 3.46465 2.98966 4.2717 4.8269 5.03601 3.84967 4.09587 5.48675 6.03851 5.9477 6.28733 6.60813 6.62112 6.63306 6.62756 6.63744 6.64286 6.64011 6.63164 6.62297 6.61659 6.58492 6.58104 6.47454 6.40462 6.26394 6.4343 6.44895 6.44986
-9999 -9999 -9999 -9999 -9999 -9999 -9999 0.209956 3.482 6.92903 8.03908 9.14708 10.1039 10.127 9.70859 9.31075 8.90069 8.43311 7.1749 5.95477 4.78991 4.40105 4.63959 4.61931 5.63875 8.01621 8.47825 8.28419 6.00306 5.23362 7.1552 8.77066 8.90021 8.75666 6.86124 7.26855 6.24757 4.86178 4.48254 3.8775 2.5955 3.21612 2.27709 2.68201 2.56366 3.29172 3.64653 4.51209 3.47847 3.47893 4.84461 5.53521 5.55354 6.27906 6.53908 6.60898 6.62858 6.64362 6.64973 6.66414 6.66042 6.65249 6.64078 6.60815 6.52719 6.26737 4.88687 4.88804 5.26422 5.62004 6.26161 6.44333
-9999 -9999 -9999 -9999 -9999 -9999 -9999 0.597507 2.86955 5.92865 8.19584 8.34274 9.44727 10.0195 9.5642 9.05083 8.52537 8.29786 6.92825 5.42329 4.20792 2.76852 3.00951 4.04865 5.74049 7.2772 7.5539 7.23907 6.01579 6.59524 7.90655 8.60407 8.81163 8.65301 8.24241 8.00645 7.25533 6.93147 5.88704 4.2522 3.60974 4.02054 2.28399 2.40713 3.0513 2.35671 3.48285 4.02178 2.68743 3.74137 4.95157 5.5709 6.1128 6.37031 6.47427 6.63297 6.63965 6.65558 6.66563 6.66626 6.669 6.64625 6.62755 6.48357 6.26987 4.9903 4.44267 4.54728 5.13898 5.65695 6.19208 6.41418
-9999 -9999 -9999 -9999 -9999 -9999 -9999 0.993523 3.03962 5.69267 7.31045 7.60373 8.82809 9.9172 9.80042 9.26614 9.10628 8.55216 7.39124 6.10841 4.70579 4.02568 2.45735 4.00815 5.22987 6.53178 7.14217 6.13689 5.6352 6.53033 7.42031 7.77738 8.67639 8.67069 8.38147 7.12505 6.51393 6.77644 6.51548 6.05618 4.9315 4.88359 4.16152 3.86334 3.58152 2.64911 3.23665 3.29584 3.453 4.72159 5.35205 5.77061 6.15169 6.25311 6.42019 6.63665 6.65802 6.66837 6.67013 6.67686 6.66372 6.60524 6.55605 6.26454 5.74668 4.77868 3.1937 4.30124 5.45918 5.80367 6.13437 6.30966
-9999 -9999 -9999 -9999 -9999 -9999 -9999 0.655384 2.82863 5.09675 6.04779 6.21312 8.42526 9.78145 9.78817 9.53716 9.24315 7.86846 7.9534 7.68153 6.41669 4.57248 2.54656 2.74036 3.94644 5.66555 6.23606 4.57484 3.99097 4.42509 5.76964 6.97354 8.23052 8.55196 8.18693 6.22952 4.14919 5.11836 6.15363 6.15062 5.85025 4.80716 4.47729 4.17862 3.41748 2.11745 2.30375 2.6636 4.1018 4.55964 5.26654 5.85402 5.63473 5.76586 6.32858 6.65255 6.66715 6.67546 6.68866 6.68385 6.66713 6.54815 6.42179 6.20802 4.85554 4.01481 2.78281 4.2007 4.99047 5.4038 6.15608 6.33616
-9999 -9999 -9999 -9999 -9999 -9999 -9999 -0.00616601 1.57227 3.74038 4.61699 6.01236 8.10309 9.13365 9.62991 9.6234 9.42887 8.81561 8.44845 7.7209 6.40503 4.60424 2.60197 1.29966 1.96692 4.27275 4.81932 3.2896 2.51393 3.48624 4.91906 7.03931 8.252 8.41831 8.31187 7.91059 6.39255 4.55778 4.56685 5.49123 4.72259 3.82861 4.32372 4.23439 3.48294 2.93663 2.58928 2.79602 3.61627 3.95788 4.77448 5.97919 6.15333 6.12119 6.6299 6.65758 6.67186 6.6935 6.69542 6.69325 6.68043 6.58379 6.36429 5.46489 4.68058 3.58855 3.45447 4.70781 5.26211 5.77313 6.1429 6.26426
-9999 -9999 -9999 -9999 -9999 -9999 -9999 -1.15211 0.704127 2.73547 4.63774 6.43764 7.98731 8.11125 8.93057 8.93388 9.36507 9.24691 8.67863 8.06653 6.93335 4.61905 2.67352 0.551322 1.11522 3.46642 3.77319 2.7504 0.858397 2.8179 4.97857 6.93713 7.99876 7.17185 8.02544 7.95858 7.39163 6.30056 4.6024 4.63724 3.36503 3.31189 3.96868 4.18312 4.07585 3.66623 3.00057 3.1074 3.60444 3.7331 4.4838 5.41887 6.33324 6.48868 6.66499 6.67488 6.68021 6.69696 6.70131 6.68475 6.64043 6.5392 5.78572 4.88904 4.33718 3.57683 3.48568 4.94196 5.51656 5.83615 6.15607 6.28331
-9999 -9999 -9999 -9999 -9999 -9999 -9999 -9999 0.524285 2.62274 4.17672 4.59864 5.97662 6.72274 7.30103 7.43256 9.07425 9.16863 8.80984 8.24792 7.28202 5.52681 4.30493 2.26953 0.807463 1.40298 1.68608 2.22759 2.07173 2.94733 5.02385 7.18715 7.42588 6.05664 6.26293 6.55308 7.19955 6.87595 4.56104 3.38611 2.41111 3.10764 3.84009 4.01871 4.05581 3.9165 3.74144 3.4552 4.43353 5.15792 5.32717 5.95929 6.42664 6.55736 6.65653 6.67097 6.68569 6.68847 6.66394 6.64678 6.53239 6.27293 5.42983 3.39919 3.49576 3.2774 2.64649 4.07393 4.95546 5.76407 6.19455 6.307
-9999 -9999 -9999 -9999 -9999 -9999 -9999 -9999 -0.162667 2.26458 2.78116 2.74797 1.95073 2.32451 5.30203 5.90504 7.47964 8.97071 8.86554 8.31432 7.41086 6.36701 4.74878 2.45922 0.640671 -0.127693 1.82919 3.75728 4.15793 4.77582 6.04952 6.29414 4.89482 3.58277 4.32433 4.77217 6.46985 6.78195 6.45518 5.06123 3.46688 2.6355 3.62118 3.75435 3.81492 3.82802 3.79421 3.74244 4.84185 5.45284 5.87732 6.1094 6.51106 6.61561 6.65082 6.68421 6.67965 6.66171 6.60121 6.53197 6.21838 5.83808 4.45574 3.30341 2.58535 1.67327 3.73355 4.34207 5.17752 5.71747 6.14583 6.24122
