Test_Spring_2018b/02_18/Temp/20180214_016.txt
ncols	170
nrows	115
xllcorner	350000.000000
yllcorner	4445000.000000
cellsize	1000.000000
nodata_value	-9999.000000
[rows 32 to 63 of 115, columns 72 to 143 of 170]
8.00965 7.68699 8.19146 8.65599 8.36387 8.17404 8.93179 8.9337 8.67639 8.06937 7.84823 7.619 7.47965 6.70087 4.51091 2.53701 3.59908 3.62702 2.89734 4.21336 3.52203 1.71443 -0.838443 0.552317 0.192729 -1.6169 -2.05871 -9999 -9999 -9999 -9999 -9999 -9999 -9999 -9999 -9999 -9999 -9999 -9999 -9999 -9999 -9999 -9999 -9999 -9999 -9999 -9999 -9999 -9999 -9999 -9999 -9999 -9999 -9999 -9999 -9999 -9999 -9999 -9999 -9999 -9999 -9999 -9999 -9999 -9999 -9999 -9999 -9999 -9999 -9999 -9999 -9999
7.57414 7.4369 8.18565 8.17216 8.12094 8.3818 8.85182 8.94796 8.84899 8.58557 8.358 8.11591 7.49774 6.60646 4.73263 2.48542 1.97793 3.08193 3.13747 3.31704 2.68716 1.8952 0.65479 1.67429 2.07129 0.88663 -0.671592 -1.67472 -9999 -9999 -9999 -9999 -9999 -9999 -9999 -9999 -9999 -9999 -9999 -9999 -9999 -9999 -9999 -9999 -9999 -9999 -9999 -9999 -9999 -9999 -9999 -9999 -9999 -9999 -9999 -9999 -9999 -9999 -9999 -9999 -9999 -9999 -9999 -9999 -9999 -9999 -9999 -9999 -9999 -9999 -9999 -9999
7.05485 6.33323 6.78538 7.12534 7.74114 7.89665 7.99244 8.88497 8.84008 8.80124 8.4236 8.12223 7.62122 6.76357 5.54133 4.06915 1.50367 3.09007 4.33279 4.30358 4.23806 3.68386 2.4922 3.49283 3.5415 2.02843 0.29186 -0.723925 -1.14237 -9999 -9999 -9999 -9999 -9999 -9999 -9999 -9999 -9999 -9999 -9999 -9999 -9999 -9999 -9999 -9999 -9999 -9999 -9999 -9999 -9999 -9999 -9999 -9999 -9999 -9999 -9999 -9999 -9999 -9999 -9999 -9999 -9999 -9999 -9999 -9999 -9999 -9999 -9999 -9999 -9999 -9999 -9999
6.46464 5.58262 6.03748 6.64362 7.49217 7.9258 8.25812 8.52657 8.80045 8.77083 8.38432 7.23775 7.07644 7.02959 6.2312 4.55245 2.87585 2.44352 4.33786 4.88177 4.77375 5.1983 4.18905 4.66874 4.47446 3.93979 2.27747 0.756733 0.131365 -1.10697 -9999 -9999 -9999 -9999 -9999 -9999 -9999 -9999 -9999 -9999 -9999 -9999 -9999 -9999 -9999 -9999 -9999 -9999 -9999 -9999 -9999 -9999 -9999 -9999 -9999 -9999 -9999 -9999 -9999 -9999 -9999 -9999 -9999 -9999 -9999 -9999 -9999 -9999 -9999 -9999 -9999 -9999
-9999 -9999 5.02793 5.84646 6.52591 7.35545 8.07063 8.43332 8.78585 8.76018 7.98505 7.60739 7.57703 7.05494 6.13287 5.55521 4.50066 3.40171 3.8251 5.44071 4.72531 5.87023 5.7753 5.98693 5.22437 3.77687 1.8497 0.718751 0.159409 -0.843656 -9999 -9999 -9999 -9999 -9999 -9999 -9999 -9999 -9999 -9999 -9999 -9999 -9999 -9999 -9999 -9999 -9999 -9999 -9999 -9999 -9999 -9999 -9999 -9999 -9999 -9999 -9999 -9999 -9999 -9999 -9999 -9999 -9999 -9999 -9999 -9999 -9999 -9999 -9999 -9999 -9999 -9999
-9999 -9999 -9999 5.69488 6.21233 7.32838 7.8948 8.13093 8.69809 8.70192 8.41001 8.19044 7.87059 7.45196 6.75978 5.99574 5.00413 4.91483 5.94933 5.9644 5.75091 5.92219 6.45399 6.31562 5.13624 3.09429 2.01727 -0.173652 -1.11005 -1.0113 -1.6739 -9999 -9999 -9999 -9999 -9999 -9999 -9999 -9999 -9999 -9999 -9999 -9999 0.944361 -9999 -9999 -9999 -9999 -9999 -9999 -9999 -9999 -9999 -9999 -9999 -9999 -9999 -9999 -9999 -9999 -9999 -9999 -9999 -9999 -2.901 -9999 -9999 -9999 -9999 -9999 -9999 -9999
-9999 -9999 5.5978 6.28532 6.82872 7.52889 7.59331 8.00585 8.65762 8.66969 8.46352 8.23034 7.7025 7.57409 7.18149 6.35179 6.18439 6.52473 6.68277 6.86131 6.97187 6.88557 6.6723 6.39599 5.63315 4.68781 4.05379 2.05677 1.04166 0.0751374 -1.38867 -2.53292 -9999 -9999 -9999 -9999 -9999 -9999 -9999 0.147093 0.0994821 0.132775 0.462014 1.35785 0.844183 -9999 -9999 -9999 -9999 -9999 -9999 -9999 -9999 -9999 -9999 -9999 -9999 -9999 -9999 -9999 -9999 -9999 -9999 -9999 -2.10172 -3.25006 -9999 -9999 -9999 -9999 -9999 -9999
-9999 -9999 5.7759 6.50948 6.87667 7.55665 7.94653 8.19302 8.42052 8.6383 8.60503 8.34675 7.95239 7.95825 7.41368 7.1215 6.91365 7.37309 7.46594 7.28507 7.0573 6.85579 6.28255 6.21713 6.02954 5.42973 4.44444 3.42916 1.96252 -0.0261524 -1.97609 -3.54813 -9999 -9999 -9999 -9999 -9999 -9999 0.302614 1.04684 1.49581 0.563749 1.37427 2.11607 2.00727 1.30756 -9999 -9999 -9999 -9999 -9999 -9999 -9999 -9999 -9999 -9999 -9999 -9999 -9999 -9999 3.34561 2.16781 -0.217525 -1.43704 -2.16604 -3.20956 -9999 -9999 -9999 -9999 -9999 -9999
-9999 -9999 5.62965 6.49563 7.08279 7.60422 7.68911 8.21994 8.4497 8.56792 8.55725 8.50862 8.43873 7.96402 7.76182 7.04246 7.73719 7.71398 7.54165 6.85115 6.55276 5.36478 4.84252 4.72506 5.72628 4.98769 3.44473 1.51576 -0.80641 -0.951824 -1.71694 -3.12201 -9999 -9999 -9999 -9999 -9999 -9999 0.527005 1.32271 1.98852 2.09218 1.16645 2.47859 2.44009 1.7198 1.56338 2.17039 2.48239 2.2651 2.99223 3.20925 2.89459 3.25506 -9999 -9999 -9999 -9999 3.49586 3.54951 3.59149 3.10417 0.497618 -1.2805 -2.87646 -3.01299 -9999 -9999 -9999 -9999 -9999 -9999
-9999 -9999 6.22701 6.7606 7.03116 7.07628 7.54439 8.00816 8.2929 8.50528 8.46621 8.4525 8.43792 8.27802 7.9017 7.97369 7.94636 7.72776 6.41171 4.87475 5.54778 4.63422 2.67643 4.26847 5.14228 4.30492 2.43465 0.265955 -0.447673 -0.41323 -1.47853 -2.84955 -9999 -9999 -9999 -1.65104 -0.516383 -0.412346 -0.0729305 0.986227 1.79416 2.40587 2.82521 2.8205 2.40011 1.69613 0.930127 1.2159 2.62008 2.96914 3.26835 3.49308 3.20153 3.36443 3.74395 3.94287 3.98782 3.90571 3.89118 3.92717 3.88823 3.43367 1.10364 -0.227642 -1.07454 -2.77381 -9999 -9999 -9999 -9999 -9999 -9999
-9999 -9999 5.89222 6.35632 6.73245 7.35404 7.42142 7.81701 8.04946 8.39601 8.43832 8.0352 8.37491 8.33534 8.27639 8.14687 7.95513 6.84506 5.31342 3.77754 3.06931 3.37166 2.19568 2.80207 3.68732 3.36273 2.21415 0.281911 0.00991456 -0.442424 -2.23225 -3.95788 -9999 -9999 -3.8509 -1.67927 -0.148161 0.644787 0.895113 0.925668 1.94192 2.02937 3.12383 2.8781 1.45518 1.62639 1.07901 1.45075 1.9724 2.12182 2.86614 3.58562 3.72688 3.73702 3.98099 4.03586 4.05413 4.05341 3.89775 3.97673 3.99345 3.71205 2.02459 1.20497 0.305647 -2.7546 -9999 -9999 -9999 -9999 -9999 -9999
-9999 -9999 6.12686 6.64533 7.213 7.30597 7.72708 7.68438 7.5639 8.15178 8.36611 8.08262 7.87982 8.26456 8.2422 8.19558 8.11601 7.07318 5.86538 4.03489 2.89788 2.20117 1.70713 1.04664 1.50117 1.36213 1.17568 1.3898 0.85652 -0.206885 -1.25636 -3.21822 -4.27976 -9999 -3.73843 -2.7563 -0.93634 0.611912 1.59766 1.25287 2.40767 2.62897 3.29884 2.92001 2.06143 1.69787 1.67462 1.57012 2.35233 2.88331 3.25876 3.51237 3.82798 3.91259 3.99698 4.03547 4.0587 4.08189 4.08303 4.08203 4.05297 3.95052 3.17766 2.36295 0.588571 -2.65503 -9999 -9999 -9999 -9999 -9999 -9999
-9999 4.62106 6.06666 6.93519 7.27196 7.51533 7.73013 7.88618 8.04757 8.20063 8.30833 8.265 7.50887 7.57506 7.71584 8.15134 8.1244 8.03329 7.37433 5.14651 4.37631 3.24932 1.79097 1.18253 1.48711 2.68249 2.6287 1.83647 0.953682 -0.269878 -1.04761 -2.25204 -4.56278 -4.35251 -3.30711 -2.52761 -1.28924 0.602032 1.93044 2.5277 2.75868 3.23128 3.48228 2.96103 2.46764 2.26515 1.88101 1.83583 1.84911 2.3257 2.69888 3.52 3.80062 3.9341 4.0041 4.04417 4.07444 4.104 4.1174 4.10674 4.11259 4.1115 4.06252 2.9717 0.234619 -1.82197 -9999 -9999 -9999 -9999 -9999 -9999
-9999 -9999 5.79794 6.18018 6.28062 6.45607 6.8148 7.22853 7.8121 7.88981 8.21478 8.21584 7.56358 6.81144 7.47476 7.74077 8.01611 8.02784 7.94566 6.07158 5.09245 4.32121 2.92269 3.42804 3.90695 3.94279 3.65291 1.95445 0.26291 -1.69058 -3.51171 -3.59825 -4.57858 -4.05648 -3.36514 -1.59349 -0.344629 0.165568 0.534586 2.45902 2.96525 3.14657 3.64706 2.98816 2.83249 2.3407 2.5013 2.46829 2.48194 1.09924 2.5065 2.59857 3.51778 3.93641 4.03682 4.06795 4.10023 4.10952 4.11959 4.12018 4.13429 4.12748 4.1193 3.41273 -0.0615249 -1.79832 -9999 -9999 -9999 -9999 -9999 -9999
-9999 -9999 -9999 -9999 5.91908 6.21077 6.39817 6.72226 7.71091 7.97996 8.16005 8.17858 7.89041 7.14499 6.95237 7.09407 6.3676 6.9822 7.82081 7.80195 7.70177 6.05474 5.21281 6.02872 5.78012 4.54076 3.56504 2.60194 0.621385 -0.831816 -2.91923 -4.4863 -4.54448 -2.8131 -1.37378 0.418823 1.21281 0.769114 1.26255 2.22239 3.31256 3.84498 3.73179 3.03693 2.95215 2.1881 2.96177 3.03838 2.69502 2.39937 2.53142 2.99147 3.17216 3.89246 4.07208 4.10978 4.1205 4.12831 4.12991 4.13047 4.12793 4.12617 4.12237 4.09686 0.525471 -2.24748 -9999 -9999 -9999 -9999 -9999 -9999
-9999 -9999 -9999 -9999 5.23075 5.40859 5.87546 7.07357 7.69875 7.95432 7.9487 8.06924 7.86721 7.21252 6.54049 5.90719 5.08866 5.5628 6.81037 7.54624 7.63095 6.18722 6.93964 6.65799 6.10266 4.48192 3.28703 2.65292 0.751271 -0.879978 -2.26894 -4.18614 -3.36531 -2.46059 -1.29805 0.657406 1.97896 2.52583 2.07834 2.69491 3.94821 3.96484 3.29458 3.34975 2.94927 1.90114 3.0163 3.33838 3.09941 3.17522 3.09209 3.26952 3.58392 3.88418 4.08564 4.11813 4.12679 4.12517 4.12933 4.13508 4.12654 4.13329 4.12946 4.11793 1.81526 -2.30173 -9999 -9999 -9999 -9999 -9999 -9999
-9999 -9999 -9999 -9999 -9999 4.60487 5.66923 7.25931 7.65198 7.61839 7.94942 7.98117 7.66894 7.39878 6.58218 5.4649 3.31414 3.86684 5.01552 6.66979 7.53942 7.42286 6.9406 6.10125 4.07019 2.29232 2.07537 1.78321 0.395014 -0.862174 -2.4064 -1.51183 -0.531271 0.542219 1.10787 0.965031 2.09809 3.02382 2.63998 3.39458 4.27455 3.8893 3.66614 3.48109 3.01609 2.99907 3.06101 3.69935 3.27727 3.55475 3.57174 3.56665 3.72426 3.90342 4.0903 4.12596 4.13173 4.13943 4.1231 4.13525 4.13014 4.12567 4.12261 4.11367 3.91186 1.69926 0.378727 -9999 -9999 -9999 -9999 -9999
-9999 -9999 -9999 -9999 -9999 3.62263 4.15385 6.03687 6.61621 7.45011 7.89449 7.91824 7.38838 7.09504 5.87596 5.48376 3.49476 2.59567 3.36467 3.07374 5.35012 7.36394 6.92677 2.86313 1.39082 0.340234 0.608868 0.610291 0.223097 -1.91431 -2.50272 -0.592024 0.61175 1.54539 2.25489 2.40563 2.3858 3.8306 4.02867 4.50411 4.41127 4.46428 3.74807 3.30936 3.71615 3.27499 3.20947 3.86846 3.24243 3.83006 3.77229 3.60916 3.60924 3.99726 4.08139 4.12817 4.13618 4.12592 4.11119 4.1054 4.12298 4.12303 4.1083 4.11623 4.10286 3.84923 2.70695 2.31335 2.76762 -9999 -9999 -9999
-9999 -9999 -9999 -9999 -9999 -9999 2.39802 5.01464 6.20767 6.83791 7.72479 7.83475 7.55377 7.04363 5.80185 4.71036 2.93274 0.901603 -0.174096 3.05481 5.86469 7.33139 7.14002 3.75762 2.42244 2.36001 3.14553 2.48124 1.97722 0.352205 -0.132359 -0.805427 -0.389353 0.911022 1.9753 3.00235 3.75101 3.81725 4.30667 4.59207 4.62347 4.71982 4.64456 4.58558 3.8983 4.39437 3.9951 4.22482 4.09572 3.9799 3.88103 3.48973 3.78223 4.04142 4.11332 4.14007 4.12991 4.131 4.12479 4.1057 4.10144 4.1056 4.10956 4.10354 4.11064 4.10912 3.98858 3.30472 2.38624 1.22346 -9999 -9999
-9999 -9999 -9999 -9999 -9999 -9999 1.09071 3.6947 4.9469 6.56377 7.39668 7.73606 7.6956 7.28291 6.34031 4.91931 3.73613 1.46812 -0.887454 2.50109 5.51868 7.14792 7.23494 4.39375 5.18195 4.54488 4.8015 3.63499 3.15012 2.76383 1.92693 1.01214 0.0110054 -0.515836 1.86917 3.09597 4.08484 4.55442 4.82314 4.96135 4.89804 4.73025 3.68206 4.499 4.46944 4.40034 4.3195 4.28611 4.21354 4.12575 4.07756 4.06653 3.80904 4.12022 4.12041 4.13003 4.13646 4.13322 4.12268 4.11405 4.10252 4.10915 4.10656 4.10294 4.10297 4.11031 4.11001 4.08027 3.90459 2.34014 1.40738 1.15458
-9999 -9999 -9999 -9999 -9999 -9999 -2.56735 1.22065 4.26117 5.85297 7.14755 7.50646 7.64304 7.08773 6.67358 5.65604 4.69257 3.20367 0.97122 -0.402477 2.13419 5.82162 7.17951 7.07517 6.99061 6.25439 5.59078 5.50691 5.55673 4.78121 3.65543 2.1858 1.7298 1.21629 2.99348 3.23763 3.11228 5.06858 5.07909 4.97508 4.23622 3.40772 3.57531 3.07116 3.48045 2.87436 3.4521 3.95289 4.14641 4.14136 4.08582 4.08922 4.06801 4.12861 4.13394 4.13109 4.12973 4.13103 4.12834 4.11028 4.10219 4.11547 4.10752 4.10227 4.10021 4.10985 4.11365 4.09356 4.076 3.84207 3.48618 2.80415
-9999 -9999 -9999 -9999 -9999 -9999 -2.40613 0.776195 3.47976 5.10005 6.66088 7.02567 7.55502 7.4454 7.01119 6.12702 5.02129 3.79643 1.88156 0.458798 2.15703 4.60442 6.35805 6.98828 6.98038 6.93872 6.77253 6.70347 6.50973 6.36835 5.56207 4.17576 3.3924 2.24577 4.2262 4.45154 4.14637 5.13837 5.09463 3.60856 2.46818 2.33308 3.04036 2.38348 2.27903 1.8779 2.35656 3.62228 3.26831 3.35027 3.92857 4.03092 4.10023 4.12325 4.12551 4.1285 4.12412 4.13059 4.13687 4.11943 4.1141 4.11425 4.09818 4.1027 4.09435 4.09473 4.09469 4.08739 4.07187 4.01078 3.94266 4.03308
-9999 -9999 -9999 -9999 -9999 -9999 -2.33993 -0.202724 2.23056 4.61605 6.28265 6.95695 7.44902 7.44743 6.94184 6.50409 5.81215 4.73481 3.99664 2.71244 0.948537 3.91188 4.81962 5.63249 5.97467 6.82 6.79964 6.41269 5.9566 6.37449 6.25462 5.15661 4.79689 4.18875 5.29155 5.29758 5.27118 5.21704 3.96159 2.21508 0.821006 1.83672 1.6341 2.10402 0.682543 1.87456 2.83386 3.15164 2.51929 2.0496 3.53865 3.79428 3.94754 4.04783 4.11555 4.1066 4.12726 4.12385 4.12468 4.12507 4.11764 4.11541 4.10827 4.10115 4.09788 4.10004 4.09079 4.077 4.08348 4.05663 4.04967 4.04827
-9999 -9999 -9999 -9999 -9999 -9999 -9999 -1.46614 1.61367 4.36778 5.90247 6.86888 7.34141 7.33623 7.07923 6.78286 6.35487 5.57833 4.60181 3.0567 1.91005 2.64143 3.53049 3.63328 4.22619 5.94343 6.53041 5.69986 3.64071 4.85632 6.21008 6.18958 6.07603 5.94927 5.78512 5.63974 5.31806 4.45012 1.78198 1.26382 0.221879 0.348459 -0.181706 1.00009 0.573039 1.78941 2.32182 2.52849 1.42131 1.66601 2.98934 3.51654 3.43791 3.76363 4.07575 4.09188 4.10645 4.10421 4.11629 4.12423 4.12476 4.11564 4.11155 4.11041 4.09557 4.11 4.0182 3.96136 3.83825 4.00811 4.03129 4.05857
-9999 -9999 -9999 -9999 -9999 -9999 -9999 -2.08579 0.992287 4.23539 5.27861 6.32018 7.21971 7.2404 6.84569 6.47048 6.08382 5.64305 4.45786 3.30842 2.21088 1.84374 2.0671 2.04983 3.00869 5.24599 5.67992 5.49613 3.34807 2.62301 4.43154 5.95202 6.07376 5.93867 4.15461 4.53896 3.57914 2.27648 1.92214 1.35595 0.153186 0.742441 -0.135905 0.251735 0.160485 0.854494 1.1974 2.02126 1.05704 1.06969 2.36935 3.02684 3.05069 3.73958 3.98948 4.0597 4.08199 4.09957 4.1085 4.12521 4.12503 4.12125 4.11445 4.08862 4.01802 3.79012 2.50991 2.51933 2.88209 3.2258 3.85047 4.03662
-9999 -9999 -9999 -9999 -9999 -9999 -9999 -1.73306 0.403733 3.28174 5.41444 5.55121 6.58979 7.12747 6.69786 6.21375 5.71832 5.50342 4.21323 2.79553 1.65035 0.294111 0.51975 1.49669 3.09181 4.53765 4.7972 4.49984 3.34812 3.89321 5.12744 5.78397 5.97941 5.83039 5.44447 5.22338 4.51776 4.21492 3.23429 1.69845 1.09756 1.48895 -0.140664 -0.018834 0.594091 -0.0383922 1.02993 1.54555 0.297482 1.30788 2.45468 3.04467 3.56117 3.80931 3.91227 4.0662 4.07656 4.09526 4.10823 4.11231 4.11851 4.10101 4.08776 3.95711 3.76143 2.56289 2.07785 2.18405 2.74906 3.24474 3.77731 3.99334
-9999 -9999 -9999 -9999 -9999 -9999 -9999 -1.37242 0.551794 3.04763 4.56901 4.84361 5.99499 7.01921 6.90827 6.40437 6.25304 5.73052 4.6367 3.42803 2.10648 1.46504 -0.0127599 1.44589 2.59833 3.82316 4.39695 3.45033 2.97765 3.82011 4.65785 4.99405 5.84067 5.8358 5.56434 4.38266 3.80893 4.05818 3.81512 3.38589 2.3308 2.29005 1.61517 1.33991 1.08054 0.223932 0.784565 0.847866 1.0106 2.21589 2.81644 3.21705 3.58188 3.68291 3.84527 4.05365 4.07798 4.09165 4.09709 4.10717 4.09868 4.04773 4.00589 3.73635 3.25419 2.34876 0.887818 1.93771 3.03525 3.37655 3.70752 3.87907
-9999 -9999 -9999 -9999 -9999 -9999 -9999 -1.70302 0.341018 2.47454 3.36826 3.52244 5.60377 6.87941 6.88468 6.64738 6.36965 5.07451 5.15352 4.89655 3.70466 1.96719 0.0585552 0.23961 1.38118 2.99482 3.53109 1.9672 1.41724 1.82579 3.0916 4.22518 5.40896 5.71221 5.36949 3.52794 1.57106 2.48562 3.46287 3.46313 3.18395 2.20605 1.90012 1.62405 0.913001 -0.291528 -0.10756 0.238289 1.61065 2.04861 2.72074 3.28008 3.07944 3.20829 3.74306 4.05268 4.07073 4.08264 4.09904 4.09847 4.08679 3.97904 3.86463 3.66829 2.4003 1.61451 0.474077 1.82814 2.57858 2.9978 3.71245 3.88814
-9999 -9999 -9999 -9999 -9999 -9999 -9999 -2.33816 -0.854025 1.18541 2.0091 3.32133 5.28836 6.25741 6.72352 6.71637 6.53222 5.95386 5.60716 4.92111 3.6811 1.98446 0.0980422 -1.12948 -0.502789 1.67058 2.18908 0.74446 0.0139505 0.929217 2.27819 4.27454 5.41668 5.57395 5.47473 5.09827 3.6708 1.94554 1.95664 2.82993 2.10977 1.27209 1.74265 1.66341 0.961193 0.452419 0.147197 0.356724 1.13911 1.4673 2.24239 3.38256 3.55212 3.52711 4.01094 4.04159 4.05939 4.08394 4.08984 4.0919 4.08403 3.99742 3.79541 2.95359 2.22045 1.19795 1.07763 2.29046 2.82964 3.33023 3.68444 3.80455
-9999 -9999 -9999 -9999 -9999 -9999 -9999 -3.42938 -1.68366 0.227066 2.01641 3.70951 5.16716 5.28265 6.05288 6.05493 6.45984 6.34754 5.81143 5.23401 4.16593 1.98578 0.152711 -1.84677 -1.31745 0.902589 1.18713 0.223852 -1.55769 0.286959 2.32116 4.16527 5.16518 4.38736 5.19198 5.13037 4.59832 3.57322 1.97699 2.01277 0.818461 0.772313 1.39498 1.60157 1.50564 1.12533 0.518274 0.635745 1.11346 1.24092 1.95374 2.83983 3.70611 3.85755 4.02834 4.04219 4.05155 4.07153 4.07978 4.06837 4.03094 3.9401 3.23542 2.3962 1.88189 1.17158 1.09155 2.48265 3.05424 3.37415 3.68118 3.80661
-9999 -9999 -9999 -9999 -9999 -9999 -9999 -9999 -1.86535 0.108576 1.57004 1.96584 3.26187 3.96311 4.50642 4.62917 6.17368 6.26146 5.92253 5.39229 4.48164 2.82778 1.67593 -0.24192 -1.62006 -1.0488 -0.790935 -0.281584 -0.428698 0.395398 2.35028 4.38706 4.61216 3.3237 3.51886 3.79332 4.40363 4.10106 1.92418 0.82099 -0.093517 0.566113 1.25997 1.4328 1.47273 1.34681 1.20987 0.952011 1.87946 2.56761 2.73286 3.33357 3.77885 3.90687 4.00492 4.02296 4.0411 4.0479 4.02898 4.01704 3.91369 3.67394 2.88495 0.978178 1.07437 0.874321 0.286077 1.64881 2.52359 3.29074 3.70171 3.81304
-9999 -9999 -9999 -9999 -9999 -9999 -9999 -9999 -2.52454 -0.24107 0.243728 0.211082 -0.540775 -0.190056 2.61206 3.17869 4.66005 6.06273 5.96255 5.44234 4.5904 3.60619 2.08109 -0.0761389 -1.79002 -2.51441 -0.665257 1.1451 1.52176 2.10306 3.30195 3.53221 2.21499 0.980245 1.67924 2.10208 3.70202 3.99793 3.69282 2.38346 0.885909 0.107117 1.03945 1.16955 1.23162 1.24925 1.23278 1.20532 2.24928 2.83062 3.23607 3.46004 3.84333 3.94659 3.98428 4.02004 4.01993 4.00715 3.95432 3.89333 3.60245 3.24897 1.95236 0.872558 0.201866 -0.65124 1.29421 1.88632 2.70293 3.23124 3.64015 3.73531
