Test_Spring_2018b/02_18/Temp/20180213_006.txt
ncols	170
nrows	115
xllcorner	350000.000000
yllcorner	4445000.000000
cellsize	1000.000000
nodata_value	-9999.000000
[rows 31 to 61 of 115, columns 70 to 139 of 170]
6.20826 6.80713 7.01723 6.57364 6.60019 7.61139 7.82407 7.79317 7.68995 7.57681 7.07406 6.89538 6.4959 5.80427 5.50521 4.28717 0.384175 1.46865 1.88315 0.740421 1.35389 2.36224 1.455 -1.20671 -2.36191 -4.21313 -3.64588 -4.21031 -5.70338 -9999 -9999 -9999 -9999 -9999 -9999 -9999 -9999 -9999 -9999 -9999 -9999 -9999 -9999 -9999 -9999 -9999 -9999 -9999 -9999 -9999 -9999 -9999 -9999 -9999 -9999 -9999 -9999 -9999 -9999 -9999 -9999 -9999 -9999 -9999 -9999 -9999 -9999 -9999 -9999 -9999
6.31636 6.58148 6.53913 6.11127 6.73124 7.30086 6.93052 6.68198 7.62999 7.6142 7.26988 6.48238 6.18336 5.87385 5.67797 4.67209 1.87884 -0.640789 0.684774 0.70075 -0.242617 1.40523 0.511039 -1.79658 -5.04776 -3.30391 -3.77665 -6.08017 -6.65929 -9999 -9999 -9999 -9999 -9999 -9999 -9999 -9999 -9999 -9999 -9999 -9999 -9999 -9999 -9999 -9999 -9999 -9999 -9999 -9999 -9999 -9999 -9999 -9999 -9999 -9999 -9999 -9999 -9999 -9999 -9999 -9999 -9999 -9999 -9999 -9999 -9999 -9999 -9999 -9999 -9999
5.5309 6.21624 5.98446 5.79137 6.72066 6.68474 6.61354 6.942 7.52544 7.6289 7.48505 7.1327 6.82551 6.49971 5.69742 4.54911 2.15629 -0.70943 -1.37169 0.00717941 0.058337 0.266848 -0.549546 -1.5709 -3.15991 -1.8864 -1.40107 -2.92237 -4.90621 -6.18545 -9999 -9999 -9999 -9999 -9999 -9999 -9999 -9999 -9999 -9999 -9999 -9999 -9999 -9999 -9999 -9999 -9999 -9999 -9999 -9999 -9999 -9999 -9999 -9999 -9999 -9999 -9999 -9999 -9999 -9999 -9999 -9999 -9999 -9999 -9999 -9999 -9999 -9999 -9999 -9999
4.4784 5.66621 5.32343 4.39021 4.94384 5.35557 6.13906 6.33053 6.43369 7.54576 7.47038 7.40244 6.90517 6.50429 5.85039 4.74465 3.1771 1.29298 -1.97576 0.0140854 1.56884 1.51291 1.41129 0.691027 -0.836281 0.41327 0.457365 -1.48089 -3.67967 -4.98503 -5.53406 -9999 -9999 -9999 -9999 -9999 -9999 -9999 -9999 -9999 -9999 -9999 -9999 -9999 -9999 -9999 -9999 -9999 -9999 -9999 -9999 -9999 -9999 -9999 -9999 -9999 -9999 -9999 -9999 -9999 -9999 -9999 -9999 -9999 -9999 -9999 -9999 -9999 -9999 -9999
-9999 4.90302 4.57234 3.43604 3.99316 4.74208 5.80965 6.35702 6.76675 7.08845 7.41683 7.36058 6.85206 5.3807 5.157 5.07814 4.04736 1.90158 -0.241408 -0.808362 1.57165 2.24159 2.08612 2.60549 1.30922 1.899 1.63542 0.939637 -1.17845 -3.11324 -3.9243 -5.51199 -9999 -9999 -9999 -9999 -9999 -9999 -9999 -9999 -9999 -9999 -9999 -9999 -9999 -9999 -9999 -9999 -9999 -9999 -9999 -9999 -9999 -9999 -9999 -9999 -9999 -9999 -9999 -9999 -9999 -9999 -9999 -9999 -9999 -9999 -9999 -9999 -9999 -9999
-9999 -9999 -9999 -9999 2.711 3.74019 4.5876 5.63103 6.52581 6.96697 7.39503 7.3438 6.3431 5.84555 5.78764 5.10681 3.91928 3.16797 1.81274 0.401425 0.918415 2.94565 2.02095 3.45271 3.31453 3.5649 2.58171 0.738976 -1.72364 -3.16454 -3.89182 -5.18139 -9999 -9999 -9999 -9999 -9999 -9999 -9999 -9999 -9999 -9999 -9999 -9999 -9999 -9999 -9999 -9999 -9999 -9999 -9999 -9999 -9999 -9999 -9999 -9999 -9999 -9999 -9999 -9999 -9999 -9999 -9999 -9999 -9999 -9999 -9999 -9999 -9999 -9999
-9999 -9999 -9999 -9999 -9999 3.54476 4.18701 5.58283 6.29959 6.58063 7.28063 7.26683 6.87814 6.58076 6.15613 5.6062 4.70971 3.72219 2.44654 2.31387 3.60477 3.60487 3.31586 3.51458 4.17028 3.97754 2.46576 -0.129163 -1.51067 -4.29768 -5.50224 -5.39606 -6.25454 -9999 -9999 -9999 -9999 -9999 -9999 -9999 -9999 -9999 -9999 -9999 -9999 -3.2393 -9999 -9999 -9999 -9999 -9999 -9999 -9999 -9999 -9999 -9999 -9999 -9999 -9999 -9999 -9999 -9999 -9999 -9999 -9999 -9999 -8.68899 -9999 -9999 -9999
-9999 -9999 -9999 -9999 3.42535 4.29328 4.9642 5.83367 5.9076 6.41891 7.22621 7.22293 6.94283 6.62816 5.93998 5.75745 5.2402 4.16933 3.93737 4.3487 4.52945 4.73656 4.85801 4.7306 4.44283 4.07564 3.0999 1.88553 1.06549 -1.48502 -2.77926 -4.0219 -5.89477 -7.36341 -9999 -9999 -9999 -9999 -9999 -9999 -9999 -4.14718 -4.23263 -4.21614 -3.82531 -2.71727 -3.3947 -9999 -9999 -9999 -9999 -9999 -9999 -9999 -9999 -9999 -9999 -9999 -9999 -9999 -9999 -9999 -9999 -9999 -9999 -9999 -7.67806 -9.16073 -9999 -9999
-9999 -9999 -9999 -9999 3.66105 4.5732 5.02141 5.86575 6.34256 6.65273 6.92289 7.18022 7.11912 6.77257 6.25329 6.2406 5.53063 5.14028 4.85686 5.41884 5.51691 5.26877 4.96176 4.68858 3.94512 3.84534 3.59802 2.82175 1.55733 0.254857 -1.61482 -4.15153 -6.63965 -8.64967 -9999 -9999 -9999 -9999 -9999 -9999 -3.92534 -3.00755 -2.46435 -3.67083 -2.67081 -1.75823 -1.92328 -2.84261 -9999 -9999 -9999 -9999 -9999 -9999 -9999 -9999 -9999 -9999 -9999 -9999 -9999 -9999 -0.670424 -2.18887 -5.23717 -6.80942 -7.76088 -9.11108 -9999 -9999
-9999 -9999 -9999 -9999 3.4712 4.55156 5.27891 5.92298 6.01398 6.67533 6.95694 7.08829 7.0558 6.97467 6.86615 6.24456 5.9679 5.03622 5.89565 5.84611 5.60816 4.7145 4.3181 2.79569 2.11707 1.95824 3.21002 2.25855 0.288432 -2.17064 -5.11861 -5.32484 -6.3118 -8.10987 -9999 -9999 -9999 -9999 -9999 -9999 -3.64013 -2.65741 -1.83994 -1.73507 -2.93448 -1.30004 -1.38143 -2.32241 -2.54928 -1.80916 -1.44244 -1.74326 -0.859347 -0.611833 -1.03713 -0.606821 -9999 -9999 -9999 -9999 -0.42907 -0.386877 -0.359891 -1.00379 -4.33232 -6.61222 -8.66196 -8.87193 -9999 -9999
-9999 -9999 -9999 -9999 4.22302 4.883 5.20996 5.25136 5.82826 6.40489 6.75559 7.00534 6.9368 6.89973 6.86103 6.63784 6.14029 6.21046 6.15497 5.85756 4.1707 2.20468 3.03837 1.86576 -0.624355 1.37547 2.46646 1.39053 -0.993465 -3.75544 -4.66583 -4.64327 -6.0098 -7.76475 -9999 -9999 -9999 -6.32736 -4.9128 -4.80455 -4.39914 -3.08304 -2.0859 -1.33739 -0.833784 -0.86383 -1.43327 -2.35416 -3.35362 -3.02083 -1.27127 -0.857631 -0.512699 -0.255482 -0.651445 -0.472876 -0.0175446 0.209384 0.241488 0.112637 0.0691598 0.0892854 0.0139978 -0.588309 -3.56563 -5.27976 -6.38109 -8.5828 -9999 -9999
-9999 -9999 -9999 -9999 3.7964 4.36872 4.8297 5.60058 5.67021 6.15511 6.43755 6.86445 6.89898 6.36863 6.77841 6.70733 6.61138 6.42597 6.16189 4.73511 2.77499 0.810222 -0.105472 0.264573 -1.24138 -0.489595 0.616122 0.193989 -1.27442 -3.73652 -4.09609 -4.67693 -6.96459 -9.16765 -9999 -9999 -9.08995 -6.36088 -4.4442 -3.46354 -3.17122 -3.15823 -1.89772 -1.81429 -0.456054 -0.792245 -2.6311 -2.44388 -3.16737 -2.72625 -2.09814 -1.93741 -1.02099 -0.143697 0.00885403 -0.00395832 0.279975 0.324822 0.323518 0.298125 0.0762348 0.151075 0.14643 -0.236512 -2.40104 -3.46722 -4.6411 -8.55867 -9999 -9999
-9999 -9999 -9999 -9999 4.08998 4.73154 5.43545 5.53799 6.05582 5.98524 5.82079 6.54775 6.80515 6.42618 6.14864 6.61464 6.56468 6.48386 6.36148 5.01953 3.46933 1.13131 -0.327445 -1.22325 -1.86516 -2.71565 -2.15507 -2.34582 -2.59633 -2.3394 -3.02483 -4.37933 -5.7247 -8.22993 -9.59218 -9999 -8.94531 -7.72259 -5.44005 -3.50292 -2.27943 -2.74222 -1.30672 -1.05431 -0.231264 -0.740079 -1.86444 -2.35897 -2.41849 -2.58059 -1.61921 -0.976746 -0.527887 -0.234346 0.13355 0.215275 0.297397 0.321849 0.327227 0.332509 0.309572 0.283378 0.220928 0.0646814 -0.941557 -2.00654 -4.28347 -8.43324 -9999 -9999
-9999 -9999 -9999 2.18597 4.00917 5.09466 5.50668 5.80025 6.05728 6.2394 6.43164 6.60798 6.72595 6.65469 5.67614 5.73838 5.89467 6.42409 6.368 6.23111 5.37577 2.5344 1.54338 0.100841 -1.76203 -2.54795 -2.17674 -0.676814 -0.758629 -1.77553 -2.90716 -4.46433 -5.46054 -7.00251 -9.94934 -9.70141 -8.39704 -7.4308 -5.88484 -3.51339 -1.85618 -1.12621 -0.861221 -0.288375 0.000574399 -0.693243 -1.35517 -1.6425 -2.15966 -2.24713 -2.26004 -1.68549 -1.23985 -0.228996 0.0996181 0.239243 0.303436 0.330251 0.344932 0.358671 0.351609 0.313459 0.2954 0.267593 0.174516 -1.23609 -4.73785 -7.38399 -9999 -9999
-9999 -9999 -9999 -9999 3.66451 4.1346 4.24779 4.45578 4.89551 5.40436 6.13136 6.21238 6.60553 6.58754 5.7427 4.76825 5.58602 5.90045 6.22686 6.21994 6.09488 3.70484 2.44685 1.45339 -0.333424 0.291738 0.884215 0.916096 0.53587 -1.62815 -3.7834 -6.2647 -8.58578 -8.71083 -9.96646 -9.32536 -8.46914 -6.24619 -4.68693 -4.06476 -3.62287 -1.21235 -0.597123 -0.39916 0.204791 -0.660196 -0.894715 -1.54901 -1.37676 -1.44927 -1.46209 -3.24268 -1.48768 -1.39902 -0.261773 0.241626 0.34178 0.357605 0.375178 0.363604 0.352625 0.328974 0.321546 0.284186 0.2419 -0.682977 -5.11411 -7.35531 -9999 -9999
-9999 -9999 -9999 -9999 -9999 -9999 3.78663 4.14218 4.36523 4.7608 6.00088 6.32437 6.53407 6.53802 6.15247 5.18766 4.92113 5.07785 4.1352 4.89213 5.93462 5.89157 5.74684 3.64428 2.56263 3.58145 3.25286 1.67011 0.421708 -0.810446 -3.33121 -5.1786 -7.83645 -9.83618 -9.92599 -7.75066 -5.94669 -3.6971 -2.71394 -3.29998 -2.7007 -1.51241 -0.160229 0.484499 0.310761 -0.600215 -0.745219 -1.74479 -0.796481 -0.730509 -1.19579 -1.59984 -1.46015 -0.905549 -0.703657 0.182746 0.385343 0.407669 0.398229 0.385049 0.363603 0.340115 0.308548 0.278593 0.244721 0.182154 -4.37234 -7.92592 -9999 -9999
-9999 -9999 -9999 -9999 -9999 -9999 2.9117 3.12324 3.7004 5.20308 5.98283 6.28929 6.26379 6.39692 6.12039 5.26959 4.39622 3.57122 2.5122 3.0911 4.6507 5.56349 5.65293 3.80792 4.74567 4.37457 3.65772 1.59217 0.0664799 -0.748695 -3.16917 -5.24188 -7.01481 -9.45767 -8.43394 -7.30539 -5.8519 -3.39589 -1.74455 -1.07637 -1.66876 -0.915291 0.643263 0.634465 -0.245103 -0.206456 -0.751466 -2.11113 -0.730581 -0.35393 -0.687174 -0.620886 -0.753888 -0.557255 -0.186016 0.168451 0.398802 0.416015 0.403316 0.378361 0.360329 0.342172 0.305065 0.285849 0.251815 0.206782 -2.74107 -7.99697 -9999 -9999
-9999 -9999 -9999 -9999 -9999 -9999 -9999 2.10228 3.43617 5.43527 5.92052 5.86072 6.26159 6.28225 5.86614 5.50232 4.44566 3.00778 0.261315 0.939686 2.37398 4.44991 5.53343 5.36929 4.74329 3.66586 1.07999 -1.1845 -1.47155 -1.85355 -3.6236 -5.22249 -7.19195 -6.07353 -4.84739 -3.50498 -2.80741 -3.00893 -1.59631 -0.448047 -0.960116 -0.031914 1.05372 0.535815 0.222393 -0.0433076 -0.670101 -0.723938 -0.67738 0.0997543 -0.465436 -0.143757 -0.149961 -0.184494 -0.0118051 0.189323 0.401266 0.422548 0.406574 0.393329 0.349073 0.339616 0.306851 0.273404 0.240301 0.198475 -0.0886753 -2.93265 -4.63907 -9999
-9999 -9999 -9999 -9999 -9999 -9999 -9999 0.855166 1.51365 3.8836 4.6052 5.64401 6.18838 6.19889 5.50716 5.11434 3.54806 3.02847 0.486732 -0.673111 0.280318 -0.107432 2.7577 5.29162 4.72259 -0.438606 -2.31695 -3.66048 -3.33268 -3.34298 -3.84539 -6.55915 -7.31814 -4.91285 -3.40406 -2.23882 -1.35907 -1.18882 -1.23634 0.569317 0.794339 1.36902 1.22263 1.25986 0.322064 -0.264802 0.212591 -0.378303 -0.493066 0.310342 -0.513053 0.201534 0.100733 -0.133889 -0.160664 0.305015 0.386817 0.422157 0.408478 0.372652 0.330588 0.297945 0.293903 0.266179 0.218322 0.197906 0.149497 -0.213397 -1.69394 -2.2262
-9999 -9999 -9999 -9999 -9999 -9999 -9999 -9999 -0.713614 2.58518 4.08391 4.86462 5.96934 6.08901 5.71441 5.04622 3.45094 2.0459 -0.227947 -2.82237 -4.20388 -0.133714 3.40701 5.24781 4.98986 0.691196 -1.0138 -1.10614 -0.124053 -0.977855 -1.62861 -3.6936 -4.32135 -5.18871 -4.67777 -3.04705 -1.71944 -0.439283 0.486512 0.546239 1.14029 1.47466 1.4858 1.57818 1.45242 1.34677 0.438682 1.03513 0.497947 0.757945 0.564171 0.388026 0.235377 -0.28811 0.0555372 0.35805 0.424326 0.432254 0.396585 0.374943 0.34351 0.294901 0.261657 0.239185 0.215102 0.177186 0.154899 0.111357 -0.0748438 -0.974427
-9999 -9999 -9999 -9999 -9999 -9999 -9999 -9999 -2.37294 0.909427 2.48298 4.51307 5.55156 5.96281 5.89031 5.34576 4.12968 2.30757 0.786849 -2.10736 -5.11175 -0.839698 2.96677 5.01321 5.10751 1.49389 2.47777 1.65713 1.96885 0.478417 -0.148633 -0.645044 -1.7195 -2.89343 -4.17585 -4.86312 -1.86158 -0.328525 0.901507 1.47216 1.78687 1.93486 1.82927 1.58506 0.227476 1.23164 1.15685 1.03797 0.904549 0.831699 0.709876 0.569522 0.481368 0.439655 0.0867995 0.453101 0.426483 0.415437 0.400492 0.373101 0.335932 0.300377 0.260137 0.240594 0.205645 0.171025 0.140103 0.107844 0.0744011 0.00373808
-9999 -9999 -9999 -9999 -9999 -9999 -9999 -9999 -7.00963 -2.22817 1.61331 3.61108 5.2338 5.66801 5.81993 5.09499 4.5485 3.2377 1.99555 0.0883557 -2.75992 -4.51974 -1.32524 3.32721 5.03487 4.88703 4.765 3.81821 2.96379 2.84387 2.89331 1.90358 0.465453 -1.412 -2.00961 -2.67801 -0.446527 -0.158153 -0.339312 2.11444 2.10235 1.94391 0.980314 -0.0939153 0.0892343 -0.58275 -0.101387 -0.899786 -0.198548 0.405655 0.621254 0.586054 0.48894 0.462351 0.40931 0.456768 0.439529 0.412358 0.387198 0.365212 0.337686 0.289961 0.253952 0.24399 0.204185 0.168323 0.131038 0.101781 0.0741045 0.0162346
-9999 -9999 -9999 -9999 -9999 -9999 -9999 -9999 -6.80605 -2.78703 0.619346 2.65607 4.61332 5.05505 5.70458 5.54439 4.97279 3.83125 2.40922 0.836694 -1.60919 -3.43108 -1.2993 1.78338 3.98743 4.76945 4.74847 4.68069 4.45556 4.35617 4.09651 3.90984 2.8728 1.09667 0.0871249 -1.38356 1.10502 1.36941 0.960503 2.1931 2.11257 0.204117 -1.26751 -1.46673 -0.595243 -1.45631 -1.62553 -2.16716 -1.59081 -0.0172614 -0.498665 -0.423197 0.282994 0.385593 0.441645 0.445925 0.424509 0.404364 0.374987 0.35918 0.342699 0.295514 0.262865 0.236252 0.18818 0.162596 0.122232 0.0809228 0.0448914 0.00385535
-9999 -9999 -9999 -9999 -9999 -9999 -9999 -9999 -6.72745 -4.03074 -0.96706 2.03907 4.1302 4.96398 5.56646 5.54331 4.88161 4.30576 3.40811 2.02265 1.06725 -0.579093 -2.83225 0.902543 2.03629 3.04915 3.46801 4.52343 4.48282 3.97812 3.39721 3.9105 3.73802 2.33017 1.85659 1.06746 2.44419 2.43066 2.3748 2.28257 0.667693 -1.57019 -3.36261 -2.10371 -2.38841 -1.81689 -3.65381 -2.17721 -0.991925 -0.618782 -1.45122 -2.07407 -0.214044 0.0758351 0.244188 0.346115 0.407283 0.371656 0.373601 0.344903 0.321198 0.29637 0.260936 0.231311 0.19467 0.15728 0.120565 0.0815122 0.0385398 -0.0116114
-9999 -9999 -9999 -9999 -9999 -9999 -9999 -9999 -9999 -5.63585 -1.74892 1.72015 3.64428 4.84815 5.42608 5.39865 5.05209 4.65563 4.09259 3.08838 1.83132 -0.145299 -1.61661 -0.708643 0.401664 0.514959 1.24956 3.40859 4.13644 3.06912 0.4542 1.97309 3.67074 3.62726 3.4652 3.28553 3.05911 2.85364 2.4238 1.30102 -2.10278 -2.78636 -4.13251 -3.99941 -4.69863 -3.22469 -3.80232 -2.29091 -1.64565 -1.41265 -2.84328 -2.55921 -0.919474 -0.278505 -0.404146 -0.0171046 0.352017 0.3478 0.341657 0.314099 0.304342 0.288863 0.263417 0.22575 0.19299 0.163266 0.111367 0.0870901 -0.0601428 -0.163144
-9999 -9999 -9999 -9999 -9999 -9999 -9999 -9999 -9999 -6.4191 -2.53952 1.54864 2.85016 4.14922 5.26803 5.27352 4.75276 4.25666 3.74618 3.1674 1.64619 0.170715 -1.23848 -1.72199 -1.45701 -1.49414 -0.296589 2.52049 3.05381 2.80487 0.0724189 -0.863125 1.40978 3.31735 3.45273 3.26205 0.982029 1.44738 0.209323 -1.46394 -1.93708 -2.67942 -4.22873 -3.50905 -4.64861 -4.18512 -4.3314 -3.48094 -3.07508 -2.05988 -3.30899 -3.31839 -1.70926 -0.903234 -0.899174 -0.0523378 0.238864 0.302725 0.305953 0.3031 0.289025 0.284418 0.257893 0.226253 0.190176 0.129414 0.0114165 -0.311256 -1.97626 -1.99473
-9999 -9999 -9999 -9999 -9999 -9999 -9999 -9999 -9999 -5.97549 -3.28842 0.337075 3.0183 3.17134 4.46628 5.12665 4.56183 3.92798 3.2799 2.98734 1.33321 -0.482023 -1.95162 -3.68803 -3.42043 -2.2008 -0.195677 1.61846 1.93032 1.5369 0.0656215 0.738093 2.28301 3.09577 3.32399 3.11525 2.60571 2.3041 1.38797 0.981126 -0.28498 -2.25502 -3.04159 -2.57198 -4.66246 -4.53503 -3.78583 -4.61773 -3.29259 -2.66732 -4.27554 -3.03133 -1.60602 -0.88546 -0.257523 0.0309263 0.135801 0.305405 0.293215 0.291509 0.282332 0.261547 0.243039 0.194039 0.14992 -0.0433733 -0.319488 -1.86612 -2.52937 -2.42472
-9999 -9999 -9999 -9999 -9999 -9999 -9999 -9999 -9999 -5.52179 -3.1043 0.0368995 1.94369 2.27121 3.70899 4.98561 4.82447 4.16565 3.95348 3.27141 1.86603 0.315549 -1.3775 -2.20875 -4.09884 -2.26943 -0.825203 0.708565 1.4179 0.206619 -0.410278 0.638243 1.68045 2.08701 3.13951 3.11299 2.74815 1.2298 0.48069 0.773176 0.441437 -0.12674 -1.48816 -1.56541 -2.4462 -2.82118 -3.17627 -4.29139 -3.60881 -3.55601 -3.38745 -1.8865 -1.15294 -0.672198 -0.236429 -0.13444 0.0454559 0.283787 0.289062 0.280758 0.261849 0.248553 0.211381 0.120049 0.0398461 -0.329159 -0.967816 -2.14288 -4.04248 -2.74216
-9999 -9999 -9999 -9999 -9999 -9999 -9999 -9999 -9999 -5.94352 -3.37462 -0.692558 0.419078 0.593933 3.20945 4.80448 4.79054 4.46944 4.09725 2.43667 2.51674 2.17159 0.642682 -1.57682 -4.01276 -3.8017 -2.37409 -0.345579 0.315824 -1.67779 -2.39303 -1.89453 -0.31061 1.10544 2.58459 2.948 2.49269 0.138468 -2.36244 -1.22725 -0.0132548 -0.0372151 -0.415611 -1.67941 -2.09251 -2.46811 -3.39484 -4.95496 -4.74415 -4.33319 -2.63113 -2.10371 -1.27941 -0.597665 -0.878131 -0.741036 -0.0896392 0.276734 0.273858 0.263148 0.257981 0.231111 0.189883 0.0266594 -0.145337 -0.421456 -2.05517 -3.07844 -4.56528 -2.88646
-9999 -9999 -9999 -9999 -9999 -9999 -9999 -9999 -9999 -6.75097 -4.89153 -2.32892 -1.30619 0.335186 2.80582 4.01247 4.58217 4.55254 4.2989 3.54615 3.08706 2.19845 0.608567 -1.55932 -3.96724 -5.54036 -4.76482 -2.02779 -1.39265 -3.23227 -4.17652 -3.0366 -1.34769 1.16075 2.58687 2.76515 2.61807 2.11932 0.28888 -1.91925 -1.92878 -0.846824 -1.78348 -2.86939 -2.29875 -2.42474 -3.33998 -4.01038 -4.4269 -4.19942 -3.23391 -2.84543 -1.89069 -0.473327 -0.285002 -0.342879 0.243869 0.256779 0.25344 0.258612 0.240067 0.216479 0.180079 0.0436825 -0.239171 -1.33266 -2.28879 -3.61166 -3.79211 -2.30649
-9999 -9999 -9999 -9999 -9999 -9999 -9999 -9999 -9999 -8.1361 -5.94569 -3.54639 -1.3009 0.82267 2.64801 2.77349 3.72828 3.71027 4.20264 4.04017 3.3412 2.59017 1.21802 -1.56229 -3.90271 -6.45363 -5.80155 -3.00835 -2.65817 -3.89727 -6.1729 -3.85614 -1.29963 1.01576 2.26154 1.25534 2.25286 2.15279 1.4564 0.135075 -1.91007 -1.88871 -3.42571 -3.50893 -2.74544 -2.50919 -2.65636 -3.16386 -3.96693 -3.85155 -3.27196 -3.13768 -2.26181 -1.16628 -0.0956174 0.0698903 0.260061 0.251574 0.237453 0.236772 0.221151 0.180501 0.10668 -0.0350109 -0.954425 -2.04451 -2.72337 -3.65071 -3.78 -2.06068
