Test_Spring_2018b/02_18/Temp/20180218_000.txt
ncols	170
nrows	115
xllcorner	350000.000000
yllcorner	4445000.000000
cellsize	1000.000000
nodata_value	-9999.000000
[rows 31 to 61 of 115, columns 71 to 141 of 170]
7.55332 7.7388 7.36855 7.39857 8.28107 8.4739 8.45633 8.39431 8.30663 7.88722 7.74316 7.41093 6.82988 6.58253 5.55325 2.23985 3.16923 3.52884 2.56401 3.0935 3.95935 3.19616 0.940999 -0.0320679 -1.59674 -1.09746 -1.55594 -2.81522 -9999 -9999 -9999 -9999 -9999 -9999 -9999 -9999 -9999 -9999 -9999 -9999 -9999 -9999 -9999 -9999 -9999 -9999 -9999 -9999 -9999 -9999 -9999 -9999 -9999 -9999 -9999 -9999 -9999 -9999 -9999 -9999 -9999 -9999 -9999 -9999 -9999 -9999 -9999 -9999 -9999 -9999 -9999
7.3611 7.33167 6.97463 7.50926 8.00129 7.71267 7.52187 8.34231 8.33728 8.05254 7.39051 7.14373 6.88779 6.7283 5.87962 3.51039 1.37397 2.50872 2.52967 1.73483 3.14468 2.39249 0.438392 -2.31791 -0.824618 -1.21657 -3.14815 -3.62955 -9999 -9999 -9999 -9999 -9999 -9999 -9999 -9999 -9999 -9999 -9999 -9999 -9999 -9999 -9999 -9999 -9999 -9999 -9999 -9999 -9999 -9999 -9999 -9999 -9999 -9999 -9999 -9999 -9999 -9999 -9999 -9999 -9999 -9999 -9999 -9999 -9999 -9999 -9999 -9999 -9999 -9999 -9999
7.04971 6.85905 6.70164 7.49928 7.47607 7.4381 7.74212 8.25228 8.34861 8.23433 7.94243 7.68871 7.41892 6.74362 5.77383 3.74532 1.31456 0.758366 1.93874 1.98994 2.17534 1.48928 0.629275 -0.71321 0.379779 0.802602 -0.475182 -2.14005 -3.20626 -9999 -9999 -9999 -9999 -9999 -9999 -9999 -9999 -9999 -9999 -9999 -9999 -9999 -9999 -9999 -9999 -9999 -9999 -9999 -9999 -9999 -9999 -9999 -9999 -9999 -9999 -9999 -9999 -9999 -9999 -9999 -9999 -9999 -9999 -9999 -9999 -9999 -9999 -9999 -9999 -9999 -9999
6.58069 6.2956 5.50856 5.98662 6.34419 7.04519 7.22612 7.32233 8.27665 8.2206 8.17064 7.7552 7.42155 6.87248 5.93892 4.61246 3.01674 0.243265 1.94338 3.27365 3.23408 3.15601 2.55208 1.26201 2.33453 2.38188 0.751044 -1.08573 -2.18716 -2.64544 -9999 -9999 -9999 -9999 -9999 -9999 -9999 -9999 -9999 -9999 -9999 -9999 -9999 -9999 -9999 -9999 -9999 -9999 -9999 -9999 -9999 -9999 -9999 -9999 -9999 -9999 -9999 -9999 -9999 -9999 -9999 -9999 -9999 -9999 -9999 -9999 -9999 -9999 -9999 -9999 -9999
5.92993 5.65519 4.69545 5.17656 5.82105 6.75061 7.24243 7.60434 7.88635 8.17379 8.13378 7.70878 6.46447 6.28132 6.22126 5.35137 3.53301 1.71714 1.24219 3.27446 3.85234 3.72846 4.17906 3.08553 3.59679 3.38243 2.80293 1.02748 -0.59671 -1.27791 -2.62013 -9999 -9999 -9999 -9999 -9999 -9999 -9999 -9999 -9999 -9999 -9999 -9999 -9999 -9999 -9999 -9999 -9999 -9999 -9999 -9999 -9999 -9999 -9999 -9999 -9999 -9999 -9999 -9999 -9999 -9999 -9999 -9999 -9999 -9999 -9999 -9999 -9999 -9999 -9999 -9999
-9999 -9999 -9999 4.08434 4.98077 5.71391 6.62326 7.39795 7.78169 8.154 8.1183 7.2746 6.85864 6.81646 6.24421 5.24088 4.60865 3.46281 2.26949 2.71686 4.44935 3.6711 4.8979 4.78962 5.01227 4.18587 2.64194 0.561862 -0.641983 -1.25178 -2.34029 -9999 -9999 -9999 -9999 -9999 -9999 -9999 -9999 -9999 -9999 -9999 -9999 -9999 -9999 -9999 -9999 -9999 -9999 -9999 -9999 -9999 -9999 -9999 -9999 -9999 -9999 -9999 -9999 -9999 -9999 -9999 -9999 -9999 -9999 -9999 -9999 -9999 -9999 -9999 -9999
-9999 -9999 -9999 -9999 4.81305 5.37179 6.56796 7.204 7.4517 8.05547 8.05166 7.72858 7.48284 7.12858 6.66754 5.9116 5.07826 3.99996 3.89423 4.99986 5.00788 4.77044 4.94841 5.51562 5.36154 4.08831 1.90167 0.736664 -1.60733 -2.62286 -2.52379 -3.24585 -9999 -9999 -9999 -9999 -9999 -9999 -9999 -9999 -9999 -9999 -9999 -9999 -0.621542 -9999 -9999 -9999 -9999 -9999 -9999 -9999 -9999 -9999 -9999 -9999 -9999 -9999 -9999 -9999 -9999 -9999 -9999 -9999 -9999 -5.20097 -9999 -9999 -9999 -9999 -9999
-9999 -9999 -9999 4.68846 5.45154 6.03147 6.7803 6.8643 7.31282 8.00803 8.01324 7.78252 7.52197 6.94335 6.79464 6.36108 5.45659 5.26592 5.62279 5.78393 5.968 6.07979 5.98047 5.74532 5.44314 4.63625 3.61387 2.92698 0.772164 -0.307209 -1.35519 -2.93987 -4.1813 -9999 -9999 -9999 -9999 -9999 -9999 -9999 -1.40485 -1.47475 -1.45825 -1.12356 -0.178959 -0.753402 -9999 -9999 -9999 -9999 -9999 -9999 -9999 -9999 -9999 -9999 -9999 -9999 -9999 -9999 -9999 -9999 -9999 -9999 -9999 -4.34543 -5.60363 -9999 -9999 -9999 -9999
-9999 -9999 -9999 4.90202 5.68758 6.07858 6.80655 7.22168 7.51049 7.74894 7.97594 7.93148 7.6437 7.20855 7.20406 6.60625 6.28036 6.04563 6.53042 6.62108 6.41785 6.16522 5.94208 5.31958 5.24528 5.05781 4.40872 3.34442 2.24765 0.683006 -1.46535 -3.57299 -5.27464 -9999 -9999 -9999 -9999 -9999 -9999 -1.21865 -0.43505 0.0294908 -0.994723 -0.142168 0.635786 0.49684 -0.278875 -9999 -9999 -9999 -9999 -9999 -9999 -9999 -9999 -9999 -9999 -9999 -9999 -9999 -9999 1.59801 0.30962 -2.2801 -3.61417 -4.42021 -5.56559 -9999 -9999 -9999 -9999
-9999 -9999 -9999 4.73767 5.66693 6.29601 6.85419 6.94167 7.51803 7.77698 7.89689 7.87675 7.8146 7.72862 7.20581 6.97624 6.18948 6.92661 6.89092 6.69556 5.94314 5.61455 4.32893 3.76194 3.64897 4.72552 3.92811 2.26424 0.184322 -2.30056 -2.46287 -3.29302 -4.81396 -9999 -9999 -9999 -9999 -9999 -9999 -0.974722 -0.136244 0.56122 0.65213 -0.36677 1.02483 0.961495 0.161634 -0.0308691 0.599139 0.911463 0.662473 1.41588 1.62649 1.26497 1.6316 -9999 -9999 -9999 -9999 1.79186 1.83082 1.85713 1.31293 -1.51496 -3.45079 -5.19092 -5.3695 -9999 -9999 -9999 -9999
-9999 -9999 -9999 5.3742 5.94654 6.2357 6.28184 6.78326 7.28792 7.60491 7.82767 7.77652 7.75144 7.72437 7.53996 7.12195 7.18694 7.14531 6.8984 5.47021 3.80539 4.52315 3.53472 1.43466 3.15021 4.09073 3.18825 1.17316 -1.16357 -1.91473 -1.88209 -3.03455 -4.51756 -9999 -9999 -9999 -3.2689 -2.06138 -1.96591 -1.61833 -0.496614 0.353301 0.990971 1.42032 1.40196 0.916017 0.132853 -0.717278 -0.434164 1.05415 1.40604 1.70666 1.92516 1.58827 1.7379 2.12619 2.32064 2.34981 2.24254 2.20832 2.22859 2.16797 1.65922 -0.867174 -2.32148 -3.25461 -5.12324 -9999 -9999 -9999 -9999
-9999 -9999 -9999 5.01064 5.50884 5.91237 6.58189 6.65202 7.07484 7.32823 7.70714 7.74359 7.29865 7.65277 7.59732 7.52049 7.3676 7.14812 5.94016 4.27932 2.61551 1.84521 2.17573 0.905991 1.56001 2.51343 2.16898 0.936796 -1.14437 -1.43733 -1.90997 -3.84396 -5.70875 -9999 -9999 -5.6211 -3.2945 -1.65999 -0.822643 -0.571622 -0.558871 0.514633 0.586423 1.7424 1.46239 -0.103562 0.0556321 -0.560829 -0.185962 0.344455 0.481068 1.26537 2.01298 2.14272 2.13216 2.3745 2.41396 2.4147 2.39548 2.2096 2.27657 2.27624 1.9543 0.116882 -0.786223 -1.784 -5.10929 -9999 -9999 -9999 -9999
-9999 -9999 -9999 5.26168 5.81944 6.43013 6.52894 6.98056 6.93047 6.80384 7.43092 7.66308 7.34667 7.11574 7.51674 7.47854 7.41414 7.31478 6.17865 4.86631 2.88493 1.65277 0.905934 0.371722 -0.332762 0.157554 0.00908363 -0.190071 0.0423774 -0.524686 -1.6552 -2.78846 -4.90862 -6.05881 -9999 -5.49489 -4.44976 -2.50418 -0.853444 0.18933 -0.203088 1.0188 1.23383 1.93893 1.50612 0.547633 0.122822 0.0715813 -0.0668906 0.750435 1.29538 1.68127 1.93033 2.24458 2.31425 2.38478 2.40682 2.41324 2.42018 2.40366 2.38484 2.33552 2.20663 1.35474 0.450273 -1.4829 -5.00577 -9999 -9999 -9999 -9999
-9999 -9999 3.61812 5.19009 6.12621 6.48925 6.75116 6.98143 7.14724 7.32381 7.4825 7.59046 7.54016 6.71252 6.76962 6.90639 7.36065 7.31725 7.20592 6.4845 4.07487 3.24451 2.03215 0.460049 -0.192976 0.136998 1.42757 1.37275 0.522422 -0.425807 -1.72885 -2.56162 -3.86278 -6.35992 -6.14135 -5.02543 -4.1985 -2.87967 -0.859737 0.551648 1.17347 1.39915 1.89025 2.13598 1.54193 0.976418 0.730976 0.290034 0.214684 0.202869 0.690941 1.07339 1.93131 2.21044 2.33056 2.38573 2.40974 2.42409 2.43829 2.43539 2.40654 2.39516 2.3757 2.29872 1.10274 -1.87749 -4.12187 -9999 -9999 -9999 -9999
-9999 -9999 -9999 4.89437 5.30758 5.41698 5.6066 5.99272 6.43682 7.06839 7.14604 7.48798 7.47914 6.76788 5.94269 6.64176 6.9127 7.19434 7.19328 7.09291 5.07228 4.0124 3.17904 1.67212 2.22003 2.7389 2.78134 2.47341 0.647998 -1.17025 -3.25915 -5.22108 -5.31611 -6.37248 -5.81894 -5.08418 -3.18821 -1.8582 -1.32658 -0.949357 1.10171 1.62777 1.79361 2.30646 1.56946 1.36718 0.809175 0.954347 0.891399 0.879378 -0.636271 0.85953 0.933822 1.90059 2.32794 2.41465 2.42929 2.44613 2.43886 2.43273 2.41634 2.41413 2.3852 2.34991 1.56636 -2.20004 -4.10012 -9999 -9999 -9999 -9999
-9999 -9999 -9999 -9999 -9999 5.0235 5.33902 5.54112 5.88911 6.95718 7.24113 7.42697 7.43651 7.11354 6.2979 6.07424 6.21071 5.4125 6.06203 6.95678 6.92889 6.81622 5.03967 4.13489 5.01621 4.75207 3.42151 2.37561 1.3435 -0.785103 -2.33452 -4.58249 -6.27188 -6.33801 -4.47886 -2.93662 -1.01801 -0.17818 -0.674539 -0.163666 0.847852 1.99773 2.54527 2.39619 1.61971 1.49328 0.641231 1.4463 1.5009 1.10377 0.758938 0.880239 1.35078 1.52175 2.27562 2.44847 2.46879 2.46269 2.45412 2.43916 2.42299 2.3979 2.37573 2.35017 2.30009 -1.57133 -4.588 -9999 -9999 -9999 -9999
-9999 -9999 -9999 -9999 -9999 4.27823 4.47144 4.97494 6.26483 6.94129 7.21075 7.19645 7.31576 7.0854 6.36555 5.62604 4.9272 4.03037 4.52816 5.86187 6.64716 6.73381 5.17653 5.98982 5.68904 5.09491 3.35398 2.07253 1.39549 -0.647442 -2.38839 -3.88331 -5.94943 -5.0681 -4.09928 -2.85583 -0.7612 0.646975 1.21723 0.714639 1.3557 2.68091 2.67226 1.92248 1.95358 1.48666 0.328068 1.50064 1.81937 1.53442 1.5896 1.47873 1.64469 1.9597 2.26106 2.45754 2.47344 2.46467 2.44613 2.43411 2.42146 2.39317 2.38006 2.35426 2.31898 -0.185813 -4.65076 -9999 -9999 -9999 -9999
-9999 -9999 -9999 -9999 -9999 -9999 3.60218 4.74939 6.46154 6.88742 6.84524 7.19356 7.21711 6.86793 6.56228 5.66663 4.44652 2.11403 2.69642 3.92356 5.69832 6.63066 6.5033 5.98639 5.08481 2.90081 0.990701 0.763026 0.45456 -1.035 -2.37285 -4.03487 -3.07142 -2.01784 -0.86707 -0.266639 -0.432872 0.772275 1.75117 1.31652 2.10614 3.02894 2.58707 2.31878 2.09085 1.55426 1.50641 1.5441 2.20347 1.72118 1.99361 1.99055 1.9599 2.10606 2.27704 2.45791 2.47733 2.46579 2.45725 2.42267 2.4178 2.39311 2.36778 2.34263 2.30994 2.06842 -0.34486 -1.79339 -9999 -9999 -9999
-9999 -9999 -9999 -9999 -9999 -9999 2.54058 3.11304 5.14048 5.76731 6.65957 7.12988 7.14475 6.5611 6.23141 4.90224 4.46325 2.30473 1.32404 2.14215 1.8211 4.26896 6.43671 5.96815 1.59241 0.0101073 -1.11675 -0.821591 -0.814072 -1.22546 -3.51182 -4.14426 -2.08621 -0.792293 0.207709 0.963086 1.11319 1.07622 2.61422 2.80693 3.29585 3.1706 3.20099 2.40157 1.90044 2.30319 1.79851 1.69901 2.38078 1.67891 2.28566 2.20227 2.00153 1.97812 2.37426 2.44451 2.47596 2.46602 2.43842 2.40564 2.38099 2.38061 2.36 2.32214 2.30749 2.26892 1.96617 0.709698 0.259822 0.72368 -9999
-9999 -9999 -9999 -9999 -9999 -9999 -9999 1.21736 4.03464 5.32242 5.99496 6.94185 7.04957 6.73853 6.17325 4.81916 3.62717 1.69677 -0.505313 -1.67174 1.79943 4.82188 6.39978 6.19558 2.55321 1.11794 1.05501 1.9063 1.1958 0.65775 -1.07691 -1.59807 -2.3243 -1.87946 -0.482075 0.652909 1.747 2.53807 2.59094 3.09706 3.38267 3.39157 3.46903 3.36055 3.26893 2.49322 2.99874 2.54005 2.75971 2.59361 2.4428 2.31559 1.8693 2.16118 2.41866 2.47582 2.48254 2.45479 2.4392 2.41538 2.37695 2.35167 2.33536 2.31754 2.28784 2.27133 2.24024 2.08474 1.32232 0.307409 -0.970227
-9999 -9999 -9999 -9999 -9999 -9999 -9999 -0.195184 2.60771 3.95899 5.69413 6.58729 6.94525 6.88752 6.42773 5.39656 3.85011 2.56069 0.103827 -2.44555 1.19695 4.44874 6.20125 6.29436 3.23614 4.08765 3.40452 3.68487 2.43212 1.91355 1.51297 0.611286 -0.376172 -1.45468 -2.03304 0.5269 1.83611 2.88607 3.37373 3.64244 3.76831 3.67981 3.47149 2.31538 3.16812 3.10153 2.9988 2.88383 2.82058 2.71591 2.59578 2.52385 2.48763 2.18722 2.49772 2.47434 2.46717 2.45699 2.43642 2.4076 2.38013 2.34857 2.33349 2.30749 2.28042 2.25642 2.23497 2.20932 2.15199 1.93772 0.227684
-9999 -9999 -9999 -9999 -9999 -9999 -9999 -4.14044 -0.0627745 3.2215 4.92852 6.31946 6.6938 6.82729 6.21443 5.75327 4.64219 3.5901 1.97314 -0.443301 -1.93256 0.795057 4.76349 6.23356 6.123 6.03299 5.24176 4.52928 4.44156 4.49765 3.67706 2.46934 0.882381 0.380719 -0.180092 1.72462 1.97498 1.82455 3.91432 3.90531 3.77085 2.95072 2.03875 2.19342 1.62145 2.0283 1.34784 1.94321 2.45621 2.63887 2.60845 2.5294 2.50405 2.45922 2.49718 2.48431 2.46338 2.44442 2.42833 2.40757 2.36959 2.34146 2.33533 2.30224 2.2736 2.24618 2.22739 2.20655 2.16005 2.11657 1.84049
-9999 -9999 -9999 -9999 -9999 -9999 -9999 -3.96401 -0.531476 2.37466 4.12001 5.79102 6.17198 6.72911 6.59706 6.11499 5.14831 3.94356 2.61155 0.537555 -1.00453 0.817835 3.45189 5.33829 6.01821 6.01865 5.97432 5.79625 5.72906 5.52136 5.3839 4.51243 3.00847 2.15828 0.914659 3.03789 3.2678 2.92371 3.97487 3.90796 2.28518 1.03331 0.863348 1.60721 0.873727 0.727245 0.267015 0.756489 2.09442 1.68157 1.74567 2.35073 2.43802 2.48167 2.48667 2.47023 2.4552 2.43255 2.42157 2.41005 2.37235 2.34691 2.32646 2.28762 2.26591 2.2333 2.2044 2.17899 2.14675 2.10596 2.01655
-9999 -9999 -9999 -9999 -9999 -9999 -9999 -3.89874 -1.5902 1.0241 3.59475 5.37972 6.09441 6.61184 6.59677 6.03846 5.55342 4.79508 3.62244 2.81648 1.42368 -0.484354 2.70243 3.67977 4.55541 4.92689 5.83778 5.81643 5.40021 4.93267 5.38023 5.24058 4.05203 3.6573 2.99311 4.1703 4.16371 4.12004 4.04439 2.67254 0.769924 -0.754378 0.316533 0.0740008 0.563305 -1.00144 0.251069 1.25856 1.57541 0.869416 0.339716 1.92684 2.168 2.31217 2.40024 2.454 2.42571 2.42958 2.40748 2.38964 2.3708 2.34283 2.31967 2.29043 2.26045 2.22868 2.20196 2.16775 2.12418 2.10705 2.05517
-9999 -9999 -9999 -9999 -9999 -9999 -9999 -9999 -2.9567 0.365372 3.32342 4.96651 5.99631 6.49321 6.47491 6.18511 5.85308 5.37977 4.53177 3.46942 1.79579 0.552887 1.33488 2.29267 2.4028 3.03954 4.88833 5.51974 4.62393 2.42219 3.72182 5.17561 5.14746 5.01755 4.87169 4.68672 4.51677 4.155 3.20288 0.309513 -0.272279 -1.4167 -1.30323 -1.89815 -0.640604 -1.13384 0.151355 0.699838 0.897805 -0.319198 -0.071843 1.31629 1.86219 1.75637 2.08707 2.40509 2.40341 2.40026 2.37897 2.37283 2.36178 2.34216 2.30938 2.28311 2.25934 2.21378 2.20011 2.07707 1.99186 1.8356 1.99556
-9999 -9999 -9999 -9999 -9999 -9999 -9999 -9999 -3.61459 -0.306776 3.17784 4.29136 5.4023 6.35958 6.36961 5.93196 5.51548 5.08714 4.60119 3.31416 2.06673 0.876428 0.474315 0.709611 0.694333 1.7241 4.13182 4.59685 4.39632 2.0912 1.30486 3.2473 4.87826 5.00088 4.84528 2.91145 3.31216 2.26294 0.842665 0.442543 -0.187245 -1.50408 -0.891162 -1.8602 -1.46577 -1.58732 -0.864007 -0.518846 0.344818 -0.717522 -0.719403 0.642173 1.32851 1.33299 2.05474 2.30409 2.36025 2.36494 2.3645 2.35447 2.35242 2.33162 2.30634 2.27719 2.22697 2.12806 1.85171 0.443358 0.43 0.797666 1.14528
-9999 -9999 -9999 -9999 -9999 -9999 -9999 -9999 -3.23629 -0.943134 2.14783 4.43507 4.57125 5.67858 6.24595 5.77109 5.23767 4.69245 4.45008 3.04997 1.51339 0.271439 -1.19687 -0.959847 0.087558 1.80977 3.36352 3.63936 3.31512 2.08226 2.66312 3.98563 4.6847 4.88584 4.71453 4.28659 4.03476 3.2594 2.91657 1.84211 0.168241 -0.499379 -0.0988086 -1.87638 -1.76743 -1.1297 -1.83408 -0.706622 -0.174428 -1.54206 -0.485344 0.72747 1.3411 1.87625 2.12289 2.21361 2.35956 2.35097 2.35134 2.34533 2.32939 2.3153 2.27518 2.23913 2.07613 1.84267 0.528439 -0.0312176 0.0600962 0.646008 1.15764
-9999 -9999 -9999 -9999 -9999 -9999 -9999 -9999 -2.84915 -0.785517 1.89338 3.52184 3.80655 5.03553 6.12733 5.99607 5.44158 5.2673 4.69362 3.50507 2.19356 0.761273 0.0626072 -1.53632 0.0292794 1.27405 2.58862 3.20189 2.19082 1.67461 2.57475 3.46906 3.8221 4.72403 4.70742 4.40235 3.11535 2.48207 2.73424 2.4548 1.9737 0.817348 0.753031 0.00484305 -0.313294 -0.614658 -1.55945 -0.978389 -0.933008 -0.796914 0.485749 1.11013 1.51971 1.89132 1.97923 2.13362 2.33788 2.34399 2.33859 2.32417 2.31448 2.28442 2.20822 2.14142 1.8289 1.28698 0.288776 -1.3228 -0.214441 0.945479 1.27803
-9999 -9999 -9999 -9999 -9999 -9999 -9999 -9999 -3.20655 -1.01427 1.27396 2.22599 2.38088 4.61185 5.97463 5.96872 5.70162 5.39127 3.98519 4.06021 3.77389 2.481 0.601055 -1.46261 -1.27416 -0.0484372 1.69112 2.26304 0.585886 -0.0145312 0.417206 1.77188 2.98326 4.24779 4.56263 4.18041 2.18224 0.0587138 1.0278 2.06341 2.04543 1.72552 0.652058 0.301955 -0.0164757 -0.803917 -2.131 -1.94697 -1.5968 -0.150777 0.29799 0.999531 1.58005 1.34227 1.45991 2.01526 2.32829 2.32731 2.31973 2.31687 2.29553 2.26194 2.12452 1.97959 1.74604 0.357582 -0.511571 -1.76824 -0.342033 0.444066 0.844962
-9999 -9999 -9999 -9999 -9999 -9999 -9999 -9999 -3.89194 -2.30334 -0.116801 0.759567 2.16203 4.2698 5.30226 5.7929 5.77379 5.56428 4.93044 4.5467 3.79792 2.45293 0.61662 -1.42354 -2.75323 -2.08471 0.259448 0.80669 -0.738123 -1.53378 -0.556794 0.886819 3.02716 4.24631 4.40343 4.28326 3.86341 2.3102 0.435193 0.430027 1.35294 0.558255 -0.363752 0.123146 0.0171899 -0.760355 -1.32974 -1.67982 -1.49408 -0.666661 -0.336121 0.476318 1.68251 1.8434 1.79505 2.29525 2.30745 2.30594 2.31173 2.29739 2.27876 2.24921 2.13455 1.89527 0.966344 0.154231 -0.969874 -1.12213 0.146169 0.691198 1.19249
-9999 -9999 -9999 -9999 -9999 -9999 -9999 -9999 -5.06871 -3.19869 -1.15115 0.765376 2.57802 4.13686 4.2496 5.06783 5.05859 5.48366 5.35187 4.76395 4.13204 2.97208 0.614559 -1.36844 -3.53021 -2.96703 -0.580464 -0.258642 -1.30521 -3.23375 -1.25594 0.925477 2.90136 3.96689 3.11624 3.96963 3.88883 3.30028 2.17965 0.442828 0.463541 -0.841795 -0.91077 -0.259762 -0.0575284 -0.181651 -0.612459 -1.29526 -1.20111 -0.702215 -0.588007 0.157225 1.08951 2.00084 2.14237 2.30506 2.29891 2.2881 2.2888 2.27686 2.24365 2.18221 2.06301 1.28217 0.356085 -0.220227 -1.00796 -1.11685 0.354489 0.922711 1.22893
