Test_Spring_2018b/02_18/Temp/20180214_010.txt
ncols	170
nrows	115
xllcorner	350000.000000
yllcorner	4445000.000000
cellsize	1000.000000
nodata_value	-9999.000000
[rows 32 to 63 of 115, columns 72 to 143 of 170]
7.98708 7.68643 8.15843 8.59306 8.31835 8.13684 8.84194 8.84429 8.60462 8.03838 7.83281 7.61982 7.4909 6.76466 4.72002 2.87722 3.8708 3.89816 3.21759 4.44816 3.80321 2.11525 -0.269076 1.03093 0.695593 -1.0004 -1.41324 -9999 -9999 -9999 -9999 -9999 -9999 -9999 -9999 -9999 -9999 -9999 -9999 -9999 -9999 -9999 -9999 -9999 -9999 -9999 -9999 -9999 -9999 -9999 -9999 -9999 -9999 -9999 -9999 -9999 -9999 -9999 -9999 -9999 -9999 -9999 -9999 -9999 -9999 -9999 -9999 -9999 -9999 -9999 -9999 -9999
7.5797 7.4524 8.15273 8.14084 8.09003 8.33091 8.76709 8.85744 8.76564 8.52033 8.30865 8.08353 7.50717 6.67574 4.9264 2.82824 2.35545 3.3882 3.44135 3.61031 3.02294 2.28406 1.12613 2.0795 2.45122 1.34179 -0.116358 -1.05853 -9999 -9999 -9999 -9999 -9999 -9999 -9999 -9999 -9999 -9999 -9999 -9999 -9999 -9999 -9999 -9999 -9999 -9999 -9999 -9999 -9999 -9999 -9999 -9999 -9999 -9999 -9999 -9999 -9999 -9999 -9999 -9999 -9999 -9999 -9999 -9999 -9999 -9999 -9999 -9999 -9999 -9999 -9999 -9999
7.09419 6.421 6.84429 7.16266 7.73112 7.87414 7.96403 8.79835 8.75698 8.72138 8.36938 8.08877 7.62178 6.82169 5.68107 4.307 1.91154 3.39507 4.55749 4.53155 4.47162 3.95506 2.84287 3.77879 3.82526 2.40873 0.77856 -0.169213 -0.55886 -9999 -9999 -9999 -9999 -9999 -9999 -9999 -9999 -9999 -9999 -9999 -9999 -9999 -9999 -9999 -9999 -9999 -9999 -9999 -9999 -9999 -9999 -9999 -9999 -9999 -9999 -9999 -9999 -9999 -9999 -9999 -9999 -9999 -9999 -9999 -9999 -9999 -9999 -9999 -9999 -9999 -9999 -9999
6.54263 5.71962 6.14546 6.71249 7.50145 7.90082 8.21208 8.46323 8.71955 8.69244 8.33202 7.26165 7.11193 7.06929 6.32464 4.75761 3.19266 2.79026 4.5616 5.07127 4.97182 5.36987 4.42828 4.87767 4.69732 4.19816 2.63769 1.21512 0.632243 -0.523258 -9999 -9999 -9999 -9999 -9999 -9999 -9999 -9999 -9999 -9999 -9999 -9999 -9999 -9999 -9999 -9999 -9999 -9999 -9999 -9999 -9999 -9999 -9999 -9999 -9999 -9999 -9999 -9999 -9999 -9999 -9999 -9999 -9999 -9999 -9999 -9999 -9999 -9999 -9999 -9999 -9999 -9999
-9999 -9999 5.20232 5.96354 6.59529 7.3681 8.03679 8.37583 8.70548 8.68189 7.95825 7.60612 7.57865 7.09196 6.23174 5.69347 4.70977 3.68468 4.08192 5.59303 4.92631 5.99756 5.91038 6.10949 5.39835 4.04079 2.23908 1.18064 0.659505 -0.276152 -9999 -9999 -9999 -9999 -9999 -9999 -9999 -9999 -9999 -9999 -9999 -9999 -9999 -9999 -9999 -9999 -9999 -9999 -9999 -9999 -9999 -9999 -9999 -9999 -9999 -9999 -9999 -9999 -9999 -9999 -9999 -9999 -9999 -9999 -9999 -9999 -9999 -9999 -9999 -9999 -9999 -9999
-9999 -9999 -9999 5.82221 6.30252 7.34536 7.87246 8.09307 8.62304 8.62682 8.35448 8.14991 7.85188 7.46179 6.81637 6.10401 5.17922 5.09757 6.06593 6.08189 5.88429 6.0461 6.54461 6.41688 5.3159 3.40389 2.39908 0.347932 -0.525452 -0.4317 -1.0492 -9999 -9999 -9999 -9999 -9999 -9999 -9999 -9999 -9999 -9999 -9999 -9999 1.42611 -9999 -9999 -9999 -9999 -9999 -9999 -9999 -9999 -9999 -9999 -9999 -9999 -9999 -9999 -9999 -9999 -9999 -9999 -9999 -9999 -2.08104 -9999 -9999 -9999 -9999 -9999 -9999 -9999
-9999 -9999 5.73546 6.37104 6.87878 7.53284 7.59087 7.97602 8.5848 8.59606 8.40363 8.1862 7.69375 7.57476 7.20924 6.43561 6.28098 6.6009 6.75061 6.9195 7.02486 6.94622 6.74881 6.49235 5.77521 4.89356 4.30265 2.43604 1.48592 0.584397 -0.781671 -1.84911 -9999 -9999 -9999 -9999 -9999 -9999 -9999 0.672184 0.630425 0.664318 0.974753 1.81457 1.33757 -9999 -9999 -9999 -9999 -9999 -9999 -9999 -9999 -9999 -9999 -9999 -9999 -9999 -9999 -9999 -9999 -9999 -9999 -9999 -1.33068 -2.39756 -9999 -9999 -9999 -9999 -9999 -9999
-9999 -9999 5.89593 6.58131 6.92417 7.55909 7.92289 8.15076 8.3629 8.56611 8.535 8.29396 7.92611 7.93252 7.42505 7.1537 6.96142 7.3928 7.48182 7.31516 7.10465 6.91858 6.38503 6.32573 6.14651 5.58769 4.66859 3.72136 2.34738 0.490854 -1.32944 -2.79658 -9999 -9999 -9999 -9999 -9999 -9999 0.81611 1.51419 1.93653 1.06869 1.82895 2.52506 2.42649 1.77829 -9999 -9999 -9999 -9999 -9999 -9999 -9999 -9999 -9999 -9999 -9999 -9999 -9999 -9999 3.74099 2.64527 0.421742 -0.712196 -1.38746 -2.35617 -9999 -9999 -9999 -9999 -9999 -9999
-9999 -9999 5.76066 6.56948 7.11755 7.60403 7.68255 8.17734 8.38984 8.49976 8.48955 8.44421 8.37939 7.9368 7.74922 7.07888 7.73003 7.71068 7.55219 6.90963 6.63338 5.52589 5.04015 4.92709 5.86428 5.17581 3.73566 1.93472 -0.236669 -0.372847 -1.08626 -2.39748 -9999 -9999 -9999 -9999 -9999 -9999 1.02694 1.77326 2.39834 2.49832 1.63664 2.86578 2.83507 2.16595 2.02365 2.5946 2.88991 2.69077 3.37664 3.58305 3.29264 3.63291 -9999 -9999 -9999 -9999 3.87561 3.92972 3.97325 3.52265 1.09253 -0.56315 -2.04817 -2.16792 -9999 -9999 -9999 -9999 -9999 -9999
-9999 -9999 6.32041 6.81839 7.07035 7.11147 7.54766 7.97934 8.24312 8.44021 8.40337 8.39059 8.37744 8.22899 7.87883 7.94797 7.9247 7.72303 6.49622 5.06309 5.69464 4.84384 3.01228 4.50174 5.31991 4.53915 2.79314 0.768165 0.0995494 0.131532 -0.862412 -2.14085 -9999 -9999 -9999 -1.0138 0.0487026 0.148571 0.468573 1.4612 2.21927 2.79301 3.18817 3.18396 2.79998 2.14629 1.43466 1.70567 3.02153 3.35155 3.63755 3.85118 3.58233 3.73987 4.09768 4.28674 4.33202 4.25872 4.24878 4.28634 4.25427 3.83433 1.66101 0.422974 -0.361977 -1.93429 -9999 -9999 -9999 -9999 -9999 -9999
-9999 -9999 6.00747 6.4403 6.79069 7.37062 7.43222 7.80046 8.0158 8.33788 8.37684 8.00009 8.31784 8.28179 8.2282 8.10919 7.9325 6.89818 5.47021 4.03834 3.37964 3.66086 2.56455 3.13326 3.96218 3.66026 2.5893 0.785181 0.53202 0.107842 -1.56434 -3.17525 -9999 -9999 -3.07038 -1.03933 0.393593 1.13716 1.37405 1.40583 2.3587 2.44395 3.4701 3.24141 1.92048 2.08461 1.57635 1.92784 2.42203 2.56553 3.26491 3.94261 4.0779 4.09054 4.32154 4.37586 4.39604 4.39863 4.25671 4.33438 4.3543 4.09621 2.52502 1.7652 0.932442 -1.91287 -9999 -9999 -9999 -9999 -9999 -9999
-9999 -9999 6.22745 6.7108 7.2399 7.32536 7.71732 7.67696 7.56221 8.11013 8.30913 8.04399 7.85481 8.21517 8.19582 8.15439 8.08268 7.1114 5.98623 4.27935 3.22028 2.56874 2.10964 1.49546 1.92205 1.79375 1.62087 1.82197 1.32423 0.329123 -0.65039 -2.48306 -3.47351 -9999 -2.9644 -2.04468 -0.341871 1.10743 2.0315 1.71274 2.79523 3.00571 3.63296 3.28281 2.48908 2.15643 2.13907 2.04568 2.78055 3.2799 3.63469 3.87519 4.17493 4.257 4.33874 4.37754 4.40216 4.42692 4.43137 4.43423 4.41138 4.32054 3.60399 2.84965 1.19887 -1.81768 -9999 -9999 -9999 -9999 -9999 -9999
-9999 4.82616 6.17347 6.98356 7.29662 7.52229 7.72119 7.86524 8.01377 8.15589 8.25543 8.21431 7.50811 7.57086 7.70399 8.11311 8.09075 8.00884 7.39664 5.31877 4.59973 3.55017 2.19029 1.62421 1.91071 3.02909 2.98008 2.24087 1.41682 0.272161 -0.454114 -1.57845 -3.73674 -3.53884 -2.5604 -1.83002 -0.670554 1.09928 2.34358 2.9051 3.12462 3.56813 3.80645 3.32594 2.87333 2.68883 2.33449 2.29666 2.31324 2.76244 3.11501 3.88518 4.1506 4.27943 4.34753 4.3876 4.4186 4.44913 4.4649 4.45866 4.46842 4.47236 4.43266 3.42007 0.872929 -1.03473 -9999 -9999 -9999 -9999 -9999 -9999
-9999 -9999 5.92474 6.28021 6.3722 6.53414 6.86726 7.25181 7.79455 7.86564 8.1682 8.16884 7.55957 6.85779 7.47918 7.73007 7.99026 8.0046 7.93145 6.18254 5.27099 4.55344 3.24952 3.72407 4.17344 4.20846 3.93882 2.35285 0.773092 -1.05356 -2.75429 -2.8344 -3.74972 -3.26096 -2.61335 -0.956065 0.213208 0.692782 1.04084 2.8424 3.31784 3.49281 3.96473 3.35355 3.21648 2.76188 2.91664 2.89029 2.90729 1.61945 2.93811 3.02749 3.88933 4.28303 4.3802 4.41173 4.4444 4.45583 4.46836 4.47257 4.49005 4.48892 4.48925 3.83624 0.598201 -1.01055 -9999 -9999 -9999 -9999 -9999 -9999
-9999 -9999 -9999 -9999 6.03627 6.30662 6.47949 6.78012 7.70117 7.95093 8.11806 8.13486 7.86583 7.17038 6.99215 7.12699 6.45133 7.02916 7.81527 7.80107 7.71077 6.17505 5.39129 6.15592 5.92559 4.76921 3.85875 2.95974 1.10986 -0.249402 -2.19902 -3.66244 -3.71597 -2.09729 -0.751324 0.925518 1.66982 1.25823 1.72258 2.62307 3.64564 4.14738 4.04611 3.40149 3.33067 2.62187 3.34953 3.42569 3.1092 2.83697 2.96421 3.3973 3.56905 4.24467 4.41495 4.45279 4.46516 4.47507 4.47959 4.48372 4.48676 4.49072 4.49368 4.47721 1.14871 -1.42795 -9999 -9999 -9999 -9999 -9999 -9999
-9999 -9999 -9999 -9999 5.3951 5.55898 5.99286 7.11001 7.69143 7.92857 7.92219 8.03431 7.84578 7.23512 6.60905 6.01988 5.25808 5.70433 6.87336 7.56433 7.6468 6.30105 7.00686 6.74608 6.22918 4.71647 3.60122 3.00953 1.23332 -0.292293 -1.58943 -3.38002 -2.61237 -1.76606 -0.678468 1.15035 2.38755 2.90159 2.48676 3.06662 4.2417 4.26166 3.64006 3.69629 3.33056 2.35646 3.40324 3.70881 3.48987 3.56469 3.49085 3.65983 3.9564 4.23947 4.43002 4.46263 4.47309 4.47408 4.48095 4.49038 4.48717 4.4992 4.50228 4.49906 2.35609 -1.47617 -9999 -9999 -9999 -9999 -9999 -9999
-9999 -9999 -9999 -9999 -9999 4.81004 5.80217 7.28555 7.6498 7.61684 7.92506 7.9543 7.66287 7.41151 6.6504 5.60906 3.60264 4.1223 5.19892 6.74792 7.5637 7.45788 7.01016 6.22832 4.33269 2.67318 2.47159 2.19937 0.902866 -0.273268 -1.71546 -0.879107 0.0377622 1.04174 1.57167 1.44017 2.50124 3.36909 3.01392 3.72277 4.54912 4.19368 3.98986 3.82174 3.39577 3.38505 3.4479 4.04895 3.65895 3.92216 3.94184 3.94022 4.09023 4.26007 4.43692 4.47242 4.48006 4.48976 4.47758 4.49282 4.49287 4.4945 4.49841 4.49771 4.31763 2.26465 1.04114 -9999 -9999 -9999 -9999 -9999
-9999 -9999 -9999 -9999 -9999 3.89445 4.38861 6.14582 6.6846 7.46227 7.87652 7.89839 7.40373 7.13084 5.99347 5.62957 3.77425 2.9375 3.65933 3.39091 5.52093 7.4054 6.99977 3.20556 1.83196 0.851938 1.10404 1.10615 0.744904 -1.25356 -1.80271 -0.0169743 1.10848 1.98183 2.64618 2.78898 2.77294 4.12581 4.3142 4.76226 4.67977 4.7338 4.06936 3.66428 4.05283 3.64586 3.58961 4.20995 3.62938 4.18232 4.13212 3.98281 3.9856 4.35054 4.43136 4.47724 4.48715 4.48002 4.46934 4.46795 4.48925 4.49515 4.48819 4.50328 4.49926 4.27649 3.21948 2.86211 3.29691 -9999 -9999 -9999
-9999 -9999 -9999 -9999 -9999 -9999 2.75059 5.19343 6.30576 6.89338 7.72123 7.8238 7.56084 7.08571 5.92756 4.91029 3.25237 1.35786 0.356171 3.37612 6.00448 7.37771 7.20168 4.04391 2.79841 2.74164 3.4767 2.85694 2.38664 0.86693 0.414901 -0.213196 0.176418 1.39172 2.38837 3.34991 4.05187 4.11679 4.5776 4.84777 4.88131 4.97583 4.91018 4.85983 4.22626 4.69487 4.32674 4.54598 4.42964 4.32533 4.23672 3.87421 4.15021 4.39479 4.46423 4.4921 4.48472 4.48828 4.48564 4.47172 4.47292 4.48268 4.49316 4.49516 4.51016 4.52289 4.42024 3.79147 2.94352 1.86718 -9999 -9999
-9999 -9999 -9999 -9999 -9999 -9999 1.53175 3.96308 5.13097 6.64064 7.4159 7.73379 7.69699 7.31293 6.43427 5.10908 4.00642 1.89048 -0.307138 2.86189 5.68417 7.20916 7.29303 4.64098 5.37932 4.78571 5.02673 3.93786 3.48559 3.12324 2.34217 1.48838 0.552766 0.0631945 2.29308 3.4413 4.36771 4.80945 5.06405 5.19715 5.14199 4.98918 4.01447 4.7824 4.76336 4.70384 4.63313 4.60647 4.54288 4.46472 4.42347 4.41624 4.17842 4.47177 4.47556 4.48657 4.49483 4.49449 4.48792 4.48386 4.4779 4.48967 4.49472 4.49883 4.50702 4.52792 4.53729 4.5193 4.36496 2.91298 2.05089 1.82658
-9999 -9999 -9999 -9999 -9999 -9999 -1.88326 1.6546 4.49009 5.97703 7.18707 7.52303 7.65173 7.13444 6.74947 5.80114 4.90363 3.51546 1.43271 0.152289 2.52526 5.97306 7.24415 7.14902 7.07197 6.38579 5.76717 5.68991 5.73735 5.01142 3.95851 2.58683 2.16392 1.68563 3.34776 3.57799 3.46345 5.29419 5.3075 5.21424 4.52819 3.75822 3.91948 3.45209 3.84309 3.28173 3.8262 4.29852 4.48346 4.48256 4.43447 4.441 4.42395 4.4852 4.49232 4.49186 4.49304 4.49711 4.49801 4.48523 4.48252 4.50055 4.49952 4.50185 4.5088 4.53171 4.54448 4.53506 4.52799 4.31864 3.99505 3.36951
-9999 -9999 -9999 -9999 -9999 -9999 -1.73385 1.23772 3.76324 5.27739 6.73606 7.07767 7.5734 7.47255 7.06881 6.24502 5.21448 4.07285 2.28665 0.960235 2.54961 4.83895 6.47974 7.07088 7.0654 7.02819 6.87439 6.8085 6.62871 6.49533 5.74347 4.45195 3.72152 2.65188 4.50401 4.71676 4.43425 5.36409 5.32666 3.94208 2.88078 2.75893 3.42379 2.81471 2.72604 2.35452 2.80628 3.99315 3.66678 3.74715 4.29132 4.39007 4.4605 4.48444 4.48891 4.49413 4.4927 4.50179 4.51122 4.4991 4.49897 4.50466 4.49587 4.5072 4.507 4.52143 4.5307 4.53273 4.52707 4.47869 4.4277 4.52363
-9999 -9999 -9999 -9999 -9999 -9999 -1.67145 0.325999 2.5993 4.82863 6.38632 7.01725 7.47826 7.47837 7.00793 6.60115 5.9571 4.95315 4.26617 3.06907 1.42376 4.19485 5.04554 5.80727 6.12619 6.91768 6.90021 6.54011 6.1127 6.50469 6.39691 5.37261 5.03815 4.47177 5.5041 5.51205 5.49004 5.44248 4.27294 2.64494 1.3465 2.29965 2.1147 2.55775 1.23862 2.35724 3.25813 3.55942 2.97063 2.53558 3.93072 4.17618 4.32217 4.41851 4.48436 4.47867 4.50086 4.50091 4.50538 4.50998 4.50787 4.51123 4.5106 4.51054 4.5151 4.53102 4.53079 4.5307 4.54546 4.52829 4.52969 4.53968
-9999 -9999 -9999 -9999 -9999 -9999 -9999 -0.853825 2.02422 4.5979 6.03261 6.93667 7.37959 7.37646 7.13828 6.86353 6.46596 5.74285 4.83296 3.39186 2.32298 3.00861 3.84164 3.93996 4.49585 6.10203 6.6521 5.87771 3.95231 5.09278 6.35925 6.34181 6.23752 6.12105 5.97011 5.8367 5.53887 4.73101 2.24157 1.76086 0.791299 0.913647 0.422554 1.53059 1.14077 2.28185 2.78376 2.98114 1.95076 2.18383 3.42762 3.92325 3.85266 4.15969 4.45216 4.47013 4.48684 4.48816 4.50326 4.51496 4.52025 4.51935 4.52163 4.52716 4.52117 4.54878 4.4712 4.42633 4.31945 4.4861 4.51539 4.55426
-9999 -9999 -9999 -9999 -9999 -9999 -9999 -1.42977 1.44658 4.47735 5.45306 6.42747 7.2694 7.29047 6.92364 6.57518 6.21618 5.80669 4.70179 3.63029 2.60724 2.26654 2.47743 2.46383 3.36168 5.45382 5.86102 5.691 3.68588 3.01039 4.70193 6.12437 6.2401 6.116 4.45149 4.81308 3.91912 2.70512 2.37737 1.85195 0.73202 1.28649 0.469945 0.836238 0.759794 1.41268 1.73741 2.51131 1.61446 1.63083 2.85291 3.47044 3.49579 4.14237 4.3788 4.44747 4.47157 4.49157 4.50387 4.52391 4.52863 4.53049 4.52997 4.51211 4.45278 4.24803 3.06634 3.08283 3.42936 3.75793 4.35346 4.5361
-9999 -9999 -9999 -9999 -9999 -9999 -9999 -1.09772 0.899481 3.58936 5.58311 5.71232 6.68425 7.18838 6.78896 6.33876 5.87809 5.6796 4.47654 3.15436 2.08679 0.821986 1.03502 1.9499 3.44268 4.79548 5.03988 4.7639 3.68993 4.20127 5.35645 5.97191 6.15667 6.01971 5.66158 5.45762 4.80119 4.52131 3.6084 2.17699 1.61927 1.98874 0.470171 0.58798 1.16462 0.582879 1.58523 2.07107 0.908992 1.86229 2.93732 3.49193 3.97775 4.21277 4.31216 4.45925 4.47238 4.49356 4.50972 4.51794 4.52854 4.5174 4.51062 4.39451 4.21793 3.10467 2.66699 2.7734 3.3084 3.7785 4.2902 4.4982
-9999 -9999 -9999 -9999 -9999 -9999 -9999 -0.758402 1.04043 3.37347 4.79625 5.05437 6.13177 7.09053 6.98887 6.52018 6.38098 5.89507 4.87544 3.74855 2.51618 1.9192 0.540784 1.90575 2.98504 4.13144 4.66953 3.78718 3.34784 4.13717 4.92209 5.23846 6.03176 6.02963 5.77855 4.67724 4.14408 4.38 4.15616 3.75856 2.7764 2.74203 2.11531 1.86201 1.62357 0.832442 1.36038 1.42358 1.58416 2.71532 3.2801 3.65794 4.00222 4.1 4.25508 4.45323 4.47957 4.49616 4.50532 4.51913 4.5159 4.47334 4.43961 4.19343 3.74888 2.90908 1.55949 2.54711 3.57921 3.9075 4.228 4.39416
-9999 -9999 -9999 -9999 -9999 -9999 -9999 -1.06501 0.846004 2.84074 3.67727 3.82301 5.76935 6.96306 6.97002 6.75044 6.49317 5.28542 5.36153 5.12377 4.01254 2.3916 0.610699 0.782104 1.85099 3.36106 3.8642 2.40545 1.89405 2.27814 3.46316 4.52466 5.63311 5.91898 5.60144 3.88371 2.05837 2.91588 3.83212 3.83572 3.57839 2.66837 2.38625 2.13209 1.47158 0.355039 0.531363 0.858501 2.15073 2.56383 3.19558 3.72184 3.53799 3.66193 4.16511 4.458 4.4786 4.49362 4.51304 4.51685 4.51054 4.41474 4.31299 4.13494 2.95588 2.22752 1.17496 2.44864 3.15608 3.56218 4.23572 4.40551
-9999 -9999 -9999 -9999 -9999 -9999 -9999 -1.65622 -0.268113 1.6389 2.41016 3.63796 5.47761 6.38497 6.82254 6.81802 6.64821 6.11013 5.78854 5.14991 3.99375 2.41098 0.650882 -0.493647 0.0941357 2.12739 2.61731 1.26699 0.587046 1.4447 2.70756 4.57527 5.64495 5.79456 5.70462 5.35575 4.02507 2.41629 2.42985 3.24907 2.57968 1.80059 2.24384 2.1735 1.52118 1.0496 0.773893 0.978442 1.71495 2.02556 2.75361 3.82264 3.9848 3.96514 4.42087 4.45326 4.47371 4.50058 4.5102 4.51641 4.51355 4.43734 4.25354 3.47219 2.79256 1.84275 1.73594 2.88449 3.39735 3.87623 4.21278 4.33044
-9999 -9999 -9999 -9999 -9999 -9999 -9999 -2.67363 -1.04093 0.745987 2.41958 4.00334 5.3672 5.47718 6.19895 6.20308 6.58364 6.48103 5.98251 5.4454 4.44991 2.41544 0.705237 -1.16044 -0.663553 1.41299 1.68179 0.784501 -0.877261 0.848813 2.752 4.4776 5.41453 4.69063 5.44521 5.39057 4.89649 3.94186 2.45374 2.49045 1.37803 1.33839 1.92369 2.12035 2.03442 1.68285 1.12446 1.24375 1.69577 1.81891 2.48888 3.32065 4.13386 4.27919 4.44257 4.45935 4.47198 4.49462 4.5064 4.49997 4.46937 4.38906 3.73543 2.95629 2.48087 1.82249 1.75307 3.06525 3.6109 3.92077 4.21303 4.33549
-9999 -9999 -9999 -9999 -9999 -9999 -9999 -9999 -1.20847 0.637644 2.00504 2.37689 3.58984 4.24717 4.757 4.87396 6.31927 6.40363 6.08937 5.59638 4.74801 3.20529 2.13158 0.342237 -0.942879 -0.403634 -0.1625 0.316156 0.181504 0.954233 2.78343 4.68917 4.90234 3.70145 3.88671 4.14611 4.71934 4.43976 2.40914 1.38172 0.530671 1.15038 1.80216 1.96724 2.00823 1.89434 1.77952 1.54548 2.41616 3.06323 3.22172 3.78699 4.20698 4.33054 4.42606 4.44683 4.46771 4.47803 4.46439 4.45737 4.36507 4.1455 3.41292 1.63621 1.73097 1.5491 1.00467 2.28678 3.12429 3.84636 4.23557 4.34472
-9999 -9999 -9999 -9999 -9999 -9999 -9999 -9999 -1.82218 0.313274 0.768324 0.73999 0.0397657 0.369693 2.98993 3.52166 4.90802 6.22092 6.12975 5.64619 4.85272 3.93568 2.51333 0.500403 -1.0983 -1.77236 -0.0418921 1.65288 2.00769 2.55369 3.67671 3.89478 2.6671 1.51649 2.17254 2.57062 4.06845 4.34802 4.06613 2.84607 1.45027 0.726074 1.60063 1.72579 1.78747 1.80773 1.80118 1.78545 2.76635 3.31373 3.69673 3.91015 4.27235 4.37287 4.41208 4.44945 4.45329 4.4453 4.39992 4.34699 4.07937 3.75339 2.5464 1.54214 0.920248 0.128088 1.95067 2.51265 3.29204 3.79426 4.18144 4.27539
