Test_Spring_2018b/02_18/Temp/20180201_003.txt
ncols	170
nrows	115
xllcorner	350000.000000
yllcorner	4445000.000000
cellsize	1000.000000
nodata_value	-9999.000000
[rows 31 to 61 of 115, columns 71 to 141 of 170]
7.62471 7.80409 7.4336 7.45879 8.31531 8.50236 8.4794 8.40157 8.3093 7.88915 7.74156 7.40808 6.82868 6.57946 5.55693 2.2753 3.18979 3.54054 2.58107 3.09917 3.94951 3.18819 0.95081 -0.0190129 -1.57438 -1.09366 -1.56297 -2.81695 -9999 -9999 -9999 -9999 -9999 -9999 -9999 -9999 -9999 -9999 -9999 -9999 -9999 -9999 -9999 -9999 -9999 -9999 -9999 -9999 -9999 -9999 -9999 -9999 -9999 -9999 -9999 -9999 -9999 -9999 -9999 -9999 -9999 -9999 -9999 -9999 -9999 -9999 -9999 -9999 -9999 -9999 -9999
7.43749 7.40449 7.04725 7.5717 8.05387 7.75335 7.55028 8.35389 8.34344 8.05651 7.39663 7.14762 6.88969 6.72725 5.88323 3.5353 1.41753 2.53486 2.55034 1.75867 3.14713 2.39688 0.457485 -2.27571 -0.806296 -1.20175 -3.13279 -3.61705 -9999 -9999 -9999 -9999 -9999 -9999 -9999 -9999 -9999 -9999 -9999 -9999 -9999 -9999 -9999 -9999 -9999 -9999 -9999 -9999 -9999 -9999 -9999 -9999 -9999 -9999 -9999 -9999 -9999 -9999 -9999 -9999 -9999 -9999 -9999 -9999 -9999 -9999 -9999 -9999 -9999 -9999 -9999
7.13277 6.94042 6.78072 7.56541 7.53811 7.4841 7.77191 8.26867 8.35851 8.2402 7.94638 7.69046 7.41879 6.74614 5.78227 3.77127 1.36234 0.807253 1.96946 2.0146 2.19216 1.50744 0.650331 -0.684326 0.389448 0.800139 -0.476161 -2.13861 -3.20994 -9999 -9999 -9999 -9999 -9999 -9999 -9999 -9999 -9999 -9999 -9999 -9999 -9999 -9999 -9999 -9999 -9999 -9999 -9999 -9999 -9999 -9999 -9999 -9999 -9999 -9999 -9999 -9999 -9999 -9999 -9999 -9999 -9999 -9999 -9999 -9999 -9999 -9999 -9999 -9999 -9999 -9999
6.67253 6.38683 5.60446 6.07311 6.42245 7.09093 7.26325 7.35286 8.29128 8.23055 8.17599 7.76012 7.42525 6.87743 5.94938 4.63272 3.04968 0.301662 1.97796 3.28821 3.24335 3.16008 2.55637 1.27371 2.32742 2.36696 0.740899 -1.10038 -2.19644 -2.65619 -9999 -9999 -9999 -9999 -9999 -9999 -9999 -9999 -9999 -9999 -9999 -9999 -9999 -9999 -9999 -9999 -9999 -9999 -9999 -9999 -9999 -9999 -9999 -9999 -9999 -9999 -9999 -9999 -9999 -9999 -9999 -9999 -9999 -9999 -9999 -9999 -9999 -9999 -9999 -9999 -9999
6.03293 5.75746 4.80426 5.2759 5.90897 6.81402 7.28267 7.63583 7.90927 8.18824 8.1435 7.71815 6.48262 6.29672 6.23261 5.36756 3.56437 1.76353 1.28869 3.29332 3.85923 3.73073 4.17007 3.08189 3.58059 3.36138 2.77967 1.00368 -0.618041 -1.29816 -2.63175 -9999 -9999 -9999 -9999 -9999 -9999 -9999 -9999 -9999 -9999 -9999 -9999 -9999 -9999 -9999 -9999 -9999 -9999 -9999 -9999 -9999 -9999 -9999 -9999 -9999 -9999 -9999 -9999 -9999 -9999 -9999 -9999 -9999 -9999 -9999 -9999 -9999 -9999 -9999 -9999
-9999 -9999 -9999 4.19982 5.07253 5.79101 6.67459 7.43587 7.80985 8.1727 8.13219 7.29273 6.87649 6.83006 6.25946 5.26251 4.63255 3.49449 2.30927 2.74647 4.4544 3.67878 4.88585 4.77212 4.98538 4.16084 2.6167 0.548425 -0.65761 -1.26711 -2.34977 -9999 -9999 -9999 -9999 -9999 -9999 -9999 -9999 -9999 -9999 -9999 -9999 -9999 -9999 -9999 -9999 -9999 -9999 -9999 -9999 -9999 -9999 -9999 -9999 -9999 -9999 -9999 -9999 -9999 -9999 -9999 -9999 -9999 -9999 -9999 -9999 -9999 -9999 -9999 -9999
-9999 -9999 -9999 -9999 4.91091 5.45674 6.63441 7.24833 7.48765 8.07933 8.07032 7.74578 7.49793 7.14292 6.68242 5.9303 5.10158 4.03046 3.92103 5.00938 5.01182 4.77111 4.94085 5.49516 5.33575 4.06775 1.88966 0.730168 -1.60736 -2.61826 -2.52647 -3.24639 -9999 -9999 -9999 -9999 -9999 -9999 -9999 -9999 -9999 -9999 -9999 -9999 -0.689002 -9999 -9999 -9999 -9999 -9999 -9999 -9999 -9999 -9999 -9999 -9999 -9999 -9999 -9999 -9999 -9999 -9999 -9999 -9999 -9999 -5.24344 -9999 -9999 -9999 -9999 -9999
-9999 -9999 -9999 4.80628 5.54551 6.11345 6.8484 6.91624 7.3545 8.03652 8.03638 7.80319 7.54077 6.96399 6.81255 6.37945 5.48055 5.28751 5.63576 5.79011 5.96674 6.07143 5.96687 5.72752 5.42147 4.6068 3.58811 2.9012 0.759154 -0.323441 -1.36631 -2.93955 -4.17283 -9999 -9999 -9999 -9999 -9999 -9999 -9999 -1.45329 -1.52401 -1.50903 -1.17911 -0.245791 -0.814674 -9999 -9999 -9999 -9999 -9999 -9999 -9999 -9999 -9999 -9999 -9999 -9999 -9999 -9999 -9999 -9999 -9999 -9999 -9999 -4.38974 -5.63564 -9999 -9999 -9999 -9999
-9999 -9999 -9999 5.01268 5.78372 6.16445 6.87844 7.28311 7.55423 7.78438 8.00355 7.9546 7.66534 7.23061 7.222 6.62668 6.30028 6.06389 6.53885 6.62363 6.41727 6.16154 5.93442 5.31181 5.23089 5.02909 4.37921 3.31864 2.22604 0.660176 -1.47129 -3.56201 -5.25064 -9999 -9999 -9999 -9999 -9999 -9999 -1.26339 -0.49004 -0.0319434 -1.046 -0.203645 0.565133 0.427246 -0.343928 -9999 -9999 -9999 -9999 -9999 -9999 -9999 -9999 -9999 -9999 -9999 -9999 -9999 -9999 1.50334 0.227226 -2.33599 -3.65729 -4.45626 -5.5907 -9999 -9999 -9999 -9999
-9999 -9999 -9999 4.8555 5.76826 6.38404 6.92971 7.00997 7.57453 7.8162 7.92941 7.90454 7.83855 7.74935 7.22836 6.99752 6.21558 6.94065 6.90107 6.70311 5.95366 5.62277 4.34472 3.77678 3.64926 4.70584 3.90879 2.25473 0.189261 -2.28423 -2.45428 -3.28183 -4.79199 -9999 -9999 -9999 -9999 -9999 -9999 -1.01884 -0.190961 0.49779 0.586928 -0.421327 0.954682 0.88831 0.0975277 -0.0924034 0.531273 0.840823 0.590606 1.33601 1.5452 1.18836 1.55141 -9999 -9999 -9999 -9999 1.70675 1.74358 1.76768 1.22738 -1.57159 -3.48825 -5.21124 -5.38585 -9999 -9999 -9999 -9999
-9999 -9999 -9999 5.49062 6.0499 6.32903 6.36785 6.85711 7.35035 7.65008 7.86247 7.80726 7.7783 7.74777 7.56189 7.14509 7.20594 7.16112 6.91287 5.49577 3.84401 4.548 3.56516 1.47485 3.16191 4.08344 3.18193 1.17991 -1.14014 -1.89919 -1.8766 -3.02332 -4.49616 -9999 -9999 -9999 -3.27844 -2.08679 -1.9944 -1.65217 -0.543858 0.29599 0.925811 1.35028 1.32667 0.848554 0.0745946 -0.765434 -0.484531 0.988419 1.33743 1.63098 1.84828 1.51607 1.66758 2.05167 2.24366 2.27178 2.16457 2.12925 2.14752 2.08559 1.58031 -0.923444 -2.36407 -3.28907 -5.14194 -9999 -9999 -9999 -9999
-9999 -9999 -9999 5.13201 5.61758 6.00957 6.66503 6.72758 7.13935 7.38411 7.74738 7.7789 7.33487 7.68161 7.62361 7.54459 7.39029 7.16987 5.97134 4.32428 2.67355 1.90573 2.22114 0.957379 1.59443 2.52845 2.17867 0.948887 -1.11871 -1.41745 -1.89976 -3.82123 -5.67195 -9999 -9999 -5.59973 -3.3019 -1.68782 -0.8615 -0.614499 -0.60267 0.458666 0.52959 1.67305 1.39175 -0.154494 0.00380253 -0.605048 -0.23306 0.296729 0.432907 1.20635 1.94591 2.07511 2.06523 2.30507 2.34382 2.34381 2.32363 2.1382 2.20252 2.20004 1.87935 0.0597843 -0.83564 -1.82132 -5.11797 -9999 -9999 -9999 -9999
-9999 -9999 -9999 5.38221 5.92614 6.52262 6.61315 7.05304 7.00018 6.86883 7.4834 7.70349 7.3868 7.1552 7.54897 7.50852 7.4421 7.34077 6.21352 4.91128 2.94649 1.72178 0.972073 0.435395 -0.273716 0.201887 0.0454593 -0.16119 0.0590973 -0.511911 -1.64508 -2.77371 -4.87845 -6.02192 -9999 -5.4733 -4.44285 -2.521 -0.890014 0.140329 -0.248239 0.960217 1.1732 1.86702 1.43956 0.494346 0.0792972 0.0299868 -0.105597 0.704089 1.24466 1.62457 1.87232 2.18319 2.2528 2.32279 2.34435 2.34994 2.35554 2.33751 2.31683 2.26574 2.13582 1.29082 0.396696 -1.5173 -5.00914 -9999 -9999 -9999 -9999
-9999 -9999 3.77635 5.31702 6.23463 6.58572 6.83718 7.05785 7.21535 7.38407 7.53782 7.63969 7.58263 6.76116 6.81514 6.9481 7.39498 7.34931 7.23583 6.51815 4.12982 3.29941 2.09046 0.526817 -0.129602 0.186885 1.45315 1.38867 0.537461 -0.41034 -1.714 -2.54705 -3.84126 -6.31784 -6.10685 -5.00736 -4.19271 -2.89063 -0.894299 0.500876 1.11574 1.33928 1.82238 2.06604 1.48308 0.926872 0.685805 0.251399 0.178545 0.168454 0.652643 1.02962 1.88012 2.15738 2.27608 2.33095 2.35446 2.36785 2.38057 2.37589 2.34517 2.33145 2.30962 2.23313 1.04804 -1.8963 -4.12284 -9999 -9999 -9999 -9999
-9999 -9999 -9999 5.02993 5.42991 5.52975 5.70939 6.08395 6.51653 7.13516 7.20675 7.54057 7.52925 6.82069 6.00237 6.69178 6.95765 7.2337 7.22948 7.12614 5.11903 4.06366 3.23124 1.73171 2.26264 2.76549 2.79681 2.48148 0.665356 -1.14345 -3.22455 -5.1736 -5.27535 -6.32777 -5.78598 -5.06355 -3.19158 -1.87834 -1.35383 -0.981239 1.04748 1.56605 1.73325 2.24191 1.51469 1.31801 0.768138 0.913715 0.853391 0.843326 -0.65403 0.824453 0.899623 1.85708 2.28094 2.36633 2.38056 2.39637 2.38777 2.37981 2.3613 2.35655 2.32682 2.29306 1.51669 -2.20966 -4.09537 -9999 -9999 -9999 -9999
-9999 -9999 -9999 -9999 -9999 5.14497 5.4489 5.6413 5.97872 7.02903 7.30472 7.48426 7.49025 7.16809 6.35871 6.13577 6.26888 5.47711 6.11587 6.99531 6.9617 6.843 5.07752 4.17214 5.03361 4.76166 3.43466 2.38906 1.35714 -0.759024 -2.30673 -4.539 -6.2179 -6.2903 -4.45736 -2.93704 -1.04267 -0.214177 -0.706235 -0.201275 0.799368 1.93759 2.48054 2.33485 1.56889 1.44748 0.60706 1.40553 1.46169 1.0709 0.73166 0.850983 1.31813 1.48858 2.23501 2.40621 2.42584 2.41891 2.40896 2.39219 2.37382 2.34891 2.32538 2.29863 2.2478 -1.58229 -4.57208 -9999 -9999 -9999 -9999
-9999 -9999 -9999 -9999 -9999 4.41207 4.59491 5.08534 6.35432 7.01734 7.27878 7.26049 7.37521 7.1448 6.43081 5.69757 5.00466 4.11509 4.60388 5.91819 6.68878 6.76711 5.21835 6.01204 5.70418 5.10565 3.37256 2.09376 1.41277 -0.618909 -2.35614 -3.84381 -5.89549 -5.03096 -4.0787 -2.85355 -0.785339 0.605312 1.16847 0.670926 1.3055 2.61734 2.61042 1.87086 1.90384 1.44585 0.302452 1.46456 1.78208 1.50235 1.5588 1.44863 1.61456 1.92744 2.22629 2.42082 2.43615 2.42645 2.40658 2.39269 2.37887 2.34923 2.33475 2.3079 2.27184 -0.206492 -4.62846 -9999 -9999 -9999 -9999
-9999 -9999 -9999 -9999 -9999 -9999 3.73917 4.86629 6.55297 6.96823 6.92157 7.26205 7.28217 6.93435 6.6301 5.74256 4.53405 2.2247 2.79717 4.00605 5.75524 6.66994 6.53539 6.01343 5.11131 2.94031 1.03986 0.803234 0.486729 -0.99769 -2.33626 -3.98925 -3.04463 -2.00979 -0.877606 -0.288438 -0.456214 0.733607 1.70072 1.27069 2.05229 2.96624 2.53099 2.26777 2.04469 1.51789 1.47314 1.51289 2.16734 1.69246 1.96376 1.96024 1.93165 2.07746 2.24728 2.4263 2.44504 2.43258 2.42256 2.38662 2.3801 2.35412 2.32768 2.30161 2.26825 2.02852 -0.364149 -1.79831 -9999 -9999 -9999
-9999 -9999 -9999 -9999 -9999 -9999 2.69305 3.25189 5.25056 5.8647 6.74236 7.20359 7.2152 6.63553 6.30715 4.99081 4.55489 2.41766 1.44388 2.24818 1.92455 4.33819 6.47363 5.99959 1.66156 0.0857969 -1.03984 -0.759209 -0.763035 -1.18096 -3.45755 -4.09215 -2.06485 -0.792231 0.190876 0.933307 1.07837 1.0397 2.55986 2.75014 3.23434 3.11176 3.14361 2.3551 1.86184 2.26407 1.76749 1.67153 2.34809 1.65596 2.25783 2.17473 1.97779 1.95578 2.34817 2.41769 2.44825 2.43773 2.40871 2.37461 2.34858 2.34675 2.32512 2.28663 2.27128 2.23239 1.92716 0.683026 0.236745 0.694275 -9999
-9999 -9999 -9999 -9999 -9999 -9999 -9999 1.38093 4.16099 5.42901 6.08949 7.02218 7.12566 6.81367 6.25317 4.91243 3.73163 1.81986 -0.361474 -1.52072 1.90631 4.88833 6.44057 6.2282 2.61577 1.18575 1.11271 1.94371 1.2301 0.687246 -1.04353 -1.5678 -2.29402 -1.86101 -0.486059 0.633092 1.71187 2.49213 2.54339 3.04394 3.32642 3.33644 3.41476 3.30952 3.22118 2.45778 2.96021 2.50887 2.72826 2.56588 2.41834 2.29167 1.8517 2.14135 2.39647 2.45293 2.46051 2.43145 2.41435 2.38919 2.34973 2.32329 2.30605 2.28754 2.25744 2.24051 2.20388 2.04873 1.29338 0.288346 -0.976474
-9999 -9999 -9999 -9999 -9999 -9999 -9999 -0.0123377 2.75377 4.08478 5.79637 6.67375 7.02358 6.96469 6.50832 5.48673 3.95514 2.67714 0.243674 -2.28224 1.31584 4.52195 6.24713 6.33024 3.29487 4.12699 3.44103 3.70786 2.45845 1.93537 1.52426 0.624027 -0.360231 -1.43576 -2.01137 0.516095 1.80766 2.84393 3.32512 3.59073 3.71589 3.62869 3.42381 2.28225 3.12773 3.06548 2.96612 2.85453 2.79391 2.69209 2.57469 2.50237 2.46777 2.17144 2.48036 2.45872 2.45023 2.43861 2.41668 2.38668 2.35818 2.32587 2.31067 2.2833 2.25593 2.23169 2.20445 2.17779 2.11982 1.90663 0.21408
-9999 -9999 -9999 -9999 -9999 -9999 -9999 -3.91074 0.116467 3.35614 5.04045 6.41052 6.77838 6.90839 6.30037 5.84227 4.74102 3.69752 2.09461 -0.299869 -1.77826 0.914322 4.83192 6.27305 6.15348 6.05498 5.26269 4.54818 4.45165 4.49753 3.67131 2.46549 0.889142 0.389397 -0.170501 1.70906 1.95343 1.80244 3.86806 3.85881 3.72628 2.91621 2.01453 2.16935 1.60458 2.01033 1.33931 1.93001 2.43907 2.62118 2.59229 2.51255 2.49095 2.44685 2.48748 2.47368 2.45164 2.43143 2.41405 2.39215 2.35339 2.3246 2.31781 2.28543 2.2569 2.22775 2.20289 2.18105 2.13381 2.08951 1.81512
-9999 -9999 -9999 -9999 -9999 -9999 -9999 -3.73665 -0.347368 2.52227 4.24151 5.89115 6.26538 6.81415 6.68139 6.20233 5.24363 4.04895 2.72775 0.671925 -0.858623 0.93756 3.53709 5.39499 6.05773 6.04469 5.99176 5.80649 5.72733 5.51301 5.36253 4.49344 3.00253 2.15588 0.920924 3.01678 3.24099 2.89844 3.93672 3.87001 2.26522 1.02785 0.860967 1.59679 0.873117 0.731565 0.276546 0.762223 2.0869 1.68298 1.74719 2.34347 2.43031 2.47815 2.48239 2.46511 2.44901 2.42527 2.41308 2.40045 2.36211 2.33611 2.31527 2.27642 2.25585 2.22351 2.18825 2.16 2.12687 2.08522 1.99539
-9999 -9999 -9999 -9999 -9999 -9999 -9999 -3.66972 -1.39132 1.18986 3.72501 5.48728 6.19141 6.70067 6.68334 6.12861 5.64602 4.89268 3.729 2.92731 1.54453 -0.348523 2.79669 3.75733 4.61417 4.9704 5.86247 5.83245 5.41195 4.93039 5.36576 5.22439 4.04282 3.64702 2.98544 4.14583 4.13623 4.09078 4.0145 2.65697 0.775137 -0.731995 0.328036 0.0893317 0.573186 -0.971414 0.272205 1.27024 1.58496 0.885282 0.362012 1.92923 2.17379 2.31607 2.40252 2.45475 2.42565 2.42828 2.40523 2.38651 2.36695 2.33856 2.31512 2.28583 2.25595 2.22587 2.19234 2.15751 2.11661 2.09836 2.04294
-9999 -9999 -9999 -9999 -9999 -9999 -9999 -9999 -2.74088 0.536291 3.45824 5.08011 6.09576 6.58453 6.56378 6.27437 5.94289 5.47123 4.62846 3.57309 1.91251 0.677316 1.44421 2.38567 2.48568 3.10751 4.9279 5.54421 4.65012 2.45714 3.73917 5.1706 5.13689 5.00313 4.8543 4.66562 4.49456 4.1345 3.19126 0.328725 -0.244959 -1.37649 -1.26351 -1.85085 -0.607283 -1.09234 0.180172 0.723916 0.920776 -0.282084 -0.040366 1.33987 1.87978 1.77473 2.10109 2.41243 2.40978 2.40561 2.38352 2.37651 2.36478 2.34474 2.31451 2.28844 2.26495 2.22195 2.20059 2.07801 1.99265 1.83679 1.99344
-9999 -9999 -9999 -9999 -9999 -9999 -9999 -9999 -3.3938 -0.126341 3.31642 4.41445 5.5102 6.45411 6.46116 6.02531 5.61014 5.18286 4.69816 3.42066 2.18181 0.99893 0.595105 0.821256 0.799082 1.81025 4.1841 4.63654 4.4308 2.13974 1.3558 3.27111 4.8788 4.99525 4.83711 2.92089 3.31427 2.27429 0.867992 0.471267 -0.152054 -1.45441 -0.847812 -1.80553 -1.41455 -1.53383 -0.817368 -0.475002 0.38001 -0.670078 -0.675121 0.679403 1.35824 1.36237 2.07563 2.32147 2.37611 2.37982 2.37851 2.36785 2.36524 2.34425 2.31902 2.29009 2.24043 2.14261 1.87168 0.469482 0.455194 0.817532 1.15981
-9999 -9999 -9999 -9999 -9999 -9999 -9999 -9999 -3.01796 -0.753905 2.29955 4.55838 4.68995 5.7821 6.34022 5.86741 5.33647 4.79356 4.54979 3.16058 1.63595 0.402298 -1.05564 -0.827307 0.202205 1.89871 3.42858 3.69453 3.36707 2.13714 2.70599 4.0087 4.69521 4.88971 4.71636 4.28974 4.03786 3.26879 2.92805 1.86425 0.20809 -0.452439 -0.0561502 -1.81384 -1.70553 -1.07412 -1.77006 -0.654213 -0.127232 -1.47942 -0.429598 0.770302 1.37728 1.90637 2.14986 2.23897 2.3826 2.37335 2.373 2.36643 2.35017 2.33589 2.296 2.26025 2.09901 1.8681 0.568246 0.00774617 0.0970067 0.675242 1.1798
-9999 -9999 -9999 -9999 -9999 -9999 -9999 -9999 -2.63366 -0.596481 2.04948 3.65673 3.93511 5.14749 6.22416 6.09109 5.53926 5.36321 4.79184 3.61201 2.31021 0.888612 0.192253 -1.39479 0.14772 1.37258 2.66645 3.2667 2.25588 1.73997 2.62512 3.5048 3.84951 4.73748 4.71744 4.41256 3.13701 2.5085 2.75621 2.4786 2.00197 0.857858 0.794121 0.054268 -0.260065 -0.55769 -1.49167 -0.916411 -0.871049 -0.728261 0.537609 1.15556 1.5608 1.92825 2.0149 2.16716 2.36863 2.37408 2.36817 2.3534 2.34341 2.31338 2.23782 2.17165 1.86252 1.32653 0.339231 -1.26166 -0.166464 0.979556 1.30202
-9999 -9999 -9999 -9999 -9999 -9999 -9999 -9999 -2.98594 -0.821399 1.43824 2.37648 2.52644 4.72975 6.07437 6.06522 5.79761 5.48703 4.0925 4.16253 3.87492 2.59148 0.727149 -1.31913 -1.13823 0.0676924 1.78297 2.34282 0.673821 0.0751115 0.49745 1.83286 3.02687 4.2738 4.58183 4.20085 2.22207 0.119723 1.07648 2.09943 2.08073 1.76374 0.701751 0.35543 0.0406251 -0.737914 -2.04923 -1.86772 -1.521 -0.0856568 0.358875 1.05319 1.6276 1.39247 1.5087 2.05767 2.36689 2.36548 2.35754 2.35431 2.33287 2.29939 2.1633 2.01985 1.78882 0.415577 -0.444062 -1.69669 -0.284215 0.492191 0.886163
-9999 -9999 -9999 -9999 -9999 -9999 -9999 -9999 -3.66275 -2.09514 0.0639882 0.927424 2.31126 4.3927 5.4106 5.89257 5.87026 5.65949 5.02884 4.64534 3.90056 2.56588 0.74503 -1.27765 -2.59784 -1.94189 0.37109 0.910268 -0.630576 -1.42198 -0.459993 0.963741 3.07684 4.27916 4.43144 4.30981 3.89216 2.35395 0.497839 0.491407 1.4032 0.616554 -0.295748 0.185635 0.0808615 -0.687987 -1.25087 -1.59684 -1.40449 -0.588815 -0.261154 0.542941 1.73629 1.8956 1.84781 2.34241 2.35425 2.35247 2.35788 2.34338 2.32467 2.29521 2.18165 1.94489 1.02611 0.222904 -0.888852 -1.03943 0.207432 0.73977 1.2387
-9999 -9999 -9999 -9999 -9999 -9999 -9999 -9999 -4.82562 -2.97954 -0.957811 0.934409 2.72395 4.26248 4.37078 5.17678 5.1643 5.58125 5.4473 4.86204 4.23308 3.08166 0.745614 -1.22021 -3.36302 -2.8109 -0.455957 -0.147175 -1.18654 -3.09808 -1.14593 1.0078 2.9585 4.00912 3.16487 4.00629 3.92409 3.34004 2.23006 0.510982 0.530457 -0.761282 -0.829959 -0.186314 0.013679 -0.108943 -0.534768 -1.20916 -1.10782 -0.616834 -0.503028 0.234729 1.15732 2.05902 2.19919 2.36015 2.35399 2.34314 2.34362 2.33156 2.29847 2.2375 2.11944 1.34707 0.431105 -0.138859 -0.917878 -1.02546 0.419131 0.977576 1.28394
