Test_Spring_2018b/02_18/Temp/20180217_015.txt
ncols	170
nrows	115
xllcorner	350000.000000
yllcorner	4445000.000000
cellsize	1000.000000
nodata_value	-9999.000000
[rows 32 to 63 of 115, columns 72 to 143 of 170]
12.9731 12.8221 13.0629 13.2847 13.147 13.0563 13.4169 13.4192 13.2988 13.0127 12.9095 12.8026 12.7383 12.371 11.3351 10.4015 10.9066 10.9215 10.5775 11.2027 10.8766 10.0215 8.8132 9.47352 9.30438 8.44023 8.22962 -9999 -9999 -9999 -9999 -9999 -9999 -9999 -9999 -9999 -9999 -9999 -9999 -9999 -9999 -9999 -9999 -9999 -9999 -9999 -9999 -9999 -9999 -9999 -9999 -9999 -9999 -9999 -9999 -9999 -9999 -9999 -9999 -9999 -9999 -9999 -9999 -9999 -9999 -9999 -9999 -9999 -9999 -9999 -9999 -9999
12.768 12.7048 13.0614 13.0568 13.0317 13.1562 13.3805 13.4275 13.3821 13.2588 13.1525 13.0395 12.7483 12.3277 11.4415 10.3785 10.1398 10.6647 10.6927 10.7794 10.4825 10.1088 9.52243 10.0069 10.1964 9.63065 8.8888 8.41125 -9999 -9999 -9999 -9999 -9999 -9999 -9999 -9999 -9999 -9999 -9999 -9999 -9999 -9999 -9999 -9999 -9999 -9999 -9999 -9999 -9999 -9999 -9999 -9999 -9999 -9999 -9999 -9999 -9999 -9999 -9999 -9999 -9999 -9999 -9999 -9999 -9999 -9999 -9999 -9999 -9999 -9999 -9999 -9999
12.5233 12.1833 12.3993 12.5622 12.8512 12.928 12.9748 13.3991 13.3793 13.3624 13.1851 13.0439 12.8082 12.4035 11.8261 11.1303 9.91644 10.6699 11.2605 11.2484 11.219 10.9579 10.3948 10.8704 10.8948 10.1714 9.34393 8.86383 8.66682 -9999 -9999 -9999 -9999 -9999 -9999 -9999 -9999 -9999 -9999 -9999 -9999 -9999 -9999 -9999 -9999 -9999 -9999 -9999 -9999 -9999 -9999 -9999 -9999 -9999 -9999 -9999 -9999 -9999 -9999 -9999 -9999 -9999 -9999 -9999 -9999 -9999 -9999 -9999 -9999 -9999 -9999 -9999
12.2451 11.8291 12.0465 12.3354 12.737 12.9419 13.1022 13.2308 13.362 13.3494 13.1679 12.6262 12.5514 12.531 12.1544 11.3607 10.5681 10.365 11.2644 11.5239 11.4744 11.6772 11.2005 11.4293 11.3387 11.084 10.2895 9.56753 9.27252 8.6871 -9999 -9999 -9999 -9999 -9999 -9999 -9999 -9999 -9999 -9999 -9999 -9999 -9999 -9999 -9999 -9999 -9999 -9999 -9999 -9999 -9999 -9999 -9999 -9999 -9999 -9999 -9999 -9999 -9999 -9999 -9999 -9999 -9999 -9999 -9999 -9999 -9999 -9999 -9999 -9999 -9999 -9999
-9999 -9999 11.5697 11.9571 12.2809 12.6732 13.0149 13.1881 13.3565 13.3458 12.98 12.8027 12.79 12.5443 12.1092 11.8373 11.3394 10.8205 11.023 11.7903 11.453 11.9972 11.9539 12.0557 11.6958 11.0057 10.0889 9.55165 9.28797 8.81407 -9999 -9999 -9999 -9999 -9999 -9999 -9999 -9999 -9999 -9999 -9999 -9999 -9999 -9999 -9999 -9999 -9999 -9999 -9999 -9999 -9999 -9999 -9999 -9999 -9999 -9999 -9999 -9999 -9999 -9999 -9999 -9999 -9999 -9999 -9999 -9999 -9999 -9999 -9999 -9999 -9999 -9999
-9999 -9999 -9999 11.887 12.1339 12.6641 12.9331 13.0463 13.3163 13.3196 13.1828 13.0803 12.9304 12.7338 12.4076 12.0474 11.5794 11.539 12.0311 12.0401 11.9407 12.0236 12.2772 12.2132 11.6532 10.6842 10.1752 9.13095 8.68861 8.73685 8.42439 -9999 -9999 -9999 -9999 -9999 -9999 -9999 -9999 -9999 -9999 -9999 -9999 9.68392 -9999 -9999 -9999 -9999 -9999 -9999 -9999 -9999 -9999 -9999 -9999 -9999 -9999 -9999 -9999 -9999 -9999 -9999 -9999 -9999 7.86254 -9999 -9999 -9999 -9999 -9999 -9999 -9999
-9999 -9999 11.8433 12.1688 12.4276 12.7607 12.7906 12.9885 13.2986 13.3057 13.2094 13.1005 12.8521 12.793 12.6088 12.2175 12.1402 12.3034 12.3802 12.4667 12.5209 12.4818 12.3824 12.253 11.8878 11.4412 11.1421 10.1925 9.71041 9.25388 8.56181 8.02124 -9999 -9999 -9999 -9999 -9999 -9999 -9999 9.30464 9.2834 9.30035 9.45741 9.88283 9.64025 -9999 -9999 -9999 -9999 -9999 -9999 -9999 -9999 -9999 -9999 -9999 -9999 -9999 -9999 -9999 -9999 -9999 -9999 -9999 8.24571 7.70125 -9999 -9999 -9999 -9999 -9999 -9999
-9999 -9999 11.9279 12.2768 12.452 12.7754 12.9614 13.0787 13.1876 13.2921 13.2778 13.1569 12.9718 12.9763 12.7202 12.5837 12.4872 12.707 12.753 12.6692 12.5632 12.4694 12.1995 12.17 12.0777 11.7947 11.3291 10.8493 10.149 9.20811 8.28572 7.5425 -9999 -9999 -9999 -9999 -9999 -9999 9.3798 9.73396 9.94806 9.50759 9.89269 10.2451 10.1943 9.85664 -9999 -9999 -9999 -9999 -9999 -9999 -9999 -9999 -9999 -9999 -9999 -9999 -9999 -9999 10.8314 10.2737 9.14346 8.56543 8.21962 7.72462 -9999 -9999 -9999 -9999 -9999 -9999
-9999 -9999 11.8607 12.2722 12.5515 12.7996 12.8409 13.0946 13.2029 13.2601 13.2564 13.2349 13.2035 12.9804 12.8865 12.5477 12.879 12.8701 12.7905 12.4653 12.3259 11.7648 11.519 11.4603 11.936 11.5872 10.8573 9.94446 8.84323 8.77169 8.41076 7.74672 -9999 -9999 -9999 -9999 -9999 -9999 9.4891 9.86771 10.1846 10.2349 9.79724 10.4199 10.3961 10.0551 9.98142 10.2695 10.418 10.3134 10.6536 10.7579 10.6104 10.7831 -9999 -9999 -9999 -9999 10.9058 10.9322 10.9528 10.7222 9.48708 8.64418 7.88734 7.81903 -9999 -9999 -9999 -9999 -9999 -9999
-9999 -9999 12.146 12.3998 12.5289 12.5512 12.7739 12.9956 13.13 13.2315 13.2144 13.2094 13.2043 13.1304 12.9541 12.9903 12.9796 12.8782 12.2568 11.5306 11.8515 11.4204 10.4924 11.2461 11.6613 11.2657 10.3806 9.35404 9.01504 9.0291 8.52596 7.87848 -9999 -9999 -9999 8.45458 8.99431 9.04558 9.20824 9.71179 10.0961 10.3866 10.5863 10.5828 10.3804 10.047 9.68433 9.82013 10.486 10.6522 10.7878 10.8959 10.7596 10.84 11.0219 11.1183 11.1416 11.1045 11.0991 11.1174 11.0997 10.8847 9.77895 9.1476 8.74546 7.93177 -9999 -9999 -9999 -9999 -9999 -9999
-9999 -9999 11.9873 12.2081 12.3871 12.684 12.7167 12.9051 13.017 13.1811 13.2025 13.013 13.1757 13.1589 13.1331 13.0739 12.9854 12.4616 11.7381 11.0125 10.679 10.8225 10.2669 10.5536 10.9743 10.8212 10.278 9.36347 9.23573 9.02095 8.17135 7.35552 -9999 -9999 7.41256 8.44382 9.17152 9.54933 9.66986 9.68605 10.1691 10.2118 10.7315 10.6141 9.93693 10.0183 9.75777 9.93418 10.1828 10.2544 10.6062 10.9444 11.0132 11.0201 11.138 11.1663 11.1772 11.1788 11.1067 11.1454 11.1542 11.0212 10.2215 9.83268 9.40386 7.94779 -9999 -9999 -9999 -9999 -9999 -9999
-9999 -9999 12.1002 12.3465 12.6162 12.6611 12.8615 12.8438 12.7882 13.0677 13.1697 13.0369 12.9425 13.1268 13.1184 13.0986 13.0633 12.5715 12.0015 11.1364 10.5997 10.27 10.0375 9.72385 9.94038 9.87556 9.78825 9.89075 9.63864 9.13434 8.63855 7.70821 7.20727 -9999 7.46832 7.93604 8.80072 9.53654 10.0056 9.84401 10.3927 10.4989 10.8159 10.637 10.2273 10.0557 10.0449 9.99566 10.3667 10.6177 10.7948 10.9164 11.0643 11.1067 11.1492 11.1699 11.1833 11.1965 11.1988 11.1997 11.1868 11.1386 10.7722 10.3841 9.54212 7.99906 -9999 -9999 -9999 -9999 -9999 -9999
-9999 11.3898 12.0739 12.486 12.6461 12.7621 12.8646 12.9394 13.0175 13.0922 13.1444 13.1247 12.7682 12.8016 12.8705 13.0793 13.069 13.0283 12.7185 11.6651 11.3011 10.7686 10.0791 9.79045 9.93584 10.5033 10.4787 10.1043 9.68694 9.10683 8.73922 8.17017 7.07539 7.17733 7.67511 8.04692 8.63611 9.53456 10.1661 10.4509 10.5619 10.7861 10.9059 10.6597 10.4232 10.3273 10.1454 10.1241 10.1307 10.3571 10.5332 10.9224 11.0572 11.1201 11.1559 11.1775 11.1945 11.2108 11.2191 11.2156 11.2192 11.2191 11.1946 10.6768 9.37799 8.39758 -9999 -9999 -9999 -9999 -9999 -9999
-9999 -9999 11.9488 12.1303 12.1783 12.2619 12.4326 12.6294 12.9074 12.9454 13.1007 13.1034 12.7957 12.4414 12.758 12.8865 13.0195 13.0276 12.9911 12.1045 11.6425 11.2788 10.6176 10.8567 11.0846 11.1025 10.966 10.1621 9.36143 8.43545 7.57389 7.53447 7.07141 7.31987 7.64996 8.49199 9.08624 9.33035 9.50735 10.4211 10.6619 10.7489 10.9869 10.6753 10.5989 10.3658 10.4419 10.4263 10.433 9.77823 10.4444 10.4893 10.9264 11.126 11.1744 11.192 11.2101 11.217 11.2238 11.2257 11.2334 11.2299 11.2251 10.8892 9.24134 8.41239 -9999 -9999 -9999 -9999 -9999 -9999
-9999 -9999 -9999 -9999 12.0089 12.1475 12.2369 12.3913 12.8611 12.9897 13.0764 13.0868 12.9522 12.6011 12.5122 12.5819 12.2402 12.534 12.9334 12.9266 12.8811 12.1024 11.7035 12.0912 11.9744 11.3879 10.9264 10.4708 9.53317 8.84427 7.8565 7.1155 7.08972 7.91215 8.59583 9.44786 9.82664 9.61881 9.85482 10.3112 10.8292 11.0826 11.0298 10.7011 10.6583 10.2961 10.6626 10.6989 10.5363 10.3966 10.4584 10.6777 10.7649 11.1081 11.1954 11.2148 11.2227 11.229 11.232 11.2339 11.2332 11.2324 11.2301 11.2168 9.52286 8.20288 -9999 -9999 -9999 -9999 -9999 -9999
-9999 -9999 -9999 -9999 11.6845 11.7692 11.991 12.5595 12.8571 12.9793 12.9781 13.0368 12.943 12.635 12.319 12.0214 11.6361 11.8632 12.4568 12.8076 12.8497 12.1673 12.5239 12.3915 12.1293 11.3621 10.7967 10.497 9.59668 8.82341 8.16658 7.25967 7.65041 8.08113 8.63425 9.56315 10.192 10.4535 10.2436 10.5376 11.1329 11.1419 10.8251 10.8518 10.6595 10.1627 10.6909 10.8434 10.7303 10.7665 10.7264 10.8116 10.9622 11.1064 11.204 11.2219 11.2283 11.2303 11.2345 11.2387 11.2355 11.2389 11.2365 11.2299 10.1371 8.18019 -9999 -9999 -9999 -9999 -9999 -9999
-9999 -9999 -9999 -9999 -9999 11.3902 11.8951 12.6494 12.8368 12.8221 12.9804 12.9971 12.8511 12.7253 12.3408 11.8139 10.7973 11.0617 11.6084 12.3944 12.8084 12.7549 12.5265 12.1298 11.1683 10.3266 10.2246 10.0869 9.42993 8.83392 8.10351 8.52895 8.99538 9.50608 9.77637 9.71111 10.2506 10.6916 10.5119 10.8713 11.2898 11.1084 11.0035 10.9164 10.6935 10.6853 10.7145 11.0169 10.8169 10.9487 10.956 10.9547 11.0309 11.1177 11.2084 11.2277 11.2331 11.2393 11.2338 11.2412 11.2397 11.2378 11.2359 11.2305 11.1332 10.0788 9.45018 -9999 -9999 -9999 -9999 -9999
-9999 -9999 -9999 -9999 -9999 10.9265 11.1789 12.072 12.348 12.7444 12.9564 12.9694 12.7203 12.5835 12.0082 11.8249 10.885 10.4614 10.8282 10.6924 11.7731 12.729 12.522 10.5975 9.90073 9.40374 9.53181 9.53327 9.35063 8.33753 8.06005 8.96699 9.53919 9.98361 10.3221 10.3958 10.389 11.0762 11.1719 11.3991 11.3566 11.383 11.0445 10.8373 11.0275 10.8183 10.7872 11.0994 10.8028 11.0815 11.0534 10.9772 10.9787 11.1644 11.2064 11.2309 11.2371 11.2349 11.2303 11.2289 11.2382 11.2385 11.2312 11.2339 11.226 11.0999 10.5559 10.3666 10.5791 -9999 -9999 -9999
-9999 -9999 -9999 -9999 -9999 -9999 10.3487 11.5896 12.1565 12.4564 12.8782 12.9321 12.8005 12.5611 11.9752 11.4605 10.6207 9.66063 9.1533 10.6855 12.0189 12.7156 12.625 11.0233 10.3916 10.3629 10.736 10.422 10.1841 9.41379 9.18555 8.86818 9.06712 9.68499 10.1916 10.6807 11.038 11.0719 11.3062 11.4426 11.4591 11.506 11.4713 11.4441 11.1159 11.351 11.1618 11.2706 11.2096 11.155 11.1074 10.923 11.063 11.1876 11.2237 11.2383 11.2361 11.2391 11.2386 11.2316 11.2295 11.2318 11.2335 11.2297 11.2317 11.2252 11.1655 10.8388 10.401 9.84754 -9999 -9999
-9999 -9999 -9999 -9999 -9999 -9999 9.73109 10.9661 11.5612 12.3287 12.7241 12.8867 12.8698 12.6766 12.2324 11.5615 11.0033 9.93101 8.81706 10.4255 11.8568 12.6306 12.6734 11.3267 11.7013 11.4003 11.5229 10.971 10.7422 10.5589 10.1637 9.73185 9.25869 9.01112 10.1436 10.7273 11.1983 11.4233 11.553 11.6208 11.5924 11.5128 11.0171 11.4051 11.3886 11.356 11.3178 11.3021 11.2679 11.2267 11.2031 11.1989 11.0783 11.2269 11.2287 11.2356 11.2411 11.242 11.2392 11.2371 11.2333 11.2368 11.2334 11.2311 11.2299 11.2276 11.2252 11.2087 11.1231 10.3795 9.93555 9.81162
-9999 -9999 -9999 -9999 -9999 -9999 7.99949 9.79566 11.2369 11.9929 12.6079 12.78 12.847 12.5862 12.3924 11.9126 11.4585 10.7553 9.69964 9.0508 10.2556 12.0048 12.6491 12.5993 12.5603 12.2125 11.8991 11.8604 11.885 11.5173 10.9843 10.2897 10.0755 9.83424 10.6786 10.7966 10.7396 11.669 11.6763 11.6293 11.2812 10.8899 10.9708 10.7305 10.9219 10.635 10.9091 11.1466 11.2387 11.2368 11.2096 11.2116 11.203 11.2327 11.2373 11.2382 11.2398 11.2427 11.2436 11.2369 11.2347 11.2421 11.2378 11.2353 11.2303 11.2292 11.2291 11.2175 11.2071 11.0942 10.9238 10.5965
-9999 -9999 -9999 -9999 -9999 -9999 8.07607 9.58603 10.8686 11.6377 12.3793 12.5542 12.8073 12.7577 12.5543 12.1377 11.6161 11.038 10.1328 9.46071 10.2674 11.43 12.2626 12.5608 12.5575 12.5389 12.4613 12.4287 12.3381 12.2707 11.8903 11.235 10.8657 10.3245 11.2651 11.3741 11.2319 11.7043 11.6858 10.9838 10.4455 10.3833 10.7193 10.4093 10.3573 10.165 10.3922 10.9924 10.8246 10.864 11.1371 11.1867 11.22 11.2326 11.2356 11.2391 11.2391 11.2443 11.2494 11.2429 11.2419 11.2432 11.2363 11.2371 11.2328 11.2274 11.2222 11.217 11.2079 11.1773 11.1437 11.1823
-9999 -9999 -9999 -9999 -9999 -9999 8.10861 9.12394 10.2786 11.4103 12.202 12.5237 12.7591 12.7606 12.5233 12.3183 11.9927 11.4844 11.1368 10.5304 9.6965 11.1025 11.5356 11.9203 12.0828 12.4845 12.4761 12.2939 12.0766 12.2761 12.2207 11.7023 11.5337 11.2476 11.7723 11.7774 11.7671 11.7437 11.1511 10.3256 9.66703 10.1502 10.0559 10.279 9.60282 10.1681 10.6232 10.7742 10.4723 10.2504 10.9552 11.0762 11.1502 11.1994 11.2333 11.231 11.2428 11.2431 11.2454 11.2474 11.2453 11.2454 11.2429 11.2399 11.2364 11.2317 11.2261 11.2192 11.2206 11.2026 11.1979 11.1931
-9999 -9999 -9999 -9999 -9999 -9999 -9999 8.52644 9.98699 11.294 12.0232 12.4833 12.7095 12.7093 12.5899 12.4517 12.2512 11.8854 11.4248 10.6947 10.1532 10.5016 10.926 10.9741 11.2564 12.0714 12.3508 11.9585 10.9821 11.5593 12.2024 12.1945 12.1426 12.0845 12.0086 11.9419 11.7917 11.3826 10.1205 9.87717 9.38543 9.44725 9.19772 9.75811 9.5528 10.13 10.383 10.4816 9.95757 10.0723 10.6985 10.9494 10.9134 11.0692 11.217 11.2264 11.2352 11.236 11.2435 11.2489 11.2506 11.2491 11.2481 11.2481 11.239 11.2398 11.1952 11.1671 11.1073 11.1864 11.1961 11.2014
-9999 -9999 -9999 -9999 -9999 -9999 -9999 8.23372 9.69416 11.2329 11.7294 12.2251 12.6536 12.6657 12.4809 12.3054 12.1244 11.9178 11.3583 10.8157 10.2976 10.1255 10.2331 10.2257 10.6815 11.7431 11.9501 11.8644 10.8454 10.5035 11.3622 12.0845 12.1441 12.082 11.2387 11.4229 10.9703 10.3551 10.1894 9.92312 9.35515 9.63623 9.22174 9.407 9.3595 9.68932 9.85268 10.2439 9.7878 9.7927 10.4076 10.7203 10.7329 11.0607 11.1806 11.2155 11.2278 11.2378 11.2437 11.2533 11.2546 11.254 11.2517 11.2401 11.2069 11.0963 10.483 10.4865 10.6574 10.8191 11.1108 11.1945
-9999 -9999 -9999 -9999 -9999 -9999 -9999 8.40227 9.4168 10.7826 11.7954 11.8624 12.3568 12.6139 12.4126 12.1855 11.953 11.8533 11.2441 10.5744 10.0338 9.39304 9.50183 9.96655 10.7231 11.4097 11.5341 11.3947 10.8478 11.1078 11.6945 12.0074 12.1019 12.0333 11.8525 11.7498 11.4175 11.2761 10.8135 10.0878 9.80502 9.99234 9.2219 9.28126 9.57321 9.26866 9.77591 10.0212 9.43077 9.90634 10.4509 10.7317 10.9777 11.0967 11.147 11.2215 11.228 11.2385 11.2463 11.2497 11.254 11.2469 11.2415 11.1803 11.088 10.5202 10.2809 10.3305 10.5975 10.8316 11.0755 11.1775
-9999 -9999 -9999 -9999 -9999 -9999 -9999 8.5745 9.48841 10.6732 11.3964 11.5288 12.0767 12.5643 12.514 12.2775 12.2081 11.9627 11.4465 10.8759 10.2517 9.94979 9.25146 9.94452 10.4914 11.0734 11.3468 10.8969 10.6747 11.0757 11.4745 11.6357 12.0388 12.0384 11.9118 11.354 11.0842 11.2044 11.0912 10.8899 10.3919 10.3744 10.0564 9.92767 9.80635 9.3955 9.66231 9.69342 9.7692 10.3395 10.6252 10.8164 10.9906 11.0399 11.1183 11.2186 11.2317 11.2397 11.2438 11.25 11.2473 11.2243 11.2054 11.0784 10.8505 10.4217 9.71975 10.2168 10.7364 10.893 11.0458 11.1269
-9999 -9999 -9999 -9999 -9999 -9999 -9999 8.41911 9.38992 10.4032 10.829 10.9043 11.8929 12.4997 12.5046 12.3944 12.2651 11.6536 11.6932 11.5736 11.0109 10.1897 9.28724 9.37498 9.9154 10.6831 10.9389 10.1965 9.93771 10.1331 10.7348 11.2739 11.8368 11.9825 11.8221 10.9515 10.0263 10.4618 10.9269 10.929 10.7987 10.3372 10.194 10.0649 9.72967 9.15554 9.24233 9.40745 10.0543 10.2631 10.5829 10.8493 10.7556 10.8181 11.073 11.2213 11.2314 11.2385 11.2477 11.2489 11.2446 11.1947 11.1414 11.0491 10.4489 10.0769 9.52999 10.1681 10.5234 10.7132 11.0516 11.1347
-9999 -9999 -9999 -9999 -9999 -9999 -9999 8.11938 8.825 9.79377 10.1865 10.8107 11.7451 12.2067 12.4299 12.4289 12.3439 12.0721 11.9101 11.5872 11.0017 10.1998 9.30799 8.72832 9.02725 10.0579 10.3045 9.61949 9.27519 9.71077 10.3519 11.2998 11.843 11.9196 11.8746 11.6983 11.0239 10.2085 10.2157 10.6316 10.2923 9.89723 10.1221 10.0863 9.75525 9.51582 9.36587 9.46376 9.83377 9.99064 10.3593 10.901 10.9828 10.9725 11.2032 11.2193 11.2293 11.2424 11.2466 11.2489 11.2464 11.2065 11.1117 10.7136 10.3668 9.88273 9.82602 10.3904 10.6406 10.874 11.0418 11.0987
-9999 -9999 -9999 -9999 -9999 -9999 -9999 7.60353 8.43323 9.34111 10.1915 10.9962 11.6894 11.7465 12.1139 12.1173 12.3115 12.2605 12.0088 11.7374 11.2334 10.2025 9.33595 8.39054 8.64339 9.69484 9.82976 9.37518 8.5329 9.40892 10.3748 11.2506 11.7264 11.3599 11.7433 11.7161 11.4661 10.9824 10.2281 10.247 9.68305 9.6631 9.96001 10.0597 10.016 9.83753 9.54632 9.59881 9.8246 9.88643 10.2257 10.6471 11.0591 11.1324 11.2149 11.223 11.229 11.2399 11.2452 11.2412 11.2246 11.1827 10.8497 10.4528 10.2097 9.87357 9.83601 10.4884 10.7502 10.8982 11.0437 11.1032
-9999 -9999 -9999 -9999 -9999 -9999 -9999 -9999 8.3485 9.28644 9.98153 10.1716 10.7883 11.123 11.3829 11.4435 12.1778 12.2217 12.0634 11.8144 11.3851 10.6035 10.0598 9.15314 8.50216 8.77168 8.89481 9.13809 9.07032 9.46279 10.3911 11.3583 11.467 10.8585 10.9531 11.0852 11.3765 11.2352 10.2057 9.685 9.25363 9.56812 9.89878 9.98252 10.0032 9.94532 9.87411 9.74965 10.1906 10.5182 10.5981 10.8843 11.0969 11.1592 11.2073 11.2174 11.2276 11.2323 11.2248 11.2204 11.1726 11.06 10.6871 9.78428 9.83045 9.73613 9.45775 10.0977 10.4987 10.8622 11.057 11.1099
-9999 -9999 -9999 -9999 -9999 -9999 -9999 -9999 8.03756 9.1223 9.35469 9.34185 8.98817 9.1569 10.4872 10.7582 11.4625 12.1295 12.0844 11.8402 11.4387 10.9745 10.254 9.23385 8.42381 8.07949 8.9555 9.81654 9.99699 10.2744 10.8446 10.9558 10.3337 9.7507 10.084 10.2865 11.0468 11.1891 11.0466 10.4281 9.72048 9.35338 9.79706 9.86056 9.89179 9.90193 9.89251 9.87463 10.369 10.646 10.8398 10.9476 11.1309 11.1815 11.2011 11.2197 11.2213 11.2167 11.1931 11.1655 11.0288 10.8623 10.2488 9.7378 9.42053 9.01671 9.9389 10.2135 10.5911 10.8375 11.0314 11.0767
