Test_Spring_2018b/02_18/Temp/20180203_007.txt
ncols	170
nrows	115
xllcorner	350000.000000
yllcorner	4445000.000000
cellsize	1000.000000
nodata_value	-9999.000000
[rows 32 to 63 of 115, columns 72 to 143 of 170]
12.8325 12.5438 12.9833 13.3877 13.1274 12.9533 13.6141 13.6112 13.3802 12.8413 12.6423 12.4363 12.3095 11.6196 9.68731 7.94522 8.87629 8.89679 8.25017 9.40477 8.79187 7.19608 4.94407 6.16445 5.84366 4.23944 3.84087 -9999 -9999 -9999 -9999 -9999 -9999 -9999 -9999 -9999 -9999 -9999 -9999 -9999 -9999 -9999 -9999 -9999 -9999 -9999 -9999 -9999 -9999 -9999 -9999 -9999 -9999 -9999 -9999 -9999 -9999 -9999 -9999 -9999 -9999 -9999 -9999 -9999 -9999 -9999 -9999 -9999 -9999 -9999 -9999 -9999
12.4445 12.3192 12.974 12.9576 12.9074 13.1322 13.5396 13.6197 13.528 13.2916 13.0869 12.8695 12.321 11.532 9.87803 7.89528 7.44437 8.41241 8.45726 8.61133 8.05266 7.35128 6.25503 7.14864 7.49415 6.44071 5.05877 4.16717 -9999 -9999 -9999 -9999 -9999 -9999 -9999 -9999 -9999 -9999 -9999 -9999 -9999 -9999 -9999 -9999 -9999 -9999 -9999 -9999 -9999 -9999 -9999 -9999 -9999 -9999 -9999 -9999 -9999 -9999 -9999 -9999 -9999 -9999 -9999 -9999 -9999 -9999 -9999 -9999 -9999 -9999 -9999 -9999
11.9829 11.3432 11.7368 12.0317 12.5671 12.6991 12.7788 13.5601 13.516 13.4772 13.1403 12.8706 12.4252 11.6658 10.5855 9.28513 7.0222 8.41505 9.50532 9.47567 9.41406 8.92217 7.86898 8.74611 8.78502 7.43794 5.8997 5.00097 4.62819 -9999 -9999 -9999 -9999 -9999 -9999 -9999 -9999 -9999 -9999 -9999 -9999 -9999 -9999 -9999 -9999 -9999 -9999 -9999 -9999 -9999 -9999 -9999 -9999 -9999 -9999 -9999 -9999 -9999 -9999 -9999 -9999 -9999 -9999 -9999 -9999 -9999 -9999 -9999 -9999 -9999 -9999 -9999
11.459 10.6781 11.0742 11.6034 12.3441 12.7193 13.0086 13.2403 13.4768 13.4461 13.1012 12.0872 11.9408 11.8953 11.1882 9.70597 8.22575 7.84118 9.50531 9.98042 9.88153 10.2516 9.35914 9.7777 9.60281 9.12284 7.64575 6.30142 5.7465 4.65184 -9999 -9999 -9999 -9999 -9999 -9999 -9999 -9999 -9999 -9999 -9999 -9999 -9999 -9999 -9999 -9999 -9999 -9999 -9999 -9999 -9999 -9999 -9999 -9999 -9999 -9999 -9999 -9999 -9999 -9999 -9999 -9999 -9999 -9999 -9999 -9999 -9999 -9999 -9999 -9999 -9999 -9999
-9999 -9999 10.1813 10.8958 11.4872 12.2132 12.8395 13.154 13.4596 13.4323 12.7451 12.4081 12.3769 11.9129 11.0968 10.5841 9.65167 8.68023 9.0493 10.4682 9.83465 10.8391 10.7519 10.9346 10.2594 8.97213 7.266 6.26486 5.76813 4.88067 -9999 -9999 -9999 -9999 -9999 -9999 -9999 -9999 -9999 -9999 -9999 -9999 -9999 -9999 -9999 -9999 -9999 -9999 -9999 -9999 -9999 -9999 -9999 -9999 -9999 -9999 -9999 -9999 -9999 -9999 -9999 -9999 -9999 -9999 -9999 -9999 -9999 -9999 -9999 -9999 -9999 -9999
-9999 -9999 -9999 10.7586 11.2073 12.1852 12.6806 12.8836 13.3781 13.3766 13.1148 12.9168 12.6306 12.2576 11.6439 10.9672 10.0902 10.0079 10.9151 10.9249 10.7335 10.8808 11.3456 11.2202 10.1733 8.36777 7.41554 5.47614 4.64748 4.73023 4.14258 -9999 -9999 -9999 -9999 -9999 -9999 -9999 -9999 -9999 -9999 -9999 -9999 6.38229 -9999 -9999 -9999 -9999 -9999 -9999 -9999 -9999 -9999 -9999 -9999 -9999 -9999 -9999 -9999 -9999 -9999 -9999 -9999 -9999 2.84718 -9999 -9999 -9999 -9999 -9999 -9999 -9999
-9999 -9999 10.6755 11.2726 11.7464 12.358 12.4102 12.7694 13.3382 13.3438 13.1573 12.9472 12.4778 12.3603 12.0104 11.2758 11.1246 11.4207 11.5564 11.7103 11.8043 11.7251 11.534 11.2873 10.6038 9.76765 9.20554 7.43845 6.53936 5.68421 4.39117 3.37946 -9999 -9999 -9999 -9999 -9999 -9999 -9999 5.70228 5.65485 5.67836 5.96215 6.74453 6.28558 -9999 -9999 -9999 -9999 -9999 -9999 -9999 -9999 -9999 -9999 -9999 -9999 -9999 -9999 -9999 -9999 -9999 -9999 -9999 3.54978 2.53233 -9999 -9999 -9999 -9999 -9999 -9999
-9999 -9999 10.8254 11.4666 11.7851 12.3788 12.717 12.9302 13.1253 13.3118 13.2774 13.045 12.693 12.6936 12.2099 11.9487 11.762 12.163 12.2415 12.0791 11.8754 11.6949 11.187 11.1262 10.9497 10.4178 9.5465 8.64866 7.34766 5.59259 3.87159 2.48333 -9999 -9999 -9999 -9999 -9999 -9999 5.84297 6.49307 6.88289 6.05637 6.76386 7.41052 7.30791 6.67509 -9999 -9999 -9999 -9999 -9999 -9999 -9999 -9999 -9999 -9999 -9999 -9999 -9999 -9999 8.36845 7.32588 5.21984 4.14008 3.49197 2.56671 -9999 -9999 -9999 -9999 -9999 -9999
-9999 -9999 10.6935 11.4513 11.9633 12.4173 12.4867 12.9494 13.1469 13.2455 13.2308 13.1829 13.1165 12.6939 12.5116 11.8743 12.4824 12.4586 12.3037 11.6927 11.4271 10.3782 9.91539 9.80157 10.6797 10.0257 8.66341 6.9611 4.91151 4.77529 4.09764 2.85651 -9999 -9999 -9999 -9999 -9999 -9999 6.0394 6.73486 7.3156 7.40098 6.5796 7.72828 7.67852 7.03665 6.89114 7.41779 7.68476 7.48375 8.11212 8.29639 8.01289 8.32422 -9999 -9999 -9999 -9999 8.50988 8.55203 8.58377 8.14925 5.84847 4.27683 2.8653 2.73256 -9999 -9999 -9999 -9999 -9999 -9999
-9999 -9999 11.2167 11.6816 11.9147 11.9492 12.3559 12.7591 13.0048 13.1827 13.1431 13.126 13.1084 12.9631 12.6275 12.6871 12.6594 12.4636 11.3017 9.94536 10.535 9.73122 8.00146 9.39662 10.1626 9.42178 7.77133 5.85801 5.22479 5.24745 4.30562 3.0931 -9999 -9999 -9999 4.13302 5.1279 5.21505 5.50913 6.43657 7.14241 7.67626 8.03907 8.0251 7.64235 7.01451 6.33191 6.57539 7.80371 8.10317 8.35299 8.54393 8.28075 8.41696 8.74565 8.91564 8.95029 8.87318 8.85559 8.8824 8.84305 8.43747 6.38104 5.20283 4.45076 2.93717 -9999 -9999 -9999 -9999 -9999 -9999
-9999 -9999 10.9152 11.3188 11.6448 12.1864 12.2402 12.5829 12.7822 13.0827 13.1146 12.7545 13.0488 13.0094 12.9533 12.8355 12.6631 11.6825 10.3308 8.97561 8.3492 8.60979 7.57141 8.09914 8.8752 8.58957 7.57263 5.86758 5.62433 5.22136 3.63864 2.11567 -9999 -9999 2.19906 4.10737 5.45146 6.1453 6.36099 6.38274 7.27194 7.34285 8.29998 8.074 6.8088 6.95137 6.46141 6.78021 7.22869 7.35231 7.99819 8.62148 8.73956 8.74267 8.95212 8.99544 9.0068 9.00158 8.85994 8.92479 8.93459 8.68158 7.19016 6.46247 5.65967 2.95332 -9999 -9999 -9999 -9999 -9999 -9999
-9999 -9999 11.1157 11.5668 12.0612 12.1376 12.503 12.4629 12.3512 12.8632 13.0473 12.7925 12.6091 12.9433 12.9194 12.8746 12.801 11.8797 10.8133 9.19879 8.19496 7.57629 7.13842 6.54934 6.94609 6.82017 6.65251 6.83757 6.36752 5.42663 4.49899 2.76555 1.8275 -9999 2.2973 3.15842 4.75699 6.11598 6.97925 6.67049 7.68161 7.87025 8.45125 8.1102 7.34179 7.01035 6.98127 6.88073 7.5611 8.0202 8.34115 8.55727 8.82611 8.89486 8.96392 8.99298 9.00892 9.02498 9.02163 9.01625 8.9859 8.89055 8.20447 7.47735 5.90818 3.04037 -9999 -9999 -9999 -9999 -9999 -9999
-9999 9.79356 11.0604 11.8196 12.1105 12.3192 12.5028 12.6347 12.7714 12.903 12.9924 12.9496 12.2789 12.3327 12.4525 12.8322 12.8051 12.7218 12.1387 10.1744 9.49163 8.49521 7.20808 6.66658 6.93131 7.98039 7.92961 7.22866 6.44802 5.36654 4.68092 3.61699 1.57719 1.75916 2.67636 3.35925 4.44586 6.10697 7.272 7.7927 7.9903 8.39855 8.61234 8.14273 7.69583 7.50859 7.16139 7.11273 7.11574 7.52702 7.846 8.56115 8.80157 8.91139 8.9679 8.99853 9.02087 9.04277 9.05044 9.03675 9.03728 9.03128 8.97979 8.01284 5.59474 3.77227 -9999 -9999 -9999 -9999 -9999 -9999
-9999 -9999 10.8216 11.1524 11.2351 11.3839 11.6941 12.0529 12.5612 12.6244 12.9055 12.9028 12.324 11.6572 12.2371 12.4676 12.7067 12.714 12.6389 10.9839 10.1187 9.43657 8.2021 8.64143 9.05967 9.0878 8.8292 7.33039 5.83776 4.11377 2.50736 2.4283 1.56354 2.0189 2.62454 4.18117 5.27714 5.72229 6.04259 7.73184 8.17074 8.32146 8.75433 8.16583 8.01613 7.57381 7.70592 7.66766 7.67072 6.44463 7.67401 7.74768 8.55029 8.91241 8.99448 9.0174 9.0417 9.04596 9.05088 9.04728 9.05522 9.04236 9.02829 8.39947 5.33318 3.79226 -9999 -9999 -9999 -9999 -9999 -9999
-9999 -9999 -9999 -9999 10.9143 11.1653 11.3246 11.6044 12.4695 12.7012 12.8548 12.8664 12.6083 11.9483 11.7746 11.8956 11.2527 11.7905 12.5251 12.5053 12.414 10.9606 10.2142 10.9291 10.7067 9.61207 8.74962 7.89839 6.15138 4.86807 3.02736 1.64487 1.59097 3.11269 4.37704 5.95225 6.64781 6.25311 6.68297 7.52126 8.4745 8.93589 8.82818 8.20777 8.12033 7.43801 8.10966 8.16768 7.85617 7.58705 7.69352 8.0911 8.24342 8.8716 9.02441 9.05226 9.05774 9.06084 9.05847 9.05497 9.04682 9.03973 9.03022 9.00098 5.84905 3.39577 -9999 -9999 -9999 -9999 -9999 -9999
-9999 -9999 -9999 -9999 10.3057 10.4564 10.8618 11.9113 12.4563 12.6762 12.6664 12.768 12.5858 12.0052 11.4098 10.8485 10.1242 10.5383 11.6335 12.2781 12.3495 11.0751 11.7325 11.4809 10.9885 9.55801 8.50263 7.94113 6.2637 4.82375 3.59817 1.90755 2.62777 3.42176 4.44258 6.16126 7.32141 7.79873 7.39959 7.93657 9.03334 9.04044 8.44206 8.48188 8.11637 7.18373 8.15588 8.42989 8.21017 8.26802 8.18497 8.33368 8.60372 8.86208 9.03417 9.05815 9.06152 9.05643 9.05641 9.0569 9.04451 9.04494 9.03537 9.01839 6.98349 3.34676 -9999 -9999 -9999 -9999 -9999 -9999
-9999 -9999 -9999 -9999 -9999 9.74624 10.6778 12.0724 12.4128 12.3782 12.665 12.6885 12.4094 12.1675 11.4447 10.4573 8.56001 9.04322 10.0512 11.5045 12.2669 12.161 11.7311 10.9885 9.19662 7.6278 7.43351 7.17315 5.94788 4.83739 3.47521 4.26047 5.12144 6.06413 6.55946 6.43065 7.42483 8.23576 7.89273 8.55119 9.31918 8.97235 8.76756 8.59579 8.17342 8.1486 8.19335 8.74579 8.36481 8.60022 8.60535 8.59336 8.72538 8.87714 9.03644 9.06325 9.06427 9.06734 9.04916 9.05559 9.04623 9.03677 9.02788 9.01317 8.82806 6.86815 5.69672 -9999 -9999 -9999 -9999 -9999
-9999 -9999 -9999 -9999 -9999 8.8788 9.341 10.9937 11.4985 12.228 12.6147 12.6313 12.1606 11.8983 10.8211 10.4721 8.71713 7.92227 8.5959 8.33629 10.3372 12.107 11.7168 8.13505 6.83513 5.90667 6.13994 6.1381 5.79427 3.90877 3.38825 5.06827 6.12584 6.94543 7.56745 7.69689 7.67602 8.94398 9.11329 9.52593 9.43735 9.4764 8.8375 8.44241 8.78766 8.38946 8.32205 8.89275 8.33228 8.84086 8.78022 8.62915 8.62252 8.95823 9.02708 9.06368 9.06642 9.05376 9.03706 9.02746 9.03807 9.03259 9.01343 9.01359 8.99445 8.75942 7.74502 7.38971 7.78096 -9999 -9999 -9999
-9999 -9999 -9999 -9999 -9999 -9999 7.79246 10.0912 11.1366 11.6869 12.4634 12.556 12.3034 11.8508 10.7539 9.78924 8.22031 6.42804 5.4782 8.3177 10.7883 12.0762 11.9022 8.92032 7.74109 7.68268 8.37106 7.78308 7.33638 5.90201 5.47295 4.87797 5.24196 6.38397 7.31787 8.21942 8.87516 8.92924 9.35511 9.60042 9.62126 9.69856 9.62412 9.5635 8.94552 9.37274 9.01164 9.20456 9.08183 8.9712 8.87447 8.52262 8.77355 8.99587 9.05396 9.07195 9.0592 9.05643 9.04714 9.02623 9.01685 9.01499 9.01232 9.00027 8.99924 8.98624 8.87162 8.26088 7.44358 6.41131 -9999 -9999
-9999 -9999 -9999 -9999 -9999 -9999 6.63876 8.92656 10.0241 11.4433 12.1706 12.4651 12.4261 12.0593 11.2258 9.97102 8.92547 6.92459 4.8465 7.82738 10.4815 11.9125 11.9856 9.47798 10.1684 9.60395 9.82662 8.79641 8.36657 8.02279 7.28347 6.47561 5.59081 5.12327 7.22092 8.29824 9.16541 9.57459 9.80612 9.92195 9.86095 9.70433 8.7734 9.48426 9.44555 9.37542 9.295 9.25652 9.18384 9.09813 9.04617 9.0293 8.79607 9.0625 9.05722 9.06149 9.06321 9.05649 9.04324 9.03142 9.01666 9.01681 9.00715 8.99732 8.99019 8.98503 8.97651 8.94196 8.77893 7.3932 6.5639 6.32992
-9999 -9999 -9999 -9999 -9999 -9999 3.41505 6.74554 9.41503 10.8126 11.9479 12.2604 12.3773 11.8849 11.5167 10.6172 9.76505 8.45017 6.48046 5.26683 7.49811 10.7411 11.9343 11.8364 11.7583 11.1065 10.5189 10.4419 10.4828 9.79621 8.80082 7.50464 7.0988 6.64449 8.20679 8.41875 8.30474 10.0229 10.0271 9.92975 9.2727 8.53789 8.67792 8.22372 8.57161 8.02901 8.52884 8.96106 9.12299 9.11044 9.05215 9.04537 9.02071 9.06762 9.0676 9.06076 9.05545 9.05255 9.04604 9.02577 9.01394 9.02049 9.00693 8.99602 8.9853 8.98223 8.97759 8.95182 8.92829 8.71437 8.39325 7.78134
-9999 -9999 -9999 -9999 -9999 -9999 3.5507 6.34779 8.72412 10.1457 11.5165 11.8342 12.2969 12.1969 11.8111 11.029 10.0516 8.96916 7.27908 6.02227 7.5135 9.66665 11.2069 11.7555 11.7465 11.7063 11.5566 11.4903 11.3169 11.1885 10.4763 9.25053 8.55859 7.5466 9.28766 9.4829 9.21046 10.0796 10.036 8.72181 7.71139 7.58557 8.20304 7.61692 7.51248 7.1487 7.56167 8.66781 8.34469 8.40915 8.90915 8.99277 9.04635 9.06139 9.05857 9.05672 9.04857 9.05003 9.05125 9.03138 9.02187 9.01681 8.99705 8.99369 8.97972 8.96838 8.95868 8.94451 8.9231 8.86166 8.7931 8.86112
-9999 -9999 -9999 -9999 -9999 -9999 3.60313 5.48256 7.621 9.71634 11.1802 11.7704 12.2003 12.1954 11.7467 11.3576 10.7446 9.79211 9.13815 8.00337 6.44622 9.05148 9.84942 10.5587 10.8534 11.5942 11.5729 11.2292 10.825 11.1905 11.0791 10.11 9.79081 9.25273 10.2208 10.2228 10.1957 10.1437 9.03325 7.48986 6.25625 7.14398 6.95855 7.36712 6.10323 7.14158 7.97786 8.24945 7.68328 7.26231 8.56432 8.78108 8.91032 8.99335 9.04807 9.03556 9.04929 9.04187 9.03811 9.0338 9.02234 9.01515 9.00328 8.99107 8.98022 8.97047 8.95494 8.93458 8.93259 8.89974 8.88638 8.87351
-9999 -9999 -9999 -9999 -9999 -9999 -9999 4.36375 7.07029 9.49164 10.8395 11.6871 12.0998 12.0918 11.8621 11.5975 11.2168 10.5291 9.66521 8.30061 7.28686 7.92679 8.70841 8.79235 9.31062 10.8191 11.3326 10.5982 8.78025 9.84429 11.0338 11.0133 10.9108 10.7965 10.6504 10.5189 10.2317 9.46308 7.10884 6.64547 5.72193 5.82682 5.35307 6.38869 6.00028 7.06333 7.52417 7.69834 6.71588 6.92163 8.07751 8.53548 8.46046 8.74185 9.01114 9.02058 9.02878 9.02223 9.02823 9.03044 9.02592 9.01284 9.00364 8.99672 8.97544 8.97619 8.88815 8.83079 8.71506 8.85736 8.87065 8.878
-9999 -9999 -9999 -9999 -9999 -9999 -9999 3.81271 6.51908 9.37097 10.286 11.1997 11.9883 12.0031 11.6521 11.318 10.9738 10.5818 9.53429 8.51819 7.5478 7.22061 7.41346 7.3946 8.23514 10.2015 10.5802 10.4152 8.51478 7.87361 9.46334 10.7994 10.9039 10.782 9.20788 9.54271 8.69358 7.54212 7.22517 6.72119 5.65628 6.16885 5.38886 5.72332 5.63326 6.23678 6.53117 7.24915 6.39292 6.39451 7.5295 8.10232 8.11757 8.71872 8.93361 8.9905 9.00533 9.01604 9.0191 9.02891 9.02366 9.01504 9.00349 8.97493 8.90671 8.6974 7.55778 7.5591 7.87152 8.16723 8.70468 8.85715
-9999 -9999 -9999 -9999 -9999 -9999 -9999 4.11888 5.99645 8.52684 10.4011 10.5181 11.4291 11.899 11.5172 11.0873 10.6474 10.4543 9.31443 8.06225 7.05005 5.85208 6.04706 6.9037 8.30464 9.57418 9.79935 9.5343 8.51063 8.98767 10.0715 10.6467 10.8158 10.6814 10.3382 10.1399 9.51448 9.24338 8.37505 7.01746 6.48272 6.82134 5.38018 5.48094 6.01395 5.44719 6.38068 6.82759 5.72173 6.59888 7.60233 8.11582 8.56489 8.77794 8.8634 8.99391 8.9981 9.0097 9.01622 9.01482 9.01516 8.99445 8.97729 8.85656 8.67835 7.61695 7.17505 7.26189 7.75271 8.18254 8.63325 8.81745
-9999 -9999 -9999 -9999 -9999 -9999 -9999 4.43173 6.12212 8.31596 9.65191 9.89015 10.9004 11.7987 11.6975 11.2502 11.1132 10.6494 9.68257 8.61458 7.44723 6.87878 5.574 6.85489 7.86626 8.94125 9.44311 8.59947 8.18015 8.91888 9.65347 9.94642 10.6887 10.6811 10.4385 9.39425 8.88496 9.09998 8.88118 8.49811 7.56365 7.52202 6.92179 6.67322 6.43849 5.67474 6.16152 6.21046 6.34376 7.39574 7.91836 8.26519 8.58075 8.66427 8.80197 8.98035 8.99678 9.00386 9.00367 9.00752 8.9949 8.94477 8.90252 8.6596 8.22933 7.42621 6.12493 7.04299 8.00299 8.29104 8.57003 8.71521
-9999 -9999 -9999 -9999 -9999 -9999 -9999 4.13569 5.93157 7.80636 8.58958 8.72171 10.5507 11.6704 11.6714 11.4589 11.2108 10.0668 10.1327 9.9028 8.84976 7.31641 5.63242 5.78851 6.78783 8.20791 8.67676 7.28933 6.8019 7.15847 8.26984 9.26474 10.3037 10.5673 10.2619 8.6365 6.90933 7.71018 8.56595 8.56118 8.31009 7.44352 7.16839 6.91938 6.28722 5.21567 5.37284 5.6708 6.86628 7.24566 7.83142 8.31807 8.13577 8.24378 8.70936 8.97684 8.98767 8.99315 9.00257 8.99702 8.98162 8.88152 8.77546 8.59712 7.47506 6.77747 5.76156 6.9445 7.59914 7.94918 8.57258 8.72155
-9999 -9999 -9999 -9999 -9999 -9999 -9999 3.5713 4.87415 6.66604 7.38754 8.53926 10.2676 11.1172 11.5241 11.5142 11.3485 10.8357 10.527 9.91941 8.82417 7.32692 5.66265 4.5786 5.12728 7.0378 7.48691 6.20845 5.56201 6.36467 7.54917 9.30363 10.3059 10.4408 10.3497 10.0143 8.75322 7.22975 7.23489 7.99896 7.35974 6.61681 7.0256 6.95011 6.32595 5.87202 5.59395 5.76852 6.44805 6.73089 7.40739 8.40551 8.54919 8.52172 8.94244 8.96425 8.97483 8.9914 8.99158 8.98836 8.97634 8.89493 8.71182 7.96526 7.31429 6.40845 6.2969 7.34957 7.81178 8.23996 8.54615 8.64631
-9999 -9999 -9999 -9999 -9999 -9999 -9999 2.60517 4.13831 5.8168 7.38848 8.87549 10.1552 10.2533 10.9279 10.9261 11.2792 11.1769 10.7015 10.1897 9.24605 7.32324 5.7061 3.9425 4.40556 6.35487 6.59721 5.74582 4.17394 5.79488 7.58267 9.203 10.0799 9.39141 10.0961 10.0379 9.56528 8.65833 7.2483 7.27503 6.21846 6.17264 6.71551 6.89187 6.80172 6.46106 5.91595 6.01106 6.42237 6.52854 7.15026 7.9247 8.68185 8.80974 8.9548 8.9618 8.96494 8.97749 8.97975 8.96471 8.92672 8.84167 8.21605 7.4719 7.01376 6.38296 6.30705 7.52028 8.00747 8.27675 8.54155 8.64651
-9999 -9999 -9999 -9999 -9999 -9999 -9999 -9999 3.97287 5.70692 6.98982 7.33445 8.47182 9.08557 9.56035 9.66492 11.0215 11.0954 10.7938 10.3238 9.51889 8.05967 7.04253 5.35096 4.13463 4.6289 4.85132 5.29664 5.16389 5.88623 7.60414 9.39408 9.58873 8.45056 8.61858 8.85629 9.38954 9.11883 7.19759 6.22156 5.41146 5.98719 6.59288 6.73963 6.76921 6.65265 6.5184 6.2832 7.09371 7.69361 7.8332 8.35636 8.74281 8.85006 8.93107 8.94175 8.95263 8.9536 8.93197 8.91652 8.82057 8.6045 7.90476 6.22076 6.30029 6.11891 5.59566 6.78289 7.53152 8.20152 8.55795 8.65061
-9999 -9999 -9999 -9999 -9999 -9999 -9999 -9999 3.38692 5.39343 5.81626 5.78354 5.11766 5.42271 7.88635 8.3818 9.68281 10.9147 10.8234 10.3624 9.60943 8.74004 7.39445 5.49229 3.98049 3.33249 4.95603 6.54881 6.87729 7.38587 8.43814 8.63742 7.47404 6.38315 6.9948 7.36316 8.76781 9.0241 8.75103 7.59353 6.27014 5.57943 6.39517 6.50438 6.55351 6.56338 6.53942 6.50225 7.41621 7.92205 8.27312 8.46453 8.79637 8.8818 8.90965 8.93594 8.93076 8.91453 8.86311 8.80455 8.54358 8.22748 7.0809 6.12516 5.52958 4.77331 6.48111 6.98983 7.69192 8.14742 8.50213 8.58066
