Test_Spring_2018b/02_18/Temp/20180225_017.txt
ncols	170
nrows	115
xllcorner	350000.000000
yllcorner	4445000.000000
cellsize	1000.000000
nodata_value	-9999.000000
[rows 31 to 61 of 115, columns 70 to 139 of 170]
5.18751 5.93633 6.21172 5.69112 5.74281 6.98994 7.26746 7.24876 7.14677 7.02805 6.43504 6.23662 5.76947 4.94673 4.60208 3.1387 -1.59347 -0.253267 0.271386 -1.09977 -0.332665 0.915256 -0.169022 -3.38937 -4.77558 -7.00928 -6.30365 -6.9742 -8.77238 -9999 -9999 -9999 -9999 -9999 -9999 -9999 -9999 -9999 -9999 -9999 -9999 -9999 -9999 -9999 -9999 -9999 -9999 -9999 -9999 -9999 -9999 -9999 -9999 -9999 -9999 -9999 -9999 -9999 -9999 -9999 -9999 -9999 -9999 -9999 -9999 -9999 -9999 -9999 -9999 -9999
5.33904 5.6815 5.6495 5.14804 5.92222 6.63499 6.19942 5.91982 7.09396 7.09385 6.69381 5.75427 5.40953 5.05213 4.83318 3.62819 0.247186 -2.80055 -1.16665 -1.12707 -2.2554 -0.228858 -1.29721 -4.08639 -8.02435 -5.88092 -6.43621 -9.22909 -9.91065 -9999 -9999 -9999 -9999 -9999 -9999 -9999 -9999 -9999 -9999 -9999 -9999 -9999 -9999 -9999 -9999 -9999 -9999 -9999 -9999 -9999 -9999 -9999 -9999 -9999 -9999 -9999 -9999 -9999 -9999 -9999 -9999 -9999 -9999 -9999 -9999 -9999 -9999 -9999 -9999 -9999
4.40287 5.25689 4.99421 4.77855 5.92928 5.90482 5.83381 6.25646 6.98684 7.13199 6.97609 6.56642 6.21183 5.83468 4.87752 3.49918 0.605771 -2.86328 -3.64952 -1.95057 -1.86803 -1.59384 -2.56741 -3.79047 -5.70463 -4.13366 -3.52231 -5.35973 -7.75419 -9.29206 -9999 -9999 -9999 -9999 -9999 -9999 -9999 -9999 -9999 -9999 -9999 -9999 -9999 -9999 -9999 -9999 -9999 -9999 -9999 -9999 -9999 -9999 -9999 -9999 -9999 -9999 -9999 -9999 -9999 -9999 -9999 -9999 -9999 -9999 -9999 -9999 -9999 -9999 -9999 -9999
3.14178 4.60748 4.20959 3.09275 3.78606 4.30657 5.27977 5.53302 5.67778 7.05094 6.97846 6.91511 6.32916 5.86067 5.08424 3.75781 1.86922 -0.40467 -4.36424 -1.92139 -0.00816098 -0.0558551 -0.159111 -1.01548 -2.85437 -1.31239 -1.23802 -3.57987 -6.23928 -7.80783 -8.45558 -9999 -9999 -9999 -9999 -9999 -9999 -9999 -9999 -9999 -9999 -9999 -9999 -9999 -9999 -9999 -9999 -9999 -9999 -9999 -9999 -9999 -9999 -9999 -9999 -9999 -9999 -9999 -9999 -9999 -9999 -9999 -9999 -9999 -9999 -9999 -9999 -9999 -9999 -9999
-9999 3.69872 3.31546 1.95126 2.64875 3.5797 4.90224 5.58537 6.10336 6.51426 6.93336 6.88429 6.28469 4.51295 4.26034 4.18417 2.94917 0.35676 -2.23214 -2.90213 0.0159179 0.852046 0.683343 1.33635 -0.221086 0.517823 0.217862 -0.605508 -3.16928 -5.50615 -6.47254 -8.38448 -9999 -9999 -9999 -9999 -9999 -9999 -9999 -9999 -9999 -9999 -9999 -9999 -9999 -9999 -9999 -9999 -9999 -9999 -9999 -9999 -9999 -9999 -9999 -9999 -9999 -9999 -9999 -9999 -9999 -9999 -9999 -9999 -9999 -9999 -9999 -9999 -9999 -9999
-9999 -9999 -9999 -9999 1.10791 2.38329 3.43563 4.72144 5.83001 6.38631 6.92677 6.88383 5.68502 5.09892 5.0482 4.23919 2.8134 1.91882 0.289063 -1.40886 -0.758965 1.72977 0.624653 2.38865 2.24136 2.56728 1.39144 -0.827977 -3.81084 -5.54582 -6.40979 -7.95834 -9999 -9999 -9999 -9999 -9999 -9999 -9999 -9999 -9999 -9999 -9999 -9999 -9999 -9999 -9999 -9999 -9999 -9999 -9999 -9999 -9999 -9999 -9999 -9999 -9999 -9999 -9999 -9999 -9999 -9999 -9999 -9999 -9999 -9999 -9999 -9999 -9999 -9999
-9999 -9999 -9999 -9999 -9999 2.16535 2.96778 4.68631 5.57446 5.93576 6.80728 6.80987 6.35619 6.01381 5.51664 4.86704 3.79563 2.61351 1.08071 0.939606 2.53182 2.55264 2.22161 2.48454 3.30401 3.09069 1.27394 -1.86331 -3.52336 -6.90269 -8.34729 -8.19606 -9.21933 -9999 -9999 -9999 -9999 -9999 -9999 -9999 -9999 -9999 -9999 -9999 -9999 -5.28618 -9999 -9999 -9999 -9999 -9999 -9999 -9999 -9999 -9999 -9999 -9999 -9999 -9999 -9999 -9999 -9999 -9999 -9999 -9999 -9999 -11.4966 -9999 -9999 -9999
-9999 -9999 -9999 -9999 2.01807 3.09801 3.93378 5.01133 5.11683 5.75852 6.76061 6.77597 6.45447 6.09103 5.27299 5.07072 4.46107 3.17751 2.91546 3.43675 3.67747 3.95043 4.11927 3.98533 3.65636 3.2309 2.06732 0.610988 -0.365087 -3.45409 -5.00895 -6.4994 -8.75719 -10.523 -9999 -9999 -9999 -9999 -9999 -9999 -9999 -6.44169 -6.52684 -6.48808 -5.99364 -4.62599 -5.43203 -9999 -9999 -9999 -9999 -9999 -9999 -9999 -9999 -9999 -9999 -9999 -9999 -9999 -9999 -9999 -9999 -9999 -9999 -9999 -10.241 -12.0255 -9999 -9999
-9999 -9999 -9999 -9999 2.32942 3.45865 4.02309 5.06989 5.6693 6.06267 6.41069 6.74329 6.68835 6.28607 5.67366 5.67818 4.8339 4.37893 4.05427 4.75905 4.89919 4.61801 4.26538 3.95415 3.07063 2.97103 2.69456 1.77199 0.255302 -1.30755 -3.56822 -6.63369 -9.64002 -12.0644 -9999 -9999 -9999 -9999 -9999 -9999 -6.16497 -5.0286 -4.34865 -5.79917 -4.56336 -3.43397 -3.61644 -4.71111 -9999 -9999 -9999 -9999 -9999 -9999 -9999 -9999 -9999 -9999 -9999 -9999 -9999 -9999 -1.76421 -3.59322 -7.28479 -9.17911 -10.3174 -11.9407 -9999 -9999
-9999 -9999 -9999 -9999 2.11824 3.45206 4.35614 5.15891 5.28843 6.11275 6.47131 6.65042 6.63026 6.55108 6.43872 5.70189 5.38518 4.27115 5.33796 5.29829 5.02943 3.96246 3.50116 1.66922 0.864895 0.695956 2.24267 1.1072 -1.26823 -4.23878 -7.80509 -8.03878 -9.21691 -11.3827 -9999 -9999 -9999 -9999 -9999 -9999 -5.79205 -4.57688 -3.56332 -3.41762 -4.85999 -2.85206 -2.92757 -4.05448 -4.31155 -3.39087 -2.92435 -3.26888 -2.17656 -1.85417 -2.3507 -1.80546 -9999 -9999 -9999 -9999 -1.48513 -1.41393 -1.36147 -2.12592 -6.15889 -8.91497 -11.3905 -11.6216 -9999 -9999
-9999 -9999 -9999 -9999 3.05347 3.87525 4.29164 4.36043 5.08132 5.80231 6.24513 6.57157 6.50724 6.48145 6.45387 6.20194 5.6162 5.72192 5.67491 5.33362 3.30096 0.928706 1.96538 0.556356 -2.45294 0.00625733 1.35759 0.0710158 -2.80785 -6.14669 -7.23157 -7.18575 -8.82544 -10.933 -9999 -9999 -9999 -9.09397 -7.35111 -7.19937 -6.6865 -5.06542 -3.8331 -2.90903 -2.27834 -2.29473 -2.96764 -4.07029 -5.26813 -4.84344 -2.6933 -2.16915 -1.73129 -1.39688 -1.85747 -1.61326 -1.03773 -0.740431 -0.680571 -0.816967 -0.849727 -0.80532 -0.877268 -1.59094 -5.2018 -7.26925 -8.59026 -11.2422 -9999 -9999
-9999 -9999 -9999 -9999 2.55279 3.26767 3.84707 4.8081 4.91121 5.51998 5.88265 6.41852 6.47952 5.85299 6.37133 6.30448 6.20764 6.00219 5.70127 3.98508 1.61987 -0.750667 -1.84362 -1.37058 -3.18139 -2.24161 -0.872012 -1.3654 -3.12238 -6.09585 -6.50949 -7.19253 -9.9591 -12.6175 -9999 -9999 -12.4544 -9.11025 -6.75602 -5.54221 -5.16718 -5.13287 -3.58014 -3.4608 -1.78947 -2.17845 -4.39738 -4.15091 -5.01915 -4.46264 -3.67139 -3.45529 -2.3173 -1.2323 -1.02535 -1.01965 -0.652696 -0.577006 -0.557774 -0.568203 -0.818212 -0.707253 -0.69328 -1.13997 -3.75569 -5.03397 -6.43922 -11.1847 -9999 -9999
-9999 -9999 -9999 -9999 2.93261 3.73182 4.60696 4.74997 5.39866 5.33169 5.14997 6.05336 6.3834 5.941 5.62238 6.20932 6.1684 6.09028 5.96191 4.3491 2.48312 -0.341639 -2.09551 -3.16338 -3.92189 -4.92655 -4.21998 -4.42804 -4.70878 -4.37169 -5.18385 -6.80835 -8.42205 -11.4527 -13.0875 -9999 -12.2544 -10.7442 -7.9445 -5.56626 -4.0577 -4.60285 -2.83731 -2.51251 -1.49064 -2.09257 -3.44203 -4.02017 -4.07356 -4.25152 -3.06133 -2.26417 -1.69545 -1.31722 -0.851589 -0.730722 -0.609422 -0.558518 -0.531129 -0.504215 -0.512023 -0.524118 -0.58058 -0.751328 -1.95688 -3.23039 -5.98224 -11.0106 -9999 -9999
-9999 -9999 -9999 0.614573 2.85371 4.19323 4.71281 5.0882 5.41914 5.65894 5.91133 6.14462 6.30652 6.23704 5.06477 5.16001 5.37013 6.03494 5.98732 5.84177 4.82195 1.38456 0.200534 -1.52777 -3.77178 -4.7033 -4.22687 -2.37611 -2.45107 -3.66451 -5.01771 -6.88888 -8.07872 -9.93197 -13.4995 -13.1743 -11.5637 -10.3657 -8.46283 -5.55588 -3.51939 -2.61253 -2.2723 -1.55555 -1.1864 -2.00908 -2.79545 -3.12656 -3.7372 -3.8244 -3.8205 -3.10109 -2.53683 -1.28981 -0.868773 -0.68023 -0.580751 -0.52697 -0.488259 -0.451058 -0.439558 -0.46623 -0.468662 -0.483044 -0.574142 -2.27146 -6.50889 -9.70635 -9999 -9999
-9999 -9999 -9999 -9999 2.45345 3.04356 3.19915 3.47018 4.02338 4.66076 5.56399 5.6806 6.17742 6.1741 5.16347 3.99641 5.01181 5.41484 5.83296 5.84573 5.71518 2.83067 1.32268 0.137202 -2.01379 -1.22696 -0.480728 -0.416944 -0.854887 -3.46465 -6.06384 -9.05989 -11.8614 -11.9898 -13.4956 -12.6943 -11.6292 -8.90115 -6.98211 -6.20497 -5.64823 -2.69541 -1.92739 -1.66601 -0.912652 -1.94769 -2.21385 -2.99178 -2.76313 -2.8322 -2.8283 -4.97639 -2.81819 -2.69032 -1.28562 -0.654711 -0.513469 -0.47311 -0.430913 -0.424552 -0.417824 -0.426832 -0.416293 -0.440365 -0.468169 -1.5731 -6.94658 -9.65097 -9999 -9999
-9999 -9999 -9999 -9999 -9999 -9999 2.6567 3.10725 3.3965 3.8958 5.42351 5.83513 6.10841 6.13145 5.68063 4.52475 4.21994 4.43094 3.30401 4.24804 5.53985 5.51075 5.35847 2.82303 1.53183 2.79736 2.42253 0.520796 -0.973893 -2.44889 -5.49293 -7.71705 -10.9286 -13.3393 -13.4253 -10.7541 -8.53691 -5.7764 -4.5588 -5.25269 -4.50435 -3.03743 -1.37273 -0.56957 -0.762982 -1.85395 -2.01119 -3.20949 -2.03601 -1.93654 -2.48362 -2.95593 -2.7646 -2.06967 -1.80402 -0.70485 -0.438118 -0.392297 -0.383048 -0.378669 -0.384675 -0.39344 -0.409427 -0.425033 -0.445162 -0.499949 -6.02334 -10.3254 -9999 -9999
-9999 -9999 -9999 -9999 -9999 -9999 1.61044 1.88559 2.60588 4.45299 5.42012 5.81087 5.79765 5.97783 5.65963 4.64272 3.59886 2.61461 1.34636 2.07308 3.99466 5.12952 5.2626 3.04102 4.20869 3.78226 2.93496 0.445623 -1.38651 -2.35373 -5.27561 -7.774 -9.90817 -12.8585 -11.5888 -10.1922 -8.4007 -5.38958 -3.35849 -2.52515 -3.22689 -2.29067 -0.37458 -0.366943 -1.41955 -1.35422 -1.99844 -3.63509 -1.93536 -1.45768 -1.84411 -1.74393 -1.88481 -1.62596 -1.15439 -0.703115 -0.402824 -0.361905 -0.357646 -0.367635 -0.36946 -0.37046 -0.394784 -0.397067 -0.417113 -0.45026 -4.01729 -10.3918 -9999 -9999
-9999 -9999 -9999 -9999 -9999 -9999 -9999 0.661533 2.30312 4.75459 5.36312 5.30789 5.8137 5.85687 5.36865 4.94459 3.6776 1.94716 -1.37562 -0.527703 1.24145 3.7926 5.13616 4.96122 4.22519 2.93895 -0.183751 -2.91522 -3.23926 -3.6791 -5.80915 -7.73073 -10.1043 -8.71891 -7.20297 -5.54613 -4.67505 -4.8993 -3.15898 -1.74108 -2.3451 -1.19598 0.144528 -0.467454 -0.830558 -1.13557 -1.87924 -1.92595 -1.8503 -0.885044 -1.55395 -1.14297 -1.12965 -1.15249 -0.922919 -0.658588 -0.380937 -0.335241 -0.334711 -0.330643 -0.364076 -0.354848 -0.373691 -0.393052 -0.411687 -0.440649 -0.768017 -4.20586 -6.26048 -9999
-9999 -9999 -9999 -9999 -9999 -9999 -9999 -0.837802 -0.0184496 2.88458 3.7809 5.06324 5.74377 5.77457 4.95079 4.49208 2.60428 1.9918 -1.0816 -2.47181 -1.28804 -1.73633 1.77642 4.88646 4.21984 -2.03835 -4.29964 -5.90988 -5.48542 -5.47283 -6.05968 -9.33878 -10.2388 -7.28689 -5.42703 -3.98607 -2.89333 -2.66467 -2.70217 -0.483577 -0.190505 0.528414 0.369186 0.433363 -0.689644 -1.38541 -0.784564 -1.48499 -1.60566 -0.608406 -1.59172 -0.702492 -0.804461 -1.07112 -1.08463 -0.498444 -0.379446 -0.316794 -0.313135 -0.336764 -0.367224 -0.386588 -0.370277 -0.382443 -0.418793 -0.421441 -0.457922 -0.874916 -2.65442 -3.27935
-9999 -9999 -9999 -9999 -9999 -9999 -9999 -9999 -2.7109 1.32312 3.16574 4.13395 5.49677 5.66056 5.22463 4.42953 2.50651 0.816039 -1.93118 -5.06765 -6.72709 -1.74788 2.5874 4.85354 4.56558 -0.642566 -2.69293 -2.77999 -1.55912 -2.57371 -3.34141 -5.83086 -6.57139 -7.60418 -6.95945 -4.95106 -3.31276 -1.73361 -0.586069 -0.49306 0.250453 0.675567 0.708426 0.840056 0.706023 0.596413 -0.489332 0.256002 -0.378851 -0.043148 -0.25992 -0.455233 -0.620359 -1.23888 -0.801592 -0.414243 -0.314314 -0.283479 -0.307671 -0.314034 -0.331513 -0.369114 -0.38991 -0.395492 -0.402697 -0.426462 -0.430978 -0.459053 -0.66266 -1.73484
-9999 -9999 -9999 -9999 -9999 -9999 -9999 -9999 -4.71172 -0.697512 1.23644 3.72592 5.00837 5.53021 5.45993 4.81552 3.35428 1.15611 -0.674141 -4.17562 -7.8103 -2.58472 2.07255 4.58892 4.72888 0.355343 1.57846 0.604454 1.00888 -0.781091 -1.52023 -2.10022 -3.38492 -4.79124 -6.32865 -7.1423 -3.46714 -1.5801 -0.0620978 0.653068 1.05662 1.25724 1.14872 0.867611 -0.765851 0.47604 0.405067 0.279691 0.13654 0.0670726 -0.0620816 -0.213854 -0.300396 -0.33247 -0.743297 -0.276451 -0.288193 -0.283052 -0.282005 -0.295349 -0.319786 -0.341463 -0.368124 -0.371138 -0.393725 -0.413355 -0.428294 -0.442575 -0.460231 -0.523279
-9999 -9999 -9999 -9999 -9999 -9999 -9999 -9999 -10.3373 -4.49774 0.198063 2.6483 4.64632 5.19286 5.39608 4.53227 3.88642 2.31087 0.819801 -1.48002 -4.92475 -7.0435 -3.12903 2.56045 4.66174 4.50747 4.38384 3.25594 2.24027 2.11857 2.20272 1.02183 -0.703451 -2.96697 -3.67017 -4.46292 -1.72534 -1.35366 -1.55372 1.45423 1.46005 1.28775 0.135204 -1.15263 -0.909138 -1.71301 -1.10663 -2.05914 -1.18595 -0.431015 -0.14931 -0.173048 -0.270344 -0.280529 -0.327015 -0.247732 -0.250551 -0.264974 -0.276312 -0.28304 -0.295724 -0.332227 -0.35377 -0.343033 -0.371149 -0.391533 -0.41824 -0.428872 -0.439597 -0.487199
-9999 -9999 -9999 -9999 -9999 -9999 -9999 -9999 -10.0692 -5.15716 -0.991719 1.51158 3.91258 4.46863 5.27801 5.10203 4.42583 3.05646 1.34644 -0.545989 -3.50094 -5.69547 -3.07585 0.703085 3.4116 4.38939 4.38469 4.32663 4.07677 3.98285 3.69022 3.48672 2.24667 0.109872 -1.09793 -2.86749 0.183118 0.525642 0.0483804 1.56967 1.4923 -0.810508 -2.58144 -2.80323 -1.72218 -2.75 -2.93516 -3.58154 -2.86027 -0.925038 -1.48685 -1.37619 -0.495474 -0.352439 -0.261755 -0.238521 -0.246275 -0.252019 -0.268401 -0.26756 -0.266795 -0.302686 -0.320229 -0.329892 -0.365301 -0.376644 -0.402472 -0.427382 -0.453854 -0.481122
-9999 -9999 -9999 -9999 -9999 -9999 -9999 -9999 -9.95153 -6.65114 -2.90261 0.781975 3.34639 4.38014 5.13258 5.12376 4.33807 3.65758 2.58601 0.921281 -0.21916 -2.20019 -4.91952 -0.348141 1.05835 2.31668 2.85451 4.16404 4.13876 3.54799 2.85959 3.50732 3.32407 1.63167 1.07637 0.136598 1.83357 1.83779 1.79045 1.69887 -0.246466 -2.95025 -5.11164 -3.55807 -3.8839 -3.16813 -5.38368 -3.55964 -2.09664 -1.62287 -2.6252 -3.36461 -1.07869 -0.702412 -0.47931 -0.336963 -0.243968 -0.268396 -0.246528 -0.261327 -0.269367 -0.278112 -0.299178 -0.312689 -0.334398 -0.356821 -0.382284 -0.404672 -0.433911 -0.463588
-9999 -9999 -9999 -9999 -9999 -9999 -9999 -9999 -9999 -8.58279 -3.82473 0.417544 2.77889 4.26348 4.98629 4.97248 4.57066 4.10872 3.44464 2.24414 0.736447 -1.64672 -3.41421 -2.28455 -0.90615 -0.743455 0.175307 2.82809 3.73806 2.46199 -0.697536 1.17923 3.26792 3.23636 3.06006 2.86209 2.60287 2.37349 1.87091 0.524733 -3.59853 -4.40525 -6.02293 -5.83962 -6.66975 -4.85469 -5.53711 -3.67658 -2.87097 -2.56769 -4.29028 -3.92177 -1.90174 -1.10339 -1.23844 -0.749185 -0.287363 -0.273358 -0.261207 -0.274558 -0.265636 -0.263092 -0.272159 -0.289177 -0.305906 -0.318756 -0.362613 -0.367176 -0.523352 -0.626058
-9999 -9999 -9999 -9999 -9999 -9999 -9999 -9999 -9999 -9.50826 -4.76568 0.230804 1.8346 3.43553 4.81725 4.84386 4.23019 3.64709 3.04706 2.36446 0.534997 -1.23827 -2.93044 -3.49527 -3.14862 -3.16706 -1.68506 1.76852 2.44133 2.16139 -1.1357 -2.25247 0.536603 2.88048 3.06642 2.85518 0.100055 0.687401 -0.799087 -2.81533 -3.37032 -4.25295 -6.11802 -5.2206 -6.58689 -6.00163 -6.15936 -5.10351 -4.5893 -3.33356 -4.83497 -4.82317 -2.83974 -1.84004 -1.81678 -0.767331 -0.394108 -0.297268 -0.273726 -0.256981 -0.25326 -0.237393 -0.24766 -0.263713 -0.284863 -0.335908 -0.456625 -0.830707 -2.83352 -2.83357
-9999 -9999 -9999 -9999 -9999 -9999 -9999 -9999 -9999 -8.94696 -5.6558 -1.22214 2.0619 2.26798 3.86454 4.68878 4.02172 3.27106 2.50355 2.16936 0.177935 -2.00921 -3.7752 -5.86576 -5.51627 -4.0076 -1.53987 0.692312 1.09523 0.639173 -1.12207 -0.281115 1.62165 2.63269 2.93178 2.69868 2.09925 1.75295 0.658482 0.184153 -1.33625 -3.71364 -4.65011 -4.05722 -6.58132 -6.40526 -5.47241 -6.4652 -4.83169 -4.05058 -5.98903 -4.44431 -2.69013 -1.7941 -1.01088 -0.640892 -0.494186 -0.268336 -0.263388 -0.245178 -0.235537 -0.239518 -0.240272 -0.277783 -0.309093 -0.521886 -0.835496 -2.69605 -3.48384 -3.33422
-9999 -9999 -9999 -9999 -9999 -9999 -9999 -9999 -9999 -8.37334 -5.40995 -1.56547 0.776143 1.19507 2.9659 4.54074 4.3654 3.58449 3.34775 2.5393 0.850596 -1.01441 -3.0527 -4.04151 -6.31928 -4.0685 -2.28374 -0.39317 0.493464 -0.950633 -1.67915 -0.380354 0.910431 1.42703 2.72981 2.7187 2.29558 0.468001 -0.423029 -0.0458933 -0.428713 -1.09937 -2.7358 -2.80878 -3.86016 -4.29586 -4.70749 -6.0451 -5.19386 -5.10962 -4.87872 -3.02659 -2.11429 -1.5099 -0.960268 -0.816937 -0.578575 -0.268799 -0.242422 -0.232181 -0.234432 -0.229441 -0.253153 -0.342508 -0.418098 -0.845185 -1.60055 -3.00905 -5.30262 -3.69747
-9999 -9999 -9999 -9999 -9999 -9999 -9999 -9999 -9999 -8.86556 -5.71739 -2.43147 -1.05754 -0.82408 2.381 4.34379 4.34789 3.97829 3.54678 1.54697 1.6667 1.26901 -0.569636 -3.24888 -6.19147 -5.91125 -4.15059 -1.65401 -0.825872 -3.22218 -4.07044 -3.44125 -1.49084 0.254928 2.07731 2.5411 2.00796 -0.83718 -3.86096 -2.45781 -0.958714 -0.966843 -1.40652 -2.92422 -3.40629 -3.8428 -4.95046 -6.83013 -6.55293 -6.03253 -3.92865 -3.26691 -2.24385 -1.3944 -1.71644 -1.53004 -0.717329 -0.251428 -0.234824 -0.227455 -0.213016 -0.22469 -0.253559 -0.430723 -0.618394 -0.932728 -2.8999 -4.12388 -5.91172 -3.84958
-9999 -9999 -9999 -9999 -9999 -9999 -9999 -9999 -9999 -9.8274 -7.54259 -4.40168 -3.13559 -1.11626 1.91276 3.40297 4.11786 4.10325 3.81612 2.92157 2.38479 1.32532 -0.587748 -3.20433 -6.113 -8.00518 -7.03781 -3.67929 -2.87723 -5.09176 -6.2188 -4.8086 -2.73024 0.345669 2.10365 2.3422 2.18447 1.59847 -0.608952 -3.27628 -3.26687 -1.92862 -3.04808 -4.34933 -3.63379 -3.76649 -4.8602 -5.65592 -6.14315 -5.84024 -4.63846 -4.14566 -2.96351 -1.21814 -0.969113 -1.01978 -0.285511 -0.249737 -0.233559 -0.206803 -0.208693 -0.216498 -0.239693 -0.384456 -0.70739 -2.01718 -3.15968 -4.74869 -4.94683 -3.11962
-9999 -9999 -9999 -9999 -9999 -9999 -9999 -9999 -9999 -11.4926 -8.80443 -5.86194 -3.10674 -0.499999 1.74367 1.91782 3.10175 3.1014 3.72259 3.54668 2.71777 1.82567 0.177566 -3.18479 -6.01141 -9.09417 -8.27719 -4.85472 -4.3924 -5.8782 -8.6261 -5.78297 -2.64813 0.192924 1.73153 0.528146 1.76411 1.6636 0.83693 -0.750719 -3.21973 -3.17285 -5.02335 -5.10394 -4.15374 -3.84552 -4.00416 -4.60158 -5.56018 -5.3929 -4.66061 -4.47709 -3.3907 -2.03688 -0.713316 -0.491727 -0.240039 -0.23012 -0.226942 -0.207268 -0.20564 -0.234339 -0.303285 -0.454734 -1.55295 -2.85888 -3.66406 -4.77174 -4.90778 -2.79313
