Test_Spring_2018b/02_18/Temp/20180201_005.txt
ncols	170
nrows	115
xllcorner	350000.000000
yllcorner	4445000.000000
cellsize	1000.000000
nodata_value	-9999.000000
[rows 31 to 61 of 115, columns 71 to 141 of 170]
7.67392 7.85485 7.47477 7.49803 8.36225 8.54485 8.51841 8.42694 8.33009 7.89899 7.74602 7.40366 6.81069 6.55465 5.51011 2.16173 3.09299 3.44936 2.4695 2.99654 3.86233 3.08431 0.800733 -0.190275 -1.77865 -1.28978 -1.77646 -3.05754 -9999 -9999 -9999 -9999 -9999 -9999 -9999 -9999 -9999 -9999 -9999 -9999 -9999 -9999 -9999 -9999 -9999 -9999 -9999 -9999 -9999 -9999 -9999 -9999 -9999 -9999 -9999 -9999 -9999 -9999 -9999 -9999 -9999 -9999 -9999 -9999 -9999 -9999 -9999 -9999 -9999 -9999 -9999
7.48309 7.44742 7.08087 7.61337 8.10259 7.7811 7.56722 8.37857 8.3653 8.07019 7.39486 7.13874 6.87369 6.7062 5.84372 3.44758 1.28625 2.42438 2.43876 1.62992 3.04447 2.27769 0.297992 -2.49143 -0.994862 -1.40037 -3.37714 -3.87271 -9999 -9999 -9999 -9999 -9999 -9999 -9999 -9999 -9999 -9999 -9999 -9999 -9999 -9999 -9999 -9999 -9999 -9999 -9999 -9999 -9999 -9999 -9999 -9999 -9999 -9999 -9999 -9999 -9999 -9999 -9999 -9999 -9999 -9999 -9999 -9999 -9999 -9999 -9999 -9999 -9999 -9999 -9999
7.17258 6.97436 6.80928 7.6072 7.57686 7.51214 7.79335 8.29195 8.38106 8.258 7.9561 7.69301 7.41401 6.7262 5.74152 3.68899 1.2307 0.663134 1.84699 1.89153 2.07105 1.37106 0.495133 -0.867958 0.225123 0.641831 -0.661166 -2.36449 -3.46359 -9999 -9999 -9999 -9999 -9999 -9999 -9999 -9999 -9999 -9999 -9999 -9999 -9999 -9999 -9999 -9999 -9999 -9999 -9999 -9999 -9999 -9999 -9999 -9999 -9999 -9999 -9999 -9999 -9999 -9999 -9999 -9999 -9999 -9999 -9999 -9999 -9999 -9999 -9999 -9999 -9999 -9999
6.70358 6.41012 5.60994 6.08552 6.4393 7.10719 7.26942 7.35825 8.31285 8.24858 8.19075 7.76459 7.42119 6.86074 5.91262 4.56826 2.95227 0.14818 1.85631 3.19107 3.14371 3.05708 2.43956 1.12948 2.20209 2.24029 0.580273 -1.31007 -2.4294 -2.8997 -9999 -9999 -9999 -9999 -9999 -9999 -9999 -9999 -9999 -9999 -9999 -9999 -9999 -9999 -9999 -9999 -9999 -9999 -9999 -9999 -9999 -9999 -9999 -9999 -9999 -9999 -9999 -9999 -9999 -9999 -9999 -9999 -9999 -9999 -9999 -9999 -9999 -9999 -9999 -9999 -9999
6.05178 5.76867 4.79421 5.27277 5.91586 6.83122 7.29547 7.64716 7.92358 8.20577 8.15799 7.72221 6.4603 6.26902 6.20206 5.31833 3.47785 1.63976 1.15401 3.19693 3.77244 3.63965 4.08587 2.97409 3.48063 3.25491 2.65914 0.842575 -0.819208 -1.51423 -2.87558 -9999 -9999 -9999 -9999 -9999 -9999 -9999 -9999 -9999 -9999 -9999 -9999 -9999 -9999 -9999 -9999 -9999 -9999 -9999 -9999 -9999 -9999 -9999 -9999 -9999 -9999 -9999 -9999 -9999 -9999 -9999 -9999 -9999 -9999 -9999 -9999 -9999 -9999 -9999 -9999
-9999 -9999 -9999 4.17561 5.058 5.78361 6.67563 7.44354 7.82244 8.19017 8.14672 7.28863 6.86235 6.81337 6.22992 5.21173 4.56784 3.40575 2.1955 2.63985 4.38006 3.58725 4.8164 4.69839 4.91376 4.07062 2.48901 0.378582 -0.859266 -1.4823 -2.58773 -9999 -9999 -9999 -9999 -9999 -9999 -9999 -9999 -9999 -9999 -9999 -9999 -9999 -9999 -9999 -9999 -9999 -9999 -9999 -9999 -9999 -9999 -9999 -9999 -9999 -9999 -9999 -9999 -9999 -9999 -9999 -9999 -9999 -9999 -9999 -9999 -9999 -9999 -9999 -9999
-9999 -9999 -9999 -9999 4.89328 5.4429 6.64097 7.25252 7.494 8.09507 8.08373 7.75081 7.49632 7.13271 6.66164 5.89322 5.0467 3.95295 3.83991 4.94837 4.94919 4.70188 4.87302 5.43625 5.27145 3.97541 1.74789 0.563195 -1.82774 -2.86022 -2.76793 -3.5033 -9999 -9999 -9999 -9999 -9999 -9999 -9999 -9999 -9999 -9999 -9999 -9999 -0.893523 -9999 -9999 -9999 -9999 -9999 -9999 -9999 -9999 -9999 -9999 -9999 -9999 -9999 -9999 -9999 -9999 -9999 -9999 -9999 -9999 -5.49302 -9999 -9999 -9999 -9999 -9999
-9999 -9999 -9999 4.7947 5.53685 6.11279 6.85912 6.91939 7.35825 8.05137 8.04905 7.80933 7.54003 6.95032 6.79456 6.35161 5.43363 5.23549 5.5893 5.74522 5.92369 6.02861 5.91995 5.67364 5.35917 4.52164 3.48035 2.77748 0.5916 -0.519931 -1.58495 -3.19067 -4.44946 -9999 -9999 -9999 -9999 -9999 -9999 -9999 -1.67682 -1.74833 -1.73229 -1.39493 -0.442062 -1.02115 -9999 -9999 -9999 -9999 -9999 -9999 -9999 -9999 -9999 -9999 -9999 -9999 -9999 -9999 -9999 -9999 -9999 -9999 -9999 -4.6242 -5.89157 -9999 -9999 -9999 -9999
-9999 -9999 -9999 4.99736 5.78016 6.16487 6.88952 7.29886 7.56185 7.79402 8.01532 7.96352 7.6669 7.22216 7.21219 6.60395 6.26998 6.02774 6.51087 6.59588 6.38376 6.12106 5.88733 5.25004 5.16503 4.95264 4.28729 3.20314 2.08642 0.482887 -1.6925 -3.8261 -5.54938 -9999 -9999 -9999 -9999 -9999 -9999 -1.48443 -0.695217 -0.227381 -1.26082 -0.400822 0.38425 0.244738 -0.536729 -9999 -9999 -9999 -9999 -9999 -9999 -9999 -9999 -9999 -9999 -9999 -9999 -9999 -9999 1.37279 0.073679 -2.5378 -3.88239 -4.69398 -5.84746 -9999 -9999 -9999 -9999
-9999 -9999 -9999 4.83772 5.7647 6.38879 6.94145 7.01963 7.58727 7.82608 7.93926 7.91202 7.84318 7.75095 7.21856 6.9822 6.1838 6.92227 6.88074 6.67748 5.91149 5.57212 4.26648 3.68483 3.54837 4.62319 3.80751 2.11784 0.00869685 -2.52179 -2.69575 -3.54122 -5.08259 -9999 -9999 -9999 -9999 -9999 -9999 -1.23612 -0.391256 0.311864 0.403593 -0.623755 0.780661 0.717523 -0.0873792 -0.27946 0.358227 0.6755 0.419974 1.186 1.40077 1.03811 1.40953 -9999 -9999 -9999 -9999 1.57395 1.61325 1.63987 1.09124 -1.76059 -3.71221 -5.46597 -5.63618 -9999 -9999 -9999 -9999
-9999 -9999 -9999 5.48609 6.05219 6.33256 6.36794 6.86291 7.35775 7.65606 7.87196 7.81374 7.78269 7.75037 7.55987 7.13402 7.19536 7.14888 6.89478 5.44838 3.76237 4.47863 3.47183 1.33473 3.05171 3.98854 3.06606 1.02125 -1.34779 -2.12973 -2.10755 -3.27868 -4.78072 -9999 -9999 -9999 -3.54141 -2.32607 -2.23159 -1.88208 -0.751086 0.106279 0.748055 1.18198 1.15819 0.675927 -0.111745 -0.966784 -0.67864 0.825172 1.18261 1.48562 1.70856 1.37087 1.52787 1.92038 2.11697 2.14653 2.03823 2.00353 2.02382 1.96269 1.44982 -1.10204 -2.568 -3.5077 -5.3838 -9999 -9999 -9999 -9999
-9999 -9999 -9999 5.12273 5.6135 6.00877 6.67131 6.73091 7.14697 7.38939 7.75365 7.78385 7.32953 7.68207 7.62213 7.54095 7.38306 7.15768 5.93458 4.25377 2.56889 1.78411 2.10171 0.81023 1.45626 2.40579 2.04261 0.786124 -1.32561 -1.63315 -2.13184 -4.09239 -5.98142 -9999 -9999 -5.91045 -3.56721 -1.92101 -1.07796 -0.825502 -0.812675 0.270698 0.344122 1.51151 1.22525 -0.346675 -0.183492 -0.804179 -0.423084 0.121012 0.261281 1.05 1.8085 1.94111 1.9317 2.17687 2.21696 2.21762 2.1979 2.00998 2.07715 2.07665 1.7521 -0.100633 -1.0104 -2.00874 -5.36113 -9999 -9999 -9999 -9999
-9999 -9999 -9999 5.37847 5.9286 6.53225 6.61995 7.06409 7.00363 6.86246 7.48638 7.70582 7.38139 7.14419 7.54515 7.50348 7.43542 7.33169 6.18147 4.85248 2.84739 1.59668 0.828243 0.278184 -0.4485 0.033421 -0.129397 -0.343503 -0.122181 -0.710841 -1.87331 -3.02644 -5.17386 -6.34143 -9999 -5.78354 -4.73289 -2.77279 -1.10901 -0.057546 -0.452952 0.780601 0.999051 1.7074 1.27287 0.313862 -0.10547 -0.153936 -0.290545 0.536709 1.08827 1.47567 1.72946 2.04983 2.12128 2.19301 2.21533 2.22148 2.22788 2.21054 2.19095 2.14087 2.01094 1.15228 0.246473 -1.70115 -5.25249 -9999 -9999 -9999 -9999
-9999 -9999 3.74919 5.31222 6.24313 6.59618 6.84765 7.06787 7.22393 7.38878 7.54024 7.64174 7.57988 6.74117 6.79572 6.93109 7.38671 7.33995 7.22384 6.49117 4.05424 3.20444 1.9692 0.371778 -0.301525 0.0179146 1.30582 1.23645 0.364682 -0.605518 -1.94191 -2.79678 -4.11858 -6.64516 -6.43109 -5.31046 -4.47992 -3.15188 -1.11543 0.308226 0.936323 1.16553 1.6591 1.90907 1.31812 0.75581 0.51203 0.0709209 -0.00165009 -0.0104471 0.484597 0.868968 1.73646 2.01999 2.14336 2.19944 2.22353 2.23742 2.25089 2.24704 2.21713 2.20516 2.18554 2.11256 0.908085 -2.08883 -4.34983 -9999 -9999 -9999 -9999
-9999 -9999 -9999 5.01949 5.4222 5.51871 5.69664 6.07351 6.50982 7.13343 7.20296 7.54055 7.5256 6.80068 5.96569 6.66871 6.93991 7.22145 7.21692 7.11096 5.06204 3.98394 3.13271 1.60062 2.13815 2.64748 2.6757 2.35024 0.49412 -1.35448 -3.48384 -5.47451 -5.58077 -6.65771 -6.10585 -5.36982 -3.46097 -2.12153 -1.58609 -1.20524 0.864938 1.3948 1.56823 2.08891 1.34919 1.15357 0.594983 0.745481 0.685748 0.676992 -0.848919 0.65885 0.736286 1.71326 2.14533 2.23375 2.24816 2.26433 2.25591 2.24858 2.23107 2.22823 2.20177 2.17209 1.38479 -2.4106 -4.32386 -9999 -9999 -9999 -9999
-9999 -9999 -9999 -9999 -9999 5.12572 5.43018 5.62104 5.96007 7.02386 7.30137 7.48149 7.48532 7.1552 6.32799 6.10063 6.23656 5.4292 6.08054 6.97653 6.94111 6.81836 5.01554 4.08864 4.96394 4.68296 3.32571 2.25528 1.19873 -0.963574 -2.54902 -4.82875 -6.54371 -6.61975 -4.75205 -3.20293 -1.27125 -0.426161 -0.927439 -0.411505 0.610728 1.77331 2.32899 2.18247 1.4034 1.28456 0.429772 1.24622 1.30533 0.908291 0.563477 0.685061 1.16217 1.33636 2.09774 2.27229 2.29258 2.2854 2.27547 2.25906 2.24165 2.21944 2.1987 2.17545 2.12829 -1.77268 -4.81184 -9999 -9999 -9999 -9999
-9999 -9999 -9999 -9999 -9999 4.37764 4.55848 5.05315 6.34211 7.01085 7.27371 7.25197 7.36662 7.13003 6.40095 5.6527 4.94627 4.03916 4.53755 5.87745 6.6623 6.74056 5.15881 5.96476 5.64747 5.03336 3.26186 1.95348 1.25469 -0.821614 -2.60043 -4.12093 -6.21623 -5.33686 -4.36744 -3.11909 -1.01036 0.408067 0.983144 0.47679 1.12551 2.46527 2.46029 1.70822 1.74408 1.28201 0.118302 1.30567 1.63135 1.34758 1.40628 1.29378 1.4636 1.78297 2.08776 2.28599 2.30142 2.29152 2.27139 2.25786 2.24556 2.21779 2.20635 2.18307 2.15111 -0.371085 -4.87082 -9999 -9999 -9999 -9999
-9999 -9999 -9999 -9999 -9999 -9999 3.68507 4.82906 6.54398 6.96001 6.90857 7.25267 7.27079 6.9144 6.60318 5.69771 4.46537 2.1103 2.69408 3.92651 5.70949 6.64082 6.50144 5.96565 5.04233 2.82451 0.882313 0.636784 0.309672 -1.20858 -2.58086 -4.27007 -3.30962 -2.25665 -1.10381 -0.504131 -0.675781 0.537798 1.52479 1.0874 1.88612 2.82016 2.37841 2.11222 1.887 1.35478 1.3116 1.35433 2.02364 1.5408 1.81859 1.81483 1.7862 1.9351 2.10822 2.29057 2.30943 2.29658 2.28651 2.25059 2.24553 2.2215 2.19788 2.17545 2.14629 1.90722 -0.522869 -1.97892 -9999 -9999 -9999
-9999 -9999 -9999 -9999 -9999 -9999 2.61761 3.1821 5.21527 5.83413 6.7254 7.19264 7.20204 6.60914 6.27322 4.93031 4.48591 2.30661 1.3129 2.13275 1.80175 4.26189 6.43771 5.95085 1.52342 -0.0872438 -1.23916 -0.957095 -0.965274 -1.39581 -3.72478 -4.37537 -2.31076 -1.01533 -0.0145675 0.741379 0.88883 0.849459 2.40057 2.59567 3.0911 2.96803 3.00269 2.20079 1.70003 2.11533 1.61132 1.51561 2.20744 1.50302 2.11791 2.03294 1.83258 1.81029 2.21038 2.28104 2.31195 2.30128 2.27177 2.23769 2.21284 2.21345 2.19472 2.15959 2.14875 2.11447 1.81327 0.550945 0.102332 0.575357 -9999
-9999 -9999 -9999 -9999 -9999 -9999 -9999 1.27371 4.10397 5.38974 6.05959 7.00767 7.11075 6.79033 6.2178 4.85007 3.64586 1.6964 -0.527924 -1.71212 1.78211 4.82199 6.40312 6.18322 2.49595 1.03407 0.955801 1.79932 1.06737 0.509548 -1.26276 -1.80078 -2.54437 -2.10521 -0.705032 0.435595 1.53515 2.33095 2.38395 2.89575 3.18493 3.19706 3.27907 3.17398 3.08615 2.31266 2.82744 2.36924 2.59477 2.43057 2.28113 2.15168 1.70345 1.99901 2.25913 2.31651 2.32474 2.2948 2.27752 2.25262 2.21383 2.1897 2.17539 2.16055 2.13454 2.12249 2.09516 1.94326 1.17923 0.160435 -1.12356
-9999 -9999 -9999 -9999 -9999 -9999 -9999 -0.14729 2.66899 4.01906 5.76103 6.65201 7.00627 6.94463 6.47821 5.43584 3.87373 2.57048 0.0888693 -2.48714 1.18063 4.44731 6.20491 6.28731 3.18789 4.0333 3.33014 3.59847 2.32028 1.78282 1.35645 0.435121 -0.571541 -1.67115 -2.25915 0.317193 1.63375 2.69062 3.18204 3.45415 3.5835 3.49481 3.28849 2.1264 2.99085 2.93243 2.83337 2.72158 2.66145 2.55897 2.44023 2.36618 2.33138 2.02935 2.34543 2.3237 2.31458 2.30255 2.28045 2.25069 2.22312 2.19237 2.17941 2.15677 2.13335 2.11362 2.09573 2.07457 2.02148 1.80997 0.0894741
-9999 -9999 -9999 -9999 -9999 -9999 -9999 -4.12304 -0.0202977 3.27556 4.98991 6.38389 6.75687 6.88784 6.26664 5.79882 4.67543 3.61117 1.97645 -0.465665 -1.97373 0.769401 4.76346 6.22824 6.10271 5.99921 5.18785 4.4556 4.35346 4.39652 3.54685 2.31372 0.703332 0.192649 -0.380254 1.53536 1.78392 1.6299 3.73715 3.72884 3.59523 2.77094 1.85096 2.0108 1.43768 1.85653 1.17431 1.77865 2.29944 2.48647 2.45798 2.37632 2.35661 2.31159 2.35397 2.3395 2.31674 2.29612 2.27878 2.25737 2.21937 2.19218 2.18807 2.15807 2.13299 2.11001 2.09439 2.07776 2.03523 1.99561 1.72111
-9999 -9999 -9999 -9999 -9999 -9999 -9999 -3.94579 -0.497127 2.42587 4.17532 5.8551 6.23461 6.79263 6.65605 6.1667 5.18852 3.96988 2.62227 0.525372 -1.03601 0.795129 3.44225 5.33525 6.00772 5.98846 5.9314 5.73918 5.65521 5.43304 5.27239 4.38317 2.86166 1.99598 0.73473 2.87101 3.09903 2.7496 3.80901 3.74195 2.10665 0.846381 0.678052 1.42748 0.691259 0.552013 0.0906785 0.587782 1.9403 1.53209 1.59839 2.20599 2.29487 2.34527 2.34943 2.3316 2.3151 2.29105 2.27915 2.26729 2.22975 2.20535 2.18679 2.1504 2.13281 2.10406 2.07785 2.05628 2.02773 1.99039 1.90374
-9999 -9999 -9999 -9999 -9999 -9999 -9999 -3.87448 -1.5612 1.06788 3.64948 5.44426 6.16028 6.678 6.65907 6.09241 5.59963 4.8309 3.64376 2.82574 1.41492 -0.516582 2.68996 3.66467 4.53515 4.89674 5.80358 5.76972 5.33744 4.8357 5.27689 5.13184 3.92444 3.51877 2.84243 4.02475 4.01434 3.96787 3.89047 2.5068 0.588769 -0.94684 0.135908 -0.105811 0.386031 -1.18419 0.0886263 1.10823 1.43066 0.718713 0.185857 1.78373 2.03538 2.18063 2.26882 2.32211 2.29255 2.29557 2.27275 2.25474 2.23636 2.20947 2.18812 2.16127 2.13423 2.10717 2.08257 2.05188 2.01608 2.00251 1.95236
-9999 -9999 -9999 -9999 -9999 -9999 -9999 -9999 -2.93444 0.403135 3.38025 5.03179 6.06543 6.56212 6.53953 6.2433 5.90444 5.42281 4.56278 3.48591 1.79167 0.531033 1.31196 2.26669 2.36518 2.99694 4.8508 5.47641 4.56145 2.31731 3.6238 5.08113 5.04442 4.906 4.75259 4.55729 4.38224 4.0149 3.05321 0.134469 -0.447772 -1.60038 -1.48357 -2.08091 -0.814647 -1.30414 -0.0045658 0.551578 0.753714 -0.47194 -0.225799 1.18477 1.7359 1.62909 1.96217 2.28017 2.27779 2.27404 2.25232 2.24633 2.23592 2.21748 2.18901 2.1653 2.14462 2.10423 2.09226 1.97182 1.88938 1.73501 1.89922
-9999 -9999 -9999 -9999 -9999 -9999 -9999 -9999 -3.60121 -0.271716 3.2368 4.35426 5.46971 6.43062 6.43636 5.99069 5.56634 5.1298 4.63479 3.33119 2.06691 0.859516 0.446404 0.67548 0.645169 1.67419 4.09274 4.5515 4.33888 1.99665 1.19475 3.14587 4.78347 4.90045 4.73774 2.78239 3.18296 2.12213 0.68811 0.284109 -0.350672 -1.67774 -1.05775 -2.03308 -1.63291 -1.75344 -1.02113 -0.670496 0.202787 -0.867096 -0.872599 0.511955 1.20489 1.20958 1.93741 2.18855 2.24478 2.24924 2.24883 2.23918 2.2381 2.21864 2.19523 2.1684 2.12073 2.02423 1.75149 0.331539 0.321139 0.694819 1.04793
-9999 -9999 -9999 -9999 -9999 -9999 -9999 -9999 -3.2172 -0.910786 2.20091 4.50242 4.63464 5.7468 6.31455 5.83113 5.28861 4.734 4.48455 3.06686 1.51099 0.251714 -1.23651 -1.00521 0.0429206 1.76487 3.32287 3.59168 3.25518 1.99543 2.57349 3.90011 4.59847 4.79528 4.61722 4.18118 3.92373 3.13916 2.7918 1.70732 0.0189853 -0.653718 -0.248453 -2.03989 -1.92823 -1.28311 -1.99184 -0.852472 -0.313815 -1.69183 -0.619031 0.605576 1.22534 1.76554 2.01444 2.10589 2.25303 2.24439 2.24504 2.23961 2.22457 2.21185 2.17333 2.13931 1.97758 1.74502 0.422448 -0.139167 -0.044381 0.549076 1.06731
-9999 -9999 -9999 -9999 -9999 -9999 -9999 -9999 -2.82455 -0.749262 1.94706 3.58421 3.86628 5.10112 6.19775 6.06078 5.49687 5.31631 4.73262 3.52835 2.19962 0.748565 0.036996 -1.58316 -0.0117899 1.22892 2.54639 3.15634 2.11991 1.59183 2.49272 3.38815 3.73813 4.64239 4.62084 4.30907 3.00764 2.36642 2.61912 2.33634 1.85081 0.684724 0.620614 -0.13297 -0.452547 -0.755098 -1.70692 -1.11899 -1.07158 -0.922637 0.368367 0.999518 1.41363 1.78911 1.87818 2.03417 2.24042 2.24688 2.24192 2.22812 2.21943 2.19055 2.11548 2.05023 1.7374 1.19339 0.189252 -1.43362 -0.313294 0.858855 1.19485
-9999 -9999 -9999 -9999 -9999 -9999 -9999 -9999 -3.18308 -0.977684 1.32483 2.27984 2.43106 4.6766 6.04655 6.03596 5.76187 5.44402 4.0207 4.09103 3.79653 2.48631 0.583498 -1.50504 -1.32231 -0.0964346 1.64625 2.21515 0.507677 -0.104651 0.324434 1.68485 2.90121 4.17173 4.4849 4.09561 2.07702 -0.0673368 0.90845 1.95197 1.93333 1.61063 0.528253 0.175845 -0.14438 -0.93755 -2.27071 -2.08824 -1.73353 -0.267308 0.187137 0.896235 1.48295 1.24399 1.36334 1.92405 2.24028 2.23982 2.23282 2.23078 2.21035 2.17784 2.04087 1.89659 1.66316 0.26498 -0.609265 -1.87794 -0.433593 0.361257 0.774151
-9999 -9999 -9999 -9999 -9999 -9999 -9999 -9999 -3.87258 -2.27579 -0.0755984 0.803274 2.21302 4.33437 5.37115 5.86144 5.83751 5.6214 4.97708 4.58476 3.82393 2.46136 0.602835 -1.46167 -2.80986 -2.14277 0.207273 0.756232 -0.821369 -1.63007 -0.650449 0.800212 2.95408 4.17924 4.33369 4.209 3.7826 2.21358 0.32055 0.314143 1.24438 0.442552 -0.487315 0.00428364 -0.101874 -0.88528 -1.45862 -1.81096 -1.61144 -0.77938 -0.444103 0.377007 1.59504 1.75846 1.71063 2.21597 2.229 2.22819 2.23482 2.22126 2.20355 2.17502 2.06087 1.82122 0.886144 0.0690688 -1.06258 -1.21386 0.0676055 0.617431 1.13311
-9999 -9999 -9999 -9999 -9999 -9999 -9999 -9999 -5.0578 -3.17683 -1.11661 0.811646 2.63528 4.20303 4.3122 5.133 5.11909 5.54316 5.40534 4.80719 4.1644 2.98865 0.604623 -1.40194 -3.58913 -3.02792 -0.63041 -0.325575 -1.38713 -3.33812 -1.34854 0.846751 2.83512 3.90569 3.0439 3.90145 3.81721 3.22132 2.08922 0.336059 0.356147 -0.960917 -1.03051 -0.373545 -0.168987 -0.293414 -0.727048 -1.41085 -1.30789 -0.806849 -0.689647 0.0638598 1.00583 1.92646 2.07041 2.23555 2.23028 2.22025 2.22185 2.21074 2.17827 2.11748 1.99859 1.21249 0.280078 -0.299351 -1.09189 -1.19957 0.282238 0.859595 1.17864
