Test_Spring_2018b/02_18/Temp/20180217_017.txt
ncols	170
nrows	115
xllcorner	350000.000000
yllcorner	4445000.000000
cellsize	1000.000000
nodata_value	-9999.000000
[rows 32 to 63 of 115, columns 72 to 143 of 170]
10.8201 10.5384 10.9743 11.3758 11.1357 10.9746 11.6372 11.637 11.4118 10.8831 10.6889 10.4874 10.3638 9.68533 7.78263 6.06724 6.98527 7.00626 6.37007 7.50843 6.90562 5.33462 3.11726 4.3208 4.00613 2.43438 2.04705 -9999 -9999 -9999 -9999 -9999 -9999 -9999 -9999 -9999 -9999 -9999 -9999 -9999 -9999 -9999 -9999 -9999 -9999 -9999 -9999 -9999 -9999 -9999 -9999 -9999 -9999 -9999 -9999 -9999 -9999 -9999 -9999 -9999 -9999 -9999 -9999 -9999 -9999 -9999 -9999 -9999 -9999 -9999 -9999 -9999
10.4466 10.3257 10.9735 10.9603 10.9201 11.1593 11.5722 11.6537 11.5658 11.3351 11.1352 10.9226 10.3837 9.60762 7.97916 6.02673 5.58332 6.53775 6.58271 6.73531 6.18583 5.49583 4.41693 5.29843 5.64002 4.60549 3.25477 2.38642 -9999 -9999 -9999 -9999 -9999 -9999 -9999 -9999 -9999 -9999 -9999 -9999 -9999 -9999 -9999 -9999 -9999 -9999 -9999 -9999 -9999 -9999 -9999 -9999 -9999 -9999 -9999 -9999 -9999 -9999 -9999 -9999 -9999 -9999 -9999 -9999 -9999 -9999 -9999 -9999 -9999 -9999 -9999 -9999
10.0004 9.37265 9.76317 10.0565 10.6002 10.7499 10.8311 11.6034 11.5624 11.5265 11.1965 10.9325 10.4951 9.74823 8.68499 7.40485 5.1763 6.54918 7.62396 7.59546 7.53554 7.05179 6.01518 6.88032 6.91976 5.59987 4.10049 3.21573 2.84904 -9999 -9999 -9999 -9999 -9999 -9999 -9999 -9999 -9999 -9999 -9999 -9999 -9999 -9999 -9999 -9999 -9999 -9999 -9999 -9999 -9999 -9999 -9999 -9999 -9999 -9999 -9999 -9999 -9999 -9999 -9999 -9999 -9999 -9999 -9999 -9999 -9999 -9999 -9999 -9999 -9999 -9999 -9999
9.4927 8.7258 9.11871 9.64298 10.3838 10.7694 11.066 11.2969 11.5325 11.5046 11.1669 10.1697 10.027 9.98348 9.28789 7.82855 6.37103 5.9928 7.63279 8.10143 8.00464 8.3699 7.49154 7.90481 7.73355 7.26625 5.82211 4.5048 3.95868 2.88077 -9999 -9999 -9999 -9999 -9999 -9999 -9999 -9999 -9999 -9999 -9999 -9999 -9999 -9999 -9999 -9999 -9999 -9999 -9999 -9999 -9999 -9999 -9999 -9999 -9999 -9999 -9999 -9999 -9999 -9999 -9999 -9999 -9999 -9999 -9999 -9999 -9999 -9999 -9999 -9999 -9999 -9999
-9999 -9999 8.24734 8.96193 9.55596 10.279 10.9077 11.2206 11.5244 11.4999 10.8252 10.495 10.4659 10.0101 9.20721 8.70296 7.78498 6.82845 7.19248 8.59072 7.96706 8.9572 8.87197 9.05277 8.38862 7.13471 5.45573 4.47669 3.98796 3.11423 -9999 -9999 -9999 -9999 -9999 -9999 -9999 -9999 -9999 -9999 -9999 -9999 -9999 -9999 -9999 -9999 -9999 -9999 -9999 -9999 -9999 -9999 -9999 -9999 -9999 -9999 -9999 -9999 -9999 -9999 -9999 -9999 -9999 -9999 -9999 -9999 -9999 -9999 -9999 -9999 -9999 -9999
-9999 -9999 -9999 8.83491 9.2883 10.2554 10.7596 10.9628 11.4529 11.4542 11.1987 11.0056 10.7254 10.3593 9.75577 9.08977 8.22632 8.14553 9.03959 9.04944 8.86114 9.00672 9.46517 9.34242 8.31609 6.54711 5.61011 3.70756 2.89192 2.9741 2.39573 -9999 -9999 -9999 -9999 -9999 -9999 -9999 -9999 -9999 -9999 -9999 -9999 4.59713 -9999 -9999 -9999 -9999 -9999 -9999 -9999 -9999 -9999 -9999 -9999 -9999 -9999 -9999 -9999 -9999 -9999 -9999 -9999 -9999 1.10988 -9999 -9999 -9999 -9999 -9999 -9999 -9999
-9999 -9999 8.75037 9.35674 9.82735 10.434 10.4932 10.859 11.4226 11.4311 11.25 11.0453 10.5846 10.4702 10.1264 9.40341 9.25479 9.54659 9.68031 9.8319 9.92466 9.84682 9.65901 9.41669 8.75653 7.9339 7.38134 5.64221 4.76366 3.922 2.64884 1.65271 -9999 -9999 -9999 -9999 -9999 -9999 -9999 3.93851 3.89086 3.9131 4.1918 4.96178 4.50898 -9999 -9999 -9999 -9999 -9999 -9999 -9999 -9999 -9999 -9999 -9999 -9999 -9999 -9999 -9999 -9999 -9999 -9999 -9999 1.80988 0.806752 -9999 -9999 -9999 -9999 -9999 -9999
-9999 -9999 8.91953 9.55528 9.87334 10.4628 10.8005 11.0261 11.2219 11.409 11.3779 11.1514 10.8065 10.8085 10.3328 10.0759 9.89211 10.2871 10.3642 10.2039 10.0032 9.82539 9.32538 9.26608 9.10474 8.58201 7.72497 6.84193 5.56786 3.83981 2.14521 0.778243 -9999 -9999 -9999 -9999 -9999 -9999 4.08628 4.72572 5.10869 4.2934 4.98941 5.6256 5.5238 4.90688 -9999 -9999 -9999 -9999 -9999 -9999 -9999 -9999 -9999 -9999 -9999 -9999 -9999 -9999 6.56909 5.54082 3.46491 2.4001 1.76065 0.848303 -9999 -9999 -9999 -9999 -9999 -9999
-9999 -9999 8.79641 9.54732 10.0565 10.5088 10.5823 11.0511 11.2522 11.3531 11.3418 11.2971 11.2337 10.8187 10.6399 10.0123 10.6113 10.5874 10.4343 9.83193 9.56986 8.5364 8.08067 7.97992 8.84605 8.20316 6.86263 5.18727 3.1759 3.04267 2.37611 1.15424 -9999 -9999 -9999 -9999 -9999 -9999 4.28804 4.97202 5.54292 5.62585 4.81557 5.94625 5.90303 5.27023 5.12659 5.64528 5.90827 5.71258 6.33089 6.51232 6.23289 6.53936 -9999 -9999 -9999 -9999 6.71874 6.75909 6.78911 6.35976 4.0919 2.54244 1.15084 1.02164 -9999 -9999 -9999 -9999 -9999 -9999
-9999 -9999 9.31826 9.78121 10.0162 10.0557 10.462 10.8727 11.1214 11.3057 11.2696 11.2551 11.2395 11.0974 10.7673 10.826 10.7984 10.6049 9.45958 8.12285 8.70337 7.90699 6.20997 7.58801 8.34383 7.6155 5.99132 4.10832 3.49234 3.51578 2.58915 1.39922 -9999 -9999 -9999 2.42368 3.40308 3.48802 3.77667 4.68918 5.38337 5.90472 6.26093 6.25024 5.87436 5.25543 4.58276 4.82258 6.03277 6.328 6.57573 6.76387 6.50456 6.64181 6.96512 7.13192 7.16524 7.08833 7.06994 7.09519 7.05523 6.65448 4.62408 3.46213 2.72014 1.22322 -9999 -9999 -9999 -9999 -9999 -9999
-9999 -9999 9.03098 9.43379 9.76053 10.3044 10.3633 10.7067 10.9151 11.2162 11.2508 10.8985 11.1901 11.1523 11.0974 10.981 10.8106 9.8437 8.51124 7.17533 6.55767 6.82014 5.79764 6.32083 7.08669 6.80281 5.80802 4.13027 3.8926 3.50251 1.94382 0.444238 -9999 -9999 0.526851 2.40632 3.72966 4.41218 4.62347 4.64363 5.51835 5.587 6.52884 6.30906 5.06362 5.20377 4.71728 5.03142 5.47779 5.59974 6.23823 6.85133 6.96741 6.97012 7.17595 7.21796 7.22831 7.22217 7.08151 7.14419 7.15259 6.9021 5.43166 4.71371 3.92404 1.25042 -9999 -9999 -9999 -9999 -9999 -9999
-9999 -9999 9.24137 9.69169 10.1849 10.2663 10.6323 10.5973 10.4994 11.0081 11.1936 10.9451 10.766 11.0961 11.0727 11.0281 10.9548 10.046 8.99431 7.40275 6.4131 5.80858 5.37773 4.8052 5.19773 5.07552 4.91227 5.0965 4.63242 3.71229 2.79962 1.09221 0.168619 -9999 0.631374 1.47914 3.05309 4.39077 5.23992 4.93436 5.92909 6.11365 6.68809 6.35139 5.59532 5.27255 5.24395 5.14496 5.81527 6.26482 6.58318 6.79598 7.05989 7.12726 7.19478 7.22271 7.23753 7.25231 7.24784 7.24127 7.21007 7.11487 6.43779 5.72222 4.17558 1.34326 -9999 -9999 -9999 -9999 -9999 -9999
-9999 7.93462 9.19286 9.94719 10.2404 10.4528 10.6402 10.7764 10.9226 11.056 11.1477 11.1086 10.4495 10.5031 10.6211 10.9945 10.9666 10.8832 10.3074 8.37114 7.70176 6.72409 5.45719 4.92716 5.18985 6.2254 6.17749 5.48904 4.72199 3.66275 2.98629 1.93905 -0.0704335 0.108965 1.01228 1.68437 2.75387 4.38908 5.5354 6.0469 6.24012 6.64349 6.85325 6.39349 5.95434 5.77 5.4281 5.38032 5.3834 5.78862 6.10466 6.80674 7.04334 7.15054 7.20566 7.23509 7.25617 7.27664 7.28297 7.26818 7.26738 7.26019 7.20969 6.25624 3.86945 2.06721 -9999 -9999 -9999 -9999 -9999 -9999
-9999 -9999 8.96359 9.29639 9.38498 9.5387 9.85129 10.2114 10.7237 10.7903 11.0708 11.0705 10.5021 9.84576 10.4168 10.643 10.8772 10.8828 10.8073 9.18077 8.32879 7.65763 6.44278 6.8791 7.29322 7.32317 7.0707 5.5964 4.12805 2.43566 0.853966 0.77656 -0.0762508 0.372037 0.968345 2.50113 3.57976 4.01698 4.33105 5.99368 6.42633 6.57625 7.00244 6.42261 6.2763 5.84079 5.97119 5.93373 5.93691 4.72911 5.94192 6.01398 6.80399 7.15875 7.23855 7.26033 7.28327 7.28631 7.2899 7.28501 7.29151 7.27855 7.26115 6.64024 3.61825 2.09362 -9999 -9999 -9999 -9999 -9999 -9999
-9999 -9999 -9999 -9999 9.07582 9.33062 9.49484 9.77736 10.641 10.8737 11.0286 11.0425 10.7896 10.1399 9.96838 10.0866 9.45167 9.98073 10.705 10.6855 10.596 9.16524 8.43289 9.13922 8.92243 7.84642 6.9992 6.16295 4.44407 3.18566 1.3731 0.0115449 -0.0415542 1.4572 2.70159 4.25259 4.93668 4.54646 4.96842 5.79485 6.73339 7.18762 7.08139 6.47026 6.38537 5.71353 6.37556 6.43301 6.12632 5.86126 5.96774 6.35881 6.50807 7.12595 7.27538 7.30104 7.30539 7.30725 7.30362 7.29883 7.28887 7.28029 7.26938 7.23916 4.1328 1.70955 -9999 -9999 -9999 -9999 -9999 -9999
-9999 -9999 -9999 -9999 8.48321 8.63939 9.04616 10.087 10.6353 10.8564 10.8501 10.9525 10.7743 10.2027 9.61561 9.06149 8.34696 8.75402 9.83249 10.4677 10.5386 9.28428 9.93501 9.68939 9.20665 7.79992 6.7627 6.21192 4.56159 3.14873 1.94208 0.276863 0.986274 1.76798 2.77282 4.46481 5.60654 6.07557 5.68158 6.20988 7.28991 7.29672 6.70725 6.74667 6.38791 5.46957 6.42771 6.69798 6.48172 6.53875 6.45842 6.60421 6.86933 7.12275 7.29106 7.31337 7.31522 7.30896 7.30764 7.30654 7.29277 7.29161 7.28066 7.26253 5.25662 1.66763 -9999 -9999 -9999 -9999 -9999 -9999
-9999 -9999 -9999 -9999 -9999 7.94671 8.87177 10.2526 10.5992 10.5694 10.8552 10.8806 10.6067 10.3687 9.65604 8.68216 6.81192 7.28714 8.27985 9.71171 10.4635 10.3605 9.94027 9.21093 7.44814 5.90515 5.71624 5.4621 4.25717 3.16875 1.82741 2.60118 3.44913 4.37722 4.86429 4.73626 5.71443 6.51217 6.17332 6.82138 7.57763 7.23587 7.03428 6.86536 6.45067 6.42674 6.47128 7.01585 6.64071 6.8726 6.87905 6.86642 6.99544 7.14373 7.29932 7.32433 7.32394 7.32565 7.30637 7.31124 7.30048 7.28963 7.27937 7.2635 7.07993 5.1429 3.98737 -9999 -9999 -9999 -9999 -9999
-9999 -9999 -9999 -9999 -9999 7.09907 7.56157 9.19637 9.70488 10.4275 10.8116 10.83 10.3673 10.1095 9.04777 8.7028 6.97279 6.18905 6.85246 6.59703 8.56914 10.314 9.93292 6.40673 5.12859 4.21642 4.44866 4.44911 4.11239 2.26043 1.7481 3.40321 4.4447 5.25142 5.86323 5.98992 5.96801 7.21613 7.38189 7.78787 7.70037 7.73888 7.10972 6.7209 7.06248 6.67075 6.60481 7.16735 6.61532 7.11626 7.05786 6.9081 6.90041 7.22981 7.2962 7.33079 7.33195 7.31819 7.30049 7.28941 7.29837 7.29148 7.27116 7.26997 7.24992 7.01211 6.01125 5.66015 6.04505 -9999 -9999 -9999
-9999 -9999 -9999 -9999 -9999 -9999 6.04258 8.31352 9.35437 9.90025 10.668 10.7611 10.5161 10.0694 8.9877 8.03627 6.48972 4.7235 3.78776 6.58558 9.02048 10.2908 10.1228 7.18744 6.02814 5.97301 6.65348 6.07633 5.63811 4.23056 3.80817 3.22192 3.58002 4.70524 5.62457 6.51116 7.15586 7.20819 7.6272 7.86777 7.88817 7.96445 7.89144 7.83219 7.22487 7.6463 7.29101 7.48133 7.36047 7.2513 7.15733 6.80966 7.05562 7.27322 7.32894 7.34477 7.33086 7.32683 7.31645 7.29468 7.28335 7.28008 7.27605 7.26286 7.26066 7.24141 7.12696 6.52416 5.71836 4.70132 -9999 -9999
-9999 -9999 -9999 -9999 -9999 -9999 4.91251 7.17218 8.26442 9.66596 10.3884 10.6818 10.6431 10.281 9.45902 8.22192 7.19117 5.21963 3.17249 6.10979 8.72561 10.1368 10.2107 7.74418 8.42662 7.87285 8.09434 7.08134 6.65951 6.32642 5.59822 4.80211 3.93154 3.47106 5.53592 6.59573 7.44879 7.85101 8.07864 8.19267 8.13186 7.97716 7.06042 7.76121 7.72455 7.65599 7.57715 7.53944 7.46781 7.3831 7.33325 7.31551 7.08442 7.3464 7.33784 7.34065 7.34097 7.33305 7.31877 7.30597 7.29034 7.28829 7.27691 7.26592 7.25772 7.24596 7.23599 7.20074 7.03935 5.67391 4.85717 4.62794
-9999 -9999 -9999 -9999 -9999 -9999 1.74324 5.02961 7.67538 9.05475 10.1782 10.4865 10.6015 10.1158 9.75241 8.86548 8.0255 6.72997 4.78976 3.59486 5.79439 8.9908 10.168 10.0752 10.0004 9.3604 8.78342 8.70928 8.75099 8.08024 7.10249 5.82475 5.42605 4.97692 6.51446 6.72186 6.60839 8.30027 8.30398 8.20801 7.561 6.83631 6.97487 6.52675 6.87091 6.33683 6.82954 7.25546 7.41486 7.40213 7.34613 7.34001 7.31404 7.35595 7.35449 7.34631 7.33969 7.33552 7.32788 7.30676 7.294 7.29941 7.28338 7.27148 7.25886 7.24882 7.24262 7.21591 7.19178 6.98052 6.66411 6.0622
-9999 -9999 -9999 -9999 -9999 -9999 1.88891 4.65702 7.00116 8.40841 9.75991 10.0734 10.5291 10.4303 10.0497 9.27864 8.31548 7.24915 5.58456 4.3472 5.81745 7.94058 9.45984 10.004 9.9965 9.95875 9.81298 9.75266 9.58284 9.46229 8.76011 7.55474 6.87173 5.87331 7.58706 7.77809 7.50864 8.3641 8.32081 7.0261 6.03094 5.90747 6.51483 5.93806 5.83671 5.47706 5.88412 6.97385 6.65762 6.72055 7.21461 7.29553 7.34316 7.35651 7.35226 7.34896 7.33952 7.33963 7.33957 7.31881 7.30831 7.30223 7.2817 7.27522 7.26031 7.24158 7.22946 7.21402 7.19178 7.13047 7.06411 7.13158
-9999 -9999 -9999 -9999 -9999 -9999 1.94894 3.81179 5.92125 7.99263 9.43584 10.0178 10.4414 10.4364 9.99405 9.61047 9.00644 8.06826 7.42451 6.30741 4.77453 7.34252 8.13096 8.83332 9.12927 9.86089 9.84157 9.50418 9.11188 9.47167 9.36512 8.40933 8.09365 7.56222 8.51463 8.51539 8.48775 8.43577 7.34148 5.82096 4.60587 5.48081 5.29864 5.70001 4.45629 5.48218 6.30635 6.57391 6.01353 5.59819 6.88257 7.09026 7.21616 7.29647 7.34886 7.33503 7.34711 7.33842 7.33342 7.32794 7.31546 7.30719 7.29433 7.28111 7.26677 7.24914 7.23204 7.21215 7.20878 7.17429 7.16029 7.14763
-9999 -9999 -9999 -9999 -9999 -9999 -9999 2.71916 5.39416 7.78123 9.11011 9.94562 10.3524 10.3445 10.118 9.85727 9.48243 8.80537 7.95505 6.61178 5.61442 6.24642 7.01926 7.10544 7.61782 9.10551 9.61275 8.89029 7.10724 8.15945 9.33056 9.30933 9.20711 9.09318 8.94645 8.81584 8.53207 7.77422 5.45458 4.99972 4.09018 4.19397 3.72781 4.7469 4.36557 5.41323 5.8674 6.0389 5.07064 5.27604 6.408 6.85772 6.78223 7.05778 7.31972 7.32749 7.33407 7.32619 7.33073 7.33158 7.32584 7.31346 7.3032 7.29515 7.27016 7.26205 7.17334 7.11497 6.99927 7.13799 7.14987 7.1418
-9999 -9999 -9999 -9999 -9999 -9999 -9999 2.19125 4.85965 7.67081 8.57335 9.47412 10.2514 10.2661 9.9203 9.59137 9.25256 8.8669 7.83568 6.83569 5.88093 5.56 5.75149 5.73747 6.56707 8.50564 8.87988 8.71818 6.85875 6.22673 7.79217 9.1075 9.20928 9.08804 7.53621 7.86508 7.02777 5.89286 5.58032 5.08379 4.03486 4.54012 3.7721 4.10198 4.01256 4.60737 4.89745 5.60459 4.76064 4.76517 5.87591 6.43875 6.45219 7.04277 7.2528 7.3072 7.32021 7.32925 7.33081 7.33908 7.33254 7.32267 7.30989 7.28029 7.21156 7.00078 5.86801 5.86719 6.17298 6.46246 6.99086 7.12324
-9999 -9999 -9999 -9999 -9999 -9999 -9999 2.50204 4.35381 6.84821 8.6958 8.81177 9.70974 10.173 9.79713 9.37391 8.94088 8.75127 7.62906 6.3964 5.40033 4.22137 4.41475 5.25997 6.64461 7.89645 8.11922 7.85881 6.8637 7.3333 8.40046 8.96627 9.13191 8.99853 8.65945 8.46314 7.84633 7.57872 6.72296 5.38541 4.85864 5.19239 3.77284 3.87231 4.39755 3.83821 4.75778 5.1978 4.10789 4.9685 5.95573 6.46012 6.90095 7.10919 7.1917 7.3186 7.32108 7.33089 7.33575 7.33281 7.33159 7.3096 7.29104 7.17037 6.99301 5.94548 5.49626 5.5794 6.06059 6.48183 6.90679 7.08603
-9999 -9999 -9999 -9999 -9999 -9999 -9999 2.81983 4.48712 6.64998 7.9673 8.20289 9.19879 10.0842 9.98489 9.54462 9.41019 8.95384 8.00202 6.95072 5.80165 5.24268 3.95836 5.22133 6.22211 7.28208 7.77726 6.96066 6.54748 7.27492 7.99806 8.28595 9.01639 9.00803 8.76821 7.73866 7.23627 7.44757 7.23164 6.85404 5.93336 5.89235 5.30107 5.05623 4.82498 4.07134 4.55074 4.59864 4.72284 5.76192 6.27544 6.61565 6.92496 7.0056 7.13958 7.3136 7.32807 7.33333 7.33143 7.33348 7.31928 7.26805 7.22449 6.98315 6.55713 5.76371 4.46709 5.36876 6.31179 6.5757 6.84701 6.98717
-9999 -9999 -9999 -9999 -9999 -9999 -9999 2.53817 4.30935 6.15792 6.93081 7.06198 8.86464 9.96826 9.96982 9.76092 9.51694 8.39046 8.45603 8.23027 7.19365 5.68391 4.02581 4.18048 5.16692 6.5691 7.03162 5.67961 5.19931 5.55029 6.64471 7.62424 8.64712 8.90602 8.60439 7.00245 5.3003 6.08872 6.93136 6.92634 6.67875 5.82488 5.55372 5.30828 4.68536 3.62958 3.78288 4.07606 5.25019 5.62272 6.19845 6.67642 6.49528 6.60006 7.05705 7.31881 7.3277 7.33127 7.33868 7.33127 7.31407 7.21334 7.1066 6.92854 5.82064 5.1308 4.1185 5.27679 5.91858 6.24156 6.85204 6.99531
-9999 -9999 -9999 -9999 -9999 -9999 -9999 1.99247 3.27796 5.04493 5.75711 6.89287 8.59645 9.4342 9.8356 9.82639 9.66365 9.15897 8.85529 8.25733 7.17895 5.70459 4.06572 2.99848 3.53971 5.42612 5.87429 4.62459 3.98764 4.77815 5.9447 7.67262 8.6594 8.79168 8.70129 8.37024 7.12731 5.6259 5.63048 6.38277 5.75268 5.02047 5.4229 5.34826 4.73308 4.28558 4.01004 4.17427 4.84709 5.12451 5.78964 6.77153 6.91157 6.88291 7.29569 7.31542 7.32399 7.33837 7.33651 7.33117 7.31704 7.2344 7.05141 6.31317 5.66896 4.77352 4.66046 5.68096 6.11441 6.53123 6.82861 6.92317
-9999 -9999 -9999 -9999 -9999 -9999 -9999 1.05125 2.56367 4.21904 5.76891 7.23512 8.49691 8.59432 9.25957 9.2584 9.60665 9.50625 9.03828 8.53454 7.60527 5.71147 4.11884 2.38195 2.83869 4.76024 5.01752 4.17877 2.63015 4.22685 5.98782 7.58373 8.44718 7.76839 8.46205 8.40413 7.93794 7.04387 5.65421 5.68 4.63861 4.593 5.12737 5.3007 5.21147 4.87547 4.33768 4.42222 4.83092 4.9343 5.54551 6.30709 7.05155 7.17599 7.31724 7.32236 7.32354 7.33385 7.33386 7.31665 7.27664 7.19007 6.57076 5.83447 5.37974 4.75476 4.6763 5.85863 6.31124 6.57082 6.8268 6.92546
-9999 -9999 -9999 -9999 -9999 -9999 -9999 -9999 2.41156 4.12182 5.38736 5.72832 6.84997 7.45553 7.92398 8.02752 9.3643 9.43744 9.14049 8.67764 7.88491 6.44759 5.44585 3.77977 2.58193 3.0746 3.30755 3.74625 3.61544 4.32696 6.01921 7.78233 7.97377 6.8521 7.01715 7.25079 7.77553 7.50821 5.61484 4.65264 3.85392 4.42047 5.01657 5.16058 5.1892 5.07389 4.9332 4.70425 5.50158 6.0914 6.22772 6.74183 7.12118 7.22537 7.30357 7.31233 7.32109 7.31989 7.29619 7.27833 7.18091 6.9649 6.27213 4.60946 4.68392 4.50113 3.98138 5.1273 5.84581 6.50022 6.84583 6.93172
-9999 -9999 -9999 -9999 -9999 -9999 -9999 -9999 1.84537 3.82424 4.24269 4.21207 3.55739 3.85893 6.28673 6.7753 8.05726 9.27097 9.18106 8.72687 7.98503 7.12857 5.80305 3.92933 2.44031 1.81738 3.41638 4.98982 5.31346 5.81449 6.8511 7.04732 5.90103 4.82605 5.42822 5.79061 7.1738 7.4256 7.15582 6.01472 4.71018 4.02893 4.83181 4.9387 4.98648 4.99566 4.9634 4.9301 5.82871 6.32594 6.67068 6.8581 7.18379 7.2666 7.29251 7.31669 7.30962 7.29138 7.23817 7.1776 6.91728 6.60232 5.46888 4.52314 3.93192 3.18216 4.85967 5.33619 6.01382 6.45063 6.79386 6.86518
