Test_Spring_2018b/02_18/Temp/20180227_014.txt
ncols	170
nrows	115
xllcorner	350000.000000
yllcorner	4445000.000000
cellsize	1000.000000
nodata_value	-9999.000000
[rows 31 to 61 of 115, columns 71 to 141 of 170]
6.33003 6.55276 6.15393 6.20153 7.17012 7.38793 7.37981 7.28521 7.19939 6.7437 6.59631 6.23949 5.6054 5.34464 4.21083 0.525777 1.58004 1.99757 0.935137 1.54122 2.52213 1.68233 -0.825122 -1.90149 -3.6397 -3.08317 -3.60881 -5.00716 -9999 -9999 -9999 -9999 -9999 -9999 -9999 -9999 -9999 -9999 -9999 -9999 -9999 -9999 -9999 -9999 -9999 -9999 -9999 -9999 -9999 -9999 -9999 -9999 -9999 -9999 -9999 -9999 -9999 -9999 -9999 -9999 -9999 -9999 -9999 -9999 -9999 -9999 -9999 -9999 -9999 -9999 -9999
6.12837 6.11138 5.72773 6.33947 6.90312 6.55253 6.32739 7.24199 7.24887 6.94386 6.21803 5.95669 5.68569 5.5229 4.59061 1.95997 -0.410643 0.87253 0.911103 0.0378094 1.62648 0.799218 -1.37155 -4.43931 -2.76097 -3.18923 -5.37046 -5.90109 -9999 -9999 -9999 -9999 -9999 -9999 -9999 -9999 -9999 -9999 -9999 -9999 -9999 -9999 -9999 -9999 -9999 -9999 -9999 -9999 -9999 -9999 -9999 -9999 -9999 -9999 -9999 -9999 -9999 -9999 -9999 -9999 -9999 -9999 -9999 -9999 -9999 -9999 -9999 -9999 -9999 -9999 -9999
5.79439 5.59753 5.43711 6.34293 6.33135 6.2713 6.58811 7.15644 7.27676 7.16232 6.85004 6.58095 6.29446 5.55541 4.48772 2.23754 -0.461988 -1.06776 0.265906 0.337697 0.558732 -0.194467 -1.14278 -2.63085 -1.39916 -0.916703 -2.34413 -4.21979 -5.42626 -9999 -9999 -9999 -9999 -9999 -9999 -9999 -9999 -9999 -9999 -9999 -9999 -9999 -9999 -9999 -9999 -9999 -9999 -9999 -9999 -9999 -9999 -9999 -9999 -9999 -9999 -9999 -9999 -9999 -9999 -9999 -9999 -9999 -9999 -9999 -9999 -9999 -9999 -9999 -9999 -9999 -9999
5.28517 4.9829 4.11924 4.66816 5.08202 5.82386 6.01298 6.13286 7.21165 7.16231 7.12029 6.67059 6.31275 5.7147 4.68747 3.2215 1.45476 -1.62777 0.286518 1.78717 1.75703 1.68315 1.0211 -0.408166 0.800959 0.864352 -0.961148 -3.05182 -4.26978 -4.76882 -9999 -9999 -9999 -9999 -9999 -9999 -9999 -9999 -9999 -9999 -9999 -9999 -9999 -9999 -9999 -9999 -9999 -9999 -9999 -9999 -9999 -9999 -9999 -9999 -9999 -9999 -9999 -9999 -9999 -9999 -9999 -9999 -9999 -9999 -9999 -9999 -9999 -9999 -9999 -9999 -9999
4.57376 4.28299 3.22634 3.77856 4.51279 5.53752 6.0596 6.46329 6.79099 7.12528 7.09435 6.63396 5.25891 5.06968 5.01826 4.06242 2.04711 0.0344107 -0.480785 1.80417 2.46388 2.33896 2.85497 1.64536 2.22765 1.99881 1.35662 -0.648173 -2.47554 -3.22345 -4.70904 -9999 -9999 -9999 -9999 -9999 -9999 -9999 -9999 -9999 -9999 -9999 -9999 -9999 -9999 -9999 -9999 -9999 -9999 -9999 -9999 -9999 -9999 -9999 -9999 -9999 -9999 -9999 -9999 -9999 -9999 -9999 -9999 -9999 -9999 -9999 -9999 -9999 -9999 -9999 -9999
-9999 -9999 -9999 2.57413 3.56285 4.38348 5.38396 6.24835 6.68945 7.11836 7.09216 6.16405 5.71436 5.68272 5.05937 3.9547 3.2646 2.0006 0.683194 1.19795 3.14755 2.29177 3.67486 3.56577 3.82558 2.91294 1.16928 -1.15081 -2.50891 -3.17721 -4.3795 -9999 -9999 -9999 -9999 -9999 -9999 -9999 -9999 -9999 -9999 -9999 -9999 -9999 -9999 -9999 -9999 -9999 -9999 -9999 -9999 -9999 -9999 -9999 -9999 -9999 -9999 -9999 -9999 -9999 -9999 -9999 -9999 -9999 -9999 -9999 -9999 -9999 -9999 -9999 -9999
-9999 -9999 -9999 -9999 3.3911 4.01677 5.36455 6.04747 6.33621 7.02339 7.03265 6.68606 6.42661 6.04657 5.54774 4.71978 3.8054 2.61723 2.51503 3.76535 3.78881 3.53718 3.74862 4.39391 4.23262 2.81498 0.359658 -0.931449 -3.57052 -4.69246 -4.56854 -5.36088 -9999 -9999 -9999 -9999 -9999 -9999 -9999 -9999 -9999 -9999 -9999 -9999 -2.1534 -9999 -9999 -9999 -9999 -9999 -9999 -9999 -9999 -9999 -9999 -9999 -9999 -9999 -9999 -9999 -9999 -9999 -9999 -9999 -9999 -6.69193 -9999 -9999 -9999 -9999 -9999
-9999 -9999 -9999 3.28129 4.11075 4.76935 5.61654 5.69638 6.19639 6.98533 7.00446 6.76101 6.48515 5.85478 5.70523 5.23785 4.24452 4.04834 4.46331 4.65892 4.87922 5.01771 4.91926 4.66798 4.34079 3.42187 2.28934 1.53148 -0.872084 -2.09026 -3.24824 -5.00466 -6.37647 -9999 -9999 -9999 -9999 -9999 -9999 -9999 -3.11284 -3.16641 -3.12288 -2.72341 -1.64225 -2.25758 -9999 -9999 -9999 -9999 -9999 -9999 -9999 -9999 -9999 -9999 -9999 -9999 -9999 -9999 -9999 -9999 -9999 -9999 -9999 -5.71694 -7.09239 -9999 -9999 -9999 -9999
-9999 -9999 -9999 3.50393 4.39143 4.83788 5.66069 6.13433 6.43238 6.71065 6.97727 6.94185 6.63575 6.16601 6.17806 5.52782 5.18144 4.93666 5.49506 5.61232 5.40018 5.13161 4.89463 4.21024 4.13697 3.91072 3.19412 2.0136 0.797031 -0.96937 -3.35734 -5.69863 -7.58507 -9999 -9999 -9999 -9999 -9999 -9999 -2.91552 -2.01587 -1.47189 -2.59029 -1.61176 -0.716158 -0.844446 -1.68601 -9999 -9999 -9999 -9999 -9999 -9999 -9999 -9999 -9999 -9999 -9999 -9999 -9999 -9999 0.826765 -0.584733 -3.44934 -4.91071 -5.78156 -7.03075 -9999 -9999 -9999 -9999
-9999 -9999 -9999 3.33898 4.38576 5.09685 5.72874 5.8352 6.47738 6.75644 6.90317 6.89489 6.84105 6.76179 6.19549 5.95731 5.09688 5.93844 5.91607 5.71429 4.88892 4.53548 3.1114 2.48847 2.34725 3.55756 2.67401 0.822418 -1.4937 -4.28422 -4.45856 -5.37371 -7.05899 -9999 -9999 -9999 -9999 -9999 -9999 -2.63118 -1.66961 -0.864764 -0.736816 -1.84806 -0.266287 -0.312151 -1.17665 -1.36252 -0.629528 -0.251418 -0.512193 0.365042 0.629815 0.255024 0.693073 -9999 -9999 -9999 -9999 1.0081 1.07836 1.13477 0.554355 -2.57639 -4.70993 -6.62403 -6.78282 -9999 -9999 -9999 -9999
-9999 -9999 -9999 4.06909 4.71575 5.04571 5.10424 5.67177 6.23311 6.57844 6.83772 6.79527 6.78348 6.77082 6.58344 6.13577 6.2278 6.20043 5.94298 4.36481 2.52082 3.33656 2.24337 -0.109308 1.8095 2.86653 1.86417 -0.381272 -2.9858 -3.84025 -3.79754 -5.07375 -6.71522 -9999 -9999 -9999 -5.25028 -3.87956 -3.74951 -3.33655 -2.05777 -1.08174 -0.345235 0.162095 0.156926 -0.346793 -1.19198 -2.11182 -1.76574 -0.073481 0.349165 0.709296 0.983162 0.636051 0.838881 1.3 1.54408 1.6032 1.5097 1.49781 1.54699 1.50624 0.965498 -1.83508 -3.4307 -4.44315 -6.48026 -9999 -9999 -9999 -9999
-9999 -9999 -9999 3.67588 4.23883 4.69578 5.44838 5.53357 6.01375 6.29675 6.71693 6.77236 6.29188 6.70558 6.66303 6.59734 6.44691 6.22175 4.8915 3.05397 1.21138 0.364868 0.732719 -0.67685 0.05603 1.12689 0.742105 -0.631773 -2.95168 -3.27345 -3.81305 -5.96522 -8.03608 -9999 -9999 -7.88968 -5.27053 -3.42254 -2.4633 -2.15752 -2.11667 -0.889986 -0.78156 0.538416 0.243692 -1.46681 -1.2588 -1.91994 -1.47074 -0.838205 -0.656068 0.240695 1.10879 1.28227 1.29832 1.59617 1.66682 1.69381 1.69829 1.51662 1.61766 1.64404 1.31188 -0.712256 -1.69175 -2.76789 -6.4418 -9999 -9999 -9999 -9999
-9999 -9999 -9999 3.96863 4.59689 5.28427 5.40028 5.91119 5.86492 5.72308 6.43477 6.69619 6.35964 6.12042 6.58852 6.56691 6.5163 6.42621 5.17695 3.72926 1.5322 0.16975 -0.664466 -1.25326 -2.04236 -1.48967 -1.65137 -1.87013 -1.60679 -2.2425 -3.51739 -4.77462 -7.13298 -8.40442 -9999 -7.74088 -6.55315 -4.3574 -2.48904 -1.29813 -1.70902 -0.315646 -0.0462339 0.761543 0.307665 -0.723973 -1.15796 -1.18417 -1.3082 -0.365065 0.271933 0.72454 1.03248 1.41489 1.52038 1.62604 1.67688 1.7098 1.74308 1.75021 1.75511 1.72657 1.60997 0.686773 -0.287387 -2.41551 -6.30996 -9999 -9999 -9999 -9999
-9999 -9999 2.16404 3.90764 4.95708 5.36646 5.66339 5.92589 6.1177 6.31519 6.5043 6.63817 6.58994 5.68477 5.76951 5.94426 6.47392 6.44723 6.34346 5.55637 2.88121 1.95899 0.61048 -1.13851 -1.86708 -1.49479 -0.0504536 -0.109499 -1.05725 -2.11397 -3.58143 -4.51119 -5.95481 -8.73211 -8.47281 -7.20856 -6.26454 -4.76862 -2.48734 -0.883974 -0.161087 0.120413 0.691491 0.99588 0.371739 -0.220432 -0.462485 -0.923305 -0.976268 -0.95889 -0.383835 0.0656524 1.05261 1.3932 1.55688 1.64506 1.69771 1.73906 1.78003 1.802 1.79541 1.80905 1.81465 1.7622 0.456754 -2.82844 -5.2942 -9999 -9999 -9999 -9999
-9999 -9999 -9999 3.59573 4.05982 4.18468 4.39976 4.83539 5.33724 6.04278 6.14051 6.53599 6.54215 5.76156 4.86145 5.6651 5.99083 6.32798 6.34803 6.25516 4.00606 2.83393 1.912 0.235088 0.847144 1.4293 1.47818 1.13505 -0.903322 -2.93333 -5.27917 -7.46492 -7.56306 -8.73665 -8.10371 -7.26543 -5.12725 -3.61859 -2.99936 -2.55057 -0.2304 0.381953 0.603651 1.20847 0.417481 0.231547 -0.358894 -0.164371 -0.202984 -0.185481 -1.84844 -0.154719 -0.0422414 1.06611 1.57051 1.69489 1.73668 1.7804 1.797 1.81503 1.82211 1.84587 1.84428 1.84273 1.00014 -3.17319 -5.25391 -9999 -9999 -9999 -9999
-9999 -9999 -9999 -9999 -9999 3.76089 4.1158 4.34518 4.73909 5.93213 6.26012 6.48123 6.5081 6.16611 5.27404 5.04758 5.22373 4.35524 5.10133 6.11642 6.09999 5.98574 4.00985 3.00102 3.98884 3.69548 2.2097 1.04119 -0.112128 -2.48995 -4.23362 -6.73982 -8.61975 -8.68369 -6.5939 -4.85622 -2.69273 -1.73144 -2.26015 -1.66156 -0.502183 0.813412 1.45716 1.32337 0.489033 0.38827 -0.529994 0.402169 0.495259 0.0828324 -0.272149 -0.113404 0.441626 0.660875 1.5301 1.74926 1.79757 1.8153 1.83012 1.83802 1.84518 1.84923 1.85451 1.85768 1.83497 -2.45502 -5.7826 -9999 -9999 -9999 -9999
-9999 -9999 -9999 -9999 -9999 2.94383 3.16169 3.7274 5.17318 5.9288 6.24057 6.23818 6.38785 6.14954 5.36672 4.5633 3.80674 2.8275 3.40418 4.91185 5.80378 5.9121 4.18095 5.09102 4.75796 4.09549 2.15075 0.7185 -0.0388655 -2.3217 -4.27962 -5.94524 -8.24653 -7.25258 -6.15767 -4.75252 -2.39332 -0.797049 -0.133523 -0.667301 0.078974 1.59095 1.61399 0.80979 0.878105 0.397345 -0.862891 0.480136 0.868509 0.581535 0.673409 0.572981 0.787651 1.16758 1.53108 1.77634 1.81906 1.83375 1.83721 1.84825 1.86182 1.85868 1.87439 1.8777 1.87201 -0.890906 -5.83593 -9999 -9999 -9999 -9999
-9999 -9999 -9999 -9999 -9999 -9999 2.20578 3.49058 5.40812 5.88395 5.84776 6.25058 6.29343 5.92253 5.60252 4.62512 3.2861 0.703504 1.37474 2.7634 4.76066 5.81366 5.6798 5.10397 4.09975 1.66126 -0.472563 -0.727841 -1.07366 -2.73855 -4.24629 -6.09878 -5.01613 -3.82996 -2.53196 -1.84519 -2.01119 -0.641814 0.477672 0.0205809 0.933041 1.9958 1.53526 1.26922 1.0485 0.490112 0.470832 0.546302 1.31524 0.807824 1.1423 1.16228 1.15713 1.34821 1.56581 1.79342 1.83985 1.85121 1.86579 1.85221 1.87352 1.87461 1.87693 1.88129 1.87883 1.64443 -1.00857 -2.58913 -9999 -9999 -9999
-9999 -9999 -9999 -9999 -9999 -9999 1.03505 1.67828 3.94844 4.64897 5.65689 6.19619 6.22946 5.59669 5.24906 3.78707 3.32068 0.932782 -0.143243 0.788465 0.44466 3.19069 5.62075 5.09917 0.214521 -1.55148 -2.81 -2.48087 -2.47335 -2.93355 -5.50066 -6.20286 -3.89735 -2.44261 -1.31297 -0.45312 -0.265826 -0.283983 1.46033 1.70339 2.27996 2.17205 2.23908 1.37978 0.853928 1.34484 0.815221 0.737372 1.53123 0.778394 1.48615 1.41614 1.22075 1.2222 1.6911 1.79498 1.85475 1.86878 1.86173 1.85022 1.84971 1.87814 1.88595 1.87632 1.89422 1.88665 1.59128 0.225259 -0.239821 0.315392 -9999
-9999 -9999 -9999 -9999 -9999 -9999 -9999 -0.423365 2.7298 4.16897 4.93187 6.00381 6.14091 5.80786 5.19908 3.70999 2.40201 0.268482 -2.16994 -3.45842 0.433891 3.82198 5.59357 5.36772 1.30297 -0.298005 -0.367254 0.583949 -0.209719 -0.810544 -2.76104 -3.33831 -4.14244 -3.63578 -2.06501 -0.778068 0.463794 1.37048 1.45566 2.04989 2.39712 2.43883 2.55819 2.47046 2.40179 1.57617 2.1747 1.69535 1.97275 1.81812 1.67939 1.56001 1.09009 1.44351 1.75739 1.84657 1.88232 1.87443 1.881 1.87972 1.86377 1.86496 1.87771 1.89056 1.89165 1.90867 1.91667 1.78022 0.965707 -0.13129 -1.52247
-9999 -9999 -9999 -9999 -9999 -9999 -9999 -1.98517 1.15291 2.66338 4.6138 5.61977 6.03443 5.99076 5.49931 4.37031 2.66575 1.24763 -1.4759 -4.30464 -0.219787 3.41769 5.38487 5.49596 2.08052 3.03506 2.27422 2.58891 1.19079 0.613007 0.153246 -0.848127 -1.94325 -3.14257 -3.77044 -0.894287 0.587893 1.78361 2.35419 2.68281 2.85403 2.78256 2.58216 1.3237 2.30945 2.27563 2.19423 2.09837 2.05934 1.97299 1.86822 1.81005 1.79794 1.48958 1.86574 1.8693 1.88434 1.89642 1.89776 1.89121 1.88776 1.8815 1.89553 1.90012 1.904 1.91239 1.93093 1.93904 1.91161 1.7084 -0.166369
-9999 -9999 -9999 -9999 -9999 -9999 -9999 -6.37612 -1.81294 1.84821 3.76877 5.33343 5.77033 5.93981 5.27676 4.78378 3.5648 2.41108 0.625197 -2.05541 -3.70238 -0.642521 3.80182 5.44143 5.31965 5.22382 4.34367 3.55084 3.45568 3.52138 2.59312 1.24351 -0.519352 -1.06186 -1.67414 0.470415 0.769887 0.624568 2.98439 3.00223 2.88198 1.99734 1.00468 1.21008 0.602937 1.09752 0.370137 1.06719 1.67137 1.90555 1.90067 1.83392 1.83901 1.81521 1.89117 1.90039 1.90051 1.90324 1.91002 1.91283 1.8979 1.89562 1.91955 1.91537 1.91728 1.92232 1.94346 1.95629 1.94026 1.92713 1.65345
-9999 -9999 -9999 -9999 -9999 -9999 -9999 -6.17241 -2.33909 0.919435 2.87646 4.75987 5.20395 5.84621 5.71961 5.20252 4.14408 2.81914 1.351 -0.947444 -2.6535 -0.603344 2.34926 4.46621 5.22832 5.2236 5.17935 4.98517 4.90718 4.67979 4.51467 3.55011 1.88809 0.951001 -0.423323 1.96574 2.24249 1.8807 3.07995 3.03249 1.24894 -0.118864 -0.277155 0.578201 -0.20897 -0.332354 -0.816504 -0.238373 1.28675 0.862424 0.962456 1.65871 1.78352 1.86979 1.89993 1.90566 1.91291 1.91205 1.92502 1.93853 1.92418 1.925 1.93287 1.92154 1.93162 1.92971 1.93966 1.94649 1.94561 1.93472 1.86881
-9999 -9999 -9999 -9999 -9999 -9999 -9999 -6.08197 -3.50574 -0.572401 2.30596 4.31677 5.13345 5.73094 5.73442 5.13147 4.61032 3.78338 2.49276 1.61046 0.0711202 -2.04546 1.52728 2.62707 3.60879 4.02593 5.04926 5.03064 4.57076 4.02546 4.5342 4.3965 3.08071 2.6534 1.92709 3.25987 3.27263 3.24628 3.18644 1.68067 -0.416294 -2.08936 -0.862549 -1.10236 -0.53293 -2.24118 -0.803057 0.353719 0.738096 -0.0250814 -0.588585 1.20416 1.51461 1.70138 1.8248 1.9095 1.90253 1.93186 1.93291 1.93974 1.94667 1.94471 1.94943 1.94852 1.94779 1.94777 1.95958 1.95633 1.95092 1.96635 1.93958
-9999 -9999 -9999 -9999 -9999 -9999 -9999 -9999 -5.01565 -1.30121 2.01846 3.87066 5.03902 5.61309 5.61234 5.30864 4.95767 4.44842 3.51979 2.35061 0.497225 -0.876534 0.00999346 1.08745 1.21429 1.9339 4.00659 4.71894 3.72521 1.25195 2.72156 4.35649 4.3374 4.20627 4.05921 3.86613 3.69662 3.31487 2.2756 -0.930365 -1.54802 -2.79721 -2.64037 -3.27425 -1.84779 -2.35925 -0.892388 -0.249046 0.00198961 -1.32844 -1.03294 0.56212 1.19873 1.10647 1.50119 1.87771 1.90107 1.92312 1.92556 1.94581 1.96163 1.969 1.9676 1.97025 1.9766 1.96211 1.98849 1.88573 1.82489 1.68409 1.89567
-9999 -9999 -9999 -9999 -9999 -9999 -9999 -9999 -5.74697 -2.03737 1.87093 3.13174 4.39066 5.47871 5.50917 5.03979 4.59397 4.13449 3.60998 2.18968 0.812493 -0.502159 -0.937691 -0.662525 -0.679077 0.480984 3.17961 3.7078 3.49249 0.913192 0.0463785 2.22865 4.06417 4.21624 4.05915 1.91748 2.38544 1.23564 -0.326833 -0.748115 -1.42452 -2.86723 -2.15349 -3.20631 -2.73583 -2.84258 -2.00414 -1.58855 -0.594385 -1.75236 -1.73563 -0.168753 0.62506 0.656491 1.48862 1.79283 1.88129 1.91261 1.93883 1.9552 1.98146 1.98783 1.99022 1.98921 1.96544 1.88784 1.61628 0.0840992 0.102692 0.546378 0.966946
-9999 -9999 -9999 -9999 -9999 -9999 -9999 -9999 -5.31101 -2.73412 0.734895 3.307 3.47708 4.73256 5.38529 4.87398 4.29715 3.70681 3.45418 1.90753 0.207499 -1.16446 -2.79035 -2.51241 -1.33025 0.593436 2.3396 2.65799 2.30607 0.925979 1.58787 3.07904 3.87484 4.11566 3.94184 3.48285 3.22218 2.3783 2.01911 0.844072 -0.999301 -1.71763 -1.24198 -3.19886 -3.04815 -2.3067 -3.06501 -1.7761 -1.1526 -2.65184 -1.43364 -0.0506583 0.662287 1.28697 1.58896 1.71657 1.90593 1.92295 1.9505 1.97162 1.98246 1.99623 1.98177 1.97263 1.82232 1.59378 0.158274 -0.422164 -0.287387 0.399438 1.00268
-9999 -9999 -9999 -9999 -9999 -9999 -9999 -9999 -4.86563 -2.54447 0.464709 2.30119 2.63724 4.02855 5.26691 5.13918 4.5386 4.36242 3.73962 2.42934 0.980935 -0.603242 -1.36883 -3.14093 -1.37897 0.0120257 1.49228 2.18896 1.05583 0.493018 1.51288 2.52697 2.93735 3.96194 3.96167 3.64047 2.22376 1.53864 1.84388 1.55651 1.04495 -0.219994 -0.264381 -1.07216 -1.39925 -1.70746 -2.73531 -2.05718 -1.97776 -1.77895 -0.325715 0.400176 0.885549 1.32801 1.45322 1.65253 1.90757 1.94148 1.96295 1.97489 1.99277 1.98858 1.93355 1.88965 1.57181 0.998136 -0.0849651 -1.84055 -0.570315 0.757162 1.17194
-9999 -9999 -9999 -9999 -9999 -9999 -9999 -9999 -5.25227 -2.78679 -0.213558 0.867607 1.0588 3.5694 5.11041 5.12261 4.84295 4.51472 2.96212 3.06341 2.76043 1.33236 -0.752229 -3.04277 -2.8183 -1.44164 0.508037 1.15967 -0.716153 -1.37185 -0.874082 0.655313 2.02547 3.45593 3.82657 3.41969 1.20886 -1.14086 -0.0349027 1.14639 1.15172 0.820587 -0.351646 -0.715353 -1.04333 -1.89502 -3.342 -3.11642 -2.69672 -1.04231 -0.511838 0.300495 0.977172 0.739376 0.898315 1.54602 1.92304 1.94945 1.96877 1.99379 1.99867 1.99041 1.86672 1.73516 1.50508 -0.0146997 -0.954146 -2.31983 -0.68854 0.22096 0.727631
-9999 -9999 -9999 -9999 -9999 -9999 -9999 -9999 -6.00552 -4.2138 -1.75372 -0.756746 0.82824 3.20134 4.37343 4.94032 4.93771 4.72218 4.03229 3.62131 2.80201 1.31611 -0.719249 -2.98294 -4.45359 -3.69265 -1.07294 -0.441724 -2.17463 -3.04747 -1.93969 -0.310052 2.0986 3.47908 3.67414 3.56041 3.1129 1.40036 -0.670696 -0.652179 0.403851 -0.458017 -1.4615 -0.890675 -0.981718 -1.8227 -2.43102 -2.79519 -2.54 -1.59482 -1.19624 -0.259737 1.11623 1.3242 1.29819 1.88476 1.92617 1.95232 1.98683 1.99913 2.00701 2.00311 1.9046 1.6673 0.66007 -0.216332 -1.44097 -1.57985 -0.118422 0.533845 1.14084
-9999 -9999 -9999 -9999 -9999 -9999 -9999 -9999 -7.30776 -5.20113 -2.89589 -0.736694 1.30674 3.06686 3.21175 4.1447 4.15323 4.64669 4.51779 3.87895 3.19048 1.91161 -0.705549 -2.9049 -5.30446 -4.66054 -1.98597 -1.63524 -2.78795 -4.92551 -2.69903 -0.244529 1.98107 3.19055 2.26038 3.23454 3.16603 2.53118 1.3028 -0.613109 -0.565059 -1.99759 -2.04848 -1.29462 -1.04165 -1.15292 -1.60656 -2.33465 -2.18949 -1.61067 -1.45348 -0.591718 0.478679 1.52537 1.7119 1.92189 1.94316 1.95921 1.98821 2.00325 1.99478 1.9551 1.85126 1.00872 0.00431543 -0.609021 -1.45822 -1.54889 0.131323 0.817481 1.2069
