Test_Spring_2018b/02_18/Temp/20180212_017.txt
ncols	170
nrows	115
xllcorner	350000.000000
yllcorner	4445000.000000
cellsize	1000.000000
nodata_value	-9999.000000
[rows 32 to 63 of 115, columns 71 to 141 of 170]
7.6036 7.58345 7.23884 7.77598 8.27071 7.9674 7.76809 8.58336 8.58453 8.30925 7.661 7.4238 7.17772 7.0272 6.19493 3.85839 1.75193 2.8811 2.90795 2.12721 3.52674 2.78674 0.856985 -1.8671 -0.388013 -0.774468 -2.70627 -3.18675 -9999 -9999 -9999 -9999 -9999 -9999 -9999 -9999 -9999 -9999 -9999 -9999 -9999 -9999 -9999 -9999 -9999 -9999 -9999 -9999 -9999 -9999 -9999 -9999 -9999 -9999 -9999 -9999 -9999 -9999 -9999 -9999 -9999 -9999 -9999 -9999 -9999 -9999 -9999 -9999 -9999 -9999 -9999
7.30042 7.12082 6.97374 7.77114 7.75626 7.7047 7.99074 8.49918 8.60069 8.49407 8.21198 7.96787 7.70805 7.04718 6.095 4.0954 1.69766 1.15398 2.32774 2.38391 2.57222 1.89774 1.05048 -0.274755 0.808651 1.22858 -0.0409182 -1.70757 -2.77606 -9999 -9999 -9999 -9999 -9999 -9999 -9999 -9999 -9999 -9999 -9999 -9999 -9999 -9999 -9999 -9999 -9999 -9999 -9999 -9999 -9999 -9999 -9999 -9999 -9999 -9999 -9999 -9999 -9999 -9999 -9999 -9999 -9999 -9999 -9999 -9999 -9999 -9999 -9999 -9999 -9999 -9999
6.84187 6.5688 5.79883 6.28004 6.64184 7.30458 7.48316 7.58438 8.53465 8.48565 8.4429 8.03883 7.71582 7.17981 6.26346 4.95834 3.38663 0.649517 2.33741 3.6589 3.62468 3.5517 2.95784 1.68455 2.74784 2.79651 1.17143 -0.674933 -1.76184 -2.21211 -9999 -9999 -9999 -9999 -9999 -9999 -9999 -9999 -9999 -9999 -9999 -9999 -9999 -9999 -9999 -9999 -9999 -9999 -9999 -9999 -9999 -9999 -9999 -9999 -9999 -9999 -9999 -9999 -9999 -9999 -9999 -9999 -9999 -9999 -9999 -9999 -9999 -9999 -9999 -9999 -9999
6.20407 5.9411 5.00015 5.48424 6.12973 7.03763 7.50957 7.86874 8.1539 8.44468 8.41178 7.99828 6.77446 6.60052 6.54834 5.69494 3.90306 2.11331 1.64957 3.66553 4.24211 4.12379 4.57307 3.49418 4.00221 3.79194 3.21266 1.4384 -0.182748 -0.853541 -2.17766 -9999 -9999 -9999 -9999 -9999 -9999 -9999 -9999 -9999 -9999 -9999 -9999 -9999 -9999 -9999 -9999 -9999 -9999 -9999 -9999 -9999 -9999 -9999 -9999 -9999 -9999 -9999 -9999 -9999 -9999 -9999 -9999 -9999 -9999 -9999 -9999 -9999 -9999 -9999 -9999
-9999 -9999 -9999 4.40954 5.28532 6.01669 6.90279 7.67018 8.05587 8.43056 8.40195 7.57432 7.17006 7.13571 6.57702 5.59178 4.97343 3.84661 2.67232 3.12046 4.8392 4.07347 5.29047 5.18603 5.40833 4.59236 3.04488 0.983514 -0.222121 -0.822504 -1.89582 -9999 -9999 -9999 -9999 -9999 -9999 -9999 -9999 -9999 -9999 -9999 -9999 -9999 -9999 -9999 -9999 -9999 -9999 -9999 -9999 -9999 -9999 -9999 -9999 -9999 -9999 -9999 -9999 -9999 -9999 -9999 -9999 -9999 -9999 -9999 -9999 -9999 -9999 -9999 -9999
-9999 -9999 -9999 -9999 5.12508 5.68358 6.87284 7.48409 7.73506 8.33866 8.34161 8.0291 7.7934 7.45055 7.00213 6.2619 5.44483 4.38503 4.28676 5.38612 5.39889 5.16801 5.34722 5.91069 5.75991 4.49376 2.31838 1.16667 -1.17203 -2.17423 -2.07313 -2.78352 -9999 -9999 -9999 -9999 -9999 -9999 -9999 -9999 -9999 -9999 -9999 -9999 -0.0655264 -9999 -9999 -9999 -9999 -9999 -9999 -9999 -9999 -9999 -9999 -9999 -9999 -9999 -9999 -9999 -9999 -9999 -9999 -9999 -9999 -4.30026 -9999 -9999 -9999 -9999 -9999
-9999 -9999 -9999 5.01934 5.76251 6.34163 7.08789 7.15852 7.60335 8.29732 8.30922 8.08823 7.83812 7.27363 7.13454 6.71357 5.82647 5.64501 6.00454 6.16964 6.35651 6.47089 6.37547 6.14474 5.84689 5.02923 4.01786 3.33834 1.20279 0.120511 -0.913678 -2.47787 -3.70152 -9999 -9999 -9999 -9999 -9999 -9999 -9999 -0.885087 -0.942441 -0.914 -0.570557 0.376377 -0.179298 -9999 -9999 -9999 -9999 -9999 -9999 -9999 -9999 -9999 -9999 -9999 -9999 -9999 -9999 -9999 -9999 -9999 -9999 -9999 -3.45034 -4.67743 -9999 -9999 -9999 -9999
-9999 -9999 -9999 5.2202 6.00218 6.3938 7.11886 7.53472 7.80455 8.04658 8.27793 8.24138 7.96463 7.54247 7.54649 6.96351 6.64921 6.42452 6.91084 7.00631 6.80996 6.5636 6.34526 5.73077 5.65762 5.45284 4.80974 3.75588 2.67013 1.10348 -1.01999 -3.10216 -4.78156 -9999 -9999 -9999 -9999 -9999 -9999 -0.7104 0.0765218 0.548247 -0.452458 0.403609 1.18598 1.06136 0.302065 -9999 -9999 -9999 -9999 -9999 -9999 -9999 -9999 -9999 -9999 -9999 -9999 -9999 -9999 2.36577 1.10714 -1.43828 -2.74103 -3.52093 -4.63607 -9999 -9999 -9999 -9999
-9999 -9999 -9999 5.06466 5.98808 6.61452 7.17098 7.26215 7.83376 8.07977 8.20526 8.19298 8.13981 8.06354 7.55537 7.33723 6.56753 7.30469 7.27642 7.08907 6.34936 6.02757 4.75769 4.19742 4.0676 5.1308 4.3398 2.6916 0.632101 -1.84275 -2.00485 -2.82402 -4.32525 -9999 -9999 -9999 -9999 -9999 -9999 -0.468092 0.373593 1.07622 1.17912 0.184299 1.57409 1.51973 0.742273 0.565583 1.20246 1.52494 1.28012 2.0467 2.26912 1.92538 2.30179 -9999 -9999 -9999 -9999 2.52975 2.5831 2.62448 2.10209 -0.678781 -2.57657 -4.28018 -4.43269 -9999 -9999 -9999 -9999
-9999 -9999 -9999 5.70155 6.27109 6.56049 6.60972 7.10975 7.6101 7.91486 8.14211 8.09958 8.08362 8.06625 7.89352 7.48969 7.56327 7.53067 7.29398 5.88746 4.24543 4.95884 3.98061 1.89435 3.58219 4.50955 3.61329 1.61629 -0.698612 -1.45906 -1.42902 -2.5679 -4.03112 -9999 -9999 -9999 -2.76917 -1.56447 -1.45873 -1.10269 0.0198347 0.873951 1.51632 1.95468 1.9396 1.47875 0.718033 -0.109055 0.184745 1.67058 2.03203 2.33865 2.56872 2.24912 2.41388 2.81113 3.01665 3.05885 2.9664 2.94669 2.98145 2.93686 2.44966 -0.0356303 -1.4568 -2.3617 -4.18088 -9999 -9999 -9999 -9999
-9999 -9999 -9999 5.34571 5.84139 6.24352 6.9094 6.98253 7.40529 7.65821 8.02807 8.07248 7.64161 8.0019 7.95742 7.89176 7.75045 7.54246 6.35543 4.71892 3.07783 2.3189 2.64065 1.38355 2.02125 2.9608 2.61026 1.38437 -0.678453 -0.971621 -1.45397 -3.36771 -5.21022 -9999 -9999 -5.10664 -2.79609 -1.16869 -0.328598 -0.0675001 -0.0413557 1.03461 1.1199 2.27774 2.00588 0.476381 0.648121 0.0499852 0.434662 0.977126 1.12542 1.90511 2.66338 2.80484 2.80729 3.05978 3.11161 3.12534 3.11972 2.94977 3.03062 3.04568 2.74342 0.942802 0.0672412 -0.896938 -4.16214 -9999 -9999 -9999 -9999
-9999 -9999 -9999 5.5984 6.15237 6.75894 6.85963 7.30999 7.26613 7.14299 7.76978 7.99813 7.69488 7.47702 7.88475 7.85802 7.80493 7.71631 6.60074 5.30918 3.35389 2.13777 1.39414 0.863805 0.153008 0.633555 0.481634 0.279369 0.504214 -0.0678796 -1.20153 -2.32335 -4.41974 -5.55421 -9999 -4.98382 -3.94083 -2.00539 -0.360171 0.684775 0.310797 1.53426 1.76194 2.46659 2.05281 1.12434 0.722606 0.686229 0.563105 1.38502 1.9353 2.32133 2.58123 2.9093 2.99075 3.0729 3.10711 3.1261 3.14605 3.14342 3.13931 3.10592 2.99476 2.16933 1.29617 -0.596772 -4.057 -9999 -9999 -9999 -9999
-9999 -9999 3.98988 5.53434 6.4618 6.82267 7.08405 7.31492 7.48297 7.66009 7.82426 7.93883 7.89186 7.08429 7.15248 7.29954 7.76017 7.72747 7.62607 6.91927 4.54031 3.71741 2.51337 0.955376 0.298906 0.619617 1.88996 1.82914 0.981484 0.0375114 -1.267 -2.09936 -3.3861 -5.85357 -5.63237 -4.52132 -3.69407 -2.37831 -0.367376 1.04282 1.67285 1.91154 2.40677 2.66477 2.09568 1.5561 1.32835 0.906687 0.846113 0.847808 1.34345 1.72659 2.58681 2.87588 3.01026 3.07683 3.1126 3.13908 3.16591 3.17655 3.16242 3.16657 3.16381 3.10764 1.94353 -0.980519 -3.17571 -9999 -9999 -9999 -9999
-9999 -9999 -9999 5.24815 5.65763 5.76696 5.95629 6.34089 6.78391 7.41107 7.49452 7.84086 7.8417 7.14493 6.34091 7.04482 7.32468 7.61401 7.62206 7.52983 5.53013 4.48253 3.65667 2.16241 2.69319 3.1997 3.2342 2.9218 1.10835 -0.697499 -2.77999 -4.72402 -4.81922 -5.8671 -5.31459 -4.58066 -2.69576 -1.36866 -0.829585 -0.441875 1.60264 2.13468 2.3168 2.84005 2.12668 1.94661 1.40997 1.56832 1.52011 1.52159 0.0349618 1.51976 1.60613 2.57492 3.00886 3.10859 3.13474 3.16335 3.16869 3.17594 3.17404 3.18729 3.17684 3.16333 2.40813 -1.29694 -3.15109 -9999 -9999 -9999 -9999
-9999 -9999 -9999 -9999 -9999 5.38249 5.69597 5.89821 6.24591 7.30487 7.5924 7.78443 7.80349 7.49488 6.69827 6.48984 6.63712 5.85861 6.50932 7.39955 7.37525 7.26442 5.50508 4.60052 5.46595 5.19705 3.87246 2.82911 1.79948 -0.314334 -1.86362 -4.09137 -5.76442 -5.82922 -3.98674 -2.4562 -0.548809 0.293617 -0.183887 0.336474 1.35179 2.50549 3.06356 2.93245 2.18043 2.07557 1.24832 2.05963 2.12779 1.74828 1.41976 1.54504 2.0232 2.20453 2.96211 3.1447 3.17696 3.18263 3.18645 3.18483 3.18308 3.17614 3.17202 3.16589 3.13666 -0.671854 -3.63022 -9999 -9999 -9999 -9999
-9999 -9999 -9999 -9999 -9999 4.64973 4.84201 5.34224 6.62161 7.29319 7.56641 7.56054 7.68836 7.47155 6.77145 6.05213 5.37334 4.49691 4.99799 6.3234 7.10348 7.18968 5.64703 6.44183 6.13746 5.54166 3.81058 2.53367 1.85471 -0.174956 -1.91403 -3.39731 -5.44347 -4.57133 -3.60984 -2.37373 -0.292962 1.11184 1.68993 1.2072 1.85731 3.1848 3.19301 2.46801 2.51516 2.07362 0.943313 2.11828 2.44777 2.17921 2.2463 2.14199 2.31869 2.64231 2.95204 3.15779 3.18494 3.18808 3.18191 3.1831 3.18585 3.17427 3.17928 3.17313 3.15882 0.702524 -3.6883 -9999 -9999 -9999 -9999
-9999 -9999 -9999 -9999 -9999 -9999 3.98628 5.12333 6.82045 7.24419 7.20919 7.56212 7.59527 7.26099 6.9707 6.09724 4.90265 2.60622 3.19105 4.41105 6.17 7.0928 6.96468 6.44358 5.54482 3.37617 1.47764 1.24304 0.928532 -0.553879 -1.89429 -3.54306 -2.59239 -1.55002 -0.408638 0.191306 0.0357998 1.23967 2.22167 1.80677 2.60398 3.53356 3.1134 2.86487 2.65593 2.14555 2.11413 2.16648 2.83292 2.36911 2.65103 2.65337 2.63545 2.79189 2.97249 3.16269 3.1932 3.19339 3.19711 3.17621 3.18625 3.1783 3.1713 3.16592 3.15429 2.93705 0.575919 -0.83399 -9999 -9999 -9999
-9999 -9999 -9999 -9999 -9999 -9999 2.94017 3.50886 5.51807 6.14069 7.03017 7.50381 7.52836 6.96207 6.6472 5.34488 4.92305 2.79903 1.83667 2.65206 2.33783 4.76001 6.90253 6.42946 2.09424 0.521146 -0.60223 -0.319303 -0.320919 -0.736488 -3.01506 -3.64516 -1.61156 -0.331357 0.660891 1.41409 1.57126 1.54638 3.08169 3.2868 3.78651 3.67929 3.7263 2.95234 2.47315 2.89201 2.40864 2.32524 3.01381 2.33273 2.94534 2.86808 2.68182 2.67045 3.07373 3.15446 3.19686 3.19902 3.18376 3.1646 3.15526 3.17139 3.16907 3.15111 3.1573 3.14077 2.86741 1.64738 1.22528 1.70685 -9999
-9999 -9999 -9999 -9999 -9999 -9999 -9999 1.6379 4.42875 5.70534 6.37757 7.32267 7.43899 7.13919 6.59267 5.26583 4.09877 2.20012 0.0311086 -1.11922 2.31813 5.30901 6.86847 6.65729 3.0482 1.62128 1.55111 2.38491 1.67373 1.13356 -0.598905 -1.11843 -1.83877 -1.39824 -0.0151189 1.11527 2.20668 3.00076 3.06671 3.58276 3.87932 3.90461 3.99797 3.90734 3.83309 3.0861 3.60194 3.16311 3.39447 3.24334 3.10651 2.98569 2.55651 2.85704 3.12319 3.19103 3.21052 3.19429 3.19103 3.18083 3.15753 3.14958 3.15144 3.15317 3.14429 3.14935 3.1445 3.01329 2.28169 1.30007 0.0581537
-9999 -9999 -9999 -9999 -9999 -9999 -9999 0.244839 3.02187 4.36142 6.08496 6.97432 7.33531 7.28996 6.84733 5.83944 4.32127 3.05631 0.634968 -1.87975 1.72844 4.94078 6.67355 6.76275 3.72675 4.563 3.88035 4.15043 2.90389 2.38405 1.97182 1.07663 0.0984902 -0.971431 -1.53772 1.00121 2.30532 3.35526 3.85099 4.13178 4.27247 4.19708 4.00779 2.88047 3.74014 3.6945 3.6084 3.50943 3.46082 3.37042 3.26394 3.19752 3.17403 2.88872 3.20881 3.1988 3.20254 3.20392 3.19592 3.18092 3.16852 3.15342 3.15521 3.15086 3.14427 3.14153 3.14587 3.14262 3.10801 2.91793 1.24778
-9999 -9999 -9999 -9999 -9999 -9999 -9999 -3.65378 0.384791 3.63301 5.32926 6.70923 7.09007 7.2334 6.63879 6.1942 5.10616 4.07552 2.48473 0.101398 -1.36663 1.33413 5.26065 6.70438 6.58517 6.49125 5.70294 4.99217 4.89946 4.94936 4.12231 2.91936 1.34965 0.857795 0.307398 2.19825 2.45479 2.31699 4.39717 4.4027 4.28527 3.49026 2.5982 2.76717 2.2174 2.63991 1.98201 2.58554 3.10686 3.30064 3.28295 3.20915 3.19894 3.16618 3.21828 3.21643 3.20688 3.19988 3.19655 3.18967 3.16693 3.15518 3.16638 3.1512 3.14228 3.13894 3.14545 3.14632 3.12179 3.10004 2.84783
-9999 -9999 -9999 -9999 -9999 -9999 -9999 -3.47897 -0.0815728 2.79987 4.52779 6.19008 6.57709 7.139 7.01945 6.55357 5.60782 4.4257 3.11649 1.07179 -0.448369 1.35794 3.96403 5.82967 6.49304 6.48092 6.43287 6.25221 6.17542 5.96564 5.81458 4.95166 3.46719 2.62898 1.4035 3.51068 3.74691 3.41725 4.46954 4.41719 2.82678 1.60397 1.45174 2.19554 1.48529 1.36045 0.92 1.41854 2.75578 2.3642 2.43978 3.04189 3.14041 3.1997 3.21591 3.21091 3.20759 3.19726 3.19925 3.20167 3.17926 3.17007 3.16689 3.14649 3.1432 3.1307 3.12689 3.12581 3.11468 3.09489 3.02667
-9999 -9999 -9999 -9999 -9999 -9999 -9999 -3.40909 -1.12483 1.46822 4.01173 5.78658 6.50338 7.02554 7.02115 6.47927 6.00944 5.26849 4.11666 3.32628 1.95394 0.0703807 3.22526 4.19079 5.04858 5.40975 6.30709 6.28184 5.86596 5.37987 5.82152 5.6859 4.51206 4.12508 3.47324 4.64475 4.64699 4.61424 4.55139 3.20754 1.3396 -0.153456 0.92111 0.696408 1.18643 -0.341669 0.916185 1.92709 2.25411 1.56798 1.05626 2.62956 2.8857 3.04014 3.13892 3.20379 3.18774 3.20399 3.19524 3.19156 3.18781 3.176 3.16989 3.1586 3.14733 3.13448 3.13229 3.11861 3.09847 3.1019 3.07288
-9999 -9999 -9999 -9999 -9999 -9999 -9999 -9999 -2.47172 0.812618 3.7469 5.3811 6.40921 6.91056 6.90241 6.62558 6.30655 5.84709 5.01602 3.97177 2.32151 1.09597 1.87212 2.81809 2.9186 3.54685 5.37347 5.9955 5.10675 2.91234 4.19913 5.63819 5.61255 5.48769 5.34864 5.16956 5.01019 4.66254 3.73221 0.88264 0.323684 -0.794044 -0.667055 -1.24074 0.00787871 -0.460275 0.825577 1.38216 1.59145 0.400441 0.64718 2.03941 2.59187 2.49934 2.83847 3.16471 3.17537 3.18501 3.1773 3.18531 3.18927 3.18557 3.17053 3.16202 3.15666 3.13004 3.14066 3.0387 2.97417 2.8392 3.01673
-9999 -9999 -9999 -9999 -9999 -9999 -9999 -9999 -3.12902 0.15068 3.60593 4.71616 5.82429 6.78071 6.80016 6.37662 5.97366 5.55837 5.08529 3.81877 2.59034 1.41723 1.02266 1.25748 1.23166 2.24996 4.63087 5.08975 4.89026 2.59572 1.81896 3.74253 5.35906 5.48474 5.33656 3.4307 3.83568 2.80769 1.41387 1.03029 0.420339 -0.868663 -0.248325 -1.19279 -0.788524 -0.90026 -0.170585 0.184634 1.05235 0.0143494 0.014309 1.38089 2.07258 2.0895 2.81588 3.07499 3.14321 3.16091 3.17407 3.17839 3.19131 3.18642 3.17782 3.16604 3.13399 3.05424 2.7995 1.43011 1.43591 1.81849 2.18098
-9999 -9999 -9999 -9999 -9999 -9999 -9999 -9999 -2.75227 -0.47605 2.58988 4.86116 5.00486 6.10945 6.67992 6.21924 5.7003 5.16917 4.93694 3.5586 2.04434 0.820554 -0.628156 -0.390848 0.647235 2.3394 3.87677 4.14977 3.82919 2.59619 3.17304 4.48436 5.1799 5.38394 5.2207 4.8048 4.56432 3.8071 3.47881 2.42767 0.784297 0.136892 0.546529 -1.19838 -1.07707 -0.432805 -1.12178 0.00713316 0.546863 -0.79313 0.260872 1.47392 2.09395 2.63617 2.8929 2.99545 3.15283 3.15766 3.17179 3.18016 3.17929 3.18086 3.15728 3.13826 2.99415 2.78071 1.49843 0.968308 1.07696 1.67478 2.19891
-9999 -9999 -9999 -9999 -9999 -9999 -9999 -9999 -2.36691 -0.317467 2.34097 3.96058 4.25111 5.47589 6.56494 6.44393 5.90395 5.73962 5.17962 4.01065 2.71926 1.30756 0.620746 -0.957457 0.594068 1.81442 3.11624 3.72416 2.70991 2.20193 3.09562 3.98424 4.33824 5.23615 5.2264 4.93232 3.66789 3.05113 3.31118 3.04613 2.58222 1.45081 1.40002 0.672901 0.371259 0.0861468 -0.841549 -0.253315 -0.19522 -0.0414204 1.23019 1.86132 2.27976 2.66049 2.76053 2.92638 3.14173 3.16132 3.16989 3.16997 3.17522 3.1608 3.10122 3.0514 2.7589 2.2398 1.26956 -0.301605 0.812538 1.9776 2.32408
-9999 -9999 -9999 -9999 -9999 -9999 -9999 -9999 -2.71811 -0.541131 1.73102 2.68155 2.84367 5.05957 6.41658 6.41945 6.16366 5.86467 4.48124 4.56236 4.28536 3.01189 1.15696 -0.880407 -0.69053 0.516441 2.23452 2.80246 1.13001 0.539623 0.970782 2.31557 3.51934 4.7765 5.09504 4.72489 2.75705 0.666033 1.63511 2.67066 2.66452 2.36013 1.31062 0.976889 0.674585 -0.0916798 -1.38726 -1.20301 -0.843427 0.595532 1.05331 1.76095 2.34871 2.12688 2.25662 2.81939 3.14257 3.15534 3.16184 3.17337 3.167 3.14889 3.02847 2.90098 2.68616 1.32915 0.486073 -0.73569 0.693629 1.48838 1.90865
-9999 -9999 -9999 -9999 -9999 -9999 -9999 -9999 -3.39374 -1.81365 0.358115 1.23393 2.63026 4.72431 5.75454 6.24859 6.23811 6.0389 5.41945 5.04687 4.31258 2.98786 1.17647 -0.837184 -2.14857 -1.48369 0.82443 1.36732 -0.172178 -0.955007 0.0162051 1.4496 3.57288 4.7856 4.94848 4.83781 4.43142 2.90458 1.06005 1.06582 1.99018 1.21581 0.315803 0.809753 0.717358 -0.0393405 -0.590125 -0.930261 -0.727095 0.0940368 0.434973 1.25249 2.45942 2.63221 2.59798 3.10643 3.13222 3.14459 3.1644 3.16454 3.16073 3.14643 3.04825 2.82708 1.92399 1.13669 0.0409549 -0.0932408 1.18402 1.73996 2.25905
-9999 -9999 -9999 -9999 -9999 -9999 -9999 -9999 -4.55534 -2.69654 -0.662041 1.24292 3.04516 4.59628 4.71675 5.53494 5.53427 5.96288 5.84019 5.26575 4.64725 3.5058 1.17908 -0.777693 -2.91181 -2.35069 0.00533225 0.305038 -0.72582 -2.62883 -0.66705 1.49668 3.4577 4.51884 3.68508 4.53772 4.46686 3.89434 2.79602 1.08865 1.12034 -0.159391 -0.215773 0.440307 0.652597 0.542144 0.128357 -0.530325 -0.4288 0.0677381 0.194792 0.945994 1.88216 2.79754 2.95136 3.12613 3.13392 3.13719 3.152 3.15447 3.13611 3.09006 2.98712 2.22992 1.32928 0.77487 0.0115069 -0.0801552 1.39573 1.97603 2.3019
-9999 -9999 -9999 -9999 -9999 -9999 -9999 -9999 -9999 -2.8887 -0.786887 0.76859 1.18811 2.56695 3.31171 3.88802 4.01598 5.6592 5.74974 5.38545 4.81723 3.84357 2.07779 0.847075 -1.20002 -2.67187 -2.07887 -1.80184 -1.26309 -1.42405 -0.549924 1.52933 3.69576 3.93115 2.55318 2.75625 3.04361 3.68863 3.36037 1.03409 -0.148199 -1.12977 -0.433976 0.297926 0.474177 0.50848 0.3658 0.196745 -0.0943325 0.885142 1.60977 1.77732 2.4093 2.87593 3.00475 3.10193 3.11413 3.12667 3.12732 3.10069 3.0816 2.96511 2.70324 1.85591 -0.18284 -0.0869048 -0.306818 -0.940572 0.491276 1.39792 2.20904
-9999 -9999 -9999 -9999 -9999 -9999 -9999 -9999 -9999 -3.58967 -1.15795 -0.643432 -0.680571 -1.48441 -1.11326 1.8705 2.47153 4.0474 5.53937 5.4295 4.87196 3.96085 2.90879 1.28027 -1.02194 -2.85159 -3.62854 -1.66834 0.259105 0.656495 1.27195 2.54557 2.78669 1.37835 0.0577202 0.797866 1.24342 2.94321 3.25281 2.92145 1.51935 -0.0837282 -0.921145 0.0647951 0.195367 0.253125 0.263284 0.224558 0.180844 1.28025 1.89091 2.31436 2.54471 2.94521 3.04757 3.08036 3.11138 3.10441 3.08411 3.02125 2.94976 2.63325 2.24997 0.861379 -0.296264 -1.01803 -1.93438 0.13186 0.7418 1.59679 2.14172
