Test_Spring_2018b/02_18/Temp/20180207_013.txt
ncols	170
nrows	115
xllcorner	350000.000000
yllcorner	4445000.000000
cellsize	1000.000000
nodata_value	-9999.000000
[rows 32 to 63 of 115, columns 72 to 143 of 170]
12.6349 12.2644 12.8319 13.354 13.0179 12.792 13.6428 13.6402 13.3438 12.6509 12.3958 12.1317 11.9696 11.0824 8.59463 6.35192 7.55242 7.57996 6.74811 8.2363 7.44771 5.39298 2.49291 4.06547 3.65282 1.57831 1.05899 -9999 -9999 -9999 -9999 -9999 -9999 -9999 -9999 -9999 -9999 -9999 -9999 -9999 -9999 -9999 -9999 -9999 -9999 -9999 -9999 -9999 -9999 -9999 -9999 -9999 -9999 -9999 -9999 -9999 -9999 -9999 -9999 -9999 -9999 -9999 -9999 -9999 -9999 -9999 -9999 -9999 -9999 -9999 -9999 -9999
12.1338 11.9738 12.8184 12.7985 12.7328 13.0213 13.5456 13.6498 13.5329 13.2296 12.9671 12.6882 11.983 10.9681 8.8388 6.28609 5.70649 6.95453 7.01338 7.21283 6.49414 5.59154 4.18023 5.33196 5.77762 4.41451 2.62647 1.47488 -9999 -9999 -9999 -9999 -9999 -9999 -9999 -9999 -9999 -9999 -9999 -9999 -9999 -9999 -9999 -9999 -9999 -9999 -9999 -9999 -9999 -9999 -9999 -9999 -9999 -9999 -9999 -9999 -9999 -9999 -9999 -9999 -9999 -9999 -9999 -9999 -9999 -9999 -9999 -9999 -9999 -9999 -9999 -9999
11.5378 10.7151 11.2235 11.6046 12.2907 12.4607 12.5644 13.5717 13.516 13.4673 13.0345 12.6882 12.1158 11.1389 9.74858 8.07488 5.16125 6.95651 8.36197 8.32481 8.2464 7.61367 6.25788 7.38841 7.43919 5.69198 3.70517 2.54773 2.0678 -9999 -9999 -9999 -9999 -9999 -9999 -9999 -9999 -9999 -9999 -9999 -9999 -9999 -9999 -9999 -9999 -9999 -9999 -9999 -9999 -9999 -9999 -9999 -9999 -9999 -9999 -9999 -9999 -9999 -9999 -9999 -9999 -9999 -9999 -9999 -9999 -9999 -9999 -9999 -9999 -9999 -9999 -9999
10.8616 9.85712 10.3687 11.0517 12.0042 12.4851 12.8591 13.1586 13.4643 13.4259 12.9828 11.6779 11.4905 11.4331 10.5235 8.61556 6.71013 6.21596 8.36061 8.97366 8.84726 9.32481 8.17611 8.71599 8.49139 7.86698 5.95571 4.22178 3.50723 2.09751 -9999 -9999 -9999 -9999 -9999 -9999 -9999 -9999 -9999 -9999 -9999 -9999 -9999 -9999 -9999 -9999 -9999 -9999 -9999 -9999 -9999 -9999 -9999 -9999 -9999 -9999 -9999 -9999 -9999 -9999 -9999 -9999 -9999 -9999 -9999 -9999 -9999 -9999 -9999 -9999 -9999 -9999
-9999 -9999 9.21727 10.1362 10.8979 11.8321 12.64 13.0462 13.4409 13.4068 12.5228 12.0898 12.0508 11.4544 10.4045 9.74535 8.54552 7.29543 7.77199 9.60071 8.78568 10.0804 9.96893 10.205 9.33599 7.66888 5.46566 4.17373 3.53413 2.3913 -9999 -9999 -9999 -9999 -9999 -9999 -9999 -9999 -9999 -9999 -9999 -9999 -9999 -9999 -9999 -9999 -9999 -9999 -9999 -9999 -9999 -9999 -9999 -9999 -9999 -9999 -9999 -9999 -9999 -9999 -9999 -9999 -9999 -9999 -9999 -9999 -9999 -9999 -9999 -9999 -9999 -9999
-9999 -9999 -9999 9.95828 10.5361 11.7968 12.4342 12.6966 13.3346 13.3337 12.9976 12.7437 12.3763 11.8971 11.1079 10.2375 9.10915 9.00434 10.1742 10.1879 9.94231 10.133 10.7325 10.5718 9.21749 6.88936 5.66304 3.15694 2.08977 2.19665 1.44008 -9999 -9999 -9999 -9999 -9999 -9999 -9999 -9999 -9999 -9999 -9999 -9999 4.32454 -9999 -9999 -9999 -9999 -9999 -9999 -9999 -9999 -9999 -9999 -9999 -9999 -9999 -9999 -9999 -9999 -9999 -9999 -9999 -9999 -0.261909 -9999 -9999 -9999 -9999 -9999 -9999 -9999
-9999 -9999 9.85151 10.6181 11.2293 12.0182 12.0847 12.5483 13.2819 13.2902 13.0511 12.7816 12.1781 12.028 11.5787 10.6338 10.4404 10.8231 10.9991 11.1984 11.3206 11.2195 10.9741 10.6571 9.76839 8.69154 7.96764 5.68626 4.52587 3.42465 1.7595 0.45684 -9999 -9999 -9999 -9999 -9999 -9999 -9999 3.45203 3.39047 3.41997 3.7844 4.79073 4.19784 -9999 -9999 -9999 -9999 -9999 -9999 -9999 -9999 -9999 -9999 -9999 -9999 -9999 -9999 -9999 -9999 -9999 -9999 -9999 0.642181 -0.668255 -9999 -9999 -9999 -9999 -9999 -9999
-9999 -9999 10.0401 10.867 11.2782 12.0439 12.4804 12.7542 13.0064 13.2477 13.2044 12.9063 12.4541 12.4562 11.8345 11.4994 11.2603 11.7782 11.8806 11.6725 11.4113 11.1797 10.5263 10.4485 10.2131 9.52813 8.4058 7.24936 5.56628 3.3059 1.08955 -0.698092 -9999 -9999 -9999 -9999 -9999 -9999 3.63357 4.47083 4.97247 3.90699 4.81705 5.64837 5.51423 4.68745 -9999 -9999 -9999 -9999 -9999 -9999 -9999 -9999 -9999 -9999 -9999 -9999 -9999 -9999 6.84615 5.5039 2.79173 1.40134 0.566795 -0.624926 -9999 -9999 -9999 -9999 -9999 -9999
-9999 -9999 9.86945 10.8463 11.5067 12.0923 12.1825 12.7793 13.0331 13.1611 13.1432 13.0826 12.9984 12.4554 12.222 11.4025 12.1872 12.158 11.9598 11.1741 10.833 9.48283 8.88742 8.73359 9.86461 9.0222 7.26733 5.07455 2.43238 2.25245 1.38006 -0.217978 -9999 -9999 -9999 -9999 -9999 -9999 3.887 4.78273 5.53026 5.6393 4.57988 6.05763 5.98265 5.15295 4.96244 5.63769 5.9785 5.71219 6.51605 6.75156 6.385 6.78508 -9999 -9999 -9999 -9999 7.02527 7.08044 7.12221 6.56333 3.60043 1.57654 -0.241348 -0.417499 -9999 -9999 -9999 -9999 -9999 -9999
-9999 -9999 10.5426 11.1422 11.4432 11.4883 12.0128 12.533 12.8489 13.0796 13.0296 13.0088 12.9873 12.8016 12.3709 12.4491 12.415 12.1643 10.6691 8.92337 9.68407 8.64871 6.41953 8.21151 9.19799 8.24349 6.11733 3.65261 2.83482 2.85997 1.64733 0.0872612 -9999 -9999 -9999 1.43091 2.71338 2.82641 3.20568 4.40039 5.30921 5.99444 6.46018 6.43695 5.93637 5.1243 4.24152 4.55154 6.13019 6.51261 6.82453 7.06839 6.72783 6.90304 7.32596 7.54492 7.58997 7.49142 7.46977 7.50544 7.45592 6.9346 4.28541 2.76836 1.79995 -0.157154 -9999 -9999 -9999 -9999 -9999 -9999
-9999 -9999 10.1532 10.6738 11.0944 11.7933 11.8633 12.3054 12.5628 12.9496 12.9917 12.5291 12.9094 12.8602 12.7894 12.6392 12.4189 11.1573 9.41781 7.67354 6.86787 7.20309 5.86621 6.54129 7.54071 7.1708 5.86111 3.66461 3.35113 2.83036 0.788607 -1.1723 -9999 -9999 -1.06135 1.398 3.13048 4.02515 4.30357 4.33174 5.47673 5.56714 6.79846 6.5027 4.86563 5.04574 4.40775 4.81428 5.38787 5.54354 6.36854 7.16682 7.31724 7.32017 7.58946 7.64531 7.66049 7.6547 7.47348 7.55839 7.57241 7.24782 5.32784 4.39134 3.35377 -0.134776 -9999 -9999 -9999 -9999 -9999 -9999
-9999 -9999 10.4112 10.993 11.6304 11.7294 12.2006 12.1497 12.0064 12.6667 12.9039 12.5769 12.3419 12.7738 12.7447 12.6886 12.5957 11.4106 10.0386 7.96038 6.66858 5.8714 5.30797 4.54488 5.05566 4.8931 4.67674 4.91471 4.3073 3.09369 1.89915 -0.335768 -1.54288 -9999 -0.934869 0.175842 2.23632 3.98793 5.10062 4.70314 6.00518 6.24713 6.99181 6.5499 5.55257 5.12078 5.07926 4.94558 5.81778 6.40184 6.80809 7.08372 7.42636 7.51371 7.60214 7.63969 7.66089 7.68271 7.67985 7.67455 7.63709 7.51579 6.63334 5.69435 3.67345 -0.0230077 -9999 -9999 -9999 -9999 -9999 -9999
-9999 8.70856 10.3395 11.3179 11.6931 11.9624 12.1994 12.3698 12.5464 12.7167 12.8326 12.7781 11.9156 11.9863 12.1423 12.6332 12.6 12.4945 11.7452 9.21648 8.33728 7.05458 5.39721 4.69553 5.03612 6.38692 6.32094 5.41752 4.41156 3.01684 2.13243 0.762651 -1.86573 -1.6298 -0.44667 0.43466 1.8359 3.97685 5.47836 6.14937 6.40353 6.92685 7.20011 6.59104 6.00792 5.7625 5.31076 5.24343 5.24266 5.76792 6.17146 7.08629 7.39366 7.53257 7.60482 7.64443 7.67402 7.70354 7.7151 7.69934 7.70192 7.69592 7.62846 6.38368 3.26655 0.91658 -9999 -9999 -9999 -9999 -9999 -9999
-9999 -9999 10.0313 10.4578 10.5648 10.7568 11.1568 11.6194 12.2747 12.3567 12.7196 12.7171 11.9726 11.1153 11.864 12.1628 12.4726 12.4839 12.3888 10.2579 9.14453 8.2667 6.67712 7.23892 7.77712 7.81272 7.47893 5.54768 3.6245 1.40216 -0.666934 -0.768342 -1.88227 -1.29555 -0.513564 1.49341 2.90689 3.48174 3.8953 6.07157 6.63562 6.82724 7.3824 6.62123 6.42076 5.8464 6.01165 5.9573 5.95617 4.37195 5.94792 6.03912 7.06999 7.53239 7.63678 7.66653 7.69875 7.70572 7.71396 7.71141 7.72375 7.70734 7.68852 6.87893 2.92926 0.941951 -9999 -9999 -9999 -9999 -9999 -9999
-9999 -9999 -9999 -9999 10.1507 10.4745 10.68 11.0409 12.1555 12.4546 12.6533 12.6693 12.3381 11.4894 11.2674 11.4253 10.599 11.2937 12.2412 12.2171 12.1006 10.2294 9.26474 10.1852 9.89816 8.48741 7.37572 6.2785 4.02757 2.37285 0.00192376 -1.77842 -1.84704 0.114259 1.74356 3.7746 4.67245 4.16564 4.72044 5.79955 7.0266 7.61922 7.47794 6.67548 6.55509 5.67129 6.5312 6.60053 6.19387 5.84197 5.97134 6.47951 6.67253 7.47939 7.67491 7.70953 7.7176 7.72324 7.72224 7.72002 7.70988 7.70201 7.69061 7.65334 3.59332 0.430808 -9999 -9999 -9999 -9999 -9999 -9999
-9999 -9999 -9999 -9999 9.36611 9.56062 10.0831 11.4353 12.1377 12.4216 12.4098 12.5417 12.3083 11.5621 10.7968 10.0757 9.14467 9.67986 11.0922 11.924 12.017 10.3763 11.22 10.8955 10.2605 8.41719 7.05692 6.33284 4.17147 2.31498 0.736365 -1.44088 -0.512361 0.511583 1.82806 4.04351 5.53987 6.15628 5.64294 6.33468 7.74659 7.75401 6.98065 7.0285 6.54985 5.34344 6.59023 6.93757 6.64892 6.71796 6.6031 6.79052 7.13503 7.46542 7.68571 7.71629 7.7211 7.71626 7.71841 7.72062 7.70634 7.70821 7.69677 7.6753 5.05408 0.36718 -9999 -9999 -9999 -9999 -9999 -9999
-9999 -9999 -9999 -9999 -9999 8.64509 9.84532 11.6421 12.081 12.0371 12.4073 12.4386 12.0804 11.7704 10.8411 9.57117 7.12927 7.75351 9.05358 10.9269 11.91 11.7744 11.2177 10.2607 7.95192 5.93035 5.67922 5.34301 3.76405 2.33191 0.577333 1.58921 2.69902 3.91451 4.55412 4.39004 5.67257 6.71869 6.27774 7.12598 8.11441 7.66594 7.39955 7.17483 6.62294 6.58583 6.63799 7.3439 6.84748 7.14515 7.14381 7.12417 7.29083 7.48386 7.68764 7.72184 7.72387 7.72946 7.70805 7.71828 7.70794 7.69712 7.68655 7.66799 7.42945 4.90242 3.39236 -9999 -9999 -9999 -9999 -9999
-9999 -9999 -9999 -9999 -9999 7.52709 8.12281 10.252 10.9028 11.843 12.342 12.3644 11.7595 11.4231 10.0372 9.58972 7.33108 6.30897 7.17831 6.84532 9.42382 11.7043 11.1985 6.58457 4.90953 3.71283 4.01247 4.0093 3.56571 1.1353 0.464851 2.62924 3.99227 5.04916 5.85192 6.02029 5.99537 7.63032 7.84896 8.38057 8.2657 8.31433 7.48882 6.97654 7.41345 6.89549 6.80328 7.5328 6.80525 7.45487 7.36885 7.17011 7.1582 7.58818 7.67544 7.72224 7.72615 7.71157 7.69219 7.68144 7.69679 7.69107 7.66727 7.66786 7.6431 7.33785 6.03006 5.571 6.07344 -9999 -9999 -9999
-9999 -9999 -9999 -9999 -9999 -9999 6.12759 9.0891 10.4361 11.1456 12.1467 12.2671 11.9426 11.3613 9.95021 8.70955 6.69055 4.38382 3.16174 6.82065 10.0041 11.6639 11.4367 7.59537 6.07587 5.99995 6.88589 6.12778 5.55176 3.70245 3.14981 2.38381 2.85342 4.32511 5.52931 6.69249 7.539 7.6103 8.16008 8.47507 8.50119 8.59917 8.50086 8.41957 7.61586 8.16133 7.69106 7.9342 7.77072 7.62296 7.49058 7.03335 7.35332 7.63731 7.71075 7.73239 7.71699 7.71504 7.7051 7.68037 7.6688 7.66768 7.66509 7.64994 7.6485 7.62922 7.48048 6.69247 5.63828 4.30716 -9999 -9999
-9999 -9999 -9999 -9999 -9999 -9999 4.64101 7.58847 9.00285 10.8316 11.7686 12.1491 12.1003 11.6295 10.5577 8.94319 7.5983 5.02282 2.34777 6.1888 9.6082 11.4523 11.547 8.31295 9.20179 8.4742 8.76039 7.43276 6.87855 6.43402 5.48177 4.44155 3.30182 2.70004 5.40365 6.79309 7.91179 8.44034 8.7397 8.88949 8.80976 8.60495 7.40359 8.31625 8.25884 8.16402 8.05562 8.00105 7.90239 7.78706 7.71254 7.68704 7.38355 7.7229 7.71392 7.71961 7.72272 7.71553 7.70031 7.68711 7.67009 7.66992 7.6576 7.64528 7.63602 7.62682 7.61482 7.5691 7.35776 5.57148 4.50202 4.19585
-9999 -9999 -9999 -9999 -9999 -9999 0.488135 4.77876 8.21695 10.0181 11.4813 11.8852 12.0372 11.4045 10.932 9.77505 8.67925 6.98732 4.45183 2.89008 5.76525 9.94341 11.4804 11.35 11.2491 10.4092 9.65181 9.55217 9.60444 8.71829 7.43503 5.76599 5.24278 4.65889 6.67276 6.94736 6.80205 9.01657 9.02296 8.89805 8.05165 7.10274 7.28137 6.69121 7.13194 6.42895 7.06838 7.62054 7.82451 7.80383 7.72141 7.70681 7.6725 7.7291 7.72845 7.71974 7.71365 7.71118 7.70442 7.68011 7.66665 7.67668 7.65736 7.64377 7.62885 7.6223 7.61541 7.58113 7.54963 7.27288 6.85815 6.06507
-9999 -9999 -9999 -9999 -9999 -9999 0.661301 4.26495 7.32675 9.15865 10.9254 11.336 11.9334 11.8062 11.3109 10.3051 9.04787 7.65533 5.47997 3.86255 5.78466 8.5589 10.5437 11.2457 11.2334 11.1814 10.9882 10.9011 10.6774 10.5104 9.59321 8.01305 7.12272 5.82035 8.06429 8.31716 7.96758 9.08821 9.03298 7.34063 6.03904 5.8763 6.66809 5.91089 5.76897 5.29428 5.8223 7.243 6.82024 6.89919 7.536 7.64076 7.70446 7.72251 7.71825 7.71587 7.70597 7.70891 7.71185 7.68778 7.67705 7.6719 7.64754 7.63992 7.62193 7.6046 7.59026 7.57104 7.54243 7.46225 7.37203 7.45446
-9999 -9999 -9999 -9999 -9999 -9999 0.728064 3.15017 5.90563 8.60532 10.4921 11.2537 11.8088 11.8041 11.2277 10.7282 9.9402 8.71493 7.87413 6.41387 4.40941 7.76629 8.79463 9.70355 10.0819 11.0358 11.0081 10.565 10.0423 10.513 10.3676 9.11988 8.70961 8.01754 9.26569 9.26944 9.23571 9.16962 7.74005 5.7524 4.16332 5.30617 5.06614 5.58788 3.95263 5.28501 6.35838 6.70423 5.96914 5.42329 7.09342 7.36606 7.53073 7.63646 7.7063 7.69011 7.70822 7.6995 7.69578 7.69148 7.67798 7.66985 7.65545 7.64028 7.62174 7.60638 7.58566 7.55779 7.55413 7.51003 7.49198 7.47005
-9999 -9999 -9999 -9999 -9999 -9999 -9999 1.70839 5.19524 8.3153 10.0527 11.1458 11.6788 11.6701 11.3757 11.0364 10.5477 9.66344 8.55214 6.79579 5.49121 6.31654 7.32377 7.42672 8.09429 10.0372 10.6985 9.75232 7.40865 8.77641 10.309 10.2831 10.1518 10.0055 9.81847 9.65013 9.28121 8.29198 5.26013 4.66308 3.47328 3.60771 2.99628 4.32525 3.81745 5.18368 5.77396 5.99483 4.72584 4.98337 6.46426 7.05187 6.95343 7.31461 7.66036 7.67236 7.6832 7.67539 7.68398 7.68782 7.683 7.66714 7.65595 7.6474 7.6145 7.61238 7.49821 7.42344 7.2734 7.45577 7.47205 7.47105
-9999 -9999 -9999 -9999 -9999 -9999 -9999 0.9978 4.485 8.15971 9.33965 10.5179 11.5352 11.5557 11.105 10.6763 10.2345 9.73109 8.38322 7.07575 5.82702 5.40665 5.65597 5.62591 6.70873 9.24166 9.72947 9.5169 7.06367 6.23802 8.2861 10.0076 10.1428 9.98652 7.95979 8.39192 7.29896 5.81644 5.40862 4.75961 3.38772 4.04733 3.0416 3.47091 3.34391 4.11865 4.49499 5.41681 4.31089 4.30581 5.75956 6.49535 6.51337 7.28652 7.56258 7.63555 7.65472 7.6689 7.67344 7.68679 7.68074 7.67025 7.65583 7.61926 7.53132 7.25523 5.78381 5.78471 6.1863 6.56637 7.25203 7.44315
-9999 -9999 -9999 -9999 -9999 -9999 -9999 1.39188 3.81161 7.07227 9.48784 9.63987 10.8148 11.4216 10.9313 10.3791 9.81389 9.56672 8.09987 6.48828 5.18571 3.64373 3.89585 5.00011 6.79813 8.43359 8.72376 8.38247 7.05837 7.67311 9.0696 9.81097 10.0294 9.85696 9.41561 9.16079 8.35591 8.00724 6.88911 5.14052 4.45153 4.88714 3.02989 3.15838 3.84328 3.10142 4.30137 4.87445 3.44742 4.56407 5.8545 6.5141 7.09108 7.36442 7.47378 7.64152 7.64687 7.662 7.67078 7.66945 7.67036 7.64409 7.62223 7.46677 7.23706 5.86949 5.29006 5.40119 6.03264 6.58555 7.15372 7.39086
-9999 -9999 -9999 -9999 -9999 -9999 -9999 1.79459 3.97331 6.80055 8.52278 8.83109 10.1339 11.2925 11.1636 10.5889 10.414 9.81805 8.57403 7.19969 5.69728 4.96619 3.28654 4.93734 6.23347 7.61844 8.26514 7.17266 6.63282 7.5847 8.53132 8.90915 9.86582 9.85662 9.5448 8.2003 7.54486 7.82226 7.54069 7.04732 5.84345 5.78933 5.01536 4.69405 4.39026 3.39453 4.01942 4.08025 4.24285 5.59131 6.26263 6.70778 7.11294 7.21951 7.39619 7.62555 7.64655 7.65571 7.65566 7.66088 7.64488 7.58049 7.52612 7.21313 6.6586 5.62364 3.93669 5.11851 6.35433 6.71868 7.07106 7.25789
-9999 -9999 -9999 -9999 -9999 -9999 -9999 1.41302 3.72772 6.14407 7.15442 7.32611 9.68357 11.1273 11.1302 10.8579 10.5397 9.0676 9.15391 8.85911 7.50394 5.53 3.36192 3.56392 4.84534 6.67407 7.27835 5.48527 4.85776 5.31743 6.74941 8.03142 9.37027 9.71031 9.31748 7.22442 5.00017 6.03209 7.13461 7.12849 6.80484 5.68816 5.33304 5.01127 4.19572 2.80803 3.004 3.38588 4.91196 5.39881 6.15167 6.77708 6.54108 6.67928 7.27832 7.62241 7.63613 7.6431 7.65527 7.64819 7.6284 7.49947 7.36272 7.13274 5.68701 4.78786 3.47521 4.99092 5.83339 6.27049 7.07304 7.26465
-9999 -9999 -9999 -9999 -9999 -9999 -9999 0.685839 2.36558 4.67524 5.60615 7.09123 9.31903 10.415 10.9406 10.9294 10.7174 10.0583 9.66197 8.88071 7.47117 5.54374 3.40107 2.00572 2.71338 5.16722 5.74184 4.09328 3.26101 4.29534 5.82156 8.08197 9.37346 9.54779 9.431 8.99949 7.37559 5.41355 5.42035 6.40451 5.58092 4.62352 5.14938 5.05121 4.24608 3.66003 3.28938 3.50487 4.37385 4.73653 5.60644 6.89081 7.07481 7.03857 7.57983 7.60748 7.62081 7.64198 7.6421 7.63787 7.62228 7.51722 7.28106 6.31899 5.4799 4.31237 4.16781 5.51192 6.09996 6.64377 7.03762 7.16622
-9999 -9999 -9999 -9999 -9999 -9999 -9999 -0.55878 1.41769 3.58138 5.60748 7.5245 9.17455 9.30243 10.1729 10.1722 10.6285 10.4981 9.8871 9.22923 8.01489 5.53929 3.45735 1.18668 1.78409 4.28881 4.59401 3.49777 1.47351 3.5619 5.86525 7.95292 9.08304 8.19677 9.10501 9.03054 8.42218 7.25426 5.43816 5.47255 4.11135 4.05187 4.75045 4.97672 4.85949 4.41943 3.70968 3.8177 4.34143 4.47667 5.27613 6.27248 7.24676 7.4107 7.59694 7.6055 7.60921 7.62513 7.62784 7.60825 7.55905 7.44914 6.64283 5.68368 5.09279 4.27936 4.18054 5.73876 6.35088 6.68988 7.03023 7.16483
-9999 -9999 -9999 -9999 -9999 -9999 -9999 -9999 1.20457 3.43993 5.09414 5.53979 7.0065 7.79871 8.41188 8.54813 10.297 10.3937 10.0065 9.40231 8.36673 6.48826 5.17914 3.00125 1.43547 2.06171 2.34561 2.91966 2.74917 3.68014 5.89354 8.19975 8.4511 6.98567 7.20268 7.50938 8.19667 7.84825 5.37366 4.11637 3.07262 3.81373 4.59319 4.78131 4.81831 4.66693 4.47852 4.16445 5.20687 5.97813 6.15664 6.8294 7.32625 7.46366 7.56743 7.58076 7.59443 7.59539 7.56726 7.54704 7.42305 7.14423 6.24226 4.07232 4.1738 3.93905 3.26381 4.78441 5.72972 6.59168 7.04983 7.16837
-9999 -9999 -9999 -9999 -9999 -9999 -9999 -9999 0.449848 3.03627 3.58275 3.54242 2.68648 3.08113 6.25616 6.89591 8.57322 10.1614 10.0451 9.45259 8.48383 7.36507 5.63285 3.18367 1.2373 0.396908 2.48215 4.53313 4.95678 5.61246 6.96852 7.2259 5.72808 4.32361 5.11211 5.58715 7.3969 7.72731 7.37568 5.88463 4.17968 3.28944 4.33941 4.4791 4.54124 4.55267 4.51152 4.45283 5.62299 6.2731 6.72403 6.96952 7.39609 7.50545 7.54079 7.57426 7.56726 7.54607 7.47951 7.4037 7.06705 6.65924 5.18153 3.94946 3.18111 2.2056 4.40387 5.05012 5.94388 6.52068 6.97634 7.07641
