Test_Spring_2018b/02_18/Temp/20180206_011.txt
ncols	170
nrows	115
xllcorner	350000.000000
yllcorner	4445000.000000
cellsize	1000.000000
nodata_value	-9999.000000
[rows 32 to 63 of 115, columns 72 to 143 of 170]
11.5743 11.2822 11.7412 12.1639 11.8976 11.7243 12.4128 12.4152 12.1823 11.6318 11.4319 11.2247 11.0991 10.393 8.40534 6.61391 7.57951 7.60597 6.94437 8.14047 7.51358 5.87292 3.5554 4.81912 4.49326 2.83722 2.4286 -9999 -9999 -9999 -9999 -9999 -9999 -9999 -9999 -9999 -9999 -9999 -9999 -9999 -9999 -9999 -9999 -9999 -9999 -9999 -9999 -9999 -9999 -9999 -9999 -9999 -9999 -9999 -9999 -9999 -9999 -9999 -9999 -9999 -9999 -9999 -9999 -9999 -9999 -9999 -9999 -9999 -9999 -9999 -9999 -9999
11.1809 11.0573 11.7382 11.7269 11.6785 11.9155 12.3427 12.4307 12.3415 12.1031 11.8973 11.6784 11.118 10.3097 8.60911 6.56948 6.10973 7.11342 7.16494 7.32907 6.75806 6.03982 4.91428 5.84097 6.20231 5.11632 3.69134 2.77641 -9999 -9999 -9999 -9999 -9999 -9999 -9999 -9999 -9999 -9999 -9999 -9999 -9999 -9999 -9999 -9999 -9999 -9999 -9999 -9999 -9999 -9999 -9999 -9999 -9999 -9999 -9999 -9999 -9999 -9999 -9999 -9999 -9999 -9999 -9999 -9999 -9999 -9999 -9999 -9999 -9999 -9999 -9999 -9999
10.7117 10.0574 10.469 10.7786 11.3347 11.4771 11.5647 12.3759 12.3359 12.3014 11.9593 11.6865 11.2325 10.4547 9.34587 8.01008 5.68146 7.12326 8.25294 8.22754 8.16913 7.66689 6.58572 7.49538 7.5405 6.14915 4.56549 3.64323 3.26346 -9999 -9999 -9999 -9999 -9999 -9999 -9999 -9999 -9999 -9999 -9999 -9999 -9999 -9999 -9999 -9999 -9999 -9999 -9999 -9999 -9999 -9999 -9999 -9999 -9999 -9999 -9999 -9999 -9999 -9999 -9999 -9999 -9999 -9999 -9999 -9999 -9999 -9999 -9999 -9999 -9999 -9999 -9999
10.1782 9.37824 9.79228 10.3436 11.1135 11.5054 11.8085 12.0529 12.3023 12.2761 11.9259 10.8856 10.7401 10.6986 9.97468 8.45132 6.92995 6.53855 8.26004 8.75518 8.65825 9.04493 8.12951 8.56618 8.39078 7.89771 6.37515 4.99142 4.42384 3.29965 -9999 -9999 -9999 -9999 -9999 -9999 -9999 -9999 -9999 -9999 -9999 -9999 -9999 -9999 -9999 -9999 -9999 -9999 -9999 -9999 -9999 -9999 -9999 -9999 -9999 -9999 -9999 -9999 -9999 -9999 -9999 -9999 -9999 -9999 -9999 -9999 -9999 -9999 -9999 -9999 -9999 -9999
-9999 -9999 8.87805 9.6207 10.2383 10.99 11.6407 11.9706 12.2914 12.2688 11.5657 11.2236 11.197 10.7239 9.88765 9.36426 8.40783 7.41111 7.79688 9.26533 8.61692 9.65787 9.57285 9.76618 9.0748 7.74962 5.99032 4.96066 4.45317 3.54276 -9999 -9999 -9999 -9999 -9999 -9999 -9999 -9999 -9999 -9999 -9999 -9999 -9999 -9999 -9999 -9999 -9999 -9999 -9999 -9999 -9999 -9999 -9999 -9999 -9999 -9999 -9999 -9999 -9999 -9999 -9999 -9999 -9999 -9999 -9999 -9999 -9999 -9999 -9999 -9999 -9999 -9999
-9999 -9999 -9999 9.48569 9.95609 10.9702 11.4835 11.6984 12.2141 12.2182 11.9538 11.7553 11.4657 11.0866 10.4592 9.76657 8.86736 8.78761 9.72842 9.74347 9.55094 9.7078 10.192 10.0676 8.98968 7.13299 6.15567 4.15415 3.30438 3.39471 2.79368 -9999 -9999 -9999 -9999 -9999 -9999 -9999 -9999 -9999 -9999 -9999 -9999 5.1607 -9999 -9999 -9999 -9999 -9999 -9999 -9999 -9999 -9999 -9999 -9999 -9999 -9999 -9999 -9999 -9999 -9999 -9999 -9999 -9999 1.60377 -9999 -9999 -9999 -9999 -9999 -9999 -9999
-9999 -9999 9.40099 10.0244 10.5184 11.1548 11.2117 11.5873 12.1796 12.1912 12.0046 11.7937 11.3152 11.1997 10.8443 10.0921 9.94147 10.252 10.3969 10.5605 10.6624 10.5854 10.3931 10.1435 9.44109 8.58339 8.00841 6.18648 5.26258 4.38569 3.05727 2.01908 -9999 -9999 -9999 -9999 -9999 -9999 -9999 4.45291 4.40772 4.43544 4.7314 5.54141 5.07103 -9999 -9999 -9999 -9999 -9999 -9999 -9999 -9999 -9999 -9999 -9999 -9999 -9999 -9999 -9999 -9999 -9999 -9999 -9999 2.33425 1.29104 -9999 -9999 -9999 -9999 -9999 -9999
-9999 -9999 9.56415 10.2308 10.5647 11.1825 11.5369 11.7597 11.9666 12.1649 12.1353 11.9015 11.5443 11.5506 11.0573 10.7933 10.606 11.0247 11.1106 10.9479 10.7426 10.5611 10.042 9.98394 9.80438 9.26049 8.36655 7.44543 6.10312 4.29819 2.52854 1.10215 -9999 -9999 -9999 -9999 -9999 -9999 4.60206 5.27645 5.68208 4.83293 5.56564 6.23542 6.13228 5.48172 -9999 -9999 -9999 -9999 -9999 -9999 -9999 -9999 -9999 -9999 -9999 -9999 -9999 -9999 7.28596 6.21643 4.05021 2.94258 2.28027 1.33223 -9999 -9999 -9999 -9999 -9999 -9999
-9999 -9999 9.43438 10.2211 10.7546 11.2283 11.3056 11.7883 11.9954 12.1032 12.094 12.0506 11.988 11.558 11.3756 10.7237 11.3561 11.3367 11.1818 10.5564 10.2871 9.20985 8.73709 8.62231 9.53235 8.86245 7.46211 5.71129 3.60136 3.46216 2.76874 1.49427 -9999 -9999 -9999 -9999 -9999 -9999 4.81273 5.53383 6.13621 6.22736 5.383 6.57026 6.52086 5.86113 5.71335 6.2589 6.53676 6.32923 6.97931 7.17288 6.88433 7.20957 -9999 -9999 -9999 -9999 7.42564 7.47465 7.51307 7.07076 4.70378 3.08895 1.63938 1.50833 -9999 -9999 -9999 -9999 -9999 -9999
-9999 -9999 9.98001 10.4647 10.7105 10.7515 11.1767 11.5982 11.8554 12.0485 12.0135 12.0017 11.9894 11.8453 11.5049 11.5717 11.5485 11.3517 10.1584 8.7644 9.37734 8.54919 6.77073 8.21109 9.00542 8.24582 6.54827 4.57981 3.93083 3.9559 2.99017 1.74927 -9999 -9999 -9999 2.84381 3.87496 3.96958 4.27726 5.23779 5.96937 6.51892 6.89564 6.88349 6.49033 5.84472 5.14264 5.39577 6.66481 6.97608 7.23279 7.43305 7.16529 7.31279 7.65602 7.83589 7.87651 7.80217 7.78949 7.82285 7.78819 7.37601 5.25805 4.04911 3.27982 1.72666 -9999 -9999 -9999 -9999 -9999 -9999
-9999 -9999 9.6776 10.0991 10.4406 11.0062 11.0673 11.4265 11.6378 11.9515 11.9903 11.6249 11.9343 11.8994 11.8472 11.7312 11.5588 10.5525 9.16348 7.77061 7.12932 7.40391 6.33759 6.88348 7.68826 7.39362 6.35376 4.60009 4.35422 3.94316 2.31293 0.747852 -9999 -9999 0.850995 2.82462 4.21605 4.93648 5.16334 5.18975 6.11037 6.18661 7.17646 6.94604 5.64253 5.79141 5.28212 5.61256 6.08007 6.2097 6.87596 7.5208 7.64591 7.65282 7.87293 7.92209 7.93866 7.93848 7.79794 7.87066 7.88685 7.6322 6.10047 5.35655 4.535 1.75211 -9999 -9999 -9999 -9999 -9999 -9999
-9999 -9999 9.89356 10.3643 10.8797 10.964 11.3463 11.3085 11.1991 11.7329 11.927 11.6701 11.4868 11.8373 11.8184 11.7777 11.7072 10.7621 9.66728 8.00698 6.9764 6.34402 5.89704 5.29462 5.70839 5.5831 5.41478 5.6103 5.12657 4.1608 3.20947 1.42456 0.462964 -9999 0.959179 1.85292 3.50694 4.91347 5.80828 5.49381 6.54012 6.73766 7.33983 6.99014 6.19872 5.8606 5.83224 5.73007 6.43328 6.90323 7.23416 7.45962 7.73925 7.81366 7.88883 7.92318 7.94444 7.96624 7.96842 7.96884 7.9438 7.85196 7.15104 6.40766 4.79622 1.84694 -9999 -9999 -9999 -9999 -9999 -9999
-9999 8.53053 9.8422 10.6307 10.9362 11.1569 11.3517 11.4933 11.6398 11.7795 11.8774 11.838 11.1522 11.2134 11.3427 11.7398 11.7172 11.6365 11.0402 9.0192 8.32058 7.30025 5.97781 5.42145 5.69905 6.78557 6.73774 6.01939 5.21892 4.10791 3.40287 2.31112 0.21111 0.404794 1.35669 2.06673 3.19286 4.91109 6.11719 6.65823 6.86547 7.28987 7.51274 7.03187 6.57208 6.38051 6.02373 5.97472 5.97894 6.40425 6.73271 7.46772 7.71838 7.83446 7.89653 7.9324 7.96023 7.98808 8.00171 7.9937 8.0007 8.00122 7.95476 6.96455 4.47741 2.60626 -9999 -9999 -9999 -9999 -9999 -9999
-9999 -9999 9.60146 9.94815 10.0389 10.1978 10.5232 10.8987 11.4285 11.499 11.7944 11.7961 11.2042 10.5223 11.1262 11.3695 11.6215 11.6342 11.5618 9.86201 8.97502 8.27674 7.00869 7.46406 7.89997 7.9335 7.67128 6.12997 4.5951 2.82136 1.16941 1.09287 0.204549 0.678774 1.30944 2.92074 4.05663 4.52085 4.85581 6.60209 7.05859 7.21782 7.66687 7.06202 6.90857 6.45371 6.59101 6.55242 6.55633 5.29254 6.55965 6.63692 7.46643 7.83956 7.92757 7.95539 7.9852 7.99488 8.00576 8.00829 8.02311 8.01655 8.00899 7.36764 4.21247 2.63183 -9999 -9999 -9999 -9999 -9999 -9999
-9999 -9999 -9999 -9999 9.71359 9.97796 10.1477 10.4416 11.3393 11.5835 11.7473 11.7646 11.5037 10.8278 10.6544 10.7849 10.1272 10.6877 11.4512 11.4364 11.3477 9.85413 9.08718 9.82919 9.60444 8.47995 7.5949 6.72141 4.92409 3.60479 1.71108 0.290126 0.239625 1.81436 3.12273 4.75326 5.47625 5.07437 5.5224 6.3917 7.37861 7.85767 7.74919 7.11138 7.02205 6.31949 7.01306 7.07352 6.75271 6.47558 6.58428 6.9953 7.15379 7.80363 7.9639 7.99507 8.00543 8.01394 8.01737 8.02014 8.01832 8.01804 8.01548 7.99272 4.7494 2.2279 -9999 -9999 -9999 -9999 -9999 -9999
-9999 -9999 -9999 -9999 9.09149 9.25243 9.67591 10.7636 11.3311 11.5631 11.5581 11.6681 11.4854 10.8921 10.2833 9.70995 8.96865 9.40143 10.5367 11.2073 11.2865 9.97765 10.6587 10.404 9.90074 8.42991 7.34585 6.77112 5.04547 3.56454 2.30513 0.566268 1.31407 2.13816 3.19639 4.97427 6.17646 6.67409 6.2674 6.82565 7.96069 7.97129 7.35681 7.39996 7.0238 6.063 7.06639 7.34945 7.1231 7.18296 7.096 7.25007 7.52972 7.79791 7.97787 8.00593 8.01342 8.01348 8.01939 8.02629 8.02035 8.02796 8.0255 8.01554 5.92443 2.18245 -9999 -9999 -9999 -9999 -9999 -9999
-9999 -9999 -9999 -9999 -9999 8.52552 9.49161 10.9352 11.2916 11.2611 11.5619 11.5912 11.3085 11.0644 10.3243 9.31146 7.36035 7.86449 8.90995 10.4146 11.2067 11.1031 10.6629 9.9018 8.05839 6.44489 6.24892 5.98472 4.72535 3.58412 2.18371 2.99826 3.89111 4.86847 5.38465 5.25727 6.28821 7.12994 6.78115 7.46479 8.26086 7.90652 7.69809 7.5231 7.08834 7.06386 7.11073 7.6809 7.28815 7.53101 7.53487 7.52303 7.66015 7.81824 7.98487 8.01575 8.02101 8.02937 8.01655 8.02966 8.02693 8.02445 8.02278 8.01525 7.83205 5.81953 4.61915 -9999 -9999 -9999 -9999 -9999
-9999 -9999 -9999 -9999 -9999 7.63653 8.11853 9.82824 10.3542 11.1115 11.5153 11.5375 11.0571 10.7921 9.68638 9.33201 7.5278 6.71351 7.41417 7.15233 9.22189 11.0529 10.6537 6.96455 5.62858 4.67556 4.92056 4.92299 4.57263 2.63201 2.09955 3.83681 4.93228 5.78256 6.42931 6.56831 6.55229 7.86563 8.04485 8.47505 8.38779 8.43159 7.77557 7.3704 7.72745 7.31797 7.24925 7.83831 7.26046 7.78506 7.72107 7.56573 7.55979 7.90752 7.98079 8.02171 8.02866 8.02079 8.00967 8.00593 8.02382 8.02547 8.01325 8.0211 8.00908 7.77556 6.73711 6.37831 6.78937 -9999 -9999 -9999
-9999 -9999 -9999 -9999 -9999 -9999 6.52715 8.90318 9.98657 10.559 11.3648 11.4652 11.2109 10.7489 9.62275 8.63333 7.02105 5.17872 4.20409 7.13866 9.6927 11.0269 10.8507 7.78022 6.5688 6.51318 7.22759 6.62547 6.16899 4.6936 4.25536 3.64614 4.02617 5.20912 6.1775 7.11252 7.79426 7.85561 8.30041 8.55664 8.58235 8.66575 8.59207 8.53206 7.89581 8.33783 7.96638 8.16596 8.03972 7.92581 7.82468 7.46232 7.72205 7.95285 8.01503 8.03663 8.02765 8.02994 8.02642 8.01172 8.00777 8.01313 8.01789 8.01309 8.0197 8.01512 7.90459 7.28227 6.44677 5.38941 -9999 -9999
-9999 -9999 -9999 -9999 -9999 -9999 5.34312 7.70783 8.8451 10.3136 11.0695 11.3793 11.3436 10.9701 10.1156 8.82693 7.75444 5.69695 3.56007 6.63999 9.38211 10.8639 10.945 8.36128 9.0782 8.50075 8.73488 7.67667 7.23757 6.88697 6.12866 5.29979 4.39223 3.91499 6.08324 7.19945 8.09916 8.52667 8.77098 8.89583 8.83616 8.67671 7.71986 8.45574 8.41711 8.34643 8.26471 8.22587 8.15149 8.0635 8.00873 7.99202 7.75254 8.02884 8.02558 8.03323 8.03915 8.03731 8.02963 8.02419 8.01633 8.02155 8.01871 8.01609 8.01631 8.0197 8.01846 7.99026 7.8294 6.40735 5.55906 5.32334
-9999 -9999 -9999 -9999 -9999 -9999 2.02433 5.46443 8.22442 9.6705 10.8479 11.1747 11.2998 10.7968 10.4223 9.49996 8.62695 7.27695 5.25182 4.0066 6.31303 9.66397 10.8984 10.7997 10.7241 10.0567 9.45515 9.38012 9.42655 8.72235 7.70086 6.3681 5.95432 5.49019 7.10621 7.3298 7.21745 8.99493 9.00468 8.90958 8.237 7.48118 7.62946 7.16119 7.52147 6.96378 7.4808 7.92773 8.09562 8.0834 8.02236 8.01644 7.99217 8.04193 8.04443 8.04066 8.03934 8.04138 8.04052 8.0262 8.02116 8.03548 8.02548 8.02174 8.01743 8.02281 8.02539 8.00607 7.98891 7.77526 7.45092 6.82517
-9999 -9999 -9999 -9999 -9999 -9999 2.17228 5.06263 7.51827 8.99164 10.4099 10.7421 11.2239 11.1257 10.733 9.93176 8.92952 7.81924 6.08245 4.79261 6.33704 8.56248 10.1572 10.7251 10.7184 10.6817 10.5319 10.4694 10.2947 10.1662 9.4356 8.17612 7.46666 6.4273 8.2276 8.43385 8.15798 9.0596 9.02 7.66983 6.63274 6.50767 7.14537 6.54431 6.43827 6.06207 6.48983 7.63215 7.30101 7.36835 7.88319 7.97052 8.02654 8.04411 8.04388 8.04534 8.04109 8.04756 8.05453 8.0404 8.03749 8.03954 8.02666 8.02601 8.01893 8.01573 8.01185 8.00426 7.98909 7.9325 7.87047 7.94558
-9999 -9999 -9999 -9999 -9999 -9999 2.23508 4.17694 6.38728 8.55586 10.0702 10.6837 11.1317 11.1317 10.6741 10.2783 9.65181 8.67545 8.00719 6.84313 5.24346 7.93669 8.76399 9.49748 9.80864 10.5775 10.5601 10.2099 9.79442 10.1753 10.0652 9.0697 8.74471 8.1941 9.19715 9.20399 9.18105 9.13249 7.99243 6.40577 5.13842 6.05865 5.87166 6.29286 4.9911 6.06628 6.93078 7.21243 6.62648 6.19355 7.53597 7.75985 7.89503 7.98298 8.04226 8.03284 8.05116 8.04839 8.05006 8.05175 8.04654 8.04606 8.04096 8.03556 8.02609 8.02428 8.01527 8.00346 8.00816 7.97931 7.97191 7.96335
-9999 -9999 -9999 -9999 -9999 -9999 -9999 3.03234 5.83168 8.33366 9.7284 10.6072 11.0376 11.0344 10.8026 10.5352 10.1483 9.44509 8.56032 7.15926 6.12007 6.78635 7.59679 7.68479 8.22451 9.78519 10.3194 9.56633 7.69578 8.79766 10.0284 10.0112 9.90955 9.79583 9.6477 9.51681 9.22554 8.43781 6.01478 5.54376 4.59621 4.70908 4.22478 5.29235 4.89341 5.99253 6.47011 6.65165 5.63998 5.85203 7.04376 7.51777 7.44233 7.73487 8.01371 8.02702 8.03966 8.0377 8.04926 8.05742 8.05905 8.05396 8.05139 8.05124 8.03011 8.03892 7.95492 7.90242 7.78956 7.94267 7.96256 7.97289
-9999 -9999 -9999 -9999 -9999 -9999 -9999 2.47462 5.27086 8.21707 9.16561 10.1128 10.9311 10.9514 10.5945 10.2555 9.90626 9.50792 8.43363 7.39186 6.39724 6.06593 6.27083 6.25059 7.12269 9.1557 9.55099 9.38527 7.43023 6.77306 8.4167 9.79877 9.91059 9.78911 8.17006 8.51999 7.649 6.46633 6.14441 5.62958 4.53608 5.06933 4.26914 4.61797 4.52197 5.14736 5.45356 6.19631 5.31521 5.31721 6.48743 7.08025 7.09824 7.72086 7.94552 8.00775 8.02714 8.04286 8.05123 8.06702 8.06767 8.06511 8.05971 8.03682 7.97298 7.75698 6.58923 6.59695 6.92541 7.2365 7.79489 7.95636
-9999 -9999 -9999 -9999 -9999 -9999 -9999 2.79817 4.73979 7.35459 9.29265 9.41825 10.3629 10.8528 10.4643 10.0264 9.57838 9.38517 8.21552 6.93011 5.89223 4.66269 4.86968 5.7589 7.2021 8.51644 8.75342 8.48462 7.43403 7.93028 9.05232 9.64972 9.82834 9.69407 9.34454 9.14451 8.50422 8.22941 7.33868 5.94331 5.39649 5.75021 4.26806 4.37586 4.9291 4.34068 5.30627 5.76974 4.63153 5.53437 6.57157 7.10353 7.56927 7.79187 7.88323 8.02149 8.02993 8.04647 8.05822 8.06219 8.06827 8.05287 8.04126 7.92287 7.74519 6.65651 6.20099 6.29663 6.8088 7.25797 7.72465 7.92045
-9999 -9999 -9999 -9999 -9999 -9999 -9999 3.12884 4.87757 7.14546 8.5285 8.77938 9.82655 10.7583 10.6593 10.2035 10.068 9.59542 8.6041 7.50853 6.31049 5.73009 4.39016 5.71687 6.75801 7.87172 8.39415 7.52955 7.10156 7.86785 8.62981 8.93625 9.70615 9.70269 9.45699 8.38452 7.86392 8.09038 7.86943 7.47901 6.51979 6.48123 5.86631 5.6138 5.37526 4.5834 5.08846 5.14173 5.27876 6.36508 6.90666 7.26704 7.59535 7.68459 7.83001 8.01773 8.0388 8.05059 8.05525 8.06438 8.05677 8.01065 7.97276 7.72795 7.28987 6.46718 5.12453 6.07714 7.07293 7.37352 7.66475 7.82008
-9999 -9999 -9999 -9999 -9999 -9999 -9999 2.8317 4.6894 6.62842 7.44159 7.58322 9.475 10.6352 10.6418 10.4281 10.1778 9.00366 9.07744 8.84615 7.76587 6.19017 4.45902 4.62558 5.65591 7.12374 7.61219 6.18685 5.68872 6.06099 7.2117 8.24226 9.31831 9.59462 9.28414 7.61237 5.83563 6.66623 7.55344 7.55306 7.29851 6.40901 6.1293 5.87629 5.22786 4.12343 4.28354 4.59384 5.8252 6.21926 6.82622 7.33106 7.14614 7.26083 7.74458 8.02428 8.03957 8.04963 8.06404 8.06323 8.05244 7.95444 7.85035 7.67173 6.51977 5.80554 4.76349 5.98191 6.66246 7.02441 7.67273 7.83172
-9999 -9999 -9999 -9999 -9999 -9999 -9999 2.25794 3.60734 5.46105 6.21075 7.40414 9.19222 10.074 10.4992 10.4946 10.3294 9.80614 9.49336 8.87244 7.7485 6.20991 4.499 3.38645 3.95776 5.92556 6.39332 5.0808 4.41879 5.25129 6.47758 8.29169 9.32994 9.47368 9.38434 9.04302 7.74701 6.18031 6.19011 6.98255 6.32756 5.56545 5.991 5.91688 5.27668 4.81185 4.52032 4.69966 5.4027 5.69739 6.39815 7.43073 7.58221 7.55736 7.99496 8.02136 8.0364 8.05783 8.06254 8.06391 8.05633 7.97726 7.79334 7.02829 6.3618 5.43239 5.32213 6.40606 6.88548 7.32997 7.65084 7.75922
-9999 -9999 -9999 -9999 -9999 -9999 -9999 1.26996 2.85706 4.59401 6.22076 7.76014 9.08573 9.1925 9.8939 9.89773 10.2674 10.1675 9.68277 9.16054 8.19278 6.21515 4.55275 2.73925 3.22222 5.23154 5.48585 4.6126 2.99623 4.67283 6.52149 8.19742 9.10659 8.40122 9.13271 9.07733 8.59447 7.66359 6.21372 6.24558 5.15999 5.11671 5.68042 5.86595 5.77643 5.42841 4.86639 4.95844 5.38517 5.49778 6.1422 6.94426 7.72863 7.86417 8.01759 8.02878 8.03615 8.05337 8.06009 8.04906 8.01443 7.93128 7.29062 6.52768 6.05967 5.41355 5.33966 6.59575 7.09324 7.37359 7.65145 7.7645
-9999 -9999 -9999 -9999 -9999 -9999 -9999 -9999 2.69515 4.48962 5.81873 6.1801 7.35899 7.99778 8.49317 8.60667 10.0113 10.0932 9.78751 9.30818 8.48343 6.98381 5.9401 4.20082 2.95168 3.45938 3.69417 4.15838 4.02641 4.77636 6.55314 8.40418 8.60986 7.44086 7.61896 7.86883 8.42341 8.14868 6.17148 5.16898 4.33745 4.93505 5.56338 5.71823 5.7521 5.63514 5.49221 5.24752 6.08655 6.70846 6.85576 7.3988 7.80099 7.91539 8.00285 8.01791 8.03327 8.0385 8.02046 8.00882 7.91416 7.69558 6.97812 5.24548 5.33163 5.14863 4.61298 5.8385 6.60625 7.30165 7.67369 7.77376
-9999 -9999 -9999 -9999 -9999 -9999 -9999 -9999 2.09957 4.17527 4.61755 4.58993 3.90918 4.22972 6.77644 7.29309 8.64046 9.91642 9.82764 9.35747 8.5861 7.69466 6.31209 4.35551 2.8016 2.13945 3.81223 5.45894 5.8028 6.33245 7.42289 7.63357 6.43882 5.31876 5.95453 6.33925 7.79258 8.06134 7.78392 6.59413 5.23304 4.52428 5.36906 5.48501 5.53889 5.55222 5.52546 5.48733 6.42812 6.95307 7.31856 7.51957 7.86558 7.95759 7.99034 8.02157 8.0204 8.00785 7.95899 7.90272 7.63763 7.31559 6.13695 5.15505 4.54451 3.76818 5.53316 6.05835 6.785 7.25148 7.62139 7.70655
