Test_Spring_2018/04_18/Prec/20180418_015.txt
ncols	170
nrows	115
xllcorner	350000.000000
yllcorner	4445000.000000
cellsize	1000.000000
nodata_value	-9999.000000
[rows 31 to 61 of 115, columns 70 to 139 of 170]
1.21806 1.23604 1.25743 1.28388 1.31017 1.33438 1.43003 1.45839 1.54076 1.56402 1.58841 1.60992 1.63061 1.65026 1.66506 1.68091 1.70597 1.70307 1.6994 1.69935 1.68719 1.66983 1.65885 1.65399 1.64009 1.62829 1.5674 1.58135 1.56344 -9999 -9999 -9999 -9999 -9999 -9999 -9999 -9999 -9999 -9999 -9999 -9999 -9999 -9999 -9999 -9999 -9999 -9999 -9999 -9999 -9999 -9999 -9999 -9999 -9999 -9999 -9999 -9999 -9999 -9999 -9999 -9999 -9999 -9999 -9999 -9999 -9999 -9999 -9999 -9999 -9999
1.1904 1.21108 1.23451 1.26133 1.28473 1.30997 1.41127 1.4208 1.51356 1.53424 1.55557 1.57765 1.59552 1.6112 1.62372 1.63722 1.65618 1.67055 1.66308 1.65867 1.65581 1.63764 1.62922 1.6255 1.62463 1.59841 1.58207 1.57197 1.5145 -9999 -9999 -9999 -9999 -9999 -9999 -9999 -9999 -9999 -9999 -9999 -9999 -9999 -9999 -9999 -9999 -9999 -9999 -9999 -9999 -9999 -9999 -9999 -9999 -9999 -9999 -9999 -9999 -9999 -9999 -9999 -9999 -9999 -9999 -9999 -9999 -9999 -9999 -9999 -9999 -9999
1.16679 1.18636 1.21147 1.23767 1.25976 1.28769 1.31852 1.39592 1.48712 1.50573 1.5244 1.54257 1.55869 1.57278 1.5868 1.59995 1.61641 1.6324 1.63501 1.62506 1.61891 1.60957 1.60294 1.59534 1.58884 1.56723 1.54848 1.50331 1.48886 1.47356 -9999 -9999 -9999 -9999 -9999 -9999 -9999 -9999 -9999 -9999 -9999 -9999 -9999 -9999 -9999 -9999 -9999 -9999 -9999 -9999 -9999 -9999 -9999 -9999 -9999 -9999 -9999 -9999 -9999 -9999 -9999 -9999 -9999 -9999 -9999 -9999 -9999 -9999 -9999 -9999
1.14451 1.16244 1.18884 1.21923 1.24354 1.26943 1.28688 1.44769 1.46641 1.47926 1.49648 1.51202 1.52775 1.54097 1.55322 1.56537 1.57744 1.58868 1.60428 1.59223 1.58004 1.57348 1.56512 1.5579 1.55294 1.53323 1.51825 1.44446 1.46591 1.4509 1.43296 -9999 -9999 -9999 -9999 -9999 -9999 -9999 -9999 -9999 -9999 -9999 -9999 -9999 -9999 -9999 -9999 -9999 -9999 -9999 -9999 -9999 -9999 -9999 -9999 -9999 -9999 -9999 -9999 -9999 -9999 -9999 -9999 -9999 -9999 -9999 -9999 -9999 -9999 -9999
-9999 1.13976 1.16689 1.19903 1.22398 1.24874 1.26273 1.35134 1.44022 1.45655 1.47125 1.48599 1.50094 1.51847 1.52791 1.53456 1.54373 1.55625 1.56675 1.56768 1.55244 1.54353 1.53672 1.52487 1.52013 1.50485 1.49248 1.44437 1.4066 1.42508 1.40887 1.39721 -9999 -9999 -9999 -9999 -9999 -9999 -9999 -9999 -9999 -9999 -9999 -9999 -9999 -9999 -9999 -9999 -9999 -9999 -9999 -9999 -9999 -9999 -9999 -9999 -9999 -9999 -9999 -9999 -9999 -9999 -9999 -9999 -9999 -9999 -9999 -9999 -9999 -9999
-9999 -9999 -9999 -9999 1.20699 1.22477 1.31089 1.33243 1.41856 1.43454 1.44871 1.46315 1.48005 1.49242 1.50059 1.50978 1.51951 1.52532 1.53226 1.53772 1.53212 1.51747 1.51525 1.49991 1.49045 1.47756 1.46926 1.42688 1.39322 1.40886 1.39238 1.37929 -9999 -9999 -9999 -9999 -9999 -9999 -9999 -9999 -9999 -9999 -9999 -9999 -9999 -9999 -9999 -9999 -9999 -9999 -9999 -9999 -9999 -9999 -9999 -9999 -9999 -9999 -9999 -9999 -9999 -9999 -9999 -9999 -9999 -9999 -9999 -9999 -9999 -9999
-9999 -9999 -9999 -9999 -9999 1.2061 1.29025 1.31015 1.39895 1.41644 1.42972 1.44415 1.45808 1.46932 1.47904 1.4874 1.49561 1.50255 1.50925 1.50882 1.49989 1.49548 1.49071 1.4818 1.46892 1.45844 1.41903 1.41421 1.40373 1.39844 1.38402 1.36393 1.34945 -9999 -9999 -9999 -9999 -9999 -9999 -9999 -9999 -9999 -9999 -9999 -9999 1.17227 -9999 -9999 -9999 -9999 -9999 -9999 -9999 -9999 -9999 -9999 -9999 -9999 -9999 -9999 -9999 -9999 -9999 -9999 -9999 -9999 0.881939 -9999 -9999 -9999
-9999 -9999 -9999 -9999 1.16095 1.23974 1.266 1.29025 1.31855 1.40012 1.41377 1.42873 1.44245 1.4539 1.4649 1.47143 1.47774 1.48505 1.48675 1.48379 1.48035 1.47511 1.46851 1.46126 1.45291 1.44312 1.40036 1.3894 1.37563 1.34547 1.35519 1.34103 1.33095 1.32026 -9999 -9999 -9999 -9999 -9999 -9999 -9999 1.21149 1.20244 1.19209 1.17881 1.16078 1.14996 -9999 -9999 -9999 -9999 -9999 -9999 -9999 -9999 -9999 -9999 -9999 -9999 -9999 -9999 -9999 -9999 -9999 -9999 -9999 0.873598 0.876564 -9999 -9999
-9999 -9999 -9999 -9999 1.18965 1.21766 1.24742 1.27409 1.30071 1.38493 1.40247 1.41711 1.43041 1.4424 1.45278 1.45854 1.46575 1.46971 1.47157 1.46779 1.46465 1.46147 1.45675 1.44992 1.44336 1.43171 1.38555 1.37161 1.35901 1.34602 1.33443 1.32568 1.31788 1.30931 -9999 -9999 -9999 -9999 -9999 -9999 1.20657 1.19436 1.18344 1.17995 1.16448 1.14781 1.13463 1.05432 -9999 -9999 -9999 -9999 -9999 -9999 -9999 -9999 -9999 -9999 -9999 -9999 -9999 -9999 0.84798 0.852583 0.864536 0.869146 0.870377 0.873045 -9999 -9999
-9999 -9999 -9999 -9999 1.16889 1.19889 1.23012 1.26047 1.29148 1.37487 1.39297 1.40949 1.42358 1.4349 1.44365 1.4525 1.45762 1.46407 1.46021 1.45911 1.45725 1.45677 1.45198 1.45055 1.44291 1.40069 1.37722 1.36286 1.35233 1.34357 1.35793 1.31582 1.29992 1.28973 -9999 -9999 -9999 -9999 -9999 -9999 1.193 1.18183 1.17082 1.16203 1.15786 1.13809 1.05989 1.0481 1.03174 1.00998 0.989698 0.947067 0.917817 0.902256 0.891376 0.877995 -9999 -9999 -9999 -9999 0.845165 0.842303 0.840067 0.841282 0.85535 0.864025 0.871064 0.842404 -9999 -9999
-9999 -9999 -9999 -9999 1.14524 1.18032 1.2166 1.25292 1.28449 1.36772 1.38789 1.38947 1.40539 1.41795 1.42754 1.43525 1.44176 1.44324 1.44319 1.44227 1.44607 1.44923 1.4369 1.44938 1.44925 1.39683 1.37264 1.35731 1.34717 1.33827 1.33961 1.29765 1.28259 1.23673 -9999 -9999 -9999 1.18563 1.17209 1.16558 1.15772 1.14495 1.13262 1.15258 1.1409 1.08504 1.05818 1.04526 1.03139 1.0102 0.981786 0.959937 0.908402 0.891849 0.880103 0.844177 0.833861 0.826278 0.821071 0.817815 0.815012 0.812441 0.810556 0.811164 0.846831 0.853486 0.856503 0.8539 -9999 -9999
-9999 -9999 -9999 -9999 1.12034 1.15712 1.1944 1.23146 1.26726 1.29842 1.37129 1.3895 1.40656 1.42278 1.4311 1.43861 1.44336 1.44589 1.44635 1.45011 1.45423 1.45621 1.45098 1.43699 1.42981 1.38504 1.35952 1.35495 1.29268 1.28198 1.26214 1.25755 1.23635 1.23031 -9999 -9999 1.19574 1.1757 1.161 1.15153 1.14536 1.1398 1.12687 1.11777 1.10037 1.04911 1.02932 1.00989 1.02681 1.00356 0.945448 0.924952 0.879875 0.856593 0.84392 0.834064 0.824754 0.81843 0.813922 0.810805 0.809542 0.807372 0.80575 0.805809 0.814079 0.816531 0.797282 0.825675 -9999 -9999
-9999 -9999 -9999 -9999 1.09868 1.13616 1.17349 1.21302 1.24906 1.29922 1.37388 1.39407 1.41067 1.42758 1.44025 1.4458 1.45053 1.45235 1.45155 1.454 1.45497 1.45735 1.45319 1.44368 1.43058 1.35156 1.32486 1.30172 1.27934 1.25545 1.24563 1.24265 1.22834 1.21395 1.20702 -9999 1.18554 1.17399 1.15881 1.14597 1.13639 1.13395 1.1207 1.11099 1.0627 1.04917 1.02528 0.975663 0.954664 0.934655 0.910182 0.912707 0.870062 0.853526 0.835909 0.825619 0.817539 0.811761 0.807807 0.805208 0.803668 0.802627 0.801841 0.801252 0.804259 0.78864 0.795258 0.823805 -9999 -9999
-9999 -9999 -9999 1.0511 1.08597 1.12388 1.16542 1.20698 1.24734 1.28591 1.35776 1.39714 1.41777 1.4333 1.45045 1.45863 1.4626 1.46128 1.45954 1.45519 1.45153 1.45484 1.44684 1.4031 1.38927 1.34914 1.32103 1.28775 1.2629 1.24388 1.22717 1.2244 1.21491 1.20471 1.19912 1.18833 1.17535 1.16629 1.15591 1.14212 1.13138 1.12385 1.11659 1.07953 1.06346 1.02026 0.992165 0.970527 0.950138 0.928379 0.907455 0.885318 0.84611 0.846209 0.831694 0.818882 0.81123 0.80595 0.802567 0.800584 0.799607 0.799193 0.798656 0.797787 0.782381 0.785033 0.774743 0.793028 -9999 -9999
-9999 -9999 -9999 -9999 1.07667 1.11967 1.16501 1.20956 1.25177 1.2916 1.36133 1.3906 1.41384 1.44208 1.45844 1.47231 1.47335 1.47288 1.46869 1.46274 1.45428 1.43256 1.41774 1.39908 1.38238 1.33395 1.30259 1.27456 1.2497 1.23516 1.22274 1.22327 1.21508 1.19979 1.19586 1.17988 1.17023 1.15631 1.14699 1.14258 1.1384 1.12319 1.09653 1.06223 1.03927 1.0212 0.989745 0.968214 0.943032 0.919971 0.898085 0.886616 0.841806 0.829259 0.814385 0.814676 0.805918 0.80124 0.798451 0.797194 0.796779 0.79674 0.796472 0.785987 0.767187 0.763678 0.776679 0.791712 -9999 -9999
-9999 -9999 -9999 -9999 -9999 -9999 1.16176 1.20753 1.25293 1.29558 1.36341 1.39352 1.41949 1.44144 1.46002 1.47806 1.4846 1.48476 1.48615 1.46754 1.44745 1.42804 1.40563 1.39001 1.35146 1.31594 1.28717 1.26543 1.24366 1.22392 1.21296 1.20981 1.20366 1.1981 1.18712 1.1688 1.15462 1.14162 1.13598 1.13806 1.13353 1.10417 1.08285 1.06126 1.04055 1.02112 0.988032 0.966736 0.936605 0.911927 0.891549 0.873056 0.83677 0.822338 0.812546 0.80211 0.797211 0.797802 0.795699 0.794948 0.79498 0.795209 0.782407 0.776101 0.768418 0.759944 0.772725 0.792943 -9999 -9999
-9999 -9999 -9999 -9999 -9999 -9999 1.16123 1.20879 1.25379 1.29261 1.36321 1.3949 1.42345 1.44607 1.46517 1.48137 1.49237 1.49719 1.49648 1.48246 1.45829 1.43263 1.40728 1.38857 1.339 1.30857 1.28036 1.25995 1.23889 1.21688 1.20553 1.20342 1.1937 1.19118 1.17586 1.16362 1.15283 1.13925 1.13098 1.12559 1.11971 1.10472 1.08145 1.06182 1.0432 1.01788 0.985748 0.965132 0.932098 0.905363 0.884056 0.863262 0.829011 0.816875 0.806986 0.799902 0.795649 0.794065 0.794343 0.793994 0.794217 0.788992 0.784056 0.777116 0.768716 0.759381 0.763663 0.791201 -9999 -9999
-9999 -9999 -9999 -9999 -9999 -9999 -9999 1.20953 1.25121 1.28818 1.36063 1.39492 1.42231 1.44633 1.46686 1.48126 1.49309 1.50083 1.50866 1.49353 1.46906 1.43668 1.40533 1.37731 1.33437 1.30644 1.28658 1.26676 1.23965 1.21577 1.20178 1.1979 1.19008 1.17144 1.15619 1.14388 1.13751 1.13741 1.13034 1.12202 1.11723 1.10073 1.07887 1.06071 1.03836 1.01357 0.981238 0.953767 0.926827 0.898066 0.878015 0.856343 0.822122 0.811849 0.803733 0.798201 0.79477 0.793754 0.793722 0.79382 0.792874 0.789627 0.784239 0.776794 0.767731 0.757703 0.748528 0.76391 0.764987 -9999
-9999 -9999 -9999 -9999 -9999 -9999 -9999 1.21055 1.25478 1.28947 1.361 1.39008 1.41703 1.44145 1.46368 1.47404 1.49094 1.49491 1.501 1.4957 1.47314 1.45215 1.4117 1.37021 1.32659 1.31824 1.29505 1.27108 1.24149 1.2165 1.19726 1.19975 1.18722 1.16348 1.14786 1.13719 1.13045 1.12567 1.12656 1.11485 1.1057 1.09025 1.07363 1.05211 1.03218 1.00849 0.970693 0.945805 0.919839 0.891345 0.87311 0.850266 0.816993 0.808557 0.802257 0.796222 0.794051 0.793411 0.791615 0.792652 0.791007 0.788503 0.782527 0.774537 0.765003 0.754351 0.743569 0.74688 0.746651 0.7431
-9999 -9999 -9999 -9999 -9999 -9999 -9999 -9999 1.25789 1.28662 1.35438 1.38404 1.40786 1.43156 1.44086 1.46062 1.4775 1.48582 1.49074 1.49016 1.48264 1.44033 1.39684 1.35898 1.314 1.30219 1.27895 1.24983 1.21808 1.19824 1.18085 1.18157 1.1696 1.1627 1.15273 1.13091 1.11977 1.1164 1.11208 1.10818 1.09726 1.08151 1.06367 1.04157 1.01759 0.991647 0.960905 0.93085 0.907633 0.882608 0.862297 0.844776 0.812026 0.805913 0.798656 0.794086 0.792481 0.784512 0.787491 0.788243 0.786252 0.781313 0.778515 0.77008 0.760051 0.749165 0.738018 0.740128 0.733602 0.731873
-9999 -9999 -9999 -9999 -9999 -9999 -9999 -9999 1.25645 1.28297 1.35007 1.37235 1.39485 1.3968 1.41946 1.43806 1.45288 1.46325 1.46486 1.46627 1.46222 1.42728 1.38267 1.34481 1.31502 1.28506 1.25024 1.22603 1.1989 1.18349 1.16729 1.16199 1.15334 1.14886 1.1316 1.12251 1.11137 1.10599 1.09938 1.09224 1.082 1.06811 1.05246 1.02854 1.01083 0.980108 0.946237 0.920686 0.896683 0.87449 0.855091 0.838645 0.805586 0.798075 0.794921 0.78101 0.773664 0.777416 0.779928 0.780328 0.778013 0.772721 0.76466 0.763513 0.75277 0.741772 0.730656 0.733504 0.726342 0.720791
-9999 -9999 -9999 -9999 -9999 -9999 -9999 -9999 1.26783 1.28422 1.33652 1.35835 1.34965 1.37349 1.39365 1.41215 1.42325 1.43115 1.43186 1.42936 1.42575 1.41227 1.38281 1.33306 1.29817 1.25293 1.22527 1.2034 1.18353 1.16302 1.14492 1.14355 1.10941 1.11353 1.09452 1.09992 1.09141 1.09091 1.09006 1.07298 1.06371 1.051 1.03833 1.0237 0.999345 0.973769 0.938582 0.917762 0.891238 0.86728 0.847709 0.83212 0.7988 0.775626 0.774291 0.760195 0.76362 0.766885 0.768883 0.768764 0.766037 0.760601 0.752492 0.742133 0.743289 0.732161 0.721224 0.725268 0.718325 0.712987
-9999 -9999 -9999 -9999 -9999 -9999 -9999 -9999 1.24595 1.30886 1.32446 1.30857 1.32647 1.34797 1.36391 1.3784 1.38893 1.39591 1.39799 1.39489 1.3908 1.37943 1.34579 1.31796 1.28044 1.23072 1.20934 1.18516 1.16399 1.10677 1.0936 1.09187 1.08859 1.06532 1.06981 1.0778 1.06669 1.06499 1.06409 1.05203 1.04258 1.0382 1.02829 1.00942 0.982907 0.963158 0.931922 0.909423 0.885224 0.858251 0.822765 0.808974 0.771242 0.76679 0.745869 0.747714 0.750461 0.752946 0.754272 0.753577 0.750458 0.744923 0.736944 0.727028 0.715962 0.719816 0.708949 0.714786 0.708802 0.703734
-9999 -9999 -9999 -9999 -9999 -9999 -9999 -9999 1.19128 1.29965 1.31395 1.28626 1.30052 1.31754 1.33161 1.34393 1.35402 1.3581 1.35812 1.35519 1.3455 1.33525 1.32495 1.28382 1.26684 1.2181 1.14998 1.12029 1.09907 1.08375 1.09381 1.07972 1.03947 1.04245 1.04309 1.04633 1.03906 1.03728 1.03351 1.02702 1.02461 1.02192 1.01411 0.989176 0.969955 0.943511 0.922437 0.872252 0.845317 0.824806 0.815315 0.806065 0.761441 0.733066 0.731879 0.732556 0.734072 0.735784 0.736212 0.735031 0.731667 0.72604 0.718379 0.709026 0.698634 0.687844 0.694654 0.702417 0.696069 0.68394
-9999 -9999 -9999 -9999 -9999 -9999 -9999 -9999 -9999 1.2526 1.2183 1.22768 1.24223 1.25712 1.27106 1.28321 1.29163 1.29468 1.29292 1.28796 1.27947 1.27051 1.25616 1.22842 1.21069 1.16741 1.13933 1.10642 1.08309 1.07156 1.08005 1.02287 1.00752 1.00338 1.00175 1.00108 1.01122 1.00894 1.00586 1.00364 1.00963 0.98684 0.976291 0.956396 0.939007 0.906124 0.880535 0.852332 0.830049 0.812013 0.804593 0.758757 0.717701 0.711856 0.711833 0.710695 0.714753 0.715436 0.715163 0.713472 0.709837 0.704289 0.697014 0.68253 0.672259 0.66162 0.670382 0.680729 0.67503 0.670655
-9999 -9999 -9999 -9999 -9999 -9999 -9999 -9999 -9999 1.19266 1.19749 1.2 1.21393 1.22515 1.23383 1.24384 1.25187 1.255 1.25338 1.2475 1.24205 1.23292 1.22082 1.20248 1.17963 1.15164 1.12356 1.08931 1.06829 1.05365 1.02062 1.01395 0.994784 0.979795 0.975017 0.972598 0.980102 0.973338 0.972998 0.972447 0.963549 0.953414 0.944911 0.92369 0.910242 0.88854 0.857963 0.835127 0.815986 0.795888 0.788963 0.743144 0.700682 0.693718 0.692406 0.688171 0.687044 0.686738 0.685819 0.683539 0.679631 0.673929 0.666734 0.658301 0.649092 0.639745 0.630972 0.643422 0.66759 0.663287
-9999 -9999 -9999 -9999 -9999 -9999 -9999 -9999 -9999 1.17006 1.17687 1.17796 1.18182 1.19551 1.20078 1.20569 1.21269 1.21599 1.21528 1.20896 1.20567 1.20014 1.19056 1.1806 1.16003 1.13466 1.09825 1.07033 1.0514 1.03802 0.995812 0.980689 0.963865 0.952635 0.945682 0.941578 0.9389 0.93447 0.931637 0.924556 0.919612 0.916075 0.905069 0.886623 0.879605 0.86152 0.840593 0.81526 0.793568 0.776927 0.772961 0.688863 0.676644 0.669727 0.66473 0.662318 0.661163 0.659496 0.657994 0.655336 0.651375 0.646078 0.639501 0.632075 0.624008 0.61648 0.609619 0.609574 0.651367 0.646937
-9999 -9999 -9999 -9999 -9999 -9999 -9999 -9999 -9999 1.14788 1.15256 1.15264 1.15709 1.16711 1.1693 1.16938 1.17321 1.17607 1.17336 1.16963 1.16637 1.16117 1.15451 1.14211 1.13381 1.10717 1.07515 1.04966 1.02948 0.98278 0.970725 0.952904 0.937215 0.926369 0.913723 0.907027 0.902107 0.902312 0.897882 0.887156 0.877979 0.86848 0.861494 0.847286 0.836276 0.822555 0.808874 0.786059 0.769207 0.756751 0.713671 0.657361 0.648464 0.642311 0.637569 0.635224 0.632842 0.630072 0.627918 0.625013 0.621158 0.616229 0.610461 0.604206 0.59744 0.591942 0.587967 0.587128 0.637591 0.627842
-9999 -9999 -9999 -9999 -9999 -9999 -9999 -9999 -9999 1.13068 1.13156 1.13085 1.1363 1.1445 1.13882 1.13565 1.13759 1.13821 1.13624 1.13771 1.1282 1.11843 1.11242 1.10818 1.10391 1.08626 1.04977 1.02827 1.00857 0.96294 0.950682 0.934422 0.914705 0.897359 0.88094 0.870714 0.864793 0.867935 0.871309 0.856396 0.840173 0.828946 0.818535 0.811669 0.800216 0.788371 0.779261 0.772717 0.74656 0.733643 0.639685 0.630374 0.620967 0.613429 0.611479 0.608174 0.602722 0.598646 0.596054 0.592971 0.58919 0.584797 0.579813 0.574897 0.569704 0.564929 0.56686 0.566246 0.597386 0.605818
-9999 -9999 -9999 -9999 -9999 -9999 -9999 -9999 -9999 1.11631 1.11792 1.11516 1.11854 1.11739 1.11045 1.10759 1.1056 1.10418 1.10149 1.09886 1.09258 1.08631 1.08159 1.07813 1.07463 1.06629 1.04621 1.00883 0.945213 0.939968 0.927838 0.907167 0.885368 0.86104 0.843145 0.832207 0.82346 0.816701 0.816354 0.817577 0.807786 0.79223 0.785889 0.779814 0.765413 0.754175 0.746721 0.738258 0.714958 0.672731 0.612687 0.604286 0.594109 0.582579 0.577712 0.574589 0.568707 0.565718 0.562732 0.559463 0.555957 0.552077 0.547874 0.543842 0.540315 0.540633 0.540376 0.542122 0.538732 0.578407
-9999 -9999 -9999 -9999 -9999 -9999 -9999 -9999 -9999 1.10591 1.10362 1.09936 1.09469 1.08924 1.08369 1.08464 1.07978 1.07768 1.07114 1.06576 1.06101 1.05462 1.04946 1.04953 1.04614 1.04271 1.02313 0.983272 0.924655 0.911607 0.904584 0.876657 0.848911 0.823677 0.804875 0.798062 0.782533 0.773012 0.766852 0.763977 0.764675 0.755352 0.753372 0.74416 0.730625 0.719411 0.709886 0.702033 0.698683 0.640801 0.581929 0.574882 0.564861 0.554384 0.544589 0.539644 0.534967 0.531518 0.528252 0.52497 0.521726 0.518509 0.515333 0.512363 0.513043 0.514491 0.513954 0.514674 0.511672 0.533476
