Test_Spring_2018/04_18/Prec/20180419_018.txt
ncols	170
nrows	115
xllcorner	350000.000000
yllcorner	4445000.000000
cellsize	1000.000000
nodata_value	-9999.000000
[rows 32 to 63 of 115, columns 73 to 145 of 170]
0 0 0 0 0 0 0 0 0 0 0 0 0 0 0 0 0 0 0 0.101895 0.107132 0.113843 0.113599 0.11654 0.12193 0.122822 -9999 -9999 -9999 -9999 -9999 -9999 -9999 -9999 -9999 -9999 -9999 -9999 -9999 -9999 -9999 -9999 -9999 -9999 -9999 -9999 -9999 -9999 -9999 -9999 -9999 -9999 -9999 -9999 -9999 -9999 -9999 -9999 -9999 -9999 -9999 -9999 -9999 -9999 -9999 -9999 -9999 -9999 -9999 -9999 -9999 -9999 -9999
0 0 0 0 0 0 0 0 0 0 0 0 0 0 0 0 0 0.100867 0.102372 0.105537 0.109192 0.113828 0.114565 0.116519 0.119281 0.124329 0.130362 -9999 -9999 -9999 -9999 -9999 -9999 -9999 -9999 -9999 -9999 -9999 -9999 -9999 -9999 -9999 -9999 -9999 -9999 -9999 -9999 -9999 -9999 -9999 -9999 -9999 -9999 -9999 -9999 -9999 -9999 -9999 -9999 -9999 -9999 -9999 -9999 -9999 -9999 -9999 -9999 -9999 -9999 -9999 -9999 -9999 -9999
0 0 0 0 0 0 0 0 0 0 0 0 0 0 0 0.101918 0.100638 0.100204 0.102289 0.104686 0.108199 0.113077 0.11423 0.117244 0.118906 0.129084 0.133552 0.136812 -9999 -9999 -9999 -9999 -9999 -9999 -9999 -9999 -9999 -9999 -9999 -9999 -9999 -9999 -9999 -9999 -9999 -9999 -9999 -9999 -9999 -9999 -9999 -9999 -9999 -9999 -9999 -9999 -9999 -9999 -9999 -9999 -9999 -9999 -9999 -9999 -9999 -9999 -9999 -9999 -9999 -9999 -9999 -9999 -9999
0 0 0 0 0 0 0 0 0 0 0 0 0 0 0 0.100242 0.102724 0.101311 0.1026 0.105351 0.107443 0.112383 0.114917 0.118877 0.121135 0.127433 0.135995 0.140272 0.145462 -9999 -9999 -9999 -9999 -9999 -9999 -9999 -9999 -9999 -9999 -9999 -9999 -9999 -9999 -9999 -9999 -9999 -9999 -9999 -9999 -9999 -9999 -9999 -9999 -9999 -9999 -9999 -9999 -9999 -9999 -9999 -9999 -9999 -9999 -9999 -9999 -9999 -9999 -9999 -9999 -9999 -9999 -9999 -9999
-9999 0 0 0 0 0 0 0 0 0 0 0 0 0 0 0 0.101502 0.102914 0.102534 0.106683 0.107864 0.111615 0.115147 0.120715 0.127543 0.132476 0.141311 0.146213 0.151731 -9999 -9999 -9999 -9999 -9999 -9999 -9999 -9999 -9999 -9999 -9999 -9999 -9999 -9999 -9999 -9999 -9999 -9999 -9999 -9999 -9999 -9999 -9999 -9999 -9999 -9999 -9999 -9999 -9999 -9999 -9999 -9999 -9999 -9999 -9999 -9999 -9999 -9999 -9999 -9999 -9999 -9999 -9999 -9999
-9999 -9999 0 0 0 0 0 0 0 0 0 0 0 0 0 0 0 0 0.102053 0.105646 0.108991 0.112127 0.116875 0.121401 0.13236 0.139355 0.148259 0.154685 0.159084 0.164555 -9999 -9999 -9999 -9999 -9999 -9999 -9999 -9999 -9999 -9999 -9999 -9999 0.153529 -9999 -9999 -9999 -9999 -9999 -9999 -9999 -9999 -9999 -9999 -9999 -9999 -9999 -9999 -9999 -9999 -9999 -9999 -9999 -9999 0 -9999 -9999 -9999 -9999 -9999 -9999 -9999 -9999 -9999
-9999 0 0 0 0 0 0 0 0 0 0 0 0 0 0 0 0 0 0.100369 0.10375 0.108021 0.113053 0.118709 0.125539 0.132939 0.140025 0.14636 0.157196 0.164462 0.1723 0.179094 -9999 -9999 -9999 -9999 -9999 -9999 -9999 0.180367 0.176753 0.172281 0.166722 0.15975 0.155051 -9999 -9999 -9999 -9999 -9999 -9999 -9999 -9999 -9999 -9999 -9999 -9999 -9999 -9999 -9999 -9999 -9999 -9999 -9999 0 0 -9999 -9999 -9999 -9999 -9999 -9999 -9999 -9999
-9999 0 0 0 0 0 0 0 0 0 0 0 0 0 0 0 0 0 0 0.103338 0.108319 0.114613 0.12062 0.127139 0.134829 0.143525 0.152463 0.162012 0.172174 0.181917 0.190444 -9999 -9999 -9999 -9999 -9999 -9999 0.19437 0.189598 0.184323 0.180674 0.173258 0.165514 0.159025 0.149883 -9999 -9999 -9999 -9999 -9999 -9999 -9999 -9999 -9999 -9999 -9999 -9999 -9999 -9999 0 0 0 0 0 0 -9999 -9999 -9999 -9999 -9999 -9999 -9999 -9999
-9999 0 0 0 0 0 0 0 0 0 0 0 0 0 0 0 0 0 0 0.103425 0.110707 0.117574 0.124352 0.129655 0.138586 0.149351 0.161052 0.177541 0.181487 0.190234 0.199509 -9999 -9999 -9999 -9999 -9999 -9999 0.205856 0.200341 0.193843 0.18736 0.181969 0.172064 0.161215 0.153967 0.145876 0.136757 0.128643 0.124008 0.111332 0.105262 0.100935 0 -9999 -9999 -9999 -9999 0 0 0 0 0 0 0 0 -9999 -9999 -9999 -9999 -9999 -9999 -9999 -9999
-9999 0 0 0 0 0 0 0 0 0 0 0 0 0 0 0 0 0 0.105872 0.109675 0.11123 0.123084 0.125839 0.132325 0.142492 0.154986 0.168318 0.183233 0.188188 0.198661 0.222626 -9999 -9999 -9999 0.236328 0.234736 0.233443 0.230236 0.224362 0.217723 0.196318 0.187378 0.182841 0.167173 0.158666 0.150486 0.140842 0.129781 0.12132 0.11099 0.104374 0 0.102852 0 0 0 0 0 0 0 0 0 0 0 0 -9999 -9999 -9999 -9999 -9999 -9999 -9999 -9999
-9999 0 0 0 0 0 0 0 0 0 0 0 0 0 0 0 0 0 0.105299 0.112104 0.119446 0.129332 0.134615 0.141829 0.146564 0.177064 0.190608 0.200957 0.215615 0.222673 0.233325 -9999 -9999 0.248776 0.247104 0.24486 0.242196 0.23882 0.234286 0.22662 0.219462 0.209568 0.205821 0.19161 0.1811 0.153408 0.142469 0.140458 0.131569 0.123893 0.111651 0.105307 0.100206 0 0 0 0 0 0 0 0 0 0 0 0 -9999 -9999 -9999 -9999 -9999 -9999 -9999 -9999
-9999 0 0 0 0 0 0 0 0 0 0 0 0 0 0 0 0 0 0.101974 0.110083 0.119667 0.129149 0.154274 0.163958 0.174895 0.185945 0.196149 0.204864 0.221454 0.232617 0.240232 0.249333 -9999 0.258403 0.259085 0.256376 0.252236 0.247249 0.242931 0.234419 0.226299 0.220606 0.211628 0.19563 0.190906 0.180211 0.169605 0.157522 0.129954 0.121946 0.113295 0.10312 0 0 0 0 0 0 0 0 0 0 0 0 0 -9999 -9999 -9999 -9999 -9999 -9999 -9999 -9999
0 0 0 0 0 0 0 0 0 0 0 0 0 0 0 0 0 0 0 0.105679 0.129675 0.143473 0.153873 0.164905 0.174506 0.186325 0.199279 0.212041 0.228948 0.238615 0.249545 0.257844 0.263728 0.266392 0.267617 0.265991 0.261137 0.255298 0.248924 0.241571 0.236114 0.226366 0.220941 0.204568 0.193505 0.182482 0.170743 0.158969 0.146636 0.136633 0.11117 0.10306 0 0 0 0 0 0 0 0 0 0 0 0 0 -9999 -9999 -9999 -9999 -9999 -9999 -9999 -9999
-9999 0 0 0 0 0 0 0 0 0 0 0 0 0 0 0 0 0 0.101654 0.113107 0.125596 0.140286 0.14983 0.16153 0.174142 0.187258 0.202638 0.217575 0.236292 0.249472 0.258392 0.267238 0.270238 0.273744 0.273311 0.271693 0.269247 0.264968 0.25597 0.250621 0.244115 0.234263 0.225397 0.207975 0.196667 0.183828 0.171155 0.158412 0.148402 0.135391 0.123483 0.111352 0 0 0 0 0 0 0 0 0 0 0 0 0 -9999 -9999 -9999 -9999 -9999 -9999 -9999 -9999
-9999 -9999 -9999 0 0 0 0 0 0 0 0 0 0 0 0 0 0 0 0 0.10619 0.121049 0.133932 0.145519 0.159325 0.174965 0.189982 0.204639 0.220601 0.23873 0.252656 0.264408 0.272046 0.274904 0.275524 0.275094 0.274298 0.273539 0.268984 0.264193 0.255897 0.247127 0.238185 0.229099 0.211272 0.199902 0.185326 0.17173 0.158826 0.146018 0.134304 0.120873 0.109279 0 0 0 0 0 0 0 0 0 0 0 0 0 -9999 -9999 -9999 -9999 -9999 -9999 -9999 -9999
-9999 -9999 -9999 0 0 0 0 0 0 0 0 0 0 0 0 0 0 0 0 0.105352 0.120464 0.13117 0.145329 0.160244 0.177059 0.19288 0.207274 0.223331 0.241869 0.254569 0.266907 0.27289 0.277128 0.27919 0.277817 0.276067 0.273684 0.27188 0.26615 0.25768 0.249925 0.242017 0.231548 0.214195 0.20305 0.187481 0.172969 0.159316 0.145214 0.133158 0.119547 0.107074 0 0 0 0 0 0 0 0 0 0 0 0 0 -9999 -9999 -9999 -9999 -9999 -9999 -9999 -9999
-9999 -9999 -9999 -9999 0 0 0 0 0 0 0 0 0 0 0 0 0 0 0 0.106196 0.119309 0.132567 0.148045 0.165865 0.183155 0.197339 0.211147 0.226226 0.243968 0.25672 0.26376 0.269181 0.272863 0.275793 0.278276 0.276746 0.27393 0.271833 0.266095 0.258576 0.251832 0.24339 0.23356 0.216418 0.20344 0.189669 0.174408 0.16081 0.145997 0.133364 0.11963 0.106997 0 0 0 0 0 0 0 0 0 0 0 0 0 0 -9999 -9999 -9999 -9999 -9999 -9999 -9999
-9999 -9999 -9999 -9999 0 0 0 0 0 0 0 0 0 0 0 0 0 0 0.105276 0.11265 0.12206 0.135209 0.156465 0.173236 0.189108 0.202231 0.215243 0.228184 0.247184 0.25777 0.262525 0.267102 0.270648 0.273029 0.27521 0.275581 0.272158 0.268823 0.263926 0.258569 0.251506 0.244416 0.235481 0.217036 0.20512 0.191791 0.176617 0.163421 0.148012 0.135485 0.121859 0.1093 0 0 0 0 0 0 0 0 0 0 0 0 0 0 0 0 -9999 -9999 -9999 -9999 -9999
-9999 -9999 -9999 -9999 -9999 0 0 0 0 0 0 0 0 0 0 0 0 0.10618 0.10983 0.116155 0.126388 0.1387 0.158446 0.174625 0.188322 0.200052 0.213724 0.226284 0.243909 0.253673 0.262432 0.267849 0.271954 0.273167 0.272686 0.271648 0.270794 0.268129 0.26262 0.257561 0.251012 0.2434 0.234411 0.218297 0.205261 0.193015 0.179019 0.165269 0.151381 0.139277 0.126164 0.113117 0.101887 0 0 0 0 0 0 0 0 0 0 0 0 0 0 0 0 -9999 -9999 -9999 -9999
-9999 -9999 -9999 -9999 -9999 0.102595 0 0 0 0 0 0 0 0 0 0 0.102785 0.114112 0.117996 0.122965 0.132515 0.145796 0.161828 0.173612 0.187695 0.199685 0.213526 0.225284 0.240159 0.249802 0.258284 0.268474 0.273894 0.271787 0.270775 0.269274 0.267808 0.265786 0.263015 0.2593 0.250657 0.245504 0.235694 0.218833 0.207556 0.195441 0.182561 0.169296 0.155886 0.144391 0.130957 0.119157 0.108483 0 0 0 0 0 0 0 0 0 0 0 0 0 0 0 0 0 0 0 -9999
-9999 -9999 -9999 -9999 -9999 0.11103 0.104015 0.100944 0 0.103705 0 0 0 0 0 0.100759 0.108229 0.119192 0.130609 0.13816 0.144064 0.15237 0.162429 0.174998 0.188453 0.201258 0.212309 0.222245 0.237278 0.251256 0.259374 0.266048 0.269797 0.26849 0.269074 0.26954 0.265522 0.2642 0.262221 0.260405 0.257209 0.251241 0.239644 0.222419 0.212966 0.200513 0.187488 0.174522 0.161693 0.151206 0.140006 0.12768 0.114738 0.106479 0.100357 0 0 0 0 0 0.100193 0 0 0 0 0 0 0 0 0 0 0 0
-9999 -9999 -9999 -9999 -9999 0.113824 0.111406 0.10554 0.116456 0.110935 0.107458 0.104002 0.102451 0.102679 0.105283 0.11012 0.117134 0.127327 0.138431 0.145487 0.15485 0.164393 0.172338 0.180335 0.191654 0.20267 0.218088 0.227519 0.241048 0.248636 0.258343 0.263202 0.267729 0.26581 0.266293 0.267061 0.264868 0.263856 0.264671 0.263995 0.260513 0.253695 0.248509 0.232272 0.218011 0.206641 0.19315 0.185991 0.173164 0.162249 0.149217 0.133839 0.124046 0.115995 0.109853 0.1057 0.10341 0.102748 0.103358 0.104688 0.106228 0.107516 0 0 0 0 0 0 0 0 0 0 0
-9999 -9999 -9999 -9999 -9999 0.117493 0.116448 0.111451 0.123608 0.118728 0.115563 0.113024 0.112055 0.113052 0.115315 0.119651 0.126403 0.134259 0.144672 0.157302 0.162545 0.175816 0.181963 0.19758 0.20741 0.218032 0.228314 0.237429 0.243419 0.252153 0.258218 0.261942 0.26522 0.264678 0.265453 0.265714 0.265477 0.266808 0.268354 0.268487 0.263389 0.25942 0.252171 0.23844 0.233689 0.22175 0.209969 0.194375 0.183511 0.17242 0.15489 0.144097 0.134629 0.126718 0.120621 0.11621 0.113501 0.112222 0.112038 0.112536 0.113235 0.113714 0.113583 0 0 0 0 0 0 0 0 0 0
-9999 -9999 -9999 -9999 -9999 -9999 0.123862 0.138675 0.132863 0.128929 0.125988 0.124233 0.123982 0.125164 0.127684 0.13191 0.138336 0.146689 0.157522 0.168909 0.177941 0.19211 0.198195 0.207929 0.215234 0.223874 0.234146 0.252907 0.260206 0.262385 0.2659 0.268604 0.270529 0.266139 0.267124 0.267917 0.269203 0.273192 0.27887 0.278955 0.276099 0.273395 0.265886 0.249614 0.239175 0.228883 0.218271 0.209345 0.202764 0.180976 0.168798 0.15854 0.148697 0.138366 0.132271 0.127674 0.124533 0.122604 0.121629 0.12125 0.122542 0.12226 0.121435 0 0 0 0 0 0 0 0 0 0
-9999 -9999 -9999 -9999 -9999 -9999 0.151671 0.146526 0.140667 0.138506 0.136345 0.134709 0.135206 0.137285 0.140408 0.144801 0.15063 0.159129 0.168814 0.179496 0.189743 0.199549 0.209893 0.218061 0.223575 0.231708 0.240142 0.262815 0.269553 0.270656 0.271256 0.273462 0.275379 0.279647 0.279562 0.281491 0.283667 0.283741 0.283696 0.284156 0.280625 0.278788 0.273634 0.256146 0.247305 0.238131 0.227292 0.219062 0.2146 0.192545 0.180942 0.171183 0.161199 0.153168 0.146756 0.141766 0.138054 0.13546 0.133697 0.132491 0.131472 0.130302 0.128713 0.126521 0.101352 0 0 0 0 0 0 0 0
-9999 -9999 -9999 -9999 -9999 -9999 0.157357 0.154617 0.150221 0.146977 0.147315 0.146272 0.146597 0.149354 0.153106 0.157919 0.16335 0.171829 0.181596 0.19181 0.203162 0.212232 0.220272 0.226561 0.232773 0.240589 0.248701 0.269776 0.273989 0.275983 0.278082 0.280176 0.282174 0.284007 0.285062 0.28657 0.286965 0.288149 0.289824 0.289215 0.286095 0.28574 0.281306 0.274998 0.256536 0.246707 0.237174 0.23029 0.215498 0.203394 0.192657 0.182656 0.173946 0.166469 0.159975 0.154837 0.150725 0.147524 0.145025 0.142946 0.141048 0.139003 0.136786 0.134113 0.132543 0.10084 0 0 0 0 0 0 0
-9999 -9999 -9999 -9999 -9999 -9999 0.163228 0.161576 0.158646 0.15732 0.158238 0.157779 0.157932 0.160684 0.16487 0.169277 0.175269 0.183221 0.192273 0.202333 0.211847 0.223363 0.229938 0.236738 0.242795 0.249594 0.271824 0.278625 0.282203 0.284907 0.287656 0.288708 0.290587 0.292341 0.295205 0.29652 0.295916 0.295726 0.295341 0.295466 0.293072 0.291027 0.287419 0.282909 0.264884 0.256452 0.248332 0.228858 0.224617 0.214181 0.20444 0.195286 0.187286 0.179979 0.173462 0.168156 0.163695 0.159956 0.156738 0.153869 0.151162 0.148301 0.145517 0.142634 0.139938 0.107803 0.101065 0 0 0 0 0 0
-9999 -9999 -9999 -9999 -9999 -9999 0.170434 0.169261 0.167728 0.168301 0.170201 0.168799 0.169135 0.172189 0.176255 0.181076 0.188469 0.19418 0.201253 0.210703 0.22174 0.233568 0.241988 0.2404 0.253776 0.260381 0.283891 0.290782 0.295199 0.297288 0.29882 0.299502 0.301056 0.303126 0.307297 0.311135 0.30931 0.306833 0.305527 0.30409 0.303213 0.300397 0.296763 0.293146 0.2761 0.268328 0.260142 0.245854 0.236107 0.22611 0.216643 0.209004 0.201355 0.193639 0.18702 0.181611 0.176841 0.172585 0.168735 0.16511 0.161677 0.158104 0.154377 0.152155 0.148598 0.138899 0.106216 0 0 0 0 0 0
-9999 -9999 -9999 -9999 -9999 -9999 0.178189 0.178698 0.17805 0.179473 0.180007 0.179461 0.180909 0.183586 0.187551 0.192368 0.198497 0.20486 0.212488 0.221741 0.232389 0.243866 0.254536 0.262118 0.266312 0.27657 0.296403 0.303759 0.30751 0.309762 0.310101 0.311213 0.313349 0.315239 0.31695 0.319894 0.322736 0.321832 0.318731 0.317805 0.316393 0.311935 0.307766 0.304053 0.299399 0.279033 0.258316 0.257834 0.248672 0.238934 0.228886 0.221014 0.213996 0.206611 0.200583 0.195091 0.190035 0.185361 0.180919 0.176579 0.172324 0.168089 0.164703 0.160753 0.156918 0.151075 0.11061 0 0 0 0 0 0
-9999 -9999 -9999 -9999 -9999 -9999 0.186677 0.187391 0.18766 0.188035 0.188531 0.189477 0.192943 0.195457 0.199663 0.203558 0.208866 0.215483 0.222759 0.23151 0.242826 0.254043 0.265994 0.273739 0.268216 0.299871 0.308445 0.318028 0.320548 0.322061 0.32318 0.325031 0.329265 0.329863 0.331212 0.332612 0.334115 0.335869 0.333943 0.333471 0.33022 0.325082 0.32005 0.314994 0.309971 0.28978 0.268661 0.269363 0.260805 0.251501 0.242272 0.233516 0.226502 0.21991 0.214022 0.208504 0.20325 0.198199 0.193255 0.188316 0.183323 0.179185 0.174973 0.169825 0.164667 0.158051 0.141536 0.103431 0 0 0 0 0
-9999 -9999 -9999 -9999 -9999 -9999 -9999 0.194769 0.195588 0.197185 0.200586 0.20233 0.205164 0.208393 0.212579 0.214522 0.219469 0.225659 0.23274 0.241092 0.25138 0.261354 0.273225 0.284564 0.285328 0.314706 0.321105 0.328326 0.333309 0.335641 0.33709 0.340956 0.346641 0.348734 0.349723 0.349139 0.349227 0.351731 0.351416 0.349918 0.344828 0.338984 0.333478 0.327728 0.321915 0.286245 0.289868 0.279662 0.270208 0.262094 0.253657 0.245966 0.239292 0.23307 0.227316 0.221795 0.216422 0.211116 0.205714 0.200295 0.194857 0.190078 0.186939 0.179845 0.172934 0.166424 0.149008 0 0 0 0 0 0
-9999 -9999 -9999 -9999 -9999 -9999 -9999 0.202795 0.203705 0.207643 0.212335 0.218179 0.221975 0.22139 0.224906 0.226996 0.229554 0.235241 0.242222 0.250419 0.259522 0.270272 0.282801 0.295106 0.320369 0.313722 0.330795 0.337869 0.344142 0.348707 0.354246 0.361657 0.367904 0.369585 0.370594 0.368301 0.367155 0.365939 0.365447 0.364321 0.361059 0.354024 0.347862 0.341416 0.334805 0.311629 0.300153 0.290678 0.281391 0.272958 0.265407 0.258103 0.251767 0.245919 0.240326 0.234915 0.229512 0.224042 0.218337 0.212709 0.206795 0.202137 0.196653 0.190022 0.183354 0.171393 0.154049 0.130487 0 0 0 0 0
