Test_Spring_2018/04_18/Prec/20180419_013.txt
ncols	170
nrows	115
xllcorner	350000.000000
yllcorner	4445000.000000
cellsize	1000.000000
nodata_value	-9999.000000
[rows 32 to 63 of 115, columns 72 to 143 of 170]
0.918661 0.935575 0.952282 0.968769 0.985893 0.960554 1.01429 1.01675 1.01785 1.01758 1.01575 1.01251 1.00785 1.00202 0.995207 0.986853 0.975994 0.963563 0.949214 0.931878 0.912486 0.890647 0.866246 0.838087 0.808094 0.690472 0.630161 -9999 -9999 -9999 -9999 -9999 -9999 -9999 -9999 -9999 -9999 -9999 -9999 -9999 -9999 -9999 -9999 -9999 -9999 -9999 -9999 -9999 -9999 -9999 -9999 -9999 -9999 -9999 -9999 -9999 -9999 -9999 -9999 -9999 -9999 -9999 -9999 -9999 -9999 -9999 -9999 -9999 -9999 -9999 -9999 -9999
0.968931 0.98426 0.999608 1.01531 0.982469 1.00454 1.06022 1.06309 1.06496 1.06565 1.06498 1.06281 1.05914 1.05381 1.04688 1.03803 1.02646 1.01204 0.995347 0.975888 0.95385 0.929053 0.901703 0.87128 0.838994 0.76581 0.653915 0.629178 -9999 -9999 -9999 -9999 -9999 -9999 -9999 -9999 -9999 -9999 -9999 -9999 -9999 -9999 -9999 -9999 -9999 -9999 -9999 -9999 -9999 -9999 -9999 -9999 -9999 -9999 -9999 -9999 -9999 -9999 -9999 -9999 -9999 -9999 -9999 -9999 -9999 -9999 -9999 -9999 -9999 -9999 -9999 -9999
1.02046 1.03443 1.04866 1.0635 0.993021 1.10448 1.10859 1.11207 1.11516 1.11729 1.11824 1.11759 1.11512 1.11057 1.10368 1.09416 1.08207 1.06573 1.04634 1.02414 0.998835 0.97071 0.940078 0.906513 0.871403 0.761391 0.690737 0.652758 0.616149 -9999 -9999 -9999 -9999 -9999 -9999 -9999 -9999 -9999 -9999 -9999 -9999 -9999 -9999 -9999 -9999 -9999 -9999 -9999 -9999 -9999 -9999 -9999 -9999 -9999 -9999 -9999 -9999 -9999 -9999 -9999 -9999 -9999 -9999 -9999 -9999 -9999 -9999 -9999 -9999 -9999 -9999 -9999
1.07267 1.08511 1.09817 1.1123 1.08409 1.09625 1.15815 1.1631 1.16781 1.17193 1.17497 1.17656 1.17567 1.17207 1.16557 1.15586 1.14244 1.1248 1.10264 1.07708 1.04816 1.01585 0.981156 0.943761 0.904899 0.825639 0.763734 0.675361 0.636318 0.599935 -9999 -9999 -9999 -9999 -9999 -9999 -9999 -9999 -9999 -9999 -9999 -9999 -9999 -9999 -9999 -9999 -9999 -9999 -9999 -9999 -9999 -9999 -9999 -9999 -9999 -9999 -9999 -9999 -9999 -9999 -9999 -9999 -9999 -9999 -9999 -9999 -9999 -9999 -9999 -9999 -9999 -9999
-9999 -9999 1.14766 1.11844 1.18675 1.14283 1.20859 1.21528 1.22222 1.22889 1.23472 1.23864 1.23991 1.23808 1.23248 1.22242 1.20782 1.18842 1.16382 1.13436 1.10143 1.06433 1.02457 0.982391 0.938927 0.874971 0.788334 0.69705 0.654691 0.615487 -9999 -9999 -9999 -9999 -9999 -9999 -9999 -9999 -9999 -9999 -9999 -9999 -9999 -9999 -9999 -9999 -9999 -9999 -9999 -9999 -9999 -9999 -9999 -9999 -9999 -9999 -9999 -9999 -9999 -9999 -9999 -9999 -9999 -9999 -9999 -9999 -9999 -9999 -9999 -9999 -9999 -9999
-9999 -9999 -9999 1.16413 1.23193 1.24395 1.259 1.26801 1.2777 1.28753 1.29652 1.30357 1.30772 1.308 1.3036 1.29382 1.2783 1.25657 1.2287 1.19568 1.15784 1.11573 1.07016 1.02232 0.930465 0.902737 0.850185 0.717113 0.67076 0.627806 0.589088 -9999 -9999 -9999 -9999 -9999 -9999 -9999 -9999 -9999 -9999 -9999 -9999 0.34901 -9999 -9999 -9999 -9999 -9999 -9999 -9999 -9999 -9999 -9999 -9999 -9999 -9999 -9999 -9999 -9999 -9999 -9999 -9999 -9999 0.106199 -9999 -9999 -9999 -9999 -9999 -9999 -9999
-9999 -9999 1.24251 1.26489 1.27534 1.28874 1.24854 1.32039 1.33346 1.3471 1.36003 1.37092 1.37854 1.38142 1.37864 1.36941 1.35287 1.32893 1.29798 1.26049 1.21724 1.1692 1.11741 1.06294 0.988622 0.928629 0.869767 0.777255 0.682708 0.635963 0.594185 0.557264 -9999 -9999 -9999 -9999 -9999 -9999 -9999 0.397084 0.386082 0.375238 0.36417 0.352586 0.340944 -9999 -9999 -9999 -9999 -9999 -9999 -9999 -9999 -9999 -9999 -9999 -9999 -9999 -9999 -9999 -9999 -9999 -9999 -9999 0.10806 0.105771 -9999 -9999 -9999 -9999 -9999 -9999
-9999 -9999 1.29874 1.30567 1.31676 1.33172 1.35031 1.3716 1.38876 1.40677 1.42426 1.43965 1.45127 1.45736 1.45678 1.44824 1.43111 1.40504 1.3706 1.32843 1.27944 1.22479 1.16589 1.10382 1.02077 0.953222 0.88736 0.824299 0.691483 0.640321 0.594924 0.555315 -9999 -9999 -9999 -9999 -9999 -9999 0.406702 0.396127 0.386118 0.37646 0.36588 0.354648 0.342876 0.295669 -9999 -9999 -9999 -9999 -9999 -9999 -9999 -9999 -9999 -9999 -9999 -9999 -9999 -9999 0.118148 0.116304 0.114646 0.112483 0.110007 0.107466 -9999 -9999 -9999 -9999 -9999 -9999
-9999 -9999 1.337 1.34361 1.3554 1.37222 1.39369 1.48054 1.44263 1.46564 1.48831 1.50871 1.52483 1.53481 1.53674 1.52949 1.5117 1.48373 1.44575 1.39869 1.34349 1.28193 1.21515 1.12876 1.05214 0.97635 0.902714 0.83254 0.727217 0.640631 0.590737 0.54802 -9999 -9999 -9999 -9999 -9999 -9999 0.401557 0.392716 0.384232 0.375586 0.366447 0.355598 0.311587 0.298421 0.284482 0.269996 0.255587 0.161463 0.150279 0.144654 0.140036 0.136013 -9999 -9999 -9999 -9999 0.123933 0.122057 0.120084 0.118085 0.116467 0.114372 0.111987 0.108114 -9999 -9999 -9999 -9999 -9999 -9999
-9999 -9999 1.3716 1.3781 1.3909 1.40988 1.43429 1.52383 1.49428 1.53795 1.56432 1.58851 1.60827 1.6214 1.62591 1.62002 1.60294 1.57443 1.53515 1.48582 1.42711 1.33905 1.29851 1.16787 1.08225 0.997527 0.915375 0.83725 0.726072 0.636369 0.582098 0.531156 -9999 -9999 -9999 0.42394 0.410712 0.401159 0.393739 0.387211 0.380899 0.373558 0.36528 0.337522 0.314134 0.300552 0.286052 0.270679 0.254822 0.239525 0.151689 0.145625 0.140723 0.136279 0.133052 0.130506 0.128472 0.126771 0.125183 0.123564 0.121831 0.119992 0.118126 0.115847 0.113112 0.107535 -9999 -9999 -9999 -9999 -9999 -9999
-9999 -9999 1.44029 1.44721 1.46039 1.46462 1.49099 1.52214 1.6083 1.58939 1.62125 1.65102 1.67576 1.69315 1.70069 1.69653 1.67949 1.6495 1.60688 1.55266 1.48817 1.44894 1.36839 1.23564 1.14514 1.01658 0.903255 0.820368 0.74322 0.639753 0.563641 0.516591 -9999 -9999 0.424571 0.407625 0.396112 0.388657 0.383776 0.380039 0.375951 0.371154 0.364462 0.340627 0.319155 0.305607 0.286833 0.270418 0.248465 0.232721 0.155039 0.145351 0.140268 0.136257 0.133082 0.1307 0.128877 0.127405 0.126122 0.124738 0.12319 0.121438 0.119733 0.117396 0.114259 0.109738 -9999 -9999 -9999 -9999 -9999 -9999
-9999 -9999 1.4834 1.49138 1.50572 1.52649 1.55298 1.558 1.64604 1.68056 1.67383 1.70897 1.73891 1.76048 1.77122 1.76883 1.75196 1.72047 1.67465 1.61591 1.54565 1.49715 1.40932 1.23873 1.14131 1.04476 0.950706 0.860614 0.734636 0.627147 0.56361 0.498891 0.458555 -9999 0.404817 0.389528 0.379983 0.374849 0.372522 0.371635 0.370019 0.367301 0.349378 0.341197 0.32039 0.299997 0.284858 0.268732 0.251823 0.229519 0.154986 0.147943 0.13996 0.135816 0.132716 0.130484 0.128893 0.1277 0.126677 0.125604 0.124312 0.122685 0.120814 0.118234 0.115594 0.11102 -9999 -9999 -9999 -9999 -9999 -9999
-9999 1.54071 1.5046 1.51292 1.52845 1.55096 1.57997 1.61458 1.69886 1.71694 1.75513 1.76023 1.79494 1.82059 1.83432 1.8336 1.8171 1.7842 1.73561 1.67297 1.62489 1.5073 1.41143 1.26821 1.16259 1.05747 0.955403 0.857968 0.766568 0.655001 0.545611 0.489686 0.438431 0.406666 0.38438 0.370543 0.363273 0.36063 0.361015 0.36265 0.363856 0.353122 0.348668 0.334486 0.314609 0.300708 0.28505 0.268001 0.250198 0.23211 0.162194 0.14722 0.1412 0.135097 0.132038 0.129959 0.128607 0.127711 0.127005 0.126243 0.125207 0.123753 0.121687 0.119387 0.117307 0.112535 -9999 -9999 -9999 -9999 -9999 -9999
-9999 -9999 1.52232 1.53131 1.54795 1.57202 1.603 1.64004 1.72473 1.76161 1.7988 1.82665 1.84103 1.87021 1.88636 1.88731 1.87122 1.8376 1.78692 1.71907 1.63725 1.54385 1.44192 1.29264 1.17984 1.06793 0.958938 0.855027 0.757503 0.641786 0.565348 0.50031 0.424988 0.387242 0.365553 0.352749 0.347437 0.34758 0.350837 0.354677 0.35106 0.346112 0.341921 0.334802 0.315493 0.30147 0.285117 0.267256 0.248446 0.229754 0.1617 0.152879 0.145314 0.13543 0.131228 0.129293 0.128167 0.127558 0.127158 0.12669 0.125916 0.124638 0.122842 0.120583 0.118488 0.113578 -9999 -9999 -9999 -9999 -9999 -9999
-9999 -9999 -9999 -9999 1.56387 1.58903 1.62144 1.66014 1.74476 1.78316 1.82209 1.85911 1.89146 1.90612 1.92433 1.92656 1.91131 1.86793 1.82371 1.75355 1.6684 1.57144 1.42777 1.31129 1.19329 1.07629 0.962083 0.85268 0.750198 0.63082 0.550691 0.48308 0.428512 0.387221 0.349815 0.338076 0.334476 0.33682 0.342143 0.341896 0.344451 0.344605 0.341628 0.335173 0.316394 0.302311 0.285365 0.266827 0.247301 0.227369 0.161301 0.1519 0.144174 0.137932 0.133457 0.128686 0.127746 0.127367 0.127224 0.12701 0.126471 0.125413 0.123716 0.121332 0.119268 0.114631 -9999 -9999 -9999 -9999 -9999 -9999
-9999 -9999 -9999 -9999 1.57671 1.60248 1.63537 1.67439 1.75867 1.7974 1.83677 1.87423 1.90712 1.93255 1.94586 1.94902 1.93414 1.89969 1.84594 1.77458 1.68789 1.5889 1.44295 1.32382 1.20278 1.08262 0.965143 0.852319 0.746564 0.624901 0.542026 0.472441 0.416116 0.374193 0.346326 0.329167 0.326414 0.329341 0.333803 0.339079 0.342722 0.343974 0.341877 0.335674 0.317358 0.303289 0.285984 0.266952 0.246847 0.226175 0.161143 0.151467 0.143412 0.13708 0.132478 0.129522 0.127515 0.127287 0.127313 0.127276 0.126906 0.125991 0.124406 0.122089 0.119689 0.115438 -9999 -9999 -9999 -9999 -9999 -9999
-9999 -9999 -9999 -9999 -9999 1.61244 1.64481 1.68312 1.76658 1.80437 1.84261 1.87916 1.91131 1.93611 1.95104 1.95346 1.93916 1.90503 1.85167 1.78039 1.69372 1.59447 1.4488 1.32949 1.20831 1.08746 0.968808 0.854848 0.747816 0.625136 0.54122 0.469866 0.412711 0.370192 0.342217 0.327773 0.324383 0.327109 0.332781 0.338459 0.342635 0.344382 0.342465 0.336549 0.318396 0.304039 0.286952 0.26767 0.247394 0.226394 0.161592 0.151761 0.143565 0.137114 0.132405 0.129387 0.127826 0.127424 0.127518 0.127556 0.12727 0.126442 0.124933 0.122678 0.119724 0.114954 0.110862 -9999 -9999 -9999 -9999 -9999
-9999 -9999 -9999 -9999 -9999 1.61936 1.65064 1.68712 1.7693 1.80454 1.84037 1.87461 1.90476 1.92252 1.94156 1.94345 1.93198 1.89294 1.84084 1.77173 1.68663 1.58893 1.44494 1.32882 1.20958 1.09038 0.973189 0.860491 0.754267 0.632448 0.548724 0.477298 0.420078 0.377404 0.349035 0.333049 0.329798 0.334033 0.334898 0.340236 0.344355 0.345739 0.343819 0.337916 0.319408 0.305245 0.288297 0.269129 0.249035 0.228065 0.162809 0.152983 0.144763 0.138166 0.133391 0.130274 0.128624 0.128154 0.128507 0.127914 0.127612 0.126796 0.125324 0.123114 0.120165 0.114878 0.1108 0.106062 0.100749 -9999 -9999 -9999
-9999 -9999 -9999 -9999 -9999 -9999 1.65318 1.68675 1.76732 1.79927 1.83146 1.86222 1.88826 1.90852 1.92043 1.92124 1.9092 1.88287 1.81591 1.74854 1.66675 1.57318 1.43235 1.32067 1.20587 1.09061 0.977179 0.868223 0.765198 0.645292 0.563475 0.494142 0.437904 0.391777 0.362606 0.347707 0.342942 0.346068 0.354109 0.344736 0.347778 0.348333 0.345661 0.339327 0.320776 0.306477 0.289898 0.27123 0.251444 0.231163 0.16475 0.15511 0.146858 0.140282 0.135436 0.132199 0.130395 0.12974 0.129903 0.130514 0.127976 0.127104 0.125616 0.123442 0.120558 0.115251 0.111011 0.106496 0.101722 0 -9999 -9999
-9999 -9999 -9999 -9999 -9999 -9999 1.65308 1.68322 1.76232 1.78989 1.8458 1.84218 1.8643 1.88111 1.89021 1.88928 1.87627 1.85034 1.81069 1.74478 1.63768 1.54944 1.45258 1.30761 1.19858 1.0896 0.982098 0.878642 0.780483 0.663505 0.584972 0.518038 0.458548 0.414072 0.386307 0.370041 0.363319 0.364041 0.369653 0.377635 0.357874 0.352024 0.348717 0.341594 0.322285 0.308323 0.292064 0.274062 0.254978 0.235481 0.167278 0.157797 0.14986 0.143565 0.138438 0.135067 0.133043 0.132122 0.13199 0.132297 0.132698 0.128507 0.125863 0.123706 0.120901 0.115651 0.111558 0.107065 0.102306 0 0 0
-9999 -9999 -9999 -9999 -9999 -9999 1.65207 1.67803 1.79649 1.81444 1.79778 1.81816 1.83575 1.8486 1.8543 1.85105 1.83698 1.81116 1.77313 1.72254 1.64116 1.56279 1.43038 1.29059 1.18944 1.08792 0.987749 0.890609 0.798374 0.685695 0.606658 0.542248 0.482244 0.443554 0.415411 0.397925 0.389248 0.386728 0.389302 0.394199 0.399487 0.364218 0.360633 0.344679 0.324507 0.310908 0.294967 0.277552 0.259297 0.240782 0.170328 0.16213 0.154041 0.147073 0.142173 0.138665 0.136399 0.135151 0.134645 0.13457 0.134604 0.134455 0.127639 0.125721 0.121242 0.11605 0.112175 0.107938 0.10342 0 0 0
-9999 -9999 -9999 -9999 -9999 -9999 1.69431 1.77651 1.79016 1.76082 1.77705 1.79249 1.80521 1.81366 1.8159 1.81021 1.79509 1.76949 1.73311 1.68562 1.62676 1.53223 1.45133 1.31497 1.17972 1.08609 0.99354 0.908372 0.819606 0.707824 0.636274 0.562541 0.514282 0.476501 0.447831 0.428805 0.417747 0.412433 0.411599 0.413397 0.415493 0.416152 0.365097 0.357779 0.33668 0.313615 0.298262 0.281449 0.269537 0.251135 0.175222 0.166106 0.157475 0.151276 0.146389 0.142749 0.14023 0.138631 0.137713 0.137207 0.136827 0.136318 0.135472 0.126109 0.123624 0.118425 0.112863 0.10891 0.104716 0.100378 0 0
-9999 -9999 -9999 -9999 -9999 -9999 1.73001 1.77438 1.78465 1.74515 1.75653 1.76699 1.77501 1.77919 1.77798 1.76977 1.75339 1.72802 1.69299 1.64852 1.59495 1.53146 1.42723 1.29664 1.22903 1.13742 1.04576 0.956032 0.809286 0.734146 0.648465 0.593414 0.547184 0.510126 0.481351 0.460918 0.447386 0.439302 0.435362 0.43369 0.432487 0.429833 0.425731 0.361494 0.339678 0.334377 0.318582 0.301547 0.275011 0.257992 0.17898 0.168908 0.161719 0.155689 0.150819 0.14707 0.1443 0.142359 0.14103 0.140081 0.139276 0.138393 0.137246 0.135688 0.124146 0.118965 0.115569 0.113897 0.109708 0.103626 0 0
-9999 -9999 -9999 -9999 -9999 -9999 -9999 1.81607 1.76101 1.76645 1.77163 1.77568 1.77769 1.7766 1.77118 1.76022 1.74267 1.71771 1.68469 1.6434 1.59358 1.53514 1.43063 1.30021 1.21912 1.13559 1.05208 0.970515 0.85986 0.758977 0.695711 0.640717 0.594073 0.55584 0.514157 0.492458 0.4768 0.466077 0.459282 0.46435 0.460319 0.455559 0.449605 0.375455 0.351207 0.337312 0.322184 0.306075 0.28971 0.197609 0.185307 0.176897 0.169646 0.163338 0.155245 0.151396 0.148408 0.146146 0.144427 0.14306 0.141848 0.143204 0.141888 0.140233 0.127317 0.121917 0.118693 0.115143 0.111362 0.107332 0.103278 0
-9999 -9999 -9999 -9999 -9999 -9999 -9999 1.75104 1.75313 1.75482 1.7564 1.75666 1.75489 1.75043 1.74221 1.72912 1.7103 1.68502 1.65295 1.6136 1.56696 1.51311 1.45265 1.28399 1.21019 1.13413 1.05829 0.983908 0.845226 0.781042 0.722234 0.670274 0.625852 0.588705 0.558977 0.535016 0.516983 0.503539 0.49313 0.484869 0.477718 0.469967 0.461721 0.451602 0.354088 0.340479 0.325918 0.310456 0.295098 0.200875 0.188838 0.180914 0.174022 0.167852 0.162733 0.158558 0.155213 0.152565 0.150465 0.148736 0.147208 0.145708 0.144083 0.142215 0.140019 0.12557 0.120124 0.116859 0.113298 0.109617 0 0
-9999 -9999 -9999 -9999 -9999 -9999 -9999 1.74824 1.74748 1.74601 1.74391 1.74105 1.73599 1.72842 1.71768 1.70273 1.68284 1.65729 1.62603 1.58854 1.5447 1.49487 1.43901 1.37805 1.20235 1.13319 1.06406 0.996192 0.859045 0.799431 0.744862 0.696267 0.653918 0.617823 0.587726 0.563035 0.543241 0.527228 0.514339 0.503551 0.493494 0.48332 0.473208 0.461581 0.44849 0.343446 0.329148 0.314502 0.300143 0.200174 0.191916 0.184467 0.177776 0.171949 0.166959 0.162722 0.159229 0.156335 0.153922 0.151851 0.149974 0.148161 0.146279 0.144261 0.142016 0.139762 0.12133 0.118327 0.115049 0.111699 0 0
-9999 -9999 -9999 -9999 -9999 -9999 -9999 1.7477 1.74422 1.73998 1.73513 1.72932 1.72145 1.7112 1.69822 1.68167 1.66072 1.63506 1.60436 1.56828 1.52678 1.47982 1.42824 1.37157 1.19635 1.1328 1.06916 0.929755 0.870728 0.815167 0.764152 0.718306 0.677589 0.642405 0.612382 0.587296 0.566134 0.548129 0.532873 0.519479 0.507307 0.49521 0.483098 0.470259 0.456539 0.345732 0.331991 0.318092 0.295676 0.20226 0.194607 0.187583 0.181215 0.175609 0.170677 0.166399 0.162781 0.159694 0.157034 0.154684 0.152535 0.150481 0.148406 0.146294 0.144077 0.141774 0.122811 0.119813 0.116699 0.111381 0 0
-9999 -9999 -9999 -9999 -9999 -9999 -9999 1.74984 1.74389 1.73729 1.73016 1.72197 1.71154 1.69915 1.68439 1.66643 1.6447 1.61905 1.58844 1.55317 1.51337 1.46908 1.42052 1.36762 1.25122 1.13305 1.07378 0.935717 0.88042 0.828243 0.779836 0.735893 0.696561 0.662101 0.632251 0.606896 0.585152 0.565578 0.548332 0.533055 0.518925 0.505501 0.491926 0.478034 0.463731 0.429598 0.334455 0.320975 0.212127 0.204427 0.197083 0.190287 0.184287 0.178806 0.173824 0.169495 0.16579 0.162557 0.159708 0.157156 0.154805 0.152587 0.150393 0.148176 0.146164 0.143879 0.137757 0.121276 0.118553 0.102169 0.100082 0
-9999 -9999 -9999 -9999 -9999 -9999 -9999 1.7546 1.74673 1.73813 1.72903 1.71861 1.70643 1.69252 1.67628 1.65721 1.63479 1.60869 1.57842 1.54396 1.50531 1.46258 1.41601 1.36585 1.31246 1.13403 1.02825 0.940334 0.887727 0.837742 0.791286 0.748657 0.710445 0.676663 0.646915 0.620878 0.598342 0.578583 0.560476 0.543718 0.528482 0.513873 0.49909 0.484359 0.469506 0.45421 0.33591 0.31294 0.213909 0.206465 0.199293 0.1925 0.186522 0.181164 0.176227 0.171959 0.16819 0.164853 0.161883 0.159196 0.156714 0.15438 0.152134 0.150067 0.147919 0.145773 0.143275 0.122566 0.117365 0.103876 0.102145 0.100533
-9999 -9999 -9999 -9999 -9999 -9999 -9999 1.76199 1.75232 1.74214 1.73127 1.71935 1.70605 1.69126 1.67397 1.65415 1.63104 1.60453 1.57431 1.54009 1.50193 1.46013 1.41458 1.36589 1.31397 1.19939 0.99674 0.943514 0.892754 0.843896 0.798441 0.756825 0.719368 0.686297 0.65646 0.630243 0.607128 0.586659 0.568365 0.551124 0.535285 0.519746 0.504293 0.488963 0.473549 0.457968 0.422217 0.313448 0.215451 0.208137 0.201051 0.194387 0.188252 0.182867 0.17802 0.173736 0.169928 0.166537 0.163501 0.160752 0.158221 0.155848 0.15373 0.151678 0.149521 0.147379 0.145004 0.138125 0.118751 0.105707 0.104218 0.10283
-9999 -9999 -9999 -9999 -9999 -9999 -9999 -9999 1.7604 1.74902 1.73721 1.72479 1.71079 1.6952 1.67743 1.65712 1.63332 1.60646 1.57596 1.54158 1.50331 1.46137 1.4157 1.36715 1.316 1.14921 0.998667 0.945464 0.894687 0.846559 0.801541 0.760242 0.723321 0.690637 0.661134 0.634893 0.611437 0.590664 0.572369 0.555232 0.539056 0.523041 0.507292 0.491711 0.476024 0.46017 0.409784 0.22457 0.216635 0.209076 0.202076 0.195437 0.189377 0.183961 0.179104 0.174794 0.170964 0.167562 0.164526 0.161779 0.159281 0.156979 0.154931 0.153251 0.151009 0.148837 0.146748 0.140033 0.109056 0.107602 0.106289 0.105115
-9999 -9999 -9999 -9999 -9999 -9999 -9999 -9999 1.771 1.75878 1.74673 1.73408 1.72046 1.70483 1.68631 1.66574 1.64174 1.61421 1.58323 1.54829 1.50934 1.46644 1.42002 1.3706 1.31858 1.18015 1.06981 0.945607 0.894036 0.845471 0.800305 0.759301 0.722738 0.690084 0.66059 0.634543 0.611095 0.590467 0.571945 0.55514 0.539348 0.523892 0.508144 0.492565 0.476783 0.460731 0.427771 0.31628 0.217771 0.209998 0.202721 0.196019 0.189842 0.184336 0.179433 0.175088 0.171263 0.167893 0.164917 0.162253 0.159893 0.157721 0.155926 0.154129 0.152234 0.150387 0.147725 0.141266 0.125509 0.109503 0.108379 0.107405
