Test_Spring_2018/04_18/Prec/20180419_016.txt
ncols	170
nrows	115
xllcorner	350000.000000
yllcorner	4445000.000000
cellsize	1000.000000
nodata_value	-9999.000000
[rows 31 to 61 of 115, columns 70 to 139 of 170]
0.221528 0.21828 0.216794 0.218512 0.218233 0.211037 0.219539 0.220192 0.274404 0.277197 0.28212 0.285711 0.290496 0.296751 0.301155 0.309915 0.331429 0.329157 0.330095 0.338536 0.338773 0.337365 0.345369 0.362032 0.371785 0.385036 0.371518 0.392112 0.401496 -9999 -9999 -9999 -9999 -9999 -9999 -9999 -9999 -9999 -9999 -9999 -9999 -9999 -9999 -9999 -9999 -9999 -9999 -9999 -9999 -9999 -9999 -9999 -9999 -9999 -9999 -9999 -9999 -9999 -9999 -9999 -9999 -9999 -9999 -9999 -9999 -9999 -9999 -9999 -9999 -9999
0.205697 0.204671 0.205012 0.207211 0.204545 0.202327 0.211602 0.255063 0.264507 0.266814 0.27089 0.277259 0.28146 0.285852 0.289834 0.297809 0.314452 0.329983 0.327443 0.331458 0.340431 0.337508 0.347184 0.364083 0.385923 0.384323 0.393503 0.410384 0.404934 -9999 -9999 -9999 -9999 -9999 -9999 -9999 -9999 -9999 -9999 -9999 -9999 -9999 -9999 -9999 -9999 -9999 -9999 -9999 -9999 -9999 -9999 -9999 -9999 -9999 -9999 -9999 -9999 -9999 -9999 -9999 -9999 -9999 -9999 -9999 -9999 -9999 -9999 -9999 -9999 -9999
0.194299 0.191816 0.193601 0.195166 0.191406 0.192314 0.192127 0.243586 0.254117 0.255801 0.258792 0.26292 0.267004 0.27138 0.278274 0.287114 0.302243 0.320053 0.327868 0.326535 0.332171 0.337752 0.348934 0.361798 0.378017 0.381149 0.38844 0.388191 0.4082 0.42052 -9999 -9999 -9999 -9999 -9999 -9999 -9999 -9999 -9999 -9999 -9999 -9999 -9999 -9999 -9999 -9999 -9999 -9999 -9999 -9999 -9999 -9999 -9999 -9999 -9999 -9999 -9999 -9999 -9999 -9999 -9999 -9999 -9999 -9999 -9999 -9999 -9999 -9999 -9999 -9999
0.18448 0.180081 0.182872 0.188392 0.186757 0.185736 0.224276 0.246253 0.247842 0.244618 0.247087 0.249615 0.25436 0.25891 0.265029 0.273772 0.285299 0.299022 0.320131 0.317059 0.317 0.325594 0.335393 0.349098 0.367536 0.373515 0.38585 0.378029 0.414784 0.430967 0.442966 -9999 -9999 -9999 -9999 -9999 -9999 -9999 -9999 -9999 -9999 -9999 -9999 -9999 -9999 -9999 -9999 -9999 -9999 -9999 -9999 -9999 -9999 -9999 -9999 -9999 -9999 -9999 -9999 -9999 -9999 -9999 -9999 -9999 -9999 -9999 -9999 -9999 -9999 -9999
-9999 0.169742 0.172912 0.17979 0.178442 0.175995 0.217402 0.224232 0.234339 0.234705 0.23496 0.237075 0.241504 0.250833 0.254698 0.258529 0.267718 0.283198 0.299775 0.310057 0.307582 0.314568 0.326793 0.33706 0.357144 0.369271 0.386313 0.391228 0.398636 0.439206 0.456001 0.475636 -9999 -9999 -9999 -9999 -9999 -9999 -9999 -9999 -9999 -9999 -9999 -9999 -9999 -9999 -9999 -9999 -9999 -9999 -9999 -9999 -9999 -9999 -9999 -9999 -9999 -9999 -9999 -9999 -9999 -9999 -9999 -9999 -9999 -9999 -9999 -9999 -9999 -9999
-9999 -9999 -9999 -9999 0.172159 0.212386 0.220435 0.216208 0.223298 0.222825 0.222196 0.223783 0.230019 0.234207 0.236896 0.243397 0.253397 0.262619 0.276194 0.291642 0.299586 0.302043 0.320247 0.328836 0.3464 0.363444 0.387486 0.401523 0.414501 0.457501 0.477865 0.499983 -9999 -9999 -9999 -9999 -9999 -9999 -9999 -9999 -9999 -9999 -9999 -9999 -9999 -9999 -9999 -9999 -9999 -9999 -9999 -9999 -9999 -9999 -9999 -9999 -9999 -9999 -9999 -9999 -9999 -9999 -9999 -9999 -9999 -9999 -9999 -9999 -9999 -9999
-9999 -9999 -9999 -9999 -9999 0.202094 0.21024 0.206608 0.212102 0.212011 0.209529 0.210256 0.212835 0.215348 0.219168 0.224625 0.233101 0.243668 0.257497 0.267935 0.273739 0.287862 0.305491 0.322827 0.339869 0.362637 0.379461 0.414908 0.445377 0.481728 0.508792 0.528618 0.551561 -9999 -9999 -9999 -9999 -9999 -9999 -9999 -9999 -9999 -9999 -9999 -9999 0.493753 -9999 -9999 -9999 -9999 -9999 -9999 -9999 -9999 -9999 -9999 -9999 -9999 -9999 -9999 -9999 -9999 -9999 -9999 -9999 -9999 0.203757 -9999 -9999 -9999
-9999 -9999 -9999 -9999 0.145974 0.194224 0.194805 0.193611 0.194299 0.200116 0.196402 0.196196 0.197284 0.198903 0.203098 0.206124 0.212414 0.223391 0.232725 0.241561 0.254178 0.269375 0.287629 0.309589 0.334649 0.362185 0.380647 0.414291 0.446782 0.467889 0.52019 0.551274 0.583685 0.611848 -9999 -9999 -9999 -9999 -9999 -9999 -9999 0.618219 0.600719 0.579335 0.553469 0.522198 0.498144 -9999 -9999 -9999 -9999 -9999 -9999 -9999 -9999 -9999 -9999 -9999 -9999 -9999 -9999 -9999 -9999 -9999 -9999 -9999 0.200199 0.20264 -9999 -9999
-9999 -9999 -9999 -9999 0.180992 0.181559 0.183358 0.182169 0.181603 0.186528 0.18448 0.181938 0.180765 0.181287 0.183509 0.184759 0.191318 0.198829 0.208697 0.217679 0.232161 0.251612 0.274589 0.300494 0.331501 0.362013 0.381955 0.418392 0.458129 0.498441 0.539944 0.582494 0.622916 0.658365 -9999 -9999 -9999 -9999 -9999 -9999 0.681609 0.660819 0.636993 0.617496 0.584359 0.549402 0.518195 0.472985 -9999 -9999 -9999 -9999 -9999 -9999 -9999 -9999 -9999 -9999 -9999 -9999 -9999 -9999 0.183805 0.186869 0.197392 0.200836 0.201119 0.203007 -9999 -9999
-9999 -9999 -9999 -9999 0.170907 0.171075 0.171686 0.171296 0.172094 0.174547 0.171191 0.167953 0.165186 0.162929 0.161743 0.164637 0.168202 0.177815 0.182316 0.19492 0.212386 0.236984 0.263134 0.298382 0.33307 0.356396 0.386557 0.429078 0.477708 0.52923 0.605397 0.619763 0.658503 0.698002 -9999 -9999 -9999 -9999 -9999 -9999 0.733141 0.709243 0.680457 0.650391 0.622941 0.579467 0.527572 0.492617 0.454969 0.414221 0.377418 0.359126 0.311823 0.283962 0.263015 0.241624 -9999 -9999 -9999 -9999 0.188469 0.183662 0.179761 0.179471 0.192037 0.199407 0.205299 0.200195 -9999 -9999
-9999 -9999 -9999 -9999 0.157227 0.159802 0.162451 0.164744 0.162696 0.163881 0.159514 0.159436 0.155004 0.150595 0.147168 0.14645 0.149708 0.153678 0.162254 0.17638 0.201706 0.232935 0.255244 0.290047 0.334809 0.355838 0.391891 0.44055 0.497003 0.555999 0.628507 0.64877 0.695069 0.769069 -9999 -9999 -9999 0.840398 0.835623 0.829306 0.814074 0.787622 0.756692 0.691261 0.650588 0.618575 0.554779 0.514115 0.474755 0.430907 0.382936 0.34456 0.309553 0.278895 0.255736 0.239337 0.220679 0.20672 0.196907 0.190586 0.186018 0.182708 0.180825 0.181887 0.186506 0.191917 0.193806 0.194592 -9999 -9999
-9999 -9999 -9999 -9999 0.180318 0.184094 0.186004 0.160567 0.160282 0.155891 0.15424 0.146925 0.140118 0.136055 0.128514 0.125284 0.125201 0.12948 0.138788 0.158766 0.186639 0.219881 0.253283 0.281473 0.32826 0.359327 0.398646 0.452841 0.554486 0.615735 0.666049 0.737464 0.767618 0.815928 -9999 -9999 0.894279 0.892417 0.885677 0.874512 0.858062 0.835106 0.799402 0.763702 0.717569 0.686509 0.626108 0.577297 0.488473 0.438842 0.391946 0.352144 0.321343 0.277022 0.249695 0.227872 0.209176 0.195847 0.186507 0.180466 0.177863 0.175617 0.1748 0.176178 0.185882 0.189765 0.192303 0.203682 -9999 -9999
-9999 -9999 -9999 -9999 0.176491 0.180585 0.181518 0.1822 0.177735 0.147865 0.146382 0.13518 0.126389 0.119514 0.113162 0.105458 0.103588 0.106308 0.114526 0.134422 0.161447 0.198356 0.23699 0.274605 0.32117 0.408242 0.456063 0.509233 0.563728 0.61609 0.683885 0.763557 0.816802 0.85015 0.893417 -9999 0.941934 0.948676 0.940571 0.92416 0.901566 0.878255 0.838318 0.797791 0.760666 0.714476 0.645954 0.588036 0.537187 0.488298 0.436254 0.346335 0.313488 0.276402 0.239714 0.215962 0.197428 0.184039 0.175093 0.169817 0.167539 0.16727 0.168304 0.170128 0.175684 0.179859 0.189387 0.202664 -9999 -9999
-9999 -9999 -9999 0.141407 0.17097 0.173548 0.176036 0.175501 0.171484 0.164327 0.157144 0.123951 0.112836 0.103717 0 0 0 0 0 0.10699 0.13163 0.172613 0.207072 0.292388 0.352562 0.402614 0.456279 0.506484 0.565346 0.628968 0.692527 0.775864 0.844955 0.897635 0.934239 0.965809 0.983428 0.99263 0.988343 0.969235 0.943048 0.911715 0.874315 0.839102 0.78942 0.728846 0.655763 0.600485 0.546992 0.493045 0.441116 0.38948 0.350268 0.267256 0.233573 0.204328 0.18515 0.171658 0.163153 0.158808 0.157789 0.159135 0.161597 0.164398 0.166291 0.174084 0.189217 0.196243 -9999 -9999
-9999 -9999 -9999 -9999 0.168301 0.174332 0.178369 0.177943 0.17232 0.162441 0.150724 0.135851 0.117986 0 0 0 0 0 0 0 0.110196 0.170708 0.21911 0.273219 0.336931 0.385053 0.44203 0.503696 0.568486 0.642065 0.71492 0.806222 0.872417 0.922788 0.980778 0.999732 1.02112 1.02528 1.02116 1.00988 0.988285 0.9471 0.914156 0.857921 0.802732 0.750396 0.671627 0.613866 0.552865 0.494682 0.438694 0.394389 0.344588 0.297908 0.252506 0.195409 0.173404 0.159911 0.151869 0.148571 0.148837 0.151592 0.155562 0.159291 0.162319 0.16872 0.190113 0.195926 -9999 -9999
-9999 -9999 -9999 -9999 -9999 -9999 0.178517 0.177117 0.171908 0.161612 0.145896 0.128335 0.109649 0 0 0 0 0 0 0 0.109683 0.145974 0.191325 0.253471 0.311631 0.366976 0.431801 0.504661 0.577077 0.649649 0.727577 0.818448 0.888887 0.950478 0.995729 1.02144 1.03727 1.04188 1.04063 1.0348 1.01171 0.974918 0.927767 0.876123 0.822256 0.767464 0.685585 0.626247 0.55827 0.496128 0.439019 0.384958 0.339277 0.287571 0.244242 0.205135 0.177311 0.150156 0.142635 0.140109 0.141476 0.145468 0.150227 0.155568 0.160157 0.163406 0.186114 0.198784 -9999 -9999
-9999 -9999 -9999 -9999 -9999 -9999 0.18237 0.181427 0.174084 0.157859 0.143341 0.124863 0.106211 0 0 0 0 0 0 0 0.106683 0.13957 0.185356 0.248149 0.299012 0.363194 0.432122 0.509514 0.585416 0.658064 0.737444 0.830797 0.898377 0.963184 1.00398 1.03527 1.05469 1.05774 1.05333 1.0403 1.02365 0.9884 0.93959 0.890152 0.838507 0.777816 0.696342 0.636818 0.564751 0.498992 0.439048 0.380519 0.333647 0.281579 0.235641 0.19763 0.168682 0.149453 0.136728 0.134753 0.136808 0.141348 0.147455 0.153639 0.159051 0.162913 0.178506 0.199713 -9999 -9999
-9999 -9999 -9999 -9999 -9999 -9999 -9999 0.187628 0.17644 0.157556 0.144094 0.127 0.105959 0 0 0 0 0 0 0 0.11659 0.144506 0.186279 0.241903 0.3011 0.369534 0.44821 0.527312 0.597955 0.669038 0.745656 0.836876 0.905327 0.952968 0.992516 1.02248 1.04522 1.06105 1.05756 1.04353 1.02562 0.989887 0.943709 0.897035 0.842927 0.783762 0.702479 0.636347 0.570049 0.501612 0.441843 0.381047 0.332403 0.280287 0.234227 0.196033 0.166476 0.146793 0.136011 0.133131 0.135491 0.14045 0.146937 0.153609 0.15942 0.163623 0.166824 0.176738 0.181408 -9999
-9999 -9999 -9999 -9999 -9999 -9999 -9999 0.196854 0.188861 0.168294 0.154034 0.132008 0.110679 0 0 0 0 0 0 0.110967 0.134305 0.173921 0.207062 0.249582 0.307882 0.395269 0.469956 0.543913 0.610709 0.678927 0.748235 0.843638 0.904847 0.944879 0.981693 1.01131 1.0323 1.04581 1.04923 1.03267 1.01145 0.978533 0.939628 0.891865 0.842321 0.786203 0.700743 0.638324 0.5737 0.505792 0.447674 0.38522 0.337295 0.28599 0.24063 0.200854 0.171559 0.15145 0.140223 0.137203 0.140764 0.142859 0.149061 0.155601 0.161419 0.165492 0.167552 0.165582 0.169187 0.16609
-9999 -9999 -9999 -9999 -9999 -9999 -9999 -9999 0.204908 0.180346 0.163343 0.143451 0.120534 0.102349 0 0 0 0 0.111334 0.14321 0.171669 0.189437 0.218394 0.262944 0.317702 0.399187 0.471074 0.536916 0.598254 0.667957 0.735263 0.825357 0.883233 0.93627 0.975504 1.0063 1.01817 1.0256 1.02424 1.01648 0.996037 0.964397 0.927014 0.881589 0.83094 0.775313 0.698654 0.633126 0.572785 0.509447 0.450024 0.393233 0.347229 0.298146 0.251581 0.212856 0.183631 0.162996 0.15161 0.147835 0.150531 0.158105 0.153862 0.159767 0.164957 0.168709 0.170355 0.166535 0.1639 0.162559
-9999 -9999 -9999 -9999 -9999 -9999 -9999 -9999 0.220369 0.196585 0.180713 0.156247 0.130298 0.136755 0.11953 0.108638 0.107074 0.116277 0.133176 0.166388 0.209893 0.214862 0.240793 0.282237 0.338721 0.407394 0.463389 0.529413 0.590458 0.659521 0.722882 0.802474 0.858836 0.909919 0.963196 0.988067 0.995536 1.00075 0.997756 0.988216 0.970541 0.944961 0.923182 0.867565 0.826424 0.769258 0.691667 0.633193 0.574298 0.515613 0.458604 0.404084 0.360684 0.311015 0.269044 0.231333 0.20153 0.181414 0.169306 0.164545 0.165954 0.171957 0.180871 0.167386 0.170065 0.173075 0.174224 0.169777 0.166259 0.160968
-9999 -9999 -9999 -9999 -9999 -9999 -9999 -9999 0.252023 0.221967 0.19086 0.168757 0.181022 0.16216 0.146579 0.139023 0.136296 0.144448 0.160626 0.188892 0.230558 0.27545 0.28794 0.316029 0.357873 0.405434 0.46284 0.525389 0.587724 0.645824 0.701405 0.779837 0.84569 0.895202 0.921175 0.951879 0.960966 0.970941 0.97446 0.956704 0.942252 0.920597 0.895607 0.878129 0.836144 0.769373 0.69267 0.641802 0.58305 0.52497 0.469874 0.418042 0.37857 0.334851 0.291712 0.252741 0.225055 0.204959 0.192216 0.186193 0.185881 0.18997 0.196752 0.20459 0.179076 0.181682 0.178985 0.173748 0.169981 0.164614
-9999 -9999 -9999 -9999 -9999 -9999 -9999 -9999 0.255897 0.235888 0.210306 0.231934 0.208539 0.192667 0.177709 0.170176 0.169761 0.178568 0.196183 0.222478 0.2609 0.303878 0.334775 0.34896 0.39084 0.430638 0.474423 0.528292 0.582965 0.645886 0.699173 0.771761 0.819091 0.851192 0.886985 0.918559 0.924271 0.933137 0.937518 0.926369 0.913986 0.903252 0.883958 0.852794 0.82653 0.788407 0.717202 0.64729 0.593629 0.535175 0.498158 0.446956 0.406509 0.359222 0.312628 0.279074 0.252214 0.23213 0.218718 0.211317 0.209072 0.210912 0.215249 0.220733 0.22622 0.188451 0.188503 0.182403 0.174471 0.168989
-9999 -9999 -9999 -9999 -9999 -9999 -9999 -9999 0.262096 0.257076 0.234395 0.258802 0.237655 0.222986 0.211272 0.205808 0.207997 0.215523 0.231144 0.256069 0.285937 0.325728 0.374385 0.399628 0.423401 0.456336 0.509948 0.558417 0.611617 0.665345 0.721555 0.761839 0.786378 0.825781 0.855492 0.88094 0.889859 0.898861 0.901342 0.897265 0.89388 0.887224 0.872651 0.838271 0.806543 0.782424 0.722402 0.688888 0.633749 0.581377 0.516373 0.472489 0.431693 0.377971 0.339972 0.307647 0.281318 0.261434 0.247218 0.238517 0.234369 0.233762 0.235561 0.238489 0.2415 0.243631 0.1951 0.187854 0.183654 0.182634
-9999 -9999 -9999 -9999 -9999 -9999 -9999 -9999 -9999 0.275127 0.306243 0.281548 0.263862 0.250312 0.241598 0.23879 0.241628 0.249773 0.264484 0.287472 0.317924 0.357841 0.400895 0.437445 0.457395 0.490197 0.534808 0.57321 0.617898 0.669542 0.754864 0.770399 0.795743 0.824694 0.849186 0.868496 0.862393 0.871225 0.875285 0.876805 0.883472 0.89283 0.879685 0.854564 0.828779 0.80733 0.741184 0.691071 0.643029 0.595863 0.556566 0.529037 0.46085 0.416669 0.380499 0.346874 0.311179 0.291323 0.276551 0.266547 0.260457 0.257518 0.256758 0.263492 0.264505 0.264859 0.207856 0.198947 0.194764 0.189105
-9999 -9999 -9999 -9999 -9999 -9999 -9999 -9999 -9999 0.358597 0.334858 0.309318 0.297019 0.285579 0.276792 0.276066 0.281505 0.291256 0.306077 0.326559 0.356939 0.39233 0.432229 0.471947 0.511581 0.519036 0.557226 0.588148 0.629409 0.672905 0.739798 0.778136 0.797322 0.813994 0.834571 0.85197 0.874473 0.878985 0.886685 0.891552 0.885848 0.876662 0.866684 0.841438 0.820841 0.788723 0.743453 0.700406 0.657566 0.610777 0.574654 0.554204 0.487209 0.445235 0.410859 0.376779 0.349994 0.329057 0.313047 0.301335 0.293355 0.288245 0.285291 0.283526 0.282106 0.280401 0.277987 0.214057 0.210242 0.204033
-9999 -9999 -9999 -9999 -9999 -9999 -9999 -9999 -9999 0.380444 0.363741 0.342179 0.325368 0.321578 0.314091 0.312144 0.319273 0.330585 0.346284 0.364883 0.394631 0.429677 0.467285 0.509888 0.546045 0.580033 0.572463 0.604445 0.643066 0.683673 0.740954 0.768447 0.788252 0.807662 0.825731 0.841596 0.854524 0.862053 0.868098 0.867324 0.866291 0.864318 0.852508 0.830656 0.817152 0.789522 0.755759 0.711815 0.668036 0.626619 0.595701 0.553751 0.508764 0.469841 0.434648 0.404795 0.37981 0.358588 0.342186 0.329373 0.319745 0.312697 0.307456 0.303453 0.29983 0.296722 0.293333 0.294983 0.219592 0.212618
-9999 -9999 -9999 -9999 -9999 -9999 -9999 -9999 -9999 0.402467 0.38805 0.37017 0.358683 0.355814 0.349361 0.345991 0.352355 0.364462 0.378185 0.398121 0.425549 0.457625 0.494095 0.529787 0.573338 0.601358 0.591761 0.622097 0.655901 0.713772 0.747756 0.770993 0.791009 0.810475 0.823061 0.836847 0.848233 0.86108 0.866228 0.8624 0.85756 0.849907 0.842169 0.82457 0.807244 0.784225 0.758195 0.718765 0.680762 0.644888 0.586267 0.566943 0.527749 0.492174 0.459711 0.432082 0.407527 0.386179 0.369308 0.355596 0.34462 0.335792 0.32868 0.322841 0.317407 0.313318 0.310093 0.308724 0.233762 0.220878
-9999 -9999 -9999 -9999 -9999 -9999 -9999 -9999 -9999 0.428338 0.41381 0.39906 0.392534 0.391678 0.38088 0.377107 0.383604 0.394556 0.409044 0.43316 0.452552 0.477492 0.511419 0.551682 0.5956 0.628997 0.632294 0.64173 0.673682 0.732748 0.765308 0.78949 0.805476 0.818911 0.828474 0.83964 0.850925 0.86745 0.880867 0.873173 0.861341 0.851689 0.840082 0.829171 0.810874 0.789336 0.767727 0.71408 0.699178 0.663641 0.624052 0.586043 0.548325 0.513502 0.485877 0.459143 0.432975 0.411182 0.394038 0.379575 0.367381 0.357165 0.348425 0.3412 0.334502 0.328392 0.328524 0.325298 0.312194 0.228396
-9999 -9999 -9999 -9999 -9999 -9999 -9999 -9999 -9999 0.455181 0.444233 0.430544 0.425144 0.418114 0.408826 0.407622 0.411863 0.421677 0.435528 0.454903 0.476117 0.502604 0.535543 0.574114 0.61636 0.6567 0.687362 0.665561 0.681406 0.752885 0.785523 0.805813 0.820629 0.828341 0.837765 0.849532 0.859156 0.866723 0.876894 0.885139 0.879216 0.864458 0.855773 0.844399 0.821942 0.799906 0.779112 0.755102 0.712386 0.652026 0.642901 0.606866 0.569813 0.532672 0.503826 0.478789 0.453393 0.433403 0.416019 0.400886 0.387851 0.376463 0.366373 0.357609 0.350028 0.346475 0.34218 0.339365 0.330741 0.232424
-9999 -9999 -9999 -9999 -9999 -9999 -9999 -9999 -9999 0.483388 0.470644 0.457774 0.446781 0.437803 0.431974 0.436264 0.438902 0.44873 0.458901 0.475137 0.496978 0.522142 0.55327 0.593935 0.635043 0.679285 0.709888 0.700499 0.735752 0.771426 0.810312 0.825037 0.835866 0.844711 0.855233 0.872863 0.877197 0.882941 0.887682 0.891569 0.895119 0.885123 0.87898 0.862527 0.838913 0.815018 0.790573 0.765963 0.70693 0.665105 0.6588 0.624569 0.588543 0.553589 0.521131 0.4955 0.472288 0.452475 0.434971 0.419444 0.405737 0.393573 0.382655 0.37282 0.367146 0.36248 0.355844 0.35024 0.340611 0.309295
