Test_Spring_2018/04_18/Prec/20180401_006.txt
ncols	170
nrows	115
xllcorner	350000.000000
yllcorner	4445000.000000
cellsize	1000.000000
nodata_value	-9999.000000
[rows 31 to 61 of 115, columns 70 to 139 of 170]
0.266052 0.275193 0.280226 0.277952 0.281562 0.310134 0.321789 0.325794 0.333439 0.337564 0.336795 0.33953 0.339343 0.335427 0.335927 0.325449 0.283255 0.300025 0.309101 0.300126 0.312312 0.329669 0.324977 0.300154 0.293675 0.279484 0.293973 0.306109 0.296311 -9999 -9999 -9999 -9999 -9999 -9999 -9999 -9999 -9999 -9999 -9999 -9999 -9999 -9999 -9999 -9999 -9999 -9999 -9999 -9999 -9999 -9999 -9999 -9999 -9999 -9999 -9999 -9999 -9999 -9999 -9999 -9999 -9999 -9999 -9999 -9999 -9999 -9999 -9999 -9999 -9999
0.268084 0.273146 0.275025 0.272741 0.283144 0.293196 0.311064 0.327729 0.332895 0.338042 0.339068 0.334598 0.335634 0.336318 0.338172 0.330369 0.301465 0.275887 0.295897 0.30075 0.294668 0.319629 0.31509 0.294388 0.263053 0.291133 0.293421 0.285058 0.304257 -9999 -9999 -9999 -9999 -9999 -9999 -9999 -9999 -9999 -9999 -9999 -9999 -9999 -9999 -9999 -9999 -9999 -9999 -9999 -9999 -9999 -9999 -9999 -9999 -9999 -9999 -9999 -9999 -9999 -9999 -9999 -9999 -9999 -9999 -9999 -9999 -9999 -9999 -9999 -9999 -9999
0.258686 0.268679 0.268269 0.268684 0.282651 0.28546 0.301606 0.33078 0.331686 0.338173 0.341528 0.342189 0.343156 0.343706 0.338488 0.329111 0.305055 0.275519 0.272188 0.293237 0.298983 0.307019 0.303434 0.297922 0.28619 0.308678 0.322216 0.311466 0.32668 0.33302 -9999 -9999 -9999 -9999 -9999 -9999 -9999 -9999 -9999 -9999 -9999 -9999 -9999 -9999 -9999 -9999 -9999 -9999 -9999 -9999 -9999 -9999 -9999 -9999 -9999 -9999 -9999 -9999 -9999 -9999 -9999 -9999 -9999 -9999 -9999 -9999 -9999 -9999 -9999 -9999
0.245286 0.261285 0.259625 0.251351 0.260921 0.269042 0.310487 0.312022 0.318663 0.337049 0.341212 0.345238 0.343977 0.343667 0.340235 0.331406 0.317144 0.299254 0.265222 0.293552 0.317118 0.322106 0.327034 0.325155 0.314233 0.336526 0.344951 0.348057 0.356951 0.349089 0.349854 -9999 -9999 -9999 -9999 -9999 -9999 -9999 -9999 -9999 -9999 -9999 -9999 -9999 -9999 -9999 -9999 -9999 -9999 -9999 -9999 -9999 -9999 -9999 -9999 -9999 -9999 -9999 -9999 -9999 -9999 -9999 -9999 -9999 -9999 -9999 -9999 -9999 -9999 -9999
-9999 0.250666 0.249317 0.238808 0.248575 0.260825 0.294202 0.306361 0.322292 0.331401 0.340365 0.344547 0.343157 0.330202 0.331832 0.335104 0.32716 0.306174 0.285437 0.283615 0.316976 0.330616 0.335024 0.347928 0.339917 0.35464 0.359683 0.379822 0.373923 0.373231 0.371253 0.359698 -9999 -9999 -9999 -9999 -9999 -9999 -9999 -9999 -9999 -9999 -9999 -9999 -9999 -9999 -9999 -9999 -9999 -9999 -9999 -9999 -9999 -9999 -9999 -9999 -9999 -9999 -9999 -9999 -9999 -9999 -9999 -9999 -9999 -9999 -9999 -9999 -9999 -9999
-9999 -9999 -9999 -9999 0.231978 0.264343 0.266798 0.297177 0.31899 0.329619 0.339827 0.344095 0.336883 0.335376 0.33889 0.334968 0.325083 0.320476 0.308983 0.29718 0.308584 0.338337 0.333821 0.357716 0.363661 0.374726 0.37168 0.391631 0.368937 0.374791 0.374313 0.366764 -9999 -9999 -9999 -9999 -9999 -9999 -9999 -9999 -9999 -9999 -9999 -9999 -9999 -9999 -9999 -9999 -9999 -9999 -9999 -9999 -9999 -9999 -9999 -9999 -9999 -9999 -9999 -9999 -9999 -9999 -9999 -9999 -9999 -9999 -9999 -9999 -9999 -9999
-9999 -9999 -9999 -9999 -9999 0.260619 0.261623 0.283908 0.315734 0.324635 0.338151 0.342891 0.342871 0.343638 0.34269 0.340151 0.33353 0.325978 0.315304 0.318529 0.339078 0.345001 0.348181 0.35781 0.373512 0.379825 0.390234 0.382118 0.376124 0.363679 0.358236 0.367781 0.365346 -9999 -9999 -9999 -9999 -9999 -9999 -9999 -9999 -9999 -9999 -9999 -9999 0.453004 -9999 -9999 -9999 -9999 -9999 -9999 -9999 -9999 -9999 -9999 -9999 -9999 -9999 -9999 -9999 -9999 -9999 -9999 -9999 -9999 0.439872 -9999 -9999 -9999
-9999 -9999 -9999 -9999 0.236616 0.256058 0.27021 0.286685 0.305032 0.322265 0.33717 0.342066 0.34327 0.343696 0.339437 0.340993 0.338594 0.329819 0.331271 0.340799 0.348224 0.356688 0.364935 0.371069 0.376118 0.380975 0.409726 0.406476 0.40799 0.385236 0.393542 0.387911 0.374158 0.364398 -9999 -9999 -9999 -9999 -9999 -9999 -9999 0.436343 0.437933 0.440932 0.448722 0.465485 0.461782 -9999 -9999 -9999 -9999 -9999 -9999 -9999 -9999 -9999 -9999 -9999 -9999 -9999 -9999 -9999 -9999 -9999 -9999 -9999 0.467612 0.445986 -9999 -9999
-9999 -9999 -9999 -9999 0.240718 0.258141 0.270183 0.286849 0.298986 0.324568 0.333277 0.341276 0.344978 0.34484 0.342305 0.345541 0.340522 0.339453 0.340028 0.351157 0.357553 0.360733 0.364172 0.368996 0.369237 0.377973 0.414999 0.417948 0.41526 0.411999 0.410663 0.390616 0.37034 0.35479 -9999 -9999 -9999 -9999 -9999 -9999 0.442269 0.45546 0.464321 0.452851 0.467952 0.482716 0.48558 0.499547 -9999 -9999 -9999 -9999 -9999 -9999 -9999 -9999 -9999 -9999 -9999 -9999 -9999 -9999 0.585678 0.563305 0.522241 0.498326 0.481812 0.46098 -9999 -9999
-9999 -9999 -9999 -9999 0.236479 0.256499 0.272436 0.2873 0.295383 0.314507 0.333431 0.33996 0.343881 0.346635 0.348607 0.344249 0.343913 0.33604 0.349758 0.353431 0.355766 0.351405 0.354054 0.344591 0.346246 0.381875 0.409515 0.411572 0.401744 0.385994 0.377767 0.381279 0.379526 0.367112 -9999 -9999 -9999 -9999 -9999 -9999 0.451371 0.464995 0.47684 0.480727 0.469924 0.493479 0.515613 0.511182 0.516103 0.533269 0.546708 0.567521 0.571591 0.582807 0.585693 0.597925 -9999 -9999 -9999 -9999 0.613594 0.611429 0.607571 0.594636 0.549271 0.515983 0.485537 0.48339 -9999 -9999
-9999 -9999 -9999 -9999 0.243174 0.258912 0.270788 0.279161 0.293527 0.311905 0.3309 0.336773 0.340104 0.343113 0.345546 0.345438 0.341975 0.345373 0.347737 0.347969 0.332761 0.315403 0.33236 0.331102 0.32013 0.372602 0.399576 0.401461 0.38806 0.37001 0.386531 0.394037 0.388648 0.374818 -9999 -9999 -9999 0.415563 0.43513 0.438437 0.444733 0.46162 0.474952 0.489865 0.499165 0.514193 0.518933 0.515601 0.512464 0.526058 0.55719 0.573107 0.587735 0.600592 0.605272 0.616798 0.62902 0.636903 0.640533 0.640125 0.638565 0.635748 0.630101 0.616954 0.573796 0.546107 0.525828 0.484431 -9999 -9999
-9999 -9999 -9999 -9999 0.233487 0.248501 0.262309 0.282349 0.29098 0.303965 0.317691 0.335131 0.339555 0.336472 0.343804 0.345006 0.345751 0.345607 0.345045 0.331596 0.312971 0.295628 0.292148 0.3115 0.30474 0.341644 0.369326 0.387357 0.385847 0.372038 0.382489 0.400657 0.380522 0.364478 -9999 -9999 0.385922 0.421889 0.446987 0.460066 0.464442 0.465376 0.481333 0.484111 0.503013 0.512638 0.502108 0.512244 0.519808 0.535936 0.558122 0.571943 0.6075 0.615967 0.628091 0.6373 0.648558 0.655084 0.65879 0.659726 0.655836 0.653124 0.647514 0.635979 0.602529 0.581745 0.565929 0.498195 -9999 -9999
-9999 -9999 -9999 -9999 0.235209 0.251403 0.268398 0.278161 0.292499 0.302816 0.311363 0.325513 0.338426 0.336844 0.335647 0.342678 0.343404 0.343936 0.344548 0.331718 0.31771 0.295936 0.286238 0.290237 0.294407 0.314415 0.336388 0.350148 0.363533 0.382894 0.398933 0.408404 0.404845 0.381655 0.374451 -9999 0.394318 0.412231 0.441186 0.464964 0.47968 0.474366 0.491852 0.496248 0.516562 0.515495 0.513545 0.520436 0.529811 0.539289 0.563138 0.591369 0.622213 0.637593 0.642242 0.653756 0.663622 0.670634 0.674838 0.676218 0.674425 0.669968 0.662882 0.653062 0.632238 0.616084 0.580304 0.50938 -9999 -9999
-9999 -9999 -9999 0.190648 0.232263 0.254318 0.268478 0.281076 0.292867 0.303194 0.316025 0.327241 0.333109 0.33929 0.329413 0.331179 0.333789 0.340973 0.341873 0.342878 0.336836 0.30907 0.308879 0.304902 0.295317 0.313816 0.334682 0.369603 0.386227 0.391813 0.395643 0.40302 0.412606 0.405445 0.376297 0.3864 0.406901 0.421478 0.441251 0.469546 0.488719 0.496844 0.49997 0.513925 0.520683 0.521741 0.525318 0.531294 0.536186 0.547628 0.561197 0.58262 0.613874 0.646495 0.662391 0.666356 0.676872 0.684534 0.68919 0.690712 0.688853 0.683738 0.676446 0.667268 0.661185 0.634637 0.583936 0.531225 -9999 -9999
-9999 -9999 -9999 -9999 0.226448 0.24177 0.252927 0.265014 0.279422 0.294007 0.313292 0.320477 0.330096 0.335425 0.329621 0.318709 0.328638 0.332794 0.33776 0.33994 0.342289 0.324249 0.318307 0.3176 0.309529 0.344972 0.369434 0.388081 0.402281 0.395439 0.38828 0.385263 0.37251 0.383706 0.383935 0.396117 0.411209 0.440311 0.459778 0.466859 0.47108 0.498462 0.509535 0.516451 0.527488 0.523069 0.531919 0.534217 0.54806 0.560631 0.57527 0.570045 0.617436 0.633165 0.660421 0.683313 0.68826 0.696266 0.701202 0.702432 0.700301 0.694924 0.687162 0.680897 0.669932 0.648678 0.586372 0.538223 -9999 -9999
-9999 -9999 -9999 -9999 -9999 -9999 0.246877 0.261078 0.273274 0.286827 0.312278 0.322459 0.329955 0.333652 0.331455 0.322827 0.319585 0.321498 0.311133 0.322851 0.340647 0.346936 0.354305 0.340822 0.352848 0.381845 0.396188 0.396588 0.401391 0.406417 0.395802 0.400676 0.384567 0.374115 0.383768 0.417512 0.444816 0.473965 0.486252 0.478618 0.484218 0.500628 0.517372 0.52717 0.529086 0.524344 0.534463 0.533219 0.556875 0.571837 0.58197 0.593885 0.622707 0.644697 0.661595 0.684976 0.698034 0.705299 0.71005 0.711239 0.708817 0.703148 0.696591 0.686922 0.676099 0.664588 0.600412 0.536677 -9999 -9999
-9999 -9999 -9999 -9999 -9999 -9999 0.236035 0.248743 0.265313 0.292111 0.312194 0.32226 0.327014 0.332212 0.331219 0.322297 0.31256 0.302662 0.29119 0.300543 0.323483 0.341046 0.351255 0.340978 0.376835 0.389815 0.400018 0.395206 0.397255 0.407741 0.398849 0.401326 0.396063 0.380696 0.403704 0.425181 0.447685 0.479536 0.499464 0.506591 0.499319 0.507883 0.526949 0.529009 0.522672 0.529324 0.5349 0.529781 0.558981 0.578105 0.590328 0.608346 0.634233 0.65243 0.671701 0.6891 0.702692 0.710856 0.715173 0.716185 0.713721 0.708792 0.70077 0.691089 0.680117 0.668668 0.623315 0.539515 -9999 -9999
-9999 -9999 -9999 -9999 -9999 -9999 -9999 0.236282 0.261807 0.294493 0.311112 0.316885 0.326697 0.330584 0.327948 0.324764 0.31257 0.295565 0.26401 0.274486 0.295898 0.327152 0.349071 0.358631 0.376012 0.380715 0.368943 0.361892 0.378692 0.394439 0.393386 0.401543 0.394102 0.420895 0.446385 0.470443 0.484036 0.484345 0.501461 0.514413 0.507574 0.518184 0.531689 0.527803 0.528255 0.531457 0.536198 0.546681 0.560331 0.584374 0.59404 0.615231 0.642667 0.658199 0.675153 0.690736 0.704081 0.712248 0.716674 0.717706 0.715141 0.710037 0.702179 0.692479 0.681687 0.670447 0.656658 0.601472 0.571707 -9999
-9999 -9999 -9999 -9999 -9999 -9999 -9999 0.221033 0.238431 0.275371 0.294737 0.313447 0.324966 0.328789 0.322994 0.320059 0.301968 0.295798 0.266326 0.25604 0.271772 0.273879 0.316707 0.357943 0.375966 0.332192 0.328488 0.332027 0.355812 0.375689 0.389364 0.384263 0.39098 0.43288 0.461675 0.483661 0.499472 0.504873 0.504695 0.525395 0.527711 0.534316 0.533444 0.536264 0.529477 0.528986 0.546834 0.550971 0.562655 0.586887 0.593321 0.618905 0.645053 0.657915 0.672194 0.690595 0.70214 0.710281 0.714926 0.71557 0.713267 0.707892 0.70072 0.691517 0.681027 0.670521 0.659999 0.634336 0.607533 0.59388
-9999 -9999 -9999 -9999 -9999 -9999 -9999 -9999 0.211175 0.258813 0.287257 0.30283 0.320962 0.326159 0.326689 0.319486 0.300902 0.28459 0.258556 0.229769 0.220556 0.275197 0.32579 0.358522 0.380183 0.346012 0.343736 0.361404 0.392268 0.401556 0.412877 0.415158 0.423035 0.426028 0.442892 0.472619 0.493866 0.511256 0.5229 0.52335 0.529812 0.534914 0.536198 0.539903 0.542851 0.548091 0.549602 0.567561 0.573957 0.591362 0.604711 0.61917 0.64434 0.65315 0.671174 0.687078 0.697975 0.706592 0.710123 0.710979 0.709001 0.704424 0.696698 0.688229 0.678758 0.668791 0.659276 0.637681 0.626665 0.609011
-9999 -9999 -9999 -9999 -9999 -9999 -9999 -9999 0.190376 0.237441 0.266624 0.296801 0.316633 0.327126 0.328108 0.322766 0.309098 0.2883 0.271548 0.239532 0.207579 0.265969 0.322753 0.357469 0.371108 0.356355 0.38493 0.393071 0.415076 0.415909 0.426603 0.446974 0.448972 0.4479 0.447096 0.448158 0.488142 0.508911 0.524637 0.531659 0.535367 0.537459 0.543277 0.53979 0.528356 0.546703 0.558019 0.567187 0.577847 0.590674 0.604085 0.618062 0.643481 0.657074 0.666009 0.685544 0.693373 0.699595 0.703229 0.704096 0.702345 0.698407 0.692651 0.690968 0.674972 0.665983 0.657248 0.63611 0.627568 0.620153
-9999 -9999 -9999 -9999 -9999 -9999 -9999 -9999 0.134236 0.198536 0.257748 0.287042 0.314253 0.322472 0.326472 0.319462 0.314209 0.299961 0.286961 0.266961 0.237077 0.221574 0.270387 0.3349 0.371571 0.397441 0.411889 0.417411 0.424491 0.440344 0.457903 0.471911 0.474537 0.46393 0.469666 0.468554 0.499737 0.506277 0.505937 0.535852 0.536378 0.535474 0.525911 0.524578 0.532544 0.525062 0.542881 0.543566 0.563436 0.583439 0.599861 0.613977 0.638686 0.65681 0.667646 0.677672 0.685502 0.691128 0.694482 0.695519 0.694243 0.690749 0.685805 0.680047 0.680295 0.674049 0.654501 0.633712 0.62601 0.61928
-9999 -9999 -9999 -9999 -9999 -9999 -9999 -9999 0.138432 0.197143 0.243794 0.278033 0.305342 0.31389 0.324138 0.324268 0.319251 0.307538 0.292902 0.277237 0.252336 0.236149 0.268183 0.318571 0.355464 0.392802 0.411503 0.426161 0.439393 0.459765 0.472598 0.495946 0.49641 0.49149 0.488185 0.477659 0.512162 0.518903 0.516511 0.532736 0.533194 0.512322 0.497333 0.4985 0.524309 0.521536 0.532444 0.527494 0.545167 0.575708 0.588097 0.602431 0.636497 0.649226 0.660213 0.669223 0.676341 0.681619 0.684762 0.685995 0.685249 0.6824 0.678321 0.67331 0.667461 0.670302 0.664806 0.644229 0.623606 0.617646
-9999 -9999 -9999 -9999 -9999 -9999 -9999 -9999 0.135872 0.180412 0.222689 0.268973 0.297923 0.31131 0.321347 0.323543 0.31797 0.31345 0.305474 0.292385 0.285299 0.271221 0.251322 0.303559 0.333347 0.373236 0.396035 0.423761 0.438957 0.448696 0.470516 0.489674 0.506334 0.499595 0.502389 0.499929 0.521567 0.525494 0.527896 0.529207 0.512303 0.488242 0.470051 0.488845 0.490662 0.516567 0.507592 0.539494 0.564803 0.581229 0.57246 0.577371 0.624528 0.638773 0.650008 0.659326 0.66676 0.671432 0.674793 0.676007 0.675584 0.673645 0.670364 0.666267 0.661553 0.656626 0.661631 0.64106 0.635368 0.6435
-9999 -9999 -9999 -9999 -9999 -9999 -9999 -9999 -9999 0.157893 0.216679 0.262763 0.289958 0.308035 0.318197 0.320832 0.319514 0.317659 0.314152 0.306019 0.295733 0.278001 0.267446 0.28629 0.316764 0.347023 0.368974 0.408403 0.431299 0.43304 0.42899 0.46848 0.499496 0.508707 0.515173 0.520072 0.522133 0.524214 0.522782 0.512607 0.475296 0.471905 0.459776 0.465971 0.463442 0.502396 0.508611 0.536122 0.554219 0.568032 0.562519 0.593093 0.62297 0.639371 0.645833 0.657271 0.656798 0.661451 0.664583 0.665947 0.666082 0.664873 0.662501 0.670676 0.667595 0.664299 0.672492 0.651101 0.644863 0.639417
-9999 -9999 -9999 -9999 -9999 -9999 -9999 -9999 -9999 0.154198 0.205481 0.258723 0.278561 0.297888 0.31468 0.318043 0.315065 0.312444 0.309933 0.307115 0.29388 0.282069 0.272064 0.274094 0.286097 0.323105 0.349388 0.395359 0.414687 0.424819 0.429143 0.429295 0.466411 0.498175 0.507906 0.512661 0.491687 0.502187 0.491855 0.475927 0.474006 0.469066 0.455056 0.468543 0.460997 0.473411 0.50055 0.519647 0.534164 0.556342 0.552027 0.578663 0.607668 0.625255 0.632589 0.648928 0.657644 0.662534 0.665536 0.667319 0.667902 0.667655 0.666367 0.664416 0.661992 0.659028 0.655291 0.661841 0.619462 0.615467
-9999 -9999 -9999 -9999 -9999 -9999 -9999 -9999 -9999 0.157777 0.194701 0.242315 0.278391 0.284259 0.303302 0.314649 0.311459 0.307536 0.303698 0.30449 0.289812 0.27398 0.263088 0.249978 0.261474 0.285128 0.348745 0.381786 0.39736 0.40464 0.424175 0.442498 0.470371 0.488747 0.499308 0.503789 0.50385 0.505608 0.499525 0.499083 0.488375 0.46949 0.464953 0.475834 0.457249 0.465699 0.482378 0.503412 0.528137 0.544966 0.535594 0.578263 0.603036 0.618943 0.633056 0.642335 0.648522 0.654487 0.657299 0.659253 0.660204 0.660205 0.659551 0.658002 0.656123 0.652239 0.647258 0.627265 0.610225 0.608102
-9999 -9999 -9999 -9999 -9999 -9999 -9999 -9999 -9999 0.161368 0.194836 0.236552 0.263402 0.27134 0.292166 0.310956 0.312747 0.308763 0.310291 0.306655 0.295001 0.282272 0.268588 0.265861 0.25143 0.281668 0.33897 0.367764 0.387044 0.410745 0.413626 0.435668 0.457015 0.470155 0.49017 0.496701 0.498541 0.486164 0.482406 0.49066 0.491462 0.489598 0.478694 0.483442 0.47933 0.481891 0.485413 0.504087 0.520716 0.530186 0.544316 0.586757 0.602764 0.615282 0.626639 0.633322 0.640117 0.646749 0.649766 0.651784 0.652894 0.653372 0.652976 0.651465 0.64973 0.644345 0.63564 0.620553 0.589808 0.602179
-9999 -9999 -9999 -9999 -9999 -9999 -9999 -9999 -9999 0.15449 0.189482 0.225586 0.24293 0.249021 0.283774 0.306408 0.310065 0.310217 0.310001 0.294929 0.300866 0.302339 0.290467 0.271111 0.249872 0.260513 0.306498 0.351707 0.369602 0.384226 0.385256 0.400185 0.4274 0.452045 0.476819 0.487818 0.488599 0.4665 0.442324 0.460869 0.480309 0.48527 0.486339 0.477384 0.478999 0.481642 0.478375 0.474264 0.503452 0.516706 0.565869 0.579339 0.59596 0.610421 0.612943 0.619732 0.631874 0.639908 0.642836 0.64495 0.646457 0.647107 0.647071 0.645172 0.642842 0.639049 0.619079 0.606237 0.568418 0.598478
-9999 -9999 -9999 -9999 -9999 -9999 -9999 -9999 -9999 0.142901 0.169269 0.203758 0.219901 0.243205 0.276206 0.294262 0.304854 0.308519 0.309782 0.305493 0.305099 0.300138 0.287457 0.268538 0.247362 0.236577 0.253975 0.327942 0.359967 0.361442 0.359211 0.381194 0.409193 0.446357 0.470227 0.478876 0.483247 0.483116 0.467023 0.446356 0.451663 0.470011 0.464818 0.458252 0.471706 0.477441 0.474357 0.474613 0.503219 0.518318 0.554426 0.565958 0.583813 0.60666 0.614448 0.618716 0.629941 0.633727 0.636664 0.639072 0.640616 0.641576 0.641932 0.640728 0.637495 0.624465 0.612898 0.596903 0.594344 0.603557
-9999 -9999 -9999 -9999 -9999 -9999 -9999 -9999 -9999 0.124325 0.154362 0.186709 0.217102 0.245951 0.271228 0.276456 0.291565 0.295368 0.305459 0.308165 0.304959 0.301618 0.291463 0.265218 0.244678 0.222119 0.237751 0.300331 0.354867 0.349017 0.330646 0.366106 0.403958 0.438502 0.459968 0.45444 0.472217 0.476782 0.474159 0.464126 0.445636 0.45174 0.439752 0.445309 0.461296 0.471515 0.477643 0.479894 0.485351 0.518662 0.549767 0.55817 0.574941 0.59383 0.611878 0.618652 0.625104 0.628597 0.631427 0.633851 0.635581 0.63655 0.636723 0.635753 0.625326 0.612666 0.604698 0.593686 0.592025 0.591817
