Test_Spring_2018/04_18/Prec/20180417_009.txt
ncols	170
nrows	115
xllcorner	350000.000000
yllcorner	4445000.000000
cellsize	1000.000000
nodata_value	-9999.000000
[rows 34 to 67 of 115, columns 77 to 153 of 170]
0.115609 0.117392 0.116448 0.118502 0.120406 0.123295 0.125789 0.128812 0.132898 0.13809 0.144032 0.153544 0.149252 0.146092 0.147166 0.14839 0.15128 0.156334 0.154166 0.155201 0.154252 0.16772 0.17144 0.17313 -9999 -9999 -9999 -9999 -9999 -9999 -9999 -9999 -9999 -9999 -9999 -9999 -9999 -9999 -9999 -9999 -9999 -9999 -9999 -9999 -9999 -9999 -9999 -9999 -9999 -9999 -9999 -9999 -9999 -9999 -9999 -9999 -9999 -9999 -9999 -9999 -9999 -9999 -9999 -9999 -9999 -9999 -9999 -9999 -9999 -9999 -9999 -9999 -9999 -9999 -9999 -9999 -9999
0.110061 0.116616 0.117781 0.118812 0.120715 0.123658 0.128977 0.130891 0.132303 0.136107 0.142754 0.149344 0.151784 0.146509 0.145742 0.147185 0.146925 0.151493 0.151194 0.153199 0.152463 0.158791 0.168212 0.170808 0.175371 -9999 -9999 -9999 -9999 -9999 -9999 -9999 -9999 -9999 -9999 -9999 -9999 -9999 -9999 -9999 -9999 -9999 -9999 -9999 -9999 -9999 -9999 -9999 -9999 -9999 -9999 -9999 -9999 -9999 -9999 -9999 -9999 -9999 -9999 -9999 -9999 -9999 -9999 -9999 -9999 -9999 -9999 -9999 -9999 -9999 -9999 -9999 -9999 -9999 -9999 -9999 -9999
0.111959 0.11736 0.118292 0.119129 0.121072 0.125344 0.128141 0.129636 0.132633 0.136849 0.139845 0.144376 0.149041 0.148673 0.144396 0.147923 0.145367 0.147023 0.147765 0.151837 0.157943 0.161666 0.170149 0.172789 0.17684 -9999 -9999 -9999 -9999 -9999 -9999 -9999 -9999 -9999 -9999 -9999 -9999 -9999 -9999 -9999 -9999 -9999 -9999 -9999 -9999 -9999 -9999 -9999 -9999 -9999 -9999 -9999 -9999 -9999 -9999 -9999 -9999 -9999 -9999 -9999 -9999 -9999 -9999 -9999 -9999 -9999 -9999 -9999 -9999 -9999 -9999 -9999 -9999 -9999 -9999 -9999 -9999
0.11066 0.118085 0.119554 0.119776 0.121698 0.124421 0.126725 0.129193 0.131842 0.135279 0.138872 0.143175 0.14448 0.14209 0.143152 0.145072 0.145835 0.145538 0.147604 0.149511 0.161385 0.166457 0.175025 0.179223 0.179937 0.183079 -9999 -9999 -9999 -9999 -9999 -9999 -9999 -9999 -9999 -9999 -9999 -9999 0.157287 -9999 -9999 -9999 -9999 -9999 -9999 -9999 -9999 -9999 -9999 -9999 -9999 -9999 -9999 -9999 -9999 -9999 -9999 -9999 -9999 0 -9999 -9999 -9999 -9999 -9999 -9999 -9999 -9999 -9999 -9999 -9999 -9999 -9999 -9999 -9999 -9999 -9999
0.110146 0.114034 0.120289 0.120356 0.122346 0.124849 0.127231 0.130394 0.13206 0.134467 0.138231 0.139752 0.139595 0.140096 0.140626 0.141515 0.143219 0.145523 0.14822 0.152454 0.157285 0.161181 0.165762 0.174431 0.179046 0.185216 0.190164 -9999 -9999 -9999 -9999 -9999 -9999 -9999 0.176626 0.173921 0.170483 0.165659 0.158619 0.155994 -9999 -9999 -9999 -9999 -9999 -9999 -9999 -9999 -9999 -9999 -9999 -9999 -9999 -9999 -9999 -9999 -9999 -9999 -9999 0 0 -9999 -9999 -9999 -9999 -9999 -9999 -9999 -9999 -9999 -9999 -9999 -9999 -9999 -9999 -9999 -9999
0.110241 0.112041 0.120053 0.121678 0.123097 0.125098 0.127594 0.130309 0.131492 0.134341 0.136247 0.137826 0.137208 0.137883 0.139596 0.14164 0.143807 0.147437 0.149619 0.152021 0.155994 0.161382 0.166966 0.173813 0.182234 0.190436 0.197213 -9999 -9999 -9999 -9999 -9999 -9999 0.183262 0.178213 0.173541 0.172908 0.166026 0.158988 0.154478 0.145066 -9999 -9999 -9999 -9999 -9999 -9999 -9999 -9999 -9999 -9999 -9999 -9999 -9999 -9999 0 0 0 0 0 0 -9999 -9999 -9999 -9999 -9999 -9999 -9999 -9999 -9999 -9999 -9999 -9999 -9999 -9999 -9999 -9999
0.110306 0.113384 0.119678 0.122203 0.124076 0.126076 0.127903 0.129522 0.132241 0.133868 0.137087 0.135566 0.136455 0.137942 0.141316 0.143614 0.149128 0.152723 0.155088 0.153842 0.158587 0.166184 0.175194 0.189564 0.188252 0.192988 0.199664 -9999 -9999 -9999 -9999 -9999 -9999 0.187659 0.182195 0.176455 0.171947 0.170312 0.160812 0.149476 0.145678 0.139985 0.131864 0.124943 0.118696 0.106774 0.101553 0 0 -9999 -9999 -9999 -9999 0 0 0 0 0 0 0 0 -9999 -9999 -9999 -9999 -9999 -9999 -9999 -9999 -9999 -9999 -9999 -9999 -9999 -9999 -9999 -9999
0.112309 0.11441 0.120983 0.12342 0.125498 0.127569 0.129221 0.130565 0.132119 0.134181 0.134621 0.13534 0.136734 0.141894 0.147989 0.147016 0.151797 0.163301 0.157057 0.156508 0.161912 0.170978 0.181208 0.190605 0.189448 0.195678 0.203805 -9999 -9999 -9999 0.204879 0.200698 0.199098 0.195863 0.189408 0.183015 0.175191 0.168543 0.163377 0.152302 0.147736 0.14336 0.135631 0.124463 0.117188 0.105306 0 0 0 0 0 0 0 0 0 0 0 0 0 0 0 -9999 -9999 -9999 -9999 -9999 -9999 -9999 -9999 -9999 -9999 -9999 -9999 -9999 -9999 -9999 -9999
0.112836 0.116399 0.118663 0.125047 0.126697 0.128564 0.131518 0.131642 0.132707 0.133591 0.134553 0.135668 0.139884 0.145655 0.151687 0.155292 0.158349 0.164448 0.16188 0.161452 0.166008 0.174929 0.184652 0.188966 0.197268 0.202709 0.211252 -9999 -9999 0.21678 0.210176 0.204805 0.200921 0.197852 0.194558 0.187111 0.181961 0.172806 0.168239 0.160502 0.152639 0.144056 0.135329 0.124767 0.117872 0.108193 0 0 0 0 0 0 0 0 0 0 0 0 0 0 0 -9999 -9999 -9999 -9999 -9999 -9999 -9999 -9999 -9999 -9999 -9999 -9999 -9999 -9999 -9999 -9999
0.114346 0.11682 0.119944 0.12746 0.128129 0.129713 0.13227 0.134139 0.133694 0.134317 0.134845 0.135425 0.13927 0.143852 0.150792 0.155809 0.161935 0.16593 0.169873 0.171154 0.174727 0.178742 0.181658 0.188237 0.19886 0.205739 0.212433 0.218896 -9999 0.22123 0.218814 0.212616 0.206232 0.200604 0.198312 0.19005 0.184005 0.176598 0.171028 0.160972 0.151646 0.143867 0.136533 0.126564 0.114486 0.105622 0 0 0 0 0 0 0 0 0 0 0 0 0 0 0 -9999 -9999 -9999 -9999 -9999 -9999 -9999 -9999 -9999 -9999 -9999 -9999 -9999 -9999 -9999 -9999
0.113935 0.117353 0.120706 0.12697 0.128836 0.130664 0.132519 0.136161 0.136665 0.136605 0.135372 0.135615 0.136155 0.1388 0.146988 0.152393 0.159754 0.167257 0.169557 0.171591 0.17104 0.174961 0.181601 0.188733 0.20001 0.207592 0.215088 0.223589 0.225684 0.224241 0.222725 0.218582 0.211074 0.204205 0.198571 0.193051 0.186674 0.179227 0.170644 0.159197 0.151304 0.144057 0.135887 0.127868 0.118789 0.109523 0 0 0 0 0 0 0 0 0 0 0 0 0 0 0 -9999 -9999 -9999 -9999 -9999 -9999 -9999 -9999 -9999 -9999 -9999 -9999 -9999 -9999 -9999 -9999
0.117728 0.120888 0.12358 0.128403 0.130815 0.131861 0.133385 0.136651 0.139767 0.137843 0.137026 0.136119 0.136185 0.136813 0.14593 0.150948 0.155807 0.163271 0.162192 0.163875 0.167437 0.172443 0.182426 0.192607 0.206549 0.216796 0.221045 0.228642 0.228226 0.228221 0.223609 0.219543 0.216635 0.212871 0.202659 0.196754 0.187765 0.178742 0.172869 0.159903 0.152369 0.142726 0.133949 0.125395 0.121994 0.1089 0.102116 0 0 0 0 0 0 0 0 0 0 0 0 0 0 -9999 -9999 -9999 -9999 -9999 -9999 -9999 -9999 -9999 -9999 -9999 -9999 -9999 -9999 -9999 -9999
0.118802 0.12269 0.125818 0.129258 0.131082 0.132619 0.13411 0.136073 0.139072 0.139883 0.139363 0.141665 0.140035 0.138421 0.139745 0.141895 0.14975 0.153365 0.153634 0.15791 0.165911 0.173428 0.181231 0.19265 0.205115 0.216512 0.225931 0.229908 0.227311 0.224481 0.219942 0.217471 0.217749 0.213526 0.205703 0.196507 0.18799 0.180653 0.174505 0.160996 0.153898 0.141759 0.132172 0.124379 0.116979 0.107798 0 0 0 0 0 0 0 0 0 0 0 0 0 0 0 -9999 -9999 -9999 -9999 -9999 -9999 -9999 -9999 -9999 -9999 -9999 -9999 -9999 -9999 -9999 -9999
0.121695 0.124737 0.125034 0.129643 0.131523 0.133668 0.134794 0.136427 0.139074 0.141406 0.143388 0.146163 0.144894 0.141498 0.14033 0.141906 0.149153 0.147624 0.151635 0.157046 0.166445 0.174835 0.181705 0.19303 0.206188 0.215419 0.226146 0.227342 0.227605 0.226154 0.220954 0.216783 0.213567 0.212369 0.206016 0.196155 0.189181 0.183487 0.174616 0.161967 0.15552 0.141959 0.131273 0.12286 0.113972 0.105297 0 0 0 0 0 0 0 0 0 0 0 0 0 0 0 -9999 -9999 -9999 -9999 -9999 -9999 -9999 -9999 -9999 -9999 -9999 -9999 -9999 -9999 -9999 -9999
0.124561 0.125614 0.124596 0.129944 0.132758 0.13376 0.135154 0.137128 0.138478 0.141272 0.144864 0.151986 0.150457 0.1474 0.143207 0.142209 0.145091 0.147709 0.153614 0.163966 0.173931 0.179121 0.184896 0.194555 0.206486 0.216254 0.217668 0.218346 0.21806 0.218597 0.220444 0.216868 0.212563 0.211048 0.204236 0.195601 0.189936 0.182721 0.174595 0.162111 0.152163 0.142007 0.130179 0.122279 0.112627 0.103539 0 0 0 0 0 0 0 0 0 0 0 0 0 0 0 0 -9999 -9999 -9999 -9999 -9999 -9999 -9999 -9999 -9999 -9999 -9999 -9999 -9999 -9999 -9999
0.127992 0.130715 0.128631 0.133333 0.133208 0.13379 0.135187 0.137879 0.139547 0.143698 0.144871 0.151503 0.154831 0.153072 0.155361 0.149717 0.145539 0.147959 0.164545 0.173014 0.180521 0.184036 0.188757 0.194998 0.209776 0.216259 0.214186 0.214011 0.214088 0.214068 0.21478 0.215041 0.209091 0.205544 0.19973 0.194423 0.187426 0.18198 0.174834 0.159551 0.151145 0.141534 0.129745 0.122612 0.112009 0.103226 0 0 0 0 0 0 0 0 0 0 0 0 0 0 0 0 0 0 -9999 -9999 -9999 -9999 -9999 -9999 -9999 -9999 -9999 -9999 -9999 -9999 -9999
-9999 0.136519 0.131834 0.134483 0.134939 0.133994 0.135083 0.138132 0.139961 0.144051 0.14764 0.153664 0.160834 0.165245 0.155894 0.148487 0.146103 0.147565 0.161821 0.169734 0.173832 0.175472 0.182211 0.18862 0.201548 0.207452 0.213716 0.215931 0.215117 0.212809 0.210719 0.208365 0.20698 0.202854 0.197368 0.191852 0.184964 0.177681 0.169585 0.158155 0.146976 0.138788 0.128717 0.120202 0.112169 0.103709 0 0 0 0 0 0 0 0 0 0 0 0 0 0 0 0 0 0 0 -9999 -9999 -9999 -9999 -9999 -9999 -9999 -9999 -9999 -9999 -9999 -9999
-9999 0.140778 0.13591 0.138355 0.135418 0.13581 0.136947 0.137613 0.13923 0.142459 0.147277 0.151456 0.159518 0.168265 0.158506 0.150306 0.147334 0.149985 0.159991 0.160702 0.166507 0.169661 0.177787 0.183817 0.192425 0.19917 0.205909 0.213353 0.216059 0.210243 0.207312 0.204063 0.201328 0.198013 0.193907 0.190151 0.182498 0.178855 0.168303 0.155016 0.146209 0.137442 0.12869 0.120399 0.112643 0.104312 0 0 0 0 0 0 0 0 0 0 0 0 0 0 0 0 0 0 0 0 0 0 -9999 -9999 -9999 -9999 -9999 -9999 -9999 -9999 -9999
-9999 0.152823 0.143764 0.142017 0.138849 0.137818 0.137604 0.137779 0.140003 0.141632 0.14527 0.148867 0.154465 0.162884 0.16888 0.162552 0.152796 0.150783 0.151393 0.154798 0.160683 0.166596 0.170791 0.174668 0.18432 0.192828 0.200905 0.202801 0.207014 0.202915 0.203026 0.203352 0.195674 0.193314 0.190218 0.188176 0.18644 0.179541 0.171083 0.156732 0.150316 0.139951 0.129982 0.121324 0.113758 0.10583 0 0 0 0 0 0 0 0 0 0 0 0 0 0 0 0 0 0 0 0 0 0 0 -9999 -9999 -9999 -9999 -9999 -9999 -9999 -9999
-9999 0.153904 0.15088 0.144333 0.143123 0.139339 0.139156 0.138128 0.139011 0.140868 0.144229 0.148449 0.153291 0.160735 0.166919 0.163158 0.15767 0.15467 0.152511 0.154899 0.158205 0.162143 0.166959 0.171294 0.178743 0.184529 0.188817 0.194031 0.199952 0.194851 0.194786 0.195578 0.191086 0.189018 0.190736 0.190362 0.185791 0.178606 0.174206 0.161692 0.152544 0.143156 0.131264 0.124202 0.116678 0.106884 0.100583 0 0 0 0 0 0 0 0 0 0 0 0 0 0 0 0 0 0 0 0 0 0 0 -9999 -9999 -9999 -9999 -9999 -9999 -9999
-9999 0.152936 0.154117 0.148278 0.144743 0.140592 0.139425 0.138616 0.139272 0.141519 0.143555 0.146544 0.151008 0.154616 0.160356 0.168039 0.160402 0.160462 0.157297 0.15971 0.160069 0.163454 0.168134 0.175576 0.177096 0.176508 0.182661 0.186031 0.189768 0.187248 0.187671 0.187407 0.186377 0.188444 0.19126 0.19207 0.184119 0.179529 0.172909 0.165146 0.154126 0.143307 0.134648 0.127481 0.122329 0.109951 0.100382 0 0 0 0 0 0 0 0 0 0 0 0 0 0 0 0 0 0 0 0 0 0 0 0 -9999 -9999 -9999 -9999 -9999 -9999
-9999 -9999 0.157956 0.152986 0.145566 0.141889 0.139832 0.139202 0.140013 0.141595 0.143325 0.145594 0.149196 0.153702 0.160383 0.166059 0.165831 0.166056 0.164811 0.16553 0.162693 0.163722 0.1695 0.183545 0.177779 0.17561 0.177755 0.179874 0.18161 0.181685 0.182384 0.182978 0.18464 0.191504 0.191659 0.191591 0.186936 0.18381 0.175286 0.164084 0.153231 0.144507 0.136879 0.133776 0.125373 0.110763 0.103747 0 0 0 0 0 0 0 0 0 0 0 0 0 0 0 0 0 0 0 0 0 0 0 0 0 -9999 -9999 -9999 -9999 -9999
-9999 -9999 0.163733 0.155402 0.146265 0.144184 0.141897 0.139915 0.140738 0.142892 0.145003 0.147241 0.149809 0.15505 0.160415 0.165873 0.169181 0.170795 0.170309 0.169577 0.164739 0.165963 0.169256 0.178823 0.183325 0.179254 0.175902 0.176879 0.17832 0.184768 0.183488 0.186071 0.18915 0.188415 0.187709 0.188456 0.182633 0.181108 0.174879 0.16375 0.155247 0.147776 0.138709 0.135705 0.1286 0.114001 0.106847 0.10236 0 0 0 0 0 0 0 0 0 0 0 0 0 0 0 0 0 0 0 0 0 0 0 0 -9999 -9999 -9999 -9999 -9999
-9999 -9999 0.163193 0.157831 0.149807 0.144067 0.144784 0.142382 0.14156 0.143917 0.146479 0.149157 0.151034 0.156649 0.16289 0.16845 0.174939 0.176401 0.175573 0.169313 0.166857 0.168389 0.171765 0.1775 0.177446 0.174936 0.174113 0.174529 0.175734 0.177311 0.17787 0.179515 0.179267 0.180688 0.183365 0.182364 0.177524 0.178883 0.173986 0.167083 0.15726 0.147928 0.140418 0.138863 0.123668 0.11471 0.108042 0.102095 0 0 0 0 0 0 0 0 0 0 0 0 0 0 0 0 0 0 0 0 0 0 0 0 -9999 -9999 -9999 -9999 -9999
-9999 -9999 0.162722 0.157917 0.151061 0.147293 0.147538 0.144781 0.142387 0.143744 0.146432 0.148022 0.150955 0.15593 0.161457 0.167548 0.171576 0.178566 0.175984 0.17098 0.169055 0.16932 0.17444 0.177602 0.176277 0.174797 0.174757 0.172751 0.173244 0.174249 0.177854 0.178986 0.1769 0.17594 0.175086 0.175801 0.172667 0.171187 0.167981 0.164383 0.155607 0.148416 0.142853 0.131489 0.121156 0.114299 0.108481 0.103186 0 0 0 0 0 0 0 0 0 0 0 0 0 0 0 0 0 0 0 0 0 0 0 0 0 0 -9999 -9999 -9999
-9999 -9999 0.164611 0.159268 0.153512 0.151761 0.152374 0.146527 0.143316 0.144316 0.146153 0.148191 0.153704 0.154787 0.157134 0.162745 0.170335 0.178653 0.180185 0.17416 0.171707 0.171924 0.178678 0.181882 0.181777 0.178654 0.175753 0.172425 0.171715 0.172808 0.178494 0.184155 0.179857 0.174902 0.172732 0.171037 0.171224 0.168776 0.165864 0.164085 0.156821 0.151138 0.144989 0.128437 0.122069 0.115202 0.109032 0.105732 0.101693 0 0 0 0 0 0 0 0 0 0 0 0 0 0 0 0 0 0 0 0 0 0 0 0 0 0 0 0
-9999 -9999 0.167547 0.163926 0.158379 0.156788 0.153512 0.148019 0.145818 0.145292 0.146373 0.148108 0.151244 0.153729 0.157476 0.163207 0.170603 0.178774 0.184889 0.184957 0.176094 0.171605 0.182244 0.185898 0.183958 0.180405 0.174491 0.171159 0.170807 0.170987 0.171738 0.175601 0.180056 0.178342 0.173351 0.173233 0.173103 0.168257 0.164896 0.163313 0.160861 0.150155 0.138516 0.130035 0.124224 0.117176 0.109204 0.104763 0.101279 0 0 0 0 0 0 0 0 0 0 0 0 0 0 0 0 0 0 0 0 0 0 0 0 0 0 0 0
-9999 -9999 0.172001 0.167384 0.162161 0.157285 0.152684 0.148838 0.149438 0.147884 0.148921 0.148691 0.150269 0.153367 0.156731 0.161863 0.170827 0.178775 0.187397 0.187727 0.177663 0.179249 0.18369 0.190748 0.18564 0.179727 0.174233 0.171292 0.173971 0.171093 0.170755 0.171622 0.173751 0.177387 0.175215 0.176731 0.174057 0.168805 0.16461 0.161141 0.158398 0.149251 0.137456 0.130113 0.125078 0.11833 0.111274 0.104571 0.100531 0 0 0 0 0 0 0 0 0 0 0 0 0 0 0 0 0 0 0 0 0 0 0 0 0 0 0 0
-9999 -9999 -9999 0.168675 0.163137 0.159261 0.158891 0.155521 0.154128 0.153287 0.153891 0.149854 0.150746 0.153171 0.156363 0.160957 0.16816 0.173833 0.182168 0.188809 0.179954 0.185762 0.185304 0.186925 0.185185 0.179518 0.173366 0.172978 0.177333 0.176461 0.174996 0.172063 0.17179 0.177351 0.178961 0.179558 0.174556 0.169087 0.165026 0.161133 0.157575 0.140808 0.135364 0.127533 0.120665 0.115756 0.109666 0.104374 0.10042 0 0 0 0 0 0 0 0 0 0 0 0 0 0 0 0 0 0 0 0 0 0 0 0 0 0 0 0
-9999 -9999 -9999 0.171506 0.164836 0.164105 0.165072 0.168419 0.168123 0.15973 0.158813 0.154945 0.151446 0.15306 0.156208 0.160608 0.165598 0.172526 0.181678 0.189462 0.193728 0.184312 0.18073 0.180665 0.179782 0.176674 0.176563 0.181335 0.18555 0.183035 0.181095 0.174885 0.172619 0.17195 0.174212 0.176699 0.176415 0.170092 0.166103 0.162062 0.157951 0.146791 0.135492 0.126234 0.119664 0.113913 0.109038 0.103929 0.100047 0 0 0 0 0 0 0 0 0 0 0 0 0 0 0 0 0 0 0 0 0 0 0 0 0 0 0 0
-9999 -9999 -9999 -9999 -9999 -9999 -9999 -9999 0.16911 0.167935 0.161952 0.157271 0.151883 0.153149 0.156052 0.159378 0.165942 0.173151 0.176113 0.178873 0.192071 0.18357 0.181255 0.179451 0.179518 0.179203 0.181755 0.185968 0.191297 0.188513 0.182758 0.17628 0.174996 0.173076 0.173154 0.173798 0.178038 0.171483 0.167573 0.163093 0.158864 0.147605 0.135373 0.125901 0.120982 0.114368 0.107726 0.103352 0 0 0 0 0 0 0 0 0 0 0 0 0 0 0 0 0 0 0 0 0 0 0 0 0 0 0 0 0
-9999 -9999 -9999 -9999 -9999 -9999 -9999 -9999 0.175946 0.177216 0.163318 0.158015 0.153283 0.15357 0.156564 0.160293 0.164669 0.169643 0.17612 0.185434 0.192417 0.188189 0.182787 0.182494 0.184044 0.18799 0.189152 0.193814 0.196758 0.191251 0.185695 0.179945 0.177699 0.176256 0.174393 0.177916 0.179754 0.175223 0.170439 0.164463 0.153626 0.148478 0.141916 0.125615 0.118533 0.112351 0.107053 0.102431 0 0 0 0 0 0 0 0 0 0 0 0 0 0 0 0 0 0 0 0 0 0 0 0 0 0 0 0 0
-9999 -9999 -9999 -9999 -9999 -9999 -9999 -9999 -9999 0.181072 0.168412 0.160259 0.154485 0.153802 0.156055 0.159194 0.163436 0.168702 0.173232 0.181968 0.191136 0.193074 0.187822 0.188562 0.189905 0.195887 0.199315 0.199663 0.198653 0.194782 0.188908 0.183769 0.181199 0.183821 0.17786 0.175969 0.176435 0.175336 0.172944 0.166416 0.154562 0.149526 0.142441 0.127313 0.119887 0.111894 0.107356 0.101317 0 0 0 0 0 0 0 0 0 0 0 0 0 0 0 0 0 0 0 0 0 0 0 0 0 0 0 0 -9999
-9999 -9999 -9999 -9999 -9999 -9999 -9999 -9999 -9999 0.179342 0.172578 0.161774 0.156547 0.153961 0.155612 0.158445 0.161532 0.16601 0.171373 0.180544 -9999 -9999 -9999 -9999 -9999 -9999 0.206775 0.199655 0.195054 0.193905 0.191062 0.187122 0.18506 0.186719 0.187883 0.179902 0.177081 0.174164 0.172016 0.16936 0.15774 0.150162 0.141375 0.133505 0.119859 0.113319 0.105263 0 0 0 0 0 0 0 0 0 0 0 0 0 0 0 0 0 0 0 0 0 0 0 0 0 0 0 0 -9999 -9999
