Test_Spring_2018/11_17/Temp/20171112_003.txt
ncols	170
nrows	115
xllcorner	350000.000000
yllcorner	4445000.000000
cellsize	1000.000000
nodata_value	-9999.000000
[rows 32 to 63 of 115, columns 72 to 143 of 170]
13.1744 12.8439 13.3505 13.8168 13.5316 13.3461 14.1175 14.1158 13.8516 13.2333 13.0051 12.7686 12.6228 11.8299 9.60942 7.60748 8.67703 8.70053 7.95775 9.28479 8.5813 6.74877 4.16251 5.56613 5.19914 3.3658 2.9149 -9999 -9999 -9999 -9999 -9999 -9999 -9999 -9999 -9999 -9999 -9999 -9999 -9999 -9999 -9999 -9999 -9999 -9999 -9999 -9999 -9999 -9999 -9999 -9999 -9999 -9999 -9999 -9999 -9999 -9999 -9999 -9999 -9999 -9999 -9999 -9999 -9999 -9999 -9999 -9999 -9999 -9999 -9999 -9999 -9999
12.741 12.598 13.3515 13.3341 13.2873 13.563 14.0434 14.137 14.0329 13.7623 13.5277 13.2782 12.6481 11.7415 9.8409 7.56251 7.0442 8.15629 8.20783 8.38505 7.74359 6.93839 5.67974 6.70757 7.1058 5.89906 4.32413 3.31474 -9999 -9999 -9999 -9999 -9999 -9999 -9999 -9999 -9999 -9999 -9999 -9999 -9999 -9999 -9999 -9999 -9999 -9999 -9999 -9999 -9999 -9999 -9999 -9999 -9999 -9999 -9999 -9999 -9999 -9999 -9999 -9999 -9999 -9999 -9999 -9999 -9999 -9999 -9999 -9999 -9999 -9999 -9999 -9999
12.2228 11.4885 11.9418 12.2818 12.9192 13.0874 13.1808 14.08 14.0307 13.9873 13.601 13.2916 12.7801 11.9076 10.6662 9.17194 6.57159 8.17165 9.42415 9.39003 9.31939 8.75459 7.54511 8.55372 8.59943 7.06033 5.315 4.28268 3.85451 -9999 -9999 -9999 -9999 -9999 -9999 -9999 -9999 -9999 -9999 -9999 -9999 -9999 -9999 -9999 -9999 -9999 -9999 -9999 -9999 -9999 -9999 -9999 -9999 -9999 -9999 -9999 -9999 -9999 -9999 -9999 -9999 -9999 -9999 -9999 -9999 -9999 -9999 -9999 -9999 -9999 -9999 -9999
11.6327 10.736 11.192 11.8013 12.6667 13.117 13.4563 13.7242 13.9975 13.9635 13.5683 12.404 12.2362 12.184 11.3714 9.66807 7.96691 7.52459 9.43619 9.98177 9.86801 10.2933 9.26822 9.74972 9.5496 9.0049 7.32344 5.78691 5.14946 3.8917 -9999 -9999 -9999 -9999 -9999 -9999 -9999 -9999 -9999 -9999 -9999 -9999 -9999 -9999 -9999 -9999 -9999 -9999 -9999 -9999 -9999 -9999 -9999 -9999 -9999 -9999 -9999 -9999 -9999 -9999 -9999 -9999 -9999 -9999 -9999 -9999 -9999 -9999 -9999 -9999 -9999 -9999
-9999 -9999 10.1774 11.0118 11.7035 12.5463 13.2732 13.6366 13.9896 13.9598 13.1715 12.7851 12.7498 12.2169 11.2791 10.6897 9.61771 8.50087 8.92422 10.5539 9.82552 10.9795 10.8793 11.0896 10.3146 8.85615 6.89688 5.75498 5.18448 4.16491 -9999 -9999 -9999 -9999 -9999 -9999 -9999 -9999 -9999 -9999 -9999 -9999 -9999 -9999 -9999 -9999 -9999 -9999 -9999 -9999 -9999 -9999 -9999 -9999 -9999 -9999 -9999 -9999 -9999 -9999 -9999 -9999 -9999 -9999 -9999 -9999 -9999 -9999 -9999 -9999 -9999 -9999
-9999 -9999 -9999 10.865 11.3927 12.5188 13.1018 13.3374 13.9077 13.9079 13.6086 13.3822 13.0541 12.6258 11.9205 11.1424 10.134 10.0384 11.0798 11.0901 10.8694 11.0383 11.5722 11.4284 10.2314 8.17156 7.07837 4.85881 3.90712 4.00249 3.32738 -9999 -9999 -9999 -9999 -9999 -9999 -9999 -9999 -9999 -9999 -9999 -9999 5.87055 -9999 -9999 -9999 -9999 -9999 -9999 -9999 -9999 -9999 -9999 -9999 -9999 -9999 -9999 -9999 -9999 -9999 -9999 -9999 -9999 1.7421 -9999 -9999 -9999 -9999 -9999 -9999 -9999
-9999 -9999 10.7669 11.4757 12.0226 12.7282 12.7965 13.2175 13.8737 13.8823 13.6699 13.4298 12.8913 12.7566 12.3543 11.5096 11.3348 11.6737 11.8282 12.0037 12.1107 12.0189 11.7991 11.5158 10.7494 9.78959 9.14484 7.11539 6.09107 5.1091 3.62381 2.46145 -9999 -9999 -9999 -9999 -9999 -9999 -9999 5.1145 5.05625 5.07936 5.40147 6.29647 5.76532 -9999 -9999 -9999 -9999 -9999 -9999 -9999 -9999 -9999 -9999 -9999 -9999 -9999 -9999 -9999 -9999 -9999 -9999 -9999 2.55833 1.38516 -9999 -9999 -9999 -9999 -9999 -9999
-9999 -9999 10.9688 11.7082 12.0771 12.7627 13.1548 13.4135 13.6406 13.8576 13.8203 13.5549 13.1514 13.1524 12.5962 12.2951 12.0791 12.5383 12.6267 12.4384 12.203 11.9946 11.4106 11.3408 11.156 10.546 9.54624 8.51625 7.02997 5.01438 3.03772 1.44303 -9999 -9999 -9999 -9999 -9999 -9999 5.29093 6.03407 6.47787 5.52399 6.33259 7.07136 6.94938 6.22821 -9999 -9999 -9999 -9999 -9999 -9999 -9999 -9999 -9999 -9999 -9999 -9999 -9999 -9999 8.12112 6.91892 4.49476 3.24974 2.50073 1.43335 -9999 -9999 -9999 -9999 -9999 -9999
-9999 -9999 10.8259 11.6996 12.2915 12.8171 12.9012 13.4425 13.6769 13.7935 13.7791 13.7259 13.6506 13.1653 12.9553 12.2218 12.9187 12.8893 12.7091 12.0051 11.6981 10.4917 9.9593 9.84474 10.8545 10.1045 8.54103 6.58715 4.24229 4.08583 3.30835 1.88307 -9999 -9999 -9999 -9999 -9999 -9999 5.52796 6.32289 6.98568 7.07917 6.13077 7.44603 7.39374 6.65205 6.4809 7.08231 7.38561 7.15458 7.87029 8.07887 7.7501 8.10481 -9999 -9999 -9999 -9999 8.30114 8.3455 8.37769 7.874 5.22594 3.41563 1.7893 1.63453 -9999 -9999 -9999 -9999 -9999 -9999
-9999 -9999 11.435 11.9728 12.2449 12.2891 12.7614 13.2352 13.525 13.7394 13.6962 13.678 13.6585 13.4914 13.1049 13.1716 13.1377 12.9104 11.5729 10.0123 10.688 9.75779 7.78081 9.38763 10.2689 9.41937 7.52524 5.3294 4.61222 4.63872 3.55815 2.17129 -9999 -9999 -9999 3.36261 4.50308 4.59994 4.93402 5.99539 6.80185 7.40559 7.81742 7.80458 7.36054 6.63483 5.84649 6.12249 7.53034 7.87126 8.15537 8.37174 8.06645 8.22354 8.59807 8.79015 8.82658 8.73442 8.71043 8.73723 8.68784 8.21753 5.84654 4.48811 3.61934 1.87373 -9999 -9999 -9999 -9999 -9999 -9999
-9999 -9999 11.1037 11.5715 11.9506 12.58 12.6471 13.046 13.2848 13.6355 13.6747 13.2626 13.6014 13.5559 13.4902 13.3528 13.1523 12.0227 10.4669 8.90723 8.18542 8.49294 7.29968 7.90949 8.8025 8.47163 7.31331 5.35695 5.08017 4.62652 2.80775 1.05885 -9999 -9999 1.15353 3.34418 4.88576 5.6795 5.92325 5.9437 6.96053 7.03701 8.13173 7.87456 6.41636 6.57584 6.00316 6.36564 6.88187 7.02065 7.76241 8.47274 8.60533 8.60588 8.84347 8.89008 8.89981 8.89027 8.72375 8.79425 8.80129 8.50622 6.78814 5.94753 5.02268 1.90478 -9999 -9999 -9999 -9999 -9999 -9999
-9999 -9999 11.3493 11.8726 12.4459 12.539 12.964 12.9184 12.8003 13.3926 13.6082 13.3172 13.107 13.4905 13.4616 13.4077 13.3204 12.2585 11.0301 9.17221 8.01653 7.31259 6.80945 6.14297 6.60074 6.4584 6.26837 6.48373 5.94357 4.87195 3.80794 1.81581 0.738592 -9999 1.27707 2.2645 4.09836 5.65614 6.64369 6.28411 7.44071 7.65216 8.32078 7.92413 7.03655 6.65505 6.61761 6.49821 7.27621 7.79556 8.16386 8.4089 8.7125 8.78851 8.86485 8.89513 8.91016 8.9251 8.91749 8.90729 8.86818 8.75421 7.9614 7.1232 5.31579 2.01249 -9999 -9999 -9999 -9999 -9999 -9999
-9999 9.82562 11.2926 12.1704 12.5106 12.7563 12.9731 13.1301 13.2967 13.4486 13.5544 13.5079 12.7378 12.7989 12.9347 13.3683 13.3339 13.2346 12.5612 10.3012 9.52077 8.38095 6.90298 6.28467 6.59116 7.79926 7.74393 6.9417 6.04789 4.81413 4.0264 2.80538 0.46097 0.66993 1.72271 2.50529 3.75081 5.65554 6.98957 7.58277 7.8044 8.27299 8.51367 7.97234 7.45431 7.23497 6.83197 6.77213 6.77179 7.24067 7.6061 8.42047 8.69348 8.81492 8.87688 8.90898 8.9314 8.95307 8.95813 8.9384 8.93477 8.92346 8.86122 7.74577 4.96335 2.86145 -9999 -9999 -9999 -9999 -9999 -9999
-9999 -9999 11.0249 11.4112 11.5127 11.6901 12.0528 12.4708 13.0645 13.1407 13.4662 13.4631 12.7989 12.0318 12.6961 12.958 13.2291 13.2336 13.1435 11.2469 10.2523 9.46886 8.0517 8.56056 9.0438 9.07923 8.78549 7.0669 5.35534 3.38332 1.53938 1.44966 0.455698 0.9777 1.67249 3.45892 4.71508 5.22255 5.58586 7.5215 8.02378 8.19398 8.68684 8.00624 7.82963 7.31718 7.46486 7.41692 7.41657 6.00408 7.4153 7.49592 8.41417 8.8244 8.91448 8.93774 8.96241 8.96383 8.96577 8.95764 8.96256 8.94444 8.92414 8.1973 4.66988 2.8916 -9999 -9999 -9999 -9999 -9999 -9999
-9999 -9999 -9999 -9999 11.1518 11.4471 11.6367 11.9643 12.9677 13.2376 13.4165 13.431 13.1343 12.3744 12.1725 12.3084 11.5658 12.1811 13.0248 13.0008 12.8955 11.2263 10.372 11.1958 10.9434 9.68905 8.70178 7.72748 5.72386 4.25808 2.145 0.55769 0.496071 2.24391 3.69447 5.50217 6.29817 5.84059 6.32967 7.2905 8.38133 8.90698 8.77877 8.06155 7.95649 7.16829 7.93586 7.9985 7.63666 7.3236 7.44441 7.89704 8.06796 8.78573 8.95741 8.98447 8.98751 8.98762 8.9812 8.97324 8.9604 8.94818 8.93307 8.89522 5.26945 2.44303 -9999 -9999 -9999 -9999 -9999 -9999
-9999 -9999 -9999 -9999 10.4603 10.6406 11.1131 12.3249 12.9606 13.2168 13.2078 13.3254 13.1157 12.4471 11.7603 11.112 10.2768 10.7498 12.0061 12.7458 12.8277 11.3643 12.1231 11.8368 11.2742 9.63429 8.4255 7.78421 5.86061 4.21475 2.80838 0.866955 1.69467 2.60625 3.77754 5.74962 7.07935 7.62381 7.16155 7.77427 9.03008 9.03387 8.342 8.38344 7.95892 6.88315 7.996 8.30677 8.05032 8.11285 8.01572 8.18225 8.48826 8.78095 8.97465 8.99832 8.99817 8.98885 8.98517 8.98215 8.96407 8.96058 8.94551 8.92184 6.57959 2.39353 -9999 -9999 -9999 -9999 -9999 -9999
-9999 -9999 -9999 -9999 -9999 9.83242 10.9093 12.5177 12.918 12.8816 13.213 13.2407 12.9194 12.6398 11.8065 10.6687 8.48553 9.03807 10.1944 11.8632 12.7393 12.6187 12.1285 11.2781 9.22267 7.42384 7.20444 6.90912 5.50497 4.2375 2.67403 3.57714 4.56641 5.64869 6.21609 6.06551 7.20448 8.13245 7.73432 8.48673 9.36491 8.96218 8.72268 8.52114 8.03137 7.99872 8.04604 8.67669 8.23491 8.50136 8.50541 8.48714 8.63439 8.80445 8.98331 9.01013 9.0075 9.00743 8.98296 8.9867 8.97219 8.95747 8.94329 8.92233 8.70553 6.44617 5.0956 -9999 -9999 -9999 -9999 -9999
-9999 -9999 -9999 -9999 -9999 8.84352 9.38089 11.2854 11.8745 12.7155 13.1614 13.1809 12.6394 12.3368 11.0964 10.692 8.67253 7.7566 8.52892 8.22994 10.5292 12.5639 12.1194 8.00699 6.51678 5.45363 5.72537 5.72691 5.33528 3.17721 2.58053 4.51144 5.72636 6.66703 7.37986 7.52642 7.49897 8.95224 9.14262 9.61274 9.50692 9.54775 8.80963 8.35167 8.74398 8.28241 8.2009 8.85254 8.20448 8.78472 8.71314 8.53493 8.52274 8.90399 8.9788 9.01677 9.01615 8.99793 8.97539 8.96038 8.9689 8.95885 8.933 8.92925 8.90324 8.62576 7.45566 7.04292 7.48813 -9999 -9999 -9999
-9999 -9999 -9999 -9999 -9999 -9999 7.609 10.2554 11.4652 12.0999 12.9934 13.0999 12.8131 12.2897 11.0259 9.91422 8.10872 6.04734 4.95406 8.21607 11.0551 12.5363 12.3403 8.91697 7.56529 7.50161 8.29601 7.62378 7.11362 5.47375 4.98181 4.29852 4.71629 6.02917 7.10003 8.13262 8.88262 8.94129 9.42715 9.70433 9.72444 9.80941 9.72005 9.64657 8.93224 9.41915 9.00027 9.21786 9.07273 8.94144 8.82842 8.4194 8.70302 8.95387 9.01622 9.03312 9.0144 9.00751 8.99347 8.96636 8.95065 8.94486 8.93806 8.92039 8.91529 8.89287 8.75666 8.05048 7.10709 5.91686 -9999 -9999
-9999 -9999 -9999 -9999 -9999 -9999 6.29078 8.92396 10.1936 11.8261 12.6682 13.0087 12.961 12.5363 11.5754 10.1306 8.92669 6.62587 4.23719 7.66069 10.7109 12.3564 12.4424 9.56578 10.362 9.71662 9.97558 8.79484 8.30361 7.9167 7.06791 6.13968 5.12577 4.58742 6.99458 8.22917 9.22217 9.68894 9.95165 10.0815 10.0076 9.82257 8.74932 9.56242 9.51375 9.42933 9.33299 9.28475 9.19711 9.09441 9.03293 9.00873 8.73598 9.03856 9.02772 9.02816 9.02601 9.01454 8.99592 8.97923 8.95935 8.95465 8.93853 8.9235 8.91149 8.898 8.88376 8.83963 8.64795 7.05156 6.09466 5.82144
-9999 -9999 -9999 -9999 -9999 -9999 2.59436 6.42491 9.50855 11.1149 12.4238 12.7808 12.9124 12.3437 11.9176 10.8812 9.89989 8.3875 6.12354 4.72911 7.2919 11.0194 12.3922 12.2839 12.1969 11.4508 10.7783 10.6923 10.7415 9.9606 8.82293 7.33243 6.86609 6.34148 8.13356 8.37392 8.23968 10.2106 10.2122 10.0973 9.33932 8.4912 8.64903 8.12118 8.51677 7.8896 8.46002 8.95263 9.13455 9.1159 9.04733 9.03674 9.00322 9.05204 9.04722 9.03485 9.02459 9.01747 9.00654 8.98009 8.96352 8.96818 8.94682 8.93099 8.91258 8.90134 8.89161 8.8576 8.8262 8.57613 8.20302 7.49539
-9999 -9999 -9999 -9999 -9999 -9999 2.76716 5.9905 8.72208 10.3623 11.936 12.2991 12.8283 12.7107 12.2646 11.3634 10.2384 8.99334 7.0508 5.6068 7.32091 9.79435 11.566 12.2005 12.1917 12.1478 11.9781 11.911 11.7131 11.5736 10.7545 9.34721 8.54999 7.38461 9.3821 9.60333 9.28716 10.2826 10.2295 8.71656 7.55272 7.40529 8.11079 7.43433 7.31037 6.88561 7.3563 8.62326 8.25079 8.3204 8.89344 8.98434 9.04061 9.05289 9.04487 9.03823 9.02468 9.02252 9.0204 8.99431 8.98032 8.97154 8.94588 8.9353 8.91582 8.8949 8.8766 8.85591 8.82693 8.752 8.67141 8.74467
-9999 -9999 -9999 -9999 -9999 -9999 2.84011 5.00472 7.46257 9.87755 11.5583 12.2346 12.7262 12.7181 12.2001 11.7509 11.0447 9.9491 9.19712 7.89331 6.10481 9.09931 10.0159 10.8347 11.1829 12.0363 12.0139 11.6205 11.1636 11.583 11.4572 10.3419 9.97291 9.35205 10.4615 10.4608 10.4266 10.3637 9.08494 7.30876 5.88855 6.90571 6.68981 7.15514 5.69895 6.89202 7.84923 8.15731 7.49878 7.0107 8.50559 8.74923 8.89268 8.98315 9.04127 9.02239 9.03395 9.02153 9.01361 9.00529 8.98895 8.97758 8.96085 8.94363 8.92358 8.90417 8.88212 8.85753 8.85076 8.80516 8.78529 8.7655
-9999 -9999 -9999 -9999 -9999 -9999 -9999 3.7333 6.85233 9.63376 11.181 12.1529 12.6249 12.6134 12.3471 12.0412 11.6024 10.8113 9.81852 8.25103 7.08719 7.82382 8.72203 8.82205 9.41952 11.1545 11.7461 10.9034 8.82497 10.0505 11.4158 11.3903 11.2701 11.136 10.9628 10.8088 10.4759 9.58982 6.88198 6.34944 5.28572 5.40366 4.85668 6.04272 5.59225 6.81031 7.33617 7.53237 6.39934 6.63592 7.95813 8.47914 8.38774 8.70594 9.0077 9.01405 9.01925 9.00776 9.01096 9.01001 9.00149 8.9861 8.97247 8.96138 8.92891 8.92098 8.8156 8.74531 8.6078 8.76668 8.77726 8.7768
-9999 -9999 -9999 -9999 -9999 -9999 -9999 3.11974 6.22935 9.50544 10.5555 11.6036 12.5077 12.5227 12.1173 11.7318 11.335 10.8838 9.67995 8.5127 7.3984 7.02348 7.24634 7.22619 8.19346 10.4542 10.8904 10.7015 8.53257 7.79485 9.61987 11.153 11.2706 11.128 9.31657 9.6984 8.7199 7.39408 7.02716 6.44544 5.21926 5.80555 4.90665 5.28809 5.17914 5.8692 6.20382 7.02487 6.03695 6.03941 7.33754 7.99064 8.0031 8.68883 8.93091 8.99168 9.00438 9.01264 9.01238 9.0201 9.01069 8.99748 8.98092 8.94474 8.86283 8.61358 7.29433 7.29139 7.64577 7.98084 8.59322 8.75941
-9999 -9999 -9999 -9999 -9999 -9999 -9999 3.48268 5.63988 8.54655 10.6989 10.8317 11.8767 12.4148 11.9744 11.4789 10.9722 10.7496 9.43952 8.0008 6.83818 5.46241 5.68731 6.67254 8.28333 9.74294 10.0024 9.69821 8.53709 9.08403 10.3278 10.9866 11.1786 11.0217 10.6247 10.3939 9.67259 9.3583 8.35788 6.79535 6.17825 6.56459 4.90594 5.01878 5.62809 4.97092 6.03985 6.54947 5.2748 6.28246 7.43056 8.01562 8.52668 8.76662 8.86008 9.00548 9.00597 9.01517 9.01877 9.01345 9.01025 8.98294 8.95969 8.81736 8.60887 7.38544 6.86207 6.95732 7.5166 8.00571 8.51375 8.72053
-9999 -9999 -9999 -9999 -9999 -9999 -9999 3.85385 5.79585 8.31585 9.84975 10.1221 11.2813 12.3118 12.1939 11.6786 11.5201 10.9863 9.87491 8.64761 7.30643 6.65362 5.15497 6.62726 7.79 9.0257 9.6027 8.6498 8.16714 9.01467 9.85707 10.1917 11.0423 11.0311 10.7498 9.54725 8.95933 9.20361 8.94944 8.50654 7.43009 7.37942 6.68686 6.39823 6.12534 5.24169 5.79733 5.84971 5.99768 7.20751 7.80325 8.19697 8.55476 8.64599 8.79957 9.00002 9.01455 9.01851 9.01429 9.01483 8.99654 8.93518 8.88285 8.5999 8.10155 7.17468 5.66324 6.71341 7.81168 8.13305 8.44812 8.60995
-9999 -9999 -9999 -9999 -9999 -9999 -9999 3.52587 5.58899 7.74241 8.64133 8.79191 10.892 12.177 12.1768 11.9312 11.645 10.3296 10.4047 10.1401 8.92997 7.16819 5.23348 5.41306 6.56197 8.1935 8.7323 7.15481 6.59377 7.00214 8.27747 9.41868 10.6103 10.9107 10.5573 8.68715 6.69996 7.61733 8.59777 8.58944 8.29803 7.2994 6.98024 6.69097 5.96134 4.72458 4.90077 5.23928 6.61345 7.04479 7.71318 8.26766 8.05355 8.17302 8.70342 9.00628 9.01439 9.01645 9.02315 9.01273 8.99103 8.87203 8.74613 8.53712 7.24371 6.43786 5.25946 6.60807 7.35536 7.74706 8.45821 8.62427
-9999 -9999 -9999 -9999 -9999 -9999 -9999 2.88992 4.3865 6.44469 7.27277 8.59496 10.5795 11.5544 12.0204 12.0078 11.8162 11.226 10.8703 10.1716 8.91273 7.19213 5.27976 4.03417 4.66459 6.85981 7.38051 5.92352 5.17972 6.10065 7.46005 9.47406 10.6235 10.7763 10.6692 10.2812 8.82959 7.07636 7.07938 7.9543 7.21681 6.36009 6.82655 6.73651 6.01595 5.49087 5.16475 5.3598 6.14277 6.46324 7.23598 8.37824 8.53878 8.5027 8.98162 9.00228 9.01009 9.02484 9.02081 9.0129 8.99489 8.89712 8.68245 7.82031 7.0679 6.02255 5.8897 7.08146 7.60219 8.0886 8.43515 8.545
-9999 -9999 -9999 -9999 -9999 -9999 -9999 1.79261 3.55376 5.48169 7.28669 8.99422 10.4635 10.5748 11.3486 11.3453 11.7497 11.6309 11.0836 10.4947 9.40968 7.19983 5.34135 3.31471 3.84654 6.08581 6.38196 5.40284 3.59573 5.45689 7.50954 9.36955 10.3752 9.58195 10.3893 10.3198 9.77412 8.72921 7.10614 7.13374 5.91656 5.8606 6.48094 6.68009 6.57293 6.17789 5.54517 5.64831 6.12327 6.24079 6.95068 7.83603 8.70154 8.84407 9.00636 9.01004 9.0093 9.0194 9.01765 8.99601 8.94795 8.84576 8.12241 7.26277 6.73164 6.00204 5.9099 7.29162 7.83471 8.13847 8.43729 8.55252
-9999 -9999 -9999 -9999 -9999 -9999 -9999 -9999 3.37653 5.36837 6.84166 7.23675 8.54248 9.24646 9.79066 9.90943 11.4667 11.5503 11.2024 10.6612 9.73536 8.0579 6.88854 4.94446 3.54656 4.11794 4.387 4.89776 4.74424 5.57304 7.54554 9.60058 9.82246 8.51272 8.70352 8.97414 9.58412 9.27016 7.0596 5.93489 5.00069 5.65866 6.35095 6.51588 6.54612 6.40842 6.24546 5.97792 6.90471 7.58956 7.74556 8.3423 8.782 8.90093 8.98971 8.99768 9.00585 9.0026 8.97331 8.95104 8.83619 8.58323 7.77444 5.83465 5.92101 5.7075 5.10112 6.45356 7.29558 8.05974 8.46367 8.56461
-9999 -9999 -9999 -9999 -9999 -9999 -9999 -9999 2.71619 5.02117 5.50637 5.468 4.70194 5.05127 7.88059 8.44837 9.94165 11.3555 11.2491 10.7179 9.85148 8.85146 7.30451 5.1183 3.38082 2.65353 4.51639 6.34757 6.72412 7.30748 8.51537 8.74299 7.40471 6.14946 6.85008 7.27087 8.88204 9.1735 8.85648 7.52308 5.99889 5.2015 6.13489 6.25644 6.30895 6.31636 6.28235 6.23936 7.28539 7.86218 8.26123 8.47691 8.85399 8.94797 8.97577 9.00175 8.9915 8.96846 8.90485 8.83291 8.52826 8.16012 6.83764 5.73431 5.04467 4.17032 6.12704 6.6994 7.49387 8.00537 8.40713 8.49168
