Test_Spring_2018/11_17/Temp/20171101_012.txt
ncols	170
nrows	115
xllcorner	350000.000000
yllcorner	4445000.000000
cellsize	1000.000000
nodata_value	-9999.000000
[rows 32 to 63 of 115, columns 72 to 143 of 170]
15.4408 15.1385 15.5973 16.0192 15.7388 15.5552 16.2462 16.2418 15.9989 15.4344 15.225 15.0084 14.8746 14.1524 12.1316 10.3097 11.2816 11.3018 10.6247 11.83 11.1878 9.51826 7.16267 8.43604 8.09849 6.40446 5.98132 -9999 -9999 -9999 -9999 -9999 -9999 -9999 -9999 -9999 -9999 -9999 -9999 -9999 -9999 -9999 -9999 -9999 -9999 -9999 -9999 -9999 -9999 -9999 -9999 -9999 -9999 -9999 -9999 -9999 -9999 -9999 -9999 -9999 -9999 -9999 -9999 -9999 -9999 -9999 -9999 -9999 -9999 -9999 -9999 -9999
15.044 14.9125 15.5961 15.5781 15.5185 15.7508 16.177 16.2594 16.1623 15.914 15.6988 15.4703 14.8958 14.0702 12.3403 10.2669 9.79438 10.8048 10.8503 11.0099 10.4244 9.68958 8.54194 9.47385 9.83277 8.71966 7.26336 6.32633 -9999 -9999 -9999 -9999 -9999 -9999 -9999 -9999 -9999 -9999 -9999 -9999 -9999 -9999 -9999 -9999 -9999 -9999 -9999 -9999 -9999 -9999 -9999 -9999 -9999 -9999 -9999 -9999 -9999 -9999 -9999 -9999 -9999 -9999 -9999 -9999 -9999 -9999 -9999 -9999 -9999 -9999 -9999 -9999
14.5704 13.9011 14.3118 14.6191 15.1708 15.3087 15.3906 16.2059 16.1586 16.117 15.7637 15.4807 15.0141 14.2193 13.0891 11.729 9.36264 10.8171 11.9551 11.9226 11.8565 11.3406 10.238 11.1527 11.1912 9.76703 8.14933 7.20745 6.81535 -9999 -9999 -9999 -9999 -9999 -9999 -9999 -9999 -9999 -9999 -9999 -9999 -9999 -9999 -9999 -9999 -9999 -9999 -9999 -9999 -9999 -9999 -9999 -9999 -9999 -9999 -9999 -9999 -9999 -9999 -9999 -9999 -9999 -9999 -9999 -9999 -9999 -9999 -9999 -9999 -9999 -9999 -9999
14.0318 13.2148 13.628 14.1802 14.9523 15.3391 15.6396 15.8805 16.1266 16.0935 15.732 14.6713 14.5173 14.4687 13.7286 12.1784 10.6301 10.2269 11.9647 12.4596 12.3545 12.7394 11.8048 12.2402 12.0553 11.5462 9.98916 8.57638 7.99408 6.8478 -9999 -9999 -9999 -9999 -9999 -9999 -9999 -9999 -9999 -9999 -9999 -9999 -9999 -9999 -9999 -9999 -9999 -9999 -9999 -9999 -9999 -9999 -9999 -9999 -9999 -9999 -9999 -9999 -9999 -9999 -9999 -9999 -9999 -9999 -9999 -9999 -9999 -9999 -9999 -9999 -9999 -9999
-9999 -9999 12.7035 13.448 14.0677 14.8188 15.4716 15.7992 16.1176 16.0881 15.369 15.0159 14.9824 14.4966 13.6427 13.1059 12.1301 11.1135 11.4977 12.979 12.315 13.3629 13.2697 13.4586 12.7508 11.3968 9.60179 8.54795 8.02662 7.09708 -9999 -9999 -9999 -9999 -9999 -9999 -9999 -9999 -9999 -9999 -9999 -9999 -9999 -9999 -9999 -9999 -9999 -9999 -9999 -9999 -9999 -9999 -9999 -9999 -9999 -9999 -9999 -9999 -9999 -9999 -9999 -9999 -9999 -9999 -9999 -9999 -9999 -9999 -9999 -9999 -9999 -9999
-9999 -9999 -9999 13.3131 13.7836 14.8045 15.3143 15.5253 16.0412 16.0388 15.7644 15.5568 15.257 14.8664 14.2242 13.5159 12.5982 12.5108 13.4575 13.4659 13.2639 13.4159 13.8995 13.7663 12.6646 10.7744 9.7768 7.73337 6.86525 6.94991 6.33409 -9999 -9999 -9999 -9999 -9999 -9999 -9999 -9999 -9999 -9999 -9999 -9999 8.64356 -9999 -9999 -9999 -9999 -9999 -9999 -9999 -9999 -9999 -9999 -9999 -9999 -9999 -9999 -9999 -9999 -9999 -9999 -9999 -9999 4.87257 -9999 -9999 -9999 -9999 -9999 -9999 -9999
-9999 -9999 13.2375 13.8615 14.3553 14.9934 15.0406 15.4146 16.0083 16.0134 15.8179 15.5978 15.1067 14.9832 14.6168 13.8482 13.6891 13.9971 14.1374 14.2963 14.3926 14.3076 14.1056 13.8455 13.1229 12.2465 11.6566 9.79842 8.85229 7.95688 6.60407 5.54548 -9999 -9999 -9999 -9999 -9999 -9999 -9999 7.95907 7.90609 7.92687 8.21933 9.03262 8.54836 -9999 -9999 -9999 -9999 -9999 -9999 -9999 -9999 -9999 -9999 -9999 -9999 -9999 -9999 -9999 -9999 -9999 -9999 -9999 5.6164 4.55106 -9999 -9999 -9999 -9999 -9999 -9999
-9999 -9999 13.4039 14.0725 14.4039 15.0232 15.3756 15.5912 15.7943 15.9887 15.9523 15.7091 15.3409 15.3411 14.8349 14.5611 14.3649 14.7827 14.863 14.6913 14.4763 14.2854 13.7521 13.6861 13.4933 12.9348 12.0217 11.0811 9.70664 7.87088 6.07104 4.61919 -9999 -9999 -9999 -9999 -9999 -9999 8.12082 8.79719 9.20101 8.3331 9.06804 9.73909 9.62683 8.95459 -9999 -9999 -9999 -9999 -9999 -9999 -9999 -9999 -9999 -9999 -9999 -9999 -9999 -9999 10.6698 9.57831 7.37524 6.24469 5.56524 4.59612 -9999 -9999 -9999 -9999 -9999 -9999
-9999 -9999 13.2745 14.0646 14.5982 15.0712 15.1427 15.6255 15.8253 15.928 15.9124 15.8621 15.7925 15.3507 15.1597 14.4929 15.1274 15.1012 14.9376 14.297 14.0171 12.9184 12.4321 12.3052 13.2199 12.5336 11.1072 9.32583 7.17827 7.02619 6.31706 5.0193 -9999 -9999 -9999 -9999 -9999 -9999 8.33785 9.06154 9.66467 9.74953 8.8862 10.0815 10.0187 9.34205 9.18424 9.72917 10.003 9.7822 10.4292 10.6186 10.3198 10.6431 -9999 -9999 -9999 -9999 10.83 10.8726 10.9041 10.4481 8.04143 6.39671 4.91925 4.77684 -9999 -9999 -9999 -9999 -9999 -9999
-9999 -9999 13.8294 14.3133 14.5552 14.5897 15.0135 15.4343 15.685 15.8761 15.8343 15.8161 15.7975 15.6454 15.2943 15.3559 15.3262 15.1204 13.9046 12.4853 13.0996 12.2512 10.4409 11.8908 12.6881 11.9108 10.1831 8.1811 7.51411 7.52889 6.54391 5.28217 -9999 -9999 -9999 6.3671 7.40579 7.49525 7.80038 8.76682 9.501 10.0483 10.4222 10.4008 9.99086 9.32826 8.60856 8.857 10.1352 10.443 10.6889 10.8852 10.6076 10.7534 11.0951 11.2712 11.3062 11.2245 11.205 11.2319 11.1895 10.7642 8.60691 7.37331 6.58497 4.99955 -9999 -9999 -9999 -9999 -9999 -9999
-9999 -9999 13.5264 13.9462 14.2851 14.851 14.9059 15.263 15.4707 15.7794 15.8124 15.4359 15.7433 15.702 15.6431 15.5194 15.3385 14.3126 12.8985 11.4804 10.8237 11.0944 10.0066 10.5502 11.3581 11.0491 9.98963 8.20522 7.94893 7.52366 5.86179 4.26963 -9999 -9999 4.35637 6.35041 7.75431 8.47803 8.70132 8.72118 9.6469 9.71669 10.7121 10.4699 9.13758 9.28004 8.75238 9.07898 9.54738 9.67109 10.3366 10.9795 11.0999 11.1007 11.3178 11.3616 11.3724 11.366 11.217 11.2839 11.293 11.0273 9.4671 8.70487 7.86333 5.03235 -9999 -9999 -9999 -9999 -9999 -9999
-9999 -9999 13.7485 14.2182 14.7331 14.8113 15.1915 15.1447 15.0273 15.5615 15.7496 15.4831 15.2913 15.6406 15.6155 15.5683 15.4908 14.5269 13.411 11.7219 10.6707 10.0225 9.56221 8.94338 9.35511 9.22057 9.04246 9.23311 8.73311 7.74579 6.77518 4.95743 3.97709 -9999 4.4684 5.36825 7.03837 8.45746 9.35769 9.03214 10.0852 10.2779 10.8797 10.5173 9.70386 9.35461 9.31752 9.20572 9.91021 10.3757 10.7015 10.9231 11.1968 11.2662 11.3365 11.3655 11.3812 11.3972 11.393 11.3867 11.3541 11.2533 10.535 9.77301 8.13109 5.1313 -9999 -9999 -9999 -9999 -9999 -9999
-9999 12.3778 13.6982 14.4897 14.7919 15.0082 15.1983 15.3346 15.4764 15.6098 15.7024 15.6546 14.9536 15.0098 15.135 15.5316 15.5027 15.4148 14.8041 12.7495 12.0345 10.9942 9.64696 9.0738 9.34746 10.4408 10.3847 9.64915 8.83052 7.69596 6.9726 5.85992 3.72381 3.91439 4.87337 5.58718 6.72247 8.45752 9.67326 10.2147 10.4175 10.8397 11.0576 10.5635 10.0864 9.88374 9.51369 9.45559 9.45157 9.87447 10.1977 10.9329 11.1803 11.2895 11.3466 11.3773 11.3998 11.4221 11.4296 11.4148 11.4148 11.4076 11.3524 10.3403 7.81233 5.90524 -9999 -9999 -9999 -9999 -9999 -9999
-9999 -9999 13.4559 13.7997 13.8841 14.0377 14.36 14.7332 15.2632 15.3276 15.62 15.6145 15.0077 14.3108 14.917 15.1577 15.4072 15.4141 15.3344 13.6056 12.7001 11.9855 10.6934 11.1455 11.5795 11.6057 11.3322 9.76265 8.19968 6.39354 4.71252 4.62821 3.72038 4.19383 4.82736 6.45457 7.59985 8.06423 8.39727 10.1601 10.6153 10.7699 11.2172 10.5963 10.4297 9.96005 10.0905 10.0428 10.0383 8.74942 10.0238 10.0947 10.9283 11.2983 11.3801 11.4027 11.4273 11.4313 11.4362 11.4322 11.4402 11.426 11.4109 10.7526 7.54637 5.93358 -9999 -9999 -9999 -9999 -9999 -9999
-9999 -9999 -9999 -9999 13.5559 13.8163 13.9808 14.2713 15.1739 15.4142 15.5732 15.584 15.3132 14.6216 14.4402 14.5666 13.8943 14.4565 15.224 15.2026 15.106 13.5856 12.7996 13.5439 13.3084 12.1611 11.2564 10.3634 8.53439 7.18871 5.26262 3.81586 3.75813 5.34761 6.66648 8.31325 9.04018 8.62697 9.07468 9.94912 10.9422 11.4203 11.3027 10.6483 10.5467 9.82604 10.5201 10.5727 10.239 9.94974 10.0502 10.4592 10.6126 11.2644 11.4204 11.4447 11.4497 11.4526 11.4501 11.4464 11.438 11.4303 11.4198 11.3883 8.09275 5.52648 -9999 -9999 -9999 -9999 -9999 -9999
-9999 -9999 -9999 -9999 12.9269 13.0824 13.504 14.5987 15.1668 15.3946 15.3826 15.4873 15.2957 14.6882 14.0652 13.4785 12.7216 13.1542 14.2986 14.9718 15.0455 13.7123 14.3937 14.128 13.6103 12.1119 11.0055 10.4152 8.65876 7.14925 5.86585 4.09685 4.84801 5.67678 6.74306 8.53861 9.7512 10.2496 9.8313 10.3905 11.5338 11.5372 10.9069 10.9426 10.5504 9.56798 10.5759 10.854 10.6159 10.6681 10.5702 10.7187 10.9948 11.2597 11.4356 11.4579 11.4593 11.4537 11.4538 11.4546 11.4418 11.4422 11.4319 11.4134 9.28551 5.48246 -9999 -9999 -9999 -9999 -9999 -9999
-9999 -9999 -9999 -9999 -9999 12.3472 13.3186 14.774 15.1281 15.0898 15.3876 15.4105 15.1175 14.8639 14.1079 13.0758 11.0929 11.5979 12.6513 14.1698 14.966 14.8542 14.3995 13.6206 11.7449 10.102 9.89547 9.61985 8.33583 7.17051 5.74414 6.56258 7.46066 8.44467 8.96163 8.82665 9.86561 10.7127 10.3532 11.0395 11.8393 11.4731 11.2543 11.0691 10.6175 10.584 10.6226 11.1916 10.7849 11.0224 11.0165 10.9967 11.1283 11.2815 11.4438 11.4689 11.4683 11.4711 11.4522 11.4593 11.4499 11.4402 11.4308 11.4149 11.2204 9.16997 7.94373 -9999 -9999 -9999 -9999 -9999
-9999 -9999 -9999 -9999 -9999 11.4477 11.9286 13.6537 14.1796 14.9397 15.3418 15.3574 14.8641 14.5893 13.4628 13.0979 11.264 10.4327 11.1367 10.8652 12.956 14.8048 14.3915 10.6456 9.28413 8.31056 8.55097 8.54554 8.18266 6.20723 5.66035 7.41375 8.51709 9.37226 10.0215 10.1564 10.1344 11.4596 11.6348 12.0643 11.9692 12.0064 11.3342 10.9158 11.2667 10.8431 10.7647 11.3529 10.7586 11.2816 11.2069 11.0416 11.0281 11.3734 11.441 11.4762 11.4773 11.4635 11.4466 11.4363 11.4478 11.4424 11.4224 11.4223 11.4014 11.1538 10.0918 9.71816 10.1245 -9999 -9999 -9999
-9999 -9999 -9999 -9999 -9999 -9999 10.3175 12.7179 13.8087 14.3815 15.1908 15.2858 15.0216 14.5471 13.3998 12.3914 10.7519 8.87949 7.88491 10.8525 13.4343 14.7797 14.5925 11.4736 10.2384 10.1743 10.8905 10.2725 9.80208 8.29807 7.84663 7.22217 7.60043 8.79259 9.76784 10.7093 11.3943 11.4508 11.8959 12.148 12.1674 12.2449 12.1629 12.0945 11.4388 11.8782 11.4932 11.6867 11.5501 11.4261 11.3137 10.9386 11.1943 11.421 11.4773 11.493 11.4777 11.4742 11.4649 11.4443 11.4325 11.4309 11.4283 11.4154 11.4137 11.3982 11.2766 10.6361 9.77936 8.69766 -9999 -9999
-9999 -9999 -9999 -9999 -9999 -9999 9.11933 11.5082 12.6538 14.1347 14.8934 15.2008 15.1579 14.7731 13.9011 12.5893 11.4968 9.40628 7.23531 10.3499 13.1209 14.6159 14.6913 12.0639 12.7829 12.1901 12.4197 11.3396 10.8868 10.5226 9.74683 8.89975 7.97313 7.48326 9.67408 10.7991 11.7049 12.1324 12.3742 12.495 12.4273 12.2571 11.2803 12.0185 11.9685 11.8886 11.7972 11.7493 11.6654 11.5677 11.5023 11.4775 11.2272 11.5002 11.4903 11.4914 11.4912 11.4833 11.4697 11.4584 11.4446 11.4423 11.4302 11.4197 11.4117 11.4044 11.3938 11.3556 11.1827 9.73161 8.86191 8.6108
-9999 -9999 -9999 -9999 -9999 -9999 5.75796 9.23673 12.0268 13.485 14.6714 14.9957 15.1158 14.5996 14.2139 13.2733 12.3829 11.0092 8.95144 7.68393 10.0141 13.4037 14.6456 14.5365 14.4525 13.7686 13.1514 13.0677 13.1071 12.3846 11.3421 9.98437 9.55867 9.08161 10.7128 10.9331 10.8133 12.6087 12.6128 12.5106 11.8231 11.0492 11.1928 10.7082 11.0624 10.4891 11.0047 11.4492 11.6109 11.5902 11.5184 11.5051 11.4727 11.5163 11.5117 11.5012 11.4935 11.4894 11.4826 11.4622 11.4512 11.4595 11.4408 11.4297 11.4143 11.4092 11.4027 11.3737 11.3467 11.1204 10.7819 10.1357
-9999 -9999 -9999 -9999 -9999 -9999 5.90994 8.8323 11.3134 12.7997 14.2298 14.5596 15.0412 14.9353 14.5311 13.7132 12.6917 11.5609 9.79518 8.48238 10.0416 12.2892 13.8988 14.4651 14.4484 14.4038 14.2446 14.174 13.9893 13.8501 13.1023 11.8195 11.0936 10.0336 11.8515 12.0542 11.7686 12.6763 12.6303 11.2562 10.1993 10.0664 10.7038 10.0879 9.96954 9.57712 10.0025 11.1519 10.8092 10.869 11.3807 11.4612 11.5108 11.5212 11.5139 11.5085 11.4977 11.4981 11.4991 11.4787 11.4697 11.4656 11.446 11.4357 11.421 11.4073 11.391 11.3742 11.3495 11.2827 11.2113 11.2752
-9999 -9999 -9999 -9999 -9999 -9999 5.97697 7.93698 10.1697 12.3605 13.8882 14.503 14.9504 14.9439 14.474 14.0668 13.426 12.4308 11.7479 10.5624 8.93548 11.6586 12.4889 13.2229 13.5318 14.3036 14.2786 13.916 13.4832 13.8617 13.7436 12.7277 12.3914 11.8267 12.8365 12.8371 12.8077 12.7525 11.5913 9.97747 8.68716 9.61349 9.41759 9.83491 8.5048 9.58841 10.4565 10.7337 10.1282 9.68124 11.0316 11.2512 11.3806 11.4623 11.5152 11.4988 11.5108 11.5016 11.4971 11.4927 11.4813 11.4745 11.4628 11.4504 11.4302 11.4179 11.4004 11.3815 11.377 11.3346 11.3177 11.297
-9999 -9999 -9999 -9999 -9999 -9999 -9999 6.78087 9.61079 12.1391 13.5455 14.4292 14.8587 14.8489 14.6077 14.3306 13.9326 13.2141 12.3117 10.886 9.82702 10.4961 11.3092 11.3887 11.9287 13.503 14.037 13.2664 11.3618 12.4715 13.7114 13.6867 13.5766 13.4544 13.2959 13.1569 12.8555 12.0512 9.58973 9.10814 8.14193 8.25018 7.75308 8.82518 8.40958 9.51583 9.992 10.168 9.13468 9.33948 10.5394 11.0119 10.9276 11.2165 11.4896 11.4962 11.5023 11.4938 11.4992 11.5013 11.4966 11.4873 11.4782 11.4712 11.439 11.4373 11.3438 11.282 11.1587 11.3046 11.3155 11.3159
-9999 -9999 -9999 -9999 -9999 -9999 -9999 6.21851 9.04513 12.0237 12.9781 13.9311 14.7537 14.7678 14.3999 14.0502 13.6902 13.2806 12.186 11.1244 10.1105 9.76857 9.96989 9.93757 10.8144 12.8675 13.2608 13.0855 11.096 10.4228 12.0812 13.4745 13.5809 13.4509 11.8035 12.1517 11.2627 10.0581 9.72575 9.19798 8.08377 8.61793 7.80068 8.14757 8.03541 8.66175 8.96442 9.70931 8.80853 8.8007 9.97901 10.572 10.5826 11.2061 11.4265 11.4825 11.4953 11.5047 11.5067 11.5164 11.5107 11.5017 11.4897 11.4596 11.3878 11.1574 9.96278 9.96221 10.2864 10.5928 11.147 11.3036
-9999 -9999 -9999 -9999 -9999 -9999 -9999 6.54898 8.50969 11.1526 13.1098 13.2304 14.1811 14.6711 14.2711 13.8212 13.3611 13.1592 11.9679 10.6593 9.60146 8.34928 8.55269 9.44728 10.8973 12.2222 12.4553 12.1757 11.1027 11.5985 12.7284 13.3268 13.5009 13.358 12.9971 12.7879 12.1327 11.848 10.9392 9.51899 8.95866 9.31083 7.80245 7.90509 8.45891 7.84688 8.81791 9.27998 8.11886 9.02433 10.0678 10.5992 11.0637 11.2819 11.3673 11.5004 11.5022 11.5123 11.5177 11.5152 11.5149 11.4928 11.4744 11.3475 11.1603 10.0496 9.5725 9.66125 10.1719 10.6185 11.0819 11.2719
-9999 -9999 -9999 -9999 -9999 -9999 -9999 6.88674 8.65213 10.9436 12.3385 12.5862 13.6409 14.5787 14.472 14.0039 13.8604 13.3754 12.3648 11.2484 10.0282 9.43379 8.06959 9.40751 10.4499 11.5716 12.094 11.2096 10.7689 11.5384 12.3035 12.6071 13.3805 13.3702 13.1146 12.0213 11.4873 11.7105 11.4804 11.0785 10.1001 10.0547 9.42511 9.16262 8.91412 8.09565 8.60014 8.64669 8.77791 9.86957 10.4109 10.7687 11.0941 11.1773 11.3176 11.5008 11.5154 11.5206 11.5187 11.5214 11.5071 11.4538 11.4086 11.1536 10.7025 9.86146 8.48509 9.44245 10.4434 10.7411 11.0257 11.175
-9999 -9999 -9999 -9999 -9999 -9999 -9999 6.58839 8.46435 10.4227 11.2402 11.3773 13.2879 14.4573 14.4576 14.2349 13.9751 12.7791 12.8476 12.6071 11.5061 9.90301 8.14233 8.30458 9.33817 10.8165 11.3045 9.85195 9.34025 9.71058 10.8698 11.9073 12.991 13.2643 12.9431 11.2425 9.43558 10.2709 11.1636 11.1569 10.8926 9.9848 9.69485 9.43183 8.76799 7.63643 7.7876 8.09476 9.33333 9.72537 10.3332 10.8375 10.643 10.7521 11.2353 11.5118 11.5205 11.524 11.5319 11.5245 11.5069 11.4008 11.2885 11.1005 9.92602 9.19489 8.12736 9.3498 10.0315 10.3892 11.0384 11.1916
-9999 -9999 -9999 -9999 -9999 -9999 -9999 6.00979 7.37078 9.24284 9.99616 11.1991 13.0048 13.8921 14.3167 14.3058 14.1321 13.5956 13.2724 12.637 11.4917 9.92614 8.1859 7.05194 7.62425 9.60525 10.0724 8.73423 8.05655 8.89336 10.1293 11.9609 13.0063 13.1454 13.0483 12.6959 11.3762 9.78214 9.78569 10.5823 9.91215 9.13339 9.55806 9.47631 8.82081 8.34294 8.03084 8.20496 8.90873 9.20022 9.90323 10.9425 11.089 11.0569 11.4934 11.5133 11.5218 11.5368 11.5349 11.5295 11.5151 11.4282 11.2349 10.4526 9.77 8.82084 8.70162 9.78366 10.2627 10.7033 11.0208 11.1231
-9999 -9999 -9999 -9999 -9999 -9999 -9999 5.01148 6.61348 8.36734 10.0095 11.5632 12.9003 13.0023 13.7068 13.7045 14.0729 13.9653 13.4678 12.9323 11.9452 9.93465 8.24352 6.3992 6.88198 8.90723 9.15464 8.26294 6.61822 8.31048 10.1772 11.8688 12.7836 12.0622 12.797 12.7344 12.2387 11.2889 9.81329 9.83912 8.73255 8.68215 9.24679 9.42812 9.33067 8.9712 8.38883 8.47057 8.8946 9.00172 9.64779 10.4536 11.2416 11.3721 11.5208 11.5254 11.5262 11.5369 11.537 11.519 11.4771 11.386 10.7298 9.94954 9.46806 8.80596 8.72363 9.98449 10.4774 10.7521 11.0262 11.1333
-9999 -9999 -9999 -9999 -9999 -9999 -9999 -9999 6.45242 8.2647 9.60542 9.96547 11.154 11.7951 12.291 12.3998 13.8169 13.8935 13.5774 13.0853 12.243 10.7168 9.65259 7.88344 6.61095 7.1141 7.34219 7.80585 7.66541 8.41873 10.2126 12.0819 12.2838 11.0927 11.2668 11.5135 12.0691 11.7843 9.77422 8.75182 7.90264 8.50163 9.1317 9.28191 9.30948 9.18417 9.02558 8.76573 9.60905 10.2324 10.3748 10.9184 11.3192 11.4284 11.5104 11.519 11.5279 11.5266 11.5015 11.483 11.3801 11.1517 10.4176 8.65459 8.73461 8.54179 7.99154 9.22603 9.98639 10.6837 11.0534 11.1476
-9999 -9999 -9999 -9999 -9999 -9999 -9999 -9999 5.85193 7.94932 8.39148 8.35747 7.66159 7.98033 10.5549 11.0723 12.4314 13.7181 13.6217 13.1387 12.3505 11.4405 10.0328 8.04335 6.46196 5.78297 7.46708 9.12698 9.46877 9.99891 11.0974 11.3044 10.0873 8.9459 9.5838 9.96728 11.4336 11.6995 11.4119 10.1997 8.81384 8.08896 8.93832 9.04906 9.09688 9.10359 9.06822 9.01613 9.95892 10.4841 10.8478 11.0449 11.3889 11.4756 11.5023 11.5274 11.5197 11.5003 11.4441 11.3802 11.1046 10.7712 9.56969 8.5674 7.94134 7.14721 8.92829 9.45294 10.1761 10.6374 11.005 11.0842
