Test_Spring_2018/11_17/Temp/20171117_005.txt
ncols	170
nrows	115
xllcorner	350000.000000
yllcorner	4445000.000000
cellsize	1000.000000
nodata_value	-9999.000000
[rows 32 to 63 of 115, columns 72 to 143 of 170]
12.209 11.8967 12.3848 12.8345 12.5714 12.393 13.1313 13.1335 12.8848 12.2975 12.0834 11.8612 11.7258 10.9714 8.85165 6.9407 7.96671 7.99216 7.28459 8.55614 7.88572 6.13548 3.66437 5.00863 4.65967 2.91132 2.47826 -9999 -9999 -9999 -9999 -9999 -9999 -9999 -9999 -9999 -9999 -9999 -9999 -9999 -9999 -9999 -9999 -9999 -9999 -9999 -9999 -9999 -9999 -9999 -9999 -9999 -9999 -9999 -9999 -9999 -9999 -9999 -9999 -9999 -9999 -9999 -9999 -9999 -9999 -9999 -9999 -9999 -9999 -9999 -9999 -9999
11.7889 11.656 12.3805 12.3677 12.326 12.5958 13.0554 13.1485 13.0528 12.7978 12.5772 12.3425 11.7436 10.8804 9.06646 6.89113 6.3988 7.46544 7.51773 7.69006 7.07935 6.31194 5.11079 6.0961 6.47929 5.32765 3.82303 2.8549 -9999 -9999 -9999 -9999 -9999 -9999 -9999 -9999 -9999 -9999 -9999 -9999 -9999 -9999 -9999 -9999 -9999 -9999 -9999 -9999 -9999 -9999 -9999 -9999 -9999 -9999 -9999 -9999 -9999 -9999 -9999 -9999 -9999 -9999 -9999 -9999 -9999 -9999 -9999 -9999 -9999 -9999 -9999 -9999
11.2875 10.5894 11.027 11.3562 11.9657 12.1325 12.2253 13.0888 13.0453 13.0074 12.6415 12.3492 11.8636 11.0329 9.84924 8.42374 5.94049 7.47396 8.67497 8.64552 8.58105 8.0439 6.89018 7.85747 7.90389 6.43176 4.76218 3.77765 3.3709 -9999 -9999 -9999 -9999 -9999 -9999 -9999 -9999 -9999 -9999 -9999 -9999 -9999 -9999 -9999 -9999 -9999 -9999 -9999 -9999 -9999 -9999 -9999 -9999 -9999 -9999 -9999 -9999 -9999 -9999 -9999 -9999 -9999 -9999 -9999 -9999 -9999 -9999 -9999 -9999 -9999 -9999 -9999
10.7176 9.8644 10.3047 10.8915 11.7197 12.15 12.4838 12.7434 13.0082 12.9791 12.6045 11.4944 11.3373 11.2908 10.5172 8.89184 7.2686 6.84916 8.68072 9.20595 9.10058 9.51059 8.5336 8.99717 8.80882 8.28767 6.6778 5.21322 4.60647 3.40655 -9999 -9999 -9999 -9999 -9999 -9999 -9999 -9999 -9999 -9999 -9999 -9999 -9999 -9999 -9999 -9999 -9999 -9999 -9999 -9999 -9999 -9999 -9999 -9999 -9999 -9999 -9999 -9999 -9999 -9999 -9999 -9999 -9999 -9999 -9999 -9999 -9999 -9999 -9999 -9999 -9999 -9999
-9999 -9999 9.3294 10.1286 10.7895 11.5998 12.3038 12.6547 12.9955 12.9701 12.2194 11.853 11.8225 11.3161 10.4228 9.86261 8.84118 7.7769 8.18555 9.74776 9.05503 10.1622 10.0701 10.2746 9.53676 8.13641 6.2671 5.17984 4.63721 3.66512 -9999 -9999 -9999 -9999 -9999 -9999 -9999 -9999 -9999 -9999 -9999 -9999 -9999 -9999 -9999 -9999 -9999 -9999 -9999 -9999 -9999 -9999 -9999 -9999 -9999 -9999 -9999 -9999 -9999 -9999 -9999 -9999 -9999 -9999 -9999 -9999 -9999 -9999 -9999 -9999 -9999 -9999
-9999 -9999 -9999 9.98378 10.4879 11.5685 12.1353 12.3638 12.9122 12.9152 12.6319 12.4183 12.1076 11.7012 11.0301 10.2896 9.32902 9.24158 10.2415 10.2555 10.0486 10.2141 10.7286 10.5948 9.45115 7.47882 6.4367 4.32013 3.41303 3.50717 2.86449 -9999 -9999 -9999 -9999 -9999 -9999 -9999 -9999 -9999 -9999 -9999 -9999 5.34291 -9999 -9999 -9999 -9999 -9999 -9999 -9999 -9999 -9999 -9999 -9999 -9999 -9999 -9999 -9999 -9999 -9999 -9999 -9999 -9999 1.48613 -9999 -9999 -9999 -9999 -9999 -9999 -9999
-9999 -9999 9.88381 10.559 11.0861 11.7647 11.8346 12.2446 12.8749 12.8859 12.6854 12.4585 11.9463 11.8205 11.4391 10.635 10.4717 10.8 10.9521 11.1244 11.2312 11.1478 10.9418 10.6749 9.93771 9.02346 8.41031 6.47431 5.499 4.5629 3.14542 2.03677 -9999 -9999 -9999 -9999 -9999 -9999 -9999 4.60176 4.55018 4.57641 4.88855 5.74846 5.24445 -9999 -9999 -9999 -9999 -9999 -9999 -9999 -9999 -9999 -9999 -9999 -9999 -9999 -9999 -9999 -9999 -9999 -9999 -9999 2.26455 1.14869 -9999 -9999 -9999 -9999 -9999 -9999
-9999 -9999 10.0662 10.7777 11.1347 11.7941 12.1725 12.4279 12.6477 12.8577 12.8243 12.573 12.1898 12.1936 11.665 11.3807 11.1783 11.6217 11.7108 11.5355 11.3152 11.1207 10.5668 10.5044 10.324 9.74444 8.79192 7.81025 6.39455 4.46998 2.58257 1.06042 -9999 -9999 -9999 -9999 -9999 -9999 4.76409 5.47893 5.90761 4.99972 5.77723 6.48785 6.37521 5.68446 -9999 -9999 -9999 -9999 -9999 -9999 -9999 -9999 -9999 -9999 -9999 -9999 -9999 -9999 7.55823 6.41424 4.10196 2.91746 2.20739 1.19293 -9999 -9999 -9999 -9999 -9999 -9999
-9999 -9999 9.92639 10.7664 11.3366 11.843 11.9267 12.4508 12.6785 12.7921 12.7805 12.7318 12.6622 12.2009 12.0033 11.3056 11.9762 11.9526 11.7852 11.117 10.8286 9.68001 9.17579 9.06365 10.0335 9.32024 7.82871 5.96359 3.72502 3.57992 2.8392 1.47896 -9999 -9999 -9999 -9999 -9999 -9999 4.98856 5.75308 6.39133 6.48519 5.58266 6.8447 6.79405 6.08888 5.92911 6.50791 6.80145 6.58445 7.27631 7.47883 7.16747 7.50977 -9999 -9999 -9999 -9999 7.7169 7.76439 7.80064 7.32481 4.79865 3.07382 1.52507 1.382 -9999 -9999 -9999 -9999 -9999 -9999
-9999 -9999 10.5062 11.0251 11.2894 11.3354 11.7902 12.2492 12.5297 12.7321 12.693 12.678 12.6618 12.5048 12.1385 12.2061 12.1779 11.965 10.691 9.20371 9.85499 8.97513 7.08443 8.62455 9.47165 8.66335 6.85572 4.75923 4.07703 4.10681 3.07615 1.75011 -9999 -9999 -9999 2.902 3.99634 4.09296 4.41663 5.43595 6.2116 6.79583 7.19421 7.18079 6.76161 6.07172 5.3217 5.58926 6.93896 7.26816 7.54729 7.75702 7.46785 7.61879 7.98011 8.16719 8.20577 8.12178 8.10341 8.13407 8.09229 7.64837 5.38967 4.09725 3.27324 1.61546 -9999 -9999 -9999 -9999 -9999 -9999
-9999 -9999 10.1796 10.6314 10.9981 11.6062 11.6735 12.0578 12.2909 12.6298 12.6693 12.2774 12.6038 12.563 12.5035 12.3759 12.1884 11.113 9.63027 8.14408 7.45921 7.75383 6.61774 7.20478 8.06316 7.75569 6.64877 4.78137 4.51989 4.0893 2.35447 0.684817 -9999 -9999 0.784411 2.88277 4.36073 5.12382 5.3612 5.38523 6.36216 6.43988 7.49124 7.2447 5.85564 6.01217 5.471 5.8212 6.3155 6.45136 7.16391 7.84961 7.97915 7.98247 8.21263 8.26044 8.27334 8.26827 8.11359 8.18609 8.19838 7.92219 6.28558 5.48833 4.60904 1.64034 -9999 -9999 -9999 -9999 -9999 -9999
-9999 -9999 10.4089 10.9134 11.4655 11.5583 11.9682 11.934 11.8254 12.3938 12.6032 12.3269 12.1282 12.4977 12.4733 12.4256 12.3464 11.3359 10.1664 8.39518 7.29559 6.62365 6.1476 5.51203 5.95412 5.8221 5.64427 5.8539 5.34466 4.32303 3.30838 1.40752 0.380203 -9999 0.9013 1.84905 3.60654 5.10033 6.04908 5.70978 6.82048 7.02735 7.66707 7.29194 6.4485 6.08532 6.05322 5.94258 6.68994 7.19185 7.54707 7.78414 8.08017 8.15544 8.23121 8.26323 8.28107 8.29933 8.29659 8.29195 8.26019 8.15735 7.40573 6.60944 4.88809 1.74212 -9999 -9999 -9999 -9999 -9999 -9999
-9999 8.94669 10.3534 11.197 11.5261 11.7648 11.9756 12.1291 12.293 12.4456 12.5487 12.5073 11.7731 11.8342 11.9673 12.3858 12.3573 12.2673 11.6287 9.47306 8.72903 7.6425 6.23397 5.64678 5.94423 7.10367 7.05469 6.29129 5.44012 4.26374 3.51666 2.35186 0.113893 0.316663 1.32661 2.07848 3.27339 5.09901 6.37916 6.95105 7.16773 7.61719 7.8516 7.33612 6.84581 6.63985 6.25811 6.20437 6.20736 6.65891 7.01142 7.79461 8.05832 8.17937 8.24122 8.27483 8.29962 8.32424 8.33359 8.31985 8.32211 8.31755 8.26337 7.20364 4.54889 2.55138 -9999 -9999 -9999 -9999 -9999 -9999
-9999 -9999 10.0966 10.47 10.5708 10.7441 11.0945 11.4977 12.07 12.1457 12.4599 12.4623 11.8302 11.0993 11.7378 11.9921 12.2558 12.2651 12.1843 10.3728 9.4266 8.68234 7.33193 7.82269 8.28918 8.32724 8.05032 6.41066 4.77758 2.89526 1.13541 1.05306 0.107603 0.610564 1.27819 2.99004 4.19515 4.68464 5.03653 6.89222 7.37493 7.54065 8.01585 7.3688 7.20487 6.71858 6.86338 6.82097 6.8239 5.47629 6.82879 6.90878 7.78976 8.18577 8.27614 8.30118 8.32804 8.33323 8.33955 8.33692 8.34739 8.33538 8.322 7.63376 4.26764 2.57956 -9999 -9999 -9999 -9999 -9999 -9999
-9999 -9999 -9999 -9999 10.2249 10.511 10.6959 11.0126 11.9768 12.2379 12.4121 12.4291 12.1486 11.4263 11.2365 11.3704 10.6647 11.2577 12.0682 12.05 11.9542 10.3627 9.55013 10.3425 10.1054 8.91012 7.97003 7.04219 5.12991 3.73179 1.71468 0.200332 0.14501 1.82011 3.21183 4.94405 5.70914 5.27577 5.74795 6.66945 7.71651 8.22306 8.10425 7.42208 7.32647 6.5764 7.31396 7.37725 7.03447 6.7382 6.85667 7.29241 7.45872 8.14802 8.31524 8.3453 8.35141 8.3553 8.3536 8.35111 8.34376 8.33809 8.33012 8.30079 4.84068 2.15023 -9999 -9999 -9999 -9999 -9999 -9999
-9999 -9999 -9999 -9999 9.56302 9.73908 10.1945 11.357 11.9696 12.2179 12.2125 12.3283 12.1312 11.4954 10.8426 10.2265 9.43189 9.8886 11.0945 11.8065 11.8895 10.4947 11.2247 10.9553 10.4217 8.85761 7.70572 7.0964 5.26073 3.69051 2.34936 0.496524 1.2918 2.16731 3.29124 5.1812 6.45671 6.98147 6.54309 7.13293 8.33767 8.34506 7.68712 7.73035 7.32916 6.30403 7.37173 7.67228 7.43028 7.49319 7.40327 7.56544 7.86098 8.14383 8.33213 8.35803 8.36165 8.3565 8.35739 8.35922 8.34737 8.35001 8.34204 8.32625 6.09355 2.10284 -9999 -9999 -9999 -9999 -9999 -9999
-9999 -9999 -9999 -9999 -9999 8.96562 9.99919 11.541 11.9287 11.8973 12.2178 12.2479 11.9442 11.6805 10.8876 9.80342 7.71986 8.25252 9.36271 10.9631 11.8054 11.6945 11.23 10.4211 8.45976 6.74373 6.53802 6.25961 4.92079 3.71252 2.22128 3.08879 4.03869 5.07757 5.6241 5.48408 6.57724 7.46861 7.09177 7.81511 8.65864 8.27717 8.05173 7.8625 7.39884 7.37118 7.4199 8.02635 7.60714 7.86509 7.87197 7.85751 8.00132 8.16697 8.34116 8.37012 8.37117 8.37496 8.35587 8.36427 8.35577 8.34758 8.34038 8.3271 8.12686 5.97854 4.69513 -9999 -9999 -9999 -9999 -9999
-9999 -9999 -9999 -9999 -9999 8.01934 8.53706 10.3622 10.9307 11.7386 12.1689 12.1913 11.6772 11.3916 10.2092 9.82653 7.89912 7.02802 7.77084 7.48924 9.69237 11.6424 11.2214 7.29303 5.87216 4.85963 5.1236 5.12915 4.75868 2.69885 2.13229 3.98282 5.14866 6.05223 6.73793 6.88179 6.85965 8.25315 8.43939 8.8927 8.79516 8.83777 8.13541 7.70089 8.0807 7.64283 7.56834 8.19487 7.57845 8.13654 8.07118 7.90388 7.89534 8.26308 8.33786 8.37757 8.38047 8.36699 8.34956 8.3403 8.35373 8.34989 8.33139 8.33443 8.3165 8.06336 6.95243 6.5657 6.99926 -9999 -9999 -9999
-9999 -9999 -9999 -9999 -9999 -9999 6.84203 9.3768 10.539 11.15 12.0084 12.1143 11.8422 11.3463 10.1421 9.08313 7.36035 5.39262 4.35304 7.47659 10.1957 11.6163 11.4328 8.16326 6.87481 6.81804 7.58184 6.94313 6.45941 4.89522 4.42897 3.77972 4.18338 5.4417 6.46999 7.46189 8.18321 8.24305 8.7111 8.98096 9.00376 9.0885 9.00645 8.93953 8.26111 8.73023 8.33311 8.5446 8.40918 8.28694 8.18205 7.79417 8.06866 8.31185 8.37485 8.39401 8.37998 8.37738 8.36809 8.34651 8.33772 8.33782 8.33738 8.32692 8.3288 8.31953 8.19711 7.52962 6.63518 5.50448 -9999 -9999
-9999 -9999 -9999 -9999 -9999 -9999 5.58067 8.10296 9.32257 10.888 11.6942 12.024 11.9834 11.582 10.6675 9.28993 8.14246 5.94574 3.6648 6.94481 9.86683 11.4444 11.5308 8.78367 9.54916 8.93611 9.18789 8.06296 7.59742 7.23148 6.42409 5.54074 4.57311 4.06242 6.3691 7.55417 8.50787 8.95798 9.21263 9.33994 9.27392 9.10144 8.07846 8.85932 8.8175 8.74025 8.6516 8.60892 8.52855 8.43377 8.37827 8.35854 8.10113 8.39286 8.38606 8.39037 8.39227 8.38534 8.37169 8.36007 8.34562 8.34679 8.33916 8.33101 8.32606 8.32531 8.31929 8.28471 8.10895 6.58973 5.68181 5.4282
-9999 -9999 -9999 -9999 -9999 -9999 2.04483 5.71228 8.66183 10.203 11.4587 11.8053 11.9361 11.397 10.9941 10.0071 9.07246 7.62971 5.46804 4.13778 6.59581 10.164 11.4826 11.3828 11.3036 10.5942 9.95531 9.87733 9.92864 9.18597 8.09838 6.67811 6.23606 5.73935 7.45782 7.69212 7.56785 9.45636 9.46137 9.3546 8.63276 7.82692 7.98087 7.48121 7.86432 7.26806 7.81704 8.29163 8.46912 8.4548 8.39264 8.38423 8.35605 8.40624 8.40561 8.39778 8.392 8.38928 8.38303 8.36206 8.35075 8.35998 8.34582 8.33624 8.32802 8.32944 8.32746 8.30231 8.27962 8.0477 7.69794 7.02889
-9999 -9999 -9999 -9999 -9999 -9999 2.20267 5.29124 7.90842 9.48074 10.9909 11.3433 11.8543 11.7466 11.3245 10.4669 9.39496 8.2079 6.35366 4.97604 6.61845 8.99211 10.69 11.3004 11.2983 11.2605 11.1023 11.0367 10.8522 10.7233 9.94498 8.60288 7.84557 6.73606 8.65093 8.86691 8.56866 9.52436 9.47707 8.03352 6.9236 6.78555 7.466 6.82214 6.70845 6.30808 6.76174 7.97688 7.62179 7.69215 8.24376 8.33463 8.3919 8.4077 8.4041 8.40183 8.39299 8.39507 8.39728 8.37667 8.36781 8.36412 8.34455 8.34128 8.32837 8.32065 8.31371 8.30104 8.28044 8.21582 8.14445 8.22228
-9999 -9999 -9999 -9999 -9999 -9999 2.26378 4.34676 6.70221 9.01531 10.6278 11.2797 11.7548 11.7519 11.261 10.8356 10.1643 9.12018 8.40454 7.1611 5.45413 8.32112 9.20694 9.99364 10.3239 11.1441 11.127 10.7554 10.3255 10.7315 10.6146 9.55306 9.2052 8.61634 9.68194 9.68563 9.65707 9.60077 8.38143 6.68622 5.33125 6.30699 6.10353 6.55485 5.16738 6.30883 7.22766 7.5259 6.90281 6.43992 7.87312 8.10951 8.25079 8.34144 8.40117 8.38727 8.40251 8.39484 8.39153 8.38795 8.37681 8.37062 8.35951 8.3482 8.33637 8.33025 8.31584 8.29716 8.29777 8.26501 8.25293 8.24166
-9999 -9999 -9999 -9999 -9999 -9999 -9999 3.12163 6.10837 8.7737 10.2589 11.1938 11.6504 11.6444 11.3944 11.1062 10.6904 9.93758 8.99148 7.49567 6.38584 7.09346 7.96202 8.06157 8.63676 10.3 10.87 10.0688 8.08507 9.26033 10.5711 10.5518 10.442 10.3187 10.1599 10.017 9.70271 8.85923 6.27339 5.76529 4.75118 4.86694 4.34683 5.48764 5.06224 6.23046 6.73687 6.92818 5.84852 6.07823 7.34619 7.84866 7.76557 8.07422 8.36931 8.37961 8.38881 8.38209 8.38945 8.39293 8.38928 8.37696 8.36865 8.363 8.33927 8.34469 8.25041 8.18988 8.06521 8.22405 8.24109 8.25032
-9999 -9999 -9999 -9999 -9999 -9999 -9999 2.53081 5.5097 8.64794 9.65754 10.6652 11.535 11.5542 11.1712 10.8069 10.4315 10.0037 8.85602 7.7432 6.681 6.32591 6.5426 6.53424 7.46314 9.62915 10.0507 9.87462 7.80238 7.10185 8.85209 10.3232 10.4407 10.309 8.58148 8.95102 8.01944 6.75546 6.40821 5.85534 4.68603 5.24985 4.39339 4.76132 4.66669 5.33008 5.65369 6.4426 5.50174 5.5075 6.75246 7.38125 7.39749 8.05759 8.29345 8.35592 8.37241 8.38464 8.38872 8.40047 8.3959 8.38783 8.37671 8.34703 8.27387 8.04322 6.79569 6.79934 7.14482 7.47193 8.06493 8.23291
-9999 -9999 -9999 -9999 -9999 -9999 -9999 2.87467 4.94271 7.72758 9.7911 9.92335 10.9277 11.4472 11.0307 10.5613 10.0809 9.87194 8.62287 7.25071 6.14255 4.83062 5.04949 5.99563 7.54766 8.94767 9.20013 8.91383 7.80514 8.33302 9.52728 10.1622 10.3507 10.2053 9.83023 9.61396 8.9283 8.6317 7.67874 6.18806 5.60137 5.97415 4.39133 4.50257 5.08864 4.4705 5.49638 5.98753 4.77249 5.73887 6.84094 7.40468 7.89769 8.13149 8.22523 8.36863 8.37346 8.38662 8.39444 8.39375 8.39517 8.37363 8.35612 8.22491 8.03063 6.86601 6.38214 6.47948 7.02068 7.49487 7.99057 8.19477
-9999 -9999 -9999 -9999 -9999 -9999 -9999 3.22608 5.08828 7.50327 8.97529 9.24086 10.3544 11.3447 11.2366 10.7483 10.601 10.0947 9.03579 7.86604 6.58739 5.96705 4.53795 5.95005 7.07424 8.26021 8.81641 7.9065 7.44964 8.26489 9.07527 9.40007 10.2182 10.2122 9.94766 8.80203 8.24398 8.48158 8.24234 7.82248 6.79666 6.75172 6.09292 5.82039 5.56297 4.72869 5.26379 5.31773 5.46265 6.62284 7.19669 7.57743 7.92386 8.01542 8.16664 8.36269 8.38095 8.38912 8.38949 8.39444 8.38147 8.3274 8.28208 8.01638 7.54488 6.66377 5.23527 6.24561 7.30204 7.6186 7.92682 8.08787
-9999 -9999 -9999 -9999 -9999 -9999 -9999 2.90865 4.88662 6.95099 7.81569 7.96472 9.97797 11.2116 11.216 10.9858 10.7164 9.4628 9.53877 9.28991 8.13683 6.45625 4.61038 4.78648 5.89097 7.46258 7.98231 6.47502 5.94319 6.33844 7.56274 8.65877 9.80296 10.0948 9.7613 7.97724 6.08111 6.96242 7.90391 7.89975 7.62481 6.67349 6.37192 6.09893 5.40487 4.22917 4.40559 4.73318 6.04986 6.46642 7.10973 7.64417 7.44367 7.56222 8.07374 8.36772 8.37984 8.3862 8.39704 8.39155 8.37534 8.26619 8.15054 7.95555 6.72371 5.95827 4.84555 6.14401 6.86465 7.24906 7.9353 8.10026
-9999 -9999 -9999 -9999 -9999 -9999 -9999 2.29652 3.7327 5.70594 6.50282 7.77216 9.67482 10.6119 11.0623 11.0548 10.8761 10.3161 9.98037 9.31657 8.1171 6.47614 4.65186 3.46529 4.07279 6.18523 6.68625 5.29562 4.58901 5.47437 6.77902 8.70962 9.81342 9.964 9.86599 9.49931 8.11537 6.44289 6.44978 7.29037 6.58898 5.77351 6.22336 6.14103 5.45575 4.95743 4.65705 4.84713 5.5988 5.90933 6.65241 7.74889 7.90663 7.87638 8.33864 8.36272 8.37454 8.39305 8.39365 8.39059 8.37796 8.28913 8.08862 7.26907 6.55458 5.56006 5.43827 6.59563 7.10298 7.57448 7.91193 8.02299
-9999 -9999 -9999 -9999 -9999 -9999 -9999 1.24308 2.93226 4.78089 6.51191 8.14967 9.55951 9.67078 10.4154 10.4169 10.8082 10.6993 10.1805 9.62196 8.58899 6.48042 4.7079 2.77462 3.28802 5.43596 5.72731 4.7957 3.07229 4.85675 6.8243 8.60759 9.57377 8.81969 9.5961 9.53403 9.01639 8.02132 6.47329 6.50372 5.34372 5.29414 5.89127 6.0856 5.98702 5.61314 5.01569 5.12206 5.57909 5.69553 6.37846 7.22922 8.06105 8.20155 8.36098 8.36878 8.37242 8.38646 8.38926 8.3731 8.33177 8.23877 7.55185 6.73472 6.23184 5.53926 5.45636 6.79246 7.32421 7.62082 7.9125 8.02857
-9999 -9999 -9999 -9999 -9999 -9999 -9999 -9999 2.75866 4.66836 6.08211 6.46474 7.71816 8.3961 8.92123 9.03953 10.5334 10.6181 10.2903 9.77754 8.89706 7.29785 6.18455 4.33044 2.99865 3.55121 3.81748 4.31069 4.1686 4.96584 6.85673 8.82648 9.04314 7.79508 7.98189 8.24499 8.83256 8.53653 6.42677 5.35535 4.46609 5.09935 5.7654 5.92712 5.96002 5.83231 5.68424 5.43492 6.32522 6.98415 7.13737 7.71209 8.13665 8.25451 8.34358 8.35544 8.36756 8.36883 8.3453 8.32858 8.22342 7.98628 7.21772 5.36771 5.45535 5.25632 4.68164 5.98475 6.80743 7.54404 7.93612 8.0384
-9999 -9999 -9999 -9999 -9999 -9999 -9999 -9999 2.12313 4.33225 4.80106 4.7691 4.04124 4.37999 7.09035 7.63808 9.07091 10.4278 10.3311 9.82822 9.00474 8.05361 6.57947 4.49403 2.8377 2.14394 3.93277 5.69516 6.06002 6.62256 7.78224 8.00443 6.72911 5.53312 6.20744 6.61414 8.15914 8.44212 8.14319 6.87229 5.41893 4.66057 5.55729 5.67763 5.73191 5.74303 5.7149 5.68005 6.68806 7.24363 7.62922 7.83945 8.20406 8.29796 8.32865 8.35767 8.35213 8.33446 8.27812 8.21393 7.92731 7.5801 6.32038 5.27032 4.61595 3.785 5.6614 6.2187 6.99265 7.49045 7.88036 7.96684
