Test_Spring_2018/11_17/Temp/20171130_017.txt
ncols	170
nrows	115
xllcorner	350000.000000
yllcorner	4445000.000000
cellsize	1000.000000
nodata_value	-9999.000000
[rows 32 to 63 of 115, columns 72 to 143 of 170]
15.3405 15.0535 15.4981 15.9073 15.6508 15.4833 16.1506 16.1512 15.9226 15.3848 15.1884 14.9849 14.861 14.1717 12.2343 10.4881 11.4273 11.4519 10.8066 11.9708 11.3598 9.76156 7.50438 8.73536 8.41835 6.82131 6.43512 -9999 -9999 -9999 -9999 -9999 -9999 -9999 -9999 -9999 -9999 -9999 -9999 -9999 -9999 -9999 -9999 -9999 -9999 -9999 -9999 -9999 -9999 -9999 -9999 -9999 -9999 -9999 -9999 -9999 -9999 -9999 -9999 -9999 -9999 -9999 -9999 -9999 -9999 -9999 -9999 -9999 -9999 -9999 -9999 -9999
14.9618 14.8389 15.4996 15.4861 15.4425 15.674 16.0868 16.1707 16.0821 15.8482 15.6461 15.4312 14.8837 14.0949 12.4371 10.4492 10.0002 10.9766 11.0259 11.185 10.6284 9.92858 8.8323 9.73496 10.0872 9.04099 7.66958 6.78334 -9999 -9999 -9999 -9999 -9999 -9999 -9999 -9999 -9999 -9999 -9999 -9999 -9999 -9999 -9999 -9999 -9999 -9999 -9999 -9999 -9999 -9999 -9999 -9999 -9999 -9999 -9999 -9999 -9999 -9999 -9999 -9999 -9999 -9999 -9999 -9999 -9999 -9999 -9999 -9999 -9999 -9999 -9999 -9999
14.5091 13.8694 14.2678 14.567 15.1153 15.2498 15.3334 16.1217 16.0809 16.0456 15.7106 15.4432 14.9994 14.2402 13.1588 11.8564 9.58716 10.9903 12.0897 12.0643 12.0069 11.5175 10.4644 11.3505 11.3947 10.0619 8.52892 7.63185 7.26301 -9999 -9999 -9999 -9999 -9999 -9999 -9999 -9999 -9999 -9999 -9999 -9999 -9999 -9999 -9999 -9999 -9999 -9999 -9999 -9999 -9999 -9999 -9999 -9999 -9999 -9999 -9999 -9999 -9999 -9999 -9999 -9999 -9999 -9999 -9999 -9999 -9999 -9999 -9999 -9999 -9999 -9999 -9999
13.9937 13.2122 13.613 14.1476 14.8989 15.2824 15.5751 15.8113 16.0524 16.0251 15.6822 14.6672 14.5237 14.4816 13.775 12.2899 10.8069 10.4247 12.1005 12.5821 12.4873 12.8637 11.9721 12.3976 12.227 11.7595 10.2905 8.94905 8.39728 7.30324 -9999 -9999 -9999 -9999 -9999 -9999 -9999 -9999 -9999 -9999 -9999 -9999 -9999 -9999 -9999 -9999 -9999 -9999 -9999 -9999 -9999 -9999 -9999 -9999 -9999 -9999 -9999 -9999 -9999 -9999 -9999 -9999 -9999 -9999 -9999 -9999 -9999 -9999 -9999 -9999 -9999 -9999
-9999 -9999 12.7269 13.4516 14.049 14.7847 15.4159 15.7354 16.0459 16.022 15.3353 15.0002 14.9724 14.5099 13.6938 13.1826 12.2499 11.2781 11.653 13.0826 12.4508 13.4645 13.3818 13.5704 12.8974 11.6221 9.91975 8.92313 8.42989 7.54403 -9999 -9999 -9999 -9999 -9999 -9999 -9999 -9999 -9999 -9999 -9999 -9999 -9999 -9999 -9999 -9999 -9999 -9999 -9999 -9999 -9999 -9999 -9999 -9999 -9999 -9999 -9999 -9999 -9999 -9999 -9999 -9999 -9999 -9999 -9999 -9999 -9999 -9999 -9999 -9999 -9999 -9999
-9999 -9999 -9999 13.3245 13.7785 14.7642 15.2669 15.4744 15.9746 15.9766 15.7171 15.5217 15.2378 14.8667 14.2539 13.5778 12.7007 12.622 13.5376 13.5518 13.364 13.5169 13.9887 13.868 12.8307 11.0258 10.0752 8.1416 7.31503 7.40382 6.81902 -9999 -9999 -9999 -9999 -9999 -9999 -9999 -9999 -9999 -9999 -9999 -9999 9.13944 -9999 -9999 -9999 -9999 -9999 -9999 -9999 -9999 -9999 -9999 -9999 -9999 -9999 -9999 -9999 -9999 -9999 -9999 -9999 -9999 5.74586 -9999 -9999 -9999 -9999 -9999 -9999 -9999
-9999 -9999 13.2447 13.8515 14.3307 14.9485 15.0072 15.3702 15.9451 15.9542 15.7704 15.5627 15.0947 14.9801 14.6322 13.898 13.7499 14.0513 14.1918 14.3508 14.4499 14.3752 14.1883 13.9459 13.2763 12.4426 11.8841 10.1203 9.22623 8.37299 7.07968 6.06875 -9999 -9999 -9999 -9999 -9999 -9999 -9999 8.44208 8.40014 8.42983 8.72136 9.51412 9.06035 -9999 -9999 -9999 -9999 -9999 -9999 -9999 -9999 -9999 -9999 -9999 -9999 -9999 -9999 -9999 -9999 -9999 -9999 -9999 6.464 5.44777 -9999 -9999 -9999 -9999 -9999 -9999
-9999 -9999 13.4094 14.0569 14.3802 14.98 15.3231 15.5423 15.7417 15.9325 15.9013 15.6713 15.3211 15.3251 14.8427 14.5838 14.4 14.8068 14.8898 14.7311 14.5313 14.355 13.8501 13.7945 13.6341 13.1063 12.2374 11.3419 10.0489 8.29185 6.56872 5.17954 -9999 -9999 -9999 -9999 -9999 -9999 8.58814 9.2465 9.64379 8.81972 9.53703 10.1937 10.0982 9.4849 -9999 -9999 -9999 -9999 -9999 -9999 -9999 -9999 -9999 -9999 -9999 -9999 -9999 -9999 11.2965 10.2539 8.1432 7.06371 6.41817 5.4946 -9999 -9999 -9999 -9999 -9999 -9999
-9999 -9999 13.2873 14.0519 14.5698 15.0292 15.1024 15.5692 15.7738 15.8763 15.8649 15.82 15.7565 15.3353 15.1556 14.5189 15.1334 15.1134 14.962 14.3528 14.0908 13.0423 12.5828 12.4844 13.373 12.7228 11.3611 9.65778 7.60825 7.48179 6.80675 5.56536 -9999 -9999 -9999 -9999 -9999 -9999 8.79532 9.49918 10.0882 10.1803 9.36201 10.5233 10.4944 9.85862 9.72168 10.2601 10.5376 10.3518 10.9948 11.1877 10.9103 11.2298 -9999 -9999 -9999 -9999 11.4425 11.4891 11.5253 11.0933 8.78681 7.21315 5.80073 5.68002 -9999 -9999 -9999 -9999 -9999 -9999
-9999 -9999 13.8232 14.2938 14.5315 14.5695 14.9815 15.3888 15.6415 15.8255 15.7888 15.7747 15.76 15.6171 15.2833 15.3464 15.3222 15.1294 13.9665 12.6087 13.206 12.4022 10.6719 12.0873 12.8637 12.1266 10.4758 8.56077 7.93415 7.967 7.02665 5.81584 -9999 -9999 -9999 6.87795 7.8815 7.97342 8.27354 9.21032 9.92504 10.4664 10.8379 10.8361 10.4679 9.84674 9.17093 9.42551 10.6694 10.98 11.2495 11.4495 11.1928 11.3392 11.6753 11.8515 11.8911 11.8181 11.8047 11.8356 11.8002 11.3971 9.33372 8.15515 7.40515 5.89959 -9999 -9999 -9999 -9999 -9999 -9999
-9999 -9999 13.5332 13.9422 14.2732 14.8208 14.8783 15.2259 15.4283 15.7353 15.7703 15.4115 15.7099 15.6732 15.6199 15.5047 15.3351 14.3539 13.0005 11.6439 11.0198 11.2883 10.2513 10.7949 11.5816 11.301 10.2901 8.58442 8.34681 7.95083 6.36965 4.84485 -9999 -9999 4.94138 6.86214 8.21621 8.91733 9.13853 9.16546 10.0644 10.142 11.1106 10.8955 9.64045 9.79355 9.31189 9.64282 10.1088 10.243 10.9072 11.5437 11.6698 11.6796 11.896 11.9448 11.9609 11.9599 11.8215 11.8904 11.9041 11.654 10.1603 9.43424 8.63864 5.92872 -9999 -9999 -9999 -9999 -9999 -9999
-9999 -9999 13.747 14.204 14.7044 14.7846 15.1549 15.1158 15.0059 15.5233 15.7127 15.4594 15.2778 15.6162 15.5951 15.5532 15.4828 14.5611 13.4943 11.8773 10.8742 10.2595 9.82599 9.25098 9.65707 9.53813 9.3771 9.57013 9.10459 8.1683 7.24224 5.50846 4.57061 -9999 5.0502 5.91878 7.52818 8.8972 9.76872 9.46356 10.485 10.681 11.2751 10.9411 10.1853 9.86819 9.84975 9.75957 10.4537 10.9266 11.2646 11.4905 11.7698 11.8457 11.921 11.9554 11.9758 11.9959 11.9961 11.9942 11.9673 11.8753 11.1904 10.4694 8.89902 6.02699 -9999 -9999 -9999 -9999 -9999 -9999
-9999 12.4229 13.7018 14.4684 14.7644 14.9775 15.1652 15.3008 15.4402 15.5737 15.6662 15.6271 14.9559 15.0124 15.1354 15.5198 15.4959 15.4161 14.8347 12.8665 12.1868 11.195 9.909 9.37843 9.6523 10.714 10.6707 9.97397 9.19683 8.11911 7.43624 6.37265 4.32979 4.51632 5.44107 6.1303 7.22516 8.89742 10.0719 10.5998 10.804 11.2231 11.4459 10.9884 10.5557 10.3788 10.0414 10.004 10.0183 10.4424 10.7783 11.5074 11.757 11.8752 11.9379 11.9737 12.0004 12.026 12.037 12.0264 12.0303 12.0279 11.9837 11.0177 8.59735 6.77545 -9999 -9999 -9999 -9999 -9999 -9999
-9999 -9999 13.4723 13.8087 13.8956 14.0486 14.3635 14.7268 15.2395 15.3056 15.5903 15.5891 15.0109 14.3434 14.9285 15.1629 15.4064 15.4175 15.3464 13.6914 12.8285 12.1501 10.9172 11.372 11.8004 11.8368 11.585 10.0871 8.59496 6.87183 5.26391 5.18953 4.32542 4.78757 5.39909 6.96572 8.06973 8.52033 8.8461 10.5478 10.9959 11.1583 11.6022 11.021 10.887 10.4545 10.5991 10.5727 10.5876 9.36745 10.618 10.7014 11.516 11.8883 11.9772 12.005 12.0335 12.0411 12.0491 12.0484 12.0594 12.0523 12.0447 11.4187 8.34507 6.80612 -9999 -9999 -9999 -9999 -9999 -9999
-9999 -9999 -9999 -9999 13.5839 13.8397 14.0029 14.2869 15.1578 15.3931 15.5496 15.5634 15.3062 14.6455 14.4735 14.5979 13.9553 14.5001 15.2431 15.2289 15.1436 13.6907 12.9533 13.68 13.4652 12.374 11.5159 10.6686 8.92104 7.64054 5.79726 4.41352 4.36364 5.89588 7.1696 8.75468 9.45626 9.06306 9.49876 10.3483 11.3128 11.7845 11.6856 11.0727 11.0016 10.3284 11.0155 11.0862 10.7855 10.527 10.6497 11.0586 11.2202 11.8586 12.0183 12.0519 12.0613 12.0676 12.068 12.0672 12.0641 12.0613 12.0568 12.0332 8.87372 6.41843 -9999 -9999 -9999 -9999 -9999 -9999
-9999 -9999 -9999 -9999 12.9833 13.1383 13.5488 14.6058 15.1552 15.3785 15.3708 15.4748 15.2938 14.7128 14.117 13.5559 12.8318 13.252 14.3571 15.0105 15.0888 13.8158 14.4886 14.2446 13.7587 12.3304 11.2785 10.7224 9.04479 7.60692 6.3815 4.68817 5.41579 6.21689 7.24537 8.9747 10.1428 10.6258 10.2296 10.7748 11.8836 11.8991 11.3076 11.3581 11.0078 10.0835 11.0727 11.3607 11.1524 11.2226 11.1549 11.314 11.5938 11.8607 12.0397 12.0688 12.0762 12.0742 12.0768 12.0809 12.0721 12.0768 12.0723 12.0612 10.0238 6.37986 -9999 -9999 -9999 -9999 -9999 -9999
-9999 -9999 -9999 -9999 -9999 12.4358 13.3747 14.7784 15.1222 15.0898 15.3799 15.4055 15.127 14.8861 14.1624 13.1733 11.2709 11.7605 12.7782 14.2438 15.0163 14.9171 14.4979 13.7607 11.9695 10.4023 10.2154 9.9618 8.73837 7.63138 6.26869 7.06231 7.93125 8.88165 9.38221 9.25557 10.257 11.0751 10.7351 11.4023 12.181 11.841 11.645 11.4831 11.0758 11.0635 11.1213 11.689 11.3188 11.5674 11.5883 11.5859 11.727 11.8868 12.0529 12.0847 12.0896 12.0957 12.0803 12.0899 12.0842 12.0791 12.0753 12.0666 11.8874 9.92788 8.75946 -9999 -9999 -9999 -9999 -9999
-9999 -9999 -9999 -9999 -9999 11.5754 12.0428 13.7057 14.2147 14.9497 15.3402 15.3588 14.8879 14.6269 13.547 13.1992 11.4397 10.6456 11.3273 11.0725 13.089 14.874 14.4946 10.9055 9.60844 8.68435 8.92692 8.93288 8.59476 6.70924 6.19193 7.88428 8.95066 9.7774 10.4052 10.5385 10.5202 11.7973 11.9722 12.3926 12.3108 12.3586 11.7265 11.3403 11.704 11.3166 11.2616 11.8475 11.2969 11.8197 11.7745 11.6323 11.634 11.9784 12.0536 12.0952 12.1022 12.0924 12.0785 12.0723 12.0867 12.0857 12.0717 12.0779 12.0655 11.8386 10.8279 10.4797 10.8816 -9999 -9999 -9999
-9999 -9999 -9999 -9999 -9999 -9999 10.4984 12.8103 13.8622 14.4172 15.1992 15.2942 15.0438 14.5908 13.4912 12.5249 10.9525 9.15641 8.20741 11.0656 13.5538 14.8547 14.6926 11.7058 10.5298 10.4795 11.179 10.596 10.1544 8.72203 8.29651 7.70359 8.07328 9.22466 10.1668 11.0748 11.7363 11.7942 12.2265 12.4795 12.5077 12.5938 12.5286 12.4782 11.8743 12.3157 11.9654 12.1716 12.0604 11.9609 11.8793 11.5352 11.7954 12.0258 12.0901 12.1144 12.105 12.1054 12.099 12.0812 12.0764 12.0791 12.0818 12.0757 12.0816 12.0777 11.9707 11.3657 10.5535 9.52541 -9999 -9999
-9999 -9999 -9999 -9999 -9999 -9999 9.35084 11.6517 12.7561 14.1839 14.9171 15.2167 15.1791 14.8125 13.9776 12.72 11.6733 9.66771 7.58532 10.5845 13.2579 14.7023 14.783 12.2778 12.9795 12.4207 12.6522 11.6247 11.1999 10.8629 10.1257 9.31889 8.43549 7.97155 10.0811 11.166 12.0401 12.4549 12.6921 12.8142 12.7602 12.6124 11.6866 12.4109 12.3887 12.3301 12.2613 12.2346 12.1733 12.0984 12.0616 12.0536 11.8273 12.104 12.1053 12.1138 12.1191 12.1157 12.1056 12.0971 12.086 12.0919 12.0881 12.0843 12.0839 12.0878 12.0872 12.0607 11.9054 10.522 9.69752 9.47612
-9999 -9999 -9999 -9999 -9999 -9999 6.1241 9.47234 12.1567 13.5628 14.7078 15.0235 15.1426 14.6501 14.2827 13.382 12.5297 11.2132 9.23967 8.02623 10.2726 13.5368 14.7437 14.6589 14.5883 13.9415 13.3587 13.2885 13.3363 12.655 11.6625 10.3649 9.96499 9.51156 11.0837 11.2996 11.1884 12.9183 12.9274 12.8353 12.1821 11.4526 11.6023 11.1574 11.5233 10.9896 11.5032 11.9487 12.1225 12.1206 12.0773 12.0825 12.065 12.1204 12.1254 12.1229 12.1214 12.122 12.119 12.1023 12.0944 12.1055 12.0991 12.0942 12.0907 12.0965 12.0995 12.0816 12.0661 11.8594 11.5449 10.9438
-9999 -9999 -9999 -9999 -9999 -9999 6.2732 9.08492 11.4745 12.9082 14.287 14.6081 15.0749 14.9767 14.5917 13.8092 12.8311 11.7481 10.0553 8.79836 10.3023 12.4704 14.0244 14.5892 14.5885 14.5555 14.4124 14.3551 14.1873 14.0668 13.3563 12.1349 11.4433 10.43 12.1821 12.3815 12.1115 12.9887 12.95 11.6357 10.6275 10.5087 11.1388 10.5596 10.4712 10.1175 10.5432 11.6651 11.3547 11.4296 11.9471 12.0391 12.1028 12.1238 12.1262 12.1288 12.1247 12.13 12.135 12.119 12.1137 12.1133 12.0987 12.1039 12.0965 12.094 12.0919 12.0852 12.0715 12.0175 11.9598 12.0417
-9999 -9999 -9999 -9999 -9999 -9999 6.33872 8.22779 10.3784 12.4895 13.9621 14.5571 14.9911 14.9887 14.5408 14.1531 13.5411 12.5886 11.9365 10.8019 9.24355 11.8667 12.6735 13.3996 13.7052 14.4567 14.4425 14.104 13.7072 14.0798 13.9796 13.0102 12.6934 12.1564 13.1324 13.138 13.1148 13.0669 11.9567 10.4122 9.17974 10.0789 9.90086 10.322 9.06866 10.1251 10.976 11.2595 10.7008 10.2876 11.6106 11.8398 11.9762 12.0655 12.1257 12.1178 12.1359 12.1326 12.1329 12.1327 12.1257 12.1233 12.1167 12.1101 12.109 12.1079 12.0995 12.09 12.0957 12.0695 12.0633 12.064
-9999 -9999 -9999 -9999 -9999 -9999 -9999 7.11718 9.84304 12.2777 13.6339 14.4876 14.9045 14.8992 14.6713 14.4088 14.0303 13.3438 12.4809 11.1154 10.1028 10.7516 11.5419 11.6402 12.1679 13.6902 14.2128 13.4815 11.6649 12.7471 13.9468 13.9306 13.8317 13.7207 13.577 13.4489 13.1647 12.3973 10.0377 9.57925 8.65833 8.77119 8.30347 9.35487 8.98121 10.0592 10.5323 10.7173 9.74017 9.96359 11.1375 11.6048 11.536 11.8245 12.0989 12.1133 12.1261 12.1239 12.1342 12.1409 12.141 12.1348 12.1311 12.1301 12.1193 12.1288 12.0474 11.997 11.8879 12.0379 12.0582 12.08
-9999 -9999 -9999 -9999 -9999 -9999 -9999 6.58104 9.30233 12.1696 13.0913 14.0116 14.8064 14.8241 14.4746 14.1425 13.8006 13.4111 12.3635 11.348 10.3786 10.0557 10.2554 10.2492 11.1002 13.0821 13.4689 13.3094 11.4187 10.7799 12.3817 13.7284 13.8376 13.7193 12.1422 12.4828 11.6344 10.4828 10.1699 9.66968 8.60664 9.12879 8.35314 8.69746 8.62588 9.24165 9.54694 10.2776 9.42674 9.44497 10.5981 11.1805 11.2023 11.8121 12.0334 12.0955 12.1152 12.1306 12.1383 12.1529 12.1526 12.1491 12.1431 12.1202 12.0579 11.8589 10.7228 10.7309 11.0515 11.3552 11.9101 12.0692
-9999 -9999 -9999 -9999 -9999 -9999 -9999 6.9016 8.7905 11.335 13.2205 13.3407 14.2586 14.7336 14.3533 13.925 13.487 13.2973 12.1568 10.9039 9.89238 8.69447 8.89596 9.76221 11.1827 12.4642 12.6966 12.4363 11.427 11.9115 13.0053 13.5878 13.7621 13.6316 13.2912 13.0965 12.4731 12.2059 11.3392 9.98156 9.45097 9.79818 8.35808 8.46727 9.011 8.46132 9.40805 9.86592 8.76382 9.66715 10.6826 11.2053 11.6628 11.8827 11.9741 12.1104 12.1196 12.136 12.1474 12.1509 12.1563 12.1407 12.129 12.0134 11.8404 10.7804 10.3501 10.4438 10.9432 11.3812 11.8495 12.0397
-9999 -9999 -9999 -9999 -9999 -9999 -9999 7.22899 8.92999 11.1366 12.4815 12.7237 13.7415 14.647 14.5486 14.1029 13.9692 13.5075 12.5407 11.4727 10.3051 9.73924 8.43395 9.72607 10.755 11.8409 12.351 11.5233 11.1078 11.8551 12.5981 12.8973 13.6476 13.6446 13.4056 12.3613 11.8547 12.076 11.8618 11.483 10.5508 10.5158 9.92019 9.67815 9.45032 8.70276 9.20032 9.258 9.4065 10.4795 11.0117 11.3669 11.6903 11.7801 11.9241 12.1086 12.1302 12.1423 12.1471 12.1559 12.1483 12.1032 12.0662 11.8278 11.4014 10.6006 9.3072 10.2354 11.2058 11.5022 11.7968 11.9476
-9999 -9999 -9999 -9999 -9999 -9999 -9999 6.94484 8.75191 10.6382 11.428 11.5638 13.4042 14.5321 14.5366 14.3268 14.0814 12.9363 13.0069 12.7805 11.7275 10.1922 8.5058 8.66782 9.68465 11.1168 11.5935 10.2202 9.73609 10.0996 11.2212 12.2255 13.2741 13.5436 13.2417 11.6139 9.88407 10.6939 11.5591 11.5603 11.3144 10.4506 10.1813 9.93859 9.31124 8.25007 8.42061 8.7281 9.95239 10.3409 10.9364 11.432 11.2552 11.3697 11.8431 12.1172 12.1333 12.1439 12.1584 12.1579 12.1475 12.0522 11.951 11.7773 10.6558 9.96085 8.94814 10.1482 10.8115 11.1793 11.8104 11.9648
-9999 -9999 -9999 -9999 -9999 -9999 -9999 6.39116 7.70307 9.5062 10.2341 11.3942 13.1336 13.9904 14.4026 14.3963 14.2337 13.7227 13.4167 12.8109 11.7153 10.2161 8.5493 7.46543 8.02169 9.95403 10.421 9.14726 8.50345 9.31511 10.5102 12.2776 13.2894 13.4299 13.3433 13.0115 11.7499 10.225 10.2358 11.0092 10.3734 9.63368 10.0512 9.98254 9.36301 8.91466 8.65534 8.84541 9.54481 9.83625 10.5228 11.5321 11.6829 11.6613 12.0897 12.1171 12.1331 12.1549 12.1601 12.162 12.155 12.0783 11.8996 11.155 10.5066 9.60218 9.49574 10.567 11.0379 11.4828 11.7951 11.9003
-9999 -9999 -9999 -9999 -9999 -9999 -9999 5.43392 6.97724 8.66655 10.2486 11.7456 13.0345 13.1364 13.8176 13.8195 14.1779 14.0791 13.6057 13.096 12.1525 10.2257 8.60604 6.8394 7.30953 9.28038 9.54496 8.69538 7.12197 8.75563 10.5568 12.1896 13.0756 12.389 13.102 13.0486 12.5791 11.6735 10.2627 10.2955 9.24031 9.20074 9.75281 9.93701 9.85374 9.51904 8.98633 9.10173 9.53168 9.6456 10.2771 11.0618 11.8288 11.9634 12.1149 12.1275 12.1361 12.1539 12.1613 12.1512 12.118 12.0376 11.4143 10.672 10.217 9.5887 9.51787 10.7438 11.2462 11.5313 11.8018 11.9117
-9999 -9999 -9999 -9999 -9999 -9999 -9999 -9999 6.82429 8.56951 9.86154 10.2111 11.3571 11.9771 12.4575 12.5662 13.9327 14.0109 13.7119 13.2439 12.4398 10.9785 9.96146 8.26708 7.05019 7.56895 7.80397 8.25693 8.12915 8.86022 10.5912 12.3945 12.5952 11.4571 11.631 11.8749 12.4158 12.1493 10.225 9.2504 8.44274 9.02745 9.64253 9.79691 9.83385 9.72421 9.61076 9.39712 10.2188 10.8287 10.976 11.5083 11.903 12.017 12.1043 12.1206 12.137 12.1432 12.1265 12.1159 12.0245 11.8123 11.1144 9.42779 9.51275 9.33572 8.81535 10.0148 10.7898 11.4673 11.8297 11.9272
-9999 -9999 -9999 -9999 -9999 -9999 -9999 -9999 6.24884 8.2678 8.69598 8.66658 8.0012 8.31115 10.7895 11.2908 12.6013 13.8426 13.7548 13.2959 12.5438 11.6749 10.3278 8.42185 6.90814 6.27752 7.92033 9.52738 9.86296 10.3794 11.4418 11.6473 10.4839 9.39333 10.0129 10.3881 11.8043 12.0671 11.7983 10.6414 9.31805 8.63055 9.45661 9.57326 9.62986 9.64727 9.63841 9.6234 10.5555 11.0711 11.4309 11.6302 11.9702 12.0623 12.0963 12.1284 12.1286 12.1175 12.0708 12.0168 11.7595 11.4467 10.2997 9.34446 8.75109 7.9964 9.71697 10.2347 10.9552 11.4246 11.7852 11.8684
