Test_Spring_2018/11_17/Temp/20171121_021.txt
ncols	170
nrows	115
xllcorner	350000.000000
yllcorner	4445000.000000
cellsize	1000.000000
nodata_value	-9999.000000
[rows 31 to 61 of 115, columns 70 to 139 of 170]
7.02564 7.76077 8.02855 7.51027 7.55783 8.80932 9.08574 9.06581 8.97398 8.8554 8.26795 8.07012 7.60647 6.79122 6.44811 4.99948 0.321041 1.64256 2.15849 0.801607 1.55798 2.79007 1.71856 -1.46269 -2.83086 -5.03556 -4.31861 -4.96109 -6.73342 -9999 -9999 -9999 -9999 -9999 -9999 -9999 -9999 -9999 -9999 -9999 -9999 -9999 -9999 -9999 -9999 -9999 -9999 -9999 -9999 -9999 -9999 -9999 -9999 -9999 -9999 -9999 -9999 -9999 -9999 -9999 -9999 -9999 -9999 -9999 -9999 -9999 -9999 -9999 -9999 -9999
7.15859 7.49222 7.45626 6.95683 7.71815 8.4191 8.01334 7.74461 8.90465 8.90304 8.50608 7.57583 7.23304 6.87751 6.65862 5.46534 2.12204 -0.891889 0.720145 0.75724 -0.359174 1.64218 0.586241 -2.16929 -6.05917 -3.93958 -4.48588 -7.20874 -7.88182 -9999 -9999 -9999 -9999 -9999 -9999 -9999 -9999 -9999 -9999 -9999 -9999 -9999 -9999 -9999 -9999 -9999 -9999 -9999 -9999 -9999 -9999 -9999 -9999 -9999 -9999 -9999 -9999 -9999 -9999 -9999 -9999 -9999 -9999 -9999 -9999 -9999 -9999 -9999 -9999 -9999
6.21616 7.05532 6.79149 6.57447 7.70784 7.6803 7.63064 8.06011 8.78138 8.92315 8.76727 8.36042 8.00777 7.63265 6.68429 5.31971 2.45818 -0.972012 -1.75119 -0.074525 0.00546341 0.275329 -0.687093 -1.89542 -3.78599 -2.23248 -1.62662 -3.4223 -5.77169 -7.27618 -9999 -9999 -9999 -9999 -9999 -9999 -9999 -9999 -9999 -9999 -9999 -9999 -9999 -9999 -9999 -9999 -9999 -9999 -9999 -9999 -9999 -9999 -9999 -9999 -9999 -9999 -9999 -9999 -9999 -9999 -9999 -9999 -9999 -9999 -9999 -9999 -9999 -9999 -9999 -9999
4.95205 6.39573 5.99845 4.89113 5.57264 6.08362 7.07518 7.32881 7.47028 8.82531 8.75174 8.68695 8.10557 7.64005 6.87015 5.55676 3.68797 1.43862 -2.47605 -0.0643909 1.82439 1.77615 1.67356 0.827393 -0.989025 0.535551 0.610442 -1.68507 -4.28252 -5.83147 -6.47093 -9999 -9999 -9999 -9999 -9999 -9999 -9999 -9999 -9999 -9999 -9999 -9999 -9999 -9999 -9999 -9999 -9999 -9999 -9999 -9999 -9999 -9999 -9999 -9999 -9999 -9999 -9999 -9999 -9999 -9999 -9999 -9999 -9999 -9999 -9999 -9999 -9999 -9999 -9999
-9999 5.47937 5.09676 3.74526 4.43109 5.34779 6.66335 7.35825 7.87294 8.27716 8.68923 8.63841 8.0434 6.29002 6.0375 5.95927 4.7361 2.1719 -0.388563 -1.05265 1.8289 2.65389 2.48658 3.1317 1.59327 2.32421 2.02902 1.21709 -1.28726 -3.57885 -4.53365 -6.42323 -9999 -9999 -9999 -9999 -9999 -9999 -9999 -9999 -9999 -9999 -9999 -9999 -9999 -9999 -9999 -9999 -9999 -9999 -9999 -9999 -9999 -9999 -9999 -9999 -9999 -9999 -9999 -9999 -9999 -9999 -9999 -9999 -9999 -9999 -9999 -9999 -9999 -9999
-9999 -9999 -9999 -9999 2.89065 4.15956 5.19598 6.48675 7.5849 8.13283 8.66475 8.61988 7.43263 6.85052 6.79724 5.99467 4.58276 3.69591 2.08298 0.403113 1.04353 3.50137 2.40883 4.15169 4.00658 4.32945 3.16879 0.987581 -1.94196 -3.63933 -4.49326 -6.02418 -9999 -9999 -9999 -9999 -9999 -9999 -9999 -9999 -9999 -9999 -9999 -9999 -9999 -9999 -9999 -9999 -9999 -9999 -9999 -9999 -9999 -9999 -9999 -9999 -9999 -9999 -9999 -9999 -9999 -9999 -9999 -9999 -9999 -9999 -9999 -9999 -9999 -9999
-9999 -9999 -9999 -9999 -9999 3.9266 4.7164 6.41272 7.31444 7.66977 8.52878 8.52879 8.07758 7.73602 7.24132 6.59594 5.53387 4.36264 2.8453 2.70351 4.27492 4.2943 3.96666 4.22648 5.03672 4.82691 3.03429 -0.0553624 -1.69476 -5.00088 -6.42866 -6.28034 -7.29323 -9999 -9999 -9999 -9999 -9999 -9999 -9999 -9999 -9999 -9999 -9999 -9999 -3.46705 -9999 -9999 -9999 -9999 -9999 -9999 -9999 -9999 -9999 -9999 -9999 -9999 -9999 -9999 -9999 -9999 -9999 -9999 -9999 -9999 -9.72957 -9999 -9999 -9999
-9999 -9999 -9999 -9999 3.7536 4.82887 5.6536 6.71705 6.84054 7.4769 8.46493 8.47744 8.15662 7.79394 6.98184 6.77807 6.17186 4.90007 4.63802 5.15054 5.38649 5.65502 5.8214 5.68926 5.365 4.94586 3.80747 2.36984 1.4065 -1.62896 -3.15054 -4.62442 -6.85731 -8.60483 -9999 -9999 -9999 -9999 -9999 -9999 -9999 -4.6101 -4.69951 -4.66659 -4.1836 -2.83808 -3.64066 -9999 -9999 -9999 -9999 -9999 -9999 -9999 -9999 -9999 -9999 -9999 -9999 -9999 -9999 -9999 -9999 -9999 -9999 -9999 -8.51721 -10.2855 -9999 -9999
-9999 -9999 -9999 -9999 4.05207 5.16745 5.72469 6.75829 7.34948 7.75989 8.1017 8.42755 8.36986 7.96847 7.35911 7.3592 6.52072 6.0672 5.74298 6.43657 6.57305 6.29409 5.94535 5.63831 4.76645 4.66967 4.40765 3.49788 2.00082 0.45768 -1.74664 -4.77673 -7.74934 -10.1478 -9999 -9999 -9999 -9999 -9999 -9999 -4.35355 -3.2361 -2.56962 -4.00824 -2.79278 -1.68275 -1.86933 -2.95433 -9999 -9999 -9999 -9999 -9999 -9999 -9999 -9999 -9999 -9999 -9999 -9999 -9999 -9999 -0.153031 -1.96454 -5.61601 -7.4916 -8.62035 -10.2289 -9999 -9999
-9999 -9999 -9999 -9999 3.82498 5.14325 6.03677 6.82988 6.95732 7.77333 8.14443 8.31853 8.29493 8.21239 8.09665 7.36371 7.04597 5.9408 6.99104 6.94882 6.68106 5.62573 5.16982 3.36052 2.56734 2.41121 3.94192 2.82242 0.477442 -2.45607 -5.96587 -6.18377 -7.35002 -9.49318 -9999 -9999 -9999 -9999 -9999 -9999 -4.00606 -2.81091 -1.81492 -1.67646 -3.10727 -1.12929 -1.20694 -2.32778 -2.5899 -1.68909 -1.23776 -1.57894 -0.498497 -0.191883 -0.694527 -0.167609 -9999 -9999 -9999 -9999 0.103108 0.167957 0.215328 -0.54369 -4.53176 -7.25809 -9.7075 -9.94827 -9999 -9999
-9999 -9999 -9999 -9999 4.73067 5.54381 5.95623 6.02482 6.73715 7.45137 7.90418 8.22216 8.15463 8.12443 8.09197 7.83759 7.25345 7.35288 7.30204 6.96131 4.9504 2.60503 3.62896 2.24091 -0.724842 1.71017 3.04855 1.78048 -1.0612 -4.35796 -5.41611 -5.35874 -6.98098 -9.06996 -9999 -9999 -9999 -7.27338 -5.5574 -5.41359 -4.91289 -3.31712 -2.10541 -1.19424 -0.576857 -0.59363 -1.26763 -2.36467 -3.5566 -3.14623 -1.03185 -0.524794 -0.0838023 0.233815 -0.2342 -0.0128461 0.544368 0.827562 0.877296 0.734428 0.695316 0.733725 0.658244 -0.0505116 -3.61335 -5.65852 -6.96646 -9.60049 -9999 -9999
-9999 -9999 -9999 -9999 4.21938 4.9274 5.50131 6.45137 6.55359 7.15466 7.51386 8.05463 8.11069 7.48655 7.99298 7.92092 7.81927 7.6107 7.30854 5.60899 3.26935 0.925683 -0.154415 0.317946 -1.46882 -0.534833 0.821825 0.343575 -1.39022 -4.32564 -4.73258 -5.39656 -8.12106 -10.7509 -9999 -9999 -10.6048 -7.30675 -4.98701 -3.79412 -3.4299 -3.40222 -1.87417 -1.7624 -0.117319 -0.503831 -2.70515 -2.46948 -3.3312 -2.79095 -2.0287 -1.82615 -0.706919 0.363359 0.554873 0.547823 0.898358 0.962129 0.971428 0.952925 0.699257 0.803707 0.813559 0.36914 -2.2179 -3.48338 -4.88255 -9.57594 -9999 -9999
-9999 -9999 -9999 -9999 4.57795 5.36981 6.23635 6.37897 7.02053 6.9542 6.77571 7.66612 7.99961 7.55702 7.236 7.80936 7.76237 7.67907 7.54694 5.94921 4.10264 1.31016 -0.42281 -1.47328 -2.21981 -3.20605 -2.50419 -2.70596 -2.97972 -2.64344 -3.43753 -5.03182 -6.62717 -9.61565 -11.2351 -9999 -10.4231 -8.93736 -6.1778 -3.83468 -2.35078 -2.89594 -1.1579 -0.843384 0.163325 -0.438037 -1.7802 -2.36775 -2.4297 -2.61536 -1.44981 -0.669941 -0.114256 0.246365 0.702579 0.808716 0.916015 0.954893 0.972002 0.990317 0.976057 0.959183 0.899835 0.728556 -0.464618 -1.73199 -4.45346 -9.4257 -9999 -9999
-9999 -9999 -9999 2.25889 4.48267 5.80916 6.32509 6.69794 7.02609 7.26324 7.51363 7.74243 7.89911 7.8335 6.66857 6.75558 6.95608 7.60632 7.55352 7.40519 6.39449 2.99665 1.82915 0.124625 -2.08941 -3.00354 -2.52837 -0.69516 -0.764834 -1.9598 -3.29351 -5.13161 -6.30186 -8.1348 -11.6571 -11.3411 -9.75575 -8.57867 -6.70547 -3.84026 -1.83505 -0.945863 -0.616432 0.0877726 0.446019 -0.380777 -1.16712 -1.50319 -2.11605 -2.21233 -2.21921 -1.51967 -0.969053 0.252442 0.655145 0.835505 0.920834 0.962243 0.990347 1.01877 1.02368 0.992613 0.986967 0.970577 0.87308 -0.805985 -5.0041 -8.16767 -9999 -9999
-9999 -9999 -9999 -9999 4.0704 4.65707 4.81396 5.08424 5.63245 6.26284 7.15647 7.26973 7.75735 7.74992 6.75014 5.58947 6.58518 6.97631 7.38328 7.39106 7.2588 4.40961 2.92035 1.7513 -0.370449 0.413766 1.1561 1.22431 0.796671 -1.77724 -4.34134 -7.29071 -10.058 -10.1854 -11.6722 -10.8811 -9.83491 -7.14618 -5.25723 -4.49667 -3.95385 -1.04346 -0.289828 -0.0428888 0.693562 -0.337339 -0.609907 -1.3878 -1.17168 -1.25031 -1.25742 -3.39136 -1.26644 -1.15313 0.221859 0.833757 0.965623 0.993575 1.02501 1.02294 1.02319 1.00972 1.01709 0.987075 0.951783 -0.143346 -5.45627 -8.13247 -9999 -9999
-9999 -9999 -9999 -9999 -9999 -9999 4.26276 4.71082 4.99858 5.49283 7.00363 7.4085 7.67529 7.69353 7.2424 6.09574 5.78666 5.98771 4.86775 5.79586 7.06979 7.03999 6.8903 4.38756 3.11782 4.37311 4.00819 2.13483 0.663591 -0.788534 -3.79157 -5.97803 -9.14992 -11.532 -11.6186 -8.98239 -6.79359 -4.07291 -2.87717 -3.57031 -2.83847 -1.39762 0.239172 1.02459 0.825141 -0.261442 -0.426656 -1.62021 -0.470815 -0.383125 -0.934786 -1.41303 -1.23189 -0.558304 -0.30874 0.764829 1.01666 1.05366 1.05252 1.04849 1.03618 1.02299 0.999151 0.979661 0.956109 0.898417 -4.56277 -8.8176 -9999 -9999
-9999 -9999 -9999 -9999 -9999 -9999 3.21411 3.48907 4.20292 6.02905 6.98604 7.37038 7.35413 7.52761 7.20746 6.19601 5.15767 4.17754 2.91801 3.63115 5.52671 6.64688 6.7791 4.58646 5.7463 5.32998 4.49843 2.04475 0.240418 -0.709622 -3.59155 -6.04883 -8.15584 -11.0707 -9.81746 -8.44038 -6.67466 -3.70479 -1.70536 -0.890044 -1.5913 -0.674545 1.21024 1.20921 0.160393 0.215899 -0.43075 -2.05771 -0.388544 0.0727054 -0.320275 -0.232846 -0.380076 -0.137229 0.315966 0.749571 1.03474 1.06464 1.0601 1.0419 1.0337 1.02595 0.996929 0.990328 0.966551 0.929928 -2.59855 -8.90117 -9999 -9999
-9999 -9999 -9999 -9999 -9999 -9999 -9999 2.26507 3.88922 6.31251 6.9152 6.85891 7.35552 7.39366 6.90554 6.47986 5.22069 3.50345 0.21379 1.04657 2.7914 5.3108 6.63889 6.46831 5.74707 4.48114 1.40132 -1.2916 -1.60579 -2.03462 -4.134 -6.02124 -8.36454 -6.9952 -5.4984 -3.86399 -3.00757 -3.23494 -1.52257 -0.129489 -0.734595 0.392238 1.70797 1.09434 0.726408 0.415632 -0.329528 -0.385745 -0.321414 0.621541 -0.0504951 0.344159 0.349398 0.314207 0.528613 0.777826 1.04092 1.07577 1.06711 1.06311 1.0231 1.02616 1.00225 0.978382 0.955565 0.922638 0.594743 -2.80651 -4.84182 -9999
-9999 -9999 -9999 -9999 -9999 -9999 -9999 0.769172 1.58073 4.45005 5.33703 6.60232 7.27158 7.29755 6.47796 6.01844 4.14596 3.53333 0.489557 -0.887929 0.278405 -0.166014 3.30513 6.38002 5.72711 -0.451734 -2.68071 -4.26604 -3.84086 -3.82282 -4.39752 -7.62602 -8.51333 -5.59605 -3.75931 -2.33806 -1.2625 -1.04243 -1.08656 1.09703 1.37929 2.08085 1.91449 1.96863 0.849555 0.15239 0.735528 0.0332483 -0.0964608 0.878153 -0.104405 0.763024 0.654684 0.378986 0.353648 0.921303 1.02801 1.07991 1.07372 1.04272 1.00515 0.980476 0.99092 0.973694 0.932847 0.925385 0.884407 0.467611 -1.29617 -1.91957
-9999 -9999 -9999 -9999 -9999 -9999 -9999 -9999 -1.09428 2.89224 4.71409 5.66889 7.0123 7.16975 6.73487 5.94247 4.0352 2.35769 -0.363587 -3.46872 -5.10838 -0.190286 4.09325 6.33391 6.05474 0.912891 -1.1082 -1.18902 0.0226095 -0.974662 -1.7284 -4.17672 -4.90657 -5.92648 -5.29035 -3.30749 -1.69435 -0.139468 0.987374 1.07083 1.79577 2.21048 2.23373 2.35431 2.21218 2.09398 1.01056 1.73672 1.09899 1.42006 1.19511 0.991253 0.821011 0.19814 0.618731 0.990406 1.0787 1.09642 1.06473 1.05079 1.02594 0.981216 0.957249 0.946008 0.933382 0.904472 0.894532 0.861637 0.654613 -0.410897
-9999 -9999 -9999 -9999 -9999 -9999 -9999 -9999 -3.08598 0.880579 2.79246 5.25022 6.5154 7.02785 6.95262 6.30942 4.85877 2.67994 0.864987 -2.60058 -6.19678 -1.03659 3.57203 6.05945 6.20011 1.88473 3.09736 2.13949 2.54377 0.779753 0.0536792 -0.508112 -1.77593 -3.16513 -4.68375 -5.493 -1.8655 -0.00632403 1.48667 2.18499 2.57418 2.76186 2.64691 2.36488 0.741098 1.95816 1.87741 1.74326 1.59146 1.51238 1.37426 1.21377 1.12179 1.07889 0.662028 1.10839 1.08479 1.08202 1.07534 1.05449 1.02264 0.993442 0.95921 0.949051 0.92688 0.901468 0.88068 0.861042 0.837402 0.76875
-9999 -9999 -9999 -9999 -9999 -9999 -9999 -9999 -8.65918 -2.88951 1.7525 4.17124 6.14413 6.67945 6.87471 6.01508 5.37047 3.80722 2.32774 0.0497561 -3.35861 -5.45576 -1.58935 4.03129 6.12042 5.97328 5.85444 4.7437 3.74404 3.62761 3.71428 2.55855 0.856948 -1.37969 -2.07981 -2.86548 -0.164407 0.197525 -0.00691108 2.957 2.95344 2.77291 1.62313 0.344037 0.573326 -0.221999 0.366612 -0.584702 0.267849 1.00355 1.27167 1.23805 1.13611 1.10799 1.0528 1.11722 1.10651 1.0845 1.0656 1.05123 1.03087 0.986833 0.957415 0.959762 0.924744 0.89638 0.873877 0.857515 0.840384 0.786765
-9999 -9999 -9999 -9999 -9999 -9999 -9999 -9999 -8.40772 -3.55281 0.561417 3.03523 5.40387 5.94872 6.74317 6.56351 5.8893 4.53018 2.83472 0.959534 -1.96474 -4.13675 -1.55103 2.183 4.85914 5.82972 5.84041 5.78587 5.54198 5.4533 5.16715 4.97739 3.75271 1.63594 0.441151 -1.30992 1.70033 2.03346 1.55524 3.05046 2.96498 0.679724 -1.0807 -1.31092 -0.248247 -1.27498 -1.46896 -2.10623 -1.4036 0.498536 -0.0765384 0.02359 0.889311 1.02136 1.09519 1.11007 1.09456 1.08116 1.05725 1.05028 1.04308 0.999478 0.973813 0.955787 0.912242 0.893776 0.859866 0.828455 0.808562 0.774808
-9999 -9999 -9999 -9999 -9999 -9999 -9999 -9999 -8.31042 -5.04401 -1.34211 2.29913 4.82918 5.84615 6.58457 6.57038 5.78835 5.11025 4.04596 2.39601 1.26473 -0.696327 -3.38595 1.12905 2.52022 3.76751 4.29959 5.59578 5.57355 4.99278 4.33797 4.97876 4.79196 3.11888 2.56836 1.63686 3.30946 3.30828 3.25496 3.15677 1.22594 -1.45513 -3.60092 -2.07655 -2.40938 -1.70655 -3.90621 -2.12602 -0.690955 -0.232741 -1.21829 -1.95787 0.296735 0.651092 0.863209 0.995823 1.07987 1.04797 1.06179 1.03927 1.02324 1.00631 0.977014 0.955027 0.924861 0.894004 0.861609 0.832743 0.795968 0.744282
-9999 -9999 -9999 -9999 -9999 -9999 -9999 -9999 -9999 -6.97164 -2.26792 1.92085 4.25049 5.71324 6.42277 6.40408 6.00178 5.54 4.87865 3.68762 2.1936 -0.164778 -1.91401 -0.799826 0.56362 0.72841 1.63707 4.25959 5.16048 3.9016 0.792209 2.6416 4.70541 4.67355 4.49779 4.29954 4.04758 3.81552 3.31246 1.97485 -2.1076 -2.92243 -4.53119 -4.36094 -5.19227 -3.40313 -4.08745 -2.25971 -1.47388 -1.18391 -2.89509 -2.5345 -0.556687 0.224119 0.0830878 0.559179 1.01916 1.02515 1.02926 1.00806 1.00867 1.00278 0.985224 0.947748 0.921578 0.89927 0.847291 0.836343 0.673756 0.564602
-9999 -9999 -9999 -9999 -9999 -9999 -9999 -9999 -9999 -7.89582 -3.21246 1.72123 3.30221 4.87988 6.24055 6.26198 5.6506 5.06938 4.47157 3.79246 1.98062 0.224877 -1.45006 -2.01039 -1.66936 -1.68113 -0.216683 3.19626 3.86194 3.58636 0.334531 -0.769238 1.98574 4.30021 4.48172 4.26986 1.54347 2.11854 0.64344 -1.35616 -1.91291 -2.7942 -4.64684 -3.77042 -5.13092 -4.56323 -4.72111 -3.68809 -3.18993 -1.95869 -3.45122 -3.443 -1.5022 -0.522652 -0.50752 0.521784 0.883024 0.97112 0.986596 0.995052 0.990276 0.997131 0.977834 0.952584 0.922182 0.86227 0.733695 0.355604 -1.62856 -1.63638
-9999 -9999 -9999 -9999 -9999 -9999 -9999 -9999 -9999 -7.35547 -4.10664 0.270647 3.51163 3.71104 5.28402 6.09367 5.4297 4.68311 3.92 3.58528 1.6135 -0.551201 -2.29921 -4.36729 -4.02384 -2.53443 -0.0890931 2.1163 2.5145 2.06406 0.328822 1.15857 3.03704 4.03388 4.32658 4.09265 3.4959 3.14831 2.06056 1.58464 0.0743074 -2.28348 -3.21813 -2.64208 -5.14604 -4.98218 -4.07051 -5.05233 -3.44802 -2.6856 -4.60991 -3.09801 -1.37362 -0.496739 0.269 0.62665 0.763772 0.979058 0.975933 0.985678 0.98667 0.973909 0.964075 0.917735 0.877432 0.657838 0.338776 -1.5085 -2.29152 -2.15156
-9999 -9999 -9999 -9999 -9999 -9999 -9999 -9999 -9999 -6.80286 -3.87829 -0.0834519 2.22615 2.63575 4.38089 5.93221 5.75418 4.97782 4.73926 3.93603 2.26338 0.416946 -1.60024 -2.57996 -4.83274 -2.61052 -0.840218 1.027 1.90244 0.480769 -0.240684 1.04071 2.3138 2.82146 4.10532 4.09031 3.66744 1.8561 0.969345 1.33485 0.948768 0.277677 -1.34816 -1.42959 -2.47799 -2.91817 -3.33459 -4.65631 -3.82476 -3.75082 -3.54212 -1.71676 -0.824382 -0.235909 0.298727 0.432107 0.659477 0.957405 0.975225 0.976938 0.9661 0.9622 0.929745 0.83229 0.748366 0.317164 -0.438283 -1.83887 -4.10962 -2.53164
-9999 -9999 -9999 -9999 -9999 -9999 -9999 -9999 -9999 -7.3033 -4.19654 -0.953922 0.399321 0.625511 3.78769 5.7223 5.72159 5.35167 4.92071 2.94039 3.05459 2.6579 0.837855 -1.81232 -4.72225 -4.44744 -2.70495 -0.235681 0.581378 -1.78193 -2.62233 -2.00319 -0.0789429 1.64266 3.43943 3.89324 3.3614 0.544485 -2.44959 -1.07024 0.403306 0.387101 -0.0559465 -1.5645 -2.05003 -2.4907 -3.59456 -5.45848 -5.18678 -4.68186 -2.61844 -1.97415 -0.972554 -0.142222 -0.469165 -0.293553 0.500991 0.952901 0.96084 0.959561 0.965137 0.94477 0.90728 0.723169 0.528628 0.208948 -1.74376 -2.96201 -4.73277 -2.70368
-9999 -9999 -9999 -9999 -9999 -9999 -9999 -9999 -9999 -8.26774 -6.01442 -2.91539 -1.66896 0.32158 3.30966 4.77726 5.4788 5.45963 5.17132 4.28305 3.74855 2.69792 0.804241 -1.78418 -4.66082 -6.53277 -5.579 -2.25377 -1.46756 -3.64737 -4.76374 -3.37341 -1.32325 1.71215 3.44487 3.67579 3.51461 2.92971 0.742182 -1.90031 -1.89852 -0.584224 -1.6987 -2.99311 -2.29509 -2.43535 -3.52526 -4.32077 -4.80127 -4.52198 -3.33985 -2.86267 -1.70413 0.0111188 0.248099 0.189135 0.90586 0.932501 0.939802 0.957533 0.946905 0.930363 0.898543 0.746549 0.418478 -0.884661 -2.02248 -3.60139 -3.80592 -2.00471
-9999 -9999 -9999 -9999 -9999 -9999 -9999 -9999 -9999 -9.9272 -7.27569 -4.37305 -1.65556 0.915155 3.12708 3.29419 4.45907 4.45392 5.06304 4.8848 4.06161 3.17631 1.54434 -1.78106 -4.57679 -7.62531 -6.8204 -3.43618 -2.97141 -4.44244 -7.16071 -4.35497 -1.26133 1.54163 3.05725 1.86316 3.07881 2.97345 2.15012 0.574431 -1.87254 -1.83407 -3.67069 -3.75885 -2.82879 -2.53326 -2.69918 -3.29873 -4.25167 -4.09973 -3.38199 -3.21064 -2.14702 -0.818969 0.479375 0.689071 0.928658 0.92948 0.923726 0.934324 0.927116 0.889943 0.812989 0.654495 -0.439484 -1.73871 -2.54317 -3.6465 -3.78976 -1.7036
