Test_Spring_2018/11_17/Temp/20171114_004.txt
ncols	170
nrows	115
xllcorner	350000.000000
yllcorner	4445000.000000
cellsize	1000.000000
nodata_value	-9999.000000
[rows 32 to 63 of 115, columns 72 to 143 of 170]
13.2062 12.841 13.3968 13.9083 13.5809 13.3681 14.2081 14.2043 13.9116 13.2294 12.9768 12.7151 12.5533 11.6795 9.2342 7.02953 8.20556 8.23011 7.41107 8.87008 8.09389 6.07476 3.22579 4.76824 4.36161 2.33376 1.82825 -9999 -9999 -9999 -9999 -9999 -9999 -9999 -9999 -9999 -9999 -9999 -9999 -9999 -9999 -9999 -9999 -9999 -9999 -9999 -9999 -9999 -9999 -9999 -9999 -9999 -9999 -9999 -9999 -9999 -9999 -9999 -9999 -9999 -9999 -9999 -9999 -9999 -9999 -9999 -9999 -9999 -9999 -9999 -9999 -9999
12.722 12.5631 13.3908 13.3699 13.3089 13.5998 14.1195 14.2206 14.1044 13.8049 13.5452 13.2692 12.5744 11.5753 9.48215 6.97316 6.40141 7.62413 7.67938 7.8728 7.1649 6.27658 4.88894 6.01784 6.45359 5.12087 3.37248 2.25222 -9999 -9999 -9999 -9999 -9999 -9999 -9999 -9999 -9999 -9999 -9999 -9999 -9999 -9999 -9999 -9999 -9999 -9999 -9999 -9999 -9999 -9999 -9999 -9999 -9999 -9999 -9999 -9999 -9999 -9999 -9999 -9999 -9999 -9999 -9999 -9999 -9999 -9999 -9999 -9999 -9999 -9999 -9999 -9999
12.1443 11.3346 11.832 12.2046 12.8903 13.0622 13.1631 14.151 14.0951 14.0458 13.6191 13.2772 12.7129 11.7514 10.3838 8.73786 5.87443 7.63426 9.01138 8.97218 8.89259 8.26888 6.93539 8.04315 8.09091 6.38569 4.44948 3.31083 2.83728 -9999 -9999 -9999 -9999 -9999 -9999 -9999 -9999 -9999 -9999 -9999 -9999 -9999 -9999 -9999 -9999 -9999 -9999 -9999 -9999 -9999 -9999 -9999 -9999 -9999 -9999 -9999 -9999 -9999 -9999 -9999 -9999 -9999 -9999 -9999 -9999 -9999 -9999 -9999 -9999 -9999 -9999 -9999
11.4876 10.4992 10.9996 11.6686 12.612 13.0926 13.4594 13.7525 14.0517 14.0127 13.5763 12.2934 12.1074 12.0488 11.1533 9.27727 7.4036 6.91541 9.01801 9.61688 9.48981 9.95584 8.82534 9.35289 9.13004 8.52048 6.65973 4.95967 4.25574 2.8692 -9999 -9999 -9999 -9999 -9999 -9999 -9999 -9999 -9999 -9999 -9999 -9999 -9999 -9999 -9999 -9999 -9999 -9999 -9999 -9999 -9999 -9999 -9999 -9999 -9999 -9999 -9999 -9999 -9999 -9999 -9999 -9999 -9999 -9999 -9999 -9999 -9999 -9999 -9999 -9999 -9999 -9999
-9999 -9999 9.87577 10.7854 11.5386 12.4577 13.2511 13.6493 14.0361 14.0017 13.1327 12.7061 12.6661 12.0783 11.0451 10.3952 9.2141 7.9835 8.44803 10.2401 9.43657 10.7046 10.5921 10.8211 9.96532 8.34382 6.18347 4.91763 4.28729 3.16284 -9999 -9999 -9999 -9999 -9999 -9999 -9999 -9999 -9999 -9999 -9999 -9999 -9999 -9999 -9999 -9999 -9999 -9999 -9999 -9999 -9999 -9999 -9999 -9999 -9999 -9999 -9999 -9999 -9999 -9999 -9999 -9999 -9999 -9999 -9999 -9999 -9999 -9999 -9999 -9999 -9999 -9999
-9999 -9999 -9999 10.6167 11.1895 12.4268 13.0557 13.3131 13.9391 13.9377 13.6069 13.3565 12.9942 12.5218 11.7445 10.887 9.77595 9.66952 10.8144 10.8241 10.5792 10.7629 11.3482 11.1873 9.85986 7.58368 6.37724 3.92429 2.87421 2.97683 2.23164 -9999 -9999 -9999 -9999 -9999 -9999 -9999 -9999 -9999 -9999 -9999 -9999 5.01858 -9999 -9999 -9999 -9999 -9999 -9999 -9999 -9999 -9999 -9999 -9999 -9999 -9999 -9999 -9999 -9999 -9999 -9999 -9999 -9999 0.462146 -9999 -9999 -9999 -9999 -9999 -9999 -9999
-9999 -9999 10.5105 11.2763 11.8759 12.6503 12.7174 13.1743 13.8947 13.9027 13.6675 13.4021 12.8083 12.6591 12.2154 11.2848 11.0914 11.4632 11.632 11.8235 11.9394 11.8361 11.5915 11.277 10.4179 9.35801 8.64491 6.40717 5.27085 4.18747 2.55036 1.26902 -9999 -9999 -9999 -9999 -9999 -9999 -9999 4.18185 4.1171 4.14179 4.49541 5.47942 4.89347 -9999 -9999 -9999 -9999 -9999 -9999 -9999 -9999 -9999 -9999 -9999 -9999 -9999 -9999 -9999 -9999 -9999 -9999 -9999 1.34941 0.0598257 -9999 -9999 -9999 -9999 -9999 -9999
-9999 -9999 10.7142 11.5255 11.9291 12.6812 13.1104 13.3831 13.6313 13.8685 13.8261 13.5329 13.0878 13.0882 12.4753 12.1431 11.9046 12.4089 12.5049 12.296 12.0349 11.8032 11.1576 11.0778 10.8591 10.184 9.07979 7.94241 6.29694 4.07564 1.89753 0.140186 -9999 -9999 -9999 -9999 -9999 -9999 4.36898 5.18644 5.67431 4.62359 5.51258 6.32446 6.18864 5.38551 -9999 -9999 -9999 -9999 -9999 -9999 -9999 -9999 -9999 -9999 -9999 -9999 -9999 -9999 7.45338 6.13196 3.46572 2.09741 1.27501 0.102076 -9999 -9999 -9999 -9999 -9999 -9999
-9999 -9999 10.5505 11.5095 12.1582 12.734 12.8239 13.4133 13.6642 13.7909 13.7738 13.7142 13.6306 13.0958 12.8642 12.0562 12.8226 12.7893 12.5898 11.8132 11.4733 10.1429 9.55402 9.41369 10.5211 9.69145 7.96637 5.81171 3.22114 3.04588 2.18749 0.616486 -9999 -9999 -9999 -9999 -9999 -9999 4.62225 5.49681 6.22576 6.32785 5.28286 6.7291 6.66277 5.84414 5.65326 6.31251 6.6435 6.38045 7.16936 7.39674 7.03287 7.42161 -9999 -9999 -9999 -9999 7.63649 7.68667 7.72388 7.17157 4.25917 2.26893 0.481153 0.311243 -9999 -9999 -9999 -9999 -9999 -9999
-9999 -9999 11.2147 11.8037 12.1001 12.1458 12.6626 13.1776 13.49 13.724 13.6752 13.6545 13.6324 13.4481 13.0224 13.0956 13.0578 12.8068 11.3336 9.61435 10.3561 9.32925 7.14621 8.9048 9.87031 8.93071 6.84126 4.41985 3.62072 3.64659 2.45437 0.924095 -9999 -9999 -9999 2.23111 3.4861 3.59252 3.96004 5.12797 6.01512 6.67977 7.13189 7.11207 6.61888 5.81746 4.94681 5.24741 6.79367 7.16549 7.47294 7.70841 7.36994 7.53839 7.94924 8.15979 8.1996 8.09846 8.07295 8.10388 8.05139 7.53591 4.93111 3.43856 2.48492 0.567719 -9999 -9999 -9999 -9999 -9999 -9999
-9999 -9999 10.8446 11.3564 11.7704 12.4576 12.5283 12.9646 13.2217 13.6025 13.6446 13.1903 13.5628 13.5125 13.4402 13.2889 13.0679 11.824 10.1106 8.39234 7.59581 7.92864 6.61182 7.27336 8.25164 7.88091 6.5981 4.44009 4.13112 3.62317 1.61872 -0.308534 -9999 -9999 -0.207959 2.20289 3.89957 4.77322 5.04148 5.06382 6.1826 6.26599 7.46972 7.18137 5.57195 5.74462 5.11124 5.50655 6.06716 6.21625 7.02416 7.80634 7.94973 7.94818 8.20805 8.2583 8.26862 8.25842 8.07612 8.15531 8.16514 7.8428 5.95439 5.03186 4.01478 0.588847 -9999 -9999 -9999 -9999 -9999 -9999
-9999 -9999 11.1072 11.6798 12.3074 12.4065 12.8711 12.8166 12.6809 13.331 13.5643 13.2433 13.0118 13.434 13.4023 13.3432 13.247 12.0779 10.7248 8.6784 7.40426 6.62405 6.06658 5.32009 5.8189 5.65707 5.44279 5.67489 5.07352 3.88538 2.71114 0.516428 -0.67098 -9999 -0.0800334 1.00661 3.0252 4.74003 5.82718 5.43138 6.70409 6.93606 7.66777 7.22908 6.24755 5.82048 5.77567 5.64043 6.49281 7.05994 7.45658 7.72309 8.05722 8.13843 8.22058 8.2527 8.26878 8.28554 8.27824 8.26877 8.22802 8.10528 7.23556 6.3143 4.32776 0.697875 -9999 -9999 -9999 -9999 -9999 -9999
-9999 9.4315 11.0384 12.0011 12.3718 12.6387 12.8737 13.0434 13.2211 13.385 13.5002 13.4463 12.5986 12.6661 12.8161 13.2937 13.256 13.1464 12.4044 9.9154 9.05232 7.79152 6.16052 5.4702 5.80208 7.12625 7.0598 6.17145 5.18259 3.81609 2.94354 1.5971 -0.984724 -0.755791 0.402508 1.26386 2.63507 4.73201 6.20073 6.85379 7.09749 7.61025 7.87351 7.27166 6.69664 6.45151 6.00392 5.93381 5.92907 6.44074 6.83434 7.72635 8.02382 8.15714 8.22326 8.25727 8.28144 8.30564 8.31238 8.29257 8.29108 8.28154 8.2148 6.99014 3.92698 1.61906 -9999 -9999 -9999 -9999 -9999 -9999
-9999 -9999 10.7374 11.1588 11.2665 11.4579 11.8535 12.3102 12.9581 13.0398 13.3966 13.3914 12.659 11.8152 12.547 12.8358 13.1345 13.1394 13.0396 10.9473 9.84948 8.98339 7.41905 7.96926 8.49531 8.52836 8.19912 6.30177 4.41251 2.23336 0.200128 0.0985217 -0.998848 -0.424963 0.339437 2.30589 3.689 4.24819 4.64861 6.77943 7.33058 7.51418 8.05436 7.30229 7.10285 6.53478 6.69296 6.63558 6.63044 5.07096 6.61551 6.7005 7.70791 8.15607 8.25472 8.27891 8.30554 8.30749 8.31087 8.30396 8.31203 8.29413 8.27266 7.47528 3.59522 1.64349 -9999 -9999 -9999 -9999 -9999 -9999
-9999 -9999 -9999 -9999 10.8625 11.1835 11.3883 11.7453 12.8442 13.1391 13.3345 13.3495 13.0225 12.1855 11.9641 12.1144 11.2975 11.974 12.9008 12.8722 12.7532 10.9119 9.96268 10.8637 10.5796 9.19277 8.09989 7.0215 4.81052 3.18855 0.858947 -0.891117 -0.961004 0.961604 2.55745 4.54746 5.42424 4.92135 5.46035 6.51615 7.71575 8.29259 8.14901 7.35643 7.23555 6.36368 7.2039 7.26794 6.86462 6.51499 6.63913 7.1334 7.31809 8.10531 8.29221 8.32113 8.32396 8.3245 8.31876 8.31211 8.2991 8.28812 8.2741 8.23508 4.24679 1.14131 -9999 -9999 -9999 -9999 -9999 -9999
-9999 -9999 -9999 -9999 10.0945 10.2888 10.8049 12.1351 12.8292 13.109 13.0975 13.226 12.9949 12.2592 11.5037 10.791 9.87187 10.3921 11.7735 12.5854 12.6723 11.0575 11.8838 11.5627 10.9371 9.12562 7.78874 7.07672 4.95367 3.13347 1.58167 -0.558204 0.350795 1.35298 2.6418 4.81264 6.277 6.87692 6.36813 7.04214 8.4233 8.42563 7.66151 7.70383 7.23119 6.0426 7.26266 7.59964 7.31215 7.37576 7.25999 7.43926 7.77259 8.09191 8.30304 8.32786 8.32744 8.31764 8.31494 8.31305 8.29529 8.29388 8.27985 8.25639 5.68079 1.07869 -9999 -9999 -9999 -9999 -9999 -9999
-9999 -9999 -9999 -9999 -9999 9.39224 10.5736 12.3403 12.7754 12.7331 13.0963 13.1259 12.7719 12.4644 11.5479 10.2962 7.89352 8.50124 9.77266 11.6072 12.5683 12.4314 11.883 10.9409 8.67209 6.68565 6.43774 6.10649 4.55517 3.15146 1.42672 2.41781 3.50464 4.69473 5.31889 5.15343 6.40781 7.42984 6.9918 7.81953 8.78499 8.33978 8.07349 7.84827 7.30373 7.2632 7.31036 7.99936 7.50783 7.79585 7.79147 7.76737 7.926 8.11039 8.30524 8.33358 8.33037 8.3308 8.30506 8.31084 8.29694 8.28305 8.26988 8.24926 8.01301 5.53152 4.04743 -9999 -9999 -9999 -9999 -9999
-9999 -9999 -9999 -9999 -9999 8.29687 8.88447 10.9772 11.6201 12.5435 13.0329 13.0534 12.457 12.1237 10.7591 10.3148 8.09244 7.08339 7.93212 7.60072 10.1283 12.3638 11.8656 7.33316 5.68662 4.51003 4.80281 4.79841 4.36164 1.97768 1.31714 3.43956 4.77478 5.809 6.59322 6.75445 6.72502 8.32527 8.53479 9.05174 8.93405 8.97701 8.16185 7.65435 8.08068 7.56806 7.47345 8.18561 7.46711 8.10062 8.01306 7.81304 7.7963 8.21328 8.2937 8.33438 8.33318 8.31374 8.28999 8.27518 8.28648 8.27756 8.25135 8.24949 8.22306 7.92291 6.63735 6.18516 6.67701 -9999 -9999 -9999
-9999 -9999 -9999 -9999 -9999 -9999 6.92747 9.83687 11.163 11.8595 12.8414 12.9578 12.64 12.0646 10.6743 9.45133 7.46439 5.19529 3.98933 7.57751 10.6993 12.3256 12.101 8.32723 6.83339 6.75714 7.62541 6.87962 6.31258 4.49905 3.95391 3.19897 3.6568 5.0999 6.27765 7.41477 8.24095 8.30603 8.84096 9.14498 9.16582 9.25733 9.15624 9.07196 8.28029 8.81176 8.34594 8.58052 8.41578 8.26635 8.13327 7.67942 7.98848 8.26211 8.32895 8.34556 8.32503 8.31803 8.30356 8.275 8.25986 8.25541 8.24994 8.23252 8.22889 8.2094 8.06168 7.2864 6.2498 4.94125 -9999 -9999
-9999 -9999 -9999 -9999 -9999 -9999 5.46991 8.36498 9.75694 11.5519 12.4759 12.848 12.7957 12.3288 11.2717 9.68188 8.35696 5.82418 3.19408 6.95949 10.3121 12.1195 12.2098 9.03356 9.90422 9.18802 9.46726 8.16206 7.61615 7.18179 6.24403 5.21959 4.10028 3.50519 6.15479 7.51405 8.6075 9.12158 9.41071 9.5531 9.46894 9.26377 8.07976 8.97142 8.91254 8.81535 8.70479 8.64702 8.54586 8.42822 8.35198 8.32197 8.0189 8.34865 8.33408 8.33412 8.33184 8.31974 8.30011 8.28285 8.26225 8.2576 8.24358 8.2288 8.21732 8.2076 8.19395 8.14727 7.938 6.18241 5.13051 4.82913
-9999 -9999 -9999 -9999 -9999 -9999 1.39475 5.60799 8.99475 10.7611 12.1976 12.5903 12.7351 12.1094 11.6408 10.5004 9.42018 7.75506 5.26213 3.72565 6.54237 10.6419 12.1464 12.0174 11.9162 11.0896 10.344 10.2442 10.2934 9.42544 8.16779 6.52485 6.00725 5.42921 7.4016 7.6663 7.51875 9.6882 9.68976 9.56252 8.72699 7.78911 7.95994 7.37693 7.8072 7.11286 7.73649 8.27437 8.47027 8.4455 8.36158 8.34532 8.30602 8.35584 8.34961 8.3356 8.32436 8.31695 8.30566 8.27748 8.26032 8.26657 8.24302 8.2266 8.21109 8.20381 8.19495 8.15926 8.12634 7.85261 7.44332 6.66375
-9999 -9999 -9999 -9999 -9999 -9999 1.57655 5.11823 8.12277 9.9226 11.6539 12.0531 12.6353 12.5059 12.0151 11.0232 9.78467 8.41364 6.2744 4.68332 6.56774 9.28495 11.2313 11.9198 11.9029 11.8495 11.6577 11.5769 11.3546 11.1925 10.2879 8.73291 7.85413 6.57065 8.76892 9.0123 8.66424 9.75973 9.70084 8.0347 6.75231 6.58813 7.35893 6.61105 6.46937 5.99997 6.51417 7.90472 7.48937 7.56209 8.18426 8.28168 8.3385 8.3507 8.34104 8.33334 8.31843 8.31639 8.31464 8.28668 8.27214 8.26338 8.23605 8.22383 8.20324 8.18524 8.17068 8.14952 8.11917 8.03819 7.94764 8.0276
-9999 -9999 -9999 -9999 -9999 -9999 1.65126 4.02672 6.73011 9.38215 11.2311 11.975 12.5157 12.5067 11.9364 11.4417 10.664 9.45731 8.62842 7.19165 5.22085 8.51412 9.51677 10.4083 10.7852 11.7196 11.6901 11.2523 10.7384 11.1967 11.0507 9.82114 9.41364 8.72934 9.94993 9.94875 9.91082 9.8412 8.43299 6.47694 4.9123 6.02996 5.78992 6.29523 4.68743 5.99583 7.04542 7.38055 6.65485 6.11412 7.75101 8.01304 8.1693 8.26768 8.33087 8.3097 8.32237 8.30892 8.30064 8.29206 8.27473 8.26292 8.24522 8.22699 8.20387 8.18766 8.16466 8.13476 8.12881 8.08495 8.06471 8.04204
-9999 -9999 -9999 -9999 -9999 -9999 -9999 2.62145 6.04702 9.10708 10.809 11.878 12.3969 12.3838 12.0904 11.7532 11.2695 10.3979 9.30376 7.57663 6.29333 7.10137 8.08326 8.18327 8.83648 10.7417 11.3883 10.4564 8.15904 9.4987 10.9989 10.9688 10.8349 10.6862 10.4945 10.3244 9.95738 8.98142 6.00007 5.4127 4.24029 4.36807 3.76357 5.06145 4.56066 5.89783 6.47302 6.68537 5.43481 5.68547 7.13385 7.7055 7.60352 7.9528 8.2874 8.29399 8.29959 8.28706 8.29086 8.29023 8.28132 8.26145 8.24675 8.23486 8.1972 8.194 8.07908 8.00294 7.85298 8.0294 8.04274 8.0409
-9999 -9999 -9999 -9999 -9999 -9999 -9999 1.93329 5.35429 8.95882 10.1135 11.2662 12.2606 12.2764 11.8297 11.4047 10.9671 10.4694 9.14289 7.85629 6.62759 6.2123 6.45458 6.4185 7.47914 9.96336 10.4394 10.2276 7.82387 7.00895 9.01524 10.7007 10.8285 10.6702 8.67534 9.09472 8.01684 6.5566 6.15165 5.51001 4.1587 4.80201 3.81023 4.22737 4.09748 4.8538 5.21884 6.11933 5.02882 5.02179 6.44344 7.16061 7.17302 7.92684 8.19266 8.25919 8.27301 8.28211 8.28191 8.29056 8.28037 8.26602 8.24799 8.20838 8.1185 7.84189 6.39617 6.39405 6.78539 7.15563 7.82752 8.01254
-9999 -9999 -9999 -9999 -9999 -9999 -9999 2.32562 4.69837 7.8963 10.2642 10.4093 11.5587 12.1502 11.6646 11.1184 10.5597 10.3135 8.87002 7.28464 6.00281 4.48602 4.73073 5.81205 7.57025 9.17307 9.45487 9.11648 7.82154 8.42076 9.78729 10.5104 10.72 10.5459 10.1076 9.85256 9.05752 8.71048 7.60808 5.88675 5.2058 5.62905 3.80109 3.92273 4.59058 3.85685 5.03043 5.58844 4.18259 5.27643 6.53822 7.1806 7.74185 8.005 8.10719 8.26679 8.26707 8.27709 8.28103 8.27521 8.27175 8.24176 8.21627 8.05974 7.83045 6.48409 5.91165 6.01749 6.63423 7.17389 7.73077 7.96022
-9999 -9999 -9999 -9999 -9999 -9999 -9999 2.72696 4.86291 7.63524 9.32235 9.62104 10.896 12.0293 11.8987 11.3304 11.1549 10.5661 9.3412 7.98852 6.51021 5.78927 4.13703 5.75465 7.01948 8.37613 9.00777 7.94113 7.40689 8.33706 9.26189 9.62813 10.5626 10.5487 10.2377 8.91276 8.26442 8.53202 8.25088 7.76184 6.57525 6.51751 5.75299 5.43284 5.12983 4.14657 4.75543 4.81041 4.9647 6.28665 6.94057 7.3724 7.76496 7.8644 8.03272 8.25283 8.26848 8.27262 8.26784 8.26836 8.2482 8.18066 8.12308 7.81169 7.26327 6.24324 4.58308 5.73988 6.94975 7.30482 7.64886 7.82866
-9999 -9999 -9999 -9999 -9999 -9999 -9999 2.35876 4.62806 6.99689 7.98505 8.14965 10.4602 11.8735 11.8722 11.6009 11.2846 9.83537 9.91642 9.62341 8.28937 6.34788 4.21579 4.41067 5.66536 7.45262 8.04243 6.28793 5.66752 6.11437 7.51573 8.76973 10.0795 10.4085 10.0179 7.95807 5.76942 6.77778 7.85546 7.84469 7.52218 6.42103 6.06757 5.74681 4.94119 3.57563 3.76042 4.13051 5.62655 6.09935 6.83329 7.4421 7.20517 7.33565 7.91866 8.25142 8.2599 8.26185 8.26901 8.25738 8.23339 8.10234 7.96372 7.73365 6.31003 5.42312 4.13234 5.6145 6.43791 6.86586 7.65002 7.8343
-9999 -9999 -9999 -9999 -9999 -9999 -9999 1.65158 3.29732 5.56134 6.47151 7.92563 10.1089 11.1808 11.6927 11.6776 11.4655 10.8144 10.4213 9.65043 8.26273 6.3666 4.25917 2.88546 3.57649 5.97713 6.53867 4.92495 4.10342 5.11446 6.60834 8.82296 10.0862 10.2526 10.1331 9.70453 8.10529 6.17404 6.17583 7.13721 6.32368 5.37875 5.89007 5.78867 4.99311 4.4126 4.04266 4.24856 5.10005 5.45086 6.29967 7.55542 7.73083 7.69004 8.2163 8.23835 8.24642 8.26227 8.25753 8.24861 8.22863 8.12089 7.88451 6.93549 6.10729 4.95667 4.81048 6.12586 6.70027 7.23179 7.61445 7.73665
-9999 -9999 -9999 -9999 -9999 -9999 -9999 0.436608 2.37357 4.49421 6.47965 8.35788 9.9739 10.0954 10.9459 10.941 11.3848 11.2526 10.6486 9.99856 8.80222 6.36759 4.31948 2.0861 2.66864 5.12341 5.42481 4.34411 2.3522 4.3981 6.65498 8.70005 9.8049 8.92997 9.81687 9.73887 9.13665 7.98501 6.19693 6.22566 4.88414 4.82062 5.50134 5.71829 5.59794 5.1606 4.46019 4.5576 5.07005 5.19747 5.97705 6.94997 7.90125 8.05697 8.23464 8.23792 8.2365 8.24714 8.24487 8.22079 8.1677 8.05507 7.25875 6.31245 5.72774 4.9246 4.82311 6.3507 6.9463 7.27647 7.60639 7.73428
-9999 -9999 -9999 -9999 -9999 -9999 -9999 -9999 2.17136 4.36234 5.98265 6.41628 7.85232 8.62602 9.22385 9.35335 11.066 11.1566 10.7721 10.1745 9.15338 7.30471 6.01508 3.87254 2.331 2.94149 3.22131 3.78044 3.60854 4.51806 6.68665 8.94631 9.18842 7.74488 7.95314 8.24937 8.91919 8.57207 6.13736 4.89774 3.86772 4.59004 5.34996 5.52925 5.56015 5.40606 5.21621 4.90359 5.92157 6.67335 6.8432 7.49835 7.98083 8.11047 8.20713 8.21504 8.22336 8.21925 8.18663 8.16184 8.03521 7.75662 6.86626 4.73102 4.82593 4.59076 3.92314 5.41258 6.33757 7.17943 7.62481 7.73673
-9999 -9999 -9999 -9999 -9999 -9999 -9999 -9999 1.43741 3.97306 4.5058 4.46233 3.61797 4.00134 7.11439 7.73814 9.38045 10.9352 10.8164 10.2299 9.27406 8.17099 6.46567 4.05651 2.14109 1.32173 3.36289 5.36851 5.77992 6.41917 7.74604 7.99417 6.51896 5.13534 5.90471 6.36622 8.13805 8.45733 8.10684 6.63756 4.95816 4.07859 5.1039 5.23543 5.2908 5.29636 5.24922 5.19105 6.33191 6.96463 7.40185 7.63742 8.05085 8.15289 8.18233 8.20997 8.19795 8.17202 8.10161 8.02215 7.68663 7.28128 5.82552 4.61096 3.85171 2.88908 5.04254 5.67336 6.54957 7.10908 7.55182 7.64541
