Test_Spring_2018/11_17/Temp/20171114_000.txt
ncols	170
nrows	115
xllcorner	350000.000000
yllcorner	4445000.000000
cellsize	1000.000000
nodata_value	-9999.000000
[rows 32 to 63 of 115, columns 72 to 143 of 170]
13.4305 13.0808 13.611 14.0986 13.7795 13.5736 14.3721 14.3675 14.0871 13.4346 13.1926 12.9421 12.7872 11.9522 9.61614 7.51004 8.63377 8.65756 7.87553 9.26987 8.52888 6.6005 3.87935 5.35346 4.96554 3.03323 2.55371 -9999 -9999 -9999 -9999 -9999 -9999 -9999 -9999 -9999 -9999 -9999 -9999 -9999 -9999 -9999 -9999 -9999 -9999 -9999 -9999 -9999 -9999 -9999 -9999 -9999 -9999 -9999 -9999 -9999 -9999 -9999 -9999 -9999 -9999 -9999 -9999 -9999 -9999 -9999 -9999 -9999 -9999 -9999 -9999 -9999
12.9686 12.816 13.606 13.585 13.5236 13.7955 14.2882 14.3839 14.2721 13.9853 13.7367 13.4726 12.8085 11.854 9.85423 7.45738 6.91135 8.07973 8.13284 8.31801 7.64215 6.79394 5.46873 6.54765 6.96437 5.69911 4.02895 2.95857 -9999 -9999 -9999 -9999 -9999 -9999 -9999 -9999 -9999 -9999 -9999 -9999 -9999 -9999 -9999 -9999 -9999 -9999 -9999 -9999 -9999 -9999 -9999 -9999 -9999 -9999 -9999 -9999 -9999 -9999 -9999 -9999 -9999 -9999 -9999 -9999 -9999 -9999 -9999 -9999 -9999 -9999 -9999 -9999
12.4176 11.6432 12.1175 12.4725 13.1226 13.2797 13.3752 14.3182 14.264 14.2163 13.8082 13.4812 12.9419 12.0232 10.7167 9.1443 6.40892 8.09035 9.40622 9.36907 9.29335 8.69783 7.42424 8.48286 8.52881 6.90941 5.05637 3.96973 3.51851 -9999 -9999 -9999 -9999 -9999 -9999 -9999 -9999 -9999 -9999 -9999 -9999 -9999 -9999 -9999 -9999 -9999 -9999 -9999 -9999 -9999 -9999 -9999 -9999 -9999 -9999 -9999 -9999 -9999 -9999 -9999 -9999 -9999 -9999 -9999 -9999 -9999 -9999 -9999 -9999 -9999 -9999 -9999
11.7911 10.8459 11.323 11.9611 12.8591 13.3128 13.6589 13.9382 14.2232 14.1855 13.7681 12.5421 12.3643 12.3082 11.4526 9.6605 7.87064 7.40443 9.41332 9.98566 9.86449 10.3099 9.23017 9.73439 9.52172 8.94209 7.1708 5.54463 4.87322 3.54973 -9999 -9999 -9999 -9999 -9999 -9999 -9999 -9999 -9999 -9999 -9999 -9999 -9999 -9999 -9999 -9999 -9999 -9999 -9999 -9999 -9999 -9999 -9999 -9999 -9999 -9999 -9999 -9999 -9999 -9999 -9999 -9999 -9999 -9999 -9999 -9999 -9999 -9999 -9999 -9999 -9999 -9999
-9999 -9999 10.2501 11.1158 11.8318 12.7068 13.4605 13.8401 14.2089 14.1755 13.3449 12.937 12.8986 12.3371 11.35 10.7292 9.60099 8.4255 8.86943 10.5816 9.81413 11.0257 10.9183 11.1372 10.3198 8.77188 6.7155 5.50404 4.90282 3.82959 -9999 -9999 -9999 -9999 -9999 -9999 -9999 -9999 -9999 -9999 -9999 -9999 -9999 -9999 -9999 -9999 -9999 -9999 -9999 -9999 -9999 -9999 -9999 -9999 -9999 -9999 -9999 -9999 -9999 -9999 -9999 -9999 -9999 -9999 -9999 -9999 -9999 -9999 -9999 -9999 -9999 -9999
-9999 -9999 -9999 10.9551 11.499 12.6797 13.2744 13.5194 14.1167 14.1148 13.7983 13.5588 13.2126 12.7612 12.0187 11.1996 10.1383 10.0368 11.1306 11.14 10.9062 11.0817 11.6409 11.4872 10.2214 8.0457 6.89341 4.55449 3.55214 3.65104 2.94004 -9999 -9999 -9999 -9999 -9999 -9999 -9999 -9999 -9999 -9999 -9999 -9999 5.62915 -9999 -9999 -9999 -9999 -9999 -9999 -9999 -9999 -9999 -9999 -9999 -9999 -9999 -9999 -9999 -9999 -9999 -9999 -9999 -9999 1.35362 -9999 -9999 -9999 -9999 -9999 -9999 -9999
-9999 -9999 10.8579 11.5838 12.1552 12.8936 12.9546 13.3871 14.0745 14.0816 13.8565 13.6027 13.0353 12.8927 12.469 11.58 11.3954 11.7508 11.9121 12.0952 12.2059 12.1072 11.8736 11.573 10.7531 9.7407 9.0596 6.92863 5.84088 4.80659 3.24334 2.02004 -9999 -9999 -9999 -9999 -9999 -9999 -9999 4.81517 4.75603 4.7826 5.12368 6.06721 5.51107 -9999 -9999 -9999 -9999 -9999 -9999 -9999 -9999 -9999 -9999 -9999 -9999 -9999 -9999 -9999 -9999 -9999 -9999 -9999 2.19718 0.968217 -9999 -9999 -9999 -9999 -9999 -9999
-9999 -9999 11.0492 11.8226 12.2065 12.9234 13.3319 13.5867 13.823 14.049 14.008 13.7276 13.3024 13.3028 12.7174 12.4002 12.1725 12.6545 12.7463 12.5468 12.2974 12.0759 11.4591 11.3827 11.1746 10.5296 9.47476 8.38824 6.82016 4.69859 2.61831 0.940074 -9999 -9999 -9999 -9999 -9999 -9999 4.98902 5.77237 6.24119 5.24043 6.09305 6.87221 6.74619 5.98799 -9999 -9999 -9999 -9999 -9999 -9999 -9999 -9999 -9999 -9999 -9999 -9999 -9999 -9999 8.01276 6.75311 4.20889 2.90475 2.12223 1.00487 -9999 -9999 -9999 -9999 -9999 -9999
-9999 -9999 10.8937 11.8078 12.4257 12.9739 13.0581 13.617 13.8544 13.9746 13.9579 13.9007 13.8208 13.31 13.0889 12.3173 13.0497 13.0181 12.8276 12.0858 11.761 10.49 9.92719 9.79365 10.8515 10.0588 8.41068 6.35217 3.87436 3.71352 2.89382 1.39338 -9999 -9999 -9999 -9999 -9999 -9999 5.22825 6.06616 6.76533 6.86598 5.8711 7.25644 7.20174 6.42385 6.24563 6.87946 7.19947 6.95297 7.71595 7.93593 7.59073 7.96421 -9999 -9999 -9999 -9999 8.17886 8.22908 8.26716 7.74231 4.963 3.06483 1.36021 1.20526 -9999 -9999 -9999 -9999 -9999 -9999
-9999 -9999 11.5289 12.0894 12.3704 12.412 12.9039 13.3916 13.6876 13.9113 13.8643 13.8442 13.8231 13.6472 13.2408 13.311 13.2753 13.0358 11.6287 9.98639 10.695 9.71268 7.62588 9.30739 10.2296 9.33169 7.33534 5.02186 4.25545 4.28601 3.14716 1.68612 -9999 -9999 -9999 2.93682 4.13695 4.24021 4.5933 5.71148 6.56183 7.1995 7.63501 7.62144 7.15735 6.39614 5.56872 5.86009 7.34124 7.70009 8.00377 8.23139 7.91031 8.07331 8.46747 8.67014 8.70971 8.61475 8.59224 8.62393 8.57622 8.08651 5.60128 4.1787 3.27109 1.44926 -9999 -9999 -9999 -9999 -9999 -9999
-9999 -9999 11.1765 11.6631 12.0563 12.7103 12.7759 13.1909 13.433 13.7947 13.8344 13.4001 13.756 13.7081 13.6394 13.4953 13.2846 12.0967 10.4601 8.81886 8.05799 8.37517 7.11692 7.75015 8.68451 8.32838 7.1033 5.04135 4.74585 4.25805 2.34789 0.506617 -9999 -9999 0.603209 2.90707 4.52904 5.36519 5.62346 5.64727 6.71901 6.80202 7.95568 7.68543 6.15489 6.32436 5.72392 6.10599 6.64659 6.79265 7.56872 8.32327 8.46234 8.46256 8.71226 8.76158 8.77276 8.76449 8.59204 8.66974 8.68154 8.37635 6.57535 5.69734 4.73202 1.46537 -9999 -9999 -9999 -9999 -9999 -9999
-9999 -9999 11.4279 11.9725 12.5697 12.6621 13.1038 13.0488 12.9155 13.5355 13.7569 13.45 13.2288 13.6324 13.6026 13.5467 13.4553 12.3389 11.0467 9.09194 7.87482 7.12879 6.59594 5.88439 6.36068 6.20572 6.00057 6.22179 5.64524 4.5076 3.38568 1.29278 0.158148 -9999 0.72278 1.76142 3.6908 5.3305 6.37109 5.99549 7.21441 7.43952 8.14335 7.72861 6.79809 6.39615 6.35794 6.23311 7.05149 7.59752 7.9807 8.23809 8.56325 8.64238 8.72211 8.7539 8.77038 8.78767 8.78225 8.77514 8.73856 8.62406 7.79631 6.92188 5.0279 1.56656 -9999 -9999 -9999 -9999 -9999 -9999
-9999 9.83184 11.3626 12.2796 12.6311 12.8835 13.1057 13.2656 13.4318 13.5862 13.6954 13.643 12.8333 12.898 13.0418 13.4987 13.4633 13.3593 12.6509 10.2734 9.44856 8.24435 6.68598 6.02748 6.34422 7.6088 7.54475 6.69541 5.74999 4.4419 3.60658 2.32008 -0.143709 0.0746872 1.18123 2.00448 3.31529 5.31998 6.7251 7.3516 7.58758 8.0817 8.33744 7.76855 7.22643 6.99725 6.57449 6.51211 6.51183 7.00449 7.38473 8.2403 8.52677 8.65862 8.72287 8.75627 8.78028 8.80449 8.81235 8.79524 8.79611 8.78974 8.73079 7.5646 4.64287 2.44442 -9999 -9999 -9999 -9999 -9999 -9999
-9999 -9999 11.0752 11.4749 11.575 11.7551 12.1304 12.5643 13.1796 13.2563 13.5961 13.59 12.89 12.0842 12.7839 13.0605 13.3466 13.352 13.2572 11.2587 10.2101 9.38273 7.88806 8.41457 8.91676 8.94779 8.63258 6.81918 5.01341 2.9289 0.985848 0.888215 -0.161339 0.388598 1.11866 2.99751 4.31962 4.8552 5.23975 7.27806 7.80819 7.98875 8.5094 7.79583 7.61268 7.07523 7.23141 7.18138 7.1809 5.69505 7.17489 7.25897 8.22375 8.65414 8.75141 8.77528 8.80149 8.80428 8.80879 8.80391 8.81383 8.80052 8.78408 8.0262 4.32356 2.46548 -9999 -9999 -9999 -9999 -9999 -9999
-9999 -9999 -9999 -9999 11.1887 11.4924 11.6854 12.0239 13.0701 13.3502 13.5358 13.5495 13.2369 12.4371 12.2262 12.3706 11.591 12.2381 13.1241 13.0972 12.9837 11.2248 10.3188 11.1793 10.9076 9.58205 8.53723 7.50608 5.39283 3.84056 1.61423 -0.058383 -0.125721 1.71066 3.23567 5.13693 5.97524 5.49616 6.01311 7.02525 8.17499 8.73037 8.59797 7.84588 7.73791 6.91042 7.71834 7.78447 7.40372 7.07381 7.19671 7.67187 7.85069 8.60463 8.78462 8.81429 8.81763 8.81896 8.81464 8.80991 8.80055 8.79313 8.78331 8.74999 4.94401 1.98378 -9999 -9999 -9999 -9999 -9999 -9999
-9999 -9999 -9999 -9999 10.4546 10.6372 11.1274 12.3957 13.0551 13.3207 13.3086 13.4307 13.2096 12.5069 11.7856 11.1055 10.2283 10.7261 12.0466 12.8227 12.906 11.3634 12.1537 11.8467 11.2487 9.51746 8.23948 7.55827 5.52892 3.78722 2.30384 0.258719 1.12644 2.08341 3.31453 5.38876 6.78837 7.36294 6.87914 7.5261 8.84935 8.85596 8.13084 8.17646 7.73253 6.60256 7.77347 8.10043 7.83042 7.89537 7.78912 7.96338 8.28424 8.59118 8.79432 8.81913 8.81984 8.81123 8.80973 8.80987 8.79533 8.79701 8.78717 8.7687 6.31235 1.92236 -9999 -9999 -9999 -9999 -9999 -9999
-9999 -9999 -9999 -9999 -9999 9.7803 10.9061 12.5912 13.0031 12.961 13.3069 13.3344 12.9959 12.7022 11.8271 10.6322 8.33768 8.91911 10.1345 11.8877 12.8062 12.6756 12.1525 11.2523 9.08444 7.18608 6.94841 6.63093 5.14772 3.80387 2.15522 3.10115 4.1387 5.27513 5.87123 5.71339 6.91244 7.89023 7.474 8.26782 9.19395 8.77304 8.52353 8.31357 7.80095 7.76779 7.8182 8.48148 8.01656 8.29592 8.2961 8.27609 8.43008 8.60814 8.79574 8.82392 8.82175 8.82299 8.79954 8.80681 8.79589 8.78559 8.77651 8.76071 8.53917 6.17504 4.76173 -9999 -9999 -9999 -9999 -9999
-9999 -9999 -9999 -9999 -9999 8.73345 9.29203 11.2887 11.8991 12.7797 13.2459 13.2647 12.6947 12.3764 11.0732 10.6495 8.5273 7.564 8.3756 8.05962 10.4747 12.6105 12.1354 7.80533 6.23196 5.10731 5.38619 5.38097 4.96254 2.68221 2.05021 4.07694 5.35178 6.33929 7.0883 7.24268 7.21523 8.7453 8.9479 9.4448 9.33611 9.3815 8.60757 8.12786 8.54269 8.05843 7.97333 8.65867 7.97687 8.58625 8.50695 8.31889 8.30536 8.70565 8.78398 8.82399 8.82392 8.80614 8.78446 8.77231 8.78541 8.77979 8.75815 8.76016 8.73898 8.45869 7.23495 6.80718 7.28097 -9999 -9999 -9999
-9999 -9999 -9999 -9999 -9999 -9999 7.42219 10.1992 11.4623 12.1261 13.063 13.1733 12.8694 12.3197 10.9919 9.82428 7.92699 5.76023 4.60839 8.03693 11.0197 12.5736 12.3599 8.75465 7.32721 7.2538 8.08252 7.36907 6.82625 5.09088 4.56917 3.8471 4.28377 5.66208 6.78743 7.87387 8.66383 8.72732 9.24031 9.53436 9.55792 9.64957 9.55765 9.4821 8.7332 9.24622 8.80633 9.03528 8.88239 8.74371 8.62088 8.19031 8.48804 8.75143 8.81684 8.83448 8.81569 8.80987 8.7971 8.77115 8.75995 8.7585 8.75654 8.74355 8.74399 8.73174 8.59488 7.85832 6.87185 5.62524 -9999 -9999
-9999 -9999 -9999 -9999 -9999 -9999 6.02959 8.79306 10.1191 11.8324 12.7137 13.0686 13.0183 12.5722 11.5627 10.0445 8.77959 6.36086 3.84916 7.44651 10.6493 12.3762 12.4625 9.42915 10.2606 9.57594 9.84202 8.59424 8.07171 7.65393 6.75722 5.77778 4.7081 4.13993 6.67089 7.96963 9.01496 9.50741 9.78557 9.92411 9.84595 9.65646 8.52978 9.38633 9.33731 9.2495 9.14877 9.09823 9.0059 8.89746 8.82887 8.80317 8.5161 8.83405 8.82201 8.82308 8.82184 8.81125 8.79363 8.77853 8.76056 8.75864 8.75053 8.73988 8.73263 8.7296 8.72063 8.67996 8.48375 6.80996 5.8081 5.52545
-9999 -9999 -9999 -9999 -9999 -9999 2.13638 6.15934 9.39099 11.077 12.4483 12.8227 12.9608 12.363 11.9156 10.8266 9.79542 8.2055 5.82476 4.35768 7.04825 10.965 12.4016 12.2795 12.1826 11.3925 10.6796 10.5835 10.6297 9.79769 8.59606 7.02574 6.53188 5.97916 7.86329 8.11644 7.97626 10.0501 10.0535 9.93441 9.13912 8.24544 8.4123 7.86361 8.28168 7.62309 8.22347 8.74172 8.93298 8.91308 8.83707 8.82591 8.79063 8.84084 8.83628 8.82406 8.8144 8.80842 8.79886 8.77339 8.75872 8.76674 8.74732 8.73442 8.72655 8.72573 8.72111 8.69075 8.66284 8.40461 8.01658 7.27725
-9999 -9999 -9999 -9999 -9999 -9999 2.3101 5.68954 8.55828 10.2764 11.9294 12.3101 12.866 12.7423 12.2736 11.3265 10.1439 8.83483 6.7919 5.27258 7.07341 9.66844 11.528 12.187 12.1698 12.1185 11.9348 11.858 11.6448 11.487 10.6222 9.13763 8.29754 7.07106 9.17112 9.40402 9.07233 10.1202 10.0658 8.47643 7.25408 7.10038 7.83905 7.12832 6.99972 6.56006 7.05559 8.38815 7.99693 8.06996 8.6684 8.76416 8.82183 8.83527 8.82754 8.82149 8.80847 8.80775 8.80742 8.78223 8.7701 8.76376 8.73995 8.73181 8.71505 8.70382 8.69755 8.68085 8.65522 8.58099 8.49521 8.57747
-9999 -9999 -9999 -9999 -9999 -9999 2.38377 4.64699 7.22822 9.7606 11.5261 12.2361 12.7524 12.7437 12.199 11.7268 10.9844 9.83221 9.04099 7.669 5.78674 8.93329 9.88993 10.743 11.1045 11.9968 11.9681 11.5493 11.0545 11.4918 11.3536 10.1785 9.78884 9.13496 10.3012 10.3005 10.2652 10.2 8.85647 6.99 5.49784 6.56852 6.34242 6.82739 5.29797 6.55321 7.56002 7.88416 7.19909 6.68588 8.25366 8.50805 8.65948 8.75533 8.81731 8.79853 8.812 8.80051 8.79404 8.78744 8.77267 8.7634 8.74872 8.73377 8.71559 8.70604 8.6873 8.65897 8.65664 8.62239 8.60605 8.59036
-9999 -9999 -9999 -9999 -9999 -9999 -9999 3.30685 6.57779 9.50006 11.1251 12.1457 12.641 12.6283 12.348 12.0262 11.5646 10.7324 9.68777 8.03838 6.81291 7.58525 8.52196 8.61893 9.24294 11.0628 11.6802 10.7895 8.59171 9.87318 11.306 11.2768 11.1487 11.0066 10.8233 10.6613 10.3117 9.38063 6.53416 5.97567 4.85814 4.98305 4.40865 5.65056 5.17875 6.45998 7.01325 7.21982 6.02866 6.27239 7.66117 8.21001 8.11501 8.45085 8.7753 8.78316 8.79 8.77951 8.78468 8.78573 8.77904 8.75913 8.74713 8.73801 8.70581 8.70889 8.60218 8.53258 8.39247 8.56411 8.57987 8.58846
-9999 -9999 -9999 -9999 -9999 -9999 -9999 2.64934 5.91647 9.35907 10.4614 11.5621 12.5117 12.5267 12.0999 11.6942 11.2765 10.8014 9.53468 8.30604 7.13265 6.73623 6.96789 6.93323 7.94652 10.3197 10.7742 10.5715 8.27446 7.49571 9.41217 11.0222 11.1443 10.9931 9.08779 9.48911 8.46036 7.06668 6.68151 6.07055 4.78194 5.39913 4.4545 4.85603 4.73699 5.46302 5.81523 6.67891 5.6404 5.63778 7.00106 7.68881 7.70305 8.42535 8.68125 8.74659 8.76148 8.77179 8.77323 8.78316 8.77518 8.76336 8.74817 8.71254 8.62904 8.36887 6.99418 6.99511 7.37193 7.72856 8.37713 8.56087
-9999 -9999 -9999 -9999 -9999 -9999 -9999 3.02438 5.29028 8.34462 10.6061 10.7443 11.842 12.407 11.9432 11.4216 10.8881 10.6533 9.27467 7.7605 6.53627 5.0875 5.32145 6.35451 8.03394 9.56512 9.83418 9.51068 8.27314 8.84555 10.151 10.8419 11.0423 10.8762 10.458 10.2151 9.4566 9.12638 8.07484 6.4323 5.78394 6.19069 4.44699 4.56597 5.20687 4.51103 5.63541 6.17165 4.83167 5.88303 7.09119 7.70741 8.24592 8.49945 8.59905 8.75336 8.75539 8.76666 8.77212 8.76828 8.76679 8.74005 8.71773 8.57035 8.35358 7.06977 6.53103 6.63493 7.22692 7.74523 8.28886 8.51043
-9999 -9999 -9999 -9999 -9999 -9999 -9999 3.40803 5.44789 8.09579 9.70707 9.99208 11.2099 12.2925 12.1677 11.625 11.4576 10.8954 9.72553 8.43359 7.02159 6.33308 4.75478 6.30018 7.50822 8.80429 9.40765 8.38823 7.87795 8.76667 9.65032 10.0004 10.8934 10.8806 10.5841 9.31915 8.70082 8.95777 8.69074 8.22534 7.09377 7.04083 6.31286 6.00956 5.72272 4.78825 5.3729 5.42836 5.58119 6.84795 7.47528 7.89026 8.26758 8.3647 8.52748 8.73964 8.75639 8.76211 8.75929 8.76157 8.74415 8.68154 8.62854 8.33317 7.81147 6.83931 5.26152 6.36929 7.52776 7.87477 8.21023 8.38433
-9999 -9999 -9999 -9999 -9999 -9999 -9999 3.05648 5.2239 7.4865 8.43018 8.58719 10.7944 12.1445 12.1434 11.8843 11.5823 10.1981 10.2758 9.99616 8.72194 6.86734 4.83059 5.0168 6.21676 7.92258 8.48604 6.80967 6.21719 6.6443 7.98333 9.18165 10.4333 10.7482 10.3758 8.4088 6.31898 7.28357 8.31461 8.30601 7.99979 6.94989 6.61443 6.31035 5.54316 4.24416 4.42255 4.77887 6.21462 6.66894 7.37261 7.9566 7.73249 7.85925 8.41821 8.73801 8.74795 8.7516 8.76023 8.75093 8.72986 8.60657 8.47613 8.2584 6.90052 6.05546 4.8285 6.24909 7.03824 7.45948 8.21098 8.38931
-9999 -9999 -9999 -9999 -9999 -9999 -9999 2.38108 3.95296 6.11556 6.98487 8.37391 10.4596 11.4836 11.9728 11.9585 11.756 11.1343 10.759 10.0227 8.69719 6.88588 4.87266 3.56033 4.22046 6.51356 7.05208 5.50837 4.72383 5.69002 7.11755 9.23369 10.4411 10.6006 10.4872 10.0787 8.55202 6.70828 6.71142 7.63146 6.85604 5.95524 6.44579 6.3511 5.59336 5.04112 4.69243 4.89448 5.71173 6.0494 6.86273 8.06471 8.23448 8.19761 8.70236 8.72534 8.7349 8.75185 8.74913 8.74242 8.72518 8.62414 8.40028 7.49567 6.70656 5.60949 5.47204 6.73719 7.29394 7.80875 8.17662 8.29562
-9999 -9999 -9999 -9999 -9999 -9999 -9999 1.22056 3.07079 5.09656 6.99322 8.78754 10.3314 10.4475 11.2602 11.2557 11.6798 11.5538 10.9769 10.3561 9.21331 6.88751 4.93093 2.79731 3.3538 5.70019 5.98633 4.95423 3.05164 5.00656 7.16308 9.11732 10.1734 9.33828 10.1864 10.1128 9.53859 8.43961 6.73278 6.76176 5.48183 5.42296 6.07521 6.28453 6.17171 5.75612 5.09229 5.1899 5.68319 5.80738 6.55451 7.48625 8.39722 8.54806 8.71978 8.72482 8.72532 8.73731 8.73694 8.71573 8.66685 8.56111 7.80229 6.90023 6.34368 5.57851 5.48371 6.94925 7.52869 7.85106 8.16852 8.29292
-9999 -9999 -9999 -9999 -9999 -9999 -9999 -9999 2.87791 4.971 6.51896 6.9333 8.30532 9.04461 9.61591 9.73982 11.3762 11.4629 11.0957 10.5249 9.54952 7.78347 6.55146 4.5046 3.03187 3.61794 3.88192 4.41643 4.2526 5.12193 7.19417 9.35347 9.58543 8.20713 8.40693 8.6909 9.33189 9.00148 6.67684 5.49406 4.51164 5.20342 5.93125 6.10449 6.13606 5.99099 5.81735 5.52184 6.49682 7.21742 7.38202 8.01015 8.47324 8.59915 8.69347 8.70294 8.71273 8.71061 8.68123 8.65933 8.54016 8.27585 7.42713 5.3892 5.48188 5.25927 4.62357 6.05468 6.9514 7.75794 8.18567 8.29479
-9999 -9999 -9999 -9999 -9999 -9999 -9999 -9999 2.17701 4.59948 5.10856 5.06721 4.26077 4.62724 7.60149 8.1976 9.76675 11.2522 11.1388 10.5787 9.66556 8.61177 6.98259 4.68097 2.85103 2.06791 4.0193 5.93418 6.32762 6.93878 8.20692 8.44459 7.03597 5.71493 6.45081 6.89268 8.58644 8.89264 8.5591 7.15685 5.554 4.71538 5.69667 5.82422 5.87911 5.88651 5.84651 5.79698 6.88896 7.4958 7.91581 8.1431 8.54021 8.63974 8.66983 8.69813 8.68847 8.66548 8.59997 8.52581 8.20703 7.82158 6.43269 5.27427 4.55089 3.63329 5.69264 6.30353 7.15052 7.69025 8.11545 8.20704
