Test_Spring_2018/11_17/Temp/20171103_015.txt
ncols	170
nrows	115
xllcorner	350000.000000
yllcorner	4445000.000000
cellsize	1000.000000
nodata_value	-9999.000000
[rows 32 to 63 of 115, columns 72 to 143 of 170]
15.1352 14.8677 15.2958 15.6903 15.4442 15.2896 15.9273 15.9331 15.7209 15.2146 15.0331 14.845 14.7327 14.0826 12.2456 10.5905 11.4895 11.5188 10.9108 12.0239 11.4484 9.93407 7.79284 8.96919 8.67313 7.15435 6.78926 -9999 -9999 -9999 -9999 -9999 -9999 -9999 -9999 -9999 -9999 -9999 -9999 -9999 -9999 -9999 -9999 -9999 -9999 -9999 -9999 -9999 -9999 -9999 -9999 -9999 -9999 -9999 -9999 -9999 -9999 -9999 -9999 -9999 -9999 -9999 -9999 -9999 -9999 -9999 -9999 -9999 -9999 -9999 -9999 -9999
14.7736 14.662 15.2957 15.288 15.2476 15.4692 15.8649 15.95 15.871 15.6538 15.4669 15.268 14.7529 14.0082 12.4372 10.5522 10.1308 11.0653 11.118 11.2751 10.7514 10.0915 9.05443 9.91855 10.2591 9.26784 7.96191 7.12249 -9999 -9999 -9999 -9999 -9999 -9999 -9999 -9999 -9999 -9999 -9999 -9999 -9999 -9999 -9999 -9999 -9999 -9999 -9999 -9999 -9999 -9999 -9999 -9999 -9999 -9999 -9999 -9999 -9999 -9999 -9999 -9999 -9999 -9999 -9999 -9999 -9999 -9999 -9999 -9999 -9999 -9999 -9999 -9999
14.3415 13.7384 14.1225 14.4122 14.9341 15.0621 15.1468 15.9018 15.8683 15.84 15.5268 15.278 14.8615 14.1451 13.1222 11.8892 9.73665 11.077 12.1284 12.11 12.0611 11.6013 10.6054 11.4538 11.5014 10.234 8.77597 7.92832 7.58312 -9999 -9999 -9999 -9999 -9999 -9999 -9999 -9999 -9999 -9999 -9999 -9999 -9999 -9999 -9999 -9999 -9999 -9999 -9999 -9999 -9999 -9999 -9999 -9999 -9999 -9999 -9999 -9999 -9999 -9999 -9999 -9999 -9999 -9999 -9999 -9999 -9999 -9999 -9999 -9999 -9999 -9999 -9999
13.8499 13.1118 13.4982 14.0117 14.7303 15.0947 15.375 15.6049 15.8395 15.8189 15.4982 14.5384 14.4076 14.3732 13.7069 12.3001 10.8954 10.5376 12.1373 12.6011 12.5166 12.8803 12.038 12.4482 12.2917 11.8487 10.454 9.17996 8.66088 7.62607 -9999 -9999 -9999 -9999 -9999 -9999 -9999 -9999 -9999 -9999 -9999 -9999 -9999 -9999 -9999 -9999 -9999 -9999 -9999 -9999 -9999 -9999 -9999 -9999 -9999 -9999 -9999 -9999 -9999 -9999 -9999 -9999 -9999 -9999 -9999 -9999 -9999 -9999 -9999 -9999 -9999 -9999
-9999 -9999 12.6538 13.3469 13.9188 14.6197 15.2219 15.5309 15.8316 15.8142 15.1665 14.8534 14.8327 14.3985 13.6281 13.1477 12.2663 11.3478 11.7102 13.0757 12.4804 13.4503 13.3773 13.5623 12.9279 11.7152 10.1 9.15414 8.69081 7.85412 -9999 -9999 -9999 -9999 -9999 -9999 -9999 -9999 -9999 -9999 -9999 -9999 -9999 -9999 -9999 -9999 -9999 -9999 -9999 -9999 -9999 -9999 -9999 -9999 -9999 -9999 -9999 -9999 -9999 -9999 -9999 -9999 -9999 -9999 -9999 -9999 -9999 -9999 -9999 -9999 -9999 -9999
-9999 -9999 -9999 13.2242 13.6598 14.6022 15.0785 15.2809 15.7619 15.7692 15.5279 15.3477 15.0834 14.7362 14.1592 13.522 12.6936 12.6246 13.5011 13.5204 13.3475 13.4985 13.953 13.8438 12.859 11.1466 10.248 8.4096 7.62933 7.71977 7.16961 -9999 -9999 -9999 -9999 -9999 -9999 -9999 -9999 -9999 -9999 -9999 -9999 9.44822 -9999 -9999 -9999 -9999 -9999 -9999 -9999 -9999 -9999 -9999 -9999 -9999 -9999 -9999 -9999 -9999 -9999 -9999 -9999 -9999 6.34737 -9999 -9999 -9999 -9999 -9999 -9999 -9999
-9999 -9999 13.143 13.7226 14.1831 14.7754 14.8325 15.1799 15.7319 15.746 15.5766 15.3848 14.9454 14.8423 14.5172 13.8248 13.6899 13.9824 14.1218 14.2787 14.3787 14.3133 14.1412 13.9163 13.2802 12.4927 11.9671 10.2936 9.44595 8.64052 7.41662 6.46136 -9999 -9999 -9999 -9999 -9999 -9999 -9999 8.76524 8.73022 8.76309 9.0448 9.80306 9.37557 -9999 -9999 -9999 -9999 -9999 -9999 -9999 -9999 -9999 -9999 -9999 -9999 -9999 -9999 -9999 -9999 -9999 -9999 -9999 7.02533 6.06749 -9999 -9999 -9999 -9999 -9999 -9999
-9999 -9999 13.2959 13.9162 14.2282 14.8033 15.1343 15.3415 15.5363 15.7232 15.6991 15.486 15.1587 15.1684 14.7155 14.4753 14.3064 14.6992 14.784 14.6388 14.4544 14.2924 13.8178 13.7706 13.6188 13.1223 12.3015 11.4555 10.2272 8.56223 6.92966 5.61481 -9999 -9999 -9999 -9999 -9999 -9999 8.8988 9.52996 9.91251 9.1331 9.81947 10.448 10.3608 9.78113 -9999 -9999 -9999 -9999 -9999 -9999 -9999 -9999 -9999 -9999 -9999 -9999 -9999 -9999 11.5825 10.5989 8.59978 7.58171 6.97656 6.1071 -9999 -9999 -9999 -9999 -9999 -9999
-9999 -9999 13.1782 13.9096 14.4064 14.8478 14.922 15.3681 15.5646 15.6674 15.6621 15.6252 15.5707 15.176 15.0111 14.4115 15.002 14.9889 14.8508 14.2771 14.0336 13.042 12.6107 12.5183 13.3689 12.7559 11.4664 9.85208 7.90588 7.79053 7.155 5.98088 -9999 -9999 -9999 -9999 -9999 -9999 9.09566 9.76998 10.3347 10.4264 9.65195 10.76 10.7358 10.1344 10.0073 10.5225 10.7896 10.6135 11.2319 11.4194 11.1597 11.4681 -9999 -9999 -9999 -9999 11.6998 11.7515 11.7938 11.3912 9.2061 7.71829 6.38405 6.27903 -9999 -9999 -9999 -9999 -9999 -9999
-9999 -9999 13.6861 14.1377 14.3678 14.4082 14.8044 15.1939 15.4363 15.6205 15.591 15.5831 15.5748 15.4448 15.1333 15.1994 15.1826 15.0054 13.9054 12.62 13.1941 12.4313 10.7907 12.1389 12.8826 12.187 10.6225 8.8069 8.21432 8.25069 7.36297 6.22196 -9999 -9999 -9999 7.25804 8.21857 8.31174 8.60256 9.49856 10.1829 10.6978 11.0547 11.0558 10.7088 10.1208 9.48072 9.72551 10.9112 11.2095 11.4694 11.6631 11.4227 11.5674 11.8917 12.0644 12.1078 12.0447 12.0387 12.0757 12.0501 11.6752 9.72036 8.60864 7.90478 6.48581 -9999 -9999 -9999 -9999 -9999 -9999
-9999 -9999 13.4093 13.8023 14.1211 14.6486 14.7074 15.0423 15.2375 15.5319 15.5704 15.2346 15.5242 15.4953 15.4506 15.3473 15.1922 14.2652 12.9841 11.7 11.1124 11.3737 10.3932 10.9125 11.6662 11.3998 10.4483 8.83182 8.61178 8.23935 6.74064 5.29702 -9999 -9999 5.40884 7.24213 8.53615 9.2088 9.42459 9.45517 10.3147 10.3926 11.3175 11.116 9.92524 10.0735 9.61203 9.92893 10.3753 10.5054 11.1375 11.7486 11.8719 11.8851 12.0952 12.1464 12.1673 12.1725 12.0479 12.121 12.1423 11.9133 10.5019 9.82089 9.07415 6.5095 -9999 -9999 -9999 -9999 -9999 -9999
-9999 -9999 13.6138 14.0525 14.5323 14.6126 14.9687 14.9346 14.8326 15.3294 15.5126 15.2771 15.1101 15.4379 15.424 15.3903 15.3297 14.4595 13.4511 11.9194 10.9715 10.3928 9.98644 9.44544 9.8374 9.72991 9.58237 9.7716 9.33042 8.44428 7.57003 5.92658 5.0414 -9999 5.51112 6.34379 7.88078 9.18876 10.0231 9.73783 10.7137 10.9041 11.4728 11.158 10.4416 10.1424 10.1269 10.0431 10.7051 11.1513 11.4728 11.6903 11.9613 12.0369 12.1125 12.1498 12.1746 12.1999 12.2071 12.2131 12.1959 12.1176 11.4758 10.7999 9.31662 6.59808 -9999 -9999 -9999 -9999 -9999 -9999
-9999 12.3494 13.5687 14.3016 14.5869 14.7934 14.9757 15.1085 15.2436 15.3739 15.4667 15.4333 14.8006 14.8602 14.9834 15.3554 15.3391 15.2696 14.7232 12.8576 12.2173 11.2828 10.0661 9.56445 9.83067 10.8461 10.8105 10.1535 9.41992 8.39913 7.75249 6.74762 4.81061 4.99498 5.88138 6.5436 7.59132 9.1878 10.3103 10.8174 11.0161 11.4187 11.6338 11.2012 10.7919 10.6257 10.3065 10.2724 10.2873 10.6919 11.0108 11.7014 11.9415 12.059 12.1222 12.1607 12.1913 12.2218 12.2394 12.2372 12.2496 12.2567 12.2245 11.3161 9.02437 7.30466 -9999 -9999 -9999 -9999 -9999 -9999
-9999 -9999 13.3481 13.6718 13.758 13.9071 14.2102 14.5594 15.0495 15.1165 15.3918 15.3948 14.8495 14.2206 14.7833 15.0126 15.2507 15.2679 15.2069 13.6408 12.827 12.1885 11.0225 11.4583 11.8715 11.9118 11.6779 10.2588 8.84509 7.21047 5.68712 5.6225 4.8051 5.25104 5.83963 7.33646 8.39298 8.82762 9.14304 10.7665 11.1974 11.3553 11.7806 11.2304 11.105 10.6953 10.8342 10.8101 10.8252 9.66541 10.8539 10.9344 11.7108 12.0643 12.1536 12.1844 12.2165 12.2299 12.2446 12.252 12.2715 12.2742 12.2771 11.6924 8.77976 7.32942 -9999 -9999 -9999 -9999 -9999 -9999
-9999 -9999 -9999 -9999 13.459 13.7057 13.8645 14.138 14.9687 15.1964 15.3496 15.3675 15.1279 14.5045 14.3471 14.4719 13.8673 14.3928 15.1065 15.1002 15.0261 13.6512 12.954 13.6511 13.4526 12.4205 11.6099 10.8095 9.15282 7.9392 6.19189 4.88182 4.84059 6.3043 7.52142 9.03586 9.7097 9.34187 9.76192 10.575 11.4967 11.9491 11.8581 11.2776 11.2117 10.5729 11.2275 11.2955 11.01 10.7645 10.8799 11.2697 11.4245 12.0336 12.1882 12.2235 12.2374 12.2495 12.2571 12.2645 12.2706 12.2778 12.2839 12.2723 9.27827 6.95657 -9999 -9999 -9999 -9999 -9999 -9999
-9999 -9999 -9999 -9999 12.8853 13.0361 13.4298 14.4385 14.9632 15.1795 15.1763 15.2798 15.1127 14.5655 14.0047 13.4775 12.7957 13.2024 14.2608 14.8895 14.9712 13.7676 14.4118 14.1859 13.7296 12.3768 11.3819 10.8584 9.26813 7.90478 6.74502 5.14038 5.83855 6.60679 7.59145 9.24261 10.3602 10.8258 10.4547 10.9783 12.0374 12.0559 11.4963 11.5468 11.2153 10.3375 11.2793 11.5537 11.3559 11.4227 11.3569 11.5087 11.7758 12.0313 12.2041 12.2353 12.2471 12.2512 12.2609 12.273 12.2738 12.2882 12.2945 12.2949 10.3683 6.91613 -9999 -9999 -9999 -9999 -9999 -9999
-9999 -9999 -9999 -9999 -9999 12.3653 13.2616 14.6 14.9292 14.9021 15.1822 15.2109 14.951 14.7273 14.0449 13.1106 11.308 11.7808 12.7561 14.1576 14.8997 14.8126 14.4183 13.7233 12.0256 10.5407 10.3685 10.1327 8.97436 7.92565 6.63521 7.39583 8.22828 9.13842 9.62089 9.50694 10.466 11.2503 10.9326 11.5725 12.3176 11.9981 11.8148 11.6632 11.2775 11.2671 11.3229 11.8633 11.5114 11.7478 11.7661 11.7642 11.8992 12.0527 12.2131 12.2469 12.2563 12.2681 12.2607 12.2781 12.2818 12.287 12.294 12.2966 12.1374 10.2874 9.18754 -9999 -9999 -9999 -9999 -9999
-9999 -9999 -9999 -9999 -9999 11.5446 11.9925 13.5774 14.0637 14.7665 15.1419 15.164 14.7211 14.4785 13.4571 13.1327 11.4662 10.7178 11.3736 11.1387 13.0642 14.7693 14.4129 11.0055 9.77783 8.90466 9.1409 9.15192 8.83557 7.04628 6.55978 8.17507 9.19517 9.98756 10.591 10.7241 10.7132 11.9343 12.1061 12.5112 12.4381 12.4874 11.8894 11.5247 11.8724 11.5053 11.4539 12.0117 11.4883 11.9855 11.9409 11.806 11.8085 12.1376 12.2115 12.2546 12.2659 12.2626 12.2566 12.2588 12.2817 12.2906 12.2878 12.3046 12.304 12.1018 11.1519 10.8318 11.225 -9999 -9999 -9999
-9999 -9999 -9999 -9999 -9999 -9999 10.5214 12.7237 13.7264 14.258 15.0059 15.1006 14.8681 14.4424 13.4022 12.4895 11.0009 9.30008 8.40402 11.13 13.5042 14.7489 14.599 11.7646 10.6521 10.6101 11.281 10.7318 10.317 8.95857 8.55925 8.00084 8.35816 9.45938 10.3613 11.2313 11.8669 11.9283 12.3457 12.5905 12.622 12.708 12.6493 12.6041 12.0317 12.4531 12.1211 12.3178 12.2125 12.118 12.0389 11.7121 11.9606 12.1814 12.245 12.2716 12.2675 12.2738 12.275 12.2663 12.2702 12.2825 12.2954 12.3004 12.3168 12.3266 12.236 11.6715 10.9097 9.94226 -9999 -9999
-9999 -9999 -9999 -9999 -9999 -9999 9.42791 11.6199 12.6725 14.0345 14.736 15.0268 14.9956 14.652 13.8636 12.6738 11.6852 9.78508 7.81225 10.6721 13.221 14.6022 14.6862 12.3068 12.9803 12.4546 12.6803 11.7084 11.3095 10.9929 10.297 9.53507 8.70078 8.26489 10.2774 11.3153 12.153 12.5538 12.7856 12.9075 12.8594 12.7223 11.8454 12.5372 12.5183 12.4644 12.4004 12.3759 12.3182 12.2475 12.2112 12.2045 11.9904 12.2552 12.2592 12.271 12.2809 12.2836 12.2811 12.2811 12.2796 12.2921 12.3 12.3068 12.3171 12.334 12.3443 12.3298 12.1926 10.8869 10.1125 9.91046
-9999 -9999 -9999 -9999 -9999 -9999 6.35713 9.54551 12.1013 13.4426 14.5379 14.8424 14.9604 14.497 14.1533 13.303 12.4992 11.2543 9.38489 8.23862 10.3822 13.4946 14.6474 14.5699 14.5089 13.8995 13.3508 13.2894 13.34 12.6958 11.7578 10.5288 10.1532 9.72754 11.2287 11.44 11.3404 12.992 13.0066 12.9249 12.309 11.617 11.7632 11.3422 11.6926 11.1872 11.6773 12.1024 12.2687 12.2677 12.2256 12.2318 12.2165 12.2712 12.279 12.2804 12.2839 12.2905 12.2945 12.2866 12.2878 12.3078 12.3075 12.3126 12.3218 12.3403 12.3537 12.347 12.3423 12.1556 11.8661 11.3026
-9999 -9999 -9999 -9999 -9999 -9999 6.49808 9.17467 11.4514 12.8216 14.1373 14.4471 14.8958 14.8077 14.4473 13.7092 12.7857 11.7629 10.1603 8.97251 10.4107 12.4794 13.9649 14.505 14.5077 14.4822 14.3516 14.3038 14.1492 14.0382 13.3675 12.2101 11.5577 10.5994 12.2715 12.4671 12.2162 13.0566 13.0257 11.7814 10.8278 10.7198 11.3195 10.772 10.6905 10.3556 10.7625 11.8313 11.5384 11.6106 12.1021 12.1909 12.2531 12.2755 12.2809 12.2875 12.2885 12.2995 12.3111 12.3035 12.3069 12.3155 12.311 12.3207 12.3233 12.3336 12.3442 12.3478 12.3445 12.3028 12.2576 12.3435
-9999 -9999 -9999 -9999 -9999 -9999 6.56136 8.3584 10.4082 12.4231 13.8281 14.3988 14.8165 14.8195 14.3993 14.0368 13.4614 12.5625 11.9497 10.8781 9.40342 11.9058 12.6794 13.3726 13.6713 14.3919 14.3839 14.0671 13.6903 14.0497 13.9583 13.0415 12.7455 12.2402 13.174 13.1851 13.1688 13.1292 12.079 10.6157 9.44872 10.3088 10.1439 10.5436 9.35439 10.3636 11.175 11.4463 10.9159 10.5243 11.7824 12.0015 12.1335 12.2213 12.282 12.2787 12.301 12.3036 12.3106 12.3179 12.3193 12.3256 12.3283 12.3313 12.3338 12.3452 12.3468 12.3473 12.3623 12.3493 12.3524 12.3608
-9999 -9999 -9999 -9999 -9999 -9999 -9999 7.30349 9.9034 12.2235 13.518 14.3347 14.7363 14.7365 14.5256 14.2822 13.9288 13.2829 12.4694 11.1781 10.2225 10.8471 11.605 11.7004 12.2085 13.6622 14.1649 13.4746 11.7505 12.7831 13.9291 13.9187 13.8296 13.7292 13.596 13.4797 13.2151 12.4909 10.2524 9.82375 8.95316 9.06544 8.62506 9.6238 9.27124 10.2994 10.7518 10.9299 10.0024 10.2148 11.332 11.7787 11.7158 11.9933 12.2583 12.2763 12.2935 12.2972 12.3136 12.3271 12.3349 12.3368 12.3418 12.3496 12.3418 12.3631 12.295 12.2564 12.1619 12.3137 12.3419 12.37
-9999 -9999 -9999 -9999 -9999 -9999 -9999 6.79606 9.38914 12.1211 13.0026 13.883 14.6442 14.6665 14.3399 14.0303 13.7116 13.3481 12.3588 11.4001 10.4855 10.1856 10.3826 10.3771 11.1927 13.0836 13.4572 13.3108 11.5143 10.9119 12.4404 13.7262 13.8351 13.7278 12.2331 12.5625 11.7611 10.6713 10.3792 9.90887 8.90298 9.40446 8.67118 9.00266 8.93185 9.52064 9.81377 10.5112 9.70421 9.72195 10.8195 11.3761 11.3997 11.9831 12.1974 12.261 12.2847 12.3051 12.3188 12.3396 12.3466 12.3511 12.3535 12.3401 12.2892 12.1016 11.0331 11.0497 11.3635 11.6611 12.1957 12.3559
-9999 -9999 -9999 -9999 -9999 -9999 -9999 7.10079 8.90251 11.3278 13.1263 13.2459 14.1245 14.582 14.2262 13.8251 13.415 13.2413 12.1636 10.979 10.0239 8.89163 9.09019 9.92082 11.2713 12.4961 12.7227 12.4806 11.5223 11.9883 13.0337 13.5927 13.7637 13.6447 13.3262 13.1463 12.5588 12.3101 11.4911 10.2051 9.70549 10.0405 8.67519 8.78306 9.30381 8.7776 9.68108 10.1194 9.07376 9.93191 10.9004 11.4006 11.839 12.0518 12.1427 12.2769 12.2907 12.312 12.329 12.339 12.3512 12.3438 12.3403 12.2382 12.0816 11.0815 10.6766 10.7742 11.2576 11.6827 12.1347 12.324
-9999 -9999 -9999 -9999 -9999 -9999 -9999 7.41217 9.03552 11.1398 12.4244 12.6604 13.6342 14.5013 14.4138 13.9961 13.8755 13.443 12.5303 11.5213 10.4176 9.88633 8.6516 9.88717 10.865 11.9037 12.3944 11.609 11.2191 11.9351 12.647 12.9366 13.6554 13.6577 13.4356 12.4477 11.9712 12.1869 11.9884 11.6332 10.7515 10.7229 10.1607 9.93448 9.72142 9.0067 9.48315 9.54104 9.68287 10.7048 11.2141 11.5552 11.8662 11.9555 12.0966 12.2768 12.3024 12.3195 12.33 12.3448 12.3444 12.3085 12.2806 12.0612 11.6632 10.9092 9.68258 10.5736 11.5046 11.7948 12.0811 12.2326
-9999 -9999 -9999 -9999 -9999 -9999 -9999 7.14202 8.86661 10.6665 11.4235 11.5586 13.315 14.3939 14.4043 14.2111 13.9841 12.9016 12.9753 12.7668 11.772 10.3184 8.721 8.8816 9.84852 11.2157 11.6748 10.3702 9.91514 10.2662 11.3382 12.2987 13.3012 13.5628 13.2808 11.7379 10.0978 10.8732 11.7012 11.7073 11.4782 10.6611 10.4092 10.1823 9.58921 8.58215 8.74142 9.03708 10.2006 10.5733 11.143 11.6178 11.4534 11.5663 12.0209 12.2863 12.3067 12.3223 12.3419 12.3476 12.3442 12.2602 12.1708 12.0127 10.9531 10.2993 9.34632 10.4881 11.1267 11.4823 12.0905 12.2451
-9999 -9999 -9999 -9999 -9999 -9999 -9999 6.61562 7.86961 9.59077 10.2893 11.3988 13.0594 13.8806 14.2789 14.2793 14.1311 13.6515 13.3671 12.7974 11.7619 10.3425 8.76363 7.73911 8.27447 10.1108 10.5573 9.35061 8.74372 9.52111 10.6631 12.3495 13.3171 13.456 13.379 13.0686 11.8738 10.4285 10.4437 11.1841 10.5839 9.88472 10.2859 10.2245 9.63878 9.21568 8.96472 9.14579 9.81307 10.0935 10.75 11.7136 11.8608 11.8444 12.2563 12.2871 12.3074 12.3335 12.3442 12.3519 12.3515 12.285 12.1215 11.42 10.81 9.95666 9.86227 10.8838 11.3394 11.7678 12.0724 12.1799
-9999 -9999 -9999 -9999 -9999 -9999 -9999 5.70548 7.1799 8.79315 10.3043 11.7346 12.967 13.0703 13.7246 13.7329 14.0802 13.9927 13.5488 13.0704 12.1794 10.3531 8.81896 7.14494 7.59831 9.47167 9.72446 8.92195 7.43097 8.99027 10.7088 12.2673 13.1154 12.4678 13.1512 13.1057 12.6643 11.8079 10.4709 10.5066 9.50742 9.47394 10.0029 10.1818 10.1061 9.79098 9.28608 9.38949 9.80067 9.91236 10.5165 11.2665 12 12.1322 12.2809 12.2976 12.3108 12.3331 12.3456 12.3418 12.3163 12.2459 11.6593 10.9596 10.5333 9.94221 9.88134 11.0569 11.5346 11.8107 12.0752 12.1869
-9999 -9999 -9999 -9999 -9999 -9999 -9999 -9999 7.03514 8.7019 9.9376 10.2769 11.3735 11.9698 12.4333 12.5432 13.8493 13.93 13.6519 13.2131 12.4544 11.0708 10.1096 8.50417 7.3529 7.8414 8.06983 8.50622 8.39028 9.09122 10.7432 12.464 12.6604 11.5834 11.7542 11.9915 12.5111 12.2625 10.4369 9.51436 8.75037 9.31043 9.89914 10.0494 10.0878 9.98666 9.87657 9.66956 10.4542 11.0376 11.1813 11.6913 12.0707 12.1833 12.2709 12.2912 12.3118 12.3229 12.3125 12.3081 12.2269 12.031 11.3732 9.77509 9.86203 9.69981 9.21107 10.3582 11.0952 11.7466 12.0983 12.1978
-9999 -9999 -9999 -9999 -9999 -9999 -9999 -9999 6.48857 8.41606 8.83045 8.80955 8.18364 8.48527 10.8491 11.3325 12.5854 13.7722 13.6949 13.2645 12.5551 11.7347 10.4595 8.6527 7.21903 6.62118 8.18206 9.71595 10.0408 10.5377 11.554 11.7552 10.6545 9.62281 10.2176 10.5798 11.9318 12.1866 11.9355 10.8394 9.58474 8.93453 9.72363 9.83777 9.89462 9.91405 9.90423 9.89119 10.7744 11.268 11.6137 11.8069 12.1343 12.2262 12.263 12.2984 12.3036 12.2982 12.2592 12.2133 11.9741 11.6823 10.5972 9.69447 9.13595 8.42403 10.0664 10.5648 11.2572 11.7026 12.0523 12.1381
