Test_Spring_2018/11_17/Temp/20171103_016.txt
ncols	170
nrows	115
xllcorner	350000.000000
yllcorner	4445000.000000
cellsize	1000.000000
nodata_value	-9999.000000
[rows 32 to 63 of 115, columns 72 to 143 of 170]
15.2533 14.9585 15.4273 15.8592 15.598 15.4211 16.1255 16.1299 15.895 15.3373 15.136 14.9273 14.8016 14.0856 12.0666 10.2472 11.2308 11.2595 10.5888 11.8067 11.1713 9.50516 7.15095 8.43783 8.10866 6.43392 6.01967 -9999 -9999 -9999 -9999 -9999 -9999 -9999 -9999 -9999 -9999 -9999 -9999 -9999 -9999 -9999 -9999 -9999 -9999 -9999 -9999 -9999 -9999 -9999 -9999 -9999 -9999 -9999 -9999 -9999 -9999 -9999 -9999 -9999 -9999 -9999 -9999 -9999 -9999 -9999 -9999 -9999 -9999 -9999 -9999 -9999
14.8532 14.7297 15.4241 15.4148 15.3712 15.6153 16.054 16.1454 16.0567 15.8162 15.6088 15.3881 14.8203 14.0003 12.2732 10.2014 9.73577 10.758 10.8122 10.9809 10.4022 9.67384 8.53138 9.47544 9.84474 8.74813 7.3016 6.37377 -9999 -9999 -9999 -9999 -9999 -9999 -9999 -9999 -9999 -9999 -9999 -9999 -9999 -9999 -9999 -9999 -9999 -9999 -9999 -9999 -9999 -9999 -9999 -9999 -9999 -9999 -9999 -9999 -9999 -9999 -9999 -9999 -9999 -9999 -9999 -9999 -9999 -9999 -9999 -9999 -9999 -9999 -9999 -9999
14.3759 13.7129 14.1336 14.4506 15.019 15.172 15.2629 16.0895 16.0506 16.0174 15.6715 15.396 14.9362 14.1472 13.0217 11.6654 9.29965 10.7673 11.9176 11.8935 11.8359 11.327 10.2295 11.1561 11.2037 9.79552 8.18832 7.25263 6.86847 -9999 -9999 -9999 -9999 -9999 -9999 -9999 -9999 -9999 -9999 -9999 -9999 -9999 -9999 -9999 -9999 -9999 -9999 -9999 -9999 -9999 -9999 -9999 -9999 -9999 -9999 -9999 -9999 -9999 -9999 -9999 -9999 -9999 -9999 -9999 -9999 -9999 -9999 -9999 -9999 -9999 -9999 -9999
13.8334 13.0224 13.4456 14.0083 14.7908 15.1966 15.5105 15.7609 16.0163 15.9915 15.6372 14.5813 14.4351 14.3947 13.6604 12.1134 10.5683 10.1721 11.924 12.4291 12.3323 12.727 11.7979 12.2435 12.0667 11.5663 10.0251 8.62083 8.04543 6.90411 -9999 -9999 -9999 -9999 -9999 -9999 -9999 -9999 -9999 -9999 -9999 -9999 -9999 -9999 -9999 -9999 -9999 -9999 -9999 -9999 -9999 -9999 -9999 -9999 -9999 -9999 -9999 -9999 -9999 -9999 -9999 -9999 -9999 -9999 -9999 -9999 -9999 -9999 -9999 -9999 -9999 -9999
-9999 -9999 12.5161 13.2712 13.903 14.6725 15.3398 15.6771 16.005 15.9837 15.2706 14.9245 14.8992 14.4199 13.5714 13.041 12.0703 11.0586 11.4524 12.947 12.2894 13.3492 13.2643 13.4622 12.7606 11.4135 9.63184 8.58706 8.07242 7.1481 -9999 -9999 -9999 -9999 -9999 -9999 -9999 -9999 -9999 -9999 -9999 -9999 -9999 -9999 -9999 -9999 -9999 -9999 -9999 -9999 -9999 -9999 -9999 -9999 -9999 -9999 -9999 -9999 -9999 -9999 -9999 -9999 -9999 -9999 -9999 -9999 -9999 -9999 -9999 -9999 -9999 -9999
-9999 -9999 -9999 13.1341 13.6161 14.6491 15.1799 15.4002 15.9262 15.9321 15.665 15.4648 15.1721 14.7883 14.1521 13.4495 12.537 12.4575 13.4156 13.4325 13.2382 13.3991 13.8928 13.7675 12.6724 10.785 9.79226 7.7646 6.90162 6.99438 6.38425 -9999 -9999 -9999 -9999 -9999 -9999 -9999 -9999 -9999 -9999 -9999 -9999 8.82094 -9999 -9999 -9999 -9999 -9999 -9999 -9999 -9999 -9999 -9999 -9999 -9999 -9999 -9999 -9999 -9999 -9999 -9999 -9999 -9999 5.28916 -9999 -9999 -9999 -9999 -9999 -9999 -9999
-9999 -9999 13.0482 13.6838 14.1881 14.837 14.9001 15.2871 15.8911 15.9045 15.7165 15.5036 15.0188 14.903 14.5433 13.7802 13.6286 13.9459 14.0948 14.2626 14.3676 14.2907 14.0963 13.8436 13.1294 12.2582 11.6742 9.82814 8.88974 7.99874 6.64868 5.59374 -9999 -9999 -9999 -9999 -9999 -9999 -9999 8.08276 8.0402 8.07201 8.37667 9.20404 8.72961 -9999 -9999 -9999 -9999 -9999 -9999 -9999 -9999 -9999 -9999 -9999 -9999 -9999 -9999 -9999 -9999 -9999 -9999 -9999 6.02734 4.97178 -9999 -9999 -9999 -9999 -9999 -9999
-9999 -9999 13.2141 13.8939 14.2354 14.8655 15.2278 15.4624 15.6745 15.8777 15.8492 15.6131 15.2515 15.2596 14.7597 14.4928 14.304 14.7313 14.8201 14.6561 14.4487 14.2654 13.7387 13.6805 13.4977 12.9453 12.0368 11.1005 9.74163 7.9067 6.10761 4.65758 -9999 -9999 -9999 -9999 -9999 -9999 8.22621 8.91514 9.33117 8.47173 9.22075 9.90582 9.80503 9.14993 -9999 -9999 -9999 -9999 -9999 -9999 -9999 -9999 -9999 -9999 -9999 -9999 -9999 -9999 11.0374 9.9546 7.75712 6.63617 5.96814 5.00967 -9999 -9999 -9999 -9999 -9999 -9999
-9999 -9999 13.0825 13.8844 14.4288 14.9125 14.9931 15.4887 15.7039 15.815 15.8073 15.7647 15.7027 15.267 15.0832 14.422 15.0666 15.0483 14.8924 14.2579 13.9854 12.8913 12.4115 12.2946 13.2204 12.5395 11.1158 9.33563 7.18988 7.05372 6.3484 5.05241 -9999 -9999 -9999 -9999 -9999 -9999 8.43538 9.17199 9.78832 9.8852 9.03112 10.2427 10.1989 9.53261 9.38653 9.94499 10.2309 10.0234 10.6952 10.8942 10.6027 10.9351 -9999 -9999 -9999 -9999 11.1663 11.2198 11.2631 10.8181 8.41682 6.78053 5.31245 5.18419 -9999 -9999 -9999 -9999 -9999 -9999
-9999 -9999 13.6377 14.1326 14.3845 14.4282 14.8625 15.2959 15.5616 15.7595 15.7255 15.7152 15.7042 15.5592 15.2147 15.2843 15.2622 15.0637 13.8519 12.436 13.0604 12.2194 10.4113 11.8762 12.684 11.9117 10.1855 8.18371 7.52284 7.55288 6.57027 5.30523 -9999 -9999 -9999 6.41957 7.46963 7.56816 7.88392 8.86397 9.6117 10.1776 10.5653 10.5566 10.1648 9.51317 8.80378 9.06512 10.3588 10.6783 10.9498 11.1554 10.8848 11.0328 11.3834 11.5679 11.6112 11.5381 11.5281 11.5656 11.5344 11.12 8.97582 7.75254 6.97649 5.40969 -9999 -9999 -9999 -9999 -9999 -9999
-9999 -9999 13.3313 13.7619 14.1112 14.6878 14.752 15.1193 15.3384 15.6612 15.7023 15.3323 15.6484 15.6146 15.5631 15.4467 15.273 14.2515 12.8407 11.4259 10.7751 11.0546 9.9711 10.5264 11.3447 11.0446 9.98327 8.19962 7.94885 7.52946 5.87594 4.28393 -9999 -9999 4.38835 6.39586 7.81215 8.54696 8.78065 8.81117 9.75134 9.83339 10.8445 10.6138 9.2965 9.45272 8.94344 9.28357 9.75883 9.89371 10.5739 11.2382 11.367 11.3754 11.6005 11.6519 11.6705 11.6726 11.5325 11.6099 11.6306 11.3764 9.82446 9.07385 8.24332 5.42707 -9999 -9999 -9999 -9999 -9999 -9999
-9999 -9999 13.5516 14.0323 14.5583 14.6461 15.0368 15 14.893 15.4375 15.6382 15.3787 15.1939 15.5518 15.5342 15.4944 15.4244 14.4651 13.3534 11.6667 10.62 9.97738 9.5234 8.90787 9.32826 9.20035 9.02848 9.22634 8.73274 7.74905 6.78076 4.9691 3.99057 -9999 4.4947 5.40415 7.08736 8.51975 9.43265 9.11677 10.185 10.3906 11.0066 10.6562 9.85975 9.51825 9.49397 9.39428 10.113 10.5975 10.9367 11.1681 11.4596 11.5364 11.6138 11.6499 11.6731 11.6973 11.7022 11.706 11.6848 11.5963 10.8892 10.138 8.50607 5.52074 -9999 -9999 -9999 -9999 -9999 -9999
-9999 12.1658 13.5001 14.3037 14.6164 14.8429 15.0431 15.1891 15.342 15.4856 15.587 15.5498 14.8542 14.9181 15.0511 15.4566 15.4353 15.3548 14.75 12.6965 11.9868 10.9474 9.60287 9.03705 9.31877 10.4227 10.373 9.64149 8.82632 7.69473 6.97578 5.86474 3.73184 3.92806 4.89578 5.61834 6.76479 8.51411 9.74359 10.2976 10.5129 10.9483 11.1801 10.6945 10.235 10.0453 9.68733 9.64188 9.65012 10.086 10.4229 11.1754 11.4321 11.5555 11.6195 11.6569 11.6864 11.7166 11.733 11.7283 11.7396 11.7451 11.7022 10.7016 8.17706 6.28733 -9999 -9999 -9999 -9999 -9999 -9999
-9999 -9999 13.256 13.6105 13.7049 13.8685 14.2015 14.5853 15.1279 15.2014 15.5035 15.507 14.9077 14.2161 14.8317 15.0808 15.3386 15.3532 15.281 13.5521 12.6508 11.9409 10.6515 11.1141 11.5566 11.5897 11.3218 9.75337 8.1913 6.38569 4.70463 4.6255 3.72079 4.20439 4.84537 6.48417 7.64051 8.11489 8.45874 10.2383 10.7062 10.872 11.3335 10.7237 10.5758 10.1185 10.2631 10.2284 10.2364 8.95517 10.2465 10.3278 11.1734 11.5562 11.6495 11.6785 11.7099 11.7214 11.7349 11.7408 11.76 11.7574 11.7538 11.1076 7.90594 6.31152 -9999 -9999 -9999 -9999 -9999 -9999
-9999 -9999 -9999 -9999 13.3748 13.6457 13.8204 14.1214 15.0379 15.2881 15.4564 15.4758 15.2125 14.5275 14.3529 14.4872 13.8202 14.3911 15.1682 15.1538 15.0639 13.5454 12.7654 13.5191 13.2897 12.1453 11.244 10.3544 8.52531 7.18157 5.25459 3.80849 3.75609 5.35655 6.68744 8.34574 9.08227 8.67609 9.13494 10.0218 11.0296 11.5214 11.4161 10.7729 10.6901 9.98121 10.6914 10.7575 10.4356 10.1576 10.2713 10.692 10.8555 11.5182 11.6829 11.7179 11.7294 11.7396 11.7454 11.7514 11.7525 11.7566 11.7591 11.7418 8.45053 5.89947 -9999 -9999 -9999 -9999 -9999 -9999
-9999 -9999 -9999 -9999 12.743 12.9088 13.3415 14.4495 15.0303 15.268 15.2649 15.3786 15.1948 14.5934 13.9763 13.3952 12.643 13.0842 14.2394 14.9217 15.0025 13.6716 14.3637 14.104 13.5912 12.0945 10.9909 10.4048 8.64856 7.14042 5.8583 4.08896 4.84818 5.68547 6.76142 8.56988 9.79362 10.3019 9.89132 10.4626 11.6209 11.6364 11.0167 11.0657 10.6913 9.71986 10.7451 11.0377 10.8119 10.8766 10.7914 10.9511 11.2379 11.5127 11.6975 11.7276 11.7372 11.7388 11.747 11.7566 11.7541 11.7661 11.7686 11.7642 9.64435 5.85232 -9999 -9999 -9999 -9999 -9999 -9999
-9999 -9999 -9999 -9999 -9999 12.1705 13.1548 14.6248 14.9909 14.9617 15.2695 15.3012 15.0157 14.7694 14.0188 12.9908 11.0087 11.5224 12.5862 14.1165 14.9219 14.8163 14.3684 13.5937 11.7184 10.0766 9.8758 9.60548 8.32327 7.16052 5.73508 6.56185 7.46861 8.46178 8.98669 8.85798 9.90765 10.7657 10.4141 11.1127 11.9263 11.5706 11.3636 11.1907 10.7567 10.7371 10.7899 11.3743 10.9794 11.2303 11.2376 11.2287 11.3708 11.5338 11.7051 11.7382 11.7452 11.7554 11.7444 11.7604 11.761 11.7626 11.7658 11.7636 11.5834 9.54961 8.3367 -9999 -9999 -9999 -9999 -9999
-9999 -9999 -9999 -9999 -9999 11.2673 11.7595 13.5 14.0386 14.8104 15.2229 15.2473 14.7609 14.493 13.3708 13.0122 11.1793 10.3528 11.066 10.8002 12.9044 14.7657 14.3593 10.6077 9.24829 8.27801 8.52558 8.5264 8.16847 6.19307 5.65021 7.41523 8.52812 9.39221 10.05 10.192 10.1773 11.5146 11.6999 12.1408 12.0561 12.105 11.4427 11.0356 11.4065 10.9954 10.9305 11.5342 10.9511 11.4885 11.4268 11.2722 11.269 11.625 11.7016 11.745 11.7536 11.7474 11.7379 11.7372 11.7587 11.7643 11.7565 11.7697 11.7633 11.5381 10.4897 10.1323 10.5575 -9999 -9999 -9999
-9999 -9999 -9999 -9999 -9999 -9999 10.1423 12.5601 13.6655 14.2494 15.0705 15.1745 14.9168 14.4493 13.3063 12.3021 10.6643 8.79218 7.8025 10.7865 13.3832 14.7394 14.5597 11.4372 10.2045 10.1466 10.8716 10.2579 9.7922 8.28996 7.84309 7.22264 7.60832 8.81023 9.79503 10.7468 11.4415 11.5059 11.9606 12.2252 12.2551 12.344 12.2735 12.2171 11.5779 12.0324 11.6596 11.8671 11.7432 11.6314 11.532 11.1671 11.4341 11.6714 11.7369 11.7602 11.7531 11.7573 11.7556 11.7425 11.7435 11.7527 11.7619 11.7621 11.7743 11.7818 11.6765 11.0509 10.2086 9.14056 -9999 -9999
-9999 -9999 -9999 -9999 -9999 -9999 8.93912 11.3454 12.5057 14.0006 14.7705 15.0859 15.0518 14.6742 13.8074 12.4988 11.4098 9.3189 7.1469 10.2781 13.0674 14.5736 14.6555 12.028 12.756 12.1677 12.4045 11.3273 10.8795 10.521 9.749 8.90547 7.98134 7.49573 9.70093 10.8369 11.7532 12.1899 12.4406 12.5702 12.5118 12.3563 11.3876 12.14 12.1084 12.0413 11.9628 11.9279 11.8565 11.7711 11.7189 11.7054 11.4651 11.7476 11.7465 11.7568 11.7651 11.7652 11.7593 11.7557 11.7498 11.7591 11.7637 11.7657 11.7712 11.7866 11.7921 11.7704 11.6137 10.1747 9.31875 9.08801
-9999 -9999 -9999 -9999 -9999 -9999 5.56556 9.0652 11.8748 13.3469 14.5436 14.878 15.0073 14.4979 14.1189 13.1828 12.2965 10.9249 8.86649 7.60067 9.94499 13.3513 14.608 14.5073 14.4295 13.75 13.1373 13.0599 13.106 12.3883 11.3474 9.99205 9.57035 9.09895 10.7428 10.9713 10.8586 12.6677 12.6799 12.5857 11.9047 11.1383 11.2922 10.8245 11.1982 10.6357 11.1658 11.6245 11.7994 11.7909 11.7323 11.7278 11.7067 11.7596 11.7652 11.7641 11.7651 11.7693 11.7704 11.7579 11.7549 11.7719 11.7668 11.7666 11.7726 11.7901 11.7991 11.7859 11.7751 11.5644 11.241 10.6137
-9999 -9999 -9999 -9999 -9999 -9999 5.71589 8.65901 11.1575 12.6544 14.0983 14.4381 14.93 14.832 14.4344 13.6213 12.6036 11.4757 9.71043 8.39929 9.96941 12.2309 13.8515 14.4285 14.4238 14.3857 14.2325 14.1665 13.988 13.8558 13.1125 11.8305 11.1095 10.0534 11.8846 12.0956 11.8166 12.7351 12.697 11.3266 10.2748 10.1504 10.8006 10.1927 10.0921 9.71904 10.1581 11.3236 10.9879 11.0605 11.5875 11.6802 11.7397 11.7609 11.7638 11.7681 11.7663 11.7752 11.7844 11.7721 11.7714 11.7759 11.7655 11.771 11.7678 11.7766 11.785 11.7835 11.7743 11.723 11.6634 11.7491
-9999 -9999 -9999 -9999 -9999 -9999 5.77934 7.75925 10.0083 12.2115 13.7531 14.3786 14.8361 14.8378 14.3741 13.9731 13.3373 12.3455 11.6667 10.4835 8.85707 11.595 12.4347 13.1802 13.494 14.2748 14.2563 13.8994 13.4793 13.8661 13.7521 12.7402 12.4102 11.8511 12.8719 12.8801 12.8583 12.8107 11.6536 10.0426 8.75653 9.69472 9.50738 9.93721 8.62101 9.71383 10.5967 10.8871 10.3014 9.86527 11.2334 11.4636 11.6047 11.6975 11.761 11.7543 11.7755 11.7751 11.7791 11.783 11.78 11.782 11.7796 11.7772 11.7747 11.7851 11.7813 11.7709 11.7819 11.766 11.7646 11.7651
-9999 -9999 -9999 -9999 -9999 -9999 -9999 6.59535 9.43923 11.9848 13.4047 14.3 14.7393 14.7377 14.5035 14.2329 13.8407 13.1265 12.2275 10.8032 9.74661 10.4237 11.246 11.3354 11.8834 13.4695 14.0119 13.2457 11.3423 12.4603 13.7118 13.6948 13.5921 13.4775 13.3312 13.1994 12.9047 12.1055 9.64393 9.16373 8.2024 8.31936 7.82937 8.91559 8.51761 9.63858 10.1278 10.3163 9.2917 9.51016 10.7248 11.2109 11.1381 11.4393 11.7304 11.7468 11.7624 11.7629 11.7771 11.7877 11.7917 11.7849 11.7848 11.7875 11.7731 11.7951 11.7148 11.6669 11.558 11.7197 11.7462 11.77
-9999 -9999 -9999 -9999 -9999 -9999 -9999 6.02472 8.86934 11.8664 12.8325 13.7972 14.6307 14.6529 14.2915 13.9481 13.5939 13.1897 12.098 11.0391 10.0279 9.6908 9.89871 9.87702 10.7631 12.8296 13.2309 13.062 11.0704 10.4023 12.0737 13.4793 13.5938 13.4712 11.8262 12.1833 11.2993 10.0984 9.77281 9.25121 8.14142 8.68567 7.8744 8.23151 8.13964 8.77878 9.09358 9.85238 8.96034 8.96486 10.1575 10.7641 10.7862 11.4228 11.6546 11.721 11.7436 11.7623 11.7733 11.7917 11.7947 11.7945 11.7916 11.7713 11.7096 11.4979 10.325 10.3381 10.6775 10.9995 11.5762 11.7508
-9999 -9999 -9999 -9999 -9999 -9999 -9999 6.35412 8.32973 10.9898 12.9618 13.091 14.0529 14.5524 14.1587 13.7147 13.2601 13.0643 11.8757 10.5691 9.51395 8.26374 8.47388 9.37752 10.8438 12.1796 12.4202 12.1466 11.0744 11.579 12.7201 13.328 13.5104 13.3748 13.0205 12.8184 12.1688 11.891 10.987 9.57008 9.01601 9.37766 7.87293 7.98487 8.54986 7.95786 8.94287 9.41752 8.26386 9.18278 10.241 10.7856 11.2627 11.4925 11.5887 11.7323 11.7438 11.7634 11.7779 11.7844 11.7931 11.78 11.7709 11.6535 11.4761 10.3728 9.92867 10.0308 10.5567 11.0187 11.5072 11.7116
-9999 -9999 -9999 -9999 -9999 -9999 -9999 6.6908 8.47023 10.7775 12.1851 12.4416 13.5076 14.4562 14.3568 13.8944 13.7575 13.2777 12.2703 11.1568 9.93884 9.34866 7.98613 9.33464 10.3921 11.5241 12.055 11.1715 10.7363 11.5155 12.2905 12.6026 13.386 13.3834 13.1347 12.0455 11.5176 11.7493 11.5262 11.131 10.1576 10.1203 9.49721 9.24272 9.00258 8.20358 8.72021 8.77763 8.91934 10.0254 10.5796 10.9495 11.2867 11.3807 11.5318 11.7257 11.75 11.7647 11.7721 11.784 11.7788 11.7346 11.6989 11.4529 11.0108 10.1779 8.8322 9.80536 10.8226 11.1392 11.4436 11.6065
-9999 -9999 -9999 -9999 -9999 -9999 -9999 6.38928 8.27942 10.2522 11.0803 11.2257 13.1503 14.3311 14.3389 14.1226 13.869 12.6759 12.7514 12.5165 11.4183 9.81623 8.05598 8.22499 9.27323 10.7635 11.2598 9.80614 9.29963 9.6782 10.8484 11.8966 12.9913 13.273 12.9584 11.2598 9.45473 10.3006 11.2042 11.2055 10.9484 10.046 9.76364 9.50855 8.85159 7.73675 7.90039 8.21897 9.47116 9.87511 10.4955 11.0121 10.8273 10.9471 11.442 11.7293 11.7477 11.7607 11.778 11.7799 11.7716 11.6747 11.5717 11.3932 10.2252 9.50249 8.45784 9.70591 10.4024 10.7847 11.4487 11.6151
-9999 -9999 -9999 -9999 -9999 -9999 -9999 5.80661 7.17989 9.06589 9.82941 11.044 12.8631 13.7608 14.1941 14.1903 14.0231 13.4918 13.1742 12.5432 11.4006 9.83623 8.09654 6.96509 7.54551 9.5451 10.0176 8.68123 8.00805 8.85447 10.1014 11.9462 13.0024 13.1493 13.0593 12.7134 11.397 9.8055 9.81697 10.6243 9.96011 9.18715 9.6218 9.54855 8.89987 8.42959 8.13945 8.32407 9.03958 9.34231 10.0579 11.1108 11.2679 11.2456 11.6934 11.7231 11.7412 11.7658 11.7733 11.7774 11.7724 11.6949 11.5108 10.7361 10.0617 9.12019 9.01167 10.1342 10.6329 11.0923 11.4231 11.5379
-9999 -9999 -9999 -9999 -9999 -9999 -9999 4.80289 6.41779 8.18503 9.84019 11.4065 12.7554 12.865 13.5791 13.5838 13.9604 13.8594 13.367 12.8363 11.8524 9.84163 8.15121 6.30704 6.79759 8.8413 9.09285 8.20468 6.5611 8.26561 10.1452 11.8494 12.7742 12.0577 12.8022 12.7469 12.2572 11.3121 9.83952 9.87353 8.77158 8.72945 9.30456 9.49526 9.40642 9.05482 8.49184 8.58529 9.01962 9.13706 9.79518 10.6135 11.4139 11.5545 11.7132 11.7274 11.7376 11.7578 11.7674 11.7589 11.7265 11.6449 10.9966 10.224 9.75147 9.09795 9.02634 10.3191 10.8412 11.1333 11.4202 11.5395
-9999 -9999 -9999 -9999 -9999 -9999 -9999 -9999 6.25399 8.07967 9.4322 9.80078 11.0005 11.651 12.1556 12.2718 13.7006 13.7843 13.4739 12.9867 12.1482 10.6233 9.56187 7.79305 6.52245 7.03653 7.27076 7.74224 7.60768 8.36991 10.1763 12.0583 12.2677 11.0797 11.2615 11.5165 12.0815 11.8035 9.79478 8.77719 7.93356 8.54305 9.18387 9.34339 9.37997 9.26325 9.12587 8.87461 9.73049 10.3656 10.5181 11.0729 11.4845 11.6035 11.695 11.7129 11.7312 11.7392 11.7236 11.7145 11.6212 11.4019 10.6756 8.91719 9.00809 8.82543 8.28431 9.54221 10.3454 11.0567 11.4391 11.5449
-9999 -9999 -9999 -9999 -9999 -9999 -9999 -9999 5.6494 7.761 8.21187 8.18496 7.49396 7.82087 10.411 10.9371 12.3076 13.6054 13.5154 13.0375 12.2531 11.3465 9.94033 7.95044 6.3698 5.69118 7.39278 9.06378 9.41278 9.95082 11.0592 11.2733 10.0587 8.92033 9.56733 9.95933 11.438 11.7126 11.4321 10.2241 8.84212 8.12349 8.98444 9.10444 9.16139 9.17711 9.15206 9.11909 10.0755 10.6119 10.9861 11.193 11.5472 11.6432 11.679 11.7132 11.7145 11.7044 11.6574 11.603 11.3365 11.0121 9.81697 8.82196 8.2046 7.41873 9.21665 9.76282 10.5187 11.002 11.3821 11.4725
