Test_Spring_2018/11_17/Temp/20171114_002.txt
ncols	170
nrows	115
xllcorner	350000.000000
yllcorner	4445000.000000
cellsize	1000.000000
nodata_value	-9999.000000
[rows 32 to 63 of 115, columns 72 to 143 of 170]
13.0659 12.7028 13.2509 13.7551 13.4243 13.2098 14.0365 14.0308 13.7393 13.0626 12.8109 12.5503 12.3888 11.5228 9.10215 6.91964 8.08214 8.10541 7.29407 8.7367 7.96778 5.96906 3.14926 4.67438 4.27101 2.26452 1.76497 -9999 -9999 -9999 -9999 -9999 -9999 -9999 -9999 -9999 -9999 -9999 -9999 -9999 -9999 -9999 -9999 -9999 -9999 -9999 -9999 -9999 -9999 -9999 -9999 -9999 -9999 -9999 -9999 -9999 -9999 -9999 -9999 -9999 -9999 -9999 -9999 -9999 -9999 -9999 -9999 -9999 -9999 -9999 -9999 -9999
12.5868 12.4279 13.245 13.2224 13.1578 13.4389 13.9489 14.047 13.9302 13.6321 13.3736 13.099 12.41 11.4202 9.3479 6.86426 6.29743 7.50614 7.55975 7.75008 7.04863 6.16865 4.79462 5.91047 6.34047 5.02474 3.2922 2.1816 -9999 -9999 -9999 -9999 -9999 -9999 -9999 -9999 -9999 -9999 -9999 -9999 -9999 -9999 -9999 -9999 -9999 -9999 -9999 -9999 -9999 -9999 -9999 -9999 -9999 -9999 -9999 -9999 -9999 -9999 -9999 -9999 -9999 -9999 -9999 -9999 -9999 -9999 -9999 -9999 -9999 -9999 -9999 -9999
12.0154 11.2125 11.7028 12.0695 12.7415 12.9047 13.0026 13.9783 13.9211 13.8707 13.4469 13.1071 12.5474 11.5947 10.2404 8.61062 5.77632 7.51639 8.87782 8.83791 8.75803 8.13976 6.8192 7.91404 7.96006 6.27658 4.35552 3.22826 2.75909 -9999 -9999 -9999 -9999 -9999 -9999 -9999 -9999 -9999 -9999 -9999 -9999 -9999 -9999 -9999 -9999 -9999 -9999 -9999 -9999 -9999 -9999 -9999 -9999 -9999 -9999 -9999 -9999 -9999 -9999 -9999 -9999 -9999 -9999 -9999 -9999 -9999 -9999 -9999 -9999 -9999 -9999 -9999
11.3659 10.3861 10.8793 11.5392 12.4682 12.9376 13.2958 13.584 13.8782 13.838 13.4046 12.1338 11.9485 11.8892 11.0019 9.14455 7.28952 6.80532 8.88449 9.47582 9.34888 9.80873 8.68891 9.20957 8.98774 8.38455 6.54478 4.85881 4.1616 2.78906 -9999 -9999 -9999 -9999 -9999 -9999 -9999 -9999 -9999 -9999 -9999 -9999 -9999 -9999 -9999 -9999 -9999 -9999 -9999 -9999 -9999 -9999 -9999 -9999 -9999 -9999 -9999 -9999 -9999 -9999 -9999 -9999 -9999 -9999 -9999 -9999 -9999 -9999 -9999 -9999 -9999 -9999
-9999 -9999 9.76737 10.6628 11.4042 12.3093 13.0897 13.4818 13.8628 13.8271 12.9657 12.5422 12.5013 11.9185 10.895 10.2508 9.08099 7.86221 8.3206 10.0925 9.29611 10.5494 10.4367 10.6618 9.81369 8.20767 6.07274 4.81626 4.19176 3.07843 -9999 -9999 -9999 -9999 -9999 -9999 -9999 -9999 -9999 -9999 -9999 -9999 -9999 -9999 -9999 -9999 -9999 -9999 -9999 -9999 -9999 -9999 -9999 -9999 -9999 -9999 -9999 -9999 -9999 -9999 -9999 -9999 -9999 -9999 -9999 -9999 -9999 -9999 -9999 -9999 -9999 -9999
-9999 -9999 -9999 10.4958 11.0588 12.2808 12.8963 13.1491 13.7667 13.7637 13.4348 13.1857 12.826 12.3573 11.587 10.7374 9.63695 9.53043 10.6619 10.6702 10.4266 10.6069 11.1845 11.0237 9.70987 7.45495 6.25986 3.83237 2.79243 2.89307 2.15492 -9999 -9999 -9999 -9999 -9999 -9999 -9999 -9999 -9999 -9999 -9999 -9999 4.91461 -9999 -9999 -9999 -9999 -9999 -9999 -9999 -9999 -9999 -9999 -9999 -9999 -9999 -9999 -9999 -9999 -9999 -9999 -9999 -9999 0.442306 -9999 -9999 -9999 -9999 -9999 -9999 -9999
-9999 -9999 10.3955 11.1469 11.7378 12.5017 12.5638 13.0115 13.7224 13.7287 13.4945 13.2306 12.6418 12.493 12.0529 11.1309 10.9385 11.3052 11.4708 11.659 11.7721 11.6684 11.4249 11.112 10.2601 9.20983 8.50271 6.29074 5.16239 4.08942 2.46866 1.19999 -9999 -9999 -9999 -9999 -9999 -9999 -9999 4.0806 4.01726 4.04259 4.39356 5.3684 4.79 -9999 -9999 -9999 -9999 -9999 -9999 -9999 -9999 -9999 -9999 -9999 -9999 -9999 -9999 -9999 -9999 -9999 -9999 -9999 1.31694 0.0428074 -9999 -9999 -9999 -9999 -9999 -9999
-9999 -9999 10.5933 11.3935 11.7902 12.5319 12.9542 13.2177 13.4614 13.6945 13.651 13.3596 12.9181 12.9173 12.3098 11.98 11.7429 12.2407 12.3344 12.1263 11.8664 11.6355 10.9952 10.9144 10.696 10.0263 8.93207 7.80504 6.17619 3.97717 1.82095 0.0811599 -9999 -9999 -9999 -9999 -9999 -9999 4.26269 5.07203 5.5555 4.51687 5.39763 6.20223 6.06928 5.28049 -9999 -9999 -9999 -9999 -9999 -9999 -9999 -9999 -9999 -9999 -9999 -9999 -9999 -9999 7.34675 6.04064 3.40412 2.05199 1.24015 0.081591 -9999 -9999 -9999 -9999 -9999 -9999
-9999 -9999 10.4315 11.3775 12.0167 12.5837 12.6701 13.2488 13.4935 13.6171 13.5987 13.5385 13.4546 12.9245 12.6942 11.8938 12.6511 12.6169 12.4182 11.6484 11.3106 9.99255 9.40808 9.2671 10.3609 9.53813 7.82942 5.6957 3.12788 2.95656 2.10592 0.550318 -9999 -9999 -9999 -9999 -9999 -9999 4.51055 5.37642 6.09848 6.20055 5.16789 6.60027 6.54014 5.73203 5.545 6.19903 6.52812 6.26938 7.05588 7.28183 6.92256 7.30772 -9999 -9999 -9999 -9999 7.52252 7.57301 7.61092 7.0658 4.18581 2.21845 0.4516 0.288619 -9999 -9999 -9999 -9999 -9999 -9999
-9999 -9999 11.0887 11.6685 11.9588 12.0011 12.5098 13.0149 13.3203 13.5511 13.5014 13.4796 13.4567 13.2733 12.8512 12.9227 12.8844 12.635 11.1762 9.47378 10.2062 9.18713 7.02435 8.76303 9.71628 8.78454 6.71513 4.31729 3.52189 3.54908 2.36794 0.853124 -9999 -9999 -9999 2.14245 3.38385 3.48914 3.85307 5.00926 5.88794 6.54612 6.99486 6.97748 6.49431 5.70341 4.84396 5.14327 6.67489 7.04428 7.35409 7.58797 7.25372 7.42128 7.82797 8.03642 8.07596 7.97618 7.95142 7.98277 7.93186 7.42317 4.84736 3.37255 2.43116 0.541633 -9999 -9999 -9999 -9999 -9999 -9999
-9999 -9999 10.7225 11.2258 11.6324 12.3097 12.3769 12.806 13.0564 13.43 13.4701 13.0194 13.3869 13.3362 13.2638 13.1133 12.8938 11.6621 9.96564 8.26428 7.47467 7.80166 6.49681 7.14988 8.11572 7.7449 6.47396 4.33661 4.02878 3.52191 1.5397 -0.368789 -9999 -9999 -0.273032 2.11159 3.78994 4.65433 4.92009 4.94289 6.05085 6.13466 7.32718 7.04413 5.45642 5.6294 5.00466 5.39784 5.95547 6.10446 6.90515 7.68345 7.82577 7.82442 8.08155 8.13121 8.1414 8.13143 7.95141 8.03043 8.04117 7.72361 5.85688 4.94611 3.94416 0.559297 -9999 -9999 -9999 -9999 -9999 -9999
-9999 -9999 10.9825 11.5458 12.1636 12.2587 12.7155 12.6584 12.5201 13.1613 13.3896 13.0708 12.8407 13.2576 13.2255 13.1663 13.0703 11.9127 10.5729 8.54681 7.28464 6.51043 5.95682 5.21682 5.7082 5.54582 5.33147 5.55872 4.95961 3.7797 2.61603 0.445082 -0.73143 -9999 -0.149334 0.924999 2.92179 4.61845 5.69448 5.30365 6.56404 6.795 7.52102 7.08896 6.12259 5.7037 5.66158 5.5298 6.37495 6.93773 7.33154 7.59617 7.93012 8.01051 8.09163 8.12317 8.13888 8.15542 8.14843 8.13964 8.1003 7.98024 7.12151 6.21379 4.25086 0.664364 -9999 -9999 -9999 -9999 -9999 -9999
-9999 9.32952 10.9141 11.8632 12.2266 12.4874 12.7169 12.8819 13.0539 13.2135 13.3258 13.2704 12.4308 12.4967 12.6445 13.1164 13.0784 12.9692 12.234 9.77012 8.91431 7.6651 6.04932 5.36459 5.69068 6.99842 6.93017 6.04863 5.06764 3.71117 2.84415 1.51012 -1.04437 -0.819461 0.325292 1.17662 2.53284 4.60755 6.06116 6.70818 6.95057 7.4597 7.72212 7.13025 6.56611 6.32612 5.88566 5.81848 5.8157 6.32356 6.71435 7.59804 7.89291 8.02706 8.09216 8.12539 8.14892 8.17266 8.17944 8.16033 8.15981 8.15178 8.08877 6.87952 3.8513 1.57272 -9999 -9999 -9999 -9999 -9999 -9999
-9999 -9999 10.6158 11.0292 11.1323 11.3182 11.7064 12.1553 12.7923 12.8711 13.2222 13.2153 12.4893 11.6537 12.3771 12.6623 12.9573 12.9614 12.8617 10.7902 9.70243 8.8437 7.29385 7.8364 8.3545 8.38466 8.05624 6.17622 4.30416 2.14354 0.129423 0.0266594 -1.062 -0.494642 0.260264 2.20491 3.57287 4.12611 4.52277 6.63199 7.17875 7.36332 7.90007 7.15844 6.96602 6.40669 6.56577 6.51132 6.50826 4.96696 6.49656 6.58158 7.57887 8.02261 8.12134 8.14471 8.17053 8.17212 8.17546 8.16904 8.17792 8.16239 8.14326 7.35678 3.52056 1.59451 -9999 -9999 -9999 -9999 -9999 -9999
-9999 -9999 -9999 -9999 10.7316 11.0457 11.245 11.5951 12.6784 12.9679 13.1594 13.1727 12.8481 12.0188 11.7992 11.9475 11.1387 11.8074 12.7234 12.6939 12.5746 10.751 9.81011 10.6993 10.4158 9.04101 7.95691 6.88704 4.69651 3.0871 0.779589 -0.954338 -1.02562 0.874822 2.45249 4.42039 5.28734 4.78975 5.32355 6.36977 7.55842 8.1313 7.99168 7.21012 7.09551 6.23575 7.06977 7.13558 6.73864 6.39445 6.51869 7.00868 7.19194 7.97097 8.15574 8.18465 8.1868 8.18689 8.1811 8.17487 8.16333 8.15406 8.14229 8.10623 4.16301 1.0955 -9999 -9999 -9999 -9999 -9999 -9999
-9999 -9999 -9999 -9999 9.97076 10.1594 10.6666 11.9796 12.6624 12.9369 12.9236 13.0493 12.8194 12.0907 11.3425 10.6369 9.727 10.241 11.6071 12.4091 12.4937 10.8942 11.71 11.39 10.7686 8.97356 7.64797 6.9405 4.83686 3.03125 1.4932 -0.626518 0.270628 1.2603 2.53399 4.68084 6.12913 6.72278 6.22006 6.88823 8.25659 8.26112 7.50762 7.55222 7.08963 5.91659 7.12653 7.46244 7.18015 7.24487 7.13177 7.3101 7.64041 7.95647 8.16518 8.18933 8.18858 8.17837 8.17553 8.17416 8.15759 8.15776 8.14599 8.12533 5.57991 1.03164 -9999 -9999 -9999 -9999 -9999 -9999
-9999 -9999 -9999 -9999 -9999 9.27133 10.4368 12.1816 12.6081 12.5638 12.9213 12.949 12.5976 12.2924 11.385 10.1461 7.7684 8.36908 9.62623 11.4403 12.3897 12.2526 11.7082 10.7738 8.52657 6.55843 6.31027 5.9795 4.44148 3.04793 1.33872 2.31677 3.3898 4.56535 5.18137 5.01659 6.25714 7.2684 6.83569 7.65597 8.61305 8.17482 7.91391 7.69382 7.1601 7.12301 7.17246 7.85669 7.37253 7.6593 7.65641 7.63351 7.79097 7.97352 8.16611 8.19373 8.19006 8.19002 8.1644 8.17052 8.15772 8.14551 8.13456 8.11669 7.88583 5.43572 3.97083 -9999 -9999 -9999 -9999 -9999
-9999 -9999 -9999 -9999 -9999 8.18652 8.76453 10.8319 11.464 12.3754 12.8576 12.8763 12.285 11.9543 10.6035 10.1634 7.96413 6.965 7.80394 7.47498 9.97447 12.1846 11.6899 7.20329 5.57173 4.40491 4.69173 4.68439 4.24915 1.88571 1.22942 3.32684 4.64564 5.66695 6.44133 6.59987 6.57016 8.15349 8.36154 8.87431 8.75967 8.8044 8.00039 7.50097 7.92782 7.42357 7.33271 8.03981 7.33105 7.95962 7.87441 7.67745 7.66139 8.07409 8.15348 8.19335 8.19175 8.17205 8.14831 8.13423 8.14634 8.139 8.11508 8.11569 8.09236 7.80044 6.5319 6.08791 6.57788 -9999 -9999 -9999
-9999 -9999 -9999 -9999 -9999 -9999 6.82733 9.70288 11.011 11.6978 12.6673 12.7809 12.4651 11.8948 10.5185 9.308 7.34163 5.09605 3.9016 7.45077 10.5382 12.1457 11.9218 8.18583 6.70542 6.62738 7.48369 6.74286 6.17881 4.37979 3.83774 3.08829 3.53902 4.96494 6.12905 7.25298 8.06982 8.13422 8.66407 8.96628 8.98863 9.08131 8.9837 8.90291 8.12457 8.65324 8.19499 8.42946 8.26853 8.12238 7.9921 7.54398 7.85029 8.12118 8.18719 8.20357 8.18275 8.17542 8.16091 8.13276 8.11938 8.1164 8.11289 8.09799 8.09707 8.08276 7.93987 7.17607 6.15364 4.862 -9999 -9999
-9999 -9999 -9999 -9999 -9999 -9999 5.38436 8.24586 9.61909 11.3928 12.3049 12.6714 12.6184 12.1554 11.1088 9.53519 8.22376 5.71723 3.1143 6.83862 10.1538 11.9405 12.028 8.88369 9.74286 9.03175 9.30538 8.01119 7.46817 7.03378 6.10337 5.08737 3.97778 3.38781 6.00775 7.35152 8.43282 8.94145 9.22806 9.36997 9.28716 9.08761 7.91838 8.80302 8.74962 8.6561 8.54919 8.49427 8.39612 8.28134 8.20726 8.17847 7.87914 8.20624 8.19171 8.19136 8.18868 8.17639 8.15685 8.13994 8.12006 8.11656 8.1061 8.09365 8.08479 8.08002 8.06957 8.02646 7.82243 6.08831 5.05025 4.75675
-9999 -9999 -9999 -9999 -9999 -9999 1.35152 5.5174 8.86426 10.6097 12.0289 12.4159 12.5579 11.9378 11.4733 10.3442 9.27485 7.62672 5.15946 3.63837 6.42361 10.4783 11.9642 11.835 11.7327 10.9125 10.1723 10.0708 10.1169 9.25352 8.00698 6.37907 5.8659 5.29207 7.24206 7.5029 7.35636 9.50282 9.50483 9.37986 8.55449 7.62684 7.79763 7.22522 7.65566 6.97109 7.5904 8.12465 8.32029 8.2973 8.21554 8.20139 8.1629 8.21247 8.20616 8.19201 8.1806 8.17305 8.16184 8.13417 8.11771 8.12475 8.10303 8.08842 8.07793 8.07543 8.06947 8.03699 8.00721 7.73906 7.33664 6.56999
-9999 -9999 -9999 -9999 -9999 -9999 1.53074 5.03063 8.00102 9.77939 11.4905 11.884 12.4587 12.3296 11.843 10.8608 9.63473 8.27749 6.16012 4.58497 6.44836 9.13472 11.0588 11.7386 11.7188 11.6638 11.4716 11.3899 11.1672 11.0023 10.1049 8.56551 7.69397 6.42231 8.59591 8.83573 8.49081 9.57464 9.51676 7.86906 6.6014 6.44039 7.20313 6.46495 6.32938 5.86957 6.38038 7.7581 7.35006 7.42338 8.04016 8.1373 8.19421 8.20642 8.19681 8.18904 8.17412 8.17199 8.17031 8.14291 8.12906 8.12121 8.0953 8.08517 8.0666 8.05334 8.04441 8.02603 7.99854 7.92087 7.833 7.91696
-9999 -9999 -9999 -9999 -9999 -9999 1.60586 3.95008 6.62265 9.24425 11.0719 11.8064 12.3401 12.33 11.7647 11.2744 10.5041 9.30941 8.48845 7.06592 5.11486 8.37198 9.36157 10.2423 10.6144 11.5367 11.5051 11.0696 10.5554 11.0066 10.8615 9.64294 9.23788 8.55922 9.7656 9.76351 9.72547 9.65649 8.26348 6.3288 4.78169 5.88877 5.65269 6.15254 4.56624 5.86374 6.90417 7.23755 6.52349 5.98974 7.61046 7.8708 8.02582 8.12337 8.18595 8.16497 8.17745 8.16415 8.15608 8.14791 8.13129 8.12039 8.10391 8.08717 8.06656 8.05497 8.0344 8.0059 8.00248 7.96452 7.94673 7.92907
-9999 -9999 -9999 -9999 -9999 -9999 -9999 2.56094 5.94747 8.97318 10.6553 11.7114 12.2234 12.2092 11.9177 11.5831 11.1037 10.2405 9.15706 7.44725 6.17643 6.97466 7.94369 8.04129 8.68574 10.5688 11.2064 10.2821 8.00425 9.32928 10.8115 10.7798 10.6456 10.4969 10.3057 10.1365 9.77289 8.80712 5.85753 5.27738 4.11825 4.24581 3.64901 4.93274 4.44183 5.76662 6.33743 6.54914 5.31325 5.56257 6.99726 7.56367 7.46337 7.80936 8.14219 8.14878 8.15437 8.14208 8.14603 8.14575 8.13747 8.11708 8.10343 8.09279 8.05768 8.05908 7.94737 7.87414 7.72794 7.90467 7.92 7.92454
-9999 -9999 -9999 -9999 -9999 -9999 -9999 1.87879 5.26164 8.8262 9.96697 11.1059 12.0885 12.1028 11.6597 11.2382 10.8043 10.3109 8.99748 7.72348 6.50664 6.09447 6.33274 6.29468 7.34235 9.79838 10.2674 10.0557 7.67459 6.86638 8.8496 10.5155 10.6404 10.4823 8.50753 8.92167 7.85471 6.40976 6.00926 5.37486 4.03856 4.67598 3.69578 4.1097 3.98366 4.73352 5.0962 5.98857 4.91089 4.90514 6.31333 7.02368 7.03655 7.78282 8.04614 8.11219 8.12605 8.13525 8.13531 8.14423 8.13464 8.12109 8.10407 8.0659 7.97816 7.70684 6.28118 6.28091 6.66999 7.0382 7.708 7.89434
-9999 -9999 -9999 -9999 -9999 -9999 -9999 2.26637 4.61223 7.77464 10.1158 10.258 11.3938 11.9779 11.4963 10.9549 10.4011 10.1564 8.72721 7.15752 5.88808 4.38605 4.62674 5.69504 7.43217 9.01624 9.29319 8.95644 7.6726 8.26377 9.61419 10.3281 10.5341 10.3605 9.92595 9.67286 8.88576 8.5422 7.45154 5.74875 5.07556 5.49506 3.68733 3.80866 4.47049 3.74704 4.90951 5.46286 4.07303 5.15708 6.4064 7.04271 7.59859 7.8594 7.96086 8.11905 8.11958 8.12974 8.13394 8.12855 8.12561 8.09655 8.07207 7.91809 7.69225 6.36131 5.80064 5.90693 6.51876 7.05432 7.61209 7.84041
-9999 -9999 -9999 -9999 -9999 -9999 -9999 2.66288 4.7746 7.51604 9.18382 9.47798 10.7381 11.8583 11.7278 11.1646 10.9898 10.4062 9.19321 7.85372 6.38984 5.67522 4.03905 5.63801 6.88699 8.2276 8.8508 7.79284 7.26268 8.18145 9.09501 9.45598 10.3793 10.3644 10.0558 8.74423 8.10229 8.36684 8.08868 7.60503 6.4314 6.37484 5.61911 5.30314 5.00419 4.03362 4.63719 4.69268 4.84706 6.15606 6.80388 7.23182 7.6208 7.71964 7.88655 8.10465 8.12042 8.1248 8.12039 8.12128 8.10178 8.03551 7.97919 7.67187 7.13013 6.12188 4.48492 5.63082 6.82924 7.18414 7.52909 7.7081
-9999 -9999 -9999 -9999 -9999 -9999 -9999 2.29798 4.54179 6.88415 7.8605 8.02206 10.3069 11.7041 11.7017 11.4322 11.1181 9.68318 9.76226 9.47118 8.15003 6.22775 4.1168 4.3081 5.54818 7.31378 7.89567 6.15732 5.54202 5.98273 7.36791 8.60738 9.90211 10.2267 9.83942 7.80071 5.63477 6.6322 7.69842 7.68788 7.36906 6.27999 5.93081 5.61408 4.81769 3.4703 3.65249 4.01965 5.50163 5.97028 6.69722 7.30024 7.06637 7.19594 7.77316 8.10274 8.11143 8.11366 8.12106 8.10991 8.08658 7.9574 7.82081 7.59382 6.18598 5.30927 4.03632 5.50529 6.32111 6.75144 7.52827 7.71151
-9999 -9999 -9999 -9999 -9999 -9999 -9999 1.5977 3.22471 5.46349 6.36279 7.80033 9.95931 11.0188 11.5242 11.5081 11.2972 10.6519 10.2618 9.49789 8.1236 6.24619 4.15963 2.79894 3.48108 5.85384 6.40929 4.80893 3.99473 4.99376 6.47059 8.66064 9.90949 10.0732 9.95417 9.52956 7.9468 6.0357 6.03735 6.98859 6.18385 5.24923 5.75555 5.65573 4.86916 4.29541 3.93155 4.13687 4.98036 5.32826 6.16881 7.4119 7.58599 7.5461 8.0672 8.08936 8.09765 8.11363 8.10924 8.10073 8.08131 7.97511 7.74169 6.80324 5.98438 4.84657 4.70262 6.00974 6.58148 7.11169 7.49107 7.61272
-9999 -9999 -9999 -9999 -9999 -9999 -9999 0.395026 2.31031 4.40737 6.37067 8.22795 9.8258 9.9449 10.7854 10.7795 11.2175 11.0856 10.4868 9.84238 8.6574 6.24715 4.21927 2.00801 2.58282 5.01023 5.30496 4.23436 2.26224 4.28526 6.5171 8.53946 9.63166 8.76514 9.64195 9.56419 8.9679 7.82814 6.05882 6.08721 4.75998 4.69734 5.37118 5.58624 5.46764 5.03545 4.34599 4.44235 4.95038 5.0772 5.84923 6.81247 7.75423 7.90877 8.08496 8.08855 8.08745 8.09826 8.09627 8.07271 8.02047 7.90934 7.1218 6.1859 5.60782 4.81365 4.71376 6.22918 6.8233 7.15405 7.48107 7.60817
-9999 -9999 -9999 -9999 -9999 -9999 -9999 -9999 2.10983 4.27662 5.87879 6.30685 7.72671 8.49123 9.08172 9.20882 10.9023 10.9908 10.6091 10.0166 9.00493 7.17441 5.89695 3.77554 2.24874 2.85248 3.12483 3.67673 3.5054 4.4041 6.54864 8.78338 9.02203 7.59297 7.79834 8.09087 8.75317 8.4094 6.00024 4.77367 3.75457 4.46939 5.22152 5.39925 5.43022 5.27823 5.09436 4.78461 5.7926 6.53716 6.70589 7.35473 7.83265 7.96139 8.05742 8.0656 8.07411 8.0703 8.03824 8.01391 7.88883 7.6134 6.7327 4.62032 4.71453 4.48217 3.82197 5.29892 6.22277 7.05616 7.49724 7.60836
-9999 -9999 -9999 -9999 -9999 -9999 -9999 -9999 1.38327 3.8912 4.41743 4.37355 3.53724 3.91564 6.99481 7.61095 9.23481 10.7719 10.6532 10.0716 9.12449 8.03163 6.34282 3.95757 2.06081 1.24766 3.26597 5.24799 5.65381 6.28512 7.59688 7.84141 6.38094 5.01119 5.77176 6.22784 7.98047 8.29604 7.94904 6.49518 4.83354 3.96337 4.97803 5.10846 5.16361 5.16955 5.12413 5.07005 6.19832 6.82508 7.25836 7.49207 7.90168 8.00312 8.03264 8.06033 8.04869 8.02325 7.95375 7.87527 7.54341 7.14246 5.70223 4.50065 3.74959 2.79734 4.92821 5.55553 6.42896 6.98463 7.42293 7.51575
