Test_Spring_2018/11_17/Temp/20171126_023.txt
ncols	170
nrows	115
xllcorner	350000.000000
yllcorner	4445000.000000
cellsize	1000.000000
nodata_value	-9999.000000
[rows 32 to 63 of 115, columns 72 to 143 of 170]
11.6549 11.3196 11.8524 12.3435 12.0586 11.8694 12.6754 12.6813 12.4152 11.7819 11.5533 11.316 11.1728 10.3585 8.06339 5.99487 7.11179 7.14368 6.3807 7.76431 7.04191 5.14849 2.47334 3.93628 3.5629 1.67625 1.21378 -9999 -9999 -9999 -9999 -9999 -9999 -9999 -9999 -9999 -9999 -9999 -9999 -9999 -9999 -9999 -9999 -9999 -9999 -9999 -9999 -9999 -9999 -9999 -9999 -9999 -9999 -9999 -9999 -9999 -9999 -9999 -9999 -9999 -9999 -9999 -9999 -9999 -9999 -9999 -9999 -9999 -9999 -9999 -9999 -9999
11.2033 11.0625 11.8516 11.8411 11.8015 12.0929 12.5966 12.7013 12.6011 12.3282 12.0927 11.8418 11.1962 10.2638 8.30036 5.94511 5.41524 6.57627 6.63728 6.82859 6.17076 5.34308 4.04507 5.11848 5.53891 4.29943 2.67431 1.63133 -9999 -9999 -9999 -9999 -9999 -9999 -9999 -9999 -9999 -9999 -9999 -9999 -9999 -9999 -9999 -9999 -9999 -9999 -9999 -9999 -9999 -9999 -9999 -9999 -9999 -9999 -9999 -9999 -9999 -9999 -9999 -9999 -9999 -9999 -9999 -9999 -9999 -9999 -9999 -9999 -9999 -9999 -9999 -9999
10.6636 9.90972 10.3876 10.748 11.4145 11.5957 11.7 12.6402 12.5967 12.5593 12.1662 11.853 11.3302 10.433 9.15321 7.61115 4.92198 6.58922 7.89597 7.86831 7.80273 7.22461 5.97783 7.03149 7.08646 5.50084 3.6967 2.63386 2.19763 -9999 -9999 -9999 -9999 -9999 -9999 -9999 -9999 -9999 -9999 -9999 -9999 -9999 -9999 -9999 -9999 -9999 -9999 -9999 -9999 -9999 -9999 -9999 -9999 -9999 -9999 -9999 -9999 -9999 -9999 -9999 -9999 -9999 -9999 -9999 -9999 -9999 -9999 -9999 -9999 -9999 -9999 -9999
10.0493 9.12727 9.6081 10.2478 11.1494 11.6233 11.9839 12.2692 12.56 12.5322 12.1297 10.9296 10.7631 10.7165 9.8814 8.12256 6.36604 5.91517 7.90568 8.47946 8.36939 8.81834 7.76307 8.27023 8.07038 7.51174 5.77627 4.19254 3.5392 2.24249 -9999 -9999 -9999 -9999 -9999 -9999 -9999 -9999 -9999 -9999 -9999 -9999 -9999 -9999 -9999 -9999 -9999 -9999 -9999 -9999 -9999 -9999 -9999 -9999 -9999 -9999 -9999 -9999 -9999 -9999 -9999 -9999 -9999 -9999 -9999 -9999 -9999 -9999 -9999 -9999 -9999 -9999
-9999 -9999 8.55405 9.42411 10.1461 11.03 11.7922 12.1764 12.5498 12.526 11.7157 11.3222 11.2929 10.7476 9.7826 9.179 8.07512 6.9248 7.37199 9.07031 8.32308 9.528 9.43223 9.65829 8.86232 7.35148 5.33273 4.15803 3.57404 2.52424 -9999 -9999 -9999 -9999 -9999 -9999 -9999 -9999 -9999 -9999 -9999 -9999 -9999 -9999 -9999 -9999 -9999 -9999 -9999 -9999 -9999 -9999 -9999 -9999 -9999 -9999 -9999 -9999 -9999 -9999 -9999 -9999 -9999 -9999 -9999 -9999 -9999 -9999 -9999 -9999 -9999 -9999
-9999 -9999 -9999 9.27058 9.82245 10.9977 11.6129 11.8644 12.4629 12.47 12.1666 11.9388 11.6057 11.1688 10.4448 9.64555 8.60764 8.51667 9.60507 9.62413 9.40364 9.58714 10.1492 10.0082 8.77391 6.64049 5.51447 3.22728 2.24784 2.35425 1.66149 -9999 -9999 -9999 -9999 -9999 -9999 -9999 -9999 -9999 -9999 -9999 -9999 4.41019 -9999 -9999 -9999 -9999 -9999 -9999 -9999 -9999 -9999 -9999 -9999 -9999 -9999 -9999 -9999 -9999 -9999 -9999 -9999 -9999 0.339588 -9999 -9999 -9999 -9999 -9999 -9999 -9999
-9999 -9999 9.16256 9.89988 10.4747 11.2138 11.2946 11.7385 12.4258 12.4415 12.228 11.9858 11.4342 11.3016 10.8918 10.0235 9.85027 10.21 10.3788 10.5695 10.6891 10.6026 10.383 10.0976 9.30537 8.31789 7.65698 5.56532 4.51166 3.50053 1.96728 0.76895 -9999 -9999 -9999 -9999 -9999 -9999 -9999 3.58576 3.53486 3.56853 3.91242 4.85051 4.30943 -9999 -9999 -9999 -9999 -9999 -9999 -9999 -9999 -9999 -9999 -9999 -9999 -9999 -9999 -9999 -9999 -9999 -9999 -9999 1.18416 -0.0212532 -9999 -9999 -9999 -9999 -9999 -9999
-9999 -9999 9.36562 10.1403 10.5306 11.2489 11.6626 11.9404 12.1826 12.4142 12.3819 12.1132 11.7015 11.7096 11.1401 10.8356 10.6197 11.1044 11.2048 11.0184 10.7832 10.5759 9.97899 9.91513 9.72652 9.10197 8.07287 7.01213 5.48438 3.40105 1.35796 -0.289034 -9999 -9999 -9999 -9999 -9999 -9999 3.75704 4.53722 5.00725 4.0279 4.87661 5.65292 5.53645 4.79744 -9999 -9999 -9999 -9999 -9999 -9999 -9999 -9999 -9999 -9999 -9999 -9999 -9999 -9999 6.90671 5.67068 3.16766 1.88784 1.12261 0.0272652 -9999 -9999 -9999 -9999 -9999 -9999
-9999 -9999 9.2171 10.1312 10.7526 11.305 11.399 11.9667 12.2191 12.3462 12.3375 12.2886 12.2171 11.7207 11.5102 10.7572 11.4882 11.4663 11.2884 10.5674 10.2582 9.01615 8.47298 8.35801 9.41374 8.64402 7.03024 5.01123 2.58689 2.43702 1.63739 0.165823 -9999 -9999 -9999 -9999 -9999 -9999 4.00057 4.83465 5.53204 5.63923 4.666 6.04049 5.99552 5.23668 5.06931 5.70285 6.02682 5.79833 6.55696 6.78146 6.44841 6.82409 -9999 -9999 -9999 -9999 7.0701 7.12606 7.16997 6.65862 3.92368 2.05792 0.38318 0.233854 -9999 -9999 -9999 -9999 -9999 -9999
-9999 -9999 9.8489 10.4147 10.7044 10.7574 11.2539 11.7513 12.0608 12.2852 12.2466 12.2342 12.2205 12.0541 11.6606 11.7377 11.7108 11.4836 10.1054 8.49602 9.20599 8.2543 6.20845 7.88406 8.80657 7.93371 5.97698 3.70694 2.97045 3.00977 1.89551 0.459149 -9999 -9999 -9999 1.72328 2.91421 3.02328 3.37886 4.4892 5.33552 5.97644 6.41424 6.40769 5.96084 5.2188 4.41149 4.70764 6.17725 6.53984 6.85197 7.08429 6.77528 6.94227 7.33841 7.54549 7.59147 7.50453 7.48886 7.52646 7.48564 7.0088 4.56524 3.16851 2.27987 0.487735 -9999 -9999 -9999 -9999 -9999 -9999
-9999 -9999 9.50124 9.99431 10.395 11.055 11.1312 11.5513 11.8045 12.177 12.2238 11.8026 12.1604 12.12 12.0593 11.9246 11.7249 10.5622 8.95774 7.34946 6.61024 6.93434 5.70579 6.34753 7.28223 6.9514 5.75261 3.73095 3.45098 2.98728 1.11227 -0.695092 -9999 -9999 -0.576539 1.70299 3.30988 4.14171 4.40368 4.43457 5.49924 5.58894 6.73485 6.475 4.97628 5.1523 4.57447 4.96046 5.5016 5.6546 6.43386 7.18495 7.33007 7.33806 7.59188 7.64782 7.66586 7.66444 7.50084 7.58375 7.60153 7.3066 5.53635 4.67657 3.72839 0.513897 -9999 -9999 -9999 -9999 -9999 -9999
-9999 -9999 9.75329 10.3036 10.9056 11.0092 11.4569 11.4197 11.3025 11.9228 12.1548 11.859 11.6473 12.0518 12.0292 11.9812 11.8989 10.8066 9.54178 7.62436 6.43532 5.71097 5.19824 4.51216 4.9952 4.85558 4.66626 4.89713 4.34734 3.24257 2.14566 0.0899353 -1.02093 -9999 -0.448952 0.582564 2.49252 4.11677 5.15023 4.78708 5.99686 6.22671 6.92758 6.52688 5.62007 5.23222 5.20372 5.08995 5.9066 6.45947 6.85123 7.11347 7.44123 7.52723 7.61355 7.65228 7.67559 7.69937 7.70047 7.69965 7.6696 7.56264 6.75223 5.89384 4.03202 0.625362 -9999 -9999 -9999 -9999 -9999 -9999
-9999 8.16723 9.69583 10.6139 10.974 11.2359 11.4674 11.6369 11.8153 11.9818 12.0976 12.0572 11.2648 11.3348 11.483 11.9405 11.9133 11.8193 11.1302 8.79588 7.99314 6.81696 5.29268 4.66052 4.98664 6.24762 6.19798 5.37346 4.45373 3.18099 2.37333 1.1135 -1.30854 -1.08538 0.013306 0.832281 2.132 4.11608 5.50892 6.134 6.37419 6.86814 7.1284 6.57551 6.05165 5.83481 5.42729 5.37543 5.38496 5.88078 6.26977 7.12685 7.41773 7.55495 7.62612 7.66651 7.69727 7.72786 7.74198 7.73121 7.738 7.73759 7.68377 6.5394 3.66437 1.50323 -9999 -9999 -9999 -9999 -9999 -9999
-9999 -9999 9.41989 9.82806 9.94053 10.1315 10.5144 10.9545 11.5759 11.6615 12.0056 12.0103 11.3291 10.5403 11.2365 11.5159 11.8056 11.8193 11.7353 9.77382 8.75094 7.94708 6.48579 7.02262 7.53201 7.57674 7.27982 5.50491 3.73709 1.69866 -0.2067 -0.292735 -1.31531 -0.76534 -0.0380006 1.82204 3.13275 3.66767 4.05373 6.07113 6.60046 6.78602 7.30746 6.612 6.44222 5.92149 6.08521 6.0458 6.05544 4.60015 6.0738 6.1662 7.12697 7.56273 7.66589 7.69693 7.72986 7.73929 7.75005 7.75125 7.76687 7.75844 7.74813 7.00649 3.36069 1.53519 -9999 -9999 -9999 -9999 -9999 -9999
-9999 -9999 -9999 -9999 9.56803 9.88123 10.0846 10.4309 11.4774 11.7638 11.9561 11.9779 11.6772 10.8972 10.6951 10.844 10.0823 10.7288 11.6115 11.5952 11.4946 9.77186 8.89485 9.75766 9.50397 8.21102 7.19481 6.19185 4.12116 2.60784 0.423426 -1.21573 -1.27248 0.547528 2.06061 3.94269 4.77612 4.3101 4.82658 5.83119 6.97215 7.52728 7.40452 6.67104 6.57541 5.76873 6.57545 6.65082 6.28565 5.97075 6.10613 6.58449 6.77029 7.52292 7.70897 7.74677 7.75714 7.76511 7.76709 7.76838 7.76442 7.76262 7.75852 7.73145 3.9837 1.07107 -9999 -9999 -9999 -9999 -9999 -9999
-9999 -9999 -9999 -9999 8.85279 9.04668 9.54347 10.807 11.4721 11.7445 11.742 11.8709 11.6606 10.9746 10.2701 9.60568 8.7475 9.2464 10.5578 11.3333 11.4267 9.91728 10.7132 10.4245 9.84912 8.15618 6.91023 6.25269 4.26506 2.56505 1.11373 -0.892546 -0.0268031 0.926005 2.14831 4.20162 5.58861 6.16171 5.69077 6.33537 7.64732 7.66107 6.9536 7.00686 6.57984 5.47489 6.63974 6.97252 6.71676 6.79152 6.70097 6.88274 7.20879 7.52069 7.72966 7.76213 7.77032 7.76844 7.77318 7.77902 7.77022 7.77735 7.77319 7.76075 5.34414 1.02129 -9999 -9999 -9999 -9999 -9999 -9999
-9999 -9999 -9999 -9999 -9999 8.21049 9.33422 11.0091 11.4302 11.3993 11.7501 11.7859 11.46 11.1775 10.3211 9.149 6.8929 7.47417 8.68172 10.4208 11.3376 11.2207 10.7211 9.84725 7.72346 5.86568 5.64589 5.34722 3.89843 2.59098 0.976884 1.92096 2.95442 4.08442 4.68052 4.53213 5.72138 6.6921 6.28781 7.07715 7.99729 7.58926 7.35079 7.15191 6.65711 6.63397 6.69368 7.35826 6.91035 7.1967 7.2112 7.20148 7.36306 7.54793 7.74165 7.77748 7.78269 7.7906 7.77363 7.78658 7.78135 7.77666 7.77326 7.76347 7.55111 5.22641 3.83959 -9999 -9999 -9999 -9999 -9999
-9999 -9999 -9999 -9999 -9999 7.18695 7.7512 9.73333 10.3504 11.2297 11.6994 11.727 11.1728 10.8663 9.58762 9.17627 7.08961 6.14826 6.95739 6.65539 9.04814 11.1664 10.7139 6.45684 4.9192 3.82439 4.11398 4.12328 3.72472 1.49371 0.882495 2.89275 4.16043 5.14371 5.89078 6.05037 6.02999 7.54523 7.75172 8.24815 8.14756 8.19937 7.44357 6.97855 7.39849 6.93038 6.85642 7.54274 6.88093 7.4928 7.42897 7.25354 7.24993 7.65404 7.74001 7.78755 7.79478 7.78399 7.76868 7.76272 7.78124 7.78121 7.76548 7.77332 7.75862 7.48928 6.28947 5.87518 6.35059 -9999 -9999 -9999
-9999 -9999 -9999 -9999 -9999 -9999 5.91568 8.66739 9.92835 10.5939 11.528 11.646 11.354 10.8197 9.51721 8.3723 6.50756 4.37716 3.25268 6.64376 9.59614 11.1401 10.9454 7.4028 6.00876 5.95052 6.78219 6.09276 5.57139 3.87795 3.37555 2.67469 3.11581 4.48417 5.6028 6.68203 7.46801 7.53683 8.04863 8.34644 8.37627 8.47366 8.39049 8.32402 7.59615 8.11159 7.68761 7.92371 7.78349 7.65747 7.55075 7.13609 7.43947 7.70853 7.78177 7.80698 7.79596 7.79701 7.79056 7.77063 7.76601 7.77021 7.77399 7.76711 7.77382 7.76892 7.64113 6.92228 5.95736 4.73625 -9999 -9999
-9999 -9999 -9999 -9999 -9999 -9999 4.55064 7.28881 8.61187 10.3126 11.1907 11.5505 11.5097 11.0777 10.0894 8.59899 7.35817 4.97939 2.50925 6.06847 9.24151 10.9558 11.0527 8.07779 8.91135 8.24979 8.52617 7.3094 6.80778 6.41392 5.54159 4.58689 3.54133 2.99087 5.49597 6.78476 7.8228 8.31489 8.59524 8.73776 8.6704 8.4902 7.38638 8.23921 8.20166 8.12437 8.03478 7.99508 7.91445 7.8181 7.7649 7.74948 7.47598 7.7977 7.79505 7.80436 7.81068 7.8071 7.796 7.78691 7.77471 7.78086 7.77794 7.7735 7.77271 7.77699 7.77536 7.74286 7.55733 5.91479 4.93525 4.66686
-9999 -9999 -9999 -9999 -9999 -9999 0.718948 4.69911 7.89936 9.57362 10.937 11.316 11.4611 10.8798 10.4462 9.37935 8.36929 6.80819 4.46736 3.02818 5.69512 9.56814 11.0025 10.8988 10.8162 10.0502 9.36059 9.27932 9.33827 8.53584 7.36055 5.82344 5.34748 4.81214 6.67937 6.93706 6.80603 8.85816 8.86774 8.75634 7.97812 7.1084 7.28054 6.74679 7.16999 6.5296 7.13137 7.6525 7.85138 7.84217 7.78164 7.7783 7.75344 7.8129 7.81724 7.81341 7.81148 7.81254 7.80954 7.79042 7.78169 7.79525 7.78552 7.77918 7.77666 7.78323 7.7859 7.76354 7.74394 7.49747 7.12321 6.40429
-9999 -9999 -9999 -9999 -9999 -9999 0.894926 4.24424 7.08546 8.79182 10.4326 10.8178 11.3752 11.2617 10.8074 9.88073 8.72165 7.4378 5.43034 3.93975 5.72447 8.29915 10.1437 10.8103 10.8126 10.7749 10.6067 10.5402 10.3433 10.2064 9.36553 7.9135 7.09552 5.89563 7.97594 8.21382 7.89414 8.9346 8.88746 7.32619 6.12701 5.98211 6.72438 6.03141 5.91571 5.4903 5.98849 7.31259 6.93318 7.01576 7.62091 7.72538 7.79276 7.81523 7.81635 7.81858 7.81337 7.81974 7.826 7.80737 7.80139 7.80104 7.78353 7.78635 7.77656 7.7731 7.7726 7.76368 7.74625 7.68114 7.60735 7.69865
-9999 -9999 -9999 -9999 -9999 -9999 0.966768 3.22328 5.78065 8.29014 10.0419 10.7519 11.2703 11.2704 10.7413 10.2834 9.55872 8.42987 7.65721 6.31207 4.46414 7.57684 8.53725 9.39519 9.75809 10.6508 10.6355 10.2358 9.77382 10.2174 10.0942 8.94629 8.57245 7.9373 9.0966 9.1043 9.07713 9.02004 7.70173 5.86748 4.40246 5.46543 5.24972 5.74351 4.24628 5.48903 6.49161 6.82126 6.15455 5.65862 7.21975 7.48158 7.64034 7.74393 7.81371 7.80336 7.82432 7.82018 7.82057 7.8205 7.81217 7.8092 7.80095 7.7926 7.78679 7.78508 7.77398 7.75648 7.76204 7.73416 7.72609 7.72074
-9999 -9999 -9999 -9999 -9999 -9999 -9999 1.90013 5.13954 8.03296 9.64648 10.6633 11.1615 11.1581 10.8902 10.5809 10.1334 9.32034 8.2977 6.67885 5.47854 6.24928 7.19048 7.30327 7.93032 9.73742 10.3588 9.49305 7.3445 8.62284 10.0478 10.0304 9.91483 9.78474 9.61722 9.46598 9.12901 8.21817 5.4178 4.86993 3.77448 3.90464 3.34538 4.58662 4.13295 5.40565 5.96075 6.17422 5.00933 5.26517 6.64621 7.19698 7.11249 7.45263 7.77957 7.79547 7.80993 7.80689 7.81894 7.82665 7.82655 7.81522 7.80999 7.80773 7.78931 7.8002 7.70242 7.64142 7.51101 7.68821 7.7117 7.72767
-9999 -9999 -9999 -9999 -9999 -9999 -9999 1.26024 4.49372 7.90002 8.99775 10.0934 11.0397 11.0636 10.6514 10.2595 9.85563 9.39506 8.15364 6.95004 5.80128 5.41936 5.65747 5.64887 6.65952 9.01185 9.47219 9.28448 7.04022 6.28381 8.18545 9.78447 9.91539 9.77627 7.90634 8.31091 7.30443 5.93753 5.56501 4.96961 3.7058 4.32184 3.39771 3.80169 3.70559 4.43061 4.78728 5.64869 4.63414 4.64687 6.00285 6.69046 6.71356 7.43477 7.69564 7.76821 7.79067 7.80828 7.81686 7.8336 7.83255 7.82766 7.8195 7.79129 7.71604 7.4737 6.12595 6.13448 6.51387 6.87344 7.52351 7.70947
-9999 -9999 -9999 -9999 -9999 -9999 -9999 1.63678 3.88236 6.9054 9.14615 9.29239 10.3846 10.951 10.5023 9.99638 9.47855 9.25515 7.90369 6.4187 5.21998 3.80019 4.04057 5.06964 6.75322 8.27473 8.55168 8.24434 7.04509 7.62092 8.91955 9.61167 9.81959 9.66557 9.26245 9.03168 8.29192 7.9742 6.94474 5.33223 4.70028 5.1091 3.39711 3.52262 4.16327 3.49967 4.61784 5.15615 3.84406 4.89849 6.09934 6.71624 7.25631 7.51507 7.62174 7.78207 7.7919 7.81057 7.82328 7.82665 7.8322 7.81283 7.79784 7.6596 7.45305 6.19424 5.67857 5.78864 6.38021 6.89919 7.44265 7.66871
-9999 -9999 -9999 -9999 -9999 -9999 -9999 2.0216 4.04391 6.66577 8.26498 8.55579 9.76634 10.8433 10.7291 10.2025 10.0458 9.4998 8.35448 7.08889 5.70514 5.03531 3.48825 5.02257 6.24178 7.53108 8.13738 7.15358 6.6613 7.54874 8.43099 8.78667 9.67753 9.67454 9.39135 8.15262 7.55126 7.8129 7.55751 7.10635 5.99813 5.95387 5.244 4.95322 4.67898 3.78084 4.36662 4.43062 4.5936 5.85784 6.48568 6.90398 7.28495 7.38936 7.55831 7.77571 7.80012 7.81342 7.81812 7.82769 7.81774 7.76319 7.71814 7.43412 6.92697 5.97566 4.43575 5.53596 6.68625 7.03342 7.37416 7.55332
-9999 -9999 -9999 -9999 -9999 -9999 -9999 1.68114 3.82896 6.0705 7.011 7.17538 9.36165 10.7024 10.7102 10.4634 10.1742 8.81763 8.90299 8.63603 7.38834 5.56848 3.5693 3.76298 4.96529 6.66793 7.23457 5.6028 5.02912 5.46097 6.79206 7.98412 9.22849 9.5486 9.19051 7.25934 5.20674 6.16653 7.1917 7.19139 6.89753 5.87025 5.54779 5.25647 4.50862 3.24127 3.43677 3.79747 5.23163 5.68881 6.39187 6.97677 6.76447 6.89806 7.45773 7.7813 7.79905 7.81042 7.82653 7.82485 7.81148 7.69727 7.57604 7.36877 6.03703 5.21121 4.01008 5.42666 6.21269 6.63534 7.38398 7.56725
-9999 -9999 -9999 -9999 -9999 -9999 -9999 1.02111 2.58127 4.72393 5.59083 6.97019 9.03648 10.0556 10.5469 10.5416 10.3507 9.74623 9.38498 8.66786 7.36972 5.5927 3.61679 2.33245 2.99383 5.28443 5.83112 4.32532 3.56197 4.52526 5.94338 8.04048 9.24098 9.40776 9.30506 8.91109 7.41396 5.60401 5.61556 6.53143 5.77508 4.89514 5.38765 5.3031 4.56476 4.02928 3.7103 3.92232 4.74313 5.08524 5.89641 7.09079 7.26693 7.23908 7.74527 7.77609 7.79351 7.81808 7.82312 7.82413 7.8147 7.72263 7.50941 6.62483 5.85423 4.77998 4.65231 5.91729 6.47133 6.98894 7.35919 7.48392
-9999 -9999 -9999 -9999 -9999 -9999 -9999 -0.11748 1.71698 3.72444 5.60441 7.3833 8.91505 9.03848 9.84887 9.85328 10.2804 10.165 9.60512 9.00203 7.88432 5.6 3.68007 1.58574 2.14489 4.4787 4.79227 3.78468 1.9184 3.85668 5.99362 7.93082 8.98196 8.16751 9.01308 8.94941 8.3918 7.31654 5.6417 5.67893 4.42523 4.37597 5.02825 5.24379 5.14176 4.74124 4.10127 4.22128 4.72242 4.85398 5.59986 6.52768 7.43485 7.59213 7.76984 7.78298 7.79151 7.81124 7.81869 7.80553 7.76504 7.66849 6.9278 6.04589 5.50484 4.75807 4.67258 6.12754 6.71205 7.03981 7.36036 7.49044
-9999 -9999 -9999 -9999 -9999 -9999 -9999 -9999 1.53253 3.60616 5.14198 5.55956 6.92162 7.65957 8.23182 8.36285 9.98575 10.0803 9.7273 9.17377 8.2213 6.48924 5.28411 3.27546 1.83323 2.43671 2.72259 3.26011 3.10868 3.97608 6.02971 8.169 8.40709 7.05678 7.26282 7.55175 8.19276 7.87564 5.5916 4.43386 3.47383 4.16522 4.89231 5.07254 5.11316 4.97967 4.82778 4.56142 5.53232 6.25223 6.42358 7.05196 7.51739 7.65007 7.75143 7.76894 7.78665 7.79253 7.77144 7.7577 7.64801 7.39519 6.566 4.56392 4.66335 4.45188 3.83302 5.25059 6.1541 6.95716 7.38653 7.50158
-9999 -9999 -9999 -9999 -9999 -9999 -9999 -9999 0.847057 3.24534 3.75626 3.72416 2.93738 3.30744 6.24964 6.84636 8.40296 9.87719 9.77472 9.23178 8.34099 7.31164 5.71497 3.45523 1.6608 0.910228 2.85429 4.76299 5.16115 5.77381 7.0342 7.27798 5.89778 4.60379 5.33846 5.78307 7.46244 7.77327 7.45321 6.07918 4.50744 3.68963 4.66699 4.80244 4.86634 4.88349 4.85904 4.82926 5.92655 6.53437 6.95773 7.19079 7.59116 7.69783 7.73583 7.77192 7.77046 7.75578 7.69911 7.63389 7.32744 6.95525 5.59341 4.45897 3.75367 2.85687 4.89634 5.50511 6.35175 6.89967 7.32664 7.42447
