Test_Spring_2018/11_17/Temp/20171104_006.txt
ncols	170
nrows	115
xllcorner	350000.000000
yllcorner	4445000.000000
cellsize	1000.000000
nodata_value	-9999.000000
[rows 32 to 63 of 115, columns 72 to 143 of 170]
10.3679 10.0139 10.5703 11.0832 10.7945 10.6016 11.4486 11.4532 11.1724 10.5064 10.2645 10.0132 9.8604 9.00384 6.5946 4.42287 5.59088 5.62135 4.81856 6.26649 5.50655 3.51908 0.712229 2.24411 1.8509 -0.116546 -0.601337 -9999 -9999 -9999 -9999 -9999 -9999 -9999 -9999 -9999 -9999 -9999 -9999 -9999 -9999 -9999 -9999 -9999 -9999 -9999 -9999 -9999 -9999 -9999 -9999 -9999 -9999 -9999 -9999 -9999 -9999 -9999 -9999 -9999 -9999 -9999 -9999 -9999 -9999 -9999 -9999 -9999 -9999 -9999 -9999 -9999
9.88822 9.7382 10.5633 10.5501 10.515 10.8298 11.3598 11.4679 11.361 11.0728 10.8237 10.5582 9.87858 8.89825 6.83682 4.36451 3.80601 5.02035 5.08149 5.27937 4.58713 3.71699 2.35393 3.47733 3.91628 2.61964 0.923677 -0.164024 -9999 -9999 -9999 -9999 -9999 -9999 -9999 -9999 -9999 -9999 -9999 -9999 -9999 -9999 -9999 -9999 -9999 -9999 -9999 -9999 -9999 -9999 -9999 -9999 -9999 -9999 -9999 -9999 -9999 -9999 -9999 -9999 -9999 -9999 -9999 -9999 -9999 -9999 -9999 -9999 -9999 -9999 -9999 -9999
9.31594 8.52314 9.02196 9.39769 10.1098 10.3056 10.4135 11.3976 11.3501 11.3089 10.8945 10.5637 10.0129 9.06947 7.72481 6.10511 3.2827 5.02779 6.39501 6.3633 6.292 5.68349 4.37412 5.47678 5.53252 3.87513 1.99735 0.880663 0.420822 -9999 -9999 -9999 -9999 -9999 -9999 -9999 -9999 -9999 -9999 -9999 -9999 -9999 -9999 -9999 -9999 -9999 -9999 -9999 -9999 -9999 -9999 -9999 -9999 -9999 -9999 -9999 -9999 -9999 -9999 -9999 -9999 -9999 -9999 -9999 -9999 -9999 -9999 -9999 -9999 -9999 -9999 -9999
8.66528 7.69621 8.19818 8.86688 9.81832 10.3239 10.7048 11.0024 11.3055 11.2744 10.8502 9.58945 9.41223 9.36065 8.48217 6.63516 4.79057 4.31491 6.399 6.99784 6.87988 7.34819 6.2396 6.7693 6.55788 5.97311 4.16283 2.50851 1.82105 0.458876 -9999 -9999 -9999 -9999 -9999 -9999 -9999 -9999 -9999 -9999 -9999 -9999 -9999 -9999 -9999 -9999 -9999 -9999 -9999 -9999 -9999 -9999 -9999 -9999 -9999 -9999 -9999 -9999 -9999 -9999 -9999 -9999 -9999 -9999 -9999 -9999 -9999 -9999 -9999 -9999 -9999 -9999
-9999 -9999 7.08647 8.00464 8.76269 9.6954 10.4976 10.899 11.2887 11.2619 10.4101 9.99512 9.9618 9.38727 8.37255 7.73669 6.57629 5.36725 5.83319 7.61104 6.82503 8.08594 7.98336 8.21839 7.38205 5.80603 3.69141 2.46606 1.85139 0.748142 -9999 -9999 -9999 -9999 -9999 -9999 -9999 -9999 -9999 -9999 -9999 -9999 -9999 -9999 -9999 -9999 -9999 -9999 -9999 -9999 -9999 -9999 -9999 -9999 -9999 -9999 -9999 -9999 -9999 -9999 -9999 -9999 -9999 -9999 -9999 -9999 -9999 -9999 -9999 -9999 -9999 -9999
-9999 -9999 -9999 7.83717 8.41699 9.64818 10.3033 10.5657 11.1917 11.1973 10.8771 10.6359 10.2839 9.82295 9.0609 8.21978 7.12845 7.02998 8.16814 8.18532 7.95156 8.14159 8.72871 8.57903 7.28598 5.0543 3.87205 1.48405 0.454896 0.563982 -0.165046 -9999 -9999 -9999 -9999 -9999 -9999 -9999 -9999 -9999 -9999 -9999 -9999 2.66132 -9999 -9999 -9999 -9999 -9999 -9999 -9999 -9999 -9999 -9999 -9999 -9999 -9999 -9999 -9999 -9999 -9999 -9999 -9999 -9999 -1.70827 -9999 -9999 -9999 -9999 -9999 -9999 -9999
-9999 -9999 7.71086 8.49241 9.09439 9.86871 9.95909 10.4277 11.1469 11.1618 10.9358 10.6794 10.0984 9.95647 9.52368 8.61003 8.42512 8.79911 8.97302 9.17003 9.29288 9.19978 8.96759 8.66657 7.84347 6.8067 6.11236 3.92123 2.82248 1.76007 0.149973 -1.10929 -9999 -9999 -9999 -9999 -9999 -9999 -9999 1.81084 1.7525 1.78276 2.13822 3.11663 2.54422 -9999 -9999 -9999 -9999 -9999 -9999 -9999 -9999 -9999 -9999 -9999 -9999 -9999 -9999 -9999 -9999 -9999 -9999 -9999 -0.830538 -2.09954 -9999 -9999 -9999 -9999 -9999 -9999
-9999 -9999 7.9257 8.73764 9.14658 9.89944 10.3328 10.6335 10.8863 11.1275 11.0917 10.8076 10.3732 10.3785 9.77817 9.45544 9.22571 9.73045 9.83251 9.63414 9.38492 9.16535 8.53755 8.469 8.27852 7.62256 6.5425 5.42922 3.83659 1.65025 -0.494206 -2.22372 -9999 -9999 -9999 -9999 -9999 -9999 1.98984 2.80278 3.29045 2.25847 3.14306 3.95172 3.82435 3.04798 -9999 -9999 -9999 -9999 -9999 -9999 -9999 -9999 -9999 -9999 -9999 -9999 -9999 -9999 5.18187 3.88086 1.25153 -0.0953506 -0.902742 -2.0563 -9999 -9999 -9999 -9999 -9999 -9999
-9999 -9999 7.76254 8.72105 9.3729 9.95223 10.0509 10.6498 10.919 11.0509 11.0399 10.9862 10.9084 10.3846 10.1604 9.36732 10.1301 10.1036 9.91369 9.15464 8.82786 7.52338 6.95209 6.83815 7.94406 7.13625 5.44355 3.32596 0.790664 0.634208 -0.206338 -1.75176 -9999 -9999 -9999 -9999 -9999 -9999 2.23995 3.10923 3.83509 3.94211 2.91632 4.352 4.30297 3.5019 3.32092 3.97962 4.31374 4.07248 4.86353 5.09296 4.73783 5.12581 -9999 -9999 -9999 -9999 5.35571 5.40916 5.45007 4.90891 2.03649 0.075341 -1.68556 -1.84759 -9999 -9999 -9999 -9999 -9999 -9999
-9999 -9999 8.41738 9.01127 9.31586 9.3722 9.89332 10.4187 10.7476 10.9802 10.9379 10.9224 10.9051 10.7273 10.311 10.3878 10.3556 10.1135 8.66488 6.97415 7.71558 6.71792 4.57621 6.33434 7.30092 6.38536 4.33353 1.95318 1.1876 1.22955 0.0593946 -1.45002 -9999 -9999 -9999 -0.138954 1.10501 1.21437 1.58191 2.74057 3.6223 4.29004 4.74346 4.73455 4.2602 3.47664 2.62463 2.92952 4.46469 4.83919 5.16557 5.40309 5.07305 5.23935 5.64893 5.86038 5.90301 5.80638 5.78457 5.81871 5.7707 5.2656 2.70155 1.23222 0.295551 -1.58896 -9999 -9999 -9999 -9999 -9999 -9999
-9999 -9999 8.04654 8.56453 8.98579 9.67777 9.75852 10.1995 10.4682 10.8617 10.909 10.465 10.8371 10.7912 10.7235 10.5781 10.3645 9.14125 7.45513 5.76542 4.98738 5.32859 4.03896 4.71305 5.69251 5.34933 4.09249 1.97279 1.679 1.19822 -0.767597 -2.66471 -9999 -9999 -2.55017 -0.164522 1.51544 2.38242 2.65161 2.6783 3.78873 3.87689 5.07243 4.79715 3.21989 3.39873 2.78899 3.18798 3.74625 3.90105 4.7153 5.49831 5.64456 5.64708 5.90743 5.96038 5.9737 5.96673 5.78983 5.87148 5.88492 5.57056 3.70944 2.8029 1.80314 -1.57219 -9999 -9999 -9999 -9999 -9999 -9999
-9999 -9999 8.30351 8.88185 9.51434 9.62434 10.0948 10.0566 9.93711 10.587 10.8318 10.5192 10.2942 10.7146 10.6866 10.6318 10.541 9.39122 8.06098 6.04698 4.79723 4.03871 3.49973 2.78245 3.28856 3.14218 2.94391 3.18629 2.61399 1.46113 0.309879 -1.8461 -3.01331 -9999 -2.42055 -1.34341 0.654195 2.3518 3.42964 3.04297 4.30529 4.54015 5.27143 4.84541 3.8886 3.47306 3.43731 3.31227 4.16284 4.73827 5.14603 5.41506 5.75404 5.83833 5.92304 5.95795 5.97679 5.99624 5.99202 5.98589 5.94919 5.83191 4.97712 4.07158 2.11441 -1.46238 -9999 -9999 -9999 -9999 -9999 -9999
-9999 6.62644 8.23587 9.20026 9.57968 9.85605 10.1004 10.2792 10.4696 10.6443 10.7646 10.7222 9.88814 9.95767 10.1086 10.5836 10.5501 10.4468 9.71992 7.26859 6.4263 5.19191 3.5925 2.93111 3.27301 4.59544 4.54404 3.68036 2.71683 1.38793 0.544088 -0.778284 -3.31916 -3.08825 -1.94007 -1.08581 0.271877 2.34658 3.80101 4.45021 4.69573 5.20928 5.47603 4.88758 4.33197 4.09848 3.66525 3.60505 3.60937 4.12367 4.52838 5.42233 5.72147 5.86046 5.92929 5.96595 5.99261 6.0192 6.02864 6.01207 6.01398 6.0084 5.94647 4.7415 1.72097 -0.550056 -9999 -9999 -9999 -9999 -9999 -9999
-9999 -9999 7.93936 8.3696 8.48984 8.69228 9.09569 9.55868 10.2137 10.3033 10.6632 10.6666 9.95046 9.11939 9.84468 10.1327 10.4312 10.4406 10.3479 8.28962 7.21444 6.36967 4.83642 5.40078 5.93512 5.98271 5.67242 3.81271 1.96043 -0.171108 -2.16889 -2.2598 -3.33126 -2.75711 -1.99824 -0.0525212 1.3166 1.87179 2.27048 4.37925 4.92914 5.11552 5.65552 4.91976 4.73522 4.18299 4.34857 4.30137 4.30578 2.77447 4.31625 4.40745 5.40919 5.86116 5.96424 5.99112 6.02007 6.02449 6.0304 6.02637 6.03752 6.02323 6.00653 5.2236 1.3958 -0.523372 -9999 -9999 -9999 -9999 -9999 -9999
-9999 -9999 -9999 -9999 8.09305 8.42394 8.63945 9.00434 10.1051 10.4055 10.6062 10.6273 10.3092 9.48817 9.27152 9.42237 8.61846 9.29128 10.213 10.1923 10.084 8.27591 7.35709 8.26155 7.99604 6.64141 5.57728 4.52724 2.35777 0.776889 -1.51317 -3.23218 -3.29292 -1.38687 0.197266 2.16607 3.03472 2.54037 3.07565 4.12235 5.31177 5.8869 5.7513 4.9755 4.86855 4.0164 4.85604 4.92915 4.54059 4.20493 4.34355 4.83946 5.02875 5.81241 6.00208 6.03682 6.04216 6.04505 6.04175 6.03779 6.02792 6.02059 6.01086 5.97703 2.04227 -1.01673 -9999 -9999 -9999 -9999 -9999 -9999
-9999 -9999 -9999 -9999 7.33697 7.54295 8.06621 9.3929 10.0939 10.3797 10.3763 10.5096 10.2863 9.56321 8.82003 8.1181 7.21312 7.7312 9.10169 9.9111 10.0061 8.42166 9.25681 8.95407 8.3514 6.57754 5.27272 4.58503 2.50287 0.726356 -0.794898 -2.89864 -1.99204 -0.995099 0.283368 2.43223 3.8812 4.47608 3.97614 4.64525 6.01379 6.02115 5.27236 5.32128 4.86676 3.70181 4.91687 5.25983 4.98598 5.05889 4.9606 5.14564 5.48205 5.80371 6.0175 6.04624 6.04961 6.0422 6.04179 6.04237 6.02766 6.02962 6.01973 6.00116 3.46195 -1.07564 -9999 -9999 -9999 -9999 -9999 -9999
-9999 -9999 -9999 -9999 -9999 6.66015 7.84072 9.59866 10.0439 10.0117 10.3787 10.4144 10.0699 9.76987 8.86733 7.63314 5.26241 5.86683 7.1284 8.94799 9.90635 9.78178 9.25862 8.34234 6.11627 4.16963 3.94071 3.62934 2.11221 0.747313 -0.944516 0.0451048 1.12762 2.3104 2.93236 2.77269 4.01442 5.02631 4.59604 5.41683 6.3745 5.93954 5.68237 5.46684 4.9412 4.9104 4.96676 5.65757 5.18228 5.47707 5.48895 5.47329 5.63734 5.8259 6.02377 6.0561 6.05627 6.05919 6.03595 6.04402 6.03299 6.02249 6.01331 5.99743 5.76917 3.32648 1.86696 -9999 -9999 -9999 -9999 -9999
-9999 -9999 -9999 -9999 -9999 5.58082 6.17465 8.25463 8.9052 9.82719 10.3188 10.3459 9.76199 9.43699 8.09189 7.65532 5.46214 4.47055 5.31441 4.99402 7.49975 9.71853 9.24479 4.78131 3.16968 2.02288 2.32794 2.33937 1.92327 -0.40993 -1.05033 1.05709 2.38517 3.41413 4.19439 4.35764 4.33117 5.91376 6.12424 6.63792 6.52539 6.57252 5.77293 5.27833 5.71174 5.21439 5.13059 5.84421 5.14467 5.78079 5.71061 5.52128 5.51222 5.93071 6.01568 6.06034 6.06258 6.04593 6.02433 6.01269 6.02649 6.0208 5.99861 6.00112 5.98003 5.69223 4.42874 3.98889 4.48187 -9999 -9999 -9999
-9999 -9999 -9999 -9999 -9999 -9999 4.24364 7.13019 8.45572 9.15347 10.1318 10.2537 9.946 9.38159 8.01131 6.8058 4.84542 2.60661 1.42425 4.97586 8.06829 9.68491 9.48127 5.76679 4.30553 4.2453 5.11849 4.39713 3.85205 2.08239 1.55594 0.820805 1.28219 2.7156 3.88461 5.01207 5.83106 5.89725 6.42711 6.73381 6.75808 6.85303 6.75869 6.68197 5.912 6.44588 5.99513 6.23673 6.08408 5.94659 5.83154 5.39145 5.70431 5.98126 6.05294 6.07393 6.05723 6.05299 6.04068 6.014 6.00402 6.00269 6.00089 5.98791 5.98919 5.97862 5.83906 5.07989 4.06278 2.77713 -9999 -9999
-9999 -9999 -9999 -9999 -9999 -9999 2.8057 5.67769 7.06811 8.85089 9.77228 10.1479 10.1018 9.64495 8.6042 7.03663 5.7306 3.23156 0.637035 4.3651 7.69058 9.48567 9.58581 6.4682 7.34219 6.64912 6.9398 5.66523 5.14052 4.7333 3.81874 2.81726 1.72105 1.14049 3.76386 5.11105 6.19439 6.70446 6.99179 7.13406 7.05833 6.86293 5.6986 6.58578 6.53967 6.45216 6.35204 6.30451 6.21437 6.10801 6.04918 6.02771 5.73579 6.06769 6.05954 6.0643 6.06578 6.05669 6.03947 6.02416 6.00539 6.00632 5.99824 5.98776 5.98115 5.9802 5.9729 5.93332 5.73338 4.00592 2.97364 2.68662
-9999 -9999 -9999 -9999 -9999 -9999 -1.2185 2.95519 6.31598 8.07053 9.49961 9.89442 10.0433 9.42992 8.97096 7.84773 6.78388 5.14237 2.68361 1.17062 3.9642 8.0222 9.52703 9.41959 9.33272 8.52978 7.80726 7.72279 7.78538 6.94965 5.71901 4.10643 3.60416 3.04057 4.99511 5.26125 5.11897 7.26479 7.26844 7.1447 6.32151 5.40554 5.57889 5.01353 5.45063 4.77282 5.39761 5.93812 6.14106 6.12607 6.05968 6.05033 6.01921 6.07601 6.07563 6.06661 6.05941 6.05517 6.04644 6.0206 6.00548 6.0136 5.99805 5.98533 5.97826 5.97974 5.97695 5.94802 5.92206 5.65834 5.26071 4.50134
-9999 -9999 -9999 -9999 -9999 -9999 -1.03856 2.47659 5.45497 7.24463 8.96293 9.36425 9.94542 9.82269 9.34213 8.36615 7.14632 5.79573 3.68668 2.11993 3.98767 6.68552 8.61741 9.31754 9.32215 9.28238 9.1061 9.03831 8.83231 8.69442 7.81212 6.28653 5.42713 4.16663 6.34448 6.58986 6.24986 7.33517 7.27955 5.63598 4.37171 4.21263 4.98777 4.25435 4.12651 3.67569 4.19194 5.57437 5.17008 5.25139 5.88318 5.98753 6.05239 6.07099 6.0672 6.0645 6.05385 6.05515 6.05613 6.03082 6.0186 6.01217 5.9877 5.98554 5.96926 5.96019 5.95588 5.94106 5.91741 5.84386 5.75984 5.85
-9999 -9999 -9999 -9999 -9999 -9999 -0.971645 1.39883 4.07919 6.71093 8.54537 9.28716 9.82751 9.82394 9.26529 8.78089 8.01677 6.82891 6.01468 4.60056 2.65975 5.92038 6.92661 7.82722 8.20779 9.1435 9.1275 8.70858 8.23276 8.69713 8.56466 7.35959 6.96557 6.29698 7.50908 7.51311 7.47988 7.41463 6.0265 4.097 2.55431 3.66191 3.42887 3.94443 2.36836 3.66387 4.70891 5.04871 4.34612 3.82088 5.45505 5.72353 5.88491 5.9885 6.05664 6.04069 6.05744 6.04771 6.04254 6.03672 6.02208 6.01296 5.99827 5.98347 5.97251 5.9654 5.9481 5.92238 5.92288 5.89068 5.87715 5.86592
-9999 -9999 -9999 -9999 -9999 -9999 -9999 0.00311217 3.40113 6.43299 8.1225 9.18592 9.70517 9.69813 9.41348 9.08514 8.61189 7.75536 6.67926 4.97836 3.71667 4.52198 5.50833 5.62789 6.28428 8.17825 8.82936 7.92137 5.67514 7.0123 8.50499 8.48505 8.3617 8.22258 8.04444 7.88179 7.52383 6.56362 3.62185 3.04043 1.88542 2.01522 1.42216 2.7221 2.24038 3.56847 4.14442 4.36245 3.13562 3.40149 4.84326 5.41556 5.32195 5.67358 6.01275 6.02426 6.03416 6.02557 6.03264 6.035 6.02904 6.00973 5.99816 5.98973 5.96555 5.97185 5.86369 5.79427 5.65226 5.83291 5.85255 5.86302
-9999 -9999 -9999 -9999 -9999 -9999 -9999 -0.671835 2.7166 6.28589 7.4344 8.58037 9.56938 9.59099 9.15514 8.74044 8.31308 7.8263 6.52099 5.25557 4.04798 3.64476 3.89206 3.88624 4.94452 7.40977 7.89159 7.69407 5.34512 4.55059 6.54265 8.21709 8.35189 8.20308 6.23909 6.65922 5.59939 4.16117 3.76503 3.13485 1.80362 2.44314 1.46781 1.88498 1.78403 2.53803 2.90601 3.80339 2.73416 2.74514 4.16057 4.87624 4.89532 5.64638 5.9148 5.98573 6.004 6.01705 6.02047 6.03231 6.02537 6.01432 5.99981 5.9643 5.87955 5.62087 4.20314 4.20669 4.59922 4.9711 5.64663 5.83627
-9999 -9999 -9999 -9999 -9999 -9999 -9999 -0.284025 2.06828 5.23542 7.5821 7.73252 8.87446 9.46489 8.99087 8.45667 7.90997 7.672 6.25145 4.6911 3.43118 1.9398 2.18937 3.26621 5.03515 6.62902 6.9182 6.59488 5.34124 5.94312 7.30259 8.02588 8.24115 8.07653 7.65028 7.40426 6.62411 6.28601 5.2013 3.50497 2.83645 3.25898 1.45789 1.58332 2.24893 1.55366 2.72008 3.27872 1.8975 2.99979 4.25333 4.89476 5.45574 5.72184 5.82847 5.99134 5.99632 6.01047 6.01825 6.01612 6.0162 5.99008 5.96855 5.81783 5.59557 4.27017 3.72617 3.83626 4.45132 4.99037 5.55353 5.78573
-9999 -9999 -9999 -9999 -9999 -9999 -9999 0.112522 2.23035 4.97658 6.65039 6.95222 8.21813 9.34382 9.22049 8.66471 8.49678 7.92067 6.71634 5.38611 3.93223 3.22713 1.60261 3.20904 4.49114 5.8413 6.47549 5.44805 4.92989 5.85816 6.78077 7.15104 8.0821 8.07564 7.77501 6.47216 5.83715 6.10657 5.83358 5.35506 4.18743 4.13515 3.38493 3.0741 2.78065 1.83998 2.44825 2.50961 2.67433 3.99708 4.64976 5.08286 5.47691 5.58107 5.7529 5.97551 5.99573 6.00424 6.00364 6.00809 5.99201 5.92914 5.87625 5.57283 5.03555 4.03268 2.41505 3.56335 4.76425 5.12279 5.47381 5.65684
-9999 -9999 -9999 -9999 -9999 -9999 -9999 -0.251342 1.99772 4.3449 5.32785 5.49692 7.7857 9.18791 9.19246 8.93009 8.62328 7.1974 7.28346 7.00029 5.6891 3.77827 1.67968 1.88044 3.1424 4.92817 5.52056 3.8135 3.20973 3.66007 5.05301 6.29994 7.60144 7.93357 7.55431 5.52543 3.36889 4.37036 5.44009 5.4344 5.12076 4.03803 3.69417 3.38292 2.59303 1.25984 1.4648 1.83719 3.3376 3.81114 4.54258 5.15023 4.92215 5.05677 5.63814 5.97199 5.98518 5.99165 6.00306 5.99578 5.97622 5.85094 5.71832 5.49554 4.09387 3.22272 1.95946 3.44059 4.25967 4.696 5.47608 5.66344
-9999 -9999 -9999 -9999 -9999 -9999 -9999 -0.950248 0.68233 2.92553 3.83105 5.27376 7.43659 8.50141 9.01288 9.00372 8.79995 8.1627 7.78058 7.02551 5.66147 3.79558 1.72138 0.37247 1.06372 3.46942 4.03959 2.4655 1.66268 2.67001 4.154 6.34962 7.60495 7.7762 7.66462 7.24735 5.67319 3.77079 3.77789 4.7329 3.93449 3.00638 3.5171 3.42274 2.64289 2.07576 1.74291 1.95904 2.81663 3.16943 4.01411 5.26064 5.43968 5.40492 5.93011 5.95694 5.96974 5.99004 5.98987 5.98549 5.97019 5.86825 5.63935 4.70662 3.89345 2.76198 2.62302 3.94668 4.52239 5.05858 5.44199 5.568
-9999 -9999 -9999 -9999 -9999 -9999 -9999 -2.15094 -0.231112 1.87002 3.83743 5.69879 7.301 7.42666 8.27258 8.27352 8.71778 8.59331 8.00294 7.36749 6.19269 3.79496 1.77949 -0.418657 0.165387 2.61388 2.94898 1.89009 -0.0692049 1.9602 4.19769 6.22554 7.32414 6.46651 7.34906 7.27806 6.68893 5.55684 3.7959 3.82979 2.51003 2.45294 3.13125 3.3516 3.23893 2.81329 2.13829 2.26381 2.78601 2.91795 3.69405 4.66096 5.6063 5.76549 5.94617 5.95438 5.9578 5.97302 5.97543 5.95628 5.90852 5.80204 5.02029 4.09054 3.51821 2.73028 2.63569 4.15783 4.76656 5.10371 5.43508 5.56674
-9999 -9999 -9999 -9999 -9999 -9999 -9999 -9999 -0.431833 1.73837 3.34467 3.77853 5.20264 5.97243 6.56855 6.70218 8.40007 8.49574 8.12237 7.53894 6.53747 4.71884 3.45287 1.34461 -0.169657 0.464138 0.770587 1.33162 1.1702 2.07678 4.22684 6.46646 6.71255 5.29302 5.50499 5.80363 6.47117 6.13395 3.73433 2.5154 1.50361 2.22309 2.97989 3.16324 3.20014 3.05444 2.89143 2.61436 3.62614 4.3748 4.54839 5.2012 5.68323 5.81649 5.91699 5.92969 5.94269 5.94338 5.91591 5.89623 5.77606 5.5059 4.63155 2.52755 2.62695 2.40042 1.74681 3.22845 4.17145 5.00882 5.45438 5.57033
-9999 -9999 -9999 -9999 -9999 -9999 -9999 -9999 -1.15791 1.35236 1.88382 1.84596 1.01689 1.40078 4.48153 5.10331 6.73167 8.27385 8.1632 7.59095 6.65424 5.57249 3.89613 1.52473 -0.358696 -1.14177 0.897548 2.89895 3.31376 3.95325 5.27162 5.52386 4.0732 2.71267 3.47883 3.94064 5.69681 6.01795 5.67746 4.23178 2.57866 1.71585 2.73505 2.87144 2.93273 2.94491 2.91386 2.88069 4.03042 4.66142 5.09904 5.33721 5.75085 5.85667 5.89061 5.92267 5.91551 5.89465 5.82991 5.75637 5.43004 5.03492 3.60231 2.4082 1.6641 0.719256 2.85295 3.4869 4.36977 4.94033 5.38346 5.48145
