Test_Spring_2018/11_17/Temp/20171104_021.txt
ncols	170
nrows	115
xllcorner	350000.000000
yllcorner	4445000.000000
cellsize	1000.000000
nodata_value	-9999.000000
[rows 32 to 63 of 115, columns 72 to 143 of 170]
10.8367 10.372 11.0899 11.751 11.3677 11.112 12.201 12.2028 11.8339 10.9648 10.6469 10.3171 10.1156 8.99996 5.86744 3.04382 4.55954 4.5977 3.55363 5.43403 4.44628 1.86402 -1.78253 0.208052 -0.30227 -2.85711 -3.47925 -9999 -9999 -9999 -9999 -9999 -9999 -9999 -9999 -9999 -9999 -9999 -9999 -9999 -9999 -9999 -9999 -9999 -9999 -9999 -9999 -9999 -9999 -9999 -9999 -9999 -9999 -9999 -9999 -9999 -9999 -9999 -9999 -9999 -9999 -9999 -9999 -9999 -9999 -9999 -9999 -9999 -9999 -9999 -9999 -9999
10.2173 10.0176 11.0845 11.0623 11.0148 11.4121 12.0894 12.2257 12.0829 11.7048 11.3775 11.0293 10.1433 8.86692 6.18626 2.9721 2.24467 3.82084 3.89908 4.15525 3.25527 2.12442 0.353418 1.81303 2.38356 0.701921 -1.49587 -2.9088 -9999 -9999 -9999 -9999 -9999 -9999 -9999 -9999 -9999 -9999 -9999 -9999 -9999 -9999 -9999 -9999 -9999 -9999 -9999 -9999 -9999 -9999 -9999 -9999 -9999 -9999 -9999 -9999 -9999 -9999 -9999 -9999 -9999 -9999 -9999 -9999 -9999 -9999 -9999 -9999 -9999 -9999 -9999 -9999
9.47772 8.44282 9.08586 9.56886 10.4913 10.7277 10.8636 12.138 12.0724 12.015 11.4731 11.04 10.3214 9.09295 7.3435 5.23701 1.56826 3.83391 5.60892 5.56671 5.47332 4.68223 2.9808 4.41327 4.4857 2.3418 -0.0998536 -1.54984 -2.14655 -9999 -9999 -9999 -9999 -9999 -9999 -9999 -9999 -9999 -9999 -9999 -9999 -9999 -9999 -9999 -9999 -9999 -9999 -9999 -9999 -9999 -9999 -9999 -9999 -9999 -9999 -9999 -9999 -9999 -9999 -9999 -9999 -9999 -9999 -9999 -9999 -9999 -9999 -9999 -9999 -9999 -9999 -9999
8.63629 7.37231 8.01939 8.88295 10.113 10.7621 11.2456 11.628 12.0178 11.9735 11.4187 9.77744 9.54411 9.4743 8.33046 5.92861 3.5302 2.9106 5.6169 6.39385 6.23977 6.8476 5.40691 6.09484 5.82004 5.06756 2.71721 0.566757 -0.325889 -2.09525 -9999 -9999 -9999 -9999 -9999 -9999 -9999 -9999 -9999 -9999 -9999 -9999 -9999 -9999 -9999 -9999 -9999 -9999 -9999 -9999 -9999 -9999 -9999 -9999 -9999 -9999 -9999 -9999 -9999 -9999 -9999 -9999 -9999 -9999 -9999 -9999 -9999 -9999 -9999 -9999 -9999 -9999
-9999 -9999 6.57879 7.7655 8.73866 9.949 10.9797 11.4968 11.9989 11.9601 10.8498 10.3072 10.2607 9.51139 8.19051 7.36214 5.8526 4.28016 4.88416 7.19284 6.17081 7.80836 7.67463 7.97967 6.89287 4.85139 2.10668 0.513309 -0.284927 -1.71807 -9999 -9999 -9999 -9999 -9999 -9999 -9999 -9999 -9999 -9999 -9999 -9999 -9999 -9999 -9999 -9999 -9999 -9999 -9999 -9999 -9999 -9999 -9999 -9999 -9999 -9999 -9999 -9999 -9999 -9999 -9999 -9999 -9999 -9999 -9999 -9999 -9999 -9999 -9999 -9999 -9999 -9999
-9999 -9999 -9999 7.55147 8.29323 9.88743 10.7303 11.0667 11.8756 11.8788 11.4588 11.1418 10.6813 10.0794 9.08675 7.99167 6.57185 6.44228 7.91963 7.94089 7.63637 7.88266 8.64501 8.45023 6.77721 3.87674 2.34104 -0.760791 -2.09764 -1.95588 -2.90318 -9999 -9999 -9999 -9999 -9999 -9999 -9999 -9999 -9999 -9999 -9999 -9999 0.769 -9999 -9999 -9999 -9999 -9999 -9999 -9999 -9999 -9999 -9999 -9999 -9999 -9999 -9999 -9999 -9999 -9999 -9999 -9999 -9999 -4.88467 -9999 -9999 -9999 -9999 -9999 -9999 -9999
-9999 -9999 7.39743 8.40048 9.17694 10.1773 10.2928 10.8901 11.8199 11.8348 11.5371 11.2002 10.442 10.2544 9.68944 8.5001 8.25791 8.74219 8.96685 9.22184 9.3807 9.25924 8.95722 8.56587 7.50207 6.15544 5.2536 2.40914 0.980025 -0.400347 -2.4925 -4.12903 -9999 -9999 -9999 -9999 -9999 -9999 -9999 -0.338481 -0.413641 -0.373357 0.0897531 1.36253 0.620724 -9999 -9999 -9999 -9999 -9999 -9999 -9999 -9999 -9999 -9999 -9999 -9999 -9999 -9999 -9999 -9999 -9999 -9999 -9999 -3.73765 -5.38717 -9999 -9999 -9999 -9999 -9999 -9999
-9999 -9999 7.67393 8.72295 9.2483 10.2204 10.7776 11.1599 11.4835 11.7922 11.7413 11.3681 10.8001 10.8039 10.0211 9.59946 9.29904 9.95327 10.0847 9.8261 9.50173 9.21608 8.40022 8.31103 8.06917 7.21736 5.81443 4.36816 2.29936 -0.541332 -3.32788 -5.57556 -9999 -9999 -9999 -9999 -9999 -9999 -0.105852 0.950744 1.58517 0.245694 1.39666 2.44936 2.28632 1.29138 -9999 -9999 -9999 -9999 -9999 -9999 -9999 -9999 -9999 -9999 -9999 -9999 -9999 -9999 4.08579 2.39396 -1.02359 -2.77484 -3.82497 -5.32456 -9999 -9999 -9999 -9999 -9999 -9999
-9999 -9999 7.46612 8.70525 9.54582 10.2921 10.414 11.1796 11.5279 11.6942 11.6752 11.6012 11.4963 10.8125 10.5184 9.4856 10.4747 10.4388 10.1911 9.20422 8.77926 7.08429 6.34203 6.19908 7.63651 6.58753 4.38873 1.63767 -1.65807 -1.85955 -2.9522 -4.96091 -9999 -9999 -9999 -9999 -9999 -9999 0.21937 1.34925 2.29334 2.43396 1.10336 2.97118 2.9206 1.88361 1.65242 2.51218 2.95019 2.64626 3.67695 3.97756 3.51824 4.02384 -9999 -9999 -9999 -9999 4.32184 4.38979 4.44125 3.73638 0.00279202 -2.54669 -4.83575 -5.04509 -9999 -9999 -9999 -9999 -9999 -9999
-9999 -9999 8.32107 9.08613 9.47515 9.54158 10.2119 10.8818 11.3069 11.6071 11.5471 11.5223 11.4957 11.2611 10.7172 10.8147 10.771 10.4553 8.57246 6.37554 7.33878 6.03921 3.25505 5.5462 6.80283 5.61403 2.94875 -0.143644 -1.14015 -1.08408 -2.60512 -4.56685 -9999 -9999 -9999 -2.86923 -1.2541 -1.11262 -0.635196 0.870634 2.0173 2.88675 3.47835 3.47333 2.86672 1.85324 0.751015 1.1519 3.15109 3.64213 4.07528 4.38695 3.96068 4.18108 4.71417 4.98919 5.04428 4.91789 4.88823 4.93092 4.86668 4.20853 0.873174 -1.03753 -2.25587 -4.70181 -9999 -9999 -9999 -9999 -9999 -9999
-9999 -9999 7.84881 8.51517 9.05555 9.94469 10.0426 10.6086 10.9459 11.4545 11.5104 10.9285 11.4075 11.3441 11.253 11.0617 10.7825 9.19224 7.00115 4.80584 3.79531 4.23756 2.5627 3.4451 4.71864 4.27015 2.63874 -0.115052 -0.497017 -1.12367 -3.67703 -6.14314 -9999 -9999 -5.99956 -2.90173 -0.720367 0.405248 0.754843 0.790075 2.23402 2.35057 3.90655 3.55517 1.51563 1.75295 0.967756 1.49171 2.22685 2.43279 3.50002 4.52005 4.71263 4.71777 5.05713 5.1263 5.14327 5.13323 4.90188 5.00605 5.02138 4.61079 2.19077 1.01119 -0.287256 -4.67229 -9999 -9999 -9999 -9999 -9999 -9999
-9999 -9999 8.18881 8.93358 9.74828 9.88385 10.4875 10.425 10.2579 11.0959 11.4108 10.9993 10.7023 11.2445 11.2049 11.1313 11.0117 9.51711 7.78866 5.17235 3.54932 2.56328 1.86396 0.939733 1.5985 1.40921 1.15207 1.46694 0.720256 -0.779567 -2.2763 -5.07758 -6.59595 -9999 -5.83001 -4.43248 -1.83869 0.365917 1.76603 1.26424 2.90568 3.21308 4.16847 3.61917 2.38613 1.85689 1.81629 1.65969 2.77045 3.52597 4.06542 4.41878 4.86145 4.97307 5.08438 5.13013 5.15419 5.17831 5.17109 5.16095 5.11088 4.95608 3.84327 2.66645 0.122288 -4.5246 -9999 -9999 -9999 -9999 -9999 -9999
-9999 6.02133 8.10502 9.35108 9.83665 10.188 10.4974 10.7216 10.9567 11.172 11.3222 11.2635 10.1749 10.2611 10.4539 11.0686 11.0236 10.8888 9.94452 6.76036 5.6658 4.06441 1.98774 1.13495 1.58066 3.29985 3.23365 2.11156 0.859169 -0.86959 -1.96944 -3.68911 -6.99135 -6.69372 -5.20439 -4.09672 -2.33455 0.359805 2.24909 3.09312 3.41364 4.08489 4.43523 3.68037 2.9689 2.67198 2.11569 2.04403 2.05603 2.73027 3.26589 4.43426 4.82619 5.00838 5.09915 5.14717 5.18128 5.2145 5.22478 5.20084 5.20067 5.19075 5.10913 3.54169 -0.380346 -3.33065 -9999 -9999 -9999 -9999 -9999 -9999
-9999 -9999 7.72385 8.27572 8.42429 8.67918 9.19485 9.78776 10.6263 10.735 11.1953 11.1906 10.2565 9.17245 10.1114 10.4832 10.8697 10.8814 10.7613 8.08803 6.69249 5.59651 3.6061 4.3459 5.04185 5.10495 4.70251 2.28641 -0.120684 -2.89227 -5.48946 -5.60978 -7.00556 -6.26153 -5.27826 -2.75281 -0.976005 -0.255984 0.261582 3.00188 3.71888 3.96774 4.67408 3.72381 3.49484 2.78443 3.00676 2.95262 2.96534 0.982485 2.99569 3.11899 4.42431 5.01599 5.15072 5.18598 5.22296 5.2272 5.23269 5.22481 5.23643 5.21593 5.19428 4.17565 -0.798366 -3.29151 -9999 -9999 -9999 -9999 -9999 -9999
-9999 -9999 -9999 -9999 7.91243 8.33394 8.60516 9.07024 10.4877 10.8699 11.1231 11.1436 10.7244 9.6527 9.3678 9.56146 8.51575 9.38995 10.5876 10.5619 10.4228 8.07546 6.88786 8.06528 7.72226 5.96371 4.58196 3.21781 0.398583 -1.65763 -4.63467 -6.87038 -6.95208 -4.47874 -2.42373 0.131513 1.25792 0.614244 1.30918 2.67196 4.22002 4.97123 4.80016 3.79827 3.67043 2.57087 3.66945 3.77209 3.27474 2.84573 3.03615 3.68554 3.93553 4.9566 5.20477 5.25081 5.25699 5.25909 5.25246 5.24449 5.23031 5.21856 5.20404 5.15869 0.0457892 -3.92818 -9999 -9999 -9999 -9999 -9999 -9999
-9999 -9999 -9999 -9999 6.93395 7.193 7.86384 9.57825 10.4762 10.8391 10.8268 10.993 10.6967 9.75247 8.78324 7.86896 6.69199 7.36489 9.14611 10.199 10.3242 8.26768 9.35889 8.96805 8.1871 5.88397 4.18954 3.29616 0.59033 -1.72009 -3.69839 -6.43406 -5.25912 -3.96702 -2.30915 0.479807 2.36006 3.13175 2.48238 3.35315 5.13403 5.14776 4.18025 4.2501 3.67092 2.16529 3.75194 4.2055 3.85748 3.95955 3.84233 4.08797 4.52922 4.95012 5.22961 5.26744 5.27123 5.25984 5.25685 5.25541 5.23385 5.23418 5.21951 5.19405 1.89435 -4.00053 -9999 -9999 -9999 -9999 -9999 -9999
-9999 -9999 -9999 -9999 -9999 6.05003 7.57478 9.84937 10.415 10.3646 10.8334 10.8727 10.4188 10.0241 8.84783 7.24204 4.16077 4.94587 6.58564 8.95105 10.198 10.0382 9.36471 8.17678 5.28673 2.75911 2.46249 2.05799 0.0862071 -1.68948 -3.88944 -2.60626 -1.20281 0.330672 1.13557 0.925277 2.53625 3.84963 3.29068 4.35854 5.60565 5.04478 4.71608 4.44245 3.77097 3.73896 3.82034 4.72594 4.11631 4.50674 4.53267 4.5176 4.73491 4.98286 5.24164 5.28408 5.28358 5.28561 5.25312 5.26114 5.24441 5.22863 5.21498 5.19314 4.89595 1.72284 -0.172911 -9999 -9999 -9999 -9999 -9999
-9999 -9999 -9999 -9999 -9999 4.65209 5.41463 8.10768 8.93998 10.1294 10.7601 10.788 10.0233 9.59623 7.84476 7.27521 4.4247 3.13604 4.23309 3.81821 7.07544 9.96007 9.35078 3.55425 1.46239 -0.0261546 0.370894 0.385724 -0.155644 -3.18938 -4.02334 -1.28789 0.43463 1.76832 2.77893 2.98859 2.95184 5.00676 5.28022 5.94908 5.80577 5.87119 4.83772 4.20147 4.77593 4.1377 4.03689 4.97203 4.07095 4.90472 4.82397 4.58316 4.57547 5.12206 5.23409 5.29251 5.29494 5.27148 5.24112 5.22377 5.23944 5.23005 5.19966 5.20186 5.17394 4.80055 3.15954 2.589 3.23072 -9999 -9999 -9999
-9999 -9999 -9999 -9999 -9999 -9999 2.91078 6.65195 8.36125 9.25944 10.5227 10.6739 10.268 9.52975 7.74578 6.17717 3.62906 0.720283 -0.815888 3.79959 7.81892 9.92105 9.66264 4.839 2.94232 2.86531 4.00035 3.06304 2.35406 0.0524444 -0.633442 -1.59097 -0.99436 0.865367 2.38215 3.84386 4.90569 4.99057 5.67914 6.07885 6.11318 6.24061 6.12322 6.02967 5.04053 5.74178 5.16393 5.48554 5.29468 5.12308 4.98387 4.41705 4.8274 5.18996 5.28463 5.3133 5.29057 5.28335 5.2652 5.22823 5.21366 5.21014 5.20643 5.18866 5.18994 5.17678 4.996 4.01056 2.69028 1.0213 -9999 -9999
-9999 -9999 -9999 -9999 -9999 -9999 1.04803 4.77063 6.56442 8.87256 10.061 10.5431 10.4772 9.87882 8.52299 6.48393 4.78583 1.5388 -1.83146 3.0099 7.33368 9.66741 9.79903 5.75511 6.89214 5.99272 6.37079 4.71465 4.03208 3.50051 2.31046 1.00702 -0.419037 -1.17399 2.23094 3.97838 5.38384 6.04555 6.41908 6.60539 6.50863 6.25924 4.75142 5.90982 5.86086 5.75435 5.6316 5.5771 5.467 5.33541 5.26903 5.24575 4.87011 5.30467 5.29685 5.30292 5.30392 5.29057 5.26628 5.24433 5.21795 5.21939 5.20689 5.19254 5.18367 5.18305 5.17408 5.12347 4.86472 2.62156 1.28162 0.914533
-9999 -9999 -9999 -9999 -9999 -9999 -4.17432 1.23988 5.59278 7.8646 9.71495 10.2213 10.409 9.60737 9.00742 7.54558 6.16197 4.02881 0.834644 -1.13023 2.49591 7.76896 9.72803 9.59478 9.48314 8.44071 7.50224 7.39215 7.47254 6.38424 4.78503 2.68755 2.03601 1.30056 3.83689 4.18015 3.99352 6.78055 6.78555 6.62621 5.55927 4.37151 4.60134 3.87272 4.45119 3.5772 4.39568 5.1046 5.3747 5.36128 5.28483 5.27796 5.2408 5.3193 5.31963 5.30786 5.29774 5.29092 5.27794 5.24261 5.22127 5.23037 5.21191 5.19507 5.18422 5.18678 5.18362 5.14672 5.11385 4.77217 4.25651 3.27578
-9999 -9999 -9999 -9999 -9999 -9999 -3.93476 0.619357 4.48134 6.80005 9.02567 9.54083 10.2904 10.1263 9.49837 8.22776 6.64132 4.88585 2.14568 0.110566 2.53784 6.03838 8.54889 9.46484 9.47459 9.42338 9.19437 9.10777 8.83905 8.65723 7.50906 5.52978 4.41041 2.76991 5.59675 5.91336 5.47013 6.87949 6.80753 4.67352 3.03332 2.82993 3.83974 2.89191 2.73645 2.15662 2.83345 4.63556 4.11655 4.22791 5.05861 5.19804 5.28886 5.31468 5.31056 5.30709 5.29266 5.29329 5.29323 5.2589 5.24166 5.23213 5.19947 5.19985 5.17885 5.16789 5.16061 5.14192 5.11186 5.01703 4.91246 5.03555
-9999 -9999 -9999 -9999 -9999 -9999 -3.83841 -0.773707 2.70157 6.1147 8.49162 9.44947 10.1463 10.1372 9.4078 8.77578 7.7812 6.23685 5.17854 3.34129 0.820019 5.05658 6.35823 7.53448 8.03127 9.24718 9.22625 8.6814 8.06357 8.6655 8.49774 6.9298 6.41542 5.54431 7.11682 7.1202 7.07578 6.99048 5.18733 2.68174 0.679573 2.12151 1.82244 2.49532 0.457901 2.14622 3.51006 3.95759 3.04906 2.37177 4.50454 4.86144 5.07343 5.20957 5.29889 5.27832 5.29968 5.28624 5.27848 5.26979 5.2497 5.23694 5.21719 5.19762 5.1878 5.1793 5.15734 5.12893 5.13025 5.08588 5.0686 5.06017
-9999 -9999 -9999 -9999 -9999 -9999 -9999 -2.57708 1.83127 5.76375 7.95255 9.32842 9.99791 9.98437 9.61094 9.18157 8.56471 7.45058 6.05176 3.84162 2.20234 3.24863 4.52343 4.68507 5.53807 7.99864 8.84416 7.66373 4.74286 6.48625 8.42389 8.39608 8.23379 8.05104 7.81947 7.60662 7.14052 5.89262 2.071 1.31518 -0.183501 -0.0121899 -0.779323 0.912157 0.296621 2.0274 2.78113 3.06978 1.48103 1.83725 3.72002 4.46643 4.34695 4.8052 5.24425 5.25946 5.2721 5.26039 5.26881 5.27104 5.2625 5.23966 5.22441 5.2135 5.18775 5.19663 5.05668 4.96705 4.78302 5.01806 5.04371 5.06666
-9999 -9999 -9999 -9999 -9999 -9999 -9999 -3.4458 0.950268 5.58144 7.06782 8.5513 9.83137 9.85521 9.28539 8.74374 8.18629 7.55224 5.85523 4.2104 2.64092 2.11658 2.43735 2.42873 3.80347 7.00593 7.63125 7.37369 4.32734 3.29383 5.88039 8.05413 8.2275 8.03245 5.47929 6.0239 4.64617 2.77738 2.26309 1.44539 -0.282439 0.550803 -0.713361 -0.167861 -0.290502 0.693815 1.17672 2.34738 0.962801 0.987602 2.83637 3.76881 3.79561 4.77278 5.12233 5.21483 5.23854 5.25521 5.25922 5.27413 5.26471 5.25008 5.23112 5.18508 5.07525 4.74569 2.90421 2.90921 3.4195 3.90281 4.78839 5.0367
-9999 -9999 -9999 -9999 -9999 -9999 -9999 -2.93389 0.116468 4.22561 7.26904 7.45944 8.93845 9.70147 9.0821 8.38511 7.67242 7.36133 5.51421 3.48577 1.84783 -0.0907386 0.232529 1.63048 3.9274 5.99745 6.37224 5.95105 4.32824 5.10897 6.87378 7.81195 8.09007 7.87472 7.31964 6.99899 5.98479 5.54537 4.13648 1.93355 1.06654 1.61758 -0.719771 -0.553728 0.314509 -0.579922 0.93978 1.66982 -0.120591 1.32895 2.96053 3.79634 4.52706 4.87415 5.01359 5.22566 5.23229 5.25059 5.26049 5.25746 5.25733 5.22327 5.19528 4.99959 4.71109 2.98951 2.28965 2.43292 3.23216 3.93252 4.67537 4.9761
-9999 -9999 -9999 -9999 -9999 -9999 -9999 -2.41048 0.335643 3.89832 6.06791 6.45532 8.09565 9.55421 9.39048 8.66539 8.44462 7.69392 6.12738 4.3975 2.50712 1.58962 -0.522377 1.56321 3.22693 4.98003 5.80281 4.47412 3.79983 5.0046 6.2019 6.68156 7.8898 7.88011 7.48842 5.79489 4.96937 5.31931 4.965 4.34415 2.82852 2.76245 1.79009 1.389 1.01082 -0.202793 0.59132 0.674843 0.900172 2.62885 3.47957 4.04456 4.55836 4.69506 4.91926 5.20908 5.23566 5.24681 5.24601 5.25169 5.23071 5.149 5.08033 4.68629 3.98849 2.68591 0.591557 2.08354 3.64379 4.11291 4.57713 4.81398
-9999 -9999 -9999 -9999 -9999 -9999 -9999 -2.8749 0.0420548 3.08662 4.35896 4.57417 7.54361 9.36156 9.36401 9.02004 8.61866 6.76369 6.87328 6.50336 4.79796 2.31356 -0.414776 -0.155834 1.48792 3.79977 4.56798 2.35664 1.57103 2.15483 3.96322 5.58189 7.27152 7.70186 7.20813 4.57146 1.76924 3.07028 4.4604 4.45379 4.04752 2.64249 2.19783 1.79591 0.772439 -0.951073 -0.681624 -0.194326 1.77358 2.39177 3.34467 4.13635 3.84183 4.01815 4.7745 5.20895 5.22652 5.23517 5.2501 5.24067 5.21528 5.05255 4.88033 4.59105 2.77024 1.63873 -0.0021766 1.92945 2.99356 3.57291 4.58563 4.82813
-9999 -9999 -9999 -9999 -9999 -9999 -9999 -3.77457 -1.65827 1.25148 2.42351 4.29367 7.09966 8.47937 9.14045 9.12539 8.85774 8.02713 7.52816 6.54479 4.77033 2.34391 -0.353121 -2.10789 -1.21211 1.91069 2.65856 0.611418 -0.432918 0.874447 2.8011 5.65235 7.28204 7.50342 7.35752 6.81473 4.76918 2.29751 2.30703 3.54848 2.51229 1.30801 1.97344 1.85311 0.842474 0.108428 -0.315498 -0.0230988 1.10158 1.56279 2.66274 4.28443 4.51887 4.47516 5.15861 5.19428 5.21146 5.23818 5.23817 5.23259 5.21278 5.08041 4.78313 3.57147 2.5152 1.04547 0.865242 2.59258 3.34393 4.04969 4.5471 4.70994
-9999 -9999 -9999 -9999 -9999 -9999 -9999 -5.32618 -2.83646 -0.111036 2.44083 4.85512 6.93291 7.09258 8.1882 8.18621 8.76034 8.59573 7.82592 6.99763 5.46868 2.35093 -0.270186 -3.12864 -2.37248 0.8121 1.24704 -0.130148 -2.67714 -0.0419883 2.86354 5.49678 6.92284 5.80752 6.95322 6.86031 6.09452 4.62362 2.33608 2.38075 0.66715 0.594399 1.47746 1.76588 1.62194 1.07162 0.202929 0.377849 1.06675 1.24101 2.25187 3.51032 4.7404 4.94876 5.1847 5.19627 5.20136 5.22156 5.22495 5.20022 5.13827 5 3.98443 2.77662 2.03323 1.00978 0.887191 2.86471 3.66694 4.11419 4.54403 4.71428
-9999 -9999 -9999 -9999 -9999 -9999 -9999 -9999 -3.08881 -0.27345 1.80947 2.36933 4.21589 5.21251 5.98363 6.15398 8.35673 8.47793 7.9898 7.2288 5.92469 3.55896 1.91124 -0.83078 -2.80107 -1.96687 -1.57706 -0.849857 -1.06124 0.114991 2.90682 5.81511 6.13353 4.28813 4.56259 4.94989 5.81674 5.37851 2.26117 0.678138 -0.635392 0.300752 1.28575 1.52608 1.57646 1.38984 1.19432 0.845682 2.16331 3.13889 3.36706 4.21755 4.8458 5.02058 5.15246 5.16995 5.18754 5.18891 5.1535 5.12809 4.97203 4.62107 3.48514 0.751713 0.880986 0.586896 -0.26198 1.6671 2.90947 3.99685 4.57513 4.7251
-9999 -9999 -9999 -9999 -9999 -9999 -9999 -9999 -4.0239 -0.766549 -0.0798879 -0.132715 -1.21334 -0.717977 3.28122 4.08576 6.19806 8.19841 8.05138 7.30463 6.08435 4.67561 2.49437 -0.589853 -3.04008 -4.05248 -1.40025 1.19206 1.72911 2.55813 4.26928 4.59543 2.70932 0.940485 1.93486 2.53409 4.81523 5.23231 4.79015 2.91252 0.76578 -0.353772 0.972194 1.15159 1.23374 1.25236 1.22394 1.19528 2.69366 3.51656 4.08796 4.39991 4.93948 5.07875 5.12426 5.16699 5.15844 5.13181 5.04797 4.95253 4.52855 4.01517 2.15389 0.602507 -0.364139 -1.59148 1.18092 2.00867 3.16403 3.91386 4.48912 4.6159
