Test_Spring_2018/11_17/Temp/20171113_007.txt
ncols	170
nrows	115
xllcorner	350000.000000
yllcorner	4445000.000000
cellsize	1000.000000
nodata_value	-9999.000000
[rows 32 to 63 of 115, columns 72 to 143 of 170]
13.8624 13.5596 14.0106 14.4254 14.1518 13.9718 14.6543 14.6477 14.4047 13.8429 13.6328 13.4152 13.2795 12.561 10.5564 8.74866 9.70781 9.7245 9.05073 10.2414 9.60267 7.94665 5.61147 6.87046 6.53427 4.87108 4.45397 -9999 -9999 -9999 -9999 -9999 -9999 -9999 -9999 -9999 -9999 -9999 -9999 -9999 -9999 -9999 -9999 -9999 -9999 -9999 -9999 -9999 -9999 -9999 -9999 -9999 -9999 -9999 -9999 -9999 -9999 -9999 -9999 -9999 -9999 -9999 -9999 -9999 -9999 -9999 -9999 -9999 -9999 -9999 -9999 -9999
13.4598 13.3259 13.9996 13.9786 13.9254 14.1553 14.5756 14.6548 14.5561 14.3075 14.0915 13.8622 13.2901 12.4691 10.7526 8.69574 8.22444 9.22182 9.26368 9.41861 8.83587 8.10545 6.96638 7.88698 8.24028 7.1453 5.71188 4.78955 -9999 -9999 -9999 -9999 -9999 -9999 -9999 -9999 -9999 -9999 -9999 -9999 -9999 -9999 -9999 -9999 -9999 -9999 -9999 -9999 -9999 -9999 -9999 -9999 -9999 -9999 -9999 -9999 -9999 -9999 -9999 -9999 -9999 -9999 -9999 -9999 -9999 -9999 -9999 -9999 -9999 -9999 -9999 -9999
12.9807 12.3143 12.7176 13.0188 13.5748 13.7076 13.7865 14.5915 14.5421 14.4982 14.1454 13.8621 13.3968 12.6064 11.4837 10.1332 7.78631 9.22333 10.3471 10.3118 10.2434 9.72963 8.63496 9.53833 9.57413 8.17469 6.58503 5.64988 5.25908 -9999 -9999 -9999 -9999 -9999 -9999 -9999 -9999 -9999 -9999 -9999 -9999 -9999 -9999 -9999 -9999 -9999 -9999 -9999 -9999 -9999 -9999 -9999 -9999 -9999 -9999 -9999 -9999 -9999 -9999 -9999 -9999 -9999 -9999 -9999 -9999 -9999 -9999 -9999 -9999 -9999 -9999 -9999
12.4369 11.6243 12.0301 12.5739 13.3402 13.7291 14.0228 14.259 14.5001 14.4646 14.1037 13.0501 12.8944 12.843 12.1066 10.5678 9.03099 8.62818 10.3458 10.8328 10.7256 11.1039 10.1754 10.604 10.4184 9.91657 8.38748 6.99328 6.4139 5.27581 -9999 -9999 -9999 -9999 -9999 -9999 -9999 -9999 -9999 -9999 -9999 -9999 -9999 -9999 -9999 -9999 -9999 -9999 -9999 -9999 -9999 -9999 -9999 -9999 -9999 -9999 -9999 -9999 -9999 -9999 -9999 -9999 -9999 -9999 -9999 -9999 -9999 -9999 -9999 -9999 -9999 -9999
-9999 -9999 11.1042 11.843 12.454 13.2034 13.8461 14.1682 14.481 14.4491 13.734 13.3812 13.3448 12.8602 12.0111 11.4758 10.5059 9.49553 9.8726 11.3362 10.6755 11.7103 11.6151 11.7994 11.0958 9.76346 7.99175 6.95282 6.43363 5.50999 -9999 -9999 -9999 -9999 -9999 -9999 -9999 -9999 -9999 -9999 -9999 -9999 -9999 -9999 -9999 -9999 -9999 -9999 -9999 -9999 -9999 -9999 -9999 -9999 -9999 -9999 -9999 -9999 -9999 -9999 -9999 -9999 -9999 -9999 -9999 -9999 -9999 -9999 -9999 -9999 -9999 -9999
-9999 -9999 -9999 11.699 12.1623 13.171 13.6799 13.8868 14.3952 14.3902 14.1156 13.9068 13.6066 13.2163 12.5766 11.8715 10.9589 10.8686 11.8026 11.8076 11.6042 11.7516 12.2276 12.0929 11.0039 9.13534 8.14478 6.13383 5.27106 5.35166 4.73833 -9999 -9999 -9999 -9999 -9999 -9999 -9999 -9999 -9999 -9999 -9999 -9999 6.98008 -9999 -9999 -9999 -9999 -9999 -9999 -9999 -9999 -9999 -9999 -9999 -9999 -9999 -9999 -9999 -9999 -9999 -9999 -9999 -9999 3.19426 -9999 -9999 -9999 -9999 -9999 -9999 -9999
-9999 -9999 11.6115 12.2313 12.7181 13.3479 13.3999 13.767 14.3526 14.3551 14.1586 13.9374 13.4477 13.3218 12.9552 12.1901 12.0287 12.33 12.4651 12.619 12.711 12.6236 12.4206 12.1602 11.4522 10.5817 9.99487 8.15994 7.22664 6.33649 4.99309 3.94084 -9999 -9999 -9999 -9999 -9999 -9999 -9999 6.29973 6.24418 6.2619 6.54891 7.35189 6.86995 -9999 -9999 -9999 -9999 -9999 -9999 -9999 -9999 -9999 -9999 -9999 -9999 -9999 -9999 -9999 -9999 -9999 -9999 -9999 3.91708 2.8589 -9999 -9999 -9999 -9999 -9999 -9999
-9999 -9999 11.7692 12.4295 12.7559 13.3674 13.7144 13.9318 14.1308 14.3208 14.2819 14.0379 13.6697 13.6662 13.161 12.8858 12.6874 13.0972 13.1729 12.9993 12.7829 12.5905 12.0594 11.9912 11.8075 11.2519 10.3451 9.41086 8.06061 6.23905 4.45276 3.01084 -9999 -9999 -9999 -9999 -9999 -9999 6.44931 7.11581 7.51271 6.65046 7.37585 8.03817 7.92487 7.26513 -9999 -9999 -9999 -9999 -9999 -9999 -9999 -9999 -9999 -9999 -9999 -9999 -9999 -9999 8.92084 7.83641 5.65135 4.52862 3.85276 2.89008 -9999 -9999 -9999 -9999 -9999 -9999
-9999 -9999 11.6297 12.4108 12.9378 13.4049 13.474 13.949 14.1517 14.251 14.2327 14.1798 14.1073 13.6658 13.4726 12.808 13.4321 13.402 13.236 12.5978 12.3171 11.2256 10.741 10.6217 11.5253 10.8432 9.42818 7.66135 5.53752 5.39045 4.68419 3.39466 -9999 -9999 -9999 -9999 -9999 -9999 6.65039 7.36375 7.95811 8.03956 7.1823 8.36404 8.30752 7.63575 7.47773 8.01546 8.28446 8.0683 8.71195 8.89576 8.59555 8.91121 -9999 -9999 -9999 -9999 9.07317 9.1113 9.13879 8.68381 6.29726 4.66551 3.19955 3.05689 -9999 -9999 -9999 -9999 -9999 -9999
-9999 -9999 12.1679 12.6462 12.8848 12.9179 13.3364 13.7504 14.0031 14.1877 14.1436 14.1225 14.1004 13.9458 13.5938 13.6504 13.6164 13.4081 12.1996 10.7899 11.3944 10.5538 8.76215 10.1997 10.9872 10.2152 8.50191 6.51671 5.85894 5.87645 4.89686 3.63884 -9999 -9999 -9999 4.6944 5.71844 5.80267 6.10083 7.0543 7.77817 8.3219 8.69015 8.6705 8.26665 7.60921 6.89506 7.13948 8.40332 8.70583 8.95665 9.14721 8.86789 9.00325 9.33694 9.50657 9.53635 9.45069 9.42685 9.44917 9.4032 8.97832 6.84367 5.61924 4.83598 3.26551 -9999 -9999 -9999 -9999 -9999 -9999
-9999 -9999 11.8588 12.2739 12.6088 13.1648 13.2182 13.5706 13.7739 14.0826 14.1126 13.7366 14.0374 13.9925 13.9297 13.8025 13.6186 12.5978 11.1928 9.78401 9.12961 9.39733 8.31693 8.85663 9.65451 9.35074 8.29552 6.5259 6.26944 5.84974 4.20562 2.62444 -9999 -9999 2.69566 4.66545 6.05097 6.76316 6.98013 6.99608 7.90963 7.97595 8.95936 8.72009 7.40271 7.54261 7.02522 7.34737 7.80487 7.92522 8.58555 9.22372 9.33886 9.3352 9.54536 9.58381 9.58945 9.57819 9.42599 9.48776 9.49276 9.22592 7.67738 6.91945 6.08352 3.27888 -9999 -9999 -9999 -9999 -9999 -9999
-9999 -9999 12.0661 12.5309 13.0404 13.1171 13.4929 13.4441 13.3259 13.8535 14.0413 13.7743 13.5807 13.9224 13.8929 13.8413 13.7595 12.7999 11.69 10.0126 8.9674 8.32446 7.86557 7.25122 7.65658 7.5211 7.34255 7.52919 7.03561 6.05911 5.0942 3.29426 2.31854 -9999 2.79476 3.68071 5.32967 6.73032 7.61754 7.29133 8.33097 8.51902 9.11481 8.75423 7.95089 7.60058 7.56264 7.45068 8.14698 8.61196 8.9358 9.15201 9.42335 9.48749 9.55222 9.57583 9.58618 9.59695 9.58793 9.57709 9.54064 9.43711 8.72229 7.96477 6.33609 3.36441 -9999 -9999 -9999 -9999 -9999 -9999
-9999 10.6942 12.0051 12.789 13.0882 13.3021 13.4899 13.6241 13.7627 13.8926 13.9825 13.935 13.2371 13.2885 13.4076 13.7953 13.7614 13.6691 13.0593 11.0198 10.3095 9.27378 7.93607 7.36921 7.63793 8.71866 8.6611 7.9307 7.1179 5.99557 5.27932 4.17336 2.05653 2.24004 3.18435 3.88586 5.00494 6.71832 7.91786 8.45013 8.64765 9.06443 9.27828 8.78488 8.31427 8.11256 7.74515 7.68669 7.68167 8.09923 8.42076 9.15112 9.39255 9.49936 9.551 9.57616 9.59309 9.60991 9.61234 9.59298 9.5886 9.57768 9.51954 8.51425 6.00542 4.11562 -9999 -9999 -9999 -9999 -9999 -9999
-9999 -9999 11.754 12.0949 12.1788 12.331 12.65 13.019 13.5425 13.605 13.8926 13.8843 13.2814 12.5869 13.1823 13.4154 13.657 13.6583 13.5741 11.8575 10.9562 10.2446 8.96141 9.40981 9.83745 9.86145 9.5888 8.03259 6.48286 4.69541 3.02769 2.94084 2.03984 2.50579 3.12767 4.73361 5.86241 6.31721 6.6424 8.38417 8.83248 8.98145 9.42209 8.80528 8.64216 8.17629 8.30484 8.25696 8.25179 6.97437 8.23803 8.30616 9.12902 9.49503 9.57327 9.59039 9.60931 9.60788 9.60751 9.59865 9.60205 9.58391 9.5639 8.90845 5.73015 4.13182 -9999 -9999 -9999 -9999 -9999 -9999
-9999 -9999 -9999 -9999 11.8435 12.1016 12.2646 12.552 13.4446 13.6815 13.8371 13.8453 13.5738 12.8853 12.7005 12.8203 12.1488 12.6996 13.4548 13.4285 13.3283 11.8184 11.0395 11.7741 11.5387 10.4006 9.50293 8.617 6.80398 5.47258 3.56232 2.12632 2.06545 3.63536 4.93828 6.56347 7.27784 6.86336 7.30197 8.16362 9.14347 9.6139 9.49496 8.84507 8.74631 8.03191 8.7188 8.77043 8.4395 8.15243 8.25365 8.65687 8.80647 9.44894 9.59976 9.62137 9.62078 9.61817 9.61028 9.6016 9.58783 9.57573 9.56127 9.5265 6.25963 3.71699 -9999 -9999 -9999 -9999 -9999 -9999
-9999 -9999 -9999 -9999 11.2103 11.3648 11.7825 12.8664 13.4278 13.6524 13.6388 13.7399 13.5469 12.9411 12.3194 11.7328 10.9775 11.4002 12.528 13.1895 13.2577 11.9332 12.6074 12.3417 11.8267 10.341 9.24369 8.65764 6.91661 5.42301 4.1494 2.39442 3.13476 3.9514 5.00272 6.77612 7.97138 8.45952 8.04037 8.58972 9.71815 9.71838 9.09157 9.12503 8.73841 7.76486 8.76271 9.03781 8.80178 8.85302 8.75796 8.90346 9.17479 9.43435 9.60504 9.62292 9.61991 9.6088 9.60338 9.59862 9.58088 9.5766 9.56214 9.54011 7.42948 3.66191 -9999 -9999 -9999 -9999 -9999 -9999
-9999 -9999 -9999 -9999 -9999 10.6265 11.5887 13.0299 13.3794 13.3404 13.6336 13.6538 13.3603 13.105 12.3515 11.3239 9.35432 9.84868 10.8863 12.3848 13.1684 13.0533 12.6023 11.8283 9.96841 8.33952 8.13345 7.85907 6.58601 5.43335 4.01827 4.8259 5.71187 6.68236 7.18973 7.05095 8.07439 8.90791 8.54674 9.22187 10.01 9.64395 9.42457 9.23904 8.79357 8.75967 8.79758 9.36083 8.95785 9.19282 9.18897 9.16807 9.29645 9.44562 9.60301 9.62378 9.6184 9.6157 9.59143 9.59293 9.57834 9.56386 9.55011 9.53043 9.33446 7.3025 6.0858 -9999 -9999 -9999 -9999 -9999
-9999 -9999 -9999 -9999 -9999 9.72563 10.2019 11.91 12.4295 13.1812 13.5776 13.5905 13.0987 12.8222 11.702 11.3352 9.51307 8.68427 9.37583 9.10153 11.1672 12.9937 12.5837 8.87112 7.52048 6.5544 6.79085 6.78402 6.42323 4.46834 3.92435 5.65802 6.74738 7.59038 8.22882 8.35742 8.33016 9.63685 9.8058 10.2265 10.1281 10.1615 9.49287 9.07627 9.42539 9.00505 8.92692 9.50911 8.92036 9.43809 9.36617 9.2013 9.18617 9.52571 9.58947 9.62036 9.61665 9.5977 9.575 9.5598 9.56586 9.55548 9.53108 9.52678 9.50255 9.25594 8.20172 7.82969 8.23036 -9999 -9999 -9999
-9999 -9999 -9999 -9999 -9999 -9999 8.5959 10.9725 12.0513 12.6173 13.4169 13.5084 13.2437 12.7695 11.6285 10.6244 8.99498 7.13454 6.14479 9.07837 11.6302 12.9581 12.772 9.68027 8.45457 8.38904 9.09653 8.48293 8.01559 6.52763 6.07819 5.457 5.82837 7.00562 7.96658 8.89406 9.5671 9.61734 10.0523 10.2992 10.3141 10.3872 10.3029 10.2326 9.58476 10.0189 9.63686 9.82811 9.69254 9.56942 9.46022 9.08758 9.33909 9.56131 9.61395 9.62523 9.60569 9.59696 9.58191 9.5552 9.54013 9.53345 9.52606 9.50905 9.50351 9.48664 9.36369 8.72719 7.87688 6.80401 -9999 -9999
-9999 -9999 -9999 -9999 -9999 -9999 7.3987 9.76368 10.8963 12.3614 13.1124 13.4129 13.3669 12.9816 12.1133 10.8089 9.72128 7.64499 5.48898 8.56731 11.309 12.785 12.8556 10.2539 10.9634 10.3741 10.5995 9.52808 9.0781 8.71897 7.94828 7.10664 6.18642 5.69671 7.86214 8.9715 9.86334 10.2811 10.5149 10.6288 10.5584 10.3888 9.41806 10.1464 10.0983 10.0178 9.9264 9.87828 9.79464 9.69746 9.63473 9.60893 9.3594 9.62716 9.61371 9.61134 9.60677 9.59392 9.57472 9.55735 9.53722 9.53142 9.517 9.50218 9.49023 9.48142 9.46817 9.42796 9.25474 7.81594 6.95305 6.70562
-9999 -9999 -9999 -9999 -9999 -9999 4.05911 7.50305 10.2661 11.7082 12.8795 13.1976 13.313 12.7977 12.411 11.4744 10.587 9.22087 7.17708 5.91603 8.21781 11.5695 12.7991 12.6915 12.6055 11.9258 11.3125 11.2276 11.2648 10.5508 9.51691 8.16941 7.74346 7.26736 8.87861 9.09221 8.96842 10.7411 10.7395 10.6327 9.94642 9.17797 9.31601 8.83753 9.18971 8.62032 9.12971 9.56897 9.72834 9.70706 9.63796 9.62259 9.58905 9.6289 9.62172 9.60786 9.59602 9.58707 9.57478 9.54858 9.53136 9.53335 9.51282 9.49673 9.48133 9.47459 9.46522 9.43397 9.40503 9.179 8.842 8.20322
-9999 -9999 -9999 -9999 -9999 -9999 4.20118 7.09264 9.54803 11.0163 12.4299 12.7534 13.2268 13.1177 12.7128 11.8977 10.8807 9.75521 8.00088 6.69513 8.23386 10.4541 12.0435 12.605 12.5899 12.5431 12.383 12.3117 12.1268 11.9907 11.2475 9.97289 9.25076 8.19737 9.99358 10.1898 9.90198 10.7957 10.7447 9.3784 8.32635 8.18972 8.82034 8.20659 8.09068 7.70539 8.12506 9.26205 8.91971 8.97825 9.48711 9.56561 9.61173 9.61988 9.60988 9.60122 9.58642 9.58195 9.57757 9.55165 9.53669 9.52651 9.50122 9.49067 9.47133 9.45597 9.4416 9.4222 9.3953 9.32697 9.25179 9.31656
-9999 -9999 -9999 -9999 -9999 -9999 4.25575 6.19471 8.40366 10.5693 12.0793 12.6848 13.1242 13.1135 12.6436 12.2354 11.5956 10.6045 9.92262 8.74315 7.12658 9.81838 10.6353 11.363 11.6658 12.4274 12.4001 12.0389 11.617 11.9893 11.8681 10.859 10.5227 9.95978 10.9559 10.952 10.9181 10.8583 9.70298 8.09943 6.81637 7.72883 7.53029 7.94413 6.62824 7.69606 8.55395 8.82717 8.2321 7.78842 9.12766 9.34218 9.46841 9.54705 9.59667 9.57702 9.58486 9.57113 9.56151 9.55157 9.53444 9.52187 9.50455 9.48692 9.46807 9.45425 9.4333 9.40784 9.40094 9.36238 9.34365 9.32449
-9999 -9999 -9999 -9999 -9999 -9999 -9999 5.03744 7.83599 10.3371 11.7268 12.5985 13.0201 13.0062 12.7628 12.4835 12.0843 11.3674 10.4683 9.05103 7.99701 8.65467 9.45436 9.53453 10.0659 11.622 12.1482 11.3826 9.4985 10.5937 11.8189 11.7917 11.6795 11.5551 11.3971 11.255 10.9519 10.1503 7.70753 7.22253 6.26042 6.36263 5.86569 6.92834 6.51862 7.61161 8.08108 8.25368 7.22898 7.43371 8.61967 9.08603 9.00088 9.28486 9.5562 9.5593 9.56141 9.54853 9.54889 9.54556 9.53545 9.51695 9.50223 9.48991 9.45973 9.45674 9.36057 9.29617 9.17135 9.31362 9.32235 9.32117
-9999 -9999 -9999 -9999 -9999 -9999 -9999 4.46758 7.26393 10.2106 11.1523 12.0925 12.9032 12.9128 12.5439 12.1928 11.8312 11.4203 10.3311 9.27446 8.26518 7.92166 8.11638 8.08498 8.94982 10.9799 11.3665 11.1902 9.22061 8.55099 10.1904 11.5673 11.6693 11.537 9.9017 10.2422 9.35733 8.15948 7.82536 7.29761 6.18913 6.7133 5.89941 6.23883 6.13529 6.75278 7.05014 7.7858 6.89196 6.88566 8.04987 8.63526 8.64368 9.25874 9.47422 9.52642 9.53532 9.54023 9.53745 9.54186 9.53083 9.51642 9.49906 9.46412 9.38813 9.16285 7.97947 7.9756 8.29376 8.59462 9.14442 9.29424
-9999 -9999 -9999 -9999 -9999 -9999 -9999 4.78348 6.72183 9.33567 11.2702 11.3857 12.323 12.8039 12.4031 11.9527 11.492 11.287 10.1021 8.80095 7.74826 6.50329 6.70006 7.58161 9.01909 10.3278 10.5555 10.2756 9.21355 9.70133 10.8172 11.4064 11.5754 11.4302 11.0689 10.8575 10.2041 9.91742 9.01255 7.60119 7.04144 7.38554 5.8873 5.98486 6.52964 5.93236 6.89138 7.34664 6.19461 7.09151 8.1227 8.64683 9.10441 9.31787 9.39944 9.52785 9.52574 9.53148 9.53218 9.52483 9.51941 9.4923 9.46892 9.33834 9.14829 8.04405 7.57918 7.66364 8.16625 8.60574 9.06239 9.24773
-9999 -9999 -9999 -9999 -9999 -9999 -9999 5.10661 6.85109 9.1165 10.4938 10.7348 11.7749 12.6991 12.5888 12.1203 11.9732 11.4879 10.4819 9.37126 8.15782 7.56429 6.20857 7.52911 8.56287 9.67015 10.1841 9.30883 8.86889 9.62753 10.3818 10.679 11.4412 11.4272 11.17 10.0831 9.54983 9.76627 9.53363 9.13091 8.15738 8.10787 7.48003 7.21604 6.96621 6.16491 6.66167 6.70515 6.83241 7.91365 8.44728 8.79904 9.11855 9.19801 9.33372 9.51169 9.52221 9.52322 9.51686 9.5148 9.4958 9.43803 9.38846 9.1312 8.68 7.84288 6.48808 7.43268 8.42071 8.71015 8.99168 9.1364
-9999 -9999 -9999 -9999 -9999 -9999 -9999 4.79979 6.65332 8.5884 9.39356 9.52475 11.4123 12.5656 12.5611 12.3356 12.0733 10.8838 10.9467 10.7034 9.60812 8.0157 6.26732 6.42349 7.44956 8.90874 9.3885 7.95033 7.43987 7.80294 8.94726 9.97097 11.0403 11.307 10.9848 9.29631 7.50245 8.32522 9.20478 9.19357 8.92732 8.0239 7.73255 7.46809 6.80693 5.68989 5.84258 6.14393 7.37025 7.75569 8.35479 8.85137 8.65566 8.76054 9.23567 9.50587 9.51058 9.50985 9.51334 9.50141 9.47936 9.36969 9.25385 9.06321 7.89575 7.16762 6.11134 7.32631 7.99805 8.34955 8.98898 9.1374
-9999 -9999 -9999 -9999 -9999 -9999 -9999 4.21541 5.55849 7.40769 8.14891 9.3354 11.1187 11.9925 12.408 12.3922 12.2151 11.6789 11.3538 10.7194 9.58033 8.02512 6.297 5.16942 5.73177 7.69543 8.15423 6.82925 6.15419 6.979 8.19902 10.0089 11.0402 11.1738 11.0734 10.7201 9.40871 7.82562 7.82468 8.60921 7.94116 7.16568 7.58218 7.49732 6.84443 6.36765 6.0688 6.23856 6.93468 7.22027 7.91338 8.93946 9.08123 9.04595 9.47466 9.4906 9.49501 9.50572 9.49953 9.48988 9.47117 9.38065 9.18486 8.40586 7.72577 6.78185 6.66003 7.7411 8.21018 8.64539 8.95624 9.05388
-9999 -9999 -9999 -9999 -9999 -9999 -9999 3.21534 4.79665 6.52838 8.14953 9.68303 11.002 11.0978 11.7904 11.783 12.1427 12.0312 11.5335 10.9982 10.0158 8.01992 6.34044 4.50934 4.98296 6.99168 7.2354 6.3482 4.71524 6.38704 8.23151 9.90263 10.8043 10.0856 10.8089 10.7425 10.2471 9.30214 7.83636 7.85765 6.75755 6.70355 7.25879 7.43457 7.33439 6.97485 6.40251 6.48684 6.90546 7.00825 7.64472 8.43934 9.21614 9.34171 9.48515 9.48575 9.48244 9.48893 9.48481 9.4628 9.41705 9.32258 8.66858 7.89184 7.4111 6.75162 6.66644 7.91704 8.40786 8.67831 8.94604 9.04838
-9999 -9999 -9999 -9999 -9999 -9999 -9999 -9999 4.62526 6.41442 7.7366 8.08764 9.2592 9.88877 10.3745 10.477 11.8754 11.9462 11.6282 11.1359 10.297 8.78081 7.72221 5.96554 4.70077 5.20236 5.4262 5.88114 5.73776 6.47946 8.25164 10.0984 10.2938 9.10974 9.27758 9.5175 10.0633 9.77679 7.78184 6.76514 5.92009 6.50937 7.12955 7.27462 7.29832 7.17071 7.01939 6.76591 7.59771 8.21157 8.34906 8.88364 9.27679 9.38105 9.45821 9.46264 9.46732 9.46178 9.43284 9.4103 9.30441 9.07416 8.34323 6.59346 6.66901 6.47444 5.92597 7.14452 7.90842 8.59524 8.95752 9.04684
-9999 -9999 -9999 -9999 -9999 -9999 -9999 -9999 4.01858 6.08967 6.52159 6.48201 5.78707 6.09709 8.64136 9.14838 10.4892 11.7583 11.658 11.1749 10.3895 9.48367 8.08495 6.11016 4.53946 3.86653 5.53718 7.17512 7.50914 8.0296 9.11284 9.31318 8.10307 6.96795 7.59501 7.97019 9.4179 9.67688 9.38783 8.18324 6.80683 6.08517 6.92269 7.02881 7.07269 7.07588 7.03942 6.99311 7.9289 8.44541 8.80181 8.99304 9.32973 9.41143 9.4336 9.45421 9.44226 9.41888 9.35904 9.29178 9.01495 8.68098 7.48735 6.49116 5.86767 5.07779 6.8383 7.35421 8.07366 8.53401 8.8942 8.96859
