Test_Spring_2018/11_17/Temp/20171119_013.txt
ncols	170
nrows	115
xllcorner	350000.000000
yllcorner	4445000.000000
cellsize	1000.000000
nodata_value	-9999.000000
[rows 32 to 63 of 115, columns 72 to 143 of 170]
13.0938 12.8229 13.2524 13.6483 13.4129 13.2582 13.9056 13.9097 13.6942 13.1825 12.9975 12.8056 12.6898 12.0324 10.18 8.51048 9.41188 9.4376 8.82179 9.93838 9.35521 7.82688 5.66756 6.84782 6.54597 5.01489 4.64408 -9999 -9999 -9999 -9999 -9999 -9999 -9999 -9999 -9999 -9999 -9999 -9999 -9999 -9999 -9999 -9999 -9999 -9999 -9999 -9999 -9999 -9999 -9999 -9999 -9999 -9999 -9999 -9999 -9999 -9999 -9999 -9999 -9999 -9999 -9999 -9999 -9999 -9999 -9999 -9999 -9999 -9999 -9999 -9999 -9999
12.7346 12.6207 13.2571 13.2481 13.2111 13.444 13.8476 13.9314 13.8499 13.6291 13.4386 13.2358 12.7144 11.9618 10.3771 8.47618 8.04851 8.9855 9.03471 9.18902 8.65798 7.98978 6.94194 7.8079 8.14679 7.14198 5.82906 4.98426 -9999 -9999 -9999 -9999 -9999 -9999 -9999 -9999 -9999 -9999 -9999 -9999 -9999 -9999 -9999 -9999 -9999 -9999 -9999 -9999 -9999 -9999 -9999 -9999 -9999 -9999 -9999 -9999 -9999 -9999 -9999 -9999 -9999 -9999 -9999 -9999 -9999 -9999 -9999 -9999 -9999 -9999 -9999 -9999
12.3044 11.6957 12.081 12.3713 12.9029 13.046 13.1295 13.8876 13.8519 13.8212 13.5036 13.2505 12.8284 12.1041 11.0712 9.82662 7.65626 9.00181 10.0564 10.034 9.98095 9.51418 8.50772 9.3578 9.40182 8.12034 6.65774 5.79989 5.4478 -9999 -9999 -9999 -9999 -9999 -9999 -9999 -9999 -9999 -9999 -9999 -9999 -9999 -9999 -9999 -9999 -9999 -9999 -9999 -9999 -9999 -9999 -9999 -9999 -9999 -9999 -9999 -9999 -9999 -9999 -9999 -9999 -9999 -9999 -9999 -9999 -9999 -9999 -9999 -9999 -9999 -9999 -9999
11.8142 11.0697 11.4573 11.973 12.6985 13.0742 13.3641 13.5937 13.8279 13.805 13.4798 12.5109 12.3763 12.3387 11.6647 10.2451 8.82752 8.46364 10.0701 10.5331 10.4441 10.8063 9.95443 10.3635 10.2019 9.75326 8.34627 7.06433 6.53715 5.49081 -9999 -9999 -9999 -9999 -9999 -9999 -9999 -9999 -9999 -9999 -9999 -9999 -9999 -9999 -9999 -9999 -9999 -9999 -9999 -9999 -9999 -9999 -9999 -9999 -9999 -9999 -9999 -9999 -9999 -9999 -9999 -9999 -9999 -9999 -9999 -9999 -9999 -9999 -9999 -9999 -9999 -9999
-9999 -9999 10.6121 11.312 11.8924 12.6008 13.2149 13.5243 13.825 13.8054 13.1511 12.8333 12.8096 12.3694 11.5906 11.1035 10.2126 9.28427 9.64517 11.0158 10.4126 11.3849 11.3074 11.4897 10.847 9.62784 7.99456 7.0429 6.57181 5.72486 -9999 -9999 -9999 -9999 -9999 -9999 -9999 -9999 -9999 -9999 -9999 -9999 -9999 -9999 -9999 -9999 -9999 -9999 -9999 -9999 -9999 -9999 -9999 -9999 -9999 -9999 -9999 -9999 -9999 -9999 -9999 -9999 -9999 -9999 -9999 -9999 -9999 -9999 -9999 -9999 -9999 -9999
-9999 -9999 -9999 11.1935 11.6366 12.5843 13.0756 13.2778 13.7603 13.7656 13.5204 13.3364 13.0675 12.7148 12.1306 11.4857 10.6481 10.5747 11.4532 11.4685 11.2905 11.4385 11.8919 11.7779 10.7837 9.06002 8.15133 6.29806 5.5079 5.59418 5.03559 -9999 -9999 -9999 -9999 -9999 -9999 -9999 -9999 -9999 -9999 -9999 -9999 7.26516 -9999 -9999 -9999 -9999 -9999 -9999 -9999 -9999 -9999 -9999 -9999 -9999 -9999 -9999 -9999 -9999 -9999 -9999 -9999 -9999 4.0006 -9999 -9999 -9999 -9999 -9999 -9999 -9999
-9999 -9999 11.1143 11.7054 12.1683 12.764 12.8244 13.1816 13.7356 13.7479 13.5752 13.3796 12.9344 12.8275 12.4969 11.7963 11.6566 11.9471 12.0834 12.2372 12.3337 12.2637 12.0864 11.8558 11.2166 10.4197 9.88636 8.19453 7.34121 6.52567 5.28885 4.32243 -9999 -9999 -9999 -9999 -9999 -9999 -9999 6.60268 6.56255 6.59075 6.86942 7.6278 7.19256 -9999 -9999 -9999 -9999 -9999 -9999 -9999 -9999 -9999 -9999 -9999 -9999 -9999 -9999 -9999 -9999 -9999 -9999 -9999 4.69189 3.71867 -9999 -9999 -9999 -9999 -9999 -9999
-9999 -9999 11.2809 11.905 12.2188 12.7975 13.1304 13.3497 13.5445 13.7309 13.7046 13.4876 13.1553 13.162 12.7026 12.4571 12.2831 12.6744 12.7556 12.6052 12.4153 12.2479 11.766 11.7142 11.5622 11.0582 10.2277 9.37182 8.13238 6.45157 4.80336 3.47494 -9999 -9999 -9999 -9999 -9999 -9999 6.74682 7.37739 7.75769 6.96835 7.6545 8.2824 8.18997 7.59665 -9999 -9999 -9999 -9999 -9999 -9999 -9999 -9999 -9999 -9999 -9999 -9999 -9999 -9999 9.32247 8.32444 6.30367 5.27002 4.65168 3.76703 -9999 -9999 -9999 -9999 -9999 -9999
-9999 -9999 11.1668 11.9031 12.4033 12.8478 12.9226 13.3797 13.579 13.681 13.6737 13.6342 13.5765 13.1761 13.0065 12.3991 12.9894 12.972 12.8286 12.2468 11.9972 10.9947 10.5561 10.4634 11.3154 10.6942 9.39181 7.76251 5.80342 5.67954 5.03495 3.84818 -9999 -9999 -9999 -9999 -9999 -9999 6.94987 7.62394 8.18776 8.27536 7.49114 8.6019 8.56847 7.95812 7.8254 8.33934 8.60369 8.42195 9.03288 9.21732 8.95172 9.25793 -9999 -9999 -9999 -9999 9.4651 9.51035 9.5454 9.13195 6.9237 5.41681 4.06412 3.94543 -9999 -9999 -9999 -9999 -9999 -9999
-9999 -9999 11.6824 12.1374 12.3696 12.4109 12.8103 13.2104 13.456 13.6387 13.6072 13.597 13.586 13.4519 13.1347 13.1973 13.1761 12.9932 11.8813 10.5827 11.1558 10.3853 8.73268 10.0864 10.8308 10.1263 8.54717 6.71523 6.11848 6.1476 5.24913 4.09355 -9999 -9999 -9999 5.11746 6.07959 6.16861 6.4566 7.35378 8.03796 8.55374 8.90839 8.90479 8.54697 7.95036 7.30141 7.54333 8.7326 9.02865 9.27965 9.47082 9.22502 9.3672 9.68964 9.85908 9.89798 9.82904 9.81703 9.84748 9.81415 9.42857 7.45106 6.32237 5.60377 4.16029 -9999 -9999 -9999 -9999 -9999 -9999
-9999 -9999 11.4078 11.804 12.1257 12.658 12.718 13.0557 13.2589 13.556 13.5933 13.2532 13.542 13.5097 13.4611 13.3529 13.1924 12.2545 10.9601 9.66251 9.06617 9.3269 8.33532 8.85449 9.60883 9.33887 8.37428 6.74276 6.51694 6.14092 4.6254 3.1675 -9999 -9999 3.26588 5.10657 6.40442 7.07677 7.28924 7.31527 8.17575 8.24951 9.17591 8.96828 7.76153 7.90606 7.43956 7.75427 8.19982 8.32681 8.95949 9.56527 9.68595 9.69573 9.90356 9.9512 9.96767 9.96778 9.83634 9.90323 9.91701 9.67801 8.24807 7.55281 6.78892 4.19434 -9999 -9999 -9999 -9999 -9999 -9999
-9999 -9999 11.6182 12.0605 12.5445 12.6264 12.9861 12.9539 12.858 13.3575 13.542 13.303 13.1323 13.4591 13.4413 13.4032 13.3376 12.4566 11.4364 9.88944 8.93015 8.34491 7.93106 7.3808 7.77079 7.65816 7.50534 7.69158 7.24534 6.35199 5.46714 3.80632 2.9106 -9999 3.37402 4.20747 5.74992 7.06181 7.89695 7.60502 8.58268 8.76965 9.33724 9.01587 8.28693 7.98158 7.96171 7.87319 8.53572 8.98352 9.30379 9.51928 9.78406 9.85707 9.92993 9.96384 9.98466 10.0051 10.0066 10.0058 9.98079 9.89329 9.23775 8.54584 7.0417 4.29169 -9999 -9999 -9999 -9999 -9999 -9999
-9999 10.347 11.5773 12.3162 12.6047 12.8141 12.9992 13.1343 13.2767 13.4092 13.5018 13.4673 12.8279 12.8847 13.0049 13.375 13.3538 13.2787 12.7233 10.8399 10.1918 9.24455 8.01466 7.5057 7.76905 8.78676 8.7466 8.08099 7.33847 6.30946 5.65568 4.63933 2.68347 2.86439 3.75199 4.41388 5.46381 7.06611 8.19133 8.69703 8.89226 9.29266 9.50459 9.06499 8.64552 8.47371 8.1482 8.10988 8.12124 8.52515 8.84322 9.53736 9.77593 9.88756 9.94836 9.98375 10.0106 10.0366 10.0485 10.0396 10.0442 10.0425 9.99951 9.07429 6.75771 5.01312 -9999 -9999 -9999 -9999 -9999 -9999
-9999 -9999 11.3599 11.6871 11.7756 11.9276 12.2346 12.588 13.0878 13.1554 13.4321 13.4348 12.884 12.2478 12.8103 13.0367 13.2714 13.2833 13.2164 11.6346 10.8099 10.1617 8.98269 9.41716 9.82845 9.86455 9.62476 8.19202 6.76492 5.1179 3.58 3.51048 2.68408 3.12744 3.71527 5.21732 6.27611 6.70885 7.02157 8.65104 9.07983 9.23436 9.65791 9.09962 8.96614 8.5493 8.68505 8.65699 8.66863 7.49804 8.69166 8.77005 9.54906 9.9034 9.98805 10.016 10.0446 10.0536 10.0627 10.0634 10.0751 10.0683 10.0619 9.46258 6.51932 5.04551 -9999 -9999 -9999 -9999 -9999 -9999
-9999 -9999 -9999 -9999 11.4799 11.7304 11.8924 12.1699 13.0126 13.2423 13.3962 13.4131 13.1701 12.5402 12.3778 12.4988 11.8851 12.4082 13.1215 13.1093 13.029 11.6394 10.9328 11.6296 11.425 10.3815 9.56121 8.75139 7.07974 5.85644 4.09318 2.77002 2.72406 4.19295 5.41353 6.93333 7.60689 7.23184 7.64986 8.46348 9.3866 9.83726 9.74113 9.15241 9.07896 8.43157 9.08644 9.15119 8.86047 8.61034 8.72399 9.1139 9.26746 9.87815 10.0311 10.063 10.0735 10.0812 10.0833 10.084 10.0823 10.0804 10.0765 10.0539 7.02847 4.67725 -9999 -9999 -9999 -9999 -9999 -9999
-9999 -9999 -9999 -9999 10.9075 11.0617 11.4604 12.478 13.0128 13.2311 13.2278 13.331 13.1609 12.6073 12.0391 11.5038 10.8123 11.2161 12.2757 12.9027 12.9791 11.7617 12.4054 12.1729 11.7087 10.3424 9.33662 8.80552 7.2008 5.82678 4.65502 3.03542 3.73384 4.50271 5.48933 7.14678 8.26707 8.73092 8.35249 8.87478 9.93606 9.94999 9.38217 9.42862 9.08788 8.19994 9.14398 9.41658 9.21423 9.27861 9.20994 9.36044 9.62712 9.88203 10.0534 10.0819 10.09 10.0898 10.0941 10.0995 10.0924 10.0979 10.0941 10.0835 8.13247 4.64317 -9999 -9999 -9999 -9999 -9999 -9999
-9999 -9999 -9999 -9999 -9999 10.3916 11.2963 12.6459 12.9838 12.9572 13.239 13.267 13.0036 12.7756 12.0849 11.1398 9.3201 9.79047 10.7663 12.1711 12.9121 12.8186 12.4168 11.7121 9.99835 8.49902 8.32139 8.07989 6.90999 5.85271 4.54948 5.31089 6.14455 7.05632 7.53748 7.41815 8.37878 9.16347 8.83889 9.47811 10.2233 9.89701 9.70789 9.551 9.15569 9.14094 9.19315 9.73356 9.37613 9.61123 9.62728 9.62312 9.75692 9.90917 10.0681 10.0992 10.1051 10.1126 10.0997 10.1105 10.1065 10.1026 10.0996 10.0913 9.91946 8.0429 6.92313 -9999 -9999 -9999 -9999 -9999
-9999 -9999 -9999 -9999 -9999 9.57043 10.0236 11.6213 12.1173 12.8253 13.2031 13.2244 12.7767 12.5295 11.4979 11.1667 9.48392 8.72518 9.37952 9.13706 11.0693 12.7798 12.4162 8.98103 7.74038 6.85684 7.09034 7.09737 6.77505 4.97236 4.47845 6.10026 7.12289 7.91619 8.51914 8.64857 8.63289 9.85725 10.0253 10.4282 10.3498 10.3947 9.7882 9.41663 9.75962 9.3858 9.33013 9.88806 9.35791 9.85562 9.80832 9.67024 9.67054 9.99955 10.0714 10.1118 10.1196 10.1119 10.1005 10.0959 10.1111 10.1113 10.0986 10.1047 10.0926 9.87503 8.90632 8.5715 8.95463 -9999 -9999 -9999
-9999 -9999 -9999 -9999 -9999 -9999 8.5473 10.7661 11.7819 12.3175 13.0701 13.1644 12.9286 12.4972 11.4464 10.5232 9.01949 7.30164 6.39464 9.13275 11.5167 12.7638 12.6082 9.74977 8.62507 8.57815 9.24918 8.69233 8.27091 6.90204 6.49594 5.9297 6.28521 7.38936 8.29299 9.16413 9.79925 9.8563 10.2716 10.5131 10.54 10.6218 10.5582 10.5083 9.92494 10.3449 10.0067 10.2011 10.0918 9.99381 9.91173 9.58035 9.82818 10.048 10.1094 10.1331 10.1252 10.1271 10.1229 10.1078 10.1035 10.1073 10.1106 10.1051 10.1106 10.1066 10.0032 9.42272 8.64348 7.65734 -9999 -9999
-9999 -9999 -9999 -9999 -9999 -9999 7.4508 9.65888 10.725 12.096 12.8032 13.0936 13.0601 12.7114 11.9141 10.712 9.71173 7.79335 5.80142 8.67514 11.2358 12.6204 12.6994 10.3 10.9731 10.4394 10.6623 9.67989 9.27446 8.95445 8.24982 7.47875 6.63461 6.19178 8.21322 9.25355 10.0921 10.4908 10.7193 10.8372 10.7851 10.6413 9.75396 10.446 10.4196 10.3611 10.2927 10.2644 10.203 10.1287 10.0896 10.0802 9.86223 10.1259 10.1274 10.1359 10.142 10.1401 10.1322 10.1261 10.1175 10.1232 10.119 10.1158 10.1154 10.119 10.1177 10.0913 9.94115 8.61495 7.82366 7.6071
-9999 -9999 -9999 -9999 -9999 -9999 4.36368 7.57432 10.1552 11.5051 12.6056 12.9106 13.0272 12.5579 12.2083 11.348 10.5339 9.27534 7.38768 6.22779 8.38109 11.5083 12.6644 12.5823 12.5161 11.8981 11.3415 11.2756 11.3227 10.673 9.72432 8.48316 8.10129 7.66863 9.17538 9.38364 9.27878 10.9365 10.9465 10.8594 10.2346 9.53493 9.67783 9.24793 9.59327 9.08016 9.5695 9.99367 10.1576 10.1535 10.1083 10.111 10.093 10.1459 10.1506 10.1485 10.148 10.1499 10.1486 10.1344 10.1287 10.1411 10.1339 10.1301 10.1246 10.1302 10.1325 10.1145 10.0984 9.89899 9.59629 9.01629
-9999 -9999 -9999 -9999 -9999 -9999 4.51087 7.21263 9.50427 10.8817 12.2049 12.5151 12.9645 12.8728 12.5064 11.7592 10.8247 9.78983 8.1711 6.9696 8.41146 10.49 11.9798 12.5195 12.519 12.4888 12.3531 12.3001 12.1407 12.028 11.3489 10.1802 9.51936 8.55055 10.2294 10.4218 10.1648 11.0061 10.9702 9.71285 8.74825 8.63489 9.23601 8.68074 8.59123 8.2477 8.65326 9.72527 9.42565 9.49518 9.98695 10.0735 10.1341 10.1535 10.1556 10.1584 10.1552 10.1615 10.1678 10.1541 10.1507 10.1519 10.1393 10.1422 10.1355 10.1335 10.1284 10.1213 10.1072 10.0543 9.99846 10.0724
-9999 -9999 -9999 -9999 -9999 -9999 4.57602 6.39446 8.45722 10.4832 11.8961 12.4686 12.8866 12.8866 12.46 12.091 11.507 10.5971 9.97484 8.8906 7.40057 9.91398 10.6894 11.3835 11.6783 12.3991 12.3869 12.064 11.6859 12.0435 11.9481 11.0211 10.719 10.2062 11.1419 11.1487 11.1278 11.0833 10.0214 8.5437 7.36438 8.22564 8.05517 8.45555 7.25073 8.26104 9.07382 9.34321 8.80322 8.40566 9.6689 9.88755 10.0172 10.1022 10.1596 10.1524 10.1704 10.1682 10.1698 10.1712 10.166 10.1652 10.1601 10.1549 10.1507 10.15 10.1419 10.1338 10.1382 10.1092 10.102 10.0983
-9999 -9999 -9999 -9999 -9999 -9999 -9999 5.33416 7.9493 10.2835 11.585 12.405 12.8068 12.804 12.5881 12.339 11.9787 11.3236 10.4995 9.19433 8.22693 8.85021 9.61009 9.70275 10.2095 11.6684 12.17 11.4712 9.73516 10.7715 11.9211 11.9065 11.8129 11.7077 11.5705 11.4491 11.1782 10.4447 8.1867 7.74951 6.8685 6.97697 6.52925 7.53286 7.16995 8.20068 8.65207 8.82749 7.89018 8.10047 9.22321 9.66933 9.60245 9.87805 10.1388 10.1528 10.1656 10.1644 10.1755 10.1832 10.1847 10.1817 10.1794 10.1795 10.1656 10.1751 10.0972 10.0486 9.94348 10.0862 10.1045 10.1253
-9999 -9999 -9999 -9999 -9999 -9999 -9999 4.82564 7.43451 10.1829 11.0683 11.9522 12.7157 12.7351 12.4027 12.087 11.7618 11.3911 10.3904 9.42017 8.49424 8.18713 8.38031 8.37411 9.19045 11.0894 11.4612 11.3097 9.50193 8.89137 10.4259 11.7163 11.8218 11.7096 10.2009 10.5281 9.71701 8.61547 8.31691 7.8389 6.8218 7.32216 6.57968 6.90917 6.83247 7.42095 7.71197 8.41013 7.59401 7.60815 8.71115 9.26779 9.28785 9.87114 10.0828 10.1425 10.1618 10.1773 10.1857 10.2009 10.2018 10.1998 10.1951 10.1742 10.1152 9.92046 8.83283 8.84044 9.147 9.43717 9.96426 10.1206
-9999 -9999 -9999 -9999 -9999 -9999 -9999 5.13574 6.9476 9.38696 11.1951 11.3129 12.1944 12.6516 12.2899 11.8821 11.465 11.2856 10.1959 8.99847 8.03211 6.88728 7.08221 7.91352 9.27283 10.5013 10.7251 10.4772 9.51342 9.9783 11.0265 11.5851 11.7531 11.6292 11.3044 11.119 10.5232 10.2685 9.43963 8.1406 7.63325 7.96611 6.58753 6.69201 7.21227 6.67704 7.58245 8.0197 6.96333 7.82534 8.79657 9.29623 9.73364 9.94386 10.0312 10.1619 10.1711 10.1876 10.1994 10.2038 10.21 10.1963 10.186 10.0763 9.91128 8.89683 8.48015 8.56985 9.04784 9.46692 9.91603 10.0981
-9999 -9999 -9999 -9999 -9999 -9999 -9999 5.45258 7.0845 9.20035 10.4909 10.7256 11.7027 12.5722 12.4804 12.056 11.9303 11.4905 10.5671 9.54663 8.43084 7.89118 6.64347 7.88251 8.86702 9.9081 10.3978 9.60822 9.21137 9.92797 10.6403 10.9277 11.6471 11.6453 11.4175 10.4188 9.93475 10.1475 9.94336 9.58148 8.68957 8.65656 8.08651 7.85479 7.63645 6.91159 7.38718 7.44151 7.58257 8.60741 9.11624 9.45573 9.76489 9.8507 9.9885 10.1654 10.1865 10.1987 10.2041 10.2135 10.2073 10.165 10.1305 9.90307 9.49545 8.72921 7.48593 8.37486 9.30396 9.59187 9.87108 10.0157
-9999 -9999 -9999 -9999 -9999 -9999 -9999 5.1841 6.91757 8.72672 9.48589 9.61876 11.3835 12.466 12.4728 12.2742 12.0415 10.9475 11.0172 10.8026 9.79657 8.32869 6.71603 6.87307 7.84441 9.21861 9.67641 8.36427 7.90189 8.25099 9.32582 10.2885 11.2934 11.5525 11.2644 9.70698 8.05177 8.828 9.65725 9.65911 9.42428 8.59773 8.34015 8.1078 7.50704 6.48544 6.64444 6.93815 8.10769 8.47908 9.04871 9.52278 9.35329 9.46282 9.91613 10.1788 10.1947 10.2055 10.2201 10.2205 10.2114 10.121 10.025 9.85944 8.78631 8.12138 7.15164 8.29597 8.93128 9.28483 9.8896 10.0379
-9999 -9999 -9999 -9999 -9999 -9999 -9999 4.65773 5.91717 7.64675 8.34675 9.46038 11.1285 11.9514 12.3485 12.345 12.1916 11.7045 11.4138 10.8358 9.78893 8.35555 6.76161 5.72576 6.26017 8.10929 8.55639 7.34094 6.72564 7.50382 8.64908 10.3424 11.3121 11.4476 11.3658 11.0491 9.84221 8.38308 8.39421 9.1354 8.52717 7.81937 8.21936 8.15372 7.5605 7.13104 6.87309 7.054 7.72168 8.00027 8.65727 9.62337 9.76755 9.74697 10.1573 10.1839 10.1996 10.2211 10.2269 10.2294 10.2235 10.151 9.98062 9.26842 8.64816 7.78277 7.68124 8.7016 9.15702 9.58069 9.88043 9.9819
-9999 -9999 -9999 -9999 -9999 -9999 -9999 3.74515 5.22621 6.84691 8.36473 9.801 11.0378 11.1381 11.7928 11.7971 12.1425 12.0501 11.599 11.113 10.2117 8.36881 6.82001 5.13041 5.58233 7.4666 7.72458 6.9123 5.40699 6.97221 8.69778 10.2622 11.1115 10.4553 11.1389 11.0889 10.6403 9.77411 8.42417 8.45614 7.44641 7.40889 7.93769 8.11413 8.03435 7.71374 7.19778 7.30343 7.71335 7.82212 8.42656 9.17771 9.91206 10.0411 10.1865 10.199 10.2077 10.2253 10.2331 10.2242 10.1932 10.1169 9.52084 8.81076 8.37576 7.77472 7.70733 8.88071 9.3614 9.6324 9.89235 9.99852
-9999 -9999 -9999 -9999 -9999 -9999 -9999 -9999 5.08392 6.75825 7.99854 8.33634 9.4364 10.0328 10.4954 10.6019 11.9124 11.9894 11.7052 11.2592 10.4911 9.09389 8.12192 6.50145 5.33812 5.83063 6.06179 6.49659 6.37539 7.07649 8.73497 10.4626 10.656 9.5674 9.73499 9.96957 10.4884 10.234 8.3924 7.45988 6.68706 7.24718 7.83626 7.98411 8.01941 7.91428 7.79877 7.58908 8.37545 8.95919 9.10013 9.6098 9.98784 10.0972 10.1812 10.1973 10.2136 10.2201 10.2049 10.1955 10.1086 9.90618 9.2386 7.62443 7.70634 7.53736 7.03962 8.19202 8.92668 9.57639 9.92451 10.0189
-9999 -9999 -9999 -9999 -9999 -9999 -9999 -9999 4.53728 6.47385 6.8872 6.86228 6.22824 6.52781 8.90322 9.38561 10.6426 11.8331 11.7511 11.3135 10.5952 9.76501 8.47699 6.65384 5.20626 4.60569 6.1753 7.71707 8.03953 8.53515 9.55359 9.75159 8.63899 7.59601 8.19033 8.5506 9.90746 10.1599 9.90326 8.79612 7.52953 6.87154 7.66253 7.77419 7.82826 7.84473 7.83455 7.81366 8.7021 9.19555 9.54007 9.73092 10.0567 10.1453 10.1783 10.2096 10.2104 10.2005 10.1565 10.1056 9.85982 9.561 8.46347 7.54949 6.98192 6.25988 7.90769 8.40733 9.09481 9.54066 9.88718 9.9681
