Test_Spring_2018/11_17/Temp/20171119_001.txt
ncols	170
nrows	115
xllcorner	350000.000000
yllcorner	4445000.000000
cellsize	1000.000000
nodata_value	-9999.000000
[rows 32 to 63 of 115, columns 72 to 143 of 170]
11.4415 11.0992 11.6326 12.1238 11.8384 11.6504 12.4598 12.4616 12.1888 11.5455 11.3104 11.0666 10.9179 10.0923 7.77312 5.68284 6.80642 6.8358 6.0637 7.45749 6.72704 4.81557 2.11575 3.59065 3.21317 1.30543 0.84114 -9999 -9999 -9999 -9999 -9999 -9999 -9999 -9999 -9999 -9999 -9999 -9999 -9999 -9999 -9999 -9999 -9999 -9999 -9999 -9999 -9999 -9999 -9999 -9999 -9999 -9999 -9999 -9999 -9999 -9999 -9999 -9999 -9999 -9999 -9999 -9999 -9999 -9999 -9999 -9999 -9999 -9999 -9999 -9999 -9999
10.9892 10.8429 11.6347 11.6198 11.58 11.8786 12.3835 12.485 12.3799 12.1004 11.8587 11.6014 10.946 10.0015 8.01708 5.63754 5.09973 6.26799 6.32683 6.51742 5.85166 5.01482 3.70375 4.78517 5.208 3.95451 2.3149 1.26831 -9999 -9999 -9999 -9999 -9999 -9999 -9999 -9999 -9999 -9999 -9999 -9999 -9999 -9999 -9999 -9999 -9999 -9999 -9999 -9999 -9999 -9999 -9999 -9999 -9999 -9999 -9999 -9999 -9999 -9999 -9999 -9999 -9999 -9999 -9999 -9999 -9999 -9999 -9999 -9999 -9999 -9999 -9999 -9999
10.4481 9.68315 10.1608 10.5199 11.1983 11.3808 11.4821 12.4267 12.3788 12.3372 11.9368 11.6169 11.0856 10.1768 8.88208 7.32289 4.60663 6.28534 7.6006 7.56991 7.50121 6.91568 5.65584 6.71689 6.77062 5.16999 3.35417 2.28002 1.83788 -9999 -9999 -9999 -9999 -9999 -9999 -9999 -9999 -9999 -9999 -9999 -9999 -9999 -9999 -9999 -9999 -9999 -9999 -9999 -9999 -9999 -9999 -9999 -9999 -9999 -9999 -9999 -9999 -9999 -9999 -9999 -9999 -9999 -9999 -9999 -9999 -9999 -9999 -9999 -9999 -9999 -9999 -9999
9.83182 8.89696 9.37742 10.0182 10.93 11.4086 11.7714 12.0555 12.3452 12.3134 11.9037 10.6894 10.5177 10.4671 9.62104 7.84312 6.06759 5.60932 7.61406 8.18976 8.07578 8.52596 7.45891 7.96827 7.76459 7.20161 5.45349 3.85291 3.1916 1.88112 -9999 -9999 -9999 -9999 -9999 -9999 -9999 -9999 -9999 -9999 -9999 -9999 -9999 -9999 -9999 -9999 -9999 -9999 -9999 -9999 -9999 -9999 -9999 -9999 -9999 -9999 -9999 -9999 -9999 -9999 -9999 -9999 -9999 -9999 -9999 -9999 -9999 -9999 -9999 -9999 -9999 -9999
-9999 -9999 8.31698 9.19602 9.92168 10.8124 11.5809 11.9648 12.3379 12.3105 11.4896 11.0891 11.0561 10.5025 9.5254 8.91284 7.79556 6.63144 7.07897 8.78878 8.03166 9.2441 9.14465 9.37011 8.56478 7.04842 5.00649 3.81863 3.22721 2.16578 -9999 -9999 -9999 -9999 -9999 -9999 -9999 -9999 -9999 -9999 -9999 -9999 -9999 -9999 -9999 -9999 -9999 -9999 -9999 -9999 -9999 -9999 -9999 -9999 -9999 -9999 -9999 -9999 -9999 -9999 -9999 -9999 -9999 -9999 -9999 -9999 -9999 -9999 -9999 -9999 -9999 -9999
-9999 -9999 -9999 9.04339 9.59763 10.7794 11.4024 11.6526 12.253 12.257 11.9477 11.7146 11.3752 10.931 10.1971 9.38708 8.3362 8.24053 9.33464 9.35006 9.12397 9.30566 9.86946 9.72438 8.47866 6.33166 5.19339 2.88021 1.88984 1.99484 1.29354 -9999 -9999 -9999 -9999 -9999 -9999 -9999 -9999 -9999 -9999 -9999 -9999 4.00833 -9999 -9999 -9999 -9999 -9999 -9999 -9999 -9999 -9999 -9999 -9999 -9999 -9999 -9999 -9999 -9999 -9999 -9999 -9999 -9999 -0.211194 -9999 -9999 -9999 -9999 -9999 -9999 -9999
-9999 -9999 8.93591 9.68193 10.2577 10.9996 11.0797 11.5278 12.2181 12.2309 12.0124 11.765 11.2054 11.0683 10.6513 9.77154 9.59279 9.9516 10.1177 10.3059 10.4226 10.3315 10.1066 9.81559 9.02285 8.02408 7.35498 5.23924 4.1741 3.15184 1.60277 0.391396 -9999 -9999 -9999 -9999 -9999 -9999 -9999 3.20045 3.14338 3.17139 3.51221 4.4524 3.90038 -9999 -9999 -9999 -9999 -9999 -9999 -9999 -9999 -9999 -9999 -9999 -9999 -9999 -9999 -9999 -9999 -9999 -9999 -9999 0.640687 -0.580789 -9999 -9999 -9999 -9999 -9999 -9999
-9999 -9999 9.14917 9.92617 10.3158 11.0367 11.4508 11.7334 11.9747 12.2055 12.1702 11.8962 11.4778 11.4827 10.9046 10.5935 10.3716 10.8561 10.9529 10.7604 10.5189 10.3058 9.69985 9.63214 9.44768 8.815 7.77449 6.7023 5.15581 3.05207 0.988856 -0.674927 -9999 -9999 -9999 -9999 -9999 -9999 3.37983 4.16121 4.6294 3.6352 4.48502 5.26175 5.13786 4.39417 -9999 -9999 -9999 -9999 -9999 -9999 -9999 -9999 -9999 -9999 -9999 -9999 -9999 -9999 6.43599 5.1834 2.65262 1.35583 0.578212 -0.532314 -9999 -9999 -9999 -9999 -9999 -9999
-9999 -9999 9.00062 9.91809 10.5409 11.0945 11.1862 11.7601 12.0131 12.1387 12.1273 12.0753 12.0002 11.4962 11.2802 10.5166 11.2497 11.223 11.0388 10.3066 9.99017 8.73284 8.18097 8.06969 9.13172 8.35262 6.72236 4.68358 2.23673 2.08005 1.27149 -0.215073 -9999 -9999 -9999 -9999 -9999 -9999 3.62674 4.46226 5.15952 5.26113 4.27264 5.65253 5.6082 4.83604 4.66072 5.29357 5.61438 5.37834 6.13428 6.35548 6.01441 6.38849 -9999 -9999 -9999 -9999 6.61164 6.66264 6.70132 6.17971 3.41487 1.52685 -0.16839 -0.324594 -9999 -9999 -9999 -9999 -9999 -9999
-9999 -9999 9.63873 10.2048 10.4929 10.5429 11.0408 11.5438 11.8544 12.084 12.0422 12.0268 12.0098 11.8385 11.4377 11.5113 11.4797 11.2458 9.85077 8.22247 8.93415 7.96442 5.90301 7.59075 8.5184 7.6353 5.65921 3.36736 2.62355 2.65818 1.53251 0.0844324 -9999 -9999 -9999 1.34762 2.54464 2.64969 3.00287 4.11698 4.96439 5.60163 6.03628 6.02991 5.57197 4.81658 3.99553 4.28792 5.76439 6.12438 6.4305 6.65967 6.34299 6.50826 6.90308 7.10719 7.14869 7.05597 7.03496 7.06751 7.02077 6.53405 4.06134 2.64638 1.74406 -0.0669724 -9999 -9999 -9999 -9999 -9999 -9999
-9999 -9999 9.29172 9.78439 10.1845 10.8501 10.924 11.3452 11.6018 11.9752 12.0196 11.5919 11.9497 11.9055 11.8403 11.7001 11.4941 10.3163 8.69275 7.06542 6.315 6.64333 5.40026 6.04482 6.98486 6.64325 5.4356 3.39436 3.11034 2.64197 0.745505 -1.07957 -9999 -9999 -0.967728 1.32814 2.94476 3.77884 4.03741 4.06233 5.12974 5.21332 6.36227 6.09952 4.58028 4.75101 4.15817 4.54105 5.0825 5.23101 6.01192 6.76126 6.90269 6.90596 7.15733 7.20905 7.22247 7.21608 7.04589 7.12417 7.13653 6.83328 5.04163 4.16844 3.20646 -0.0399753 -9999 -9999 -9999 -9999 -9999 -9999
-9999 -9999 9.55132 10.1021 10.7054 10.8065 11.255 11.2123 11.0952 11.7184 11.9498 11.6485 11.4319 11.8364 11.8096 11.7568 11.6691 10.5621 9.28108 7.34176 6.13745 5.4074 4.88652 4.19473 4.67938 4.53618 4.34308 4.57408 4.01368 2.89883 1.79081 -0.287532 -1.41007 -9999 -0.838408 0.198503 2.12084 3.75422 4.79091 4.4181 5.63165 5.85633 6.56168 6.15035 5.22801 4.83095 4.79549 4.67419 5.49172 6.04061 6.43057 6.68975 7.01282 7.09486 7.17733 7.2118 7.23061 7.24972 7.24573 7.23956 7.20368 7.09004 6.26663 5.39518 3.51112 0.0706199 -9999 -9999 -9999 -9999 -9999 -9999
-9999 7.95311 9.49234 10.4141 10.7735 11.0342 11.2648 11.4331 11.6136 11.7771 11.8913 11.8477 11.045 11.1121 11.2575 11.7146 11.6823 11.5824 10.8821 8.52204 7.71143 6.52355 4.98267 4.34231 4.66881 5.9387 5.88667 5.05312 4.12362 2.83905 2.01961 0.747128 -1.70036 -1.47745 -0.371967 0.450575 1.75728 3.75356 5.15266 5.77661 6.01181 6.50721 6.76264 6.19847 5.66245 5.4367 5.01875 4.95977 4.96295 5.45696 5.84387 6.70056 6.98885 7.12054 7.18779 7.224 7.2504 7.27644 7.28564 7.26947 7.27076 7.2646 7.20481 6.04447 3.14078 0.956776 -9999 -9999 -9999 -9999 -9999 -9999
-9999 -9999 9.21256 9.62 9.72962 9.91889 10.3022 10.7435 11.3708 11.4541 11.7983 11.799 11.1083 10.3088 11.007 11.2844 11.5717 11.5804 11.4904 9.51093 8.47531 7.66099 6.18385 6.72291 7.23447 7.27754 6.97619 5.18399 3.39902 1.34209 -0.581873 -0.670738 -1.70621 -1.15521 -0.42428 1.44853 2.76631 3.30059 3.68394 5.71234 6.24229 6.42294 6.94192 6.23318 6.05423 5.5218 5.68001 5.63348 5.63665 4.16224 5.64324 5.73059 6.69424 7.12721 7.22533 7.25215 7.28079 7.28554 7.29139 7.28734 7.29758 7.28365 7.26905 6.51543 2.83209 0.986619 -9999 -9999 -9999 -9999 -9999 -9999
-9999 -9999 -9999 -9999 9.35225 9.66486 9.86707 10.2137 11.2696 11.5555 11.7462 11.7648 11.4577 10.6665 10.4584 10.6039 9.8306 10.4782 11.3655 11.3452 11.2401 9.49907 8.61167 9.4796 9.2215 7.91524 6.88836 5.87498 3.78453 2.25734 0.051857 -1.60383 -1.66355 0.16958 1.69145 3.5865 4.42278 3.94728 4.46213 5.4708 6.61527 7.16843 7.03751 6.29037 6.18615 5.36517 6.17195 6.24112 5.86609 5.54201 5.67283 6.14941 6.33114 7.08496 7.26743 7.29954 7.30545 7.30875 7.3058 7.30188 7.29332 7.28625 7.2768 7.24414 3.45803 0.515843 -9999 -9999 -9999 -9999 -9999 -9999
-9999 -9999 -9999 -9999 8.62886 8.82113 9.31927 10.5911 11.2622 11.5337 11.5277 11.6541 11.438 10.7418 10.0266 9.35159 8.48137 8.98028 10.2991 11.0778 11.1686 9.64297 10.4434 10.1498 9.56732 7.85762 6.59902 5.93412 3.92744 2.21187 0.745864 -1.28027 -0.409446 0.548764 1.77834 3.84544 5.24013 5.81292 5.33253 5.97669 7.29367 7.30071 6.57995 6.62649 6.18793 5.06605 6.23407 6.56286 6.29812 6.36704 6.26982 6.44709 6.7702 7.07929 7.2848 7.31246 7.31555 7.30894 7.30881 7.30992 7.296 7.29805 7.28865 7.27086 4.82773 0.462923 -9999 -9999 -9999 -9999 -9999 -9999
-9999 -9999 -9999 -9999 -9999 7.97555 9.10609 10.7928 11.2176 11.1829 11.5331 11.5654 11.2325 10.9431 10.0746 8.88746 6.60689 7.18901 8.40328 10.1541 11.0759 10.9552 10.4488 9.56502 7.42055 5.54458 5.32116 5.01823 3.55505 2.23539 0.605023 1.55509 2.59497 3.73181 4.32957 4.17577 5.37088 6.34501 5.93154 6.72178 7.64358 7.22519 6.97765 6.76989 6.263 6.23248 6.28564 6.94913 6.49051 6.77282 6.7815 6.76549 6.92255 7.1034 7.29343 7.32441 7.3247 7.32786 7.30593 7.31412 7.3039 7.29415 7.28563 7.27064 7.0513 4.70231 3.29845 -9999 -9999 -9999 -9999 -9999
-9999 -9999 -9999 -9999 -9999 6.94083 7.50688 9.5034 10.1257 11.009 11.479 11.5027 10.9393 10.6259 9.33151 8.91171 6.80224 5.84827 6.66076 6.35272 8.76357 10.8978 10.4391 6.14239 4.58923 3.48293 3.77329 3.78091 3.37705 1.12555 0.506688 2.53212 3.80811 4.79679 5.54673 5.70388 5.67859 7.2023 7.4046 7.89943 7.79163 7.83727 7.06797 6.59186 7.00786 6.52853 6.44689 7.13234 6.45793 7.0686 6.99822 6.81496 6.80529 7.2072 7.28845 7.33117 7.33358 7.31779 7.29772 7.28658 7.3004 7.29546 7.27463 7.27755 7.25773 6.98231 5.76717 5.3445 5.81936 -9999 -9999 -9999
-9999 -9999 -9999 -9999 -9999 -9999 5.65289 8.4256 9.69745 10.3649 11.3031 11.4178 11.1212 10.5768 9.2577 8.09792 6.21238 4.05931 2.92081 6.33853 9.31406 10.8691 10.6704 7.09447 5.68613 5.62544 6.46252 5.76507 5.2371 3.5277 3.01837 2.30857 2.75049 4.12928 5.25334 6.33744 7.12559 7.19017 7.70151 7.99461 8.01853 8.11031 8.01974 7.94587 7.20407 7.71709 7.28245 7.51378 7.36559 7.23186 7.11823 6.69358 6.99353 7.25912 7.32744 7.34811 7.33174 7.32787 7.31674 7.29225 7.28168 7.2811 7.28008 7.26828 7.27016 7.26161 7.12801 6.39812 5.41997 4.18334 -9999 -9999
-9999 -9999 -9999 -9999 -9999 -9999 4.27354 7.03244 8.36696 10.0785 10.9635 11.3227 11.276 10.8349 9.83276 8.32447 7.06841 4.66485 2.16959 5.75645 8.95437 10.6813 10.7767 7.77341 8.61219 7.94271 8.2194 6.98974 6.48143 6.08287 5.20007 4.23393 3.17899 2.6194 5.14199 6.43745 7.47988 7.97146 8.24935 8.38808 8.31333 8.12319 7.00318 7.8569 7.81166 7.72689 7.62972 7.58292 7.49492 7.39116 7.33158 7.30966 7.02761 7.34665 7.3391 7.34286 7.34394 7.33537 7.31952 7.30596 7.28945 7.29027 7.28101 7.27177 7.2662 7.26701 7.26073 7.22328 7.03139 5.3696 4.37659 4.10013
-9999 -9999 -9999 -9999 -9999 -9999 0.405912 4.41761 7.65142 9.33537 10.7076 11.0844 11.2253 10.6336 10.1911 9.1102 8.08701 6.50839 4.14362 2.68885 5.37571 9.2805 10.7245 10.6175 10.5319 9.75687 9.05882 8.9744 9.03131 8.22038 7.03703 5.48223 4.99796 4.45335 6.33238 6.58762 6.45066 8.51603 8.52079 8.4034 7.61319 6.72823 6.89611 6.3479 6.76763 6.11498 6.71542 7.23451 7.42858 7.4128 7.34593 7.33696 7.30557 7.36084 7.35927 7.34976 7.34249 7.33857 7.33085 7.30713 7.29409 7.30367 7.28797 7.27734 7.26743 7.27066 7.26876 7.24156 7.21707 6.96365 6.58124 5.85021
-9999 -9999 -9999 -9999 -9999 -9999 0.587778 3.96732 6.8287 8.54762 10.1975 10.5807 11.1376 11.0178 10.5545 9.61513 8.44167 7.14278 5.11431 3.60763 5.40541 7.99927 9.85777 10.5277 10.5265 10.486 10.3137 10.251 10.0491 9.90909 9.0568 7.58801 6.75833 5.54325 7.63718 7.8724 7.5451 8.58989 8.53743 6.95743 5.74258 5.59116 6.33164 5.62673 5.50309 5.0635 5.5596 6.88889 6.50091 6.57768 7.1824 7.28131 7.34476 7.36126 7.35647 7.35308 7.34249 7.34389 7.34547 7.32219 7.31187 7.30736 7.2856 7.28206 7.26791 7.26135 7.25285 7.23923 7.21695 7.14648 7.07059 7.15665
-9999 -9999 -9999 -9999 -9999 -9999 0.665498 2.93606 5.51112 8.0406 9.80249 10.5135 11.0312 11.0261 10.4876 10.0211 9.28589 8.14336 7.36052 6.00049 4.1335 7.27102 8.23634 9.09896 9.47037 10.3684 10.3501 9.94366 9.47423 9.91781 9.78964 8.62721 8.2455 7.60006 8.76481 8.76778 8.73555 8.6731 7.33827 5.48289 3.99989 5.067 4.844 5.33317 3.81589 5.06527 6.07039 6.39651 5.71296 5.20624 6.77556 7.03537 7.18925 7.28765 7.35217 7.33612 7.35192 7.34269 7.33831 7.33369 7.32092 7.31369 7.3012 7.28861 7.27591 7.27112 7.2556 7.23774 7.23867 7.20136 7.18816 7.17677
-9999 -9999 -9999 -9999 -9999 -9999 -9999 1.60773 4.8737 7.78728 9.40952 10.4298 10.9269 10.9183 10.6431 10.3266 9.87122 9.04746 8.01271 6.37683 5.16344 5.93861 6.88502 6.99548 7.62541 9.44557 10.0693 9.19252 7.02369 8.30944 9.74253 9.72035 9.59899 9.46291 9.28746 9.13004 8.78524 7.8615 5.03153 4.47552 3.36544 3.49164 2.92218 4.16508 3.7005 4.97842 5.53225 5.74131 4.55977 4.81272 6.20145 6.75052 6.65884 6.99569 7.31631 7.32677 7.33603 7.32789 7.33522 7.33838 7.33383 7.32148 7.31218 7.3059 7.28043 7.2884 7.18551 7.11952 6.98331 7.15719 7.1758 7.18951
-9999 -9999 -9999 -9999 -9999 -9999 -9999 0.965057 4.22218 7.65341 8.75559 9.85564 10.8051 10.8241 10.4036 10.0039 9.59243 9.12418 7.86854 6.65133 5.48965 5.10167 5.33922 5.32603 6.34263 8.71252 9.17354 8.98054 6.71546 5.94806 7.86192 9.47034 9.59761 9.45237 7.56105 7.96427 6.94401 5.56017 5.17944 4.57385 3.29387 3.91021 2.97264 3.37471 3.26669 3.99222 4.346 5.20885 4.17912 4.18711 5.55086 6.23816 6.25519 6.97664 7.23388 7.30142 7.31867 7.33132 7.33513 7.34743 7.34198 7.33281 7.32041 7.28781 7.2077 6.95598 5.59319 5.59734 5.97546 6.33338 6.98353 7.16984
-9999 -9999 -9999 -9999 -9999 -9999 -9999 1.34502 3.60576 6.65061 8.90615 9.04869 10.1456 10.7122 10.2549 9.74018 9.21376 8.98465 7.61782 6.11649 4.90411 3.46879 3.70828 4.74335 6.43664 7.96811 8.24386 7.92998 6.71905 7.2955 8.60095 9.29442 9.49931 9.33903 8.92741 8.68965 7.93842 7.61294 6.56944 4.9377 4.2951 4.70233 2.96994 3.09107 3.73172 3.05069 4.17278 4.7098 3.38004 4.44151 5.64671 6.26286 6.80158 7.05664 7.15845 7.3146 7.31916 7.33288 7.34081 7.33953 7.34063 7.31671 7.2973 7.15356 6.94091 5.66663 5.14006 5.24665 5.83885 6.35765 6.90441 7.12757
-9999 -9999 -9999 -9999 -9999 -9999 -9999 1.73364 3.76936 6.40976 8.01838 8.30702 9.52352 10.6053 10.4856 9.95011 9.788 9.2333 8.07423 6.79399 5.39465 4.71557 3.15155 4.696 5.92046 7.2174 7.82516 6.83187 6.33083 7.22153 8.10684 8.46085 9.35467 9.3467 9.05603 7.80139 7.18973 7.44866 7.18598 6.72576 5.60262 5.55271 4.83122 4.53238 4.25007 3.33213 3.91722 3.97585 4.1365 5.40772 6.03501 6.45096 6.82933 6.92883 7.09357 7.30737 7.32668 7.33498 7.3348 7.33971 7.32507 7.26556 7.21571 6.9248 6.40879 5.44466 3.88462 4.99008 6.14596 6.49534 6.83416 7.01016
-9999 -9999 -9999 -9999 -9999 -9999 -9999 1.39082 3.55341 5.8104 6.75478 6.91613 9.11717 10.4653 10.4688 10.2156 9.91971 8.54716 8.62941 8.35634 7.09396 5.25442 3.23396 3.42565 4.63281 6.34637 6.91391 5.26679 4.68348 5.11445 6.45249 7.65018 8.90059 9.21854 8.85228 6.89907 4.82332 5.78649 6.81557 6.81008 6.5084 5.46674 5.13601 4.83658 4.07647 2.79036 2.97721 3.33521 4.78042 5.23566 5.93895 6.5231 6.3031 6.43216 6.99117 7.31215 7.32478 7.33114 7.34244 7.33594 7.31778 7.19799 7.07118 6.85762 5.50968 4.67209 3.45662 4.87827 5.66673 6.09226 6.843 7.02331
-9999 -9999 -9999 -9999 -9999 -9999 -9999 0.725841 2.29584 4.45335 5.32375 6.71105 8.79127 9.81503 10.3064 10.2969 10.1001 9.48615 9.11766 8.39019 7.07663 5.27997 3.28267 1.98301 2.64617 4.95065 5.49778 3.9776 3.20281 4.16981 5.59557 7.70623 8.91234 9.07558 8.96694 8.56442 7.04898 5.21794 5.22439 6.14308 5.37472 4.48162 4.97296 4.88205 4.13149 3.58549 3.25131 3.4615 4.28599 4.62522 5.43769 6.63679 6.80877 6.77506 7.28021 7.30593 7.31827 7.33795 7.33807 7.33425 7.32 7.22246 7.00279 6.10588 5.32397 4.23573 4.1024 5.37177 5.9301 6.44786 6.81701 6.93841
-9999 -9999 -9999 -9999 -9999 -9999 -9999 -0.421768 1.42522 3.44662 5.3393 7.12991 8.6711 8.79148 9.60483 9.60505 10.0317 9.91103 9.34189 8.72919 7.59735 5.2886 3.34746 1.23036 1.79011 4.13764 4.45318 3.43189 1.54432 3.4948 5.64564 7.59496 8.65037 7.82371 8.67166 8.60232 8.03464 6.94468 5.24981 5.28201 4.01183 3.95662 4.60904 4.82078 4.71207 4.30218 3.64862 3.76137 4.26349 4.39038 5.13705 6.06733 6.97687 7.13 7.30385 7.3118 7.3152 7.33002 7.33256 7.31441 7.26878 7.16667 6.41482 5.52056 4.97018 4.21231 4.12153 5.58535 6.17165 6.49812 6.81725 6.94419
-9999 -9999 -9999 -9999 -9999 -9999 -9999 -9999 1.24057 3.32903 4.87482 5.29239 6.66262 7.4031 7.97629 8.10423 9.73709 9.82804 9.46742 8.90444 7.93897 6.18703 4.96666 2.93569 1.47615 2.07733 2.36523 2.90249 2.74474 3.61481 5.68156 7.83471 8.06989 6.70264 6.90541 7.19175 7.8332 7.508 5.19847 4.02507 3.05104 3.74289 4.47066 4.64668 4.6818 4.54121 4.38151 4.10529 5.07889 5.79934 5.96647 6.59474 7.0587 7.18709 7.28398 7.29639 7.30909 7.30995 7.2837 7.26495 7.14948 6.88969 6.04851 4.02417 4.11992 3.90205 3.27325 4.70241 5.60763 6.41366 6.84271 6.95464
-9999 -9999 -9999 -9999 -9999 -9999 -9999 -9999 0.550581 2.96689 3.47907 3.44328 2.64595 3.01546 5.97956 6.57729 8.14316 9.62576 9.51763 8.96504 8.06147 7.01809 5.40239 3.1178 1.30268 0.544073 2.49718 4.41841 4.81498 5.42798 6.69447 6.93539 5.53801 4.22759 4.96363 5.407 7.09592 7.40414 7.07581 5.68411 4.09286 3.26208 4.2422 4.37292 4.43141 4.4427 4.4135 4.37799 5.4749 6.08228 6.50366 6.73317 7.13155 7.23375 7.26678 7.29797 7.29137 7.27151 7.20937 7.13868 6.82469 6.44446 5.06592 3.91685 3.20077 2.29156 4.34455 4.9578 5.80818 6.35457 6.78132 6.87604
