Test_Spring_2018/11_17/Temp/20171130_019.txt
ncols	170
nrows	115
xllcorner	350000.000000
yllcorner	4445000.000000
cellsize	1000.000000
nodata_value	-9999.000000
[rows 32 to 63 of 115, columns 72 to 143 of 170]
14.8772 14.5865 15.041 15.4594 15.1999 15.0313 15.7138 15.7159 15.4846 14.9383 14.7397 14.5339 14.4091 13.7083 11.7364 9.95914 10.917 10.9434 10.2874 11.4744 10.8532 9.22656 6.92863 8.18356 7.86175 6.2342 5.84167 -9999 -9999 -9999 -9999 -9999 -9999 -9999 -9999 -9999 -9999 -9999 -9999 -9999 -9999 -9999 -9999 -9999 -9999 -9999 -9999 -9999 -9999 -9999 -9999 -9999 -9999 -9999 -9999 -9999 -9999 -9999 -9999 -9999 -9999 -9999 -9999 -9999 -9999 -9999 -9999 -9999 -9999 -9999 -9999 -9999
14.4924 14.3689 15.0435 15.0313 14.9879 15.2264 15.6497 15.7367 15.648 15.4112 15.2067 14.9893 14.4331 13.631 11.9439 9.92044 9.46441 10.4603 10.5117 10.6751 10.1093 9.39774 8.28229 9.20286 9.56274 8.49642 7.10035 6.19859 -9999 -9999 -9999 -9999 -9999 -9999 -9999 -9999 -9999 -9999 -9999 -9999 -9999 -9999 -9999 -9999 -9999 -9999 -9999 -9999 -9999 -9999 -9999 -9999 -9999 -9999 -9999 -9999 -9999 -9999 -9999 -9999 -9999 -9999 -9999 -9999 -9999 -9999 -9999 -9999 -9999 -9999 -9999 -9999
14.0322 13.3823 13.7897 14.096 14.6559 14.7967 14.8833 15.6877 15.6477 15.6132 15.2734 15.0025 14.5519 13.78 12.6799 11.3547 9.04471 10.4752 11.5963 11.5717 11.5145 11.0172 9.94585 10.8496 10.8958 9.53738 7.97693 7.06428 6.68967 -9999 -9999 -9999 -9999 -9999 -9999 -9999 -9999 -9999 -9999 -9999 -9999 -9999 -9999 -9999 -9999 -9999 -9999 -9999 -9999 -9999 -9999 -9999 -9999 -9999 -9999 -9999 -9999 -9999 -9999 -9999 -9999 -9999 -9999 -9999 -9999 -9999 -9999 -9999 -9999 -9999 -9999 -9999
13.5081 12.7138 13.1237 13.6699 14.4372 14.8299 15.1304 15.3726 15.6196 15.5933 15.2455 14.2131 14.0684 14.0269 13.3086 11.7973 10.2882 9.90013 11.6083 12.1002 12.0049 12.3895 11.4827 11.9172 11.7448 11.2695 9.77265 8.40737 7.8465 6.7333 -9999 -9999 -9999 -9999 -9999 -9999 -9999 -9999 -9999 -9999 -9999 -9999 -9999 -9999 -9999 -9999 -9999 -9999 -9999 -9999 -9999 -9999 -9999 -9999 -9999 -9999 -9999 -9999 -9999 -9999 -9999 -9999 -9999 -9999 -9999 -9999 -9999 -9999 -9999 -9999 -9999 -9999
-9999 -9999 12.222 12.9623 13.5737 14.324 14.9692 15.2962 15.614 15.5911 14.8931 14.5533 14.5264 14.0568 13.2269 12.7076 11.7589 10.7704 11.1536 12.6111 11.9688 13.0026 12.9197 13.113 12.4288 11.1309 9.39638 8.38242 7.88123 6.98014 -9999 -9999 -9999 -9999 -9999 -9999 -9999 -9999 -9999 -9999 -9999 -9999 -9999 -9999 -9999 -9999 -9999 -9999 -9999 -9999 -9999 -9999 -9999 -9999 -9999 -9999 -9999 -9999 -9999 -9999 -9999 -9999 -9999 -9999 -9999 -9999 -9999 -9999 -9999 -9999 -9999 -9999
-9999 -9999 -9999 12.8337 13.2991 14.3047 14.8185 15.0313 15.5423 15.5459 15.2831 15.0855 14.7978 14.4212 13.7984 13.1112 12.2192 12.1404 13.0743 13.09 12.9001 13.0571 13.539 13.4173 12.3617 10.5247 9.55784 7.58784 6.7472 6.83892 6.24457 -9999 -9999 -9999 -9999 -9999 -9999 -9999 -9999 -9999 -9999 -9999 -9999 8.62207 -9999 -9999 -9999 -9999 -9999 -9999 -9999 -9999 -9999 -9999 -9999 -9999 -9999 -9999 -9999 -9999 -9999 -9999 -9999 -9999 5.18687 -9999 -9999 -9999 -9999 -9999 -9999 -9999
-9999 -9999 12.7514 13.3727 13.8625 14.4933 14.5541 14.9262 15.5133 15.5241 15.3383 15.1283 14.653 14.5378 14.1849 13.4384 13.289 13.5973 13.7418 13.905 14.0073 13.9325 13.7435 13.4979 12.817 11.9691 11.4016 9.60466 8.69537 7.82765 6.51172 5.48342 -9999 -9999 -9999 -9999 -9999 -9999 -9999 7.91039 7.86855 7.89961 8.19733 9.00554 8.54408 -9999 -9999 -9999 -9999 -9999 -9999 -9999 -9999 -9999 -9999 -9999 -9999 -9999 -9999 -9999 -9999 -9999 -9999 -9999 5.92039 4.88669 -9999 -9999 -9999 -9999 -9999 -9999
-9999 -9999 12.9216 13.5828 13.9138 14.5264 14.8775 15.1024 15.3071 15.503 15.4728 15.24 14.8848 14.8903 14.4004 14.1381 13.9523 14.368 14.4539 14.2936 14.0913 13.9131 13.4001 13.3448 13.1826 12.6463 11.7627 10.852 9.53484 7.74657 5.99292 4.57943 -9999 -9999 -9999 -9999 -9999 -9999 8.06023 8.73174 9.13725 8.29866 9.03 9.69955 9.60295 8.97902 -9999 -9999 -9999 -9999 -9999 -9999 -9999 -9999 -9999 -9999 -9999 -9999 -9999 -9999 10.8394 9.77868 7.63009 6.53185 5.87566 4.93634 -9999 -9999 -9999 -9999 -9999 -9999
-9999 -9999 12.7982 13.5787 14.1078 14.5774 14.6537 15.1316 15.3408 15.4468 15.4367 15.3925 15.3294 14.9019 14.7202 14.0731 14.7004 14.6814 14.5285 13.9093 13.6438 12.5771 12.1105 12.0114 12.9179 12.257 10.8714 9.13792 7.052 6.92301 6.23698 4.9741 -9999 -9999 -9999 -9999 -9999 -9999 8.27327 8.99109 9.5919 9.68635 8.85358 10.037 10.0083 9.36134 9.22259 9.77175 10.0553 9.86649 10.5212 10.7189 10.4375 10.7643 -9999 -9999 -9999 -9999 10.9875 11.0363 11.0744 10.6355 8.2875 6.6859 5.24859 5.12724 -9999 -9999 -9999 -9999 -9999 -9999
-9999 -9999 13.3449 13.8259 14.0697 14.1101 14.5315 14.9487 15.2071 15.3966 15.3608 15.3479 15.3344 15.1903 14.8517 14.9174 14.8942 14.6992 13.516 12.1344 12.744 11.9262 10.1654 11.6081 12.4002 11.6509 9.97084 8.0218 7.38525 7.41873 6.46254 5.23138 -9999 -9999 -9999 6.31922 7.34268 7.43748 7.74421 8.6993 9.42809 9.97966 10.3586 10.3571 9.98288 9.35085 8.66316 8.9232 10.1909 10.5083 10.7822 10.9871 10.7269 10.8777 11.2214 11.4022 11.444 11.371 11.3585 11.3913 11.3565 10.9471 8.84629 7.6471 6.88451 5.35227 -9999 -9999 -9999 -9999 -9999 -9999
-9999 -9999 13.0512 13.4696 13.8084 14.3676 14.4278 14.7836 14.992 15.3057 15.3429 14.9789 15.2844 15.2485 15.1957 15.0798 14.9084 13.9104 12.5331 11.1527 10.5183 10.7934 9.7385 10.2932 11.0959 10.8111 9.78344 8.04764 7.80718 7.40561 5.79537 4.24393 -9999 -9999 4.34707 6.30492 7.68544 8.40075 8.6271 8.65544 9.57182 9.65159 10.6388 10.42 9.14244 9.29897 8.80819 9.14594 9.62164 9.75924 10.4365 11.0849 11.2145 11.2259 11.4477 11.4988 11.5165 11.5168 11.3772 11.4487 11.4638 11.2103 9.69016 8.95194 8.14316 5.38403 -9999 -9999 -9999 -9999 -9999 -9999
-9999 -9999 13.2704 13.7376 14.2489 14.3324 14.7112 14.6724 14.5627 15.0913 15.2853 15.0289 14.8454 15.1915 15.1715 15.1302 15.0598 14.1224 13.0371 11.3914 10.3711 9.74653 9.30633 8.72219 9.13726 9.01756 8.85505 9.05319 8.58022 7.62835 6.68674 4.92135 3.96782 -9999 4.45959 5.34577 6.9864 8.38201 9.27075 8.96081 10.0019 10.2022 10.8079 10.4682 9.69894 9.37661 9.35843 9.26725 9.975 10.4567 10.8017 11.0329 11.3178 11.3964 11.4745 11.5109 11.5331 11.5549 11.5565 11.5558 11.5296 11.4372 10.7409 10.0079 8.4098 5.48557 -9999 -9999 -9999 -9999 -9999 -9999
-9999 11.9206 13.2252 14.0078 14.311 14.5298 14.7227 14.8624 15.0066 15.1435 15.2393 15.2006 14.5184 14.5775 14.7042 15.0971 15.0742 14.9942 14.4034 12.4 11.7092 10.7007 9.39231 8.85303 9.13343 10.2163 10.1737 9.46563 8.67566 7.57972 6.88555 5.8039 3.724 3.91572 4.85928 5.56283 6.67939 8.38389 9.58118 10.1198 10.3285 10.7559 10.9833 10.5179 10.0777 9.89803 9.55495 9.51743 9.5327 9.96544 10.3082 11.0512 11.3066 11.4277 11.4929 11.5308 11.5594 11.5869 11.5994 11.5899 11.5951 11.5939 11.5504 10.5678 8.10382 6.24925 -9999 -9999 -9999 -9999 -9999 -9999
-9999 -9999 12.9923 13.3367 13.427 13.5846 13.907 14.2787 14.8031 14.8718 15.1633 15.1631 14.5754 13.8971 14.4945 14.7346 14.984 14.9967 14.9256 13.2415 12.364 11.6744 10.4202 10.8846 11.3224 11.361 11.1061 9.58197 8.06372 6.31041 4.67429 4.60017 3.72153 4.19341 4.81796 6.41523 7.54112 8.00131 8.33417 10.0683 10.5254 10.6915 11.144 10.5524 10.4165 9.97639 10.1242 10.0979 10.1137 8.8716 10.146 10.2318 11.0626 11.4425 11.534 11.5638 11.5942 11.6034 11.6128 11.6134 11.6259 11.6201 11.6135 10.9773 7.84807 6.28173 -9999 -9999 -9999 -9999 -9999 -9999
-9999 -9999 -9999 -9999 13.1105 13.3727 13.5407 13.8317 14.7208 14.9618 15.1227 15.1382 14.8775 14.2057 14.0319 14.16 13.5068 14.0632 14.8215 14.8085 14.723 13.2446 12.4948 13.2364 13.0191 11.9092 11.0367 10.1753 8.39691 7.09446 5.21861 3.81084 3.76168 5.32395 6.62261 8.23868 8.95469 8.55544 9.00028 9.86645 10.8496 11.3305 11.2303 10.6064 10.5344 9.84915 10.5494 10.622 10.3163 10.0537 10.1792 10.5967 10.7622 11.4135 11.5773 11.6126 11.6235 11.6313 11.6331 11.6336 11.6318 11.6303 11.627 11.6044 8.38767 5.88802 -9999 -9999 -9999 -9999 -9999 -9999
-9999 -9999 -9999 -9999 12.4997 12.6593 13.0791 14.1574 14.719 14.9479 14.9415 15.0488 14.8657 14.2752 13.6697 13.0996 12.3635 12.7929 13.9199 14.5869 14.6681 13.373 14.0595 13.8125 13.319 11.8658 10.796 10.2311 8.52398 7.06124 5.81471 4.0916 4.83436 5.65192 6.70105 8.4639 9.65513 10.1483 9.74581 10.302 11.4321 11.4484 10.8464 10.8983 10.5419 9.60084 10.6089 10.9027 10.6911 10.7632 10.6948 10.8577 11.1437 11.4166 11.6 11.6309 11.6397 11.639 11.643 11.6485 11.6409 11.6471 11.6438 11.6339 9.56021 5.84985 -9999 -9999 -9999 -9999 -9999 -9999
-9999 -9999 -9999 -9999 -9999 11.9447 12.9027 14.3341 14.6864 14.6548 14.9517 14.979 14.6967 14.4527 13.7168 12.7108 10.7745 11.2746 12.3126 13.8069 14.5952 14.4957 14.0699 13.3205 11.4977 9.90288 9.71414 9.45738 8.21286 7.08713 5.70078 6.51075 7.39743 8.36705 8.87845 8.75095 9.77237 10.6068 10.2616 10.9422 11.736 11.3903 11.1911 11.0267 10.6122 10.6001 10.6594 11.2381 10.8617 11.1154 11.1372 11.1356 11.2803 11.444 11.6143 11.6479 11.6542 11.6618 11.6475 11.6587 11.6542 11.6503 11.6479 11.6404 11.4594 9.46478 8.27634 -9999 -9999 -9999 -9999 -9999
-9999 -9999 -9999 -9999 -9999 11.0694 11.5472 13.2425 13.763 14.513 14.9121 14.9324 14.4541 14.1896 13.091 12.7381 10.9474 10.1399 10.8357 10.5776 12.6331 14.4527 14.0675 10.4133 9.09374 8.15406 8.40269 8.41035 8.06755 6.14883 5.62351 7.34887 8.43663 9.28027 9.92129 10.0585 10.0413 11.3433 11.5225 11.9516 11.8691 11.9184 11.275 10.8821 11.2531 10.8589 10.8034 11.4007 10.8404 11.3735 11.328 11.1839 11.1866 11.5384 11.616 11.6596 11.668 11.6594 11.6466 11.6415 11.6576 11.658 11.6451 11.6529 11.6419 11.412 10.3842 10.0313 10.4427 -9999 -9999 -9999
-9999 -9999 -9999 -9999 -9999 -9999 9.97511 12.3315 13.405 13.9716 14.7695 14.8676 14.614 14.1539 13.0351 12.0523 10.4521 8.62427 7.65885 10.5715 13.1075 14.434 14.2701 11.2294 10.0332 9.98347 10.6976 10.1053 9.65711 8.1999 7.76804 7.16569 7.5438 8.71812 9.67917 10.6055 11.2807 11.341 11.7825 12.0408 12.0703 12.1587 12.0929 12.0421 11.4275 11.8776 11.5213 11.7318 11.6192 11.5184 11.4358 11.0861 11.3521 11.5877 11.6542 11.6802 11.6719 11.6735 11.6685 11.6518 11.648 11.6522 11.6563 11.6517 11.6592 11.6565 11.5492 10.9347 10.1094 9.06427 -9999 -9999
-9999 -9999 -9999 -9999 -9999 -9999 8.80722 11.1524 12.2793 13.735 14.4832 14.7899 14.7528 14.3807 13.5316 12.2521 11.1874 9.14615 7.02672 10.0828 12.8071 14.2798 14.3636 11.813 12.5294 11.9617 12.199 11.1541 10.7229 10.3814 9.63204 8.81182 7.9136 7.44251 9.59272 10.6991 11.5908 12.0146 12.2575 12.383 12.3289 12.1783 11.2361 11.9744 11.9523 11.8932 11.8238 11.7971 11.7352 11.6596 11.6226 11.6153 11.3857 11.6686 11.6709 11.6807 11.6873 11.6851 11.6763 11.6691 11.6595 11.6667 11.6637 11.6614 11.6626 11.6678 11.6688 11.6437 11.4874 10.0803 9.24252 9.01891
-9999 -9999 -9999 -9999 -9999 -9999 5.52165 8.93359 11.67 13.1035 14.2715 14.5942 14.7168 14.2164 13.8436 12.9276 12.0609 10.7215 8.71292 7.47859 9.76792 13.0943 14.3246 14.2394 14.1691 13.5117 12.9197 12.8497 12.8999 12.2077 11.1984 9.87819 9.47226 9.01188 10.6146 10.8359 10.724 12.4874 12.4978 12.4052 11.741 10.9987 11.1521 10.6985 11.0718 10.5289 11.0525 11.507 11.6846 11.6834 11.6398 11.6462 11.6292 11.6864 11.6926 11.6912 11.6909 11.6928 11.6912 11.6756 11.6692 11.6821 11.6767 11.6734 11.6705 11.6776 11.6824 11.6658 11.6518 11.4432 11.1249 10.5144
-9999 -9999 -9999 -9999 -9999 -9999 5.67481 8.54099 10.9763 12.4383 13.844 14.1723 14.649 14.5503 14.1596 13.3639 12.3691 11.2675 9.54494 8.26625 9.79974 12.0092 13.5937 14.1701 14.1702 14.1382 13.9939 13.9371 13.7678 13.6467 12.9245 11.6818 10.9789 9.94821 11.7342 11.9386 11.665 12.5598 12.5216 11.1841 10.1583 10.0384 10.6808 10.0917 10.0024 9.64156 10.0758 11.2192 10.9042 10.9812 11.5088 11.6033 11.6689 11.6913 11.6947 11.6985 11.6955 11.7023 11.7088 11.6939 11.69 11.6912 11.678 11.6843 11.6785 11.6772 11.6755 11.6704 11.6582 11.605 11.5493 11.6344
-9999 -9999 -9999 -9999 -9999 -9999 5.74275 7.66913 9.86107 12.013 13.5143 14.1216 14.565 14.5638 14.1089 13.7155 13.0936 12.1249 11.4623 10.3083 8.72257 11.396 12.2188 12.9596 13.2725 14.0395 14.0265 13.6832 13.28 13.6609 13.5602 12.5743 12.253 11.7075 12.7029 12.71 12.6877 12.6403 11.5106 9.93872 8.68449 9.60142 9.42104 9.85053 8.57481 9.6524 10.5198 10.8093 10.2394 9.8192 11.1674 11.4014 11.5412 11.6331 11.6955 11.6886 11.7083 11.7062 11.7079 11.7092 11.7035 11.7027 11.6975 11.6925 11.6923 11.6923 11.6855 11.6788 11.6863 11.66 11.6554 11.6576
-9999 -9999 -9999 -9999 -9999 -9999 -9999 6.53925 9.31752 11.7987 13.1814 14.0522 14.4782 14.474 14.2433 13.9774 13.5933 12.8956 12.0182 10.629 9.59915 10.2616 11.0676 11.1688 11.7078 13.2598 13.7936 13.0503 11.2017 12.3053 13.5286 13.5135 13.414 13.3023 13.1567 13.0276 12.7394 11.959 9.55692 9.09176 8.15493 8.271 7.79565 8.86715 8.48742 9.58624 10.0689 10.2581 9.26361 9.4918 10.6879 11.1647 11.0954 11.3902 11.6697 11.6854 11.6996 11.6987 11.7106 11.7188 11.7204 11.7167 11.7146 11.7152 11.7051 11.7159 11.6346 11.5849 11.4755 11.63 11.6523 11.6752
-9999 -9999 -9999 -9999 -9999 -9999 -9999 5.99494 8.76811 11.69 12.6301 13.5688 14.3797 14.399 14.0443 13.7075 13.3607 12.9655 11.9 10.8672 9.88143 9.55408 9.75904 9.75302 10.6214 12.6415 13.0371 12.876 10.9519 10.3026 11.9355 13.3085 13.4211 13.3019 11.6969 12.0452 11.1823 10.0105 9.69308 9.18483 8.10325 8.63621 7.84724 8.19895 8.12651 8.7546 9.06642 9.81148 8.94562 8.96487 10.1397 10.7339 10.757 11.379 11.6054 11.6698 11.691 11.708 11.7172 11.7335 11.7346 11.7326 11.728 11.7064 11.6445 11.4427 10.2863 10.2962 10.6243 10.9353 11.5017 11.6647
-9999 -9999 -9999 -9999 -9999 -9999 -9999 6.32283 8.24815 10.8413 12.763 12.8868 13.8231 14.3083 13.9223 13.4875 13.0427 12.851 11.6909 10.4163 9.3875 8.16891 8.37569 9.25956 10.7065 12.0134 12.2515 11.9879 10.9615 11.4564 12.5718 13.1664 13.3453 13.2137 12.8683 12.6713 12.0376 11.7667 10.8852 9.50353 8.96427 9.31905 7.85331 7.96556 8.52036 7.9609 8.9261 9.39334 8.27165 9.19203 10.2271 10.7605 11.2274 11.4524 11.5465 11.6864 11.697 11.715 11.7279 11.7329 11.7398 11.7254 11.715 11.5988 11.4241 10.346 9.9077 10.0046 10.5148 10.9626 11.4398 11.6352
-9999 -9999 -9999 -9999 -9999 -9999 -9999 6.65771 8.39164 10.6406 12.0117 12.2598 13.2979 14.2215 14.1227 13.6701 13.5354 13.0666 12.0833 10.997 9.80919 9.2344 7.90642 9.22404 10.2722 11.3797 11.9007 11.0594 10.6375 11.4001 12.1582 12.4642 13.2298 13.2281 12.9859 11.9236 11.4089 11.6355 11.4185 11.0339 10.0856 10.0511 9.44551 9.20003 8.96897 8.20795 8.71569 8.77536 8.92699 10.0207 10.5637 10.9265 11.2568 11.3493 11.497 11.6861 11.7093 11.7228 11.729 11.7394 11.733 11.6885 11.6523 11.4109 10.9781 10.1639 8.84633 9.79328 10.7831 11.0857 11.3868 11.5419
-9999 -9999 -9999 -9999 -9999 -9999 -9999 6.36973 8.2117 10.1343 10.9401 11.0798 12.9557 14.106 14.1119 13.8996 13.6511 12.4862 12.5595 12.3305 11.2594 9.69716 7.98093 8.14745 9.18389 10.6434 11.1304 9.7332 9.24154 9.61318 10.7569 11.7812 12.8506 13.1264 12.8202 11.1635 9.40282 10.2289 11.1114 11.1138 10.8645 9.98587 9.71267 9.46647 8.8285 7.74852 7.92272 8.23686 9.48418 9.88086 10.4884 10.9941 10.8151 10.9327 11.416 11.6963 11.7139 11.7259 11.742 11.7428 11.7336 11.6378 11.5362 11.3607 10.2198 9.51336 8.48246 9.70531 10.3824 10.757 11.4013 11.56
-9999 -9999 -9999 -9999 -9999 -9999 -9999 5.80724 7.14486 8.98281 9.72559 10.9086 12.6816 13.5557 13.9769 13.9719 13.8077 13.2886 12.9784 12.3628 11.2484 9.72286 8.02657 6.92406 7.49212 9.46027 9.93714 8.64163 7.98726 8.81535 10.034 11.8356 12.8674 13.0118 12.925 12.5882 11.3046 9.75257 9.76479 10.5538 9.90726 9.15496 9.58131 9.51245 8.88244 8.42677 8.16302 8.35697 9.07029 9.36809 10.0684 11.0974 11.252 11.2311 11.6685 11.6976 11.715 11.7385 11.7451 11.7482 11.7424 11.6657 11.485 10.728 10.0688 9.14905 9.04202 10.1327 10.6129 11.0668 11.3863 11.4948
-9999 -9999 -9999 -9999 -9999 -9999 -9999 4.83372 6.40703 8.12905 9.7418 11.268 12.5821 12.6873 13.3825 13.3859 13.7523 13.6531 13.1723 12.6546 11.6951 9.73393 8.0857 6.28773 6.76805 8.7761 9.04658 8.18263 6.58141 8.24676 10.0827 11.7472 12.6509 11.953 12.6804 12.6274 12.1504 11.2293 9.79353 9.82804 8.75444 8.71525 9.27865 9.46732 9.38352 9.04361 8.50189 8.61926 9.05815 9.17517 9.81943 10.6197 11.4019 11.5401 11.6956 11.7096 11.7194 11.7388 11.7475 11.7385 11.706 11.6254 10.9918 10.2371 9.77497 9.13634 9.06551 10.3146 10.8258 11.1169 11.3938 11.507
-9999 -9999 -9999 -9999 -9999 -9999 -9999 -9999 6.25272 8.03167 9.34904 9.70648 10.875 11.5079 11.9987 12.1108 13.504 13.585 13.2819 12.8067 11.9891 10.5021 9.4676 7.74323 6.50521 7.03392 7.27456 7.73733 7.60858 8.35459 10.1191 11.9572 12.163 11.0051 11.1835 11.4333 11.9855 11.7153 9.75645 8.76492 7.94341 8.54006 9.16762 9.3259 9.36454 9.25386 9.13847 8.92137 9.75923 10.3815 10.5325 11.0758 11.4788 11.596 11.686 11.7039 11.7217 11.7292 11.7134 11.7039 11.612 11.3972 10.6875 8.97089 9.0587 8.87964 8.35089 9.57294 10.3612 11.0525 11.4229 11.5234
-9999 -9999 -9999 -9999 -9999 -9999 -9999 -9999 5.66805 7.72582 8.1633 8.13473 7.45837 7.77545 10.3011 10.8131 12.1494 13.4151 13.3271 12.861 12.0963 11.2127 9.84209 7.90218 6.36183 5.72121 7.39501 9.03265 9.37587 9.90325 10.9868 11.1975 10.0139 8.90444 9.53682 9.92027 11.364 11.6329 11.3604 10.1831 8.83632 8.13715 8.97958 9.09941 9.15806 9.17676 9.16795 9.15359 10.1034 10.6296 10.9971 11.2011 11.5485 11.6434 11.6791 11.713 11.7144 11.7043 11.6579 11.6042 11.3432 11.0259 9.85883 8.8871 8.28393 7.51646 9.27016 9.79773 10.5315 11.0098 11.3783 11.4642
