Test_Spring_2018/11_17/Temp/20171125_002.txt
ncols	170
nrows	115
xllcorner	350000.000000
yllcorner	4445000.000000
cellsize	1000.000000
nodata_value	-9999.000000
[rows 31 to 61 of 115, columns 70 to 139 of 170]
7.32947 8.01101 8.25832 7.77534 7.81812 8.97073 9.23021 9.20966 9.1184 9.00564 8.45729 8.27093 7.83754 7.07735 6.75563 5.40653 1.05633 2.28013 2.75497 1.48929 2.18639 3.32487 2.32253 -0.64049 -1.91954 -3.97625 -3.32169 -3.93023 -5.58592 -9999 -9999 -9999 -9999 -9999 -9999 -9999 -9999 -9999 -9999 -9999 -9999 -9999 -9999 -9999 -9999 -9999 -9999 -9999 -9999 -9999 -9999 -9999 -9999 -9999 -9999 -9999 -9999 -9999 -9999 -9999 -9999 -9999 -9999 -9999 -9999 -9999 -9999 -9999 -9999 -9999
7.45042 7.75904 7.72427 7.25889 7.96486 8.61479 8.23195 7.97205 9.05156 9.04738 8.67587 7.80886 7.48757 7.15431 6.9478 5.83577 2.72588 -0.0783666 1.41482 1.44429 0.401557 2.25493 1.26732 -1.29985 -4.92139 -2.96008 -3.47592 -6.01975 -6.65367 -9999 -9999 -9999 -9999 -9999 -9999 -9999 -9999 -9999 -9999 -9999 -9999 -9999 -9999 -9999 -9999 -9999 -9999 -9999 -9999 -9999 -9999 -9999 -9999 -9999 -9999 -9999 -9999 -9999 -9999 -9999 -9999 -9999 -9999 -9999 -9999 -9999 -9999 -9999 -9999 -9999
6.57243 7.35082 7.10441 6.90148 7.95317 7.9263 7.86976 8.2631 8.9348 9.06375 8.91613 8.53529 8.20471 7.85311 6.96875 5.69746 3.0351 -0.155935 -0.884359 0.668446 0.737358 0.982199 0.0816656 -1.04781 -2.81156 -1.37589 -0.820964 -2.49999 -4.69413 -6.10511 -9999 -9999 -9999 -9999 -9999 -9999 -9999 -9999 -9999 -9999 -9999 -9999 -9999 -9999 -9999 -9999 -9999 -9999 -9999 -9999 -9999 -9999 -9999 -9999 -9999 -9999 -9999 -9999 -9999 -9999 -9999 -9999 -9999 -9999 -9999 -9999 -9999 -9999 -9999 -9999
5.39579 6.73586 6.36551 5.33548 5.96738 6.44086 7.34442 7.58599 7.71465 8.97078 8.89958 8.83648 8.29332 7.85768 7.13906 5.91528 4.17523 2.08127 -1.56023 0.675488 2.42498 2.37439 2.27283 1.47998 -0.214723 1.19424 1.25604 -0.88755 -3.31696 -4.76365 -5.36512 -9999 -9999 -9999 -9999 -9999 -9999 -9999 -9999 -9999 -9999 -9999 -9999 -9999 -9999 -9999 -9999 -9999 -9999 -9999 -9999 -9999 -9999 -9999 -9999 -9999 -9999 -9999 -9999 -9999 -9999 -9999 -9999 -9999 -9999 -9999 -9999 -9999 -9999 -9999
-9999 5.88253 5.52584 4.26896 4.9049 5.75534 6.96787 7.60713 8.08695 8.45971 8.8397 8.78957 8.23374 6.60156 6.36364 6.28743 5.14722 2.76079 0.377477 -0.244354 2.42756 3.18831 3.02669 3.61942 2.18305 2.85471 2.57272 1.80986 -0.531443 -2.67182 -3.56622 -5.32877 -9999 -9999 -9999 -9999 -9999 -9999 -9999 -9999 -9999 -9999 -9999 -9999 -9999 -9999 -9999 -9999 -9999 -9999 -9999 -9999 -9999 -9999 -9999 -9999 -9999 -9999 -9999 -9999 -9999 -9999 -9999 -9999 -9999 -9999 -9999 -9999 -9999 -9999
-9999 -9999 -9999 -9999 3.47196 4.64173 5.60704 6.79589 7.81779 8.32409 8.81547 8.7709 7.66488 7.12096 7.06821 6.3191 5.00361 4.17563 2.67271 1.10719 1.69695 3.97477 2.95352 4.56611 4.42419 4.71665 3.63048 1.59068 -1.14079 -2.72926 -3.53004 -4.95947 -9999 -9999 -9999 -9999 -9999 -9999 -9999 -9999 -9999 -9999 -9999 -9999 -9999 -9999 -9999 -9999 -9999 -9999 -9999 -9999 -9999 -9999 -9999 -9999 -9999 -9999 -9999 -9999 -9999 -9999 -9999 -9999 -9999 -9999 -9999 -9999 -9999 -9999
-9999 -9999 -9999 -9999 -9999 4.42377 5.15969 6.7337 7.5652 7.89263 8.68797 8.68519 8.26311 7.9428 7.48004 6.87709 5.88675 4.79466 3.38063 3.24415 4.69888 4.71116 4.40049 4.63511 5.38062 5.178 3.5037 0.620651 -0.91065 -3.9957 -5.32988 -5.19939 -6.1473 -9999 -9999 -9999 -9999 -9999 -9999 -9999 -9999 -9999 -9999 -9999 -9999 -2.63332 -9999 -9999 -9999 -9999 -9999 -9999 -9999 -9999 -9999 -9999 -9999 -9999 -9999 -9999 -9999 -9999 -9999 -9999 -9999 -9999 -8.47966 -9999 -9999 -9999
-9999 -9999 -9999 -9999 4.27064 5.26455 6.02884 7.01488 7.11989 7.71244 8.62778 8.63675 8.33596 7.9962 7.23874 7.04625 6.47959 5.29421 5.04654 5.51801 5.732 5.97568 6.12387 5.99414 5.68536 5.28795 4.217 2.87282 1.96924 -0.860746 -2.28631 -3.66331 -5.745 -7.37519 -9999 -9999 -9999 -9999 -9999 -9999 -9999 -3.69379 -3.7781 -3.74837 -3.30018 -2.05038 -2.79611 -9999 -9999 -9999 -9999 -9999 -9999 -9999 -9999 -9999 -9999 -9999 -9999 -9999 -9999 -9999 -9999 -9999 -9999 -9999 -7.35191 -8.99705 -9999 -9999
-9999 -9999 -9999 -9999 4.54335 5.5777 6.09349 7.05184 7.59913 7.97462 8.28971 8.58998 8.53388 8.15836 7.5895 7.58664 6.80439 6.37942 6.07409 6.71385 6.8354 6.57032 6.23974 5.94724 5.12937 5.03105 4.77414 3.91987 2.51988 1.07715 -0.98436 -3.80766 -6.577 -8.81235 -9999 -9999 -9999 -9999 -9999 -9999 -3.45738 -2.42057 -1.80225 -3.13932 -2.01021 -0.978784 -1.1518 -2.16438 -9999 -9999 -9999 -9999 -9999 -9999 -9999 -9999 -9999 -9999 -9999 -9999 -9999 -9999 0.430091 -1.25526 -4.65018 -6.39521 -7.44635 -8.94315 -9999 -9999
-9999 -9999 -9999 -9999 4.33112 5.55397 6.38221 7.11717 7.23368 7.99377 8.32906 8.48856 8.46438 8.38538 8.2754 7.59178 7.29359 6.26338 7.23519 7.19137 6.93732 5.95079 5.5204 3.83187 3.08667 2.92836 4.34111 3.29136 1.10294 -1.6322 -4.90644 -5.11812 -6.20974 -8.20827 -9999 -9999 -9999 -9999 -9999 -9999 -3.13881 -2.02945 -1.10458 -0.975983 -2.30499 -0.466704 -0.542881 -1.58301 -1.82521 -0.986945 -0.566315 -0.886993 0.117245 0.403294 -0.0628405 0.427189 -9999 -9999 -9999 -9999 0.674536 0.732737 0.774423 0.0667181 -3.64113 -6.17675 -8.45505 -8.67768 -9999 -9999
-9999 -9999 -9999 -9999 5.17147 5.92502 6.30631 6.36819 7.02819 7.69363 8.1057 8.3939 8.32952 8.29979 8.2678 8.02933 7.48407 7.57331 7.52224 7.20104 5.32727 3.14188 4.08599 2.79289 0.0259004 2.27752 3.51091 2.3224 -0.328237 -3.40161 -4.39872 -4.35515 -5.87098 -7.82479 -9999 -9999 -9999 -6.17636 -4.58511 -4.45372 -3.99006 -2.50838 -1.38298 -0.531397 0.0430388 0.0220321 -0.600643 -1.6182 -2.72382 -2.34076 -0.374618 0.0980676 0.504003 0.800627 0.366967 0.570942 1.08894 1.35182 1.39724 1.26316 1.22496 1.25835 1.18557 0.524206 -2.7862 -4.68918 -5.90715 -8.35495 -9999 -9999
-9999 -9999 -9999 -9999 4.68959 5.34533 5.87668 6.75753 6.85084 7.40782 7.74298 8.23869 8.28955 7.70843 8.17756 8.10888 8.01222 7.81556 7.53112 5.94748 3.76815 1.58408 0.572986 1.00115 -0.668544 0.188169 1.43807 0.986527 -0.643376 -3.3814 -3.76986 -4.40025 -6.93989 -9.39095 -9999 -9999 -9.2727 -6.21246 -4.06016 -2.95389 -2.61675 -2.59159 -1.1719 -1.06756 0.461729 0.0979156 -1.94361 -1.72278 -2.51497 -2.01078 -1.30301 -1.11293 -0.0749705 0.92034 1.09982 1.09435 1.42055 1.4797 1.48759 1.469 1.23133 1.32586 1.3321 0.916028 -1.49082 -2.66982 -3.97007 -8.33457 -9999 -9999
-9999 -9999 -9999 -9999 5.01681 5.75006 6.55309 6.68394 7.27874 7.22106 7.05674 7.88277 8.18733 7.77536 7.47618 8.00758 7.96207 7.88204 7.7557 6.26664 4.54527 1.94392 0.325847 -0.661002 -1.36487 -2.30051 -1.65988 -1.85884 -2.12456 -1.82321 -2.56985 -4.06503 -5.55654 -8.34075 -9.85252 -9999 -9.10908 -7.73256 -5.17152 -2.99641 -1.61871 -2.12542 -0.510245 -0.217113 0.714348 0.157132 -1.08584 -1.63108 -1.68636 -1.8564 -0.770964 -0.0380575 0.47702 0.814476 1.23922 1.33921 1.43964 1.4758 1.49098 1.50654 1.49114 1.47272 1.41439 1.25178 0.139631 -1.03893 -3.57068 -8.19441 -9999 -9999
-9999 -9999 -9999 2.8687 4.92742 6.15727 6.63453 6.97937 7.28317 7.5029 7.73747 7.95359 8.09836 8.03367 6.9509 7.03087 7.21565 7.81739 7.76487 7.6224 6.67744 3.51338 2.41905 0.818827 -1.24983 -2.11178 -1.68255 0.00837385 -0.0684578 -1.19043 -2.4408 -4.1624 -5.25827 -6.96987 -10.2492 -9.96179 -8.49396 -7.40421 -5.66656 -3.0062 -1.1439 -0.317678 -0.0108437 0.640533 0.974726 0.207344 -0.519231 -0.829031 -1.39574 -1.48231 -1.4857 -0.832733 -0.321285 0.821699 1.19809 1.36638 1.44661 1.48525 1.51067 1.53555 1.5378 1.50597 1.49726 1.47825 1.38578 -0.177856 -4.08134 -7.02472 -9999 -9999
-9999 -9999 -9999 -9999 4.54343 5.08582 5.2295 5.47911 5.98755 6.57289 7.4053 7.51065 7.964 7.95955 7.02833 5.94951 6.87341 7.23463 7.60939 7.61193 7.48296 4.82334 3.42947 2.3319 0.348296 1.06349 1.74022 1.79065 1.38061 -1.02309 -3.41713 -6.17151 -8.75233 -8.87932 -10.2679 -9.53876 -8.57186 -6.07765 -4.32526 -3.62013 -3.11629 -0.411953 0.28627 0.516236 1.20184 0.245908 -0.00308832 -0.723037 -0.5192 -0.588993 -0.592193 -2.57132 -0.596555 -0.487462 0.793343 1.36741 1.49032 1.51656 1.5451 1.54158 1.53936 1.52367 1.5268 1.49632 1.45978 0.438539 -4.50115 -6.99185 -9999 -9999
-9999 -9999 -9999 -9999 -9999 -9999 4.71616 5.13101 5.39763 5.85672 7.26275 7.63939 7.88796 7.90558 7.48687 6.42133 6.13324 6.31803 5.27423 6.13013 7.3061 7.26926 7.11948 4.78227 3.58899 4.74194 4.38939 2.63543 1.25531 -0.106609 -2.90884 -4.95465 -7.91156 -10.1335 -10.2215 -7.7786 -5.74973 -3.22581 -2.11739 -2.76274 -2.08314 -0.745922 0.77526 1.50601 1.32226 0.314785 0.165707 -0.940173 0.131031 0.216069 -0.292729 -0.733248 -0.563867 0.066133 0.30167 1.30202 1.53796 1.57396 1.57224 1.56685 1.55284 1.53725 1.51208 1.49005 1.46415 1.40659 -3.671 -7.62844 -9999 -9999
-9999 -9999 -9999 -9999 -9999 -9999 3.74043 3.99452 4.65712 6.35382 7.2455 7.60336 7.58927 7.75145 7.45471 6.5151 5.54963 4.63712 3.46314 4.12008 5.87361 6.90488 7.01667 4.9672 6.03078 5.6303 4.84386 2.5504 0.860534 -0.0351564 -2.72507 -5.02259 -6.99024 -9.70723 -8.55049 -7.27734 -5.64179 -2.88615 -1.031 -0.274831 -0.927468 -0.07582 1.67582 1.67596 0.703154 0.756861 0.160589 -1.3478 0.206474 0.638774 0.277619 0.362891 0.227548 0.457623 0.882594 1.28858 1.55566 1.5844 1.58004 1.56145 1.55119 1.54092 1.51022 1.50004 1.4738 1.43571 -1.84634 -7.7064 -9999 -9999
-9999 -9999 -9999 -9999 -9999 -9999 -9999 2.85563 4.36406 6.61569 7.17832 7.12699 7.58958 7.6262 7.17358 6.77833 5.60778 4.0104 0.950414 1.71843 3.33179 5.66289 6.88556 6.71455 6.03031 4.84032 1.96495 -0.55086 -0.856317 -1.26778 -3.23064 -4.99849 -7.1856 -5.92218 -4.53904 -3.02674 -2.23594 -2.45079 -0.862295 0.430453 -0.132524 0.914272 2.13718 1.56813 1.22789 0.941279 0.253487 0.204457 0.267769 1.14768 0.527347 0.898158 0.904621 0.876509 1.07975 1.31454 1.5612 1.5946 1.58625 1.58094 1.54119 1.54076 1.51476 1.48849 1.4631 1.4284 1.1199 -2.04458 -3.93867 -9999
-9999 -9999 -9999 -9999 -9999 -9999 -9999 1.4638 2.21728 4.88334 5.71016 6.88674 7.50981 7.53518 6.77463 6.34702 4.60707 4.03606 1.20446 -0.0811123 0.994728 0.572197 3.78593 6.63023 6.00957 0.255223 -1.82952 -3.31612 -2.93445 -2.93053 -3.4766 -6.4904 -7.32455 -4.62275 -2.9236 -1.6092 -0.614688 -0.414092 -0.457437 1.56966 1.83115 2.48273 2.32854 2.37977 1.34153 0.695805 1.24202 0.592643 0.475592 1.38485 0.475966 1.28599 1.18685 0.935276 0.91578 1.44644 1.54782 1.59707 1.59119 1.56075 1.52316 1.49725 1.5032 1.48313 1.44102 1.43002 1.38813 0.996467 -0.645315 -1.22709
-9999 -9999 -9999 -9999 -9999 -9999 -9999 -9999 -0.270476 3.43351 5.12886 6.01693 7.26627 7.41372 7.00781 6.27258 4.50026 2.93977 0.40771 -2.48292 -4.01406 0.545693 4.51437 6.58386 6.31077 1.52022 -0.370985 -0.459381 0.653371 -0.285569 -0.997548 -3.2862 -3.97368 -4.9295 -4.34554 -2.51083 -1.01623 0.425245 1.46979 1.54562 2.21804 2.6033 2.62507 2.73782 2.60701 2.49896 1.49666 2.17419 1.58495 1.88682 1.68163 1.49618 1.33923 0.764959 1.15964 1.50812 1.59233 1.61034 1.58045 1.56593 1.54025 1.49524 1.47025 1.45586 1.44008 1.40926 1.39632 1.36141 1.16605 0.173575
-9999 -9999 -9999 -9999 -9999 -9999 -9999 -9999 -2.12385 1.56147 3.34036 5.62464 6.80029 7.2734 7.20505 6.60814 5.2598 3.23338 1.54326 -1.68223 -5.03087 -0.24333 4.02504 6.3242 6.44224 2.4196 3.53334 2.63071 2.99398 1.34327 0.657574 0.122042 -1.06478 -2.36328 -3.78377 -4.54075 -1.17443 0.549761 1.93444 2.58142 2.94174 3.11534 3.0084 2.74757 1.23992 2.37213 2.30116 2.1791 2.04102 1.97082 1.84602 1.70057 1.61585 1.58014 1.19652 1.6155 1.59545 1.59353 1.58691 1.56605 1.534 1.5036 1.46795 1.45749 1.43217 1.40479 1.38192 1.35945 1.33458 1.26834
-9999 -9999 -9999 -9999 -9999 -9999 -9999 -9999 -7.3052 -1.94484 2.36882 4.61688 6.44491 6.9438 7.12631 6.32792 5.72813 4.27341 2.89489 0.772796 -2.40114 -4.35833 -0.773143 4.43788 6.36325 6.21403 6.09148 5.04754 4.10717 3.98791 4.058 2.97109 1.37717 -0.707559 -1.36416 -2.09875 0.406927 0.740076 0.547654 3.29942 3.29467 3.12597 2.05722 0.869058 1.08263 0.345896 0.896569 0.0149367 0.809606 1.49603 1.74829 1.72033 1.62571 1.60524 1.55714 1.6198 1.61138 1.59154 1.57359 1.55887 1.53767 1.49373 1.46283 1.46113 1.42908 1.39935 1.37379 1.35453 1.33584 1.28367
-9999 -9999 -9999 -9999 -9999 -9999 -9999 -9999 -7.07771 -2.56499 1.25765 3.5491 5.75083 6.25803 6.99671 6.8296 6.20195 4.93664 3.35737 1.60961 -1.11431 -3.14064 -0.747809 2.71433 5.1895 6.07949 6.0746 6.01277 5.77537 5.67723 5.40179 5.21274 4.06757 2.09384 0.978496 -0.652853 2.14015 2.44654 1.99969 3.3868 3.30578 1.18142 -0.454908 -0.669121 0.318737 -0.63442 -0.810919 -1.4002 -0.745218 1.0245 0.494897 0.590829 1.39441 1.52041 1.59253 1.60845 1.5954 1.58347 1.5609 1.55317 1.54441 1.50115 1.47408 1.45381 1.40975 1.39466 1.36018 1.32714 1.30457 1.27096
-9999 -9999 -9999 -9999 -9999 -9999 -9999 -9999 -6.99493 -3.95526 -0.516019 2.85874 5.20987 6.15511 6.84117 6.82731 6.09911 5.4663 4.47338 2.93501 1.87722 0.0473463 -2.46041 1.72469 3.01027 4.15834 4.63705 5.83041 5.79924 5.24973 4.6256 5.21315 5.03166 3.47141 2.9549 2.08515 3.63545 3.63126 3.57911 3.48571 1.69006 -0.802239 -2.79683 -1.38115 -1.6905 -1.03664 -3.07677 -1.41982 -0.0844626 0.343632 -0.569028 -1.25368 0.839481 1.17275 1.37215 1.49717 1.57642 1.54722 1.55971 1.53766 1.52093 1.50276 1.47266 1.4491 1.41786 1.38607 1.3595 1.32902 1.29249 1.24318
-9999 -9999 -9999 -9999 -9999 -9999 -9999 -9999 -9999 -5.75473 -1.39447 2.49728 4.66186 6.02091 6.67976 6.66136 6.28565 5.8536 5.23492 4.12287 2.72813 0.529251 -1.10461 -0.0788606 1.18134 1.32445 2.15847 4.58497 5.41231 4.23356 1.33108 3.04029 4.95124 4.91595 4.7477 4.55924 4.3209 4.1022 3.63217 2.38716 -1.40765 -2.16564 -3.66141 -3.50394 -4.27658 -2.61352 -3.24572 -1.5463 -0.814553 -0.543201 -2.13087 -1.79892 0.0432864 0.771195 0.642291 1.08626 1.51441 1.52032 1.52381 1.5031 1.50205 1.49445 1.47563 1.43852 1.4114 1.38793 1.34447 1.33079 1.17756 1.0742
-9999 -9999 -9999 -9999 -9999 -9999 -9999 -9999 -9999 -6.62969 -2.27924 2.30403 3.77246 5.23767 6.50091 6.51931 5.949 5.40579 4.84613 4.20988 2.52023 0.88177 -0.682404 -1.21164 -0.903892 -0.920293 0.430935 3.59262 4.2022 3.93773 0.901428 -0.130837 2.42267 4.5676 4.73151 4.53054 1.99392 2.52508 1.15188 -0.708238 -1.22748 -2.04791 -3.77043 -2.95706 -4.22156 -3.69422 -3.83678 -2.87607 -2.41195 -1.26649 -2.65144 -2.64769 -0.839918 0.0722539 0.0881073 1.04579 1.3823 1.46447 1.47858 1.48559 1.47978 1.48433 1.46426 1.43846 1.4078 1.34977 1.22809 0.8828 -0.963808 -0.972871
-9999 -9999 -9999 -9999 -9999 -9999 -9999 -9999 -9999 -6.13478 -3.11755 0.948262 3.9584 4.14255 5.60251 6.3528 5.73333 5.03632 4.3231 4.00702 2.16912 0.151215 -1.48022 -3.40957 -3.09879 -1.72357 0.543878 2.58439 2.94616 2.51986 0.892784 1.65734 3.39685 4.31786 4.58525 4.36389 3.80592 3.47987 2.46652 2.02197 0.6167 -1.57559 -2.44533 -1.91117 -4.2382 -4.08624 -3.23913 -4.14669 -2.65518 -1.94563 -3.73209 -2.32938 -0.725365 0.0910728 0.803991 1.13741 1.26552 1.46579 1.46264 1.47097 1.47073 1.45734 1.44641 1.40139 1.36191 1.1559 0.857594 -0.860373 -1.58222 -1.45383
-9999 -9999 -9999 -9999 -9999 -9999 -9999 -9999 -9999 -5.62873 -2.91318 0.611025 2.75534 3.13427 4.75373 6.19272 6.02446 5.29967 5.07384 4.32267 2.76304 1.0413 -0.839651 -1.75718 -3.85781 -1.80105 -0.159877 1.56709 2.37284 1.03647 0.35969 1.54421 2.72155 3.18828 4.37666 4.35877 3.96239 2.27641 1.4498 1.78697 1.42619 0.800927 -0.711038 -0.787798 -1.7626 -2.17196 -2.55891 -3.78234 -3.00904 -2.93941 -2.74169 -1.05079 -0.220096 0.328087 0.826019 0.950854 1.16266 1.43963 1.45596 1.45694 1.4459 1.44101 1.40938 1.31723 1.2376 0.835348 0.131943 -1.17071 -3.27398 -1.80938
-9999 -9999 -9999 -9999 -9999 -9999 -9999 -9999 -9999 -6.10123 -3.21677 -0.206029 1.04931 1.25741 4.19302 5.98779 5.98407 5.63681 5.23229 3.3877 3.48851 3.11412 1.41685 -1.05208 -3.76267 -3.5146 -1.90076 0.388328 1.14031 -1.07069 -1.85764 -1.28813 0.494377 2.08908 3.75408 4.17181 3.6742 1.05398 -1.73049 -0.451373 0.915588 0.898775 0.485715 -0.916953 -1.36884 -1.77872 -2.80445 -4.53236 -4.27868 -3.80884 -1.89475 -1.29473 -0.36283 0.409801 0.107025 0.270902 1.00952 1.42949 1.43665 1.43494 1.43933 1.41939 1.38338 1.21104 1.02899 0.730699 -1.08472 -2.21767 -3.86434 -1.97174
-9999 -9999 -9999 -9999 -9999 -9999 -9999 -9999 -9999 -7.00488 -4.91364 -2.03667 -0.880948 0.965991 3.73952 5.10015 5.7487 5.72727 5.45535 4.62556 4.12397 3.14241 1.37718 -1.03388 -3.71304 -5.45897 -4.57975 -1.4926 -0.771005 -2.80921 -3.85232 -2.56615 -0.666552 2.14883 3.75435 3.965 3.81177 3.26526 1.23015 -1.22729 -1.22767 -0.00828255 -1.04508 -2.24874 -1.60096 -1.73172 -2.7445 -3.48354 -3.92506 -3.66147 -2.56968 -2.12511 -1.04761 0.546973 0.767928 0.7137 1.3799 1.40469 1.41127 1.42731 1.4168 1.40063 1.37015 1.22797 0.922182 -0.289485 -1.34749 -2.81522 -3.00594 -1.32492
-9999 -9999 -9999 -9999 -9999 -9999 -9999 -9999 -9999 -8.55422 -6.0933 -3.3991 -0.876981 1.50867 3.56083 3.71299 4.7919 4.78347 5.34541 5.17547 4.40595 3.57834 2.05665 -1.03871 -3.64227 -6.48095 -5.73967 -2.59884 -2.18094 -3.55367 -6.08493 -3.48367 -0.614581 1.98483 3.38862 2.27529 3.40121 3.30022 2.53258 1.06632 -1.20904 -1.17488 -2.88248 -2.96531 -2.10183 -1.82761 -1.98186 -2.53881 -3.41974 -3.27372 -2.61362 -2.4533 -1.46413 -0.229453 0.977429 1.17266 1.39545 1.39621 1.39066 1.40013 1.39293 1.35778 1.28562 1.13768 0.120615 -1.08709 -1.83507 -2.86064 -2.99415 -1.05668
