Test_Spring_2018/11_17/Temp/20171107_017.txt
ncols	170
nrows	115
xllcorner	350000.000000
yllcorner	4445000.000000
cellsize	1000.000000
nodata_value	-9999.000000
[rows 32 to 63 of 115, columns 72 to 143 of 170]
15.2196 14.882 15.4035 15.8833 15.5743 15.3722 16.1544 16.1535 15.8834 15.25 15.0176 14.7768 14.6295 13.818 11.5408 9.488 10.5886 10.6151 9.85455 11.2188 10.4979 8.6175 5.96287 7.40434 7.02766 5.13391 4.66574 -9999 -9999 -9999 -9999 -9999 -9999 -9999 -9999 -9999 -9999 -9999 -9999 -9999 -9999 -9999 -9999 -9999 -9999 -9999 -9999 -9999 -9999 -9999 -9999 -9999 -9999 -9999 -9999 -9999 -9999 -9999 -9999 -9999 -9999 -9999 -9999 -9999 -9999 -9999 -9999 -9999 -9999 -9999 -9999 -9999
14.7702 14.6252 15.4004 15.3837 15.324 15.591 16.0743 16.1713 16.0657 15.7893 15.5502 15.296 14.6514 13.723 11.7742 9.43746 8.90778 10.0519 10.107 10.2908 9.63378 8.80831 7.51696 8.57287 8.98213 7.7412 6.1096 5.06093 -9999 -9999 -9999 -9999 -9999 -9999 -9999 -9999 -9999 -9999 -9999 -9999 -9999 -9999 -9999 -9999 -9999 -9999 -9999 -9999 -9999 -9999 -9999 -9999 -9999 -9999 -9999 -9999 -9999 -9999 -9999 -9999 -9999 -9999 -9999 -9999 -9999 -9999 -9999 -9999 -9999 -9999 -9999 -9999
14.2339 13.4819 13.9489 14.2994 14.9306 15.0882 15.1848 16.1089 16.0594 16.0163 15.6214 15.3057 14.7827 13.8893 12.6172 11.0855 8.41825 10.0635 11.3516 11.3186 11.2478 10.6693 9.42859 10.4649 10.5124 8.92466 7.1104 6.05185 5.61379 -9999 -9999 -9999 -9999 -9999 -9999 -9999 -9999 -9999 -9999 -9999 -9999 -9999 -9999 -9999 -9999 -9999 -9999 -9999 -9999 -9999 -9999 -9999 -9999 -9999 -9999 -9999 -9999 -9999 -9999 -9999 -9999 -9999 -9999 -9999 -9999 -9999 -9999 -9999 -9999 -9999 -9999 -9999
13.6241 12.7054 13.1752 13.8021 14.6784 15.1208 15.4638 15.7397 16.0213 15.9878 15.5836 14.39 14.2199 14.1687 13.3369 11.5906 9.84664 9.39502 11.36 11.9223 11.8073 12.2455 11.1943 11.6895 11.4847 10.9196 9.18032 7.59322 6.94031 5.65078 -9999 -9999 -9999 -9999 -9999 -9999 -9999 -9999 -9999 -9999 -9999 -9999 -9999 -9999 -9999 -9999 -9999 -9999 -9999 -9999 -9999 -9999 -9999 -9999 -9999 -9999 -9999 -9999 -9999 -9999 -9999 -9999 -9999 -9999 -9999 -9999 -9999 -9999 -9999 -9999 -9999 -9999
-9999 -9999 12.1297 12.9748 13.6762 14.5314 15.2721 15.6458 16.0091 15.9797 15.1718 14.7769 14.7428 14.198 13.2378 12.6353 11.5374 10.3934 10.8306 12.506 11.7602 12.9466 12.845 13.0619 12.2668 10.7511 8.73944 7.55727 6.97299 5.92791 -9999 -9999 -9999 -9999 -9999 -9999 -9999 -9999 -9999 -9999 -9999 -9999 -9999 -9999 -9999 -9999 -9999 -9999 -9999 -9999 -9999 -9999 -9999 -9999 -9999 -9999 -9999 -9999 -9999 -9999 -9999 -9999 -9999 -9999 -9999 -9999 -9999 -9999 -9999 -9999 -9999 -9999
-9999 -9999 -9999 12.8204 13.3535 14.5098 15.0925 15.3347 15.9209 15.9221 15.6162 15.3855 15.0507 14.6134 13.892 13.096 12.0635 11.9683 13.0402 13.0532 12.8287 13.0037 13.5532 13.4064 12.1719 10.0453 8.92326 6.6339 5.65802 5.75746 5.0662 -9999 -9999 -9999 -9999 -9999 -9999 -9999 -9999 -9999 -9999 -9999 -9999 7.73763 -9999 -9999 -9999 -9999 -9999 -9999 -9999 -9999 -9999 -9999 -9999 -9999 -9999 -9999 -9999 -9999 -9999 -9999 -9999 -9999 3.63597 -9999 -9999 -9999 -9999 -9999 -9999 -9999
-9999 -9999 12.728 13.4355 13.9968 14.721 14.7816 15.2077 15.8818 15.8915 15.6746 15.4298 14.8791 14.7433 14.3331 13.4689 13.2926 13.6436 13.8052 13.988 14.1001 14.0076 13.7831 13.493 12.6891 11.7037 11.0417 8.95796 7.89662 6.88964 5.36628 4.17494 -9999 -9999 -9999 -9999 -9999 -9999 -9999 6.93328 6.87943 6.90923 7.24608 8.17111 7.63184 -9999 -9999 -9999 -9999 -9999 -9999 -9999 -9999 -9999 -9999 -9999 -9999 -9999 -9999 -9999 -9999 -9999 -9999 -9999 4.46886 3.27291 -9999 -9999 -9999 -9999 -9999 -9999
-9999 -9999 12.9129 13.6716 14.0496 14.7527 15.1545 15.405 15.6383 15.8616 15.8244 15.5535 15.1415 15.1452 14.5773 14.2715 14.0532 14.528 14.6219 14.4314 14.192 13.9798 13.3814 13.3103 13.1042 12.4776 11.4506 10.3927 8.85672 6.78813 4.75994 3.12444 -9999 -9999 -9999 -9999 -9999 -9999 7.10385 7.8728 8.33463 7.36155 8.19805 8.9628 8.8437 8.10243 -9999 -9999 -9999 -9999 -9999 -9999 -9999 -9999 -9999 -9999 -9999 -9999 -9999 -9999 10.1413 8.91511 6.43462 5.16496 4.40467 3.31757 -9999 -9999 -9999 -9999 -9999 -9999
-9999 -9999 12.7644 13.6604 14.2668 14.8049 14.8898 15.4388 15.6713 15.7912 15.7774 15.7244 15.6494 15.1541 14.9418 14.1924 14.9117 14.8852 14.7038 13.9839 13.6712 12.4343 11.8888 11.7562 12.7924 12.0216 10.4153 8.40823 5.98974 5.8303 5.03292 3.57101 -9999 -9999 -9999 -9999 -9999 -9999 7.34212 8.16451 8.85145 8.95397 7.98677 9.34357 9.28962 8.53437 8.36472 8.98804 9.3051 9.06769 9.8135 10.0334 9.70151 10.0714 -9999 -9999 -9999 -9999 10.3048 10.3579 10.3989 9.89005 7.17989 5.33008 3.66931 3.52023 -9999 -9999 -9999 -9999 -9999 -9999
-9999 -9999 13.3883 13.9388 14.2161 14.2594 14.7421 15.2212 15.5111 15.729 15.6858 15.669 15.6516 15.4833 15.0903 15.1629 15.1324 14.9031 13.5337 11.9347 12.6311 11.6787 9.64079 11.2853 12.1891 11.3155 9.36917 7.113 6.36542 6.39333 5.2843 3.85959 -9999 -9999 -9999 5.09567 6.27166 6.37677 6.72589 7.82207 8.65674 9.28479 9.7144 9.70072 9.2524 8.51356 7.71017 7.99928 9.45024 9.80553 10.1021 10.3297 10.0216 10.1871 10.5772 10.7803 10.8238 10.7357 10.7181 10.7531 10.7103 10.2358 7.81174 6.42614 5.54346 3.76673 -9999 -9999 -9999 -9999 -9999 -9999
-9999 -9999 13.0431 13.5212 13.908 14.5505 14.6169 15.0244 15.2632 15.618 15.6593 15.2381 15.5887 15.5455 15.4822 15.3457 15.1444 13.9892 12.396 10.7982 10.0599 10.3701 9.14543 9.76662 10.6822 10.34 9.14445 7.13386 6.84794 6.37256 4.50668 2.7121 -9999 -9999 2.81743 5.07102 6.65899 7.47983 7.7365 7.76429 8.81526 8.90081 10.0317 9.76813 8.27856 8.44854 7.86796 8.24577 8.77939 8.92704 9.689 10.4278 10.5692 10.575 10.8243 10.8778 10.8938 10.8904 10.7264 10.8063 10.8215 10.527 8.77194 7.91803 6.97803 3.7917 -9999 -9999 -9999 -9999 -9999 -9999
-9999 -9999 13.2898 13.8242 14.4099 14.5026 14.9364 14.889 14.7611 15.3686 15.5867 15.2898 15.0769 15.4745 15.4494 15.3991 15.3144 14.2292 12.9724 11.0686 9.88487 9.1575 8.64111 7.94741 8.41565 8.26736 8.06989 8.28862 7.73 6.62006 5.52738 3.48396 2.37957 -9999 2.93854 3.95686 5.84509 7.45062 8.47127 8.10921 9.30401 9.52844 10.2167 9.81615 8.91247 8.52544 8.49289 8.37591 9.18004 9.71938 10.098 10.3548 10.6752 10.7582 10.8417 10.8782 10.8994 10.9211 10.9202 10.9172 10.8852 10.7768 9.97185 9.12064 7.27467 3.89808 -9999 -9999 -9999 -9999 -9999 -9999
-9999 11.735 13.2305 14.1283 14.4739 14.7227 14.942 15.1005 15.2653 15.4214 15.5303 15.4816 14.6941 14.7609 14.9053 15.3558 15.326 15.2293 14.5427 12.2262 11.423 10.2497 8.73181 8.09172 8.40409 9.64172 9.58193 8.75528 7.83476 6.55862 5.747 4.49373 2.08923 2.30621 3.39065 4.19873 5.48308 7.44508 8.82177 9.43825 9.67343 10.1579 10.412 9.86161 9.33724 9.11819 8.71027 8.65436 8.65926 9.14564 9.52163 10.3636 10.649 10.7813 10.8498 10.888 10.9167 10.9452 10.9572 10.9445 10.9489 10.946 10.8912 9.75564 6.90809 4.7647 -9999 -9999 -9999 -9999 -9999 -9999
-9999 -9999 12.9544 13.3469 13.4469 13.625 13.9937 14.4198 15.0229 15.1004 15.4351 15.4338 14.7533 13.9702 14.6574 14.932 15.2162 15.2265 15.139 13.1898 12.1701 11.3661 9.91026 10.4272 10.9205 10.9536 10.6485 8.88048 7.11985 5.08562 3.1913 3.09903 2.07809 2.61729 3.33419 5.17302 6.46846 6.99611 7.3764 9.37144 9.89201 10.0732 10.5861 9.89389 9.72006 9.20008 9.35751 9.31375 9.31855 7.87321 9.32301 9.41096 10.3589 10.7854 10.8847 10.9136 10.9445 10.9521 10.9609 10.9601 10.9733 10.9633 10.9516 10.215 6.60322 4.79212 -9999 -9999 -9999 -9999 -9999 -9999
-9999 -9999 -9999 -9999 13.074 13.3727 13.5633 13.8962 14.9201 15.1963 15.3804 15.3971 15.0956 14.3191 14.1173 14.2628 13.5066 14.1431 15.012 14.99 14.8833 13.1696 12.288 13.1314 12.869 11.5776 10.56 9.55568 7.49478 5.98024 3.80932 2.17926 2.11682 3.91346 5.40605 7.2668 8.08992 7.62691 8.13652 9.12877 10.2559 10.8028 10.6781 9.94833 9.84793 9.04483 9.83868 9.90841 9.54198 9.22536 9.35038 9.82023 10.0008 10.7428 10.9243 10.9583 10.9669 10.973 10.9732 10.9725 10.9674 10.9636 10.9574 10.9282 7.21561 4.32838 -9999 -9999 -9999 -9999 -9999 -9999
-9999 -9999 -9999 -9999 12.3615 12.5419 13.0228 14.2635 14.9098 15.172 15.1632 15.2859 15.0738 14.3918 13.692 13.0326 12.1807 12.6713 13.9651 14.7271 14.8124 13.3099 14.0845 13.7879 13.2069 11.5192 10.2739 9.61129 7.6323 5.93284 4.48737 2.49363 3.34423 4.28225 5.48827 7.51775 8.88895 9.45478 8.98686 9.62317 10.9198 10.9308 10.2274 10.2766 9.84821 8.74983 9.89815 10.2226 9.96435 10.0333 9.93465 10.1107 10.43 10.7356 10.9396 10.9693 10.9751 10.9716 10.9745 10.9788 10.9683 10.9735 10.9673 10.9527 8.55795 4.27473 -9999 -9999 -9999 -9999 -9999 -9999
-9999 -9999 -9999 -9999 -9999 11.7096 12.811 14.4589 14.8636 14.8254 15.1664 15.1968 14.8703 14.5877 13.7377 12.5756 10.34 10.9122 12.1033 13.8193 14.72 14.596 14.0882 13.2123 11.0985 9.24758 9.01809 8.71061 7.26492 5.95399 4.34722 5.274 6.29047 7.40378 7.98982 7.84001 9.01536 9.97476 9.57302 10.3527 11.2616 10.8553 10.6163 10.4159 9.92051 9.89308 9.94738 10.6003 10.1517 10.43 10.4353 10.4217 10.578 10.7577 10.9466 10.9795 10.9826 10.9886 10.9702 10.9814 10.9745 10.9681 10.9628 10.9509 10.7383 8.43315 7.05726 -9999 -9999 -9999 -9999 -9999
-9999 -9999 -9999 -9999 -9999 10.6917 11.2395 13.1916 13.7903 14.6532 15.1119 15.134 14.5814 14.2748 13.0067 12.5977 10.5301 9.59431 10.391 10.0866 12.4485 14.5373 14.0764 9.85146 8.31805 7.22265 7.49755 7.49504 7.08908 4.86384 4.24983 6.232 7.48026 8.44823 9.18362 9.33855 9.31641 10.8151 11.0175 11.5073 11.4058 11.4547 10.7037 10.24 10.6502 10.1823 10.1043 10.7788 10.1185 10.719 10.6466 10.4689 10.4616 10.8582 10.9403 10.9848 10.9899 10.9774 10.9607 10.9529 10.9696 10.9679 10.9504 10.9561 10.9392 10.6688 9.47812 9.06487 9.5322 -9999 -9999 -9999
-9999 -9999 -9999 -9999 -9999 -9999 9.41815 12.1324 13.3686 14.02 14.9383 15.05 14.7558 14.224 12.9323 11.7969 9.94888 7.83746 6.7177 10.0693 12.9853 14.506 14.3002 10.783 9.39215 9.32323 10.1351 9.44117 8.91389 7.22081 6.71462 6.01299 6.44298 7.79159 8.89498 9.96032 10.7363 10.803 11.3087 11.6 11.6277 11.7218 11.6367 11.5677 10.8416 11.3475 10.9231 11.1519 11.008 10.8781 10.7632 10.3486 10.6451 10.908 10.9774 11.0002 10.9869 10.986 10.9781 10.9572 10.9499 10.9524 10.9543 10.9455 10.9498 10.9413 10.8119 10.0972 9.13869 7.92649 -9999 -9999
-9999 -9999 -9999 -9999 -9999 -9999 8.06272 10.7639 12.0617 13.738 14.6 14.9501 14.9059 14.4752 13.4943 12.0166 10.7859 8.42839 5.97982 9.49754 12.6283 14.3178 14.4052 11.4462 12.261 11.5953 11.8579 10.6424 10.1351 9.72857 8.85638 7.9036 6.86112 6.311 8.78669 10.0593 11.0846 11.5702 11.8466 11.9867 11.916 11.7338 10.6384 11.4795 11.4368 11.3561 11.2629 11.2187 11.134 11.0335 10.9714 10.9521 10.6775 10.9933 10.9878 10.994 10.9978 10.9923 10.9797 10.9695 10.9563 10.9594 10.9537 10.9474 10.9444 10.9449 10.9405 10.9053 10.7184 9.0891 8.11601 7.84545
-9999 -9999 -9999 -9999 -9999 -9999 4.26556 8.19673 11.3517 13.0021 14.3442 14.7145 14.8541 14.2753 13.8432 12.7845 11.7819 10.2336 7.91288 6.484 9.1167 12.9443 14.3502 14.2338 14.1422 13.3736 12.6805 12.5897 12.6378 11.8269 10.6542 9.12505 8.64755 8.11226 9.9564 10.2082 10.0759 12.1056 12.1137 12.0022 11.2306 10.3638 10.5319 9.99807 10.4115 9.77342 10.3647 10.876 11.068 11.054 10.9845 10.9788 10.9501 11.0058 11.0066 10.9998 10.9954 10.9944 10.9897 10.9695 10.9597 10.972 10.9584 10.9505 10.9441 10.9468 10.9467 10.9217 10.8992 10.6519 10.2781 9.56155
-9999 -9999 -9999 -9999 -9999 -9999 4.435 7.7378 10.5428 12.223 13.8416 14.218 14.7656 14.6496 14.1966 13.2764 12.126 10.8519 8.86096 7.38109 9.14281 11.6826 13.5014 14.1477 14.1341 14.0872 13.9109 13.8351 13.6303 13.478 12.6375 11.1928 10.3768 9.18373 11.2387 11.4707 11.1515 12.1794 12.131 10.584 9.39539 9.25027 9.97757 9.28878 9.16865 8.74079 9.22971 10.536 10.1586 10.2353 10.8243 10.9234 10.9869 11.0053 11.003 11.0022 10.9945 10.9987 11.0031 10.9832 10.9759 10.9744 10.9557 10.9536 10.942 10.9348 10.9295 10.9179 10.8976 10.83 10.7549 10.8402
-9999 -9999 -9999 -9999 -9999 -9999 4.50686 6.72356 9.24794 11.7231 13.4515 14.1495 14.6583 14.6546 14.1274 13.6708 12.9501 11.8292 11.0604 9.72447 7.89011 10.9657 11.9061 12.7419 13.0939 13.9683 13.9435 13.5379 13.0565 13.4874 13.3573 12.2142 11.8381 11.2041 12.3474 12.3513 12.3215 12.2626 10.9555 9.13791 7.68584 8.73618 8.52042 9.00026 7.51235 8.74255 9.73084 10.0526 9.38482 8.88907 10.4243 10.6802 10.8334 10.9323 10.998 10.9848 11.0029 10.9966 10.9951 10.9934 10.9837 10.9794 10.9698 10.96 10.9484 10.9428 10.9293 10.911 10.9135 10.8802 10.869 10.8587
-9999 -9999 -9999 -9999 -9999 -9999 -9999 5.41449 8.6106 11.4685 13.06 14.0613 14.5498 14.5423 14.2732 13.9634 13.5169 12.7083 11.692 10.085 8.89177 9.64909 10.5702 10.6679 11.2804 13.0607 13.6668 12.8007 10.6558 11.9119 13.315 13.2909 13.1703 13.0361 12.8623 12.7088 12.372 11.4677 8.69317 8.15207 7.06576 7.19262 6.63674 7.85578 7.40055 8.65673 9.20217 9.40911 8.25132 8.49359 9.85712 10.3982 10.3106 10.6436 10.9621 10.9749 10.9866 10.9813 10.9912 10.997 10.9953 10.9842 10.9776 10.9738 10.9492 10.9559 10.8566 10.7935 10.6615 10.8338 10.8538 10.8664
-9999 -9999 -9999 -9999 -9999 -9999 -9999 4.7734 7.96778 11.3337 12.4148 13.4942 14.4263 14.4456 14.0335 13.6418 13.2381 12.7783 11.5452 10.3492 9.20697 8.82332 9.05287 9.0259 10.0186 12.3392 12.7866 12.5923 10.3513 9.59515 11.4707 13.0471 13.1708 13.0278 11.172 11.5685 10.5688 9.21273 8.84141 8.24968 6.99634 7.60387 6.68652 7.08364 6.97439 7.68846 8.03758 8.88611 7.87736 7.87904 9.2179 9.89466 9.91373 10.6241 10.879 10.9478 10.9673 10.9823 10.9887 11.0034 11.0007 10.9942 10.9845 10.9548 10.8784 10.6315 9.29261 9.29841 9.67116 10.0241 10.6627 10.8457
-9999 -9999 -9999 -9999 -9999 -9999 -9999 5.14217 7.359 10.3458 12.5586 12.6983 13.7749 14.3312 13.8828 13.378 12.8613 12.6361 11.2939 9.81923 8.62756 7.21658 7.44857 8.46082 10.1079 11.6065 11.8729 11.5608 10.3545 10.9176 12.1966 12.8756 13.0758 12.9182 12.5146 12.2821 11.5462 11.2286 10.2066 8.60772 7.97955 8.38165 6.68412 6.80537 7.43629 6.76406 7.86712 8.39595 7.09284 8.12626 9.31123 9.91818 10.4492 10.7019 10.8042 10.96 10.967 10.983 10.9934 10.9947 10.9983 10.9773 10.9606 10.8219 10.6154 9.36709 8.84653 8.9529 9.53578 10.0467 10.5818 10.8027
-9999 -9999 -9999 -9999 -9999 -9999 -9999 5.5191 7.51527 10.1052 11.6832 11.9661 13.1599 14.2216 14.1043 13.5788 13.4196 12.8748 11.7366 10.4791 9.10422 8.43574 6.89845 8.41113 9.59836 10.8676 11.4605 10.4668 9.97283 10.8449 11.7121 12.0584 12.9349 12.927 12.6422 11.4118 10.8129 11.0686 10.8127 10.3631 9.2632 9.2165 8.51077 8.21975 7.94487 7.03979 7.61588 7.6753 7.83243 9.07371 9.6916 10.1021 10.4758 10.5758 10.7399 10.9522 10.9736 10.9843 10.9867 10.994 10.9821 10.9261 10.8795 10.5963 10.0921 9.14815 7.61321 8.6998 9.83584 10.1784 10.5114 10.686
-9999 -9999 -9999 -9999 -9999 -9999 -9999 5.178 7.29877 9.51254 10.4386 10.5966 12.7563 14.0792 14.0826 13.8341 13.5436 12.1963 12.2763 12.0073 10.7672 8.96031 6.97557 7.16132 8.33747 10.0105 10.5645 8.92955 8.35537 8.7768 10.0887 11.2633 12.49 12.8021 12.4432 10.5274 8.49165 9.43831 10.4499 10.4464 10.1524 9.13237 8.80995 8.51822 7.77439 6.5118 6.69301 7.04621 8.45518 8.90423 9.59672 10.1723 9.95879 10.0878 10.6388 10.9563 10.9711 10.9798 10.9934 10.9895 10.9741 10.8589 10.7367 10.5294 9.2088 8.38895 7.19444 8.58879 9.36429 9.7801 10.5186 10.6975
-9999 -9999 -9999 -9999 -9999 -9999 -9999 4.52056 6.05988 8.17605 9.02946 10.3904 12.4314 13.4359 13.9181 13.9086 13.7153 13.1126 12.7504 12.0358 10.7457 8.98128 7.01969 5.74243 6.39109 8.63835 9.16926 7.66287 6.90124 7.84909 9.24742 11.3182 12.5017 12.6621 12.5561 12.1621 10.6762 8.8809 8.88889 9.79222 9.04016 8.16575 8.64991 8.56272 7.82817 7.29433 6.96151 7.16703 7.96941 8.30465 9.10427 10.2833 10.4545 10.4238 10.9219 10.9496 10.9642 10.9859 10.9885 10.9871 10.9755 10.8821 10.6687 9.79076 9.02556 7.9597 7.83082 9.07182 9.61915 10.1277 10.4917 10.6127
-9999 -9999 -9999 -9999 -9999 -9999 -9999 3.38936 5.20053 7.1831 9.03963 10.7962 12.3083 12.4263 13.2243 13.2245 13.6431 13.5244 12.9656 12.3638 11.2523 8.98573 7.07961 5.0006 5.5482 7.84427 8.12894 7.12563 5.27241 7.18568 9.29584 11.2085 12.2444 11.4336 12.2664 12.1994 11.6436 10.5755 8.91395 8.94731 7.70274 7.65047 8.29262 8.50234 8.39759 7.99727 7.3551 7.46064 7.9468 8.07366 8.80873 9.72399 10.6189 10.7716 10.9446 10.9549 10.9606 10.9776 10.9825 10.967 10.9245 10.8266 10.0909 9.2155 8.67744 7.9357 7.84852 9.28288 9.85484 10.1756 10.4905 10.6169
-9999 -9999 -9999 -9999 -9999 -9999 -9999 -9999 5.01417 7.0625 8.57857 8.98775 10.332 11.0585 11.6209 11.7464 13.3488 13.438 13.084 12.5312 11.5833 9.86342 8.66492 6.67076 5.23717 5.81603 6.07788 6.60428 6.44882 7.30216 9.33004 11.443 11.6741 10.333 10.5329 10.815 11.4457 11.1281 8.86339 7.71367 6.75968 7.44044 8.15649 8.33111 8.36745 8.23137 8.07088 7.78876 8.74647 9.45578 9.62214 10.2411 10.6987 10.8272 10.9247 10.9393 10.9542 10.9574 10.934 10.9179 10.8068 10.5541 9.73073 7.74628 7.84218 7.63026 7.01504 8.41645 9.29881 10.0914 10.5141 10.6257
-9999 -9999 -9999 -9999 -9999 -9999 -9999 -9999 4.33183 6.7018 7.20351 7.16776 6.38497 6.74741 9.65608 10.2428 11.7795 13.2346 13.1286 12.5863 11.6994 10.6751 9.08892 6.84617 5.06391 4.30142 6.21261 8.08992 8.47862 9.07989 10.3227 10.5593 9.18856 7.90339 8.62666 9.06294 10.7217 11.0257 10.7051 9.34122 7.78154 6.96814 7.93179 8.06193 8.12118 8.1341 8.10398 8.06065 9.13461 9.73295 10.1488 10.3764 10.7698 10.8725 10.9074 10.9404 10.9364 10.9193 10.8606 10.7935 10.4876 10.1166 8.76585 7.6402 6.93936 6.04894 8.06525 8.66583 9.49727 10.0321 10.4525 10.5471
