Test_Spring_2018/11_17/Temp/20171106_000.txt
ncols	170
nrows	115
xllcorner	350000.000000
yllcorner	4445000.000000
cellsize	1000.000000
nodata_value	-9999.000000
[rows 32 to 63 of 115, columns 71 to 141 of 170]
10.0285 9.98816 9.53544 10.2038 10.8184 10.4375 10.18 11.1989 11.1882 10.8261 9.9898 9.67612 9.35121 9.14789 8.07805 5.09613 2.40704 3.83172 3.85559 2.85338 4.62356 3.67455 1.21377 -2.25609 -0.381897 -0.878722 -3.30942 -3.91592 -9999 -9999 -9999 -9999 -9999 -9999 -9999 -9999 -9999 -9999 -9999 -9999 -9999 -9999 -9999 -9999 -9999 -9999 -9999 -9999 -9999 -9999 -9999 -9999 -9999 -9999 -9999 -9999 -9999 -9999 -9999 -9999 -9999 -9999 -9999 -9999 -9999 -9999 -9999 -9999 -9999 -9999 -9999
9.63696 9.39399 9.1925 10.1918 10.1586 10.0978 10.4576 11.0863 11.2031 11.0554 10.6845 10.362 10.0196 9.1675 7.94524 5.39169 2.33234 1.63044 3.11237 3.17413 3.4045 2.53869 1.45392 -0.23785 1.13301 1.66091 0.059922 -2.04241 -3.397 -9999 -9999 -9999 -9999 -9999 -9999 -9999 -9999 -9999 -9999 -9999 -9999 -9999 -9999 -9999 -9999 -9999 -9999 -9999 -9999 -9999 -9999 -9999 -9999 -9999 -9999 -9999 -9999 -9999 -9999 -9999 -9999 -9999 -9999 -9999 -9999 -9999 -9999 -9999 -9999 -9999 -9999
9.0475 8.68588 7.69267 8.29015 8.73587 9.59202 9.80094 9.91741 11.1132 11.0386 10.972 10.446 10.0231 9.32967 8.15288 6.48215 4.47291 0.982561 3.11812 4.78847 4.73596 4.63483 3.87215 2.24634 3.59148 3.64719 1.60376 -0.728276 -2.1155 -2.69372 -9999 -9999 -9999 -9999 -9999 -9999 -9999 -9999 -9999 -9999 -9999 -9999 -9999 -9999 -9999 -9999 -9999 -9999 -9999 -9999 -9999 -9999 -9999 -9999 -9999 -9999 -9999 -9999 -9999 -9999 -9999 -9999 -9999 -9999 -9999 -9999 -9999 -9999 -9999 -9999 -9999
8.22986 7.88129 6.67092 7.27223 8.07874 9.22967 9.82863 10.2727 10.6229 10.9801 10.9259 10.3877 8.81955 8.58617 8.50783 7.41126 5.12202 2.83599 2.23627 4.78951 5.51357 5.35489 5.91841 4.53978 5.17907 4.90557 4.17509 1.93784 -0.115827 -0.974646 -2.66453 -9999 -9999 -9999 -9999 -9999 -9999 -9999 -9999 -9999 -9999 -9999 -9999 -9999 -9999 -9999 -9999 -9999 -9999 -9999 -9999 -9999 -9999 -9999 -9999 -9999 -9999 -9999 -9999 -9999 -9999 -9999 -9999 -9999 -9999 -9999 -9999 -9999 -9999 -9999 -9999
-9999 -9999 -9999 5.89966 7.00959 7.91921 9.05107 10.0139 10.4918 10.9556 10.9065 9.84169 9.31512 9.25894 8.53645 7.27207 6.47458 5.03125 3.52821 4.08841 6.26459 5.28305 6.82274 6.68312 6.95936 5.91603 3.96093 1.35211 -0.173514 -0.942904 -2.31412 -9999 -9999 -9999 -9999 -9999 -9999 -9999 -9999 -9999 -9999 -9999 -9999 -9999 -9999 -9999 -9999 -9999 -9999 -9999 -9999 -9999 -9999 -9999 -9999 -9999 -9999 -9999 -9999 -9999 -9999 -9999 -9999 -9999 -9999 -9999 -9999 -9999 -9999 -9999 -9999
-9999 -9999 -9999 -9999 6.79983 7.49008 8.98902 9.77079 10.0773 10.8319 10.8227 10.4124 10.0998 9.65111 9.06848 8.1153 7.06499 5.70675 5.57162 6.95979 6.96741 6.66605 6.88676 7.59658 7.39891 5.79577 3.03035 1.56116 -1.3885 -2.66863 -2.54688 -3.45748 -9999 -9999 -9999 -9999 -9999 -9999 -9999 -9999 -9999 -9999 -9999 -9999 -0.127083 -9999 -9999 -9999 -9999 -9999 -9999 -9999 -9999 -9999 -9999 -9999 -9999 -9999 -9999 -9999 -9999 -9999 -9999 -9999 -9999 -5.74066 -9999 -9999 -9999 -9999 -9999
-9999 -9999 -9999 6.66209 7.59736 8.32102 9.25693 9.35105 9.90319 10.7724 10.7743 10.48 10.1486 9.41774 9.22794 8.68029 7.54068 7.29891 7.74575 7.94633 8.17551 8.31343 8.18543 7.88612 7.502 6.47412 5.18405 4.31565 1.61177 0.241773 -1.07965 -3.07573 -4.63972 -9999 -9999 -9999 -9999 -9999 -9999 -9999 -1.14072 -1.2233 -1.19642 -0.768706 0.426524 -0.288228 -9999 -9999 -9999 -9999 -9999 -9999 -9999 -9999 -9999 -9999 -9999 -9999 -9999 -9999 -9999 -9999 -9999 -9999 -9999 -4.66706 -6.24313 -9999 -9999 -9999 -9999
-9999 -9999 -9999 6.91431 7.89631 8.38183 9.29095 9.80665 10.1523 10.4468 10.7273 10.667 10.3012 9.75076 9.74241 8.98837 8.57664 8.27973 8.88772 8.99991 8.7422 8.42194 8.13822 7.35167 7.25389 7.00533 6.18419 4.8406 3.45598 1.48512 -1.22088 -3.87542 -6.01892 -9999 -9999 -9999 -9999 -9999 -9999 -0.917129 0.0731188 0.663169 -0.618121 0.461533 1.44792 1.28156 0.31903 -9999 -9999 -9999 -9999 -9999 -9999 -9999 -9999 -9999 -9999 -9999 -9999 -9999 -9999 2.782 1.16699 -2.08414 -3.75579 -4.76309 -6.19695 -9999 -9999 -9999 -9999
-9999 -9999 -9999 6.71063 7.87278 8.65707 9.35202 9.45503 10.1668 10.4822 10.6277 10.5977 10.5156 10.4043 9.74425 9.45353 8.46249 9.38812 9.34188 9.09467 8.14652 7.73085 6.11097 5.39409 5.23978 6.58875 5.5805 3.48222 0.860454 -2.28 -2.47827 -3.5271 -5.4442 -9999 -9999 -9999 -9999 -9999 -9999 -0.617134 0.442569 1.32614 1.44794 0.174873 1.93381 1.8672 0.871411 0.639268 1.44113 1.8429 1.53845 2.50607 2.77743 2.32835 2.79418 -9999 -9999 -9999 -9999 3.0145 3.0677 3.10551 2.4264 -1.12411 -3.55229 -5.73399 -5.94523 -9999 -9999 -9999 -9999
-9999 -9999 -9999 7.51451 8.22713 8.58324 8.63354 9.25641 9.87752 10.266 10.5395 10.4706 10.4352 10.3982 10.164 9.63664 9.71717 9.66387 9.35244 7.55523 5.45999 6.36045 5.114 2.45973 4.61465 5.792 4.65098 2.11026 -0.835291 -1.79605 -1.75086 -3.20598 -5.07643 -9999 -9999 -9999 -3.51667 -1.99725 -1.8747 -1.43349 -0.0172466 1.05851 1.86888 2.41801 2.39983 1.80765 0.833807 -0.224478 0.141922 2.02328 2.47464 2.87242 3.15378 2.73559 2.9306 3.42249 3.67016 3.70982 3.57799 3.53838 3.56779 3.49612 2.86153 -0.311296 -2.13371 -3.3002 -5.63732 -9999 -9999 -9999 -9999
-9999 -9999 -9999 7.05737 7.67632 8.17589 9.00968 9.08985 9.61386 9.92001 10.388 10.429 9.8656 10.308 10.2362 10.1382 9.94507 9.66853 8.14888 6.05943 3.96573 2.99497 3.40012 1.79892 2.61849 3.81181 3.37031 1.81192 -0.812741 -1.18872 -1.79838 -4.22787 -6.579 -9999 -9999 -6.48083 -3.55602 -1.49978 -0.444173 -0.12408 -0.101923 1.25572 1.35485 2.81837 2.47214 0.521799 0.733587 -0.0279011 0.454759 1.13686 1.31763 2.3124 3.26852 3.43672 3.42745 3.73541 3.78773 3.79117 3.76964 3.53893 3.62681 3.63081 3.23116 0.926413 -0.202681 -1.44579 -5.61979 -9999 -9999 -9999 -9999
-9999 -9999 -9999 7.37376 8.06705 8.82666 8.94252 9.50221 9.43265 9.26063 10.0429 10.3278 9.92597 9.63269 10.1351 10.086 10.0046 9.87957 8.45067 6.79986 4.30705 2.75559 1.80676 1.13027 0.238797 0.849311 0.655721 0.397745 0.682058 -0.0420001 -1.4795 -2.91187 -5.57704 -7.02958 -9999 -6.3286 -5.01574 -2.56845 -0.489849 0.826272 0.339427 1.88439 2.1645 3.05761 2.5248 1.33914 0.823133 0.770767 0.608007 1.64636 2.34427 2.83836 3.1586 3.56672 3.65809 3.74961 3.77957 3.78967 3.80058 3.78246 3.76217 3.7044 3.54748 2.48223 1.35514 -1.06808 -5.48995 -9999 -9999 -9999 -9999
-9999 -9999 5.32692 7.28762 8.45604 8.90354 9.22385 9.50457 9.70464 9.91425 10.1079 10.2382 10.1696 9.12605 9.19623 9.36753 9.93877 9.88451 9.74479 8.83745 5.80631 4.75517 3.22484 1.24273 0.41757 0.825922 2.44144 2.36428 1.2861 0.0844509 -1.57019 -2.62844 -4.27193 -7.41272 -7.14341 -5.74392 -4.70583 -3.04689 -0.503891 1.27609 2.06525 2.35805 2.98234 3.30279 2.57412 1.88311 1.58795 1.04641 0.96384 0.96017 1.58399 2.0741 3.16338 3.52015 3.68078 3.75265 3.78465 3.80427 3.82385 3.82247 3.78927 3.77901 3.75967 3.67149 2.17495 -1.55605 -4.36916 -9999 -9999 -9999 -9999
-9999 -9999 -9999 6.9195 7.42971 7.55765 7.78649 8.2627 8.81229 9.59396 9.68504 10.1097 10.0945 9.19663 8.15747 9.03622 9.37728 9.73214 9.73145 9.60543 7.05884 5.72311 4.67101 2.77062 3.45528 4.10073 4.14606 3.74995 1.44482 -0.851714 -3.4951 -5.97124 -6.0989 -7.4364 -6.74187 -5.82217 -3.43997 -1.76709 -1.09572 -0.61604 1.97095 2.63914 2.86314 3.52095 2.60776 2.37424 1.68687 1.88322 1.81697 1.81367 -0.0818539 1.80879 1.91 3.13203 3.67605 3.79135 3.81121 3.83354 3.82573 3.81992 3.8021 3.80319 3.77342 3.74187 2.76543 -1.96151 -4.34104 -9999 -9999 -9999 -9999
-9999 -9999 -9999 -9999 -9999 7.06542 7.45219 7.69661 8.125 9.45556 9.80595 10.0342 10.0422 9.63335 8.60599 8.32457 8.49679 7.49392 8.31114 9.4344 9.39766 9.25309 7.01471 5.87289 6.97493 6.6353 4.95353 3.62887 2.32086 -0.366553 -2.33183 -5.16823 -7.30146 -7.39219 -5.06019 -3.12392 -0.713462 0.342881 -0.278486 0.369446 1.64997 3.10643 3.80719 3.63318 2.67099 2.53338 1.47691 2.50377 2.58592 2.0988 1.67611 1.83851 2.43827 2.65964 3.6125 3.8333 3.86334 3.85651 3.84674 3.82953 3.81174 3.78771 3.76654 3.74252 3.68878 -1.16988 -4.95317 -9999 -9999 -9999 -9999
-9999 -9999 -9999 -9999 -9999 6.13078 6.3635 6.98678 8.59957 9.43765 9.76979 9.7464 9.89247 9.60021 8.69371 7.76358 6.88548 5.75822 6.38447 8.06117 9.04707 9.15311 7.19038 8.209 7.82425 7.0694 4.87129 3.25012 2.38831 -0.191712 -2.39806 -4.28774 -6.89504 -5.79451 -4.58242 -3.02304 -0.390804 1.38024 2.10069 1.47401 2.28857 3.96579 3.9674 3.03833 3.09213 2.52663 1.08508 2.5745 2.98917 2.64345 2.72409 2.59472 2.81161 3.21421 3.59803 3.84851 3.87076 3.86169 3.83919 3.82548 3.81359 3.78307 3.77333 3.74913 3.71418 0.574391 -5.02996 -9999 -9999 -9999 -9999
-9999 -9999 -9999 -9999 -9999 -9999 5.27287 6.7057 8.84958 9.3726 9.31293 9.74568 9.77142 9.32982 8.94429 7.81789 6.28422 3.35166 4.08431 5.62695 7.85718 9.0267 8.86217 8.20787 7.06748 4.31316 1.90222 1.60619 1.20783 -0.676353 -2.3758 -4.47569 -3.27307 -1.95597 -0.515089 0.235613 0.0243797 1.54019 2.77416 2.23329 3.2347 4.40589 3.86276 3.53927 3.2674 2.61436 2.56977 2.63208 3.47523 2.88143 3.23537 3.24169 3.2114 3.40172 3.6216 3.85248 3.87914 3.86604 3.85628 3.81453 3.8117 3.78569 3.76059 3.73723 3.70558 3.41214 0.388046 -1.42322 -9999 -9999 -9999
-9999 -9999 -9999 -9999 -9999 -9999 3.94049 4.65077 7.1914 7.96729 9.08298 9.6693 9.68424 8.94785 8.5318 6.85997 6.30867 3.59486 2.36155 3.38969 2.98417 6.05956 8.78132 8.18789 2.67849 0.680945 -0.744858 -0.383221 -0.384017 -0.912095 -3.80422 -4.60911 -2.02973 -0.410192 0.841238 1.78691 1.97366 1.92738 3.86425 4.11265 4.73575 4.58876 4.63932 3.64765 3.03198 3.56006 2.94074 2.83032 3.70148 2.83142 3.60571 3.51094 3.26672 3.24382 3.74691 3.83875 3.88061 3.8702 3.83631 3.79652 3.76952 3.77408 3.75487 3.71546 3.70643 3.66811 3.29812 1.72829 1.17245 1.76507 -9999
-9999 -9999 -9999 -9999 -9999 -9999 -9999 2.26999 5.80434 7.41165 8.2513 9.4372 9.56905 9.17289 8.46169 6.75909 5.26062 2.83346 0.0642227 -1.40394 2.9595 6.75744 8.73746 8.47666 3.88972 2.07734 1.98983 3.05122 2.14788 1.46098 -0.737033 -1.40152 -2.32318 -1.77105 -0.0212833 1.40414 2.77803 3.77315 3.8423 4.48382 4.85216 4.87349 4.98277 4.85952 4.7583 3.80395 4.45452 3.89192 4.18153 3.9849 3.80622 3.65614 3.10302 3.4766 3.80538 3.88086 3.89412 3.86014 3.84158 3.81325 3.76747 3.74313 3.72925 3.7149 3.68673 3.67593 3.64728 3.46178 2.51265 1.24537 -0.353132
-9999 -9999 -9999 -9999 -9999 -9999 -9999 0.496981 4.01379 5.7012 7.87756 8.99213 9.43821 9.36433 8.7856 7.48885 5.54433 3.92297 0.83304 -2.37391 2.20481 6.29044 8.49011 8.60177 4.75147 5.8153 4.9483 5.29222 3.70756 3.04586 2.52598 1.38361 0.13405 -1.23187 -1.96087 1.25476 2.89942 4.22021 4.8361 5.17886 5.34405 5.23934 4.9938 3.55231 4.63795 4.57479 4.45966 4.32861 4.26181 4.14193 4.00141 3.92054 3.88295 3.5116 3.9083 3.88631 3.8789 3.86738 3.84291 3.80861 3.77685 3.74103 3.72935 3.70855 3.6834 3.66282 3.64586 3.62326 3.56048 3.29974 1.15717
-9999 -9999 -9999 -9999 -9999 -9999 -9999 -4.46107 0.659523 4.77232 6.91437 8.65775 9.12625 9.29271 8.52125 7.94105 6.54371 5.22046 3.18649 0.146489 -1.72832 1.6985 6.68503 8.52775 8.38489 8.26514 7.26276 6.35878 6.24002 6.30181 5.25424 3.72339 1.7212 1.0895 0.379451 2.77154 3.0849 2.89621 5.52684 5.52008 5.35746 4.3342 3.19422 3.39933 2.70014 3.23164 2.38902 3.15044 3.80758 4.04838 4.02016 3.92994 3.90754 3.85735 3.91631 3.90288 3.87859 3.85648 3.83808 3.81428 3.7696 3.73828 3.7357 3.70366 3.67533 3.65631 3.64214 3.62511 3.57548 3.52912 3.18952
-9999 -9999 -9999 -9999 -9999 -9999 -9999 -4.24186 0.0621013 3.71156 5.89908 7.99739 8.47421 9.17331 9.00629 8.39948 7.18339 5.66782 3.99189 1.38231 -0.55905 1.72984 5.03773 7.40504 8.25673 8.25064 8.18819 7.95702 7.86022 7.5912 7.40304 6.30065 4.40958 3.3352 1.76713 4.43455 4.72254 4.29045 5.61485 5.53499 3.50018 1.93334 1.72835 2.67075 1.759 1.59405 1.03579 1.66309 3.35683 2.84952 2.93978 3.70959 3.82677 3.89667 3.90704 3.8895 3.8731 3.84685 3.83535 3.82359 3.77959 3.75185 3.73133 3.6886 3.6729 3.64002 3.61235 3.59624 3.56406 3.52062 3.41538
-9999 -9999 -9999 -9999 -9999 -9999 -9999 -4.15735 -1.26575 2.01717 5.24242 7.48421 8.38072 9.02978 9.00966 8.30669 7.69597 6.74148 5.2657 4.25058 2.49685 0.094454 4.09846 5.32184 6.42026 6.87756 8.01648 7.98263 7.45198 6.84901 7.40578 7.23159 5.73175 5.23096 4.39228 5.87052 5.86146 5.80731 5.71457 3.99333 1.60611 -0.304013 1.05072 0.754593 1.37671 -0.572505 1.01376 2.29208 2.70152 1.83191 1.17482 3.17923 3.50084 3.68752 3.80263 3.87377 3.84117 3.84877 3.82379 3.80451 3.78454 3.75382 3.72997 3.69924 3.66832 3.64158 3.6161 3.58106 3.53074 3.5171 3.4665
-9999 -9999 -9999 -9999 -9999 -9999 -9999 -9999 -2.98235 1.18657 4.90306 6.96654 8.25937 8.88254 8.85818 8.49263 8.07402 7.47761 6.4097 5.07179 2.96457 1.3984 2.37801 3.57637 3.71261 4.50791 6.82703 7.61488 6.48194 3.69717 5.33419 7.15755 7.11778 6.95074 6.76457 6.5318 6.31765 5.86362 4.66855 1.03358 0.305547 -1.12738 -0.977341 -1.71728 -0.129926 -0.731575 0.895086 1.59521 1.85424 0.333332 0.653184 2.42129 3.11481 2.98771 3.40864 3.81732 3.81864 3.81791 3.79441 3.79026 3.7804 3.76037 3.7204 3.69327 3.66995 3.62656 3.61721 3.47023 3.37075 3.18167 3.38985
-9999 -9999 -9999 -9999 -9999 -9999 -9999 -9999 -3.8117 0.344357 4.72333 6.12097 7.51586 8.71792 8.72903 8.17732 7.65227 7.11219 6.49943 4.87886 3.30764 1.80771 1.29842 1.59015 1.5675 2.85763 5.88031 6.45965 6.20188 3.29608 2.30278 4.74151 6.789 6.94028 6.74247 4.30932 4.81316 3.49474 1.7109 1.2112 0.423842 -1.22648 -0.449022 -1.66024 -1.15615 -1.29415 -0.375019 0.0685283 1.16392 -0.163207 -0.157398 1.57829 2.44829 2.45993 3.37282 3.691 3.76574 3.77551 3.77878 3.77017 3.77192 3.75056 3.72413 3.6934 3.63673 3.5193 3.18698 1.42295 1.41342 1.88283 2.32664
-9999 -9999 -9999 -9999 -9999 -9999 -9999 -9999 -3.33354 -0.453108 3.43109 6.30495 6.47405 7.86478 8.57669 7.97804 7.30576 6.61855 6.31199 4.54916 2.61432 1.04956 -0.800349 -0.506121 0.806775 2.96948 4.91882 5.26088 4.84824 3.29197 4.01883 5.67869 6.55498 6.80565 6.58865 6.04974 5.73324 4.75936 4.33047 2.98252 0.881761 0.0473822 0.557177 -1.67153 -1.52722 -0.717499 -1.58817 -0.161571 0.516261 -1.19543 0.158072 1.6908 2.46926 3.14832 3.46389 3.58284 3.77086 3.76433 3.76901 3.76582 3.7504 3.7377 3.69271 3.65332 3.45474 3.16794 1.52228 0.833768 0.955541 1.6991 2.34891
-9999 -9999 -9999 -9999 -9999 -9999 -9999 -9999 -2.84447 -0.252304 3.11396 5.15953 5.51551 7.05925 8.43063 8.26399 7.56512 7.34431 6.62104 5.12424 3.47251 1.66851 0.78671 -1.22764 0.737306 2.29997 3.94903 4.71602 3.43857 2.78621 3.91527 5.03729 5.47904 6.61161 6.58965 6.20566 4.58759 3.79252 4.11185 3.76354 3.16249 1.71305 1.63769 0.702923 0.309505 -0.0624281 -1.23603 -0.497222 -0.432187 -0.236285 1.38517 2.1777 2.6995 3.17294 3.28906 3.48835 3.75002 3.76231 3.76009 3.74661 3.73931 3.7067 3.61644 3.53839 3.15171 2.47689 1.22849 -0.782513 0.618045 2.08326 2.51473
-9999 -9999 -9999 -9999 -9999 -9999 -9999 -9999 -3.29188 -0.537574 2.33767 3.53276 3.72561 6.5295 8.24168 8.23266 7.89517 7.50319 5.73309 5.82537 5.46298 3.83441 1.46724 -1.1313 -0.89793 0.643365 2.82503 3.54049 1.42627 0.668571 1.20912 2.91065 4.43238 6.02143 6.41671 5.93603 3.42383 0.754727 1.97564 3.28098 3.2621 2.86423 1.51935 1.08474 0.690453 -0.293283 -1.94651 -1.70915 -1.26126 0.583169 1.15521 2.04467 2.78142 2.48858 2.64227 3.34603 3.74476 3.74843 3.74374 3.74506 3.72332 3.68641 3.51923 3.34293 3.05553 1.31603 0.229851 -1.34432 0.465779 1.46078 1.99294
-9999 -9999 -9999 -9999 -9999 -9999 -9999 -9999 -4.15187 -2.15641 0.591215 1.69137 3.4533 6.10236 7.39919 8.01466 7.98906 7.72392 6.925 6.4404 5.4965 3.80254 1.49041 -1.07836 -2.75392 -1.91677 1.02918 1.7221 -0.232984 -1.23578 -0.0090804 1.80475 4.49515 6.02751 6.2248 6.07392 5.54679 3.595 1.2392 1.23558 2.39977 1.40457 0.249852 0.867505 0.740056 -0.231602 -0.941209 -1.36705 -1.108 -0.0590816 0.364164 1.39305 2.91669 3.12532 3.07043 3.70504 3.72569 3.72892 3.74128 3.72836 3.71016 3.67844 3.53995 3.24502 2.08312 1.0684 -0.338424 -0.522887 1.08833 1.78744 2.43907
-9999 -9999 -9999 -9999 -9999 -9999 -9999 -9999 -5.62987 -3.28017 -0.70708 1.70138 3.97933 5.93818 6.07849 7.10602 7.09289 7.62585 7.45837 6.71706 5.92022 4.45906 1.4916 -1.00512 -3.72689 -3.02196 -0.0200804 0.377557 -0.940623 -3.3678 -0.882137 1.85987 4.34376 5.68324 4.6134 5.68707 5.58647 4.84791 3.44081 1.25941 1.28889 -0.348668 -0.43082 0.392998 0.6529 0.502762 -0.0327703 -0.87627 -0.733084 -0.0972078 0.0539669 0.998374 2.17764 3.33017 3.51423 3.72458 3.72235 3.71407 3.7202 3.71043 3.674 3.60225 3.45809 2.48213 1.32382 0.60568 -0.37808 -0.507903 1.34799 2.08763 2.49434
-9999 -9999 -9999 -9999 -9999 -9999 -9999 -9999 -9999 -3.52609 -0.867515 1.09658 1.61666 3.35644 4.29034 5.01034 5.16068 7.23768 7.3412 6.86697 6.13396 4.88599 2.63151 1.05767 -1.55364 -3.43335 -2.66299 -2.30444 -1.62744 -1.84022 -0.737472 1.89693 4.64176 4.93132 3.16949 3.41729 3.772 4.58123 4.15309 1.18492 -0.328839 -1.58728 -0.713153 0.207117 0.421247 0.455151 0.264258 0.0543062 -0.297658 0.937283 1.84806 2.0504 2.84287 3.42483 3.57703 3.68872 3.69208 3.69564 3.68388 3.63727 3.60014 3.43912 3.09325 2.00313 -0.601579 -0.492467 -0.784818 -1.60321 0.211537 1.35966 2.3772
-9999 -9999 -9999 -9999 -9999 -9999 -9999 -9999 -9999 -4.41914 -1.3413 -0.700671 -0.761246 -1.79635 -1.33752 2.44289 3.19454 5.18585 7.0709 6.92005 6.20057 5.03209 3.6849 1.60531 -1.33036 -3.66497 -4.64164 -2.14423 0.303903 0.800832 1.57461 3.1847 3.48179 1.68156 -0.00752372 0.9229 1.4786 3.62864 4.01132 3.57922 1.78603 -0.262491 -1.33742 -0.0941325 0.0620032 0.125801 0.129271 0.0828396 0.0332965 1.43499 2.20089 2.72854 3.0104 3.50825 3.62677 3.65656 3.68385 3.66262 3.6243 3.53177 3.42821 3.01316 2.51326 0.735411 -0.748743 -1.67866 -2.85583 -0.241217 0.529317 1.60295 2.29259
