Test_Spring_2018/11_17/Temp/20171126_020.txt
ncols	170
nrows	115
xllcorner	350000.000000
yllcorner	4445000.000000
cellsize	1000.000000
nodata_value	-9999.000000
[rows 32 to 63 of 115, columns 72 to 143 of 170]
12.7898 12.4713 12.9654 13.4205 13.1466 12.9643 13.7128 13.7135 13.4594 12.8616 12.6427 12.4158 12.277 11.51 9.35649 7.41528 8.45665 8.48217 7.76351 9.05473 8.37409 6.59702 4.088 5.45343 5.09948 3.32496 2.88822 -9999 -9999 -9999 -9999 -9999 -9999 -9999 -9999 -9999 -9999 -9999 -9999 -9999 -9999 -9999 -9999 -9999 -9999 -9999 -9999 -9999 -9999 -9999 -9999 -9999 -9999 -9999 -9999 -9999 -9999 -9999 -9999 -9999 -9999 -9999 -9999 -9999 -9999 -9999 -9999 -9999 -9999 -9999 -9999 -9999
12.3649 12.2285 12.9626 12.948 12.9043 13.1714 13.637 13.7302 13.6316 13.3713 13.1461 12.9065 12.2973 11.4197 9.57685 7.36715 6.8666 7.94927 8.00202 8.17678 7.55649 6.77716 5.55744 6.55806 6.94726 5.78131 4.2531 3.27191 -9999 -9999 -9999 -9999 -9999 -9999 -9999 -9999 -9999 -9999 -9999 -9999 -9999 -9999 -9999 -9999 -9999 -9999 -9999 -9999 -9999 -9999 -9999 -9999 -9999 -9999 -9999 -9999 -9999 -9999 -9999 -9999 -9999 -9999 -9999 -9999 -9999 -9999 -9999 -9999 -9999 -9999 -9999 -9999
11.8576 11.1471 11.5898 11.9224 12.5393 12.7026 12.7955 13.671 13.6255 13.5858 13.2131 12.9152 12.4211 11.5766 10.3738 8.9255 6.40316 7.95974 9.1788 9.14844 9.08257 8.53678 7.36493 8.34696 8.3939 6.90403 5.20757 4.20803 3.7952 -9999 -9999 -9999 -9999 -9999 -9999 -9999 -9999 -9999 -9999 -9999 -9999 -9999 -9999 -9999 -9999 -9999 -9999 -9999 -9999 -9999 -9999 -9999 -9999 -9999 -9999 -9999 -9999 -9999 -9999 -9999 -9999 -9999 -9999 -9999 -9999 -9999 -9999 -9999 -9999 -9999 -9999 -9999
11.2806 10.4125 10.8579 11.452 12.2907 12.7269 13.0593 13.3217 13.5893 13.5586 13.1771 12.0489 11.8885 11.8404 11.054 9.40273 7.75361 7.32695 9.18613 9.71881 9.61117 10.0269 9.03427 9.50451 9.31277 8.78531 7.15478 5.66485 5.04872 3.83023 -9999 -9999 -9999 -9999 -9999 -9999 -9999 -9999 -9999 -9999 -9999 -9999 -9999 -9999 -9999 -9999 -9999 -9999 -9999 -9999 -9999 -9999 -9999 -9999 -9999 -9999 -9999 -9999 -9999 -9999 -9999 -9999 -9999 -9999 -9999 -9999 -9999 -9999 -9999 -9999 -9999 -9999
-9999 -9999 9.86894 10.6779 11.3484 12.1692 12.8777 13.2328 13.5776 13.5508 12.7876 12.4147 12.3828 11.8678 10.9598 10.3902 9.35215 8.27055 8.68465 10.2701 9.56583 10.6893 10.5949 10.8018 10.0519 8.63284 6.73688 5.62994 5.07871 4.09138 -9999 -9999 -9999 -9999 -9999 -9999 -9999 -9999 -9999 -9999 -9999 -9999 -9999 -9999 -9999 -9999 -9999 -9999 -9999 -9999 -9999 -9999 -9999 -9999 -9999 -9999 -9999 -9999 -9999 -9999 -9999 -9999 -9999 -9999 -9999 -9999 -9999 -9999 -9999 -9999 -9999 -9999
-9999 -9999 -9999 10.5319 11.0431 12.1387 12.7077 12.9384 13.4942 13.4963 13.2078 12.9901 12.6738 12.2604 11.5782 10.8253 9.84901 9.75924 10.7736 10.7868 10.5755 10.7425 11.2639 11.1271 9.9666 7.96455 6.90552 4.75582 3.83428 3.92948 3.2765 -9999 -9999 -9999 -9999 -9999 -9999 -9999 -9999 -9999 -9999 -9999 -9999 5.79533 -9999 -9999 -9999 -9999 -9999 -9999 -9999 -9999 -9999 -9999 -9999 -9999 -9999 -9999 -9999 -9999 -9999 -9999 -9999 -9999 1.89249 -9999 -9999 -9999 -9999 -9999 -9999 -9999
-9999 -9999 10.4345 11.1184 11.6515 12.3387 12.4075 12.8183 13.4572 13.4675 13.2632 13.0321 12.5113 12.3829 11.9949 11.1774 11.0107 11.3429 11.4962 11.6699 11.7771 11.6911 11.4806 11.2083 10.4619 9.53242 8.90877 6.94443 5.95109 4.99992 3.55998 2.43369 -9999 -9999 -9999 -9999 -9999 -9999 -9999 5.03742 4.98551 5.01278 5.33052 6.20463 5.69384 -9999 -9999 -9999 -9999 -9999 -9999 -9999 -9999 -9999 -9999 -9999 -9999 -9999 -9999 -9999 -9999 -9999 -9999 -9999 2.68045 1.54702 -9999 -9999 -9999 -9999 -9999 -9999
-9999 -9999 10.6211 11.3412 11.7015 12.3691 12.7516 13.005 13.2272 13.4396 13.4051 13.1493 12.7595 12.7629 12.2254 11.9358 11.7292 12.1784 12.2676 12.0881 11.8629 11.6638 11.0998 11.035 10.8535 10.2638 9.29527 8.29726 6.85894 4.90384 2.98651 1.44015 -9999 -9999 -9999 -9999 -9999 -9999 5.19914 5.92535 6.36116 5.43991 6.23028 6.95288 6.83962 6.14388 -9999 -9999 -9999 -9999 -9999 -9999 -9999 -9999 -9999 -9999 -9999 -9999 -9999 -9999 8.05475 6.89279 4.54446 3.34134 2.61998 1.58952 -9999 -9999 -9999 -9999 -9999 -9999
-9999 -9999 10.4798 11.3302 11.9069 12.4189 12.5021 13.029 13.2589 13.3735 13.3611 13.3112 13.2401 12.7711 12.5698 11.8604 12.5404 12.5152 12.3438 11.6637 11.3692 10.201 9.68725 9.57461 10.5579 9.83206 8.31602 6.42069 4.14403 3.99815 3.24506 1.86295 -9999 -9999 -9999 -9999 -9999 -9999 5.42415 6.20081 6.84947 6.94552 6.02997 7.31263 7.26666 6.55192 6.39104 6.98012 7.27943 7.0603 7.76518 7.97162 7.65604 8.00404 -9999 -9999 -9999 -9999 8.21426 8.26221 8.29872 7.81521 5.24965 3.49782 1.92479 1.78064 -9999 -9999 -9999 -9999 -9999 -9999
-9999 -9999 11.0689 11.5931 11.859 11.9035 12.3634 12.8244 13.1079 13.3135 13.2732 13.2575 13.2407 13.0809 12.7083 12.7761 12.7465 12.5291 11.2338 9.72193 10.3815 9.48524 7.56489 9.12807 9.98648 9.16395 7.3267 5.19623 4.49993 4.53122 3.48352 2.13439 -9999 -9999 -9999 3.30143 4.41234 4.51028 4.83897 5.87429 6.66238 7.25807 7.66365 7.65413 7.23089 6.53187 5.77181 6.045 7.41699 7.75255 8.03841 8.25226 7.95927 8.11181 8.479 8.66907 8.70818 8.62268 8.60372 8.63447 8.59161 8.14036 5.84764 4.53486 3.69774 2.01344 -9999 -9999 -9999 -9999 -9999 -9999
-9999 -9999 10.7405 11.1965 11.5663 12.1787 12.2451 12.6337 12.8663 13.2094 13.2491 12.8508 13.1819 13.1401 13.0791 12.9488 12.7574 11.6641 10.1569 8.64596 7.94857 8.24719 7.09145 7.68653 8.55627 8.24105 7.11311 5.21514 4.94806 4.50763 2.74681 1.05029 -9999 -9999 1.1489 3.27913 4.77953 5.5542 5.79524 5.81987 6.81239 6.89203 7.96061 7.71381 6.30574 6.46631 5.92102 6.27834 6.78076 6.92012 7.64502 8.34335 8.47566 8.47956 8.71359 8.76223 8.77524 8.76983 8.61238 8.68553 8.69749 8.41649 6.75401 5.94391 5.05159 2.03492 -9999 -9999 -9999 -9999 -9999 -9999
-9999 -9999 10.9731 11.4826 12.0407 12.1325 12.5466 12.5072 12.3931 12.9695 13.1815 12.9007 12.6987 13.0736 13.0483 12.9992 12.9178 11.8904 10.7012 8.90075 7.78212 7.09894 6.61332 5.96463 6.4114 6.27525 6.09269 6.30369 5.78371 4.74309 3.71155 1.78179 0.73752 -9999 1.2649 2.22664 4.01083 5.52745 6.49085 6.14654 7.27492 7.48577 8.13835 7.75888 6.90503 6.53737 6.50652 6.39592 7.15658 7.67029 8.0325 8.27446 8.57673 8.65377 8.73105 8.76366 8.78166 8.79989 8.79665 8.79137 8.75851 8.65343 7.88956 7.08124 5.33276 2.13612 -9999 -9999 -9999 -9999 -9999 -9999
-9999 9.49211 10.9163 11.77 12.1015 12.3414 12.5531 12.707 12.8697 13.0214 13.1257 13.0832 12.3375 12.3993 12.5341 12.9584 12.9285 12.8359 12.1857 9.99487 9.2383 8.13107 6.69823 6.10034 6.40006 7.57518 7.52329 6.74604 5.87981 4.68201 3.921 2.73706 0.464599 0.66946 1.69412 2.45689 3.66973 5.52328 6.82318 7.40415 7.62471 8.0834 8.32278 7.80055 7.30528 7.09799 6.71227 6.65964 6.66461 7.125 7.48475 8.28365 8.55251 8.67668 8.73986 8.7741 8.79913 8.82377 8.83273 8.81812 8.8197 8.81432 8.75928 7.68254 4.98523 2.95483 -9999 -9999 -9999 -9999 -9999 -9999
-9999 -9999 10.6548 11.031 11.1305 11.3039 11.6573 12.0646 12.642 12.7179 13.0361 13.0367 12.3945 11.6522 12.3003 12.5579 12.8247 12.8329 12.7493 10.9075 9.94434 9.18604 7.81209 8.30863 8.77985 8.8161 8.5326 6.86541 5.20503 3.29034 1.50174 1.41675 0.454886 0.965391 1.64238 3.37991 4.60307 5.09978 5.45705 7.34167 7.83337 8.00263 8.48651 7.83104 7.66731 7.17549 7.32462 7.28366 7.28875 5.92234 7.29773 7.38075 8.27687 8.68141 8.77397 8.79951 8.82662 8.83148 8.8373 8.83389 8.84371 8.83116 8.81621 8.1165 4.69754 2.98137 -9999 -9999 -9999 -9999 -9999 -9999
-9999 -9999 -9999 -9999 10.7783 11.066 11.2513 11.5707 12.5461 12.8101 12.9861 13.0027 12.7173 11.983 11.7901 11.9254 11.208 11.8085 12.6301 12.6096 12.5099 10.8912 10.0639 10.866 10.6226 9.40635 8.44931 7.50483 5.56081 4.13778 2.08786 0.548656 0.491199 2.19108 3.60349 5.36167 6.13797 5.69753 6.17693 7.11343 8.17744 8.69291 8.57365 7.88258 7.78829 7.02873 7.77991 7.84643 7.50059 7.20195 7.32439 7.7688 7.93934 8.64061 8.81132 8.84288 8.84891 8.85241 8.85003 8.84669 8.83832 8.8316 8.82255 8.79184 5.27737 2.5433 -9999 -9999 -9999 -9999 -9999 -9999
-9999 -9999 -9999 -9999 10.1049 10.2809 10.7409 11.9191 12.5374 12.7882 12.7818 12.8987 12.698 12.052 11.3885 10.7624 9.95456 10.4171 11.64 12.3608 12.4427 11.0238 11.7629 11.4867 10.9421 9.35129 8.1791 7.55799 5.6917 4.09387 2.73031 0.847336 1.65359 2.5415 3.68182 5.60023 6.89483 7.42731 6.98228 7.58163 8.80576 8.81434 8.14763 8.19321 7.78865 6.74983 7.83632 8.14386 7.90046 7.96666 7.8776 8.04434 8.34621 8.63484 8.82703 8.85384 8.8577 8.85201 8.85222 8.85321 8.84019 8.84182 8.83269 8.81566 6.5475 2.49305 -9999 -9999 -9999 -9999 -9999 -9999
-9999 -9999 -9999 -9999 -9999 9.49418 10.5411 12.1044 12.4944 12.4611 12.7855 12.8152 12.5063 12.238 11.4324 10.3309 8.2142 8.75384 9.87954 11.5026 12.3556 12.2404 11.7665 10.9424 8.9481 7.20292 6.9915 6.70638 5.34458 4.11429 2.5983 3.47772 4.44098 5.49477 6.04876 5.90575 7.0152 7.92001 7.53735 8.27224 9.12953 8.74322 8.51565 8.32516 7.85715 7.83123 7.88299 8.50118 8.07788 8.34219 8.35149 8.33893 8.4868 8.65648 8.83439 8.86435 8.86548 8.86893 8.84883 8.85645 8.84678 8.83737 8.82895 8.8144 8.6101 6.42651 5.12235 -9999 -9999 -9999 -9999 -9999
-9999 -9999 -9999 -9999 -9999 8.53192 9.05504 10.9061 11.4794 12.2984 12.7341 12.756 12.2333 11.9424 10.7415 10.3523 8.39431 7.50823 8.26091 7.97295 10.2078 12.1855 11.7558 7.76406 6.31858 5.2878 5.55334 5.55658 5.17812 3.08308 2.50607 4.38372 5.56627 6.48266 7.17799 7.32334 7.3002 8.71488 8.90403 9.36467 9.26628 9.31052 8.5986 8.15894 8.54741 8.10487 8.03147 8.67003 8.04644 8.61551 8.55144 8.3837 8.37688 8.75181 8.82881 8.86971 8.87274 8.85867 8.84016 8.83002 8.8426 8.83757 8.81765 8.81964 8.80043 8.54131 7.41228 7.01883 7.45852 -9999 -9999 -9999
-9999 -9999 -9999 -9999 -9999 -9999 7.33248 9.90405 11.0803 11.6991 12.5696 12.6761 12.3989 11.8947 10.6713 9.59523 7.84502 5.84585 4.7878 7.95772 10.7167 12.1567 11.9683 8.64571 7.33475 7.27457 8.04772 7.39678 6.90336 5.31161 4.83649 4.17572 4.58433 5.86148 6.90453 7.91087 8.6427 8.70309 9.17826 9.4527 9.47643 9.56337 9.48124 9.41477 8.72853 9.20691 8.80578 9.02279 8.88755 8.76571 8.66143 8.26966 8.55022 8.79865 8.86369 8.88374 8.8696 8.86659 8.85638 8.83334 8.82403 8.823 8.82141 8.80968 8.81058 8.79908 8.67384 7.99529 7.08644 5.93787 -9999 -9999
-9999 -9999 -9999 -9999 -9999 -9999 6.05033 8.60926 9.84361 11.4316 12.2501 12.5825 12.5403 12.132 11.2026 9.80304 8.63697 6.40523 4.08773 7.41538 10.3802 11.9798 12.0649 9.27356 10.0484 9.42342 9.67671 8.5321 8.05721 7.68224 6.86075 5.96231 4.97934 4.4594 6.80067 8.0032 8.97102 9.4277 9.68614 9.81552 9.74822 9.57486 8.53712 9.33138 9.29149 9.2149 9.12687 9.08563 9.00617 8.91208 8.85782 8.8398 8.58017 8.87825 8.87196 8.87693 8.87898 8.87163 8.85704 8.84417 8.82819 8.82922 8.82073 8.81137 8.80535 8.80247 8.79545 8.7596 8.58056 7.03746 6.11527 5.85867
-9999 -9999 -9999 -9999 -9999 -9999 2.45859 6.18043 9.17317 10.7363 12.008 12.3587 12.4905 11.9422 11.5322 10.5291 9.57909 8.11294 5.91653 4.56415 7.0562 10.6773 12.0136 11.9107 11.8278 11.1052 10.4541 10.3727 10.4227 9.66519 8.56081 7.11691 6.6665 6.16087 7.90489 8.14198 8.01517 9.93248 9.93738 9.82899 9.09627 8.27763 8.43468 7.93004 8.32153 7.71771 8.277 8.76085 8.94307 8.93053 8.86932 8.8632 8.8362 8.888 8.88833 8.88095 8.87523 8.87219 8.86518 8.84292 8.83022 8.83824 8.82428 8.81338 8.80476 8.80407 8.80119 8.77493 8.75133 8.51543 8.16001 7.48157
-9999 -9999 -9999 -9999 -9999 -9999 2.62012 5.75146 8.40699 9.99945 11.5314 11.8879 12.4057 12.2953 11.8658 10.9939 9.90435 8.69778 6.81352 5.41304 7.0791 9.48466 11.2064 11.8249 11.8203 11.7796 11.6168 11.5505 11.361 11.2264 10.4343 9.0698 8.29942 7.17158 9.11508 9.3336 9.03013 10.0002 9.95194 8.48603 7.35913 7.21936 7.90995 7.257 7.14391 6.74059 7.20288 8.43855 8.08018 8.15349 8.71537 8.80938 8.86849 8.88576 8.88301 8.88125 8.87242 8.87432 8.87598 8.85419 8.84409 8.83913 8.81799 8.8157 8.80156 8.79149 8.78456 8.77099 8.74952 8.68349 8.6098 8.6899
-9999 -9999 -9999 -9999 -9999 -9999 2.6851 4.79131 7.18109 9.52543 11.1612 11.8218 12.303 12.2989 11.7993 11.3663 10.6834 9.62194 8.89384 7.6296 5.89447 8.80387 9.69793 10.4956 10.8316 11.6622 11.6426 11.2631 10.8225 11.233 11.1124 10.033 9.67851 9.07943 10.1606 10.1635 10.1339 10.0763 8.83785 7.11632 5.7405 6.73163 6.52553 6.98341 5.57676 6.73721 7.67178 7.97631 7.34704 6.87865 8.33552 8.57658 8.7214 8.81456 8.87603 8.86243 8.87806 8.87009 8.86625 8.86185 8.84958 8.84222 8.82981 8.81722 8.8068 8.79838 8.78287 8.76196 8.76204 8.72962 8.71712 8.70674
-9999 -9999 -9999 -9999 -9999 -9999 -9999 3.55014 6.57744 9.28195 10.7882 11.7358 12.198 12.1905 11.9354 11.6414 11.218 10.4523 9.49021 7.96979 6.84115 7.55791 8.43414 8.53409 9.11605 10.8029 11.3795 10.5638 8.54538 9.73677 11.0662 11.0453 10.9325 10.8062 10.6442 10.4984 10.1786 9.32165 6.6955 6.17922 5.14946 5.26723 4.7395 5.89724 5.4676 6.65505 7.17063 7.36636 6.27156 6.50602 7.79483 8.30657 8.22353 8.53806 8.83955 8.85046 8.85997 8.85301 8.86007 8.86297 8.85844 8.84399 8.83449 8.82771 8.80556 8.80885 8.71226 8.6501 8.52298 8.6839 8.70096 8.7097
-9999 -9999 -9999 -9999 -9999 -9999 -9999 2.94553 5.96835 9.15309 10.1764 11.1978 12.0795 12.0975 11.7072 11.3359 10.9534 10.5176 9.35072 8.21912 7.13879 6.77636 6.9944 6.98072 7.92194 10.1194 10.5453 10.3645 8.25586 7.54284 9.31865 10.8112 10.9293 10.7946 9.03937 9.41387 8.46726 7.18324 6.83028 6.26867 5.08123 5.65391 4.78452 5.15864 5.06336 5.73801 6.06779 6.87017 5.91611 5.92287 7.18815 7.82797 7.84562 8.5169 8.75715 8.82107 8.83801 8.85035 8.85416 8.86553 8.86017 8.85113 8.83895 8.80792 8.73279 8.50097 7.23199 7.23504 7.58534 7.9171 8.52033 8.68876
-9999 -9999 -9999 -9999 -9999 -9999 -9999 3.29356 5.39145 8.21736 10.3109 10.4434 11.4616 11.9876 11.5631 11.085 10.5957 10.382 9.11207 7.71703 6.58996 5.25584 5.47607 6.4347 8.0054 9.42503 9.67938 9.38668 8.2564 8.79083 10.0021 10.6456 10.8357 10.6871 10.3053 10.0849 9.38801 9.08631 8.11823 6.60427 6.00841 6.38703 4.77995 4.89331 5.48901 4.86224 5.90499 6.40483 5.17217 6.15387 7.27419 7.84776 8.3494 8.58765 8.68348 8.82952 8.83461 8.84794 8.85561 8.85447 8.85531 8.83275 8.81422 8.68024 8.48226 7.299 6.80889 6.90711 7.45618 7.93728 8.43973 8.64668
-9999 -9999 -9999 -9999 -9999 -9999 -9999 3.6493 5.53816 7.98846 9.4813 9.74914 10.8782 11.8821 11.7708 11.2733 11.1222 10.6064 9.52952 8.33994 7.03967 6.40779 4.95451 6.38629 7.52226 8.72456 9.28736 8.35864 7.893 8.71926 9.5407 9.86919 10.6988 10.6916 10.4221 9.25795 8.69063 8.93136 8.68803 8.26141 7.2196 7.17398 6.50515 6.22872 5.96778 5.12134 5.6656 5.72134 5.86939 7.04782 7.63159 8.01917 8.37182 8.46551 8.61961 8.81906 8.83778 8.84606 8.84623 8.85091 8.83726 8.7818 8.73519 8.46477 7.9854 7.09013 5.64105 6.66643 7.7387 8.05796 8.37165 8.53474
-9999 -9999 -9999 -9999 -9999 -9999 -9999 3.32588 5.3323 7.42652 8.30262 8.45207 10.4946 11.7456 11.7485 11.513 11.2378 9.96308 10.0385 9.78394 8.61111 6.90252 5.02597 5.20258 6.32301 7.91216 8.43791 6.90249 6.3607 6.76043 8.00217 9.11378 10.2744 10.5697 10.2301 8.41763 6.4915 7.38589 8.34153 8.33702 8.05767 7.09163 6.78552 6.50857 5.80416 4.61248 4.79081 5.12431 6.46133 6.88527 7.53943 8.08296 7.88009 8.00107 8.52097 8.81981 8.83227 8.83873 8.84959 8.84375 8.82693 8.71565 8.59774 8.39925 7.14789 6.37018 5.23874 6.56 7.29131 7.68059 8.3769 8.54389
-9999 -9999 -9999 -9999 -9999 -9999 -9999 2.70324 4.15944 6.16109 6.96828 8.25532 10.1856 11.1353 11.5909 11.5815 11.3983 10.8279 10.4852 9.80918 8.58915 6.92071 5.06601 3.85881 4.47335 6.61254 7.11868 5.70221 4.98287 5.88023 7.20349 9.16252 10.2821 10.4339 10.3334 9.96015 8.5541 6.85518 6.86175 7.71505 7.00265 6.17456 6.63148 6.54811 5.85258 5.34701 5.0427 5.23661 5.99968 6.31584 7.0712 8.18536 8.34615 8.31594 8.78574 8.81045 8.82259 8.8414 8.8419 8.83861 8.8255 8.73498 8.531 7.6984 6.97248 5.96224 5.83826 7.01532 7.5283 8.00767 8.34977 8.46199
-9999 -9999 -9999 -9999 -9999 -9999 -9999 1.63248 3.34554 5.2206 6.97634 8.63745 10.0672 10.1783 10.9327 10.9324 11.3279 11.2154 10.6867 10.1175 9.06646 6.92308 5.12085 3.15529 3.67418 5.85418 6.13981 5.19181 3.43984 5.25011 7.24641 9.05576 10.0355 9.26854 10.0559 9.99197 9.46559 8.45455 6.88214 6.91277 5.73469 5.68435 6.29085 6.48843 6.38867 6.00943 5.40511 5.51229 5.97602 6.09502 6.78922 7.65376 8.49898 8.64208 8.8043 8.81244 8.81624 8.83052 8.83329 8.81674 8.77458 8.6799 7.9821 7.15204 6.64111 5.93755 5.85312 7.20861 7.74966 8.05135 8.34696 8.46424
-9999 -9999 -9999 -9999 -9999 -9999 -9999 -9999 3.16815 5.10518 6.53868 6.9252 8.19607 8.88259 9.41398 9.53225 11.0474 11.1315 10.7965 10.2738 9.37748 7.75122 6.6183 4.73301 3.37804 3.93702 4.19773 4.69644 4.55011 5.35774 7.27606 9.27462 9.49313 8.22445 8.41301 8.67923 9.27511 8.97392 6.83112 5.74288 4.83977 5.48288 6.15942 6.32392 6.35771 6.22847 6.08078 5.82523 6.73007 7.39991 7.55614 8.1403 8.57188 8.69192 8.78263 8.79485 8.80724 8.80855 8.78461 8.76753 8.66061 8.41965 7.63902 5.76019 5.849 5.64669 5.06293 6.38451 7.2226 7.97003 8.36759 8.47085
-9999 -9999 -9999 -9999 -9999 -9999 -9999 -9999 2.52165 4.76266 5.23655 5.20204 4.46094 4.80302 7.5534 8.10772 9.56078 10.9367 10.8364 10.3236 9.48507 8.5168 7.01732 4.89696 3.21226 2.50193 4.31732 6.09936 6.46763 7.03675 8.21238 8.43618 7.13949 5.92355 6.60707 7.01905 8.58715 8.87392 8.56999 7.27925 5.80339 5.03343 5.94428 6.06685 6.12242 6.1342 6.1066 6.07246 7.09493 7.65979 8.05194 8.26593 8.63657 8.73223 8.76361 8.7932 8.78764 8.7697 8.71246 8.64721 8.35608 8.0034 6.72409 5.65767 4.99306 4.14913 6.05441 6.61874 7.40431 7.9123 8.30766 8.39486
