Test_Spring_2018/11_17/Temp/20171120_021.txt
ncols	170
nrows	115
xllcorner	350000.000000
yllcorner	4445000.000000
cellsize	1000.000000
nodata_value	-9999.000000
[rows 31 to 61 of 115, columns 70 to 139 of 170]
6.87473 7.61886 7.89439 7.38173 7.43623 8.69127 8.97691 8.96264 8.87061 8.75667 8.17257 7.979 7.51888 6.70625 6.36699 4.91939 0.233749 1.56338 2.08532 0.729577 1.49232 2.73177 1.66146 -1.5243 -2.8927 -5.10012 -4.38344 -5.03375 -6.80829 -9999 -9999 -9999 -9999 -9999 -9999 -9999 -9999 -9999 -9999 -9999 -9999 -9999 -9999 -9999 -9999 -9999 -9999 -9999 -9999 -9999 -9999 -9999 -9999 -9999 -9999 -9999 -9999 -9999 -9999 -9999 -9999 -9999 -9999 -9999 -9999 -9999 -9999 -9999 -9999 -9999
7.01564 7.35706 7.32787 6.83395 7.60389 8.31318 7.9087 7.6375 8.80771 8.81111 8.41808 7.49034 7.15151 6.79988 6.58519 5.39361 2.04645 -0.970557 0.650091 0.691622 -0.423506 1.58684 0.531793 -2.2275 -6.12437 -3.99674 -4.54209 -7.28345 -7.95728 -9999 -9999 -9999 -9999 -9999 -9999 -9999 -9999 -9999 -9999 -9999 -9999 -9999 -9999 -9999 -9999 -9999 -9999 -9999 -9999 -9999 -9999 -9999 -9999 -9999 -9999 -9999 -9999 -9999 -9999 -9999 -9999 -9999 -9999 -9999 -9999 -9999 -9999 -9999 -9999 -9999
6.07874 6.92678 6.66894 6.45796 7.60075 7.5796 7.52899 7.96045 8.69105 8.83827 8.68704 8.28417 7.9356 7.56445 6.61853 5.25524 2.39105 -1.0434 -1.82024 -0.135216 -0.0512017 0.222877 -0.7388 -1.94735 -3.84019 -2.28046 -1.67106 -3.47454 -5.83835 -7.34611 -9999 -9999 -9999 -9999 -9999 -9999 -9999 -9999 -9999 -9999 -9999 -9999 -9999 -9999 -9999 -9999 -9999 -9999 -9999 -9999 -9999 -9999 -9999 -9999 -9999 -9999 -9999 -9999 -9999 -9999 -9999 -9999 -9999 -9999 -9999 -9999 -9999 -9999 -9999 -9999
4.81961 6.27348 5.88162 4.77786 5.46746 5.9861 6.97147 7.23678 7.38376 8.74742 8.67884 8.61907 8.04136 7.57974 6.81286 5.50096 3.63206 1.38138 -2.53913 -0.117486 1.77961 1.73439 1.6343 0.788387 -1.03059 0.499664 0.576299 -1.73086 -4.34322 -5.89451 -6.53379 -9999 -9999 -9999 -9999 -9999 -9999 -9999 -9999 -9999 -9999 -9999 -9999 -9999 -9999 -9999 -9999 -9999 -9999 -9999 -9999 -9999 -9999 -9999 -9999 -9999 -9999 -9999 -9999 -9999 -9999 -9999 -9999 -9999 -9999 -9999 -9999 -9999 -9999 -9999
-9999 5.36294 4.98553 3.63672 4.33047 5.25573 6.572 7.27008 7.79476 8.20528 8.62374 8.57817 7.98701 6.23444 5.98645 5.91298 4.69139 2.12501 -0.43799 -1.10019 1.79187 2.62169 2.45624 3.10489 1.56406 2.29809 2.00313 1.18733 -1.32777 -3.6331 -4.58894 -6.48163 -9999 -9999 -9999 -9999 -9999 -9999 -9999 -9999 -9999 -9999 -9999 -9999 -9999 -9999 -9999 -9999 -9999 -9999 -9999 -9999 -9999 -9999 -9999 -9999 -9999 -9999 -9999 -9999 -9999 -9999 -9999 -9999 -9999 -9999 -9999 -9999 -9999 -9999
-9999 -9999 -9999 -9999 2.79357 4.06301 5.11114 6.40336 7.51335 8.06807 8.60688 8.5675 7.38286 6.80482 6.75681 5.95734 4.54662 3.66186 2.04869 0.367879 1.01273 3.47911 2.38553 4.13413 3.98953 4.31377 3.15046 0.961055 -1.98074 -3.69089 -4.54615 -6.07974 -9999 -9999 -9999 -9999 -9999 -9999 -9999 -9999 -9999 -9999 -9999 -9999 -9999 -9999 -9999 -9999 -9999 -9999 -9999 -9999 -9999 -9999 -9999 -9999 -9999 -9999 -9999 -9999 -9999 -9999 -9999 -9999 -9999 -9999 -9999 -9999 -9999 -9999
-9999 -9999 -9999 -9999 -9999 3.83641 4.63726 6.34351 7.24952 7.6113 8.47826 8.48418 8.03778 7.70124 7.21098 6.56934 5.5095 4.33969 2.82225 2.68322 4.26107 4.28229 3.95497 4.21606 5.02851 4.81794 3.01715 -0.0807221 -1.72506 -5.05331 -6.48455 -6.33521 -7.3495 -9999 -9999 -9999 -9999 -9999 -9999 -9999 -9999 -9999 -9999 -9999 -9999 -3.45236 -9999 -9999 -9999 -9999 -9999 -9999 -9999 -9999 -9999 -9999 -9999 -9999 -9999 -9999 -9999 -9999 -9999 -9999 -9999 -9999 -9.59814 -9999 -9999 -9999
-9999 -9999 -9999 -9999 3.67335 4.75157 5.58359 6.65531 6.77757 7.42528 8.42188 8.44068 8.12539 7.76809 6.96 6.7614 6.15881 4.88827 4.62928 5.14601 5.38464 5.65511 5.82243 5.68982 5.36404 4.94272 3.79739 2.35434 1.38688 -1.66204 -3.19655 -4.67423 -6.91223 -8.66295 -9999 -9999 -9999 -9999 -9999 -9999 -9999 -4.62442 -4.70767 -4.66803 -4.17701 -2.82113 -3.61875 -9999 -9999 -9999 -9999 -9999 -9999 -9999 -9999 -9999 -9999 -9999 -9999 -9999 -9999 -9999 -9999 -9999 -9999 -9999 -8.37922 -10.1455 -9999 -9999
-9999 -9999 -9999 -9999 3.97484 5.09766 5.66134 6.70309 7.30178 7.71615 8.06518 8.39852 8.3475 7.95186 7.3475 7.35368 6.51851 6.06849 5.74715 6.44522 6.58375 6.3048 5.955 5.64621 4.77053 4.6714 4.40366 3.48876 1.98517 0.435655 -1.788 -4.82664 -7.80691 -10.2108 -9999 -9999 -9999 -9999 -9999 -9999 -4.37463 -3.24795 -2.57304 -4.00835 -2.78261 -1.66246 -1.84216 -2.92386 -9999 -9999 -9999 -9999 -9999 -9999 -9999 -9999 -9999 -9999 -9999 -9999 -9999 -9999 -0.0157002 -1.8255 -5.47998 -7.35403 -8.47925 -10.0854 -9999 -9999
-9999 -9999 -9999 -9999 3.75378 5.07971 5.98036 6.78095 6.91479 7.74395 8.11522 8.29687 8.28056 8.20513 8.09617 7.36793 7.05519 5.95206 7.00873 6.96894 6.70185 5.64399 5.18602 3.37028 2.57248 2.41046 3.94121 2.81488 0.460063 -2.48449 -6.01423 -6.23752 -7.40757 -9.55608 -9999 -9999 -9999 -9999 -9999 -9999 -4.02813 -2.8232 -1.81753 -1.67131 -3.09817 -1.10745 -1.17885 -2.29465 -2.54956 -1.63861 -1.17836 -1.5217 -0.431428 -0.115762 -0.611571 -0.0753802 -9999 -9999 -9999 -9999 0.231966 0.30345 0.357256 -0.39748 -4.38954 -7.1166 -9.56595 -9.80006 -9999 -9999
-9999 -9999 -9999 -9999 4.66802 5.48723 5.90536 5.97953 6.69985 7.42716 7.8812 8.20903 8.1491 8.12663 8.10165 7.85364 7.27422 7.37906 7.33201 6.993 4.9782 2.6268 3.65212 2.25556 -0.719431 1.7132 3.04992 1.77339 -1.08065 -4.39057 -5.46322 -5.41115 -7.03913 -9.1364 -9999 -9999 -9999 -7.32503 -5.59965 -5.44963 -4.94114 -3.33425 -2.112 -1.18883 -0.561804 -0.573031 -1.23915 -2.33072 -3.51746 -3.09789 -0.970066 -0.453771 -0.0127825 0.314171 -0.146697 0.0837759 0.650187 0.941595 0.998648 0.862309 0.829718 0.874616 0.805164 0.100722 -3.4655 -5.50978 -6.81483 -9.43919 -9999 -9999
-9999 -9999 -9999 -9999 4.16159 4.87522 5.45515 6.41389 6.52261 7.13224 7.50378 8.04772 8.11225 7.49492 8.01082 7.94615 7.8509 7.64726 7.34836 5.64698 3.3023 0.952097 -0.132676 0.340083 -1.45565 -0.52836 0.826012 0.335726 -1.41415 -4.36252 -4.77526 -5.45151 -8.18673 -10.824 -9999 -9999 -10.6722 -7.36164 -5.03079 -3.82873 -3.4567 -3.42147 -1.88162 -1.76138 -0.103752 -0.485178 -2.68226 -2.43746 -3.29029 -2.7402 -1.96716 -1.75599 -0.632741 0.447697 0.648148 0.649275 1.0086 1.0801 1.09664 1.08496 0.837199 0.948205 0.964179 0.524616 -2.06306 -3.32573 -4.72153 -9.4122 -9999 -9999
-9999 -9999 -9999 -9999 4.52713 5.32469 6.19795 6.34634 6.99584 6.93618 6.76882 7.66961 8.00755 7.57285 7.25979 7.84276 7.80278 7.72505 7.59677 5.9974 4.1468 1.34617 -0.393794 -1.44869 -2.20243 -3.20748 -2.51065 -2.71986 -3.00109 -2.67037 -3.47785 -5.08739 -6.68983 -9.68843 -11.312 -9999 -10.4935 -8.99973 -6.22773 -3.87221 -2.37725 -2.91588 -1.16503 -0.841048 0.174938 -0.419136 -1.75452 -2.33385 -2.38719 -2.56466 -1.38759 -0.594881 -0.0359397 0.33449 0.799368 0.914125 1.0297 1.07631 1.10069 1.12588 1.11806 1.10733 1.0538 0.887936 -0.30244 -1.56642 -4.28872 -9.25946 -9999 -9999
-9999 -9999 -9999 2.21073 4.43607 5.76937 6.29098 6.67015 7.00552 7.25064 7.51318 7.75094 7.91689 7.85657 6.69801 6.79392 7.00252 7.66053 7.61195 7.46567 6.45286 3.04493 1.87342 0.153896 -2.07243 -2.99978 -2.53135 -0.70153 -0.779306 -1.98486 -3.32888 -5.18333 -6.36592 -8.20569 -11.7379 -11.4198 -9.82763 -8.64328 -6.75972 -3.88047 -1.86248 -0.962673 -0.62357 0.0897959 0.458085 -0.36066 -1.13853 -1.46625 -2.07159 -2.15917 -2.15728 -1.44731 -0.892501 0.343277 0.755762 0.944095 1.03774 1.08692 1.12232 1.15761 1.16892 1.14385 1.14404 1.13334 1.04191 -0.635563 -4.83747 -7.99556 -9999 -9999
-9999 -9999 -9999 -9999 4.02664 4.61804 4.77957 5.05588 5.61194 6.25143 7.15894 7.28112 7.77914 7.78116 6.78583 5.63133 6.63756 7.03609 7.44863 7.45889 7.32663 4.46617 2.9687 1.79058 -0.344036 0.430422 1.16571 1.22502 0.787369 -1.80163 -4.38015 -7.34929 -10.1287 -10.2598 -11.7552 -10.9613 -9.90971 -7.20978 -5.31023 -4.54074 -3.98854 -1.06198 -0.298508 -0.0408343 0.707081 -0.316836 -0.579315 -1.34967 -1.12364 -1.19329 -1.19141 -3.32195 -1.18827 -1.06519 0.322484 0.945909 1.08556 1.12128 1.16 1.16467 1.17124 1.16371 1.17685 1.15283 1.12369 0.0317256 -5.28861 -7.95844 -9999 -9999
-9999 -9999 -9999 -9999 -9999 -9999 4.23005 4.68457 4.97955 5.48266 7.00894 7.42365 7.70048 7.72836 7.28554 6.14398 5.84237 6.05057 4.93244 5.86385 7.14148 7.10893 6.95407 4.43833 3.15409 4.40338 4.02784 2.13985 0.65515 -0.809974 -3.82929 -6.03405 -9.21959 -11.6116 -11.7005 -9.05765 -6.86246 -4.13042 -2.92571 -3.6134 -2.87144 -1.41826 0.232143 1.0293 0.839224 -0.240237 -0.394848 -1.58169 -0.419779 -0.322484 -0.866369 -1.33685 -1.15147 -0.46654 -0.207042 0.878143 1.13899 1.18407 1.19012 1.19278 1.1867 1.17938 1.16165 1.14788 1.13008 1.07817 -4.39083 -8.64356 -9999 -9999
-9999 -9999 -9999 -9999 -9999 -9999 3.18132 3.4623 4.18447 6.02289 6.99393 7.38811 7.38125 7.56488 7.25348 6.24847 5.21539 4.23953 2.98134 3.69847 5.59851 6.71874 6.84629 4.64116 5.79239 5.36538 4.52157 2.05131 0.232189 -0.730049 -3.62841 -6.10499 -8.22329 -11.1498 -9.89562 -8.51523 -6.74311 -3.76192 -1.75137 -0.926538 -1.62143 -0.693239 1.20597 1.21486 0.173429 0.239148 -0.397975 -2.01917 -0.336024 0.135911 -0.248778 -0.152045 -0.295608 -0.0424157 0.421309 0.864948 1.15925 1.19706 1.19979 1.18822 1.18622 1.18454 1.16127 1.16041 1.14237 1.1116 -2.41973 -8.72564 -9999 -9999
-9999 -9999 -9999 -9999 -9999 -9999 -9999 2.23732 3.8721 6.30917 6.92495 6.87729 7.38453 7.43239 6.95255 6.53478 5.28044 3.5655 0.272099 1.10921 2.85816 5.38121 6.70768 6.52976 5.79505 4.51618 1.41825 -1.29198 -1.61728 -2.05713 -4.1711 -6.07627 -8.43159 -7.06305 -5.56477 -3.92645 -3.06596 -3.28992 -1.56724 -0.163279 -0.761572 0.377268 1.70602 1.10079 0.742032 0.440586 -0.295249 -0.341636 -0.267371 0.687546 0.023132 0.427909 0.437297 0.411771 0.636117 0.894905 1.16708 1.20985 1.20839 1.21106 1.17722 1.18629 1.16816 1.15003 1.13299 1.10596 0.783416 -2.61374 -4.64655 -9999
-9999 -9999 -9999 -9999 -9999 -9999 -9999 0.73934 1.55941 4.44354 5.34424 6.62135 7.30145 7.33689 6.5245 6.07171 4.20301 3.59549 0.548801 -0.830473 0.338604 -0.109574 3.36563 6.44169 5.77569 -0.42837 -2.67303 -4.27261 -3.85644 -3.84807 -4.43327 -7.68303 -8.5785 -5.65796 -3.8188 -2.39413 -1.31391 -1.08937 -1.12771 1.06898 1.35973 2.07213 1.91489 1.97905 0.867148 0.178252 0.77405 0.0798992 -0.0404138 0.94621 -0.0295484 0.849186 0.74461 0.477928 0.461883 1.03989 1.15526 1.2151 1.21621 1.19178 1.16039 1.14175 1.15813 1.14671 1.11167 1.11024 1.07541 0.670424 -1.09014 -1.70731
-9999 -9999 -9999 -9999 -9999 -9999 -9999 -9999 -1.12114 2.8829 4.72074 5.68627 7.04191 7.20879 6.78052 5.99487 4.09056 2.41522 -0.30827 -3.41858 -5.06395 -0.135654 4.15439 6.39456 6.1037 0.939851 -1.09582 -1.18648 0.0186849 -0.99032 -1.75452 -4.22179 -4.95904 -5.98544 -5.34973 -3.36259 -1.74287 -0.180006 0.955506 1.04652 1.78193 2.20487 2.23751 2.36805 2.23537 2.12673 1.05157 1.78935 1.15959 1.4909 1.27458 1.07921 0.91231 0.297471 0.728408 1.10987 1.20673 1.23258 1.20794 1.20067 1.18209 1.14331 1.12549 1.12017 1.11353 1.09068 1.08705 1.06716 0.86734 -0.193079
-9999 -9999 -9999 -9999 -9999 -9999 -9999 -9999 -3.11694 0.86688 2.79486 5.26684 6.54601 7.06373 6.99709 6.36055 4.91361 2.73537 0.920328 -2.55136 -6.15595 -0.983889 3.62923 6.11741 6.25146 1.91364 3.12077 2.15165 2.54822 0.771298 0.0355838 -0.539886 -1.81593 -3.21209 -4.73738 -5.5479 -1.90896 -0.0410772 1.46135 2.16853 2.567 2.76433 2.65509 2.38145 0.763034 1.99278 1.92261 1.79767 1.65488 1.58483 1.45543 1.30341 1.21455 1.18102 0.772242 1.22887 1.21372 1.21856 1.21902 1.20487 1.17936 1.15627 1.128 1.12516 1.10824 1.08901 1.07459 1.0683 1.05233 0.991297
-9999 -9999 -9999 -9999 -9999 -9999 -9999 -9999 -8.70366 -2.91233 1.75621 4.1882 6.16765 6.71262 6.91656 6.06247 5.42315 3.86169 2.38277 0.101658 -3.31447 -5.4178 -1.54459 4.08597 6.16972 6.01166 5.88493 4.76355 3.75358 3.62941 3.70944 2.53909 0.827585 -1.41763 -2.12022 -2.90731 -0.197078 0.16968 -0.0298553 2.94838 2.95267 2.78038 1.63694 0.358986 0.598157 -0.190547 0.410077 -0.534404 0.329481 1.07609 1.35378 1.32879 1.22941 1.21104 1.16467 1.23839 1.23568 1.22122 1.20948 1.2019 1.18802 1.15018 1.12689 1.13542 1.10842 1.08657 1.06916 1.06652 1.05707 1.01109
-9999 -9999 -9999 -9999 -9999 -9999 -9999 -9999 -8.44701 -3.56867 0.562411 3.04175 5.42395 5.97786 6.78189 6.6089 5.93938 4.58218 2.8865 1.00919 -1.92145 -4.09945 -1.5091 2.22992 4.90787 5.87096 5.87073 5.80934 5.55817 5.46281 5.16964 4.96781 3.7363 1.61218 0.413715 -1.34095 1.67935 2.01718 1.54295 3.04839 2.9701 0.687176 -1.06902 -1.29077 -0.22259 -1.24292 -1.427 -2.05794 -1.34463 0.571154 0.00392736 0.112879 0.982848 1.12437 1.20807 1.23133 1.22376 1.21792 1.2012 1.20112 1.20056 1.16331 1.14394 1.1322 1.09494 1.08531 1.0581 1.04117 1.02693 1.00084
-9999 -9999 -9999 -9999 -9999 -9999 -9999 -9999 -8.34408 -5.06321 -1.34574 2.30262 4.84611 5.87273 6.61996 6.61228 5.83416 5.15933 4.09621 2.44469 1.3118 -0.654342 -3.35224 1.17164 2.56071 3.80213 4.33161 5.62463 5.59579 5.00723 4.33565 4.97403 4.78379 3.10501 2.55292 1.62022 3.29959 3.3022 3.25374 3.16135 1.23253 -1.44773 -3.59085 -2.05409 -2.37908 -1.67308 -3.86829 -2.07428 -0.626706 -0.158582 -1.13961 -1.8727 0.389058 0.754456 0.975665 1.11687 1.20905 1.18467 1.20581 1.19023 1.18094 1.17059 1.14773 1.13219 1.10848 1.08417 1.06126 1.04731 1.01828 0.976889
-9999 -9999 -9999 -9999 -9999 -9999 -9999 -9999 -9999 -6.99006 -2.2791 1.92644 4.26827 5.74103 6.45853 6.44562 6.0476 5.58923 4.92987 3.73842 2.24204 -0.12211 -1.87678 -0.761862 0.599657 0.756045 1.66199 4.28586 5.18365 3.91637 0.786936 2.63674 4.70356 4.67047 4.49429 4.2968 4.04629 3.81739 3.31785 1.98255 -2.10381 -2.9133 -4.51848 -4.33976 -5.16496 -3.37131 -4.04748 -2.20649 -1.4101 -1.11089 -2.81804 -2.45677 -0.463379 0.328095 0.195117 0.680556 1.14825 1.16185 1.17331 1.15913 1.16665 1.1675 1.15657 1.12719 1.10774 1.09223 1.05039 1.05518 0.900072 0.798509
-9999 -9999 -9999 -9999 -9999 -9999 -9999 -9999 -9999 -7.92765 -3.22678 1.72526 3.31613 4.90366 6.2735 6.30036 5.69232 5.11389 4.51803 3.83974 2.02484 0.26513 -1.41461 -1.9779 -1.63845 -1.66085 -0.196718 3.22062 3.88364 3.60319 0.330431 -0.778572 1.98189 4.30169 4.48412 4.27325 1.5425 2.12266 0.648355 -1.35094 -1.90297 -2.77979 -4.62996 -3.74376 -5.09995 -4.52288 -4.68078 -3.63684 -3.12908 -1.88642 -3.37455 -3.36712 -1.4108 -0.4202 -0.396705 0.643307 1.0133 1.10922 1.1321 1.14777 1.15002 1.16383 1.15136 1.13292 1.10933 1.05621 0.934314 0.566016 -1.40632 -1.40633
-9999 -9999 -9999 -9999 -9999 -9999 -9999 -9999 -9999 -7.38637 -4.12387 0.270078 3.52486 3.73024 5.31252 6.12924 5.46814 4.72365 3.9619 3.62885 1.65369 -0.51578 -2.2684 -4.34277 -4.00025 -2.50952 -0.0689141 2.13868 2.53444 2.07957 0.327707 1.15788 3.04021 4.03951 4.3338 4.10104 3.50546 3.16057 2.07445 1.60247 0.094088 -2.26337 -3.19362 -2.60897 -5.11195 -4.94013 -4.01847 -5.00303 -3.38651 -2.61403 -4.53519 -3.01874 -1.28132 -0.393761 0.382184 0.748787 0.894083 1.11754 1.12183 1.13887 1.147 1.14125 1.13839 1.0989 1.06548 0.852347 0.539541 -1.30533 -2.06918 -1.92108
-9999 -9999 -9999 -9999 -9999 -9999 -9999 -9999 -9999 -6.83265 -3.89539 -0.0855884 2.23517 2.65098 4.40555 5.96553 5.79134 5.01679 4.7808 3.97801 2.30285 0.452653 -1.56951 -2.55232 -4.81213 -2.58613 -0.821934 1.04735 1.92231 0.484276 -0.240708 1.04284 2.31875 2.82803 4.11631 4.10322 3.68205 1.86965 0.984924 1.35632 0.974793 0.308031 -1.3155 -1.39034 -2.43436 -2.86841 -3.27851 -4.60466 -3.76303 -3.68092 -3.46209 -1.63323 -0.73005 -0.131706 0.412491 0.554221 0.789994 1.09633 1.12167 1.13072 1.12708 1.13031 1.10486 1.01422 0.937154 0.511939 -0.238312 -1.63531 -3.89018 -2.30042
-9999 -9999 -9999 -9999 -9999 -9999 -9999 -9999 -9999 -7.33448 -4.21466 -0.958634 0.403135 0.634851 3.80985 5.75387 5.75725 5.39002 4.96106 2.97815 3.09445 2.69786 0.873585 -1.78362 -4.70188 -4.42779 -2.68691 -0.217839 0.599137 -1.78263 -2.62638 -2.00633 -0.0772322 1.64939 3.45211 3.90918 3.37882 0.558264 -2.43925 -1.05157 0.431097 0.420673 -0.0172806 -1.52312 -2.00307 -2.43782 -3.53731 -5.39772 -5.12751 -4.6134 -2.545 -1.89049 -0.87788 -0.0371085 -0.356724 -0.172669 0.631732 1.09246 1.10795 1.11406 1.12694 1.11374 1.08333 0.905886 0.717985 0.404636 -1.54589 -2.76005 -4.51797 -2.47124
-9999 -9999 -9999 -9999 -9999 -9999 -9999 -9999 -9999 -8.30124 -6.03708 -2.92509 -1.67052 0.329915 3.33023 4.80589 5.51319 5.49749 5.21148 4.32341 3.78939 2.73729 0.839342 -1.75574 -4.64037 -6.51822 -5.56354 -2.2404 -1.45692 -3.65158 -4.77168 -3.37821 -1.32264 1.72132 3.45997 3.69366 3.53495 2.95209 0.763126 -1.88139 -1.87436 -0.55102 -1.66225 -2.95355 -2.24705 -2.38074 -3.46635 -4.25669 -4.74017 -4.45041 -3.26737 -2.78043 -1.61051 0.117418 0.363155 0.312037 1.03843 1.07284 1.08772 1.11294 1.10963 1.10033 1.07566 0.930477 0.608759 -0.690512 -1.82403 -3.39974 -3.59754 -1.76888
-9999 -9999 -9999 -9999 -9999 -9999 -9999 -9999 -9999 -9.96449 -7.30111 -4.38603 -1.65668 0.925356 3.14747 3.31926 4.491 4.48931 5.10298 4.92673 4.1033 3.21699 1.58149 -1.75237 -4.55577 -7.61307 -6.80747 -3.42014 -2.97185 -4.44775 -7.17371 -4.36109 -1.25929 1.55171 3.07275 1.87783 3.09946 2.99735 2.17604 0.601008 -1.84702 -1.8028 -3.63807 -3.72008 -2.78098 -2.47781 -2.63707 -3.23095 -4.17806 -4.02627 -3.30873 -3.12839 -2.05361 -0.713861 0.595962 0.814206 1.06227 1.07081 1.07264 1.09075 1.09091 1.06097 0.99109 0.839435 -0.250106 -1.54542 -2.34469 -3.44358 -3.57993 -1.4705
