Test_Spring_2018/11_17/Temp/20171129_005.txt
ncols	170
nrows	115
xllcorner	350000.000000
yllcorner	4445000.000000
cellsize	1000.000000
nodata_value	-9999.000000
[rows 31 to 61 of 115, columns 70 to 139 of 170]
4.0151 4.78037 5.05545 4.506 4.55022 5.85554 6.14158 6.11496 6.01482 5.88455 5.2624 5.04891 4.55648 3.6951 3.32889 1.8028 -3.1116 -1.73208 -1.19785 -2.62843 -1.84235 -0.557424 -1.68921 -5.03433 -6.47763 -8.7986 -8.05265 -8.73378 -10.6013 -9999 -9999 -9999 -9999 -9999 -9999 -9999 -9999 -9999 -9999 -9999 -9999 -9999 -9999 -9999 -9999 -9999 -9999 -9999 -9999 -9999 -9999 -9999 -9999 -9999 -9999 -9999 -9999 -9999 -9999 -9999 -9999 -9999 -9999 -9999 -9999 -9999 -9999 -9999 -9999 -9999
4.15359 4.4977 4.45417 3.92451 4.71747 5.44716 5.0157 4.72788 5.94105 5.93342 5.51102 4.52912 4.16339 3.78421 3.54824 2.28998 -1.22385 -4.39232 -2.7082 -2.6764 -3.85482 -1.76279 -2.87809 -5.77645 -9.86489 -7.64936 -8.23051 -11.0916 -11.8036 -9999 -9999 -9999 -9999 -9999 -9999 -9999 -9999 -9999 -9999 -9999 -9999 -9999 -9999 -9999 -9999 -9999 -9999 -9999 -9999 -9999 -9999 -9999 -9999 -9999 -9999 -9999 -9999 -9999 -9999 -9999 -9999 -9999 -9999 -9999 -9999 -9999 -9999 -9999 -9999 -9999
3.16394 4.03839 3.75584 3.52245 4.70571 4.67119 4.61147 5.05796 5.81075 5.95349 5.78394 5.35104 4.97492 4.57513 3.57389 2.13591 -0.872538 -4.47766 -5.30194 -3.55013 -3.47341 -3.19765 -4.21471 -5.48987 -7.48082 -5.85894 -5.23125 -7.12055 -9.58967 -11.1755 -9999 -9999 -9999 -9999 -9999 -9999 -9999 -9999 -9999 -9999 -9999 -9999 -9999 -9999 -9999 -9999 -9999 -9999 -9999 -9999 -9999 -9999 -9999 -9999 -9999 -9999 -9999 -9999 -9999 -9999 -9999 -9999 -9999 -9999 -9999 -9999 -9999 -9999 -9999 -9999
1.83681 3.34544 2.92292 1.75561 2.46486 2.99527 4.02796 4.292 4.43445 5.84992 5.76668 5.69259 5.0765 4.58185 3.7678 2.38351 0.416479 -1.9499 -6.06334 -3.54045 -1.56619 -1.62403 -1.73901 -2.63412 -4.54715 -2.95548 -2.88463 -5.29611 -8.02704 -9.6595 -10.3378 -9999 -9999 -9999 -9999 -9999 -9999 -9999 -9999 -9999 -9999 -9999 -9999 -9999 -9999 -9999 -9999 -9999 -9999 -9999 -9999 -9999 -9999 -9999 -9999 -9999 -9999 -9999 -9999 -9999 -9999 -9999 -9999 -9999 -9999 -9999 -9999 -9999 -9999 -9999
-9999 2.3831 1.97601 0.552568 1.26639 2.22244 3.59691 4.3201 4.856 5.27405 5.70026 5.64083 5.01043 3.16478 2.89347 2.80491 1.51516 -1.18148 -3.8743 -4.57789 -1.56213 -0.703858 -0.88664 -0.217257 -1.83856 -1.07932 -1.39657 -2.25363 -4.88593 -7.29611 -8.3051 -10.2946 -9999 -9999 -9999 -9999 -9999 -9999 -9999 -9999 -9999 -9999 -9999 -9999 -9999 -9999 -9999 -9999 -9999 -9999 -9999 -9999 -9999 -9999 -9999 -9999 -9999 -9999 -9999 -9999 -9999 -9999 -9999 -9999 -9999 -9999 -9999 -9999 -9999 -9999
-9999 -9999 -9999 -9999 -0.350516 0.975137 2.05866 3.40508 4.55307 5.1219 5.67387 5.62069 4.36904 3.75209 3.68981 2.84141 1.35369 0.416662 -1.28214 -3.05127 -2.38647 0.184764 -0.968549 0.85246 0.692868 1.02412 -0.200931 -2.4942 -5.57261 -7.35932 -8.2624 -9.87558 -9999 -9999 -9999 -9999 -9999 -9999 -9999 -9999 -9999 -9999 -9999 -9999 -9999 -9999 -9999 -9999 -9999 -9999 -9999 -9999 -9999 -9999 -9999 -9999 -9999 -9999 -9999 -9999 -9999 -9999 -9999 -9999 -9999 -9999 -9999 -9999 -9999 -9999
-9999 -9999 -9999 -9999 -9999 0.729922 1.55467 3.32857 4.26866 4.63552 5.53066 5.5246 5.0451 4.68053 4.15521 3.47173 2.35102 1.11571 -0.482798 -0.638413 1.00306 1.01632 0.66545 0.930758 1.7734 1.54593 -0.339901 -3.58818 -5.31525 -8.78748 -10.2925 -10.144 -11.2137 -9999 -9999 -9999 -9999 -9999 -9999 -9999 -9999 -9999 -9999 -9999 -9999 -7.28074 -9999 -9999 -9999 -9999 -9999 -9999 -9999 -9999 -9999 -9999 -9999 -9999 -9999 -9999 -9999 -9999 -9999 -9999 -9999 -9999 -13.9617 -9999 -9999 -9999
-9999 -9999 -9999 -9999 0.552917 1.67729 2.53698 3.64706 3.7692 4.43267 5.46323 5.47035 5.12768 4.741 3.88276 3.66256 3.02009 1.6793 1.39766 1.92845 2.16901 2.44365 2.61104 2.4652 2.11775 1.67072 0.471344 -1.04402 -2.06182 -5.25134 -6.85357 -8.40683 -10.7562 -12.5964 -9999 -9999 -9999 -9999 -9999 -9999 -9999 -8.45747 -8.55706 -8.52815 -8.02692 -6.62071 -7.46773 -9999 -9999 -9999 -9999 -9999 -9999 -9999 -9999 -9999 -9999 -9999 -9999 -9999 -9999 -9999 -9999 -9999 -9999 -9999 -12.6897 -14.5508 -9999 -9999
-9999 -9999 -9999 -9999 0.866873 2.03158 2.61077 3.68965 4.30436 4.72914 5.08187 5.41777 5.35121 4.92397 4.27846 4.27215 3.38605 2.90367 2.55681 3.27755 3.41377 3.11408 2.74111 2.41179 1.48991 1.38105 1.10097 0.139373 -1.43829 -3.06427 -5.38089 -8.56664 -11.692 -14.2151 -9999 -9999 -9999 -9999 -9999 -9999 -8.18251 -7.01624 -6.32286 -7.8376 -6.56794 -5.40869 -5.60944 -6.75111 -9999 -9999 -9999 -9999 -9999 -9999 -9999 -9999 -9999 -9999 -9999 -9999 -9999 -9999 -3.89026 -5.79686 -9.63362 -11.6074 -12.7977 -14.4912 -9999 -9999
-9999 -9999 -9999 -9999 0.627689 2.00535 2.93744 3.76415 3.89248 4.74473 5.12651 5.3033 5.27258 5.17989 5.05224 4.27701 3.93721 2.77124 3.86624 3.81509 3.52724 2.41311 1.92768 0.0224447 -0.816923 -0.986119 0.612416 -0.569188 -3.03633 -6.12082 -9.80888 -10.0428 -11.2733 -13.5285 -9999 -9999 -9999 -9999 -9999 -9999 -7.81837 -6.57059 -5.53151 -5.3918 -6.89807 -4.82823 -4.91336 -6.09372 -6.37315 -5.43258 -4.96351 -5.32518 -4.19548 -3.8786 -4.41084 -3.86327 -9999 -9999 -9999 -9999 -3.60841 -3.54667 -3.50333 -4.30594 -8.49589 -11.3622 -13.9379 -14.193 -9999 -9999
-9999 -9999 -9999 -9999 1.57686 2.42476 2.8523 2.9191 3.66114 4.40663 4.8744 5.20027 5.12365 5.08605 5.04592 4.77282 4.15363 4.25133 4.19123 3.82685 1.71028 -0.757276 0.309548 -1.15189 -4.27024 -1.72152 -0.324747 -1.66221 -4.65042 -8.11597 -9.23224 -9.1776 -10.8865 -13.0867 -9999 -9999 -9999 -11.229 -9.43536 -9.29086 -8.77183 -7.10387 -5.8386 -4.88642 -4.244 -4.26736 -4.97719 -6.13243 -7.38708 -6.9608 -4.74698 -4.21933 -3.75972 -3.43118 -3.92702 -3.70114 -3.12197 -2.83052 -2.78423 -2.94022 -2.98756 -2.95372 -3.03944 -3.78952 -7.53211 -9.68393 -11.0623 -13.8295 -9999 -9999
-9999 -9999 -9999 -9999 1.03474 1.77235 2.36938 3.36409 3.4662 4.09154 4.46431 5.02471 5.07786 4.41731 4.94259 4.86082 4.7478 4.52242 4.19864 2.4088 -0.0527027 -2.51855 -3.65899 -3.17085 -5.05272 -4.07879 -2.6629 -3.16959 -4.99779 -8.08427 -8.51822 -9.2211 -12.0847 -14.8504 -9999 -9999 -14.7176 -11.2645 -8.83757 -7.59258 -7.21674 -7.19374 -5.5966 -5.48494 -3.76453 -4.17581 -6.48794 -6.2451 -7.15052 -6.5878 -5.79327 -5.58495 -4.41447 -3.29565 -3.09949 -3.1119 -2.7495 -2.68822 -2.68439 -2.70999 -2.98251 -2.87952 -2.87586 -3.34878 -6.06933 -7.40343 -8.87487 -13.8056 -9999 -9999
-9999 -9999 -9999 -9999 1.40871 2.23421 3.13821 3.28293 3.95115 3.88115 3.68993 4.61857 4.96172 4.49175 4.14911 4.74446 4.68883 4.59485 4.44941 2.76631 0.821987 -2.11478 -3.9402 -5.04964 -5.84036 -6.88284 -6.15399 -6.37296 -6.66733 -6.32163 -7.15984 -8.83868 -10.5192 -13.66 -15.3658 -9999 -14.5276 -12.9756 -10.0874 -7.63581 -6.08541 -6.66334 -4.8459 -4.5215 -3.47139 -4.10717 -5.518 -6.13918 -6.2083 -6.40705 -5.18826 -4.37142 -3.79194 -3.4179 -2.94354 -2.83713 -2.72983 -2.69466 -2.68267 -2.66972 -2.69121 -2.71563 -2.78471 -2.97124 -4.22972 -5.56356 -8.42485 -13.6481 -9999 -9999
-9999 -9999 -9999 -1.01989 1.30802 2.69442 3.23073 3.61712 3.95674 4.20098 4.46003 4.69873 4.85761 4.78231 3.55448 3.63971 3.84373 4.51926 4.45701 4.2943 3.22672 -0.345182 -1.57741 -3.3747 -5.70517 -6.67043 -6.17946 -4.26374 -4.34405 -5.60466 -7.01067 -8.94518 -10.1782 -12.1079 -15.8089 -15.4843 -13.8281 -12.6 -10.6416 -7.64237 -5.54513 -4.61839 -4.2786 -3.54596 -3.17536 -4.04786 -4.87573 -5.23247 -5.87935 -5.98414 -5.99504 -5.26484 -4.6904 -3.41063 -2.99259 -2.808 -2.72369 -2.68586 -2.66236 -2.63889 -2.64038 -2.67982 -2.69271 -2.71691 -2.82427 -4.59225 -9.00262 -12.3285 -9999 -9999
-9999 -9999 -9999 -9999 0.874816 1.48518 1.64495 1.92386 2.4945 3.15143 4.08542 4.19971 4.70654 4.69571 3.6406 2.41706 3.4553 3.85901 4.27903 4.28002 4.13387 1.13654 -0.433691 -1.66808 -3.90187 -3.08569 -2.31453 -2.25038 -2.70622 -5.41339 -8.1101 -11.2104 -14.1201 -14.2604 -15.8258 -15.0023 -13.9116 -11.0979 -9.12297 -8.33163 -7.7685 -4.72148 -3.93712 -3.68374 -2.91643 -4.00275 -4.29163 -5.11171 -4.88881 -4.97492 -4.98586 -7.22785 -5.00172 -4.8865 -3.44802 -2.80905 -2.67577 -2.65204 -2.62508 -2.63367 -2.64014 -2.66124 -2.66062 -2.69794 -2.74176 -3.89724 -9.47712 -12.2917 -9999 -9999
-9999 -9999 -9999 -9999 -9999 -9999 1.06611 1.53162 1.82917 2.34346 3.92502 4.3454 4.62075 4.63508 4.15667 2.94859 2.6181 2.82241 1.64062 2.60663 3.93537 3.89618 3.73106 1.09747 -0.241491 1.06757 0.677137 -1.29551 -2.84613 -4.37651 -7.53366 -9.83361 -13.1677 -15.6732 -15.7706 -13.0117 -10.7217 -7.87446 -6.62678 -7.36043 -6.59903 -5.09393 -3.38279 -2.56445 -2.77889 -3.92358 -4.09981 -5.35585 -4.15379 -4.06528 -4.64731 -5.15227 -4.96505 -4.26192 -4.0039 -2.88188 -2.6224 -2.58831 -2.59555 -2.60624 -2.62596 -2.64687 -2.67834 -2.70574 -2.73732 -2.80457 -8.54003 -13.0106 -9999 -9999
-9999 -9999 -9999 -9999 -9999 -9999 -0.0346409 0.249356 0.993985 2.90557 3.90628 4.30528 4.28385 4.46118 4.12028 3.05371 1.95848 0.923702 -0.404619 0.33606 2.31679 3.48384 3.61436 1.30599 2.5156 2.07105 1.19107 -1.39036 -3.29041 -4.29408 -7.32416 -9.9082 -12.1252 -15.1895 -13.8814 -12.4433 -10.5976 -7.48869 -5.39794 -4.54921 -5.29132 -4.33581 -2.36454 -2.3712 -3.47665 -3.42324 -4.10451 -5.81513 -4.06775 -3.58728 -4.00275 -3.91419 -4.07133 -3.81994 -3.3482 -2.89744 -2.60291 -2.57676 -2.58724 -2.61283 -2.62829 -2.64324 -2.68071 -2.69466 -2.72653 -2.77172 -6.47976 -13.0985 -9999 -9999
-9999 -9999 -9999 -9999 -9999 -9999 -9999 -1.03541 0.664199 3.20229 3.83141 3.76827 4.28496 4.32039 3.80336 3.35134 2.02441 0.216407 -3.24154 -2.37539 -0.552834 2.082 3.46696 3.27973 2.516 1.18015 -2.05833 -4.89074 -5.22757 -5.68446 -7.8936 -9.87962 -12.3444 -10.9145 -9.35084 -7.64283 -6.75099 -6.99612 -5.20646 -3.75167 -4.39288 -3.21702 -1.84272 -2.49204 -2.88323 -3.21407 -3.99868 -4.06155 -3.99767 -3.01185 -3.72002 -3.30913 -3.30628 -3.34651 -3.12521 -2.86783 -2.59642 -2.56505 -2.57998 -2.59062 -2.63939 -2.64316 -2.67531 -2.7074 -2.73831 -2.77966 -3.13023 -6.70538 -8.84672 -9999
-9999 -9999 -9999 -9999 -9999 -9999 -9999 -2.60557 -1.7584 1.24761 2.17498 3.49824 4.19609 4.21881 3.35411 2.86642 0.896261 0.247056 -2.95308 -4.40532 -3.18962 -3.66392 -0.0308467 3.18649 2.49447 -3.99514 -6.34106 -8.01156 -7.57276 -7.56084 -8.17051 -11.5635 -12.5009 -9.44711 -7.5268 -6.04238 -4.92062 -4.69641 -4.74934 -2.46539 -2.17552 -1.44579 -1.62627 -1.57511 -2.75431 -3.49052 -2.88174 -3.62239 -3.7621 -2.74311 -3.77707 -2.87025 -2.98658 -3.27911 -3.30931 -2.71788 -2.61051 -2.56125 -2.57345 -2.61244 -2.65874 -2.69143 -2.68754 -2.71267 -2.7625 -2.77715 -2.82674 -3.27115 -5.12764 -5.78759
-9999 -9999 -9999 -9999 -9999 -9999 -9999 -9999 -4.56573 -0.387799 1.52024 2.51779 3.92283 4.08348 3.62189 2.78535 0.77869 -0.987582 -3.84939 -7.1144 -8.84149 -3.69035 0.794971 3.13722 2.83737 -2.56437 -4.69217 -4.78437 -3.52053 -4.57365 -5.3711 -7.94563 -8.7178 -9.79418 -9.13331 -7.05996 -5.37415 -3.74955 -2.57408 -2.49319 -1.73937 -1.3099 -1.29149 -1.17067 -1.32508 -1.45402 -2.59353 -1.83581 -2.50855 -2.17524 -2.41455 -2.63164 -2.813 -3.46981 -3.03228 -2.64647 -2.55845 -2.5446 -2.5838 -2.60485 -2.63776 -2.69183 -2.72338 -2.74221 -2.76242 -2.79955 -2.81659 -2.85828 -3.08171 -4.20546
-9999 -9999 -9999 -9999 -9999 -9999 -9999 -9999 -6.6565 -2.4996 -0.497201 2.07693 3.39985 3.93203 3.84831 3.16827 1.64061 -0.65152 -2.56252 -6.20556 -9.98604 -4.5787 0.24696 2.84815 2.98757 -1.54582 -0.281307 -1.29348 -0.876522 -2.73394 -3.50234 -4.0978 -5.43428 -6.89801 -8.49796 -9.3532 -5.55423 -3.61039 -2.05077 -1.32484 -0.92319 -0.732843 -0.858896 -1.15971 -2.86848 -1.59677 -1.68452 -1.8294 -1.99254 -2.07916 -2.22754 -2.39929 -2.49871 -2.54724 -2.98834 -2.5231 -2.55274 -2.56109 -2.57402 -2.60227 -2.64244 -2.68013 -2.72329 -2.73974 -2.76985 -2.80328 -2.83168 -2.85948 -2.89053 -2.96857
-9999 -9999 -9999 -9999 -9999 -9999 -9999 -9999 -12.5046 -6.45634 -1.59028 0.942889 3.00702 3.56408 3.76404 2.85691 2.1748 0.528464 -1.03054 -3.42768 -7.01098 -9.21904 -5.168 0.72025 2.90267 2.74208 2.60993 1.43745 0.381698 0.252681 0.336911 -0.88156 -2.67391 -5.02645 -5.76714 -6.5976 -3.77046 -3.39722 -3.6182 -0.515554 -0.525854 -0.721717 -1.93419 -3.28081 -3.04589 -3.88415 -3.26976 -4.27204 -3.38176 -2.61384 -2.33626 -2.37514 -2.48521 -2.51658 -2.57867 -2.51551 -2.53175 -2.56027 -2.58597 -2.60735 -2.63537 -2.68852 -2.7265 -2.73122 -2.77295 -2.80945 -2.83948 -2.86385 -2.88808 -2.95036
-9999 -9999 -9999 -9999 -9999 -9999 -9999 -9999 -12.2433 -7.15377 -2.84208 -0.252618 2.22773 2.79466 3.62307 3.42918 2.71601 1.28385 -0.501645 -2.4761 -5.55142 -7.83782 -5.13337 -1.22029 1.57925 2.59149 2.59403 2.52961 2.26674 2.16566 1.85891 1.65389 0.362848 -1.86393 -3.12353 -4.9667 -1.8152 -1.47213 -1.98026 -0.418258 -0.514428 -2.91816 -4.77117 -5.01875 -3.90814 -4.99054 -5.19708 -5.86881 -5.13599 -3.14467 -3.74974 -3.64858 -2.74382 -2.60936 -2.53595 -2.52503 -2.54635 -2.56586 -2.59677 -2.61031 -2.62442 -2.67697 -2.71087 -2.73681 -2.78948 -2.81303 -2.85513 -2.89531 -2.92223 -2.96369
-9999 -9999 -9999 -9999 -9999 -9999 -9999 -9999 -12.1453 -8.72053 -4.84155 -1.02769 1.62182 2.68384 3.45336 3.43299 2.6067 1.88899 0.765704 -0.972322 -2.16657 -4.23147 -7.06077 -2.33225 -0.876065 0.426716 0.976296 2.32891 2.29865 1.68267 0.988385 1.65416 1.45195 -0.309418 -0.893163 -1.87658 -0.12828 -0.135872 -0.198226 -0.307682 -2.33961 -5.15849 -7.41573 -5.82268 -6.17762 -5.44391 -7.75446 -5.88973 -4.38863 -3.91208 -4.94894 -5.72889 -3.36737 -2.9994 -2.78142 -2.64711 -2.56406 -2.60298 -2.59429 -2.62406 -2.64731 -2.67173 -2.70928 -2.73922 -2.7777 -2.81681 -2.85422 -2.89172 -2.93654 -2.99698
-9999 -9999 -9999 -9999 -9999 -9999 -9999 -9999 -9999 -10.7473 -5.81881 -1.42917 1.01007 2.53971 3.27892 3.25384 2.82592 2.33519 1.6347 0.378177 -1.19648 -3.67806 -5.52076 -4.35967 -2.93192 -2.76436 -1.81836 0.925696 1.86388 0.536582 -2.73128 -0.797599 1.361 1.32126 1.13059 0.91633 0.644722 0.394962 -0.139128 -1.5487 -5.83767 -6.69767 -8.39141 -8.21874 -9.09652 -7.22284 -7.94362 -6.03099 -5.21116 -4.91132 -6.71063 -6.33617 -4.26476 -3.45007 -3.6026 -3.10799 -2.63019 -2.62938 -2.63084 -2.65916 -2.66484 -2.67754 -2.7026 -2.74893 -2.78308 -2.81309 -2.8705 -2.88921 -3.06597 -3.18651
-9999 -9999 -9999 -9999 -9999 -9999 -9999 -9999 -9999 -11.7212 -6.81293 -1.64206 0.0116447 1.66167 3.08382 3.10074 2.45348 1.8375 1.20376 0.484427 -1.42342 -3.2726 -5.03711 -5.63239 -5.28208 -5.2939 -3.76476 -0.191455 0.50004 0.204283 -3.21284 -4.37719 -1.49352 0.928094 1.11222 0.883698 -1.98264 -1.38568 -2.93941 -5.04335 -5.63367 -6.56437 -8.51391 -7.60044 -9.03336 -8.44333 -8.60938 -7.5306 -7.01271 -5.72567 -7.29584 -7.29129 -5.25875 -4.23576 -4.22462 -3.14979 -2.77602 -2.68905 -2.67854 -2.67564 -2.68685 -2.68604 -2.71279 -2.74583 -2.78425 -2.85357 -2.99479 -3.39371 -5.48229 -5.49653
-9999 -9999 -9999 -9999 -9999 -9999 -9999 -9999 -9999 -11.1576 -7.75437 -3.16735 0.227564 0.431622 2.07636 2.92008 2.21764 1.42823 0.621196 0.263295 -1.81215 -4.09012 -5.93105 -8.10778 -7.75471 -6.19943 -3.63286 -1.32624 -0.915276 -1.39443 -3.22057 -2.3566 -0.392414 0.646973 0.94774 0.696072 0.0637918 -0.307109 -1.45446 -1.95998 -3.55057 -6.0301 -7.01661 -6.41821 -9.05065 -8.88429 -7.93324 -8.96311 -7.285 -6.48995 -8.51325 -6.93034 -5.12606 -4.21094 -3.41254 -3.0424 -2.90381 -2.68344 -2.69242 -2.68811 -2.69317 -2.7128 -2.72946 -2.78446 -2.83311 -3.06979 -3.41071 -5.35465 -6.17898 -6.03819
-9999 -9999 -9999 -9999 -9999 -9999 -9999 -9999 -9999 -10.5813 -7.51835 -3.54248 -1.12476 -0.700334 1.12491 2.74661 2.55392 1.73333 1.47665 0.627411 -1.13404 -3.07794 -5.20104 -6.23584 -8.6061 -6.28191 -4.42291 -2.47097 -1.55933 -3.05656 -3.81992 -2.48217 -1.15305 -0.626836 0.71367 0.691639 0.241776 -1.66461 -2.60108 -2.22387 -2.63505 -3.34513 -5.05667 -5.14796 -6.25347 -6.72077 -7.16298 -8.54926 -7.68193 -7.60924 -7.3937 -5.48346 -4.55215 -3.93972 -3.38388 -3.24911 -3.01592 -2.70889 -2.69588 -2.69994 -2.71731 -2.72753 -2.76777 -2.87624 -2.9705 -3.42902 -4.22759 -5.70284 -8.08752 -6.43818
-9999 -9999 -9999 -9999 -9999 -9999 -9999 -9999 -9999 -11.1098 -7.8558 -4.45933 -3.04496 -2.81305 0.498622 2.52236 2.51568 2.1215 1.66309 -0.420822 -0.307675 -0.730568 -2.64667 -5.43362 -8.49308 -8.21162 -6.38717 -3.79775 -2.94731 -5.4323 -6.32043 -5.6774 -3.66522 -1.86558 0.0129535 0.482723 -0.081464 -3.04271 -6.18979 -4.74899 -3.20931 -3.23235 -3.70306 -5.29139 -5.80641 -6.27423 -7.4376 -9.39532 -9.11259 -8.58791 -6.42659 -5.75562 -4.70986 -3.84384 -4.19194 -4.01297 -3.18486 -2.71632 -2.71367 -2.72082 -2.7209 -2.74828 -2.79368 -2.99291 -3.20307 -3.54446 -5.59887 -6.88274 -8.74681 -6.62
-9999 -9999 -9999 -9999 -9999 -9999 -9999 -9999 -9999 -12.1251 -9.76639 -6.52063 -5.21841 -3.13572 -0.00674933 1.52704 2.25705 2.23084 1.92216 0.98396 0.41675 -0.691985 -2.68515 -5.40716 -8.43154 -10.402 -9.40809 -5.91709 -5.09837 -7.39143 -8.56906 -7.11706 -4.97283 -1.79502 0.0162894 0.25221 0.0768513 -0.542965 -2.84393 -5.6221 -5.62629 -4.25354 -5.42852 -6.79216 -6.06556 -6.21821 -7.36695 -8.20675 -8.71017 -8.42044 -7.18545 -6.68988 -5.4796 -3.68539 -3.44201 -3.5092 -2.76278 -2.7404 -2.73842 -2.72559 -2.7426 -2.76587 -2.8052 -2.97061 -3.32071 -4.69364 -5.8931 -7.5552 -7.77548 -5.88814
-9999 -9999 -9999 -9999 -9999 -9999 -9999 -9999 -9999 -13.8694 -11.093 -8.05335 -5.20801 -2.51677 -0.202044 -0.0325257 1.18353 1.17207 1.80488 1.61162 0.741701 -0.193458 -1.91194 -5.40691 -8.34627 -11.5508 -10.713 -7.16573 -6.67813 -8.22785 -11.0859 -8.14914 -4.91033 -1.9764 -0.392877 -1.65186 -0.382922 -0.499697 -1.36957 -3.02861 -5.60155 -5.56711 -7.49957 -7.59776 -6.62768 -6.32313 -6.50255 -7.13677 -8.13853 -7.97947 -7.23179 -7.05711 -5.94648 -4.55854 -3.20185 -2.98728 -2.74145 -2.74619 -2.7579 -2.75254 -2.76591 -2.81074 -2.89732 -3.06942 -4.22285 -5.59155 -6.44118 -7.60427 -7.76018 -5.57797
