Test_Spring_2018/11_17/Temp/20171107_011.txt
ncols	170
nrows	115
xllcorner	350000.000000
yllcorner	4445000.000000
cellsize	1000.000000
nodata_value	-9999.000000
[rows 32 to 63 of 115, columns 72 to 143 of 170]
15.7785 15.4779 15.9443 16.3736 16.1013 15.919 16.6174 16.6175 16.3774 15.813 15.6067 15.3929 15.2625 14.5391 12.507 10.6752 11.6588 11.6832 11.0048 12.2235 11.5804 9.90199 7.53232 8.81977 8.48393 6.78759 6.36379 -9999 -9999 -9999 -9999 -9999 -9999 -9999 -9999 -9999 -9999 -9999 -9999 -9999 -9999 -9999 -9999 -9999 -9999 -9999 -9999 -9999 -9999 -9999 -9999 -9999 -9999 -9999 -9999 -9999 -9999 -9999 -9999 -9999 -9999 -9999 -9999 -9999 -9999 -9999 -9999 -9999 -9999 -9999 -9999 -9999
15.3708 15.2423 15.9353 15.9214 15.8692 16.1084 16.5398 16.6273 16.5339 16.2881 16.0756 15.8497 15.2752 14.4474 12.7084 10.6231 10.1511 11.1735 11.2235 11.3884 10.8026 10.0663 8.91399 9.8574 10.2235 9.10905 7.64774 6.70768 -9999 -9999 -9999 -9999 -9999 -9999 -9999 -9999 -9999 -9999 -9999 -9999 -9999 -9999 -9999 -9999 -9999 -9999 -9999 -9999 -9999 -9999 -9999 -9999 -9999 -9999 -9999 -9999 -9999 -9999 -9999 -9999 -9999 -9999 -9999 -9999 -9999 -9999 -9999 -9999 -9999 -9999 -9999 -9999
14.8856 14.2152 14.6332 14.9472 15.5099 15.6524 15.7394 16.5653 16.522 16.4843 16.1325 15.8516 15.3856 14.5889 13.4541 12.0876 9.70713 11.177 12.3281 12.2996 12.2373 11.7217 10.6149 11.541 11.5842 10.1552 8.53211 7.58727 7.19644 -9999 -9999 -9999 -9999 -9999 -9999 -9999 -9999 -9999 -9999 -9999 -9999 -9999 -9999 -9999 -9999 -9999 -9999 -9999 -9999 -9999 -9999 -9999 -9999 -9999 -9999 -9999 -9999 -9999 -9999 -9999 -9999 -9999 -9999 -9999 -9999 -9999 -9999 -9999 -9999 -9999 -9999 -9999
14.3347 13.5157 13.9362 14.497 15.2784 15.6734 15.9824 16.2294 16.4816 16.4523 16.0922 15.0273 14.8762 14.8314 14.0896 12.5315 10.9755 10.5734 12.3289 12.8321 12.7306 13.1229 12.1854 12.6286 12.4467 11.9371 10.3748 8.95847 8.37586 7.22485 -9999 -9999 -9999 -9999 -9999 -9999 -9999 -9999 -9999 -9999 -9999 -9999 -9999 -9999 -9999 -9999 -9999 -9999 -9999 -9999 -9999 -9999 -9999 -9999 -9999 -9999 -9999 -9999 -9999 -9999 -9999 -9999 -9999 -9999 -9999 -9999 -9999 -9999 -9999 -9999 -9999 -9999
-9999 -9999 12.9968 13.7507 14.3761 15.1414 15.8052 16.1395 16.4644 16.4387 15.718 15.366 15.3363 14.8507 13.9942 13.4573 12.4782 11.458 11.8496 13.3468 12.6822 13.7428 13.6534 13.8483 13.1395 11.7776 9.9764 8.92156 8.40029 7.46757 -9999 -9999 -9999 -9999 -9999 -9999 -9999 -9999 -9999 -9999 -9999 -9999 -9999 -9999 -9999 -9999 -9999 -9999 -9999 -9999 -9999 -9999 -9999 -9999 -9999 -9999 -9999 -9999 -9999 -9999 -9999 -9999 -9999 -9999 -9999 -9999 -9999 -9999 -9999 -9999 -9999 -9999
-9999 -9999 -9999 13.6071 14.0823 15.1154 15.6389 15.8557 16.3795 16.3809 16.1082 15.9027 15.6044 15.2146 14.5714 13.8617 12.9411 12.8573 13.8158 13.829 13.6301 13.7879 14.2799 14.1503 13.044 11.1424 10.1414 8.09253 7.22171 7.31091 6.6941 -9999 -9999 -9999 -9999 -9999 -9999 -9999 -9999 -9999 -9999 -9999 -9999 9.07453 -9999 -9999 -9999 -9999 -9999 -9999 -9999 -9999 -9999 -9999 -9999 -9999 -9999 -9999 -9999 -9999 -9999 -9999 -9999 -9999 5.36077 -9999 -9999 -9999 -9999 -9999 -9999 -9999
-9999 -9999 13.5194 14.1491 14.6511 15.2984 15.3542 15.7364 16.3384 16.3473 16.154 15.9357 15.4444 15.3238 14.9584 14.1878 14.0317 14.3465 14.4924 14.6573 14.7592 14.6783 14.4796 14.2222 13.4969 12.6182 12.0281 10.1632 9.21607 8.31749 6.95784 5.8946 -9999 -9999 -9999 -9999 -9999 -9999 -9999 8.35804 8.30923 8.3348 8.63418 9.45839 8.97493 -9999 -9999 -9999 -9999 -9999 -9999 -9999 -9999 -9999 -9999 -9999 -9999 -9999 -9999 -9999 -9999 -9999 -9999 -9999 6.10244 5.03329 -9999 -9999 -9999 -9999 -9999 -9999
-9999 -9999 13.6761 14.3546 14.693 15.3214 15.6806 15.9068 16.1152 16.3146 16.2814 16.0397 15.6721 15.6759 15.1696 14.8977 14.7041 15.1296 15.2153 15.0471 14.8354 14.6479 14.1155 14.0538 13.8627 13.3044 12.3886 11.4449 10.0692 8.22286 6.41256 4.95284 -9999 -9999 -9999 -9999 -9999 -9999 8.50779 9.19396 9.60562 8.73581 9.48127 10.1623 10.0539 9.37876 -9999 -9999 -9999 -9999 -9999 -9999 -9999 -9999 -9999 -9999 -9999 -9999 -9999 -9999 11.1686 10.0732 7.85779 6.72319 6.04314 5.07111 -9999 -9999 -9999 -9999 -9999 -9999
-9999 -9999 13.5386 14.3396 14.8819 15.3629 15.439 15.9301 16.139 16.2459 16.2334 16.186 16.1192 15.6773 15.4886 14.8205 15.4642 15.4423 15.2822 14.6417 14.3647 13.2626 12.7776 12.6532 13.5799 12.8929 11.4599 9.66882 7.51031 7.36392 6.65262 5.348 -9999 -9999 -9999 -9999 -9999 -9999 8.7179 9.45187 10.0645 10.155 9.29006 10.4996 10.4391 9.76189 9.60734 10.1607 10.4407 10.2237 10.8819 11.0761 10.778 11.1069 -9999 -9999 -9999 -9999 11.313 11.3602 11.3964 10.9417 8.52123 6.86866 5.38461 5.24318 -9999 -9999 -9999 -9999 -9999 -9999
-9999 -9999 14.091 14.5836 14.832 14.871 15.3022 15.7307 15.9905 16.1822 16.1435 16.1285 16.1131 15.9633 15.6131 15.6791 15.6533 15.4503 14.2297 12.8043 13.4283 12.5826 10.7621 12.2285 13.0369 12.2583 10.5217 8.50834 7.84163 7.86309 6.87364 5.60122 -9999 -9999 -9999 6.70801 7.75856 7.85279 8.16462 9.1431 9.88771 10.4482 10.8302 10.8118 10.4038 9.74093 9.02023 9.27488 10.5669 10.8809 11.1363 11.3372 11.0604 11.2066 11.5541 11.735 11.7737 11.6951 11.6795 11.7108 11.6725 11.2486 9.0834 7.84531 7.0559 5.4611 -9999 -9999 -9999 -9999 -9999 -9999
-9999 -9999 13.7736 14.2015 14.5477 15.1236 15.1831 15.5469 15.7602 16.078 16.1145 15.7383 16.0514 16.0132 15.9574 15.8366 15.6585 14.6289 13.2086 11.7844 11.1276 11.4039 10.3128 10.866 11.6851 11.3834 10.3156 8.52158 8.26724 7.84347 6.17502 4.57373 -9999 -9999 4.67076 6.68373 8.10228 8.83566 9.06503 9.08966 10.0274 10.1026 11.1107 10.8697 9.53231 9.68066 9.15847 9.49194 9.96347 10.0919 10.7673 11.421 11.5455 11.5495 11.7714 11.8188 11.8331 11.8304 11.6843 11.7559 11.7696 11.5065 9.93904 9.17578 8.33012 5.48277 -9999 -9999 -9999 -9999 -9999 -9999
-9999 -9999 13.9876 14.4655 14.9891 15.0723 15.4599 15.4215 15.3073 15.8492 16.0447 15.7794 15.5893 15.9446 15.9228 15.879 15.805 14.838 13.7182 12.0209 10.9667 10.3171 9.85837 9.2367 9.65631 9.52534 9.35036 9.54688 9.05124 8.06098 7.08629 5.26012 4.27526 -9999 4.77669 5.68696 7.37373 8.80784 9.7194 9.39599 10.4621 10.6613 11.2711 10.9108 10.0965 9.74549 9.7126 9.60432 10.3185 10.7957 11.1286 11.3553 11.6365 11.7095 11.7834 11.8158 11.835 11.8549 11.8546 11.8525 11.8242 11.7274 11.0084 10.2433 8.59351 5.57611 -9999 -9999 -9999 -9999 -9999 -9999
-9999 12.595 13.9309 14.7332 15.0423 15.2648 15.4609 15.6026 15.7499 15.892 15.9889 15.946 15.2427 15.3026 15.4322 15.8356 15.8106 15.7263 15.1156 13.05 12.3334 11.2873 9.93429 9.36196 9.64244 10.7489 10.6969 9.96014 9.13952 8.00111 7.2792 6.16125 4.01361 4.20872 5.1783 5.90104 7.04881 8.8013 10.0308 10.5811 10.7903 11.2194 11.4439 10.9478 10.4722 10.2725 9.90412 9.85001 9.8503 10.2807 10.6112 11.3591 11.6118 11.7266 11.7872 11.8213 11.8473 11.8734 11.885 11.8744 11.8789 11.8764 11.8239 10.8088 8.26425 6.34783 -9999 -9999 -9999 -9999 -9999 -9999
-9999 -9999 13.6809 14.0319 14.1217 14.281 14.6104 14.991 15.5297 15.5989 15.8979 15.8983 15.2913 14.5924 15.2066 15.453 15.7084 15.7196 15.6439 13.9042 12.996 12.2804 10.9829 11.4437 11.8858 11.9169 11.6459 10.0687 8.49807 6.68292 4.99301 4.91205 4.00281 4.48432 5.12592 6.7691 7.92691 8.39886 8.7388 10.5199 10.9824 11.1409 11.5961 10.9749 10.8121 10.3434 10.4794 10.4359 10.4357 9.14118 10.4303 10.5058 11.3497 11.7282 11.8149 11.8409 11.8691 11.8768 11.8856 11.8858 11.8983 11.8875 11.8758 11.2169 7.99037 6.3705 -9999 -9999 -9999 -9999 -9999 -9999
-9999 -9999 -9999 -9999 13.7851 14.0521 14.2226 14.52 15.4342 15.681 15.8456 15.8608 15.5921 14.9002 14.7207 14.8518 14.1783 14.7485 15.5256 15.5081 15.4151 13.8873 13.1002 13.8549 13.6222 12.4707 11.5636 10.6684 8.82975 7.47871 5.54198 4.08818 4.03404 5.63974 6.97372 8.6366 9.37281 8.96034 9.41578 10.3 11.3048 11.7908 11.6766 11.0216 10.9242 10.2025 10.9065 10.9639 10.6322 10.3451 10.4513 10.8676 11.0264 11.6872 11.8482 11.8777 11.8861 11.8927 11.894 11.8945 11.8892 11.8856 11.8793 11.8519 8.5353 5.95452 -9999 -9999 -9999 -9999 -9999 -9999
-9999 -9999 -9999 -9999 13.1455 13.3069 13.7365 14.8445 15.4216 15.656 15.6485 15.7584 15.5696 14.9615 14.3378 13.7503 12.9911 13.4309 14.588 15.2704 15.3487 14.0094 14.701 14.4378 13.9206 12.4153 11.305 10.7149 8.94951 7.43348 6.14457 4.3662 5.12738 5.96661 7.04508 8.85858 10.0842 10.5902 10.1723 10.7397 11.8957 11.9033 11.2722 11.3125 10.9221 9.93663 10.9569 11.2417 11.0064 11.0635 10.9699 11.1238 11.4063 11.6775 11.8587 11.8851 11.8906 11.8886 11.8926 11.8969 11.888 11.8924 11.8862 11.8718 9.73175 5.90454 -9999 -9999 -9999 -9999 -9999 -9999
-9999 -9999 -9999 -9999 -9999 12.5602 13.544 15.0155 15.3772 15.3435 15.6484 15.6761 15.3853 15.1338 14.376 13.3397 11.3451 11.8577 12.923 14.4571 15.2633 15.1547 14.7012 13.9208 12.035 10.3841 10.1807 9.90768 8.61849 7.44942 6.0166 6.84587 7.75525 8.75108 9.27608 9.14394 10.1947 11.0521 10.6934 11.3887 12.1986 11.8334 11.6169 11.4343 10.9841 10.9547 10.9982 11.5761 11.1709 11.4149 11.4141 11.3987 11.5357 11.6945 11.8622 11.8915 11.8948 11.9013 11.886 11.8969 11.8912 11.8853 11.8798 11.8679 11.6762 9.61506 8.38386 -9999 -9999 -9999 -9999 -9999
-9999 -9999 -9999 -9999 -9999 11.648 12.1375 13.8809 14.4158 15.1868 15.5969 15.6174 15.1248 14.8519 13.7207 13.3568 11.5121 10.6786 11.3917 11.1217 13.2324 15.0994 14.6877 10.9171 9.5495 8.573 8.81997 8.81929 8.45845 6.4731 5.92672 7.69834 8.81473 9.68085 10.3392 10.4789 10.4606 11.7995 11.9801 12.4166 12.3243 12.3656 11.692 11.2743 11.6327 11.2101 11.1356 11.7329 11.1386 11.6704 11.6004 11.4385 11.4295 11.7819 11.8544 11.894 11.8988 11.8888 11.8753 11.8689 11.8842 11.8826 11.8663 11.87 11.8531 11.6088 10.5429 10.171 10.5851 -9999 -9999 -9999
-9999 -9999 -9999 -9999 -9999 -9999 10.508 12.9319 14.0362 14.6185 15.4392 15.5397 15.2769 14.8035 13.6516 12.6392 10.9905 9.1065 8.10958 11.1037 13.7091 15.0686 14.8846 11.7457 10.5054 10.4453 11.1717 10.5537 10.0846 8.57436 8.12428 7.49976 7.8856 9.09082 10.0776 11.0306 11.7248 11.7852 12.2368 12.4957 12.5188 12.6005 12.5216 12.4564 11.8004 12.2474 11.8638 12.0634 11.9304 11.8103 11.7023 11.3291 11.5915 11.8245 11.8857 11.905 11.8939 11.8942 11.8884 11.8708 11.8638 11.8659 11.8669 11.8578 11.86 11.8495 11.7313 11.0904 10.2316 9.14618 -9999 -9999
-9999 -9999 -9999 -9999 -9999 -9999 9.29438 11.7068 12.8662 14.3637 15.1322 15.4459 15.4079 15.0249 14.1505 12.8324 11.7349 9.63117 7.44613 10.5897 13.3876 14.8978 14.9776 12.3347 13.0636 12.4707 12.7067 11.623 11.1717 10.8101 10.0333 9.18451 8.25433 7.76442 9.97696 11.115 12.0317 12.466 12.7128 12.8373 12.7736 12.6073 11.6264 12.3741 12.3283 12.2519 12.1642 12.1205 12.0406 11.947 11.8864 11.8662 11.6189 11.8973 11.8916 11.8975 11.9016 11.8976 11.8874 11.8792 11.8683 11.8706 11.8635 11.8567 11.8524 11.8501 11.8437 11.8097 11.64 10.1824 9.31066 9.0628
-9999 -9999 -9999 -9999 -9999 -9999 5.90061 9.41131 12.2258 13.7008 14.8999 15.2322 15.3584 14.8431 14.4588 13.5149 12.621 11.2398 9.16885 7.89417 10.2482 13.6671 14.9255 14.8204 14.7399 14.0552 13.4379 13.3583 13.4029 12.6802 11.6326 10.2696 9.84407 9.36843 11.017 11.2434 11.1266 12.9393 12.9466 12.8465 12.1564 11.3817 11.5295 11.0475 11.4092 10.8355 11.3594 11.8119 11.9795 11.9634 11.8964 11.8854 11.8582 11.9063 11.9068 11.9009 11.8975 11.8973 11.8941 11.8768 11.8686 11.88 11.8665 11.8586 11.8493 11.8492 11.8469 11.8221 11.7994 11.5761 11.2397 10.5936
-9999 -9999 -9999 -9999 -9999 -9999 6.0444 8.99412 11.4999 13.0009 14.4476 14.7853 15.2758 15.1739 14.7709 13.9506 12.9248 11.7884 10.0119 8.6917 10.2657 12.5375 14.1627 14.7382 14.7295 14.6889 14.533 14.4635 14.2825 14.1479 13.3997 12.1099 11.3837 10.3206 12.1572 12.3659 12.082 13.0003 12.9571 11.5754 10.5131 10.3819 11.0303 10.4127 10.2981 9.91014 10.343 11.5057 11.1615 11.2269 11.748 11.8345 11.8886 11.9043 11.9019 11.9013 11.8948 11.8991 11.9037 11.8866 11.8806 11.8794 11.8627 11.8585 11.8471 11.8383 11.8291 11.8166 11.7962 11.7335 11.6635 11.7333
-9999 -9999 -9999 -9999 -9999 -9999 6.1007 8.0846 10.3399 12.5506 14.0955 14.7203 15.1763 15.1745 14.7053 14.299 13.6568 12.6572 11.972 10.7803 9.14364 11.8908 12.7352 13.4797 13.7912 14.5732 14.5525 14.1921 13.7658 14.1525 14.036 13.0175 12.6838 12.1197 13.1421 13.1471 13.1214 13.0694 11.9024 10.2792 8.98177 9.91814 9.72367 10.151 8.81533 9.90689 10.7858 11.0696 10.4684 10.023 11.3892 11.6145 11.75 11.8375 11.8958 11.884 11.9004 11.8952 11.8944 11.8934 11.885 11.8813 11.8726 11.8633 11.85 11.8428 11.8291 11.8107 11.8107 11.7764 11.7642 11.7487
-9999 -9999 -9999 -9999 -9999 -9999 -9999 6.90754 9.76213 12.3156 13.7384 14.6343 15.0723 15.0673 14.8287 14.5535 14.156 13.4352 12.5289 11.0951 10.0307 10.7079 11.5351 11.6205 12.1685 13.7592 14.3019 13.5301 11.6159 12.7368 13.9916 13.9722 13.8665 13.7486 13.5968 13.461 13.1613 12.3544 9.87728 9.39174 8.42086 8.5327 8.03458 9.12194 8.70813 9.82669 10.3106 10.4924 9.45584 9.66721 10.8806 11.362 11.2825 11.5789 11.8621 11.8734 11.8839 11.8795 11.8887 11.8943 11.893 11.8836 11.8774 11.8735 11.8483 11.852 11.7619 11.7038 11.5841 11.736 11.7519 11.757
-9999 -9999 -9999 -9999 -9999 -9999 -9999 6.32988 9.18362 12.1906 13.1577 14.1233 14.9573 14.9763 14.6099 14.2616 13.9026 13.4932 12.3934 11.3266 10.3079 9.96646 10.1726 10.1507 11.0382 13.1114 13.5122 13.3403 11.3373 10.664 12.3404 13.7498 13.862 13.736 12.0806 12.4358 11.544 10.3337 10.0022 9.4735 8.35369 8.89494 8.0744 8.42717 8.32364 8.95862 9.26771 10.0227 9.11961 9.11643 10.3078 10.9106 10.9264 11.5598 11.7869 11.8481 11.8655 11.879 11.8849 11.8982 11.8959 11.89 11.8811 11.8541 11.7852 11.561 10.3633 10.367 10.6982 11.0117 11.5751 11.7375
-9999 -9999 -9999 -9999 -9999 -9999 -9999 6.65433 8.63529 11.3038 13.2813 13.4078 14.3708 14.8692 14.4705 14.0212 13.5613 13.3615 12.1644 10.8489 9.78618 8.52766 8.73611 9.6413 11.114 12.4534 12.6926 12.4155 11.3358 11.8403 12.984 13.5919 13.7723 13.6331 13.274 13.0675 12.4113 12.1281 11.2158 9.78792 9.22647 9.58454 8.06773 8.17452 8.73618 8.12974 9.11235 9.5823 8.41674 9.33262 10.389 10.9296 11.4027 11.6275 11.7184 11.8571 11.8633 11.8776 11.887 11.8882 11.8915 11.8726 11.8575 11.7332 11.5481 10.4327 9.96284 10.0566 10.5757 11.0305 11.5018 11.6982
-9999 -9999 -9999 -9999 -9999 -9999 -9999 6.98587 8.76983 11.084 12.4946 12.7491 13.8166 14.7663 14.6631 14.1955 14.0548 13.5698 12.5549 11.4334 10.2073 9.61177 8.24065 9.59272 10.6551 11.7896 12.3204 11.4303 10.9908 11.771 12.5468 12.8576 13.6416 13.6359 13.3828 12.2853 11.7512 11.98 11.7517 11.3501 10.3677 10.3253 9.69422 9.43322 9.18647 8.3724 8.88487 8.93605 9.07194 10.176 10.7263 11.0917 11.4244 11.513 11.659 11.8483 11.8673 11.8767 11.8788 11.8854 11.8747 11.8246 11.7828 11.5295 11.0788 10.2352 8.85959 9.82874 10.842 11.1464 11.4377 11.593
-9999 -9999 -9999 -9999 -9999 -9999 -9999 6.67616 8.5714 10.5497 11.3783 11.5211 13.4511 14.6339 14.6386 14.4183 14.1605 12.959 13.0319 12.7932 11.6874 10.0756 8.30511 8.47253 9.52123 11.0204 11.5165 10.0535 9.54237 9.92012 11.0929 12.143 13.2396 13.5195 13.2002 11.4906 9.67375 10.5194 11.4228 11.4197 11.1569 10.2457 9.95709 9.69572 9.03054 7.89705 8.05774 8.3715 9.62256 10.0221 10.6392 11.1521 10.9607 11.0753 11.5668 11.8499 11.863 11.8707 11.8827 11.8792 11.8653 11.7623 11.653 11.4675 10.288 9.55536 8.48686 9.72778 10.4193 10.784 11.4429 11.6022
-9999 -9999 -9999 -9999 -9999 -9999 -9999 6.08389 7.46003 9.3512 10.1149 11.3318 13.1558 14.0544 14.4865 14.4797 14.3087 13.7721 13.4503 12.8138 11.6635 10.0898 8.34002 7.20132 7.78218 9.79121 10.2637 8.91838 8.23981 9.08749 10.3374 12.1875 13.2455 13.3899 13.2963 12.9453 11.6194 10.017 10.0244 10.831 10.1594 9.37839 9.81013 9.73158 9.07493 8.59736 8.29431 8.47357 9.18601 9.48416 10.1971 11.2489 11.401 11.373 11.8173 11.8418 11.8546 11.8739 11.8761 11.8749 11.8644 11.7808 11.5901 10.8059 10.1223 9.17015 9.05444 10.1572 10.6447 11.0928 11.4175 11.5253
-9999 -9999 -9999 -9999 -9999 -9999 -9999 5.06857 6.68746 8.45937 10.1187 11.6888 13.0406 13.1476 13.8618 13.8636 14.239 14.1347 13.6374 13.1018 12.1111 10.0891 8.38899 6.53455 7.02526 9.07404 9.3289 8.43453 6.78133 8.49093 10.3763 12.0853 13.0113 12.2885 13.0331 12.9741 12.4786 11.5255 10.0424 10.0723 8.96112 8.91426 9.48722 9.67395 9.57977 9.22159 8.64231 8.73269 9.16296 9.27521 9.93059 10.747 11.5454 11.6812 11.8353 11.8442 11.8492 11.8643 11.8686 11.8547 11.8167 11.7291 11.0721 10.2902 9.80946 9.14676 9.0684 10.3472 10.8534 11.134 11.4151 11.5278
-9999 -9999 -9999 -9999 -9999 -9999 -9999 -9999 6.51575 8.34639 9.70176 10.0688 11.2708 11.9211 12.4249 12.5387 13.971 14.0524 13.7381 13.2464 12.4018 10.8681 9.79984 8.02126 6.74318 7.25659 7.49353 7.96494 7.82755 8.5908 10.4027 12.2904 12.4979 11.3016 11.481 11.7338 12.2977 12.0146 9.99307 8.96683 8.11517 8.7229 9.36196 9.51747 9.5494 9.42728 9.27547 9.01997 9.87405 10.5064 10.6542 11.2061 11.6141 11.7284 11.8151 11.828 11.8411 11.844 11.823 11.8086 11.7094 11.4837 10.7484 8.97638 9.06168 8.87209 8.32235 9.57215 10.3497 11.0573 11.4346 11.5343
-9999 -9999 -9999 -9999 -9999 -9999 -9999 -9999 5.90125 8.01908 8.46881 8.43863 7.74144 8.06675 10.6654 11.1909 12.5648 13.8657 13.7729 13.2906 12.5007 11.5881 10.1739 8.17343 6.58415 5.90055 7.60617 9.28735 9.63582 10.174 11.2849 11.4974 10.2747 9.12838 9.77511 10.1655 11.6472 11.9193 11.6336 10.4162 9.0238 8.29759 9.15781 9.2737 9.32617 9.33716 9.30638 9.25996 10.2177 10.7511 11.1216 11.3242 11.675 11.7663 11.7972 11.8266 11.8229 11.8076 11.7552 11.6953 11.4222 11.0909 9.88478 8.87958 8.25358 7.45825 9.25807 9.79289 10.5289 11.0027 11.3781 11.4626
