Test_Spring_2018/11_17/Temp/20171113_009.txt
ncols	170
nrows	115
xllcorner	350000.000000
yllcorner	4445000.000000
cellsize	1000.000000
nodata_value	-9999.000000
[rows 32 to 63 of 115, columns 72 to 143 of 170]
16.3109 16.0674 16.4516 16.8054 16.5766 16.4272 16.9997 17.0022 16.808 16.3486 16.1822 16.0099 15.9059 15.3166 13.6563 12.16 12.9679 12.9909 12.4386 13.439 12.9155 11.5446 9.60779 10.6642 10.3918 9.00341 8.66044 -9999 -9999 -9999 -9999 -9999 -9999 -9999 -9999 -9999 -9999 -9999 -9999 -9999 -9999 -9999 -9999 -9999 -9999 -9999 -9999 -9999 -9999 -9999 -9999 -9999 -9999 -9999 -9999 -9999 -9999 -9999 -9999 -9999 -9999 -9999 -9999 -9999 -9999 -9999 -9999 -9999 -9999 -9999 -9999 -9999
15.9773 15.8747 16.4444 16.4354 16.3916 16.5822 16.9363 17.0102 16.9363 16.7376 16.5664 16.3842 15.9167 15.242 13.8216 12.1177 11.7344 12.5741 12.6179 12.7557 12.279 11.6791 10.7386 11.5133 11.8154 10.9065 9.711 8.94204 -9999 -9999 -9999 -9999 -9999 -9999 -9999 -9999 -9999 -9999 -9999 -9999 -9999 -9999 -9999 -9999 -9999 -9999 -9999 -9999 -9999 -9999 -9999 -9999 -9999 -9999 -9999 -9999 -9999 -9999 -9999 -9999 -9999 -9999 -9999 -9999 -9999 -9999 -9999 -9999 -9999 -9999 -9999 -9999
15.5802 15.0341 15.3788 15.6381 16.0947 16.2076 16.2812 16.9597 16.9267 16.8985 16.6132 16.386 16.0074 15.3582 14.4323 13.3168 11.3714 12.5773 13.5222 13.5017 13.4534 13.034 12.1307 12.8912 12.929 11.7633 10.4321 9.66164 9.34466 -9999 -9999 -9999 -9999 -9999 -9999 -9999 -9999 -9999 -9999 -9999 -9999 -9999 -9999 -9999 -9999 -9999 -9999 -9999 -9999 -9999 -9999 -9999 -9999 -9999 -9999 -9999 -9999 -9999 -9999 -9999 -9999 -9999 -9999 -9999 -9999 -9999 -9999 -9999 -9999 -9999 -9999 -9999
15.1296 14.4617 14.8084 15.2698 15.9084 16.2299 16.4802 16.6849 16.8938 16.8725 16.5805 15.7117 15.5909 15.557 14.9529 13.6806 12.4099 12.0836 13.5232 13.9377 13.8573 14.1809 13.4161 13.7813 13.6348 13.221 11.9433 10.7835 10.3095 9.37036 -9999 -9999 -9999 -9999 -9999 -9999 -9999 -9999 -9999 -9999 -9999 -9999 -9999 -9999 -9999 -9999 -9999 -9999 -9999 -9999 -9999 -9999 -9999 -9999 -9999 -9999 -9999 -9999 -9999 -9999 -9999 -9999 -9999 -9999 -9999 -9999 -9999 -9999 -9999 -9999 -9999 -9999
-9999 -9999 14.0396 14.6557 15.1692 15.7945 16.3352 16.6113 16.8799 16.8615 16.2744 15.9892 15.9677 15.5732 14.8752 14.4386 13.6402 12.808 13.1313 14.3593 13.818 14.6885 14.6177 14.7795 14.2016 13.088 11.6169 10.7528 10.3289 9.56834 -9999 -9999 -9999 -9999 -9999 -9999 -9999 -9999 -9999 -9999 -9999 -9999 -9999 -9999 -9999 -9999 -9999 -9999 -9999 -9999 -9999 -9999 -9999 -9999 -9999 -9999 -9999 -9999 -9999 -9999 -9999 -9999 -9999 -9999 -9999 -9999 -9999 -9999 -9999 -9999 -9999 -9999
-9999 -9999 -9999 14.5382 14.9286 15.7763 16.1992 16.3791 16.8104 16.8143 16.5939 16.4286 16.1874 15.8714 15.3479 14.77 14.0194 13.9537 14.7409 14.7543 14.5939 14.7255 15.1305 15.0266 14.124 12.5678 11.7508 10.0737 9.36354 9.43926 8.93727 -9999 -9999 -9999 -9999 -9999 -9999 -9999 -9999 -9999 -9999 -9999 -9999 10.9372 -9999 -9999 -9999 -9999 -9999 -9999 -9999 -9999 -9999 -9999 -9999 -9999 -9999 -9999 -9999 -9999 -9999 -9999 -9999 -9999 8.01089 -9999 -9999 -9999 -9999 -9999 -9999 -9999
-9999 -9999 14.4674 14.9812 15.3941 15.9259 15.9707 16.2814 16.7768 16.7868 16.6314 16.4557 16.0566 15.961 15.665 15.0373 14.9125 15.173 15.2951 15.4326 15.5184 15.4545 15.2939 15.0853 14.4925 13.7753 13.2944 11.7709 10.995 10.2621 9.15196 8.28459 -9999 -9999 -9999 -9999 -9999 -9999 -9999 10.3304 10.2951 10.3207 10.5706 11.2503 10.8597 -9999 -9999 -9999 -9999 -9999 -9999 -9999 -9999 -9999 -9999 -9999 -9999 -9999 -9999 -9999 -9999 -9999 -9999 -9999 8.61709 7.74752 -9999 -9999 -9999 -9999 -9999 -9999
-9999 -9999 14.5922 15.1493 15.4282 15.9444 16.2404 16.4208 16.5939 16.7599 16.7357 16.5409 16.2431 16.2494 15.8382 15.6187 15.4633 15.8144 15.8871 15.752 15.581 15.4297 14.996 14.9473 14.7917 14.3366 13.5888 12.8183 11.6922 10.1834 8.70432 7.5123 -9999 -9999 -9999 -9999 -9999 -9999 10.4468 11.0129 11.3545 10.6474 11.2626 11.8251 11.7417 11.1976 -9999 -9999 -9999 -9999 -9999 -9999 -9999 -9999 -9999 -9999 -9999 -9999 -9999 -9999 12.742 11.8504 10.0422 9.11884 8.56766 7.77765 -9999 -9999 -9999 -9999 -9999 -9999
-9999 -9999 14.4797 15.137 15.5825 15.978 16.0422 16.4422 16.6132 16.7035 16.6962 16.6606 16.6091 16.2507 16.0995 15.5559 16.0858 16.0707 15.9424 15.4205 15.1961 14.2961 13.901 13.7999 14.5599 13.9993 12.828 11.3637 9.59587 9.47909 8.89926 7.83402 -9999 -9999 -9999 -9999 -9999 -9999 10.6168 11.222 11.7282 11.8073 11.1045 12.0998 12.0585 11.5101 11.3894 11.8482 12.0831 11.9103 12.4573 12.6217 12.383 12.6573 -9999 -9999 -9999 -9999 12.8497 12.893 12.9275 12.5602 10.5842 9.23691 8.02772 7.92022 -9999 -9999 -9999 -9999 -9999 -9999
-9999 -9999 14.9318 15.3365 15.5413 15.575 15.9296 16.2784 16.4913 16.6512 16.6225 16.6135 16.6042 16.485 16.2018 16.2591 16.2411 16.0779 15.0817 13.9175 14.4304 13.7397 12.2501 13.4521 14.1152 13.4793 12.0594 10.4129 9.86585 9.88615 9.07846 8.03946 -9999 -9999 -9999 8.95749 9.82108 9.90227 10.1618 10.9673 11.5816 12.0454 12.3634 12.3535 12.0283 11.4917 10.9079 11.1224 12.1858 12.4487 12.6649 12.835 12.6137 12.7389 13.0282 13.1809 13.2172 13.1574 13.1491 13.1793 13.1526 12.8105 11.0433 10.0352 9.39461 8.09921 -9999 -9999 -9999 -9999 -9999 -9999
-9999 -9999 14.6734 15.0251 15.3099 15.7808 15.8311 16.1308 16.3044 16.5654 16.5984 16.2938 16.5535 16.5257 16.4836 16.3882 16.2456 15.406 14.2463 13.083 12.5476 12.7748 11.8832 12.3377 13.0094 12.7626 11.8894 10.4222 10.2154 9.8677 8.50489 7.19652 -9999 -9999 7.28423 8.93518 10.1 10.7043 10.8964 10.9213 11.6938 11.7607 12.5912 12.3993 11.3133 11.4408 11.02 11.2992 11.6922 11.8033 12.3612 12.9036 13.0108 13.0191 13.2055 13.249 13.2652 13.2673 13.1521 13.2152 13.231 13.0205 11.7426 11.1231 10.4384 8.11549 -9999 -9999 -9999 -9999 -9999 -9999
-9999 -9999 14.8477 15.2403 15.6702 15.7398 16.0586 16.0273 15.9329 16.3792 16.5408 16.327 16.175 16.4694 16.4553 16.4229 16.3657 15.5774 14.6636 13.2769 12.4161 11.8854 11.5113 11.0033 11.3478 11.2417 11.0995 11.2614 10.8556 10.0442 9.24815 7.75624 6.95247 -9999 7.36848 8.11684 9.50114 10.679 11.4296 11.1697 12.0475 12.2159 12.7204 12.4314 11.7735 11.4937 11.4732 11.3908 11.9816 12.3788 12.6567 12.8479 13.0849 13.1496 13.2149 13.246 13.2661 13.2866 13.2907 13.2933 13.2746 13.2001 12.6166 11.9973 10.6527 8.19063 -9999 -9999 -9999 -9999 -9999 -9999
-9999 13.7086 14.801 15.4589 15.7132 15.8967 16.0586 16.1761 16.296 16.4133 16.4956 16.4628 15.8909 15.9437 16.0535 16.3873 16.3703 16.3045 15.8075 14.1193 13.5342 12.6789 11.5727 11.1055 11.336 12.2424 12.2006 11.5984 10.9276 9.9948 9.40427 8.49113 6.73612 6.89831 7.69475 8.28959 9.23272 10.6712 11.6821 12.1374 12.314 12.6704 12.8601 12.4613 12.0807 11.9239 11.6289 11.5911 11.5977 11.9562 12.2323 12.8509 13.0631 13.1632 13.2175 13.2499 13.2754 13.301 13.3146 13.3101 13.3182 13.3209 13.2841 12.4587 10.3824 8.82136 -9999 -9999 -9999 -9999 -9999 -9999
-9999 -9999 14.596 14.8845 14.9591 15.0907 15.3616 15.6745 16.1148 16.1739 16.4213 16.4239 15.9302 15.3619 15.8686 16.0739 16.2865 16.2989 16.2398 14.8175 14.076 13.4917 12.4307 12.809 13.1715 13.1976 12.9764 11.686 10.4012 8.91438 7.53249 7.46776 6.72475 7.12169 7.64961 8.99775 9.94909 10.3396 10.6224 12.0852 12.469 12.6053 12.9841 12.482 12.3575 11.9807 12.0988 12.0698 12.0762 11.023 12.0838 12.1515 12.8479 13.1633 13.2397 13.2653 13.2925 13.3028 13.3141 13.3184 13.333 13.3296 13.3256 12.7918 10.1569 8.83869 -9999 -9999 -9999 -9999 -9999 -9999
-9999 -9999 -9999 -9999 14.683 14.9026 15.0433 15.2881 16.0357 16.2401 16.3775 16.3931 16.1765 15.6133 15.4703 15.5815 15.0338 15.5036 16.1422 16.1301 16.0557 14.8066 14.1635 14.7819 14.5921 13.6501 12.9081 12.1757 10.6713 9.56432 7.98025 6.79175 6.74919 8.06559 9.15999 10.5242 11.1305 10.7971 11.1746 11.9037 12.7318 13.1356 13.0484 12.5188 12.448 11.8643 12.4474 12.5012 12.2363 12.0078 12.1005 12.4473 12.5828 13.1289 13.2657 13.2947 13.3056 13.315 13.32 13.3245 13.3251 13.327 13.3271 13.3103 10.6017 8.49707 -9999 -9999 -9999 -9999 -9999 -9999
-9999 -9999 -9999 -9999 14.1588 14.2919 14.6446 15.5527 16.0246 16.2187 16.2153 16.3083 16.1571 15.6631 15.1563 14.6793 14.0615 14.4246 15.3743 15.9351 16.001 14.9061 15.4731 15.2584 14.8357 13.604 12.6956 12.2128 10.7682 9.52611 8.47216 7.01791 7.64257 8.33157 9.21688 10.7043 11.7111 12.1296 11.7923 12.262 13.214 13.2263 12.7162 12.7558 12.4452 11.6457 12.4878 12.7277 12.5418 12.5951 12.5243 12.6564 12.8933 13.1204 13.2737 13.2997 13.3085 13.3108 13.3179 13.3258 13.3229 13.3314 13.3316 13.3254 11.5799 8.4551 -9999 -9999 -9999 -9999 -9999 -9999
-9999 -9999 -9999 -9999 -9999 13.68 14.4863 15.692 15.9874 15.9621 16.2143 16.24 16.0053 15.8032 15.1867 14.3423 12.7135 13.1362 14.0108 15.2686 15.9302 15.8427 15.4726 14.8345 13.2916 11.9407 11.7745 11.5513 10.4964 9.53824 8.36646 9.04643 9.79235 10.6095 11.0418 10.9368 11.8005 12.5065 12.2177 12.7922 13.4608 13.168 12.9973 12.8546 12.4951 12.4781 12.5207 13.0007 12.6757 12.882 12.8872 12.8806 12.9984 13.1336 13.2757 13.3041 13.311 13.3202 13.3117 13.3248 13.3246 13.3246 13.3254 13.3213 13.1703 11.4911 10.4901 -9999 -9999 -9999 -9999 -9999
-9999 -9999 -9999 -9999 -9999 12.9327 13.3345 14.7626 15.1998 15.8331 16.1715 16.1912 15.7914 15.5715 14.6494 14.3554 12.8493 12.17 12.7564 12.5377 14.267 15.7964 15.4605 12.3752 11.2565 10.4576 10.6601 10.6598 10.3648 8.73853 8.29229 9.74356 10.6589 11.3699 11.9114 12.0289 12.0176 13.1177 13.2703 13.6328 13.5631 13.603 13.0582 12.723 13.0252 12.6864 12.6324 13.1281 12.6485 13.0902 13.0387 12.9122 12.9105 13.2042 13.2683 13.3052 13.3134 13.3091 13.3019 13.301 13.3181 13.3216 13.3135 13.3222 13.3143 13.122 12.2564 11.9588 12.3047 -9999 -9999 -9999
-9999 -9999 -9999 -9999 -9999 -9999 12.0002 13.9854 14.8885 15.3674 16.0418 16.127 15.9147 15.5308 14.5919 13.767 12.4212 10.8827 10.0687 12.5216 14.6558 15.77 15.6205 13.0524 12.0379 11.9893 12.5842 12.0788 11.6953 10.458 10.0906 9.58084 9.89834 10.8867 11.6973 12.4805 13.0523 13.106 13.4804 13.6975 13.7221 13.7951 13.7368 13.69 13.162 13.5348 13.2277 13.3979 13.2957 13.2037 13.1211 12.8216 13.0419 13.2379 13.2927 13.3134 13.3084 13.3126 13.3118 13.3015 13.3007 13.3073 13.3134 13.3115 13.3193 13.3182 13.2282 12.7104 12.0144 11.1329 -9999 -9999
-9999 -9999 -9999 -9999 -9999 -9999 11.0064 12.9823 13.9304 15.1584 15.7897 16.0488 16.0211 15.7112 14.9992 13.9241 13.0293 11.3109 9.52562 12.1002 14.3912 15.6288 15.6953 13.5334 14.1308 13.6462 13.84 12.9536 12.5848 12.2877 11.6531 10.9599 10.2001 9.80201 11.6155 12.5501 13.3041 13.6637 13.8705 13.9777 13.9304 13.8007 13.0041 13.6224 13.5938 13.538 13.473 13.4438 13.3849 13.3146 13.2706 13.26 13.063 13.2968 13.2971 13.3062 13.3137 13.3145 13.3102 13.3077 13.303 13.31 13.3101 13.31 13.3124 13.3181 13.3194 13.2982 13.1661 11.9798 11.2731 11.0789
-9999 -9999 -9999 -9999 -9999 -9999 8.22825 11.1032 13.4056 14.6151 15.5983 15.8733 15.9799 15.5616 15.2505 14.4815 13.7534 12.6262 10.9343 9.89372 11.8213 14.6213 15.6513 15.5666 15.5019 14.9423 14.4379 14.3736 14.4109 13.8184 12.9621 11.8482 11.5027 11.1156 12.4676 12.6562 12.5642 14.0521 14.0627 13.9859 13.4266 12.7973 12.9242 12.5366 12.8413 12.3784 12.8137 13.1905 13.334 13.3269 13.2776 13.2755 13.2585 13.3034 13.3084 13.3079 13.3093 13.3134 13.3149 13.3049 13.3027 13.3166 13.3112 13.3102 13.3093 13.3167 13.3212 13.3074 13.2954 13.1192 12.8504 12.3302
-9999 -9999 -9999 -9999 -9999 -9999 8.34544 10.7581 12.8111 14.0407 15.2275 15.5069 15.9116 15.8314 15.505 14.8371 14.0008 13.0739 11.6229 10.5451 11.8358 13.6952 15.0271 15.4997 15.4923 15.4603 15.3337 15.278 15.1308 15.0196 14.4087 13.356 12.7637 11.896 13.402 13.576 13.3474 14.1031 14.0724 12.9465 12.0823 11.9806 12.5159 12.0165 11.9313 11.6207 11.9813 12.9392 12.6649 12.7244 13.1562 13.2325 13.2828 13.3005 13.3032 13.3072 13.3062 13.3139 13.322 13.3123 13.3119 13.3156 13.3068 13.3097 13.3059 13.3061 13.3059 13.3019 13.2916 13.2466 13.1968 13.2625
-9999 -9999 -9999 -9999 -9999 -9999 8.39289 10.0133 11.8614 13.6717 14.9388 15.4531 15.8294 15.8311 15.4504 15.1212 14.5988 13.7838 13.2259 12.2532 10.9161 13.1668 13.8573 14.4685 14.7253 15.3666 15.3508 15.0569 14.7056 15.0236 14.9313 14.0997 13.8288 13.3696 14.2094 14.2167 14.1994 14.1609 13.2103 11.8866 10.8299 11.6017 11.4481 11.8024 10.7177 11.6185 12.3441 12.5826 12.0968 11.738 12.8613 13.0521 13.1682 13.2447 13.2971 13.292 13.3098 13.3099 13.3136 13.3172 13.3149 13.3166 13.3144 13.3119 13.3078 13.3092 13.304 13.2961 13.3024 13.2814 13.2776 13.2735
-9999 -9999 -9999 -9999 -9999 -9999 -9999 9.05109 11.3877 13.48 14.6471 15.3831 15.7445 15.7435 15.5513 15.3292 15.0071 14.4202 13.6812 12.5104 11.6417 12.1982 12.8744 12.9463 13.3964 14.6998 15.1453 14.515 12.947 13.8673 14.8963 14.8825 14.7984 14.7045 14.5827 14.475 14.2334 13.577 11.554 11.1619 10.3723 10.4692 10.067 10.9612 10.6311 11.5527 11.9548 12.1096 11.267 11.445 12.445 12.8444 12.7845 13.032 13.2684 13.2823 13.2954 13.2962 13.3082 13.3173 13.3208 13.3182 13.3182 13.3201 13.3065 13.317 13.2491 13.2076 13.1157 13.246 13.2651 13.2782
-9999 -9999 -9999 -9999 -9999 -9999 -9999 8.57582 10.9138 13.3773 14.1714 14.9645 15.6499 15.6684 15.3716 15.0895 14.7987 14.4666 13.5693 12.6988 11.8675 11.5904 11.7612 11.7422 12.4704 14.1689 14.4986 14.3595 12.7203 12.1712 13.5454 14.7013 14.7957 14.6953 13.3435 13.6376 12.9114 11.9249 11.6579 11.2299 10.3182 10.7663 10.1001 10.3942 10.3165 10.842 11.1008 11.7245 10.9911 10.9933 11.9753 12.4739 12.492 13.0154 13.206 13.2608 13.2796 13.2952 13.3046 13.3201 13.3229 13.3229 13.3206 13.3036 13.2525 13.0762 12.1036 12.1124 12.3894 12.6518 13.1218 13.2606
-9999 -9999 -9999 -9999 -9999 -9999 -9999 8.84083 10.4645 12.651 14.2721 14.3784 15.1693 15.5801 15.2567 14.892 14.5185 14.3579 13.3809 12.3069 11.4395 10.4118 10.5846 11.3274 12.5317 13.6297 13.8274 13.6024 12.7191 13.1343 14.0727 14.5728 14.7231 14.6121 14.3214 14.1558 13.6224 13.3947 12.6522 11.4881 11.0333 11.3314 10.095 10.1876 10.6527 10.1634 10.9733 11.3635 10.4151 11.1709 12.0409 12.4886 12.8809 13.0698 13.149 13.2673 13.277 13.2933 13.3056 13.3113 13.3187 13.3081 13.3006 13.2039 13.0577 12.1501 11.775 11.8573 12.2879 12.6658 13.0608 13.2268
-9999 -9999 -9999 -9999 -9999 -9999 -9999 9.11165 10.5741 12.4707 13.6277 13.8387 14.7152 15.4953 15.4137 15.0339 14.9216 14.5275 13.6996 12.7843 11.7832 11.2982 10.1782 11.287 12.1553 13.0859 13.5224 12.7942 12.4367 13.0777 13.7152 13.9723 14.6168 14.6152 14.4113 13.5165 13.0832 13.2743 13.0917 12.7675 11.968 11.9381 11.4265 11.218 11.0211 10.3618 10.7867 10.834 10.9522 11.8605 12.3162 12.6204 12.8978 12.9752 13.0996 13.2592 13.2795 13.2919 13.2983 13.3083 13.3043 13.2681 13.2388 13.0365 12.6728 11.9876 10.8711 11.6698 12.5046 12.76 13.0068 13.1391
-9999 -9999 -9999 -9999 -9999 -9999 -9999 8.85763 10.4112 12.0328 12.7136 12.8331 14.4155 15.3864 15.393 15.2155 15.0073 14.0268 14.0891 13.8964 12.9938 11.6771 10.2303 10.3695 11.2301 12.4557 12.8639 11.6671 11.2512 11.5629 12.5254 13.3877 14.2882 14.5205 14.2624 12.8668 11.3835 12.0796 12.8231 12.8249 12.6144 11.8732 11.6418 11.4328 10.8934 9.97362 10.1093 10.3714 11.4015 11.7339 12.2442 12.6691 12.5174 12.6162 13.0233 13.2598 13.2752 13.2862 13.3007 13.3026 13.296 13.2165 13.1319 12.9851 12.0247 11.4302 10.563 11.5861 12.1574 12.4652 13.0096 13.145
-9999 -9999 -9999 -9999 -9999 -9999 -9999 8.37235 9.50105 11.0514 11.679 12.6776 14.1732 14.9114 15.2678 15.2651 15.1279 14.6915 14.4308 13.9125 12.9735 11.6879 10.2582 9.3284 9.80597 11.4491 11.8391 10.7376 10.1849 10.8813 11.9071 13.4243 14.2932 14.4147 14.3415 14.0578 12.9763 11.6687 11.6789 12.3434 11.7982 11.1635 11.5216 11.4621 10.9295 10.5436 10.3024 10.4561 11.0436 11.2929 11.8816 12.7476 12.8771 12.8591 13.2277 13.2524 13.2677 13.2882 13.2947 13.2983 13.2945 13.2309 13.0797 12.4428 11.8882 11.114 11.0244 11.9365 12.3416 12.7167 12.9874 13.0806
-9999 -9999 -9999 -9999 -9999 -9999 -9999 7.54081 8.86818 10.3209 11.6815 12.9692 14.0782 14.1686 14.7559 14.7602 15.0702 14.9876 14.5832 14.1475 13.3392 11.6867 10.2976 8.78207 9.18591 10.8652 11.0706 10.3412 8.99081 10.3928 11.9388 13.3405 14.1016 13.5133 14.1262 14.0815 13.6797 12.9035 11.6937 11.7225 10.8174 10.7835 11.2571 11.4147 11.3424 11.0542 10.5879 10.6676 11.0242 11.1213 11.6629 12.3362 12.9946 13.1107 13.2417 13.2538 13.2626 13.2796 13.2878 13.2812 13.2548 13.1879 12.655 12.0199 11.6313 11.0939 11.0347 12.0885 12.5112 12.7491 12.984 13.0811
-9999 -9999 -9999 -9999 -9999 -9999 -9999 -9999 8.72707 10.2278 11.3397 11.6427 12.6291 13.1641 13.5792 13.6752 14.8502 14.9196 14.665 14.2651 13.5765 12.3236 11.4517 9.99828 8.95445 9.37778 9.56788 9.95638 9.84666 10.4742 11.96 13.5081 13.6811 12.7053 12.8556 13.0661 13.5314 13.3037 11.6532 10.8174 10.1247 10.6266 11.1543 11.2863 11.3172 11.2221 11.1072 10.9014 11.6057 12.1285 12.2545 12.7113 13.0503 13.1487 13.2246 13.2399 13.2554 13.2624 13.25 13.2428 13.1663 12.9863 12.3892 10.9437 11.0184 10.8681 10.4231 11.4522 12.1011 12.685 12.9987 13.085
-9999 -9999 -9999 -9999 -9999 -9999 -9999 -9999 8.22351 9.95928 10.3299 10.3078 9.73982 10.0088 12.1385 12.5714 13.6986 14.7661 14.6929 14.3007 13.6568 12.9123 11.7572 10.1222 8.82367 8.26453 9.66334 11.0381 11.3261 11.7694 12.6816 12.8586 11.861 10.9261 11.4589 11.7821 12.9986 13.2251 12.9954 12.0032 10.8679 10.278 10.9867 11.0862 11.134 11.1478 11.1294 11.0982 11.8864 12.3282 12.6366 12.8075 13.0996 13.1793 13.2094 13.2382 13.2399 13.232 13.1938 13.1495 12.9305 12.6641 11.6816 10.8636 10.3561 9.70997 11.1879 11.6318 12.244 12.6391 12.951 13.0249
