Test_Spring_2018/11_17/Temp/20171128_014.txt
ncols	170
nrows	115
xllcorner	350000.000000
yllcorner	4445000.000000
cellsize	1000.000000
nodata_value	-9999.000000
[rows 32 to 63 of 115, columns 72 to 143 of 170]
8.97227 8.64523 9.13927 9.59368 9.30112 9.10662 9.85109 9.8467 9.58507 8.97636 8.75082 8.51735 8.3732 7.59435 5.41466 3.44953 4.49839 4.52075 3.79108 5.09237 4.40103 2.60168 0.0626211 1.43867 1.07722 -0.726156 -1.17121 -9999 -9999 -9999 -9999 -9999 -9999 -9999 -9999 -9999 -9999 -9999 -9999 -9999 -9999 -9999 -9999 -9999 -9999 -9999 -9999 -9999 -9999 -9999 -9999 -9999 -9999 -9999 -9999 -9999 -9999 -9999 -9999 -9999 -9999 -9999 -9999 -9999 -9999 -9999 -9999 -9999 -9999 -9999 -9999 -9999
8.54076 8.39789 9.13451 9.11441 9.05986 9.31412 9.7728 9.86191 9.75739 9.48971 9.2577 9.01137 8.39181 7.50123 5.63534 3.3989 2.88965 3.98031 4.03026 4.20348 3.57326 2.78229 1.54626 2.55384 2.94355 1.75921 0.207452 -0.794728 -9999 -9999 -9999 -9999 -9999 -9999 -9999 -9999 -9999 -9999 -9999 -9999 -9999 -9999 -9999 -9999 -9999 -9999 -9999 -9999 -9999 -9999 -9999 -9999 -9999 -9999 -9999 -9999 -9999 -9999 -9999 -9999 -9999 -9999 -9999 -9999 -9999 -9999 -9999 -9999 -9999 -9999 -9999 -9999
8.02613 7.30319 7.74543 8.07625 8.68473 8.83201 8.92066 9.80028 9.74936 9.7045 9.3234 9.01812 8.51477 7.6575 6.43844 4.9714 2.41916 3.98879 5.2174 5.18349 5.11368 4.55889 3.3714 4.36038 4.40439 2.8929 1.16373 0.150787 -0.269241 -9999 -9999 -9999 -9999 -9999 -9999 -9999 -9999 -9999 -9999 -9999 -9999 -9999 -9999 -9999 -9999 -9999 -9999 -9999 -9999 -9999 -9999 -9999 -9999 -9999 -9999 -9999 -9999 -9999 -9999 -9999 -9999 -9999 -9999 -9999 -9999 -9999 -9999 -9999 -9999 -9999 -9999 -9999
7.44119 6.55907 7.00403 7.59909 8.43589 8.86113 9.1853 9.44528 9.71068 9.67484 9.28479 8.14032 7.97408 7.92163 7.12329 5.45118 3.78142 3.34708 5.22269 5.75789 5.64606 6.06309 5.05687 5.52885 5.33184 4.79535 3.13541 1.62245 0.997081 -0.23693 -9999 -9999 -9999 -9999 -9999 -9999 -9999 -9999 -9999 -9999 -9999 -9999 -9999 -9999 -9999 -9999 -9999 -9999 -9999 -9999 -9999 -9999 -9999 -9999 -9999 -9999 -9999 -9999 -9999 -9999 -9999 -9999 -9999 -9999 -9999 -9999 -9999 -9999 -9999 -9999 -9999 -9999
-9999 -9999 6.00297 6.81005 7.47585 8.29603 9.00005 9.35343 9.69675 9.66465 8.88864 8.50732 8.47094 7.9466 7.02541 6.44639 5.39419 4.29817 4.71367 6.31295 5.59837 6.73075 6.63243 6.83852 6.07755 4.63317 2.71265 1.58669 1.02698 0.0266235 -9999 -9999 -9999 -9999 -9999 -9999 -9999 -9999 -9999 -9999 -9999 -9999 -9999 -9999 -9999 -9999 -9999 -9999 -9999 -9999 -9999 -9999 -9999 -9999 -9999 -9999 -9999 -9999 -9999 -9999 -9999 -9999 -9999 -9999 -9999 -9999 -9999 -9999 -9999 -9999 -9999 -9999
-9999 -9999 -9999 6.66094 7.16584 8.26698 8.82636 9.05394 9.61013 9.60712 9.3106 9.08601 8.76208 8.34032 7.64728 6.8832 5.89353 5.79993 6.82226 6.83285 6.61676 6.78284 7.30694 7.16584 5.99016 3.95716 2.88418 0.702925 -0.230935 -0.137349 -0.799776 -9999 -9999 -9999 -9999 -9999 -9999 -9999 -9999 -9999 -9999 -9999 -9999 1.7195 -9999 -9999 -9999 -9999 -9999 -9999 -9999 -9999 -9999 -9999 -9999 -9999 -9999 -9999 -9999 -9999 -9999 -9999 -9999 -9999 -2.26041 -9999 -9999 -9999 -9999 -9999 -9999 -9999
-9999 -9999 6.57144 7.24651 7.77918 8.46734 8.52768 8.93049 9.57044 9.57536 9.3637 9.12538 8.59477 8.46096 8.06523 7.23594 7.06453 7.39757 7.54999 7.72309 7.82897 7.73963 7.52439 7.24665 6.48275 5.54083 4.90787 2.91858 1.90771 0.943949 -0.513705 -1.65436 -9999 -9999 -9999 -9999 -9999 -9999 -9999 0.960078 0.906024 0.932066 1.25169 2.13361 1.61611 -9999 -9999 -9999 -9999 -9999 -9999 -9999 -9999 -9999 -9999 -9999 -9999 -9999 -9999 -9999 -9999 -9999 -9999 -9999 -1.46189 -2.60926 -9999 -9999 -9999 -9999 -9999 -9999
-9999 -9999 6.74917 7.47074 7.82838 8.49634 8.87616 9.11707 9.33558 9.54442 9.50413 9.24063 8.8423 8.8416 8.29489 7.99918 7.78766 8.23905 8.32695 8.14351 7.91382 7.71045 7.1382 7.07016 6.87783 6.27924 5.29784 4.2865 2.82473 0.846469 -1.0936 -2.65876 -9999 -9999 -9999 -9999 -9999 -9999 1.12496 1.85722 2.29612 1.36381 2.16118 2.89016 2.77454 2.06865 -9999 -9999 -9999 -9999 -9999 -9999 -9999 -9999 -9999 -9999 -9999 -9999 -9999 -9999 3.97975 2.80344 0.428253 -0.789692 -1.52078 -2.56416 -9999 -9999 -9999 -9999 -9999 -9999
-9999 -9999 6.60597 7.45889 8.03477 8.54517 8.622 9.1412 9.36512 9.47482 9.45666 9.40099 9.32451 8.84655 8.63958 7.91976 8.6043 8.57667 8.40153 7.71243 7.41296 6.23065 5.70939 5.58726 6.57848 5.84246 4.30777 2.38966 0.0819595 -0.0690915 -0.832723 -2.23194 -9999 -9999 -9999 -9999 -9999 -9999 1.35203 2.13536 2.78947 2.88529 1.95897 3.25404 3.20491 2.48186 2.31855 2.91313 3.21492 2.99316 3.70356 3.91141 3.59167 3.94237 -9999 -9999 -9999 -9999 4.14754 4.194 4.22876 3.73794 1.14315 -0.629368 -2.22116 -2.36859 -9999 -9999 -9999 -9999 -9999 -9999
-9999 -9999 7.20121 7.72406 7.9855 8.02286 8.4799 8.93218 9.21015 9.41208 9.36552 9.34431 9.32256 9.15696 8.77704 8.84275 8.81048 8.58895 7.27851 5.74926 6.41432 5.50582 3.55751 5.13546 6.00058 5.16688 3.3076 1.15184 0.441198 0.469255 -0.592124 -1.95662 -9999 -9999 -9999 -0.786922 0.333729 0.430964 0.761589 1.80645 2.60166 3.20109 3.60994 3.59694 3.16942 2.46243 1.69382 1.96938 3.35531 3.69394 3.98152 4.19703 3.90028 4.05587 4.42577 4.61654 4.65458 4.56652 4.54553 4.57463 4.52923 4.07107 1.74962 0.420672 -0.427566 -2.12921 -9999 -9999 -9999 -9999 -9999 -9999
-9999 -9999 6.8688 7.32254 7.68869 8.29938 8.35847 8.74321 8.96547 9.30428 9.33819 8.93011 9.25979 9.21344 9.14843 9.01405 8.8186 7.7122 6.18794 4.66003 3.95421 4.24972 3.08014 3.67994 4.55664 4.23394 3.0928 1.17196 0.89898 0.447466 -1.33541 -3.05255 -9999 -9999 -2.96057 -0.810139 0.704098 1.48522 1.72736 1.75103 2.75295 2.83255 3.9116 3.65944 2.23679 2.39856 1.84556 2.20632 2.71678 2.85718 3.58966 4.29355 4.42649 4.42953 4.66494 4.71283 4.7245 4.71738 4.55641 4.62831 4.63825 4.35206 2.66984 1.84895 0.945535 -2.10317 -9999 -9999 -9999 -9999 -9999 -9999
-9999 -9999 7.10337 7.61093 8.16709 8.25176 8.66198 8.61332 8.48493 9.06017 9.26713 8.9775 8.76836 9.14302 9.1142 9.06205 8.97798 7.93844 6.73587 4.91576 3.78458 3.08883 2.59657 1.9408 2.39023 2.25028 2.06307 2.27328 1.74305 0.685109 -0.360249 -2.31374 -3.37179 -9999 -2.844 -1.87436 -0.0733593 1.45756 2.42971 2.08067 3.22003 3.43238 4.0894 3.70542 2.84293 2.47403 2.44266 2.33066 3.09899 3.61666 3.98276 4.22672 4.53047 4.60749 4.68456 4.71627 4.73299 4.74973 4.74457 4.73718 4.70177 4.5933 3.81907 3.00042 1.2313 -1.99942 -9999 -9999 -9999 -9999 -9999 -9999
-9999 5.61722 7.04651 7.90146 8.22824 8.46207 8.66731 8.81404 8.96546 9.11022 9.20867 9.15927 8.40059 8.45882 8.59182 9.01822 8.98642 8.89178 8.23422 6.0199 5.25138 4.13237 2.68323 2.07784 2.37876 3.56387 3.5087 2.72018 1.84146 0.624764 -0.148873 -1.34834 -3.64797 -3.44372 -2.41082 -1.6423 -0.418657 1.45276 2.76502 3.3511 3.57322 4.03468 4.27604 3.75061 3.25073 3.04128 2.65148 2.59822 2.60306 3.06799 3.43156 4.23754 4.50856 4.63241 4.69525 4.72862 4.75245 4.77564 4.78278 4.76592 4.76527 4.75751 4.69993 3.60956 0.884978 -1.16715 -9999 -9999 -9999 -9999 -9999 -9999
-9999 -9999 6.78279 7.15485 7.2469 7.41316 7.76113 8.16352 8.73388 8.80257 9.11683 9.11028 8.45595 7.70165 8.35328 8.61138 8.87967 8.88719 8.80234 6.93918 5.96528 5.19823 3.80876 4.30942 4.78371 4.818 4.52875 2.84087 1.15954 -0.781567 -2.59237 -2.68168 -3.6578 -3.145 -2.46351 -0.710018 0.524041 1.02438 1.38416 3.28768 3.78283 3.95512 4.44408 3.78183 3.61714 3.12035 3.27119 3.22986 3.23494 1.85396 3.24391 3.3272 4.23194 4.63937 4.73131 4.75588 4.78178 4.78497 4.78891 4.78333 4.79099 4.77626 4.76105 4.0522 0.595554 -1.13907 -9999 -9999 -9999 -9999 -9999 -9999
-9999 -9999 -9999 -9999 6.89091 7.17247 7.35026 7.66355 8.63595 8.8945 9.06485 9.07504 8.78114 8.03445 7.8363 7.97094 7.24471 7.85122 8.67999 8.65887 8.55769 6.92139 6.08481 6.89389 6.64617 5.41478 4.44489 3.48726 1.51923 0.0749422 -2.00004 -3.55896 -3.62046 -1.90594 -0.48194 1.29238 2.07487 1.62822 2.11146 3.05722 4.13205 4.65286 4.53249 3.83444 3.74006 2.97287 3.73221 3.79959 3.45015 3.14822 3.27207 3.72057 3.89209 4.59969 4.77094 4.80102 4.8056 4.80739 4.80302 4.79751 4.78797 4.7794 4.76851 4.73578 1.1827 -1.58051 -9999 -9999 -9999 -9999 -9999 -9999
-9999 -9999 -9999 -9999 6.21062 6.37911 6.8343 8.01523 8.62677 8.87193 8.8579 8.96935 8.76095 8.10369 7.42995 6.7952 5.97754 6.44413 7.67947 8.40765 8.49008 7.0557 7.802 7.52161 6.96954 5.35966 4.17234 3.54144 1.65189 0.0309721 -1.35051 -3.2569 -2.44569 -1.55175 -0.402397 1.53358 2.8398 3.37648 2.92557 3.53057 4.76729 4.77601 4.10256 4.14902 3.74121 2.69193 3.79021 4.10121 3.85533 3.92211 3.83223 4.00011 4.30431 4.59488 4.78778 4.81338 4.81552 4.80799 4.80623 4.80561 4.79068 4.79063 4.77975 4.76094 2.46737 -1.63008 -9999 -9999 -9999 -9999 -9999 -9999
-9999 -9999 -9999 -9999 -9999 5.58437 6.63273 8.20282 8.58359 8.54175 8.862 8.88538 8.56763 8.29213 7.47477 6.35963 4.21941 4.76398 5.90112 7.541 8.40262 8.28574 7.80633 6.97231 4.95524 3.18941 2.97295 2.68157 1.30179 0.052272 -1.48328 -0.598281 0.37155 1.43308 1.98992 1.84288 2.96197 3.87475 3.48703 4.22903 5.09514 4.70488 4.47527 4.28326 3.81139 3.78572 3.83843 4.46338 4.03571 4.30266 4.31215 4.2988 4.44731 4.61763 4.79604 4.82477 4.8242 4.82586 4.80371 4.80963 4.79815 4.78702 4.77697 4.76077 4.55283 2.34598 1.02673 -9999 -9999 -9999 -9999 -9999
-9999 -9999 -9999 -9999 -9999 4.61253 5.13173 6.99273 7.55893 8.37842 8.81134 8.82689 8.29321 7.99506 6.77792 6.38259 4.40278 3.50643 4.26657 3.97529 6.23332 8.23121 7.79644 3.76146 2.29898 1.25506 1.52059 1.52061 1.13452 -0.988836 -1.57553 0.318218 1.50965 2.43235 3.13201 3.27641 3.25101 4.67912 4.86907 5.33398 5.23438 5.27924 4.56021 4.11644 4.51006 4.06339 3.98962 4.63512 4.00502 4.5799 4.5152 4.34496 4.33709 4.71474 4.79112 4.83086 4.83237 4.81624 4.79578 4.78369 4.79478 4.78818 4.7666 4.76722 4.74643 4.48434 3.3421 2.94304 3.3857 -9999 -9999 -9999
-9999 -9999 -9999 -9999 -9999 -9999 3.39216 5.98162 7.1572 7.77472 8.64712 8.74845 8.4619 7.94846 6.70918 5.6197 3.84973 1.82878 0.758578 3.96138 6.74884 8.20338 8.01239 4.65349 3.32693 3.26381 4.0423 3.38131 2.87911 1.26433 0.780662 0.109372 0.518792 1.80551 2.85734 3.87173 4.60926 4.66885 5.14815 5.42441 5.44821 5.5362 5.45356 5.38687 4.69445 5.17832 4.77332 4.99278 4.85609 4.73271 4.62732 4.23061 4.51306 4.76281 4.82705 4.8464 4.83013 4.82521 4.81317 4.78836 4.77701 4.77454 4.77158 4.75844 4.75805 4.74626 4.61842 3.93129 3.01125 1.84875 -9999 -9999
-9999 -9999 -9999 -9999 -9999 -9999 2.09796 4.67509 5.90964 7.50686 8.3242 8.65508 8.6077 8.19116 7.24902 5.83248 4.65265 2.3965 0.0540577 3.4153 6.41052 8.02613 8.11106 5.28926 6.07038 5.43652 5.68973 4.52994 4.04658 3.66135 2.82778 1.91642 0.918742 0.391513 2.7545 3.9672 4.94322 5.40328 5.66355 5.79391 5.72503 5.54961 4.50126 5.30427 5.2649 5.18787 5.09916 5.05755 4.97712 4.88168 4.82678 4.80766 4.54417 4.84434 4.83765 4.84067 4.84079 4.83151 4.8151 4.80062 4.7832 4.78284 4.77227 4.7616 4.75428 4.75128 4.74294 4.70529 4.52274 2.96156 2.02759 1.767
-9999 -9999 -9999 -9999 -9999 -9999 -1.52985 2.22293 5.23051 6.80341 8.08307 8.43217 8.56078 8.00283 7.58543 6.5695 5.6078 4.12506 1.90474 0.53748 3.05378 6.712 8.06086 7.95563 7.87 7.1374 6.47677 6.39149 6.43868 5.66686 4.54595 3.08378 2.62733 2.11332 3.87288 4.11008 3.98001 5.91605 5.92008 5.8101 5.0696 4.2414 4.40043 3.8901 4.2865 3.67658 4.24186 4.73074 4.91462 4.90148 4.83949 4.83284 4.80427 4.85716 4.85558 4.84616 4.83846 4.8336 4.8249 4.80098 4.78692 4.79395 4.77851 4.76658 4.7554 4.75467 4.75053 4.72259 4.69713 4.45691 4.09569 3.40895
-9999 -9999 -9999 -9999 -9999 -9999 -1.36898 1.78211 4.45884 6.06238 7.60479 7.95997 8.47872 8.36343 7.92627 7.04285 5.93994 4.71927 2.81411 1.39798 3.0806 5.50889 7.24743 7.87105 7.86403 7.8206 7.65344 7.58162 7.38695 7.24459 6.4412 5.06161 4.28006 3.13745 5.09873 5.31725 5.00871 5.98754 5.93782 4.45595 3.31701 3.17582 3.87252 3.21302 3.09951 2.69098 3.1581 4.40656 4.04464 4.11814 4.68577 4.77965 4.84083 4.85652 4.85187 4.84819 4.83742 4.83761 4.83772 4.81432 4.80292 4.79686 4.77455 4.77091 4.75569 4.74569 4.73571 4.72062 4.69733 4.6288 4.55408 4.63397
-9999 -9999 -9999 -9999 -9999 -9999 -1.30204 0.814084 3.22272 5.58644 7.2341 7.89681 8.37879 8.37094 7.86307 7.42291 6.73082 5.65656 4.91945 3.64071 1.88616 4.82483 5.72514 6.5297 6.86535 7.70232 7.67989 7.29347 6.84136 7.25335 7.13135 6.03767 5.67654 5.06841 6.1584 6.15921 6.12745 6.06782 4.81531 3.07504 1.68441 2.68583 2.47761 2.93895 1.51806 2.69131 3.6357 3.94324 3.30536 2.83137 4.30338 4.54924 4.69403 4.78646 4.84678 4.83121 4.84523 4.83552 4.83012 4.82433 4.81077 4.80228 4.78879 4.77514 4.76326 4.75493 4.73818 4.71802 4.71656 4.67968 4.66495 4.65367
-9999 -9999 -9999 -9999 -9999 -9999 -9999 -0.438981 2.61473 5.34225 6.85931 7.81234 8.27524 8.2641 8.0032 7.70351 7.27348 6.49777 5.52391 3.98597 2.84395 3.56665 4.44845 4.54788 5.13384 6.83604 7.4162 6.58907 4.54266 5.74701 7.08762 7.06364 6.94693 6.81674 6.65053 6.50102 6.17618 5.30875 2.65393 2.13163 1.0906 1.20939 0.676039 1.84436 1.4106 2.6105 3.13134 3.32879 2.22194 2.45909 3.76442 4.28017 4.19467 4.51077 4.81217 4.82147 4.82938 4.82075 4.82643 4.82805 4.82231 4.80833 4.79789 4.79023 4.76671 4.77024 4.67161 4.60755 4.47759 4.63841 4.6536 4.66698
-9999 -9999 -9999 -9999 -9999 -9999 -9999 -1.04739 2.00188 5.21506 6.24443 7.27228 8.15926 8.17396 7.77649 7.39862 7.00967 6.56729 5.38624 4.241 3.14759 2.77958 2.99804 2.98048 3.92944 6.14761 6.57552 6.39013 4.25585 3.53279 5.32464 6.83024 6.94697 6.8084 5.03251 5.40894 4.45065 3.15172 2.79394 2.22559 1.02509 1.60339 0.724593 1.10244 1.00466 1.6862 2.01913 2.82948 1.86475 1.87184 3.15374 3.79897 3.8153 4.49201 4.7331 4.79599 4.81148 4.82242 4.82489 4.83516 4.82866 4.81857 4.80537 4.77315 4.69633 4.4609 3.17861 3.18044 3.53296 3.8665 4.47645 4.64965
-9999 -9999 -9999 -9999 -9999 -9999 -9999 -0.693558 1.42148 4.27241 6.38354 6.51335 7.53854 8.06662 7.63463 7.14874 6.65186 6.43373 5.1484 3.73676 2.59595 1.24587 1.46641 2.43299 4.01615 5.44835 5.70288 5.4045 4.25914 4.79678 6.01831 6.66607 6.85584 6.70335 6.3154 6.09079 5.38488 5.07858 4.09916 2.56835 1.96551 2.34755 0.723128 0.837293 1.43888 0.80375 1.85701 2.36154 1.1152 2.11224 3.24327 3.82162 4.32713 4.56637 4.66163 4.80763 4.81123 4.82325 4.82967 4.8273 4.82706 4.80325 4.78359 4.64728 4.44627 3.24954 2.75412 2.85215 3.40556 3.8901 4.40417 4.61122
-9999 -9999 -9999 -9999 -9999 -9999 -9999 -0.332027 1.57217 4.04389 5.54832 5.81513 6.95245 7.96367 7.84814 7.34269 7.18745 6.66396 5.57354 4.36937 3.05338 2.41278 0.942112 2.38672 3.53041 4.743 5.30927 4.36751 3.89476 4.72741 5.55518 5.88483 6.72094 6.71149 6.43712 5.25891 4.68397 4.9258 4.67869 4.24656 3.19294 3.14613 2.46966 2.18979 1.92558 1.06824 1.61766 1.67332 1.82685 3.01835 3.60723 3.99771 4.35275 4.44603 4.60029 4.80037 4.81784 4.82482 4.8237 4.82723 4.81232 4.75523 4.70714 4.4329 3.94749 3.04176 1.5773 2.61225 3.69442 4.02106 4.33946 4.5024
-9999 -9999 -9999 -9999 -9999 -9999 -9999 -0.656862 1.36646 3.47868 4.36016 4.50756 6.56821 7.82913 7.82907 7.58836 7.3077 6.01721 6.0911 5.83167 4.64433 2.91559 1.01711 1.19329 2.32309 3.92462 4.45349 2.89887 2.34925 2.75102 4.00363 5.12477 6.29551 6.5919 6.24677 4.41348 2.46549 3.36784 4.33224 4.32657 4.04332 3.06628 2.75621 2.47566 1.7632 0.558141 0.736352 1.07265 2.42946 2.85702 3.51708 4.06523 3.85902 3.97999 4.50401 4.80462 4.81586 4.82107 4.83078 4.82368 4.80554 4.69201 4.57182 4.37022 3.10466 2.31771 1.17397 2.50822 3.24591 3.6469 4.349 4.5161
-9999 -9999 -9999 -9999 -9999 -9999 -9999 -1.28416 0.18348 2.20244 3.01453 4.31169 6.25898 7.21564 7.67316 7.66098 7.47327 6.89438 6.54566 5.86025 4.62511 2.93685 1.06037 -0.161866 0.456755 2.61396 3.1262 1.68882 0.959878 1.8646 3.19971 5.17729 6.30666 6.4581 6.3547 5.97586 4.55344 2.83521 2.84053 3.70161 2.98066 2.14291 2.60377 2.51872 1.81513 1.30351 0.993702 1.19374 1.96597 2.28466 3.04706 4.17192 4.3333 4.30161 4.77512 4.79883 4.80982 4.82757 4.82684 4.8223 4.8079 4.7153 4.50809 3.66566 2.93105 1.9091 1.7827 2.97203 3.4948 3.98162 4.32595 4.43791
-9999 -9999 -9999 -9999 -9999 -9999 -9999 -2.36436 -0.636897 1.2544 3.02524 4.70061 6.14231 6.25169 7.01118 7.0082 7.4053 7.28911 6.75239 6.17483 5.11037 2.9421 1.11855 -0.870045 -0.348116 1.85212 2.13586 1.17591 -0.596448 1.23087 3.2462 5.07263 6.0608 5.28395 6.07783 6.01156 5.47807 4.45494 2.86465 2.89434 1.70273 1.65081 2.26273 2.46151 2.35987 1.97586 1.36392 1.47528 1.94517 2.06468 2.76535 3.63808 4.4912 4.63475 4.79756 4.80462 4.80726 4.82048 4.82206 4.80413 4.76034 4.6635 3.95722 3.11733 2.59993 1.88789 1.80149 3.17053 3.72246 4.03002 4.32755 4.44483
-9999 -9999 -9999 -9999 -9999 -9999 -9999 -9999 -0.81418 1.13996 2.5854 2.97297 4.25428 4.94522 5.47948 5.59637 7.12483 7.2073 6.86635 6.33566 5.42751 3.78173 2.63448 0.726942 -0.644703 -0.0798867 0.176174 0.678176 0.528381 1.3426 3.27921 5.29693 5.51595 4.23219 4.42105 4.68843 5.28902 4.98318 2.81646 1.71548 0.801659 1.4504 2.13302 2.2983 2.33158 2.20017 2.05399 1.79654 2.71027 3.38649 3.54365 4.13316 4.56842 4.68879 4.77945 4.79072 4.80212 4.80227 4.77687 4.75839 4.64912 4.40441 3.61439 1.71467 1.80329 1.59777 1.00683 2.34673 3.19782 3.95211 4.35285 4.45617
-9999 -9999 -9999 -9999 -9999 -9999 -9999 -9999 -1.4656 0.795917 1.27185 1.23414 0.482496 0.825493 3.60217 4.15974 5.62553 7.01339 6.90949 6.38881 5.539 4.55806 3.04034 0.895237 -0.809625 -1.53058 0.301438 2.09862 2.46887 3.04213 4.22832 4.45272 3.14068 1.91029 2.59936 3.01407 4.5971 4.88538 4.57682 3.27115 1.7785 0.999269 1.91861 2.04148 2.09674 2.10784 2.08382 2.04984 3.08209 3.65233 4.04801 4.2636 4.63741 4.73327 4.76408 4.793 4.78631 4.76704 4.70799 4.64081 4.34535 3.9877 2.69371 1.61489 0.942152 0.0882812 2.01259 2.58728 3.38396 3.89802 4.29672 4.38402
