Test_Spring_2018/11_17/Temp/20171118_008.txt
ncols	170
nrows	115
xllcorner	350000.000000
yllcorner	4445000.000000
cellsize	1000.000000
nodata_value	-9999.000000
[rows 32 to 63 of 115, columns 72 to 143 of 170]
12.7307 12.4105 12.8998 13.3502 13.0713 12.8831 13.624 13.6214 13.3651 12.7665 12.5454 12.3163 12.175 11.4078 9.25972 7.32287 8.35644 8.37803 7.6582 8.93993 8.25748 6.48278 3.97886 5.33362 4.97576 3.1927 2.74752 -9999 -9999 -9999 -9999 -9999 -9999 -9999 -9999 -9999 -9999 -9999 -9999 -9999 -9999 -9999 -9999 -9999 -9999 -9999 -9999 -9999 -9999 -9999 -9999 -9999 -9999 -9999 -9999 -9999 -9999 -9999 -9999 -9999 -9999 -9999 -9999 -9999 -9999 -9999 -9999 -9999 -9999 -9999 -9999 -9999
12.3048 12.1662 12.8946 12.8772 12.8252 13.0874 13.5465 13.636 13.5346 13.2721 13.0446 12.8028 12.1929 11.3157 9.47688 7.27264 6.77055 7.84514 7.89378 8.06372 7.44162 6.6609 5.44139 6.43312 6.81576 5.64056 4.10712 3.11872 -9999 -9999 -9999 -9999 -9999 -9999 -9999 -9999 -9999 -9999 -9999 -9999 -9999 -9999 -9999 -9999 -9999 -9999 -9999 -9999 -9999 -9999 -9999 -9999 -9999 -9999 -9999 -9999 -9999 -9999 -9999 -9999 -9999 -9999 -9999 -9999 -9999 -9999 -9999 -9999 -9999 -9999 -9999 -9999
11.7969 11.0866 11.5249 11.8535 12.4569 12.6172 12.7064 13.5751 13.5265 13.4837 13.1093 12.8095 12.3141 11.4697 10.2685 8.82264 6.30696 7.85367 9.06406 9.0299 8.96019 8.41232 7.24074 8.21422 8.25624 6.75457 5.05235 4.05169 3.63547 -9999 -9999 -9999 -9999 -9999 -9999 -9999 -9999 -9999 -9999 -9999 -9999 -9999 -9999 -9999 -9999 -9999 -9999 -9999 -9999 -9999 -9999 -9999 -9999 -9999 -9999 -9999 -9999 -9999 -9999 -9999 -9999 -9999 -9999 -9999 -9999 -9999 -9999 -9999 -9999 -9999 -9999 -9999
11.2196 10.3526 10.7936 11.3828 12.2121 12.6373 12.9672 13.2253 13.4885 13.4547 13.0716 11.9446 11.7816 11.7305 10.944 9.29606 7.65018 7.22174 9.06983 9.59661 9.4855 9.8955 8.90261 9.36658 9.17111 8.63613 6.99422 5.50332 4.88484 3.66654 -9999 -9999 -9999 -9999 -9999 -9999 -9999 -9999 -9999 -9999 -9999 -9999 -9999 -9999 -9999 -9999 -9999 -9999 -9999 -9999 -9999 -9999 -9999 -9999 -9999 -9999 -9999 -9999 -9999 -9999 -9999 -9999 -9999 -9999 -9999 -9999 -9999 -9999 -9999 -9999 -9999 -9999
-9999 -9999 9.80645 10.6066 11.2702 12.0801 12.7846 13.1349 13.4752 13.4452 12.6818 12.3071 12.2722 11.756 10.8485 10.2779 9.2407 8.16008 8.56904 10.1446 9.43935 10.5544 10.4563 10.6582 9.90694 8.47923 6.57855 5.46926 4.9156 3.92773 -9999 -9999 -9999 -9999 -9999 -9999 -9999 -9999 -9999 -9999 -9999 -9999 -9999 -9999 -9999 -9999 -9999 -9999 -9999 -9999 -9999 -9999 -9999 -9999 -9999 -9999 -9999 -9999 -9999 -9999 -9999 -9999 -9999 -9999 -9999 -9999 -9999 -9999 -9999 -9999 -9999 -9999
-9999 -9999 -9999 10.4594 10.9643 12.0526 12.6136 12.8401 13.3904 13.3893 13.0986 12.8786 12.5603 12.1454 11.4627 10.7098 9.73418 9.64153 10.6485 10.6581 10.4442 10.6067 11.1221 10.9818 9.81693 7.81375 6.75455 4.5994 3.67708 3.76755 3.11299 -9999 -9999 -9999 -9999 -9999 -9999 -9999 -9999 -9999 -9999 -9999 -9999 5.56618 -9999 -9999 -9999 -9999 -9999 -9999 -9999 -9999 -9999 -9999 -9999 -9999 -9999 -9999 -9999 -9999 -9999 -9999 -9999 -9999 1.56487 -9999 -9999 -9999 -9999 -9999 -9999 -9999
-9999 -9999 10.3658 11.0403 11.5686 12.2502 12.3116 12.719 13.3521 13.359 13.1522 12.9188 12.397 12.2659 11.8764 11.0591 10.89 11.2178 11.3673 11.537 11.6402 11.551 11.3375 11.0624 10.3056 9.37549 8.74998 6.78198 5.78627 4.83472 3.39652 2.27088 -9999 -9999 -9999 -9999 -9999 -9999 -9999 4.83339 4.77712 4.79945 5.11085 5.97617 5.46199 -9999 -9999 -9999 -9999 -9999 -9999 -9999 -9999 -9999 -9999 -9999 -9999 -9999 -9999 -9999 -9999 -9999 -9999 -9999 2.35282 1.21953 -9999 -9999 -9999 -9999 -9999 -9999
-9999 -9999 10.5461 11.2607 11.6169 12.2789 12.6569 12.9036 13.1216 13.3298 13.2922 13.0341 12.6428 12.6431 12.1047 11.8134 11.6047 12.049 12.1348 11.9529 11.7253 11.5235 10.958 10.8895 10.6959 10.1041 9.13516 8.13683 6.69136 4.74002 2.82652 1.28267 -9999 -9999 -9999 -9999 -9999 -9999 5.00137 5.72038 6.14985 5.22742 6.00944 6.72373 6.60531 5.89738 -9999 -9999 -9999 -9999 -9999 -9999 -9999 -9999 -9999 -9999 -9999 -9999 -9999 -9999 7.72564 6.5643 4.22118 3.01852 2.29558 1.26473 -9999 -9999 -9999 -9999 -9999 -9999
-9999 -9999 10.404 11.2485 11.8201 12.3272 12.407 12.9301 13.152 13.2628 13.2472 13.1942 13.1203 12.6502 12.4468 11.7374 12.4118 12.3839 12.2103 11.5298 11.2332 10.0663 9.55096 9.42674 10.4017 9.67443 8.16009 6.26803 3.99471 3.83893 3.08512 1.70504 -9999 -9999 -9999 -9999 -9999 -9999 5.22809 5.9974 6.63885 6.72956 5.81239 7.08431 7.02411 6.30613 6.1398 6.72056 7.01292 6.78511 7.47658 7.67781 7.35949 7.7024 -9999 -9999 -9999 -9999 7.89509 7.93923 7.97175 7.48611 4.92658 3.17731 1.606 1.45517 -9999 -9999 -9999 -9999 -9999 -9999
-9999 -9999 10.9898 11.5093 11.7714 11.8127 12.2677 12.725 13.0006 13.201 13.1577 13.139 13.1192 12.9571 12.5833 12.6481 12.6159 12.3966 11.1038 9.59494 10.2487 9.35334 7.43356 8.98246 9.83302 9.00932 7.175 5.04869 4.34942 4.37074 3.32364 1.97706 -9999 -9999 -9999 3.12734 4.23065 4.32481 4.64847 5.67554 6.45598 7.04341 7.44192 7.42216 6.99105 6.28838 5.52497 5.79081 7.15128 7.47982 7.75044 7.95904 7.66328 7.81272 8.17511 8.36129 8.39717 8.30891 8.28679 8.31398 8.26762 7.81425 5.52501 4.21294 3.37444 1.69045 -9999 -9999 -9999 -9999 -9999 -9999
-9999 -9999 10.6605 11.1121 11.4776 12.0846 12.1476 12.5314 12.7608 13.0965 13.1329 12.7331 13.06 13.0155 12.9521 12.8197 12.6265 11.5349 10.0311 8.5233 7.82561 8.11675 6.9619 7.54694 8.40877 8.09048 6.96245 5.06772 4.79746 4.35349 2.59125 0.89837 -9999 -9999 0.988158 3.10705 4.59849 5.36682 5.6033 5.6238 6.60784 6.68219 7.74108 7.48574 6.07383 6.22717 5.67532 6.02462 6.51921 6.65221 7.36561 8.05221 8.18006 8.18045 8.41036 8.45583 8.4659 8.45759 8.29769 8.36723 8.37554 8.09176 6.43176 5.62046 4.72536 1.71631 -9999 -9999 -9999 -9999 -9999 -9999
-9999 -9999 10.8905 11.3953 11.9482 12.0367 12.4461 12.4047 12.2885 12.8592 13.065 12.7823 12.5782 12.9489 12.9212 12.8697 12.7862 11.7603 10.5732 8.77721 7.66 6.97366 6.48618 5.83224 6.27275 6.13266 5.94635 6.15212 5.62987 4.58816 3.55708 1.62789 0.585054 -9999 1.10526 2.0606 3.83488 5.34235 6.2984 5.9515 7.07085 7.27582 7.91723 7.53303 6.67292 6.29965 6.26219 6.14543 6.89665 7.39999 7.75217 7.9884 8.2818 8.3551 8.42902 8.45869 8.47391 8.48932 8.48318 8.47475 8.43851 8.32999 7.56498 6.7541 5.00773 1.81919 -9999 -9999 -9999 -9999 -9999 -9999
-9999 9.41899 10.8336 11.6811 12.0083 12.2442 12.452 12.6021 12.7616 12.9101 13.0106 12.9637 12.2182 12.2771 12.4089 12.8291 12.7969 12.7021 12.052 9.86718 9.10862 8.00178 6.57081 5.96798 6.26193 7.42771 7.37146 6.59286 5.72581 4.52768 3.76585 2.58331 0.314239 0.515901 1.53417 2.29153 3.49696 5.34017 6.63148 7.20622 7.42139 7.87091 8.10332 7.57612 7.0732 6.85967 6.46844 6.40911 6.40739 6.85957 7.20931 7.99789 8.26136 8.3788 8.43878 8.47022 8.49261 8.51457 8.52075 8.50317 8.50134 8.49218 8.43225 7.35514 4.66444 2.63741 -9999 -9999 -9999 -9999 -9999 -9999
-9999 -9999 10.5728 10.9446 11.0409 11.2105 11.5594 11.9618 12.5344 12.6066 12.9204 12.9182 12.2749 11.533 12.176 12.4302 12.6937 12.6995 12.6136 10.7748 9.81206 9.05309 7.6807 8.16794 8.6326 8.66399 8.37697 6.71194 5.05387 3.14176 1.35668 1.2687 0.307551 0.811675 1.48383 3.21223 4.4281 4.92007 5.27265 7.14586 7.62961 7.79205 8.26783 7.60838 7.43551 6.93832 7.07952 7.03153 7.02965 5.66212 7.02336 7.10074 7.98855 8.38611 8.47349 8.49638 8.52098 8.52341 8.52662 8.52032 8.52681 8.51001 8.49118 7.78971 4.37963 2.66544 -9999 -9999 -9999 -9999 -9999 -9999
-9999 -9999 -9999 -9999 10.6897 10.9732 11.1547 11.4696 12.4385 12.6982 12.8703 12.8838 12.5968 11.8626 11.6681 11.8006 11.0837 11.6793 12.4943 12.4706 12.3679 10.7519 9.92136 10.7155 10.4684 9.2522 8.29428 7.34899 5.40838 3.98597 1.94064 0.404315 0.34413 2.03452 3.43803 5.18712 5.95806 5.51676 5.99107 6.91883 7.97361 8.48135 8.35631 7.66127 7.55747 6.79341 7.53402 7.59286 7.24125 6.93697 7.05022 7.4874 7.65242 8.34665 8.51304 8.54021 8.54392 8.54512 8.54028 8.53418 8.52247 8.51209 8.49893 8.46381 4.9586 2.23052 -9999 -9999 -9999 -9999 -9999 -9999
-9999 -9999 -9999 -9999 10.0189 10.1911 10.6461 11.8164 12.4297 12.6763 12.6668 12.7803 12.5777 11.9316 11.2684 10.6425 9.83553 10.2935 11.5086 12.2234 12.3014 10.8844 11.6139 11.3341 10.7869 9.19767 8.02543 7.40218 5.53896 3.94248 2.58075 0.702056 1.50214 2.38386 3.51722 5.42551 6.71273 7.24045 6.79367 7.38644 8.6007 8.60359 7.93326 7.97185 7.55897 6.51667 7.59112 7.88987 7.64014 7.69909 7.60162 7.76211 8.05783 8.341 8.52874 8.55232 8.55321 8.54532 8.54315 8.54138 8.52527 8.5233 8.51014 8.4887 6.22483 2.18166 -9999 -9999 -9999 -9999 -9999 -9999
-9999 -9999 -9999 -9999 -9999 9.40736 10.447 12.001 12.3868 12.3506 12.6706 12.6973 12.387 12.1172 11.3124 10.2131 8.10254 8.63737 9.75562 11.3689 12.2149 12.0964 11.6178 10.7923 8.80119 7.0582 6.84287 6.55428 5.19354 3.96313 2.44959 3.32219 4.27866 5.3256 5.875 5.73034 6.8331 7.73161 7.34713 8.07493 8.92388 8.5335 8.30059 8.10408 7.62803 7.59454 7.6384 8.24652 7.81755 8.07374 8.07419 8.05602 8.19828 8.36291 8.53636 8.56304 8.56149 8.56259 8.54021 8.54514 8.53245 8.51957 8.50722 8.48834 8.28009 6.1003 4.79623 -9999 -9999 -9999 -9999 -9999
-9999 -9999 -9999 -9999 -9999 8.44885 8.96684 10.8074 11.3759 12.1886 12.6197 12.6386 12.1154 11.8231 10.6245 10.2347 8.28224 7.39693 8.14364 7.8536 10.076 12.0419 11.6072 7.62688 6.18243 5.15102 5.41079 5.40943 5.02811 2.93645 2.35812 4.22495 5.39981 6.30989 7.00002 7.14236 7.11712 8.52361 8.70832 9.16303 9.0602 9.09875 8.38353 7.93897 8.31602 7.8677 7.78698 8.41545 7.78704 8.3468 8.27416 8.1014 8.08954 8.45853 8.53142 8.56893 8.56919 8.55281 8.5322 8.5191 8.52863 8.5202 8.4965 8.4942 8.47043 8.20744 7.07788 6.68081 7.11348 -9999 -9999 -9999
-9999 -9999 -9999 -9999 -9999 -9999 7.25115 9.80943 10.9785 11.5919 12.456 12.5594 12.2798 11.7755 10.5548 9.48081 7.73526 5.74158 4.68445 7.83837 10.5827 12.0132 11.8189 8.505 7.19463 7.13001 7.89542 7.2426 6.74685 5.15647 4.67964 4.01825 4.42226 5.69087 6.72729 7.72749 8.45411 8.5117 8.98199 9.25024 9.26915 9.35035 9.26256 9.18986 8.49667 8.96575 8.55881 8.76758 8.6257 8.49743 8.38475 7.98889 8.26324 8.50621 8.56712 8.58368 8.56682 8.56139 8.54898 8.52385 8.51031 8.50594 8.50059 8.48475 8.48114 8.46491 8.33523 7.65432 6.74397 5.59483 -9999 -9999
-9999 -9999 -9999 -9999 -9999 -9999 5.97411 8.51987 9.74698 11.3257 12.1365 12.4649 12.4207 12.0119 11.084 9.68776 8.52396 6.29861 3.98765 7.29923 10.2474 11.8368 11.9176 9.13024 9.89741 9.27038 9.51815 8.37375 7.89655 7.51807 6.6963 5.79818 4.81489 4.29412 6.62378 7.81925 8.7808 9.233 9.48738 9.61277 9.54147 9.36122 8.32187 9.1067 9.0574 8.97403 8.87919 8.831 8.74489 8.64445 8.58163 8.55809 8.29445 8.58644 8.57643 8.57806 8.57723 8.56735 8.55048 8.53539 8.51714 8.51429 8.50016 8.48681 8.47645 8.46897 8.4572 8.41656 8.23322 6.69126 5.76774 5.50444
-9999 -9999 -9999 -9999 -9999 -9999 2.39674 6.1008 9.07685 10.6312 11.8949 12.242 12.3711 11.8228 11.4121 10.4108 9.46208 7.9992 5.80882 4.45887 6.9381 10.5412 11.8664 11.7566 11.6697 10.9455 10.2927 10.2074 10.2531 9.49359 8.38795 6.9469 6.49476 5.98874 7.7234 7.95716 7.82836 9.73522 9.73702 9.62559 8.89187 8.07161 8.22298 7.71072 8.09125 7.4831 8.03331 8.5084 8.68319 8.66422 8.59454 8.58246 8.5506 8.59784 8.59429 8.58352 8.57483 8.56912 8.55966 8.53509 8.52001 8.52541 8.50672 8.49246 8.47638 8.47124 8.46377 8.43287 8.40451 8.16467 7.8058 7.12234
-9999 -9999 -9999 -9999 -9999 -9999 2.55454 5.6714 8.31371 9.8967 11.4202 11.773 12.2864 12.1743 11.7441 10.8734 9.78569 8.58132 6.70181 5.30397 6.96014 9.35313 11.0644 11.673 11.6621 11.6173 11.451 11.3782 11.1855 11.0466 10.2544 8.89122 8.12123 6.99536 8.92855 9.14366 8.83877 9.80208 9.75089 8.28738 7.16111 7.01756 7.69989 7.04424 6.92237 6.51013 6.96409 8.1883 7.82485 7.89152 8.44234 8.53061 8.5846 8.59743 8.59078 8.58554 8.57363 8.57269 8.57172 8.54748 8.53487 8.52725 8.5033 8.49535 8.4776 8.46343 8.44813 8.43006 8.40402 8.33357 8.2572 8.32895
-9999 -9999 -9999 -9999 -9999 -9999 2.6169 4.71496 7.0926 9.42439 11.0513 11.7069 12.1839 12.1775 11.6776 11.2438 10.5612 9.50129 8.7733 7.51117 5.77989 8.6743 9.56177 10.3488 10.6767 11.4998 11.4762 11.0942 10.6482 11.0536 10.9288 9.85079 9.49489 8.89552 9.96967 9.96996 9.93769 9.87737 8.64068 6.92257 5.54843 6.53134 6.32146 6.77155 5.36143 6.5118 7.43631 7.73321 7.09597 6.62344 8.06575 8.30051 8.44002 8.52849 8.58579 8.56868 8.58103 8.57013 8.56353 8.55646 8.54157 8.53146 8.51615 8.50042 8.48361 8.47118 8.45167 8.42913 8.4246 8.38313 8.36598 8.34767
-9999 -9999 -9999 -9999 -9999 -9999 -9999 3.47633 6.48831 9.17961 10.6775 11.6192 12.0772 12.0675 11.811 11.5158 11.0915 10.3261 9.36495 7.84757 6.72024 7.43075 8.30038 8.3923 8.96795 10.644 11.2144 10.3981 8.3825 9.56375 10.8846 10.8605 10.7452 10.6166 10.4513 10.3032 9.98189 9.1253 6.50646 5.98979 4.96037 5.07354 4.54345 5.69061 5.25337 6.43028 6.93784 7.12675 6.03031 6.25464 7.53217 8.03667 7.9491 8.25785 8.55151 8.55879 8.56494 8.55493 8.55905 8.55912 8.5518 8.537 8.52466 8.51482 8.48612 8.48532 8.38517 8.31908 8.18808 8.34381 8.35616 8.35874
-9999 -9999 -9999 -9999 -9999 -9999 -9999 2.873 5.88123 9.0508 10.0677 11.0827 11.9585 11.9742 11.583 11.2108 10.8271 10.3904 9.2253 8.09524 7.01612 6.65191 6.86574 6.84489 7.77854 9.96332 10.3838 10.2 8.0925 7.37895 9.14434 10.6277 10.7423 10.6051 8.85407 9.22411 8.27829 6.99631 6.64147 6.0786 4.89217 5.45849 4.58825 4.95622 4.85086 5.51734 5.84017 6.63363 5.67771 5.6755 6.92976 7.56204 7.57492 8.23912 8.47433 8.53422 8.54761 8.55668 8.55744 8.56587 8.55767 8.54577 8.53065 8.49659 8.4184 8.18028 6.91217 6.91119 7.25591 7.58202 8.17463 8.34034
-9999 -9999 -9999 -9999 -9999 -9999 -9999 3.21914 5.30615 8.1183 10.2011 10.3307 11.3425 11.8639 11.4387 10.96 10.4701 10.2546 8.98691 7.59454 6.46897 5.13708 5.35322 6.30473 7.86157 9.27185 9.52155 9.22646 8.09329 8.62222 9.82536 10.4631 10.6494 10.4983 10.1151 9.89253 9.19535 8.89167 7.92415 6.41275 5.81555 6.18867 4.58382 4.69225 5.28084 4.64561 5.67885 6.1713 4.93821 5.90637 7.01724 7.58375 8.07885 8.31187 8.4033 8.54501 8.54657 8.55653 8.56104 8.55687 8.55472 8.52924 8.5077 8.37105 8.17049 6.98841 6.49222 6.58618 7.12905 7.60413 8.09863 8.30094
-9999 -9999 -9999 -9999 -9999 -9999 -9999 3.5729 5.45172 7.88975 9.3742 9.63859 10.7607 11.7582 11.6448 11.1468 10.9937 10.4774 9.40201 8.21436 6.91637 6.284 4.83349 6.25637 7.38029 8.57427 9.13134 8.19871 7.73159 8.55124 9.36617 9.69019 10.5134 10.5031 10.2316 9.06911 8.50092 8.73746 8.49174 8.06331 7.02198 6.97264 6.30238 6.02273 5.75832 4.90431 5.44132 5.49172 5.63283 6.79826 7.37496 7.75643 8.10328 8.19244 8.34199 8.5369 8.55202 8.55691 8.55386 8.55539 8.5387 8.48036 8.43077 8.15818 7.67735 6.78214 5.33063 6.34816 7.4123 7.72808 8.03313 8.19198
-9999 -9999 -9999 -9999 -9999 -9999 -9999 3.2502 5.24609 7.32945 8.19961 8.34606 10.378 11.6215 11.6219 11.3848 11.1081 9.83592 9.90829 9.65199 8.48102 6.77638 4.90441 5.0773 6.1858 7.76523 8.28553 6.7486 6.20571 6.60062 7.8342 8.93822 10.0911 10.3822 10.0408 8.2325 6.31094 7.19848 8.1469 8.13889 7.857 6.89099 6.58208 6.30203 5.59609 4.40009 4.57102 4.8983 6.22029 6.63788 7.28488 7.82183 7.61555 7.732 8.24594 8.53988 8.54876 8.55181 8.55935 8.55032 8.5304 8.41638 8.29573 8.09474 6.845 6.06691 4.93561 6.24394 6.96861 7.35058 8.04068 8.20362
-9999 -9999 -9999 -9999 -9999 -9999 -9999 2.62944 4.07733 6.06848 6.86999 8.14942 10.0695 11.0129 11.4642 11.4524 11.2673 10.6966 10.3526 9.6766 8.45871 6.79416 4.94406 3.73881 4.34796 6.47096 6.96926 5.55335 4.83373 5.72433 7.03915 8.98722 10.0992 10.2473 10.1441 9.7693 8.36571 6.67036 6.67353 7.5199 6.80672 5.97816 6.42928 6.34213 5.64514 5.13722 4.82294 5.0098 5.76181 6.07223 6.82017 7.92561 8.08165 8.04762 8.51174 8.5327 8.54128 8.55661 8.5538 8.54725 8.53097 8.43757 8.23115 7.39856 6.67216 5.66249 5.53543 6.69924 7.20817 7.67851 8.01598 8.12453
-9999 -9999 -9999 -9999 -9999 -9999 -9999 1.56237 3.26606 5.13113 6.87735 8.52934 9.95087 10.0591 10.808 10.8052 11.1966 11.082 10.5527 9.98321 8.93371 6.79622 4.99847 3.03801 3.55198 5.71585 5.99258 5.04526 3.29724 5.09716 7.08238 8.88141 9.85419 9.08727 9.86839 9.80161 9.27417 8.26393 6.69449 6.7215 5.54454 5.49063 6.09078 6.28352 6.17999 5.798 5.18696 5.2855 5.73958 5.85375 6.54091 7.39785 8.23568 8.37434 8.53219 8.5367 8.53701 8.54783 8.54727 8.5275 8.48224 8.38466 7.68636 6.85629 6.344 5.6398 5.55218 6.89771 7.43057 7.72418 8.01547 8.12919
-9999 -9999 -9999 -9999 -9999 -9999 -9999 -9999 3.08876 5.01553 6.44081 6.82331 8.0866 8.7679 9.29469 9.41 10.9165 10.9978 10.6616 10.1384 9.24311 7.62075 6.48971 4.60929 3.25703 3.80406 4.05854 4.55221 4.40344 5.20482 7.11245 9.09999 9.31464 8.04807 8.23285 8.49491 9.08525 8.78202 6.64449 5.55716 4.65407 5.29085 5.96078 6.12061 6.15013 6.01719 5.85925 5.59505 6.49191 7.1548 7.30625 7.88402 8.30997 8.42575 8.51245 8.52108 8.52999 8.52792 8.50075 8.48045 8.37067 8.12737 7.34656 5.47192 5.55696 5.352 4.76709 6.08091 6.90396 7.64531 8.03824 8.13811
-9999 -9999 -9999 -9999 -9999 -9999 -9999 -9999 2.44426 4.67378 5.14329 5.10644 4.36586 4.7041 7.44097 7.9906 9.43536 10.8033 10.7008 10.1876 9.34994 8.38299 6.88695 4.77249 3.09191 2.37718 4.17829 5.94987 6.31371 6.87762 8.04561 8.26561 6.97122 5.75724 6.43504 6.84233 8.40101 8.68341 8.37737 7.08836 5.61483 4.84423 5.74754 5.8656 5.91682 5.92435 5.89038 5.84478 6.85661 7.41499 7.80147 8.01064 8.37596 8.46754 8.49521 8.52121 8.51228 8.49108 8.43077 8.3625 8.06925 7.71468 6.43717 5.37166 4.7063 3.8623 5.75643 6.31602 7.09101 7.58989 7.9807 8.06467
