Test_Spring_2018/11_17/Temp/20171122_019.txt
ncols	170
nrows	115
xllcorner	350000.000000
yllcorner	4445000.000000
cellsize	1000.000000
nodata_value	-9999.000000
[rows 32 to 63 of 115, columns 71 to 141 of 170]
9.77524 9.74632 9.32723 9.96919 10.5603 10.2177 9.99066 10.9664 10.9659 10.6326 9.85042 9.56277 9.26446 9.08123 8.07797 5.26518 2.72971 4.08784 4.12046 3.18224 4.86817 3.98087 1.66305 -1.60957 0.175767 -0.282765 -2.57835 -3.14667 -9999 -9999 -9999 -9999 -9999 -9999 -9999 -9999 -9999 -9999 -9999 -9999 -9999 -9999 -9999 -9999 -9999 -9999 -9999 -9999 -9999 -9999 -9999 -9999 -9999 -9999 -9999 -9999 -9999 -9999 -9999 -9999 -9999 -9999 -9999 -9999 -9999 -9999 -9999 -9999 -9999 -9999 -9999
9.40786 9.18706 9.00561 9.96067 9.93856 9.89581 10.2562 10.8629 10.983 10.8527 10.5112 10.2154 9.90068 9.10355 7.95616 5.54887 2.66301 2.00846 3.42093 3.48954 3.71796 2.90917 1.89337 0.303313 1.61199 2.12301 0.611331 -1.37207 -2.63797 -9999 -9999 -9999 -9999 -9999 -9999 -9999 -9999 -9999 -9999 -9999 -9999 -9999 -9999 -9999 -9999 -9999 -9999 -9999 -9999 -9999 -9999 -9999 -9999 -9999 -9999 -9999 -9999 -9999 -9999 -9999 -9999 -9999 -9999 -9999 -9999 -9999 -9999 -9999 -9999 -9999 -9999
8.85314 8.51993 7.58906 8.16374 8.59486 9.42646 9.6396 9.75956 10.901 10.84 10.7865 10.2983 9.90755 9.2607 8.15644 6.58473 4.69271 1.39905 3.43004 5.02091 4.98141 4.89612 4.18494 2.65708 3.94119 4.00511 2.06912 -0.12064 -1.42349 -1.96083 -9999 -9999 -9999 -9999 -9999 -9999 -9999 -9999 -9999 -9999 -9999 -9999 -9999 -9999 -9999 -9999 -9999 -9999 -9999 -9999 -9999 -9999 -9999 -9999 -9999 -9999 -9999 -9999 -9999 -9999 -9999 -9999 -9999 -9999 -9999 -9999 -9999 -9999 -9999 -9999 -9999
8.08238 7.76142 6.62492 7.20317 7.97572 9.08169 9.66464 10.0987 10.4399 10.7877 10.7461 10.2464 8.77187 8.56057 8.49596 7.46768 5.31065 3.15671 2.59883 5.02515 5.72045 5.58049 6.12427 4.83017 5.44607 5.19829 4.51181 2.40301 0.470983 -0.331923 -1.92153 -9999 -9999 -9999 -9999 -9999 -9999 -9999 -9999 -9999 -9999 -9999 -9999 -9999 -9999 -9999 -9999 -9999 -9999 -9999 -9999 -9999 -9999 -9999 -9999 -9999 -9999 -9999 -9999 -9999 -9999 -9999 -9999 -9999 -9999 -9999 -9999 -9999 -9999 -9999 -9999
-9999 -9999 -9999 5.90685 6.97342 7.84594 8.93117 9.85643 10.3186 10.7674 10.7308 9.73283 9.24419 9.20067 8.52647 7.33936 6.5941 5.23763 3.82471 4.36459 6.43405 5.51515 6.98264 6.86102 7.13323 6.15676 4.31738 1.85064 0.41858 -0.299602 -1.5875 -9999 -9999 -9999 -9999 -9999 -9999 -9999 -9999 -9999 -9999 -9999 -9999 -9999 -9999 -9999 -9999 -9999 -9999 -9999 -9999 -9999 -9999 -9999 -9999 -9999 -9999 -9999 -9999 -9999 -9999 -9999 -9999 -9999 -9999 -9999 -9999 -9999 -9999 -9999 -9999
-9999 -9999 -9999 -9999 6.77731 7.44233 8.87094 9.62889 9.92899 10.6532 10.6544 10.276 9.98998 9.57502 9.0332 8.14059 7.156 5.87994 5.76149 7.08483 7.10174 6.82643 7.04546 7.72767 7.55129 6.03891 3.43843 2.05857 -0.728919 -1.93029 -1.80498 -2.6569 -9999 -9999 -9999 -9999 -9999 -9999 -9999 -9999 -9999 -9999 -9999 -9999 0.57493 -9999 -9999 -9999 -9999 -9999 -9999 -9999 -9999 -9999 -9999 -9999 -9999 -9999 -9999 -9999 -9999 -9999 -9999 -9999 -9999 -4.69228 -9999 -9999 -9999 -9999 -9999
-9999 -9999 -9999 6.63344 7.53628 8.23107 9.12695 9.22972 9.76664 10.5995 10.6114 10.3428 10.0391 9.35713 9.1871 8.67824 7.60902 7.38949 7.82168 8.02089 8.24732 8.3876 8.2765 8.00358 7.65073 6.68882 5.47845 4.66734 2.1111 0.827009 -0.413215 -2.29211 -3.76233 -9999 -9999 -9999 -9999 -9999 -9999 -9999 -0.392415 -0.466827 -0.438399 -0.0312935 1.10164 0.426448 -9999 -9999 -9999 -9999 -9999 -9999 -9999 -9999 -9999 -9999 -9999 -9999 -9999 -9999 -9999 -9999 -9999 -9999 -9999 -3.67586 -5.1635 -9999 -9999 -9999 -9999
-9999 -9999 -9999 6.88201 7.82116 8.29069 9.16136 9.65988 10.0047 10.2936 10.5694 10.5224 10.1863 9.67506 9.67672 8.97246 8.59201 8.32014 8.90467 9.02004 8.7855 8.49202 8.23344 7.49935 7.41753 7.193 6.42661 5.16598 3.8667 2.00673 -0.543482 -3.04511 -5.06334 -9999 -9999 -9999 -9999 -9999 -9999 -0.179727 0.761733 1.3235 0.11332 1.13684 2.07144 1.91456 0.997254 -9999 -9999 -9999 -9999 -9999 -9999 -9999 -9999 -9999 -9999 -9999 -9999 -9999 -9999 3.35587 1.83242 -1.23976 -2.81736 -3.76654 -5.11971 -9999 -9999 -9999 -9999
-9999 -9999 -9999 6.69081 7.80053 8.55297 9.22113 9.32928 10.0177 10.3293 10.4774 10.4593 10.3916 10.2961 9.68091 9.41504 8.48618 9.37117 9.33634 9.11137 8.22322 7.83931 6.31609 5.64793 5.51265 6.79996 5.85671 3.88212 1.41232 -1.5456 -1.72993 -2.71134 -4.51475 -9999 -9999 -9999 -9999 -9999 -9999 0.110487 1.11736 1.95646 2.07361 0.869751 2.53475 2.46571 1.52185 1.30061 2.05808 2.43721 2.14536 3.05381 3.31173 2.88871 3.33244 -9999 -9999 -9999 -9999 3.56476 3.62069 3.66194 3.02444 -0.330965 -2.62456 -4.68528 -4.88961 -9999 -9999 -9999 -9999
-9999 -9999 -9999 7.45286 8.13725 8.4846 8.54285 9.14324 9.74606 10.1266 10.3967 10.3417 10.3182 10.2928 10.0806 9.59061 9.67571 9.63402 9.34798 7.65585 5.68188 6.54344 5.37347 2.87711 4.92182 6.04692 4.97828 2.58529 -0.19055 -1.08508 -1.03786 -2.40319 -4.16166 -9999 -9999 -9999 -2.64566 -1.20013 -1.07788 -0.655318 0.688791 1.70947 2.47727 2.99723 2.98312 2.41218 1.48811 0.484025 0.828438 2.60702 3.0328 3.39908 3.66607 3.27204 3.45709 3.92662 4.16577 4.20864 4.08961 4.05805 4.09182 4.02974 3.43459 0.438404 -1.28183 -2.38179 -4.60246 -9999 -9999 -9999 -9999
-9999 -9999 -9999 7.02269 7.6185 8.10169 8.90165 8.98849 9.49554 9.79982 10.2549 10.3041 9.78085 10.2092 10.1506 10.0668 9.89279 9.63962 8.2099 6.24101 4.26834 3.35883 3.75646 2.25157 3.03298 4.17329 3.7673 2.30511 -0.166769 -0.510223 -1.07232 -3.36598 -5.57905 -9999 -9999 -5.45328 -2.67616 -0.722375 0.282961 0.590718 0.615061 1.902 1.99664 3.38154 3.05617 1.19993 1.39744 0.670868 1.12431 1.7622 1.93158 2.86934 3.76959 3.93072 3.92501 4.22056 4.27504 4.28394 4.26967 4.05763 4.1471 4.15696 3.78439 1.60828 0.544276 -0.634411 -4.58608 -9999 -9999 -9999 -9999
-9999 -9999 -9999 7.32409 7.99039 8.71981 8.84026 9.38098 9.32557 9.17732 9.92845 10.2097 9.83945 9.57153 10.0563 10.0187 9.95018 9.84017 8.49615 6.94222 4.59169 3.13252 2.24817 1.61859 0.782 1.37089 1.19928 0.9672 1.24876 0.577196 -0.767929 -2.11083 -4.62624 -5.98863 -9999 -5.30294 -4.05104 -1.72695 0.246604 1.49686 1.03911 2.50281 2.76807 3.61562 3.10927 1.97614 1.47801 1.42461 1.267 2.24667 2.90113 3.36452 3.6675 4.05122 4.14072 4.23153 4.2651 4.28065 4.29747 4.28705 4.27453 4.22625 4.08366 3.08079 2.01363 -0.276247 -4.46258 -9999 -9999 -9999 -9999
-9999 -9999 5.37386 7.24289 8.359 8.79319 9.10731 9.38419 9.58487 9.79752 9.99127 10.1252 10.0712 9.09308 9.16862 9.33946 9.88848 9.84531 9.72122 8.87078 6.01066 5.02798 3.59058 1.72549 0.951215 1.349 2.88987 2.82927 1.82175 0.697726 -0.852629 -1.83978 -3.3823 -6.34651 -6.07943 -4.7438 -3.75159 -2.17341 0.23969 1.92881 2.67838 2.95652 3.54981 3.85144 3.15277 2.48743 2.2032 1.68585 1.60322 1.59584 2.18311 2.64236 3.66896 4.00761 4.15954 4.23188 4.26763 4.29251 4.31795 4.32378 4.29943 4.29645 4.28431 4.20246 2.79022 -0.744627 -3.4087 -9999 -9999 -9999 -9999
-9999 -9999 -9999 6.89463 7.38792 7.51982 7.74752 8.20956 8.74117 9.49521 9.59222 10.0046 10.0003 9.16053 8.18606 9.02632 9.35733 9.70121 9.70856 9.59747 7.19851 5.94403 4.95861 3.171 3.82603 4.44842 4.50348 4.14134 1.97296 -0.186869 -2.6726 -5.00237 -5.1097 -6.36172 -5.69496 -4.813 -2.54837 -0.956803 -0.315024 0.143337 2.59416 3.22943 3.43601 4.05554 3.18714 2.95415 2.29783 2.47799 2.40999 2.40219 0.604409 2.38868 2.48322 3.64006 4.15451 4.26609 4.29057 4.31835 4.31821 4.32023 4.31079 4.31886 4.29446 4.2646 3.34351 -1.1279 -3.38182 -9999 -9999 -9999 -9999
-9999 -9999 -9999 -9999 -9999 7.05419 7.43147 7.67424 8.09123 9.3647 9.70713 9.93367 9.95122 9.57384 8.61069 8.35281 8.52392 7.58269 8.36425 9.43681 9.4112 9.28412 7.17606 6.10285 7.15684 6.84709 5.26778 4.02707 2.80268 0.273238 -1.57042 -4.2408 -6.24589 -6.31842 -4.09883 -2.25576 0.0358571 1.04406 0.462395 1.07992 2.29313 3.67131 4.33242 4.16414 3.24875 3.10605 2.0997 3.06519 3.13701 2.67071 2.26632 2.41456 2.9806 3.19016 4.09371 4.30611 4.33799 4.33842 4.33673 4.32826 4.31912 4.29982 4.28465 4.26575 4.21776 -0.378539 -3.96118 -9999 -9999 -9999 -9999
-9999 -9999 -9999 -9999 -9999 6.16969 6.40124 7.00261 8.54057 9.34788 9.673 9.66129 9.8095 9.54236 8.69336 7.82153 6.99852 5.9398 6.5408 8.13635 9.07862 9.18878 7.34168 8.31334 7.96029 7.25768 5.18981 3.66862 2.8667 0.439075 -1.63257 -3.40674 -5.8603 -4.80519 -3.64532 -2.15792 0.343244 2.02795 2.71582 2.12699 2.89958 4.48645 4.48559 3.60235 3.64813 3.10016 1.72891 3.13175 3.51786 3.18502 3.25665 3.12852 3.33198 3.71293 4.07786 4.31836 4.34448 4.34199 4.32843 4.32347 4.31845 4.29552 4.29117 4.27202 4.2417 1.27202 -4.03424 -9999 -9999 -9999 -9999
-9999 -9999 -9999 -9999 -9999 -9999 5.36899 6.73651 8.77706 9.28612 9.24034 9.66023 9.69448 9.28592 8.92993 7.87228 6.42883 3.66144 4.36316 5.83187 7.95186 9.06857 8.92339 8.31181 7.24366 4.64871 2.37945 2.11243 1.74915 -0.0198695 -1.61175 -3.58483 -2.43255 -1.17244 0.203993 0.926071 0.736307 2.17938 3.3536 2.84569 3.79508 4.90297 4.38646 4.07625 3.81368 3.18276 3.1335 3.18556 3.97707 3.40933 3.73952 3.73973 3.7092 3.88919 4.09896 4.32091 4.35124 4.34536 4.34375 4.31191 4.31618 4.29752 4.27858 4.26018 4.2329 3.95698 1.09267 -0.621072 -9999 -9999 -9999
-9999 -9999 -9999 -9999 -9999 -9999 4.10777 4.79137 7.2073 7.95562 9.0221 9.58723 9.61115 8.92353 8.53872 6.96501 6.45127 3.89091 2.73214 3.71398 3.33947 6.25999 8.8465 8.29247 3.08934 1.2106 -0.126379 0.228951 0.241821 -0.24389 -2.96468 -3.7123 -1.25717 0.289034 1.48604 2.39254 2.57922 2.54389 4.38352 4.62227 5.21369 5.0741 5.11961 4.17716 3.58937 4.07643 3.48341 3.37218 4.19037 3.36132 4.08949 3.99413 3.76124 3.7395 4.21735 4.30772 4.35241 4.34845 4.32418 4.29438 4.2752 4.28539 4.27198 4.23833 4.23242 4.19795 3.84554 2.36032 1.83476 2.39635 -9999
-9999 -9999 -9999 -9999 -9999 -9999 -9999 2.53765 5.89389 7.42904 8.23412 9.36657 9.50104 9.1368 8.47204 6.86881 5.45872 3.16976 0.557255 -0.823151 3.31588 6.92028 8.80477 8.56536 4.2352 2.53159 2.46105 3.47844 2.63686 2.00056 -0.0635751 -0.678631 -1.53731 -1.00164 0.6681 2.02646 3.3368 4.28696 4.35888 4.97051 5.31987 5.33984 5.44125 5.32108 5.22061 4.30499 4.91433 4.3756 4.64384 4.45256 4.27919 4.13176 3.60676 3.96044 4.2734 4.3483 4.36353 4.3385 4.32853 4.30937 4.27336 4.2543 4.24585 4.2359 4.21189 4.20351 4.17421 3.9993 3.10169 1.90319 0.391643
-9999 -9999 -9999 -9999 -9999 -9999 -9999 0.859009 4.19845 5.80936 7.87937 8.94666 9.37846 9.31716 8.77784 7.5588 5.72667 4.20046 1.28456 -1.74175 2.60103 6.47823 8.57058 8.68736 5.05027 6.0686 5.26009 5.59815 4.1114 3.49852 3.02225 1.95446 0.784989 -0.492784 -1.17436 1.8801 3.44643 4.70464 5.29395 5.62287 5.78188 5.68448 5.44693 4.07973 5.10319 5.0315 4.9169 4.78732 4.71892 4.60091 4.46421 4.38268 4.34595 3.99487 4.36998 4.35005 4.34908 4.34503 4.32914 4.30399 4.28094 4.25344 4.24524 4.22736 4.20627 4.18877 4.17063 4.15015 4.09166 3.84605 1.81985
-9999 -9999 -9999 -9999 -9999 -9999 -9999 -3.83412 1.02296 4.933 6.9699 8.63007 9.08238 9.24859 8.52694 7.98618 6.67203 5.4281 3.51172 0.643513 -1.12153 2.13169 6.86149 8.61715 8.48846 8.3864 7.44947 6.60611 6.5063 6.57767 5.60152 4.16911 2.2863 1.69538 1.03496 3.30955 3.61555 3.44493 5.94096 5.93918 5.78817 4.821 3.74269 3.93516 3.26496 3.7567 2.95449 3.67044 4.28803 4.51215 4.48245 4.39255 4.36719 4.32077 4.374 4.36601 4.34877 4.33434 4.3238 4.30819 4.27253 4.24897 4.25189 4.22205 4.19837 4.17983 4.16447 4.14958 4.10388 4.06149 3.74199
-9999 -9999 -9999 -9999 -9999 -9999 -9999 -3.62331 0.464541 3.92824 6.00925 8.00431 8.46449 9.13485 8.98534 8.41951 7.27704 5.85123 4.27383 1.81308 -0.0148986 2.16117 5.30243 7.55375 8.36575 8.37178 8.3241 8.11711 8.04188 7.79947 7.63616 6.60472 4.82031 3.8151 2.34204 4.8767 5.1583 4.75707 6.01677 5.9459 4.02328 2.54209 2.34846 3.24016 2.3752 2.20811 1.67077 2.26076 3.86033 3.37375 3.45682 4.18126 4.29217 4.35242 4.36562 4.35354 4.34347 4.32471 4.32026 4.3156 4.28018 4.25967 4.24537 4.20933 4.19275 4.16416 4.13603 4.11964 4.09081 4.05157 3.95421
-9999 -9999 -9999 -9999 -9999 -9999 -9999 -3.54096 -0.792818 2.32384 5.38708 7.51789 8.3753 8.99835 8.98795 8.33122 7.76182 6.86715 5.47929 4.52765 2.87728 0.613359 4.41302 5.58194 6.62693 7.07481 8.16402 8.14355 7.65308 7.09709 7.63554 7.47453 6.06636 5.60335 4.82 6.22866 6.22872 6.18494 6.10335 4.47914 2.22327 0.417651 1.7008 1.42047 2.00848 0.153338 1.64942 2.85583 3.24009 2.41031 1.78683 3.68022 3.9758 4.15469 4.26697 4.33862 4.31289 4.32577 4.3081 4.29588 4.28279 4.25913 4.24142 4.21661 4.19099 4.16214 4.13622 4.10494 4.05851 4.0474 3.99964
-9999 -9999 -9999 -9999 -9999 -9999 -9999 -9999 -2.41462 1.54192 5.06845 7.03033 8.26269 8.86116 8.84674 8.5094 8.12193 7.56634 6.56472 5.30783 3.32315 1.85087 2.78833 3.93395 4.0676 4.83099 7.03681 7.79359 6.73262 4.11139 5.66308 7.39973 7.37285 7.22515 7.05881 6.84745 6.65302 6.23054 5.10561 1.67031 0.984917 -0.368819 -0.225492 -0.925449 0.57632 -0.00356118 1.53363 2.19384 2.43674 0.99544 1.29381 2.95508 3.61237 3.49408 3.89547 4.28481 4.29088 4.29547 4.27879 4.28044 4.27653 4.26267 4.23029 4.20867 4.19011 4.14427 4.13339 3.99625 3.90409 3.72732 3.92685
-9999 -9999 -9999 -9999 -9999 -9999 -9999 -9999 -3.19826 0.744428 4.89792 6.22964 7.55865 8.70507 8.7243 8.21089 7.72278 7.22057 6.64975 5.12534 3.6479 2.2382 1.76637 2.05293 2.03652 3.26794 6.13928 6.69832 6.4652 3.71961 2.78997 5.1084 7.05635 7.20931 7.0314 4.73727 5.22199 3.98119 2.29889 1.8309 1.0896 -0.469467 0.268216 -0.877091 -0.399724 -0.54042 0.328089 0.746399 1.78175 0.524683 0.526451 2.15637 2.98097 2.9941 3.86106 4.16592 4.24102 4.25507 4.26322 4.26019 4.26685 4.25136 4.2307 4.20554 4.15539 4.0473 3.72661 2.05499 2.04829 2.49505 2.91788
-9999 -9999 -9999 -9999 -9999 -9999 -9999 -9999 -2.74599 -0.0106643 3.67452 6.40338 6.5723 7.89733 8.5799 8.02213 7.39474 6.75333 6.47233 4.81327 2.99162 1.52047 -0.220317 0.0684024 1.32144 3.37257 5.22775 5.56187 5.18177 3.71232 4.41015 5.99089 6.82981 7.0763 6.87973 6.37793 6.08595 5.17102 4.77102 3.50032 1.5162 0.729738 1.2146 -0.893095 -0.755545 0.0112511 -0.8235 0.526014 1.16696 -0.453348 0.810233 2.26154 2.99974 3.64462 3.94621 4.06236 4.2444 4.24269 4.25182 4.25355 4.24362 4.23606 4.19764 4.16418 3.97968 3.71135 2.15667 1.49345 1.61129 2.31777 2.93578
-9999 -9999 -9999 -9999 -9999 -9999 -9999 -9999 -2.28336 0.17907 3.37403 5.31896 5.66475 7.13463 8.44138 8.29253 7.64001 7.44004 6.76466 5.35735 3.80358 2.1059 1.28121 -0.615153 1.25478 2.73768 4.30839 5.04435 3.83833 3.23044 4.30846 5.37969 5.80686 6.88753 6.87513 6.51958 4.99549 4.24961 4.5577 4.23315 3.66861 2.30035 2.23182 1.34926 0.978466 0.627534 -0.493558 0.205695 0.267323 0.438399 1.96955 2.72062 3.21608 3.66642 3.77919 3.97122 4.22273 4.23855 4.24083 4.23252 4.23001 4.20338 4.12194 4.05179 3.68925 3.0537 1.87509 -0.0404257 1.2879 2.67755 3.07757
-9999 -9999 -9999 -9999 -9999 -9999 -9999 -9999 -2.70701 -0.0912114 2.63898 3.77897 3.97036 6.63289 8.2622 8.26254 7.95206 7.5901 5.92396 6.02056 5.68699 4.15525 1.92464 -0.524785 -0.293852 1.16776 3.24312 3.93005 1.93122 1.22327 1.74392 3.36321 4.8121 6.32442 6.70655 6.25918 3.88862 1.36898 2.53031 3.77087 3.75747 3.3847 2.115 1.70621 1.33504 0.40557 -1.1671 -0.943962 -0.519486 1.20745 1.74956 2.59257 3.29159 3.01672 3.16498 3.83431 4.21534 4.22276 4.22245 4.22791 4.2115 4.18061 4.02626 3.86304 3.59441 1.95125 0.926186 -0.565443 1.13951 2.08423 2.56424
-9999 -9999 -9999 -9999 -9999 -9999 -9999 -9999 -3.52115 -1.62362 0.985738 2.03584 3.71223 6.22821 7.46442 8.0558 8.04049 7.79856 7.05154 6.60212 5.71813 4.12441 1.94578 -0.475601 -2.05149 -1.24918 1.54206 2.19737 0.35847 -0.581739 0.587995 2.31324 4.86788 6.32624 6.5207 6.38524 5.89322 4.05235 1.82855 1.83032 2.93672 1.99881 0.909327 1.49671 1.37841 0.460721 -0.209278 -0.62282 -0.392527 0.596808 0.998288 1.97337 3.41717 3.61688 3.56765 4.17141 4.19443 4.20125 4.21689 4.20867 4.19545 4.16935 4.04204 3.76648 2.67016 1.71292 0.384382 0.21257 1.72415 2.37673 2.98121
-9999 -9999 -9999 -9999 -9999 -9999 -9999 -9999 -4.9202 -2.68748 -0.243376 2.04489 4.20962 6.07234 6.21396 7.1953 7.19178 7.70516 7.55572 6.86329 6.11843 4.74496 1.94601 -0.407288 -2.97348 -2.29646 0.546804 0.925451 -0.313388 -2.60189 -0.240872 2.36259 4.72155 5.99713 4.99215 6.01547 5.927 5.23429 3.90833 1.84902 1.88157 0.335825 0.261602 1.04428 1.29278 1.15279 0.647739 -0.158175 -0.0406025 0.557845 0.701897 1.59705 2.7149 3.80787 3.98469 4.18679 4.18802 4.1838 4.1934 4.18803 4.15745 4.09337 3.96063 3.04047 1.9475 1.2709 0.342695 0.22251 1.97736 2.65571 3.02809
-9999 -9999 -9999 -9999 -9999 -9999 -9999 -9999 -9999 -2.92057 -0.395623 1.47203 1.97302 3.62836 4.52101 5.21126 5.3624 7.33707 7.44407 7.00436 6.31985 5.14809 3.02385 1.5439 -0.917842 -2.68711 -1.96528 -1.61457 -0.965259 -1.15814 -0.106105 2.39536 5.00113 5.2829 3.62288 3.86447 4.20684 4.97895 4.57948 1.77555 0.347576 -0.839316 -0.00842903 0.865599 1.07084 1.10508 0.926243 0.704673 0.364554 1.534 2.3969 2.58967 3.34134 3.8942 4.04075 4.14934 4.15576 4.16264 4.15522 4.11493 4.08363 3.93502 3.61135 2.58309 0.121159 0.227409 -0.0465409 -0.818566 0.888355 1.94557 2.91172
-9999 -9999 -9999 -9999 -9999 -9999 -9999 -9999 -9999 -3.76617 -0.844478 -0.229458 -0.278079 -1.24902 -0.806044 2.7806 3.5008 5.39431 7.18735 7.05365 6.3819 5.28532 4.01971 2.06105 -0.707742 -2.90761 -3.83012 -1.46483 0.861074 1.3398 2.08041 3.61237 3.90146 2.20535 0.61412 1.50173 2.03429 4.07537 4.44328 4.03954 2.34709 0.412428 -0.601362 0.578334 0.728613 0.791057 0.796047 0.736563 0.679371 2.00213 2.72774 3.2282 3.49645 3.96954 4.08407 4.11505 4.14403 4.1274 4.09482 4.01106 3.91691 3.52789 3.05843 1.37927 -0.0221996 -0.899428 -2.01096 0.465875 1.18424 2.18503 2.82612
