Test_Spring_2018/11_17/Temp/20171124_021.txt
ncols	170
nrows	115
xllcorner	350000.000000
yllcorner	4445000.000000
cellsize	1000.000000
nodata_value	-9999.000000
[rows 32 to 63 of 115, columns 71 to 141 of 170]
9.48833 9.45732 9.03632 9.67588 10.2645 9.92152 9.69186 10.6662 10.6631 10.3273 9.54282 9.25257 8.95164 8.76571 7.76012 4.94581 2.4087 3.76346 3.79331 2.85276 4.53518 3.64549 1.3259 -1.9481 -0.166456 -0.627717 -2.92232 -3.48637 -9999 -9999 -9999 -9999 -9999 -9999 -9999 -9999 -9999 -9999 -9999 -9999 -9999 -9999 -9999 -9999 -9999 -9999 -9999 -9999 -9999 -9999 -9999 -9999 -9999 -9999 -9999 -9999 -9999 -9999 -9999 -9999 -9999 -9999 -9999 -9999 -9999 -9999 -9999 -9999 -9999 -9999 -9999
9.12535 8.90247 8.71891 9.67137 9.6471 9.60173 9.96115 10.5667 10.6843 10.5515 10.2075 9.90913 9.59188 8.79239 7.64277 5.23379 2.34643 1.68935 3.09835 3.16405 3.38945 2.57808 1.55975 -0.0326282 1.27239 1.78008 0.270266 -1.70968 -2.97548 -9999 -9999 -9999 -9999 -9999 -9999 -9999 -9999 -9999 -9999 -9999 -9999 -9999 -9999 -9999 -9999 -9999 -9999 -9999 -9999 -9999 -9999 -9999 -9999 -9999 -9999 -9999 -9999 -9999 -9999 -9999 -9999 -9999 -9999 -9999 -9999 -9999 -9999 -9999 -9999 -9999 -9999
8.57517 8.23984 7.30713 7.87932 8.30804 9.13597 9.35052 9.46794 10.6064 10.5429 10.4869 9.99629 9.60316 8.95395 7.84748 6.27372 4.37973 1.08466 3.1118 4.69895 4.65641 4.56803 3.85399 2.32359 3.60386 3.66447 1.73647 -0.453832 -1.75884 -2.29863 -9999 -9999 -9999 -9999 -9999 -9999 -9999 -9999 -9999 -9999 -9999 -9999 -9999 -9999 -9999 -9999 -9999 -9999 -9999 -9999 -9999 -9999 -9999 -9999 -9999 -9999 -9999 -9999 -9999 -9999 -9999 -9999 -9999 -9999 -9999 -9999 -9999 -9999 -9999 -9999 -9999
7.80908 7.4859 6.34758 6.92327 7.69324 8.79579 9.37718 9.811 10.1496 10.4949 10.4508 9.94891 8.47249 8.2587 8.19147 7.16091 5.002 2.84609 2.28542 4.70751 5.39927 5.25606 5.79622 4.49927 5.11143 4.86026 4.17744 2.07229 0.137338 -0.668053 -2.25972 -9999 -9999 -9999 -9999 -9999 -9999 -9999 -9999 -9999 -9999 -9999 -9999 -9999 -9999 -9999 -9999 -9999 -9999 -9999 -9999 -9999 -9999 -9999 -9999 -9999 -9999 -9999 -9999 -9999 -9999 -9999 -9999 -9999 -9999 -9999 -9999 -9999 -9999 -9999 -9999
-9999 -9999 -9999 5.63162 6.69465 7.56634 8.64793 9.57292 10.0325 10.4788 10.4399 9.43998 8.94915 8.90316 8.22667 7.03738 6.2896 4.93073 3.5153 4.05166 6.11678 5.19478 6.65803 6.53281 6.8012 5.82146 3.98814 1.52268 0.0873253 -0.633558 -1.92382 -9999 -9999 -9999 -9999 -9999 -9999 -9999 -9999 -9999 -9999 -9999 -9999 -9999 -9999 -9999 -9999 -9999 -9999 -9999 -9999 -9999 -9999 -9999 -9999 -9999 -9999 -9999 -9999 -9999 -9999 -9999 -9999 -9999 -9999 -9999 -9999 -9999 -9999 -9999 -9999
-9999 -9999 -9999 -9999 6.5025 7.16681 8.59254 9.3495 9.6472 10.3688 10.3679 9.98742 9.6992 9.28204 8.73795 7.84306 6.85604 5.5775 5.45585 6.77517 6.78848 6.50957 6.72468 7.40269 7.22245 5.71306 3.11235 1.72954 -1.05749 -2.26156 -2.13945 -2.99402 -9999 -9999 -9999 -9999 -9999 -9999 -9999 -9999 -9999 -9999 -9999 -9999 0.220886 -9999 -9999 -9999 -9999 -9999 -9999 -9999 -9999 -9999 -9999 -9999 -9999 -9999 -9999 -9999 -9999 -9999 -9999 -9999 -9999 -5.00784 -9999 -9999 -9999 -9999 -9999
-9999 -9999 -9999 6.36585 7.26684 7.95899 8.85227 8.95187 9.48897 10.3193 10.3291 10.0586 9.75291 9.06898 8.89659 8.38533 7.31373 7.09119 7.51983 7.71537 7.93791 8.07418 7.95905 7.68209 7.3252 6.36777 5.15409 4.33955 1.78399 0.496229 -0.746831 -2.62815 -4.10084 -9999 -9999 -9999 -9999 -9999 -9999 -9999 -0.747299 -0.821712 -0.792865 -0.385061 0.748661 0.0754483 -9999 -9999 -9999 -9999 -9999 -9999 -9999 -9999 -9999 -9999 -9999 -9999 -9999 -9999 -9999 -9999 -9999 -9999 -9999 -3.98824 -5.47461 -9999 -9999 -9999 -9999
-9999 -9999 -9999 6.61904 7.55525 8.02225 8.89039 9.38673 9.73083 10.0177 10.2914 10.2426 9.90458 9.39149 9.39084 8.68432 8.30119 8.02628 8.60709 8.71867 8.48025 8.18271 7.91991 7.18171 7.09544 6.87449 6.10433 4.84021 3.5375 1.67692 -0.87583 -3.37989 -5.40061 -9999 -9999 -9999 -9999 -9999 -9999 -0.534509 0.406138 0.967805 -0.241142 0.783129 1.71901 1.56433 0.661909 -9999 -9999 -9999 -9999 -9999 -9999 -9999 -9999 -9999 -9999 -9999 -9999 -9999 -9999 3.04473 1.52131 -1.54991 -3.12691 -4.07539 -5.42728 -9999 -9999 -9999 -9999
-9999 -9999 -9999 6.43146 7.53814 8.28793 8.95371 9.05995 9.74904 10.0573 10.2037 10.1838 10.1144 10.0169 9.39983 9.13159 8.20031 9.08171 9.04333 8.81457 7.92262 7.53445 6.0073 5.3347 5.20193 6.48428 5.53707 3.55901 1.08602 -1.87566 -2.06079 -3.04563 -4.85193 -9999 -9999 -9999 -9999 -9999 -9999 -0.24523 0.760919 1.6 1.71809 0.516364 2.18277 2.12732 1.18755 0.970293 1.73137 2.1142 1.82797 2.74276 3.00324 2.58252 3.02756 -9999 -9999 -9999 -9999 3.25928 3.31416 3.35437 2.71629 -0.638183 -2.93093 -4.99044 -5.18712 -9999 -9999 -9999 -9999
-9999 -9999 -9999 7.19654 7.87804 8.22293 8.27915 8.87752 9.48112 9.85855 10.1247 10.0683 10.0434 10.0163 9.80219 9.31009 9.39237 9.34744 9.05782 7.36232 5.38476 6.24118 5.06893 2.57059 4.61419 5.73412 4.66128 2.26471 -0.514484 -1.41399 -1.36827 -2.73722 -4.50364 -9999 -9999 -9999 -3.00056 -1.55782 -1.43725 -1.01595 0.327107 1.34752 2.12101 2.64275 2.6334 2.0742 1.15492 0.155879 0.504791 2.28713 2.71701 3.09182 3.36177 2.97032 3.15542 3.62567 3.86495 3.90745 3.78759 3.7548 3.78711 3.72361 3.12745 0.133951 -1.58577 -2.68495 -4.8936 -9999 -9999 -9999 -9999
-9999 -9999 -9999 6.77021 7.36314 7.84382 8.63859 8.72375 9.22923 9.53434 9.98694 10.0349 9.51063 9.93733 9.87692 9.79098 9.61428 9.35792 7.92502 5.9527 3.97619 3.06204 3.45592 1.94628 2.72648 3.86136 3.45299 1.98058 -0.494967 -0.842862 -1.41006 -3.70415 -5.9202 -9999 -9999 -5.80489 -3.03178 -1.08114 -0.0779745 0.228565 0.252514 1.53923 1.63493 3.02108 2.69999 0.855777 1.05785 0.344337 0.802983 1.44523 1.61921 2.56256 3.4682 3.63187 3.62798 3.9244 3.97906 3.98743 3.97204 3.75853 3.84617 3.85423 3.48025 1.30394 0.239792 -0.933155 -4.87844 -9999 -9999 -9999 -9999
-9999 -9999 -9999 7.07225 7.73548 8.46221 8.58063 9.11953 9.06258 8.91548 9.66529 9.94449 9.57337 9.30433 9.78725 9.74756 9.67639 9.56311 8.21576 6.65803 4.30359 2.83975 1.95176 1.31674 0.473779 1.05696 0.880136 0.643065 0.919615 0.2452 -1.10488 -2.45152 -4.9677 -6.33348 -9999 -5.6552 -4.40681 -2.08619 -0.115336 1.13325 0.675386 2.13892 2.40541 3.25584 2.75302 1.6318 1.13983 1.09188 0.939988 1.9249 2.59202 3.06176 3.3687 3.75695 3.84842 3.94025 3.97394 3.98876 4.00416 3.99185 3.97717 3.92676 3.78234 2.7785 1.71536 -0.573131 -4.75302 -9999 -9999 -9999 -9999
-9999 -9999 5.12969 6.99373 8.10654 8.53818 8.85026 9.12555 9.32504 9.53865 9.73139 9.86447 9.80886 8.8302 8.90427 9.07304 9.61917 9.57267 9.44461 8.58989 5.72587 4.73936 3.29244 1.42163 0.645342 1.03719 2.57179 2.50586 1.49367 0.36527 -1.18991 -2.1799 -3.726 -6.69127 -6.42825 -5.09681 -4.10817 -2.53326 -0.123156 1.56407 2.31301 2.59164 3.18688 3.49109 2.79774 2.14391 1.86551 1.35449 1.27823 1.27723 1.8705 2.33689 3.37465 3.71666 3.87186 3.94527 3.98104 4.00501 4.02874 4.03232 4.00545 3.99996 3.98562 3.90547 2.49341 -1.03998 -3.6986 -9999 -9999 -9999 -9999
-9999 -9999 -9999 6.64806 7.13831 7.2678 7.49355 7.95401 8.48443 9.23927 9.33553 9.74712 9.74212 8.9013 7.92599 8.76398 9.09225 9.43262 9.43585 9.32001 6.915 5.65466 4.66295 2.86924 3.5211 4.13718 4.18637 3.81881 1.64608 -0.517845 -3.0081 -5.34128 -5.45275 -6.70763 -6.04401 -5.16619 -2.90586 -1.31771 -0.678214 -0.221243 2.2282 2.86424 3.07379 3.69614 2.83218 2.61071 1.96094 2.1477 2.08667 2.08589 0.295792 2.08718 2.18749 3.34865 3.87042 3.98374 4.00817 4.03484 4.03275 4.03219 4.01989 4.02511 4.00053 3.96909 3.04777 -1.42138 -3.67006 -9999 -9999 -9999 -9999
-9999 -9999 -9999 -9999 -9999 6.80458 7.17988 7.42124 7.8372 9.11128 9.453 9.67895 9.69592 9.31786 8.35367 8.09411 8.26258 7.31841 8.0944 9.16155 9.12986 8.99618 6.88205 5.80529 6.8524 6.53653 4.95189 3.70598 2.47666 -0.0568435 -1.9054 -4.57911 -6.58757 -6.66409 -4.44927 -2.60989 -0.322695 0.682256 0.0987777 0.714794 1.92798 3.30663 3.96967 3.80476 2.8941 2.76303 1.76381 2.73601 2.81522 2.35665 1.95982 2.11636 2.68838 2.90303 3.81007 4.0248 4.05917 4.05836 4.05449 4.0432 4.03093 4.00978 3.99237 3.9719 3.92322 -0.670757 -4.24758 -9999 -9999 -9999 -9999
-9999 -9999 -9999 -9999 -9999 5.92246 6.15212 6.75195 8.28843 9.09658 9.42107 9.40895 9.5566 9.28881 8.43897 7.56567 6.74049 5.67868 6.2749 7.86429 8.79991 8.90319 7.04973 8.01665 7.65718 6.94847 4.87537 3.34898 2.54186 0.110067 -1.96641 -3.74433 -6.20108 -5.15047 -3.99492 -2.51171 -0.0147417 1.66635 2.3519 1.76228 2.53452 4.12181 4.12321 3.24376 3.29399 2.75792 1.39422 2.80386 3.19754 2.8727 2.95201 2.83261 3.04251 3.42871 3.79755 4.04047 4.06748 4.0647 4.04883 4.04088 4.03308 4.00731 4.00058 3.97977 3.94869 0.980598 -4.3191 -9999 -9999 -9999 -9999
-9999 -9999 -9999 -9999 -9999 -9999 5.12209 6.48774 8.52658 9.03661 8.99035 9.40965 9.44339 9.03425 8.6772 7.6182 6.17284 3.40317 4.10004 5.56259 7.67532 8.78463 8.63224 8.01654 6.94221 4.34196 2.06751 1.79471 1.42601 -0.34747 -1.94437 -3.92109 -2.77356 -1.518 -0.145935 0.572321 0.379446 1.81907 2.99069 2.4819 3.43081 4.53929 4.02524 3.71855 3.46057 2.8416 2.79937 2.85892 3.65792 3.09841 3.43631 3.44532 3.42146 3.60691 3.82076 4.04521 4.07645 4.06986 4.06609 4.03135 4.03254 4.01097 3.98961 3.96949 3.94141 3.66586 0.807006 -0.903268 -9999 -9999 -9999
-9999 -9999 -9999 -9999 -9999 -9999 3.86297 4.54495 6.95895 7.70808 8.77352 9.33792 9.36128 8.67314 8.28666 6.7122 6.19615 3.63347 2.47056 3.44646 3.06583 5.97816 8.55625 7.99817 2.79074 0.906402 -0.436145 -0.0868279 -0.0794793 -0.57015 -3.29539 -4.04709 -1.59719 -0.0555612 1.13725 2.03993 2.22352 2.1854 4.022 4.25975 4.85079 4.71225 4.75985 3.82107 3.23789 3.73632 3.15044 3.04666 3.87223 3.05143 3.78705 3.70048 3.47431 3.45811 3.93991 4.03285 4.07849 4.07406 4.0476 4.01468 3.99302 4.00034 3.98451 3.94916 3.94244 3.90819 3.56009 2.07819 1.55639 2.12204 -9999
-9999 -9999 -9999 -9999 -9999 -9999 -9999 2.29346 5.64723 7.18277 7.9868 9.11812 9.25184 8.8859 8.22033 6.61605 5.204 2.91257 0.296816 -1.08872 3.04226 6.63826 8.51477 8.27144 3.93671 2.22754 2.15098 3.16217 2.31559 1.67452 -0.394248 -1.01329 -1.87557 -1.34387 0.321723 1.67656 2.98314 3.93015 3.99987 4.60976 4.95959 4.9804 5.08369 4.96659 4.87025 3.96652 4.58213 4.05074 4.3263 4.14269 3.9769 3.83803 3.31969 3.67858 3.99548 4.07294 4.08991 4.06406 4.05206 4.02995 3.99043 3.97055 3.95978 3.94816 3.92336 3.91516 3.89002 3.7177 2.82385 1.62998 0.123802
-9999 -9999 -9999 -9999 -9999 -9999 -9999 0.616544 3.95336 5.56454 7.63274 8.69999 9.1278 9.06568 8.52532 7.30493 5.47095 3.9419 1.02292 -2.00723 2.32765 6.19585 8.28032 8.38998 4.75168 5.76342 4.9494 5.28175 3.79045 3.17298 2.69147 1.62008 0.447338 -0.833205 -1.517 1.53275 3.09536 4.35039 4.93734 5.26465 5.42289 5.32642 5.09208 3.72821 4.75494 4.6946 4.58614 4.46323 4.40184 4.29101 4.16143 4.08803 4.05741 3.7116 4.09244 4.0746 4.07425 4.06953 4.05185 4.02403 3.99776 3.96689 3.95984 3.94095 3.91909 3.90173 3.88775 3.86958 3.81422 3.57251 1.55155
-9999 -9999 -9999 -9999 -9999 -9999 -9999 -4.07373 0.77986 4.69079 6.72546 8.37981 8.83103 8.99606 8.27324 7.73065 6.41432 5.16739 3.24753 0.375527 -1.39443 1.85087 6.57189 8.3192 8.18826 8.08034 7.13818 6.28986 6.18508 6.25176 5.27073 3.83547 1.94981 1.3571 0.693601 2.96404 3.26706 3.09405 5.58695 5.58373 5.43205 4.46538 3.38963 3.5842 2.91963 3.42229 2.62598 3.34765 3.97135 4.20192 4.17872 4.09643 4.07965 4.03772 4.09443 4.08838 4.07187 4.05696 4.0449 4.02696 3.98848 3.96193 3.96202 3.93604 3.91155 3.89393 3.88276 3.86992 3.82701 3.78805 3.47258
-9999 -9999 -9999 -9999 -9999 -9999 -9999 -3.86057 0.226224 3.68671 5.76043 7.75342 8.21219 8.88085 8.72965 8.16181 7.01697 5.58821 4.00723 1.54263 -0.290038 1.8791 5.01217 7.25595 8.06595 8.06561 8.01255 7.80054 7.72129 7.47442 7.30584 6.27107 4.48583 3.4777 2.00215 4.53277 4.81158 4.40822 5.66544 5.5932 3.67067 2.19009 1.99732 2.89183 2.03007 1.87443 1.34402 1.93917 3.54377 3.06615 3.15516 3.88637 4.00226 4.06718 4.08332 4.07312 4.06383 4.04479 4.03913 4.03252 3.9947 3.97163 3.9549 3.91687 3.90684 3.87827 3.85456 3.84067 3.81427 3.77801 3.68409
-9999 -9999 -9999 -9999 -9999 -9999 -9999 -3.7762 -1.03033 2.08307 5.13769 7.26603 8.12151 8.74257 8.73015 8.07124 7.49908 6.6012 5.20972 4.2537 2.59877 0.330165 4.12217 5.28361 6.32717 6.77047 7.85384 7.8283 7.33327 6.77148 7.30575 7.14351 5.73258 5.26663 4.48069 5.88601 5.8836 5.83766 5.7543 4.12947 1.87381 0.0688526 1.352 1.07317 1.66512 -0.177905 1.32401 2.53523 2.925 2.10202 1.48416 3.38319 3.68427 3.86665 3.98159 4.05499 4.0301 4.04287 4.02429 4.01051 3.99545 3.96967 3.94995 3.92348 3.89676 3.87684 3.85541 3.82575 3.78442 3.77621 3.73161
-9999 -9999 -9999 -9999 -9999 -9999 -9999 -9999 -2.64951 1.29659 4.81957 6.77867 8.00854 8.60466 8.58789 8.248 7.85755 7.29854 6.29318 5.03218 3.04328 1.56617 2.49749 3.63563 3.76901 4.52678 6.72652 7.4781 6.41305 3.78722 5.33718 7.06955 7.03945 6.88883 6.7198 6.50588 6.30923 5.8849 4.75877 1.32371 0.63812 -0.715138 -0.571319 -1.26966 0.235845 -0.331953 1.20879 1.8734 2.12119 0.685648 0.990195 2.6574 3.31847 3.20364 3.60747 3.99776 4.00467 4.00933 3.99202 3.99248 3.98702 3.97147 3.93863 3.9158 3.89651 3.86134 3.85533 3.71977 3.62967 3.45539 3.65753
-9999 -9999 -9999 -9999 -9999 -9999 -9999 -9999 -3.44003 0.498499 4.64785 5.97676 7.30291 8.44644 8.46306 7.94696 7.45578 6.95008 6.37537 4.84706 3.36533 1.951 1.4739 1.75472 1.73742 2.96325 5.82843 6.38257 6.14516 3.39812 2.46529 4.77934 6.72333 6.87338 6.69295 4.39746 4.87981 3.63767 1.95456 1.48559 0.743893 -0.814656 -0.0768801 -1.22059 -0.741681 -0.867939 0.00388035 0.426117 1.46539 0.21338 0.220739 1.85647 2.68434 2.70054 3.56952 3.87594 3.95197 3.9663 3.97413 3.97031 3.97586 3.95916 3.93735 3.91127 3.8606 3.75251 3.44433 1.77909 1.77403 2.22256 2.6474
-9999 -9999 -9999 -9999 -9999 -9999 -9999 -9999 -2.98875 -0.25733 3.42362 6.14872 6.315 7.63676 8.31617 7.75554 7.12502 6.48013 6.19512 4.53232 2.70669 1.23113 -0.514132 -0.230918 1.01615 3.06636 4.91602 5.24549 4.86131 3.39014 4.08416 5.66095 6.49652 6.74017 6.54118 6.03733 5.74343 4.82713 4.42584 3.15458 1.17067 0.384348 0.869328 -1.2365 -1.09749 -0.328933 -1.14756 0.204971 0.849489 -0.766133 0.504655 1.95896 2.70008 3.34743 3.65109 3.76878 3.95174 3.95043 3.95946 3.9607 3.95002 3.94159 3.90235 3.86823 3.68346 3.41528 1.86179 1.2172 1.33629 2.04401 2.6635
-9999 -9999 -9999 -9999 -9999 -9999 -9999 -9999 -2.52721 -0.0688433 3.1218 5.06302 5.40579 6.87206 8.17514 8.02306 7.3673 7.16359 6.4844 5.07332 3.51557 1.81376 0.984378 -0.916318 0.94755 2.42998 3.99544 4.72668 3.5186 2.9073 3.9814 5.04896 5.47301 6.55051 6.53567 6.17807 4.65269 3.90545 4.21202 3.88657 3.32164 1.9538 1.88561 1.00427 0.635005 0.286102 -0.81861 -0.116435 -0.0513946 0.126513 1.66119 2.41518 2.91334 3.36597 3.48071 3.67415 3.92654 3.94285 3.94522 3.93667 3.93368 3.90648 3.82452 3.75398 3.3914 2.75625 1.57862 -0.316855 1.01187 2.40211 2.79851
-9999 -9999 -9999 -9999 -9999 -9999 -9999 -9999 -2.95162 -0.34022 2.38558 3.52192 3.71008 6.36821 7.99348 7.99036 7.67637 7.3107 5.6412 5.73342 5.39544 3.85963 1.6251 -0.828248 -0.602508 0.860719 2.92869 3.61098 1.61067 0.899378 1.41636 3.03172 4.47701 5.98595 6.36546 5.91611 3.5447 1.02455 2.18405 3.4231 3.40915 3.03641 1.76761 1.35982 0.990104 0.062789 -1.49668 -1.26717 -0.839746 0.893918 1.43899 2.28459 2.98594 2.71347 2.86351 3.53394 3.91578 3.92377 3.92368 3.92908 3.91243 3.88123 3.72661 3.56323 3.29467 1.65242 0.628263 -0.856229 0.862177 1.80738 2.29115
-9999 -9999 -9999 -9999 -9999 -9999 -9999 -9999 -3.76636 -1.87318 0.731559 1.77777 3.45 5.96141 7.19355 7.78105 7.762 7.51626 6.76548 6.31197 5.42391 3.82626 1.64381 -0.781399 -2.36159 -1.56467 1.22616 1.88084 0.0365565 -0.906934 0.258774 1.97997 4.53043 5.98536 6.17723 6.03963 5.54592 3.70428 1.48025 1.48115 2.58661 1.64909 0.560525 1.14852 1.03159 0.116022 -0.551619 -0.948094 -0.710645 0.281454 0.685747 1.66315 3.10875 3.31047 3.26297 3.86778 3.89174 3.89916 3.9151 3.90697 3.8937 3.86746 3.74007 3.46456 2.3688 1.41223 0.0847293 -0.0863612 1.44502 2.09343 2.70563
-9999 -9999 -9999 -9999 -9999 -9999 -9999 -9999 -5.16575 -2.9378 -0.498512 1.78505 3.94514 5.80337 5.94123 6.91837 6.91101 7.42021 7.26674 6.57039 5.82146 4.44405 1.64165 -0.71544 -3.28544 -2.61375 0.231449 0.604804 -0.63743 -2.92872 -0.572399 2.02647 4.38118 5.65328 4.64614 5.66671 5.57635 4.88238 3.55585 1.49671 1.52894 -0.0159658 -0.0895646 0.693794 0.943616 0.805493 0.302765 -0.48943 -0.360775 0.240349 0.387229 1.28461 2.40428 3.49874 3.67708 3.88033 3.88248 3.87887 3.88883 3.88364 3.85313 3.78908 3.6564 2.73671 1.6444 0.968408 0.0410756 -0.0784581 1.6826 2.37046 2.75018
-9999 -9999 -9999 -9999 -9999 -9999 -9999 -9999 -9999 -3.17199 -0.652166 1.21071 1.70758 3.35831 4.2467 4.93277 5.07994 7.04973 7.15261 6.7089 6.02037 4.84464 2.71669 1.2326 -1.233 -3.00655 -2.27782 -1.93667 -1.29175 -1.48855 -0.440834 2.05586 4.65704 4.93556 3.2735 3.51257 3.85278 4.62298 4.2226 1.41931 -0.00814858 -1.19414 -0.362796 0.512117 0.718934 0.755174 0.578683 0.375698 0.0418577 1.2139 2.07932 2.2746 3.0282 3.58271 3.73072 3.84044 3.84772 3.85519 3.84814 3.80809 3.77694 3.62848 3.30506 2.27743 -0.183138 -0.0765671 -0.349913 -1.12101 0.582788 1.66628 2.63159
-9999 -9999 -9999 -9999 -9999 -9999 -9999 -9999 -9999 -4.01837 -1.10225 -0.491684 -0.544399 -1.51896 -1.08018 2.5009 3.21681 5.10548 6.89366 6.75588 6.08014 4.97961 3.70994 1.74734 -1.0252 -3.22926 -4.15482 -1.7868 0.53077 1.00501 1.74115 3.26845 3.55369 1.85492 0.26138 1.14599 1.67621 3.71479 4.08151 3.67749 1.98591 0.0527658 -0.959408 0.221383 0.373615 0.438373 0.445933 0.395324 0.350629 1.67972 2.40802 2.91091 3.18131 3.65607 3.77203 3.80411 3.83388 3.81779 3.78557 3.70207 3.60811 3.2194 2.75032 1.07216 -0.328347 -1.20475 -2.31526 0.161067 0.87687 1.88987 2.54385
