Test_Spring_2018/11_17/Temp/20171123_002.txt
ncols	170
nrows	115
xllcorner	350000.000000
yllcorner	4445000.000000
cellsize	1000.000000
nodata_value	-9999.000000
[rows 31 to 61 of 115, columns 70 to 139 of 170]
7.24895 7.95417 8.20901 7.70637 7.74903 8.94271 9.20741 9.18455 9.087 8.96891 8.3991 8.20479 7.75432 6.96495 6.63041 5.23033 0.717601 1.98619 2.47802 1.16465 1.88712 3.06743 2.02739 -1.04618 -2.37311 -4.50656 -3.82335 -4.45341 -6.17061 -9999 -9999 -9999 -9999 -9999 -9999 -9999 -9999 -9999 -9999 -9999 -9999 -9999 -9999 -9999 -9999 -9999 -9999 -9999 -9999 -9999 -9999 -9999 -9999 -9999 -9999 -9999 -9999 -9999 -9999 -9999 -9999 -9999 -9999 -9999 -9999 -9999 -9999 -9999 -9999 -9999
7.37382 7.69228 7.65456 7.17021 7.90076 8.57317 8.17146 7.90237 9.01727 9.01182 8.62543 7.72517 7.39096 7.0444 6.82936 5.67518 2.4489 -0.460303 1.08779 1.1178 0.0357975 1.95768 0.932991 -1.72992 -5.48634 -3.45225 -3.98738 -6.62001 -7.27437 -9999 -9999 -9999 -9999 -9999 -9999 -9999 -9999 -9999 -9999 -9999 -9999 -9999 -9999 -9999 -9999 -9999 -9999 -9999 -9999 -9999 -9999 -9999 -9999 -9999 -9999 -9999 -9999 -9999 -9999 -9999 -9999 -9999 -9999 -9999 -9999 -9999 -9999 -9999 -9999 -9999
6.46251 7.26823 7.01103 6.79892 7.88807 7.85854 7.79831 8.20376 8.89568 9.02832 8.87414 8.47811 8.13426 7.76867 6.85057 5.53122 2.76913 -0.541214 -1.2973 0.312757 0.383821 0.637441 -0.296821 -1.46845 -3.29789 -1.80885 -1.23326 -2.96993 -5.24115 -6.70426 -9999 -9999 -9999 -9999 -9999 -9999 -9999 -9999 -9999 -9999 -9999 -9999 -9999 -9999 -9999 -9999 -9999 -9999 -9999 -9999 -9999 -9999 -9999 -9999 -9999 -9999 -9999 -9999 -9999 -9999 -9999 -9999 -9999 -9999 -9999 -9999 -9999 -9999 -9999 -9999
5.24133 6.62966 6.24396 5.17402 5.82781 6.31725 7.25471 7.49731 7.62962 8.93134 8.8564 8.7899 8.22554 7.77276 7.02654 5.75646 3.95099 1.77856 -1.99889 0.319551 2.13378 2.08109 1.97563 1.15327 -0.604392 0.857094 0.921377 -1.29408 -3.81211 -5.31199 -5.93527 -9999 -9999 -9999 -9999 -9999 -9999 -9999 -9999 -9999 -9999 -9999 -9999 -9999 -9999 -9999 -9999 -9999 -9999 -9999 -9999 -9999 -9999 -9999 -9999 -9999 -9999 -9999 -9999 -9999 -9999 -9999 -9999 -9999 -9999 -9999 -9999 -9999 -9999 -9999
-9999 5.74378 5.3723 4.06712 4.72513 5.60557 6.86356 7.52197 8.01516 8.40063 8.79362 8.74053 8.16299 6.46914 6.22146 6.14161 4.9583 2.48253 0.0101228 -0.635178 2.13587 2.92482 2.7572 3.3721 1.88254 2.57949 2.28738 1.5 -0.923668 -3.14149 -4.06842 -5.89585 -9999 -9999 -9999 -9999 -9999 -9999 -9999 -9999 -9999 -9999 -9999 -9999 -9999 -9999 -9999 -9999 -9999 -9999 -9999 -9999 -9999 -9999 -9999 -9999 -9999 -9999 -9999 -9999 -9999 -9999 -9999 -9999 -9999 -9999 -9999 -9999 -9999 -9999
-9999 -9999 -9999 -9999 3.23818 4.45178 5.44803 6.68003 7.73536 8.25928 8.76775 8.72037 7.57212 7.00693 6.95127 6.17346 4.80834 3.94899 2.38976 0.765759 1.37733 3.73989 2.68084 4.3537 4.20692 4.51077 3.38481 1.27278 -1.55504 -3.20021 -4.02986 -5.5116 -9999 -9999 -9999 -9999 -9999 -9999 -9999 -9999 -9999 -9999 -9999 -9999 -9999 -9999 -9999 -9999 -9999 -9999 -9999 -9999 -9999 -9999 -9999 -9999 -9999 -9999 -9999 -9999 -9999 -9999 -9999 -9999 -9999 -9999 -9999 -9999 -9999 -9999
-9999 -9999 -9999 -9999 -9999 4.22504 4.98348 6.61458 7.47272 7.81106 8.63472 8.63059 8.19162 7.85827 7.3773 6.75104 5.72313 4.58987 3.12287 2.98113 4.48996 4.50287 4.18101 4.42485 5.19873 4.98932 3.25692 0.267249 -1.31985 -4.51292 -5.89558 -5.75922 -6.74148 -9999 -9999 -9999 -9999 -9999 -9999 -9999 -9999 -9999 -9999 -9999 -9999 -3.09134 -9999 -9999 -9999 -9999 -9999 -9999 -9999 -9999 -9999 -9999 -9999 -9999 -9999 -9999 -9999 -9999 -9999 -9999 -9999 -9999 -9.12469 -9999 -9999 -9999
-9999 -9999 -9999 -9999 4.0651 5.0931 5.8844 6.90562 7.01344 7.62344 8.57145 8.5794 8.26613 7.91251 7.12577 6.92517 6.33666 5.10664 4.84942 5.33831 5.56038 5.81346 5.9677 5.83387 5.5145 5.10333 3.99643 2.6037 1.66794 -1.26197 -2.73779 -4.16477 -6.3228 -8.01269 -9999 -9999 -9999 -9999 -9999 -9999 -9999 -4.19178 -4.27901 -4.24786 -3.78256 -2.48571 -3.25845 -9999 -9999 -9999 -9999 -9999 -9999 -9999 -9999 -9999 -9999 -9999 -9999 -9999 -9999 -9999 -9999 -9999 -9999 -9999 -7.95547 -9.66051 -9999 -9999
-9999 -9999 -9999 -9999 4.34592 5.41741 5.95093 6.94336 7.50935 7.89463 8.21995 8.52991 8.47028 8.07945 7.48822 7.4842 6.67204 6.23069 5.9137 6.57721 6.70352 6.42909 6.08697 5.78456 4.93743 4.83676 4.57446 3.69017 2.23987 0.745198 -1.38635 -4.31319 -7.18427 -9.50169 -9999 -9999 -9999 -9999 -9999 -9999 -3.94532 -2.86992 -2.2285 -3.61507 -2.44361 -1.37331 -1.55208 -2.5956 -9999 -9999 -9999 -9999 -9999 -9999 -9999 -9999 -9999 -9999 -9999 -9999 -9999 -9999 0.111545 -1.63579 -5.15607 -6.96493 -8.0539 -9.60497 -9999 -9999
-9999 -9999 -9999 -9999 4.12536 5.39235 6.24991 7.01056 7.12964 7.91305 8.25991 8.4237 8.39704 8.3136 8.19818 7.48799 7.17781 6.10868 7.11634 7.07093 6.8078 5.78527 5.33984 3.58974 2.81828 2.65813 4.12545 3.03875 0.771053 -2.06375 -5.45655 -5.67105 -6.80182 -8.87349 -9999 -9999 -9999 -9999 -9999 -9999 -3.61354 -2.46303 -1.50378 -1.37028 -2.74842 -0.841299 -0.914268 -1.99199 -2.24203 -1.37138 -0.933908 -1.26146 -0.215425 0.0817778 -0.401355 0.107069 -9999 -9999 -9999 -9999 0.363669 0.424288 0.467978 -0.265363 -4.11017 -6.73893 -9.10058 -9.3261 -9999 -9999
-9999 -9999 -9999 -9999 4.99661 5.77684 6.17077 6.23323 6.9159 7.60108 8.0274 8.32925 8.26045 8.22768 8.19276 7.94396 7.37731 7.4692 7.41601 7.08312 5.14036 2.87479 3.85542 2.51126 -0.357742 1.9828 3.26445 2.03421 -0.712537 -3.8978 -4.92847 -4.87833 -6.4489 -8.46844 -9999 -9999 -9999 -6.75781 -5.10752 -4.9714 -4.49059 -2.9538 -1.7864 -0.908233 -0.31222 -0.331895 -0.973665 -2.02792 -3.1734 -2.7748 -0.734266 -0.242801 0.186093 0.494215 0.0446815 0.26065 0.797541 1.06979 1.11655 0.977283 0.937672 0.972571 0.897662 0.212576 -3.22413 -5.19664 -6.45841 -8.99017 -9999 -9999
-9999 -9999 -9999 -9999 4.50253 5.18146 5.731 6.64183 6.73659 7.31199 7.65483 8.16718 8.21762 7.6127 8.09728 8.02439 7.9229 7.71819 7.42299 5.78082 3.52133 1.25739 0.210435 0.655844 -1.07358 -0.179816 1.11929 0.649089 -1.0311 -3.8684 -4.26906 -4.9196 -7.55017 -10.0915 -9999 -9999 -9.96812 -6.79427 -4.5622 -3.41507 -3.06558 -3.03953 -1.56691 -1.45836 0.128339 -0.24661 -2.36027 -2.12997 -2.95615 -2.43181 -1.69032 -1.49212 -0.411465 0.62358 0.809498 0.803374 1.14112 1.20186 1.2095 1.18986 0.943245 1.04151 1.04857 0.617981 -1.87708 -3.09833 -4.44207 -8.96515 -9999 -9999
-9999 -9999 -9999 -9999 4.84605 5.60569 6.43717 6.57095 7.18544 7.11768 6.94234 7.7965 8.11029 7.68051 7.36796 7.91724 7.86865 7.78485 7.65365 6.1097 4.3254 1.62893 -0.0472554 -1.06907 -1.79639 -2.7546 -2.08673 -2.2899 -2.56261 -2.24753 -3.02301 -4.57039 -6.11583 -9.00093 -10.5685 -9999 -9.79744 -8.37006 -5.7142 -3.4586 -2.02994 -2.55559 -0.880227 -0.575831 0.392226 -0.184766 -1.47021 -2.02871 -2.08451 -2.25958 -1.13277 -0.376395 0.161716 0.511792 0.954151 1.0572 1.16056 1.19723 1.21223 1.22784 1.21165 1.19273 1.13284 0.965219 -0.186854 -1.40503 -4.02864 -8.82035 -9999 -9999
-9999 -9999 -9999 2.61718 4.75338 6.02816 6.52174 6.87736 7.18984 7.41461 7.65252 7.8691 8.0164 7.94697 6.82142 6.90227 7.09239 7.71564 7.66103 7.51385 6.53503 3.25518 2.12188 0.470676 -1.67107 -2.55905 -2.11001 -0.35263 -0.429117 -1.59005 -2.88463 -4.66717 -5.80495 -7.57914 -10.9788 -10.6807 -9.15859 -8.02882 -6.2271 -3.46832 -1.53712 -0.680299 -0.361918 0.315116 0.662576 -0.127177 -0.876779 -1.19623 -1.78234 -1.87074 -1.8732 -1.19529 -0.661667 0.519867 0.909887 1.08528 1.16746 1.20646 1.23189 1.25701 1.25903 1.22616 1.21776 1.19918 1.10665 -0.512877 -4.55714 -7.60581 -9999 -9999
-9999 -9999 -9999 -9999 4.35537 4.9172 5.06478 5.32154 5.84608 6.44979 7.30755 7.41297 7.87926 7.86856 6.9003 5.77908 6.73566 7.10939 7.49796 7.50128 7.36897 4.61563 3.17354 2.03921 -0.0138825 0.734291 1.44045 1.49666 1.07484 -1.41528 -3.89594 -6.74968 -9.42538 -9.55657 -10.9979 -10.2411 -9.23868 -6.65237 -4.83551 -4.10475 -3.58258 -0.777811 -0.0527676 0.189938 0.90277 -0.0868006 -0.340949 -1.08561 -0.872377 -0.943286 -0.945531 -2.99763 -0.94655 -0.834181 0.493093 1.08514 1.21254 1.23848 1.26695 1.26247 1.25977 1.24362 1.24754 1.21833 1.18387 0.127357 -4.99306 -7.57197 -9999 -9999
-9999 -9999 -9999 -9999 -9999 -9999 4.53291 4.96098 5.23454 5.7071 7.1596 7.5461 7.79968 7.81391 7.37602 6.26732 5.96673 6.15741 5.07469 5.96455 7.18637 7.15141 7.00002 4.58033 3.34918 4.54984 4.18876 2.37375 0.94599 -0.463479 -3.36744 -5.4863 -8.55217 -10.8563 -10.9477 -8.41445 -6.31101 -3.69401 -2.54518 -3.21518 -2.51074 -1.12186 0.457075 1.21662 1.02799 -0.0148244 -0.165219 -1.30999 -0.197018 -0.107273 -0.633912 -1.09024 -0.911927 -0.259465 -0.0165475 1.01936 1.26232 1.29774 1.29468 1.28814 1.27315 1.25709 1.23306 1.21212 1.18774 1.13097 -4.13224 -8.23224 -9999 -9999
-9999 -9999 -9999 -9999 -9999 -9999 3.52176 3.78302 4.46719 6.22321 7.14208 7.50887 7.48979 7.65372 7.34214 6.36452 5.36089 4.41344 3.19603 3.87879 5.70004 6.77315 6.89332 4.77234 5.88222 5.47194 4.66106 2.28667 0.53776 -0.388076 -3.17553 -5.55554 -7.59546 -10.4132 -9.21373 -7.8939 -6.19842 -3.34129 -1.41802 -0.634134 -1.31084 -0.426765 1.39134 1.3933 0.38646 0.444477 -0.169634 -1.73175 -0.11766 0.332294 -0.0412284 0.047719 -0.0902193 0.147274 0.586474 1.00571 1.28078 1.30876 1.30266 1.28235 1.27121 1.26126 1.2307 1.22217 1.19759 1.16117 -2.23956 -8.3128 -9999 -9999
-9999 -9999 -9999 -9999 -9999 -9999 -9999 2.60294 4.16433 6.49582 7.07332 7.01557 7.49077 7.52435 7.05097 6.63786 5.42159 3.76378 0.590159 1.38819 3.06417 5.48558 6.75811 6.58561 5.88281 4.65379 1.67639 -0.92855 -1.24155 -1.66516 -3.69859 -5.52932 -7.797 -6.48647 -5.05232 -3.48458 -2.66536 -2.88923 -1.24257 0.0978047 -0.485909 0.600675 1.87053 1.28228 0.931689 0.63687 -0.0720831 -0.120497 -0.0527707 0.861432 0.219053 0.604079 0.613091 0.58265 0.791723 1.03324 1.287 1.3197 1.30944 1.30284 1.26126 1.2613 1.23567 1.21053 1.18691 1.1541 0.837583 -2.43977 -4.40078 -9999
-9999 -9999 -9999 -9999 -9999 -9999 -9999 1.1609 1.93927 4.7006 5.5521 6.76789 7.40951 7.4314 6.63864 6.19271 4.38543 3.79208 0.855565 -0.476695 0.641826 0.207256 3.54492 6.49989 5.86305 -0.10007 -2.25746 -3.79497 -3.39537 -3.38825 -3.95232 -7.07542 -7.93996 -5.13772 -3.37593 -2.01354 -0.983111 -0.775799 -0.821744 1.28037 1.5518 2.22858 2.07023 2.12544 1.05099 0.383788 0.954765 0.283698 0.16434 1.10894 0.167213 1.00769 0.907131 0.644812 0.622757 1.17105 1.27405 1.32315 1.31564 1.28291 1.24362 1.21717 1.22471 1.20603 1.1651 1.15687 1.11687 0.71541 -0.983944 -1.58413
-9999 -9999 -9999 -9999 -9999 -9999 -9999 -9999 -0.638963 3.19896 4.95135 5.86799 7.15926 7.30785 6.88463 6.11847 4.27782 2.65825 0.0324287 -2.96387 -4.55042 0.18251 4.30311 6.45436 6.17791 1.21428 -0.742543 -0.830018 0.327697 -0.643271 -1.37957 -3.75064 -4.4632 -5.45471 -4.84966 -2.94732 -1.39735 0.09631 1.17878 1.25714 1.95498 2.35541 2.37966 2.49873 2.3655 2.25597 1.22084 1.92597 1.3168 1.63135 1.4194 1.22729 1.06682 0.469734 0.877208 1.23652 1.32171 1.33924 1.30637 1.29019 1.26329 1.21725 1.19236 1.17954 1.16587 1.13702 1.12693 1.09538 0.896097 -0.130197
-9999 -9999 -9999 -9999 -9999 -9999 -9999 -9999 -2.55873 1.25998 3.09915 5.46409 6.67857 7.16858 7.09347 6.47097 5.07021 2.96744 1.21487 -2.12882 -5.59904 -0.63235 3.79916 6.1884 6.31559 2.14997 3.30957 2.37733 2.75746 1.04805 0.338818 -0.213997 -1.44459 -2.7916 -4.26495 -5.04912 -1.55922 0.227772 1.66312 2.33397 2.70819 2.88942 2.779 2.51138 0.950074 2.12688 2.05765 1.93335 1.79199 1.72053 1.59185 1.44116 1.35573 1.31722 0.91747 1.35107 1.32875 1.32446 1.31582 1.29314 1.25968 1.2288 1.19326 1.18261 1.16006 1.1346 1.11405 1.0952 1.07253 1.00669
-9999 -9999 -9999 -9999 -9999 -9999 -9999 -9999 -7.92974 -2.3735 2.09437 4.42199 6.31872 6.83179 7.01718 6.18598 5.56178 4.05207 2.62266 0.423274 -2.86596 -4.89231 -1.17319 4.23602 6.23741 6.0889 5.96589 4.88679 3.91452 3.79326 3.86772 2.743 1.09119 -1.07151 -1.75007 -2.51349 0.0839025 0.428273 0.228006 3.08201 3.07765 2.90387 1.79709 0.565223 0.788972 0.0282557 0.603661 -0.308624 0.517313 1.23048 1.49278 1.46388 1.3684 1.34777 1.29571 1.35972 1.34855 1.32583 1.30558 1.28936 1.2672 1.22224 1.19155 1.19177 1.15835 1.13008 1.1081 1.0923 1.07576 1.02423
-9999 -9999 -9999 -9999 -9999 -9999 -9999 -9999 -7.69052 -3.01528 0.945976 3.32485 5.60433 6.12644 6.88906 6.71292 6.06004 4.74688 3.10923 1.29793 -1.52482 -3.62324 -1.13759 2.45322 5.02466 5.95385 5.95189 5.89106 5.64761 5.54934 5.26522 5.07182 3.88413 1.84103 0.683035 -1.01031 1.88529 2.20209 1.73808 3.17678 3.09335 0.891151 -0.804383 -1.02458 0.000332637 -0.986073 -1.16493 -1.7733 -1.09242 0.744184 0.198212 0.297588 1.13396 1.26294 1.33745 1.35167 1.33592 1.32161 1.29672 1.28785 1.27862 1.23432 1.20746 1.18822 1.14472 1.12837 1.09512 1.06479 1.04553 1.01294
-9999 -9999 -9999 -9999 -9999 -9999 -9999 -9999 -7.60008 -4.45287 -0.889005 2.61451 5.04941 6.02629 6.73476 6.7179 5.96095 5.3039 4.27436 2.68006 1.58509 -0.309961 -2.9076 1.4368 2.76938 3.96574 4.467 5.70803 5.67844 5.11059 4.46533 5.07533 4.89259 3.27364 2.73694 1.83374 3.44064 3.43549 3.38101 3.28423 1.42242 -1.16145 -3.22869 -1.75855 -2.07744 -1.3992 -3.51121 -1.78796 -0.401417 0.0436095 -0.9021 -1.61236 0.561957 0.908034 1.11293 1.24056 1.32078 1.28877 1.30042 1.27678 1.25928 1.24092 1.21077 1.18787 1.15737 1.12651 1.09767 1.06963 1.03392 0.985332
-9999 -9999 -9999 -9999 -9999 -9999 -9999 -9999 -9999 -6.31385 -1.78683 2.24637 4.48814 5.89458 6.57515 6.55387 6.16273 5.71399 5.07259 3.92035 2.47569 0.19764 -1.49391 -0.426649 0.878878 1.03261 1.90094 4.42058 5.28111 4.06039 1.05389 2.83355 4.8154 4.7782 4.60282 4.40637 4.15669 3.92926 3.44148 2.15034 -1.78497 -2.56827 -4.1181 -3.95294 -4.75235 -3.02741 -3.67924 -1.91493 -1.15466 -0.872349 -2.51869 -2.16948 -0.257635 0.49588 0.360463 0.819121 1.26153 1.26614 1.26861 1.24645 1.24521 1.23769 1.21904 1.18189 1.15542 1.13294 1.08589 1.07505 0.918048 0.812601
-9999 -9999 -9999 -9999 -9999 -9999 -9999 -9999 -9999 -7.20763 -2.69806 2.05282 3.573 5.08999 6.39784 6.41503 5.82226 5.25832 4.67807 4.01914 2.2683 0.571101 -1.04863 -1.59469 -1.27255 -1.29007 0.114285 3.3961 4.03049 3.75786 0.619634 -0.450538 2.19791 4.42222 4.59159 4.38243 1.75082 2.30129 0.876905 -1.05211 -1.58999 -2.43987 -4.22507 -3.37987 -4.68972 -4.1411 -4.28736 -3.28948 -2.80698 -1.6182 -3.05435 -3.04514 -1.16888 -0.224072 -0.209129 0.782584 1.13007 1.21397 1.22758 1.23423 1.22804 1.23305 1.21294 1.18723 1.15675 1.09803 0.973355 0.612715 -1.29978 -1.3078
-9999 -9999 -9999 -9999 -9999 -9999 -9999 -9999 -9999 -6.68788 -3.56075 0.653836 3.77349 3.9622 5.47446 6.25106 5.60749 4.8841 4.14453 3.81748 1.91257 -0.178558 -1.8685 -3.8672 -3.54239 -2.11359 0.236962 2.3556 2.73273 2.29209 0.616109 1.40965 3.214 4.16909 4.44604 4.21599 3.63685 3.29841 2.24737 1.78658 0.329669 -1.94323 -2.84415 -2.2888 -4.70097 -4.54199 -3.66212 -4.60222 -3.05433 -2.31779 -4.17044 -2.70763 -1.04481 -0.199126 0.539015 0.883479 1.01504 1.2216 1.21743 1.22548 1.22501 1.21127 1.2004 1.15446 1.11447 0.901874 0.593579 -1.1872 -1.93778 -1.80359
-9999 -9999 -9999 -9999 -9999 -9999 -9999 -9999 -9999 -6.15628 -3.34171 0.3115 2.53353 2.92465 4.60267 6.09385 5.91844 5.1663 4.93217 4.15367 2.53711 0.752798 -1.19634 -2.14602 -4.32272 -2.18743 -0.487057 1.30612 2.14355 0.770034 0.0691171 1.29834 2.51979 3.00392 4.23637 4.2176 3.80627 2.05751 1.20023 1.55024 1.17658 0.528823 -1.03843 -1.11698 -2.12692 -2.55043 -2.95077 -4.21878 -3.41597 -3.34327 -3.13574 -1.37595 -0.515099 0.0525226 0.567883 0.696215 0.914781 1.20105 1.21718 1.21762 1.20588 1.20079 1.16822 1.07307 0.991067 0.57453 -0.15434 -1.50478 -3.68879 -2.16907
-9999 -9999 -9999 -9999 -9999 -9999 -9999 -9999 -9999 -6.63939 -3.64935 -0.528356 0.771992 0.986268 4.02969 5.89012 5.88551 5.52498 5.10545 3.19271 3.29807 2.9109 1.15191 -1.40725 -4.21694 -3.95793 -2.28199 0.0895397 0.871071 -1.40918 -2.22432 -1.63285 0.216447 1.87073 3.59776 4.03105 3.51493 0.797321 -2.09054 -0.763574 0.65466 0.63781 0.210101 -1.24393 -1.71179 -2.13611 -3.19924 -4.98974 -4.72705 -4.23936 -2.24497 -1.62307 -0.657144 0.143429 -0.171506 -0.00248596 0.762658 1.19737 1.20406 1.20172 1.20589 1.18501 1.14763 0.969012 0.780406 0.471296 -1.41135 -2.58618 -4.29335 -2.33394
-9999 -9999 -9999 -9999 -9999 -9999 -9999 -9999 -9999 -7.56957 -5.40199 -2.41945 -1.22211 0.692255 3.56783 4.97817 5.65023 5.62766 5.3456 4.48524 3.96558 2.94837 1.11857 -1.3809 -4.1583 -5.9677 -5.05432 -1.855 -1.09785 -3.20575 -4.28649 -2.95157 -0.980616 1.93997 3.60556 3.82429 3.66555 3.09888 0.988294 -1.56028 -1.56034 -0.295197 -1.37007 -2.61797 -1.94555 -2.08063 -3.13057 -3.89665 -4.35417 -4.07858 -2.93889 -2.47817 -1.36112 0.292124 0.520574 0.463558 1.15375 1.17872 1.18486 1.20089 1.1895 1.17235 1.14046 0.992779 0.675473 -0.581374 -1.67885 -3.2013 -3.39931 -1.65934
-9999 -9999 -9999 -9999 -9999 -9999 -9999 -9999 -9999 -9.16942 -6.6182 -3.82496 -1.21014 1.26323 3.39084 3.54796 4.66647 4.65741 5.24016 5.06404 4.26628 3.40848 1.83101 -1.37848 -4.07773 -7.02072 -6.25057 -2.99196 -2.54873 -3.97108 -6.5952 -3.89608 -0.919372 1.77747 3.23406 2.0798 3.24795 3.14348 2.34753 0.826955 -1.53282 -1.49717 -3.26804 -3.3537 -2.45784 -2.17314 -2.33285 -2.91025 -3.82331 -3.67033 -2.97816 -2.8122 -1.78666 -0.506555 0.744658 0.946556 1.177 1.17714 1.17074 1.17993 1.17186 1.13483 1.05943 0.905458 -0.149946 -1.40308 -2.1794 -3.24365 -3.3827 -1.37362
