Test_Spring_2018/11_17/Temp/20171121_008.txt
ncols	170
nrows	115
xllcorner	350000.000000
yllcorner	4445000.000000
cellsize	1000.000000
nodata_value	-9999.000000
[rows 32 to 63 of 115, columns 71 to 141 of 170]
8.77122 8.75187 8.3662 8.97646 9.53894 9.21236 8.99511 9.92089 9.92657 9.62 8.89219 8.62854 8.35482 8.18897 7.25315 4.61844 2.2436 3.52302 3.55762 2.68029 4.26546 3.43454 1.26017 -1.81104 -0.135088 -0.565803 -2.73378 -3.26614 -9999 -9999 -9999 -9999 -9999 -9999 -9999 -9999 -9999 -9999 -9999 -9999 -9999 -9999 -9999 -9999 -9999 -9999 -9999 -9999 -9999 -9999 -9999 -9999 -9999 -9999 -9999 -9999 -9999 -9999 -9999 -9999 -9999 -9999 -9999 -9999 -9999 -9999 -9999 -9999 -9999 -9999 -9999
8.42912 8.22982 8.06735 8.97162 8.95862 8.91211 9.24762 9.8267 9.94565 9.8295 9.51513 9.24361 8.9543 8.21203 7.14076 4.88658 2.1828 1.57303 2.90299 2.97094 3.1883 2.43145 1.4797 -0.0116589 1.21743 1.69739 0.27101 -1.5942 -2.79203 -9999 -9999 -9999 -9999 -9999 -9999 -9999 -9999 -9999 -9999 -9999 -9999 -9999 -9999 -9999 -9999 -9999 -9999 -9999 -9999 -9999 -9999 -9999 -9999 -9999 -9999 -9999 -9999 -9999 -9999 -9999 -9999 -9999 -9999 -9999 -9999 -9999 -9999 -9999 -9999 -9999 -9999
7.91143 7.60671 6.74089 7.28819 7.70067 8.46504 8.67568 8.79433 9.8718 9.82066 9.77651 9.32424 8.96349 8.36216 7.33131 5.86142 4.09056 1.00363 2.9143 4.41135 4.37749 4.30007 3.63459 2.20199 3.40842 3.46913 1.64637 -0.423553 -1.64543 -2.14845 -9999 -9999 -9999 -9999 -9999 -9999 -9999 -9999 -9999 -9999 -9999 -9999 -9999 -9999 -9999 -9999 -9999 -9999 -9999 -9999 -9999 -9999 -9999 -9999 -9999 -9999 -9999 -9999 -9999 -9999 -9999 -9999 -9999 -9999 -9999 -9999 -9999 -9999 -9999 -9999 -9999
7.19122 6.89807 5.83929 6.38997 7.12296 8.15728 8.7019 9.11617 9.44245 9.77499 9.74189 9.27887 7.90068 7.70815 7.65318 6.69342 4.67388 2.65688 2.13764 4.41908 5.07515 4.94665 5.4594 4.24647 4.82594 4.5943 3.95167 1.95754 0.139177 -0.612879 -2.10298 -9999 -9999 -9999 -9999 -9999 -9999 -9999 -9999 -9999 -9999 -9999 -9999 -9999 -9999 -9999 -9999 -9999 -9999 -9999 -9999 -9999 -9999 -9999 -9999 -9999 -9999 -9999 -9999 -9999 -9999 -9999 -9999 -9999 -9999 -9999 -9999 -9999 -9999 -9999 -9999
-9999 -9999 -9999 5.17681 6.17495 7.00465 8.01739 8.89259 9.3324 9.75965 9.7313 8.80047 8.34772 8.31273 7.68562 6.57687 5.88263 4.61433 3.29266 3.80354 5.74965 4.89015 6.2701 6.15786 6.41481 5.49927 3.76566 1.44513 0.0960552 -0.576414 -1.78323 -9999 -9999 -9999 -9999 -9999 -9999 -9999 -9999 -9999 -9999 -9999 -9999 -9999 -9999 -9999 -9999 -9999 -9999 -9999 -9999 -9999 -9999 -9999 -9999 -9999 -9999 -9999 -9999 -9999 -9999 -9999 -9999 -9999 -9999 -9999 -9999 -9999 -9999 -9999 -9999
-9999 -9999 -9999 -9999 5.99488 6.62942 7.97701 8.68314 8.97079 9.6565 9.66369 9.31449 9.05196 8.66841 8.16568 7.33353 6.4148 5.22216 5.11573 6.36217 6.38176 6.12647 6.33458 6.97689 6.81272 5.39479 2.94636 1.65215 -0.975257 -2.10139 -1.98178 -2.77892 -9999 -9999 -9999 -9999 -9999 -9999 -9999 -9999 -9999 -9999 -9999 -9999 0.344385 -9999 -9999 -9999 -9999 -9999 -9999 -9999 -9999 -9999 -9999 -9999 -9999 -9999 -9999 -9999 -9999 -9999 -9999 -9999 -9999 -4.37705 -9999 -9999 -9999 -9999 -9999
-9999 -9999 -9999 5.86685 6.71486 7.37369 8.22113 8.3126 8.82285 9.61056 9.62775 9.38174 9.10276 8.46871 8.31515 7.84342 6.84548 6.64478 7.05539 7.24679 7.46315 7.59798 7.49617 7.24182 6.91184 6.00235 4.86701 4.10634 1.70225 0.492058 -0.670355 -2.43169 -3.80874 -9999 -9999 -9999 -9999 -9999 -9999 -9999 -0.595392 -0.656103 -0.619801 -0.227614 0.846268 0.223282 -9999 -9999 -9999 -9999 -9999 -9999 -9999 -9999 -9999 -9999 -9999 -9999 -9999 -9999 -9999 -9999 -9999 -9999 -9999 -3.41039 -4.79609 -9999 -9999 -9999 -9999
-9999 -9999 -9999 6.09832 6.98659 7.43388 8.25754 8.73177 9.05103 9.32827 9.59317 9.55529 9.24601 8.77248 8.78034 8.12544 7.77428 7.52468 8.0785 8.19133 7.97505 7.70269 7.46234 6.7749 6.69903 6.48184 5.76279 4.5797 3.36036 1.6043 -0.788148 -3.13435 -5.02608 -9999 -9999 -9999 -9999 -9999 -9999 -0.399974 0.492748 1.02965 -0.0961794 0.875157 1.76346 1.6276 0.77747 -9999 -9999 -9999 -9999 -9999 -9999 -9999 -9999 -9999 -9999 -9999 -9999 -9999 -9999 3.16386 1.74307 -1.13131 -2.60248 -3.48333 -4.74286 -9999 -9999 -9999 -9999
-9999 -9999 -9999 5.9236 6.97188 7.68459 8.31804 8.42571 9.07855 9.36684 9.51204 9.50138 9.44437 9.36122 8.79038 8.54731 7.68167 8.51825 8.49089 8.28439 7.45461 7.0973 5.66968 5.04382 4.91088 6.11933 5.23368 3.37977 1.06107 -1.72143 -1.89783 -2.81752 -4.50797 -9999 -9999 -9999 -9999 -9999 -9999 -0.124078 0.830487 1.62823 1.74888 0.630079 2.20463 2.15068 1.278 1.08395 1.8088 2.17864 1.91395 2.7802 3.03622 2.65263 3.08208 -9999 -9999 -9999 -9999 3.35463 3.41628 3.4639 2.87437 -0.266179 -2.40968 -4.33404 -4.50798 -9999 -9999 -9999 -9999
-9999 -9999 -9999 6.644 7.2929 7.62523 7.68603 8.25562 8.82785 9.18191 9.43999 9.39506 9.37992 9.36312 9.17092 8.71791 8.80444 8.77149 8.50858 6.92507 5.07615 5.88792 4.79241 2.44392 4.36351 5.41905 4.41499 2.1676 -0.439133 -1.2854 -1.2446 -2.52522 -4.17443 -9999 -9999 -9999 -2.73292 -1.36883 -1.24588 -0.84016 0.431387 1.40004 2.13215 2.63211 2.62236 2.10738 1.254 0.325856 0.663729 2.34791 2.76224 3.11583 3.38097 3.02511 3.21638 3.66928 3.90516 3.95605 3.85425 3.83396 3.87457 3.82499 3.27505 0.467521 -1.13804 -2.16073 -4.21971 -9999 -9999 -9999 -9999
-9999 -9999 -9999 6.24385 6.80949 7.26926 8.02508 8.11262 8.59464 8.88654 9.31279 9.36586 8.88192 9.29138 9.24375 9.17243 9.01606 8.78488 7.44863 5.60541 3.75766 2.90681 3.27697 1.8647 2.59813 3.66761 3.28421 1.90715 -0.414679 -0.738355 -1.27182 -3.42684 -5.50255 -9999 -9999 -5.37304 -2.76008 -0.918783 0.033349 0.331703 0.364928 1.58409 1.68477 2.99715 2.69695 0.975292 1.17518 0.509286 0.950276 1.57071 1.74463 2.63658 3.49482 3.65998 3.6678 3.95755 4.02014 4.03904 4.03538 3.8454 3.93796 3.95555 3.61421 1.58024 0.590686 -0.499755 -4.19108 -9999 -9999 -9999 -9999
-9999 -9999 -9999 6.52996 7.16151 7.85225 7.97135 8.48498 8.44012 8.30719 9.01861 9.28361 8.94358 8.69984 9.16267 9.13506 9.0781 8.98159 7.72596 6.27232 4.06982 2.70281 1.86995 1.27878 0.489433 1.04076 0.877822 0.657904 0.920104 0.28584 -0.983175 -2.24405 -4.60603 -5.88262 -9999 -5.23071 -4.04945 -1.86045 0.000773993 1.1842 0.765407 2.15107 2.41255 3.2145 2.75268 1.71008 1.2643 1.22975 1.09746 2.03263 2.66449 3.11204 3.41156 3.78457 3.882 3.9797 4.02263 4.04765 4.07293 4.0719 4.06837 4.03105 3.90528 2.97234 1.98483 -0.154409 -4.06631 -9999 -9999 -9999 -9999
-9999 -9999 4.70523 6.45957 7.51317 7.92663 8.22741 8.49331 8.68783 8.8938 9.08289 9.21538 9.16789 8.25793 8.33705 8.50548 9.02849 8.99498 8.88463 8.09137 5.41045 4.48742 3.13553 1.38392 0.655775 1.02702 2.47077 2.41103 1.46242 0.40465 -1.05724 -1.98719 -3.43492 -6.21674 -5.96288 -4.70456 -3.76711 -2.27816 -0.0041149 1.59163 2.30656 2.57994 3.1445 3.44093 2.80556 2.20241 1.95176 1.48245 1.42122 1.43051 1.99775 2.44218 3.42349 3.75592 3.91077 3.99117 4.03609 4.06971 4.10283 4.11674 4.10179 4.10668 4.10307 4.03853 2.72232 -0.578093 -3.06107 -9999 -9999 -9999 -9999
-9999 -9999 -9999 6.13859 6.60741 6.73698 6.95654 7.39619 7.90135 8.61553 8.71332 9.10754 9.11128 8.32845 7.42233 8.21945 8.53813 8.86816 8.88131 8.78209 6.52972 5.35337 4.42819 2.74879 3.36165 3.94309 3.9915 3.64803 1.60907 -0.421702 -2.7621 -4.95066 -5.05199 -6.22805 -5.59997 -4.76766 -2.63589 -1.1343 -0.522732 -0.0819477 2.2303 2.83548 3.04689 3.64314 2.8434 2.64651 2.04728 2.23334 2.18645 2.1959 0.52486 2.21367 2.31833 3.4192 3.91743 4.03358 4.06783 4.10397 4.11285 4.12291 4.12167 4.13668 4.12422 4.10985 3.25583 -0.929895 -3.02788 -9999 -9999 -9999 -9999
-9999 -9999 -9999 -9999 -9999 6.30559 6.66548 6.89929 7.29689 8.49869 8.827 9.04694 9.07113 8.72497 7.82828 7.59491 7.76371 6.88763 7.62671 8.63689 8.61534 8.49697 6.51766 5.50849 6.49529 6.20127 4.71506 3.54638 2.39295 0.0146839 -1.72341 -4.23217 -6.1153 -6.18299 -4.09753 -2.36445 -0.207391 0.746666 0.209987 0.800416 1.95115 3.25813 3.89307 3.75035 2.90706 2.79529 1.86806 2.79181 2.87663 2.45613 2.09337 2.24696 2.79439 3.0062 3.86825 4.08021 4.1215 4.1318 4.13901 4.13901 4.13788 4.13097 4.12597 4.11817 4.08392 -0.21878 -3.56394 -9999 -9999 -9999 -9999
-9999 -9999 -9999 -9999 -9999 5.48103 5.7041 6.27452 7.72438 8.4887 8.80089 8.79735 8.94437 8.70187 7.91342 7.1034 6.3392 5.35246 5.92229 7.42402 8.31087 8.41501 6.68043 7.59043 7.25621 6.59314 4.64803 3.21576 2.45856 0.175543 -1.77678 -3.44458 -5.74894 -4.75838 -3.66782 -2.26795 0.0853009 1.6744 2.32987 1.78765 2.52522 4.0284 4.04233 3.22889 3.28822 2.79631 1.52696 2.86158 3.24172 2.94674 3.031 2.92541 3.13259 3.50528 3.86169 4.09993 4.13556 4.14307 4.13899 4.14217 4.14651 4.13373 4.139 4.13117 4.11373 1.33815 -3.62481 -9999 -9999 -9999 -9999
-9999 -9999 -9999 -9999 -9999 -9999 4.74084 6.03047 7.95216 8.4366 8.40074 8.80247 8.84264 8.46751 8.14191 7.15769 5.81102 3.22055 3.8849 5.26752 7.25979 8.30867 8.17156 7.59536 6.58982 4.15043 2.01622 1.76114 1.41563 -0.249246 -1.75127 -3.60584 -2.52558 -1.34266 -0.0488591 0.632596 0.46013 1.82235 2.93396 2.46822 3.37188 4.42563 3.95573 3.6804 3.4505 2.88089 2.85262 2.91945 3.68023 3.16482 3.4918 3.50671 3.49416 3.67812 3.88876 4.10947 4.14892 4.15311 4.16021 4.13855 4.15098 4.14233 4.13411 4.12721 4.11287 3.86608 1.19544 -0.398763 -9999 -9999 -9999
-9999 -9999 -9999 -9999 -9999 -9999 3.56266 4.21037 6.4845 7.1936 8.20187 8.74001 8.77055 8.1335 7.78036 6.31177 5.83785 3.4419 2.3593 3.2849 2.93568 5.67778 8.10489 7.58285 2.69613 0.929181 -0.329721 -0.000406144 0.00737948 -0.452676 -3.0142 -3.71829 -1.41493 0.0366647 1.16213 2.01675 2.19764 2.17215 3.90853 4.14334 4.71099 4.59381 4.65148 3.7827 3.24755 3.72734 3.18862 3.10211 3.88783 3.12701 3.82739 3.7524 3.54969 3.54409 4.00617 4.10321 4.15606 4.16261 4.14821 4.12855 4.11917 4.13783 4.13503 4.11408 4.12004 4.10009 3.78743 2.40782 1.92941 2.47172 -9999
-9999 -9999 -9999 -9999 -9999 -9999 -9999 2.10059 5.25744 6.70516 7.46814 8.53883 8.67313 8.33729 7.72252 6.22645 4.911 2.76966 0.323462 -0.969786 2.91777 6.30197 8.07036 7.84399 3.77706 2.17491 2.10521 3.05644 2.26267 1.66174 -0.283057 -0.862305 -1.66914 -1.1658 0.401463 1.68249 2.91827 3.81783 3.89488 4.4803 4.81959 4.85205 4.96204 4.86494 4.78703 3.95005 4.53968 4.05162 4.32083 4.15835 4.01217 3.88791 3.41069 3.75718 4.06426 4.14663 4.17414 4.15953 4.1587 4.14922 4.1242 4.11584 4.11798 4.11951 4.10871 4.1134 4.10418 3.95447 3.12673 2.01672 0.612864
-9999 -9999 -9999 -9999 -9999 -9999 -9999 0.530554 3.67172 5.1906 7.14094 8.14819 8.55974 8.5113 8.01403 6.87834 5.16652 3.74095 1.00985 -1.82613 2.25375 5.89059 7.85445 7.96279 4.54713 5.50057 4.7388 5.05303 3.65434 3.07609 2.62227 1.61864 0.520613 -0.681468 -1.31519 1.55615 3.03233 4.22106 4.78367 5.10356 5.26548 5.18626 4.977 3.70903 4.68574 4.64069 4.55034 4.44589 4.39866 4.30451 4.19231 4.12937 4.11008 3.79469 4.16253 4.15804 4.16675 4.17199 4.16585 4.15103 4.13848 4.1223 4.12681 4.11966 4.11176 4.10798 4.10935 4.10447 4.06418 3.84835 1.96106
-9999 -9999 -9999 -9999 -9999 -9999 -9999 -3.86917 0.696617 4.37016 6.28988 7.85301 8.28631 8.45113 7.78241 7.2831 6.05723 4.89643 3.10341 0.415814 -1.23747 1.81837 6.25897 7.90087 7.77917 7.68167 6.80013 6.00622 5.91023 5.9751 5.05267 3.70175 1.93554 1.38737 0.770557 2.91015 3.20347 3.05102 5.4033 5.41254 5.28312 4.38885 3.38904 3.58508 2.96971 3.4532 2.71684 3.40549 4.00163 4.22808 4.2158 4.14437 4.13957 4.10923 4.17622 4.17922 4.17282 4.16857 4.16774 4.16222 4.13817 4.12601 4.13936 4.12552 4.11583 4.10836 4.11244 4.11259 4.08402 4.0586 3.77295
-9999 -9999 -9999 -9999 -9999 -9999 -9999 -3.66991 0.173793 3.43235 5.38913 7.27005 7.71046 8.34818 8.21617 7.693 6.628 5.29626 3.82133 1.51621 -0.196006 1.84916 4.79878 6.9123 7.67441 7.67334 7.62735 7.43167 7.35305 7.12445 6.96562 5.99816 4.33033 3.38921 2.01008 4.39415 4.66475 4.29589 5.48755 5.43168 3.63893 2.26168 2.09397 2.94329 2.14686 2.01214 1.52063 2.09042 3.6077 3.17164 3.26455 3.95667 4.07466 4.15095 4.17474 4.17401 4.17454 4.16651 4.17176 4.17687 4.1534 4.14442 4.14185 4.11954 4.11996 4.10629 4.099 4.0934 4.08034 4.0575 3.97995
-9999 -9999 -9999 -9999 -9999 -9999 -9999 -3.59084 -1.00127 1.93149 4.80955 6.81765 7.63061 8.22358 8.22181 7.61299 7.08564 6.25228 4.95518 4.06666 2.52133 0.399149 3.96774 5.06513 6.04676 6.46108 7.48261 7.4624 7.00108 6.46855 6.97465 6.83132 5.51169 5.08016 4.34895 5.67646 5.68301 5.64972 5.58225 4.06806 1.96211 0.279822 1.49772 1.24874 1.81286 0.0931551 1.51833 2.66682 3.04325 2.27443 1.70363 3.4924 3.79194 3.97208 4.08891 4.16692 4.15299 4.17498 4.16816 4.16654 4.16439 4.15273 4.14718 4.13553 4.1237 4.1141 4.10883 4.09349 4.07278 4.07634 4.03887
-9999 -9999 -9999 -9999 -9999 -9999 -9999 -9999 -2.52226 1.1933 4.51121 6.36067 7.52546 8.09519 8.08941 7.78015 7.42329 6.90795 5.97315 4.79789 2.93861 1.55943 2.44138 3.51653 3.64334 4.36021 6.43078 7.14109 6.14522 3.67916 5.14375 6.77569 6.75298 6.6177 6.4659 6.2705 6.09473 5.70603 4.65913 1.44467 0.815236 -0.443067 -0.295283 -0.938379 0.483165 -0.0394816 1.41891 2.05401 2.29711 0.958885 1.25023 2.83376 3.46355 3.36451 3.75256 4.12383 4.14001 4.15453 4.14898 4.16074 4.16751 4.16531 4.15197 4.14392 4.13923 4.11531 4.12443 4.00974 3.93713 3.7848 3.98525
-9999 -9999 -9999 -9999 -9999 -9999 -9999 -9999 -3.25921 0.44886 4.35505 5.61271 6.86788 7.95161 7.97709 7.50226 7.05072 6.58537 6.05496 4.62871 3.24581 1.92578 1.48539 1.75625 1.74138 2.89837 5.5945 6.12009 5.90219 3.32744 2.45697 4.63585 6.46759 6.61519 6.45308 4.30549 4.76735 3.61058 2.04048 1.61125 0.926447 -0.525074 0.180038 -0.881723 -0.419864 -0.533402 0.296649 0.704061 1.69045 0.524674 0.537131 2.09199 2.87878 2.90318 3.72843 4.02557 4.1067 4.13036 4.14849 4.15628 4.17347 4.17025 4.16263 4.15122 4.11675 4.02825 3.74736 2.19761 2.20484 2.63744 3.0472
-9999 -9999 -9999 -9999 -9999 -9999 -9999 -9999 -2.83049 -0.255865 3.21053 5.77939 5.94534 7.19643 7.84427 7.32757 6.74513 6.14903 5.89068 4.33819 2.63246 1.25511 -0.375909 -0.102438 1.07575 3.00197 4.74504 5.0603 4.70524 3.32953 3.98751 5.47469 6.26613 6.50214 6.32301 5.8582 5.59122 4.74044 4.37393 3.19103 1.33934 0.61261 1.07991 -0.885746 -0.743431 -0.0101494 -0.774964 0.506005 1.12171 -0.385421 0.823425 2.19908 2.90476 3.52226 3.81701 3.93728 4.11911 4.12829 4.14765 4.16019 4.16202 4.16637 4.14212 4.12286 3.96218 3.72307 2.27672 1.68088 1.80467 2.48076 3.0735
-9999 -9999 -9999 -9999 -9999 -9999 -9999 -9999 -2.39209 -0.0737474 2.93232 4.76511 5.09685 6.48366 7.71718 7.58413 6.97798 6.7962 6.1677 4.85168 3.39764 1.80801 1.03733 -0.739742 1.01809 2.41144 3.88817 4.58132 3.45306 2.88578 3.90133 4.91092 5.31648 6.33603 6.33022 6.00304 4.57975 3.88774 4.18587 3.89095 3.37151 2.09835 2.04581 1.2297 0.89439 0.578042 -0.455974 0.214203 0.285762 0.472111 1.92045 2.63875 3.11662 3.55164 3.66935 3.86109 4.10841 4.13435 4.14755 4.1509 4.15985 4.1464 4.08179 4.02805 3.70012 3.11617 2.02262 0.251738 1.51149 2.82862 3.22519
-9999 -9999 -9999 -9999 -9999 -9999 -9999 -9999 -2.78562 -0.32341 2.24626 3.3233 3.50993 6.01604 7.55216 7.55903 7.27385 6.94001 5.3816 5.47738 5.16894 3.73538 1.64539 -0.65037 -0.430511 0.945993 2.89426 3.54197 1.67049 1.0099 1.50286 3.02744 4.39256 5.81774 6.18264 5.76958 3.55195 1.19508 2.29411 3.46822 3.46594 3.12697 1.94664 1.57492 1.23893 0.379197 -1.07754 -0.856053 -0.444145 1.20049 1.72307 2.52768 3.19669 2.95114 3.10237 3.74237 4.11153 4.12984 4.14084 4.15728 4.15332 4.13595 4.00288 3.86173 3.62186 2.09195 1.14238 -0.239233 1.38289 2.28222 2.76598
-9999 -9999 -9999 -9999 -9999 -9999 -9999 -9999 -3.54563 -1.75772 0.698412 1.69095 3.27134 5.63976 6.80678 7.36834 7.3602 7.13905 6.44346 6.02686 5.20197 3.71051 1.66964 -0.599433 -2.07517 -1.3188 1.30347 1.92928 0.201464 -0.676658 0.426037 2.05053 4.45398 5.82888 6.01794 5.8979 5.44377 3.72414 1.64571 1.65696 2.7057 1.8361 0.824763 1.38792 1.28908 0.44021 -0.175925 -0.545752 -0.303127 0.636644 1.02723 1.95589 3.32413 3.52423 3.49029 4.06899 4.10233 4.12029 4.14644 4.15018 4.14931 4.13645 4.02876 3.78209 2.7652 1.87904 0.6445 0.495837 1.94263 2.57661 3.1687
-9999 -9999 -9999 -9999 -9999 -9999 -9999 -9999 -4.8546 -2.75212 -0.451187 1.70347 3.74215 5.49729 5.63679 6.56436 6.56727 7.05515 6.92058 6.27603 5.58191 4.29742 1.67454 -0.530325 -2.9353 -2.2962 0.378281 0.73602 -0.422256 -2.56561 -0.344349 2.10483 4.32491 5.52852 4.59194 5.5598 5.48462 4.84282 3.60721 1.68381 1.72454 0.284337 0.225913 0.972306 1.21769 1.09877 0.637428 -0.0997977 0.0363941 0.609501 0.758559 1.61234 2.67482 3.7136 3.89208 4.09397 4.10707 4.11484 4.13546 4.14198 4.12485 4.07635 3.96351 3.11172 2.09789 1.47507 0.616245 0.516005 2.18132 2.84974 3.2242
-9999 -9999 -9999 -9999 -9999 -9999 -9999 -9999 -9999 -2.96656 -0.589811 1.16997 1.64689 3.20732 4.05176 4.70609 4.85422 6.71382 6.82006 6.41286 5.77556 4.68059 2.69124 1.30638 -1.00032 -2.65722 -1.96714 -1.64185 -1.02754 -1.20358 -0.210783 2.14288 4.59483 4.86576 3.31449 3.54871 3.87805 4.61132 4.24545 1.62315 0.292978 -0.810355 -0.0191514 0.81303 1.01787 1.06257 0.907543 0.73133 0.423274 1.53526 2.35929 2.554 3.27302 3.80506 3.95536 4.06971 4.08785 4.10619 4.11092 4.08471 4.0669 3.93901 3.64689 2.69355 0.394651 0.506611 0.261886 -0.450191 1.17439 2.20747 3.12653
-9999 -9999 -9999 -9999 -9999 -9999 -9999 -9999 -9999 -3.75578 -1.00667 -0.422725 -0.461726 -1.3665 -0.944143 2.42897 3.11131 4.89482 6.58379 6.46396 5.83877 4.81451 3.63128 1.79721 -0.797551 -2.8585 -3.71895 -1.49188 0.69304 1.14753 1.84812 3.29183 3.56929 1.98375 0.497137 1.33782 1.84578 3.77026 4.12478 3.75555 2.17722 0.372104 -0.568087 0.551174 0.704616 0.776005 0.793779 0.764943 0.727841 1.98415 2.67963 3.16348 3.42903 3.88649 4.007 4.0487 4.08818 4.08456 4.06573 3.9987 3.92184 3.5682 3.13913 1.57472 0.271164 -0.540067 -1.57098 0.766607 1.46331 2.43162 3.05773
