Test_Spring_2018/11_17/Temp/20171107_022.txt
ncols	170
nrows	115
xllcorner	350000.000000
yllcorner	4445000.000000
cellsize	1000.000000
nodata_value	-9999.000000
[rows 32 to 63 of 115, columns 72 to 143 of 170]
14.0798 13.7762 14.2459 14.6782 14.4013 14.2174 14.9255 14.925 14.6821 14.1123 13.9034 13.6869 13.5543 12.824 10.7743 8.92653 9.91687 9.9403 9.25528 10.4826 9.83311 8.13991 5.74985 7.04651 6.70673 5.00251 4.57973 -9999 -9999 -9999 -9999 -9999 -9999 -9999 -9999 -9999 -9999 -9999 -9999 -9999 -9999 -9999 -9999 -9999 -9999 -9999 -9999 -9999 -9999 -9999 -9999 -9999 -9999 -9999 -9999 -9999 -9999 -9999 -9999 -9999 -9999 -9999 -9999 -9999 -9999 -9999 -9999 -9999 -9999 -9999 -9999 -9999
13.6721 13.5419 14.2399 14.2254 14.1732 14.4112 14.8502 14.9377 14.8428 14.5942 14.3791 14.1505 13.5703 12.7347 10.9805 8.87718 8.40017 9.4296 9.47872 9.64365 9.05171 8.30811 7.14514 8.09481 8.46243 7.34402 5.876 4.9301 -9999 -9999 -9999 -9999 -9999 -9999 -9999 -9999 -9999 -9999 -9999 -9999 -9999 -9999 -9999 -9999 -9999 -9999 -9999 -9999 -9999 -9999 -9999 -9999 -9999 -9999 -9999 -9999 -9999 -9999 -9999 -9999 -9999 -9999 -9999 -9999 -9999 -9999 -9999 -9999 -9999 -9999 -9999 -9999
13.1861 12.5096 12.9304 13.2463 13.8139 13.9592 14.0463 14.8782 14.8338 14.7951 14.4397 14.1556 13.6848 12.8806 11.7356 10.3568 7.95581 9.43625 10.5953 10.5651 10.5008 9.97958 8.86225 9.79434 9.83636 8.40561 6.77205 5.81848 5.42342 -9999 -9999 -9999 -9999 -9999 -9999 -9999 -9999 -9999 -9999 -9999 -9999 -9999 -9999 -9999 -9999 -9999 -9999 -9999 -9999 -9999 -9999 -9999 -9999 -9999 -9999 -9999 -9999 -9999 -9999 -9999 -9999 -9999 -9999 -9999 -9999 -9999 -9999 -9999 -9999 -9999 -9999 -9999
12.6339 11.8075 12.2309 12.7956 13.5826 13.9857 14.2942 14.5426 14.7962 14.7661 14.4023 13.328 13.1747 13.1285 12.3797 10.8078 9.23781 8.83102 10.5993 11.1049 11.001 11.3948 10.448 10.8931 10.708 10.1984 8.63022 7.20228 6.61373 5.45221 -9999 -9999 -9999 -9999 -9999 -9999 -9999 -9999 -9999 -9999 -9999 -9999 -9999 -9999 -9999 -9999 -9999 -9999 -9999 -9999 -9999 -9999 -9999 -9999 -9999 -9999 -9999 -9999 -9999 -9999 -9999 -9999 -9999 -9999 -9999 -9999 -9999 -9999 -9999 -9999 -9999 -9999
-9999 -9999 11.2868 12.0461 12.6809 13.4522 14.1185 14.455 14.7821 14.7556 14.0284 13.6729 13.642 13.1515 12.287 11.7445 10.7562 9.72619 10.1193 11.627 10.9552 12.0225 11.9306 12.125 11.4086 10.0419 8.23013 7.16643 6.63953 5.69788 -9999 -9999 -9999 -9999 -9999 -9999 -9999 -9999 -9999 -9999 -9999 -9999 -9999 -9999 -9999 -9999 -9999 -9999 -9999 -9999 -9999 -9999 -9999 -9999 -9999 -9999 -9999 -9999 -9999 -9999 -9999 -9999 -9999 -9999 -9999 -9999 -9999 -9999 -9999 -9999 -9999 -9999
-9999 -9999 -9999 11.9043 12.3874 13.4284 13.9538 14.172 14.6996 14.7006 14.4252 14.2174 13.9159 13.5221 12.8726 12.1559 11.2264 11.1404 12.1049 12.1162 11.9137 12.0708 12.5648 12.432 11.32 9.40341 8.39251 6.33189 5.45238 5.5407 4.91737 -9999 -9999 -9999 -9999 -9999 -9999 -9999 -9999 -9999 -9999 -9999 -9999 7.31893 -9999 -9999 -9999 -9999 -9999 -9999 -9999 -9999 -9999 -9999 -9999 -9999 -9999 -9999 -9999 -9999 -9999 -9999 -9999 -9999 3.62884 -9999 -9999 -9999 -9999 -9999 -9999 -9999
-9999 -9999 11.8194 12.4579 12.9635 13.6156 13.6718 14.0548 14.6615 14.6702 14.4748 14.2543 13.7584 13.6359 13.2665 12.4884 12.3295 12.6452 12.7904 12.9546 13.0551 12.9714 12.7687 12.5069 11.7809 10.893 10.2961 8.41935 7.4637 6.556 5.18354 4.11 -9999 -9999 -9999 -9999 -9999 -9999 -9999 6.58915 6.5412 6.56867 6.87257 7.70591 7.2213 -9999 -9999 -9999 -9999 -9999 -9999 -9999 -9999 -9999 -9999 -9999 -9999 -9999 -9999 -9999 -9999 -9999 -9999 -9999 4.37757 3.30105 -9999 -9999 -9999 -9999 -9999 -9999
-9999 -9999 11.9841 12.6676 13.0084 13.6415 14.0033 14.2297 14.4397 14.6406 14.6069 14.3629 13.9917 13.9948 13.4833 13.2079 13.0112 13.4383 13.5227 13.3509 13.1351 12.9436 12.4044 12.3396 12.1516 11.5865 10.661 9.70739 8.32438 6.46096 4.63393 3.1604 -9999 -9999 -9999 -9999 -9999 -9999 6.73796 7.43059 7.847 6.97208 7.72597 8.41533 8.30918 7.64117 -9999 -9999 -9999 -9999 -9999 -9999 -9999 -9999 -9999 -9999 -9999 -9999 -9999 -9999 9.48259 8.37887 6.14618 5.00329 4.31888 3.34033 -9999 -9999 -9999 -9999 -9999 -9999
-9999 -9999 11.8477 12.6548 13.2012 13.686 13.7626 14.2561 14.4669 14.5747 14.5621 14.5141 14.4463 14.0001 13.8088 13.1341 13.7813 13.7573 13.5937 12.9456 12.6638 11.5501 11.0584 10.9368 11.8684 11.1734 9.72626 7.91819 5.74034 5.59529 4.87581 3.55831 -9999 -9999 -9999 -9999 -9999 -9999 6.94806 7.68898 8.30823 8.40166 7.53241 8.75494 8.70595 8.02757 7.87619 8.43844 8.72492 8.51222 9.18443 9.38305 9.08491 9.41827 -9999 -9999 -9999 -9999 9.62911 9.67681 9.7136 9.2555 6.81607 5.15101 3.6561 3.52031 -9999 -9999 -9999 -9999 -9999 -9999
-9999 -9999 12.4065 12.9029 13.1532 13.1926 13.6274 14.058 14.3204 14.5134 14.4745 14.4593 14.4434 14.2918 13.9379 14.003 13.9753 13.7686 12.5358 11.0963 11.7225 10.8676 9.03114 10.5107 11.323 10.5353 8.78192 6.74947 6.07517 6.09858 5.09836 3.81164 -9999 -9999 -9999 4.91962 5.97777 6.07245 6.38712 7.3745 8.12677 8.6958 9.08404 9.07097 8.6699 8.00656 7.28505 7.54673 8.854 9.17496 9.44299 9.64869 9.3721 9.52015 9.87176 10.0548 10.0942 10.015 9.99909 10.0304 9.99174 9.56438 7.3839 6.13663 5.34203 3.74217 -9999 -9999 -9999 -9999 -9999 -9999
-9999 -9999 12.0903 12.5215 12.8705 13.4493 13.5095 13.8765 14.0909 14.4116 14.4487 14.0696 14.385 14.346 14.2889 14.1658 13.9844 12.9444 11.5101 10.0715 9.40638 9.68345 8.58018 9.13857 9.96139 9.65489 8.57385 6.76233 6.50302 6.07329 4.3924 2.77527 -9999 -9999 2.86579 4.89342 6.32238 7.06131 7.29287 7.31879 8.26592 8.34436 9.36382 9.12602 7.78793 7.94271 7.42515 7.76691 8.24726 8.38151 9.0685 9.73464 9.86275 9.86867 10.0936 10.1421 10.1566 10.1537 10.006 10.0777 10.0912 9.8258 8.24581 7.47694 6.62939 3.76206 -9999 -9999 -9999 -9999 -9999 -9999
-9999 -9999 12.3075 12.7893 13.3172 13.4014 13.7924 13.7529 13.6372 14.1843 14.3817 14.1145 13.9229 14.2806 14.2579 14.2124 14.136 13.1589 12.0273 10.3133 9.24725 8.59047 8.12455 7.4965 7.91636 7.78119 7.60167 7.79668 7.29419 6.29307 5.30736 3.46666 2.47077 -9999 2.97109 3.88685 5.58606 7.0313 7.95058 7.62574 8.70251 8.90613 9.52543 9.16674 8.3562 8.00885 7.98142 7.87798 8.60352 9.09352 9.43564 9.66807 9.95742 10.033 10.1087 10.142 10.1613 10.1808 10.1799 10.177 10.1478 10.0499 9.32501 8.55748 6.89561 3.85694 -9999 -9999 -9999 -9999 -9999 -9999
-9999 10.9057 12.252 13.0609 13.3729 13.5976 13.7957 13.9391 14.0873 14.2304 14.3288 14.2858 13.577 13.6371 13.7669 14.1722 14.1451 14.0578 13.4394 11.3539 10.6292 9.56983 8.202 7.6247 7.90409 9.01617 8.96041 8.21437 7.3838 6.23312 5.50215 4.37193 2.20625 2.39987 3.37463 4.10114 5.25682 7.02294 8.26274 8.81875 9.03194 9.46809 9.69863 9.20464 8.73552 8.54044 8.17536 8.1271 8.13351 8.5732 8.91333 9.67519 9.93323 10.0532 10.1156 10.1504 10.1764 10.2021 10.2127 10.201 10.2046 10.2015 10.1509 9.12829 6.56417 4.63526 -9999 -9999 -9999 -9999 -9999 -9999
-9999 -9999 12.0016 12.3558 12.4467 12.6078 12.9405 13.3248 13.8678 13.9384 14.2404 14.241 13.6291 12.9243 13.5428 13.7898 14.0453 14.0542 13.975 12.2179 11.2987 10.5734 9.26125 9.72513 10.1673 10.1951 9.91836 8.32489 6.73807 4.90493 3.19785 3.11285 2.19302 2.67697 3.32088 4.97509 6.14075 6.6159 6.95893 8.7558 9.22473 9.38913 9.85257 9.23157 9.07809 8.61232 8.75627 8.71913 8.72564 7.42688 8.73372 8.8148 9.66965 10.0564 10.1465 10.173 10.201 10.2078 10.2155 10.2144 10.2259 10.2158 10.2041 9.54033 6.28892 4.659 -9999 -9999 -9999 -9999 -9999 -9999
-9999 -9999 -9999 -9999 12.1092 12.379 12.5516 12.8521 13.7738 14.0235 14.1902 14.2061 13.9353 13.2374 13.0557 13.1866 12.5056 13.0777 13.8583 13.8372 13.7396 12.1954 11.4004 12.1575 11.9193 10.7548 9.83672 8.93058 7.07344 5.70799 3.75193 2.28283 2.2249 3.84052 5.18325 6.85718 7.59772 7.18123 7.64068 8.53416 9.54999 10.0438 9.93339 9.27865 9.19135 8.47086 9.18776 9.25291 8.92547 8.64279 8.75744 9.18242 9.34677 10.0162 10.1807 10.2126 10.2206 10.2261 10.226 10.225 10.2192 10.215 10.2085 10.1815 6.83919 4.24059 -9999 -9999 -9999 -9999 -9999 -9999
-9999 -9999 -9999 -9999 11.4662 11.6296 12.0634 13.1811 13.7632 14.0004 13.9936 14.1049 13.9148 13.3015 12.672 12.0783 11.3111 11.7519 12.9152 13.5996 13.6747 12.3204 13.0159 12.7468 12.2216 10.7004 9.57739 8.97873 7.19532 5.66343 4.36035 2.56396 3.32785 4.17072 5.25514 7.0812 8.31505 8.82455 8.4038 8.97746 10.1458 10.1573 9.52605 9.5724 9.18992 8.20372 9.23975 9.53426 9.3043 9.36879 9.28225 9.44296 9.73227 10.009 10.1939 10.2215 10.2273 10.2241 10.2264 10.2296 10.2194 10.2231 10.2166 10.2026 8.04634 4.19123 -9999 -9999 -9999 -9999 -9999 -9999
-9999 -9999 -9999 -9999 -9999 10.8787 11.8711 13.3553 13.7201 13.687 13.9951 14.0236 13.7306 13.4768 12.7121 11.666 9.65335 10.1676 11.2384 12.7813 13.5901 13.4764 13.0176 12.227 10.3222 8.65407 8.44526 8.1663 6.86292 5.68078 4.23261 5.06495 5.97824 6.97896 7.50542 7.36994 8.42755 9.29119 8.93012 9.6328 10.4521 10.0879 9.87454 9.69628 9.25345 9.23117 9.28253 9.87268 9.47151 9.72451 9.73159 9.72166 9.86439 10.0279 10.1992 10.2298 10.233 10.2385 10.2215 10.231 10.224 10.2172 10.2114 10.1998 10.0076 7.93286 6.69417 -9999 -9999 -9999 -9999 -9999
-9999 -9999 -9999 -9999 -9999 9.96073 10.4548 12.213 12.7523 13.5304 13.9445 13.9656 13.4691 13.1935 12.0525 11.6844 9.82281 8.97989 9.69568 9.41999 11.5439 13.4219 13.0051 9.20025 7.81785 6.82969 7.07492 7.07052 6.70305 4.69809 4.14359 5.92597 7.04801 7.91804 8.57901 8.71773 8.69759 10.0465 10.2293 10.671 10.5807 10.6262 9.95197 9.53658 9.90878 9.49003 9.42229 10.0318 9.44004 9.98306 9.92029 9.76267 9.75817 10.117 10.1923 10.2332 10.2382 10.227 10.2116 10.2041 10.2183 10.2158 10.1991 10.2032 10.1872 9.94383 8.87181 8.49974 8.92046 -9999 -9999 -9999
-9999 -9999 -9999 -9999 -9999 -9999 8.81362 11.2577 12.3708 12.9585 13.7864 13.8881 13.6231 13.1454 11.9834 10.9615 9.29746 7.39584 6.38754 9.40244 12.0251 13.3916 13.2046 10.0367 8.78267 8.71846 9.44707 8.82047 8.34395 6.8181 6.36082 5.7278 6.11351 7.32556 8.31806 9.27657 9.97479 10.0349 10.4902 10.7537 10.7796 10.8656 10.7906 10.7303 10.0797 10.5373 10.1577 10.366 10.239 10.1245 10.0234 9.65258 9.92155 10.1599 10.2238 10.245 10.2337 10.233 10.2255 10.2059 10.199 10.2003 10.2011 10.1922 10.1953 10.1876 10.0709 9.42749 8.56492 7.47415 -9999 -9999
-9999 -9999 -9999 -9999 -9999 -9999 7.59159 10.0239 11.1923 12.7025 13.4787 13.7939 13.7555 13.3688 12.4864 11.1563 10.048 7.92491 5.71936 8.88467 11.7014 13.2199 13.2963 10.6315 11.3627 10.7615 10.9959 9.89996 9.44157 9.07387 8.28736 7.42847 6.48784 5.99196 8.21977 9.36491 10.2876 10.7246 10.9735 11.1001 11.0378 10.8756 9.89108 10.6498 10.6142 10.5436 10.4619 10.4245 10.3505 10.2625 10.2088 10.1936 9.94855 10.234 10.2303 10.2371 10.2411 10.2363 10.2246 10.2147 10.2019 10.205 10.1989 10.1923 10.1889 10.1894 10.1852 10.1534 9.98532 8.5191 7.6437 7.4017
-9999 -9999 -9999 -9999 -9999 -9999 4.1717 7.71099 10.5492 12.0362 13.2439 13.5787 13.7056 13.1855 12.7971 11.8441 10.9411 9.54637 7.45596 6.16789 8.53684 11.9796 13.2442 13.1381 13.0537 12.36 11.7344 11.6509 11.6926 10.9611 9.90221 8.5251 8.09446 7.61218 9.27165 9.49799 9.37885 11.2056 11.2131 11.113 10.4191 9.64096 9.7934 9.31514 9.68993 9.11757 9.65184 10.1141 10.2892 10.2788 10.2183 10.2142 10.1905 10.2422 10.2445 10.2395 10.2362 10.2354 10.231 10.2121 10.2024 10.2125 10.2012 10.1933 10.1869 10.1896 10.1892 10.1666 10.1464 9.92418 9.58813 8.94472
-9999 -9999 -9999 -9999 -9999 -9999 4.31981 7.29225 9.81832 11.3298 12.7881 13.1283 13.6222 13.5187 13.1113 12.2829 11.2469 10.099 8.30559 6.97177 8.55531 10.8409 12.4757 13.0561 13.044 13 12.8397 12.7673 12.5817 12.4432 11.6859 10.3845 9.64963 8.57538 10.4247 10.6333 10.3459 11.2711 11.2276 9.83548 8.76611 8.63615 9.2933 8.67461 8.56913 8.18655 8.62847 9.80619 9.4667 9.53802 10.0701 10.1616 10.2204 10.2388 10.2382 10.2385 10.2322 10.2362 10.24 10.2216 10.2143 10.212 10.1943 10.1941 10.183 10.177 10.172 10.1615 10.1433 10.0828 10.0156 10.094
-9999 -9999 -9999 -9999 -9999 -9999 4.37906 6.3764 8.64976 10.8763 12.4333 13.0627 13.5217 13.519 13.0448 12.6336 11.9844 10.9745 10.2812 9.07707 7.42413 10.1903 11.0367 11.7881 12.1 12.8852 12.8613 12.495 12.0629 12.4498 12.3317 11.3023 10.9633 10.3924 11.4212 11.4246 11.3976 11.3446 10.1683 8.5326 7.22604 8.17198 7.97857 8.41344 7.0768 8.18322 9.07455 9.36616 8.76792 8.32379 9.70732 9.93936 10.0792 10.1698 10.2303 10.2194 10.2364 10.231 10.2296 10.2277 10.2184 10.2138 10.2044 10.1948 10.1867 10.1822 10.1699 10.1533 10.1557 10.1262 10.1164 10.1088
-9999 -9999 -9999 -9999 -9999 -9999 -9999 5.19206 8.06731 10.6409 12.0746 12.977 13.4176 13.4115 13.1696 12.8906 12.4881 11.7593 10.8432 9.39511 8.31924 8.99885 9.82801 9.91543 10.465 12.0657 12.6099 11.8291 9.89704 11.0266 12.2891 12.2671 12.1583 12.0374 11.8829 11.7446 11.4415 10.6276 8.13046 7.6415 6.66399 6.77858 6.27886 7.37904 6.97196 8.10404 8.59661 8.78467 7.74451 7.96389 9.19304 9.68201 9.60496 9.90625 10.1945 10.207 10.2181 10.2137 10.2226 10.2277 10.2257 10.215 10.2084 10.2044 10.1852 10.1919 10.1024 10.0457 9.92701 10.0824 10.1008 10.1129
-9999 -9999 -9999 -9999 -9999 -9999 -9999 4.60868 7.48481 10.5154 11.4894 12.462 13.3016 13.3195 12.9488 12.596 12.2322 11.8174 10.7063 9.62834 8.59863 8.25157 8.4564 8.43422 9.32621 11.4135 11.8149 11.639 9.62022 8.939 10.6267 12.0453 12.1564 12.0276 10.3573 10.7141 9.81429 8.59379 8.25966 7.72722 6.5994 7.14662 6.32153 6.67975 6.58639 7.23041 7.54613 8.31148 7.40528 7.40779 8.61462 9.22551 9.24431 9.88513 10.1158 10.1787 10.1969 10.2108 10.2167 10.2298 10.227 10.2208 10.2116 10.1845 10.1154 9.89656 8.69264 8.69791 9.03357 9.35153 9.92809 10.0921
-9999 -9999 -9999 -9999 -9999 -9999 -9999 4.93673 6.93279 9.62192 11.6144 11.7408 12.7103 13.2114 12.808 12.3533 11.8878 11.6843 10.4752 9.14668 8.0727 6.80123 7.00851 7.9181 9.40328 10.7509 10.9896 10.7078 9.62025 10.1266 11.2774 11.8883 12.0683 11.9264 11.5631 11.3538 10.6915 10.4057 9.48598 8.04704 7.48194 7.84427 6.31699 6.42688 6.9957 6.39607 7.39024 7.86769 6.69638 7.62725 8.69545 9.24334 9.72276 9.95153 10.0448 10.1858 10.1928 10.2077 10.2172 10.2184 10.2215 10.2024 10.1871 10.062 9.87597 8.75228 8.28891 8.38474 8.90955 9.36963 9.85206 10.0512
-9999 -9999 -9999 -9999 -9999 -9999 -9999 5.27198 7.06923 9.40097 10.8218 11.077 12.1518 13.1076 13.002 12.5289 12.3851 11.8941 10.8687 9.73583 8.49721 7.89426 6.50932 7.86955 8.94121 10.0825 10.6152 9.71899 9.27376 10.0582 10.8384 11.1498 11.9386 11.9314 11.675 10.5676 10.0286 10.2588 10.0286 9.62427 8.63461 8.59304 7.95844 7.69726 7.45078 6.64171 7.16148 7.21631 7.35932 8.47694 9.03458 9.40551 9.74317 9.83441 9.98315 10.1751 10.195 10.2051 10.2075 10.2142 10.2035 10.153 10.111 9.85602 9.40216 8.55251 7.17652 8.15464 9.17735 9.48509 9.78639 9.9438
-9999 -9999 -9999 -9999 -9999 -9999 -9999 4.96086 6.87007 8.863 9.69689 9.83939 11.7835 12.9743 12.9773 12.7534 12.4915 11.2783 11.3496 11.1066 9.9894 8.36206 6.57461 6.74071 7.80068 9.30759 9.80547 8.33207 7.81472 8.19359 9.37403 10.431 11.5349 11.8157 11.4927 9.76836 7.9362 8.78839 9.69908 9.69625 9.43202 8.51441 8.22485 7.96305 7.29447 6.1612 6.32804 6.64721 7.91569 8.32128 8.94593 9.4653 9.27435 9.3916 9.88847 10.175 10.189 10.1973 10.2099 10.2066 10.1929 10.0892 9.97934 9.79275 8.60421 7.86641 6.79317 8.05234 8.75057 9.1256 9.79051 9.95168
-9999 -9999 -9999 -9999 -9999 -9999 -9999 4.36494 5.75065 7.65555 8.42387 9.64892 11.4861 12.3902 12.824 12.8153 12.6409 12.0979 11.7714 11.1274 9.9655 8.37657 6.61013 5.45963 6.04256 8.06899 8.54614 7.18852 6.50251 7.35519 8.61343 10.477 11.542 11.6863 11.5909 11.2363 9.899 8.28329 8.29075 9.10414 8.42771 7.64126 8.07772 8.00006 7.33985 6.86041 6.56677 6.7534 7.47542 7.77847 8.49944 9.56185 9.71701 9.69041 10.1396 10.1653 10.1791 10.1991 10.2018 10.2009 10.1907 10.1068 9.91497 9.12491 8.43638 7.47726 7.36151 8.48463 8.9768 9.43596 9.76382 9.87292
-9999 -9999 -9999 -9999 -9999 -9999 -9999 3.34259 4.97282 6.75731 8.42833 10.0094 11.3702 11.4763 12.1945 12.1944 12.5708 12.4636 11.9601 11.4179 10.4169 8.3762 6.65987 4.7879 5.28001 7.34872 7.60494 6.70137 5.03289 6.75451 8.65341 10.3747 11.3067 10.5769 11.3264 11.2661 10.766 9.80487 8.3097 8.34016 7.22051 7.17413 7.75286 7.9425 7.8492 7.48995 6.91543 7.01471 7.45198 7.56741 8.23021 9.05511 9.86163 9.99998 10.1565 10.1665 10.1723 10.1881 10.1929 10.1794 10.1415 10.0536 9.39178 8.60412 8.12013 7.45284 7.37472 8.66805 9.1865 9.47663 9.76027 9.87421
-9999 -9999 -9999 -9999 -9999 -9999 -9999 -9999 4.80075 6.64427 8.00869 8.37683 9.58656 10.2402 10.7462 10.859 12.3009 12.3809 12.0619 11.564 10.7103 9.16183 8.08256 6.2871 4.99615 5.51982 5.75514 6.22842 6.08803 6.85564 8.68044 10.5819 10.7896 9.58239 9.76218 10.0161 10.584 10.2983 8.26037 7.22608 6.36807 6.98156 7.62691 7.78504 7.81881 7.69744 7.55739 7.30535 8.16862 8.80826 8.95915 9.51726 9.93017 10.0466 10.1351 10.149 10.163 10.1664 10.1458 10.1318 10.0322 9.80513 9.06447 7.27875 7.36546 7.17514 6.62184 7.88338 8.6847 9.39832 9.77899 9.87962
-9999 -9999 -9999 -9999 -9999 -9999 -9999 -9999 4.18234 6.31519 6.76648 6.73401 6.02917 6.35511 8.97281 9.50061 10.8836 12.193 12.0973 11.6089 10.8104 9.8881 8.46007 6.44099 4.83632 4.14833 5.87122 7.56183 7.91118 8.45188 9.56998 9.78256 8.54847 7.3915 8.04235 8.43504 9.92812 10.202 9.91401 8.68703 7.28398 6.55277 7.42111 7.53933 7.59382 7.60666 7.5819 7.54467 8.5149 9.05467 9.43008 9.63596 9.99091 10.0842 10.1163 10.1467 10.1436 10.1287 10.0764 10.0165 9.74167 9.40822 8.19297 7.18032 6.55004 5.74912 7.56442 8.10533 8.85688 9.34243 9.72103 9.80639
