Test_Spring_2018/11_17/Temp/20171123_001.txt
ncols	170
nrows	115
xllcorner	350000.000000
yllcorner	4445000.000000
cellsize	1000.000000
nodata_value	-9999.000000
[rows 31 to 61 of 115, columns 70 to 139 of 170]
7.31534 8.00682 8.25591 7.76096 7.8015 8.97373 9.23007 9.20622 9.1063 8.98903 8.4281 8.236 7.79237 7.01598 6.68642 5.31046 0.87755 2.12299 2.60572 1.31565 2.02526 3.18472 2.16358 -0.854674 -2.15733 -4.25204 -3.5777 -4.19704 -5.88258 -9999 -9999 -9999 -9999 -9999 -9999 -9999 -9999 -9999 -9999 -9999 -9999 -9999 -9999 -9999 -9999 -9999 -9999 -9999 -9999 -9999 -9999 -9999 -9999 -9999 -9999 -9999 -9999 -9999 -9999 -9999 -9999 -9999 -9999 -9999 -9999 -9999 -9999 -9999 -9999 -9999
7.43863 7.75018 7.71186 7.23483 7.95097 8.60993 8.21296 7.94706 9.03827 9.0317 8.65101 7.76565 7.43631 7.09491 6.8828 5.74841 2.57902 -0.278821 1.24127 1.27051 0.207719 2.09535 1.08911 -1.52603 -5.21507 -3.21683 -3.74193 -6.32586 -6.96602 -9999 -9999 -9999 -9999 -9999 -9999 -9999 -9999 -9999 -9999 -9999 -9999 -9999 -9999 -9999 -9999 -9999 -9999 -9999 -9999 -9999 -9999 -9999 -9999 -9999 -9999 -9999 -9999 -9999 -9999 -9999 -9999 -9999 -9999 -9999 -9999 -9999 -9999 -9999 -9999 -9999
6.54424 7.33429 7.08036 6.87067 7.93897 7.90851 7.8491 8.24339 8.9193 9.04841 8.89585 8.5058 8.16707 7.80705 6.90447 5.60789 2.89441 -0.357426 -1.10046 0.480547 0.550128 0.799114 -0.118494 -1.26915 -3.0658 -1.60311 -1.03752 -2.74028 -4.97012 -6.40585 -9999 -9999 -9999 -9999 -9999 -9999 -9999 -9999 -9999 -9999 -9999 -9999 -9999 -9999 -9999 -9999 -9999 -9999 -9999 -9999 -9999 -9999 -9999 -9999 -9999 -9999 -9999 -9999 -9999 -9999 -9999 -9999 -9999 -9999 -9999 -9999 -9999 -9999 -9999 -9999
5.34551 6.70773 6.32753 5.27526 5.91594 6.39517 7.315 7.54746 7.67624 8.95361 8.87892 8.81258 8.25733 7.81172 7.078 5.82984 4.05591 1.92166 -1.78889 0.487774 2.26931 2.21731 2.11356 1.30578 -0.420573 1.01486 1.07805 -1.09356 -3.56696 -5.03971 -5.65152 -9999 -9999 -9999 -9999 -9999 -9999 -9999 -9999 -9999 -9999 -9999 -9999 -9999 -9999 -9999 -9999 -9999 -9999 -9999 -9999 -9999 -9999 -9999 -9999 -9999 -9999 -9999 -9999 -9999 -9999 -9999 -9999 -9999 -9999 -9999 -9999 -9999 -9999 -9999
-9999 5.83825 5.47196 4.1886 4.83337 5.6966 6.93003 7.57432 8.05528 8.43275 8.81767 8.76453 8.19637 6.53188 6.28783 6.20868 5.04581 2.6136 0.184752 -0.449526 2.27165 3.04616 2.88121 3.48489 2.02169 2.70604 2.41902 1.64748 -0.729878 -2.90924 -3.81946 -5.61414 -9999 -9999 -9999 -9999 -9999 -9999 -9999 -9999 -9999 -9999 -9999 -9999 -9999 -9999 -9999 -9999 -9999 -9999 -9999 -9999 -9999 -9999 -9999 -9999 -9999 -9999 -9999 -9999 -9999 -9999 -9999 -9999 -9999 -9999 -9999 -9999 -9999 -9999
-9999 -9999 -9999 -9999 3.37335 4.56304 5.53792 6.74765 7.78075 8.29421 8.79256 8.74504 7.61638 7.06045 7.00501 6.24036 4.89892 4.05427 2.52226 0.926668 1.52681 3.84673 2.80613 4.44875 4.30422 4.60233 3.49616 1.42405 -1.35115 -2.96826 -3.7831 -5.23843 -9999 -9999 -9999 -9999 -9999 -9999 -9999 -9999 -9999 -9999 -9999 -9999 -9999 -9999 -9999 -9999 -9999 -9999 -9999 -9999 -9999 -9999 -9999 -9999 -9999 -9999 -9999 -9999 -9999 -9999 -9999 -9999 -9999 -9999 -9999 -9999 -9999 -9999
-9999 -9999 -9999 -9999 -9999 4.34056 5.08199 6.6825 7.52299 7.85416 8.66207 8.65705 8.22504 7.89682 7.42367 6.80788 5.79763 4.68393 3.24247 3.10263 4.58394 4.59603 4.27935 4.51831 5.27788 5.07174 3.37157 0.435514 -1.1236 -4.25892 -5.61707 -5.48332 -6.44825 -9999 -9999 -9999 -9999 -9999 -9999 -9999 -9999 -9999 -9999 -9999 -9999 -2.86096 -9999 -9999 -9999 -9999 -9999 -9999 -9999 -9999 -9999 -9999 -9999 -9999 -9999 -9999 -9999 -9999 -9999 -9999 -9999 -9999 -8.76852 -9999 -9999 -9999
-9999 -9999 -9999 -9999 4.18611 5.19153 5.96706 6.96851 7.07393 7.66993 8.59997 8.60682 8.29826 7.95015 7.17671 6.97899 6.4003 5.19155 4.93825 5.41774 5.63517 5.88306 6.03389 5.9018 5.5875 5.18306 4.09765 2.72929 1.80977 -1.06615 -2.51717 -3.91903 -6.03892 -7.69903 -9999 -9999 -9999 -9999 -9999 -9999 -9999 -3.9468 -4.03196 -4.00072 -3.54294 -2.26834 -3.02635 -9999 -9999 -9999 -9999 -9999 -9999 -9999 -9999 -9999 -9999 -9999 -9999 -9999 -9999 -9999 -9999 -9999 -9999 -9999 -7.62195 -9.29611 -9999 -9999
-9999 -9999 -9999 -9999 4.45968 5.51026 6.03253 7.00561 7.55999 7.9362 8.25463 8.55808 8.49866 8.11402 7.53261 7.52798 6.72963 6.29547 5.98344 6.6344 6.75772 6.48743 6.15067 5.8529 5.02015 4.92056 4.66447 3.79536 2.37033 0.901715 -1.19141 -4.06653 -6.88691 -9.16352 -9999 -9999 -9999 -9999 -9999 -9999 -3.70778 -2.65116 -2.02061 -3.38169 -2.23023 -1.17801 -1.35248 -2.37194 -9999 -9999 -9999 -9999 -9999 -9999 -9999 -9999 -9999 -9999 -9999 -9999 -9999 -9999 0.298039 -1.4179 -4.87508 -6.65128 -7.72038 -9.24327 -9999 -9999
-9999 -9999 -9999 -9999 4.24329 5.48576 6.32617 7.07152 7.18688 7.95314 8.29361 8.4535 8.42645 8.34373 8.22966 7.53146 7.22615 6.17542 7.16439 7.11904 6.85983 5.85473 5.41642 3.69671 2.93817 2.78208 4.22252 3.15449 0.926528 -1.85845 -5.19271 -5.40192 -6.5132 -8.5486 -9999 -9999 -9999 -9999 -9999 -9999 -3.38465 -2.25422 -1.31143 -1.17945 -2.53198 -0.65771 -0.72413 -1.78118 -2.02533 -1.16884 -0.737916 -1.05754 -0.0269605 0.265648 -0.208346 0.291359 -9999 -9999 -9999 -9999 0.543724 0.603314 0.646348 -0.0737007 -3.84961 -6.43108 -8.75012 -8.97024 -9999 -9999
-9999 -9999 -9999 -9999 5.09912 5.86338 6.24832 6.30783 6.97664 7.64649 8.06484 8.3614 8.2929 8.25989 8.22484 7.97979 7.42258 7.51216 7.45923 7.13156 5.22271 2.99679 3.95911 2.63687 -0.181393 2.11791 3.3759 2.16678 -0.531806 -3.66111 -4.67548 -4.62509 -6.16849 -8.15309 -9999 -9999 -9999 -6.47563 -4.85506 -4.72144 -4.24903 -2.73922 -1.59197 -0.72817 -0.141617 -0.157788 -0.784739 -1.81851 -2.9419 -2.54885 -0.54326 -0.0592694 0.365997 0.669394 0.228428 0.440585 0.968069 1.23551 1.28139 1.14452 1.10554 1.13978 1.06624 0.393515 -2.98112 -4.91803 -6.15676 -8.64154 -9999 -9999
-9999 -9999 -9999 -9999 4.61563 5.28037 5.81808 6.70984 6.80117 7.36475 7.69881 8.20158 8.25017 7.6552 8.13039 8.05811 7.95778 7.75606 7.46545 5.85188 3.63194 1.4076 0.378492 0.81556 -0.883918 -0.00577016 1.26931 0.805258 -0.846225 -3.63388 -4.02839 -4.66933 -7.25224 -9.7492 -9999 -9999 -9.63063 -6.51398 -4.3221 -3.19553 -2.8521 -2.82604 -1.37895 -1.27133 0.288291 -0.0770591 -2.14963 -1.92164 -2.73029 -2.21351 -1.48358 -1.28752 -0.224175 0.794977 0.97814 0.972461 1.30432 1.36397 1.37136 1.35191 1.10953 1.20594 1.21286 0.790049 -1.66027 -2.85938 -4.17813 -8.61938 -9999 -9999
-9999 -9999 -9999 -9999 4.95353 5.69753 6.51213 6.64155 7.2432 7.17321 6.99838 7.83618 8.14394 7.72098 7.41325 7.95205 7.90369 7.82075 7.69125 6.17415 4.42094 1.7718 0.124666 -0.879391 -1.59467 -2.53595 -1.88091 -2.08144 -2.35033 -2.04199 -2.80601 -4.32786 -5.84677 -8.68007 -10.2207 -9999 -9.46537 -8.06415 -5.45611 -3.24088 -1.83754 -2.3533 -0.707 -0.406923 0.546403 -0.0185886 -1.27756 -1.82373 -1.87662 -2.04673 -0.938298 -0.192777 0.337796 0.682643 1.11915 1.22069 1.32232 1.35827 1.37282 1.3879 1.37176 1.35299 1.29409 1.12951 -0.00179942 -1.19748 -3.77372 -8.47876 -9999 -9999
-9999 -9999 -9999 2.7671 4.8622 6.11206 6.5947 6.94189 7.24681 7.46572 7.6967 7.90669 8.05038 7.98173 6.8755 6.95424 7.14035 7.75187 7.69762 7.55241 6.59034 3.36823 2.25466 0.631741 -1.47279 -2.34488 -1.90481 -0.179843 -0.256106 -1.39755 -2.67034 -4.42327 -5.54302 -7.28668 -10.6258 -10.3341 -8.8402 -7.73136 -5.96229 -3.2529 -1.35598 -0.513902 -0.200311 0.466698 0.809604 0.0363599 -0.696297 -1.00789 -1.58141 -1.66619 -1.66671 -0.999161 -0.4729 0.68974 1.0736 1.24728 1.32808 1.36627 1.39098 1.41533 1.41698 1.38443 1.37604 1.35779 1.26738 -0.322846 -4.29458 -7.28771 -9999 -9999
-9999 -9999 -9999 -9999 4.47086 5.02042 5.16314 5.41315 5.92625 6.51724 7.35699 7.45906 7.91575 7.90341 6.95193 5.85004 6.78895 7.15543 7.53648 7.53913 7.40849 4.7036 3.28641 2.1714 0.153928 0.888725 1.58126 1.63536 1.21985 -1.22717 -3.66498 -6.47007 -9.09943 -9.22967 -10.6473 -9.90435 -8.92095 -6.38164 -4.59775 -3.88024 -3.36722 -0.61192 0.101671 0.341986 1.04391 0.0740271 -0.171891 -0.90092 -0.689183 -0.756611 -0.756742 -2.77034 -0.753598 -0.641908 0.662699 1.24548 1.37139 1.3967 1.42434 1.41953 1.41647 1.40026 1.4039 1.37535 1.34162 0.304315 -4.72422 -7.25595 -9999 -9999
-9999 -9999 -9999 -9999 -9999 -9999 4.64012 5.0583 5.32483 5.78691 7.21076 7.58881 7.83652 7.84936 7.41832 6.32846 6.03264 6.21936 5.1554 6.02873 7.22821 7.19317 7.04368 4.66625 3.45691 4.63521 4.27952 2.49572 1.09215 -0.293563 -3.14721 -5.23058 -8.24324 -10.5078 -10.599 -8.11221 -6.04736 -3.47797 -2.35023 -3.00852 -2.31648 -0.951235 0.600749 1.34835 1.16499 0.14292 -0.00100335 -1.12287 -0.0272974 0.0632006 -0.451836 -0.898011 -0.720531 -0.0782911 0.161375 1.17954 1.41856 1.45389 1.45051 1.44363 1.42843 1.41224 1.38845 1.36782 1.34401 1.2886 -3.88018 -7.90586 -9999 -9999
-9999 -9999 -9999 -9999 -9999 -9999 3.64631 3.90062 4.57037 6.29296 7.19265 7.55127 7.53112 7.69093 7.3839 6.4229 5.43648 4.50538 3.30917 3.9792 5.76736 6.82065 6.9379 4.85387 5.94377 5.53986 4.74237 2.40915 0.690113 -0.220651 -2.95993 -5.29983 -7.30491 -10.074 -8.89734 -7.60242 -5.93837 -3.13312 -1.2448 -0.475098 -1.13938 -0.270288 1.51663 1.52019 0.533271 0.592454 -0.00686116 -1.53854 0.0492926 0.493661 0.129098 0.218557 0.085489 0.320231 0.752733 1.16526 1.43584 1.46339 1.45729 1.43685 1.42539 1.4152 1.38488 1.37639 1.35236 1.31691 -2.02263 -7.98634 -9999 -9999
-9999 -9999 -9999 -9999 -9999 -9999 -9999 2.74086 4.27216 6.55991 7.12428 7.06587 7.53112 7.56284 7.09685 6.69026 5.495 3.86621 0.748679 1.53195 3.17745 5.55502 6.80409 6.6338 5.94335 4.73532 1.80996 -0.749728 -1.05849 -1.47602 -3.47475 -5.2752 -7.504 -6.21842 -4.81136 -3.27297 -2.46956 -2.69037 -1.07371 0.242543 -0.330467 0.737514 1.98595 1.40983 1.06744 0.780088 0.0876276 0.0426641 0.111741 1.01211 0.383514 0.763806 0.775097 0.746723 0.953237 1.19125 1.44091 1.47311 1.46282 1.45588 1.4145 1.41409 1.38859 1.36376 1.34064 1.3087 0.998339 -2.21939 -4.14452 -9999
-9999 -9999 -9999 -9999 -9999 -9999 -9999 1.32384 2.08609 4.796 5.62945 6.82183 7.45048 7.47067 6.69094 6.25203 4.47632 3.89298 1.00837 -0.300735 0.79727 0.369816 3.6472 6.54861 5.92297 0.0652914 -2.05469 -3.56599 -3.17486 -3.16934 -3.72493 -6.79469 -7.64539 -4.89469 -3.16582 -1.8291 -0.818234 -0.615461 -0.661238 1.40315 1.67004 2.3355 2.18117 2.23698 1.18359 0.530436 1.09503 0.438474 0.32376 1.25394 0.331319 1.15892 1.06259 0.806476 0.785995 1.32532 1.42694 1.47526 1.4677 1.4351 1.39592 1.36964 1.37671 1.3582 1.31805 1.31023 1.27141 0.878259 -0.789918 -1.37842
-9999 -9999 -9999 -9999 -9999 -9999 -9999 -9999 -0.446782 3.32055 5.03879 5.93734 7.20401 7.34859 6.93181 6.17836 4.36979 2.7785 0.199011 -2.7443 -4.30338 0.344491 4.39086 6.50289 6.23126 1.35525 -0.567733 -0.654848 0.480883 -0.474215 -1.19894 -3.53007 -4.23145 -5.20679 -4.61398 -2.74663 -1.22538 0.240634 1.30316 1.37991 2.06552 2.45958 2.48452 2.60295 2.47389 2.36835 1.35542 2.05039 1.45449 1.76577 1.55982 1.37319 1.21797 0.633039 1.03441 1.38813 1.47227 1.48967 1.4572 1.4409 1.41392 1.36808 1.34385 1.33109 1.3177 1.28959 1.28012 1.25024 1.05532 0.0482545
-9999 -9999 -9999 -9999 -9999 -9999 -9999 -9999 -2.33285 1.41565 3.21912 5.54014 6.73176 7.21132 7.13634 6.52395 5.14736 3.08145 1.35959 -1.92494 -5.33375 -0.457187 3.89491 6.2407 6.36466 2.27333 3.4112 2.49441 2.86646 1.18613 0.488051 -0.0572403 -1.26735 -2.59177 -4.03975 -4.81096 -1.38456 0.369619 1.77877 2.43744 2.80516 2.98373 2.87558 2.61497 1.08317 2.24087 2.17649 2.05666 1.92008 1.85209 1.72781 1.58174 1.50015 1.46377 1.07228 1.49905 1.4776 1.47352 1.46491 1.44228 1.40893 1.37803 1.34257 1.33231 1.3109 1.2861 1.2663 1.24886 1.22734 1.16353
-9999 -9999 -9999 -9999 -9999 -9999 -9999 -9999 -7.60851 -2.1534 2.23257 4.51682 6.37766 6.88015 7.061 6.24358 5.62966 4.14616 2.74165 0.580955 -2.65014 -4.64093 -0.990175 4.32161 6.28695 6.14112 6.01928 4.95828 4.0021 3.88164 3.95334 2.84638 1.22354 -0.902117 -1.56948 -2.32063 0.229289 0.566645 0.369394 3.17227 3.16814 2.99796 1.91175 0.702157 0.923255 0.179098 0.747726 -0.146227 0.667042 1.36951 1.62906 1.60247 1.51091 1.49208 1.44205 1.50574 1.49523 1.47309 1.45313 1.43691 1.41473 1.37009 1.33946 1.33925 1.30711 1.27934 1.25929 1.24481 1.22923 1.17939
-9999 -9999 -9999 -9999 -9999 -9999 -9999 -9999 -7.37296 -2.78424 1.10445 3.43854 5.67578 6.18714 6.93491 6.76083 6.11868 4.82818 3.21907 1.43948 -1.33352 -3.39514 -0.95454 2.56971 5.09425 6.00694 6.00473 5.94387 5.70354 5.60711 5.32656 5.13422 3.96625 1.95886 0.820163 -0.844202 1.9987 2.30905 1.8528 3.26563 3.18379 1.02131 -0.643267 -0.85856 0.148315 -0.819076 -0.991331 -1.58566 -0.915063 0.890601 0.35594 0.455265 1.27892 1.4069 1.48123 1.49592 1.4809 1.46705 1.44259 1.43367 1.42427 1.38036 1.35358 1.33433 1.29137 1.27646 1.24396 1.21515 1.19822 1.1669
-9999 -9999 -9999 -9999 -9999 -9999 -9999 -9999 -7.28226 -4.19636 -0.697904 2.74071 5.13062 6.08867 6.78323 6.76556 6.02116 5.375 4.36308 2.79655 1.72044 -0.141499 -2.69356 1.57249 2.87838 4.05355 4.54642 5.76414 5.73381 5.17473 4.53946 5.13722 4.95716 3.36578 2.83741 1.94921 3.52651 3.52073 3.46673 3.37147 1.54294 -0.994492 -3.02426 -1.57951 -1.89169 -1.22537 -3.29641 -1.6028 -0.239219 0.199662 -0.726243 -1.42229 0.715313 1.05664 1.25878 1.38481 1.46405 1.43283 1.44431 1.42096 1.40353 1.38519 1.35525 1.33249 1.30233 1.27195 1.24519 1.21862 1.184 1.13649
-9999 -9999 -9999 -9999 -9999 -9999 -9999 -9999 -9999 -6.02212 -1.5787 2.38081 4.58095 5.96078 6.62785 6.60574 6.22052 5.77888 5.14812 4.01573 2.59616 0.358061 -1.30405 -0.256658 1.02247 1.17367 2.02546 4.49901 5.34296 4.14273 1.18745 2.935 4.88028 4.84257 4.66921 4.47529 4.22997 4.00593 3.5264 2.25808 -1.60702 -2.37681 -3.89852 -3.73562 -4.51989 -2.82587 -3.46273 -1.72839 -0.980116 -0.701268 -2.31669 -1.97157 -0.0920475 0.649139 0.517058 0.968246 1.40384 1.40862 1.41112 1.38929 1.3879 1.3803 1.36174 1.32452 1.29836 1.27622 1.23177 1.22217 1.06837 0.96533
-9999 -9999 -9999 -9999 -9999 -9999 -9999 -9999 -9999 -6.90108 -2.47367 2.1908 3.68229 5.17075 6.45392 6.4696 5.88632 5.33147 4.76071 4.11273 2.39234 0.72464 -0.867025 -1.40425 -1.08885 -1.10819 0.270065 3.49221 4.11409 3.84507 0.761396 -0.290849 2.30922 4.49276 4.6581 4.45177 1.86635 2.4064 1.007 -0.887836 -1.41615 -2.25068 -4.00367 -3.17299 -4.45873 -3.91902 -4.06072 -3.07934 -2.60409 -1.43514 -2.84431 -2.8333 -0.988806 -0.0598642 -0.044361 0.930313 1.27208 1.35478 1.36829 1.37484 1.36866 1.37343 1.3535 1.32809 1.29804 1.24035 1.11797 0.765826 -1.11137 -1.11881
-9999 -9999 -9999 -9999 -9999 -9999 -9999 -9999 -9999 -6.39062 -3.32091 0.816917 3.87941 4.06333 5.54729 6.30883 5.67563 4.96412 4.23681 3.9147 2.04291 -0.0117906 -1.6725 -3.63653 -3.31857 -1.91641 0.389983 2.4697 2.83893 2.40494 0.757502 1.53579 3.30687 4.24391 4.51499 4.28821 3.71869 3.38572 2.35302 1.90021 0.469221 -1.76302 -2.64759 -2.1017 -4.47025 -4.31337 -3.44836 -4.36963 -2.84818 -2.12359 -3.94201 -2.50284 -0.868688 -0.0372136 0.688498 1.02741 1.15707 1.36024 1.35631 1.36427 1.36378 1.3502 1.33942 1.29419 1.25486 1.04605 0.743342 -1.00549 -1.73951 -1.60737
-9999 -9999 -9999 -9999 -9999 -9999 -9999 -9999 -9999 -5.86848 -3.10567 0.480866 2.6618 3.04457 4.69137 6.15473 5.98132 5.24153 5.01058 4.245 2.65632 0.902872 -1.0125 -1.9463 -4.08529 -1.98929 -0.32165 1.4384 2.25972 0.90931 0.219812 1.42604 2.62468 3.09921 4.30879 4.28956 3.8849 2.16679 1.32441 1.66791 1.30081 0.664659 -0.874432 -0.951242 -1.94269 -2.35804 -2.75055 -3.99407 -3.20456 -3.13212 -2.92649 -1.19648 -0.350118 0.20815 0.714975 0.841551 1.05663 1.33808 1.3541 1.35462 1.3431 1.33807 1.30602 1.21252 1.13196 0.722873 0.00709114 -1.3191 -3.46086 -1.96797
-9999 -9999 -9999 -9999 -9999 -9999 -9999 -9999 -9999 -6.34289 -3.40767 -0.343804 0.931954 1.14107 4.12893 5.95497 5.94929 5.59409 5.18099 3.30133 3.40378 3.02245 1.29375 -1.2209 -3.98167 -3.72853 -2.08257 0.242995 1.0094 -1.23154 -2.03321 -1.45334 0.361973 1.98581 3.68118 4.10598 3.59842 0.928749 -1.90801 -0.604987 0.787806 0.771253 0.351304 -1.07653 -1.53567 -1.95192 -2.99551 -4.75123 -4.49348 -4.01358 -2.0524 -1.44074 -0.491274 0.295701 -0.0130303 0.153454 0.905323 1.33256 1.33931 1.33711 1.34125 1.32075 1.28402 1.10857 0.923337 0.61978 -1.2292 -2.38293 -4.05839 -2.13159
-9999 -9999 -9999 -9999 -9999 -9999 -9999 -9999 -9999 -7.25637 -5.12888 -2.20094 -1.02631 0.852614 3.67565 5.05963 5.71854 5.69524 5.41711 4.57099 4.05949 3.05928 1.26095 -1.19516 -3.92429 -5.70275 -4.80704 -1.66737 -0.924142 -2.9966 -4.05915 -2.74909 -0.814291 2.05327 3.6883 3.90238 3.74582 3.18872 1.11537 -1.38804 -1.38827 -0.145746 -1.20137 -2.42681 -1.76609 -1.89835 -2.92908 -3.68094 -4.12852 -3.8561 -2.73535 -2.28209 -1.18428 0.440074 0.664971 0.609404 1.28762 1.3124 1.31861 1.33447 1.32334 1.30652 1.27521 1.13018 0.818554 -0.415823 -1.49364 -2.9888 -3.18313 -1.47072
-9999 -9999 -9999 -9999 -9999 -9999 -9999 -9999 -9999 -8.82756 -6.32322 -3.58116 -1.01428 1.41372 3.50215 3.65528 4.75268 4.74263 5.31383 5.13969 4.35497 3.51125 1.96065 -1.1929 -3.84536 -6.73726 -5.9823 -2.78203 -2.35073 -3.74887 -6.32729 -3.67741 -0.754815 1.89298 3.32273 2.1883 3.33495 3.2318 2.44961 0.95584 -1.36204 -1.32711 -3.06635 -3.15034 -2.27021 -1.99025 -2.14669 -2.7133 -3.60728 -3.45645 -2.77533 -2.61165 -1.60378 -0.34596 0.883403 1.08209 1.30873 1.30909 1.30297 1.31212 1.30425 1.26792 1.19389 1.04269 0.00614649 -1.22458 -1.98697 -3.03213 -3.16856 -1.19401
