Test_Spring_2018/11_17/Temp/20171130_013.txt
ncols	170
nrows	115
xllcorner	350000.000000
yllcorner	4445000.000000
cellsize	1000.000000
nodata_value	-9999.000000
[rows 32 to 63 of 115, columns 72 to 143 of 170]
15.4329 15.1308 15.5887 16.01 15.7491 15.5736 16.2682 16.2651 16.0238 15.4612 15.2531 15.0374 14.9042 14.1836 12.1664 10.3477 11.3181 11.3386 10.6632 11.8673 11.2274 9.56225 7.21268 8.48636 8.15224 6.49127 6.07827 -9999 -9999 -9999 -9999 -9999 -9999 -9999 -9999 -9999 -9999 -9999 -9999 -9999 -9999 -9999 -9999 -9999 -9999 -9999 -9999 -9999 -9999 -9999 -9999 -9999 -9999 -9999 -9999 -9999 -9999 -9999 -9999 -9999 -9999 -9999 -9999 -9999 -9999 -9999 -9999 -9999 -9999 -9999 -9999 -9999
15.0315 14.8998 15.5821 15.5644 15.5207 15.7636 16.1935 16.2769 16.181 15.9339 15.7197 15.4921 14.919 14.0949 12.3681 10.2984 9.82694 10.8361 10.8822 11.0423 10.4591 9.72716 8.58346 9.51614 9.87711 8.78327 7.35192 6.4287 -9999 -9999 -9999 -9999 -9999 -9999 -9999 -9999 -9999 -9999 -9999 -9999 -9999 -9999 -9999 -9999 -9999 -9999 -9999 -9999 -9999 -9999 -9999 -9999 -9999 -9999 -9999 -9999 -9999 -9999 -9999 -9999 -9999 -9999 -9999 -9999 -9999 -9999 -9999 -9999 -9999 -9999 -9999 -9999
14.5529 13.8845 14.2944 14.6014 15.1749 15.3197 15.4027 16.2177 16.1713 16.1304 15.7782 15.496 15.0304 14.2371 13.1089 11.7512 9.38914 10.8416 11.9784 11.947 11.8824 11.369 10.2703 11.1857 11.2268 9.82927 8.23893 7.30135 6.91239 -9999 -9999 -9999 -9999 -9999 -9999 -9999 -9999 -9999 -9999 -9999 -9999 -9999 -9999 -9999 -9999 -9999 -9999 -9999 -9999 -9999 -9999 -9999 -9999 -9999 -9999 -9999 -9999 -9999 -9999 -9999 -9999 -9999 -9999 -9999 -9999 -9999 -9999 -9999 -9999 -9999 -9999 -9999
14.0091 13.1935 13.6061 14.1577 14.9373 15.341 15.6455 15.887 16.1334 16.1008 15.7403 14.6814 14.5278 14.4792 13.7404 12.1928 10.6475 10.2454 11.981 12.4762 12.3728 12.7588 11.8278 12.2649 12.0829 11.586 10.0553 8.66098 8.08196 6.93959 -9999 -9999 -9999 -9999 -9999 -9999 -9999 -9999 -9999 -9999 -9999 -9999 -9999 -9999 -9999 -9999 -9999 -9999 -9999 -9999 -9999 -9999 -9999 -9999 -9999 -9999 -9999 -9999 -9999 -9999 -9999 -9999 -9999 -9999 -9999 -9999 -9999 -9999 -9999 -9999 -9999 -9999
-9999 -9999 12.6774 13.4295 14.0504 14.8158 15.4719 15.7999 16.1184 16.0893 15.3716 15.019 14.9854 14.5002 13.6476 13.1116 12.1377 11.1232 11.5076 12.9876 12.3264 13.3744 13.2837 13.4747 12.7709 11.4374 9.66193 8.6257 8.10745 7.1813 -9999 -9999 -9999 -9999 -9999 -9999 -9999 -9999 -9999 -9999 -9999 -9999 -9999 -9999 -9999 -9999 -9999 -9999 -9999 -9999 -9999 -9999 -9999 -9999 -9999 -9999 -9999 -9999 -9999 -9999 -9999 -9999 -9999 -9999 -9999 -9999 -9999 -9999 -9999 -9999 -9999 -9999
-9999 -9999 -9999 13.2894 13.7613 14.7817 15.309 15.5207 16.0363 16.0342 15.7603 15.5527 15.2529 14.8626 14.221 13.5137 12.5976 12.5108 13.4567 13.4665 13.2666 13.4205 13.9058 13.7756 12.6874 10.8097 9.81699 7.80577 6.94131 7.02754 6.41399 -9999 -9999 -9999 -9999 -9999 -9999 -9999 -9999 -9999 -9999 -9999 -9999 8.72603 -9999 -9999 -9999 -9999 -9999 -9999 -9999 -9999 -9999 -9999 -9999 -9999 -9999 -9999 -9999 -9999 -9999 -9999 -9999 -9999 4.97183 -9999 -9999 -9999 -9999 -9999 -9999 -9999
-9999 -9999 13.1988 13.8322 14.3268 14.9653 15.0275 15.4046 15.9979 16.0031 15.8077 15.5874 15.0963 14.9724 14.6059 13.8381 13.6792 13.9871 14.128 14.2881 14.3862 14.3037 14.1049 13.8483 13.1445 12.2733 11.6879 9.84879 8.9186 8.02639 6.67696 5.62072 -9999 -9999 -9999 -9999 -9999 -9999 -9999 8.0295 7.97757 7.99964 8.29328 9.10714 8.62583 -9999 -9999 -9999 -9999 -9999 -9999 -9999 -9999 -9999 -9999 -9999 -9999 -9999 -9999 -9999 -9999 -9999 -9999 -9999 5.70814 4.64205 -9999 -9999 -9999 -9999 -9999 -9999
-9999 -9999 13.3676 14.0374 14.3703 14.9904 15.3436 15.5756 15.7789 15.973 15.9362 15.6925 15.3238 15.323 14.8166 14.5425 14.3464 14.7638 14.8449 14.675 14.4626 14.2746 13.7455 13.6831 13.5081 12.9547 12.0471 11.1116 9.76554 7.93458 6.13878 4.68973 -9999 -9999 -9999 -9999 -9999 -9999 8.1823 8.85811 9.26232 8.39745 9.13312 9.80535 9.69583 9.03503 -9999 -9999 -9999 -9999 -9999 -9999 -9999 -9999 -9999 -9999 -9999 -9999 -9999 -9999 10.756 9.6642 7.46271 6.33186 5.65122 4.68125 -9999 -9999 -9999 -9999 -9999 -9999
-9999 -9999 13.2324 14.0241 14.5594 15.0339 15.1071 15.5922 15.8049 15.9073 15.891 15.8396 15.7687 15.326 15.134 14.4673 15.1002 15.0742 14.9118 14.274 13.9969 12.9031 12.4212 12.3112 13.2292 12.5488 11.1293 9.35482 7.22466 7.0859 6.37889 5.08348 -9999 -9999 -9999 -9999 -9999 -9999 8.39115 9.11417 9.71747 9.80396 8.94439 10.1404 10.0879 9.41556 9.26107 9.80787 10.0837 9.87611 10.5279 10.7168 10.4175 10.7389 -9999 -9999 -9999 -9999 10.9147 10.955 10.9843 10.527 8.12226 6.47816 5.00091 4.85613 -9999 -9999 -9999 -9999 -9999 -9999
-9999 -9999 13.7806 14.2672 14.5119 14.5491 14.9745 15.3978 15.6603 15.8448 15.8024 15.7831 15.7629 15.6093 15.2571 15.3171 15.2865 15.0807 13.8674 12.4517 13.067 12.2303 10.4302 11.8911 12.6926 11.922 10.2023 8.2081 7.55584 7.58289 6.60045 5.33448 -9999 -9999 -9999 6.41334 7.44894 7.53723 7.84129 8.80614 9.53977 10.0949 10.4709 10.4568 10.0536 9.39589 8.68106 8.93244 10.2113 10.521 10.7827 10.9786 10.7006 10.8386 11.1782 11.3521 11.3847 11.3007 11.2788 11.303 11.2581 10.831 8.68176 7.44811 6.65885 5.06759 -9999 -9999 -9999 -9999 -9999 -9999
-9999 -9999 13.4691 13.892 14.2338 14.8007 14.858 15.2164 15.4263 15.7443 15.7765 15.3992 15.7042 15.6608 15.5999 15.4746 15.2928 14.2679 12.8566 11.442 10.7885 11.0637 9.98184 10.5376 11.3497 11.0571 9.99945 8.22284 7.97112 7.5578 5.90889 4.31965 -9999 -9999 4.4027 6.39154 7.79135 8.51248 8.73457 8.75425 9.67904 9.7501 10.7459 10.51 9.18616 9.33227 8.81976 9.14979 9.61453 9.74082 10.4158 11.0625 11.1824 11.1823 11.3975 11.4393 11.4477 11.4387 11.2874 11.3513 11.3577 11.0898 9.52947 8.76581 7.92229 5.08839 -9999 -9999 -9999 -9999 -9999 -9999
-9999 -9999 13.6818 14.1545 14.6723 14.7537 15.1363 15.0957 14.9812 15.5152 15.7102 15.4426 15.2489 15.5951 15.5675 15.5182 15.4392 14.4761 13.3622 11.6771 10.6299 9.98744 9.53238 8.92443 9.34113 9.21265 9.04062 9.23649 8.75151 7.77699 6.80997 5.00289 4.02347 -9999 4.51047 5.40659 7.07178 8.48672 9.38428 9.05892 10.1107 10.3045 10.9099 10.5514 9.74593 9.3971 9.36413 9.25664 9.96397 10.4416 10.7773 10.9996 11.2766 11.345 11.4138 11.4408 11.454 11.4673 11.4603 11.451 11.4155 11.312 10.592 9.82779 8.18571 5.18346 -9999 -9999 -9999 -9999 -9999 -9999
-9999 12.2979 13.6269 14.4214 14.7273 14.9471 15.1403 15.2792 15.4238 15.5614 15.6539 15.6104 14.9082 14.9615 15.0836 15.4769 15.4461 15.3572 14.7475 12.6974 11.9868 10.9499 9.60909 9.04952 9.3289 10.4268 10.3772 9.6491 8.8376 7.71636 7.00513 5.89542 3.76767 3.95626 4.91134 5.62139 6.75227 8.48225 9.69446 10.2343 10.4371 10.8616 11.0817 10.5887 10.1188 9.92071 9.55584 9.50254 9.5032 9.92985 10.2633 11.0076 11.2552 11.3664 11.4221 11.4508 11.4708 11.4902 11.4947 11.4768 11.4735 11.4632 11.4044 10.3908 7.86016 5.94872 -9999 -9999 -9999 -9999 -9999 -9999
-9999 -9999 13.3807 13.7287 13.8176 13.9752 14.3008 14.6766 15.2091 15.275 15.5676 15.5636 14.9591 14.2604 14.8623 15.0998 15.3465 15.3519 15.272 13.5468 12.6448 11.9346 10.649 11.113 11.5529 11.586 11.3199 9.75977 8.20581 6.41431 4.73996 4.65847 3.75806 4.2326 4.86258 6.48419 7.6247 8.08581 8.41647 10.1754 10.631 10.7849 11.2335 10.6166 10.4568 9.99256 10.1278 10.0854 10.0862 8.80455 10.0878 10.1618 10.9963 11.3717 11.454 11.4748 11.4969 11.4979 11.4996 11.4922 11.4966 11.4786 11.4576 10.7963 7.59155 5.97387 -9999 -9999 -9999 -9999 -9999 -9999
-9999 -9999 -9999 -9999 13.4867 13.7512 13.9196 14.2131 15.1178 15.3597 15.5193 15.5299 15.2585 14.5679 14.3833 14.5064 13.8327 14.392 15.1576 15.1368 15.0423 13.5277 12.7537 13.5031 13.2749 12.1368 11.241 10.3568 8.53778 7.20619 5.28763 3.84638 3.79049 5.37767 6.69621 8.33715 9.05976 8.64446 9.08928 9.96079 10.9519 11.43 11.3145 10.6642 10.5693 9.8547 10.5529 10.611 10.2836 10.0006 10.1122 10.5242 10.6802 11.3328 11.4893 11.5154 11.5179 11.5179 11.5119 11.5046 11.4911 11.479 11.4641 11.4283 8.13402 5.56441 -9999 -9999 -9999 -9999 -9999 -9999
-9999 -9999 -9999 -9999 12.8557 13.0157 13.4409 14.5376 15.1085 15.338 15.3271 15.4316 15.2393 14.6309 14.0066 13.4176 12.6591 13.0891 14.2306 14.9031 14.9784 13.6504 14.3413 14.0824 13.5725 12.0842 10.9873 10.4056 8.6594 7.16446 5.88789 4.1253 4.87723 5.70518 6.76886 8.55994 9.76724 10.2617 9.84172 10.3983 11.5391 11.5431 10.9156 10.9541 10.5691 9.59322 10.605 10.8885 10.6569 10.715 10.6289 10.7813 11.0603 11.327 11.5037 11.5257 11.5262 11.5176 11.5141 11.5105 11.4932 11.4889 11.4738 11.4507 9.32179 5.51736 -9999 -9999 -9999 -9999 -9999 -9999
-9999 -9999 -9999 -9999 -9999 12.2788 13.253 14.7098 15.0672 15.0313 15.3298 15.3529 15.0595 14.8044 14.047 13.0135 11.0311 11.5332 12.5837 14.0998 14.896 14.7873 14.3437 13.5724 11.7067 10.0741 9.8757 9.60831 8.33393 7.18277 5.76375 6.58451 7.48337 8.46652 8.98195 8.84524 9.87943 10.722 10.3604 11.0437 11.8414 11.476 11.2591 11.0768 10.6324 10.6038 10.6479 11.2219 10.8221 11.0655 11.0714 11.0562 11.1912 11.3468 11.5102 11.5352 11.5332 11.5332 11.5106 11.5134 11.4992 11.4846 11.4701 11.4492 11.2503 9.19541 7.96651 -9999 -9999 -9999 -9999 -9999
-9999 -9999 -9999 -9999 -9999 11.378 11.8623 13.5883 14.1173 14.8784 15.2812 15.2971 14.8039 14.5277 13.4007 13.0333 11.1991 10.3681 11.0698 10.7986 12.8871 14.7353 14.3329 10.5993 9.24681 8.28218 8.52979 8.53205 8.17726 6.21747 5.6766 7.43093 8.53491 9.38966 10.0373 10.1702 10.1453 11.4646 11.6379 12.0647 11.9686 12.0059 11.3359 10.9206 11.2771 10.8589 10.786 11.379 10.7919 11.3204 11.2577 11.0974 11.0879 11.4354 11.5044 11.5397 11.5393 11.5229 11.5019 11.4879 11.4946 11.484 11.4588 11.4534 11.4276 11.1724 10.1074 9.73003 10.1318 -9999 -9999 -9999
-9999 -9999 -9999 -9999 -9999 -9999 10.2506 12.6506 13.7433 14.3175 15.127 15.2222 14.9578 14.4826 13.3349 12.3253 10.6854 8.8129 7.82189 10.7842 13.3626 14.7079 14.5311 11.423 10.1962 10.1391 10.8613 10.2518 9.78945 8.3003 7.85472 7.23529 7.61557 8.80731 9.78015 10.7185 11.3996 11.4524 11.8928 12.1462 12.1643 12.2415 12.1605 12.0942 11.4456 11.8886 11.5092 11.708 11.5777 11.4601 11.3598 10.9901 11.2492 11.4785 11.5363 11.5514 11.5353 11.5292 11.5159 11.49 11.4759 11.4692 11.4611 11.443 11.4362 11.4125 11.2864 10.6426 9.7835 8.70032 -9999 -9999
-9999 -9999 -9999 -9999 -9999 -9999 9.05084 11.4391 12.5863 14.0669 14.826 15.1329 15.0898 14.7043 13.8318 12.5196 11.4259 9.33592 7.16594 10.2756 13.0477 14.542 14.6203 12.0094 12.733 12.1476 12.3835 11.3122 10.8671 10.5158 9.74629 8.90458 7.98279 7.49428 9.68141 10.8032 11.7051 12.1285 12.3663 12.4831 12.4173 12.2512 11.2766 12.0152 11.971 11.895 11.8085 11.7659 11.6877 11.5961 11.5426 11.5224 11.2764 11.5511 11.5418 11.5437 11.5426 11.5323 11.5148 11.4984 11.4785 11.4743 11.4589 11.4432 11.43 11.4146 11.3992 11.3567 11.1804 9.72854 8.85755 8.60734
-9999 -9999 -9999 -9999 -9999 -9999 5.69125 9.16713 11.9556 13.4135 14.5989 14.9232 15.0429 14.5266 14.1397 13.1984 12.3068 10.9327 8.87594 7.60864 9.93724 13.3215 14.5718 14.4748 14.3961 13.7192 13.1092 13.0321 13.0777 12.3685 11.333 9.98146 9.55816 9.0834 10.712 10.931 10.8093 12.5987 12.5994 12.4939 11.8045 11.0367 11.1794 10.7036 11.0628 10.4939 11.0127 11.4612 11.6278 11.6124 11.5524 11.5418 11.5135 11.5581 11.5555 11.5457 11.5372 11.5309 11.5204 11.4952 11.4783 11.4803 11.4617 11.4448 11.428 11.4147 11.4036 11.3704 11.3398 11.1107 10.77 10.1255
-9999 -9999 -9999 -9999 -9999 -9999 5.83798 8.75873 11.2383 12.7236 14.1526 14.4824 14.9631 14.8564 14.4514 13.6328 12.6107 11.4793 9.71439 8.40205 9.95758 12.2056 13.8138 14.3912 14.388 14.3487 14.1952 14.1298 13.9515 13.8249 13.083 11.805 11.0829 10.0262 11.8414 12.043 11.7561 12.6598 12.6109 11.2361 10.1781 10.0432 10.6873 10.0726 9.95973 9.5789 10.0071 11.1587 10.8176 10.8827 11.4056 11.4903 11.5412 11.5544 11.5488 11.5441 11.5325 11.5307 11.5282 11.5034 11.489 11.479 11.4533 11.4452 11.4251 11.4028 11.3869 11.3661 11.3378 11.268 11.1887 11.2537
-9999 -9999 -9999 -9999 -9999 -9999 5.89469 7.85976 10.0909 12.2794 13.8055 14.4198 14.8663 14.8591 14.3887 13.9804 13.3387 12.343 11.6592 10.4742 8.84907 11.5674 12.4022 13.1471 13.4568 14.2321 14.2126 13.8566 13.4463 13.829 13.7143 12.7034 12.3701 11.8078 12.8165 12.8165 12.7858 12.7285 11.5667 9.95299 8.66238 9.58514 9.38831 9.8154 8.49279 9.57144 10.4413 10.7222 10.1309 9.68934 11.0492 11.2697 11.402 11.486 11.5404 11.5244 11.5356 11.5244 11.5167 11.5082 11.4918 11.4796 11.4622 11.4443 11.4284 11.4077 11.3855 11.3558 11.3478 11.3089 11.2896 11.2701
-9999 -9999 -9999 -9999 -9999 -9999 -9999 6.69445 9.52184 12.0475 13.4528 14.3357 14.7646 14.7544 14.5126 14.2345 13.8355 13.1162 12.2135 10.7888 9.73056 10.3983 11.2162 11.3087 11.8512 13.427 13.9649 13.2007 11.3121 12.4247 13.6665 13.6454 13.5383 13.4182 13.266 13.1269 12.8249 12.0202 9.56082 9.07258 8.10561 8.21168 7.71408 8.79598 8.38686 9.49315 9.97127 10.1505 9.12296 9.33958 10.5396 11.0148 10.9339 11.2249 11.5043 11.5111 11.5164 11.5061 11.5085 11.5068 11.4977 11.478 11.4634 11.451 11.4242 11.4142 11.3163 11.2506 11.124 11.2669 11.2755 11.2703
-9999 -9999 -9999 -9999 -9999 -9999 -9999 6.12752 8.95078 11.9256 12.8792 13.8311 14.6523 14.666 14.2978 13.9474 13.5865 13.176 12.0817 11.0206 10.0076 9.66605 9.86758 9.85474 10.733 12.7862 13.183 13.0124 11.0388 10.3706 12.0297 13.4238 13.5323 13.4043 11.7605 12.1081 11.2199 10.0159 9.68241 9.15355 8.03931 8.57097 7.75405 8.10004 8.00717 8.63403 8.93848 9.68502 8.78916 8.79282 9.97066 10.5656 10.5787 11.2031 11.4244 11.4806 11.4928 11.5004 11.4998 11.5059 11.4961 11.4824 11.4655 11.4306 11.3542 11.1312 9.93101 9.92663 10.247 10.5501 11.1042 11.251
-9999 -9999 -9999 -9999 -9999 -9999 -9999 6.45134 8.40964 11.0488 13.0032 13.1238 14.0728 14.5614 14.1613 13.711 13.2503 13.0475 11.8569 10.5495 9.49273 8.24254 8.44608 9.34032 10.8094 12.1351 12.3713 12.0959 11.037 11.5352 12.6662 13.2661 13.4419 13.3007 12.9413 12.7325 12.0779 11.7926 10.884 9.46467 8.90382 9.25418 7.74759 7.84989 8.40329 7.81344 8.78471 9.24838 8.092 9.00536 10.0494 10.5823 11.048 11.2673 11.3534 11.4863 11.4873 11.4958 11.4988 11.4932 11.4892 11.4631 11.4404 11.3095 11.1185 10.0058 9.53437 9.61939 10.126 10.5691 11.0248 11.2119
-9999 -9999 -9999 -9999 -9999 -9999 -9999 6.78218 8.54498 10.8329 12.2255 12.4727 13.5252 14.4608 14.3535 13.8852 13.7407 13.2554 12.2454 11.1301 9.91144 9.31796 7.95651 9.29317 10.3557 11.4781 12.0026 11.132 10.6948 11.4657 12.232 12.5373 13.311 13.302 13.0474 11.9561 11.4227 11.6448 11.414 11.0116 10.0339 9.9877 9.35868 9.09662 8.84908 8.05407 8.55926 8.60767 8.74062 9.8397 10.382 10.7409 11.0671 11.1511 11.2916 11.4744 11.4881 11.4918 11.4877 11.4877 11.4702 11.4134 11.3647 11.1064 10.6525 9.80949 8.44139 9.39379 10.39 10.6773 10.9611 11.1075
-9999 -9999 -9999 -9999 -9999 -9999 -9999 6.47775 8.35043 10.3053 11.1211 11.2575 13.1643 14.3309 14.3303 14.107 13.8466 12.6516 12.7192 12.4783 11.3789 9.77855 8.0213 8.18417 9.23132 10.7163 11.2061 9.76805 9.25953 9.63143 10.7907 11.8281 12.9113 13.1851 12.8649 11.1673 9.36325 10.1966 11.0871 11.0797 10.8151 9.90831 9.61863 9.35622 8.6941 7.57296 7.73957 8.04779 9.29328 9.68604 10.2941 10.7988 10.6054 10.7149 11.1974 11.4731 11.4809 11.4829 11.4888 11.4789 11.4586 11.3498 11.2345 11.0437 9.86808 9.13528 8.06474 9.2938 9.97146 10.321 10.966 11.1162
-9999 -9999 -9999 -9999 -9999 -9999 -9999 5.89334 7.25142 9.11965 9.87096 11.0711 12.8728 13.7576 14.1805 14.1686 13.9942 13.4578 13.1345 12.4996 11.356 9.79331 8.05652 6.92534 7.49787 9.49881 9.97039 8.6433 7.96867 8.80583 10.0412 11.871 12.9157 13.0552 12.9586 12.6069 11.2892 9.69754 9.70062 10.4954 9.82602 9.04837 9.47237 9.3911 8.7374 8.26134 7.97349 8.14933 8.85991 9.1519 9.8546 10.8929 11.0395 11.0076 11.4432 11.4625 11.4699 11.4835 11.4797 11.4723 11.4556 11.3662 11.1706 10.387 9.70298 8.75293 8.63157 9.71918 10.1877 10.6267 10.9407 11.0399
-9999 -9999 -9999 -9999 -9999 -9999 -9999 4.88974 6.48792 8.23768 9.87593 11.4258 12.7593 12.8599 13.5621 13.5587 13.9256 13.8175 13.3202 12.7853 11.7999 9.79309 8.10542 6.26511 6.74821 8.78649 9.05215 8.16367 6.52333 8.21413 10.0788 11.7686 12.6824 11.9627 12.6964 12.6339 12.1389 11.1905 9.71708 9.74266 8.63788 8.58765 9.15164 9.33323 9.23675 8.87893 8.30723 8.40555 8.83617 8.94379 9.58931 10.3941 11.1808 11.3109 11.4589 11.4626 11.4623 11.4716 11.47 11.4503 11.4064 11.3133 10.656 9.87494 9.39213 8.72907 8.64489 9.9001 10.3943 10.6674 10.9382 11.0422
-9999 -9999 -9999 -9999 -9999 -9999 -9999 -9999 6.31952 8.1271 9.4639 9.82171 11.0066 11.6452 12.1389 12.2463 13.6602 13.736 13.42 12.9286 12.088 10.5649 9.50325 7.73808 6.4689 6.99192 7.23372 7.69813 7.55927 8.31242 10.1041 11.9708 12.1727 10.9838 11.1575 11.4037 11.9582 11.6736 9.66687 8.64623 7.79867 8.39703 9.02662 9.17738 9.20588 9.08192 8.9359 8.69722 9.53975 10.1625 10.305 10.8476 11.2475 11.356 11.4371 11.4446 11.4523 11.4495 11.423 11.4029 11.2985 11.0687 10.3341 8.57238 8.65055 8.45638 7.90541 9.13025 9.89802 10.5913 10.9576 11.0486
-9999 -9999 -9999 -9999 -9999 -9999 -9999 -9999 5.71231 7.80401 8.24329 8.20724 7.51056 7.82696 10.3957 10.9109 12.2667 13.5507 13.4542 12.9722 12.1858 11.2781 9.87376 7.88889 6.31146 5.64494 7.34258 9.00782 9.3502 9.88029 10.9775 11.1844 9.96934 8.8297 9.46624 9.84877 11.3124 11.5777 11.2906 10.0807 8.69757 7.97459 8.8234 8.93502 8.98398 8.99198 8.96139 8.92357 9.87944 10.4041 10.7672 10.9636 11.3066 11.3923 11.4179 11.4417 11.4326 11.4119 11.3543 11.2892 11.0126 10.6784 9.47757 8.47567 7.84939 7.05531 8.83208 9.3488 10.0689 10.5374 10.9017 10.9779
