Test_Spring_2018/11_17/Temp/20171107_021.txt
ncols	170
nrows	115
xllcorner	350000.000000
yllcorner	4445000.000000
cellsize	1000.000000
nodata_value	-9999.000000
[rows 32 to 63 of 115, columns 72 to 143 of 170]
14.2639 13.9463 14.4297 14.8742 14.5784 14.3847 15.1099 15.1063 14.8519 14.2589 14.0398 13.813 13.6734 12.9146 10.7892 8.87303 9.89711 9.9196 9.20825 10.478 9.80358 8.04792 5.57036 6.912 6.55838 4.79076 4.35263 -9999 -9999 -9999 -9999 -9999 -9999 -9999 -9999 -9999 -9999 -9999 -9999 -9999 -9999 -9999 -9999 -9999 -9999 -9999 -9999 -9999 -9999 -9999 -9999 -9999 -9999 -9999 -9999 -9999 -9999 -9999 -9999 -9999 -9999 -9999 -9999 -9999 -9999 -9999 -9999 -9999 -9999 -9999 -9999 -9999
13.8411 13.7031 14.4231 14.4048 14.3446 14.5852 15.0316 15.1194 15.0183 14.7581 14.5327 14.2934 13.69 12.8223 11.003 8.82208 8.32608 9.39076 9.43995 9.60919 8.99439 8.22251 7.0162 7.99848 8.37778 7.21938 5.69624 4.7129 -9999 -9999 -9999 -9999 -9999 -9999 -9999 -9999 -9999 -9999 -9999 -9999 -9999 -9999 -9999 -9999 -9999 -9999 -9999 -9999 -9999 -9999 -9999 -9999 -9999 -9999 -9999 -9999 -9999 -9999 -9999 -9999 -9999 -9999 -9999 -9999 -9999 -9999 -9999 -9999 -9999 -9999 -9999 -9999
13.3372 12.6334 13.0662 13.3902 13.972 14.1113 14.1986 15.0576 15.0088 14.9661 14.5953 14.2986 13.8086 12.9734 11.7851 10.3548 7.86576 9.39769 10.5967 10.5639 10.4958 9.95431 8.79538 9.75954 9.80165 8.32077 6.623 5.63418 5.22392 -9999 -9999 -9999 -9999 -9999 -9999 -9999 -9999 -9999 -9999 -9999 -9999 -9999 -9999 -9999 -9999 -9999 -9999 -9999 -9999 -9999 -9999 -9999 -9999 -9999 -9999 -9999 -9999 -9999 -9999 -9999 -9999 -9999 -9999 -9999 -9999 -9999 -9999 -9999 -9999 -9999 -9999 -9999
12.7648 11.9057 12.3411 12.9229 13.7347 14.1417 14.4551 14.7096 14.9695 14.9356 14.5562 13.4409 13.2799 13.2299 12.4521 10.8218 9.19367 8.77058 10.6008 11.1231 11.014 11.4206 10.4384 10.8982 10.7052 10.1771 8.55098 7.06865 6.45811 5.254 -9999 -9999 -9999 -9999 -9999 -9999 -9999 -9999 -9999 -9999 -9999 -9999 -9999 -9999 -9999 -9999 -9999 -9999 -9999 -9999 -9999 -9999 -9999 -9999 -9999 -9999 -9999 -9999 -9999 -9999 -9999 -9999 -9999 -9999 -9999 -9999 -9999 -9999 -9999 -9999 -9999 -9999
-9999 -9999 11.3627 12.1457 12.7953 13.5888 14.2728 14.6185 14.9545 14.9243 14.1684 13.7977 13.7635 13.2532 12.3557 11.7918 10.7662 9.69761 10.1034 11.6637 10.9665 12.0709 11.9744 12.1747 11.4314 10.0134 8.13721 7.0324 6.48589 5.50971 -9999 -9999 -9999 -9999 -9999 -9999 -9999 -9999 -9999 -9999 -9999 -9999 -9999 -9999 -9999 -9999 -9999 -9999 -9999 -9999 -9999 -9999 -9999 -9999 -9999 -9999 -9999 -9999 -9999 -9999 -9999 -9999 -9999 -9999 -9999 -9999 -9999 -9999 -9999 -9999 -9999 -9999
-9999 -9999 -9999 11.9984 12.491 13.5661 14.1018 14.3248 14.8685 14.8668 14.5788 14.3611 14.0465 13.6364 12.9616 12.2173 11.2527 11.1621 12.1598 12.1703 11.9593 12.1208 12.6314 12.4928 11.3409 9.35261 8.30462 6.16872 5.25708 5.34806 4.70178 -9999 -9999 -9999 -9999 -9999 -9999 -9999 -9999 -9999 -9999 -9999 -9999 7.17807 -9999 -9999 -9999 -9999 -9999 -9999 -9999 -9999 -9999 -9999 -9999 -9999 -9999 -9999 -9999 -9999 -9999 -9999 -9999 -9999 3.34559 -9999 -9999 -9999 -9999 -9999 -9999 -9999
-9999 -9999 11.9137 12.5671 13.0875 13.7596 13.8122 14.2028 14.8283 14.8344 14.6294 14.3984 13.8823 13.7533 13.3687 12.5609 12.3947 12.7203 12.8694 13.0383 13.1413 13.0535 12.8426 12.5705 11.8166 10.8962 10.2772 8.33387 7.34164 6.40096 4.97879 3.86622 -9999 -9999 -9999 -9999 -9999 -9999 -9999 6.42757 6.3767 6.40398 6.71767 7.57988 7.07684 -9999 -9999 -9999 -9999 -9999 -9999 -9999 -9999 -9999 -9999 -9999 -9999 -9999 -9999 -9999 -9999 -9999 -9999 -9999 4.12062 3.00488 -9999 -9999 -9999 -9999 -9999 -9999
-9999 -9999 12.0796 12.7841 13.1335 13.7858 14.1571 14.3833 14.5977 14.8028 14.7651 14.5098 14.1229 14.124 13.5922 13.3051 13.0999 13.541 13.6271 13.4481 13.2236 13.0244 12.465 12.3972 12.2009 11.6151 10.6559 9.66766 8.23417 6.30359 4.41066 2.88388 -9999 -9999 -9999 -9999 -9999 -9999 6.58439 7.30063 7.73069 6.82301 7.60271 8.31563 8.20453 7.51398 -9999 -9999 -9999 -9999 -9999 -9999 -9999 -9999 -9999 -9999 -9999 -9999 -9999 -9999 9.41108 8.26694 5.95331 4.76874 4.05919 3.045 -9999 -9999 -9999 -9999 -9999 -9999
-9999 -9999 11.9382 12.7707 13.3329 13.8313 13.9069 14.4116 14.6249 14.7335 14.7175 14.6651 14.5925 14.1281 13.928 13.2274 13.8964 13.8703 13.6998 13.0274 12.7346 11.5802 11.0702 10.9429 11.9077 11.1874 9.68806 7.81484 5.55696 5.40782 4.66243 3.29742 -9999 -9999 -9999 -9999 -9999 -9999 6.80344 7.56959 8.20966 8.30499 7.40309 8.66821 8.61851 7.91469 7.75689 8.33844 8.63435 8.41444 9.1113 9.31613 9.00632 9.35066 -9999 -9999 -9999 -9999 9.56398 9.61247 9.64972 9.17439 6.64661 4.92111 3.37197 3.23358 -9999 -9999 -9999 -9999 -9999 -9999
-9999 -9999 12.5173 13.0275 13.2828 13.3196 13.766 14.2054 14.472 14.6691 14.6258 14.6073 14.5884 14.4292 14.0606 14.1265 14.0964 13.8812 12.6032 11.1111 11.7592 10.8725 8.96797 10.5013 11.3427 10.5266 8.71019 6.60473 5.90476 5.93017 4.8941 3.56284 -9999 -9999 -9999 4.70834 5.80348 5.90037 6.22501 7.24645 8.02428 8.61063 9.01128 8.99729 8.58158 7.89325 7.14476 7.41488 8.76824 9.09988 9.37904 9.59115 9.30359 9.45687 9.81996 10.0085 10.0481 9.96496 9.94744 9.97897 9.93802 9.49456 7.23415 5.94148 5.11786 3.463 -9999 -9999 -9999 -9999 -9999 -9999
-9999 -9999 12.1899 12.6326 12.9899 13.5846 13.6428 14.0189 14.2347 14.5623 14.5977 14.202 14.5263 14.4836 14.4226 14.2935 14.1043 13.0259 11.5392 10.0484 9.35886 9.64414 8.50097 9.08012 9.9325 9.61467 8.49728 6.62079 6.35228 5.90613 4.16557 2.49026 -9999 -9999 2.58272 4.68236 6.16161 6.92583 7.1643 7.18963 8.16923 8.24891 9.30347 9.05664 7.67004 7.82919 7.29008 7.64312 8.14116 8.2793 8.99108 9.68104 9.81258 9.81751 10.0493 10.0983 10.1122 10.1079 9.95382 10.0271 10.0402 9.76461 8.12721 7.33022 6.45392 3.48366 -9999 -9999 -9999 -9999 -9999 -9999
-9999 -9999 12.4145 12.9094 13.452 13.5348 13.9355 13.8896 13.7635 14.3264 14.5268 14.247 14.0458 14.4142 14.3887 14.34 14.2597 13.2466 12.0737 10.2976 9.193 8.51122 8.02847 7.38082 7.81604 7.67629 7.49059 7.69286 7.17246 6.13463 5.11376 3.2074 2.17555 -9999 2.69282 3.64062 5.39978 6.89564 7.84646 7.50835 8.62215 8.83144 9.47223 9.09915 8.25893 7.89908 7.86955 7.7613 8.51183 9.01689 9.37131 9.61095 9.9103 9.98727 10.0644 10.0976 10.1163 10.1353 10.1332 10.1292 10.0981 9.99595 9.24446 8.45063 6.72885 3.58118 -9999 -9999 -9999 -9999 -9999 -9999
-9999 10.9667 12.357 13.1907 13.5093 13.7374 13.9381 14.082 14.2292 14.3728 14.471 14.4228 13.6858 13.7457 13.8784 14.2968 14.2676 14.1764 13.5352 11.3744 10.6226 9.5269 8.11023 7.51324 7.80314 8.95564 8.89832 8.12586 7.2658 6.07321 5.31633 4.14566 1.90233 2.10253 3.11169 3.8634 5.05946 6.88767 8.17047 8.74479 8.96391 9.41472 9.65193 9.13971 8.65313 8.44986 8.07052 8.0194 8.02491 8.47926 8.83137 9.61814 9.8842 10.0078 10.071 10.1057 10.1313 10.1566 10.1665 10.1533 10.1561 10.1523 10.1006 9.04104 6.38507 4.38713 -9999 -9999 -9999 -9999 -9999 -9999
-9999 -9999 12.0976 12.4599 12.5494 12.7115 13.0513 13.4446 14.0006 14.0697 14.3787 14.3753 13.7383 13.0058 13.6446 13.899 14.1627 14.1712 14.0888 12.2688 11.3168 10.5658 9.20702 9.68878 10.1474 10.1769 9.8908 8.24059 6.5972 4.6978 2.92975 2.8419 1.88905 2.39019 3.05659 4.76931 5.97567 6.46646 6.82022 8.67995 9.16446 9.3338 9.81243 9.16771 9.00807 8.52436 8.67232 8.6327 8.63828 7.29165 8.64509 8.72763 9.6117 10.0102 10.1025 10.1285 10.1561 10.1618 10.1686 10.1664 10.1774 10.1672 10.1551 9.46744 6.09919 4.41106 -9999 -9999 -9999 -9999 -9999 -9999
-9999 -9999 -9999 -9999 12.1994 12.474 12.6477 12.9541 13.9024 14.1567 14.3254 14.3383 14.0547 13.3288 13.1388 13.2729 12.5665 13.1589 13.9672 13.9454 13.8446 12.2455 11.4232 12.2083 11.9623 10.7566 9.80629 8.86821 6.94485 5.53007 3.50414 1.98245 1.9224 3.59576 4.98621 6.71933 7.48526 7.05233 7.52667 8.45113 9.50194 10.012 9.89617 9.21651 9.1254 8.37783 9.11932 9.18564 8.84523 8.55115 8.66945 9.10817 9.27684 9.9687 10.1375 10.169 10.1758 10.1801 10.1788 10.1767 10.1706 10.1658 10.1589 10.1309 6.66858 3.97704 -9999 -9999 -9999 -9999 -9999 -9999
-9999 -9999 -9999 -9999 11.5329 11.6971 12.1415 13.2943 13.8906 14.1319 14.1209 14.2326 14.0325 13.3946 12.7403 12.1239 11.3282 11.7843 12.9894 13.6986 13.7768 12.3745 13.0964 12.8185 12.2754 10.7003 9.53767 8.91818 7.07122 5.48407 4.13459 2.27384 3.06513 3.93793 5.06067 6.95141 8.22835 8.75474 8.31745 8.91022 10.119 10.1295 9.47415 9.5208 9.12389 8.10107 9.17315 9.47706 9.2376 9.30312 9.21293 9.37782 9.67587 9.96084 10.1508 10.1778 10.1822 10.1774 10.1787 10.1812 10.17 10.1735 10.1667 10.1522 7.91859 3.92542 -9999 -9999 -9999 -9999 -9999 -9999
-9999 -9999 -9999 -9999 -9999 10.9188 11.9419 13.4744 13.8456 13.807 14.1221 14.1479 13.8412 13.5757 12.7815 11.6964 9.61043 10.1427 11.2519 12.8505 13.6889 13.5719 13.098 12.2799 10.3076 8.58039 8.36487 8.07656 6.72689 5.50205 4.00222 4.86463 5.81063 6.84692 7.3916 7.25027 8.34463 9.23792 8.86242 9.58888 10.4361 10.0574 9.83508 9.64908 9.18967 9.16542 9.21746 9.8276 9.41076 9.67153 9.67828 9.66634 9.81249 9.98012 10.1559 10.1859 10.1877 10.1919 10.1732 10.1822 10.1743 10.167 10.1609 10.1489 9.94996 7.80117 6.51817 -9999 -9999 -9999 -9999 -9999
-9999 -9999 -9999 -9999 -9999 9.96768 10.4745 12.2908 12.843 13.6446 14.0696 14.0878 13.5704 13.2825 12.0984 11.7155 9.78618 8.91235 9.65381 9.3685 11.5693 13.5155 13.0851 9.14447 7.71331 6.69048 6.94528 6.94136 6.56119 4.48389 3.90978 5.75631 6.91849 7.81933 8.50332 8.64611 8.62396 10.02 10.208 10.6641 10.5692 10.615 9.91519 9.4836 9.86853 9.43358 9.36223 9.99244 9.37812 9.93931 9.87367 9.70869 9.70229 10.0722 10.1485 10.1892 10.193 10.1799 10.1628 10.1542 10.1683 10.1653 10.1479 10.1522 10.1358 9.88418 8.77381 8.38851 8.82442 -9999 -9999 -9999
-9999 -9999 -9999 -9999 -9999 -9999 8.7743 11.3014 12.448 13.0526 13.9063 14.0081 13.7307 13.2333 12.0275 10.9673 9.24264 7.27232 6.22723 9.35074 12.0682 13.4845 13.2921 10.0113 8.71295 8.64722 9.4027 8.75415 8.26091 6.67983 6.20633 5.55056 5.94987 7.20524 8.23272 9.22453 9.94659 10.0075 10.4778 10.7495 10.775 10.8629 10.7839 10.7202 10.0456 10.5185 10.1241 10.3387 10.2058 10.0859 9.98049 9.59463 9.8715 10.1167 10.1811 10.2018 10.1883 10.1862 10.1773 10.1561 10.1484 10.1493 10.15 10.1408 10.1441 10.1366 10.0158 9.34939 8.45582 7.32576 -9999 -9999
-9999 -9999 -9999 -9999 -9999 -9999 7.5085 10.0236 11.2276 12.788 13.5874 13.9118 13.869 13.4659 12.5498 11.1704 10.0213 7.82152 5.53674 8.81562 11.7335 13.3072 13.3871 10.6277 11.386 10.7638 11.0072 9.87237 9.39781 9.01635 8.20168 7.31181 6.3375 5.8235 8.13038 9.31555 10.2701 10.7216 10.9781 11.1079 11.0422 10.8731 9.85199 10.6368 10.5993 10.5251 10.4393 10.3993 10.3214 10.2288 10.1727 10.1552 9.89956 10.1944 10.1888 10.1939 10.1964 10.19 10.1768 10.1657 10.1518 10.154 10.1479 10.141 10.1375 10.1385 10.1341 10.1012 9.92703 8.40796 7.50083 7.2502
-9999 -9999 -9999 -9999 -9999 -9999 3.96595 7.62805 10.561 12.0976 13.3467 13.6903 13.8188 13.2776 12.8732 11.8845 10.9481 9.50274 7.33712 6.003 8.45688 12.024 13.3337 13.2249 13.1381 12.42 11.7723 11.6862 11.7296 10.9711 9.87488 8.44796 8.00196 7.50151 9.21962 9.45298 9.32836 11.2196 11.226 11.1211 10.401 9.59388 9.75063 9.25427 9.64202 9.04798 9.60029 10.078 10.258 10.2459 10.1827 10.1783 10.1517 10.2036 10.204 10.197 10.1919 10.1898 10.1841 10.1636 10.1529 10.1629 10.1502 10.1417 10.1356 10.1387 10.1383 10.1148 10.0937 9.86323 9.51476 8.84825
-9999 -9999 -9999 -9999 -9999 -9999 4.11873 7.19147 9.80453 11.3686 12.8759 13.2252 13.7342 13.6245 13.2006 12.341 11.2667 10.077 8.21888 6.83721 8.47798 10.8455 12.5396 13.142 13.1286 13.0833 12.9175 12.8437 12.6514 12.507 11.7223 10.3747 9.61272 8.499 10.4138 10.6288 10.3299 11.2871 11.2409 9.79755 8.68858 8.55279 9.23271 8.59066 8.48094 8.08372 8.54037 9.75919 9.40828 9.48063 10.0314 10.1242 10.1836 10.2007 10.1982 10.1968 10.1887 10.1914 10.1943 10.1743 10.1661 10.1632 10.1445 10.1429 10.1313 10.1251 10.1205 10.1094 10.0904 10.0272 9.95742 10.0387
-9999 -9999 -9999 -9999 -9999 -9999 4.18152 6.24328 8.59478 10.9 12.5098 13.159 13.6318 13.6267 13.1337 12.7063 12.0327 10.9858 10.2672 9.01974 7.30753 10.1734 11.0499 11.8292 12.1536 12.9675 12.9431 12.5636 12.113 12.5138 12.3922 11.3253 10.9735 10.3812 11.4459 11.4484 11.4194 11.3633 10.1436 8.44793 7.0933 8.07213 7.87066 8.32042 6.93531 8.08272 9.00494 9.30574 8.68472 8.22312 9.65608 9.89505 10.038 10.13 10.1909 10.178 10.194 10.1871 10.1844 10.1815 10.1711 10.1658 10.1556 10.1453 10.1354 10.1308 10.1178 10.1004 10.1026 10.0722 10.0616 10.0537
-9999 -9999 -9999 -9999 -9999 -9999 -9999 5.0178 7.9952 10.658 12.1402 13.0723 13.5263 13.5178 13.2654 12.9749 12.5569 11.8011 10.8517 9.35137 8.23687 8.94111 9.79954 9.89092 10.4605 12.119 12.6829 11.8741 9.87144 11.0427 12.3501 12.3266 12.2131 12.0869 11.9243 11.78 11.4649 10.6207 8.0327 7.52679 6.51318 6.63093 6.11229 7.2516 6.82947 8.00117 8.51028 8.70383 7.6249 7.85234 9.1244 9.62916 9.54752 9.85783 10.1548 10.1661 10.1761 10.1702 10.1783 10.1826 10.1797 10.1679 10.1605 10.1559 10.1343 10.1412 10.0482 9.98896 9.8656 10.0261 10.0445 10.0579
-9999 -9999 -9999 -9999 -9999 -9999 -9999 4.41638 7.39279 10.5293 11.5356 12.5405 13.408 13.4245 13.0387 12.6718 12.2938 11.8632 10.7117 9.59468 8.52783 8.1683 8.3806 8.35741 9.28163 11.444 11.8599 11.6775 9.58646 8.88044 10.6282 12.0972 12.2115 12.0772 10.3458 10.7145 9.78129 8.5159 8.16875 7.61619 6.44687 7.0128 6.15709 6.52717 6.43066 7.09674 7.42262 8.21421 7.27407 7.27701 8.52599 9.15712 9.17485 9.83698 10.0743 10.1378 10.1553 10.1684 10.1733 10.1858 10.1821 10.1749 10.1647 10.136 10.0639 9.8353 8.58792 8.59286 8.94004 9.26882 9.86612 10.0362
-9999 -9999 -9999 -9999 -9999 -9999 -9999 4.75691 6.82187 9.60493 11.6664 11.795 12.7972 13.3144 12.8948 12.4224 11.939 11.7273 10.4741 9.09734 7.98448 6.66716 6.88183 7.82409 9.36229 10.7583 11.0055 10.7134 9.58704 10.1112 11.3029 11.9351 12.1208 11.9729 11.5956 11.3779 10.6908 10.3936 9.43992 7.94829 7.36191 7.73628 6.1531 6.26591 6.8541 6.23313 7.26183 7.75517 6.54041 7.50565 8.61062 9.17653 9.67151 9.90685 10.0018 10.1465 10.1523 10.1663 10.175 10.1752 10.1775 10.1568 10.1402 10.0099 9.81647 8.65173 8.16996 8.2686 8.8116 9.28751 9.78826 9.99368
-9999 -9999 -9999 -9999 -9999 -9999 -9999 5.10484 6.96406 9.3771 10.8466 11.1087 12.2202 13.2085 13.0975 12.606 12.4559 11.9463 10.8834 9.70918 8.42564 7.80075 6.36584 7.77481 8.88449 10.0667 10.6184 9.69026 9.22879 10.0411 10.8488 11.1708 11.9872 11.9789 11.7124 10.5643 10.0049 10.2425 10.003 9.58315 8.55692 8.51284 7.8544 7.58277 7.32632 6.48843 7.02566 7.08117 7.22844 8.38679 8.96289 9.34555 9.69374 9.78666 9.9392 10.1365 10.1558 10.1649 10.1662 10.172 10.1599 10.1067 10.0623 9.79727 9.32629 8.4453 7.0179 8.03043 9.08912 9.40817 9.72023 9.88238
-9999 -9999 -9999 -9999 -9999 -9999 -9999 4.78307 6.75847 8.82071 9.68236 9.82792 11.84 13.0719 13.0734 12.8401 12.5677 11.3099 11.3829 11.1306 9.97274 8.28654 6.43456 6.6064 7.70439 9.26474 9.7803 8.25433 7.71815 8.11028 9.33268 10.427 11.57 11.8601 11.5246 9.73742 7.83847 8.72031 9.66274 9.65881 9.38406 8.43242 8.13138 7.85906 7.1653 5.99061 6.16318 6.49252 7.80786 8.22652 8.87208 9.40855 9.20918 9.3291 9.84233 10.1377 10.1508 10.1581 10.1699 10.1653 10.15 10.0416 9.92676 9.73251 8.50033 7.73509 6.62249 7.92469 8.64714 9.03667 9.72454 9.89052
-9999 -9999 -9999 -9999 -9999 -9999 -9999 4.16617 5.59943 7.57061 8.36449 9.63163 11.533 12.468 12.9159 12.9055 12.7238 12.1603 11.8212 11.1534 9.94914 8.30265 6.47238 5.28025 5.88389 7.9825 8.47813 7.07061 6.35972 7.24273 8.54577 10.4758 11.5784 11.7272 11.6276 11.2593 9.8731 8.19835 8.20508 9.04667 8.34486 7.52905 7.98007 7.89845 7.21333 6.71543 6.41149 6.60387 7.35277 7.66521 8.41059 9.50966 9.66889 9.63984 10.1037 10.1289 10.1418 10.1612 10.1628 10.1606 10.1488 10.0608 9.86097 9.04146 8.32713 7.33251 7.21157 8.37279 8.88279 9.35834 9.69696 9.80894
-9999 -9999 -9999 -9999 -9999 -9999 -9999 3.10741 4.7941 6.64069 8.36982 10.0058 11.4139 11.5223 12.2648 12.2634 12.6522 12.5402 12.0178 11.4554 10.4178 8.30323 6.52483 4.58528 5.09483 7.2376 7.50311 6.56695 4.83832 6.62156 8.58835 10.371 11.336 10.5793 11.355 11.2917 10.7727 9.77608 8.22615 8.25662 7.09562 7.04641 7.64475 7.83999 7.74209 7.36867 6.77259 6.87556 7.32952 7.44762 8.13275 8.98581 9.81984 9.9617 10.1224 10.1313 10.136 10.151 10.1547 10.1394 10.0989 10.0066 9.31986 8.50272 8.00019 7.30778 7.22571 8.56442 9.10025 9.40063 9.69338 9.81031
-9999 -9999 -9999 -9999 -9999 -9999 -9999 -9999 4.61617 6.524 7.93561 8.31524 9.56682 10.2425 10.7653 10.8808 12.3735 12.4553 12.124 11.6075 10.7226 9.11792 7.99948 6.1392 4.80163 5.34523 5.58784 6.07808 5.93253 6.72754 8.61766 10.587 10.8018 9.55059 9.73615 9.9984 10.5858 10.2889 8.17662 7.10403 6.21399 6.8483 7.51558 7.67811 7.71179 7.58475 7.43891 7.18016 8.07297 8.73411 8.88895 9.46566 9.89197 10.0112 10.1015 10.1144 10.1275 10.1298 10.1071 10.0912 9.98677 9.75021 8.98165 7.13047 7.21905 7.02065 6.44622 7.75288 8.58157 9.31968 9.71288 9.81595
-9999 -9999 -9999 -9999 -9999 -9999 -9999 -9999 3.97571 6.18335 6.64908 6.61377 5.88202 6.21821 8.92865 9.4742 10.9058 12.2612 12.1613 11.6547 10.8268 9.87095 8.39125 6.29937 4.63686 3.92467 5.70924 7.46051 7.82241 8.38247 9.54059 9.76054 8.48172 7.28266 7.95627 8.36229 9.90815 10.1909 9.89141 8.61913 7.1644 6.40558 7.30378 7.42488 7.47995 7.49187 7.46509 7.42769 8.43272 8.9904 9.37785 9.58969 9.95599 10.0512 10.0831 10.1132 10.1086 10.0919 10.0363 9.97289 9.68676 9.33995 8.07966 7.02925 6.37496 5.54391 7.42312 7.98313 8.7613 9.26194 9.65292 9.74013
