Test_Spring_2018/11_17/Temp/20171112_011.txt
ncols	170
nrows	115
xllcorner	350000.000000
yllcorner	4445000.000000
cellsize	1000.000000
nodata_value	-9999.000000
[rows 32 to 63 of 115, columns 72 to 143 of 170]
16.1353 15.9721 16.2419 16.4907 16.3419 16.2453 16.6457 16.6525 16.5238 16.2121 16.1026 15.9889 15.9224 15.5213 14.3815 13.3549 13.9175 13.9389 13.5636 14.2592 13.904 12.9645 11.6349 12.3697 12.1883 11.2439 11.0185 -9999 -9999 -9999 -9999 -9999 -9999 -9999 -9999 -9999 -9999 -9999 -9999 -9999 -9999 -9999 -9999 -9999 -9999 -9999 -9999 -9999 -9999 -9999 -9999 -9999 -9999 -9999 -9999 -9999 -9999 -9999 -9999 -9999 -9999 -9999 -9999 -9999 -9999 -9999 -9999 -9999 -9999 -9999 -9999 -9999
15.9066 15.8407 16.2384 16.237 16.2153 16.3538 16.6035 16.6596 16.6137 16.4819 16.3689 16.2484 15.9312 15.4711 14.4968 13.3271 13.0681 13.6528 13.6886 13.7894 13.4665 13.0588 12.4163 12.9568 13.1715 12.5553 11.7446 11.2223 -9999 -9999 -9999 -9999 -9999 -9999 -9999 -9999 -9999 -9999 -9999 -9999 -9999 -9999 -9999 -9999 -9999 -9999 -9999 -9999 -9999 -9999 -9999 -9999 -9999 -9999 -9999 -9999 -9999 -9999 -9999 -9999 -9999 -9999 -9999 -9999 -9999 -9999 -9999 -9999 -9999 -9999 -9999 -9999
15.6342 15.2624 15.505 15.6887 16.0136 16.0974 16.1532 16.6262 16.6085 16.5942 16.4025 16.251 15.995 15.5525 14.9192 14.1552 12.819 13.6562 14.3136 14.3052 14.2778 13.9946 13.3778 13.9085 13.9409 13.1523 12.2447 11.72 11.508 -9999 -9999 -9999 -9999 -9999 -9999 -9999 -9999 -9999 -9999 -9999 -9999 -9999 -9999 -9999 -9999 -9999 -9999 -9999 -9999 -9999 -9999 -9999 -9999 -9999 -9999 -9999 -9999 -9999 -9999 -9999 -9999 -9999 -9999 -9999 -9999 -9999 -9999 -9999 -9999 -9999 -9999 -9999
15.3248 14.8691 15.1131 15.4361 15.8833 16.1137 16.2918 16.438 16.5872 16.5775 16.3811 15.787 15.7088 15.6907 15.2793 14.4071 13.5362 13.3168 14.3153 14.6071 14.5576 14.7868 14.2656 14.5237 14.429 14.1553 13.2856 12.4951 12.1747 11.5335 -9999 -9999 -9999 -9999 -9999 -9999 -9999 -9999 -9999 -9999 -9999 -9999 -9999 -9999 -9999 -9999 -9999 -9999 -9999 -9999 -9999 -9999 -9999 -9999 -9999 -9999 -9999 -9999 -9999 -9999 -9999 -9999 -9999 -9999 -9999 -9999 -9999 -9999 -9999 -9999 -9999 -9999
-9999 -9999 14.5844 15.016 15.3751 15.8149 16.1932 16.3887 16.5788 16.5711 16.1712 15.9795 15.9697 15.7027 15.2265 14.9308 14.3856 13.8173 14.0459 14.8988 14.5315 15.138 15.0955 15.2134 14.8213 14.0657 13.0618 12.4752 12.1895 11.6714 -9999 -9999 -9999 -9999 -9999 -9999 -9999 -9999 -9999 -9999 -9999 -9999 -9999 -9999 -9999 -9999 -9999 -9999 -9999 -9999 -9999 -9999 -9999 -9999 -9999 -9999 -9999 -9999 -9999 -9999 -9999 -9999 -9999 -9999 -9999 -9999 -9999 -9999 -9999 -9999 -9999 -9999
-9999 -9999 -9999 14.9366 15.2108 15.8003 16.1008 16.2298 16.5322 16.5397 16.3926 16.2835 16.1221 15.9092 15.5534 15.1601 14.6479 14.6082 15.1569 15.172 15.0676 15.1646 15.4503 15.3851 14.7743 13.7084 13.1518 12.0082 11.5251 11.5837 11.2438 -9999 -9999 -9999 -9999 -9999 -9999 -9999 -9999 -9999 -9999 -9999 -9999 12.7061 -9999 -9999 -9999 -9999 -9999 -9999 -9999 -9999 -9999 -9999 -9999 -9999 -9999 -9999 -9999 -9999 -9999 -9999 -9999 -9999 10.8344 -9999 -9999 -9999 -9999 -9999 -9999 -9999
-9999 -9999 14.8826 15.2436 15.5334 15.9051 15.9444 16.1638 16.5103 16.5219 16.4195 16.3032 16.0328 15.9717 15.7727 15.345 15.2644 15.4497 15.5397 15.6406 15.706 15.6683 15.5641 15.4268 15.0303 14.5427 14.2179 13.1777 12.6516 12.1526 11.3933 10.8012 -9999 -9999 -9999 -9999 -9999 -9999 -9999 12.2607 12.243 12.2678 12.4474 12.9236 12.6619 -9999 -9999 -9999 -9999 -9999 -9999 -9999 -9999 -9999 -9999 -9999 -9999 -9999 -9999 -9999 -9999 -9999 -9999 -9999 11.256 10.6616 -9999 -9999 -9999 -9999 -9999 -9999
-9999 -9999 14.9719 15.3613 15.5586 15.9196 16.1286 16.2613 16.3854 16.5046 16.4925 16.3628 16.1622 16.1714 15.8927 15.7465 15.6447 15.8925 15.9486 15.8616 15.75 15.6522 15.3598 15.333 15.2379 14.9313 14.4227 13.8982 13.134 12.0999 11.0861 10.27 -9999 -9999 -9999 -9999 -9999 -9999 12.3352 12.7321 12.9746 12.4941 12.9258 13.3216 13.272 12.9106 -9999 -9999 -9999 -9999 -9999 -9999 -9999 -9999 -9999 -9999 -9999 -9999 -9999 -9999 14.0841 13.4743 12.2323 11.6005 11.2255 10.6859 -9999 -9999 -9999 -9999 -9999 -9999
-9999 -9999 14.896 15.3545 15.6668 15.9446 15.9937 16.2742 16.4001 16.4669 16.4664 16.4463 16.4154 16.1729 16.0735 15.7037 16.0745 16.0698 15.9873 15.6336 15.4853 14.8713 14.6057 14.5479 15.0795 14.7002 13.8997 12.8969 11.6866 11.6158 11.2221 10.4934 -9999 -9999 -9999 -9999 -9999 -9999 12.4531 12.8771 13.2332 13.295 12.818 13.5125 13.4975 13.128 13.0536 13.3789 13.5497 13.4439 13.83 13.9511 13.7939 13.99 -9999 -9999 -9999 -9999 14.1523 14.1873 14.2161 13.9677 12.6098 11.6856 10.8567 10.7897 -9999 -9999 -9999 -9999 -9999 -9999
-9999 -9999 15.2096 15.4939 15.6403 15.6685 15.9179 16.163 16.3174 16.4296 16.4144 16.4126 16.4108 16.3332 16.1428 16.1873 16.1802 16.0732 15.392 14.5953 14.9554 14.4886 13.468 14.3092 14.7742 14.3433 13.3714 12.2432 11.8748 11.8984 11.3475 10.6346 -9999 -9999 -9999 11.2899 11.8911 11.9528 12.1379 12.6999 13.1303 13.4601 13.6874 13.6906 13.4781 13.1172 12.7239 12.8811 13.6238 13.8142 13.977 14.1023 13.9573 14.0493 14.2556 14.3672 14.3981 14.3623 14.3618 14.3875 14.3739 14.1426 12.9302 12.2398 11.8029 10.918 -9999 -9999 -9999 -9999 -9999 -9999
-9999 -9999 15.0301 15.2778 15.4793 15.8096 15.8492 16.0606 16.1848 16.372 16.3991 16.1935 16.377 16.3624 16.3381 16.2772 16.1841 15.6107 14.8167 14.0207 13.658 13.8209 13.2131 13.5385 14.0095 13.8507 13.2542 12.2497 12.1141 11.8827 10.9516 10.0552 -9999 -9999 10.132 11.2759 12.0846 12.5071 12.6456 12.6691 13.2087 13.2621 13.8427 13.72 12.9828 13.0801 12.8036 13.006 13.2858 13.3718 13.7695 14.1524 14.2341 14.2472 14.3826 14.4189 14.4359 14.4428 14.3684 14.4167 14.4321 14.2914 13.4145 12.9919 12.5259 10.9302 -9999 -9999 -9999 -9999 -9999 -9999
-9999 -9999 15.1501 15.4259 15.7274 15.7804 16.0052 15.9912 15.9306 16.2429 16.361 16.2178 16.1173 16.3248 16.3196 16.3022 16.268 15.7298 15.1055 14.1554 13.5684 13.2089 12.9581 12.6183 12.8637 12.7983 12.708 12.8272 12.5581 12.0068 11.4643 10.4433 9.89452 -9999 10.1918 10.7131 11.673 12.4909 13.0144 12.8414 13.4536 13.5772 13.934 13.7434 13.3017 13.1184 13.1141 13.0672 13.4846 13.7725 13.9773 14.1179 14.2897 14.3419 14.3939 14.4217 14.4414 14.4609 14.4686 14.4749 14.4664 14.4192 14.021 13.5997 12.677 10.9852 -9999 -9999 -9999 -9999 -9999 -9999
-9999 14.36 15.12 15.5788 15.7592 15.8907 16.0074 16.0934 16.1807 16.2686 16.3298 16.3131 15.9229 15.9637 16.0439 16.279 16.2724 16.2325 15.8956 14.7376 14.3404 13.7568 13.001 12.6904 12.8573 13.4904 13.4696 13.062 12.607 11.9722 11.5745 10.9508 9.74751 9.86451 10.4188 10.8339 11.4894 12.4869 13.1897 13.51 13.6386 13.8925 14.0316 13.7659 13.5153 13.4171 13.2239 13.2082 13.2232 13.4808 13.6845 14.1242 14.279 14.3559 14.4004 14.4292 14.4526 14.4754 14.4896 14.4908 14.5005 14.5064 14.4862 13.9212 12.4959 11.4255 -9999 -9999 -9999 -9999 -9999 -9999
-9999 -9999 14.9807 15.1847 15.2412 15.337 15.5289 15.7497 16.058 16.1037 16.2793 16.287 15.9518 15.5642 15.918 16.0644 16.2161 16.2301 16.1953 15.22 14.7151 14.319 13.5945 13.8669 14.1251 14.1512 14.0068 13.1249 12.2465 11.2298 10.2837 10.2456 9.74093 10.0208 10.3897 11.3243 11.9853 12.2597 12.4604 13.4754 13.7473 13.8494 14.1189 13.7817 13.7079 13.4583 13.5503 13.5411 13.5564 12.8408 13.586 13.6426 14.1321 14.3604 14.4202 14.4444 14.4689 14.4812 14.4935 14.5007 14.5147 14.5169 14.5195 14.1559 12.3435 11.4404 -9999 -9999 -9999 -9999 -9999 -9999
-9999 -9999 -9999 -9999 15.0529 15.2095 15.3116 15.4854 16.0058 16.1518 16.2515 16.2671 16.1225 15.7395 15.6454 15.7267 15.354 15.6834 16.1293 16.1271 16.0823 15.2277 14.7949 15.2295 15.1068 14.4654 13.9619 13.465 12.4354 11.6807 10.5953 9.78229 9.75912 10.6727 11.4337 12.3792 12.8021 12.5772 12.843 13.3524 13.9305 14.2166 14.1649 13.8088 13.7722 13.3802 13.7931 13.8414 13.6698 13.5234 13.6012 13.8504 13.9534 14.3388 14.4411 14.4688 14.4821 14.4936 14.5016 14.5087 14.5139 14.5194 14.5237 14.5165 12.6532 11.2077 -9999 -9999 -9999 -9999 -9999 -9999
-9999 -9999 -9999 -9999 14.6936 14.7905 15.0388 15.6702 16.0005 16.1394 16.1421 16.2112 16.1118 15.7758 15.4311 15.1068 14.6856 14.9413 15.602 15.9948 16.0467 15.2984 15.7001 15.5601 15.2769 14.4358 13.8176 13.493 12.5047 11.6569 10.9372 9.94101 10.3781 10.859 11.4749 12.5058 13.2049 13.4985 13.2715 13.6015 14.265 14.2811 13.9378 13.9743 13.7724 13.2316 13.8234 14.0002 13.8834 13.9315 13.8966 13.9981 14.1711 14.3367 14.4504 14.4755 14.4877 14.4943 14.5036 14.5134 14.5155 14.5254 14.5297 14.5298 13.3307 11.1815 -9999 -9999 -9999 -9999 -9999 -9999
-9999 -9999 -9999 -9999 -9999 14.3707 14.9319 15.7685 15.9772 15.9649 16.1439 16.1667 16.0097 15.875 15.4546 14.877 13.7586 14.0553 14.6641 15.5376 16.0003 15.9467 15.702 15.27 14.2142 13.2908 13.1846 13.039 12.3196 11.6676 10.8668 11.3426 11.8633 12.4327 12.7362 12.6687 13.2691 13.761 13.5673 13.9696 14.4376 14.2433 14.134 14.0447 13.809 13.808 13.8485 14.1908 13.9782 14.1319 14.1496 14.1555 14.2465 14.3488 14.4549 14.4816 14.4924 14.5038 14.5024 14.5156 14.5195 14.5235 14.5282 14.5297 14.4303 13.2781 12.5932 -9999 -9999 -9999 -9999 -9999
-9999 -9999 -9999 -9999 -9999 13.8574 14.1396 15.1298 15.4362 15.8783 16.1168 16.1355 15.8647 15.7178 15.0867 14.8887 13.8547 13.3918 13.8017 13.6568 14.8558 15.9173 15.6961 13.5762 12.8128 12.2702 12.4182 12.4263 12.2309 11.1182 10.8178 11.8256 12.4633 12.9596 13.3384 13.4246 13.4216 14.1851 14.2961 14.5522 14.5109 14.546 14.1785 13.9564 14.1771 13.9541 13.9278 14.2809 13.9616 14.2777 14.2562 14.1794 14.188 14.3996 14.4519 14.4845 14.4964 14.4985 14.4979 14.5017 14.5175 14.524 14.5226 14.533 14.5323 14.4056 13.8141 13.6145 13.8589 -9999 -9999 -9999
-9999 -9999 -9999 -9999 -9999 -9999 13.2215 14.5958 15.2237 15.5593 16.0296 16.0936 15.9518 15.6922 15.0495 14.4854 13.562 12.5057 11.951 13.6485 15.1266 15.9016 15.809 14.0457 13.3541 13.3287 13.7472 13.4069 13.1504 12.306 12.06 11.7154 11.9409 12.6287 13.1934 13.7385 14.1378 14.1797 14.443 14.6 14.6237 14.6814 14.6495 14.6261 14.2741 14.5416 14.3406 14.469 14.4098 14.3576 14.3146 14.1183 14.28 14.4241 14.4701 14.4921 14.4945 14.5026 14.5064 14.5033 14.5078 14.5165 14.525 14.5282 14.5383 14.5436 14.487 14.1355 13.6614 13.0595 -9999 -9999
-9999 -9999 -9999 -9999 -9999 -9999 12.538 13.906 14.5649 15.4172 15.8573 16.0412 16.0274 15.8188 15.3327 14.5961 13.9838 12.8035 11.5771 13.3593 14.9469 15.8068 15.8595 14.3799 14.7997 14.4735 14.6152 14.012 13.7656 13.5696 13.1393 12.6682 12.151 11.8829 13.1391 13.7889 14.3139 14.567 14.7148 14.7941 14.7695 14.6885 14.1472 14.5823 14.5746 14.5462 14.5119 14.5025 14.4728 14.4353 14.4188 14.4215 14.2952 14.466 14.4749 14.488 14.4991 14.5049 14.5065 14.5089 14.5096 14.5206 14.525 14.5296 14.536 14.5461 14.5525 14.5435 14.4583 13.6461 13.1647 13.0395
-9999 -9999 -9999 -9999 -9999 -9999 10.6238 12.6119 14.2038 15.0435 15.7269 15.922 16.0009 15.7176 15.5081 14.9827 14.4854 13.7128 12.5509 11.8384 13.1752 15.1122 15.8315 15.7846 15.7475 15.3694 15.0294 14.9929 15.0265 14.6266 14.0436 13.2824 13.0514 12.7906 13.7287 13.8641 13.8059 14.8372 14.8499 14.8025 14.4228 13.9982 14.0934 13.8363 14.0583 13.7488 14.0592 14.3294 14.4389 14.4447 14.4242 14.4334 14.4309 14.472 14.483 14.4895 14.4965 14.5046 14.5104 14.5079 14.5105 14.5241 14.528 14.532 14.5363 14.5477 14.5563 14.5525 14.5501 14.4345 14.2551 13.9052
-9999 -9999 -9999 -9999 -9999 -9999 10.7051 12.3739 13.7953 14.6487 15.4727 15.6709 15.9554 15.9054 15.6854 15.2297 14.6579 14.0236 13.0279 12.2898 13.1853 14.4759 15.4006 15.7382 15.743 15.7285 15.6489 15.618 15.5243 15.4564 15.0424 14.3245 13.9225 13.3302 14.3747 14.5003 14.348 14.8746 14.8589 14.0881 13.4983 13.4347 13.8147 13.4784 13.4315 13.2285 13.4869 14.1575 13.9788 14.0301 14.3415 14.4036 14.4496 14.47 14.4793 14.4888 14.4943 14.5052 14.5157 14.5136 14.5177 14.5246 14.5229 14.5338 14.5363 14.543 14.5483 14.5513 14.55 14.5249 14.4972 14.5516
-9999 -9999 -9999 -9999 -9999 -9999 10.7377 11.8615 13.1417 14.3955 15.275 15.6352 15.9001 15.9066 15.6492 15.4272 15.072 14.5149 14.1352 13.4696 12.5529 14.1108 14.5959 15.0291 15.2128 15.6625 15.6593 15.4643 15.2333 15.4601 15.4051 14.8384 14.6582 14.3478 14.9329 14.9437 14.9374 14.9164 14.2665 13.3594 12.6368 13.1757 13.077 13.3333 12.597 13.2268 13.7369 13.9114 13.5877 13.3501 14.1381 14.2819 14.3705 14.4312 14.4748 14.478 14.4965 14.5023 14.51 14.5174 14.5205 14.5263 14.5294 14.5325 14.5398 14.5476 14.5497 14.5507 14.561 14.5522 14.5555 14.5619
-9999 -9999 -9999 -9999 -9999 -9999 -9999 11.1973 12.8143 14.263 15.0735 15.5868 15.8415 15.8462 15.719 15.571 15.3539 14.9542 14.4496 13.6474 13.0537 13.4431 13.9187 13.9804 14.2979 15.2041 15.5188 15.0916 14.0189 14.6632 15.3801 15.3775 15.3262 15.268 15.1915 15.1231 14.9622 14.5153 13.1259 12.8603 12.322 12.3955 12.1252 12.7544 12.5387 13.1832 13.4698 13.5861 13.0147 13.1511 13.854 14.1383 14.1054 14.284 14.4545 14.4709 14.4862 14.4926 14.5063 14.5177 14.5251 14.5284 14.5333 14.5398 14.5416 14.5558 14.5148 14.4921 14.4347 14.5307 14.5498 14.5724
-9999 -9999 -9999 -9999 -9999 -9999 -9999 10.8703 12.4883 14.1929 14.7461 15.2987 15.7769 15.7951 15.5957 15.4064 15.211 14.9871 14.3735 13.7785 13.2106 13.0251 13.1488 13.1517 13.6608 14.8392 15.0738 14.9852 13.8656 13.4942 14.449 15.2531 15.3249 15.2622 14.3362 14.5451 14.0503 13.3759 13.1977 12.9086 12.2863 12.602 12.1496 12.36 12.3236 12.6947 12.882 13.3213 12.8247 12.8395 13.5302 13.8826 13.9033 14.272 14.4108 14.4554 14.4749 14.4917 14.5038 14.5199 14.5271 14.5324 14.536 14.5297 14.5 14.3906 13.7272 13.7393 13.9363 14.1234 14.4579 14.5635
-9999 -9999 -9999 -9999 -9999 -9999 -9999 11.0537 12.179 13.6925 14.8161 14.8949 15.4459 15.7346 15.517 15.2707 15.0184 14.9128 14.2443 13.509 12.9163 12.2132 12.3383 12.8568 13.7042 14.4684 14.6118 14.4637 13.8656 14.1589 14.8131 15.1648 15.2752 15.2052 15.011 14.903 14.5413 14.3903 13.8844 13.0878 12.7807 12.9929 12.1474 12.2187 12.5472 12.228 12.7951 13.073 12.4277 12.967 13.5755 13.8926 14.1711 14.309 14.3709 14.4594 14.4725 14.49 14.5043 14.5139 14.5246 14.5228 14.5232 14.4622 14.3671 13.7471 13.5029 13.5658 13.8689 14.1356 14.4231 14.5434
-9999 -9999 -9999 -9999 -9999 -9999 -9999 11.2409 12.255 13.5685 14.372 14.5229 15.1329 15.6763 15.6255 15.3688 15.2967 15.0302 14.4646 13.8389 13.154 12.8253 12.0588 12.8295 13.4456 14.0942 14.4021 13.9109 13.6714 14.1203 14.5669 14.7509 15.2021 15.2075 15.0732 14.4624 14.1698 14.3078 14.1881 13.971 13.4261 13.4123 13.0666 12.9302 12.8022 12.3659 12.6672 12.7083 12.804 13.443 13.7655 13.9834 14.1824 14.2434 14.3363 14.4533 14.4738 14.4887 14.4992 14.512 14.5151 14.4959 14.4815 14.3479 14.103 13.6366 12.8819 13.4389 14.0209 14.208 14.3892 14.4863
-9999 -9999 -9999 -9999 -9999 -9999 -9999 11.066 12.1429 13.2667 13.7416 13.8295 14.9262 15.6012 15.6112 15.4942 15.3559 14.6851 14.7336 14.6062 13.9894 13.087 12.0951 12.1972 12.8042 13.6601 13.9484 13.1341 12.8541 13.0759 13.7465 14.3479 14.9755 15.1422 14.9706 14.0144 12.9977 13.4841 14.0033 14.011 13.8725 13.3682 13.2158 13.079 12.7146 12.0928 12.2007 12.3896 13.1186 13.356 13.716 14.0169 13.9199 13.9954 14.2833 14.4533 14.4705 14.4845 14.5008 14.5082 14.5097 14.4609 14.4087 14.3136 13.6575 13.2538 12.6642 13.3836 13.784 14.0127 14.3944 14.4938
-9999 -9999 -9999 -9999 -9999 -9999 -9999 10.7315 11.5152 12.5898 13.0281 13.7221 14.759 15.2734 15.5247 15.5282 15.439 15.1435 14.9692 14.6174 13.9756 13.0948 12.1147 11.4796 11.8151 12.9663 13.2456 12.4935 12.119 12.6061 13.3201 14.3731 14.9789 15.0691 15.025 14.8357 14.0962 13.2008 13.2143 13.6791 13.3099 12.8791 13.1332 13.0996 12.7399 12.4816 12.3344 12.4548 12.8723 13.0522 13.4661 14.071 14.1678 14.1627 14.424 14.4479 14.4651 14.4858 14.4966 14.5055 14.5091 14.4715 14.3736 13.9407 13.5648 13.0374 12.9823 13.6277 13.9188 14.1892 14.3823 14.4529
-9999 -9999 -9999 -9999 -9999 -9999 -9999 10.158 11.0787 12.0859 13.0296 13.923 14.6932 14.7608 15.1713 15.1796 15.3989 15.3475 15.0742 14.7794 14.2278 13.094 12.142 11.103 11.3877 12.5599 12.7167 12.2204 11.2957 12.2692 13.342 14.3152 14.8465 14.4472 14.8762 14.8517 14.581 14.0521 13.2243 13.2509 12.6335 12.6172 12.9511 13.0672 13.025 12.8339 12.5252 12.6014 12.8593 12.9342 13.3154 13.7874 14.2489 14.3362 14.4335 14.4487 14.4615 14.4798 14.492 14.4939 14.4822 14.4425 14.0815 13.6502 13.389 13.0252 12.9914 13.7273 14.0387 14.2147 14.3833 14.4568
-9999 -9999 -9999 -9999 -9999 -9999 -9999 -9999 10.9813 12.0216 12.7936 13.0078 13.6933 14.0676 14.3593 14.4308 15.2468 15.3002 15.1303 14.8604 14.3913 13.5333 12.9381 11.9419 11.2283 11.5382 11.6805 11.9551 11.8861 12.3254 13.3566 14.4306 14.5562 13.8896 13.9995 14.151 14.4783 14.3277 13.196 12.6264 12.1556 12.5089 12.8802 12.9787 13.0077 12.95 12.8906 12.767 13.2607 13.6291 13.7238 14.0463 14.2874 14.3624 14.4217 14.4391 14.4565 14.468 14.466 14.4677 14.4216 14.3041 13.8992 12.9092 12.9677 12.8712 12.5715 13.2945 13.7639 14.1736 14.3968 14.4632
-9999 -9999 -9999 -9999 -9999 -9999 -9999 -9999 10.6339 11.8361 12.0968 12.0867 11.7002 11.8909 13.365 13.669 14.452 15.1938 15.1491 14.8846 14.4465 13.9392 13.1488 12.0275 11.1383 10.7635 11.7424 12.7013 12.9065 13.2186 13.8541 13.9824 13.3006 12.662 13.0357 13.2648 14.1102 14.2729 14.1211 13.4437 12.6678 12.2683 12.7645 12.8408 12.8815 12.899 12.9021 12.8963 13.4548 13.7673 13.9877 14.113 14.3217 14.3837 14.4114 14.438 14.4459 14.4472 14.4275 14.4036 14.2594 14.0826 13.412 12.8551 12.5124 12.0742 13.1011 13.4209 13.8568 14.145 14.3674 14.4255
