Test_Spring_2018/11_17/Temp/20171118_002.txt
ncols	170
nrows	115
xllcorner	350000.000000
yllcorner	4445000.000000
cellsize	1000.000000
nodata_value	-9999.000000
[rows 32 to 63 of 115, columns 72 to 143 of 170]
11.0613 10.714 11.2532 11.7499 11.4579 11.261 12.0766 12.078 11.8016 11.1503 10.9122 10.6653 10.5144 9.67819 7.32971 5.21258 6.34839 6.37612 5.59209 7.00015 6.25752 4.31904 1.58226 3.07133 2.68514 0.753265 0.276568 -9999 -9999 -9999 -9999 -9999 -9999 -9999 -9999 -9999 -9999 -9999 -9999 -9999 -9999 -9999 -9999 -9999 -9999 -9999 -9999 -9999 -9999 -9999 -9999 -9999 -9999 -9999 -9999 -9999 -9999 -9999 -9999 -9999 -9999 -9999 -9999 -9999 -9999 -9999 -9999 -9999 -9999 -9999 -9999 -9999
10.5924 10.4438 11.2448 11.2293 11.1841 11.4821 11.9889 12.0911 11.9842 11.7008 11.4557 11.1948 10.5307 9.57389 7.56414 5.15422 4.60839 5.78931 5.84689 6.03752 5.36101 4.51106 3.18084 4.27233 4.69701 3.42452 1.76259 0.691911 -9999 -9999 -9999 -9999 -9999 -9999 -9999 -9999 -9999 -9999 -9999 -9999 -9999 -9999 -9999 -9999 -9999 -9999 -9999 -9999 -9999 -9999 -9999 -9999 -9999 -9999 -9999 -9999 -9999 -9999 -9999 -9999 -9999 -9999 -9999 -9999 -9999 -9999 -9999 -9999 -9999 -9999 -9999 -9999
10.0335 9.25894 9.74224 10.1055 10.7831 10.9642 11.066 12.0215 11.9723 11.9294 11.5232 11.1986 10.66 9.73908 8.42747 6.84803 4.09717 5.79514 7.125 7.09218 7.02068 6.42578 5.14809 6.21964 6.27133 4.64643 2.80041 1.71046 1.26039 -9999 -9999 -9999 -9999 -9999 -9999 -9999 -9999 -9999 -9999 -9999 -9999 -9999 -9999 -9999 -9999 -9999 -9999 -9999 -9999 -9999 -9999 -9999 -9999 -9999 -9999 -9999 -9999 -9999 -9999 -9999 -9999 -9999 -9999 -9999 -9999 -9999 -9999 -9999 -9999 -9999 -9999 -9999
9.39853 8.45228 8.93864 9.5872 10.5051 10.9815 11.3486 11.6353 11.9275 11.8943 11.4785 10.2481 10.0733 10.021 9.16346 7.36267 5.56432 5.09936 7.12761 7.70915 7.5924 8.04657 6.96467 7.47835 7.27006 6.69614 4.91688 3.29699 2.62543 1.29681 -9999 -9999 -9999 -9999 -9999 -9999 -9999 -9999 -9999 -9999 -9999 -9999 -9999 -9999 -9999 -9999 -9999 -9999 -9999 -9999 -9999 -9999 -9999 -9999 -9999 -9999 -9999 -9999 -9999 -9999 -9999 -9999 -9999 -9999 -9999 -9999 -9999 -9999 -9999 -9999 -9999 -9999
-9999 -9999 7.85475 8.7405 9.46994 10.3685 11.1457 11.5332 11.9097 11.8805 11.0481 10.6414 10.6067 10.0451 9.0549 8.43388 7.30206 6.12292 6.57526 8.30536 7.53813 8.76451 8.66269 8.88956 8.07276 6.5259 4.45852 3.25659 2.6561 1.57984 -9999 -9999 -9999 -9999 -9999 -9999 -9999 -9999 -9999 -9999 -9999 -9999 -9999 -9999 -9999 -9999 -9999 -9999 -9999 -9999 -9999 -9999 -9999 -9999 -9999 -9999 -9999 -9999 -9999 -9999 -9999 -9999 -9999 -9999 -9999 -9999 -9999 -9999 -9999 -9999 -9999 -9999
-9999 -9999 -9999 8.57645 9.13227 10.328 10.9553 11.2073 11.8136 11.816 11.5012 11.2636 10.9185 10.4675 9.72347 8.90264 7.83825 7.74101 8.8483 8.8637 8.63457 8.81811 9.38825 9.24057 7.97725 5.79411 4.64062 2.30101 1.29692 1.40164 0.690164 -9999 -9999 -9999 -9999 -9999 -9999 -9999 -9999 -9999 -9999 -9999 -9999 3.43349 -9999 -9999 -9999 -9999 -9999 -9999 -9999 -9999 -9999 -9999 -9999 -9999 -9999 -9999 -9999 -9999 -9999 -9999 -9999 -9999 -0.834374 -9999 -9999 -9999 -9999 -9999 -9999 -9999
-9999 -9999 8.46143 9.20865 9.79129 10.5417 10.62 11.0716 11.7685 11.7796 11.5564 11.304 10.7358 10.5955 10.1722 9.2809 9.09957 9.46273 9.63105 9.82184 9.94028 9.84824 9.62053 9.32559 8.51309 7.50138 6.82315 4.68187 3.60397 2.56771 0.998162 -0.229495 -9999 -9999 -9999 -9999 -9999 -9999 -9999 2.60975 2.5524 2.58131 2.92696 3.87939 3.3213 -9999 -9999 -9999 -9999 -9999 -9999 -9999 -9999 -9999 -9999 -9999 -9999 -9999 -9999 -9999 -9999 -9999 -9999 -9999 0.024778 -1.21148 -9999 -9999 -9999 -9999 -9999 -9999
-9999 -9999 8.66034 9.44729 9.84151 10.5706 10.9885 11.2707 11.513 11.7444 11.7062 11.4267 11.0011 11.0044 10.418 10.1024 9.87766 10.3684 10.467 10.2729 10.0292 9.81418 9.20131 9.13293 8.93721 8.29642 7.24249 6.1562 4.59262 2.4617 0.371742 -1.31386 -9999 -9999 -9999 -9999 -9999 -9999 2.78654 3.57794 4.05248 3.04681 3.9079 4.69504 4.57048 3.80998 -9999 -9999 -9999 -9999 -9999 -9999 -9999 -9999 -9999 -9999 -9999 -9999 -9999 -9999 5.88691 4.61926 2.05772 0.74532 -0.0415436 -1.16546 -9999 -9999 -9999 -9999 -9999 -9999
-9999 -9999 8.50185 9.43115 10.0615 10.6211 10.7125 11.2902 11.5432 11.6677 11.6536 11.5984 11.5201 11.0081 10.7883 10.0147 10.7568 10.7304 10.5449 9.80501 9.48598 8.21443 7.65676 7.53644 8.61185 7.82313 6.17242 4.10785 1.63103 1.47289 0.653024 -0.853201 -9999 -9999 -9999 -9999 -9999 -9999 3.0319 3.87827 4.58489 4.68869 3.68909 5.08699 5.0351 4.25459 4.0782 4.71983 5.0455 4.80879 5.57635 5.80068 5.45572 5.83457 -9999 -9999 -9999 -9999 6.0611 6.11297 6.15242 5.62475 2.82631 0.915463 -0.80027 -0.957736 -9999 -9999 -9999 -9999 -9999 -9999
-9999 -9999 9.14039 9.71406 10.0057 10.0554 10.5578 11.0633 11.3746 11.5973 11.5526 11.5346 11.5153 11.3403 10.9335 11.0075 10.9756 10.7396 9.32837 7.68133 8.4031 7.42955 5.33654 7.04619 7.98587 7.09214 5.09155 2.77095 2.01801 2.05352 0.912622 -0.555925 -9999 -9999 -9999 0.719011 1.9305 2.03693 2.39485 3.52332 4.38202 5.02938 5.47062 5.4577 4.99572 4.23227 3.4023 3.69937 5.19496 5.56022 5.87365 6.10604 5.78571 5.95241 6.35219 6.55887 6.60094 6.50718 6.48605 6.51919 6.47213 5.97973 3.47784 2.0459 1.13286 -0.701054 -9999 -9999 -9999 -9999 -9999 -9999
-9999 -9999 8.77501 9.27434 9.67932 10.3518 10.425 10.8492 11.1046 11.4801 11.5224 11.0868 11.4468 11.4003 11.3332 11.191 10.9827 9.79124 8.14906 6.5033 5.74533 6.07241 4.81525 5.46924 6.42154 6.08343 4.85942 2.79265 2.50435 2.02978 0.110355 -1.73851 -9999 -9999 -1.62866 0.694833 2.3311 3.17558 3.43784 3.46388 4.54546 4.63128 5.79565 5.52423 3.98794 4.16201 3.5645 3.95327 4.50174 4.65295 5.44526 6.20568 6.34911 6.35257 6.60709 6.65948 6.67308 6.66667 6.49449 6.5739 6.58666 6.27998 4.46664 3.58307 2.60975 -0.677333 -9999 -9999 -9999 -9999 -9999 -9999
-9999 -9999 9.02541 9.58318 10.1936 10.2951 10.7477 10.7085 10.5854 11.2134 11.4452 11.1375 10.9158 11.3236 11.2953 11.2415 11.1531 10.0336 8.73831 6.77698 5.55981 4.8165 4.29056 3.59112 4.08252 3.93808 3.74285 3.97667 3.4151 2.28602 1.1631 -0.940734 -2.07844 -9999 -1.50194 -0.452893 1.49286 3.14651 4.19654 3.8201 5.04976 5.27859 5.98826 5.57309 4.64112 4.24009 4.20542 4.08381 4.9125 5.47042 5.86695 6.12983 6.45835 6.54153 6.62505 6.65993 6.67895 6.69831 6.69434 6.68824 6.65214 6.53739 5.70419 4.82248 2.91562 -0.567832 -9999 -9999 -9999 -9999 -9999 -9999
-9999 7.40209 8.9606 9.89388 10.2573 10.5204 10.7524 10.9209 11.0998 11.2672 11.3798 11.3333 10.5184 10.5845 10.7306 11.193 11.1607 11.0607 10.3535 7.96646 7.14306 5.94155 4.38302 3.73658 4.06801 5.35414 5.30185 4.45818 3.51715 2.21672 1.39126 0.101785 -2.37602 -2.15167 -1.03361 -0.201594 1.12096 3.14202 4.55898 5.19164 5.43105 5.92944 6.18915 5.61908 5.07816 4.85097 4.42919 4.37076 4.37518 4.87634 5.26982 6.13882 6.43105 6.56541 6.6335 6.67012 6.69679 6.72313 6.73247 6.71622 6.71772 6.71176 6.6516 5.47735 2.53691 0.325373 -9999 -9999 -9999 -9999 -9999 -9999
-9999 -9999 8.67278 9.08533 9.19589 9.38657 9.77318 10.2181 10.8493 10.9316 11.2779 11.2788 10.5776 9.76653 10.4722 10.7527 11.0441 11.054 10.9647 8.9592 7.91221 7.08927 5.59527 6.14282 6.66165 6.70601 6.40144 4.58747 2.78059 0.698402 -1.24956 -1.33997 -2.38613 -1.82885 -1.08998 0.805178 2.13894 2.68006 3.06882 5.12326 5.65788 5.84162 6.36808 5.65186 5.47246 4.93488 5.09641 5.05065 5.05515 3.5638 5.06483 5.15404 6.13015 6.56954 6.66951 6.69661 6.72551 6.73027 6.7362 6.73217 6.74271 6.72886 6.71347 5.95069 2.22219 0.353363 -9999 -9999 -9999 -9999 -9999 -9999
-9999 -9999 -9999 -9999 8.80953 9.12504 9.32838 9.67754 10.7428 11.0303 11.2214 11.2385 10.9261 10.1248 9.91317 10.0602 9.27791 9.93458 10.8323 10.8129 10.7078 8.94664 8.05025 8.93006 8.66982 7.34832 6.30942 5.28396 3.16798 1.62214 -0.610654 -2.287 -2.34784 -0.492567 1.04881 2.96647 3.81281 3.33173 3.85365 4.87391 6.03314 6.59402 6.46259 5.70751 5.60379 4.77416 5.59229 5.66372 5.28542 4.95862 5.09291 5.57621 5.76086 6.52446 6.70951 6.74268 6.74857 6.75184 6.74882 6.7449 6.73596 6.72881 6.71927 6.68625 2.85367 -0.125352 -9999 -9999 -9999 -9999 -9999 -9999
-9999 -9999 -9999 -9999 8.07319 8.26689 8.76986 10.0557 10.7316 11.0048 10.9971 11.1236 10.9035 10.1978 9.47329 8.78979 7.90894 8.41448 9.75033 10.5395 10.6326 9.08935 9.90145 9.60544 9.0168 7.28695 6.01356 5.34096 3.30992 1.57352 0.0894439 -1.96176 -1.08048 -0.110785 1.13362 3.22617 4.63777 5.21786 4.73144 5.38397 6.71781 6.72583 5.99729 6.04565 5.60349 4.46926 5.6531 5.98738 5.72078 5.79186 5.69536 5.87573 6.20355 6.51701 6.72544 6.75366 6.75699 6.75021 6.75003 6.75099 6.73683 6.73885 6.72929 6.71127 4.2381 -0.181032 -9999 -9999 -9999 -9999 -9999 -9999
-9999 -9999 -9999 -9999 -9999 7.40707 8.55032 10.2563 10.6831 10.6466 10.9998 11.0313 10.6933 10.3996 9.51992 8.31799 6.00956 6.59922 7.82902 9.60219 10.5362 10.415 9.90411 9.01053 6.8407 4.94256 4.71712 4.41104 2.93032 1.59482 -0.055465 0.906266 1.95882 3.10946 3.71437 3.55852 4.76819 5.75433 5.33599 6.13635 7.07012 6.64745 6.39791 6.18882 5.67746 5.648 5.70328 6.37638 5.91354 6.20067 6.21139 6.19615 6.35595 6.53963 6.73243 6.76405 6.76444 6.7676 6.74531 6.75348 6.74301 6.73302 6.7243 6.70905 6.48694 4.10835 2.68708 -9999 -9999 -9999 -9999 -9999
-9999 -9999 -9999 -9999 -9999 6.35591 6.92785 8.9477 9.57461 10.4678 10.9426 10.9656 10.3946 10.0768 8.76573 8.34073 6.20519 5.24024 6.06314 5.75191 8.19308 10.3543 9.89161 5.54304 3.97172 2.85269 3.1474 3.15578 2.74751 0.468846 -0.157328 1.89315 3.18486 4.18565 4.94472 5.10339 5.07779 6.62001 6.82547 7.32677 7.21825 7.26525 6.48749 6.00669 6.42953 5.94571 5.8645 6.55982 5.87853 6.49805 6.42877 6.24425 6.2353 6.64281 6.72553 6.76906 6.77156 6.75558 6.73508 6.7238 6.73763 6.73246 6.71123 6.71404 6.69385 6.41427 5.184 4.75596 5.23652 -9999 -9999 -9999
-9999 -9999 -9999 -9999 -9999 -9999 5.04751 7.8533 9.13789 9.81291 10.762 10.8776 10.5748 10.024 8.68888 7.51483 5.60596 3.42615 2.27531 5.7354 8.74799 10.3227 10.123 6.50403 5.07924 5.01864 5.86681 5.16154 4.62774 2.89797 2.38283 1.66464 2.11219 3.5062 4.64475 5.74252 6.54041 6.60559 7.12288 7.42153 7.4463 7.53996 7.4492 7.37551 6.62627 7.14692 6.70832 6.94389 6.79526 6.66122 6.54815 6.11929 6.42379 6.69333 6.76299 6.78398 6.76763 6.76373 6.75229 6.72715 6.71679 6.716 6.71476 6.70262 6.70435 6.69487 6.5594 5.82037 4.83006 3.57814 -9999 -9999
-9999 -9999 -9999 -9999 -9999 -9999 3.64753 6.43956 7.7877 9.51991 10.4111 10.7753 10.7286 10.2826 9.2684 7.74159 6.46993 4.03651 1.51018 5.14332 8.38141 10.1299 10.2271 7.18846 8.03834 7.36144 7.64237 6.3984 5.88461 5.48187 4.58882 3.61129 2.54055 1.97517 4.52946 5.84124 6.89659 7.39409 7.67512 7.81521 7.7421 7.55137 6.41845 7.28366 7.23947 7.1549 7.05785 7.0118 6.92403 6.82029 6.76192 6.74073 6.45608 6.77971 6.7721 6.77636 6.77769 6.76905 6.75284 6.73879 6.72162 6.72257 6.71366 6.70407 6.69822 6.69817 6.69157 6.65346 6.45907 4.77678 3.77155 3.49225
-9999 -9999 -9999 -9999 -9999 -9999 -0.271492 3.78892 7.05274 8.75826 10.1482 10.5306 10.674 10.0755 9.62791 8.53379 7.49788 5.89953 3.50528 2.03218 4.75527 8.70817 10.1713 10.0646 9.97863 9.19485 8.48906 8.40446 8.46291 7.64282 6.44009 4.86774 4.37897 3.82871 5.73159 5.99044 5.85197 7.94269 7.94732 7.82824 7.02811 6.13621 6.30669 5.75434 6.18076 5.52125 6.13027 6.65699 6.85468 6.83992 6.77416 6.76594 6.73505 6.79094 6.78999 6.78083 6.77371 6.7698 6.76184 6.73753 6.72391 6.7331 6.71757 6.70635 6.69727 6.69963 6.69745 6.66971 6.64477 6.38815 6.00103 5.2616
-9999 -9999 -9999 -9999 -9999 -9999 -0.0998487 3.31815 6.2155 7.95652 9.62764 10.0165 10.5811 10.4605 9.99187 9.04107 7.85309 6.53794 4.48414 2.95852 4.77804 7.40797 9.28952 9.96939 9.96998 9.92968 9.75612 9.68579 9.48291 9.34248 8.48138 6.99631 6.15774 4.9288 7.04926 7.2879 6.95685 8.01454 7.96137 6.36182 5.13194 4.97865 5.73348 5.02056 4.89682 4.45487 4.95818 6.30495 5.91302 5.99193 6.60606 6.70716 6.77122 6.7887 6.78447 6.78148 6.77102 6.7725 6.77399 6.75017 6.73933 6.7343 6.71176 6.70879 6.69404 6.68635 6.67903 6.66503 6.64232 6.5709 6.49249 6.58032
-9999 -9999 -9999 -9999 -9999 -9999 -0.0352144 2.26926 4.87678 7.43846 9.223 9.9437 10.4686 10.4642 9.91948 9.44743 8.70319 7.54639 6.75361 5.37652 3.48631 6.66224 7.64453 8.51956 8.88718 9.79711 9.77976 9.36972 8.89708 9.34778 9.22007 8.04481 7.65972 7.00744 8.18735 8.19095 8.15869 8.09566 6.74448 4.86631 3.36509 4.44542 4.21992 4.72147 3.18695 4.45194 5.47044 5.80168 5.11305 4.60121 6.19175 6.45446 6.61107 6.7114 6.77729 6.76146 6.77771 6.76846 6.76393 6.75904 6.74578 6.73804 6.72494 6.71172 6.69971 6.69382 6.67774 6.65741 6.65819 6.62234 6.60903 6.59818
-9999 -9999 -9999 -9999 -9999 -9999 -9999 0.909244 4.21733 7.16809 8.81176 9.84598 10.3505 10.3428 10.065 9.74488 9.28383 8.44958 7.40153 5.7449 4.51598 5.30022 6.26338 6.37744 7.01574 8.85919 9.49182 8.60564 6.41111 7.71513 9.1675 9.14662 9.02518 8.88864 8.71283 8.55415 8.20559 7.2708 4.40626 3.84272 2.7191 2.84701 2.27084 3.53628 3.06745 4.36191 4.92349 5.13614 3.94115 4.1992 5.60476 6.16155 6.06964 6.41142 6.73807 6.74905 6.75866 6.75052 6.75788 6.7609 6.75601 6.74159 6.73166 6.72478 6.69988 6.70688 6.60232 6.53523 6.39717 6.57313 6.59204 6.60474
-9999 -9999 -9999 -9999 -9999 -9999 -9999 0.253469 3.55163 7.02624 8.14328 9.25814 10.2204 10.2407 9.81562 9.41137 8.99496 8.5208 7.24942 6.01688 4.84061 4.4477 4.68825 4.68323 5.71306 8.1131 8.58103 8.38711 6.09596 5.32082 7.25986 8.8896 9.01984 8.87405 6.96051 7.36948 6.33728 4.93687 4.55179 3.939 2.64355 3.26775 2.31906 2.7266 2.6262 3.36141 3.72039 4.59477 3.55335 3.56334 4.94341 5.64001 5.65804 6.38904 6.65003 6.71882 6.73656 6.74948 6.75329 6.76555 6.75974 6.75006 6.73707 6.70362 6.62209 6.36835 4.98783 4.99174 5.3743 5.73653 6.39518 6.58188
-9999 -9999 -9999 -9999 -9999 -9999 -9999 0.631595 2.921 6.0043 8.28869 8.43412 9.54552 10.12 9.65779 9.13718 8.60452 8.37266 6.98899 5.46915 4.24188 2.78909 3.03189 4.08031 5.80379 7.35523 7.63571 7.31947 6.09552 6.68076 8.00392 8.70747 8.91631 8.75532 8.33971 8.09992 7.34016 7.01125 5.95539 4.304 3.65389 4.06655 2.31338 2.4366 3.08586 2.40605 3.54271 4.08717 2.74195 3.81685 5.03765 5.66211 6.20814 6.46695 6.57051 6.72896 6.73382 6.74782 6.75583 6.75438 6.75526 6.73073 6.7107 6.56482 6.34918 5.0589 4.52644 4.63404 5.2333 5.75835 6.31019 6.53604
-9999 -9999 -9999 -9999 -9999 -9999 -9999 1.01805 3.07952 5.75324 7.38257 7.67573 8.9081 10.004 9.88354 9.34197 9.17826 8.61704 7.44397 6.14826 4.73208 4.04515 2.4626 4.02694 5.27651 6.5907 7.20741 6.20373 5.69831 6.60171 7.4996 7.85956 8.76582 8.75906 8.46596 7.19687 6.57851 6.84131 6.576 6.11066 4.97424 4.92427 4.19451 3.89268 3.60769 2.68862 3.28162 3.34173 3.50391 4.79223 5.42792 5.84963 6.23325 6.33449 6.5017 6.71846 6.73822 6.74673 6.74654 6.7514 6.73639 6.67589 6.62511 6.3303 5.80762 4.83135 3.25281 4.37155 5.54139 5.89292 6.23603 6.41405
-9999 -9999 -9999 -9999 -9999 -9999 -9999 0.663704 2.85344 5.13887 6.09562 6.25975 8.48864 9.85409 9.85828 9.60258 9.30365 7.91477 7.99857 7.72273 6.44555 4.58425 2.54 2.73528 3.96198 5.70414 6.2803 4.61497 4.02639 4.46451 5.82075 7.03482 8.30211 8.62533 8.25578 6.27962 4.17929 5.1551 6.19755 6.19266 5.88791 4.83411 4.50001 4.19765 3.42903 2.12943 2.32761 2.69072 4.15389 4.61534 5.32788 5.91977 5.69759 5.82868 6.39494 6.72016 6.73313 6.73966 6.75111 6.74445 6.72591 6.60444 6.47581 6.25934 4.89454 4.04638 2.81529 4.25553 5.0534 5.48219 6.24188 6.42418
-9999 -9999 -9999 -9999 -9999 -9999 -9999 -0.0170861 1.57262 3.75716 4.63883 6.0438 8.15025 9.18726 9.68537 9.6764 9.47792 8.85723 8.48505 7.74959 6.42096 4.60347 2.58304 1.26899 1.94204 4.28622 4.84376 3.3054 2.52315 3.504 4.94915 7.08748 8.31001 8.4767 8.368 7.96168 6.42864 4.57601 4.58337 5.51413 4.73709 3.83377 4.33193 4.24072 3.48181 2.93002 2.60258 2.81482 3.65073 3.99469 4.81768 6.03202 6.20656 6.17283 6.68451 6.71079 6.72345 6.74346 6.74359 6.73965 6.7251 6.62618 6.40359 5.4954 4.70362 3.60174 3.46649 4.75222 5.31512 5.83909 6.21242 6.335
-9999 -9999 -9999 -9999 -9999 -9999 -9999 -1.18669 0.683248 2.7298 4.64611 6.45915 8.01979 8.14226 8.96628 8.96727 9.40007 9.27891 8.70394 8.08503 6.94076 4.6053 2.64213 0.500986 1.06972 3.45205 3.77989 2.74839 0.839889 2.81648 4.99576 6.97088 8.04094 7.20565 8.06539 7.99643 7.42287 6.32053 4.60575 4.63923 3.35429 3.29925 3.96053 4.17576 4.06663 3.65265 2.9936 3.11582 3.6253 3.75427 4.51061 5.45276 6.37387 6.52922 6.70548 6.71374 6.71732 6.7324 6.73498 6.71656 6.67026 6.56673 5.80544 4.89996 4.34256 3.5751 3.48293 4.96415 5.55667 5.88686 6.20948 6.33758
-9999 -9999 -9999 -9999 -9999 -9999 -9999 -9999 0.488069 2.60228 4.16721 4.59014 5.97756 6.72763 7.30851 7.43887 9.09284 9.18617 8.8226 8.25441 7.279 5.50764 4.27455 2.22104 0.746087 1.36361 1.66139 2.20789 2.05073 2.93385 5.02817 7.20977 7.44965 6.06721 6.27393 6.56509 7.21559 6.88747 4.55056 3.3637 2.37862 3.07989 3.81752 3.99664 4.03315 3.89182 3.73215 3.46201 4.44809 5.17788 5.34752 5.98392 6.45393 6.58419 6.68251 6.69525 6.70823 6.70916 6.68259 6.66355 6.54657 6.28343 5.43174 3.3823 3.47896 3.25813 2.62129 4.06586 4.98285 5.79826 6.23207 6.34488
-9999 -9999 -9999 -9999 -9999 -9999 -9999 -9999 -0.218774 2.22706 2.74542 2.70918 1.90221 2.27662 5.27775 5.88372 7.47004 8.97238 8.86475 8.30748 7.39519 6.34159 4.70883 2.39908 0.564656 -0.199897 1.78444 3.73793 4.1422 4.76534 6.04978 6.29581 4.8832 3.55839 4.30501 4.75519 6.46609 6.77923 6.44791 5.04012 3.43029 2.59027 3.58341 3.71672 3.77694 3.78939 3.76036 3.72703 4.84637 5.46169 5.88868 6.12139 6.52499 6.62871 6.66235 6.69407 6.68748 6.66742 6.60451 6.5329 6.21496 5.82992 4.43426 3.27084 2.54569 1.625 3.70287 4.32147 5.18173 5.73534 6.16675 6.26204
