Test_Spring_2018/11_17/Temp/20171112_010.txt
ncols	170
nrows	115
xllcorner	350000.000000
yllcorner	4445000.000000
cellsize	1000.000000
nodata_value	-9999.000000
[rows 32 to 63 of 115, columns 72 to 143 of 170]
16.0075 15.8366 16.118 16.3776 16.2246 16.1245 16.5443 16.551 16.4161 16.0899 15.9749 15.8555 15.7853 15.3654 14.1736 13.1 13.687 13.7084 13.3154 14.0413 13.6693 12.6868 11.2966 12.0636 11.8732 10.8874 10.6495 -9999 -9999 -9999 -9999 -9999 -9999 -9999 -9999 -9999 -9999 -9999 -9999 -9999 -9999 -9999 -9999 -9999 -9999 -9999 -9999 -9999 -9999 -9999 -9999 -9999 -9999 -9999 -9999 -9999 -9999 -9999 -9999 -9999 -9999 -9999 -9999 -9999 -9999 -9999 -9999 -9999 -9999 -9999 -9999 -9999
15.7685 15.6991 16.1142 16.1124 16.0911 16.2377 16.5 16.5583 16.5098 16.3715 16.2529 16.1264 15.7942 15.3127 14.2938 13.0707 12.7993 13.4093 13.4458 13.5502 13.2119 12.785 12.1128 12.6767 12.9002 12.2557 11.4078 10.8628 -9999 -9999 -9999 -9999 -9999 -9999 -9999 -9999 -9999 -9999 -9999 -9999 -9999 -9999 -9999 -9999 -9999 -9999 -9999 -9999 -9999 -9999 -9999 -9999 -9999 -9999 -9999 -9999 -9999 -9999 -9999 -9999 -9999 -9999 -9999 -9999 -9999 -9999 -9999 -9999 -9999 -9999 -9999 -9999
15.4838 15.0948 15.3478 15.5393 15.8813 15.9714 16.0293 16.5231 16.5042 16.4887 16.2879 16.1289 15.8607 15.3975 14.735 13.9358 12.5387 13.4126 14.0986 14.0889 14.0594 13.7626 13.1171 13.6708 13.7038 12.8778 11.9317 11.3823 11.1596 -9999 -9999 -9999 -9999 -9999 -9999 -9999 -9999 -9999 -9999 -9999 -9999 -9999 -9999 -9999 -9999 -9999 -9999 -9999 -9999 -9999 -9999 -9999 -9999 -9999 -9999 -9999 -9999 -9999 -9999 -9999 -9999 -9999 -9999 -9999 -9999 -9999 -9999 -9999 -9999 -9999 -9999 -9999
15.1603 14.6836 14.9381 15.2753 15.7435 15.987 16.174 16.3264 16.4818 16.4712 16.2654 15.644 15.5615 15.5418 15.1111 14.1989 13.288 13.0578 14.1003 14.4041 14.3515 14.5901 14.0445 14.3134 14.2136 13.9252 13.0172 12.1917 11.8559 11.1847 -9999 -9999 -9999 -9999 -9999 -9999 -9999 -9999 -9999 -9999 -9999 -9999 -9999 -9999 -9999 -9999 -9999 -9999 -9999 -9999 -9999 -9999 -9999 -9999 -9999 -9999 -9999 -9999 -9999 -9999 -9999 -9999 -9999 -9999 -9999 -9999 -9999 -9999 -9999 -9999 -9999 -9999
-9999 -9999 14.3855 14.8374 15.2139 15.6746 16.0709 16.2747 16.473 16.4644 16.046 15.845 15.8341 15.5544 15.0559 14.746 14.1754 13.5806 13.8186 14.7088 14.324 14.9568 14.9115 15.0338 14.6232 13.833 12.783 12.1706 11.8708 11.3283 -9999 -9999 -9999 -9999 -9999 -9999 -9999 -9999 -9999 -9999 -9999 -9999 -9999 -9999 -9999 -9999 -9999 -9999 -9999 -9999 -9999 -9999 -9999 -9999 -9999 -9999 -9999 -9999 -9999 -9999 -9999 -9999 -9999 -9999 -9999 -9999 -9999 -9999 -9999 -9999 -9999 -9999
-9999 -9999 -9999 14.7543 15.042 15.6578 15.9741 16.1086 16.4242 16.4316 16.2774 16.1627 15.9934 15.7702 15.3975 14.9856 14.4494 14.407 14.9793 14.9942 14.8841 14.9844 15.282 15.2129 14.5725 13.4593 12.8765 11.6823 11.1762 11.2363 10.8799 -9999 -9999 -9999 -9999 -9999 -9999 -9999 -9999 -9999 -9999 -9999 -9999 12.387 -9999 -9999 -9999 -9999 -9999 -9999 -9999 -9999 -9999 -9999 -9999 -9999 -9999 -9999 -9999 -9999 -9999 -9999 -9999 -9999 10.3869 -9999 -9999 -9999 -9999 -9999 -9999 -9999
-9999 -9999 14.6966 15.0763 15.379 15.7672 15.8094 16.0396 16.4013 16.4131 16.3056 16.1834 15.9001 15.8356 15.6267 15.1789 15.0936 15.2863 15.3793 15.4837 15.551 15.5106 15.4007 15.2564 14.8412 14.3307 13.9903 12.9024 12.3531 11.8305 11.0358 10.4159 -9999 -9999 -9999 -9999 -9999 -9999 -9999 11.9289 11.9087 11.9326 12.1182 12.6137 12.338 -9999 -9999 -9999 -9999 -9999 -9999 -9999 -9999 -9999 -9999 -9999 -9999 -9999 -9999 -9999 -9999 -9999 -9999 -9999 10.826 10.2031 -9999 -9999 -9999 -9999 -9999 -9999
-9999 -9999 14.7922 15.199 15.4051 15.7823 16.0006 16.1414 16.2709 16.3951 16.382 16.2459 16.0355 16.0443 15.7523 15.5985 15.4912 15.749 15.8065 15.7145 15.5969 15.4936 15.187 15.1581 15.0579 14.7364 14.2039 13.6549 12.8569 11.7752 10.7145 9.86058 -9999 -9999 -9999 -9999 -9999 -9999 12.0083 12.4213 12.6728 12.1688 12.6178 13.029 12.9749 12.5931 -9999 -9999 -9999 -9999 -9999 -9999 -9999 -9999 -9999 -9999 -9999 -9999 -9999 -9999 13.7855 13.1469 11.8477 11.186 10.7926 10.2271 -9999 -9999 -9999 -9999 -9999 -9999
-9999 -9999 14.7124 15.1916 15.518 15.8083 15.8597 16.1539 16.2863 16.3558 16.3549 16.3333 16.3003 16.0462 15.9413 15.5539 15.9403 15.9343 15.8469 15.4762 15.3201 14.6775 14.3989 14.3377 14.8921 14.4947 13.6573 12.6085 11.3442 11.2691 10.8565 10.0939 -9999 -9999 -9999 -9999 -9999 -9999 12.1315 12.5727 12.9429 13.0054 12.5048 13.2281 13.2085 12.8197 12.7392 13.0762 13.2518 13.1378 13.5388 13.6626 13.4957 13.6982 -9999 -9999 -9999 -9999 13.858 13.8931 13.9218 13.6609 12.2407 11.2735 10.4059 10.3328 -9999 -9999 -9999 -9999 -9999 -9999
-9999 -9999 15.0396 15.3369 15.4901 15.5197 15.7805 16.0379 16.2001 16.3174 16.3011 16.2987 16.2961 16.2142 16.0141 16.0596 16.051 15.9381 15.2251 14.3914 14.7665 14.2775 13.2113 14.0881 14.5729 14.1216 13.1051 11.9252 11.5406 11.5641 10.9874 10.2415 -9999 -9999 -9999 10.921 11.5477 11.6107 11.8024 12.3878 12.8356 13.1779 13.413 13.4141 13.1878 12.8079 12.394 12.5552 13.3282 13.524 13.691 13.819 13.6648 13.7585 13.9717 14.0861 14.1165 14.0774 14.0753 14.1008 14.0853 13.8423 12.574 11.8513 11.3934 10.4644 -9999 -9999 -9999 -9999 -9999 -9999
-9999 -9999 14.8527 15.1118 15.3227 15.6678 15.7094 15.9305 16.0613 16.2574 16.2854 16.07 16.261 16.2449 16.2185 16.1537 16.0553 15.4548 14.6239 13.7909 13.4107 13.5809 12.9447 13.2826 13.7737 13.6067 12.9826 11.9321 11.7895 11.5478 10.5738 9.63601 -9999 -9999 9.71261 10.9065 11.7501 12.19 12.333 12.3557 12.9176 12.9712 13.5756 13.4449 12.6705 12.7692 12.4766 12.6849 12.9738 13.0605 13.4725 13.87 13.9526 13.9636 14.1027 14.1385 14.1543 14.1598 14.0806 14.1297 14.1446 13.9964 13.079 12.6361 12.1466 10.4766 -9999 -9999 -9999 -9999 -9999 -9999
-9999 -9999 14.9784 15.2669 15.5824 15.6381 15.8734 15.8582 15.7959 16.1223 16.2458 16.0957 15.9899 16.2059 16.1994 16.1801 16.143 15.5793 14.9257 13.9316 13.317 12.941 12.6779 12.3212 12.5766 12.5072 12.4118 12.5355 12.2533 11.6774 11.1094 10.0416 9.467 -9999 9.77526 10.3186 11.3202 12.1732 12.7185 12.536 13.1736 13.3005 13.6711 13.4693 13.0035 12.8085 12.8008 12.7485 13.1814 13.4782 13.6884 13.8322 14.0092 14.061 14.1128 14.1397 14.1583 14.177 14.1837 14.1891 14.179 14.1287 13.7116 13.269 12.3036 10.5332 -9999 -9999 -9999 -9999 -9999 -9999
-9999 14.1511 14.9464 15.4264 15.6154 15.7533 15.8756 15.9658 16.058 16.1493 16.2131 16.1955 15.7871 15.8287 15.9115 16.1559 16.1477 16.1046 15.7512 14.5399 14.1242 13.5135 12.7228 12.3963 12.5696 13.2302 13.2074 12.7807 12.3044 11.6411 11.2246 10.5718 9.31342 9.43456 10.0125 10.4451 11.1286 12.1693 12.902 13.2348 13.3671 13.6302 13.773 13.4921 13.2261 13.1203 12.915 12.8952 12.9074 13.1731 13.3821 13.8375 13.9963 14.0741 14.1181 14.146 14.1685 14.1908 14.2042 14.2044 14.2135 14.2187 14.1957 13.6042 12.1123 10.9913 -9999 -9999 -9999 -9999 -9999 -9999
-9999 -9999 14.8005 15.0143 15.074 15.1747 15.3756 15.6068 15.93 15.9777 16.1608 16.1682 15.8174 15.4115 15.7801 15.9318 16.0889 16.1021 16.0643 15.0444 14.5157 14.1007 13.3426 13.6254 13.8941 13.9205 13.7686 12.8462 11.9276 10.8652 9.87572 9.83495 9.30658 9.59794 9.9823 10.9576 11.6469 11.9322 12.1402 13.1988 13.4809 13.5848 13.8638 13.5085 13.4272 13.1631 13.2557 13.2425 13.2549 12.5036 13.2782 13.3339 13.8421 14.0773 14.1375 14.1605 14.1843 14.1955 14.2071 14.2136 14.2272 14.2281 14.229 13.8477 11.9524 11.0063 -9999 -9999 -9999 -9999 -9999 -9999
-9999 -9999 -9999 -9999 14.8771 15.0413 15.1486 15.3307 15.8755 16.028 16.1319 16.1477 15.9959 15.5948 15.4952 15.5789 15.1881 15.5308 15.9956 15.992 15.944 15.0499 14.5959 15.0489 14.9197 14.2485 13.7216 13.2015 12.1248 11.3362 10.2012 9.35071 9.32552 10.2791 11.0732 12.06 12.5005 12.264 12.5401 13.0702 13.6721 13.9686 13.9119 13.5368 13.4943 13.0811 13.509 13.5557 13.3728 13.2161 13.2932 13.5502 13.6545 14.0542 14.1583 14.185 14.197 14.2075 14.2146 14.221 14.2249 14.2295 14.2328 14.224 12.2755 10.7626 -9999 -9999 -9999 -9999 -9999 -9999
-9999 -9999 -9999 -9999 14.5015 14.6034 14.8635 15.5238 15.8699 16.0151 16.0176 16.0892 15.9846 15.6325 15.2712 14.931 14.4896 14.7554 15.4443 15.8535 15.9065 15.1236 15.5415 15.3942 15.0971 14.2174 13.5705 13.2305 12.1971 11.3111 10.5583 9.51641 9.97214 10.4737 11.1161 12.1922 12.9214 13.2266 12.9876 13.3306 14.0215 14.0359 13.6744 13.7095 13.4942 12.9256 13.5403 13.7212 13.5954 13.6418 13.6013 13.7037 13.8812 14.0512 14.1674 14.1912 14.2022 14.2075 14.216 14.225 14.2261 14.2354 14.2386 14.2374 12.9829 10.7348 -9999 -9999 -9999 -9999 -9999 -9999
-9999 -9999 -9999 -9999 -9999 14.1646 14.7516 15.6264 15.8454 15.8325 16.0193 16.0425 15.8778 15.7361 15.2956 14.6907 13.5206 13.8294 14.4641 15.3755 15.8578 15.8007 15.5432 15.0907 13.9865 13.0207 12.9088 12.7558 12.0034 11.3221 10.4844 10.9807 11.5239 12.1178 12.4338 12.3622 12.9883 13.5007 13.2966 13.715 14.2017 13.9961 13.8791 13.7828 13.5322 13.5275 13.5661 13.9201 13.6941 13.8509 13.8651 13.8678 13.9596 14.0634 14.1716 14.1972 14.2066 14.217 14.2143 14.2269 14.2299 14.233 14.2367 14.2369 14.1315 12.9251 12.2074 -9999 -9999 -9999 -9999 -9999
-9999 -9999 -9999 -9999 -9999 13.6282 13.9237 14.9587 15.2799 15.7417 15.9906 16.0096 15.7259 15.5715 14.9109 14.7026 13.6208 13.1357 13.5628 13.41 14.6616 15.7697 15.5368 13.3206 12.5219 11.954 12.1077 12.1153 11.9104 10.7478 10.433 11.4851 12.1505 12.668 13.0628 13.1516 13.1472 13.9434 14.0577 14.3234 14.2779 14.3121 13.9253 13.6902 13.9164 13.6798 13.6487 14.014 13.6765 14.003 13.9764 13.8926 13.8983 14.1164 14.1684 14.2001 14.2106 14.2113 14.2094 14.2122 14.2276 14.2332 14.2305 14.24 14.2377 14.1028 13.4826 13.272 13.5251 -9999 -9999 -9999
-9999 -9999 -9999 -9999 -9999 -9999 12.9641 14.4005 15.0575 15.408 15.8991 15.9654 15.8168 15.5444 14.8716 14.2809 13.3147 12.2096 11.6287 13.4011 14.9444 15.7531 15.6546 13.811 13.0872 13.0597 13.4962 13.1397 12.8709 11.9885 11.7306 11.3696 11.6041 12.3219 12.9107 13.4792 13.895 13.9373 14.2106 14.3727 14.3952 14.453 14.4168 14.3895 14.0173 14.2933 14.0797 14.2102 14.1446 14.0864 14.0374 13.8289 13.9946 14.1422 14.1876 14.2079 14.2087 14.2156 14.2184 14.2139 14.2173 14.2252 14.2327 14.2346 14.2435 14.2466 14.1854 13.816 13.3183 12.687 -9999 -9999
-9999 -9999 -9999 -9999 -9999 -9999 12.2498 13.6794 14.3688 15.2591 15.7192 15.9108 15.8953 15.6763 15.1672 14.3962 13.7551 12.5204 11.2377 13.0984 14.7564 15.6539 15.7078 14.1599 14.5975 14.2557 14.4028 13.7716 13.5133 13.3085 12.8579 12.3646 11.8233 11.5418 12.8533 13.5311 14.0783 14.3412 14.4938 14.5748 14.5468 14.4597 13.8914 14.3432 14.3308 14.2977 14.2584 14.2451 14.2104 14.1676 14.1464 14.1459 14.0108 14.1858 14.1923 14.2039 14.2137 14.2182 14.2186 14.2198 14.2192 14.229 14.2325 14.2357 14.2408 14.2488 14.2534 14.2419 14.1506 13.2996 12.7943 12.6599
-9999 -9999 -9999 -9999 -9999 -9999 10.2495 12.3269 13.9919 14.869 15.5827 15.7858 15.8672 15.5701 15.35 14.7998 14.2788 13.4703 12.255 11.5093 12.9046 14.9275 15.6784 15.6274 15.5876 15.1915 14.8353 14.7962 14.8304 14.4126 13.8025 13.0061 12.7633 12.4896 13.4687 13.6089 13.5467 14.6227 14.6342 14.5827 14.1838 13.7376 13.8344 13.5631 13.7908 13.4641 13.7851 14.064 14.1751 14.1776 14.1524 14.1578 14.1524 14.1918 14.201 14.2058 14.2113 14.2183 14.2229 14.2189 14.2203 14.2332 14.235 14.2375 14.2408 14.2501 14.257 14.2509 14.2462 14.1231 13.9334 13.5642
-9999 -9999 -9999 -9999 -9999 -9999 10.3351 12.0798 13.5648 14.4563 15.3167 15.523 15.8193 15.7659 15.5349 15.0576 14.4588 13.7948 12.7532 11.9806 12.9153 14.2623 15.2275 15.5782 15.5827 15.5665 15.4823 15.4492 15.3503 15.2794 14.8458 14.0939 13.6728 13.0527 14.1429 14.2728 14.1123 14.6609 14.6427 13.8354 13.2169 13.1481 13.5425 13.1883 13.135 12.92 13.1869 13.8844 13.6933 13.7437 14.0653 14.1273 14.1714 14.1902 14.1977 14.2056 14.2095 14.2192 14.2287 14.225 14.2279 14.2336 14.2304 14.2391 14.2398 14.244 14.2483 14.2492 14.2457 14.2173 14.1849 14.2382
-9999 -9999 -9999 -9999 -9999 -9999 10.3688 11.5443 12.8815 14.1915 15.1097 15.4853 15.7611 15.7668 15.4968 15.2636 14.8912 14.3079 13.91 13.2133 12.2543 13.881 14.3864 14.837 15.0279 15.4968 15.4924 15.2877 15.047 15.2829 15.2236 14.6303 14.4408 14.1152 14.7253 14.7353 14.7272 14.7036 14.0227 13.073 12.3159 12.8767 12.771 13.036 12.2624 12.9167 13.4465 13.6255 13.2848 13.0335 13.8533 13.9992 14.0891 14.1501 14.1934 14.1948 14.2123 14.2165 14.223 14.2292 14.2309 14.2354 14.237 14.2386 14.2432 14.2484 14.2485 14.2459 14.2545 14.2442 14.2455 14.2487
-9999 -9999 -9999 -9999 -9999 -9999 -9999 10.8501 12.5397 14.0528 14.899 15.4344 15.6996 15.7035 15.5694 15.4136 15.1856 14.7668 14.2384 13.399 12.7775 13.1833 13.6788 13.741 14.0717 15.0175 15.3452 14.8979 13.7773 14.4486 15.1965 15.1927 15.1379 15.0757 14.9948 14.9219 14.7523 14.2836 12.8301 12.5502 11.9857 12.0601 11.7753 12.4299 12.2003 12.8707 13.1672 13.2856 12.6855 12.8244 13.5542 13.8486 13.8116 13.9959 14.1727 14.1877 14.2019 14.2068 14.2194 14.2297 14.2358 14.2366 14.24 14.2449 14.2434 14.2553 14.2103 14.1844 14.1222 14.2203 14.2382 14.256
-9999 -9999 -9999 -9999 -9999 -9999 -9999 10.5089 12.199 13.9794 14.5567 15.1332 15.6319 15.6498 15.4404 15.2415 15.0362 14.8011 14.1587 13.5358 12.9413 12.7464 12.8747 12.8748 13.4057 14.6359 14.88 14.7863 13.616 13.2266 14.2231 15.062 15.1358 15.069 14.1 14.3169 13.7982 13.0918 12.9039 12.5999 11.9475 12.2752 11.8001 12.0175 11.975 12.3599 12.5529 13.009 12.4872 12.4992 13.2161 13.5817 13.6008 13.9838 14.1266 14.1712 14.1896 14.2053 14.2162 14.2313 14.237 14.2407 14.2427 14.2342 14.2012 14.0832 13.3869 13.3973 13.6011 13.7944 14.1399 14.2461
-9999 -9999 -9999 -9999 -9999 -9999 -9999 10.7007 11.8758 13.4566 14.6297 14.7111 15.2859 15.5865 15.358 15.0995 14.8348 14.7233 14.0236 13.2542 12.6338 11.898 12.0276 12.5683 13.4508 14.2482 14.3969 14.2411 13.6155 13.9208 14.6031 14.9693 15.0833 15.0087 14.8044 14.6901 14.3105 14.1511 13.6207 12.7864 12.4634 12.6831 11.7973 11.8694 12.2102 11.872 12.4618 12.7495 12.0725 12.6304 13.2637 13.5924 13.881 14.0228 14.0853 14.1757 14.1874 14.2038 14.2169 14.2251 14.2344 14.2307 14.2292 14.1635 14.0621 13.4122 13.1521 13.2157 13.5302 13.8067 14.1007 14.2245
-9999 -9999 -9999 -9999 -9999 -9999 -9999 10.8965 11.9554 13.327 14.1657 14.3224 14.9588 15.5255 15.4713 15.202 15.1255 14.8459 14.2538 13.5988 12.8821 12.5374 11.7354 12.5397 13.1804 13.857 14.1775 13.6638 13.4122 13.8801 14.3454 14.5363 15.0064 15.0106 14.8689 14.2291 13.9217 14.0643 13.9374 13.7086 13.1373 13.1208 12.7573 12.6125 12.4763 12.0158 12.3281 12.3684 12.4634 13.1278 13.4623 13.6875 13.8931 13.9545 14.0495 14.1696 14.189 14.2026 14.2116 14.2232 14.2245 14.2025 14.1855 14.0439 13.786 13.2965 12.5028 13.0826 13.6886 13.8795 14.0645 14.1641
-9999 -9999 -9999 -9999 -9999 -9999 -9999 10.714 11.8384 13.0117 13.507 13.5979 14.7428 15.447 15.4563 15.3329 15.1874 14.4852 14.5347 14.4005 13.7548 12.8109 11.7733 11.8789 12.5105 13.4033 13.7033 12.8519 12.558 12.7885 13.4878 14.1148 14.7692 14.9419 14.7611 13.7604 12.6965 13.203 13.7438 13.75 13.6032 13.0743 12.9128 12.7677 12.3846 11.7309 11.8406 12.0355 12.7915 13.037 13.4107 13.7227 13.6191 13.6957 13.9943 14.1698 14.1858 14.1985 14.2135 14.2193 14.2189 14.166 14.1093 14.0079 13.3202 12.8963 12.277 13.0244 13.4406 13.6726 14.0692 14.1711
-9999 -9999 -9999 -9999 -9999 -9999 -9999 10.3648 11.1828 12.3047 12.7616 13.4857 14.5681 15.1046 15.366 15.3685 15.2742 14.9642 14.781 14.4122 13.7404 12.8189 11.7937 11.1289 11.4785 12.6781 12.9679 12.1823 11.7897 12.2972 13.042 14.1409 14.7724 14.8652 14.8176 14.6182 13.8439 12.9066 12.9189 13.4028 13.015 12.5629 12.8263 12.789 12.4109 12.1387 11.9803 12.1011 12.5341 12.7196 13.1497 13.7794 13.8783 13.8708 14.1416 14.1645 14.1804 14.2 14.2093 14.2165 14.2183 14.177 14.0726 13.6181 13.2231 12.6699 12.61 13.279 13.5784 13.8563 14.0559 14.1275
-9999 -9999 -9999 -9999 -9999 -9999 -9999 9.76589 10.727 11.7784 12.7634 13.6958 14.4995 14.569 14.9967 15.0043 15.2323 15.1774 14.8907 14.5814 14.0039 12.8181 11.8222 10.7354 11.0318 12.2538 12.4167 11.8967 10.9292 11.9451 13.0646 14.0801 14.6338 14.2151 14.6618 14.6347 14.3502 13.7959 12.9292 12.955 12.308 12.289 12.6358 12.755 12.7087 12.5068 12.1803 12.2542 12.5206 12.5964 12.9924 13.4832 13.9632 14.0522 14.1518 14.1655 14.1768 14.1939 14.2046 14.2045 14.1902 14.1467 13.7674 13.3145 13.0393 12.6569 12.6192 13.3848 13.703 13.8823 14.0562 14.1308
-9999 -9999 -9999 -9999 -9999 -9999 -9999 -9999 10.6255 11.7113 12.5169 12.7397 13.4549 13.8448 14.1483 14.222 15.0733 15.128 14.9493 14.666 14.1748 13.277 12.6539 11.6119 10.8651 11.1854 11.3338 11.6194 11.5459 12.0036 13.0797 14.2006 14.3304 13.6323 13.7457 13.9024 14.2427 14.0837 12.8994 12.3024 11.8086 12.1757 12.5616 12.6625 12.6906 12.628 12.5594 12.4266 12.94 13.3226 13.4191 13.7539 14.0036 14.0798 14.1396 14.1557 14.1718 14.1817 14.1776 14.1773 14.127 14.0021 13.5768 12.54 12.5989 12.4957 12.1802 12.9303 13.4129 13.8386 14.0695 14.1365
-9999 -9999 -9999 -9999 -9999 -9999 -9999 -9999 10.2627 11.5178 11.7891 11.7774 11.3724 11.5705 13.1096 13.426 14.2429 15.0169 14.9689 14.6914 14.2324 13.7011 12.8741 11.7013 10.7709 10.3789 11.3989 12.399 12.612 12.9369 13.5995 13.7322 13.0184 12.3496 12.7385 12.9764 13.8581 14.0265 13.8661 13.1564 12.3438 11.9243 12.4407 12.5183 12.5587 12.5747 12.5728 12.5625 13.1428 13.467 13.6949 13.8236 14.0395 14.1021 14.129 14.1547 14.1609 14.1601 14.1375 14.1104 13.9576 13.7706 13.0677 12.4834 12.1229 11.6627 12.7331 13.0619 13.5119 13.8081 14.0379 14.0962
