Test_Spring_2018/11_17/Temp/20171111_009.txt
ncols	170
nrows	115
xllcorner	350000.000000
yllcorner	4445000.000000
cellsize	1000.000000
nodata_value	-9999.000000
[rows 32 to 63 of 115, columns 72 to 143 of 170]
13.379 13.0942 13.5353 13.9415 13.6964 13.5301 14.1977 14.1981 13.971 13.437 13.2414 13.0387 12.9146 12.2293 10.3057 8.57151 9.50109 9.52323 8.88056 10.0329 9.42391 7.83558 5.59344 6.8117 6.49427 4.90606 4.51136 -9999 -9999 -9999 -9999 -9999 -9999 -9999 -9999 -9999 -9999 -9999 -9999 -9999 -9999 -9999 -9999 -9999 -9999 -9999 -9999 -9999 -9999 -9999 -9999 -9999 -9999 -9999 -9999 -9999 -9999 -9999 -9999 -9999 -9999 -9999 -9999 -9999 -9999 -9999 -9999 -9999 -9999 -9999 -9999 -9999
12.9961 12.8741 13.5296 13.5165 13.4764 13.7122 14.127 14.21 14.1217 13.889 13.6877 13.4734 12.9291 12.1451 10.4988 8.52482 8.07727 9.04367 9.09011 9.24541 8.69052 7.99349 6.90307 7.79566 8.14214 7.09661 5.72825 4.84713 -9999 -9999 -9999 -9999 -9999 -9999 -9999 -9999 -9999 -9999 -9999 -9999 -9999 -9999 -9999 -9999 -9999 -9999 -9999 -9999 -9999 -9999 -9999 -9999 -9999 -9999 -9999 -9999 -9999 -9999 -9999 -9999 -9999 -9999 -9999 -9999 -9999 -9999 -9999 -9999 -9999 -9999 -9999 -9999
12.5397 11.9051 12.3004 12.5974 13.1448 13.2898 13.3724 14.1541 14.1131 14.0773 13.7442 13.4778 13.0362 12.2816 11.207 9.91303 7.65977 9.04953 10.1378 10.11 10.0504 9.56217 8.51465 9.39079 9.43171 8.09433 6.57499 5.68104 5.31114 -9999 -9999 -9999 -9999 -9999 -9999 -9999 -9999 -9999 -9999 -9999 -9999 -9999 -9999 -9999 -9999 -9999 -9999 -9999 -9999 -9999 -9999 -9999 -9999 -9999 -9999 -9999 -9999 -9999 -9999 -9999 -9999 -9999 -9999 -9999 -9999 -9999 -9999 -9999 -9999 -9999 -9999 -9999
12.0211 11.2458 11.6436 12.1743 12.9203 13.3083 13.605 13.839 14.0777 14.0499 13.7088 12.7007 12.557 12.5137 11.811 10.3357 8.86244 8.48096 10.141 10.6163 10.5196 10.8902 10.0029 10.4221 10.2499 9.77481 8.31153 6.98004 6.42857 5.33915 -9999 -9999 -9999 -9999 -9999 -9999 -9999 -9999 -9999 -9999 -9999 -9999 -9999 -9999 -9999 -9999 -9999 -9999 -9999 -9999 -9999 -9999 -9999 -9999 -9999 -9999 -9999 -9999 -9999 -9999 -9999 -9999 -9999 -9999 -9999 -9999 -9999 -9999 -9999 -9999 -9999 -9999
-9999 -9999 10.7573 11.4773 12.0748 12.8075 13.44 13.7567 14.0643 14.0398 13.3577 13.0241 12.9952 12.5348 11.7234 11.2143 10.2868 9.32047 9.68998 11.1057 10.4762 11.4791 11.3942 11.5783 10.9076 9.6328 7.93628 6.94675 6.45324 5.57026 -9999 -9999 -9999 -9999 -9999 -9999 -9999 -9999 -9999 -9999 -9999 -9999 -9999 -9999 -9999 -9999 -9999 -9999 -9999 -9999 -9999 -9999 -9999 -9999 -9999 -9999 -9999 -9999 -9999 -9999 -9999 -9999 -9999 -9999 -9999 -9999 -9999 -9999 -9999 -9999 -9999 -9999
-9999 -9999 -9999 11.3442 11.7994 12.7777 13.2853 13.491 13.9869 13.9882 13.7299 13.535 13.2519 12.8822 12.2724 11.5997 10.7274 10.647 11.5528 11.5642 11.3753 11.524 11.9892 11.8664 10.8265 9.03381 8.08693 6.16401 5.33974 5.42358 4.8392 -9999 -9999 -9999 -9999 -9999 -9999 -9999 -9999 -9999 -9999 -9999 -9999 7.07884 -9999 -9999 -9999 -9999 -9999 -9999 -9999 -9999 -9999 -9999 -9999 -9999 -9999 -9999 -9999 -9999 -9999 -9999 -9999 -9999 3.56038 -9999 -9999 -9999 -9999 -9999 -9999 -9999
-9999 -9999 11.2568 11.8642 12.3403 12.9538 13.015 13.3811 13.9511 13.9597 13.7765 13.5694 13.1037 12.9885 12.6415 11.9111 11.7619 12.0585 12.1953 12.3503 12.4459 12.3688 12.1804 11.9367 11.2633 10.4322 9.87416 8.11685 7.22841 6.37762 5.09031 4.0832 -9999 -9999 -9999 -9999 -9999 -9999 -9999 6.40292 6.35609 6.37992 6.6631 7.4431 6.98606 -9999 -9999 -9999 -9999 -9999 -9999 -9999 -9999 -9999 -9999 -9999 -9999 -9999 -9999 -9999 -9999 -9999 -9999 -9999 4.26402 3.25028 -9999 -9999 -9999 -9999 -9999 -9999
-9999 -9999 11.4175 12.0608 12.3826 12.9786 13.3198 13.5454 13.7432 13.9321 13.9005 13.6713 13.3225 13.3249 12.8445 12.5856 12.4009 12.802 12.8817 12.7214 12.5202 12.3423 11.8382 11.7798 11.6113 11.0836 10.2175 9.32498 8.03742 6.28989 4.57614 3.19377 -9999 -9999 -9999 -9999 -9999 -9999 6.54601 7.1943 7.5832 6.75999 7.46541 8.11019 8.00827 7.37881 -9999 -9999 -9999 -9999 -9999 -9999 -9999 -9999 -9999 -9999 -9999 -9999 -9999 -9999 9.06843 8.02973 5.93129 4.85555 4.20994 3.28811 -9999 -9999 -9999 -9999 -9999 -9999
-9999 -9999 11.2891 12.0489 12.5639 13.021 13.0948 13.5642 13.7691 13.8707 13.8588 13.8133 13.7491 13.3297 13.1494 12.5156 13.1228 13.1004 12.9474 12.3401 12.0771 11.0337 10.5746 10.4683 11.3457 10.6965 9.34128 7.64719 5.61226 5.47919 4.80518 3.56944 -9999 -9999 -9999 -9999 -9999 -9999 6.74529 7.43877 8.01791 8.10342 7.28532 8.43039 8.382 7.74262 7.59781 8.12275 8.38884 8.19057 8.81711 9.00046 8.71766 9.02764 -9999 -9999 -9999 -9999 9.21229 9.25448 9.28636 8.85364 6.5612 4.99536 3.58903 3.45541 -9999 -9999 -9999 -9999 -9999 -9999
-9999 -9999 11.8134 12.2818 12.5193 12.5588 12.969 13.3794 13.6322 13.8139 13.7771 13.7623 13.7465 13.6032 13.2701 13.3304 13.3039 13.1099 11.9532 10.6031 11.1923 10.3927 8.67432 10.0682 10.834 10.0984 8.45619 6.55198 5.92838 5.95362 5.0164 3.8096 -9999 -9999 -9999 4.84838 5.84019 5.92741 6.22085 7.14547 7.84927 8.38141 8.74338 8.73077 8.34956 7.72419 7.04419 7.28695 8.51104 8.80944 9.06063 9.2506 8.98801 9.1236 9.45089 9.6201 9.65453 9.57771 9.56031 9.58724 9.54833 9.14452 7.09545 5.92172 5.17261 3.66248 -9999 -9999 -9999 -9999 -9999 -9999
-9999 -9999 11.5172 11.9248 12.2551 12.8018 12.8605 13.2069 13.4132 13.7192 13.7537 13.3971 13.692 13.6541 13.5993 13.4827 13.3118 12.3355 10.9897 9.64047 9.01782 9.28199 8.24951 8.7789 9.55486 9.27287 8.26329 6.56669 6.32662 5.93138 4.35635 2.83974 -9999 -9999 2.92479 4.82685 6.1666 6.85835 7.07362 7.09567 7.98217 8.05325 9.00745 8.78346 7.52291 7.66528 7.17699 7.49481 7.94206 8.06522 8.7103 9.3316 9.4489 9.45165 9.66008 9.70303 9.71425 9.70906 9.56806 9.63294 9.64305 9.39133 7.90555 7.18082 6.37991 3.68276 -9999 -9999 -9999 -9999 -9999 -9999
-9999 -9999 11.7227 12.178 12.6764 12.7581 13.1275 13.0925 12.989 13.5029 13.6917 13.44 13.2588 13.593 13.5701 13.5261 13.4535 12.5361 11.4744 9.86671 8.8679 8.25552 7.82153 7.23935 7.63746 7.51474 7.35037 7.53738 7.07169 6.14025 5.21729 3.49165 2.5577 -9999 3.02693 3.88539 5.47868 6.8332 7.69376 7.3864 8.39436 8.58273 9.16276 8.82334 8.05789 7.72818 7.69944 7.59939 8.27744 8.73466 9.0558 9.27079 9.53877 9.60689 9.67537 9.70409 9.71985 9.73587 9.7327 9.72763 9.69777 9.60322 8.92003 8.1948 6.63149 3.7735 -9999 -9999 -9999 -9999 -9999 -9999
-9999 10.3992 11.6709 12.4336 12.7297 12.9436 13.1322 13.269 13.4128 13.548 13.6402 13.6016 12.9348 12.9894 13.1095 13.4884 13.4618 13.3794 12.7992 10.8429 10.1656 9.17598 7.89587 7.35991 7.62661 8.67496 8.62723 7.93149 7.15616 6.08432 5.40306 4.34403 2.31268 2.49461 3.40903 4.08983 5.17289 6.82843 7.98963 8.50879 8.70603 9.11371 9.32721 8.85993 8.41491 8.22866 7.88291 7.83457 7.83762 8.24741 8.56641 9.27848 9.51765 9.62705 9.683 9.71325 9.73538 9.75722 9.76504 9.75171 9.75268 9.74721 9.69554 8.7324 6.32177 4.50544 -9999 -9999 -9999 -9999 -9999 -9999
-9999 -9999 11.4364 11.7726 11.8615 12.0161 12.3312 12.6943 13.2086 13.2755 13.5588 13.5588 12.9847 12.3212 12.8997 13.1297 13.3682 13.3759 13.3017 11.6555 10.7952 10.1177 8.89017 9.33171 9.75153 9.78263 9.52795 8.03728 6.55259 4.84038 3.24119 3.16371 2.30324 2.75791 3.36183 4.91329 6.00563 6.44938 6.76875 8.45235 8.89033 9.04113 9.47296 8.88698 8.73814 8.29771 8.4296 8.39163 8.39472 7.17285 8.39897 8.47195 9.27131 9.6316 9.71328 9.73583 9.7599 9.76416 9.76925 9.766 9.77439 9.76148 9.74701 9.12062 6.06523 4.52949 -9999 -9999 -9999 -9999 -9999 -9999
-9999 -9999 -9999 -9999 11.5461 11.8029 11.9679 12.2524 13.1222 13.3571 13.5135 13.5276 13.2721 12.616 12.4434 12.5642 11.9237 12.4603 13.1937 13.1754 13.0863 11.6403 10.8999 11.6154 11.3969 10.3093 9.45296 8.60772 6.86965 5.59652 3.76391 2.38759 2.3349 3.85206 5.11271 6.68265 7.37592 6.98271 7.41122 8.24706 9.19734 9.65756 9.55068 8.93289 8.84611 8.1665 8.83607 8.89404 8.58366 8.31542 8.42247 8.81822 8.96953 9.59507 9.74696 9.7745 9.77981 9.78292 9.78076 9.77763 9.7692 9.76237 9.75312 9.72421 6.58346 4.13854 -9999 -9999 -9999 -9999 -9999 -9999
-9999 -9999 -9999 -9999 10.9441 11.1011 11.5114 12.563 13.1139 13.3372 13.3307 13.4344 13.2546 12.6771 12.0844 11.5252 10.8037 11.2169 12.3092 12.9531 13.0261 11.7585 12.417 12.1694 11.6819 10.2596 9.21115 8.65471 6.98604 5.55678 4.3372 2.65386 3.37262 4.16459 5.18234 6.89537 8.05159 8.52736 8.12982 8.66519 9.75848 9.76596 9.17011 9.21024 8.84635 7.9173 8.88632 9.15953 8.94062 8.99822 8.91637 9.06411 9.33273 9.58973 9.76083 9.78445 9.78769 9.78263 9.78282 9.78334 9.77119 9.77182 9.7625 9.74579 7.71815 4.0939 -9999 -9999 -9999 -9999 -9999 -9999
-9999 -9999 -9999 -9999 -9999 10.3979 11.3325 12.7282 13.0751 13.0447 13.3338 13.3597 13.0833 12.8433 12.1236 11.1398 9.24935 9.73141 10.7369 12.1865 12.9481 12.8449 12.42 11.683 9.90056 8.34046 8.15008 7.89374 6.67569 5.57472 4.21904 5.00296 5.862 6.80217 7.29628 7.1682 8.15905 8.96727 8.6256 9.28201 10.0476 9.7024 9.49875 9.32801 8.90746 8.88306 8.9279 9.47857 9.09898 9.33353 9.33954 9.32715 9.45824 9.60902 9.76739 9.79383 9.79472 9.79781 9.77981 9.78637 9.77723 9.768 9.75933 9.74484 9.56052 7.60723 6.43992 -9999 -9999 -9999 -9999 -9999
-9999 -9999 -9999 -9999 -9999 9.53809 10.0049 11.6576 12.1683 12.8992 13.2878 13.3068 12.8395 12.5794 11.5065 11.1589 9.41017 8.61891 9.29115 9.03385 11.0297 12.7956 12.4102 8.84394 7.5517 6.62968 6.86532 6.86657 6.52684 4.65359 4.13664 5.81221 6.86716 7.68468 8.30505 8.43438 8.41372 9.67732 9.8463 10.2577 10.1698 10.2091 9.57278 9.17948 9.52387 9.12738 9.06045 9.62932 9.07087 9.57765 9.51816 9.3672 9.36015 9.69426 9.76251 9.79873 9.80121 9.78867 9.77214 9.76274 9.77347 9.76817 9.74924 9.74955 9.73059 9.49614 8.48528 8.13121 8.5211 -9999 -9999 -9999
-9999 -9999 -9999 -9999 -9999 -9999 8.46611 10.7624 11.8117 12.3639 13.1408 13.2356 12.9867 12.5364 11.4438 10.4827 8.91951 7.13385 6.18909 9.02012 11.4839 12.7696 12.5997 9.63107 8.459 8.40391 9.09297 8.51002 8.06771 6.64406 6.21821 5.62669 5.99049 7.12947 8.06066 8.95934 9.61295 9.66695 10.0914 10.3364 10.3575 10.4348 10.361 10.301 9.68553 10.1116 9.75198 9.94439 9.82216 9.7119 9.61652 9.26551 9.51516 9.73631 9.79387 9.81109 9.79844 9.79575 9.78659 9.76586 9.75671 9.755 9.75247 9.74056 9.73962 9.72639 9.61216 9.00353 8.18907 7.1604 -9999 -9999
-9999 -9999 -9999 -9999 -9999 -9999 7.32073 9.60579 10.7071 12.125 12.854 13.1505 13.1129 12.7482 11.9182 10.6682 9.62666 7.63325 5.56313 8.53507 11.1832 12.6113 12.6867 10.1915 10.8824 10.3229 10.5478 9.52399 9.09835 8.76156 8.02647 7.22278 6.3424 5.87737 7.96818 9.04207 9.90641 10.3143 10.5451 10.6607 10.6004 10.445 9.51772 10.2265 10.1882 10.1186 10.0387 10.0006 9.92821 9.84282 9.79213 9.77498 9.5422 9.80673 9.80081 9.8051 9.80686 9.80023 9.78711 9.77542 9.76078 9.76082 9.75163 9.7419 9.73485 9.7294 9.72087 9.68641 9.52392 8.14301 7.31664 7.08352
-9999 -9999 -9999 -9999 -9999 -9999 4.11257 7.43633 10.1057 11.5017 12.637 12.9504 13.0682 12.5785 12.2123 11.3164 10.4678 9.15817 7.19617 5.98788 8.21342 11.4469 12.6405 12.5465 12.4714 11.8248 11.2419 11.1679 11.2112 10.5329 9.54293 8.25254 7.84937 7.39734 8.95471 9.16629 9.05293 10.7653 10.7697 10.6728 10.0182 9.28664 9.42647 8.97478 9.32174 8.78134 9.27966 9.71055 9.87201 9.85954 9.80266 9.79457 9.76985 9.81561 9.8156 9.8088 9.80355 9.80072 9.79431 9.77417 9.76243 9.76899 9.75523 9.74431 9.73422 9.7308 9.72611 9.70039 9.6769 9.46371 9.14373 8.53397
-9999 -9999 -9999 -9999 -9999 -9999 4.25373 7.04933 9.42111 10.8427 12.2111 12.5296 12.9921 12.8936 12.5099 11.7312 10.7579 9.68009 7.99686 6.74561 8.23309 10.3813 11.9183 12.4684 12.4644 12.4269 12.2804 12.2169 12.0466 11.9248 11.2165 9.99669 9.3081 8.30035 10.0359 10.2308 9.95966 10.826 10.7828 9.47337 8.46668 8.34153 8.95772 8.37394 8.2701 7.90855 8.32032 9.42277 9.09944 9.16384 9.66355 9.74677 9.79888 9.81385 9.81105 9.80921 9.80112 9.80263 9.80389 9.78413 9.77467 9.76963 9.74992 9.7462 9.73217 9.72041 9.71142 9.69721 9.67582 9.61456 9.54548 9.6133
-9999 -9999 -9999 -9999 -9999 -9999 4.30859 6.19146 8.3259 10.419 11.8801 12.4701 12.9 12.8963 12.4502 12.0633 11.4532 10.505 9.85437 8.72479 7.17454 9.77242 10.5706 11.2807 11.5766 12.3172 12.2986 11.9586 11.5651 11.9309 11.8219 10.8572 10.5401 10.0046 10.9699 10.9723 10.9457 10.8941 9.78781 8.25005 7.02099 7.90588 7.72136 8.12952 6.87026 7.90359 8.73718 9.00804 8.44485 8.02551 9.32456 9.53902 9.66778 9.75051 9.80503 9.79257 9.80627 9.7989 9.79518 9.7909 9.77948 9.77228 9.7604 9.74814 9.73683 9.72662 9.71099 9.6896 9.68752 9.65571 9.64242 9.62957
-9999 -9999 -9999 -9999 -9999 -9999 -9999 5.0795 7.78268 10.1984 11.5439 12.3905 12.8034 12.7968 12.569 12.3063 11.928 11.2437 10.384 9.02548 8.01676 8.65616 9.43819 9.52522 10.044 11.5495 12.0636 11.334 9.52969 10.5924 11.7792 11.76 11.6589 11.5458 11.4021 11.2716 10.9858 10.2202 7.87444 7.41166 6.49154 6.59627 6.12437 7.15739 6.77058 7.83016 8.28962 8.4634 7.48456 7.69154 8.84165 9.29803 9.22328 9.5037 9.77269 9.78209 9.79026 9.78373 9.78971 9.79189 9.78736 9.77357 9.76427 9.7572 9.73529 9.73551 9.64755 9.59021 9.47474 9.61648 9.62971 9.63425
-9999 -9999 -9999 -9999 -9999 -9999 -9999 4.53818 7.2381 10.0827 10.9968 11.9092 12.6968 12.7129 12.3643 12.0326 11.6907 11.3012 10.2586 9.24739 8.28188 7.95749 8.15149 8.13737 8.9771 10.9388 11.3184 11.156 9.27042 8.63294 10.2184 11.551 11.656 11.5354 9.96746 10.3017 9.45597 8.3089 7.99337 7.49143 6.43049 6.94152 6.1645 6.49804 6.40942 7.01107 7.30467 8.02036 7.16731 7.17094 8.30006 8.87086 8.88605 9.4851 9.69923 9.75592 9.77068 9.78133 9.78434 9.79405 9.78872 9.77999 9.76832 9.73966 9.67145 9.46206 8.32585 8.32694 8.63809 8.93264 9.46794 9.61694
-9999 -9999 -9999 -9999 -9999 -9999 -9999 4.84846 6.72225 9.24628 11.1162 11.2346 12.1441 12.6139 12.2347 11.8076 11.3704 11.1792 10.0446 8.79818 7.791 6.59882 6.79487 7.65037 9.05128 10.3184 10.5448 10.2826 9.27082 9.74754 10.8288 11.4031 11.5725 11.4394 11.0981 10.901 10.2783 10.0085 9.1436 7.79106 7.25849 7.59621 6.16035 6.26103 6.79246 6.22886 7.15933 7.6049 6.5031 7.37723 8.37716 8.88883 9.33631 9.5486 9.63373 9.76375 9.76789 9.77938 9.78581 9.78431 9.78452 9.76372 9.74642 9.62587 9.44803 8.39005 7.94844 8.03472 8.52359 8.95173 9.39735 9.58078
-9999 -9999 -9999 -9999 -9999 -9999 -9999 5.16559 6.85266 9.04118 10.3746 10.6138 11.6222 12.5189 12.4194 11.9749 11.8398 11.3788 10.4167 9.35378 8.19197 7.62708 6.32852 7.60669 8.6194 9.6925 10.1945 9.36262 8.94613 9.68354 10.4167 10.7097 11.4502 11.4434 11.2024 10.1624 9.65536 9.87007 9.65242 9.27105 8.34017 8.299 7.70116 7.45375 7.22012 6.4603 6.94561 6.9946 7.12565 8.17589 8.69665 9.04224 9.35666 9.43984 9.57702 9.75471 9.77101 9.77798 9.77768 9.78138 9.76864 9.71848 9.67612 9.43378 9.0047 8.20405 6.90595 7.82048 8.77684 9.06053 9.33779 9.48223
-9999 -9999 -9999 -9999 -9999 -9999 -9999 4.87613 6.66816 8.53862 9.32111 9.4546 11.2789 12.3961 12.3986 12.1882 11.9422 10.8034 10.8705 10.6428 9.59484 8.06836 6.39183 6.54903 7.54786 8.96662 9.43557 8.06186 7.5774 7.9339 9.04249 10.0349 11.0712 11.3346 11.0309 9.41177 7.69114 8.48967 9.34287 9.3385 9.08863 8.2254 7.95155 7.7037 7.07404 6.00652 6.16439 6.46154 7.65291 8.03094 8.61462 9.09952 8.91781 9.02538 9.48927 9.75574 9.76643 9.77177 9.78101 9.77531 9.75974 9.65974 9.55376 9.37571 8.2572 7.56165 6.54855 7.72623 8.3782 8.72292 9.34374 9.49183
-9999 -9999 -9999 -9999 -9999 -9999 -9999 4.3194 5.61998 7.40773 8.12865 9.27814 11.0021 11.8503 12.2571 12.2486 12.0848 11.5751 11.2687 10.6646 9.5746 8.08404 6.42709 5.34841 5.89681 7.80558 8.2562 6.9896 6.34662 7.14762 8.32904 10.0783 11.0779 11.2131 11.123 10.7894 9.53328 8.01559 8.02114 8.78293 8.14629 7.40629 7.81396 7.73904 7.11735 6.66529 6.3895 6.56153 7.24079 7.52261 8.19671 9.1913 9.33442 9.30697 9.72613 9.74777 9.75819 9.77455 9.77455 9.77112 9.75888 9.67745 9.49462 8.75027 8.10113 7.19798 7.08632 8.13373 8.5906 9.01617 9.32077 9.42009
-9999 -9999 -9999 -9999 -9999 -9999 -9999 3.36244 4.89241 6.56707 8.13516 9.61872 10.8956 10.9948 11.6684 11.6681 12.0212 11.9205 11.448 10.9394 10.0003 8.08562 6.47558 4.71964 5.18266 7.12795 7.38071 6.53351 4.96827 6.58467 8.36725 9.98287 10.8576 10.1722 10.8751 10.8177 10.3473 9.44399 8.0393 8.06632 7.01378 6.96844 7.50973 7.68578 7.59622 7.25703 6.71405 6.80791 7.21989 7.32564 7.94515 8.71684 9.47129 9.59865 9.74312 9.74997 9.75295 9.76529 9.76732 9.75207 9.7139 9.62877 9.00492 8.26289 7.80582 7.17666 7.10042 8.30855 8.78925 9.05631 9.31951 9.42348
-9999 -9999 -9999 -9999 -9999 -9999 -9999 -9999 4.73335 6.46334 7.7436 8.08875 9.22373 9.8368 10.3113 10.4168 11.7699 11.8448 11.5455 11.0783 10.2775 8.82476 7.81257 6.12836 4.91779 5.41453 5.64589 6.09085 5.95971 6.68062 8.39357 10.1782 10.373 9.23959 9.4077 9.64518 10.1771 9.9078 7.99367 7.02141 6.21446 6.7885 7.39237 7.53889 7.56864 7.45276 7.31714 7.08596 7.89361 8.49137 8.63044 9.15173 9.53676 9.64357 9.72419 9.73471 9.74539 9.74616 9.72435 9.70864 9.61266 9.39691 8.69911 7.02041 7.09905 6.91763 6.39549 7.57451 8.31799 8.98481 9.33918 9.43074
-9999 -9999 -9999 -9999 -9999 -9999 -9999 -9999 4.15534 6.15681 6.57997 6.54906 5.88704 6.19247 8.64886 9.14383 10.4415 11.6703 11.5805 11.1223 10.3731 9.50806 8.16851 6.2744 4.76936 4.13274 5.7526 7.34364 7.67214 8.18004 9.22968 9.42921 8.27075 7.18443 7.79463 8.1623 9.56258 9.81843 9.5467 8.39358 7.07511 6.38708 7.20025 7.30933 7.35855 7.36864 7.34282 7.30786 8.21973 8.72377 9.07358 9.26428 9.59492 9.67999 9.70764 9.73372 9.72839 9.71199 9.66046 9.60175 9.34126 9.02576 7.88259 6.92953 6.33529 5.58086 7.28186 7.78456 8.48265 8.93437 9.28687 9.36418
