Test_Spring_2018/11_17/Temp/20171113_003.txt
ncols	170
nrows	115
xllcorner	350000.000000
yllcorner	4445000.000000
cellsize	1000.000000
nodata_value	-9999.000000
[rows 32 to 63 of 115, columns 72 to 143 of 170]
13.6399 13.324 13.7776 14.1941 13.9055 13.7128 14.4019 14.3881 14.1332 13.5528 13.3314 13.1025 12.9571 12.2168 10.1636 8.3113 9.28349 9.29354 8.59869 9.80703 9.14778 7.44997 5.05879 6.33657 5.98589 4.27831 3.84369 -9999 -9999 -9999 -9999 -9999 -9999 -9999 -9999 -9999 -9999 -9999 -9999 -9999 -9999 -9999 -9999 -9999 -9999 -9999 -9999 -9999 -9999 -9999 -9999 -9999 -9999 -9999 -9999 -9999 -9999 -9999 -9999 -9999 -9999 -9999 -9999 -9999 -9999 -9999 -9999 -9999 -9999 -9999 -9999 -9999
13.2253 13.0819 13.7628 13.7346 13.6714 13.8966 14.318 14.3919 14.2842 14.0235 13.7961 13.5552 12.9643 12.1193 10.3602 8.25363 7.76558 8.77676 8.81245 8.96351 8.36145 7.60858 6.43847 7.37087 7.7241 6.59785 5.12453 4.17358 -9999 -9999 -9999 -9999 -9999 -9999 -9999 -9999 -9999 -9999 -9999 -9999 -9999 -9999 -9999 -9999 -9999 -9999 -9999 -9999 -9999 -9999 -9999 -9999 -9999 -9999 -9999 -9999 -9999 -9999 -9999 -9999 -9999 -9999 -9999 -9999 -9999 -9999 -9999 -9999 -9999 -9999 -9999 -9999
12.7328 12.0457 12.4507 12.7513 13.3081 13.4355 13.509 14.3238 14.2664 14.2146 13.8476 13.5515 13.0696 12.2559 11.103 9.71746 7.31475 8.77474 9.91494 9.87177 9.79479 9.26313 8.13839 9.05324 9.08241 7.64408 6.01057 5.04859 4.64235 -9999 -9999 -9999 -9999 -9999 -9999 -9999 -9999 -9999 -9999 -9999 -9999 -9999 -9999 -9999 -9999 -9999 -9999 -9999 -9999 -9999 -9999 -9999 -9999 -9999 -9999 -9999 -9999 -9999 -9999 -9999 -9999 -9999 -9999 -9999 -9999 -9999 -9999 -9999 -9999 -9999 -9999 -9999
12.1742 11.3379 11.7454 12.2937 13.067 13.4546 13.7468 13.9809 14.2201 14.1768 13.8016 12.7191 12.5533 12.4939 11.7353 10.1576 8.58184 8.16369 9.91013 10.4002 10.2837 10.6626 9.70758 10.1378 9.94091 9.41978 7.8488 6.41673 5.81798 4.64895 -9999 -9999 -9999 -9999 -9999 -9999 -9999 -9999 -9999 -9999 -9999 -9999 -9999 -9999 -9999 -9999 -9999 -9999 -9999 -9999 -9999 -9999 -9999 -9999 -9999 -9999 -9999 -9999 -9999 -9999 -9999 -9999 -9999 -9999 -9999 -9999 -9999 -9999 -9999 -9999 -9999 -9999
-9999 -9999 10.7967 11.5421 12.1583 12.9145 13.5629 13.8847 14.1971 14.1575 13.4207 13.0536 13.0095 12.508 11.6343 11.081 10.084 9.04568 9.42363 10.9107 10.2291 11.2783 11.1739 11.3547 10.6291 9.25833 7.4416 6.37216 5.83485 4.88472 -9999 -9999 -9999 -9999 -9999 -9999 -9999 -9999 -9999 -9999 -9999 -9999 -9999 -9999 -9999 -9999 -9999 -9999 -9999 -9999 -9999 -9999 -9999 -9999 -9999 -9999 -9999 -9999 -9999 -9999 -9999 -9999 -9999 -9999 -9999 -9999 -9999 -9999 -9999 -9999 -9999 -9999
-9999 -9999 -9999 11.3916 11.8571 12.8798 13.3899 13.594 14.106 14.0939 13.8067 13.5866 13.2733 12.868 12.2082 11.4815 10.543 10.444 11.3905 11.3886 11.1739 11.3172 11.7959 11.6511 10.5306 8.61388 7.59523 5.53284 4.64476 4.71976 4.08645 -9999 -9999 -9999 -9999 -9999 -9999 -9999 -9999 -9999 -9999 -9999 -9999 6.28671 -9999 -9999 -9999 -9999 -9999 -9999 -9999 -9999 -9999 -9999 -9999 -9999 -9999 -9999 -9999 -9999 -9999 -9999 -9999 -9999 2.27436 -9999 -9999 -9999 -9999 -9999 -9999 -9999
-9999 -9999 11.3078 11.9312 12.4211 13.0569 13.1014 13.4683 14.0591 14.0546 13.8471 13.6145 13.1076 12.9723 12.5912 11.8034 11.6318 11.9325 12.0636 12.2137 12.3005 12.2042 11.9897 11.7165 10.9833 10.0871 9.48057 7.59932 6.63773 5.72171 4.34309 3.26177 -9999 -9999 -9999 -9999 -9999 -9999 -9999 5.61541 5.55209 5.56357 5.84993 6.66298 6.16433 -9999 -9999 -9999 -9999 -9999 -9999 -9999 -9999 -9999 -9999 -9999 -9999 -9999 -9999 -9999 -9999 -9999 -9999 -9999 3.00904 1.92174 -9999 -9999 -9999 -9999 -9999 -9999
-9999 -9999 11.4633 12.1303 12.4563 13.0734 13.4205 13.6331 13.8292 14.0162 13.9695 13.7135 13.3309 13.3205 12.798 12.5103 12.301 12.7125 12.7829 12.5987 12.3707 12.1672 11.6177 11.5407 11.3428 10.7681 9.83475 8.87351 7.4857 5.61882 3.78804 2.30889 -9999 -9999 -9999 -9999 -9999 -9999 5.77131 6.44512 6.84371 5.95691 6.6908 7.36026 7.23792 6.55456 -9999 -9999 -9999 -9999 -9999 -9999 -9999 -9999 -9999 -9999 -9999 -9999 -9999 -9999 8.14157 7.02775 4.7903 3.63723 2.94025 1.9504 -9999 -9999 -9999 -9999 -9999 -9999
-9999 -9999 11.3177 12.1079 12.6387 13.1083 13.1717 13.6488 13.8471 13.9415 13.9159 13.855 13.7742 13.3167 13.1128 12.4276 13.058 13.0205 12.8442 12.1858 11.8921 10.7708 10.2688 10.1369 11.0516 10.3477 8.89548 7.08417 4.90707 4.74908 4.02076 2.69714 -9999 -9999 -9999 -9999 -9999 -9999 5.97314 6.69482 7.29503 7.37163 6.48992 7.68964 7.62234 6.92975 6.76159 7.30365 7.57136 7.34242 7.99167 8.17259 7.85946 8.17506 -9999 -9999 -9999 -9999 8.30741 8.33967 8.36101 7.88977 5.44662 3.77391 2.27035 2.11692 -9999 -9999 -9999 -9999 -9999 -9999
-9999 -9999 11.8639 12.345 12.5813 12.6078 13.0278 13.4425 13.6921 13.8738 13.8218 13.7934 13.7641 13.5995 13.2336 13.2847 13.2433 13.024 11.7836 10.3376 10.9477 10.0819 8.24433 9.7031 10.4992 9.70339 7.94662 5.91228 5.23171 5.24171 4.2343 2.94296 -9999 -9999 -9999 3.99282 5.03157 5.11102 5.4089 6.37577 7.10825 7.65653 8.02589 7.99774 7.57753 6.89952 6.1636 6.40618 7.68941 7.99131 8.23827 8.42607 8.13427 8.26612 8.60016 8.76675 8.7906 8.69661 8.66571 8.68189 8.62829 8.18781 6.00143 4.74451 3.93782 2.32487 -9999 -9999 -9999 -9999 -9999 -9999
-9999 -9999 11.5447 11.9612 12.2958 12.8566 12.9038 13.2563 13.4561 13.7631 13.7868 13.3961 13.6965 13.6439 13.5732 13.4368 13.2425 12.1937 10.7527 9.30774 8.63271 8.89785 7.78755 8.32981 9.13656 8.81777 7.73253 5.9182 5.64859 5.21128 3.52522 1.9038 -9999 -9999 1.95551 3.95962 5.36743 6.08796 6.30303 6.31292 7.23909 7.30036 8.29775 8.04565 6.69299 6.82893 6.29331 6.61519 7.07544 7.19134 7.85739 8.5013 8.61215 8.60179 8.80974 8.84246 8.8417 8.8237 8.6618 8.71828 8.71674 8.4376 6.84997 6.06929 5.20842 2.33627 -9999 -9999 -9999 -9999 -9999 -9999
-9999 -9999 11.7533 12.2204 12.7332 12.8043 13.1805 13.1238 12.9953 13.5267 13.7107 13.4313 13.2269 13.5691 13.5324 13.4732 13.3832 12.397 11.2573 9.53815 8.46418 7.7998 7.32391 6.68775 7.09375 6.94755 6.75734 6.93991 6.42721 5.42147 4.42889 2.58394 1.58071 -9999 2.053 2.95073 4.6275 6.0509 6.95025 6.61092 7.66587 7.85145 8.45212 8.0774 7.24952 6.88511 6.83945 6.71817 7.42197 7.88909 8.21166 8.42557 8.69521 8.75407 8.81359 8.83119 8.83527 8.8398 8.82411 8.8065 8.76267 8.65027 7.91371 7.13309 5.46332 2.42069 -9999 -9999 -9999 -9999 -9999 -9999
-9999 10.3582 11.6879 12.4808 12.7788 12.9899 13.1742 13.3038 13.4375 13.5632 13.6479 13.592 12.8729 12.9187 13.0338 13.4231 13.3821 13.2813 12.6522 10.5634 9.83063 8.76572 7.39263 6.80528 7.07169 8.16693 8.10011 7.34643 6.50865 5.354 4.61428 3.47783 1.30961 1.48991 2.44706 3.15655 4.29246 6.03515 7.25338 7.79048 7.98583 8.40411 8.61589 8.10561 7.61749 7.40467 7.02264 6.95593 6.94374 7.36293 7.68318 8.42139 8.66109 8.76303 8.80921 8.82842 8.83927 8.85001 8.84604 8.81977 8.80872 8.79086 8.72441 7.69114 5.12232 3.18419 -9999 -9999 -9999 -9999 -9999 -9999
-9999 -9999 11.4286 11.7691 11.8474 11.9952 12.3135 12.6828 13.2094 13.266 13.5527 13.5373 12.9148 12.1994 12.8007 13.0322 13.2724 13.2673 13.1747 11.4149 10.4877 9.75391 8.43644 8.88546 9.31401 9.33042 9.04394 7.44713 5.85697 4.0233 2.31302 2.21672 1.28903 1.75763 2.38564 4.01841 5.16429 5.62224 5.94797 7.71981 8.17066 8.31632 8.75962 8.12336 7.94917 7.46666 7.59088 7.53493 7.52255 6.21141 7.49341 7.55605 8.38921 8.75579 8.82882 8.83985 8.85276 8.84491 8.83813 8.82261 8.81952 8.79414 8.76643 8.09019 4.83841 3.19782 -9999 -9999 -9999 -9999 -9999 -9999
-9999 -9999 -9999 -9999 11.5019 11.7579 11.9168 12.2027 13.1062 13.3409 13.4927 13.4942 13.2103 12.5007 12.3057 12.4217 11.7298 12.2855 13.0496 13.0158 12.9063 11.3576 10.5541 11.296 11.0477 9.87768 8.9531 8.04046 6.18144 4.81327 2.85534 1.38174 1.31214 2.90756 4.2305 5.88296 6.6058 6.17641 6.61796 7.49106 8.485 8.95884 8.83094 8.16091 8.05245 7.31622 8.01037 8.05598 7.71102 7.41082 7.50617 7.91086 8.05672 8.7058 8.85311 8.86839 8.86142 8.85239 8.83796 8.82266 8.80177 8.78261 8.76087 8.71822 5.37598 2.77142 -9999 -9999 -9999 -9999 -9999 -9999
-9999 -9999 -9999 -9999 10.8524 11.0025 11.4214 12.5205 13.0858 13.308 13.287 13.3834 13.1796 12.5547 11.9135 11.3084 10.5309 10.956 12.1005 12.7689 12.8314 11.4718 12.1516 11.8724 11.3387 9.81383 8.68534 8.07878 6.29319 4.75942 3.45135 1.6521 2.40038 3.22681 4.2931 6.09674 7.31051 7.80257 7.36839 7.92293 9.06857 9.06242 8.41609 8.44365 8.04135 7.04055 8.05213 8.32584 8.07773 8.12286 8.01785 8.15943 8.42954 8.68774 8.85533 8.86704 8.85747 8.83979 8.8279 8.81649 8.79174 8.78057 8.75881 8.72915 6.56721 2.71222 -9999 -9999 -9999 -9999 -9999 -9999
-9999 -9999 -9999 -9999 -9999 10.2458 11.2205 12.6843 13.0333 12.9864 13.2786 13.2924 12.9861 12.7189 11.9433 10.8879 8.87093 9.36905 10.4215 11.9443 12.7371 12.6123 12.1434 11.3453 9.43861 7.76757 7.54892 7.26049 5.95261 4.76687 3.31438 4.13109 5.02802 6.01151 6.52251 6.37419 7.41254 8.25714 7.88222 8.56517 9.36346 8.98339 8.75297 8.55699 8.09462 8.05304 8.08468 8.65254 8.23399 8.46666 8.45477 8.42646 8.55065 8.69615 8.85016 8.86482 8.85289 8.84378 8.81262 8.80766 8.78613 8.76454 8.74351 8.71625 8.50883 6.4256 5.17572 -9999 -9999 -9999 -9999 -9999
-9999 -9999 -9999 -9999 -9999 9.32294 9.80168 11.5379 12.0606 12.8207 13.2184 13.2247 12.716 12.4272 11.2771 10.8963 9.02992 8.17725 8.87651 8.58957 10.6911 12.5483 12.1213 8.32348 6.93663 5.94223 6.17535 6.16007 5.78348 3.77882 3.21557 4.97762 6.08218 6.93552 7.58032 7.70489 7.67067 8.99832 9.16447 9.58772 9.48099 9.50872 8.81966 8.38779 8.73655 8.3005 8.21368 8.80088 8.1927 8.71403 8.63264 8.45737 8.43505 8.77489 8.83331 8.8583 8.84802 8.82233 8.79281 8.77072 8.77027 8.75287 8.72097 8.70941 8.67733 8.41662 7.33262 6.94495 7.34605 -9999 -9999 -9999
-9999 -9999 -9999 -9999 -9999 -9999 8.15916 10.5779 11.6714 12.2421 13.0515 13.138 12.8607 12.3702 11.199 10.1677 8.49789 6.5922 5.57494 8.5627 11.1606 12.5087 12.3103 9.14635 7.8871 7.81207 8.52609 7.89148 7.40618 5.8782 5.41152 4.76969 5.14133 6.33559 7.30973 8.24992 8.93056 8.97557 9.41341 9.65892 9.66785 9.73606 9.64351 9.56516 8.89621 9.33243 8.93541 9.12355 8.978 8.84515 8.7257 8.33834 8.58822 8.80828 8.85536 8.86014 8.8338 8.81851 8.79677 8.76309 8.74081 8.72718 8.71266 8.68814 8.67515 8.64897 8.51566 7.85807 6.98217 5.87911 -9999 -9999
-9999 -9999 -9999 -9999 -9999 -9999 6.93397 9.34091 10.4894 11.978 12.7371 13.0369 12.9835 12.5837 11.6908 10.3529 9.23614 7.11007 4.90249 8.03816 10.8293 12.3288 12.3933 9.72876 10.4451 9.83545 10.0574 8.95558 8.4881 8.11251 7.31795 6.45113 5.5038 4.99681 7.2005 8.32633 9.2303 9.65044 9.88287 9.99293 9.9143 9.73472 8.73729 9.4742 9.41741 9.32829 9.228 9.17181 9.07931 8.97298 8.90095 8.86767 8.60608 8.87251 8.85188 8.84297 8.83187 8.81235 8.78635 8.76217 8.73508 8.72217 8.70015 8.67789 8.6584 8.64043 8.61918 8.57035 8.38572 6.90916 6.02056 5.75963
-9999 -9999 -9999 -9999 -9999 -9999 3.52179 7.03024 9.84247 11.3077 12.4961 12.8142 12.9254 12.3929 11.9917 11.0291 10.1167 8.71554 6.6225 5.32835 7.67111 11.0854 12.3325 12.214 12.1183 11.4165 10.7824 10.6878 10.7177 9.97997 8.91595 7.53292 7.09078 6.59771 8.23567 8.44705 8.31419 10.1174 10.1095 9.99422 9.28738 8.49575 8.63015 8.13511 8.4869 7.89875 8.41177 8.85314 9.00875 8.97994 8.90139 8.87861 8.83754 8.87104 8.85711 8.83645 8.81788 8.80231 8.78332 8.75008 8.72594 8.7213 8.69303 8.66957 8.6461 8.63023 8.61302 8.57342 8.53614 8.29769 7.946 7.2856
-9999 -9999 -9999 -9999 -9999 -9999 3.66303 6.60696 9.10649 10.5979 12.0342 12.3578 12.8344 12.7165 12.2966 11.4581 10.4134 9.25778 7.4602 6.12041 7.68419 9.94356 11.5587 12.1232 12.0994 12.0438 11.8725 11.7908 11.5942 11.4464 10.6802 9.37146 8.62707 7.54471 9.37147 9.5651 9.26473 10.1706 10.1122 8.71115 7.63087 7.48501 8.12124 7.48809 7.36195 6.9618 7.38328 8.53695 8.18032 8.23302 8.74441 8.81766 8.85732 8.85895 8.84212 8.82672 8.80511 8.79406 8.7831 8.75011 8.72824 8.71115 8.67851 8.66013 8.63322 8.60848 8.58575 8.55833 8.52324 8.44585 8.36071 8.41852
-9999 -9999 -9999 -9999 -9999 -9999 3.71546 5.68734 7.93535 10.1386 11.6733 12.2847 12.7266 12.7092 12.2229 11.7997 11.1399 10.1216 9.41873 8.20785 6.55063 9.29137 10.1181 10.8523 11.1529 11.9225 11.8869 11.5103 11.0701 11.4426 11.3111 10.2737 9.92316 9.34151 10.3515 10.3408 10.2996 10.2321 9.04629 7.40295 6.08678 7.01182 6.80265 7.21728 5.8661 6.94924 7.81803 8.08994 7.4756 7.01566 8.3747 8.58606 8.70816 8.78175 8.82576 8.79911 8.80056 8.78002 8.76366 8.74694 8.72282 8.70327 8.67876 8.65382 8.6267 8.6035 8.57462 8.5403 8.52562 8.47831 8.45169 8.42383
-9999 -9999 -9999 -9999 -9999 -9999 -9999 4.50267 7.35185 9.89826 11.3102 12.1934 12.6171 12.5963 12.3412 12.0495 11.6353 10.8968 9.97217 8.51853 7.43554 8.09975 8.90877 8.98188 9.51668 11.0976 11.627 10.8377 8.90533 10.0155 11.2588 11.2236 11.1019 10.9679 10.7996 10.6478 10.3317 9.50693 7.00678 6.50534 5.51674 5.6146 5.10079 6.17752 5.75127 6.86015 7.33247 7.5017 6.44868 6.64938 7.85221 8.32148 8.22781 8.511 8.7816 8.77814 8.7737 8.75398 8.74777 8.73776 8.72077 8.69479 8.6729 8.65333 8.61447 8.60217 8.49653 8.42326 8.28831 8.42601 8.42745 8.41682
-9999 -9999 -9999 -9999 -9999 -9999 -9999 3.91707 6.76484 9.76613 10.7207 11.6738 12.4947 12.498 12.1148 11.7496 11.3739 10.9477 9.82898 8.74345 7.70616 7.34839 7.53995 7.49913 8.37447 10.4393 10.8263 10.6387 8.61871 7.92772 9.59395 10.9922 11.0892 10.9472 9.27092 9.61177 8.70175 7.47235 7.12474 6.57948 5.44141 5.96997 5.13255 5.47242 5.35708 5.98059 6.27725 7.02132 6.10192 6.08719 7.26773 7.85852 7.86036 8.48152 8.69481 8.74145 8.74391 8.7423 8.73283 8.73066 8.71268 8.69118 8.66658 8.62394 8.5393 8.30108 7.08357 7.07218 7.38951 7.68919 8.24199 8.38644
-9999 -9999 -9999 -9999 -9999 -9999 -9999 4.23647 6.20842 8.86996 10.8381 10.9493 11.8995 12.3837 11.968 11.5016 11.0246 10.8086 9.59212 8.25701 7.17542 5.89745 6.09116 6.98382 8.44231 9.77082 9.99569 9.70248 8.60894 9.09954 10.2313 10.8257 10.991 10.8358 10.4601 10.2375 9.56383 9.26453 8.33422 6.8869 6.30893 6.65362 5.11757 5.21051 5.75993 5.14028 6.11241 6.57026 5.38734 6.29344 7.3393 7.86756 8.32792 8.5391 8.61567 8.74008 8.73127 8.73048 8.72451 8.71031 8.69803 8.66355 8.63279 8.49254 8.29147 7.15711 6.67189 6.75075 7.25643 7.6977 8.15411 8.33607
-9999 -9999 -9999 -9999 -9999 -9999 -9999 4.56325 6.33734 8.64325 10.0426 10.282 11.3371 12.2739 12.1546 11.6697 11.5128 11.0106 9.97682 8.8362 7.59053 6.97759 5.58652 6.92737 7.97376 9.09671 9.61397 8.71096 8.25454 9.02171 9.78451 10.0807 10.8517 10.8305 10.5611 9.44465 8.89357 9.10784 8.86372 8.446 7.44558 7.38842 6.74087 6.46471 6.20296 5.37489 5.87517 5.9127 6.03445 7.12993 7.66788 8.02019 8.3396 8.41399 8.54582 8.72081 8.72486 8.7192 8.70601 8.69717 8.671 8.60521 8.5477 8.27813 7.8105 6.94883 5.55506 6.51202 7.51329 7.80001 8.079 8.21952
-9999 -9999 -9999 -9999 -9999 -9999 -9999 4.24696 6.13244 8.10118 8.91647 9.04376 10.964 12.1347 12.1234 11.8866 11.6121 10.391 10.4484 10.1932 9.06814 7.43553 5.64365 5.79592 6.8347 8.31672 8.79912 7.32154 6.79319 7.1566 8.31759 9.35553 10.4401 10.7054 10.3696 8.63914 6.80116 7.63436 8.52557 8.50747 8.22903 7.30014 6.99606 6.7194 6.03774 4.88906 5.0363 5.3371 6.57925 6.96593 7.57073 8.0709 7.86436 7.9647 8.443 8.71213 8.71023 8.70278 8.69961 8.68068 8.65136 8.53256 8.40741 8.20583 7.00702 6.25664 5.16889 6.40051 7.07895 7.42782 8.07333 8.21763
-9999 -9999 -9999 -9999 -9999 -9999 -9999 3.64736 5.01182 6.89294 7.643 8.8476 10.6614 11.5468 11.9643 11.9415 11.754 11.1998 10.8611 10.2067 9.03696 7.44234 5.67116 4.51297 5.07986 7.07545 7.5357 6.17447 5.47813 6.31295 7.55126 9.39182 10.4376 10.567 10.4576 10.0902 8.74469 7.1219 7.11425 7.90843 7.21979 6.42148 6.83996 6.74662 6.07341 5.57994 5.26453 5.42957 6.13187 6.41665 7.11743 8.15813 8.29611 8.25336 8.68429 8.69385 8.69163 8.69583 8.68277 8.66614 8.64022 8.54094 8.33415 7.53194 6.83066 5.85998 5.7285 6.82104 7.29103 7.72689 8.03698 8.12946
-9999 -9999 -9999 -9999 -9999 -9999 -9999 2.62344 4.23116 5.99241 7.64078 9.19966 10.5395 10.6307 11.3311 11.3168 11.6774 11.5568 11.0419 10.4885 9.47874 7.4343 5.71277 3.83642 4.31274 6.3546 6.59366 5.68077 4.00662 5.70608 7.58188 9.28077 10.1942 9.45361 10.1851 10.1105 9.59808 8.62668 7.12366 7.13868 6.00898 5.94715 6.50724 6.67995 6.57094 6.19716 5.60439 5.68027 6.09934 6.19751 6.84049 7.64492 8.43117 8.55264 8.69235 8.68626 8.67615 8.67603 8.66506 8.63579 8.58225 8.47892 7.80435 7.00444 6.50663 5.82631 5.73221 6.99925 7.4899 7.75758 8.02364 8.12092
-9999 -9999 -9999 -9999 -9999 -9999 -9999 -9999 4.05327 5.87321 7.21645 7.56829 8.75772 9.39383 9.88306 9.98105 11.4018 11.4673 11.1359 10.6265 9.76314 8.20837 7.12064 5.32026 4.02199 4.52447 4.74413 5.20134 5.0478 5.79781 7.59983 9.47799 9.67058 8.45492 8.61941 8.85751 9.40786 9.10868 7.06545 6.02085 5.15149 5.74632 6.37268 6.51403 6.53148 6.39445 6.22992 5.96098 6.80334 7.42323 7.55684 8.09583 8.49046 8.59018 8.66224 8.66006 8.65811 8.6457 8.60939 8.57956 8.46461 8.22264 7.46951 5.67628 5.74632 5.54057 4.97351 6.20834 6.97604 7.66987 8.03245 8.11642
-9999 -9999 -9999 -9999 -9999 -9999 -9999 -9999 3.43108 5.5389 5.97338 5.92654 5.21064 5.52059 8.11127 8.62221 9.98421 11.2731 11.1637 10.6637 9.85499 8.92325 7.4883 5.46523 3.85463 3.15826 4.85512 6.5196 6.8534 7.37758 8.47631 8.67382 7.43155 6.26591 6.89919 7.27538 8.74647 9.0041 8.7023 7.4659 6.05409 5.31066 6.15888 6.26046 6.29848 6.29497 6.24919 6.19226 7.13877 7.65929 8.01638 8.20489 8.54189 8.61861 8.63455 8.64889 8.62998 8.59936 8.5315 8.456 8.16652 7.81866 6.59316 5.56916 4.92556 4.11205 5.90202 6.4195 7.14349 7.60448 7.9649 8.0336
