Test_Spring_2018/11_17/Temp/20171116_003.txt
ncols	170
nrows	115
xllcorner	350000.000000
yllcorner	4445000.000000
cellsize	1000.000000
nodata_value	-9999.000000
[rows 32 to 63 of 115, columns 72 to 143 of 170]
12.7543 12.4018 12.9518 13.4583 13.1503 12.9467 13.7759 13.7776 13.4964 12.8336 12.5917 12.3409 12.1881 11.3375 8.94739 6.7929 7.95052 7.97996 7.18286 8.6176 7.86245 5.88956 3.10369 4.62027 4.22734 2.2487 1.76164 -9999 -9999 -9999 -9999 -9999 -9999 -9999 -9999 -9999 -9999 -9999 -9999 -9999 -9999 -9999 -9999 -9999 -9999 -9999 -9999 -9999 -9999 -9999 -9999 -9999 -9999 -9999 -9999 -9999 -9999 -9999 -9999 -9999 -9999 -9999 -9999 -9999 -9999 -9999 -9999 -9999 -9999 -9999 -9999 -9999
12.2868 12.1366 12.9531 12.9381 12.8856 13.1815 13.6966 13.8011 13.6926 13.4046 13.1557 12.8908 12.2156 11.2423 9.19708 6.74445 6.18979 7.39323 7.45286 7.64786 6.95984 6.09507 4.74114 5.85277 6.28533 4.98533 3.28367 2.19009 -9999 -9999 -9999 -9999 -9999 -9999 -9999 -9999 -9999 -9999 -9999 -9999 -9999 -9999 -9999 -9999 -9999 -9999 -9999 -9999 -9999 -9999 -9999 -9999 -9999 -9999 -9999 -9999 -9999 -9999 -9999 -9999 -9999 -9999 -9999 -9999 -9999 -9999 -9999 -9999 -9999 -9999 -9999 -9999
11.7279 10.9403 11.4332 11.8039 12.4832 12.6629 12.767 13.7403 13.6908 13.6478 13.2351 12.9055 12.3581 11.4215 10.0872 8.48009 5.68027 7.41004 8.76491 8.73222 8.65999 8.0547 6.75405 7.8452 7.89785 6.23627 4.3459 3.23634 2.77838 -9999 -9999 -9999 -9999 -9999 -9999 -9999 -9999 -9999 -9999 -9999 -9999 -9999 -9999 -9999 -9999 -9999 -9999 -9999 -9999 -9999 -9999 -9999 -9999 -9999 -9999 -9999 -9999 -9999 -9999 -9999 -9999 -9999 -9999 -9999 -9999 -9999 -9999 -9999 -9999 -9999 -9999 -9999
11.0917 10.1291 10.6251 11.2862 12.2165 12.6947 13.0648 13.3572 13.6555 13.6226 13.2002 11.9485 11.7716 11.7196 10.8476 9.01519 7.18514 6.71258 8.7784 9.37104 9.25253 9.71514 8.61361 9.13655 8.92429 8.33656 6.51775 4.86084 4.17729 2.82492 -9999 -9999 -9999 -9999 -9999 -9999 -9999 -9999 -9999 -9999 -9999 -9999 -9999 -9999 -9999 -9999 -9999 -9999 -9999 -9999 -9999 -9999 -9999 -9999 -9999 -9999 -9999 -9999 -9999 -9999 -9999 -9999 -9999 -9999 -9999 -9999 -9999 -9999 -9999 -9999 -9999 -9999
-9999 -9999 9.53155 10.429 11.1722 12.0804 12.8682 13.2635 13.6476 13.6189 12.7725 12.3597 12.3256 11.7551 10.7482 10.117 8.96559 7.7658 8.22692 9.9888 9.20777 10.4564 10.3525 10.5831 9.75104 8.16992 6.06019 4.82876 4.21744 3.12194 -9999 -9999 -9999 -9999 -9999 -9999 -9999 -9999 -9999 -9999 -9999 -9999 -9999 -9999 -9999 -9999 -9999 -9999 -9999 -9999 -9999 -9999 -9999 -9999 -9999 -9999 -9999 -9999 -9999 -9999 -9999 -9999 -9999 -9999 -9999 -9999 -9999 -9999 -9999 -9999 -9999 -9999
-9999 -9999 -9999 10.2717 10.8381 12.0559 12.6844 12.9416 13.5599 13.5634 13.2442 13.0038 12.6539 12.1961 11.44 10.6054 9.52267 9.42439 10.5522 10.5681 10.3347 10.5212 11.1012 10.9502 9.65973 7.434 6.25877 3.86472 2.8423 2.9491 2.22516 -9999 -9999 -9999 -9999 -9999 -9999 -9999 -9999 -9999 -9999 -9999 -9999 5.03677 -9999 -9999 -9999 -9999 -9999 -9999 -9999 -9999 -9999 -9999 -9999 -9999 -9999 -9999 -9999 -9999 -9999 -9999 -9999 -9999 0.718278 -9999 -9999 -9999 -9999 -9999 -9999 -9999
-9999 -9999 10.1691 10.9255 11.5187 12.2828 12.3562 12.8132 13.5238 13.5364 13.3107 13.0553 12.4785 12.3373 11.9079 11.0017 10.8181 11.1885 11.3602 11.5544 11.6747 11.5803 11.3476 11.0463 10.2126 9.1813 8.48962 6.30444 5.19976 4.1447 2.54698 1.29769 -9999 -9999 -9999 -9999 -9999 -9999 -9999 4.20026 4.14343 4.17437 4.52774 5.49888 4.93201 -9999 -9999 -9999 -9999 -9999 -9999 -9999 -9999 -9999 -9999 -9999 -9999 -9999 -9999 -9999 -9999 -9999 -9999 -9999 1.60086 0.343653 -9999 -9999 -9999 -9999 -9999 -9999
-9999 -9999 10.3772 11.178 11.5791 12.3214 12.7472 13.0256 13.2734 13.5103 13.4732 13.1905 12.7592 12.7644 12.1691 11.8492 11.6214 12.1218 12.2224 12.0245 11.7758 11.5559 10.9306 10.8596 10.6537 9.99958 8.92497 7.81766 6.2146 4.04477 1.91707 0.201446 -9999 -9999 -9999 -9999 -9999 -9999 4.38682 5.19424 5.67895 4.65646 5.53458 6.33732 6.21175 5.43536 -9999 -9999 -9999 -9999 -9999 -9999 -9999 -9999 -9999 -9999 -9999 -9999 -9999 -9999 7.57084 6.28194 3.67551 2.34082 1.54112 0.398182 -9999 -9999 -9999 -9999 -9999 -9999
-9999 -9999 10.2255 11.1709 11.8122 12.3817 12.4749 13.061 13.3135 13.4419 13.4294 13.3753 13.2979 12.7787 12.5568 11.7708 12.5276 12.5014 12.3126 11.5589 11.2331 9.93718 9.36775 9.23873 10.3315 9.52626 7.84358 5.7398 3.2105 3.04568 2.21099 0.677933 -9999 -9999 -9999 -9999 -9999 -9999 4.64458 5.50801 6.22903 6.33616 5.3197 6.74423 6.68951 5.89577 5.71717 6.37155 6.70432 6.45889 7.23967 7.47024 7.12132 7.5095 -9999 -9999 -9999 -9999 7.75227 7.80717 7.84925 7.31374 4.46603 2.52191 0.77634 0.617493 -9999 -9999 -9999 -9999 -9999 -9999
-9999 -9999 10.8851 11.4681 11.7642 11.8143 12.3257 12.8385 13.1509 13.382 13.3385 13.3224 13.3052 13.1293 12.7173 12.7945 12.7634 12.5239 11.0873 9.41007 10.1441 9.14807 7.01438 8.74896 9.70298 8.79034 6.75093 4.386 3.61185 3.64419 2.48248 0.988882 -9999 -9999 -9999 2.29268 3.52815 3.63851 4.0049 5.15574 6.03177 6.69085 7.14138 7.12867 6.65716 5.88064 5.03643 5.33982 6.86364 7.23675 7.54985 7.78864 7.46485 7.63853 8.04809 8.26107 8.30644 8.21342 8.19424 8.23017 8.18427 7.68474 5.13731 3.68069 2.75228 0.883926 -9999 -9999 -9999 -9999 -9999 -9999
-9999 -9999 10.526 11.0332 11.4446 12.1266 12.201 12.6332 12.8923 13.2713 13.3165 12.8755 13.2447 13.2 13.1341 12.9913 12.7808 11.5686 9.89682 8.22075 7.44798 7.77933 6.49712 7.15681 8.12349 7.77141 6.52242 4.41569 4.12017 3.63073 1.67358 -0.208536 -9999 -9999 -0.0927632 2.27492 3.94303 4.80501 5.07413 5.10262 6.20567 6.29466 7.48163 7.20604 5.64081 5.81883 5.20888 5.60547 6.16611 6.32119 7.12481 7.89893 8.04729 8.05328 8.31501 8.37098 8.38743 8.38344 8.21053 8.2936 8.30862 7.99818 6.15351 5.25532 4.26598 0.917862 -9999 -9999 -9999 -9999 -9999 -9999
-9999 -9999 10.7911 11.3578 11.9782 12.0808 12.5412 12.4976 12.3713 13.0122 13.2464 12.9358 12.713 13.1311 13.1049 13.0524 12.9641 11.8252 10.5067 8.50923 7.26874 6.51009 5.97205 5.25277 5.74988 5.59958 5.39768 5.63284 5.05389 3.89802 2.75403 0.610102 -0.547444 -9999 0.042691 1.11289 3.09628 4.7823 5.85367 5.4725 6.72642 6.9611 7.68478 7.26322 6.31329 5.90649 5.87194 5.74887 6.59341 7.16021 7.56105 7.83066 8.16561 8.25282 8.3405 8.37872 8.40078 8.42311 8.42153 8.4176 8.3829 8.26788 7.42113 6.52518 4.58483 1.03677 -9999 -9999 -9999 -9999 -9999 -9999
-9999 9.15241 10.7336 11.6823 12.051 12.3179 12.5534 12.7248 12.9058 13.0744 13.191 13.1434 12.3168 12.3872 12.5389 13.0122 12.9812 12.8805 12.1607 9.72974 8.89024 7.66371 6.07408 5.40939 5.74319 7.049 6.99216 6.12979 5.16863 3.83816 2.99232 1.67924 -0.844331 -0.614515 0.525734 1.37509 2.7241 4.78438 6.22952 6.87594 7.12175 7.63076 7.89661 7.31785 6.76626 6.53564 6.10683 6.04793 6.05306 6.56406 6.96197 7.84651 8.14619 8.2841 8.35613 8.3962 8.42612 8.45564 8.46769 8.45348 8.45711 8.45287 8.39357 7.19933 4.20712 1.95427 -9999 -9999 -9999 -9999 -9999 -9999
-9999 -9999 10.4487 10.867 10.9781 11.171 11.5637 12.0163 12.6578 12.7425 13.0965 13.0977 12.385 11.5625 12.2842 12.5725 12.8711 12.8825 12.7919 10.7489 9.68125 8.84098 7.31681 7.86758 8.39182 8.43289 8.11878 6.26804 4.4249 2.29829 0.313165 0.220099 -0.84764 -0.279823 0.474404 2.40633 3.7669 4.32051 4.71894 6.81313 7.35952 7.54869 8.0863 7.35835 7.17488 6.62816 6.79314 6.74702 6.75209 5.23421 6.75988 6.85221 7.84782 8.2961 8.39965 8.43007 8.46235 8.46996 8.47862 8.47692 8.48979 8.47785 8.46409 7.68889 3.89384 1.98994 -9999 -9999 -9999 -9999 -9999 -9999
-9999 -9999 -9999 -9999 10.5922 10.912 11.118 11.473 12.5563 12.8498 13.0458 13.0651 12.7493 11.935 11.7227 11.8753 11.0809 11.7505 12.665 12.6445 12.5359 10.7403 9.82159 10.7134 10.4441 9.09418 8.03207 6.98384 4.82562 3.24497 0.969564 -0.738495 -0.800836 1.08859 2.65812 4.61303 5.47743 4.99041 5.52455 6.56596 7.74858 8.32165 8.18949 7.42202 7.31564 6.47152 7.30496 7.37805 6.99325 6.66094 6.79507 7.28856 7.47823 8.25764 8.44826 8.48372 8.49261 8.49877 8.49838 8.49685 8.49024 8.48499 8.47702 8.44487 4.54383 1.50959 -9999 -9999 -9999 -9999 -9999 -9999
-9999 -9999 -9999 -9999 9.84983 10.0456 10.5565 11.8651 12.5519 12.8307 12.8241 12.9547 12.7329 12.0169 11.2819 10.5889 9.69429 10.2104 11.5709 12.3738 12.4669 10.8932 11.714 11.4085 10.8047 9.03889 7.73782 7.04864 4.97667 3.20187 1.68857 -0.40133 0.495409 1.48308 2.75132 4.88364 6.32365 6.91718 6.42477 7.09186 8.45237 8.46264 7.7226 7.77321 7.32229 6.16801 7.37376 7.71442 7.44325 7.51596 7.4151 7.60006 7.93542 8.25645 8.47081 8.50196 8.50779 8.50376 8.5063 8.50993 8.49787 8.50201 8.49408 8.47723 5.96034 1.45984 -9999 -9999 -9999 -9999 -9999 -9999
-9999 -9999 -9999 -9999 -9999 9.17733 10.3402 12.0764 12.5095 12.4729 12.8336 12.8673 12.5254 12.2289 11.3361 10.1151 7.76701 8.36881 9.62142 11.4263 12.3758 12.25 11.7238 10.8099 8.59623 6.65899 6.42486 6.10878 4.59701 3.23031 1.54766 2.52532 3.59634 4.76815 5.38521 5.2285 6.46282 7.46979 7.04677 7.86445 8.8177 8.38953 8.13726 7.9258 7.40447 7.37506 7.43173 8.11734 7.64633 7.93894 7.94723 7.93295 8.09715 8.28597 8.48437 8.51894 8.52195 8.52795 8.50803 8.51898 8.51073 8.50271 8.49569 8.48172 8.25684 5.83401 4.38745 -9999 -9999 -9999 -9999 -9999
-9999 -9999 -9999 -9999 -9999 8.11428 8.69545 10.7512 11.388 12.2978 12.7822 12.8073 12.2279 11.9066 10.5745 10.1446 7.97284 6.99112 7.82953 7.51224 9.99643 12.1948 11.7178 7.28621 5.68204 4.53819 4.83375 4.83789 4.4181 2.09107 1.4511 3.53723 4.85168 5.87084 6.64479 6.80827 6.78482 8.35821 8.56985 9.08306 8.97511 9.02521 8.23518 7.74715 8.17702 7.68503 7.60278 8.31103 7.61759 8.24863 8.1754 7.98871 7.98105 8.39769 8.48394 8.53059 8.53575 8.52223 8.50426 8.49518 8.51171 8.50865 8.48895 8.49344 8.47421 8.18857 6.93654 6.5012 6.9909 -9999 -9999 -9999
-9999 -9999 -9999 -9999 -9999 -9999 6.78826 9.64429 10.9507 11.6383 12.6055 12.7246 12.4179 11.8594 10.5027 9.30994 7.36886 5.15156 3.9784 7.5011 10.5673 12.1686 11.9596 8.27119 6.81648 6.75054 7.60984 6.88756 6.34012 4.57197 4.04511 3.31226 3.76719 5.18665 6.34695 7.46648 8.28139 8.3508 8.88088 9.18616 9.21394 9.31157 9.22108 9.14761 8.38411 8.91493 8.46886 8.70907 8.55802 8.42184 8.30395 7.86845 8.17988 8.456 8.52889 8.5527 8.53851 8.53724 8.52845 8.50581 8.49687 8.49831 8.49903 8.48837 8.49156 8.48095 8.3437 7.59178 6.58395 5.30974 -9999 -9999
-9999 -9999 -9999 -9999 -9999 -9999 5.3703 8.2124 9.58351 11.3475 12.2561 12.6271 12.5814 12.1294 11.0992 9.54711 8.25467 5.77904 3.20832 6.90619 10.1996 11.9782 12.0747 8.9744 9.83606 9.14299 9.42506 8.1546 7.6278 7.21087 6.29937 5.30255 4.21167 3.63611 6.23775 7.57507 8.65197 9.16141 9.45078 9.59679 9.52293 9.32989 8.17834 9.06089 9.01525 8.92995 8.83173 8.78529 8.69631 8.59104 8.52875 8.50833 8.21989 8.55142 8.54557 8.55202 8.55577 8.5496 8.5359 8.52448 8.50988 8.51244 8.50437 8.49639 8.49194 8.49096 8.48503 8.44689 8.24954 6.53722 5.51429 5.2291
-9999 -9999 -9999 -9999 -9999 -9999 1.38764 5.5213 8.84405 10.5806 11.9948 12.3853 12.5329 11.9254 11.4719 10.3602 9.30756 7.68204 5.24571 3.74671 6.51639 10.5402 12.0239 11.9091 11.8183 11.0168 10.2947 10.205 10.2612 9.41949 8.19324 6.59076 6.0923 5.53214 7.47046 7.73558 7.59681 9.72822 9.73596 9.61789 8.80636 7.89735 8.07314 7.51065 7.94414 7.27355 7.89436 8.43122 8.633 8.61845 8.54852 8.54209 8.51186 8.57036 8.57117 8.5639 8.55898 8.55754 8.55217 8.53022 8.51916 8.53124 8.51629 8.50696 8.49765 8.49911 8.49782 8.47037 8.44568 8.18505 7.79157 7.03789
-9999 -9999 -9999 -9999 -9999 -9999 1.5718 5.04994 7.99964 9.77026 11.4724 11.8694 12.4456 12.3246 11.8494 10.8833 9.67569 8.33835 6.24857 4.69607 6.5489 9.22224 11.1366 11.8227 11.8163 11.7723 11.5924 11.5191 11.3093 11.1594 10.2806 8.76696 7.91257 6.6614 8.82121 9.06564 8.73061 9.81 9.75864 8.13296 6.88365 6.73034 7.49655 6.77257 6.64584 6.19483 6.70813 8.08008 7.6831 7.76387 8.38581 8.48983 8.55639 8.5757 8.57315 8.57213 8.56373 8.56771 8.57186 8.55032 8.54201 8.53954 8.5191 8.51621 8.50308 8.49426 8.48593 8.47262 8.45033 8.37841 8.29984 8.38833
-9999 -9999 -9999 -9999 -9999 -9999 1.65035 3.99011 6.64485 9.25072 11.0683 11.8031 12.3388 12.3358 11.7829 11.304 10.548 9.37173 8.56577 7.16445 5.24018 8.47355 9.46805 10.353 10.7275 11.6511 11.6303 11.2096 10.717 11.1737 11.0414 9.8438 9.45125 8.78727 9.98938 9.99439 9.9634 9.90148 8.52828 6.61866 5.09285 6.19538 5.96814 6.47522 4.91196 6.20311 7.24101 7.57894 6.87618 6.35563 7.97164 8.24028 8.40109 8.5048 8.57365 8.55952 8.57826 8.57122 8.56915 8.56678 8.55591 8.55061 8.53972 8.52853 8.5158 8.50873 8.49361 8.47492 8.47656 8.43879 8.42607 8.41414
-9999 -9999 -9999 -9999 -9999 -9999 -9999 2.61848 5.98301 8.98744 10.6613 11.7149 12.2295 12.2229 11.9414 11.617 11.1491 10.3011 9.2352 7.54931 6.29846 7.09682 8.07145 8.18134 8.82914 10.7037 11.3452 10.4402 8.19833 9.52282 11 10.9776 10.8534 10.7144 10.534 10.3736 10.0204 9.0707 6.15639 5.58705 4.44557 4.57831 3.99397 5.27807 4.79955 6.11876 6.69155 6.90888 5.69287 5.95147 7.38337 7.95145 7.85917 8.20862 8.54168 8.55482 8.56676 8.56079 8.57072 8.57631 8.57387 8.56285 8.55518 8.55045 8.52431 8.5301 8.42496 8.3578 8.21822 8.39828 8.41838 8.42971
-9999 -9999 -9999 -9999 -9999 -9999 -9999 1.95549 5.31357 8.85149 9.98919 11.1249 12.1055 12.1272 11.6957 11.2854 10.8627 10.3812 9.08775 7.83356 6.63626 6.23612 6.48046 6.4633 7.51012 9.95176 10.426 10.2263 7.88488 7.09407 9.06709 10.7256 10.8578 10.7094 8.76169 9.17915 8.12968 6.70566 6.31569 5.69403 4.37734 5.01515 4.05134 4.4682 4.35766 5.10753 5.47414 6.36537 5.30589 5.31193 6.71793 7.42848 7.44824 8.19406 8.46149 8.53341 8.55353 8.56891 8.57514 8.59007 8.58662 8.57921 8.56835 8.53651 8.45555 8.1959 6.78842 6.79367 7.18432 7.55418 8.22386 8.41426
-9999 -9999 -9999 -9999 -9999 -9999 -9999 2.34884 4.67998 7.81959 10.1459 10.2946 11.427 12.0129 11.5434 11.0145 10.4733 10.2383 8.83036 7.28353 6.03426 4.55499 4.80172 5.86831 7.61004 9.18801 9.47178 9.14794 7.89316 8.48778 9.834 10.5497 10.7621 10.5983 10.1758 9.93262 9.16042 8.82719 7.75402 6.07466 5.41481 5.83702 4.05393 4.18119 4.84383 4.14238 5.30091 5.85635 4.48768 5.57756 6.82189 7.45911 8.01656 8.28168 8.38887 8.55209 8.55907 8.57549 8.58592 8.5868 8.59006 8.56743 8.54932 8.40295 8.1854 6.87353 6.32608 6.43702 7.04843 7.58421 8.14426 8.37552
-9999 -9999 -9999 -9999 -9999 -9999 -9999 2.75081 4.85002 7.57271 9.23216 9.5313 10.7869 11.9036 11.7819 11.2315 11.0659 10.4954 9.30173 7.98299 6.54131 5.84181 4.23008 5.82209 7.08096 8.41764 9.04406 8.01322 7.49745 8.41628 9.32976 9.69582 10.6184 10.6118 10.314 9.02279 8.39445 8.66353 8.3951 7.92313 6.76794 6.71892 5.9777 5.67206 5.38342 4.43778 5.04285 5.10525 5.27061 6.57863 7.22734 7.65823 8.05041 8.15517 8.32721 8.54982 8.57197 8.58276 8.58477 8.59199 8.57898 8.51963 8.47014 8.17207 7.64188 6.64971 5.0369 6.17744 7.3699 7.7279 8.07666 8.25933
-9999 -9999 -9999 -9999 -9999 -9999 -9999 2.39865 4.62859 6.95604 7.93077 8.09859 10.3688 11.7599 11.7651 11.5057 11.2022 9.78889 9.87484 9.5944 8.29418 6.39894 4.31713 4.51527 5.75746 7.52316 8.10852 6.40406 5.80384 6.24914 7.62949 8.86535 10.1557 10.4851 10.1095 8.09831 5.96099 6.95591 8.01886 8.01554 7.70696 6.63572 6.29721 5.99094 5.20982 3.88409 4.07936 4.45036 5.93518 6.40656 7.13362 7.73789 7.51335 7.64858 8.22696 8.56002 8.57525 8.58401 8.59782 8.59323 8.57655 8.45504 8.3262 8.10784 6.72019 5.85846 4.60278 6.06712 6.88095 7.31563 8.0906 8.27771
-9999 -9999 -9999 -9999 -9999 -9999 -9999 1.71423 3.33336 5.55819 6.45658 7.88784 10.0334 11.0901 11.5982 11.5899 11.3886 10.7573 10.3789 9.63038 8.27768 6.42699 4.36941 3.03081 3.71521 6.08779 6.6514 5.07917 4.2819 5.27996 6.75098 8.92802 10.1729 10.343 10.233 9.82016 8.26038 6.37537 6.3843 7.3335 6.54392 5.62576 6.13452 6.04315 5.27186 4.71139 4.36726 4.58352 5.43089 5.78273 6.62233 7.86044 8.03991 8.00739 8.53026 8.55899 8.57391 8.59636 8.59861 8.59674 8.58405 8.48544 8.26085 7.33814 6.53387 5.41379 5.27783 6.58074 7.15384 7.68699 8.06866 8.19505
-9999 -9999 -9999 -9999 -9999 -9999 -9999 0.532234 2.43678 4.52123 6.47315 8.31999 9.90989 10.0355 10.8754 10.8772 11.3186 11.1958 10.6108 9.98082 8.81572 6.43755 4.4382 2.25744 2.83562 5.25404 5.57159 4.5205 2.57661 4.58859 6.80716 8.81812 9.90782 9.05779 9.93383 9.86451 9.28161 8.16047 6.41588 6.45139 5.14457 5.09001 5.76477 5.98533 5.87559 5.4554 4.78144 4.89787 5.41307 5.54607 6.31788 7.27894 8.21862 8.37869 8.5601 8.57051 8.5762 8.59362 8.59834 8.58167 8.5366 8.43323 7.66009 6.74007 6.1744 5.39478 5.30266 6.80819 7.40768 7.74368 8.07378 8.20585
-9999 -9999 -9999 -9999 -9999 -9999 -9999 -9999 2.24709 4.40054 5.99481 6.42637 7.83997 8.60463 9.19698 9.33052 11.0152 11.1108 10.7409 10.1624 9.16914 7.36519 6.10907 4.01742 2.51469 3.13259 3.42303 3.9786 3.81788 4.71656 6.84868 9.0699 9.31438 7.90731 8.11848 8.41584 9.07924 8.74636 6.36828 5.16122 4.15963 4.87504 5.62746 5.81119 5.84968 5.70707 5.53975 5.25322 6.25892 7.00371 7.17821 7.82802 8.30848 8.44307 8.54518 8.5602 8.57548 8.57851 8.55353 8.53619 8.4191 8.15315 7.2879 5.20307 5.30329 5.08019 4.43348 5.90373 6.82972 7.66157 8.10492 8.22148
-9999 -9999 -9999 -9999 -9999 -9999 -9999 -9999 1.53647 4.02769 4.55649 4.52066 3.70011 4.08237 7.139 7.75682 9.37263 10.9027 10.7933 10.2259 9.29667 8.22335 6.56012 4.20742 2.33852 1.55081 3.56421 5.54479 5.95565 6.58959 7.8971 8.14761 6.70959 5.36122 6.12215 6.58144 8.32452 8.64455 8.30849 6.87645 5.23871 4.38476 5.39728 5.53431 5.59689 5.61081 5.58026 5.53938 6.67255 7.30081 7.73739 7.97623 8.38914 8.49677 8.53309 8.56749 8.56289 8.54455 8.48257 8.41168 8.08993 7.6998 6.28062 5.09784 4.36125 3.42551 5.5428 6.17192 7.04404 7.60563 8.04656 8.14533
