Test_Spring_2018/11_17/Temp/20171124_016.txt
ncols	170
nrows	115
xllcorner	350000.000000
yllcorner	4445000.000000
cellsize	1000.000000
nodata_value	-9999.000000
[rows 32 to 63 of 115, columns 72 to 143 of 170]
12.975 12.6995 13.1293 13.5251 13.2798 13.1171 13.7615 13.7632 13.5438 13.0262 12.8379 12.6427 12.5242 11.8605 9.99328 8.31043 9.21689 9.2415 8.62006 9.74342 9.15493 7.61455 5.43871 6.62634 6.32131 4.78082 4.40428 -9999 -9999 -9999 -9999 -9999 -9999 -9999 -9999 -9999 -9999 -9999 -9999 -9999 -9999 -9999 -9999 -9999 -9999 -9999 -9999 -9999 -9999 -9999 -9999 -9999 -9999 -9999 -9999 -9999 -9999 -9999 -9999 -9999 -9999 -9999 -9999 -9999 -9999 -9999 -9999 -9999 -9999 -9999 -9999 -9999
12.6015 12.4842 13.1224 13.1106 13.0699 13.2925 13.6915 13.7735 13.6891 13.4645 13.2706 13.0644 12.5375 11.7778 10.1802 8.26424 7.83211 8.77446 8.82273 8.9769 8.44084 7.76667 6.71016 7.58113 7.9213 6.91229 5.58507 4.73004 -9999 -9999 -9999 -9999 -9999 -9999 -9999 -9999 -9999 -9999 -9999 -9999 -9999 -9999 -9999 -9999 -9999 -9999 -9999 -9999 -9999 -9999 -9999 -9999 -9999 -9999 -9999 -9999 -9999 -9999 -9999 -9999 -9999 -9999 -9999 -9999 -9999 -9999 -9999 -9999 -9999 -9999 -9999 -9999
12.1566 11.5409 11.9263 12.2159 12.7438 12.8751 12.9567 13.7178 13.6795 13.6464 13.3244 13.0675 12.6405 11.9094 10.8675 9.6125 7.42521 8.779 9.8398 9.81595 9.76126 9.28991 8.275 9.12988 9.17293 7.88289 6.40329 5.53849 5.18306 -9999 -9999 -9999 -9999 -9999 -9999 -9999 -9999 -9999 -9999 -9999 -9999 -9999 -9999 -9999 -9999 -9999 -9999 -9999 -9999 -9999 -9999 -9999 -9999 -9999 -9999 -9999 -9999 -9999 -9999 -9999 -9999 -9999 -9999 -9999 -9999 -9999 -9999 -9999 -9999 -9999 -9999 -9999
11.6512 10.8988 11.2865 11.8032 12.5264 12.8975 13.1813 13.4101 13.6436 13.6182 13.2886 12.3108 12.1734 12.1337 11.4532 10.022 8.59285 8.22498 9.84156 10.3066 10.2157 10.5791 9.71985 10.1305 9.96633 9.51093 8.09327 6.7989 6.26691 5.21206 -9999 -9999 -9999 -9999 -9999 -9999 -9999 -9999 -9999 -9999 -9999 -9999 -9999 -9999 -9999 -9999 -9999 -9999 -9999 -9999 -9999 -9999 -9999 -9999 -9999 -9999 -9999 -9999 -9999 -9999 -9999 -9999 -9999 -9999 -9999 -9999 -9999 -9999 -9999 -9999 -9999 -9999
-9999 -9999 10.4237 11.1214 11.6983 12.4092 13.0194 13.3285 13.6289 13.6068 12.9456 12.6235 12.5976 12.1526 11.3665 10.8744 9.97574 9.03938 9.40153 10.7806 10.1718 11.1497 11.0703 11.2524 10.6036 9.36825 7.72635 6.76426 6.28851 5.43422 -9999 -9999 -9999 -9999 -9999 -9999 -9999 -9999 -9999 -9999 -9999 -9999 -9999 -9999 -9999 -9999 -9999 -9999 -9999 -9999 -9999 -9999 -9999 -9999 -9999 -9999 -9999 -9999 -9999 -9999 -9999 -9999 -9999 -9999 -9999 -9999 -9999 -9999 -9999 -9999 -9999 -9999
-9999 -9999 -9999 10.9905 11.4292 12.3807 12.8674 13.0685 13.5518 13.5547 13.3055 13.118 12.8452 12.4883 11.8982 11.2471 10.4021 10.3269 11.2103 11.2245 11.0439 11.1915 11.6467 11.5304 10.5256 8.78401 7.86704 6.00106 5.20371 5.28905 4.72493 -9999 -9999 -9999 -9999 -9999 -9999 -9999 -9999 -9999 -9999 -9999 -9999 6.96379 -9999 -9999 -9999 -9999 -9999 -9999 -9999 -9999 -9999 -9999 -9999 -9999 -9999 -9999 -9999 -9999 -9999 -9999 -9999 -9999 3.67902 -9999 -9999 -9999 -9999 -9999 -9999 -9999
-9999 -9999 10.9063 11.4902 11.9534 12.5501 12.6082 12.9597 13.5151 13.5248 13.3486 13.1493 12.6989 12.5894 12.2548 11.5477 11.4056 11.6969 11.8329 11.9866 12.0825 12.0106 11.8305 11.5967 10.9456 10.1411 9.60196 7.90055 7.03687 6.21364 4.96615 3.99105 -9999 -9999 -9999 -9999 -9999 -9999 -9999 6.28079 6.24061 6.26938 6.55047 7.31469 6.87671 -9999 -9999 -9999 -9999 -9999 -9999 -9999 -9999 -9999 -9999 -9999 -9999 -9999 -9999 -9999 -9999 -9999 -9999 -9999 4.35987 3.38041 -9999 -9999 -9999 -9999 -9999 -9999
-9999 -9999 11.0547 11.6801 11.9928 12.5722 12.9041 13.1173 13.3106 13.4957 13.4666 13.2458 12.9091 12.914 12.4497 12.2009 12.0244 12.4173 12.4978 12.3451 12.1527 11.9827 11.4958 11.4419 11.2817 10.772 9.93339 9.06902 7.8205 6.12553 4.46339 3.1234 -9999 -9999 -9999 -9999 -9999 -9999 6.41098 7.04621 7.42963 6.63519 7.32684 7.9598 7.86719 7.26855 -9999 -9999 -9999 -9999 -9999 -9999 -9999 -9999 -9999 -9999 -9999 -9999 -9999 -9999 9.00455 8.0002 5.96597 4.92597 4.30424 3.41419 -9999 -9999 -9999 -9999 -9999 -9999
-9999 -9999 10.9288 11.667 12.1674 12.6114 12.6831 13.1347 13.3334 13.4333 13.4233 13.3811 13.3209 12.9158 12.7434 12.1303 12.7235 12.7049 12.5594 11.9722 11.7197 10.7086 10.2654 10.1654 11.0213 10.3934 9.07925 7.4357 5.45719 5.33458 4.68291 3.48527 -9999 -9999 -9999 -9999 -9999 -9999 6.60064 7.27983 7.84824 7.9372 7.14817 8.26761 8.23326 7.61898 7.48547 8.00293 8.2687 8.08453 8.70419 8.88871 8.61982 8.92677 -9999 -9999 -9999 -9999 9.13142 9.17732 9.21332 8.79792 6.57509 5.05874 3.69765 3.57763 -9999 -9999 -9999 -9999 -9999 -9999
-9999 -9999 11.4372 11.892 12.1222 12.16 12.5583 12.9525 13.1976 13.3762 13.342 13.3294 13.3164 13.1796 12.8587 12.9204 12.8979 12.7126 11.5917 10.2827 10.8587 10.0832 8.41398 9.77419 10.5217 9.80963 8.21647 6.36856 5.76186 5.7927 4.88501 3.71534 -9999 -9999 -9999 4.73932 5.70744 5.79665 6.08663 6.99049 7.68009 8.20345 8.56163 8.55752 8.19816 7.59783 6.94445 7.18796 8.38519 8.68248 8.93863 9.12969 8.88048 9.01807 9.34144 9.51089 9.54915 9.47915 9.46689 9.49778 9.46481 9.07737 7.09123 5.95601 5.2338 3.77881 -9999 -9999 -9999 -9999 -9999 -9999
-9999 -9999 11.148 11.5434 11.8636 12.3942 12.4507 12.787 12.9837 13.2811 13.316 12.9712 13.2601 13.2258 13.1754 13.0653 12.9026 11.957 10.6524 9.34446 8.74263 9.00106 8.00054 8.52029 9.2776 9.00483 8.0263 6.3801 6.1496 5.7654 4.24022 2.76922 -9999 -9999 2.86181 4.71427 6.02049 6.69721 6.91122 6.93784 7.80513 7.88026 8.81417 8.60446 7.39024 7.53632 7.07063 7.38746 7.83088 7.95794 8.59338 9.20669 9.32668 9.3349 9.54267 9.58928 9.60482 9.60429 9.47171 9.53934 9.5539 9.3142 7.87529 7.17643 6.40667 3.79438 -9999 -9999 -9999 -9999 -9999 -9999
-9999 -9999 11.3462 11.7878 12.2712 12.3497 12.708 12.6727 12.5682 13.0684 13.2524 13.0094 12.8355 13.163 13.1437 13.1043 13.0372 12.1491 11.1208 9.56171 8.59436 8.00108 7.58232 7.02127 7.41129 7.29494 7.13799 7.32246 6.87094 5.96561 5.07156 3.39942 2.49462 -9999 2.95707 3.79504 5.34758 6.66845 7.50965 7.21614 8.20159 8.39089 8.96221 8.63951 7.90667 7.59563 7.5757 7.48641 8.15327 8.60672 8.92746 9.14319 9.4121 9.48384 9.55551 9.58817 9.60797 9.62787 9.62909 9.62855 9.60412 9.5171 8.85825 8.16123 6.64785 3.87926 -9999 -9999 -9999 -9999 -9999 -9999
-9999 10.0616 11.2943 12.0344 12.3209 12.5275 12.7097 12.8417 12.9778 13.1088 13.1994 13.1631 12.5171 12.5729 12.6926 13.0643 13.0422 12.9658 12.4056 10.5078 9.85209 8.89326 7.65211 7.13606 7.39833 8.42018 8.3765 7.70283 6.95169 5.9099 5.24918 4.22278 2.25286 2.43261 3.32453 3.98966 5.04616 6.65956 7.79297 8.30288 8.50042 8.90363 9.11814 8.67305 8.25167 8.07895 7.75123 7.71252 7.72359 8.12977 8.44854 9.14906 9.38788 9.50153 9.56094 9.59497 9.6208 9.64618 9.6579 9.64918 9.65458 9.65404 9.61072 8.68039 6.34511 4.58895 -9999 -9999 -9999 -9999 -9999 -9999
-9999 -9999 11.0648 11.39 11.4748 11.6235 11.9284 12.2801 12.7762 12.8413 13.1175 13.1183 12.5622 11.9199 12.4853 12.7124 12.948 12.9594 12.8912 11.2941 10.4614 9.80628 8.61624 9.05023 9.4613 9.49435 9.24944 7.803 6.36223 4.698 3.14619 3.07348 2.23903 2.6849 3.27487 4.78614 5.85157 6.28708 6.60225 8.244 8.67597 8.83045 9.25757 8.69582 8.56249 8.14301 8.27985 8.2515 8.26289 7.08337 8.28401 8.36212 9.14571 9.50283 9.58837 9.6148 9.64237 9.65051 9.65942 9.66034 9.67282 9.66613 9.65864 9.05587 6.09257 4.60917 -9999 -9999 -9999 -9999 -9999 -9999
-9999 -9999 -9999 -9999 11.166 11.4137 11.5725 11.8477 12.6892 12.9176 13.0702 13.0851 12.8387 12.2032 12.0386 12.1597 11.5409 12.0665 12.7829 12.7689 12.6859 11.2839 10.5689 11.2675 11.0582 10.0038 9.17404 8.35486 6.66769 5.43022 3.65141 2.31611 2.26744 3.74479 4.97319 6.50234 7.17981 6.80177 7.223 8.04161 8.97163 9.42595 9.32962 8.73715 8.66426 8.01255 8.67223 8.73737 8.44428 8.19187 8.30492 8.69689 8.85067 9.46476 9.61784 9.6502 9.65943 9.66633 9.66805 9.66896 9.66624 9.66474 9.6614 9.63943 6.59323 4.22616 -9999 -9999 -9999 -9999 -9999 -9999
-9999 -9999 -9999 -9999 10.5785 10.7291 11.1262 12.1469 12.6784 12.8953 12.8895 12.9915 12.8186 12.2598 11.6868 11.1468 10.4494 10.855 11.9207 12.5503 12.625 11.3963 12.0411 11.8037 11.3328 9.95317 8.93657 8.39803 6.77824 5.38899 4.20595 2.57213 3.27321 4.04559 5.03768 6.70592 7.83333 8.30001 7.91858 8.44465 9.51373 9.5281 8.9566 9.00373 8.66158 7.76756 8.71846 8.99294 8.7889 8.85332 8.78285 8.93383 9.20169 9.4576 9.62935 9.65713 9.66474 9.6636 9.66753 9.67244 9.66525 9.67099 9.66758 9.65748 7.69326 4.17992 -9999 -9999 -9999 -9999 -9999 -9999
-9999 -9999 -9999 -9999 -9999 10.0433 10.95 12.3049 12.6383 12.6086 12.89 12.9164 12.6495 12.4188 11.7223 10.7696 8.93607 9.40862 10.3899 11.8028 12.5468 12.4499 12.0417 11.3286 9.59908 8.08544 7.90288 7.656 6.47417 5.40399 4.08861 4.85289 5.69027 6.60666 7.08974 6.9684 7.93508 8.72486 8.39771 9.04144 9.79207 9.46361 9.27336 9.11556 8.71836 8.70369 8.75634 9.30055 8.94037 9.17682 9.19177 9.18714 9.32134 9.47401 9.63338 9.6639 9.66902 9.67587 9.66222 9.67276 9.66847 9.66461 9.66182 9.65389 9.48135 7.59216 6.46511 -9999 -9999 -9999 -9999 -9999
-9999 -9999 -9999 -9999 -9999 9.20524 9.65728 11.2622 11.7548 12.4651 12.8433 12.8629 12.4105 12.1601 11.1202 10.786 9.0902 8.32494 8.98234 8.73614 10.6798 12.3997 12.0298 8.56679 7.31377 6.42033 6.65188 6.65538 6.32726 4.50641 4.00625 5.63721 6.66502 7.4622 8.06801 8.19702 8.18049 9.41287 9.58212 9.98773 9.90864 9.95389 9.34309 8.96892 9.31518 8.93878 8.88272 9.44456 8.91047 9.41148 9.36272 9.22337 9.22328 9.55414 9.62592 9.66595 9.67284 9.66445 9.65211 9.6474 9.66243 9.66239 9.64962 9.65604 9.6442 9.4257 8.45067 8.11413 8.50073 -9999 -9999 -9999
-9999 -9999 -9999 -9999 -9999 -9999 8.15957 10.3903 11.4063 11.9431 12.6988 12.792 12.5514 12.1164 11.0575 10.1269 8.61133 6.87976 5.96498 8.72056 11.1191 12.3722 12.2118 9.32967 8.19347 8.14269 8.81498 8.25069 7.8229 6.43905 6.02748 5.45491 5.81098 6.92081 7.82915 8.70571 9.34461 9.4013 9.81873 10.0627 10.0895 10.1717 10.1075 10.0571 9.47029 9.89319 9.5525 9.74827 9.63802 9.53914 9.4554 9.12151 9.37088 9.59192 9.65332 9.67567 9.66746 9.66872 9.66364 9.64743 9.64402 9.64747 9.65061 9.64513 9.65073 9.64721 9.54358 8.95952 8.1754 7.18299 -9999 -9999
-9999 -9999 -9999 -9999 -9999 -9999 7.0444 9.26444 10.3311 11.7095 12.418 12.7073 12.6728 12.3209 11.5172 10.3056 9.29703 7.36341 5.35531 8.24727 10.8246 12.2162 12.2927 9.87229 10.5469 10.0059 10.227 9.23428 8.82278 8.49532 7.78327 7.00456 6.15166 5.70314 7.73812 8.78507 9.62886 10.0296 10.2588 10.3766 10.3232 10.1803 9.28633 9.98299 9.95709 9.898 9.82891 9.8003 9.73832 9.66339 9.62296 9.61345 9.39381 9.65799 9.65825 9.66695 9.67286 9.67042 9.66162 9.65431 9.64436 9.65008 9.64788 9.64444 9.64401 9.64801 9.64697 9.62082 9.47025 8.13531 7.3392 7.12255
-9999 -9999 -9999 -9999 -9999 -9999 3.92435 7.15432 9.74425 11.1016 12.2057 12.5117 12.6283 12.1548 11.8019 10.9344 10.1132 8.84407 6.94094 5.77038 7.93636 11.0828 12.2457 12.1593 12.0893 11.4636 10.8998 10.8303 10.8747 10.2153 9.25616 8.00438 7.61638 7.17961 8.69624 8.90515 8.79871 10.4674 10.4764 10.3877 9.75738 9.05175 9.19456 8.76491 9.11328 8.59623 9.08885 9.51586 9.68085 9.67653 9.62992 9.63063 9.61291 9.66448 9.66952 9.66755 9.66679 9.6682 9.66608 9.65071 9.6437 9.65478 9.64805 9.64314 9.64142 9.64734 9.64985 9.63199 9.61633 9.41619 9.11211 8.52942
-9999 -9999 -9999 -9999 -9999 -9999 4.05919 6.77209 9.07766 10.4595 11.7907 12.1019 12.5535 12.4602 12.0902 11.3365 10.394 9.35002 7.7177 6.50524 7.95471 10.045 11.5422 12.082 12.0806 12.047 11.9073 11.8492 11.686 11.5673 10.8814 9.70008 9.03337 8.05664 9.74659 9.93948 9.67971 10.526 10.4889 9.22144 8.24876 8.13339 8.73785 8.17751 8.08767 7.74602 8.15417 9.2336 8.92873 8.99886 9.4931 9.58069 9.63946 9.65955 9.66195 9.66492 9.66155 9.66734 9.67285 9.658 9.65335 9.65324 9.6392 9.64313 9.63552 9.63337 9.6334 9.62652 9.61267 9.56 9.50037 9.57646
-9999 -9999 -9999 -9999 -9999 -9999 4.1133 5.9368 8.01197 10.0465 11.468 12.0433 12.4632 12.4621 12.0313 11.6584 11.0688 10.1506 9.52181 8.42748 6.92419 9.45269 10.2303 10.9258 11.2178 11.9406 11.9251 11.5971 11.2135 11.5717 11.4705 10.5356 10.2301 9.71258 10.654 10.6599 10.6379 10.5921 9.52154 8.03208 6.8431 7.70926 7.53633 7.93863 6.7256 7.73881 8.55686 8.82791 8.2896 7.88926 9.16027 9.37773 9.50883 9.59478 9.65296 9.64572 9.66366 9.661 9.66184 9.66219 9.65576 9.65365 9.64727 9.64082 9.63813 9.63749 9.62892 9.61534 9.62024 9.59789 9.59155 9.58932
-9999 -9999 -9999 -9999 -9999 -9999 -9999 4.85672 7.48362 9.83269 11.1419 11.9664 12.3698 12.3658 12.1471 11.8948 11.5303 10.8687 10.0365 8.71956 7.74256 8.36741 9.12924 9.21909 9.72637 11.1926 11.695 10.9885 9.23401 10.2721 11.4284 11.4125 11.3172 11.2103 11.0737 10.9505 10.6767 9.93683 7.66153 7.21724 6.32848 6.43623 5.98386 6.99328 6.62839 7.66565 8.11967 8.296 7.35191 7.56172 8.68963 9.13959 9.07294 9.35115 9.61842 9.63253 9.64525 9.64356 9.65398 9.66077 9.66115 9.65244 9.64863 9.64727 9.63472 9.64442 9.56548 9.51639 9.41085 9.55525 9.57465 9.59302
-9999 -9999 -9999 -9999 -9999 -9999 -9999 4.32768 6.95304 9.71922 10.6093 11.498 12.2656 12.2837 11.9476 11.6281 11.2989 10.9236 9.91355 8.93404 7.99892 7.68686 7.87854 7.86849 8.68774 10.5974 10.9691 10.814 8.98301 8.36631 9.91032 11.2086 11.3137 11.1997 9.67918 10.0078 9.18977 8.07919 7.77722 7.29442 6.26863 6.7711 6.0219 6.35241 6.27586 6.86769 7.16015 7.86288 7.04074 7.05266 8.1603 8.72135 8.74204 9.32995 9.54344 9.60366 9.62295 9.63814 9.64585 9.66011 9.65986 9.65645 9.65039 9.62804 9.56747 9.37326 8.27869 8.28619 8.59509 8.88782 9.41922 9.57367
-9999 -9999 -9999 -9999 -9999 -9999 -9999 4.62765 6.45031 8.90518 10.7245 10.8416 11.7278 12.1869 11.821 11.4087 10.9868 10.8042 9.70455 8.49627 7.52051 6.36487 6.55845 7.39291 8.75824 9.99278 10.2156 9.96357 8.98208 9.44849 10.5026 11.0639 11.2318 11.1058 10.7776 10.5898 9.98865 9.73083 8.89479 7.58512 7.07275 7.40658 6.01677 6.12069 6.64348 6.10552 7.01671 7.45659 6.39237 7.25414 8.23243 8.73588 9.17669 9.38865 9.47679 9.60836 9.61743 9.63356 9.64472 9.64822 9.65344 9.63838 9.62688 9.5152 9.34803 8.32555 7.90972 7.99984 8.48129 8.90368 9.35206 9.53608
-9999 -9999 -9999 -9999 -9999 -9999 -9999 4.93421 6.57565 8.70465 10.0026 10.2373 11.2198 12.0939 11.9998 11.5707 11.4422 10.9973 10.0652 9.0352 7.90902 7.36298 6.10375 7.34898 8.33689 9.38284 9.87359 9.06684 8.66514 9.38503 10.1008 10.3888 11.112 11.1089 10.8783 9.87125 9.38256 9.59561 9.38868 9.02288 8.12323 8.08862 7.51316 7.27852 7.05744 6.32852 6.80677 6.86092 6.99892 8.02786 8.54025 8.88217 9.19359 9.28005 9.41879 9.59676 9.61773 9.62955 9.63429 9.64293 9.63565 9.5921 9.55628 9.32622 8.9148 8.14238 6.89428 7.7893 8.72499 9.01128 9.29187 9.43792
-9999 -9999 -9999 -9999 -9999 -9999 -9999 4.65113 6.39484 8.21491 8.97762 9.10965 10.8853 11.9738 11.9789 11.7772 11.541 10.4371 10.5053 10.287 9.2714 7.79061 6.16392 6.31951 7.29541 8.67573 9.13438 7.80108 7.33336 7.68307 8.76385 9.73179 10.7424 11.002 10.7106 9.14077 7.47247 8.25297 9.08684 9.0874 8.84957 8.0158 7.75509 7.51984 6.91363 5.88628 6.0452 6.34035 7.51078 7.88446 8.45789 8.93514 8.76428 8.87442 9.33074 9.59503 9.61062 9.62093 9.63502 9.63459 9.62463 9.53269 9.43503 9.26746 8.18591 7.51558 6.54055 7.69539 8.3351 8.68625 9.2954 9.44495
-9999 -9999 -9999 -9999 -9999 -9999 -9999 4.10823 5.37449 7.11437 7.81741 8.93712 10.6153 11.4424 11.8405 11.8351 11.6788 11.1863 10.8914 10.3072 9.25055 7.80459 6.19684 5.15111 5.68681 7.54562 7.98882 6.75737 6.13558 6.91737 8.06898 9.77265 10.7477 10.8827 10.7989 10.4786 9.2618 7.79095 7.80088 8.54607 7.93223 7.21812 7.61972 7.55241 6.9538 6.52017 6.26172 6.43966 7.10786 7.38792 8.04915 9.02174 9.16657 9.14546 9.55831 9.58466 9.60002 9.6211 9.62625 9.62808 9.6214 9.54754 9.37522 8.65721 8.03186 7.15972 7.05699 8.08919 8.54405 8.9691 9.27085 9.37298
-9999 -9999 -9999 -9999 -9999 -9999 -9999 3.17628 4.6657 6.29585 7.82249 9.26706 10.5108 10.61 11.2675 11.27 11.616 11.5211 11.0647 10.5731 9.66319 7.80488 6.24265 4.53855 4.99118 6.88695 7.13282 6.31248 4.79426 6.36859 8.10453 9.67828 10.532 9.86948 10.5565 10.5046 10.0515 9.1778 7.81696 7.84792 6.82976 6.79078 7.32217 7.4987 7.41721 7.09319 6.57559 6.67688 7.0852 7.19406 7.80217 8.55806 9.29706 9.42641 9.57226 9.58425 9.5924 9.60959 9.61675 9.60713 9.57527 9.49784 8.89686 8.18112 7.74246 7.13662 7.0683 8.25236 8.73499 9.00593 9.26744 9.37409
-9999 -9999 -9999 -9999 -9999 -9999 -9999 -9999 4.50946 6.19356 7.4406 7.77878 8.88474 9.48345 9.9475 10.0529 11.3709 11.4466 11.1584 10.7072 9.93151 8.52208 7.54085 5.90638 4.73223 5.22193 5.44499 5.88055 5.75621 6.46011 8.12834 9.86635 10.0592 8.96115 9.12833 9.36309 9.88422 9.62675 7.77071 6.83035 6.05087 6.61386 7.20603 7.35382 7.38824 7.28123 7.16389 6.94657 7.7377 8.32475 8.46585 8.97833 9.35825 9.4676 9.5514 9.56695 9.58258 9.58854 9.57253 9.56248 9.47444 9.27006 8.59722 6.97106 7.05311 6.88249 6.38078 7.53809 8.28032 8.93423 9.28438 9.379
-9999 -9999 -9999 -9999 -9999 -9999 -9999 -9999 3.94597 5.8941 6.30821 6.28101 5.64043 5.94021 8.33069 8.81468 10.0789 11.276 11.1915 10.7488 10.0233 9.185 7.88548 6.04688 4.58642 3.969 5.5486 7.09647 7.4188 7.91559 8.93903 9.1363 8.01374 6.96145 7.5583 7.91959 9.28471 9.53766 9.278 8.16183 6.88514 6.22142 7.01702 7.12841 7.18176 7.1972 7.18277 7.16012 8.05233 8.54829 8.89422 9.08538 9.41242 9.50063 9.53293 9.56358 9.56364 9.5529 9.508 9.45614 9.20819 8.90685 7.80114 6.88031 6.30836 5.58081 7.24 7.74007 8.43294 8.88298 9.23137 9.3122
