Test_Spring_2018/11_17/Temp/20171128_017.txt
ncols	170
nrows	115
xllcorner	350000.000000
yllcorner	4445000.000000
cellsize	1000.000000
nodata_value	-9999.000000
[rows 31 to 61 of 115, columns 70 to 139 of 170]
6.21131 6.89873 7.15213 6.67573 6.72436 7.87022 8.13073 8.11512 8.01595 7.90829 7.36563 7.18475 6.75727 6.00347 5.68784 4.34591 0.00589137 1.23428 1.71432 0.455353 1.15693 2.29909 1.30214 -1.65397 -2.92823 -4.97978 -4.32911 -4.94298 -6.59466 -9999 -9999 -9999 -9999 -9999 -9999 -9999 -9999 -9999 -9999 -9999 -9999 -9999 -9999 -9999 -9999 -9999 -9999 -9999 -9999 -9999 -9999 -9999 -9999 -9999 -9999 -9999 -9999 -9999 -9999 -9999 -9999 -9999 -9999 -9999 -9999 -9999 -9999 -9999 -9999 -9999
6.33696 6.65183 6.62343 6.16466 6.8759 7.53099 7.13844 6.87545 7.95406 7.95498 7.58907 6.72828 6.41281 6.08551 5.88493 4.77978 1.67875 -1.11701 0.380271 0.415083 -0.621518 1.2348 0.252591 -2.308 -5.92228 -3.95961 -4.47195 -7.02532 -7.66124 -9999 -9999 -9999 -9999 -9999 -9999 -9999 -9999 -9999 -9999 -9999 -9999 -9999 -9999 -9999 -9999 -9999 -9999 -9999 -9999 -9999 -9999 -9999 -9999 -9999 -9999 -9999 -9999 -9999 -9999 -9999 -9999 -9999 -9999 -9999 -9999 -9999 -9999 -9999 -9999 -9999
5.4649 6.24904 6.0092 5.81263 6.86927 6.84828 6.78567 7.17105 7.84244 7.97643 7.83425 7.4592 7.13449 6.78889 5.91113 4.64686 1.99287 -1.18934 -1.91153 -0.354953 -0.281055 -0.0317046 -0.926927 -2.05121 -3.80949 -2.37183 -1.81431 -3.49491 -5.69852 -7.11317 -9999 -9999 -9999 -9999 -9999 -9999 -9999 -9999 -9999 -9999 -9999 -9999 -9999 -9999 -9999 -9999 -9999 -9999 -9999 -9999 -9999 -9999 -9999 -9999 -9999 -9999 -9999 -9999 -9999 -9999 -9999 -9999 -9999 -9999 -9999 -9999 -9999 -9999 -9999 -9999
4.29469 5.63992 5.27623 4.25333 4.89058 5.36944 6.25749 6.49501 6.62866 7.88876 7.82296 7.76539 7.22837 6.79885 6.0867 4.86991 3.13733 1.0511 -2.58131 -0.342522 1.41026 1.36443 1.26735 0.479341 -1.20996 0.201034 0.265959 -1.88469 -4.32575 -5.76764 -6.36495 -9999 -9999 -9999 -9999 -9999 -9999 -9999 -9999 -9999 -9999 -9999 -9999 -9999 -9999 -9999 -9999 -9999 -9999 -9999 -9999 -9999 -9999 -9999 -9999 -9999 -9999 -9999 -9999 -9999 -9999 -9999 -9999 -9999 -9999 -9999 -9999 -9999 -9999 -9999
-9999 4.79283 4.44272 3.19313 3.83435 4.68973 5.89685 6.52603 7.00586 7.38347 7.76845 7.72389 7.17426 5.54947 5.31761 5.24733 4.11405 1.73566 -0.639779 -1.25572 1.41853 2.1832 2.02606 2.62218 1.19088 1.86524 1.58665 0.820643 -1.52792 -3.67258 -4.56254 -6.3195 -9999 -9999 -9999 -9999 -9999 -9999 -9999 -9999 -9999 -9999 -9999 -9999 -9999 -9999 -9999 -9999 -9999 -9999 -9999 -9999 -9999 -9999 -9999 -9999 -9999 -9999 -9999 -9999 -9999 -9999 -9999 -9999 -9999 -9999 -9999 -9999 -9999 -9999
-9999 -9999 -9999 -9999 2.40806 3.57273 4.53884 5.72095 6.74232 7.25332 7.74959 7.71063 6.61145 6.07393 6.02718 5.28476 3.97648 3.15508 1.65921 0.100535 0.694676 2.97485 1.95885 3.57369 3.43542 3.73079 2.64865 0.599876 -2.13135 -3.72479 -4.52133 -5.94557 -9999 -9999 -9999 -9999 -9999 -9999 -9999 -9999 -9999 -9999 -9999 -9999 -9999 -9999 -9999 -9999 -9999 -9999 -9999 -9999 -9999 -9999 -9999 -9999 -9999 -9999 -9999 -9999 -9999 -9999 -9999 -9999 -9999 -9999 -9999 -9999 -9999 -9999
-9999 -9999 -9999 -9999 -9999 3.36007 4.09705 5.67447 6.49539 6.82764 7.62757 7.63042 7.21459 6.90058 6.44438 5.84815 4.86483 3.77972 2.37274 2.24173 3.69998 3.71678 3.41054 3.6486 4.39667 4.1972 2.52033 -0.363883 -1.89129 -4.98494 -6.31457 -6.1806 -7.12354 -9999 -9999 -9999 -9999 -9999 -9999 -9999 -9999 -9999 -9999 -9999 -9999 -3.53347 -9999 -9999 -9999 -9999 -9999 -9999 -9999 -9999 -9999 -9999 -9999 -9999 -9999 -9999 -9999 -9999 -9999 -9999 -9999 -9999 -9.19467 -9999 -9999 -9999
-9999 -9999 -9999 -9999 3.2165 4.20225 4.97044 5.96025 6.06013 6.65296 7.57276 7.5874 7.29286 6.95959 6.20917 6.02319 5.46335 4.28521 4.04357 4.51998 4.73871 4.98662 5.13861 5.01247 4.70701 4.31261 3.23221 1.89129 0.990559 -1.83911 -3.26947 -4.64175 -6.71752 -8.34172 -9999 -9999 -9999 -9999 -9999 -9999 -9999 -4.61519 -4.69261 -4.65616 -4.20175 -2.94663 -3.68518 -9999 -9999 -9999 -9999 -9999 -9999 -9999 -9999 -9999 -9999 -9999 -9999 -9999 -9999 -9999 -9999 -9999 -9999 -9999 -8.06546 -9.69655 -9999 -9999
-9999 -9999 -9999 -9999 3.48284 4.5205 5.04012 6.00197 6.55336 6.92013 7.24027 7.54598 7.49601 7.12723 6.56546 6.56918 5.79422 5.37597 5.0769 5.72152 5.84792 5.58748 5.26102 4.972 4.1576 4.06157 3.79448 2.94245 1.54527 0.105591 -1.96457 -4.78202 -7.54501 -9.77392 -9999 -9999 -9999 -9999 -9999 -9999 -4.38171 -3.33898 -2.71438 -4.04332 -2.90866 -1.87176 -2.03826 -3.04621 -9999 -9999 -9999 -9999 -9999 -9999 -9999 -9999 -9999 -9999 -9999 -9999 -9999 -9999 -0.335994 -2.00856 -5.38852 -7.11979 -8.15745 -9.64003 -9999 -9999
-9999 -9999 -9999 -9999 3.27661 4.5022 5.3336 6.07195 6.19269 6.95323 7.28469 7.44984 7.43193 7.35959 7.25654 6.58049 6.28941 5.2668 6.2438 6.20566 5.95686 4.97561 4.54924 2.86527 2.12307 1.95534 3.36757 2.31961 0.134165 -2.59724 -5.87524 -6.08763 -7.17483 -9.16735 -9999 -9999 -9999 -9999 -9999 -9999 -4.05962 -2.94424 -2.01324 -1.87788 -3.19888 -1.35594 -1.42843 -2.46109 -2.69673 -1.85304 -1.42659 -1.74869 -0.733502 -0.440567 -0.898919 -0.401846 -9999 -9999 -9999 -9999 -0.111606 -0.0433241 0.0090403 -0.686669 -4.379 -6.89976 -9.16302 -9.37068 -9999 -9999
-9999 -9999 -9999 -9999 4.12194 4.87827 5.26274 5.32831 5.9917 6.65761 7.06651 7.3654 7.30725 7.28413 7.25906 7.02789 6.49024 6.5863 6.54185 6.22704 4.36056 2.18205 3.12915 1.83399 -0.932367 1.31149 2.54385 1.35656 -1.29136 -4.36133 -5.3647 -5.3222 -6.83353 -8.7775 -9999 -9999 -9999 -7.10856 -5.51188 -5.37327 -4.90251 -3.41467 -2.28285 -1.4296 -0.848986 -0.868815 -1.4817 -2.49201 -3.59045 -3.20181 -1.2317 -0.753567 -0.34449 -0.041351 -0.467615 -0.252764 0.272016 0.542353 0.595969 0.470883 0.442263 0.485862 0.424116 -0.224968 -3.5237 -5.4121 -6.61567 -9.02837 -9999 -9999
-9999 -9999 -9999 -9999 3.64989 4.30837 4.84255 5.7265 5.82356 6.38415 6.72097 7.21497 7.27202 6.69823 7.17402 7.11278 7.02362 6.83439 6.5571 4.98132 2.80972 0.63255 -0.373702 0.0542379 -1.61208 -0.761545 0.487113 0.0268415 -1.599 -4.33436 -4.7221 -5.35758 -7.89476 -10.34 -9999 -9999 -10.2064 -7.14255 -4.98514 -3.87232 -3.52762 -3.49454 -2.06841 -1.95658 -0.421531 -0.782471 -2.81309 -2.5862 -3.37789 -2.86852 -2.15147 -1.95602 -0.919727 0.0845983 0.270227 0.27131 0.604082 0.670553 0.686422 0.676556 0.448615 0.553377 0.570762 0.167029 -2.22481 -3.38943 -4.6736 -9.0034 -9999 -9999
-9999 -9999 -9999 -9999 3.98575 4.72168 5.52723 5.66128 6.25897 6.20132 6.03909 6.86945 7.17439 6.76974 6.47823 7.01677 6.97905 6.90668 6.78764 5.30661 3.59268 0.998699 -0.614008 -1.59947 -2.30129 -3.24026 -2.60047 -2.79985 -3.06614 -2.76594 -3.52073 -5.02036 -6.5086 -9.28891 -10.7951 -9999 -10.0413 -8.65933 -6.09333 -3.91241 -2.52783 -3.02573 -1.40398 -1.10326 -0.168888 -0.718842 -1.9519 -2.48691 -2.53614 -2.70046 -1.61092 -0.879325 -0.365445 -0.0224533 0.411035 0.517018 0.623831 0.666974 0.689858 0.713943 0.708018 0.700034 0.653122 0.502913 -0.595108 -1.75814 -4.27293 -8.86188 -9999 -9999
-9999 -9999 -9999 1.84836 3.90184 5.13354 5.6133 5.96077 6.26739 6.49029 6.72634 6.94367 7.09401 7.03223 5.95812 6.04596 6.23861 6.84767 6.80271 6.66718 5.72908 2.57303 1.4819 -0.114121 -2.17938 -3.04578 -2.61776 -0.92978 -1.00807 -2.13053 -3.38109 -5.10739 -6.20879 -7.91624 -11.1898 -10.8977 -9.42524 -8.32959 -6.58591 -3.91989 -2.05083 -1.21674 -0.901688 -0.245602 0.0955827 -0.66128 -1.37837 -1.68147 -2.24179 -2.32299 -2.32157 -1.66482 -1.15478 -0.0127615 0.368908 0.545333 0.63155 0.676813 0.709668 0.742914 0.754588 0.7333 0.736166 0.729732 0.65111 -0.896631 -4.78084 -7.69196 -9999 -9999
-9999 -9999 -9999 -9999 3.52345 4.06811 4.21431 4.46635 4.97709 5.56491 6.39806 6.50765 6.9656 6.96517 6.0399 4.97032 5.90164 6.27071 6.65288 6.66249 6.53976 3.88676 2.4978 1.40362 -0.57692 0.132083 0.806871 0.855423 0.443621 -1.95997 -4.35376 -7.1122 -9.69066 -9.81665 -11.2058 -10.4734 -9.50135 -7.0025 -5.24388 -4.53084 -4.01855 -1.30785 -0.60342 -0.363704 0.329203 -0.618412 -0.858451 -1.57133 -1.36201 -1.4267 -1.42542 -3.39857 -1.42686 -1.31352 -0.0295211 0.545929 0.676295 0.708851 0.744579 0.749315 0.7565 0.751423 0.766319 0.74881 0.726851 -0.278636 -5.19811 -7.65708 -9999 -9999
-9999 -9999 -9999 -9999 -9999 -9999 3.70609 4.12297 4.39187 4.85333 6.25937 6.63979 6.89302 6.91637 6.50465 5.44605 5.16677 5.35982 4.32507 5.18736 6.36793 6.336 6.18994 3.8573 2.66137 3.81237 3.45854 1.70405 0.322655 -1.04073 -3.84288 -5.89379 -8.84848 -11.0678 -11.1539 -8.71005 -6.67991 -4.15127 -3.03581 -3.67166 -2.98349 -1.63851 -0.109698 0.629087 0.453728 -0.545221 -0.685451 -1.78389 -0.708169 -0.618368 -1.12247 -1.5589 -1.39096 -0.757649 -0.518307 0.485435 0.726112 0.767588 0.772895 0.77565 0.771046 0.766144 0.75333 0.744601 0.733013 0.690621 -4.36623 -8.29055 -9999 -9999
-9999 -9999 -9999 -9999 -9999 -9999 2.73592 2.99206 3.65641 5.35407 6.24616 6.60764 6.59833 6.76599 6.47607 5.54474 4.58799 3.68495 2.52019 3.18379 4.94182 5.97709 6.09243 4.04727 5.10604 4.70503 3.91755 1.62386 -0.0672898 -0.965255 -3.65559 -5.95822 -7.925 -10.6392 -9.48208 -8.20704 -6.56825 -3.80913 -1.94756 -1.18297 -1.82578 -0.96544 0.793848 0.802984 -0.160446 -0.099116 -0.686069 -2.1866 -0.628342 -0.191753 -0.548557 -0.459982 -0.596622 -0.36316 0.0650995 0.47475 0.746257 0.780556 0.782856 0.772352 0.771482 0.772134 0.753677 0.75697 0.745272 0.722569 -2.54026 -8.36534 -9999 -9999
-9999 -9999 -9999 -9999 -9999 -9999 -9999 1.85889 3.36817 5.62015 6.18344 6.13602 6.60281 6.64492 6.19918 5.81161 4.65022 3.06288 0.014059 0.788711 2.40683 4.74078 5.96604 5.79761 5.11039 3.9207 1.04636 -1.46949 -1.77768 -2.19203 -4.1562 -5.92982 -8.11606 -6.85399 -5.47089 -3.95709 -3.1623 -3.37041 -1.77537 -0.47487 -1.02778 0.027656 1.25891 0.699583 0.368249 0.089726 -0.588597 -0.631168 -0.562399 0.321301 -0.29452 0.07917 0.0840808 0.0594167 0.265968 0.504394 0.755331 0.794156 0.792459 0.795147 0.764866 0.775317 0.761623 0.748932 0.738177 0.718966 0.426836 -2.70534 -4.57928 -9999
-9999 -9999 -9999 -9999 -9999 -9999 -9999 0.473186 1.22835 3.89438 4.72158 5.90081 6.52782 6.55859 5.80511 5.38504 3.65465 3.09262 0.272353 -1.00538 0.0758449 -0.340985 2.87354 5.71763 5.09404 -0.655251 -2.73953 -4.22702 -3.84863 -3.84789 -4.3966 -7.41494 -8.24958 -5.55062 -3.85189 -2.53589 -1.53769 -1.33089 -1.36611 0.668352 0.938369 1.59902 1.4546 1.51503 0.486484 -0.150696 0.403838 -0.238414 -0.349781 0.563268 -0.340807 0.471649 0.37101 0.123055 0.107029 0.640971 0.746729 0.801359 0.802174 0.779743 0.751679 0.736567 0.754789 0.748272 0.720781 0.725186 0.699322 0.337216 -1.28479 -1.84825
-9999 -9999 -9999 -9999 -9999 -9999 -9999 -9999 -1.2518 2.45126 4.14618 5.0372 6.28982 6.44244 6.04257 5.31525 3.55251 2.0018 -0.519383 -3.39897 -4.92461 -0.363974 3.60494 5.67525 5.39901 0.612928 -1.27764 -1.36793 -0.258823 -1.19968 -1.91382 -4.2076 -4.89556 -5.85049 -5.26581 -3.43103 -1.93245 -0.486017 0.565423 0.650404 1.33234 1.72449 1.75583 1.87771 1.75573 1.65575 0.663391 1.34681 0.763814 1.07019 0.869224 0.687315 0.528939 -0.0413041 0.356523 0.708555 0.797236 0.820971 0.797712 0.791213 0.775045 0.741051 0.727865 0.726891 0.725538 0.709937 0.712741 0.707047 0.529694 -0.444368
-9999 -9999 -9999 -9999 -9999 -9999 -9999 -9999 -3.09789 0.58676 2.36524 4.65116 5.82938 6.30712 6.24509 5.65575 4.31632 2.29989 0.619584 -2.59473 -5.93253 -1.14547 3.11962 5.41966 5.53953 1.51581 2.62773 1.72453 2.08543 0.434037 -0.253351 -0.795491 -1.98196 -3.27899 -4.69823 -5.45019 -2.08255 -0.353817 1.03721 1.69252 2.06239 2.24628 2.14513 1.89288 0.395385 1.53446 1.47258 1.35729 1.22514 1.15998 1.03953 0.897829 0.811681 0.779693 0.400216 0.822982 0.808101 0.811734 0.811833 0.799053 0.776518 0.75703 0.733575 0.73349 0.72425 0.711726 0.704231 0.710985 0.703448 0.654231
-9999 -9999 -9999 -9999 -9999 -9999 -9999 -9999 -8.26833 -2.91 1.40002 3.6499 5.4802 5.98403 6.17247 5.38163 4.78975 3.34416 1.97485 -0.137404 -3.30086 -5.24948 -1.66565 3.54432 5.46493 5.311 5.18844 4.14472 3.20392 3.08311 3.15141 2.0588 0.463881 -1.61807 -2.27072 -3.00136 -0.493529 -0.154608 -0.339365 2.41832 2.42311 2.26466 1.2072 0.0233839 0.245543 -0.483967 0.0752463 -0.798779 0.00105009 0.691982 0.94849 0.924495 0.8286 0.812659 0.768501 0.83599 0.832487 0.818445 0.807394 0.800807 0.789079 0.755917 0.736972 0.748216 0.725998 0.710367 0.702501 0.71248 0.710489 0.674733
-9999 -9999 -9999 -9999 -9999 -9999 -9999 -9999 -8.03551 -3.52601 0.296669 2.58913 4.79355 5.30566 6.04959 5.8892 5.26921 4.01255 2.44239 0.703812 -2.0103 -4.02811 -1.63197 1.82693 4.30284 5.18707 5.17701 5.11509 4.87729 4.77671 4.50032 4.30476 3.16091 1.19173 0.079685 -1.54667 1.24821 1.56028 1.12109 2.51511 2.44327 0.330626 -1.2943 -1.49867 -0.511155 -1.4553 -1.62239 -2.20616 -1.54572 0.22768 -0.295027 -0.195137 0.606065 0.736106 0.813031 0.833623 0.825849 0.819995 0.8045 0.80497 0.805607 0.772943 0.757508 0.749789 0.719034 0.712997 0.692637 0.689454 0.685332 0.667461
-9999 -9999 -9999 -9999 -9999 -9999 -9999 -9999 -7.94348 -4.90808 -1.46813 1.90651 4.26029 5.21002 5.90131 5.89385 5.17317 4.54809 3.56339 2.03371 0.983846 -0.837853 -3.33748 0.848254 2.13101 3.27308 3.75215 4.94438 4.91272 4.36287 3.72741 4.31454 4.13537 2.57832 2.06486 1.19956 2.75303 2.75471 2.70957 2.62418 0.838959 -1.64175 -3.62507 -2.20161 -2.50185 -1.85027 -3.87918 -2.21462 -0.874426 -0.44133 -1.35024 -2.02973 0.0600243 0.397982 0.602005 0.732024 0.816837 0.794024 0.813749 0.799965 0.792551 0.784729 0.765925 0.754453 0.73595 0.717362 0.699035 0.698483 0.677315 0.64605
-9999 -9999 -9999 -9999 -9999 -9999 -9999 -9999 -9999 -6.69581 -2.33757 1.5549 3.72224 5.08521 5.74911 5.73686 5.36803 4.9432 4.33206 3.22801 1.84129 -0.34922 -1.97591 -0.946411 0.310358 0.447881 1.28249 3.70733 4.53409 3.35643 0.450065 2.15884 4.06897 4.03544 3.8699 3.68513 3.44929 3.23659 2.77375 1.53755 -2.24529 -2.99164 -4.47697 -4.31078 -5.07408 -3.41573 -4.03819 -2.33351 -1.59618 -1.3194 -2.90035 -2.57034 -0.72499 0.0071832 -0.116499 0.332424 0.765259 0.777806 0.788713 0.776312 0.784462 0.78694 0.77902 0.754495 0.739714 0.729016 0.692737 0.709883 0.571654 0.483111
-9999 -9999 -9999 -9999 -9999 -9999 -9999 -9999 -9999 -7.56462 -3.21378 1.36981 2.84189 4.31104 5.57875 5.60318 5.03979 4.50369 3.95125 3.32225 1.64068 0.00985447 -1.5473 -2.07122 -1.75974 -1.78818 -0.43634 2.72359 3.33351 3.06997 0.0310509 -0.998851 1.55384 3.69891 3.86561 3.66862 1.13918 1.6754 0.310018 -1.54103 -2.05192 -2.86329 -4.57567 -3.75471 -5.00981 -4.47524 -4.62079 -3.65405 -3.18394 -2.03367 -3.41175 -3.40926 -1.59811 -0.681396 -0.660008 0.302545 0.644961 0.733872 0.755484 0.770777 0.774064 0.788487 0.779028 0.764458 0.745531 0.699628 0.590384 0.251781 -1.56088 -1.55597
-9999 -9999 -9999 -9999 -9999 -9999 -9999 -9999 -9999 -7.06257 -4.04329 0.023665 3.03616 3.22567 4.68998 5.44555 4.83294 4.14302 3.43696 3.12758 1.29768 -0.712378 -2.33682 -4.25945 -3.94483 -2.56748 -0.315972 1.72444 2.08741 1.66289 0.0322485 0.798025 2.53812 3.46099 3.73148 3.5144 2.96177 2.64161 1.63556 1.19837 -0.198069 -2.3804 -3.24133 -2.69975 -5.01671 -4.85746 -4.00418 -4.91508 -3.41849 -2.70348 -4.48235 -3.0825 -1.47418 -0.652688 0.0654945 0.404794 0.539355 0.74648 0.750974 0.767576 0.77628 0.772499 0.771752 0.737462 0.709122 0.51471 0.228294 -1.47626 -2.17197 -2.03047
-9999 -9999 -9999 -9999 -9999 -9999 -9999 -9999 -9999 -6.54911 -3.83085 -0.304654 1.84313 2.22742 3.85118 5.2948 5.1329 4.41511 4.19578 3.45154 1.89945 0.185086 -1.68873 -2.60056 -4.69487 -2.63647 -1.01097 0.716665 1.5237 0.183437 -0.490309 0.695576 1.87459 2.3441 3.53505 3.5215 3.13045 1.45171 0.632071 0.975584 0.62225 0.0049908 -1.49795 -1.5671 -2.53354 -2.93534 -3.31508 -4.54241 -3.76322 -3.6873 -3.48501 -1.79583 -0.959726 -0.405845 0.0979405 0.229207 0.447666 0.731627 0.755675 0.7649 0.762656 0.767075 0.745244 0.663355 0.594304 0.203198 -0.4886 -1.77896 -3.85538 -2.3797
-9999 -9999 -9999 -9999 -9999 -9999 -9999 -9999 -9999 -7.01294 -4.12559 -1.11203 0.147945 0.361794 3.30055 5.09968 5.10215 4.76144 4.36347 2.52673 2.63325 2.26475 0.57431 -1.88745 -4.59108 -4.33945 -2.73396 -0.452029 0.301715 -1.91198 -2.69532 -2.12336 -0.339322 1.25746 2.9249 3.3468 2.85477 0.242728 -2.53292 -1.2486 0.123816 0.114054 -0.291442 -1.68556 -2.12992 -2.5325 -3.55055 -5.26992 -5.02253 -4.54665 -2.636 -2.03 -1.09249 -0.314061 -0.609865 -0.439296 0.305699 0.732679 0.747635 0.754131 0.767125 0.756211 0.729602 0.56712 0.395178 0.107306 -1.69606 -2.81755 -4.43329 -2.53601
-9999 -9999 -9999 -9999 -9999 -9999 -9999 -9999 -9999 -7.90724 -5.81197 -2.93171 -1.77096 0.0803709 2.8574 4.22293 4.87708 4.86184 4.59625 3.77316 3.27772 2.30248 0.544004 -1.86005 -4.53231 -6.27266 -5.3908 -2.32186 -1.59998 -3.63899 -4.67786 -3.38956 -1.48817 1.32844 2.93678 3.15203 3.00419 2.46385 0.436765 -2.01192 -2.00572 -0.780803 -1.80974 -3.00537 -2.35145 -2.47542 -3.48071 -4.21271 -4.65999 -4.39214 -3.30082 -2.84991 -1.76669 -0.166854 0.0608312 0.0137656 0.686617 0.718956 0.73337 0.757527 0.755459 0.748027 0.726563 0.593722 0.297628 -0.903306 -1.95063 -3.40721 -3.58802 -1.88404
-9999 -9999 -9999 -9999 -9999 -9999 -9999 -9999 -9999 -9.44637 -6.98142 -4.2834 -1.75727 0.632521 2.68912 2.84756 3.93172 3.92948 4.49687 4.33286 3.56959 2.74796 1.23261 -1.85521 -4.45207 -7.28411 -6.54002 -3.40991 -3.00478 -4.37285 -6.89813 -4.29574 -1.4255 1.17566 2.58273 1.47554 2.60573 2.51053 1.74964 0.291052 -1.97567 -1.93504 -3.63438 -3.71057 -2.84143 -2.56104 -2.70882 -3.259 -4.13298 -3.99567 -3.33517 -3.16807 -2.17291 -0.932382 0.280488 0.482856 0.712917 0.721342 0.723665 0.741195 0.742255 0.715587 0.652102 0.513058 -0.494127 -1.69167 -2.42987 -3.44534 -3.56961 -1.60527
