Test_Spring_2018/11_17/Temp/20171103_020.txt
ncols	170
nrows	115
xllcorner	350000.000000
yllcorner	4445000.000000
cellsize	1000.000000
nodata_value	-9999.000000
[rows 32 to 63 of 115, columns 72 to 143 of 170]
12.5279 12.1828 12.7149 13.2049 12.9173 12.7241 13.536 13.5355 13.2599 12.6131 12.3749 12.1278 11.9757 11.1455 8.81913 6.72178 7.84278 7.86768 7.08966 8.48048 7.74371 5.82397 3.11454 4.58591 4.20207 2.29517 1.81559 -9999 -9999 -9999 -9999 -9999 -9999 -9999 -9999 -9999 -9999 -9999 -9999 -9999 -9999 -9999 -9999 -9999 -9999 -9999 -9999 -9999 -9999 -9999 -9999 -9999 -9999 -9999 -9999 -9999 -9999 -9999 -9999 -9999 -9999 -9999 -9999 -9999 -9999 -9999 -9999 -9999 -9999 -9999 -9999 -9999
12.071 11.9223 12.7131 12.6961 12.6542 12.9485 13.4554 13.5547 13.4468 13.1643 12.9194 12.6587 11.9991 11.0497 9.05855 6.67149 6.12863 7.29412 7.34831 7.5342 6.86227 6.0188 4.70025 5.77759 6.19527 4.94072 3.28672 2.23334 -9999 -9999 -9999 -9999 -9999 -9999 -9999 -9999 -9999 -9999 -9999 -9999 -9999 -9999 -9999 -9999 -9999 -9999 -9999 -9999 -9999 -9999 -9999 -9999 -9999 -9999 -9999 -9999 -9999 -9999 -9999 -9999 -9999 -9999 -9999 -9999 -9999 -9999 -9999 -9999 -9999 -9999 -9999 -9999
11.525 10.7567 11.233 11.5906 12.2654 12.4493 12.5485 13.492 13.4416 13.3972 12.9933 12.6699 12.1345 11.2208 9.92038 8.35486 5.63032 7.30702 8.61949 8.58379 8.50981 7.91803 6.65077 7.70771 7.75571 6.1449 4.32337 3.24147 2.79261 -9999 -9999 -9999 -9999 -9999 -9999 -9999 -9999 -9999 -9999 -9999 -9999 -9999 -9999 -9999 -9999 -9999 -9999 -9999 -9999 -9999 -9999 -9999 -9999 -9999 -9999 -9999 -9999 -9999 -9999 -9999 -9999 -9999 -9999 -9999 -9999 -9999 -9999 -9999 -9999 -9999 -9999 -9999
10.9035 9.96513 10.4443 11.0842 11.9927 12.4729 12.8342 13.1163 13.4039 13.3695 12.9563 11.737 11.5618 11.5076 10.6564 8.87185 7.08942 6.62594 8.6289 9.20046 9.0811 9.52654 8.45229 8.95664 8.74677 8.16827 6.41863 4.81155 4.143 2.82444 -9999 -9999 -9999 -9999 -9999 -9999 -9999 -9999 -9999 -9999 -9999 -9999 -9999 -9999 -9999 -9999 -9999 -9999 -9999 -9999 -9999 -9999 -9999 -9999 -9999 -9999 -9999 -9999 -9999 -9999 -9999 -9999 -9999 -9999 -9999 -9999 -9999 -9999 -9999 -9999 -9999 -9999
-9999 -9999 9.37811 10.2542 10.982 11.8719 12.6395 13.0218 13.393 13.3629 12.5379 12.1338 12.0975 11.5395 10.5571 9.93963 8.8164 7.646 8.08938 9.79668 9.03315 10.2419 10.1366 10.3565 9.54389 8.01061 5.9661 4.77204 4.17326 3.10388 -9999 -9999 -9999 -9999 -9999 -9999 -9999 -9999 -9999 -9999 -9999 -9999 -9999 -9999 -9999 -9999 -9999 -9999 -9999 -9999 -9999 -9999 -9999 -9999 -9999 -9999 -9999 -9999 -9999 -9999 -9999 -9999 -9999 -9999 -9999 -9999 -9999 -9999 -9999 -9999 -9999 -9999
-9999 -9999 -9999 10.0974 10.6535 11.8352 12.4571 12.7055 13.3046 13.306 12.9935 12.7571 12.414 11.9656 11.2268 10.4115 9.35477 9.25436 10.3452 10.3555 10.1237 10.3 10.8587 10.7074 9.44536 7.28848 6.14153 3.82705 2.82846 2.92697 2.21812 -9999 -9999 -9999 -9999 -9999 -9999 -9999 -9999 -9999 -9999 -9999 -9999 4.86807 -9999 -9999 -9999 -9999 -9999 -9999 -9999 -9999 -9999 -9999 -9999 -9999 -9999 -9999 -9999 -9999 -9999 -9999 -9999 -9999 0.531379 -9999 -9999 -9999 -9999 -9999 -9999 -9999
-9999 -9999 9.98946 10.7356 11.3106 12.0519 12.1302 12.5773 13.2664 13.2769 13.0555 12.8049 12.2413 12.1005 11.6792 10.794 10.6107 10.9653 11.1267 11.3099 11.4212 11.3242 11.0928 10.795 9.98676 8.97929 8.30193 6.1828 5.11063 4.0799 2.52173 1.30198 -9999 -9999 -9999 -9999 -9999 -9999 -9999 4.0715 4.0095 4.03262 4.36882 5.305 4.74643 -9999 -9999 -9999 -9999 -9999 -9999 -9999 -9999 -9999 -9999 -9999 -9999 -9999 -9999 -9999 -9999 -9999 -9999 -9999 1.37012 0.144056 -9999 -9999 -9999 -9999 -9999 -9999
-9999 -9999 10.1992 10.976 11.3648 12.0855 12.4987 12.78 13.0199 13.2489 13.2111 12.934 12.5119 12.5134 11.9308 11.6151 11.3885 11.869 11.9608 11.7626 11.5149 11.2954 10.6823 10.6079 10.4086 9.76746 8.71781 7.63643 6.08834 3.97418 1.9008 0.227684 -9999 -9999 -9999 -9999 -9999 -9999 4.24899 5.02673 5.49076 4.49007 5.33588 6.1081 5.97792 5.21618 -9999 -9999 -9999 -9999 -9999 -9999 -9999 -9999 -9999 -9999 -9999 -9999 -9999 -9999 7.16753 5.91112 3.37487 2.07444 1.29374 0.179208 -9999 -9999 -9999 -9999 -9999 -9999
-9999 -9999 10.046 10.9638 11.5866 12.1399 12.2306 12.8042 13.0557 13.1796 13.1661 13.1114 13.0333 12.5253 12.3053 11.5365 12.2663 12.2347 12.045 11.3061 10.9831 9.71761 9.15827 9.03302 10.0888 9.30064 7.65998 5.61024 3.15277 2.99493 2.17774 0.681826 -9999 -9999 -9999 -9999 -9999 -9999 4.48954 5.32156 6.01504 6.11176 5.11641 6.49246 6.43209 5.65136 5.46776 6.093 6.40526 6.15458 6.91154 7.12392 6.77337 7.13941 -9999 -9999 -9999 -9999 7.33291 7.38115 7.41787 6.89408 4.12402 2.23209 0.532938 0.370684 -9999 -9999 -9999 -9999 -9999 -9999
-9999 -9999 10.6807 11.2469 11.5348 11.5841 12.0819 12.585 12.8944 13.1202 13.0765 13.0588 13.0392 12.8646 12.4597 12.5293 12.4931 12.2539 10.8513 9.21462 9.92101 8.94573 6.875 8.5506 9.47141 8.57866 6.59125 4.28768 3.53532 3.56819 2.43309 0.973329 -9999 -9999 -9999 2.21385 3.40752 3.50787 3.85688 4.96796 5.8118 6.44657 6.87637 6.85985 6.38953 5.62505 4.79413 5.07765 6.54646 6.89673 7.19679 7.41623 7.08919 7.24085 7.62803 7.82514 7.86051 7.76266 7.73783 7.76773 7.7191 7.23045 4.758 3.34045 2.43595 0.610091 -9999 -9999 -9999 -9999 -9999 -9999
-9999 -9999 10.3304 10.8234 11.2237 11.8861 11.9596 12.3807 12.637 13.0095 13.0524 12.6221 12.9781 12.9309 12.8621 12.7178 12.5068 11.3221 9.69044 8.05447 7.29628 7.61869 6.36628 6.99749 7.9304 7.58167 6.3604 4.30764 4.01492 3.53822 1.63678 -0.198384 -9999 -9999 -0.105637 2.18821 3.80222 4.63282 4.88723 4.90764 5.97188 6.05046 7.19547 6.92236 5.3894 5.55202 4.95008 5.32349 5.84863 5.98669 6.75326 7.50128 7.63279 7.62646 7.86941 7.91351 7.92052 7.9091 7.735 7.811 7.822 7.51761 5.72295 4.84809 3.87996 0.62173 -9999 -9999 -9999 -9999 -9999 -9999
-9999 -9999 10.5844 11.1357 11.7396 11.8405 12.2893 12.2452 12.1276 12.7509 12.9812 12.6778 12.4587 12.8611 12.8309 12.774 12.6815 11.5676 10.2787 8.33001 7.11692 6.37895 5.84941 5.13913 5.6155 5.46313 5.26091 5.48363 4.91514 3.79069 2.67319 0.589056 -0.542179 -9999 0.0179944 1.05112 2.97145 4.60272 5.63658 5.25882 6.46951 6.68942 7.38699 6.96824 6.03297 5.61994 5.57467 5.44285 6.25078 6.78901 7.16346 7.41209 7.73189 7.80385 7.87716 7.90362 7.91586 7.92996 7.92247 7.91421 7.87731 7.7633 6.93883 6.0625 4.17526 0.723493 -9999 -9999 -9999 -9999 -9999 -9999
-9999 8.98084 10.5213 11.4444 11.8043 12.0655 12.2963 12.4646 12.6454 12.8081 12.9216 12.8762 12.0705 12.1351 12.2775 12.7313 12.6942 12.5886 11.8811 9.51083 8.69227 7.49192 5.94018 5.28445 5.60198 6.86436 6.80306 5.95934 5.01989 3.72542 2.8976 1.61593 -0.838447 -0.621667 0.47966 1.29823 2.60219 4.5971 5.99409 6.6147 6.84568 7.33431 7.58395 7.00588 6.45717 6.22144 5.79252 5.72249 5.71421 6.19713 6.56841 7.41411 7.69193 7.81888 7.87656 7.9045 7.92421 7.94527 7.95115 7.93315 7.93385 7.9279 7.86547 6.7037 3.78669 1.5933 -9999 -9999 -9999 -9999 -9999 -9999
-9999 -9999 10.2372 10.6455 10.7556 10.9454 11.3295 11.7716 12.4 12.4831 12.8271 12.8265 12.1328 11.3298 12.0259 12.2997 12.5826 12.5857 12.4892 10.4984 9.45316 8.62905 7.14074 7.66598 8.16842 8.20181 7.89049 6.08644 4.29004 2.22189 0.287264 0.191142 -0.852078 -0.304023 0.422297 2.29284 3.60806 4.13898 4.51887 6.54615 7.07072 7.24199 7.75449 7.03656 6.84521 6.30184 6.44941 6.3913 6.38246 4.8935 6.36012 6.43584 7.38969 7.81209 7.90455 7.92292 7.9448 7.94459 7.94727 7.94162 7.95156 7.93577 7.91597 7.16025 3.47007 1.61605 -9999 -9999 -9999 -9999 -9999 -9999
-9999 -9999 -9999 -9999 10.3743 10.6879 10.8908 11.2383 12.2963 12.5825 12.773 12.7906 12.4815 11.6867 11.4752 11.617 10.8377 11.4798 12.3618 12.3337 12.2201 10.4675 9.56494 10.4239 10.1553 8.83702 7.79885 6.77458 4.67211 3.13436 0.917787 -0.747442 -0.81359 1.01663 2.53675 4.4297 5.26285 4.78264 5.29435 6.29754 7.4379 7.98527 7.84664 7.08992 6.97316 6.1404 6.93708 6.99441 6.60638 6.26906 6.38326 6.84855 7.01913 7.76355 7.93693 7.96241 7.96154 7.95993 7.95389 7.94851 7.93583 7.92766 7.91727 7.8835 4.09031 1.13811 -9999 -9999 -9999 -9999 -9999 -9999
-9999 -9999 -9999 -9999 9.64659 9.83974 10.3392 11.6134 12.2861 12.558 12.5517 12.6775 12.4596 11.7601 11.0408 10.3608 9.4843 9.9779 11.2917 12.0636 12.1459 10.6089 11.3965 11.092 10.4982 8.77579 7.50541 6.83003 4.8114 3.08495 1.60898 -0.427183 0.43869 1.39281 2.61931 4.68528 6.07777 6.64714 6.16123 6.80115 8.11414 8.11438 7.38479 7.42265 6.97084 5.83641 6.99455 7.31161 7.03379 7.08984 6.97559 7.14104 7.45318 7.75224 7.94876 7.9686 7.9657 7.95422 7.95104 7.94903 7.9334 7.9342 7.92366 7.90457 5.45613 1.07919 -9999 -9999 -9999 -9999 -9999 -9999
-9999 -9999 -9999 -9999 -9999 8.98966 10.1225 11.8121 12.2382 12.2036 12.554 12.5856 12.2508 11.9588 11.086 9.89313 7.60418 8.18105 9.39 11.1355 12.0499 11.9197 11.3985 10.5028 8.34467 6.45566 6.22197 5.9091 4.4348 3.10488 1.46438 2.40892 3.4442 4.5773 5.17113 5.01274 6.20548 7.17679 6.75802 7.54412 8.46119 8.03518 7.77929 7.56225 7.04185 7.00021 7.04169 7.69383 7.22178 7.49153 7.48339 7.45538 7.60139 7.77216 7.95334 7.97665 7.97074 7.96922 7.94379 7.94942 7.93727 7.92597 7.91599 7.89936 7.67769 5.31938 3.90972 -9999 -9999 -9999 -9999 -9999
-9999 -9999 -9999 -9999 -9999 7.95007 8.51742 10.5173 11.1411 12.0258 12.4961 12.519 11.9534 11.6369 10.3378 9.91351 7.79592 6.83435 7.6409 7.32439 9.73008 11.8582 11.3847 7.07113 5.50525 4.38712 4.66808 4.66633 4.25304 1.99 1.36262 3.38422 4.65603 5.6408 6.38707 6.53963 6.51025 8.03166 8.22986 8.71997 8.60574 8.64426 7.86567 7.37973 7.78348 7.29232 7.19881 7.87302 7.18499 7.78378 7.69664 7.50141 7.48074 7.8732 7.94568 7.98093 7.97664 7.95641 7.93253 7.91896 7.93056 7.92368 7.90094 7.9018 7.87954 7.59756 6.37666 5.94893 6.41964 -9999 -9999 -9999
-9999 -9999 -9999 -9999 -9999 -9999 6.65702 9.43403 10.7081 11.3765 12.3156 12.4296 12.1302 11.5829 10.259 9.09353 7.20021 5.03793 3.89044 7.3053 10.2766 11.8248 11.6117 8.0202 6.59957 6.5288 7.3575 6.64983 6.11243 4.39247 3.87494 3.15736 3.59392 4.9685 6.08856 7.17034 7.95548 8.01544 8.52209 8.8113 8.82881 8.9134 8.81443 8.73125 7.97547 8.47822 8.03134 8.25099 8.09027 7.94392 7.81373 7.37718 7.66701 7.92333 7.98318 7.99418 7.97259 7.96424 7.94915 7.92102 7.90913 7.90614 7.90271 7.88832 7.88733 7.87221 7.73419 6.99865 6.01417 4.77059 -9999 -9999
-9999 -9999 -9999 -9999 -9999 -9999 5.27178 8.03466 9.37122 11.0849 11.9712 12.3278 12.2796 11.8356 10.829 9.31448 8.05159 5.63852 3.13269 6.71695 9.91092 11.6315 11.7179 8.69532 9.52546 8.84532 9.11309 7.87271 7.35524 6.94828 6.05687 5.08269 4.01867 3.45081 5.97301 7.26626 8.30584 8.79324 9.06592 9.19837 9.11608 8.92157 7.79158 8.63738 8.57923 8.48352 8.3749 8.31636 8.21636 8.10054 8.02479 7.9921 7.69956 8.00749 7.98911 7.98693 7.98282 7.96964 7.94961 7.93213 7.91177 7.90756 7.90006 7.8877 7.87875 7.87256 7.86179 7.81954 7.62244 5.95314 4.95358 4.66857
-9999 -9999 -9999 -9999 -9999 -9999 1.39442 5.41159 8.65045 10.3362 11.707 12.0832 12.2226 11.6275 11.1812 10.0947 9.06502 7.4782 5.10322 3.63885 6.32111 10.223 11.6602 11.5385 11.4433 10.6578 9.94973 9.85661 9.90548 9.08578 7.89101 6.32775 5.83326 5.28328 7.16073 7.41196 7.27014 9.33344 9.3324 9.20824 8.4094 7.51461 7.67341 7.12112 7.52874 6.8646 7.45501 7.96366 8.14667 8.11953 8.03684 8.01398 7.97349 8.01541 8.00722 7.99182 7.97928 7.9706 7.95846 7.93047 7.91321 7.91851 7.89666 7.88112 7.87525 7.87099 7.86436 7.83223 7.80271 7.5439 7.15596 6.4156
-9999 -9999 -9999 -9999 -9999 -9999 1.57282 4.9567 7.8215 9.53887 11.19 11.5722 12.1279 12.0054 11.538 10.5931 9.41299 8.10641 6.06842 4.55233 6.34506 8.93367 10.7863 11.4425 11.4329 11.3834 11.2022 11.1281 10.9182 10.7707 9.9105 8.428 7.59194 6.37027 8.46267 8.69356 8.36084 9.4018 9.34328 7.75423 6.53012 6.37022 7.10235 6.38654 6.24945 5.80684 6.29319 7.61374 7.21026 7.27648 7.86657 7.95637 8.00404 8.01337 8.00207 7.9928 7.97685 7.9733 7.9702 7.94232 7.9274 7.91821 7.89158 7.88081 7.86131 7.84609 7.84271 7.82403 7.79665 7.72106 7.62963 7.70781
-9999 -9999 -9999 -9999 -9999 -9999 1.64428 3.91919 6.49682 9.02518 10.788 11.4982 12.0143 12.0063 11.4635 10.9921 10.2509 9.10103 8.31073 6.94179 5.06465 8.19906 9.15642 10.0059 10.366 11.2565 11.2298 10.8147 10.3387 10.7759 10.6342 9.46431 9.07672 8.42529 9.58685 9.58485 9.54736 9.4792 8.13625 6.27134 4.77869 5.83925 5.60715 6.08685 4.55439 5.791 6.78677 7.10262 6.41783 5.90026 7.45659 7.69884 7.84528 7.93679 7.99496 7.97297 7.98333 7.96893 7.95956 7.95004 7.93233 7.92005 7.90237 7.88444 7.86355 7.84987 7.8285 7.792 7.78772 7.75832 7.74081 7.72085
-9999 -9999 -9999 -9999 -9999 -9999 -9999 2.58196 5.84743 8.76362 10.3864 11.4059 11.9013 11.8895 11.6104 11.2891 10.8281 9.99747 8.95493 7.30984 6.08739 6.85611 7.79426 7.89033 8.51272 10.3273 10.9439 10.0582 7.87873 9.15139 10.5804 10.5524 10.4254 10.2839 10.1049 9.94198 9.5912 8.66026 5.81981 5.25392 4.13453 4.25262 3.67343 4.90755 4.42939 5.69893 6.24327 6.44242 5.24916 5.48582 6.85729 7.39951 7.30069 7.63162 7.95565 7.96015 7.96379 7.95026 7.95235 7.95031 7.94051 7.91289 7.89742 7.88485 7.84925 7.84804 7.73877 7.66686 7.52511 7.69445 7.70887 7.70153
-9999 -9999 -9999 -9999 -9999 -9999 -9999 1.92942 5.18925 8.62336 9.72481 10.8239 11.7718 11.7875 11.3625 10.9578 10.5408 10.0664 8.80284 7.57733 6.40703 6.01127 6.24176 6.21221 7.22232 9.58788 10.042 9.84133 7.55676 6.78153 8.69197 10.2969 10.4187 10.2678 8.36827 8.76658 7.73906 6.34708 5.95925 5.34571 4.05625 4.66537 3.71779 4.1114 3.98925 4.70605 5.05052 5.9049 4.86413 4.85552 6.20116 6.88187 6.89189 7.60787 7.85937 7.92118 7.93281 7.93988 7.93805 7.9446 7.93321 7.9179 7.89923 7.86021 7.77361 7.5108 6.13692 6.13516 6.50834 6.86177 7.50136 7.67199
-9999 -9999 -9999 -9999 -9999 -9999 -9999 2.30478 4.56625 7.61292 9.86897 10.0087 11.1039 11.6677 11.2058 10.6858 10.1536 9.9188 8.54409 7.0343 5.81356 4.36929 4.60213 5.63162 7.31065 8.83696 9.10586 8.78447 7.55509 8.12576 9.42686 10.1153 10.3148 10.1486 9.73069 9.48684 8.72854 8.39634 7.34467 5.70346 5.05239 5.45227 3.70892 3.82148 4.45403 3.75778 4.87211 5.4006 4.05973 5.09326 6.29217 6.90165 7.43407 7.68284 7.77848 7.92881 7.92747 7.93538 7.93745 7.9302 7.92521 7.89502 7.86921 7.71883 7.4994 6.21684 5.67546 5.77618 6.36358 6.87787 7.39991 7.61928
-9999 -9999 -9999 -9999 -9999 -9999 -9999 2.68886 4.72449 7.36564 8.97337 9.25901 10.4737 11.5532 11.4291 10.8882 10.7209 10.1601 8.99364 7.70551 6.29783 5.61126 4.03827 5.57826 6.78782 8.07962 8.68134 7.66947 7.16085 8.04629 8.9266 9.27504 10.1643 10.1504 9.85349 8.59106 7.97239 8.22534 7.95559 7.48764 6.35541 6.29761 5.56687 5.25908 4.96759 4.0342 4.61107 4.66078 4.79949 6.05549 6.67569 7.08465 7.45639 7.54921 7.70769 7.91553 7.92873 7.93097 7.92471 7.92349 7.90259 7.83663 7.78025 7.48238 6.95906 5.987 4.41006 5.51099 6.66268 6.99387 7.31926 7.49084
-9999 -9999 -9999 -9999 -9999 -9999 -9999 2.34046 4.50268 6.75941 7.7015 7.85929 10.0596 11.4056 11.4047 11.1465 10.8452 9.4654 9.54226 9.263 7.99275 6.14429 4.1145 4.30005 5.49584 7.2017 7.76341 6.09638 5.50548 5.93057 7.26427 8.45758 9.7038 10.0162 9.64344 7.68126 5.59621 6.55436 7.57826 7.56574 7.25625 6.20535 5.86611 5.55793 4.78815 3.48883 3.66439 4.01415 5.42991 5.87746 6.57378 7.15112 6.92349 7.04574 7.59887 7.91383 7.92012 7.92021 7.92527 7.91246 7.88789 7.76146 7.62791 7.40741 6.05082 5.20534 3.97896 5.39033 6.1738 6.57115 7.31745 7.49278
-9999 -9999 -9999 -9999 -9999 -9999 -9999 1.66949 3.2378 5.39447 6.26208 7.64728 9.72633 10.7472 11.2348 11.2204 11.0184 10.3984 10.024 9.28988 7.96859 6.16335 4.15702 2.84928 3.5072 5.79826 6.32964 4.79954 4.01699 4.97894 6.40049 8.50807 9.70985 9.86725 9.75234 9.34305 7.81907 5.97881 5.97855 6.8916 6.11481 5.21279 5.69696 5.59775 4.83767 4.2823 3.93347 4.1211 4.9288 5.26017 6.06576 7.25886 7.42363 7.3827 7.88168 7.90073 7.90653 7.91978 7.91347 7.9032 7.88244 7.7782 7.55156 6.64659 5.85674 4.76007 4.61973 5.8755 6.41478 6.91683 7.28047 7.39623
-9999 -9999 -9999 -9999 -9999 -9999 -9999 0.515241 2.36052 4.38047 6.2715 8.06026 9.59919 9.71514 10.525 10.5204 10.9427 10.8168 10.2415 9.6225 8.48341 6.16554 4.21569 2.08951 2.64409 4.98242 5.27673 4.24731 2.3504 4.29734 6.44505 8.39102 9.44182 8.60778 9.45083 9.37516 8.80028 7.7022 5.99808 6.02337 4.74405 4.68123 5.32679 5.53076 5.41356 4.99455 4.32916 4.41548 4.90022 5.01884 5.75841 6.68214 7.58537 7.73136 7.89834 7.8994 7.89606 7.90428 7.90026 7.87554 7.82326 7.71435 6.95465 6.05223 5.49411 4.7281 4.63012 6.08711 6.64682 6.95655 7.26957 7.39029
-9999 -9999 -9999 -9999 -9999 -9999 -9999 -9999 2.17029 4.257 5.80026 6.21364 7.58109 8.31785 8.88704 9.01028 10.6406 10.7266 10.3604 9.79128 8.81901 7.05896 5.83115 3.79142 2.32387 2.90384 3.17994 3.71147 3.54703 4.41199 6.47549 8.62558 8.85491 7.47945 7.67633 7.95685 8.59289 8.2607 5.94104 4.75897 3.77628 4.46165 5.18271 5.35091 5.37775 5.22841 5.04386 4.74447 5.71073 6.42362 6.5826 7.20366 7.66044 7.78143 7.87114 7.87647 7.8823 7.8764 7.84345 7.81803 7.69576 7.42887 6.57963 4.54535 4.63414 4.40872 3.77161 5.18187 6.06134 6.86132 7.28386 7.38892
-9999 -9999 -9999 -9999 -9999 -9999 -9999 -9999 1.47402 3.88868 4.39645 4.35549 3.55192 3.91698 6.8805 7.47417 9.03743 10.5173 10.4039 9.84542 8.93529 7.88503 6.26148 3.96791 2.14438 1.3675 3.31142 5.22412 5.61486 6.2224 7.48446 7.71949 6.31385 4.99531 5.72627 6.16406 7.84915 8.15136 7.81587 6.4152 4.8144 3.9749 4.94866 5.07144 5.1216 5.12424 5.07136 5.01679 6.10122 6.70063 7.11397 7.33542 7.72628 7.82081 7.84636 7.87033 7.85669 7.82995 7.761 7.68354 7.36241 6.97487 5.58741 4.42958 3.70517 2.78713 4.83545 5.42827 6.26126 6.79154 7.21116 7.29834
