Test_Spring_2018b/03_18/Prec/20180305_012.txt
ncols	170
nrows	115
xllcorner	350000.000000
yllcorner	4445000.000000
cellsize	1000.000000
nodata_value	-9999.000000
[rows 31 to 61 of 115, columns 70 to 139 of 170]
0.200178 0.200241 0.201952 0.206322 0.208269 0.197336 0.196792 0.196792 0.204138 0.202806 0.202731 0.200906 0.199873 0.200112 0.198777 0.201775 0.216973 0.210721 0.207869 0.212247 0.209177 0.204483 0.208142 0.219276 0.223416 0.23013 0.223103 0.206137 0.210343 -9999 -9999 -9999 -9999 -9999 -9999 -9999 -9999 -9999 -9999 -9999 -9999 -9999 -9999 -9999 -9999 -9999 -9999 -9999 -9999 -9999 -9999 -9999 -9999 -9999 -9999 -9999 -9999 -9999 -9999 -9999 -9999 -9999 -9999 -9999 -9999 -9999 -9999 -9999 -9999 -9999
0.220222 0.2211 0.223264 0.226969 0.225836 0.22462 0.218408 0.218435 0.222287 0.220883 0.220623 0.222083 0.221256 0.22043 0.219153 0.221563 0.232013 0.241474 0.234242 0.232911 0.235859 0.22738 0.229915 0.238398 0.25068 0.240616 0.239865 0.226362 0.227943 -9999 -9999 -9999 -9999 -9999 -9999 -9999 -9999 -9999 -9999 -9999 -9999 -9999 -9999 -9999 -9999 -9999 -9999 -9999 -9999 -9999 -9999 -9999 -9999 -9999 -9999 -9999 -9999 -9999 -9999 -9999 -9999 -9999 -9999 -9999 -9999 -9999 -9999 -9999 -9999 -9999
0.244833 0.243208 0.245546 0.247628 0.244669 0.245818 0.236525 0.234831 0.241299 0.239731 0.239104 0.239267 0.239129 0.238994 0.240899 0.244287 0.253113 0.26398 0.265109 0.257172 0.254921 0.251775 0.252875 0.254573 0.258436 0.249389 0.24349 0.242212 0.231616 0.240084 -9999 -9999 -9999 -9999 -9999 -9999 -9999 -9999 -9999 -9999 -9999 -9999 -9999 -9999 -9999 -9999 -9999 -9999 -9999 -9999 -9999 -9999 -9999 -9999 -9999 -9999 -9999 -9999 -9999 -9999 -9999 -9999 -9999 -9999 -9999 -9999 -9999 -9999 -9999 -9999
0.271082 0.266564 0.268709 0.273432 0.271646 0.270528 0.253978 0.266277 0.26505 0.25943 0.259038 0.258591 0.259967 0.260811 0.262611 0.266191 0.27155 0.278009 0.290225 0.278986 0.269287 0.266285 0.263111 0.262296 0.264702 0.254631 0.249638 0.248321 0.245117 0.246214 0.244207 -9999 -9999 -9999 -9999 -9999 -9999 -9999 -9999 -9999 -9999 -9999 -9999 -9999 -9999 -9999 -9999 -9999 -9999 -9999 -9999 -9999 -9999 -9999 -9999 -9999 -9999 -9999 -9999 -9999 -9999 -9999 -9999 -9999 -9999 -9999 -9999 -9999 -9999 -9999
-9999 0.29108 0.292442 0.29741 0.295102 0.292187 0.283731 0.280938 0.282664 0.280927 0.279339 0.279528 0.281686 0.287937 0.288447 0.287945 0.291146 0.298688 0.30561 0.304982 0.290796 0.28355 0.279421 0.271898 0.272016 0.263611 0.258827 0.254611 0.26164 0.249205 0.247736 0.250119 -9999 -9999 -9999 -9999 -9999 -9999 -9999 -9999 -9999 -9999 -9999 -9999 -9999 -9999 -9999 -9999 -9999 -9999 -9999 -9999 -9999 -9999 -9999 -9999 -9999 -9999 -9999 -9999 -9999 -9999 -9999 -9999 -9999 -9999 -9999 -9999 -9999 -9999
-9999 -9999 -9999 -9999 0.319843 0.310254 0.319511 0.301824 0.302634 0.300832 0.299443 0.300369 0.3055 0.308258 0.30872 0.311363 0.315512 0.316903 0.320037 0.322496 0.315605 0.301291 0.299281 0.286398 0.280048 0.271786 0.268891 0.277656 0.275254 0.260246 0.257683 0.258198 -9999 -9999 -9999 -9999 -9999 -9999 -9999 -9999 -9999 -9999 -9999 -9999 -9999 -9999 -9999 -9999 -9999 -9999 -9999 -9999 -9999 -9999 -9999 -9999 -9999 -9999 -9999 -9999 -9999 -9999 -9999 -9999 -9999 -9999 -9999 -9999 -9999 -9999
-9999 -9999 -9999 -9999 -9999 0.328506 0.338659 0.332719 0.32209 0.321513 0.319644 0.321254 0.324606 0.327372 0.330227 0.332888 0.336094 0.338552 0.341037 0.337255 0.326047 0.319477 0.313332 0.304413 0.293077 0.28528 0.280372 0.293511 0.290975 0.275442 0.274138 0.267868 0.266621 -9999 -9999 -9999 -9999 -9999 -9999 -9999 -9999 -9999 -9999 -9999 -9999 0.228483 -9999 -9999 -9999 -9999 -9999 -9999 -9999 -9999 -9999 -9999 -9999 -9999 -9999 -9999 -9999 -9999 -9999 -9999 -9999 -9999 0.249791 -9999 -9999 -9999
-9999 -9999 -9999 -9999 0.3533 0.355481 0.35177 0.348229 0.335232 0.34056 0.33902 0.341535 0.345432 0.34928 0.35419 0.355935 0.3579 0.360819 0.358456 0.351666 0.344391 0.335694 0.326321 0.317275 0.308462 0.299812 0.301131 0.295979 0.289671 0.285771 0.270667 0.26958 0.272236 0.274026 -9999 -9999 -9999 -9999 -9999 -9999 -9999 0.241874 0.241009 0.239808 0.237095 0.231387 0.233704 -9999 -9999 -9999 -9999 -9999 -9999 -9999 -9999 -9999 -9999 -9999 -9999 -9999 -9999 -9999 -9999 -9999 -9999 -9999 0.249108 0.255524 -9999 -9999
-9999 -9999 -9999 -9999 0.376123 0.369902 0.366981 0.36365 0.363226 0.356983 0.35869 0.361112 0.365182 0.370296 0.375479 0.377288 0.380618 0.380716 0.378363 0.370309 0.362438 0.354477 0.345487 0.335422 0.326871 0.315294 0.311005 0.302354 0.296557 0.291827 0.273009 0.276782 0.281527 0.285271 -9999 -9999 -9999 -9999 -9999 -9999 0.247436 0.242019 0.238314 0.242371 0.23684 0.231834 0.231741 0.242248 -9999 -9999 -9999 -9999 -9999 -9999 -9999 -9999 -9999 -9999 -9999 -9999 -9999 -9999 0.223562 0.229866 0.242816 0.24928 0.253086 0.258771 -9999 -9999
-9999 -9999 -9999 -9999 0.391868 0.384427 0.380088 0.377747 0.379423 0.387862 0.375847 0.379962 0.38514 0.390317 0.394817 0.400212 0.40225 0.40497 0.397435 0.391496 0.384146 0.377734 0.367587 0.361278 0.350604 0.343786 0.323984 0.314406 0.310143 0.309097 0.299811 0.287361 0.284844 0.287203 -9999 -9999 -9999 -9999 -9999 -9999 0.250444 0.244791 0.239887 0.238146 0.242204 0.233929 0.240024 0.243359 0.243748 0.240097 0.238302 0.225065 0.220359 0.220844 0.224322 0.223978 -9999 -9999 -9999 -9999 0.227269 0.226945 0.226435 0.228696 0.242664 0.252028 0.260469 0.266949 -9999 -9999
-9999 -9999 -9999 -9999 0.402135 0.396054 0.393282 0.393708 0.393671 0.403366 0.392787 0.420115 0.425117 0.429823 0.433845 0.437459 0.440586 0.439163 0.436021 0.431623 0.431121 0.429876 0.414688 0.382255 0.389682 0.358616 0.33766 0.326837 0.322726 0.321512 0.302714 0.288552 0.286996 0.303421 -9999 -9999 -9999 0.281934 0.274132 0.272618 0.270188 0.264009 0.259369 0.240002 0.236575 0.24152 0.243206 0.24643 0.250173 0.248267 0.240355 0.238532 0.222572 0.223148 0.226646 0.242611 0.241199 0.240712 0.241001 0.241924 0.242406 0.242555 0.243083 0.245895 0.242895 0.249561 0.253643 0.268953 -9999 -9999
-9999 -9999 -9999 -9999 0.429215 0.423477 0.419987 0.429585 0.43177 0.433488 0.445009 0.435074 0.4405 0.448278 0.451197 0.4549 0.45684 0.456877 0.454706 0.45502 0.455166 0.453082 0.444495 0.44072 0.432032 0.405576 0.384006 0.339728 0.344736 0.341109 0.329478 0.311685 0.308246 0.310434 -9999 -9999 0.296174 0.281916 0.272105 0.267081 0.265554 0.265547 0.260198 0.260039 0.254212 0.261568 0.26895 0.26777 0.251846 0.249433 0.264859 0.263621 0.248517 0.242611 0.242514 0.243079 0.242275 0.242464 0.242808 0.243224 0.24448 0.244421 0.244703 0.24664 0.256394 0.261306 0.272214 0.289439 -9999 -9999
-9999 -9999 -9999 -9999 0.459629 0.454784 0.451013 0.45127 0.451045 0.444805 0.458508 0.46049 0.454292 0.462203 0.468922 0.470969 0.473271 0.473219 0.470556 0.470363 0.4683 0.467181 0.460058 0.459629 0.446046 0.434991 0.415585 0.399244 0.383231 0.36534 0.326586 0.311474 0.30673 0.306022 0.305417 -9999 0.294102 0.286514 0.275337 0.266502 0.261383 0.264021 0.258466 0.258093 0.260087 0.263002 0.267565 0.285819 0.286231 0.286383 0.280934 0.261283 0.248722 0.247739 0.244162 0.244099 0.243984 0.244098 0.244298 0.244523 0.244914 0.245367 0.246021 0.247113 0.251944 0.261751 0.272378 0.290766 -9999 -9999
-9999 -9999 -9999 0.487963 0.468485 0.461634 0.459146 0.458618 0.459642 0.462258 0.473165 0.469646 0.474923 0.473141 0.483558 0.487959 0.489854 0.487489 0.484734 0.479242 0.473901 0.474536 0.473841 0.47107 0.463512 0.442828 0.422983 0.397786 0.379468 0.365506 0.35263 0.336135 0.304852 0.301913 0.305268 0.298794 0.289383 0.282971 0.275286 0.264975 0.258509 0.256538 0.256774 0.259524 0.259888 0.278205 0.282213 0.284715 0.287307 0.28709 0.28568 0.280932 0.267903 0.249469 0.247889 0.245473 0.245185 0.245082 0.245102 0.245232 0.245581 0.246194 0.246825 0.247569 0.252337 0.259602 0.282876 0.295401 -9999 -9999
-9999 -9999 -9999 -9999 0.47731 0.473205 0.472074 0.47196 0.472209 0.473414 0.481687 0.485305 0.487983 0.489014 0.493121 0.502465 0.501828 0.500736 0.496547 0.490615 0.482048 0.490492 0.48387 0.473897 0.465508 0.437929 0.416086 0.396126 0.377738 0.367296 0.357297 0.343602 0.337368 0.323474 0.304735 0.294668 0.287018 0.275109 0.267608 0.265412 0.264857 0.256161 0.25824 0.26956 0.271411 0.279087 0.281871 0.28639 0.286135 0.28581 0.284147 0.289305 0.27049 0.267542 0.259768 0.247781 0.245786 0.245487 0.245333 0.245514 0.245926 0.246619 0.247426 0.25106 0.257467 0.264052 0.285796 0.296896 -9999 -9999
-9999 -9999 -9999 -9999 -9999 -9999 0.4806 0.479856 0.481003 0.482588 0.488198 0.490452 0.493646 0.497841 0.503441 0.507752 0.512074 0.51192 0.513575 0.505562 0.496983 0.487768 0.476454 0.471386 0.453297 0.430034 0.411546 0.397783 0.382119 0.366323 0.356539 0.338913 0.332751 0.32579 0.312982 0.293139 0.273497 0.26145 0.256671 0.260162 0.259443 0.262783 0.26237 0.265269 0.271449 0.280122 0.283129 0.289557 0.286068 0.285093 0.285166 0.283839 0.271972 0.266339 0.261996 0.254707 0.250819 0.245476 0.245266 0.245394 0.245912 0.246775 0.251622 0.254606 0.257839 0.261155 0.283908 0.301127 -9999 -9999
-9999 -9999 -9999 -9999 -9999 -9999 0.490225 0.490114 0.489571 0.486032 0.493185 0.495009 0.498715 0.501861 0.506595 0.513243 0.518414 0.522699 0.526199 0.519905 0.506777 0.493867 0.481978 0.476122 0.449365 0.432123 0.415052 0.40291 0.387761 0.369245 0.357981 0.340421 0.329216 0.323102 0.304434 0.28843 0.27442 0.258504 0.250897 0.24996 0.256781 0.258919 0.258392 0.264985 0.275054 0.280247 0.285522 0.293877 0.288642 0.286258 0.285521 0.281726 0.270814 0.266146 0.260413 0.254835 0.250276 0.247486 0.245213 0.245336 0.245908 0.248512 0.251398 0.254792 0.258524 0.262255 0.278391 0.303408 -9999 -9999
-9999 -9999 -9999 -9999 -9999 -9999 -9999 0.499853 0.495782 0.489682 0.497645 0.500403 0.501517 0.504466 0.509216 0.513284 0.519573 0.526354 0.537134 0.530806 0.518784 0.501413 0.485829 0.473215 0.45377 0.439956 0.431238 0.419916 0.399075 0.37822 0.363503 0.343262 0.332116 0.309549 0.289247 0.271685 0.260554 0.257091 0.250122 0.247085 0.253614 0.255454 0.257567 0.266998 0.275169 0.282223 0.288199 0.291079 0.291815 0.28763 0.287719 0.282474 0.270699 0.26652 0.2611 0.255654 0.2507 0.247529 0.24578 0.245456 0.246582 0.248708 0.251893 0.255742 0.259898 0.264035 0.268857 0.283519 0.292849 -9999
-9999 -9999 -9999 -9999 -9999 -9999 -9999 0.510288 0.508937 0.500748 0.507256 0.504403 0.504037 0.506187 0.511389 0.515513 0.524119 0.52652 0.537403 0.537701 0.528363 0.522549 0.499967 0.476353 0.457267 0.462093 0.450822 0.435845 0.412522 0.390086 0.369699 0.35415 0.337299 0.30863 0.286624 0.269408 0.257116 0.252685 0.251694 0.246806 0.248229 0.251832 0.259638 0.266955 0.278201 0.286974 0.288222 0.293611 0.295115 0.290775 0.291861 0.284661 0.272978 0.269274 0.264305 0.257285 0.25254 0.249026 0.247661 0.247142 0.248823 0.250236 0.253533 0.257649 0.262185 0.266537 0.270584 0.274473 0.282932 0.286177
-9999 -9999 -9999 -9999 -9999 -9999 -9999 -9999 0.523368 0.51061 0.513424 0.510888 0.507159 0.507915 0.516268 0.518552 0.52528 0.531316 0.540962 0.551369 0.547556 0.522912 0.49827 0.478696 0.458935 0.460968 0.44984 0.430152 0.404607 0.386397 0.36705 0.348868 0.331487 0.317133 0.299359 0.281446 0.268952 0.257346 0.251849 0.25439 0.258155 0.256294 0.263394 0.270494 0.278227 0.284953 0.292161 0.29236 0.295721 0.293734 0.291981 0.288583 0.27683 0.274147 0.267291 0.260735 0.255834 0.254485 0.251774 0.251154 0.252784 0.256507 0.256616 0.260874 0.265482 0.270078 0.274154 0.276622 0.27944 0.284297
-9999 -9999 -9999 -9999 -9999 -9999 -9999 -9999 0.535531 0.52238 0.524781 0.515984 0.520826 0.5197 0.518306 0.51949 0.524083 0.531612 0.537777 0.549514 0.560788 0.534306 0.501278 0.48185 0.468689 0.461434 0.439649 0.424251 0.40266 0.388162 0.369526 0.345081 0.330117 0.317413 0.310778 0.30585 0.282225 0.269372 0.262233 0.26208 0.266519 0.274276 0.270916 0.277319 0.29025 0.291936 0.2951 0.298349 0.299878 0.299325 0.297249 0.293705 0.281436 0.276556 0.272678 0.268517 0.265813 0.261174 0.258386 0.257765 0.259351 0.262908 0.268071 0.266979 0.270064 0.274661 0.278778 0.281013 0.283121 0.284286
-9999 -9999 -9999 -9999 -9999 -9999 -9999 -9999 0.561286 0.541154 0.548015 0.536677 0.530361 0.525848 0.522969 0.524443 0.52563 0.530532 0.535216 0.542514 0.553173 0.557787 0.532783 0.504548 0.472895 0.451117 0.435485 0.421927 0.406716 0.387407 0.366944 0.345659 0.339711 0.329217 0.323596 0.312666 0.292655 0.285205 0.283914 0.274883 0.279953 0.28812 0.301328 0.296527 0.303001 0.307881 0.307979 0.314014 0.311769 0.30822 0.304716 0.30083 0.28847 0.288843 0.282735 0.280369 0.274644 0.270261 0.267608 0.266946 0.268359 0.271735 0.27656 0.282258 0.278458 0.28352 0.284451 0.286318 0.288278 0.289286
-9999 -9999 -9999 -9999 -9999 -9999 -9999 -9999 0.583384 0.576888 0.559373 0.551621 0.539985 0.535137 0.529704 0.52829 0.529174 0.53295 0.538116 0.543747 0.552589 0.5576 0.543701 0.515955 0.496923 0.471516 0.442491 0.426442 0.409857 0.403897 0.384618 0.359622 0.344736 0.344694 0.333213 0.326529 0.305765 0.298425 0.297769 0.293402 0.2978 0.312498 0.326692 0.335818 0.316513 0.326209 0.328641 0.327968 0.326127 0.318304 0.326329 0.32144 0.304643 0.298493 0.297208 0.291102 0.285792 0.281669 0.279185 0.278481 0.279662 0.282696 0.287039 0.292259 0.297943 0.290962 0.295277 0.296943 0.29447 0.295254
-9999 -9999 -9999 -9999 -9999 -9999 -9999 -9999 0.610288 0.590835 0.574824 0.56305 0.550774 0.544069 0.538629 0.536328 0.537273 0.538214 0.540748 0.545297 0.547442 0.551682 0.557232 0.534754 0.512643 0.486381 0.48785 0.467387 0.449851 0.432917 0.397072 0.375893 0.369615 0.359188 0.346523 0.337702 0.322303 0.31625 0.313689 0.314403 0.324486 0.339357 0.353572 0.354899 0.362778 0.339327 0.347958 0.353814 0.349378 0.346613 0.34051 0.339045 0.317442 0.316464 0.310089 0.304122 0.298942 0.295251 0.292816 0.292153 0.293139 0.295656 0.299437 0.303988 0.308892 0.313645 0.303672 0.304549 0.306411 0.312778
-9999 -9999 -9999 -9999 -9999 -9999 -9999 -9999 -9999 0.628985 0.612375 0.593354 0.580809 0.571427 0.565085 0.561922 0.560807 0.560547 0.561496 0.564558 0.568496 0.574884 0.577858 0.56874 0.547472 0.523872 0.508039 0.484015 0.464619 0.451844 0.440714 0.426589 0.401644 0.385479 0.371598 0.360127 0.343779 0.338682 0.33744 0.341953 0.35883 0.373868 0.385373 0.390958 0.400055 0.369029 0.370688 0.366144 0.363837 0.361701 0.365286 0.350969 0.344903 0.336924 0.331967 0.32488 0.314028 0.310601 0.308407 0.307715 0.308384 0.310387 0.313476 0.322124 0.326637 0.330992 0.319173 0.318975 0.321059 0.321846
-9999 -9999 -9999 -9999 -9999 -9999 -9999 -9999 -9999 0.648093 0.628435 0.60727 0.597995 0.588635 0.580219 0.577043 0.57664 0.57659 0.576935 0.577662 0.58227 0.586019 0.588412 0.585301 0.577168 0.544041 0.527047 0.501273 0.484109 0.469304 0.471644 0.459567 0.433843 0.410718 0.396902 0.38652 0.387692 0.379414 0.381284 0.387592 0.390834 0.396988 0.407844 0.40927 0.418796 0.420665 0.386753 0.384622 0.383127 0.377574 0.38063 0.368273 0.362845 0.35486 0.350096 0.341722 0.336277 0.332676 0.330466 0.329569 0.330033 0.331649 0.334315 0.337622 0.341188 0.344713 0.347987 0.33481 0.339335 0.339406
-9999 -9999 -9999 -9999 -9999 -9999 -9999 -9999 -9999 0.65962 0.645862 0.62741 0.612718 0.608946 0.600169 0.594351 0.59418 0.594577 0.595201 0.594226 0.598919 0.603683 0.605965 0.608157 0.60005 0.586119 0.540605 0.520186 0.505186 0.492403 0.491422 0.47391 0.453005 0.436202 0.423284 0.413985 0.408006 0.403296 0.403508 0.403592 0.409297 0.419557 0.425615 0.426649 0.438931 0.441023 0.439561 0.40421 0.39845 0.394639 0.399545 0.387669 0.37823 0.371337 0.364593 0.359402 0.3554 0.351785 0.349864 0.348922 0.349055 0.350184 0.352049 0.354522 0.357133 0.360247 0.363283 0.371225 0.352766 0.351903
-9999 -9999 -9999 -9999 -9999 -9999 -9999 -9999 -9999 0.67251 0.660696 0.645155 0.634615 0.630739 0.621852 0.613661 0.611841 0.612261 0.610692 0.611005 0.614098 0.617182 0.619997 0.617907 0.619183 0.602738 0.559101 0.540644 0.524868 0.524549 0.514038 0.496306 0.479055 0.465406 0.450063 0.440899 0.434883 0.43573 0.435017 0.43145 0.432138 0.435076 0.442343 0.444417 0.450083 0.453233 0.455702 0.418602 0.415457 0.414199 0.415345 0.399113 0.393298 0.388155 0.382996 0.379335 0.37561 0.372128 0.370339 0.369376 0.369237 0.36977 0.370948 0.372689 0.374463 0.377343 0.381023 0.386496 0.371514 0.364951
-9999 -9999 -9999 -9999 -9999 -9999 -9999 -9999 -9999 0.69057 0.678956 0.666323 0.660138 0.657701 0.644264 0.635103 0.632844 0.631757 0.630655 0.634857 0.6309 0.628122 0.629682 0.633268 0.636696 0.627345 0.593352 0.563104 0.548267 0.552792 0.543806 0.529698 0.511314 0.494431 0.478281 0.468252 0.463192 0.467929 0.47477 0.467011 0.460116 0.459638 0.461417 0.467488 0.469932 0.472052 0.476208 0.471867 0.43716 0.434377 0.421493 0.417611 0.41196 0.406606 0.405309 0.402181 0.39697 0.393342 0.391785 0.390777 0.390261 0.390294 0.390725 0.391869 0.39305 0.394509 0.401598 0.405545 0.404064 0.378197
-9999 -9999 -9999 -9999 -9999 -9999 -9999 -9999 -9999 0.711531 0.704017 0.692921 0.688105 0.680111 0.668039 0.661109 0.656571 0.654237 0.652407 0.65221 0.650064 0.649038 0.65023 0.653029 0.655916 0.65419 0.641268 0.589494 0.581884 0.5801 0.572961 0.557011 0.539207 0.518553 0.503569 0.495111 0.48921 0.486019 0.489822 0.49635 0.494157 0.487933 0.491144 0.495365 0.492455 0.492563 0.495939 0.497915 0.453386 0.45363 0.442164 0.439279 0.433603 0.425671 0.423011 0.421407 0.417049 0.41538 0.414016 0.412882 0.412111 0.411576 0.411227 0.411343 0.412011 0.41604 0.419167 0.42354 0.422488 0.389095
-9999 -9999 -9999 -9999 -9999 -9999 -9999 -9999 -9999 0.736082 0.728236 0.719006 0.709932 0.70083 0.692438 0.690879 0.685007 0.682702 0.677404 0.674184 0.672477 0.670119 0.66959 0.674356 0.676339 0.678473 0.665882 0.622777 0.609298 0.603723 0.603025 0.582652 0.561877 0.542933 0.529546 0.526965 0.516513 0.511799 0.510577 0.512894 0.519083 0.516764 0.52173 0.520613 0.515951 0.513664 0.513022 0.513852 0.502576 0.469579 0.460991 0.459606 0.45482 0.44895 0.443105 0.441185 0.439138 0.43797 0.436848 0.435689 0.434599 0.43359 0.432649 0.431873 0.434328 0.437297 0.438191 0.439891 0.437806 0.418643
