Test_Spring_2018b/03_18/Prec/20180323_005.txt
ncols	170
nrows	115
xllcorner	350000.000000
yllcorner	4445000.000000
cellsize	1000.000000
nodata_value	-9999.000000
[rows 32 to 63 of 115, columns 72 to 143 of 170]
1.12534 1.09813 1.09731 1.0945 1.00959 0.965902 0.936029 0.9201 0.896634 0.862767 0.842787 0.823683 0.808596 0.77335 0.69234 0.618999 0.646062 0.639219 0.607419 0.642914 0.612035 0.544084 0.451257 0.488084 0.466962 0.357341 0.318792 -9999 -9999 -9999 -9999 -9999 -9999 -9999 -9999 -9999 -9999 -9999 -9999 -9999 -9999 -9999 -9999 -9999 -9999 -9999 -9999 -9999 -9999 -9999 -9999 -9999 -9999 -9999 -9999 -9999 -9999 -9999 -9999 -9999 -9999 -9999 -9999 -9999 -9999 -9999 -9999 -9999 -9999 -9999 -9999 -9999
1.10247 1.08166 1.08919 1.07092 1.02413 0.964572 0.925373 0.912627 0.894345 0.871675 0.851284 0.831515 0.8004 0.761227 0.690481 0.608076 0.583479 0.6123 0.606724 0.605254 0.577018 0.543268 0.494519 0.520011 0.524778 0.459633 0.361265 0.28698 -9999 -9999 -9999 -9999 -9999 -9999 -9999 -9999 -9999 -9999 -9999 -9999 -9999 -9999 -9999 -9999 -9999 -9999 -9999 -9999 -9999 -9999 -9999 -9999 -9999 -9999 -9999 -9999 -9999 -9999 -9999 -9999 -9999 -9999 -9999 -9999 -9999 -9999 -9999 -9999 -9999 -9999 -9999 -9999
1.07728 1.03731 1.03512 1.02849 0.984761 0.902326 0.888709 0.901968 0.885169 0.86956 0.843872 0.82182 0.794288 0.756032 0.706681 0.649874 0.55766 0.602727 0.636763 0.629027 0.620105 0.594985 0.548695 0.574453 0.568646 0.478693 0.355711 0.316216 0.296565 -9999 -9999 -9999 -9999 -9999 -9999 -9999 -9999 -9999 -9999 -9999 -9999 -9999 -9999 -9999 -9999 -9999 -9999 -9999 -9999 -9999 -9999 -9999 -9999 -9999 -9999 -9999 -9999 -9999 -9999 -9999 -9999 -9999 -9999 -9999 -9999 -9999 -9999 -9999 -9999 -9999 -9999 -9999
1.05029 1.00495 1.00266 1.00449 0.991601 0.930268 0.8889 0.881026 0.874152 0.858282 0.831786 0.781445 0.764787 0.753074 0.717677 0.654223 0.591636 0.57067 0.626812 0.638704 0.629202 0.637205 0.597815 0.607291 0.594343 0.552837 0.445109 0.363045 0.337281 0.291478 -9999 -9999 -9999 -9999 -9999 -9999 -9999 -9999 -9999 -9999 -9999 -9999 -9999 -9999 -9999 -9999 -9999 -9999 -9999 -9999 -9999 -9999 -9999 -9999 -9999 -9999 -9999 -9999 -9999 -9999 -9999 -9999 -9999 -9999 -9999 -9999 -9999 -9999 -9999 -9999 -9999 -9999
-9999 -9999 0.961826 0.948619 0.917123 0.904203 0.874018 0.86835 0.863199 0.84666 0.806662 0.78111 0.768392 0.740845 0.701415 0.674507 0.632881 0.590585 0.59903 0.647115 0.618529 0.651222 0.642899 0.644437 0.613599 0.511639 0.428836 0.360016 0.337069 0.29963 -9999 -9999 -9999 -9999 -9999 -9999 -9999 -9999 -9999 -9999 -9999 -9999 -9999 -9999 -9999 -9999 -9999 -9999 -9999 -9999 -9999 -9999 -9999 -9999 -9999 -9999 -9999 -9999 -9999 -9999 -9999 -9999 -9999 -9999 -9999 -9999 -9999 -9999 -9999 -9999 -9999 -9999
-9999 -9999 -9999 0.936038 0.899425 0.915217 0.859443 0.848369 0.849133 0.832526 0.807576 0.78656 0.763868 0.739556 0.707798 0.675104 0.636143 0.627905 0.657416 0.653773 0.642779 0.644427 0.65775 0.648669 0.588925 0.485702 0.445114 0.329054 0.294268 0.293714 0.268211 -9999 -9999 -9999 -9999 -9999 -9999 -9999 -9999 -9999 -9999 -9999 -9999 0.292135 -9999 -9999 -9999 -9999 -9999 -9999 -9999 -9999 -9999 -9999 -9999 -9999 -9999 -9999 -9999 -9999 -9999 -9999 -9999 -9999 0 -9999 -9999 -9999 -9999 -9999 -9999 -9999
-9999 -9999 0.966866 0.916978 0.912692 0.913046 0.874996 0.833872 0.835981 0.818371 0.79519 0.772933 0.742893 0.72797 0.706233 0.671829 0.660749 0.667602 0.669311 0.672215 0.673077 0.667375 0.6572 0.644517 0.570401 0.534843 0.509318 0.426412 0.36441 0.329296 0.277941 0.237251 -9999 -9999 -9999 -9999 -9999 -9999 -9999 0.296124 0.288586 0.282997 0.286463 0.307956 0.282439 -9999 -9999 -9999 -9999 -9999 -9999 -9999 -9999 -9999 -9999 -9999 -9999 -9999 -9999 -9999 -9999 -9999 -9999 -9999 0 0 -9999 -9999 -9999 -9999 -9999 -9999
-9999 -9999 0.918462 0.919652 0.90763 0.90524 0.893127 0.829366 0.815782 0.803458 0.784755 0.760769 0.734583 0.723916 0.697375 0.681234 0.669669 0.681524 0.682313 0.674674 0.665687 0.657422 0.636505 0.631746 0.579724 0.556034 0.519343 0.481479 0.394199 0.325924 0.259094 0.204869 -9999 -9999 -9999 -9999 -9999 -9999 0.310458 0.329702 0.338363 0.300648 0.319524 0.335366 0.322509 0.264305 -9999 -9999 -9999 -9999 -9999 -9999 -9999 -9999 -9999 -9999 -9999 -9999 -9999 -9999 0.22153 0.179778 0 0 0 0 -9999 -9999 -9999 -9999 -9999 -9999
-9999 -9999 0.911674 0.915247 0.908254 0.898254 0.873628 0.831799 0.80391 0.786627 0.767312 0.749251 0.733181 0.706525 0.691528 0.661953 0.681096 0.678253 0.671666 0.648658 0.638751 0.599297 0.581238 0.536188 0.566187 0.538368 0.48366 0.415986 0.312629 0.29557 0.268328 0.220177 -9999 -9999 -9999 -9999 -9999 -9999 0.322213 0.343141 0.358767 0.354833 0.315981 0.349962 0.315145 0.280229 0.263732 0.272462 0.271762 0.247283 0.255521 0.254367 0.236668 0.242199 -9999 -9999 -9999 -9999 0.230334 0.229504 0.228335 0.209611 0.120806 0 0 0 -9999 -9999 -9999 -9999 -9999 -9999
-9999 -9999 0.930364 0.920794 0.900912 0.872584 0.85788 0.812256 0.785652 0.759095 0.738735 0.721941 0.708026 0.692286 0.672281 0.669667 0.666005 0.657763 0.614521 0.56461 0.587634 0.566399 0.47742 0.517314 0.543633 0.512968 0.447794 0.372473 0.323375 0.313631 0.277036 0.228613 -9999 -9999 -9999 0.26329 0.298416 0.298734 0.305804 0.335478 0.355708 0.369297 0.374215 0.352055 0.31735 0.281823 0.244072 0.24107 0.275273 0.275293 0.262697 0.261208 0.243859 0.239341 0.246727 0.249091 0.247161 0.24164 0.238738 0.237683 0.234145 0.216729 0.139919 0 0 0 -9999 -9999 -9999 -9999 -9999 -9999
-9999 -9999 0.912835 0.899703 0.881963 0.856005 0.826777 0.80911 0.760718 0.741507 0.722531 0.692006 0.689294 0.677481 0.668314 0.659811 0.651781 0.615423 0.566454 0.517977 0.496823 0.487278 0.448804 0.458018 0.485105 0.479257 0.434187 0.367039 0.354507 0.3185 0.251066 0.193686 -9999 -9999 0.195916 0.266409 0.315046 0.338373 0.342643 0.338369 0.365223 0.360127 0.386945 0.358184 0.2905 0.283148 0.250087 0.248698 0.246315 0.239346 0.246989 0.257377 0.254431 0.248438 0.251354 0.249118 0.246578 0.244095 0.236944 0.237712 0.236381 0.224979 0.166841 0.136801 0 0 -9999 -9999 -9999 -9999 -9999 -9999
-9999 -9999 0.902356 0.888673 0.875304 0.845611 0.826709 0.792369 0.731596 0.725046 0.705403 0.677986 0.656986 0.659171 0.651628 0.646631 0.643355 0.610464 0.573516 0.516688 0.482695 0.443802 0.428469 0.393799 0.406903 0.399959 0.39112 0.395321 0.380658 0.325945 0.290689 0.219705 0.185005 -9999 0.203162 0.23501 0.293617 0.342141 0.370782 0.354087 0.385262 0.384144 0.388113 0.363625 0.313797 0.280162 0.265235 0.247896 0.260292 0.262038 0.257021 0.25546 0.254545 0.250855 0.248536 0.245938 0.243863 0.242557 0.241007 0.239573 0.23713 0.231951 0.204186 0.169595 0.107173 0 -9999 -9999 -9999 -9999 -9999 -9999
-9999 0.896328 0.901018 0.896605 0.873265 0.846131 0.818051 0.788785 0.738309 0.713167 0.693034 0.669746 0.6302 0.621962 0.620232 0.631871 0.631321 0.630947 0.613315 0.54462 0.508879 0.471227 0.424215 0.395637 0.404084 0.441352 0.437095 0.408336 0.376618 0.319004 0.297728 0.258055 0.177845 0.185672 0.220744 0.246442 0.286309 0.34643 0.386492 0.400793 0.401292 0.401939 0.398774 0.360972 0.322649 0.300657 0.272693 0.256211 0.242239 0.244369 0.239101 0.25226 0.252767 0.248213 0.245468 0.243118 0.24159 0.240889 0.240177 0.238857 0.237955 0.236437 0.229039 0.189809 0 0 -9999 -9999 -9999 -9999 -9999 -9999
-9999 -9999 0.892567 0.870134 0.836956 0.805525 0.780164 0.757448 0.720365 0.694561 0.680565 0.657612 0.619722 0.584654 0.600565 0.60728 0.617535 0.621506 0.623886 0.555699 0.526233 0.503055 0.458424 0.467311 0.481724 0.480969 0.469108 0.410667 0.352501 0.272054 0.212884 0.211211 0.182562 0.197843 0.221765 0.280622 0.321209 0.336072 0.344632 0.402629 0.407966 0.397836 0.401234 0.365092 0.337164 0.304599 0.293568 0.276513 0.261644 0.201673 0.230015 0.22187 0.242704 0.24666 0.24353 0.241083 0.23992 0.238919 0.238493 0.237934 0.237655 0.233681 0.227732 0.200515 0 0 -9999 -9999 -9999 -9999 -9999 -9999
-9999 -9999 -9999 -9999 0.821661 0.792528 0.760044 0.732982 0.708959 0.688631 0.669258 0.649003 0.623489 0.58664 0.574715 0.577845 0.555695 0.579702 0.606408 0.609227 0.609099 0.557374 0.524591 0.550999 0.541582 0.49894 0.46462 0.430573 0.363069 0.300085 0.232536 0.182501 0.182383 0.241189 0.289608 0.349514 0.3754 0.359026 0.371776 0.39276 0.418931 0.424564 0.407113 0.369076 0.342902 0.30054 0.308908 0.2947 0.267351 0.242555 0.228512 0.232093 0.228315 0.244246 0.244285 0.240161 0.238541 0.23779 0.237403 0.237149 0.233605 0.231261 0.227998 0.223158 0.100663 0 -9999 -9999 -9999 -9999 -9999 -9999
-9999 -9999 -9999 -9999 0.795766 0.762038 0.737991 0.739044 0.703019 0.681944 0.656281 0.639346 0.616746 0.58435 0.556131 0.534029 0.50784 0.526096 0.570629 0.598483 0.604577 0.559652 0.579711 0.570004 0.550543 0.495415 0.45398 0.430911 0.366174 0.297978 0.253759 0.192515 0.221693 0.253566 0.293551 0.358849 0.402298 0.418148 0.398188 0.411035 0.442344 0.430649 0.394436 0.380659 0.343705 0.291454 0.310565 0.303961 0.279602 0.266645 0.245292 0.239322 0.239794 0.241811 0.242578 0.239675 0.237337 0.236471 0.236369 0.235192 0.233469 0.231441 0.228157 0.223708 0.142913 0 -9999 -9999 -9999 -9999 -9999 -9999
-9999 -9999 -9999 -9999 -9999 0.732361 0.728028 0.7421 0.698663 0.668326 0.654051 0.634486 0.608526 0.589023 0.556424 0.518246 0.448505 0.469297 0.510472 0.568466 0.600292 0.598978 0.578311 0.550166 0.482056 0.421779 0.412644 0.400955 0.35328 0.297694 0.248565 0.280186 0.314818 0.352419 0.372864 0.36919 0.406413 0.434728 0.417243 0.434588 0.453507 0.428452 0.406832 0.384982 0.345771 0.327326 0.311563 0.315229 0.2847 0.278272 0.260166 0.248131 0.243415 0.241447 0.241765 0.239015 0.236965 0.236325 0.235302 0.234892 0.233279 0.230853 0.227542 0.223109 0.211469 0.130954 0 -9999 -9999 -9999 -9999 -9999
-9999 -9999 -9999 -9999 -9999 0.697586 0.676508 0.701123 0.664329 0.663398 0.653597 0.634382 0.601697 0.581415 0.534653 0.520556 0.456282 0.428122 0.456397 0.449886 0.527687 0.596244 0.576701 0.442138 0.392355 0.356027 0.362934 0.361003 0.346427 0.261725 0.244181 0.309355 0.351382 0.384384 0.409551 0.414714 0.414161 0.459615 0.461151 0.469331 0.456265 0.44576 0.408028 0.377976 0.367624 0.3354 0.315634 0.320176 0.283117 0.287095 0.266643 0.249541 0.239749 0.244748 0.241727 0.239352 0.236883 0.235781 0.234947 0.233424 0.23246 0.230088 0.226312 0.222372 0.216902 0.200928 0.15695 0.137398 0.145716 -9999 -9999 -9999
-9999 -9999 -9999 -9999 -9999 -9999 0.618391 0.668763 0.652865 0.646515 0.652409 0.636911 0.606425 0.581793 0.536453 0.498964 0.441142 0.376566 0.341148 0.450002 0.5448 0.594821 0.582743 0.47039 0.424983 0.421164 0.445116 0.421302 0.402955 0.33465 0.320496 0.300455 0.31642 0.359342 0.394987 0.430626 0.455224 0.455144 0.466644 0.468222 0.459474 0.450716 0.434501 0.417415 0.371382 0.370588 0.34036 0.331275 0.311088 0.292346 0.270811 0.246509 0.246594 0.2475 0.244137 0.239261 0.237157 0.236226 0.235442 0.23422 0.230846 0.228463 0.225201 0.220751 0.215956 0.20832 0.198119 0.169139 0.132384 0 -9999 -9999
-9999 -9999 -9999 -9999 -9999 -9999 0.575983 0.628049 0.614873 0.642682 0.635832 0.629779 0.617223 0.595854 0.560136 0.511294 0.472365 0.399145 0.323894 0.434522 0.533905 0.588667 0.592071 0.490119 0.514514 0.491676 0.498186 0.457853 0.440184 0.411873 0.385975 0.357785 0.323181 0.304883 0.386266 0.42812 0.460371 0.473446 0.477679 0.475369 0.466543 0.446043 0.398375 0.410852 0.38707 0.36848 0.349562 0.332593 0.315014 0.297884 0.278413 0.267104 0.249404 0.250014 0.242811 0.240005 0.238198 0.236812 0.23554 0.234313 0.232655 0.228394 0.223556 0.219153 0.214167 0.206898 0.200843 0.193643 0.181618 0.12396 0 0
-9999 -9999 -9999 -9999 -9999 -9999 0.456556 0.550088 0.579192 0.609842 0.631163 0.628863 0.622534 0.596504 0.577909 0.541784 0.509292 0.460797 0.388585 0.344991 0.425124 0.547461 0.589632 0.577138 0.572586 0.546389 0.522547 0.517901 0.51787 0.475639 0.433527 0.387904 0.369784 0.355934 0.41673 0.425741 0.420951 0.482869 0.478628 0.468562 0.435625 0.400757 0.394396 0.359246 0.350649 0.315393 0.31919 0.3208 0.312909 0.299353 0.28011 0.266525 0.257378 0.24917 0.244736 0.241314 0.238938 0.237315 0.23588 0.233924 0.231997 0.230258 0.223321 0.21906 0.212231 0.205154 0.199478 0.192882 0.186382 0.172901 0.155675 0.119374
-9999 -9999 -9999 -9999 -9999 -9999 0.445429 0.491483 0.557384 0.585918 0.62101 0.619691 0.626712 0.615405 0.59584 0.563509 0.525502 0.484735 0.421953 0.375719 0.432352 0.507179 0.564785 0.575536 0.570514 0.567116 0.559633 0.547045 0.539539 0.516843 0.492462 0.44134 0.418324 0.38293 0.449802 0.457688 0.446625 0.476615 0.47065 0.415319 0.369633 0.355494 0.37073 0.336675 0.311479 0.27938 0.281033 0.30893 0.280999 0.271023 0.272822 0.26657 0.255789 0.250526 0.24591 0.242453 0.239634 0.237761 0.236165 0.233782 0.231545 0.229047 0.225453 0.216875 0.211897 0.204539 0.197163 0.191311 0.185228 0.177803 0.168612 0.157127
-9999 -9999 -9999 -9999 -9999 -9999 0.446553 0.460609 0.51954 0.573988 0.613716 0.623374 0.629569 0.621861 0.599652 0.581462 0.556308 0.519485 0.494508 0.451884 0.393542 0.490883 0.512981 0.528943 0.529046 0.55478 0.552184 0.537777 0.497896 0.513147 0.501584 0.46758 0.457817 0.439472 0.476793 0.476942 0.474726 0.470105 0.424298 0.360696 0.307172 0.331663 0.314797 0.321957 0.254133 0.278617 0.296358 0.293189 0.256174 0.228962 0.261213 0.254099 0.251938 0.24931 0.246768 0.242688 0.240348 0.237728 0.2355 0.233265 0.230569 0.227683 0.224174 0.220157 0.209614 0.202465 0.196861 0.189512 0.184164 0.176706 0.171639 0.156736
-9999 -9999 -9999 -9999 -9999 -9999 -9999 0.415219 0.489417 0.563416 0.599683 0.619625 0.625556 0.617793 0.603505 0.58938 0.572051 0.544058 0.510019 0.457556 0.418363 0.441081 0.460165 0.451695 0.468918 0.523341 0.540725 0.511652 0.41916 0.44934 0.495401 0.496273 0.493943 0.490785 0.484724 0.479405 0.467148 0.435598 0.343342 0.321211 0.279633 0.275274 0.248136 0.279522 0.244433 0.271929 0.276793 0.27112 0.222614 0.212409 0.23768 0.246587 0.236744 0.241392 0.24619 0.242716 0.23985 0.236875 0.234598 0.232207 0.22942 0.225907 0.222202 0.218161 0.206012 0.199184 0.190942 0.183807 0.174566 0.175173 0.171242 0.152521
-9999 -9999 -9999 -9999 -9999 -9999 -9999 0.38505 0.468928 0.560305 0.581292 0.604289 0.624553 0.617621 0.598535 0.581368 0.564836 0.547279 0.505724 0.465696 0.427586 0.413656 0.419234 0.396593 0.425845 0.497398 0.50973 0.501941 0.393311 0.370149 0.430681 0.481754 0.486568 0.482541 0.423573 0.435255 0.401649 0.355616 0.339623 0.315412 0.269023 0.280574 0.242774 0.24587 0.225758 0.237134 0.236852 0.25258 0.209778 0.192494 0.216788 0.230416 0.224197 0.240888 0.244014 0.241983 0.238969 0.236207 0.233376 0.230841 0.227638 0.224091 0.220145 0.215238 0.208526 0.188129 0.138751 0.134136 0.141255 0.147932 0.150813 0.149877
-9999 -9999 -9999 -9999 -9999 -9999 -9999 0.393726 0.447992 0.528446 0.586145 0.579843 0.604939 0.615055 0.594634 0.573545 0.552997 0.542403 0.496904 0.447584 0.407511 0.360665 0.366076 0.39634 0.425153 0.47066 0.477272 0.465739 0.387961 0.406291 0.447446 0.469537 0.476247 0.471241 0.457889 0.449258 0.423803 0.410654 0.374134 0.318259 0.292166 0.297809 0.235993 0.231171 0.241967 0.203683 0.228276 0.23478 0.18349 0.189304 0.218559 0.230328 0.240552 0.242778 0.240988 0.241533 0.237861 0.234825 0.231804 0.228548 0.225299 0.221112 0.216845 0.208461 0.197686 0.153645 0.121782 0.120661 0.134755 0.146738 0.141858 0.146172
-9999 -9999 -9999 -9999 -9999 -9999 -9999 0.401326 0.449764 0.518548 0.556776 0.555456 0.584493 0.61068 0.600647 0.578681 0.569178 0.548123 0.508776 0.466057 0.419931 0.396457 0.345605 0.391671 0.404959 0.443272 0.460307 0.385965 0.370327 0.398162 0.425879 0.43699 0.464714 0.464031 0.454073 0.413496 0.392217 0.39723 0.385135 0.366002 0.325355 0.3173 0.287593 0.270411 0.253242 0.208311 0.216989 0.209368 0.194361 0.217177 0.228854 0.234672 0.240059 0.237475 0.237573 0.239756 0.236328 0.232874 0.22935 0.226059 0.222136 0.216716 0.211444 0.198488 0.178345 0.144093 0 0.109832 0.141738 0.143756 0.136846 0.139781
-9999 -9999 -9999 -9999 -9999 -9999 -9999 0.384867 0.438179 0.495745 0.513812 0.508867 0.568733 0.603256 0.597001 0.5837 0.569873 0.52319 0.522339 0.510859 0.468921 0.409283 0.344228 0.348217 0.372397 0.41169 0.427604 0.331836 0.313516 0.326832 0.36837 0.405429 0.443917 0.453053 0.440456 0.377918 0.310938 0.337873 0.366114 0.361378 0.346659 0.308177 0.291165 0.274551 0.243129 0.186027 0.184276 0.18658 0.203094 0.209163 0.223512 0.234767 0.221623 0.219966 0.232267 0.237655 0.233847 0.230145 0.226795 0.222991 0.218841 0.211476 0.203793 0.193284 0.147325 0.117135 0 0.103224 0.123905 0.113378 0.134015 0.137134
-9999 -9999 -9999 -9999 -9999 -9999 -9999 0.357193 0.392713 0.44768 0.463799 0.49725 0.553479 0.57795 0.586881 0.581137 0.570363 0.547283 0.532411 0.50683 0.463377 0.405183 0.340977 0.298675 0.317625 0.363352 0.364585 0.286362 0.262024 0.291899 0.335982 0.401238 0.438105 0.44219 0.437414 0.42301 0.373407 0.313369 0.309886 0.334129 0.305171 0.271673 0.280668 0.270994 0.240336 0.215712 0.18928 0.175684 0.184376 0.187102 0.205039 0.235551 0.234648 0.227897 0.238444 0.234527 0.230579 0.22716 0.223345 0.219535 0.215454 0.208769 0.198223 0.166503 0.13826 0.10038 0 0.115192 0.123699 0.121044 0.129855 0.131149
-9999 -9999 -9999 -9999 -9999 -9999 -9999 0.313436 0.35796 0.408958 0.457081 0.503193 0.542699 0.539081 0.558073 0.552689 0.561415 0.553819 0.532871 0.511069 0.473508 0.399621 0.337416 0.269908 0.285862 0.345931 0.296168 0.2642 0.205227 0.26567 0.332225 0.392324 0.42435 0.397472 0.422358 0.41825 0.398131 0.361205 0.30486 0.301671 0.257311 0.250165 0.264467 0.264524 0.254156 0.234065 0.197477 0.181404 0.180151 0.176391 0.192347 0.214505 0.236535 0.235538 0.235682 0.231114 0.226794 0.223145 0.219351 0.215073 0.210026 0.203241 0.176197 0.144649 0.123716 0 0 0.129002 0.127652 0.119056 0.126313 0.127745
-9999 -9999 -9999 -9999 -9999 -9999 -9999 -9999 0.343361 0.396477 0.433787 0.437123 0.471287 0.486989 0.498571 0.497295 0.543775 0.543036 0.528904 0.509016 0.477025 0.420867 0.381484 0.317008 0.270402 0.262886 0.226112 0.242804 0.237764 0.264594 0.328513 0.394912 0.401341 0.357573 0.362328 0.369276 0.38682 0.37376 0.298373 0.257777 0.222791 0.239071 0.255892 0.255 0.249256 0.237671 0.205498 0.179583 0.201873 0.216569 0.214424 0.227095 0.235152 0.233277 0.230924 0.226408 0.222317 0.218206 0.213523 0.209269 0.202122 0.190527 0.160815 0 0 0 0 0 0 0.112778 0.123407 0.124289
-9999 -9999 -9999 -9999 -9999 -9999 -9999 -9999 0.311962 0.37507 0.379991 0.36904 0.335613 0.339748 0.425856 0.439406 0.484109 0.527101 0.521308 0.502269 0.472751 0.439194 0.388013 0.316102 0.258823 0.189322 0.24121 0.285429 0.297789 0.316714 0.355781 0.362684 0.318309 0.276332 0.297717 0.309593 0.359802 0.366534 0.35291 0.305605 0.251487 0.220435 0.245163 0.242884 0.237855 0.230943 0.210042 0.185707 0.210448 0.22145 0.227036 0.227105 0.232945 0.2301 0.225639 0.221631 0.21691 0.212176 0.206446 0.200685 0.187497 0.172309 0.126027 0 0 0 0 0 0.105428 0.107243 0.117695 0.11791
