Test_Spring_2018b/03_18/Prec/20180313_013.txt
ncols	170
nrows	115
xllcorner	350000.000000
yllcorner	4445000.000000
cellsize	1000.000000
nodata_value	-9999.000000
[rows 31 to 61 of 115, columns 70 to 139 of 170]
0.758505 0.767229 0.776344 0.785336 0.796255 0.817123 0.808234 0.822612 0.860573 0.873322 0.884801 0.896115 0.90602 0.914198 0.921796 0.926243 0.924161 0.930032 0.933254 0.932274 0.933506 0.934574 0.931329 0.924281 0.919773 0.913825 0.894311 0.911015 0.90389 -9999 -9999 -9999 -9999 -9999 -9999 -9999 -9999 -9999 -9999 -9999 -9999 -9999 -9999 -9999 -9999 -9999 -9999 -9999 -9999 -9999 -9999 -9999 -9999 -9999 -9999 -9999 -9999 -9999 -9999 -9999 -9999 -9999 -9999 -9999 -9999 -9999 -9999 -9999 -9999 -9999
0.754334 0.762209 0.770562 0.779202 0.790741 0.802976 0.798363 0.814866 0.850859 0.862936 0.873826 0.883114 0.892388 0.900575 0.90781 0.912293 0.912165 0.911336 0.916607 0.918355 0.917369 0.920493 0.918203 0.912785 0.905274 0.907006 0.904496 0.901552 0.874838 -9999 -9999 -9999 -9999 -9999 -9999 -9999 -9999 -9999 -9999 -9999 -9999 -9999 -9999 -9999 -9999 -9999 -9999 -9999 -9999 -9999 -9999 -9999 -9999 -9999 -9999 -9999 -9999 -9999 -9999 -9999 -9999 -9999 -9999 -9999 -9999 -9999 -9999 -9999 -9999 -9999
0.746745 0.755342 0.763242 0.772169 0.78405 0.794795 0.813646 0.807077 0.841213 0.852949 0.863595 0.873064 0.881706 0.88931 0.894959 0.898877 0.899381 0.897966 0.899745 0.904497 0.90597 0.907077 0.905705 0.903515 0.899937 0.901541 0.901533 0.879375 0.872287 0.87457 -9999 -9999 -9999 -9999 -9999 -9999 -9999 -9999 -9999 -9999 -9999 -9999 -9999 -9999 -9999 -9999 -9999 -9999 -9999 -9999 -9999 -9999 -9999 -9999 -9999 -9999 -9999 -9999 -9999 -9999 -9999 -9999 -9999 -9999 -9999 -9999 -9999 -9999 -9999 -9999
0.736884 0.746542 0.75436 0.76199 0.7732 0.78474 0.808762 0.818015 0.83 0.843357 0.853772 0.863368 0.871227 0.87829 0.883881 0.88764 0.889588 0.890056 0.887101 0.893331 0.898091 0.89925 0.899842 0.898872 0.896064 0.89825 0.897987 0.856584 0.878171 0.871235 0.86579 -9999 -9999 -9999 -9999 -9999 -9999 -9999 -9999 -9999 -9999 -9999 -9999 -9999 -9999 -9999 -9999 -9999 -9999 -9999 -9999 -9999 -9999 -9999 -9999 -9999 -9999 -9999 -9999 -9999 -9999 -9999 -9999 -9999 -9999 -9999 -9999 -9999 -9999 -9999
-9999 0.735769 0.743989 0.751617 0.763173 0.775613 0.793484 0.832137 0.821919 0.833781 0.844849 0.854274 0.861868 0.86665 0.872807 0.87831 0.881158 0.881123 0.880395 0.882021 0.88866 0.891597 0.89256 0.894437 0.892582 0.894028 0.893654 0.870682 0.856692 0.869571 0.863903 0.856785 -9999 -9999 -9999 -9999 -9999 -9999 -9999 -9999 -9999 -9999 -9999 -9999 -9999 -9999 -9999 -9999 -9999 -9999 -9999 -9999 -9999 -9999 -9999 -9999 -9999 -9999 -9999 -9999 -9999 -9999 -9999 -9999 -9999 -9999 -9999 -9999 -9999 -9999
-9999 -9999 -9999 -9999 0.751885 0.770747 0.803042 0.822792 0.813351 0.825703 0.837087 0.846534 0.85312 0.859598 0.865901 0.870108 0.872537 0.875072 0.87585 0.875993 0.879315 0.885085 0.884932 0.888904 0.889627 0.890823 0.889462 0.873014 0.850793 0.864775 0.859541 0.853227 -9999 -9999 -9999 -9999 -9999 -9999 -9999 -9999 -9999 -9999 -9999 -9999 -9999 -9999 -9999 -9999 -9999 -9999 -9999 -9999 -9999 -9999 -9999 -9999 -9999 -9999 -9999 -9999 -9999 -9999 -9999 -9999 -9999 -9999 -9999 -9999 -9999 -9999
-9999 -9999 -9999 -9999 -9999 0.762318 0.793694 0.808119 0.805551 0.818121 0.830371 0.840089 0.847899 0.854721 0.860227 0.864538 0.867371 0.869341 0.870201 0.872754 0.877606 0.879693 0.880941 0.882835 0.885332 0.885979 0.864065 0.865955 0.861992 0.858496 0.852645 0.849236 0.843992 -9999 -9999 -9999 -9999 -9999 -9999 -9999 -9999 -9999 -9999 -9999 -9999 0.766711 -9999 -9999 -9999 -9999 -9999 -9999 -9999 -9999 -9999 -9999 -9999 -9999 -9999 -9999 -9999 -9999 -9999 -9999 -9999 -9999 0.433542 -9999 -9999 -9999
-9999 -9999 -9999 -9999 0.734043 0.772035 0.786727 0.801241 0.819916 0.812072 0.825087 0.835199 0.843417 0.850263 0.855214 0.860081 0.863449 0.865075 0.867739 0.871201 0.873903 0.876391 0.878487 0.879893 0.880778 0.881287 0.868299 0.865096 0.862418 0.841898 0.85452 0.84887 0.842038 0.835968 -9999 -9999 -9999 -9999 -9999 -9999 -9999 0.804588 0.796165 0.786702 0.776684 0.766785 0.752376 -9999 -9999 -9999 -9999 -9999 -9999 -9999 -9999 -9999 -9999 -9999 -9999 -9999 -9999 -9999 -9999 -9999 -9999 -9999 0.433797 0.418637 -9999 -9999
-9999 -9999 -9999 -9999 0.745752 0.762874 0.77871 0.79454 0.808644 0.807962 0.820718 0.83185 0.8408 0.847718 0.852964 0.858008 0.86079 0.863437 0.865741 0.869252 0.871615 0.873127 0.874363 0.875508 0.875598 0.876715 0.865168 0.862961 0.859634 0.856071 0.854059 0.846304 0.838689 0.832023 -9999 -9999 -9999 -9999 -9999 -9999 0.813618 0.808308 0.800964 0.788892 0.779518 0.768543 0.7542 0.692768 -9999 -9999 -9999 -9999 -9999 -9999 -9999 -9999 -9999 -9999 -9999 -9999 -9999 -9999 0.484772 0.473737 0.458855 0.44562 0.432332 0.417074 -9999 -9999
-9999 -9999 -9999 -9999 0.733878 0.753331 0.771525 0.788585 0.803322 0.797989 0.818383 0.829941 0.839363 0.846975 0.852994 0.856732 0.860059 0.861346 0.865442 0.867449 0.868873 0.868924 0.869823 0.868515 0.868696 0.859215 0.861134 0.858713 0.854216 0.848676 0.859095 0.84238 0.838027 0.832256 -9999 -9999 -9999 -9999 -9999 -9999 0.816921 0.811805 0.80483 0.794849 0.7807 0.770222 0.714185 0.694194 0.674902 0.657189 0.638941 0.608986 0.574854 0.560297 0.546125 0.535256 -9999 -9999 -9999 -9999 0.496624 0.49042 0.483704 0.474858 0.459774 0.445283 0.429737 0.392622 -9999 -9999
-9999 -9999 -9999 -9999 0.723936 0.74483 0.764309 0.782035 0.799225 0.795885 0.816945 0.833821 0.843061 0.850495 0.856271 0.860305 0.86272 0.865399 0.867305 0.868444 0.866814 0.864609 0.867675 0.86415 0.867164 0.855502 0.857121 0.854537 0.849396 0.843488 0.857092 0.842513 0.837922 0.830702 -9999 -9999 -9999 0.826541 0.826325 0.822619 0.818167 0.813888 0.807282 0.798952 0.787293 0.75946 0.71681 0.695152 0.672629 0.652371 0.635018 0.615849 0.570723 0.555409 0.540843 0.527884 0.519269 0.511856 0.5054 0.499557 0.494311 0.489113 0.48317 0.475234 0.460949 0.447598 0.433606 0.390805 -9999 -9999
-9999 -9999 -9999 -9999 0.727517 0.750031 0.771051 0.785202 0.802276 0.818045 0.81687 0.834332 0.844236 0.850953 0.857557 0.861668 0.864484 0.86623 0.867249 0.865767 0.863174 0.860591 0.86006 0.867301 0.86599 0.853424 0.855106 0.850294 0.844427 0.839331 0.838313 0.849735 0.833778 0.828624 -9999 -9999 0.826273 0.829987 0.83134 0.829746 0.825342 0.818624 0.812268 0.801585 0.791169 0.764172 0.720326 0.69985 0.672533 0.650563 0.623229 0.602912 0.575602 0.547536 0.534198 0.522785 0.514081 0.50685 0.501092 0.496361 0.491762 0.487618 0.482635 0.475738 0.463878 0.452215 0.42039 0.395256 -9999 -9999
-9999 -9999 -9999 -9999 0.72649 0.751141 0.77414 0.793879 0.812051 0.817143 0.817186 0.832096 0.846252 0.853476 0.858769 0.863675 0.866201 0.86766 0.868408 0.866544 0.864218 0.860491 0.858578 0.862467 0.862674 0.845509 0.845956 0.845023 0.844044 0.844125 0.839472 0.848904 0.845051 0.831393 0.828768 -9999 0.829884 0.831511 0.834199 0.834889 0.832505 0.8249 0.818609 0.807696 0.786457 0.768286 0.725293 0.693428 0.670384 0.647038 0.626167 0.59921 0.570111 0.552876 0.528546 0.517255 0.50845 0.501759 0.496831 0.493134 0.489947 0.48661 0.48238 0.47656 0.467261 0.440877 0.423413 0.397131 -9999 -9999
-9999 -9999 -9999 0.681783 0.718184 0.745931 0.770326 0.792048 0.811039 0.827133 0.828846 0.835001 0.846614 0.856868 0.860826 0.86476 0.867305 0.869435 0.869766 0.869622 0.868083 0.862942 0.865064 0.861322 0.858697 0.844882 0.844857 0.847092 0.846506 0.844357 0.842231 0.850216 0.844969 0.841526 0.830086 0.831382 0.83449 0.836373 0.838302 0.840275 0.838959 0.833604 0.82484 0.807422 0.79217 0.763056 0.721143 0.69647 0.670779 0.645825 0.621445 0.599118 0.569633 0.54602 0.530882 0.511691 0.503162 0.497072 0.492984 0.490273 0.48814 0.485759 0.482459 0.477514 0.459035 0.445258 0.41692 0.392814 -9999 -9999
-9999 -9999 -9999 -9999 0.711062 0.739592 0.765086 0.788026 0.808466 0.826024 0.830179 0.84348 0.854427 0.858447 0.863956 0.865751 0.869217 0.87051 0.87107 0.870661 0.870007 0.866474 0.864335 0.862948 0.860257 0.849538 0.849801 0.849234 0.848148 0.843996 0.8402 0.846072 0.840804 0.840101 0.836459 0.834787 0.837772 0.842694 0.845212 0.844295 0.840902 0.83871 0.826075 0.805624 0.7889 0.766889 0.72513 0.698169 0.672184 0.645704 0.619844 0.591707 0.563869 0.544084 0.529172 0.511946 0.498633 0.493089 0.489768 0.487894 0.486679 0.485208 0.482685 0.470618 0.456026 0.441903 0.418605 0.39452 -9999 -9999
-9999 -9999 -9999 -9999 -9999 -9999 0.762539 0.786756 0.807579 0.82552 0.831688 0.845784 0.856571 0.864123 0.868442 0.868951 0.870124 0.870784 0.868562 0.868728 0.871017 0.87054 0.870177 0.86643 0.854511 0.855167 0.853569 0.849918 0.847244 0.844989 0.840731 0.847558 0.841964 0.838101 0.838307 0.843126 0.845373 0.850881 0.852757 0.849877 0.846941 0.836417 0.826579 0.812102 0.79305 0.769942 0.727802 0.698916 0.673133 0.645692 0.617822 0.591219 0.559713 0.540157 0.523051 0.510661 0.500541 0.490109 0.487362 0.486198 0.4857 0.484925 0.475645 0.468596 0.458741 0.445966 0.421959 0.394801 -9999 -9999
-9999 -9999 -9999 -9999 -9999 -9999 0.760477 0.784931 0.806807 0.827113 0.832962 0.847167 0.857574 0.865365 0.869824 0.87108 0.87055 0.869163 0.866616 0.866805 0.868853 0.869901 0.869724 0.86624 0.858237 0.856106 0.853672 0.849076 0.845915 0.844551 0.840658 0.846956 0.843281 0.838876 0.841509 0.844698 0.848594 0.853673 0.857087 0.856095 0.849003 0.841301 0.831522 0.815342 0.794373 0.772383 0.729108 0.698722 0.672952 0.64533 0.616995 0.590632 0.558253 0.537654 0.520639 0.50717 0.497179 0.490391 0.48592 0.485194 0.485169 0.481712 0.477385 0.470438 0.460525 0.447589 0.426294 0.395533 -9999 -9999
-9999 -9999 -9999 -9999 -9999 -9999 -9999 0.783855 0.807084 0.828239 0.833523 0.846955 0.858095 0.865614 0.86976 0.871895 0.871102 0.868496 0.862623 0.862893 0.864569 0.867658 0.869197 0.868732 0.857715 0.854146 0.848119 0.843122 0.842315 0.841832 0.839271 0.846496 0.842614 0.845109 0.848313 0.852086 0.854716 0.855334 0.858162 0.858083 0.851506 0.844024 0.833183 0.815827 0.795678 0.772847 0.72926 0.701061 0.672521 0.64543 0.616466 0.590429 0.55823 0.537149 0.519761 0.506047 0.496107 0.489443 0.485948 0.48501 0.484338 0.482294 0.478025 0.471052 0.461094 0.448073 0.431668 0.405314 0.381656 -9999
-9999 -9999 -9999 -9999 -9999 -9999 -9999 0.783113 0.804528 0.825928 0.83108 0.846276 0.857474 0.864854 0.868446 0.870306 0.869005 0.86819 0.863013 0.859471 0.860263 0.858689 0.863542 0.8681 0.856963 0.845658 0.84094 0.837665 0.838018 0.83825 0.838105 0.843389 0.841854 0.846829 0.850598 0.854038 0.856976 0.857302 0.857592 0.859075 0.852994 0.844806 0.83165 0.815401 0.794188 0.77092 0.729504 0.700593 0.672077 0.645381 0.616285 0.591343 0.559214 0.538041 0.520508 0.507457 0.497355 0.49072 0.486017 0.485368 0.485115 0.481766 0.477425 0.47038 0.460361 0.447403 0.431523 0.409974 0.386922 0.364157
-9999 -9999 -9999 -9999 -9999 -9999 -9999 -9999 0.801774 0.824136 0.829659 0.843849 0.85576 0.863168 0.867993 0.869416 0.867724 0.865457 0.861004 0.855713 0.851048 0.857998 0.864188 0.867458 0.856537 0.846895 0.842518 0.841599 0.843167 0.841772 0.841291 0.848071 0.846743 0.845468 0.847231 0.84929 0.851365 0.85556 0.857383 0.855324 0.851581 0.84035 0.827674 0.811857 0.792638 0.770862 0.727156 0.701329 0.672886 0.646043 0.618998 0.593205 0.561505 0.540377 0.523985 0.510896 0.500848 0.489639 0.48727 0.486193 0.485475 0.484197 0.475617 0.468426 0.45844 0.445581 0.430025 0.40946 0.389375 0.366524
-9999 -9999 -9999 -9999 -9999 -9999 -9999 -9999 0.80061 0.82188 0.826022 0.841876 0.855863 0.862068 0.866418 0.868212 0.867472 0.864707 0.861973 0.856393 0.850553 0.854261 0.862627 0.866375 0.866667 0.847373 0.848113 0.845824 0.846088 0.843409 0.842842 0.85294 0.850634 0.848587 0.843007 0.838722 0.846704 0.850842 0.852779 0.851336 0.846864 0.839255 0.82624 0.805733 0.784951 0.766203 0.72459 0.698707 0.672346 0.646191 0.620565 0.596055 0.565227 0.545847 0.528755 0.509342 0.496837 0.492027 0.489105 0.487324 0.485864 0.48391 0.480678 0.470308 0.455482 0.442864 0.427735 0.407792 0.388809 0.368455
-9999 -9999 -9999 -9999 -9999 -9999 -9999 -9999 0.794517 0.817359 0.827353 0.842156 0.85242 0.859519 0.864251 0.865832 0.866598 0.865107 0.863229 0.859821 0.854541 0.851325 0.851585 0.860019 0.865911 0.852626 0.851345 0.84882 0.846825 0.846608 0.847127 0.856714 0.847058 0.844465 0.837095 0.837948 0.843747 0.844862 0.843571 0.845269 0.83997 0.831804 0.81941 0.800793 0.784469 0.757349 0.717445 0.691894 0.668748 0.645498 0.622087 0.599262 0.569321 0.54024 0.525871 0.507881 0.500296 0.494922 0.491252 0.488628 0.486294 0.48347 0.479525 0.473906 0.458278 0.446868 0.424932 0.405759 0.38781 0.368648
-9999 -9999 -9999 -9999 -9999 -9999 -9999 -9999 0.802061 0.806703 0.825722 0.838367 0.849895 0.856688 0.862264 0.864993 0.865922 0.865036 0.86313 0.860652 0.856386 0.853249 0.857567 0.856266 0.860413 0.847648 0.850176 0.849303 0.848415 0.838667 0.839052 0.851545 0.849719 0.836766 0.836257 0.834762 0.840223 0.840541 0.838198 0.837159 0.831532 0.82013 0.807126 0.794102 0.775866 0.756314 0.714817 0.686002 0.664442 0.644825 0.609851 0.588957 0.561291 0.545225 0.521949 0.511825 0.503934 0.497999 0.493531 0.489996 0.486718 0.482987 0.478282 0.472082 0.46396 0.443398 0.429985 0.411479 0.386701 0.368873
-9999 -9999 -9999 -9999 -9999 -9999 -9999 -9999 0.795482 0.806733 0.823863 0.83722 0.848355 0.855506 0.860834 0.86384 0.864744 0.865147 0.864483 0.862604 0.861359 0.858711 0.854858 0.862252 0.85608 0.843135 0.832091 0.833156 0.832671 0.831854 0.849649 0.849979 0.837004 0.834779 0.834445 0.833366 0.835879 0.834902 0.832598 0.828637 0.81994 0.80802 0.794807 0.785222 0.770687 0.749282 0.7053 0.676798 0.656686 0.635213 0.609975 0.589352 0.564644 0.537312 0.525413 0.515512 0.507493 0.500964 0.495775 0.491299 0.487054 0.482469 0.477011 0.47028 0.461928 0.451767 0.426964 0.409246 0.393457 0.368827
-9999 -9999 -9999 -9999 -9999 -9999 -9999 -9999 -9999 0.795542 0.812677 0.828055 0.838947 0.847034 0.852647 0.855998 0.857806 0.858759 0.858804 0.857571 0.855542 0.851938 0.84915 0.850774 0.842403 0.826641 0.826772 0.829906 0.830716 0.828541 0.838734 0.826169 0.828999 0.82882 0.828481 0.8279 0.830103 0.828023 0.824421 0.818126 0.805911 0.792702 0.780154 0.768426 0.753255 0.732273 0.689779 0.672615 0.653475 0.633681 0.611321 0.581454 0.551904 0.53895 0.526512 0.516947 0.510672 0.503687 0.497761 0.492441 0.48734 0.481947 0.475826 0.4655 0.456441 0.445781 0.418336 0.400796 0.385215 0.368919
-9999 -9999 -9999 -9999 -9999 -9999 -9999 -9999 -9999 0.797914 0.814305 0.829715 0.838564 0.846206 0.852432 0.855621 0.857024 0.857822 0.858072 0.857785 0.855411 0.852889 0.850322 0.849381 0.849772 0.82179 0.822861 0.827183 0.827447 0.826515 0.82076 0.817602 0.820802 0.823498 0.82286 0.821388 0.815491 0.814004 0.808256 0.800389 0.793286 0.784041 0.771577 0.761708 0.746728 0.733315 0.6831 0.666515 0.648773 0.632259 0.611936 0.582605 0.552365 0.540409 0.528574 0.519914 0.51165 0.504166 0.497463 0.491274 0.485185 0.478836 0.471799 0.463796 0.4546 0.444032 0.431989 0.401028 0.38068 0.365843
-9999 -9999 -9999 -9999 -9999 -9999 -9999 -9999 -9999 0.804516 0.817308 0.830751 0.841347 0.846188 0.852295 0.856428 0.857584 0.858051 0.858033 0.858311 0.855719 0.85258 0.849897 0.846557 0.84688 0.848914 0.822296 0.824624 0.824266 0.822756 0.818223 0.817525 0.818687 0.81858 0.817337 0.815049 0.811754 0.808182 0.802551 0.796777 0.788112 0.776736 0.766152 0.756505 0.740662 0.727756 0.71495 0.66074 0.646383 0.630745 0.611263 0.565431 0.553971 0.542485 0.532172 0.522527 0.513724 0.506038 0.498747 0.491909 0.485162 0.478172 0.470664 0.462321 0.453021 0.442358 0.43042 0.415009 0.378818 0.365366
-9999 -9999 -9999 -9999 -9999 -9999 -9999 -9999 -9999 0.8123 0.823314 0.834801 0.843104 0.847631 0.853526 0.858472 0.860146 0.860399 0.861086 0.86054 0.858335 0.855606 0.852396 0.850632 0.846726 0.849724 0.82068 0.822323 0.82248 0.818825 0.814975 0.814454 0.814063 0.812532 0.812158 0.809533 0.805879 0.799471 0.793748 0.789058 0.782119 0.773566 0.762299 0.752233 0.739482 0.726614 0.712861 0.65803 0.643881 0.628549 0.592606 0.567687 0.555709 0.544327 0.53397 0.524063 0.51528 0.507425 0.499735 0.492376 0.485088 0.477635 0.469715 0.461063 0.451644 0.440796 0.428525 0.414364 0.37523 0.36501
-9999 -9999 -9999 -9999 -9999 -9999 -9999 -9999 -9999 0.819467 0.829582 0.839222 0.845228 0.848831 0.856446 0.861602 0.863246 0.863887 0.86406 0.861476 0.861886 0.861237 0.85813 0.853524 0.848346 0.848029 0.831255 0.820092 0.819887 0.813602 0.809133 0.807083 0.807174 0.806972 0.806814 0.804353 0.800006 0.791581 0.782232 0.778954 0.77492 0.767561 0.758494 0.746708 0.735514 0.723458 0.709556 0.667715 0.639949 0.626431 0.579544 0.567031 0.555873 0.545338 0.533913 0.524173 0.516217 0.508401 0.50039 0.49266 0.485017 0.477191 0.468993 0.460046 0.450431 0.439887 0.426025 0.41259 0.394087 0.364847
-9999 -9999 -9999 -9999 -9999 -9999 -9999 -9999 -9999 0.826765 0.834445 0.842945 0.848031 0.853784 0.860624 0.864631 0.867021 0.867901 0.86801 0.86686 0.865973 0.864013 0.860493 0.855674 0.850224 0.846204 0.846508 0.817066 0.799179 0.809287 0.803969 0.802677 0.802487 0.803853 0.803106 0.799832 0.795651 0.790386 0.782062 0.772357 0.766028 0.760904 0.751071 0.740036 0.731228 0.720275 0.707107 0.693824 0.638907 0.602749 0.577263 0.565114 0.554705 0.545928 0.535624 0.525624 0.517533 0.508938 0.500737 0.492803 0.484889 0.476845 0.468483 0.45949 0.449664 0.437681 0.425308 0.411625 0.399562 0.365883
-9999 -9999 -9999 -9999 -9999 -9999 -9999 -9999 -9999 0.833619 0.840917 0.848268 0.854963 0.861046 0.86618 0.867727 0.870466 0.871014 0.872187 0.871804 0.870112 0.868045 0.864557 0.858191 0.852466 0.84619 0.845843 0.829828 0.813337 0.806972 0.798737 0.799249 0.800276 0.800865 0.799384 0.793516 0.791185 0.786431 0.780086 0.771987 0.76185 0.754857 0.744116 0.735283 0.727225 0.717401 0.706178 0.693731 0.653675 0.601722 0.57604 0.563842 0.553636 0.544521 0.536067 0.526592 0.517785 0.509117 0.500816 0.492762 0.484734 0.476547 0.468031 0.458985 0.447969 0.436062 0.424342 0.411595 0.399875 0.388128
