Test_Spring_2018b/03_18/Prec/20180322_023.txt
ncols	170
nrows	115
xllcorner	350000.000000
yllcorner	4445000.000000
cellsize	1000.000000
nodata_value	-9999.000000
[rows 31 to 61 of 115, columns 70 to 139 of 170]
1.36209 1.36592 1.37064 1.37678 1.38327 1.38122 1.42384 1.43078 1.42552 1.43187 1.43879 1.44517 1.45131 1.4569 1.46084 1.46424 1.46877 1.46569 1.46116 1.45614 1.44704 1.43553 1.42444 1.41388 1.40055 1.38725 1.33723 1.33302 1.31651 -9999 -9999 -9999 -9999 -9999 -9999 -9999 -9999 -9999 -9999 -9999 -9999 -9999 -9999 -9999 -9999 -9999 -9999 -9999 -9999 -9999 -9999 -9999 -9999 -9999 -9999 -9999 -9999 -9999 -9999 -9999 -9999 -9999 -9999 -9999 -9999 -9999 -9999 -9999 -9999 -9999
1.33935 1.34437 1.35009 1.35676 1.36288 1.36973 1.40607 1.39108 1.40425 1.40938 1.41482 1.42046 1.42502 1.4288 1.43141 1.43364 1.43636 1.43712 1.43187 1.42631 1.42007 1.40935 1.39998 1.39093 1.38192 1.36662 1.35331 1.31978 1.28857 -9999 -9999 -9999 -9999 -9999 -9999 -9999 -9999 -9999 -9999 -9999 -9999 -9999 -9999 -9999 -9999 -9999 -9999 -9999 -9999 -9999 -9999 -9999 -9999 -9999 -9999 -9999 -9999 -9999 -9999 -9999 -9999 -9999 -9999 -9999 -9999 -9999 -9999 -9999 -9999 -9999
1.31731 1.32261 1.32922 1.33616 1.34227 1.34987 1.35073 1.3713 1.38306 1.38717 1.39131 1.39528 1.39863 1.40127 1.40355 1.40517 1.40699 1.40806 1.40532 1.39893 1.39263 1.38481 1.37688 1.36804 1.35888 1.34576 1.33296 1.28901 1.27259 1.24506 -9999 -9999 -9999 -9999 -9999 -9999 -9999 -9999 -9999 -9999 -9999 -9999 -9999 -9999 -9999 -9999 -9999 -9999 -9999 -9999 -9999 -9999 -9999 -9999 -9999 -9999 -9999 -9999 -9999 -9999 -9999 -9999 -9999 -9999 -9999 -9999 -9999 -9999 -9999 -9999
1.29554 1.30098 1.30836 1.31667 1.32357 1.33083 1.31516 1.35959 1.36333 1.36563 1.36883 1.37151 1.37407 1.37583 1.37712 1.37808 1.37865 1.37861 1.37909 1.37266 1.36561 1.35923 1.35182 1.34404 1.33621 1.32447 1.31341 1.2589 1.24236 1.22998 1.21722 -9999 -9999 -9999 -9999 -9999 -9999 -9999 -9999 -9999 -9999 -9999 -9999 -9999 -9999 -9999 -9999 -9999 -9999 -9999 -9999 -9999 -9999 -9999 -9999 -9999 -9999 -9999 -9999 -9999 -9999 -9999 -9999 -9999 -9999 -9999 -9999 -9999 -9999 -9999
-9999 1.2798 1.28782 1.29692 1.30426 1.31139 1.30097 1.30619 1.3427 1.34537 1.34745 1.34934 1.35108 1.35326 1.3534 1.35273 1.35247 1.35275 1.35229 1.34929 1.34215 1.33598 1.32974 1.32175 1.31481 1.30486 1.29507 1.26982 1.21745 1.2142 1.20215 1.19144 -9999 -9999 -9999 -9999 -9999 -9999 -9999 -9999 -9999 -9999 -9999 -9999 -9999 -9999 -9999 -9999 -9999 -9999 -9999 -9999 -9999 -9999 -9999 -9999 -9999 -9999 -9999 -9999 -9999 -9999 -9999 -9999 -9999 -9999 -9999 -9999 -9999 -9999
-9999 -9999 -9999 -9999 1.28592 1.27829 1.28701 1.2887 1.32368 1.32588 1.32734 1.3286 1.33023 1.33069 1.33011 1.32974 1.32947 1.32828 1.32727 1.32576 1.32142 1.31462 1.31018 1.30214 1.2948 1.28603 1.27769 1.24057 1.20495 1.2008 1.18885 1.1779 -9999 -9999 -9999 -9999 -9999 -9999 -9999 -9999 -9999 -9999 -9999 -9999 -9999 -9999 -9999 -9999 -9999 -9999 -9999 -9999 -9999 -9999 -9999 -9999 -9999 -9999 -9999 -9999 -9999 -9999 -9999 -9999 -9999 -9999 -9999 -9999 -9999 -9999
-9999 -9999 -9999 -9999 -9999 1.26107 1.2693 1.27422 1.30588 1.30806 1.30885 1.3096 1.31003 1.30975 1.30914 1.30833 1.30764 1.30682 1.30604 1.30362 1.29909 1.29529 1.29094 1.28503 1.2775 1.26977 1.24898 1.22712 1.21775 1.18903 1.17757 1.16496 1.15396 -9999 -9999 -9999 -9999 -9999 -9999 -9999 -9999 -9999 -9999 -9999 -9999 1.05738 -9999 -9999 -9999 -9999 -9999 -9999 -9999 -9999 -9999 -9999 -9999 -9999 -9999 -9999 -9999 -9999 -9999 -9999 -9999 -9999 0.85013 -9999 -9999 -9999
-9999 -9999 -9999 -9999 1.24845 1.24488 1.2518 1.25757 1.26129 1.29156 1.29201 1.29239 1.29228 1.29162 1.29097 1.28953 1.28837 1.28777 1.28615 1.28359 1.28089 1.27752 1.27337 1.26842 1.26242 1.2552 1.22056 1.21157 1.20133 1.1687 1.16183 1.1504 1.14022 1.13039 -9999 -9999 -9999 -9999 -9999 -9999 -9999 1.07147 1.06746 1.06323 1.05829 1.05214 1.04753 -9999 -9999 -9999 -9999 -9999 -9999 -9999 -9999 -9999 -9999 -9999 -9999 -9999 -9999 -9999 -9999 -9999 -9999 -9999 0.859613 0.851459 -9999 -9999
-9999 -9999 -9999 -9999 1.22096 1.22901 1.23672 1.24293 1.24833 1.27635 1.27728 1.27713 1.27647 1.27552 1.27443 1.27265 1.2717 1.2705 1.26924 1.26696 1.26487 1.26256 1.25942 1.25508 1.24988 1.24249 1.20822 1.19842 1.18819 1.17731 1.14829 1.13779 1.12784 1.11824 -9999 -9999 -9999 -9999 -9999 -9999 1.06489 1.06079 1.05729 1.05563 1.0512 1.04641 1.04228 0.991534 -9999 -9999 -9999 -9999 -9999 -9999 -9999 -9999 -9999 -9999 -9999 -9999 -9999 -9999 0.898854 0.892637 0.887144 0.879204 0.869968 0.860794 -9999 -9999
-9999 -9999 -9999 -9999 1.20646 1.21507 1.22311 1.23005 1.23624 1.26509 1.26409 1.26394 1.26304 1.26158 1.25985 1.25866 1.25725 1.25682 1.25459 1.25339 1.25214 1.25101 1.24837 1.24571 1.24058 1.2096 1.19835 1.18819 1.17804 1.16761 1.16094 1.12676 1.11453 1.10422 -9999 -9999 -9999 -9999 -9999 -9999 1.05406 1.05106 1.04848 1.04659 1.04578 1.04129 0.994214 0.99106 0.986996 0.981901 0.977425 0.962628 0.940293 0.938176 0.937283 0.935709 -9999 -9999 -9999 -9999 0.923607 0.917989 0.911005 0.903437 0.897661 0.889737 0.880824 0.852882 -9999 -9999
-9999 -9999 -9999 -9999 1.1925 1.20234 1.21154 1.21976 1.22588 1.25345 1.2531 1.23826 1.23824 1.23754 1.23647 1.23546 1.23475 1.23347 1.23232 1.23127 1.23131 1.23094 1.22642 1.2372 1.2218 1.202 1.19035 1.17959 1.169 1.1579 1.14718 1.11421 1.10168 1.08275 -9999 -9999 -9999 1.04917 1.04371 1.041 1.03893 1.03643 1.03448 1.03946 1.03792 1.00617 0.993917 0.991214 0.988478 0.98432 0.978819 0.975183 0.945058 0.943914 0.944036 0.940446 0.940071 0.939513 0.93834 0.936162 0.932433 0.927024 0.920085 0.912189 0.907948 0.898587 0.887665 0.848814 -9999 -9999
-9999 -9999 -9999 -9999 1.16224 1.17208 1.18147 1.19522 1.20235 1.20771 1.22974 1.23007 1.23017 1.23024 1.22887 1.22788 1.22693 1.22612 1.22538 1.22572 1.22616 1.22579 1.22312 1.20683 1.20112 1.18351 1.17125 1.17261 1.14727 1.13545 1.12098 1.10795 1.08266 1.07271 -9999 -9999 1.04592 1.03786 1.03249 1.02965 1.02866 1.02864 1.02745 1.0274 1.02547 0.998379 0.988977 0.985425 0.988773 0.984897 0.975457 0.972817 0.96109 0.945585 0.946369 0.947658 0.948548 0.949182 0.948886 0.947219 0.944056 0.93867 0.931452 0.922848 0.914644 0.90395 0.880529 0.857814 -9999 -9999
-9999 -9999 -9999 -9999 1.14154 1.15076 1.15968 1.1688 1.17678 1.20161 1.22325 1.22402 1.22416 1.2244 1.22411 1.22281 1.22205 1.22132 1.22056 1.22086 1.22081 1.22072 1.2184 1.20431 1.19694 1.16921 1.15634 1.14329 1.12954 1.11475 1.10972 1.09613 1.08211 1.06095 1.0514 -9999 1.0349 1.02892 1.02376 1.02063 1.01951 1.02098 1.02055 1.02124 0.998314 0.997291 0.987899 0.980051 0.976963 0.974338 0.970989 0.973208 0.963208 0.963395 0.952306 0.954539 0.956689 0.958306 0.958819 0.95773 0.954708 0.949519 0.94217 0.932858 0.922686 0.90172 0.889459 0.86609 -9999 -9999
-9999 -9999 -9999 1.12948 1.13362 1.14272 1.1525 1.16209 1.17118 1.17962 1.20116 1.21892 1.21986 1.22023 1.22114 1.22064 1.21993 1.21871 1.21796 1.21688 1.21591 1.2161 1.20542 1.18993 1.18188 1.16511 1.15143 1.13552 1.12065 1.10638 1.09216 1.0788 1.07095 1.05801 1.04207 1.03278 1.02473 1.01942 1.01563 1.01272 1.0119 1.01287 1.01458 0.998046 0.996839 0.99129 0.982033 0.979182 0.976795 0.974348 0.97242 0.970578 0.962289 0.966241 0.967597 0.960813 0.963934 0.966431 0.967687 0.967157 0.964455 0.959364 0.951794 0.941927 0.923308 0.910166 0.898736 0.873933 -9999 -9999
-9999 -9999 -9999 -9999 1.1271 1.13712 1.14766 1.15797 1.16764 1.17665 1.19761 1.20295 1.20692 1.21781 1.21911 1.22018 1.21904 1.21823 1.21707 1.21572 1.21366 1.20157 1.19515 1.18677 1.17764 1.15864 1.14375 1.12857 1.11321 1.09947 1.08573 1.0726 1.06002 1.04652 1.03901 1.02431 1.01695 1.0106 1.00727 1.00686 1.00802 1.00777 0.997352 0.993482 0.991364 0.990502 0.981232 0.978879 0.975871 0.973619 0.971979 0.973119 0.964355 0.966491 0.968125 0.972921 0.969929 0.973187 0.97508 0.975065 0.972665 0.967645 0.959934 0.945363 0.931309 0.917169 0.905845 0.87996 -9999 -9999
-9999 -9999 -9999 -9999 -9999 -9999 1.14256 1.15319 1.1638 1.1738 1.19441 1.20047 1.20563 1.20996 1.21366 1.21923 1.2196 1.2191 1.2193 1.21455 1.20635 1.19948 1.19094 1.18285 1.16707 1.15192 1.13722 1.12311 1.10809 1.09281 1.07906 1.06477 1.0524 1.04092 1.02938 1.01776 1.00836 1.00228 0.999945 1.00128 1.00268 0.995371 0.99334 0.991666 0.990457 0.989692 0.980646 0.97873 0.974966 0.97273 0.971827 0.971742 0.965543 0.967652 0.970853 0.973628 0.977036 0.978203 0.980607 0.980963 0.978811 0.973877 0.963222 0.951644 0.937718 0.922056 0.910223 0.885352 -9999 -9999
-9999 -9999 -9999 -9999 -9999 -9999 1.13828 1.14939 1.16013 1.16962 1.19113 1.19813 1.20449 1.20957 1.21391 1.2176 1.22037 1.22105 1.22006 1.21569 1.20827 1.19962 1.19001 1.18079 1.16216 1.14784 1.13297 1.11893 1.10388 1.08794 1.07399 1.05985 1.04663 1.03585 1.02332 1.01311 1.00519 0.998677 0.995829 0.995706 0.995012 0.993998 0.991732 0.990758 0.990305 0.98847 0.980049 0.978559 0.974394 0.971942 0.971074 0.970697 0.965322 0.968175 0.971553 0.975283 0.979004 0.98228 0.983938 0.98453 0.982532 0.976439 0.967663 0.955948 0.941822 0.925874 0.911934 0.888739 -9999 -9999
-9999 -9999 -9999 -9999 -9999 -9999 -9999 1.14549 1.15569 1.16512 1.18744 1.19562 1.20231 1.20829 1.21346 1.21711 1.21995 1.22143 1.22258 1.21774 1.20995 1.1994 1.18803 1.17631 1.15895 1.14498 1.1319 1.11793 1.10151 1.08522 1.07081 1.05643 1.04388 1.0296 1.01729 1.00724 1.00047 0.997279 0.994658 0.993282 0.993797 0.992505 0.990659 0.990142 0.988967 0.987407 0.979116 0.976191 0.973563 0.970762 0.970278 0.969765 0.964488 0.96778 0.971552 0.975612 0.979492 0.982876 0.985056 0.985508 0.983319 0.977818 0.969125 0.957514 0.94347 0.927586 0.910735 0.884897 0.867763 -9999
-9999 -9999 -9999 -9999 -9999 -9999 -9999 1.1415 1.1525 1.16173 1.18428 1.19179 1.19893 1.20552 1.21151 1.21428 1.21805 1.21884 1.21887 1.2172 1.20955 1.20129 1.18751 1.17241 1.15475 1.14521 1.13139 1.11661 1.09986 1.08365 1.06843 1.0559 1.04273 1.02773 1.01574 1.00639 0.999756 0.99496 0.994426 0.992378 0.991593 0.990506 0.989838 0.988531 0.987909 0.986609 0.977002 0.974687 0.972283 0.969517 0.96939 0.968507 0.963279 0.966802 0.970772 0.974485 0.978434 0.981717 0.983362 0.983975 0.982086 0.976172 0.967659 0.956342 0.94268 0.927176 0.910473 0.88216 0.865135 0.847739
-9999 -9999 -9999 -9999 -9999 -9999 -9999 -9999 1.14882 1.15695 1.17909 1.18718 1.19405 1.20089 1.20073 1.20733 1.21226 1.21401 1.21366 1.2107 1.2096 1.19616 1.18145 1.16704 1.14904 1.1388 1.12519 1.10955 1.09275 1.07827 1.06411 1.05176 1.0394 1.02892 1.01879 1.0028 0.99754 0.994715 0.992989 0.992666 0.991951 0.989861 0.988766 0.987183 0.985493 0.983547 0.975281 0.971667 0.969769 0.967645 0.96684 0.966932 0.961424 0.965113 0.968464 0.972107 0.975802 0.9771 0.979609 0.980032 0.978076 0.97361 0.963568 0.952734 0.939664 0.924884 0.908901 0.880726 0.863009 0.846677
-9999 -9999 -9999 -9999 -9999 -9999 -9999 -9999 1.14355 1.15136 1.17378 1.18051 1.18072 1.18339 1.19147 1.19782 1.20225 1.20441 1.20323 1.20065 1.19556 1.18911 1.17483 1.1604 1.14697 1.13188 1.11597 1.10197 1.08686 1.07412 1.06103 1.04804 1.03727 1.02813 1.00922 1.004 0.998357 0.995196 0.99296 0.991798 0.991051 0.990458 0.992684 0.985885 0.985392 0.982103 0.972638 0.969848 0.967537 0.965798 0.964891 0.964862 0.958696 0.961561 0.965324 0.964551 0.968246 0.971814 0.973897 0.974071 0.972041 0.96767 0.961008 0.954225 0.934864 0.921026 0.906069 0.878539 0.861712 0.845418
-9999 -9999 -9999 -9999 -9999 -9999 -9999 -9999 1.14056 1.14615 1.15489 1.16328 1.16348 1.17226 1.17969 1.18594 1.18944 1.19097 1.18955 1.1861 1.18118 1.17294 1.16947 1.15202 1.13936 1.1212 1.10746 1.09464 1.08195 1.06888 1.05627 1.04501 1.01633 1.01202 1.00436 1.00188 0.997127 0.995249 0.994368 0.990819 0.990084 0.989456 0.98959 0.993438 0.992385 0.98218 0.971781 0.969789 0.966585 0.964095 0.962756 0.962477 0.955536 0.950923 0.955132 0.958285 0.962135 0.965104 0.966714 0.96658 0.964453 0.960241 0.953948 0.945718 0.938373 0.927128 0.902299 0.875531 0.859978 0.844847
-9999 -9999 -9999 -9999 -9999 -9999 -9999 -9999 1.11588 1.1389 1.14542 1.14375 1.15119 1.15927 1.16556 1.17075 1.17401 1.1753 1.17423 1.17075 1.16594 1.15849 1.14513 1.1438 1.12877 1.1098 1.10085 1.08823 1.07607 1.03854 1.02899 1.01918 1.01313 1.00456 1.00157 1.00012 0.99508 0.993107 0.992259 0.989778 0.988791 0.98977 0.990149 0.988994 0.991209 0.990862 0.981044 0.968564 0.965535 0.961957 0.951651 0.951752 0.943289 0.946245 0.948564 0.952023 0.955131 0.95743 0.95853 0.958077 0.955864 0.951833 0.945965 0.938412 0.929416 0.921883 0.910486 0.884363 0.85788 0.844039
-9999 -9999 -9999 -9999 -9999 -9999 -9999 -9999 1.07763 1.1291 1.13519 1.13072 1.13709 1.14389 1.14953 1.15405 1.15711 1.15772 1.15628 1.15306 1.14728 1.14053 1.13309 1.11802 1.12084 1.10286 1.0625 1.04884 1.0374 1.02768 1.0255 1.01718 1.00491 1.00158 0.998258 0.996163 0.992346 0.990557 0.989113 0.987847 0.988287 0.989358 0.989843 0.986857 0.985539 0.988576 0.980115 0.96601 0.962551 0.960529 0.949458 0.950043 0.939085 0.940187 0.942697 0.945281 0.947555 0.949219 0.949786 0.949056 0.946805 0.942962 0.937566 0.930717 0.922605 0.913435 0.906052 0.880549 0.868102 0.863016
-9999 -9999 -9999 -9999 -9999 -9999 -9999 -9999 -9999 1.09105 1.08644 1.0923 1.09944 1.10643 1.11262 1.11753 1.12047 1.12093 1.11898 1.11504 1.10919 1.10233 1.09356 1.08129 1.08473 1.06893 1.05642 1.04296 1.03196 1.02399 1.01666 1.00116 0.993957 0.989805 0.986719 0.984375 0.98933 0.987644 0.986445 0.986119 0.988334 0.980011 0.979315 0.976889 0.975388 0.977152 0.966555 0.962359 0.959521 0.957616 0.958077 0.945634 0.943531 0.944183 0.94587 0.946944 0.939741 0.940769 0.940897 0.93992 0.937644 0.934034 0.929116 0.931125 0.924197 0.916283 0.91079 0.884811 0.873517 0.861967
-9999 -9999 -9999 -9999 -9999 -9999 -9999 -9999 -9999 1.06736 1.0714 1.07521 1.08171 1.08736 1.09192 1.09604 1.09877 1.09931 1.09768 1.09402 1.08954 1.08347 1.07617 1.0671 1.05683 1.06042 1.04886 1.03604 1.02648 1.01866 1.00432 0.999408 0.991984 0.985904 0.982576 0.980219 0.980604 0.978183 0.97774 0.97775 0.976328 0.975083 0.974631 0.971615 0.970694 0.968113 0.962791 0.959405 0.956864 0.954057 0.954207 0.941131 0.938822 0.938853 0.939902 0.939955 0.940355 0.940528 0.940092 0.938822 0.936604 0.933351 0.929089 0.923837 0.917671 0.910713 0.903116 0.898136 0.873132 0.862827
-9999 -9999 -9999 -9999 -9999 -9999 -9999 -9999 -9999 1.05147 1.05564 1.05871 1.06244 1.06822 1.07164 1.07435 1.07677 1.07747 1.07637 1.07313 1.06985 1.06546 1.05971 1.0536 1.04493 1.03516 1.0388 1.02836 1.02019 1.01351 0.99784 0.991708 0.985474 0.980828 0.977486 0.975141 0.973489 0.971823 0.97093 0.969471 0.968908 0.969054 0.967831 0.965203 0.96547 0.963397 0.960825 0.9559 0.95238 0.949982 0.950429 0.934063 0.932793 0.932521 0.932433 0.932649 0.932827 0.932522 0.931849 0.930464 0.928294 0.925293 0.92144 0.916803 0.911406 0.905502 0.899112 0.893655 0.871382 0.862213
-9999 -9999 -9999 -9999 -9999 -9999 -9999 -9999 -9999 1.03499 1.0384 1.04089 1.04437 1.04894 1.05135 1.05277 1.05444 1.05521 1.054 1.05191 1.04936 1.0459 1.04177 1.03611 1.03132 1.02231 1.02897 1.02 1.01241 0.995898 0.990974 0.984933 0.979599 0.975604 0.971435 0.968896 0.967046 0.966678 0.96556 0.963318 0.961756 0.960431 0.959973 0.958108 0.9572 0.955848 0.954642 0.950302 0.94755 0.945774 0.942765 0.926915 0.926129 0.925774 0.925512 0.925544 0.925278 0.924606 0.923728 0.922299 0.920243 0.917505 0.914112 0.910123 0.905514 0.900682 0.895679 0.890884 0.870888 0.861587
-9999 -9999 -9999 -9999 -9999 -9999 -9999 -9999 -9999 1.01911 1.02144 1.02347 1.02686 1.03071 1.03107 1.03162 1.03288 1.03334 1.03269 1.03235 1.02907 1.02541 1.02236 1.01959 1.01675 1.01084 1.00328 1.01119 1.00458 0.989189 0.984985 0.98 0.974364 0.969426 0.964867 0.961916 0.960157 0.960705 0.961541 0.95841 0.955224 0.953432 0.952056 0.951704 0.950479 0.949316 0.948902 0.940188 0.943214 0.94104 0.922027 0.921071 0.919941 0.919064 0.919269 0.918934 0.917855 0.916818 0.915827 0.914405 0.912483 0.910061 0.907125 0.903812 0.90003 0.895932 0.892965 0.889008 0.867791 0.860903
-9999 -9999 -9999 -9999 -9999 -9999 -9999 -9999 -9999 1.0035 1.00586 1.00719 1.00985 1.0113 1.01118 1.01173 1.01215 1.01236 1.01193 1.01122 1.00939 1.00736 1.00554 1.00392 1.00226 0.99949 0.994063 1.00258 0.988851 0.981541 0.978119 0.972803 0.967304 0.961303 0.956876 0.954158 0.952068 0.950577 0.95072 0.951393 0.949706 0.946868 0.946328 0.946012 0.943927 0.942699 0.942447 0.942039 0.936907 0.933986 0.916626 0.915684 0.914202 0.912255 0.911665 0.91128 0.910042 0.909236 0.908181 0.906794 0.905071 0.902968 0.900486 0.897728 0.894767 0.892371 0.889527 0.886841 0.882688 0.859563
-9999 -9999 -9999 -9999 -9999 -9999 -9999 -9999 -9999 0.988594 0.98996 0.990776 0.991366 0.991623 0.991684 0.993055 0.992893 0.993182 0.992274 0.99148 0.990705 0.989459 0.988439 0.988589 0.987938 0.987292 0.982949 0.977296 0.97539 0.972497 0.970999 0.964691 0.958429 0.952756 0.948585 0.947207 0.94387 0.941981 0.940948 0.940769 0.941523 0.940088 0.940469 0.939309 0.937271 0.935878 0.934966 0.934512 0.925478 0.927676 0.910532 0.909753 0.908184 0.906379 0.90458 0.903728 0.902751 0.901857 0.900793 0.899502 0.897987 0.89624 0.894258 0.892078 0.890493 0.888847 0.886517 0.884266 0.880972 0.857343
