Test_Spring_2018b/03_18/Prec/20180327_000.txt
ncols	170
nrows	115
xllcorner	350000.000000
yllcorner	4445000.000000
cellsize	1000.000000
nodata_value	-9999.000000
[rows 31 to 61 of 115, columns 70 to 139 of 170]
0.678641 0.682211 0.683662 0.68147 0.681972 0.683519 0.685452 0.685228 0.6808 0.680154 0.677209 0.676 0.673442 0.669132 0.666949 0.659472 0.636702 0.642064 0.643519 0.636023 0.638307 0.642639 0.635914 0.619025 0.610421 0.597634 0.583466 0.5756 0.563344 -9999 -9999 -9999 -9999 -9999 -9999 -9999 -9999 -9999 -9999 -9999 -9999 -9999 -9999 -9999 -9999 -9999 -9999 -9999 -9999 -9999 -9999 -9999 -9999 -9999 -9999 -9999 -9999 -9999 -9999 -9999 -9999 -9999 -9999 -9999 -9999 -9999 -9999 -9999 -9999 -9999
0.679832 0.68157 0.681657 0.679634 0.683593 0.687294 0.681563 0.679615 0.681913 0.681976 0.680089 0.675591 0.673749 0.671734 0.670246 0.664053 0.647618 0.632602 0.639209 0.638247 0.63168 0.63959 0.632905 0.618004 0.597546 0.605157 0.600032 0.56752 0.554207 -9999 -9999 -9999 -9999 -9999 -9999 -9999 -9999 -9999 -9999 -9999 -9999 -9999 -9999 -9999 -9999 -9999 -9999 -9999 -9999 -9999 -9999 -9999 -9999 -9999 -9999 -9999 -9999 -9999 -9999 -9999 -9999 -9999 -9999 -9999 -9999 -9999 -9999 -9999 -9999 -9999
0.675787 0.67999 0.679103 0.678523 0.684363 0.684788 0.68008 0.682396 0.682932 0.683862 0.683305 0.681463 0.679757 0.677815 0.673034 0.666144 0.652049 0.63511 0.630467 0.637191 0.636203 0.635903 0.629594 0.621922 0.610841 0.615786 0.616118 0.589102 0.566616 0.554091 -9999 -9999 -9999 -9999 -9999 -9999 -9999 -9999 -9999 -9999 -9999 -9999 -9999 -9999 -9999 -9999 -9999 -9999 -9999 -9999 -9999 -9999 -9999 -9999 -9999 -9999 -9999 -9999 -9999 -9999 -9999 -9999 -9999 -9999 -9999 -9999 -9999 -9999 -9999 -9999
0.670031 0.677192 0.675807 0.671182 0.675061 0.678204 0.677858 0.67729 0.678506 0.685375 0.685438 0.685437 0.682875 0.680707 0.676936 0.670421 0.66109 0.649755 0.63036 0.640507 0.647963 0.646078 0.643718 0.637655 0.626843 0.631596 0.629406 0.593452 0.574948 0.563854 0.557128 -9999 -9999 -9999 -9999 -9999 -9999 -9999 -9999 -9999 -9999 -9999 -9999 -9999 -9999 -9999 -9999 -9999 -9999 -9999 -9999 -9999 -9999 -9999 -9999 -9999 -9999 -9999 -9999 -9999 -9999 -9999 -9999 -9999 -9999 -9999 -9999 -9999 -9999 -9999
-9999 0.672996 0.671836 0.66624 0.670337 0.675609 0.681663 0.678138 0.682268 0.684933 0.687557 0.687893 0.685526 0.677534 0.676401 0.675858 0.669675 0.656914 0.643893 0.639519 0.651558 0.653662 0.650861 0.651674 0.642036 0.642941 0.638924 0.624239 0.593383 0.577582 0.569444 0.557054 -9999 -9999 -9999 -9999 -9999 -9999 -9999 -9999 -9999 -9999 -9999 -9999 -9999 -9999 -9999 -9999 -9999 -9999 -9999 -9999 -9999 -9999 -9999 -9999 -9999 -9999 -9999 -9999 -9999 -9999 -9999 -9999 -9999 -9999 -9999 -9999 -9999 -9999
-9999 -9999 -9999 -9999 0.663616 0.669717 0.673065 0.675599 0.68288 0.686536 0.690044 0.690724 0.685871 0.683665 0.683705 0.679938 0.672993 0.668187 0.659622 0.650404 0.651782 0.661414 0.654077 0.659862 0.656592 0.655402 0.647164 0.625659 0.593368 0.580527 0.572912 0.562314 -9999 -9999 -9999 -9999 -9999 -9999 -9999 -9999 -9999 -9999 -9999 -9999 -9999 -9999 -9999 -9999 -9999 -9999 -9999 -9999 -9999 -9999 -9999 -9999 -9999 -9999 -9999 -9999 -9999 -9999 -9999 -9999 -9999 -9999 -9999 -9999 -9999 -9999
-9999 -9999 -9999 -9999 -9999 0.66926 0.671937 0.681634 0.683649 0.686759 0.692172 0.693425 0.692381 0.69162 0.689851 0.687034 0.681877 0.675798 0.667673 0.665609 0.671222 0.669183 0.665216 0.663775 0.664751 0.660818 0.641225 0.623436 0.612317 0.577378 0.567091 0.564495 0.556687 -9999 -9999 -9999 -9999 -9999 -9999 -9999 -9999 -9999 -9999 -9999 -9999 0.522768 -9999 -9999 -9999 -9999 -9999 -9999 -9999 -9999 -9999 -9999 -9999 -9999 -9999 -9999 -9999 -9999 -9999 -9999 -9999 -9999 0.317406 -9999 -9999 -9999
-9999 -9999 -9999 -9999 0.668305 0.671561 0.677414 0.684483 0.682294 0.688345 0.694779 0.696498 0.696455 0.695948 0.692986 0.692481 0.689623 0.683139 0.6809 0.681811 0.680961 0.679857 0.677935 0.674347 0.669675 0.664457 0.648016 0.637473 0.629328 0.597266 0.585735 0.575603 0.562233 0.551417 -9999 -9999 -9999 -9999 -9999 -9999 -9999 0.54557 0.540035 0.534495 0.530545 0.530205 0.519413 -9999 -9999 -9999 -9999 -9999 -9999 -9999 -9999 -9999 -9999 -9999 -9999 -9999 -9999 -9999 -9999 -9999 -9999 -9999 0.328599 0.311317 -9999 -9999
-9999 -9999 -9999 -9999 0.666364 0.673781 0.678736 0.686053 0.691358 0.692228 0.69608 0.699725 0.701348 0.701046 0.699368 0.700077 0.696291 0.693726 0.691163 0.6928 0.691271 0.687313 0.682639 0.677872 0.670256 0.666196 0.653675 0.645298 0.634384 0.623548 0.595415 0.578057 0.5614 0.547795 -9999 -9999 -9999 -9999 -9999 -9999 0.556874 0.557589 0.555474 0.542776 0.541957 0.540131 0.531819 0.500287 -9999 -9999 -9999 -9999 -9999 -9999 -9999 -9999 -9999 -9999 -9999 -9999 -9999 -9999 0.405481 0.390139 0.365295 0.348018 0.333563 0.316291 -9999 -9999
-9999 -9999 -9999 -9999 0.665441 0.674168 0.681098 0.687706 0.691273 0.699746 0.699348 0.702767 0.705012 0.706627 0.707623 0.705153 0.70399 0.698425 0.702287 0.700316 0.696646 0.688721 0.683175 0.670935 0.663273 0.651671 0.654218 0.644485 0.629279 0.611676 0.591777 0.574388 0.566438 0.554337 -9999 -9999 -9999 -9999 -9999 -9999 0.56421 0.565269 0.564557 0.559014 0.545373 0.547182 0.521847 0.507338 0.496966 0.492383 0.486194 0.467358 0.452302 0.448553 0.441842 0.440657 -9999 -9999 -9999 -9999 0.42489 0.420193 0.414438 0.403851 0.377039 0.355204 0.333832 0.314438 -9999 -9999
-9999 -9999 -9999 -9999 0.669696 0.676424 0.681507 0.685156 0.691946 0.70044 0.701282 0.712468 0.714467 0.716272 0.717609 0.717359 0.714943 0.715082 0.713836 0.710565 0.698822 0.684965 0.686513 0.669393 0.652437 0.651421 0.6526 0.641758 0.623876 0.604308 0.595856 0.580938 0.571059 0.567752 -9999 -9999 -9999 0.569654 0.575712 0.57384 0.572965 0.576456 0.577298 0.566536 0.562128 0.551547 0.526171 0.511056 0.495622 0.48811 0.489224 0.483563 0.457505 0.453959 0.447734 0.450956 0.450678 0.449393 0.446988 0.443345 0.43957 0.435303 0.429476 0.419552 0.38795 0.368751 0.352007 0.309032 -9999 -9999
-9999 -9999 -9999 -9999 0.666378 0.672836 0.678953 0.696269 0.700402 0.70676 0.713571 0.714783 0.717721 0.717047 0.721182 0.72199 0.721972 0.720712 0.718254 0.708482 0.695014 0.680926 0.672283 0.672215 0.659488 0.651726 0.652891 0.636946 0.632714 0.614648 0.608882 0.602652 0.576507 0.562128 -9999 -9999 0.558859 0.573087 0.582344 0.585715 0.584421 0.580651 0.582982 0.577682 0.578675 0.567679 0.535867 0.526945 0.499551 0.491964 0.490936 0.483578 0.474132 0.462919 0.459793 0.456656 0.455874 0.454101 0.452074 0.449555 0.445224 0.44159 0.436317 0.427598 0.40746 0.392253 0.370261 0.324368 -9999 -9999
-9999 -9999 -9999 -9999 0.675195 0.682742 0.690762 0.695429 0.702429 0.707656 0.712224 0.719605 0.720417 0.72088 0.721354 0.725374 0.725725 0.725097 0.723411 0.714022 0.702714 0.686297 0.674318 0.666673 0.65854 0.64839 0.6467 0.640729 0.634487 0.631276 0.615729 0.604915 0.594199 0.569321 0.560372 -9999 0.562426 0.568501 0.580196 0.589307 0.593537 0.587227 0.590585 0.586151 0.582922 0.571862 0.544102 0.533391 0.52278 0.511669 0.507234 0.489638 0.477682 0.47353 0.462577 0.4603 0.458829 0.457484 0.456078 0.454298 0.451589 0.447755 0.442365 0.434951 0.421187 0.401858 0.377461 0.329843 -9999 -9999
-9999 -9999 -9999 0.660624 0.674447 0.684908 0.691677 0.697818 0.70372 0.709084 0.715881 0.72209 0.725758 0.725255 0.721943 0.723811 0.725414 0.728271 0.726938 0.724295 0.716795 0.697358 0.68921 0.681608 0.66721 0.651491 0.648435 0.651715 0.646087 0.635312 0.624137 0.611427 0.595878 0.584523 0.559973 0.560748 0.567705 0.572672 0.58055 0.592448 0.599407 0.600039 0.596856 0.593699 0.58801 0.576847 0.552579 0.540256 0.526418 0.515064 0.504444 0.497711 0.485309 0.473737 0.470936 0.462215 0.461051 0.460222 0.459426 0.458252 0.456137 0.452638 0.447756 0.441149 0.42988 0.411455 0.376528 0.337683 -9999 -9999
-9999 -9999 -9999 -9999 0.672254 0.679589 0.685016 0.69101 0.698264 0.705772 0.715803 0.720112 0.725708 0.729388 0.724939 0.721022 0.726421 0.728083 0.728905 0.726956 0.723517 0.71039 0.700264 0.691153 0.677108 0.669462 0.667427 0.662127 0.654507 0.63691 0.619597 0.601288 0.583684 0.579153 0.565588 0.564199 0.568854 0.581218 0.589481 0.591784 0.592141 0.602507 0.601245 0.596761 0.593086 0.57993 0.558165 0.543269 0.532778 0.52091 0.509668 0.488986 0.483786 0.476425 0.476352 0.468218 0.462804 0.462334 0.462035 0.461219 0.459555 0.456538 0.452001 0.443915 0.432335 0.416091 0.378372 0.341505 -9999 -9999
-9999 -9999 -9999 -9999 -9999 -9999 0.682849 0.689933 0.696192 0.703263 0.716327 0.722124 0.726762 0.729636 0.729629 0.725255 0.724531 0.72531 0.718956 0.722307 0.726814 0.724164 0.720411 0.705068 0.689237 0.689712 0.682319 0.667688 0.654916 0.642315 0.622625 0.607565 0.587734 0.572311 0.56848 0.578298 0.584079 0.596785 0.602021 0.597745 0.599254 0.602952 0.606263 0.604199 0.596149 0.582659 0.56151 0.544308 0.537788 0.526224 0.511903 0.498476 0.483898 0.47875 0.473048 0.472742 0.470061 0.463857 0.463762 0.463329 0.462001 0.459345 0.452757 0.445481 0.436072 0.424515 0.385759 0.341256 -9999 -9999
-9999 -9999 -9999 -9999 -9999 -9999 0.678343 0.684764 0.693151 0.706584 0.717084 0.722802 0.7261 0.729678 0.730252 0.72684 0.722474 0.717697 0.711123 0.713185 0.720275 0.723178 0.720896 0.707143 0.70295 0.69557 0.685943 0.668487 0.653997 0.643556 0.624188 0.607573 0.592458 0.574249 0.576488 0.580215 0.586665 0.598971 0.608125 0.611137 0.606124 0.607587 0.612288 0.606713 0.594799 0.58674 0.563459 0.544049 0.539734 0.52962 0.515682 0.504514 0.488166 0.480616 0.475547 0.471984 0.469319 0.466912 0.464575 0.464316 0.463281 0.459988 0.454984 0.447911 0.438561 0.427068 0.397269 0.343045 -9999 -9999
-9999 -9999 -9999 -9999 -9999 -9999 -9999 0.679497 0.692176 0.708396 0.717184 0.720747 0.72636 0.729199 0.728888 0.728157 0.72277 0.714507 0.698328 0.701064 0.707606 0.717291 0.72085 0.716822 0.703957 0.692708 0.67258 0.654018 0.646498 0.638407 0.622562 0.608445 0.591973 0.593672 0.596821 0.601563 0.603597 0.60139 0.608952 0.614763 0.610363 0.613024 0.615289 0.607077 0.598596 0.589004 0.5654 0.55342 0.541522 0.533572 0.51815 0.508199 0.492381 0.483229 0.476746 0.472056 0.469082 0.466569 0.465119 0.464543 0.463251 0.460549 0.455748 0.448775 0.439595 0.428249 0.41359 0.373063 0.346446 -9999
-9999 -9999 -9999 -9999 -9999 -9999 -9999 0.672894 0.681642 0.699828 0.709835 0.719444 0.725693 0.728307 0.726291 0.725825 0.717349 0.714206 0.699338 0.69161 0.695621 0.691597 0.705506 0.717022 0.70461 0.670481 0.654547 0.641332 0.637364 0.631384 0.62266 0.602166 0.592375 0.601154 0.605686 0.609213 0.612093 0.611851 0.611076 0.621203 0.619914 0.620742 0.616269 0.611485 0.599777 0.588672 0.571448 0.556674 0.544045 0.536358 0.519516 0.511759 0.495283 0.484812 0.476971 0.473526 0.469563 0.4669 0.464936 0.464252 0.463579 0.459544 0.455035 0.448296 0.439286 0.428343 0.415323 0.389002 0.363913 0.343573
-9999 -9999 -9999 -9999 -9999 -9999 -9999 -9999 0.669272 0.692489 0.706722 0.714629 0.723816 0.726833 0.728506 0.725164 0.716225 0.708088 0.694808 0.679504 0.669966 0.691435 0.709461 0.717364 0.706776 0.67785 0.66318 0.657281 0.657194 0.646556 0.637046 0.620292 0.61116 0.601276 0.599979 0.605987 0.611138 0.616967 0.621522 0.621629 0.624856 0.620741 0.617376 0.613201 0.606449 0.598463 0.57349 0.565862 0.55122 0.540775 0.527742 0.515109 0.498304 0.486134 0.480239 0.475647 0.471317 0.46685 0.465238 0.46433 0.463474 0.462073 0.453075 0.446571 0.438013 0.427378 0.414974 0.390711 0.373488 0.35158
-9999 -9999 -9999 -9999 -9999 -9999 -9999 -9999 0.660084 0.682919 0.697376 0.712073 0.721999 0.728716 0.72908 0.726379 0.719575 0.709114 0.700183 0.683314 0.665634 0.690274 0.707362 0.716753 0.714557 0.683467 0.684367 0.674658 0.671043 0.657014 0.647794 0.640125 0.628474 0.616795 0.605403 0.597876 0.612319 0.619329 0.625353 0.628118 0.629571 0.629834 0.624082 0.61304 0.599693 0.598438 0.578214 0.567097 0.555274 0.543428 0.531222 0.519133 0.502747 0.493364 0.483465 0.478067 0.471123 0.468167 0.466214 0.464825 0.463536 0.46189 0.45934 0.449086 0.435967 0.425842 0.41399 0.390091 0.374503 0.358047
-9999 -9999 -9999 -9999 -9999 -9999 -9999 -9999 0.634101 0.665103 0.694127 0.708165 0.723327 0.726936 0.7285 0.724749 0.721749 0.71424 0.706983 0.695837 0.67921 0.668529 0.687509 0.712573 0.715508 0.703989 0.699016 0.688956 0.679072 0.673093 0.667945 0.65782 0.64487 0.62901 0.620801 0.613407 0.623279 0.622975 0.620711 0.633831 0.633156 0.63146 0.624652 0.61072 0.607644 0.588986 0.571859 0.557536 0.551069 0.543657 0.533909 0.52289 0.506599 0.496271 0.488118 0.478495 0.473843 0.470331 0.467792 0.465887 0.464137 0.461983 0.459136 0.455254 0.440215 0.431624 0.412811 0.389235 0.374601 0.359149
-9999 -9999 -9999 -9999 -9999 -9999 -9999 -9999 0.637613 0.666211 0.688504 0.707502 0.720152 0.723734 0.728085 0.727539 0.724439 0.717963 0.709794 0.700675 0.686485 0.675637 0.686894 0.70558 0.716455 0.709933 0.701011 0.696317 0.690367 0.686447 0.679572 0.674242 0.662807 0.646963 0.63686 0.624835 0.635981 0.635281 0.631409 0.637273 0.635875 0.623982 0.614084 0.610601 0.604999 0.594969 0.573814 0.552113 0.545616 0.544353 0.531118 0.520943 0.50895 0.500675 0.488226 0.482199 0.477186 0.473248 0.470132 0.467667 0.465398 0.462733 0.459506 0.455287 0.449605 0.430172 0.420316 0.396627 0.374637 0.360299
-9999 -9999 -9999 -9999 -9999 -9999 -9999 -9999 0.640974 0.659739 0.679857 0.704878 0.718224 0.724004 0.728103 0.728378 0.72484 0.72166 0.71657 0.708637 0.703027 0.693336 0.679959 0.700133 0.708004 0.702503 0.704184 0.706095 0.701248 0.693323 0.681659 0.679097 0.671653 0.658902 0.651905 0.643705 0.648418 0.64591 0.643727 0.641736 0.63129 0.6172 0.605224 0.609835 0.604787 0.595083 0.564055 0.565716 0.562945 0.554901 0.530126 0.516605 0.511422 0.497905 0.491689 0.48608 0.481238 0.476779 0.473299 0.470163 0.467251 0.464165 0.460482 0.455956 0.450232 0.443143 0.419778 0.396159 0.38343 0.372493
-9999 -9999 -9999 -9999 -9999 -9999 -9999 -9999 -9999 0.654194 0.685606 0.707163 0.719473 0.727274 0.731195 0.73145 0.729754 0.727703 0.724676 0.71912 0.712065 0.7008 0.692164 0.696664 0.705447 0.693982 0.695023 0.703569 0.703502 0.692847 0.675538 0.676591 0.680998 0.675795 0.670327 0.665292 0.657641 0.653851 0.649267 0.6411 0.62016 0.617424 0.607799 0.605939 0.598522 0.592948 0.567625 0.568134 0.56294 0.554801 0.536866 0.522103 0.513036 0.50815 0.499685 0.495 0.485728 0.48106 0.477037 0.473341 0.469923 0.466344 0.462263 0.462344 0.456629 0.44969 0.424356 0.39981 0.386958 0.373564
-9999 -9999 -9999 -9999 -9999 -9999 -9999 -9999 -9999 0.65877 0.683188 0.708298 0.717176 0.725642 0.732769 0.733361 0.730824 0.728339 0.72572 0.722665 0.714196 0.705848 0.697661 0.694412 0.695014 0.686373 0.690338 0.702972 0.702219 0.69665 0.676771 0.666622 0.674671 0.680829 0.677266 0.672275 0.655944 0.655652 0.646165 0.634541 0.629863 0.623595 0.612457 0.613634 0.603559 0.601678 0.567961 0.565188 0.559197 0.556115 0.539876 0.524114 0.514167 0.510547 0.50301 0.500966 0.496543 0.491575 0.486909 0.482683 0.478635 0.474607 0.470129 0.465011 0.459009 0.451817 0.443132 0.413276 0.37754 0.365536
-9999 -9999 -9999 -9999 -9999 -9999 -9999 -9999 -9999 0.663806 0.681538 0.70414 0.720976 0.723128 0.731436 0.735916 0.733294 0.730169 0.726883 0.725534 0.71638 0.706169 0.697712 0.687472 0.688239 0.694001 0.695667 0.702957 0.701344 0.695396 0.68297 0.682354 0.686682 0.686986 0.684206 0.679264 0.672984 0.668256 0.660381 0.655623 0.646091 0.632487 0.625303 0.624763 0.609104 0.605251 0.604099 0.563308 0.562981 0.558228 0.540541 0.520927 0.520737 0.516944 0.513134 0.50799 0.502427 0.497827 0.492713 0.48803 0.483487 0.478832 0.473902 0.468278 0.461955 0.453903 0.4444 0.426696 0.376392 0.365863
-9999 -9999 -9999 -9999 -9999 -9999 -9999 -9999 -9999 0.669359 0.685705 0.705744 0.718403 0.721764 0.731101 0.739277 0.739121 0.736002 0.735293 0.731814 0.724117 0.715444 0.705767 0.700723 0.689395 0.69879 0.697549 0.703551 0.704553 0.694456 0.687062 0.689001 0.690893 0.689261 0.691436 0.687716 0.682331 0.670669 0.663576 0.662515 0.65794 0.651904 0.641103 0.637149 0.6281 0.621277 0.613882 0.57048 0.566862 0.559296 0.53956 0.5334 0.529633 0.524759 0.52005 0.513928 0.508743 0.504359 0.499051 0.493942 0.488892 0.483804 0.478316 0.472065 0.465253 0.456058 0.444513 0.429092 0.37038 0.36724
-9999 -9999 -9999 -9999 -9999 -9999 -9999 -9999 -9999 0.6704 0.687825 0.705514 0.713939 0.716705 0.732968 0.743178 0.74405 0.74299 0.741477 0.732518 0.733258 0.73142 0.722688 0.709825 0.695491 0.695873 0.690222 0.703946 0.705016 0.69068 0.68313 0.682377 0.687751 0.692214 0.697122 0.695838 0.690062 0.67367 0.656545 0.660034 0.663908 0.660602 0.655001 0.643992 0.637311 0.630296 0.61959 0.584801 0.566729 0.561495 0.543389 0.538534 0.535553 0.532052 0.523462 0.517629 0.515103 0.511327 0.505751 0.500317 0.494966 0.48939 0.48347 0.476443 0.468818 0.459957 0.442711 0.428219 0.392752 0.369988
-9999 -9999 -9999 -9999 -9999 -9999 -9999 -9999 -9999 0.669675 0.683391 0.70073 0.708982 0.72037 0.736107 0.744372 0.748751 0.749487 0.748733 0.74495 0.742636 0.7377 0.728602 0.716034 0.701905 0.692296 0.695779 0.701345 0.697739 0.68923 0.680772 0.68407 0.690464 0.701512 0.706468 0.704404 0.700538 0.694698 0.681298 0.665679 0.662352 0.664968 0.655837 0.645468 0.644027 0.638164 0.627356 0.617489 0.575378 0.554742 0.546477 0.541021 0.538979 0.539834 0.534055 0.52722 0.524355 0.518517 0.512788 0.507208 0.501477 0.49557 0.48931 0.482082 0.473519 0.459789 0.446227 0.429991 0.419682 0.377187
-9999 -9999 -9999 -9999 -9999 -9999 -9999 -9999 -9999 0.666064 0.682054 0.698875 0.714445 0.728934 0.741347 0.743766 0.750532 0.75147 0.755006 0.754571 0.75086 0.74664 0.738709 0.722632 0.708886 0.693809 0.69674 0.6977 0.702924 0.693193 0.677581 0.687964 0.69971 0.710093 0.714413 0.705955 0.70878 0.705294 0.698286 0.68754 0.672436 0.668712 0.655796 0.650699 0.649962 0.645808 0.639078 0.629957 0.597378 0.563109 0.55311 0.546304 0.543945 0.543127 0.542487 0.537033 0.531989 0.526028 0.520158 0.514387 0.50844 0.502146 0.495346 0.487745 0.475246 0.461238 0.449002 0.434832 0.424719 0.405993
