Test_Spring_2018b/03_18/Prec/20180316_005.txt
ncols	170
nrows	115
xllcorner	350000.000000
yllcorner	4445000.000000
cellsize	1000.000000
nodata_value	-9999.000000
[rows 31 to 61 of 115, columns 70 to 139 of 170]
0.868106 0.879024 0.884774 0.881682 0.885698 0.905523 0.923825 0.927787 0.935144 0.937504 0.934289 0.935473 0.933208 0.926352 0.92447 0.908887 0.854524 0.869926 0.87501 0.85725 0.863614 0.874935 0.858633 0.817118 0.796677 0.766261 0.75806 0.753129 0.726891 -9999 -9999 -9999 -9999 -9999 -9999 -9999 -9999 -9999 -9999 -9999 -9999 -9999 -9999 -9999 -9999 -9999 -9999 -9999 -9999 -9999 -9999 -9999 -9999 -9999 -9999 -9999 -9999 -9999 -9999 -9999 -9999 -9999 -9999 -9999 -9999 -9999 -9999 -9999 -9999 -9999
0.862163 0.868513 0.870787 0.867929 0.880247 0.892195 0.903857 0.901056 0.925814 0.928953 0.92733 0.919224 0.917726 0.915678 0.914753 0.901805 0.862946 0.827316 0.845464 0.844453 0.829288 0.850294 0.834899 0.799169 0.74985 0.771086 0.760892 0.72039 0.700216 -9999 -9999 -9999 -9999 -9999 -9999 -9999 -9999 -9999 -9999 -9999 -9999 -9999 -9999 -9999 -9999 -9999 -9999 -9999 -9999 -9999 -9999 -9999 -9999 -9999 -9999 -9999 -9999 -9999 -9999 -9999 -9999 -9999 -9999 -9999 -9999 -9999 -9999 -9999 -9999 -9999
0.84329 0.855731 0.855427 0.855928 0.872572 0.875792 0.880727 0.897129 0.915826 0.920161 0.920829 0.918309 0.91613 0.913332 0.903386 0.888101 0.854734 0.814192 0.804358 0.822949 0.822315 0.823515 0.809866 0.79303 0.767935 0.783193 0.787194 0.750928 0.71922 0.696181 -9999 -9999 -9999 -9999 -9999 -9999 -9999 -9999 -9999 -9999 -9999 -9999 -9999 -9999 -9999 -9999 -9999 -9999 -9999 -9999 -9999 -9999 -9999 -9999 -9999 -9999 -9999 -9999 -9999 -9999 -9999 -9999 -9999 -9999 -9999 -9999 -9999 -9999 -9999 -9999
0.820455 0.840149 0.838391 0.828485 0.839809 0.849275 0.864892 0.887845 0.891956 0.910174 0.91136 0.912383 0.907029 0.902718 0.89449 0.879526 0.857685 0.831025 0.784436 0.811955 0.833008 0.830969 0.828011 0.816049 0.792446 0.807962 0.806273 0.758735 0.729843 0.707532 0.696 -9999 -9999 -9999 -9999 -9999 -9999 -9999 -9999 -9999 -9999 -9999 -9999 -9999 -9999 -9999 -9999 -9999 -9999 -9999 -9999 -9999 -9999 -9999 -9999 -9999 -9999 -9999 -9999 -9999 -9999 -9999 -9999 -9999 -9999 -9999 -9999 -9999 -9999 -9999
-9999 0.821471 0.820025 0.807352 0.818779 0.832995 0.850563 0.869643 0.888461 0.89519 0.901724 0.902507 0.896579 0.876723 0.874246 0.873565 0.859181 0.828804 0.79827 0.78985 0.822944 0.831631 0.828424 0.834552 0.814768 0.821473 0.815913 0.796957 0.75283 0.728519 0.713559 0.687643 -9999 -9999 -9999 -9999 -9999 -9999 -9999 -9999 -9999 -9999 -9999 -9999 -9999 -9999 -9999 -9999 -9999 -9999 -9999 -9999 -9999 -9999 -9999 -9999 -9999 -9999 -9999 -9999 -9999 -9999 -9999 -9999 -9999 -9999 -9999 -9999 -9999 -9999
-9999 -9999 -9999 -9999 0.793212 0.810921 0.831439 0.851963 0.877164 0.885363 0.893016 0.893529 0.880275 0.873854 0.873419 0.863987 0.847251 0.836593 0.817312 0.797161 0.804211 0.832514 0.81888 0.838411 0.835507 0.837873 0.82255 0.786735 0.739763 0.722511 0.708986 0.687489 -9999 -9999 -9999 -9999 -9999 -9999 -9999 -9999 -9999 -9999 -9999 -9999 -9999 -9999 -9999 -9999 -9999 -9999 -9999 -9999 -9999 -9999 -9999 -9999 -9999 -9999 -9999 -9999 -9999 -9999 -9999 -9999 -9999 -9999 -9999 -9999 -9999 -9999
-9999 -9999 -9999 -9999 -9999 0.80146 0.818562 0.84144 0.866503 0.872286 0.883559 0.884318 0.87941 0.875508 0.869601 0.861802 0.849053 0.835025 0.816955 0.815095 0.833388 0.833365 0.829146 0.831665 0.840436 0.836945 0.808357 0.76847 0.747017 0.701492 0.68143 0.679865 0.66464 -9999 -9999 -9999 -9999 -9999 -9999 -9999 -9999 -9999 -9999 -9999 -9999 0.664877 -9999 -9999 -9999 -9999 -9999 -9999 -9999 -9999 -9999 -9999 -9999 -9999 -9999 -9999 -9999 -9999 -9999 -9999 -9999 -9999 0.43214 -9999 -9999 -9999
-9999 -9999 -9999 -9999 0.789341 0.809771 0.822855 0.83838 0.845139 0.862972 0.875591 0.876258 0.872608 0.868172 0.858268 0.855454 0.847937 0.832689 0.829455 0.835462 0.8383 0.841537 0.843506 0.841809 0.837623 0.832033 0.81004 0.791474 0.778193 0.731413 0.715538 0.69504 0.665595 0.641896 -9999 -9999 -9999 -9999 -9999 -9999 -9999 0.665527 0.661104 0.657808 0.659458 0.670898 0.656722 -9999 -9999 -9999 -9999 -9999 -9999 -9999 -9999 -9999 -9999 -9999 -9999 -9999 -9999 -9999 -9999 -9999 -9999 -9999 0.448889 0.41916 -9999 -9999
-9999 -9999 -9999 -9999 0.790263 0.807339 0.817518 0.832856 0.84246 0.859909 0.8648 0.868956 0.868155 0.862998 0.855228 0.854605 0.844216 0.838544 0.834624 0.842903 0.844798 0.841888 0.838134 0.834736 0.824459 0.822986 0.811848 0.79972 0.780335 0.760101 0.727962 0.689284 0.651256 0.620023 -9999 -9999 -9999 -9999 -9999 -9999 0.669475 0.679774 0.684489 0.66409 0.674528 0.683322 0.676473 0.632985 -9999 -9999 -9999 -9999 -9999 -9999 -9999 -9999 -9999 -9999 -9999 -9999 -9999 -9999 0.581013 0.553139 0.502799 0.472552 0.450343 0.421833 -9999 -9999
-9999 -9999 -9999 -9999 0.781356 0.801178 0.815614 0.82835 0.83264 0.851858 0.859528 0.861736 0.861118 0.859468 0.857264 0.84781 0.843401 0.829995 0.84227 0.842004 0.839336 0.82755 0.822835 0.802082 0.793045 0.784496 0.801677 0.787268 0.758048 0.721551 0.682579 0.669142 0.652476 0.624365 -9999 -9999 -9999 -9999 -9999 -9999 0.671757 0.683225 0.692038 0.690373 0.669803 0.68888 0.659653 0.640633 0.631626 0.636343 0.635945 0.623591 0.620828 0.620102 0.610344 0.613097 -9999 -9999 -9999 -9999 0.599013 0.594902 0.589717 0.574091 0.519488 0.478765 0.440401 0.416744 -9999 -9999
-9999 -9999 -9999 -9999 0.786308 0.800582 0.809705 0.814195 0.825565 0.843137 0.851692 0.852199 0.85107 0.850018 0.848753 0.844869 0.837252 0.83794 0.837183 0.833335 0.8101 0.783094 0.795771 0.783692 0.747444 0.771925 0.78703 0.771026 0.736073 0.695376 0.684912 0.675654 0.653722 0.623479 -9999 -9999 -9999 0.635848 0.654077 0.653755 0.657472 0.673809 0.685269 0.695198 0.698813 0.684393 0.659607 0.640612 0.620424 0.619166 0.638181 0.638641 0.626607 0.626263 0.617269 0.612467 0.616654 0.617657 0.615695 0.610983 0.606767 0.602543 0.595923 0.58073 0.534462 0.501259 0.475658 0.411303 -9999 -9999
-9999 -9999 -9999 -9999 0.775976 0.789202 0.800376 0.812361 0.816663 0.826105 0.837361 0.846163 0.846392 0.838214 0.843133 0.841241 0.839172 0.836149 0.8324 0.812587 0.785561 0.758696 0.746771 0.751117 0.73058 0.738035 0.753407 0.750642 0.725012 0.688699 0.681878 0.674959 0.63467 0.601357 -9999 -9999 0.596931 0.63398 0.659561 0.671817 0.674137 0.672191 0.68749 0.68564 0.701303 0.683773 0.641949 0.638514 0.623281 0.623295 0.619491 0.616618 0.622551 0.623774 0.623365 0.621175 0.623527 0.622561 0.6207 0.617943 0.611561 0.608304 0.602687 0.590404 0.55159 0.527073 0.492098 0.412926 -9999 -9999
-9999 -9999 -9999 -9999 0.774061 0.788328 0.80301 0.808576 0.819321 0.820914 0.825518 0.83633 0.841718 0.835582 0.830644 0.836217 0.834672 0.833029 0.831224 0.812595 0.791398 0.759319 0.739809 0.726485 0.718272 0.700445 0.707979 0.704597 0.700095 0.702532 0.694383 0.676279 0.654831 0.612763 0.591678 -9999 0.597758 0.613725 0.644716 0.670722 0.686397 0.677847 0.695697 0.696254 0.697063 0.685131 0.653658 0.633391 0.626062 0.617621 0.625572 0.629811 0.629343 0.630053 0.626544 0.62624 0.626348 0.625725 0.624559 0.622749 0.619562 0.615082 0.608659 0.599392 0.576582 0.545347 0.50111 0.418121 -9999 -9999
-9999 -9999 -9999 0.736356 0.769286 0.790184 0.801063 0.80963 0.816946 0.822411 0.831592 0.834806 0.836395 0.836158 0.821217 0.820974 0.822242 0.829138 0.828191 0.826565 0.815182 0.775987 0.761654 0.739916 0.714044 0.700284 0.705166 0.725765 0.723725 0.708227 0.690929 0.669972 0.656215 0.632127 0.585329 0.587434 0.60467 0.617233 0.638009 0.670344 0.6923 0.700725 0.702046 0.701548 0.701215 0.679789 0.655054 0.643918 0.629762 0.622109 0.616097 0.619116 0.61901 0.63006 0.632367 0.628344 0.6288 0.628833 0.628387 0.627201 0.624614 0.620171 0.614394 0.606766 0.592046 0.560729 0.493111 0.431321 -9999 -9999
-9999 -9999 -9999 -9999 0.761379 0.773846 0.780766 0.788382 0.798527 0.808839 0.825449 0.827317 0.832894 0.83218 0.820178 0.80521 0.815766 0.819533 0.82391 0.82404 0.822921 0.78764 0.770339 0.7568 0.731942 0.738309 0.746318 0.746167 0.739967 0.708329 0.676667 0.642572 0.607984 0.604535 0.586425 0.591998 0.603104 0.633655 0.654797 0.662517 0.667374 0.699639 0.702093 0.696254 0.699191 0.680856 0.662186 0.645467 0.640745 0.63306 0.626896 0.596529 0.615141 0.613417 0.627488 0.633316 0.631357 0.631799 0.631927 0.63084 0.628536 0.624487 0.618881 0.608083 0.593306 0.567643 0.490944 0.43435 -9999 -9999
-9999 -9999 -9999 -9999 -9999 -9999 0.772195 0.782091 0.789365 0.798271 0.822088 0.827537 0.830644 0.83028 0.82404 0.80981 0.804989 0.806459 0.792785 0.803156 0.817463 0.817065 0.815361 0.785983 0.768827 0.783 0.777937 0.754943 0.736508 0.718155 0.681453 0.656338 0.617162 0.58737 0.584743 0.614349 0.638465 0.669559 0.682683 0.6734 0.680541 0.691066 0.705809 0.7097 0.701327 0.682026 0.664602 0.642672 0.64867 0.642752 0.630073 0.619163 0.615079 0.620132 0.621229 0.632885 0.635474 0.634469 0.634645 0.6339 0.631716 0.627821 0.61823 0.60868 0.596929 0.582915 0.503818 0.428216 -9999 -9999
-9999 -9999 -9999 -9999 -9999 -9999 0.75815 0.766108 0.778519 0.803244 0.820563 0.825932 0.825867 0.827471 0.822886 0.809973 0.796789 0.784332 0.76867 0.776469 0.798369 0.811307 0.812722 0.78681 0.79818 0.792573 0.781957 0.752123 0.729809 0.717452 0.682305 0.65407 0.627611 0.591748 0.605082 0.620053 0.63977 0.67369 0.696356 0.704471 0.69319 0.700289 0.717777 0.712203 0.693605 0.687507 0.664379 0.63713 0.649073 0.647436 0.636571 0.63233 0.624521 0.624664 0.62837 0.63275 0.636007 0.636522 0.636147 0.635471 0.633506 0.628206 0.620805 0.611216 0.599171 0.585035 0.528248 0.428267 -9999 -9999
-9999 -9999 -9999 -9999 -9999 -9999 -9999 0.750318 0.773476 0.805308 0.818534 0.818874 0.825015 0.825197 0.818787 0.81288 0.797098 0.775984 0.736451 0.745537 0.765494 0.794694 0.809971 0.80765 0.796756 0.78103 0.743888 0.711221 0.706475 0.700336 0.674526 0.653118 0.624071 0.638814 0.655202 0.673366 0.682511 0.678984 0.69824 0.713037 0.703237 0.712715 0.723387 0.71047 0.699743 0.689203 0.664866 0.656008 0.64901 0.653019 0.638886 0.638309 0.632389 0.62938 0.630415 0.632772 0.635916 0.636621 0.636629 0.636052 0.633397 0.628865 0.621479 0.611599 0.599445 0.585207 0.565916 0.499967 0.457801 -9999
-9999 -9999 -9999 -9999 -9999 -9999 -9999 0.731489 0.745026 0.782107 0.798793 0.814815 0.823155 0.823376 0.813238 0.806813 0.783923 0.775893 0.739124 0.722307 0.735308 0.729451 0.769739 0.805406 0.795135 0.721486 0.694283 0.674627 0.678611 0.677808 0.670058 0.633029 0.621296 0.654435 0.674991 0.690783 0.702601 0.703696 0.702513 0.726657 0.72708 0.731498 0.724675 0.719567 0.699969 0.684868 0.676112 0.6597 0.650483 0.65494 0.637236 0.642308 0.635094 0.629325 0.627591 0.633723 0.635028 0.635909 0.635334 0.63461 0.632141 0.626827 0.619836 0.61006 0.597756 0.583912 0.568122 0.537378 0.498592 0.473231
-9999 -9999 -9999 -9999 -9999 -9999 -9999 -9999 0.712282 0.762426 0.790248 0.802711 0.819127 0.821069 0.814297 0.804809 0.781862 0.761357 0.728385 0.69078 0.671227 0.728307 0.777975 0.803649 0.797568 0.736016 0.711196 0.709224 0.722488 0.709807 0.700052 0.672385 0.662665 0.649637 0.656203 0.676656 0.694256 0.712582 0.725115 0.724483 0.730443 0.730952 0.726372 0.722089 0.71406 0.705874 0.67747 0.678047 0.663031 0.659964 0.651318 0.6439 0.63594 0.626105 0.629581 0.633318 0.634269 0.63237 0.632605 0.631863 0.629367 0.6247 0.615888 0.606321 0.594587 0.580817 0.56579 0.539842 0.519902 0.489871
-9999 -9999 -9999 -9999 -9999 -9999 -9999 -9999 0.687576 0.737325 0.766345 0.796536 0.810588 0.816048 0.815519 0.807894 0.790413 0.764074 0.741793 0.699934 0.65644 0.715919 0.770669 0.799101 0.799952 0.745843 0.759022 0.746717 0.750505 0.728856 0.719506 0.714222 0.698301 0.681049 0.658754 0.646574 0.689736 0.711524 0.728263 0.734786 0.736747 0.735419 0.730779 0.719426 0.694135 0.701864 0.685229 0.675979 0.666952 0.659415 0.651982 0.645206 0.638088 0.635044 0.628553 0.630484 0.627772 0.628599 0.628732 0.627567 0.624737 0.620114 0.613457 0.604674 0.58981 0.576607 0.562085 0.536732 0.519769 0.502283
-9999 -9999 -9999 -9999 -9999 -9999 -9999 -9999 0.620721 0.691459 0.750179 0.780317 0.803036 0.810178 0.812891 0.802797 0.794879 0.77585 0.75756 0.729689 0.688392 0.662454 0.706612 0.771462 0.797419 0.792206 0.78969 0.775581 0.762867 0.760642 0.760908 0.748811 0.721627 0.695518 0.683023 0.674421 0.70649 0.710492 0.707127 0.740222 0.737531 0.731899 0.714073 0.695415 0.692618 0.673287 0.66451 0.646019 0.649148 0.651482 0.649048 0.643904 0.636527 0.629269 0.627552 0.623563 0.623911 0.623973 0.623458 0.621948 0.618955 0.614013 0.607441 0.599431 0.588307 0.576267 0.557595 0.532843 0.516987 0.500705
-9999 -9999 -9999 -9999 -9999 -9999 -9999 -9999 0.618895 0.684135 0.734567 0.763216 0.79229 0.799512 0.809287 0.807236 0.799026 0.782457 0.761676 0.73858 0.702998 0.67618 0.705309 0.747837 0.778075 0.78566 0.787599 0.785918 0.78211 0.771443 0.767984 0.767995 0.753615 0.722801 0.709286 0.689067 0.724532 0.727991 0.721253 0.736982 0.733315 0.702981 0.678102 0.67061 0.679324 0.661552 0.643235 0.625162 0.626898 0.643264 0.62556 0.62238 0.626336 0.625717 0.619369 0.619189 0.618882 0.618438 0.617305 0.615423 0.612272 0.607204 0.600744 0.592765 0.58296 0.570367 0.55766 0.53285 0.513383 0.498486
-9999 -9999 -9999 -9999 -9999 -9999 -9999 -9999 0.608244 0.665143 0.710485 0.75246 0.783295 0.795989 0.80507 0.804968 0.795518 0.787004 0.773698 0.753298 0.738851 0.714547 0.681628 0.733483 0.748406 0.759198 0.754144 0.76827 0.767263 0.760056 0.758419 0.765741 0.756134 0.736704 0.730477 0.71961 0.73907 0.738373 0.736475 0.733374 0.707996 0.673091 0.643839 0.657218 0.648313 0.652718 0.610729 0.619702 0.630111 0.629553 0.609647 0.596652 0.616591 0.611241 0.612339 0.612974 0.613214 0.61193 0.610673 0.608152 0.604599 0.59974 0.593342 0.585634 0.576507 0.56618 0.552213 0.52804 0.514106 0.497974
-9999 -9999 -9999 -9999 -9999 -9999 -9999 -9999 -9999 0.630627 0.685824 0.7368 0.765648 0.783988 0.793106 0.793256 0.78847 0.782562 0.77391 0.758686 0.739631 0.710232 0.687924 0.699325 0.713001 0.711078 0.720391 0.75017 0.76001 0.744751 0.710412 0.723525 0.747898 0.747725 0.74583 0.743489 0.743001 0.739362 0.732015 0.714255 0.663573 0.647499 0.624436 0.621774 0.606922 0.623927 0.599143 0.61427 0.617423 0.615183 0.589962 0.58605 0.597239 0.603807 0.600132 0.604118 0.606556 0.605116 0.603206 0.600277 0.596659 0.59186 0.58574 0.579098 0.570357 0.560574 0.546275 0.522034 0.507311 0.493115
-9999 -9999 -9999 -9999 -9999 -9999 -9999 -9999 -9999 0.615932 0.672489 0.731831 0.751521 0.770923 0.787479 0.787949 0.780626 0.773306 0.765461 0.756373 0.733733 0.711602 0.690352 0.682226 0.684789 0.679978 0.695933 0.735057 0.742115 0.738352 0.693024 0.67964 0.711833 0.738919 0.740869 0.738023 0.705292 0.710988 0.692046 0.666351 0.657024 0.643283 0.617569 0.623502 0.602758 0.604462 0.58715 0.593326 0.593434 0.602525 0.580033 0.5717 0.581607 0.590188 0.587913 0.597893 0.600123 0.59901 0.596669 0.593641 0.589662 0.584883 0.578781 0.571575 0.563316 0.553802 0.542694 0.523796 0.476067 0.464274
-9999 -9999 -9999 -9999 -9999 -9999 -9999 -9999 -9999 0.620527 0.659773 0.712172 0.751043 0.753932 0.77275 0.782327 0.774287 0.764995 0.755242 0.750297 0.725906 0.69912 0.677177 0.651471 0.654201 0.670527 0.694591 0.719548 0.723445 0.717556 0.689272 0.698393 0.719979 0.731237 0.73416 0.730731 0.722773 0.717388 0.702856 0.69503 0.674518 0.643527 0.628813 0.631471 0.597572 0.594841 0.600796 0.572909 0.586314 0.590093 0.562633 0.561688 0.578219 0.585271 0.591413 0.59301 0.592097 0.591993 0.589008 0.585677 0.581588 0.576569 0.570751 0.563655 0.555813 0.545111 0.532589 0.501558 0.464027 0.455093
-9999 -9999 -9999 -9999 -9999 -9999 -9999 -9999 -9999 0.625294 0.660303 0.70546 0.733024 0.738086 0.758687 0.776811 0.774376 0.764686 0.76112 0.75073 0.729967 0.707061 0.682096 0.669336 0.641643 0.666686 0.682744 0.70376 0.713259 0.688241 0.678754 0.692965 0.707161 0.712369 0.72665 0.725507 0.719339 0.69653 0.684231 0.686254 0.678998 0.66796 0.645285 0.640428 0.623905 0.614329 0.604911 0.573032 0.577559 0.57338 0.560968 0.572925 0.579453 0.5828 0.585833 0.584355 0.584054 0.5845 0.581406 0.57773 0.573386 0.56851 0.56263 0.5553 0.547464 0.534928 0.518041 0.493124 0.438357 0.447354
-9999 -9999 -9999 -9999 -9999 -9999 -9999 -9999 -9999 0.617699 0.654441 0.69272 0.708687 0.711292 0.748319 0.770765 0.77029 0.76532 0.759486 0.735294 0.735642 0.729906 0.707386 0.675096 0.639779 0.641992 0.659293 0.685798 0.694596 0.657879 0.646843 0.653064 0.674684 0.693915 0.713964 0.718083 0.71041 0.675595 0.638388 0.652293 0.666942 0.663695 0.655076 0.633604 0.6239 0.614517 0.597192 0.559283 0.557025 0.557991 0.561594 0.564639 0.572225 0.578112 0.570645 0.56927 0.575251 0.577152 0.573657 0.569762 0.565553 0.560566 0.554855 0.546876 0.538238 0.527625 0.497353 0.475352 0.433325 0.441946
-9999 -9999 -9999 -9999 -9999 -9999 -9999 -9999 -9999 0.604666 0.630967 0.667183 0.681555 0.704621 0.739351 0.756108 0.763762 0.762843 0.758669 0.747356 0.740142 0.726808 0.703531 0.672077 0.637247 0.614274 0.624595 0.658853 0.657487 0.632164 0.617751 0.632873 0.65577 0.690235 0.709302 0.710583 0.707082 0.698382 0.670569 0.637115 0.634464 0.646938 0.630525 0.611702 0.616062 0.610343 0.59329 0.579604 0.556926 0.544714 0.547857 0.548763 0.557949 0.573943 0.572769 0.568279 0.573004 0.569608 0.565885 0.562093 0.557689 0.55287 0.547475 0.540242 0.530509 0.508888 0.488835 0.46327 0.45363 0.446703
-9999 -9999 -9999 -9999 -9999 -9999 -9999 -9999 -9999 0.583469 0.614062 0.6476 0.678944 0.708541 0.73389 0.73515 0.748115 0.747279 0.753637 0.750698 0.740145 0.728842 0.708743 0.668716 0.634925 0.598173 0.606777 0.643683 0.637793 0.619078 0.585707 0.617336 0.652337 0.683879 0.700202 0.684538 0.697083 0.693906 0.682068 0.661135 0.629684 0.627195 0.602358 0.597811 0.604981 0.604452 0.598301 0.586909 0.55973 0.544741 0.542066 0.539155 0.546953 0.558081 0.569065 0.567412 0.566228 0.562288 0.558251 0.554311 0.549993 0.54509 0.539433 0.532491 0.514197 0.493139 0.477571 0.458194 0.449877 0.454336
