Test_Spring_2018b/03_18/Prec/20180313_009.txt
ncols	170
nrows	115
xllcorner	350000.000000
yllcorner	4445000.000000
cellsize	1000.000000
nodata_value	-9999.000000
[rows 31 to 61 of 115, columns 70 to 139 of 170]
1.19602 1.19835 1.1926 1.17378 1.16319 1.1574 1.11577 1.10397 1.05986 1.04793 1.02933 1.01765 1.00263 0.982906 0.971397 0.943221 0.864885 0.881341 0.885492 0.86044 0.868726 0.884515 0.864049 0.810326 0.78498 0.746363 0.735764 0.706857 0.674424 -9999 -9999 -9999 -9999 -9999 -9999 -9999 -9999 -9999 -9999 -9999 -9999 -9999 -9999 -9999 -9999 -9999 -9999 -9999 -9999 -9999 -9999 -9999 -9999 -9999 -9999 -9999 -9999 -9999 -9999 -9999 -9999 -9999 -9999 -9999 -9999 -9999 -9999 -9999 -9999 -9999
1.19531 1.19134 1.18094 1.16264 1.16358 1.16311 1.09598 1.06695 1.05622 1.04652 1.03122 1.00824 0.995233 0.982779 0.973189 0.948938 0.891459 0.839621 0.860852 0.857576 0.836321 0.864135 0.843889 0.796874 0.731946 0.761384 0.748842 0.668832 0.638123 -9999 -9999 -9999 -9999 -9999 -9999 -9999 -9999 -9999 -9999 -9999 -9999 -9999 -9999 -9999 -9999 -9999 -9999 -9999 -9999 -9999 -9999 -9999 -9999 -9999 -9999 -9999 -9999 -9999 -9999 -9999 -9999 -9999 -9999 -9999 -9999 -9999 -9999 -9999 -9999 -9999
1.17789 1.18187 1.16796 1.15423 1.1612 1.14948 1.12365 1.06884 1.05148 1.04423 1.03285 1.01817 1.00503 0.992247 0.971136 0.944113 0.89412 0.835656 0.819233 0.841684 0.839217 0.839828 0.821093 0.798461 0.765038 0.785667 0.791325 0.740843 0.668142 0.619535 -9999 -9999 -9999 -9999 -9999 -9999 -9999 -9999 -9999 -9999 -9999 -9999 -9999 -9999 -9999 -9999 -9999 -9999 -9999 -9999 -9999 -9999 -9999 -9999 -9999 -9999 -9999 -9999 -9999 -9999 -9999 -9999 -9999 -9999 -9999 -9999 -9999 -9999 -9999 -9999
1.15557 1.16907 1.15309 1.1254 1.1253 1.12208 1.09747 1.03552 1.02787 1.03968 1.02955 1.02019 1.00337 0.989079 0.970688 0.9444 0.909962 0.870038 0.804342 0.838388 0.864423 0.860127 0.855014 0.838185 0.806034 0.826301 0.823686 0.749926 0.667333 0.639321 0.625686 -9999 -9999 -9999 -9999 -9999 -9999 -9999 -9999 -9999 -9999 -9999 -9999 -9999 -9999 -9999 -9999 -9999 -9999 -9999 -9999 -9999 -9999 -9999 -9999 -9999 -9999 -9999 -9999 -9999 -9999 -9999 -9999 -9999 -9999 -9999 -9999 -9999 -9999 -9999
-9999 1.15238 1.13663 1.10505 1.10493 1.10793 1.09969 1.0718 1.03104 1.0277 1.02499 1.01563 0.998419 0.963727 0.953354 0.946414 0.922112 0.877281 0.832961 0.818793 0.860592 0.870196 0.864239 0.871012 0.843365 0.851257 0.84288 0.808426 0.729454 0.672064 0.65341 0.620146 -9999 -9999 -9999 -9999 -9999 -9999 -9999 -9999 -9999 -9999 -9999 -9999 -9999 -9999 -9999 -9999 -9999 -9999 -9999 -9999 -9999 -9999 -9999 -9999 -9999 -9999 -9999 -9999 -9999 -9999 -9999 -9999 -9999 -9999 -9999 -9999 -9999 -9999
-9999 -9999 -9999 -9999 1.07822 1.06976 1.05806 1.05558 1.02324 1.02174 1.02052 1.01091 0.984097 0.967591 0.960204 0.941819 0.914575 0.896214 0.86696 0.837048 0.843873 0.879401 0.859148 0.883388 0.877807 0.879391 0.857452 0.782387 0.717106 0.668742 0.651594 0.623893 -9999 -9999 -9999 -9999 -9999 -9999 -9999 -9999 -9999 -9999 -9999 -9999 -9999 -9999 -9999 -9999 -9999 -9999 -9999 -9999 -9999 -9999 -9999 -9999 -9999 -9999 -9999 -9999 -9999 -9999 -9999 -9999 -9999 -9999 -9999 -9999 -9999 -9999
-9999 -9999 -9999 -9999 -9999 1.06338 1.04782 1.06112 1.01562 1.01047 1.01384 1.00445 0.988802 0.975787 0.961289 0.945323 0.923644 0.900985 0.873491 0.868073 0.889878 0.887427 0.879517 0.880715 0.890349 0.883677 0.835146 0.763433 0.733309 0.645277 0.619012 0.617633 0.598134 -9999 -9999 -9999 -9999 -9999 -9999 -9999 -9999 -9999 -9999 -9999 -9999 0.599802 -9999 -9999 -9999 -9999 -9999 -9999 -9999 -9999 -9999 -9999 -9999 -9999 -9999 -9999 -9999 -9999 -9999 -9999 -9999 -9999 0.286356 -9999 -9999 -9999
-9999 -9999 -9999 -9999 1.0869 1.06088 1.05982 1.06223 1.04148 1.00319 1.00786 0.998035 0.983945 0.970247 0.950564 0.941501 0.927099 0.903103 0.895687 0.90097 0.902232 0.904137 0.90439 0.899754 0.891789 0.881954 0.826156 0.799149 0.779415 0.713427 0.668664 0.641714 0.603018 0.572144 -9999 -9999 -9999 -9999 -9999 -9999 -9999 0.606945 0.600272 0.594769 0.59555 0.609103 0.58816 -9999 -9999 -9999 -9999 -9999 -9999 -9999 -9999 -9999 -9999 -9999 -9999 -9999 -9999 -9999 -9999 -9999 -9999 -9999 0.305943 0.269495 -9999 -9999
-9999 -9999 -9999 -9999 1.06138 1.06454 1.05824 1.05904 1.05284 1.00313 0.996765 0.991128 0.980593 0.965885 0.949179 0.943302 0.925411 0.914595 0.906641 0.915286 0.915531 0.909362 0.901992 0.89499 0.878687 0.874056 0.833602 0.814663 0.786264 0.757017 0.689125 0.637643 0.587319 0.546287 -9999 -9999 -9999 -9999 -9999 -9999 0.615762 0.628899 0.634174 0.605493 0.617616 0.627172 0.615494 0.559323 -9999 -9999 -9999 -9999 -9999 -9999 -9999 -9999 -9999 -9999 -9999 -9999 -9999 -9999 0.466155 0.431854 0.367891 0.331018 0.305035 0.270698 -9999 -9999
-9999 -9999 -9999 -9999 1.05742 1.06274 1.06053 1.05624 1.04137 1.00365 0.991718 0.982853 0.972206 0.962074 0.952914 0.935525 0.926036 0.905369 0.919546 0.917236 0.911767 0.894009 0.885498 0.85532 0.840552 0.80499 0.824539 0.802041 0.760001 0.70856 0.632814 0.614094 0.592183 0.555275 -9999 -9999 -9999 -9999 -9999 -9999 0.622121 0.636657 0.647163 0.643181 0.61347 0.636277 0.598667 0.569688 0.553799 0.556048 0.551367 0.524402 0.518066 0.513976 0.498223 0.499699 -9999 -9999 -9999 -9999 0.480408 0.477093 0.472986 0.455463 0.386279 0.335922 0.288883 0.259212 -9999 -9999
-9999 -9999 -9999 -9999 1.07165 1.06791 1.05681 1.03966 1.03246 0.993065 0.981986 0.958418 0.947777 0.939289 0.932308 0.923285 0.91036 0.90923 0.906515 0.899723 0.866865 0.828674 0.843147 0.834052 0.770806 0.792696 0.80901 0.783886 0.733694 0.676175 0.639219 0.625844 0.596806 0.550596 -9999 -9999 -9999 0.572124 0.597071 0.596709 0.601147 0.621821 0.635365 0.652405 0.654592 0.637196 0.599488 0.569947 0.538459 0.532011 0.552522 0.548253 0.522723 0.518491 0.503173 0.492078 0.495906 0.496245 0.493456 0.48786 0.483777 0.480475 0.474668 0.457978 0.402347 0.362577 0.333145 0.259796 -9999 -9999
-9999 -9999 -9999 -9999 1.06372 1.05786 1.04867 1.0202 1.00289 0.994144 0.955314 0.94971 0.940603 0.922606 0.92414 0.918221 0.913274 0.907808 0.901704 0.874121 0.836621 0.798901 0.780643 0.773458 0.742284 0.741791 0.758052 0.759758 0.71234 0.660506 0.648702 0.620812 0.567301 0.524034 -9999 -9999 0.522874 0.573601 0.608513 0.624997 0.627492 0.623543 0.6419 0.636665 0.654217 0.631062 0.5703 0.561028 0.54201 0.536522 0.522134 0.513011 0.510427 0.509148 0.505055 0.499226 0.500231 0.497685 0.494902 0.49192 0.485075 0.483314 0.479194 0.466816 0.419486 0.391586 0.347624 0.256493 -9999 -9999
-9999 -9999 -9999 -9999 1.04845 1.04207 1.03608 1.01839 1.00871 0.984584 0.937986 0.93915 0.932645 0.917396 0.906037 0.910561 0.906914 0.903951 0.901093 0.875669 0.846422 0.802059 0.773837 0.744385 0.729411 0.686682 0.691712 0.682647 0.672745 0.672885 0.666817 0.625029 0.597167 0.542019 0.515681 -9999 0.527634 0.550464 0.59279 0.627717 0.648004 0.635052 0.656511 0.654075 0.655023 0.634619 0.587091 0.550799 0.535495 0.518635 0.523707 0.528341 0.516783 0.512956 0.505438 0.501675 0.499329 0.497 0.495028 0.493322 0.490881 0.487734 0.482881 0.474951 0.449467 0.410939 0.357415 0.261291 -9999 -9999
-9999 -9999 -9999 1.04098 1.04764 1.04841 1.03557 1.02015 1.00422 0.987586 0.949352 0.934587 0.926113 0.916068 0.891628 0.888852 0.889558 0.898651 0.89758 0.895444 0.87977 0.826229 0.798308 0.758314 0.718604 0.689329 0.690334 0.712868 0.70589 0.6818 0.656251 0.612793 0.601219 0.570672 0.509947 0.515074 0.540295 0.558867 0.587755 0.631235 0.659884 0.669447 0.668539 0.667415 0.66281 0.62537 0.586237 0.565392 0.540327 0.523886 0.509684 0.507715 0.497007 0.509994 0.508502 0.500552 0.498356 0.49669 0.495582 0.494727 0.493216 0.490352 0.486679 0.48132 0.465209 0.429083 0.343803 0.27554 -9999 -9999
-9999 -9999 -9999 -9999 1.04166 1.02967 1.01003 0.991825 0.978229 0.96673 0.939109 0.926733 0.922628 0.910307 0.888441 0.866427 0.880078 0.885572 0.892184 0.892903 0.891354 0.83409 0.8068 0.783724 0.745032 0.742432 0.747192 0.741628 0.728782 0.68291 0.638055 0.577992 0.533816 0.532046 0.514061 0.523885 0.541243 0.58413 0.613712 0.624411 0.630199 0.671472 0.674117 0.659863 0.658735 0.628428 0.596827 0.567951 0.554919 0.537878 0.52294 0.47586 0.489927 0.482641 0.497165 0.502936 0.498214 0.496929 0.496517 0.495816 0.494795 0.492651 0.489467 0.478772 0.464211 0.435755 0.339381 0.278105 -9999 -9999
-9999 -9999 -9999 -9999 -9999 -9999 0.999637 0.983351 0.964835 0.950456 0.932981 0.924947 0.917296 0.908386 0.894716 0.871556 0.865088 0.867966 0.850898 0.863959 0.879521 0.875868 0.869293 0.824845 0.79146 0.803816 0.790778 0.754402 0.724979 0.696699 0.645044 0.597727 0.547664 0.511022 0.511174 0.554469 0.590971 0.634823 0.653867 0.641938 0.650764 0.662824 0.679225 0.679969 0.663332 0.631289 0.600886 0.564581 0.565417 0.550306 0.526257 0.504797 0.488391 0.489915 0.486911 0.498893 0.499765 0.497798 0.497409 0.49719 0.496414 0.494609 0.485329 0.477557 0.467471 0.454807 0.355477 0.268827 -9999 -9999
-9999 -9999 -9999 -9999 -9999 -9999 0.98144 0.961932 0.949678 0.955877 0.930055 0.921692 0.909691 0.903407 0.89204 0.872276 0.85402 0.838561 0.818092 0.828135 0.855644 0.869772 0.867256 0.827271 0.831898 0.817594 0.796914 0.751214 0.71647 0.69612 0.646529 0.595539 0.562664 0.518164 0.539915 0.563936 0.593921 0.64228 0.674187 0.685287 0.669709 0.677043 0.69691 0.684747 0.654144 0.639408 0.60106 0.557331 0.565815 0.556157 0.534297 0.521539 0.500105 0.494969 0.495382 0.497604 0.499351 0.498557 0.497968 0.497861 0.497421 0.4934 0.487749 0.480004 0.469622 0.456903 0.387501 0.268272 -9999 -9999
-9999 -9999 -9999 -9999 -9999 -9999 -9999 0.940859 0.942914 0.958571 0.927415 0.91236 0.90869 0.900558 0.886812 0.876469 0.855066 0.827902 0.775815 0.787567 0.812436 0.848217 0.86412 0.85554 0.83034 0.80241 0.746206 0.696657 0.68535 0.67331 0.636232 0.594555 0.558356 0.581613 0.607605 0.636042 0.65203 0.650254 0.67773 0.698021 0.684094 0.694496 0.705108 0.682958 0.662683 0.641829 0.601721 0.582421 0.565497 0.563309 0.537043 0.529172 0.510309 0.501019 0.497934 0.497531 0.499198 0.498718 0.49847 0.498612 0.497156 0.494319 0.488662 0.480498 0.469937 0.457055 0.437729 0.36393 0.31526 -9999
-9999 -9999 -9999 -9999 -9999 -9999 -9999 0.915827 0.905543 0.928701 0.902094 0.908263 0.907721 0.899745 0.881041 0.868976 0.838 0.828401 0.780276 0.756393 0.771832 0.760668 0.809906 0.852027 0.827595 0.722315 0.679437 0.647334 0.647764 0.642937 0.630072 0.567396 0.554377 0.602249 0.633834 0.659113 0.678663 0.683031 0.683158 0.715664 0.715695 0.719245 0.7064 0.694609 0.662432 0.635466 0.616222 0.586892 0.567097 0.565638 0.534765 0.53463 0.51418 0.501416 0.494839 0.499667 0.499035 0.498903 0.497792 0.497811 0.496421 0.492737 0.487491 0.479324 0.468404 0.455889 0.441087 0.414262 0.369988 0.343402
-9999 -9999 -9999 -9999 -9999 -9999 -9999 -9999 0.862978 0.904545 0.892529 0.894438 0.905007 0.899479 0.880273 0.866544 0.836101 0.809452 0.766019 0.715746 0.684908 0.757689 0.819407 0.848198 0.82933 0.740375 0.700862 0.692564 0.705564 0.685022 0.669606 0.618986 0.608623 0.594743 0.607529 0.640208 0.665993 0.693238 0.711564 0.710863 0.717405 0.716936 0.707072 0.696421 0.679791 0.662206 0.616962 0.610578 0.583323 0.572133 0.55371 0.537261 0.516034 0.498186 0.498895 0.500806 0.499929 0.495672 0.496083 0.49608 0.494597 0.491015 0.484119 0.47599 0.465565 0.45287 0.438814 0.418329 0.398973 0.365934
-9999 -9999 -9999 -9999 -9999 -9999 -9999 -9999 0.831454 0.873813 0.862906 0.889164 0.891922 0.887562 0.88353 0.871872 0.848221 0.81323 0.783545 0.727114 0.667597 0.740211 0.807124 0.839689 0.834976 0.751357 0.762899 0.74108 0.741671 0.709356 0.694631 0.673176 0.654419 0.634717 0.610923 0.596117 0.657103 0.688746 0.712503 0.721232 0.72238 0.717673 0.710374 0.69031 0.650842 0.654814 0.625722 0.606624 0.587821 0.571138 0.554838 0.539765 0.519934 0.511614 0.49942 0.497849 0.492607 0.493067 0.493423 0.492859 0.490852 0.487182 0.481464 0.47494 0.461079 0.448774 0.435024 0.41527 0.399522 0.382926
-9999 -9999 -9999 -9999 -9999 -9999 -9999 -9999 0.74362 0.815569 0.836759 0.864283 0.877783 0.881428 0.881396 0.865935 0.854445 0.828566 0.803586 0.765293 0.708282 0.670891 0.719933 0.801436 0.828482 0.810372 0.801323 0.777447 0.756302 0.750176 0.74846 0.716928 0.686538 0.654198 0.637689 0.62956 0.675394 0.682981 0.679655 0.723755 0.718676 0.708327 0.680477 0.654707 0.645407 0.613962 0.595952 0.565052 0.563062 0.560165 0.551154 0.538877 0.519 0.503401 0.498312 0.490712 0.48998 0.489601 0.489186 0.488164 0.485855 0.481599 0.475767 0.468558 0.459843 0.448498 0.430366 0.411367 0.396655 0.381275
-9999 -9999 -9999 -9999 -9999 -9999 -9999 -9999 0.736997 0.765154 0.817651 0.834225 0.864655 0.868291 0.877329 0.872062 0.859524 0.836237 0.80727 0.774791 0.724983 0.686141 0.721323 0.765564 0.800662 0.799546 0.795283 0.78841 0.779501 0.767928 0.760884 0.743471 0.725932 0.683457 0.668356 0.644312 0.6943 0.700834 0.692769 0.713561 0.707212 0.664041 0.627084 0.612468 0.623761 0.5943 0.563953 0.535295 0.5321 0.548619 0.517774 0.508722 0.504044 0.500195 0.48891 0.487108 0.485781 0.484921 0.483781 0.482271 0.479673 0.475088 0.469178 0.461727 0.452282 0.442403 0.430104 0.411366 0.392716 0.378757
-9999 -9999 -9999 -9999 -9999 -9999 -9999 -9999 0.738124 0.739713 0.786423 0.819978 0.852924 0.86374 0.871477 0.868263 0.853411 0.840204 0.820585 0.791174 0.769206 0.733485 0.6857 0.750718 0.756122 0.759593 0.754623 0.768841 0.763485 0.750629 0.725895 0.736411 0.720802 0.697102 0.691341 0.67937 0.707579 0.708235 0.706421 0.701984 0.666712 0.617672 0.575257 0.589031 0.572463 0.578632 0.517486 0.522597 0.531109 0.525231 0.496364 0.474887 0.491798 0.481447 0.481148 0.480799 0.480487 0.478698 0.4775 0.475154 0.471952 0.467501 0.461462 0.454106 0.445255 0.435168 0.424091 0.406251 0.393219 0.374971
-9999 -9999 -9999 -9999 -9999 -9999 -9999 -9999 -9999 0.704989 0.750458 0.807473 0.837044 0.854514 0.861323 0.857461 0.847929 0.837435 0.823465 0.800618 0.772364 0.729895 0.696482 0.707736 0.71032 0.696589 0.704376 0.739946 0.749476 0.726184 0.656684 0.669972 0.703992 0.705725 0.705405 0.704454 0.705908 0.702334 0.693062 0.669009 0.600063 0.575923 0.542028 0.5347 0.510572 0.534554 0.497065 0.512531 0.512127 0.504767 0.467057 0.450793 0.462343 0.469312 0.463143 0.467729 0.473451 0.471647 0.469686 0.466823 0.463483 0.45899 0.453138 0.444067 0.435323 0.425545 0.414052 0.396766 0.382325 0.368703
-9999 -9999 -9999 -9999 -9999 -9999 -9999 -9999 -9999 0.666793 0.729889 0.798584 0.816135 0.834973 0.85145 0.847584 0.834126 0.821173 0.807731 0.792607 0.7592 0.726212 0.694126 0.679339 0.678684 0.648632 0.665754 0.714245 0.720439 0.712803 0.622396 0.605152 0.649387 0.687212 0.691651 0.68964 0.647432 0.656074 0.631152 0.596453 0.582826 0.562537 0.525569 0.530316 0.499007 0.497421 0.477123 0.48139 0.477679 0.4862 0.452841 0.430918 0.441253 0.451362 0.447431 0.460316 0.463266 0.462148 0.459763 0.456817 0.452939 0.448324 0.442265 0.435056 0.426759 0.417103 0.40563 0.388495 0.341025 0.33019
-9999 -9999 -9999 -9999 -9999 -9999 -9999 -9999 -9999 0.668093 0.708698 0.768486 0.811779 0.808457 0.827681 0.835579 0.820696 0.804628 0.788198 0.778255 0.742268 0.702946 0.669943 0.631793 0.631576 0.64955 0.657212 0.687205 0.689534 0.679328 0.610572 0.623293 0.653142 0.669519 0.674913 0.671781 0.662371 0.656002 0.636886 0.626117 0.59776 0.554788 0.533012 0.533993 0.485803 0.479042 0.483792 0.450609 0.465393 0.467523 0.428191 0.415291 0.436047 0.444537 0.452198 0.454163 0.453128 0.453509 0.450361 0.447055 0.443031 0.43805 0.432286 0.425098 0.417194 0.405752 0.392152 0.35409 0.325093 0.317694
-9999 -9999 -9999 -9999 -9999 -9999 -9999 -9999 -9999 0.668378 0.703756 0.754081 0.782279 0.781703 0.80302 0.821968 0.814172 0.797192 0.788706 0.771262 0.740006 0.705866 0.668935 0.64828 0.607685 0.63761 0.633849 0.658992 0.66914 0.601758 0.589077 0.608507 0.628284 0.636308 0.65657 0.656196 0.648934 0.619136 0.60297 0.605462 0.595066 0.579138 0.547239 0.538791 0.5145 0.499322 0.484282 0.446932 0.450551 0.442711 0.422577 0.428688 0.436546 0.440479 0.444312 0.442428 0.442415 0.443681 0.440489 0.436779 0.432431 0.427621 0.421718 0.414126 0.406105 0.392051 0.372423 0.342297 0.290627 0.306844
-9999 -9999 -9999 -9999 -9999 -9999 -9999 -9999 -9999 0.650979 0.688885 0.73006 0.742655 0.738568 0.781523 0.805902 0.800393 0.789433 0.777715 0.741731 0.738687 0.727603 0.694145 0.647676 0.597217 0.596976 0.610607 0.627116 0.636642 0.553197 0.538481 0.547151 0.576668 0.603184 0.630888 0.637296 0.627831 0.581891 0.532463 0.550977 0.570123 0.565013 0.55241 0.522374 0.507859 0.49364 0.468749 0.418675 0.419617 0.419267 0.412224 0.415606 0.425305 0.43299 0.423093 0.421588 0.430155 0.43351 0.429886 0.42595 0.421816 0.41686 0.411155 0.402636 0.393455 0.38185 0.344187 0.317768 0.277714 0.298811
-9999 -9999 -9999 -9999 -9999 -9999 -9999 -9999 -9999 0.625254 0.649187 0.687458 0.697675 0.720612 0.760161 0.776618 0.781696 0.775959 0.766372 0.747621 0.734611 0.713612 0.679454 0.634459 0.585027 0.551505 0.562552 0.58256 0.572975 0.510456 0.491255 0.511734 0.542792 0.589443 0.615605 0.618014 0.613974 0.602862 0.566039 0.521463 0.517804 0.534119 0.511626 0.485727 0.49065 0.482002 0.458151 0.43878 0.415659 0.396865 0.391061 0.39204 0.404264 0.425778 0.424557 0.419108 0.426172 0.422585 0.418759 0.415034 0.410686 0.405976 0.40069 0.393143 0.382444 0.356052 0.33193 0.300608 0.290702 0.304054
-9999 -9999 -9999 -9999 -9999 -9999 -9999 -9999 -9999 0.587682 0.617074 0.651417 0.683912 0.715169 0.741809 0.73725 0.749206 0.74348 0.74799 0.740581 0.723381 0.705453 0.67596 0.61996 0.572357 0.520833 0.529928 0.571309 0.509402 0.484342 0.439827 0.482273 0.529343 0.571889 0.594178 0.573772 0.591053 0.587294 0.571897 0.544253 0.502444 0.499202 0.465979 0.459743 0.469054 0.46799 0.459349 0.443666 0.409997 0.393506 0.38028 0.376574 0.387294 0.402599 0.417859 0.416393 0.415718 0.411528 0.407379 0.403533 0.399356 0.394572 0.388957 0.3818 0.359646 0.333962 0.315762 0.292606 0.284339 0.307007
