Test_Spring_2018b/03_18/Prec/20180316_017.txt
ncols	170
nrows	115
xllcorner	350000.000000
yllcorner	4445000.000000
cellsize	1000.000000
nodata_value	-9999.000000
[rows 32 to 63 of 115, columns 73 to 145 of 170]
0.206011 0.206285 0.206844 0.21713 0.217724 0.226555 0.227551 0.229116 0.231374 0.232738 0.233945 0.234718 0.236486 0.240782 0.244215 0.240967 0.239417 0.239023 0.234065 0.232938 0.233876 0.236182 0.230273 0.227926 0.232471 0.228584 -9999 -9999 -9999 -9999 -9999 -9999 -9999 -9999 -9999 -9999 -9999 -9999 -9999 -9999 -9999 -9999 -9999 -9999 -9999 -9999 -9999 -9999 -9999 -9999 -9999 -9999 -9999 -9999 -9999 -9999 -9999 -9999 -9999 -9999 -9999 -9999 -9999 -9999 -9999 -9999 -9999 -9999 -9999 -9999 -9999 -9999 -9999
0.198861 0.198637 0.200087 0.201415 0.209772 0.218381 0.218784 0.219567 0.220629 0.22152 0.222304 0.223685 0.225415 0.228926 0.232943 0.233106 0.229682 0.228155 0.226135 0.225573 0.22517 0.225554 0.22119 0.218048 0.216977 0.221516 0.218163 -9999 -9999 -9999 -9999 -9999 -9999 -9999 -9999 -9999 -9999 -9999 -9999 -9999 -9999 -9999 -9999 -9999 -9999 -9999 -9999 -9999 -9999 -9999 -9999 -9999 -9999 -9999 -9999 -9999 -9999 -9999 -9999 -9999 -9999 -9999 -9999 -9999 -9999 -9999 -9999 -9999 -9999 -9999 -9999 -9999 -9999
0.193537 0.193917 0.19455 0.194805 0.211688 0.211797 0.210201 0.210454 0.210606 0.211356 0.211847 0.212641 0.214059 0.216114 0.218566 0.223147 0.219062 0.215557 0.214542 0.213477 0.213298 0.214319 0.210732 0.209025 0.208795 0.212122 0.212334 0.211353 -9999 -9999 -9999 -9999 -9999 -9999 -9999 -9999 -9999 -9999 -9999 -9999 -9999 -9999 -9999 -9999 -9999 -9999 -9999 -9999 -9999 -9999 -9999 -9999 -9999 -9999 -9999 -9999 -9999 -9999 -9999 -9999 -9999 -9999 -9999 -9999 -9999 -9999 -9999 -9999 -9999 -9999 -9999 -9999 -9999
0.187669 0.188034 0.188034 0.18795 0.195436 0.202996 0.202351 0.201558 0.201267 0.201612 0.203448 0.203216 0.202736 0.203811 0.206723 0.209656 0.210048 0.205654 0.204016 0.203674 0.202165 0.203519 0.20171 0.201187 0.200631 0.199102 0.205396 0.205339 0.206535 -9999 -9999 -9999 -9999 -9999 -9999 -9999 -9999 -9999 -9999 -9999 -9999 -9999 -9999 -9999 -9999 -9999 -9999 -9999 -9999 -9999 -9999 -9999 -9999 -9999 -9999 -9999 -9999 -9999 -9999 -9999 -9999 -9999 -9999 -9999 -9999 -9999 -9999 -9999 -9999 -9999 -9999 -9999 -9999
-9999 0.182977 0.183374 0.189976 0.189155 0.195334 0.194181 0.192851 0.192142 0.192872 0.192741 0.191917 0.192186 0.19341 0.194087 0.195916 0.197996 0.197069 0.19377 0.195298 0.192974 0.193135 0.192562 0.193869 0.192376 0.195801 0.201647 0.201928 0.203048 -9999 -9999 -9999 -9999 -9999 -9999 -9999 -9999 -9999 -9999 -9999 -9999 -9999 -9999 -9999 -9999 -9999 -9999 -9999 -9999 -9999 -9999 -9999 -9999 -9999 -9999 -9999 -9999 -9999 -9999 -9999 -9999 -9999 -9999 -9999 -9999 -9999 -9999 -9999 -9999 -9999 -9999 -9999 -9999
-9999 -9999 0.177194 0.183347 0.181414 0.187956 0.186758 0.184617 0.18344 0.182759 0.181913 0.181356 0.181178 0.181813 0.182896 0.184764 0.185074 0.183323 0.183854 0.184959 0.185298 0.184847 0.185668 0.188402 0.18903 0.191437 0.199798 0.201308 0.200549 0.201249 -9999 -9999 -9999 -9999 -9999 -9999 -9999 -9999 -9999 -9999 -9999 -9999 0.185703 -9999 -9999 -9999 -9999 -9999 -9999 -9999 -9999 -9999 -9999 -9999 -9999 -9999 -9999 -9999 -9999 -9999 -9999 -9999 -9999 0.160745 -9999 -9999 -9999 -9999 -9999 -9999 -9999 -9999 -9999
-9999 0.16876 0.175788 0.175278 0.174057 0.174711 0.179372 0.176687 0.175079 0.173795 0.172575 0.172102 0.171076 0.170965 0.172193 0.172521 0.172245 0.172723 0.173448 0.174495 0.176018 0.177775 0.179548 0.178371 0.181293 0.183339 0.188097 0.193844 0.195648 0.198305 0.200173 -9999 -9999 -9999 -9999 -9999 -9999 -9999 0.189259 0.188677 0.187927 0.18656 0.184016 0.184355 -9999 -9999 -9999 -9999 -9999 -9999 -9999 -9999 -9999 -9999 -9999 -9999 -9999 -9999 -9999 -9999 -9999 -9999 -9999 0.158301 0.158054 -9999 -9999 -9999 -9999 -9999 -9999 -9999 -9999
-9999 0.169624 0.169108 0.168917 0.167606 0.1664 0.17182 0.169632 0.167176 0.165098 0.16351 0.162401 0.160829 0.160882 0.160995 0.161547 0.161312 0.162342 0.16433 0.166676 0.169089 0.17226 0.174268 0.172833 0.175637 0.178949 0.182029 0.189171 0.193432 0.197381 0.200363 -9999 -9999 -9999 -9999 -9999 -9999 0.188508 0.186358 0.184816 0.186111 0.18381 0.181633 0.181184 0.171024 -9999 -9999 -9999 -9999 -9999 -9999 -9999 -9999 -9999 -9999 -9999 -9999 -9999 -9999 0.155588 0.156089 0.158841 0.158952 0.157812 0.157084 -9999 -9999 -9999 -9999 -9999 -9999 -9999 -9999
-9999 0.164233 0.163488 0.16281 0.161705 0.160918 0.163931 0.162563 0.159881 0.157306 0.154853 0.152698 0.151827 0.151008 0.151973 0.150789 0.151816 0.153793 0.157341 0.160426 0.165516 0.169251 0.168708 0.169096 0.172774 0.177773 0.183213 0.192251 0.193204 0.194989 0.197842 -9999 -9999 -9999 -9999 -9999 -9999 0.187019 0.184811 0.18287 0.182082 0.1834 0.180093 0.169397 0.170081 0.169657 0.167719 0.166444 0.16943 0.167346 0.166109 0.165975 0.164442 -9999 -9999 -9999 -9999 0.158795 0.157168 0.155325 0.154308 0.157371 0.158439 0.158842 0.15512 -9999 -9999 -9999 -9999 -9999 -9999 -9999 -9999
-9999 0.157903 0.157889 0.157836 0.1576 0.155829 0.158202 0.156471 0.151789 0.148986 0.146176 0.143645 0.141915 0.141316 0.140605 0.140961 0.14254 0.147106 0.152702 0.154143 0.16078 0.163921 0.16505 0.166313 0.170777 0.176984 0.183394 0.189307 0.190284 0.192944 0.19596 -9999 -9999 -9999 0.192197 0.189329 0.188564 0.187311 0.184581 0.182371 0.180613 0.179198 0.172291 0.169468 0.170072 0.17088 0.169608 0.166115 0.164867 0.166678 0.165492 0.165391 0.164499 0.162978 0.161764 0.16076 0.159868 0.158643 0.157079 0.155402 0.154284 0.156334 0.156283 0.154889 0.151713 -9999 -9999 -9999 -9999 -9999 -9999 -9999 -9999
-9999 0.152927 0.153001 0.152662 0.151105 0.150006 0.14758 0.148474 0.146087 0.142699 0.140278 0.136647 0.134373 0.13293 0.132573 0.133343 0.136969 0.142316 0.148349 0.153149 0.152244 0.158355 0.161977 0.163593 0.169691 0.175542 0.181802 0.184181 0.18886 0.193352 0.197199 -9999 -9999 0.196409 0.191472 0.187796 0.185616 0.184549 0.183942 0.181314 0.180601 0.177809 0.172277 0.171711 0.170475 0.170508 0.169064 0.167725 0.166932 0.167436 0.165453 0.16454 0.163908 0.162771 0.161958 0.161104 0.160119 0.15923 0.157587 0.155758 0.154197 0.155163 0.153965 0.152017 0.152306 -9999 -9999 -9999 -9999 -9999 -9999 -9999 -9999
-9999 0.147803 0.147669 0.146831 0.146298 0.144394 0.143665 0.144622 0.13997 0.137232 0.134182 0.131319 0.127888 0.126181 0.125578 0.126168 0.129834 0.134807 0.141836 0.147983 0.149985 0.155168 0.163105 0.16603 0.169842 0.173353 0.175607 0.181169 0.187216 0.190304 0.194901 0.197196 -9999 0.195586 0.193096 0.188812 0.185057 0.182459 0.18261 0.179691 0.178704 0.172139 0.172114 0.170459 0.170535 0.169787 0.169324 0.167154 0.165387 0.166578 0.165488 0.164431 0.163755 0.163064 0.162401 0.161644 0.160697 0.159543 0.158082 0.156319 0.15431 0.15326 0.151511 0.151538 0.152005 -9999 -9999 -9999 -9999 -9999 -9999 -9999 -9999
0.144585 0.144831 0.143988 0.1436 0.142689 0.141096 0.138907 0.138778 0.135486 0.131344 0.128683 0.126659 0.123636 0.12142 0.119746 0.120254 0.122094 0.126169 0.134332 0.137112 0.145097 0.152696 0.159752 0.163456 0.164975 0.168641 0.173363 0.177789 0.184321 0.189184 0.192298 0.197314 0.196773 0.194289 0.192201 0.189083 0.184587 0.181247 0.17943 0.17839 0.173227 0.171746 0.172063 0.169824 0.169283 0.169256 0.168676 0.16812 0.166746 0.167779 0.165493 0.164503 0.163915 0.163373 0.162827 0.162167 0.161299 0.160183 0.158767 0.156912 0.154624 0.151766 0.150665 0.150485 0.148358 -9999 -9999 -9999 -9999 -9999 -9999 -9999 -9999
-9999 0.142795 0.142943 0.143011 0.142186 0.140214 0.137384 0.135987 0.132129 0.127508 0.123754 0.122189 0.120662 0.117233 0.115835 0.115722 0.117429 0.120471 0.126919 0.13322 0.139541 0.14736 0.152522 0.156258 0.160548 0.16507 0.172005 0.178415 0.186602 0.191966 0.193244 0.197 0.195882 0.194129 0.189979 0.186802 0.185101 0.18369 0.1791 0.17492 0.173498 0.171444 0.171877 0.168995 0.169007 0.16784 0.16724 0.166712 0.169217 0.168071 0.167448 0.165212 0.164025 0.163571 0.163156 0.162596 0.161859 0.160812 0.1594 0.157515 0.155096 0.150723 0.148408 0.151281 0.148289 -9999 -9999 -9999 -9999 -9999 -9999 -9999 -9999
-9999 -9999 -9999 0.141565 0.140461 0.138798 0.136099 0.133618 0.129283 0.124868 0.120825 0.117776 0.116687 0.114935 0.113737 0.115666 0.116585 0.116668 0.120402 0.125044 0.133358 0.141508 0.14506 0.150577 0.15778 0.164002 0.169703 0.176973 0.184271 0.190379 0.194859 0.195729 0.192471 0.189815 0.185602 0.183326 0.183543 0.181829 0.177714 0.174268 0.172001 0.171146 0.171601 0.168611 0.169149 0.166706 0.165885 0.166116 0.166427 0.167866 0.166545 0.165901 0.164212 0.163645 0.16331 0.162881 0.16222 0.161243 0.159857 0.157258 0.154514 0.151169 0.147287 0.150158 0.149125 -9999 -9999 -9999 -9999 -9999 -9999 -9999 -9999
-9999 -9999 -9999 0.141182 0.140291 0.138048 0.133561 0.131737 0.127455 0.123448 0.119216 0.116002 0.114384 0.113794 0.114162 0.11611 0.116679 0.116819 0.119005 0.123299 0.131257 0.136226 0.14217 0.148475 0.156636 0.163494 0.16871 0.176009 0.183792 0.18862 0.193952 0.193114 0.191623 0.18919 0.184874 0.181488 0.179634 0.179177 0.176683 0.172847 0.171594 0.171844 0.170722 0.168406 0.169507 0.166352 0.16503 0.165061 0.164636 0.166494 0.165793 0.164921 0.164151 0.163598 0.163331 0.162964 0.16237 0.161423 0.159722 0.157571 0.154749 0.151314 0.147284 0.147402 0.149013 -9999 -9999 -9999 -9999 -9999 -9999 -9999 -9999
-9999 -9999 -9999 -9999 0.140482 0.137044 0.131824 0.130547 0.126994 0.122439 0.11853 0.115663 0.113344 0.11304 0.114429 0.119124 0.119468 0.119728 0.119933 0.122525 0.12768 0.135155 0.142233 0.151591 0.16012 0.165036 0.169638 0.175985 0.183083 0.188341 0.187988 0.186905 0.185131 0.183967 0.183903 0.180929 0.178118 0.177785 0.174991 0.171908 0.171468 0.170787 0.170151 0.167973 0.166947 0.165957 0.163986 0.1644 0.163569 0.165214 0.164902 0.164368 0.163865 0.163362 0.163109 0.162765 0.162168 0.161198 0.159608 0.157428 0.154595 0.151108 0.147012 0.142738 0.140373 0.137355 -9999 -9999 -9999 -9999 -9999 -9999 -9999
-9999 -9999 -9999 -9999 0.141346 0.139075 0.133379 0.13193 0.126823 0.122285 0.11864 0.116443 0.114598 0.11486 0.114819 0.119061 0.122502 0.123403 0.127434 0.126935 0.127509 0.134734 0.148291 0.156377 0.163326 0.167194 0.171177 0.175475 0.184432 0.18778 0.185401 0.183923 0.182496 0.181085 0.180227 0.179728 0.175787 0.174446 0.172254 0.171198 0.16988 0.170232 0.170134 0.166152 0.166009 0.165287 0.163273 0.164102 0.162623 0.16443 0.164428 0.164201 0.163247 0.162933 0.162635 0.162151 0.161618 0.160626 0.159057 0.156818 0.153966 0.150498 0.146369 0.141716 0.13533 0.131977 0.126823 0.119752 -9999 -9999 -9999 -9999 -9999
-9999 -9999 -9999 -9999 -9999 0.141878 0.13484 0.132461 0.128078 0.12296 0.119467 0.116389 0.115238 0.116219 0.117693 0.121493 0.126769 0.131855 0.128399 0.126518 0.127918 0.13438 0.146255 0.153817 0.158533 0.161182 0.166421 0.170883 0.178791 0.181929 0.184892 0.185079 0.181563 0.180004 0.177912 0.175883 0.174844 0.172631 0.171432 0.170183 0.168832 0.167913 0.167072 0.165314 0.163268 0.163245 0.162113 0.161904 0.161844 0.16376 0.164188 0.16331 0.162565 0.162215 0.161443 0.161198 0.160583 0.15953 0.15796 0.155762 0.152918 0.149451 0.145412 0.1408 0.133973 0.12865 0.12424 0.120156 0.116508 -9999 -9999 -9999 -9999
-9999 -9999 -9999 -9999 -9999 0.143973 0.137151 0.13507 0.129005 0.121522 0.119653 0.117433 0.116344 0.116902 0.119157 0.12174 0.127412 0.134095 0.129951 0.128429 0.129122 0.133302 0.145071 0.147929 0.153537 0.157032 0.163108 0.167379 0.172705 0.176522 0.179974 0.180631 0.183007 0.178707 0.176248 0.1738 0.172029 0.170384 0.16883 0.168869 0.168193 0.169347 0.166759 0.163605 0.16276 0.162098 0.161505 0.161156 0.160995 0.162845 0.162431 0.162611 0.161639 0.16043 0.160254 0.159866 0.159171 0.158061 0.156437 0.154253 0.15132 0.148068 0.144138 0.139688 0.132977 0.127623 0.122104 0.116743 0.114189 0.110381 0.103842 0.100199 -9999
-9999 -9999 -9999 -9999 -9999 0.151058 0.141998 0.132449 0.127349 0.124275 0.12142 0.11917 0.118663 0.118349 0.119896 0.122043 0.12602 0.132261 0.137406 0.135562 0.131496 0.134135 0.139898 0.144159 0.14962 0.154704 0.158297 0.161261 0.167323 0.167258 0.172585 0.175445 0.17764 0.174594 0.174206 0.174141 0.169432 0.168461 0.167556 0.167882 0.170143 0.168857 0.169164 0.165052 0.165356 0.16336 0.161662 0.160737 0.160354 0.16227 0.161662 0.161287 0.159315 0.159106 0.158807 0.1583 0.157483 0.15628 0.154639 0.152458 0.14969 0.146155 0.14224 0.138402 0.131862 0.126779 0.12154 0.116172 0.111211 0.106555 0.10117 0 0
-9999 -9999 -9999 -9999 -9999 0.145273 0.141187 0.134257 0.131298 0.126326 0.123811 0.121088 0.119956 0.119904 0.121304 0.123766 0.127115 0.132517 0.137494 0.136559 0.135284 0.135143 0.139142 0.144227 0.147878 0.151602 0.148341 0.152154 0.157364 0.161621 0.166953 0.170124 0.173564 0.170098 0.1698 0.170201 0.167609 0.166904 0.16901 0.170327 0.169571 0.169313 0.16988 0.166654 0.166829 0.165059 0.161782 0.161702 0.161108 0.161883 0.161099 0.158454 0.15807 0.157701 0.157225 0.156574 0.155624 0.154318 0.15264 0.150472 0.147805 0.144683 0.14057 0.136384 0.129823 0.125951 0.121024 0.116007 0.111057 0.104536 0 0 0
-9999 -9999 -9999 -9999 -9999 0.135806 0.143211 0.137042 0.133021 0.12815 0.125327 0.122998 0.12192 0.122226 0.122832 0.124468 0.127438 0.130247 0.134684 0.140554 0.137069 0.139206 0.142456 0.137238 0.138984 0.142536 0.146769 0.153967 0.155833 0.159016 0.163125 0.165304 0.167572 0.165906 0.166107 0.166029 0.165722 0.167667 0.170476 0.172484 0.169516 0.169088 0.169877 0.169285 0.16566 0.162906 0.161579 0.162624 0.163104 0.162074 0.158461 0.157628 0.156922 0.156247 0.155628 0.154773 0.15372 0.152343 0.150597 0.148456 0.145875 0.142873 0.139454 0.134915 0.128579 0.123966 0.117748 0.112719 0.109612 0.104937 0 0 0
-9999 -9999 -9999 -9999 -9999 -9999 0.136748 0.132711 0.126326 0.122423 0.119702 0.118058 0.117513 0.117664 0.118133 0.119164 0.12125 0.124115 0.128535 0.13252 0.13301 0.134486 0.139198 0.140984 0.140562 0.142486 0.147262 0.156514 0.157526 0.156896 0.158737 0.160387 0.161676 0.162948 0.163503 0.164121 0.165611 0.17061 0.170818 0.172245 0.17124 0.171603 0.171391 0.168556 0.165222 0.163369 0.162265 0.163942 0.165898 0.159519 0.157753 0.157274 0.155965 0.154869 0.154039 0.153053 0.151882 0.150406 0.148617 0.146486 0.143554 0.140576 0.137205 0.132585 0.126233 0.121957 0.117484 0.113107 0.108175 0.103679 0 0 0
-9999 -9999 -9999 -9999 -9999 -9999 0.141136 0.134237 0.126964 0.124209 0.121481 0.119109 0.118654 0.119214 0.119943 0.120948 0.122356 0.125613 0.129127 0.132867 0.135423 0.137057 0.14289 0.143595 0.14176 0.143653 0.146761 0.157109 0.160816 0.159032 0.157531 0.15858 0.159822 0.16413 0.163669 0.165701 0.168208 0.168582 0.169262 0.17117 0.169355 0.170562 0.169193 0.168767 0.166553 0.16511 0.16273 0.164082 0.16659 0.159907 0.157756 0.15693 0.154724 0.15337 0.152286 0.15115 0.149819 0.148254 0.146379 0.144215 0.141718 0.138881 0.13575 0.132401 0.127907 0.124223 0.119963 0.114941 0.110001 0.102415 0 0 0
-9999 -9999 -9999 -9999 -9999 -9999 0.14052 0.135642 0.129223 0.124344 0.123604 0.121075 0.119679 0.120418 0.121452 0.122729 0.12368 0.127117 0.131101 0.134811 0.13923 0.140649 0.140743 0.143473 0.142967 0.144918 0.147964 0.156168 0.157031 0.156236 0.156362 0.157152 0.158364 0.159781 0.160596 0.162172 0.162719 0.164499 0.167302 0.168102 0.166817 0.169679 0.16895 0.167239 0.167836 0.164916 0.163166 0.165076 0.162173 0.158888 0.156773 0.154814 0.153385 0.152199 0.150813 0.149586 0.148161 0.14653 0.144663 0.142513 0.140119 0.137419 0.134673 0.131792 0.130738 0.124336 0.120185 0.11506 0.110114 0.101667 0 0 0
-9999 -9999 -9999 -9999 -9999 -9999 0.139827 0.135455 0.129908 0.126382 0.125462 0.122805 0.120508 0.120677 0.121816 0.122423 0.124011 0.127012 0.130496 0.134462 0.137268 0.142017 0.140916 0.144474 0.144174 0.145228 0.15316 0.156104 0.156164 0.156023 0.156681 0.156041 0.156904 0.158072 0.160885 0.162243 0.161731 0.162088 0.162718 0.164558 0.164264 0.165251 0.165414 0.165558 0.166798 0.164935 0.164111 0.159869 0.159594 0.157365 0.155555 0.153811 0.152577 0.151159 0.149554 0.148204 0.146716 0.145054 0.143163 0.141069 0.138809 0.136273 0.133955 0.13184 0.130391 0.126081 0.120246 0.114288 0.108357 0.101967 0 0 0
-9999 -9999 -9999 -9999 -9999 -9999 0.140479 0.135914 0.131176 0.129015 0.128421 0.12393 0.12119 0.121185 0.121825 0.122719 0.1259 0.126462 0.127933 0.131549 0.1365 0.142001 0.143372 0.145177 0.145603 0.146538 0.155675 0.158609 0.159413 0.158266 0.157183 0.155778 0.155964 0.157266 0.161452 0.165694 0.163871 0.161789 0.161614 0.161938 0.163649 0.163946 0.164169 0.165287 0.164078 0.16635 0.164942 0.161251 0.159297 0.156868 0.154667 0.15401 0.152636 0.150366 0.148472 0.147063 0.145523 0.143804 0.141926 0.139861 0.13777 0.135467 0.133111 0.132753 0.13122 0.128004 0.120051 0.115014 0.106755 0.102002 0 0 0
-9999 -9999 -9999 -9999 -9999 -9999 0.141667 0.13829 0.133789 0.131822 0.128899 0.124697 0.12264 0.12173 0.12193 0.122651 0.124358 0.125779 0.128096 0.131754 0.136546 0.141908 0.146071 0.146541 0.14804 0.15072 0.157725 0.160914 0.160572 0.159165 0.156236 0.154865 0.155321 0.156111 0.157291 0.160469 0.164117 0.164071 0.162154 0.16344 0.164915 0.163662 0.163519 0.164651 0.165383 0.165482 0.160921 0.161692 0.159937 0.157258 0.153816 0.152344 0.15123 0.149005 0.147628 0.146169 0.144564 0.142844 0.140956 0.138899 0.136803 0.134739 0.133792 0.132432 0.131503 0.128581 0.118705 0.112428 0.105875 0.101993 0 0 0
-9999 -9999 -9999 -9999 -9999 -9999 0.143693 0.139797 0.135584 0.131656 0.127978 0.124853 0.12458 0.123069 0.123268 0.122789 0.12354 0.125342 0.127418 0.130693 0.13644 0.141644 0.147337 0.147943 0.147395 0.154693 0.158401 0.163689 0.161376 0.158509 0.155853 0.154746 0.157107 0.15603 0.156565 0.157914 0.160141 0.163428 0.163263 0.165555 0.16543 0.16389 0.163181 0.163082 0.163563 0.160972 0.159948 0.161298 0.15994 0.157369 0.154423 0.151487 0.149976 0.148362 0.146987 0.145517 0.1439 0.142161 0.140298 0.138311 0.136245 0.13525 0.134344 0.132592 0.131086 0.128157 0.119861 0.111612 0.105532 0.101822 0 0 0
-9999 -9999 -9999 -9999 -9999 -9999 -9999 0.139848 0.135508 0.132258 0.131252 0.128465 0.126991 0.125951 0.125907 0.123087 0.12343 0.124829 0.126808 0.129759 0.134421 0.138218 0.143737 0.14826 0.153055 0.158451 0.159117 0.161029 0.160805 0.158091 0.155029 0.155508 0.158915 0.159088 0.15893 0.157928 0.158671 0.163157 0.16534 0.167061 0.165488 0.163806 0.163172 0.162796 0.162756 0.156126 0.162369 0.159365 0.156849 0.155399 0.153033 0.150956 0.149485 0.148012 0.14662 0.145124 0.143527 0.14184 0.139978 0.138128 0.136373 0.135561 0.136862 0.133869 0.131331 0.129467 0.121299 0.110124 0.105394 0.101491 0 0 0
-9999 -9999 -9999 -9999 -9999 -9999 -9999 0.140758 0.135763 0.134502 0.134358 0.135764 0.134992 0.129291 0.128324 0.125631 0.123273 0.124194 0.126174 0.129031 0.13235 0.136956 0.143012 0.148274 0.155713 0.155654 0.155928 0.156803 0.157114 0.155984 0.156661 0.160328 0.163631 0.162768 0.162298 0.159248 0.158743 0.159359 0.161946 0.164847 0.166216 0.164027 0.163466 0.163035 0.162691 0.158876 0.158144 0.158337 0.156049 0.154115 0.152538 0.150603 0.149199 0.147866 0.146452 0.145007 0.14346 0.141848 0.140086 0.138616 0.137084 0.137298 0.136875 0.135431 0.134205 0.127092 0.120438 0.111679 0.105152 0.101219 0 0 0
