Test_Spring_2018b/03_18/Prec/20180312_012.txt
ncols	170
nrows	115
xllcorner	350000.000000
yllcorner	4445000.000000
cellsize	1000.000000
nodata_value	-9999.000000
[rows 31 to 61 of 115, columns 70 to 139 of 170]
0.388479 0.39065 0.396632 0.408185 0.41733 0.477183 0.500583 0.5147 0.553394 0.56815 0.584922 0.598655 0.613164 0.629037 0.641658 0.66043 0.697992 0.701075 0.709581 0.730079 0.739765 0.748449 0.772507 0.810954 0.841039 0.878074 0.927341 0.991647 1.03059 -9999 -9999 -9999 -9999 -9999 -9999 -9999 -9999 -9999 -9999 -9999 -9999 -9999 -9999 -9999 -9999 -9999 -9999 -9999 -9999 -9999 -9999 -9999 -9999 -9999 -9999 -9999 -9999 -9999 -9999 -9999 -9999 -9999 -9999 -9999 -9999 -9999 -9999 -9999 -9999 -9999
0.388944 0.393078 0.400348 0.411218 0.415554 0.42088 0.504985 0.54184 0.551395 0.564826 0.579977 0.597593 0.611177 0.6243 0.636246 0.653675 0.683672 0.712125 0.71438 0.726763 0.747109 0.75085 0.774037 0.808889 0.852133 0.862183 0.889239 0.992081 1.00939 -9999 -9999 -9999 -9999 -9999 -9999 -9999 -9999 -9999 -9999 -9999 -9999 -9999 -9999 -9999 -9999 -9999 -9999 -9999 -9999 -9999 -9999 -9999 -9999 -9999 -9999 -9999 -9999 -9999 -9999 -9999 -9999 -9999 -9999 -9999 -9999 -9999 -9999 -9999 -9999 -9999
0.394163 0.395151 0.403465 0.412347 0.414112 0.423201 0.492381 0.537741 0.549187 0.561278 0.574585 0.588791 0.602143 0.615171 0.631219 0.649565 0.676718 0.707542 0.723599 0.726284 0.739374 0.752692 0.77464 0.79956 0.829971 0.8418 0.860357 0.922561 0.981866 1.04755 -9999 -9999 -9999 -9999 -9999 -9999 -9999 -9999 -9999 -9999 -9999 -9999 -9999 -9999 -9999 -9999 -9999 -9999 -9999 -9999 -9999 -9999 -9999 -9999 -9999 -9999 -9999 -9999 -9999 -9999 -9999 -9999 -9999 -9999 -9999 -9999 -9999 -9999 -9999 -9999
0.399805 0.397234 0.406239 0.420171 0.424401 0.430165 0.51498 0.541218 0.553354 0.55803 0.570491 0.58235 0.596686 0.609916 0.624629 0.642403 0.663533 0.687247 0.721253 0.719367 0.721584 0.736286 0.752647 0.774711 0.803752 0.8146 0.834867 0.890939 0.993416 1.02085 1.04216 -9999 -9999 -9999 -9999 -9999 -9999 -9999 -9999 -9999 -9999 -9999 -9999 -9999 -9999 -9999 -9999 -9999 -9999 -9999 -9999 -9999 -9999 -9999 -9999 -9999 -9999 -9999 -9999 -9999 -9999 -9999 -9999 -9999 -9999 -9999 -9999 -9999 -9999 -9999
-9999 0.399584 0.408612 0.424064 0.428358 0.431834 0.461082 0.523463 0.547084 0.557056 0.566406 0.577838 0.591862 0.612147 0.623408 0.633556 0.650489 0.675599 0.701323 0.716899 0.712945 0.722148 0.738412 0.751264 0.778035 0.792703 0.814172 0.833225 0.924892 0.990181 1.01181 1.03763 -9999 -9999 -9999 -9999 -9999 -9999 -9999 -9999 -9999 -9999 -9999 -9999 -9999 -9999 -9999 -9999 -9999 -9999 -9999 -9999 -9999 -9999 -9999 -9999 -9999 -9999 -9999 -9999 -9999 -9999 -9999 -9999 -9999 -9999 -9999 -9999 -9999 -9999
-9999 -9999 -9999 -9999 0.434122 0.462788 0.465028 0.524297 0.544435 0.553483 0.561926 0.572994 0.590023 0.602984 0.612504 0.626241 0.64365 0.65842 0.678091 0.699078 0.707714 0.707057 0.728352 0.734488 0.752795 0.7694 0.795366 0.851287 0.913523 0.973902 0.993882 1.01642 -9999 -9999 -9999 -9999 -9999 -9999 -9999 -9999 -9999 -9999 -9999 -9999 -9999 -9999 -9999 -9999 -9999 -9999 -9999 -9999 -9999 -9999 -9999 -9999 -9999 -9999 -9999 -9999 -9999 -9999 -9999 -9999 -9999 -9999 -9999 -9999 -9999 -9999
-9999 -9999 -9999 -9999 -9999 0.461061 0.465382 0.467417 0.54142 0.551632 0.558041 0.568536 0.580815 0.591766 0.603135 0.615185 0.629776 0.645449 0.663894 0.675384 0.678172 0.691363 0.708005 0.722624 0.735293 0.754903 0.780999 0.844034 0.871061 0.966339 0.989024 1.001 1.01805 -9999 -9999 -9999 -9999 -9999 -9999 -9999 -9999 -9999 -9999 -9999 -9999 1.03644 -9999 -9999 -9999 -9999 -9999 -9999 -9999 -9999 -9999 -9999 -9999 -9999 -9999 -9999 -9999 -9999 -9999 -9999 -9999 -9999 0.818233 -9999 -9999 -9999
-9999 -9999 -9999 -9999 0.421422 0.449397 0.457376 0.463878 0.526589 0.548235 0.553832 0.563958 0.574965 0.585337 0.597708 0.606269 0.61727 0.632634 0.643002 0.650061 0.660159 0.671644 0.685337 0.702303 0.721742 0.74281 0.790998 0.817595 0.840948 0.901445 0.955626 0.976575 1.00008 1.01896 -9999 -9999 -9999 -9999 -9999 -9999 -9999 1.02443 1.02565 1.02543 1.0217 1.0119 1.01337 -9999 -9999 -9999 -9999 -9999 -9999 -9999 -9999 -9999 -9999 -9999 -9999 -9999 -9999 -9999 -9999 -9999 -9999 -9999 0.786048 0.776763 -9999 -9999
-9999 -9999 -9999 -9999 0.436541 0.443723 0.454327 0.46201 0.471795 0.542255 0.551612 0.559636 0.568561 0.578373 0.588605 0.594916 0.606177 0.615759 0.625595 0.630907 0.641125 0.655586 0.672311 0.690547 0.713594 0.733337 0.775463 0.799752 0.826871 0.853214 0.934976 0.964851 0.992317 1.01445 -9999 -9999 -9999 -9999 -9999 -9999 1.00399 0.998568 0.995262 1.00348 0.995349 0.986661 0.984137 0.957217 -9999 -9999 -9999 -9999 -9999 -9999 -9999 -9999 -9999 -9999 -9999 -9999 -9999 -9999 0.768659 0.768839 0.777985 0.774525 0.763997 0.753263 -9999 -9999
-9999 -9999 -9999 -9999 0.432644 0.439939 0.449862 0.460142 0.4737 0.492332 0.547432 0.556066 0.564206 0.571306 0.577605 0.586983 0.593999 0.606215 0.607076 0.615905 0.627999 0.646805 0.664289 0.691664 0.714896 0.755573 0.766887 0.7935 0.826577 0.861908 0.926141 0.962638 0.97954 0.999899 -9999 -9999 -9999 -9999 -9999 -9999 0.987414 0.981227 0.975749 0.97456 0.981504 0.967371 0.939317 0.936403 0.926795 0.908873 0.89225 0.894357 0.866269 0.847793 0.834601 0.816456 -9999 -9999 -9999 -9999 0.761325 0.753196 0.744781 0.739847 0.751672 0.753474 0.750432 0.691904 -9999 -9999
-9999 -9999 -9999 -9999 0.42189 0.433572 0.447723 0.463567 0.474943 0.49476 0.545408 0.536938 0.545443 0.552121 0.557531 0.563404 0.570921 0.574804 0.580503 0.589371 0.60985 0.634459 0.641795 0.686178 0.741105 0.747835 0.761636 0.790499 0.8278 0.866472 0.916005 0.949636 0.969354 0.961679 -9999 -9999 -9999 0.969575 0.960772 0.960226 0.95688 0.946503 0.937661 0.959101 0.953718 0.964147 0.925794 0.92187 0.916634 0.900397 0.872862 0.853667 0.842883 0.823254 0.80899 0.771894 0.756307 0.743946 0.734512 0.727481 0.72063 0.713427 0.706185 0.701094 0.729521 0.727587 0.717569 0.650919 -9999 -9999
-9999 -9999 -9999 -9999 0.407983 0.4208 0.434776 0.446095 0.46176 0.473605 0.493296 0.535566 0.543081 0.552624 0.554041 0.557779 0.561289 0.56573 0.571736 0.58752 0.609187 0.633373 0.652855 0.679322 0.709067 0.725284 0.738987 0.79089 0.795238 0.83265 0.854172 0.895659 0.942382 0.967556 -9999 -9999 0.983393 0.966247 0.953478 0.946201 0.942866 0.940707 0.92906 0.924791 0.910638 0.917246 0.890735 0.877739 0.901733 0.883513 0.835061 0.817767 0.804045 0.780221 0.763655 0.74977 0.735632 0.725106 0.716739 0.710015 0.70553 0.699029 0.692216 0.686226 0.68998 0.682609 0.640304 0.6227 -9999 -9999
-9999 -9999 -9999 -9999 0.391066 0.403458 0.41601 0.432963 0.446801 0.476375 0.499779 0.50719 0.54183 0.549796 0.555211 0.554163 0.556171 0.558653 0.562497 0.576674 0.594705 0.621033 0.644183 0.677793 0.702226 0.710396 0.726995 0.749935 0.773879 0.794333 0.844761 0.891903 0.916017 0.959318 0.977003 -9999 0.981943 0.975192 0.959463 0.94485 0.934147 0.934291 0.920286 0.91363 0.910427 0.90722 0.876476 0.841519 0.827249 0.813416 0.791712 0.796515 0.7843 0.764685 0.746482 0.73209 0.719832 0.710207 0.702783 0.696978 0.692267 0.687543 0.681984 0.674929 0.670684 0.63641 0.630429 0.613859 -9999 -9999
-9999 -9999 -9999 0.363859 0.386748 0.397227 0.413091 0.430037 0.447044 0.46391 0.485804 0.509608 0.519531 0.546469 0.556093 0.556945 0.55643 0.553493 0.555744 0.560493 0.572869 0.60219 0.630204 0.642767 0.67331 0.700583 0.719521 0.731956 0.756307 0.787494 0.819187 0.869031 0.915097 0.939457 0.980312 0.984996 0.979858 0.974892 0.963974 0.945683 0.931039 0.921729 0.914638 0.911031 0.902348 0.875715 0.841655 0.827935 0.815551 0.800163 0.784533 0.765376 0.753973 0.750479 0.732313 0.718563 0.707105 0.698383 0.691984 0.687285 0.68359 0.67992 0.674757 0.667152 0.636007 0.627276 0.613809 0.586332 -9999 -9999
-9999 -9999 -9999 -9999 0.384694 0.400468 0.419503 0.438199 0.455121 0.470897 0.489849 0.504814 0.515136 0.531679 0.553897 0.561265 0.555233 0.552806 0.551375 0.554277 0.56076 0.583492 0.603395 0.624768 0.654877 0.672892 0.691094 0.714912 0.742776 0.783692 0.824492 0.881889 0.919178 0.938649 0.974896 0.984903 0.983355 0.96972 0.95846 0.95179 0.944727 0.922515 0.916339 0.892138 0.8763 0.86963 0.832288 0.819603 0.801174 0.784784 0.768604 0.765707 0.744642 0.730219 0.710468 0.707186 0.697118 0.689491 0.684181 0.680758 0.678077 0.675081 0.670324 0.648875 0.623703 0.608463 0.612942 0.581472 -9999 -9999
-9999 -9999 -9999 -9999 -9999 -9999 0.420332 0.438862 0.458225 0.475747 0.491785 0.505849 0.518098 0.528789 0.539005 0.556609 0.557532 0.555467 0.562102 0.555988 0.554661 0.562061 0.573569 0.602279 0.629607 0.642849 0.667984 0.70389 0.738941 0.774765 0.819807 0.873861 0.91536 0.949749 0.967584 0.965768 0.96883 0.955226 0.947838 0.949091 0.940075 0.920542 0.900659 0.884067 0.871877 0.863811 0.825327 0.813679 0.788783 0.770745 0.757419 0.744962 0.735091 0.718162 0.705954 0.691329 0.683771 0.683236 0.679137 0.676649 0.67478 0.67227 0.654706 0.641501 0.62363 0.600989 0.6047 0.581273 -9999 -9999
-9999 -9999 -9999 -9999 -9999 -9999 0.42398 0.444 0.461448 0.471853 0.491581 0.506357 0.520771 0.530961 0.540652 0.551011 0.559671 0.56405 0.570684 0.567533 0.559931 0.559881 0.569028 0.595325 0.608186 0.630984 0.65893 0.698588 0.736248 0.770124 0.815701 0.872257 0.909094 0.948117 0.959606 0.966311 0.966119 0.955399 0.943292 0.934039 0.931814 0.916924 0.894132 0.880496 0.871609 0.855373 0.819042 0.808814 0.780141 0.759539 0.745263 0.729847 0.72218 0.708707 0.696461 0.686798 0.680289 0.677139 0.676341 0.67458 0.673089 0.66504 0.655645 0.641606 0.622703 0.598706 0.589832 0.577361 -9999 -9999
-9999 -9999 -9999 -9999 -9999 -9999 -9999 0.448551 0.46084 0.467987 0.48999 0.507658 0.51944 0.530744 0.541683 0.548822 0.557674 0.56682 0.585142 0.580861 0.57353 0.564625 0.566035 0.579801 0.602985 0.630189 0.670851 0.711779 0.740912 0.772148 0.813816 0.867688 0.906922 0.922157 0.933303 0.939455 0.945256 0.95208 0.942297 0.930235 0.926248 0.909148 0.888447 0.877043 0.862877 0.847556 0.811139 0.791081 0.771339 0.74788 0.735495 0.718868 0.710947 0.700172 0.690503 0.683107 0.677823 0.675545 0.67446 0.673352 0.670735 0.664664 0.654663 0.639935 0.620102 0.595104 0.56668 0.536739 0.508055 -9999
-9999 -9999 -9999 -9999 -9999 -9999 -9999 0.453966 0.47065 0.47498 0.495256 0.505284 0.516203 0.527802 0.540947 0.54703 0.561006 0.563896 0.578949 0.591115 0.586722 0.594397 0.582558 0.576566 0.598559 0.653424 0.688366 0.722229 0.746615 0.775002 0.807766 0.869644 0.900837 0.907622 0.917393 0.925364 0.930382 0.934215 0.934958 0.916665 0.909863 0.894543 0.881598 0.865392 0.854694 0.840837 0.796141 0.779596 0.761002 0.737648 0.727614 0.709016 0.702627 0.694373 0.687231 0.67903 0.675514 0.67373 0.670865 0.670718 0.667114 0.661917 0.651032 0.635516 0.615057 0.589278 0.558727 0.511261 0.481079 0.441461
-9999 -9999 -9999 -9999 -9999 -9999 -9999 -9999 0.481371 0.47857 0.493036 0.504603 0.511522 0.522451 0.532179 0.542466 0.556075 0.56562 0.579229 0.594047 0.616814 0.592829 0.575508 0.573399 0.592319 0.640004 0.672587 0.696613 0.715429 0.748836 0.781907 0.838996 0.869045 0.898639 0.915459 0.92275 0.919592 0.917397 0.911464 0.905428 0.890007 0.88507 0.870596 0.853557 0.836785 0.819283 0.783888 0.759289 0.744074 0.725129 0.711474 0.700012 0.694984 0.689822 0.681081 0.674836 0.671993 0.662717 0.664726 0.664046 0.659804 0.651253 0.644294 0.628104 0.607012 0.581135 0.550483 0.501077 0.462719 0.426849
-9999 -9999 -9999 -9999 -9999 -9999 -9999 -9999 0.486929 0.483249 0.496525 0.49882 0.511052 0.51205 0.521604 0.531393 0.54288 0.555972 0.564984 0.582524 0.600821 0.577458 0.575745 0.57124 0.583663 0.628343 0.640709 0.66836 0.690403 0.726845 0.758412 0.803807 0.836141 0.867238 0.899843 0.910936 0.902352 0.898357 0.890412 0.881052 0.867947 0.851335 0.846179 0.840598 0.832543 0.807502 0.76615 0.74724 0.729993 0.714252 0.701038 0.6903 0.685835 0.678262 0.675176 0.655551 0.650647 0.653385 0.654611 0.653255 0.648336 0.639063 0.62506 0.615214 0.59616 0.570464 0.540484 0.491764 0.453909 0.414161
-9999 -9999 -9999 -9999 -9999 -9999 -9999 -9999 0.512166 0.496751 0.49988 0.501166 0.493479 0.50209 0.510083 0.521418 0.528754 0.538984 0.546862 0.558324 0.57626 0.587506 0.577201 0.549568 0.578206 0.597591 0.616086 0.6429 0.671298 0.696336 0.721362 0.769021 0.807174 0.841819 0.850928 0.872057 0.868301 0.872771 0.874779 0.852664 0.842525 0.828971 0.81767 0.82274 0.801566 0.805183 0.76009 0.74699 0.724986 0.705584 0.691053 0.680554 0.677079 0.646966 0.646125 0.635969 0.638405 0.640413 0.640797 0.63851 0.632752 0.623009 0.608727 0.589743 0.578918 0.552421 0.528761 0.481212 0.44544 0.408076
-9999 -9999 -9999 -9999 -9999 -9999 -9999 -9999 0.508473 0.503959 0.495968 0.484692 0.484108 0.492186 0.496545 0.504102 0.512079 0.521832 0.531829 0.541864 0.557837 0.570191 0.556547 0.552568 0.544823 0.555811 0.60608 0.624898 0.6469 0.671948 0.697705 0.739335 0.768515 0.783554 0.809164 0.834665 0.828272 0.832509 0.836171 0.823103 0.814363 0.814296 0.808058 0.790896 0.786553 0.773578 0.73091 0.740196 0.720337 0.695347 0.655097 0.646665 0.640105 0.636059 0.620787 0.621731 0.623247 0.624145 0.623493 0.620209 0.613642 0.603485 0.589169 0.57074 0.548579 0.537149 0.508124 0.460132 0.436526 0.401882
-9999 -9999 -9999 -9999 -9999 -9999 -9999 -9999 0.48926 0.501699 0.494908 0.474622 0.472152 0.476841 0.481212 0.48784 0.496803 0.503235 0.510394 0.520033 0.526468 0.538319 0.555775 0.533459 0.548014 0.557082 0.565069 0.574493 0.594387 0.619867 0.699292 0.716452 0.717561 0.746169 0.766173 0.785413 0.785744 0.791396 0.792621 0.789386 0.792439 0.796156 0.793942 0.768565 0.753105 0.75511 0.725188 0.661891 0.637129 0.62115 0.647383 0.644388 0.629792 0.608192 0.606037 0.605391 0.605246 0.605103 0.603139 0.599033 0.591902 0.581366 0.5673 0.549615 0.528595 0.504514 0.493211 0.447198 0.415036 0.341429
-9999 -9999 -9999 -9999 -9999 -9999 -9999 -9999 -9999 0.492031 0.465302 0.454053 0.45252 0.454573 0.459258 0.466249 0.473523 0.479357 0.484916 0.49264 0.501859 0.516548 0.528866 0.526383 0.542638 0.558647 0.565818 0.565668 0.577936 0.60477 0.660844 0.650158 0.658159 0.677333 0.695369 0.710606 0.745294 0.75168 0.755514 0.760076 0.77677 0.746357 0.741 0.723448 0.710894 0.707978 0.669386 0.641844 0.622607 0.608893 0.609632 0.603451 0.570166 0.563998 0.564839 0.562926 0.585003 0.583513 0.580584 0.575682 0.568008 0.557387 0.543711 0.499561 0.477501 0.452678 0.44156 0.396201 0.365943 0.335101
-9999 -9999 -9999 -9999 -9999 -9999 -9999 -9999 -9999 0.469971 0.454911 0.437868 0.439439 0.439865 0.440137 0.446619 0.45518 0.462095 0.467914 0.473439 0.485309 0.497207 0.509589 0.517 0.521147 0.557138 0.559733 0.553213 0.564673 0.583292 0.616411 0.639961 0.641006 0.643744 0.657189 0.670433 0.69509 0.696839 0.706473 0.715126 0.711658 0.706883 0.7053 0.686262 0.679491 0.661623 0.648137 0.627309 0.611449 0.593515 0.593734 0.589125 0.554903 0.546778 0.545562 0.539069 0.536303 0.53418 0.530792 0.525129 0.516763 0.50529 0.490876 0.47354 0.453561 0.43147 0.407948 0.399804 0.36788 0.339829
-9999 -9999 -9999 -9999 -9999 -9999 -9999 -9999 -9999 0.451752 0.443434 0.428151 0.418795 0.426189 0.424486 0.425977 0.434762 0.442859 0.450105 0.454254 0.467728 0.482612 0.495846 0.512155 0.516049 0.515158 0.540071 0.538913 0.54989 0.567161 0.58784 0.59737 0.600687 0.608373 0.618731 0.630084 0.640907 0.647213 0.654513 0.654948 0.658314 0.663966 0.659312 0.644531 0.647 0.634007 0.617301 0.610597 0.589936 0.575907 0.579346 0.546148 0.531517 0.523275 0.516676 0.512879 0.51017 0.506177 0.502025 0.495866 0.48746 0.476629 0.46324 0.447633 0.429794 0.411116 0.391505 0.379655 0.359823 0.334096
-9999 -9999 -9999 -9999 -9999 -9999 -9999 -9999 -9999 0.432748 0.424779 0.411432 0.406187 0.41127 0.407739 0.40439 0.410127 0.41846 0.422962 0.4303 0.442573 0.456107 0.471256 0.481348 0.500091 0.494309 0.523597 0.522895 0.529224 0.545671 0.561333 0.565643 0.569835 0.577814 0.580108 0.588269 0.596681 0.610709 0.616737 0.612859 0.610894 0.608474 0.609952 0.601343 0.597789 0.590669 0.583849 0.582095 0.567447 0.558526 0.532084 0.514147 0.504116 0.496949 0.490824 0.487314 0.483054 0.47768 0.472764 0.46638 0.45822 0.44801 0.435923 0.422255 0.406726 0.391678 0.377267 0.365673 0.358076 0.326937
-9999 -9999 -9999 -9999 -9999 -9999 -9999 -9999 -9999 0.419264 0.408772 0.397222 0.396236 0.401262 0.388604 0.382396 0.386752 0.392643 0.398416 0.412912 0.415212 0.420719 0.435005 0.454874 0.477216 0.482169 0.492579 0.506345 0.511307 0.530332 0.544461 0.55023 0.548199 0.546761 0.543925 0.547564 0.555289 0.574411 0.59256 0.583303 0.571631 0.566992 0.563549 0.565402 0.560824 0.55589 0.555061 0.536861 0.549292 0.538902 0.500102 0.490374 0.479548 0.470495 0.468666 0.46409 0.455725 0.448783 0.443504 0.437064 0.42915 0.419825 0.408999 0.397477 0.384588 0.371176 0.366216 0.356199 0.335617 0.317972
-9999 -9999 -9999 -9999 -9999 -9999 -9999 -9999 -9999 0.408014 0.401085 0.389 0.387348 0.380981 0.368385 0.364175 0.363995 0.367646 0.372614 0.380965 0.387329 0.396944 0.411887 0.431454 0.453409 0.470319 0.47163 0.492936 0.480679 0.511914 0.525631 0.52474 0.519735 0.50848 0.50402 0.507278 0.51161 0.517056 0.530386 0.544942 0.542811 0.531892 0.534139 0.536743 0.527356 0.522681 0.523604 0.5231 0.519922 0.494738 0.477872 0.469369 0.457538 0.442971 0.437305 0.433448 0.424922 0.41998 0.414479 0.408028 0.400688 0.392219 0.382629 0.372542 0.362349 0.356801 0.349424 0.343915 0.329931 0.30342
-9999 -9999 -9999 -9999 -9999 -9999 -9999 -9999 -9999 0.400496 0.389923 0.377648 0.366175 0.355276 0.346194 0.348756 0.34534 0.34861 0.348289 0.352619 0.360879 0.369786 0.383409 0.40732 0.428651 0.451957 0.453362 0.45584 0.472837 0.486871 0.508069 0.496961 0.483827 0.471898 0.466839 0.476805 0.471971 0.473949 0.479211 0.48797 0.500967 0.49879 0.506881 0.504323 0.495496 0.49014 0.48738 0.487173 0.468807 0.466103 0.451206 0.444746 0.433422 0.420818 0.408546 0.402631 0.396426 0.391332 0.385841 0.379673 0.372899 0.365494 0.357452 0.348991 0.345081 0.34153 0.334354 0.328281 0.316146 0.278747
