Test_Spring_2018b/03_18/Prec/20180303_005.txt
ncols	170
nrows	115
xllcorner	350000.000000
yllcorner	4445000.000000
cellsize	1000.000000
nodata_value	-9999.000000
[rows 36 to 71 of 115, columns 80 to 159 of 170]
0.252211 0.257578 0.263227 0.267919 0.27178 0.275842 0.280096 0.283793 0.287938 0.292106 0.294578 0.295746 0.299576 0.301338 0.30449 0.307254 0.311022 0.310924 0.311651 0.329309 0.330142 0.331197 -9999 -9999 -9999 -9999 -9999 -9999 -9999 -9999 -9999 -9999 -9999 -9999 -9999 -9999 -9999 -9999 -9999 -9999 -9999 -9999 -9999 -9999 -9999 -9999 -9999 -9999 -9999 -9999 -9999 -9999 -9999 -9999 -9999 -9999 -9999 -9999 -9999 -9999 -9999 -9999 -9999 -9999 -9999 -9999 -9999 -9999 -9999 -9999 -9999 -9999 -9999 -9999 -9999 -9999 -9999 -9999 -9999 -9999
0.245763 0.251144 0.256194 0.260571 0.264569 0.268303 0.272091 0.275818 0.279754 0.282697 0.284437 0.287396 0.290667 0.293525 0.295943 0.299017 0.296453 0.303324 0.306155 0.321391 0.322224 0.321558 0.321457 -9999 -9999 -9999 -9999 -9999 -9999 -9999 -9999 -9999 -9999 -9999 -9999 0.297884 -9999 -9999 -9999 -9999 -9999 -9999 -9999 -9999 -9999 -9999 -9999 -9999 -9999 -9999 -9999 -9999 -9999 -9999 -9999 -9999 0.177055 -9999 -9999 -9999 -9999 -9999 -9999 -9999 -9999 -9999 -9999 -9999 -9999 -9999 -9999 -9999 -9999 -9999 -9999 -9999 -9999 -9999 -9999 -9999
0.239985 0.24547 0.250406 0.254679 0.258718 0.261893 0.265102 0.268678 0.2715 0.273823 0.276463 0.279194 0.282086 0.285223 0.288452 0.291611 0.291024 0.293856 0.295936 0.296716 0.311124 0.31122 0.311556 0.311311 -9999 -9999 -9999 -9999 -9999 -9999 -9999 0.297718 0.296577 0.295035 0.292722 0.289237 0.286743 -9999 -9999 -9999 -9999 -9999 -9999 -9999 -9999 -9999 -9999 -9999 -9999 -9999 -9999 -9999 -9999 -9999 -9999 -9999 0.172845 0.16855 -9999 -9999 -9999 -9999 -9999 -9999 -9999 -9999 -9999 -9999 -9999 -9999 -9999 -9999 -9999 -9999 -9999 -9999 -9999 -9999 -9999 -9999
0.235257 0.240682 0.245444 0.249639 0.253331 0.256098 0.259199 0.261901 0.264534 0.266538 0.269124 0.272183 0.275415 0.27866 0.282265 0.285129 0.283801 0.286097 0.288356 0.290141 0.302137 0.302985 0.303445 0.303262 -9999 -9999 -9999 -9999 -9999 -9999 0.289006 0.287542 0.286295 0.286307 0.283902 0.280983 0.278346 0.257028 -9999 -9999 -9999 -9999 -9999 -9999 -9999 -9999 -9999 -9999 -9999 -9999 -9999 -9999 0.180436 0.178361 0.177196 0.174158 0.169928 0.165381 -9999 -9999 -9999 -9999 -9999 -9999 -9999 -9999 -9999 -9999 -9999 -9999 -9999 -9999 -9999 -9999 -9999 -9999 -9999 -9999 -9999 -9999
0.231128 0.236891 0.241681 0.245549 0.248673 0.251704 0.254107 0.256977 0.258314 0.26063 0.263342 0.266861 0.270107 0.274423 0.277938 0.277299 0.278123 0.280449 0.28315 0.285716 0.300202 0.296486 0.295226 0.294477 -9999 -9999 -9999 -9999 -9999 -9999 0.28023 0.27909 0.278021 0.277293 0.27723 0.273996 0.254503 0.251178 0.246569 0.240561 0.234492 0.227977 0.215327 0.209414 0.20448 0.199273 -9999 -9999 -9999 -9999 0.182385 0.179764 0.17699 0.174446 0.173744 0.171426 0.168128 0.144089 -9999 -9999 -9999 -9999 -9999 -9999 -9999 -9999 -9999 -9999 -9999 -9999 -9999 -9999 -9999 -9999 -9999 -9999 -9999 -9999 -9999 -9999
0.228135 0.226411 0.231636 0.235755 0.238965 0.241624 0.244031 0.245648 0.247283 0.249187 0.252474 0.256196 0.257606 0.270051 0.27621 0.272624 0.27352 0.275847 0.278759 0.281387 0.292955 0.289173 0.287906 0.278045 -9999 -9999 -9999 0.269898 0.267718 0.267022 0.266276 0.264775 0.263425 0.27061 0.269369 0.26239 0.249945 0.246572 0.242544 0.23673 0.22922 0.222656 0.210048 0.204024 0.199029 0.188471 0.18438 0.181038 0.178333 0.176099 0.173936 0.171656 0.169185 0.166707 0.170901 0.168158 0.163942 0.137774 -9999 -9999 -9999 -9999 -9999 -9999 -9999 -9999 -9999 -9999 -9999 -9999 -9999 -9999 -9999 -9999 -9999 -9999 -9999 -9999 -9999 -9999
0.207028 0.224949 0.230347 0.235004 0.237765 0.240111 0.241881 0.243379 0.244817 0.247339 0.250504 0.2539 0.256584 0.258625 0.262159 0.260026 0.260543 0.272284 0.264035 0.266319 0.266319 0.274574 0.273779 0.273576 -9999 -9999 0.267806 0.264158 0.261651 0.260342 0.259886 0.259742 0.258346 0.257643 0.255266 0.248464 0.238272 0.233773 0.238287 0.232145 0.217108 0.210963 0.202776 0.192941 0.188079 0.183982 0.180277 0.177408 0.175107 0.173192 0.1716 0.16965 0.167427 0.164967 0.163327 0.15981 0.140952 0.133009 -9999 -9999 -9999 -9999 -9999 -9999 -9999 -9999 -9999 -9999 -9999 -9999 -9999 -9999 -9999 -9999 -9999 -9999 -9999 -9999 -9999 -9999
0.207599 0.215155 0.229979 0.23465 0.23801 0.239729 0.241191 0.242243 0.24315 0.245171 0.247558 0.250902 0.253732 0.25647 0.258988 0.25016 0.250417 0.251301 0.252135 0.252361 0.261278 0.269446 0.268454 0.26801 0.267081 -9999 0.263029 0.26082 0.258117 0.256105 0.254972 0.255389 0.253952 0.253175 0.246806 0.245057 0.234643 0.222704 0.217489 0.212126 0.205677 0.205973 0.198005 0.192133 0.184246 0.180236 0.176969 0.174455 0.17254 0.171016 0.16966 0.168167 0.166285 0.163809 0.161199 0.145527 0.141004 0.132938 -9999 -9999 -9999 -9999 -9999 -9999 -9999 -9999 -9999 -9999 -9999 -9999 -9999 -9999 -9999 -9999 -9999 -9999 -9999 -9999 -9999 -9999
0.201828 0.216243 0.223374 0.234833 0.238855 0.240825 0.241871 0.242045 0.242487 0.242995 0.244316 0.24768 0.249758 0.245971 0.248221 0.247072 0.247259 0.246497 0.247126 0.248515 0.24989 0.258099 0.264218 0.263354 0.263683 0.26165 0.259053 0.257203 0.255286 0.253009 0.251588 0.251013 0.250644 0.246013 0.244108 0.235128 0.224417 0.21944 0.214335 0.208662 0.202895 0.196748 0.189387 0.18836 0.18316 0.177239 0.17427 0.172103 0.170573 0.169448 0.168463 0.167313 0.165641 0.163192 0.150483 0.145855 0.138085 0.128445 -9999 -9999 -9999 -9999 -9999 -9999 -9999 -9999 -9999 -9999 -9999 -9999 -9999 -9999 -9999 -9999 -9999 -9999 -9999 -9999 -9999 -9999
0.202805 0.212997 0.221278 0.231225 0.239647 0.242491 0.242772 0.242847 0.242574 0.242534 0.242751 0.241393 0.242083 0.24282 0.244554 0.241985 0.241724 0.242123 0.242984 0.245463 0.247912 0.256674 0.25795 0.257232 0.261019 0.258731 0.256705 0.253895 0.252092 0.251451 0.251146 0.249064 0.245823 0.239507 0.235995 0.233123 0.222062 0.217058 0.211049 0.205141 0.199231 0.195111 0.186631 0.181995 0.177163 0.176176 0.172167 0.170356 0.169192 0.168455 0.167805 0.166912 0.165416 0.156673 0.148841 0.142938 0.139058 0.128658 -9999 -9999 -9999 -9999 -9999 -9999 -9999 -9999 -9999 -9999 -9999 -9999 -9999 -9999 -9999 -9999 -9999 -9999 -9999 -9999 -9999 -9999
0.203346 0.213979 0.223003 0.230376 0.236198 0.243039 0.244182 0.244182 0.244723 0.242214 0.240031 0.238872 0.238015 0.239213 0.237949 0.236727 0.237032 0.23873 0.240346 0.242097 0.245078 0.253184 0.255087 0.256397 0.256042 0.253739 0.252984 0.250319 0.249136 0.249606 0.249129 0.244275 0.24105 0.237788 0.234572 0.231349 0.220145 0.215118 0.208167 0.201969 0.19638 0.191044 0.184112 0.17927 0.175542 0.172048 0.169976 0.169172 0.168352 0.167911 0.167518 0.166806 0.160335 0.155873 0.150079 0.143041 0.138838 0.129256 -9999 -9999 -9999 -9999 -9999 -9999 -9999 -9999 -9999 -9999 -9999 -9999 -9999 -9999 -9999 -9999 -9999 -9999 -9999 -9999 -9999 -9999
0.20315 0.214297 0.223993 0.231647 0.237671 0.242202 0.245277 0.246031 0.246045 0.244134 0.241074 0.238574 0.237 0.23748 0.234089 0.233761 0.234174 0.236178 0.23804 0.239538 0.242657 0.251031 0.252522 0.254635 0.253699 0.252696 0.251409 0.24945 0.247754 0.246696 0.245918 0.243575 0.239824 0.236754 0.233765 0.229321 0.218342 0.213368 0.205853 0.199291 0.193589 0.187928 0.181412 0.177152 0.173583 0.170893 0.169128 0.168235 0.167944 0.16771 0.167453 0.164637 0.161421 0.156776 0.150739 0.143389 0.13743 0.129102 -9999 -9999 -9999 -9999 -9999 -9999 -9999 -9999 -9999 -9999 -9999 -9999 -9999 -9999 -9999 -9999 -9999 -9999 -9999 -9999 -9999 -9999
0.202079 0.213841 0.223461 0.231504 0.237896 0.242172 0.245072 0.246531 0.248071 0.245845 0.242576 0.238658 0.235785 0.234357 0.232041 0.232048 0.233917 0.235996 0.236766 0.237999 0.240764 0.248923 0.250975 0.250343 0.249638 0.24881 0.248477 0.2488 0.247454 0.245889 0.245126 0.242352 0.238679 0.235689 0.231832 0.227331 0.216265 0.209959 0.203549 0.196643 0.191248 0.185537 0.179129 0.175381 0.172315 0.170083 0.168623 0.167962 0.167736 0.167625 0.1669 0.16494 0.161616 0.156834 0.150616 0.143069 0.134554 0.12395 0.114747 -9999 -9999 -9999 -9999 -9999 -9999 -9999 -9999 -9999 -9999 -9999 -9999 -9999 -9999 -9999 -9999 -9999 -9999 -9999 -9999 -9999
0.201037 0.211877 0.221484 0.229689 0.236496 0.240184 0.244054 0.244837 0.245494 0.246208 0.243188 0.241211 0.236464 0.232335 0.229711 0.233124 0.234209 0.235395 0.235633 0.236642 0.238476 0.247932 0.249272 0.247885 0.247305 0.246961 0.246713 0.246268 0.246428 0.243923 0.242807 0.24008 0.237193 0.233392 0.229796 0.225339 0.213135 0.207254 0.201021 0.194211 0.189239 0.183435 0.177352 0.174112 0.171544 0.169363 0.168246 0.167723 0.166769 0.166992 0.166125 0.164226 0.160763 0.155863 0.149559 0.14192 0.133157 0.120362 0.111022 0.10048 0 -9999 -9999 -9999 -9999 -9999 -9999 -9999 -9999 -9999 -9999 -9999 -9999 -9999 -9999 -9999 -9999 -9999 -9999 -9999
0.19817 0.209053 0.218078 0.226192 0.230733 0.2362 0.240246 0.241969 0.242544 0.241846 0.24497 0.238937 0.233442 0.229751 0.226683 0.229196 0.23003 0.23006 0.229733 0.231573 0.233685 0.242931 0.244461 0.246303 0.246919 0.245037 0.243739 0.243677 0.242947 0.241895 0.239252 0.238125 0.23485 0.230766 0.226254 0.221238 0.21014 0.203281 0.197573 0.191464 0.186208 0.181512 0.175709 0.173056 0.170453 0.16865 0.1677 0.164192 0.165095 0.165175 0.164157 0.161842 0.158807 0.153837 0.147504 0.139937 0.131275 0.118359 0.108146 0 0 0 -9999 -9999 -9999 -9999 -9999 -9999 -9999 -9999 -9999 -9999 -9999 -9999 -9999 -9999 -9999 -9999 -9999 -9999
0.19522 0.204589 0.212749 0.217451 0.224477 0.229845 0.233671 0.235966 0.236135 0.236002 0.234874 0.230438 0.230594 0.226675 0.224924 0.225096 0.223505 0.224166 0.224448 0.226904 0.229083 0.237318 0.239472 0.241824 0.241767 0.241365 0.240577 0.240263 0.239204 0.237613 0.235117 0.23171 0.231314 0.227613 0.224114 0.2181 0.206194 0.200166 0.194353 0.188842 0.183858 0.179482 0.173825 0.171053 0.169318 0.161546 0.16049 0.161625 0.162297 0.162174 0.160978 0.158514 0.154702 0.151785 0.144532 0.137142 0.128761 0.116139 0.106251 0 0 0 0 0 0 -9999 -9999 -9999 -9999 -9999 -9999 -9999 -9999 -9999 -9999 -9999 -9999 -9999 -9999 -9999
0.188888 0.198251 0.20209 0.210166 0.216752 0.222207 0.225522 0.227584 0.22784 0.227244 0.226432 0.224039 0.222082 0.214427 0.220991 0.218148 0.21756 0.218343 0.219671 0.220927 0.222533 0.231561 0.229713 0.233607 0.23189 0.234857 0.23466 0.23536 0.235472 0.232143 0.2299 0.226763 0.22347 0.224606 0.219547 0.215851 0.203453 0.198326 0.192108 0.186356 0.181444 0.17734 0.171841 0.158902 0.15879 0.156218 0.157201 0.158065 0.158458 0.158071 0.156665 0.154093 0.150259 0.14517 0.141951 0.134876 0.125681 0.11348 0.10419 0 0 0 0 0 0 0 -9999 -9999 -9999 -9999 -9999 -9999 -9999 -9999 -9999 -9999 -9999 -9999 -9999 -9999
0.183538 0.18691 0.194432 0.201964 0.207758 0.212557 0.215933 0.218062 0.218844 0.218428 0.217805 0.216037 0.210562 0.210379 0.205668 0.201502 0.2131 0.213134 0.213909 0.208355 0.210752 0.220038 0.223048 0.221011 0.22441 0.2279 0.227301 0.227882 0.228101 0.225818 0.22366 0.222168 0.219482 0.21505 0.215271 0.210946 0.198714 0.195405 0.189689 0.183472 0.165585 0.162587 0.157087 0.156089 0.15194 0.152425 0.153091 0.153607 0.153677 0.153009 0.1514 0.148743 0.144945 0.14004 0.134138 0.130795 0.123201 0.111171 0.101892 0 0 0 0 0 0 0 0 -9999 -9999 -9999 -9999 -9999 -9999 -9999 -9999 -9999 -9999 -9999 -9999 -9999
0.178141 0.179304 0.185902 0.192456 0.197858 0.202311 0.205756 0.207572 0.208252 0.208169 0.206807 0.205504 0.204534 0.198366 0.201502 0.197579 0.187597 0.186288 0.186989 0.189097 0.213483 0.214739 0.209963 0.213503 0.216149 0.21877 0.218932 0.219589 0.219398 0.218281 0.217565 0.216535 0.214383 0.208974 0.204582 0.205908 0.195342 0.173517 0.167207 0.162383 0.162963 0.160783 0.154027 0.148199 0.147875 0.147973 0.148217 0.148388 0.148099 0.147177 0.14541 0.142692 0.138993 0.134327 0.128787 0.122481 0.119207 0.107754 0 0 0 0 0 0 0 0 0 0 -9999 -9999 -9999 -9999 -9999 -9999 -9999 -9999 -9999 -9999 -9999 -9999
0.156364 0.162457 0.169093 0.1753 0.180786 0.185371 0.188717 0.190594 0.191211 0.191019 0.190128 0.189282 0.187739 0.184169 0.187742 0.185178 0.183439 0.18128 0.181274 0.183707 0.195647 0.189137 0.190205 0.193009 0.195831 0.198292 0.210159 0.210803 0.210855 0.210671 0.21167 0.198557 0.195529 0.190631 0.186167 0.186515 0.174796 0.168181 0.162867 0.158581 0.156512 0.149554 0.141353 0.140066 0.139981 0.13974 0.14271 0.142505 0.141915 0.140761 0.13886 0.136142 0.132583 0.124364 0.118809 0.112563 0.109633 0 0 0 0 0 0 0 0 0 0 0 0 -9999 -9999 -9999 -9999 -9999 -9999 -9999 -9999 -9999 -9999 -9999
0.148788 0.153202 0.159395 0.164695 0.169085 0.173259 0.176622 0.178689 0.179581 0.179511 0.179486 0.178899 0.178019 0.176362 0.174336 0.179875 0.178 0.175382 0.175518 0.177048 0.181166 0.183707 0.183758 0.184284 0.186301 0.188283 0.191565 0.191665 0.192401 0.192588 0.190797 0.188428 0.186114 0.181319 0.177917 0.173045 0.168677 0.163233 0.158634 0.15405 0.152096 0.145132 0.136642 0.135028 0.134546 0.133549 0.133069 0.132601 0.13179 0.130414 0.128349 0.125504 0.121889 0.117525 0.11249 0.106907 0.100928 0 0 0 0 0 0 0 0 0 0 0 0 -9999 -9999 -9999 -9999 -9999 -9999 -9999 -9999 -9999 -9999 -9999
0.141092 0.144834 0.148834 0.15434 0.15795 0.161134 0.164358 0.166597 0.167871 0.167982 0.168639 0.168992 0.168824 0.168903 0.167417 0.16547 0.170472 0.168859 0.169158 0.170642 0.173003 0.173706 0.173917 0.174891 0.176308 0.17784 0.179183 0.179729 0.180104 0.179264 0.178441 0.177575 0.175117 0.171158 0.169258 0.165345 0.160993 0.157715 0.152775 0.148908 0.147527 0.133356 0.130578 0.128876 0.127586 0.126773 0.126131 0.125264 0.124226 0.122707 0.12062 0.11791 0.114554 0.11061 0.106109 0.101275 0 0 0 0 0 0 0 0 0 0 0 0 0 -9999 -9999 -9999 -9999 -9999 -9999 -9999 -9999 -9999 -9999 -9999
0.132578 0.135731 0.1395 0.144065 0.146932 0.149147 0.151801 0.154062 0.155144 0.155963 0.156886 0.157566 0.15818 0.158012 0.158927 0.156817 0.163042 0.161778 0.161687 0.163562 0.164706 0.16469 0.16489 0.165734 0.165936 0.166877 0.167756 0.169176 0.16935 0.167998 0.166613 0.16491 0.16348 0.160598 0.158252 0.155411 0.152629 0.150428 0.146501 0.143485 0.134953 0.125925 0.123724 0.122093 0.120752 0.119839 0.118856 0.117682 0.116447 0.114849 0.112803 0.110249 0.107203 0.103714 0 0 0 0 0 0 0 0 0 0 0 0 0 0 0 0 0 -9999 -9999 -9999 -9999 0 -9999 -9999 -9999 -9999
0.124547 0.127163 0.130774 0.134727 0.135947 0.137453 0.139738 0.141654 0.143014 0.144993 0.145005 0.145097 0.146074 0.147627 0.149454 0.149112 0.149289 0.154354 0.154263 0.156337 0.157305 0.15742 0.156715 0.15621 0.155591 0.155794 0.156453 0.158438 0.160134 0.158153 0.155662 0.153872 0.152065 0.150799 0.148629 0.146373 0.144645 0.13752 0.140519 0.137496 0.121661 0.119311 0.117 0.115071 0.11418 0.113015 0.111391 0.109915 0.108565 0.106936 0.104956 0.102611 0 0 0 0 0 0 0 0 0 0 0 0 0 0 0 0 0 0 0 0 0 0 0 0 -9999 -9999 -9999 -9999
0.117757 0.119608 0.122493 0.124436 0.125206 0.12663 0.12814 0.129714 0.131051 0.13245 0.133279 0.134263 0.135733 0.137665 0.139839 0.141368 0.140959 0.147124 0.140501 0.14848 0.149408 0.148621 0.147432 0.145538 0.14456 0.144573 0.14469 0.144877 0.145962 0.147077 0.145936 0.143546 0.142708 0.141815 0.139326 0.137392 0.136158 0.134761 0.132893 0.124715 0.115027 0.112875 0.110427 0.107743 0.106281 0.105109 0.103368 0.102069 0.100647 0 0 0 0 0 0 0 0 0 0 0 0 0 0 0 0 0 0 0 0 0 0 0 0 0 0 0 -9999 -9999 -9999 -9999
0.110738 0.111934 0.112983 0.11383 0.114615 0.116577 0.117474 0.118925 0.119639 0.120687 0.122008 0.123219 0.124874 0.127721 0.13016 0.132807 0.132657 0.133025 0.138737 0.139632 0.141514 0.13937 0.137042 0.13493 0.133737 0.134476 0.133335 0.133038 0.133115 0.133576 0.134503 0.133425 0.133574 0.132296 0.130157 0.12841 0.126957 0.125813 0.119477 0.117235 0.10773 0.105871 0.103472 0.100986 0 0 0 0 0 0 0 0 0 0 0 0 0 0 0 0 0 0 0 0 0 0 0 0 0 0 0 0 0 0 0 0 0 -9999 -9999 -9999
0.103218 0.103604 0.104323 0.105996 0.106426 0.107312 0.108185 0.109366 0.108805 0.109761 0.111094 0.112554 0.114366 0.11695 0.118914 0.121689 0.123812 0.121445 0.13159 0.130708 0.130532 0.129237 0.126647 0.123947 0.123268 0.124277 0.123599 0.122809 0.121611 0.121398 0.123239 0.123804 0.124077 0.12249 0.120769 0.119537 0.118363 0.117296 0.106742 0.102236 0 0 0 0 0 0 0 0 0 0 0 0 0 0 0 0 0 0 0 0 0 0 0 0 0 0 0 0 0 0 0 0 0 0 0 0 0 0 -9999 -9999
0 0 0 0 0.100787 0.101656 0 0.100237 0 0 0.100582 0.102302 0.104352 0.106485 0.109133 0.112379 0.114993 0.116105 0.117218 0.1197 0.118716 0.117398 0.115312 0.11428 0.114988 0.11564 0.114183 0.113122 0.110829 0.110086 0.110083 0.111241 0.112602 0.113105 0.111596 0.11087 0.110079 0.109185 0.103548 0 0 0 0 0 0 0 0 0 0 0 0 0 0 0 0 0 0 0 0 0 0 0 0 0 0 0 0 0 0 0 0 0 0 0 0 0 0 0 0 -9999
-9999 -9999 -9999 -9999 -9999 0 0 0 0 0 0 0 0 0 0.100363 0.101679 0.10018 0.106687 0.108284 0.110576 0.108739 0.1074 0.105871 0.105335 0.105469 0.106172 0.104389 0.101916 0 0 0 0 0.101147 0.103694 0.102628 0.102429 0.101938 0.10138 0 0 0 0 0 0 0 0 0 0 0 0 0 0 0 0 0 0 0 0 0 0 0 0 0 0 0 0 0 0 0 0 0 0 0 0 0 0 0 -9999 -9999 -9999
-9999 -9999 -9999 -9999 -9999 0 0 0 0 0 0 0 0 0 0 0 0 0 0 0.102083 0.100462 0 0 0 0 0 0 0 0 0 0 0 0 0 0 0 0 0 0 0 0 0 0 0 0 0 0 0 0 0 0 0 0 0 0 0 0 0 0 0 0 0 0 0 0 0 0 0 0 0 0 0 0 0 -9999 -9999 -9999 -9999 -9999 -9999
-9999 -9999 -9999 -9999 -9999 -9999 0 0 0 0 0 0 0 0 0 0 0 0 0 0 0 0 0 0 0 0 0 0 0 0 0 0 0 0 0 0 0 0 0 0 0 0 0 0 0 0 0 0 0 0 0 0 0 0 0 0 0 0 0 0 0 0 0 0 0 0 0 0 0 0 0 0 0 -9999 -9999 -9999 -9999 -9999 -9999 -9999
-9999 -9999 -9999 -9999 -9999 -9999 0 0 0 0 0 0 0 0 0 0 0 -9999 -9999 -9999 -9999 -9999 -9999 0 0 0 0 0 0 0 0 0 0 0 0 0 0 0 0 0 0 0 0 0 0 0 0 0 0 0 0 0 0 0 0 0 0 0 0 0 0 0 0 0 0 0 0 0 0 0 0 0 -9999 -9999 -9999 -9999 -9999 -9999 -9999 -9999
-9999 -9999 -9999 -9999 -9999 -9999 -9999 0 0 0 0 0 0 0 0 0 0 -9999 -9999 -9999 -9999 -9999 -9999 0 0 0 0 0 0 0 0 0 0 0 0 0 0 0 0 0 0 0 0 0 0 0 0 0 0 0 0 0 0 0 0 0 0 0 0 0 0 0 0 0 0 0 0 0 0 0 -9999 -9999 -9999 -9999 -9999 -9999 -9999 -9999 -9999 -9999
-9999 -9999 -9999 -9999 -9999 -9999 -9999 -9999 0 0 0 0 0 0 0 -9999 -9999 -9999 -9999 -9999 -9999 -9999 -9999 0 0 0 0 0 0 0 0 0 0 0 -9999 0 0 0 0 0 0 0 0 0 0 0 0 0 0 0 0 0 0 0 0 0 0 0 0 0 0 0 0 0 0 0 0 0 0 0 -9999 -9999 -9999 -9999 -9999 -9999 -9999 -9999 -9999 -9999
-9999 -9999 -9999 -9999 -9999 -9999 -9999 -9999 -9999 0 0 0 -9999 -9999 -9999 -9999 -9999 -9999 -9999 -9999 -9999 -9999 0 0 0 0 0 0 0 0 0 -9999 -9999 -9999 -9999 -9999 -9999 0 0 0 0 0 0 0 0 0 0 0 0 0 0 0 0 0 0 0 0 0 0 0 0 0 0 0 0 0 0 0 0 -9999 -9999 -9999 -9999 -9999 -9999 -9999 -9999 -9999 -9999 -9999
-9999 -9999 -9999 -9999 -9999 -9999 -9999 -9999 -9999 -9999 -9999 -9999 -9999 -9999 -9999 -9999 -9999 -9999 -9999 -9999 -9999 -9999 0 0 0 0 0 0 0 0 0 -9999 -9999 -9999 -9999 -9999 -9999 -9999 0 0 0 0 0 0 0 0 0 0 0 0 0 0 0 0 0 0 0 0 0 0 0 0 0 0 0 0 0 0 -9999 -9999 -9999 -9999 -9999 -9999 -9999 -9999 -9999 -9999 -9999 -9999
