Test_Spring_2018b/03_18/Prec/20180323_000.txt
ncols	170
nrows	115
xllcorner	350000.000000
yllcorner	4445000.000000
cellsize	1000.000000
nodata_value	-9999.000000
[rows 31 to 61 of 115, columns 70 to 139 of 170]
0.518731 0.514271 0.514059 0.520849 0.523425 0.534116 0.55073 0.55582 0.561383 0.56734 0.577233 0.583775 0.592313 0.603448 0.610211 0.625696 0.6676 0.658921 0.656512 0.669391 0.664449 0.655525 0.665992 0.694405 0.708177 0.729526 0.727387 0.752104 0.771002 -9999 -9999 -9999 -9999 -9999 -9999 -9999 -9999 -9999 -9999 -9999 -9999 -9999 -9999 -9999 -9999 -9999 -9999 -9999 -9999 -9999 -9999 -9999 -9999 -9999 -9999 -9999 -9999 -9999 -9999 -9999 -9999 -9999 -9999 -9999 -9999 -9999 -9999 -9999 -9999 -9999
0.50664 0.505809 0.508353 0.515111 0.51173 0.509241 0.549571 0.553074 0.550669 0.555022 0.562637 0.574579 0.581417 0.58809 0.593298 0.60628 0.636837 0.664306 0.652892 0.654423 0.665493 0.650584 0.661351 0.686579 0.721646 0.707009 0.715091 0.757916 0.766699 -9999 -9999 -9999 -9999 -9999 -9999 -9999 -9999 -9999 -9999 -9999 -9999 -9999 -9999 -9999 -9999 -9999 -9999 -9999 -9999 -9999 -9999 -9999 -9999 -9999 -9999 -9999 -9999 -9999 -9999 -9999 -9999 -9999 -9999 -9999 -9999 -9999 -9999 -9999 -9999 -9999
0.503078 0.498306 0.502985 0.507542 0.501102 0.504604 0.527963 0.539858 0.540059 0.542659 0.547633 0.554542 0.5608 0.567022 0.577793 0.591806 0.618101 0.648968 0.657593 0.645671 0.647093 0.647028 0.657418 0.670095 0.688745 0.678963 0.677392 0.697576 0.735996 0.755481 -9999 -9999 -9999 -9999 -9999 -9999 -9999 -9999 -9999 -9999 -9999 -9999 -9999 -9999 -9999 -9999 -9999 -9999 -9999 -9999 -9999 -9999 -9999 -9999 -9999 -9999 -9999 -9999 -9999 -9999 -9999 -9999 -9999 -9999 -9999 -9999 -9999 -9999 -9999 -9999
0.5019 0.492369 0.498419 0.510599 0.508029 0.507016 0.520685 0.536898 0.539175 0.531161 0.534871 0.538295 0.54582 0.552186 0.560933 0.574098 0.591831 0.612726 0.647556 0.629687 0.616315 0.619275 0.622884 0.632904 0.651226 0.641857 0.644739 0.671496 0.713363 0.729052 0.736995 -9999 -9999 -9999 -9999 -9999 -9999 -9999 -9999 -9999 -9999 -9999 -9999 -9999 -9999 -9999 -9999 -9999 -9999 -9999 -9999 -9999 -9999 -9999 -9999 -9999 -9999 -9999 -9999 -9999 -9999 -9999 -9999 -9999 -9999 -9999 -9999 -9999 -9999 -9999
-9999 0.488438 0.494657 0.509116 0.506668 0.50232 0.495105 0.512153 0.523982 0.523468 0.522589 0.525293 0.532299 0.548797 0.552673 0.555082 0.567114 0.59048 0.614016 0.621967 0.600589 0.596624 0.601172 0.599136 0.615465 0.612943 0.619001 0.632141 0.66028 0.696025 0.706176 0.723802 -9999 -9999 -9999 -9999 -9999 -9999 -9999 -9999 -9999 -9999 -9999 -9999 -9999 -9999 -9999 -9999 -9999 -9999 -9999 -9999 -9999 -9999 -9999 -9999 -9999 -9999 -9999 -9999 -9999 -9999 -9999 -9999 -9999 -9999 -9999 -9999 -9999 -9999
-9999 -9999 -9999 -9999 0.508811 0.50286 0.496103 0.508547 0.514727 0.512626 0.510243 0.512307 0.523623 0.529716 0.531351 0.539321 0.552579 0.561757 0.577362 0.593924 0.591517 0.574295 0.586983 0.576209 0.581288 0.582458 0.595897 0.621753 0.652684 0.682648 0.6916 0.705751 -9999 -9999 -9999 -9999 -9999 -9999 -9999 -9999 -9999 -9999 -9999 -9999 -9999 -9999 -9999 -9999 -9999 -9999 -9999 -9999 -9999 -9999 -9999 -9999 -9999 -9999 -9999 -9999 -9999 -9999 -9999 -9999 -9999 -9999 -9999 -9999 -9999 -9999
-9999 -9999 -9999 -9999 -9999 0.495123 0.490133 0.479078 0.505683 0.50484 0.499244 0.500348 0.504878 0.508312 0.513018 0.519156 0.529108 0.540435 0.555195 0.559046 0.549142 0.552653 0.55941 0.561478 0.559019 0.564988 0.588148 0.617499 0.634583 0.680669 0.694108 0.693804 0.702683 -9999 -9999 -9999 -9999 -9999 -9999 -9999 -9999 -9999 -9999 -9999 -9999 0.683697 -9999 -9999 -9999 -9999 -9999 -9999 -9999 -9999 -9999 -9999 -9999 -9999 -9999 -9999 -9999 -9999 -9999 -9999 -9999 -9999 0.745691 -9999 -9999 -9999
-9999 -9999 -9999 -9999 0.481325 0.476169 0.472996 0.467292 0.48831 0.495361 0.488219 0.488633 0.491415 0.494343 0.50105 0.502944 0.508668 0.520579 0.524795 0.523302 0.524822 0.526662 0.529785 0.535643 0.543146 0.551285 0.568953 0.585088 0.596595 0.628544 0.653875 0.666692 0.685222 0.699256 -9999 -9999 -9999 -9999 -9999 -9999 -9999 0.669351 0.672971 0.675924 0.675316 0.667552 0.677618 -9999 -9999 -9999 -9999 -9999 -9999 -9999 -9999 -9999 -9999 -9999 -9999 -9999 -9999 -9999 -9999 -9999 -9999 -9999 0.734578 0.748597 -9999 -9999
-9999 -9999 -9999 -9999 0.469321 0.464517 0.463833 0.458512 0.456141 0.482622 0.480416 0.477626 0.477536 0.480079 0.484413 0.48401 0.491212 0.496011 0.500659 0.497765 0.500402 0.50724 0.515187 0.52307 0.535696 0.541636 0.552388 0.564413 0.580502 0.596055 0.63019 0.655595 0.67977 0.698632 -9999 -9999 -9999 -9999 -9999 -9999 0.649853 0.643521 0.641645 0.657842 0.652194 0.647528 0.653606 0.663505 -9999 -9999 -9999 -9999 -9999 -9999 -9999 -9999 -9999 -9999 -9999 -9999 -9999 -9999 0.666294 0.680832 0.710701 0.725727 0.734495 0.747236 -9999 -9999
-9999 -9999 -9999 -9999 0.46273 0.456646 0.45347 0.450347 0.451905 0.454849 0.470081 0.467971 0.466911 0.466068 0.465577 0.470667 0.473036 0.482964 0.476036 0.479382 0.485681 0.49944 0.508831 0.529852 0.542422 0.552821 0.545664 0.559791 0.583141 0.610305 0.650443 0.656011 0.664589 0.680704 -9999 -9999 -9999 -9999 -9999 -9999 0.632681 0.626271 0.622419 0.626392 0.64388 0.633098 0.636064 0.651123 0.658623 0.655917 0.656395 0.672345 0.666206 0.665275 0.670581 0.66686 -9999 -9999 -9999 -9999 0.664106 0.663096 0.662189 0.667983 0.700699 0.722865 0.742696 0.733441 -9999 -9999
-9999 -9999 -9999 -9999 0.447452 0.446032 0.447227 0.450389 0.447175 0.450256 0.463075 0.454793 0.45374 0.452052 0.450433 0.451097 0.45529 0.454825 0.456822 0.462477 0.483217 0.507698 0.504745 0.527879 0.556362 0.548548 0.543525 0.559289 0.58702 0.617271 0.635987 0.638943 0.65081 0.65896 -9999 -9999 -9999 0.636894 0.622624 0.622651 0.620915 0.611182 0.605632 0.611067 0.612485 0.613556 0.62893 0.644906 0.661248 0.663657 0.651191 0.651433 0.660255 0.659754 0.66517 0.659596 0.655707 0.653712 0.653332 0.654281 0.654141 0.653183 0.653053 0.658128 0.692212 0.70871 0.719039 0.727781 -9999 -9999
-9999 -9999 -9999 -9999 0.442054 0.441647 0.441643 0.437464 0.439388 0.436121 0.439487 0.44816 0.445513 0.448159 0.441418 0.439988 0.439687 0.441474 0.445425 0.462459 0.486154 0.510977 0.52604 0.525424 0.547038 0.551804 0.54673 0.563172 0.574591 0.601851 0.606762 0.618921 0.644071 0.663655 -9999 -9999 0.654803 0.625939 0.60641 0.597644 0.597206 0.600914 0.59326 0.598338 0.591262 0.595812 0.624614 0.629993 0.65456 0.6569 0.651886 0.655387 0.65766 0.652335 0.652922 0.654544 0.65263 0.652623 0.652654 0.652569 0.654167 0.652565 0.651605 0.654349 0.674937 0.684506 0.686648 0.722352 -9999 -9999
-9999 -9999 -9999 -9999 0.431032 0.429945 0.427529 0.430289 0.427921 0.433311 0.440605 0.432234 0.43904 0.439615 0.43921 0.431864 0.430665 0.431094 0.433469 0.449662 0.469407 0.498273 0.519184 0.531868 0.545213 0.561228 0.561462 0.568401 0.574922 0.575217 0.589633 0.608814 0.620416 0.64618 0.656488 -9999 0.643869 0.629751 0.6063 0.587842 0.578143 0.586892 0.577919 0.58189 0.575541 0.588382 0.610905 0.621072 0.62919 0.638049 0.63524 0.644341 0.651537 0.65213 0.651477 0.652497 0.652848 0.653186 0.653197 0.652771 0.652275 0.651544 0.650996 0.651286 0.660075 0.662258 0.683475 0.721406 -9999 -9999
-9999 -9999 -9999 0.435944 0.427 0.421795 0.422615 0.423721 0.424183 0.424342 0.427694 0.427432 0.424347 0.430722 0.436889 0.433153 0.429503 0.423522 0.425069 0.429133 0.441999 0.476126 0.489885 0.507932 0.533055 0.553161 0.555643 0.545926 0.551021 0.564313 0.577515 0.598452 0.611719 0.624261 0.653003 0.646783 0.63049 0.6186 0.602286 0.579332 0.565285 0.562219 0.565304 0.561941 0.566591 0.580156 0.598191 0.609531 0.623071 0.632043 0.639891 0.641358 0.649163 0.651882 0.651736 0.652776 0.653536 0.653973 0.653918 0.653349 0.652565 0.651777 0.650575 0.649359 0.643163 0.655174 0.688811 0.711668 -9999 -9999
-9999 -9999 -9999 -9999 0.426413 0.427645 0.431715 0.433912 0.432748 0.429804 0.42756 0.426077 0.420656 0.42 0.430735 0.437084 0.426502 0.422441 0.419983 0.422663 0.428206 0.454043 0.472407 0.488714 0.513209 0.519262 0.51978 0.525055 0.533389 0.558414 0.582076 0.612007 0.634108 0.63323 0.645549 0.637172 0.625083 0.600298 0.583616 0.578057 0.576139 0.556244 0.552556 0.55659 0.557966 0.574872 0.589138 0.6048 0.612123 0.6217 0.630337 0.656249 0.651339 0.656324 0.649844 0.653327 0.654058 0.654721 0.654654 0.65427 0.653385 0.652256 0.650722 0.6455 0.643526 0.650436 0.692825 0.711509 -9999 -9999
-9999 -9999 -9999 -9999 -9999 -9999 0.433402 0.434295 0.43549 0.433866 0.426376 0.422588 0.419105 0.417129 0.418829 0.428844 0.42897 0.426321 0.436446 0.430797 0.422769 0.427841 0.434927 0.462307 0.484873 0.481806 0.491706 0.513355 0.530595 0.546475 0.574022 0.59748 0.623125 0.641185 0.639432 0.614702 0.595444 0.570217 0.559135 0.565535 0.561903 0.551978 0.543424 0.543351 0.552642 0.570225 0.583925 0.603506 0.603572 0.612358 0.626188 0.638966 0.650678 0.651607 0.655072 0.650561 0.651729 0.655153 0.655378 0.654948 0.654035 0.652719 0.649033 0.646534 0.644054 0.642039 0.685441 0.717199 -9999 -9999
-9999 -9999 -9999 -9999 -9999 -9999 0.439765 0.442202 0.439979 0.427413 0.424573 0.421149 0.42021 0.417095 0.417817 0.424354 0.431907 0.439024 0.449769 0.445648 0.433118 0.428349 0.432843 0.457422 0.459497 0.470314 0.484102 0.510651 0.530792 0.542663 0.569429 0.595204 0.612234 0.634995 0.622279 0.60821 0.590999 0.564598 0.546708 0.540365 0.547553 0.543249 0.532435 0.53878 0.555083 0.563147 0.580995 0.604424 0.600471 0.606537 0.619505 0.628075 0.642874 0.647905 0.650139 0.651369 0.652567 0.654567 0.65595 0.655599 0.65455 0.652107 0.649716 0.64688 0.644177 0.641781 0.668885 0.717651 -9999 -9999
-9999 -9999 -9999 -9999 -9999 -9999 -9999 0.450475 0.440731 0.42332 0.423572 0.424065 0.419103 0.417365 0.419702 0.421508 0.430559 0.444012 0.471723 0.466405 0.454851 0.438068 0.432217 0.43956 0.457041 0.474706 0.507093 0.535568 0.543302 0.550948 0.571398 0.592613 0.611966 0.599349 0.584955 0.569042 0.559639 0.559692 0.544334 0.532826 0.539424 0.533118 0.526772 0.537949 0.548322 0.559254 0.577861 0.588178 0.597698 0.59991 0.615448 0.621755 0.635538 0.64325 0.647826 0.650908 0.652546 0.654683 0.655775 0.655506 0.654454 0.65223 0.649682 0.646862 0.644022 0.641476 0.641775 0.666285 0.68162 -9999
-9999 -9999 -9999 -9999 -9999 -9999 -9999 0.461276 0.458311 0.437268 0.435367 0.425097 0.418999 0.417679 0.423075 0.425136 0.439352 0.443689 0.468606 0.482934 0.475895 0.483436 0.459236 0.439015 0.455596 0.513857 0.538836 0.557873 0.559364 0.563335 0.571237 0.603945 0.61155 0.586468 0.569699 0.555991 0.545106 0.541321 0.540833 0.522356 0.522054 0.519034 0.524713 0.529932 0.54618 0.559968 0.567261 0.582733 0.593717 0.595591 0.613721 0.616151 0.631024 0.64093 0.647714 0.648345 0.651473 0.65362 0.654459 0.65462 0.65329 0.651868 0.649031 0.646143 0.643435 0.640659 0.63855 0.638152 0.651231 0.655419
-9999 -9999 -9999 -9999 -9999 -9999 -9999 -9999 0.479052 0.448718 0.439286 0.431869 0.420472 0.418408 0.418892 0.424976 0.440206 0.453548 0.475804 0.501621 0.521732 0.484081 0.452575 0.43875 0.451883 0.500968 0.523786 0.529963 0.524722 0.53714 0.546654 0.573214 0.579917 0.588181 0.581955 0.56205 0.547848 0.534034 0.52397 0.523088 0.517598 0.518849 0.522573 0.526784 0.534382 0.542834 0.563672 0.56679 0.581645 0.588675 0.600258 0.611466 0.626869 0.639679 0.642795 0.645148 0.648538 0.649776 0.651765 0.651896 0.650593 0.648227 0.647776 0.644942 0.642093 0.63958 0.637285 0.633729 0.63388 0.641805
-9999 -9999 -9999 -9999 -9999 -9999 -9999 -9999 0.494132 0.463933 0.454042 0.434321 0.420812 0.415629 0.41633 0.421426 0.433065 0.450746 0.465516 0.494328 0.524616 0.483768 0.457235 0.440749 0.444236 0.491672 0.486998 0.500104 0.501349 0.520064 0.529397 0.540595 0.552174 0.564005 0.572758 0.579597 0.549027 0.533037 0.520187 0.514323 0.51165 0.511488 0.517672 0.527214 0.546619 0.543334 0.555368 0.565079 0.575343 0.585232 0.595668 0.606153 0.620788 0.628597 0.638607 0.63635 0.641967 0.645479 0.647343 0.647694 0.646676 0.644454 0.641445 0.642634 0.640255 0.637891 0.63584 0.632268 0.631 0.630685
-9999 -9999 -9999 -9999 -9999 -9999 -9999 -9999 0.539091 0.493757 0.456503 0.438029 0.420936 0.417213 0.415893 0.423039 0.428174 0.440893 0.45297 0.471897 0.50056 0.518677 0.489567 0.444526 0.444082 0.456487 0.462373 0.476313 0.488962 0.493761 0.496293 0.512803 0.522135 0.542535 0.549482 0.556555 0.534138 0.53103 0.532656 0.508093 0.508775 0.511628 0.523439 0.541429 0.544379 0.560927 0.566912 0.582765 0.583999 0.586478 0.592957 0.601867 0.616353 0.616427 0.624576 0.631064 0.636083 0.639708 0.641753 0.642246 0.64143 0.639706 0.63708 0.633762 0.637488 0.635286 0.633961 0.630505 0.629336 0.628999
-9999 -9999 -9999 -9999 -9999 -9999 -9999 -9999 0.529154 0.496794 0.464752 0.443731 0.425295 0.421637 0.415508 0.417191 0.422777 0.433965 0.447963 0.463581 0.488181 0.506824 0.486159 0.458996 0.438702 0.441305 0.460799 0.465463 0.471456 0.466616 0.472969 0.482509 0.495271 0.515041 0.526365 0.541861 0.517257 0.514766 0.519001 0.50693 0.50842 0.528835 0.545609 0.550483 0.550865 0.564795 0.577059 0.593491 0.59527 0.587329 0.588786 0.597071 0.60426 0.611188 0.61888 0.624652 0.629481 0.632952 0.635107 0.635754 0.63517 0.633884 0.631732 0.629117 0.626625 0.632645 0.631088 0.627811 0.627684 0.627308
-9999 -9999 -9999 -9999 -9999 -9999 -9999 -9999 0.513089 0.507478 0.478771 0.44774 0.427975 0.420464 0.414937 0.415404 0.42206 0.427719 0.436567 0.45037 0.46001 0.476827 0.500047 0.46353 0.4566 0.457022 0.444169 0.43699 0.441198 0.450334 0.481585 0.479248 0.48376 0.49974 0.505917 0.514871 0.501764 0.502403 0.503402 0.504872 0.521914 0.545676 0.565589 0.555623 0.56199 0.567005 0.595685 0.57341 0.568872 0.57317 0.593713 0.6082 0.603212 0.609492 0.614089 0.618469 0.622199 0.625716 0.627615 0.628611 0.628464 0.62743 0.625857 0.623857 0.621832 0.61996 0.628337 0.625288 0.624625 0.623409
-9999 -9999 -9999 -9999 -9999 -9999 -9999 -9999 -9999 0.508152 0.469433 0.43679 0.419376 0.408855 0.404239 0.405303 0.409185 0.413225 0.418672 0.428387 0.440605 0.460146 0.474847 0.466019 0.458545 0.468863 0.464107 0.445471 0.441549 0.455898 0.490459 0.48012 0.466207 0.46949 0.473593 0.47744 0.492739 0.49559 0.500616 0.512663 0.547824 0.544059 0.558804 0.559319 0.568982 0.564391 0.580819 0.571583 0.571781 0.576711 0.598746 0.609827 0.603843 0.60415 0.611523 0.612927 0.61486 0.617939 0.619968 0.621167 0.621242 0.620596 0.619485 0.617015 0.615444 0.613956 0.624273 0.621288 0.621903 0.622473
-9999 -9999 -9999 -9999 -9999 -9999 -9999 -9999 -9999 0.511523 0.474622 0.435458 0.42404 0.412374 0.40221 0.402898 0.408551 0.413673 0.418719 0.424313 0.439334 0.453974 0.468136 0.473294 0.471311 0.4866 0.476894 0.451293 0.44892 0.454626 0.491905 0.50426 0.484285 0.467767 0.468753 0.472675 0.497214 0.493862 0.507344 0.525042 0.530694 0.539224 0.556212 0.550954 0.565034 0.563806 0.58311 0.579993 0.581971 0.578336 0.597771 0.610992 0.605198 0.603201 0.608715 0.605068 0.606163 0.608615 0.610714 0.61194 0.612432 0.612129 0.611531 0.610676 0.609765 0.609189 0.60943 0.624257 0.638238 0.638172
-9999 -9999 -9999 -9999 -9999 -9999 -9999 -9999 -9999 0.504586 0.479313 0.444486 0.418959 0.418592 0.406519 0.400558 0.406642 0.413193 0.41971 0.422548 0.439026 0.457182 0.472019 0.489765 0.487693 0.476413 0.47274 0.456868 0.456335 0.463079 0.487633 0.483501 0.470531 0.464759 0.464646 0.468669 0.475447 0.479892 0.490314 0.495525 0.509385 0.530477 0.540006 0.537381 0.561028 0.563071 0.559576 0.587295 0.579504 0.579154 0.601497 0.605885 0.597392 0.595658 0.59439 0.595934 0.598619 0.599881 0.602169 0.603576 0.604357 0.604675 0.604541 0.604456 0.604234 0.605575 0.607941 0.623344 0.640669 0.639601
-9999 -9999 -9999 -9999 -9999 -9999 -9999 -9999 -9999 0.497474 0.47458 0.444314 0.426298 0.423965 0.410298 0.39805 0.40004 0.406854 0.409049 0.41588 0.429952 0.445532 0.462663 0.471325 0.49085 0.47331 0.475516 0.462148 0.457266 0.479267 0.487729 0.479478 0.47124 0.46928 0.460694 0.462766 0.468055 0.48476 0.493628 0.491998 0.496692 0.503928 0.519416 0.522413 0.533966 0.540996 0.54841 0.579351 0.577564 0.582429 0.591796 0.588063 0.585955 0.5861 0.586294 0.589333 0.591003 0.591451 0.593586 0.59523 0.596416 0.59708 0.597641 0.598541 0.599259 0.602929 0.60946 0.621599 0.652545 0.639735
-9999 -9999 -9999 -9999 -9999 -9999 -9999 -9999 -9999 0.499091 0.474366 0.448418 0.438123 0.437101 0.411438 0.395871 0.396315 0.399719 0.403543 0.420246 0.41947 0.423009 0.438526 0.461118 0.48606 0.484637 0.483421 0.468527 0.463792 0.493523 0.502629 0.499558 0.48556 0.473183 0.460083 0.45808 0.464194 0.489288 0.515814 0.505863 0.495219 0.497188 0.502994 0.518046 0.524986 0.532018 0.545063 0.572597 0.58343 0.584278 0.584113 0.583769 0.580281 0.577957 0.584932 0.587283 0.583984 0.583028 0.585258 0.587072 0.588392 0.589573 0.590639 0.592779 0.594963 0.59824 0.615271 0.626352 0.641081 0.638007
-9999 -9999 -9999 -9999 -9999 -9999 -9999 -9999 -9999 0.504536 0.486639 0.461609 0.451949 0.435981 0.411587 0.399779 0.394272 0.394705 0.397332 0.404946 0.409622 0.418655 0.434806 0.456868 0.481471 0.49784 0.490782 0.480903 0.479883 0.504163 0.515236 0.505386 0.490003 0.466356 0.453529 0.453185 0.456079 0.4625 0.482326 0.506032 0.50782 0.49887 0.510465 0.523897 0.521083 0.525662 0.538562 0.549371 0.574362 0.583495 0.583963 0.584658 0.579483 0.5694 0.571323 0.575339 0.572475 0.574954 0.577188 0.578963 0.580652 0.582138 0.583576 0.585925 0.58973 0.601729 0.612459 0.627014 0.630257 0.628924
-9999 -9999 -9999 -9999 -9999 -9999 -9999 -9999 -9999 0.515754 0.494256 0.470596 0.448409 0.427373 0.409262 0.408153 0.39867 0.398919 0.394031 0.395722 0.402827 0.410504 0.424484 0.452681 0.476554 0.502634 0.496652 0.48245 0.491896 0.505615 0.529729 0.507725 0.483289 0.461252 0.449943 0.461251 0.452486 0.454814 0.463245 0.478115 0.500465 0.502334 0.520151 0.523712 0.519129 0.520191 0.525433 0.534579 0.555353 0.574241 0.578027 0.58102 0.57635 0.569197 0.561973 0.563492 0.564416 0.566996 0.569324 0.571247 0.573104 0.575055 0.577246 0.580087 0.590762 0.603223 0.611664 0.622722 0.625893 0.60961
