Test_Spring_2018b/03_18/Prec/20180302_010.txt
ncols	170
nrows	115
xllcorner	350000.000000
yllcorner	4445000.000000
cellsize	1000.000000
nodata_value	-9999.000000
[rows 31 to 61 of 115, columns 70 to 139 of 170]
1.41836 1.41795 1.41313 1.40134 1.39414 1.38201 1.37887 1.37037 1.32578 1.31758 1.30609 1.29849 1.28915 1.27719 1.26937 1.25217 1.20744 1.21285 1.21082 1.19222 1.19064 1.19223 1.1736 1.13647 1.11406 1.08415 1.07676 1.05377 1.02762 -9999 -9999 -9999 -9999 -9999 -9999 -9999 -9999 -9999 -9999 -9999 -9999 -9999 -9999 -9999 -9999 -9999 -9999 -9999 -9999 -9999 -9999 -9999 -9999 -9999 -9999 -9999 -9999 -9999 -9999 -9999 -9999 -9999 -9999 -9999 -9999 -9999 -9999 -9999 -9999 -9999
1.40616 1.4028 1.39588 1.3847 1.38391 1.38248 1.35893 1.32718 1.31333 1.3059 1.29563 1.28134 1.27244 1.26374 1.25638 1.24081 1.20696 1.17558 1.18278 1.17616 1.15918 1.16786 1.15012 1.11745 1.07471 1.08225 1.06703 1.02525 0.986109 -9999 -9999 -9999 -9999 -9999 -9999 -9999 -9999 -9999 -9999 -9999 -9999 -9999 -9999 -9999 -9999 -9999 -9999 -9999 -9999 -9999 -9999 -9999 -9999 -9999 -9999 -9999 -9999 -9999 -9999 -9999 -9999 -9999 -9999 -9999 -9999 -9999 -9999 -9999 -9999 -9999
1.38519 1.38645 1.37798 1.36952 1.37214 1.36475 1.34269 1.31838 1.30024 1.2937 1.28503 1.27464 1.26508 1.25564 1.24159 1.22415 1.19406 1.15905 1.14615 1.15361 1.14717 1.14185 1.12561 1.10679 1.08174 1.08535 1.08065 1.05504 0.994114 0.949805 -9999 -9999 -9999 -9999 -9999 -9999 -9999 -9999 -9999 -9999 -9999 -9999 -9999 -9999 -9999 -9999 -9999 -9999 -9999 -9999 -9999 -9999 -9999 -9999 -9999 -9999 -9999 -9999 -9999 -9999 -9999 -9999 -9999 -9999 -9999 -9999 -9999 -9999 -9999 -9999
1.36195 1.36862 1.3593 1.34356 1.34251 1.33969 1.30743 1.28426 1.2771 1.28039 1.27192 1.26386 1.25179 1.24105 1.22803 1.21065 1.18873 1.16364 1.12443 1.13841 1.1477 1.14029 1.13199 1.11696 1.09327 1.09734 1.08881 1.03773 0.974015 0.952159 0.938253 -9999 -9999 -9999 -9999 -9999 -9999 -9999 -9999 -9999 -9999 -9999 -9999 -9999 -9999 -9999 -9999 -9999 -9999 -9999 -9999 -9999 -9999 -9999 -9999 -9999 -9999 -9999 -9999 -9999 -9999 -9999 -9999 -9999 -9999 -9999 -9999 -9999 -9999 -9999
-9999 1.34916 1.34017 1.3225 1.3215 1.322 1.30426 1.2747 1.26856 1.26332 1.25837 1.24983 1.23706 1.21492 1.20582 1.19856 1.18195 1.15423 1.12666 1.11507 1.13325 1.13382 1.12564 1.12387 1.10318 1.10114 1.09 1.05074 1.00085 0.96125 0.944757 0.920667 -9999 -9999 -9999 -9999 -9999 -9999 -9999 -9999 -9999 -9999 -9999 -9999 -9999 -9999 -9999 -9999 -9999 -9999 -9999 -9999 -9999 -9999 -9999 -9999 -9999 -9999 -9999 -9999 -9999 -9999 -9999 -9999 -9999 -9999 -9999 -9999 -9999 -9999
-9999 -9999 -9999 -9999 1.29755 1.28088 1.26457 1.25681 1.25449 1.24984 1.24524 1.23609 1.21771 1.20491 1.19709 1.18346 1.16518 1.15173 1.13244 1.11272 1.11255 1.12753 1.1122 1.12033 1.11198 1.10698 1.0889 1.01639 0.98604 0.950912 0.935192 0.91398 -9999 -9999 -9999 -9999 -9999 -9999 -9999 -9999 -9999 -9999 -9999 -9999 -9999 -9999 -9999 -9999 -9999 -9999 -9999 -9999 -9999 -9999 -9999 -9999 -9999 -9999 -9999 -9999 -9999 -9999 -9999 -9999 -9999 -9999 -9999 -9999 -9999 -9999
-9999 -9999 -9999 -9999 -9999 1.26878 1.2502 1.25497 1.24098 1.23396 1.23137 1.22187 1.20905 1.19773 1.1858 1.17329 1.15794 1.14228 1.12416 1.11793 1.12623 1.1213 1.1131 1.10933 1.10956 1.10046 1.05581 0.99842 0.975057 0.929829 0.909044 0.901724 0.884922 -9999 -9999 -9999 -9999 -9999 -9999 -9999 -9999 -9999 -9999 -9999 -9999 0.847725 -9999 -9999 -9999 -9999 -9999 -9999 -9999 -9999 -9999 -9999 -9999 -9999 -9999 -9999 -9999 -9999 -9999 -9999 -9999 -9999 0.628857 -9999 -9999 -9999
-9999 -9999 -9999 -9999 1.28484 1.25143 1.24855 1.24714 1.22972 1.22075 1.2184 1.20821 1.19579 1.18375 1.16876 1.15982 1.14837 1.13212 1.12504 1.12492 1.12263 1.12051 1.11715 1.11067 1.1018 1.09125 1.0317 1.01031 0.992406 0.961502 0.927093 0.905696 0.878213 0.855295 -9999 -9999 -9999 -9999 -9999 -9999 -9999 0.84597 0.841291 0.837334 0.83666 0.842583 0.829581 -9999 -9999 -9999 -9999 -9999 -9999 -9999 -9999 -9999 -9999 -9999 -9999 -9999 -9999 -9999 -9999 -9999 -9999 -9999 0.6212 0.601823 -9999 -9999
-9999 -9999 -9999 -9999 1.24689 1.24643 1.24043 1.23779 1.23098 1.21202 1.20328 1.19488 1.18395 1.17102 1.1574 1.15005 1.13676 1.12776 1.12068 1.12275 1.12037 1.11438 1.10737 1.10001 1.08694 1.07936 1.02914 1.01193 0.989145 0.965571 0.92966 0.89464 0.860445 0.831625 -9999 -9999 -9999 -9999 -9999 -9999 0.841649 0.847582 0.849561 0.833354 0.838857 0.842581 0.834322 0.777056 -9999 -9999 -9999 -9999 -9999 -9999 -9999 -9999 -9999 -9999 -9999 -9999 -9999 -9999 0.683075 0.666392 0.634036 0.616113 0.603593 0.585856 -9999 -9999
-9999 -9999 -9999 -9999 1.23898 1.23937 1.23521 1.22945 1.21756 1.20707 1.19205 1.18146 1.17006 1.15928 1.1495 1.1359 1.1272 1.11311 1.11823 1.11483 1.10984 1.0981 1.0909 1.07143 1.05942 1.01453 1.01843 0.999057 0.968621 0.932739 0.879065 0.873338 0.853847 0.826734 -9999 -9999 -9999 -9999 -9999 -9999 0.834877 0.841893 0.847006 0.844325 0.827536 0.838379 0.793365 0.774366 0.761554 0.757626 0.749176 0.723108 0.72743 0.718335 0.702956 0.69715 -9999 -9999 -9999 -9999 0.669512 0.668367 0.667881 0.660924 0.626554 0.602168 0.579029 0.55923 -9999 -9999
-9999 -9999 -9999 -9999 1.24172 1.23687 1.22756 1.21449 1.20629 1.19349 1.17899 1.16565 1.15369 1.14328 1.13429 1.12499 1.11446 1.11111 1.10764 1.1025 1.08359 1.06172 1.06769 1.0536 1.006 1.00304 1.00496 0.983841 0.948611 0.908992 0.875592 0.871318 0.847409 0.813269 -9999 -9999 -9999 0.803173 0.813784 0.811798 0.813188 0.82383 0.83088 0.840676 0.841221 0.816442 0.786915 0.767109 0.745262 0.735854 0.739988 0.730042 0.716898 0.70651 0.690184 0.673051 0.668649 0.663521 0.658154 0.652894 0.650081 0.649176 0.648122 0.642019 0.619174 0.601257 0.588261 0.533805 -9999 -9999
-9999 -9999 -9999 -9999 1.23837 1.23217 1.22356 1.20505 1.19107 1.1812 1.16513 1.15347 1.14187 1.12599 1.12132 1.11359 1.10741 1.10197 1.09707 1.08126 1.0604 1.03932 1.02821 1.01425 0.993925 0.979972 0.981983 0.966035 0.928997 0.892254 0.876805 0.848556 0.821617 0.790359 -9999 -9999 0.771044 0.7944 0.810516 0.817864 0.818601 0.816464 0.826521 0.823761 0.832711 0.806545 0.765198 0.755909 0.739999 0.730313 0.709725 0.696613 0.681564 0.684503 0.673642 0.66232 0.655591 0.648303 0.642575 0.638622 0.634497 0.634825 0.635267 0.632184 0.61071 0.599481 0.57375 0.516812 -9999 -9999
-9999 -9999 -9999 -9999 1.23203 1.2256 1.21865 1.20466 1.19426 1.1708 1.14919 1.14215 1.13042 1.11567 1.10386 1.10167 1.09628 1.09244 1.08966 1.07549 1.05959 1.03546 1.01945 0.994748 0.983196 0.943671 0.93938 0.926496 0.91228 0.902782 0.880863 0.844804 0.821106 0.791984 0.770169 -9999 0.764769 0.773188 0.793472 0.811039 0.821735 0.815217 0.827373 0.826478 0.816071 0.803265 0.769206 0.739813 0.725561 0.709417 0.704071 0.696343 0.67567 0.664317 0.661559 0.650486 0.64124 0.633542 0.627951 0.624632 0.623063 0.623053 0.623669 0.62364 0.614587 0.593457 0.568226 0.509805 -9999 -9999
-9999 -9999 -9999 1.23339 1.22895 1.22607 1.21512 1.20199 1.18782 1.17263 1.15377 1.13354 1.12123 1.10841 1.0894 1.08324 1.08029 1.08316 1.08171 1.08048 1.07235 1.04377 1.0227 0.995996 0.970823 0.942404 0.935653 0.93933 0.926201 0.903149 0.878859 0.841258 0.817611 0.793005 0.759579 0.755551 0.76376 0.769963 0.783241 0.805718 0.821297 0.827287 0.827838 0.819486 0.816017 0.789227 0.759688 0.74308 0.72303 0.706464 0.690058 0.679357 0.658813 0.653998 0.643638 0.638422 0.628676 0.620921 0.615577 0.612708 0.611831 0.612339 0.614086 0.61601 0.608423 0.593667 0.545656 0.502856 -9999 -9999
-9999 -9999 -9999 -9999 1.22357 1.2136 1.19871 1.18378 1.17052 1.15772 1.14351 1.12788 1.11699 1.10013 1.08215 1.06565 1.06975 1.07091 1.07389 1.07457 1.07442 1.03842 1.02223 1.00725 0.982586 0.968694 0.963674 0.951905 0.935192 0.899961 0.86479 0.817883 0.7837 0.77308 0.750455 0.753809 0.757778 0.777127 0.790979 0.796148 0.799794 0.823149 0.819921 0.808864 0.806484 0.78741 0.761893 0.740547 0.726455 0.709007 0.6916 0.656057 0.648307 0.633932 0.631599 0.623941 0.618702 0.610881 0.605786 0.603027 0.602583 0.603766 0.60615 0.602507 0.596103 0.58469 0.535994 0.497567 -9999 -9999
-9999 -9999 -9999 -9999 -9999 -9999 1.19095 1.17681 1.16067 1.14606 1.13653 1.12292 1.10984 1.09691 1.0827 1.06422 1.05762 1.05754 1.04804 1.05496 1.06147 1.05884 1.05386 1.02743 0.999617 0.999811 0.985001 0.956399 0.930446 0.904279 0.865059 0.824709 0.787053 0.757464 0.748878 0.765015 0.779532 0.799511 0.80788 0.80112 0.80663 0.809563 0.817838 0.817163 0.806304 0.786063 0.761106 0.735399 0.728335 0.711481 0.68873 0.666484 0.642061 0.632092 0.620092 0.617021 0.609351 0.603751 0.598643 0.596194 0.596 0.597535 0.593403 0.593169 0.591954 0.589024 0.538713 0.487034 -9999 -9999
-9999 -9999 -9999 -9999 -9999 -9999 1.17948 1.16348 1.15056 1.14685 1.13243 1.11848 1.10293 1.09131 1.07828 1.06241 1.04907 1.03925 1.02742 1.03257 1.04711 1.05408 1.05129 1.02723 1.01992 1.00568 0.986598 0.952798 0.923775 0.901637 0.863294 0.82082 0.792225 0.758295 0.761228 0.767009 0.777817 0.800394 0.815786 0.821257 0.811826 0.815426 0.825481 0.817736 0.799182 0.787982 0.758628 0.728634 0.725371 0.711151 0.689306 0.671492 0.644245 0.630605 0.620396 0.612094 0.604944 0.598234 0.594138 0.591812 0.591843 0.590736 0.590703 0.590356 0.588816 0.585666 0.55122 0.482154 -9999 -9999
-9999 -9999 -9999 -9999 -9999 -9999 -9999 1.15089 1.14564 1.14701 1.12967 1.11215 1.10109 1.0885 1.07423 1.06344 1.04858 1.0324 1.00376 1.00981 1.02291 1.04145 1.04849 1.04122 1.01787 0.996229 0.958009 0.922074 0.90557 0.887843 0.85618 0.818697 0.788324 0.790781 0.796025 0.80422 0.807568 0.803241 0.816302 0.826361 0.818414 0.823542 0.828459 0.815142 0.801891 0.787158 0.756688 0.739594 0.722522 0.712189 0.687913 0.672719 0.64691 0.631177 0.61927 0.609758 0.602762 0.596392 0.592163 0.590219 0.589315 0.589303 0.589017 0.588121 0.586116 0.582498 0.574567 0.529719 0.50226 -9999
-9999 -9999 -9999 -9999 -9999 -9999 -9999 1.13672 1.12497 1.13051 1.11593 1.10998 1.10078 1.08843 1.0716 1.0596 1.03937 1.03271 1.00635 0.99268 1.00059 0.99379 1.01859 1.03842 1.01531 0.952142 0.921096 0.894586 0.884482 0.870761 0.852257 0.803639 0.785884 0.801718 0.810103 0.816703 0.822011 0.820212 0.818777 0.835251 0.8347 0.835935 0.828009 0.81998 0.800075 0.78182 0.762356 0.73977 0.721124 0.711232 0.684623 0.673805 0.647366 0.630122 0.61672 0.610386 0.602481 0.596542 0.591453 0.589675 0.588383 0.5882 0.587731 0.586335 0.583592 0.579626 0.573626 0.553597 0.528237 0.511055
-9999 -9999 -9999 -9999 -9999 -9999 -9999 -9999 1.10216 1.11784 1.11176 1.10386 1.10095 1.09018 1.07012 1.05871 1.03957 1.02361 0.999569 0.972431 0.953838 0.991873 1.02318 1.03572 1.0153 0.960935 0.931809 0.918258 0.915146 0.893291 0.87376 0.831876 0.815874 0.798857 0.797382 0.80483 0.813868 0.825997 0.834154 0.832599 0.835065 0.834011 0.827368 0.81964 0.807801 0.794364 0.76075 0.750474 0.727923 0.713018 0.693411 0.674259 0.64775 0.628309 0.619357 0.611962 0.604346 0.594408 0.591523 0.589681 0.58815 0.586336 0.586381 0.584375 0.581223 0.576501 0.570311 0.55311 0.540845 0.520082
-9999 -9999 -9999 -9999 -9999 -9999 -9999 -9999 1.08589 1.10236 1.09782 1.10345 1.0922 1.08147 1.07419 1.06389 1.04828 1.02764 1.01069 0.9799 0.947565 0.982619 1.01639 1.03079 1.02394 0.966163 0.964624 0.944093 0.934681 0.906938 0.888259 0.862387 0.842322 0.822567 0.796163 0.781103 0.810168 0.824454 0.835258 0.838454 0.837697 0.833565 0.821991 0.815062 0.790699 0.788652 0.763518 0.746507 0.728705 0.711191 0.693183 0.675339 0.650006 0.636334 0.621103 0.609285 0.598627 0.59466 0.591801 0.589554 0.587484 0.585235 0.582305 0.577237 0.578501 0.573267 0.566607 0.549101 0.538497 0.526457
-9999 -9999 -9999 -9999 -9999 -9999 -9999 -9999 1.03996 1.07275 1.08012 1.08771 1.08511 1.08126 1.07625 1.0639 1.05468 1.03868 1.02391 1.00244 0.971009 0.949802 0.969876 1.01032 1.02037 0.997455 0.985097 0.9638 0.943155 0.929979 0.918849 0.88799 0.853045 0.828288 0.809949 0.800768 0.821539 0.822657 0.818592 0.840386 0.835886 0.828341 0.8109 0.785993 0.775922 0.765015 0.745658 0.722477 0.713995 0.704307 0.690763 0.675079 0.650182 0.628369 0.618313 0.604466 0.599049 0.594811 0.591559 0.588921 0.586388 0.583394 0.579886 0.575704 0.567962 0.560696 0.562657 0.544794 0.53449 0.52302
-9999 -9999 -9999 -9999 -9999 -9999 -9999 -9999 1.03058 1.05189 1.07333 1.07133 1.08161 1.078 1.07799 1.07111 1.06119 1.04631 1.02901 1.01021 0.982164 0.959717 0.976387 0.991485 1.00577 0.991171 0.982064 0.970254 0.956637 0.929668 0.916797 0.894241 0.876892 0.842442 0.828541 0.810747 0.833562 0.833824 0.826842 0.8357 0.830074 0.804494 0.781805 0.770455 0.762178 0.740527 0.713421 0.704884 0.696103 0.69731 0.666937 0.65382 0.637455 0.628096 0.610623 0.604123 0.598673 0.594322 0.590669 0.587595 0.584586 0.580976 0.576908 0.572048 0.565949 0.556 0.547368 0.527795 0.529965 0.519194
-9999 -9999 -9999 -9999 -9999 -9999 -9999 -9999 1.02448 1.04184 1.06067 1.06744 1.07942 1.07993 1.07936 1.07359 1.06229 1.05254 1.03987 1.02225 1.00865 0.987405 0.959136 0.990621 0.982672 0.970123 0.948441 0.947754 0.936152 0.920337 0.895649 0.893174 0.871308 0.852064 0.843208 0.83181 0.842736 0.839538 0.835522 0.830399 0.808797 0.77964 0.753657 0.757274 0.743919 0.730104 0.686554 0.676094 0.672984 0.662069 0.655361 0.636211 0.631746 0.613465 0.607514 0.602147 0.597482 0.592739 0.589012 0.5853 0.581647 0.577686 0.573062 0.567744 0.561474 0.554259 0.542218 0.52261 0.51186 0.478551
-9999 -9999 -9999 -9999 -9999 -9999 -9999 -9999 -9999 1.01867 1.03145 1.05677 1.06759 1.07225 1.07162 1.06574 1.05728 1.0487 1.03851 1.02365 1.00576 0.979902 0.958363 0.960096 0.948559 0.925912 0.922669 0.933807 0.930607 0.909624 0.858601 0.850454 0.861637 0.85614 0.850242 0.844705 0.843931 0.838157 0.829754 0.813673 0.773557 0.753963 0.73191 0.723606 0.705684 0.698949 0.667859 0.669163 0.661746 0.650534 0.623116 0.599605 0.592977 0.591489 0.583529 0.581908 0.594933 0.590247 0.586046 0.581865 0.577834 0.573463 0.568501 0.546937 0.539294 0.530876 0.515986 0.495986 0.484035 0.472644
-9999 -9999 -9999 -9999 -9999 -9999 -9999 -9999 -9999 0.995937 1.02477 1.05665 1.06124 1.06677 1.07137 1.06541 1.05467 1.04451 1.03427 1.02318 1.00214 0.981019 0.959896 0.947443 0.941868 0.901598 0.903585 0.921944 0.917288 0.905068 0.834566 0.817876 0.834656 0.848555 0.845138 0.838861 0.811563 0.812013 0.794776 0.772464 0.761464 0.74673 0.72274 0.720722 0.698858 0.692418 0.655258 0.650948 0.642189 0.639948 0.615312 0.588855 0.581128 0.581476 0.574785 0.577604 0.575534 0.571657 0.567391 0.563017 0.558237 0.553061 0.547032 0.54025 0.532714 0.524272 0.514691 0.49591 0.45903 0.449219
-9999 -9999 -9999 -9999 -9999 -9999 -9999 -9999 -9999 1.00114 1.01824 1.04565 1.06431 1.05812 1.06427 1.06459 1.05295 1.04087 1.02872 1.02005 0.99724 0.972345 0.950402 0.925152 0.919643 0.92326 0.901114 0.909731 0.903236 0.889904 0.83035 0.829865 0.838989 0.84137 0.838378 0.831329 0.821384 0.813464 0.798985 0.789139 0.769866 0.742629 0.726524 0.722297 0.69128 0.682068 0.678611 0.632964 0.634501 0.629214 0.601752 0.57181 0.577583 0.577179 0.576754 0.573685 0.569384 0.566166 0.561304 0.556527 0.55145 0.545869 0.53981 0.532881 0.525434 0.515946 0.50517 0.481163 0.447468 0.439559
-9999 -9999 -9999 -9999 -9999 -9999 -9999 -9999 -9999 1.00629 1.02092 1.04358 1.0544 1.04989 1.05727 1.06353 1.05559 1.04282 1.03465 1.02159 1.00094 0.978437 0.954023 0.93785 0.910433 0.920313 0.891159 0.897242 0.895063 0.835383 0.821022 0.824183 0.827906 0.825757 0.830637 0.824894 0.815867 0.795086 0.781869 0.778804 0.768844 0.755825 0.734044 0.72458 0.706289 0.692541 0.678527 0.629571 0.625412 0.615081 0.589224 0.577888 0.576875 0.574103 0.57164 0.566463 0.562617 0.559736 0.554681 0.549499 0.544056 0.538383 0.532084 0.524798 0.517176 0.506202 0.492129 0.472337 0.42581 0.430602
-9999 -9999 -9999 -9999 -9999 -9999 -9999 -9999 -9999 1.00239 1.01874 1.03681 1.03956 1.0334 1.05253 1.06176 1.05498 1.04528 1.03511 1.01176 1.00587 0.995325 0.972372 0.941973 0.908944 0.902386 0.891561 0.883115 0.880592 0.81161 0.796121 0.793464 0.802352 0.810034 0.818776 0.816497 0.806067 0.776367 0.745018 0.750261 0.755873 0.748402 0.73676 0.715543 0.702394 0.689119 0.669839 0.631094 0.607654 0.601565 0.573201 0.569598 0.569651 0.568925 0.559079 0.554048 0.554709 0.55282 0.547382 0.541916 0.536424 0.530516 0.524182 0.516277 0.507931 0.498186 0.474363 0.456499 0.423318 0.423
-9999 -9999 -9999 -9999 -9999 -9999 -9999 -9999 -9999 0.994443 1.00365 1.02053 1.02233 1.03093 1.04843 1.05349 1.05238 1.04535 1.03608 1.02166 1.01001 0.993715 0.969934 0.939886 0.907002 0.882228 0.881 0.862468 0.837983 0.791078 0.773031 0.776576 0.786157 0.804504 0.812259 0.807654 0.799934 0.788702 0.76388 0.735022 0.728159 0.73197 0.71483 0.695682 0.692852 0.682499 0.663753 0.647207 0.60434 0.578671 0.560385 0.555539 0.556965 0.563646 0.55841 0.551187 0.550941 0.545207 0.539528 0.534038 0.528297 0.522394 0.51617 0.508684 0.499432 0.481668 0.465031 0.444451 0.435307 0.422399
-9999 -9999 -9999 -9999 -9999 -9999 -9999 -9999 -9999 0.980506 0.993028 1.00818 1.0223 1.03568 1.04649 1.04041 1.04301 1.03589 1.03397 1.02532 1.01101 0.995892 0.974105 0.937632 0.905223 0.870314 0.867614 0.869997 0.801239 0.779535 0.747635 0.762736 0.780702 0.796655 0.802149 0.785118 0.788657 0.781185 0.767673 0.747712 0.720191 0.713332 0.690275 0.68154 0.680949 0.674573 0.66392 0.649304 0.61913 0.575326 0.553093 0.545705 0.546278 0.549563 0.553093 0.547914 0.543411 0.537244 0.531281 0.525616 0.519863 0.513825 0.507336 0.499977 0.484497 0.46703 0.453481 0.437178 0.428789 0.428945
