Test_Spring_2018b/03_18/Prec/20180322_006.txt
ncols	170
nrows	115
xllcorner	350000.000000
yllcorner	4445000.000000
cellsize	1000.000000
nodata_value	-9999.000000
[rows 32 to 63 of 115, columns 72 to 143 of 170]
0 0 0 0 0 0 0 0 0 0 0 0 0 0 0 0.109229 0.101331 0.103018 0.111828 0.102561 0.111689 0.131191 0.157717 0.149052 0.156377 0.185085 0.197997 -9999 -9999 -9999 -9999 -9999 -9999 -9999 -9999 -9999 -9999 -9999 -9999 -9999 -9999 -9999 -9999 -9999 -9999 -9999 -9999 -9999 -9999 -9999 -9999 -9999 -9999 -9999 -9999 -9999 -9999 -9999 -9999 -9999 -9999 -9999 -9999 -9999 -9999 -9999 -9999 -9999 -9999 -9999 -9999 -9999
0 0 0 0 0 0 0 0 0 0 0 0 0 0 0 0.109547 0.115749 0.107708 0.109377 0.110223 0.118652 0.128836 0.143333 0.13775 0.137974 0.157899 0.183673 0.200384 -9999 -9999 -9999 -9999 -9999 -9999 -9999 -9999 -9999 -9999 -9999 -9999 -9999 -9999 -9999 -9999 -9999 -9999 -9999 -9999 -9999 -9999 -9999 -9999 -9999 -9999 -9999 -9999 -9999 -9999 -9999 -9999 -9999 -9999 -9999 -9999 -9999 -9999 -9999 -9999 -9999 -9999 -9999 -9999
0 0 0 0 0 0 0 0 0 0 0 0 0 0 0 0 0.11941 0.106979 0 0.10054 0.103785 0.111698 0.1256 0.120003 0.123149 0.150528 0.176518 0.189554 0.197077 -9999 -9999 -9999 -9999 -9999 -9999 -9999 -9999 -9999 -9999 -9999 -9999 -9999 -9999 -9999 -9999 -9999 -9999 -9999 -9999 -9999 -9999 -9999 -9999 -9999 -9999 -9999 -9999 -9999 -9999 -9999 -9999 -9999 -9999 -9999 -9999 -9999 -9999 -9999 -9999 -9999 -9999 -9999
0 0 0 0 0 0 0 0 0 0 0 0 0 0 0 0 0.106044 0.111723 0 0 0 0 0.108912 0.107891 0.113094 0.126907 0.153245 0.173997 0.18319 0.197699 -9999 -9999 -9999 -9999 -9999 -9999 -9999 -9999 -9999 -9999 -9999 -9999 -9999 -9999 -9999 -9999 -9999 -9999 -9999 -9999 -9999 -9999 -9999 -9999 -9999 -9999 -9999 -9999 -9999 -9999 -9999 -9999 -9999 -9999 -9999 -9999 -9999 -9999 -9999 -9999 -9999 -9999
-9999 -9999 0 0 0 0 0 0 0 0 0 0 0 0 0 0 0 0.101642 0 0 0 0 0 0 0.104648 0.129296 0.155084 0.172165 0.180642 0.192888 -9999 -9999 -9999 -9999 -9999 -9999 -9999 -9999 -9999 -9999 -9999 -9999 -9999 -9999 -9999 -9999 -9999 -9999 -9999 -9999 -9999 -9999 -9999 -9999 -9999 -9999 -9999 -9999 -9999 -9999 -9999 -9999 -9999 -9999 -9999 -9999 -9999 -9999 -9999 -9999 -9999 -9999
-9999 -9999 -9999 0 0 0 0 0 0 0 0 0 0 0 0 0 0 0 0 0 0 0 0 0 0.109179 0.133612 0.147022 0.178108 0.189918 0.192159 0.200977 -9999 -9999 -9999 -9999 -9999 -9999 -9999 -9999 -9999 -9999 -9999 -9999 0.205318 -9999 -9999 -9999 -9999 -9999 -9999 -9999 -9999 -9999 -9999 -9999 -9999 -9999 -9999 -9999 -9999 -9999 -9999 -9999 -9999 0.307678 -9999 -9999 -9999 -9999 -9999 -9999 -9999
-9999 -9999 0 0 0 0 0 0 0 0 0 0 0 0 0 0 0 0 0 0 0 0 0 0 0.105103 0.117483 0.126999 0.153034 0.16859 0.180369 0.196307 0.209066 -9999 -9999 -9999 -9999 -9999 -9999 -9999 0.200175 0.202833 0.204945 0.204567 0.199248 0.206736 -9999 -9999 -9999 -9999 -9999 -9999 -9999 -9999 -9999 -9999 -9999 -9999 -9999 -9999 -9999 -9999 -9999 -9999 -9999 0.299613 0.312873 -9999 -9999 -9999 -9999 -9999 -9999
-9999 -9999 0 0 0 0 0 0 0 0 0 0 0 0 0 0 0 0 0 0 0 0 0 0 0 0.109069 0.121907 0.134838 0.158531 0.1795 0.199753 0.216255 -9999 -9999 -9999 -9999 -9999 -9999 0.193813 0.189182 0.187445 0.198374 0.193857 0.190165 0.194295 0.214862 -9999 -9999 -9999 -9999 -9999 -9999 -9999 -9999 -9999 -9999 -9999 -9999 -9999 -9999 0.239842 0.25248 0.276248 0.289806 0.299225 0.311724 -9999 -9999 -9999 -9999 -9999 -9999
-9999 -9999 0 0 0 0 0 0 0 0 0 0 0 0 0 0 0 0 0 0 0 0 0 0.105108 0.100423 0.111381 0.129459 0.150795 0.178006 0.186297 0.195857 0.210765 -9999 -9999 -9999 -9999 -9999 -9999 0.189035 0.183921 0.180282 0.182013 0.193302 0.184724 0.198643 0.209078 0.214434 0.212835 0.213732 0.225195 0.225395 0.225815 0.230694 0.229211 -9999 -9999 -9999 -9999 0.233831 0.234871 0.23625 0.242677 0.268488 0.28718 0.30456 0.310137 -9999 -9999 -9999 -9999 -9999 -9999
-9999 -9999 0 0 0 0 0 0 0 0 0 0 0 0 0 0 0 0 0 0 0 0 0.112056 0.107025 0.103803 0.115952 0.137249 0.160976 0.173746 0.180172 0.192421 0.204403 -9999 -9999 -9999 0.199572 0.190564 0.190937 0.1894 0.18167 0.176532 0.176668 0.176034 0.183606 0.196598 0.207309 0.218576 0.220283 0.211742 0.21243 0.222095 0.222572 0.227295 0.22762 0.225613 0.225032 0.225728 0.227559 0.228874 0.229919 0.231901 0.237944 0.261609 0.276393 0.28721 0.309366 -9999 -9999 -9999 -9999 -9999 -9999
-9999 -9999 0 0 0 0 0 0 0 0 0 0 0 0 0 0 0 0 0 0 0 0 0.113043 0.116637 0.113434 0.122967 0.135941 0.157652 0.164094 0.173773 0.195667 0.213446 -9999 -9999 0.216843 0.198306 0.185523 0.179506 0.178614 0.180033 0.17298 0.174709 0.16781 0.17668 0.198481 0.20146 0.215804 0.217168 0.217928 0.220581 0.222298 0.22139 0.222179 0.223741 0.222862 0.22344 0.224212 0.225139 0.227565 0.228095 0.229496 0.233957 0.25149 0.261656 0.273578 0.307132 -9999 -9999 -9999 -9999 -9999 -9999
-9999 -9999 0 0 0 0 0 0 0 0 0 0 0 0 0 0 0 0 0 0 0 0.106654 0.115326 0.129195 0.129937 0.136029 0.142447 0.145057 0.156006 0.171236 0.183757 0.206117 0.217399 -9999 0.214796 0.206756 0.191157 0.178136 0.170448 0.175113 0.166746 0.167276 0.166925 0.174119 0.190934 0.20072 0.205824 0.211626 0.209321 0.213597 0.218588 0.219165 0.220899 0.221748 0.2222 0.222773 0.223318 0.223839 0.224676 0.225781 0.227496 0.230312 0.239649 0.250256 0.269746 0.305101 -9999 -9999 -9999 -9999 -9999 -9999
-9999 0 0 0 0 0 0 0 0 0 0 0 0 0 0 0 0 0 0 0 0 0 0.111805 0.126172 0.128566 0.122958 0.128481 0.14043 0.152873 0.169606 0.181717 0.195125 0.219423 0.21872 0.210133 0.203722 0.193142 0.176823 0.165862 0.161903 0.161755 0.161962 0.163102 0.173656 0.187079 0.194076 0.2028 0.208453 0.213446 0.21403 0.219108 0.219137 0.219011 0.221233 0.221704 0.222106 0.222401 0.222669 0.223212 0.224252 0.225549 0.227407 0.230459 0.243358 0.27364 0.2984 -9999 -9999 -9999 -9999 -9999 -9999
-9999 -9999 0 0 0 0 0 0 0 0 0 0 0 0 0 0 0 0 0 0 0 0 0 0.104355 0.105443 0.110533 0.118445 0.138805 0.158769 0.182189 0.202134 0.20584 0.217991 0.215602 0.210074 0.194573 0.183708 0.179617 0.177101 0.161046 0.159615 0.162248 0.161446 0.171636 0.182097 0.191998 0.196149 0.202033 0.207365 0.225006 0.220846 0.223765 0.218633 0.219705 0.221039 0.221376 0.221481 0.221749 0.22215 0.222943 0.224062 0.22601 0.230052 0.239832 0.275109 0.297152 -9999 -9999 -9999 -9999 -9999 -9999
-9999 -9999 -9999 -9999 0 0 0 0 0 0 0 0 0 0 0 0 0 0 0 0 0 0 0 0 0 0.104167 0.118453 0.132403 0.155169 0.174198 0.19669 0.21383 0.216704 0.202809 0.191713 0.175904 0.168985 0.173311 0.169512 0.16347 0.156013 0.154292 0.159062 0.169682 0.179552 0.192132 0.191023 0.196193 0.205015 0.213149 0.220528 0.22032 0.221966 0.218065 0.218339 0.220539 0.220698 0.220832 0.221167 0.221838 0.223777 0.225905 0.228758 0.232502 0.268792 0.300284 -9999 -9999 -9999 -9999 -9999 -9999
-9999 -9999 -9999 -9999 0 0 0 0 0 0 0 0 0 0 0 0 0 0 0 0 0 0 0 0 0 0.1038 0.120176 0.131295 0.153486 0.174203 0.190531 0.210925 0.205968 0.199551 0.190173 0.173307 0.161553 0.156993 0.162055 0.158063 0.14907 0.151952 0.161734 0.165647 0.178373 0.193645 0.189624 0.192765 0.200839 0.205824 0.215202 0.217678 0.218229 0.218175 0.218278 0.219222 0.220125 0.220249 0.220467 0.221337 0.222814 0.224857 0.227736 0.231413 0.256377 0.300043 -9999 -9999 -9999 -9999 -9999 -9999
-9999 -9999 -9999 -9999 -9999 0 0 0 0 0 0 0 0 0 0 0 0 0 0 0 0 0 0 0 0.100966 0.122677 0.130271 0.138347 0.15597 0.173367 0.191171 0.18635 0.180032 0.172159 0.168191 0.170048 0.160052 0.152077 0.156374 0.151069 0.145361 0.151792 0.157501 0.163547 0.176842 0.182867 0.188373 0.18874 0.198547 0.201814 0.210345 0.214551 0.216588 0.217682 0.217954 0.218883 0.219489 0.219648 0.220096 0.220754 0.222186 0.224326 0.227207 0.230881 0.236975 0.263535 0.280879 -9999 -9999 -9999 -9999 -9999
-9999 -9999 -9999 -9999 -9999 0 0 0 0 0 0 0 0 0 0 0 0 0 0 0 0 0 0 0.10563 0.124416 0.139472 0.142605 0.147971 0.156548 0.18186 0.191089 0.177176 0.168918 0.16238 0.157195 0.156705 0.157052 0.144258 0.143632 0.140792 0.143766 0.146168 0.156219 0.164453 0.169871 0.179634 0.186228 0.186368 0.197985 0.198453 0.207697 0.213354 0.216848 0.216108 0.217353 0.218231 0.21898 0.219294 0.219547 0.220811 0.222055 0.224159 0.227136 0.230636 0.235003 0.24391 0.259598 0.268825 0.270578 -9999 -9999 -9999
-9999 -9999 -9999 -9999 -9999 -9999 0 0 0 0 0 0 0 0 0 0 0 0 0.110162 0 0 0 0 0 0.114613 0.120563 0.118852 0.130042 0.139538 0.160183 0.168444 0.177787 0.176666 0.167547 0.159518 0.150755 0.144307 0.144006 0.140108 0.140016 0.141812 0.143726 0.147884 0.152555 0.16777 0.168929 0.178365 0.182221 0.18924 0.195928 0.205565 0.213248 0.214114 0.214564 0.215976 0.21758 0.218323 0.218649 0.218939 0.219466 0.222431 0.224507 0.22729 0.230855 0.234947 0.241503 0.247852 0.259533 0.273469 0.289627 -9999 -9999
-9999 -9999 -9999 -9999 -9999 -9999 0 0 0 0 0 0 0 0 0 0 0 0 0.115323 0 0 0 0 0 0 0.100168 0.102937 0.118397 0.127511 0.136901 0.148245 0.159732 0.172453 0.179977 0.159531 0.149148 0.140708 0.136927 0.135127 0.134851 0.138224 0.143685 0.156449 0.153058 0.162309 0.168307 0.174637 0.18063 0.186928 0.193174 0.202364 0.206547 0.21233 0.212245 0.215425 0.216615 0.217366 0.217906 0.218412 0.219011 0.219941 0.22378 0.227784 0.231235 0.23525 0.241598 0.246641 0.252194 0.259192 0.278703 0.292431 0.303515
-9999 -9999 -9999 -9999 -9999 -9999 0.129128 0 0 0 0 0 0 0 0 0 0 0 0 0.113258 0 0 0 0 0 0 0 0.100138 0.10417 0.116904 0.132349 0.148559 0.156777 0.163025 0.148224 0.146882 0.14867 0.1317 0.132376 0.134386 0.142549 0.154014 0.155468 0.16567 0.170939 0.181477 0.181588 0.182488 0.18612 0.191374 0.200627 0.204213 0.207945 0.211987 0.213908 0.215361 0.216374 0.21709 0.217749 0.218641 0.219716 0.221024 0.226854 0.229985 0.235663 0.241829 0.246556 0.251718 0.256975 0.264189 0.272401 0.287247
-9999 -9999 -9999 -9999 -9999 -9999 0.127517 0 0 0 0 0 0 0 0 0 0 0 0 0.106036 0 0 0 0 0 0 0 0 0 0.102359 0.113003 0.130834 0.140078 0.152144 0.135687 0.134719 0.138342 0.130255 0.131597 0.146171 0.15802 0.161308 0.160114 0.169455 0.179544 0.189837 0.190521 0.184224 0.191278 0.195724 0.199612 0.202697 0.207985 0.210392 0.212443 0.214007 0.215257 0.216166 0.216991 0.218109 0.219356 0.220924 0.22311 0.23059 0.234187 0.240356 0.246708 0.251417 0.2563 0.261596 0.268503 0.276482
-9999 -9999 -9999 -9999 -9999 -9999 0.126895 0.10754 0 0 0 0 0 0 0 0 0 0 0 0 0.103979 0 0 0 0 0 0 0 0.100261 0.100059 0.107527 0.120027 0.125491 0.132812 0.124406 0.125604 0.126933 0.128468 0.140898 0.157962 0.172184 0.165145 0.169547 0.171496 0.193494 0.18526 0.181624 0.183943 0.196327 0.205429 0.201104 0.20585 0.207606 0.209348 0.210913 0.212748 0.213987 0.215229 0.216356 0.217551 0.219017 0.220751 0.222934 0.225577 0.234624 0.240626 0.244884 0.250686 0.255314 0.261643 0.266047 0.274784
-9999 -9999 -9999 -9999 -9999 -9999 -9999 0.118947 0 0 0 0 0 0 0 0 0 0 0 0 0 0 0 0 0 0 0 0 0.114712 0.111539 0.102509 0.105524 0.109032 0.112309 0.118027 0.120759 0.12494 0.133997 0.159322 0.163074 0.174138 0.175059 0.182332 0.178132 0.191689 0.185162 0.185063 0.188055 0.202906 0.21067 0.207103 0.206029 0.209973 0.209832 0.20963 0.211399 0.212898 0.214364 0.215633 0.216989 0.218576 0.220602 0.222911 0.225604 0.235789 0.241762 0.246632 0.251364 0.256774 0.259535 0.263502 0.27018
-9999 -9999 -9999 -9999 -9999 -9999 -9999 0.123969 0 0 0 0 0 0 0 0 0 0 0 0 0 0 0 0.108174 0.102701 0 0 0 0.119794 0.129477 0.116152 0.105167 0.106493 0.109852 0.127787 0.125996 0.136144 0.149308 0.153972 0.160676 0.173341 0.170204 0.180652 0.180129 0.194581 0.192529 0.193873 0.19103 0.204304 0.214046 0.211002 0.208658 0.211647 0.208272 0.208482 0.209986 0.211666 0.213221 0.214788 0.216324 0.218151 0.220236 0.222642 0.225556 0.229229 0.242429 0.260168 0.263969 0.264655 0.265493 0.269332 0.268701
-9999 -9999 -9999 -9999 -9999 -9999 -9999 0.120522 0.101486 0 0 0 0 0 0 0 0 0 0 0 0 0.112029 0.111967 0.105363 0.100967 0 0 0 0.117814 0.11581 0.107443 0.104081 0.104659 0.108126 0.113528 0.117286 0.125294 0.129638 0.140122 0.155728 0.163131 0.161886 0.179152 0.18102 0.178829 0.199325 0.193936 0.193637 0.209227 0.215124 0.208585 0.206774 0.205311 0.205939 0.207563 0.208454 0.21042 0.212168 0.213906 0.215752 0.217686 0.220015 0.222542 0.2264 0.231132 0.24517 0.263982 0.266616 0.265171 0.264325 0.266638 0.267543
-9999 -9999 -9999 -9999 -9999 -9999 -9999 0.116954 0 0 0 0 0 0 0 0 0 0 0 0 0 0.100914 0.115953 0.104752 0.10424 0 0 0.112076 0.119069 0.114138 0.109127 0.108488 0.103104 0.10523 0.109618 0.122087 0.129023 0.128548 0.132561 0.138377 0.150017 0.152781 0.16154 0.167013 0.17265 0.195527 0.194564 0.198171 0.20663 0.205429 0.203725 0.203575 0.203475 0.205469 0.206644 0.207171 0.209167 0.211134 0.213118 0.215075 0.217283 0.220015 0.222855 0.227965 0.235221 0.246514 0.274573 0.268467 0.261968 0.260506 0.266116 0.26718
-9999 -9999 -9999 -9999 -9999 -9999 -9999 0.119549 0.101402 0 0 0 0 0 0 0 0 0 0 0 0 0 0.114338 0.114393 0.112605 0.101621 0 0.123503 0.130923 0.129651 0.120578 0.112596 0.104058 0.103343 0.108357 0.1268 0.146262 0.139922 0.133101 0.135207 0.140017 0.151347 0.156894 0.162446 0.172177 0.193797 0.200884 0.201857 0.205511 0.205416 0.203036 0.201449 0.206457 0.208252 0.20616 0.205886 0.208071 0.210197 0.212229 0.214418 0.216769 0.220097 0.223637 0.228093 0.24238 0.252515 0.268988 0.269097 0.265511 0.268919 0.265053 0.265886
-9999 -9999 -9999 -9999 -9999 -9999 -9999 0.124824 0.111725 0 0 0 0 0 0 0 0 0 0 0 0 0 0.112864 0.125378 0.121311 0.111749 0.115438 0.13246 0.141251 0.135183 0.125149 0.109224 0.10092 0.101423 0.104202 0.10947 0.124223 0.141726 0.143723 0.138123 0.147055 0.157275 0.155974 0.159871 0.16961 0.177815 0.196772 0.205422 0.20824 0.209146 0.205858 0.199076 0.200798 0.204039 0.202485 0.204817 0.207111 0.209239 0.211478 0.213748 0.216154 0.219358 0.223725 0.233997 0.243451 0.255662 0.259894 0.264596 0.261087 0.2652 0.264426 0.265618
-9999 -9999 -9999 -9999 -9999 -9999 -9999 0.134144 0.11869 0.101768 0 0 0 0 0 0 0 0 0 0 0 0 0.111134 0.130406 0.127001 0.115506 0.124294 0.134973 0.152979 0.138316 0.1219 0.107151 0 0.108759 0.103331 0.105742 0.112464 0.12374 0.140309 0.142386 0.155748 0.159021 0.156525 0.158015 0.162447 0.169623 0.186551 0.201394 0.206924 0.209715 0.207059 0.202633 0.198158 0.199885 0.201224 0.203788 0.206243 0.208495 0.210794 0.213259 0.215994 0.219284 0.228204 0.238466 0.245944 0.255322 0.259149 0.252839 0.258582 0.264167 0.263725 0.264781
-9999 -9999 -9999 -9999 -9999 -9999 -9999 -9999 0.119761 0.102258 0 0 0 0 0 0 0 0 0 0 0 0 0 0.114478 0.128047 0.137491 0.140024 0.137231 0.140301 0.134587 0.118658 0.101964 0.101563 0.114801 0.11475 0.11408 0.110523 0.115348 0.137241 0.149708 0.16073 0.157854 0.154932 0.156944 0.160369 0.165459 0.185123 0.202579 0.198471 0.196364 0.198763 0.197015 0.196424 0.198446 0.200514 0.203107 0.205542 0.207966 0.210557 0.213067 0.216429 0.221088 0.230789 0.25067 0.252666 0.257457 0.265855 0.255907 0.268892 0.264374 0.262964 0.264115
-9999 -9999 -9999 -9999 -9999 -9999 -9999 -9999 0.125069 0.104758 0.100646 0.101213 0.108284 0.105477 0 0 0 0 0 0 0 0 0 0.11146 0.127889 0.143701 0.135147 0.122004 0.120135 0.116368 0.107001 0.106327 0.119588 0.13216 0.127436 0.125343 0.112851 0.112324 0.117468 0.131936 0.148398 0.158695 0.153887 0.15656 0.160071 0.164154 0.176439 0.192878 0.193595 0.192664 0.193086 0.19488 0.194968 0.197308 0.19999 0.202473 0.205104 0.207724 0.21063 0.213589 0.218643 0.224333 0.238613 0.251072 0.259991 0.270689 0.25633 0.253346 0.256836 0.264465 0.263102 0.264422
