Test_Spring_2018b/03_18/Prec/20180325_008.txt
ncols	170
nrows	115
xllcorner	350000.000000
yllcorner	4445000.000000
cellsize	1000.000000
nodata_value	-9999.000000
[rows 32 to 63 of 115, columns 72 to 143 of 170]
0 0 0 0.103207 0.105105 0.107459 0.116248 0.116782 0.114717 0.109157 0.107482 0.105764 0.105005 0 0 0 0 0 0 0 0 0 0 0 0 0 0 -9999 -9999 -9999 -9999 -9999 -9999 -9999 -9999 -9999 -9999 -9999 -9999 -9999 -9999 -9999 -9999 -9999 -9999 -9999 -9999 -9999 -9999 -9999 -9999 -9999 -9999 -9999 -9999 -9999 -9999 -9999 -9999 -9999 -9999 -9999 -9999 -9999 -9999 -9999 -9999 -9999 -9999 -9999 -9999 -9999
0 0 0 0 0.102537 0.109974 0.115888 0.117379 0.116921 0.114828 0.113119 0.111306 0.105785 0 0 0 0 0 0 0 0 0 0 0 0 0 0 0 -9999 -9999 -9999 -9999 -9999 -9999 -9999 -9999 -9999 -9999 -9999 -9999 -9999 -9999 -9999 -9999 -9999 -9999 -9999 -9999 -9999 -9999 -9999 -9999 -9999 -9999 -9999 -9999 -9999 -9999 -9999 -9999 -9999 -9999 -9999 -9999 -9999 -9999 -9999 -9999 -9999 -9999 -9999 -9999
0 0 0 0 0.102757 0.106137 0.107628 0.117102 0.11719 0.117354 0.11415 0.111752 0.107415 0 0 0 0 0 0 0 0 0 0 0 0 0 0 0 0 -9999 -9999 -9999 -9999 -9999 -9999 -9999 -9999 -9999 -9999 -9999 -9999 -9999 -9999 -9999 -9999 -9999 -9999 -9999 -9999 -9999 -9999 -9999 -9999 -9999 -9999 -9999 -9999 -9999 -9999 -9999 -9999 -9999 -9999 -9999 -9999 -9999 -9999 -9999 -9999 -9999 -9999 -9999
0 0 0 0 0 0.10601 0.110547 0.113762 0.117034 0.117277 0.11397 0.103089 0.10214 0.102419 0 0 0 0 0 0 0 0 0 0 0 0 0 0 0 0 -9999 -9999 -9999 -9999 -9999 -9999 -9999 -9999 -9999 -9999 -9999 -9999 -9999 -9999 -9999 -9999 -9999 -9999 -9999 -9999 -9999 -9999 -9999 -9999 -9999 -9999 -9999 -9999 -9999 -9999 -9999 -9999 -9999 -9999 -9999 -9999 -9999 -9999 -9999 -9999 -9999 -9999
-9999 -9999 0 0 0 0.10048 0.108837 0.112979 0.117014 0.117265 0.110028 0.10681 0.107132 0.102612 0 0 0 0 0 0 0 0.102216 0.103595 0.108215 0.103212 0 0 0 0 0 -9999 -9999 -9999 -9999 -9999 -9999 -9999 -9999 -9999 -9999 -9999 -9999 -9999 -9999 -9999 -9999 -9999 -9999 -9999 -9999 -9999 -9999 -9999 -9999 -9999 -9999 -9999 -9999 -9999 -9999 -9999 -9999 -9999 -9999 -9999 -9999 -9999 -9999 -9999 -9999 -9999 -9999
-9999 -9999 -9999 0 0 0 0.107164 0.110009 0.116155 0.116651 0.114195 0.112495 0.10985 0.106303 0.100134 0 0 0 0 0 0 0.102572 0.110347 0.111596 0.104898 0 0 0 0 0 0 -9999 -9999 -9999 -9999 -9999 -9999 -9999 -9999 -9999 -9999 -9999 -9999 0 -9999 -9999 -9999 -9999 -9999 -9999 -9999 -9999 -9999 -9999 -9999 -9999 -9999 -9999 -9999 -9999 -9999 -9999 -9999 -9999 0 -9999 -9999 -9999 -9999 -9999 -9999 -9999
-9999 -9999 0 0 0 0 0.103546 0.108737 0.115675 0.116183 0.114503 0.112577 0.107754 0.107025 0.10378 0 0 0.100415 0.103553 0.107166 0.110372 0.11187 0.11234 0.112391 0.111812 0.105518 0.102359 0 0 0 0 0 -9999 -9999 -9999 -9999 -9999 -9999 -9999 0 0 0 0 0.102999 0 -9999 -9999 -9999 -9999 -9999 -9999 -9999 -9999 -9999 -9999 -9999 -9999 -9999 -9999 -9999 -9999 -9999 -9999 -9999 0 0 -9999 -9999 -9999 -9999 -9999 -9999
-9999 -9999 0 0 0 0 0.103777 0.110531 0.113147 0.115627 0.115574 0.113281 0.109676 0.110178 0.10531 0.103162 0.102095 0.107986 0.110504 0.110594 0.11053 0.111035 0.108097 0.110492 0.115766 0.113216 0.106822 0.100075 0 0 0 0 -9999 -9999 -9999 -9999 -9999 -9999 0 0 0.1046 0 0.103764 0.111392 0.11053 0.10741 -9999 -9999 -9999 -9999 -9999 -9999 -9999 -9999 -9999 -9999 -9999 -9999 -9999 -9999 0.132409 0.12062 0 0 0 0 -9999 -9999 -9999 -9999 -9999 -9999
-9999 -9999 0 0 0 0.100182 0.101402 0.107444 0.11323 0.114606 0.114654 0.114322 0.113825 0.109373 0.107813 0.10129 0.109207 0.110248 0.110145 0.105216 0.104584 0 0 0 0.112652 0.109043 0 0 0 0 0 0 -9999 -9999 -9999 -9999 -9999 -9999 0 0.103986 0.110759 0.111859 0.102644 0.115882 0.119058 0.112008 0.110642 0.116958 0.120345 0.121894 0.12912 0.13129 0.128138 0.131753 -9999 -9999 -9999 -9999 0.134227 0.134778 0.135212 0.13034 0.104235 0 0 0 -9999 -9999 -9999 -9999 -9999 -9999
-9999 -9999 0 0 0 0 0.100139 0.10545 0.111416 0.116039 0.115507 0.115217 0.114976 0.113415 0.109901 0.111171 0.111799 0.110911 0 0 0 0 0 0 0.106677 0.102452 0 0 0 0 0 0 -9999 -9999 -9999 0 0 0 0 0.102321 0.110372 0.116156 0.120277 0.123167 0.119184 0.112259 0.104765 0.107856 0.122191 0.125982 0.132214 0.13446 0.131539 0.133174 0.136986 0.138992 0.139457 0.138651 0.138522 0.138899 0.138523 0.133982 0.110645 0 0 0 -9999 -9999 -9999 -9999 -9999 -9999
-9999 -9999 0 0 0 0.101023 0.10199 0.106105 0.108838 0.114488 0.114572 0.110165 0.113257 0.112701 0.112198 0.111328 0.110248 0.100434 0 0 0 0 0 0 0 0 0 0 0 0 0 0 -9999 -9999 0 0 0 0.100469 0.103014 0.103193 0.113159 0.113797 0.124558 0.124551 0.110437 0.11224 0.10673 0.110675 0.116303 0.118096 0.128542 0.135707 0.137123 0.137231 0.139685 0.140249 0.14045 0.140461 0.13892 0.139729 0.139912 0.137106 0.120211 0.112008 0.10297 0 -9999 -9999 -9999 -9999 -9999 -9999
-9999 -9999 0 0 0.102121 0.103394 0.107728 0.104907 0.103961 0.109561 0.113186 0.10975 0.107178 0.11066 0.110346 0.110178 0.110158 0.101025 0 0 0 0 0 0 0 0 0 0 0 0 0 0 0 -9999 0 0 0 0.101964 0.111712 0.107952 0.119128 0.120941 0.129514 0.125581 0.117043 0.113574 0.11347 0.112619 0.120708 0.126205 0.132795 0.135326 0.138457 0.139311 0.140168 0.140569 0.140821 0.141074 0.141106 0.141115 0.140842 0.13983 0.132098 0.123917 0.106143 0 -9999 -9999 -9999 -9999 -9999 -9999
-9999 0 0 0 0.103026 0.105795 0.108005 0.109359 0.110881 0.109921 0.110442 0.110746 0.102403 0.102483 0.103628 0.108165 0.108611 0.10902 0.104376 0 0 0 0 0 0 0 0 0 0 0 0 0 0 0 0 0 0 0.103613 0.116634 0.12214 0.123888 0.129815 0.132029 0.126691 0.121745 0.11973 0.115987 0.115724 0.116114 0.121196 0.127521 0.135719 0.138526 0.139847 0.14056 0.140979 0.141303 0.141621 0.141778 0.141693 0.14177 0.141775 0.141276 0.130353 0.102908 0 -9999 -9999 -9999 -9999 -9999 -9999
-9999 -9999 0 0 0 0 0 0.102985 0.108563 0.108424 0.110615 0.108521 0.102061 0 0 0.102702 0.106121 0.107569 0.108775 0 0 0 0 0 0 0.103044 0.10541 0 0 0 0 0 0 0 0 0 0 0.100808 0.104074 0.122725 0.128325 0.129738 0.134385 0.127513 0.125886 0.120937 0.122633 0.122485 0.122883 0.109351 0.125911 0.126819 0.136021 0.140204 0.141208 0.141538 0.141884 0.142001 0.142127 0.142156 0.142318 0.142253 0.142162 0.135085 0.100275 0 -9999 -9999 -9999 -9999 -9999 -9999
-9999 -9999 -9999 -9999 0 0 0 0 0.107725 0.10934 0.109898 0.108794 0.104715 0 0 0 0 0 0.107412 0.110443 0.11338 0.101424 0 0.113156 0.116257 0.109441 0.105174 0.100846 0 0 0 0 0 0 0 0.104601 0.112793 0.108137 0.11254 0.122159 0.132543 0.137362 0.135789 0.128499 0.127533 0.119829 0.127652 0.128597 0.125423 0.122793 0.12648 0.131072 0.132874 0.14009 0.141896 0.142279 0.142409 0.142513 0.142555 0.142586 0.142565 0.142558 0.142526 0.142272 0.106489 0 -9999 -9999 -9999 -9999 -9999 -9999
-9999 -9999 -9999 -9999 0 0 0 0.102232 0.107965 0.109319 0.107878 0.107655 0.104307 0 0 0 0 0 0 0.107471 0.112391 0.102621 0.116818 0.119626 0.119814 0.109329 0.103005 0.102099 0 0 0 0 0 0 0 0.108006 0.121438 0.126648 0.121887 0.127513 0.139474 0.139074 0.131876 0.132065 0.127906 0.117337 0.128572 0.131975 0.129849 0.130948 0.132418 0.134178 0.137318 0.140325 0.14235 0.14269 0.142795 0.142805 0.142874 0.14295 0.142881 0.14296 0.142928 0.142813 0.119741 0 -9999 -9999 -9999 -9999 -9999 -9999
-9999 -9999 -9999 -9999 -9999 0 0 0.10475 0.108093 0.106471 0.10832 0.107127 0.102605 0 0 0 0 0 0 0 0.111805 0.115391 0.117264 0.114534 0 0 0 0 0 0 0 0 0 0.10525 0.112295 0.111605 0.123138 0.132216 0.127939 0.134932 0.143136 0.138695 0.135964 0.133737 0.128923 0.12868 0.129361 0.135931 0.131973 0.135094 0.137548 0.137478 0.139047 0.140841 0.14272 0.143091 0.14317 0.143272 0.143134 0.143278 0.143244 0.14321 0.143186 0.143097 0.141073 0.121183 0.108291 -9999 -9999 -9999 -9999 -9999
-9999 -9999 -9999 -9999 -9999 0 0 0 0 0.10563 0.108595 0.107309 0.100601 0 0 0 0 0 0 0 0 0.115745 0.118028 0 0 0 0 0 0 0 0 0 0.103961 0.115332 0.1238 0.126168 0.126127 0.140428 0.142011 0.146235 0.14472 0.144695 0.137045 0.132294 0.136229 0.131746 0.131154 0.137934 0.131931 0.138157 0.139884 0.138232 0.138222 0.142108 0.142957 0.14344 0.143538 0.143462 0.143341 0.143302 0.143495 0.143507 0.143366 0.143447 0.143311 0.143068 0.13196 0.128284 0.133015 -9999 -9999 -9999
-9999 -9999 -9999 -9999 -9999 -9999 0 0 0 0.100689 0.108131 0.107762 0.104341 0 0 0 0 0 0 0 0 0.116899 0.121514 0 0 0 0.103257 0.101755 0.101566 0 0 0 0 0.109222 0.120988 0.131887 0.139591 0.140138 0.1447 0.147099 0.146895 0.147365 0.146189 0.145284 0.138294 0.143222 0.139298 0.141781 0.140755 0.139926 0.141303 0.137366 0.140287 0.142882 0.143609 0.14388 0.143801 0.143838 0.143802 0.143635 0.143599 0.143652 0.143699 0.143641 0.143711 0.146051 0.145172 0.138586 0.129567 0.117999 -9999 -9999
-9999 -9999 -9999 -9999 -9999 -9999 0 0 0 0 0.106699 0.109828 0.107945 0.10268 0 0 0 0 0 0 0 0.11701 0.122661 0.100864 0.113966 0.112762 0.120393 0.113563 0.113285 0.115403 0.110569 0.104428 0 0 0.119357 0.132293 0.142467 0.147139 0.149586 0.150597 0.149536 0.147472 0.136625 0.144558 0.144211 0.143508 0.142792 0.142644 0.142181 0.141622 0.143605 0.143479 0.140891 0.143995 0.143994 0.144108 0.144194 0.144186 0.144105 0.144042 0.143948 0.14402 0.143986 0.143953 0.143953 0.146473 0.146788 0.146752 0.145179 0.129604 0.120255 0.117669
-9999 -9999 -9999 -9999 -9999 -9999 0 0 0 0 0.107904 0.110056 0.110142 0.103628 0 0 0 0 0 0 0 0.104376 0.124118 0.129421 0.133408 0.130837 0.12888 0.132542 0.137282 0.135297 0.12911 0.116978 0.114592 0.110981 0.129874 0.133004 0.132089 0.151756 0.151731 0.150436 0.142725 0.134096 0.135503 0.130347 0.134464 0.128417 0.13432 0.139532 0.14173 0.141987 0.144021 0.144024 0.143807 0.144396 0.144461 0.144449 0.144455 0.14449 0.144486 0.144327 0.144266 0.144416 0.144332 0.144286 0.144244 0.146902 0.147245 0.147301 0.14732 0.145094 0.14156 0.134736
-9999 -9999 -9999 -9999 -9999 -9999 0 0 0 0 0.105737 0.108179 0.112425 0.110578 0.105925 0 0 0 0 0 0 0 0.116408 0.128842 0.13477 0.138744 0.141364 0.146749 0.148677 0.152887 0.147691 0.136458 0.130505 0.12049 0.141409 0.144388 0.141746 0.151856 0.151408 0.136393 0.124784 0.123239 0.130116 0.123423 0.122462 0.118613 0.123546 0.136429 0.133 0.134133 0.14276 0.143776 0.144439 0.144675 0.144708 0.144753 0.144727 0.144813 0.144896 0.144742 0.144707 0.144724 0.144576 0.144607 0.144528 0.147325 0.147491 0.147671 0.147717 0.147245 0.146772 0.147749
-9999 -9999 -9999 -9999 -9999 -9999 0 0 0 0 0.104969 0.110754 0.114863 0.114305 0.109095 0.105057 0 0 0 0 0 0 0.10344 0.117327 0.126468 0.139179 0.143106 0.143166 0.145517 0.15273 0.154568 0.145716 0.143882 0.139192 0.151301 0.152112 0.152331 0.152056 0.139583 0.122082 0.108053 0.118149 0.116055 0.120667 0.10659 0.118449 0.128227 0.131638 0.125686 0.121277 0.139189 0.141706 0.143242 0.144252 0.14494 0.144864 0.145087 0.145071 0.145099 0.145121 0.145063 0.145056 0.144997 0.144935 0.14488 0.147841 0.148044 0.148331 0.14862 0.148326 0.148359 0.148491
-9999 -9999 -9999 -9999 -9999 -9999 -9999 0 0 0 0.105112 0.114 0.118089 0.117657 0.11507 0.112538 0.109189 0.102867 0 0 0 0 0 0.100998 0.110742 0.131729 0.141292 0.136486 0.121754 0.13743 0.153399 0.155254 0.155832 0.155947 0.155576 0.154888 0.152204 0.143859 0.117334 0.112095 0.101693 0.102973 0 0.109454 0.105426 0.117755 0.123279 0.125584 0.114761 0.120802 0.134002 0.139277 0.138488 0.141755 0.144872 0.145046 0.145207 0.145201 0.145339 0.145435 0.145456 0.145394 0.145365 0.145363 0.145188 0.148547 0.147921 0.14762 0.146619 0.14851 0.148883 0.152169
-9999 -9999 -9999 -9999 -9999 -9999 -9999 0 0 0 0.102467 0.112344 0.120933 0.120946 0.117112 0.113855 0.110906 0.107852 0 0 0 0 0 0 0.100427 0.126184 0.133788 0.13506 0.120017 0.115196 0.135476 0.152578 0.155378 0.155325 0.138489 0.143143 0.134123 0.121499 0.118242 0.112767 0.100851 0.106858 0 0.102144 0.101428 0.108559 0.112205 0.1207 0.111304 0.115158 0.128119 0.134702 0.13494 0.141846 0.144356 0.14507 0.145306 0.145496 0.145601 0.145783 0.145796 0.145771 0.145714 0.145464 0.144764 0.142448 0.133255 0.133612 0.137485 0.141138 0.147731 0.152802
-9999 -9999 -9999 -9999 -9999 -9999 -9999 0 0 0 0.107574 0.108601 0.118781 0.124136 0.120062 0.115757 0.111687 0.110788 0 0 0 0 0 0 0.10322 0.120638 0.1261 0.125862 0.120635 0.12826 0.142554 0.150818 0.154221 0.153939 0.151066 0.149646 0.143198 0.140639 0.131173 0.116057 0.110249 0.114346 0 0 0.105872 0 0.110738 0.116148 0.103903 0.117817 0.129301 0.135209 0.140384 0.142874 0.143913 0.145464 0.145579 0.145779 0.145923 0.145977 0.146052 0.145888 0.145766 0.144465 0.142512 0.130509 0.129354 0.130676 0.136579 0.14177 0.150776 0.153179
-9999 -9999 -9999 -9999 -9999 -9999 -9999 0 0 0 0.10294 0.105536 0.117017 0.127383 0.126587 0.122107 0.121439 0.11734 0.1078 0 0 0 0 0 0.100305 0.115133 0.123382 0.120364 0.117715 0.128063 0.13817 0.143053 0.15285 0.153923 0.152143 0.141078 0.135957 0.138958 0.136925 0.132948 0.122644 0.122465 0.115911 0.113354 0.110957 0.102663 0.108517 0.109398 0.111415 0.127238 0.133251 0.137263 0.14092 0.141936 0.143569 0.145666 0.14592 0.146068 0.146135 0.146248 0.146174 0.145675 0.145265 0.142572 0.137748 0.128682 0.117835 0.128605 0.139845 0.146776 0.150759 0.152781
-9999 -9999 -9999 -9999 -9999 -9999 -9999 0 0 0 0 0 0.117285 0.130279 0.13071 0.128905 0.126911 0.114949 0.116976 0.115844 0.105532 0 0 0 0 0.108578 0.116127 0.106723 0.103035 0.108805 0.123006 0.135719 0.148771 0.152841 0.150287 0.132579 0.113591 0.123266 0.133481 0.133838 0.131342 0.121808 0.118982 0.116441 0.109538 0 0 0.103563 0.121501 0.125884 0.132616 0.13822 0.136212 0.137507 0.142871 0.145982 0.146172 0.146302 0.146477 0.146483 0.146376 0.145306 0.144169 0.142209 0.129512 0.121644 0.113909 0.127872 0.135634 0.143905 0.151424 0.153537
-9999 -9999 -9999 -9999 -9999 -9999 -9999 0 0 0 0 0 0.118269 0.128277 0.133366 0.133856 0.13273 0.127823 0.125404 0.119748 0.108692 0 0 0 0 0 0.105401 0 0 0.100711 0.115573 0.136786 0.149306 0.151825 0.151649 0.148577 0.134871 0.11809 0.118628 0.127742 0.120843 0.112729 0.117698 0.117142 0.110336 0.105464 0.102718 0.105217 0.117097 0.120382 0.128147 0.139571 0.141272 0.141026 0.14588 0.146195 0.146382 0.146638 0.146707 0.146738 0.146669 0.14581 0.143795 0.135367 0.128028 0.117788 0.116587 0.132832 0.141967 0.147745 0.151677 0.153268
-9999 -9999 -9999 -9999 -9999 -9999 -9999 0 0 0 0 0.106218 0.121128 0.12265 0.13081 0.131366 0.136065 0.135698 0.131207 0.126425 0.116846 0 0 0 0 0 0.100192 0 0 0 0.116882 0.136443 0.147433 0.140501 0.149315 0.14935 0.144581 0.134793 0.119214 0.11993 0.108278 0.108094 0.114587 0.116895 0.116162 0.112574 0.106915 0.108368 0.11716 0.118435 0.125577 0.134456 0.143138 0.14466 0.146378 0.146524 0.146626 0.146836 0.146928 0.146824 0.146458 0.145556 0.138503 0.130101 0.124954 0.117842 0.117043 0.134876 0.144636 0.148613 0.152087 0.15375
-9999 -9999 -9999 -9999 -9999 -9999 -9999 -9999 0 0 0 0 0.106017 0.113459 0.119355 0.121085 0.137118 0.138626 0.13594 0.131426 0.123196 0.107615 0 0 0 0 0 0 0 0 0.118186 0.139567 0.142702 0.130577 0.133221 0.136572 0.143206 0.140623 0.1192 0.108483 0 0.106489 0.113682 0.115641 0.116259 0.115211 0.114395 0.115865 0.125155 0.132048 0.133704 0.139724 0.144189 0.145476 0.146465 0.146653 0.146844 0.146921 0.146741 0.14663 0.145603 0.143209 0.135311 0.116213 0.117181 0.11518 0.109289 0.126712 0.140038 0.14812 0.152637 0.154163
-9999 -9999 -9999 -9999 -9999 -9999 -9999 -9999 0 0 0 0 0 0 0.104279 0.110414 0.125726 0.140278 0.139817 0.135208 0.12735 0.118253 0.103827 0 0 0 0 0.104186 0.109025 0.115869 0.128837 0.132027 0.11963 0.107973 0.115605 0.120389 0.136891 0.140262 0.137554 0.124737 0.109997 0.102432 0.11199 0.1135 0.114322 0.114696 0.114895 0.118616 0.12918 0.135004 0.139066 0.141312 0.145155 0.146195 0.146579 0.146945 0.146952 0.146834 0.146314 0.145712 0.142806 0.139272 0.126287 0.115474 0.108758 0.100213 0.119705 0.129465 0.14171 0.147778 0.152266 0.153618
