Test_Spring_2018b/03_18/Prec/20180313_001.txt
ncols	170
nrows	115
xllcorner	350000.000000
yllcorner	4445000.000000
cellsize	1000.000000
nodata_value	-9999.000000
[rows 34 to 67 of 115, columns 76 to 151 of 170]
0.29581 0.295676 0.302681 0.314218 0.319753 0.324924 0.327628 0.330367 0.331497 0.33011 0.32621 0.320548 0.308103 0.320581 0.330927 0.333598 0.336094 0.335721 0.331604 0.340818 0.344384 0.330112 0.343283 0.338644 0.337494 -9999 -9999 -9999 -9999 -9999 -9999 -9999 -9999 -9999 -9999 -9999 -9999 -9999 -9999 -9999 -9999 -9999 -9999 -9999 -9999 -9999 -9999 -9999 -9999 -9999 -9999 -9999 -9999 -9999 -9999 -9999 -9999 -9999 -9999 -9999 -9999 -9999 -9999 -9999 -9999 -9999 -9999 -9999 -9999 -9999 -9999 -9999 -9999 -9999 -9999 -9999
0.274488 0.276397 0.296702 0.304581 0.312051 0.317214 0.319746 0.31724 0.320271 0.323651 0.322228 0.315303 0.308271 0.308692 0.323149 0.329503 0.331994 0.337781 0.335003 0.341276 0.343526 0.339524 0.332266 0.34142 0.338945 0.332562 -9999 -9999 -9999 -9999 -9999 -9999 -9999 -9999 -9999 -9999 -9999 -9999 -9999 -9999 -9999 -9999 -9999 -9999 -9999 -9999 -9999 -9999 -9999 -9999 -9999 -9999 -9999 -9999 -9999 -9999 -9999 -9999 -9999 -9999 -9999 -9999 -9999 -9999 -9999 -9999 -9999 -9999 -9999 -9999 -9999 -9999 -9999 -9999 -9999 -9999
0.239664 0.265608 0.288227 0.296898 0.304949 0.310143 0.310259 0.312267 0.31594 0.316307 0.314022 0.313672 0.310389 0.306852 0.312566 0.325568 0.324618 0.334993 0.337971 0.342847 0.34185 0.336578 0.324005 0.335372 0.333291 0.328268 -9999 -9999 -9999 -9999 -9999 -9999 -9999 -9999 -9999 -9999 -9999 -9999 -9999 -9999 -9999 -9999 -9999 -9999 -9999 -9999 -9999 -9999 -9999 -9999 -9999 -9999 -9999 -9999 -9999 -9999 -9999 -9999 -9999 -9999 -9999 -9999 -9999 -9999 -9999 -9999 -9999 -9999 -9999 -9999 -9999 -9999 -9999 -9999 -9999 -9999
0.230476 0.245255 0.280198 0.288441 0.297982 0.303424 0.306422 0.309273 0.31104 0.311857 0.310797 0.309201 0.306234 0.308796 0.318274 0.321765 0.324039 0.328771 0.335776 0.338781 0.332287 0.326652 0.323297 0.324585 0.32029 0.32192 0.318641 -9999 -9999 -9999 -9999 -9999 -9999 -9999 -9999 -9999 -9999 -9999 -9999 0.319773 -9999 -9999 -9999 -9999 -9999 -9999 -9999 -9999 -9999 -9999 -9999 -9999 -9999 -9999 -9999 -9999 -9999 -9999 -9999 -9999 0.158801 -9999 -9999 -9999 -9999 -9999 -9999 -9999 -9999 -9999 -9999 -9999 -9999 -9999 -9999 -9999
0.227322 0.240363 0.261809 0.281664 0.291993 0.297611 0.301124 0.303787 0.304124 0.306479 0.307014 0.30484 0.306719 0.311818 0.316035 0.320615 0.325013 0.328411 0.331172 0.333606 0.333067 0.330966 0.330496 0.318153 0.328464 0.323733 0.315644 0.309152 -9999 -9999 -9999 -9999 -9999 -9999 -9999 0.320434 0.318489 0.316678 0.316261 0.318854 0.312541 -9999 -9999 -9999 -9999 -9999 -9999 -9999 -9999 -9999 -9999 -9999 -9999 -9999 -9999 -9999 -9999 -9999 -9999 -9999 0.164061 0.148518 -9999 -9999 -9999 -9999 -9999 -9999 -9999 -9999 -9999 -9999 -9999 -9999 -9999 -9999
0.221237 0.235064 0.246472 0.277486 0.285608 0.292644 0.297221 0.299627 0.30057 0.303483 0.302833 0.303654 0.305096 0.310796 0.314589 0.31706 0.319557 0.322468 0.323312 0.327299 0.330403 0.330683 0.328359 0.3255 0.329789 0.319011 0.308062 0.299032 -9999 -9999 -9999 -9999 -9999 -9999 0.31919 0.322472 0.323669 0.316171 0.318773 0.320521 0.316696 0.290149 -9999 -9999 -9999 -9999 -9999 -9999 -9999 -9999 -9999 -9999 -9999 -9999 -9999 -9999 0.225952 0.213034 0.19201 0.177165 0.164438 0.149036 -9999 -9999 -9999 -9999 -9999 -9999 -9999 -9999 -9999 -9999 -9999 -9999 -9999 -9999
0.216661 0.230561 0.241034 0.261809 0.281688 0.288344 0.293098 0.29666 0.299338 0.299056 0.300147 0.298081 0.304706 0.307311 0.309416 0.308824 0.311002 0.308151 0.309556 0.313569 0.324032 0.323809 0.318433 0.31034 0.312954 0.309959 0.306275 0.298335 -9999 -9999 -9999 -9999 -9999 -9999 0.317793 0.321494 0.324097 0.322927 0.315106 0.320306 0.299862 0.290857 0.284986 0.283573 0.280359 0.27532 0.26339 0.260171 0.254191 0.252702 -9999 -9999 -9999 -9999 0.237837 0.234009 0.229365 0.220644 0.198161 0.17966 0.161259 0.137187 -9999 -9999 -9999 -9999 -9999 -9999 -9999 -9999 -9999 -9999 -9999 -9999 -9999 -9999
0.211125 0.22328 0.237061 0.257741 0.277532 0.279987 0.284775 0.288636 0.291609 0.293055 0.292799 0.295103 0.296889 0.297785 0.292448 0.28623 0.2938 0.298889 0.293462 0.306429 0.316476 0.31602 0.309023 0.29981 0.311639 0.310373 0.305037 0.287229 -9999 -9999 -9999 0.296199 0.30266 0.302554 0.303493 0.308375 0.311322 0.322966 0.323249 0.316986 0.298482 0.289341 0.279558 0.275985 0.279167 0.276134 0.26384 0.260817 0.255226 0.245673 0.245568 0.244537 0.242512 0.239409 0.236155 0.232428 0.227298 0.218593 0.204085 0.187954 0.173565 0.133951 -9999 -9999 -9999 -9999 -9999 -9999 -9999 -9999 -9999 -9999 -9999 -9999 -9999 -9999
0.204873 0.218116 0.230086 0.242913 0.260046 0.277529 0.282982 0.284495 0.289453 0.291355 0.292661 0.293359 0.293767 0.288941 0.282032 0.275641 0.274802 0.281354 0.278847 0.286213 0.296304 0.307176 0.293622 0.286127 0.288384 0.299119 0.288111 0.279313 -9999 -9999 0.282563 0.295771 0.304711 0.308775 0.309118 0.307671 0.311695 0.309641 0.3132 0.304803 0.281223 0.277017 0.279136 0.275809 0.263222 0.25929 0.259784 0.252333 0.25035 0.248163 0.247809 0.246509 0.244909 0.242818 0.239122 0.235915 0.231203 0.223436 0.205874 0.192249 0.166536 0.13057 -9999 -9999 -9999 -9999 -9999 -9999 -9999 -9999 -9999 -9999 -9999 -9999 -9999 -9999
0.20132 0.214976 0.229663 0.241367 0.256659 0.267958 0.281726 0.283987 0.285541 0.289738 0.290907 0.291691 0.292352 0.287538 0.282253 0.273844 0.270281 0.270581 0.272259 0.263475 0.270465 0.274149 0.27772 0.283775 0.292064 0.298846 0.294884 0.28319 0.278398 -9999 0.283606 0.289815 0.300582 0.309191 0.313868 0.309973 0.314584 0.313041 0.31089 0.30451 0.284503 0.267035 0.261103 0.255109 0.255021 0.262176 0.260409 0.258195 0.250862 0.249654 0.248941 0.248177 0.247222 0.245817 0.243488 0.240057 0.235141 0.228325 0.215956 0.193466 0.171354 0.133526 -9999 -9999 -9999 -9999 -9999 -9999 -9999 -9999 -9999 -9999 -9999 -9999 -9999 -9999
0.198533 0.214121 0.228517 0.241343 0.258239 0.268795 0.275971 0.284937 0.283057 0.2851 0.286915 0.290202 0.290748 0.291256 0.288914 0.277818 0.276561 0.266951 0.261623 0.261521 0.267744 0.279734 0.284473 0.284924 0.284867 0.290677 0.295321 0.290389 0.276991 0.279811 0.28715 0.292324 0.299662 0.310306 0.31691 0.318465 0.317198 0.314697 0.312115 0.295439 0.277535 0.269728 0.26122 0.255323 0.250483 0.249242 0.248225 0.256876 0.255899 0.250323 0.250136 0.250019 0.249717 0.248882 0.247031 0.243782 0.23913 0.232784 0.218216 0.200934 0.166858 0.135682 -9999 -9999 -9999 -9999 -9999 -9999 -9999 -9999 -9999 -9999 -9999 -9999 -9999 -9999
0.189958 0.206015 0.222113 0.237266 0.25705 0.266309 0.275286 0.281532 0.283575 0.280508 0.285193 0.287098 0.289065 0.289785 0.290541 0.277442 0.273245 0.271084 0.265932 0.272588 0.279943 0.285144 0.288788 0.284214 0.279818 0.281294 0.274541 0.277833 0.278505 0.282543 0.288041 0.299389 0.30686 0.309121 0.309769 0.319065 0.31771 0.308533 0.305651 0.295464 0.279444 0.269384 0.263785 0.25773 0.252811 0.240424 0.245833 0.244311 0.248729 0.25441 0.251455 0.25188 0.252153 0.251676 0.250162 0.247182 0.242608 0.231953 0.218314 0.202081 0.1677 0.137703 -9999 -9999 -9999 -9999 -9999 -9999 -9999 -9999 -9999 -9999 -9999 -9999 -9999 -9999
0.185702 0.203112 0.218812 0.234033 0.256561 0.267418 0.275872 0.281517 0.28359 0.282757 0.282087 0.282968 0.278558 0.281147 0.286199 0.286643 0.287345 0.279568 0.277357 0.286019 0.288996 0.28664 0.286406 0.286647 0.280989 0.285626 0.277819 0.272736 0.276177 0.289668 0.30125 0.312904 0.317691 0.314133 0.315353 0.314774 0.316255 0.313529 0.306346 0.295371 0.279585 0.267438 0.265222 0.259652 0.252548 0.246828 0.244763 0.245838 0.246267 0.250777 0.252551 0.253552 0.25416 0.25406 0.252771 0.249933 0.240848 0.232293 0.221572 0.208842 0.173182 0.13632 -9999 -9999 -9999 -9999 -9999 -9999 -9999 -9999 -9999 -9999 -9999 -9999 -9999 -9999
0.179953 0.197033 0.214791 0.235666 0.256218 0.267322 0.274937 0.281417 0.284148 0.282525 0.279688 0.275738 0.270143 0.272363 0.279506 0.284106 0.285536 0.278639 0.285821 0.287693 0.288754 0.284146 0.282753 0.285254 0.280451 0.284204 0.281092 0.274394 0.28361 0.292522 0.301996 0.315284 0.323299 0.325112 0.319339 0.318697 0.320707 0.314366 0.303313 0.296387 0.278497 0.264303 0.26393 0.259748 0.253304 0.249974 0.246842 0.246573 0.248232 0.250661 0.253013 0.254456 0.255404 0.2555 0.25439 0.249759 0.24335 0.234588 0.223506 0.210425 0.181936 0.13655 -9999 -9999 -9999 -9999 -9999 -9999 -9999 -9999 -9999 -9999 -9999 -9999 -9999 -9999
-9999 0.191033 0.21246 0.235809 0.25506 0.264596 0.274431 0.280555 0.282773 0.283575 0.279668 0.272868 0.259253 0.261756 0.268037 0.277862 0.28369 0.284469 0.283957 0.282246 0.274266 0.26866 0.273213 0.27792 0.276448 0.282662 0.278981 0.289636 0.300195 0.310459 0.316585 0.317199 0.324162 0.328303 0.322859 0.322769 0.322182 0.313042 0.304317 0.29561 0.277163 0.269006 0.262191 0.259923 0.252473 0.250542 0.248235 0.247183 0.24824 0.250281 0.252858 0.254578 0.255701 0.255953 0.254312 0.250458 0.243961 0.234969 0.223692 0.210408 0.19437 0.160303 0.13541 -9999 -9999 -9999 -9999 -9999 -9999 -9999 -9999 -9999 -9999 -9999 -9999 -9999
-9999 0.183977 0.201933 0.226871 0.247212 0.261989 0.27258 0.278778 0.279834 0.279878 0.274071 0.27181 0.258802 0.253297 0.257151 0.255034 0.269089 0.282432 0.281951 0.260542 0.255728 0.254363 0.261767 0.268238 0.272869 0.273959 0.276261 0.293293 0.30545 0.315098 0.322271 0.324186 0.324414 0.331453 0.32973 0.327782 0.321125 0.31442 0.30253 0.29214 0.278846 0.268125 0.260594 0.258562 0.250044 0.250187 0.247616 0.245862 0.246206 0.249711 0.251821 0.253699 0.254175 0.254565 0.25286 0.248818 0.242385 0.233371 0.222007 0.208846 0.194009 0.171865 0.148207 0.128952 0.115022 -9999 -9999 -9999 -9999 -9999 -9999 -9999 -9999 -9999 -9999 -9999
-9999 -9999 0.18964 0.218554 0.242421 0.255802 0.269011 0.275779 0.276434 0.276748 0.270993 0.264707 0.25315 0.23931 0.234376 0.2534 0.270506 0.280324 0.281119 0.263559 0.259318 0.263682 0.274007 0.276305 0.280118 0.284436 0.287413 0.288943 0.296452 0.307668 0.315568 0.324093 0.328956 0.327659 0.326979 0.324934 0.318981 0.312513 0.304493 0.296433 0.27652 0.271623 0.262272 0.25786 0.252557 0.248667 0.245979 0.243017 0.245242 0.248025 0.250051 0.249066 0.250898 0.251168 0.249347 0.245155 0.238607 0.229688 0.218606 0.205623 0.191256 0.171006 0.154013 0.133539 0.111878 0 -9999 -9999 -9999 -9999 -9999 -9999 -9999 -9999 -9999 -9999
-9999 -9999 0.179779 0.207937 0.231852 0.250857 0.263154 0.268073 0.272997 0.274014 0.270264 0.262242 0.254544 0.23954 0.223634 0.243612 0.266268 0.276911 0.279135 0.264682 0.272964 0.273562 0.280396 0.279373 0.283027 0.294881 0.295615 0.295606 0.293068 0.290738 0.309102 0.318757 0.325043 0.326202 0.324261 0.319896 0.316583 0.307742 0.294043 0.29149 0.275622 0.267645 0.260531 0.254823 0.250115 0.2466 0.244274 0.243688 0.242595 0.241782 0.241508 0.244182 0.245764 0.245708 0.243646 0.239408 0.232914 0.227702 0.213549 0.201057 0.187243 0.167662 0.152187 0.136479 0.12013 0 0 0 0 -9999 -9999 -9999 -9999 -9999 -9999 -9999
-9999 -9999 0.155536 0.189983 0.222972 0.24179 0.252607 0.261364 0.267272 0.267491 0.267113 0.261799 0.255756 0.245796 0.230956 0.221268 0.237064 0.259005 0.275779 0.27769 0.280406 0.280061 0.280964 0.286073 0.292544 0.302027 0.297806 0.294833 0.291704 0.293641 0.308088 0.311661 0.311177 0.321364 0.318028 0.312455 0.301848 0.294581 0.288548 0.277445 0.264403 0.253642 0.250911 0.248773 0.245946 0.243119 0.240721 0.233488 0.234851 0.233008 0.235647 0.237739 0.238813 0.238416 0.236166 0.2318 0.225434 0.217238 0.211516 0.200163 0.182287 0.163532 0.149093 0.134479 0.120121 0.10494 0 0 0 0 -9999 -9999 -9999 -9999 -9999 -9999
-9999 -9999 0.151538 0.188169 0.214319 0.227035 0.243951 0.25239 0.260493 0.263395 0.263037 0.258789 0.252227 0.244238 0.231687 0.222032 0.231446 0.24775 0.258897 0.264847 0.276326 0.279798 0.28327 0.282721 0.287799 0.301753 0.302626 0.292353 0.293044 0.290699 0.30602 0.309262 0.307625 0.312084 0.308654 0.295105 0.282535 0.275294 0.278254 0.267565 0.251189 0.242043 0.239184 0.242044 0.226954 0.225381 0.227162 0.228149 0.224174 0.226323 0.228344 0.229883 0.23042 0.229662 0.227243 0.222859 0.216702 0.208831 0.199306 0.193602 0.18167 0.163476 0.14539 0.132024 0.118844 0.105842 0 0 0 0 0 -9999 -9999 -9999 -9999 -9999
-9999 -9999 0.139956 0.178991 0.202651 0.218623 0.235555 0.245421 0.253041 0.256514 0.255806 0.254465 0.250713 0.243982 0.238908 0.230434 0.219239 0.236986 0.244973 0.252129 0.249424 0.257883 0.262177 0.265211 0.286981 0.294637 0.290415 0.288983 0.291587 0.29194 0.301544 0.303201 0.303165 0.301418 0.29096 0.27627 0.262719 0.263044 0.255701 0.258305 0.234347 0.2254 0.225503 0.222889 0.217046 0.212203 0.219117 0.214163 0.216136 0.218152 0.219932 0.220787 0.220951 0.219756 0.21712 0.212881 0.206979 0.199587 0.190812 0.180905 0.175372 0.158168 0.145827 0.12831 0.115662 0.100174 0 0 0 0 0 0 -9999 -9999 -9999 -9999
-9999 -9999 -9999 0.158895 0.17948 0.203794 0.2199 0.231604 0.239263 0.242919 0.243938 0.24367 0.241696 0.236907 0.230446 0.220368 0.212788 0.216897 0.224316 0.227577 0.233229 0.246579 0.254011 0.253703 0.256214 0.259129 0.272435 0.277385 0.281373 0.284538 0.292522 0.292978 0.291071 0.284528 0.265853 0.252319 0.240917 0.235916 0.226655 0.233813 0.215823 0.217214 0.215315 0.212439 0.202698 0.200457 0.199969 0.203204 0.203398 0.206314 0.210454 0.210871 0.21051 0.20899 0.206292 0.202196 0.196674 0.187645 0.179223 0.169789 0.165111 0.148401 0.136255 0.124307 0.11219 0.10229 0 0 0 0 0 0 0 -9999 -9999 -9999
-9999 -9999 -9999 0.144803 0.170671 0.196949 0.209257 0.220754 0.230515 0.234046 0.234141 0.233474 0.231967 0.229522 0.222177 0.214863 0.207911 0.205637 0.207393 0.21188 0.219537 0.235659 0.241642 0.244573 0.236045 0.235705 0.250845 0.264191 0.26876 0.271156 0.262714 0.266248 0.260433 0.25127 0.246611 0.239618 0.227957 0.226556 0.216046 0.213201 0.204177 0.203111 0.200625 0.201861 0.193192 0.189167 0.187947 0.191578 0.191874 0.196392 0.198163 0.198438 0.197717 0.196013 0.193127 0.189066 0.183674 0.1771 0.169479 0.160886 0.151358 0.145812 0.122221 0.111956 0.104031 0 0 0 0 0 0 0 0 -9999 -9999 -9999
-9999 -9999 -9999 0.143098 0.162208 0.185316 0.203361 0.20872 0.218806 0.225118 0.224839 0.223513 0.221483 0.220635 0.212948 0.204319 0.197349 0.189299 0.191145 0.198008 0.213044 0.224026 0.228444 0.230042 0.226338 0.232812 0.243598 0.25085 0.255043 0.256648 0.256098 0.255642 0.251252 0.248249 0.240165 0.227866 0.220526 0.218715 0.204494 0.200851 0.200394 0.18854 0.190954 0.190695 0.180507 0.173775 0.179435 0.182299 0.185094 0.18642 0.186769 0.187069 0.18591 0.184009 0.181142 0.177217 0.172296 0.166281 0.159447 0.151198 0.142008 0.126387 0.114417 0.105943 0.100418 0 0 0 0 0 0 0 0 -9999 -9999 -9999
-9999 -9999 -9999 0.141581 0.158379 0.178246 0.191784 0.197286 0.207513 0.216377 0.217796 0.216273 0.216369 0.213812 0.207516 0.200373 0.192537 0.188931 0.180534 0.190207 0.202496 0.211784 0.217594 0.2146 0.213872 0.221328 0.22887 0.233344 0.240676 0.242471 0.242089 0.235513 0.231813 0.232261 0.228958 0.223849 0.214423 0.210745 0.203056 0.197772 0.192743 0.180299 0.180139 0.177486 0.167978 0.169782 0.171965 0.173368 0.174833 0.174808 0.175057 0.175289 0.173932 0.171875 0.169023 0.165398 0.160852 0.155287 0.149092 0.140948 0.131068 0.118316 0.10181 0.100145 0 0 0 0 0 0 0 0 0 0 0 -9999
-9999 -9999 -9999 0.136041 0.152589 0.169377 0.178331 0.182424 0.197706 0.20767 0.209513 0.209457 0.208766 0.201616 0.202521 0.201266 0.194343 0.184201 0.173193 0.175033 0.186138 0.198374 0.203466 0.19571 0.193817 0.197882 0.207196 0.215676 0.224294 0.227302 0.225995 0.215128 0.202983 0.207554 0.211923 0.209886 0.20575 0.197109 0.192363 0.187773 0.180653 0.16236 0.164847 0.164204 0.158131 0.158791 0.161248 0.163332 0.161029 0.160779 0.162897 0.163427 0.16183 0.159709 0.157044 0.153658 0.149578 0.144318 0.138473 0.131667 0.118019 0.107006 0 0 0 0 0 0 0 0 0 0 0 0 0 0
-9999 -9999 -9999 0.12881 0.141064 0.156434 0.164197 0.174604 0.188636 0.196312 0.20062 0.201758 0.201546 0.19872 0.197115 0.193353 0.186209 0.176338 0.165411 0.158599 0.163152 0.181603 0.17761 0.178064 0.174415 0.180799 0.189845 0.202766 0.210422 0.21194 0.211633 0.209311 0.200262 0.189012 0.187843 0.191522 0.185294 0.178141 0.178746 0.175986 0.1695 0.164287 0.15602 0.147194 0.144946 0.14494 0.147883 0.153232 0.152858 0.151353 0.152858 0.151468 0.149739 0.147705 0.145146 0.142112 0.138552 0.134058 0.128441 0.118586 0.109068 0 0 0 0 0 0 0 0 0 0 0 0 0 0 0
-9999 -9999 -9999 0.118961 0.131933 0.14572 0.15857 0.17062 0.181021 0.183096 0.1889 0.189863 0.193073 0.193007 0.190263 0.187185 0.1811 0.168294 0.157603 0.145955 0.149631 0.167768 0.170218 0.164459 0.153826 0.165108 0.177548 0.18882 0.19494 0.190235 0.194936 0.194236 0.190498 0.183571 0.172982 0.172034 0.163483 0.161707 0.163852 0.163413 0.161118 0.157117 0.14418 0.138704 0.134249 0.133029 0.135476 0.139084 0.142651 0.141935 0.141307 0.13964 0.13779 0.13579 0.133456 0.130701 0.127464 0.123571 0.115646 0.1066 0 0 0 0 0 0 0 0 0 0 0 0 0 0 0 0
-9999 -9999 -9999 -9999 0.126883 0.140286 0.150452 0.154042 0.162918 0.168074 0.172157 0.173597 0.183521 0.184578 0.182992 0.180191 0.175043 0.165364 0.158672 0.147318 0.139184 0.140126 0.148308 0.150889 0.149485 0.153919 0.16516 0.176885 0.177674 0.169328 0.169925 0.170989 0.17406 0.171591 0.15777 0.150363 0.144016 0.147075 0.150241 0.150162 0.149183 0.147115 0.131733 0.124716 0.128296 0.130449 0.12948 0.131176 0.13197 0.130876 0.129607 0.127836 0.126015 0.124037 0.121779 0.1194 0.116271 0.112092 0.104352 0 0 0 0 0 0 0 0 0 0 0 0 0 0 0 0 0
-9999 -9999 -9999 -9999 0.119107 0.133651 0.13725 0.137644 0.133634 0.13623 0.153587 0.157447 0.166819 0.175708 0.175512 0.172746 0.167921 0.162217 0.153146 0.140138 0.129665 0.124841 0.139963 0.149057 0.150184 0.152466 0.158432 0.158557 0.149396 0.140824 0.144045 0.145752 0.154719 0.155969 0.153711 0.145472 0.136119 0.131066 0.136247 0.136453 0.136079 0.135248 0.127528 0.114196 0.120089 0.121576 0.121939 0.121177 0.121379 0.119919 0.118112 0.11635 0.114425 0.11246 0.11026 0.107976 0.104222 0 0 0 0 0 0 0 0 0 0 0 0 0 0 0 0 0 0 0
-9999 -9999 -9999 -9999 -9999 -9999 -9999 -9999 -9999 0.128099 0.131855 0.144564 0.155156 0.167319 0.167671 0.165322 0.162443 0.153866 0.144239 0.142381 0.126435 0.118812 0.132577 0.138562 0.14243 0.142509 0.142892 0.137679 0.129079 0.118098 0.121529 0.130019 0.139451 0.139017 0.139251 0.135278 0.129618 0.116688 0.122604 0.122911 0.12348 0.122882 0.108738 0.104809 0.110353 0.108546 0.110141 0.112242 0.110782 0.109005 0.107086 0.10512 0.103055 0.101073 0 0 0 0 0 0 0 0 0 0 0 0 0 0 0 0 0 0 0 0 0 0
-9999 -9999 -9999 -9999 -9999 -9999 -9999 -9999 -9999 0.109366 0.1082 0.134933 0.146403 0.157219 0.159286 0.156767 0.153189 0.148629 0.143082 0.134795 0.120772 0.10969 0.118637 0.126954 0.127753 0.124765 0.117002 0.113926 0.104154 0 0.105411 0.113446 0.121574 0.123012 0.12258 0.122389 0.111761 0.10344 0.105857 0.10784 0.111092 0.104799 0 0 0.100882 0.102546 0.102873 0.102073 0.100666 0 0 0 0 0 0 0 0 0 0 0 0 0 0 0 0 0 0 0 0 0 0 0 0 0 0 0
-9999 -9999 -9999 -9999 -9999 -9999 -9999 -9999 -9999 -9999 0 0.118571 0.134983 0.147564 0.151359 0.150226 0.147802 0.143582 0.137581 0.132869 0.119267 0.104172 0.101774 0.109722 0.108464 0.105574 0 0 0 0 0 0 0.10496 0.107128 0 0.106982 0.106403 0.10073 0 0 0 0 0 0 0 0 0 0 0 0 0 0 0 0 0 0 0 0 0 0 0 0 0 0 0 0 0 0 0 0 0 0 0 0 0 0
-9999 -9999 -9999 -9999 -9999 -9999 -9999 -9999 -9999 -9999 0 0.103982 0.125003 0.136491 0.143751 0.143794 0.142061 0.140092 0.135665 0.129285 0.114682 -9999 -9999 -9999 -9999 -9999 -9999 0 0 0 0 0 0 0 0 0 0 0 0 0 0 0 0 0 0 0 0 0 0 0 0 0 0 0 0 0 0 0 0 0 0 0 0 0 0 0 0 0 0 0 0 0 0 0 0 0
