Test_Spring_2018b/03_18/Prec/20180302_016.txt
ncols	170
nrows	115
xllcorner	350000.000000
yllcorner	4445000.000000
cellsize	1000.000000
nodata_value	-9999.000000
[rows 31 to 61 of 115, columns 70 to 139 of 170]
0.915139 0.921074 0.926318 0.930351 0.935922 0.937953 0.977443 0.981788 0.980984 0.982745 0.983386 0.984471 0.984546 0.983282 0.982154 0.977872 0.966071 0.964969 0.960952 0.951847 0.945565 0.93889 0.926382 0.908556 0.893377 0.87579 0.854589 0.839733 0.821866 -9999 -9999 -9999 -9999 -9999 -9999 -9999 -9999 -9999 -9999 -9999 -9999 -9999 -9999 -9999 -9999 -9999 -9999 -9999 -9999 -9999 -9999 -9999 -9999 -9999 -9999 -9999 -9999 -9999 -9999 -9999 -9999 -9999 -9999 -9999 -9999 -9999 -9999 -9999 -9999 -9999
0.909517 0.91505 0.920011 0.924303 0.931401 0.938684 0.971973 0.951445 0.975583 0.97707 0.977524 0.976549 0.976241 0.975278 0.973826 0.96955 0.959999 0.95 0.94801 0.94166 0.931766 0.926835 0.914652 0.898015 0.878186 0.869536 0.855044 0.827399 0.79718 -9999 -9999 -9999 -9999 -9999 -9999 -9999 -9999 -9999 -9999 -9999 -9999 -9999 -9999 -9999 -9999 -9999 -9999 -9999 -9999 -9999 -9999 -9999 -9999 -9999 -9999 -9999 -9999 -9999 -9999 -9999 -9999 -9999 -9999 -9999 -9999 -9999 -9999 -9999 -9999 -9999
0.902249 0.909082 0.913839 0.918881 0.926832 0.932701 0.932048 0.947969 0.970552 0.971987 0.972535 0.972179 0.971414 0.969976 0.966661 0.961676 0.952776 0.94172 0.934831 0.931671 0.92416 0.915847 0.903944 0.890482 0.87471 0.86498 0.852759 0.827415 0.793043 0.769508 -9999 -9999 -9999 -9999 -9999 -9999 -9999 -9999 -9999 -9999 -9999 -9999 -9999 -9999 -9999 -9999 -9999 -9999 -9999 -9999 -9999 -9999 -9999 -9999 -9999 -9999 -9999 -9999 -9999 -9999 -9999 -9999 -9999 -9999 -9999 -9999 -9999 -9999 -9999 -9999
0.894928 0.903155 0.907829 0.911259 0.918434 0.925451 0.906379 0.962228 0.963733 0.967414 0.967922 0.968013 0.966543 0.964668 0.961456 0.95634 0.949206 0.940322 0.927063 0.92525 0.921236 0.912198 0.901895 0.889011 0.873192 0.863142 0.84952 0.809126 0.780976 0.762984 0.747342 -9999 -9999 -9999 -9999 -9999 -9999 -9999 -9999 -9999 -9999 -9999 -9999 -9999 -9999 -9999 -9999 -9999 -9999 -9999 -9999 -9999 -9999 -9999 -9999 -9999 -9999 -9999 -9999 -9999 -9999 -9999 -9999 -9999 -9999 -9999 -9999 -9999 -9999 -9999
-9999 0.897272 0.902088 0.905159 0.912474 0.920421 0.906842 0.923534 0.960963 0.962763 0.964217 0.964292 0.962732 0.958222 0.955953 0.953198 0.947247 0.937625 0.926929 0.918851 0.916619 0.909076 0.898339 0.888037 0.872298 0.860098 0.845063 0.813276 0.781205 0.757728 0.740527 0.722186 -9999 -9999 -9999 -9999 -9999 -9999 -9999 -9999 -9999 -9999 -9999 -9999 -9999 -9999 -9999 -9999 -9999 -9999 -9999 -9999 -9999 -9999 -9999 -9999 -9999 -9999 -9999 -9999 -9999 -9999 -9999 -9999 -9999 -9999 -9999 -9999 -9999 -9999
-9999 -9999 -9999 -9999 0.90622 0.894313 0.917925 0.918715 0.957516 0.959783 0.961638 0.961871 0.959263 0.957188 0.955399 0.951257 0.944943 0.938613 0.929693 0.919412 0.91245 0.90777 0.8947 0.88596 0.872242 0.858351 0.840584 0.799193 0.771607 0.747636 0.729391 0.710532 -9999 -9999 -9999 -9999 -9999 -9999 -9999 -9999 -9999 -9999 -9999 -9999 -9999 -9999 -9999 -9999 -9999 -9999 -9999 -9999 -9999 -9999 -9999 -9999 -9999 -9999 -9999 -9999 -9999 -9999 -9999 -9999 -9999 -9999 -9999 -9999 -9999 -9999
-9999 -9999 -9999 -9999 -9999 0.891579 0.913994 0.921884 0.95482 0.957058 0.959909 0.960568 0.959743 0.958442 0.956034 0.952409 0.94692 0.940063 0.931257 0.923825 0.91836 0.908323 0.896096 0.883562 0.870724 0.854589 0.819823 0.789902 0.767979 0.734805 0.713855 0.696816 0.678521 -9999 -9999 -9999 -9999 -9999 -9999 -9999 -9999 -9999 -9999 -9999 -9999 0.601751 -9999 -9999 -9999 -9999 -9999 -9999 -9999 -9999 -9999 -9999 -9999 -9999 -9999 -9999 -9999 -9999 -9999 -9999 -9999 -9999 0.534154 -9999 -9999 -9999
-9999 -9999 -9999 -9999 0.903025 0.906999 0.913596 0.920699 0.920142 0.955749 0.959383 0.960592 0.960538 0.95968 0.957076 0.954688 0.950363 0.943431 0.937084 0.930734 0.922196 0.912024 0.89993 0.885551 0.86918 0.851148 0.811058 0.78809 0.765613 0.736285 0.708284 0.68622 0.663836 0.643895 -9999 -9999 -9999 -9999 -9999 -9999 -9999 0.58811 0.586964 0.586663 0.587526 0.590077 0.588093 -9999 -9999 -9999 -9999 -9999 -9999 -9999 -9999 -9999 -9999 -9999 -9999 -9999 -9999 -9999 -9999 -9999 -9999 -9999 0.530152 0.527942 -9999 -9999
-9999 -9999 -9999 -9999 0.898199 0.905585 0.912132 0.919765 0.9265 0.956221 0.95927 0.961807 0.962976 0.96271 0.96112 0.959655 0.955255 0.950167 0.943711 0.937502 0.928296 0.916301 0.90218 0.886186 0.867205 0.848051 0.808397 0.784338 0.758572 0.732596 0.698681 0.671454 0.645704 0.622815 -9999 -9999 -9999 -9999 -9999 -9999 0.571177 0.572633 0.574299 0.572446 0.576112 0.579448 0.579792 0.556561 -9999 -9999 -9999 -9999 -9999 -9999 -9999 -9999 -9999 -9999 -9999 -9999 -9999 -9999 0.534513 0.532028 0.526224 0.524176 0.523727 0.522331 -9999 -9999
-9999 -9999 -9999 -9999 0.895761 0.903941 0.911709 0.919559 0.926184 0.963838 0.960874 0.963983 0.966091 0.967301 0.967468 0.965215 0.962363 0.956293 0.952638 0.944761 0.934245 0.919888 0.90442 0.883999 0.863436 0.825145 0.804574 0.777661 0.747685 0.716399 0.677936 0.653761 0.629508 0.60532 -9999 -9999 -9999 -9999 -9999 -9999 0.551959 0.55489 0.558683 0.56149 0.561388 0.567827 0.549505 0.548874 0.549132 0.550817 0.550733 0.529409 0.536209 0.535449 0.532677 0.531741 -9999 -9999 -9999 -9999 0.525937 0.526416 0.527464 0.527434 0.521401 0.518154 0.515599 0.509525 -9999 -9999
-9999 -9999 -9999 -9999 0.895939 0.903527 0.910949 0.918143 0.926859 0.963932 0.962677 0.97731 0.979546 0.981101 0.981724 0.980766 0.977776 0.974513 0.969075 0.96096 0.947246 0.930459 0.917889 0.885559 0.856341 0.824275 0.800797 0.770908 0.737178 0.702393 0.665867 0.640285 0.612892 0.586908 -9999 -9999 -9999 0.535261 0.53304 0.530718 0.531689 0.536846 0.54261 0.547085 0.55265 0.536143 0.54012 0.540425 0.539526 0.540719 0.544219 0.543538 0.530609 0.529768 0.526868 0.529019 0.52766 0.526017 0.524404 0.52308 0.522742 0.523364 0.524515 0.52505 0.516557 0.515152 0.515388 0.493844 -9999 -9999
-9999 -9999 -9999 -9999 0.923003 0.931105 0.9391 0.933284 0.941232 0.950044 0.98146 0.98035 0.983737 0.985006 0.987549 0.98772 0.986319 0.982889 0.977156 0.966266 0.95151 0.934001 0.91618 0.897878 0.8723 0.836965 0.812301 0.76399 0.724622 0.688884 0.658718 0.622422 0.593193 0.564922 -9999 -9999 0.515636 0.513191 0.512608 0.513276 0.51526 0.518854 0.526947 0.532982 0.54212 0.528719 0.530677 0.534389 0.532965 0.534905 0.540638 0.539319 0.523988 0.528669 0.526548 0.523707 0.52156 0.519138 0.517179 0.515953 0.515179 0.516071 0.51767 0.519125 0.516898 0.51766 0.511751 0.495121 -9999 -9999
-9999 -9999 -9999 -9999 0.934467 0.943778 0.953133 0.960762 0.968951 0.952384 0.982139 0.988521 0.988097 0.990645 0.992425 0.99468 0.99406 0.991366 0.986222 0.975501 0.961373 0.942281 0.922118 0.899651 0.874397 0.825701 0.797815 0.76658 0.734124 0.702339 0.649557 0.60894 0.577359 0.549081 0.524287 -9999 0.494765 0.48869 0.489464 0.493361 0.498884 0.502915 0.513137 0.521307 0.515055 0.520061 0.524954 0.532634 0.535235 0.536023 0.537963 0.536363 0.520649 0.519497 0.521472 0.518482 0.515458 0.51262 0.510386 0.509055 0.508718 0.509477 0.511188 0.513556 0.514561 0.509999 0.508417 0.492348 -9999 -9999
-9999 -9999 -9999 0.934073 0.933474 0.944527 0.953856 0.962591 0.970782 0.978235 1.00529 0.99164 0.996591 0.996546 0.997491 0.999554 1.00008 0.999341 0.994628 0.986797 0.974039 0.953131 0.933385 0.900019 0.869753 0.82831 0.797631 0.767944 0.733278 0.695759 0.658017 0.614221 0.562972 0.53236 0.505309 0.487298 0.476534 0.469864 0.469372 0.475223 0.483038 0.491407 0.50044 0.498187 0.506729 0.517217 0.524334 0.528751 0.530892 0.532266 0.532068 0.531665 0.516999 0.515618 0.513664 0.513574 0.510124 0.506931 0.504426 0.502926 0.502565 0.503373 0.505399 0.508401 0.507203 0.50773 0.502527 0.49111 -9999 -9999
-9999 -9999 -9999 -9999 0.932283 0.94248 0.951679 0.960752 0.969883 0.97859 1.00608 1.00876 1.01154 1.00398 1.00305 1.00331 1.006 1.00519 1.00166 0.994182 0.982963 0.957485 0.934513 0.908358 0.876722 0.837194 0.80499 0.769604 0.73193 0.689302 0.646724 0.598468 0.558624 0.527311 0.487124 0.471802 0.459616 0.456013 0.456012 0.458492 0.46449 0.478153 0.48012 0.49322 0.504168 0.51089 0.52002 0.524311 0.528652 0.530416 0.530383 0.52434 0.513379 0.511248 0.510771 0.507277 0.505791 0.502254 0.499489 0.497748 0.497305 0.498191 0.500402 0.500157 0.503166 0.504882 0.498557 0.488923 -9999 -9999
-9999 -9999 -9999 -9999 -9999 -9999 0.951714 0.961517 0.970451 0.979166 1.00716 1.01047 1.01288 1.01431 1.01437 1.00882 1.00935 1.00851 1.00218 0.994331 0.984921 0.968322 0.947281 0.917505 0.87694 0.846638 0.81064 0.769694 0.728161 0.685921 0.640608 0.592139 0.549885 0.512696 0.484611 0.467399 0.452812 0.44937 0.448368 0.448579 0.455763 0.463884 0.476686 0.488661 0.498644 0.506068 0.516158 0.520202 0.526825 0.529196 0.528212 0.525455 0.511097 0.509981 0.507102 0.505336 0.50185 0.498743 0.495707 0.493814 0.493274 0.494174 0.49426 0.496835 0.500259 0.504236 0.497847 0.485687 -9999 -9999
-9999 -9999 -9999 -9999 -9999 -9999 0.951119 0.960737 0.970607 0.982004 1.00834 1.01148 1.01321 1.01487 1.01519 1.01368 1.01075 1.00777 1.00076 0.993944 0.985266 0.970679 0.94977 0.920032 0.883763 0.849249 0.811346 0.7682 0.724903 0.682522 0.6363 0.586238 0.545116 0.50602 0.479928 0.459763 0.446739 0.442191 0.443034 0.446993 0.449849 0.459875 0.473711 0.484673 0.493494 0.503665 0.513243 0.516776 0.524694 0.527983 0.527405 0.525785 0.511086 0.509074 0.506514 0.50336 0.499807 0.496097 0.493186 0.491171 0.490582 0.490564 0.49208 0.494723 0.498221 0.502341 0.499913 0.484047 -9999 -9999
-9999 -9999 -9999 -9999 -9999 -9999 -9999 0.960142 0.971652 0.984003 1.00928 1.01122 1.01365 1.01477 1.01454 1.01406 1.01131 1.00656 0.995618 0.989057 0.980073 0.968226 0.94961 0.92376 0.883613 0.847184 0.804555 0.760647 0.720005 0.678343 0.633358 0.584142 0.542294 0.511498 0.48573 0.465979 0.451117 0.440824 0.440912 0.445257 0.449455 0.459992 0.472795 0.482637 0.492906 0.502441 0.511927 0.518665 0.523468 0.527775 0.526689 0.52571 0.511449 0.50891 0.505888 0.502364 0.498751 0.495027 0.491974 0.490008 0.48911 0.489477 0.490982 0.493572 0.497059 0.501177 0.505105 0.495089 0.494301 -9999
-9999 -9999 -9999 -9999 -9999 -9999 -9999 0.959292 0.968764 0.981509 1.00722 1.01128 1.01357 1.0142 1.0129 1.0107 1.00725 1.00468 0.995264 0.982109 0.972081 0.954535 0.940442 0.921369 0.881615 0.835881 0.795422 0.754214 0.715558 0.675317 0.633907 0.582532 0.54407 0.516792 0.492066 0.472157 0.457872 0.447931 0.444602 0.450941 0.455475 0.464841 0.474338 0.48514 0.493569 0.502031 0.513914 0.51918 0.523476 0.527788 0.526087 0.526099 0.511559 0.508637 0.505248 0.502471 0.498656 0.495058 0.491741 0.489904 0.488956 0.489392 0.490918 0.493445 0.496793 0.50084 0.505207 0.500919 0.50056 0.502454
-9999 -9999 -9999 -9999 -9999 -9999 -9999 -9999 0.965354 0.979606 1.0073 1.0101 1.01308 1.01336 1.00948 1.00821 1.00394 0.998847 0.989793 0.977442 0.955504 0.949008 0.937107 0.917119 0.878724 0.83613 0.797239 0.760239 0.724418 0.683475 0.643047 0.59446 0.557495 0.523437 0.497174 0.473873 0.464003 0.458005 0.456719 0.458403 0.465557 0.469815 0.478913 0.48906 0.498684 0.507629 0.515644 0.52331 0.526296 0.529144 0.528907 0.52686 0.511961 0.508506 0.506203 0.503258 0.499628 0.494866 0.492458 0.490751 0.489889 0.489953 0.491804 0.494209 0.497427 0.501206 0.505385 0.501389 0.5039 0.504696
-9999 -9999 -9999 -9999 -9999 -9999 -9999 -9999 0.963745 0.977079 1.00531 1.01036 1.01388 1.00778 1.00756 1.00582 1.00176 0.995082 0.987392 0.974074 0.957561 0.94315 0.929424 0.910997 0.884327 0.834956 0.804188 0.767245 0.731705 0.691185 0.652791 0.609797 0.573503 0.540243 0.502517 0.483851 0.476571 0.471123 0.470151 0.472321 0.477813 0.48585 0.482799 0.494266 0.499883 0.510529 0.51972 0.52504 0.528549 0.530347 0.530204 0.528325 0.513185 0.511085 0.507388 0.501429 0.498694 0.496164 0.493991 0.492413 0.49162 0.491728 0.492718 0.493499 0.498783 0.502256 0.506064 0.501389 0.503947 0.506401
-9999 -9999 -9999 -9999 -9999 -9999 -9999 -9999 0.955732 0.971668 1.00813 1.01203 1.00558 1.00589 1.00527 1.0022 0.998904 0.992729 0.985147 0.973847 0.957629 0.940872 0.915416 0.904554 0.879412 0.839744 0.808396 0.773347 0.737323 0.70246 0.668098 0.626206 0.578493 0.546884 0.525332 0.505003 0.496315 0.487854 0.48301 0.48877 0.492241 0.498078 0.503733 0.492945 0.500494 0.51054 0.52006 0.522987 0.527949 0.531048 0.531607 0.530066 0.514386 0.506725 0.505002 0.502814 0.500465 0.498151 0.496178 0.494782 0.494102 0.49418 0.495086 0.496774 0.497607 0.500226 0.507205 0.501645 0.503825 0.50591
-9999 -9999 -9999 -9999 -9999 -9999 -9999 -9999 0.96186 1.00245 1.00979 1.00145 1.0047 1.00404 1.00363 1.00094 0.996674 0.990099 0.98145 0.97054 0.955154 0.938445 0.928041 0.89451 0.875812 0.838713 0.807475 0.776928 0.744932 0.699336 0.666759 0.628998 0.598051 0.571401 0.547399 0.526162 0.518599 0.510061 0.504137 0.50598 0.507917 0.507944 0.510628 0.517127 0.505326 0.508842 0.515754 0.523257 0.527329 0.532394 0.523809 0.523134 0.508712 0.50824 0.506631 0.504812 0.502732 0.500711 0.498967 0.497756 0.497184 0.497243 0.49803 0.499452 0.501331 0.502088 0.504649 0.497615 0.5038 0.505468
-9999 -9999 -9999 -9999 -9999 -9999 -9999 -9999 0.963328 1.00577 1.01147 1.00275 1.00536 1.00466 1.00315 0.999802 0.994386 0.988323 0.980248 0.969327 0.957326 0.941185 0.920812 0.911782 0.867049 0.83198 0.794494 0.766901 0.735884 0.703641 0.668882 0.641653 0.617273 0.590841 0.569635 0.551086 0.541409 0.532209 0.526598 0.524266 0.521142 0.518723 0.518844 0.527018 0.531612 0.513959 0.515789 0.513895 0.518951 0.521093 0.524462 0.522111 0.509658 0.509235 0.508447 0.507113 0.50551 0.503725 0.502286 0.501201 0.500671 0.500734 0.501355 0.502509 0.504066 0.505926 0.506387 0.498295 0.499368 0.495328
-9999 -9999 -9999 -9999 -9999 -9999 -9999 -9999 -9999 1.00728 0.997819 1.00329 1.00466 1.00399 1.00154 0.997255 0.991643 0.985065 0.976889 0.966067 0.952664 0.935222 0.916405 0.900536 0.851505 0.814332 0.789788 0.767378 0.740834 0.709891 0.669043 0.647098 0.627101 0.60534 0.586093 0.569901 0.56253 0.55289 0.545892 0.54014 0.531411 0.524698 0.523898 0.527394 0.529137 0.508311 0.512435 0.518403 0.5216 0.52302 0.519644 0.500793 0.504678 0.505992 0.504991 0.504873 0.508672 0.507213 0.505958 0.505002 0.504535 0.50454 0.504994 0.50163 0.502643 0.503928 0.503415 0.493978 0.494341 0.494898
-9999 -9999 -9999 -9999 -9999 -9999 -9999 -9999 -9999 0.996864 1.00286 1.00883 1.00775 1.00635 1.00422 0.999049 0.992095 0.984434 0.975675 0.965359 0.951068 0.93487 0.91659 0.89815 0.879105 0.808933 0.787635 0.769097 0.744481 0.717909 0.679247 0.653203 0.636519 0.62106 0.603798 0.588438 0.570902 0.562759 0.553256 0.545178 0.542078 0.540012 0.537225 0.5406 0.539832 0.542816 0.51699 0.520693 0.522799 0.525739 0.522614 0.502333 0.50587 0.507607 0.507016 0.508144 0.507784 0.506859 0.505897 0.505137 0.504644 0.504504 0.504644 0.505076 0.505752 0.506562 0.507366 0.505889 0.490377 0.490614
-9999 -9999 -9999 -9999 -9999 -9999 -9999 -9999 -9999 1.0075 1.00967 1.01362 1.01496 1.00995 1.00736 1.00288 0.99497 0.986187 0.976415 0.96626 0.951342 0.934284 0.916108 0.895244 0.877111 0.85929 0.790451 0.771485 0.748406 0.723592 0.689713 0.669425 0.652726 0.636121 0.620239 0.605628 0.592719 0.58273 0.573593 0.56779 0.56176 0.555527 0.553221 0.554632 0.550282 0.551274 0.553532 0.523361 0.527211 0.528921 0.524792 0.506061 0.509742 0.511316 0.512319 0.512255 0.511606 0.511076 0.510182 0.50947 0.508956 0.50866 0.508615 0.508715 0.509005 0.509066 0.509008 0.505949 0.489883 0.489884
-9999 -9999 -9999 -9999 -9999 -9999 -9999 -9999 -9999 1.01974 1.02035 1.02231 1.02101 1.01564 1.01262 1.00884 1.00113 0.991561 0.982181 0.970566 0.955881 0.939303 0.920686 0.902348 0.879703 0.864274 0.792584 0.774536 0.754092 0.721439 0.698644 0.680855 0.664412 0.648093 0.63518 0.621701 0.609497 0.596612 0.587548 0.58279 0.578121 0.574189 0.56936 0.568293 0.565708 0.564476 0.563219 0.529668 0.531609 0.531715 0.529639 0.512951 0.514965 0.516023 0.516675 0.516302 0.515971 0.515724 0.514944 0.514223 0.513613 0.513176 0.512839 0.51251 0.512314 0.511495 0.510066 0.507356 0.487343 0.489663
-9999 -9999 -9999 -9999 -9999 -9999 -9999 -9999 -9999 1.03138 1.03149 1.03159 1.02768 1.02129 1.02042 1.01675 1.00872 0.999315 0.988945 0.974461 0.962911 0.948953 0.930653 0.909135 0.885553 0.86686 0.833266 0.777873 0.758581 0.725138 0.70341 0.685562 0.671573 0.658679 0.647602 0.635633 0.623523 0.608669 0.595172 0.591932 0.590255 0.586773 0.583356 0.578493 0.5761 0.574026 0.570683 0.56564 0.534174 0.534967 0.515185 0.517028 0.519275 0.520889 0.519945 0.519791 0.520715 0.520871 0.520115 0.519361 0.518675 0.518008 0.517377 0.516514 0.515667 0.514586 0.510251 0.507349 0.489829 0.490121
-9999 -9999 -9999 -9999 -9999 -9999 -9999 -9999 -9999 1.0434 1.041 1.04014 1.03543 1.03198 1.03025 1.0251 1.01793 1.00865 0.998007 0.985165 0.971859 0.956228 0.937534 0.916042 0.892602 0.869904 0.851763 0.780265 0.757155 0.729335 0.707961 0.692539 0.679645 0.670114 0.659531 0.64757 0.636451 0.626073 0.614008 0.602411 0.597281 0.595793 0.59032 0.585137 0.584377 0.582246 0.578375 0.575116 0.540237 0.537732 0.518738 0.520234 0.522843 0.526317 0.526625 0.526144 0.527037 0.526431 0.525697 0.524927 0.524067 0.523177 0.52224 0.521045 0.519472 0.515924 0.512658 0.508466 0.506954 0.492591
-9999 -9999 -9999 -9999 -9999 -9999 -9999 -9999 -9999 1.0551 1.05275 1.0509 1.04862 1.04592 1.04224 1.03412 1.02744 1.01773 1.00837 0.996421 0.982025 0.966235 0.947634 0.924339 0.900835 0.875704 0.857316 0.826127 0.757573 0.73525 0.711184 0.699099 0.688802 0.6793 0.668707 0.654237 0.646048 0.636675 0.627225 0.61751 0.607156 0.602682 0.595265 0.59195 0.591137 0.589405 0.586979 0.583811 0.579113 0.543355 0.523904 0.524826 0.527339 0.530178 0.532751 0.532958 0.533032 0.532454 0.531704 0.530846 0.529827 0.528636 0.52726 0.525625 0.522037 0.517954 0.514772 0.510924 0.508923 0.496832
