Test_Spring_2018b/03_18/Prec/20180319_021.txt
ncols	170
nrows	115
xllcorner	350000.000000
yllcorner	4445000.000000
cellsize	1000.000000
nodata_value	-9999.000000
[rows 35 to 69 of 115, columns 80 to 159 of 170]
0.318592 0.319486 0.316856 0.306977 0.305882 0.305554 0.298023 0.282094 0.265876 0.26078 0.276753 0.279987 0.276909 0.278423 0.266474 0.267969 0.263067 0.248079 0.221481 0.205569 0.195862 0.180687 -9999 -9999 -9999 -9999 -9999 -9999 -9999 -9999 -9999 -9999 -9999 -9999 -9999 -9999 -9999 -9999 -9999 -9999 -9999 -9999 -9999 -9999 -9999 -9999 -9999 -9999 -9999 -9999 -9999 -9999 -9999 -9999 -9999 -9999 -9999 -9999 -9999 -9999 -9999 -9999 -9999 -9999 -9999 -9999 -9999 -9999 -9999 -9999 -9999 -9999 -9999 -9999 -9999 -9999 -9999 -9999 -9999 -9999
0.315697 0.316631 0.310417 0.30759 0.307684 0.302981 0.294324 0.288552 0.278107 0.266959 0.269504 0.2827 0.274154 0.282409 0.278981 0.278116 0.268082 0.24339 0.216143 0.203836 0.194805 0.181859 -9999 -9999 -9999 -9999 -9999 -9999 -9999 -9999 -9999 -9999 -9999 -9999 -9999 -9999 -9999 -9999 -9999 -9999 -9999 -9999 -9999 -9999 -9999 -9999 -9999 -9999 -9999 -9999 -9999 -9999 -9999 -9999 -9999 -9999 -9999 -9999 -9999 -9999 -9999 -9999 -9999 -9999 -9999 -9999 -9999 -9999 -9999 -9999 -9999 -9999 -9999 -9999 -9999 -9999 -9999 -9999 -9999 -9999
0.312548 0.313818 0.312091 0.310748 0.308206 0.30448 0.297966 0.290517 0.280698 0.278886 0.287109 0.28565 0.281776 0.28113 0.283503 0.279444 0.259157 0.235511 0.221983 0.194291 0.181799 0.178999 0.169414 -9999 -9999 -9999 -9999 -9999 -9999 -9999 -9999 -9999 -9999 -9999 -9999 0.159092 -9999 -9999 -9999 -9999 -9999 -9999 -9999 -9999 -9999 -9999 -9999 -9999 -9999 -9999 -9999 -9999 -9999 -9999 -9999 -9999 0 -9999 -9999 -9999 -9999 -9999 -9999 -9999 -9999 -9999 -9999 -9999 -9999 -9999 -9999 -9999 -9999 -9999 -9999 -9999 -9999 -9999 -9999 -9999
0.310271 0.311737 0.310893 0.309501 0.305107 0.304101 0.300386 0.292374 0.290168 0.292338 0.292527 0.292585 0.291692 0.288663 0.284152 0.278773 0.261089 0.248751 0.239199 0.211869 0.200239 0.187612 0.170655 0.156904 -9999 -9999 -9999 -9999 -9999 -9999 -9999 0.162405 0.159552 0.157241 0.157421 0.16257 0.154526 -9999 -9999 -9999 -9999 -9999 -9999 -9999 -9999 -9999 -9999 -9999 -9999 -9999 -9999 -9999 -9999 -9999 -9999 -9999 0 0 -9999 -9999 -9999 -9999 -9999 -9999 -9999 -9999 -9999 -9999 -9999 -9999 -9999 -9999 -9999 -9999 -9999 -9999 -9999 -9999 -9999 -9999
0.306629 0.310157 0.311044 0.309537 0.306463 0.306765 0.30171 0.298681 0.296128 0.299401 0.29898 0.295703 0.291648 0.287485 0.279566 0.276002 0.263685 0.254354 0.241401 0.22818 0.207361 0.185259 0.163794 0.146117 -9999 -9999 -9999 -9999 -9999 -9999 0.165611 0.170332 0.172142 0.161003 0.165601 0.16927 0.164829 0.140118 -9999 -9999 -9999 -9999 -9999 -9999 -9999 -9999 -9999 -9999 -9999 -9999 -9999 -9999 0.107033 0 0 0 0 0 -9999 -9999 -9999 -9999 -9999 -9999 -9999 -9999 -9999 -9999 -9999 -9999 -9999 -9999 -9999 -9999 -9999 -9999 -9999 -9999 -9999 -9999
0.305867 0.308695 0.309972 0.310542 0.310573 0.306549 0.304708 0.297791 0.303549 0.30237 0.299469 0.291436 0.286631 0.273269 0.26566 0.254783 0.260098 0.249253 0.230938 0.209096 0.185188 0.17529 0.164655 0.148503 -9999 -9999 -9999 -9999 -9999 -9999 0.16724 0.172594 0.17651 0.174947 0.163571 0.172403 0.154976 0.144124 0.138337 0.13954 0.138092 0.126247 0.125086 0.123949 0.118272 0.11914 -9999 -9999 -9999 -9999 0.112311 0.111058 0.10951 0.102839 0 0 0 0 -9999 -9999 -9999 -9999 -9999 -9999 -9999 -9999 -9999 -9999 -9999 -9999 -9999 -9999 -9999 -9999 -9999 -9999 -9999 -9999 -9999 -9999
0.303796 0.302844 0.304323 0.305657 0.306584 0.305756 0.302501 0.302919 0.301966 0.298798 0.285091 0.26892 0.27266 0.266401 0.244723 0.250299 0.25415 0.242102 0.220492 0.196178 0.186689 0.178763 0.165283 0.146485 -9999 -9999 -9999 0.149336 0.15826 0.157704 0.159189 0.167067 0.172326 0.177824 0.178799 0.168642 0.155202 0.144172 0.132431 0.130327 0.138578 0.137304 0.126975 0.125795 0.120288 0.116768 0.118409 0.118642 0.117615 0.115469 0.113882 0.112594 0.110363 0.103992 0 0 0 0 -9999 -9999 -9999 -9999 -9999 -9999 -9999 -9999 -9999 -9999 -9999 -9999 -9999 -9999 -9999 -9999 -9999 -9999 -9999 -9999 -9999 -9999
0.298149 0.302031 0.30459 0.302638 0.307067 0.30753 0.307308 0.305911 0.303409 0.291933 0.276068 0.259677 0.250447 0.249493 0.235067 0.231872 0.235559 0.232706 0.213036 0.190818 0.184117 0.176824 0.153712 0.134916 -9999 -9999 0.129806 0.148383 0.161194 0.1672 0.168061 0.166625 0.173879 0.172157 0.179227 0.167572 0.145243 0.142053 0.133723 0.132027 0.12755 0.124399 0.122373 0.122819 0.121568 0.119565 0.1201 0.119192 0.118129 0.116942 0.114249 0.11351 0.11189 0.107147 0 0 0 0 -9999 -9999 -9999 -9999 -9999 -9999 -9999 -9999 -9999 -9999 -9999 -9999 -9999 -9999 -9999 -9999 -9999 -9999 -9999 -9999 -9999 -9999
0.293582 0.301907 0.304774 0.304243 0.303952 0.308516 0.308752 0.308154 0.306631 0.29564 0.282545 0.263181 0.249701 0.239322 0.230805 0.211726 0.210975 0.204857 0.198493 0.196091 0.190434 0.177267 0.16388 0.140388 0.128288 -9999 0.129998 0.137882 0.153598 0.166782 0.174601 0.169854 0.178457 0.177967 0.176149 0.168663 0.151455 0.138561 0.133111 0.127022 0.129303 0.130269 0.124916 0.123903 0.121757 0.120534 0.119759 0.118902 0.118109 0.117368 0.116321 0.115008 0.113071 0.110009 0.10028 0 0 0 -9999 -9999 -9999 -9999 -9999 -9999 -9999 -9999 -9999 -9999 -9999 -9999 -9999 -9999 -9999 -9999 -9999 -9999 -9999 -9999 -9999 -9999
0.294041 0.302786 0.306566 0.307258 0.302157 0.304 0.305859 0.309726 0.308626 0.306236 0.297964 0.274664 0.263934 0.245952 0.227772 0.213096 0.210557 0.216353 0.210918 0.19904 0.186754 0.17227 0.164137 0.149901 0.124564 0.124832 0.133231 0.139491 0.150103 0.166664 0.177817 0.181862 0.182034 0.180095 0.17873 0.165383 0.151445 0.14397 0.13483 0.128942 0.123848 0.123375 0.118389 0.12284 0.122636 0.120096 0.119355 0.11872 0.11822 0.117763 0.117031 0.115787 0.114271 0.112173 0.107021 0 0 0 -9999 -9999 -9999 -9999 -9999 -9999 -9999 -9999 -9999 -9999 -9999 -9999 -9999 -9999 -9999 -9999 -9999 -9999 -9999 -9999 -9999 -9999
0.292059 0.297006 0.303765 0.309017 0.304215 0.298733 0.305515 0.30785 0.309464 0.30787 0.304678 0.281861 0.268465 0.256501 0.238447 0.233769 0.232454 0.227271 0.219412 0.199016 0.179175 0.157869 0.137847 0.134429 0.124649 0.126746 0.132092 0.147694 0.158619 0.162677 0.165166 0.181518 0.181706 0.177111 0.17726 0.166224 0.15524 0.144754 0.140289 0.134208 0.12885 0.111062 0.115655 0.113155 0.118925 0.120762 0.119223 0.118704 0.118435 0.118 0.117419 0.116418 0.115064 0.11158 0.107016 0 0 0 -9999 -9999 -9999 -9999 -9999 -9999 -9999 -9999 -9999 -9999 -9999 -9999 -9999 -9999 -9999 -9999 -9999 -9999 -9999 -9999 -9999 -9999
0.291118 0.298207 0.304006 0.307704 0.307825 0.303204 0.302219 0.303432 0.295775 0.298681 0.303151 0.298901 0.293226 0.272834 0.256138 0.257491 0.249177 0.232018 0.217664 0.203902 0.18134 0.164582 0.142168 0.125241 0.122854 0.137508 0.149929 0.165903 0.172817 0.168253 0.172 0.176576 0.183417 0.18434 0.178637 0.167025 0.156557 0.143282 0.144185 0.138873 0.130028 0.122072 0.115009 0.115873 0.114888 0.119549 0.119846 0.118877 0.118588 0.118307 0.117793 0.116899 0.113972 0.111261 0.107793 0.103445 0 0 -9999 -9999 -9999 -9999 -9999 -9999 -9999 -9999 -9999 -9999 -9999 -9999 -9999 -9999 -9999 -9999 -9999 -9999 -9999 -9999 -9999 -9999
0.290625 0.297888 0.302278 0.30719 0.308337 0.304382 0.299295 0.293397 0.284577 0.286558 0.294595 0.29703 0.292773 0.273963 0.271744 0.262753 0.251412 0.230592 0.214121 0.203337 0.181501 0.16312 0.147219 0.127193 0.133028 0.140228 0.150259 0.167869 0.179741 0.1841 0.178208 0.181493 0.189745 0.185796 0.17481 0.169915 0.156441 0.14036 0.144229 0.141023 0.133019 0.128391 0.119414 0.117695 0.117991 0.118872 0.119474 0.11902 0.118567 0.118311 0.117908 0.116488 0.114458 0.111777 0.108224 0.10389 0 0 -9999 -9999 -9999 -9999 -9999 -9999 -9999 -9999 -9999 -9999 -9999 -9999 -9999 -9999 -9999 -9999 -9999 -9999 -9999 -9999 -9999 -9999
0.289296 0.294084 0.301764 0.306046 0.306342 0.306044 0.299632 0.289289 0.268272 0.270882 0.277875 0.288592 0.291378 0.284603 0.270917 0.256683 0.231696 0.209393 0.201917 0.194315 0.177273 0.162411 0.145205 0.151162 0.158594 0.167461 0.172099 0.170483 0.180641 0.188427 0.183366 0.187872 0.192622 0.184891 0.17792 0.170719 0.156594 0.149913 0.144035 0.143695 0.133986 0.131213 0.123209 0.119863 0.118783 0.118624 0.119167 0.118811 0.118498 0.118318 0.117601 0.116501 0.114479 0.111654 0.108053 0.10368 0 0 0 -9999 -9999 -9999 -9999 -9999 -9999 -9999 -9999 -9999 -9999 -9999 -9999 -9999 -9999 -9999 -9999 -9999 -9999 -9999 -9999 -9999
0.278257 0.291073 0.299866 0.304154 0.302525 0.301568 0.291752 0.288158 0.26849 0.257929 0.261381 0.254161 0.269835 0.282617 0.269314 0.225473 0.205685 0.190156 0.187253 0.18248 0.174781 0.151963 0.143692 0.159124 0.168715 0.176373 0.182373 0.183002 0.182686 0.195192 0.195431 0.197318 0.193076 0.189339 0.177814 0.168276 0.16216 0.151622 0.144629 0.144548 0.133044 0.13321 0.124556 0.119839 0.117384 0.119204 0.118841 0.118605 0.118076 0.1178 0.117132 0.115684 0.113831 0.111017 0.10729 0.103068 0 0 0 0 0 -9999 -9999 -9999 -9999 -9999 -9999 -9999 -9999 -9999 -9999 -9999 -9999 -9999 -9999 -9999 -9999 -9999 -9999 -9999
0.272327 0.283188 0.295994 0.301043 0.300358 0.29832 0.288287 0.278266 0.260555 0.239217 0.226397 0.251599 0.272262 0.280121 0.269141 0.231749 0.213419 0.20718 0.209238 0.198551 0.189976 0.172049 0.164896 0.156697 0.159128 0.168851 0.177676 0.187319 0.193966 0.193698 0.196542 0.196656 0.193538 0.190218 0.184639 0.178679 0.162553 0.160791 0.150897 0.147043 0.140281 0.134147 0.125129 0.11842 0.118729 0.119403 0.11893 0.117578 0.117352 0.117083 0.116394 0.115068 0.112475 0.109682 0.106146 0.101852 0 0 0 0 0 0 -9999 -9999 -9999 -9999 -9999 -9999 -9999 -9999 -9999 -9999 -9999 -9999 -9999 -9999 -9999 -9999 -9999 -9999
0.257919 0.277646 0.289462 0.294441 0.297655 0.296405 0.289066 0.276012 0.263816 0.240399 0.215092 0.244201 0.265935 0.275521 0.270718 0.235152 0.236657 0.225439 0.222924 0.207888 0.19973 0.193398 0.183171 0.172863 0.159972 0.152914 0.175076 0.186393 0.195093 0.198402 0.199122 0.197845 0.195112 0.188257 0.173853 0.176114 0.166136 0.159434 0.15273 0.146716 0.140721 0.135073 0.126506 0.123416 0.118739 0.118706 0.116883 0.116634 0.116414 0.115953 0.115082 0.113735 0.111766 0.109186 0.104487 0.100327 0 0 0 0 0 0 0 0 0 -9999 -9999 -9999 -9999 -9999 -9999 -9999 -9999 -9999 -9999 -9999 -9999 -9999 -9999 -9999
0.247298 0.266748 0.280078 0.287478 0.292071 0.289332 0.286756 0.277402 0.267305 0.251212 0.227269 0.210409 0.232135 0.261044 0.267011 0.2569 0.250779 0.239026 0.228397 0.223624 0.220648 0.21095 0.194239 0.179551 0.171606 0.166878 0.183244 0.185317 0.183585 0.200415 0.198668 0.195137 0.185054 0.175014 0.17211 0.160832 0.155032 0.143721 0.143402 0.142618 0.139368 0.134748 0.126067 0.121256 0.119099 0.116715 0.116025 0.115491 0.115011 0.114405 0.11344 0.111878 0.109863 0.10746 0.103977 0.100145 0 0 0 0 0 0 0 0 0 0 -9999 -9999 -9999 -9999 -9999 -9999 -9999 -9999 -9999 -9999 -9999 -9999 -9999 -9999
0.236033 0.251777 0.270327 0.277396 0.285284 0.286416 0.283531 0.27539 0.264084 0.250624 0.229895 0.212952 0.224171 0.245685 0.256968 0.25371 0.24782 0.242873 0.237196 0.227606 0.222939 0.219517 0.210388 0.192311 0.184668 0.173903 0.1919 0.193569 0.189982 0.197798 0.195474 0.179235 0.165537 0.160507 0.164441 0.153696 0.143104 0.132629 0.131767 0.138368 0.12823 0.124703 0.121635 0.120037 0.11659 0.115551 0.114675 0.114002 0.113285 0.112524 0.11147 0.109789 0.107736 0.105219 0.102042 0 0 0 0 0 0 0 0 0 0 0 0 -9999 -9999 -9999 -9999 -9999 -9999 -9999 -9999 -9999 -9999 -9999 -9999 -9999
0.219996 0.241972 0.261011 0.270494 0.277684 0.27955 0.275867 0.271815 0.264426 0.252553 0.242977 0.227721 0.207578 0.230606 0.238618 0.237438 0.230546 0.2339 0.229794 0.222882 0.216124 0.217772 0.209911 0.198855 0.194924 0.188882 0.198566 0.197985 0.196766 0.194829 0.181305 0.162696 0.146773 0.152507 0.146623 0.148335 0.125806 0.129838 0.133427 0.131357 0.120221 0.111893 0.117034 0.114259 0.113885 0.113443 0.113004 0.112021 0.111324 0.110275 0.109008 0.107383 0.105269 0.102761 0 0 0 0 0 0 0 0 0 0 0 0 0 0 -9999 -9999 -9999 -9999 -9999 -9999 -9999 -9999 -9999 -9999 -9999 -9999
0.200275 0.22941 0.247105 0.259161 0.266081 0.26785 0.266419 0.26367 0.258745 0.249707 0.238034 0.220493 0.206156 0.208814 0.217029 0.209514 0.210696 0.222548 0.224431 0.21376 0.192378 0.195352 0.206299 0.205028 0.203187 0.201362 0.199589 0.197399 0.193289 0.183758 0.15721 0.149272 0.136579 0.134175 0.125353 0.133807 0.12026 0.126521 0.126587 0.123869 0.109385 0.101616 0.10756 0.110064 0.107456 0.10894 0.110746 0.109803 0.108853 0.107636 0.106332 0.104691 0.102634 0 0 0 0 0 0 0 0 0 0 0 0 0 0 0 0 -9999 -9999 -9999 -9999 -9999 -9999 -9999 -9999 -9999 -9999 -9999
0.188772 0.221809 0.234419 0.246658 0.257083 0.258784 0.255919 0.252425 0.248012 0.242332 0.229134 0.215718 0.202386 0.195531 0.194018 0.190345 0.195413 0.212507 0.213369 0.208947 0.180205 0.171583 0.186675 0.199454 0.199601 0.197488 0.180185 0.182661 0.172506 0.15884 0.153477 0.14573 0.131707 0.133777 0.122035 0.121692 0.113346 0.115189 0.113886 0.117187 0.104317 0 0 0.103611 0.10189 0.106596 0.107489 0.106846 0.105768 0.104548 0.103059 0.101383 0 0 0 0 0 0 0 0 0 0 0 0 0 0 0 0 0 -9999 -9999 -9999 -9999 -9999 -9999 -9999 -9999 -9999 -9999 -9999
0.177376 0.206494 0.228582 0.232017 0.243319 0.249483 0.246135 0.241622 0.236334 0.232991 0.219203 0.203787 0.190542 0.17515 0.174217 0.180219 0.19181 0.202058 0.201676 0.19649 0.176549 0.179661 0.189441 0.194174 0.194843 0.192419 0.187785 0.184529 0.176591 0.172056 0.160946 0.14437 0.136038 0.13651 0.118133 0.115656 0.117564 0.104059 0.10976 0.110531 0 0 0 0.101496 0.104246 0.104792 0.104191 0.10416 0.10282 0.101483 0 0 0 0 0 0 0 0 0 0 0 0 0 0 0 0 0 0 0 -9999 -9999 -9999 -9999 -9999 -9999 -9999 -9999 -9999 -9999 -9999
0.172629 0.197713 0.213682 0.217934 0.229899 0.240264 0.239697 0.234985 0.232977 0.227049 0.215416 0.202355 0.187978 0.179672 0.163593 0.174517 0.182671 0.191282 0.194117 0.175661 0.169178 0.175078 0.181189 0.182891 0.189418 0.188168 0.184436 0.17222 0.165408 0.165919 0.161624 0.155321 0.142974 0.139687 0.130343 0.124496 0.118678 0.103388 0.104709 0.101578 0 0 0 0.100494 0.101789 0.100882 0.100701 0.101038 0 0 0 0 0 0 0 0 0 0 0 0 0 0 0 0 0 0 0 0 0 0 0 -9999 -9999 -9999 -9999 0 -9999 -9999 -9999 -9999
0.164525 0.185804 0.195545 0.198277 0.21845 0.230877 0.231241 0.228965 0.225904 0.213095 0.212566 0.208653 0.195914 0.178002 0.15843 0.158053 0.163097 0.179234 0.182018 0.157688 0.150624 0.152586 0.162618 0.171583 0.181107 0.182572 0.17807 0.159696 0.140114 0.146739 0.153716 0.151471 0.146418 0.134715 0.128994 0.123387 0.113669 0 0 0 0 0 0 0 0 0 0 0 0 0 0 0 0 0 0 0 0 0 0 0 0 0 0 0 0 0 0 0 0 0 0 0 0 0 0 0 -9999 -9999 -9999 -9999
0.147374 0.167358 0.17604 0.189044 0.207853 0.217235 0.221711 0.221537 0.219435 0.21342 0.209271 0.201773 0.188998 0.171887 0.152943 0.140015 0.144136 0.162456 0.158273 0.141952 0.133346 0.140016 0.150806 0.167653 0.176717 0.176751 0.174406 0.169445 0.154707 0.137083 0.135246 0.141143 0.132189 0.121961 0.123582 0.119997 0.110566 0.102839 0 0 0 0 0 0 0 0 0 0 0 0 0 0 0 0 0 0 0 0 0 0 0 0 0 0 0 0 0 0 0 0 0 0 0 0 0 0 -9999 -9999 -9999 -9999
0.133643 0.152053 0.169236 0.185398 0.199239 0.200565 0.207723 0.207622 0.211026 0.209483 0.20386 0.197691 0.186866 0.165696 0.147624 0.127955 0.1315 0.147539 0.143321 0.132597 0.114432 0.129693 0.146782 0.162193 0.169891 0.161267 0.167181 0.165085 0.158584 0.14744 0.130908 0.129222 0.116057 0.113273 0.11647 0.115686 0.11199 0.105583 0 0 0 0 0 0 0 0 0 0 0 0 0 0 0 0 0 0 0 0 0 0 0 0 0 0 0 0 0 0 0 0 0 0 0 0 0 0 0 -9999 -9999 -9999
0.125984 0.144618 0.158439 0.162357 0.174448 0.180968 0.185934 0.186932 0.200899 0.201368 0.197805 0.192375 0.183336 0.167358 0.155894 0.137298 0.123588 0.118727 0.120423 0.123387 0.12034 0.12626 0.14262 0.159777 0.160312 0.146953 0.147236 0.148227 0.152257 0.147817 0.126039 0.114003 0.103551 0.107407 0.111406 0.110448 0.108116 0.104134 0 0 0 0 0 0 0 0 0 0 0 0 0 0 0 0 0 0 0 0 0 0 0 0 0 0 0 0 0 0 0 0 0 0 0 0 0 0 0 0 -9999 -9999
0.114103 0.135252 0.139769 0.139451 0.132466 0.135583 0.161218 0.166287 0.179754 0.192475 0.191341 0.186287 0.178105 0.16861 0.154032 0.133526 0.11698 0.101183 0.114846 0.132026 0.133872 0.137594 0.147005 0.147532 0.13386 0.120972 0.125882 0.128255 0.141431 0.142571 0.138107 0.1243 0.108621 0 0.105699 0.104449 0.102391 0 0 0 0 0 0 0 0 0 0 0 0 0 0 0 0 0 0 0 0 0 0 0 0 0 0 0 0 0 0 0 0 0 0 0 0 0 0 0 0 0 0 -9999
-9999 -9999 -9999 -9999 -9999 0.126215 0.131542 0.150468 0.166126 0.184142 0.184144 0.180041 0.175179 0.161722 0.146796 0.143885 0.123125 0.100984 0.113354 0.127287 0.134346 0.135798 0.137797 0.131247 0.119398 0.103666 0.109531 0.12265 0.136693 0.135178 0.134188 0.126367 0.115655 0 0.10032 0 0 0 0 0 0 0 0 0 0 0 0 0 0 0 0 0 0 0 0 0 0 0 0 0 0 0 0 0 0 0 0 0 0 0 0 0 0 0 0 0 0 -9999 -9999 -9999
-9999 -9999 -9999 -9999 -9999 0.100584 0 0.139433 0.156727 0.172968 0.175855 0.171784 0.166191 0.159253 0.151027 0.138905 0.110713 0 0.111585 0.12055 0.12398 0.121862 0.112562 0.11035 0 0 0.102753 0.115592 0.127804 0.129036 0.126688 0.124085 0.105104 0 0 0 0 0 0 0 0 0 0 0 0 0 0 0 0 0 0 0 0 0 0 0 0 0 0 0 0 0 0 0 0 0 0 0 0 0 0 0 0 0 -9999 -9999 -9999 -9999 -9999 -9999
-9999 -9999 -9999 -9999 -9999 -9999 0 0.117942 0.143017 0.162177 0.167928 0.166223 0.162687 0.156638 0.148185 0.142083 0.11581 0 0 0.100218 0.106186 0.105348 0 0 0 0 0 0.109814 0.120575 0.122797 0.109108 0.117614 0.113206 0.100651 0 0 0 0 0 0 0 0 0 0 0 0 0 0 0 0 0 0 0 0 0 0 0 0 0 0 0 0 0 0 0 0 0 0 0 0 0 0 0 -9999 -9999 -9999 -9999 -9999 -9999 -9999
-9999 -9999 -9999 -9999 -9999 -9999 0 0 0.131213 0.148876 0.160083 0.160377 0.158155 0.155877 0.150264 0.135224 0.115629 -9999 -9999 -9999 -9999 -9999 -9999 0 0 0 0.102744 0.108912 0.116653 0.117577 0.106453 0 0.106791 0.102565 0 0 0 0 0 0 0 0 0 0 0 0 0 0 0 0 0 0 0 0 0 0 0 0 0 0 0 0 0 0 0 0 0 0 0 0 0 0 -9999 -9999 -9999 -9999 -9999 -9999 -9999 -9999
-9999 -9999 -9999 -9999 -9999 -9999 -9999 0 0.110733 0.137717 0.15222 0.15213 0.152635 0.150243 0.142023 0.118989 0.121472 -9999 -9999 -9999 -9999 -9999 -9999 0 0 0.102625 0.109602 0.111692 0.113515 0.112473 0 0 0 0 0 0 0 0 0 0 0 0 0 0 0 0 0 0 0 0 0 0 0 0 0 0 0 0 0 0 0 0 0 0 0 0 0 0 0 0 -9999 -9999 -9999 -9999 -9999 -9999 -9999 -9999 -9999 -9999
-9999 -9999 -9999 -9999 -9999 -9999 -9999 -9999 0.126999 0.129983 0.150546 0.153591 0.153368 0.149887 0.133244 -9999 -9999 -9999 -9999 -9999 -9999 -9999 -9999 0 0 0.104604 0.107125 0.104836 0.102146 0.101783 0 0 0 0 -9999 0 0 0 0 0 0 0 0 0 0 0 0 0 0 0 0 0 0 0 0 0 0 0 0 0 0 0 0 0 0 0 0 0 0 0 -9999 -9999 -9999 -9999 -9999 -9999 -9999 -9999 -9999 -9999
