Test_Spring_2018b/03_18/Prec/20180302_006.txt
ncols	170
nrows	115
xllcorner	350000.000000
yllcorner	4445000.000000
cellsize	1000.000000
nodata_value	-9999.000000
[rows 31 to 61 of 115, columns 70 to 139 of 170]
0.867966 0.881889 0.895291 0.907002 0.921927 0.958995 1.00389 1.02028 1.06803 1.08217 1.09373 1.10566 1.11539 1.12249 1.12993 1.13192 1.12069 1.1303 1.13585 1.13358 1.13834 1.1443 1.14142 1.13057 1.12635 1.1191 1.10408 1.12339 1.11591 -9999 -9999 -9999 -9999 -9999 -9999 -9999 -9999 -9999 -9999 -9999 -9999 -9999 -9999 -9999 -9999 -9999 -9999 -9999 -9999 -9999 -9999 -9999 -9999 -9999 -9999 -9999 -9999 -9999 -9999 -9999 -9999 -9999 -9999 -9999 -9999 -9999 -9999 -9999 -9999 -9999
0.866236 0.878681 0.890826 0.902319 0.91943 0.93715 0.996878 1.02083 1.06341 1.07716 1.08865 1.09718 1.10675 1.11506 1.12263 1.12538 1.11904 1.11282 1.12267 1.12589 1.1242 1.13346 1.13111 1.12227 1.10914 1.11812 1.11733 1.11152 1.09284 -9999 -9999 -9999 -9999 -9999 -9999 -9999 -9999 -9999 -9999 -9999 -9999 -9999 -9999 -9999 -9999 -9999 -9999 -9999 -9999 -9999 -9999 -9999 -9999 -9999 -9999 -9999 -9999 -9999 -9999 -9999 -9999 -9999 -9999 -9999 -9999 -9999 -9999 -9999 -9999 -9999
0.859549 0.873926 0.885224 0.897658 0.915943 0.930686 0.962958 1.01881 1.05889 1.07266 1.08455 1.09456 1.10369 1.11159 1.11623 1.1182 1.11359 1.10589 1.10709 1.11657 1.11956 1.12277 1.12108 1.11823 1.11273 1.11984 1.12344 1.09878 1.09689 1.10791 -9999 -9999 -9999 -9999 -9999 -9999 -9999 -9999 -9999 -9999 -9999 -9999 -9999 -9999 -9999 -9999 -9999 -9999 -9999 -9999 -9999 -9999 -9999 -9999 -9999 -9999 -9999 -9999 -9999 -9999 -9999 -9999 -9999 -9999 -9999 -9999 -9999 -9999 -9999 -9999
0.850739 0.86749 0.878427 0.887682 0.904359 0.921091 0.968618 1.03612 1.05033 1.0684 1.0804 1.09145 1.09953 1.10691 1.11204 1.11408 1.11306 1.1097 1.09939 1.11168 1.12146 1.12366 1.1253 1.12396 1.11888 1.126 1.12773 1.08849 1.11818 1.10949 1.10413 -9999 -9999 -9999 -9999 -9999 -9999 -9999 -9999 -9999 -9999 -9999 -9999 -9999 -9999 -9999 -9999 -9999 -9999 -9999 -9999 -9999 -9999 -9999 -9999 -9999 -9999 -9999 -9999 -9999 -9999 -9999 -9999 -9999 -9999 -9999 -9999 -9999 -9999 -9999
-9999 0.859304 0.870567 0.879222 0.896227 0.914761 0.948694 1.00155 1.04849 1.06321 1.07708 1.08822 1.09623 1.09882 1.10577 1.11227 1.11353 1.10893 1.10355 1.10447 1.1179 1.12332 1.12475 1.12894 1.12492 1.12915 1.12954 1.11291 1.10284 1.11451 1.10796 1.09791 -9999 -9999 -9999 -9999 -9999 -9999 -9999 -9999 -9999 -9999 -9999 -9999 -9999 -9999 -9999 -9999 -9999 -9999 -9999 -9999 -9999 -9999 -9999 -9999 -9999 -9999 -9999 -9999 -9999 -9999 -9999 -9999 -9999 -9999 -9999 -9999 -9999 -9999
-9999 -9999 -9999 -9999 0.886464 0.920657 0.959759 0.994932 1.04457 1.06028 1.07496 1.08639 1.09239 1.09937 1.10706 1.11082 1.11126 1.11269 1.11063 1.10764 1.11266 1.12395 1.12186 1.13 1.13105 1.13373 1.13089 1.12739 1.09757 1.11149 1.10536 1.09667 -9999 -9999 -9999 -9999 -9999 -9999 -9999 -9999 -9999 -9999 -9999 -9999 -9999 -9999 -9999 -9999 -9999 -9999 -9999 -9999 -9999 -9999 -9999 -9999 -9999 -9999 -9999 -9999 -9999 -9999 -9999 -9999 -9999 -9999 -9999 -9999 -9999 -9999
-9999 -9999 -9999 -9999 -9999 0.916547 0.954631 0.978082 1.04124 1.05702 1.07355 1.08563 1.09469 1.10276 1.10889 1.11317 1.11475 1.1149 1.11291 1.11529 1.12343 1.12546 1.12593 1.1284 1.13279 1.13338 1.11419 1.12033 1.11379 1.10417 1.09602 1.09362 1.08689 -9999 -9999 -9999 -9999 -9999 -9999 -9999 -9999 -9999 -9999 -9999 -9999 1.01927 -9999 -9999 -9999 -9999 -9999 -9999 -9999 -9999 -9999 -9999 -9999 -9999 -9999 -9999 -9999 -9999 -9999 -9999 -9999 -9999 0.7346 -9999 -9999 -9999
-9999 -9999 -9999 -9999 0.88103 0.933331 0.955 0.977493 1.00859 1.05566 1.07355 1.08639 1.09644 1.10474 1.10983 1.11569 1.11875 1.11822 1.12045 1.1248 1.12757 1.13009 1.13199 1.13268 1.13262 1.13223 1.13234 1.1266 1.12255 1.09368 1.10639 1.09821 1.08721 1.07793 -9999 -9999 -9999 -9999 -9999 -9999 -9999 1.0555 1.04684 1.03749 1.02869 1.022 1.00646 -9999 -9999 -9999 -9999 -9999 -9999 -9999 -9999 -9999 -9999 -9999 -9999 -9999 -9999 -9999 -9999 -9999 -9999 -9999 0.740585 0.726048 -9999 -9999
-9999 -9999 -9999 -9999 0.906082 0.93011 0.952477 0.976549 0.998501 1.05696 1.07361 1.08851 1.10018 1.10875 1.11476 1.12132 1.12328 1.12536 1.12685 1.13129 1.1331 1.13303 1.13251 1.13211 1.12966 1.13017 1.13247 1.12862 1.12261 1.11643 1.11034 1.09667 1.08325 1.07194 -9999 -9999 -9999 -9999 -9999 -9999 1.06598 1.0629 1.05692 1.04193 1.03543 1.02736 1.01345 0.969361 -9999 -9999 -9999 -9999 -9999 -9999 -9999 -9999 -9999 -9999 -9999 -9999 -9999 -9999 0.800399 0.787522 0.767431 0.75336 0.741496 0.727349 -9999 -9999
-9999 -9999 -9999 -9999 0.898945 0.925583 0.951141 0.976296 0.998458 1.04897 1.07629 1.09169 1.10427 1.1145 1.12253 1.12633 1.1299 1.12909 1.13503 1.13605 1.13564 1.132 1.13045 1.12395 1.12134 1.12419 1.12916 1.12447 1.11535 1.10412 1.11064 1.09099 1.0846 1.07467 -9999 -9999 -9999 -9999 -9999 -9999 1.07065 1.06789 1.06298 1.05346 1.03671 1.03115 0.993018 0.972773 0.955267 0.941975 0.92732 0.901104 0.876763 0.865242 0.852184 0.844352 -9999 -9999 -9999 -9999 0.812456 0.807485 0.802247 0.79362 0.772524 0.755402 0.738599 0.710075 -9999 -9999
-9999 -9999 -9999 -9999 0.895862 0.922696 0.94865 0.973334 0.999793 1.05077 1.07893 1.08313 1.09675 1.10817 1.1172 1.12307 1.12552 1.12854 1.12939 1.12793 1.11948 1.10937 1.11155 1.12055 1.12404 1.12062 1.1247 1.11936 1.10842 1.09597 1.11072 1.09391 1.08628 1.06761 -9999 -9999 -9999 1.06867 1.07183 1.06797 1.06398 1.06245 1.05788 1.05898 1.04915 1.02875 0.995448 0.974029 0.951796 0.935408 0.925644 0.910701 0.875623 0.863635 0.850438 0.833201 0.827729 0.822457 0.81724 0.811889 0.807147 0.802587 0.797224 0.788934 0.776831 0.762327 0.749656 0.699601 -9999 -9999
-9999 -9999 -9999 -9999 0.881073 0.908451 0.93618 0.965309 0.990841 1.01724 1.06229 1.08842 1.10368 1.11378 1.12528 1.13194 1.13592 1.13723 1.1363 1.1288 1.118 1.10672 1.10006 1.1111 1.10307 1.09479 1.09833 1.11311 1.09501 1.08409 1.08292 1.09596 1.07299 1.06315 -9999 -9999 1.06275 1.07341 1.07933 1.07966 1.07526 1.0678 1.06398 1.05309 1.04611 1.02413 0.985773 0.96842 0.952767 0.935426 0.905662 0.889405 0.869586 0.850853 0.840874 0.831992 0.826082 0.820501 0.815758 0.811547 0.806691 0.802981 0.79842 0.791439 0.775667 0.763799 0.735563 0.695929 -9999 -9999
-9999 -9999 -9999 -9999 0.871075 0.899397 0.929025 0.956484 0.985719 1.02158 1.0654 1.08874 1.11095 1.12262 1.13161 1.14078 1.14471 1.14588 1.14467 1.13643 1.12622 1.11205 1.1018 1.10481 1.0999 1.07541 1.07561 1.07355 1.07232 1.07437 1.08741 1.09648 1.09018 1.06936 1.06422 -9999 1.06806 1.07278 1.08087 1.08577 1.08556 1.07579 1.07229 1.06145 1.04674 1.0281 0.992153 0.955794 0.935713 0.915666 0.901466 0.889806 0.867465 0.85492 0.837766 0.829422 0.822963 0.81782 0.813759 0.810398 0.807126 0.803599 0.799289 0.793656 0.78318 0.75894 0.739619 0.698952 -9999 -9999
-9999 -9999 -9999 0.821083 0.865358 0.897428 0.927716 0.958108 0.988365 1.01768 1.06334 1.09624 1.11522 1.13214 1.13856 1.14609 1.15071 1.15398 1.15218 1.14817 1.13981 1.12215 1.12098 1.10337 1.09121 1.07576 1.07465 1.07988 1.07947 1.07621 1.0736 1.08207 1.09125 1.08497 1.06563 1.06837 1.07522 1.07953 1.0849 1.09203 1.0938 1.08909 1.07992 1.06677 1.0525 1.01757 0.98288 0.960184 0.936626 0.915585 0.895895 0.88019 0.858376 0.850182 0.839747 0.825957 0.819779 0.81518 0.81181 0.809187 0.806672 0.803704 0.800077 0.795342 0.779625 0.764901 0.736195 0.702644 -9999 -9999
-9999 -9999 -9999 -9999 0.859083 0.889929 0.920562 0.952379 0.985355 1.01808 1.06703 1.09167 1.11456 1.1378 1.14695 1.15005 1.1574 1.1592 1.15829 1.15384 1.14757 1.13181 1.11998 1.10986 1.09717 1.08768 1.0871 1.08564 1.08399 1.07599 1.06942 1.07378 1.06641 1.06922 1.07374 1.07357 1.07922 1.08976 1.09567 1.09532 1.09173 1.09425 1.08437 1.06077 1.04497 1.02088 0.987136 0.961411 0.939598 0.917442 0.896719 0.869718 0.853395 0.839687 0.833109 0.826437 0.81697 0.812826 0.810067 0.807968 0.80605 0.803686 0.80053 0.789605 0.779381 0.766152 0.73625 0.704415 -9999 -9999
-9999 -9999 -9999 -9999 -9999 -9999 0.916906 0.950731 0.984209 1.01797 1.06996 1.09698 1.12022 1.13863 1.1509 1.15825 1.16068 1.16138 1.15421 1.15051 1.15085 1.14338 1.13547 1.11951 1.10195 1.10111 1.09605 1.08729 1.08187 1.07831 1.07066 1.07793 1.06982 1.06516 1.06906 1.08257 1.09377 1.10496 1.10871 1.10321 1.10031 1.09113 1.08309 1.06892 1.04866 1.02326 0.98911 0.960716 0.941295 0.918826 0.89531 0.873761 0.85009 0.838223 0.827456 0.822345 0.816654 0.810975 0.808591 0.806996 0.805513 0.803564 0.795527 0.789157 0.781118 0.771461 0.740672 0.702956 -9999 -9999
-9999 -9999 -9999 -9999 -9999 -9999 0.911295 0.945238 0.981143 1.02075 1.07121 1.09904 1.12205 1.14171 1.15496 1.16074 1.16188 1.158 1.15004 1.14691 1.14653 1.14251 1.13486 1.1193 1.11027 1.10279 1.0957 1.08468 1.07812 1.07668 1.06991 1.07638 1.07283 1.0669 1.07642 1.08594 1.09583 1.10859 1.11554 1.11477 1.10479 1.09713 1.08947 1.07174 1.04761 1.02563 0.989148 0.958402 0.940225 0.918564 0.895174 0.875363 0.850434 0.836935 0.826987 0.819686 0.814361 0.810272 0.807431 0.806116 0.804946 0.80109 0.796443 0.790105 0.781963 0.772209 0.748306 0.703 -9999 -9999
-9999 -9999 -9999 -9999 -9999 -9999 -9999 0.938828 0.978235 1.02027 1.06962 1.09618 1.12144 1.14097 1.1539 1.16205 1.16205 1.15562 1.14004 1.13706 1.13573 1.13641 1.13267 1.1241 1.10783 1.09692 1.08137 1.06942 1.06841 1.06909 1.06551 1.07434 1.07038 1.08071 1.0916 1.10249 1.10936 1.11049 1.11647 1.11806 1.10844 1.10131 1.09124 1.07088 1.04886 1.02516 0.988065 0.962814 0.938514 0.918485 0.894 0.875322 0.851061 0.836684 0.826042 0.818268 0.813069 0.809191 0.806816 0.805528 0.803813 0.800943 0.796311 0.789869 0.781663 0.771837 0.759621 0.724977 0.703751 -9999
-9999 -9999 -9999 -9999 -9999 -9999 -9999 0.930388 0.966224 1.0094 1.05962 1.09082 1.11662 1.13609 1.14787 1.15501 1.15403 1.15178 1.13648 1.1268 1.1233 1.11296 1.11699 1.12022 1.10402 1.07496 1.06251 1.05465 1.05643 1.05885 1.06104 1.06521 1.06686 1.08314 1.0955 1.10576 1.11353 1.11541 1.11519 1.11949 1.11319 1.10438 1.08876 1.07082 1.04604 1.02098 0.988877 0.961469 0.936721 0.917117 0.891827 0.875248 0.850822 0.835892 0.824657 0.818287 0.812669 0.808928 0.805766 0.804633 0.803038 0.799545 0.79495 0.788472 0.780174 0.770456 0.75935 0.735712 0.715619 0.699835
-9999 -9999 -9999 -9999 -9999 -9999 -9999 -9999 0.951118 0.997217 1.05034 1.07964 1.10733 1.12691 1.14057 1.1472 1.14502 1.13916 1.12543 1.10703 1.09767 1.10735 1.11458 1.11492 1.10009 1.07501 1.06344 1.06121 1.06593 1.06464 1.06615 1.07348 1.07573 1.0775 1.08538 1.09681 1.10361 1.11227 1.11615 1.11256 1.10753 1.09831 1.08355 1.06613 1.04534 1.02292 0.985126 0.96368 0.937786 0.916503 0.894717 0.874874 0.850591 0.834875 0.825656 0.818805 0.813219 0.806249 0.804691 0.803341 0.801501 0.798654 0.792331 0.785804 0.777636 0.767956 0.757164 0.735002 0.721001 0.703961
-9999 -9999 -9999 -9999 -9999 -9999 -9999 -9999 0.936932 0.981198 1.0338 1.06739 1.09995 1.11499 1.12848 1.13559 1.13529 1.12801 1.11822 1.09922 1.07752 1.09439 1.10545 1.10715 1.10135 1.07238 1.07298 1.06766 1.06946 1.06528 1.06674 1.08125 1.08133 1.08149 1.07954 1.07519 1.09349 1.10282 1.10772 1.10621 1.09993 1.0894 1.08165 1.05749 1.03199 1.01535 0.982019 0.958516 0.935516 0.913834 0.893385 0.874639 0.851087 0.838117 0.826246 0.814037 0.807614 0.805067 0.80321 0.801407 0.79912 0.79596 0.791591 0.785737 0.774024 0.764573 0.754074 0.732066 0.719296 0.706492
-9999 -9999 -9999 -9999 -9999 -9999 -9999 -9999 0.908201 0.956935 1.02609 1.05751 1.07939 1.0981 1.11201 1.11811 1.12093 1.11639 1.10859 1.09492 1.07499 1.05871 1.07413 1.08732 1.09328 1.07997 1.07604 1.07036 1.06703 1.0688 1.07296 1.08548 1.08029 1.07757 1.07031 1.07322 1.08736 1.09059 1.08883 1.0955 1.08786 1.07633 1.0583 1.04667 1.02986 0.998678 0.968822 0.94372 0.925799 0.908435 0.890709 0.873537 0.850414 0.828549 0.819858 0.81057 0.806429 0.803409 0.801017 0.798716 0.795977 0.792346 0.787696 0.781959 0.774309 0.765837 0.750299 0.728451 0.716408 0.70437
-9999 -9999 -9999 -9999 -9999 -9999 -9999 -9999 0.905759 0.970645 1.00852 1.03292 1.05993 1.07751 1.09286 1.10112 1.10391 1.1006 1.09283 1.08173 1.06484 1.04959 1.05155 1.07016 1.07433 1.06492 1.06774 1.0662 1.06568 1.06146 1.06448 1.08159 1.08165 1.06545 1.06668 1.06507 1.07948 1.08191 1.07872 1.07983 1.07208 1.05329 1.03381 1.01774 1.01562 0.99366 0.961502 0.930967 0.914034 0.902421 0.87149 0.856271 0.837123 0.827185 0.814699 0.808891 0.804433 0.800997 0.798053 0.795225 0.792024 0.787981 0.783072 0.777151 0.770092 0.761102 0.751955 0.729854 0.712934 0.701774
-9999 -9999 -9999 -9999 -9999 -9999 -9999 -9999 0.883132 0.952931 0.98718 1.01377 1.03969 1.0577 1.07194 1.08035 1.08274 1.08239 1.07776 1.06861 1.05963 1.04656 1.03049 1.04128 1.05475 1.04704 1.03864 1.04214 1.04269 1.043 1.06587 1.07151 1.05889 1.05744 1.05996 1.06031 1.06888 1.06937 1.06732 1.06248 1.04819 1.02855 1.00856 1.00012 0.983322 0.980991 0.942633 0.920152 0.90635 0.88989 0.863663 0.846467 0.832591 0.818215 0.811426 0.805941 0.801542 0.797589 0.794258 0.790838 0.787127 0.782815 0.777676 0.771697 0.764824 0.757153 0.747122 0.725157 0.714658 0.703653
-9999 -9999 -9999 -9999 -9999 -9999 -9999 -9999 -9999 0.921551 0.953429 0.986454 1.01094 1.0301 1.04396 1.05234 1.05638 1.05731 1.05487 1.04827 1.03888 1.02528 1.01356 1.01263 1.02787 1.01667 1.01754 1.02628 1.03028 1.02784 1.03504 1.02695 1.03844 1.04253 1.04584 1.04828 1.05385 1.05281 1.04872 1.03928 1.0174 0.999685 0.98194 0.96891 0.950775 0.953985 0.921422 0.910337 0.895829 0.88031 0.858576 0.834716 0.822904 0.816258 0.807876 0.803206 0.79746 0.793229 0.789384 0.785495 0.781436 0.776874 0.771639 0.76714 0.760385 0.752965 0.742764 0.720204 0.709726 0.699488
-9999 -9999 -9999 -9999 -9999 -9999 -9999 -9999 -9999 0.89989 0.933601 0.967212 0.987067 1.00512 1.02028 1.02816 1.03126 1.03205 1.03056 1.0269 1.01764 1.0077 0.997711 0.991996 0.990221 0.994715 0.99829 1.01031 1.0135 1.01446 1.00168 0.999958 1.01302 1.02465 1.02817 1.02951 1.02039 1.02184 1.01383 1.00179 0.992906 0.980766 0.963184 0.954076 0.935508 0.923192 0.907441 0.895076 0.881086 0.870482 0.850828 0.826003 0.814234 0.808729 0.801076 0.79838 0.794205 0.78972 0.78536 0.781077 0.776591 0.771795 0.766416 0.760463 0.753932 0.746778 0.738934 0.727003 0.696483 0.687519
-9999 -9999 -9999 -9999 -9999 -9999 -9999 -9999 -9999 0.887598 0.913788 0.943282 0.967424 0.978901 0.99371 1.0038 1.00646 1.00684 1.00535 1.00389 0.995229 0.985109 0.976214 0.966249 0.965636 0.970009 0.985317 0.993266 0.995578 0.995719 0.987109 0.991797 1.00075 1.00655 1.00946 1.00977 1.00771 1.0052 0.998354 0.991998 0.980027 0.963198 0.95003 0.941081 0.919732 0.907456 0.897503 0.879466 0.870971 0.859937 0.83982 0.81202 0.808341 0.802804 0.79804 0.792809 0.787605 0.783294 0.778538 0.773952 0.769252 0.764259 0.758929 0.753064 0.746817 0.739538 0.731583 0.717771 0.688938 0.681396
-9999 -9999 -9999 -9999 -9999 -9999 -9999 -9999 -9999 0.875187 0.898098 0.923501 0.942477 0.953267 0.967592 0.97968 0.983816 0.984192 0.985115 0.98274 0.976231 0.968479 0.959837 0.955079 0.945984 0.953938 0.968242 0.975337 0.979539 0.971854 0.969766 0.975518 0.981486 0.984621 0.990309 0.990612 0.988521 0.980172 0.973886 0.97075 0.963351 0.953454 0.938715 0.928515 0.91383 0.900706 0.887252 0.869845 0.859746 0.847291 0.826537 0.809116 0.80286 0.796534 0.791006 0.784884 0.779838 0.775596 0.770673 0.765852 0.760983 0.75601 0.750715 0.74492 0.738905 0.731364 0.722422 0.710956 0.67682 0.675422
-9999 -9999 -9999 -9999 -9999 -9999 -9999 -9999 -9999 0.858838 0.880502 0.902062 0.915879 0.924598 0.943043 0.955795 0.960216 0.962102 0.962687 0.956656 0.957638 0.956285 0.949492 0.939682 0.929163 0.930779 0.932172 0.956091 0.960252 0.948107 0.945296 0.948128 0.955865 0.962755 0.969602 0.97096 0.967928 0.955532 0.941383 0.942141 0.94202 0.935214 0.925722 0.911321 0.899865 0.887942 0.873152 0.84431 0.844308 0.834356 0.806901 0.79925 0.793761 0.788515 0.779852 0.773809 0.770698 0.766842 0.761715 0.756772 0.751943 0.747001 0.741906 0.736136 0.730176 0.72361 0.710907 0.70082 0.673881 0.669887
-9999 -9999 -9999 -9999 -9999 -9999 -9999 -9999 -9999 0.840809 0.857576 0.876933 0.888823 0.902707 0.919442 0.929719 0.93631 0.939423 0.940802 0.939351 0.938733 0.935915 0.929865 0.921288 0.911818 0.906319 0.911562 0.933583 0.91987 0.925515 0.921505 0.926815 0.93452 0.945676 0.951702 0.951707 0.949623 0.945197 0.93398 0.920124 0.915005 0.913727 0.902563 0.889876 0.883775 0.873977 0.860232 0.847291 0.83483 0.815089 0.79413 0.786261 0.781585 0.779689 0.77308 0.76607 0.76253 0.756966 0.751735 0.746836 0.74202 0.737283 0.732519 0.727294 0.721371 0.711796 0.702767 0.692065 0.686398 0.667269
-9999 -9999 -9999 -9999 -9999 -9999 -9999 -9999 -9999 0.820337 0.836968 0.854051 0.869917 0.884666 0.897502 0.902226 0.910069 0.913103 0.917968 0.919593 0.918599 0.917233 0.913073 0.902719 0.894424 0.885354 0.890649 0.900645 0.912213 0.906815 0.896826 0.907101 0.918281 0.928142 0.932918 0.927271 0.929951 0.927133 0.920959 0.911245 0.897514 0.892111 0.878995 0.871544 0.867136 0.859779 0.850224 0.838714 0.815761 0.80608 0.783382 0.774615 0.769683 0.766343 0.763544 0.75738 0.751934 0.746157 0.740828 0.735946 0.7313 0.726766 0.722235 0.717491 0.709343 0.700443 0.693346 0.685121 0.680405 0.66902
