Test_Spring_2018b/03_18/Prec/20180318_001.txt
ncols	170
nrows	115
xllcorner	350000.000000
yllcorner	4445000.000000
cellsize	1000.000000
nodata_value	-9999.000000
[rows 34 to 67 of 115, columns 76 to 151 of 170]
1.26389 1.05783 1.03075 1.03729 1.00708 0.978891 0.938818 0.903865 0.862739 0.808914 0.741879 0.666076 0.546821 0.597874 0.635503 0.62157 0.606269 0.570956 0.509431 0.537101 0.52565 0.424218 0.243314 0.192573 0.166473 -9999 -9999 -9999 -9999 -9999 -9999 -9999 -9999 -9999 -9999 -9999 -9999 -9999 -9999 -9999 -9999 -9999 -9999 -9999 -9999 -9999 -9999 -9999 -9999 -9999 -9999 -9999 -9999 -9999 -9999 -9999 -9999 -9999 -9999 -9999 -9999 -9999 -9999 -9999 -9999 -9999 -9999 -9999 -9999 -9999 -9999 -9999 -9999 -9999 -9999 -9999
1.27946 1.12719 1.03101 1.01133 0.99337 0.964847 0.923782 0.853821 0.82618 0.80523 0.755458 0.671374 0.58871 0.557849 0.622648 0.632758 0.616413 0.621729 0.568301 0.575303 0.554447 0.505889 0.364399 0.245654 0.211317 0.152273 -9999 -9999 -9999 -9999 -9999 -9999 -9999 -9999 -9999 -9999 -9999 -9999 -9999 -9999 -9999 -9999 -9999 -9999 -9999 -9999 -9999 -9999 -9999 -9999 -9999 -9999 -9999 -9999 -9999 -9999 -9999 -9999 -9999 -9999 -9999 -9999 -9999 -9999 -9999 -9999 -9999 -9999 -9999 -9999 -9999 -9999 -9999 -9999 -9999 -9999
1.12917 1.0951 1.01241 0.995214 0.979209 0.949729 0.891868 0.852565 0.8298 0.789256 0.734509 0.695685 0.638955 0.581617 0.587234 0.641975 0.601743 0.637298 0.621927 0.61861 0.575037 0.439159 0.340062 0.236747 0.20516 0.155732 -9999 -9999 -9999 -9999 -9999 -9999 -9999 -9999 -9999 -9999 -9999 -9999 -9999 -9999 -9999 -9999 -9999 -9999 -9999 -9999 -9999 -9999 -9999 -9999 -9999 -9999 -9999 -9999 -9999 -9999 -9999 -9999 -9999 -9999 -9999 -9999 -9999 -9999 -9999 -9999 -9999 -9999 -9999 -9999 -9999 -9999 -9999 -9999 -9999 -9999
1.10742 1.11361 0.993947 0.969652 0.960649 0.930846 0.891462 0.857695 0.822561 0.786057 0.740874 0.694958 0.641588 0.626446 0.658118 0.648701 0.630064 0.626896 0.637949 0.621005 0.548408 0.403563 0.348033 0.193041 0.145977 0.141396 0.106109 -9999 -9999 -9999 -9999 -9999 -9999 -9999 -9999 -9999 -9999 -9999 -9999 0.14833 -9999 -9999 -9999 -9999 -9999 -9999 -9999 -9999 -9999 -9999 -9999 -9999 -9999 -9999 -9999 -9999 -9999 -9999 -9999 -9999 0 -9999 -9999 -9999 -9999 -9999 -9999 -9999 -9999 -9999 -9999 -9999 -9999 -9999 -9999 -9999
1.12377 1.1101 1.04472 0.950452 0.942661 0.911279 0.873862 0.838443 0.794192 0.769378 0.736723 0.688839 0.670145 0.673809 0.671116 0.669788 0.665714 0.653213 0.634821 0.612947 0.51072 0.46082 0.423148 0.32226 0.226399 0.178106 0.109895 0 -9999 -9999 -9999 -9999 -9999 -9999 -9999 0.123195 0.118109 0.11641 0.126769 0.160143 0.135834 -9999 -9999 -9999 -9999 -9999 -9999 -9999 -9999 -9999 -9999 -9999 -9999 -9999 -9999 -9999 -9999 -9999 -9999 -9999 0 0 -9999 -9999 -9999 -9999 -9999 -9999 -9999 -9999 -9999 -9999 -9999 -9999 -9999 -9999
1.11718 1.0992 1.06944 0.943173 0.915385 0.890124 0.857973 0.820278 0.780793 0.761352 0.722934 0.697901 0.678851 0.68893 0.685257 0.670942 0.654622 0.638769 0.606755 0.59423 0.519371 0.483413 0.431065 0.377069 0.256661 0.166298 0 0 -9999 -9999 -9999 -9999 -9999 -9999 0.125468 0.152958 0.168631 0.128029 0.158487 0.185985 0.178544 0.129171 -9999 -9999 -9999 -9999 -9999 -9999 -9999 -9999 -9999 -9999 -9999 -9999 -9999 -9999 0.163708 0.11338 0 0 0 0 -9999 -9999 -9999 -9999 -9999 -9999 -9999 -9999 -9999 -9999 -9999 -9999 -9999 -9999
1.1174 1.08893 1.04263 0.946094 0.897872 0.865978 0.832753 0.802249 0.775305 0.736215 0.71235 0.671004 0.690324 0.682524 0.669972 0.636778 0.61934 0.564735 0.535967 0.469551 0.499761 0.457898 0.382341 0.290439 0.140279 0.12088 0 0 -9999 -9999 -9999 -9999 -9999 -9999 0.127053 0.15716 0.182218 0.18441 0.144508 0.195713 0.174941 0.142764 0.133405 0.155029 0.164479 0.146239 0.172468 0.178445 0.16277 0.174711 -9999 -9999 -9999 -9999 0.17203 0.171952 0.171441 0.149354 0 0 0 0 -9999 -9999 -9999 -9999 -9999 -9999 -9999 -9999 -9999 -9999 -9999 -9999 -9999 -9999
1.10755 1.05521 1.02002 0.919085 0.871954 0.835864 0.80078 0.771407 0.746874 0.721263 0.6914 0.683882 0.67561 0.661922 0.604856 0.53922 0.563351 0.522065 0.395674 0.444111 0.469088 0.422883 0.333421 0.231007 0.147374 0.135332 0 0 -9999 -9999 -9999 0 0 0 0 0.135521 0.166869 0.191293 0.206791 0.190428 0.170047 0.138674 0.104532 0.113098 0.16713 0.177989 0.181085 0.187387 0.172662 0.17641 0.189254 0.194823 0.19421 0.188506 0.185643 0.184907 0.181156 0.160465 0 0 0 0 -9999 -9999 -9999 -9999 -9999 -9999 -9999 -9999 -9999 -9999 -9999 -9999 -9999 -9999
1.08759 1.03821 0.984386 0.945432 0.846558 0.809588 0.775708 0.729025 0.718269 0.697631 0.681481 0.66711 0.653967 0.606033 0.542414 0.479004 0.448739 0.424493 0.370365 0.380022 0.405796 0.377714 0.311649 0.218634 0.192965 0.126869 0 0 -9999 -9999 0 0 0 0.118152 0.1265 0.126406 0.166807 0.16934 0.212795 0.188782 0.127805 0.132278 0.107686 0.119797 0.137266 0.140013 0.162212 0.188406 0.191377 0.189064 0.196384 0.196093 0.19442 0.192079 0.183507 0.184583 0.183166 0.169604 0 0 0 0 -9999 -9999 -9999 -9999 -9999 -9999 -9999 -9999 -9999 -9999 -9999 -9999 -9999 -9999
1.08296 1.02773 0.985836 0.919964 0.806209 0.785154 0.749202 0.706052 0.672553 0.66937 0.655552 0.646003 0.639333 0.596323 0.548195 0.474962 0.429172 0.369672 0.34406 0.297111 0.305183 0.287332 0.266129 0.260216 0.219144 0.129367 0 0 0 -9999 0 0 0 0.109479 0.148309 0.133422 0.180015 0.188529 0.20448 0.187309 0.149606 0.131816 0.128159 0.120934 0.149685 0.168307 0.175702 0.183176 0.193016 0.193738 0.194549 0.193602 0.192155 0.190824 0.188698 0.186564 0.183337 0.177137 0.143573 0.105891 0 0 -9999 -9999 -9999 -9999 -9999 -9999 -9999 -9999 -9999 -9999 -9999 -9999 -9999 -9999
1.07939 1.02621 0.97175 0.916172 0.816169 0.765498 0.728862 0.690262 0.633702 0.617731 0.611428 0.622962 0.620263 0.618163 0.594583 0.5072 0.454607 0.401214 0.336233 0.297839 0.299667 0.335891 0.319505 0.271756 0.21956 0.125407 0 0 0 0 0 0 0 0.102314 0.155562 0.179596 0.188982 0.199798 0.208781 0.185518 0.162907 0.152307 0.133976 0.12919 0.126551 0.142643 0.150373 0.181046 0.18965 0.192207 0.192431 0.191557 0.190417 0.189376 0.18779 0.185309 0.183558 0.181547 0.175708 0.128969 0 0 -9999 -9999 -9999 -9999 -9999 -9999 -9999 -9999 -9999 -9999 -9999 -9999 -9999 -9999
1.0334 0.973924 0.921783 0.873232 0.789952 0.743035 0.712656 0.67007 0.615466 0.56637 0.582193 0.588066 0.599292 0.603175 0.60497 0.51423 0.473802 0.439793 0.377698 0.385236 0.394049 0.382606 0.35605 0.270637 0.184648 0 0 0 0 0 0 0 0 0 0 0.171621 0.186702 0.192955 0.212216 0.183871 0.175204 0.152873 0.156813 0.152535 0.149899 0 0.140212 0.141105 0.17578 0.190084 0.191462 0.190231 0.189188 0.187344 0.185653 0.183669 0.182297 0.178796 0.176179 0.145104 0 0 -9999 -9999 -9999 -9999 -9999 -9999 -9999 -9999 -9999 -9999 -9999 -9999 -9999 -9999
1.01351 0.956147 0.89438 0.839599 0.772553 0.7318 0.69425 0.657899 0.617484 0.564473 0.546035 0.547807 0.519346 0.54815 0.578262 0.579292 0.575454 0.50623 0.462648 0.487696 0.466699 0.402935 0.347971 0.292036 0.193647 0 0 0 0 0 0 0 0.117808 0 0.118128 0.154045 0.197773 0.218679 0.213027 0.183319 0.177661 0.144273 0.17326 0.173465 0.156253 0.140776 0.139025 0.154934 0.159472 0.186103 0.19078 0.189767 0.187857 0.18597 0.183955 0.181996 0.179183 0.176906 0.174525 0.171241 0 0 -9999 -9999 -9999 -9999 -9999 -9999 -9999 -9999 -9999 -9999 -9999 -9999 -9999 -9999
0.980631 0.917167 0.865374 0.844886 0.762979 0.720875 0.675162 0.64263 0.605638 0.559098 0.519958 0.490685 0.457008 0.478674 0.532503 0.564809 0.568891 0.508221 0.529988 0.510248 0.476633 0.397118 0.332953 0.29013 0.194611 0 0 0 0 0 0 0 0.14532 0.166377 0.146352 0.170726 0.221198 0.221133 0.192813 0.193763 0.175286 0.130333 0.173272 0.183503 0.170551 0.170228 0.159806 0.164195 0.1742 0.1837 0.189278 0.1881 0.186092 0.183831 0.181933 0.179863 0.177333 0.175405 0.173023 0.170309 0 0 -9999 -9999 -9999 -9999 -9999 -9999 -9999 -9999 -9999 -9999 -9999 -9999 -9999 -9999
-9999 0.879766 0.852301 0.847804 0.756668 0.702907 0.6711 0.635124 0.593815 0.563135 0.518714 0.469456 0.382037 0.406968 0.456791 0.526575 0.562663 0.556105 0.527469 0.484904 0.391 0.305006 0.280684 0.25176 0.177145 0 0 0 0 0 0.11469 0.104282 0.147833 0.183958 0.167191 0.197201 0.232435 0.215963 0.20588 0.197021 0.175919 0.173043 0.17301 0.196156 0.175745 0.183666 0.177384 0.17435 0.177981 0.18256 0.187561 0.186524 0.184417 0.182536 0.179725 0.178061 0.175672 0.173287 0.170938 0.16833 0.157836 0 0 -9999 -9999 -9999 -9999 -9999 -9999 -9999 -9999 -9999 -9999 -9999 -9999 -9999
-9999 0.836692 0.788813 0.797649 0.714659 0.697385 0.671118 0.635512 0.585764 0.553758 0.491407 0.471937 0.391501 0.355136 0.388964 0.37889 0.471957 0.551987 0.52487 0.350603 0.279472 0.223217 0.218854 0.20212 0.168617 0 0 0 0.108546 0.138288 0.16075 0.161794 0.158456 0.215958 0.222378 0.240907 0.236352 0.237674 0.207391 0.188117 0.202545 0.182338 0.177098 0.201098 0.17239 0.193003 0.183665 0.174219 0.171459 0.184593 0.185426 0.18486 0.18273 0.18017 0.17743 0.175021 0.173558 0.171359 0.168535 0.166616 0.163814 0.151009 0.102099 0 0.100001 -9999 -9999 -9999 -9999 -9999 -9999 -9999 -9999 -9999 -9999 -9999
-9999 -9999 0.718192 0.759581 0.702371 0.678715 0.672085 0.641153 0.591627 0.555109 0.49497 0.446222 0.373469 0.292927 0.245865 0.378522 0.492584 0.549681 0.532007 0.385368 0.319846 0.3041 0.321161 0.277716 0.23999 0.131212 0 0 0 0.109941 0.148105 0.186174 0.214096 0.215196 0.234342 0.243369 0.243711 0.24664 0.242372 0.238481 0.20817 0.226165 0.207291 0.213788 0.205395 0.197358 0.186277 0.167568 0.176787 0.184706 0.185072 0.183236 0.180666 0.178565 0.176169 0.173243 0.170845 0.168814 0.166754 0.164269 0.162305 0.159787 0.152575 0.122381 0 0 -9999 -9999 -9999 -9999 -9999 -9999 -9999 -9999 -9999 -9999
-9999 -9999 0.667969 0.712432 0.658498 0.677693 0.652026 0.632335 0.608456 0.575734 0.527152 0.463912 0.414085 0.32238 0.228149 0.359049 0.478902 0.541836 0.539554 0.409977 0.431161 0.392251 0.388214 0.32492 0.288743 0.229884 0.184293 0.136446 0 0 0.144793 0.190947 0.228522 0.245859 0.255726 0.260733 0.254102 0.245831 0.201674 0.233378 0.229779 0.224651 0.218752 0.214528 0.208488 0.201664 0.19253 0.189395 0.176224 0.185066 0.182812 0.181028 0.17913 0.176847 0.174268 0.171763 0.16913 0.167175 0.164789 0.162405 0.160156 0.157998 0.155699 0.152203 0.14276 0 0 0 0 -9999 -9999 -9999 -9999 -9999 -9999 -9999
-9999 -9999 0.523185 0.620196 0.613909 0.637651 0.649169 0.636077 0.619874 0.581153 0.553386 0.505387 0.462956 0.40128 0.310263 0.25418 0.344164 0.490526 0.536834 0.518396 0.504057 0.46146 0.420457 0.402115 0.388665 0.313079 0.247406 0.178792 0.152166 0.124957 0.192371 0.198346 0.190267 0.268001 0.266995 0.261746 0.23079 0.191108 0.196428 0.173646 0.187805 0.160696 0.18165 0.199241 0.20411 0.20074 0.191141 0.186543 0.183409 0.183562 0.181576 0.179278 0.177055 0.17495 0.172684 0.169788 0.16729 0.165652 0.16306 0.160626 0.158202 0.156135 0.154011 0.150915 0.14793 0.136128 0.119364 0 0 0 -9999 -9999 -9999 -9999 -9999 -9999
-9999 -9999 0.509857 0.525023 0.591995 0.61031 0.642247 0.630636 0.630998 0.610323 0.580978 0.537148 0.487263 0.434498 0.354527 0.29463 0.361263 0.441521 0.50623 0.516864 0.503053 0.489196 0.469128 0.442408 0.420252 0.368719 0.326691 0.260968 0.221908 0.169021 0.244764 0.249883 0.234264 0.272349 0.268761 0.206708 0.158952 0.152228 0.173407 0.144685 0.137725 0.1184 0.135287 0.184111 0.164058 0.164468 0.18051 0.182398 0.182848 0.18156 0.179447 0.177381 0.175027 0.173125 0.171218 0.168339 0.165948 0.16377 0.160917 0.158795 0.156223 0.15377 0.151395 0.148828 0.145933 0.141189 0.136191 0.137476 0.131191 0 0 -9999 -9999 -9999 -9999 -9999
-9999 -9999 0.523386 0.491492 0.550875 0.601299 0.639555 0.641883 0.641328 0.624984 0.592028 0.565199 0.530607 0.482049 0.448229 0.392213 0.316012 0.431563 0.443699 0.461126 0.45489 0.476932 0.462823 0.43327 0.362351 0.370133 0.355174 0.302731 0.281237 0.250484 0.290449 0.286528 0.282078 0.277171 0.223765 0.150673 0 0.131988 0.122011 0.131926 0 0.114397 0.150849 0.161017 0.131944 0.109893 0.162825 0.170829 0.174835 0.1767 0.177254 0.174695 0.173357 0.171043 0.168905 0.166747 0.164264 0.161984 0.159493 0.156992 0.154519 0.152132 0.149492 0.146709 0.144709 0.141257 0.138733 0.136258 0.133725 0.117434 0 0 -9999 -9999 -9999 -9999
-9999 -9999 -9999 0.446858 0.519276 0.599034 0.633072 0.648057 0.646956 0.63019 0.60657 0.584215 0.558703 0.520462 0.474838 0.406121 0.353206 0.376026 0.383127 0.370484 0.383528 0.441593 0.45291 0.406038 0.267574 0.306153 0.353318 0.3451 0.333852 0.322863 0.312697 0.302508 0.285811 0.247407 0.135999 0.110814 0 0 0 0 0 0.109346 0.128364 0.134012 0 0 0.138561 0.157801 0.152338 0.163393 0.17384 0.1723 0.170706 0.168433 0.166746 0.164889 0.162725 0.160223 0.157857 0.1556 0.152639 0.150731 0.144725 0.140145 0.132863 0.137542 0.136244 0.134499 0.131912 0.128935 0.109423 0 0 -9999 -9999 -9999
-9999 -9999 -9999 0.407649 0.499925 0.602129 0.617975 0.637248 0.654158 0.638441 0.608673 0.582149 0.557068 0.531103 0.475497 0.421539 0.369417 0.346453 0.346682 0.30574 0.333902 0.413592 0.419241 0.399467 0.253642 0.215837 0.281946 0.336911 0.335465 0.324233 0.2464 0.257703 0.214738 0.158275 0.140896 0.115145 0 0 0 0 0 0 0 0.111721 0 0 0.111463 0.136027 0.134749 0.160626 0.168603 0.169261 0.167973 0.1665 0.164676 0.163171 0.160972 0.158622 0.156141 0.152874 0.147773 0.136091 0 0 0 0.103781 0.126791 0.131714 0.130433 0.127642 0.12113 0.1082 0 -9999 -9999 -9999
-9999 -9999 -9999 0.423585 0.480248 0.569842 0.631889 0.615422 0.638636 0.644123 0.612576 0.580874 0.550344 0.532423 0.471309 0.405237 0.350147 0.286003 0.285759 0.315407 0.337324 0.385063 0.384092 0.360287 0.253882 0.268294 0.311293 0.331256 0.332988 0.321267 0.300477 0.286976 0.25421 0.238312 0.1951 0.129483 0.102182 0.115452 0 0 0 0 0 0 0 0 0.113141 0.134957 0.153787 0.161679 0.163659 0.16773 0.16595 0.164516 0.162851 0.160823 0.158879 0.155964 0.153216 0.145671 0.135464 0 0 0 0 0.102711 0.121459 0.128054 0.127026 0.125474 0.122205 0.119074 0 -9999 -9999 -9999
-9999 -9999 -9999 0.438432 0.488883 0.564917 0.603599 0.593869 0.622333 0.647882 0.629151 0.596128 0.578882 0.547502 0.49344 0.434967 0.371852 0.336208 0.265981 0.315033 0.317097 0.356098 0.36835 0.266001 0.238842 0.265687 0.292758 0.299844 0.328277 0.322496 0.30636 0.253574 0.22604 0.232473 0.219126 0.198417 0.152331 0.147731 0.117292 0.103152 0 0 0 0 0 0.10385 0.126092 0.140186 0.152831 0.154721 0.159124 0.165414 0.1642 0.162556 0.160578 0.15879 0.156241 0.151957 0.148039 0.134824 0.112927 0 0 0 0 0.105736 0.116721 0.121494 0.124215 0.122121 0.120167 0.117444 0 0 0 -9999
-9999 -9999 -9999 0.423719 0.481159 0.544165 0.558625 0.544997 0.612053 0.648148 0.634126 0.611678 0.588765 0.525212 0.518304 0.497967 0.43951 0.35862 0.270432 0.267132 0.293334 0.32221 0.333226 0.205147 0.175055 0.184393 0.229102 0.268856 0.31113 0.317951 0.298882 0.219091 0.134993 0.168413 0.204678 0.201297 0.186676 0.143648 0.1281 0.113788 0 0 0 0 0 0 0.120371 0.140947 0.130519 0.133546 0.153146 0.163565 0.162091 0.160371 0.158836 0.156609 0.153926 0.14732 0.140438 0.130208 0 0 0 0 0 0 0.11503 0.119967 0.120844 0.119317 0.117348 0.115193 0.100869 0 0 0
-9999 -9999 -9999 0.39534 0.431653 0.49228 0.505069 0.539601 0.602614 0.626547 0.631432 0.618263 0.598889 0.564186 0.539442 0.501117 0.440246 0.360635 0.273057 0.212086 0.226494 0.267735 0.271348 0.154819 0.117464 0.147576 0.19576 0.270781 0.311387 0.312251 0.303084 0.283011 0.220417 0.145994 0.142695 0.174796 0.142036 0.104596 0.120614 0.114235 0 0 0 0 0 0 0 0.143311 0.147993 0.144742 0.162262 0.161297 0.159811 0.158603 0.156636 0.154513 0.151983 0.146236 0.135777 0 0 0 0 0 0 0 0.111998 0.11466 0.116497 0.116909 0.115441 0.112926 0.104975 0 0 0
-9999 -9999 -9999 0.347244 0.395572 0.452108 0.505276 0.55613 0.598941 0.588439 0.605953 0.59322 0.597811 0.581954 0.549239 0.515069 0.46093 0.361323 0.275696 0.18305 0.19337 0.263002 0.18013 0.133023 0 0.120787 0.196925 0.26572 0.300502 0.263177 0.290849 0.283565 0.25744 0.211506 0.14253 0.140364 0 0 0.105098 0.110322 0.103225 0 0 0 0 0 0 0.119342 0.152456 0.156406 0.161152 0.1595 0.157668 0.156272 0.154399 0.151724 0.147984 0.142063 0.111088 0 0 0 0 0 0 0 0.109977 0.112849 0.114348 0.114049 0.113099 0.109753 0.10413 0 0 0
-9999 -9999 -9999 -9999 0.384587 0.444565 0.485111 0.483676 0.520432 0.534263 0.542837 0.535246 0.58646 0.578802 0.554095 0.521756 0.473907 0.395618 0.33762 0.248137 0.180462 0.174258 0 0.111698 0 0.124253 0.197053 0.273627 0.27672 0.218495 0.221242 0.227625 0.248073 0.231584 0.138876 0 0 0 0 0.101797 0.100226 0 0 0 0 0.110896 0.115391 0.137663 0.153598 0.156593 0.158371 0.156889 0.155415 0.153481 0.150498 0.147799 0.141368 0.129368 0 0 0 0 0 0 0 0 0.108932 0.111222 0.111621 0.111324 0.110365 0.107768 0.104073 0 0 0
-9999 -9999 -9999 -9999 0.352904 0.426084 0.427321 0.408922 0.362602 0.362586 0.463748 0.47463 0.523564 0.569788 0.554973 0.523118 0.477666 0.426639 0.353287 0.253862 0.172276 0 0.133605 0.169041 0.176443 0.192568 0.234326 0.237025 0.177058 0.120936 0.144182 0.156586 0.217405 0.225342 0.209032 0.151965 0 0 0 0 0 0 0 0 0 0.119797 0.134094 0.140992 0.154398 0.156384 0.155699 0.154941 0.152722 0.149989 0.145622 0.140922 0.126837 0.110194 0 0 0 0 0 0 0 0 0.104541 0.106164 0.108124 0.107009 0.106956 0.104905 0.102404 0 0 0
-9999 -9999 -9999 -9999 -9999 -9999 -9999 -9999 -9999 0.347767 0.359714 0.432635 0.491413 0.560849 0.55041 0.521801 0.489876 0.419917 0.343617 0.320915 0.236563 0 0.145101 0.166106 0.195971 0.201571 0.210153 0.181283 0.12932 0 0 0.147786 0.212183 0.207979 0.206656 0.175684 0.132671 0 0 0 0 0 0 0 0 0 0.122214 0.149777 0.153421 0.154668 0.15433 0.152753 0.149421 0.145576 0.140517 0.13382 0.12396 0.105638 0 0 0 0 0 0 0 0 0 0.101874 0.103685 0.104606 0.10415 0.102198 0.100153 0 0 0
-9999 -9999 -9999 -9999 -9999 -9999 -9999 -9999 -9999 0.257805 0.239171 0.40912 0.475448 0.536904 0.538802 0.509541 0.473325 0.431082 0.383217 0.318319 0.16319 0 0.153138 0.153082 0.16611 0.155345 0.113434 0.10359 0 0 0 0.130787 0.186754 0.194375 0.186609 0.17837 0 0 0 0 0 0 0 0 0 0.122353 0.138309 0.147646 0.153212 0.152863 0.152087 0.149927 0.145298 0.140376 0.135044 0.128278 0.12135 0.106762 0 0 0 0 0 0 0 0 0 0.100248 0.101683 0.102164 0 0 0 0 0 0
-9999 -9999 -9999 -9999 -9999 -9999 -9999 -9999 -9999 -9999 0.182114 0.33649 0.437801 0.512287 0.5266 0.507211 0.479222 0.43981 0.389702 0.350249 0.204248 0.10489 0 0.112141 0.101741 0 0 0 0 0 0 0.117525 0.166727 0.178368 0.119873 0.160565 0.144823 0 0 0 0 0 0 0 0 0 0.132702 0.130406 0.151887 0.151034 0.149635 0.146628 0.142587 0.13695 0.130417 0.122497 0.11472 0 0 0 0 0 0 0 0 0 0 0 0 0 0 0 0 0 0 0
-9999 -9999 -9999 -9999 -9999 -9999 -9999 -9999 -9999 -9999 0.190675 0.27217 0.406086 0.474171 0.51257 0.501573 0.478632 0.454949 0.416271 0.318222 0.220037 -9999 -9999 -9999 -9999 -9999 -9999 0 0 0 0 0.1238 0.159251 0.164763 0.11729 0 0.124997 0.111048 0 0 0 0 0 0 0 0 0.101362 0.139531 0.150239 0.148612 0.146682 0.142964 0.138806 0.134053 0.126347 0.117729 0.109078 0 0 0 0 0 0 0 0 0 0 0 0 0 0 0 0 0 0 0
