Test_Spring_2018b/03_18/Prec/20180324_016.txt
ncols	170
nrows	115
xllcorner	350000.000000
yllcorner	4445000.000000
cellsize	1000.000000
nodata_value	-9999.000000
[rows 31 to 61 of 115, columns 70 to 139 of 170]
0.496116 0.499795 0.505244 0.513292 0.520564 0.524139 0.52913 0.537929 0.562432 0.570154 0.578747 0.585907 0.59311 0.600428 0.605677 0.612688 0.626681 0.624608 0.623432 0.62585 0.621996 0.616051 0.615064 0.618683 0.617269 0.617565 0.602742 0.609438 0.607373 -9999 -9999 -9999 -9999 -9999 -9999 -9999 -9999 -9999 -9999 -9999 -9999 -9999 -9999 -9999 -9999 -9999 -9999 -9999 -9999 -9999 -9999 -9999 -9999 -9999 -9999 -9999 -9999 -9999 -9999 -9999 -9999 -9999 -9999 -9999 -9999 -9999 -9999 -9999 -9999 -9999
0.491502 0.496212 0.502396 0.510298 0.515597 0.521527 0.526432 0.533706 0.556176 0.563048 0.57057 0.578949 0.585268 0.590915 0.595425 0.601498 0.612015 0.620773 0.617063 0.616374 0.617709 0.610492 0.610208 0.613573 0.619286 0.609652 0.606413 0.612048 0.593048 -9999 -9999 -9999 -9999 -9999 -9999 -9999 -9999 -9999 -9999 -9999 -9999 -9999 -9999 -9999 -9999 -9999 -9999 -9999 -9999 -9999 -9999 -9999 -9999 -9999 -9999 -9999 -9999 -9999 -9999 -9999 -9999 -9999 -9999 -9999 -9999 -9999 -9999 -9999 -9999 -9999
0.488885 0.492403 0.499199 0.506392 0.510691 0.518283 0.52502 0.527488 0.55025 0.556398 0.562906 0.569546 0.575464 0.58077 0.586778 0.593054 0.602267 0.612094 0.614519 0.610051 0.608834 0.606468 0.606561 0.606731 0.60815 0.600622 0.595193 0.588249 0.585006 0.585326 -9999 -9999 -9999 -9999 -9999 -9999 -9999 -9999 -9999 -9999 -9999 -9999 -9999 -9999 -9999 -9999 -9999 -9999 -9999 -9999 -9999 -9999 -9999 -9999 -9999 -9999 -9999 -9999 -9999 -9999 -9999 -9999 -9999 -9999 -9999 -9999 -9999 -9999 -9999 -9999
0.486396 0.488531 0.495788 0.505308 0.510796 0.517047 0.520598 0.541287 0.547582 0.550526 0.556596 0.562116 0.568326 0.573595 0.578938 0.584933 0.591605 0.598523 0.608907 0.602854 0.597471 0.596319 0.594751 0.594541 0.596317 0.589406 0.585832 0.567118 0.580966 0.579276 0.575498 -9999 -9999 -9999 -9999 -9999 -9999 -9999 -9999 -9999 -9999 -9999 -9999 -9999 -9999 -9999 -9999 -9999 -9999 -9999 -9999 -9999 -9999 -9999 -9999 -9999 -9999 -9999 -9999 -9999 -9999 -9999 -9999 -9999 -9999 -9999 -9999 -9999 -9999 -9999
-9999 0.484709 0.492161 0.502523 0.508211 0.513616 0.517546 0.537951 0.541038 0.546356 0.551154 0.556529 0.562634 0.570968 0.574891 0.577713 0.582738 0.590474 0.597589 0.599388 0.591784 0.588768 0.58772 0.584179 0.585663 0.581131 0.578868 0.562681 0.560749 0.571282 0.568561 0.568372 -9999 -9999 -9999 -9999 -9999 -9999 -9999 -9999 -9999 -9999 -9999 -9999 -9999 -9999 -9999 -9999 -9999 -9999 -9999 -9999 -9999 -9999 -9999 -9999 -9999 -9999 -9999 -9999 -9999 -9999 -9999 -9999 -9999 -9999 -9999 -9999 -9999 -9999
-9999 -9999 -9999 -9999 0.506472 0.511398 0.53262 0.535109 0.536705 0.541843 0.546444 0.551843 0.559414 0.564787 0.568162 0.572748 0.578226 0.581802 0.586623 0.591074 0.589223 0.582343 0.58384 0.57782 0.576097 0.572846 0.572993 0.56251 0.559998 0.569179 0.566396 0.565488 -9999 -9999 -9999 -9999 -9999 -9999 -9999 -9999 -9999 -9999 -9999 -9999 -9999 -9999 -9999 -9999 -9999 -9999 -9999 -9999 -9999 -9999 -9999 -9999 -9999 -9999 -9999 -9999 -9999 -9999 -9999 -9999 -9999 -9999 -9999 -9999 -9999 -9999
-9999 -9999 -9999 -9999 -9999 0.507101 0.528346 0.531805 0.532899 0.538864 0.542906 0.548369 0.554211 0.559038 0.563531 0.567723 0.572323 0.576613 0.581221 0.581888 0.577794 0.577097 0.576808 0.57462 0.570654 0.568866 0.55668 0.562549 0.562623 0.570482 0.569246 0.564271 0.562432 -9999 -9999 -9999 -9999 -9999 -9999 -9999 -9999 -9999 -9999 -9999 -9999 0.499457 -9999 -9999 -9999 -9999 -9999 -9999 -9999 -9999 -9999 -9999 -9999 -9999 -9999 -9999 -9999 -9999 -9999 -9999 -9999 -9999 0.45265 -9999 -9999 -9999
-9999 -9999 -9999 -9999 0.492966 0.51422 0.520821 0.52651 0.532766 0.536006 0.540128 0.545862 0.551593 0.55661 0.561969 0.565088 0.568551 0.573072 0.574528 0.573544 0.57277 0.571453 0.569944 0.56875 0.56763 0.566377 0.554683 0.554385 0.552783 0.551434 0.55922 0.558359 0.55966 0.560049 -9999 -9999 -9999 -9999 -9999 -9999 -9999 0.522618 0.518377 0.513256 0.506387 0.496721 0.491781 -9999 -9999 -9999 -9999 -9999 -9999 -9999 -9999 -9999 -9999 -9999 -9999 -9999 -9999 -9999 -9999 -9999 -9999 -9999 0.442158 0.451997 -9999 -9999
-9999 -9999 -9999 -9999 0.500647 0.507628 0.515805 0.522388 0.529489 0.532793 0.539058 0.544428 0.549811 0.555134 0.560111 0.562773 0.566809 0.569244 0.570781 0.569256 0.568633 0.568583 0.568262 0.56741 0.567561 0.565407 0.551601 0.549887 0.549533 0.549292 0.554004 0.557051 0.560273 0.562417 -9999 -9999 -9999 -9999 -9999 -9999 0.526114 0.519431 0.513261 0.511628 0.502607 0.493054 0.485954 0.466161 -9999 -9999 -9999 -9999 -9999 -9999 -9999 -9999 -9999 -9999 -9999 -9999 -9999 -9999 0.392944 0.401609 0.415693 0.425968 0.434784 0.444989 -9999 -9999
-9999 -9999 -9999 -9999 0.494598 0.502199 0.510597 0.518746 0.527857 0.532275 0.537923 0.544188 0.549876 0.554674 0.558582 0.563139 0.565862 0.569843 0.567827 0.567978 0.568183 0.569878 0.56963 0.572326 0.572084 0.559478 0.55167 0.550284 0.551881 0.554984 0.567456 0.558982 0.557764 0.559406 -9999 -9999 -9999 -9999 -9999 -9999 0.525861 0.519095 0.512077 0.506332 0.503559 0.49132 0.469806 0.463693 0.454903 0.442847 0.431741 0.414013 0.411208 0.402154 0.395858 0.387968 -9999 -9999 -9999 -9999 0.375311 0.377439 0.381003 0.387764 0.403517 0.416806 0.429823 0.431971 -9999 -9999
-9999 -9999 -9999 -9999 0.485947 0.496047 0.506822 0.517861 0.526479 0.532037 0.53838 0.538081 0.544563 0.549836 0.554013 0.557683 0.561178 0.56205 0.562471 0.562885 0.566828 0.571062 0.566434 0.574982 0.582051 0.560868 0.553234 0.551946 0.554552 0.558388 0.564184 0.555469 0.555443 0.5492 -9999 -9999 -9999 0.536466 0.530142 0.527319 0.522982 0.515119 0.507284 0.506156 0.497911 0.478811 0.470388 0.463188 0.455576 0.443519 0.426992 0.414503 0.402992 0.392664 0.385135 0.369804 0.362818 0.357963 0.355288 0.354771 0.355676 0.357984 0.362012 0.368838 0.39167 0.404242 0.415417 0.433571 -9999 -9999
-9999 -9999 -9999 -9999 0.482491 0.493643 0.504735 0.508085 0.518888 0.527532 0.534136 0.54002 0.546825 0.554069 0.557244 0.560644 0.562964 0.564484 0.565282 0.568729 0.573062 0.576817 0.576943 0.574475 0.575625 0.558994 0.550969 0.554882 0.544259 0.547274 0.54446 0.548207 0.54886 0.552792 -9999 -9999 0.547369 0.537783 0.530387 0.525286 0.521495 0.517583 0.508825 0.502401 0.490925 0.473337 0.468195 0.456897 0.453515 0.439847 0.414535 0.402251 0.380338 0.375793 0.366403 0.358683 0.351494 0.346666 0.343792 0.342902 0.34451 0.347037 0.351421 0.358302 0.371597 0.382367 0.38846 0.41745 -9999 -9999
-9999 -9999 -9999 -9999 0.472253 0.483664 0.494516 0.506586 0.516655 0.528275 0.537241 0.5442 0.549917 0.55724 0.56285 0.564844 0.567057 0.568129 0.568219 0.571007 0.57362 0.577951 0.579144 0.579739 0.577798 0.556928 0.54968 0.545062 0.541134 0.536302 0.540259 0.545997 0.546681 0.549574 0.551987 -9999 0.548 0.543454 0.535423 0.527811 0.52144 0.518997 0.509568 0.502302 0.483774 0.475207 0.466916 0.445416 0.433126 0.42099 0.405539 0.39438 0.373077 0.361335 0.357523 0.348676 0.341415 0.336163 0.333 0.331975 0.333166 0.336382 0.341501 0.348403 0.359024 0.365536 0.381312 0.411589 -9999 -9999
-9999 -9999 -9999 0.457026 0.468007 0.479185 0.49197 0.504481 0.5163 0.527393 0.536073 0.54636 0.554326 0.560217 0.568316 0.571736 0.573366 0.572469 0.572064 0.570813 0.570824 0.57609 0.576556 0.568904 0.569039 0.556887 0.549657 0.539561 0.534872 0.533761 0.533839 0.540323 0.544968 0.547337 0.553287 0.551901 0.547655 0.544406 0.539045 0.530478 0.523006 0.517014 0.510939 0.496264 0.485991 0.46665 0.455633 0.443255 0.431196 0.417707 0.404075 0.388996 0.367884 0.355155 0.343834 0.340035 0.332236 0.326562 0.323149 0.322077 0.323396 0.327004 0.3325 0.339649 0.343881 0.357062 0.368047 0.392964 -9999 -9999
-9999 -9999 -9999 -9999 0.465335 0.479279 0.493856 0.507495 0.519612 0.530544 0.538522 0.548793 0.556579 0.564767 0.572006 0.578748 0.578437 0.578058 0.576225 0.574175 0.571492 0.570917 0.569092 0.566079 0.56531 0.548701 0.540286 0.534216 0.5302 0.532463 0.535698 0.544877 0.549814 0.549104 0.554792 0.551633 0.549253 0.542728 0.537746 0.534732 0.531069 0.52004 0.508661 0.492225 0.478898 0.468562 0.455224 0.442918 0.42777 0.41324 0.39865 0.389725 0.364162 0.352143 0.338318 0.328376 0.324339 0.318387 0.314808 0.313811 0.315293 0.319146 0.325018 0.329415 0.332295 0.342943 0.364802 0.388733 -9999 -9999
-9999 -9999 -9999 -9999 -9999 -9999 0.493768 0.507609 0.521021 0.532935 0.540096 0.550248 0.559131 0.566885 0.573963 0.580882 0.583874 0.583871 0.585607 0.579064 0.571897 0.566495 0.560674 0.560338 0.549547 0.538827 0.532733 0.5312 0.529626 0.529077 0.53353 0.540817 0.547104 0.552441 0.552883 0.547085 0.542955 0.536762 0.533844 0.534686 0.530657 0.517239 0.504878 0.492538 0.480827 0.469828 0.455363 0.44325 0.424956 0.409229 0.395264 0.381534 0.360459 0.346597 0.335223 0.323461 0.315631 0.31215 0.308574 0.307599 0.309218 0.313257 0.31505 0.321078 0.328289 0.336531 0.358982 0.386951 -9999 -9999
-9999 -9999 -9999 -9999 -9999 -9999 0.495304 0.509922 0.522644 0.531637 0.540641 0.551271 0.561264 0.568986 0.576018 0.582791 0.58767 0.590557 0.592063 0.586956 0.5774 0.568643 0.561601 0.559982 0.542871 0.535905 0.530665 0.530383 0.529563 0.527803 0.532107 0.540165 0.544122 0.551169 0.54868 0.546424 0.543352 0.537076 0.532371 0.528911 0.526489 0.51798 0.504645 0.493798 0.483656 0.469217 0.455354 0.443742 0.423611 0.406462 0.391666 0.37615 0.355735 0.34276 0.330756 0.320524 0.312592 0.307388 0.304878 0.303968 0.305622 0.307813 0.312429 0.318376 0.325537 0.333691 0.351326 0.384366 -9999 -9999
-9999 -9999 -9999 -9999 -9999 -9999 -9999 0.51223 0.522735 0.530345 0.540376 0.552303 0.561236 0.569513 0.577155 0.582611 0.588117 0.592798 0.599396 0.593808 0.584371 0.571818 0.561468 0.554491 0.541857 0.536792 0.537012 0.537264 0.53275 0.529791 0.532317 0.539123 0.543953 0.540624 0.537828 0.535203 0.534619 0.536384 0.532473 0.527559 0.525206 0.515989 0.503819 0.494196 0.482028 0.468173 0.45428 0.438493 0.422155 0.403655 0.389464 0.37315 0.352411 0.340226 0.328947 0.319319 0.311583 0.306486 0.303643 0.302923 0.304185 0.307022 0.311447 0.317209 0.32411 0.331996 0.341418 0.367056 0.382802 -9999
-9999 -9999 -9999 -9999 -9999 -9999 -9999 0.515135 0.527384 0.533674 0.542798 0.551376 0.559885 0.568246 0.576796 0.581391 0.589143 0.591226 0.597205 0.59709 0.589021 0.583761 0.567965 0.552803 0.539867 0.547053 0.545193 0.542764 0.536526 0.532609 0.531516 0.541884 0.543305 0.53632 0.532844 0.530868 0.529795 0.529515 0.530226 0.523143 0.518615 0.510321 0.501713 0.490313 0.479938 0.467009 0.449885 0.435795 0.420085 0.401712 0.38856 0.371385 0.351187 0.339976 0.329667 0.319589 0.312534 0.30761 0.304198 0.303846 0.30472 0.307968 0.311994 0.317343 0.32384 0.331194 0.339445 0.357359 0.372089 0.384194
-9999 -9999 -9999 -9999 -9999 -9999 -9999 -9999 0.532515 0.535515 0.541773 0.550818 0.557438 0.565353 0.570829 0.577917 0.585554 0.590364 0.595627 0.599932 0.598987 0.580475 0.562778 0.549829 0.535932 0.540753 0.538594 0.532631 0.524642 0.523453 0.522983 0.531652 0.532823 0.535742 0.535287 0.529777 0.525779 0.52405 0.521619 0.519579 0.513471 0.506369 0.497288 0.485807 0.473166 0.459046 0.446511 0.429278 0.415314 0.399107 0.384657 0.370785 0.351164 0.341435 0.330592 0.321515 0.314921 0.307704 0.306099 0.30568 0.306386 0.308121 0.313726 0.318529 0.324353 0.331122 0.338655 0.355248 0.365531 0.37826
-9999 -9999 -9999 -9999 -9999 -9999 -9999 -9999 0.535546 0.537839 0.543036 0.547803 0.555098 0.557247 0.564405 0.570999 0.577483 0.583623 0.586787 0.592214 0.596434 0.578555 0.55949 0.546261 0.538919 0.534566 0.524718 0.521272 0.515576 0.516522 0.516143 0.520353 0.522927 0.526747 0.527824 0.52748 0.521342 0.518449 0.514763 0.510942 0.505544 0.498252 0.4915 0.480531 0.47198 0.455042 0.440759 0.426373 0.411958 0.39756 0.383744 0.370645 0.351365 0.340986 0.332961 0.321017 0.312957 0.310114 0.308517 0.308058 0.308599 0.31 0.312204 0.315289 0.325332 0.331338 0.338129 0.354292 0.363377 0.372958
-9999 -9999 -9999 -9999 -9999 -9999 -9999 -9999 0.547179 0.544029 0.541921 0.546268 0.544138 0.550988 0.557078 0.563978 0.568376 0.573053 0.575586 0.578367 0.582517 0.582307 0.567411 0.546821 0.534277 0.51978 0.513738 0.511084 0.509214 0.506288 0.504018 0.509926 0.507006 0.513909 0.510127 0.514949 0.510534 0.510844 0.510967 0.501226 0.496711 0.490432 0.484485 0.479473 0.466636 0.45507 0.440128 0.428694 0.412742 0.397318 0.383522 0.37115 0.352482 0.337794 0.330348 0.319051 0.315181 0.31257 0.311051 0.310489 0.310788 0.311899 0.313668 0.316037 0.319555 0.323606 0.337477 0.353249 0.361464 0.370214
-9999 -9999 -9999 -9999 -9999 -9999 -9999 -9999 0.543878 0.539649 0.539907 0.535652 0.538448 0.544584 0.548663 0.553536 0.557869 0.562085 0.565376 0.567519 0.57094 0.571472 0.559477 0.54498 0.532258 0.514787 0.508965 0.504136 0.50073 0.488742 0.488095 0.492406 0.495691 0.492058 0.497216 0.503745 0.49788 0.497663 0.498011 0.491661 0.487296 0.486439 0.482409 0.47292 0.46133 0.451141 0.438882 0.428446 0.413958 0.396742 0.380606 0.369003 0.348231 0.339695 0.325537 0.32069 0.317128 0.314653 0.313167 0.312476 0.312513 0.313288 0.314622 0.31654 0.319159 0.322959 0.327199 0.342686 0.359224 0.367059
-9999 -9999 -9999 -9999 -9999 -9999 -9999 -9999 0.531085 0.539067 0.539285 0.530282 0.531728 0.535897 0.539508 0.543559 0.547962 0.550493 0.552418 0.554377 0.553839 0.554446 0.556253 0.539789 0.531399 0.513633 0.49685 0.488745 0.485041 0.483917 0.490217 0.48771 0.476116 0.481385 0.484225 0.487966 0.48472 0.484723 0.483558 0.480935 0.481164 0.481531 0.478933 0.465749 0.456015 0.444961 0.439061 0.417617 0.401397 0.388049 0.382266 0.373857 0.350044 0.332744 0.326635 0.321889 0.318334 0.316025 0.314438 0.313659 0.313486 0.31387 0.314809 0.316262 0.31831 0.321001 0.325113 0.340505 0.346653 0.349178
-9999 -9999 -9999 -9999 -9999 -9999 -9999 -9999 -9999 0.529491 0.517557 0.5153 0.516941 0.519782 0.523319 0.527299 0.530724 0.53273 0.533696 0.534575 0.535009 0.53667 0.536192 0.52827 0.519361 0.504312 0.496898 0.486004 0.480334 0.481047 0.492214 0.472443 0.467261 0.467926 0.469241 0.470521 0.472876 0.472864 0.472401 0.472665 0.478297 0.472229 0.468421 0.458858 0.450707 0.43719 0.428571 0.41246 0.399095 0.387377 0.381289 0.360062 0.336404 0.328257 0.323588 0.318463 0.31862 0.316296 0.314699 0.313782 0.313343 0.313398 0.313939 0.310233 0.31152 0.31341 0.316537 0.332557 0.338334 0.344762
-9999 -9999 -9999 -9999 -9999 -9999 -9999 -9999 -9999 0.517401 0.513064 0.50767 0.510022 0.511582 0.512696 0.516001 0.519617 0.52184 0.522807 0.522781 0.524554 0.525384 0.525464 0.52248 0.517216 0.502477 0.49431 0.481923 0.477141 0.475522 0.471661 0.473132 0.465705 0.459873 0.459575 0.460157 0.466574 0.464013 0.465547 0.467176 0.463891 0.460082 0.457437 0.446875 0.440973 0.429577 0.422975 0.410007 0.398521 0.385583 0.380011 0.360016 0.336173 0.32802 0.323296 0.31699 0.313187 0.310778 0.30914 0.308001 0.307295 0.306919 0.306965 0.30742 0.308348 0.309894 0.312247 0.316347 0.339155 0.34448
-9999 -9999 -9999 -9999 -9999 -9999 -9999 -9999 -9999 0.510599 0.508517 0.503266 0.500347 0.504357 0.504137 0.504883 0.508268 0.510779 0.512263 0.51169 0.514341 0.516792 0.517726 0.519192 0.514587 0.507255 0.48625 0.477296 0.473439 0.472343 0.463534 0.459842 0.454102 0.450945 0.4497 0.449665 0.450164 0.449414 0.449665 0.447387 0.446597 0.446817 0.442444 0.433374 0.431212 0.421815 0.410176 0.406897 0.393708 0.382948 0.37939 0.342794 0.332275 0.324781 0.318448 0.313956 0.310747 0.307973 0.306271 0.304973 0.304066 0.303525 0.303308 0.303541 0.304171 0.305728 0.308085 0.314868 0.334894 0.339051
-9999 -9999 -9999 -9999 -9999 -9999 -9999 -9999 -9999 0.503854 0.501318 0.496327 0.494638 0.497165 0.495723 0.494022 0.495811 0.498233 0.498463 0.499303 0.501612 0.503789 0.505981 0.505339 0.507785 0.499141 0.479944 0.472194 0.467356 0.456944 0.456257 0.451109 0.446415 0.443919 0.4396 0.438425 0.437961 0.440449 0.439952 0.435523 0.432085 0.428461 0.426358 0.419632 0.414665 0.40768 0.400297 0.398933 0.388596 0.380423 0.358603 0.334348 0.326348 0.31988 0.314307 0.310451 0.307008 0.303955 0.30208 0.300653 0.299606 0.298861 0.298499 0.298632 0.299099 0.30085 0.303878 0.309029 0.332504 0.332337
-9999 -9999 -9999 -9999 -9999 -9999 -9999 -9999 -9999 0.499856 0.495672 0.490924 0.490576 0.492637 0.486892 0.483642 0.484593 0.48581 0.486525 0.490483 0.488669 0.487669 0.489868 0.493906 0.498481 0.49512 0.479196 0.46713 0.462592 0.453643 0.45308 0.449269 0.442524 0.4365 0.430369 0.42751 0.426872 0.431536 0.436113 0.429155 0.421266 0.416372 0.411843 0.409328 0.403706 0.397525 0.392681 0.393645 0.385378 0.376851 0.336861 0.329182 0.321235 0.31437 0.311046 0.307098 0.302187 0.298649 0.296671 0.295109 0.293875 0.293022 0.292515 0.292684 0.29321 0.294405 0.300059 0.304295 0.325889 0.32419
-9999 -9999 -9999 -9999 -9999 -9999 -9999 -9999 -9999 0.497159 0.49397 0.488506 0.487431 0.484213 0.47816 0.475494 0.474295 0.474425 0.474753 0.476121 0.476189 0.477182 0.479982 0.484298 0.489194 0.491531 0.486844 0.463675 0.443544 0.449092 0.449035 0.443 0.435549 0.425799 0.41936 0.416618 0.414689 0.413533 0.415985 0.419098 0.415086 0.407237 0.404876 0.402423 0.394515 0.388285 0.384104 0.378984 0.377299 0.355543 0.331825 0.32488 0.316745 0.307774 0.303058 0.299641 0.294825 0.292221 0.290109 0.288369 0.287054 0.286079 0.285446 0.285409 0.286106 0.289534 0.292857 0.297591 0.29921 0.313032
-9999 -9999 -9999 -9999 -9999 -9999 -9999 -9999 -9999 0.496346 0.491091 0.485094 0.479408 0.473903 0.469073 0.469089 0.466341 0.466214 0.46425 0.463942 0.464945 0.465828 0.468326 0.474836 0.479859 0.485397 0.481263 0.462284 0.441302 0.44177 0.445512 0.435654 0.425233 0.415655 0.409348 0.409788 0.404131 0.401593 0.400588 0.401129 0.403451 0.399141 0.399045 0.394126 0.386224 0.379501 0.373592 0.368512 0.3697 0.347197 0.324647 0.31864 0.310818 0.302805 0.295368 0.29116 0.287386 0.284695 0.282475 0.280634 0.279219 0.278224 0.277644 0.277554 0.28006 0.283322 0.285575 0.288781 0.289783 0.302762
