Test_Spring_2018b/03_18/Prec/20180327_006.txt
ncols	170
nrows	115
xllcorner	350000.000000
yllcorner	4445000.000000
cellsize	1000.000000
nodata_value	-9999.000000
[rows 34 to 67 of 115, columns 75 to 149 of 170]
0.212286 0.210159 0.20048 0.198316 0.198076 0.195817 0.19374 0.191077 0.188803 0.186295 0.183198 0.179493 0.175438 0.169088 0.17248 0.17527 0.17531 0.175419 0.174537 0.172302 0.175191 0.175959 0.166991 0.157291 0.155628 0.155278 -9999 -9999 -9999 -9999 -9999 -9999 -9999 -9999 -9999 -9999 -9999 -9999 -9999 -9999 -9999 -9999 -9999 -9999 -9999 -9999 -9999 -9999 -9999 -9999 -9999 -9999 -9999 -9999 -9999 -9999 -9999 -9999 -9999 -9999 -9999 -9999 -9999 -9999 -9999 -9999 -9999 -9999 -9999 -9999 -9999 -9999 -9999 -9999 -9999
0.207692 0.206609 0.197497 0.195569 0.193793 0.192141 0.189948 0.187127 0.182786 0.180958 0.17966 0.17691 0.172416 0.168195 0.167089 0.171562 0.173142 0.173404 0.175038 0.173496 0.175461 0.175933 0.172434 0.161641 0.157724 0.157091 0.154945 -9999 -9999 -9999 -9999 -9999 -9999 -9999 -9999 -9999 -9999 -9999 -9999 -9999 -9999 -9999 -9999 -9999 -9999 -9999 -9999 -9999 -9999 -9999 -9999 -9999 -9999 -9999 -9999 -9999 -9999 -9999 -9999 -9999 -9999 -9999 -9999 -9999 -9999 -9999 -9999 -9999 -9999 -9999 -9999 -9999 -9999 -9999 -9999
0.202261 0.193297 0.193074 0.191725 0.189998 0.188342 0.185966 0.182066 0.179325 0.177665 0.17519 0.172129 0.1702 0.167508 0.165032 0.166341 0.170642 0.169799 0.173398 0.174275 0.175939 0.175411 0.165176 0.159322 0.156484 0.156234 0.154838 -9999 -9999 -9999 -9999 -9999 -9999 -9999 -9999 -9999 -9999 -9999 -9999 -9999 -9999 -9999 -9999 -9999 -9999 -9999 -9999 -9999 -9999 -9999 -9999 -9999 -9999 -9999 -9999 -9999 -9999 -9999 -9999 -9999 -9999 -9999 -9999 -9999 -9999 -9999 -9999 -9999 -9999 -9999 -9999 -9999 -9999 -9999 -9999
0.198769 0.189569 0.189342 0.187895 0.185647 0.184236 0.181677 0.178649 0.17606 0.173569 0.171222 0.168649 0.166325 0.163889 0.163915 0.166873 0.167792 0.168434 0.170151 0.172831 0.174053 0.170142 0.16191 0.160976 0.153454 0.152611 0.153997 0.153463 -9999 -9999 -9999 -9999 -9999 -9999 -9999 -9999 -9999 -9999 -9999 -9999 0.150118 -9999 -9999 -9999 -9999 -9999 -9999 -9999 -9999 -9999 -9999 -9999 -9999 -9999 -9999 -9999 -9999 -9999 -9999 -9999 -9999 0 -9999 -9999 -9999 -9999 -9999 -9999 -9999 -9999 -9999 -9999 -9999 -9999 -9999
0.189748 0.188143 0.18672 0.184594 0.181667 0.180142 0.177292 0.17417 0.171294 0.168121 0.166306 0.164366 0.161923 0.161501 0.162715 0.163934 0.165561 0.167321 0.168845 0.170223 0.171534 0.164192 0.163959 0.164373 0.15906 0.157077 0.156306 0.154198 0.152605 -9999 -9999 -9999 -9999 -9999 -9999 -9999 0.156921 0.155169 0.153306 0.151852 0.15146 0.147628 -9999 -9999 -9999 -9999 -9999 -9999 -9999 -9999 -9999 -9999 -9999 -9999 -9999 -9999 -9999 -9999 -9999 -9999 -9999 0 0 -9999 -9999 -9999 -9999 -9999 -9999 -9999 -9999 -9999 -9999 -9999 -9999
0.187869 0.185606 0.183839 0.181254 0.178413 0.175545 0.172804 0.169738 0.166504 0.163399 0.161731 0.159371 0.158192 0.157804 0.159511 0.160881 0.162046 0.163441 0.165142 0.166145 0.168392 0.163205 0.164152 0.164127 0.163905 0.158949 0.15616 0.153237 0.150933 -9999 -9999 -9999 -9999 -9999 -9999 0.160012 0.160305 0.159564 0.155317 0.154769 0.153798 0.150651 0.138478 -9999 -9999 -9999 -9999 -9999 -9999 -9999 -9999 -9999 -9999 -9999 -9999 -9999 -9999 0.101466 0 0 0 0 0 -9999 -9999 -9999 -9999 -9999 -9999 -9999 -9999 -9999 -9999 -9999 -9999
0.185709 0.183649 0.181169 0.177497 0.17356 0.171563 0.168182 0.164782 0.161692 0.159063 0.156108 0.154451 0.152314 0.15413 0.154962 0.156042 0.156429 0.158105 0.158015 0.159627 0.155594 0.160687 0.161735 0.160833 0.158895 0.154894 0.154381 0.154516 0.152898 -9999 -9999 -9999 -9999 -9999 -9999 0.162298 0.162599 0.162196 0.160123 0.155345 0.155412 0.145324 0.139886 0.135694 0.133287 0.130311 0.127267 0.121213 0.118662 0.115236 0.113695 -9999 -9999 -9999 -9999 0.105565 0.104012 0.102246 0 0 0 0 0 -9999 -9999 -9999 -9999 -9999 -9999 -9999 -9999 -9999 -9999 -9999 -9999
0.184459 0.181331 0.177367 0.174148 0.169529 0.167221 0.162314 0.158636 0.155434 0.152775 0.150436 0.148337 0.148047 0.148307 0.14886 0.147537 0.146244 0.150443 0.152635 0.14686 0.152358 0.157614 0.158884 0.157662 0.155585 0.155717 0.156202 0.156008 0.155396 -9999 -9999 -9999 0.161751 0.164179 0.163765 0.163418 0.164264 0.164096 0.162368 0.160403 0.15604 0.146172 0.140383 0.134412 0.13091 0.13012 0.127127 0.121204 0.118558 0.115142 0.112991 0.111946 0.110766 0.109429 0.107897 0.10651 0.105122 0.10335 0.10033 0 0 0 0 -9999 -9999 -9999 -9999 -9999 -9999 -9999 -9999 -9999 -9999 -9999 -9999
0.179528 0.176438 0.173565 0.169185 0.165459 0.160054 0.15796 0.154061 0.149604 0.147466 0.145199 0.143728 0.142988 0.142997 0.141732 0.140238 0.139342 0.140814 0.140811 0.141722 0.145479 0.15104 0.15556 0.157611 0.156351 0.158657 0.159674 0.156065 0.154242 -9999 -9999 0.158506 0.163895 0.167288 0.168443 0.167811 0.166151 0.166264 0.163795 0.16324 0.158399 0.146409 0.142419 0.134947 0.131259 0.127162 0.123593 0.122281 0.117588 0.115237 0.113033 0.111771 0.110407 0.109193 0.108051 0.10654 0.105429 0.103922 0.101382 0 0 0 0 -9999 -9999 -9999 -9999 -9999 -9999 -9999 -9999 -9999 -9999 -9999 -9999
0.176779 0.17385 0.169566 0.165844 0.162213 0.155562 0.152135 0.149632 0.145098 0.141428 0.139935 0.138447 0.137905 0.138288 0.137399 0.136957 0.135763 0.13668 0.13526 0.138145 0.141085 0.146033 0.149545 0.152822 0.156848 0.160828 0.160855 0.161254 0.157444 0.157054 -9999 0.160959 0.163732 0.167838 0.170708 0.171679 0.169006 0.169232 0.166817 0.164413 0.159653 0.148794 0.141733 0.136966 0.132105 0.129457 0.12451 0.12206 0.119135 0.114572 0.112577 0.111052 0.109809 0.108803 0.107933 0.106997 0.105893 0.104427 0.102388 0 0 0 0 -9999 -9999 -9999 -9999 -9999 -9999 -9999 -9999 -9999 -9999 -9999 -9999
0.176327 0.172528 0.168234 0.163671 0.158865 0.152788 0.148871 0.144425 0.14135 0.136151 0.133744 0.132538 0.133108 0.133715 0.135206 0.136298 0.134531 0.133605 0.136575 0.137696 0.139736 0.144746 0.151724 0.155698 0.157794 0.159461 0.15958 0.162715 0.162597 0.158157 0.160446 0.164088 0.166503 0.169315 0.17295 0.174621 0.173966 0.171871 0.169456 0.166256 0.159127 0.149124 0.143548 0.137575 0.132498 0.127762 0.124382 0.121605 0.117913 0.115513 0.111765 0.110313 0.109233 0.108441 0.107801 0.107107 0.106171 0.104934 0.103221 0 0 0 0 -9999 -9999 -9999 -9999 -9999 -9999 -9999 -9999 -9999 -9999 -9999 -9999
0.173603 0.168964 0.164211 0.159669 0.155144 0.149755 0.144796 0.140805 0.136815 0.132559 0.128128 0.128049 0.128232 0.129612 0.131491 0.134126 0.132269 0.134074 0.136816 0.138415 0.143459 0.14922 0.153882 0.157656 0.158007 0.158145 0.15696 0.156359 0.159299 0.160711 0.162873 0.165844 0.170627 0.173498 0.173938 0.173327 0.175593 0.173805 0.169372 0.166283 0.160135 0.150734 0.144141 0.139084 0.133721 0.1287 0.120795 0.120129 0.116357 0.115096 0.112216 0.109679 0.108726 0.108119 0.10763 0.107124 0.106388 0.105308 0.102348 0 0 0 0 -9999 -9999 -9999 -9999 -9999 -9999 -9999 -9999 -9999 -9999 -9999 -9999
-9999 0.166995 0.162285 0.157131 0.152185 0.147542 0.142848 0.138368 0.134118 0.129945 0.126011 0.12392 0.123819 0.122948 0.126752 0.130524 0.134073 0.138102 0.139064 0.141483 0.14828 0.152633 0.154632 0.157096 0.159402 0.159137 0.159398 0.158427 0.158185 0.160869 0.167048 0.171859 0.176757 0.178607 0.176837 0.176453 0.175646 0.174859 0.172145 0.167417 0.160941 0.151562 0.144066 0.140152 0.134794 0.128727 0.123122 0.119319 0.116266 0.11323 0.112134 0.110498 0.108331 0.107821 0.107487 0.107118 0.106523 0.104047 0.101855 0 0 0 0 -9999 -9999 -9999 -9999 -9999 -9999 -9999 -9999 -9999 -9999 -9999 -9999
-9999 0.164397 0.159308 0.154691 0.151659 0.146111 0.141329 0.136377 0.132325 0.128324 0.124234 0.12123 0.119351 0.118155 0.121061 0.126744 0.13211 0.136667 0.138216 0.144474 0.148896 0.152699 0.153982 0.156108 0.159337 0.159424 0.159467 0.160263 0.159365 0.164196 0.168579 0.172842 0.178163 0.181238 0.181601 0.178815 0.177613 0.177095 0.173069 0.166918 0.162011 0.151816 0.143493 0.140197 0.135247 0.129279 0.124401 0.119974 0.116193 0.113415 0.111337 0.109769 0.108498 0.107542 0.107288 0.107026 0.105904 0.104405 0.10224 0 0 0 0 -9999 -9999 -9999 -9999 -9999 -9999 -9999 -9999 -9999 -9999 -9999 -9999
-9999 -9999 0.156542 0.153321 0.151232 0.1452 0.139826 0.135722 0.131536 0.127341 0.124176 0.120803 0.11784 0.113617 0.116691 0.122131 0.129593 0.135943 0.140538 0.143977 0.147136 0.147577 0.148537 0.152958 0.157029 0.158357 0.159329 0.159834 0.165457 0.170709 0.175523 0.178445 0.178963 0.181603 0.182884 0.180232 0.179324 0.177918 0.172932 0.167766 0.162261 0.151891 0.145884 0.140118 0.135848 0.129416 0.124963 0.120726 0.116501 0.113349 0.110989 0.109394 0.108147 0.10742 0.107123 0.106697 0.105874 0.104396 0.102209 0 0 0 0 0 -9999 -9999 -9999 -9999 -9999 -9999 -9999 -9999 -9999 -9999 -9999
-9999 -9999 0.153555 0.14926 0.148021 0.142583 0.1394 0.135745 0.131712 0.127158 0.124298 0.119684 0.11842 0.114446 0.114327 0.118808 0.121691 0.13115 0.140514 0.143916 0.139555 0.141181 0.143727 0.149191 0.153876 0.157452 0.156343 0.159007 0.166934 0.172674 0.177147 0.180387 0.181456 0.181487 0.183967 0.182676 0.181163 0.177571 0.173649 0.167415 0.161395 0.153065 0.146161 0.140175 0.136019 0.129179 0.125492 0.121136 0.116583 0.113089 0.111218 0.109381 0.108143 0.107165 0.106887 0.106576 0.105407 0.103965 0.101784 0 0 0 0 0 0 0 -9999 -9999 -9999 -9999 -9999 -9999 -9999 -9999 -9999
-9999 -9999 -9999 0.144912 0.145651 0.141886 0.138538 0.136189 0.132611 0.128191 0.124981 0.120906 0.118056 0.114535 0.111317 0.111994 0.122772 0.133237 0.141108 0.144794 0.14177 0.143497 0.148115 0.154584 0.15757 0.160721 0.160608 0.163379 0.165254 0.169085 0.174285 0.177867 0.181172 0.18296 0.182294 0.181741 0.1799 0.176714 0.173036 0.168438 0.163465 0.15272 0.148165 0.141599 0.136631 0.131089 0.125925 0.121616 0.116626 0.11386 0.111713 0.109833 0.107609 0.107044 0.106685 0.106288 0.105639 0.103126 0.100944 0 0 0 0 0 0 0 0 -9999 -9999 -9999 -9999 -9999 -9999 -9999 -9999
-9999 -9999 -9999 0.141784 0.142875 0.139581 0.138882 0.133992 0.132932 0.130303 0.127483 0.124196 0.120621 0.118425 0.114555 0.111248 0.122057 0.133871 0.141798 0.146514 0.14363 0.14993 0.152939 0.15792 0.159495 0.162447 0.164896 0.166647 0.167778 0.168062 0.168155 0.175293 0.17899 0.181316 0.181612 0.180638 0.178611 0.176592 0.171373 0.164782 0.162083 0.152994 0.147436 0.141881 0.136569 0.131395 0.126504 0.122527 0.118544 0.114599 0.111472 0.108685 0.107676 0.107 0.106471 0.105904 0.105134 0.103984 0.101031 0 0 0 0 0 0 0 0 0 0 0 -9999 -9999 -9999 -9999 -9999
-9999 -9999 -9999 0.133358 0.137608 0.134801 0.134929 0.136266 0.1343 0.132338 0.129388 0.127437 0.124829 0.123095 0.120892 0.117675 0.117057 0.126431 0.138585 0.147411 0.15035 0.154279 0.156709 0.159242 0.162985 0.16686 0.168055 0.168433 0.168197 0.168447 0.169431 0.175025 0.176379 0.176125 0.179885 0.178429 0.176016 0.171523 0.16777 0.164432 0.157392 0.149487 0.143058 0.139362 0.135599 0.13133 0.126889 0.123166 0.117622 0.114548 0.110618 0.109018 0.107833 0.106958 0.10624 0.105495 0.104527 0.103246 0.101556 0 0 0 0 0 0 0 0 0 0 0 0 -9999 -9999 -9999 -9999
-9999 -9999 -9999 0.129346 0.131012 0.133748 0.1361 0.13684 0.135221 0.134441 0.132728 0.130865 0.128611 0.126509 0.124787 0.122098 0.121103 0.12777 0.137333 0.145037 0.149184 0.154505 0.158148 0.161455 0.163836 0.167016 0.169406 0.170838 0.168853 0.169512 0.168814 0.174707 0.175919 0.175229 0.176827 0.175374 0.169978 0.164812 0.161462 0.16134 0.156003 0.146891 0.13982 0.136278 0.134629 0.127451 0.123495 0.121552 0.118311 0.11318 0.111054 0.109342 0.108012 0.106933 0.106011 0.105072 0.103916 0.102491 0.100678 0 0 0 0 0 0 0 0 0 0 0 0 0 -9999 -9999 -9999
-9999 -9999 -9999 0.127506 0.129036 0.131548 0.136254 0.137612 0.137039 0.136457 0.135207 0.133319 0.132143 0.130957 0.129456 0.129276 0.128342 0.126746 0.136389 0.142688 0.146751 0.149221 0.154768 0.158348 0.161029 0.163481 0.167718 0.168513 0.168566 0.169909 0.170211 0.173914 0.17452 0.174447 0.173697 0.169592 0.163798 0.158307 0.157905 0.154325 0.153788 0.141812 0.13863 0.136287 0.132543 0.125858 0.120917 0.121356 0.115607 0.113305 0.11132 0.109657 0.108144 0.106926 0.105766 0.104602 0.103296 0.101721 0 0 0 0 0 0 0 0 0 0 0 0 0 0 0 -9999 -9999
-9999 -9999 -9999 -9999 0.124086 0.130819 0.134787 0.136243 0.13672 0.136424 0.135427 0.134279 0.133494 0.132874 0.131925 0.130978 0.129166 0.128678 0.132872 0.138954 0.141008 0.145494 0.152652 0.157232 0.158505 0.155627 0.159497 0.165331 0.16768 0.169426 0.170694 0.171896 0.172056 0.171281 0.168715 0.161492 0.158099 0.153565 0.151289 0.147138 0.148602 0.138729 0.137424 0.134505 0.130886 0.124385 0.122098 0.117648 0.11573 0.112826 0.111245 0.109865 0.108264 0.106851 0.105492 0.104155 0.102691 0.100998 0 0 0 0 0 0 0 0 0 0 0 0 0 0 0 0 -9999
-9999 -9999 -9999 -9999 0.125066 0.129896 0.135334 0.135974 0.136897 0.137809 0.137048 0.135704 0.134797 0.134269 0.134026 0.132476 0.131395 0.130794 0.132199 0.135245 0.137959 0.142939 0.150935 0.154805 0.157209 0.151643 0.1526 0.159138 0.164717 0.166733 0.167763 0.164567 0.165885 0.163629 0.160096 0.158261 0.155482 0.150818 0.149892 0.145264 0.143269 0.136455 0.13433 0.131346 0.129495 0.123638 0.121163 0.116442 0.114935 0.112309 0.111538 0.110051 0.10839 0.106786 0.105253 0.103689 0.102041 0.100168 0 0 0 0 0 0 0 0 0 0 0 0 0 0 0 0 -9999
-9999 -9999 -9999 -9999 0.125793 0.128805 0.133721 0.137151 0.136246 0.137689 0.13828 0.136971 0.135874 0.135102 0.135329 0.133436 0.131589 0.130688 0.129592 0.132386 0.137119 0.143311 0.14918 0.152339 0.154173 0.150377 0.153936 0.158855 0.162176 0.164124 0.164927 0.164802 0.164646 0.162954 0.161762 0.158594 0.15375 0.15068 0.149551 0.143481 0.141183 0.139811 0.13143 0.130437 0.128184 0.121955 0.11732 0.116769 0.115207 0.113754 0.111954 0.11006 0.10848 0.106706 0.105017 0.103307 0.101492 0 0 0 0 0 0 0 0 0 0 0 0 0 0 0 0 0 -9999
-9999 -9999 -9999 -9999 0.126311 0.129141 0.133461 0.135741 0.135376 0.137267 0.139126 0.138656 0.137576 0.137609 0.137097 0.135579 0.134096 0.132637 0.133 0.131672 0.137284 0.142289 0.147398 0.151023 0.147313 0.148432 0.15241 0.15617 0.158528 0.161774 0.162746 0.162765 0.160332 0.158927 0.159039 0.157653 0.155486 0.151549 0.149637 0.145996 0.143041 0.139934 0.131309 0.129419 0.126384 0.118797 0.119319 0.117646 0.115735 0.113971 0.111822 0.110012 0.108468 0.106612 0.104786 0.102934 0.101024 0 0 0 0 0 0 0 0 0 0 0 0 0 0 0 0 0 0
-9999 -9999 -9999 -9999 0.125009 0.128381 0.132113 0.133171 0.132723 0.136914 0.139482 0.139376 0.138968 0.138734 0.136433 0.13756 0.138182 0.13691 0.13462 0.132147 0.134652 0.137731 0.145341 0.148685 0.143217 0.143949 0.146726 0.151276 0.155289 0.159154 0.160708 0.16047 0.156467 0.151869 0.153537 0.155023 0.153946 0.151928 0.148025 0.145416 0.142658 0.138721 0.127871 0.127001 0.124816 0.120906 0.1188 0.117397 0.115919 0.112887 0.110796 0.109804 0.108426 0.106471 0.104547 0.102626 0.100609 0 0 0 0 0 0 0 0 0 0 0 0 0 0 0 0 0 0
-9999 -9999 -9999 -9999 0.122783 0.125095 0.128816 0.129896 0.132269 0.136334 0.13831 0.139347 0.139526 0.139537 0.138886 0.139012 0.138601 0.137151 0.13487 0.132347 0.131502 0.135045 0.142132 0.143251 0.139869 0.140038 0.143837 0.148442 0.154314 0.157975 0.159104 0.159359 0.158683 0.15529 0.150912 0.150223 0.151224 0.148286 0.144819 0.144122 0.141955 0.138185 0.134728 0.127313 0.119655 0.119556 0.117296 0.116204 0.11611 0.113951 0.111505 0.11037 0.108308 0.106294 0.104334 0.102325 0.100259 0 0 0 0 0 0 0 0 0 0 0 0 0 0 0 0 0 0
-9999 -9999 -9999 -9999 0.119303 0.122401 0.125991 0.129435 0.13281 0.135813 0.135917 0.137724 0.137978 0.139377 0.139815 0.139508 0.139335 0.138255 0.134826 0.13238 0.129708 0.132966 0.138203 0.138626 0.13829 0.135964 0.141818 0.147922 0.153373 0.156645 0.155575 0.157869 0.157892 0.156548 0.153786 0.149428 0.148544 0.144568 0.142982 0.142704 0.141272 0.138977 0.1359 0.126404 0.119997 0.119249 0.116584 0.115392 0.114743 0.114199 0.112158 0.11029 0.108165 0.1061 0.104093 0.102054 0 0 0 0 0 0 0 0 0 0 0 0 0 0 0 0 0 0 0
-9999 -9999 -9999 -9999 -9999 0.12097 0.12483 0.127628 0.128114 0.130823 0.132339 0.13368 0.134257 0.138314 0.139243 0.139416 0.139372 0.13867 0.136463 0.13559 0.13311 0.131989 0.131711 0.133876 0.136909 0.138322 0.141816 0.147721 0.1536 0.155077 0.152821 0.153703 0.154489 0.155765 0.154661 0.148971 0.145474 0.142149 0.142195 0.142095 0.1406 0.138634 0.13616 0.1227 0.121696 0.120786 0.119424 0.116984 0.115687 0.114181 0.112087 0.110049 0.107928 0.105876 0.10383 0.10172 0 0 0 0 0 0 0 0 0 0 0 0 0 0 0 0 0 0 0
-9999 -9999 -9999 -9999 -9999 0.118247 0.122902 0.123524 0.12308 0.121131 0.121881 0.128449 0.130084 0.134035 0.138029 0.138798 0.138829 0.138318 0.137709 0.13604 0.133074 0.131245 0.127651 0.132205 0.140131 0.142799 0.145782 0.149995 0.151761 0.149728 0.147619 0.149675 0.15081 0.154356 0.154615 0.153204 0.149205 0.144505 0.141205 0.141609 0.139969 0.138006 0.135813 0.127626 0.120906 0.12144 0.119804 0.117895 0.115719 0.114065 0.111916 0.109748 0.107682 0.105604 0.103532 0.101362 0 0 0 0 0 0 0 0 0 0 0 0 0 0 0 0 0 0 0
-9999 -9999 -9999 -9999 -9999 -9999 -9999 -9999 -9999 -9999 0.12001 0.121544 0.12667 0.131187 0.136517 0.137582 0.137864 0.138201 0.13663 0.134914 0.136398 0.133345 0.128554 0.132859 0.140135 0.144205 0.146726 0.14919 0.149285 0.14779 0.145035 0.147371 0.151203 0.154949 0.154499 0.153884 0.151286 0.147717 0.141108 0.141471 0.139557 0.137665 0.135313 0.12815 0.120924 0.121422 0.118476 0.117033 0.115987 0.113769 0.111582 0.109453 0.107373 0.105275 0.103186 0.101022 0 0 0 0 0 0 0 0 0 0 0 0 0 0 0 0 0 0 0
-9999 -9999 -9999 -9999 -9999 -9999 -9999 -9999 -9999 -9999 0.113687 0.11346 0.124026 0.128967 0.133874 0.135688 0.13602 0.136231 0.136363 0.136416 0.135712 0.129224 0.128148 0.134853 0.139742 0.143074 0.144872 0.144675 0.146003 0.144438 0.143535 0.147907 0.151692 0.154963 0.155139 0.154088 0.152665 0.146877 0.141658 0.140307 0.138656 0.137437 0.128914 0.127474 0.125415 0.121349 0.119638 0.117688 0.115562 0.113429 0.111158 0.109037 0.106978 0.104875 0.102801 0.100695 0 0 0 0 0 0 0 0 0 0 0 0 0 0 0 0 0 0 0
-9999 -9999 -9999 -9999 -9999 -9999 -9999 -9999 -9999 -9999 -9999 0.108729 0.11837 0.125264 0.130924 0.133497 0.134486 0.135303 0.135774 0.135913 0.136883 0.13117 0.128941 0.13175 0.1345 0.140233 0.142582 0.141369 0.141493 0.143242 0.145349 0.148793 0.152926 0.155814 0.156165 0.152158 0.15335 0.15101 0.146375 0.142228 0.138459 0.137132 0.130433 0.126822 0.124633 0.119661 0.118026 0.11705 0.114199 0.112932 0.110644 0.108534 0.106503 0.10453 0.102521 0.10045 0 0 0 0 0 0 0 0 0 0 0 0 0 0 0 0 0 0 0
-9999 -9999 -9999 -9999 -9999 -9999 -9999 -9999 -9999 -9999 -9999 0.107503 0.112969 0.121664 0.126974 0.130964 0.132539 0.133805 0.135373 0.13641 0.13361 0.131676 -9999 -9999 -9999 -9999 -9999 -9999 0.139482 0.146808 0.151742 0.153558 0.155753 0.157864 0.157805 0.154296 0.150276 0.151784 0.148974 0.145566 0.141057 0.138861 0.129063 0.126579 0.124961 0.122891 0.117212 0.114882 0.114224 0.112317 0.110002 0.107925 0.105953 0.104098 0.102276 0.100274 0 0 0 0 0 0 0 0 0 0 0 0 0 0 0 0 0 0 0
