Test_Spring_2018b/03_18/Prec/20180326_003.txt
ncols	170
nrows	115
xllcorner	350000.000000
yllcorner	4445000.000000
cellsize	1000.000000
nodata_value	-9999.000000
[rows 31 to 61 of 115, columns 70 to 139 of 170]
0.693593 0.708951 0.71393 0.701521 0.701065 0.715912 0.710184 0.706887 0.702298 0.696224 0.679874 0.672002 0.658444 0.637418 0.626908 0.592657 0.488497 0.515126 0.524508 0.493362 0.508261 0.533479 0.508459 0.437306 0.405234 0.354565 0.35667 0.325414 0.282929 -9999 -9999 -9999 -9999 -9999 -9999 -9999 -9999 -9999 -9999 -9999 -9999 -9999 -9999 -9999 -9999 -9999 -9999 -9999 -9999 -9999 -9999 -9999 -9999 -9999 -9999 -9999 -9999 -9999 -9999 -9999 -9999 -9999 -9999 -9999 -9999 -9999 -9999 -9999 -9999 -9999
0.707442 0.71372 0.711768 0.699501 0.714383 0.727674 0.696209 0.685715 0.71043 0.707193 0.695338 0.671925 0.66138 0.650698 0.643165 0.614645 0.539576 0.471857 0.504876 0.503732 0.477512 0.519012 0.493869 0.431533 0.34424 0.387303 0.372066 0.28445 0.26072 -9999 -9999 -9999 -9999 -9999 -9999 -9999 -9999 -9999 -9999 -9999 -9999 -9999 -9999 -9999 -9999 -9999 -9999 -9999 -9999 -9999 -9999 -9999 -9999 -9999 -9999 -9999 -9999 -9999 -9999 -9999 -9999 -9999 -9999 -9999 -9999 -9999 -9999 -9999 -9999 -9999
0.698349 0.715259 0.708007 0.701585 0.72434 0.721674 0.706468 0.701933 0.717713 0.717845 0.711554 0.699884 0.689495 0.678732 0.655622 0.623572 0.559061 0.482246 0.463099 0.497325 0.496748 0.500161 0.476589 0.447442 0.40321 0.433615 0.443174 0.388739 0.314261 0.275082 -9999 -9999 -9999 -9999 -9999 -9999 -9999 -9999 -9999 -9999 -9999 -9999 -9999 -9999 -9999 -9999 -9999 -9999 -9999 -9999 -9999 -9999 -9999 -9999 -9999 -9999 -9999 -9999 -9999 -9999 -9999 -9999 -9999 -9999 -9999 -9999 -9999 -9999 -9999 -9999
0.68259 0.712264 0.701736 0.675624 0.688295 0.697174 0.700915 0.699129 0.699358 0.726089 0.721882 0.717999 0.703003 0.690625 0.671697 0.640977 0.598165 0.547015 0.459545 0.509495 0.547891 0.543955 0.538608 0.516858 0.473784 0.50316 0.500848 0.428423 0.352597 0.314702 0.296735 -9999 -9999 -9999 -9999 -9999 -9999 -9999 -9999 -9999 -9999 -9999 -9999 -9999 -9999 -9999 -9999 -9999 -9999 -9999 -9999 -9999 -9999 -9999 -9999 -9999 -9999 -9999 -9999 -9999 -9999 -9999 -9999 -9999 -9999 -9999 -9999 -9999 -9999 -9999
-9999 0.70387 0.693251 0.661454 0.67391 0.691396 0.712861 0.717655 0.718315 0.724558 0.73119 0.727953 0.713035 0.673022 0.665671 0.662062 0.633433 0.575457 0.517323 0.500151 0.559786 0.574402 0.567156 0.577322 0.539791 0.551446 0.540687 0.510481 0.439482 0.371925 0.347033 0.302094 -9999 -9999 -9999 -9999 -9999 -9999 -9999 -9999 -9999 -9999 -9999 -9999 -9999 -9999 -9999 -9999 -9999 -9999 -9999 -9999 -9999 -9999 -9999 -9999 -9999 -9999 -9999 -9999 -9999 -9999 -9999 -9999 -9999 -9999 -9999 -9999 -9999 -9999
-9999 -9999 -9999 -9999 0.650759 0.670522 0.695833 0.7083 0.722145 0.731679 0.741189 0.738431 0.711027 0.696883 0.69423 0.675161 0.642615 0.621172 0.58356 0.544079 0.554633 0.604309 0.576426 0.609907 0.602115 0.604363 0.574305 0.513859 0.433308 0.378751 0.355927 0.318766 -9999 -9999 -9999 -9999 -9999 -9999 -9999 -9999 -9999 -9999 -9999 -9999 -9999 -9999 -9999 -9999 -9999 -9999 -9999 -9999 -9999 -9999 -9999 -9999 -9999 -9999 -9999 -9999 -9999 -9999 -9999 -9999 -9999 -9999 -9999 -9999 -9999 -9999
-9999 -9999 -9999 -9999 -9999 0.674804 0.694635 0.728496 0.726098 0.731596 0.748491 0.747073 0.736097 0.727623 0.715783 0.700475 0.675772 0.648244 0.612661 0.606422 0.636876 0.633064 0.621263 0.621891 0.634251 0.62431 0.571186 0.499199 0.457942 0.357054 0.321571 0.320869 0.295393 -9999 -9999 -9999 -9999 -9999 -9999 -9999 -9999 -9999 -9999 -9999 -9999 0.335002 -9999 -9999 -9999 -9999 -9999 -9999 -9999 -9999 -9999 -9999 -9999 -9999 -9999 -9999 -9999 -9999 -9999 -9999 -9999 -9999 0.119822 -9999 -9999 -9999
-9999 -9999 -9999 -9999 0.689389 0.709512 0.723752 0.743673 0.731213 0.736972 0.756952 0.756193 0.748511 0.740063 0.721787 0.716481 0.70198 0.672413 0.66411 0.671916 0.672988 0.674115 0.672472 0.663922 0.650926 0.635747 0.597311 0.559543 0.532456 0.449493 0.400174 0.364109 0.312143 0.271247 -9999 -9999 -9999 -9999 -9999 -9999 -9999 0.336368 0.330132 0.326096 0.331448 0.355236 0.332087 -9999 -9999 -9999 -9999 -9999 -9999 -9999 -9999 -9999 -9999 -9999 -9999 -9999 -9999 -9999 -9999 -9999 -9999 -9999 0.149748 0.110579 -9999 -9999
-9999 -9999 -9999 -9999 0.705667 0.725372 0.73345 0.752502 0.76261 0.752152 0.758366 0.764832 0.763368 0.754613 0.741268 0.740852 0.721647 0.71007 0.700437 0.712019 0.710592 0.699323 0.685865 0.672812 0.64716 0.638233 0.618185 0.59119 0.551886 0.512165 0.437493 0.367475 0.299459 0.244564 -9999 -9999 -9999 -9999 -9999 -9999 0.354016 0.374361 0.384283 0.347855 0.368646 0.386752 0.37639 0.3427 -9999 -9999 -9999 -9999 -9999 -9999 -9999 -9999 -9999 -9999 -9999 -9999 -9999 -9999 0.338399 0.298083 0.217776 0.176118 0.150754 0.115036 -9999 -9999
-9999 -9999 -9999 -9999 0.709107 0.73273 0.747735 0.7613 0.761204 0.772585 0.767956 0.771553 0.771359 0.770115 0.768075 0.752231 0.744749 0.719247 0.739566 0.735017 0.724478 0.695835 0.679415 0.63296 0.608221 0.590475 0.615407 0.583073 0.524645 0.454122 0.362074 0.34291 0.314206 0.265037 -9999 -9999 -9999 -9999 -9999 -9999 0.369605 0.391529 0.408362 0.405842 0.368588 0.404975 0.393025 0.361259 0.348232 0.360723 0.363815 0.337961 0.352158 0.354935 0.34079 0.349648 -9999 -9999 -9999 -9999 0.348506 0.349039 0.349212 0.331845 0.244257 0.184117 0.130037 0.123863 -9999 -9999
-9999 -9999 -9999 -9999 0.736538 0.748656 0.752782 0.750304 0.762778 0.772406 0.77064 0.789943 0.788549 0.788262 0.787947 0.782541 0.769423 0.770392 0.767143 0.756548 0.708585 0.652365 0.66855 0.617867 0.548146 0.582945 0.602803 0.5664 0.496425 0.417379 0.37879 0.366169 0.327577 0.285409 -9999 -9999 -9999 0.318296 0.353911 0.354809 0.362781 0.393786 0.415632 0.423375 0.43016 0.423254 0.397073 0.365062 0.331039 0.332105 0.370646 0.3748 0.363401 0.366104 0.352513 0.359285 0.369121 0.373538 0.373324 0.369268 0.367716 0.368006 0.365903 0.35006 0.266753 0.221474 0.192244 0.127961 -9999 -9999
-9999 -9999 -9999 -9999 0.747238 0.757109 0.764518 0.778199 0.77721 0.787857 0.791466 0.793078 0.79468 0.781855 0.793675 0.79265 0.790401 0.78497 0.776443 0.736355 0.681154 0.624735 0.594795 0.601395 0.554473 0.556808 0.576904 0.540528 0.498725 0.427156 0.411496 0.383959 0.312924 0.25317 -9999 -9999 0.252434 0.323154 0.372256 0.396256 0.401446 0.398412 0.427058 0.423986 0.453418 0.439011 0.379458 0.376205 0.339386 0.342473 0.35508 0.352105 0.360287 0.375099 0.375379 0.372125 0.377367 0.377007 0.375992 0.374786 0.368761 0.37071 0.370694 0.360821 0.304332 0.276532 0.245996 0.137572 -9999 -9999
-9999 -9999 -9999 -9999 0.771019 0.783198 0.797212 0.795816 0.805704 0.78803 0.78014 0.798792 0.798362 0.789804 0.783999 0.797394 0.796701 0.794307 0.789705 0.751945 0.70745 0.641121 0.596696 0.569522 0.544771 0.507445 0.513103 0.49915 0.483888 0.482344 0.442291 0.394657 0.355708 0.2814 0.244612 -9999 0.260781 0.292494 0.35155 0.400896 0.430675 0.415304 0.448499 0.449675 0.46619 0.445432 0.40407 0.384714 0.374554 0.361649 0.378248 0.377983 0.37388 0.376221 0.378927 0.377909 0.377744 0.376829 0.376063 0.375816 0.375216 0.374784 0.373535 0.36987 0.343937 0.316542 0.257205 0.143105 -9999 -9999
-9999 -9999 -9999 0.737183 0.774185 0.797764 0.803873 0.807156 0.809868 0.811098 0.811593 0.804328 0.80762 0.80113 0.777256 0.780394 0.785409 0.799271 0.796646 0.790575 0.764326 0.684784 0.655444 0.611555 0.555002 0.517341 0.517437 0.547044 0.535489 0.499903 0.461945 0.408243 0.364719 0.321606 0.238412 0.244631 0.278864 0.304249 0.344421 0.405474 0.446869 0.462865 0.465479 0.476305 0.477181 0.452529 0.423392 0.406922 0.384115 0.372422 0.362748 0.36871 0.364238 0.376267 0.380062 0.378231 0.377454 0.376565 0.376111 0.376244 0.37629 0.375825 0.376043 0.376045 0.374416 0.338104 0.246862 0.172694 -9999 -9999
-9999 -9999 -9999 -9999 0.76989 0.77724 0.775321 0.776078 0.783218 0.792598 0.806826 0.806375 0.814781 0.807754 0.783398 0.759619 0.782177 0.790672 0.798302 0.795845 0.788853 0.723864 0.685119 0.652124 0.597374 0.596523 0.601917 0.592554 0.572566 0.506307 0.440896 0.362742 0.295665 0.287271 0.243852 0.257123 0.279904 0.338489 0.379357 0.394985 0.404876 0.465042 0.478036 0.478241 0.487574 0.45735 0.439102 0.412536 0.407179 0.395218 0.384829 0.328428 0.357908 0.352711 0.375954 0.379191 0.377872 0.376645 0.376317 0.375932 0.376097 0.376288 0.377093 0.377242 0.377089 0.353737 0.23848 0.17528 -9999 -9999
-9999 -9999 -9999 -9999 -9999 -9999 0.76733 0.771717 0.772867 0.77889 0.806222 0.811659 0.814843 0.813383 0.802427 0.773889 0.768218 0.772779 0.747441 0.765282 0.790574 0.785137 0.775684 0.713753 0.670181 0.686855 0.667826 0.615806 0.572609 0.530167 0.454599 0.392718 0.31631 0.258434 0.251893 0.305953 0.348062 0.407574 0.433644 0.417955 0.432238 0.46146 0.493109 0.504864 0.49386 0.462329 0.446246 0.410293 0.424793 0.41593 0.393115 0.372085 0.359014 0.365423 0.363672 0.381065 0.381942 0.37744 0.37643 0.376115 0.376194 0.376637 0.377123 0.377691 0.37808 0.377547 0.259281 0.162074 -9999 -9999
-9999 -9999 -9999 -9999 -9999 -9999 0.748338 0.748804 0.758953 0.793579 0.80853 0.813048 0.809613 0.811118 0.802692 0.77995 0.75662 0.735602 0.707697 0.721482 0.759652 0.779527 0.776476 0.721499 0.73099 0.711275 0.681958 0.617076 0.566299 0.534361 0.460952 0.392873 0.339141 0.269247 0.291487 0.317925 0.354212 0.417099 0.460809 0.478139 0.461823 0.479389 0.516655 0.511488 0.482128 0.475465 0.448867 0.403316 0.428862 0.427787 0.408018 0.398828 0.378367 0.374949 0.377194 0.380298 0.381612 0.378903 0.376447 0.375889 0.376192 0.376977 0.377531 0.37863 0.379264 0.379416 0.303372 0.161871 -9999 -9999
-9999 -9999 -9999 -9999 -9999 -9999 -9999 0.725892 0.755656 0.802979 0.809906 0.804388 0.811634 0.809751 0.797296 0.787019 0.759291 0.722017 0.64995 0.666558 0.701752 0.752405 0.775721 0.765051 0.733892 0.695873 0.617743 0.547635 0.529139 0.508319 0.451634 0.395684 0.336428 0.359313 0.386505 0.418259 0.434584 0.428624 0.465788 0.49584 0.481639 0.503976 0.529094 0.510831 0.496482 0.482016 0.453351 0.441977 0.432577 0.441859 0.415837 0.413087 0.395756 0.385989 0.38274 0.381555 0.382159 0.379394 0.37729 0.3768 0.376482 0.377604 0.378424 0.379327 0.380166 0.380575 0.374279 0.295997 0.2512 -9999
-9999 -9999 -9999 -9999 -9999 -9999 -9999 0.697269 0.709285 0.766114 0.77897 0.801792 0.812354 0.809763 0.789693 0.778344 0.737307 0.723915 0.65813 0.625029 0.647918 0.634486 0.70482 0.765155 0.735721 0.591234 0.531891 0.486061 0.48374 0.472638 0.449019 0.363713 0.335855 0.3921 0.42637 0.453192 0.474028 0.477721 0.476542 0.524532 0.5282 0.541429 0.534524 0.531036 0.500628 0.478036 0.478436 0.453229 0.439773 0.449854 0.417135 0.424666 0.404769 0.389653 0.381043 0.386624 0.383672 0.381144 0.379005 0.377863 0.377946 0.377794 0.379424 0.38056 0.38111 0.382176 0.382212 0.368827 0.329976 0.315753
-9999 -9999 -9999 -9999 -9999 -9999 -9999 -9999 0.655395 0.736437 0.769471 0.785234 0.810085 0.809949 0.799226 0.779793 0.737172 0.700409 0.641504 0.574407 0.531202 0.634725 0.723157 0.765835 0.744714 0.623292 0.568929 0.5562 0.571279 0.538307 0.51091 0.442478 0.417921 0.388349 0.396254 0.435745 0.467667 0.499829 0.52386 0.525974 0.542325 0.544562 0.541952 0.540166 0.531325 0.521688 0.486107 0.492346 0.468202 0.464395 0.448433 0.432907 0.41167 0.389077 0.39018 0.391469 0.388049 0.384726 0.381891 0.381 0.381241 0.382137 0.380505 0.381764 0.382939 0.38356 0.384295 0.379118 0.374135 0.350287
-9999 -9999 -9999 -9999 -9999 -9999 -9999 -9999 0.616942 0.697582 0.732551 0.780799 0.807141 0.813325 0.808084 0.791577 0.758562 0.710601 0.671155 0.59604 0.517878 0.622611 0.712988 0.761525 0.757777 0.646788 0.663325 0.632054 0.630039 0.580776 0.554277 0.526885 0.490645 0.452953 0.415259 0.392488 0.467956 0.50639 0.538022 0.553157 0.561899 0.566101 0.555185 0.540943 0.500227 0.520046 0.50657 0.494615 0.481552 0.469545 0.455947 0.441807 0.422383 0.412647 0.395712 0.399103 0.392972 0.389081 0.386675 0.385465 0.385343 0.38634 0.38796 0.385627 0.38504 0.385678 0.386132 0.38097 0.379958 0.377753
-9999 -9999 -9999 -9999 -9999 -9999 -9999 -9999 0.501288 0.621273 0.721563 0.767917 0.804556 0.811445 0.811859 0.790353 0.77453 0.739602 0.707112 0.657525 0.58322 0.53688 0.609721 0.728002 0.758537 0.738277 0.726504 0.692526 0.660553 0.647628 0.639237 0.599054 0.556529 0.49975 0.477373 0.455149 0.510179 0.515675 0.509959 0.573907 0.573678 0.569504 0.543719 0.50299 0.503748 0.474041 0.475427 0.446297 0.455694 0.462031 0.457888 0.447106 0.427669 0.419848 0.410699 0.404893 0.399406 0.395094 0.392315 0.391042 0.390889 0.391227 0.392584 0.395009 0.389835 0.390715 0.388426 0.382942 0.382022 0.380087
-9999 -9999 -9999 -9999 -9999 -9999 -9999 -9999 0.520677 0.619684 0.702858 0.749433 0.795496 0.802539 0.815829 0.808862 0.792069 0.7612 0.723614 0.682403 0.618295 0.57008 0.624505 0.690813 0.744072 0.74794 0.729875 0.719511 0.704598 0.698505 0.681778 0.662019 0.626367 0.571442 0.538922 0.495576 0.557061 0.561544 0.549403 0.580899 0.578378 0.527977 0.488547 0.481599 0.48746 0.459959 0.444577 0.415813 0.422621 0.455021 0.436438 0.428701 0.429855 0.424348 0.417449 0.411523 0.406104 0.402016 0.399031 0.397697 0.397504 0.397447 0.398434 0.399946 0.400978 0.393789 0.394052 0.387724 0.383517 0.381934
-9999 -9999 -9999 -9999 -9999 -9999 -9999 -9999 0.542266 0.595263 0.669754 0.741489 0.791195 0.808536 0.820528 0.816964 0.797528 0.781088 0.756798 0.720047 0.694523 0.650562 0.590045 0.685211 0.697358 0.706931 0.718878 0.73809 0.727801 0.704815 0.664771 0.669399 0.655041 0.611193 0.592759 0.567154 0.599319 0.596164 0.592788 0.589099 0.545903 0.486386 0.438156 0.469066 0.458667 0.452958 0.394066 0.430781 0.453788 0.454809 0.416912 0.391705 0.423442 0.421683 0.419523 0.416509 0.41347 0.409049 0.406801 0.404904 0.404171 0.404252 0.404658 0.405558 0.406363 0.407014 0.397349 0.390429 0.389037 0.390887
-9999 -9999 -9999 -9999 -9999 -9999 -9999 -9999 -9999 0.574817 0.667765 0.752747 0.797542 0.823974 0.83472 0.830461 0.818739 0.806547 0.790673 0.763681 0.730178 0.677603 0.637655 0.65905 0.6693 0.653993 0.666267 0.71488 0.725318 0.688296 0.605012 0.632665 0.668892 0.660281 0.649469 0.639229 0.623394 0.614883 0.601278 0.570113 0.479581 0.46568 0.428955 0.430361 0.409158 0.42498 0.398545 0.431539 0.441087 0.439213 0.393381 0.383062 0.415052 0.424602 0.414726 0.419083 0.420321 0.416812 0.414285 0.412199 0.411479 0.411347 0.411489 0.415253 0.415871 0.41646 0.404892 0.397327 0.393049 0.389604
-9999 -9999 -9999 -9999 -9999 -9999 -9999 -9999 -9999 0.561286 0.65751 0.759142 0.788047 0.817262 0.842313 0.83891 0.822458 0.807326 0.792361 0.77594 0.734929 0.694881 0.656047 0.640653 0.643867 0.60739 0.632097 0.698368 0.704258 0.689254 0.59952 0.566916 0.618645 0.661421 0.658603 0.648129 0.58392 0.592416 0.557132 0.511064 0.49675 0.475481 0.432905 0.449223 0.416216 0.424283 0.388509 0.404698 0.408592 0.427892 0.387596 0.370284 0.401596 0.416113 0.410191 0.427016 0.430143 0.428251 0.425737 0.424005 0.422831 0.422611 0.42234 0.422249 0.422149 0.421321 0.418759 0.398316 0.346057 0.344626
-9999 -9999 -9999 -9999 -9999 -9999 -9999 -9999 -9999 0.583717 0.649209 0.739195 0.804601 0.804155 0.834001 0.847762 0.830023 0.81099 0.791988 0.782514 0.737433 0.687906 0.646954 0.598352 0.601345 0.628323 0.641888 0.682253 0.682783 0.664509 0.607729 0.617641 0.650733 0.665191 0.665007 0.654128 0.636147 0.624343 0.597111 0.583697 0.548107 0.494178 0.471052 0.480411 0.422242 0.421393 0.436026 0.379805 0.408277 0.418007 0.369023 0.380698 0.411699 0.424579 0.435499 0.438134 0.436671 0.437676 0.434728 0.432834 0.43145 0.430349 0.42974 0.428597 0.427675 0.422789 0.415547 0.374788 0.334994 0.336563
-9999 -9999 -9999 -9999 -9999 -9999 -9999 -9999 -9999 0.607215 0.666097 0.743866 0.789427 0.79388 0.827678 0.857627 0.850352 0.830408 0.822406 0.80223 0.763077 0.71988 0.672523 0.647121 0.593317 0.636046 0.633432 0.666664 0.677897 0.627689 0.604059 0.624173 0.644452 0.648562 0.670128 0.664085 0.649829 0.606003 0.582825 0.587294 0.575673 0.557926 0.5193 0.513963 0.487156 0.473019 0.458779 0.393717 0.405818 0.401106 0.393621 0.417607 0.431074 0.438211 0.444575 0.442713 0.443475 0.446405 0.443893 0.441657 0.439712 0.438384 0.436778 0.433965 0.431517 0.421465 0.404209 0.372699 0.299084 0.331684
-9999 -9999 -9999 -9999 -9999 -9999 -9999 -9999 -9999 0.608523 0.671787 0.737987 0.763165 0.763974 0.828823 0.867204 0.863724 0.852398 0.839846 0.793589 0.792727 0.780461 0.736813 0.674571 0.606063 0.606162 0.620215 0.647976 0.658119 0.587246 0.56128 0.56727 0.60198 0.632723 0.665608 0.669836 0.653175 0.587333 0.518071 0.544238 0.572646 0.568704 0.555377 0.518637 0.503785 0.489468 0.460243 0.405316 0.382318 0.387401 0.410649 0.419031 0.435343 0.448193 0.436231 0.435625 0.448961 0.455361 0.452625 0.45018 0.448322 0.446258 0.444079 0.438864 0.433469 0.425302 0.3815 0.353491 0.303163 0.331556
-9999 -9999 -9999 -9999 -9999 -9999 -9999 -9999 -9999 0.600335 0.645445 0.708956 0.732235 0.771776 0.833109 0.861473 0.873249 0.869374 0.859595 0.836627 0.821107 0.794016 0.748156 0.686682 0.6184 0.571427 0.585403 0.613445 0.615324 0.555768 0.523922 0.546849 0.584483 0.643971 0.6756 0.675052 0.666439 0.649025 0.597102 0.53553 0.531592 0.556208 0.527906 0.495481 0.506087 0.498112 0.469109 0.446139 0.397134 0.390823 0.401712 0.406818 0.426921 0.459391 0.460041 0.454629 0.466489 0.463758 0.461011 0.458862 0.456419 0.454102 0.451628 0.446635 0.437826 0.407759 0.381177 0.34486 0.338273 0.350568
-9999 -9999 -9999 -9999 -9999 -9999 -9999 -9999 -9999 0.577488 0.631652 0.691334 0.747043 0.799599 0.844365 0.844635 0.866522 0.862822 0.872267 0.864304 0.841957 0.817838 0.777013 0.69887 0.631755 0.558687 0.569025 0.61631 0.587583 0.547775 0.481082 0.534844 0.595271 0.649823 0.676839 0.645373 0.666711 0.659664 0.637265 0.598676 0.541213 0.537771 0.493435 0.486923 0.502298 0.503584 0.494542 0.475798 0.439611 0.40628 0.407666 0.406376 0.424705 0.449059 0.473081 0.473769 0.475451 0.472274 0.469261 0.466869 0.464306 0.461247 0.457416 0.451842 0.4259 0.395422 0.375596 0.349149 0.343456 0.375193
