Test_Spring_2018b/03_18/Prec/20180305_020.txt
ncols	170
nrows	115
xllcorner	350000.000000
yllcorner	4445000.000000
cellsize	1000.000000
nodata_value	-9999.000000
[rows 31 to 61 of 115, columns 70 to 139 of 170]
0.63627 0.645688 0.65227 0.653724 0.659353 0.656512 0.667619 0.671382 0.674296 0.676116 0.674228 0.674538 0.672436 0.667279 0.664746 0.653824 0.619695 0.626452 0.626723 0.613019 0.612977 0.615158 0.600206 0.56946 0.550219 0.524139 0.503434 0.480025 0.454322 -9999 -9999 -9999 -9999 -9999 -9999 -9999 -9999 -9999 -9999 -9999 -9999 -9999 -9999 -9999 -9999 -9999 -9999 -9999 -9999 -9999 -9999 -9999 -9999 -9999 -9999 -9999 -9999 -9999 -9999 -9999 -9999 -9999 -9999 -9999 -9999 -9999 -9999 -9999 -9999 -9999
0.645331 0.65166 0.655787 0.657009 0.66724 0.677213 0.666542 0.662522 0.679402 0.681819 0.681082 0.676161 0.674782 0.672717 0.670952 0.661713 0.636777 0.613323 0.621159 0.617126 0.604104 0.611741 0.597097 0.56962 0.533282 0.537822 0.523064 0.471637 0.449922 -9999 -9999 -9999 -9999 -9999 -9999 -9999 -9999 -9999 -9999 -9999 -9999 -9999 -9999 -9999 -9999 -9999 -9999 -9999 -9999 -9999 -9999 -9999 -9999 -9999 -9999 -9999 -9999 -9999 -9999 -9999 -9999 -9999 -9999 -9999 -9999 -9999 -9999 -9999 -9999 -9999
0.646674 0.656262 0.658526 0.661429 0.673984 0.678671 0.664511 0.670857 0.68482 0.688177 0.689105 0.687845 0.686441 0.684288 0.677493 0.667087 0.6455 0.619129 0.610304 0.617622 0.612881 0.60848 0.594537 0.577936 0.555708 0.556633 0.550317 0.511859 0.472406 0.450895 -9999 -9999 -9999 -9999 -9999 -9999 -9999 -9999 -9999 -9999 -9999 -9999 -9999 -9999 -9999 -9999 -9999 -9999 -9999 -9999 -9999 -9999 -9999 -9999 -9999 -9999 -9999 -9999 -9999 -9999 -9999 -9999 -9999 -9999 -9999 -9999 -9999 -9999 -9999 -9999
0.645484 0.659057 0.660171 0.656681 0.665928 0.674243 0.661604 0.67893 0.682598 0.694493 0.696149 0.697458 0.694671 0.692094 0.686719 0.676807 0.662205 0.644067 0.613416 0.625761 0.63348 0.626743 0.618665 0.604508 0.582784 0.583576 0.573736 0.525874 0.492124 0.469723 0.454084 -9999 -9999 -9999 -9999 -9999 -9999 -9999 -9999 -9999 -9999 -9999 -9999 -9999 -9999 -9999 -9999 -9999 -9999 -9999 -9999 -9999 -9999 -9999 -9999 -9999 -9999 -9999 -9999 -9999 -9999 -9999 -9999 -9999 -9999 -9999 -9999 -9999 -9999 -9999
-9999 0.659745 0.660787 0.655464 0.664661 0.675786 0.682517 0.679367 0.692807 0.698364 0.703724 0.705494 0.70299 0.691823 0.690365 0.689293 0.679347 0.659092 0.637823 0.628667 0.643084 0.642163 0.633354 0.629286 0.60925 0.60434 0.591821 0.567727 0.52739 0.493936 0.476354 0.452947 -9999 -9999 -9999 -9999 -9999 -9999 -9999 -9999 -9999 -9999 -9999 -9999 -9999 -9999 -9999 -9999 -9999 -9999 -9999 -9999 -9999 -9999 -9999 -9999 -9999 -9999 -9999 -9999 -9999 -9999 -9999 -9999 -9999 -9999 -9999 -9999 -9999 -9999
-9999 -9999 -9999 -9999 0.660415 0.667013 0.686082 0.680377 0.698622 0.705618 0.712314 0.714667 0.708596 0.706096 0.706488 0.700754 0.689748 0.681266 0.666551 0.650163 0.648708 0.658743 0.643047 0.646123 0.63529 0.627101 0.608187 0.577576 0.530765 0.501713 0.484853 0.464072 -9999 -9999 -9999 -9999 -9999 -9999 -9999 -9999 -9999 -9999 -9999 -9999 -9999 -9999 -9999 -9999 -9999 -9999 -9999 -9999 -9999 -9999 -9999 -9999 -9999 -9999 -9999 -9999 -9999 -9999 -9999 -9999 -9999 -9999 -9999 -9999 -9999 -9999
-9999 -9999 -9999 -9999 -9999 0.671478 0.688991 0.705707 0.704843 0.711109 0.720757 0.724142 0.723913 0.723774 0.721709 0.717558 0.70932 0.699016 0.68493 0.679009 0.683632 0.676186 0.66517 0.65724 0.652331 0.639739 0.607184 0.578073 0.554573 0.499957 0.478914 0.469753 0.453506 -9999 -9999 -9999 -9999 -9999 -9999 -9999 -9999 -9999 -9999 -9999 -9999 0.410378 -9999 -9999 -9999 -9999 -9999 -9999 -9999 -9999 -9999 -9999 -9999 -9999 -9999 -9999 -9999 -9999 -9999 -9999 -9999 -9999 0.314033 -9999 -9999 -9999
-9999 -9999 -9999 -9999 0.678342 0.690811 0.701561 0.714373 0.702123 0.718792 0.730188 0.734556 0.736131 0.736697 0.733181 0.732707 0.728056 0.717249 0.711848 0.710199 0.70505 0.698663 0.690268 0.67871 0.664965 0.649969 0.625565 0.602391 0.582858 0.535592 0.508394 0.487736 0.46295 0.442663 -9999 -9999 -9999 -9999 -9999 -9999 -9999 0.428758 0.423566 0.41911 0.41769 0.422222 0.41184 -9999 -9999 -9999 -9999 -9999 -9999 -9999 -9999 -9999 -9999 -9999 -9999 -9999 -9999 -9999 -9999 -9999 -9999 -9999 0.328573 0.317542 -9999 -9999
-9999 -9999 -9999 -9999 0.685841 0.698463 0.707842 0.721062 0.731589 0.729949 0.737867 0.745473 0.749937 0.751238 0.75002 0.751681 0.74591 0.741027 0.735149 0.734437 0.728016 0.717021 0.70407 0.690198 0.671481 0.657541 0.637901 0.617315 0.593102 0.569301 0.523936 0.492082 0.461975 0.437163 -9999 -9999 -9999 -9999 -9999 -9999 0.442239 0.445653 0.445718 0.430934 0.434418 0.437055 0.430654 0.41127 -9999 -9999 -9999 -9999 -9999 -9999 -9999 -9999 -9999 -9999 -9999 -9999 -9999 -9999 0.390986 0.378308 0.353052 0.340447 0.333423 0.323518 -9999 -9999
-9999 -9999 -9999 -9999 0.688696 0.703158 0.715455 0.727725 0.73587 0.757821 0.748514 0.756268 0.762166 0.766817 0.770036 0.767413 0.765824 0.756681 0.760313 0.754127 0.744242 0.726941 0.71213 0.686552 0.667028 0.647716 0.642585 0.619244 0.587955 0.553459 0.511925 0.486593 0.468755 0.445645 -9999 -9999 -9999 -9999 -9999 -9999 0.450878 0.455036 0.45748 0.453629 0.438585 0.447035 0.434485 0.421732 0.415225 0.417179 0.416462 0.393444 0.396685 0.397943 0.393969 0.397424 -9999 -9999 -9999 -9999 0.398744 0.398859 0.39886 0.393365 0.365655 0.347059 0.330836 0.337145 -9999 -9999
-9999 -9999 -9999 -9999 0.698879 0.710323 0.719932 0.727973 0.74112 0.76326 0.75713 0.773301 0.779546 0.785211 0.789625 0.790877 0.787875 0.787402 0.783519 0.775235 0.753067 0.72651 0.721597 0.691057 0.661662 0.651953 0.643946 0.618099 0.582001 0.543782 0.518575 0.495508 0.474123 0.460882 -9999 -9999 -9999 0.451824 0.460431 0.458373 0.458807 0.466669 0.471546 0.462715 0.461829 0.448426 0.439902 0.426909 0.413524 0.411668 0.422141 0.421985 0.404388 0.40566 0.40192 0.41333 0.416583 0.418087 0.418074 0.416802 0.416329 0.4165 0.416034 0.411385 0.376409 0.362503 0.354232 0.346886 -9999 -9999
-9999 -9999 -9999 -9999 0.707222 0.71838 0.729489 0.744229 0.753643 0.76685 0.786071 0.78284 0.79117 0.793874 0.803079 0.806453 0.807407 0.805096 0.799439 0.781355 0.756237 0.72876 0.708071 0.703347 0.674618 0.654183 0.645609 0.613628 0.592214 0.555767 0.538149 0.517026 0.477423 0.450098 -9999 -9999 0.433583 0.453036 0.466339 0.472127 0.472166 0.469636 0.47713 0.474281 0.481563 0.46812 0.448593 0.445 0.419462 0.418092 0.43032 0.427515 0.418684 0.421431 0.421401 0.420319 0.421977 0.421831 0.42145 0.420991 0.419016 0.419674 0.41987 0.417165 0.399895 0.392203 0.389867 0.36188 -9999 -9999
-9999 -9999 -9999 -9999 0.719726 0.732252 0.746055 0.755462 0.768821 0.772201 0.78835 0.803487 0.801696 0.806801 0.811276 0.819975 0.821904 0.820768 0.81628 0.79857 0.776243 0.744743 0.718396 0.701278 0.678506 0.648332 0.634708 0.614868 0.594949 0.580015 0.547915 0.519478 0.495955 0.457865 0.439083 -9999 0.434734 0.441982 0.458866 0.473249 0.481695 0.475773 0.485238 0.484196 0.482368 0.473232 0.459373 0.459327 0.453861 0.447298 0.449997 0.437967 0.425674 0.425894 0.424933 0.424385 0.424141 0.423658 0.423219 0.422963 0.422657 0.422538 0.422372 0.421737 0.414369 0.411851 0.395129 0.3654 -9999 -9999
-9999 -9999 -9999 0.704619 0.721331 0.738193 0.750235 0.761971 0.773927 0.785581 0.804252 0.811513 0.821594 0.819962 0.819492 0.82557 0.829764 0.834015 0.830083 0.822165 0.805092 0.768586 0.750689 0.724168 0.691002 0.656668 0.640113 0.633048 0.613182 0.586262 0.55947 0.528132 0.496787 0.473058 0.435056 0.431459 0.438403 0.443864 0.455097 0.473721 0.486445 0.491135 0.491387 0.489815 0.488223 0.48549 0.47606 0.468941 0.459404 0.453074 0.447106 0.445927 0.433468 0.427826 0.428356 0.426103 0.425444 0.424775 0.424278 0.424035 0.423887 0.42377 0.42415 0.424822 0.429177 0.419683 0.402333 0.385977 -9999 -9999
-9999 -9999 -9999 -9999 0.720503 0.732786 0.742928 0.754573 0.768707 0.783765 0.807263 0.817506 0.829672 0.835929 0.830267 0.828283 0.83845 0.841146 0.840438 0.833405 0.82202 0.793704 0.768427 0.74327 0.70984 0.686478 0.670626 0.650107 0.626547 0.588833 0.552296 0.512214 0.477613 0.463617 0.437223 0.433136 0.436434 0.452693 0.464489 0.469055 0.472252 0.491638 0.492925 0.496883 0.499554 0.489062 0.483261 0.473051 0.469089 0.462534 0.456068 0.434574 0.433033 0.428922 0.433956 0.428373 0.426445 0.425446 0.42482 0.424307 0.424166 0.424306 0.424993 0.428483 0.436673 0.433087 0.400541 0.388032 -9999 -9999
-9999 -9999 -9999 -9999 -9999 -9999 0.741969 0.755307 0.768085 0.782652 0.810639 0.823268 0.83424 0.842416 0.845864 0.839857 0.841254 0.842811 0.831538 0.83091 0.83192 0.819049 0.802695 0.76777 0.73165 0.719001 0.694617 0.659714 0.627967 0.597083 0.55651 0.520857 0.482556 0.452117 0.440227 0.449975 0.456197 0.472869 0.480194 0.475131 0.480202 0.490816 0.501892 0.50633 0.503016 0.492531 0.487618 0.474571 0.476978 0.471295 0.460609 0.450055 0.434872 0.434 0.430551 0.433383 0.431242 0.425979 0.424962 0.424379 0.424205 0.424504 0.429669 0.432924 0.436872 0.441109 0.408129 0.385095 -9999 -9999
-9999 -9999 -9999 -9999 -9999 -9999 0.737285 0.74966 0.765608 0.789616 0.813773 0.826348 0.83543 0.844759 0.84919 0.846952 0.84182 0.835264 0.823631 0.822225 0.82576 0.820849 0.806365 0.773442 0.754095 0.72947 0.701419 0.661991 0.627369 0.59935 0.558942 0.520775 0.489191 0.454419 0.451314 0.451927 0.458108 0.474674 0.487789 0.493942 0.489467 0.496522 0.509905 0.509451 0.500749 0.498619 0.490563 0.474621 0.480603 0.477326 0.467405 0.460314 0.442635 0.438178 0.435539 0.433348 0.430943 0.42779 0.424958 0.424224 0.424139 0.426559 0.429222 0.433041 0.43752 0.442455 0.423434 0.386552 -9999 -9999
-9999 -9999 -9999 -9999 -9999 -9999 -9999 0.743547 0.765756 0.793796 0.815327 0.824637 0.837077 0.845273 0.848377 0.850099 0.843865 0.83198 0.806141 0.8057 0.808371 0.813405 0.807468 0.788825 0.756581 0.726166 0.682536 0.641414 0.617031 0.592427 0.557167 0.522651 0.48901 0.48359 0.48178 0.48385 0.483478 0.478391 0.489251 0.499253 0.496002 0.50491 0.514798 0.510569 0.507063 0.50279 0.494277 0.489426 0.484301 0.484289 0.47222 0.466944 0.450061 0.443194 0.438396 0.434444 0.431467 0.42803 0.425603 0.424627 0.424833 0.426746 0.429754 0.433843 0.438763 0.444161 0.447794 0.431352 0.422977 -9999
-9999 -9999 -9999 -9999 -9999 -9999 -9999 0.735165 0.751385 0.782112 0.805292 0.823306 0.836467 0.844133 0.84455 0.845762 0.835556 0.831219 0.807932 0.79074 0.789734 0.774628 0.78413 0.788636 0.757318 0.693343 0.656152 0.623169 0.604268 0.583007 0.558475 0.514692 0.491072 0.496234 0.496556 0.496892 0.497803 0.495754 0.494249 0.510417 0.512118 0.518278 0.518158 0.518919 0.51056 0.503952 0.504889 0.495759 0.489412 0.489654 0.475366 0.473229 0.455282 0.446421 0.439608 0.437526 0.433156 0.429599 0.42773 0.426234 0.426947 0.42798 0.431448 0.435854 0.440943 0.446805 0.452682 0.457106 0.450712 0.451778
-9999 -9999 -9999 -9999 -9999 -9999 -9999 -9999 0.733953 0.771777 0.801001 0.816141 0.833282 0.841203 0.846427 0.84392 0.832167 0.820291 0.799242 0.773459 0.748788 0.771615 0.78757 0.787182 0.759137 0.703374 0.66858 0.646926 0.634264 0.606607 0.581368 0.543442 0.52114 0.499021 0.490959 0.493836 0.499995 0.506707 0.513079 0.514416 0.521857 0.52177 0.523078 0.524489 0.523163 0.520851 0.510372 0.511402 0.501716 0.497558 0.488626 0.47908 0.460454 0.449037 0.445149 0.441521 0.436851 0.435612 0.431877 0.430482 0.43129 0.434112 0.434494 0.439074 0.444489 0.450313 0.45648 0.463519 0.467882 0.465748
-9999 -9999 -9999 -9999 -9999 -9999 -9999 -9999 0.720946 0.757773 0.787094 0.811797 0.83312 0.84183 0.845005 0.843064 0.834143 0.818591 0.803819 0.775685 0.744658 0.770551 0.780595 0.783058 0.767503 0.710067 0.699036 0.672506 0.655361 0.623392 0.599239 0.575207 0.549689 0.52534 0.500574 0.48823 0.506329 0.514881 0.52344 0.52865 0.533349 0.537647 0.533907 0.528283 0.516768 0.523913 0.520493 0.515772 0.509701 0.502998 0.494894 0.485857 0.467581 0.460233 0.450529 0.45017 0.447538 0.44213 0.438625 0.437189 0.437904 0.440739 0.445348 0.44562 0.449275 0.455057 0.461046 0.467941 0.473366 0.477912
-9999 -9999 -9999 -9999 -9999 -9999 -9999 -9999 0.682939 0.731325 0.787175 0.809686 0.828994 0.836684 0.841103 0.83713 0.833422 0.821926 0.809452 0.789736 0.760378 0.738292 0.752794 0.780028 0.765591 0.738172 0.719396 0.693264 0.667744 0.648511 0.631169 0.604086 0.574019 0.544399 0.531565 0.516388 0.527983 0.525873 0.522225 0.542665 0.54406 0.545218 0.540002 0.525002 0.52747 0.513532 0.514756 0.504565 0.505738 0.505001 0.500052 0.492245 0.473785 0.472005 0.463964 0.46297 0.456281 0.450982 0.447533 0.446169 0.446873 0.449401 0.453744 0.459629 0.457987 0.464201 0.466625 0.473133 0.478267 0.48257
-9999 -9999 -9999 -9999 -9999 -9999 -9999 -9999 0.694263 0.744368 0.778444 0.801523 0.821956 0.828981 0.836913 0.837124 0.83281 0.822502 0.808487 0.791737 0.766117 0.744089 0.753464 0.764969 0.771079 0.752328 0.720708 0.703508 0.684772 0.666176 0.64708 0.627534 0.603841 0.580341 0.560488 0.538888 0.552665 0.550148 0.544183 0.553841 0.553991 0.539806 0.529656 0.529976 0.527951 0.520474 0.516509 0.499719 0.500118 0.50783 0.506086 0.498814 0.485995 0.479423 0.479865 0.47287 0.466612 0.461723 0.458445 0.457172 0.457839 0.460083 0.464026 0.469238 0.475071 0.471521 0.477439 0.483768 0.483637 0.487662
-9999 -9999 -9999 -9999 -9999 -9999 -9999 -9999 0.699906 0.734824 0.765169 0.795736 0.81653 0.826133 0.833052 0.833897 0.82845 0.822656 0.812991 0.797966 0.785175 0.765182 0.738656 0.760727 0.754305 0.738279 0.729219 0.722287 0.705573 0.6847 0.648122 0.637233 0.626728 0.602601 0.587898 0.5724 0.577006 0.572025 0.568631 0.566635 0.553248 0.535536 0.521939 0.533753 0.532116 0.524565 0.506271 0.526693 0.532465 0.530019 0.50604 0.493537 0.490572 0.494418 0.488974 0.483445 0.478435 0.473837 0.471066 0.469734 0.470184 0.472266 0.475675 0.480225 0.485437 0.49098 0.485331 0.490889 0.495448 0.509007
-9999 -9999 -9999 -9999 -9999 -9999 -9999 -9999 -9999 0.727402 0.765356 0.797468 0.816034 0.827932 0.833922 0.83413 0.830886 0.826357 0.819475 0.807839 0.792925 0.770739 0.751451 0.750684 0.744275 0.720424 0.713269 0.717205 0.708608 0.684724 0.647457 0.649512 0.650094 0.637279 0.624947 0.614208 0.596308 0.589655 0.58281 0.571661 0.542624 0.546192 0.536138 0.538452 0.533341 0.532321 0.523795 0.533733 0.535178 0.531958 0.513736 0.496895 0.512716 0.511194 0.503332 0.50022 0.491136 0.487254 0.484681 0.483408 0.483801 0.48558 0.488513 0.499647 0.504778 0.51026 0.503329 0.508249 0.511712 0.514796
-9999 -9999 -9999 -9999 -9999 -9999 -9999 -9999 -9999 0.724891 0.760363 0.797023 0.809814 0.822 0.832073 0.832194 0.827221 0.821695 0.815211 0.807235 0.790371 0.772807 0.754652 0.743055 0.736524 0.705552 0.703714 0.714696 0.706075 0.690654 0.658096 0.637368 0.644153 0.648854 0.639971 0.629819 0.603807 0.602425 0.588426 0.572251 0.567303 0.560945 0.54828 0.554614 0.545044 0.548182 0.528378 0.532741 0.532348 0.536039 0.519893 0.501197 0.517922 0.518656 0.512762 0.514321 0.511971 0.508755 0.506302 0.505213 0.505482 0.5072 0.509924 0.513531 0.517715 0.52198 0.525737 0.514838 0.504132 0.507372
-9999 -9999 -9999 -9999 -9999 -9999 -9999 -9999 -9999 0.731633 0.756527 0.788771 0.81261 0.814784 0.825961 0.831258 0.825695 0.818889 0.811233 0.80575 0.788015 0.768 0.749894 0.728544 0.722936 0.724303 0.708762 0.712767 0.703771 0.688647 0.668403 0.662569 0.664604 0.661324 0.654179 0.64458 0.633789 0.626111 0.61463 0.608611 0.596395 0.578997 0.571873 0.575298 0.557048 0.556799 0.560992 0.533105 0.540533 0.541297 0.522662 0.524422 0.531332 0.532184 0.532348 0.530031 0.526803 0.524981 0.522694 0.521665 0.521772 0.522916 0.525064 0.52773 0.530955 0.533185 0.534716 0.525386 0.508728 0.512474
-9999 -9999 -9999 -9999 -9999 -9999 -9999 -9999 -9999 0.739196 0.761318 0.789056 0.806019 0.809306 0.821387 0.831603 0.829249 0.822141 0.818125 0.809483 0.794039 0.776579 0.757085 0.743936 0.721075 0.728488 0.708545 0.711461 0.707117 0.690587 0.675014 0.673664 0.67275 0.667194 0.667877 0.660511 0.651382 0.633707 0.623529 0.62302 0.61808 0.611729 0.599057 0.597172 0.588371 0.583387 0.577991 0.546527 0.548684 0.54495 0.549438 0.546431 0.548255 0.547866 0.547203 0.544063 0.542094 0.541321 0.539451 0.538408 0.538239 0.539025 0.540407 0.541963 0.544044 0.543932 0.541584 0.534585 0.506014 0.519271
-9999 -9999 -9999 -9999 -9999 -9999 -9999 -9999 -9999 0.740146 0.763111 0.786647 0.796652 0.798404 0.82012 0.832834 0.831595 0.827254 0.82191 0.805174 0.80233 0.795232 0.777513 0.753285 0.726527 0.72122 0.709733 0.709603 0.706029 0.684326 0.669169 0.664439 0.669213 0.673148 0.678296 0.674893 0.665481 0.641045 0.6162 0.622492 0.630041 0.62767 0.622573 0.610113 0.604624 0.599146 0.588635 0.566902 0.550662 0.550163 0.556675 0.55756 0.560762 0.562743 0.556799 0.554621 0.557171 0.557899 0.556206 0.555177 0.554935 0.555215 0.555993 0.556246 0.556776 0.556631 0.54518 0.538739 0.524926 0.528191
-9999 -9999 -9999 -9999 -9999 -9999 -9999 -9999 -9999 0.73852 0.755224 0.777492 0.786538 0.800379 0.820749 0.830117 0.833694 0.831764 0.827431 0.81836 0.81115 0.799731 0.781818 0.758447 0.732466 0.712909 0.712503 0.703083 0.701641 0.681026 0.665051 0.666781 0.67349 0.687537 0.693095 0.688832 0.682487 0.673836 0.654646 0.63282 0.629797 0.636197 0.625876 0.614329 0.616526 0.612685 0.601952 0.592926 0.56532 0.57037 0.56449 0.564649 0.569486 0.578229 0.576838 0.573634 0.576163 0.574326 0.572849 0.571978 0.571449 0.571392 0.571683 0.571512 0.570394 0.562671 0.556167 0.546572 0.546421 0.543738
-9999 -9999 -9999 -9999 -9999 -9999 -9999 -9999 -9999 0.732627 0.751863 0.772591 0.791735 0.809521 0.824438 0.824731 0.831512 0.829681 0.831611 0.827532 0.818416 0.808304 0.79244 0.764263 0.739262 0.712056 0.711262 0.71118 0.70296 0.685274 0.659126 0.671675 0.686602 0.699943 0.704803 0.691309 0.695037 0.690028 0.680424 0.665922 0.645617 0.642754 0.626934 0.623258 0.626576 0.625342 0.62072 0.612888 0.595562 0.585411 0.577271 0.575668 0.580316 0.58691 0.593464 0.592672 0.592358 0.590695 0.589327 0.588429 0.587761 0.587223 0.586714 0.5859 0.578794 0.570415 0.565572 0.558693 0.558479 0.568949
