Test_Spring_2018b/03_18/Prec/20180326_012.txt
ncols	170
nrows	115
xllcorner	350000.000000
yllcorner	4445000.000000
cellsize	1000.000000
nodata_value	-9999.000000
[rows 31 to 61 of 115, columns 70 to 139 of 170]
0.281106 0.286454 0.289983 0.29023 0.293085 0.313124 0.310369 0.314014 0.329395 0.332242 0.332782 0.334809 0.335476 0.334465 0.335487 0.331684 0.313801 0.322595 0.328181 0.325934 0.333474 0.343625 0.344159 0.335922 0.336161 0.333152 0.361721 0.372772 0.373287 -9999 -9999 -9999 -9999 -9999 -9999 -9999 -9999 -9999 -9999 -9999 -9999 -9999 -9999 -9999 -9999 -9999 -9999 -9999 -9999 -9999 -9999 -9999 -9999 -9999 -9999 -9999 -9999 -9999 -9999 -9999 -9999 -9999 -9999 -9999 -9999 -9999 -9999 -9999 -9999 -9999
0.28705 0.29036 0.292273 0.292329 0.29807 0.303625 0.309135 0.31908 0.33272 0.336067 0.337491 0.336389 0.337726 0.338903 0.340639 0.338113 0.326226 0.315981 0.326378 0.33017 0.329265 0.342514 0.342734 0.335903 0.324489 0.339913 0.343899 0.36374 0.369609 -9999 -9999 -9999 -9999 -9999 -9999 -9999 -9999 -9999 -9999 -9999 -9999 -9999 -9999 -9999 -9999 -9999 -9999 -9999 -9999 -9999 -9999 -9999 -9999 -9999 -9999 -9999 -9999 -9999 -9999 -9999 -9999 -9999 -9999 -9999 -9999 -9999 -9999 -9999 -9999 -9999
0.287927 0.293247 0.293935 0.295022 0.302211 0.304394 0.318512 0.323994 0.335778 0.339768 0.342307 0.343601 0.345009 0.346223 0.344863 0.341678 0.331969 0.319892 0.319693 0.330571 0.334726 0.340063 0.34034 0.339906 0.336824 0.349232 0.35773 0.374852 0.379072 0.389858 -9999 -9999 -9999 -9999 -9999 -9999 -9999 -9999 -9999 -9999 -9999 -9999 -9999 -9999 -9999 -9999 -9999 -9999 -9999 -9999 -9999 -9999 -9999 -9999 -9999 -9999 -9999 -9999 -9999 -9999 -9999 -9999 -9999 -9999 -9999 -9999 -9999 -9999 -9999 -9999
0.286998 0.294813 0.294751 0.291767 0.29684 0.301302 0.326309 0.329409 0.333522 0.342895 0.345865 0.348754 0.34925 0.350159 0.349661 0.346747 0.341416 0.334493 0.320378 0.334331 0.346231 0.34989 0.353629 0.354422 0.351262 0.363109 0.368811 0.38482 0.396748 0.395635 0.398347 -9999 -9999 -9999 -9999 -9999 -9999 -9999 -9999 -9999 -9999 -9999 -9999 -9999 -9999 -9999 -9999 -9999 -9999 -9999 -9999 -9999 -9999 -9999 -9999 -9999 -9999 -9999 -9999 -9999 -9999 -9999 -9999 -9999 -9999 -9999 -9999 -9999 -9999 -9999
-9999 0.294853 0.29475 0.290606 0.295639 0.301862 0.317644 0.339199 0.338688 0.343945 0.349141 0.352181 0.352703 0.348007 0.34983 0.35236 0.349832 0.341433 0.333144 0.333361 0.349403 0.356641 0.359798 0.36684 0.364567 0.37257 0.376286 0.380904 0.402555 0.40495 0.405873 0.402437 -9999 -9999 -9999 -9999 -9999 -9999 -9999 -9999 -9999 -9999 -9999 -9999 -9999 -9999 -9999 -9999 -9999 -9999 -9999 -9999 -9999 -9999 -9999 -9999 -9999 -9999 -9999 -9999 -9999 -9999 -9999 -9999 -9999 -9999 -9999 -9999 -9999 -9999
-9999 -9999 -9999 -9999 0.29242 0.307443 0.319765 0.338383 0.340652 0.34665 0.352481 0.355647 0.353638 0.354152 0.356865 0.356173 0.352733 0.351595 0.347309 0.342842 0.348774 0.362946 0.361757 0.37336 0.376953 0.382891 0.382535 0.390108 0.39935 0.404067 0.405124 0.402942 -9999 -9999 -9999 -9999 -9999 -9999 -9999 -9999 -9999 -9999 -9999 -9999 -9999 -9999 -9999 -9999 -9999 -9999 -9999 -9999 -9999 -9999 -9999 -9999 -9999 -9999 -9999 -9999 -9999 -9999 -9999 -9999 -9999 -9999 -9999 -9999 -9999 -9999
-9999 -9999 -9999 -9999 -9999 0.309604 0.320863 0.33124 0.342515 0.347808 0.355212 0.358685 0.359996 0.361606 0.362362 0.362299 0.360285 0.357733 0.353666 0.355745 0.365532 0.368712 0.370647 0.375486 0.383074 0.386475 0.386186 0.386117 0.383494 0.397468 0.395769 0.400726 0.40025 -9999 -9999 -9999 -9999 -9999 -9999 -9999 -9999 -9999 -9999 -9999 -9999 0.457806 -9999 -9999 -9999 -9999 -9999 -9999 -9999 -9999 -9999 -9999 -9999 -9999 -9999 -9999 -9999 -9999 -9999 -9999 -9999 -9999 0.495798 -9999 -9999 -9999
-9999 -9999 -9999 -9999 0.302401 0.32125 0.327892 0.33572 0.34859 0.350004 0.358134 0.361784 0.363748 0.365289 0.364613 0.366403 0.36625 0.36306 0.364294 0.369006 0.372657 0.37669 0.380579 0.383498 0.385931 0.388289 0.399192 0.397407 0.397753 0.405019 0.409502 0.407121 0.401035 0.396726 -9999 -9999 -9999 -9999 -9999 -9999 -9999 0.435628 0.438194 0.441454 0.446814 0.45603 0.455765 -9999 -9999 -9999 -9999 -9999 -9999 -9999 -9999 -9999 -9999 -9999 -9999 -9999 -9999 -9999 -9999 -9999 -9999 -9999 0.490285 0.484639 -9999 -9999
-9999 -9999 -9999 -9999 0.317034 0.32504 0.33079 0.338779 0.344892 0.354142 0.359607 0.364772 0.367973 0.369357 0.369522 0.37209 0.370736 0.370926 0.371632 0.376874 0.379825 0.381208 0.382625 0.384616 0.384529 0.38825 0.402371 0.402986 0.401064 0.398881 0.415126 0.405759 0.396227 0.38881 -9999 -9999 -9999 -9999 -9999 -9999 0.430701 0.438192 0.443899 0.440511 0.448939 0.456949 0.4592 0.464298 -9999 -9999 -9999 -9999 -9999 -9999 -9999 -9999 -9999 -9999 -9999 -9999 -9999 -9999 0.505062 0.499977 0.486986 0.481809 0.47971 0.4751 -9999 -9999
-9999 -9999 -9999 -9999 0.317639 0.326872 0.334444 0.341715 0.346117 0.348742 0.362737 0.367378 0.370805 0.373597 0.375863 0.375059 0.375794 0.372862 0.379343 0.381061 0.381964 0.379694 0.380453 0.375701 0.375897 0.389439 0.400776 0.40062 0.395129 0.386989 0.381741 0.399096 0.397379 0.390882 -9999 -9999 -9999 -9999 -9999 -9999 0.429316 0.43693 0.443909 0.447316 0.44395 0.455644 0.464919 0.462404 0.463272 0.468774 0.471753 0.476097 0.491802 0.492197 0.488708 0.489656 -9999 -9999 -9999 -9999 0.490346 0.492732 0.495716 0.495642 0.481605 0.473132 0.465633 0.467187 -9999 -9999
-9999 -9999 -9999 -9999 0.322856 0.330247 0.336084 0.340542 0.347883 0.350751 0.364482 0.378606 0.38125 0.383637 0.385641 0.38637 0.385455 0.387484 0.38892 0.389278 0.382592 0.374832 0.382364 0.371671 0.369026 0.38655 0.397229 0.396637 0.389193 0.379688 0.385223 0.402501 0.398675 0.39991 -9999 -9999 -9999 0.413458 0.42243 0.424762 0.429028 0.438497 0.446614 0.446395 0.451932 0.462031 0.460634 0.458147 0.454779 0.457909 0.467929 0.470247 0.486764 0.486582 0.48259 0.4826 0.483242 0.483153 0.48276 0.482419 0.483513 0.485892 0.488574 0.489045 0.476408 0.471386 0.469334 0.447915 -9999 -9999
-9999 -9999 -9999 -9999 0.350393 0.358191 0.364946 0.355237 0.359959 0.36659 0.368804 0.380228 0.38332 0.382918 0.38706 0.388317 0.389234 0.389624 0.389704 0.383881 0.375617 0.367807 0.366085 0.37752 0.374064 0.38483 0.395806 0.390907 0.399358 0.391425 0.394232 0.400242 0.401543 0.391871 -9999 -9999 0.395786 0.411204 0.422529 0.429249 0.432761 0.435247 0.444745 0.448297 0.458745 0.466676 0.458749 0.462176 0.452137 0.455664 0.461314 0.461958 0.469813 0.481733 0.480033 0.47737 0.476526 0.47499 0.474075 0.4741 0.47424 0.477068 0.480422 0.482457 0.47541 0.474194 0.471225 0.442975 -9999 -9999
-9999 -9999 -9999 -9999 0.361382 0.370549 0.379218 0.383794 0.389644 0.368182 0.368436 0.376114 0.384839 0.385026 0.385255 0.389052 0.389903 0.390559 0.391149 0.385601 0.379412 0.369606 0.365065 0.369194 0.370584 0.382669 0.391506 0.396162 0.400156 0.406371 0.401358 0.403068 0.399069 0.396435 0.390348 -9999 0.395061 0.402151 0.415127 0.426703 0.435021 0.434937 0.445378 0.449882 0.462883 0.463866 0.460022 0.461466 0.462869 0.462858 0.467893 0.463563 0.468207 0.467504 0.474505 0.471769 0.469328 0.467245 0.466051 0.466077 0.467273 0.469719 0.473052 0.476666 0.476184 0.474343 0.466857 0.438474 -9999 -9999
-9999 -9999 -9999 0.341734 0.361716 0.373926 0.381519 0.387352 0.39185 0.394861 0.395162 0.379045 0.382811 0.387753 0.383973 0.385315 0.386949 0.390565 0.391291 0.391988 0.389423 0.376974 0.378884 0.383835 0.380118 0.383653 0.391899 0.405862 0.41102 0.410671 0.409071 0.408773 0.40174 0.395957 0.387928 0.389619 0.396735 0.402149 0.410963 0.42466 0.435177 0.441391 0.445667 0.455964 0.461467 0.463237 0.462159 0.463185 0.462132 0.462392 0.462046 0.463845 0.467262 0.463787 0.462654 0.466213 0.463226 0.460782 0.459373 0.459309 0.460593 0.463113 0.466927 0.471547 0.475177 0.472942 0.45321 0.43346 -9999 -9999
-9999 -9999 -9999 -9999 0.360982 0.370572 0.376994 0.382556 0.387985 0.392495 0.395384 0.395861 0.397289 0.386473 0.385278 0.380818 0.385671 0.387908 0.390488 0.39178 0.393072 0.390735 0.389546 0.390446 0.387586 0.398987 0.408797 0.415301 0.419115 0.41284 0.405882 0.400408 0.39029 0.391068 0.382998 0.390995 0.395428 0.407228 0.415898 0.420182 0.424191 0.439309 0.448201 0.454533 0.462061 0.461595 0.463023 0.462161 0.464738 0.464972 0.464441 0.453505 0.463255 0.459993 0.461933 0.457201 0.458607 0.455823 0.454229 0.45393 0.455195 0.457892 0.461945 0.465824 0.467244 0.466779 0.447353 0.430368 -9999 -9999
-9999 -9999 -9999 -9999 -9999 -9999 0.377078 0.383517 0.387686 0.391301 0.396587 0.397793 0.397643 0.396004 0.392275 0.383518 0.382386 0.383602 0.379344 0.386525 0.396759 0.401408 0.406487 0.401916 0.404446 0.417029 0.422288 0.420493 0.419885 0.418642 0.409762 0.407388 0.395313 0.385939 0.386073 0.397806 0.408231 0.419961 0.425417 0.4232 0.428004 0.438898 0.449971 0.457757 0.461322 0.460746 0.46282 0.460165 0.466828 0.467707 0.464632 0.460792 0.461531 0.460462 0.457169 0.457563 0.454828 0.452537 0.450679 0.450307 0.45151 0.454256 0.456066 0.460023 0.464321 0.468438 0.44836 0.424823 -9999 -9999
-9999 -9999 -9999 -9999 -9999 -9999 0.375513 0.381175 0.387034 0.396176 0.39865 0.399214 0.397237 0.395724 0.392086 0.385852 0.379873 0.375776 0.371679 0.377336 0.38952 0.399502 0.406139 0.403269 0.416785 0.422292 0.425725 0.421536 0.41955 0.420536 0.412138 0.408346 0.400769 0.388825 0.39463 0.400602 0.408153 0.421281 0.430182 0.434692 0.434022 0.441223 0.453479 0.457902 0.45782 0.462347 0.462387 0.457824 0.46674 0.469191 0.46671 0.465234 0.464249 0.461124 0.458576 0.456017 0.453323 0.450433 0.448753 0.448292 0.449495 0.451304 0.454419 0.458343 0.462534 0.46663 0.45495 0.422556 -9999 -9999
-9999 -9999 -9999 -9999 -9999 -9999 -9999 0.379405 0.389016 0.400424 0.400954 0.39907 0.398843 0.396263 0.391491 0.387551 0.380855 0.373396 0.360073 0.366371 0.378065 0.394426 0.406566 0.412833 0.418238 0.42016 0.413794 0.408599 0.413166 0.416382 0.411315 0.409861 0.401042 0.40776 0.414436 0.421365 0.424774 0.423558 0.431254 0.438417 0.437915 0.446069 0.455847 0.457594 0.460521 0.463425 0.463018 0.465332 0.467124 0.471635 0.467862 0.467682 0.467275 0.462892 0.459276 0.455903 0.453122 0.450269 0.448473 0.448125 0.448926 0.451069 0.45405 0.457698 0.461664 0.465536 0.467724 0.448028 0.439933 -9999
-9999 -9999 -9999 -9999 -9999 -9999 -9999 0.377171 0.382886 0.395893 0.397319 0.400827 0.400958 0.397975 0.391467 0.388235 0.378479 0.375677 0.36427 0.359534 0.368821 0.372269 0.393977 0.414644 0.42039 0.400679 0.398028 0.397636 0.405346 0.410381 0.411855 0.404388 0.401791 0.415145 0.42316 0.429024 0.433314 0.434374 0.434206 0.444702 0.448434 0.454697 0.457906 0.46253 0.462064 0.463169 0.468495 0.467871 0.46873 0.473327 0.468164 0.47008 0.46926 0.463908 0.45935 0.457507 0.454159 0.45148 0.449415 0.449097 0.449774 0.451776 0.454675 0.458052 0.4616 0.465234 0.468354 0.461495 0.4544 0.451652
-9999 -9999 -9999 -9999 -9999 -9999 -9999 -9999 0.375982 0.393561 0.398811 0.400622 0.403445 0.400826 0.399964 0.392839 0.382424 0.374986 0.365055 0.355465 0.348241 0.375368 0.400669 0.417629 0.424912 0.409629 0.407724 0.413767 0.424731 0.425076 0.425541 0.421491 0.419414 0.415284 0.417904 0.427562 0.434122 0.440299 0.445328 0.446609 0.451548 0.457486 0.461417 0.466183 0.469846 0.473321 0.471084 0.47661 0.475132 0.476802 0.474987 0.472256 0.471416 0.464732 0.462367 0.459897 0.456684 0.452688 0.451391 0.451141 0.451786 0.453154 0.456031 0.459058 0.462307 0.465414 0.468263 0.462587 0.462122 0.457286
-9999 -9999 -9999 -9999 -9999 -9999 -9999 -9999 0.373085 0.390255 0.395696 0.403902 0.409727 0.412326 0.407403 0.401089 0.392812 0.38324 0.377308 0.36606 0.355931 0.373647 0.40271 0.420597 0.428422 0.417558 0.42961 0.431498 0.438621 0.435319 0.435661 0.439994 0.435406 0.429555 0.425104 0.421321 0.436204 0.443806 0.450511 0.45453 0.457983 0.461217 0.461123 0.46901 0.465892 0.474993 0.476856 0.478408 0.478948 0.478808 0.47741 0.474989 0.474881 0.471029 0.465289 0.462502 0.457254 0.45535 0.454229 0.45392 0.454405 0.455619 0.457327 0.455745 0.463449 0.466087 0.468434 0.462153 0.46225 0.461647
-9999 -9999 -9999 -9999 -9999 -9999 -9999 -9999 0.355549 0.380367 0.40353 0.410536 0.421506 0.419024 0.41558 0.408568 0.404022 0.397236 0.392728 0.386528 0.376923 0.374303 0.382325 0.413406 0.432872 0.43992 0.445729 0.446583 0.447187 0.450844 0.454514 0.456403 0.45414 0.443794 0.441157 0.436536 0.447488 0.448615 0.447917 0.461932 0.46361 0.465121 0.462777 0.456704 0.460251 0.468301 0.472714 0.470447 0.47527 0.478669 0.479107 0.477387 0.477726 0.472905 0.469259 0.462887 0.460518 0.458673 0.457551 0.457214 0.457584 0.458465 0.459845 0.461586 0.457964 0.458814 0.468869 0.461831 0.461703 0.460996
-9999 -9999 -9999 -9999 -9999 -9999 -9999 -9999 0.372268 0.391334 0.406728 0.421935 0.427891 0.42582 0.425385 0.421678 0.417202 0.411365 0.405789 0.401078 0.393172 0.38967 0.407825 0.41128 0.429385 0.440886 0.450274 0.455376 0.458951 0.468142 0.469621 0.475925 0.47076 0.462753 0.456613 0.447941 0.460439 0.46158 0.459751 0.467293 0.468526 0.460611 0.455367 0.457005 0.46022 0.457836 0.457865 0.466553 0.470558 0.479035 0.474207 0.473278 0.478567 0.476219 0.468645 0.466251 0.464058 0.462376 0.461259 0.460871 0.4611 0.461682 0.462699 0.463918 0.465008 0.459445 0.459741 0.450941 0.461057 0.460256
-9999 -9999 -9999 -9999 -9999 -9999 -9999 -9999 0.38834 0.394806 0.408287 0.429545 0.436562 0.436977 0.436689 0.434029 0.429261 0.426436 0.423459 0.419371 0.418831 0.415602 0.409784 0.435966 0.425563 0.437687 0.451391 0.4623 0.466657 0.467716 0.476689 0.480564 0.481988 0.474285 0.471203 0.466369 0.473177 0.472991 0.473099 0.473595 0.466581 0.456721 0.449518 0.458585 0.459376 0.459941 0.450755 0.45745 0.464177 0.466093 0.472381 0.467872 0.479851 0.472571 0.471127 0.469459 0.467871 0.466199 0.465244 0.464672 0.464638 0.465015 0.465618 0.466376 0.467064 0.467581 0.460095 0.4506 0.449225 0.434776
-9999 -9999 -9999 -9999 -9999 -9999 -9999 -9999 -9999 0.404042 0.431126 0.445651 0.451678 0.454027 0.45363 0.450976 0.447879 0.445947 0.444616 0.442351 0.439959 0.434689 0.432704 0.443589 0.429863 0.436693 0.44599 0.462302 0.470365 0.46817 0.464361 0.475899 0.485441 0.485255 0.48414 0.482843 0.482944 0.481879 0.480054 0.47504 0.458397 0.454994 0.449815 0.452542 0.450757 0.455158 0.452208 0.460972 0.46469 0.465765 0.457597 0.462641 0.462316 0.464025 0.461707 0.462239 0.471656 0.470202 0.469163 0.468454 0.468248 0.468339 0.46859 0.45926 0.458886 0.45838 0.44814 0.437692 0.435318 0.433295
-9999 -9999 -9999 -9999 -9999 -9999 -9999 -9999 -9999 0.423377 0.44086 0.458895 0.461973 0.465221 0.468052 0.465834 0.461916 0.459363 0.458004 0.457484 0.453007 0.449577 0.447026 0.44962 0.45614 0.433586 0.444852 0.464233 0.470935 0.472845 0.471099 0.467381 0.480085 0.490416 0.491087 0.48994 0.477803 0.480439 0.474374 0.466369 0.465072 0.462625 0.456064 0.461552 0.457073 0.460844 0.45429 0.459325 0.461595 0.466691 0.459419 0.463287 0.461878 0.464426 0.462762 0.465681 0.465839 0.465014 0.464103 0.46338 0.462774 0.462333 0.461817 0.461241 0.460544 0.459573 0.458134 0.445069 0.424568 0.422829
-9999 -9999 -9999 -9999 -9999 -9999 -9999 -9999 -9999 0.440804 0.451923 0.467646 0.478293 0.475771 0.479811 0.481243 0.477125 0.473691 0.471256 0.471718 0.465843 0.459802 0.456058 0.451128 0.456816 0.467342 0.453119 0.466809 0.472054 0.473015 0.478339 0.483194 0.492179 0.496905 0.498288 0.497256 0.494668 0.493337 0.488983 0.487595 0.481904 0.472673 0.46981 0.473589 0.463673 0.465278 0.469863 0.458499 0.465427 0.468302 0.459032 0.460714 0.46652 0.468558 0.470146 0.47004 0.469117 0.468723 0.467557 0.466622 0.465784 0.464966 0.464177 0.463179 0.462105 0.4601 0.457499 0.448013 0.421037 0.41974
-9999 -9999 -9999 -9999 -9999 -9999 -9999 -9999 -9999 0.459263 0.468803 0.481988 0.488675 0.487271 0.492241 0.497032 0.495014 0.491247 0.490746 0.488604 0.483369 0.477955 0.472199 0.471237 0.464711 0.477773 0.458154 0.470032 0.477151 0.485252 0.483828 0.490759 0.497243 0.500028 0.506008 0.506151 0.50449 0.496793 0.49331 0.495509 0.494549 0.492437 0.486152 0.486615 0.482678 0.481202 0.479554 0.465956 0.469225 0.468874 0.459735 0.4713 0.473334 0.474018 0.474511 0.473332 0.472697 0.472523 0.471264 0.470064 0.468903 0.467817 0.466595 0.465022 0.463396 0.460098 0.455214 0.447342 0.412456 0.417231
-9999 -9999 -9999 -9999 -9999 -9999 -9999 -9999 -9999 0.473801 0.483871 0.494527 0.497025 0.494889 0.50617 0.512655 0.511315 0.509097 0.50736 0.499503 0.501494 0.501741 0.496094 0.487022 0.4769 0.48077 0.487786 0.473121 0.479811 0.483912 0.481991 0.486126 0.49567 0.504035 0.512514 0.514936 0.512949 0.500892 0.488094 0.494618 0.501603 0.502038 0.500556 0.494282 0.492358 0.490426 0.485331 0.47387 0.469139 0.470452 0.474136 0.474975 0.477353 0.478992 0.475591 0.474495 0.476237 0.476588 0.475093 0.473645 0.472279 0.470806 0.469216 0.466892 0.464396 0.461196 0.450642 0.443172 0.421742 0.415657
-9999 -9999 -9999 -9999 -9999 -9999 -9999 -9999 -9999 0.486711 0.492623 0.502425 0.504353 0.509956 0.520445 0.524802 0.526401 0.525461 0.523964 0.520414 0.518949 0.515657 0.509 0.499532 0.488942 0.482826 0.489119 0.473427 0.481487 0.484835 0.481773 0.489467 0.49979 0.514199 0.522651 0.524312 0.524112 0.521951 0.51266 0.501307 0.501539 0.50747 0.502592 0.496777 0.499566 0.498464 0.49297 0.488565 0.477156 0.466849 0.476238 0.476123 0.479024 0.484426 0.483392 0.481148 0.482419 0.480742 0.479053 0.477456 0.475743 0.473971 0.472053 0.469489 0.465999 0.458043 0.450641 0.441133 0.437548 0.417973
-9999 -9999 -9999 -9999 -9999 -9999 -9999 -9999 -9999 0.496646 0.503785 0.512378 0.520575 0.528601 0.535564 0.534065 0.537515 0.536361 0.538444 0.537557 0.534281 0.531129 0.525024 0.51173 0.50097 0.48923 0.494534 0.506686 0.495183 0.490865 0.480876 0.495016 0.510201 0.523877 0.531655 0.527276 0.533304 0.533318 0.529982 0.523152 0.512305 0.512222 0.503691 0.502668 0.505934 0.506214 0.504282 0.500283 0.491085 0.474312 0.481556 0.47984 0.482123 0.485664 0.489176 0.487996 0.487039 0.485101 0.483176 0.481328 0.479365 0.477191 0.474722 0.471736 0.464446 0.456052 0.449638 0.441725 0.437888 0.431939
