Test_Spring_2018b/03_18/Prec/20180305_023.txt
ncols	170
nrows	115
xllcorner	350000.000000
yllcorner	4445000.000000
cellsize	1000.000000
nodata_value	-9999.000000
[rows 31 to 61 of 115, columns 70 to 139 of 170]
0.969684 0.974625 0.977458 0.97653 0.978576 0.998917 1.01065 1.01278 1.00242 1.00359 1.00219 1.00252 1.00131 0.998152 0.997227 0.990666 0.967858 0.975214 0.978615 0.972755 0.977698 0.985261 0.981524 0.967489 0.962879 0.954405 0.966436 0.969232 0.964108 -9999 -9999 -9999 -9999 -9999 -9999 -9999 -9999 -9999 -9999 -9999 -9999 -9999 -9999 -9999 -9999 -9999 -9999 -9999 -9999 -9999 -9999 -9999 -9999 -9999 -9999 -9999 -9999 -9999 -9999 -9999 -9999 -9999 -9999 -9999 -9999 -9999 -9999 -9999 -9999 -9999
0.973604 0.976398 0.977549 0.97655 0.982017 0.987268 1.008 1.00022 1.00412 1.00577 1.00525 1.00186 1.00123 1.00037 1.00005 0.994728 0.978537 0.963975 0.972658 0.973488 0.968616 0.979523 0.975229 0.962575 0.944421 0.956656 0.955724 0.952466 0.945061 -9999 -9999 -9999 -9999 -9999 -9999 -9999 -9999 -9999 -9999 -9999 -9999 -9999 -9999 -9999 -9999 -9999 -9999 -9999 -9999 -9999 -9999 -9999 -9999 -9999 -9999 -9999 -9999 -9999 -9999 -9999 -9999 -9999 -9999 -9999 -9999 -9999 -9999 -9999 -9999 -9999
0.971868 0.977113 0.977014 0.977322 0.984555 0.986065 0.999926 1.00389 1.00565 1.00795 1.00861 1.00783 1.00714 1.00617 1.00215 0.995891 0.981996 0.965153 0.96156 0.970265 0.970945 0.972598 0.968106 0.962443 0.953435 0.961819 0.965549 0.963494 0.948745 0.947996 -9999 -9999 -9999 -9999 -9999 -9999 -9999 -9999 -9999 -9999 -9999 -9999 -9999 -9999 -9999 -9999 -9999 -9999 -9999 -9999 -9999 -9999 -9999 -9999 -9999 -9999 -9999 -9999 -9999 -9999 -9999 -9999 -9999 -9999 -9999 -9999 -9999 -9999 -9999 -9999
0.968263 0.976489 0.975656 0.971433 0.976351 0.980541 0.991368 0.998927 1.0013 1.00968 1.01075 1.0117 1.00988 1.00845 1.00529 0.999207 0.990154 0.979024 0.959384 0.971386 0.980658 0.980121 0.97925 0.974603 0.965058 0.972278 0.972215 0.961156 0.955072 0.946484 0.942479 -9999 -9999 -9999 -9999 -9999 -9999 -9999 -9999 -9999 -9999 -9999 -9999 -9999 -9999 -9999 -9999 -9999 -9999 -9999 -9999 -9999 -9999 -9999 -9999 -9999 -9999 -9999 -9999 -9999 -9999 -9999 -9999 -9999 -9999 -9999 -9999 -9999 -9999 -9999
-9999 0.974348 0.973558 0.96809 0.973034 0.979295 0.979747 0.992936 1.00562 1.00926 1.01282 1.01391 1.01206 1.00418 1.0036 1.00365 0.997691 0.984752 0.971592 0.967732 0.981473 0.984701 0.982782 0.984797 0.975716 0.977914 0.974853 0.963899 0.961063 0.949015 0.942069 0.930444 -9999 -9999 -9999 -9999 -9999 -9999 -9999 -9999 -9999 -9999 -9999 -9999 -9999 -9999 -9999 -9999 -9999 -9999 -9999 -9999 -9999 -9999 -9999 -9999 -9999 -9999 -9999 -9999 -9999 -9999 -9999 -9999 -9999 -9999 -9999 -9999 -9999 -9999
-9999 -9999 -9999 -9999 0.967581 0.968176 0.97047 0.990642 1.00651 1.01097 1.01525 1.01647 1.01175 1.00981 1.01024 1.0066 0.999561 0.994821 0.986096 0.976708 0.97866 0.989447 0.982135 0.988809 0.985766 0.984853 0.97628 0.962157 0.950766 0.939989 0.932172 0.920968 -9999 -9999 -9999 -9999 -9999 -9999 -9999 -9999 -9999 -9999 -9999 -9999 -9999 -9999 -9999 -9999 -9999 -9999 -9999 -9999 -9999 -9999 -9999 -9999 -9999 -9999 -9999 -9999 -9999 -9999 -9999 -9999 -9999 -9999 -9999 -9999 -9999 -9999
-9999 -9999 -9999 -9999 -9999 0.96917 0.970722 0.981136 1.00749 1.01116 1.01726 1.01888 1.01801 1.01739 1.01567 1.0128 1.00741 1.00104 0.992478 0.990385 0.99647 0.994356 0.990115 0.988462 0.989229 0.984544 0.967031 0.951415 0.938224 0.92456 0.912445 0.908258 0.898364 -9999 -9999 -9999 -9999 -9999 -9999 -9999 -9999 -9999 -9999 -9999 -9999 0.905039 -9999 -9999 -9999 -9999 -9999 -9999 -9999 -9999 -9999 -9999 -9999 -9999 -9999 -9999 -9999 -9999 -9999 -9999 -9999 -9999 0.878996 -9999 -9999 -9999
-9999 -9999 -9999 -9999 0.97596 0.972002 0.978067 0.985555 0.999204 1.01278 1.01977 1.0217 1.0217 1.02115 1.01795 1.01733 1.01417 1.00711 1.00457 1.00534 1.00418 1.00265 1.0001 0.995573 0.98962 0.982749 0.971696 0.958457 0.947294 0.932899 0.919046 0.905248 0.887808 0.873149 -9999 -9999 -9999 -9999 -9999 -9999 -9999 0.876555 0.878089 0.880641 0.885615 0.894854 0.893041 -9999 -9999 -9999 -9999 -9999 -9999 -9999 -9999 -9999 -9999 -9999 -9999 -9999 -9999 -9999 -9999 -9999 -9999 -9999 0.874469 0.866788 -9999 -9999
-9999 -9999 -9999 -9999 0.968638 0.976037 0.980989 0.98864 0.994301 1.01682 1.02089 1.0247 1.02631 1.02582 1.02381 1.0243 1.01996 1.01689 1.01377 1.01505 1.01286 1.00791 1.00197 0.995637 0.985879 0.979452 0.971333 0.959405 0.944147 0.928374 0.916443 0.893313 0.870693 0.8514 -9999 -9999 -9999 -9999 -9999 -9999 0.85945 0.867045 0.873186 0.869265 0.878869 0.887851 0.889976 0.883337 -9999 -9999 -9999 -9999 -9999 -9999 -9999 -9999 -9999 -9999 -9999 -9999 -9999 -9999 0.898947 0.891572 0.875182 0.867744 0.863897 0.857303 -9999 -9999
-9999 -9999 -9999 -9999 0.969485 0.978078 0.984994 0.991807 0.99559 1.01048 1.02412 1.02756 1.02969 1.03111 1.03182 1.02879 1.02711 1.02068 1.02424 1.02146 1.01672 1.00721 0.999929 0.985101 0.974655 0.966629 0.966121 0.951752 0.930773 0.906507 0.877942 0.875309 0.860259 0.84086 -9999 -9999 -9999 -9999 -9999 -9999 0.844505 0.853194 0.861866 0.866842 0.86417 0.878491 0.878696 0.876213 0.877179 0.883036 0.885675 0.878552 0.894792 0.894825 0.890326 0.890791 -9999 -9999 -9999 -9999 0.886651 0.887943 0.889801 0.888094 0.870443 0.859162 0.849071 0.838671 -9999 -9999
-9999 -9999 -9999 -9999 0.975782 0.982041 0.986852 0.990439 0.997665 1.01241 1.02596 1.02919 1.03149 1.03354 1.03499 1.0346 1.0317 1.0313 1.02916 1.02455 1.01058 0.99399 0.993426 0.980936 0.962569 0.962066 0.959269 0.942731 0.917758 0.890126 0.872029 0.868853 0.850003 0.818777 -9999 -9999 -9999 0.803969 0.810724 0.811333 0.815329 0.826158 0.836055 0.85585 0.864513 0.867622 0.86821 0.86665 0.863594 0.867462 0.878749 0.880897 0.888178 0.888034 0.883379 0.873428 0.874285 0.874019 0.87305 0.871737 0.871647 0.872641 0.873668 0.871966 0.865652 0.858225 0.854259 0.830696 -9999 -9999
-9999 -9999 -9999 -9999 0.995748 1.00202 1.00779 0.994702 0.999206 1.00657 1.01897 1.03174 1.03515 1.03466 1.03921 1.04002 1.03971 1.03779 1.03424 1.0225 1.0064 0.989172 0.977243 0.975805 0.958256 0.949725 0.946085 0.932195 0.896761 0.870018 0.856075 0.838823 0.821801 0.798451 -9999 -9999 0.776722 0.789364 0.799133 0.805242 0.809008 0.812595 0.824839 0.830666 0.844463 0.845229 0.839185 0.844609 0.85695 0.861949 0.856407 0.857431 0.857592 0.871671 0.870779 0.868585 0.868173 0.866589 0.865246 0.864457 0.863272 0.864666 0.866268 0.866099 0.85546 0.851503 0.837016 0.813977 -9999 -9999
-9999 -9999 -9999 -9999 0.998017 1.00489 1.01231 1.01624 1.02277 1.00882 1.01886 1.02781 1.03836 1.03927 1.04008 1.04446 1.04464 1.04341 1.04061 1.02912 1.01505 0.994955 0.978981 0.968604 0.95529 0.922438 0.913773 0.900164 0.88593 0.874649 0.855617 0.832417 0.812389 0.793152 0.775137 -9999 0.76466 0.767988 0.779989 0.792123 0.801955 0.803264 0.81727 0.824884 0.833478 0.836718 0.835974 0.829418 0.832522 0.834197 0.841841 0.85765 0.855291 0.856313 0.865211 0.863428 0.861609 0.859717 0.858258 0.857549 0.857526 0.858339 0.859683 0.861026 0.857557 0.845316 0.833643 0.80946 -9999 -9999
-9999 -9999 -9999 0.989618 0.99853 1.00844 1.01443 1.01984 1.02511 1.02998 1.04057 1.03199 1.03757 1.0446 1.04159 1.04387 1.04552 1.04806 1.0456 1.04116 1.0309 1.00722 0.996224 0.966786 0.943706 0.923518 0.912442 0.907777 0.893313 0.873126 0.852371 0.827146 0.805807 0.785044 0.762517 0.755331 0.756652 0.758295 0.765903 0.780897 0.79374 0.802766 0.810297 0.817954 0.826645 0.82261 0.824685 0.827625 0.828411 0.830961 0.833118 0.838016 0.836997 0.852228 0.853074 0.85832 0.856278 0.854272 0.852747 0.85199 0.852 0.85272 0.854353 0.856528 0.851843 0.845372 0.8184 0.802771 -9999 -9999
-9999 -9999 -9999 -9999 0.997408 1.00392 1.0084 1.01356 1.02018 1.02726 1.04101 1.04443 1.04953 1.04518 1.04573 1.04205 1.04791 1.04926 1.04908 1.04525 1.03907 1.01245 0.99467 0.977022 0.953355 0.940681 0.929812 0.915164 0.897817 0.869671 0.841771 0.810078 0.782565 0.769597 0.749568 0.748548 0.746966 0.756147 0.763916 0.768541 0.774338 0.793888 0.801941 0.805991 0.815798 0.816662 0.821797 0.822876 0.828191 0.831206 0.833749 0.82481 0.832292 0.834075 0.841601 0.849605 0.852442 0.850321 0.848744 0.847754 0.847659 0.848392 0.850028 0.847254 0.843624 0.838642 0.812485 0.799209 -9999 -9999
-9999 -9999 -9999 -9999 -9999 -9999 1.00713 1.01334 1.01879 1.02531 1.04204 1.04698 1.05104 1.05357 1.05331 1.0476 1.04708 1.04757 1.03971 1.03759 1.03782 1.02854 1.01681 0.991667 0.968885 0.960263 0.942916 0.917629 0.894201 0.870913 0.840108 0.81164 0.781644 0.757021 0.745681 0.750093 0.755416 0.764788 0.769164 0.76662 0.773528 0.782892 0.796283 0.80611 0.811297 0.811985 0.817921 0.817124 0.827379 0.831532 0.831688 0.831452 0.829751 0.834832 0.837174 0.843113 0.844472 0.847822 0.846079 0.845029 0.844779 0.845388 0.841616 0.841371 0.841276 0.841125 0.81388 0.7925 -9999 -9999
-9999 -9999 -9999 -9999 -9999 -9999 1.00334 1.00874 1.01633 1.02951 1.04328 1.04803 1.05061 1.05389 1.05429 1.0506 1.04569 1.0403 1.03119 1.02977 1.03195 1.02804 1.01721 0.993045 0.981898 0.964234 0.943915 0.915128 0.889499 0.868276 0.837704 0.807585 0.782782 0.755419 0.750818 0.748976 0.751449 0.762618 0.771108 0.775905 0.774567 0.783101 0.797591 0.803304 0.804069 0.810372 0.813931 0.810996 0.823981 0.830212 0.831451 0.834413 0.831568 0.834979 0.838834 0.842012 0.843917 0.844079 0.844528 0.843395 0.843072 0.841358 0.840536 0.839958 0.839434 0.838965 0.821038 0.789143 -9999 -9999
-9999 -9999 -9999 -9999 -9999 -9999 -9999 1.00404 1.01606 1.03205 1.04382 1.04614 1.05108 1.0535 1.05292 1.05209 1.04627 1.03707 1.01781 1.01688 1.01813 1.02101 1.0159 1.00157 0.980673 0.958423 0.926526 0.896299 0.877979 0.859273 0.832611 0.805389 0.779552 0.77391 0.770768 0.770451 0.768556 0.763629 0.770795 0.77835 0.777568 0.786863 0.798132 0.800372 0.80417 0.808292 0.811184 0.815999 0.820898 0.829636 0.829673 0.834478 0.832774 0.835253 0.838389 0.841097 0.843283 0.843765 0.843525 0.842883 0.841803 0.840837 0.839723 0.838665 0.837712 0.836824 0.834567 0.816985 0.806292 -9999
-9999 -9999 -9999 -9999 -9999 -9999 -9999 0.997976 1.00562 1.0235 1.03646 1.04504 1.0505 1.05254 1.05003 1.04724 1.03923 1.03558 1.01792 1.00502 1.0033 0.991233 0.996827 0.998741 0.978179 0.931286 0.90373 0.879186 0.864762 0.848555 0.829879 0.796255 0.778171 0.780757 0.779755 0.778738 0.778214 0.775217 0.773694 0.784887 0.788556 0.795257 0.798531 0.80353 0.802969 0.804619 0.813834 0.815103 0.818859 0.827723 0.8263 0.833696 0.831621 0.833291 0.835653 0.840383 0.842161 0.843025 0.842195 0.841815 0.840117 0.839943 0.838722 0.837338 0.835889 0.834715 0.833513 0.830675 0.82113 0.817428
-9999 -9999 -9999 -9999 -9999 -9999 -9999 -9999 0.993285 1.0163 1.0337 1.04024 1.04861 1.05088 1.04713 1.04469 1.03568 1.02646 1.01027 0.990155 0.971937 0.986908 0.996746 0.994687 0.976276 0.934945 0.908832 0.892293 0.882327 0.861591 0.842645 0.81352 0.796903 0.780368 0.773921 0.774946 0.776915 0.781769 0.786049 0.78645 0.791181 0.796859 0.800396 0.804992 0.808609 0.812494 0.812868 0.820878 0.821793 0.827229 0.829603 0.831738 0.829347 0.829575 0.834523 0.838627 0.840647 0.838534 0.839624 0.839406 0.837792 0.834909 0.837188 0.835536 0.833884 0.832246 0.830863 0.829756 0.827838 0.821817
-9999 -9999 -9999 -9999 -9999 -9999 -9999 -9999 0.984467 1.0068 1.02441 1.03792 1.04823 1.04386 1.04503 1.04281 1.03565 1.02356 1.01169 0.989668 0.964981 0.973304 0.988577 0.9882 0.97481 0.935864 0.926662 0.906437 0.893182 0.869409 0.851455 0.832554 0.814074 0.796464 0.777841 0.764956 0.778726 0.785161 0.791142 0.794313 0.796885 0.799174 0.79804 0.804903 0.800276 0.810118 0.814992 0.818165 0.821138 0.824325 0.827028 0.829397 0.827179 0.830506 0.831491 0.831244 0.831574 0.834217 0.835513 0.835343 0.833774 0.831037 0.827354 0.828043 0.831323 0.829425 0.827722 0.826562 0.825415 0.824322
-9999 -9999 -9999 -9999 -9999 -9999 -9999 -9999 0.957885 0.988611 1.02407 1.03617 1.03539 1.0391 1.04091 1.03694 1.03325 1.0238 1.01332 0.997129 0.973421 0.954424 0.95074 0.965456 0.968959 0.951782 0.936758 0.916666 0.897298 0.882766 0.869882 0.848833 0.826146 0.805393 0.790403 0.780749 0.790071 0.788998 0.78627 0.800455 0.800542 0.800363 0.795781 0.787524 0.790203 0.797353 0.805054 0.803567 0.81115 0.818118 0.822672 0.825598 0.822905 0.817469 0.821968 0.82221 0.825891 0.828414 0.829682 0.829629 0.828243 0.825589 0.822107 0.818193 0.820608 0.817039 0.824099 0.822932 0.821714 0.820643
-9999 -9999 -9999 -9999 -9999 -9999 -9999 -9999 0.965769 0.998925 1.01912 1.01728 1.02937 1.03229 1.0363 1.03499 1.0305 1.02155 1.00962 0.995279 0.974021 0.954859 0.957964 0.948749 0.948389 0.936861 0.93252 0.918729 0.904175 0.888133 0.874195 0.858561 0.84223 0.817675 0.804934 0.790769 0.801799 0.800548 0.79623 0.802661 0.801827 0.790472 0.782165 0.781876 0.784138 0.780281 0.783241 0.792671 0.79905 0.811527 0.798943 0.803396 0.805609 0.811253 0.810802 0.815215 0.818685 0.821148 0.822378 0.82244 0.821279 0.818853 0.815664 0.811945 0.807845 0.812317 0.80902 0.807211 0.817358 0.816359
-9999 -9999 -9999 -9999 -9999 -9999 -9999 -9999 0.971129 0.993599 1.01106 1.01236 1.02436 1.02876 1.03161 1.03033 1.02459 1.01849 1.00932 0.995891 0.983625 0.965711 0.942703 0.954556 0.929659 0.920721 0.907969 0.900651 0.887185 0.871686 0.866076 0.858741 0.841755 0.82578 0.816703 0.806921 0.811333 0.808332 0.805917 0.803977 0.793397 0.779502 0.768664 0.77658 0.775472 0.774905 0.767567 0.763215 0.772718 0.778011 0.788181 0.788062 0.796267 0.796411 0.801935 0.806589 0.810292 0.812496 0.813864 0.813913 0.812885 0.810864 0.807995 0.804636 0.800991 0.797376 0.803627 0.802219 0.800143 0.787636
-9999 -9999 -9999 -9999 -9999 -9999 -9999 -9999 -9999 0.989778 0.992358 1.01157 1.0215 1.02709 1.02879 1.02655 1.02188 1.01617 1.00851 0.997033 0.982758 0.962804 0.944587 0.939515 0.911376 0.897662 0.889364 0.88979 0.88199 0.864028 0.833319 0.825235 0.827726 0.820964 0.814658 0.809275 0.815234 0.810969 0.806063 0.797558 0.77575 0.759008 0.749634 0.749468 0.744625 0.74686 0.747391 0.757853 0.763746 0.767788 0.762351 0.758343 0.766752 0.77561 0.779676 0.786395 0.800695 0.802879 0.804114 0.804222 0.803458 0.801785 0.799351 0.787354 0.7835 0.779685 0.786403 0.785659 0.782862 0.781069
-9999 -9999 -9999 -9999 -9999 -9999 -9999 -9999 -9999 0.967498 0.988188 1.01018 1.01541 1.02065 1.02471 1.02183 1.01534 1.00839 1.00055 0.991314 0.975302 0.958427 0.94082 0.927747 0.91827 0.879018 0.874497 0.879853 0.87177 0.859559 0.819678 0.805428 0.811701 0.816886 0.812407 0.806878 0.789496 0.789306 0.779285 0.766974 0.762175 0.755979 0.745148 0.748308 0.740586 0.742971 0.738949 0.745177 0.749319 0.757716 0.752943 0.745905 0.753248 0.762441 0.766645 0.77556 0.780507 0.783272 0.784717 0.785099 0.784401 0.782844 0.780413 0.777436 0.774176 0.770772 0.767272 0.773898 0.764801 0.763631
-9999 -9999 -9999 -9999 -9999 -9999 -9999 -9999 -9999 0.97228 0.984765 1.00299 1.01559 1.01297 1.0172 1.01743 1.00992 1.00149 0.992305 0.984453 0.967461 0.948528 0.930716 0.910383 0.901355 0.897432 0.869314 0.869399 0.860704 0.848263 0.815622 0.811414 0.813482 0.81212 0.808161 0.802394 0.795516 0.790466 0.782152 0.777261 0.767461 0.753665 0.747282 0.748785 0.735171 0.735361 0.73976 0.731984 0.741429 0.747144 0.739806 0.732341 0.744588 0.752632 0.759984 0.764958 0.768311 0.771382 0.772566 0.772967 0.772486 0.771179 0.769269 0.766743 0.764025 0.760397 0.756459 0.745211 0.754277 0.753961
-9999 -9999 -9999 -9999 -9999 -9999 -9999 -9999 -9999 0.977643 0.987459 1.00176 1.00871 1.00621 1.01042 1.01355 1.00774 0.998527 0.991466 0.980897 0.965194 0.947796 0.92871 0.914043 0.892279 0.892415 0.859509 0.858493 0.85273 0.820497 0.807844 0.806086 0.80518 0.801327 0.802226 0.797378 0.791158 0.77853 0.771007 0.770152 0.765845 0.760403 0.750463 0.748595 0.74222 0.739282 0.736877 0.726792 0.732166 0.734152 0.73049 0.73008 0.737599 0.743609 0.749219 0.752532 0.755891 0.759056 0.760177 0.760537 0.760165 0.75922 0.757635 0.755371 0.752987 0.748837 0.743195 0.734586 0.737302 0.744316
-9999 -9999 -9999 -9999 -9999 -9999 -9999 -9999 -9999 0.978185 0.987832 0.998329 0.99951 0.995167 1.00563 1.00989 1.00426 0.996479 0.987958 0.971109 0.964137 0.953901 0.935797 0.912827 0.887921 0.878485 0.874539 0.846354 0.840615 0.803235 0.790102 0.785036 0.787325 0.789417 0.792686 0.789955 0.782943 0.765037 0.74674 0.750832 0.755773 0.753578 0.749574 0.740555 0.73702 0.734069 0.728153 0.723742 0.717219 0.721158 0.713502 0.719202 0.72678 0.733475 0.734226 0.737255 0.743045 0.746678 0.747585 0.74792 0.747774 0.747032 0.745819 0.743594 0.741162 0.738071 0.726865 0.719535 0.714442 0.735129
-9999 -9999 -9999 -9999 -9999 -9999 -9999 -9999 -9999 0.976776 0.981002 0.989724 0.989391 0.993004 1.00176 1.00293 1.00017 0.993579 0.985312 0.973587 0.963099 0.949412 0.93085 0.908162 0.883436 0.863253 0.856885 0.830116 0.813924 0.787356 0.772756 0.771402 0.774096 0.78251 0.785157 0.781007 0.775581 0.768655 0.754242 0.738044 0.735571 0.740097 0.732806 0.72497 0.727485 0.726119 0.720299 0.716251 0.710383 0.706934 0.700378 0.704885 0.712823 0.72349 0.72659 0.727989 0.733 0.734211 0.734953 0.735363 0.735257 0.734786 0.733959 0.732325 0.729685 0.722111 0.715408 0.706601 0.704859 0.72982
-9999 -9999 -9999 -9999 -9999 -9999 -9999 -9999 -9999 0.972132 0.977165 0.983819 0.989895 0.995542 0.99962 0.993563 0.992532 0.985513 0.981337 0.972846 0.960649 0.947591 0.930184 0.903661 0.879212 0.85298 0.845696 0.850603 0.793459 0.776318 0.753383 0.758787 0.766331 0.77317 0.774325 0.762652 0.76383 0.759083 0.751383 0.740502 0.725784 0.724032 0.713297 0.711728 0.715614 0.716612 0.715548 0.712522 0.713952 0.699895 0.690462 0.693143 0.700235 0.708538 0.716533 0.718865 0.72112 0.721929 0.722447 0.722791 0.722804 0.722451 0.721719 0.720441 0.714377 0.707241 0.70259 0.696476 0.695252 0.711287
