Test_Spring_2018b/03_18/Prec/20180326_007.txt
ncols	170
nrows	115
xllcorner	350000.000000
yllcorner	4445000.000000
cellsize	1000.000000
nodata_value	-9999.000000
[rows 32 to 63 of 115, columns 71 to 141 of 170]
0.734091 0.744366 0.754249 0.767734 0.78174 0.8266 0.856217 0.902451 0.913575 0.923361 0.931339 0.939963 0.947759 0.955008 0.959129 0.957427 0.955651 0.963763 0.9676 0.968253 0.975676 0.975788 0.971824 0.965173 0.972337 0.973388 1.0022 1.00269 -9999 -9999 -9999 -9999 -9999 -9999 -9999 -9999 -9999 -9999 -9999 -9999 -9999 -9999 -9999 -9999 -9999 -9999 -9999 -9999 -9999 -9999 -9999 -9999 -9999 -9999 -9999 -9999 -9999 -9999 -9999 -9999 -9999 -9999 -9999 -9999 -9999 -9999 -9999 -9999 -9999 -9999 -9999
0.724278 0.734313 0.74504 0.759449 0.771702 0.793298 0.85001 0.894134 0.905169 0.915046 0.923754 0.931909 0.939282 0.944586 0.948193 0.947654 0.945167 0.94822 0.95646 0.960662 0.965042 0.966421 0.967152 0.966293 0.973381 0.978327 0.987844 1.00912 1.02016 -9999 -9999 -9999 -9999 -9999 -9999 -9999 -9999 -9999 -9999 -9999 -9999 -9999 -9999 -9999 -9999 -9999 -9999 -9999 -9999 -9999 -9999 -9999 -9999 -9999 -9999 -9999 -9999 -9999 -9999 -9999 -9999 -9999 -9999 -9999 -9999 -9999 -9999 -9999 -9999 -9999 -9999
0.713746 0.723783 0.732726 0.746285 0.759865 0.80389 0.871901 0.88315 0.896769 0.906556 0.915731 0.923033 0.929907 0.935405 0.939025 0.940808 0.941239 0.937455 0.947936 0.957015 0.961521 0.96586 0.968503 0.968969 0.977197 0.982166 0.993163 1.02634 1.02616 1.02796 -9999 -9999 -9999 -9999 -9999 -9999 -9999 -9999 -9999 -9999 -9999 -9999 -9999 -9999 -9999 -9999 -9999 -9999 -9999 -9999 -9999 -9999 -9999 -9999 -9999 -9999 -9999 -9999 -9999 -9999 -9999 -9999 -9999 -9999 -9999 -9999 -9999 -9999 -9999 -9999 -9999
0.70251 0.71293 0.721665 0.735557 0.750333 0.788294 0.837435 0.876304 0.887727 0.898523 0.907546 0.914594 0.918277 0.924776 0.931126 0.934395 0.934242 0.933872 0.937741 0.949731 0.957026 0.962131 0.969235 0.971467 0.979071 0.984449 0.990885 1.01055 1.03404 1.03632 1.03625 -9999 -9999 -9999 -9999 -9999 -9999 -9999 -9999 -9999 -9999 -9999 -9999 -9999 -9999 -9999 -9999 -9999 -9999 -9999 -9999 -9999 -9999 -9999 -9999 -9999 -9999 -9999 -9999 -9999 -9999 -9999 -9999 -9999 -9999 -9999 -9999 -9999 -9999 -9999 -9999
-9999 -9999 -9999 0.724172 0.762135 0.805101 0.828007 0.868203 0.880135 0.891251 0.900223 0.905763 0.911957 0.918729 0.92327 0.926046 0.929813 0.931829 0.933728 0.941097 0.952848 0.956675 0.967295 0.973841 0.981716 0.986394 1.00106 1.01032 1.03668 1.04047 1.04241 -9999 -9999 -9999 -9999 -9999 -9999 -9999 -9999 -9999 -9999 -9999 -9999 -9999 -9999 -9999 -9999 -9999 -9999 -9999 -9999 -9999 -9999 -9999 -9999 -9999 -9999 -9999 -9999 -9999 -9999 -9999 -9999 -9999 -9999 -9999 -9999 -9999 -9999 -9999 -9999
-9999 -9999 -9999 -9999 0.755011 0.79635 0.814102 0.860618 0.872456 0.884507 0.893615 0.900764 0.907344 0.912896 0.917603 0.921045 0.924119 0.926452 0.932148 0.942093 0.948848 0.955226 0.963386 0.973231 0.98111 0.988116 0.999163 1.00406 1.03644 1.04026 1.04734 1.0513 -9999 -9999 -9999 -9999 -9999 -9999 -9999 -9999 -9999 -9999 -9999 -9999 1.08605 -9999 -9999 -9999 -9999 -9999 -9999 -9999 -9999 -9999 -9999 -9999 -9999 -9999 -9999 -9999 -9999 -9999 -9999 -9999 -9999 1.06056 -9999 -9999 -9999 -9999 -9999
-9999 -9999 -9999 0.711551 0.77429 0.791364 0.808542 0.829227 0.866168 0.878818 0.88807 0.895472 0.901833 0.906409 0.911862 0.916113 0.918799 0.923992 0.93133 0.938528 0.946382 0.954622 0.9628 0.971132 0.979785 0.99861 1.00547 1.01349 1.02436 1.05229 1.05699 1.05938 1.06221 -9999 -9999 -9999 -9999 -9999 -9999 -9999 1.09432 1.09335 1.09222 1.09183 1.09325 1.08966 -9999 -9999 -9999 -9999 -9999 -9999 -9999 -9999 -9999 -9999 -9999 -9999 -9999 -9999 -9999 -9999 -9999 -9999 -9999 1.05929 1.054 -9999 -9999 -9999 -9999
-9999 -9999 -9999 0.748188 0.767334 0.784981 0.803169 0.819481 0.86185 0.873419 0.883569 0.891551 0.897634 0.902372 0.907933 0.911293 0.915572 0.920456 0.928215 0.935392 0.942416 0.950131 0.95879 0.966956 0.977637 0.999285 1.00897 1.01744 1.02577 1.06029 1.06284 1.06483 1.06731 -9999 -9999 -9999 -9999 -9999 -9999 1.10545 1.10717 1.10711 1.10166 1.10195 1.10177 1.09852 1.08565 -9999 -9999 -9999 -9999 -9999 -9999 -9999 -9999 -9999 -9999 -9999 -9999 -9999 -9999 1.0764 1.0722 1.06362 1.05884 1.05543 1.05047 -9999 -9999 -9999 -9999
-9999 -9999 -9999 0.73901 0.760034 0.779818 0.798704 0.815039 0.853143 0.869992 0.880018 0.888061 0.894657 0.900159 0.903573 0.907652 0.910004 0.917741 0.923671 0.93 0.935566 0.943619 0.949665 0.959099 0.981015 0.997571 1.00846 1.01675 1.02369 1.05037 1.06616 1.07367 1.07792 -9999 -9999 -9999 -9999 -9999 -9999 1.11695 1.11813 1.11796 1.11515 1.10828 1.10899 1.09805 1.09105 1.0862 1.08428 1.0816 1.08608 1.08619 1.0835 1.07937 1.07806 -9999 -9999 -9999 -9999 1.07321 1.07339 1.07366 1.07205 1.06283 1.0562 1.04977 1.0521 -9999 -9999 -9999 -9999
-9999 -9999 -9999 0.732888 0.754285 0.774463 0.793074 0.811978 0.849644 0.866967 0.883341 0.890654 0.89659 0.901419 0.905057 0.907709 0.912154 0.916871 0.921859 0.924165 0.926987 0.938886 0.943202 0.954891 0.97719 0.99491 1.00721 1.0162 1.02417 1.05758 1.0749 1.08277 1.09347 -9999 -9999 -9999 1.12215 1.12823 1.12914 1.12946 1.13111 1.13092 1.12447 1.12121 1.11617 1.10302 1.0949 1.08679 1.08269 1.0829 1.07982 1.08579 1.08242 1.07779 1.07451 1.07358 1.07259 1.07165 1.07079 1.0706 1.07089 1.07107 1.06976 1.06217 1.05721 1.05343 1.03275 -9999 -9999 -9999 -9999
-9999 -9999 -9999 0.724153 0.746079 0.767392 0.801002 0.818968 0.836244 0.86777 0.881602 0.889077 0.893278 0.898789 0.902174 0.905235 0.908324 0.911952 0.913505 0.914999 0.918048 0.925615 0.943027 0.952631 0.972197 0.990988 1.00509 1.02814 1.03809 1.05344 1.08496 1.09387 1.09865 -9999 -9999 1.12172 1.13323 1.1406 1.14358 1.14305 1.14037 1.14006 1.13567 1.13426 1.1282 1.11104 1.10525 1.09003 1.08519 1.07978 1.07545 1.08014 1.07959 1.07617 1.07298 1.07131 1.06969 1.06864 1.06815 1.06764 1.06829 1.0689 1.06841 1.06274 1.05969 1.05886 1.03131 -9999 -9999 -9999 -9999
-9999 -9999 -9999 0.729434 0.752989 0.776071 0.796354 0.816245 0.836017 0.865719 0.877754 0.888168 0.892389 0.8954 0.899547 0.901968 0.904627 0.908058 0.909458 0.911951 0.914114 0.92062 0.934541 0.947598 0.974137 0.992977 1.01021 1.02749 1.04609 1.06297 1.09293 1.1032 1.11015 1.11657 -9999 1.13285 1.14031 1.14857 1.15386 1.15536 1.15066 1.15 1.14516 1.14199 1.13386 1.1178 1.10651 1.09936 1.09228 1.0887 1.07802 1.08029 1.07596 1.07417 1.07091 1.06848 1.06673 1.06574 1.06548 1.06572 1.06635 1.06704 1.06741 1.06513 1.06478 1.05791 1.03053 -9999 -9999 -9999 -9999
-9999 -9999 0.680253 0.723825 0.750096 0.773783 0.795887 0.816186 0.834215 0.863829 0.87842 0.886246 0.892649 0.893125 0.895434 0.897656 0.901272 0.904272 0.90858 0.912807 0.913658 0.924546 0.943461 0.954999 0.972901 0.992687 1.01615 1.03548 1.05215 1.06812 1.09711 1.11181 1.12086 1.1247 1.13419 1.14433 1.15116 1.15725 1.16341 1.1656 1.16356 1.15891 1.15498 1.14864 1.13603 1.12074 1.11172 1.10238 1.09462 1.08755 1.08262 1.08336 1.07438 1.07062 1.06859 1.06597 1.06421 1.06333 1.06325 1.06377 1.06462 1.06569 1.06664 1.06904 1.06545 1.04776 1.02523 -9999 -9999 -9999 -9999
-9999 -9999 -9999 0.718666 0.744504 0.768575 0.791554 0.81334 0.833091 0.863878 0.874864 0.883932 0.891526 0.892923 0.891714 0.895071 0.897421 0.900907 0.905161 0.911201 0.921011 0.930849 0.943776 0.956521 0.979489 1.00117 1.02192 1.0418 1.05668 1.07118 1.09806 1.10772 1.12167 1.13221 1.14365 1.15277 1.16313 1.16912 1.17015 1.16856 1.17063 1.16714 1.1581 1.15157 1.14056 1.12577 1.11488 1.10663 1.09816 1.09037 1.07828 1.08167 1.07508 1.07237 1.06563 1.06405 1.06228 1.06151 1.06155 1.06227 1.0634 1.06473 1.06719 1.06317 1.05984 1.04596 1.02497 -9999 -9999 -9999 -9999
-9999 -9999 -9999 -9999 -9999 0.766338 0.790557 0.812483 0.832543 0.864538 0.876377 0.884936 0.890286 0.892412 0.892455 0.892269 0.893655 0.893169 0.901517 0.912914 0.92371 0.937049 0.947523 0.965156 0.98796 1.00809 1.02542 1.04396 1.06249 1.07701 1.10597 1.11543 1.1248 1.13722 1.15338 1.16652 1.17695 1.18124 1.17871 1.17725 1.17478 1.17165 1.16541 1.15614 1.1444 1.12933 1.11683 1.11009 1.10139 1.09179 1.083 1.08115 1.07543 1.06981 1.06728 1.06418 1.0611 1.06038 1.06057 1.06145 1.06276 1.06268 1.06314 1.06297 1.06193 1.04755 1.02321 -9999 -9999 -9999 -9999
-9999 -9999 -9999 -9999 -9999 0.763712 0.787994 0.811319 0.834806 0.865411 0.877324 0.88525 0.890875 0.893129 0.892224 0.890652 0.889006 0.888741 0.895359 0.907653 0.921235 0.935504 0.947094 0.970801 0.990353 1.01005 1.02669 1.04513 1.06545 1.08087 1.10938 1.12168 1.13014 1.14587 1.15927 1.17073 1.18218 1.18824 1.18881 1.18381 1.18039 1.17758 1.16924 1.15769 1.14822 1.13173 1.11782 1.11187 1.10363 1.09401 1.08617 1.08307 1.07607 1.07069 1.06655 1.06345 1.06118 1.05999 1.06026 1.06126 1.06204 1.06287 1.06331 1.06305 1.06192 1.05181 1.02287 -9999 -9999 -9999 -9999
-9999 -9999 -9999 -9999 -9999 -9999 0.785735 0.811207 0.83613 0.865899 0.876847 0.885993 0.891329 0.8932 0.893625 0.891323 0.88807 0.882889 0.889777 0.90176 0.918644 0.935788 0.952194 0.97175 0.989556 1.00429 1.02059 1.04265 1.06434 1.0817 1.11151 1.1233 1.14161 1.15786 1.1718 1.18111 1.18498 1.19042 1.19248 1.18759 1.18466 1.18054 1.17078 1.16077 1.15039 1.13358 1.12315 1.11336 1.10606 1.09563 1.08833 1.08537 1.0776 1.07157 1.06694 1.06376 1.0615 1.06053 1.06078 1.06157 1.06259 1.06335 1.06363 1.06321 1.0619 1.05897 1.03665 1.02637 -9999 -9999 -9999
-9999 -9999 -9999 -9999 -9999 -9999 0.783124 0.806403 0.832104 0.862601 0.876562 0.886161 0.891597 0.892887 0.894763 0.890738 0.890039 0.885303 0.887845 0.898576 0.908661 0.930701 0.954488 0.974064 0.980376 0.996848 1.01544 1.03892 1.06132 1.08183 1.10839 1.12319 1.14473 1.16147 1.17468 1.18432 1.18903 1.19047 1.19428 1.19192 1.18824 1.18097 1.17301 1.16152 1.15048 1.13685 1.12509 1.11496 1.10782 1.09672 1.09054 1.08742 1.07912 1.07255 1.06866 1.06513 1.0629 1.06168 1.0619 1.06275 1.06329 1.06394 1.06403 1.06335 1.06189 1.05943 1.04378 1.03405 1.02657 1.02194 -9999
-9999 -9999 -9999 -9999 -9999 -9999 -9999 0.800692 0.828434 0.861244 0.874388 0.885603 0.891557 0.898182 0.897123 0.893267 0.890605 0.887023 0.884692 0.890861 0.913244 0.936966 0.958513 0.97851 0.986649 1.00298 1.02436 1.04891 1.06821 1.08752 1.11558 1.13008 1.14195 1.1554 1.17003 1.17964 1.18756 1.19175 1.19092 1.18922 1.18636 1.18001 1.17271 1.16397 1.15474 1.13761 1.12955 1.1186 1.11025 1.10115 1.09271 1.08983 1.0809 1.07549 1.07123 1.06769 1.06443 1.06357 1.06368 1.06434 1.06519 1.06449 1.06432 1.06345 1.06172 1.05917 1.04405 1.03792 1.02951 1.02019 1.01017
-9999 -9999 -9999 -9999 -9999 -9999 -9999 0.796595 0.823538 0.856798 0.873231 0.885683 0.898678 0.901012 0.901013 0.89895 0.895828 0.89491 0.892161 0.891487 0.916922 0.941818 0.963414 0.981589 0.992854 1.01567 1.034 1.05562 1.07204 1.09027 1.12229 1.13462 1.14481 1.15333 1.15875 1.17384 1.18232 1.18743 1.1883 1.18628 1.18193 1.17751 1.17045 1.159 1.15352 1.13918 1.12975 1.12047 1.11167 1.10319 1.09522 1.09315 1.08583 1.07872 1.07623 1.06905 1.06701 1.06604 1.06587 1.0662 1.06672 1.06708 1.06323 1.06336 1.06143 1.05871 1.04317 1.03757 1.0316 1.02508 1.01388
-9999 -9999 -9999 -9999 -9999 -9999 -9999 0.784443 0.814631 0.855996 0.872174 0.894028 0.900071 0.903762 0.904117 0.904789 0.903905 0.904438 0.904895 0.904877 0.910181 0.936712 0.965195 0.987149 1.0069 1.02546 1.04217 1.05923 1.07807 1.09679 1.12703 1.13773 1.1452 1.15181 1.15857 1.17112 1.17598 1.17727 1.18368 1.18129 1.1768 1.16867 1.16187 1.1551 1.14715 1.13492 1.12436 1.11807 1.11175 1.10474 1.09753 1.09625 1.09227 1.08563 1.0755 1.0722 1.07 1.06877 1.06828 1.06825 1.0683 1.06823 1.06782 1.06117 1.05859 1.0581 1.04204 1.03662 1.0309 1.02518 1.01891
-9999 -9999 -9999 -9999 -9999 -9999 -9999 0.786142 0.831562 0.853699 0.881847 0.894519 0.901159 0.90701 0.909835 0.911374 0.911827 0.912574 0.914443 0.915749 0.920797 0.938815 0.968529 0.991207 1.01296 1.02923 1.04696 1.0643 1.07989 1.09697 1.13014 1.14065 1.14462 1.15163 1.15548 1.16829 1.17291 1.17365 1.17701 1.175 1.16639 1.15772 1.15155 1.15065 1.14124 1.12719 1.12074 1.11485 1.11189 1.10825 1.10128 1.10289 1.09611 1.08308 1.07879 1.07546 1.07313 1.07161 1.07077 1.07033 1.06991 1.06939 1.0685 1.06701 1.05774 1.05435 1.03688 1.03541 1.02998 1.02453 1.01913
-9999 -9999 -9999 -9999 -9999 -9999 -9999 0.775411 0.829664 0.850283 0.882699 0.896036 0.904327 0.910819 0.914915 0.917121 0.919985 0.922869 0.925709 0.931316 0.936727 0.942188 0.965859 0.992869 1.01387 1.02794 1.04874 1.06652 1.08261 1.11283 1.12781 1.13662 1.14318 1.15076 1.15579 1.16508 1.16874 1.17053 1.17055 1.16482 1.15602 1.14729 1.14607 1.13984 1.13865 1.12062 1.1236 1.11941 1.11303 1.10764 1.09935 1.10525 1.09041 1.08575 1.08183 1.0787 1.07615 1.07443 1.07316 1.07224 1.07141 1.07041 1.0691 1.06729 1.0649 1.05328 1.03526 1.02975 1.01575 1.01022 1.01087
-9999 -9999 -9999 -9999 -9999 -9999 -9999 -9999 0.816178 0.856843 0.876603 0.890468 0.900945 0.908615 0.913933 0.918135 0.922423 0.926898 0.931163 0.936012 0.940323 0.947549 0.962845 0.990553 1.0084 1.02649 1.04881 1.06713 1.08008 1.10991 1.12351 1.13899 1.14826 1.15575 1.16168 1.16063 1.16357 1.16437 1.16182 1.15162 1.1535 1.147 1.14371 1.13735 1.14028 1.12568 1.1233 1.11838 1.11233 1.10186 1.10516 1.09175 1.08784 1.08263 1.07969 1.08165 1.07901 1.07697 1.07532 1.07399 1.07272 1.0713 1.06451 1.06195 1.05889 1.04495 1.02569 1.01976 1.014 1.00827 1.00399
-9999 -9999 -9999 -9999 -9999 -9999 -9999 -9999 0.836501 0.858698 0.880037 0.89232 0.903439 0.913172 0.919265 0.923714 0.928417 0.933618 0.939465 0.94376 0.949379 0.95643 0.967264 0.981288 1.00915 1.02718 1.04989 1.0662 1.07996 1.10618 1.11446 1.13049 1.14429 1.1519 1.15729 1.15558 1.16017 1.15878 1.155 1.15343 1.15009 1.14359 1.14255 1.13565 1.13258 1.1238 1.12031 1.11541 1.11216 1.10278 1.10629 1.09197 1.08874 1.08399 1.08228 1.07972 1.07711 1.07481 1.0728 1.07092 1.06905 1.06695 1.06453 1.06173 1.05844 1.05456 1.03815 1.01268 1.0074 1.00357 1.00002
-9999 -9999 -9999 -9999 -9999 -9999 -9999 -9999 0.842928 0.861473 0.881436 0.897677 0.905964 0.916677 0.925169 0.930106 0.934995 0.940273 0.947204 0.951221 0.955762 0.962276 0.969046 0.982276 0.998917 1.0327 1.05135 1.06574 1.07782 1.10693 1.11861 1.1317 1.1417 1.14895 1.15383 1.15672 1.15905 1.15856 1.15844 1.15495 1.14858 1.14465 1.14343 1.13446 1.13105 1.12888 1.11782 1.11603 1.11225 1.10236 1.0964 1.09451 1.09121 1.08826 1.08497 1.08174 1.07918 1.07652 1.07415 1.0719 1.0696 1.06717 1.06441 1.06136 1.05753 1.05313 1.04489 1.00927 1.00451 1.00151 0.998558
-9999 -9999 -9999 -9999 -9999 -9999 -9999 -9999 0.85003 0.86757 0.886142 0.90038 0.90945 0.920974 0.931652 0.938194 0.94345 0.950266 0.956304 0.961016 0.966103 0.971618 0.98033 0.98686 1.00432 1.03647 1.05324 1.06761 1.09923 1.10722 1.11905 1.12999 1.13821 1.14721 1.15221 1.15523 1.15406 1.15402 1.15593 1.15521 1.153 1.14781 1.14546 1.14025 1.13588 1.13111 1.11981 1.11667 1.11171 1.0935 1.10145 1.09784 1.09401 1.09055 1.08669 1.08352 1.08093 1.07804 1.07533 1.0727 1.07007 1.06727 1.06412 1.06074 1.05626 1.05073 1.04345 1.00313 1.00178 1.00071 0.975495
-9999 -9999 -9999 -9999 -9999 -9999 -9999 -9999 0.855252 0.87305 0.890355 0.902542 0.911455 0.926583 0.938521 0.945837 0.952336 0.95892 0.96233 0.971084 0.979282 0.984872 0.989221 0.993597 1.00584 1.02273 1.05519 1.06851 1.09727 1.10419 1.1138 1.12562 1.13613 1.1459 1.15166 1.15422 1.1506 1.14568 1.14995 1.15362 1.15307 1.1508 1.14541 1.14176 1.13768 1.13162 1.11578 1.11535 1.11166 1.10704 1.10264 1.09941 1.09619 1.09075 1.0869 1.0849 1.08247 1.07929 1.07629 1.0734 1.07044 1.06734 1.06374 1.05987 1.05546 1.04703 1.04005 1.01436 0.999425 0.997112 0.957735
-9999 -9999 -9999 -9999 -9999 -9999 -9999 -9999 0.859831 0.875614 0.892656 0.904762 0.917974 0.93298 0.944128 0.953314 0.960809 0.967817 0.973724 0.980849 0.987284 0.992333 0.996354 1.00026 1.00695 1.02051 1.05584 1.06711 1.09685 1.10255 1.11342 1.12511 1.13827 1.14761 1.15263 1.15588 1.15728 1.15415 1.14916 1.14945 1.15201 1.14827 1.14346 1.14264 1.13937 1.13347 1.12791 1.11838 1.09936 1.10703 1.1023 1.09947 1.09828 1.09409 1.08962 1.0873 1.0837 1.08032 1.07712 1.07394 1.07073 1.0674 1.06363 1.05924 1.05236 1.04562 1.03763 1.03262 0.999012 0.97276 0.95535
-9999 -9999 -9999 -9999 -9999 -9999 -9999 -9999 0.863122 0.879886 0.896614 0.912298 0.927066 0.940512 0.948868 0.959269 0.966874 0.975936 0.983371 0.989631 0.996159 1.00145 1.00335 1.00698 1.01049 1.02323 1.04199 1.09453 1.09947 1.10112 1.11494 1.12877 1.1412 1.14987 1.15149 1.1578 1.16022 1.16015 1.15754 1.15214 1.1517 1.14623 1.14414 1.1438 1.14148 1.13767 1.13253 1.11838 1.10211 1.10862 1.10314 1.10003 1.09788 1.09605 1.09209 1.08854 1.08473 1.08114 1.07774 1.07436 1.0709 1.06725 1.06325 1.05688 1.04979 1.04359 1.03646 1.03134 1.01352 0.970551 0.95208
-9999 -9999 -9999 -9999 -9999 -9999 -9999 -9999 -9999 0.886759 0.903925 0.918686 0.929121 0.94218 0.952714 0.962374 0.970373 0.983317 0.991259 0.997947 1.00432 1.00981 1.01319 1.01884 1.02228 1.02802 1.04012 1.09278 1.10267 1.1099 1.12004 1.13352 1.14659 1.15252 1.15231 1.15645 1.15999 1.16385 1.16365 1.15606 1.15146 1.14678 1.14695 1.14664 1.14398 1.14043 1.13599 1.10866 1.11608 1.11301 1.10935 1.10417 1.10089 1.09746 1.09329 1.08936 1.08545 1.08176 1.07817 1.07455 1.07093 1.06688 1.06216 1.05529 1.04423 1.0399 1.03426 1.02703 1.00129 0.951806 0.948562
-9999 -9999 -9999 -9999 -9999 -9999 -9999 -9999 -9999 0.892205 0.910759 0.922364 0.931511 0.937533 0.946893 0.964432 0.973857 0.986365 0.998635 1.00583 1.01189 1.01723 1.02264 1.0267 1.02908 1.03348 1.06626 1.07984 1.11311 1.12224 1.13163 1.14259 1.14944 1.15008 1.15015 1.15608 1.16013 1.16736 1.1691 1.16785 1.16224 1.15519 1.14995 1.15009 1.14689 1.14304 1.13872 1.11785 1.1157 1.11604 1.11173 1.10716 1.10237 1.09855 1.09417 1.08992 1.08598 1.08215 1.07842 1.0746 1.07071 1.06587 1.0606 1.05174 1.04333 1.03601 1.02772 1.02895 0.999797 0.968358 0.94538
