Test_Spring_2018b/03_18/Prec/20180320_014.txt
ncols	170
nrows	115
xllcorner	350000.000000
yllcorner	4445000.000000
cellsize	1000.000000
nodata_value	-9999.000000
[rows 33 to 65 of 115, columns 73 to 145 of 170]
0.191259 0.192417 0.197406 0.221559 0.241911 0.256962 0.262038 0.267807 0.274089 0.279931 0.285582 0.292771 0.301066 0.313864 0.328386 0.334809 0.333824 0.33799 0.341884 0.349942 0.359165 0.370906 0.372444 0.37725 0.384091 0.404792 0.424813 -9999 -9999 -9999 -9999 -9999 -9999 -9999 -9999 -9999 -9999 -9999 -9999 -9999 -9999 -9999 -9999 -9999 -9999 -9999 -9999 -9999 -9999 -9999 -9999 -9999 -9999 -9999 -9999 -9999 -9999 -9999 -9999 -9999 -9999 -9999 -9999 -9999 -9999 -9999 -9999 -9999 -9999 -9999 -9999 -9999 -9999
0.193462 0.19606 0.199404 0.229547 0.252587 0.257752 0.258986 0.264369 0.269451 0.275847 0.281633 0.288147 0.296187 0.305864 0.316722 0.332801 0.329581 0.328221 0.333136 0.338575 0.34668 0.358147 0.359672 0.365945 0.369634 0.405831 0.415241 0.421593 -9999 -9999 -9999 -9999 -9999 -9999 -9999 -9999 -9999 -9999 -9999 -9999 -9999 -9999 -9999 -9999 -9999 -9999 -9999 -9999 -9999 -9999 -9999 -9999 -9999 -9999 -9999 -9999 -9999 -9999 -9999 -9999 -9999 -9999 -9999 -9999 -9999 -9999 -9999 -9999 -9999 -9999 -9999 -9999 -9999
0.193844 0.196564 0.198775 0.211101 0.241773 0.253179 0.257308 0.261117 0.266039 0.272333 0.281925 0.286686 0.290777 0.298343 0.31008 0.321936 0.328167 0.323766 0.32603 0.331715 0.335273 0.345909 0.349871 0.357235 0.361164 0.378222 0.403607 0.410728 0.420331 -9999 -9999 -9999 -9999 -9999 -9999 -9999 -9999 -9999 -9999 -9999 -9999 -9999 -9999 -9999 -9999 -9999 -9999 -9999 -9999 -9999 -9999 -9999 -9999 -9999 -9999 -9999 -9999 -9999 -9999 -9999 -9999 -9999 -9999 -9999 -9999 -9999 -9999 -9999 -9999 -9999 -9999 -9999 -9999
-9999 0.198254 0.210645 0.22233 0.241135 0.250711 0.254439 0.257852 0.262665 0.270641 0.27645 0.280401 0.286523 0.294488 0.30091 0.309742 0.319042 0.32153 0.318803 0.327407 0.327677 0.334123 0.339433 0.349532 0.36655 0.376152 0.399579 0.406352 0.414773 -9999 -9999 -9999 -9999 -9999 -9999 -9999 -9999 -9999 -9999 -9999 -9999 -9999 -9999 -9999 -9999 -9999 -9999 -9999 -9999 -9999 -9999 -9999 -9999 -9999 -9999 -9999 -9999 -9999 -9999 -9999 -9999 -9999 -9999 -9999 -9999 -9999 -9999 -9999 -9999 -9999 -9999 -9999 -9999
-9999 -9999 0.208708 0.220899 0.22158 0.248244 0.252677 0.255103 0.259712 0.26528 0.270149 0.275222 0.280608 0.287254 0.29434 0.302715 0.307181 0.306772 0.311586 0.31793 0.322907 0.326586 0.333725 0.341822 0.365541 0.376602 0.400091 0.408746 0.41207 0.418429 -9999 -9999 -9999 -9999 -9999 -9999 -9999 -9999 -9999 -9999 -9999 -9999 0.393048 -9999 -9999 -9999 -9999 -9999 -9999 -9999 -9999 -9999 -9999 -9999 -9999 -9999 -9999 -9999 -9999 -9999 -9999 -9999 -9999 0.246239 -9999 -9999 -9999 -9999 -9999 -9999 -9999 -9999 -9999
-9999 0.189483 0.211241 0.215209 0.21828 0.239933 0.250288 0.25238 0.256903 0.261925 0.266634 0.272405 0.276123 0.28106 0.288182 0.292476 0.294786 0.298433 0.302516 0.307456 0.31383 0.321246 0.329312 0.343341 0.354245 0.363537 0.374054 0.395803 0.404332 0.414614 0.422786 -9999 -9999 -9999 -9999 -9999 -9999 -9999 0.41018 0.407525 0.403816 0.398054 0.388997 0.385972 -9999 -9999 -9999 -9999 -9999 -9999 -9999 -9999 -9999 -9999 -9999 -9999 -9999 -9999 -9999 -9999 -9999 -9999 -9999 0.242717 0.239207 -9999 -9999 -9999 -9999 -9999 -9999 -9999 -9999
-9999 0.20322 0.206942 0.212328 0.216032 0.220741 0.246714 0.250897 0.254424 0.258485 0.263062 0.267884 0.270611 0.275894 0.280161 0.284373 0.285941 0.289815 0.295613 0.302276 0.309421 0.318835 0.326278 0.337616 0.347353 0.358732 0.369933 0.389343 0.403003 0.415851 0.426268 -9999 -9999 -9999 -9999 -9999 -9999 0.410982 0.405225 0.400147 0.40083 0.392632 0.384076 0.378884 0.360516 -9999 -9999 -9999 -9999 -9999 -9999 -9999 -9999 -9999 -9999 -9999 -9999 -9999 -9999 0.246696 0.246168 0.250532 0.248588 0.243494 0.239066 -9999 -9999 -9999 -9999 -9999 -9999 -9999 -9999
-9999 0.200036 0.203849 0.208886 0.213961 0.220648 0.230046 0.248543 0.252519 0.256316 0.259634 0.26257 0.267137 0.270389 0.276265 0.275919 0.279524 0.284534 0.292743 0.299885 0.311921 0.32146 0.332706 0.335483 0.346431 0.36098 0.376999 0.40601 0.406344 0.414028 0.423997 -9999 -9999 -9999 -9999 -9999 -9999 0.410437 0.40432 0.398048 0.393639 0.393292 0.381715 0.362038 0.357496 0.349973 0.338724 0.32891 0.324155 0.300305 0.292035 0.287021 0.279596 -9999 -9999 -9999 -9999 0.256668 0.251929 0.246641 0.243041 0.248447 0.248955 0.247582 0.221726 -9999 -9999 -9999 -9999 -9999 -9999 -9999 -9999
-9999 0.193435 0.199589 0.206867 0.214874 0.220375 0.230299 0.247479 0.245709 0.249683 0.252784 0.255298 0.258107 0.261785 0.263466 0.265959 0.269902 0.279702 0.291344 0.293461 0.310963 0.332897 0.330996 0.334984 0.347041 0.363778 0.381556 0.40302 0.403551 0.413126 0.416598 -9999 -9999 -9999 0.419314 0.413895 0.412394 0.408872 0.401073 0.393579 0.392981 0.385938 0.381549 0.36222 0.356999 0.351733 0.341412 0.325944 0.31574 0.296958 0.288572 0.28352 0.269605 0.263714 0.259205 0.255707 0.252808 0.249301 0.244989 0.240225 0.23643 0.247238 0.245459 0.24018 0.215743 -9999 -9999 -9999 -9999 -9999 -9999 -9999 -9999
-9999 0.194383 0.201354 0.208543 0.20806 0.215801 0.221352 0.231012 0.245118 0.24866 0.253399 0.253943 0.255791 0.257533 0.259704 0.262549 0.27033 0.280906 0.292436 0.301064 0.309635 0.322697 0.325988 0.330033 0.349247 0.356716 0.373815 0.382743 0.400836 0.410763 0.423541 -9999 -9999 0.431899 0.422731 0.415525 0.410723 0.407412 0.404105 0.395197 0.389731 0.37871 0.374255 0.360522 0.350715 0.350129 0.338745 0.315517 0.306397 0.296204 0.277346 0.271207 0.26669 0.261931 0.258683 0.255932 0.253257 0.250944 0.246838 0.242057 0.237506 0.238262 0.233622 0.215195 0.211935 -9999 -9999 -9999 -9999 -9999 -9999 -9999 -9999
-9999 0.187368 0.194339 0.200894 0.209294 0.215605 0.222207 0.233712 0.236646 0.248289 0.252298 0.255093 0.254561 0.255681 0.256995 0.258871 0.265963 0.274748 0.287516 0.298154 0.310987 0.321175 0.326733 0.332749 0.341971 0.351662 0.359537 0.379164 0.400277 0.411315 0.422398 0.431835 -9999 0.435167 0.431811 0.423326 0.414893 0.407889 0.40596 0.395904 0.389224 0.380659 0.374947 0.358482 0.339134 0.329257 0.320149 0.307476 0.300455 0.291594 0.283261 0.269304 0.264841 0.261366 0.258817 0.256701 0.254546 0.252047 0.24873 0.244404 0.239056 0.235359 0.219818 0.216867 0.213785 -9999 -9999 -9999 -9999 -9999 -9999 -9999 -9999
0.173968 0.184876 0.190915 0.199235 0.207571 0.215437 0.222814 0.232745 0.23731 0.24157 0.250961 0.256097 0.256706 0.25664 0.255241 0.256433 0.258676 0.264592 0.279044 0.290143 0.299408 0.313655 0.323384 0.330576 0.334124 0.343883 0.35726 0.371006 0.393285 0.411832 0.423301 0.436382 0.439386 0.437274 0.435109 0.429424 0.419283 0.410408 0.403652 0.397402 0.390015 0.381564 0.365035 0.346586 0.336523 0.327583 0.317576 0.308035 0.297248 0.288575 0.280652 0.273566 0.263874 0.261017 0.259091 0.257598 0.256035 0.25401 0.251132 0.24686 0.241059 0.225874 0.22058 0.215976 0.206882 -9999 -9999 -9999 -9999 -9999 -9999 -9999 -9999
-9999 0.183836 0.192755 0.202762 0.211965 0.219664 0.226291 0.234418 0.240041 0.243262 0.246678 0.255456 0.259619 0.256748 0.25575 0.255125 0.25652 0.259428 0.271912 0.28151 0.291435 0.30553 0.310437 0.317197 0.326688 0.33817 0.356515 0.374857 0.400975 0.418075 0.426153 0.441584 0.441603 0.441529 0.434942 0.429274 0.425508 0.420871 0.407489 0.400342 0.385025 0.373191 0.36604 0.345621 0.3361 0.323911 0.313291 0.303343 0.301027 0.287318 0.280429 0.271114 0.266785 0.260697 0.259408 0.258511 0.257609 0.256071 0.253478 0.249342 0.238254 0.225096 0.216799 0.219937 0.208655 -9999 -9999 -9999 -9999 -9999 -9999 -9999 -9999
-9999 -9999 -9999 0.203595 0.212654 0.221536 0.228935 0.23531 0.240256 0.244306 0.247809 0.251529 0.257714 0.258607 0.257895 0.261647 0.259403 0.258126 0.261667 0.266969 0.280922 0.29163 0.29613 0.306561 0.322405 0.337586 0.353069 0.373443 0.397611 0.41667 0.432385 0.439842 0.437459 0.435498 0.429014 0.425536 0.42615 0.420693 0.408378 0.39558 0.383945 0.374231 0.36649 0.345367 0.336439 0.320809 0.309242 0.300676 0.293111 0.285302 0.27683 0.271248 0.264611 0.261775 0.259653 0.259361 0.25892 0.257788 0.255443 0.246386 0.238369 0.228189 0.216161 0.219119 0.212131 -9999 -9999 -9999 -9999 -9999 -9999 -9999 -9999
-9999 -9999 -9999 0.20621 0.216012 0.223793 0.227297 0.235473 0.240639 0.245682 0.248785 0.252126 0.256473 0.260278 0.263031 0.266998 0.265635 0.261701 0.26145 0.265668 0.278502 0.281712 0.291365 0.303334 0.321164 0.337669 0.352003 0.372489 0.397815 0.414151 0.43206 0.435906 0.437835 0.43677 0.430176 0.424264 0.419489 0.417536 0.408328 0.394264 0.38448 0.376784 0.364945 0.344998 0.336922 0.319315 0.306337 0.297138 0.287805 0.281035 0.274091 0.268165 0.263841 0.261276 0.260445 0.260004 0.259905 0.258983 0.254556 0.248767 0.240509 0.230021 0.217538 0.214099 0.21303 -9999 -9999 -9999 -9999 -9999 -9999 -9999 -9999
-9999 -9999 -9999 -9999 0.219389 0.224376 0.226074 0.235369 0.241963 0.245509 0.249111 0.253039 0.25563 0.259883 0.265011 0.275139 0.273259 0.269587 0.264794 0.265082 0.271454 0.28029 0.292416 0.311229 0.329791 0.341785 0.35467 0.372978 0.396757 0.414159 0.419233 0.422672 0.424107 0.426066 0.429283 0.424334 0.418044 0.415489 0.405368 0.392723 0.384458 0.374296 0.36324 0.343405 0.330271 0.317466 0.302951 0.294642 0.284471 0.277372 0.271529 0.266617 0.26315 0.260928 0.260319 0.260288 0.260161 0.258873 0.255301 0.249406 0.241058 0.230384 0.217684 0.204182 0.194022 0.18337 -9999 -9999 -9999 -9999 -9999 -9999 -9999
-9999 -9999 -9999 -9999 0.223581 0.23087 0.231044 0.239411 0.241914 0.24496 0.248675 0.25373 0.256289 0.262801 0.264584 0.273605 0.279279 0.27726 0.28139 0.274822 0.270908 0.279245 0.306212 0.322151 0.337092 0.34665 0.358056 0.371622 0.399586 0.412593 0.413023 0.415552 0.417775 0.419169 0.420607 0.421242 0.412299 0.407261 0.398332 0.39012 0.379672 0.371717 0.361782 0.337811 0.326733 0.314641 0.300193 0.293047 0.281661 0.275144 0.270314 0.266393 0.262157 0.26057 0.259993 0.259167 0.259397 0.25815 0.254284 0.248188 0.239746 0.22909 0.216315 0.201979 0.182723 0.171389 0.156302 0.137338 -9999 -9999 -9999 -9999 -9999
-9999 -9999 -9999 -9999 -9999 0.238262 0.234672 0.240024 0.243361 0.244303 0.247669 0.251649 0.255648 0.262217 0.26748 0.275679 0.285143 0.294018 0.281482 0.272162 0.270487 0.277292 0.300665 0.315557 0.325466 0.332223 0.346401 0.360198 0.385652 0.398005 0.410436 0.416583 0.417592 0.414899 0.413242 0.41026 0.407784 0.40074 0.393851 0.385134 0.374602 0.363804 0.352295 0.333568 0.318438 0.30827 0.296202 0.287089 0.279352 0.273323 0.269842 0.264756 0.261245 0.259741 0.2561 0.257061 0.256996 0.255474 0.252142 0.245122 0.23667 0.226039 0.213544 0.19942 0.179323 0.163679 0.150475 0.138496 0.128084 -9999 -9999 -9999 -9999
-9999 -9999 -9999 -9999 -9999 0.243351 0.239349 0.244207 0.242702 0.245047 0.246031 0.249002 0.252748 0.258166 0.265243 0.270908 0.281693 0.293261 0.278586 0.273572 0.270798 0.276536 0.29622 0.300632 0.312692 0.321371 0.337345 0.350501 0.369878 0.383487 0.396713 0.409998 0.414145 0.40829 0.40556 0.40141 0.397094 0.391229 0.383749 0.380045 0.368992 0.363162 0.348 0.326452 0.314555 0.303457 0.293154 0.284264 0.276823 0.270882 0.265883 0.263528 0.254926 0.252139 0.253007 0.253495 0.25307 0.251242 0.247622 0.242043 0.235225 0.221484 0.209383 0.195829 0.176257 0.160812 0.145345 0.130708 0.123008 0.113031 0 0 -9999
-9999 -9999 -9999 -9999 -9999 0.259316 0.249175 0.246844 0.245114 0.2423 0.244429 0.246663 0.251271 0.254474 0.259958 0.264892 0.272287 0.283474 0.291236 0.281567 0.267653 0.27559 0.281913 0.289826 0.301704 0.314012 0.324193 0.334112 0.354907 0.369967 0.385365 0.387861 0.397057 0.393682 0.395334 0.396342 0.385147 0.380741 0.374784 0.370073 0.370663 0.359899 0.348903 0.325693 0.317073 0.303598 0.291437 0.281865 0.274507 0.268919 0.2558 0.253735 0.247997 0.248238 0.248658 0.248669 0.247752 0.245512 0.241696 0.236024 0.228418 0.220041 0.209027 0.191289 0.172455 0.157968 0.143472 0.129126 0.11621 0.10452 0 0 0
-9999 -9999 -9999 -9999 -9999 0.258288 0.254646 0.248176 0.244317 0.241529 0.243539 0.243971 0.246642 0.250179 0.25533 0.26124 0.267679 0.277598 0.285719 0.279953 0.271742 0.267933 0.270019 0.287108 0.295029 0.304241 0.312875 0.32348 0.341353 0.353744 0.358959 0.370087 0.381617 0.376808 0.378254 0.380017 0.373468 0.369641 0.370666 0.368483 0.36038 0.354781 0.347942 0.327026 0.31637 0.304158 0.289118 0.271867 0.265102 0.257278 0.253213 0.244609 0.243679 0.243402 0.243211 0.242661 0.241215 0.238551 0.234519 0.228815 0.221462 0.212651 0.202968 0.191254 0.173017 0.154778 0.141372 0.128175 0.115591 0 0 0 0
-9999 -9999 -9999 -9999 -9999 0.251452 0.257281 0.251528 0.243533 0.239948 0.240348 0.24093 0.243188 0.24725 0.250563 0.254814 0.260832 0.265452 0.273058 0.283552 0.272693 0.272646 0.273547 0.275515 0.278839 0.287164 0.297953 0.327721 0.333946 0.331548 0.344125 0.352418 0.360703 0.359464 0.361604 0.361957 0.360453 0.362676 0.365489 0.365223 0.352564 0.344886 0.341503 0.327304 0.30066 0.286315 0.276008 0.271327 0.267513 0.255447 0.243344 0.240513 0.238753 0.237605 0.236864 0.235614 0.23372 0.230731 0.226451 0.220806 0.213732 0.205362 0.195822 0.185357 0.168016 0.155695 0.138335 0.125412 0.109844 0 0 0 0
-9999 -9999 -9999 -9999 -9999 -9999 0.256318 0.245689 0.237533 0.234567 0.233693 0.234539 0.237041 0.240192 0.243098 0.246341 0.251128 0.256976 0.265835 0.27338 0.272854 0.272454 0.276661 0.279566 0.278101 0.282733 0.294641 0.321198 0.311663 0.312958 0.320254 0.32719 0.33304 0.344014 0.346509 0.348138 0.350593 0.359822 0.350351 0.348541 0.340186 0.334207 0.32812 0.309158 0.293874 0.282428 0.273378 0.271532 0.264039 0.244263 0.238327 0.236228 0.23295 0.231067 0.229624 0.227857 0.22551 0.222176 0.21776 0.212192 0.20366 0.195426 0.18613 0.175724 0.158667 0.147386 0.135881 0.124873 0.112902 0.102235 0 0 0
-9999 -9999 -9999 -9999 -9999 -9999 0.255538 0.245616 0.234567 0.233433 0.231867 0.230506 0.232811 0.236647 0.240056 0.243298 0.246729 0.253759 0.260912 0.268288 0.272856 0.275391 0.279796 0.280489 0.275933 0.280489 0.288452 0.30217 0.312215 0.31025 0.309227 0.314061 0.319102 0.330612 0.330472 0.335023 0.339528 0.337991 0.336008 0.3358 0.326253 0.32296 0.313404 0.302356 0.290477 0.280751 0.269481 0.267459 0.261082 0.240875 0.234149 0.23122 0.225764 0.222679 0.220439 0.218117 0.215231 0.211572 0.206909 0.201282 0.194632 0.187022 0.178644 0.169771 0.160009 0.149846 0.139294 0.127263 0.115686 0 0 0 0
-9999 -9999 -9999 -9999 -9999 -9999 0.251569 0.245335 0.235371 0.228613 0.230896 0.228612 0.228344 0.232307 0.236281 0.240157 0.242685 0.250363 0.258892 0.266537 0.275688 0.278028 0.277514 0.274706 0.273274 0.277926 0.285586 0.293022 0.296078 0.295754 0.29776 0.301308 0.305612 0.309953 0.312273 0.31551 0.315468 0.317263 0.320442 0.318199 0.310488 0.311689 0.30436 0.294652 0.286378 0.27399 0.264757 0.264487 0.243384 0.233363 0.226766 0.221191 0.217363 0.214473 0.211351 0.208659 0.205456 0.201627 0.197062 0.191648 0.185511 0.178571 0.171494 0.164156 0.161095 0.146974 0.137161 0.125358 0.114197 0 0 0 0
-9999 -9999 -9999 -9999 -9999 -9999 0.247504 0.241533 0.232714 0.228272 0.229465 0.226322 0.223554 0.225912 0.229962 0.232278 0.236347 0.243213 0.25085 0.259355 0.265102 0.275273 0.272214 0.271075 0.270167 0.272707 0.278509 0.285412 0.286143 0.286724 0.289302 0.288937 0.291831 0.295072 0.301547 0.304048 0.301541 0.300229 0.298769 0.299362 0.294489 0.292076 0.287473 0.282676 0.276456 0.267081 0.260461 0.244079 0.231322 0.223825 0.217922 0.21274 0.209201 0.2056 0.201809 0.198709 0.195306 0.191445 0.186963 0.18192 0.176424 0.170272 0.164645 0.159565 0.156131 0.147395 0.134263 0.121045 0.108029 0 0 0 0
-9999 -9999 -9999 -9999 -9999 -9999 0.246599 0.239325 0.231537 0.229457 0.230727 0.222837 0.218611 0.220249 0.222966 0.22587 0.233609 0.235047 0.238285 0.246209 0.257059 0.269124 0.27182 0.270968 0.267198 0.269367 0.276801 0.28331 0.285261 0.282992 0.281003 0.278292 0.279085 0.282158 0.29141 0.300289 0.294765 0.288034 0.285038 0.282606 0.282831 0.279429 0.275566 0.273576 0.262999 0.26279 0.255228 0.23108 0.223715 0.215807 0.208954 0.20612 0.202089 0.196366 0.19176 0.18843 0.184896 0.180994 0.176741 0.172063 0.167347 0.162194 0.157002 0.156481 0.153421 0.146767 0.130392 0.119786 0 0 0 0 0
-9999 -9999 -9999 -9999 -9999 -9999 0.247011 0.241613 0.233578 0.231212 0.226522 0.218735 0.215615 0.214861 0.216365 0.218776 0.223163 0.226643 0.231948 0.240132 0.250775 0.262647 0.271769 0.272516 0.266256 0.256691 0.273812 0.280528 0.279401 0.276015 0.269261 0.266078 0.266982 0.268469 0.270569 0.276865 0.283806 0.281865 0.27518 0.275335 0.275493 0.269068 0.264884 0.263404 0.260916 0.252817 0.236268 0.22443 0.217588 0.209078 0.199276 0.19441 0.190768 0.184958 0.181385 0.177869 0.174212 0.170441 0.166413 0.16211 0.157831 0.153748 0.152341 0.150138 0.149061 0.143587 0.123541 0.110946 0 0 0 0 0
-9999 -9999 -9999 -9999 -9999 -9999 0.249423 0.242032 0.233889 0.226349 0.219307 0.213434 0.213941 0.211486 0.212771 0.212334 0.214521 0.218925 0.223778 0.231208 0.244138 0.25572 0.268344 0.269335 0.263656 0.260211 0.267599 0.278717 0.272644 0.265427 0.258773 0.255685 0.26048 0.257345 0.257723 0.259728 0.263453 0.269264 0.266846 0.269654 0.266583 0.259942 0.254892 0.250985 0.248226 0.236218 0.226247 0.215439 0.20947 0.201079 0.192215 0.183778 0.178993 0.174363 0.170644 0.167044 0.163409 0.15977 0.156097 0.152365 0.148663 0.147598 0.146915 0.144472 0.14274 0.137889 0.121528 0.105817 0 0 0 0 0
-9999 -9999 -9999 -9999 -9999 -9999 -9999 0.239226 0.230048 0.223368 0.22181 0.216182 0.213528 0.211831 0.212348 0.206462 0.20769 0.21121 0.21592 0.222696 0.233223 0.241629 0.253822 0.263626 0.255764 0.261372 0.261512 0.264543 0.262777 0.255418 0.247345 0.247406 0.254175 0.253571 0.252164 0.248733 0.249122 0.257833 0.261034 0.262879 0.256882 0.250292 0.245752 0.241495 0.237743 0.215661 0.212674 0.202628 0.193877 0.187817 0.179997 0.173212 0.168224 0.163667 0.159742 0.156024 0.152508 0.149194 0.145863 0.142909 0.140486 0.14048 0.145526 0.140971 0.137603 0.135877 0.120721 0 0 0 0 0 0
-9999 -9999 -9999 -9999 -9999 -9999 -9999 0.238449 0.227048 0.224238 0.224052 0.227484 0.226032 0.21341 0.21163 0.205934 0.200983 0.203448 0.208222 0.214857 0.222367 0.232612 0.245956 0.257286 0.259303 0.254873 0.246684 0.246938 0.245929 0.241698 0.241671 0.24856 0.254723 0.251482 0.249202 0.241064 0.238692 0.23877 0.243163 0.24802 0.249067 0.241643 0.237542 0.233347 0.228993 0.215249 0.198518 0.19171 0.183215 0.175716 0.169312 0.162462 0.157263 0.152729 0.148558 0.144886 0.141563 0.138655 0.135939 0.134372 0.133087 0.136137 0.138019 0.137786 0.138194 0.125266 0.11457 0 0 0 0 0 0
-9999 -9999 -9999 -9999 -9999 -9999 -9999 -9999 -9999 -9999 -9999 -9999 0.219922 0.217269 0.208198 0.201329 0.193771 0.195871 0.200462 0.205749 0.215631 0.226371 0.230987 0.232357 0.249681 0.24633 0.239198 0.236596 0.236467 0.235684 0.238912 0.244529 0.251846 0.247895 0.240009 0.231412 0.230483 0.228969 0.230556 0.233163 0.240999 0.233642 0.230013 0.225495 0.221184 0.204675 0.189964 0.182373 0.176063 0.167108 0.157912 0.151781 0.146314 0.141472 0.137244 0.133688 0.130631 0.128093 0.126036 0.12453 0.124074 0.126214 0.127549 0.128066 0.131987 0.119599 0 0 0 0 0 0 0
-9999 -9999 -9999 -9999 -9999 -9999 -9999 -9999 -9999 -9999 -9999 -9999 0.221884 0.222467 0.20211 0.194373 0.18785 0.188741 0.193675 0.199748 0.206727 0.214441 0.224083 0.233508 0.243191 0.236699 0.233382 0.232512 0.234003 0.238727 0.23946 0.245208 0.248712 0.240564 0.232736 0.225081 0.222847 0.222195 0.221337 0.228391 0.233253 0.229183 0.224713 0.218409 0.206601 0.197473 0.189693 0.173447 0.163939 0.155365 0.147773 0.140961 0.135288 0.130212 0.1259 0.1225 0.119737 0.117561 0.115985 0.114731 0.114515 0.117709 0.119118 0.120584 0.123736 0.110564 0 0 0 0 0 0 0
