Test_Spring_2018b/03_18/Prec/20180302_001.txt
ncols	170
nrows	115
xllcorner	350000.000000
yllcorner	4445000.000000
cellsize	1000.000000
nodata_value	-9999.000000
[rows 32 to 63 of 115, columns 72 to 143 of 170]
0.773177 0.757123 0.748483 0.738848 0.680319 0.644871 0.624101 0.610275 0.594636 0.576399 0.562885 0.5502 0.539264 0.522779 0.493001 0.465864 0.469077 0.46228 0.448068 0.454017 0.43999 0.414727 0.38186 0.387715 0.376075 0.325765 0.306631 -9999 -9999 -9999 -9999 -9999 -9999 -9999 -9999 -9999 -9999 -9999 -9999 -9999 -9999 -9999 -9999 -9999 -9999 -9999 -9999 -9999 -9999 -9999 -9999 -9999 -9999 -9999 -9999 -9999 -9999 -9999 -9999 -9999 -9999 -9999 -9999 -9999 -9999 -9999 -9999 -9999 -9999 -9999 -9999 -9999
0.764476 0.75052 0.744599 0.730571 0.697629 0.642905 0.619567 0.606919 0.59302 0.578282 0.564742 0.551909 0.536174 0.518477 0.491704 0.461748 0.44935 0.453108 0.446612 0.441333 0.427954 0.412803 0.393012 0.395332 0.391314 0.36657 0.316521 0.274798 -9999 -9999 -9999 -9999 -9999 -9999 -9999 -9999 -9999 -9999 -9999 -9999 -9999 -9999 -9999 -9999 -9999 -9999 -9999 -9999 -9999 -9999 -9999 -9999 -9999 -9999 -9999 -9999 -9999 -9999 -9999 -9999 -9999 -9999 -9999 -9999 -9999 -9999 -9999 -9999 -9999 -9999 -9999 -9999
0.755627 0.735978 0.727203 0.716732 0.671119 0.620287 0.607155 0.602378 0.588983 0.576406 0.561307 0.547802 0.533138 0.515697 0.495305 0.472976 0.440249 0.448806 0.454103 0.446849 0.439151 0.426462 0.407265 0.409503 0.402131 0.366477 0.296409 0.280389 0.270461 -9999 -9999 -9999 -9999 -9999 -9999 -9999 -9999 -9999 -9999 -9999 -9999 -9999 -9999 -9999 -9999 -9999 -9999 -9999 -9999 -9999 -9999 -9999 -9999 -9999 -9999 -9999 -9999 -9999 -9999 -9999 -9999 -9999 -9999 -9999 -9999 -9999 -9999 -9999 -9999 -9999 -9999 -9999
0.746768 0.725431 0.716536 0.708501 0.680468 0.642725 0.605728 0.594541 0.584058 0.571352 0.555972 0.533962 0.522547 0.513063 0.496863 0.472552 0.448713 0.437471 0.449374 0.44796 0.440014 0.437145 0.419869 0.417036 0.407291 0.385378 0.334365 0.2911 0.279 0.261084 -9999 -9999 -9999 -9999 -9999 -9999 -9999 -9999 -9999 -9999 -9999 -9999 -9999 -9999 -9999 -9999 -9999 -9999 -9999 -9999 -9999 -9999 -9999 -9999 -9999 -9999 -9999 -9999 -9999 -9999 -9999 -9999 -9999 -9999 -9999 -9999 -9999 -9999 -9999 -9999 -9999 -9999
-9999 -9999 0.703605 0.675913 0.656012 0.633717 0.599722 0.588978 0.578827 0.565777 0.546248 0.531613 0.521365 0.507157 0.4898 0.476517 0.459038 0.441469 0.439118 0.448563 0.434857 0.439296 0.431179 0.425748 0.410358 0.355609 0.326668 0.286738 0.275054 0.259218 -9999 -9999 -9999 -9999 -9999 -9999 -9999 -9999 -9999 -9999 -9999 -9999 -9999 -9999 -9999 -9999 -9999 -9999 -9999 -9999 -9999 -9999 -9999 -9999 -9999 -9999 -9999 -9999 -9999 -9999 -9999 -9999 -9999 -9999 -9999 -9999 -9999 -9999 -9999 -9999 -9999 -9999
-9999 -9999 -9999 0.671365 0.649475 0.643625 0.593745 0.58102 0.572344 0.559041 0.543865 0.530506 0.517255 0.50407 0.489116 0.474236 0.457708 0.450492 0.45457 0.448572 0.440139 0.435194 0.433405 0.424542 0.396859 0.345355 0.32674 0.273907 0.258153 0.252861 0.240371 -9999 -9999 -9999 -9999 -9999 -9999 -9999 -9999 -9999 -9999 -9999 -9999 0.227273 -9999 -9999 -9999 -9999 -9999 -9999 -9999 -9999 -9999 -9999 -9999 -9999 -9999 -9999 -9999 -9999 -9999 -9999 -9999 -9999 0.135618 -9999 -9999 -9999 -9999 -9999 -9999 -9999
-9999 -9999 0.704473 0.664725 0.652291 0.641174 0.611518 0.574497 0.565816 0.551901 0.537047 0.523211 0.507754 0.497471 0.485682 0.470499 0.462561 0.460093 0.456022 0.45211 0.447272 0.440065 0.431064 0.420844 0.375146 0.357616 0.342927 0.313215 0.274953 0.2587 0.23789 0.220685 -9999 -9999 -9999 -9999 -9999 -9999 -9999 0.220174 0.218306 0.217373 0.219398 0.226966 0.220483 -9999 -9999 -9999 -9999 -9999 -9999 -9999 -9999 -9999 -9999 -9999 -9999 -9999 -9999 -9999 -9999 -9999 -9999 -9999 0.140806 0.127935 -9999 -9999 -9999 -9999 -9999 -9999
-9999 -9999 0.676468 0.665211 0.649681 0.636951 0.621452 0.570753 0.556862 0.54415 0.530388 0.515919 0.501631 0.492754 0.479747 0.470326 0.462558 0.461896 0.457811 0.450923 0.443213 0.435198 0.422807 0.414656 0.376126 0.361545 0.342834 0.323673 0.279534 0.252657 0.226563 0.204716 -9999 -9999 -9999 -9999 -9999 -9999 0.21729 0.223334 0.226734 0.216627 0.223745 0.230085 0.227835 0.208817 -9999 -9999 -9999 -9999 -9999 -9999 -9999 -9999 -9999 -9999 -9999 -9999 -9999 -9999 0.19665 0.183916 0.159247 0.146045 0.1376 0.125931 -9999 -9999 -9999 -9999 -9999 -9999
-9999 -9999 0.675178 0.663776 0.648842 0.632905 0.612753 0.574155 0.55011 0.535473 0.521249 0.50844 0.497223 0.483728 0.474471 0.461387 0.463223 0.458542 0.45258 0.441329 0.433466 0.416081 0.404372 0.36913 0.370403 0.353907 0.329047 0.300152 0.247366 0.238376 0.223442 0.202778 -9999 -9999 -9999 -9999 -9999 -9999 0.213309 0.220246 0.2262 0.226736 0.217083 0.229387 0.218057 0.209755 0.206751 0.211011 0.212096 0.201875 0.206343 0.206497 0.201356 0.202902 -9999 -9999 -9999 -9999 0.197153 0.196566 0.19598 0.19023 0.16355 0.145005 0.128163 0.122619 -9999 -9999 -9999 -9999 -9999 -9999
-9999 -9999 0.681794 0.665493 0.645676 0.62321 0.605028 0.564922 0.541192 0.520757 0.506345 0.494149 0.483913 0.474111 0.463835 0.459348 0.45486 0.449038 0.432498 0.413502 0.415728 0.404766 0.360676 0.362604 0.362149 0.344069 0.31526 0.28321 0.246274 0.238538 0.220046 0.197732 -9999 -9999 -9999 0.190165 0.198823 0.198114 0.200403 0.2103 0.218022 0.22495 0.228998 0.220496 0.214611 0.206588 0.197618 0.1987 0.210514 0.211634 0.20627 0.206402 0.201389 0.198122 0.200046 0.200302 0.199183 0.196971 0.195584 0.194831 0.193436 0.187985 0.166961 0.152995 0.143711 0.119377 -9999 -9999 -9999 -9999 -9999 -9999
-9999 -9999 0.672337 0.654378 0.634686 0.610848 0.587865 0.568989 0.530667 0.511606 0.497351 0.480967 0.474195 0.465832 0.459192 0.453409 0.448114 0.434344 0.416498 0.398232 0.38737 0.370072 0.351539 0.344258 0.343708 0.331888 0.305411 0.27531 0.26161 0.230366 0.205342 0.180837 -9999 -9999 0.165207 0.183232 0.195973 0.202355 0.204139 0.204308 0.214543 0.21571 0.226733 0.217076 0.201625 0.202343 0.196441 0.198368 0.197557 0.196751 0.196821 0.201649 0.201084 0.199252 0.199812 0.198635 0.197262 0.195884 0.193152 0.192892 0.192127 0.188477 0.170943 0.161939 0.149491 0.114922 -9999 -9999 -9999 -9999 -9999 -9999
-9999 -9999 0.664362 0.64535 0.626253 0.602392 0.582189 0.560071 0.517977 0.505225 0.488073 0.472574 0.460452 0.456579 0.450845 0.446614 0.443274 0.43105 0.41724 0.396785 0.382242 0.357241 0.345332 0.321145 0.315873 0.303982 0.291071 0.281801 0.265029 0.227964 0.208665 0.182406 0.164975 -9999 0.159888 0.166208 0.181983 0.196122 0.205555 0.202451 0.214511 0.217442 0.218459 0.2147 0.205112 0.197134 0.195479 0.192702 0.198397 0.201802 0.198426 0.198935 0.199847 0.198731 0.197704 0.196366 0.195056 0.193941 0.1928 0.191801 0.190644 0.188829 0.180399 0.169295 0.150724 0.114566 -9999 -9999 -9999 -9999 -9999 -9999
-9999 0.688452 0.664974 0.647739 0.624664 0.60062 0.57678 0.553376 0.515199 0.49749 0.482024 0.46614 0.448613 0.44192 0.43835 0.439601 0.437599 0.435615 0.428014 0.404306 0.383344 0.36255 0.340584 0.321323 0.314057 0.314739 0.302455 0.28251 0.261589 0.223923 0.205875 0.18557 0.156543 0.152599 0.158242 0.16262 0.172831 0.190644 0.203824 0.210436 0.213792 0.214642 0.21757 0.20962 0.20365 0.200622 0.19543 0.193235 0.191304 0.193693 0.190717 0.196993 0.197742 0.196991 0.19583 0.194521 0.193301 0.192274 0.191284 0.190223 0.189448 0.188672 0.185671 0.1739 0.143311 0.118958 -9999 -9999 -9999 -9999 -9999 -9999
-9999 -9999 0.66312 0.639608 0.612728 0.586582 0.562805 0.540695 0.50653 0.487714 0.474216 0.459927 0.442138 0.42769 0.429795 0.430015 0.431712 0.431464 0.430227 0.400667 0.386257 0.372415 0.350848 0.342454 0.336448 0.325133 0.309916 0.280378 0.250812 0.206101 0.178351 0.168726 0.150613 0.150474 0.152581 0.16683 0.177312 0.18173 0.185742 0.20581 0.208693 0.209351 0.214445 0.2078 0.205311 0.19947 0.199678 0.197599 0.195651 0.179641 0.187083 0.186055 0.193175 0.195415 0.194531 0.193164 0.19199 0.190787 0.189781 0.188845 0.18816 0.186093 0.183343 0.174939 0.139168 0.118059 -9999 -9999 -9999 -9999 -9999 -9999
-9999 -9999 -9999 -9999 0.606977 0.580922 0.554466 0.530576 0.500359 0.482996 0.467809 0.454293 0.441077 0.425888 0.419958 0.419449 0.411783 0.417059 0.420452 0.417036 0.411368 0.388812 0.368936 0.367109 0.353544 0.329205 0.30675 0.283991 0.251076 0.211458 0.180775 0.156284 0.147968 0.158776 0.16827 0.182797 0.188921 0.184104 0.189571 0.197409 0.208624 0.214307 0.213425 0.206486 0.204784 0.196273 0.202541 0.20154 0.196057 0.190777 0.185802 0.188454 0.188329 0.193576 0.193576 0.192306 0.190954 0.189756 0.188673 0.187728 0.185377 0.183926 0.182403 0.180631 0.143815 0.11251 -9999 -9999 -9999 -9999 -9999 -9999
-9999 -9999 -9999 -9999 0.597896 0.570145 0.545944 0.530257 0.496517 0.478882 0.461824 0.449377 0.43716 0.423749 0.412972 0.405106 0.39575 0.399268 0.409651 0.413752 0.409896 0.389261 0.38509 0.372206 0.355366 0.326995 0.302098 0.282309 0.249898 0.208648 0.184722 0.156669 0.156976 0.159599 0.166361 0.182557 0.193983 0.19892 0.194051 0.200476 0.213352 0.21397 0.207597 0.208066 0.20327 0.191939 0.20157 0.202989 0.19854 0.196945 0.189986 0.189915 0.191189 0.192365 0.192654 0.191402 0.190065 0.188792 0.187727 0.18617 0.184637 0.183172 0.181541 0.1798 0.155424 0.110839 -9999 -9999 -9999 -9999 -9999 -9999
-9999 -9999 -9999 -9999 -9999 0.559748 0.541489 0.529761 0.493912 0.473604 0.460071 0.446942 0.433815 0.424352 0.412376 0.399654 0.377457 0.38174 0.391099 0.404199 0.408002 0.400371 0.383924 0.365428 0.333918 0.303919 0.288626 0.272176 0.244814 0.207357 0.181933 0.181705 0.183644 0.187989 0.188904 0.18441 0.193995 0.202485 0.198631 0.206389 0.215529 0.212114 0.21009 0.208117 0.202644 0.201456 0.200654 0.20519 0.198947 0.199381 0.1935 0.191713 0.191535 0.191613 0.191848 0.190697 0.189379 0.188211 0.186778 0.185494 0.183915 0.182239 0.180507 0.178687 0.174971 0.149163 0.134209 -9999 -9999 -9999 -9999 -9999
-9999 -9999 -9999 -9999 -9999 0.547932 0.524995 0.516766 0.483054 0.471814 0.459819 0.446929 0.431852 0.421696 0.405231 0.399783 0.379173 0.368495 0.373877 0.367554 0.385087 0.398386 0.382286 0.331955 0.306039 0.28335 0.273025 0.259682 0.242445 0.196349 0.180583 0.190591 0.194901 0.197988 0.200399 0.198374 0.196686 0.210236 0.212032 0.216904 0.216289 0.217054 0.210012 0.205401 0.208444 0.20299 0.200886 0.205616 0.197383 0.200936 0.194337 0.191087 0.189461 0.19171 0.191026 0.190061 0.188581 0.187343 0.185907 0.184393 0.182963 0.181242 0.179297 0.177548 0.17561 0.16909 0.155862 0.150242 0.153252 -9999 -9999 -9999
-9999 -9999 -9999 -9999 -9999 -9999 0.506857 0.50694 0.479652 0.467169 0.460153 0.448532 0.430757 0.420792 0.405388 0.392663 0.373715 0.352196 0.33783 0.36597 0.388554 0.396333 0.382558 0.339096 0.314766 0.302152 0.297312 0.277826 0.259905 0.218881 0.204515 0.189325 0.186117 0.191068 0.197285 0.204933 0.210742 0.21053 0.215002 0.217777 0.218162 0.219129 0.218209 0.217166 0.209254 0.21296 0.207502 0.207979 0.204684 0.201354 0.194296 0.188889 0.19026 0.191344 0.190635 0.188648 0.187568 0.186443 0.185068 0.183384 0.181665 0.179911 0.178072 0.17611 0.17431 0.170199 0.167045 0.158551 0.148006 0.135341 -9999 -9999
-9999 -9999 -9999 -9999 -9999 -9999 0.493621 0.494999 0.468686 0.466924 0.451697 0.441844 0.434179 0.424934 0.412081 0.395579 0.381921 0.357476 0.331594 0.360073 0.383191 0.39248 0.385147 0.343491 0.340504 0.32268 0.313168 0.289336 0.272259 0.243428 0.22608 0.208931 0.188768 0.177541 0.197561 0.207112 0.215149 0.218717 0.220761 0.221773 0.219687 0.218979 0.208191 0.215581 0.213989 0.211994 0.209616 0.207476 0.204768 0.201784 0.195098 0.193537 0.189572 0.190045 0.188069 0.187316 0.186404 0.185227 0.183785 0.182168 0.180347 0.178512 0.176586 0.174598 0.172686 0.168575 0.166607 0.164577 0.161374 0.144743 0.134651 0.131288
-9999 -9999 -9999 -9999 -9999 -9999 0.457325 0.47205 0.451825 0.452172 0.447907 0.441923 0.435943 0.424995 0.416882 0.403758 0.391603 0.374193 0.348932 0.331302 0.349103 0.378769 0.382408 0.367936 0.356793 0.33857 0.320638 0.308242 0.297227 0.264449 0.239556 0.218145 0.205909 0.196346 0.210371 0.210124 0.206976 0.224987 0.224187 0.22249 0.214588 0.204101 0.204753 0.200796 0.203343 0.195916 0.199971 0.203085 0.203029 0.200926 0.193968 0.190516 0.189309 0.187411 0.186682 0.185794 0.18479 0.183638 0.18225 0.180512 0.178696 0.176955 0.174796 0.172731 0.170908 0.166737 0.164823 0.162898 0.161258 0.157762 0.153343 0.145639
-9999 -9999 -9999 -9999 -9999 -9999 0.446609 0.435597 0.445549 0.441097 0.445068 0.439356 0.437193 0.43034 0.42153 0.409098 0.394853 0.379381 0.356667 0.338091 0.349416 0.36424 0.373617 0.366227 0.355058 0.344344 0.332066 0.314965 0.302454 0.275339 0.260002 0.23703 0.224041 0.208344 0.224383 0.223851 0.218737 0.226957 0.225311 0.209625 0.197423 0.195105 0.19893 0.191033 0.188162 0.185052 0.188049 0.198691 0.19057 0.189534 0.188549 0.188518 0.186161 0.185586 0.184787 0.183919 0.182851 0.181721 0.180398 0.178647 0.176847 0.17497 0.172855 0.170701 0.16865 0.164192 0.162615 0.160832 0.159213 0.157404 0.152681 0.152655
-9999 -9999 -9999 -9999 -9999 -9999 0.448282 0.425622 0.434154 0.437206 0.442748 0.440323 0.437744 0.431674 0.42169 0.413077 0.40228 0.387644 0.376016 0.358403 0.335285 0.358002 0.355904 0.350521 0.339313 0.337369 0.326695 0.312453 0.279892 0.27647 0.264739 0.248106 0.239538 0.229282 0.236658 0.233862 0.231313 0.228938 0.215014 0.196427 0.181391 0.190135 0.186743 0.187454 0.171414 0.17834 0.185856 0.187056 0.181953 0.175469 0.183111 0.182078 0.182684 0.182803 0.182584 0.181539 0.180667 0.179401 0.177999 0.176414 0.174595 0.172708 0.170703 0.168685 0.166396 0.16191 0.159883 0.154267 0.152899 0.152223 0.151353 0.150185
-9999 -9999 -9999 -9999 -9999 -9999 -9999 0.412146 0.418853 0.433641 0.438139 0.438663 0.43576 0.429336 0.421324 0.413495 0.404614 0.392231 0.377555 0.356742 0.339207 0.339496 0.336185 0.323599 0.32019 0.327591 0.323713 0.30591 0.255944 0.256162 0.263338 0.257636 0.251718 0.246346 0.243037 0.238655 0.233014 0.222358 0.194193 0.185331 0.173324 0.17284 0.1658 0.172684 0.166317 0.176303 0.179532 0.179578 0.166713 0.160618 0.169832 0.174128 0.172534 0.174971 0.179803 0.178926 0.17793 0.17663 0.175313 0.173798 0.172071 0.167329 0.165183 0.163058 0.160227 0.15574 0.152858 0.150575 0.147921 0.148454 0.147814 0.144263
-9999 -9999 -9999 -9999 -9999 -9999 -9999 0.393746 0.411017 0.431413 0.431542 0.433026 0.434321 0.427938 0.418208 0.409163 0.40023 0.390741 0.373667 0.356549 0.339436 0.328969 0.323757 0.305382 0.306199 0.319434 0.314792 0.304147 0.247723 0.234191 0.246256 0.256067 0.252655 0.247279 0.226143 0.226896 0.214759 0.199537 0.193895 0.186287 0.172443 0.176299 0.165612 0.16737 0.16101 0.165744 0.167022 0.173097 0.161581 0.152761 0.161398 0.166823 0.166076 0.171939 0.173449 0.173111 0.172175 0.171031 0.169621 0.168109 0.166274 0.164288 0.16221 0.159941 0.157285 0.15236 0.135131 0.133543 0.135684 0.137881 0.142022 0.140673
-9999 -9999 -9999 -9999 -9999 -9999 -9999 0.393578 0.402526 0.420032 0.43139 0.424168 0.426865 0.425453 0.415125 0.404682 0.394339 0.38678 0.368441 0.348553 0.330975 0.31088 0.305969 0.308065 0.304919 0.310978 0.305297 0.294226 0.247045 0.246513 0.253264 0.254806 0.252293 0.246859 0.239531 0.234225 0.224461 0.218935 0.206897 0.189488 0.181372 0.183067 0.16477 0.163736 0.16751 0.155457 0.163815 0.166763 0.152362 0.149787 0.159763 0.164351 0.168295 0.169632 0.169533 0.169887 0.168732 0.167536 0.166144 0.164524 0.162805 0.160763 0.158717 0.155512 0.151714 0.138102 0.127812 0.127222 0.131357 0.135005 0.135412 0.136683
-9999 -9999 -9999 -9999 -9999 -9999 -9999 0.392653 0.400365 0.414738 0.420489 0.414868 0.418753 0.422087 0.414753 0.403911 0.396755 0.385976 0.369461 0.351609 0.332362 0.31951 0.298061 0.305308 0.297783 0.302238 0.300269 0.252987 0.242436 0.245237 0.248388 0.247001 0.251078 0.247146 0.240955 0.226102 0.217533 0.217313 0.21239 0.20573 0.19294 0.190186 0.181154 0.176042 0.171058 0.156432 0.159678 0.15806 0.153995 0.156292 0.160702 0.163237 0.165499 0.165203 0.165527 0.166281 0.165159 0.163848 0.162357 0.160813 0.159 0.156706 0.154471 0.149993 0.143457 0.132815 0.112803 0.121576 0.130971 0.13058 0.131157 0.131844
-9999 -9999 -9999 -9999 -9999 -9999 -9999 0.384154 0.39379 0.405143 0.405082 0.398509 0.411688 0.417514 0.411267 0.402965 0.394465 0.375986 0.371043 0.362649 0.344817 0.321354 0.295944 0.290939 0.29001 0.292125 0.290312 0.23674 0.22582 0.224667 0.232316 0.239011 0.246556 0.245743 0.238863 0.217455 0.195142 0.201382 0.208379 0.205813 0.200535 0.18837 0.182834 0.177572 0.167988 0.153396 0.148988 0.150045 0.14952 0.152044 0.156978 0.160889 0.157371 0.157164 0.160999 0.162612 0.161321 0.159926 0.15852 0.156887 0.155093 0.152314 0.149455 0.145798 0.131588 0.122201 0.106791 0.117106 0.123071 0.12168 0.127517 0.128118
-9999 -9999 -9999 -9999 -9999 -9999 -9999 0.372018 0.376734 0.387626 0.38721 0.392301 0.404482 0.407342 0.405668 0.399642 0.392077 0.380718 0.371649 0.359146 0.341027 0.318211 0.293319 0.274741 0.274318 0.276855 0.267326 0.222918 0.210533 0.214656 0.223347 0.238734 0.245985 0.243799 0.239348 0.232397 0.215262 0.195343 0.192695 0.19864 0.188883 0.177975 0.179979 0.176528 0.166896 0.159153 0.149469 0.145415 0.142339 0.143592 0.149344 0.158789 0.158724 0.156805 0.159964 0.158678 0.157278 0.155942 0.154409 0.152819 0.151115 0.148623 0.144992 0.135054 0.126218 0.114564 0.111876 0.118144 0.119683 0.121274 0.123474 0.123413
-9999 -9999 -9999 -9999 -9999 -9999 -9999 0.354881 0.362658 0.372648 0.382049 0.391103 0.398394 0.392926 0.394345 0.388499 0.386857 0.380231 0.369454 0.358224 0.342039 0.314714 0.290643 0.264755 0.263701 0.274242 0.23053 0.215921 0.193395 0.206907 0.222538 0.236554 0.242497 0.231134 0.235642 0.231801 0.223487 0.210438 0.191844 0.189435 0.174899 0.171706 0.175098 0.174345 0.170564 0.163941 0.155145 0.145782 0.13949 0.138551 0.143471 0.150185 0.156789 0.156412 0.156301 0.154704 0.153114 0.15167 0.150141 0.14844 0.146501 0.144049 0.135549 0.125736 0.119153 0.110657 0.108413 0.118307 0.118342 0.117975 0.119641 0.119534
-9999 -9999 -9999 -9999 -9999 -9999 -9999 -9999 0.354483 0.365364 0.371734 0.368138 0.373976 0.374431 0.373751 0.369258 0.37906 0.374624 0.366033 0.35553 0.341177 0.319339 0.302289 0.277494 0.257875 0.244429 0.208861 0.208995 0.202786 0.206361 0.221328 0.237346 0.23571 0.219357 0.21788 0.217376 0.220347 0.21442 0.190056 0.176345 0.164508 0.168204 0.172198 0.170991 0.168411 0.164137 0.156256 0.137728 0.14441 0.148778 0.148049 0.151706 0.153921 0.153102 0.152089 0.150385 0.148777 0.147144 0.145334 0.143658 0.141133 0.137301 0.128072 0.10782 0.107365 0.103987 0 0.106527 0.107265 0.113424 0.116056 0.115721
-9999 -9999 -9999 -9999 -9999 -9999 -9999 -9999 0.341217 0.355316 0.352171 0.344467 0.330208 0.327357 0.34918 0.349295 0.35873 0.367571 0.361646 0.351559 0.338101 0.323183 0.30273 0.27583 0.253122 0.207222 0.217404 0.221111 0.220175 0.221435 0.229008 0.227241 0.210424 0.19465 0.198192 0.199189 0.211962 0.21196 0.206087 0.190321 0.172684 0.162107 0.168368 0.166621 0.164112 0.16108 0.153863 0.142847 0.145386 0.148438 0.149818 0.149494 0.150851 0.149564 0.147764 0.146086 0.144195 0.142316 0.140168 0.13805 0.13375 0.128899 0.114773 0.102809 0 0 0.103009 0.105295 0.107824 0.10916 0.111718 0.111141
