Test_Spring_2018b/03_18/Prec/20180327_003.txt
ncols	170
nrows	115
xllcorner	350000.000000
yllcorner	4445000.000000
cellsize	1000.000000
nodata_value	-9999.000000
[rows 31 to 61 of 115, columns 70 to 139 of 170]
0.747801 0.751177 0.750617 0.743609 0.740793 0.744018 0.741765 0.737773 0.729605 0.725333 0.717538 0.713023 0.706678 0.697863 0.693071 0.679911 0.641684 0.65092 0.654108 0.642829 0.648377 0.657845 0.649344 0.624359 0.613682 0.59645 0.589567 0.576676 0.562222 -9999 -9999 -9999 -9999 -9999 -9999 -9999 -9999 -9999 -9999 -9999 -9999 -9999 -9999 -9999 -9999 -9999 -9999 -9999 -9999 -9999 -9999 -9999 -9999 -9999 -9999 -9999 -9999 -9999 -9999 -9999 -9999 -9999 -9999 -9999 -9999 -9999 -9999 -9999 -9999 -9999
0.750544 0.750647 0.747589 0.740636 0.74336 0.74541 0.73454 0.72978 0.730349 0.72703 0.720777 0.710554 0.705208 0.700046 0.69626 0.68512 0.657383 0.632522 0.64429 0.643923 0.634704 0.650174 0.641764 0.620111 0.589623 0.606419 0.60228 0.560158 0.546568 -9999 -9999 -9999 -9999 -9999 -9999 -9999 -9999 -9999 -9999 -9999 -9999 -9999 -9999 -9999 -9999 -9999 -9999 -9999 -9999 -9999 -9999 -9999 -9999 -9999 -9999 -9999 -9999 -9999 -9999 -9999 -9999 -9999 -9999 -9999 -9999 -9999 -9999 -9999 -9999 -9999
0.745196 0.749122 0.74412 0.739238 0.74475 0.740956 0.73352 0.733406 0.730586 0.728348 0.72396 0.717834 0.712402 0.707083 0.697561 0.685071 0.661113 0.632971 0.625932 0.638439 0.638617 0.640479 0.632819 0.623361 0.608644 0.621073 0.6261 0.598755 0.564239 0.547854 -9999 -9999 -9999 -9999 -9999 -9999 -9999 -9999 -9999 -9999 -9999 -9999 -9999 -9999 -9999 -9999 -9999 -9999 -9999 -9999 -9999 -9999 -9999 -9999 -9999 -9999 -9999 -9999 -9999 -9999 -9999 -9999 -9999 -9999 -9999 -9999 -9999 -9999 -9999 -9999
0.737689 0.74618 0.739925 0.727836 0.729588 0.72983 0.731155 0.723902 0.72137 0.728538 0.72469 0.721168 0.713872 0.707795 0.699641 0.687532 0.671367 0.652505 0.620831 0.639137 0.653565 0.652974 0.652136 0.645607 0.631578 0.643906 0.644913 0.605738 0.573216 0.560883 0.555634 -9999 -9999 -9999 -9999 -9999 -9999 -9999 -9999 -9999 -9999 -9999 -9999 -9999 -9999 -9999 -9999 -9999 -9999 -9999 -9999 -9999 -9999 -9999 -9999 -9999 -9999 -9999 -9999 -9999 -9999 -9999 -9999 -9999 -9999 -9999 -9999 -9999 -9999 -9999
-9999 0.741557 0.735157 0.720871 0.722372 0.725519 0.732269 0.726283 0.725472 0.72495 0.724735 0.721169 0.713642 0.697348 0.693194 0.690754 0.679649 0.658322 0.637325 0.631509 0.653814 0.660181 0.658947 0.664273 0.652582 0.658848 0.657142 0.641847 0.606404 0.580565 0.573115 0.558229 -9999 -9999 -9999 -9999 -9999 -9999 -9999 -9999 -9999 -9999 -9999 -9999 -9999 -9999 -9999 -9999 -9999 -9999 -9999 -9999 -9999 -9999 -9999 -9999 -9999 -9999 -9999 -9999 -9999 -9999 -9999 -9999 -9999 -9999 -9999 -9999 -9999 -9999
-9999 -9999 -9999 -9999 0.712143 0.717937 0.717607 0.720459 0.723959 0.724264 0.724726 0.720982 0.708619 0.70139 0.698704 0.690513 0.677907 0.669784 0.65629 0.642577 0.647383 0.666725 0.658383 0.672521 0.671986 0.675268 0.667001 0.638306 0.603128 0.582341 0.576028 0.564323 -9999 -9999 -9999 -9999 -9999 -9999 -9999 -9999 -9999 -9999 -9999 -9999 -9999 -9999 -9999 -9999 -9999 -9999 -9999 -9999 -9999 -9999 -9999 -9999 -9999 -9999 -9999 -9999 -9999 -9999 -9999 -9999 -9999 -9999 -9999 -9999 -9999 -9999
-9999 -9999 -9999 -9999 -9999 0.717541 0.715102 0.7237 0.722367 0.720767 0.723456 0.719771 0.712952 0.707428 0.701142 0.694112 0.684236 0.673911 0.661247 0.659745 0.672026 0.672391 0.670276 0.672995 0.680225 0.679593 0.657524 0.631266 0.61919 0.574126 0.563713 0.565646 0.558339 -9999 -9999 -9999 -9999 -9999 -9999 -9999 -9999 -9999 -9999 -9999 -9999 0.549148 -9999 -9999 -9999 -9999 -9999 -9999 -9999 -9999 -9999 -9999 -9999 -9999 -9999 -9999 -9999 -9999 -9999 -9999 -9999 -9999 0.329611 -9999 -9999 -9999
-9999 -9999 -9999 -9999 0.722999 0.722529 0.723649 0.726716 0.719893 0.719063 0.722344 0.718396 0.712305 0.706385 0.697445 0.693797 0.687483 0.676411 0.673718 0.677516 0.679501 0.68206 0.684095 0.684022 0.682643 0.680689 0.661664 0.651418 0.64499 0.610251 0.592628 0.582328 0.565971 0.553235 -9999 -9999 -9999 -9999 -9999 -9999 -9999 0.57144 0.565231 0.559126 0.555788 0.558576 0.543964 -9999 -9999 -9999 -9999 -9999 -9999 -9999 -9999 -9999 -9999 -9999 -9999 -9999 -9999 -9999 -9999 -9999 -9999 -9999 0.342014 0.321433 -9999 -9999
-9999 -9999 -9999 -9999 0.72417 0.726938 0.72529 0.727474 0.726377 0.720756 0.718464 0.716553 0.71218 0.705686 0.698153 0.696004 0.687844 0.683262 0.680209 0.68562 0.687066 0.685606 0.683907 0.682799 0.677474 0.678427 0.66703 0.661288 0.651047 0.64053 0.607 0.585061 0.563512 0.546289 -9999 -9999 -9999 -9999 -9999 -9999 0.585435 0.589371 0.588694 0.570481 0.572253 0.572461 0.561908 0.528825 -9999 -9999 -9999 -9999 -9999 -9999 -9999 -9999 -9999 -9999 -9999 -9999 -9999 -9999 0.433686 0.414439 0.380214 0.359412 0.343969 0.324306 -9999 -9999
-9999 -9999 -9999 -9999 0.724848 0.728464 0.728712 0.728276 0.722837 0.72213 0.71737 0.713786 0.709285 0.704993 0.701131 0.693108 0.689024 0.679391 0.687293 0.687143 0.685692 0.678456 0.676275 0.663745 0.659443 0.65021 0.663878 0.656883 0.640401 0.619407 0.588497 0.578114 0.571458 0.556946 -9999 -9999 -9999 -9999 -9999 -9999 0.59619 0.600446 0.601893 0.595456 0.575681 0.581864 0.557621 0.537437 0.523971 0.519871 0.512698 0.495544 0.482661 0.477243 0.466536 0.464914 -9999 -9999 -9999 -9999 0.446893 0.443516 0.439562 0.428701 0.391814 0.364179 0.338084 0.31955 -9999 -9999
-9999 -9999 -9999 -9999 0.734427 0.733267 0.728924 0.722 0.7204 0.718184 0.713692 0.706856 0.701977 0.698117 0.69497 0.690798 0.684726 0.684678 0.684043 0.681662 0.666619 0.649352 0.658916 0.653512 0.630635 0.644666 0.657222 0.649486 0.629557 0.606196 0.595446 0.58879 0.5793 0.565033 -9999 -9999 -9999 0.585485 0.59795 0.596663 0.596718 0.603925 0.606737 0.606213 0.601713 0.590802 0.561938 0.540799 0.518906 0.509893 0.514832 0.507929 0.486354 0.48072 0.470183 0.465937 0.465808 0.46428 0.461418 0.457266 0.453877 0.450793 0.446302 0.436175 0.402008 0.37959 0.362183 0.317875 -9999 -9999
-9999 -9999 -9999 -9999 0.72933 0.726767 0.723189 0.719667 0.71286 0.710499 0.705616 0.703161 0.69888 0.690074 0.690981 0.688158 0.685885 0.683507 0.681063 0.66823 0.650883 0.633946 0.627321 0.631348 0.619817 0.62302 0.635947 0.638868 0.626939 0.606806 0.606699 0.600732 0.574233 0.557407 -9999 -9999 0.566821 0.593464 0.610975 0.618021 0.616867 0.611393 0.616135 0.608329 0.61136 0.597235 0.556604 0.545297 0.523005 0.513871 0.504485 0.49482 0.48962 0.480569 0.475381 0.469937 0.468434 0.465565 0.462857 0.460193 0.455614 0.453479 0.449985 0.442128 0.416536 0.400408 0.37562 0.323445 -9999 -9999
-9999 -9999 -9999 -9999 0.728607 0.725847 0.723891 0.716604 0.713716 0.707222 0.697561 0.698341 0.695122 0.687475 0.681708 0.683881 0.682052 0.680755 0.679817 0.668013 0.654819 0.634671 0.623258 0.615874 0.612878 0.601131 0.609139 0.61038 0.611396 0.617533 0.618873 0.606536 0.598378 0.571744 0.5633 -9999 0.575852 0.588747 0.610024 0.626204 0.633717 0.623387 0.629222 0.622277 0.619767 0.602803 0.568243 0.545146 0.530696 0.515707 0.512027 0.50286 0.492752 0.486424 0.475613 0.471142 0.467987 0.465322 0.463174 0.461342 0.459175 0.456557 0.452882 0.447397 0.43283 0.411213 0.381955 0.327354 -9999 -9999
-9999 -9999 -9999 0.722531 0.729659 0.730301 0.724835 0.718659 0.712667 0.706598 0.700186 0.696282 0.691908 0.686583 0.674034 0.672322 0.672459 0.677023 0.676868 0.676671 0.670303 0.645688 0.637612 0.62658 0.612203 0.602333 0.608887 0.626496 0.62954 0.624124 0.617958 0.604871 0.604193 0.594532 0.565716 0.572503 0.588146 0.599088 0.613696 0.634074 0.645566 0.646182 0.640427 0.636548 0.627536 0.60291 0.572555 0.554655 0.534765 0.519437 0.505587 0.49831 0.487886 0.484317 0.479674 0.470207 0.46713 0.464878 0.463306 0.462092 0.46061 0.458357 0.455483 0.451462 0.441619 0.421445 0.376597 0.336263 -9999 -9999
-9999 -9999 -9999 -9999 0.727797 0.721933 0.712997 0.705417 0.700612 0.697148 0.695399 0.689625 0.68782 0.683356 0.671825 0.660265 0.666678 0.66929 0.672886 0.674095 0.674846 0.65357 0.644376 0.638103 0.62472 0.628748 0.637685 0.641745 0.642349 0.626522 0.611167 0.590155 0.574345 0.579131 0.574782 0.581624 0.593559 0.616794 0.631787 0.635712 0.635618 0.651849 0.649743 0.636909 0.629597 0.607169 0.580218 0.557823 0.543465 0.527349 0.512646 0.482338 0.483803 0.474391 0.476713 0.472681 0.466446 0.464438 0.463334 0.462369 0.461341 0.459672 0.457262 0.450743 0.441961 0.425802 0.375298 0.338569 -9999 -9999
-9999 -9999 -9999 -9999 -9999 -9999 0.708471 0.701846 0.694598 0.689713 0.692539 0.688829 0.685117 0.680567 0.673458 0.661994 0.658179 0.659365 0.651058 0.659606 0.670862 0.672837 0.674334 0.657758 0.646643 0.659407 0.659856 0.648906 0.641599 0.634925 0.616503 0.602118 0.583605 0.571154 0.576268 0.601934 0.622023 0.64582 0.655566 0.648143 0.649478 0.652427 0.655407 0.649581 0.634293 0.610738 0.584139 0.557678 0.549885 0.534348 0.514692 0.496794 0.48259 0.477208 0.470437 0.472113 0.469226 0.464195 0.463183 0.462593 0.461863 0.460567 0.455319 0.450489 0.44409 0.43596 0.384062 0.334763 -9999 -9999
-9999 -9999 -9999 -9999 -9999 -9999 0.699779 0.691553 0.687444 0.69285 0.691191 0.687222 0.68122 0.677856 0.671765 0.661376 0.651858 0.6438 0.634316 0.641064 0.657711 0.668793 0.672585 0.658537 0.666754 0.666484 0.663391 0.648033 0.638292 0.63578 0.618556 0.602441 0.592606 0.576281 0.59223 0.608276 0.626106 0.651594 0.667778 0.671872 0.661628 0.66124 0.665932 0.65361 0.631273 0.616276 0.585593 0.555233 0.551047 0.537992 0.519158 0.505319 0.48828 0.479263 0.473922 0.470483 0.467863 0.465028 0.462868 0.462414 0.461978 0.459733 0.456479 0.451845 0.445468 0.437455 0.400628 0.335147 -9999 -9999
-9999 -9999 -9999 -9999 -9999 -9999 -9999 0.681195 0.684242 0.694359 0.689941 0.682554 0.680635 0.676258 0.668895 0.663147 0.651919 0.638068 0.612664 0.620344 0.635792 0.657856 0.671033 0.672871 0.666334 0.659398 0.638661 0.621466 0.623495 0.625152 0.614165 0.602661 0.591076 0.608534 0.626501 0.644661 0.65542 0.656007 0.669876 0.678758 0.669136 0.67037 0.670539 0.653332 0.63626 0.618285 0.586755 0.568613 0.551684 0.542284 0.521127 0.509576 0.493647 0.482347 0.475052 0.470112 0.467296 0.464511 0.462891 0.46238 0.461493 0.45994 0.456812 0.452117 0.445802 0.437849 0.426181 0.383503 0.35587 -9999
-9999 -9999 -9999 -9999 -9999 -9999 -9999 0.668642 0.665516 0.679349 0.677345 0.680532 0.680134 0.675797 0.66593 0.659971 0.64383 0.638677 0.61516 0.605398 0.61621 0.61488 0.644797 0.67204 0.665863 0.620235 0.606112 0.59755 0.605319 0.610413 0.611328 0.589131 0.588889 0.618406 0.638937 0.655322 0.667715 0.671515 0.671622 0.686872 0.683939 0.681924 0.670587 0.658813 0.636052 0.615273 0.594347 0.571379 0.55316 0.544219 0.520804 0.51312 0.496389 0.483263 0.474107 0.471656 0.467564 0.464841 0.462702 0.462077 0.461499 0.458998 0.456144 0.451546 0.44517 0.437525 0.428239 0.4091 0.383744 0.366989
-9999 -9999 -9999 -9999 -9999 -9999 -9999 -9999 0.644008 0.667003 0.672661 0.673716 0.678878 0.675782 0.668426 0.660168 0.644015 0.630451 0.609383 0.58592 0.57453 0.615178 0.651298 0.671796 0.668195 0.630558 0.617904 0.620993 0.634752 0.631653 0.630922 0.614442 0.615139 0.613403 0.624195 0.645295 0.66016 0.674768 0.683953 0.682651 0.684015 0.678937 0.669413 0.65858 0.64399 0.628303 0.594661 0.583527 0.561889 0.548342 0.531357 0.515664 0.498709 0.483075 0.477548 0.473583 0.469282 0.464388 0.462892 0.462142 0.461415 0.460161 0.454526 0.449988 0.443935 0.436298 0.427495 0.411528 0.398741 0.378846
-9999 -9999 -9999 -9999 -9999 -9999 -9999 -9999 0.627877 0.651231 0.65801 0.671279 0.674944 0.674961 0.671547 0.664539 0.651982 0.634421 0.620364 0.593908 0.566944 0.609459 0.647719 0.669907 0.674064 0.637731 0.650258 0.646194 0.653318 0.643867 0.642987 0.640695 0.636706 0.631596 0.625868 0.621167 0.653379 0.670068 0.68194 0.685418 0.684236 0.679284 0.672019 0.653842 0.628325 0.623927 0.598726 0.581726 0.564762 0.548864 0.533281 0.518559 0.502627 0.491908 0.480012 0.474523 0.467792 0.465162 0.463505 0.462311 0.461147 0.459674 0.45744 0.45172 0.442017 0.434639 0.426079 0.410424 0.399569 0.388013
-9999 -9999 -9999 -9999 -9999 -9999 -9999 -9999 0.583495 0.621622 0.64882 0.662306 0.672915 0.673622 0.672503 0.663879 0.657664 0.644877 0.63333 0.61603 0.590323 0.575368 0.608044 0.654705 0.673423 0.669278 0.671055 0.665473 0.661206 0.664299 0.669351 0.661581 0.654713 0.642301 0.637354 0.635519 0.659935 0.664465 0.662763 0.683996 0.679864 0.672341 0.655336 0.638237 0.62897 0.602681 0.583424 0.561101 0.553083 0.544573 0.533077 0.52014 0.504648 0.491248 0.482831 0.47372 0.469452 0.466333 0.464152 0.462535 0.46099 0.458978 0.456446 0.453247 0.444713 0.438346 0.424387 0.409 0.398793 0.387978
-9999 -9999 -9999 -9999 -9999 -9999 -9999 -9999 0.583415 0.613382 0.639768 0.653532 0.668109 0.669157 0.672923 0.669734 0.663296 0.65205 0.638679 0.624366 0.602243 0.586445 0.608444 0.640377 0.663998 0.667918 0.669865 0.672239 0.673517 0.677382 0.67907 0.677925 0.673101 0.655674 0.650687 0.640592 0.666863 0.670737 0.666634 0.67628 0.671676 0.647991 0.626759 0.61606 0.616996 0.597478 0.572396 0.546483 0.538452 0.5402 0.520041 0.508834 0.501265 0.493046 0.481081 0.4755 0.470987 0.467584 0.464908 0.462842 0.460891 0.458422 0.455553 0.451952 0.447187 0.436326 0.428988 0.413581 0.397638 0.387667
-9999 -9999 -9999 -9999 -9999 -9999 -9999 -9999 0.584643 0.60108 0.624781 0.648062 0.664263 0.669283 0.672784 0.670986 0.663714 0.657766 0.649241 0.636533 0.628297 0.61392 0.59419 0.631463 0.645243 0.650676 0.657741 0.67062 0.673478 0.672237 0.664569 0.673833 0.670248 0.661163 0.660491 0.656148 0.67132 0.672133 0.671125 0.668218 0.649304 0.622919 0.599267 0.60314 0.591277 0.58925 0.549056 0.549048 0.547193 0.537855 0.511597 0.494697 0.498602 0.486338 0.481056 0.476395 0.472479 0.468596 0.465774 0.463085 0.460561 0.457846 0.454584 0.450715 0.445964 0.440305 0.427267 0.412009 0.403012 0.394046
-9999 -9999 -9999 -9999 -9999 -9999 -9999 -9999 -9999 0.586176 0.616953 0.645682 0.660486 0.669138 0.672488 0.670683 0.666378 0.662071 0.65662 0.6474 0.636174 0.618521 0.606023 0.616398 0.629895 0.62599 0.63513 0.658066 0.667763 0.660728 0.633884 0.644957 0.664795 0.66795 0.669552 0.670334 0.668855 0.667445 0.66268 0.650018 0.614398 0.603816 0.584833 0.578611 0.563444 0.570808 0.542264 0.544844 0.53912 0.52965 0.504852 0.4931 0.490569 0.488355 0.480042 0.4777 0.473459 0.469578 0.466279 0.463143 0.460285 0.457236 0.45373 0.451785 0.446977 0.441395 0.427318 0.411701 0.402009 0.392361
-9999 -9999 -9999 -9999 -9999 -9999 -9999 -9999 -9999 0.575963 0.608383 0.643375 0.652614 0.662403 0.671027 0.669623 0.663699 0.658424 0.653397 0.648087 0.634216 0.621124 0.609006 0.605989 0.610395 0.605369 0.618592 0.64741 0.65488 0.655147 0.618699 0.613037 0.63764 0.658558 0.662314 0.662393 0.64194 0.646502 0.633877 0.615961 0.608174 0.596629 0.576298 0.576359 0.557905 0.553823 0.532995 0.530485 0.523653 0.522693 0.500646 0.486921 0.483902 0.483715 0.476905 0.478998 0.476696 0.472979 0.469254 0.465837 0.46246 0.459101 0.455261 0.450928 0.445977 0.440137 0.433067 0.414895 0.382999 0.374802
-9999 -9999 -9999 -9999 -9999 -9999 -9999 -9999 -9999 0.578021 0.599604 0.630577 0.65314 0.652299 0.66273 0.6676 0.661291 0.654703 0.648329 0.645648 0.630417 0.613983 0.601138 0.586091 0.59031 0.603835 0.617344 0.63639 0.641432 0.639952 0.614151 0.623127 0.640246 0.650203 0.654248 0.653627 0.649479 0.646478 0.63674 0.630815 0.615725 0.592945 0.580363 0.578742 0.552103 0.545746 0.544719 0.516724 0.519625 0.515979 0.49147 0.479983 0.485316 0.484752 0.484106 0.481022 0.476911 0.474018 0.469873 0.466131 0.462444 0.458596 0.454552 0.449863 0.444756 0.437706 0.429316 0.408369 0.376951 0.370498
-9999 -9999 -9999 -9999 -9999 -9999 -9999 -9999 -9999 0.579632 0.599034 0.625725 0.641193 0.642171 0.654068 0.664836 0.66238 0.655561 0.65329 0.646886 0.633947 0.619938 0.60488 0.598268 0.581933 0.60104 0.608918 0.625086 0.633614 0.608904 0.605245 0.617293 0.629146 0.634742 0.646082 0.646736 0.643591 0.628834 0.620559 0.621279 0.615215 0.606033 0.588501 0.58232 0.567831 0.557516 0.546899 0.51695 0.514678 0.506489 0.488705 0.490363 0.489678 0.487233 0.485016 0.48028 0.476865 0.4745 0.470317 0.466257 0.462203 0.458166 0.453733 0.448501 0.443 0.434338 0.422673 0.405498 0.361902 0.367249
-9999 -9999 -9999 -9999 -9999 -9999 -9999 -9999 -9999 0.572452 0.593577 0.616155 0.624279 0.62394 0.64706 0.660897 0.659867 0.656261 0.652484 0.636826 0.63792 0.635281 0.621734 0.601933 0.580349 0.584035 0.591115 0.612236 0.620108 0.587186 0.582249 0.588706 0.605263 0.619981 0.634951 0.638932 0.634643 0.611789 0.586872 0.595608 0.604339 0.600609 0.592795 0.575918 0.566458 0.556807 0.541499 0.506795 0.502034 0.497959 0.490278 0.487616 0.48823 0.488018 0.47925 0.474961 0.476019 0.474795 0.470399 0.466138 0.462021 0.457671 0.453048 0.44704 0.440642 0.432907 0.411963 0.396431 0.366827 0.365617
-9999 -9999 -9999 -9999 -9999 -9999 -9999 -9999 -9999 0.561154 0.575783 0.597391 0.604789 0.618396 0.640201 0.650406 0.654927 0.654107 0.651483 0.644443 0.640473 0.632726 0.618621 0.599309 0.577967 0.564732 0.573885 0.593302 0.592664 0.568731 0.561369 0.573595 0.590825 0.615548 0.629706 0.631665 0.630076 0.62463 0.606009 0.583193 0.580518 0.587508 0.57477 0.560008 0.560343 0.553593 0.538965 0.526337 0.503202 0.486051 0.48325 0.479707 0.481908 0.488926 0.484783 0.478762 0.479248 0.474658 0.470185 0.46597 0.461607 0.457175 0.452506 0.446695 0.439239 0.423818 0.409379 0.391168 0.383493 0.370804
-9999 -9999 -9999 -9999 -9999 -9999 -9999 -9999 -9999 0.543985 0.561872 0.58202 0.601031 0.619226 0.634949 0.63495 0.643139 0.642469 0.646954 0.645565 0.639407 0.633045 0.621078 0.596043 0.575385 0.552922 0.560892 0.580669 0.569121 0.558896 0.538774 0.561924 0.587135 0.609804 0.622041 0.612612 0.621703 0.619944 0.612033 0.597668 0.57589 0.57307 0.554939 0.549995 0.552533 0.549617 0.542679 0.532025 0.505145 0.487642 0.481519 0.475891 0.477614 0.4818 0.486158 0.482356 0.479151 0.474376 0.469786 0.465478 0.461094 0.456452 0.45139 0.445508 0.432038 0.416682 0.404928 0.390551 0.383484 0.384129
