Test_Spring_2018b/03_18/Prec/20180307_001.txt
ncols	170
nrows	115
xllcorner	350000.000000
yllcorner	4445000.000000
cellsize	1000.000000
nodata_value	-9999.000000
[rows 33 to 65 of 115, columns 73 to 145 of 170]
0.272501 0.282192 0.289774 0.325324 0.370923 0.397979 0.406793 0.41461 0.421492 0.428087 0.434274 0.438963 0.442595 0.443005 0.442307 0.447481 0.458257 0.46617 0.475117 0.482159 0.489425 0.495978 0.510514 0.523606 0.525524 0.542728 0.56877 -9999 -9999 -9999 -9999 -9999 -9999 -9999 -9999 -9999 -9999 -9999 -9999 -9999 -9999 -9999 -9999 -9999 -9999 -9999 -9999 -9999 -9999 -9999 -9999 -9999 -9999 -9999 -9999 -9999 -9999 -9999 -9999 -9999 -9999 -9999 -9999 -9999 -9999 -9999 -9999 -9999 -9999 -9999 -9999 -9999 -9999
0.268747 0.277457 0.28615 0.344323 0.385875 0.394925 0.406268 0.414223 0.421801 0.427891 0.433875 0.438939 0.442681 0.445201 0.447009 0.445522 0.457833 0.469538 0.477737 0.486498 0.494388 0.500916 0.515166 0.526865 0.521948 0.563912 0.569428 0.576416 -9999 -9999 -9999 -9999 -9999 -9999 -9999 -9999 -9999 -9999 -9999 -9999 -9999 -9999 -9999 -9999 -9999 -9999 -9999 -9999 -9999 -9999 -9999 -9999 -9999 -9999 -9999 -9999 -9999 -9999 -9999 -9999 -9999 -9999 -9999 -9999 -9999 -9999 -9999 -9999 -9999 -9999 -9999 -9999 -9999
0.265922 0.274743 0.284415 0.319044 0.368617 0.39529 0.404681 0.4137 0.421312 0.427347 0.430548 0.436636 0.442908 0.446697 0.447733 0.449019 0.454712 0.468441 0.478424 0.486989 0.497996 0.505071 0.517596 0.528464 0.532272 0.548731 0.572479 0.578724 0.582333 -9999 -9999 -9999 -9999 -9999 -9999 -9999 -9999 -9999 -9999 -9999 -9999 -9999 -9999 -9999 -9999 -9999 -9999 -9999 -9999 -9999 -9999 -9999 -9999 -9999 -9999 -9999 -9999 -9999 -9999 -9999 -9999 -9999 -9999 -9999 -9999 -9999 -9999 -9999 -9999 -9999 -9999 -9999 -9999
-9999 0.27109 0.304783 0.329736 0.36582 0.394001 0.403868 0.413246 0.420905 0.425653 0.431245 0.437612 0.442165 0.44535 0.449737 0.45284 0.456217 0.465075 0.478458 0.485053 0.498435 0.508563 0.520362 0.529567 0.548649 0.546001 0.571318 0.577996 0.58256 -9999 -9999 -9999 -9999 -9999 -9999 -9999 -9999 -9999 -9999 -9999 -9999 -9999 -9999 -9999 -9999 -9999 -9999 -9999 -9999 -9999 -9999 -9999 -9999 -9999 -9999 -9999 -9999 -9999 -9999 -9999 -9999 -9999 -9999 -9999 -9999 -9999 -9999 -9999 -9999 -9999 -9999 -9999 -9999
-9999 -9999 0.304083 0.328329 0.341617 0.392608 0.402342 0.412586 0.420405 0.426673 0.432639 0.437851 0.44246 0.446076 0.449547 0.452567 0.458976 0.469654 0.477803 0.486059 0.496434 0.508823 0.51981 0.522799 0.544776 0.552634 0.568091 0.574054 0.582651 0.587907 -9999 -9999 -9999 -9999 -9999 -9999 -9999 -9999 -9999 -9999 -9999 -9999 0.580604 -9999 -9999 -9999 -9999 -9999 -9999 -9999 -9999 -9999 -9999 -9999 -9999 -9999 -9999 -9999 -9999 -9999 -9999 -9999 -9999 0.300969 -9999 -9999 -9999 -9999 -9999 -9999 -9999 -9999 -9999
-9999 0.271796 0.317711 0.329829 0.342464 0.37491 0.401415 0.412166 0.4201 0.426591 0.432327 0.43657 0.441739 0.445903 0.448737 0.454037 0.461529 0.469179 0.477792 0.487176 0.496945 0.507291 0.518323 0.539552 0.548541 0.558596 0.556717 0.582121 0.588009 0.591354 0.59464 -9999 -9999 -9999 -9999 -9999 -9999 -9999 0.609486 0.603623 0.596743 0.589658 0.583381 0.571691 -9999 -9999 -9999 -9999 -9999 -9999 -9999 -9999 -9999 -9999 -9999 -9999 -9999 -9999 -9999 -9999 -9999 -9999 -9999 0.304126 0.285601 -9999 -9999 -9999 -9999 -9999 -9999 -9999 -9999
-9999 0.303661 0.317011 0.329414 0.342821 0.355044 0.401592 0.411261 0.419967 0.426943 0.43236 0.436658 0.441782 0.44492 0.448956 0.45364 0.461134 0.468331 0.475711 0.484115 0.493815 0.503483 0.515846 0.538752 0.549819 0.559749 0.569401 0.587104 0.59067 0.593354 0.596075 -9999 -9999 -9999 -9999 -9999 -9999 0.620525 0.618097 0.613199 0.602436 0.596042 0.588327 0.57695 0.543247 -9999 -9999 -9999 -9999 -9999 -9999 -9999 -9999 -9999 -9999 -9999 -9999 -9999 -9999 0.371384 0.357426 0.338274 0.321498 0.304902 0.285964 -9999 -9999 -9999 -9999 -9999 -9999 -9999 -9999
-9999 0.300614 0.315354 0.329454 0.343316 0.355459 0.382394 0.411422 0.419924 0.426878 0.43268 0.437569 0.440562 0.444164 0.446175 0.453194 0.458666 0.464714 0.470359 0.478673 0.485551 0.495972 0.518815 0.535725 0.547505 0.556863 0.564821 0.589325 0.591689 0.599319 0.603586 -9999 -9999 -9999 -9999 -9999 -9999 0.629225 0.62636 0.621378 0.613025 0.599959 0.592934 0.563286 0.545786 0.529799 0.516312 0.502237 0.491086 0.458674 0.446828 0.434694 0.426118 -9999 -9999 -9999 -9999 0.39023 0.382836 0.374382 0.362882 0.342973 0.324061 0.304043 0.265093 -9999 -9999 -9999 -9999 -9999 -9999 -9999 -9999
-9999 0.299732 0.314462 0.328632 0.342026 0.356408 0.383402 0.41122 0.412803 0.419766 0.425625 0.430448 0.43401 0.436405 0.44016 0.443912 0.447759 0.449125 0.451121 0.461793 0.479386 0.498338 0.514121 0.531819 0.544607 0.55432 0.562955 0.593373 0.598288 0.606231 0.599294 -9999 -9999 -9999 0.626647 0.630622 0.628866 0.625538 0.622361 0.616417 0.620795 0.610859 0.60643 0.566357 0.547434 0.528035 0.512155 0.500388 0.486056 0.457201 0.44506 0.432978 0.411333 0.40553 0.400097 0.394673 0.388848 0.382745 0.375839 0.367332 0.355836 0.347883 0.330055 0.311763 0.257194 -9999 -9999 -9999 -9999 -9999 -9999 -9999 -9999
-9999 0.292199 0.307163 0.322235 0.338028 0.351659 0.36571 0.389215 0.413381 0.42063 0.425024 0.430575 0.433935 0.436643 0.438981 0.441458 0.441778 0.441965 0.443699 0.449895 0.470724 0.480007 0.493492 0.511568 0.541019 0.542663 0.55305 0.568611 0.597364 0.597997 0.604293 -9999 -9999 0.628719 0.638907 0.644269 0.644457 0.640194 0.632722 0.626221 0.614837 0.60518 0.59676 0.554491 0.537216 0.529019 0.511938 0.477 0.462054 0.452342 0.427987 0.418768 0.410987 0.405518 0.400558 0.396065 0.391496 0.385807 0.379702 0.371761 0.360892 0.343326 0.326361 0.290073 0.25059 -9999 -9999 -9999 -9999 -9999 -9999 -9999 -9999
-9999 0.287228 0.302675 0.318738 0.333405 0.348941 0.367735 0.390208 0.402116 0.421572 0.426149 0.429526 0.433654 0.435747 0.437556 0.439614 0.439462 0.44017 0.440645 0.445408 0.461973 0.47411 0.476727 0.49342 0.509515 0.526482 0.54542 0.575676 0.60335 0.614918 0.615722 0.623888 -9999 0.641616 0.648478 0.654888 0.657217 0.654639 0.644921 0.637561 0.625104 0.618807 0.601363 0.560241 0.520298 0.5008 0.48211 0.467703 0.461302 0.449552 0.437489 0.416988 0.410049 0.404914 0.400919 0.397531 0.394094 0.389829 0.384154 0.376459 0.366227 0.351326 0.320059 0.295568 0.254408 -9999 -9999 -9999 -9999 -9999 -9999 -9999 -9999
0.251176 0.28443 0.301939 0.318241 0.334402 0.350273 0.365383 0.388657 0.405159 0.414106 0.427818 0.429016 0.431544 0.433461 0.436056 0.437515 0.43975 0.44169 0.440546 0.452463 0.455146 0.463407 0.474239 0.49142 0.51304 0.531874 0.549202 0.566671 0.594895 0.622201 0.633021 0.63323 0.644418 0.655341 0.66207 0.666715 0.669854 0.667691 0.659985 0.648336 0.640719 0.625306 0.58715 0.546398 0.523832 0.501558 0.481719 0.463781 0.449344 0.437826 0.43342 0.423927 0.408704 0.404407 0.401458 0.39919 0.396825 0.393502 0.388463 0.381252 0.371386 0.348329 0.327594 0.289653 0.251636 -9999 -9999 -9999 -9999 -9999 -9999 -9999 -9999
-9999 0.281243 0.297971 0.314351 0.331162 0.348371 0.365158 0.390024 0.401833 0.412546 0.423176 0.429889 0.429287 0.432284 0.433651 0.435396 0.437328 0.440614 0.441414 0.44646 0.454718 0.4635 0.478695 0.497259 0.516183 0.53553 0.551412 0.567927 0.594923 0.608658 0.626397 0.646273 0.655644 0.666242 0.67666 0.681447 0.679846 0.673943 0.669574 0.661846 0.633466 0.614802 0.591124 0.550435 0.525241 0.503272 0.482285 0.463449 0.442404 0.433779 0.42223 0.416138 0.413499 0.4041 0.402108 0.400869 0.3994 0.396877 0.39246 0.385584 0.368936 0.347099 0.325642 0.292597 0.254507 -9999 -9999 -9999 -9999 -9999 -9999 -9999 -9999
-9999 -9999 -9999 0.312489 0.330326 0.347643 0.364793 0.391161 0.40402 0.414572 0.422383 0.426921 0.430555 0.430335 0.43078 0.428742 0.431145 0.438559 0.443968 0.451649 0.457043 0.466515 0.484499 0.501295 0.516888 0.535013 0.55446 0.571399 0.600975 0.615268 0.629601 0.646387 0.665766 0.681413 0.692299 0.695706 0.690793 0.684765 0.672543 0.659329 0.641358 0.619193 0.593873 0.55251 0.525044 0.503884 0.482326 0.461672 0.443741 0.430741 0.420529 0.412433 0.408851 0.405854 0.402752 0.402293 0.401597 0.399684 0.395708 0.381653 0.368575 0.351846 0.331743 0.297361 0.255013 -9999 -9999 -9999 -9999 -9999 -9999 -9999 -9999
-9999 -9999 -9999 0.309545 0.327374 0.345976 0.366342 0.391668 0.404774 0.414951 0.423231 0.428083 0.429196 0.428791 0.42643 0.423885 0.426578 0.433505 0.441022 0.449041 0.454931 0.469616 0.484178 0.500262 0.515063 0.533087 0.554365 0.572473 0.602164 0.619735 0.633946 0.654507 0.672003 0.686259 0.698711 0.703886 0.700817 0.690789 0.679051 0.665429 0.644721 0.619629 0.595621 0.552565 0.523231 0.502408 0.481079 0.460406 0.443528 0.429795 0.41893 0.411685 0.407281 0.404958 0.403816 0.403174 0.402959 0.401444 0.394582 0.385159 0.371812 0.354605 0.333928 0.302925 0.255613 -9999 -9999 -9999 -9999 -9999 -9999 -9999 -9999
-9999 -9999 -9999 -9999 0.324027 0.344615 0.366334 0.390959 0.403249 0.414638 0.422743 0.427325 0.429729 0.42837 0.42464 0.417661 0.420419 0.426777 0.436978 0.447236 0.457136 0.467647 0.480255 0.491504 0.505834 0.527164 0.549807 0.56994 0.60117 0.618751 0.642585 0.664177 0.682666 0.69533 0.700953 0.705635 0.70446 0.693825 0.6821 0.666726 0.644113 0.619848 0.59448 0.550863 0.524459 0.499958 0.479513 0.458246 0.442148 0.428921 0.417824 0.410492 0.406142 0.404204 0.403452 0.403422 0.403282 0.40106 0.395492 0.385944 0.372335 0.354839 0.333839 0.309285 0.267871 0.235495 -9999 -9999 -9999 -9999 -9999 -9999 -9999
-9999 -9999 -9999 -9999 0.319665 0.338249 0.36068 0.385865 0.400893 0.412655 0.420807 0.424815 0.426802 0.424954 0.423659 0.416504 0.416172 0.421191 0.424885 0.439379 0.455784 0.466033 0.467797 0.480441 0.496741 0.519305 0.542611 0.565753 0.594059 0.614677 0.641799 0.664154 0.682253 0.695449 0.70147 0.702644 0.702836 0.694505 0.681778 0.66316 0.641881 0.615974 0.589791 0.549011 0.521428 0.496767 0.476698 0.455133 0.440435 0.427343 0.416161 0.408706 0.405349 0.403302 0.402698 0.401534 0.401699 0.399527 0.3933 0.38365 0.369922 0.352312 0.331363 0.307492 0.272556 0.241009 0.211398 0.184624 -9999 -9999 -9999 -9999 -9999
-9999 -9999 -9999 -9999 -9999 0.330341 0.354611 0.381637 0.39576 0.408838 0.417291 0.422917 0.424693 0.422345 0.419164 0.413044 0.406094 0.409864 0.42479 0.440703 0.454886 0.46534 0.46865 0.481017 0.499747 0.523192 0.543549 0.565518 0.594984 0.615335 0.633582 0.652962 0.674379 0.68366 0.693663 0.697279 0.693064 0.684838 0.673425 0.655552 0.63485 0.611531 0.587159 0.543244 0.519452 0.494464 0.473734 0.454464 0.438124 0.425424 0.413967 0.407783 0.404179 0.402099 0.39684 0.39798 0.397752 0.395183 0.389564 0.378246 0.364506 0.347109 0.326441 0.303125 0.269551 0.242099 0.212414 0.182113 0.151673 -9999 -9999 -9999 -9999
-9999 -9999 -9999 -9999 -9999 0.323182 0.346633 0.373616 0.390518 0.407237 0.413453 0.418959 0.421392 0.420463 0.41673 0.413052 0.405807 0.398921 0.416129 0.439306 0.453518 0.4653 0.468383 0.486648 0.502448 0.523021 0.540523 0.561277 0.593873 0.611999 0.62848 0.646317 0.649737 0.668542 0.678846 0.683139 0.680376 0.671825 0.658281 0.648375 0.623543 0.598093 0.577641 0.536603 0.51223 0.489439 0.468929 0.450791 0.43535 0.423425 0.413663 0.405951 0.396436 0.39082 0.391752 0.392265 0.391354 0.388178 0.382142 0.372863 0.362168 0.339417 0.319385 0.296905 0.264268 0.238462 0.212225 0.1857 0.155347 0.128145 0 0 -9999
-9999 -9999 -9999 -9999 -9999 0.307822 0.334142 0.371976 0.387814 0.39823 0.406895 0.41312 0.415428 0.416694 0.414851 0.412503 0.408359 0.402348 0.400274 0.418497 0.437499 0.463224 0.474188 0.488503 0.502691 0.518857 0.538309 0.559159 0.589308 0.610375 0.623265 0.624747 0.637048 0.653032 0.659639 0.660181 0.662453 0.653656 0.640236 0.621265 0.609907 0.590102 0.561585 0.523005 0.498496 0.479306 0.461834 0.445681 0.431423 0.420106 0.400548 0.395332 0.385139 0.38472 0.38477 0.384379 0.382657 0.378826 0.372294 0.362832 0.350404 0.337076 0.3188 0.289186 0.257762 0.233577 0.209056 0.184761 0.160421 0.136751 0 0 0
-9999 -9999 -9999 -9999 -9999 0.309164 0.343865 0.363974 0.376195 0.39 0.398528 0.406097 0.410133 0.411802 0.410981 0.408821 0.406158 0.401701 0.399826 0.40954 0.431155 0.445877 0.458042 0.483619 0.498638 0.514821 0.536782 0.555373 0.586904 0.601877 0.597446 0.610088 0.618944 0.634528 0.640428 0.640201 0.639639 0.631394 0.614624 0.595782 0.577795 0.573133 0.551071 0.510958 0.48504 0.467179 0.453625 0.423849 0.411283 0.40304 0.395665 0.380497 0.378103 0.376826 0.375929 0.37455 0.371961 0.367466 0.360515 0.350966 0.338748 0.323921 0.30866 0.289075 0.258497 0.227876 0.205302 0.182945 0.161074 0.130995 0 0 0
-9999 -9999 -9999 -9999 -9999 0.300728 0.335483 0.353908 0.367748 0.381421 0.390703 0.398139 0.402734 0.404572 0.405736 0.405528 0.40395 0.40382 0.402755 0.401415 0.417009 0.436846 0.448824 0.463681 0.480894 0.497001 0.513251 0.554516 0.572339 0.568936 0.580367 0.592561 0.601615 0.61319 0.617664 0.618125 0.614489 0.603128 0.586743 0.568648 0.556188 0.538363 0.534935 0.491911 0.463751 0.447793 0.431638 0.414057 0.400549 0.395523 0.376344 0.372064 0.369223 0.36726 0.365328 0.363047 0.359566 0.354419 0.347192 0.337654 0.325817 0.311771 0.295763 0.279195 0.250078 0.229319 0.200188 0.178514 0.151915 0.13298 0 0 0
-9999 -9999 -9999 -9999 -9999 -9999 0.322434 0.339297 0.357268 0.370388 0.380637 0.388183 0.39309 0.396188 0.398366 0.39962 0.399622 0.399266 0.397789 0.39872 0.407187 0.42799 0.437356 0.450618 0.46915 0.48546 0.49831 0.522205 0.520917 0.540126 0.554 0.566015 0.575763 0.588656 0.591896 0.591178 0.58522 0.570105 0.551968 0.535776 0.521297 0.503317 0.50397 0.464242 0.449809 0.434305 0.419334 0.402022 0.390953 0.370509 0.365029 0.359474 0.356636 0.356035 0.353232 0.350014 0.345767 0.340127 0.332709 0.323336 0.309026 0.295197 0.279627 0.263163 0.234592 0.214629 0.194646 0.17473 0.156426 0.13866 0 0 0
-9999 -9999 -9999 -9999 -9999 -9999 0.311258 0.330041 0.348778 0.359685 0.369762 0.378494 0.383503 0.386367 0.38865 0.390492 0.392055 0.391451 0.391553 0.392748 0.39752 0.405639 0.424807 0.43812 0.456918 0.471065 0.484128 0.484189 0.494733 0.513182 0.52989 0.540711 0.548778 0.549086 0.553565 0.550605 0.543367 0.53614 0.525466 0.510408 0.499342 0.482306 0.468712 0.446208 0.432024 0.417624 0.406078 0.390329 0.378806 0.357564 0.352375 0.3467 0.344339 0.341241 0.337713 0.333647 0.328695 0.322445 0.314672 0.305152 0.293913 0.281056 0.26671 0.251038 0.233362 0.201892 0.18422 0.167966 0.152247 0.112024 0 0 0
-9999 -9999 -9999 -9999 -9999 -9999 0.305829 0.320613 0.337343 0.351106 0.357776 0.36667 0.373259 0.376098 0.378265 0.380087 0.382748 0.382142 0.381615 0.38273 0.384157 0.391872 0.403302 0.428725 0.443668 0.455713 0.466672 0.466844 0.47942 0.493918 0.50581 0.515018 0.521469 0.525099 0.526881 0.524505 0.520778 0.512298 0.499692 0.488125 0.478207 0.460664 0.448163 0.43708 0.41345 0.402944 0.391677 0.375976 0.350656 0.345392 0.339837 0.335325 0.330901 0.326572 0.322539 0.31774 0.312271 0.305767 0.297993 0.28887 0.278305 0.266465 0.253106 0.238593 0.220124 0.192144 0.176766 0.163128 0.149786 0.105466 0 0 0
-9999 -9999 -9999 -9999 -9999 -9999 0.300158 0.313327 0.327998 0.339092 0.345668 0.354559 0.362527 0.366367 0.36858 0.371725 0.373652 0.373929 0.374251 0.374837 0.37843 0.380265 0.392616 0.416461 0.429531 0.441209 0.44053 0.447949 0.459599 0.4709 0.479901 0.489513 0.49498 0.497875 0.495861 0.493684 0.491986 0.486582 0.478639 0.467 0.457296 0.444564 0.432519 0.420289 0.397867 0.387069 0.375433 0.348215 0.339656 0.332753 0.32642 0.321014 0.315547 0.310759 0.306259 0.300963 0.295117 0.288474 0.280896 0.272212 0.262331 0.251472 0.238981 0.225057 0.209197 0.17949 0.169001 0.158891 0.140495 0.102286 0 0 0
-9999 -9999 -9999 -9999 -9999 -9999 0.292006 0.304672 0.317359 0.325714 0.331316 0.342773 0.351268 0.355349 0.358422 0.36126 0.360849 0.365082 0.3686 0.369621 0.369536 0.369648 0.377315 0.3897 0.414306 0.424643 0.419495 0.425084 0.433651 0.444623 0.454536 0.463707 0.468863 0.470527 0.465753 0.458889 0.459549 0.458697 0.453097 0.445193 0.433872 0.423835 0.413294 0.401032 0.368341 0.368339 0.35851 0.332474 0.324082 0.317465 0.311454 0.303838 0.297956 0.293821 0.289136 0.283423 0.277361 0.270783 0.263471 0.255358 0.246144 0.236142 0.225182 0.210168 0.196255 0.172263 0.161105 0.151514 0.105652 0 0 0 0
-9999 -9999 -9999 -9999 -9999 -9999 0.282655 0.292659 0.304241 0.311646 0.32037 0.330958 0.338097 0.343441 0.347159 0.350304 0.352284 0.355243 0.357452 0.358323 0.358255 0.358163 0.360807 0.370027 0.39693 0.386493 0.399193 0.402824 0.411558 0.421292 0.432523 0.440204 0.44373 0.44529 0.444689 0.439338 0.431638 0.428185 0.426229 0.417957 0.408298 0.402049 0.39341 0.382359 0.371752 0.352756 0.326219 0.31484 0.306304 0.29999 0.295627 0.288832 0.281996 0.277231 0.271244 0.265263 0.259167 0.252712 0.245819 0.238382 0.230135 0.220953 0.20917 0.197267 0.184045 0.173466 0.154533 0.139005 0.101121 0 0 0 0
-9999 -9999 -9999 -9999 -9999 -9999 0.271656 0.281688 0.292065 0.301857 0.311157 0.319547 0.323496 0.329518 0.333086 0.338064 0.341562 0.343964 0.34658 0.348017 0.346305 0.346174 0.345947 0.354287 0.370227 0.379393 0.381275 0.380334 0.390802 0.401441 0.410896 0.416931 0.416417 0.420116 0.420035 0.417398 0.412104 0.4039 0.399939 0.391031 0.384948 0.380253 0.373571 0.36542 0.356022 0.328217 0.311067 0.298171 0.289057 0.282413 0.276943 0.27201 0.265314 0.259133 0.252781 0.246614 0.240543 0.234364 0.227935 0.22114 0.213822 0.204126 0.193589 0.183711 0.172857 0.163769 0.15159 0.132643 0 0 0 0 0
-9999 -9999 -9999 -9999 -9999 -9999 -9999 0.272722 0.282523 0.290509 0.294931 0.3022 0.307553 0.312473 0.316188 0.324723 0.328835 0.331905 0.334727 0.336707 0.336666 0.338601 0.338362 0.340096 0.334083 0.357958 0.363745 0.367096 0.373182 0.382437 0.391402 0.3939 0.390849 0.391895 0.392467 0.393364 0.390526 0.380825 0.373779 0.366528 0.363571 0.35997 0.353997 0.346997 0.338979 0.299507 0.290762 0.283854 0.276471 0.267812 0.261056 0.254334 0.247132 0.240347 0.23376 0.227547 0.221569 0.215667 0.209831 0.203629 0.196815 0.18797 0.175199 0.16856 0.160627 0.151143 0.1406 0 0 0 0 0 0
-9999 -9999 -9999 -9999 -9999 -9999 -9999 0.262184 0.27221 0.276278 0.278601 0.278611 0.282291 0.294093 0.298952 0.307118 0.315425 0.319293 0.32222 0.324464 0.326621 0.3273 0.32612 0.326452 0.321092 0.334742 0.353013 0.357237 0.361622 0.367467 0.369633 0.366252 0.362604 0.364687 0.365365 0.369328 0.368533 0.36521 0.358007 0.349505 0.342593 0.340451 0.334961 0.328533 0.321315 0.297698 0.269342 0.268309 0.260335 0.252075 0.243638 0.236226 0.228486 0.221145 0.214406 0.20812 0.202292 0.196729 0.191408 0.185473 0.179323 0.169982 0.161092 0.1532 0.144358 0.144208 0.132596 0 0 0 0 0 0
-9999 -9999 -9999 -9999 -9999 -9999 -9999 -9999 -9999 -9999 -9999 -9999 0.269505 0.273741 0.28315 0.291872 0.301926 0.306156 0.309429 0.312866 0.313633 0.314134 0.318989 0.304598 0.309176 0.322329 0.338278 0.343643 0.346453 0.34887 0.347728 0.344221 0.338911 0.340817 0.344944 0.349084 0.347429 0.345582 0.340879 0.334612 0.32374 0.322221 0.316944 0.311081 0.303929 0.274686 0.254138 0.252081 0.241943 0.233887 0.226507 0.217748 0.209443 0.201752 0.194753 0.188409 0.182766 0.177669 0.172939 0.168279 0.16308 0.156018 0.149208 0.142489 0.132841 0.133815 0 0 0 0 0 0 0
-9999 -9999 -9999 -9999 -9999 -9999 -9999 -9999 -9999 -9999 -9999 -9999 0.250896 0.25217 0.268868 0.277944 0.287269 0.292508 0.295855 0.299133 0.302286 0.305192 0.30678 0.297165 0.296186 0.305604 0.323692 0.327232 0.328144 0.325895 0.325575 0.321128 0.317712 0.321954 0.325704 0.3291 0.328486 0.32639 0.323866 0.315104 0.306847 0.303542 0.299164 0.294626 0.273285 0.258282 0.250208 0.23627 0.227425 0.218086 0.208552 0.199269 0.190263 0.182126 0.174886 0.168494 0.16309 0.158557 0.154641 0.151221 0.14746 0.141376 0.136241 0.130538 0.122979 0.11789 0 0 0 0 0 0 0
