Test_Spring_2018b/03_18/Prec/20180316_010.txt
ncols	170
nrows	115
xllcorner	350000.000000
yllcorner	4445000.000000
cellsize	1000.000000
nodata_value	-9999.000000
[rows 31 to 61 of 115, columns 70 to 139 of 170]
0.477408 0.47809 0.480806 0.486726 0.491045 0.498391 0.515579 0.520821 0.538017 0.542868 0.549159 0.553747 0.558893 0.564844 0.568627 0.575838 0.594034 0.590395 0.589181 0.594249 0.59149 0.586812 0.590189 0.601009 0.605384 0.6128 0.604676 0.615279 0.62074 -9999 -9999 -9999 -9999 -9999 -9999 -9999 -9999 -9999 -9999 -9999 -9999 -9999 -9999 -9999 -9999 -9999 -9999 -9999 -9999 -9999 -9999 -9999 -9999 -9999 -9999 -9999 -9999 -9999 -9999 -9999 -9999 -9999 -9999 -9999 -9999 -9999 -9999 -9999 -9999 -9999
0.473075 0.475313 0.479186 0.485052 0.48677 0.489012 0.515973 0.52347 0.5343 0.538411 0.543697 0.550576 0.555003 0.559071 0.562224 0.568405 0.581807 0.593628 0.588619 0.588893 0.59301 0.585834 0.589401 0.598942 0.612497 0.604691 0.606427 0.61969 0.615775 -9999 -9999 -9999 -9999 -9999 -9999 -9999 -9999 -9999 -9999 -9999 -9999 -9999 -9999 -9999 -9999 -9999 -9999 -9999 -9999 -9999 -9999 -9999 -9999 -9999 -9999 -9999 -9999 -9999 -9999 -9999 -9999 -9999 -9999 -9999 -9999 -9999 -9999 -9999 -9999 -9999
0.472341 0.472906 0.477687 0.482604 0.483005 0.487787 0.500165 0.518874 0.530813 0.5342 0.538398 0.543183 0.547424 0.551366 0.556957 0.563641 0.575277 0.58859 0.592158 0.586717 0.586735 0.585903 0.58933 0.593551 0.600157 0.594497 0.592223 0.59329 0.604629 0.613883 -9999 -9999 -9999 -9999 -9999 -9999 -9999 -9999 -9999 -9999 -9999 -9999 -9999 -9999 -9999 -9999 -9999 -9999 -9999 -9999 -9999 -9999 -9999 -9999 -9999 -9999 -9999 -9999 -9999 -9999 -9999 -9999 -9999 -9999 -9999 -9999 -9999 -9999 -9999 -9999
0.47257 0.471114 0.476493 0.484683 0.486767 0.489671 0.50125 0.528148 0.531639 0.530602 0.534375 0.537793 0.542693 0.54681 0.551639 0.558044 0.566091 0.57519 0.589947 0.581965 0.575655 0.576086 0.576595 0.579666 0.586133 0.580676 0.580357 0.578974 0.600895 0.604937 0.605734 -9999 -9999 -9999 -9999 -9999 -9999 -9999 -9999 -9999 -9999 -9999 -9999 -9999 -9999 -9999 -9999 -9999 -9999 -9999 -9999 -9999 -9999 -9999 -9999 -9999 -9999 -9999 -9999 -9999 -9999 -9999 -9999 -9999 -9999 -9999 -9999 -9999 -9999 -9999
-9999 0.470101 0.475582 0.484797 0.487013 0.488603 0.492527 0.510242 0.526505 0.528852 0.530858 0.534156 0.539013 0.547611 0.550499 0.552421 0.558107 0.568291 0.578227 0.581221 0.571437 0.568843 0.569676 0.567536 0.573102 0.57054 0.571584 0.56949 0.577656 0.593256 0.595123 0.600276 -9999 -9999 -9999 -9999 -9999 -9999 -9999 -9999 -9999 -9999 -9999 -9999 -9999 -9999 -9999 -9999 -9999 -9999 -9999 -9999 -9999 -9999 -9999 -9999 -9999 -9999 -9999 -9999 -9999 -9999 -9999 -9999 -9999 -9999 -9999 -9999 -9999 -9999
-9999 -9999 -9999 -9999 0.488742 0.493186 0.502851 0.509778 0.524024 0.525963 0.527593 0.530875 0.537807 0.542176 0.544278 0.548697 0.554979 0.559135 0.565664 0.572261 0.570465 0.562095 0.56627 0.560281 0.560943 0.559878 0.564027 0.571404 0.576606 0.589986 0.591457 0.595278 -9999 -9999 -9999 -9999 -9999 -9999 -9999 -9999 -9999 -9999 -9999 -9999 -9999 -9999 -9999 -9999 -9999 -9999 -9999 -9999 -9999 -9999 -9999 -9999 -9999 -9999 -9999 -9999 -9999 -9999 -9999 -9999 -9999 -9999 -9999 -9999 -9999 -9999
-9999 -9999 -9999 -9999 -9999 0.490787 0.501114 0.500377 0.521729 0.524555 0.525159 0.528356 0.53269 0.53618 0.539795 0.543575 0.548525 0.553609 0.559725 0.560795 0.555656 0.555952 0.557412 0.55672 0.554006 0.554855 0.556916 0.571665 0.57685 0.591561 0.595048 0.592855 0.594734 -9999 -9999 -9999 -9999 -9999 -9999 -9999 -9999 -9999 -9999 -9999 -9999 0.550207 -9999 -9999 -9999 -9999 -9999 -9999 -9999 -9999 -9999 -9999 -9999 -9999 -9999 -9999 -9999 -9999 -9999 -9999 -9999 -9999 0.474361 -9999 -9999 -9999
-9999 -9999 -9999 -9999 0.47846 0.491653 0.494582 0.496545 0.507633 0.522579 0.522941 0.526235 0.530175 0.533748 0.53845 0.540579 0.543804 0.549133 0.550673 0.54932 0.548856 0.548211 0.54788 0.548565 0.549882 0.551474 0.555299 0.559884 0.562659 0.568647 0.580337 0.583891 0.590085 0.594509 -9999 -9999 -9999 -9999 -9999 -9999 -9999 0.56431 0.562009 0.55899 0.554059 0.545738 0.544748 -9999 -9999 -9999 -9999 -9999 -9999 -9999 -9999 -9999 -9999 -9999 -9999 -9999 -9999 -9999 -9999 -9999 -9999 -9999 0.46922 0.471595 -9999 -9999
-9999 -9999 -9999 -9999 0.48451 0.486948 0.491396 0.494016 0.497932 0.519336 0.522289 0.52467 0.527787 0.531534 0.535483 0.536802 0.540732 0.543007 0.544623 0.542487 0.542256 0.543463 0.544892 0.546148 0.54938 0.5498 0.55032 0.553028 0.557695 0.562394 0.572555 0.581636 0.590452 0.597194 -9999 -9999 -9999 -9999 -9999 -9999 0.563531 0.55729 0.552395 0.554681 0.547177 0.539686 0.536452 0.524952 -9999 -9999 -9999 -9999 -9999 -9999 -9999 -9999 -9999 -9999 -9999 -9999 -9999 -9999 0.45197 0.455482 0.465304 0.468532 0.468811 0.47051 -9999 -9999
-9999 -9999 -9999 -9999 0.481366 0.483719 0.487623 0.491743 0.497918 0.512691 0.520703 0.523876 0.527024 0.529694 0.531862 0.5357 0.537636 0.54206 0.538602 0.538905 0.53995 0.54378 0.545479 0.551997 0.554888 0.55531 0.549446 0.552894 0.560572 0.570209 0.588912 0.584122 0.586518 0.592371 -9999 -9999 -9999 -9999 -9999 -9999 0.560472 0.554062 0.548074 0.54479 0.5467 0.536067 0.52213 0.521332 0.517265 0.508942 0.502203 0.496311 0.48311 0.477648 0.475437 0.469946 -9999 -9999 -9999 -9999 0.455263 0.452582 0.449828 0.449718 0.460804 0.467061 0.471975 0.460908 -9999 -9999
-9999 -9999 -9999 -9999 0.474331 0.479177 0.485515 0.492931 0.497711 0.512896 0.520614 0.521572 0.525046 0.527634 0.529536 0.531616 0.534362 0.534282 0.534458 0.535492 0.542385 0.550446 0.546538 0.554049 0.567793 0.555591 0.550388 0.554353 0.563792 0.574719 0.584279 0.578937 0.582977 0.585987 -9999 -9999 -9999 0.573649 0.565992 0.563801 0.560143 0.552319 0.545529 0.541837 0.536423 0.529135 0.521431 0.520286 0.519244 0.512373 0.49943 0.492314 0.479652 0.474051 0.471681 0.464565 0.459664 0.456072 0.453559 0.45187 0.449835 0.447429 0.445227 0.44499 0.456993 0.460828 0.461603 0.453952 -9999 -9999
-9999 -9999 -9999 -9999 0.473136 0.478715 0.484857 0.489499 0.496833 0.501869 0.516042 0.52205 0.525329 0.530169 0.530188 0.531561 0.53245 0.533262 0.534088 0.539693 0.547491 0.555299 0.558659 0.559082 0.565214 0.558615 0.553228 0.557479 0.559821 0.569495 0.570122 0.57686 0.582345 0.590272 -9999 -9999 0.585709 0.57264 0.562976 0.557173 0.554088 0.55189 0.543972 0.54066 0.531425 0.525683 0.523817 0.517759 0.517124 0.509459 0.49663 0.490606 0.479639 0.468345 0.463935 0.460726 0.456703 0.454086 0.451944 0.450055 0.449017 0.44658 0.444231 0.443148 0.449269 0.450231 0.445154 0.452097 -9999 -9999
-9999 -9999 -9999 -9999 0.46918 0.474831 0.48029 0.488198 0.49402 0.502883 0.518956 0.520906 0.526223 0.530572 0.533583 0.532606 0.533159 0.533315 0.533275 0.538231 0.543983 0.553112 0.558548 0.563852 0.56615 0.563923 0.56062 0.56061 0.560921 0.559112 0.563857 0.573577 0.577729 0.584815 0.58934 -9999 0.584122 0.577665 0.566582 0.556803 0.549809 0.549678 0.540988 0.536875 0.527111 0.524952 0.520009 0.512037 0.506506 0.501445 0.491717 0.484376 0.475299 0.469459 0.461532 0.458011 0.455008 0.452685 0.450755 0.448987 0.447337 0.445539 0.443591 0.441627 0.442807 0.438715 0.443866 0.45175 -9999 -9999
-9999 -9999 -9999 0.462492 0.466626 0.47101 0.478377 0.486139 0.493744 0.501167 0.515329 0.521476 0.525328 0.530444 0.536516 0.537229 0.536771 0.534112 0.533531 0.533038 0.535516 0.54651 0.551369 0.554711 0.561747 0.561766 0.55917 0.551872 0.551464 0.55516 0.559432 0.569813 0.574919 0.580051 0.589822 0.587693 0.581079 0.575886 0.568099 0.556567 0.547779 0.542552 0.538829 0.531219 0.525964 0.52 0.513007 0.508166 0.504247 0.498552 0.49272 0.484667 0.475768 0.467244 0.461817 0.45623 0.453466 0.451344 0.449613 0.448056 0.44657 0.445019 0.443024 0.440589 0.434061 0.435846 0.441739 0.4431 -9999 -9999
-9999 -9999 -9999 -9999 0.465579 0.473132 0.482342 0.491048 0.498453 0.50505 0.516996 0.522571 0.525705 0.53037 0.537122 0.542251 0.538855 0.536938 0.534484 0.533165 0.532232 0.540932 0.544866 0.547808 0.554316 0.548268 0.544617 0.543553 0.544427 0.553093 0.561855 0.576045 0.584958 0.584545 0.590163 0.585397 0.580875 0.570459 0.562742 0.558786 0.555241 0.54281 0.536163 0.528625 0.521191 0.519532 0.510566 0.506952 0.499765 0.493724 0.487651 0.489488 0.474927 0.47 0.461245 0.455944 0.451932 0.450056 0.448535 0.447308 0.446044 0.444601 0.44268 0.437757 0.431156 0.430094 0.443505 0.442991 -9999 -9999
-9999 -9999 -9999 -9999 -9999 -9999 0.483052 0.491558 0.500333 0.507859 0.517681 0.522544 0.526733 0.530581 0.534853 0.54107 0.542244 0.540866 0.543657 0.538377 0.532602 0.530992 0.529907 0.537366 0.538702 0.532875 0.533064 0.538864 0.543463 0.548202 0.55864 0.57004 0.58055 0.588336 0.588022 0.578053 0.569638 0.559242 0.554093 0.55537 0.551168 0.541669 0.532135 0.524907 0.520545 0.518806 0.509318 0.506896 0.49613 0.489275 0.484959 0.480768 0.473099 0.466167 0.461456 0.454533 0.451216 0.44882 0.447599 0.446559 0.445498 0.44418 0.439508 0.435899 0.431516 0.426558 0.440254 0.445228 -9999 -9999
-9999 -9999 -9999 -9999 -9999 -9999 0.485669 0.495029 0.502542 0.505595 0.517445 0.522597 0.527983 0.531431 0.53534 0.540442 0.544585 0.547331 0.550493 0.546254 0.537612 0.531699 0.529398 0.535557 0.528145 0.528134 0.529897 0.537725 0.543522 0.546535 0.556647 0.569007 0.575882 0.585733 0.580824 0.575496 0.568739 0.557566 0.549623 0.545291 0.545442 0.539138 0.528569 0.523953 0.522405 0.516388 0.508497 0.507417 0.494632 0.486313 0.481334 0.475071 0.468585 0.463219 0.457852 0.453301 0.44998 0.448169 0.44683 0.445957 0.444978 0.442446 0.439664 0.435926 0.431418 0.426225 0.432862 0.445022 -9999 -9999
-9999 -9999 -9999 -9999 -9999 -9999 -9999 0.498393 0.502702 0.503686 0.516823 0.523626 0.527277 0.531292 0.535873 0.538942 0.543771 0.549186 0.559532 0.554779 0.546554 0.53552 0.528814 0.527633 0.526812 0.529727 0.539425 0.548078 0.548584 0.549794 0.557208 0.567603 0.575456 0.570209 0.564578 0.558463 0.555044 0.555315 0.548406 0.54202 0.54191 0.534769 0.526109 0.523541 0.519435 0.514592 0.50698 0.500222 0.493087 0.483024 0.479037 0.471706 0.464733 0.460436 0.45601 0.452212 0.449063 0.447318 0.446164 0.445236 0.444096 0.442034 0.439191 0.435445 0.430845 0.425539 0.420685 0.422459 0.422596 -9999
-9999 -9999 -9999 -9999 -9999 -9999 -9999 0.502578 0.509586 0.508819 0.520932 0.522972 0.525987 0.530056 0.535851 0.538837 0.546151 0.547675 0.556971 0.560479 0.554279 0.553734 0.539329 0.526517 0.525367 0.545709 0.552343 0.557041 0.554927 0.554582 0.556631 0.571917 0.574698 0.564055 0.557318 0.552048 0.547908 0.546265 0.545714 0.536474 0.533152 0.527457 0.524001 0.518993 0.51751 0.514014 0.501658 0.497234 0.490847 0.48075 0.477967 0.469067 0.462587 0.459266 0.455803 0.450964 0.448437 0.446667 0.445053 0.444386 0.443266 0.441113 0.438094 0.434274 0.429695 0.424268 0.418377 0.409519 0.40872 0.403929
-9999 -9999 -9999 -9999 -9999 -9999 -9999 -9999 0.517412 0.512303 0.521034 0.523981 0.524464 0.527997 0.532396 0.536841 0.544109 0.549523 0.557778 0.566732 0.571744 0.552144 0.534852 0.524997 0.522454 0.539099 0.544988 0.544332 0.539429 0.542715 0.545428 0.558099 0.56039 0.563826 0.561418 0.553487 0.546799 0.541155 0.536383 0.534556 0.529616 0.524923 0.520776 0.515542 0.510623 0.505138 0.498757 0.489403 0.484994 0.477405 0.472116 0.467217 0.46107 0.459135 0.454205 0.450143 0.447718 0.444277 0.443764 0.442931 0.441659 0.439807 0.436373 0.432504 0.427832 0.422521 0.416593 0.406406 0.400213 0.397154
-9999 -9999 -9999 -9999 -9999 -9999 -9999 -9999 0.5225 0.516927 0.525245 0.522524 0.524214 0.525129 0.52817 0.532109 0.537839 0.545171 0.550368 0.560787 0.571232 0.551508 0.534685 0.524004 0.521901 0.533678 0.528083 0.53056 0.528536 0.534551 0.537161 0.543304 0.547541 0.552313 0.556325 0.557467 0.544841 0.538016 0.531853 0.527769 0.52398 0.520102 0.517671 0.512818 0.513294 0.503222 0.493375 0.487337 0.481463 0.475565 0.470228 0.465423 0.45912 0.455292 0.453463 0.4468 0.443475 0.442714 0.441947 0.440972 0.439573 0.437542 0.434812 0.431096 0.425403 0.420186 0.414448 0.404301 0.3977 0.391345
-9999 -9999 -9999 -9999 -9999 -9999 -9999 -9999 0.540108 0.527464 0.52725 0.524249 0.520551 0.522326 0.524301 0.529004 0.531945 0.537238 0.541444 0.547873 0.557898 0.56303 0.548491 0.526356 0.519995 0.516941 0.516131 0.519176 0.52215 0.522286 0.521971 0.530421 0.533951 0.542105 0.541822 0.545051 0.535563 0.533924 0.53369 0.521472 0.519056 0.516517 0.516724 0.518209 0.51242 0.508194 0.496118 0.493317 0.484202 0.475731 0.469258 0.464286 0.458136 0.450416 0.448029 0.442708 0.441585 0.440688 0.439747 0.438541 0.43692 0.434806 0.43198 0.428359 0.423861 0.418963 0.411884 0.401853 0.395547 0.38946
-9999 -9999 -9999 -9999 -9999 -9999 -9999 -9999 0.537415 0.536925 0.528217 0.523143 0.51898 0.520458 0.52015 0.522393 0.5255 0.530214 0.535406 0.540663 0.54925 0.554933 0.543627 0.530199 0.518919 0.511667 0.513828 0.513146 0.51343 0.510019 0.511249 0.516823 0.5212 0.524858 0.529476 0.535929 0.525142 0.523437 0.524053 0.516994 0.514866 0.519878 0.522386 0.51889 0.511935 0.510408 0.501068 0.496186 0.487977 0.475713 0.467513 0.462578 0.453199 0.449572 0.442518 0.440761 0.43945 0.438286 0.437117 0.435654 0.433794 0.431545 0.428641 0.425104 0.421078 0.415797 0.410626 0.400576 0.393262 0.387467
-9999 -9999 -9999 -9999 -9999 -9999 -9999 -9999 0.528892 0.53945 0.531611 0.521793 0.516639 0.516131 0.515834 0.517414 0.52094 0.523362 0.526516 0.531236 0.533736 0.538967 0.546717 0.528888 0.524399 0.516269 0.509005 0.503446 0.503011 0.504979 0.516692 0.514183 0.509957 0.516049 0.518134 0.521433 0.515188 0.514493 0.513471 0.512022 0.516475 0.522985 0.527024 0.517508 0.514198 0.508508 0.506499 0.489576 0.478809 0.471813 0.469858 0.468161 0.453822 0.444244 0.441193 0.438849 0.436964 0.435616 0.434058 0.432418 0.430404 0.427937 0.425 0.42151 0.417549 0.413149 0.407379 0.397477 0.391878 0.384349
-9999 -9999 -9999 -9999 -9999 -9999 -9999 -9999 -9999 0.538361 0.525483 0.514967 0.510469 0.508383 0.508249 0.509946 0.512251 0.514048 0.515915 0.519135 0.523037 0.529767 0.534229 0.528538 0.524211 0.520014 0.515552 0.505335 0.501602 0.505895 0.522569 0.510367 0.503063 0.503309 0.504037 0.504678 0.508008 0.507956 0.508415 0.511329 0.523467 0.520273 0.522294 0.517512 0.515923 0.50629 0.498803 0.486916 0.478875 0.472851 0.474293 0.465786 0.448835 0.443142 0.441203 0.437444 0.434297 0.432568 0.430799 0.428936 0.426692 0.424083 0.421077 0.417004 0.413002 0.408588 0.402614 0.392474 0.38748 0.382376
-9999 -9999 -9999 -9999 -9999 -9999 -9999 -9999 -9999 0.537766 0.525313 0.511542 0.509201 0.506308 0.503576 0.504973 0.507983 0.51028 0.512091 0.513735 0.519065 0.52397 0.528486 0.529049 0.526516 0.525324 0.519012 0.506039 0.503127 0.503838 0.515162 0.51871 0.508681 0.500285 0.49944 0.499843 0.508926 0.505892 0.509699 0.514863 0.514364 0.514501 0.517622 0.510626 0.511269 0.504826 0.497319 0.48867 0.482038 0.473008 0.473959 0.466719 0.449432 0.442997 0.440389 0.434483 0.431159 0.428887 0.426828 0.424626 0.422202 0.419392 0.416287 0.412805 0.408965 0.404898 0.400809 0.395632 0.392456 0.387365
-9999 -9999 -9999 -9999 -9999 -9999 -9999 -9999 -9999 0.533123 0.525128 0.512761 0.504022 0.50564 0.501864 0.500279 0.503411 0.506335 0.508864 0.509486 0.515638 0.522278 0.527335 0.533524 0.531206 0.524951 0.515247 0.506622 0.504645 0.505897 0.511417 0.507878 0.500721 0.49674 0.49522 0.495436 0.496713 0.49679 0.499118 0.498843 0.501804 0.507346 0.507423 0.501779 0.506817 0.502162 0.49473 0.490033 0.479808 0.472747 0.475484 0.455389 0.445892 0.439778 0.434385 0.4307 0.427969 0.425027 0.422826 0.420443 0.417873 0.415071 0.411943 0.408619 0.404964 0.401673 0.398517 0.400644 0.391414 0.386132
-9999 -9999 -9999 -9999 -9999 -9999 -9999 -9999 -9999 0.528583 0.521142 0.510311 0.504421 0.504908 0.500232 0.495818 0.49713 0.500164 0.500916 0.503362 0.508656 0.514396 0.52065 0.52319 0.530303 0.521588 0.514474 0.507094 0.503401 0.507864 0.509535 0.504201 0.498973 0.496487 0.491189 0.490391 0.490849 0.495985 0.497516 0.49424 0.49327 0.492953 0.495697 0.492649 0.4928 0.490606 0.488216 0.484999 0.477816 0.473458 0.461184 0.447093 0.440572 0.435431 0.430747 0.427703 0.424466 0.42104 0.418587 0.416089 0.413466 0.410597 0.407578 0.404528 0.401177 0.398837 0.397467 0.39826 0.39432 0.384212
-9999 -9999 -9999 -9999 -9999 -9999 -9999 -9999 -9999 0.527941 0.519307 0.509944 0.507022 0.507799 0.497796 0.49182 0.492391 0.493953 0.495439 0.502188 0.501283 0.502052 0.5078 0.51647 0.526082 0.524419 0.515738 0.508082 0.504578 0.512039 0.51401 0.510866 0.503123 0.4961 0.488758 0.486087 0.486761 0.495352 0.504318 0.497436 0.489919 0.487404 0.486125 0.488382 0.486784 0.484858 0.485177 0.483515 0.479176 0.473482 0.4503 0.444411 0.437495 0.431428 0.429699 0.426359 0.42094 0.416803 0.41424 0.411642 0.408895 0.406073 0.403116 0.400472 0.397661 0.395105 0.398202 0.398566 0.395782 0.381366
-9999 -9999 -9999 -9999 -9999 -9999 -9999 -9999 -9999 0.529098 0.523008 0.513704 0.51076 0.504916 0.495257 0.49074 0.488687 0.488949 0.489944 0.492881 0.494403 0.497644 0.50381 0.512411 0.522035 0.52811 0.524177 0.511701 0.502532 0.514748 0.517592 0.511559 0.503195 0.491309 0.484007 0.481958 0.48117 0.48172 0.487769 0.495209 0.492997 0.485868 0.487142 0.488833 0.483236 0.480459 0.480938 0.480294 0.474197 0.461457 0.449085 0.443811 0.436304 0.427011 0.423162 0.42052 0.415235 0.412474 0.409799 0.407052 0.404326 0.401501 0.398584 0.395929 0.393731 0.39484 0.395215 0.397043 0.393901 0.375264
-9999 -9999 -9999 -9999 -9999 -9999 -9999 -9999 -9999 0.532868 0.52492 0.515905 0.507358 0.499128 0.491966 0.491874 0.488034 0.488175 0.485965 0.486417 0.489048 0.491811 0.497167 0.50851 0.517951 0.52829 0.524931 0.510734 0.509655 0.513649 0.522101 0.510905 0.498679 0.487461 0.480774 0.483652 0.47785 0.476617 0.477782 0.481445 0.488013 0.485533 0.489518 0.48708 0.480831 0.476672 0.474019 0.472809 0.468392 0.4562 0.445381 0.441177 0.433948 0.42594 0.418196 0.41447 0.410755 0.407972 0.405257 0.402484 0.399736 0.397018 0.394335 0.391811 0.392472 0.393714 0.393053 0.393332 0.390097 0.374022
