Test_Spring_2018b/03_18/Prec/20180308_000.txt
ncols	170
nrows	115
xllcorner	350000.000000
yllcorner	4445000.000000
cellsize	1000.000000
nodata_value	-9999.000000
[rows 31 to 61 of 115, columns 70 to 139 of 170]
0.422801 0.42502 0.424977 0.421034 0.419843 0.422388 0.416434 0.414726 0.408906 0.407004 0.402695 0.400261 0.396479 0.390958 0.387814 0.379258 0.354784 0.360165 0.361667 0.353992 0.356885 0.3622 0.356127 0.339592 0.33201 0.320216 0.325148 0.318826 0.309129 -9999 -9999 -9999 -9999 -9999 -9999 -9999 -9999 -9999 -9999 -9999 -9999 -9999 -9999 -9999 -9999 -9999 -9999 -9999 -9999 -9999 -9999 -9999 -9999 -9999 -9999 -9999 -9999 -9999 -9999 -9999 -9999 -9999 -9999 -9999 -9999 -9999 -9999 -9999 -9999 -9999
0.427374 0.427408 0.42567 0.421653 0.423869 0.425739 0.413942 0.413068 0.41155 0.410302 0.407041 0.401099 0.39805 0.394939 0.392527 0.385328 0.367527 0.351429 0.358337 0.357506 0.351014 0.36002 0.353889 0.339332 0.319128 0.328674 0.324947 0.310499 0.304644 -9999 -9999 -9999 -9999 -9999 -9999 -9999 -9999 -9999 -9999 -9999 -9999 -9999 -9999 -9999 -9999 -9999 -9999 -9999 -9999 -9999 -9999 -9999 -9999 -9999 -9999 -9999 -9999 -9999 -9999 -9999 -9999 -9999 -9999 -9999 -9999 -9999 -9999 -9999 -9999 -9999
0.426407 0.428796 0.425781 0.423032 0.426987 0.42518 0.420675 0.41745 0.414017 0.413551 0.411586 0.408359 0.40539 0.402308 0.396392 0.38843 0.373071 0.354922 0.349949 0.35718 0.356523 0.356826 0.35103 0.344015 0.333607 0.340255 0.342178 0.334302 0.317802 0.311054 -9999 -9999 -9999 -9999 -9999 -9999 -9999 -9999 -9999 -9999 -9999 -9999 -9999 -9999 -9999 -9999 -9999 -9999 -9999 -9999 -9999 -9999 -9999 -9999 -9999 -9999 -9999 -9999 -9999 -9999 -9999 -9999 -9999 -9999 -9999 -9999 -9999 -9999 -9999 -9999
0.423602 0.428876 0.425087 0.417823 0.41946 0.420273 0.422174 0.411036 0.410635 0.416257 0.4148 0.413388 0.409412 0.406007 0.401086 0.393462 0.383075 0.370794 0.350248 0.361059 0.369274 0.367883 0.366223 0.360878 0.350726 0.35714 0.356372 0.343846 0.32992 0.321109 0.316808 -9999 -9999 -9999 -9999 -9999 -9999 -9999 -9999 -9999 -9999 -9999 -9999 -9999 -9999 -9999 -9999 -9999 -9999 -9999 -9999 -9999 -9999 -9999 -9999 -9999 -9999 -9999 -9999 -9999 -9999 -9999 -9999 -9999 -9999 -9999 -9999 -9999 -9999 -9999
-9999 0.427446 0.423648 0.415099 0.4167 0.419492 0.425469 0.419813 0.415739 0.416722 0.417775 0.416553 0.41264 0.402975 0.400729 0.399314 0.39218 0.378349 0.364489 0.359987 0.373027 0.375849 0.37374 0.375663 0.366776 0.369167 0.366505 0.359173 0.349412 0.335166 0.329352 0.318931 -9999 -9999 -9999 -9999 -9999 -9999 -9999 -9999 -9999 -9999 -9999 -9999 -9999 -9999 -9999 -9999 -9999 -9999 -9999 -9999 -9999 -9999 -9999 -9999 -9999 -9999 -9999 -9999 -9999 -9999 -9999 -9999 -9999 -9999 -9999 -9999 -9999 -9999
-9999 -9999 -9999 -9999 0.411766 0.417214 0.415988 0.418359 0.41736 0.419135 0.420889 0.419822 0.413106 0.409378 0.408234 0.403315 0.395297 0.389794 0.380602 0.370997 0.372827 0.383623 0.376797 0.384033 0.381938 0.382213 0.3752 0.363131 0.34885 0.337712 0.332451 0.323887 -9999 -9999 -9999 -9999 -9999 -9999 -9999 -9999 -9999 -9999 -9999 -9999 -9999 -9999 -9999 -9999 -9999 -9999 -9999 -9999 -9999 -9999 -9999 -9999 -9999 -9999 -9999 -9999 -9999 -9999 -9999 -9999 -9999 -9999 -9999 -9999 -9999 -9999
-9999 -9999 -9999 -9999 -9999 0.418395 0.416317 0.423418 0.418962 0.419866 0.423355 0.422643 0.419717 0.417318 0.414105 0.410057 0.403828 0.396927 0.388177 0.386125 0.392467 0.391047 0.387877 0.387625 0.390146 0.387685 0.375135 0.360754 0.351278 0.333722 0.325676 0.325527 0.319674 -9999 -9999 -9999 -9999 -9999 -9999 -9999 -9999 -9999 -9999 -9999 -9999 0.319368 -9999 -9999 -9999 -9999 -9999 -9999 -9999 -9999 -9999 -9999 -9999 -9999 -9999 -9999 -9999 -9999 -9999 -9999 -9999 -9999 0.25206 -9999 -9999 -9999
-9999 -9999 -9999 -9999 0.420752 0.420796 0.423441 0.427417 0.4241 0.421795 0.426044 0.425535 0.423404 0.421044 0.416384 0.414621 0.410708 0.403321 0.400761 0.401877 0.401488 0.40117 0.400303 0.397967 0.394737 0.391137 0.384048 0.375419 0.369304 0.354307 0.344635 0.336545 0.324766 0.315421 -9999 -9999 -9999 -9999 -9999 -9999 -9999 0.325035 0.322375 0.320146 0.320003 0.324022 0.317306 -9999 -9999 -9999 -9999 -9999 -9999 -9999 -9999 -9999 -9999 -9999 -9999 -9999 -9999 -9999 -9999 -9999 -9999 -9999 0.255195 0.245634 -9999 -9999
-9999 -9999 -9999 -9999 0.4208 0.424714 0.426024 0.429867 0.431691 0.425904 0.427077 0.42827 0.4276 0.425199 0.421675 0.421023 0.416019 0.4127 0.409796 0.411729 0.410731 0.407558 0.403987 0.400635 0.394557 0.392449 0.389513 0.383471 0.374722 0.365952 0.354156 0.338466 0.32316 0.310738 -9999 -9999 -9999 -9999 -9999 -9999 0.331473 0.33479 0.335605 0.325756 0.328874 0.331318 0.32722 0.318459 -9999 -9999 -9999 -9999 -9999 -9999 -9999 -9999 -9999 -9999 -9999 -9999 -9999 -9999 0.296206 0.2866 0.267952 0.258119 0.251937 0.24327 -9999 -9999
-9999 -9999 -9999 -9999 0.421677 0.426573 0.429544 0.432213 0.43178 0.431055 0.429918 0.430512 0.430172 0.429507 0.428567 0.424383 0.422021 0.415483 0.419355 0.417558 0.414436 0.40727 0.403011 0.392058 0.386233 0.383688 0.389484 0.382372 0.369436 0.353836 0.334684 0.334005 0.327809 0.316822 -9999 -9999 -9999 -9999 -9999 -9999 0.336366 0.339869 0.342054 0.3397 0.329326 0.33566 0.331641 0.322163 0.31689 0.317372 0.315659 0.307985 0.311885 0.310024 0.304361 0.304056 -9999 -9999 -9999 -9999 0.295814 0.295239 0.294826 0.29059 0.270436 0.256546 0.24396 0.243225 -9999 -9999
-9999 -9999 -9999 -9999 0.427901 0.430276 0.430862 0.429958 0.432465 0.431579 0.431122 0.435798 0.435163 0.434684 0.434092 0.432234 0.428524 0.427956 0.426389 0.423154 0.411452 0.397963 0.401121 0.388986 0.374744 0.382333 0.387105 0.379228 0.363848 0.346513 0.339774 0.340418 0.332129 0.324688 -9999 -9999 -9999 0.330929 0.338136 0.337189 0.337636 0.34314 0.346391 0.344488 0.343899 0.342 0.332415 0.322586 0.31222 0.309784 0.315836 0.314014 0.312114 0.309906 0.304062 0.30137 0.30137 0.300393 0.298668 0.296403 0.295046 0.294418 0.293501 0.28963 0.272259 0.26192 0.255148 0.238379 -9999 -9999
-9999 -9999 -9999 -9999 0.436147 0.438214 0.439605 0.437026 0.436497 0.438582 0.436895 0.437038 0.437112 0.43378 0.43594 0.435047 0.433765 0.431677 0.428842 0.418821 0.405418 0.391854 0.384489 0.387134 0.376421 0.376693 0.381601 0.373886 0.367787 0.352268 0.349522 0.345297 0.331869 0.318557 -9999 -9999 0.317981 0.333436 0.34368 0.34793 0.347639 0.345249 0.349889 0.347132 0.35164 0.347766 0.330476 0.327032 0.313455 0.311172 0.308802 0.305189 0.304443 0.307618 0.304849 0.301442 0.30021 0.298006 0.296013 0.294366 0.29201 0.291828 0.291489 0.289107 0.2762 0.269834 0.263305 0.236044 -9999 -9999
-9999 -9999 -9999 -9999 0.441718 0.444448 0.447432 0.44673 0.448428 0.438839 0.434737 0.438859 0.438412 0.43605 0.434168 0.436521 0.435538 0.434075 0.432067 0.422514 0.411501 0.395647 0.384977 0.379777 0.374202 0.36803 0.369886 0.367422 0.364783 0.365359 0.357579 0.348923 0.340823 0.326124 0.317931 -9999 0.321194 0.327758 0.340242 0.35021 0.355435 0.350115 0.355648 0.35369 0.356598 0.349358 0.336049 0.326356 0.320918 0.31478 0.315313 0.309682 0.305838 0.303265 0.303229 0.300136 0.297514 0.29507 0.293068 0.291624 0.290535 0.289881 0.289362 0.288516 0.282703 0.276924 0.26344 0.23517 -9999 -9999
-9999 -9999 -9999 0.432293 0.442239 0.447721 0.449008 0.449429 0.449503 0.449036 0.446613 0.440475 0.440968 0.438978 0.432947 0.432914 0.433172 0.435349 0.433725 0.431337 0.424439 0.405548 0.399322 0.391237 0.378766 0.370305 0.371046 0.378679 0.37706 0.370056 0.362559 0.352575 0.34406 0.334963 0.317591 0.318994 0.326469 0.331594 0.339752 0.35234 0.360141 0.361875 0.360315 0.361665 0.359412 0.348934 0.338197 0.331165 0.322592 0.316475 0.310764 0.308595 0.30429 0.30157 0.299372 0.297879 0.294994 0.292472 0.290497 0.289137 0.288231 0.287636 0.287541 0.287633 0.28768 0.27966 0.256203 0.237084 -9999 -9999
-9999 -9999 -9999 -9999 0.441115 0.443036 0.442583 0.442471 0.443552 0.4449 0.445651 0.444664 0.445545 0.440785 0.434534 0.428317 0.432517 0.433411 0.434066 0.432452 0.429909 0.41628 0.40744 0.40019 0.38825 0.388331 0.390421 0.389317 0.385928 0.372087 0.358487 0.343036 0.328807 0.327777 0.318849 0.322745 0.32763 0.340325 0.348626 0.350825 0.351391 0.363123 0.364744 0.360925 0.360165 0.350175 0.341758 0.332209 0.327393 0.320992 0.314898 0.298298 0.301488 0.296606 0.298416 0.294749 0.293036 0.290386 0.288421 0.286951 0.286105 0.285712 0.285818 0.286113 0.284628 0.279166 0.252624 0.236131 -9999 -9999
-9999 -9999 -9999 -9999 -9999 -9999 0.440908 0.441645 0.441342 0.44187 0.445613 0.445874 0.445458 0.443869 0.440055 0.431581 0.429298 0.429246 0.422343 0.425794 0.431296 0.429819 0.427727 0.413971 0.404315 0.408888 0.405527 0.394818 0.386256 0.377961 0.362158 0.350488 0.334214 0.321973 0.321168 0.333839 0.343792 0.356697 0.361613 0.356653 0.358191 0.362626 0.367389 0.367321 0.361803 0.351373 0.343317 0.331455 0.330988 0.325116 0.316016 0.307315 0.300621 0.298257 0.294266 0.294963 0.2923 0.288967 0.286848 0.285409 0.284569 0.284263 0.283582 0.283541 0.283512 0.283226 0.255968 0.231787 -9999 -9999
-9999 -9999 -9999 -9999 -9999 -9999 0.436821 0.436662 0.438373 0.445357 0.446244 0.446198 0.444171 0.443158 0.439832 0.433257 0.426513 0.4206 0.4133 0.41567 0.423873 0.428212 0.427643 0.415549 0.41808 0.414441 0.408818 0.395256 0.38504 0.379205 0.363953 0.350898 0.339823 0.324862 0.330631 0.33701 0.345225 0.359136 0.368067 0.370496 0.365089 0.366938 0.372936 0.368947 0.359164 0.354307 0.343763 0.329593 0.331522 0.327304 0.318783 0.312677 0.304186 0.29951 0.296381 0.29379 0.291217 0.288216 0.285813 0.284336 0.283556 0.283005 0.282769 0.282798 0.282759 0.282559 0.264856 0.230581 -9999 -9999
-9999 -9999 -9999 -9999 -9999 -9999 -9999 0.431778 0.437907 0.447713 0.446704 0.444276 0.444592 0.442723 0.438409 0.434626 0.426967 0.417311 0.39987 0.402902 0.41046 0.421859 0.427353 0.425415 0.41873 0.410967 0.394257 0.379536 0.3767 0.37341 0.361967 0.351662 0.339299 0.345456 0.352317 0.359875 0.363513 0.361622 0.369094 0.374538 0.369511 0.372444 0.37566 0.368664 0.362268 0.355588 0.344525 0.338089 0.331991 0.330078 0.320083 0.315406 0.307592 0.30146 0.297082 0.29353 0.290818 0.28783 0.28551 0.284067 0.283058 0.28267 0.282421 0.282309 0.282209 0.281954 0.280046 0.260129 0.248839 -9999
-9999 -9999 -9999 -9999 -9999 -9999 -9999 0.425719 0.427733 0.43963 0.439878 0.443827 0.444824 0.442731 0.436635 0.432843 0.422078 0.417826 0.402044 0.393383 0.398172 0.395 0.411249 0.42553 0.419245 0.387219 0.37479 0.365587 0.366406 0.365283 0.361315 0.344262 0.338975 0.352651 0.361046 0.367409 0.372021 0.37227 0.370997 0.380444 0.379677 0.380551 0.376486 0.372875 0.362832 0.354307 0.349868 0.340282 0.333265 0.331544 0.320038 0.317732 0.309372 0.30207 0.296526 0.294573 0.291103 0.288208 0.285786 0.284237 0.283272 0.282537 0.282365 0.282174 0.281863 0.281611 0.281012 0.275787 0.265777 0.261244
-9999 -9999 -9999 -9999 -9999 -9999 -9999 -9999 0.415986 0.433327 0.43806 0.440328 0.444525 0.442952 0.440018 0.433781 0.422535 0.412983 0.398794 0.383168 0.371762 0.395283 0.415677 0.425938 0.42151 0.394715 0.383376 0.381656 0.386362 0.380153 0.375209 0.361915 0.357252 0.351237 0.353503 0.363158 0.369593 0.376341 0.380798 0.379796 0.381577 0.380537 0.377497 0.374326 0.369253 0.363736 0.351134 0.348778 0.339388 0.334569 0.326959 0.319482 0.310922 0.302014 0.298783 0.295942 0.292439 0.288955 0.286651 0.285132 0.284142 0.283488 0.282488 0.282166 0.281827 0.281307 0.280715 0.277221 0.27485 0.268077
-9999 -9999 -9999 -9999 -9999 -9999 -9999 -9999 0.407925 0.425099 0.430146 0.439761 0.44515 0.445967 0.442838 0.437318 0.428308 0.416241 0.406511 0.389061 0.371314 0.393134 0.413781 0.425359 0.425266 0.400336 0.405081 0.399034 0.399723 0.389663 0.384769 0.380723 0.373237 0.365216 0.357796 0.351502 0.368428 0.376543 0.382706 0.384685 0.384778 0.383423 0.378619 0.373688 0.361434 0.362723 0.355232 0.348835 0.342081 0.335508 0.32856 0.321529 0.313538 0.307697 0.300482 0.298318 0.293238 0.290333 0.288116 0.286474 0.285315 0.284565 0.284033 0.281244 0.281875 0.281184 0.28037 0.276717 0.275169 0.273283
-9999 -9999 -9999 -9999 -9999 -9999 -9999 -9999 0.382452 0.40852 0.429751 0.438677 0.446972 0.446601 0.444832 0.438242 0.433211 0.424156 0.416028 0.404385 0.387475 0.377271 0.391129 0.418674 0.42591 0.421529 0.419714 0.412925 0.406639 0.404701 0.403758 0.396683 0.388958 0.376226 0.369649 0.364486 0.376643 0.377175 0.374791 0.387907 0.386006 0.382829 0.374371 0.362659 0.359645 0.351526 0.347514 0.337339 0.335846 0.333602 0.328962 0.322855 0.315048 0.310081 0.304691 0.29874 0.295148 0.29216 0.289831 0.288105 0.286831 0.285796 0.285048 0.284538 0.280293 0.279071 0.280078 0.276182 0.274578 0.272706
-9999 -9999 -9999 -9999 -9999 -9999 -9999 -9999 0.389792 0.409009 0.42646 0.437532 0.446172 0.445909 0.447157 0.443959 0.438769 0.430677 0.421392 0.41163 0.39698 0.386253 0.399178 0.410876 0.423756 0.424791 0.42076 0.419215 0.416663 0.417738 0.414663 0.41214 0.404296 0.389908 0.382485 0.372362 0.385874 0.386096 0.382209 0.387933 0.385559 0.371932 0.360484 0.356145 0.354975 0.34542 0.337452 0.329908 0.32798 0.331837 0.324735 0.319362 0.316348 0.311676 0.304601 0.300638 0.297099 0.29416 0.291739 0.289915 0.288513 0.287242 0.28625 0.285369 0.284332 0.278843 0.277341 0.272845 0.273767 0.27193
-9999 -9999 -9999 -9999 -9999 -9999 -9999 -9999 0.397537 0.40469 0.420106 0.437159 0.446684 0.448842 0.449874 0.447525 0.441789 0.437014 0.430754 0.421964 0.416031 0.406163 0.392745 0.414997 0.413771 0.41592 0.420997 0.426232 0.424706 0.420202 0.412091 0.413468 0.407987 0.398006 0.393633 0.387413 0.394127 0.392528 0.390599 0.388303 0.376699 0.361073 0.347731 0.35216 0.346928 0.343053 0.325297 0.331131 0.33277 0.329386 0.320302 0.311121 0.31529 0.308638 0.305317 0.302073 0.299096 0.296061 0.293749 0.291701 0.290051 0.288667 0.287387 0.286209 0.284971 0.283645 0.276918 0.27219 0.270132 0.264732
-9999 -9999 -9999 -9999 -9999 -9999 -9999 -9999 -9999 0.402959 0.425141 0.442698 0.451052 0.455255 0.455994 0.453493 0.449528 0.445736 0.441405 0.434846 0.427092 0.41525 0.406506 0.411915 0.409626 0.405929 0.409424 0.421212 0.42426 0.416408 0.399704 0.40338 0.411637 0.409501 0.406679 0.403792 0.398412 0.395517 0.391215 0.38265 0.360286 0.356158 0.34556 0.343398 0.335838 0.337103 0.326716 0.330864 0.329593 0.325705 0.311843 0.30648 0.306951 0.306223 0.301329 0.299936 0.300802 0.297938 0.295491 0.293299 0.291528 0.289955 0.288468 0.284718 0.283085 0.281408 0.273273 0.268271 0.265436 0.262931
-9999 -9999 -9999 -9999 -9999 -9999 -9999 -9999 -9999 0.404492 0.424698 0.44606 0.45083 0.455725 0.459787 0.457533 0.452521 0.448059 0.4439 0.439678 0.430105 0.420982 0.412331 0.409177 0.410374 0.395908 0.402112 0.417797 0.41968 0.416722 0.395475 0.388057 0.399719 0.409178 0.408069 0.405032 0.389553 0.39045 0.381156 0.369184 0.364223 0.357441 0.345562 0.346874 0.336715 0.335715 0.323919 0.32436 0.321929 0.322993 0.310513 0.303692 0.303697 0.304117 0.300109 0.301514 0.300004 0.297524 0.295037 0.292818 0.290773 0.288957 0.287113 0.285279 0.283409 0.281347 0.27888 0.268251 0.253058 0.250994
-9999 -9999 -9999 -9999 -9999 -9999 -9999 -9999 -9999 0.41169 0.424828 0.443515 0.456616 0.454777 0.459966 0.461652 0.456355 0.450988 0.445864 0.443149 0.432543 0.421129 0.411847 0.400965 0.40195 0.408467 0.40488 0.414556 0.415116 0.411317 0.397307 0.399474 0.406785 0.409692 0.409096 0.405888 0.400882 0.397096 0.389599 0.385049 0.375232 0.361016 0.3536 0.353371 0.337536 0.334575 0.334977 0.318373 0.321632 0.320602 0.306221 0.301727 0.3057 0.305736 0.305532 0.303642 0.301003 0.299085 0.296389 0.294019 0.291814 0.289691 0.287676 0.285521 0.283395 0.28035 0.276765 0.265556 0.248705 0.247302
-9999 -9999 -9999 -9999 -9999 -9999 -9999 -9999 -9999 0.41924 0.430775 0.446622 0.455174 0.454446 0.460538 0.465914 0.462992 0.457386 0.454717 0.449486 0.440133 0.430047 0.419178 0.413451 0.401354 0.411336 0.403541 0.41152 0.414452 0.402042 0.396607 0.401027 0.405347 0.405829 0.41013 0.407969 0.40376 0.392629 0.386018 0.385516 0.381145 0.375169 0.364222 0.360654 0.351991 0.346031 0.339888 0.321317 0.320884 0.316601 0.307285 0.309738 0.309693 0.308381 0.30708 0.304087 0.301862 0.300279 0.297571 0.295012 0.292573 0.290302 0.287975 0.285366 0.282831 0.278554 0.272636 0.263484 0.238533 0.244173
-9999 -9999 -9999 -9999 -9999 -9999 -9999 -9999 -9999 0.421783 0.434185 0.4473 0.451143 0.449543 0.462684 0.469955 0.467866 0.464183 0.460419 0.44917 0.448462 0.445331 0.435205 0.420976 0.405427 0.405599 0.40724 0.40786 0.410513 0.393189 0.387182 0.388345 0.395921 0.402444 0.409294 0.409442 0.404652 0.388468 0.371317 0.375727 0.380447 0.377587 0.372379 0.361628 0.35567 0.349653 0.340082 0.323368 0.315379 0.313317 0.31097 0.309568 0.310115 0.310035 0.304472 0.30167 0.302208 0.301306 0.298439 0.295727 0.293211 0.290685 0.288153 0.284934 0.281672 0.277777 0.265759 0.257352 0.242362 0.24198
-9999 -9999 -9999 -9999 -9999 -9999 -9999 -9999 -9999 0.422151 0.43024 0.442609 0.445917 0.45307 0.465349 0.470285 0.471625 0.469588 0.4664 0.460397 0.456277 0.449694 0.438991 0.424868 0.409309 0.398697 0.402039 0.400666 0.398048 0.386536 0.37919 0.384219 0.392468 0.405549 0.412115 0.411169 0.408202 0.403037 0.389807 0.374174 0.371472 0.375067 0.366384 0.356553 0.356333 0.351696 0.34211 0.333776 0.31865 0.309091 0.30844 0.3062 0.307513 0.311802 0.309004 0.304993 0.30508 0.301984 0.299007 0.296265 0.29353 0.290874 0.288213 0.284994 0.280909 0.271978 0.26384 0.253486 0.24992 0.244025
-9999 -9999 -9999 -9999 -9999 -9999 -9999 -9999 -9999 0.419102 0.429038 0.440358 0.45092 0.460928 0.46934 0.467798 0.471379 0.469325 0.470466 0.467833 0.462108 0.456158 0.446563 0.428608 0.413293 0.396721 0.399239 0.408175 0.394426 0.385393 0.370149 0.382257 0.395752 0.407752 0.413303 0.405334 0.409205 0.406396 0.399871 0.389432 0.374463 0.37158 0.359148 0.355119 0.355873 0.353228 0.348069 0.340574 0.327888 0.312232 0.309263 0.305425 0.306194 0.308493 0.310886 0.308134 0.305775 0.302463 0.299323 0.296439 0.293604 0.290721 0.287706 0.284318 0.276295 0.267236 0.260597 0.252438 0.249003 0.252742
