Test_Spring_2018b/03_18/Prec/20180318_007.txt
ncols	170
nrows	115
xllcorner	350000.000000
yllcorner	4445000.000000
cellsize	1000.000000
nodata_value	-9999.000000
[rows 31 to 61 of 115, columns 71 to 141 of 170]
0.717321 0.727138 0.74561 0.759633 0.785076 0.828781 0.845758 0.914873 0.931115 0.951359 0.967056 0.984412 1.00414 1.01818 1.04184 1.09582 1.09052 1.09225 1.11157 1.10996 1.10357 1.11963 1.15642 1.17595 1.20407 1.20379 1.2448 1.26849 -9999 -9999 -9999 -9999 -9999 -9999 -9999 -9999 -9999 -9999 -9999 -9999 -9999 -9999 -9999 -9999 -9999 -9999 -9999 -9999 -9999 -9999 -9999 -9999 -9999 -9999 -9999 -9999 -9999 -9999 -9999 -9999 -9999 -9999 -9999 -9999 -9999 -9999 -9999 -9999 -9999 -9999 -9999
0.711213 0.724224 0.742588 0.749555 0.757896 0.831267 0.868672 0.906989 0.921347 0.938995 0.961108 0.976671 0.991441 1.00394 1.02498 1.06605 1.10316 1.09469 1.10108 1.1184 1.10533 1.12204 1.15549 1.20026 1.18699 1.19999 1.26258 1.26571 -9999 -9999 -9999 -9999 -9999 -9999 -9999 -9999 -9999 -9999 -9999 -9999 -9999 -9999 -9999 -9999 -9999 -9999 -9999 -9999 -9999 -9999 -9999 -9999 -9999 -9999 -9999 -9999 -9999 -9999 -9999 -9999 -9999 -9999 -9999 -9999 -9999 -9999 -9999 -9999 -9999 -9999 -9999
0.706249 0.721748 0.737536 0.740917 0.756213 0.795715 0.858134 0.899491 0.911958 0.926731 0.943225 0.958391 0.972937 0.992225 1.01478 1.05118 1.09252 1.10765 1.0986 1.10492 1.10938 1.12593 1.14509 1.17116 1.16406 1.16646 1.19219 1.24135 1.27958 -9999 -9999 -9999 -9999 -9999 -9999 -9999 -9999 -9999 -9999 -9999 -9999 -9999 -9999 -9999 -9999 -9999 -9999 -9999 -9999 -9999 -9999 -9999 -9999 -9999 -9999 -9999 -9999 -9999 -9999 -9999 -9999 -9999 -9999 -9999 -9999 -9999 -9999 -9999 -9999 -9999 -9999
0.703083 0.720203 0.744919 0.752888 0.763039 0.813737 0.890793 0.903521 0.903941 0.917586 0.930385 0.947396 0.962473 0.979747 1.00162 1.02833 1.0583 1.10415 1.08835 1.0776 1.08577 1.09466 1.11102 1.1371 1.131 1.13924 1.16319 1.24103 1.26195 1.27375 -9999 -9999 -9999 -9999 -9999 -9999 -9999 -9999 -9999 -9999 -9999 -9999 -9999 -9999 -9999 -9999 -9999 -9999 -9999 -9999 -9999 -9999 -9999 -9999 -9999 -9999 -9999 -9999 -9999 -9999 -9999 -9999 -9999 -9999 -9999 -9999 -9999 -9999 -9999 -9999 -9999
0.70215 0.719518 0.747005 0.755303 0.761826 0.789242 0.848561 0.891016 0.900658 0.909447 0.921887 0.938751 0.966049 0.978019 0.987677 1.00799 1.04102 1.07385 1.08823 1.06826 1.06848 1.07863 1.08121 1.10534 1.10772 1.12033 1.13029 1.1786 1.2369 1.25234 1.27643 -9999 -9999 -9999 -9999 -9999 -9999 -9999 -9999 -9999 -9999 -9999 -9999 -9999 -9999 -9999 -9999 -9999 -9999 -9999 -9999 -9999 -9999 -9999 -9999 -9999 -9999 -9999 -9999 -9999 -9999 -9999 -9999 -9999 -9999 -9999 -9999 -9999 -9999 -9999 -9999
-9999 -9999 -9999 0.761813 0.789825 0.824652 0.848689 0.885506 0.893952 0.901621 0.913912 0.936335 0.951984 0.961729 0.97816 1.0001 1.01673 1.04037 1.0648 1.06693 1.05175 1.07149 1.06409 1.07546 1.08265 1.10453 1.14391 1.18153 1.23486 1.25008 1.27135 -9999 -9999 -9999 -9999 -9999 -9999 -9999 -9999 -9999 -9999 -9999 -9999 -9999 -9999 -9999 -9999 -9999 -9999 -9999 -9999 -9999 -9999 -9999 -9999 -9999 -9999 -9999 -9999 -9999 -9999 -9999 -9999 -9999 -9999 -9999 -9999 -9999 -9999 -9999 -9999
-9999 -9999 -9999 -9999 0.784978 0.821236 0.821822 0.880273 0.891003 0.895702 0.907578 0.922715 0.935775 0.94949 0.964052 0.982288 1.00145 1.02407 1.0336 1.0269 1.03581 1.04867 1.05638 1.05928 1.07255 1.0951 1.15005 1.17652 1.24607 1.26779 1.27358 1.28995 -9999 -9999 -9999 -9999 -9999 -9999 -9999 -9999 -9999 -9999 -9999 -9999 1.25129 -9999 -9999 -9999 -9999 -9999 -9999 -9999 -9999 -9999 -9999 -9999 -9999 -9999 -9999 -9999 -9999 -9999 -9999 -9999 -9999 1.14541 -9999 -9999 -9999 -9999 -9999
-9999 -9999 -9999 0.737446 0.793992 0.804582 0.812426 0.847532 0.886239 0.89004 0.901916 0.915698 0.928709 0.945137 0.954978 0.96836 0.988143 0.998322 1.00141 1.00781 1.01461 1.02317 1.03539 1.05017 1.06645 1.09723 1.12306 1.14418 1.18461 1.23566 1.25824 1.28738 1.31089 -9999 -9999 -9999 -9999 -9999 -9999 -9999 1.28436 1.2815 1.27639 1.26591 1.24616 1.24652 -9999 -9999 -9999 -9999 -9999 -9999 -9999 -9999 -9999 -9999 -9999 -9999 -9999 -9999 -9999 -9999 -9999 -9999 -9999 1.1285 1.13851 -9999 -9999 -9999 -9999
-9999 -9999 -9999 0.772984 0.782319 0.796965 0.806454 0.81934 0.877795 0.888365 0.897398 0.908566 0.92168 0.935703 0.943033 0.958121 0.969449 0.979847 0.980966 0.988324 1.00067 1.0147 1.02931 1.05029 1.0645 1.08722 1.10926 1.13695 1.16479 1.22261 1.26149 1.29888 1.32966 -9999 -9999 -9999 -9999 -9999 -9999 1.29018 1.27625 1.26541 1.27381 1.2553 1.23681 1.23006 1.2085 -9999 -9999 -9999 -9999 -9999 -9999 -9999 -9999 -9999 -9999 -9999 -9999 -9999 -9999 1.06292 1.07655 1.10746 1.12028 1.12489 1.13312 -9999 -9999 -9999 -9999
-9999 -9999 -9999 0.765578 0.774638 0.787689 0.801089 0.819894 0.857262 0.883904 0.89468 0.905479 0.915194 0.923915 0.937736 0.947079 0.964093 0.960598 0.968515 0.979678 0.999709 1.01519 1.04506 1.06619 1.08845 1.08798 1.11353 1.15099 1.19389 1.26724 1.27791 1.29895 1.32832 -9999 -9999 -9999 -9999 -9999 -9999 1.29398 1.27875 1.26397 1.25613 1.26228 1.23417 1.20448 1.20324 1.19326 1.17187 1.15501 1.15115 1.1206 1.10684 1.10213 1.08868 -9999 -9999 -9999 -9999 1.0615 1.05792 1.05441 1.05829 1.09281 1.11406 1.13145 1.11136 -9999 -9999 -9999 -9999
-9999 -9999 -9999 0.74756 0.763382 0.782953 0.805146 0.819848 0.858126 0.883381 0.88307 0.894578 0.90386 0.911609 0.920364 0.93164 0.936086 0.942289 0.952035 0.97908 1.01068 1.01097 1.04976 1.10263 1.09045 1.09329 1.12186 1.16579 1.21389 1.26394 1.27351 1.30031 1.32249 -9999 -9999 -9999 1.32899 1.31365 1.31159 1.30411 1.28412 1.26615 1.25743 1.2425 1.23158 1.20806 1.20497 1.20242 1.18423 1.14973 1.13139 1.11128 1.09652 1.09083 1.06869 1.05704 1.04933 1.04497 1.04328 1.04105 1.03815 1.03607 1.03951 1.08047 1.09526 1.10148 1.08378 -9999 -9999 -9999 -9999
-9999 -9999 -9999 0.731013 0.74851 0.767474 0.791079 0.812587 0.827615 0.863474 0.883801 0.8943 0.909232 0.911341 0.917699 0.923511 0.930114 0.937954 0.960219 0.989967 1.02131 1.0421 1.05652 1.0884 1.09195 1.09507 1.13444 1.16327 1.209 1.22977 1.27219 1.30921 1.34602 -9999 -9999 1.36817 1.33988 1.3188 1.30635 1.29968 1.29413 1.27205 1.26202 1.23561 1.2268 1.21854 1.20129 1.20031 1.1792 1.13963 1.12393 1.10288 1.07631 1.06496 1.05726 1.04774 1.0425 1.03905 1.03677 1.03728 1.03436 1.03197 1.03322 1.05418 1.06095 1.05563 1.07288 -9999 -9999 -9999 -9999
-9999 -9999 -9999 0.717174 0.734475 0.751288 0.774832 0.792704 0.830681 0.871561 0.878041 0.895737 0.908812 0.918577 0.91803 0.922505 0.926996 0.932295 0.952784 0.977137 1.01249 1.03957 1.06803 1.09047 1.11125 1.12119 1.14099 1.16228 1.17811 1.22135 1.27331 1.30319 1.34268 1.36938 -9999 1.37716 1.36694 1.34171 1.31786 1.29976 1.29894 1.27374 1.26045 1.2386 1.23077 1.21323 1.18514 1.16888 1.15445 1.12781 1.10863 1.09178 1.07587 1.05799 1.04915 1.04221 1.03764 1.0347 1.03275 1.03163 1.03054 1.02935 1.02831 1.03587 1.03273 1.05101 1.07129 -9999 -9999 -9999 -9999
-9999 -9999 0.689964 0.711615 0.725258 0.747114 0.770102 0.792699 0.814809 0.85159 0.879511 0.890808 0.907198 0.924832 0.928427 0.929722 0.926199 0.929824 0.935394 0.95095 0.991742 1.01739 1.04599 1.08254 1.10588 1.1191 1.12045 1.14131 1.17376 1.20782 1.26296 1.30617 1.33809 1.38237 1.38928 1.38133 1.37457 1.35807 1.32893 1.30522 1.28962 1.27703 1.259 1.24191 1.21819 1.19417 1.17848 1.16593 1.14917 1.13267 1.11069 1.09338 1.07037 1.05585 1.04392 1.03749 1.03339 1.03098 1.02963 1.02902 1.02869 1.02748 1.02523 1.0147 1.02423 1.04529 1.04834 -9999 -9999 -9999 -9999
-9999 -9999 -9999 0.710134 0.732249 0.758983 0.784429 0.806377 0.826133 0.856966 0.874525 0.885349 0.905027 0.925294 0.940541 0.933442 0.931646 0.929964 0.933215 0.939547 0.976935 1.0017 1.02594 1.06194 1.06964 1.08116 1.10081 1.12651 1.17394 1.22167 1.28846 1.33473 1.35374 1.39233 1.39383 1.39181 1.37076 1.35422 1.34533 1.33533 1.29932 1.28217 1.25494 1.23053 1.22196 1.1918 1.17876 1.15667 1.13845 1.12087 1.12557 1.09211 1.07835 1.05473 1.04123 1.03327 1.02983 1.02801 1.02761 1.02768 1.02772 1.02677 1.01973 1.00715 1.00906 1.05011 1.04833 -9999 -9999 -9999 -9999
-9999 -9999 -9999 -9999 -9999 0.761922 0.786744 0.81239 0.834655 0.859821 0.875435 0.889113 0.901764 0.915558 0.936664 0.941769 0.941213 0.953689 0.947288 0.940778 0.948382 0.959839 0.99696 1.02344 1.02853 1.05146 1.09085 1.12777 1.16555 1.21897 1.2791 1.33068 1.37294 1.39057 1.37878 1.37005 1.34903 1.33931 1.34438 1.33213 1.30438 1.27464 1.25043 1.23374 1.22431 1.19212 1.18178 1.14943 1.12858 1.11547 1.10347 1.08832 1.06894 1.0563 1.03826 1.03071 1.02702 1.02607 1.02624 1.02692 1.02734 1.02031 1.01549 1.00856 0.999842 1.04168 1.05509 -9999 -9999 -9999 -9999
-9999 -9999 -9999 -9999 -9999 0.769984 0.797122 0.819348 0.82945 0.860311 0.876811 0.893835 0.905432 0.918228 0.93437 0.948563 0.959136 0.972789 0.968377 0.954379 0.950362 0.958731 0.992624 0.995556 1.01704 1.04483 1.09036 1.1312 1.16494 1.21815 1.28149 1.32373 1.37214 1.37764 1.37882 1.37248 1.35073 1.33326 1.32248 1.32252 1.30256 1.26961 1.25211 1.24268 1.22113 1.19292 1.18588 1.14769 1.12257 1.10745 1.08964 1.07742 1.06226 1.04781 1.03629 1.02879 1.02602 1.02526 1.02594 1.02687 1.02457 1.02178 1.01658 1.00926 0.999855 1.02235 1.05547 -9999 -9999 -9999 -9999
-9999 -9999 -9999 -9999 -9999 -9999 0.807139 0.820713 0.825305 0.859849 0.881053 0.893523 0.906834 0.921588 0.932257 0.94802 0.966025 0.999247 0.993411 0.980543 0.962555 0.958932 0.972843 0.993868 1.02347 1.07309 1.12104 1.14762 1.17662 1.22265 1.28079 1.32586 1.33316 1.33679 1.33588 1.33868 1.34768 1.33322 1.31723 1.31599 1.29364 1.26578 1.25373 1.23715 1.21864 1.19104 1.16833 1.14544 1.11545 1.10296 1.08219 1.06855 1.05633 1.04451 1.03512 1.02817 1.02566 1.02528 1.02593 1.02655 1.02523 1.02218 1.01685 1.00916 0.999316 0.99031 0.995031 0.99793 -9999 -9999 -9999
-9999 -9999 -9999 -9999 -9999 -9999 0.819264 0.840383 0.840415 0.872324 0.880796 0.891813 0.90555 0.923878 0.935252 0.957528 0.964948 0.99479 1.01264 1.00525 1.0158 0.990994 0.972951 0.992902 1.06985 1.11084 1.14771 1.16683 1.19129 1.22235 1.29357 1.3245 1.3168 1.31717 1.3184 1.31913 1.323 1.3259 1.30167 1.29277 1.27451 1.26101 1.24243 1.23314 1.21842 1.17795 1.16169 1.1409 1.11087 1.10171 1.07671 1.06456 1.0551 1.04601 1.03387 1.02871 1.0262 1.02481 1.02607 1.02656 1.02512 1.02142 1.0157 1.00787 0.997506 0.985509 0.96106 0.961342 0.950232 0.926727 -9999
-9999 -9999 -9999 -9999 -9999 -9999 -9999 0.862479 0.850933 0.873748 0.885039 0.889505 0.90215 0.918412 0.933005 0.955658 0.973965 1.00115 1.03177 1.0582 1.01649 0.983482 0.973093 0.988835 1.05508 1.09337 1.11493 1.12571 1.15932 1.19142 1.25482 1.28371 1.31383 1.32551 1.32142 1.31308 1.30565 1.29714 1.29341 1.27833 1.26639 1.25139 1.2326 1.21432 1.19452 1.17068 1.14123 1.12608 1.1031 1.08726 1.07334 1.06242 1.0569 1.04394 1.03405 1.02925 1.02306 1.02417 1.02493 1.0249 1.02356 1.01934 1.01324 1.0049 0.994627 0.982338 0.954054 0.939557 0.933187 0.93053 0.932148
-9999 -9999 -9999 -9999 -9999 -9999 -9999 0.876843 0.864359 0.886149 0.882343 0.889445 0.898929 0.910108 0.923799 0.942696 0.966621 0.985737 1.02052 1.05712 1.01971 0.988769 0.975517 0.987734 1.04393 1.04989 1.07898 1.09653 1.13648 1.16714 1.2117 1.24487 1.27773 1.30997 1.32485 1.30152 1.29081 1.27865 1.26913 1.25776 1.24402 1.23908 1.22344 1.22048 1.18872 1.15592 1.13598 1.11721 1.09916 1.08345 1.07 1.05915 1.04865 1.04432 1.02928 1.022 1.02187 1.02228 1.02259 1.02208 1.02007 1.01626 1.00978 1.00054 0.99027 0.978304 0.949866 0.934225 0.918894 0.906023 0.914405
-9999 -9999 -9999 -9999 -9999 -9999 -9999 0.925041 0.893596 0.89041 0.886499 0.885509 0.893881 0.902711 0.919047 0.930855 0.949667 0.966434 0.990535 1.02604 1.05001 1.03148 0.98634 0.987239 1.00202 1.01988 1.04926 1.07914 1.10164 1.12289 1.1725 1.20798 1.2484 1.26059 1.28297 1.26783 1.27118 1.27542 1.24414 1.23721 1.22799 1.22486 1.23301 1.21305 1.20098 1.16275 1.15223 1.12509 1.10041 1.08193 1.06827 1.05843 1.04082 1.03453 1.02147 1.01987 1.01943 1.01935 1.01894 1.01768 1.01525 1.01096 1.00449 0.995599 0.985399 0.973166 0.94476 0.92992 0.915384 0.901151 0.890814
-9999 -9999 -9999 -9999 -9999 -9999 -9999 0.915338 0.912147 0.892909 0.890082 0.882899 0.89102 0.894204 0.904417 0.917249 0.934987 0.954842 0.975998 1.00765 1.03301 1.01376 1.00257 0.988171 0.99117 1.01603 1.03385 1.05492 1.0714 1.09556 1.13631 1.167 1.19068 1.21834 1.24878 1.22966 1.23272 1.23948 1.2228 1.21741 1.22977 1.234 1.22104 1.20877 1.20121 1.17069 1.15957 1.13544 1.10085 1.08259 1.06888 1.05077 1.04071 1.02262 1.01889 1.01689 1.01578 1.01505 1.01384 1.01179 1.00881 1.00412 0.997684 0.989855 0.978547 0.967316 0.938158 0.925258 0.911608 0.89844 0.88662
-9999 -9999 -9999 -9999 -9999 -9999 -9999 0.890034 0.917902 0.901382 0.887018 0.877637 0.880888 0.884686 0.893685 0.908236 0.92023 0.934936 0.954895 0.970019 0.99404 1.02653 0.990822 1.00762 1.00723 1.00907 1.01342 1.03226 1.05777 1.11198 1.12371 1.12621 1.15855 1.17826 1.19933 1.19215 1.19783 1.20032 1.19948 1.21284 1.23026 1.23977 1.21151 1.19985 1.19349 1.18387 1.14092 1.10982 1.08955 1.08948 1.08496 1.05407 1.02884 1.02124 1.01608 1.01262 1.01104 1.00922 1.00745 1.00485 1.00113 0.996181 0.989729 0.981954 0.972907 0.960056 0.931116 0.91798 0.892828 0.879532 0.871827
-9999 -9999 -9999 -9999 -9999 -9999 -9999 -9999 0.91168 0.891033 0.867606 0.860613 0.860177 0.865064 0.875029 0.886871 0.897737 0.909428 0.925695 0.944933 0.973201 0.996731 0.994072 1.01338 1.02351 1.02865 1.01881 1.02709 1.05738 1.1272 1.10817 1.10423 1.1196 1.1347 1.14779 1.16223 1.16953 1.17624 1.1878 1.22289 1.21919 1.22438 1.21029 1.20451 1.19025 1.16621 1.13228 1.10921 1.0921 1.0959 1.08233 1.0371 1.0222 1.01807 1.00943 1.00739 1.0048 1.00239 0.999936 0.996607 0.992385 0.987139 0.973959 0.96566 0.956204 0.942225 0.912325 0.900834 0.889087 0.878928 0.865328
-9999 -9999 -9999 -9999 -9999 -9999 -9999 -9999 0.917619 0.889265 0.85739 0.856756 0.854614 0.852933 0.862618 0.876922 0.889646 0.901601 0.913864 0.93715 0.960404 0.983847 0.997814 1.00466 1.04047 1.03932 1.02061 1.02972 1.04879 1.09986 1.12527 1.11267 1.10337 1.11332 1.12513 1.159 1.15806 1.17413 1.19233 1.19366 1.19555 1.20465 1.18546 1.18674 1.16849 1.15994 1.1355 1.11681 1.09193 1.09475 1.08523 1.0395 1.02275 1.0169 1.00245 0.995386 0.991467 0.98832 0.984909 0.980959 0.975981 0.970203 0.963392 0.955598 0.947192 0.938741 0.926997 0.915777 0.904288 0.888093 0.872949
-9999 -9999 -9999 -9999 -9999 -9999 -9999 -9999 0.902492 0.886727 0.859101 0.84142 0.852047 0.847988 0.850015 0.865131 0.880017 0.894321 0.904081 0.929773 0.957767 0.982514 1.01149 1.01836 1.01556 1.02975 1.02173 1.03217 1.05146 1.08544 1.0903 1.08446 1.08626 1.09358 1.10431 1.11651 1.12397 1.13615 1.13986 1.1512 1.16855 1.17015 1.15551 1.16964 1.1571 1.13694 1.1375 1.10948 1.09037 1.09835 1.05555 1.03016 1.01443 1.00106 0.992708 0.987263 0.981488 0.977919 0.973983 0.969617 0.964671 0.958868 0.952562 0.945383 0.939241 0.933508 0.942252 0.914185 0.902423 0.884309 0.867861
-9999 -9999 -9999 -9999 -9999 -9999 -9999 -9999 0.886939 0.87309 0.850041 0.840526 0.848465 0.842355 0.837077 0.847644 0.863231 0.873031 0.888049 0.911568 0.937149 0.96506 0.983801 1.016 1.00589 1.02783 1.02225 1.02697 1.05775 1.07639 1.07534 1.07383 1.07889 1.07521 1.08266 1.09231 1.11349 1.1236 1.11942 1.12049 1.12244 1.13201 1.12519 1.12671 1.12159 1.11584 1.12197 1.10265 1.09123 1.0603 1.0326 1.01551 1.00255 0.99117 0.984588 0.977758 0.97064 0.966366 0.96211 0.957618 0.952536 0.947113 0.941673 0.935478 0.932114 0.931468 0.936799 0.923277 0.898606 0.873582 0.840812
-9999 -9999 -9999 -9999 -9999 -9999 -9999 -9999 0.881372 0.864649 0.84597 0.844905 0.853973 0.833662 0.824472 0.833369 0.845278 0.857398 0.884427 0.8912 0.90329 0.929792 0.965124 1.00386 1.01259 1.00949 1.02389 1.02833 1.06645 1.08508 1.0892 1.08006 1.07205 1.06222 1.06412 1.07409 1.10461 1.1351 1.12131 1.10487 1.10131 1.10045 1.10873 1.10607 1.10225 1.10442 1.10082 1.10487 1.09005 1.04016 1.02461 1.00656 0.991126 0.987844 0.980454 0.96765 0.958574 0.953995 0.949482 0.944701 0.939834 0.934707 0.930538 0.926011 0.922284 0.934089 0.938515 0.92917 0.892191 0.873177 0.812071
-9999 -9999 -9999 -9999 -9999 -9999 -9999 -9999 0.880135 0.870738 0.852549 0.85172 0.842984 0.823891 0.818969 0.820983 0.829627 0.840678 0.857539 0.871137 0.890114 0.917813 0.952919 0.991553 1.02117 1.02401 1.03248 1.02038 1.07137 1.09178 1.0874 1.07599 1.05417 1.04401 1.04727 1.05302 1.06148 1.08405 1.10955 1.10789 1.09209 1.09864 1.10582 1.0927 1.087 1.09 1.08983 1.08975 1.05804 1.03572 1.02196 1.00234 0.978117 0.969033 0.963524 0.951053 0.945717 0.940835 0.935955 0.931308 0.926556 0.9217 0.917707 0.915097 0.921648 0.926313 0.935049 0.930294 0.876821 0.841323 0.798911
-9999 -9999 -9999 -9999 -9999 -9999 -9999 -9999 0.885561 0.871454 0.854352 0.838465 0.823431 0.811363 0.818732 0.81608 0.824613 0.827139 0.837438 0.854277 0.872129 0.897756 0.940434 0.978582 1.01978 1.02406 1.00596 1.04261 1.06618 1.10152 1.08265 1.0603 1.03994 1.03114 1.0476 1.03949 1.043 1.05223 1.06752 1.09003 1.08718 1.10144 1.09767 1.08309 1.07392 1.06863 1.06714 1.05704 1.04254 1.02425 1.01344 0.994575 0.973818 0.954042 0.945507 0.937273 0.93185 0.926864 0.921964 0.917359 0.913051 0.90904 0.905653 0.911138 0.91837 0.920546 0.925405 0.920763 0.875654 0.829423 0.789916
