Test_Spring_2018b/03_18/Prec/20180303_003.txt
ncols	170
nrows	115
xllcorner	350000.000000
yllcorner	4445000.000000
cellsize	1000.000000
nodata_value	-9999.000000
[rows 32 to 63 of 115, columns 71 to 141 of 170]
0.341139 0.349365 0.359143 0.367419 0.376421 0.425365 0.439756 0.462484 0.472829 0.483408 0.494329 0.503529 0.511994 0.519434 0.5278 0.539192 0.549347 0.55085 0.554679 0.560237 0.560195 0.5655 0.573902 0.584512 0.584903 0.590297 0.628396 0.619839 -9999 -9999 -9999 -9999 -9999 -9999 -9999 -9999 -9999 -9999 -9999 -9999 -9999 -9999 -9999 -9999 -9999 -9999 -9999 -9999 -9999 -9999 -9999 -9999 -9999 -9999 -9999 -9999 -9999 -9999 -9999 -9999 -9999 -9999 -9999 -9999 -9999 -9999 -9999 -9999 -9999 -9999 -9999
0.335962 0.344707 0.354039 0.361622 0.371754 0.403845 0.433477 0.456122 0.46578 0.475475 0.485014 0.49379 0.501895 0.510291 0.518726 0.529146 0.540003 0.545756 0.546852 0.550497 0.553674 0.558978 0.56477 0.571887 0.573153 0.576274 0.591449 0.606909 0.625755 -9999 -9999 -9999 -9999 -9999 -9999 -9999 -9999 -9999 -9999 -9999 -9999 -9999 -9999 -9999 -9999 -9999 -9999 -9999 -9999 -9999 -9999 -9999 -9999 -9999 -9999 -9999 -9999 -9999 -9999 -9999 -9999 -9999 -9999 -9999 -9999 -9999 -9999 -9999 -9999 -9999 -9999
0.33045 0.339652 0.350731 0.359238 0.36849 0.403044 0.442076 0.451916 0.459219 0.468483 0.477102 0.485943 0.493883 0.501676 0.509786 0.518302 0.526999 0.538219 0.53807 0.538632 0.542464 0.546346 0.551545 0.558499 0.559687 0.563493 0.568026 0.608262 0.612745 0.615532 -9999 -9999 -9999 -9999 -9999 -9999 -9999 -9999 -9999 -9999 -9999 -9999 -9999 -9999 -9999 -9999 -9999 -9999 -9999 -9999 -9999 -9999 -9999 -9999 -9999 -9999 -9999 -9999 -9999 -9999 -9999 -9999 -9999 -9999 -9999 -9999 -9999 -9999 -9999 -9999 -9999
0.324739 0.334254 0.3461 0.354914 0.363726 0.378237 0.418722 0.4449 0.453837 0.462136 0.470549 0.479183 0.48912 0.495747 0.501455 0.508638 0.517733 0.526485 0.531673 0.530491 0.53281 0.536821 0.539398 0.545802 0.54824 0.552462 0.546141 0.572596 0.598518 0.601255 0.605413 -9999 -9999 -9999 -9999 -9999 -9999 -9999 -9999 -9999 -9999 -9999 -9999 -9999 -9999 -9999 -9999 -9999 -9999 -9999 -9999 -9999 -9999 -9999 -9999 -9999 -9999 -9999 -9999 -9999 -9999 -9999 -9999 -9999 -9999 -9999 -9999 -9999 -9999 -9999 -9999
-9999 -9999 -9999 0.351176 0.366536 0.385407 0.414225 0.439404 0.448254 0.456397 0.464751 0.474289 0.481982 0.488028 0.494757 0.502031 0.50798 0.514902 0.52174 0.524393 0.523797 0.52938 0.52998 0.533856 0.536864 0.542381 0.548862 0.564628 0.588683 0.590701 0.593618 -9999 -9999 -9999 -9999 -9999 -9999 -9999 -9999 -9999 -9999 -9999 -9999 -9999 -9999 -9999 -9999 -9999 -9999 -9999 -9999 -9999 -9999 -9999 -9999 -9999 -9999 -9999 -9999 -9999 -9999 -9999 -9999 -9999 -9999 -9999 -9999 -9999 -9999 -9999 -9999
-9999 -9999 -9999 -9999 0.361431 0.380661 0.38927 0.434312 0.443854 0.451638 0.459992 0.468203 0.475338 0.481945 0.488142 0.494529 0.500707 0.50722 0.511162 0.512024 0.515569 0.519711 0.522809 0.524901 0.528691 0.525314 0.542449 0.546969 0.581603 0.584132 0.583548 0.584693 -9999 -9999 -9999 -9999 -9999 -9999 -9999 -9999 -9999 -9999 -9999 -9999 0.563946 -9999 -9999 -9999 -9999 -9999 -9999 -9999 -9999 -9999 -9999 -9999 -9999 -9999 -9999 -9999 -9999 -9999 -9999 -9999 -9999 0.440692 -9999 -9999 -9999 -9999 -9999
-9999 -9999 -9999 0.336754 0.362522 0.373817 0.384425 0.414833 0.439714 0.447637 0.456169 0.464197 0.471282 0.478252 0.483406 0.488682 0.494711 0.498715 0.501234 0.504197 0.507115 0.510238 0.513887 0.517831 0.521834 0.526436 0.530734 0.533821 0.548987 0.569076 0.57081 0.573529 0.575163 -9999 -9999 -9999 -9999 -9999 -9999 -9999 0.559748 0.559211 0.558142 0.555799 0.551309 0.549826 -9999 -9999 -9999 -9999 -9999 -9999 -9999 -9999 -9999 -9999 -9999 -9999 -9999 -9999 -9999 -9999 -9999 -9999 -9999 0.4244 0.421007 -9999 -9999 -9999 -9999
-9999 -9999 -9999 0.344023 0.356 0.368925 0.380688 0.39262 0.435563 0.445123 0.453415 0.461107 0.468217 0.474653 0.479166 0.484497 0.488711 0.492444 0.494294 0.497126 0.500748 0.504564 0.508348 0.513096 0.516376 0.51889 0.522104 0.525912 0.529329 0.558024 0.562 0.565492 0.56774 -9999 -9999 -9999 -9999 -9999 -9999 0.54846 0.546184 0.54458 0.546316 0.542844 0.538797 0.536108 0.507671 -9999 -9999 -9999 -9999 -9999 -9999 -9999 -9999 -9999 -9999 -9999 -9999 -9999 -9999 0.411741 0.412254 0.415472 0.414732 0.41156 0.407906 -9999 -9999 -9999 -9999
-9999 -9999 -9999 0.337426 0.350402 0.364085 0.377559 0.391496 0.41658 0.442901 0.451865 0.459689 0.466239 0.471641 0.477138 0.481169 0.486088 0.486971 0.489688 0.492853 0.497518 0.501264 0.507468 0.5119 0.51482 0.514018 0.517457 0.52257 0.528202 0.549486 0.556216 0.556068 0.557388 -9999 -9999 -9999 -9999 -9999 -9999 0.537677 0.535513 0.53359 0.532785 0.534071 0.528497 0.501566 0.497751 0.491385 0.482037 0.472695 0.462673 0.453101 0.443438 0.435576 0.426588 -9999 -9999 -9999 -9999 0.401574 0.39936 0.397459 0.396813 0.401218 0.402406 0.401761 0.376136 -9999 -9999 -9999 -9999
-9999 -9999 -9999 0.329064 0.34441 0.360426 0.37661 0.390867 0.416654 0.442163 0.439144 0.447795 0.454859 0.460508 0.46529 0.469603 0.471917 0.473944 0.476165 0.481198 0.486857 0.486752 0.50532 0.520307 0.51127 0.510688 0.514258 0.52009 0.526183 0.541989 0.547405 0.547625 0.534457 -9999 -9999 -9999 0.524894 0.520998 0.520127 0.518783 0.515494 0.512631 0.523787 0.521588 0.514083 0.494599 0.490215 0.484806 0.475522 0.462384 0.451453 0.440498 0.42996 0.421293 0.400375 0.392808 0.386854 0.382483 0.37954 0.377297 0.375476 0.374006 0.37335 0.388764 0.389177 0.386703 0.356247 -9999 -9999 -9999 -9999
-9999 -9999 -9999 0.31526 0.331424 0.347998 0.3634 0.379613 0.394009 0.417808 0.440221 0.449197 0.457617 0.462417 0.466759 0.469914 0.472295 0.474175 0.478121 0.483058 0.488065 0.491049 0.496648 0.501597 0.495691 0.494544 0.512508 0.500248 0.50572 0.506566 0.518323 0.528645 0.531281 -9999 -9999 0.525771 0.518836 0.513967 0.511355 0.510335 0.509842 0.506419 0.504918 0.499936 0.492071 0.476689 0.469326 0.47727 0.466924 0.438717 0.428261 0.413378 0.40491 0.395751 0.387878 0.380554 0.375058 0.371016 0.368274 0.366939 0.36559 0.364546 0.363925 0.366182 0.364812 0.345787 0.337827 -9999 -9999 -9999 -9999
-9999 -9999 -9999 0.302038 0.318326 0.334838 0.352625 0.369203 0.39595 0.421306 0.432518 0.451579 0.460065 0.466462 0.469593 0.472358 0.474043 0.47501 0.478076 0.481414 0.486485 0.489945 0.496929 0.499629 0.484085 0.482943 0.483738 0.484972 0.485388 0.500707 0.513353 0.514664 0.524306 0.525248 -9999 0.520728 0.51709 0.511575 0.507052 0.504133 0.504643 0.500777 0.498755 0.489965 0.48715 0.470602 0.448369 0.439508 0.430429 0.41874 0.417955 0.403337 0.392589 0.385614 0.377358 0.370455 0.365177 0.361462 0.359126 0.357925 0.357364 0.356977 0.356311 0.356407 0.341365 0.339759 0.332311 -9999 -9999 -9999 -9999
-9999 -9999 0.276352 0.29725 0.313817 0.332254 0.351023 0.369587 0.387649 0.413003 0.435858 0.447208 0.462687 0.470765 0.474716 0.476795 0.476745 0.476965 0.476781 0.477892 0.483261 0.488404 0.481367 0.484506 0.481145 0.480014 0.477041 0.477888 0.481127 0.484947 0.498245 0.510801 0.512821 0.522247 0.520193 0.516224 0.513314 0.5095 0.504157 0.500346 0.49828 0.49672 0.490097 0.48624 0.469003 0.451218 0.442572 0.433874 0.423923 0.413674 0.402282 0.38838 0.384556 0.374558 0.368851 0.362107 0.357099 0.353766 0.351905 0.351203 0.351186 0.351153 0.350544 0.338132 0.336174 0.327452 0.316552 -9999 -9999 -9999 -9999
-9999 -9999 -9999 0.293692 0.31256 0.332736 0.352887 0.372338 0.391028 0.416073 0.431873 0.444903 0.46139 0.474 0.480165 0.480663 0.480679 0.479539 0.478406 0.477238 0.476919 0.47714 0.47718 0.47944 0.472813 0.470819 0.470732 0.472199 0.478034 0.484365 0.499498 0.505374 0.506758 0.516208 0.517017 0.514272 0.508949 0.505268 0.503675 0.502385 0.496638 0.491532 0.47867 0.471439 0.466232 0.447333 0.438621 0.427729 0.417121 0.406381 0.399599 0.382778 0.37373 0.363626 0.360032 0.355539 0.350912 0.348009 0.346673 0.346443 0.346802 0.347057 0.339172 0.329398 0.324678 0.325401 0.313266 -9999 -9999 -9999 -9999
-9999 -9999 -9999 -9999 -9999 0.331721 0.352465 0.373365 0.393351 0.418019 0.434285 0.448581 0.460732 0.470844 0.482219 0.4849 0.48496 0.486041 0.480389 0.475988 0.472687 0.46971 0.47128 0.467734 0.463556 0.463118 0.46624 0.469543 0.47362 0.481104 0.494964 0.50215 0.508144 0.510152 0.507242 0.507857 0.502733 0.500413 0.501389 0.499665 0.490204 0.482984 0.476033 0.469634 0.463699 0.444297 0.435562 0.42241 0.411028 0.400913 0.391067 0.377673 0.367863 0.360083 0.352303 0.347474 0.346619 0.344202 0.343274 0.343407 0.344012 0.337134 0.333585 0.328324 0.321197 0.321492 0.311691 -9999 -9999 -9999 -9999
-9999 -9999 -9999 -9999 -9999 0.331661 0.35322 0.373982 0.392327 0.41847 0.435487 0.450954 0.463418 0.473747 0.4821 0.487871 0.48984 0.490441 0.486344 0.479318 0.473287 0.469072 0.469384 0.461105 0.459355 0.459395 0.46337 0.467278 0.470681 0.478326 0.492866 0.498792 0.506374 0.506691 0.506577 0.505313 0.501899 0.498288 0.495789 0.494515 0.489314 0.481041 0.474746 0.469069 0.460382 0.441458 0.432887 0.418372 0.406044 0.395525 0.384727 0.372106 0.363434 0.355785 0.349672 0.345342 0.342881 0.342192 0.341579 0.34188 0.339395 0.337045 0.333084 0.32731 0.319551 0.315827 0.309199 -9999 -9999 -9999 -9999
-9999 -9999 -9999 -9999 -9999 -9999 0.3535 0.372821 0.390365 0.417372 0.435541 0.450512 0.463598 0.474549 0.482114 0.487845 0.491306 0.495463 0.490845 0.483644 0.474636 0.467757 0.463968 0.458558 0.457902 0.461608 0.465877 0.467204 0.469875 0.476473 0.490327 0.497212 0.497883 0.49835 0.498298 0.499023 0.500773 0.498 0.494518 0.493052 0.487026 0.47917 0.4733 0.465773 0.45711 0.438004 0.426301 0.414362 0.40112 0.391181 0.380092 0.367539 0.359877 0.353227 0.348028 0.344282 0.342261 0.341366 0.341113 0.340722 0.33933 0.336632 0.332247 0.325946 0.31763 0.307777 0.29574 0.284686 -9999 -9999 -9999
-9999 -9999 -9999 -9999 -9999 -9999 0.353649 0.374067 0.390598 0.417048 0.432912 0.447669 0.460923 0.472635 0.479155 0.487008 0.488702 0.491522 0.49247 0.48607 0.481952 0.470975 0.46114 0.455299 0.462987 0.465027 0.467278 0.467338 0.469362 0.473532 0.490098 0.494873 0.4933 0.493618 0.494323 0.494948 0.495141 0.495742 0.490033 0.488031 0.482334 0.476582 0.469026 0.462318 0.453906 0.432182 0.421477 0.409889 0.396751 0.38766 0.376175 0.364245 0.35762 0.352018 0.346845 0.34386 0.342154 0.34029 0.340546 0.339614 0.338648 0.335469 0.330591 0.323828 0.315015 0.304289 0.286831 0.275226 0.260445 0.242502 -9999
-9999 -9999 -9999 -9999 -9999 -9999 -9999 0.374823 0.388714 0.413157 0.429199 0.442544 0.455466 0.46443 0.473516 0.48109 0.48485 0.487328 0.4879 0.491732 0.478181 0.465675 0.457155 0.450499 0.456273 0.457877 0.457463 0.456168 0.460047 0.464664 0.480231 0.485026 0.490647 0.493348 0.49186 0.48953 0.48947 0.487937 0.485762 0.479957 0.478684 0.472236 0.464216 0.455506 0.445879 0.426886 0.413806 0.403357 0.391736 0.381805 0.372774 0.361404 0.356046 0.350284 0.345985 0.343425 0.337582 0.338452 0.338485 0.33724 0.334348 0.333213 0.327859 0.320633 0.311541 0.300583 0.282427 0.268312 0.254692 0.240962 0.227446
-9999 -9999 -9999 -9999 -9999 -9999 -9999 0.373292 0.386151 0.409775 0.422489 0.437464 0.44365 0.454535 0.463312 0.470207 0.475108 0.476376 0.478034 0.478086 0.468039 0.461214 0.452334 0.448311 0.449336 0.445309 0.446446 0.446577 0.451813 0.456402 0.468989 0.474861 0.481256 0.485181 0.485218 0.483156 0.482392 0.480062 0.476683 0.471383 0.464146 0.461508 0.458518 0.452325 0.440389 0.419593 0.40838 0.39754 0.387166 0.377705 0.369271 0.358187 0.352463 0.348736 0.337502 0.333509 0.334429 0.335003 0.33472 0.333116 0.329824 0.324652 0.320908 0.316286 0.307035 0.296123 0.278105 0.264153 0.249453 0.234575 0.223113
-9999 -9999 -9999 -9999 -9999 -9999 -9999 0.377037 0.385389 0.405149 0.417151 0.420587 0.432471 0.442448 0.451418 0.456963 0.461076 0.46224 0.462447 0.462887 0.459987 0.454687 0.438937 0.44202 0.435936 0.434358 0.435818 0.438408 0.440717 0.443799 0.457662 0.459306 0.468058 0.465238 0.471766 0.470969 0.472531 0.472962 0.465519 0.460928 0.454482 0.447897 0.44819 0.437406 0.437322 0.415455 0.406228 0.39425 0.383122 0.373652 0.365708 0.354983 0.337496 0.335581 0.328506 0.329029 0.329669 0.32988 0.329168 0.327138 0.323526 0.318101 0.310802 0.306376 0.296045 0.290844 0.27317 0.25991 0.246064 0.231804 0.217972
-9999 -9999 -9999 -9999 -9999 -9999 -9999 0.369938 0.388342 0.397468 0.399364 0.408992 0.419987 0.428313 0.435783 0.441372 0.445408 0.447483 0.447715 0.448165 0.44631 0.435786 0.433472 0.424137 0.41561 0.427253 0.426952 0.428212 0.422518 0.426753 0.439895 0.44636 0.443054 0.450364 0.458022 0.456192 0.457422 0.458098 0.453162 0.448832 0.446364 0.441301 0.432283 0.429719 0.420988 0.399445 0.401792 0.390803 0.378373 0.354887 0.348288 0.336687 0.333369 0.323252 0.322906 0.323096 0.323296 0.32305 0.32187 0.319424 0.315525 0.309957 0.302732 0.294005 0.289109 0.27773 0.259563 0.255291 0.242436 0.229337 0.216325
-9999 -9999 -9999 -9999 -9999 -9999 -9999 0.349179 0.381561 0.389992 0.387703 0.395803 0.404964 0.412661 0.419431 0.425129 0.428219 0.429723 0.430324 0.428557 0.427327 0.427026 0.414311 0.418727 0.410403 0.397506 0.394486 0.395464 0.399055 0.428617 0.430901 0.421369 0.428915 0.434392 0.439947 0.439883 0.441269 0.440962 0.438791 0.43789 0.436523 0.432725 0.421373 0.412539 0.411965 0.394514 0.363243 0.350534 0.34087 0.350919 0.346303 0.332073 0.318693 0.31693 0.316065 0.315658 0.315406 0.314601 0.313001 0.310225 0.306081 0.300497 0.293455 0.285084 0.275534 0.270511 0.253152 0.240831 0.20755 0.194813 0.195397
-9999 -9999 -9999 -9999 -9999 -9999 -9999 -9999 0.362485 0.358505 0.364406 0.372501 0.380653 0.388299 0.395107 0.400302 0.403295 0.404469 0.4047 0.404015 0.403905 0.402335 0.395892 0.401391 0.395709 0.392196 0.387058 0.386373 0.390862 0.408897 0.394121 0.394981 0.399849 0.404821 0.409174 0.423466 0.424816 0.425072 0.425086 0.428211 0.411893 0.40684 0.397569 0.389387 0.387242 0.367211 0.353873 0.34326 0.334674 0.330917 0.317172 0.299391 0.296197 0.295658 0.294692 0.306861 0.306046 0.30478 0.302779 0.299702 0.295435 0.289921 0.268513 0.259392 0.249222 0.243591 0.22663 0.21486 0.203166 0.19208 0.180872
-9999 -9999 -9999 -9999 -9999 -9999 -9999 -9999 0.342704 0.346637 0.349582 0.357506 0.364212 0.369769 0.375901 0.381225 0.384557 0.386091 0.386181 0.387016 0.386938 0.386354 0.383899 0.380346 0.388375 0.384322 0.377996 0.377669 0.380144 0.381706 0.386566 0.385299 0.385067 0.388421 0.391889 0.398775 0.398555 0.400345 0.401357 0.398167 0.394019 0.390304 0.380876 0.374798 0.365153 0.356656 0.345765 0.336572 0.327073 0.323458 0.309876 0.291459 0.287608 0.286302 0.28375 0.282521 0.281536 0.280073 0.277704 0.274211 0.269425 0.263392 0.256155 0.247867 0.238778 0.229191 0.224502 0.212295 0.20172 0.190594 0.180096
-9999 -9999 -9999 -9999 -9999 -9999 -9999 -9999 0.329581 0.334352 0.336682 0.340258 0.348147 0.352375 0.356489 0.361615 0.365297 0.367508 0.367662 0.369651 0.371285 0.371862 0.373028 0.370329 0.366255 0.371922 0.367889 0.367972 0.370465 0.3679 0.368636 0.368024 0.369146 0.371359 0.374005 0.376469 0.377397 0.378324 0.376785 0.375677 0.374795 0.370372 0.362523 0.359582 0.351795 0.342811 0.33662 0.326338 0.318327 0.315932 0.286904 0.280544 0.27657 0.273483 0.271535 0.270092 0.268318 0.26643 0.263773 0.260198 0.255616 0.249984 0.243433 0.236016 0.228223 0.220106 0.214364 0.206335 0.196729 0.186239 0.176428
-9999 -9999 -9999 -9999 -9999 -9999 -9999 -9999 0.31615 0.319928 0.32178 0.325613 0.331946 0.334929 0.337092 0.341035 0.344764 0.346359 0.347899 0.35013 0.352096 0.354072 0.354222 0.356844 0.352094 0.360117 0.356839 0.356025 0.351972 0.354188 0.353442 0.353068 0.354161 0.353762 0.355234 0.356761 0.35984 0.360268 0.357394 0.354736 0.351567 0.349217 0.343518 0.339098 0.333438 0.32779 0.323566 0.315402 0.309184 0.291112 0.272926 0.267922 0.264164 0.261051 0.258981 0.25685 0.254451 0.252163 0.249324 0.245784 0.241427 0.236302 0.23052 0.224037 0.217611 0.211352 0.205977 0.201907 0.190925 0.180097 0.16549
-9999 -9999 -9999 -9999 -9999 -9999 -9999 -9999 0.304392 0.306413 0.307838 0.312054 0.317576 0.317164 0.318001 0.321269 0.324222 0.326374 0.330441 0.330202 0.330407 0.332858 0.336721 0.341185 0.340381 0.338166 0.345283 0.344504 0.340997 0.34295 0.342726 0.340457 0.338614 0.336518 0.336455 0.337609 0.342093 0.346102 0.34161 0.336109 0.332431 0.328825 0.326556 0.322137 0.317455 0.313922 0.302628 0.305393 0.298925 0.266322 0.261019 0.255711 0.251254 0.249254 0.246655 0.243076 0.240014 0.237469 0.234528 0.231049 0.227022 0.222415 0.217479 0.212039 0.206384 0.20326 0.198639 0.19142 0.184219 0.175298 0.14391
-9999 -9999 -9999 -9999 -9999 -9999 -9999 -9999 0.293392 0.295589 0.295977 0.299172 0.300535 0.299544 0.300549 0.3022 0.304425 0.306476 0.309009 0.310463 0.312485 0.315785 0.320238 0.325256 0.328683 0.327413 0.334417 0.3187 0.328806 0.330811 0.328651 0.32547 0.320587 0.31788 0.317565 0.317574 0.317851 0.320376 0.323094 0.320572 0.315172 0.313504 0.311723 0.306134 0.301808 0.299059 0.295828 0.291675 0.273887 0.254573 0.249606 0.243894 0.237617 0.234266 0.231672 0.22784 0.225205 0.222467 0.219462 0.216168 0.212488 0.208411 0.204124 0.199754 0.196749 0.193181 0.19019 0.184685 0.175511 0.161706 0.136864
-9999 -9999 -9999 -9999 -9999 -9999 -9999 -9999 0.283667 0.283962 0.283502 0.282994 0.282327 0.281845 0.284483 0.284919 0.286966 0.287536 0.289132 0.291565 0.293886 0.297364 0.303727 0.309149 0.315055 0.3143 0.311494 0.312342 0.314458 0.318867 0.313688 0.308043 0.302886 0.299899 0.3015 0.298659 0.297842 0.29794 0.298975 0.301135 0.298547 0.298859 0.295766 0.290594 0.286298 0.282644 0.27966 0.269278 0.260203 0.241281 0.236843 0.231138 0.225263 0.219706 0.216271 0.212935 0.210089 0.207246 0.204287 0.201202 0.197955 0.194524 0.190961 0.188754 0.186638 0.183416 0.180519 0.175802 0.164629 0.154159 0.130259
-9999 -9999 -9999 -9999 -9999 -9999 -9999 -9999 -9999 0.270884 0.269148 0.268453 0.27028 0.269408 0.269851 0.270477 0.27202 0.269598 0.27091 0.273232 0.27595 0.279583 0.285107 0.289209 0.295276 0.299831 0.28989 0.302051 0.300031 0.299706 0.296738 0.290704 0.2844 0.282868 0.285301 0.283692 0.281762 0.278801 0.278107 0.282209 0.283217 0.283463 0.279234 0.274629 0.271137 0.267745 0.264579 0.243993 0.232487 0.225742 0.219744 0.215301 0.209891 0.205107 0.201381 0.197932 0.194863 0.19192 0.189082 0.186331 0.183521 0.180859 0.178414 0.177246 0.178844 0.174878 0.171487 0.168943 0.155172 0.129514 0.123796
-9999 -9999 -9999 -9999 -9999 -9999 -9999 -9999 -9999 0.259462 0.255863 0.256764 0.258807 0.262597 0.263348 0.25753 0.257689 0.255452 0.253473 0.255533 0.258708 0.262719 0.266984 0.272546 0.279605 0.28526 0.279246 0.278424 0.280661 0.278573 0.275759 0.271164 0.26907 0.27107 0.272864 0.26955 0.267037 0.261448 0.259369 0.258878 0.260985 0.263442 0.263757 0.259222 0.256494 0.253592 0.250455 0.236584 0.21356 0.211341 0.205497 0.200163 0.195425 0.190438 0.186422 0.18284 0.179537 0.1766 0.173939 0.171579 0.169371 0.167828 0.16642 0.167418 0.167662 0.16659 0.165755 0.157207 0.146514 0.121663 0.117206
