Test_Spring_2018b/03_18/Prec/20180313_010.txt
ncols	170
nrows	115
xllcorner	350000.000000
yllcorner	4445000.000000
cellsize	1000.000000
nodata_value	-9999.000000
[rows 31 to 61 of 115, columns 70 to 139 of 170]
1.61354 1.61833 1.62084 1.61952 1.62159 1.6123 1.61746 1.61925 1.60453 1.60521 1.60361 1.60407 1.6029 1.5994 1.59764 1.58905 1.56217 1.5654 1.56275 1.5485 1.54362 1.53955 1.52175 1.49141 1.46942 1.44206 1.39134 1.37079 1.34225 -9999 -9999 -9999 -9999 -9999 -9999 -9999 -9999 -9999 -9999 -9999 -9999 -9999 -9999 -9999 -9999 -9999 -9999 -9999 -9999 -9999 -9999 -9999 -9999 -9999 -9999 -9999 -9999 -9999 -9999 -9999 -9999 -9999 -9999 -9999 -9999 -9999 -9999 -9999 -9999 -9999
1.60117 1.60428 1.60561 1.60474 1.6108 1.61688 1.60035 1.57939 1.59111 1.59187 1.59057 1.58635 1.58495 1.58301 1.58112 1.57323 1.55296 1.5332 1.53645 1.52997 1.51595 1.51691 1.5004 1.47368 1.43989 1.43685 1.41913 1.35112 1.2952 -9999 -9999 -9999 -9999 -9999 -9999 -9999 -9999 -9999 -9999 -9999 -9999 -9999 -9999 -9999 -9999 -9999 -9999 -9999 -9999 -9999 -9999 -9999 -9999 -9999 -9999 -9999 -9999 -9999 -9999 -9999 -9999 -9999 -9999 -9999 -9999 -9999 -9999 -9999 -9999 -9999
1.58281 1.589 1.58954 1.5905 1.59878 1.60114 1.58553 1.56917 1.57761 1.57871 1.57813 1.57602 1.57388 1.57117 1.56483 1.55557 1.53755 1.51553 1.50636 1.50894 1.50189 1.49459 1.47959 1.46215 1.4401 1.43533 1.42491 1.3629 1.29873 1.255 -9999 -9999 -9999 -9999 -9999 -9999 -9999 -9999 -9999 -9999 -9999 -9999 -9999 -9999 -9999 -9999 -9999 -9999 -9999 -9999 -9999 -9999 -9999 -9999 -9999 -9999 -9999 -9999 -9999 -9999 -9999 -9999 -9999 -9999 -9999 -9999 -9999 -9999 -9999 -9999
1.56253 1.57232 1.57257 1.56922 1.5754 1.58076 1.5524 1.55731 1.55827 1.56546 1.56491 1.56412 1.56026 1.55656 1.55074 1.54142 1.52846 1.51268 1.48722 1.49408 1.49714 1.4889 1.47927 1.46465 1.44394 1.43995 1.42764 1.33129 1.28014 1.25586 1.23686 -9999 -9999 -9999 -9999 -9999 -9999 -9999 -9999 -9999 -9999 -9999 -9999 -9999 -9999 -9999 -9999 -9999 -9999 -9999 -9999 -9999 -9999 -9999 -9999 -9999 -9999 -9999 -9999 -9999 -9999 -9999 -9999 -9999 -9999 -9999 -9999 -9999 -9999 -9999
-9999 1.55418 1.55496 1.55073 1.55726 1.56497 1.55386 1.54659 1.54856 1.55056 1.55229 1.55124 1.54694 1.53612 1.53273 1.52973 1.52012 1.50277 1.48469 1.47575 1.48455 1.48152 1.47222 1.46616 1.4476 1.44008 1.42639 1.37187 1.29308 1.26125 1.24093 1.21628 -9999 -9999 -9999 -9999 -9999 -9999 -9999 -9999 -9999 -9999 -9999 -9999 -9999 -9999 -9999 -9999 -9999 -9999 -9999 -9999 -9999 -9999 -9999 -9999 -9999 -9999 -9999 -9999 -9999 -9999 -9999 -9999 -9999 -9999 -9999 -9999 -9999 -9999
-9999 -9999 -9999 -9999 1.5372 1.52807 1.5382 1.5315 1.53599 1.53868 1.54088 1.53965 1.532 1.52713 1.52464 1.51776 1.5072 1.49884 1.48602 1.47211 1.46956 1.47563 1.46198 1.46219 1.4514 1.4421 1.42414 1.34589 1.28375 1.25483 1.23516 1.21251 -9999 -9999 -9999 -9999 -9999 -9999 -9999 -9999 -9999 -9999 -9999 -9999 -9999 -9999 -9999 -9999 -9999 -9999 -9999 -9999 -9999 -9999 -9999 -9999 -9999 -9999 -9999 -9999 -9999 -9999 -9999 -9999 -9999 -9999 -9999 -9999 -9999 -9999
-9999 -9999 -9999 -9999 -9999 1.51625 1.52459 1.5348 1.52443 1.52612 1.53 1.5289 1.52502 1.52134 1.51649 1.51048 1.50188 1.49225 1.48023 1.47478 1.47753 1.47116 1.46189 1.45459 1.44905 1.43705 1.38043 1.33352 1.31028 1.24199 1.2192 1.20535 1.18618 -9999 -9999 -9999 -9999 -9999 -9999 -9999 -9999 -9999 -9999 -9999 -9999 1.04958 -9999 -9999 -9999 -9999 -9999 -9999 -9999 -9999 -9999 -9999 -9999 -9999 -9999 -9999 -9999 -9999 -9999 -9999 -9999 -9999 0.556992 -9999 -9999 -9999
-9999 -9999 -9999 -9999 1.51902 1.51286 1.51927 1.52633 1.5151 1.5161 1.5207 1.51968 1.51649 1.51272 1.50627 1.50272 1.49673 1.48684 1.48177 1.48011 1.47617 1.4714 1.46496 1.45572 1.4442 1.43094 1.36256 1.34023 1.32 1.25988 1.23094 1.20836 1.18271 1.16064 -9999 -9999 -9999 -9999 -9999 -9999 -9999 1.09906 1.08653 1.07331 1.06098 1.05169 1.02965 -9999 -9999 -9999 -9999 -9999 -9999 -9999 -9999 -9999 -9999 -9999 -9999 -9999 -9999 -9999 -9999 -9999 -9999 -9999 0.564159 0.537112 -9999 -9999
-9999 -9999 -9999 -9999 1.49597 1.50494 1.51031 1.51746 1.52152 1.50974 1.51106 1.5118 1.5101 1.50626 1.50105 1.4988 1.49187 1.48662 1.48156 1.48119 1.47702 1.46958 1.46052 1.45031 1.4357 1.42377 1.36126 1.34093 1.31707 1.2929 1.23307 1.20197 1.17228 1.14685 -9999 -9999 -9999 -9999 -9999 -9999 1.11037 1.10591 1.09774 1.07687 1.06822 1.05721 1.03766 0.938257 -9999 -9999 -9999 -9999 -9999 -9999 -9999 -9999 -9999 -9999 -9999 -9999 -9999 -9999 0.667294 0.645649 0.61282 0.587691 0.564799 0.537759 -9999 -9999
-9999 -9999 -9999 -9999 1.48546 1.49603 1.50359 1.50977 1.51159 1.51397 1.50482 1.50495 1.50363 1.50169 1.49935 1.49356 1.48972 1.48141 1.48395 1.48003 1.47396 1.46257 1.45293 1.43461 1.42003 1.3631 1.35541 1.33293 1.30356 1.27105 1.23098 1.18909 1.16871 1.14469 -9999 -9999 -9999 -9999 -9999 -9999 1.11205 1.10868 1.10264 1.09017 1.06733 1.06028 0.97255 0.94311 0.917419 0.897613 0.875748 0.82303 0.782535 0.76631 0.747918 0.736996 -9999 -9999 -9999 -9999 0.689981 0.681211 0.671279 0.655598 0.621087 0.591209 0.560726 0.510379 -9999 -9999
-9999 -9999 -9999 -9999 1.48184 1.49031 1.4958 1.49852 1.50366 1.5055 1.49829 1.47256 1.47302 1.47338 1.47335 1.47163 1.46749 1.46609 1.46284 1.4568 1.44056 1.42104 1.41767 1.42637 1.38843 1.35815 1.34826 1.32376 1.29053 1.25492 1.22661 1.1881 1.16508 1.12223 -9999 -9999 -9999 1.10155 1.10442 1.09843 1.09318 1.09207 1.08695 1.09464 1.08226 1.03499 0.976168 0.944944 0.912334 0.887902 0.872823 0.850278 0.781316 0.764491 0.746039 0.717985 0.710882 0.703911 0.69672 0.688886 0.681302 0.673201 0.663034 0.647652 0.629073 0.602497 0.577315 0.498567 -9999 -9999
-9999 -9999 -9999 -9999 1.44785 1.45562 1.46231 1.46375 1.46628 1.47115 1.47141 1.46913 1.47111 1.46923 1.47289 1.4729 1.47194 1.46937 1.465 1.45178 1.43353 1.4135 1.39833 1.37955 1.35642 1.32018 1.30922 1.31318 1.25716 1.22319 1.20366 1.17859 1.1338 1.10938 -9999 -9999 1.08911 1.10153 1.10878 1.10936 1.1042 1.0953 1.09194 1.0785 1.07042 1.02345 0.958531 0.933036 0.913707 0.88774 0.838017 0.81368 0.773052 0.742698 0.729405 0.7178 0.710451 0.703432 0.697291 0.691399 0.683869 0.677077 0.668003 0.654278 0.626712 0.603429 0.554043 0.491013 -9999 -9999
-9999 -9999 -9999 -9999 1.41799 1.42473 1.43219 1.43615 1.44306 1.46605 1.46429 1.47147 1.47013 1.47023 1.47051 1.47479 1.4748 1.47334 1.47006 1.45726 1.44121 1.41816 1.39868 1.37208 1.35309 1.28183 1.26498 1.2438 1.22315 1.20703 1.20449 1.17417 1.15184 1.11178 1.09552 -9999 1.08968 1.09387 1.10469 1.11241 1.11393 1.10247 1.10026 1.08752 1.05439 1.02881 0.967964 0.909683 0.879842 0.850049 0.828702 0.813968 0.770466 0.753306 0.726452 0.716016 0.708324 0.702382 0.697638 0.693311 0.68829 0.681863 0.67309 0.661066 0.640671 0.598264 0.561931 0.496369 -9999 -9999
-9999 -9999 -9999 1.40579 1.41221 1.4218 1.42763 1.43325 1.43918 1.44512 1.44832 1.47043 1.47452 1.47329 1.47019 1.47283 1.47486 1.4777 1.47496 1.46961 1.45747 1.43047 1.40648 1.36132 1.33044 1.28358 1.26378 1.25181 1.23103 1.20598 1.18221 1.15255 1.14782 1.12705 1.0911 1.08813 1.09341 1.09729 1.10467 1.11617 1.12117 1.11764 1.10799 1.08108 1.06228 1.00838 0.949863 0.916239 0.88129 0.849958 0.82068 0.797319 0.755904 0.747344 0.733749 0.713145 0.706327 0.70164 0.698326 0.695418 0.691728 0.686203 0.678346 0.667371 0.638671 0.609871 0.553349 0.49679 -9999 -9999
-9999 -9999 -9999 -9999 1.40524 1.41085 1.41494 1.42043 1.42818 1.43711 1.445 1.45293 1.46277 1.47788 1.47373 1.47072 1.47762 1.47948 1.47923 1.47444 1.46636 1.4236 1.39846 1.37282 1.34063 1.30189 1.28185 1.25923 1.23552 1.2025 1.17189 1.13662 1.11115 1.10252 1.09629 1.09 1.09365 1.10671 1.11527 1.11658 1.11449 1.12187 1.1037 1.06866 1.04706 1.01317 0.956373 0.918293 0.885719 0.852694 0.821885 0.782371 0.749502 0.731476 0.724053 0.717867 0.704869 0.701294 0.699276 0.69746 0.694852 0.69028 0.683032 0.662867 0.63733 0.609332 0.555839 0.500708 -9999 -9999
-9999 -9999 -9999 -9999 -9999 -9999 1.40738 1.41413 1.42112 1.43019 1.44253 1.4533 1.46336 1.47157 1.47619 1.47702 1.47765 1.47883 1.47053 1.46516 1.45826 1.44234 1.42275 1.38848 1.34134 1.32211 1.29488 1.26094 1.23096 1.2034 1.17035 1.13946 1.11243 1.09274 1.08794 1.09972 1.11051 1.12473 1.13052 1.12485 1.12417 1.10893 1.09924 1.08044 1.05249 1.01672 0.959601 0.917586 0.888329 0.854781 0.819945 0.788261 0.745455 0.730325 0.717244 0.712575 0.707193 0.701361 0.700237 0.699425 0.697622 0.693706 0.67718 0.662365 0.643129 0.619661 0.564227 0.49984 -9999 -9999
-9999 -9999 -9999 -9999 -9999 -9999 1.39701 1.40307 1.41279 1.4296 1.44001 1.45182 1.46159 1.4718 1.47814 1.47887 1.47718 1.47233 1.4613 1.45656 1.45362 1.44266 1.4233 1.38936 1.35427 1.32507 1.29443 1.25675 1.2246 1.19954 1.16726 1.13541 1.11467 1.09299 1.09616 1.10223 1.11176 1.12805 1.13863 1.13967 1.12658 1.11773 1.10866 1.08479 1.05127 1.02033 0.959998 0.914513 0.88695 0.854505 0.819844 0.790692 0.746488 0.729251 0.717618 0.710126 0.705585 0.702653 0.700952 0.700731 0.699487 0.691898 0.681461 0.666428 0.646682 0.622637 0.576561 0.500739 -9999 -9999
-9999 -9999 -9999 -9999 -9999 -9999 -9999 1.39143 1.40625 1.42674 1.43593 1.44629 1.45969 1.47009 1.47633 1.48074 1.47793 1.4692 1.44791 1.44336 1.43896 1.43456 1.42064 1.39649 1.3509 1.31661 1.27372 1.23456 1.21026 1.18816 1.16041 1.13209 1.11082 1.11248 1.1177 1.12582 1.13112 1.13097 1.14014 1.14415 1.13246 1.12434 1.11175 1.08403 1.05344 1.01992 0.958681 0.920969 0.884584 0.854447 0.818233 0.790759 0.747696 0.729367 0.716931 0.708965 0.704801 0.702341 0.701512 0.701369 0.699138 0.693284 0.682735 0.667365 0.647296 0.622893 0.593277 0.532457 0.488104 -9999
-9999 -9999 -9999 -9999 -9999 -9999 -9999 1.37749 1.38816 1.41127 1.42217 1.44002 1.4549 1.46577 1.47072 1.47242 1.46759 1.46514 1.44438 1.42888 1.42103 1.4006 1.39755 1.39015 1.34457 1.28444 1.24618 1.21316 1.1932 1.17401 1.15494 1.12008 1.1072 1.11767 1.12523 1.13264 1.13932 1.13926 1.13981 1.1477 1.14037 1.12968 1.10897 1.08453 1.04981 1.01421 0.959923 0.919054 0.881993 0.85246 0.815125 0.79071 0.747357 0.728316 0.715114 0.709229 0.70452 0.702284 0.699978 0.700154 0.698067 0.691124 0.680521 0.664999 0.644721 0.620428 0.592398 0.547436 0.504812 0.467534
-9999 -9999 -9999 -9999 -9999 -9999 -9999 -9999 1.36682 1.39581 1.41136 1.42772 1.44631 1.45803 1.45555 1.46139 1.45704 1.4488 1.42957 1.40292 1.38323 1.39101 1.39232 1.38075 1.33709 1.28306 1.24662 1.22232 1.20734 1.18365 1.16448 1.13419 1.1228 1.11305 1.11461 1.11957 1.12557 1.13732 1.14352 1.13984 1.13451 1.12215 1.10238 1.07842 1.04919 1.01716 0.954438 0.922053 0.883341 0.851425 0.819138 0.790104 0.746658 0.726482 0.716131 0.709498 0.704745 0.696412 0.697041 0.696734 0.69413 0.688218 0.674748 0.659157 0.639146 0.615076 0.587752 0.545373 0.511885 0.473307
-9999 -9999 -9999 -9999 -9999 -9999 -9999 -9999 1.34755 1.37616 1.39143 1.41548 1.42773 1.42984 1.44202 1.44808 1.44569 1.43452 1.41997 1.39151 1.35766 1.37575 1.37644 1.36689 1.34399 1.27724 1.25904 1.23132 1.21324 1.1866 1.16854 1.14853 1.13488 1.12352 1.10408 1.09085 1.11459 1.12706 1.13437 1.13328 1.12575 1.11217 1.09899 1.06657 1.03034 1.0064 0.949639 0.914291 0.87973 0.847274 0.81694 0.789511 0.74659 0.730245 0.715959 0.701509 0.692459 0.692175 0.692071 0.690838 0.687371 0.680864 0.670699 0.657307 0.630688 0.607307 0.580889 0.53952 0.508486 0.476745
-9999 -9999 -9999 -9999 -9999 -9999 -9999 -9999 1.30772 1.34533 1.36388 1.38882 1.39357 1.40972 1.42226 1.42628 1.42748 1.4192 1.40638 1.38449 1.35226 1.32331 1.33564 1.34361 1.32941 1.28554 1.26191 1.23489 1.2108 1.19406 1.18129 1.15832 1.12605 1.11309 1.09224 1.0921 1.10974 1.11317 1.11055 1.12066 1.11069 1.09518 1.07022 1.04929 1.02479 0.982404 0.930141 0.892505 0.865237 0.838999 0.812598 0.787439 0.74442 0.71508 0.705163 0.69008 0.687488 0.686095 0.684817 0.682524 0.678155 0.670839 0.660282 0.646363 0.628857 0.6075 0.572301 0.532206 0.503109 0.473453
-9999 -9999 -9999 -9999 -9999 -9999 -9999 -9999 1.28408 1.31015 1.34218 1.34418 1.36912 1.38383 1.39816 1.40463 1.40488 1.39727 1.38337 1.36409 1.3353 1.3072 1.30176 1.31524 1.30814 1.26993 1.24829 1.22851 1.2099 1.17238 1.15983 1.14268 1.13228 1.09539 1.09114 1.08454 1.1024 1.10436 1.09923 1.1009 1.09021 1.06382 1.03629 1.0134 1.00403 0.971698 0.915053 0.873366 0.847553 0.829585 0.784589 0.762136 0.723537 0.711186 0.689471 0.684054 0.680496 0.677999 0.675464 0.672035 0.666745 0.658735 0.647874 0.633944 0.61683 0.596161 0.57303 0.533597 0.496665 0.469383
-9999 -9999 -9999 -9999 -9999 -9999 -9999 -9999 1.25139 1.28551 1.31425 1.31853 1.34257 1.35806 1.37055 1.37663 1.37543 1.37102 1.36055 1.34309 1.32483 1.29931 1.26783 1.27301 1.27636 1.24107 1.20056 1.1882 1.1715 1.1548 1.13479 1.13152 1.09692 1.08744 1.08527 1.0815 1.09082 1.08968 1.08574 1.07838 1.05781 1.02969 1.00097 0.988612 0.964059 0.952698 0.886723 0.852927 0.831253 0.806107 0.772226 0.746928 0.714892 0.688568 0.681069 0.675591 0.671565 0.667789 0.664218 0.659562 0.653302 0.644838 0.633767 0.620068 0.603725 0.584989 0.561935 0.524024 0.49892 0.463755
-9999 -9999 -9999 -9999 -9999 -9999 -9999 -9999 -9999 1.23657 1.24271 1.27466 1.29709 1.31434 1.32608 1.33158 1.3319 1.32826 1.31971 1.30461 1.28453 1.25712 1.23091 1.21861 1.22281 1.1822 1.16797 1.16454 1.15428 1.13517 1.09699 1.06549 1.07298 1.07139 1.07021 1.06915 1.07229 1.06866 1.06139 1.04697 1.01505 0.990445 0.964549 0.94528 0.918535 0.913721 0.855077 0.837166 0.814553 0.790798 0.758541 0.708667 0.684524 0.676751 0.66682 0.662303 0.660466 0.655763 0.650994 0.645314 0.638353 0.629503 0.618457 0.601874 0.585632 0.567294 0.543658 0.506067 0.481533 0.457086
-9999 -9999 -9999 -9999 -9999 -9999 -9999 -9999 -9999 1.18039 1.21203 1.24584 1.2622 1.27801 1.29136 1.29562 1.2939 1.28927 1.28132 1.26977 1.24942 1.22704 1.20338 1.1846 1.17026 1.14693 1.13777 1.14036 1.13035 1.11749 1.04013 1.02806 1.03844 1.04808 1.04739 1.04478 1.02828 1.02777 1.01442 0.995804 0.982017 0.963715 0.937658 0.923667 0.896044 0.877258 0.832911 0.81325 0.791447 0.774758 0.74546 0.69325 0.668196 0.661584 0.652146 0.649856 0.645289 0.639883 0.634033 0.627458 0.619595 0.610179 0.598772 0.585399 0.570122 0.552982 0.534025 0.507472 0.460468 0.439056
-9999 -9999 -9999 -9999 -9999 -9999 -9999 -9999 -9999 1.15761 1.17989 1.20879 1.23184 1.23842 1.25115 1.25819 1.25532 1.24951 1.24098 1.23213 1.21233 1.1896 1.16766 1.14318 1.13113 1.12535 1.1163 1.11425 1.1042 1.09138 1.0189 1.01675 1.02179 1.02344 1.02207 1.01801 1.01146 1.00505 0.99305 0.982194 0.963606 0.938237 0.918174 0.904145 0.872342 0.853469 0.837888 0.788468 0.774592 0.757315 0.727329 0.660307 0.655576 0.648482 0.642668 0.636208 0.629629 0.623981 0.617161 0.609883 0.601604 0.59198 0.580907 0.568112 0.553864 0.537324 0.519114 0.491961 0.447442 0.429175
-9999 -9999 -9999 -9999 -9999 -9999 -9999 -9999 -9999 1.13344 1.1523 1.17624 1.19245 1.19829 1.2103 1.21999 1.21887 1.21266 1.20721 1.19675 1.17987 1.16055 1.13917 1.12254 1.09893 1.09902 1.08868 1.08642 1.0801 1.00512 0.993009 0.99297 0.994177 0.992303 0.995035 0.990959 0.984259 0.969293 0.957828 0.951289 0.938946 0.92322 0.900671 0.884661 0.862244 0.842057 0.821402 0.7719 0.755791 0.736501 0.695244 0.652101 0.643369 0.634751 0.627392 0.619179 0.612357 0.606389 0.598999 0.591175 0.582594 0.573102 0.562355 0.550098 0.536772 0.520574 0.501778 0.478888 0.427774 0.419282
-9999 -9999 -9999 -9999 -9999 -9999 -9999 -9999 -9999 1.10259 1.12079 1.14005 1.14941 1.15256 1.17054 1.18109 1.18021 1.17594 1.16981 1.154 1.14782 1.13775 1.11927 1.0958 1.07066 1.0623 1.04282 1.05623 1.05068 0.968834 0.95625 0.952471 0.95652 0.960207 0.964674 0.962085 0.953936 0.933016 0.910105 0.908924 0.906785 0.895296 0.880099 0.85796 0.840075 0.821548 0.798942 0.744124 0.730631 0.714931 0.645027 0.633816 0.625898 0.618473 0.606236 0.597724 0.593277 0.587516 0.579575 0.571428 0.562889 0.553573 0.543388 0.531585 0.51888 0.504725 0.481282 0.461158 0.423106 0.40979
-9999 -9999 -9999 -9999 -9999 -9999 -9999 -9999 -9999 1.06853 1.08069 1.09752 1.10462 1.11546 1.13115 1.1382 1.1404 1.13783 1.13281 1.12357 1.1152 1.10322 1.08607 1.06472 1.04153 1.02349 1.02042 1.02091 0.975577 0.933776 0.919843 0.91988 0.924063 0.933943 0.93725 0.932675 0.925786 0.916141 0.897286 0.875063 0.865655 0.861976 0.844318 0.824584 0.814335 0.798833 0.777707 0.75776 0.713702 0.673304 0.622742 0.611032 0.604019 0.601078 0.591438 0.581198 0.575814 0.567339 0.559056 0.55088 0.542387 0.533514 0.524078 0.513444 0.501282 0.483397 0.465845 0.445522 0.432112 0.404248
-9999 -9999 -9999 -9999 -9999 -9999 -9999 -9999 -9999 1.0304 1.04318 1.05738 1.07063 1.08303 1.09335 1.0926 1.09669 1.09411 1.09419 1.0895 1.08078 1.07112 1.05696 1.0334 1.01224 0.989465 0.986835 0.980883 0.920126 0.903931 0.881613 0.888853 0.898045 0.90606 0.907524 0.894783 0.894614 0.887174 0.87545 0.859092 0.837331 0.827743 0.807306 0.795094 0.787302 0.77532 0.760203 0.742289 0.695776 0.656628 0.60339 0.590213 0.582601 0.577324 0.572843 0.563527 0.555158 0.546173 0.537617 0.529426 0.521239 0.512824 0.50399 0.494406 0.479499 0.463077 0.448828 0.432612 0.421137 0.407464
