Test_Spring_2018b/03_18/Prec/20180321_019.txt
ncols	170
nrows	115
xllcorner	350000.000000
yllcorner	4445000.000000
cellsize	1000.000000
nodata_value	-9999.000000
[rows 31 to 61 of 115, columns 70 to 139 of 170]
0.479619 0.484206 0.48885 0.493432 0.497126 0.489328 0.503954 0.503346 0.513192 0.509385 0.504949 0.499747 0.494343 0.489081 0.483911 0.479792 0.477857 0.474217 0.47183 0.471048 0.469936 0.46893 0.468928 0.469549 0.468834 0.467741 0.467529 0.43456 0.432418 -9999 -9999 -9999 -9999 -9999 -9999 -9999 -9999 -9999 -9999 -9999 -9999 -9999 -9999 -9999 -9999 -9999 -9999 -9999 -9999 -9999 -9999 -9999 -9999 -9999 -9999 -9999 -9999 -9999 -9999 -9999 -9999 -9999 -9999 -9999 -9999 -9999 -9999 -9999 -9999 -9999
0.515018 0.518731 0.522433 0.526029 0.52864 0.530723 0.535976 0.53105 0.544982 0.541763 0.538167 0.534389 0.530107 0.525757 0.521453 0.517832 0.515519 0.513495 0.509882 0.507284 0.505373 0.502114 0.499985 0.498212 0.496398 0.491343 0.486768 0.454466 0.454254 -9999 -9999 -9999 -9999 -9999 -9999 -9999 -9999 -9999 -9999 -9999 -9999 -9999 -9999 -9999 -9999 -9999 -9999 -9999 -9999 -9999 -9999 -9999 -9999 -9999 -9999 -9999 -9999 -9999 -9999 -9999 -9999 -9999 -9999 -9999 -9999 -9999 -9999 -9999 -9999 -9999
0.552312 0.554713 0.557406 0.55988 0.561546 0.563466 0.550938 0.562039 0.577993 0.575353 0.572577 0.56968 0.566576 0.563347 0.56028 0.557344 0.555026 0.552919 0.54959 0.545061 0.541003 0.536544 0.532207 0.527487 0.522526 0.515522 0.508415 0.503035 0.470697 0.478313 -9999 -9999 -9999 -9999 -9999 -9999 -9999 -9999 -9999 -9999 -9999 -9999 -9999 -9999 -9999 -9999 -9999 -9999 -9999 -9999 -9999 -9999 -9999 -9999 -9999 -9999 -9999 -9999 -9999 -9999 -9999 -9999 -9999 -9999 -9999 -9999 -9999 -9999 -9999 -9999
0.590891 0.591846 0.593411 0.59521 0.596246 0.597428 0.576167 0.614269 0.612236 0.609744 0.607892 0.605995 0.604208 0.602177 0.599999 0.597693 0.595184 0.592327 0.589617 0.583542 0.577045 0.570725 0.563775 0.556526 0.549133 0.539808 0.530737 0.522415 0.502049 0.494422 0.486793 -9999 -9999 -9999 -9999 -9999 -9999 -9999 -9999 -9999 -9999 -9999 -9999 -9999 -9999 -9999 -9999 -9999 -9999 -9999 -9999 -9999 -9999 -9999 -9999 -9999 -9999 -9999 -9999 -9999 -9999 -9999 -9999 -9999 -9999 -9999 -9999 -9999 -9999 -9999
-9999 0.629784 0.630029 0.630769 0.630899 0.631351 0.62236 0.625695 0.645944 0.644598 0.64357 0.642902 0.642433 0.642216 0.640875 0.638772 0.636296 0.633387 0.629374 0.623403 0.614783 0.606017 0.596757 0.586361 0.576293 0.564801 0.553502 0.541209 0.546466 0.509743 0.50072 0.492888 -9999 -9999 -9999 -9999 -9999 -9999 -9999 -9999 -9999 -9999 -9999 -9999 -9999 -9999 -9999 -9999 -9999 -9999 -9999 -9999 -9999 -9999 -9999 -9999 -9999 -9999 -9999 -9999 -9999 -9999 -9999 -9999 -9999 -9999 -9999 -9999 -9999 -9999
-9999 -9999 -9999 -9999 0.665601 0.654392 0.676963 0.657387 0.679641 0.679056 0.679122 0.679815 0.681058 0.681737 0.681516 0.680599 0.678625 0.67488 0.669781 0.663018 0.653635 0.642008 0.630685 0.617154 0.603742 0.589705 0.576166 0.579051 0.563549 0.525288 0.514475 0.50503 -9999 -9999 -9999 -9999 -9999 -9999 -9999 -9999 -9999 -9999 -9999 -9999 -9999 -9999 -9999 -9999 -9999 -9999 -9999 -9999 -9999 -9999 -9999 -9999 -9999 -9999 -9999 -9999 -9999 -9999 -9999 -9999 -9999 -9999 -9999 -9999 -9999 -9999
-9999 -9999 -9999 -9999 -9999 0.685563 0.70828 0.708024 0.712509 0.712943 0.714156 0.71636 0.718923 0.721094 0.722458 0.722517 0.720957 0.717332 0.711573 0.702918 0.69135 0.678531 0.664271 0.648544 0.631764 0.615001 0.594884 0.598424 0.582156 0.540293 0.527765 0.515943 0.506046 -9999 -9999 -9999 -9999 -9999 -9999 -9999 -9999 -9999 -9999 -9999 -9999 0.466094 -9999 -9999 -9999 -9999 -9999 -9999 -9999 -9999 -9999 -9999 -9999 -9999 -9999 -9999 -9999 -9999 -9999 -9999 -9999 -9999 0.55318 -9999 -9999 -9999
-9999 -9999 -9999 -9999 0.730884 0.739224 0.737559 0.737753 0.719146 0.745539 0.748145 0.752065 0.756422 0.760418 0.763533 0.764646 0.763625 0.760168 0.753324 0.74318 0.73037 0.715099 0.697875 0.679291 0.659827 0.639946 0.635096 0.615085 0.595789 0.575833 0.537189 0.524237 0.513367 0.504 -9999 -9999 -9999 -9999 -9999 -9999 -9999 0.468112 0.467779 0.467947 0.46842 0.468966 0.470836 -9999 -9999 -9999 -9999 -9999 -9999 -9999 -9999 -9999 -9999 -9999 -9999 -9999 -9999 -9999 -9999 -9999 -9999 -9999 0.551418 0.55832 -9999 -9999
-9999 -9999 -9999 -9999 0.771904 0.76732 0.765397 0.765798 0.768834 0.77632 0.780818 0.786515 0.792823 0.798879 0.803746 0.806229 0.806232 0.802691 0.79543 0.784043 0.769438 0.751986 0.732107 0.710398 0.687781 0.664309 0.654362 0.630928 0.608875 0.588334 0.545597 0.531311 0.519126 0.508755 -9999 -9999 -9999 -9999 -9999 -9999 0.470711 0.469349 0.468815 0.469745 0.470011 0.470752 0.472432 0.496735 -9999 -9999 -9999 -9999 -9999 -9999 -9999 -9999 -9999 -9999 -9999 -9999 -9999 -9999 0.526735 0.531544 0.537736 0.54377 0.550077 0.557135 -9999 -9999
-9999 -9999 -9999 -9999 0.799095 0.793446 0.790984 0.791704 0.795739 0.828525 0.811454 0.819297 0.827841 0.836003 0.842702 0.847161 0.848042 0.845208 0.837024 0.82486 0.808613 0.789046 0.766253 0.741863 0.715649 0.701511 0.672815 0.64605 0.621142 0.598253 0.555986 0.536809 0.522088 0.510246 -9999 -9999 -9999 -9999 -9999 -9999 0.470583 0.469485 0.46912 0.469669 0.471362 0.471977 0.494125 0.497155 0.499853 0.502004 0.504237 0.481715 0.497051 0.500773 0.504413 0.507182 -9999 -9999 -9999 -9999 0.518891 0.521634 0.524888 0.529112 0.535431 0.541927 0.54901 0.568447 -9999 -9999
-9999 -9999 -9999 -9999 0.823423 0.816984 0.814332 0.815597 0.820217 0.854187 0.839951 0.864965 0.874577 0.883847 0.891647 0.896949 0.898805 0.896028 0.888559 0.876399 0.860431 0.840629 0.816117 0.771823 0.764841 0.722343 0.690052 0.659753 0.631649 0.605778 0.560896 0.539226 0.522862 0.510023 -9999 -9999 -9999 0.477864 0.473896 0.471916 0.470836 0.470116 0.470216 0.469344 0.470587 0.483449 0.493869 0.49733 0.500774 0.503381 0.505041 0.507135 0.497977 0.501611 0.505066 0.507831 0.509799 0.511572 0.513281 0.515089 0.51706 0.519396 0.522344 0.526258 0.532974 0.5393 0.546139 0.573276 -9999 -9999
-9999 -9999 -9999 -9999 0.868913 0.862287 0.85925 0.854245 0.859512 0.867822 0.901432 0.891407 0.903095 0.914799 0.924417 0.931385 0.934302 0.932314 0.924911 0.912571 0.89528 0.873391 0.847188 0.838379 0.807327 0.763445 0.729302 0.672016 0.635036 0.607024 0.580612 0.540013 0.522288 0.508314 -9999 -9999 0.479773 0.473564 0.469605 0.467627 0.467187 0.467793 0.468417 0.470143 0.471558 0.483647 0.494567 0.497851 0.500845 0.503695 0.506435 0.508626 0.491061 0.502838 0.505705 0.508091 0.509823 0.511305 0.51261 0.513938 0.51561 0.51759 0.520269 0.523949 0.529457 0.535326 0.551671 0.568203 -9999 -9999
-9999 -9999 -9999 -9999 0.9011 0.894842 0.892047 0.893171 0.897573 0.887362 0.921638 0.932917 0.928516 0.942212 0.954165 0.962566 0.966749 0.96544 0.958048 0.945069 0.926305 0.902749 0.874454 0.861687 0.827481 0.772041 0.735623 0.700257 0.666207 0.633702 0.580397 0.539002 0.518987 0.503845 0.491426 -9999 0.473936 0.468614 0.46483 0.462921 0.462697 0.464321 0.465637 0.468026 0.478367 0.482197 0.493091 0.497961 0.5015 0.504701 0.506891 0.508663 0.492689 0.49657 0.506324 0.508416 0.509925 0.511027 0.511902 0.512785 0.513956 0.515659 0.518134 0.521581 0.526499 0.540286 0.548655 0.56557 -9999 -9999
-9999 -9999 -9999 0.942311 0.916383 0.909407 0.906591 0.907753 0.912735 0.921211 0.952809 0.950821 0.964544 0.965566 0.979621 0.989771 0.995047 0.994164 0.986939 0.972947 0.952853 0.928046 0.913774 0.870596 0.83431 0.786139 0.746745 0.707392 0.67018 0.635347 0.602969 0.5598 0.515196 0.497773 0.485791 0.475136 0.467123 0.462086 0.459107 0.457597 0.457908 0.459743 0.462512 0.471631 0.475865 0.481686 0.492427 0.497003 0.501217 0.504682 0.507561 0.509578 0.495287 0.498299 0.501528 0.508767 0.509971 0.510697 0.511158 0.511626 0.512409 0.513803 0.516033 0.519302 0.529621 0.536819 0.542621 0.55818 -9999 -9999
-9999 -9999 -9999 -9999 0.929257 0.922305 0.91955 0.920863 0.926052 0.934855 0.965832 0.976569 0.988333 0.99428 0.999704 1.0116 1.01752 1.01742 1.01028 0.996073 0.974998 0.953542 0.922136 0.88636 0.847937 0.796643 0.754525 0.713262 0.673513 0.636616 0.602197 0.557928 0.53201 0.509157 0.479296 0.468618 0.460702 0.455173 0.452603 0.452618 0.454308 0.456077 0.463611 0.469623 0.474616 0.480196 0.491113 0.496418 0.500672 0.5044 0.507434 0.51073 0.49677 0.500657 0.503289 0.505407 0.509945 0.510343 0.51044 0.510557 0.511007 0.512115 0.51414 0.521261 0.524614 0.531106 0.540556 0.556044 -9999 -9999
-9999 -9999 -9999 -9999 -9999 -9999 0.929971 0.931266 0.93669 0.945743 0.975931 0.98664 0.99868 1.01097 1.02234 1.02643 1.03356 1.03406 1.02791 1.01029 0.994138 0.966949 0.934136 0.897797 0.848184 0.80439 0.760826 0.718372 0.676974 0.637465 0.601133 0.555171 0.527718 0.5044 0.48479 0.468795 0.453919 0.448509 0.44659 0.447753 0.449995 0.45605 0.460982 0.466673 0.472796 0.479033 0.490248 0.496172 0.500342 0.504207 0.507584 0.51018 0.497824 0.501471 0.504539 0.506431 0.50787 0.509997 0.509822 0.509655 0.509848 0.510735 0.514031 0.517584 0.522432 0.528573 0.538265 0.554525 -9999 -9999
-9999 -9999 -9999 -9999 -9999 -9999 0.938694 0.940069 0.945222 0.95354 0.983329 0.993665 1.00547 1.01742 1.02857 1.0377 1.04237 1.04366 1.03842 1.0249 1.00362 0.975924 0.942793 0.905918 0.854665 0.81069 0.76626 0.722849 0.680272 0.639139 0.601309 0.554452 0.525266 0.501072 0.479993 0.463921 0.452684 0.444811 0.442766 0.443754 0.448225 0.453121 0.458507 0.465087 0.472081 0.478261 0.489925 0.496327 0.500472 0.504293 0.507646 0.509976 0.498208 0.502005 0.504914 0.506982 0.508279 0.508942 0.509372 0.509031 0.509056 0.510393 0.512606 0.516082 0.520899 0.527045 0.535963 0.553128 -9999 -9999
-9999 -9999 -9999 -9999 -9999 -9999 -9999 0.947159 0.951622 0.959173 0.988437 0.998111 1.00881 1.01999 1.03051 1.03889 1.04431 1.04553 1.04115 1.02792 1.00715 0.979328 0.946137 0.908763 0.858515 0.814967 0.771405 0.727827 0.68418 0.642265 0.603438 0.555776 0.525967 0.499233 0.477457 0.460814 0.449673 0.443896 0.441675 0.442706 0.446909 0.451937 0.457811 0.464897 0.471816 0.478344 0.49015 0.495972 0.500866 0.504487 0.50793 0.510065 0.498323 0.50216 0.505084 0.507142 0.508361 0.508941 0.508983 0.508719 0.508842 0.509841 0.511972 0.515369 0.520099 0.526164 0.533629 0.549474 0.560426 -9999
-9999 -9999 -9999 -9999 -9999 -9999 -9999 0.95296 0.957292 0.963833 0.992347 1.00019 1.00947 1.01934 1.02881 1.03445 1.04175 1.04217 1.03922 1.02434 1.0045 0.978881 0.945824 0.908162 0.858796 0.818386 0.77531 0.731932 0.688466 0.646691 0.607384 0.560257 0.529689 0.502075 0.479899 0.463079 0.451586 0.445845 0.444047 0.445454 0.447486 0.452576 0.458984 0.465683 0.47284 0.479451 0.490617 0.496615 0.501488 0.504988 0.508459 0.510285 0.498322 0.502143 0.505071 0.506917 0.508161 0.508725 0.509008 0.508702 0.508633 0.510049 0.512113 0.515411 0.52001 0.525893 0.533039 0.547452 0.55808 0.568828
-9999 -9999 -9999 -9999 -9999 -9999 -9999 -9999 0.961919 0.966929 0.994548 1.00098 1.00829 1.0164 1.02674 1.0319 1.03543 1.03572 1.0324 1.02452 0.997992 0.971313 0.939461 0.903897 0.855885 0.816859 0.775399 0.732906 0.69045 0.650278 0.612025 0.565019 0.53484 0.509199 0.487632 0.472795 0.460306 0.452651 0.449956 0.451798 0.456569 0.455923 0.461808 0.468061 0.474409 0.48042 0.492085 0.497164 0.502 0.505567 0.508532 0.510683 0.498136 0.501955 0.50458 0.506455 0.507709 0.509186 0.50904 0.508859 0.508903 0.509425 0.512916 0.516105 0.520509 0.526146 0.532966 0.547011 0.556567 0.567109
-9999 -9999 -9999 -9999 -9999 -9999 -9999 -9999 0.965483 0.969322 0.99662 1.0007 1.02231 1.01656 1.02087 1.0245 1.02663 1.02629 1.02218 1.01453 1.00226 0.973154 0.930547 0.897053 0.861094 0.81388 0.773381 0.733485 0.69342 0.655424 0.618797 0.571882 0.542905 0.518108 0.502326 0.485632 0.471828 0.463723 0.460306 0.461125 0.46515 0.471431 0.465217 0.471803 0.478161 0.483022 0.493892 0.49888 0.503121 0.506553 0.509244 0.511208 0.497727 0.501115 0.50399 0.509377 0.50884 0.509097 0.509127 0.509142 0.509364 0.510015 0.511312 0.513536 0.521425 0.526742 0.53316 0.546952 0.555871 0.565408
-9999 -9999 -9999 -9999 -9999 -9999 -9999 -9999 0.970282 0.972123 1.02278 1.02182 1.00981 1.01217 1.0146 1.0167 1.0171 1.0155 1.01071 1.00251 0.990651 0.973889 0.937951 0.907443 0.855246 0.808607 0.77147 0.734311 0.697367 0.660983 0.626119 0.580721 0.56255 0.53705 0.515463 0.498949 0.485595 0.477802 0.474442 0.473321 0.476362 0.481535 0.488366 0.476446 0.481174 0.487098 0.497213 0.501973 0.505303 0.508007 0.510242 0.511963 0.497363 0.506559 0.508232 0.507742 0.508537 0.508989 0.509243 0.509479 0.5099 0.510715 0.512096 0.514204 0.517464 0.521593 0.533433 0.546955 0.555201 0.564029
-9999 -9999 -9999 -9999 -9999 -9999 -9999 -9999 1.00077 1.02926 1.0258 1.00824 1.00771 1.00832 1.00873 1.00886 1.00785 1.00508 0.99976 0.991277 0.97963 0.963834 0.942126 0.899789 0.869207 0.823892 0.770673 0.735945 0.701433 0.684815 0.650144 0.60343 0.575186 0.550027 0.530147 0.514631 0.501258 0.493145 0.48917 0.48762 0.489389 0.494025 0.499626 0.505097 0.485989 0.490315 0.50057 0.504996 0.507862 0.509646 0.520581 0.521503 0.504196 0.506384 0.505984 0.507294 0.508221 0.508855 0.50933 0.50979 0.510411 0.511381 0.512839 0.514937 0.517811 0.522012 0.526855 0.540202 0.554386 0.562424
-9999 -9999 -9999 -9999 -9999 -9999 -9999 -9999 1.03652 1.03419 1.03007 1.00855 1.00644 1.00521 1.00397 1.00243 1.00008 0.99594 0.989685 0.980925 0.96883 0.953775 0.935658 0.911122 0.864608 0.82132 0.813886 0.779362 0.744608 0.710117 0.646093 0.616189 0.586822 0.56483 0.545786 0.53056 0.517929 0.509653 0.504757 0.502805 0.50402 0.507316 0.511516 0.514691 0.518758 0.494397 0.504967 0.516635 0.518881 0.520881 0.522382 0.523545 0.504392 0.503946 0.505597 0.506895 0.507889 0.508693 0.509348 0.510017 0.510823 0.511913 0.51343 0.515487 0.518198 0.521642 0.526622 0.539825 0.546458 0.555809
-9999 -9999 -9999 -9999 -9999 -9999 -9999 -9999 -9999 1.07526 1.04552 1.03947 1.03442 1.02989 1.0257 1.02159 1.01708 1.01159 1.00471 0.996116 0.985253 0.972 0.955465 0.93455 0.888105 0.845124 0.814992 0.782745 0.750549 0.719319 0.674028 0.638789 0.612434 0.589852 0.570544 0.55468 0.534951 0.526499 0.5211 0.518634 0.519468 0.527919 0.530884 0.533733 0.537198 0.507959 0.517597 0.519519 0.521443 0.523074 0.525052 0.502806 0.501721 0.503514 0.505341 0.506569 0.507564 0.508477 0.509291 0.51012 0.511059 0.512237 0.51377 0.516073 0.518724 0.52202 0.526905 0.540508 0.546751 0.553517
-9999 -9999 -9999 -9999 -9999 -9999 -9999 -9999 -9999 1.05697 1.05003 1.04302 1.03753 1.03207 1.02661 1.02146 1.016 1.00962 1.00194 0.99258 0.981623 0.968243 0.952213 0.932984 0.91068 0.844602 0.816606 0.78658 0.757156 0.728189 0.677645 0.6525 0.627794 0.60578 0.587488 0.572344 0.561326 0.551839 0.545999 0.542829 0.541068 0.541026 0.542513 0.543475 0.545672 0.54697 0.521388 0.52295 0.524435 0.525239 0.526845 0.503568 0.501987 0.503533 0.505206 0.506175 0.507215 0.508216 0.509169 0.510133 0.511207 0.512479 0.51406 0.516033 0.518472 0.521451 0.525032 0.530445 0.545843 0.551725
-9999 -9999 -9999 -9999 -9999 -9999 -9999 -9999 -9999 1.06248 1.05571 1.0484 1.04155 1.03595 1.02957 1.02319 1.01687 1.00973 1.00141 0.991391 0.980249 0.967101 0.9515 0.933685 0.912508 0.888673 0.818302 0.790982 0.763961 0.737386 0.687145 0.663104 0.640476 0.620426 0.60312 0.588623 0.576901 0.567619 0.561034 0.556295 0.553786 0.553052 0.552727 0.552406 0.553754 0.554006 0.553783 0.526224 0.526721 0.527345 0.528876 0.500606 0.501893 0.503311 0.504548 0.505757 0.506891 0.507872 0.508887 0.509907 0.511015 0.512292 0.513805 0.515643 0.517848 0.520552 0.523757 0.528102 0.543813 0.548825
-9999 -9999 -9999 -9999 -9999 -9999 -9999 -9999 -9999 1.06917 1.06216 1.05467 1.04772 1.04144 1.03433 1.02691 1.01965 1.01181 1.00264 0.992337 0.980778 0.967446 0.952191 0.934431 0.915211 0.892188 0.821353 0.795918 0.770526 0.719336 0.696224 0.67357 0.652596 0.633907 0.617028 0.602966 0.591351 0.58254 0.575379 0.569507 0.565523 0.562924 0.56169 0.560442 0.560002 0.559459 0.558887 0.528504 0.528895 0.529475 0.525318 0.500299 0.501714 0.503076 0.504284 0.505507 0.506559 0.507488 0.508494 0.509516 0.51061 0.511827 0.513242 0.514924 0.516889 0.519331 0.522271 0.525863 0.541879 0.545504
-9999 -9999 -9999 -9999 -9999 -9999 -9999 -9999 -9999 1.0775 1.07012 1.06256 1.05567 1.04904 1.04084 1.03271 1.02479 1.01619 1.00656 0.996307 0.983642 0.969519 0.95422 0.937451 0.919018 0.897581 0.85602 0.801404 0.777382 0.727084 0.705295 0.684113 0.663908 0.645566 0.629119 0.615257 0.603823 0.595309 0.588665 0.581732 0.576143 0.572339 0.569609 0.567987 0.566348 0.564927 0.563879 0.568224 0.53125 0.531347 0.499348 0.500779 0.501919 0.502991 0.504428 0.505524 0.50625 0.507054 0.508014 0.508984 0.510001 0.511124 0.512393 0.513906 0.515641 0.517677 0.52069 0.523663 0.537413 0.541761
-9999 -9999 -9999 -9999 -9999 -9999 -9999 -9999 -9999 1.08718 1.07997 1.07228 1.06523 1.05759 1.04916 1.04087 1.03223 1.02303 1.01287 1.0017 0.988931 0.974801 0.959368 0.942557 0.924262 0.904086 0.881488 0.807623 0.770456 0.734228 0.713363 0.692612 0.673046 0.654716 0.638736 0.625238 0.613721 0.604121 0.596823 0.591163 0.585607 0.580525 0.577331 0.57485 0.571954 0.56971 0.568036 0.566292 0.532537 0.527556 0.500338 0.501589 0.502443 0.502946 0.503983 0.505051 0.505703 0.506596 0.507466 0.508332 0.509243 0.510223 0.51131 0.512578 0.51408 0.516183 0.518406 0.521018 0.523228 0.537351
-9999 -9999 -9999 -9999 -9999 -9999 -9999 -9999 -9999 1.09822 1.09074 1.08308 1.07534 1.06739 1.05918 1.05128 1.04219 1.03265 1.02172 1.00981 0.996717 0.982084 0.966153 0.94935 0.930806 0.911039 0.888529 0.845644 0.761676 0.740387 0.720542 0.699517 0.679823 0.66188 0.646213 0.633462 0.621371 0.611468 0.603366 0.596924 0.592018 0.58701 0.583608 0.580064 0.576535 0.573598 0.571059 0.568818 0.57189 0.528017 0.501051 0.502202 0.50289 0.503378 0.503795 0.504605 0.505334 0.506117 0.506871 0.50761 0.508375 0.509194 0.510095 0.511119 0.512654 0.514396 0.516048 0.517956 0.519566 0.531402
