Test_Spring_2018b/11_17/Temp/20171115_007.txt
ncols	170
nrows	115
xllcorner	350000.000000
yllcorner	4445000.000000
cellsize	1000.000000
nodata_value	-9999.000000
[rows 32 to 63 of 115, columns 72 to 143 of 170]
12.6221 12.2913 12.8108 13.2895 13.0072 12.8196 13.6078 13.6106 13.3469 12.7235 12.4965 12.2609 12.1174 11.3164 9.06486 7.03518 8.12581 8.15347 7.4024 8.75396 8.04237 6.18354 3.5588 4.98751 4.61726 2.7558 2.29784 -9999 -9999 -9999 -9999 -9999 -9999 -9999 -9999 -9999 -9999 -9999 -9999 -9999 -9999 -9999 -9999 -9999 -9999 -9999 -9999 -9999 -9999 -9999 -9999 -9999 -9999 -9999 -9999 -9999 -9999 -9999 -9999 -9999 -9999 -9999 -9999 -9999 -9999 -9999 -9999 -9999 -9999 -9999 -9999 -9999
12.1848 12.0446 12.8151 12.8024 12.7575 13.0438 13.536 13.6356 13.5346 13.2642 13.0305 12.7816 12.146 11.2294 9.30279 6.99225 6.46972 7.60347 7.65956 7.84316 7.19484 6.38 5.10434 6.15154 6.55901 5.33345 3.7348 2.70791 -9999 -9999 -9999 -9999 -9999 -9999 -9999 -9999 -9999 -9999 -9999 -9999 -9999 -9999 -9999 -9999 -9999 -9999 -9999 -9999 -9999 -9999 -9999 -9999 -9999 -9999 -9999 -9999 -9999 -9999 -9999 -9999 -9999 -9999 -9999 -9999 -9999 -9999 -9999 -9999 -9999 -9999 -9999 -9999
11.6613 10.9205 11.3862 11.7368 12.3842 12.5638 12.6632 13.5813 13.5358 13.4962 13.1082 12.7984 12.2831 11.4011 10.1442 8.6303 5.99258 7.6222 8.89857 8.86766 8.7995 8.22913 7.00367 8.03159 8.08113 6.51625 4.74241 3.69661 3.26468 -9999 -9999 -9999 -9999 -9999 -9999 -9999 -9999 -9999 -9999 -9999 -9999 -9999 -9999 -9999 -9999 -9999 -9999 -9999 -9999 -9999 -9999 -9999 -9999 -9999 -9999 -9999 -9999 -9999 -9999 -9999 -9999 -9999 -9999 -9999 -9999 -9999 -9999 -9999 -9999 -9999 -9999 -9999
11.0649 10.1593 10.6279 11.2521 12.1333 12.593 12.9467 13.2235 13.5056 13.4755 13.0784 11.8998 11.7337 11.685 10.8637 9.13749 7.41339 6.96815 8.9143 9.47252 9.36074 9.79646 8.75859 9.25118 9.05115 8.49879 6.78771 5.23014 4.58569 3.3111 -9999 -9999 -9999 -9999 -9999 -9999 -9999 -9999 -9999 -9999 -9999 -9999 -9999 -9999 -9999 -9999 -9999 -9999 -9999 -9999 -9999 -9999 -9999 -9999 -9999 -9999 -9999 -9999 -9999 -9999 -9999 -9999 -9999 -9999 -9999 -9999 -9999 -9999 -9999 -9999 -9999 -9999
-9999 -9999 9.6006 10.4508 11.1575 12.0171 12.7645 13.1382 13.5013 13.4753 12.6788 12.2905 12.2589 11.7218 10.7733 10.1788 9.09399 7.96356 8.39787 10.0576 9.32166 10.4979 10.3999 10.6171 9.83312 8.34841 6.35965 5.20298 4.62662 3.59406 -9999 -9999 -9999 -9999 -9999 -9999 -9999 -9999 -9999 -9999 -9999 -9999 -9999 -9999 -9999 -9999 -9999 -9999 -9999 -9999 -9999 -9999 -9999 -9999 -9999 -9999 -9999 -9999 -9999 -9999 -9999 -9999 -9999 -9999 -9999 -9999 -9999 -9999 -9999 -9999 -9999 -9999
-9999 -9999 -9999 10.3056 10.8457 11.9947 12.5944 12.8382 13.4219 13.4264 13.1265 12.9007 12.5716 12.1407 11.4285 10.6423 9.62218 9.52945 10.5918 10.6066 10.3865 10.5621 11.1084 10.966 9.75155 7.65806 6.55078 4.29783 3.3342 3.4344 2.75189 -9999 -9999 -9999 -9999 -9999 -9999 -9999 -9999 -9999 -9999 -9999 -9999 5.39035 -9999 -9999 -9999 -9999 -9999 -9999 -9999 -9999 -9999 -9999 -9999 -9999 -9999 -9999 -9999 -9999 -9999 -9999 -9999 -9999 1.29342 -9999 -9999 -9999 -9999 -9999 -9999 -9999
-9999 -9999 10.2072 10.929 11.4898 12.2117 12.2848 12.7205 13.3914 13.4044 13.1928 12.953 12.41 12.2774 11.873 11.0192 10.8461 11.1949 11.3564 11.5391 11.6522 11.5631 11.3437 11.0597 10.2789 9.30721 8.65556 6.59583 5.55838 4.56401 3.05835 1.8809 -9999 -9999 -9999 -9999 -9999 -9999 -9999 4.60957 4.55509 4.58329 4.91526 5.82923 5.29425 -9999 -9999 -9999 -9999 -9999 -9999 -9999 -9999 -9999 -9999 -9999 -9999 -9999 -9999 -9999 -9999 -9999 -9999 -9999 2.12949 0.94294 -9999 -9999 -9999 -9999 -9999 -9999
-9999 -9999 10.413 11.1696 11.5497 12.2512 12.6544 12.924 13.159 13.3836 13.3497 13.0841 12.6783 12.6836 12.1228 11.8214 11.6066 12.0776 12.1721 11.9853 11.7507 11.5433 10.954 10.887 10.6974 10.0811 9.06879 8.02562 6.51767 4.47312 2.46821 0.851467 -9999 -9999 -9999 -9999 -9999 -9999 4.78971 5.54948 6.0052 5.04094 5.86729 6.62265 6.50347 5.77087 -9999 -9999 -9999 -9999 -9999 -9999 -9999 -9999 -9999 -9999 -9999 -9999 -9999 -9999 7.76669 6.55051 4.09293 2.83336 2.07774 0.998711 -9999 -9999 -9999 -9999 -9999 -9999
-9999 -9999 10.2725 11.1656 11.7722 12.3112 12.4014 12.9592 13.2005 13.3229 13.3123 13.2622 13.1899 12.7011 12.492 11.7514 12.464 12.4389 12.2606 11.55 11.2428 10.0215 9.48483 9.36723 10.3968 9.63826 8.0531 6.07121 3.69184 3.53515 2.74847 1.30377 -9999 -9999 -9999 -9999 -9999 -9999 5.03603 5.84855 6.52689 6.62686 5.66831 7.00948 6.95684 6.20817 6.03911 6.65489 6.96775 6.73664 7.46938 7.68605 7.3568 7.72195 -9999 -9999 -9999 -9999 7.94594 7.99611 8.03398 7.5275 4.84247 3.00861 1.36172 1.20921 -9999 -9999 -9999 -9999 -9999 -9999
-9999 -9999 10.8963 11.4482 11.7299 11.7799 12.2645 12.7533 13.051 13.2695 13.2298 13.2155 13.1999 13.0345 12.6463 12.7188 12.689 12.4627 11.1087 9.52785 10.2188 9.28134 7.27357 8.90873 9.80763 8.94797 7.02681 4.79899 4.07309 4.10233 3.00761 1.59835 -9999 -9999 -9999 2.82479 3.98798 4.09106 4.43526 5.51845 6.3427 6.96445 7.38796 7.37569 6.9298 6.1974 5.40133 5.68651 7.12157 7.47262 7.76575 7.99031 7.68489 7.84687 8.2323 8.43237 8.47434 8.38567 8.36629 8.39854 8.35343 7.88072 5.47964 4.10492 3.22773 1.46417 -9999 -9999 -9999 -9999 -9999 -9999
-9999 -9999 10.5609 11.0416 11.4321 12.0771 12.15 12.56 12.8092 13.1692 13.2133 12.7988 13.1473 13.1054 13.0432 12.9083 12.7093 11.5666 9.99074 8.41088 7.68212 7.99588 6.78757 7.40995 8.32074 7.99107 6.81276 4.82824 4.55012 4.0919 2.24708 0.473773 -9999 -9999 0.581776 2.81178 4.38256 5.19373 5.44624 5.47199 6.51004 6.59275 7.70992 7.44971 5.97349 6.14037 5.56728 5.94035 6.46654 6.61231 7.36974 8.09709 8.23671 8.24219 8.48851 8.5408 8.55563 8.5509 8.3867 8.46333 8.47553 8.18084 6.44049 5.59168 4.65667 1.49916 -9999 -9999 -9999 -9999 -9999 -9999
-9999 -9999 10.8131 11.35 11.9376 12.0373 12.4742 12.4361 12.3224 12.9284 13.1514 12.8599 12.6507 13.0448 13.02 12.97 12.8861 11.8122 10.569 8.68616 7.51663 6.80311 6.29587 5.61757 6.08588 5.94442 5.7545 5.97647 5.43312 4.34698 3.26921 1.24857 0.157875 -9999 0.713117 1.72075 3.58854 5.17602 6.1843 5.82402 7.00415 7.22404 7.90508 7.50689 6.61036 6.22498 6.19172 6.07526 6.87062 7.40644 7.78453 8.03845 8.3525 8.43467 8.51718 8.55289 8.57311 8.59323 8.59047 8.58509 8.55037 8.43965 7.63932 6.79234 4.96135 1.61526 -9999 -9999 -9999 -9999 -9999 -9999
-9999 9.26651 10.7613 11.6584 12.0091 12.2639 12.4892 12.6538 12.8296 12.9911 13.1029 13.0597 12.2817 12.3482 12.4909 12.9362 12.9061 12.8102 12.1308 9.8395 9.04909 7.89184 6.39364 5.76803 6.0825 7.31293 7.25976 6.44782 5.54291 4.29224 3.49704 2.25997 -0.118228 0.0980603 1.1719 1.97148 3.2416 5.18164 6.54199 7.14975 7.38005 7.85863 8.10792 7.56043 7.03914 6.82096 6.41628 6.36036 6.365 6.84644 7.22198 8.05721 8.33962 8.46848 8.5364 8.57399 8.60171 8.62867 8.63876 8.62367 8.62497 8.61851 8.55989 7.43178 4.60919 2.4832 -9999 -9999 -9999 -9999 -9999 -9999
-9999 -9999 10.4953 10.893 11.0012 11.1866 11.5603 11.9901 12.5998 12.6821 13.0176 13.0205 12.3501 11.5754 12.255 12.5259 12.8062 12.8157 12.7291 10.8034 9.7965 9.00398 7.56739 8.08683 8.58072 8.61965 8.32417 6.58118 4.84544 2.84473 0.974925 0.887565 -0.117383 0.416965 1.12716 2.94667 4.22766 4.74819 5.12236 7.09403 7.60766 7.78377 8.28885 7.60176 7.42727 6.91127 7.06605 7.02223 7.02689 5.59701 7.03517 7.1226 8.06106 8.48479 8.58167 8.61028 8.64031 8.64669 8.65358 8.65025 8.66019 8.64643 8.63015 7.89664 4.31797 2.52057 -9999 -9999 -9999 -9999 -9999 -9999
-9999 -9999 -9999 -9999 10.6407 10.9459 11.1438 11.4818 12.5078 12.7869 12.9737 12.9934 12.6969 11.9301 11.7298 11.8728 11.1233 11.7525 12.6131 12.5925 12.489 10.7963 9.93086 10.7707 10.5171 9.24555 8.24541 7.25855 5.2261 3.73975 1.59657 -0.0122086 -0.0706884 1.70941 3.18796 5.02914 5.84267 5.38276 5.88473 6.86425 7.97686 8.51521 8.38921 7.66484 7.56295 6.76675 7.55132 7.61985 7.25729 6.94445 7.07173 7.53722 7.71653 8.45139 8.63136 8.66487 8.67294 8.67798 8.67637 8.67317 8.66453 8.65684 8.64627 8.61268 4.93404 2.07159 -9999 -9999 -9999 -9999 -9999 -9999
-9999 -9999 -9999 -9999 9.94431 10.1327 10.618 11.8545 12.507 12.7723 12.7683 12.8929 12.6849 12.0108 11.318 10.6643 9.82031 10.3052 11.5855 12.3405 12.427 10.9433 11.7166 11.4285 10.8596 9.19626 7.97104 7.32251 5.37138 3.70213 2.27703 0.308597 1.15376 2.08434 3.27897 5.28738 6.64319 7.20121 6.73598 7.36292 8.64306 8.6511 7.95236 7.99867 7.57217 6.48377 7.6191 7.93974 7.68429 7.7531 7.65907 7.83398 8.15064 8.45374 8.65617 8.68567 8.69092 8.68639 8.68754 8.68911 8.67541 8.67653 8.66592 8.64668 6.27198 2.02807 -9999 -9999 -9999 -9999 -9999 -9999
-9999 -9999 -9999 -9999 -9999 9.31771 10.4171 12.0566 12.4701 12.4383 12.7803 12.8137 12.4925 12.2135 11.3721 10.221 8.0076 8.57317 9.75179 11.4507 12.3439 12.2243 11.7286 10.8673 8.78166 6.95683 6.7368 6.4398 5.01648 3.73175 2.14715 3.06877 4.07818 5.18229 5.76347 5.61532 6.77736 7.72492 7.325 8.09379 8.9902 8.58514 8.3459 8.14528 7.65243 7.62377 7.67655 8.32219 7.87849 8.15452 8.16335 8.15061 8.30607 8.48466 8.67208 8.70484 8.70745 8.71239 8.69236 8.70085 8.69074 8.68038 8.67062 8.65407 8.4387 6.15218 4.78592 -9999 -9999 -9999 -9999 -9999
-9999 -9999 -9999 -9999 -9999 8.3191 8.87043 10.8109 11.4162 12.276 12.7345 12.7597 12.2148 11.9122 10.6573 10.2514 8.20411 7.27795 8.06634 7.76595 10.105 12.175 11.7256 7.55015 6.03879 4.96141 5.24039 5.24507 4.85053 2.66106 2.05881 4.02477 5.26354 6.22387 6.95287 7.10637 7.08347 8.56463 8.76269 9.24462 9.14125 9.18676 8.44088 7.97968 8.38296 7.9185 7.84039 8.50736 7.85412 8.44898 8.38101 8.20584 8.19938 8.59261 8.67437 8.71851 8.72311 8.70966 8.69146 8.68111 8.69435 8.6887 8.66703 8.66791 8.64634 8.37334 7.1904 6.77703 7.23537 -9999 -9999 -9999
-9999 -9999 -9999 -9999 -9999 -9999 7.07627 9.77046 11.0066 11.6569 12.5701 12.6839 12.3961 11.8702 10.5917 9.46723 7.63736 5.54696 4.4406 7.75798 10.6454 12.1529 11.956 8.48068 7.1101 7.04821 7.85827 7.17852 6.66367 5.00076 4.50506 3.8152 4.2442 5.58179 6.67452 7.72883 8.49577 8.56003 9.05801 9.34425 9.36876 9.45907 9.37225 9.30162 8.58062 9.07977 8.65889 8.8849 8.74262 8.61464 8.50455 8.09493 8.38905 8.64983 8.71897 8.74143 8.72784 8.72591 8.71637 8.69324 8.68259 8.68125 8.6789 8.66561 8.66524 8.65146 8.51887 7.80735 6.85491 5.65174 -9999 -9999
-9999 -9999 -9999 -9999 -9999 -9999 5.74287 8.42368 9.72062 11.3848 12.244 12.5941 12.5518 12.1262 11.1554 9.69249 8.4738 6.14013 3.71673 7.19945 10.3013 11.9759 12.066 9.14566 9.95733 9.30455 9.57073 8.37447 7.87898 7.48911 6.63097 5.69239 4.66521 4.12262 6.57359 7.83309 8.84689 9.32574 9.59698 9.73296 9.66264 9.47865 8.39222 9.22231 9.17763 9.09633 9.00315 8.95908 8.87523 8.77631 8.71853 8.69987 8.42875 8.74171 8.73627 8.74247 8.74573 8.73917 8.725 8.71249 8.69653 8.69738 8.68595 8.67533 8.66792 8.66336 8.65464 8.6157 8.42695 6.81113 5.845 5.57364
-9999 -9999 -9999 -9999 -9999 -9999 1.99311 5.89042 9.02744 10.6655 11.9986 12.3677 12.5075 11.9354 11.508 10.46 9.46734 7.93471 5.63804 4.22442 6.83299 10.6228 12.0204 11.9128 11.8272 11.0722 10.3922 10.3083 10.362 9.57186 8.41735 6.90809 6.43809 5.91052 7.73655 7.98591 7.85443 9.86141 9.86739 9.75465 8.98849 8.13179 8.29604 7.76401 8.17076 7.53805 8.12228 8.62771 8.81773 8.80419 8.7391 8.73351 8.70556 8.76071 8.76178 8.75495 8.74997 8.74784 8.74153 8.71916 8.70664 8.71557 8.70016 8.68861 8.67541 8.67334 8.66916 8.64046 8.61452 8.36649 7.99348 7.2808
-9999 -9999 -9999 -9999 -9999 -9999 2.17038 5.45265 8.23373 9.90281 11.5078 11.8829 12.4264 12.3127 11.8648 10.9541 9.81554 8.55453 6.58449 5.1206 6.86498 9.38313 11.1858 11.8329 11.8274 11.786 11.6168 11.5482 11.3512 11.213 10.3856 8.95903 8.15438 6.97575 9.0104 9.24026 8.9239 9.93982 9.8902 8.3572 7.17871 7.03278 7.75479 7.07153 6.95054 6.52386 7.00679 8.29893 7.92457 8.00079 8.58745 8.68583 8.74844 8.76697 8.76473 8.76369 8.75536 8.7583 8.76098 8.73906 8.72924 8.72462 8.70284 8.69911 8.68403 8.67249 8.66033 8.64513 8.62162 8.55151 8.47585 8.55656
-9999 -9999 -9999 -9999 -9999 -9999 2.24554 4.45621 6.95913 9.41482 11.1284 11.8215 12.3268 12.3242 11.8032 11.3516 10.6385 9.52941 8.76903 7.44771 5.63373 8.67898 9.61579 10.4503 10.8027 11.6728 11.6535 11.2577 10.7974 11.2281 11.1028 9.97479 9.60515 8.97964 10.112 10.1163 10.0864 10.0271 8.73224 6.93184 5.49297 6.53029 6.31489 6.79322 5.31889 6.53417 7.51138 7.82937 7.16612 6.67571 8.19875 8.45156 8.60331 8.70119 8.76608 8.75256 8.76973 8.76226 8.75911 8.75534 8.74323 8.7361 8.72352 8.71053 8.69785 8.68817 8.6714 8.6522 8.65129 8.61181 8.5977 8.58387
-9999 -9999 -9999 -9999 -9999 -9999 -9999 3.16512 6.33568 9.16758 10.7457 11.7391 12.2245 12.2184 11.9531 11.6471 11.2056 10.4059 9.40073 7.81141 6.63197 7.38322 8.3014 8.40589 9.01598 10.782 11.3865 10.5343 8.42545 9.67254 11.0645 11.0437 10.9268 10.7958 10.6259 10.4744 10.1409 9.24529 6.49861 5.96074 4.88404 5.00778 4.45603 5.66666 5.21434 6.45637 6.99538 7.19971 6.05384 6.29783 7.64633 8.18158 8.0947 8.42392 8.73668 8.74876 8.75944 8.75296 8.76116 8.76496 8.76093 8.74948 8.74014 8.73346 8.70864 8.7112 8.60979 8.54418 8.41043 8.5779 8.59478 8.6029
-9999 -9999 -9999 -9999 -9999 -9999 -9999 2.54167 5.70667 9.0409 10.1137 11.1843 12.1085 12.1291 11.7224 11.3355 10.9368 10.4824 9.26296 8.08046 6.95159 6.5738 6.8033 6.78896 7.77493 10.0752 10.522 10.3341 8.1304 7.38548 9.24443 10.807 10.9316 10.7917 8.95646 9.34931 8.35994 7.01751 6.64911 6.06232 4.82068 5.42039 4.51123 4.90293 4.7995 5.50516 5.84993 6.6891 5.69064 5.69653 7.02055 7.6899 7.70843 8.41095 8.66264 8.72998 8.74831 8.76192 8.76667 8.77937 8.77453 8.76577 8.75362 8.72159 8.64323 8.3987 7.07004 7.07285 7.43882 7.78528 8.4136 8.59123
-9999 -9999 -9999 -9999 -9999 -9999 -9999 2.91427 5.11147 8.0702 10.2626 10.4031 11.4703 12.0223 11.5798 11.0812 10.5708 10.3487 9.02154 7.56345 6.38571 4.99132 5.22312 6.22745 7.87056 9.35704 9.62437 9.31936 8.13931 8.69949 9.96778 10.642 10.842 10.6875 10.2891 10.0596 9.33141 9.01668 8.00472 6.42155 5.79884 6.19555 4.51466 4.63361 5.25709 4.59721 5.68805 6.21084 4.92103 5.94743 7.11952 7.71966 8.24464 8.49415 8.59478 8.74805 8.75396 8.76856 8.7773 8.77685 8.77845 8.75551 8.73671 8.59699 8.39015 7.15233 6.63647 6.73904 7.31317 7.81611 8.34127 8.55752
-9999 -9999 -9999 -9999 -9999 -9999 -9999 3.29504 5.27345 7.83914 9.403 9.68513 10.8682 11.9202 11.8054 11.2865 11.13 10.5919 9.46665 8.22354 6.86459 6.20491 4.68586 6.1852 7.37346 8.63257 9.22262 8.25361 7.7675 8.63298 9.49343 9.83814 10.7071 10.7006 10.4196 9.20266 8.61006 8.86283 8.60909 8.16353 7.07426 7.02714 6.32791 6.03912 5.76644 4.87669 5.44611 5.50438 5.65946 6.89158 7.50242 7.90807 8.27724 8.37557 8.5372 8.74636 8.76652 8.77582 8.77668 8.78229 8.76869 8.71132 8.66312 8.38068 7.8795 6.94307 5.42386 6.49662 7.61834 7.95389 8.28017 8.45077
-9999 -9999 -9999 -9999 -9999 -9999 -9999 2.96537 5.06668 7.25977 8.17833 8.33657 10.4754 11.7859 11.7905 11.5457 11.2593 9.92724 10.0076 9.74275 8.51713 6.73097 4.76908 4.95523 6.12714 7.79106 8.34235 6.73859 6.1728 6.59204 7.89221 9.05624 10.2716 10.5815 10.2272 8.33189 6.31765 7.25428 8.25493 8.25098 7.95943 6.94936 6.62965 6.34036 5.60377 4.35403 4.53945 4.88845 6.28673 6.73041 7.41499 7.98388 7.77193 7.89888 8.44326 8.75642 8.77004 8.77743 8.78946 8.78403 8.7671 8.65131 8.52853 8.32136 7.01255 6.1992 5.01453 6.39476 7.15992 7.56712 8.29581 8.47072
-9999 -9999 -9999 -9999 -9999 -9999 -9999 2.32272 3.84833 5.94452 6.79095 8.13934 10.1606 11.1559 11.6342 11.626 11.4359 10.8406 10.4835 9.7777 8.50269 6.75853 4.81949 3.55785 4.20217 6.43987 6.97009 5.4913 4.73976 5.67965 7.06511 9.11572 10.2881 10.4479 10.3437 9.95419 8.48407 6.7075 6.7152 7.60873 6.86411 5.99838 6.47699 6.39026 5.66301 5.13444 4.81164 5.01477 5.81256 6.14357 6.9341 8.10008 8.26867 8.2375 8.72952 8.75592 8.76922 8.78954 8.79073 8.78794 8.77489 8.68081 8.46799 7.59743 6.83841 5.78185 5.65244 6.88068 7.41919 7.91931 8.2776 8.39541
-9999 -9999 -9999 -9999 -9999 -9999 -9999 1.21132 3.00561 4.96933 6.80813 8.54786 10.0454 10.1634 10.9543 10.9556 11.3709 11.2547 10.703 10.1089 9.01068 6.7696 4.88543 2.83038 3.3746 5.65489 5.95659 4.96582 3.13392 5.02893 7.11856 9.01258 10.0387 9.23725 10.062 9.99606 9.44627 8.38937 6.74511 6.77792 5.5461 5.49407 6.12919 6.33642 6.2325 5.83615 5.20079 5.31193 5.79666 5.92146 6.64808 7.55297 8.4377 8.58791 8.75817 8.76728 8.77188 8.78748 8.79105 8.77441 8.73095 8.63253 7.90307 7.0352 6.50114 5.76551 5.67758 7.09476 7.66052 7.97501 8.28483 8.40811
-9999 -9999 -9999 -9999 -9999 -9999 -9999 -9999 2.82891 4.85743 6.35909 6.7653 8.09667 8.81661 9.37419 9.49949 11.0861 11.1756 10.8266 10.2811 9.34474 7.64467 6.46073 4.48963 3.07335 3.65712 3.93329 4.45611 4.30408 5.15011 7.15817 9.25017 9.47983 8.15353 8.35181 8.6313 9.25566 8.94142 6.70039 5.56262 4.61846 5.29194 6.00033 6.17296 6.20879 6.074 5.91635 5.64743 6.59442 7.29557 7.45942 8.07103 8.52306 8.6492 8.74471 8.75813 8.77176 8.77382 8.74945 8.73227 8.62108 8.36962 7.55352 5.58842 5.68188 5.47072 4.86046 6.24479 7.11727 7.89991 8.31655 8.42533
-9999 -9999 -9999 -9999 -9999 -9999 -9999 -9999 2.16147 4.50802 5.00571 4.97142 4.19781 4.55738 7.43652 8.018 9.53972 10.9807 10.8771 10.342 9.46603 8.45432 6.88684 4.66979 2.90852 2.1682 4.06673 5.93247 6.31883 6.91534 8.14641 8.38163 7.02607 5.75498 6.47112 6.90312 8.54465 8.84555 8.5284 7.17874 5.63536 4.83043 5.78396 5.91271 5.97131 5.98407 5.95531 5.91619 6.985 7.57636 7.98709 8.21148 8.59981 8.7005 8.73398 8.76563 8.76052 8.74247 8.6833 8.61574 8.31183 7.94351 6.60569 5.49058 4.79582 3.91344 5.90734 6.49944 7.31929 7.84948 8.26394 8.35606
