Test_Spring_2018b/11_17/Temp/20171101_000.txt
ncols	170
nrows	115
xllcorner	350000.000000
yllcorner	4445000.000000
cellsize	1000.000000
nodata_value	-9999.000000
[rows 31 to 61 of 115, columns 71 to 141 of 170]
9.42647 9.69836 9.16863 9.21591 10.4729 10.7558 10.7331 10.6247 10.5011 9.89958 9.69545 9.22029 8.38649 8.03391 6.55364 1.77939 3.12262 3.64356 2.25385 3.01803 4.26625 3.16443 -0.0897101 -1.49597 -3.75606 -3.04329 -3.71702 -5.53749 -9999 -9999 -9999 -9999 -9999 -9999 -9999 -9999 -9999 -9999 -9999 -9999 -9999 -9999 -9999 -9999 -9999 -9999 -9999 -9999 -9999 -9999 -9999 -9999 -9999 -9999 -9999 -9999 -9999 -9999 -9999 -9999 -9999 -9999 -9999 -9999 -9999 -9999 -9999 -9999 -9999 -9999 -9999
9.15148 9.11386 8.60357 9.37884 10.0926 9.66207 9.37174 10.5532 10.5487 10.1412 9.18994 8.83769 8.47234 8.24608 7.0259 3.61285 0.535086 2.17372 2.2056 1.06037 3.09344 2.00807 -0.811261 -4.78811 -2.6378 -3.20649 -6.00655 -6.70311 -9999 -9999 -9999 -9999 -9999 -9999 -9999 -9999 -9999 -9999 -9999 -9999 -9999 -9999 -9999 -9999 -9999 -9999 -9999 -9999 -9999 -9999 -9999 -9999 -9999 -9999 -9999 -9999 -9999 -9999 -9999 -9999 -9999 -9999 -9999 -9999 -9999 -9999 -9999 -9999 -9999 -9999 -9999
8.705 8.4352 8.21305 9.36784 9.33882 9.26874 9.6931 10.4268 10.5685 10.4067 9.98891 9.62638 9.24079 8.27047 6.87543 3.95352 0.451238 -0.348396 1.35551 1.43052 1.69836 0.708824 -0.532264 -2.46977 -0.895987 -0.289058 -2.13663 -4.54811 -6.10474 -9999 -9999 -9999 -9999 -9999 -9999 -9999 -9999 -9999 -9999 -9999 -9999 -9999 -9999 -9999 -9999 -9999 -9999 -9999 -9999 -9999 -9999 -9999 -9999 -9999 -9999 -9999 -9999 -9999 -9999 -9999 -9999 -9999 -9999 -9999 -9999 -9999 -9999 -9999 -9999 -9999 -9999
8.03166 7.62591 6.49605 7.19017 7.71034 8.6894 8.94834 9.0896 10.4683 10.3903 10.3212 9.72533 9.24743 8.45896 7.11602 5.20638 2.90823 -1.08857 1.36498 3.28467 3.22846 3.11606 2.24469 0.383265 1.92804 1.99407 -0.361476 -3.03854 -4.62775 -5.28916 -9999 -9999 -9999 -9999 -9999 -9999 -9999 -9999 -9999 -9999 -9999 -9999 -9999 -9999 -9999 -9999 -9999 -9999 -9999 -9999 -9999 -9999 -9999 -9999 -9999 -9999 -9999 -9999 -9999 -9999 -9999 -9999 -9999 -9999 -9999 -9999 -9999 -9999 -9999 -9999 -9999
7.09675 6.70607 5.32729 6.02589 6.95981 8.28552 8.97656 9.50024 9.9094 10.3265 10.2716 9.66173 7.87054 7.60962 7.5262 6.27495 3.65584 1.04006 0.357449 3.28969 4.12416 3.94604 4.59564 3.01797 3.75377 3.44272 2.60528 0.0263567 -2.32736 -3.31003 -5.24535 -9999 -9999 -9999 -9999 -9999 -9999 -9999 -9999 -9999 -9999 -9999 -9999 -9999 -9999 -9999 -9999 -9999 -9999 -9999 -9999 -9999 -9999 -9999 -9999 -9999 -9999 -9999 -9999 -9999 -9999 -9999 -9999 -9999 -9999 -9999 -9999 -9999 -9999 -9999 -9999
-9999 -9999 -9999 4.45506 5.73424 6.79079 8.08849 9.20698 9.76265 10.302 10.2531 9.03933 8.44252 8.38483 7.56288 6.11931 5.21076 3.56136 1.84315 2.49029 4.98998 3.86857 5.63769 5.48093 5.80071 4.60722 2.36287 -0.638213 -2.38603 -3.26579 -4.83533 -9999 -9999 -9999 -9999 -9999 -9999 -9999 -9999 -9999 -9999 -9999 -9999 -9999 -9999 -9999 -9999 -9999 -9999 -9999 -9999 -9999 -9999 -9999 -9999 -9999 -9999 -9999 -9999 -9999 -9999 -9999 -9999 -9999 -9999 -9999 -9999 -9999 -9999 -9999 -9999
-9999 -9999 -9999 -9999 5.49711 6.30189 8.02949 8.93204 9.29133 10.1642 10.1612 9.69799 9.34658 8.83891 8.17743 7.09079 5.89249 4.34078 4.19115 5.7878 5.80111 5.45975 5.71663 6.53401 6.31054 4.47295 1.30218 -0.379585 -3.77178 -5.23689 -5.09427 -6.13501 -9999 -9999 -9999 -9999 -9999 -9999 -9999 -9999 -9999 -9999 -9999 -9999 -2.25892 -9999 -9999 -9999 -9999 -9999 -9999 -9999 -9999 -9999 -9999 -9999 -9999 -9999 -9999 -9999 -9999 -9999 -9999 -9999 -9999 -8.6058 -9999 -9999 -9999 -9999 -9999
-9999 -9999 -9999 5.33572 6.41914 7.25804 8.34021 8.44883 9.09594 10.1004 10.1102 9.78016 9.40741 8.57632 8.3654 7.74388 6.4433 6.17188 6.68966 6.92471 7.19214 7.35453 7.21164 6.87197 6.43479 5.25433 3.77798 2.78516 -0.323669 -1.89234 -3.40424 -5.68934 -7.47862 -9999 -9999 -9999 -9999 -9999 -9999 -9999 -3.42851 -3.51866 -3.4834 -2.98861 -1.61379 -2.42893 -9999 -9999 -9999 -9999 -9999 -9999 -9999 -9999 -9999 -9999 -9999 -9999 -9999 -9999 -9999 -9999 -9999 -9999 -9999 -7.36104 -9.16374 -9999 -9999 -9999 -9999
-9999 -9999 -9999 5.62998 6.76535 7.33139 8.38302 8.9834 9.38621 9.73183 10.0613 9.99974 9.58776 8.96372 8.96101 8.10299 7.63714 7.3026 8.00525 8.13899 7.84817 7.48522 7.16376 6.26539 6.15649 5.86979 4.93108 3.39336 1.80875 -0.459491 -3.55882 -6.59869 -9.05219 -9999 -9999 -9999 -9999 -9999 -9999 -3.16706 -2.02684 -1.34567 -2.81035 -1.56803 -0.432672 -0.618997 -1.72659 -9999 -9999 -9999 -9999 -9999 -9999 -9999 -9999 -9999 -9999 -9999 -9999 -9999 -9999 1.17733 -0.670174 -4.39396 -6.3068 -7.45786 -9.09783 -9999 -9999 -9999 -9999
-9999 -9999 -9999 5.39986 6.742 7.65084 8.45712 8.5845 9.41545 9.77759 9.95249 9.92596 9.83944 9.71911 8.96934 8.64274 7.51278 8.58012 8.53268 8.25434 7.17184 6.69943 4.84582 4.02723 3.84906 5.39854 4.24516 1.84197 -1.16125 -4.75914 -4.99351 -6.19209 -8.38575 -9999 -9999 -9999 -9999 -9999 -9999 -2.81376 -1.59377 -0.57597 -0.431816 -1.88717 0.134012 0.0539972 -1.08309 -1.3442 -0.419268 0.0473876 -0.300596 0.806947 1.1258 0.618856 1.16104 -9999 -9999 -9999 -9999 1.44864 1.51475 1.56258 0.787875 -3.27957 -6.06028 -8.55833 -8.79493 -9999 -9999 -9999 -9999
-9999 -9999 -9999 6.32522 7.15215 7.57027 7.63763 8.36134 9.08825 9.53513 9.85498 9.78414 9.75155 9.71672 9.45552 8.85782 8.95669 8.90165 8.55012 6.49445 4.09657 5.13313 3.70944 0.667653 3.13894 4.49142 3.18559 0.274904 -3.09974 -4.19846 -4.15271 -5.81702 -7.95733 -9999 -9999 -9999 -6.14638 -4.39838 -4.25223 -3.74095 -2.11196 -0.873647 0.0599432 0.693962 0.670785 -0.00456013 -1.11657 -2.32497 -1.89931 0.263977 0.788149 1.23833 1.56909 1.09804 1.3312 1.9035 2.19541 2.24826 2.10377 2.06422 2.10304 2.02524 1.30143 -2.33456 -4.4211 -5.75551 -8.43357 -9999 -9999 -9999 -9999
-9999 -9999 -9999 5.8055 6.52517 7.1079 8.07134 8.17293 8.78328 9.14795 9.68731 9.74286 9.10507 9.62025 9.54548 9.44027 9.22551 8.91453 7.17763 4.7868 2.39054 1.28133 1.74811 -0.0850053 0.855212 2.22588 1.72331 -0.062722 -3.06945 -3.49745 -4.19324 -6.98267 -9.67357 -9999 -9999 -9.54363 -6.18385 -3.82006 -2.60382 -2.23124 -2.20061 -0.639008 -0.520705 1.16187 0.763699 -1.46904 -1.22155 -2.09048 -1.53149 -0.742447 -0.528411 0.615719 1.7128 1.91443 1.91267 2.2745 2.34278 2.35437 2.33651 2.07788 2.18364 2.19241 1.73768 -0.901897 -2.19363 -3.61396 -8.40043 -9999 -9999 -9999 -9999
-9999 -9999 -9999 6.17084 6.97573 7.85669 7.99946 8.65104 8.58083 8.39717 9.30286 9.63338 9.18119 8.85314 9.43704 9.38809 9.30151 9.16426 7.53138 5.64339 2.78933 1.01408 -0.0716971 -0.844799 -1.8685 -1.16632 -1.38607 -1.67944 -1.3507 -2.17722 -3.82236 -5.46084 -8.51839 -10.1783 -9999 -9.36212 -7.85037 -5.03796 -2.64852 -1.1337 -1.68658 0.089885 0.415749 1.4397 0.832835 -0.523274 -1.10994 -1.16486 -1.34583 -0.148995 0.657374 1.22795 1.60358 2.07409 2.18814 2.30219 2.34519 2.36468 2.38416 2.36933 2.35097 2.28871 2.11204 0.893361 -0.394378 -3.17032 -8.2413 -9999 -9999 -9999 -9999
-9999 -9999 3.81925 6.07637 7.42624 7.94954 8.32698 8.65893 8.89827 9.15196 9.38304 9.54109 9.46753 8.27945 8.36795 8.57187 9.23372 9.17768 9.02294 7.98731 4.51582 3.31334 1.55961 -0.710944 -1.657 -1.18695 0.667381 0.581081 -0.652658 -2.02755 -3.92163 -5.13081 -7.01082 -10.6114 -10.2964 -8.68514 -7.48823 -5.57952 -2.65741 -0.610553 0.299779 0.640584 1.35766 1.72912 0.897705 0.108791 -0.225045 -0.840906 -0.92993 -0.92787 -0.205694 0.360792 1.61778 2.03576 2.22434 2.31619 2.36183 2.39245 2.42203 2.42642 2.3932 2.38527 2.36611 2.26932 0.555683 -3.72269 -6.94922 -9999 -9999 -9999 -9999
-9999 -9999 -9999 5.65877 6.25408 6.41114 6.68389 7.24022 7.88057 8.79022 8.9038 9.39955 9.3908 8.36747 7.1842 8.19943 8.59744 9.01052 9.01511 8.87524 5.95757 4.42879 3.2247 1.04754 1.83243 2.57406 2.62772 2.17549 -0.465295 -3.09576 -6.12367 -8.95899 -9.10085 -10.6293 -9.82991 -8.76866 -6.03038 -4.10551 -3.32927 -2.77321 0.198669 0.967648 1.22861 1.98694 0.943922 0.679481 -0.104114 0.126079 0.0557552 0.0582506 -2.10826 0.0644269 0.189064 1.59919 2.23182 2.37007 2.402 2.43592 2.4342 2.43356 2.41794 2.42292 2.39307 2.35732 1.23952 -4.17866 -6.90823 -9999 -9999 -9999 -9999
-9999 -9999 -9999 -9999 -9999 5.85165 6.30563 6.59636 7.09794 8.63698 9.0481 9.31889 9.33669 8.87625 7.70538 7.39046 7.59493 6.45121 7.39309 8.68509 8.64626 8.48307 5.91853 4.60928 5.87419 5.48609 3.55923 2.04213 0.544521 -2.53426 -4.78472 -8.03319 -10.4747 -10.5736 -7.89404 -5.66888 -2.89807 -1.68001 -2.38591 -1.63681 -0.164284 1.51041 2.3182 2.12277 1.02358 0.86908 -0.337752 0.8447 0.944533 0.392269 -0.085455 0.10581 0.80213 1.06494 2.16659 2.42871 2.4703 2.47089 2.46701 2.45334 2.43776 2.41374 2.3921 2.36653 2.30657 -3.2628 -7.60207 -9999 -9999 -9999 -9999
-9999 -9999 -9999 -9999 -9999 4.78493 5.06238 5.78761 7.64737 8.62177 9.0121 8.99447 9.1708 8.84413 7.81273 6.75361 5.7538 4.46727 5.19037 7.11695 8.25057 8.37459 6.12595 7.29379 6.85377 5.98945 3.47044 1.61326 0.627198 -2.32851 -4.85544 -7.01841 -10.0035 -8.73656 -7.34106 -5.54686 -2.52237 -0.48474 0.347977 -0.36493 0.574348 2.50225 2.50847 1.44733 1.51315 0.868063 -0.780295 0.932546 1.41365 1.02351 1.12288 0.97969 1.23698 1.70757 2.15672 2.45287 2.48693 2.48415 2.46569 2.45609 2.44724 2.41586 2.40733 2.38154 2.34309 -1.25542 -7.6828 -9999 -9999 -9999 -9999
-9999 -9999 -9999 -9999 -9999 -9999 3.81684 5.47036 7.93912 8.55231 8.49345 8.99892 9.03737 8.53955 8.10557 6.82158 5.07 1.7135 2.55857 4.33139 6.89173 8.2351 8.04827 7.29787 5.99141 2.83443 0.0713863 -0.266357 -0.721015 -2.87884 -4.82454 -7.22854 -5.84514 -4.32985 -2.67202 -1.80506 -2.04069 -0.295821 1.1256 0.511397 1.66501 3.0128 2.39453 2.02788 1.72039 0.974989 0.92848 1.00501 1.97742 1.3028 1.71551 1.72787 1.70164 1.9287 2.18979 2.46336 2.50241 2.4953 2.49131 2.44956 2.4512 2.42507 2.39903 2.37431 2.33974 2.00498 -1.46378 -3.53839 -9999 -9999 -9999
-9999 -9999 -9999 -9999 -9999 -9999 2.29404 3.119 6.04264 6.9458 8.23464 8.91623 8.94231 8.10651 7.63727 5.72801 5.1029 1.99744 0.587844 1.77075 1.3089 4.83763 7.96034 7.27981 0.96386 -1.32527 -2.95863 -2.54216 -2.54086 -3.14367 -6.45685 -7.37593 -4.41389 -2.5518 -1.11122 -0.0207263 0.199725 0.15353 2.38117 2.67152 3.39146 3.22792 3.29054 2.1579 1.45635 2.06535 1.35995 1.23849 2.24304 1.25162 2.14624 2.04256 1.77088 1.75328 2.33892 2.4529 2.50925 2.50512 2.47342 2.43419 2.40775 2.41682 2.39772 2.3548 2.34638 2.30434 1.87894 0.081286 -0.552894 0.13074 -9999
-9999 -9999 -9999 -9999 -9999 -9999 -9999 0.393854 4.45678 6.31326 7.28553 8.65456 8.81466 8.3681 7.56096 5.61643 3.90524 1.12846 -2.04132 -3.72198 1.28448 5.64183 7.91422 7.61527 2.35724 0.280655 0.182027 1.40105 0.367657 -0.417094 -2.93427 -3.69226 -4.74454 -4.10634 -2.09556 -0.45468 1.12742 2.27525 2.36129 3.10347 3.52985 3.55945 3.68957 3.55286 3.44138 2.35074 3.10155 2.46169 2.79944 2.58017 2.38201 2.2147 1.58863 2.02542 2.41094 2.50595 2.52921 2.49796 2.48378 2.45769 2.41084 2.38541 2.37267 2.35879 2.32872 2.31853 2.28469 2.07454 0.989544 -0.459372 -2.28709
-9999 -9999 -9999 -9999 -9999 -9999 -9999 -1.63458 2.40803 4.35635 6.86117 8.14788 8.66709 8.59114 7.93581 6.45656 4.2339 2.38104 -1.15643 -4.82877 0.425494 5.10974 7.63426 7.76431 3.34958 4.57122 3.57912 3.97576 2.16141 1.40577 0.812946 -0.492868 -1.92103 -3.48415 -4.31409 -0.620479 1.272 2.79317 3.50605 3.90562 4.10143 3.98759 3.70717 2.05916 3.30875 3.2401 3.1131 2.96817 2.89731 2.76602 2.61152 2.52327 2.48809 2.07047 2.53514 2.51634 2.5158 2.51014 2.4891 2.45613 2.42542 2.3894 2.38033 2.35548 2.32925 2.30821 2.28797 2.26488 2.19637 1.90166 -0.549923
-9999 -9999 -9999 -9999 -9999 -9999 -9999 -7.31518 -1.43391 3.29453 5.76001 7.76641 8.31258 8.51204 7.6356 6.97787 5.38255 3.87152 1.54487 -1.93595 -4.08133 -0.148351 5.57257 7.68303 7.51967 7.38459 6.23763 5.20373 5.07052 5.14472 3.94705 2.19249 -0.0980332 -0.817018 -1.62503 1.12419 1.49007 1.28034 4.30327 4.30204 4.12196 2.9549 1.65384 1.89499 1.09202 1.70537 0.744377 1.62287 2.38214 2.66441 2.6386 2.53929 2.52384 2.4738 2.5468 2.5393 2.51916 2.50119 2.48698 2.46604 2.42056 2.38983 2.39157 2.35877 2.33023 2.30506 2.28824 2.27183 2.21862 2.16982 1.78554
-9999 -9999 -9999 -9999 -9999 -9999 -9999 -7.06095 -2.11173 2.08208 4.59737 7.01233 7.56779 8.37778 8.19423 7.50588 6.11833 4.38678 2.47074 -0.516439 -2.73795 -0.109435 3.68682 6.40444 7.38188 7.37211 7.3033 7.04124 6.92912 6.6245 6.41263 5.15339 2.98977 1.7636 -0.0283099 3.03652 3.3732 2.88428 4.40939 4.32427 1.99749 0.207151 -0.0217673 1.06477 0.0252624 -0.159519 -0.801856 -0.0770277 1.87088 1.29892 1.40861 2.2948 2.43629 2.52074 2.54027 2.52777 2.51644 2.49351 2.48711 2.47992 2.43527 2.40878 2.39013 2.34567 2.33136 2.29772 2.2658 2.2433 2.2103 2.16497 2.04941
-9999 -9999 -9999 -9999 -9999 -9999 -9999 -6.96372 -3.63028 0.142958 3.84762 6.42679 7.46322 8.2156 8.2003 7.40156 6.70808 5.61988 3.93341 2.77461 0.76844 -1.98191 2.61311 4.019 5.27967 5.80298 7.11197 7.07643 6.47149 5.77848 6.42134 6.22576 4.5114 3.94291 2.98728 4.68848 4.68446 4.6288 4.52891 2.56171 -0.169196 -2.35313 -0.793614 -1.12708 -0.407854 -2.63851 -0.809396 0.662205 1.13751 0.137613 -0.609644 1.69186 2.06392 2.28525 2.42461 2.51353 2.48337 2.49906 2.47706 2.46122 2.44415 2.41435 2.39204 2.36156 2.33064 2.30354 2.27418 2.23805 2.192 2.18075 2.11892
-9999 -9999 -9999 -9999 -9999 -9999 -9999 -9999 -5.59829 -0.811723 3.45842 5.83305 7.32383 8.04646 8.02624 7.61433 7.14106 6.46338 5.24454 3.71559 1.30408 -0.487446 0.639774 2.01671 2.17434 3.08968 5.75234 6.65936 5.36419 2.17502 4.05525 6.15074 6.11027 5.92419 5.71644 5.4521 5.21284 4.6986 3.33469 -0.826875 -1.65177 -3.28835 -3.10991 -3.95202 -2.12564 -2.81132 -0.940222 -0.131536 0.171382 -1.56659 -1.19742 0.831532 1.63326 1.49416 1.98351 2.45263 2.46115 2.4671 2.44669 2.44813 2.44267 2.42522 2.39107 2.36525 2.34357 2.29796 2.2868 2.12252 2.0128 1.80049 2.0439
-9999 -9999 -9999 -9999 -9999 -9999 -9999 -9999 -6.54803 -1.7742 3.25518 4.86599 6.47346 7.85958 7.87979 7.25428 6.65891 6.04584 5.34898 3.49611 1.69943 -0.0158293 -0.595454 -0.256812 -0.282035 1.20111 4.6709 5.33922 5.04788 1.71883 0.584597 3.38587 5.73883 5.9178 5.69676 2.91283 3.49667 1.99121 -0.047828 -0.614392 -1.51079 -3.39668 -2.49889 -3.88138 -3.29713 -3.45121 -2.39132 -1.87677 -0.6148 -2.13052 -2.12155 -0.130233 0.873779 0.893667 1.94699 2.31841 2.41068 2.42836 2.43846 2.43478 2.44277 2.42403 2.39926 2.36935 2.3095 2.17982 1.80266 -0.220911 -0.227389 0.315414 0.829049
-9999 -9999 -9999 -9999 -9999 -9999 -9999 -9999 -5.99616 -2.68536 1.77633 5.07946 5.2811 6.88327 7.70684 7.02736 6.2631 5.48134 5.13567 3.11985 0.906486 -0.882817 -2.99929 -2.65743 -1.14764 1.33297 3.57241 3.96902 3.50042 1.71892 2.55727 4.46565 5.47581 5.76884 5.52582 4.91387 4.55708 3.44664 2.96116 1.42193 -0.980488 -1.93085 -1.33997 -3.88916 -3.71742 -2.78275 -3.77715 -2.13535 -1.35211 -3.30871 -1.7602 0.00358296 0.90258 1.68764 2.05597 2.19884 2.42088 2.41975 2.43138 2.43382 2.42207 2.41324 2.36719 2.32737 2.10484 1.78102 -0.10101 -0.892528 -0.74838 0.108819 0.858664
-9999 -9999 -9999 -9999 -9999 -9999 -9999 -9999 -5.43177 -2.45185 1.41562 3.76868 4.1843 5.96166 7.54118 7.35693 6.56213 6.31516 5.49177 3.78116 1.89262 -0.170732 -1.17685 -3.48172 -1.22395 0.56884 2.46433 3.34848 1.8867 1.14363 2.44335 3.7352 4.24722 5.55152 5.5322 5.0979 3.24871 2.34326 2.71568 2.32262 1.63978 -0.0158331 -0.095923 -1.16144 -1.60625 -2.02646 -3.36821 -2.515 -2.43434 -2.20944 -0.348341 0.566685 1.17133 1.72056 1.86011 2.09499 2.40137 2.42173 2.42534 2.41592 2.41343 2.38174 2.28375 2.19961 1.76143 0.992706 -0.433777 -2.74188 -1.13142 0.553254 1.0418
-9999 -9999 -9999 -9999 -9999 -9999 -9999 -9999 -5.94113 -2.77564 0.528484 1.90606 2.13435 5.35639 7.32649 7.32284 6.94234 6.49914 4.47552 4.58712 4.17717 2.31521 -0.393802 -3.36823 -3.09561 -1.32523 1.17933 2.00469 -0.4164 -1.28003 -0.654924 1.30154 3.05199 4.87979 5.33893 4.79378 1.91937 -1.13486 0.271319 1.77435 1.75904 1.30917 -0.226563 -0.718569 -1.16436 -2.28604 -4.17754 -3.89943 -3.37972 -1.2693 -0.60715 0.418982 1.27005 0.940596 1.12314 1.93638 2.39983 2.41021 2.41092 2.4184 2.39927 2.36261 2.17642 1.9796 1.65524 -0.33426 -1.57476 -3.38043 -1.30212 -0.156645 0.443402
-9999 -9999 -9999 -9999 -9999 -9999 -9999 -9999 -6.92354 -4.62848 -1.47099 -0.202565 1.82461 4.86889 6.36258 7.07487 7.05194 6.75419 5.84422 5.29449 4.21795 2.28123 -0.364422 -3.30445 -5.22039 -4.25525 -0.876056 -0.0779018 -2.31479 -3.45926 -2.04725 0.0381041 3.12868 4.89155 5.12371 4.95677 4.35849 2.12675 -0.568173 -0.566014 0.775209 -0.359552 -1.67722 -0.962653 -1.10245 -2.21024 -3.01756 -3.50202 -3.20503 -2.0008 -1.50928 -0.323294 1.43 1.6755 1.61882 2.35271 2.38256 2.39238 2.41257 2.40364 2.38854 2.35778 2.20443 1.87155 0.544431 -0.614063 -2.22228 -2.42898 -0.584449 0.210111 0.957989
-9999 -9999 -9999 -9999 -9999 -9999 -9999 -9999 -8.61451 -5.91358 -2.95652 -0.188244 2.43036 4.68303 4.85047 6.03514 6.02647 6.64386 6.45798 5.61403 4.70628 3.03669 -0.36016 -3.21734 -6.33266 -5.51892 -2.07317 -1.6161 -3.12211 -5.89965 -3.04395 0.10578 2.95965 4.50142 3.28072 4.51791 4.40874 3.56814 1.96103 -0.533864 -0.493702 -2.36497 -2.45278 -1.50179 -1.1974 -1.36317 -1.97086 -2.93389 -2.7702 -2.03955 -1.85999 -0.770881 0.587531 1.91528 2.13254 2.37992 2.38349 2.38006 2.39304 2.38767 2.35161 2.27489 2.11499 1.00117 -0.321908 -1.14042 -2.26363 -2.4078 -0.280783 0.557672 1.02444
