Test_Spring_2018b/11_17/Temp/20171130_006.txt
ncols	170
nrows	115
xllcorner	350000.000000
yllcorner	4445000.000000
cellsize	1000.000000
nodata_value	-9999.000000
[rows 32 to 63 of 115, columns 72 to 143 of 170]
13.4409 13.0188 13.6305 14.1925 13.8255 13.5767 14.5116 14.496 14.1562 13.3793 13.0844 12.7791 12.5859 11.5936 8.8377 6.35172 7.65938 7.67487 6.74374 8.36904 7.48621 5.20875 2.0003 3.71996 3.25268 0.974273 0.395593 -9999 -9999 -9999 -9999 -9999 -9999 -9999 -9999 -9999 -9999 -9999 -9999 -9999 -9999 -9999 -9999 -9999 -9999 -9999 -9999 -9999 -9999 -9999 -9999 -9999 -9999 -9999 -9999 -9999 -9999 -9999 -9999 -9999 -9999 -9999 -9999 -9999 -9999 -9999 -9999 -9999 -9999 -9999 -9999 -9999
12.896 12.7056 13.6225 13.5871 13.5154 13.8357 14.4108 14.5127 14.3707 14.023 13.7199 13.3984 12.6069 11.4739 9.11308 6.28561 5.63206 6.99225 7.0424 7.24771 6.44174 5.43346 3.86504 5.12077 5.59883 4.09307 2.1276 0.860919 -9999 -9999 -9999 -9999 -9999 -9999 -9999 -9999 -9999 -9999 -9999 -9999 -9999 -9999 -9999 -9999 -9999 -9999 -9999 -9999 -9999 -9999 -9999 -9999 -9999 -9999 -9999 -9999 -9999 -9999 -9999 -9999 -9999 -9999 -9999 -9999 -9999 -9999 -9999 -9999 -9999 -9999 -9999 -9999
12.2462 11.3256 11.8719 12.2782 13.0465 13.2344 13.3359 14.4329 14.3584 14.2912 13.8005 13.4048 12.7596 11.6686 10.1219 8.26291 5.03777 7.00079 8.53449 8.47899 8.37831 7.6672 6.15975 7.39194 7.43473 5.51186 3.33659 2.04764 1.50495 -9999 -9999 -9999 -9999 -9999 -9999 -9999 -9999 -9999 -9999 -9999 -9999 -9999 -9999 -9999 -9999 -9999 -9999 -9999 -9999 -9999 -9999 -9999 -9999 -9999 -9999 -9999 -9999 -9999 -9999 -9999 -9999 -9999 -9999 -9999 -9999 -9999 -9999 -9999 -9999 -9999 -9999 -9999
11.5077 10.3867 10.9365 11.6754 12.7252 13.2635 13.6669 13.984 14.3077 14.252 13.7501 12.2982 12.0773 11.9994 10.9823 8.86511 6.75068 6.19118 8.53916 9.19989 9.04618 9.55819 8.27878 8.86008 8.59937 7.90568 5.80835 3.89681 3.09556 1.52812 -9999 -9999 -9999 -9999 -9999 -9999 -9999 -9999 -9999 -9999 -9999 -9999 -9999 -9999 -9999 -9999 -9999 -9999 -9999 -9999 -9999 -9999 -9999 -9999 -9999 -9999 -9999 -9999 -9999 -9999 -9999 -9999 -9999 -9999 -9999 -9999 -9999 -9999 -9999 -9999 -9999 -9999
-9999 -9999 9.67404 10.6862 11.5216 12.5498 13.4316 13.8665 14.2885 14.2376 13.25 12.7588 12.7014 12.0295 10.8578 10.1164 8.77922 7.3867 7.89666 9.89661 8.98405 10.3963 10.2596 10.506 9.53536 7.70679 5.27311 3.84871 3.13008 1.85672 -9999 -9999 -9999 -9999 -9999 -9999 -9999 -9999 -9999 -9999 -9999 -9999 -9999 -9999 -9999 -9999 -9999 -9999 -9999 -9999 -9999 -9999 -9999 -9999 -9999 -9999 -9999 -9999 -9999 -9999 -9999 -9999 -9999 -9999 -9999 -9999 -9999 -9999 -9999 -9999 -9999 -9999
-9999 -9999 -9999 10.4961 11.1289 12.5057 13.2109 13.4877 14.1779 14.1638 13.7799 13.4862 13.067 12.5242 11.6395 10.6651 9.40653 9.27561 10.5492 10.5492 10.2639 10.4597 11.1063 10.9156 9.4174 6.85286 5.48875 2.73335 1.54378 1.64743 0.799378 -9999 -9999 -9999 -9999 -9999 -9999 -9999 -9999 -9999 -9999 -9999 -9999 3.76097 -9999 -9999 -9999 -9999 -9999 -9999 -9999 -9999 -9999 -9999 -9999 -9999 -9999 -9999 -9999 -9999 -9999 -9999 -9999 -9999 -1.65096 -9999 -9999 -9999 -9999 -9999 -9999 -9999
-9999 -9999 10.3843 11.2369 11.8985 12.7558 12.8276 13.3307 14.1266 14.1228 13.846 13.5351 12.8557 12.6754 12.1649 11.1084 10.8795 11.2854 11.4638 11.6681 11.7879 11.662 11.3777 11.0149 10.0425 8.84334 8.03309 5.51292 4.23299 3.00581 1.15688 -0.293132 -9999 -9999 -9999 -9999 -9999 -9999 -9999 2.87384 2.78846 2.80343 3.18748 4.27887 3.60841 -9999 -9999 -9999 -9999 -9999 -9999 -9999 -9999 -9999 -9999 -9999 -9999 -9999 -9999 -9999 -9999 -9999 -9999 -9999 -0.651684 -2.11403 -9999 -9999 -9999 -9999 -9999 -9999
-9999 -9999 10.6165 11.5161 11.9578 12.7903 13.26 13.564 13.8298 14.083 14.0222 13.6797 13.167 13.1542 12.4536 12.0685 11.789 12.3436 12.4405 12.1958 11.8929 11.6232 10.8894 10.7904 10.537 9.76993 8.52113 7.23473 5.38465 2.88062 0.424625 -1.55956 -9999 -9999 -9999 -9999 -9999 -9999 3.09665 4.00135 4.53626 3.34464 4.32969 5.22815 5.06306 4.14551 -9999 -9999 -9999 -9999 -9999 -9999 -9999 -9999 -9999 -9999 -9999 -9999 -9999 -9999 6.26116 4.76371 1.75696 0.206529 -0.731478 -2.06301 -9999 -9999 -9999 -9999 -9999 -9999
-9999 -9999 10.4324 11.4978 12.2149 12.8496 12.9386 13.5893 13.866 13.9948 13.9621 13.8815 13.774 13.1604 12.8874 11.9682 12.8163 12.7677 12.5331 11.6516 11.2606 9.75848 9.08865 8.92347 10.1574 9.21733 7.27215 4.84448 1.93269 1.72584 0.750852 -1.02425 -9999 -9999 -9999 -9999 -9999 -9999 3.38137 4.35022 5.15579 5.25797 4.07297 5.68351 5.59341 4.66207 4.43504 5.16188 5.52024 5.21667 6.08621 6.32759 5.90547 6.32787 -9999 -9999 -9999 -9999 6.49921 6.54129 6.56865 5.93427 2.65128 0.402884 -1.61852 -1.8296 -9999 -9999 -9999 -9999 -9999 -9999
-9999 -9999 11.1775 11.8281 12.15 12.19 12.7583 13.3252 13.6701 13.9134 13.8452 13.8082 13.7697 13.5493 13.0584 13.1278 13.0733 12.7801 11.1161 9.17653 9.99911 8.84404 6.38443 8.35198 9.42711 8.36414 6.01048 3.28381 2.38221 2.40123 1.0517 -0.682148 -9999 -9999 -9999 0.733839 2.12918 2.23567 2.63523 3.93309 4.91596 5.65408 6.14925 6.11351 5.54609 4.63425 3.64461 3.96918 5.69146 6.09571 6.42988 6.68049 6.28701 6.46006 6.90752 7.13014 7.16107 7.03371 6.99104 7.01153 6.93817 6.34503 3.40937 1.71941 0.633936 -1.53987 -9999 -9999 -9999 -9999 -9999 -9999
-9999 -9999 10.7585 11.3226 11.7767 12.535 12.6027 13.0801 13.3569 13.7773 13.8107 13.287 13.691 13.6207 13.5261 13.3434 13.0832 11.6758 9.74228 7.80404 6.90067 7.26345 5.77715 6.51377 7.60335 7.18699 5.73445 3.3036 2.94718 2.37097 0.111379 -2.06315 -9999 -9999 -1.98806 0.704308 2.59522 3.56258 3.85069 3.86295 5.10572 5.18673 6.52503 6.18764 4.36792 4.54917 3.83166 4.2627 4.87637 5.0309 5.92821 6.79121 6.9388 6.92369 7.20189 7.24478 7.24274 7.21753 6.99899 7.07365 7.07023 6.69378 4.55966 3.50915 2.34838 -1.51396 -9999 -9999 -9999 -9999 -9999 -9999
-9999 -9999 11.0494 11.6816 12.3752 12.4754 12.9853 12.9157 12.7515 13.4679 13.7212 13.3468 13.0727 13.5324 13.4832 13.4038 13.2834 11.9599 10.4308 8.12435 6.68521 5.79932 5.16542 4.31941 4.87095 4.6811 4.43225 4.68406 4.00721 2.66767 1.339 -1.1347 -2.47937 -9999 -1.84175 -0.635425 1.61661 3.52781 4.73474 4.27768 5.69313 5.94082 6.74818 6.24348 5.12853 4.63471 4.57193 4.40776 5.35194 5.98093 6.41668 6.70258 7.06317 7.14111 7.22005 7.24275 7.24732 7.25245 7.23035 7.20554 7.14533 6.99279 6.00171 4.94927 2.7041 -1.38727 -9999 -9999 -9999 -9999 -9999 -9999
-9999 9.17712 10.9735 12.0436 12.449 12.7376 12.9901 13.1688 13.3566 13.5305 13.6462 13.5755 12.6098 12.6712 12.8256 13.3483 13.2935 13.1589 12.3154 9.51239 8.53323 7.10789 5.26906 4.48882 4.85336 6.33142 6.24887 5.24377 4.12556 2.58627 1.60285 0.0805001 -2.82823 -2.5839 -1.29702 -0.343579 1.18189 3.52175 5.15672 5.87653 6.13715 6.69882 6.98162 6.292 5.63319 5.34558 4.83091 4.73999 4.72253 5.28468 5.71722 6.70974 7.03049 7.16615 7.22727 7.25225 7.26601 7.27958 7.27329 7.23688 7.22069 7.19512 7.10253 5.71237 2.25918 -0.348695 -9999 -9999 -9999 -9999 -9999 -9999
-9999 -9999 10.6373 11.1001 11.2106 11.4147 11.8474 12.3484 13.0638 13.1431 13.5304 13.5127 12.679 11.7177 12.5248 12.8354 13.158 13.1517 13.0288 10.669 9.42734 8.44643 6.68252 7.29451 7.8772 7.90672 7.52963 5.39266 3.26447 0.813442 -1.47772 -1.60192 -2.84094 -2.20906 -1.36419 0.829295 2.36804 2.98215 3.41817 5.79611 6.40083 6.59276 7.1859 6.32916 6.09185 5.44186 5.60705 5.53054 5.51283 3.75102 5.4752 5.55843 6.67674 7.16969 7.26682 7.28091 7.29755 7.28623 7.27621 7.25428 7.24877 7.21206 7.17235 6.26156 1.89126 -0.317053 -9999 -9999 -9999 -9999 -9999 -9999
-9999 -9999 -9999 -9999 10.7594 11.1089 11.3278 11.717 12.9387 13.2572 13.4636 13.4673 13.0869 12.1353 11.8727 12.0278 11.0984 11.8453 12.8735 12.8307 12.6874 10.6121 9.54085 10.5442 10.218 8.6544 7.42066 6.20302 3.71417 1.88861 -0.734775 -2.7085 -2.79751 -0.651365 1.12861 3.34851 4.31898 3.74115 4.33253 5.503 6.83555 7.46944 7.29513 6.39281 6.24366 5.25275 6.18335 6.24321 5.77883 5.37488 5.50521 6.04797 6.24329 7.11464 7.31212 7.33261 7.32263 7.3098 7.28955 7.2679 7.23774 7.21002 7.17849 7.11857 2.62664 -0.87648 -9999 -9999 -9999 -9999 -9999 -9999
-9999 -9999 -9999 -9999 9.89986 10.1073 10.6756 12.1571 12.9246 13.2264 13.2008 13.332 13.0593 12.2201 11.3589 10.5455 9.501 10.0724 11.6111 12.5113 12.5989 10.7776 11.6987 11.3306 10.6213 8.58127 7.0739 6.26764 3.87773 1.82992 0.0796719 -2.33118 -1.32146 -0.207983 1.22636 3.64997 5.27976 5.93929 5.3544 6.09688 7.63298 7.62198 6.75116 6.78561 6.24168 4.89533 6.25221 6.61843 6.28415 6.34411 6.20532 6.39481 6.75714 7.10362 7.32846 7.3439 7.33073 7.30633 7.28952 7.27278 7.23787 7.2208 7.18916 7.14658 4.23983 -0.942825 -9999 -9999 -9999 -9999 -9999 -9999
-9999 -9999 -9999 -9999 -9999 9.10376 10.4186 12.3899 12.867 12.8075 13.2027 13.223 12.8126 12.454 11.4119 9.99383 7.28452 7.95399 9.36899 11.4167 12.485 12.322 11.7003 10.6352 8.08185 5.84551 5.56021 5.18135 3.43318 1.85291 -0.0911592 1.01169 2.22119 3.54574 4.23434 4.03605 5.43032 6.56347 6.05795 6.97279 8.04224 7.52887 7.21655 6.95064 6.32597 6.2679 6.30859 7.06987 6.50672 6.81862 6.80494 6.76636 6.93281 7.12803 7.33473 7.35422 7.33784 7.32501 7.28224 7.27427 7.24365 7.21253 7.1818 7.14237 6.86071 4.0577 2.37535 -9999 -9999 -9999 -9999 -9999
-9999 -9999 -9999 -9999 -9999 7.87708 8.52564 10.8629 11.5732 12.5977 13.1345 13.1449 12.4626 12.0752 10.5304 10.0183 7.51095 6.36682 7.30732 6.92427 9.75027 12.2492 11.6836 6.58939 4.73407 3.40639 3.72776 3.71567 3.21826 0.538088 -0.21163 2.16094 3.64937 4.79916 5.66753 5.83579 5.78951 7.57123 7.79287 8.35887 8.21274 8.24705 7.31868 6.7359 7.20065 6.61276 6.49433 7.28162 6.46381 7.16347 7.05653 6.82065 6.7904 7.24672 7.3251 7.35849 7.34425 7.3092 7.26856 7.23767 7.23532 7.20978 7.16443 7.14606 7.09988 6.74472 5.2852 4.76089 5.29604 -9999 -9999 -9999
-9999 -9999 -9999 -9999 -9999 -9999 6.33198 9.58573 11.0628 11.8328 12.9225 13.0407 12.6702 12.0117 10.4385 9.05276 6.80963 4.24992 2.88686 6.90202 10.3945 12.2096 11.9508 7.70762 6.02338 5.93023 6.89721 6.05301 5.40934 3.3693 2.74914 1.89292 2.39689 4.0052 5.31519 6.57901 7.49295 7.55202 8.13774 8.46652 8.47578 8.56451 8.43735 8.32942 7.42731 8.01101 7.47599 7.72734 7.53093 7.35199 7.19405 6.67337 7.00877 7.30425 7.36742 7.37325 7.33768 7.31658 7.28636 7.23962 7.20833 7.18786 7.16583 7.13008 7.10958 7.06947 6.88692 6.00017 4.82027 3.33533 -9999 -9999
-9999 -9999 -9999 -9999 -9999 -9999 4.69863 7.93628 9.48725 11.4899 12.5131 12.9183 12.8475 12.3109 11.1117 9.31448 7.81433 4.95879 1.99423 6.20869 9.96358 11.9815 12.0732 8.50297 9.47173 8.66014 8.96584 7.49365 6.8735 6.38106 5.32026 4.16162 2.89493 2.2163 5.17844 6.69165 7.90565 8.4687 8.77873 8.9237 8.81805 8.57433 7.23192 8.21909 8.13927 8.01746 7.88106 7.8043 7.67919 7.53588 7.44176 7.39668 7.04514 7.40195 7.37421 7.36229 7.34716 7.32033 7.28435 7.25035 7.212 7.19345 7.16131 7.12866 7.09951 7.07049 7.03858 6.96964 6.71834 4.73191 3.53531 3.18067
-9999 -9999 -9999 -9999 -9999 -9999 0.127694 4.84448 8.63111 10.6022 12.202 12.631 12.7815 12.0669 11.5283 10.2354 9.01005 7.12827 4.3177 2.58075 5.73184 10.3208 12.0049 11.8539 11.7317 10.7958 9.95114 9.83127 9.87868 8.89954 7.47777 5.6254 5.03438 4.37552 6.57777 6.8628 6.68435 9.10518 9.0927 8.9353 7.98294 6.92101 7.09883 6.43205 6.90113 6.10919 6.79662 7.3882 7.59638 7.55719 7.45447 7.42178 7.36671 7.41157 7.393 7.36522 7.33998 7.31841 7.29182 7.24566 7.21131 7.20279 7.16379 7.12958 7.09522 7.06912 7.04282 6.98647 6.93328 6.60998 6.13471 5.24364
-9999 -9999 -9999 -9999 -9999 -9999 0.329961 4.2934 7.65406 9.66171 11.5932 12.0295 12.6709 12.5134 11.95 10.824 9.42111 7.86947 5.45589 3.65772 5.76007 8.80066 10.9739 11.7402 11.7187 11.6502 11.4265 11.3242 11.0669 10.8802 9.85668 8.10204 7.10633 5.65578 8.11152 8.37273 7.96941 9.18531 9.10523 7.2212 5.76765 5.56896 6.42619 5.57344 5.40065 4.86228 5.42686 6.97522 6.49285 6.56333 7.25337 7.35161 7.40456 7.40683 7.38425 7.36345 7.33404 7.31849 7.30267 7.25687 7.22564 7.20049 7.1542 7.12876 7.08986 7.05183 7.01861 6.97883 6.92881 6.82206 6.70341 6.77708
-9999 -9999 -9999 -9999 -9999 -9999 0.408933 3.06974 6.09233 9.05617 11.1197 11.9427 12.5376 12.5153 11.8628 11.2949 10.4093 9.0422 8.09917 6.47422 4.25038 7.93419 9.05181 10.0458 10.4544 11.4941 11.4525 10.9533 10.3786 10.8844 10.7112 9.32224 8.85521 8.07694 9.43554 9.42238 9.36724 9.27592 7.68196 5.4729 3.70291 4.94294 4.65961 5.2205 3.40257 4.85266 6.01806 6.38219 5.55774 4.93965 6.76827 7.05162 7.21552 7.31432 7.37334 7.33732 7.3388 7.31046 7.28738 7.26348 7.22932 7.201 7.16581 7.12985 7.09297 7.05717 7.01556 6.96499 6.94249 6.87706 6.83886 6.79755
-9999 -9999 -9999 -9999 -9999 -9999 -9999 1.48712 5.31956 8.74244 10.6412 11.8294 12.4001 12.3735 12.0319 11.6409 11.0854 10.0943 8.85354 6.90263 5.45007 6.34482 7.43913 7.5454 8.26861 10.3973 11.1141 10.0599 7.47662 8.97149 10.6462 10.6034 10.4437 10.2666 10.0449 9.84217 9.41792 8.30975 4.95075 4.27349 2.94369 3.07292 2.38058 3.83164 3.25618 4.74386 5.37689 5.60318 4.18818 4.46134 6.07623 6.70627 6.58033 6.96061 7.3248 7.31983 7.31332 7.28604 7.27661 7.26179 7.23731 7.19948 7.16786 7.13923 7.0869 7.06579 6.92124 6.82023 6.63644 6.81899 6.81865 6.8006
-9999 -9999 -9999 -9999 -9999 -9999 -9999 0.714659 4.54231 8.57592 9.8603 11.1423 12.2465 12.2523 11.7387 11.2494 10.7456 10.1743 8.67301 7.21662 5.82548 5.34752 5.60795 5.56583 6.746 9.52411 10.0491 9.80253 7.09965 6.17619 8.41845 10.3004 10.434 10.2459 7.99646 8.45549 7.23371 5.58229 5.11461 4.381 2.85085 3.55899 2.43243 2.88719 2.73717 3.57312 3.97035 4.96878 3.73327 3.71708 5.30205 6.0952 6.09744 6.93151 7.21772 7.27997 7.28271 7.27973 7.26593 7.26166 7.23592 7.20522 7.1702 7.11084 6.99498 6.67522 5.03552 5.0179 5.44186 5.84221 6.58059 6.77299
-9999 -9999 -9999 -9999 -9999 -9999 -9999 1.15499 3.80604 7.3831 10.0286 10.1799 11.4577 12.1095 11.5524 10.9271 10.2876 9.99866 8.36625 6.57475 5.12413 3.41018 3.67335 4.87579 6.84831 8.63707 8.94374 8.5547 7.09581 7.75883 9.28278 10.0845 10.3096 10.1036 9.60072 9.30293 8.39866 7.99666 6.74663 4.80179 4.0243 4.48587 2.42135 2.5448 3.2815 2.4549 3.75948 4.37355 2.78408 4.00466 5.40878 6.11785 6.7358 7.0191 7.12158 7.2882 7.27572 7.27384 7.26479 7.24447 7.22653 7.1786 7.13554 6.94533 6.6734 5.14793 4.49456 4.59842 5.27564 5.8664 6.4756 6.71845
-9999 -9999 -9999 -9999 -9999 -9999 -9999 1.60513 3.99016 7.08932 8.97069 9.29396 10.7127 11.9723 11.8134 11.1634 10.954 10.2808 8.89391 7.36372 5.69276 4.87199 3.00651 4.81071 6.22988 7.74218 8.44114 7.23828 6.62905 7.66308 8.69101 9.09189 10.1301 10.1038 9.74357 8.24522 7.50568 7.79361 7.46546 6.90379 5.55924 5.48144 4.61061 4.23862 3.88608 2.78025 3.45118 3.50075 3.66396 5.13862 5.8605 6.33316 6.76169 6.86115 7.03773 7.2722 7.27697 7.26855 7.24986 7.23685 7.20042 7.11064 7.0319 6.66826 6.03859 4.87967 3.00641 4.28995 5.63307 6.01654 6.38758 6.57497
-9999 -9999 -9999 -9999 -9999 -9999 -9999 1.19144 3.7258 6.37189 7.46864 7.6412 10.2218 11.7955 11.7818 11.465 11.0977 9.45912 9.53784 9.19694 7.68805 5.49774 3.09385 3.3015 4.70503 6.70489 7.35667 5.38176 4.67554 5.16691 6.72926 8.12606 9.58514 9.94342 9.4939 7.17079 4.70285 5.82219 7.01912 6.99445 6.61988 5.37156 4.96234 4.58995 3.67364 2.13004 2.33467 2.73788 4.41008 4.92862 5.74023 6.41138 6.1334 6.26761 6.90946 7.27032 7.26706 7.25626 7.25109 7.22465 7.18416 7.0234 6.85404 6.582 4.97056 3.96139 2.49726 4.15228 5.06205 5.52699 6.39278 6.58543
-9999 -9999 -9999 -9999 -9999 -9999 -9999 0.397115 2.23143 4.75959 5.76853 7.3879 9.82546 11.016 11.578 11.5487 11.2984 10.5556 10.1024 9.22545 7.65651 5.51725 3.14113 1.58861 2.3533 5.04787 5.66978 3.85074 2.9186 4.04281 5.70872 8.18324 9.58995 9.76551 9.62003 9.12753 7.32106 5.14184 5.13164 6.19816 5.27291 4.20021 4.76173 4.63579 3.73102 3.0677 2.65128 2.87289 3.81934 4.20099 5.14146 6.53852 6.72318 6.66512 7.24326 7.25542 7.25173 7.2566 7.23823 7.21501 7.17925 7.04493 6.76618 5.68769 4.74475 3.44 3.26239 4.72914 5.35928 5.94123 6.35674 6.48
-9999 -9999 -9999 -9999 -9999 -9999 -9999 -0.967235 1.19355 3.5605 5.77576 7.87078 9.67159 9.79533 10.7373 10.7195 11.2052 11.0448 10.3551 9.6139 8.2599 5.51653 3.20712 0.690002 1.33299 4.08406 4.42037 3.1973 0.951619 3.23692 5.75881 8.04283 9.27157 8.27847 9.26224 9.16306 8.47547 7.17121 5.15268 5.17287 3.6554 3.5721 4.32402 4.55561 4.40879 3.90634 3.11004 3.21984 3.7857 3.91668 4.77945 5.8591 6.91438 7.07678 7.2637 7.2548 7.2405 7.23961 7.22413 7.18408 7.1114 6.97185 6.06506 4.98993 4.32057 3.40608 3.27898 4.97827 5.6387 5.99498 6.3516 6.48151
-9999 -9999 -9999 -9999 -9999 -9999 -9999 -9999 0.96519 3.41072 5.21592 5.68954 7.28813 8.1436 8.80187 8.93479 10.8445 10.9342 10.4909 9.80882 8.65165 6.56605 5.10798 2.69294 0.952453 1.63694 1.94605 2.56309 2.35965 3.36957 5.79219 8.31681 8.57723 6.9459 7.168 7.48873 8.2286 7.82724 5.08324 3.68036 2.51272 3.31155 4.15266 4.34227 4.36543 4.18106 3.96154 3.61075 4.74123 5.57292 5.75149 6.47454 7.00371 7.13682 7.23281 7.22911 7.22577 7.20842 7.159 7.11832 6.96334 6.63781 5.62576 3.21676 3.31038 3.03359 2.27153 3.92985 4.95832 5.88973 6.37622 6.48848
-9999 -9999 -9999 -9999 -9999 -9999 -9999 -9999 0.14001 2.97194 3.55633 3.49423 2.53354 2.95078 6.43141 7.1189 8.94968 10.6825 10.5376 9.86819 8.78455 7.5359 5.61159 2.89758 0.73768 -0.18808 2.09924 4.34354 4.79461 5.50111 6.97903 7.2462 5.57931 4.01505 4.86669 5.37282 7.34932 7.69584 7.29084 5.63043 3.73433 2.73586 3.87507 4.01139 4.06229 4.05733 3.99722 3.92382 5.20174 5.89991 6.37856 6.63079 7.08247 7.18458 7.20512 7.22356 7.19742 7.15565 7.06394 6.96208 6.57288 6.10534 4.4591 3.08356 2.21897 1.12619 3.5302 4.2254 5.19357 5.81449 6.29832 6.39031
