Test_Spring_2018b/11_17/Temp/20171107_005.txt
ncols	170
nrows	115
xllcorner	350000.000000
yllcorner	4445000.000000
cellsize	1000.000000
nodata_value	-9999.000000
[rows 32 to 63 of 115, columns 72 to 143 of 170]
13.5423 13.1817 13.7273 14.2293 13.9122 13.7024 14.5326 14.5276 14.2386 13.5663 13.3164 13.0575 12.8968 12.0355 9.6283 7.45761 8.61227 8.63414 7.82611 9.25886 8.49287 6.50424 3.69935 5.21418 4.81184 2.82028 2.32217 -9999 -9999 -9999 -9999 -9999 -9999 -9999 -9999 -9999 -9999 -9999 -9999 -9999 -9999 -9999 -9999 -9999 -9999 -9999 -9999 -9999 -9999 -9999 -9999 -9999 -9999 -9999 -9999 -9999 -9999 -9999 -9999 -9999 -9999 -9999 -9999 -9999 -9999 -9999 -9999 -9999 -9999 -9999 -9999 -9999
13.0702 12.9127 13.7257 13.704 13.646 13.9347 14.4496 14.5478 14.4321 14.1361 13.8791 13.606 12.9209 11.9363 9.87541 7.40538 6.84085 8.04143 8.09353 8.2815 7.58287 6.70675 5.33948 6.44767 6.87405 5.56241 3.84608 2.74303 -9999 -9999 -9999 -9999 -9999 -9999 -9999 -9999 -9999 -9999 -9999 -9999 -9999 -9999 -9999 -9999 -9999 -9999 -9999 -9999 -9999 -9999 -9999 -9999 -9999 -9999 -9999 -9999 -9999 -9999 -9999 -9999 -9999 -9999 -9999 -9999 -9999 -9999 -9999 -9999 -9999 -9999 -9999 -9999
12.5063 11.7086 12.1967 12.5621 13.2396 13.415 13.5129 14.4833 14.4269 14.3768 13.9555 13.6174 13.0606 12.1129 10.7657 9.14457 6.32584 8.05482 9.40732 9.36662 9.28618 8.67051 7.35666 8.4442 8.48906 6.81309 4.9114 3.78913 3.32109 -9999 -9999 -9999 -9999 -9999 -9999 -9999 -9999 -9999 -9999 -9999 -9999 -9999 -9999 -9999 -9999 -9999 -9999 -9999 -9999 -9999 -9999 -9999 -9999 -9999 -9999 -9999 -9999 -9999 -9999 -9999 -9999 -9999 -9999 -9999 -9999 -9999 -9999 -9999 -9999 -9999 -9999 -9999
11.8646 10.8911 11.3823 12.0392 12.9674 13.446 13.8085 14.0954 14.3881 14.3482 13.9171 12.6533 12.4685 12.4089 11.526 9.67859 7.83348 7.35123 9.41747 10.0045 9.87755 10.334 9.21995 9.73689 9.51568 8.91631 7.08622 5.41582 4.72119 3.35507 -9999 -9999 -9999 -9999 -9999 -9999 -9999 -9999 -9999 -9999 -9999 -9999 -9999 -9999 -9999 -9999 -9999 -9999 -9999 -9999 -9999 -9999 -9999 -9999 -9999 -9999 -9999 -9999 -9999 -9999 -9999 -9999 -9999 -9999 -9999 -9999 -9999 -9999 -9999 -9999 -9999 -9999
-9999 -9999 10.2812 11.1763 11.92 12.8259 13.6079 13.9981 14.377 14.3414 13.4847 13.0631 13.0217 12.4416 11.4231 10.7818 9.61798 8.4055 8.86051 10.6214 9.82915 11.0746 10.9621 11.1855 10.3419 8.74783 6.62255 5.37925 4.75706 3.64876 -9999 -9999 -9999 -9999 -9999 -9999 -9999 -9999 -9999 -9999 -9999 -9999 -9999 -9999 -9999 -9999 -9999 -9999 -9999 -9999 -9999 -9999 -9999 -9999 -9999 -9999 -9999 -9999 -9999 -9999 -9999 -9999 -9999 -9999 -9999 -9999 -9999 -9999 -9999 -9999 -9999 -9999
-9999 -9999 -9999 11.015 11.5811 12.7971 13.42 13.6717 14.2858 14.2826 13.9553 13.7069 13.3484 12.8815 12.1148 11.2693 10.1744 10.0677 11.192 11.1998 10.9572 11.1362 11.7102 11.5503 10.2452 8.00486 6.81639 4.40697 3.37194 3.47068 2.73537 -9999 -9999 -9999 -9999 -9999 -9999 -9999 -9999 -9999 -9999 -9999 -9999 5.45046 -9999 -9999 -9999 -9999 -9999 -9999 -9999 -9999 -9999 -9999 -9999 -9999 -9999 -9999 -9999 -9999 -9999 -9999 -9999 -9999 0.943452 -9999 -9999 -9999 -9999 -9999 -9999 -9999
-9999 -9999 10.9146 11.672 12.2609 13.0215 13.0892 13.5396 14.2466 14.2525 14.0192 13.7559 13.1696 13.0206 12.5819 11.6644 11.4722 11.836 12.0002 12.187 12.2993 12.1962 11.9541 11.6431 10.7992 9.7551 9.05202 6.85075 5.7344 4.66652 3.05385 1.79104 -9999 -9999 -9999 -9999 -9999 -9999 -9999 4.63868 4.57337 4.59617 4.94265 5.90933 5.33176 -9999 -9999 -9999 -9999 -9999 -9999 -9999 -9999 -9999 -9999 -9999 -9999 -9999 -9999 -9999 -9999 -9999 -9999 -9999 1.8232 0.553414 -9999 -9999 -9999 -9999 -9999 -9999
-9999 -9999 11.1243 11.9218 12.318 13.0568 13.4778 13.7497 13.9921 14.2235 14.1796 13.8889 13.4488 13.4468 12.8416 12.5127 12.2761 12.7703 12.863 12.6559 12.3976 12.1683 11.5319 11.452 11.2381 10.5726 9.48496 8.36451 6.74883 4.56162 2.41674 0.685661 -9999 -9999 -9999 -9999 -9999 -9999 4.82932 5.63173 6.11013 5.07524 5.94854 6.7461 6.61154 5.82298 -9999 -9999 -9999 -9999 -9999 -9999 -9999 -9999 -9999 -9999 -9999 -9999 -9999 -9999 7.84055 6.53897 3.91465 2.56721 1.75691 0.601958 -9999 -9999 -9999 -9999 -9999 -9999
-9999 -9999 10.968 11.9108 12.5483 13.1138 13.2012 13.7816 14.0294 14.152 14.1329 14.0719 13.9872 13.4587 13.2285 12.4315 13.1833 13.1487 12.9508 12.1854 11.8497 10.5398 9.9593 9.82238 10.9106 10.0933 8.39504 6.27402 3.72701 3.55391 2.70717 1.15932 -9999 -9999 -9999 -9999 -9999 -9999 5.08324 5.9419 6.65756 6.7568 5.72789 7.14968 7.08578 6.28014 6.092 6.74009 7.06519 6.80863 7.58557 7.80805 7.44875 7.82957 -9999 -9999 -9999 -9999 8.03132 8.07871 8.11341 7.56834 4.70188 2.7427 0.982862 0.815454 -9999 -9999 -9999 -9999 -9999 -9999
-9999 -9999 11.6261 12.2052 12.4963 12.5405 13.048 13.5552 13.8632 14.0903 14.0401 14.0172 13.993 13.8091 13.388 13.4576 13.4183 13.1695 11.7187 10.026 10.7542 9.7442 7.59548 9.32683 10.2757 9.35036 7.29381 4.9105 4.12554 4.15021 2.97506 1.4663 -9999 -9999 -9999 2.74153 3.97367 4.07622 4.43584 5.58306 6.45434 7.10812 7.55206 7.53086 7.04836 6.25993 5.4034 5.69896 7.21974 7.58512 7.89112 8.12167 7.78742 7.95203 8.35437 8.55953 8.59662 8.49501 8.46779 8.49615 8.44254 7.93366 5.36953 3.89994 2.96067 1.07677 -9999 -9999 -9999 -9999 -9999 -9999
-9999 -9999 11.2663 11.7696 12.1766 12.8522 12.9209 13.3488 13.6017 13.9763 14.0153 13.5659 13.9297 13.8776 13.8039 13.6526 13.4331 12.2076 10.5204 8.82883 8.04404 8.36992 7.07359 7.72572 8.68719 8.32326 7.05958 4.93544 4.62989 4.13058 2.15772 0.259353 -9999 -9999 0.350077 2.71894 4.38548 5.24269 5.50467 5.52505 6.62426 6.70527 7.88856 7.60333 6.02274 6.19261 5.5715 5.96051 6.51307 6.65946 7.45597 8.22568 8.3654 8.36228 8.61607 8.66349 8.67149 8.65924 8.47769 8.55344 8.56108 8.24215 6.38293 5.47405 4.47299 1.10418 -9999 -9999 -9999 -9999 -9999 -9999
-9999 -9999 11.5297 12.0928 12.7099 12.8069 13.2632 13.2093 13.0756 13.7131 13.942 13.6237 13.3932 13.8057 13.7719 13.7113 13.6144 12.4624 11.1298 9.11534 7.8608 7.09191 6.54264 5.80948 6.29935 6.13926 5.92742 6.15447 5.56297 4.39444 3.23704 1.07658 -0.0942372 -9999 0.481353 1.54754 3.53064 5.21524 6.28272 5.89181 7.14251 7.36978 8.08793 7.65605 6.6932 6.27478 6.23098 6.09818 6.93678 7.49654 7.88854 8.14985 8.47832 8.5566 8.63554 8.66505 8.67863 8.69279 8.68328 8.67172 8.62953 8.5069 7.64973 6.74258 4.78746 1.21805 -9999 -9999 -9999 -9999 -9999 -9999
-9999 9.88533 11.4675 12.4146 12.7791 13.0412 13.2718 13.4377 13.6124 13.7725 13.8835 13.8292 12.9925 13.056 13.2008 13.668 13.6286 13.5189 12.7873 10.3375 9.487 8.24578 6.64051 5.96282 6.28861 7.59037 7.52408 6.64908 5.67501 4.33096 3.47175 2.1447 -0.397002 -0.174771 0.961669 1.80614 3.15236 5.21275 6.65554 7.29637 7.53491 8.03763 8.29605 7.70535 7.14237 6.90174 6.46199 6.39351 6.38921 6.89274 7.28179 8.16037 8.45186 8.5822 8.64532 8.67661 8.69804 8.71941 8.72361 8.70178 8.69814 8.68682 8.61981 7.41388 4.40117 2.13213 -9999 -9999 -9999 -9999 -9999 -9999
-9999 -9999 11.1772 11.5919 11.6979 11.886 12.2745 12.7229 13.36 13.4387 13.7875 13.7804 13.058 12.225 12.942 13.2234 13.5149 13.5177 13.4177 11.358 10.2769 9.42397 7.88434 8.42692 8.94382 8.97565 8.65096 6.78356 4.92387 2.78039 0.778252 0.675932 -0.405398 0.156646 0.905532 2.83696 4.19481 4.7425 5.1344 7.22885 7.76919 7.9501 8.4812 7.7415 7.54806 6.98997 7.14631 7.09057 7.0861 5.55249 7.07377 7.15695 8.14711 8.58779 8.68338 8.70494 8.7287 8.72808 8.72887 8.71964 8.72534 8.70593 8.68422 7.89881 4.0814 2.16278 -9999 -9999 -9999 -9999 -9999 -9999
-9999 -9999 -9999 -9999 11.3066 11.6222 11.8233 12.1737 13.2545 13.5428 13.7329 13.7454 13.4212 12.5955 12.3748 12.52 11.714 12.3774 13.2871 13.2575 13.1392 11.327 10.3943 11.2801 11.0002 9.63541 8.55963 7.49789 5.32182 3.7264 1.43278 -0.29105 -0.362371 1.5261 3.0935 5.04803 5.90775 5.41066 5.93883 6.97597 8.15495 8.72179 8.58039 7.80094 7.68485 6.82809 7.6555 7.71937 7.32339 6.98004 7.10414 7.59003 7.77097 8.54418 8.72644 8.75347 8.75374 8.75165 8.74338 8.73434 8.71982 8.70728 8.69213 8.65275 4.72895 1.67547 -9999 -9999 -9999 -9999 -9999 -9999
-9999 -9999 -9999 -9999 10.5575 10.7485 11.2558 12.5636 13.2463 13.5198 13.5065 13.6306 13.4007 12.6744 11.9285 11.2247 10.3181 10.8276 12.1846 12.9816 13.0659 11.4764 12.2903 11.9739 11.3581 9.57566 8.25992 7.55864 5.46912 3.67871 2.15024 0.0430119 0.93462 1.91771 3.18266 5.31531 6.75297 7.34073 6.83816 7.49965 8.85722 8.85895 8.10718 8.14906 7.687 6.5188 7.71995 8.05241 7.77048 7.83373 7.72189 7.89799 8.22519 8.53817 8.74426 8.76668 8.76405 8.75173 8.7464 8.74224 8.72268 8.71955 8.70441 8.68037 6.14625 1.62063 -9999 -9999 -9999 -9999 -9999 -9999
-9999 -9999 -9999 -9999 -9999 9.87307 11.0348 12.7719 13.1998 13.1566 13.512 13.5388 13.1882 12.883 11.9787 10.7448 8.37881 8.97436 10.2231 12.0261 12.9701 12.8344 12.2959 11.3687 9.13647 7.18193 6.9374 6.61069 5.08361 3.70292 2.0044 2.97706 4.04364 5.21161 5.82278 5.6572 6.88834 7.89123 7.45831 8.27098 9.21962 8.78112 8.51906 8.29777 7.76499 7.72613 7.77357 8.45235 7.96976 8.2538 8.25155 8.22762 8.38301 8.56327 8.75336 8.77923 8.77371 8.7715 8.74355 8.74684 8.73106 8.71567 8.70139 8.68019 8.44724 6.0076 4.54795 -9999 -9999 -9999 -9999 -9999
-9999 -9999 -9999 -9999 -9999 8.80209 9.37969 11.4375 12.0699 12.9767 13.4562 13.4742 12.8851 12.5547 11.2097 10.7699 8.58121 7.58661 8.4195 8.09185 10.5768 12.7746 12.2854 7.82644 6.20626 5.0483 5.3356 5.33042 4.89971 2.55484 1.90319 3.98877 5.29976 6.31447 7.08314 7.23899 7.20731 8.77889 8.98314 9.49008 9.37323 9.41488 8.61287 8.11387 8.53609 8.0328 7.94075 8.64227 7.9364 8.56026 8.47619 8.27922 8.2621 8.67115 8.7487 8.78672 8.78328 8.76151 8.73545 8.71869 8.72773 8.71725 8.69016 8.68741 8.66086 8.36694 7.10254 6.65804 7.14223 -9999 -9999 -9999
-9999 -9999 -9999 -9999 -9999 -9999 7.46112 10.3223 11.6267 12.3104 13.2744 13.3868 13.0717 12.5032 11.133 9.92738 7.97029 5.73574 4.54817 8.07602 11.1453 12.7439 12.5237 8.81094 7.34088 7.26521 8.11856 7.38406 6.82521 5.04151 4.50344 3.75872 4.20674 5.62336 6.77972 7.89554 8.70556 8.76708 9.29105 9.58912 9.6085 9.69785 9.59816 9.51538 8.73945 9.26308 8.80579 9.03743 8.87618 8.7298 8.60095 8.15425 8.45759 8.72563 8.78982 8.80455 8.78195 8.77248 8.75562 8.72497 8.70869 8.70263 8.69595 8.67788 8.67372 8.65587 8.51066 7.74827 6.72887 5.44197 -9999 -9999
-9999 -9999 -9999 -9999 -9999 -9999 6.03382 8.88082 10.25 12.0142 12.9208 13.285 13.2314 12.7697 11.7274 10.161 8.85512 6.36123 3.77174 7.47401 10.7715 12.548 12.6356 9.51249 10.3682 9.66292 9.93678 8.65195 8.11386 7.68689 6.76265 5.75292 4.64894 4.06209 6.66583 8.00027 9.07329 9.57655 9.85879 9.997 9.91358 9.71163 8.5466 9.42368 9.36851 9.27359 9.1656 9.10951 9.01066 8.89542 8.82245 8.7926 8.49376 8.81709 8.80187 8.79983 8.79525 8.78086 8.75903 8.73961 8.71706 8.71166 8.69703 8.68154 8.66961 8.66133 8.64789 8.60207 8.39637 6.66957 5.6349 5.34054
-9999 -9999 -9999 -9999 -9999 -9999 2.03166 6.1752 9.50579 11.242 12.6536 13.0379 13.1783 12.5605 12.0971 10.9728 9.90775 8.2674 5.81286 4.2993 7.06878 11.0996 12.58 12.4544 12.354 11.5399 10.8056 10.7064 10.7537 9.90029 8.66018 7.04233 6.53245 5.96152 7.89924 8.15712 8.00952 10.1412 10.1406 10.0136 9.19027 8.26785 8.43533 7.86255 8.28847 7.60596 8.21995 8.7496 8.94277 8.91873 8.83816 8.82178 8.78239 8.83134 8.82353 8.80775 8.79447 8.78482 8.77131 8.74126 8.72221 8.72643 8.70335 8.68613 8.67084 8.66492 8.65604 8.62088 8.58848 8.31917 7.91645 7.15169
-9999 -9999 -9999 -9999 -9999 -9999 2.21571 5.69999 8.65431 10.4237 12.125 12.5158 13.0865 12.957 12.4718 11.4937 10.273 8.92195 6.81537 5.24811 7.09974 9.77169 11.6846 12.3632 12.3475 12.294 12.1043 12.0218 11.802 11.6433 10.7519 9.22235 8.35585 7.09111 9.25115 9.48819 9.14348 10.2189 10.1589 8.51818 7.25524 7.09257 7.85162 7.11561 6.97899 6.5183 7.02444 8.39262 7.98398 8.05578 8.66989 8.76527 8.82191 8.8326 8.82146 8.81198 8.79521 8.79097 8.78698 8.75728 8.74092 8.73045 8.70198 8.69091 8.66982 8.65339 8.63939 8.61834 8.58828 8.50839 8.42025 8.50106
-9999 -9999 -9999 -9999 -9999 -9999 2.29227 4.63262 7.29062 9.89832 11.7154 12.4453 12.9751 12.9641 12.4008 11.9119 11.1445 9.95521 9.1376 7.72214 5.78151 9.01911 10.0048 10.883 11.2502 12.1683 12.1382 11.7066 11.2042 11.6536 11.5106 10.2993 9.89651 9.22128 10.4197 10.4163 10.3768 10.3062 8.91904 6.99319 5.45261 6.55081 6.31378 6.81228 5.23344 6.51981 7.55259 7.88261 7.1695 6.63767 8.24988 8.50908 8.66178 8.75724 8.81782 8.79519 8.80567 8.79034 8.78007 8.76956 8.75056 8.73718 8.71822 8.69898 8.67792 8.6632 8.64015 8.61154 8.60546 8.5623 8.5419 8.52177
-9999 -9999 -9999 -9999 -9999 -9999 -9999 3.2533 6.62246 9.63118 11.3038 12.3537 12.8622 12.8474 12.5565 12.2226 11.7445 10.8848 9.80622 8.10505 6.84056 7.6334 8.59859 8.69852 9.33979 11.2127 11.8476 10.9299 8.67114 9.99038 11.4646 11.4333 11.2998 11.1516 10.9622 10.7927 10.4296 9.46757 6.53304 5.95244 4.79766 4.92211 4.32649 5.60481 5.11512 6.43046 6.99637 7.2054 5.97536 6.22447 7.65139 8.213 8.11171 8.45403 8.78149 8.78625 8.78988 8.7756 8.77734 8.77477 8.76416 8.74332 8.72741 8.71448 8.67964 8.67784 8.5643 8.48897 8.34103 8.5141 8.52665 8.52842
-9999 -9999 -9999 -9999 -9999 -9999 -9999 2.58348 5.94726 9.49145 10.6257 11.7578 12.7341 12.7477 12.3061 11.8859 11.4532 10.9613 9.65424 8.38647 7.17572 6.76522 7.00168 6.96913 8.01108 10.4534 10.9205 10.711 8.35068 7.54764 9.51962 11.1759 11.2999 11.1423 9.17809 9.58866 8.52643 7.08813 6.68799 6.05517 4.72446 5.356 4.37941 4.78895 4.66669 5.41049 5.76948 6.65521 5.58242 5.57797 6.97875 7.68345 7.69466 8.43494 8.69499 8.75881 8.77067 8.77779 8.77576 8.78247 8.77073 8.75503 8.73588 8.69568 8.60619 8.33684 6.91619 6.91349 7.29783 7.66136 8.32505 8.50729
-9999 -9999 -9999 -9999 -9999 -9999 -9999 2.97575 5.30827 8.4524 10.7799 10.9209 12.0496 12.6295 12.1498 11.6103 11.0586 10.8141 9.39203 7.83039 6.56742 5.07341 5.31226 6.37415 8.10708 9.68235 9.95822 9.62404 8.35473 8.94268 10.2853 10.995 11.1995 11.0264 10.5934 10.3407 9.55675 9.21357 8.12744 6.43264 5.76138 6.17646 4.37732 4.49613 5.15242 4.43676 5.59092 6.1396 4.75646 5.838 7.07856 7.70964 8.26071 8.51836 8.6175 8.77296 8.7716 8.77974 8.78189 8.77445 8.76942 8.73839 8.71192 8.55669 8.33002 7.00466 6.4469 6.55024 7.15613 7.68616 8.23821 8.46266
-9999 -9999 -9999 -9999 -9999 -9999 -9999 3.37689 5.47636 8.20173 9.85953 10.1515 11.4037 12.5165 12.3859 11.8249 11.65 11.0687 9.86165 8.52895 7.07273 6.36159 4.73446 6.32387 7.57161 8.90465 9.52455 8.48011 7.95314 8.8666 9.77476 10.1334 11.0509 11.0355 10.7277 9.42265 8.78312 9.04462 8.76642 8.28384 7.11524 7.05721 6.30412 5.98832 5.68954 4.72861 5.32717 5.38089 5.5357 6.83842 7.48098 7.90491 8.29006 8.3867 8.55093 8.76599 8.77983 8.78228 8.77594 8.77483 8.75343 8.68551 8.62748 8.3199 7.77928 6.77485 5.14735 6.28435 7.47355 7.82363 8.16465 8.34018
-9999 -9999 -9999 -9999 -9999 -9999 -9999 3.02106 5.25158 7.57996 8.55015 8.71016 10.981 12.3692 12.3659 12.0969 11.7836 10.3559 10.4335 10.1432 8.82898 6.91723 4.81808 5.00796 6.24419 8.00238 8.58107 6.86019 6.24841 6.68642 8.0633 9.29517 10.5818 10.9038 10.5178 8.48988 6.33526 7.32548 8.38398 8.37191 8.05332 6.96895 6.62022 6.30381 5.5106 4.17047 4.35511 4.71873 6.19644 6.66092 7.38217 7.98018 7.74612 7.87333 8.44553 8.77146 8.77832 8.77869 8.78417 8.77117 8.74605 8.61568 8.47794 8.25035 6.84877 5.97524 4.70689 6.16823 6.97718 7.40282 8.17287 8.35274
-9999 -9999 -9999 -9999 -9999 -9999 -9999 2.33178 3.94884 6.17402 7.06742 8.49584 10.6414 11.6938 12.1952 12.1783 11.9675 11.325 10.9362 10.1759 8.80885 6.94174 4.86685 3.51375 4.19173 6.55709 7.11196 5.52567 4.71603 5.70898 7.17685 9.35365 10.5946 10.7565 10.6373 10.214 8.63923 6.73791 6.73814 7.6824 6.88087 5.95021 6.45216 6.35154 5.56822 4.99655 4.63943 4.84526 5.68533 6.02981 6.86405 8.09845 8.27002 8.22879 8.74522 8.76557 8.77208 8.78618 8.78001 8.76972 8.74857 8.64115 8.40725 7.47243 6.65653 5.52355 5.37866 6.67849 7.24433 7.76996 8.14501 8.26378
-9999 -9999 -9999 -9999 -9999 -9999 -9999 1.14301 3.04644 5.13051 7.08154 8.92708 10.5146 10.632 11.4666 11.4597 11.8941 11.762 11.1658 10.5243 9.34556 6.94877 4.93224 2.73352 3.30478 5.7217 6.02505 4.96046 2.99952 5.01042 7.2288 9.2388 10.3239 9.46157 10.3323 10.2539 9.65987 8.52546 6.76511 6.79201 5.47115 5.40756 6.0762 6.28877 6.16968 5.73887 5.05324 5.15607 5.66263 5.78739 6.55356 7.50978 8.4446 8.5967 8.77028 8.77221 8.76943 8.77846 8.77474 8.74956 8.69587 8.58364 7.79895 6.86678 6.29038 5.49917 5.39822 6.90219 7.4936 7.82112 8.14426 8.26861
-9999 -9999 -9999 -9999 -9999 -9999 -9999 -9999 2.8538 5.00699 6.59878 7.02325 8.43372 9.19266 9.77859 9.90385 11.5865 11.6735 11.2932 10.7034 9.69698 7.8766 6.6062 4.49684 2.97872 3.58556 3.86362 4.41208 4.24141 5.13445 7.26597 9.48703 9.72348 8.3018 8.50494 8.79467 9.45194 9.10895 6.71256 5.49188 4.4775 5.18698 5.9336 6.10921 6.13896 5.98684 5.80739 5.50613 6.50706 7.24605 7.4125 8.0562 8.52992 8.65642 8.75036 8.75688 8.76371 8.75825 8.7247 8.69883 8.5728 8.29732 7.42011 5.31841 5.41052 5.178 4.52014 5.98653 6.90613 7.73289 8.16961 8.27824
-9999 -9999 -9999 -9999 -9999 -9999 -9999 -9999 2.13813 4.63027 5.15219 5.10727 4.27453 4.64946 7.70951 8.32091 9.93429 11.4615 11.3427 10.7638 9.82166 8.73474 7.05546 4.68387 2.79799 1.99704 4.00693 5.98024 6.38335 7.01051 8.31403 8.55639 7.10353 5.74075 6.49582 6.94811 8.68939 9.00194 8.65578 7.20923 5.55615 4.68999 5.69775 5.82648 5.88041 5.88546 5.84317 5.79162 6.91752 7.53949 7.96904 8.2001 8.60596 8.70537 8.73322 8.75919 8.74602 8.71911 8.64838 8.56873 8.2372 7.83701 6.40362 5.20756 4.45944 3.51134 5.6285 6.25033 7.11677 7.67093 8.10507 8.19569
