Test_Spring_2018b/11_17/Temp/20171122_002.txt
ncols	170
nrows	115
xllcorner	350000.000000
yllcorner	4445000.000000
cellsize	1000.000000
nodata_value	-9999.000000
[rows 31 to 61 of 115, columns 70 to 139 of 170]
6.1158 6.82578 7.08184 6.57438 6.61667 7.8314 8.09719 8.07423 7.98652 7.86772 7.29341 7.09752 6.64335 5.84756 5.51037 4.0992 -0.44953 0.830269 1.32751 0.00548821 0.736406 1.92954 0.884983 -2.20892 -3.54145 -5.6865 -4.9906 -5.61475 -7.33961 -9999 -9999 -9999 -9999 -9999 -9999 -9999 -9999 -9999 -9999 -9999 -9999 -9999 -9999 -9999 -9999 -9999 -9999 -9999 -9999 -9999 -9999 -9999 -9999 -9999 -9999 -9999 -9999 -9999 -9999 -9999 -9999 -9999 -9999 -9999 -9999 -9999 -9999 -9999 -9999 -9999
6.24181 6.56179 6.52281 6.03367 6.76933 7.44641 7.05237 6.79115 7.9162 7.91103 7.52175 6.61437 6.2776 5.92841 5.7119 4.54883 1.29712 -1.6346 -0.0725201 -0.0403361 -1.12864 0.811823 -0.217565 -2.89788 -6.68005 -4.62435 -5.15831 -7.80054 -8.45558 -9999 -9999 -9999 -9999 -9999 -9999 -9999 -9999 -9999 -9999 -9999 -9999 -9999 -9999 -9999 -9999 -9999 -9999 -9999 -9999 -9999 -9999 -9999 -9999 -9999 -9999 -9999 -9999 -9999 -9999 -9999 -9999 -9999 -9999 -9999 -9999 -9999 -9999 -9999 -9999 -9999
5.32307 6.13417 5.87386 5.6591 6.7562 6.72561 6.67656 7.09468 7.79347 7.92757 7.77248 7.37354 7.0272 6.65898 5.73386 4.4044 1.62073 -1.71533 -2.47609 -0.851139 -0.777176 -0.518681 -1.45718 -2.63446 -4.47439 -2.96856 -2.38324 -4.12801 -6.40802 -7.8702 -9999 -9999 -9999 -9999 -9999 -9999 -9999 -9999 -9999 -9999 -9999 -9999 -9999 -9999 -9999 -9999 -9999 -9999 -9999 -9999 -9999 -9999 -9999 -9999 -9999 -9999 -9999 -9999 -9999 -9999 -9999 -9999 -9999 -9999 -9999 -9999 -9999 -9999 -9999 -9999
4.09176 5.49014 5.10023 4.02065 4.67883 5.17141 6.13734 6.38293 6.51679 7.82951 7.75438 7.68773 7.1192 6.66317 5.91141 4.63168 2.81242 0.623473 -3.18316 -0.844178 0.986942 0.936474 0.833291 0.00788463 -1.75996 -0.282176 -0.212587 -2.44074 -4.96113 -6.46901 -7.09346 -9999 -9999 -9999 -9999 -9999 -9999 -9999 -9999 -9999 -9999 -9999 -9999 -9999 -9999 -9999 -9999 -9999 -9999 -9999 -9999 -9999 -9999 -9999 -9999 -9999 -9999 -9999 -9999 -9999 -9999 -9999 -9999 -9999 -9999 -9999 -9999 -9999 -9999 -9999
-9999 4.5966 4.221 2.90426 3.56671 4.45347 5.73165 6.40723 6.90488 7.29398 7.69063 7.63757 7.05579 5.34869 5.09953 5.01967 3.82758 1.3328 -1.15832 -1.80717 0.988393 1.78625 1.62027 2.24361 0.745898 1.4528 1.16297 0.373686 -2.05745 -4.28299 -5.21367 -7.0525 -9999 -9999 -9999 -9999 -9999 -9999 -9999 -9999 -9999 -9999 -9999 -9999 -9999 -9999 -9999 -9999 -9999 -9999 -9999 -9999 -9999 -9999 -9999 -9999 -9999 -9999 -9999 -9999 -9999 -9999 -9999 -9999 -9999 -9999 -9999 -9999 -9999 -9999
-9999 -9999 -9999 -9999 2.06707 3.29987 4.30449 5.55753 6.622 7.15074 7.66384 7.61656 6.45946 5.89016 5.83453 5.05101 3.67556 2.81019 1.23954 -0.39605 0.222444 2.60656 1.54184 3.23164 3.08754 3.39815 2.26771 0.150511 -2.69582 -4.34396 -5.17653 -6.66684 -9999 -9999 -9999 -9999 -9999 -9999 -9999 -9999 -9999 -9999 -9999 -9999 -9999 -9999 -9999 -9999 -9999 -9999 -9999 -9999 -9999 -9999 -9999 -9999 -9999 -9999 -9999 -9999 -9999 -9999 -9999 -9999 -9999 -9999 -9999 -9999 -9999 -9999
-9999 -9999 -9999 -9999 -9999 3.07045 3.83551 5.47999 6.35619 6.69789 7.52877 7.52509 7.083 6.74735 6.26288 5.63202 4.59638 3.45474 1.97693 1.83548 3.35839 3.37377 3.05217 3.3014 4.08547 3.87877 2.13699 -0.865047 -2.46024 -5.66879 -7.05866 -6.91758 -7.90466 -9999 -9999 -9999 -9999 -9999 -9999 -9999 -9999 -9999 -9999 -9999 -9999 -4.23926 -9999 -9999 -9999 -9999 -9999 -9999 -9999 -9999 -9999 -9999 -9999 -9999 -9999 -9999 -9999 -9999 -9999 -9999 -9999 -9999 -10.4197 -9999 -9999 -9999
-9999 -9999 -9999 -9999 2.8989 3.94489 4.74283 5.77264 5.89169 6.50752 7.46378 7.47226 7.15682 6.80062 6.00778 5.80585 5.21299 3.97361 3.71521 4.20936 4.435 4.69245 4.85084 4.71942 4.40154 3.99165 2.88743 1.48845 0.550227 -2.39892 -3.87618 -5.31079 -7.48287 -9.18362 -9999 -9999 -9999 -9999 -9999 -9999 -9999 -5.33434 -5.42554 -5.39791 -4.93303 -3.63023 -4.4141 -9999 -9999 -9999 -9999 -9999 -9999 -9999 -9999 -9999 -9999 -9999 -9999 -9999 -9999 -9999 -9999 -9999 -9999 -9999 -9.24435 -10.9679 -9999 -9999
-9999 -9999 -9999 -9999 3.1901 4.27056 4.80881 5.80976 6.38084 6.77949 7.10802 7.42089 7.36105 6.9672 6.37124 6.36727 5.5487 5.10415 4.7853 5.45533 5.58435 5.30999 4.96808 4.66687 3.8172 3.72065 3.4678 2.58184 1.1254 -0.375835 -2.51431 -5.46047 -8.35096 -10.684 -9999 -9999 -9999 -9999 -9999 -9999 -5.08231 -4.00121 -3.35822 -4.76018 -3.58384 -2.50988 -2.69539 -3.75244 -9999 -9999 -9999 -9999 -9999 -9999 -9999 -9999 -9999 -9999 -9999 -9999 -9999 -9999 -1.09892 -2.86411 -6.41682 -8.24452 -9.34682 -10.9153 -9999 -9999
-9999 -9999 -9999 -9999 2.96608 4.24381 5.10891 5.87639 5.99711 6.7875 7.14668 7.31214 7.28539 7.20122 7.08469 6.36855 6.05575 4.97807 5.99435 5.94955 5.68588 4.65738 4.21143 2.45102 1.67795 1.5277 3.01267 1.92325 -0.356591 -3.20818 -6.61639 -6.82894 -7.96452 -10.0493 -9999 -9999 -9999 -9999 -9999 -9999 -4.7462 -3.58974 -2.62677 -2.49681 -3.89124 -1.9742 -2.05279 -3.14596 -3.40488 -2.53404 -2.0998 -2.4326 -1.38832 -1.09491 -1.58768 -1.08035 -9999 -9999 -9999 -9999 -0.841439 -0.783642 -0.742971 -1.4858 -5.36556 -8.01978 -10.4051 -10.6444 -9999 -9999
-9999 -9999 -9999 -9999 3.84248 4.62972 5.02765 5.09149 5.78054 6.47211 6.91052 7.21436 7.14494 7.11162 7.07596 6.82463 6.25295 6.34534 6.29186 5.95695 3.99979 1.718 2.70952 1.36018 -1.52197 0.843659 2.14209 0.908657 -1.85339 -5.05754 -6.08397 -6.02905 -7.60739 -9.64008 -9999 -9999 -9999 -7.90899 -6.24628 -6.11104 -5.62926 -4.0838 -2.91146 -2.03017 -1.43502 -1.4539 -2.11393 -3.184 -4.34615 -3.95171 -1.9019 -1.41345 -0.98756 -0.683404 -1.14246 -0.933119 -0.396309 -0.125798 -0.0822116 -0.225883 -0.268937 -0.236868 -0.315619 -1.00973 -4.47531 -6.46793 -7.74452 -10.312 -9999 -9999
-9999 -9999 -9999 -9999 3.34086 4.02607 4.58099 5.50184 5.59829 6.17917 6.52559 7.04899 7.09961 6.48927 6.97703 6.90271 6.7996 6.59268 6.29496 4.63997 2.36343 0.0832907 -0.96905 -0.512093 -2.25009 -1.34265 -0.0263537 -0.489631 -2.17516 -5.02811 -5.42493 -6.06894 -8.71684 -11.2742 -9999 -9999 -11.1422 -7.94242 -5.69329 -4.53905 -4.19 -4.16797 -2.68848 -2.58478 -0.991481 -1.36998 -3.51367 -3.28916 -4.12939 -3.60876 -2.87377 -2.68106 -1.59565 -0.560875 -0.379093 -0.390251 -0.0541246 0.00330968 0.00767305 -0.0151548 -0.266632 -0.170437 -0.166352 -0.603761 -3.12276 -4.35812 -5.72297 -10.2914 -9999 -9999
-9999 -9999 -9999 -9999 3.68516 4.45187 5.29111 5.42707 6.04761 5.98199 5.80613 6.66768 6.98914 6.55511 6.23898 6.79152 6.74141 6.65604 6.52338 4.9672 3.1696 0.453452 -1.23307 -2.25547 -2.9828 -3.94016 -3.25978 -3.45704 -3.72411 -3.39853 -4.16839 -5.716 -7.26774 -10.1725 -11.7486 -9999 -10.9667 -9.52746 -6.85116 -4.57968 -3.14308 -3.67769 -1.99437 -1.69385 -0.719419 -1.30827 -2.61737 -3.19375 -3.25829 -3.44285 -2.31465 -1.55997 -1.02205 -0.675894 -0.237468 -0.138567 -0.0386282 -0.00528971 0.00672446 0.0196994 0.000793866 -0.0208979 -0.0840953 -0.256259 -1.42133 -2.65816 -5.30822 -10.1476 -9999 -9999
-9999 -9999 -9999 1.42896 3.58942 4.87564 5.37445 5.73422 6.05047 6.27817 6.51906 6.73949 6.88801 6.82114 5.68513 5.76512 5.9553 6.5824 6.52668 6.37839 5.3927 2.08847 0.951781 -0.70591 -2.85869 -3.74644 -3.28603 -1.50618 -1.5747 -2.7363 -4.03272 -5.81701 -6.95295 -8.73571 -12.1596 -11.8558 -10.3194 -9.18011 -7.36493 -4.58641 -2.64354 -1.78493 -1.47012 -0.790088 -0.446978 -1.25591 -2.02516 -2.3562 -2.95591 -3.05361 -3.06428 -2.38857 -1.85561 -0.672047 -0.28494 -0.114317 -0.0356189 0.000266346 0.023029 0.0458629 0.0455788 0.0100752 -0.00101482 -0.0228032 -0.123175 -1.76056 -5.84604 -8.92833 -9999 -9999
-9999 -9999 -9999 -9999 3.18584 3.75351 3.90369 4.16396 4.69411 5.30393 6.16977 6.2767 6.74698 6.7368 5.76179 4.62968 5.59224 5.96751 6.35832 6.36159 6.22918 3.45863 2.00909 0.871095 -1.19191 -0.42974 0.29041 0.355938 -0.0600559 -2.56093 -5.0523 -7.91595 -10.6054 -10.7308 -12.1758 -11.4102 -10.3976 -7.78982 -5.95941 -5.22552 -4.70338 -1.88146 -1.15393 -0.919859 -0.209597 -1.21601 -1.48619 -2.24646 -2.04088 -2.12141 -2.13224 -4.20896 -2.14668 -2.04045 -0.708592 -0.11751 0.00613959 0.0290367 0.0550994 0.048343 0.0435424 0.0251021 0.0266037 -0.00816378 -0.0492521 -1.1196 -6.28741 -8.8963 -9999 -9999
-9999 -9999 -9999 -9999 -9999 -9999 3.36547 3.79854 4.07579 4.55346 6.01891 6.40919 6.66501 6.67901 6.23671 5.1189 4.81387 5.00441 3.91183 4.80924 6.04304 6.01075 5.86251 3.42898 2.19532 3.41359 3.05829 1.2379 -0.191671 -1.60259 -4.52013 -6.64253 -9.72484 -12.0403 -12.1264 -9.56822 -7.44466 -4.8059 -3.64896 -4.32731 -3.62166 -2.22727 -0.642678 0.11492 -0.0840698 -1.14465 -1.31057 -2.47467 -1.36248 -1.28141 -1.82118 -2.28944 -2.11539 -1.4648 -1.22611 -0.187013 0.0536901 0.085581 0.0800488 0.071422 0.0544257 0.036239 0.00725726 -0.0177688 -0.0470307 -0.109697 -5.42166 -9.56411 -9999 -9999
-9999 -9999 -9999 -9999 -9999 -9999 2.34403 2.60901 3.30025 5.07182 5.99933 6.36973 6.35063 6.51548 6.20044 5.21351 4.20028 3.24334 2.01519 2.70366 4.5412 5.62599 5.7516 3.61933 4.74583 4.34034 3.53183 1.14782 -0.605204 -1.52824 -4.32798 -6.71339 -8.76111 -11.594 -10.3786 -9.04338 -7.33138 -4.45019 -2.51257 -1.72567 -2.41213 -1.52703 0.29839 0.291935 -0.732226 -0.683404 -1.31704 -2.90217 -1.28508 -0.841102 -1.2267 -1.14539 -1.29032 -1.05809 -0.621502 -0.204007 0.0691607 0.094138 0.0853916 0.0630215 0.0500209 0.0370487 0.00305041 -0.00951605 -0.0390719 -0.0813543 -3.51591 -9.64768 -9999 -9999
-9999 -9999 -9999 -9999 -9999 -9999 -9999 1.41727 2.99282 5.34452 5.92788 5.87028 6.34944 6.38284 5.90465 5.48678 4.25896 2.586 -0.614298 0.190369 1.88145 4.32546 5.61276 5.44475 4.74392 3.51308 0.520558 -2.09583 -2.40124 -2.81792 -4.85742 -6.68903 -8.96625 -7.63735 -6.18519 -4.60002 -3.77131 -3.99614 -2.33733 -0.989117 -1.58228 -0.493142 0.779447 0.177851 -0.184916 -0.491944 -1.2213 -1.28059 -1.22248 -0.310557 -0.967219 -0.587439 -0.584236 -0.622058 -0.417396 -0.178978 0.0727856 0.102608 0.0898607 0.0813029 0.0373917 0.0349177 0.00585336 -0.0235208 -0.0521884 -0.0909266 -0.416391 -3.72971 -5.71424 -9999
-9999 -9999 -9999 -9999 -9999 -9999 -9999 -0.0386384 0.747503 3.53247 4.392 5.61824 6.26514 6.28677 5.48663 5.03603 3.21243 2.61254 -0.349013 -1.69119 -0.562088 -0.997233 2.37184 5.35653 4.72204 -1.2814 -3.44746 -4.98796 -4.57519 -4.55782 -5.11624 -8.25081 -9.11366 -6.28106 -4.49869 -3.12059 -2.07898 -1.86913 -1.91663 0.199403 0.468522 1.14455 0.977388 1.02449 -0.0679643 -0.75035 -0.189367 -0.876272 -1.00667 -0.0640032 -1.02232 -0.183279 -0.290398 -0.561849 -0.590071 -0.0422998 0.0575576 0.103942 0.0935882 0.058807 0.0172393 -0.0121619 -0.00786271 -0.0308023 -0.0769932 -0.0909981 -0.137741 -0.551879 -2.27262 -2.88549
-9999 -9999 -9999 -9999 -9999 -9999 -9999 -9999 -1.85397 2.01622 3.78388 4.7085 6.01031 6.1597 5.73373 4.95959 3.10224 1.46796 -1.18024 -4.20118 -5.79711 -1.02298 3.13522 5.30943 5.03796 0.0417664 -1.92247 -2.00159 -0.82499 -1.79406 -2.52655 -4.9033 -5.61328 -6.60547 -5.98946 -4.0654 -2.50193 -0.995424 0.0946468 0.170602 0.869294 1.26753 1.28461 1.39629 1.2529 1.13295 0.0749962 0.775708 0.151795 0.459572 0.237183 0.0355121 -0.131731 -0.740464 -0.335526 0.0218385 0.103779 0.116869 0.0817589 0.0635403 0.0343197 -0.0146162 -0.0436459 -0.0607551 -0.0795043 -0.114306 -0.130848 -0.172037 -0.380425 -1.4227
-9999 -9999 -9999 -9999 -9999 -9999 -9999 -9999 -3.79175 0.058956 1.91402 4.29863 5.52465 6.01943 5.94234 5.31325 3.89957 1.77841 0.0107367 -3.36026 -6.8579 -1.84792 2.62678 5.04061 5.1752 0.983409 2.1603 1.229 1.62111 -0.0930202 -0.798851 -1.34309 -2.57584 -3.92688 -5.4035 -6.19277 -2.67221 -0.870078 0.575745 1.24909 1.62174 1.79837 1.68256 1.40351 -0.179137 0.998062 0.914136 0.779137 0.627249 0.54627 0.408187 0.248585 0.15737 0.111977 -0.296675 0.133508 0.106222 0.0994513 0.088596 0.0636281 0.0276027 -0.00624157 -0.0453422 -0.060815 -0.0891237 -0.12045 -0.147439 -0.175714 -0.205835 -0.279612
-9999 -9999 -9999 -9999 -9999 -9999 -9999 -9999 -9.2088 -3.60662 0.900677 3.24735 5.16145 5.67783 5.86359 5.02435 4.3938 2.87077 1.42911 -0.788133 -4.10323 -6.14427 -2.39019 3.06712 5.09545 4.9527 4.83595 3.75589 2.78391 2.67003 2.75345 1.6321 -0.0213122 -2.19585 -2.87876 -3.64476 -1.02418 -0.676484 -0.879509 1.99481 1.98608 1.80519 0.682608 -0.563256 -0.345807 -1.12288 -0.556551 -1.48536 -0.661609 0.0488715 0.305362 0.268917 0.168021 0.137385 0.0799235 0.13799 0.123634 0.0981043 0.075329 0.0566257 0.0317504 -0.0164913 -0.0508686 -0.0546901 -0.0943072 -0.128361 -0.157349 -0.182388 -0.206028 -0.265049
-9999 -9999 -9999 -9999 -9999 -9999 -9999 -9999 -8.96768 -4.25367 -0.259818 2.14143 4.43902 4.96469 5.73259 5.554 4.89482 3.57022 1.91887 0.0930445 -2.75172 -4.86542 -2.35698 1.26935 3.86664 4.8097 4.81957 4.76526 4.52718 4.44069 4.16173 3.97872 2.78742 0.728579 -0.434479 -2.13838 0.7825 1.10225 0.633347 2.08107 1.99293 -0.232377 -1.94796 -2.17706 -1.14723 -2.14968 -2.3436 -2.96658 -2.28848 -0.444941 -1.00719 -0.9138 -0.0746276 0.0497137 0.116709 0.127226 0.108106 0.0908461 0.0631402 0.0515901 0.0394946 -0.00829513 -0.0389632 -0.0624824 -0.111013 -0.134484 -0.17395 -0.213671 -0.24013 -0.279679
-9999 -9999 -9999 -9999 -9999 -9999 -9999 -9999 -8.87754 -5.70571 -2.11253 1.42293 3.8773 4.86162 5.57515 5.5574 4.79361 4.1307 3.09262 1.48571 0.382805 -1.52592 -4.14209 0.240861 1.592 2.8038 3.31923 4.57703 4.55424 3.98896 3.35494 3.97582 3.79197 2.16448 1.62713 0.71928 2.34069 2.33571 2.27964 2.17962 0.299013 -2.3106 -4.40035 -2.9248 -3.25332 -2.5723 -4.71455 -2.98957 -1.59998 -1.15912 -2.11978 -2.84221 -0.653846 -0.314551 -0.112515 0.0122457 0.0897186 0.0543986 0.0632715 0.0365763 0.0159083 -0.00592627 -0.04005 -0.0673096 -0.102709 -0.138928 -0.175824 -0.213002 -0.255406 -0.313381
-9999 -9999 -9999 -9999 -9999 -9999 -9999 -9999 -9999 -7.58287 -3.0147 1.05122 3.31096 4.72841 5.41399 5.39199 4.99722 4.5446 3.89809 2.73711 1.28193 -1.01269 -2.71531 -1.63599 -0.311456 -0.151076 0.729769 3.27573 4.14939 2.92506 -0.0939995 1.70039 3.70318 3.66992 3.49653 3.30093 3.05268 2.82342 2.33055 1.02664 -2.94395 -3.74031 -5.30817 -5.14787 -5.96049 -4.22358 -4.89376 -3.1229 -2.36402 -2.08665 -3.7531 -3.40444 -1.48824 -0.733838 -0.874928 -0.416573 0.0264973 0.0278871 0.0272649 0.00181362 -0.00268282 -0.0137516 -0.0363846 -0.0791467 -0.1106 -0.138438 -0.194212 -0.21407 -0.378581 -0.491133
-9999 -9999 -9999 -9999 -9999 -9999 -9999 -9999 -9999 -8.48225 -3.93585 0.853618 2.38606 3.91513 5.23327 5.25031 4.65252 4.08398 3.49931 2.83573 1.07191 -0.637236 -2.26765 -2.81503 -2.48652 -2.49471 -1.07417 2.23937 2.88426 2.61485 -0.543076 -1.61741 1.05658 3.3024 3.47594 3.26702 0.61508 1.16994 -0.267119 -2.21397 -2.75943 -3.62034 -5.42494 -4.57847 -5.90499 -5.35832 -5.51291 -4.51405 -4.03463 -2.84294 -4.29707 -4.29076 -2.41066 -1.46333 -1.45286 -0.457227 -0.110662 -0.0295741 -0.019208 -0.0158681 -0.0256056 -0.0242708 -0.0485512 -0.0788024 -0.114211 -0.178401 -0.309369 -0.681815 -2.61859 -2.6325
-9999 -9999 -9999 -9999 -9999 -9999 -9999 -9999 -9999 -7.96091 -4.80816 -0.559276 2.58568 2.77585 4.30024 5.08302 4.43422 3.70512 2.95998 2.63105 0.711932 -1.39443 -3.0958 -5.10788 -4.77707 -3.3328 -0.95354 1.18674 1.57156 1.13203 -0.552794 0.25092 2.07323 3.0389 3.3203 3.08985 2.50666 2.16523 1.10451 0.637897 -0.833774 -3.12883 -4.04151 -3.48668 -5.92385 -5.76936 -4.88833 -5.84298 -4.28903 -3.55282 -5.42647 -3.96051 -2.28977 -1.4423 -0.702792 -0.359749 -0.231011 -0.0264553 -0.0342172 -0.0296484 -0.0337664 -0.0514297 -0.0664237 -0.117035 -0.161909 -0.381046 -0.696874 -2.49729 -3.26612 -3.13629
-9999 -9999 -9999 -9999 -9999 -9999 -9999 -9999 -9999 -7.42773 -4.59008 -0.907096 1.33302 1.72735 3.41898 4.92227 4.74556 3.98761 3.75211 2.96814 1.33969 -0.457445 -2.42028 -3.37509 -5.56637 -3.41032 -1.68666 0.124934 0.973167 -0.406936 -1.1102 0.132058 1.36611 1.85642 3.10054 3.08266 2.66834 0.904982 0.0395544 0.390406 0.010977 -0.645449 -2.22943 -2.31317 -3.33624 -3.76844 -4.17749 -5.46202 -4.65878 -4.59142 -4.39384 -2.6227 -1.76031 -1.19312 -0.678231 -0.553165 -0.336858 -0.0521001 -0.0395657 -0.0428158 -0.0584043 -0.0674011 -0.104276 -0.204419 -0.291519 -0.716054 -1.45562 -2.82193 -5.03582 -3.50888
-9999 -9999 -9999 -9999 -9999 -9999 -9999 -9999 -9999 -7.9176 -4.90307 -1.75661 -0.445596 -0.229487 2.83867 4.71431 4.70988 4.34681 3.92448 1.99711 2.10452 1.71576 -0.0555212 -2.63304 -5.46273 -5.19849 -3.50524 -1.10539 -0.314027 -2.60898 -3.42795 -2.82917 -0.962722 0.706711 2.44898 2.88646 2.36623 -0.373981 -3.28649 -1.95069 -0.523537 -0.543683 -0.978553 -2.44853 -2.92472 -3.35732 -4.43411 -6.24946 -5.98571 -5.49973 -3.49803 -2.87677 -1.90838 -1.10635 -1.42853 -1.26254 -0.495352 -0.0610822 -0.0581883 -0.0643533 -0.0639723 -0.0889063 -0.130581 -0.314785 -0.509202 -0.825245 -2.7277 -3.91672 -5.64541 -3.67941
-9999 -9999 -9999 -9999 -9999 -9999 -9999 -9999 -9999 -8.85829 -6.67291 -3.66603 -2.45885 -0.528859 2.37014 3.79209 4.46987 4.44755 4.16383 3.29738 2.77468 1.75073 -0.0920387 -2.60954 -5.40688 -7.22808 -6.30417 -3.06962 -2.30787 -4.42511 -5.51227 -4.16447 -2.17581 0.76977 2.44973 2.67062 2.51043 1.93845 -0.190534 -2.76162 -2.76412 -1.49169 -2.57871 -3.84059 -3.16696 -3.30767 -4.37087 -5.14806 -5.61508 -5.34897 -4.20283 -3.74398 -2.62322 -0.961644 -0.736111 -0.798088 -0.106578 -0.0854855 -0.0832456 -0.0709486 -0.0862803 -0.107439 -0.143516 -0.296407 -0.620406 -1.89166 -3.00237 -4.54158 -4.7457 -3.00383
-9999 -9999 -9999 -9999 -9999 -9999 -9999 -9999 -9999 -10.4742 -7.90211 -5.08609 -2.44998 0.043545 2.18852 2.3471 3.47497 3.46628 4.05439 3.87772 3.07465 2.21136 0.622884 -2.6105 -5.3292 -8.29334 -7.51403 -4.22574 -3.76975 -5.20143 -7.8448 -5.1221 -2.11986 0.59985 2.06884 0.905385 2.08265 1.97649 1.17274 -0.362008 -2.74324 -2.71013 -4.49861 -4.58863 -3.68954 -3.40686 -3.57244 -4.15926 -5.08949 -4.94266 -4.2478 -4.0861 -3.05763 -1.77227 -0.515791 -0.316868 -0.0889338 -0.0929746 -0.103444 -0.0980758 -0.110055 -0.151197 -0.231033 -0.390129 -1.45803 -2.72535 -3.51207 -4.58915 -4.73361 -2.71532
