Test_Spring_2018b/11_17/Temp/20171116_010.txt
ncols	170
nrows	115
xllcorner	350000.000000
yllcorner	4445000.000000
cellsize	1000.000000
nodata_value	-9999.000000
[rows 32 to 63 of 115, columns 72 to 143 of 170]
14.4099 14.0668 14.5969 15.0849 14.7764 14.5747 15.3731 15.3725 15.0982 14.4547 14.2186 13.9739 13.8241 12.9993 10.6846 8.59799 9.71661 9.74346 8.97043 10.3572 9.62461 7.71356 5.01567 6.48126 6.09891 4.17446 3.69955 -9999 -9999 -9999 -9999 -9999 -9999 -9999 -9999 -9999 -9999 -9999 -9999 -9999 -9999 -9999 -9999 -9999 -9999 -9999 -9999 -9999 -9999 -9999 -9999 -9999 -9999 -9999 -9999 -9999 -9999 -9999 -9999 -9999 -9999 -9999 -9999 -9999 -9999 -9999 -9999 -9999 -9999 -9999 -9999 -9999
13.9594 13.8121 14.6001 14.5834 14.5263 14.8035 15.298 15.3969 15.2898 15.009 14.7661 14.5079 13.8526 12.909 10.9281 8.55292 8.0145 9.17742 9.23342 9.42038 8.75276 7.91403 6.60184 7.67556 8.09206 6.82835 5.17389 4.11073 -9999 -9999 -9999 -9999 -9999 -9999 -9999 -9999 -9999 -9999 -9999 -9999 -9999 -9999 -9999 -9999 -9999 -9999 -9999 -9999 -9999 -9999 -9999 -9999 -9999 -9999 -9999 -9999 -9999 -9999 -9999 -9999 -9999 -9999 -9999 -9999 -9999 -9999 -9999 -9999 -9999 -9999 -9999 -9999
13.4206 12.6563 13.1312 13.4876 14.1362 14.3017 14.4002 15.3398 15.2897 15.2461 14.8447 14.5239 13.9923 13.0842 11.7912 10.2343 7.52321 9.19544 10.5049 10.4714 10.3997 9.81202 8.55138 9.60526 9.65411 8.03884 6.20056 5.12478 4.67962 -9999 -9999 -9999 -9999 -9999 -9999 -9999 -9999 -9999 -9999 -9999 -9999 -9999 -9999 -9999 -9999 -9999 -9999 -9999 -9999 -9999 -9999 -9999 -9999 -9999 -9999 -9999 -9999 -9999 -9999 -9999 -9999 -9999 -9999 -9999 -9999 -9999 -9999 -9999 -9999 -9999 -9999 -9999
12.807 11.8733 12.351 12.9884 13.8833 14.3388 14.69 14.9708 15.2573 15.2233 14.8126 13.5995 13.4265 13.3744 12.5289 10.7539 8.98129 8.52228 10.5197 11.0914 10.9748 11.4205 10.3525 10.8565 10.649 10.076 8.30816 6.69842 6.03496 4.72434 -9999 -9999 -9999 -9999 -9999 -9999 -9999 -9999 -9999 -9999 -9999 -9999 -9999 -9999 -9999 -9999 -9999 -9999 -9999 -9999 -9999 -9999 -9999 -9999 -9999 -9999 -9999 -9999 -9999 -9999 -9999 -9999 -9999 -9999 -9999 -9999 -9999 -9999 -9999 -9999 -9999 -9999
-9999 -9999 11.2946 12.1577 12.8734 13.746 14.5015 14.8817 15.2512 15.2214 14.4004 13.999 13.9643 13.4105 12.4344 11.822 10.706 9.54326 9.98773 11.6909 10.9332 12.1395 12.0369 12.2579 11.4505 9.91403 7.86694 6.66893 6.07536 5.01332 -9999 -9999 -9999 -9999 -9999 -9999 -9999 -9999 -9999 -9999 -9999 -9999 -9999 -9999 -9999 -9999 -9999 -9999 -9999 -9999 -9999 -9999 -9999 -9999 -9999 -9999 -9999 -9999 -9999 -9999 -9999 -9999 -9999 -9999 -9999 -9999 -9999 -9999 -9999 -9999 -9999 -9999
-9999 -9999 -9999 12.0072 12.5518 13.7275 14.3252 14.5718 15.1679 15.1692 14.8584 14.6239 14.2835 13.8389 13.1056 12.2963 11.2469 11.1501 12.2398 12.2532 12.0254 12.2039 12.763 12.6147 11.3616 9.20335 8.06374 5.73754 4.7461 4.84754 4.14516 -9999 -9999 -9999 -9999 -9999 -9999 -9999 -9999 -9999 -9999 -9999 -9999 6.84632 -9999 -9999 -9999 -9999 -9999 -9999 -9999 -9999 -9999 -9999 -9999 -9999 -9999 -9999 -9999 -9999 -9999 -9999 -9999 -9999 2.6289 -9999 -9999 -9999 -9999 -9999 -9999 -9999
-9999 -9999 11.9153 12.6408 13.2119 13.9486 14.0134 14.4491 15.1344 15.1445 14.9241 14.6752 14.1153 13.9771 13.56 12.6815 12.5022 12.859 13.0234 13.2095 13.3238 13.2304 13.0031 12.7092 11.8962 10.8957 10.2239 8.10391 7.02889 6.00593 4.45798 3.24734 -9999 -9999 -9999 -9999 -9999 -9999 -9999 6.04489 5.98838 6.01674 6.35706 7.29515 6.74483 -9999 -9999 -9999 -9999 -9999 -9999 -9999 -9999 -9999 -9999 -9999 -9999 -9999 -9999 -9999 -9999 -9999 -9999 -9999 3.48495 2.26671 -9999 -9999 -9999 -9999 -9999 -9999
-9999 -9999 12.115 12.8869 13.2719 13.9873 14.3963 14.656 14.8934 15.1206 15.0827 14.8074 14.3883 14.3919 13.8143 13.5033 13.2813 13.7639 13.8595 13.6661 13.4234 13.2084 12.6011 12.5299 12.3245 11.6889 10.6464 9.57239 8.0123 5.91052 3.84967 2.18777 -9999 -9999 -9999 -9999 -9999 -9999 6.22852 7.00844 7.476 6.48492 7.33302 8.10811 7.9848 7.22879 -9999 -9999 -9999 -9999 -9999 -9999 -9999 -9999 -9999 -9999 -9999 -9999 -9999 -9999 9.27038 8.02163 5.49781 4.20458 3.42903 2.3213 -9999 -9999 -9999 -9999 -9999 -9999
-9999 -9999 11.9701 12.8817 13.4989 14.0468 14.1339 14.6944 14.9334 15.0555 15.0415 14.9874 14.9109 14.4071 14.191 13.4289 14.1599 14.1329 13.9486 13.2172 12.9 11.6436 11.0902 10.9594 12.0141 11.2322 9.6011 7.5626 5.10899 4.94486 4.13527 2.65003 -9999 -9999 -9999 -9999 -9999 -9999 6.47952 7.31368 8.00994 8.112 7.12666 8.50341 8.44598 7.67589 7.50112 8.13249 8.45271 8.21092 8.96288 9.18478 8.84603 9.22068 -9999 -9999 -9999 -9999 9.45062 9.50251 9.54187 9.02217 6.26478 4.38174 2.69078 2.53469 -9999 -9999 -9999 -9999 -9999 -9999
-9999 -9999 12.6102 13.1708 13.4538 13.4988 13.9904 14.48 14.7771 14.9981 14.9541 14.9369 14.9188 14.7474 14.3474 14.4208 14.3894 14.1562 12.7643 11.1394 11.8477 10.8816 8.81306 10.487 11.4073 10.5212 8.54477 6.2534 5.4983 5.52512 4.39902 2.95097 -9999 -9999 -9999 4.20784 5.40232 5.50795 5.86125 6.97356 7.81982 8.45679 8.89105 8.87584 8.41624 7.66273 6.84374 7.13537 8.60812 8.96744 9.26453 9.49441 9.18003 9.34699 9.74248 9.94775 9.99078 9.89981 9.88018 9.91375 9.86798 9.3831 6.91632 5.50497 4.60471 2.79399 -9999 -9999 -9999 -9999 -9999 -9999
-9999 -9999 12.2659 12.7531 13.1475 13.801 13.8695 14.2846 14.5294 14.8919 14.9338 14.5055 14.8614 14.8169 14.7521 14.6127 14.4077 13.2333 11.6139 9.99007 9.24018 9.5576 8.31417 8.948 9.88049 9.53635 8.32286 6.28128 5.99263 5.51377 3.61608 1.79317 -9999 -9999 1.90167 4.19191 5.80516 6.63822 6.89745 6.92368 7.98962 8.07409 9.22096 8.95145 7.43349 7.60366 7.01192 7.39365 7.9337 8.08201 8.85607 9.60231 9.7449 9.74985 10.0024 10.0558 10.0709 10.0661 9.8978 9.97702 9.9902 9.68827 7.90149 7.03051 6.07089 2.82857 -9999 -9999 -9999 -9999 -9999 -9999
-9999 -9999 12.5228 13.0673 13.6638 13.7593 14.2012 14.1538 14.0259 14.6437 14.8667 14.5647 14.3478 14.7513 14.725 14.6731 14.5866 13.4831 12.2056 10.2708 9.06828 8.33096 7.80758 7.10504 7.58293 7.43432 7.23585 7.46047 6.89679 5.77309 4.66407 2.58626 1.4648 -9999 2.03384 3.06858 4.98701 6.6176 7.65324 7.28306 8.49501 8.72045 9.41821 9.00823 8.08566 7.68913 7.65356 7.53242 8.34778 8.89491 9.27929 9.53898 9.86071 9.94433 10.0285 10.0648 10.0854 10.1062 10.1037 10.0988 10.0639 9.95102 9.1299 8.26079 6.38108 2.94516 -9999 -9999 -9999 -9999 -9999 -9999
-9999 10.9446 12.4686 13.3826 13.7354 13.9896 14.2137 14.3759 14.5454 14.7044 14.8152 14.7663 13.9652 14.0324 14.1783 14.6354 14.6044 14.5057 13.8077 11.4534 10.6383 9.44721 7.90591 7.25795 7.57763 8.83795 8.7797 7.94205 7.00899 5.71648 4.89522 3.62285 1.17833 1.39972 2.50229 3.32341 4.62804 6.62088 8.01828 8.64256 8.87895 9.36932 9.62463 9.06173 8.52465 8.29917 7.88196 7.82283 7.82582 8.31851 8.70026 9.55529 9.84426 9.97586 10.0449 10.0831 10.1115 10.1393 10.15 10.1352 10.1373 10.1317 10.0724 8.91477 6.01705 3.8345 -9999 -9999 -9999 -9999 -9999 -9999
-9999 -9999 12.1943 12.5949 12.6981 12.8806 13.2566 13.6908 14.3059 14.3851 14.7253 14.7237 14.0321 13.2352 13.9328 14.211 14.4991 14.509 14.4198 12.4395 11.4039 10.5879 9.10985 9.63803 10.1418 10.1781 9.87072 8.07648 6.28978 4.22688 2.30372 2.21186 1.17669 1.72445 2.45354 4.32237 5.63827 6.17314 6.55767 8.58302 9.10996 9.29067 9.80884 9.10217 8.92127 8.3898 8.54714 8.5003 8.50316 7.03241 8.50559 8.59377 9.55626 9.98938 10.0883 10.1172 10.1478 10.1545 10.162 10.1593 10.1704 10.1573 10.142 9.38989 5.71525 3.87031 -9999 -9999 -9999 -9999 -9999 -9999
-9999 -9999 -9999 -9999 12.3256 12.6308 12.826 13.1655 14.2082 14.4894 14.6766 14.6933 14.3863 13.5965 13.3904 13.5373 12.7677 13.4142 14.2974 14.2754 14.1677 12.4272 11.5336 12.393 12.1288 10.8189 9.78756 8.7698 6.67812 5.14358 2.93946 1.28472 1.22291 3.05014 4.56762 6.45876 7.29457 6.82246 7.33836 8.34447 9.48724 10.0399 9.90987 9.1649 9.05856 8.23922 9.04337 9.11184 8.73736 8.41386 8.54048 9.01686 9.19945 9.95292 10.1367 10.1702 10.1783 10.1836 10.1824 10.1799 10.1721 10.1654 10.1559 10.1227 6.34549 3.40664 -9999 -9999 -9999 -9999 -9999 -9999
-9999 -9999 -9999 -9999 11.6081 11.7931 12.2833 13.5456 14.2045 14.4714 14.4626 14.587 14.3709 13.6769 12.9646 12.2933 11.4266 11.9248 13.2397 14.0145 14.1021 12.5762 13.366 13.0667 12.4787 10.7662 9.50353 8.83317 6.82489 5.10248 3.63586 1.61159 2.4779 3.43249 4.65885 6.72147 8.11435 8.68789 8.21026 8.85443 10.1693 10.1773 9.45904 9.50571 9.06593 7.94642 9.11082 9.43818 9.17363 9.24205 9.1413 9.3191 9.64268 9.95257 10.1594 10.1889 10.1939 10.1894 10.1911 10.1935 10.1805 10.183 10.1735 10.1551 7.71735 3.35956 -9999 -9999 -9999 -9999 -9999 -9999
-9999 -9999 -9999 -9999 -9999 10.9538 12.0748 13.7509 14.1643 14.1259 14.4726 14.5032 14.1708 13.8827 13.0178 11.8356 9.56234 10.1434 11.3539 13.0984 14.0146 13.8899 13.3763 12.4882 10.3422 8.46385 8.23366 7.92434 6.45816 5.13069 3.50017 4.44444 5.4794 6.61221 7.20841 7.05599 8.24978 9.22343 8.81298 9.60289 10.5237 10.1074 9.86113 9.65418 9.14627 9.11529 9.1677 9.82887 9.37092 9.65214 9.65703 9.64201 9.79996 9.98191 10.1733 10.2061 10.2085 10.2137 10.1936 10.2031 10.1939 10.1845 10.1759 10.1604 9.94065 7.59346 6.19133 -9999 -9999 -9999 -9999 -9999
-9999 -9999 -9999 -9999 -9999 9.92588 10.4841 12.4694 13.08 13.9575 14.4238 14.446 13.8838 13.5714 12.2816 11.8648 9.76236 8.81072 9.62035 9.31116 11.7126 13.837 13.3709 9.07881 7.52275 6.41217 6.69461 6.69521 6.28579 4.02898 3.40749 5.42446 6.695 7.68008 8.42809 8.58544 8.56208 10.0839 10.2875 10.7827 10.6766 10.7232 9.9565 9.48194 9.89453 9.41594 9.33393 10.017 9.34386 9.95259 9.87858 9.69672 9.68833 10.0907 10.1735 10.2181 10.2225 10.2088 10.1906 10.1807 10.1954 10.1909 10.1701 10.1725 10.1518 9.87282 8.65898 8.23548 8.70722 -9999 -9999 -9999
-9999 -9999 -9999 -9999 -9999 -9999 8.63943 11.3993 12.6578 13.3204 14.2539 14.3671 14.0679 13.5265 12.2127 11.0577 9.17844 7.03169 5.89374 9.3006 12.2653 13.8121 13.6053 10.0324 8.62107 8.5537 9.38177 8.67947 8.14659 6.43061 5.91861 5.20762 5.64638 7.01866 8.1404 9.22307 10.0109 10.0773 10.5894 10.8829 10.9081 11.0007 10.911 10.8377 10.0955 10.6067 10.1727 10.4029 10.2547 10.121 10.0037 9.58107 9.88146 10.1478 10.2177 10.2401 10.2257 10.2238 10.2146 10.1917 10.1815 10.1814 10.1804 10.1682 10.1692 10.1565 10.0215 9.29169 8.31429 7.07918 -9999 -9999
-9999 -9999 -9999 -9999 -9999 -9999 7.26832 10.0149 11.336 13.0402 13.9168 14.2727 14.2271 13.7886 12.7907 11.2878 10.0362 7.63933 5.15024 8.72585 11.9095 13.6278 13.7182 10.7132 11.5436 10.8694 11.1391 9.9064 9.39359 8.98518 8.10099 7.13457 6.07715 5.51863 8.0354 9.32876 10.3701 10.8623 11.1413 11.2815 11.2081 11.0186 9.9022 10.7541 10.7066 10.6217 10.5244 10.4773 10.3892 10.2855 10.2219 10.201 9.92086 10.2408 10.2343 10.2399 10.2429 10.2363 10.2222 10.2102 10.195 10.1962 10.186 10.1764 10.1702 10.1668 10.159 10.12 9.92698 8.26797 7.27618 6.99737
-9999 -9999 -9999 -9999 -9999 -9999 3.41535 7.41197 10.6213 12.2991 13.6636 14.0397 14.181 13.592 13.1521 12.0752 11.0555 9.48124 7.12212 5.6698 8.34631 12.2377 13.6691 13.5533 13.4622 12.6833 11.9812 11.8914 11.9429 11.1233 9.93424 8.38177 7.89733 7.35414 9.22893 9.48463 9.34948 11.4112 11.4176 11.3022 10.5155 9.63353 9.80185 9.25412 9.67037 9.0192 9.6178 10.1353 10.3286 10.3127 10.2417 10.2343 10.2041 10.2596 10.2597 10.2519 10.2465 10.2443 10.2383 10.2161 10.2043 10.2147 10.1989 10.1883 10.1762 10.1753 10.172 10.1435 10.1177 9.86355 9.48096 8.74879
-9999 -9999 -9999 -9999 -9999 -9999 3.59468 6.95403 9.80552 11.5141 13.1591 13.5415 14.0976 13.9791 13.518 12.582 11.4121 10.1167 8.09281 6.58866 8.37966 10.9622 12.812 13.4713 13.4604 13.4147 13.2377 13.1636 12.9577 12.8074 11.9551 10.4877 9.65952 8.44757 10.5366 10.7722 10.4471 11.4906 11.4398 9.86538 8.65504 8.50516 9.24395 8.54148 8.41564 7.97562 8.4703 9.79599 9.41013 9.48653 10.0849 10.1844 10.2475 10.2653 10.2621 10.2603 10.2514 10.2545 10.2576 10.2358 10.2266 10.223 10.2019 10.1977 10.1833 10.1726 10.1612 10.1464 10.123 10.0516 9.97443 10.0571
-9999 -9999 -9999 -9999 -9999 -9999 3.67343 5.92962 8.49579 11.0124 12.7691 13.4783 13.9951 13.9907 13.4543 12.9896 12.2567 11.1169 10.3354 8.97749 7.1133 10.24 11.1972 12.0491 12.4085 13.2993 13.2761 12.8661 12.3823 12.8221 12.691 11.5304 11.1491 10.5053 11.6676 11.6714 11.6403 11.5793 10.2493 8.40009 6.92215 7.98759 7.76607 8.25379 6.73785 7.98574 8.98814 9.31322 8.62983 8.12439 9.68467 9.94316 10.0978 10.1972 10.263 10.2485 10.2658 10.2582 10.2553 10.252 10.2403 10.234 10.2221 10.2099 10.1961 10.1871 10.1708 10.1519 10.1517 10.1117 10.0977 10.0832
-9999 -9999 -9999 -9999 -9999 -9999 -9999 4.60482 7.85458 10.7595 12.377 13.3946 13.8909 13.8828 13.6089 13.2935 12.8392 12.0171 10.9839 9.35055 8.13801 8.90834 9.84589 9.94755 10.5716 12.3827 13.0006 12.1221 9.94658 11.2247 12.6523 12.6289 12.5072 12.3713 12.1949 12.0386 11.6957 10.7755 7.95408 7.40237 6.29637 6.42333 5.85628 7.09579 6.62953 7.90426 8.45669 8.66518 7.48665 7.73284 9.11673 9.66525 9.57484 9.91199 10.2325 10.2443 10.255 10.2484 10.257 10.2614 10.258 10.247 10.2383 10.2324 10.2058 10.2093 10.1059 10.0393 9.90251 10.0751 10.0928 10.1011
-9999 -9999 -9999 -9999 -9999 -9999 -9999 3.9607 7.20767 10.6289 11.7276 12.8246 13.7717 13.7909 13.3717 12.9731 12.5625 12.0948 10.8414 9.62573 8.46501 8.07554 8.30958 8.28487 9.29516 11.6552 12.1115 11.9156 9.64206 8.87471 10.7822 12.3854 12.5118 12.3669 10.4807 10.8835 9.86669 8.48743 8.1088 7.50589 6.23033 6.84608 5.91184 6.31363 6.20189 6.92578 7.2788 8.13953 7.11259 7.11433 8.47319 9.15962 9.17763 9.89836 10.1562 10.2249 10.2434 10.2574 10.2624 10.2759 10.2715 10.2632 10.2514 10.2193 10.1396 9.88704 8.52287 8.52638 8.90284 9.25917 9.90417 10.0873
-9999 -9999 -9999 -9999 -9999 -9999 -9999 4.34212 6.59536 9.63116 11.8801 12.0219 13.1158 13.6809 13.2249 12.7114 12.1859 11.9568 10.5924 9.09358 7.88254 6.44878 6.68519 7.71486 9.39186 10.9163 11.1883 10.8724 9.65028 10.2237 11.5246 12.2155 12.4195 12.2596 11.8493 11.6127 10.8642 10.5404 9.50063 7.87415 7.23422 7.64135 5.91433 6.03592 6.67559 5.99183 7.1113 7.6472 6.32115 7.37121 8.57415 9.18964 9.72801 9.98355 10.0863 10.2433 10.2491 10.2641 10.2732 10.273 10.2751 10.2521 10.2334 10.0905 9.8787 8.60783 8.0761 8.18199 8.77218 9.28919 9.82843 10.0509
-9999 -9999 -9999 -9999 -9999 -9999 -9999 4.73184 6.76068 9.39303 10.9966 11.284 12.497 13.5758 13.4562 12.9218 12.7597 12.2057 11.0487 9.77057 8.37332 7.69418 6.13214 7.67032 8.87983 10.1709 10.7746 9.7687 9.26746 10.1546 11.0368 11.3893 12.2806 12.2727 11.983 10.7322 10.1228 10.3819 10.1209 9.66278 8.54351 8.49467 7.77592 7.47866 7.19782 6.27768 6.86167 6.92054 7.07844 8.34021 8.96679 9.38265 9.7611 9.86147 10.027 10.2414 10.2619 10.2714 10.2724 10.2783 10.2647 10.2062 10.1572 9.86753 9.35323 8.39181 6.82919 7.93153 9.08412 9.42931 9.76402 9.93957
-9999 -9999 -9999 -9999 -9999 -9999 -9999 4.39172 6.54708 8.79695 9.7379 9.89812 12.093 13.4372 13.4403 13.1874 12.8919 11.5223 11.6035 11.3301 10.0697 8.23343 6.21651 6.40585 7.60328 9.30527 9.86932 8.21146 7.62852 8.05747 9.3914 10.5856 11.8327 12.1499 11.785 9.83737 7.76769 8.72918 9.7565 9.75195 9.45199 8.41396 8.08498 7.78717 7.02983 5.74394 5.92932 6.28691 7.71891 8.17389 8.87634 9.46 9.24166 9.37152 9.93025 10.2516 10.2654 10.2729 10.2853 10.2799 10.2627 10.144 10.0183 9.80582 8.46181 7.62669 6.40972 7.82552 8.61178 9.02971 9.7785 9.95843
-9999 -9999 -9999 -9999 -9999 -9999 -9999 3.73003 5.29428 7.44482 8.31186 9.6947 11.7689 12.7895 13.2792 13.2692 13.0725 12.4596 12.0914 11.365 10.0539 8.26068 6.26721 4.96943 5.62929 7.9162 8.45708 6.92925 6.15563 7.11947 8.54112 10.6461 11.8491 12.0122 11.9042 11.5033 9.99251 8.16702 8.17435 9.09159 8.32619 7.43635 7.92734 7.83757 7.08981 6.54605 6.20791 6.41518 7.231 7.57035 8.38175 9.57883 9.75148 9.71901 10.224 10.2509 10.2643 10.2851 10.2863 10.2836 10.2703 10.1738 9.95544 9.06144 8.28203 7.19697 7.06424 8.3233 8.87678 9.38998 9.75824 9.87948
-9999 -9999 -9999 -9999 -9999 -9999 -9999 2.58677 4.4272 6.44185 8.32837 10.1133 11.6497 11.7692 12.5799 12.5797 13.0049 12.8841 12.316 11.7043 10.5746 8.271 6.33387 4.22111 4.77818 7.11388 7.40784 6.38849 4.50522 6.45021 8.59524 10.5395 11.5923 10.768 11.6143 11.5458 10.9803 9.89401 8.20444 8.23753 6.97163 6.91756 7.56927 7.78142 7.67393 7.26599 6.61101 6.71942 7.21384 7.34146 8.08729 9.01629 9.92463 10.0785 10.2531 10.2623 10.2668 10.2827 10.2864 10.2693 10.2247 10.1237 9.3745 8.48315 7.93469 7.17916 7.08893 8.54416 9.12322 9.44574 9.76416 9.89096
-9999 -9999 -9999 -9999 -9999 -9999 -9999 -9999 4.24412 6.32549 7.86585 8.28116 9.64692 10.3848 10.956 11.0832 12.7115 12.802 12.442 11.8802 10.9168 9.1688 7.95089 5.92434 4.46763 5.05866 5.32851 5.86391 5.70619 6.57376 8.63505 10.7827 11.0175 9.65417 9.85696 10.1433 10.7839 10.4604 8.15783 6.98849 6.01803 6.70914 7.43608 7.61267 7.64869 7.50944 7.34415 7.06028 8.03246 8.75216 8.92 9.54782 10.0118 10.1411 10.2389 10.2525 10.2664 10.2684 10.2433 10.2256 10.1113 9.85304 9.01476 6.99625 7.09224 6.87532 6.24846 7.67024 8.56314 9.36716 9.79523 9.90709
-9999 -9999 -9999 -9999 -9999 -9999 -9999 -9999 3.55686 5.96501 6.47424 6.4372 5.64089 6.00868 8.96459 9.56046 11.1221 12.6008 12.4929 11.9417 11.0403 9.99939 8.38747 6.10824 4.29712 3.52585 5.47004 7.37933 7.77465 8.38594 9.64915 9.8896 8.49616 7.18959 7.92436 8.36734 10.0528 10.3612 10.0347 8.64776 7.06175 6.23425 7.21296 7.34444 7.40384 7.41614 7.38458 7.33983 8.43281 9.03978 9.46127 9.69141 10.09 10.1932 10.2274 10.2598 10.2544 10.2358 10.1749 10.1054 9.79316 9.41472 8.04044 6.89491 6.18115 5.27466 7.32261 7.93048 8.77147 9.3139 9.73968 9.83437
