Test_Spring_2018b/11_17/Temp/20171109_022.txt
ncols	170
nrows	115
xllcorner	350000.000000
yllcorner	4445000.000000
cellsize	1000.000000
nodata_value	-9999.000000
[rows 32 to 63 of 115, columns 72 to 143 of 170]
10.679 10.2773 10.8813 11.437 11.105 10.8854 11.8047 11.7997 11.4792 10.7334 10.4563 10.1691 9.99107 9.03573 6.36515 3.95744 5.24053 5.26715 4.37349 5.96727 5.12183 2.92035 -0.18621 1.50166 1.06252 -1.11547 -1.65315 -9999 -9999 -9999 -9999 -9999 -9999 -9999 -9999 -9999 -9999 -9999 -9999 -9999 -9999 -9999 -9999 -9999 -9999 -9999 -9999 -9999 -9999 -9999 -9999 -9999 -9999 -9999 -9999 -9999 -9999 -9999 -9999 -9999 -9999 -9999 -9999 -9999 -9999 -9999 -9999 -9999 -9999 -9999 -9999 -9999
10.1488 9.97233 10.8732 10.8477 10.8008 11.1372 11.7067 11.8162 11.6882 11.36 11.0752 10.7725 10.0126 8.92062 6.63443 3.89461 3.26987 4.60449 4.66523 4.87745 4.10647 3.13924 1.62765 2.86377 3.34375 1.9094 0.0300999 -1.17446 -9999 -9999 -9999 -9999 -9999 -9999 -9999 -9999 -9999 -9999 -9999 -9999 -9999 -9999 -9999 -9999 -9999 -9999 -9999 -9999 -9999 -9999 -9999 -9999 -9999 -9999 -9999 -9999 -9999 -9999 -9999 -9999 -9999 -9999 -9999 -9999 -9999 -9999 -9999 -9999 -9999 -9999 -9999 -9999
9.51632 8.62952 9.16983 9.57403 10.3561 10.5518 10.661 11.7385 11.6763 11.6212 11.154 10.7793 10.1618 9.1108 7.61669 5.81896 2.69261 4.61354 6.11728 6.07558 5.99044 5.31202 3.85943 5.07233 5.12859 3.29711 1.21674 -0.022058 -0.535194 -9999 -9999 -9999 -9999 -9999 -9999 -9999 -9999 -9999 -9999 -9999 -9999 -9999 -9999 -9999 -9999 -9999 -9999 -9999 -9999 -9999 -9999 -9999 -9999 -9999 -9999 -9999 -9999 -9999 -9999 -9999 -9999 -9999 -9999 -9999 -9999 -9999 -9999 -9999 -9999 -9999 -9999 -9999
8.79725 7.71557 8.25927 8.98715 10.031 10.5765 10.9826 11.3016 11.627 11.5831 11.1051 9.70307 9.49847 9.43296 8.45398 6.40507 4.3591 3.82606 6.12175 6.7766 6.6397 7.1509 5.91995 6.49952 6.26038 5.61096 3.61008 1.77481 1.01003 -0.500444 -9999 -9999 -9999 -9999 -9999 -9999 -9999 -9999 -9999 -9999 -9999 -9999 -9999 -9999 -9999 -9999 -9999 -9999 -9999 -9999 -9999 -9999 -9999 -9999 -9999 -9999 -9999 -9999 -9999 -9999 -9999 -9999 -9999 -9999 -9999 -9999 -9999 -9999 -9999 -9999 -9999 -9999
-9999 -9999 7.03047 8.03704 8.85881 9.88141 10.7531 11.1868 11.6079 11.5689 10.6185 10.151 10.1055 9.46216 8.33266 7.62201 6.33199 4.98847 5.49604 7.4535 6.57827 7.96512 7.84563 8.09946 7.16967 5.42682 3.08733 1.72609 1.0417 -0.182695 -9999 -9999 -9999 -9999 -9999 -9999 -9999 -9999 -9999 -9999 -9999 -9999 -9999 -9999 -9999 -9999 -9999 -9999 -9999 -9999 -9999 -9999 -9999 -9999 -9999 -9999 -9999 -9999 -9999 -9999 -9999 -9999 -9999 -9999 -9999 -9999 -9999 -9999 -9999 -9999 -9999 -9999
-9999 -9999 -9999 7.85115 8.47628 9.82606 10.5376 10.8177 11.4997 11.4966 11.1336 10.8582 10.4606 9.94275 9.09244 8.15494 6.94118 6.82474 8.07499 8.08685 7.82173 8.02519 8.66773 8.49639 7.06385 4.59446 3.28277 0.639194 -0.503149 -0.387906 -1.19896 -9999 -9999 -9999 -9999 -9999 -9999 -9999 -9999 -9999 -9999 -9999 -9999 1.82914 -9999 -9999 -9999 -9999 -9999 -9999 -9999 -9999 -9999 -9999 -9999 -9999 -9999 -9999 -9999 -9999 -9999 -9999 -9999 -9999 -3.17477 -9999 -9999 -9999 -9999 -9999 -9999 -9999
-9999 -9999 7.71922 8.56979 9.22399 10.0688 10.1602 10.6639 11.449 11.4559 11.1971 10.9049 10.2542 10.0888 9.60232 8.58464 8.37241 8.77795 8.96266 9.17318 9.30203 9.19261 8.92981 8.59125 7.6799 6.52892 5.75643 3.33204 2.11127 0.932155 -0.852354 -2.24946 -9999 -9999 -9999 -9999 -9999 -9999 -9999 0.92025 0.847496 0.872524 1.25681 2.32943 1.68841 -9999 -9999 -9999 -9999 -9999 -9999 -9999 -9999 -9999 -9999 -9999 -9999 -9999 -9999 -9999 -9999 -9999 -9999 -9999 -2.20927 -3.62063 -9999 -9999 -9999 -9999 -9999 -9999
-9999 -9999 7.95407 8.8399 9.28055 10.1014 10.5695 10.8897 11.1592 11.4163 11.3675 11.0445 10.5558 10.5532 9.88142 9.51666 9.25484 9.80483 9.9101 9.68369 9.40142 9.15225 8.45235 8.37077 8.15837 7.42831 6.22979 4.99464 3.23017 0.809315 -1.56549 -3.48208 -9999 -9999 -9999 -9999 -9999 -9999 1.12462 2.01456 2.54489 1.39593 2.36466 3.24947 3.10001 2.23907 -9999 -9999 -9999 -9999 -9999 -9999 -9999 -9999 -9999 -9999 -9999 -9999 -9999 -9999 4.46582 3.01941 0.105149 -1.39211 -2.29335 -3.5772 -9999 -9999 -9999 -9999 -9999 -9999
-9999 -9999 7.77293 8.82043 9.52923 10.1581 10.2562 10.9035 11.1931 11.3292 11.3077 11.2394 11.1445 10.5573 10.3011 9.41654 10.2513 10.2143 9.99696 9.15103 8.78308 7.33518 6.69783 6.56955 7.78627 6.88864 5.0134 2.66875 -0.138666 -0.314824 -1.24863 -2.96163 -9999 -9999 -9999 -9999 -9999 -9999 1.39963 2.35158 3.14485 3.25419 2.11174 3.68913 3.63141 2.73711 2.52802 3.24679 3.60694 3.33386 4.19821 4.44265 4.04122 4.46099 -9999 -9999 -9999 -9999 4.67117 4.72151 4.75797 4.15118 0.968322 -1.2077 -3.16257 -3.3511 -9999 -9999 -9999 -9999 -9999 -9999
-9999 -9999 8.49541 9.1397 9.46448 9.5152 10.0798 10.646 11.0011 11.2527 11.1963 11.1698 11.1416 10.9362 10.4677 10.5443 10.5007 10.2255 8.61752 6.74237 7.55506 6.44203 4.07108 6.00983 7.07285 6.05642 3.78464 1.14994 0.298471 0.341594 -0.956179 -2.62646 -9999 -9999 -9999 -1.20392 0.162932 0.275669 0.673351 1.94493 2.91032 3.63659 4.12835 4.11557 3.58081 2.70569 1.75498 2.08266 3.76983 4.17456 4.52781 4.78111 4.40737 4.58402 5.02763 5.2524 5.29073 5.17527 5.14253 5.17164 5.10997 4.54319 1.6991 0.0665172 -0.977632 -3.07548 -9999 -9999 -9999 -9999 -9999 -9999
-9999 -9999 8.08742 8.64774 9.10127 9.85517 9.93296 10.4091 10.6924 11.1184 11.1607 10.6605 11.0624 11.0027 10.9192 10.7502 10.5061 9.1469 7.27658 5.4027 4.53661 4.90903 3.4786 4.21951 5.29698 4.90892 3.51989 1.17333 0.844282 0.307914 -1.86837 -3.96989 -9999 -9999 -3.86202 -1.23324 0.615276 1.565 1.85381 1.87437 3.09222 3.18038 4.49212 4.18422 2.43075 2.61902 1.93295 2.36447 2.97436 3.1362 4.02872 4.88411 5.03648 5.03014 5.30881 5.35844 5.3644 5.34803 5.14398 5.22566 5.23196 4.87599 2.8108 1.80025 0.686435 -3.058 -9999 -9999 -9999 -9999 -9999 -9999
-9999 -9999 8.37308 9.00018 9.6871 9.79674 10.3048 10.2479 10.1023 10.8098 11.0713 10.7161 10.458 10.9133 10.8736 10.8046 10.6964 9.41838 7.94143 5.7094 4.32231 3.47965 2.87897 2.0864 2.64126 2.47522 2.25184 2.5153 1.87547 0.596843 -0.679748 -3.06668 -4.36201 -9999 -3.71992 -2.53706 -0.337671 1.52973 2.71189 2.27548 3.66095 3.91097 4.71429 4.23427 3.16631 2.69953 2.65063 2.50305 3.43345 4.05732 4.50043 4.78822 5.1531 5.23706 5.32161 5.35129 5.36337 5.37624 5.36306 5.34781 5.29878 5.16065 4.20749 3.19801 1.02635 -2.94044 -9999 -9999 -9999 -9999 -9999 -9999
-9999 6.52903 8.29626 9.34972 9.75675 10.0499 10.3078 10.4935 10.69 10.8693 10.9918 10.9358 10.0045 10.072 10.2298 10.7462 10.7013 10.5797 9.76967 7.05461 6.11885 4.75287 2.98113 2.24698 2.62076 4.07804 4.01725 3.0588 1.98984 0.516659 -0.422551 -1.88854 -4.70142 -4.45236 -3.1904 -2.25386 -0.761659 1.52228 3.12039 3.82841 4.09014 4.65172 4.93717 4.27905 3.65453 3.38709 2.89888 2.82282 2.81802 3.3767 3.81599 4.79194 5.11303 5.25712 5.3241 5.35571 5.37644 5.39724 5.39921 5.37251 5.36623 5.35159 5.27453 3.93428 0.582613 -1.94131 -9999 -9999 -9999 -9999 -9999 -9999
-9999 -9999 7.96629 8.42936 8.54981 8.76106 9.19443 9.69375 10.4034 10.4909 10.8774 10.869 10.0685 9.14064 9.93306 10.2428 10.5648 10.5678 10.4586 8.18074 6.98777 6.04988 4.35163 4.97223 5.55896 5.60788 5.26128 3.20246 1.15165 -1.20822 -3.42037 -3.52599 -4.71667 -4.08824 -3.25647 -1.11394 0.390817 0.995619 1.42703 3.74768 4.34827 4.54588 5.13342 4.3112 4.09668 3.47695 3.65032 3.58852 3.5837 1.88192 3.57741 3.66818 4.76519 5.25371 5.35835 5.37914 5.40242 5.39877 5.3969 5.38412 5.38813 5.36392 5.33353 4.45886 0.219474 -1.91555 -9999 -9999 -9999 -9999 -9999 -9999
-9999 -9999 -9999 -9999 8.10855 8.46156 8.68706 9.07771 10.2798 10.5999 10.8102 10.8225 10.4605 9.54322 9.29472 9.45291 8.55675 9.29377 10.3065 10.2783 10.1541 8.15205 7.13381 8.12972 7.83292 6.33265 5.15327 3.98927 1.58808 -0.163185 -2.69825 -4.60286 -4.6757 -2.57593 -0.832809 1.33518 2.28686 1.73187 2.31411 3.46313 4.76842 5.39483 5.23582 4.36933 4.24054 3.28934 4.20747 4.27851 3.83937 3.45866 3.60348 4.14133 4.34049 5.19662 5.39667 5.42537 5.42256 5.41726 5.40527 5.39264 5.3719 5.35471 5.3346 5.28762 0.929963 -2.46448 -9999 -9999 -9999 -9999 -9999 -9999
-9999 -9999 -9999 -9999 7.27024 7.4851 8.0505 9.50372 10.2639 10.5676 10.5521 10.6882 10.4307 9.62176 8.79123 8.00709 6.99956 7.56534 9.07391 9.96326 10.0639 8.30927 9.22934 8.89154 8.22238 6.25902 4.81379 4.05025 1.74557 -0.221832 -1.90742 -4.23719 -3.24121 -2.14603 -0.740406 1.62629 3.21917 3.86778 3.30692 4.03738 5.5406 5.53965 4.70309 4.74789 4.23506 2.93819 4.2711 4.64027 4.32782 4.39848 4.28139 4.47562 4.83726 5.18281 5.40944 5.43195 5.42667 5.41 5.40123 5.39298 5.36788 5.36094 5.34062 5.31044 2.49476 -2.53346 -9999 -9999 -9999 -9999 -9999 -9999
-9999 -9999 -9999 -9999 -9999 6.50674 7.79839 9.72802 10.2055 10.1576 10.5512 10.5793 10.1878 9.84615 8.8395 7.46723 4.84005 5.50131 6.88965 8.89539 9.95017 9.80883 9.22814 8.21251 5.7496 3.59536 3.33898 2.99123 1.31083 -0.201814 -2.07599 -0.987781 0.202484 1.50291 2.18304 1.9989 3.36275 4.4723 3.98814 4.88623 5.93548 5.44583 5.15255 4.90516 4.31376 4.27012 4.32268 5.07619 4.54112 4.85691 4.86148 4.83388 5.00499 5.20341 5.41241 5.43884 5.43013 5.42482 5.39068 5.39098 5.36994 5.3492 5.32963 5.30237 5.04018 2.32674 0.703118 -9999 -9999 -9999 -9999 -9999
-9999 -9999 -9999 -9999 -9999 5.31136 5.95473 8.2402 8.94449 9.95096 10.4822 10.5006 9.84451 9.47562 7.97973 7.48874 5.05785 3.95547 4.88231 4.52351 7.28815 9.73621 9.21013 4.27492 2.49091 1.22038 1.55393 1.56273 1.09879 -1.48396 -2.19651 0.126673 1.58813 2.71848 3.57344 3.74638 3.70879 5.44907 5.67282 6.23163 6.09841 6.14152 5.24895 4.69327 5.16162 4.60249 4.50021 5.27894 4.49608 5.18901 5.10291 4.88338 4.86318 5.31563 5.39985 5.43987 5.43318 5.40633 5.37407 5.35241 5.35878 5.34333 5.30936 5.30239 5.26907 4.93667 3.52963 3.03274 3.56679 -9999 -9999 -9999
-9999 -9999 -9999 -9999 -9999 -9999 3.81859 6.99542 8.44556 9.20427 10.2733 10.3965 10.047 9.41267 7.88887 6.54823 4.37458 1.89434 0.581806 4.50144 7.91433 9.69695 9.4692 5.36147 3.74345 3.67339 4.63449 3.83335 3.22666 1.26637 0.679488 -0.138492 0.365111 1.94372 3.22786 4.4655 5.36215 5.42688 6.00389 6.33363 6.35165 6.44771 6.3345 6.24066 5.37935 5.95976 5.45206 5.70928 5.53075 5.36888 5.23329 4.73669 5.0722 5.36825 5.43775 5.45065 5.42355 5.41037 5.38831 5.35034 5.32984 5.31917 5.3077 5.28358 5.27496 5.24879 5.08367 4.23395 3.0994 1.66838 -9999 -9999
-9999 -9999 -9999 -9999 -9999 -9999 2.22758 5.38853 6.91051 8.86829 9.87531 10.2806 10.2183 9.70293 8.54332 6.80262 5.35199 2.58416 -0.288273 3.82466 7.49563 9.47529 9.58232 6.13452 7.09663 6.32701 6.64415 5.23144 4.64695 4.19183 3.17583 2.06331 0.848181 0.199658 3.09045 4.57089 5.75967 6.31493 6.62404 6.77282 6.6796 6.45489 5.15948 6.13082 6.06939 5.96328 5.8431 5.7809 5.6715 5.54409 5.47078 5.43679 5.10407 5.46088 5.44013 5.43647 5.42939 5.41075 5.3832 5.3577 5.32824 5.31899 5.30046 5.27909 5.26174 5.24605 5.22711 5.17255 4.94097 3.02177 1.87107 1.54296
-9999 -9999 -9999 -9999 -9999 -9999 -2.22087 2.37871 6.07961 8.0061 9.57588 10.0004 10.1537 9.46554 8.94887 7.69919 6.51614 4.69574 1.97317 0.296374 3.37659 7.85643 9.51611 9.39409 9.29413 8.40275 7.6 7.50197 7.56609 6.63717 5.27591 3.48722 2.92584 2.29536 4.4471 4.73304 4.56757 6.93036 6.92606 6.78099 5.86299 4.8409 5.0237 4.39008 4.8626 4.10432 4.78524 5.37291 5.58743 5.56107 5.47962 5.45929 5.41474 5.46422 5.45458 5.43561 5.41884 5.40547 5.38717 5.34993 5.3244 5.32435 5.29591 5.27201 5.25411 5.24093 5.22701 5.18427 5.14495 4.84316 4.39372 3.54352
-9999 -9999 -9999 -9999 -9999 -9999 -2.02131 1.8485 5.12745 7.09622 8.98309 9.41509 10.0464 9.90053 9.36012 8.27317 6.91771 5.41863 3.08228 1.3458 3.40484 6.379 8.50948 9.2795 9.28073 9.23225 9.03269 8.95837 8.72507 8.56667 7.5852 5.8937 4.9366 3.53602 5.93451 6.19752 5.81364 7.00462 6.9349 5.11051 3.7052 3.52103 4.36713 3.54795 3.39615 2.88881 3.44991 4.96797 4.51202 4.5921 5.28239 5.38752 5.44448 5.45556 5.44208 5.43001 5.40931 5.40193 5.39424 5.35745 5.335 5.31876 5.28233 5.26773 5.23964 5.21434 5.19906 5.17195 5.1352 5.04354 4.93908 5.02738
-9999 -9999 -9999 -9999 -9999 -9999 -1.94283 0.656844 3.60687 6.50681 8.5224 9.33097 9.91742 9.90347 9.27691 8.73319 7.88121 6.56179 5.65592 4.08778 1.93809 5.53618 6.64078 7.63181 8.05359 9.08284 9.06013 8.59178 8.05979 8.56659 8.415 7.0762 6.63327 5.8867 7.21807 7.21442 7.16953 7.08923 5.54716 3.40687 1.69396 2.90947 2.64351 3.20239 1.45031 2.87331 4.01873 4.38473 3.59888 3.00885 4.80706 5.08783 5.25647 5.36143 5.42737 5.40056 5.41002 5.39031 5.37567 5.36026 5.33499 5.31565 5.28992 5.26383 5.23864 5.21527 5.18531 5.14444 5.13421 5.08891 5.06383 5.03982
-9999 -9999 -9999 -9999 -9999 -9999 -9999 -0.880103 2.86666 6.20527 8.06076 9.22476 9.78793 9.77018 9.4464 9.07515 8.54458 7.59128 6.39607 4.51103 3.11174 3.99671 5.07928 5.20677 5.92717 8.01482 8.72884 7.71973 5.23169 6.70455 8.34695 8.31758 8.17366 8.0121 7.80668 7.61888 7.2152 6.14602 2.88726 2.23725 0.95279 1.08794 0.424232 1.84965 1.30665 2.7651 3.39231 3.62386 2.25875 2.54581 4.12181 4.74437 4.63123 5.01021 5.37596 5.3794 5.38116 5.36256 5.36128 5.35475 5.33893 5.30753 5.28504 5.26579 5.22524 5.21612 5.08564 4.99799 4.83026 5.01928 5.03069 5.01938
-9999 -9999 -9999 -9999 -9999 -9999 -9999 -1.62212 2.11099 6.04394 7.30214 8.55779 9.64041 9.65459 9.16391 8.69727 8.21731 7.67238 6.22357 4.81932 3.47934 3.0284 3.29638 3.28206 4.44605 7.16452 7.69109 7.4667 4.86697 3.98225 6.1763 8.01909 8.16039 7.98811 5.80995 6.26611 5.08691 3.48957 3.0437 2.3392 0.860004 1.55838 0.472283 0.924723 0.799745 1.62393 2.02142 3.00374 1.81289 1.81864 3.36482 4.14582 4.15719 4.97747 5.26456 5.33354 5.34441 5.34955 5.34404 5.34776 5.33061 5.30875 5.28287 5.23356 5.12962 4.8292 3.24583 3.23876 3.66162 4.06185 4.79538 4.98306
-9999 -9999 -9999 -9999 -9999 -9999 -9999 -1.1932 1.39548 4.88456 7.46716 7.62319 8.87514 9.51812 8.98542 8.38677 7.77487 7.50465 5.9282 4.19767 2.79941 1.1456 1.41561 2.59971 4.54573 6.30094 6.61429 6.25059 4.86108 5.51916 7.01409 7.80582 8.03597 7.84621 7.36722 7.08731 6.21716 5.83542 4.62869 2.7461 1.99917 2.45774 0.45919 0.589261 1.31608 0.533881 1.81371 2.42183 0.886347 2.08953 3.46484 4.16383 4.77397 5.05835 5.1666 5.33705 5.3331 5.3393 5.33843 5.32653 5.31695 5.27827 5.24445 5.06767 4.81164 3.33648 2.71383 2.8244 3.49301 4.0778 4.67408 4.92023
-9999 -9999 -9999 -9999 -9999 -9999 -9999 -0.754491 1.57555 4.59998 6.43952 6.76324 8.15252 9.3872 9.24214 8.61968 8.42623 7.78217 6.44435 4.96774 3.35474 2.5693 0.768026 2.53688 3.94437 5.42991 6.12416 4.98471 4.40526 5.42383 6.43593 6.83751 7.85856 7.84355 7.50337 6.05568 5.3459 5.63545 5.32562 4.78864 3.49016 3.42405 2.58664 2.23465 1.90173 0.848153 1.5113 1.57001 1.73416 3.18917 3.90058 4.36938 4.79508 4.90048 5.08071 5.31708 5.32985 5.32965 5.31935 5.31453 5.2869 5.2074 5.13872 4.79302 4.1887 3.06975 1.26012 2.51772 3.83351 4.20586 4.57923 4.77065
-9999 -9999 -9999 -9999 -9999 -9999 -9999 -1.15593 1.31954 3.90345 4.98 5.1574 7.67723 9.21769 9.21406 8.91584 8.56885 6.98565 7.0734 6.75342 5.29771 3.17957 0.854039 1.06926 2.456 4.42053 5.0683 3.17777 2.50353 2.99387 4.52558 5.89578 7.32613 7.68524 7.25817 5.00824 2.61718 3.7156 4.88939 4.87483 4.51994 3.31514 2.9267 2.57421 1.69272 0.208054 0.422776 0.825236 2.46804 2.98155 3.78001 4.44171 4.17996 4.31902 4.95173 5.31094 5.31582 5.31323 5.31602 5.29804 5.26635 5.11766 4.96065 4.70381 3.14414 2.17048 0.757037 2.37694 3.27057 3.72437 4.57485 4.77064
-9999 -9999 -9999 -9999 -9999 -9999 -9999 -1.92753 -0.132887 2.33651 3.32789 4.91296 7.2939 8.46175 9.01839 8.99998 8.76678 8.05482 7.625 6.78328 5.26882 3.19995 0.900997 -0.596489 0.160361 2.80844 3.4333 1.68768 0.793337 1.89901 3.53125 5.94969 7.32901 7.51033 7.37903 6.90988 5.16232 3.05199 3.05155 4.09847 3.20784 2.17383 2.72961 2.61672 1.7463 1.11084 0.728436 0.948767 1.89036 2.27048 3.19411 4.56178 4.74991 4.70179 5.2724 5.2923 5.29665 5.3092 5.29903 5.28407 5.25685 5.1337 4.87005 3.82845 2.91874 1.65715 1.49209 2.93101 3.54184 4.11848 4.53023 4.65777
-9999 -9999 -9999 -9999 -9999 -9999 -9999 -3.2536 -1.1412 1.17158 3.33666 5.38465 7.14638 7.27668 8.20298 8.19575 8.67852 8.53302 7.87286 7.16302 5.85735 3.20048 0.966068 -1.47013 -0.832031 1.86463 2.22881 1.05145 -1.12091 1.11404 3.57882 5.81185 7.01797 6.06241 7.0296 6.94304 6.28389 5.02468 3.07055 3.09956 1.63277 1.56112 2.30201 2.53678 2.40352 1.92439 1.16656 1.28359 1.85466 1.99078 2.83866 3.8974 4.93231 5.09852 5.28844 5.28773 5.28163 5.28846 5.28098 5.24949 5.18618 5.05774 4.1829 3.14427 2.50034 1.61796 1.50154 3.16496 3.80567 4.16183 4.5156 4.64887
-9999 -9999 -9999 -9999 -9999 -9999 -9999 -9999 -1.36204 1.0274 2.79379 3.26472 4.82988 5.67211 6.32249 6.46189 8.32983 8.42743 8.00682 7.35421 6.23975 4.22245 2.81591 0.478743 -1.202 -0.509501 -0.178427 0.434036 0.248166 1.24236 3.6105 6.07752 6.34164 4.7652 4.99142 5.3133 6.04269 5.66174 3.00181 1.6464 0.519794 1.30613 2.13364 2.32744 2.35939 2.18954 1.98777 1.67296 2.78128 3.59889 3.78106 4.49279 5.01581 5.1534 5.25475 5.25899 5.26343 5.25411 5.21346 5.1812 5.03763 4.72804 3.75053 1.41402 1.51191 1.24942 0.514825 2.12503 3.13832 4.05051 4.5299 4.64527
-9999 -9999 -9999 -9999 -9999 -9999 -9999 -9999 -2.1635 0.602025 1.18105 1.13101 0.206713 0.622699 4.01862 4.69743 6.48845 8.18427 8.05375 7.41324 6.37006 5.16668 3.30639 0.678191 -1.4107 -2.2809 -0.0373062 2.16561 2.61638 3.3154 4.76454 5.03557 3.42485 1.91363 2.75221 3.25438 5.18665 5.53312 5.14837 3.5423 1.70692 0.74474 1.86207 2.00389 2.06269 2.06722 2.01348 1.96847 3.22641 3.91404 4.38804 4.64167 5.0892 5.19656 5.22442 5.25009 5.23224 5.19903 5.11709 5.02511 4.65349 4.20551 2.61078 1.27923 0.444605 -0.612122 1.73261 2.40538 3.35873 3.96842 4.44452 4.53944
