Test_Spring_2018b/11_17/Temp/20171118_010.txt
ncols	170
nrows	115
xllcorner	350000.000000
yllcorner	4445000.000000
cellsize	1000.000000
nodata_value	-9999.000000
[rows 32 to 63 of 115, columns 72 to 143 of 170]
14.5332 14.2075 14.7032 15.1593 14.8696 14.6742 15.4218 15.4183 15.1574 14.5492 14.3243 14.0913 13.9475 13.1687 10.9883 9.0223 10.0713 10.0931 9.36245 10.6633 9.97047 8.16898 5.62731 7.00209 6.63856 4.82337 4.36939 -9999 -9999 -9999 -9999 -9999 -9999 -9999 -9999 -9999 -9999 -9999 -9999 -9999 -9999 -9999 -9999 -9999 -9999 -9999 -9999 -9999 -9999 -9999 -9999 -9999 -9999 -9999 -9999 -9999 -9999 -9999 -9999 -9999 -9999 -9999 -9999 -9999 -9999 -9999 -9999 -9999 -9999 -9999 -9999 -9999
14.1029 13.9614 14.6998 14.6813 14.6248 14.8834 15.3451 15.4351 15.3313 15.0643 14.8328 14.5869 13.9676 13.0769 11.2104 8.973 8.4633 9.55392 9.60321 9.77562 9.14407 8.35149 7.11351 8.11985 8.50795 7.31268 5.75111 4.74396 -9999 -9999 -9999 -9999 -9999 -9999 -9999 -9999 -9999 -9999 -9999 -9999 -9999 -9999 -9999 -9999 -9999 -9999 -9999 -9999 -9999 -9999 -9999 -9999 -9999 -9999 -9999 -9999 -9999 -9999 -9999 -9999 -9999 -9999 -9999 -9999 -9999 -9999 -9999 -9999 -9999 -9999 -9999 -9999
13.5894 12.8677 13.3117 13.6442 14.2497 14.4047 14.4943 15.3751 15.325 15.2809 14.9002 14.5954 14.0922 13.2349 12.0155 10.5478 7.99435 9.56418 10.7926 10.7579 10.6871 10.1308 8.94153 9.92938 9.97178 8.44333 6.70842 5.69266 5.27013 -9999 -9999 -9999 -9999 -9999 -9999 -9999 -9999 -9999 -9999 -9999 -9999 -9999 -9999 -9999 -9999 -9999 -9999 -9999 -9999 -9999 -9999 -9999 -9999 -9999 -9999 -9999 -9999 -9999 -9999 -9999 -9999 -9999 -9999 -9999 -9999 -9999 -9999 -9999 -9999 -9999 -9999 -9999
13.0056 12.1247 12.5715 13.1684 14.0054 14.4306 14.7609 15.0218 15.2882 15.2531 14.8635 13.7192 13.5533 13.5011 12.7026 11.0298 9.35921 8.92431 10.8001 11.3347 11.2219 11.6379 10.63 11.1007 10.9021 10.3567 8.68459 7.16779 6.53994 5.30332 -9999 -9999 -9999 -9999 -9999 -9999 -9999 -9999 -9999 -9999 -9999 -9999 -9999 -9999 -9999 -9999 -9999 -9999 -9999 -9999 -9999 -9999 -9999 -9999 -9999 -9999 -9999 -9999 -9999 -9999 -9999 -9999 -9999 -9999 -9999 -9999 -9999 -9999 -9999 -9999 -9999 -9999
-9999 -9999 11.5716 12.3791 13.0483 13.8671 14.5774 14.9319 15.2763 15.245 14.4694 14.0885 14.0526 13.5284 12.607 12.0278 10.975 9.87821 10.2933 11.8925 11.1767 12.3083 12.2087 12.4134 11.6506 10.1956 8.26453 7.13497 6.57288 5.57009 -9999 -9999 -9999 -9999 -9999 -9999 -9999 -9999 -9999 -9999 -9999 -9999 -9999 -9999 -9999 -9999 -9999 -9999 -9999 -9999 -9999 -9999 -9999 -9999 -9999 -9999 -9999 -9999 -9999 -9999 -9999 -9999 -9999 -9999 -9999 -9999 -9999 -9999 -9999 -9999 -9999 -9999
-9999 -9999 -9999 12.2317 12.7399 13.8431 14.4057 14.6344 15.1918 15.1897 14.8939 14.6699 14.3464 13.9249 13.2318 12.4675 11.4773 11.3833 12.4055 12.4153 12.1982 12.3631 12.8861 12.7435 11.559 9.52198 8.44654 6.25386 5.31751 5.40917 4.74469 -9999 -9999 -9999 -9999 -9999 -9999 -9999 -9999 -9999 -9999 -9999 -9999 7.23839 -9999 -9999 -9999 -9999 -9999 -9999 -9999 -9999 -9999 -9999 -9999 -9999 -9999 -9999 -9999 -9999 -9999 -9999 -9999 -9999 3.17471 -9999 -9999 -9999 -9999 -9999 -9999 -9999
-9999 -9999 12.1436 12.8207 13.3553 14.0454 14.1044 14.5132 15.1545 15.1605 14.9496 14.712 14.1818 14.0485 13.6529 12.8234 12.6518 12.9846 13.1365 13.3089 13.4138 13.3232 13.1065 12.8271 12.0534 11.109 10.4736 8.47429 7.46004 6.49399 5.03407 3.89145 -9999 -9999 -9999 -9999 -9999 -9999 -9999 6.49471 6.4381 6.46126 6.77778 7.65647 7.13492 -9999 -9999 -9999 -9999 -9999 -9999 -9999 -9999 -9999 -9999 -9999 -9999 -9999 -9999 -9999 -9999 -9999 -9999 -9999 3.97696 2.82654 -9999 -9999 -9999 -9999 -9999 -9999
-9999 -9999 12.3231 13.0468 13.4064 14.0765 14.4583 14.7022 14.9221 15.1322 15.0929 14.8303 14.4325 14.4324 13.8859 13.5902 13.3785 13.8297 13.9171 13.7327 13.5018 13.297 12.723 12.6533 12.4515 11.8504 10.8664 9.85248 8.38044 6.39953 4.4571 2.88995 -9999 -9999 -9999 -9999 -9999 -9999 6.66632 7.39669 7.83318 6.89749 7.69175 8.4172 8.29739 7.575 -9999 -9999 -9999 -9999 -9999 -9999 -9999 -9999 -9999 -9999 -9999 -9999 -9999 -9999 9.43269 8.25413 5.87599 4.6553 3.92141 2.87488 -9999 -9999 -9999 -9999 -9999 -9999
-9999 -9999 12.1816 13.0368 13.6149 14.1275 14.2063 14.732 14.9543 15.0654 15.0485 14.9938 14.9182 14.4408 14.2342 13.5143 14.199 14.1711 13.9952 13.3049 13.0041 11.8199 11.2967 11.1658 12.155 11.4162 9.87849 7.95736 5.64612 5.48661 4.72116 3.32017 -9999 -9999 -9999 -9999 -9999 -9999 6.89809 7.67959 8.33132 8.42403 7.4937 8.78518 8.72068 7.99215 7.82349 8.41308 8.70994 8.47737 9.17845 9.383 9.06027 9.40874 -9999 -9999 -9999 -9999 9.6067 9.65189 9.6852 9.19247 6.59466 4.81912 3.22408 3.06897 -9999 -9999 -9999 -9999 -9999 -9999
-9999 -9999 12.7789 13.304 13.5676 13.6071 14.0665 14.5252 14.8021 15.0039 14.9587 14.9389 14.9182 14.7535 14.374 14.44 14.4077 14.1856 12.8739 11.343 12.0069 11.098 9.14677 10.7171 11.5798 10.7431 8.8805 6.72146 6.00782 6.02808 4.96486 3.59822 -9999 -9999 -9999 4.76614 5.88649 5.98269 6.31194 7.35518 8.1481 8.74452 9.14965 9.12831 8.68944 7.97645 7.20174 7.47167 8.85261 9.18616 9.45879 9.67083 9.37104 9.52347 9.8918 10.0813 10.1183 10.0292 10.0073 10.0354 9.98865 9.52873 7.20482 5.87298 5.02167 3.30955 -9999 -9999 -9999 -9999 -9999 -9999
-9999 -9999 12.4467 12.9027 13.2711 13.8843 13.9457 14.3329 14.5608 14.8991 14.9347 14.528 14.8592 14.8138 14.7495 14.6154 14.4198 13.3125 11.7868 10.2571 9.54941 9.84297 8.67076 9.26291 10.1371 9.81255 8.66676 6.7427 6.46743 6.01336 4.22355 2.50493 -9999 -9999 2.59601 4.74704 6.26138 7.04194 7.28278 7.30447 8.30413 8.38045 9.45597 9.19588 7.7617 7.91757 7.35668 7.71128 8.21353 8.34862 9.07167 9.76812 9.8983 9.89917 10.1331 10.1798 10.1906 10.1828 10.0211 10.0922 10.101 9.81319 8.12842 7.30488 6.39486 3.33933 -9999 -9999 -9999 -9999 -9999 -9999
-9999 -9999 12.682 13.1918 13.7503 13.8374 14.2502 14.2056 14.0827 14.6601 14.867 14.579 14.3713 14.7473 14.7193 14.6675 14.5834 13.5429 12.3389 10.5167 9.38331 8.68507 8.19021 7.52475 7.97125 7.82826 7.63821 7.84601 7.314 6.25324 5.20603 3.24698 2.18826 -9999 2.71638 3.68644 5.48792 7.01877 7.99006 7.63894 8.77604 8.98501 9.63554 9.24621 8.37219 7.99362 7.95575 7.83733 8.59984 9.10988 9.46634 9.70639 10.004 10.0789 10.1545 10.1853 10.2014 10.2177 10.2121 10.2041 10.1677 10.0578 9.28143 8.45727 6.68432 3.44655 -9999 -9999 -9999 -9999 -9999 -9999
-9999 11.196 12.627 13.4844 13.8136 14.0501 14.258 14.4076 14.5646 14.713 14.8135 14.7644 14.0071 14.0667 14.2007 14.6278 14.5959 14.5006 13.8417 11.625 10.8542 9.7308 8.27831 7.66493 7.96259 9.14494 9.08677 8.29531 7.414 6.19454 5.4196 4.21874 1.91502 2.11963 3.15333 3.92247 5.14663 7.01831 8.32998 8.91439 9.13386 9.59008 9.82676 9.2923 8.78098 8.56448 8.16752 8.10735 8.10559 8.56453 8.91855 9.71836 9.98616 10.1054 10.1669 10.1995 10.223 10.246 10.253 10.2357 10.2343 10.2253 10.1638 9.07024 6.33892 4.2801 -9999 -9999 -9999 -9999 -9999 -9999
-9999 -9999 12.3652 12.7395 12.834 13.003 13.3539 13.7594 14.3356 14.4068 14.7235 14.7199 14.0661 13.313 13.9659 14.2246 14.4929 14.4998 14.4138 12.5471 11.5704 10.8003 9.40728 9.90032 10.3712 10.402 10.1095 8.41821 6.7339 4.78975 2.97694 2.88684 1.9102 2.42159 3.104 4.85875 6.09355 6.59381 6.95275 8.85517 9.34658 9.51238 9.99611 9.32746 9.15121 8.64679 8.79021 8.74152 8.73957 7.35149 8.73217 8.81087 9.71223 10.1157 10.2047 10.2287 10.2544 10.2577 10.2617 10.2559 10.263 10.2457 10.2266 9.51434 6.05268 4.31133 -9999 -9999 -9999 -9999 -9999 -9999
-9999 -9999 -9999 -9999 12.48 12.7644 12.9452 13.2617 14.2401 14.5014 14.6744 14.6869 14.3948 13.6493 13.4522 13.5874 12.8608 13.4664 14.2941 14.2708 14.167 12.5271 11.683 12.4885 12.2369 11.0014 10.0279 9.06699 7.0958 5.64867 3.57162 2.0114 1.94969 3.6651 5.08943 6.86521 7.64844 7.2015 7.68405 8.62648 9.6981 10.2144 10.0884 9.38361 9.27751 8.50222 9.25401 9.31373 8.95678 8.64785 8.76185 9.20572 9.37345 10.0784 10.2478 10.2757 10.2803 10.2824 10.2782 10.2727 10.261 10.2507 10.2373 10.2014 6.64311 3.87265 -9999 -9999 -9999 -9999 -9999 -9999
-9999 -9999 -9999 -9999 11.8014 11.9728 12.4312 13.6158 14.2332 14.4813 14.4699 14.5838 14.3774 13.7215 13.0486 12.4142 11.596 12.0619 13.2961 14.0224 14.1021 12.6641 13.4035 13.1189 12.5627 10.9485 9.75735 9.12329 7.23058 5.60677 4.22352 2.31576 3.12718 4.02177 5.17215 7.10937 8.41665 8.95328 8.50077 9.10351 10.337 10.341 9.66147 9.70135 9.28158 8.22387 9.31449 9.6177 9.36414 9.42386 9.32399 9.48701 9.78739 10.0752 10.2662 10.2908 10.2924 10.2852 10.2838 10.2826 10.2666 10.2648 10.2514 10.2294 7.93105 3.82575 -9999 -9999 -9999 -9999 -9999 -9999
-9999 -9999 -9999 -9999 -9999 11.1796 12.2315 13.8054 14.1921 14.1531 14.4761 14.502 14.1863 13.9123 13.0958 11.9808 9.83956 10.3834 11.5194 13.1576 14.0168 13.8968 13.41 12.5715 10.5497 8.77945 8.55955 8.26514 6.88243 5.63018 4.09284 4.97759 5.94773 7.01002 7.56768 7.42125 8.54128 9.45421 9.06503 9.80484 10.6676 10.2724 10.0368 9.83812 9.35424 9.32046 9.36505 9.98225 9.54676 9.80667 9.80619 9.78786 9.93247 10.0999 10.2765 10.3042 10.3034 10.3053 10.2834 10.289 10.2766 10.2637 10.2511 10.2317 10.0198 7.80577 6.4811 -9999 -9999 -9999 -9999 -9999
-9999 -9999 -9999 -9999 -9999 10.2092 10.7316 12.5966 13.1687 13.9914 14.4272 14.4452 13.9135 13.6167 12.4003 12.0054 10.0247 9.12701 9.88582 9.59218 11.8484 13.8439 13.4018 9.36117 7.89422 6.84625 7.1086 7.10576 6.71718 4.59078 4.0027 5.8966 7.08843 8.01182 8.71232 8.85712 8.83227 10.2608 10.4493 10.9119 10.8086 10.8487 10.1236 9.67314 10.0551 9.6003 9.51845 10.1563 9.5184 10.0864 10.0118 9.83653 9.82471 10.1996 10.274 10.3128 10.3137 10.2979 10.2778 10.2651 10.2752 10.2669 10.2428 10.2402 10.2155 9.94708 8.79956 8.39535 8.83319 -9999 -9999 -9999
-9999 -9999 -9999 -9999 -9999 -9999 8.99287 11.5865 12.7683 13.3888 14.2642 14.368 14.0829 13.5711 12.3325 11.2432 9.47235 7.44977 6.37744 9.57932 12.3652 13.8173 13.6191 10.255 8.92417 8.85752 9.63316 8.96918 8.46453 6.84695 6.36195 5.6898 6.09927 7.38619 8.43832 9.45398 10.1922 10.2517 10.7301 11.0031 11.0233 11.1067 11.0185 10.9454 10.2411 10.7174 10.3045 10.5164 10.3723 10.242 10.1267 9.72503 10.0037 10.2507 10.313 10.3302 10.3139 10.3092 10.2974 10.2726 10.259 10.2548 10.2494 10.233 10.2289 10.211 10.0784 9.38613 8.46088 7.29319 -9999 -9999
-9999 -9999 -9999 -9999 -9999 -9999 7.69947 10.2806 11.5213 13.1218 13.9421 14.2744 14.2292 13.8142 12.8729 11.4563 10.2759 8.01804 5.67329 9.03488 12.0275 13.6409 13.7229 10.8922 11.6701 11.0327 11.283 10.1202 9.63449 9.24699 8.41197 7.49963 6.5004 5.97171 8.33647 9.55031 10.527 10.9869 11.2461 11.3745 11.3027 11.1205 10.0664 10.8637 10.8129 10.7285 10.6323 10.5835 10.496 10.394 10.3293 10.3055 10.0382 10.3344 10.3248 10.3272 10.327 10.3178 10.3014 10.2868 10.2689 10.2659 10.2513 10.2375 10.2266 10.2176 10.2048 10.1625 9.97527 8.40898 7.47036 7.20106
-9999 -9999 -9999 -9999 -9999 -9999 4.07133 7.82838 10.8427 12.4188 13.6999 14.0515 14.1822 13.6257 13.2092 12.1933 11.2311 9.7471 7.52463 6.15508 8.67142 12.3287 13.6734 13.5605 13.4716 12.7356 12.072 11.9843 12.0295 11.2553 10.1312 8.66806 8.20876 7.69511 9.45595 9.69366 9.56358 11.4999 11.5027 11.3907 10.647 9.81464 9.96912 9.44955 9.83492 9.21791 9.77651 10.2588 10.4362 10.4169 10.3452 10.3324 10.3004 10.3487 10.3457 10.3354 10.3272 10.3222 10.3133 10.289 10.2743 10.2802 10.2607 10.2461 10.229 10.2224 10.2141 10.1818 10.152 9.9075 9.54213 8.84648
-9999 -9999 -9999 -9999 -9999 -9999 4.23269 7.39109 10.0713 11.6761 13.2214 13.5789 14.0997 13.9859 13.5495 12.6662 11.5628 10.341 8.43392 7.01566 8.69704 11.1254 12.8623 13.4783 13.4666 13.4204 13.2507 13.1746 12.9781 12.8337 12.029 10.6448 9.86308 8.72032 10.6827 10.9014 10.5926 11.5711 11.5201 10.0356 8.89346 8.74872 9.44104 8.77625 8.65156 8.2331 8.69403 9.93669 9.56696 9.63469 10.1928 10.2826 10.3377 10.3512 10.3449 10.3402 10.3287 10.3284 10.3281 10.3041 10.2919 10.2845 10.2605 10.2515 10.2332 10.2175 10.2009 10.1818 10.1545 10.082 10.003 10.0739
-9999 -9999 -9999 -9999 -9999 -9999 4.2989 6.42329 8.83507 11.2 12.8504 13.5153 13.9991 13.9926 13.4854 13.0455 12.353 11.2778 10.5394 9.25881 7.5019 10.4398 11.3398 12.137 12.4682 13.3029 13.2781 12.8894 12.4333 12.8441 12.7167 11.6223 11.2609 10.6525 11.743 11.7437 11.7115 11.651 10.3966 8.65365 7.25981 8.25833 8.04611 8.50236 7.07001 8.23704 9.17557 9.47702 8.83007 8.35055 9.81343 10.0519 10.1939 10.2841 10.3427 10.3259 10.339 10.3286 10.3225 10.3159 10.3012 10.2914 10.2761 10.2602 10.2419 10.2279 10.2076 10.1836 10.1782 10.135 10.1168 10.0964
-9999 -9999 -9999 -9999 -9999 -9999 -9999 5.16884 8.22378 10.9544 12.474 13.4292 13.8938 13.8839 13.6237 13.3243 12.894 12.1175 11.1424 9.60257 8.45855 9.17978 10.0614 10.1529 10.7367 12.4372 13.0155 12.1861 10.1365 11.3346 12.6748 12.6502 12.5331 12.4026 12.2355 12.0856 11.76 10.8912 8.23385 7.70974 6.66567 6.7813 6.24396 7.40743 6.96235 8.15716 8.67252 8.86439 7.75163 7.97806 9.2748 9.78713 9.69858 10.0123 10.3108 10.3187 10.3255 10.3159 10.3207 10.3213 10.3143 10.2996 10.2873 10.2774 10.2468 10.2447 10.1426 10.0749 9.94128 10.0986 10.1104 10.1124
-9999 -9999 -9999 -9999 -9999 -9999 -9999 4.55833 7.61058 10.8268 11.8583 12.8881 13.7767 13.7925 13.3956 13.018 12.6288 12.1859 11.0036 9.85688 8.76176 8.39214 8.6091 8.58516 9.53237 11.7494 12.1756 11.9884 9.84497 9.12041 10.912 12.4175 12.5337 12.3946 10.6175 10.9935 10.034 8.73337 8.37387 7.80326 6.59976 7.17526 6.29261 6.66667 6.55671 7.23345 7.56134 8.36686 7.39676 7.39325 8.66634 9.30839 9.3218 9.99633 10.2355 10.2967 10.3108 10.3206 10.3218 10.3309 10.323 10.3113 10.2962 10.2617 10.1823 9.93894 8.65036 8.64893 8.99831 9.32877 9.92863 10.0974
-9999 -9999 -9999 -9999 -9999 -9999 -9999 4.91235 7.02977 9.88335 11.9968 12.128 13.1547 13.6839 13.2524 12.7667 12.2696 12.0511 10.7647 9.35165 8.20935 6.85755 7.07688 8.04248 9.6196 11.0506 11.3036 11.0036 9.84904 10.3857 11.6067 12.2539 12.4431 12.2899 11.9011 11.6756 10.9684 10.6607 9.67927 8.14585 7.54033 7.91966 6.29135 6.40193 6.99979 6.35163 7.40059 7.90062 6.64922 7.63037 8.75817 9.33347 9.83633 10.0732 10.1664 10.3107 10.3127 10.3233 10.3284 10.3246 10.3228 10.2973 10.2757 10.1372 9.93365 8.73379 8.22707 8.32215 8.87279 9.3546 9.85613 10.0612
-9999 -9999 -9999 -9999 -9999 -9999 -9999 5.27403 7.1803 9.6543 11.1606 11.4286 12.5674 13.5798 13.4648 12.9594 12.8042 12.2803 11.189 9.98375 8.66643 8.02464 6.55236 7.99645 9.13412 10.3457 10.9107 9.9595 9.48522 10.317 11.1441 11.473 12.3086 12.2984 12.0231 10.8435 10.2672 10.5077 10.2589 9.8246 8.76824 8.71871 8.03893 7.75558 7.48763 6.61724 7.16255 7.21392 7.35696 8.53868 9.12431 9.51181 9.86421 9.95507 10.1073 10.3055 10.3213 10.3267 10.3241 10.3261 10.3095 10.2506 10.2006 9.92408 9.43614 8.52752 7.05111 8.08372 9.16357 9.48476 9.79327 9.95437
-9999 -9999 -9999 -9999 -9999 -9999 -9999 4.94905 6.9743 9.08845 9.97132 10.1197 12.182 13.4441 13.4446 13.2041 12.9234 11.6323 11.7059 11.4459 10.2575 8.5274 6.62737 6.80277 7.92597 9.52762 10.0554 8.49087 7.93978 8.34056 9.59264 10.7133 11.8836 12.1792 11.833 9.99794 8.04798 8.94928 9.9124 9.90478 9.61918 8.6392 8.32613 8.04233 7.3262 6.11041 6.28229 6.6147 7.95483 8.37897 9.03597 9.58131 9.37228 9.49084 10.0129 10.3117 10.3211 10.3246 10.3327 10.324 10.3041 10.1887 10.0665 9.86275 8.59442 7.80473 6.65511 7.98114 8.71657 9.10414 9.80456 9.96993
-9999 -9999 -9999 -9999 -9999 -9999 -9999 4.32148 5.79066 7.81134 8.62463 9.9231 11.8718 12.8295 13.2876 13.2757 13.0881 12.5089 12.1599 11.474 10.2379 8.54848 6.67067 5.44731 6.06549 8.21709 8.72159 7.28095 6.55054 7.45451 8.78912 10.7665 11.8954 12.0459 11.9415 11.5614 10.1371 8.41681 8.42048 9.27999 8.55659 7.71606 8.17437 8.08631 7.37924 6.86404 6.54111 6.73051 7.49259 7.80796 8.56743 9.68976 9.8485 9.81433 10.2858 10.3075 10.3166 10.3326 10.3302 10.324 10.3078 10.2133 10.0041 9.15926 8.42215 7.39746 7.26855 8.44653 8.96392 9.4405 9.7831 9.8934
-9999 -9999 -9999 -9999 -9999 -9999 -9999 3.24087 4.96982 6.86263 8.63489 10.3116 11.7544 11.8643 12.6245 12.6218 13.0193 12.9031 12.3661 11.7882 10.7231 8.55361 6.72895 4.73909 5.26071 7.45504 7.72997 6.76849 4.99432 6.8213 8.8364 10.6626 11.6502 10.872 11.6652 11.5977 11.0628 10.0378 8.44527 8.47311 7.27893 7.22462 7.83414 8.03012 7.92536 7.53795 6.91565 7.01343 7.47316 7.58935 8.28712 9.15724 10.008 10.1491 10.3097 10.3147 10.3155 10.3269 10.3267 10.3071 10.2615 10.1628 9.45431 8.61205 8.09228 7.37768 7.28885 8.65315 9.19303 9.49036 9.7862 9.90184
-9999 -9999 -9999 -9999 -9999 -9999 -9999 -9999 4.79239 6.74793 8.19452 8.58278 9.86507 10.5567 11.0915 11.2088 12.738 12.8207 12.4797 11.9488 11.0402 9.39355 8.24559 6.33699 4.96443 5.51653 5.77016 6.27129 6.12039 6.93392 8.8703 10.8879 11.106 9.82075 10.0086 10.275 10.8746 10.5672 8.39804 7.2948 6.37856 7.02524 7.70554 7.86807 7.89832 7.76364 7.60055 7.32935 8.23993 8.91304 9.06708 9.65386 10.0866 10.2045 10.2929 10.3021 10.3115 10.3099 10.2827 10.2625 10.1514 9.90484 9.11262 7.21015 7.29667 7.08882 6.4953 7.8295 8.66113 9.41382 9.8129 9.91456
-9999 -9999 -9999 -9999 -9999 -9999 -9999 -9999 4.14073 6.40365 6.88023 6.84293 6.09138 6.43487 9.21295 9.77104 11.2377 12.6263 12.5225 12.0017 11.1516 10.1703 8.65184 6.5057 4.79991 4.06987 5.89637 7.69314 8.06256 8.63508 9.8208 10.0444 8.73088 7.49906 8.18739 8.60117 10.1836 10.4706 10.1604 8.85242 7.35715 6.5753 7.49244 7.61252 7.66475 7.67261 7.63747 7.58797 8.61326 9.18028 9.57287 9.78552 10.1567 10.2501 10.2786 10.3054 10.2968 10.2757 10.2149 10.146 9.84874 9.48919 8.19284 7.11163 6.43652 5.58007 7.50277 8.07144 8.85622 9.36106 9.75805 9.84364
