Test_Spring_2018b/11_17/Temp/20171124_012.txt
ncols	170
nrows	115
xllcorner	350000.000000
yllcorner	4445000.000000
cellsize	1000.000000
nodata_value	-9999.000000
[rows 32 to 63 of 115, columns 72 to 143 of 170]
14.0892 13.888 14.202 14.4909 14.3035 14.1825 14.6504 14.6515 14.4912 14.1133 13.976 13.8338 13.7478 13.2636 11.9006 10.6722 11.335 11.3537 10.9006 11.7217 11.2924 10.1679 8.57911 9.44681 9.22423 8.09057 7.81549 -9999 -9999 -9999 -9999 -9999 -9999 -9999 -9999 -9999 -9999 -9999 -9999 -9999 -9999 -9999 -9999 -9999 -9999 -9999 -9999 -9999 -9999 -9999 -9999 -9999 -9999 -9999 -9999 -9999 -9999 -9999 -9999 -9999 -9999 -9999 -9999 -9999 -9999 -9999 -9999 -9999 -9999 -9999 -9999 -9999
13.8176 13.732 14.1982 14.1895 14.1547 14.3119 14.6006 14.6604 14.5988 14.4349 14.2936 14.1433 13.759 13.2048 12.0386 10.64 10.3251 11.0142 11.0502 11.1635 10.7726 10.2808 9.50972 10.1463 10.3951 9.65339 8.68048 8.05192 -9999 -9999 -9999 -9999 -9999 -9999 -9999 -9999 -9999 -9999 -9999 -9999 -9999 -9999 -9999 -9999 -9999 -9999 -9999 -9999 -9999 -9999 -9999 -9999 -9999 -9999 -9999 -9999 -9999 -9999 -9999 -9999 -9999 -9999 -9999 -9999 -9999 -9999 -9999 -9999 -9999 -9999 -9999 -9999
13.4939 13.0444 13.3259 13.5374 13.916 14.0058 14.0653 14.6211 14.5932 14.5691 14.3342 14.147 13.8356 13.3023 12.542 11.6261 10.0294 11.019 11.7946 11.778 11.7388 11.3952 10.6546 11.2796 11.3115 10.3644 9.27625 8.64528 8.38639 -9999 -9999 -9999 -9999 -9999 -9999 -9999 -9999 -9999 -9999 -9999 -9999 -9999 -9999 -9999 -9999 -9999 -9999 -9999 -9999 -9999 -9999 -9999 -9999 -9999 -9999 -9999 -9999 -9999 -9999 -9999 -9999 -9999 -9999 -9999 -9999 -9999 -9999 -9999 -9999 -9999 -9999 -9999
13.1261 12.5768 12.8599 13.2372 13.7629 14.0272 14.2307 14.3977 14.5682 14.5498 14.3093 13.5956 13.4957 13.4674 12.9711 11.9266 10.8836 10.6158 11.7974 12.1379 12.0724 12.3387 11.7118 12.0125 11.8933 11.5606 10.5171 9.56876 9.18108 8.41158 -9999 -9999 -9999 -9999 -9999 -9999 -9999 -9999 -9999 -9999 -9999 -9999 -9999 -9999 -9999 -9999 -9999 -9999 -9999 -9999 -9999 -9999 -9999 -9999 -9999 -9999 -9999 -9999 -9999 -9999 -9999 -9999 -9999 -9999 -9999 -9999 -9999 -9999 -9999 -9999 -9999 -9999
-9999 -9999 12.2312 12.7383 13.1574 13.672 14.1138 14.3394 14.5587 14.5427 14.06 13.8251 13.8067 13.4823 12.909 12.5504 11.895 11.2121 11.4775 12.4858 12.0421 12.7572 12.7001 12.8339 12.3609 11.4549 10.2519 9.54635 9.19992 8.57707 -9999 -9999 -9999 -9999 -9999 -9999 -9999 -9999 -9999 -9999 -9999 -9999 -9999 -9999 -9999 -9999 -9999 -9999 -9999 -9999 -9999 -9999 -9999 -9999 -9999 -9999 -9999 -9999 -9999 -9999 -9999 -9999 -9999 -9999 -9999 -9999 -9999 -9999 -9999 -9999 -9999 -9999
-9999 -9999 -9999 12.6441 12.9622 13.6567 14.0041 14.1507 14.5036 14.5058 14.3239 14.1873 13.9886 13.7285 13.2984 12.8238 12.2076 12.1538 12.8001 12.8115 12.6807 12.7895 13.123 13.0389 12.3052 11.0306 10.3619 8.99182 8.41065 8.47423 8.06353 -9999 -9999 -9999 -9999 -9999 -9999 -9999 -9999 -9999 -9999 -9999 -9999 9.71424 -9999 -9999 -9999 -9999 -9999 -9999 -9999 -9999 -9999 -9999 -9999 -9999 -9999 -9999 -9999 -9999 -9999 -9999 -9999 -9999 7.3327 -9999 -9999 -9999 -9999 -9999 -9999 -9999
-9999 -9999 12.5866 13.0087 13.3464 13.7816 13.8196 14.0725 14.4778 14.4849 14.3563 14.2111 13.8826 13.8033 13.5598 13.0443 12.9417 13.1556 13.2561 13.3696 13.4408 13.3895 13.259 13.0893 12.6106 12.0241 11.6314 10.3855 9.7525 9.15264 8.243 7.53236 -9999 -9999 -9999 -9999 -9999 -9999 -9999 9.21592 9.18754 9.20943 9.41556 9.97453 9.65547 -9999 -9999 -9999 -9999 -9999 -9999 -9999 -9999 -9999 -9999 -9999 -9999 -9999 -9999 -9999 -9999 -9999 -9999 -9999 7.83514 7.12057 -9999 -9999 -9999 -9999 -9999 -9999
-9999 -9999 12.6929 13.1489 13.3766 13.799 14.0406 14.1887 14.3295 14.4645 14.4433 14.2823 14.0369 14.0412 13.703 13.5224 13.3947 13.6829 13.7431 13.6329 13.4936 13.3708 13.0163 12.9782 12.8583 12.4872 11.8758 11.2458 10.3278 9.09133 7.879 6.90202 -9999 -9999 -9999 -9999 -9999 -9999 9.31402 9.77904 10.06 9.4806 9.98653 10.4496 10.3827 9.94441 -9999 -9999 -9999 -9999 -9999 -9999 -9999 -9999 -9999 -9999 -9999 -9999 -9999 -9999 11.2299 10.4971 9.012 8.25301 7.79951 7.1501 -9999 -9999 -9999 -9999 -9999 -9999
-9999 -9999 12.6028 13.1411 13.5055 13.8288 13.88 14.2057 14.347 14.4197 14.4124 14.3817 14.3383 14.0432 13.9182 13.4716 13.9063 13.8941 13.7893 13.3619 13.1789 12.4419 12.1194 12.0439 12.6703 12.2128 11.2543 10.0551 8.60854 8.51662 8.04243 7.16957 -9999 -9999 -9999 -9999 -9999 -9999 9.45652 9.95363 10.3697 10.4354 9.85984 10.6781 10.6519 10.2041 10.1076 10.4867 10.6821 10.5479 10.9982 11.135 10.9408 11.1672 -9999 -9999 -9999 -9999 11.3259 11.3606 11.3877 11.085 9.46198 8.35491 7.36125 7.27467 -9999 -9999 -9999 -9999 -9999 -9999
-9999 -9999 12.9761 13.3071 13.4739 13.5002 13.7897 14.0733 14.2487 14.3788 14.3537 14.3447 14.3357 14.2367 14.0033 14.0498 14.0348 13.9011 13.084 12.1296 12.5519 11.9867 10.7662 11.7603 12.3074 11.7886 10.6263 9.27794 8.83348 8.85407 8.19303 7.34226 -9999 -9999 -9999 8.09776 8.80651 8.87316 9.08627 9.74755 10.2522 10.6336 10.8958 10.8922 10.6299 10.1922 9.71593 9.89493 10.7707 10.9895 11.1735 11.3153 11.1356 11.2407 11.4792 11.6051 11.635 11.5856 11.5781 11.6018 11.5787 11.2964 9.84381 9.01494 8.48773 7.42621 -9999 -9999 -9999 -9999 -9999 -9999
-9999 -9999 12.7673 13.0548 13.2872 13.6718 13.7115 13.9558 14.0956 14.31 14.3353 14.0836 14.2951 14.2709 14.2353 14.1563 14.039 13.3502 12.3992 11.4457 11.0079 11.196 10.4667 10.8471 11.4015 11.2029 10.491 9.29001 9.12305 8.84176 7.72649 6.65413 -9999 -9999 6.72789 8.08277 9.03852 9.53433 9.69197 9.71255 10.3469 10.4026 11.0855 10.9321 10.0454 10.1528 9.8114 10.0439 10.3717 10.4661 10.9312 11.3779 11.4678 11.4762 11.6304 11.6667 11.6801 11.6815 11.5862 11.6368 11.6483 11.4738 10.4233 9.91326 9.3522 7.44456 -9999 -9999 -9999 -9999 -9999 -9999
-9999 -9999 12.9131 13.2342 13.5857 13.6413 13.9013 13.873 13.7928 14.1571 14.2894 14.112 13.9855 14.2256 14.2128 14.1855 14.1382 13.4915 12.7424 11.6057 10.901 10.4675 10.1632 9.75547 10.0418 9.95815 9.84487 9.98095 9.65195 8.9902 8.33904 7.11713 6.45845 -9999 6.80048 7.41448 8.55021 9.51653 10.1323 9.91905 10.6397 10.7788 11.196 10.9609 10.4257 10.2014 10.1878 10.1237 10.6121 10.9429 11.1784 11.338 11.5339 11.5888 11.6437 11.6699 11.6865 11.7029 11.7054 11.7061 11.6891 11.6261 11.1453 10.6373 9.53217 7.51022 -9999 -9999 -9999 -9999 -9999 -9999
-9999 11.9799 12.8773 13.4161 13.6235 13.7725 13.9036 13.9981 14.0936 14.1871 14.2526 14.2248 13.7535 13.7951 13.8839 14.157 14.1427 14.089 13.682 12.298 11.8195 11.1218 10.2171 9.84123 10.0343 10.782 10.7514 10.2607 9.71349 8.95225 8.4709 7.72315 6.28451 6.41803 7.07164 7.55948 8.33297 9.51298 10.3422 10.7158 10.861 11.1558 11.313 10.9902 10.6826 10.5573 10.3189 10.2917 10.3011 10.5992 10.8331 11.3452 11.5219 11.6051 11.6511 11.6785 11.6996 11.7201 11.7302 11.725 11.7298 11.7299 11.6993 11.02 9.31666 8.03426 -9999 -9999 -9999 -9999 -9999 -9999
-9999 -9999 12.7116 12.9473 13.0071 13.1135 13.334 13.5888 13.9471 13.9934 14.1941 14.1937 13.7872 13.319 13.7333 13.9009 14.075 14.0855 14.0379 12.8731 12.267 11.7904 10.9231 11.2412 11.5429 11.5685 11.391 10.3359 9.28491 8.06914 6.93748 6.88617 6.27827 6.60479 7.0379 8.14379 8.92385 9.24361 9.47522 10.6755 10.9916 11.1062 11.419 11.0096 10.9124 10.6068 10.7077 10.688 10.6976 9.83751 10.7155 10.7744 11.3487 11.6108 11.6743 11.6961 11.7186 11.7265 11.7346 11.7365 11.7465 11.7426 11.7388 11.2991 9.13535 8.05213 -9999 -9999 -9999 -9999 -9999 -9999
-9999 -9999 -9999 -9999 12.7832 12.9618 13.0753 13.274 13.8846 14.0499 14.1603 14.1707 13.9908 13.5269 13.4081 13.4983 13.0484 13.4347 13.9599 13.9519 13.8934 12.8714 12.3506 12.8625 12.7112 11.9425 11.3379 10.7409 9.50994 8.60592 7.30844 6.33495 6.30122 7.3821 8.28059 9.39955 9.8963 9.6219 9.93101 10.5304 11.2108 11.5436 11.4742 11.0423 10.9893 10.5141 10.9968 11.0455 10.8326 10.6496 10.7333 11.0213 11.1355 11.586 11.6999 11.7247 11.7338 11.7409 11.7438 11.7457 11.7454 11.7453 11.7436 11.7282 9.5039 7.77527 -9999 -9999 -9999 -9999 -9999 -9999
-9999 -9999 -9999 -9999 12.3557 12.4633 12.7508 13.4939 13.878 14.0349 14.0296 14.1035 13.9772 13.5698 13.1524 12.7599 12.2526 12.5511 13.3317 13.7939 13.8506 12.9553 13.4277 13.256 12.9137 11.9075 11.1664 10.7744 9.59261 8.57777 7.71538 6.52382 7.03765 7.60362 8.33009 9.55029 10.3757 10.7183 10.4413 10.8269 11.609 11.6205 11.2041 11.2394 10.9898 10.3377 11.0331 11.2346 11.0867 11.1351 11.0847 11.1966 11.3941 11.5829 11.7103 11.7327 11.74 11.7412 11.7457 11.751 11.747 11.7523 11.7506 11.744 10.31 7.7442 -9999 -9999 -9999 -9999 -9999 -9999
-9999 -9999 -9999 -9999 -9999 11.964 12.6237 13.611 13.8503 13.8271 14.0316 14.0502 13.8554 13.6875 13.18 12.4861 11.149 11.4964 12.2154 13.2496 13.7953 13.7267 13.4301 12.911 11.6494 10.5454 10.4134 10.2344 9.3725 8.59069 7.6316 8.1915 8.80483 9.47594 9.83061 9.74388 10.4518 11.0304 10.7931 11.2647 11.8143 11.5755 11.4377 11.3234 11.0336 11.0238 11.0632 11.4617 11.1997 11.3737 11.3856 11.3838 11.4835 11.5969 11.7152 11.7394 11.7451 11.7521 11.7439 11.7532 11.7514 11.7497 11.7487 11.7437 11.6184 10.2389 9.41645 -9999 -9999 -9999 -9999 -9999
-9999 -9999 -9999 -9999 -9999 11.3537 11.6814 12.8513 13.207 13.7243 13.9995 14.0133 13.683 13.5008 12.7424 12.5001 11.2638 10.7068 11.1893 11.0118 12.4336 13.692 13.4234 10.8958 9.9823 9.33125 9.50175 9.50561 9.26723 7.93711 7.57341 8.76624 9.51862 10.1026 10.5469 10.643 10.6328 11.5349 11.6599 11.9577 11.9013 11.9356 11.4907 11.2185 11.4718 11.1978 11.1578 11.5692 11.1802 11.5474 11.5127 11.4124 11.414 11.6574 11.7116 11.7427 11.7498 11.7455 11.7385 11.7364 11.7488 11.7501 11.7419 11.7475 11.7397 11.5805 10.8692 10.6241 10.9073 -9999 -9999 -9999
-9999 -9999 -9999 -9999 -9999 -9999 10.5896 12.2167 12.9548 13.3455 13.8965 13.9641 13.7882 13.4712 12.6991 12.0212 10.9164 9.65422 8.98759 11.0025 12.7565 13.674 13.5583 11.4551 10.6269 10.5913 11.0837 10.6729 10.3617 9.35068 9.05164 8.63506 8.89678 9.70895 10.3745 11.0165 11.485 11.5283 11.8352 12.0142 12.0352 12.0966 12.051 12.0154 11.5873 11.8972 11.6494 11.7934 11.714 11.643 11.5827 11.3403 11.5239 11.687 11.7335 11.7522 11.7479 11.7506 11.7489 11.7391 11.7371 11.7411 11.7446 11.7417 11.7468 11.7447 11.6699 11.2442 10.6723 9.94834 -9999 -9999
-9999 -9999 -9999 -9999 -9999 -9999 9.77728 11.3968 12.172 13.1775 13.693 13.9047 13.8797 13.6235 13.0378 12.1546 11.42 10.0101 8.54604 10.66 12.5436 13.5621 13.62 11.8535 12.3478 11.9542 12.1171 11.3934 11.0941 10.8546 10.3361 9.76892 9.14739 8.82209 10.31 11.0765 11.6946 11.9892 12.1586 12.2467 12.2095 12.1049 11.4533 11.9635 11.945 11.903 11.8536 11.8338 11.7897 11.7361 11.7075 11.7019 11.5429 11.738 11.7403 11.7481 11.7541 11.7541 11.7496 11.7463 11.7412 11.7467 11.7446 11.7434 11.7442 11.7477 11.7479 11.7298 11.6207 10.6466 10.066 9.90812
-9999 -9999 -9999 -9999 -9999 -9999 7.50079 9.8582 11.7444 12.7349 13.5414 13.765 13.8505 13.5055 13.2489 12.617 12.0192 11.0945 9.70692 8.85449 10.4378 12.7382 13.5879 13.526 13.4765 13.0211 12.6107 12.5613 12.5951 12.113 11.4136 10.501 10.2201 9.90272 11.0121 11.1664 11.0905 12.3112 12.3198 12.257 11.7987 11.285 11.3912 11.076 11.331 10.9546 11.3155 11.6286 11.7502 11.7482 11.715 11.718 11.7062 11.7462 11.7511 11.7511 11.7522 11.755 11.7553 11.7461 11.7431 11.7534 11.7494 11.7477 11.7448 11.7497 11.7526 11.7406 11.7301 11.5849 11.3637 10.9384
-9999 -9999 -9999 -9999 -9999 -9999 7.60001 9.57726 11.2603 12.2695 13.2415 13.4689 13.7992 13.7319 13.4629 12.914 12.2275 11.4671 10.2772 9.39401 10.455 11.9827 13.0784 13.4738 13.4724 13.4494 13.3488 13.3075 13.1896 13.1023 12.603 11.7429 11.2575 10.5457 11.7816 11.9243 11.7364 12.3564 12.3313 11.4076 10.6993 10.6171 11.06 10.6526 10.5877 10.3361 10.6354 11.425 11.2052 11.2574 11.6191 11.6842 11.7297 11.7455 11.7485 11.7521 11.7512 11.7571 11.7631 11.7542 11.7529 11.755 11.7468 11.7503 11.7466 11.7459 11.7433 11.7394 11.7303 11.6928 11.653 11.7086
-9999 -9999 -9999 -9999 -9999 -9999 7.6425 8.96976 10.4847 11.971 13.0091 13.4294 13.7367 13.7367 13.4233 13.1524 12.7236 12.055 11.5979 10.8008 9.70514 11.5541 12.1226 12.6317 12.8465 13.376 13.3662 13.1281 12.8447 13.1079 13.037 12.3557 12.1341 11.7577 12.447 12.4531 12.4388 12.4073 11.6274 10.5416 9.67522 10.3099 10.1856 10.4807 9.59537 10.339 10.9379 11.1371 10.7411 10.4498 11.3789 11.5405 11.6373 11.7013 11.7451 11.7412 11.7558 11.7556 11.7581 11.7604 11.7577 11.7583 11.7557 11.753 11.7513 11.7517 11.7469 11.7419 11.7465 11.7266 11.7228 11.7213
-9999 -9999 -9999 -9999 -9999 -9999 -9999 8.18382 10.1026 11.818 12.7742 13.3767 13.6719 13.6699 13.5113 13.3285 13.0639 12.5826 11.9768 11.0171 10.3056 10.7641 11.3208 11.3874 11.7596 12.8322 13.2006 12.6861 11.4037 12.1649 13.0109 13.0008 12.9326 12.8561 12.7563 12.6681 12.4699 11.9315 10.2717 9.95088 9.30391 9.38475 9.05645 9.79516 9.52913 10.2883 10.6214 10.7515 10.0631 10.2173 11.0437 11.3733 11.3256 11.5298 11.7232 11.735 11.7458 11.7463 11.7557 11.7626 11.765 11.7637 11.7632 11.7644 11.7556 11.7634 11.7073 11.6728 11.5968 11.7032 11.7181 11.7333
-9999 -9999 -9999 -9999 -9999 -9999 -9999 7.8006 9.71785 11.7381 12.3884 13.0379 13.5992 13.6133 13.369 13.1371 12.8983 12.6259 11.8901 11.1767 10.4958 10.2698 10.4118 10.4034 11.0035 12.4 12.673 12.5613 11.2246 10.7758 11.905 12.8548 12.9331 12.8514 11.7425 11.9843 11.3887 10.5795 10.3609 10.0104 9.26327 9.63236 9.08722 9.33059 9.27452 9.7084 9.92351 10.4381 9.83891 9.84872 10.6606 11.0714 11.0876 11.5181 11.6752 11.7206 11.7361 11.7489 11.7564 11.7688 11.7707 11.7704 11.7681 11.7539 11.7116 11.5699 10.7707 10.7776 11.0044 11.2193 11.608 11.7231
-9999 -9999 -9999 -9999 -9999 -9999 -9999 8.0222 9.35341 11.1465 12.4756 12.5617 13.2097 13.546 13.2799 12.9802 12.6736 12.5419 11.7406 10.86 10.1492 9.30714 9.45044 10.0618 11.0576 11.9609 12.1253 11.9428 11.2267 11.5691 12.3406 12.7521 12.8764 12.7861 12.5481 12.4127 11.9755 11.7891 11.1804 10.2259 9.85379 10.0997 9.08661 9.16447 9.54816 9.15478 9.82183 10.1445 9.36861 10.0012 10.7169 11.0858 11.4089 11.565 11.6306 11.7281 11.7363 11.7498 11.7597 11.7642 11.7701 11.7611 11.7548 11.6753 11.5551 10.8101 10.5048 10.572 10.925 11.2346 11.5644 11.6998
-9999 -9999 -9999 -9999 -9999 -9999 -9999 8.24856 9.44759 11.0029 11.9513 12.1234 12.8418 13.4812 13.4137 13.1017 13.0094 12.6861 12.007 11.2566 10.4359 10.039 9.12113 10.0324 10.7525 11.5181 11.8782 11.2897 10.9982 11.5257 12.0502 12.2623 12.7922 12.7916 12.625 11.8913 11.5362 11.6937 11.5446 11.2794 10.6244 10.6011 10.1828 10.0133 9.85375 9.32084 9.67173 9.71278 9.81674 10.5699 10.9454 11.1965 11.4253 11.4898 11.5925 11.724 11.7409 11.7512 11.7564 11.7646 11.7613 11.7314 11.7073 11.5412 11.2426 10.6802 9.76683 10.422 11.1068 11.3184 11.5246 11.6324
-9999 -9999 -9999 -9999 -9999 -9999 -9999 8.04417 9.31806 10.6478 11.2055 11.3027 12.6005 13.3966 13.4015 13.2555 13.0845 12.2799 12.3314 12.1737 11.4338 10.3541 9.16785 9.28332 9.99645 11.0044 11.3411 10.3681 10.0284 10.2857 11.0769 11.7856 12.5256 12.717 12.506 11.3613 10.1447 10.7166 11.3276 11.33 11.1583 10.5513 10.3629 10.193 9.75206 9.00163 9.11887 9.336 10.1944 10.4689 10.8891 11.2391 11.1158 11.1977 11.5325 11.7271 11.7401 11.7493 11.7614 11.7629 11.7575 11.6923 11.6229 11.5023 10.7142 10.2264 9.51411 10.3573 10.826 11.0852 11.5314 11.6419
-9999 -9999 -9999 -9999 -9999 -9999 -9999 7.64994 8.57525 9.84658 10.3608 11.1794 12.4061 13.0113 13.3033 13.3007 13.188 12.8299 12.6162 12.1913 11.4213 10.3671 9.19466 8.43272 8.8258 10.1817 10.5087 9.6088 9.15663 9.72956 10.5726 11.8188 12.5328 12.6333 12.574 12.3419 11.4551 10.3828 10.392 10.9382 10.4918 9.9722 10.2674 10.2202 9.78484 9.46996 9.28049 9.41371 9.90385 10.11 10.5945 11.3064 11.4138 11.3999 11.7031 11.7239 11.7368 11.754 11.7595 11.7626 11.7596 11.7075 11.5834 11.0608 10.6059 9.9706 9.89722 10.649 10.9838 11.296 11.5179 11.5938
-9999 -9999 -9999 -9999 -9999 -9999 -9999 6.97147 8.05988 9.25116 10.367 11.423 12.3324 12.406 12.8875 12.8907 13.145 13.0772 12.7455 12.3882 11.7254 10.37 9.23081 7.98805 8.3205 9.70534 9.88393 9.28685 8.18004 9.33191 10.6018 11.7532 12.3787 11.8968 12.4005 12.3646 12.0355 11.3994 10.4074 10.4319 9.69021 9.66364 10.0537 10.1845 10.1268 9.892 9.5136 9.59057 9.89106 9.97227 10.4181 10.9719 11.5133 11.6095 11.7177 11.7282 11.7358 11.7501 11.7571 11.7519 11.7304 11.6756 11.2384 10.7174 10.3987 9.95793 9.90967 10.7739 11.1274 11.3273 11.5198 11.5992
-9999 -9999 -9999 -9999 -9999 -9999 -9999 -9999 7.94795 9.17871 10.0904 10.3383 11.1472 11.5857 11.9259 12.0043 12.9685 13.0254 12.8166 12.4887 11.924 10.8964 10.1816 8.98974 8.13409 8.49329 8.65412 8.97438 8.88571 9.40194 10.6225 11.8939 12.0369 11.2369 11.361 11.5345 11.9171 11.731 10.3773 9.69238 9.12496 9.53803 9.9724 10.0822 10.1092 10.0329 9.94819 9.79182 10.3714 10.802 10.9068 11.2829 11.5622 11.6439 11.7069 11.7201 11.7333 11.7394 11.7295 11.7239 11.6613 11.5137 11.024 9.83795 9.89954 9.77656 9.41176 10.2593 10.8001 11.2793 11.5366 11.6074
-9999 -9999 -9999 -9999 -9999 -9999 -9999 -9999 7.53845 8.9621 9.26546 9.24661 8.7799 9.0001 10.7474 11.1023 12.0272 12.9032 12.8431 12.5216 11.9935 11.3831 10.4359 9.09496 8.03025 7.58037 8.73457 9.86546 10.1031 10.4682 11.2179 11.3642 10.5464 9.78 10.218 10.4839 11.4829 11.6696 11.4819 10.6685 9.73794 9.25502 9.83793 9.92113 9.96194 9.97509 9.9677 9.95151 10.605 10.9691 11.2237 11.3652 11.606 11.6724 11.6979 11.7221 11.724 11.718 11.687 11.6508 11.4714 11.2529 10.447 9.77601 9.35987 8.8301 10.0435 10.411 10.9171 11.2462 11.5024 11.5632
