Test_Spring_2018b/11_17/Temp/20171127_022.txt
ncols	170
nrows	115
xllcorner	350000.000000
yllcorner	4445000.000000
cellsize	1000.000000
nodata_value	-9999.000000
[rows 31 to 61 of 115, columns 71 to 141 of 170]
7.35794 7.58919 7.16467 7.21199 8.24755 8.48776 8.47713 8.40184 8.30811 7.82325 7.66332 7.28162 6.60658 6.32527 5.1217 1.22401 2.33048 2.76463 1.63624 2.26988 3.29964 2.40728 -0.245546 -1.3869 -3.22673 -2.64051 -3.18948 -4.6703 -9999 -9999 -9999 -9999 -9999 -9999 -9999 -9999 -9999 -9999 -9999 -9999 -9999 -9999 -9999 -9999 -9999 -9999 -9999 -9999 -9999 -9999 -9999 -9999 -9999 -9999 -9999 -9999 -9999 -9999 -9999 -9999 -9999 -9999 -9999 -9999 -9999 -9999 -9999 -9999 -9999 -9999 -9999
7.14243 7.12022 6.71134 7.35391 7.94602 7.60161 7.37506 8.35197 8.35584 8.0299 7.2591 6.97822 6.68663 6.50888 5.51824 2.73406 0.224303 1.57257 1.60675 0.678256 2.34961 1.47027 -0.827348 -4.07179 -2.3045 -2.76133 -5.05571 -5.61898 -9999 -9999 -9999 -9999 -9999 -9999 -9999 -9999 -9999 -9999 -9999 -9999 -9999 -9999 -9999 -9999 -9999 -9999 -9999 -9999 -9999 -9999 -9999 -9999 -9999 -9999 -9999 -9999 -9999 -9999 -9999 -9999 -9999 -9999 -9999 -9999 -9999 -9999 -9999 -9999 -9999 -9999 -9999
6.78688 6.57447 6.40102 7.35381 7.33823 7.28708 7.64637 8.25751 8.38102 8.25623 7.92207 7.63306 7.32519 6.53905 5.40554 3.02317 0.16616 -0.480109 0.921499 0.990807 1.21789 0.416515 -0.590605 -2.16738 -0.872071 -0.367657 -1.87743 -3.85002 -5.1119 -9999 -9999 -9999 -9999 -9999 -9999 -9999 -9999 -9999 -9999 -9999 -9999 -9999 -9999 -9999 -9999 -9999 -9999 -9999 -9999 -9999 -9999 -9999 -9999 -9999 -9999 -9999 -9999 -9999 -9999 -9999 -9999 -9999 -9999 -9999 -9999 -9999 -9999 -9999 -9999 -9999 -9999
6.24593 5.92203 5.00583 5.58159 6.0151 6.824 7.04935 7.17265 8.30819 8.25217 8.20346 7.72381 7.34069 6.70351 5.61278 4.0585 2.18639 -1.07517 0.939397 2.51727 2.47891 2.39458 1.68945 0.174469 1.44564 1.50726 -0.420821 -2.60458 -3.89733 -4.43117 -9999 -9999 -9999 -9999 -9999 -9999 -9999 -9999 -9999 -9999 -9999 -9999 -9999 -9999 -9999 -9999 -9999 -9999 -9999 -9999 -9999 -9999 -9999 -9999 -9999 -9999 -9999 -9999 -9999 -9999 -9999 -9999 -9999 -9999 -9999 -9999 -9999 -9999 -9999 -9999 -9999
5.4911 5.17921 4.05913 4.63833 5.41012 6.50443 7.07869 7.51748 7.86007 8.20927 8.1724 7.6816 6.22452 6.01909 5.95875 4.94308 2.80842 0.676358 0.125433 2.53122 3.22103 3.08252 3.62103 2.33773 2.94678 2.69959 2.01879 -0.0856013 -2.00915 -2.80588 -4.38178 -9999 -9999 -9999 -9999 -9999 -9999 -9999 -9999 -9999 -9999 -9999 -9999 -9999 -9999 -9999 -9999 -9999 -9999 -9999 -9999 -9999 -9999 -9999 -9999 -9999 -9999 -9999 -9999 -9999 -9999 -9999 -9999 -9999 -9999 -9999 -9999 -9999 -9999 -9999 -9999
-9999 -9999 -9999 3.36246 4.41796 5.29444 6.36063 7.28641 7.74899 8.19835 8.1667 7.18222 6.70237 6.66341 5.99917 4.82626 4.09076 2.74904 1.3508 1.88714 3.93865 3.02813 4.48192 4.36042 4.62877 3.65941 1.83254 -0.622715 -2.0506 -2.76327 -4.04001 -9999 -9999 -9999 -9999 -9999 -9999 -9999 -9999 -9999 -9999 -9999 -9999 -9999 -9999 -9999 -9999 -9999 -9999 -9999 -9999 -9999 -9999 -9999 -9999 -9999 -9999 -9999 -9999 -9999 -9999 -9999 -9999 -9999 -9999 -9999 -9999 -9999 -9999 -9999 -9999
-9999 -9999 -9999 -9999 4.23226 4.90283 6.32397 7.07008 7.37219 8.09462 8.10073 7.73053 7.45171 7.04494 6.51214 5.63129 4.65877 3.39683 3.2814 4.59409 4.61143 4.33852 4.55489 5.22974 5.0533 3.55314 0.971436 -0.397789 -3.17765 -4.3692 -4.24548 -5.08954 -9999 -9999 -9999 -9999 -9999 -9999 -9999 -9999 -9999 -9999 -9999 -9999 -1.83834 -9999 -9999 -9999 -9999 -9999 -9999 -9999 -9999 -9999 -9999 -9999 -9999 -9999 -9999 -9999 -9999 -9999 -9999 -9999 -9999 -6.91598 -9999 -9999 -9999 -9999 -9999
-9999 -9999 -9999 4.10015 4.99904 5.69284 6.58605 6.67959 7.22076 8.05111 8.06803 7.80703 7.51108 6.84005 6.67601 6.17572 5.11955 4.90471 5.33497 5.53358 5.75837 5.89705 5.78594 5.51389 5.16219 4.20451 3.00276 2.1968 -0.346753 -1.6273 -2.85692 -4.71875 -6.17487 -9999 -9999 -9999 -9999 -9999 -9999 -9999 -2.80816 -2.87677 -2.84316 -2.43395 -1.30514 -1.96777 -9999 -9999 -9999 -9999 -9999 -9999 -9999 -9999 -9999 -9999 -9999 -9999 -9999 -9999 -9999 -9999 -9999 -9999 -9999 -5.8938 -7.36131 -9999 -9999 -9999 -9999
-9999 -9999 -9999 4.35408 5.28978 5.7603 6.62854 7.12818 7.46616 7.75785 8.03658 7.99558 7.6679 7.16653 7.17303 6.47943 6.10605 5.83948 6.42072 6.53613 6.30388 6.01237 5.7547 5.02516 4.94151 4.71416 3.95183 2.69988 1.40995 -0.449366 -2.97742 -5.45652 -7.45578 -9999 -9999 -9999 -9999 -9999 -9999 -2.59286 -1.65485 -1.0928 -2.28641 -1.26611 -0.333559 -0.482251 -1.38317 -9999 -9999 -9999 -9999 -9999 -9999 -9999 -9999 -9999 -9999 -9999 -9999 -9999 -9999 1.06651 -0.437809 -3.47687 -5.03462 -5.96923 -7.30367 -9999 -9999 -9999 -9999
-9999 -9999 -9999 4.17311 5.27773 6.02854 6.6961 6.80897 7.50175 7.80306 7.95571 7.94374 7.88265 7.79363 7.18932 6.93055 6.01398 6.894 6.86147 6.63948 5.75924 5.37773 3.8663 3.20151 3.06234 4.33454 3.39626 1.43611 -1.0144 -3.95407 -4.14531 -5.11817 -6.9047 -9999 -9999 -9999 -9999 -9999 -9999 -2.29692 -1.29383 -0.456688 -0.334645 -1.52134 0.135351 0.0745819 -0.852524 -1.06304 -0.303246 0.0819797 -0.204585 0.702084 0.968142 0.559188 1.00879 -9999 -9999 -9999 -9999 1.27803 1.33909 1.38515 0.758367 -2.56179 -4.82945 -6.86587 -7.05327 -9999 -9999 -9999 -9999
-9999 -9999 -9999 4.93673 5.61971 5.96902 6.03219 6.63295 7.24088 7.61196 7.88845 7.84024 7.82327 7.80422 7.59957 7.11909 7.20768 7.16965 6.88839 5.2126 3.2564 4.10912 2.94397 0.465931 2.48735 3.598 2.53465 0.15909 -2.59544 -3.4907 -3.45232 -4.80599 -6.5459 -9999 -9999 -9999 -5.03311 -3.59623 -3.47016 -3.04605 -1.70833 -0.690776 0.0737015 0.595631 0.583234 0.0312316 -0.875839 -1.86169 -1.51072 0.261873 0.694137 1.0577 1.33335 0.953689 1.15364 1.62812 1.87356 1.92371 1.81259 1.78742 1.82637 1.76994 1.18506 -1.78557 -3.48542 -4.57004 -6.7507 -9999 -9999 -9999 -9999
-9999 -9999 -9999 4.51843 5.11353 5.59742 6.39845 6.49035 6.99899 7.31067 7.75788 7.81335 7.30164 7.73276 7.68082 7.60332 7.43543 7.188 5.77342 3.82323 1.86805 0.965247 1.35663 -0.138468 0.63058 1.75597 1.34321 -0.110068 -2.5638 -2.90768 -3.47228 -5.75179 -7.94481 -9999 -9999 -7.81382 -5.05787 -3.11712 -2.11567 -1.80501 -1.77479 -0.492981 -0.392355 0.987276 0.667892 -1.15814 -0.953361 -1.66654 -1.20701 -0.555991 -0.377698 0.557387 1.45635 1.62665 1.6311 1.9334 1.99596 2.01244 2.00502 1.80078 1.89464 1.90914 1.54448 -0.607352 -1.65675 -2.8117 -6.71664 -9999 -9999 -9999 -9999
-9999 -9999 -9999 4.82732 5.49232 6.22027 6.34515 6.88694 6.83871 6.70194 7.45268 7.72997 7.37034 7.11196 7.599 7.56766 7.50467 7.39932 6.0697 4.53063 2.20072 0.752798 -0.126611 -0.754921 -1.59089 -1.01239 -1.18768 -1.42281 -1.14866 -1.82429 -3.16527 -4.49806 -6.99547 -8.3447 -9999 -7.66017 -6.4156 -4.1077 -2.1465 -0.901512 -1.34864 0.108757 0.378918 1.2226 0.728787 -0.380559 -0.856676 -0.89944 -1.04525 -0.0638953 0.593906 1.05977 1.37134 1.75878 1.85786 1.95744 1.99935 2.02237 2.04562 2.04095 2.03344 1.99002 1.85296 0.863496 -0.182751 -2.44615 -6.58396 -9999 -9999 -9999 -9999
-9999 -9999 2.90354 4.75466 5.86531 6.30066 6.6175 6.8979 7.10323 7.32399 7.52308 7.66254 7.61015 6.64849 6.73047 6.90608 7.45534 7.41641 7.29579 6.45377 3.61863 2.64291 1.21333 -0.639788 -1.41363 -1.02527 0.49568 0.42966 -0.574471 -1.69357 -3.23842 -4.2249 -5.75479 -8.69487 -8.42838 -7.10183 -6.11455 -4.54567 -2.14863 -0.468395 0.281297 0.564268 1.15686 1.46363 0.786957 0.141612 -0.129628 -0.631644 -0.702691 -0.699081 -0.106178 0.356158 1.38403 1.73063 1.8886 1.96997 2.01405 2.04625 2.07787 2.08908 2.06959 2.07079 2.06274 1.99096 0.596682 -2.89277 -5.52183 -9999 -9999 -9999 -9999
-9999 -9999 -9999 4.41713 4.91051 5.04625 5.27748 5.74145 6.27485 7.0321 7.13504 7.55075 7.5539 6.72529 5.76711 6.60642 6.93993 7.28473 7.29442 7.18504 4.80601 3.56004 2.57932 0.802483 1.44442 2.0547 2.10255 1.73698 -0.418278 -2.5646 -5.03692 -7.34951 -7.45845 -8.70347 -8.04312 -7.16622 -4.91797 -3.3357 -2.69377 -2.23288 0.203097 0.838192 1.05572 1.67905 0.82832 0.611749 -0.0277056 0.161953 0.105804 0.109349 -1.66102 0.114922 0.220029 1.37728 1.89696 2.01493 2.04779 2.08274 2.08887 2.09611 2.09119 2.10314 2.08645 2.06673 1.16042 -3.26356 -5.48614 -9999 -9999 -9999 -9999
-9999 -9999 -9999 -9999 -9999 4.59211 4.97157 5.21831 5.63822 6.9102 7.25648 7.48816 7.51286 7.1461 6.19721 5.94855 6.12378 5.19522 5.97169 7.03535 7.00867 6.87974 4.78622 3.7158 4.75382 4.43989 2.86759 1.63082 0.410436 -2.10278 -3.93926 -6.58994 -8.58004 -8.65352 -6.45394 -4.62754 -2.35255 -1.34828 -1.91857 -1.29969 -0.0887719 1.28574 1.95028 1.79342 0.896629 0.769844 -0.216041 0.752254 0.834972 0.384398 -0.00497261 0.15004 0.722428 0.940912 1.84631 2.06583 2.1045 2.11221 2.11665 2.11335 2.10863 2.09783 2.08852 2.07595 2.03512 -2.51234 -6.05156 -9999 -9999 -9999 -9999
-9999 -9999 -9999 -9999 -9999 3.72266 3.95773 4.55985 6.09067 6.90067 7.22986 7.2255 7.37976 7.12234 6.28802 5.4303 4.6205 3.57552 4.17353 5.75523 6.68769 6.7938 4.95878 5.91462 5.55807 4.85456 2.79781 1.28275 0.480645 -1.93207 -3.9948 -5.75776 -8.19265 -7.14899 -5.99983 -4.52431 -2.04276 -0.368038 0.320303 -0.256028 0.517956 2.09967 2.10862 1.24367 1.2998 0.771676 -0.575479 0.826494 1.22088 0.902678 0.985085 0.866357 1.07936 1.46755 1.83902 2.08619 2.1199 2.12402 2.11659 2.11671 2.11796 2.10083 2.10246 2.08991 2.06688 -0.868319 -6.11547 -9999 -9999 -9999 -9999
-9999 -9999 -9999 -9999 -9999 -9999 2.94166 4.30304 6.33191 6.84633 6.80792 7.23126 7.27256 6.87498 6.52921 5.48758 4.06282 1.32465 2.02253 3.47861 5.57825 6.68193 6.53356 5.92049 4.85531 2.27653 0.0201703 -0.252099 -0.619625 -2.37984 -3.96726 -5.92755 -4.78933 -3.54271 -2.1791 -1.46213 -1.64691 -0.211797 0.958265 0.46252 1.41193 2.51925 2.0175 1.72073 1.4716 0.861462 0.824575 0.888078 1.68427 1.13328 1.47184 1.48024 1.46116 1.64997 1.86744 2.09601 2.13369 2.13454 2.1388 2.11275 2.12254 2.10984 2.09729 2.08579 2.06611 1.80069 -1.02634 -2.71506 -9999 -9999 -9999
-9999 -9999 -9999 -9999 -9999 -9999 1.69851 2.3821 4.78291 5.5344 6.59813 7.16528 7.19622 6.52196 6.14722 4.59432 4.09088 1.55824 0.411683 1.38541 1.01323 3.90468 6.46363 5.90785 0.745273 -1.1235 -2.45574 -2.11107 -2.10568 -2.59402 -5.30012 -6.04597 -3.61667 -2.08658 -0.900846 -0.00116947 0.1872 0.157173 1.98705 2.23055 2.82532 2.69657 2.75193 1.8288 1.25752 1.75536 1.17967 1.08134 1.9039 1.09382 1.82658 1.74002 1.5201 1.5087 1.99153 2.08946 2.1412 2.14454 2.12605 2.10228 2.08872 2.10489 2.09812 2.07185 2.07367 2.04781 1.71022 0.248098 -0.262682 0.304119 -9999
-9999 -9999 -9999 -9999 -9999 -9999 -9999 0.155175 3.48772 5.01892 5.82344 6.9526 7.09288 6.73849 6.08651 4.50402 3.11216 0.848378 -1.73721 -3.10649 0.994427 4.56394 6.42764 6.18409 1.88712 0.192406 0.115665 1.11688 0.275966 -0.361237 -2.41635 -3.03059 -3.88503 -3.35625 -1.70316 -0.353876 0.947657 1.89418 1.97222 2.58678 2.93926 2.96864 3.07942 2.97115 2.88279 1.99059 2.6063 2.08418 2.36155 2.18324 2.02229 1.88371 1.37396 1.73423 2.05334 2.1357 2.16079 2.14159 2.13736 2.12429 2.09496 2.08141 2.07989 2.07743 2.06162 2.06186 2.04463 1.88106 1.00155 -0.175997 -1.66374
-9999 -9999 -9999 -9999 -9999 -9999 -9999 -1.50202 1.81375 3.42003 5.47786 6.54304 6.97614 6.92216 6.39421 5.19219 3.3819 1.87386 -1.01241 -4.00933 0.295321 4.13003 6.20026 6.31158 2.70081 3.70419 2.89682 3.22551 1.74588 1.13249 0.65135 -0.411112 -1.57319 -2.84314 -3.51554 -0.487415 1.06782 2.31955 2.91019 3.2444 3.41161 3.32231 3.09464 1.75046 2.77574 2.71973 2.61777 2.50084 2.44431 2.33827 2.21331 2.13951 2.11322 1.77472 2.15869 2.14888 2.15376 2.15545 2.14551 2.1267 2.11045 2.09039 2.09022 2.07739 2.06473 2.05611 2.05007 2.03951 1.99145 1.758 -0.240039
-9999 -9999 -9999 -9999 -9999 -9999 -9999 -6.14662 -1.32705 2.55887 4.58351 6.23298 6.68772 6.85886 6.14989 5.61973 4.32253 3.09408 1.19826 -1.64189 -3.39 -0.166212 4.51935 6.24705 6.1138 6.00771 5.07391 4.23264 4.12824 4.1937 3.21776 1.79184 -0.076421 -0.658737 -1.31338 0.94209 1.24842 1.08414 3.56414 3.57037 3.43002 2.48192 1.41972 1.6217 0.963923 1.46604 0.682326 1.40294 2.02583 2.25845 2.23913 2.15647 2.14701 2.10916 2.17412 2.17245 2.16132 2.15289 2.14845 2.13932 2.11081 2.09489 2.10581 2.08516 2.07097 2.05652 2.0533 2.04818 2.01262 1.98032 1.67328
-9999 -9999 -9999 -9999 -9999 -9999 -9999 -5.93032 -1.86898 1.56924 3.63489 5.6181 6.08031 6.7507 6.60836 6.05306 4.92574 3.51691 1.95699 -0.4793 -2.28956 -0.132956 2.9789 5.20771 6.00755 5.99991 5.94823 5.7385 5.65701 5.41221 5.24214 4.21703 2.45243 1.45522 -0.00434332 2.50911 2.79135 2.3985 3.65312 3.59057 1.69418 0.236202 0.0548938 0.943965 0.0979747 -0.0524732 -0.580233 0.015144 1.61075 1.14659 1.23823 1.96153 2.08005 2.15421 2.17409 2.16848 2.16461 2.1521 2.15393 2.15589 2.12785 2.11514 2.10913 2.08212 2.07544 2.05679 2.04149 2.02808 2.00903 1.97957 1.89236
-9999 -9999 -9999 -9999 -9999 -9999 -9999 -5.84153 -3.10876 -0.0145788 3.02389 5.14135 5.99688 6.62005 6.61525 5.96957 5.40993 4.52732 3.1552 2.21451 0.580498 -1.66249 2.10249 3.25901 4.29041 4.73032 5.80575 5.78115 5.29064 4.72226 5.2528 5.09749 3.70056 3.24125 2.46562 3.86352 3.86689 3.82822 3.75345 2.15124 -0.0758391 -1.85584 -0.574273 -0.84163 -0.254451 -2.07819 -0.576085 0.630372 1.02152 0.200587 -0.408243 1.47304 1.78242 1.9671 2.08525 2.16277 2.1436 2.16267 2.15166 2.14636 2.14065 2.12495 2.11566 2.0998 2.08352 2.0653 2.05202 2.03087 2.00526 2.00365 1.95618
-9999 -9999 -9999 -9999 -9999 -9999 -9999 -9999 -4.70833 -0.785456 2.71482 4.66458 5.89134 6.4898 6.48067 6.15122 5.77163 5.22488 4.23546 2.99232 1.02714 -0.43114 0.497725 1.63137 1.75992 2.51385 4.69673 5.44333 4.38847 1.78315 3.32487 5.04374 5.01571 4.86887 4.70466 4.49164 4.30243 3.88846 2.77958 -0.617716 -1.28301 -2.61525 -2.46325 -3.1465 -1.65427 -2.21448 -0.680372 -0.0156954 0.23496 -1.18397 -0.883526 0.780685 1.43974 1.32958 1.73395 2.11925 2.13182 2.14294 2.13314 2.14182 2.14537 2.13949 2.12347 2.11136 2.10261 2.06875 2.0703 1.94431 1.86256 1.6965 1.90281
-9999 -9999 -9999 -9999 -9999 -9999 -9999 -9999 -5.48227 -1.56975 2.55168 3.87677 5.19909 6.34033 6.36431 5.86015 5.38067 4.88673 4.32422 2.81607 1.35374 -0.0421921 -0.509467 -0.225928 -0.246219 0.972296 3.81554 4.36709 4.13354 1.41297 0.49003 2.78633 4.71613 4.86794 4.69283 2.42167 2.90547 1.68049 0.0191984 -0.437647 -1.16438 -2.70068 -1.96035 -3.0856 -2.6026 -2.73522 -1.8643 -1.43978 -0.40418 -1.6408 -1.63449 -0.000577633 0.824404 0.844714 1.71075 2.01952 2.10053 2.12115 2.1362 2.14055 2.15496 2.1479 2.13617 2.12035 2.08004 1.98246 1.67656 0.0317042 0.0343363 0.48593 0.913346
-9999 -9999 -9999 -9999 -9999 -9999 -9999 -9999 -5.02781 -2.31183 1.34541 4.05491 4.22743 5.54549 6.22665 5.67838 5.06076 4.4288 4.1535 2.512 0.708767 -0.747778 -2.47217 -2.18598 -0.944767 1.08369 2.9207 3.25016 2.87178 1.41709 2.1078 3.67388 4.50542 4.75057 4.55749 4.06286 3.77715 2.87515 2.48444 1.23181 -0.726943 -1.49814 -1.00893 -3.08849 -2.94283 -2.17352 -2.99453 -1.64759 -1.00312 -2.59991 -1.33231 0.114411 0.853941 1.50054 1.80661 1.92869 2.11602 2.12131 2.13756 2.14678 2.14482 2.14558 2.11612 2.09187 1.91817 1.66151 0.130121 -0.513154 -0.387386 0.32137 0.942062
-9999 -9999 -9999 -9999 -9999 -9999 -9999 -9999 -4.5629 -2.11737 1.05402 2.98657 3.33427 4.79576 6.09536 5.95221 5.30961 5.11507 4.44897 3.05704 1.51943 -0.161344 -0.977556 -2.85633 -1.00327 0.462537 2.01828 2.74665 1.5535 0.950751 2.01898 3.08087 3.50503 4.57743 4.56733 4.21798 2.71147 1.97703 2.28791 1.97266 1.42032 0.0721365 0.0124625 -0.85352 -1.21211 -1.55089 -2.65642 -1.95417 -1.88401 -1.69508 -0.172301 0.580597 1.07977 1.53384 1.65309 1.85069 2.10716 2.1301 2.13977 2.13917 2.14458 2.12639 2.05416 1.99335 1.64296 1.02213 -0.136847 -2.02113 -0.69604 0.68955 1.10091
-9999 -9999 -9999 -9999 -9999 -9999 -9999 -9999 -4.97605 -2.37851 0.33232 1.46717 1.66183 4.30516 5.92435 5.929 5.62531 5.27024 3.62234 3.72083 3.39256 1.87643 -0.332765 -2.75927 -2.53001 -1.08352 0.971434 1.65178 -0.326071 -1.02734 -0.510821 1.0948 2.53204 4.03269 4.41398 3.97395 1.62879 -0.863359 0.292995 1.52857 1.52211 1.16009 -0.0903061 -0.487194 -0.846529 -1.75898 -3.30618 -3.08242 -2.65281 -0.925114 -0.378772 0.46538 1.16648 0.902156 1.05688 1.72778 2.1129 2.12776 2.13503 2.14816 2.13981 2.11733 1.97269 1.81945 1.5619 -0.0577122 -1.06476 -2.53274 -0.830831 0.11371 0.613776
-9999 -9999 -9999 -9999 -9999 -9999 -9999 -9999 -5.77592 -3.89008 -1.29893 -0.253116 1.41318 3.91129 5.14093 5.73128 5.7201 5.48399 4.74695 4.30442 3.43079 1.85338 -0.304108 -2.70257 -4.26355 -3.46808 -0.705335 -0.0494374 -1.87445 -2.80539 -1.64513 0.0659986 2.59948 4.04708 4.24275 4.11208 3.6287 1.80926 -0.389022 -0.381206 0.721846 -0.200477 -1.27256 -0.682542 -0.791556 -1.69256 -2.34799 -2.753 -2.50486 -1.51852 -1.11143 -0.136206 1.3032 1.50947 1.46878 2.075 2.1056 2.12008 2.1433 2.14295 2.13775 2.1199 2.00191 1.73714 0.659139 -0.280949 -1.58894 -1.75064 -0.238823 0.422908 1.0399
-9999 -9999 -9999 -9999 -9999 -9999 -9999 -9999 -7.15515 -4.937 -2.50949 -0.236569 1.91375 3.76456 3.90954 4.88637 4.8869 5.39932 5.25449 4.57118 3.83548 2.47642 -0.295679 -2.62652 -5.16867 -4.49711 -1.68106 -1.30357 -2.53027 -4.79697 -2.45578 0.126025 2.46596 3.73277 2.74009 3.75798 3.67466 2.99309 1.68455 -0.350194 -0.311438 -1.83627 -1.90244 -1.11906 -0.864745 -0.995172 -1.48721 -2.27527 -2.14464 -1.54525 -1.39308 -0.496818 0.619866 1.71164 1.89528 2.10375 2.113 2.11672 2.13407 2.13658 2.11412 2.05854 1.93499 1.03123 -0.0436654 -0.705853 -1.61729 -1.72794 0.0202909 0.712214 1.09951
