Test_Spring_2018b/11_17/Temp/20171129_003.txt
ncols	170
nrows	115
xllcorner	350000.000000
yllcorner	4445000.000000
cellsize	1000.000000
nodata_value	-9999.000000
[rows 31 to 61 of 115, columns 70 to 139 of 170]
3.76547 4.50974 4.77795 4.24541 4.28941 5.558 5.83585 5.81108 5.71465 5.58929 4.98624 4.78007 4.30303 3.46769 3.11326 1.63242 -3.13896 -1.79798 -1.27789 -2.6659 -1.9012 -0.652025 -1.74982 -4.99708 -6.39738 -8.65002 -7.92362 -8.58369 -10.3959 -9999 -9999 -9999 -9999 -9999 -9999 -9999 -9999 -9999 -9999 -9999 -9999 -9999 -9999 -9999 -9999 -9999 -9999 -9999 -9999 -9999 -9999 -9999 -9999 -9999 -9999 -9999 -9999 -9999 -9999 -9999 -9999 -9999 -9999 -9999 -9999 -9999 -9999 -9999 -9999 -9999
3.90015 4.2354 4.19419 3.68086 4.452 5.16169 4.74257 4.46449 5.64316 5.63692 5.22786 4.27546 3.92147 3.55443 3.32648 2.10575 -1.30546 -4.38125 -2.74444 -2.71226 -3.85538 -1.82238 -2.90416 -5.71754 -9.68666 -7.53367 -8.09667 -10.8732 -11.5624 -9999 -9999 -9999 -9999 -9999 -9999 -9999 -9999 -9999 -9999 -9999 -9999 -9999 -9999 -9999 -9999 -9999 -9999 -9999 -9999 -9999 -9999 -9999 -9999 -9999 -9999 -9999 -9999 -9999 -9999 -9999 -9999 -9999 -9999 -9999 -9999 -9999 -9999 -9999 -9999 -9999
2.93921 3.7895 3.51616 3.29056 4.44073 4.40825 4.35121 4.78518 5.51678 5.65656 5.49306 5.07383 4.70975 4.3227 3.35156 1.95631 -0.964095 -4.46394 -5.26315 -3.56058 -3.48476 -3.21562 -4.20199 -5.43899 -7.37112 -5.79465 -5.18367 -7.01644 -9.41208 -10.9507 -9999 -9999 -9999 -9999 -9999 -9999 -9999 -9999 -9999 -9999 -9999 -9999 -9999 -9999 -9999 -9999 -9999 -9999 -9999 -9999 -9999 -9999 -9999 -9999 -9999 -9999 -9999 -9999 -9999 -9999 -9999 -9999 -9999 -9999 -9999 -9999 -9999 -9999 -9999 -9999
1.65051 3.11669 2.70741 1.57484 2.26468 2.78083 3.78495 4.04083 4.18032 5.55611 5.47644 5.40567 4.80854 4.32937 3.54002 2.19691 0.287883 -2.00895 -6.00243 -3.55101 -1.63239 -1.68721 -1.79751 -2.66542 -4.52186 -2.97471 -2.90448 -5.24362 -7.89423 -9.47809 -10.1354 -9999 -9999 -9999 -9999 -9999 -9999 -9999 -9999 -9999 -9999 -9999 -9999 -9999 -9999 -9999 -9999 -9999 -9999 -9999 -9999 -9999 -9999 -9999 -9999 -9999 -9999 -9999 -9999 -9999 -9999 -9999 -9999 -9999 -9999 -9999 -9999 -9999 -9999 -9999
-9999 2.18223 1.78794 0.40663 1.10091 2.03042 3.36656 4.06933 4.58983 4.99698 5.41206 5.35552 4.74449 2.95329 2.69104 2.60626 1.35498 -1.26258 -3.87641 -4.55839 -1.6283 -0.793428 -0.969557 -0.31809 -1.8912 -1.15243 -1.45909 -2.28916 -4.8435 -7.18254 -8.1609 -10.0915 -9999 -9999 -9999 -9999 -9999 -9999 -9999 -9999 -9999 -9999 -9999 -9999 -9999 -9999 -9999 -9999 -9999 -9999 -9999 -9999 -9999 -9999 -9999 -9999 -9999 -9999 -9999 -9999 -9999 -9999 -9999 -9999 -9999 -9999 -9999 -9999 -9999 -9999
-9999 -9999 -9999 -9999 -0.469233 0.819483 1.87226 3.18085 4.29576 4.84934 5.38654 5.33606 4.1217 3.52375 3.46448 2.64179 1.19825 0.289537 -1.35895 -3.07571 -2.42874 0.0696847 -1.04896 0.720935 0.567386 0.890537 -0.297699 -2.52254 -5.51008 -7.2436 -8.11907 -9.68417 -9999 -9999 -9999 -9999 -9999 -9999 -9999 -9999 -9999 -9999 -9999 -9999 -9999 -9999 -9999 -9999 -9999 -9999 -9999 -9999 -9999 -9999 -9999 -9999 -9999 -9999 -9999 -9999 -9999 -9999 -9999 -9999 -9999 -9999 -9999 -9999 -9999 -9999
-9999 -9999 -9999 -9999 -9999 0.581445 1.38293 3.10672 4.01967 4.37709 5.24754 5.24282 4.77833 4.42546 3.91651 3.25397 2.16685 0.968459 -0.582618 -0.732406 0.86307 0.877345 0.53802 0.797118 1.61692 1.39749 -0.431641 -3.58469 -5.26035 -8.63022 -10.0902 -9.94449 -10.9817 -9999 -9999 -9999 -9999 -9999 -9999 -9999 -9999 -9999 -9999 -9999 -9999 -7.14287 -9999 -9999 -9999 -9999 -9999 -9999 -9999 -9999 -9999 -9999 -9999 -9999 -9999 -9999 -9999 -9999 -9999 -9999 -9999 -9999 -13.5857 -9999 -9999 -9999
-9999 -9999 -9999 -9999 0.408332 1.50106 2.33701 3.41612 3.53574 4.18018 5.18214 5.19019 4.85856 4.48422 3.65194 3.43931 2.81663 1.5158 1.2436 1.76042 1.99543 2.26356 2.42756 2.28741 1.95149 1.51888 0.356367 -1.11366 -2.10048 -5.19589 -6.75017 -8.25702 -10.5371 -12.3226 -9999 -9999 -9999 -9999 -9999 -9999 -9999 -8.29132 -8.38657 -8.35699 -7.8687 -6.5015 -7.32249 -9999 -9999 -9999 -9999 -9999 -9999 -9999 -9999 -9999 -9999 -9999 -9999 -9999 -9999 -9999 -9999 -9999 -9999 -9999 -12.3503 -14.155 -9999 -9999
-9999 -9999 -9999 -9999 0.713072 1.84524 2.40878 3.45756 4.05557 4.46817 4.81184 5.13917 5.07566 4.66191 4.03621 4.03129 3.172 2.70482 2.36928 3.07059 3.20428 2.91468 2.55394 2.23563 1.34188 1.23773 0.968026 0.0358367 -1.49465 -3.07204 -5.31963 -8.41184 -11.4454 -13.8941 -9999 -9999 -9999 -9999 -9999 -9999 -8.02534 -6.89128 -6.21646 -7.686 -6.45145 -5.32409 -5.51744 -6.62167 -9999 -9999 -9999 -9999 -9999 -9999 -9999 -9999 -9999 -9999 -9999 -9999 -9999 -9999 -3.81414 -5.66358 -9.38734 -11.3017 -12.4551 -14.097 -9999 -9999
-9999 -9999 -9999 -9999 0.480908 1.81988 2.72611 3.52999 3.65563 4.48336 4.85524 5.02802 4.99931 4.91043 4.78763 4.03596 3.7072 2.57615 3.64088 3.59257 3.31445 2.23392 1.764 -0.0847168 -0.898287 -1.06036 0.493754 -0.652046 -3.04628 -6.04007 -9.61992 -9.84504 -11.0384 -13.227 -9999 -9999 -9999 -9999 -9999 -9999 -7.67133 -6.45813 -5.44759 -5.31044 -6.77173 -4.76004 -4.83852 -5.98299 -6.2525 -5.33719 -4.8798 -5.22842 -4.12788 -3.81843 -4.33366 -3.80028 -9999 -9999 -9999 -9999 -3.54454 -3.48271 -3.43861 -4.21589 -8.2826 -11.0637 -13.5624 -13.806 -9999 -9999
-9999 -9999 -9999 -9999 1.40281 2.22731 2.64353 2.70941 3.43101 4.15507 4.61044 4.92822 4.85489 4.81948 4.78164 4.51759 3.91749 4.01365 3.95661 3.60413 1.55006 -0.844806 0.19278 -1.22513 -4.25199 -1.77443 -0.416202 -1.71331 -4.61353 -7.97733 -9.05953 -9.00441 -10.6623 -12.7968 -9999 -9999 -9999 -10.9868 -9.24357 -9.10186 -8.5964 -6.97514 -5.74492 -4.81934 -4.19394 -4.21466 -4.90031 -6.02035 -7.2369 -6.82102 -4.66917 -4.15487 -3.70451 -3.38377 -3.86368 -3.64228 -3.07833 -2.7938 -2.74733 -2.89723 -2.94151 -2.90681 -2.98806 -3.71432 -7.34691 -9.43405 -10.7698 -13.4502 -9999 -9999
-9999 -9999 -9999 -9999 0.876729 1.59411 2.17493 3.14184 3.24196 3.85021 4.21243 4.75773 4.8104 4.16998 4.68121 4.60295 4.4944 4.27678 3.96369 2.22688 -0.16214 -2.55532 -3.66128 -3.18569 -5.01158 -4.0634 -2.68657 -3.17699 -4.94969 -7.94534 -8.36502 -9.04577 -11.8249 -14.5092 -9999 -9999 -14.3758 -11.021 -8.66273 -7.4523 -7.08593 -7.06218 -5.50967 -5.39973 -3.72741 -4.12485 -6.36673 -6.129 -7.00692 -6.45849 -5.68417 -5.48001 -4.34086 -3.25146 -3.05945 -3.07005 -2.71669 -2.65578 -2.65062 -2.67396 -2.93698 -2.83516 -2.82962 -3.28669 -5.92633 -7.21929 -8.64447 -13.4272 -9999 -9999
-9999 -9999 -9999 -9999 1.24018 2.04294 2.92187 3.06339 3.71326 3.64591 3.46043 4.36328 4.69758 4.24221 3.91054 4.48984 4.437 4.347 4.20709 2.57396 0.68722 -2.16326 -3.9344 -5.01025 -5.77643 -6.78561 -6.07591 -6.28669 -6.57072 -6.23318 -7.04547 -8.674 -10.3044 -13.3528 -15.0079 -9999 -14.191 -12.6825 -9.87622 -7.49405 -5.98702 -6.54688 -4.78043 -4.46389 -3.44221 -4.05799 -5.42463 -6.02517 -6.09033 -6.28142 -5.0959 -4.30116 -3.736 -3.37112 -2.90795 -2.80323 -2.6977 -2.66223 -2.64924 -2.63523 -2.65451 -2.67646 -2.74157 -2.92049 -4.14018 -5.43208 -8.20774 -13.2745 -9999 -9999
-9999 -9999 -9999 -1.1195 1.14255 2.49001 3.01185 3.38804 3.71876 3.95682 4.20864 4.44115 4.59643 4.52435 3.33299 3.41687 3.61618 4.27348 4.21436 4.05776 3.02249 -0.444776 -1.63989 -3.38287 -5.64424 -6.57923 -6.10048 -4.23811 -4.3142 -5.5366 -6.90024 -8.77707 -9.97286 -11.8453 -15.4379 -15.1212 -13.5114 -12.3174 -10.4142 -7.50022 -5.46214 -4.56076 -4.22933 -3.51609 -3.15457 -3.99943 -4.80001 -5.14443 -5.77063 -5.87043 -5.87911 -5.16815 -4.60797 -3.36381 -2.95634 -2.77497 -2.69186 -2.65389 -2.62981 -2.60565 -2.60558 -2.64215 -2.6527 -2.67394 -2.77516 -4.4892 -8.76895 -11.9932 -9999 -9999
-9999 -9999 -9999 -9999 0.722001 1.31582 1.47197 1.74376 2.29881 2.93763 3.84491 3.9568 4.44992 4.4402 3.41658 2.22943 3.23888 3.63219 4.04143 4.04382 3.90341 0.994563 -0.528564 -1.72547 -3.89288 -3.0978 -2.34689 -2.28262 -2.72337 -5.35054 -7.96763 -10.9766 -13.8007 -13.9353 -15.4541 -14.6528 -13.5923 -10.8584 -8.93923 -8.16942 -7.6212 -4.66071 -3.89739 -3.64922 -2.90229 -3.95545 -4.23261 -5.02696 -4.80844 -4.89006 -4.89876 -7.07422 -4.91006 -4.79664 -3.39826 -2.77655 -2.64542 -2.62123 -2.59387 -2.60091 -2.60573 -2.62453 -2.62195 -2.6556 -2.69525 -3.81439 -9.23 -11.9577 -9999 -9999
-9999 -9999 -9999 -9999 -9999 -9999 0.909998 1.36299 1.65282 2.15307 3.68924 4.09836 4.36665 4.38148 3.91785 2.74563 2.42583 2.62548 1.47913 2.41888 3.71088 3.67456 3.51606 0.960367 -0.337558 0.935782 0.558659 -1.35506 -2.85897 -4.34329 -7.40751 -9.63921 -12.8755 -15.3071 -15.4002 -12.7195 -10.4942 -7.72783 -6.51488 -7.22607 -6.48532 -5.02192 -3.35855 -2.56211 -2.76857 -3.87837 -4.04615 -5.26383 -4.09437 -4.00638 -4.56968 -5.05823 -4.87419 -4.18986 -3.93792 -2.84703 -2.59386 -2.55945 -2.56536 -2.57451 -2.59224 -2.61087 -2.63916 -2.66335 -2.69126 -2.75348 -8.3201 -12.6559 -9999 -9999
-9999 -9999 -9999 -9999 -9999 -9999 -0.158805 0.117904 0.841891 2.69911 3.67119 4.05952 4.03958 4.21269 3.88257 2.84781 1.7853 0.781614 -0.507003 0.21382 2.13905 3.27421 3.40283 1.16301 2.34015 1.91051 1.05799 -1.44693 -3.29017 -4.26295 -7.20376 -9.71136 -11.8627 -14.8371 -13.5652 -12.1673 -10.3735 -7.35301 -5.32132 -4.49575 -5.21503 -4.28557 -2.36954 -2.37428 -3.44601 -3.39225 -4.05049 -5.70961 -4.01054 -3.54188 -3.94342 -3.85558 -4.006 -3.7604 -3.30094 -2.86198 -2.57482 -2.54833 -2.55734 -2.58099 -2.59462 -2.60734 -2.64166 -2.65276 -2.68091 -2.72168 -6.3193 -12.7413 -9999 -9999
-9999 -9999 -9999 -9999 -9999 -9999 -9999 -1.12958 0.521827 2.98748 3.59867 3.5382 4.04084 4.07614 3.57497 3.13701 1.8495 0.0948915 -3.26192 -2.41924 -0.647603 1.913 3.25989 3.08003 2.34078 1.04557 -2.0974 -4.84603 -5.17116 -5.61293 -7.75649 -9.68334 -12.0754 -10.6852 -9.16518 -7.50509 -6.63767 -6.87447 -5.13518 -3.72105 -4.34234 -3.19887 -1.86257 -2.4914 -2.86946 -3.18884 -3.94744 -4.00633 -3.94217 -2.98274 -3.66854 -3.26768 -3.26275 -3.30037 -3.08416 -2.83303 -2.56835 -2.53681 -2.5502 -2.55933 -2.60528 -2.60721 -2.63635 -2.66506 -2.69226 -2.72927 -3.06628 -6.53252 -8.60793 -9999
-9999 -9999 -9999 -9999 -9999 -9999 -9999 -2.6542 -1.83062 1.08944 1.99028 3.27622 3.9548 3.97776 3.13895 2.66645 0.754207 0.124962 -2.98146 -4.39029 -3.20801 -3.66683 -0.136687 2.98979 2.32018 -3.98009 -6.25625 -7.87651 -7.44838 -7.4349 -8.02514 -11.3184 -12.2271 -9.2599 -7.39357 -5.95061 -4.85992 -4.64086 -4.69102 -2.47165 -2.1887 -1.47847 -1.65208 -1.60062 -2.74394 -3.45698 -2.86237 -3.57949 -3.71306 -2.72143 -3.72362 -2.84116 -2.95197 -3.23464 -3.26268 -2.68714 -2.58178 -2.53287 -2.54355 -2.58023 -2.62379 -2.65374 -2.64788 -2.66984 -2.71543 -2.72652 -2.77127 -3.19708 -4.99592 -5.63265
-9999 -9999 -9999 -9999 -9999 -9999 -9999 -9999 -4.55666 -0.498465 1.35475 2.32438 3.68977 3.84668 3.39958 2.58815 0.640483 -1.07359 -3.85144 -7.02071 -8.69638 -3.69207 0.665723 2.94235 2.65359 -2.59023 -4.65458 -4.74209 -3.51275 -4.53361 -5.30624 -7.80464 -8.55293 -9.59674 -8.95351 -6.93856 -5.29996 -3.72103 -2.5782 -2.49832 -1.76481 -1.34612 -1.32657 -1.20745 -1.35555 -1.47884 -2.58206 -1.84405 -2.49529 -2.16958 -2.40007 -2.60911 -2.78307 -3.4195 -2.99332 -2.61746 -2.53087 -2.51613 -2.55313 -2.57235 -2.60288 -2.6537 -2.68209 -2.69794 -2.71479 -2.74778 -2.76096 -2.79572 -3.00869 -4.09593
-9999 -9999 -9999 -9999 -9999 -9999 -9999 -9999 -6.58677 -2.54898 -0.604123 1.89663 3.1822 3.7004 3.62002 2.9606 1.47813 -0.746624 -2.6011 -6.1375 -9.80723 -4.55427 0.134037 2.6621 2.79948 -1.60062 -0.370572 -1.35156 -0.9447 -2.74667 -3.49111 -4.06756 -5.3639 -6.7839 -8.33614 -9.16506 -5.47449 -3.58549 -2.0696 -1.36325 -0.971736 -0.785325 -0.906032 -1.19632 -2.85393 -1.61701 -1.69877 -1.83737 -1.99374 -2.07587 -2.21808 -2.38311 -2.47747 -2.52318 -2.95025 -2.49695 -2.52449 -2.53155 -2.54298 -2.56914 -2.60669 -2.64158 -2.6815 -2.69528 -2.72127 -2.75073 -2.77504 -2.79635 -2.82264 -2.89448
-9999 -9999 -9999 -9999 -9999 -9999 -9999 -9999 -12.2658 -6.39115 -1.66536 0.795654 2.8018 3.34368 3.53882 2.6589 1.99761 0.400035 -1.1126 -3.43905 -6.91731 -9.0599 -5.12409 0.596187 2.71755 2.56405 2.43769 1.30098 0.277581 0.154111 0.237662 -0.943833 -2.68268 -4.96588 -5.68331 -6.48855 -3.74173 -3.378 -3.59129 -0.576787 -0.585319 -0.773963 -1.94979 -3.25572 -3.02573 -3.83786 -3.23772 -4.20901 -3.3424 -2.59469 -2.32326 -2.35926 -2.46393 -2.49248 -2.55153 -2.48876 -2.50343 -2.53002 -2.55378 -2.57322 -2.59892 -2.64879 -2.68369 -2.68601 -2.7241 -2.75673 -2.78195 -2.79998 -2.81982 -2.87654
-9999 -9999 -9999 -9999 -9999 -9999 -9999 -9999 -12.0116 -7.06884 -2.88058 -0.364091 2.04562 2.59714 3.40265 3.21543 2.524 1.13443 -0.598155 -2.51413 -5.49909 -7.7178 -5.08957 -1.28773 1.43295 2.41846 2.42274 2.36207 2.10864 2.01252 1.71634 1.51905 0.26679 -1.89358 -3.11551 -4.90421 -1.84236 -1.5079 -2.00003 -0.481683 -0.573589 -2.90639 -4.70428 -4.94298 -3.86246 -4.91176 -5.10876 -5.75914 -5.04549 -3.10972 -3.69488 -3.59494 -2.71401 -2.58204 -2.50911 -2.49732 -2.51686 -2.53461 -2.56337 -2.57513 -2.58727 -2.63655 -2.66748 -2.69045 -2.73915 -2.75936 -2.79729 -2.83064 -2.85252 -2.88923
-9999 -9999 -9999 -9999 -9999 -9999 -9999 -9999 -11.9159 -8.58995 -4.82188 -1.11618 1.45786 2.49025 3.23861 3.21994 2.41868 1.72297 0.633488 -1.05289 -2.21108 -4.21471 -6.96062 -2.36671 -0.950892 0.316733 0.852603 2.16809 2.14056 1.54412 0.871523 1.51969 1.32572 -0.383413 -0.94896 -1.90268 -0.203509 -0.209551 -0.268734 -0.373599 -2.3454 -5.08137 -7.27183 -5.72302 -6.06595 -5.35138 -7.59167 -5.77812 -4.31834 -3.85363 -4.85897 -5.61472 -3.319 -2.95981 -2.74681 -2.61512 -2.53323 -2.56975 -2.55998 -2.58744 -2.60842 -2.63037 -2.66486 -2.69176 -2.72675 -2.76215 -2.79568 -2.82647 -2.86666 -2.921
-9999 -9999 -9999 -9999 -9999 -9999 -9999 -9999 -9999 -10.5576 -5.76933 -1.50533 0.864548 2.3511 3.07006 3.04685 2.6325 2.15724 1.47836 0.259591 -1.26804 -3.67635 -5.46414 -4.33476 -2.94658 -2.78142 -1.86083 0.805904 1.71883 0.431571 -2.74007 -0.859547 1.23827 1.2011 1.0173 0.810571 0.54787 0.306683 -0.210594 -1.57804 -5.74175 -6.57503 -8.21822 -8.0488 -8.89947 -7.07774 -7.77401 -5.91459 -5.11648 -4.82343 -6.56905 -6.20275 -4.18911 -3.3965 -3.54328 -3.06164 -2.59656 -2.59444 -2.59445 -2.62046 -2.62434 -2.6349 -2.65729 -2.6998 -2.73061 -2.75722 -2.81018 -2.82259 -2.99103 -3.10482
-9999 -9999 -9999 -9999 -9999 -9999 -9999 -9999 -9999 -11.5019 -6.73413 -1.71139 -0.104329 1.49919 2.88143 2.89905 2.27171 1.67483 1.06078 0.363686 -1.48754 -3.28173 -4.99364 -5.57 -5.22802 -5.23731 -3.75045 -0.278437 0.394879 0.109376 -3.20607 -4.33524 -1.53326 0.819948 1.00018 0.779633 -2.00262 -1.42148 -2.92896 -4.97071 -5.54245 -6.44469 -8.33633 -7.4475 -8.83733 -8.26255 -8.41975 -7.37017 -6.86535 -5.61362 -7.13673 -7.12962 -5.15367 -4.15874 -4.14652 -3.10134 -2.73698 -2.65113 -2.63946 -2.6351 -2.64432 -2.64173 -2.66575 -2.69573 -2.73078 -2.79568 -2.93027 -3.31483 -5.3372 -5.34797
-9999 -9999 -9999 -9999 -9999 -9999 -9999 -9999 -9999 -10.954 -7.64776 -3.19198 0.1061 0.305409 1.90386 2.72446 2.04357 1.27827 0.495929 0.149835 -1.86418 -4.07482 -5.86098 -7.9732 -7.62858 -6.11642 -3.62171 -1.37986 -0.979015 -1.44265 -3.21291 -2.37227 -0.463216 0.547672 0.841212 0.598234 -0.0143798 -0.373143 -1.48593 -1.97536 -3.51852 -5.92491 -6.88131 -6.2985 -8.85328 -8.68998 -7.76464 -8.76055 -7.12903 -6.35512 -8.31831 -6.77779 -5.02402 -4.13382 -3.357 -2.99613 -2.86011 -2.64465 -2.65186 -2.6461 -2.64933 -2.66661 -2.68087 -2.73224 -2.77732 -3.00487 -3.33355 -5.21889 -6.01338 -5.8738
-9999 -9999 -9999 -9999 -9999 -9999 -9999 -9999 -9999 -10.3937 -7.41791 -3.5556 -1.20647 -0.793117 0.980674 2.55684 2.37101 1.57545 1.32759 0.504322 -1.20478 -3.09101 -5.15122 -6.1545 -8.45467 -6.19582 -4.3883 -2.49092 -1.60385 -3.05458 -3.79425 -2.49348 -1.20114 -0.688592 0.614727 0.5948 0.159377 -1.69054 -2.59851 -2.23067 -2.62843 -3.31644 -4.97698 -5.06398 -6.13592 -6.58805 -7.0158 -8.3578 -7.51371 -7.44136 -7.22974 -5.37185 -4.46585 -3.86957 -3.32829 -3.19594 -2.968 -2.66833 -2.65416 -2.65651 -2.6717 -2.67985 -2.71707 -2.82043 -2.9099 -3.35301 -4.12627 -5.55661 -7.86651 -6.26208
-9999 -9999 -9999 -9999 -9999 -9999 -9999 -9999 -9999 -10.9063 -7.74499 -4.44533 -3.07057 -2.84413 0.37324 2.33987 2.33471 1.95326 1.50949 -0.512827 -0.401426 -0.810552 -2.66976 -5.37466 -8.34418 -8.06915 -6.29513 -3.77874 -2.95112 -5.36103 -6.22186 -5.59574 -3.64003 -1.89075 -0.0648892 0.392833 -0.153581 -3.0279 -6.08267 -4.68192 -3.18512 -3.20592 -3.66144 -5.20232 -5.70085 -6.15352 -7.28166 -9.17924 -8.90226 -8.391 -6.28855 -5.63532 -4.61817 -3.7756 -4.11214 -3.93682 -3.1311 -2.67456 -2.67042 -2.67576 -2.67417 -2.69901 -2.74128 -2.93286 -3.13497 -3.46444 -5.45744 -6.70206 -8.50693 -6.43852
-9999 -9999 -9999 -9999 -9999 -9999 -9999 -9999 -9999 -11.8917 -9.59983 -6.44651 -5.18062 -3.15678 -0.116808 1.37403 2.08432 2.06025 1.76189 0.852222 0.302885 -0.772308 -2.70638 -5.34823 -8.28369 -10.1956 -9.22869 -5.83624 -5.03815 -7.26287 -8.40482 -6.99305 -4.90906 -1.82134 -0.0607199 0.169936 0.00116351 -0.59925 -2.83231 -5.52879 -5.53132 -4.19662 -5.33613 -6.65883 -5.95158 -6.09821 -7.21218 -8.02612 -8.5106 -8.22696 -7.02466 -6.54178 -5.36484 -3.62083 -3.38294 -3.44665 -2.72024 -2.69696 -2.69346 -2.6794 -2.69427 -2.71516 -2.75159 -2.91039 -3.24849 -4.57985 -5.74268 -7.35475 -7.56656 -5.72767
-9999 -9999 -9999 -9999 -9999 -9999 -9999 -9999 -9999 -13.5851 -10.8876 -7.93437 -5.16987 -2.55501 -0.30577 -0.139821 1.04251 1.03276 1.64874 1.46251 0.619199 -0.287434 -1.95475 -5.34727 -8.20017 -11.3106 -10.4953 -7.04816 -6.5711 -8.07436 -10.8482 -7.9945 -4.84746 -1.99655 -0.457111 -1.6782 -0.44431 -0.556176 -1.39942 -3.00906 -5.50624 -5.47125 -7.34641 -7.4402 -6.49653 -6.19918 -6.37182 -6.98614 -7.95536 -7.79787 -7.06882 -6.89756 -5.81739 -4.46792 -3.14881 -2.93888 -2.69859 -2.70163 -2.71144 -2.70463 -2.71598 -2.75785 -2.84022 -3.0056 -4.12394 -5.45128 -6.27448 -7.40206 -7.55148 -5.42692
