Test_Spring_2018b/11_17/Temp/20171112_006.txt
ncols	170
nrows	115
xllcorner	350000.000000
yllcorner	4445000.000000
cellsize	1000.000000
nodata_value	-9999.000000
[rows 32 to 63 of 115, columns 72 to 143 of 170]
13.3836 13.0421 13.5627 14.0419 13.7495 13.5572 14.3504 14.3474 14.0742 13.4362 13.2 12.9552 12.8038 11.9859 9.69731 7.63383 8.73405 8.75673 7.99004 9.3553 8.62897 6.73963 4.0739 5.51791 5.13809 3.24957 2.78328 -9999 -9999 -9999 -9999 -9999 -9999 -9999 -9999 -9999 -9999 -9999 -9999 -9999 -9999 -9999 -9999 -9999 -9999 -9999 -9999 -9999 -9999 -9999 -9999 -9999 -9999 -9999 -9999 -9999 -9999 -9999 -9999 -9999 -9999 -9999 -9999 -9999 -9999 -9999 -9999 -9999 -9999 -9999 -9999 -9999
12.9354 12.787 13.5621 13.543 13.4936 13.7794 14.2726 14.3678 14.2595 13.9795 13.7367 13.4785 12.8282 11.8932 9.93409 7.58587 7.05056 8.19461 8.24619 8.42719 7.76486 6.93386 5.63575 6.69281 7.10135 5.85686 4.2345 3.19239 -9999 -9999 -9999 -9999 -9999 -9999 -9999 -9999 -9999 -9999 -9999 -9999 -9999 -9999 -9999 -9999 -9999 -9999 -9999 -9999 -9999 -9999 -9999 -9999 -9999 -9999 -9999 -9999 -9999 -9999 -9999 -9999 -9999 -9999 -9999 -9999 -9999 -9999 -9999 -9999 -9999 -9999 -9999 -9999
12.3998 11.6423 12.1083 12.4575 13.1133 13.2875 13.3825 14.3077 14.2557 14.2099 13.8107 13.4908 12.9626 12.0627 10.7826 9.24207 6.56221 8.20895 9.49765 9.46106 9.38683 8.80356 7.55623 8.59362 8.63916 7.05263 5.25406 4.18914 3.74654 -9999 -9999 -9999 -9999 -9999 -9999 -9999 -9999 -9999 -9999 -9999 -9999 -9999 -9999 -9999 -9999 -9999 -9999 -9999 -9999 -9999 -9999 -9999 -9999 -9999 -9999 -9999 -9999 -9999 -9999 -9999 -9999 -9999 -9999 -9999 -9999 -9999 -9999 -9999 -9999 -9999 -9999 -9999
11.7901 10.8655 11.3343 11.961 12.8518 13.3139 13.6649 13.9397 14.2201 14.1839 13.7756 12.5749 12.4008 12.3457 11.5074 9.75158 7.99797 7.54102 9.50871 10.0693 9.95077 10.3874 9.3302 9.82477 9.61722 9.05491 7.32098 5.73829 5.08022 3.78319 -9999 -9999 -9999 -9999 -9999 -9999 -9999 -9999 -9999 -9999 -9999 -9999 -9999 -9999 -9999 -9999 -9999 -9999 -9999 -9999 -9999 -9999 -9999 -9999 -9999 -9999 -9999 -9999 -9999 -9999 -9999 -9999 -9999 -9999 -9999 -9999 -9999 -9999 -9999 -9999 -9999 -9999
-9999 -9999 10.2876 11.1467 11.8575 12.7247 13.4749 13.8481 14.2106 14.1786 13.3654 12.9661 12.9284 12.3781 11.4109 10.8024 9.69694 8.54525 8.98005 10.6574 9.90591 11.0932 10.9888 11.2042 10.4046 8.90035 6.88123 5.70512 5.11611 4.06451 -9999 -9999 -9999 -9999 -9999 -9999 -9999 -9999 -9999 -9999 -9999 -9999 -9999 -9999 -9999 -9999 -9999 -9999 -9999 -9999 -9999 -9999 -9999 -9999 -9999 -9999 -9999 -9999 -9999 -9999 -9999 -9999 -9999 -9999 -9999 -9999 -9999 -9999 -9999 -9999 -9999 -9999
-9999 -9999 -9999 10.994 11.5359 12.695 13.2971 13.5386 14.1249 14.1238 13.8143 13.5797 13.2404 12.7979 12.0701 11.2673 10.2273 10.1277 11.1992 11.2086 10.9801 11.1529 11.7016 11.5524 10.3185 8.19474 7.06753 4.78176 3.80018 3.89712 3.20041 -9999 -9999 -9999 -9999 -9999 -9999 -9999 -9999 -9999 -9999 -9999 -9999 5.80212 -9999 -9999 -9999 -9999 -9999 -9999 -9999 -9999 -9999 -9999 -9999 -9999 -9999 -9999 -9999 -9999 -9999 -9999 -9999 -9999 1.51956 -9999 -9999 -9999 -9999 -9999 -9999 -9999
-9999 -9999 10.8917 11.6208 12.1834 12.9095 12.9792 13.4139 14.0886 14.0963 13.8762 13.6275 13.0714 12.9313 12.5156 11.6442 11.4629 11.8108 11.9689 12.1485 12.2577 12.1621 11.9345 11.6417 10.8507 9.86096 9.19578 7.10456 6.0496 5.0369 3.50572 2.30717 -9999 -9999 -9999 -9999 -9999 -9999 -9999 5.02907 4.96767 4.99008 5.32047 6.24099 5.6925 -9999 -9999 -9999 -9999 -9999 -9999 -9999 -9999 -9999 -9999 -9999 -9999 -9999 -9999 -9999 -9999 -9999 -9999 -9999 2.36025 1.1502 -9999 -9999 -9999 -9999 -9999 -9999
-9999 -9999 11.098 11.859 12.2384 12.9439 13.3471 13.6146 13.8474 14.0697 14.0299 13.7551 13.3381 13.3377 12.7635 12.4521 12.2284 12.7002 12.7902 12.5952 12.3517 12.1361 11.5336 11.4608 11.2689 10.6397 9.60897 8.54706 7.01657 4.93927 2.90204 1.25821 -9999 -9999 -9999 -9999 -9999 -9999 5.2124 5.97646 6.43219 5.44824 6.27972 7.03929 6.91226 6.16682 -9999 -9999 -9999 -9999 -9999 -9999 -9999 -9999 -9999 -9999 -9999 -9999 -9999 -9999 8.0965 6.85663 4.35806 3.07402 2.30087 1.19976 -9999 -9999 -9999 -9999 -9999 -9999
-9999 -9999 10.9496 11.849 12.4582 12.999 13.0848 13.6435 13.8839 14.0026 13.9864 13.9302 13.8512 13.3499 13.1322 12.3754 13.092 13.0606 12.874 12.1478 11.8308 10.5872 10.038 9.91866 10.958 10.1846 8.57332 6.55986 4.14482 3.98279 3.18084 1.71156 -9999 -9999 -9999 -9999 -9999 -9999 5.45675 6.27415 6.95543 7.05029 6.07198 7.42535 7.36894 6.60357 6.42592 7.04405 7.35513 7.11648 7.8525 8.06599 7.72597 8.08997 -9999 -9999 -9999 -9999 8.28505 8.32925 8.36087 7.84048 5.11125 3.24491 1.56805 1.40727 -9999 -9999 -9999 -9999 -9999 -9999
-9999 -9999 11.5758 12.1294 12.4093 12.4543 12.94 13.429 13.7265 13.9448 13.8989 13.8789 13.8573 13.6838 13.2843 13.3518 13.3156 13.0803 11.7016 10.0931 10.7881 9.8305 7.79254 9.4473 10.3543 9.47861 7.52682 5.26422 4.52581 4.55231 3.43821 2.00684 -9999 -9999 -9999 3.22929 4.40267 4.50103 4.84367 5.9354 6.76455 7.38667 7.80943 7.79402 7.33493 6.586 5.77259 6.05553 7.50436 7.85421 8.14625 8.36777 8.05195 8.21075 8.59525 8.79178 8.82793 8.73157 8.70535 8.7314 8.6789 8.19278 5.75057 4.34965 3.45309 1.65338 -9999 -9999 -9999 -9999 -9999 -9999
-9999 -9999 11.2324 11.7139 12.104 12.7519 12.8203 13.2304 13.4769 13.8371 13.8761 13.4503 13.7978 13.7495 13.6804 13.5376 13.3298 12.1651 10.5615 8.95402 8.20965 8.5248 7.29492 7.92277 8.84195 8.50213 7.30646 5.29063 5.00484 4.53771 2.66361 0.861223 -9999 -9999 0.955504 3.21072 4.79727 5.61343 5.86298 5.88249 6.92827 7.00545 8.13147 7.86428 6.36054 6.52334 5.93411 6.30613 6.83452 6.97622 7.73949 8.47013 8.6055 8.60484 8.84833 8.89505 8.90371 8.89246 8.71943 8.79046 8.79605 8.49038 6.7189 5.85121 4.89693 1.68337 -9999 -9999 -9999 -9999 -9999 -9999
-9999 -9999 11.4836 12.0223 12.6124 12.7079 13.1451 13.0986 12.9772 13.5861 13.8071 13.5059 13.2879 13.6815 13.6503 13.5935 13.5022 12.4074 11.141 9.2263 8.03505 7.30847 6.7895 6.10127 6.5721 6.42483 6.2285 6.44979 5.89425 4.79063 3.69389 1.6412 0.530685 -9999 1.0832 2.09905 3.98666 5.58978 6.60546 6.23346 7.42316 7.6393 8.32575 7.91554 6.99952 6.60325 6.56321 6.43887 7.23902 7.77456 8.15316 8.40439 8.7161 8.79323 8.87067 8.90061 8.91477 8.92874 8.91939 8.90727 8.86527 8.7461 7.92763 7.06255 5.19891 1.79432 -9999 -9999 -9999 -9999 -9999 -9999
-9999 9.91293 11.4244 12.3284 12.6785 12.9312 13.154 13.3152 13.4871 13.6435 13.7512 13.702 12.9073 12.9687 13.1072 13.5524 13.5156 13.4122 12.7175 10.3886 9.58336 8.40736 6.8841 6.24688 6.56193 7.80577 7.74827 6.92151 6.00043 4.72992 3.91915 2.6607 0.245076 0.459347 1.54267 2.34754 3.62912 5.5896 6.96213 7.57148 7.79805 8.27852 8.52467 7.96379 7.42828 7.20068 6.78405 6.72106 6.71952 7.20142 7.57721 8.4165 8.69663 8.82071 8.88339 8.91526 8.93705 8.95797 8.96166 8.9397 8.93422 8.92072 8.85487 7.70396 4.83505 2.66785 -9999 -9999 -9999 -9999 -9999 -9999
-9999 -9999 11.1481 11.5458 11.6501 11.8325 12.2057 12.6357 13.2476 13.3252 13.6594 13.6554 12.9699 12.1783 12.861 13.1293 13.4073 13.4108 13.3169 11.3612 10.3356 9.52765 8.06702 8.59085 9.088 9.12399 8.821 7.05042 5.28714 3.25625 1.35653 1.26365 0.239926 0.776749 1.49136 3.33026 4.62279 5.14401 5.51659 7.50867 8.02395 8.19632 8.7019 7.99884 7.81494 7.28538 7.43596 7.38523 7.3837 5.92776 7.38082 7.46304 8.40811 8.83067 8.92243 8.94523 8.96938 8.96946 8.96992 8.95989 8.96317 8.94273 8.91924 8.16842 4.53283 2.6989 -9999 -9999 -9999 -9999 -9999 -9999
-9999 -9999 -9999 -9999 11.2779 11.5818 11.7768 12.1137 13.1477 13.4248 13.608 13.6218 13.3149 12.5309 12.3215 12.46 11.6938 12.3261 13.1936 13.1676 13.058 11.3376 10.4571 11.305 11.0444 9.7519 8.73462 7.73077 5.66675 4.15739 1.98053 0.345161 0.28121 2.08092 3.57445 5.43527 6.25381 5.78094 6.28305 7.27028 8.39173 8.93098 8.79674 8.05588 7.94561 7.13197 7.92105 7.98422 7.61036 7.28695 7.41087 7.87637 8.05173 8.79035 8.96641 8.99366 8.99556 8.9943 8.98615 8.97627 8.96099 8.94635 8.92862 8.88741 5.15044 2.23681 -9999 -9999 -9999 -9999 -9999 -9999
-9999 -9999 -9999 -9999 10.5653 10.7508 11.2371 12.485 13.1401 13.4032 13.3929 13.5129 13.2956 12.6056 11.8968 11.2276 10.3658 10.8516 12.1443 12.9048 12.988 11.4795 12.2606 11.965 11.3849 9.69525 8.44983 7.78906 5.80752 4.11273 2.6639 0.663858 1.51604 2.45442 3.66008 5.6904 7.05871 7.61788 7.1398 7.76884 9.06016 9.06178 8.34687 8.38741 7.94803 6.83813 7.98285 8.30162 8.03634 8.09984 7.99932 8.17018 8.48477 8.78562 8.98442 9.00793 9.00677 8.99581 8.99048 8.98555 8.96497 8.95927 8.94152 8.91485 6.4999 2.18572 -9999 -9999 -9999 -9999 -9999 -9999
-9999 -9999 -9999 -9999 -9999 9.91794 11.0269 12.6832 13.096 13.0577 13.3981 13.4256 13.0934 12.8041 11.9444 10.7709 8.52072 9.08839 10.278 11.9957 12.8968 12.7714 12.2659 11.3892 9.27143 7.41809 7.19181 6.88743 5.441 4.13601 2.52541 3.45543 4.47407 5.58833 6.17199 6.01582 7.18766 8.14187 7.72986 8.50274 9.40504 8.98787 8.73887 8.52908 8.02246 7.98701 8.03416 8.68243 8.22627 8.49983 8.50358 8.48414 8.63525 8.80984 8.9934 9.02019 9.01643 9.01502 8.98826 8.99031 8.97338 8.95606 8.93917 8.91524 8.68957 6.35995 4.96656 -9999 -9999 -9999 -9999 -9999
-9999 -9999 -9999 -9999 -9999 8.89897 9.45219 11.4136 12.0208 12.8863 13.3448 13.3638 12.8049 12.4918 11.2128 10.7949 8.71318 7.76835 8.56242 8.25305 10.6201 12.7148 12.2562 8.01952 6.48391 5.38834 5.66794 5.66935 5.26587 3.04353 2.42879 4.41754 5.66864 6.63705 7.37053 7.52034 7.49075 8.986 9.18027 9.66237 9.55108 9.59077 8.82816 8.35421 8.75616 8.27889 8.19334 8.86322 8.1946 8.79139 8.71725 8.53309 8.52 8.91217 8.98857 9.02686 9.02515 9.00507 8.98022 8.96307 8.96983 8.95729 8.92835 8.92212 8.89296 8.60476 7.39725 6.96998 7.42655 -9999 -9999 -9999
-9999 -9999 -9999 -9999 -9999 -9999 7.62666 10.3522 11.5989 12.2519 13.1714 13.2802 12.9831 12.4429 11.1399 9.99343 8.13218 6.00727 4.87998 8.23857 11.1616 12.686 12.4835 8.95652 7.56356 7.49746 8.31538 7.62274 7.09715 5.40857 4.90172 4.1977 4.6277 5.97935 7.08139 8.14409 8.91533 8.97407 9.4725 9.75621 9.77464 9.85982 9.76545 9.68754 8.94963 9.44933 9.01627 9.23907 9.08847 8.95236 8.83553 8.41364 8.70525 8.96309 9.02666 9.04313 9.02283 9.01442 8.99833 8.96847 8.95063 8.94247 8.93315 8.91258 8.90496 8.87951 8.73698 8.00746 7.03373 5.80587 -9999 -9999
-9999 -9999 -9999 -9999 -9999 -9999 6.26837 8.98029 10.2886 11.9695 12.8354 13.1848 13.1348 12.6964 11.7054 10.2158 8.9743 6.60278 4.14072 7.66612 10.8067 12.5004 12.588 9.62444 10.4439 9.77854 10.0449 8.82839 8.32224 7.92424 7.04977 6.09343 5.04838 4.4928 6.97171 8.24247 9.26402 9.74314 10.0118 10.1433 10.0655 9.87266 8.76488 9.60021 9.548 9.45922 9.35841 9.30738 9.216 9.10933 9.04556 9.02002 8.73852 9.04972 9.0375 9.03717 9.03394 9.02081 9 8.98088 8.95823 8.95185 8.93304 8.91521 8.90049 8.88429 8.86743 8.81989 8.6205 6.97432 5.98696 5.70368
-9999 -9999 -9999 -9999 -9999 -9999 2.46036 6.40558 9.58147 11.2355 12.5823 12.9494 13.0841 12.4973 12.0573 10.9884 9.97613 8.41676 6.08319 4.64529 7.28443 11.1226 12.5358 12.4238 12.3333 11.5642 10.871 10.7822 10.8326 10.0287 8.85594 7.32051 6.83893 6.29819 8.1435 8.39014 8.25058 10.2791 10.2788 10.1582 9.37519 8.50018 8.66047 8.11485 8.5203 7.87249 8.45848 8.96455 9.15082 9.13069 9.05957 9.04811 9.01298 9.06209 9.05648 9.04292 9.0313 9.02263 9.00976 8.98062 8.96142 8.9639 8.94062 8.92196 8.90092 8.88711 8.87495 8.83789 8.80363 8.54426 8.15828 7.42755
-9999 -9999 -9999 -9999 -9999 -9999 2.63646 5.95753 8.77069 10.4586 12.079 12.4523 12.9965 12.8744 12.4138 11.4842 10.324 9.04004 7.03759 5.54866 7.31279 9.86021 11.6839 12.3371 12.3274 12.2815 12.1061 12.0355 11.8314 11.6883 10.8443 9.39331 8.57186 7.37101 9.42785 9.65476 9.3278 10.3516 10.295 8.73451 7.53346 7.37932 8.10494 7.40602 7.27636 6.83745 7.32073 8.62441 8.23963 8.31038 8.90011 8.99304 9.04965 9.06167 9.05269 9.04497 9.02992 9.02636 9.02257 8.99384 8.97736 8.96608 8.93731 8.92544 8.90309 8.87935 8.85881 8.83553 8.80383 8.72491 8.63987 8.71349
-9999 -9999 -9999 -9999 -9999 -9999 2.70918 4.9414 7.47255 9.95835 11.6889 12.3848 12.8903 12.881 12.3463 11.8823 11.1536 10.0236 9.2475 7.90303 6.05933 9.14244 10.0865 10.9295 11.2859 12.1643 12.1407 11.735 11.265 11.6967 11.5654 10.4162 10.0358 9.39569 10.5377 10.536 10.4995 10.4332 9.11418 7.28263 5.81764 6.86319 6.63864 7.11721 5.61539 6.84251 7.82693 8.14292 7.46393 6.96019 8.49939 8.74879 8.89584 8.98831 9.04737 9.02699 9.03776 9.02362 9.01388 9.0035 8.98467 8.97082 8.95136 8.93136 8.91005 8.888 8.86325 8.83549 8.82669 8.7786 8.75657 8.73433
-9999 -9999 -9999 -9999 -9999 -9999 -9999 3.62926 6.84026 9.7047 11.2978 12.2982 12.7836 12.7708 12.4954 12.1791 11.7257 10.9095 9.88533 8.26921 7.0689 7.82624 8.75139 8.85414 9.46862 11.255 11.8636 10.9951 8.85456 10.1149 11.5208 11.4942 11.3699 11.2312 11.052 10.8923 10.5481 9.63388 6.84296 6.29249 5.1948 5.31419 4.74872 5.96987 5.5041 6.75706 7.29718 7.49792 6.32968 6.57253 7.93275 8.46861 8.37371 8.7007 9.01099 9.01653 9.02071 9.00752 9.00925 9.00652 8.99583 8.97759 8.96139 8.94778 8.91392 8.90383 8.79329 8.719 8.57561 8.73762 8.747 8.74348
-9999 -9999 -9999 -9999 -9999 -9999 -9999 2.99506 6.19745 9.57131 10.6522 11.731 12.6615 12.6759 12.2572 11.859 11.4489 10.9828 9.74127 8.53747 7.38825 7.00068 7.22894 7.20931 8.20466 10.5324 10.981 10.7859 8.55021 7.78977 9.6691 11.2478 11.3683 11.2206 9.35389 9.74612 8.73694 7.3698 6.9902 6.3892 5.12426 5.72621 4.79836 5.18937 5.07707 5.7862 6.12937 6.97373 5.95492 5.9565 7.29184 7.96366 7.97564 8.68111 8.92953 8.99107 9.00296 9.01011 9.0083 9.01455 9.00299 8.98743 8.96834 8.92902 8.84263 8.58574 7.2252 7.22038 7.58372 7.92727 8.55595 8.72459
-9999 -9999 -9999 -9999 -9999 -9999 -9999 3.36782 5.58907 8.58232 10.7985 10.9345 12.0099 12.5632 12.1084 11.5969 11.0737 10.843 9.49218 8.00881 6.80986 5.3914 5.62178 6.63544 8.29602 9.79856 10.065 9.75094 8.55316 9.11584 10.3963 11.0742 11.2713 11.1088 10.6988 10.4601 9.71574 9.39057 8.35849 6.74729 6.10985 6.50596 4.79564 4.91008 5.536 4.85932 5.95887 6.48245 5.16823 6.20427 7.38582 7.98748 8.51293 8.75911 8.85436 9.00302 9.0023 9.01041 9.01261 9.00549 9.00043 8.97045 8.9446 8.79608 8.57943 7.3174 6.77874 6.87514 7.4496 7.95187 8.4718 8.68344
-9999 -9999 -9999 -9999 -9999 -9999 -9999 3.74899 5.7485 8.34336 9.92246 10.2021 11.3951 12.4555 12.333 11.801 11.6364 11.0853 9.93913 8.67358 7.29075 6.617 5.07205 6.58739 7.78655 9.05839 9.65182 8.66833 8.1703 9.04245 9.90935 10.2532 11.1285 11.116 10.8252 9.58534 8.97847 9.22866 8.96532 8.50748 7.39698 7.34307 6.62797 6.32898 6.04626 5.13644 5.70731 5.75991 5.91034 7.15523 7.76775 8.17222 8.53971 8.63262 8.78972 8.99502 9.00873 9.01145 9.00562 9.0046 8.98409 8.91916 8.86348 8.57025 8.05517 7.09873 5.54255 6.62266 7.75237 8.0807 8.40299 8.56834
-9999 -9999 -9999 -9999 -9999 -9999 -9999 3.40997 5.53414 7.75132 8.67628 8.83039 10.9926 12.315 12.3137 12.0595 11.7634 10.4072 10.4832 10.2094 8.96155 7.14553 5.15143 5.33521 6.51883 8.19968 8.75368 7.12665 6.54776 6.96744 8.28014 9.45467 10.6811 10.9895 10.6243 8.69676 6.64855 7.59209 8.6005 8.59037 8.28861 7.25834 6.92797 6.6284 5.8753 4.60049 4.78194 5.12925 6.54256 6.98561 7.6729 8.24288 8.02119 8.14311 8.68827 8.99901 9.00607 9.00683 9.0123 9.00005 8.97612 8.85193 8.72061 8.50367 7.16976 6.33811 5.12335 6.51279 7.28106 7.68097 8.41211 8.58182
-9999 -9999 -9999 -9999 -9999 -9999 -9999 2.75369 4.29422 6.41322 7.26514 8.62598 10.669 11.6721 12.151 12.1367 11.9381 11.3289 10.9612 10.2402 8.94221 7.16864 5.19756 3.91333 4.56151 6.82433 7.35815 5.85653 5.08928 6.03679 7.43596 9.50939 10.6923 10.8484 10.7369 10.336 8.8395 7.0322 7.03387 7.93359 7.17243 6.28844 6.76739 6.67312 5.92942 5.38712 5.05186 5.25085 6.05569 6.38449 7.1792 8.35454 8.51868 8.48029 8.97236 8.99236 8.99909 9.01293 9.00738 8.99778 8.97775 8.87554 8.6529 7.76334 6.98682 5.90858 5.7703 6.99898 7.53279 8.0314 8.38702 8.49885
-9999 -9999 -9999 -9999 -9999 -9999 -9999 1.62217 3.43515 5.4199 7.27801 9.03569 10.5479 10.6614 11.4573 11.4526 11.8678 11.7443 11.1792 10.5714 9.45248 7.17497 5.2594 3.17064 3.71725 6.02416 6.32808 5.31833 3.45571 5.37159 7.48471 9.3994 10.434 9.61569 10.446 10.3732 9.80971 8.73203 7.05879 7.08581 5.83062 5.77154 6.40908 6.61277 6.50097 6.09265 5.44039 5.54605 6.03349 6.15321 6.8831 7.79374 8.68395 8.82946 8.99531 8.99778 8.99569 9.00473 9.00156 8.97789 8.927 8.82035 8.07386 7.18701 6.63855 5.88568 5.78944 7.21217 7.77089 8.08135 8.38785 8.50524
-9999 -9999 -9999 -9999 -9999 -9999 -9999 -9999 3.25128 5.30179 6.81814 7.22388 8.56762 9.2915 9.8508 9.97188 11.5746 11.6595 11.2999 10.7412 9.78632 8.05721 6.85148 4.84775 3.40661 3.99438 4.27137 4.79618 4.63673 5.48912 7.51957 9.63502 9.86222 8.51178 8.70695 8.98435 9.6113 9.28655 7.00821 5.84835 4.88473 5.56112 6.27285 6.44137 6.47115 6.32795 6.15942 5.88301 6.83627 7.54031 7.69961 8.3129 8.76442 8.88554 8.97561 8.98245 8.98951 8.98481 8.95331 8.92906 8.80946 8.54761 7.71325 5.71392 5.80164 5.58048 4.95465 6.34565 7.21295 7.99882 8.41363 8.51634
-9999 -9999 -9999 -9999 -9999 -9999 -9999 -9999 2.56981 4.94279 5.4413 5.40048 4.6101 4.96863 7.88168 8.46525 10.0021 11.4572 11.3463 10.798 9.90432 8.87303 7.27837 5.02521 3.23426 2.48262 4.40186 6.28767 6.67413 7.27358 8.51632 8.74933 7.36938 6.07496 6.7952 7.22724 8.88545 9.18432 8.85647 7.48171 5.91044 5.08782 6.04798 6.17189 6.22467 6.23097 6.19448 6.14921 7.22623 7.81893 8.22852 8.44922 8.83616 8.93149 8.95869 8.98402 8.97208 8.947 8.88019 8.80484 8.48982 8.10945 6.7461 5.60849 4.89703 3.9953 6.00971 6.59735 7.41424 7.9414 8.35403 8.43987
