Test_Spring_2018b/11_17/Temp/20171109_021.txt
ncols	170
nrows	115
xllcorner	350000.000000
yllcorner	4445000.000000
cellsize	1000.000000
nodata_value	-9999.000000
[rows 32 to 63 of 115, columns 72 to 143 of 170]
11.5054 11.14 11.6952 12.2061 11.9007 11.6991 12.5421 12.5389 12.247 11.5656 11.3135 11.0522 10.8909 10.0181 7.57527 5.37324 6.55025 6.5771 5.76154 7.22327 6.45194 4.43914 1.59769 3.14542 2.7458 0.745225 0.254443 -9999 -9999 -9999 -9999 -9999 -9999 -9999 -9999 -9999 -9999 -9999 -9999 -9999 -9999 -9999 -9999 -9999 -9999 -9999 -9999 -9999 -9999 -9999 -9999 -9999 -9999 -9999 -9999 -9999 -9999 -9999 -9999 -9999 -9999 -9999 -9999 -9999 -9999 -9999 -9999 -9999 -9999 -9999 -9999 -9999
11.0283 10.869 11.6958 11.6745 11.6306 11.9372 12.4603 12.562 12.4465 12.1477 11.8886 11.6133 10.9194 9.92175 7.83082 5.32467 4.75493 5.97902 6.03691 6.23347 5.52991 4.64664 3.26494 4.39868 4.84012 3.52683 1.8002 0.699828 -9999 -9999 -9999 -9999 -9999 -9999 -9999 -9999 -9999 -9999 -9999 -9999 -9999 -9999 -9999 -9999 -9999 -9999 -9999 -9999 -9999 -9999 -9999 -9999 -9999 -9999 -9999 -9999 -9999 -9999 -9999 -9999 -9999 -9999 -9999 -9999 -9999 -9999 -9999 -9999 -9999 -9999 -9999 -9999
10.4578 9.64794 10.1446 10.5165 11.2285 11.4093 11.5109 12.4991 12.4438 12.3952 11.9694 11.6283 11.065 10.1049 8.73908 7.09536 4.23528 5.99592 7.37457 7.33831 7.26224 6.64294 5.31484 6.4269 6.48001 4.801 2.89181 1.75946 1.2915 -9999 -9999 -9999 -9999 -9999 -9999 -9999 -9999 -9999 -9999 -9999 -9999 -9999 -9999 -9999 -9999 -9999 -9999 -9999 -9999 -9999 -9999 -9999 -9999 -9999 -9999 -9999 -9999 -9999 -9999 -9999 -9999 -9999 -9999 -9999 -9999 -9999 -9999 -9999 -9999 -9999 -9999 -9999
9.80809 8.81962 9.31915 9.9873 10.9414 11.4401 11.8133 12.1071 12.4068 12.3686 11.9332 10.6517 10.4666 10.4087 9.51462 7.64091 5.76978 5.28362 7.38701 7.9881 7.86423 8.3336 7.20796 7.73977 7.52202 6.9266 5.09472 3.40907 2.71043 1.32922 -9999 -9999 -9999 -9999 -9999 -9999 -9999 -9999 -9999 -9999 -9999 -9999 -9999 -9999 -9999 -9999 -9999 -9999 -9999 -9999 -9999 -9999 -9999 -9999 -9999 -9999 -9999 -9999 -9999 -9999 -9999 -9999 -9999 -9999 -9999 -9999 -9999 -9999 -9999 -9999 -9999 -9999
-9999 -9999 8.20237 9.12195 9.87702 10.8113 11.6111 12.01 12.3974 12.3638 11.4961 11.0704 11.0311 10.4444 9.41252 8.76395 7.58478 6.35644 6.82254 8.61581 7.8156 9.08618 8.97761 9.21074 8.36025 6.76447 4.62095 3.36899 2.74361 1.62402 -9999 -9999 -9999 -9999 -9999 -9999 -9999 -9999 -9999 -9999 -9999 -9999 -9999 -9999 -9999 -9999 -9999 -9999 -9999 -9999 -9999 -9999 -9999 -9999 -9999 -9999 -9999 -9999 -9999 -9999 -9999 -9999 -9999 -9999 -9999 -9999 -9999 -9999 -9999 -9999 -9999 -9999
-9999 -9999 -9999 8.95937 9.53445 10.7717 11.4215 11.6798 12.3063 12.3058 11.9759 11.7263 11.3648 10.8932 10.117 9.26074 8.15131 8.04615 9.1919 9.20365 8.96158 9.14832 9.73689 9.58029 8.26667 6.00757 4.80687 2.37834 1.33335 1.43988 0.69862 -9999 -9999 -9999 -9999 -9999 -9999 -9999 -9999 -9999 -9999 -9999 -9999 3.49969 -9999 -9999 -9999 -9999 -9999 -9999 -9999 -9999 -9999 -9999 -9999 -9999 -9999 -9999 -9999 -9999 -9999 -9999 -9999 -9999 -1.02755 -9999 -9999 -9999 -9999 -9999 -9999 -9999
-9999 -9999 8.84887 9.62637 10.2263 11.0011 11.0829 11.5465 12.2675 12.2763 12.042 11.7773 11.1844 11.0356 10.5926 9.66295 9.47034 9.8429 10.0129 10.2062 10.3244 10.2242 9.98341 9.6732 8.83768 7.78348 7.07592 4.854 3.73065 2.65188 1.01916 -0.258617 -9999 -9999 -9999 -9999 -9999 -9999 -9999 2.66025 2.59617 2.62161 2.97593 3.96039 3.376 -9999 -9999 -9999 -9999 -9999 -9999 -9999 -9999 -9999 -9999 -9999 -9999 -9999 -9999 -9999 -9999 -9999 -9999 -9999 -0.141022 -1.43004 -9999 -9999 -9999 -9999 -9999 -9999
-9999 -9999 9.06948 9.88093 10.2852 11.0379 11.4681 11.7603 12.0095 12.2475 12.2057 11.9131 11.4687 11.4691 10.8567 10.5249 10.2869 10.7915 10.8885 10.6815 10.4228 10.1942 9.55279 9.47727 9.281 8.6116 7.51347 6.38203 4.75857 2.54265 0.36924 -1.38434 -9999 -9999 -9999 -9999 -9999 -9999 2.84733 3.66461 4.15269 3.10338 3.99278 4.8053 4.67091 3.88605 -9999 -9999 -9999 -9999 -9999 -9999 -9999 -9999 -9999 -9999 -9999 -9999 -9999 -9999 5.96035 4.63921 1.97428 0.606609 -0.215406 -1.38768 -9999 -9999 -9999 -9999 -9999 -9999
-9999 -9999 8.91093 9.87005 10.5195 11.0963 11.1877 11.7835 12.0474 12.1749 12.1584 12.0992 12.0157 11.4811 11.2493 10.4417 11.2077 11.1747 10.9762 10.2016 9.86417 8.53764 7.95289 7.83327 8.94545 8.12205 6.40382 4.25612 1.67949 1.51646 0.661967 -0.905451 -9999 -9999 -9999 -9999 -9999 -9999 3.10142 3.97554 4.70441 4.80712 3.76378 5.21037 5.16086 4.34446 4.15532 4.81559 5.14754 4.89479 5.68844 5.91499 5.55031 5.93748 -9999 -9999 -9999 -9999 6.14479 6.19392 6.23034 5.67788 2.76706 0.777998 -1.00861 -1.17846 -9999 -9999 -9999 -9999 -9999 -9999
-9999 -9999 9.57926 10.1689 10.4665 10.5138 11.0322 11.5539 11.878 12.1145 12.0661 12.0453 12.0229 11.8382 11.4121 11.4846 11.4465 11.1957 9.72405 8.00722 8.75056 7.72671 5.55658 7.32637 8.29722 7.36444 5.28259 2.86878 2.08259 2.12005 0.932043 -0.596573 -9999 -9999 -9999 0.7125 1.96626 2.07207 2.43884 3.60571 4.49226 5.15964 5.61246 5.60461 5.11696 4.31812 3.45 3.75219 5.29896 5.67167 5.99265 6.22729 5.88794 6.05301 6.46202 6.67074 6.70881 6.60614 6.57921 6.60894 6.55557 6.03979 3.4386 1.94706 0.99422 -0.921035 -9999 -9999 -9999 -9999 -9999 -9999
-9999 -9999 9.21449 9.72706 10.1424 10.8338 10.9065 11.3444 11.6076 11.9975 12.0397 11.5855 11.9571 11.906 11.8327 11.6805 11.4589 10.2156 8.50368 6.78777 5.99386 6.33561 5.02405 5.69705 6.68085 6.31796 5.04248 2.89212 2.58919 2.09252 0.0988429 -1.8246 -9999 -9999 -1.7215 0.687364 2.38217 3.25434 3.52157 3.54327 4.66106 4.74457 5.94817 5.67004 4.06679 4.2415 3.61529 4.0125 4.57328 4.72358 5.53897 6.32449 6.46674 6.46376 6.72177 6.77014 6.77859 6.76665 6.58291 6.66078 6.66966 6.34689 4.45936 3.53733 2.52054 -0.902074 -9999 -9999 -9999 -9999 -9999 -9999
-9999 -9999 9.48404 10.0577 10.6867 10.7877 11.2541 11.2018 11.0723 11.7232 11.9635 11.6423 11.4099 11.8306 11.7976 11.7372 11.64 10.4711 9.11916 7.07517 5.80401 5.03281 4.48047 3.74727 4.25218 4.09713 3.88972 4.12824 3.53536 2.35904 1.1898 -0.996058 -2.18106 -9999 -1.58992 -0.504724 1.51142 3.22384 4.30907 3.91255 5.18392 5.41573 6.15494 5.71818 4.74257 4.31776 4.27527 4.14233 4.99622 5.56902 5.97316 6.23927 6.57582 6.65549 6.73578 6.76589 6.77994 6.79478 6.78579 6.77495 6.73321 6.6099 5.74043 4.81922 2.83423 -0.792048 -9999 -9999 -9999 -9999 -9999 -9999
-9999 7.80589 9.41899 10.3827 10.7552 11.0241 11.2614 11.4332 11.6167 11.7822 11.8979 11.8487 11.0003 11.0661 11.2142 11.6898 11.6508 11.5406 10.7991 8.31281 7.45648 6.20179 4.57691 3.89887 4.23749 5.56805 5.50895 4.62829 3.64681 2.29211 1.42686 0.0846734 -2.49035 -2.26098 -1.10375 -0.243981 1.12485 3.21876 4.68493 5.33628 5.57902 6.09694 6.36122 5.76159 5.19205 4.94961 4.5049 4.4374 4.43504 4.94851 5.34943 6.24498 6.5416 6.67614 6.74031 6.77218 6.79416 6.81627 6.82118 6.79988 6.7973 6.78708 6.71956 5.49573 2.43089 0.125427 -9999 -9999 -9999 -9999 -9999 -9999
-9999 -9999 9.12171 9.54472 9.65466 9.8484 10.2462 10.7051 11.3583 11.4413 11.7985 11.7936 11.0637 10.2185 10.9477 11.2343 11.5313 11.5352 11.4354 9.34922 8.25528 7.39409 5.83618 6.39807 6.93122 6.97198 6.65076 4.76226 2.88143 0.714775 -1.31215 -1.40983 -2.5025 -1.92621 -1.16279 0.80112 2.18155 2.73836 3.13657 5.26441 5.81804 6.00225 6.54322 5.79335 5.59922 5.03426 5.19521 5.14072 5.1383 3.58226 5.13333 5.21892 6.22579 6.67538 6.77393 6.79588 6.8202 6.81994 6.82135 6.81282 6.81969 6.80062 6.77628 5.97877 2.1009 0.1514 -9999 -9999 -9999 -9999 -9999 -9999
-9999 -9999 -9999 -9999 9.25473 9.57813 9.78553 10.1449 11.2488 11.5446 11.7405 11.7554 11.4279 10.5912 10.3676 10.5156 9.69744 10.3729 11.3008 11.2741 11.1585 9.32293 8.38497 9.29262 9.01658 7.63873 6.55474 5.48505 3.28309 1.67341 -0.649433 -2.39431 -2.46138 -0.538567 1.05765 3.04493 3.91911 3.41425 3.95068 5.00636 6.20484 6.78167 6.63927 5.84893 5.73333 4.86493 5.70768 5.77477 5.37469 5.02801 5.15955 5.65439 5.83924 6.62564 6.81151 6.84047 6.84091 6.83914 6.8313 6.82292 6.80723 6.79477 6.77965 6.73992 2.7538 -0.348732 -9999 -9999 -9999 -9999 -9999 -9999
-9999 -9999 -9999 -9999 8.49097 8.68784 9.20634 10.5383 11.2376 11.5183 11.5073 11.6356 11.4037 10.6669 9.91007 9.19544 8.27543 8.79474 10.176 10.9894 11.0797 9.47056 10.307 9.99355 9.37643 7.57442 6.24681 5.54349 3.42963 1.62193 0.0765612 -2.05773 -1.14644 -0.143417 1.14472 3.31336 4.77461 5.37172 4.86186 5.53422 6.91399 6.91656 6.15392 6.19791 5.73075 4.5459 5.76837 6.10838 5.82423 5.89074 5.78257 5.9628 6.29636 6.61529 6.82548 6.8489 6.84698 6.8348 6.82993 6.82561 6.80591 6.80286 6.78758 6.76326 4.18882 -0.40944 -9999 -9999 -9999 -9999 -9999 -9999
-9999 -9999 -9999 -9999 -9999 7.79556 8.97889 10.747 11.1873 11.146 11.5095 11.5387 11.1839 10.8749 9.95693 8.70382 6.30105 6.90784 8.17917 10.0146 10.9785 10.8464 10.309 9.37496 7.11567 5.13885 4.89954 4.57678 3.03432 1.64286 -0.0752765 0.919449 2.00851 3.19937 3.82328 3.65685 4.90835 5.92749 5.48782 6.31368 7.27788 6.83307 6.56783 6.34435 5.80528 5.76775 5.81808 6.50994 6.02197 6.31287 6.31608 6.29321 6.45233 6.63654 6.83056 6.85757 6.85254 6.85074 6.82266 6.82617 6.8102 6.79454 6.77996 6.75834 6.52162 4.04252 2.55961 -9999 -9999 -9999 -9999 -9999
-9999 -9999 -9999 -9999 -9999 6.70443 7.29425 9.38803 10.036 10.9597 11.449 11.4691 10.872 10.5376 9.17191 8.72555 6.50268 5.49449 6.34342 6.0143 8.54367 10.7823 10.295 5.77281 4.13517 2.96749 3.26834 3.27205 2.84328 0.472124 -0.182575 1.94273 3.28003 4.31514 5.09907 5.25955 5.228 6.82473 7.03273 7.54794 7.42958 7.4725 6.6586 6.15288 6.584 6.07456 5.98314 6.69809 5.98329 6.61947 6.53964 6.34105 6.32502 6.74178 6.82155 6.86099 6.85781 6.83629 6.80995 6.79332 6.80245 6.79165 6.7639 6.76087 6.73369 6.43443 5.1498 4.69831 5.19051 -9999 -9999 -9999
-9999 -9999 -9999 -9999 -9999 -9999 5.34176 8.25152 9.58222 10.279 11.2604 11.3762 11.0596 10.4822 9.0905 7.86615 5.87873 3.60996 2.40761 5.99552 9.11857 10.7483 10.5343 6.76989 5.28449 5.21606 6.09166 5.35407 4.79478 2.99353 2.45397 1.70362 2.16402 3.60981 4.78649 5.92151 6.74516 6.80784 7.33999 7.6441 7.66413 7.75546 7.65503 7.57209 6.78589 7.3197 6.85713 7.09467 6.93316 6.78681 6.6616 6.20937 6.51899 6.79257 6.85887 6.87352 6.85162 6.8426 6.8256 6.79414 6.7785 6.77208 6.76494 6.74621 6.74165 6.72278 6.57511 5.8006 4.76522 3.45829 -9999 -9999
-9999 -9999 -9999 -9999 -9999 -9999 3.88828 6.78349 8.17995 9.97433 10.9007 11.2726 11.2185 10.7498 9.69124 8.10047 6.77484 4.24274 1.61417 5.37872 8.73648 10.5469 10.6422 7.47974 8.35679 7.6483 7.93469 6.63753 6.09886 5.67568 4.74343 3.72354 2.61116 2.0175 4.66503 6.02225 7.11322 7.62482 7.91152 8.0517 7.96759 7.76481 6.582 7.47419 7.42023 7.32553 7.21776 7.16292 7.06474 6.94999 6.8817 6.853 6.55089 6.88003 6.86388 6.86331 6.85973 6.84571 6.82366 6.8036 6.78 6.77465 6.76093 6.74471 6.73216 6.72294 6.70908 6.66253 6.4538 4.69996 3.64955 3.3519
-9999 -9999 -9999 -9999 -9999 -9999 -0.181161 4.03111 7.42558 9.19069 10.6273 11.0184 11.1615 10.5343 10.0641 8.92266 7.84184 6.17703 3.68567 2.15099 4.96886 9.06874 10.5833 10.4659 10.371 9.55151 8.81307 8.71989 8.77539 7.9186 6.67187 5.0328 4.51797 3.94096 5.91188 6.17545 6.02647 8.19265 8.1922 8.06312 7.22652 6.2906 6.4611 5.88327 6.31809 5.62634 6.252 6.79214 6.99058 6.9684 6.89254 6.87628 6.83801 6.88615 6.87999 6.86541 6.85297 6.84376 6.83017 6.79934 6.77931 6.78265 6.75962 6.74112 6.72783 6.72098 6.71171 6.67595 6.64324 6.37013 5.96174 5.18615
-9999 -9999 -9999 -9999 -9999 -9999 0.00850516 3.55433 6.55726 8.35801 10.0874 10.4851 11.0655 10.9345 10.4423 9.44964 8.21081 6.84007 4.70228 3.11304 4.9979 7.71757 9.66625 10.3656 10.3613 10.3139 10.1281 10.0598 9.84303 9.69137 8.79087 7.2406 6.36392 5.08196 7.27876 7.52125 7.17215 8.26534 8.20474 6.538 5.255 5.0899 5.8629 5.11584 4.97903 4.51627 5.03226 6.42422 6.00903 6.08433 6.71469 6.81343 6.86843 6.88118 6.87154 6.86328 6.84724 6.84351 6.8396 6.80916 6.79192 6.78041 6.75044 6.73994 6.71756 6.69979 6.68888 6.66742 6.63706 6.55634 6.46425 6.54786
-9999 -9999 -9999 -9999 -9999 -9999 0.0895075 2.46686 5.16871 7.82143 9.6685 10.4108 10.9499 10.9394 10.3681 9.87253 9.09446 7.88809 7.05987 5.6248 3.65676 6.95015 7.95735 8.85925 9.24689 10.1862 10.1623 9.73036 9.23417 9.69601 9.55483 8.32825 7.92246 7.23932 8.45918 8.45745 8.41853 8.34764 6.93886 4.98264 3.41777 4.53382 4.29349 4.80233 3.20041 4.50592 5.55685 5.8941 5.17599 4.6379 6.28239 6.54232 6.6993 6.79803 6.86112 6.83939 6.85097 6.83594 6.82566 6.81475 6.7949 6.78051 6.7603 6.73976 6.71944 6.70349 6.67951 6.64603 6.63996 6.60118 6.58131 6.56216
-9999 -9999 -9999 -9999 -9999 -9999 -9999 1.06955 4.49598 7.55363 9.25371 10.3209 10.8383 10.8239 10.5294 10.1915 9.70751 8.83632 7.7433 6.01832 4.73751 5.54736 6.53444 6.64557 7.30289 9.21162 9.86265 8.93615 6.65128 7.99638 9.49858 9.47083 9.33876 9.19115 9.00338 8.83298 8.46542 7.48902 4.50837 3.91675 2.74388 2.87066 2.26602 3.56717 3.07202 4.40968 4.98622 5.20044 3.95285 4.21314 5.65882 6.23133 6.13035 6.47995 6.81717 6.82315 6.82768 6.81367 6.8156 6.8128 6.80154 6.77645 6.75918 6.74489 6.71044 6.70771 6.5917 6.51482 6.36456 6.54081 6.55437 6.54952
-9999 -9999 -9999 -9999 -9999 -9999 -9999 0.3889 3.80764 7.40947 8.56273 9.71381 10.7066 10.7213 10.2739 9.84841 9.41062 8.91313 7.58784 6.30297 5.07648 4.66342 4.90802 4.88603 5.94983 8.43647 8.91633 8.70867 6.32017 5.50875 7.51628 9.20269 9.3319 9.17455 7.18136 7.60036 6.52263 5.06249 4.65679 4.01451 2.66311 3.30528 2.31374 2.73061 2.6108 3.36779 3.73406 4.63567 3.54769 3.55034 4.96879 5.68641 5.69947 6.45314 6.71872 6.78471 6.79758 6.80529 6.80333 6.80989 6.79741 6.78066 6.76024 6.71838 6.62649 6.35402 4.9103 4.90718 5.29758 5.6672 6.34175 6.51954
-9999 -9999 -9999 -9999 -9999 -9999 -9999 0.785067 3.15621 6.35175 8.71752 8.86188 10.0096 10.5999 10.1139 9.56738 9.00865 8.76253 7.32028 5.73664 4.45681 2.9426 3.18919 4.27223 6.04415 7.64929 7.93431 7.59949 6.31896 6.92026 8.28802 9.01238 9.22308 9.04978 8.61217 8.35723 7.56231 7.21485 6.11238 4.39134 3.71011 4.13253 2.30546 2.42706 3.09488 2.37273 3.5468 4.10588 2.70246 3.8016 5.06337 5.70597 6.26726 6.53035 6.63226 6.79117 6.79048 6.79916 6.80143 6.79367 6.78808 6.75587 6.72814 6.56954 6.33837 4.99108 4.42621 4.53077 5.14616 5.68475 6.23675 6.4653
-9999 -9999 -9999 -9999 -9999 -9999 -9999 1.19034 3.32483 6.09508 7.78063 8.07852 9.35195 10.4839 10.3526 9.7842 9.60843 9.01994 7.79607 6.44482 4.96837 4.24917 2.59962 4.21813 5.49689 6.8554 7.48941 6.43743 5.90576 6.83732 7.76324 8.1306 9.06546 9.0522 8.74165 7.41756 6.76935 7.0363 6.75476 6.26542 5.07905 5.02096 4.25676 3.93691 3.63447 2.66331 3.27285 3.32899 3.48166 4.81128 5.4653 5.89723 6.28971 6.389 6.55684 6.77613 6.79076 6.79358 6.78721 6.7859 6.76375 6.69414 6.63445 6.32116 5.77109 4.74987 3.09833 4.25296 5.46083 5.80794 6.15312 6.33163
-9999 -9999 -9999 -9999 -9999 -9999 -9999 0.826637 3.09439 5.46145 6.44858 6.61255 8.92099 10.3328 10.331 10.0593 9.74287 8.2945 8.37562 8.08318 6.75068 4.81139 2.68192 2.87817 4.14207 5.93495 6.52659 4.78699 4.16873 4.61685 6.01862 7.27285 8.58249 8.91177 8.52167 6.46308 4.27559 5.28293 6.35948 6.34827 6.0256 4.92491 4.57161 4.25121 3.44649 2.08827 2.2792 2.65009 4.15129 4.62418 5.35796 5.96653 5.72972 5.85986 6.44198 6.77375 6.78117 6.7818 6.7874 6.77403 6.74813 6.61514 6.47455 6.24257 4.81785 3.92961 2.64128 4.12704 4.94843 5.37034 6.1523 6.33487
-9999 -9999 -9999 -9999 -9999 -9999 -9999 0.124211 1.76883 4.03118 4.94043 6.39318 8.57451 9.64521 10.1563 10.1407 9.92836 9.27751 8.8847 8.11451 6.72814 4.8339 2.72873 1.35701 2.04889 4.46281 5.03052 3.42658 2.6069 3.61844 5.11232 7.32627 8.58923 8.75577 8.63642 8.20807 6.60963 4.67931 4.68075 5.6412 4.82796 3.88352 4.39456 4.29345 3.49881 2.91926 2.56189 2.76601 3.62537 3.9762 4.8246 6.07953 6.25463 6.21346 6.73875 6.75991 6.76687 6.78137 6.77509 6.76445 6.74262 6.63299 6.39473 5.44427 4.61456 3.46269 3.31468 4.63726 5.20286 5.73427 6.11461 6.23473
-9999 -9999 -9999 -9999 -9999 -9999 -9999 -1.08565 0.850026 2.96915 4.95303 6.82969 8.44421 8.56508 9.41456 9.40922 9.85228 9.71992 9.11612 8.46655 7.2712 4.83854 2.79236 0.561182 1.14428 3.60707 3.92673 2.84779 0.858102 2.9035 5.15957 7.20378 8.30819 7.43391 8.3202 8.24208 7.64001 6.48882 4.70162 4.73012 3.38934 3.32586 4.00631 4.22343 4.10364 3.66719 2.97423 3.07538 3.59564 3.72312 4.50222 5.47437 6.42472 6.57981 6.75662 6.75893 6.75635 6.76561 6.76179 6.73601 6.68111 6.5666 5.76877 4.821 4.23457 3.42984 3.32634 4.85488 5.44744 5.77705 6.10431 6.22971
-9999 -9999 -9999 -9999 -9999 -9999 -9999 -9999 0.652327 2.8418 4.46085 4.89387 6.32856 7.10127 7.69818 7.82707 9.53819 9.6283 9.2437 8.64637 7.62591 5.7786 4.49015 2.34947 0.809546 1.4339 1.72662 2.28613 2.11497 3.0244 5.19194 7.45033 7.69231 6.24959 6.4575 6.75328 7.42238 7.0752 4.64181 3.40286 2.37348 3.09546 3.85519 4.03479 4.06623 3.91293 3.72846 3.42937 4.44691 5.19831 5.368 6.02251 6.50426 6.63319 6.72895 6.73582 6.74289 6.73737 6.70318 6.67668 6.54829 6.26791 5.37606 3.24006 3.33274 3.09549 2.42603 3.90645 4.83965 5.67815 6.12043 6.22947
-9999 -9999 -9999 -9999 -9999 -9999 -9999 -9999 -0.0767506 2.45723 2.98946 2.94572 2.10148 2.48409 5.59459 6.21733 7.858 9.41118 9.29202 8.70559 7.75018 6.64778 4.94367 2.5363 0.622478 -0.183678 1.86445 3.87482 4.28632 4.92537 6.25145 6.49934 5.02485 3.6418 4.41029 4.87111 6.64143 6.9602 6.60973 5.14131 3.46307 2.58431 3.60938 3.7414 3.79744 3.8038 3.75609 3.71139 4.85737 5.4898 5.92669 6.16185 6.57453 6.67581 6.70432 6.73083 6.71751 6.69013 6.61813 6.53696 6.19976 5.79267 4.33573 3.11974 2.35868 1.39429 3.54391 4.16613 5.04462 5.60596 6.04522 6.13554
