Test_Spring_2018b/11_17/Temp/20171116_016.txt
ncols	170
nrows	115
xllcorner	350000.000000
yllcorner	4445000.000000
cellsize	1000.000000
nodata_value	-9999.000000
[rows 32 to 63 of 115, columns 72 to 143 of 170]
14.8025 14.4447 14.9946 15.5008 15.1855 14.9771 15.8063 15.8053 15.5198 14.8507 14.6049 14.3502 14.1941 13.3363 10.93 8.76077 9.92265 9.94986 9.14577 10.5864 9.82449 7.83792 5.03373 6.55675 6.15936 4.16726 3.67427 -9999 -9999 -9999 -9999 -9999 -9999 -9999 -9999 -9999 -9999 -9999 -9999 -9999 -9999 -9999 -9999 -9999 -9999 -9999 -9999 -9999 -9999 -9999 -9999 -9999 -9999 -9999 -9999 -9999 -9999 -9999 -9999 -9999 -9999 -9999 -9999 -9999 -9999 -9999 -9999 -9999 -9999 -9999 -9999 -9999
14.3271 14.173 14.991 14.9728 14.9172 15.2083 15.7215 15.8238 15.712 15.4198 15.1668 14.8979 14.2163 13.235 11.1756 8.70651 8.14633 9.35437 9.41206 9.60594 8.91175 8.03984 6.676 7.79192 8.22491 6.91411 5.20118 4.09691 -9999 -9999 -9999 -9999 -9999 -9999 -9999 -9999 -9999 -9999 -9999 -9999 -9999 -9999 -9999 -9999 -9999 -9999 -9999 -9999 -9999 -9999 -9999 -9999 -9999 -9999 -9999 -9999 -9999 -9999 -9999 -9999 -9999 -9999 -9999 -9999 -9999 -9999 -9999 -9999 -9999 -9999 -9999 -9999
13.7598 12.9646 13.4573 13.827 14.5072 14.6796 14.7815 15.7576 15.705 15.659 15.2413 14.9072 14.354 13.4096 12.0651 10.4464 7.62826 9.36576 10.7263 10.6913 10.6166 10.0059 8.69581 9.79132 9.84238 8.16762 6.2632 5.14535 4.68282 -9999 -9999 -9999 -9999 -9999 -9999 -9999 -9999 -9999 -9999 -9999 -9999 -9999 -9999 -9999 -9999 -9999 -9999 -9999 -9999 -9999 -9999 -9999 -9999 -9999 -9999 -9999 -9999 -9999 -9999 -9999 -9999 -9999 -9999 -9999 -9999 -9999 -9999 -9999 -9999 -9999 -9999 -9999
13.1147 12.1436 12.6394 13.3012 14.2334 14.71 15.0759 15.3671 15.6642 15.6282 15.2006 13.939 13.7584 13.7035 12.8241 10.9788 9.13604 8.65866 10.7343 11.3285 11.2074 11.6709 10.5613 11.0856 10.8704 10.277 8.44252 6.77542 6.0861 4.72407 -9999 -9999 -9999 -9999 -9999 -9999 -9999 -9999 -9999 -9999 -9999 -9999 -9999 -9999 -9999 -9999 -9999 -9999 -9999 -9999 -9999 -9999 -9999 -9999 -9999 -9999 -9999 -9999 -9999 -9999 -9999 -9999 -9999 -9999 -9999 -9999 -9999 -9999 -9999 -9999 -9999 -9999
-9999 -9999 11.5346 12.434 13.176 14.0873 14.8731 15.2676 15.6509 15.6191 14.7649 14.3468 14.3098 13.7334 12.7182 12.0811 10.9209 9.7122 10.1741 11.9444 11.1572 12.4114 12.3054 12.5359 11.6975 10.1027 7.97857 6.73945 6.12291 5.01932 -9999 -9999 -9999 -9999 -9999 -9999 -9999 -9999 -9999 -9999 -9999 -9999 -9999 -9999 -9999 -9999 -9999 -9999 -9999 -9999 -9999 -9999 -9999 -9999 -9999 -9999 -9999 -9999 -9999 -9999 -9999 -9999 -9999 -9999 -9999 -9999 -9999 -9999 -9999 -9999 -9999 -9999
-9999 -9999 -9999 12.2709 12.8351 14.0567 14.6831 14.9387 15.5574 15.5578 15.2337 14.9889 14.6341 14.171 13.408 12.5663 11.4752 11.3745 12.5071 12.5215 12.2854 12.4717 13.0537 12.9005 11.6011 9.35863 8.17535 5.76629 4.73642 4.84215 4.11227 -9999 -9999 -9999 -9999 -9999 -9999 -9999 -9999 -9999 -9999 -9999 -9999 6.90957 -9999 -9999 -9999 -9999 -9999 -9999 -9999 -9999 -9999 -9999 -9999 -9999 -9999 -9999 -9999 -9999 -9999 -9999 -9999 -9999 2.502 -9999 -9999 -9999 -9999 -9999 -9999 -9999
-9999 -9999 12.1659 12.9213 13.5148 14.2801 14.3517 14.8045 15.5159 15.5252 15.2949 15.035 14.4518 14.307 13.8725 12.9588 12.7721 13.1429 13.314 13.5081 13.6278 13.5318 13.2968 12.9927 12.1504 11.1121 10.4154 8.21571 7.10412 6.04144 4.43286 3.1746 -9999 -9999 -9999 -9999 -9999 -9999 -9999 6.07619 6.0165 6.04504 6.39779 7.37179 6.79889 -9999 -9999 -9999 -9999 -9999 -9999 -9999 -9999 -9999 -9999 -9999 -9999 -9999 -9999 -9999 -9999 -9999 -9999 -9999 3.38783 2.12023 -9999 -9999 -9999 -9999 -9999 -9999
-9999 -9999 12.3683 13.1708 13.571 14.3142 14.7389 15.0132 15.2589 15.4937 15.4529 15.1652 14.7282 14.7305 14.1292 13.8051 13.574 14.0756 14.1754 13.9754 13.7242 13.5023 12.8727 12.8005 12.59 11.9314 10.8497 9.73498 8.12163 5.93793 3.79643 2.06925 -9999 -9999 -9999 -9999 -9999 -9999 6.26373 7.07335 7.55834 6.5274 7.40792 8.21257 8.08353 7.29701 -9999 -9999 -9999 -9999 -9999 -9999 -9999 -9999 -9999 -9999 -9999 -9999 -9999 -9999 9.40247 8.10323 5.47882 4.13336 3.32591 2.17319 -9999 -9999 -9999 -9999 -9999 -9999
-9999 -9999 12.2113 13.1593 13.801 14.3704 14.4604 15.0423 15.2942 15.4196 15.4034 15.3454 15.2642 14.7389 14.5131 13.7202 14.4794 14.4515 14.2605 13.5016 13.1733 11.8694 11.2962 11.1635 12.2621 11.4517 9.75871 7.64201 5.09795 4.93027 4.08934 2.54586 -9999 -9999 -9999 -9999 -9999 -9999 6.52058 7.38653 8.10919 8.21436 7.18942 8.61942 8.559 7.75782 7.5753 8.23055 8.56236 8.31423 9.09508 9.3241 8.97038 9.35805 -9999 -9999 -9999 -9999 9.58882 9.64127 9.68074 9.13922 6.27211 4.31371 2.55491 2.39013 -9999 -9999 -9999 -9999 -9999 -9999
-9999 -9999 12.8705 13.454 13.7485 13.7954 14.3059 14.8139 15.1258 15.3539 15.3063 15.2864 15.2656 15.0855 14.6684 14.7437 14.7105 14.4682 13.0224 11.3347 12.0725 11.0709 8.92218 10.6669 11.6263 10.7081 8.65655 6.27742 5.49872 5.52957 4.35987 2.85595 -9999 -9999 -9999 4.15959 5.39994 5.50863 5.87473 7.02972 7.90826 8.5688 9.01926 9.00242 8.52428 7.74039 6.88842 7.19064 8.72033 9.09275 9.40484 9.64215 9.31374 9.48573 9.89502 10.1066 10.1497 10.0535 10.0316 10.065 10.016 9.51071 6.9455 5.47736 4.54037 2.65585 -9999 -9999 -9999 -9999 -9999 -9999
-9999 -9999 12.5079 13.0152 13.4256 14.1047 14.1755 14.6061 14.8592 15.2378 15.2792 14.8318 15.1994 15.1511 15.0819 14.936 14.7224 13.5019 11.8197 10.1335 9.35606 9.68688 8.39734 9.06127 10.0335 9.68002 8.42369 6.30438 6.00647 5.51389 3.54377 1.64942 -9999 -9999 1.76049 4.13968 5.81516 6.67977 6.94802 6.97419 8.081 8.16787 9.35896 9.07786 7.4998 7.6759 7.05964 7.45558 8.01645 8.1696 8.97623 9.75087 9.89736 9.90075 10.1614 10.2152 10.2292 10.2226 10.0461 10.127 10.1393 9.82418 7.96589 7.0594 6.05982 2.68855 -9999 -9999 -9999 -9999 -9999 -9999
-9999 -9999 12.7702 13.3372 13.9579 14.0573 14.5162 14.4655 14.3311 14.9713 15.2039 14.8874 14.6594 15.0764 15.0472 14.992 14.9014 13.7547 12.4279 10.4187 9.17114 8.4062 7.86535 7.14299 7.64312 7.492 7.28883 7.52504 6.94306 5.78033 4.6287 2.47068 1.30494 -9999 1.89479 2.96906 4.96161 6.65498 7.73006 7.34416 8.60268 8.83602 9.56014 9.13328 8.17404 7.76177 7.72406 7.59736 8.44387 9.01118 9.41263 9.68093 10.0142 10.0993 10.185 10.2209 10.2407 10.2606 10.2565 10.2499 10.2122 10.0936 9.239 8.33367 6.37878 2.80635 -9999 -9999 -9999 -9999 -9999 -9999
-9999 11.1206 12.7089 13.6603 14.0277 14.2922 14.5248 14.6924 14.867 15.0298 15.1427 15.0915 14.2562 14.3234 14.4729 14.9465 14.9136 14.8112 14.0867 11.6417 10.7958 9.56301 7.96471 7.2971 7.63321 8.94679 8.88972 8.02229 7.05527 5.71704 4.8662 3.54435 1.00443 1.23387 2.37877 3.23092 4.58545 6.65519 8.10615 8.7537 8.99826 9.5067 9.77118 9.18596 8.62737 8.39239 7.9581 7.89591 7.89818 8.40929 8.80769 9.69453 9.99318 10.1286 10.1986 10.2365 10.2642 10.2914 10.301 10.2841 10.285 10.2779 10.2144 9.00999 5.99731 3.72754 -9999 -9999 -9999 -9999 -9999 -9999
-9999 -9999 12.4193 12.8372 12.9455 13.1355 13.526 13.9764 14.6139 14.6942 15.0453 15.0407 14.3205 13.4896 14.2123 14.4997 14.7984 14.8088 14.7172 12.6615 11.588 10.7434 9.21116 9.7662 10.294 10.3358 10.0202 8.15886 6.30495 4.16614 2.16887 2.07423 0.999487 1.56865 2.32533 4.26628 5.63241 6.1868 6.58498 8.68858 9.23487 9.42205 9.95976 9.22461 9.03623 8.48328 8.64616 8.59679 8.59897 7.06954 8.60212 8.69216 9.69076 10.139 10.2402 10.2685 10.2986 10.3038 10.3101 10.3058 10.316 10.3006 10.2837 9.5007 5.6804 3.76153 -9999 -9999 -9999 -9999 -9999 -9999
-9999 -9999 -9999 -9999 12.5545 12.8721 13.0747 13.4267 14.5086 14.7987 14.9908 15.0054 14.6834 13.8603 13.6437 13.7947 12.994 13.6667 14.5853 14.5646 14.4557 12.6504 11.7276 12.6253 12.3553 10.9982 9.93039 8.87634 6.70569 5.11607 2.82696 1.10814 1.04419 2.94294 4.51973 6.4838 7.3509 6.85864 7.39328 8.43761 9.6241 10.1975 10.0615 9.28654 9.17567 8.32356 9.1587 9.2292 8.83926 8.5022 8.63521 9.1287 9.31675 10.098 10.2872 10.3203 10.3269 10.3308 10.328 10.3239 10.3143 10.306 10.2948 10.2591 6.33221 3.27648 -9999 -9999 -9999 -9999 -9999 -9999
-9999 -9999 -9999 -9999 11.8052 11.9979 12.5072 13.8182 14.5012 14.7765 14.7648 14.8913 14.6638 13.9398 13.1973 12.4978 11.5962 12.1141 13.4819 14.2894 14.3834 12.8013 13.6281 13.3217 12.7153 10.94 9.63195 8.93911 6.85529 5.07047 3.54793 1.44515 2.34585 3.3377 4.61144 6.75399 8.19999 8.79446 8.29648 8.96453 10.3299 10.3372 9.58978 9.63758 9.18016 8.01609 9.22567 9.56526 9.2896 9.35988 9.25652 9.43972 9.7743 10.0946 10.3077 10.3366 10.3401 10.3337 10.3338 10.3349 10.3199 10.3211 10.31 10.2897 7.75486 3.22443 -9999 -9999 -9999 -9999 -9999 -9999
-9999 -9999 -9999 -9999 -9999 11.1223 12.2871 14.0282 14.4562 14.4142 14.7719 14.801 14.4526 14.1506 13.2494 12.019 9.65551 10.2596 11.5188 13.334 14.2893 14.1634 13.6355 12.7172 10.4916 8.54394 8.30899 7.99142 6.47106 5.09674 3.40391 4.38636 5.46239 6.63947 7.25832 7.09868 8.33781 9.34806 8.9199 9.7394 10.6951 10.2614 10.0046 9.7888 9.26057 9.22781 9.28171 9.96823 9.49158 9.78304 9.78946 9.77228 9.93472 10.122 10.3191 10.3515 10.3521 10.3558 10.3334 10.3418 10.3308 10.3197 10.3095 10.2921 10.0625 7.62165 6.16302 -9999 -9999 -9999 -9999 -9999
-9999 -9999 -9999 -9999 -9999 10.0509 10.6308 12.6933 13.3262 14.2362 14.7184 14.7388 14.1517 13.8248 12.4818 12.0469 9.86085 8.87219 9.71478 9.39552 11.8942 14.1057 13.6272 9.17097 7.55834 6.40856 6.70631 6.71078 6.28866 3.94847 3.30434 5.40165 6.72253 7.74611 8.52277 8.68511 8.65928 10.2392 10.4494 10.9627 10.8511 10.8984 10.1007 9.60679 10.0352 9.53726 9.45144 10.1607 9.46041 10.0923 10.0167 9.82614 9.81574 10.2322 10.3165 10.361 10.3638 10.3478 10.3274 10.3156 10.3295 10.3235 10.3005 10.3017 10.2789 9.98758 8.72463 8.28301 8.77171 -9999 -9999 -9999
-9999 -9999 -9999 -9999 -9999 -9999 8.71082 11.5783 12.8847 13.5713 14.5392 14.6544 14.3412 13.776 12.4084 11.2063 9.25229 7.02103 5.84015 9.38284 12.4667 14.0777 13.8685 10.1595 8.69709 8.63131 9.49594 8.76972 8.21915 6.44103 5.91062 5.17275 5.62917 7.05509 8.22038 9.34442 10.1618 10.2291 10.7595 11.0638 11.0888 11.1839 11.0899 11.0129 10.2411 10.7719 10.3202 10.5588 10.404 10.2642 10.1438 9.70299 10.0135 10.2886 10.3595 10.3808 10.3642 10.3606 10.3494 10.3241 10.3122 10.3107 10.3083 10.2943 10.2941 10.2794 10.1377 9.37775 8.36037 7.07507 -9999 -9999
-9999 -9999 -9999 -9999 -9999 -9999 7.28312 10.1368 11.5083 13.2776 14.1853 14.5547 14.5049 14.0468 13.0077 11.4443 10.1426 7.65143 5.06514 8.78236 12.0956 13.8846 13.9821 10.8649 11.7319 11.0352 11.3192 10.0415 9.51159 9.09238 8.17506 7.17167 6.07287 5.49262 8.10761 9.45071 10.5316 11.0415 11.3299 11.4739 11.3972 11.1998 10.0386 10.9232 10.8734 10.7846 10.6828 10.6331 10.5408 10.4321 10.3677 10.3444 10.0516 10.382 10.3737 10.3778 10.3793 10.3707 10.3545 10.3405 10.3231 10.3229 10.3113 10.3 10.2922 10.2872 10.2777 10.2357 10.0335 8.30764 7.27516 6.98401
-9999 -9999 -9999 -9999 -9999 -9999 3.27622 7.42904 10.7611 12.5034 13.9221 14.3109 14.4556 13.8413 13.3823 12.2618 11.2012 9.565 7.11373 5.60555 8.38886 12.4356 13.9294 13.8146 13.7236 12.9176 12.1914 12.1012 12.1575 11.3109 10.076 8.46356 7.96111 7.39641 9.34426 9.60901 9.46729 11.6085 11.6137 11.4922 10.6732 9.75672 9.93064 9.36149 9.79365 9.1162 9.73762 10.2747 10.4748 10.4574 10.3854 10.3753 10.3424 10.3988 10.3972 10.3875 10.3801 10.3763 10.3684 10.3438 10.33 10.3394 10.3214 10.309 10.2956 10.2932 10.2884 10.2572 10.2288 9.96303 9.56369 8.80142
-9999 -9999 -9999 -9999 -9999 -9999 3.45781 6.94829 9.91089 11.6882 13.3962 13.7916 14.3676 14.2427 13.7619 12.7879 11.5714 10.2249 8.12202 6.55983 8.42282 11.1088 13.034 13.7245 13.7196 13.6752 13.4942 13.4186 13.2075 13.0567 12.1723 10.649 9.78862 8.52891 10.6995 10.9435 10.6044 11.6876 11.6334 9.99576 8.73651 8.57949 9.34807 8.61709 8.48582 8.0288 8.54216 9.91915 9.516 9.59459 10.2186 10.3205 10.3849 10.4019 10.3969 10.3934 10.3825 10.3841 10.3858 10.3616 10.3506 10.3453 10.3219 10.3159 10.2996 10.2869 10.2742 10.2574 10.2315 10.1556 10.073 10.1578
-9999 -9999 -9999 -9999 -9999 -9999 3.53381 5.88137 8.54747 11.165 12.9893 13.7246 14.2601 14.2539 13.6951 13.2111 12.4488 11.2641 10.4523 9.04192 7.10587 10.3573 11.3544 12.2447 12.6189 13.5477 13.5266 13.1033 12.6093 13.0681 12.9344 11.7289 11.3329 10.6637 11.8711 11.8742 11.841 11.7764 10.3929 8.46969 6.93244 8.03857 7.80726 8.3154 6.73939 8.03395 9.07496 9.41204 8.70211 8.17594 9.79977 10.0673 10.2265 10.3283 10.3951 10.3784 10.3948 10.3852 10.3806 10.3757 10.3621 10.354 10.3402 10.326 10.3101 10.2992 10.2807 10.2586 10.2568 10.2145 10.1983 10.1821
-9999 -9999 -9999 -9999 -9999 -9999 -9999 4.49876 7.87957 10.8976 12.5775 13.6338 14.1482 14.1386 13.8528 13.5241 13.0515 12.1969 11.1234 9.42656 8.1675 8.96961 9.94598 10.0567 10.7078 12.5927 13.2375 12.3269 10.072 11.4036 12.8885 12.8651 12.7389 12.5977 12.4154 12.2523 11.895 10.9376 8.00418 7.42824 6.27757 6.40835 5.81791 7.10765 6.62261 7.94658 8.51987 8.73572 7.51005 7.7689 9.20627 9.77495 9.67954 10.0284 10.3606 10.3713 10.3809 10.3724 10.3798 10.3829 10.3777 10.3642 10.3537 10.346 10.3166 10.3186 10.2096 10.1388 9.99509 10.1728 10.1897 10.1969
-9999 -9999 -9999 -9999 -9999 -9999 -9999 3.83179 7.20559 10.7603 11.9011 13.0401 14.0232 14.0421 13.6055 13.1904 12.7632 12.2771 10.9746 9.71178 8.5064 8.10291 8.34774 8.32704 9.37922 11.8343 12.3107 12.1092 9.7542 8.95804 10.9414 12.6084 12.7401 12.5894 10.6288 11.0468 9.98929 8.55491 8.16036 7.53267 6.20588 6.84475 5.87275 6.28935 6.17556 6.927 7.29301 8.18667 7.11846 7.12339 8.53473 9.24673 9.264 10.0116 10.278 10.3478 10.3655 10.3785 10.3822 10.3946 10.3885 10.3783 10.3646 10.3297 10.2454 9.98104 8.56162 8.5637 8.95337 9.32211 9.99146 10.1798
-9999 -9999 -9999 -9999 -9999 -9999 -9999 4.22663 6.56766 9.72187 12.0582 12.2046 13.3404 13.9268 13.452 12.9176 12.3712 12.1329 10.7151 9.15783 7.9 6.41099 6.65802 7.7297 9.47775 11.064 11.3486 11.0221 9.75985 10.3569 11.7098 12.4284 12.6406 12.4744 12.0477 11.8013 11.0227 10.6854 9.60377 7.91238 7.24629 7.66841 5.87253 5.99795 6.66184 5.95377 7.1163 7.6723 6.29317 7.38819 8.63702 9.27527 9.83334 10.0974 10.2027 10.3643 10.3688 10.3828 10.3907 10.389 10.3896 10.3642 10.3432 10.1932 9.97151 8.64916 8.09457 8.20305 8.81485 9.35057 9.90974 10.1393
-9999 -9999 -9999 -9999 -9999 -9999 -9999 4.63015 6.73796 9.47291 11.1386 11.4363 12.6961 13.8164 13.6914 13.1354 12.9666 12.3907 11.1884 9.86039 8.40889 7.70397 6.08167 7.68161 8.94363 10.287 10.9161 9.87902 9.35925 10.2822 11.1998 11.5666 12.4931 12.4848 12.1835 10.8831 10.2491 10.5176 10.2454 9.76845 8.60424 8.55251 7.80456 7.49468 7.20188 6.24835 6.85429 6.91447 7.07823 8.3927 9.0425 9.47326 9.86512 9.96792 10.1384 10.3598 10.3795 10.3878 10.3872 10.3919 10.3762 10.3138 10.2613 9.9588 9.42273 8.42199 6.79597 7.94006 9.13635 9.49322 9.84009 10.0208
-9999 -9999 -9999 -9999 -9999 -9999 -9999 4.27518 6.51448 8.85193 9.82901 9.99466 12.2749 13.6712 13.6738 13.4104 13.1029 11.6793 11.7638 11.48 10.1706 8.26292 6.1677 6.36559 7.61404 9.38524 9.97287 8.25818 7.65334 8.09997 9.48693 10.7285 12.0247 12.3543 11.9748 9.9502 7.79861 8.79716 9.86404 9.85845 9.54579 8.46603 8.12317 7.81272 7.02468 5.68789 5.88282 6.25341 7.74584 8.21731 8.94595 9.5511 9.3227 9.45615 10.0353 10.3678 10.3805 10.3868 10.3981 10.3909 10.3715 10.2467 10.1144 9.89205 8.49367 7.62417 6.35763 7.82721 8.64277 9.07593 9.85246 10.0378
-9999 -9999 -9999 -9999 -9999 -9999 -9999 3.586 5.21094 7.44518 8.34546 9.78181 11.9367 12.9967 13.505 13.4941 13.2893 12.6522 12.2696 11.5149 10.1526 8.28961 6.21863 4.87083 5.55771 7.93943 8.50555 6.92328 6.12017 7.12262 8.60068 10.7887 12.0391 12.2085 12.0961 11.679 10.1083 8.21038 8.21722 9.16965 8.37327 7.44753 7.95687 7.86261 7.0845 6.51842 6.16994 6.38495 7.2363 7.58757 8.42941 9.67207 9.85002 9.81478 10.3381 10.3645 10.3769 10.397 10.3967 10.3922 10.3769 10.2751 10.0465 9.11584 8.30423 7.17495 7.03542 8.34191 8.91522 9.4477 9.82875 9.95307
-9999 -9999 -9999 -9999 -9999 -9999 -9999 2.39628 4.30823 6.40122 8.36105 10.2153 11.8114 11.9348 12.7768 12.7761 13.2176 13.0919 12.5014 11.8658 10.6922 8.29856 6.28605 4.09115 4.67111 7.10229 7.41748 6.35905 4.40263 6.42476 8.6546 10.6755 11.7699 10.9132 11.7925 11.7208 11.1326 10.0029 8.24621 8.27974 6.96318 6.90603 7.58237 7.80188 7.68916 7.26421 6.583 6.69875 7.21602 7.34722 8.12091 9.08494 10.0275 10.186 10.3659 10.3738 10.377 10.392 10.3942 10.3749 10.327 10.2204 9.44021 8.51226 7.94066 7.15386 7.05848 8.56907 9.16869 9.503 9.83226 9.96237
-9999 -9999 -9999 -9999 -9999 -9999 -9999 -9999 4.11631 6.27862 7.87867 8.3095 9.72816 10.4943 11.0873 11.219 12.911 13.0048 12.6306 12.0468 11.0458 9.2297 7.96462 5.85929 4.3463 4.96687 5.25431 5.81171 5.64866 6.55103 8.69386 10.9262 11.1704 9.75349 9.96403 10.2612 10.9264 10.5895 8.19569 6.97952 5.96997 6.68724 7.44172 7.62422 7.66062 7.51487 7.34335 7.05545 8.06438 8.81091 8.98388 9.6349 10.1156 10.2485 10.3486 10.3612 10.3741 10.3746 10.347 10.327 10.2067 9.93663 9.0638 6.96438 7.06253 6.8355 6.1824 7.65805 8.58476 9.4187 9.86193 9.97651
-9999 -9999 -9999 -9999 -9999 -9999 -9999 -9999 3.40029 5.90219 6.43056 6.39123 5.56284 5.94435 9.01576 9.63449 11.2571 12.7936 12.6814 12.1086 11.1722 10.0908 8.41624 6.04831 4.16702 3.37386 5.39751 7.38461 7.79638 8.43246 9.74591 9.99621 8.54821 7.1903 7.95372 8.41371 10.1648 10.4846 10.1445 8.70206 7.05272 6.19165 7.20773 7.34328 7.40393 7.41564 7.38266 7.33973 8.47804 9.1074 9.54398 9.78169 10.1945 10.3002 10.3343 10.3664 10.3592 10.3383 10.2735 10.1996 9.87351 9.47858 8.04868 6.85652 6.11309 5.16936 7.29618 7.92591 8.79883 9.36073 9.80157 9.89832
