Test_Spring_2018b/11_17/Temp/20171123_021.txt
ncols	170
nrows	115
xllcorner	350000.000000
yllcorner	4445000.000000
cellsize	1000.000000
nodata_value	-9999.000000
[rows 32 to 63 of 115, columns 71 to 141 of 170]
9.01873 8.98531 8.55698 9.20328 9.7982 9.45479 9.2264 10.2143 10.2106 9.86984 9.07448 8.77972 8.47401 8.28466 7.26479 4.41239 1.84069 3.21168 3.24037 2.28596 3.98887 3.08613 0.734915 -2.58302 -0.77902 -1.24709 -3.55916 -4.1321 -9999 -9999 -9999 -9999 -9999 -9999 -9999 -9999 -9999 -9999 -9999 -9999 -9999 -9999 -9999 -9999 -9999 -9999 -9999 -9999 -9999 -9999 -9999 -9999 -9999 -9999 -9999 -9999 -9999 -9999 -9999 -9999 -9999 -9999 -9999 -9999 -9999 -9999 -9999 -9999 -9999 -9999 -9999
8.64573 8.41806 8.23037 9.19371 9.16767 9.12616 9.49444 10.1083 10.2267 10.0914 9.74211 9.43891 9.11648 8.30541 7.13953 4.69776 1.77129 1.10428 2.53039 2.59569 2.82287 1.99985 0.967312 -0.646618 0.674906 1.1888 -0.336256 -2.33458 -3.61509 -9999 -9999 -9999 -9999 -9999 -9999 -9999 -9999 -9999 -9999 -9999 -9999 -9999 -9999 -9999 -9999 -9999 -9999 -9999 -9999 -9999 -9999 -9999 -9999 -9999 -9999 -9999 -9999 -9999 -9999 -9999 -9999 -9999 -9999 -9999 -9999 -9999 -9999 -9999 -9999 -9999 -9999
8.08281 7.74136 6.79486 7.37304 7.80596 8.65478 8.87171 8.98991 10.1424 10.0772 10.0194 9.52121 9.12172 8.46273 7.34047 5.7448 3.82476 0.485385 2.53793 4.14488 4.10096 4.01077 3.28692 1.7362 3.03306 3.09443 1.14618 -1.06244 -2.38483 -2.93212 -9999 -9999 -9999 -9999 -9999 -9999 -9999 -9999 -9999 -9999 -9999 -9999 -9999 -9999 -9999 -9999 -9999 -9999 -9999 -9999 -9999 -9999 -9999 -9999 -9999 -9999 -9999 -9999 -9999 -9999 -9999 -9999 -9999 -9999 -9999 -9999 -9999 -9999 -9999 -9999 -9999
7.30092 6.97198 5.81735 6.39922 7.17792 8.3 8.89401 9.33214 9.67423 10.0229 9.97702 9.46721 7.97006 7.75201 7.68246 6.63704 4.44864 2.26344 1.69453 4.14761 4.84794 4.70262 5.2498 3.93604 4.55651 4.30248 3.61165 1.4856 -0.466066 -1.28211 -2.89492 -9999 -9999 -9999 -9999 -9999 -9999 -9999 -9999 -9999 -9999 -9999 -9999 -9999 -9999 -9999 -9999 -9999 -9999 -9999 -9999 -9999 -9999 -9999 -9999 -9999 -9999 -9999 -9999 -9999 -9999 -9999 -9999 -9999 -9999 -9999 -9999 -9999 -9999 -9999 -9999
-9999 -9999 -9999 5.08537 6.16756 7.0496 8.15024 9.08569 9.55026 10.0011 9.96027 8.94569 8.44679 8.39853 7.71159 6.50528 5.74646 4.36881 2.93414 3.4771 5.56912 4.63523 6.11804 5.99183 6.26455 5.27294 3.41835 0.926365 -0.518806 -1.24885 -2.55597 -9999 -9999 -9999 -9999 -9999 -9999 -9999 -9999 -9999 -9999 -9999 -9999 -9999 -9999 -9999 -9999 -9999 -9999 -9999 -9999 -9999 -9999 -9999 -9999 -9999 -9999 -9999 -9999 -9999 -9999 -9999 -9999 -9999 -9999 -9999 -9999 -9999 -9999 -9999 -9999
-9999 -9999 -9999 -9999 5.96807 6.63993 8.08341 8.8542 9.15467 9.88431 9.88173 9.49447 9.20056 8.77605 8.22304 7.31486 6.31362 5.0174 4.8936 6.23002 6.24375 5.9618 6.18065 6.86872 6.68751 5.16081 2.52843 1.12902 -1.68047 -2.89957 -2.77546 -3.64115 -9999 -9999 -9999 -9999 -9999 -9999 -9999 -9999 -9999 -9999 -9999 -9999 -0.411274 -9999 -9999 -9999 -9999 -9999 -9999 -9999 -9999 -9999 -9999 -9999 -9999 -9999 -9999 -9999 -9999 -9999 -9999 -9999 -9999 -5.76664 -9999 -9999 -9999 -9999 -9999
-9999 -9999 -9999 5.81886 6.73703 7.43775 8.34194 8.44755 8.98936 9.82902 9.83711 9.56097 9.24904 8.55397 8.37729 7.85757 6.77057 6.54418 6.97801 7.1762 7.40226 7.54138 7.4262 7.14741 6.78787 5.82171 4.59439 3.77132 1.1887 -0.106832 -1.36529 -3.27079 -4.76273 -9999 -9999 -9999 -9999 -9999 -9999 -9999 -1.37953 -1.458 -1.43203 -1.02229 0.122741 -0.562912 -9999 -9999 -9999 -9999 -9999 -9999 -9999 -9999 -9999 -9999 -9999 -9999 -9999 -9999 -9999 -9999 -9999 -9999 -9999 -4.73743 -6.24527 -9999 -9999 -9999 -9999
-9999 -9999 -9999 6.07598 7.02451 7.49737 8.37624 8.878 9.22968 9.5186 9.79377 9.74191 9.39695 8.87463 8.87164 8.15388 7.76421 7.48476 8.07286 8.18624 7.94566 7.64577 7.38156 6.63613 6.55143 6.33205 5.55479 4.27697 2.95985 1.08852 -1.49625 -4.03219 -6.079 -9999 -9999 -9999 -9999 -9999 -9999 -1.16033 -0.21044 0.355275 -0.872977 0.161038 1.10537 0.944748 0.0259543 -9999 -9999 -9999 -9999 -9999 -9999 -9999 -9999 -9999 -9999 -9999 -9999 -9999 -9999 2.39133 0.845961 -2.26728 -3.86669 -4.82934 -6.20075 -9999 -9999 -9999 -9999
-9999 -9999 -9999 5.88115 7.00275 7.76238 8.43642 8.54306 9.23807 9.55424 9.70009 9.67728 9.60405 9.50238 8.87456 8.60054 7.65537 8.5473 8.50819 8.27699 7.3747 6.98347 5.43895 4.76065 4.63103 5.9339 4.97806 2.97775 0.475795 -2.51448 -2.69656 -3.69295 -5.52217 -9999 -9999 -9999 -9999 -9999 -9999 -0.866095 0.149927 0.996435 1.1123 -0.109086 1.57503 1.51414 0.557703 0.333128 1.09961 1.48283 1.19406 2.1192 2.37799 1.94678 2.39285 -9999 -9999 -9999 -9999 2.60891 2.66204 2.70067 2.05243 -1.34754 -3.67181 -5.7598 -5.9615 -9999 -9999 -9999 -9999
-9999 -9999 -9999 6.65174 7.34299 7.69274 7.74945 8.35475 8.96307 9.34873 9.61674 9.55647 9.52783 9.49708 9.27704 8.77587 8.85727 8.81061 8.51696 6.79996 4.79807 5.66802 4.4834 1.95564 4.03211 5.17125 4.08899 1.66554 -1.14582 -2.04651 -1.99444 -3.37946 -5.16362 -9999 -9999 -9999 -3.64458 -2.18525 -2.0658 -1.64203 -0.284746 0.745441 1.5212 2.0455 2.03172 1.46008 0.52406 -0.492856 -0.144259 1.65646 2.08699 2.46999 2.73801 2.3361 2.52013 2.99169 3.22969 3.26881 3.144 3.10795 3.13837 3.07216 2.46665 -0.569035 -2.31253 -3.42737 -5.66754 -9999 -9999 -9999 -9999
-9999 -9999 -9999 6.21523 6.81698 7.30446 8.11203 8.19741 8.70784 9.01324 9.47331 9.51838 8.98349 9.41198 9.34725 9.2572 9.07598 8.81502 7.36316 5.3659 3.36543 2.44212 2.8439 1.31894 2.11592 3.2707 2.86329 1.38371 -1.11958 -1.46795 -2.03322 -4.35318 -6.59721 -9999 -9999 -6.48192 -3.67438 -1.70062 -0.687176 -0.379861 -0.359148 0.94059 1.03352 2.43357 2.10413 0.230458 0.430302 -0.302697 0.156733 0.804119 0.975125 1.92991 2.84448 3.00456 2.99513 3.29031 3.34104 3.34546 3.32644 3.10736 3.19397 3.20046 2.82031 0.614487 -0.464528 -1.65467 -5.65294 -9999 -9999 -9999 -9999
-9999 -9999 -9999 6.51961 7.19292 7.92989 8.04984 8.59495 8.53647 8.38364 9.14026 9.42309 9.04291 8.76611 9.25139 9.20782 9.13325 9.01709 7.65191 6.07483 3.69178 2.21202 1.3157 0.67744 -0.162351 0.434427 0.261154 0.0265798 0.311932 -0.364608 -1.72277 -3.0845 -5.63054 -7.01376 -9999 -6.32825 -5.06543 -2.71696 -0.72333 0.538164 0.070541 1.54918 1.81489 2.67226 2.15814 1.01667 0.514537 0.460744 0.301432 1.2936 1.95913 2.43344 2.73822 3.12808 3.21492 3.30255 3.33182 3.34266 3.3548 3.33961 3.32271 3.27019 3.12286 2.10514 1.02657 -1.29254 -5.52816 -9999 -9999 -9999 -9999
-9999 -9999 4.5412 6.43711 7.56624 8.00455 8.32088 8.59901 8.79946 9.01208 9.20487 9.33588 9.27792 8.2818 8.35248 8.51975 9.07026 9.0216 8.89164 8.02688 5.12784 4.13111 2.67617 0.787174 0.00887379 0.412608 1.97393 1.91348 0.893956 -0.243886 -1.80983 -2.80755 -4.37202 -7.37429 -7.10818 -5.76052 -4.76092 -3.16803 -0.729571 0.976108 1.73088 2.0089 2.60772 2.91119 2.2049 1.53687 1.24958 0.726387 0.643401 0.636442 1.23133 1.70125 2.74197 3.0822 3.23546 3.30416 3.33537 3.35536 3.37592 3.37689 3.34778 3.34098 3.32568 3.24321 1.81228 -1.76833 -4.46261 -9999 -9999 -9999 -9999
-9999 -9999 -9999 6.0845 6.58322 6.71567 6.94471 7.41053 7.94623 8.70712 8.80145 9.21453 9.20542 8.35061 7.35783 8.20276 8.53233 8.87544 8.87844 8.7623 6.33166 5.05978 4.06116 2.25089 2.9201 3.55168 3.60885 3.24349 1.04887 -1.13746 -3.65048 -6.01069 -6.12121 -7.38979 -6.71707 -5.82899 -3.54113 -1.93494 -1.29039 -0.831219 1.64612 2.28629 2.49456 3.12034 2.24014 2.00995 1.34621 1.52969 1.46188 1.45486 -0.365096 1.44655 1.54086 2.71009 3.2297 3.34019 3.35974 3.38238 3.37677 3.37362 3.35939 3.36362 3.33753 3.30514 2.37145 -2.15655 -4.43529 -9999 -9999 -9999 -9999
-9999 -9999 -9999 -9999 -9999 6.24495 6.62561 6.86954 7.28929 8.57622 8.91912 9.14401 9.15672 8.76906 7.78852 7.52131 7.6888 6.73043 7.5178 8.60054 8.57219 8.44201 6.30671 5.22471 6.29337 5.98135 4.38384 3.12916 1.89077 -0.66952 -2.53226 -5.23717 -7.26927 -7.34531 -5.10119 -3.23784 -0.922823 0.0924475 -0.502086 0.118092 1.3433 2.73562 3.40272 3.23083 2.3032 2.16446 1.14653 2.12554 2.19959 1.72856 1.31986 1.47481 2.04671 2.25678 3.16873 3.37993 3.40903 3.40376 3.39635 3.38237 3.36827 3.34547 3.32726 3.30627 3.25679 -1.39753 -5.02163 -9999 -9999 -9999 -9999
-9999 -9999 -9999 -9999 -9999 5.35029 5.58346 6.1906 7.74555 8.56047 8.88589 8.86956 9.01458 8.73854 7.873 6.98433 6.14506 5.06777 5.67196 7.28422 8.23595 8.34603 6.47503 7.46373 7.10772 6.39806 4.30602 2.76752 1.95715 -0.499827 -2.59336 -4.3906 -6.87672 -5.81082 -4.63979 -3.13797 -0.610053 1.09014 1.78121 1.18007 1.95825 3.56188 3.55865 2.66282 2.70857 2.15946 0.772185 2.19424 2.58674 2.25103 2.32453 2.19961 2.40447 2.78815 3.15469 3.39433 3.41609 3.40863 3.38906 3.37849 3.36879 3.34167 3.33436 3.3131 3.28152 0.274426 -5.09499 -9999 -9999 -9999 -9999
-9999 -9999 -9999 -9999 -9999 -9999 4.53937 5.92235 7.98626 8.4992 8.44908 8.86985 8.89952 8.48031 8.11402 7.03709 5.5696 2.762 3.46815 4.95191 7.09618 8.22548 8.07786 7.46331 6.38317 3.75732 1.46139 1.19296 0.826841 -0.963142 -2.5708 -4.5694 -3.40409 -2.13055 -0.740192 -0.0133547 -0.21064 1.24498 2.42849 1.9092 2.86637 3.98495 3.45955 3.14398 2.8775 2.24439 2.19584 2.2501 3.05317 2.47965 2.81504 2.8201 2.78805 2.96827 3.17771 3.39858 3.4246 3.41332 3.40597 3.36822 3.36771 3.34485 3.32271 3.30214 3.2736 2.99425 0.0976065 -1.63595 -9999 -9999 -9999
-9999 -9999 -9999 -9999 -9999 -9999 3.26352 3.95388 6.39788 7.15311 8.22933 8.79724 8.81653 8.11482 7.71973 6.12016 5.59412 2.99605 1.81852 2.80923 2.42743 5.38323 8.00168 7.44535 2.17791 0.277167 -1.07481 -0.713125 -0.698415 -1.18894 -3.93976 -4.69742 -2.2128 -0.649523 0.559184 1.47283 1.65698 1.61553 3.4726 3.70999 4.30468 4.16002 4.2037 3.24786 2.65199 3.15095 2.55169 2.44051 3.27052 2.43233 3.17067 3.07896 2.84198 2.81793 3.29885 3.38651 3.42713 3.41797 3.38766 3.35178 3.32799 3.33432 3.31771 3.28161 3.27461 3.23962 2.88649 1.38422 0.854162 1.42529 -9999
-9999 -9999 -9999 -9999 -9999 -9999 -9999 1.67294 5.06905 6.62101 7.43257 8.57502 8.70637 8.33302 7.65406 6.02474 4.59117 2.26801 -0.382199 -1.78265 2.40599 6.05415 7.96155 7.72376 3.34005 1.61639 1.5466 2.57847 1.72774 1.08453 -1.00136 -1.62487 -2.49593 -1.95594 -0.268232 1.10356 2.42527 3.38189 3.44908 4.06296 4.41442 4.43133 4.53157 4.40829 4.30576 3.3843 4.00237 3.45809 3.731 3.53845 3.36369 3.21926 2.68642 3.0425 3.35648 3.42854 3.43991 3.40923 3.39355 3.36856 3.32675 3.30508 3.29344 3.28122 3.25572 3.24695 3.22084 3.04515 2.13807 0.926613 -0.601693
-9999 -9999 -9999 -9999 -9999 -9999 -9999 -0.0256561 3.35331 4.98196 7.07442 8.15095 8.58485 8.51741 7.96568 6.7256 4.86484 3.31421 0.356867 -2.71164 1.68329 5.60921 7.72685 7.84468 4.16746 5.19975 4.38231 4.72593 3.22156 2.60179 2.12374 1.04163 -0.144214 -1.44021 -2.13251 0.956083 2.53721 3.80599 4.39732 4.72512 4.88125 4.78068 4.53981 3.15363 4.18902 4.12212 4.0068 3.87653 3.80825 3.68959 3.55171 3.47403 3.43551 3.07788 3.45622 3.43194 3.42627 3.41703 3.39556 3.36469 3.33617 3.30359 3.29313 3.275 3.25224 3.23395 3.21892 3.19922 3.14146 2.89452 0.844656
-9999 -9999 -9999 -9999 -9999 -9999 -9999 -4.77679 0.138814 4.0954 6.1544 7.83341 8.2866 8.44974 7.71361 7.16061 5.82459 4.55997 2.61487 -0.293495 -2.0841 1.20853 5.99641 7.77589 7.65123 7.54856 6.60064 5.7475 5.64718 5.71993 4.73562 3.28447 1.37619 0.777403 0.105041 2.4041 2.70921 2.53138 5.05377 5.04695 4.88935 3.90582 2.81383 3.00643 2.3299 2.83351 2.02154 2.74709 3.37309 3.60052 3.57065 3.48452 3.45956 3.4101 3.46074 3.44871 3.42677 3.40725 3.39144 3.37046 3.32937 3.30093 3.29986 3.26919 3.24309 3.22694 3.21447 3.19996 3.15466 3.113 2.79087
-9999 -9999 -9999 -9999 -9999 -9999 -9999 -4.56246 -0.425284 3.07892 5.18519 7.20113 7.66245 8.33631 8.17978 7.60164 6.43969 4.99107 3.38935 0.893628 -0.960749 1.2401 4.42026 6.69881 7.52688 7.53549 7.48758 7.27839 7.20218 6.95703 6.79605 5.75044 3.9447 2.92395 1.42879 3.9914 4.27205 3.86099 5.13174 5.05522 3.10388 1.59999 1.4005 2.30515 1.42754 1.2642 0.72356 1.32115 2.94111 2.45067 2.53469 3.27341 3.38389 3.44246 3.4526 3.43656 3.42206 3.3984 3.38901 3.37937 3.33874 3.31355 3.29512 3.25528 3.23964 3.20913 3.18353 3.1709 3.14213 3.10308 3.00532
-9999 -9999 -9999 -9999 -9999 -9999 -9999 -4.48132 -1.69744 1.45521 4.55647 6.70994 7.57364 8.19978 8.18434 7.51437 6.93294 6.02235 4.61267 3.64516 1.9706 -0.324718 3.52068 4.70433 5.76827 6.22039 7.32366 7.30336 6.80706 6.25074 6.79513 6.63464 5.20644 4.73476 3.93813 5.36071 5.35651 5.30769 5.2205 3.57132 1.28275 -0.549502 0.746506 0.459868 1.05848 -0.814171 0.701933 1.92364 2.31291 1.47572 0.843906 2.76641 3.06398 3.24248 3.35298 3.42184 3.39166 3.40025 3.37773 3.36068 3.34288 3.31464 3.29284 3.26436 3.23565 3.20891 3.18535 3.15319 3.10613 3.09539 3.05128
-9999 -9999 -9999 -9999 -9999 -9999 -9999 -9999 -3.34211 0.665019 4.23237 6.21504 7.45871 8.06028 8.04107 7.69482 7.29785 6.73077 5.7123 4.43568 2.42253 0.928715 1.8756 3.03566 3.17721 3.94984 6.18334 6.9496 5.87512 3.22603 4.8014 6.55832 6.52894 6.37668 6.20504 5.98755 5.78664 5.35461 4.21119 0.728298 0.0303452 -1.34408 -1.2021 -1.91355 -0.388704 -0.969439 0.586603 1.25478 1.50046 0.0406092 0.349315 2.03074 2.69431 2.57202 2.97549 3.36769 3.36986 3.37027 3.34896 3.34619 3.33787 3.31969 3.28198 3.25671 3.23506 3.19166 3.18348 3.0438 2.95006 2.77091 2.973
-9999 -9999 -9999 -9999 -9999 -9999 -9999 -9999 -4.13017 -0.141264 4.06089 5.40542 6.747 7.90354 7.91854 7.39414 6.89542 6.38256 5.80045 4.25301 2.75348 1.32299 0.842639 1.1307 1.12235 2.36851 5.27549 5.84106 5.60444 2.835 1.89221 4.2381 6.20838 6.36058 6.17732 3.85075 4.33784 3.07744 1.36993 0.892115 0.137714 -1.44448 -0.700569 -1.863 -1.38183 -1.51088 -0.632329 -0.209487 0.838248 -0.435438 -0.427146 1.22239 2.0552 2.06589 2.94079 3.2461 3.31841 3.32864 3.33273 3.32543 3.32799 3.30829 3.28362 3.25475 3.20099 3.08902 2.76821 1.07872 1.07094 1.52257 1.95012
-9999 -9999 -9999 -9999 -9999 -9999 -9999 -9999 -3.67075 -0.904601 2.82323 5.58251 5.74936 7.08682 7.77364 7.20445 6.56482 5.91112 5.62258 3.93883 2.09077 0.597974 -1.16748 -0.877422 0.38948 2.47576 4.35337 4.69079 4.30495 2.82811 3.53311 5.13182 5.979 6.22591 6.02382 5.51234 5.2131 4.28291 3.87411 2.58365 0.570935 -0.228775 0.259192 -1.87778 -1.74081 -0.966284 -1.79673 -0.431263 0.216737 -1.42511 -0.138171 1.32941 2.07457 2.72489 3.02725 3.14149 3.32219 3.31658 3.32181 3.31948 3.30538 3.2938 3.25118 3.21385 3.02391 2.74945 1.17279 0.510556 0.628341 1.34238 1.96696
-9999 -9999 -9999 -9999 -9999 -9999 -9999 -9999 -3.20085 -0.711199 2.52011 4.48549 4.83144 6.31561 7.63455 7.47952 6.81454 6.60793 5.9201 4.49133 2.91453 1.1923 0.354418 -1.56836 0.323022 1.83397 3.42321 4.16722 2.95781 2.34065 3.43045 4.51309 4.94326 6.03486 6.01931 5.65604 4.10927 3.35044 3.65886 3.32668 2.75161 1.36288 1.29053 0.394161 0.0163174 -0.341124 -1.461 -0.754285 -0.693205 -0.519733 1.0366 1.79491 2.29413 2.74736 2.85848 3.04957 3.30067 3.3129 3.3113 3.29891 3.2924 3.26156 3.17538 3.10083 2.73046 2.08392 0.887758 -1.04242 0.30062 1.70591 2.10396
-9999 -9999 -9999 -9999 -9999 -9999 -9999 -9999 -3.62846 -0.983661 1.77689 2.92709 3.11665 5.80852 7.45411 7.4502 7.13163 6.76106 5.07001 5.16416 4.82297 3.26875 1.00712 -1.47581 -1.24428 0.242103 2.3452 3.03931 1.02734 0.308674 0.833923 2.47143 3.93615 5.46484 5.84883 5.39266 2.98886 0.434002 1.60657 2.85942 2.84258 2.462 1.17337 0.756764 0.37851 -0.564856 -2.15011 -1.91717 -1.48888 0.267927 0.814706 1.66598 2.3712 2.09 2.23702 2.91144 3.29372 3.2975 3.29334 3.29494 3.2744 3.23927 3.07921 2.91033 2.63491 0.967802 -0.0731658 -1.58102 0.149963 1.10421 1.58899
-9999 -9999 -9999 -9999 -9999 -9999 -9999 -9999 -4.45155 -2.53425 0.103808 1.16288 2.85612 5.39955 6.64706 7.24167 7.22203 6.97303 6.21274 5.75401 4.85546 3.23847 1.02944 -1.42515 -3.02335 -2.21313 0.623291 1.29292 -0.564597 -1.51858 -0.336155 1.40858 3.99295 5.46699 5.66096 5.52069 5.01922 3.1518 0.896611 0.895128 2.01233 1.05956 -0.0465146 0.545663 0.423466 -0.508013 -1.18849 -1.59073 -1.35724 -0.349366 0.0548819 1.0398 2.49913 2.69845 2.64545 3.25346 3.27322 3.27641 3.28841 3.27619 3.25889 3.22856 3.09583 2.81308 1.69935 0.726622 -0.621939 -0.799006 0.741469 1.39434 2.00951
-9999 -9999 -9999 -9999 -9999 -9999 -9999 -9999 -5.86703 -3.61047 -1.13989 1.17286 3.3605 5.24235 5.38141 6.37088 6.36316 6.87903 6.72388 6.01911 5.26147 3.86753 1.03036 -1.3553 -3.95634 -3.27304 -0.38729 0.0120009 -1.24431 -3.56367 -1.17498 1.45901 3.84521 5.13414 4.11353 5.14669 5.05392 4.34921 3.00327 0.914758 0.944627 -0.623581 -0.701516 0.0884689 0.337723 0.193778 -0.319684 -1.12812 -0.99966 -0.387758 -0.244244 0.659681 1.78891 2.89273 3.06862 3.26988 3.26757 3.25957 3.26544 3.25609 3.22117 3.15233 3.014 2.07839 0.967886 0.279116 -0.664313 -0.789414 0.990017 1.67577 2.05527
-9999 -9999 -9999 -9999 -9999 -9999 -9999 -9999 -9999 -3.84554 -1.29325 0.593425 1.0962 2.76795 3.66745 4.36209 4.51097 6.50656 6.61111 6.16228 5.4658 4.27616 2.12227 0.621028 -1.8742 -3.66805 -2.92271 -2.5595 -1.90381 -2.1011 -1.03793 1.49276 4.12886 4.41141 2.72748 2.96904 3.31256 4.09119 3.68347 0.840993 -0.608052 -1.81282 -0.974152 -0.091603 0.113906 0.14645 -0.0366317 -0.250836 -0.580197 0.601799 1.47325 1.66592 2.42435 2.98123 3.12645 3.23302 3.23593 3.23915 3.22775 3.18298 3.14726 2.99273 2.66095 1.61573 -0.881199 -0.77744 -1.0586 -1.84406 -0.12332 0.961731 1.93575
-9999 -9999 -9999 -9999 -9999 -9999 -9999 -9999 -9999 -4.70096 -1.7471 -1.12903 -1.18296 -2.17079 -1.72675 1.90079 2.62585 4.53924 6.35113 6.21221 5.52871 4.41528 3.13096 1.14506 -1.66099 -3.89077 -4.81268 -2.41146 -0.053839 0.429009 1.17685 2.7258 3.01596 1.29564 -0.318646 0.577057 1.11315 3.17675 3.5461 3.13413 1.4173 -0.544625 -1.57386 -0.381701 -0.231749 -0.170548 -0.167369 -0.226047 -0.270048 1.07694 1.80944 2.31375 2.58269 3.05883 3.17163 3.19959 3.22532 3.20468 3.16774 3.07886 2.9794 2.5813 2.10175 0.397259 -1.026 -1.91834 -3.0479 -0.543739 0.175723 1.19586 1.84746
