Test_Spring_2018b/11_17/Temp/20171124_000.txt
ncols	170
nrows	115
xllcorner	350000.000000
yllcorner	4445000.000000
cellsize	1000.000000
nodata_value	-9999.000000
[rows 31 to 61 of 115, columns 71 to 141 of 170]
8.59946 8.83503 8.36823 8.40735 9.52654 9.77277 9.7521 9.67536 9.56644 9.03836 8.85837 8.44065 7.70849 7.39815 6.09956 1.91416 3.09112 3.54797 2.33094 3.00261 4.09948 3.13756 0.290119 -0.936769 -2.91122 -2.26855 -2.84063 -4.42834 -9999 -9999 -9999 -9999 -9999 -9999 -9999 -9999 -9999 -9999 -9999 -9999 -9999 -9999 -9999 -9999 -9999 -9999 -9999 -9999 -9999 -9999 -9999 -9999 -9999 -9999 -9999 -9999 -9999 -9999 -9999 -9999 -9999 -9999 -9999 -9999 -9999 -9999 -9999 -9999 -9999 -9999 -9999
8.35761 8.32173 7.87179 8.54881 9.17201 8.81244 8.57415 9.61155 9.60709 9.24917 8.41449 8.10471 7.7834 7.58404 6.51369 3.52161 0.823819 2.26043 2.28938 1.28739 3.07194 2.12407 -0.342738 -3.82329 -1.93276 -2.42481 -4.85006 -5.45535 -9999 -9999 -9999 -9999 -9999 -9999 -9999 -9999 -9999 -9999 -9999 -9999 -9999 -9999 -9999 -9999 -9999 -9999 -9999 -9999 -9999 -9999 -9999 -9999 -9999 -9999 -9999 -9999 -9999 -9999 -9999 -9999 -9999 -9999 -9999 -9999 -9999 -9999 -9999 -9999 -9999 -9999 -9999
7.9651 7.72561 7.5281 8.53766 8.50976 8.4663 8.8544 9.49951 9.62313 9.48062 9.11368 8.79504 8.45617 7.60483 6.38139 3.81992 0.750143 0.0496767 1.54411 1.61152 1.84868 0.984533 -0.0993158 -1.79283 -0.408097 0.129736 -1.47269 -3.56994 -4.91425 -9999 -9999 -9999 -9999 -9999 -9999 -9999 -9999 -9999 -9999 -9999 -9999 -9999 -9999 -9999 -9999 -9999 -9999 -9999 -9999 -9999 -9999 -9999 -9999 -9999 -9999 -9999 -9999 -9999 -9999 -9999 -9999 -9999 -9999 -9999 -9999 -9999 -9999 -9999 -9999 -9999 -9999
7.37337 7.01467 6.02153 6.62728 7.08073 7.97294 8.20237 8.32581 9.53378 9.46481 9.40355 8.88045 8.46076 7.7689 6.59119 4.91701 2.90265 -0.600119 1.5513 3.23544 3.18841 3.09288 2.33286 0.705773 2.0648 2.12824 0.0794796 -2.23542 -3.62349 -4.19877 -9999 -9999 -9999 -9999 -9999 -9999 -9999 -9999 -9999 -9999 -9999 -9999 -9999 -9999 -9999 -9999 -9999 -9999 -9999 -9999 -9999 -9999 -9999 -9999 -9999 -9999 -9999 -9999 -9999 -9999 -9999 -9999 -9999 -9999 -9999 -9999 -9999 -9999 -9999 -9999 -9999
6.55198 6.2065 4.99521 5.60493 6.42108 7.59946 8.22418 8.68379 9.042 9.40708 9.3583 8.82299 7.25224 7.02277 6.94897 5.85182 3.55607 1.26367 0.666188 3.2377 3.97124 3.818 4.39098 3.01252 3.66241 3.39527 2.66703 0.434586 -1.61066 -2.46762 -4.16013 -9999 -9999 -9999 -9999 -9999 -9999 -9999 -9999 -9999 -9999 -9999 -9999 -9999 -9999 -9999 -9999 -9999 -9999 -9999 -9999 -9999 -9999 -9999 -9999 -9999 -9999 -9999 -9999 -9999 -9999 -9999 -9999 -9999 -9999 -9999 -9999 -9999 -9999 -9999 -9999
-9999 -9999 -9999 4.22602 5.3627 6.28892 7.44338 8.4245 8.91121 9.38344 9.33998 8.27534 7.75139 7.69996 6.97875 5.71288 4.91626 3.47074 1.96544 2.534 4.72701 3.74697 5.30122 5.16823 5.4536 4.41316 2.46464 -0.151219 -1.66515 -2.43175 -3.80355 -9999 -9999 -9999 -9999 -9999 -9999 -9999 -9999 -9999 -9999 -9999 -9999 -9999 -9999 -9999 -9999 -9999 -9999 -9999 -9999 -9999 -9999 -9999 -9999 -9999 -9999 -9999 -9999 -9999 -9999 -9999 -9999 -9999 -9999 -9999 -9999 -9999 -9999 -9999 -9999
-9999 -9999 -9999 -9999 5.15258 5.85837 7.37187 8.18096 8.49564 9.26027 9.25696 8.85015 8.54116 8.09515 7.51437 6.56112 5.51031 4.1502 4.01959 5.42028 5.434 5.13772 5.36666 6.0877 5.89722 4.29301 1.53188 0.0638151 -2.88242 -4.16168 -4.03244 -4.9412 -9999 -9999 -9999 -9999 -9999 -9999 -9999 -9999 -9999 -9999 -9999 -9999 -1.58215 -9999 -9999 -9999 -9999 -9999 -9999 -9999 -9999 -9999 -9999 -9999 -9999 -9999 -9999 -9999 -9999 -9999 -9999 -9999 -9999 -7.26812 -9999 -9999 -9999 -9999 -9999
-9999 -9999 -9999 4.99299 5.95929 6.69412 7.64222 7.75341 8.32168 9.20171 9.2096 8.91932 8.59142 7.86168 7.6755 7.1296 5.98884 5.75062 6.20479 6.41195 6.64841 6.79379 6.67258 6.37987 6.00255 4.98626 3.69884 2.83534 0.124877 -1.2319 -2.55227 -4.55122 -6.11658 -9999 -9999 -9999 -9999 -9999 -9999 -9999 -2.58274 -2.66796 -2.64394 -2.21772 -1.02066 -1.7435 -9999 -9999 -9999 -9999 -9999 -9999 -9999 -9999 -9999 -9999 -9999 -9999 -9999 -9999 -9999 -9999 -9999 -9999 -9999 -6.18911 -7.77262 -9999 -9999 -9999 -9999
-9999 -9999 -9999 5.26484 6.25978 6.75584 7.67754 8.20364 8.57318 8.87574 9.16373 9.10863 8.74607 8.19745 8.19337 7.43976 7.03024 6.73636 7.35233 7.47059 7.21779 6.90291 6.62555 5.84366 5.75472 5.52179 4.70651 3.36636 1.98501 0.0228824 -2.68808 -5.34791 -7.49491 -9999 -9999 -9999 -9999 -9999 -9999 -2.34759 -1.35427 -0.764129 -2.05553 -0.974914 0.0114115 -0.161164 -1.13354 -9999 -9999 -9999 -9999 -9999 -9999 -9999 -9999 -9999 -9999 -9999 -9999 -9999 -9999 1.29445 -0.328074 -3.59477 -5.27406 -6.28573 -7.72616 -9999 -9999 -9999 -9999
-9999 -9999 -9999 5.05943 6.23607 7.03303 7.7401 7.852 8.58102 8.9128 9.06521 9.04057 8.96292 8.85536 8.19601 7.90767 6.91559 7.85005 7.8083 7.56526 6.61862 6.20805 4.58823 3.87689 3.73848 5.10466 4.10232 2.00477 -0.618824 -3.7521 -3.94516 -4.9903 -6.90888 -9999 -9999 -9999 -9999 -9999 -9999 -2.03619 -0.973626 -0.0892086 0.0286631 -1.2561 0.505684 0.433172 -0.574675 -0.815123 -0.0162971 0.380707 0.0724703 1.03682 1.30405 0.848021 1.31228 -9999 -9999 -9999 -9999 1.52589 1.57965 1.61828 0.936639 -2.63063 -5.06997 -7.26167 -7.47783 -9999 -9999 -9999 -9999
-9999 -9999 -9999 5.86649 6.59207 6.95942 7.0193 7.65426 8.29243 8.69713 8.97765 8.9137 8.88275 8.8495 8.6177 8.09109 8.17543 8.1256 7.81689 6.01576 3.91604 4.82804 3.58598 0.93521 3.11065 4.30533 3.17063 0.629583 -2.31821 -3.26008 -3.20719 -4.65959 -6.52905 -9999 -9999 -9999 -4.93937 -3.41067 -3.28742 -2.84548 -1.42504 -0.348027 0.459948 1.0055 0.985708 0.378192 -0.60866 -1.68041 -1.32021 0.562839 1.00924 1.40422 1.68086 1.25537 1.44415 1.9355 2.18228 2.22085 2.08778 2.04802 2.0781 2.00693 1.37023 -1.81457 -3.64479 -4.81595 -7.17006 -9999 -9999 -9999 -9999
-9999 -9999 -9999 5.40848 6.04036 6.55227 7.39951 7.48932 8.02461 8.34488 8.82726 8.87376 8.3119 8.76017 8.69115 8.59558 8.40447 8.12985 6.60658 4.51156 2.41337 1.44495 1.86603 0.267114 1.10113 2.31233 1.88596 0.337185 -2.28739 -2.65226 -3.24263 -5.67702 -8.03025 -9999 -9999 -7.91077 -4.96777 -2.89954 -1.83879 -1.51901 -1.50026 -0.140742 -0.0471878 1.41666 1.06601 -0.906885 -0.702834 -1.48013 -1.00415 -0.332317 -0.158254 0.837233 1.79097 1.95477 1.94124 2.24756 2.29797 2.3002 2.27817 2.04661 2.13577 2.141 1.74075 -0.574048 -1.70738 -2.95931 -7.15483 -9999 -9999 -9999 -9999
-9999 -9999 -9999 5.72744 6.43452 7.20817 7.33455 7.90652 7.84504 7.68483 8.47779 8.77398 8.37432 8.08291 8.59057 8.54366 8.46431 8.34147 6.90905 5.25464 2.75529 1.20342 0.263367 -0.405604 -1.28552 -0.659228 -0.840358 -1.08571 -0.785818 -1.49389 -2.91558 -4.34327 -7.01444 -8.46495 -9999 -7.74693 -6.42367 -3.96242 -1.87379 -0.553444 -1.04688 0.500091 0.774615 1.66885 1.1246 -0.0807302 -0.615105 -0.677467 -0.850471 0.184099 0.87326 1.36461 1.67934 2.08336 2.17067 2.25931 2.28724 2.29626 2.30704 2.28942 2.2702 2.2137 2.05776 0.988978 -0.14538 -2.57939 -7.02376 -9999 -9999 -9999 -9999
-9999 -9999 3.64921 5.64042 6.82569 7.28634 7.61881 7.91094 8.12129 8.34428 8.54586 8.68251 8.62097 7.57519 7.64801 7.82211 8.39816 8.34604 8.20888 7.30142 4.26099 3.21546 1.69175 -0.288467 -1.10568 -0.681646 0.956379 0.893835 -0.174405 -1.3667 -3.00624 -4.05123 -5.6915 -8.84082 -8.56183 -7.14905 -6.10169 -4.4327 -1.87757 -0.0914605 0.696878 0.984685 1.60824 1.92157 1.17345 0.464449 0.156905 -0.398085 -0.491445 -0.504981 0.112792 0.59916 1.68245 2.0347 2.19124 2.26 2.28998 2.30868 2.32839 2.32788 2.29601 2.28762 2.27028 2.18112 0.678774 -3.07838 -5.90641 -9999 -9999 -9999 -9999
-9999 -9999 -9999 5.27034 5.79473 5.93478 6.17585 6.6649 7.22689 8.02486 8.12332 8.55573 8.54509 7.64761 6.60518 7.48982 7.8341 8.19274 8.19496 8.07251 5.52424 4.19073 3.14407 1.24654 1.94748 2.6106 2.67148 2.28937 -0.010933 -2.30253 -4.93509 -7.4094 -7.52475 -8.85424 -8.14957 -7.21859 -4.82021 -3.1372 -2.46321 -1.98426 0.610378 1.27785 1.49014 2.14098 1.21213 0.962024 0.259378 0.445076 0.367276 0.353333 -1.56152 0.331544 0.424799 1.6458 2.18456 2.29695 2.31474 2.3363 2.32869 2.32398 2.30787 2.31119 2.28178 2.24608 1.26517 -3.48516 -5.87742 -9999 -9999 -9999 -9999
-9999 -9999 -9999 -9999 -9999 5.44133 5.84148 6.09793 6.53839 7.88801 8.24716 8.48222 8.49449 8.08671 7.05712 6.77546 6.94973 5.94353 6.76867 7.90354 7.87373 7.73751 5.49896 4.36381 5.48522 5.15896 3.48482 2.17026 0.872856 -1.81074 -3.76131 -6.59696 -8.72723 -8.80654 -6.45314 -4.49955 -2.07262 -1.00923 -1.63456 -0.986777 0.294012 1.74977 2.44436 2.25854 1.27972 1.12533 0.0509992 1.07065 1.14133 0.640542 0.20532 0.360876 0.954749 1.16978 2.12151 2.33915 2.36593 2.35829 2.34888 2.33292 2.31707 2.29153 2.27112 2.24759 2.19394 -2.68884 -6.4919 -9999 -9999 -9999 -9999
-9999 -9999 -9999 -9999 -9999 4.50344 4.74899 5.38635 7.01727 7.87195 8.21279 8.19489 8.34592 8.05516 7.1461 6.21274 5.33124 4.20041 4.83316 6.52338 7.52135 7.63711 5.67577 6.71214 6.33967 5.5965 3.40385 1.79176 0.943282 -1.63188 -3.82442 -5.70817 -8.31448 -7.19624 -5.96807 -4.39343 -1.74327 0.0383978 0.76107 0.127947 0.940407 2.61769 2.60926 1.66418 1.70596 1.12113 -0.34069 1.14338 1.54782 1.18876 1.25902 1.12095 1.32979 1.72677 2.10648 2.3539 2.37364 2.36333 2.34122 2.32892 2.31748 2.28788 2.27893 2.25515 2.22029 -0.935132 -6.56841 -9999 -9999 -9999 -9999
-9999 -9999 -9999 -9999 -9999 -9999 3.65454 5.10549 7.27014 7.80816 7.75519 8.19568 8.22575 7.78488 7.39935 6.26857 4.7283 1.78296 2.52261 4.0781 6.32661 7.51119 7.35708 6.71225 5.58045 2.82791 0.421487 0.141276 -0.241313 -2.11701 -3.80005 -5.89494 -4.67219 -3.33622 -1.87805 -1.11608 -1.32365 0.20153 1.44067 0.893368 1.89354 3.06218 2.50616 2.16955 1.88389 1.21093 1.1529 1.20259 2.03751 1.429 1.77384 1.772 1.73236 1.91594 2.13089 2.35861 2.3828 2.36866 2.35932 2.31847 2.31679 2.29167 2.26718 2.24413 2.21244 1.91744 -1.12279 -2.94338 -9999 -9999 -9999
-9999 -9999 -9999 -9999 -9999 -9999 2.31714 3.04174 5.60495 6.39703 7.52521 8.12001 8.13922 7.40214 6.9867 5.30774 4.75472 2.0291 0.793495 1.83195 1.43152 4.53143 7.27792 6.69411 1.1713 -0.820862 -2.23744 -1.85692 -1.8402 -2.35327 -5.2351 -6.02875 -3.42258 -1.78282 -0.515201 0.442616 0.634887 0.5902 2.53569 2.78185 3.40195 3.24596 3.28677 2.27881 1.64781 2.16204 1.52658 1.40284 2.26608 1.38007 2.1475 2.04423 1.78972 1.75913 2.25878 2.34682 2.38632 2.37429 2.3409 2.30208 2.27574 2.28119 2.26247 2.22311 2.21398 2.17521 1.80221 0.224162 -0.334628 0.261107 -9999
-9999 -9999 -9999 -9999 -9999 -9999 -9999 0.650359 4.21193 5.83949 6.69013 7.88745 8.02421 7.63202 6.91856 5.20853 3.70388 1.26661 -1.51334 -2.98228 1.41005 5.23597 7.23678 6.98689 2.39075 0.584216 0.512112 1.59534 0.704425 0.0311332 -2.15349 -2.80657 -3.71942 -3.15284 -1.38296 0.0546895 1.44004 2.44194 2.51047 3.15159 3.51653 3.53007 3.63032 3.49557 3.38208 2.40692 3.04819 2.47047 2.74968 2.54087 2.35094 2.19252 1.62787 1.99598 2.32063 2.39235 2.40081 2.3664 2.34827 2.3208 2.27596 2.25121 2.23762 2.22324 2.19468 2.18338 2.15329 1.96638 1.01226 -0.261242 -1.86717
-9999 -9999 -9999 -9999 -9999 -9999 -9999 -1.13031 2.41322 4.12115 6.31499 7.4429 7.8982 7.82619 7.24624 5.94448 3.99195 2.36484 -0.737125 -3.95535 0.653264 4.77056 6.99178 7.11618 3.25926 4.34263 3.4864 3.84776 2.27127 1.6224 1.12375 -0.0103856 -1.2535 -2.6123 -3.33941 -0.100854 1.55643 2.88561 3.50376 3.84492 4.00538 3.8965 3.6383 2.17944 3.25946 3.18061 3.05309 2.90978 2.83147 2.7004 2.54938 2.46117 2.41506 2.03489 2.42639 2.39709 2.38825 2.37625 2.35195 2.31819 2.28714 2.25193 2.23804 2.21729 2.19155 2.17024 2.15177 2.12847 2.06505 1.80305 -0.349709
-9999 -9999 -9999 -9999 -9999 -9999 -9999 -6.11196 -0.957138 3.19141 5.35024 7.11203 7.58624 7.75612 6.98292 6.40176 4.9996 3.6725 1.63206 -1.4182 -3.29603 0.157022 5.17833 7.0452 6.91342 6.80648 5.81328 4.91952 4.8152 4.89236 3.86272 2.3414 0.340569 -0.288916 -0.994052 1.4164 1.73548 1.54761 4.19074 4.18103 4.01261 2.97747 1.82862 2.02571 1.30953 1.82916 0.971441 1.72592 2.37597 2.60816 2.57069 2.47389 2.44118 2.38443 2.43291 2.41677 2.39082 2.36797 2.34947 2.32593 2.28152 2.25047 2.2481 2.21191 2.18262 2.16341 2.14762 2.1298 2.07951 2.03288 1.69201
-9999 -9999 -9999 -9999 -9999 -9999 -9999 -5.88728 -1.5486 2.12596 4.33654 6.44979 6.9326 7.63815 7.47286 6.86545 5.64593 4.12597 2.44567 -0.171865 -2.11658 0.191457 3.52687 5.91694 6.78397 6.79361 6.74404 6.52537 6.44583 6.18951 6.02331 4.92713 3.03151 1.9611 0.392941 3.07959 3.37288 2.94035 4.27094 4.18819 2.13888 0.55824 0.344936 1.28958 0.364169 0.184454 -0.389511 0.231144 1.92387 1.40274 1.48493 2.25331 2.36394 2.41999 2.42659 2.40628 2.38812 2.36083 2.34894 2.33711 2.29299 2.26515 2.24439 2.20106 2.17955 2.14538 2.11578 2.0999 2.06703 2.02324 1.91779
-9999 -9999 -9999 -9999 -9999 -9999 -9999 -5.80291 -2.88203 0.423786 3.67805 5.93557 6.8404 7.49601 7.47878 6.7752 6.16454 5.20885 3.72999 2.71502 0.95885 -1.44804 2.5847 3.82674 4.94085 5.41487 6.57249 6.5519 6.03214 5.45127 6.0224 5.85165 4.35395 3.8591 3.02323 4.51422 4.50867 4.45592 4.3625 2.63063 0.227788 -1.69701 -0.34186 -0.646768 -0.0232404 -1.99521 -0.411324 0.86386 1.26606 0.38167 -0.286448 1.72359 2.02968 2.21246 2.3244 2.39316 2.35853 2.36499 2.33919 2.31941 2.29903 2.2678 2.24331 2.21173 2.17977 2.1457 2.11823 2.08197 2.02902 2.01495 1.96597
-9999 -9999 -9999 -9999 -9999 -9999 -9999 -9999 -4.60743 -0.402414 3.33804 5.41656 6.71999 7.34998 7.32895 6.96497 6.54786 5.95248 4.88389 3.5448 1.43354 -0.132901 0.860282 2.07756 2.22414 3.03481 5.37747 6.18153 5.05529 2.28027 3.92938 5.77171 5.74066 5.58056 5.39989 5.17044 4.95849 4.50381 3.30275 -0.351977 -1.08637 -2.53097 -2.38584 -3.13606 -1.54103 -2.15833 -0.53203 0.163076 0.415082 -1.12135 -0.803646 0.952937 1.64403 1.51146 1.93065 2.33866 2.33793 2.33572 2.31106 2.30608 2.29546 2.27459 2.23284 2.20444 2.17972 2.12739 2.11601 1.96702 1.86609 1.67553 1.88471
-9999 -9999 -9999 -9999 -9999 -9999 -9999 -9999 -5.4296 -1.24696 3.15915 4.5685 5.97465 7.18667 7.2016 6.6509 6.12717 5.58871 4.97777 3.3547 1.78206 0.281977 -0.221559 0.0808457 0.0704264 1.37754 4.4263 5.01976 4.77197 1.86747 0.878702 3.33844 5.40415 5.56313 5.37012 2.92928 3.43869 2.11527 0.322653 -0.180824 -0.974724 -2.63708 -1.86056 -3.08349 -2.58321 -2.72609 -1.80991 -1.37174 -0.278325 -1.61921 -1.6162 0.106994 0.975764 0.982786 1.89642 2.21315 2.2859 2.29388 2.29571 2.28581 2.2864 2.26373 2.23587 2.20356 2.14505 2.0254 1.6815 -0.0930214 -0.103707 0.367314 0.813053
-9999 -9999 -9999 -9999 -9999 -9999 -9999 -9999 -4.94674 -2.0464 1.86228 4.7552 4.92951 6.33131 7.0508 6.4532 5.78178 5.09569 4.79264 3.02666 1.08852 -0.476915 -2.32811 -2.02369 -0.694785 1.49102 3.46023 3.81432 3.40993 1.8606 2.59962 4.27569 5.16351 5.42166 5.20877 4.6712 4.35593 3.37873 2.94797 1.59234 -0.521024 -1.36273 -0.854466 -3.09916 -2.9596 -2.15176 -3.03048 -1.60355 -0.929027 -2.65571 -1.31348 0.220842 0.997871 1.67575 1.98908 2.10546 2.29185 2.28315 2.28606 2.28124 2.26422 2.24992 2.20309 2.1618 1.96042 1.67032 0.0145759 -0.688192 -0.567109 0.179196 0.831667
-9999 -9999 -9999 -9999 -9999 -9999 -9999 -9999 -4.45285 -1.84252 1.54546 3.60586 3.96799 5.52367 6.90608 6.74285 6.0449 5.8277 5.10597 3.60739 1.95369 0.147648 -0.730902 -2.747 -0.763305 0.81909 2.48582 3.2662 1.99742 1.34997 2.4924 3.62718 4.07758 5.22142 5.20404 4.82179 3.19825 2.40069 2.72201 2.37129 1.76554 0.306234 0.22703 -0.71658 -1.11672 -1.49572 -2.6778 -1.94145 -1.88217 -1.70714 -0.0802545 0.710463 1.22972 1.70103 1.81387 2.01086 2.27104 2.28099 2.27665 2.26118 2.25199 2.21738 2.12476 2.04436 1.65369 0.973389 -0.283349 -2.31609 -0.910062 0.561219 0.978058
-9999 -9999 -9999 -9999 -9999 -9999 -9999 -9999 -4.9001 -2.12714 0.767147 1.97269 2.17084 4.99299 6.71797 6.71325 6.3786 5.9895 4.21577 4.31421 3.95624 2.32636 -0.0452171 -2.64874 -2.40567 -0.849708 1.35646 2.08446 -0.0261418 -0.780099 -0.229751 1.48682 3.02203 4.62414 5.02567 4.54596 2.02364 -0.657345 0.570143 1.88154 1.86119 1.45911 0.104531 -0.335898 -0.736366 -1.72966 -3.3998 -3.15997 -2.71547 -0.880547 -0.311718 0.57659 1.31197 1.01318 1.1637 1.86754 2.26527 2.26631 2.25921 2.25832 2.23434 2.19513 2.02496 1.84557 1.55444 -0.196102 -1.29009 -2.87443 -1.06736 -0.0689821 0.434659
-9999 -9999 -9999 -9999 -9999 -9999 -9999 -9999 -5.76207 -3.75205 -0.986261 0.123702 1.89867 4.56516 5.87272 6.49564 6.47449 6.2129 5.41523 4.93391 3.99148 2.29578 -0.0206373 -2.59446 -4.27013 -3.42017 -0.44804 0.250814 -1.69453 -2.69526 -1.4558 0.373193 3.0825 4.62727 4.82952 4.68104 4.15355 2.19343 -0.173602 -0.177569 0.991283 -0.0108182 -1.17395 -0.556496 -0.68841 -1.66919 -2.38692 -2.81665 -2.57884 -1.52682 -1.10739 -0.0788775 1.44734 1.65248 1.59326 2.22745 2.245 2.24538 2.25518 2.23973 2.21908 2.18486 2.0433 1.74446 0.574221 -0.448176 -1.86471 -2.05279 -0.446434 0.237856 0.876545
-9999 -9999 -9999 -9999 -9999 -9999 -9999 -9999 -7.24525 -4.87954 -2.28943 0.135166 2.42856 4.40129 4.54648 5.58348 5.57484 6.11534 5.95226 5.21294 4.41829 2.95651 -0.0185906 -2.5201 -5.24737 -4.53047 -1.50732 -1.08849 -2.40614 -4.83864 -2.3342 0.427338 2.92885 4.27954 3.20813 4.29016 4.19125 3.45037 2.0368 -0.155743 -0.12715 -1.77465 -1.85967 -1.03482 -0.77724 -0.932192 -1.4748 -2.33047 -2.2029 -1.56609 -1.42007 -0.476483 0.703567 1.8572 2.03799 2.24563 2.24 2.22862 2.23196 2.21949 2.18033 2.10568 1.95824 0.974759 -0.192099 -0.916709 -1.90838 -2.04193 -0.17906 0.533725 0.925411
