Test_Spring_2018b/11_17/Temp/20171111_011.txt
ncols	170
nrows	115
xllcorner	350000.000000
yllcorner	4445000.000000
cellsize	1000.000000
nodata_value	-9999.000000
[rows 32 to 63 of 115, columns 72 to 143 of 170]
14.1129 13.903 14.2306 14.5323 14.348 14.2235 14.7165 14.7177 14.5506 14.1562 14.0125 13.8635 13.7729 13.2666 11.8434 10.5604 11.25 11.2676 10.7928 11.6472 11.1972 10.0219 8.36241 9.26537 9.03105 7.85499 7.56413 -9999 -9999 -9999 -9999 -9999 -9999 -9999 -9999 -9999 -9999 -9999 -9999 -9999 -9999 -9999 -9999 -9999 -9999 -9999 -9999 -9999 -9999 -9999 -9999 -9999 -9999 -9999 -9999 -9999 -9999 -9999 -9999 -9999 -9999 -9999 -9999 -9999 -9999 -9999 -9999 -9999 -9999 -9999 -9999 -9999
13.8252 13.7359 14.2223 14.2135 14.1823 14.3542 14.66 14.7224 14.658 14.4868 14.3388 14.1813 13.7794 13.2 11.9822 10.5216 10.1914 10.9082 10.9438 11.0599 10.65 10.1348 9.32827 9.99014 10.2475 9.4748 8.46161 7.80771 -9999 -9999 -9999 -9999 -9999 -9999 -9999 -9999 -9999 -9999 -9999 -9999 -9999 -9999 -9999 -9999 -9999 -9999 -9999 -9999 -9999 -9999 -9999 -9999 -9999 -9999 -9999 -9999 -9999 -9999 -9999 -9999 -9999 -9999 -9999 -9999 -9999 -9999 -9999 -9999 -9999 -9999 -9999 -9999
13.483 13.0141 13.3079 13.5288 13.9306 14.035 14.0971 14.6769 14.6476 14.6221 14.3765 14.1804 13.8545 13.2969 12.5023 11.5454 9.87798 10.9084 11.7154 11.696 11.653 11.2925 10.5177 11.1675 11.1987 10.2104 9.08244 8.42161 8.14891 -9999 -9999 -9999 -9999 -9999 -9999 -9999 -9999 -9999 -9999 -9999 -9999 -9999 -9999 -9999 -9999 -9999 -9999 -9999 -9999 -9999 -9999 -9999 -9999 -9999 -9999 -9999 -9999 -9999 -9999 -9999 -9999 -9999 -9999 -9999 -9999 -9999 -9999 -9999 -9999 -9999 -9999 -9999
13.0948 12.5217 12.8174 13.2113 13.7623 14.0464 14.2653 14.4395 14.6172 14.5976 14.3461 13.6006 13.4954 13.4645 12.9453 11.8542 10.7644 10.4831 11.7137 12.0668 11.9964 12.272 11.6159 11.9273 11.8008 11.4504 10.3663 9.37987 8.97273 8.16726 -9999 -9999 -9999 -9999 -9999 -9999 -9999 -9999 -9999 -9999 -9999 -9999 -9999 -9999 -9999 -9999 -9999 -9999 -9999 -9999 -9999 -9999 -9999 -9999 -9999 -9999 -9999 -9999 -9999 -9999 -9999 -9999 -9999 -9999 -9999 -9999 -9999 -9999 -9999 -9999 -9999 -9999
-9999 -9999 12.157 12.6888 13.13 13.6715 14.139 14.3744 14.6031 14.586 14.0818 13.8359 13.8156 13.4759 12.8763 12.5005 11.815 11.1007 11.3756 12.4252 11.9603 12.7041 12.6423 12.7796 12.284 11.339 10.0847 9.35147 8.98725 8.33465 -9999 -9999 -9999 -9999 -9999 -9999 -9999 -9999 -9999 -9999 -9999 -9999 -9999 -9999 -9999 -9999 -9999 -9999 -9999 -9999 -9999 -9999 -9999 -9999 -9999 -9999 -9999 -9999 -9999 -9999 -9999 -9999 -9999 -9999 -9999 -9999 -9999 -9999 -9999 -9999 -9999 -9999
-9999 -9999 -9999 12.5862 12.9221 13.6473 14.0204 14.1735 14.5416 14.5435 14.3532 14.2099 14.0014 13.7288 13.2786 12.7817 12.1371 12.0789 12.751 12.7608 12.6221 12.7334 13.079 12.9891 12.2206 10.8918 10.1916 8.76803 8.15885 8.22219 7.79075 -9999 -9999 -9999 -9999 -9999 -9999 -9999 -9999 -9999 -9999 -9999 -9999 9.47612 -9999 -9999 -9999 -9999 -9999 -9999 -9999 -9999 -9999 -9999 -9999 -9999 -9999 -9999 -9999 -9999 -9999 -9999 -9999 -9999 6.93802 -9999 -9999 -9999 -9999 -9999 -9999 -9999
-9999 -9999 12.5187 12.9653 13.3186 13.7736 13.8179 14.0881 14.511 14.5182 14.3835 14.2312 13.8874 13.8033 13.5476 13.0081 12.899 13.1201 13.2228 13.3389 13.411 13.3551 13.2168 13.0374 12.538 11.9236 11.5114 10.2119 9.5536 8.92477 7.97273 7.22826 -9999 -9999 -9999 -9999 -9999 -9999 -9999 8.96112 8.92894 8.94921 9.16165 9.74209 9.40653 -9999 -9999 -9999 -9999 -9999 -9999 -9999 -9999 -9999 -9999 -9999 -9999 -9999 -9999 -9999 -9999 -9999 -9999 -9999 7.45547 6.70829 -9999 -9999 -9999 -9999 -9999 -9999
-9999 -9999 12.63 13.1071 13.346 13.7879 14.0412 14.2057 14.3529 14.4936 14.4711 14.3023 14.0452 14.0482 13.6937 13.5034 13.3681 13.6666 13.7271 13.6098 13.4622 13.3317 12.9596 12.9174 12.792 12.4023 11.7619 11.1019 10.1488 8.85581 7.5879 6.56548 -9999 -9999 -9999 -9999 -9999 -9999 9.06045 9.54294 9.83351 9.2266 9.75183 10.2322 10.1598 9.69856 -9999 -9999 -9999 -9999 -9999 -9999 -9999 -9999 -9999 -9999 -9999 -9999 -9999 -9999 10.9966 10.2305 8.67967 7.88638 7.41177 6.73274 -9999 -9999 -9999 -9999 -9999 -9999
-9999 -9999 12.5313 13.0945 13.4764 13.8154 13.8704 14.2169 14.368 14.4439 14.4359 14.4033 14.3568 14.0475 13.9153 13.4474 13.8986 13.8836 13.7718 13.3236 13.1302 12.3589 12.0201 11.9409 12.5917 12.1119 11.1092 9.85555 8.34791 8.25141 7.75338 6.83945 -9999 -9999 -9999 -9999 -9999 -9999 9.20361 9.71963 10.1512 10.2173 9.61441 10.4654 10.4343 9.96431 9.86053 10.2527 10.4532 10.3098 10.7793 10.9182 10.7117 10.944 -9999 -9999 -9999 -9999 11.0938 11.1277 11.1542 10.8367 9.1423 7.98612 6.94825 6.85498 -9999 -9999 -9999 -9999 -9999 -9999
-9999 -9999 12.9159 13.2633 13.4396 13.4691 13.7732 14.0759 14.2625 14.3965 14.3702 14.3603 14.3498 14.245 13.9997 14.046 14.028 13.8859 13.0309 12.0326 12.4703 11.8804 10.6072 11.641 12.2092 11.6653 10.45 9.04066 8.5781 8.59867 7.90561 7.01256 -9999 -9999 -9999 7.78767 8.52405 8.59076 8.81038 9.49761 10.0215 10.4189 10.69 10.6828 10.4065 9.94697 9.44701 9.63036 10.5404 10.7648 10.9563 11.1001 10.9085 11.0119 11.2568 11.3846 11.4126 11.3581 11.3477 11.3703 11.3443 11.0482 9.53403 8.66828 8.1172 7.00818 -9999 -9999 -9999 -9999 -9999 -9999
-9999 -9999 12.6918 12.9941 13.239 13.6435 13.6873 13.9441 14.0959 14.3223 14.3487 14.0857 14.3053 14.2787 14.2396 14.1548 14.03 13.3086 12.3136 11.3161 10.8565 11.0518 10.2883 10.6819 11.2574 11.0503 10.3027 9.047 8.86995 8.5767 7.41216 6.29009 -9999 -9999 6.35699 7.76719 8.76122 9.27561 9.43739 9.4563 10.1156 10.1712 10.8809 10.7173 9.78967 9.89877 9.5418 9.78089 10.1163 10.2109 10.6921 11.1571 11.2468 11.2515 11.4083 11.4425 11.4532 11.4517 11.3497 11.4003 11.4105 11.227 10.13 9.59672 9.00871 7.01877 -9999 -9999 -9999 -9999 -9999 -9999
-9999 -9999 12.839 13.1764 13.5457 13.6064 13.8802 13.8553 13.7777 14.1588 14.2988 14.1134 13.9805 14.2295 14.2141 14.1832 14.1312 13.4535 12.669 11.4801 10.7419 10.2883 9.96797 9.53758 9.83326 9.74318 9.6222 9.7614 9.41778 8.72742 8.04479 6.76861 6.07804 -9999 6.42813 7.06549 8.24725 9.25246 9.89213 9.66716 10.4165 10.559 10.9909 10.7429 10.182 9.9424 9.92492 9.85459 10.3604 10.7035 10.9449 11.1073 11.31 11.3631 11.4162 11.4398 11.4537 11.4678 11.4678 11.4665 11.4471 11.38 10.8773 10.3448 9.19107 7.08201 -9999 -9999 -9999 -9999 -9999 -9999
-9999 11.8565 12.7972 13.3622 13.5815 13.74 13.8798 13.9813 14.0869 14.1881 14.2572 14.2292 13.7367 13.7786 13.8692 14.1515 14.1337 14.0744 13.6465 12.1994 11.6983 10.966 10.019 9.62342 9.82173 10.5988 10.5641 10.0495 9.47594 8.6817 8.17837 7.39501 5.89232 6.02818 6.70668 7.21243 8.01633 9.24446 10.1068 10.494 10.643 10.9473 11.1087 10.767 10.4433 10.3094 10.0573 10.0254 10.0314 10.3386 10.5785 11.11 11.29 11.3747 11.4185 11.4431 11.4616 11.4799 11.4879 11.4805 11.4838 11.4827 11.4485 10.7389 8.95933 7.6216 -9999 -9999 -9999 -9999 -9999 -9999
-9999 -9999 12.6201 12.8691 12.935 13.0494 13.2828 13.5518 13.9318 13.982 14.1927 14.194 13.7699 13.28 13.7101 13.8823 14.0608 14.0684 14.0152 12.7966 12.1608 11.6601 10.7519 11.0802 11.3918 11.4155 11.2275 10.1241 9.02519 7.75671 6.57325 6.51676 5.88073 6.21895 6.66746 7.81792 8.62868 8.95945 9.19841 10.4479 10.7747 10.8902 11.2135 10.7833 10.6789 10.3569 10.4586 10.4345 10.4407 9.53968 10.4514 10.5088 11.1039 11.374 11.4375 11.4563 11.4762 11.4814 11.4873 11.4872 11.496 11.4899 11.4837 11.0238 8.76548 7.63556 -9999 -9999 -9999 -9999 -9999 -9999
-9999 -9999 -9999 -9999 12.6978 12.8878 13.01 13.2208 13.864 14.0387 14.1553 14.1669 13.9791 13.4947 13.3686 13.46 12.9875 13.3867 13.9311 13.9189 13.8541 12.7843 12.2373 12.7679 12.6068 11.8019 11.1683 10.5429 9.25627 8.31293 6.95657 5.93821 5.90019 7.02486 7.95999 9.12411 9.63934 9.35031 9.67011 10.2919 10.9987 11.3428 11.2673 10.8136 10.7552 10.2562 10.7562 10.8032 10.5774 10.3826 10.4657 10.7621 10.8773 11.3434 11.4584 11.4816 11.4874 11.4917 11.4922 11.4921 11.4893 11.4875 11.4843 11.4669 9.14549 7.34232 -9999 -9999 -9999 -9999 -9999 -9999
-9999 -9999 -9999 -9999 12.2483 12.3644 12.6682 13.4471 13.8542 14.0202 14.0163 14.0943 13.9625 13.5365 13.0993 12.6871 12.1547 12.4624 13.2728 13.751 13.8062 12.8685 13.3573 13.1747 12.8143 11.7617 10.9857 10.5741 9.33884 8.27989 7.37748 6.13174 6.66499 7.25262 8.00766 9.27785 10.1359 10.4904 10.1985 10.5977 11.4105 11.4194 10.9818 11.0154 10.7518 10.0681 10.79 10.9965 10.8384 10.885 10.8282 10.941 11.1431 11.3362 11.4655 11.4852 11.4898 11.488 11.4901 11.4931 11.487 11.4907 11.4875 11.4792 9.98217 7.30568 -9999 -9999 -9999 -9999 -9999 -9999
-9999 -9999 -9999 -9999 -9999 11.84 12.5321 13.5657 13.8219 13.8001 14.0151 14.0355 13.8322 13.6562 13.125 12.3983 11.0003 11.359 12.1051 13.1799 13.745 13.6695 13.3561 12.811 11.4917 10.337 10.1964 10.0071 9.10551 8.28969 7.2865 7.86786 8.505 9.20239 9.56965 9.47639 10.212 10.8127 10.5621 11.0511 11.6212 11.3689 11.2218 11.0992 10.7937 10.7799 10.8174 11.2294 10.9524 11.13 11.1383 11.1325 11.2327 11.3472 11.467 11.4889 11.4916 11.4958 11.4846 11.4919 11.488 11.4844 11.4817 11.4751 11.3431 9.90402 9.04487 -9999 -9999 -9999 -9999 -9999
-9999 -9999 -9999 -9999 -9999 11.1997 11.5454 12.7694 13.1469 13.6889 13.9777 13.993 13.6484 13.4573 12.6646 12.4091 11.1159 10.5316 11.031 10.8417 12.3208 13.6295 13.3453 10.7051 9.74878 9.06655 9.24157 9.24298 8.99189 7.60419 7.22214 8.46384 9.24609 9.85268 10.3135 10.4109 10.3974 11.3352 11.4629 11.7704 11.7084 11.7409 11.2734 10.9859 11.2469 10.9575 10.9122 11.3377 10.9282 11.3074 11.2671 11.1588 11.1567 11.4069 11.46 11.4891 11.4931 11.4858 11.4756 11.4712 11.482 11.4814 11.4711 11.4754 11.4658 11.2996 10.5563 10.2994 10.5934 -9999 -9999 -9999
-9999 -9999 -9999 -9999 -9999 -9999 10.4023 12.103 12.8793 13.2891 13.8655 13.9369 13.7535 13.4219 12.6147 11.9049 10.7491 9.42838 8.73019 10.8279 12.6536 13.6066 13.482 11.2844 10.4171 10.3769 10.8878 10.4566 10.1296 9.07492 8.7604 8.32331 8.5938 9.43816 10.1295 10.7966 11.2825 11.3246 11.6413 11.8258 11.8445 11.9051 11.854 11.8134 11.3635 11.6832 11.421 11.5676 11.4811 11.4033 11.3365 11.0799 11.2679 11.4345 11.4797 11.4953 11.4879 11.4878 11.4831 11.4701 11.4667 11.4687 11.4705 11.4658 11.4695 11.4671 11.3877 10.9421 10.3442 9.58743 -9999 -9999
-9999 -9999 -9999 -9999 -9999 -9999 9.55049 11.243 12.0579 13.1088 13.6489 13.8695 13.8434 13.5752 12.9625 12.0386 11.2691 9.79451 8.26299 10.4653 12.4271 13.4857 13.5423 11.6958 12.2081 11.7945 11.9617 11.2042 10.8896 10.6398 10.0964 9.50224 8.85088 8.50838 10.0582 10.8551 11.4971 11.8013 11.9746 12.0627 12.0211 11.9099 11.2266 11.7552 11.7327 11.6852 11.6301 11.6059 11.5562 11.4967 11.4629 11.4536 11.2843 11.4835 11.4823 11.4876 11.4909 11.4881 11.4805 11.4742 11.466 11.4697 11.4672 11.464 11.4631 11.4664 11.4651 11.4447 11.3294 10.3117 9.70442 9.53808
-9999 -9999 -9999 -9999 -9999 -9999 7.17112 9.63295 11.6077 12.6427 13.4842 13.7178 13.8068 13.4459 13.1766 12.5149 11.8882 10.9199 9.46845 8.57497 10.2244 12.62 13.5043 13.436 13.3813 12.9031 12.4723 12.4182 12.4511 11.9483 11.2154 10.2611 9.96453 9.63121 10.786 10.9444 10.8624 12.1326 12.1382 12.069 11.5871 11.0487 11.1555 10.8253 11.0881 10.6918 11.0648 11.3878 11.5111 11.5056 11.4671 11.4651 11.4498 11.4877 11.49 11.4872 11.4854 11.4855 11.483 11.4705 11.4645 11.4723 11.4664 11.4621 11.4599 11.4647 11.4661 11.4519 11.4394 11.2862 11.0539 10.6086
-9999 -9999 -9999 -9999 -9999 -9999 7.27055 9.33977 11.0972 12.1503 13.1651 13.4025 13.7467 13.6755 13.3932 12.8182 12.0991 11.3025 10.0574 9.13212 10.2348 11.8269 12.9661 13.3749 13.3724 13.3455 13.2378 13.1906 13.0654 12.9749 12.4516 11.5505 11.042 10.2972 11.584 11.7302 11.5313 12.175 12.1453 11.1782 10.4355 10.3458 10.8056 10.3767 10.3057 10.0424 10.3512 11.1713 10.9363 10.9876 11.3612 11.4261 11.4693 11.483 11.4834 11.4843 11.4806 11.4839 11.4872 11.4751 11.4709 11.4701 11.4588 11.461 11.4546 11.4533 11.4523 11.4465 11.4353 11.3945 11.3488 11.4053
-9999 -9999 -9999 -9999 -9999 -9999 7.30685 8.7007 10.2824 11.8328 12.9162 13.3547 13.6747 13.6737 13.345 13.0602 12.61 11.9093 11.4289 10.5937 9.44688 11.3718 11.9641 12.4916 12.7106 13.26 13.2471 12.9962 12.704 12.9761 12.8978 12.1849 11.9515 11.5565 12.2731 12.2767 12.2589 12.2229 11.406 10.2697 9.36225 10.0204 9.88682 10.1928 9.26618 10.0357 10.6567 10.861 10.4481 10.141 11.1065 11.2706 11.3689 11.4328 11.4757 11.4689 11.4814 11.4783 11.478 11.4774 11.4718 11.4695 11.4639 11.4584 11.4554 11.4553 11.4482 11.4378 11.4409 11.4225 11.417 11.4138
-9999 -9999 -9999 -9999 -9999 -9999 -9999 7.87264 9.87452 11.6648 12.6626 13.2911 13.5986 13.5954 13.4283 13.2354 12.9568 12.4516 11.8163 10.8115 10.0656 10.5402 11.1205 11.1867 11.5719 12.6878 13.0695 12.5303 11.1935 11.9831 12.8633 12.8506 12.7772 12.6951 12.5904 12.4956 12.286 11.7212 9.98643 9.64636 8.96767 9.04807 8.70162 9.47044 9.19001 9.97824 10.3221 10.4544 9.73304 9.88989 10.7476 11.0886 11.0362 11.2466 11.4485 11.458 11.4665 11.4642 11.4712 11.4755 11.4749 11.4679 11.4643 11.4626 11.4521 11.4599 11.3992 11.3612 11.2801 11.3894 11.4035 11.4167
-9999 -9999 -9999 -9999 -9999 -9999 -9999 7.46656 9.46715 11.575 12.2534 12.9306 13.5154 13.529 13.2725 13.0284 12.7768 12.4898 11.7191 10.9715 10.2577 10.0186 10.1634 10.1551 10.778 12.2318 12.5141 12.395 10.9994 10.5288 11.7044 12.6928 12.7722 12.6846 11.5253 11.7747 11.1505 10.3033 10.0719 9.70273 8.9197 9.30092 8.72843 8.97848 8.91962 9.36861 9.5895 10.123 9.49466 9.50082 10.3432 10.769 10.7832 11.2296 11.3909 11.4355 11.449 11.4595 11.4644 11.4744 11.4733 11.47 11.4646 11.4469 11.4001 11.2511 10.4177 10.4227 10.6574 10.8797 11.2831 11.4008
-9999 -9999 -9999 -9999 -9999 -9999 -9999 7.69208 9.08093 10.9514 12.3376 12.4268 13.1019 13.4514 13.1722 12.8574 12.5352 12.3951 11.5562 10.6345 9.88995 9.00832 9.15467 9.78935 10.8291 11.7687 11.9375 11.7447 10.9963 11.3509 12.1532 12.5801 12.7073 12.6105 12.3597 12.2157 11.7566 11.5591 10.9209 9.9218 9.53001 9.78283 8.72238 8.79991 9.19651 8.78625 9.47864 9.81195 8.99934 9.65326 10.397 10.779 11.1133 11.2734 11.3392 11.4382 11.4439 11.4552 11.4627 11.4644 11.4675 11.4552 11.4457 11.3599 11.2318 10.452 10.1354 10.2034 10.5695 10.8906 11.2315 11.371
-9999 -9999 -9999 -9999 -9999 -9999 -9999 7.92257 9.17317 10.7952 11.784 11.9627 12.711 13.3766 13.3045 12.9769 12.8783 12.5385 11.8273 11.0416 10.1826 9.76555 8.80518 9.75296 10.5053 11.3013 11.6744 11.0592 10.7523 11.3001 11.8447 12.0633 12.6136 12.6104 12.4339 11.6657 11.2924 11.4536 11.2948 11.0148 10.328 10.3002 9.86033 9.68002 9.51 8.95447 9.31712 9.35665 9.46019 10.2414 10.6303 10.8893 11.1251 11.1896 11.2941 11.4284 11.4433 11.4512 11.4538 11.4594 11.453 11.419 11.3909 11.2148 10.9006 10.3113 9.36062 10.0418 10.754 10.9722 11.1845 11.2951
-9999 -9999 -9999 -9999 -9999 -9999 -9999 7.70377 9.03211 10.4186 10.9995 11.0998 12.4523 13.2812 13.2846 13.1303 12.9496 12.1079 12.159 11.9918 11.2171 10.0881 8.8479 8.96564 9.70779 10.7599 11.1086 10.0923 9.73518 10.0009 10.8236 11.5603 12.3295 12.5265 12.3036 11.1067 9.83468 10.4283 11.0624 11.0617 10.8792 10.2426 10.0426 9.8619 9.39855 8.61403 8.73531 8.95855 9.84767 10.1309 10.5663 10.9285 10.7969 10.8795 11.2259 11.4261 11.4369 11.4437 11.4534 11.4521 11.4436 11.3727 11.2974 11.169 10.3441 9.83264 9.09016 9.96909 10.4558 10.7226 11.186 11.2993
-9999 -9999 -9999 -9999 -9999 -9999 -9999 7.28697 8.2514 9.57664 10.1119 10.9646 12.2427 12.8724 13.1752 13.1704 13.0507 12.6748 12.4494 12.0035 11.1978 10.0954 8.86981 8.07242 8.47993 9.89615 10.2328 9.29449 8.82008 9.41502 10.2917 11.589 12.3311 12.4332 12.3685 12.1236 11.1955 10.0739 10.0804 10.647 10.1781 9.63276 9.93741 9.88477 9.42729 9.0955 8.89867 9.03275 9.53926 9.7512 10.2536 10.9932 11.1022 11.0849 11.3982 11.4171 11.4277 11.4427 11.4456 11.4461 11.4401 11.3829 11.2508 10.7029 10.2256 9.56036 9.48129 10.2679 10.6146 10.9369 11.1662 11.2433
-9999 -9999 -9999 -9999 -9999 -9999 -9999 6.57374 7.70803 8.94953 10.1121 11.2122 12.1593 12.2342 12.7346 12.7359 12.999 12.926 12.5776 12.2025 11.5087 10.0923 8.9015 7.60265 7.94701 9.39036 9.57855 8.95294 7.79563 8.99444 10.3164 11.5147 12.1644 11.6588 12.1814 12.1411 11.7949 11.1283 10.0904 10.1129 9.33604 9.30513 9.70873 9.84194 9.77853 9.53032 9.13435 9.21196 9.52053 9.6021 10.0641 10.6386 11.2004 11.2977 11.4077 11.4157 11.4208 11.4328 11.4373 11.429 11.4038 11.3439 10.8852 10.339 10.004 9.54158 9.48872 10.3912 10.7589 10.9638 11.1624 11.243
-9999 -9999 -9999 -9999 -9999 -9999 -9999 -9999 7.58563 8.86808 9.81754 10.0746 10.9165 11.372 11.7249 11.8046 12.8082 12.8653 12.6453 12.301 11.7096 10.6353 9.88734 8.64169 7.74677 8.11896 8.28994 8.62128 8.52601 9.06173 10.3321 11.6556 11.8019 10.9645 11.0911 11.2691 11.6652 11.4681 10.0531 9.33555 8.74058 9.16836 9.61833 9.7297 9.75466 9.67184 9.58105 9.41477 10.0162 10.4621 10.5683 10.9575 11.2457 11.3278 11.3905 11.4013 11.4121 11.4156 11.4024 11.3938 11.3258 11.1692 10.6557 9.41589 9.47757 9.34675 8.9637 9.8455 10.4104 10.908 11.1742 11.2456
-9999 -9999 -9999 -9999 -9999 -9999 -9999 -9999 7.15296 8.63643 8.95115 8.92965 8.44086 8.66853 10.4891 10.8573 11.8199 12.7315 12.6666 12.329 11.7759 11.137 10.1467 8.74566 7.63275 7.16237 8.36516 9.54511 9.79025 10.1683 10.9474 11.0971 10.2412 9.43879 9.89275 10.1672 11.2064 11.3982 11.1994 10.348 9.37424 8.86746 9.47247 9.55616 9.59559 9.60611 9.59401 9.57421 10.2544 10.631 10.8932 11.0377 11.2856 11.3517 11.3751 11.3974 11.3964 11.3872 11.352 11.3115 11.1217 10.8912 10.0479 9.3455 8.90892 8.3538 9.6171 9.99817 10.5257 10.8678 11.1326 11.1935
