Test_Spring_2018b/11_17/Temp/20171119_018.txt
ncols	170
nrows	115
xllcorner	350000.000000
yllcorner	4445000.000000
cellsize	1000.000000
nodata_value	-9999.000000
[rows 32 to 63 of 115, columns 72 to 143 of 170]
11.3356 11.0229 11.5067 11.9522 11.6873 11.511 12.2439 12.2445 11.9954 11.4095 11.1949 10.9725 10.8364 10.0847 7.97431 6.07197 7.09254 7.11768 6.41361 7.67928 7.01269 5.27175 2.81363 4.15249 3.8065 2.07473 1.65041 -9999 -9999 -9999 -9999 -9999 -9999 -9999 -9999 -9999 -9999 -9999 -9999 -9999 -9999 -9999 -9999 -9999 -9999 -9999 -9999 -9999 -9999 -9999 -9999 -9999 -9999 -9999 -9999 -9999 -9999 -9999 -9999 -9999 -9999 -9999 -9999 -9999 -9999 -9999 -9999 -9999 -9999 -9999 -9999 -9999
10.9202 10.786 11.5049 11.4902 11.45 11.7152 12.1709 12.2621 12.1654 11.9102 11.6894 11.4545 10.8575 9.99743 8.19144 6.02603 5.5356 6.59677 6.64874 6.82038 6.21301 5.44989 4.25532 5.23673 5.61905 4.48068 2.99002 2.03086 -9999 -9999 -9999 -9999 -9999 -9999 -9999 -9999 -9999 -9999 -9999 -9999 -9999 -9999 -9999 -9999 -9999 -9999 -9999 -9999 -9999 -9999 -9999 -9999 -9999 -9999 -9999 -9999 -9999 -9999 -9999 -9999 -9999 -9999 -9999 -9999 -9999 -9999 -9999 -9999 -9999 -9999 -9999 -9999
10.4239 9.72716 10.1606 10.4862 11.0961 11.2564 11.3474 12.2053 12.1606 12.1215 11.7562 11.4642 10.9799 10.1522 8.9735 7.55425 5.08256 6.6082 7.80319 7.77389 7.70992 7.17577 6.0282 6.99147 7.03846 5.58558 3.92866 2.95027 2.54678 -9999 -9999 -9999 -9999 -9999 -9999 -9999 -9999 -9999 -9999 -9999 -9999 -9999 -9999 -9999 -9999 -9999 -9999 -9999 -9999 -9999 -9999 -9999 -9999 -9999 -9999 -9999 -9999 -9999 -9999 -9999 -9999 -9999 -9999 -9999 -9999 -9999 -9999 -9999 -9999 -9999 -9999 -9999
9.85923 9.00818 9.44433 10.0262 10.8509 11.2804 11.6069 11.864 12.1261 12.0959 11.722 10.6162 10.4588 10.4117 9.64099 8.02285 6.40692 5.98909 7.81146 8.33401 8.22921 8.63745 7.66561 8.12746 7.94067 7.42821 5.83549 4.37997 3.77733 2.58429 -9999 -9999 -9999 -9999 -9999 -9999 -9999 -9999 -9999 -9999 -9999 -9999 -9999 -9999 -9999 -9999 -9999 -9999 -9999 -9999 -9999 -9999 -9999 -9999 -9999 -9999 -9999 -9999 -9999 -9999 -9999 -9999 -9999 -9999 -9999 -9999 -9999 -9999 -9999 -9999 -9999 -9999
-9999 -9999 8.47616 9.27173 9.92772 10.735 11.4302 11.778 12.1158 12.0894 11.3412 10.9755 10.9442 10.4394 9.54951 8.99136 7.97426 6.91465 7.32094 8.87533 8.18592 9.28783 9.19641 9.40038 8.66669 7.2815 5.42791 4.34782 3.8089 2.84249 -9999 -9999 -9999 -9999 -9999 -9999 -9999 -9999 -9999 -9999 -9999 -9999 -9999 -9999 -9999 -9999 -9999 -9999 -9999 -9999 -9999 -9999 -9999 -9999 -9999 -9999 -9999 -9999 -9999 -9999 -9999 -9999 -9999 -9999 -9999 -9999 -9999 -9999 -9999 -9999 -9999 -9999
-9999 -9999 -9999 9.1298 9.62979 10.7034 11.2646 11.4906 12.0351 12.037 11.7539 11.5403 11.2301 10.8248 10.1561 9.41841 8.46184 8.37424 9.36889 9.38249 9.17642 9.34117 9.85335 9.72064 8.58814 6.62849 5.59234 3.49331 2.59164 2.68621 2.04741 -9999 -9999 -9999 -9999 -9999 -9999 -9999 -9999 -9999 -9999 -9999 -9999 4.5215 -9999 -9999 -9999 -9999 -9999 -9999 -9999 -9999 -9999 -9999 -9999 -9999 -9999 -9999 -9999 -9999 -9999 -9999 -9999 -9999 0.721302 -9999 -9999 -9999 -9999 -9999 -9999 -9999
-9999 -9999 9.03239 9.70464 10.2272 10.9007 10.9709 11.374 12 12.0097 11.8091 11.5823 11.0716 10.9455 10.5651 9.76398 9.60079 9.92677 10.0777 10.2487 10.3548 10.2718 10.067 9.80181 9.07578 8.16686 7.55763 5.63712 4.66839 3.73769 2.32781 1.2251 -9999 -9999 -9999 -9999 -9999 -9999 -9999 3.77982 3.72919 3.75623 4.068 4.92509 4.4251 -9999 -9999 -9999 -9999 -9999 -9999 -9999 -9999 -9999 -9999 -9999 -9999 -9999 -9999 -9999 -9999 -9999 -9999 -9999 1.49576 0.386186 -9999 -9999 -9999 -9999 -9999 -9999
-9999 -9999 9.21822 9.92424 10.2775 10.9318 11.3066 11.5582 11.7757 11.9834 11.9491 11.6979 11.3156 11.3184 10.7915 10.5077 10.3054 10.746 10.8341 10.6592 10.4398 10.2461 9.69511 9.63338 9.46124 8.8855 7.93861 6.96269 5.5605 3.64614 1.76856 0.254279 -9999 -9999 -9999 -9999 -9999 -9999 3.94072 4.65252 5.07979 4.17727 4.95221 5.66085 5.55048 4.87519 -9999 -9999 -9999 -9999 -9999 -9999 -9999 -9999 -9999 -9999 -9999 -9999 -9999 -9999 6.76135 5.6232 3.32263 2.14453 1.43872 0.43017 -9999 -9999 -9999 -9999 -9999 -9999
-9999 -9999 9.0809 9.91476 10.4802 10.9821 11.0636 11.5803 11.8079 11.9197 11.907 11.8575 11.7872 11.3271 11.1295 10.4342 11.1006 11.0764 10.9093 10.2439 9.95662 8.81357 8.31201 8.20708 9.17318 8.46443 6.98126 5.12629 2.90031 2.76133 2.02481 0.671586 -9999 -9999 -9999 -9999 -9999 -9999 4.16389 4.92504 5.56084 5.65521 4.75838 6.01588 5.9768 5.27742 5.12086 5.69926 5.99367 5.78397 6.47796 6.68072 6.37177 6.71297 -9999 -9999 -9999 -9999 6.91907 6.96624 7.00237 6.52909 4.01568 2.29991 0.759596 0.621803 -9999 -9999 -9999 -9999 -9999 -9999
-9999 -9999 9.65953 10.1738 10.4348 10.4786 10.9293 11.3813 11.6612 11.8632 11.823 11.8067 11.7894 11.6321 11.2665 11.3327 11.3037 11.0911 9.82269 8.34226 8.9902 8.11302 6.23327 7.77083 8.61489 7.81172 6.01412 3.92903 3.25195 3.28658 2.26151 0.941644 -9999 -9999 -9999 2.08716 3.17581 3.2717 3.59372 4.60827 5.38065 5.96397 6.36179 6.35471 5.94398 5.26012 4.51651 4.7855 6.13124 6.46124 6.74825 6.95828 6.67144 6.822 7.18174 7.36785 7.40599 7.32207 7.30345 7.3337 7.29202 6.85036 4.60359 3.31816 2.49913 0.856562 -9999 -9999 -9999 -9999 -9999 -9999
-9999 -9999 9.3395 9.78703 10.1499 10.7514 10.8165 11.1971 11.425 11.7625 11.8004 11.4091 11.7326 11.6907 11.6303 11.5022 11.3147 10.2437 8.76768 7.28836 6.60669 6.90126 5.77117 6.35996 7.21534 6.90938 5.80912 3.95205 3.69297 3.26609 1.54369 -0.117599 -9999 -9999 -0.0192828 2.0683 3.53852 4.29747 4.53348 4.55748 5.53012 5.60832 6.65586 6.41605 5.03996 5.19853 4.66522 5.01679 5.51222 5.64995 6.36457 7.05122 7.18102 7.1848 7.41395 7.46133 7.47377 7.46823 7.31379 7.38552 7.39753 7.12271 5.49437 4.70163 3.83012 0.879824 -9999 -9999 -9999 -9999 -9999 -9999
-9999 -9999 9.57046 10.0706 10.618 10.7083 11.1141 11.075 10.9629 11.5271 11.7355 11.4591 11.2599 11.6262 11.6007 11.5521 11.4723 10.4659 9.30152 7.53862 6.44433 5.77697 5.30385 4.67607 5.11727 4.98722 4.81156 5.02141 4.51499 3.50002 2.49107 0.602471 -0.419986 -9999 0.0975215 1.03992 2.78811 4.27402 5.21779 4.88013 5.98583 6.19258 6.83366 6.4625 5.62947 5.27232 5.24351 5.13653 5.88329 6.388 6.74706 6.98466 7.28256 7.35793 7.43337 7.46491 7.48212 7.4996 7.49619 7.491 7.45904 7.35664 6.60896 5.81927 4.10749 0.980828 -9999 -9999 -9999 -9999 -9999 -9999
-9999 8.11755 9.51655 10.3541 10.6796 10.915 11.1225 11.273 11.4321 11.5797 11.6809 11.6392 10.907 10.9663 11.0975 11.5127 11.4834 11.393 10.7569 8.61155 7.87197 6.79154 5.3906 4.81064 5.10808 6.26335 6.21607 5.45774 4.61193 3.44288 2.69967 1.54099 -0.684205 -0.482973 0.521269 1.26856 2.45673 4.27268 5.54609 6.11509 6.33107 6.78156 7.01663 6.50739 6.02571 5.82409 5.44766 5.39762 5.40395 5.85643 6.21282 6.99645 7.26014 7.38281 7.44432 7.47734 7.5013 7.52494 7.53338 7.51898 7.52074 7.51604 7.46392 6.41023 3.77 1.78609 -9999 -9999 -9999 -9999 -9999 -9999
-9999 -9999 9.26215 9.63179 9.73009 9.90039 10.2468 10.6456 11.211 11.2844 11.595 11.5942 10.9642 10.2354 10.8693 11.1211 11.3825 11.391 11.3101 9.508 8.56668 7.82665 6.48369 6.97644 7.44225 7.48175 7.20776 5.57757 3.95374 2.08222 0.331632 0.250017 -0.691073 -0.18983 0.473619 2.17606 3.37422 3.86039 4.20994 6.05638 6.53862 6.70594 7.18089 6.53957 6.38278 5.90245 6.05029 6.01181 6.01836 4.68072 6.03232 6.11417 6.99255 7.38909 7.48009 7.50447 7.53034 7.53449 7.53976 7.53626 7.54606 7.53491 7.52235 6.83839 3.48999 1.81406 -9999 -9999 -9999 -9999 -9999 -9999
-9999 -9999 -9999 -9999 9.38706 9.6695 9.85115 10.1639 11.1192 11.3769 11.548 11.5629 11.2818 10.5611 10.3708 10.5027 9.79939 10.3889 11.1953 11.1773 11.0823 9.49928 8.69438 9.48451 9.25031 8.06258 7.12876 6.207 4.30539 2.91573 0.909152 -0.597499 -0.652635 1.01384 2.39841 4.121 4.88116 4.44885 4.91799 5.83618 6.87903 7.38466 7.26858 6.59244 6.5037 5.76111 6.49903 6.56597 6.22871 5.93752 6.06117 6.49719 6.66449 7.3516 7.51853 7.54925 7.55437 7.5571 7.55426 7.55077 7.54351 7.53786 7.53039 7.50214 4.06027 1.38686 -9999 -9999 -9999 -9999 -9999 -9999
-9999 -9999 -9999 -9999 8.72955 8.90251 9.35333 10.5076 11.113 11.3578 11.3502 11.4632 11.265 10.6305 9.97912 9.36475 8.57301 9.02687 10.2267 10.9353 11.0184 9.63121 10.3614 10.095 9.56579 8.01114 6.8666 6.26184 4.4365 2.87558 1.54167 -0.301845 0.489442 1.36018 2.47777 4.35751 5.62553 6.14671 5.7102 6.29737 7.49713 7.50604 6.85351 6.89931 6.50652 5.49033 6.55691 6.86011 6.62329 6.68968 6.606 6.76989 7.06588 7.34856 7.53649 7.56215 7.5653 7.55895 7.5586 7.55966 7.54734 7.54991 7.54242 7.52765 5.30722 1.33989 -9999 -9999 -9999 -9999 -9999 -9999
-9999 -9999 -9999 -9999 -9999 8.13404 9.16011 10.6918 11.0734 11.0397 11.3563 11.3839 11.0796 10.8152 10.0245 8.9443 6.86988 7.39934 8.50392 10.0967 10.9354 10.8259 10.3674 9.56421 7.61425 5.90839 5.70541 5.42995 4.09902 2.89828 1.41498 2.27854 3.22368 4.25696 4.79995 4.65947 5.74606 6.6321 6.25665 6.97664 7.81693 7.43887 7.21672 7.0312 6.57625 6.5527 6.6053 7.21295 6.79984 7.06037 7.07306 7.06122 7.20626 7.37236 7.54625 7.57497 7.57533 7.57797 7.55777 7.5652 7.55617 7.54793 7.54117 7.52887 7.33099 5.19708 3.92231 -9999 -9999 -9999 -9999 -9999
-9999 -9999 -9999 -9999 -9999 7.19368 7.70641 9.52005 10.0814 10.8829 11.3086 11.3286 10.8148 10.5287 9.35042 8.96825 7.0493 6.18174 6.92077 6.64073 8.83368 10.7751 10.3599 6.45237 5.04018 4.03434 4.2987 4.30575 3.9384 1.89019 1.32702 3.16879 4.3288 5.22743 5.90892 6.0512 6.02786 7.41352 7.59858 8.04985 7.95362 7.99752 7.30072 6.87104 7.25542 6.82359 6.75351 7.38109 6.77167 7.33084 7.27163 7.10769 7.10112 7.46834 7.54334 7.58278 7.58513 7.57056 7.55189 7.54203 7.55483 7.5509 7.53286 7.53675 7.52026 7.27226 6.16906 5.78675 6.22082 -9999 -9999 -9999
-9999 -9999 -9999 -9999 -9999 -9999 6.02109 8.54087 9.69305 10.2985 11.1503 11.2533 10.9808 10.4852 9.2851 8.22989 6.51459 4.55595 3.52091 6.62944 9.33584 10.7503 10.5715 7.31952 6.03899 5.98414 6.74578 6.1116 5.63144 4.0764 3.61298 2.9671 3.36864 4.62111 5.64364 6.62938 7.34596 7.40453 7.86968 8.13894 8.16242 8.24818 8.16857 8.10457 7.4358 7.90637 7.51508 7.72948 7.59857 7.48059 7.38201 6.9985 7.27354 7.5168 7.5801 7.59961 7.5849 7.58123 7.57074 7.54802 7.53977 7.53975 7.53964 7.53004 7.53318 7.52782 7.40821 6.74638 5.85881 4.73614 -9999 -9999
-9999 -9999 -9999 -9999 -9999 -9999 4.7675 7.2749 8.48413 10.0394 10.84 11.1659 11.123 10.7215 9.80976 8.43757 7.29477 5.10824 2.8383 6.10102 9.01009 10.5807 10.6676 7.93821 8.70147 8.09288 8.34483 7.22663 6.76444 6.40173 5.59876 4.71987 3.75817 3.2499 5.54417 6.72226 7.6702 8.11723 8.37009 8.49667 8.43128 8.26247 7.24638 8.02585 7.99049 7.91712 7.83256 7.79379 7.71744 7.62657 7.57708 7.5598 7.30546 7.59787 7.59181 7.5959 7.59714 7.5893 7.5746 7.5619 7.54654 7.54851 7.54238 7.53501 7.53124 7.53431 7.53037 7.49819 7.32563 5.81617 4.91497 4.66775
-9999 -9999 -9999 -9999 -9999 -9999 1.25069 4.89773 7.82964 9.36069 10.6079 10.9503 11.0782 10.5397 10.137 9.15354 8.22252 6.78626 4.63495 3.3113 5.75568 9.30695 10.6211 10.5262 10.4486 9.74395 9.10934 9.03283 9.08479 8.34708 7.26751 5.85391 5.41474 4.91953 6.62859 6.86068 6.73604 8.61459 8.6191 8.51278 7.79484 6.99374 7.14841 6.65567 7.04307 6.45292 7.00259 7.47827 7.65825 7.64719 7.59098 7.58612 7.55964 7.61114 7.61086 7.60296 7.5967 7.59319 7.58601 7.56418 7.55206 7.56062 7.54846 7.53934 7.53403 7.5392 7.53908 7.51608 7.49563 7.26699 6.92103 6.26038
-9999 -9999 -9999 -9999 -9999 -9999 1.4114 4.48015 7.08206 8.64443 10.1447 10.493 10.9993 10.8902 10.4685 9.61374 8.54603 7.36417 5.5187 4.14781 5.78248 8.14251 9.83263 10.4445 10.4446 10.408 10.2516 10.1902 10.0072 9.88 9.10552 7.77146 7.01721 5.91229 7.81693 8.03094 7.73331 8.68371 8.63627 7.1997 6.09556 5.959 6.63743 5.99852 5.89158 5.49844 5.95293 7.16523 6.81612 6.88909 7.44372 7.5361 7.5954 7.61199 7.60881 7.60653 7.59735 7.59879 7.60021 7.5789 7.56936 7.56518 7.54548 7.54524 7.53312 7.52921 7.52597 7.51515 7.49654 7.43414 7.36534 7.44811
-9999 -9999 -9999 -9999 -9999 -9999 1.47729 3.54256 5.88409 8.18371 9.78591 10.4324 10.903 10.8982 10.4081 9.98349 9.31442 8.27477 7.56224 6.32473 4.62615 7.47943 8.35849 9.14574 9.47827 10.2954 10.2792 9.91017 9.48445 9.88868 9.77445 8.71774 8.37102 7.78432 8.84396 8.84686 8.81774 8.76118 7.54747 5.86051 4.5125 5.48422 5.28289 5.7337 4.35912 5.49831 6.41562 6.71545 6.10042 5.64245 7.07429 7.31249 7.45433 7.54537 7.60524 7.59148 7.6064 7.59829 7.5944 7.59019 7.57855 7.57199 7.56078 7.54966 7.54182 7.5395 7.52655 7.50947 7.51193 7.4831 7.47279 7.46689
-9999 -9999 -9999 -9999 -9999 -9999 -9999 2.32871 5.29847 7.94832 9.4238 10.3518 10.804 10.7961 10.5457 10.2575 9.84285 9.093 8.15113 6.66249 5.55812 6.26251 7.12408 7.22764 7.80075 9.45659 10.0244 9.22756 7.25483 8.42723 9.73146 9.71201 9.60225 9.47901 9.32056 9.1777 8.86441 8.0246 5.45111 4.94541 3.93662 4.05256 3.53608 4.67301 4.25608 5.42107 5.92763 6.1207 5.04897 5.28379 6.54936 7.05105 6.96968 7.27776 7.57286 7.58326 7.59229 7.58528 7.59216 7.59515 7.5911 7.57784 7.56947 7.56401 7.54484 7.55421 7.46168 7.40292 7.28045 7.44015 7.45872 7.47457
-9999 -9999 -9999 -9999 -9999 -9999 -9999 1.74346 4.70552 7.82612 8.82848 9.82896 10.6925 10.7097 10.327 9.96316 9.5885 9.16207 8.0194 6.91167 5.85448 5.50107 5.71674 5.70948 6.63432 8.79021 9.21004 9.03515 6.97718 6.28005 8.02161 9.48529 9.60174 9.47026 7.75057 8.11779 7.19029 5.93213 5.58644 5.03635 3.87309 4.43483 3.58352 3.95094 3.8634 4.52573 4.85008 5.63752 4.70361 4.7154 5.95808 6.58531 6.60267 7.26044 7.49573 7.55818 7.57463 7.58664 7.59043 7.6018 7.59697 7.58874 7.57766 7.54831 7.47593 7.25152 6.01442 6.01928 6.36442 6.69131 7.28727 7.45672
-9999 -9999 -9999 -9999 -9999 -9999 -9999 2.08848 4.14422 6.91329 8.96456 9.09406 10.0916 10.6067 10.1907 9.72218 9.24299 9.03415 7.79046 6.42445 5.32129 4.01544 4.23301 5.17434 6.71992 8.11329 8.36466 8.07984 6.98085 7.50604 8.69426 9.32581 9.51293 9.36783 8.99408 8.77842 8.09573 7.80031 6.85189 5.36858 4.78509 5.15666 3.58241 3.69424 4.27884 3.67089 4.69382 5.18468 3.97764 4.94745 6.04574 6.60808 7.09979 7.33329 7.42714 7.57018 7.5751 7.58816 7.59579 7.59492 7.59616 7.57463 7.55724 7.42687 7.23394 6.07558 5.60316 5.70105 6.24073 6.71375 7.21432 7.41824
-9999 -9999 -9999 -9999 -9999 -9999 -9999 2.44111 4.2921 6.6932 8.15595 8.41821 9.52443 10.5082 10.399 9.91166 9.76388 9.259 8.2044 7.03962 5.76657 5.14871 3.72607 5.13084 6.25029 7.43042 7.98383 7.08278 6.628 7.43905 8.24518 8.56803 9.38181 9.37533 9.11167 7.97122 7.41557 7.65179 7.41366 6.99597 5.97547 5.9313 5.27648 5.00629 4.75135 3.92826 4.46258 4.51813 4.66681 5.82694 6.39943 6.77953 7.12529 7.21719 7.36824 7.56369 7.58205 7.59023 7.59055 7.5954 7.58241 7.52859 7.48358 7.21938 6.75054 5.87423 4.46207 5.46833 6.52053 6.83841 7.15052 7.31134
-9999 -9999 -9999 -9999 -9999 -9999 -9999 2.12825 4.09451 6.14676 7.00523 7.15159 9.15319 10.3791 10.3819 10.1514 9.88199 8.63334 8.70791 8.45934 7.31104 5.63787 3.80025 3.97478 5.0774 6.63794 7.15484 5.65933 5.12979 5.52276 6.7407 7.83096 8.96913 9.25914 8.9268 7.15105 5.26386 6.1407 7.07757 7.07355 6.80026 5.85409 5.5547 5.28396 4.59438 3.43067 3.60872 3.93642 5.2552 5.67116 6.31263 6.8456 6.64701 6.76572 7.27531 7.56824 7.58053 7.58697 7.59779 7.59232 7.57619 7.4676 7.35264 7.15881 5.93329 5.17203 4.06912 5.36719 6.08505 6.47522 7.1586 7.32315
-9999 -9999 -9999 -9999 -9999 -9999 -9999 1.52216 2.9493 4.91092 5.70197 6.96324 8.85484 9.78561 10.2322 10.2233 10.0441 9.48553 9.15027 8.4886 7.29392 5.65996 3.8436 2.66187 3.26549 5.36804 5.86971 4.48669 3.78306 4.66363 5.96142 7.8821 8.98002 9.12938 9.0314 8.66614 7.28865 5.62413 5.63096 6.46759 5.76991 4.95891 5.40726 5.32618 4.64527 4.15055 3.85906 4.05279 4.80634 5.1167 5.85736 6.94957 7.10741 7.07802 7.53858 7.56292 7.57494 7.59352 7.59419 7.59119 7.57866 7.49035 7.29095 6.4756 5.76489 4.77561 4.65491 5.81654 6.32426 6.79881 7.13495 7.24576
-9999 -9999 -9999 -9999 -9999 -9999 -9999 0.476918 2.15585 3.9935 5.71419 7.34213 8.74333 8.85237 9.59179 9.59174 9.97966 9.86984 9.35225 8.79515 7.76597 5.66646 3.9014 1.97638 2.48613 4.62677 4.91786 3.99016 2.27452 4.04967 6.007 7.78099 8.74188 7.99092 8.76306 8.70089 8.18547 7.19507 5.65455 5.68497 4.53092 4.48208 5.07698 5.27122 5.17411 4.80317 4.21504 4.32652 4.78674 4.9039 5.58466 6.43229 7.26092 7.40142 7.5606 7.56875 7.57263 7.58678 7.58967 7.57366 7.53261 7.44015 6.75672 5.94377 5.44362 4.75477 4.6727 6.0068 6.54433 6.84464 7.13514 7.25082
-9999 -9999 -9999 -9999 -9999 -9999 -9999 -9999 1.98613 3.88459 5.28958 5.66853 6.9141 7.58704 8.10798 8.22412 9.70918 9.79199 9.46423 8.95256 8.07494 6.48211 5.37285 3.5264 2.19974 2.75572 3.01839 3.50839 3.3662 4.15877 6.03968 7.9991 8.21401 6.97139 7.15674 7.41811 8.00248 7.70771 5.6082 4.54214 3.65753 4.28823 4.95175 5.11355 5.14731 5.02136 4.8835 4.64193 5.52927 6.18627 6.33989 6.9128 7.33613 7.45408 7.54324 7.55542 7.56774 7.56918 7.54587 7.5293 7.42473 7.18885 6.42417 4.58335 4.67083 4.47309 3.9016 5.20175 6.03471 6.76794 7.15827 7.26014
-9999 -9999 -9999 -9999 -9999 -9999 -9999 -9999 1.35666 3.55309 4.01775 3.98416 3.25811 3.59353 6.28903 6.83247 8.2567 9.6054 9.50748 9.00549 8.18442 7.23633 5.76779 3.69093 2.0411 1.35415 3.13684 4.88691 5.24901 5.80786 6.96097 7.18119 5.91125 4.72033 5.39073 5.79493 7.33204 7.61342 7.31593 6.05138 4.60547 3.85136 4.74448 4.86517 4.92028 4.93255 4.90951 4.88445 5.89038 6.44457 6.82945 7.03967 7.40334 7.49745 7.5285 7.55773 7.55246 7.53503 7.47905 7.41523 7.13007 6.78463 5.53117 4.48641 3.83547 3.00887 4.87649 5.43452 6.21294 6.7143 7.10241 7.18849
