Test_Spring_2018b/11_17/Temp/20171118_019.txt
ncols	170
nrows	115
xllcorner	350000.000000
yllcorner	4445000.000000
cellsize	1000.000000
nodata_value	-9999.000000
[rows 32 to 63 of 115, columns 72 to 143 of 170]
13.0679 12.7132 13.2581 13.7595 13.4452 13.233 14.0552 14.0525 13.7676 13.1024 12.8567 12.6022 12.4454 11.5931 9.20602 7.05389 8.20368 8.22873 7.42974 8.85562 8.09821 6.12665 3.34444 4.85124 4.45425 2.46921 1.9774 -9999 -9999 -9999 -9999 -9999 -9999 -9999 -9999 -9999 -9999 -9999 -9999 -9999 -9999 -9999 -9999 -9999 -9999 -9999 -9999 -9999 -9999 -9999 -9999 -9999 -9999 -9999 -9999 -9999 -9999 -9999 -9999 -9999 -9999 -9999 -9999 -9999 -9999 -9999 -9999 -9999 -9999 -9999 -9999 -9999
12.6023 12.4492 13.2597 13.2411 13.1804 13.467 13.9765 14.0762 13.9637 13.6723 13.4198 13.1514 12.4739 11.4994 9.45611 7.00668 6.44932 7.64455 7.69937 7.889 7.19816 6.33094 4.97588 6.07863 6.50424 5.20186 3.49207 2.39531 -9999 -9999 -9999 -9999 -9999 -9999 -9999 -9999 -9999 -9999 -9999 -9999 -9999 -9999 -9999 -9999 -9999 -9999 -9999 -9999 -9999 -9999 -9999 -9999 -9999 -9999 -9999 -9999 -9999 -9999 -9999 -9999 -9999 -9999 -9999 -9999 -9999 -9999 -9999 -9999 -9999 -9999 -9999 -9999
12.0457 11.2569 11.7448 12.1107 12.7741 12.9506 13.0501 14.0161 13.9626 13.9155 13.5 13.1673 12.6173 11.6794 10.3448 8.73831 5.94256 7.66229 9.0081 8.9704 8.89308 8.28415 6.9818 8.06371 8.11018 6.44514 4.54733 3.43541 2.97323 -9999 -9999 -9999 -9999 -9999 -9999 -9999 -9999 -9999 -9999 -9999 -9999 -9999 -9999 -9999 -9999 -9999 -9999 -9999 -9999 -9999 -9999 -9999 -9999 -9999 -9999 -9999 -9999 -9999 -9999 -9999 -9999 -9999 -9999 -9999 -9999 -9999 -9999 -9999 -9999 -9999 -9999 -9999
11.412 10.4487 10.9395 11.5949 12.5124 12.9814 13.3474 13.6348 13.9281 13.8913 13.4662 12.2144 12.0341 11.9781 11.1046 9.27334 7.44425 6.96824 9.02252 9.60788 9.48402 9.93926 8.83496 9.34993 9.13184 8.53739 6.71656 5.05188 4.36442 3.01041 -9999 -9999 -9999 -9999 -9999 -9999 -9999 -9999 -9999 -9999 -9999 -9999 -9999 -9999 -9999 -9999 -9999 -9999 -9999 -9999 -9999 -9999 -9999 -9999 -9999 -9999 -9999 -9999 -9999 -9999 -9999 -9999 -9999 -9999 -9999 -9999 -9999 -9999 -9999 -9999 -9999 -9999
-9999 -9999 9.84971 10.7345 11.4726 12.3691 13.1519 13.5419 13.9209 13.8886 13.0411 12.6257 12.588 12.0153 11.0072 10.3736 9.22092 8.01971 8.47395 10.2246 9.43983 10.6782 10.5679 10.791 9.95443 8.36873 6.25766 5.01671 4.40081 3.30247 -9999 -9999 -9999 -9999 -9999 -9999 -9999 -9999 -9999 -9999 -9999 -9999 -9999 -9999 -9999 -9999 -9999 -9999 -9999 -9999 -9999 -9999 -9999 -9999 -9999 -9999 -9999 -9999 -9999 -9999 -9999 -9999 -9999 -9999 -9999 -9999 -9999 -9999 -9999 -9999 -9999 -9999
-9999 -9999 -9999 10.5776 11.1396 12.3496 12.9689 13.2215 13.8342 13.8341 13.5124 13.2693 12.9169 12.4568 11.6989 10.8625 9.77822 9.67495 10.7936 10.8032 10.5639 10.7429 11.3139 11.1558 9.85941 7.6328 6.4534 4.05225 3.02599 3.12579 2.39775 -9999 -9999 -9999 -9999 -9999 -9999 -9999 -9999 -9999 -9999 -9999 -9999 5.15067 -9999 -9999 -9999 -9999 -9999 -9999 -9999 -9999 -9999 -9999 -9999 -9999 -9999 -9999 -9999 -9999 -9999 -9999 -9999 -9999 0.803196 -9999 -9999 -9999 -9999 -9999 -9999 -9999
-9999 -9999 10.4858 11.2308 11.8179 12.5757 12.6402 13.0939 13.7988 13.808 13.5798 13.3222 12.7438 12.5995 12.1675 11.2597 11.0718 11.4356 11.6008 11.7878 11.9006 11.799 11.5591 11.2506 10.409 9.37231 8.67429 6.48709 5.37199 4.31296 2.71337 1.46159 -9999 -9999 -9999 -9999 -9999 -9999 -9999 4.32093 4.2616 4.28996 4.63991 5.6058 5.03846 -9999 -9999 -9999 -9999 -9999 -9999 -9999 -9999 -9999 -9999 -9999 -9999 -9999 -9999 -9999 -9999 -9999 -9999 -9999 1.67786 0.423466 -9999 -9999 -9999 -9999 -9999 -9999
-9999 -9999 10.6888 11.4824 11.8778 12.6138 13.0346 13.3057 13.5495 13.7828 13.7429 13.4583 13.0253 13.0273 12.4301 12.107 11.875 12.3682 12.4621 12.2579 12.0023 11.775 11.1431 11.0634 10.8469 10.1855 9.10499 7.99206 6.37917 4.20822 2.07975 0.362641 -9999 -9999 -9999 -9999 -9999 -9999 4.50312 5.3053 5.78605 4.76445 5.63773 6.43595 6.30875 5.53475 -9999 -9999 -9999 -9999 -9999 -9999 -9999 -9999 -9999 -9999 -9999 -9999 -9999 -9999 7.62948 6.34296 3.74317 2.41137 1.61308 0.472753 -9999 -9999 -9999 -9999 -9999 -9999
-9999 -9999 10.5373 11.4749 12.1096 12.6733 12.7626 13.3458 13.5896 13.715 13.7001 13.6437 13.564 13.0435 12.8189 12.0312 12.7808 12.7489 12.5541 11.7953 11.4625 10.1617 9.58477 9.44456 10.5238 9.71093 8.02338 5.91625 3.37935 3.20669 2.3667 0.831121 -9999 -9999 -9999 -9999 -9999 -9999 4.75302 5.61127 6.32786 6.43265 5.41746 6.83579 6.78125 5.98832 5.80854 6.45903 6.78876 6.53595 7.31534 7.54322 7.19325 7.57797 -9999 -9999 -9999 -9999 7.80848 7.86124 7.90142 7.36601 4.52574 2.58651 0.845409 0.687638 -9999 -9999 -9999 -9999 -9999 -9999
-9999 -9999 11.1943 11.7703 12.0608 12.1066 12.6129 13.1233 13.4273 13.6561 13.6106 13.5925 13.5731 13.3953 12.9814 13.0545 13.0187 12.7742 11.3354 9.65574 10.3791 9.37548 7.23957 8.95519 9.89528 8.97439 6.93031 4.56199 3.77427 3.7975 2.63089 1.13383 -9999 -9999 -9999 2.41091 3.63872 3.7455 4.10805 5.25307 6.12446 6.77979 7.22737 7.21245 6.74334 5.96781 5.12465 5.42539 6.94259 7.31243 7.61967 7.85572 7.53075 7.70209 8.1079 8.31769 8.36042 8.26528 8.24392 8.27771 8.23014 7.73062 5.18943 3.73631 2.81 0.951143 -9999 -9999 -9999 -9999 -9999 -9999
-9999 -9999 10.835 11.3353 11.7406 12.4172 12.4878 12.9158 13.1736 13.5454 13.5888 13.1475 13.5138 13.4671 13.3986 13.2525 13.038 11.8237 10.1502 8.47135 7.69206 8.01416 6.72529 7.36897 8.32118 7.95554 6.69659 4.58514 4.27979 3.77681 1.8173 -0.0670382 -9999 -9999 0.029462 2.38527 4.04447 4.90073 5.16657 5.19301 6.29103 6.37835 7.56037 7.28366 5.72426 5.9005 5.29137 5.68517 6.24303 6.39551 7.18971 7.96152 8.1071 8.11057 8.36888 8.42201 8.43578 8.42928 8.25458 8.33531 8.34848 8.0375 6.19731 5.30096 4.31491 0.979643 -9999 -9999 -9999 -9999 -9999 -9999
-9999 -9999 11.0981 11.6575 12.2712 12.3693 12.8248 12.7789 12.6528 13.2898 13.5184 13.2076 12.9842 13.3992 13.3707 13.3149 13.2223 12.0811 10.7595 8.75993 7.51389 6.74871 6.20106 5.46646 5.94987 5.78781 5.57441 5.79697 5.20482 4.03703 2.887 0.74179 -0.419731 -9999 0.156481 1.2188 3.19241 4.87037 5.93626 5.55461 6.8034 7.0363 7.75611 7.33491 6.38912 5.9835 5.94782 5.82362 6.66376 7.22716 7.62013 7.88692 8.22025 8.30458 8.38925 8.42455 8.44378 8.4634 8.45941 8.45334 8.41694 8.3008 7.45554 6.5622 4.62745 1.09295 -9999 -9999 -9999 -9999 -9999 -9999
-9999 9.47358 11.0388 11.9789 12.3415 12.6033 12.8348 13.0029 13.1832 13.35 13.465 13.414 12.5891 12.6579 12.807 13.2756 13.2403 13.134 12.4092 9.97718 9.13188 7.8953 6.29855 5.62073 5.94055 7.22932 7.15972 6.28732 5.31687 3.9747 3.11777 1.79974 -0.72328 -0.500942 0.630139 1.4723 2.8136 4.86488 6.30366 6.94676 7.19088 7.69697 7.96137 7.38477 6.83622 6.60556 6.17702 6.11693 6.12035 6.62774 7.01821 7.89831 8.19479 8.33096 8.3999 8.4369 8.46384 8.4905 8.5 8.48363 8.48542 8.47974 8.42 7.22887 4.2462 2.00285 -9999 -9999 -9999 -9999 -9999 -9999
-9999 -9999 10.7524 11.1636 11.2692 11.4573 11.8454 12.2941 12.9336 13.0165 13.3684 13.3691 12.6562 11.8352 12.5527 12.8371 13.1306 13.1361 13.0384 10.992 9.91718 9.06786 7.53581 8.06913 8.57812 8.60533 8.27855 6.42013 4.56972 2.43345 0.443493 0.340838 -0.734379 -0.174698 0.571471 2.4929 3.84583 4.39526 4.7908 6.8775 7.42106 7.61001 8.14573 7.41973 7.23835 6.69277 6.85638 6.80916 6.81259 5.29739 6.81239 6.90247 7.89274 8.33726 8.43846 8.46573 8.49488 8.49961 8.50562 8.50168 8.51265 8.49957 8.48545 7.71222 3.92877 2.03339 -9999 -9999 -9999 -9999 -9999 -9999
-9999 -9999 -9999 -9999 10.8815 11.1961 11.3981 11.7495 12.8294 13.1207 13.3152 13.3338 13.0183 12.2048 11.9916 12.1408 11.3447 12.0056 12.9102 12.8805 12.7615 10.9595 10.0282 10.9034 10.6208 9.26083 8.18779 7.12886 4.96382 3.37148 1.09171 -0.621319 -0.692424 1.18361 2.74165 4.68603 5.54441 5.05657 5.58759 6.62508 7.80375 8.37499 8.24324 7.47805 7.37367 6.53178 7.36191 7.43364 7.04846 6.71521 6.84315 7.33315 7.51994 8.29438 8.48161 8.51443 8.52017 8.52336 8.52029 8.51646 8.50838 8.50191 8.4932 8.46081 4.57182 1.54963 -9999 -9999 -9999 -9999 -9999 -9999
-9999 -9999 -9999 -9999 10.138 10.3288 10.8349 12.137 12.8216 13.0983 13.0909 13.2205 12.9988 12.2841 11.5495 10.8559 9.95976 10.4684 11.817 12.6081 12.6901 11.1091 11.9118 11.5932 10.9768 9.2018 7.89021 7.18888 5.10947 3.32336 1.80308 -0.290856 0.593983 1.57091 2.82904 4.94996 6.38225 6.97181 6.47954 7.14394 8.50011 8.51043 7.77282 7.82333 7.37556 6.22458 7.42597 7.76449 7.49264 7.56317 7.45697 7.63939 7.97141 8.28884 8.4997 8.52777 8.53065 8.52361 8.52342 8.52486 8.5111 8.514 8.50536 8.48828 5.97924 1.49535 -9999 -9999 -9999 -9999 -9999 -9999
-9999 -9999 -9999 -9999 -9999 9.4595 10.6154 12.3438 12.7755 12.7377 13.0965 13.1295 12.7879 12.4913 11.5995 10.3795 8.03446 8.62854 9.86968 11.6597 12.5954 12.4579 11.9178 10.9925 8.77114 6.8252 6.57716 6.24768 4.72663 3.34729 1.65807 2.62215 3.68066 4.84111 5.45004 5.28908 6.51627 7.51795 7.09495 7.90953 8.85973 8.43301 8.18172 7.971 7.45307 7.42352 7.47939 8.16181 7.69074 7.98051 7.98316 7.96695 8.12833 8.31396 8.50889 8.54034 8.5403 8.54329 8.52073 8.52939 8.51942 8.51019 8.50246 8.48826 8.26418 5.85157 4.41034 -9999 -9999 -9999 -9999 -9999
-9999 -9999 -9999 -9999 -9999 8.39562 8.97163 11.0185 11.6532 12.5588 13.0407 13.0649 12.4865 12.1645 10.8351 10.4037 8.23453 7.24969 8.07799 7.7525 10.2184 12.398 11.907 7.47517 5.86162 4.70679 4.98697 4.97687 4.54456 2.2079 1.55823 3.62743 4.92865 5.93694 6.70227 6.86051 6.83378 8.4002 8.60962 9.1206 9.0128 9.0628 8.27533 7.78883 8.21912 7.72837 7.6457 8.35067 7.65785 8.28499 8.20632 8.01823 8.00828 8.42104 8.50418 8.5477 8.54988 8.5334 8.51273 8.50155 8.51628 8.51198 8.49159 8.49575 8.47666 8.19462 6.94727 6.51415 7.00319 -9999 -9999 -9999
-9999 -9999 -9999 -9999 -9999 -9999 7.06589 9.91049 11.2126 11.8965 12.8594 12.9771 12.6698 12.1117 10.7572 9.56517 7.62592 5.40992 4.23211 7.73501 10.7813 12.3662 12.1427 8.45207 6.98793 6.9081 7.75068 7.01675 6.45754 4.67825 4.14158 3.40068 3.84518 5.25232 6.4032 7.51449 8.32344 8.3904 8.91759 9.22037 9.24769 9.3449 9.25464 9.18127 8.42177 8.95055 8.50509 8.74339 8.59123 8.45349 8.33017 7.89404 8.20221 8.4749 8.54478 8.56581 8.54861 8.5444 8.53293 8.50796 8.49774 8.4979 8.49782 8.4868 8.48995 8.48205 8.34592 7.59708 6.59309 5.32343 -9999 -9999
-9999 -9999 -9999 -9999 -9999 -9999 5.6476 8.4782 9.84474 11.6013 12.5073 12.8732 12.8263 12.3741 11.3448 9.7943 8.50158 6.02804 3.45837 7.13684 10.4078 12.1698 12.2538 9.14765 9.99334 9.28889 9.5566 8.27674 7.73863 7.30673 6.38699 5.38325 4.28653 3.70578 6.29324 7.62162 8.69164 9.19708 9.48405 9.62882 9.5524 9.36027 8.21196 9.09143 9.04741 8.96179 8.86296 8.81539 8.72504 8.61808 8.55 8.52766 8.23783 8.56597 8.55774 8.56119 8.56196 8.55297 8.53666 8.52293 8.50639 8.50757 8.49958 8.49112 8.48653 8.48814 8.48276 8.4453 8.24912 6.54254 5.52307 5.24078
-9999 -9999 -9999 -9999 -9999 -9999 1.67229 5.79035 9.10481 10.8335 12.238 12.6256 12.771 12.1634 11.7087 10.5969 9.54316 7.9171 5.48153 3.9792 6.73127 10.7323 12.1969 12.0675 11.9645 11.1527 10.4199 10.3179 10.3617 9.50668 8.27342 6.66618 6.16134 5.59559 7.52185 7.7813 7.63926 9.76144 9.76736 9.6485 8.83875 7.92872 8.10327 7.54282 7.97626 7.30693 7.92473 8.45854 8.65797 8.64141 8.56546 8.55732 8.52491 8.58131 8.57934 8.56922 8.56146 8.55728 8.54936 8.52519 8.5122 8.52261 8.50685 8.49674 8.48856 8.49251 8.49152 8.4645 8.44022 8.18065 7.78848 7.03911
-9999 -9999 -9999 -9999 -9999 -9999 1.85354 5.32021 8.25774 10.0162 11.7109 12.1045 12.6768 12.5537 12.077 11.1102 9.90176 8.563 6.47304 4.91765 6.75608 9.41124 11.3089 11.9785 11.9573 11.9014 11.7101 11.626 11.405 11.2397 10.3534 8.83573 7.97583 6.72144 8.86862 9.10741 8.76957 9.84272 9.78938 8.16717 6.92059 6.76686 7.5258 6.80304 6.67786 6.2281 6.73853 8.1047 7.70755 7.78598 8.39934 8.50103 8.56598 8.58269 8.57747 8.57371 8.5626 8.56392 8.56559 8.54187 8.53164 8.52753 8.50582 8.50253 8.48881 8.48251 8.47573 8.46255 8.44042 8.36873 8.2908 8.38106
-9999 -9999 -9999 -9999 -9999 -9999 1.931 4.25842 6.90175 9.49212 11.3015 12.0315 12.563 12.5571 12.0026 11.5213 10.7629 9.58474 8.77481 7.37042 5.44379 8.65809 9.63896 10.5074 10.8717 11.7806 11.748 11.3168 10.8076 11.2525 11.1114 9.90885 9.50974 8.84098 10.0335 10.0336 9.99875 9.93385 8.56242 6.65674 5.13408 6.2319 6.00414 6.50376 4.94627 6.23245 7.26576 7.60105 6.89936 6.37826 7.98233 8.24917 8.40721 8.50815 8.57421 8.55749 8.57356 8.564 8.55955 8.555 8.54223 8.53526 8.52299 8.5107 8.49793 8.49329 8.47802 8.45945 8.46111 8.42466 8.41171 8.40178
-9999 -9999 -9999 -9999 -9999 -9999 -9999 2.89028 6.23535 9.22725 10.8928 11.9401 12.45 12.4399 12.1556 11.828 11.3568 10.5059 9.43705 7.74928 6.49439 7.28163 8.24309 8.33895 8.97403 10.8318 11.4603 10.5471 8.29606 9.60646 11.07 11.0393 10.9079 10.7626 10.5767 10.412 10.0557 9.10552 6.19741 5.62761 4.48774 4.61839 4.0343 5.30761 4.83147 6.14516 6.71459 6.92949 5.71528 5.96522 7.39229 7.95662 7.86245 8.20851 8.53864 8.54922 8.55861 8.55022 8.55781 8.56123 8.55686 8.54374 8.53463 8.5287 8.50261 8.51092 8.40575 8.33852 8.19913 8.37834 8.398 8.41316
-9999 -9999 -9999 -9999 -9999 -9999 -9999 2.21792 5.56204 9.08559 10.2164 11.3453 12.3194 12.3374 11.9032 11.4898 11.0636 10.578 9.28237 8.02517 6.82401 6.41687 6.65162 6.62044 7.65402 10.0779 10.5404 10.3311 7.98104 7.18357 9.14196 10.7874 10.912 10.7576 8.81019 9.2214 8.17091 6.74766 6.35581 5.73344 4.41853 5.05231 4.08954 4.50323 4.38799 5.13386 5.49757 6.38415 5.32588 5.32375 6.72506 7.43144 7.44899 8.19025 8.4545 8.52381 8.54148 8.55447 8.55844 8.57122 8.56585 8.55673 8.54436 8.51126 8.4294 8.17074 6.77035 6.77504 7.16398 7.53215 8.20204 8.39294
-9999 -9999 -9999 -9999 -9999 -9999 -9999 2.60422 4.92447 8.05079 10.3664 10.511 11.6363 12.2164 11.7442 11.2124 10.6679 10.4281 9.01847 7.46974 6.21707 4.73452 4.97214 6.02663 7.7487 9.31225 9.58554 9.25316 7.98682 8.57109 9.90513 10.6111 10.816 10.6465 10.2196 9.97228 9.19811 8.86211 7.78893 6.11182 5.45139 5.8699 4.09005 4.21472 4.87315 4.16848 5.3215 5.87321 4.50663 5.58632 6.82497 7.45823 8.01185 8.27394 8.37851 8.53891 8.54355 8.55765 8.56586 8.56465 8.56596 8.54161 8.52193 8.37454 8.15635 6.84735 6.30551 6.41531 7.02407 7.55741 8.12014 8.34953
-9999 -9999 -9999 -9999 -9999 -9999 -9999 2.99916 5.08812 7.7987 9.44932 9.74377 10.9916 12.1009 11.9752 11.4219 11.2517 10.6775 9.48153 8.16038 6.71615 6.01133 4.39662 5.97539 7.21644 8.54003 9.15549 8.11218 7.58962 8.4976 9.40065 9.75847 10.6717 10.659 10.3566 9.06447 8.43365 8.69797 8.42685 7.95317 6.79865 6.74712 6.00564 5.6985 5.40834 4.45972 5.06085 5.12095 5.28487 6.58067 7.22549 7.65306 8.04195 8.14422 8.3135 8.53316 8.55298 8.56151 8.56136 8.56648 8.55155 8.49054 8.43948 8.14075 7.61073 6.62027 5.01633 6.15234 7.34014 7.69851 8.04815 8.22895
-9999 -9999 -9999 -9999 -9999 -9999 -9999 2.64237 4.86163 7.17811 8.14602 8.30944 10.5686 11.9513 11.9521 11.6887 11.3811 9.96671 10.0465 9.76063 8.45765 6.56105 4.47805 4.66763 5.89435 7.64409 8.21909 6.50456 5.89825 6.33456 7.70342 8.92865 10.2087 10.5312 10.1513 8.14149 6.00629 6.99412 8.05012 8.04346 7.73274 6.66191 6.3217 6.01372 5.23242 3.9104 4.09691 4.46457 5.93742 6.40554 7.12846 7.72888 7.50296 7.63564 8.21006 8.53988 8.55284 8.55937 8.57099 8.56434 8.54571 8.42267 8.29242 8.07304 6.68807 5.82748 4.57786 6.03815 6.84828 7.28625 8.05746 8.24255
-9999 -9999 -9999 -9999 -9999 -9999 -9999 1.95449 3.56481 5.77896 6.6707 8.09361 10.2285 11.2777 11.7797 11.7667 11.561 10.9262 10.5432 9.79078 8.43566 6.58369 4.5251 3.18297 3.85736 6.20893 6.761 5.18017 4.37776 5.36543 6.82494 8.98871 10.2236 10.3874 10.2725 9.85606 8.29662 6.41332 6.41845 7.36124 6.57084 5.65247 6.15676 6.06288 5.29125 4.72983 4.38042 4.59507 5.43116 5.78009 6.61519 7.84751 8.02438 7.98986 8.50896 8.53542 8.54809 8.5683 8.56839 8.56442 8.54973 8.44945 8.22367 7.302 6.49848 5.3802 5.24307 6.54598 7.1187 7.65204 8.03102 8.15543
-9999 -9999 -9999 -9999 -9999 -9999 -9999 0.770709 2.66561 4.73982 6.68185 8.51903 10.0999 10.2208 11.0536 11.0507 11.4857 11.358 10.769 10.1349 8.96693 6.58926 4.58889 2.40739 2.9761 5.3759 5.67492 4.61949 2.67419 4.67287 6.87784 8.87619 9.95652 9.10349 9.97162 9.89768 9.31211 8.19029 6.44725 6.47909 5.17296 5.11541 5.7851 6.0021 5.8899 5.46826 4.79585 4.90486 5.40989 5.54064 6.30817 7.2643 8.19906 8.35655 8.53528 8.54349 8.54698 8.56217 8.56471 8.54595 8.49892 8.39383 7.6211 6.70201 6.13624 5.35725 5.26369 6.76664 7.36747 7.7041 8.03154 8.1615
-9999 -9999 -9999 -9999 -9999 -9999 -9999 -9999 2.47134 4.61439 6.19991 6.6262 8.03137 8.78942 9.37548 9.5039 11.1784 11.2683 10.8939 10.3112 9.31458 7.50943 6.2501 4.15753 2.65184 3.2549 3.52896 4.07535 3.90785 4.79676 6.91564 9.12371 9.3615 7.95322 8.15859 8.45024 9.10716 8.77117 6.39658 5.18964 4.18777 4.89778 5.64485 5.8251 5.86064 5.7157 5.54918 5.24883 6.24963 6.99028 7.16236 7.80822 8.2852 8.41732 8.517 8.52982 8.54288 8.5437 8.5166 8.49714 8.37826 8.11102 7.24637 5.16596 5.26393 5.03963 4.39307 5.86015 6.79021 7.61777 8.05799 8.17238
-9999 -9999 -9999 -9999 -9999 -9999 -9999 -9999 1.758 4.23787 4.76128 4.72169 3.89967 4.27657 7.31939 7.93064 9.53651 11.0566 10.9419 10.3702 9.43747 8.36071 6.69552 4.34269 2.47196 1.67167 3.66855 5.63262 6.03494 6.65995 7.95678 8.20023 6.76075 5.41103 6.16449 6.61762 8.35093 8.66588 8.32704 6.89585 5.2598 4.40532 5.41169 5.5454 5.60497 5.6161 5.58399 5.53675 6.65845 7.28297 7.71634 7.95254 8.3622 8.46746 8.50158 8.53372 8.52694 8.50645 8.44242 8.36952 8.04654 7.65543 6.23848 5.05725 4.32088 3.38604 5.49487 6.12336 6.99724 7.55749 7.99519 8.09176
