Test_Spring_2018b/11_17/Temp/20171113_006.txt
ncols	170
nrows	115
xllcorner	350000.000000
yllcorner	4445000.000000
cellsize	1000.000000
nodata_value	-9999.000000
[rows 32 to 63 of 115, columns 72 to 143 of 170]
13.5148 13.2073 13.6527 14.0618 13.7824 13.5974 14.2739 14.2621 14.0143 13.4481 13.2331 13.0106 12.87 12.1473 10.1401 8.32967 9.28258 9.29428 8.61642 9.80065 9.15782 7.49901 5.16191 6.4144 6.07374 4.4078 3.98591 -9999 -9999 -9999 -9999 -9999 -9999 -9999 -9999 -9999 -9999 -9999 -9999 -9999 -9999 -9999 -9999 -9999 -9999 -9999 -9999 -9999 -9999 -9999 -9999 -9999 -9999 -9999 -9999 -9999 -9999 -9999 -9999 -9999 -9999 -9999 -9999 -9999 -9999 -9999 -9999 -9999 -9999 -9999 -9999 -9999
13.1122 12.9734 13.6411 13.615 13.5565 13.7798 14.1945 14.2684 14.1647 13.9113 13.6904 13.4563 12.8798 12.0548 10.3354 8.27609 7.80036 8.79146 8.82826 8.97801 8.39104 7.65659 6.514 7.42846 7.77635 6.67885 5.24077 4.31522 -9999 -9999 -9999 -9999 -9999 -9999 -9999 -9999 -9999 -9999 -9999 -9999 -9999 -9999 -9999 -9999 -9999 -9999 -9999 -9999 -9999 -9999 -9999 -9999 -9999 -9999 -9999 -9999 -9999 -9999 -9999 -9999 -9999 -9999 -9999 -9999 -9999 -9999 -9999 -9999 -9999 -9999 -9999 -9999
12.6332 11.9625 12.3601 12.6557 13.2054 13.332 13.4057 14.2044 14.1499 14.1009 13.7435 13.4554 12.9856 12.1912 11.0648 9.711 7.36203 8.79217 9.90951 9.86915 9.79579 9.27766 8.17936 9.07654 9.10727 7.705 6.11189 5.17296 4.7777 -9999 -9999 -9999 -9999 -9999 -9999 -9999 -9999 -9999 -9999 -9999 -9999 -9999 -9999 -9999 -9999 -9999 -9999 -9999 -9999 -9999 -9999 -9999 -9999 -9999 -9999 -9999 -9999 -9999 -9999 -9999 -9999 -9999 -9999 -9999 -9999 -9999 -9999 -9999 -9999 -9999 -9999 -9999
12.0896 11.2728 11.6729 12.2107 12.9705 13.3536 13.6408 13.8716 14.1072 14.0666 13.7011 12.6438 12.4832 12.4267 11.6862 10.1443 8.60435 8.19697 9.90735 10.3886 10.2765 10.6491 9.71676 10.1397 9.9492 9.44235 7.91163 6.51316 5.92949 4.78785 -9999 -9999 -9999 -9999 -9999 -9999 -9999 -9999 -9999 -9999 -9999 -9999 -9999 -9999 -9999 -9999 -9999 -9999 -9999 -9999 -9999 -9999 -9999 -9999 -9999 -9999 -9999 -9999 -9999 -9999 -9999 -9999 -9999 -9999 -9999 -9999 -9999 -9999 -9999 -9999 -9999 -9999
-9999 -9999 10.7474 11.4797 12.0848 12.8277 13.4635 13.78 14.0873 14.0503 13.3311 12.9736 12.9322 12.4432 11.59 11.0504 10.0766 9.06238 9.43383 10.8905 10.2254 11.2537 11.1535 11.3323 10.6245 9.28865 7.51495 6.47125 5.94764 5.02013 -9999 -9999 -9999 -9999 -9999 -9999 -9999 -9999 -9999 -9999 -9999 -9999 -9999 -9999 -9999 -9999 -9999 -9999 -9999 -9999 -9999 -9999 -9999 -9999 -9999 -9999 -9999 -9999 -9999 -9999 -9999 -9999 -9999 -9999 -9999 -9999 -9999 -9999 -9999 -9999 -9999 -9999
-9999 -9999 -9999 11.335 11.7927 12.7948 13.2967 13.4981 14.0008 13.9906 13.7113 13.4977 13.1928 12.798 12.1541 11.4447 10.5282 10.4329 11.3605 11.3602 11.152 11.2939 11.7641 11.6243 10.5308 8.65996 7.6654 5.65178 4.78498 4.86037 4.24274 -9999 -9999 -9999 -9999 -9999 -9999 -9999 -9999 -9999 -9999 -9999 -9999 6.41649 -9999 -9999 -9999 -9999 -9999 -9999 -9999 -9999 -9999 -9999 -9999 -9999 -9999 -9999 -9999 -9999 -9999 -9999 -9999 -9999 2.53408 -9999 -9999 -9999 -9999 -9999 -9999 -9999
-9999 -9999 11.2527 11.8661 12.347 12.9706 13.0169 13.3775 13.9572 13.9546 13.7534 13.5274 13.0332 12.9025 12.5313 11.7621 11.5957 11.8915 12.0212 12.1697 12.2563 12.1637 11.9557 11.6903 10.9778 10.1031 9.51168 7.67467 6.73646 5.84229 4.49548 3.43947 -9999 -9999 -9999 -9999 -9999 -9999 -9999 5.75505 5.69455 5.70724 5.98885 6.78577 6.29937 -9999 -9999 -9999 -9999 -9999 -9999 -9999 -9999 -9999 -9999 -9999 -9999 -9999 -9999 -9999 -9999 -9999 -9999 -9999 3.25299 2.19169 -9999 -9999 -9999 -9999 -9999 -9999
-9999 -9999 11.4093 12.0633 12.3838 12.989 13.3303 13.5411 13.7347 13.9194 13.8755 13.6268 13.2541 13.2456 12.736 12.456 12.2528 12.6568 12.7272 12.5484 12.327 12.1295 11.5937 11.5202 11.3313 10.7711 9.85994 8.92158 7.56774 5.7433 3.95413 2.5089 -9999 -9999 -9999 -9999 -9999 -9999 5.90756 6.56818 6.95954 6.09334 6.81275 7.46913 7.35086 6.68726 -9999 -9999 -9999 -9999 -9999 -9999 -9999 -9999 -9999 -9999 -9999 -9999 -9999 -9999 8.2652 7.17764 4.99091 3.86521 3.18581 2.21995 -9999 -9999 -9999 -9999 -9999 -9999
-9999 -9999 11.2692 12.0436 12.5644 13.0254 13.0891 13.5576 13.7545 13.8486 13.8254 13.7675 13.6901 13.2442 13.0462 12.3774 12.9956 12.9603 12.7892 12.1465 11.8607 10.7652 10.2758 10.1512 11.0481 10.3614 8.94273 7.17273 5.04537 4.89408 4.18351 2.89045 -9999 -9999 -9999 -9999 -9999 -9999 6.1065 6.81391 7.40247 7.47875 6.61748 7.79259 7.7314 7.05527 6.89218 7.42389 7.68717 7.46531 8.1042 8.28237 7.97716 8.28705 -9999 -9999 -9999 -9999 8.42341 8.4568 8.4797 8.02085 5.63296 3.99896 2.53055 2.38379 -9999 -9999 -9999 -9999 -9999 -9999
-9999 -9999 11.8057 12.2777 12.5104 12.5379 12.9505 13.3581 13.605 13.7855 13.7363 13.7102 13.6831 13.5237 13.1672 13.2186 13.1795 12.9663 11.7541 10.3409 10.9393 10.0931 8.29882 9.72838 10.5093 9.7327 8.01608 6.02794 5.36476 5.37773 4.39414 3.13282 -9999 -9999 -9999 4.16653 5.18422 5.26331 5.55606 6.50329 7.22119 7.75883 8.12148 8.0971 7.68855 7.02666 6.30808 6.54678 7.80355 8.10017 8.34596 8.53077 8.24631 8.37614 8.70401 8.86815 8.89274 8.8022 8.77357 8.79119 8.74076 8.31202 6.17569 4.94858 4.16208 2.58762 -9999 -9999 -9999 -9999 -9999 -9999
-9999 -9999 11.4971 11.9059 12.2347 12.7845 12.8323 13.179 13.3763 13.6791 13.7041 13.3236 13.619 13.5691 13.5014 13.3693 13.1805 12.1558 10.7474 9.33505 8.67612 8.93867 7.85418 8.38702 9.1783 8.86784 7.80867 6.03579 5.77419 5.34896 3.70229 2.11787 -9999 -9999 2.17353 4.13572 5.51443 6.22068 6.43236 6.44327 7.35061 7.41179 8.38883 8.14505 6.82411 6.95853 6.43596 6.75222 7.20368 7.31829 7.97169 8.60463 8.71402 8.70481 8.90922 8.94227 8.9427 8.92644 8.76961 8.82667 8.82719 8.55635 7.00555 6.2444 5.4053 2.5985 -9999 -9999 -9999 -9999 -9999 -9999
-9999 -9999 11.7039 12.1624 12.6656 12.7367 13.1064 13.0512 12.9275 13.4493 13.6315 13.3598 13.1615 13.4977 13.4633 13.4067 13.3199 12.3564 11.2426 9.56208 8.51281 7.86577 7.40199 6.78235 7.18159 7.04067 6.85672 7.03751 6.53766 5.55635 4.58735 2.78498 1.80528 -9999 2.2706 3.15034 4.79215 6.186 7.06709 6.73628 7.76957 7.95231 8.54252 8.17723 7.36964 7.01445 6.97113 6.85379 7.54361 8.00187 8.31912 8.52939 8.79572 8.85413 8.91321 8.93137 8.93645 8.94217 8.92835 8.91291 8.87208 8.76442 8.04635 7.28559 5.65492 2.68149 -9999 -9999 -9999 -9999 -9999 -9999
-9999 10.3388 11.6417 12.4189 12.712 12.9201 13.102 13.2305 13.3632 13.4868 13.5715 13.5188 12.8168 12.8631 12.9772 13.3593 13.3204 13.2231 12.6088 10.5666 9.85225 8.81248 7.471 6.8987 7.16144 8.23513 8.17196 7.43681 6.6194 5.49235 4.77047 3.66067 1.54172 1.71981 2.65779 3.35333 4.46596 6.17215 7.36517 7.89177 8.08402 8.49543 8.70391 8.20594 7.73065 7.52383 7.15142 7.08745 7.07676 7.48804 7.80292 8.52614 8.76155 8.86332 8.90925 8.9289 8.94052 8.95225 8.94986 8.92594 8.9172 8.90209 8.83981 7.83179 5.3213 3.42848 -9999 -9999 -9999 -9999 -9999 -9999
-9999 -9999 11.3897 11.7243 11.8024 11.9487 12.2617 12.6247 13.1417 13.1987 13.4807 13.4667 12.8595 12.1609 12.7506 12.9784 13.2146 13.2108 13.1215 11.4021 10.4967 9.78056 8.49353 8.9352 9.35661 9.37488 9.09685 7.53689 5.98342 4.19208 2.52093 2.42872 1.52287 1.98334 2.5993 4.19812 5.32047 5.7697 6.0895 7.82407 8.26697 8.41071 8.84568 8.22447 8.05626 7.58557 7.70844 7.65499 7.64409 6.36248 7.61823 7.68041 8.49639 8.85589 8.92892 8.94048 8.95406 8.94755 8.94236 8.92896 8.92802 8.90563 8.88109 8.22236 5.04403 3.44243 -9999 -9999 -9999 -9999 -9999 -9999
-9999 -9999 -9999 -9999 11.4661 11.7182 11.8753 12.1566 13.0424 13.2735 13.4236 13.4265 13.1502 12.4573 12.2678 12.3824 11.7068 12.2517 13.001 12.9695 12.8641 11.3508 10.5669 11.2949 11.0541 9.91172 9.00945 8.11886 6.30239 4.96649 3.05307 1.61339 1.54718 3.10978 4.40573 6.0238 6.73225 6.31333 6.74641 7.60209 8.57573 9.04054 8.91665 8.26238 8.15844 7.43952 8.11997 8.16586 7.82957 7.53699 7.63173 8.02853 8.17205 8.80789 8.95283 8.96901 8.96308 8.95538 8.94269 8.92948 8.91111 8.89477 8.87618 8.83738 5.57061 3.02598 -9999 -9999 -9999 -9999 -9999 -9999
-9999 -9999 -9999 -9999 10.8323 10.9808 11.3922 12.4691 13.024 13.2429 13.2238 13.3196 13.1215 12.5114 11.8854 11.2946 10.5353 10.9525 12.0737 12.7292 12.7921 11.4638 12.1312 11.8602 11.3402 9.85066 8.74891 8.1578 6.41318 4.91526 3.63764 1.87935 2.61331 3.42357 4.46834 6.23436 7.42309 7.90565 7.48213 8.02585 9.14789 9.1431 8.51199 8.54019 8.14874 7.17097 8.16197 8.43102 8.18947 8.23474 8.13342 8.27279 8.53786 8.79125 8.95602 8.96834 8.96004 8.94385 8.93363 8.9242 8.90207 8.89354 8.87494 8.84886 6.73686 2.96891 -9999 -9999 -9999 -9999 -9999 -9999
-9999 -9999 -9999 -9999 -9999 10.242 11.1973 12.6309 12.9741 12.9297 13.217 13.2319 12.9335 12.6734 11.9158 10.8845 8.91244 9.40115 10.4324 11.9238 12.7012 12.581 12.1245 11.3459 9.48268 7.85011 7.63849 7.35862 6.08136 4.92392 3.50499 4.30601 5.18538 6.14929 6.65078 6.50707 7.5242 8.35171 7.98608 8.65543 9.43763 9.06699 8.84278 8.65228 8.20204 8.16272 8.195 8.75181 8.34352 8.57226 8.56204 8.5352 8.65751 8.80064 8.95212 8.96732 8.95663 8.94886 8.91977 8.91664 8.89764 8.8789 8.861 8.83724 8.63743 6.60288 5.38339 -9999 -9999 -9999 -9999 -9999
-9999 -9999 -9999 -9999 -9999 9.34079 9.81072 11.5109 12.024 12.7691 13.1595 13.167 12.6705 12.3893 11.2654 10.894 9.06935 8.2365 8.92214 8.64307 10.7009 12.5198 12.1043 8.3909 7.03629 6.06568 6.29603 6.28337 5.9172 3.95855 3.40956 5.13543 6.21791 7.05447 7.68686 7.81019 7.77795 9.07804 9.2418 9.65706 9.55384 9.58216 8.90925 8.48795 8.83129 8.40603 8.3224 8.89814 8.30432 8.81548 8.73728 8.56669 8.54567 8.87896 8.93694 8.96226 8.9532 8.92922 8.90168 8.88188 8.88348 8.86879 8.84021 8.83176 8.80344 8.5519 7.49466 7.11869 7.51443 -9999 -9999 -9999
-9999 -9999 -9999 -9999 -9999 -9999 8.20535 10.5732 11.6447 12.2044 12.9976 13.0835 12.814 12.3352 11.1905 10.1826 8.55032 6.68736 5.69351 8.61826 11.1617 12.4826 12.2907 9.19742 7.96761 7.89644 8.59723 7.97859 7.50602 6.01368 5.55913 4.93312 5.29852 6.46899 7.42343 8.34457 9.01171 9.05694 9.48645 9.72793 9.73786 9.80579 9.71647 9.64103 8.98872 9.41683 9.02972 9.21504 9.07384 8.94501 8.82961 8.45155 8.69688 8.91302 8.95994 8.96552 8.94078 8.927 8.90708 8.87569 8.85625 8.8452 8.83355 8.81235 8.80261 8.78045 8.65322 8.0131 7.15941 6.08344 -9999 -9999
-9999 -9999 -9999 -9999 -9999 -9999 7.00831 9.36458 10.4899 11.9475 12.6924 12.987 12.9357 12.5456 11.6732 10.3654 9.27422 7.19566 5.03749 8.1064 10.8392 12.3081 12.3732 9.76873 10.4717 9.87741 10.0968 9.02094 8.56572 8.20078 7.4254 6.57922 5.65485 5.1603 7.31767 8.42044 9.30608 9.71832 9.9469 10.0557 9.97981 9.80568 8.83107 9.55325 9.49987 9.41402 9.31722 9.2635 9.17422 9.07134 9.00239 8.97079 8.71577 8.97733 8.95804 8.9503 8.94051 8.92261 8.89854 8.87644 8.85169 8.84105 8.82295 8.80385 8.78764 8.77339 8.75568 8.71102 8.53352 7.09204 6.22574 5.97402
-9999 -9999 -9999 -9999 -9999 -9999 3.67167 7.10556 9.85997 11.2945 12.4586 12.7708 12.8806 12.3607 11.9693 11.0288 10.1375 8.76814 6.72203 5.45762 7.75068 11.0929 12.3153 12.2017 12.1102 11.4257 10.8074 10.7169 10.7483 10.029 8.99101 7.63956 7.20855 6.72762 8.3315 8.53962 8.4109 10.1763 10.1698 10.0581 9.36774 8.59424 8.72686 8.24436 8.59076 8.01668 8.5199 8.95299 9.10646 9.07945 9.00419 8.98292 8.9437 8.97738 8.96474 8.94556 8.92852 8.91452 8.89733 8.86636 8.84447 8.84187 8.81639 8.79578 8.77708 8.76476 8.75084 8.71508 8.6816 8.45129 8.11016 7.46753
-9999 -9999 -9999 -9999 -9999 -9999 3.81326 6.69514 9.14168 10.6023 12.0085 12.3261 12.7934 12.6791 12.2695 11.4503 10.4296 9.30055 7.54348 6.23439 7.76611 9.97745 11.5595 12.1141 12.0931 12.0408 11.8752 11.7988 11.6084 11.4661 10.7182 9.43943 8.71268 7.65519 9.44379 9.63454 9.34195 10.2295 10.1735 8.80397 7.74825 7.60672 8.23014 7.61185 7.49074 7.10128 7.51494 8.64492 8.29728 8.35004 8.85203 8.92474 8.96447 8.9671 8.95168 8.93771 8.91774 8.90821 8.89889 8.86816 8.84848 8.83364 8.80376 8.78811 8.76421 8.74303 8.72537 8.70135 8.66986 8.59698 8.5164 8.57639
-9999 -9999 -9999 -9999 -9999 -9999 3.86775 5.79728 7.99774 10.1548 11.6573 12.2565 12.6899 12.674 12.1993 11.7866 11.1425 10.1476 9.46158 8.27858 6.65898 9.34219 10.1518 10.8723 11.1699 11.9249 11.892 11.5255 11.0974 11.4636 11.3367 10.3232 9.98181 9.41418 10.4037 10.3946 10.3555 10.2907 9.1318 7.52525 6.23876 7.14496 6.9415 7.34809 6.02853 7.08951 7.94079 8.20809 7.60911 7.16036 8.49173 8.69949 8.82003 8.89311 8.93728 8.91237 8.915 8.89622 8.88163 8.86682 8.84491 8.82761 8.80562 8.78334 8.75926 8.73948 8.71377 8.68243 8.67085 8.62925 8.60592 8.58197
-9999 -9999 -9999 -9999 -9999 -9999 -9999 4.64165 7.43062 9.92291 11.3052 12.1703 12.5858 12.5666 12.3182 12.0341 11.6302 10.9092 10.0062 8.58574 7.52798 8.17964 8.97187 9.04559 9.57072 11.1193 11.6391 10.8687 8.9807 10.0686 11.2865 11.2537 11.1361 11.0064 10.8432 10.696 10.3881 9.58238 7.1376 6.64819 5.68221 5.77914 5.27764 6.33197 5.91744 7.00362 7.46702 7.63388 6.60493 6.80322 7.98108 8.44137 8.3509 8.62914 8.89566 8.89348 8.8904 8.87244 8.8678 8.85955 8.84458 8.82039 8.80086 8.78375 8.74809 8.73894 8.63803 8.56889 8.43945 8.57682 8.58087 8.57262
-9999 -9999 -9999 -9999 -9999 -9999 -9999 4.07123 6.85843 9.79577 10.7307 11.6642 12.4684 12.4727 12.0989 11.743 11.3768 10.9613 9.86833 8.80794 7.79481 7.44652 7.63571 7.59664 8.45486 10.4767 10.8572 10.6755 8.70172 8.02729 9.65901 11.0285 11.1249 10.9873 9.34871 9.68351 8.79449 7.59297 7.25413 6.72191 5.6097 6.12801 5.30993 5.64363 5.53305 6.14437 6.43592 7.16518 6.26698 6.25456 7.41061 7.98981 7.99283 8.60175 8.81166 8.85856 8.86229 8.86208 8.85426 8.85366 8.83769 8.81838 8.79615 8.75639 8.67563 8.44501 7.25673 7.24797 7.56086 7.85652 8.40044 8.54304
-9999 -9999 -9999 -9999 -9999 -9999 -9999 4.38587 6.31623 8.92121 10.8478 10.9577 11.8884 12.3632 11.9577 11.5027 11.0373 10.8274 9.63882 8.33419 7.27764 6.02899 6.22019 7.09522 8.52287 9.82435 10.0461 9.76088 8.69354 9.17507 10.2839 10.8668 11.03 10.8796 10.5133 10.2969 9.63908 9.34753 8.43862 7.02387 6.45964 6.79808 5.2965 5.38863 5.92736 5.32352 6.27592 6.72517 5.56916 6.45752 7.48197 8.00002 8.45165 8.6595 8.73569 8.8587 8.85141 8.85202 8.84764 8.83526 8.82485 8.7928 8.76448 8.62913 8.43438 7.32664 6.85497 6.93435 7.43137 7.86538 8.31366 8.4939
-9999 -9999 -9999 -9999 -9999 -9999 -9999 4.7078 6.44459 8.70165 10.0718 10.3071 11.3404 12.2581 12.1426 11.6695 11.5173 11.0274 10.0174 8.903 7.68585 7.08776 5.7284 7.04182 8.06613 9.16642 9.67412 8.79323 8.34822 9.10028 9.84804 10.1393 10.895 10.8756 10.6133 9.5224 8.98455 9.19545 8.95787 8.55044 7.57291 7.51821 6.8859 6.61692 6.36205 5.55433 6.04509 6.08312 6.20343 7.2772 7.80475 8.15069 8.46444 8.53849 8.66875 8.84126 8.84657 8.84243 8.83097 8.82383 8.7998 8.73707 8.68253 8.42059 7.96496 7.1239 5.76326 6.7016 7.68333 7.96497 8.24047 8.38002
-9999 -9999 -9999 -9999 -9999 -9999 -9999 4.40063 6.24639 8.17361 8.97235 9.09799 10.9778 12.1243 12.1145 11.884 11.6167 10.4235 10.481 10.2328 9.13355 7.53778 5.78621 5.9367 6.95464 8.40494 8.87846 7.43539 6.91996 7.27696 8.41424 9.43111 10.4936 10.7545 10.4273 8.73559 6.93869 7.75512 8.62829 8.61183 8.34064 7.4331 7.13681 6.86736 6.20167 5.08054 5.22565 5.52125 6.73848 7.11804 7.711 8.2016 8.0008 8.10025 8.5695 8.83413 8.83362 8.82773 8.82606 8.80903 8.78189 8.66727 8.54649 8.351 7.17995 6.44766 5.386 6.59327 7.25902 7.60176 8.23522 8.37832
-9999 -9999 -9999 -9999 -9999 -9999 -9999 3.81631 5.15234 6.99383 7.72877 8.90842 10.6841 11.5515 11.9611 11.9401 11.7579 11.217 10.887 10.2482 9.10512 7.54645 5.81505 4.68338 5.23944 7.19219 7.64413 6.31469 5.63486 6.45301 7.6659 9.46798 10.4925 10.6204 10.5147 10.1565 8.84142 7.25503 7.2488 8.02702 7.35453 6.57473 6.98537 6.89527 6.23784 5.75626 5.4502 5.61287 6.30204 6.5819 7.26878 8.28821 8.42448 8.38395 8.80685 8.81753 8.81672 8.82222 8.81086 8.79606 8.77222 8.67665 8.47596 7.69279 7.0084 6.06051 5.93368 7.00543 7.46615 7.89479 8.19998 8.29224
-9999 -9999 -9999 -9999 -9999 -9999 -9999 2.81687 4.39088 6.11512 7.72892 9.25518 10.5672 10.6576 11.344 11.3313 11.6852 11.5685 11.066 10.526 9.53939 7.54057 5.85768 4.02332 4.49071 6.4898 6.72496 5.83323 4.1967 5.86074 7.69728 9.36073 10.2557 9.53246 10.2494 10.1777 9.67765 8.72854 7.25931 7.27524 6.17122 6.11196 6.66114 6.83132 6.72588 6.3614 5.78422 5.85938 6.27145 6.36875 6.99907 7.78735 8.55786 8.67799 8.81598 8.81134 8.8028 8.80407 8.79474 8.76756 8.71666 8.6171 7.9587 7.17772 6.69235 6.02844 5.9381 7.18014 7.6613 7.92525 8.18725 8.28409
-9999 -9999 -9999 -9999 -9999 -9999 -9999 -9999 4.21915 6.0008 7.31608 7.66144 8.82627 9.44978 9.9296 10.0267 11.4179 11.4832 11.1602 10.6631 9.81968 8.29985 7.23696 5.47687 4.20802 4.70103 4.91707 5.36573 5.21685 5.95196 7.71628 9.5551 9.74482 8.55677 8.71897 8.95319 9.49289 9.20143 7.20368 6.18293 5.33361 5.91678 6.53079 6.67029 6.68857 6.5557 6.39733 6.13605 6.96143 7.56915 7.70113 8.22971 8.61707 8.71592 8.78772 8.7869 8.78633 8.77556 8.74143 8.71367 8.60266 8.36742 7.63213 5.87929 5.94941 5.74973 5.19659 6.40551 7.15948 7.8399 8.19622 8.27995
-9999 -9999 -9999 -9999 -9999 -9999 -9999 -9999 3.6127 5.67599 6.1022 6.05751 5.35827 5.66268 8.19844 8.6995 10.0332 11.2953 11.1896 10.7015 9.91155 9.0012 7.59854 5.62052 4.04605 3.36703 5.02834 6.65701 6.98488 7.49901 8.57524 8.76976 7.55568 6.41655 7.03738 7.40668 8.84717 9.10046 8.80642 7.59801 6.21799 5.49187 6.32293 6.42351 6.46191 6.45967 6.41603 6.36375 7.2908 7.80129 8.1519 8.33759 8.66856 8.74489 8.76178 8.7771 8.75993 8.73132 8.6663 8.59384 8.31206 7.97319 6.77572 5.77541 5.1473 4.35297 6.10576 6.6128 7.32361 7.7764 8.13052 8.19921
