Test_Spring_2018b/11_17/Temp/20171112_016.txt
ncols	170
nrows	115
xllcorner	350000.000000
yllcorner	4445000.000000
cellsize	1000.000000
nodata_value	-9999.000000
[rows 32 to 63 of 115, columns 72 to 143 of 170]
16.1731 15.9026 16.3279 16.7196 16.4763 16.317 16.9557 16.9582 16.7427 16.2329 16.0478 15.8559 15.7397 15.0856 13.2445 11.5853 12.4798 12.5045 11.892 13.0003 12.4201 10.901 8.75508 9.92644 9.62549 8.09505 7.71891 -9999 -9999 -9999 -9999 -9999 -9999 -9999 -9999 -9999 -9999 -9999 -9999 -9999 -9999 -9999 -9999 -9999 -9999 -9999 -9999 -9999 -9999 -9999 -9999 -9999 -9999 -9999 -9999 -9999 -9999 -9999 -9999 -9999 -9999 -9999 -9999 -9999 -9999 -9999 -9999 -9999 -9999 -9999 -9999 -9999
15.8062 15.6917 16.3224 16.312 16.2709 16.4911 16.8877 16.9695 16.8871 16.6664 16.4759 16.2732 15.7542 15.0055 13.4303 11.5411 11.1153 12.0451 12.0931 12.2454 11.7168 11.0519 10.0099 10.8688 11.2042 10.2006 8.88379 8.04026 -9999 -9999 -9999 -9999 -9999 -9999 -9999 -9999 -9999 -9999 -9999 -9999 -9999 -9999 -9999 -9999 -9999 -9999 -9999 -9999 -9999 -9999 -9999 -9999 -9999 -9999 -9999 -9999 -9999 -9999 -9999 -9999 -9999 -9999 -9999 -9999 -9999 -9999 -9999 -9999 -9999 -9999 -9999 -9999
15.3689 14.7628 15.144 15.4308 15.9502 16.0827 16.1641 16.9158 16.8789 16.8471 16.5303 16.2778 15.8573 15.1369 14.1098 12.8725 10.7156 12.0511 13.0976 13.0742 13.0203 12.5553 11.5542 12.3971 12.4394 11.1541 9.69198 8.83811 8.48668 -9999 -9999 -9999 -9999 -9999 -9999 -9999 -9999 -9999 -9999 -9999 -9999 -9999 -9999 -9999 -9999 -9999 -9999 -9999 -9999 -9999 -9999 -9999 -9999 -9999 -9999 -9999 -9999 -9999 -9999 -9999 -9999 -9999 -9999 -9999 -9999 -9999 -9999 -9999 -9999 -9999 -9999 -9999
14.872 14.1309 14.5143 15.025 15.739 16.1061 16.3869 16.6135 16.8447 16.8207 16.4965 15.533 15.3982 15.3598 14.6892 13.2781 11.8689 11.5063 13.1008 13.5595 13.4697 13.828 12.9802 13.3849 13.2226 12.7678 11.3622 10.0818 9.55625 8.51503 -9999 -9999 -9999 -9999 -9999 -9999 -9999 -9999 -9999 -9999 -9999 -9999 -9999 -9999 -9999 -9999 -9999 -9999 -9999 -9999 -9999 -9999 -9999 -9999 -9999 -9999 -9999 -9999 -9999 -9999 -9999 -9999 -9999 -9999 -9999 -9999 -9999 -9999 -9999 -9999 -9999 -9999
-9999 -9999 13.6646 14.3533 14.926 15.6256 16.2284 16.5343 16.8316 16.8109 16.1598 15.843 15.8184 15.3802 14.6056 14.1207 13.2347 12.3113 12.6685 14.0285 13.4278 14.3919 14.3132 14.4922 13.8519 12.6291 11.0009 10.0483 9.57818 8.7348 -9999 -9999 -9999 -9999 -9999 -9999 -9999 -9999 -9999 -9999 -9999 -9999 -9999 -9999 -9999 -9999 -9999 -9999 -9999 -9999 -9999 -9999 -9999 -9999 -9999 -9999 -9999 -9999 -9999 -9999 -9999 -9999 -9999 -9999 -9999 -9999 -9999 -9999 -9999 -9999 -9999 -9999
-9999 -9999 -9999 14.2251 14.6616 15.601 16.0797 16.2791 16.7569 16.761 16.5163 16.3325 16.0644 15.7133 15.132 14.4903 13.6572 13.583 14.4542 14.4679 14.2893 14.4344 14.8827 14.7673 13.7703 12.0533 11.1479 9.29622 8.50888 8.59228 8.03525 -9999 -9999 -9999 -9999 -9999 -9999 -9999 -9999 -9999 -9999 -9999 -9999 10.2262 -9999 -9999 -9999 -9999 -9999 -9999 -9999 -9999 -9999 -9999 -9999 -9999 -9999 -9999 -9999 -9999 -9999 -9999 -9999 -9999 6.93219 -9999 -9999 -9999 -9999 -9999 -9999 -9999
-9999 -9999 14.1429 14.7217 15.1794 15.7689 15.8247 16.1729 16.722 16.7329 16.5604 16.3651 15.9221 15.815 15.4857 14.7888 14.6489 14.9362 15.0701 15.2212 15.3151 15.2435 15.065 14.8335 14.1869 13.3922 12.8593 11.1726 10.3175 9.50485 8.27389 7.31173 -9999 -9999 -9999 -9999 -9999 -9999 -9999 9.56376 9.52207 9.54802 9.82251 10.5732 10.1379 -9999 -9999 -9999 -9999 -9999 -9999 -9999 -9999 -9999 -9999 -9999 -9999 -9999 -9999 -9999 -9999 -9999 -9999 -9999 7.60437 6.63756 -9999 -9999 -9999 -9999 -9999 -9999
-9999 -9999 14.292 14.9096 15.219 15.7915 16.1201 16.3294 16.5215 16.7055 16.6784 16.462 16.1312 16.1371 15.68 15.4352 15.2613 15.6487 15.7277 15.5765 15.3858 15.2171 14.7358 14.6816 14.5189 14.0147 13.1863 12.3326 11.091 9.41851 7.77868 6.45677 -9999 -9999 -9999 -9999 -9999 -9999 9.69566 10.3205 10.6965 9.9103 10.5895 11.2105 11.1155 10.5163 -9999 -9999 -9999 -9999 -9999 -9999 -9999 -9999 -9999 -9999 -9999 -9999 -9999 -9999 12.1887 11.1975 9.19045 8.16396 7.54995 6.67129 -9999 -9999 -9999 -9999 -9999 -9999
-9999 -9999 14.1684 14.8972 15.3916 15.8307 15.9027 16.3503 16.545 16.6453 16.6371 16.5971 16.5392 16.1408 15.9717 15.3676 15.9529 15.9343 15.7903 15.2103 14.9602 13.9617 13.5232 13.4201 14.2625 13.6415 12.3438 10.7215 8.76737 8.63885 7.99575 6.8144 -9999 -9999 -9999 -9999 -9999 -9999 9.88465 10.5528 11.1111 11.1961 10.4146 11.5151 11.4726 10.8624 10.7263 11.2324 11.4904 11.2996 11.9028 12.0823 11.8151 12.1164 -9999 -9999 -9999 -9999 12.3148 12.3597 12.3948 11.9845 9.79148 8.29516 6.95192 6.8293 -9999 -9999 -9999 -9999 -9999 -9999
-9999 -9999 14.6702 15.1194 15.3473 15.3857 15.78 16.1711 16.4121 16.5904 16.5584 16.5478 16.5365 16.403 16.0875 16.149 16.1269 15.9439 14.8377 13.5457 14.1126 13.3459 11.7001 13.0348 13.77 13.0658 11.4927 9.66867 9.06756 9.09098 8.19549 7.04362 -9999 -9999 -9999 8.05435 9.009 9.09638 9.3813 10.2711 10.9491 11.4603 11.81 11.8012 11.4389 10.8419 10.1926 10.4281 11.6044 11.8934 12.1332 12.319 12.0711 12.2064 12.5243 12.6907 12.728 12.6587 12.6464 12.6767 12.644 12.2615 10.3006 9.18019 8.46706 7.02741 -9999 -9999 -9999 -9999 -9999 -9999
-9999 -9999 14.3867 14.7773 15.094 15.6171 15.6743 16.0077 16.2043 16.4973 16.5338 16.1957 16.4824 16.4502 16.4016 16.2936 16.1333 15.2004 13.9128 12.6217 12.0266 12.2818 11.2932 11.7992 12.544 12.2719 11.3062 9.68104 9.45248 9.07141 7.56142 6.11071 -9999 -9999 6.20343 8.03083 9.31915 9.98615 10.1962 10.2209 11.074 11.1452 12.0629 11.8516 10.6461 10.7851 10.3169 10.6241 11.0568 11.1777 11.7963 12.3946 12.5109 12.5174 12.7213 12.7666 12.7817 12.7811 12.6503 12.717 12.7313 12.4947 11.0752 10.3854 9.62306 7.04494 -9999 -9999 -9999 -9999 -9999 -9999
-9999 -9999 14.5821 15.0183 15.496 15.5746 15.9294 15.8951 15.7948 16.2901 16.4719 16.2344 16.0648 16.3895 16.3718 16.3335 16.2675 15.3912 14.3761 12.837 11.8813 11.296 10.881 10.3218 10.7041 10.5872 10.4305 10.6108 10.1631 9.2681 8.38584 6.7323 5.84049 -9999 6.29811 7.12516 8.65666 9.95915 10.7879 10.4968 11.4664 11.6501 12.2097 11.887 11.156 10.8432 10.8181 10.7248 11.3773 11.8158 12.1239 12.3334 12.5933 12.6625 12.7322 12.7638 12.7832 12.8029 12.8043 12.804 12.78 12.6942 12.0441 11.3542 9.86079 7.12848 -9999 -9999 -9999 -9999 -9999 -9999
-9999 13.3153 14.5306 15.2611 15.5446 15.7496 15.9308 16.0628 16.1996 16.3301 16.4216 16.3866 15.7517 15.8084 15.9279 16.2953 16.2735 16.1978 15.6443 13.771 13.1239 12.1765 10.9503 10.4349 10.6911 11.6965 11.6513 10.9851 10.2428 9.21319 8.56008 7.54769 5.60201 5.78027 6.66096 7.31779 8.36025 9.95143 11.0685 11.5699 11.7623 12.1569 12.3644 11.9196 11.4958 11.3198 10.9907 10.9468 10.9521 11.3473 11.6533 12.337 12.5697 12.6779 12.7355 12.7686 12.7941 12.8194 12.8313 12.8231 12.8288 12.8283 12.784 11.8659 9.56142 7.82771 -9999 -9999 -9999 -9999 -9999 -9999
-9999 -9999 14.3036 14.625 14.7095 14.8574 15.1597 15.5084 16.0004 16.0668 16.3413 16.3438 15.7965 15.1649 15.724 15.9488 16.1814 16.1921 16.1238 14.5482 13.7252 13.0769 11.901 12.3226 12.7253 12.7553 12.5115 11.0829 9.66029 8.01678 6.48563 6.41373 5.59041 6.02896 6.61203 8.10362 9.15508 9.58467 9.89484 11.5126 11.9364 12.0844 12.5014 11.9424 11.8024 11.3827 11.5114 11.4773 11.4825 10.3134 11.489 11.5618 12.3311 12.6786 12.7604 12.7861 12.8134 12.8219 12.8312 12.8327 12.8455 12.8382 12.8302 12.2352 9.31177 7.84708 -9999 -9999 -9999 -9999 -9999 -9999
-9999 -9999 -9999 -9999 14.4042 14.6498 14.8079 15.0813 15.914 16.1414 16.2941 16.3109 16.0699 15.4443 15.2834 15.4037 14.7936 15.3114 16.0177 16.0025 15.9188 14.5339 13.8229 14.509 14.2996 13.257 12.4362 11.6262 9.96042 8.73779 6.9827 5.66551 5.61773 7.07539 8.28672 9.79609 10.4651 10.0924 10.5073 11.3128 12.2274 12.672 12.5726 11.9831 11.9026 11.2535 11.8976 11.9554 11.6599 11.4049 11.5076 11.8897 12.0377 12.6405 12.7895 12.819 12.8283 12.8356 12.8381 12.8397 12.8369 12.8356 12.8321 12.81 9.80483 7.4686 -9999 -9999 -9999 -9999 -9999 -9999
-9999 -9999 -9999 -9999 13.8239 13.9737 14.3669 15.3755 15.9025 16.1185 16.115 16.2178 16.0492 15.4998 14.9357 14.4041 13.7166 14.1163 15.1665 15.7861 15.858 14.644 15.2742 15.037 14.5696 13.2061 12.2009 11.6676 10.0683 8.69592 7.52838 5.91673 6.60842 7.37079 8.35008 9.99613 11.109 11.5694 11.1926 11.7099 12.7618 12.7724 12.2043 12.2456 11.8995 11.0112 11.9424 12.2064 11.9985 12.0558 11.9773 12.1216 12.3818 12.6312 12.7986 12.8248 12.8317 12.8312 12.8359 12.8413 12.8347 12.8406 12.8372 12.8268 10.8889 7.42213 -9999 -9999 -9999 -9999 -9999 -9999
-9999 -9999 -9999 -9999 -9999 13.2962 14.192 15.5303 15.8617 15.8346 16.1143 16.1424 15.8811 15.6552 14.9695 14.0308 12.2226 12.6884 13.6554 15.0476 15.7796 15.682 15.2736 14.5673 12.8586 11.3629 11.1803 10.9346 9.76719 8.70951 7.4114 8.16495 8.99102 9.8954 10.3726 10.2538 11.2081 11.9873 11.664 12.2974 13.0353 12.7078 12.5158 12.355 11.9546 11.9336 11.9788 12.5087 12.1468 12.3736 12.3794 12.37 12.4983 12.6458 12.8008 12.8297 12.8345 12.8417 12.829 12.8402 12.8365 12.833 12.8303 12.8222 12.6515 10.7866 9.67403 -9999 -9999 -9999 -9999 -9999
-9999 -9999 -9999 -9999 -9999 12.4685 12.9159 14.5005 14.989 15.6916 16.0667 16.088 15.6437 15.3982 14.374 14.0452 12.373 11.6177 12.2653 12.0213 13.9366 15.631 15.2605 11.842 10.6033 9.71939 9.9453 9.94659 9.62117 7.82308 7.32897 8.93725 9.95107 10.7378 11.336 11.464 11.4485 12.6644 12.8304 13.229 13.1486 13.1898 12.5831 12.209 12.542 12.1643 12.1024 12.6499 12.1165 12.6042 12.5472 12.4049 12.4007 12.7239 12.7925 12.8307 12.8371 12.8293 12.8181 12.8138 12.8292 12.8295 12.817 12.8232 12.811 12.594 11.6314 11.2984 11.6787 -9999 -9999 -9999
-9999 -9999 -9999 -9999 -9999 -9999 11.4373 13.6391 14.6438 15.1751 15.9224 16.0162 15.7813 15.3535 14.3101 13.393 11.8987 10.1909 9.28713 12.0038 14.3679 15.6021 15.4382 12.5928 11.4695 11.4169 12.0776 11.5189 11.0953 9.72814 9.32137 8.75624 9.10743 10.2026 11.0986 11.9639 12.5948 12.651 13.0627 13.3005 13.3247 13.4025 13.3351 13.2806 12.6934 13.1044 12.762 12.9486 12.8334 12.7297 12.6382 12.3041 12.5461 12.7609 12.8193 12.8395 12.8312 12.8328 12.8287 12.814 12.8097 12.8135 12.8167 12.8112 12.8163 12.8113 12.7082 12.1312 11.3568 10.377 -9999 -9999
-9999 -9999 -9999 -9999 -9999 -9999 10.336 12.5272 13.5817 14.9429 15.6449 15.9316 15.8989 15.553 14.7613 13.567 12.5727 10.6656 8.68478 11.536 14.0753 15.4462 15.5198 13.1263 13.7891 13.2532 13.4691 12.488 12.0804 11.7552 11.0521 10.2835 9.44249 8.99948 11.0071 12.0403 12.8731 13.2685 13.4944 13.6099 13.5552 13.4085 12.5229 13.2055 13.1718 13.1077 13.0336 12.9992 12.932 12.8522 12.8035 12.7896 12.5691 12.8257 12.8236 12.8311 12.8365 12.8344 12.8265 12.8203 12.8118 12.8163 12.8127 12.8092 12.8084 12.811 12.8091 12.7824 12.6329 11.3154 10.5293 10.3117
-9999 -9999 -9999 -9999 -9999 -9999 7.25721 10.4444 13.0033 14.3434 15.4336 15.7367 15.8529 15.387 15.0397 14.1848 13.3753 12.1236 10.2463 9.09132 11.2261 14.3282 15.4716 15.38 15.3089 14.6896 14.1314 14.0611 14.1033 13.4507 12.5044 11.2691 10.8848 10.4542 11.9504 12.1569 12.0522 13.6981 13.7067 13.6184 12.9954 12.2963 12.4341 12.002 12.3377 11.8224 12.3026 12.7181 12.8751 12.8654 12.8108 12.806 12.7849 12.8323 12.8354 12.8323 12.831 12.8325 12.831 12.8167 12.8109 12.8229 12.8138 12.8093 12.8047 12.8091 12.8109 12.7924 12.7761 12.5778 12.2771 11.6982
-9999 -9999 -9999 -9999 -9999 -9999 7.39119 10.0691 12.3442 13.7082 15.0223 15.3304 15.7769 15.6858 15.3217 14.579 13.6497 12.6202 11.0101 9.81384 11.2428 13.3026 14.7781 15.3041 15.2985 15.2636 15.1239 15.066 14.9034 14.7841 14.1066 12.9389 12.2811 11.3178 12.9847 13.1752 12.9191 13.7537 13.7167 12.4658 11.505 11.3893 11.9813 11.4252 11.3289 10.9824 11.3798 12.4392 12.1327 12.1966 12.6754 12.7577 12.8112 12.8285 12.8289 12.8306 12.8267 12.8324 12.8382 12.8242 12.8204 12.8212 12.808 12.8083 12.8008 12.7973 12.7936 12.786 12.7715 12.7188 12.6609 12.7313
-9999 -9999 -9999 -9999 -9999 -9999 7.44522 9.24365 11.2914 13.2992 14.7022 15.2705 15.6856 15.6854 15.2612 14.894 14.3128 13.4074 12.7871 11.7075 10.2243 12.7174 13.4823 14.1618 14.4497 15.1608 15.1438 14.8186 14.4356 14.7876 14.6846 13.7619 13.4603 12.9497 13.8782 13.884 13.8622 13.8168 12.7604 11.2905 10.1164 10.9688 10.7958 11.1877 9.98372 10.9789 11.7808 12.043 11.5025 11.1028 12.348 12.5572 12.6835 12.7658 12.8213 12.8129 12.8299 12.827 12.828 12.8288 12.8231 12.8216 12.8158 12.8098 12.8024 12.8003 12.7914 12.7797 12.7837 12.7573 12.7502 12.7431
-9999 -9999 -9999 -9999 -9999 -9999 -9999 8.17911 10.7708 13.0885 14.3805 15.1946 15.5932 15.5899 15.3748 15.1265 14.7673 14.1149 13.2942 11.9952 11.0313 11.647 12.3964 12.4783 12.9771 14.4218 14.9157 14.2174 12.4845 13.5042 14.6437 14.6273 14.5327 14.4269 14.2908 14.169 13.8987 13.1687 10.9239 10.4858 9.60784 9.71229 9.26378 10.2543 9.88668 10.9056 11.3489 11.5182 10.5823 10.7803 11.8863 12.3265 12.2576 12.5294 12.7886 12.8012 12.813 12.8109 12.8211 12.8281 12.8288 12.8229 12.8196 12.8186 12.8008 12.8087 12.7303 12.6813 12.5764 12.7179 12.7361 12.7476
-9999 -9999 -9999 -9999 -9999 -9999 -9999 7.65585 10.2459 12.9749 13.8535 14.7307 15.4885 15.507 15.176 14.8614 14.537 14.1671 13.1709 12.2048 11.2822 10.9741 11.1626 11.1444 11.9512 13.8334 14.1987 14.0445 12.233 11.6237 13.1456 14.4253 14.5285 14.4155 12.9154 13.2391 12.4319 11.336 11.0374 10.5602 9.54714 10.041 9.29982 9.62315 9.53763 10.1176 10.402 11.0909 10.2758 10.279 11.365 11.9151 11.9327 12.5101 12.7187 12.7766 12.7946 12.809 12.8164 12.8305 12.8304 12.8273 12.8216 12.7996 12.7398 12.5419 11.4603 11.4671 11.7711 12.059 12.5774 12.7275
-9999 -9999 -9999 -9999 -9999 -9999 -9999 7.95023 9.74855 12.1704 13.9654 14.0815 14.9562 15.4096 15.0492 14.643 14.2272 14.0473 12.9628 11.7711 10.8086 9.6685 9.85905 10.6816 12.0193 13.2358 13.4546 13.2049 12.2311 12.6902 13.729 14.2819 14.4469 14.3221 13.9979 13.8122 13.2188 12.9638 12.1384 10.8456 10.3389 10.6664 9.29358 9.39361 9.90639 9.36509 10.2602 10.6902 9.6368 10.4754 11.437 11.9305 12.3627 12.5695 12.6545 12.7828 12.7907 12.8059 12.8165 12.8198 12.8249 12.81 12.7986 12.6884 12.5233 11.5144 11.0957 11.1839 11.6581 12.0739 12.5084 12.6896
-9999 -9999 -9999 -9999 -9999 -9999 -9999 8.25116 9.87067 11.9711 13.2518 13.4838 14.4534 15.316 15.2237 14.8008 14.6745 14.2359 13.3167 12.3009 11.1901 10.6514 9.40914 10.637 11.6024 12.6331 13.1163 12.3148 11.9177 12.6269 13.3322 13.6155 14.3282 14.3246 14.0966 13.1028 12.6202 12.8296 12.6246 12.2627 11.374 11.3381 10.7686 10.5348 10.3141 9.58446 10.0528 10.1028 10.2319 11.2389 11.7413 12.0758 12.3805 12.4637 12.5987 12.7728 12.7924 12.8032 12.8074 12.8155 12.808 12.7649 12.7293 12.5021 12.096 11.3336 10.0934 10.9756 11.8977 12.1771 12.4482 12.5918
-9999 -9999 -9999 -9999 -9999 -9999 -9999 7.97056 9.69086 11.4865 12.2392 12.3699 14.1217 15.1958 15.2013 15.0027 14.7701 13.6816 13.749 13.5338 12.5322 11.0716 9.46712 9.62038 10.576 11.9347 12.3864 11.0655 10.6034 10.9476 12.013 12.967 13.9633 14.2188 13.9308 12.3818 10.7357 11.5047 12.3262 12.3256 12.0897 11.2657 11.0066 10.7724 10.172 9.15108 9.30158 9.58954 10.7322 11.0979 11.6607 12.1289 11.9581 12.0647 12.5131 12.7724 12.7866 12.7959 12.8091 12.8081 12.7978 12.7067 12.61 12.4443 11.377 10.7152 9.75074 10.8822 11.5125 11.8504 12.4507 12.5979
-9999 -9999 -9999 -9999 -9999 -9999 -9999 7.43371 8.68303 10.3995 11.0933 12.1981 13.8538 14.6699 15.063 15.0581 14.9042 14.4187 14.1282 13.5521 12.5101 11.084 9.49829 8.46682 8.99507 10.8191 11.2516 10.0353 9.42141 10.1919 11.3272 13.007 13.9682 14.1009 14.0177 13.7011 12.5003 11.0488 11.0576 11.7914 11.1845 10.4786 10.8728 10.8042 10.2114 9.78116 9.51512 9.68339 10.335 10.6085 11.2581 12.215 12.3557 12.333 12.7386 12.7632 12.7771 12.797 12.8013 12.8024 12.7952 12.7218 12.5512 11.8425 11.225 10.3641 10.2619 11.27 11.7153 12.1285 12.4256 12.5259
-9999 -9999 -9999 -9999 -9999 -9999 -9999 6.51317 7.98252 9.59069 11.0968 12.522 13.7491 13.8473 14.4962 14.499 14.8407 14.7473 14.2975 13.8129 12.9156 11.0829 9.5422 7.86151 8.30798 10.1708 10.4053 9.59579 8.09792 9.65026 11.362 12.9138 13.7554 13.1015 13.7786 13.7269 13.2792 12.4167 11.0735 11.1028 10.0971 10.057 10.5792 10.7512 10.6685 10.3464 9.8281 9.9173 10.3128 10.4176 11.0149 11.7582 12.485 12.6108 12.7531 12.7636 12.7704 12.7864 12.7926 12.7823 12.7501 12.6731 12.0796 11.3729 10.9395 10.3411 10.2727 11.4374 11.9028 12.1639 12.4213 12.5261
-9999 -9999 -9999 -9999 -9999 -9999 -9999 -9999 7.82699 9.48831 10.7186 11.0525 12.1436 12.7345 13.1926 13.2969 14.5973 14.6723 14.3884 13.9436 13.1789 11.789 10.8214 9.20949 8.05158 8.52361 8.73992 9.1692 9.04627 9.74025 11.3854 13.0993 13.2892 12.2058 12.3703 12.6013 13.1146 12.8598 11.0282 10.0995 9.32918 9.88274 10.4648 10.6084 10.64 10.5319 10.4038 10.1789 10.9565 11.533 11.6698 12.173 12.5458 12.6519 12.733 12.747 12.7613 12.7662 12.7494 12.7387 12.651 12.4486 11.7842 10.1794 10.2594 10.0901 9.59423 10.7313 11.4481 12.0924 12.4371 12.5299
-9999 -9999 -9999 -9999 -9999 -9999 -9999 -9999 7.26978 9.19145 9.60014 9.57361 8.94213 9.23816 11.5963 12.074 13.3213 14.5024 14.4194 13.9832 13.268 12.4415 11.1601 9.34695 7.90677 7.29264 8.84392 10.368 10.6858 11.1756 12.185 12.3794 11.2721 10.234 10.8223 11.1782 12.524 12.7727 12.5155 11.4133 10.1526 9.49615 10.2788 10.3864 10.4366 10.4492 10.427 10.3935 11.267 11.7535 12.0924 12.2788 12.5994 12.6847 12.7151 12.744 12.7429 12.7313 12.6861 12.6341 12.3886 12.0905 10.999 10.0898 9.52462 8.80591 10.4412 10.9298 11.6054 12.0409 12.3839 12.4629
