Test_Spring_2018b/11_17/Temp/20171126_006.txt
ncols	170
nrows	115
xllcorner	350000.000000
yllcorner	4445000.000000
cellsize	1000.000000
nodata_value	-9999.000000
[rows 32 to 63 of 115, columns 71 to 141 of 170]
10.5956 10.5478 10.1271 10.7197 11.2636 10.895 10.6443 11.5517 11.5294 11.1895 10.4211 10.1251 9.81904 9.62294 8.64351 5.9355 3.49211 4.76746 4.77625 3.85719 5.44408 4.57246 2.33382 -0.817397 0.862108 0.397888 -1.83701 -2.40793 -9999 -9999 -9999 -9999 -9999 -9999 -9999 -9999 -9999 -9999 -9999 -9999 -9999 -9999 -9999 -9999 -9999 -9999 -9999 -9999 -9999 -9999 -9999 -9999 -9999 -9999 -9999 -9999 -9999 -9999 -9999 -9999 -9999 -9999 -9999 -9999 -9999 -9999 -9999 -9999 -9999 -9999 -9999
10.2377 10.0067 9.81312 10.7049 10.6632 10.5854 10.8911 11.4459 11.5389 11.3929 11.0452 10.7413 10.4194 9.63682 8.5196 6.19882 3.42069 2.77356 4.10041 4.14318 4.33807 3.54171 2.54707 1.00338 2.22803 2.69039 1.21383 -0.717634 -1.96447 -9999 -9999 -9999 -9999 -9999 -9999 -9999 -9999 -9999 -9999 -9999 -9999 -9999 -9999 -9999 -9999 -9999 -9999 -9999 -9999 -9999 -9999 -9999 -9999 -9999 -9999 -9999 -9999 -9999 -9999 -9999 -9999 -9999 -9999 -9999 -9999 -9999 -9999 -9999 -9999 -9999 -9999
9.70121 9.36288 8.45347 8.98194 9.37313 10.1187 10.2926 10.3853 11.4538 11.3739 11.3012 10.8134 10.4189 9.77979 8.70371 7.18103 5.35221 2.18429 4.10203 5.59896 5.53813 5.43305 4.72961 3.24561 4.4471 4.48272 2.59901 0.460548 -0.808769 -1.34658 -9999 -9999 -9999 -9999 -9999 -9999 -9999 -9999 -9999 -9999 -9999 -9999 -9999 -9999 -9999 -9999 -9999 -9999 -9999 -9999 -9999 -9999 -9999 -9999 -9999 -9999 -9999 -9999 -9999 -9999 -9999 -9999 -9999 -9999 -9999 -9999 -9999 -9999 -9999 -9999 -9999
8.95862 8.63198 7.52614 8.05797 8.77523 9.79708 10.3155 10.7027 11.0068 11.3173 11.2559 10.7572 9.32734 9.1042 9.02119 8.01762 5.93573 3.85656 3.30159 5.59666 6.23784 6.0807 6.57614 5.31558 5.87898 5.61702 4.93298 2.87675 0.996207 0.204894 -1.33745 -9999 -9999 -9999 -9999 -9999 -9999 -9999 -9999 -9999 -9999 -9999 -9999 -9999 -9999 -9999 -9999 -9999 -9999 -9999 -9999 -9999 -9999 -9999 -9999 -9999 -9999 -9999 -9999 -9999 -9999 -9999 -9999 -9999 -9999 -9999 -9999 -9999 -9999 -9999 -9999
-9999 -9999 -9999 6.81345 7.79832 8.60843 9.60887 10.465 10.8845 11.2914 11.2348 10.26 9.77191 9.70908 9.04387 7.8887 7.15544 5.83813 4.46659 4.95991 6.91379 6.01273 7.39057 7.25 7.48513 6.52717 4.73105 2.34439 0.941318 0.230929 -1.02321 -9999 -9999 -9999 -9999 -9999 -9999 -9999 -9999 -9999 -9999 -9999 -9999 -9999 -9999 -9999 -9999 -9999 -9999 -9999 -9999 -9999 -9999 -9999 -9999 -9999 -9999 -9999 -9999 -9999 -9999 -9999 -9999 -9999 -9999 -9999 -9999 -9999 -9999 -9999 -9999
-9999 -9999 -9999 -9999 7.6048 8.2165 9.55902 10.2416 10.5061 11.1759 11.1554 10.7725 10.4779 10.0604 9.52179 8.64809 7.6864 6.44609 6.31118 7.553 7.54643 7.26017 7.44551 8.07271 7.87927 6.40627 3.88653 2.54304 -0.159831 -1.33192 -1.23634 -2.07363 -9999 -9999 -9999 -9999 -9999 -9999 -9999 -9999 -9999 -9999 -9999 -9999 0.758845 -9999 -9999 -9999 -9999 -9999 -9999 -9999 -9999 -9999 -9999 -9999 -9999 -9999 -9999 -9999 -9999 -9999 -9999 -9999 -9999 -4.63171 -9999 -9999 -9999 -9999 -9999
-9999 -9999 -9999 7.4954 8.32229 8.96366 9.79701 9.85981 10.345 11.1184 11.108 10.8301 10.5187 9.84631 9.66301 9.15609 8.11383 7.88294 8.27419 8.44242 8.63607 8.7468 8.61674 8.33147 7.96925 7.01203 5.83012 5.0295 2.55761 1.29614 0.0871136 -1.73135 -3.15879 -9999 -9999 -9999 -9999 -9999 -9999 -9999 -0.100419 -0.189202 -0.179436 0.192299 1.25755 0.595896 -9999 -9999 -9999 -9999 -9999 -9999 -9999 -9999 -9999 -9999 -9999 -9999 -9999 -9999 -9999 -9999 -9999 -9999 -9999 -3.66263 -5.10032 -9999 -9999 -9999 -9999
-9999 -9999 -9999 7.71414 8.58873 9.01456 9.82346 10.2769 10.5664 10.8202 11.0618 10.9955 10.6533 10.1443 10.1252 9.43196 9.0479 8.7673 9.3043 9.39262 9.14605 8.84243 8.57139 7.84538 7.74172 7.48913 6.73077 5.50023 4.23287 2.41694 -0.0437754 -2.45741 -4.40856 -9999 -9999 -9999 -9999 -9999 -9999 0.114245 0.995747 1.51497 0.341999 1.30287 2.17904 2.01281 1.11459 -9999 -9999 -9999 -9999 -9999 -9999 -9999 -9999 -9999 -9999 -9999 -9999 -9999 -9999 3.12086 1.64834 -1.30346 -2.82756 -3.7512 -5.06049 -9999 -9999 -9999 -9999
-9999 -9999 -9999 7.52649 8.5636 9.25922 9.87426 9.95442 10.5844 10.8483 10.968 10.9293 10.8438 10.7319 10.124 9.84987 8.94234 9.76709 9.71277 9.47619 8.60537 8.21533 6.73614 6.0728 5.90638 7.10935 6.18139 4.2682 1.88208 -0.979401 -1.18399 -2.146 -3.8923 -9999 -9999 -9999 -9999 -9999 -9999 0.384153 1.32851 2.11304 2.20833 1.04208 2.61632 2.52872 1.61177 1.3852 2.09358 2.44062 2.13999 2.99226 3.22388 2.80485 3.21344 -9999 -9999 -9999 -9999 3.3536 3.3897 3.41162 2.78515 -0.437348 -2.64548 -4.63094 -4.83837 -9999 -9999 -9999 -9999
-9999 -9999 -9999 8.24963 8.88 9.18822 9.22021 9.7701 10.318 10.6488 10.8814 10.8079 10.7651 10.7209 10.4984 10.0107 10.0722 10.0122 9.71823 8.08042 6.17252 6.9721 5.83229 3.41492 5.33849 6.3858 5.3373 3.02365 0.344409 -0.546608 -0.530283 -1.85954 -3.56538 -9999 -9999 -9999 -2.20272 -0.841013 -0.742489 -0.356467 0.910342 1.86865 2.58734 3.06813 3.03038 2.47305 1.57537 0.601388 0.915561 2.59966 2.99155 3.31991 3.56048 3.16941 3.33258 3.76545 3.97784 4.00235 3.8718 3.82445 3.83924 3.76232 3.17618 0.295342 -1.36527 -2.43313 -4.56628 -9999 -9999 -9999 -9999
-9999 -9999 -9999 7.83154 8.37701 8.81474 9.55145 9.61068 10.0716 10.3354 10.7403 10.7665 10.2466 10.6361 10.5608 10.4616 10.276 10.0144 8.62826 6.72624 4.81959 3.92733 4.27658 2.81289 3.52968 4.59113 4.17558 2.74551 0.356192 0.000320997 -0.571607 -2.78961 -4.92771 -9999 -9999 -4.87362 -2.2408 -0.393422 0.548889 0.825625 0.832246 2.04534 2.11991 3.42718 3.09349 1.30844 1.48229 0.775811 1.19449 1.79147 1.93859 2.81462 3.65907 3.79828 3.77775 4.04454 4.08059 4.07261 4.04203 3.82215 3.88996 3.88155 3.50782 1.41149 0.377645 -0.761688 -4.55257 -9999 -9999 -9999 -9999
-9999 -9999 -9999 8.10965 8.72186 9.39436 9.4853 9.97798 9.90259 9.73408 10.4296 10.6709 10.2975 10.0223 10.4665 10.4119 10.3275 10.203 8.89902 7.39351 5.12592 3.70846 2.83366 2.20551 1.37104 1.9051 1.71242 1.4619 1.70215 1.03137 -0.288801 -1.59766 -4.02626 -5.35104 -9999 -4.73925 -3.56321 -1.36194 0.505484 1.68285 1.22943 2.61182 2.84985 3.63784 3.13901 2.04485 1.55699 1.49166 1.32685 2.24832 2.86139 3.28497 3.56026 3.91122 3.98179 4.05311 4.06919 4.06751 4.06652 4.03907 4.00927 3.94514 3.7909 2.81507 1.78128 -0.423038 -4.43809 -9999 -9999 -9999 -9999
-9999 -9999 6.27472 8.02763 9.06899 9.45901 9.73454 9.97484 10.1428 10.3195 10.4831 10.5898 10.5138 9.56073 9.61452 9.75944 10.2653 10.205 10.0666 9.23313 6.47877 5.51251 4.10874 2.2995 1.52919 1.87992 3.32216 3.23463 2.24276 1.14002 -0.376012 -1.34716 -2.84593 -5.70177 -5.46905 -4.21431 -3.28626 -1.79728 0.490272 2.08719 2.78739 3.03781 3.58446 3.85741 3.17759 2.53043 2.24492 1.7368 1.64393 1.62289 2.16977 2.59017 3.55896 3.86808 3.99744 4.05117 4.06933 4.0765 4.08363 4.07154 4.03027 4.00924 3.97943 3.88572 2.51933 -0.87115 -3.43198 -9999 -9999 -9999 -9999
-9999 -9999 -9999 7.6904 8.13641 8.23727 8.4299 8.84678 9.33067 10.0245 10.0954 10.4684 10.4444 9.6206 8.67185 9.4566 9.75467 10.0644 10.0517 9.92454 7.60493 6.38117 5.41293 3.67713 4.27147 4.83604 4.85835 4.48207 2.38067 0.287845 -2.12193 -4.37446 -4.50289 -5.72443 -5.11044 -4.28908 -2.14558 -0.643664 -0.0477949 0.373844 2.6994 3.28766 3.47152 4.04877 3.20504 2.97109 2.33051 2.48895 2.41034 2.38918 0.658136 2.34468 2.42146 3.51249 3.99062 4.08112 4.08849 4.09836 4.08095 4.06508 4.0379 4.02727 3.9874 3.94311 3.04631 -1.2413 -3.41027 -9999 -9999 -9999 -9999
-9999 -9999 -9999 -9999 -9999 7.78702 8.12225 8.32949 8.70377 9.89382 10.1992 10.3948 10.3918 10.0125 9.07317 8.80935 8.95497 8.03741 8.76311 9.76447 9.71598 9.56881 7.52786 6.47201 7.44894 7.12261 5.58326 4.36723 3.16696 0.720552 -1.07614 -3.6544 -5.59585 -5.68985 -3.59284 -1.85431 0.315008 1.25983 0.687282 1.26119 2.40356 3.70497 4.3219 4.14694 3.25862 3.11112 2.13647 3.0453 3.10047 2.64156 2.24164 2.36586 2.89314 3.07945 3.92805 4.11576 4.13047 4.11415 4.09515 4.06916 4.04217 4.00725 3.97519 3.93984 3.87708 -0.529723 -3.96779 -9999 -9999 -9999 -9999
-9999 -9999 -9999 -9999 -9999 6.93657 7.13247 7.68213 9.12711 9.87199 10.1609 10.1291 10.2511 9.97725 9.14824 8.29759 7.49383 6.46356 7.01717 8.51892 9.3948 9.47404 7.68209 8.57921 8.21184 7.50992 5.50357 4.01931 3.22225 0.872794 -1.14178 -2.86421 -5.23421 -4.25124 -3.16654 -1.76726 0.601928 2.19301 2.83336 2.2544 2.97697 4.47792 4.46274 3.60508 3.63505 3.10059 1.77759 3.10433 3.45986 3.12855 3.18341 3.04387 3.2249 3.57495 3.90908 4.12362 4.13261 4.11356 4.08316 4.06047 4.0382 3.99856 3.97687 3.94135 3.89554 1.04255 -4.04179 -9999 -9999 -9999 -9999
-9999 -9999 -9999 -9999 -9999 -9999 6.14074 7.42226 9.34736 9.80746 9.74221 10.1228 10.1361 9.72728 9.36927 8.34139 6.94489 4.28271 4.9325 6.31304 8.31377 9.35435 9.18795 8.5727 7.52218 5.01267 2.81389 2.52753 2.1494 0.428981 -1.12732 -3.03977 -1.96555 -0.786784 0.504775 1.17304 0.97204 2.33229 3.43691 2.9357 3.82722 4.87074 4.36312 4.05289 3.78844 3.17482 3.11463 3.1512 3.89401 3.33836 3.64021 3.62331 3.58082 3.7389 3.92478 4.12156 4.13453 4.11216 4.09317 4.04499 4.03127 3.99575 3.96021 3.9255 3.88269 3.60284 0.851067 -0.801385 -9999 -9999 -9999
-9999 -9999 -9999 -9999 -9999 -9999 4.93027 5.55867 7.84249 8.5312 9.52852 10.048 10.0515 9.37612 8.98988 7.46914 6.96077 4.49654 3.36854 4.28399 3.902 6.66557 9.10848 8.5483 3.5483 1.72307 0.414996 0.723309 0.704701 0.210307 -2.42417 -3.1659 -0.847063 0.605103 1.72536 2.56982 2.7282 2.67636 4.41665 4.62838 5.17794 5.02987 5.05905 4.14491 3.56979 4.02401 3.44441 3.32496 4.09321 3.2879 3.96983 3.86152 3.62564 3.59094 4.0328 4.10383 4.13049 4.11023 4.06948 4.02327 3.98728 3.97942 3.94926 3.9001 3.87782 3.82868 3.47628 2.04215 1.525 2.04655 -9999
-9999 -9999 -9999 -9999 -9999 -9999 -9999 3.40036 6.58259 8.02292 8.7707 9.83215 9.94126 9.57166 8.9196 7.37095 6.00618 3.80097 1.28547 -0.0572274 3.87207 7.289 9.06159 8.80222 4.63644 2.97892 2.88098 3.82216 2.98789 2.35013 0.343125 -0.2716 -1.11773 -0.630562 0.939397 2.21679 3.44895 4.33837 4.39008 4.95832 5.27583 5.28003 5.36248 5.23362 5.12385 4.23817 4.80689 4.27897 4.52177 4.3255 4.14614 3.98781 3.47276 3.7965 4.08074 4.13692 4.13658 4.0955 4.06849 4.03253 3.98046 3.94502 3.91973 3.89332 3.85386 3.82973 3.78598 3.60344 2.73087 1.57115 0.112586
-9999 -9999 -9999 -9999 -9999 -9999 -9999 1.79131 4.95778 6.47051 8.42666 9.42319 9.81357 9.73745 9.2049 8.0229 6.25469 4.77778 1.97228 -0.940079 3.18462 6.85851 8.83 8.91328 5.40811 6.35116 5.549 5.84198 4.39215 3.77745 3.28747 2.24083 1.09828 -0.149763 -0.821651 2.07514 3.55181 4.73538 5.28113 5.57914 5.71563 5.60642 5.36458 4.04436 5.00791 4.92819 4.80517 4.66783 4.58886 4.46236 4.31782 4.22203 4.17315 3.82353 4.16866 4.13497 4.11735 4.09638 4.06384 4.02229 3.98275 3.9391 3.91561 3.88083 3.84425 3.81147 3.77837 3.74331 3.67219 3.42253 1.47221
-9999 -9999 -9999 -9999 -9999 -9999 -9999 -2.69726 1.91916 5.62389 7.54902 9.11034 9.52404 9.66489 8.95781 8.42328 7.14948 5.94189 4.09089 1.32947 -0.37957 2.70272 7.19452 8.83826 8.68492 8.55857 7.63456 6.79991 6.67569 6.7154 5.74834 4.34866 2.52599 1.94008 1.28739 3.43937 3.71218 3.53087 5.8977 5.87957 5.71965 4.78075 3.73428 3.90372 3.24849 3.70674 2.92664 3.59665 4.17265 4.37269 4.33009 4.22581 4.1902 4.13103 4.16849 4.14466 4.11157 4.0808 4.05349 4.02123 3.96983 3.93012 3.91593 3.87291 3.83424 3.79885 3.76838 3.73859 3.67958 3.62389 3.30359
-9999 -9999 -9999 -9999 -9999 -9999 -9999 -2.50625 1.37108 4.65828 6.61933 8.50573 8.92666 9.54868 9.38767 8.82877 7.71856 6.33693 4.80953 2.43723 0.668173 2.72251 5.69644 7.82019 8.56601 8.53791 8.46418 8.23829 8.13243 7.87341 7.68298 6.67287 4.94645 3.96359 2.53493 4.93547 5.18499 4.7833 5.96903 5.88463 4.03218 2.60192 2.40197 3.23682 2.39618 2.22517 1.69643 2.24581 3.75948 3.2838 3.34854 4.02129 4.11268 4.15805 4.15492 4.12721 4.10103 4.06625 4.04494 4.02332 3.97233 3.93572 3.90524 3.85426 3.825 3.78197 3.73942 3.70588 3.66287 3.61001 3.5017
-9999 -9999 -9999 -9999 -9999 -9999 -9999 -2.43535 0.163716 3.11957 6.01796 8.03381 8.83383 9.41027 9.3817 8.73555 8.17235 7.29777 5.95124 5.0204 3.42113 1.23478 4.83928 5.92819 6.89731 7.29267 8.30519 8.25779 7.76171 7.1904 7.6795 7.50334 6.13504 5.67048 4.90089 6.22605 6.20667 6.14633 6.05069 4.48232 2.31122 0.57071 1.78094 1.49811 2.04253 0.25887 1.67703 2.81521 3.16795 2.35862 1.74825 3.53702 3.80821 3.96373 4.05521 4.10752 4.06647 4.06204 4.02827 3.99961 3.97015 3.9307 3.89712 3.85698 3.81633 3.77627 3.73571 3.69031 3.63421 3.60822 3.54396
-9999 -9999 -9999 -9999 -9999 -9999 -9999 -9999 -1.39408 2.35558 5.70386 7.55819 8.71611 9.26876 9.23598 8.89452 8.50471 7.95364 6.97573 5.75308 3.83433 2.40406 3.27467 4.34083 4.43987 5.14228 7.22232 7.91831 6.87827 4.33874 5.79776 7.43265 7.38389 7.2206 7.0404 6.81607 6.61096 6.18883 5.09645 1.79791 1.12878 -0.180257 -0.0588998 -0.742702 0.674206 0.108619 1.56244 2.17855 2.39597 1.00451 1.26872 2.84533 3.45807 3.3296 3.69716 4.05082 4.04024 4.02804 3.99537 3.98015 3.95964 3.92972 3.88472 3.84794 3.81431 3.75897 3.73268 3.58619 3.48267 3.29827 3.47321
-9999 -9999 -9999 -9999 -9999 -9999 -9999 -9999 -2.15918 1.58592 5.53292 6.78509 8.03499 9.11065 9.10962 8.59959 8.11334 7.61307 7.04658 5.56848 4.13444 2.76434 2.28934 2.5381 2.49171 3.64203 6.35867 6.86669 6.61829 3.96205 3.05016 5.2414 7.07948 7.2038 7.01287 4.80135 5.24493 4.04105 2.41618 1.95181 1.22694 -0.278556 0.41015 -0.69942 -0.258804 -0.40791 0.406863 0.791627 1.76572 0.550002 0.530433 2.07742 2.8499 2.84696 3.65927 3.93439 3.98982 3.98677 3.978 3.95853 3.94837 3.91717 3.88118 3.84106 3.77725 3.65828 3.34107 1.72817 1.70614 2.11718 2.50526
-9999 -9999 -9999 -9999 -9999 -9999 -9999 -9999 -1.73541 0.856423 4.35598 6.94244 7.08395 8.32988 8.96211 8.40941 7.78988 7.1565 6.8668 5.26018 3.49762 2.06918 0.3826 0.634024 1.80611 3.73463 5.48146 5.77546 5.38746 3.95068 4.59396 6.08115 6.8604 7.07445 6.86597 6.36664 6.06839 5.17577 4.77561 3.54433 1.63212 0.864313 1.31123 -0.717908 -0.602188 0.11475 -0.697292 0.576692 1.17383 -0.389016 0.801674 2.17301 2.86292 3.46342 3.73575 3.83071 3.98842 3.97046 3.96277 3.948 3.92214 3.89861 3.84574 3.79773 3.60561 3.33354 1.83291 1.18815 1.28495 1.94395 2.51835
-9999 -9999 -9999 -9999 -9999 -9999 -9999 -9999 -1.302 1.02914 4.06032 5.89779 6.20799 7.592 8.82015 8.6578 8.01409 7.80226 7.13587 5.76986 4.2634 2.61895 1.80786 -0.0273215 1.73462 3.12075 4.59657 5.27511 4.08931 3.48553 4.49253 5.49355 5.87993 6.8911 6.8588 6.49932 5.02427 4.29313 4.56926 4.24159 3.68515 2.36143 2.27953 1.42038 1.05031 0.699388 -0.386473 0.266214 0.309847 0.463119 1.90435 2.60677 3.06481 3.47951 3.57155 3.73908 3.96326 3.96217 3.94808 3.92386 3.90519 3.86354 3.76964 3.68663 3.32444 2.70161 1.56014 -0.280514 0.972417 2.28388 2.64928
-9999 -9999 -9999 -9999 -9999 -9999 -9999 -9999 -1.71535 0.762255 3.34939 4.41782 4.58034 7.10331 8.63935 8.61932 8.3022 7.9356 6.32291 6.39354 6.05284 4.56722 2.41363 0.0506519 0.247576 1.61824 3.57212 4.20442 2.26185 1.56302 2.0381 3.56302 4.92567 6.34942 6.69417 6.24715 3.96366 1.53828 2.62937 3.7966 3.7665 3.39351 2.16413 1.75736 1.38677 0.483103 -1.03179 -0.836542 -0.446417 1.18663 1.68963 2.47986 3.13235 2.85439 2.98039 3.60392 3.95192 3.94293 3.92649 3.91551 3.88366 3.83803 3.67452 3.50265 3.23018 1.64487 0.650048 -0.791025 0.827179 1.71359 2.1601
-9999 -9999 -9999 -9999 -9999 -9999 -9999 -9999 -2.50179 -0.710318 1.76129 2.74371 4.3245 6.70731 7.86771 8.41211 8.37686 8.12492 7.39024 6.93948 6.07326 4.52875 2.42517 0.0893838 -1.4391 -0.696189 1.94019 2.54358 0.753441 -0.166841 0.92859 2.55503 4.97413 6.34656 6.51223 6.36326 5.8742 4.09721 1.9549 1.93884 2.97831 2.06545 1.00814 1.55284 1.42372 0.531238 -0.124507 -0.53455 -0.324322 0.59884 0.967518 1.88393 3.24786 3.42328 3.36072 3.92171 3.92784 3.91838 3.91726 3.89331 3.86459 3.82358 3.68595 3.40679 2.34373 1.41361 0.128902 -0.0508676 1.38224 1.98879 2.55495
-9999 -9999 -9999 -9999 -9999 -9999 -9999 -9999 -3.84698 -1.73541 0.578246 2.74321 4.7903 6.549 6.66377 7.58058 7.55657 8.02614 7.86236 7.17966 6.44656 5.1127 2.41691 0.146495 -2.32755 -1.70397 0.987573 1.31072 0.105241 -2.10262 0.130951 2.59646 4.82884 6.02683 5.04694 6.00491 5.90138 5.22114 3.93648 1.95175 1.96551 0.472087 0.384553 1.11581 1.33706 1.18745 0.689292 -0.0930965 0.00719866 0.557128 0.679979 1.52011 2.57279 3.60151 3.75496 3.93238 3.91779 3.89787 3.89106 3.8699 3.82464 3.74739 3.6046 2.70974 1.6499 0.987842 0.0855383 -0.0449012 1.61476 2.25191 2.59644
-9999 -9999 -9999 -9999 -9999 -9999 -9999 -9999 -9999 -1.96697 0.423793 2.18687 2.64467 4.2052 5.03727 5.67603 5.79979 7.66522 7.74653 7.3054 6.63017 5.48922 3.43817 2.00222 -0.371803 -2.08462 -1.41857 -1.12238 -0.524139 -0.730144 0.25325 2.62145 5.08967 5.33848 3.73297 3.94432 4.25238 4.97137 4.57175 1.87585 0.494631 -0.655938 0.121167 0.939776 1.11982 1.13675 0.950294 0.731522 0.382534 1.48505 2.29465 2.464 3.16702 3.67995 3.80458 3.89279 3.88323 3.87397 3.85096 3.79648 3.75056 3.59259 3.26743 2.26933 -0.0981078 -0.0123837 -0.289732 -1.04275 0.571507 1.57558 2.48212
-9999 -9999 -9999 -9999 -9999 -9999 -9999 -9999 -9999 -2.78353 -0.0139344 0.552543 0.485279 -0.462834 -0.0602944 3.34507 4.01245 5.80049 7.49243 7.34379 6.68095 5.61204 4.38134 2.48833 -0.178801 -2.30277 -3.21708 -0.980154 1.21337 1.64891 2.33487 3.77702 4.0324 2.39198 0.852209 1.68064 2.17042 4.10158 4.43503 4.03186 2.39817 0.533506 -0.451211 0.659554 0.787301 0.831361 0.820698 0.754492 0.681003 1.92774 2.60637 3.06978 3.31119 3.74806 3.84223 3.85639 3.86845 3.83678 3.78977 3.69378 3.58782 3.2002 2.73579 1.11595 -0.238546 -1.0922 -2.16954 0.18075 0.850762 1.7946 2.39729
