Test_Spring_2018b/11_17/Temp/20171124_004.txt
ncols	170
nrows	115
xllcorner	350000.000000
yllcorner	4445000.000000
cellsize	1000.000000
nodata_value	-9999.000000
[rows 31 to 61 of 115, columns 70 to 139 of 170]
7.0976 7.75703 7.99221 7.51383 7.54922 8.67015 8.91495 8.88886 8.79105 8.67533 8.13406 7.94654 7.51768 6.76952 6.4498 5.1262 0.870182 2.06053 2.51904 1.27687 1.95255 3.05954 2.07476 -0.825738 -2.08074 -4.09551 -3.45694 -4.05363 -5.67619 -9999 -9999 -9999 -9999 -9999 -9999 -9999 -9999 -9999 -9999 -9999 -9999 -9999 -9999 -9999 -9999 -9999 -9999 -9999 -9999 -9999 -9999 -9999 -9999 -9999 -9999 -9999 -9999 -9999 -9999 -9999 -9999 -9999 -9999 -9999 -9999 -9999 -9999 -9999 -9999 -9999
7.21147 7.50659 7.46618 7.00507 7.68852 8.31725 7.93538 7.67662 8.72163 8.71196 8.34344 7.49078 7.17138 6.84032 6.63312 5.54113 2.49703 -0.248422 1.20519 1.22862 0.204412 2.01007 1.03984 -1.47372 -5.01744 -3.10602 -3.61497 -6.09835 -6.71991 -9999 -9999 -9999 -9999 -9999 -9999 -9999 -9999 -9999 -9999 -9999 -9999 -9999 -9999 -9999 -9999 -9999 -9999 -9999 -9999 -9999 -9999 -9999 -9999 -9999 -9999 -9999 -9999 -9999 -9999 -9999 -9999 -9999 -9999 -9999 -9999 -9999 -9999 -9999 -9999 -9999
6.34908 7.10328 6.85616 6.65155 7.67286 7.64031 7.5802 7.95688 8.60332 8.7237 8.57387 8.19618 7.86763 7.51858 6.64899 5.40136 2.79453 -0.328824 -1.0459 0.466081 0.528202 0.762294 -0.122691 -1.23129 -2.95958 -1.5616 -1.02415 -2.66507 -4.80808 -6.19146 -9999 -9999 -9999 -9999 -9999 -9999 -9999 -9999 -9999 -9999 -9999 -9999 -9999 -9999 -9999 -9999 -9999 -9999 -9999 -9999 -9999 -9999 -9999 -9999 -9999 -9999 -9999 -9999 -9999 -9999 -9999 -9999 -9999 -9999 -9999 -9999 -9999 -9999 -9999 -9999
5.19469 6.49781 6.12968 5.11698 5.72818 6.18457 7.06392 7.28675 7.4068 8.62851 8.55329 8.48598 7.94964 7.51838 6.81067 5.60942 3.90377 1.85241 -1.711 0.468361 2.17272 2.1183 2.01417 1.23468 -0.425948 0.946118 1.00192 -1.09 -3.46571 -4.88355 -5.47558 -9999 -9999 -9999 -9999 -9999 -9999 -9999 -9999 -9999 -9999 -9999 -9999 -9999 -9999 -9999 -9999 -9999 -9999 -9999 -9999 -9999 -9999 -9999 -9999 -9999 -9999 -9999 -9999 -9999 -9999 -9999 -9999 -9999 -9999 -9999 -9999 -9999 -9999 -9999
-9999 5.65928 5.30461 4.07036 4.68559 5.51036 6.69043 7.3065 7.76624 8.12474 8.49029 8.43557 7.88675 6.28625 6.04815 5.96815 4.8486 2.51146 0.177502 -0.43517 2.17063 2.90915 2.74652 3.32109 1.9131 2.56495 2.28504 1.53857 -0.749796 -2.84248 -3.7206 -5.44707 -9999 -9999 -9999 -9999 -9999 -9999 -9999 -9999 -9999 -9999 -9999 -9999 -9999 -9999 -9999 -9999 -9999 -9999 -9999 -9999 -9999 -9999 -9999 -9999 -9999 -9999 -9999 -9999 -9999 -9999 -9999 -9999 -9999 -9999 -9999 -9999 -9999 -9999
-9999 -9999 -9999 -9999 3.28097 4.41938 5.35214 6.50967 7.4989 7.98781 8.46211 8.41272 7.32618 6.78892 6.73165 5.99408 4.70322 3.88887 2.41521 0.880547 1.452 3.67303 2.67067 4.24198 4.09904 4.38062 3.31517 1.3204 -1.34821 -2.90149 -3.68797 -5.08882 -9999 -9999 -9999 -9999 -9999 -9999 -9999 -9999 -9999 -9999 -9999 -9999 -9999 -9999 -9999 -9999 -9999 -9999 -9999 -9999 -9999 -9999 -9999 -9999 -9999 -9999 -9999 -9999 -9999 -9999 -9999 -9999 -9999 -9999 -9999 -9999 -9999 -9999
-9999 -9999 -9999 -9999 -9999 4.20213 4.91088 6.44286 7.24778 7.56185 8.33304 8.32435 7.90595 7.58704 7.12904 6.53419 5.56098 4.48857 3.1018 2.96357 4.38035 4.38789 4.08007 4.3052 5.02964 4.82774 3.19122 0.369499 -1.13039 -4.14178 -5.44927 -5.32577 -6.25614 -9999 -9999 -9999 -9999 -9999 -9999 -9999 -9999 -9999 -9999 -9999 -9999 -2.88091 -9999 -9999 -9999 -9999 -9999 -9999 -9999 -9999 -9999 -9999 -9999 -9999 -9999 -9999 -9999 -9999 -9999 -9999 -9999 -9999 -8.65353 -9999 -9999 -9999
-9999 -9999 -9999 -9999 4.05247 5.01514 5.75606 6.71351 6.81194 7.38146 8.26978 8.27241 7.97238 7.6343 6.8882 6.69429 6.13501 4.97142 4.72436 5.18025 5.38484 5.6187 5.75946 5.62885 5.32344 4.93151 3.88379 2.56708 1.68081 -1.08392 -2.47797 -3.82729 -5.86537 -7.46246 -9999 -9999 -9999 -9999 -9999 -9999 -9999 -3.90235 -3.9892 -3.96451 -3.53079 -2.31367 -3.0463 -9999 -9999 -9999 -9999 -9999 -9999 -9999 -9999 -9999 -9999 -9999 -9999 -9999 -9999 -9999 -9999 -9999 -9999 -9999 -7.55483 -9.16457 -9999 -9999
-9999 -9999 -9999 -9999 4.31212 5.31715 5.81528 6.74564 7.27416 7.63341 7.93508 8.22217 8.16103 7.78784 7.22585 7.2171 6.44707 6.02645 5.72308 6.34351 6.45793 6.19488 5.8681 5.57874 4.7762 4.67684 4.42487 3.58719 2.2162 0.803311 -1.20831 -3.97064 -6.68052 -8.86884 -9999 -9999 -9999 -9999 -9999 -9999 -3.66917 -2.66072 -2.06105 -3.37186 -2.27277 -1.26898 -1.44193 -2.42832 -9999 -9999 -9999 -9999 -9999 -9999 -9999 -9999 -9999 -9999 -9999 -9999 -9999 -9999 0.0568992 -1.59318 -4.91334 -6.62104 -7.65042 -9.11499 -9999 -9999
-9999 -9999 -9999 -9999 4.10084 5.29012 6.09358 6.80563 6.91314 7.64582 7.96927 8.11862 8.08848 8.0048 7.891 7.21693 6.91976 5.90771 6.85225 6.80484 6.55242 5.58465 5.16062 3.50749 2.7763 2.62068 3.99851 2.97018 0.829148 -1.84625 -5.04642 -5.25328 -6.3237 -8.28057 -9999 -9999 -9999 -9999 -9999 -9999 -3.36028 -2.28101 -1.38184 -1.26052 -2.56326 -0.771011 -0.843101 -1.86266 -2.10254 -1.28669 -0.879011 -1.19124 -0.208258 0.0669976 -0.392941 0.0812109 -9999 -9999 -9999 -9999 0.299565 0.35238 0.389433 -0.305341 -3.93116 -6.41118 -8.6394 -8.85539 -9999 -9999
-9999 -9999 -9999 -9999 4.91821 5.64902 6.01577 6.07011 6.70859 7.34873 7.74691 8.02465 7.95485 7.91896 7.88102 7.64162 7.10285 7.18454 7.12965 6.81135 4.97652 2.83766 3.75701 2.48802 -0.21984 1.98117 3.18414 2.02061 -0.571702 -3.57725 -4.55223 -4.5098 -5.9946 -7.9046 -9999 -9999 -9999 -6.31336 -4.76358 -4.64019 -4.19198 -2.74887 -1.65367 -0.82861 -0.271438 -0.295219 -0.902115 -1.89946 -2.98281 -2.61159 -0.693627 -0.235099 0.167135 0.452652 0.02432 0.220753 0.721772 0.973488 1.01281 0.876954 0.835095 0.863573 0.788775 0.139336 -3.09965 -4.96133 -6.15324 -8.53984 -9999 -9999
-9999 -9999 -9999 -9999 4.447 5.08236 5.59576 6.45018 6.53483 7.07218 7.38978 7.86884 7.91135 7.33641 7.78785 7.71414 7.61354 7.41579 7.13289 5.58116 3.44795 1.31064 0.319874 0.734362 -0.899325 -0.0612742 1.15812 0.712619 -0.877463 -3.55519 -3.93749 -4.55466 -7.03755 -9.43678 -9999 -9999 -9.33592 -6.35093 -4.2531 -3.17725 -2.85274 -2.83285 -1.45008 -1.3523 0.138063 -0.220487 -2.21411 -2.0013 -2.78094 -2.29118 -1.59946 -1.41711 -0.40291 0.569368 0.7398 0.72925 1.04261 1.09501 1.09742 1.0742 0.83727 0.925407 0.92781 0.518127 -1.83621 -2.99028 -4.26 -8.52226 -9999 -9999
-9999 -9999 -9999 -9999 4.76611 5.47747 6.25645 6.37809 6.95252 6.88622 6.7157 7.51554 7.80723 7.39727 7.09772 7.61011 7.55933 7.47545 7.34704 5.88782 4.20228 1.65751 0.0739679 -0.893701 -1.58331 -2.49203 -1.86744 -2.06345 -2.32501 -2.03286 -2.76654 -4.22865 -5.68964 -8.41241 -9.89429 -9999 -9.17817 -7.83852 -5.34144 -3.22134 -1.88018 -2.38002 -0.80624 -0.523931 0.382831 -0.165101 -1.37851 -1.91084 -1.96762 -2.13671 -1.07932 -0.36853 0.134561 0.459841 0.873379 0.965648 1.05816 1.08782 1.09709 1.10701 1.08711 1.06479 1.00409 0.842141 -0.246974 -1.39857 -3.87342 -8.38871 -9999 -9999
-9999 -9999 -9999 2.66722 4.67579 5.87249 6.3332 6.66388 6.95384 7.16111 7.38016 7.58123 7.71509 7.64543 6.57996 6.65104 6.82511 7.40731 7.35103 7.20766 6.28093 3.18655 2.11393 0.552308 -1.47007 -2.31072 -1.89228 -0.2413 -0.317976 -1.41631 -2.64057 -4.32414 -5.39961 -7.07612 -10.2837 -10.008 -8.57921 -7.51992 -5.82754 -3.23342 -1.41884 -0.61629 -0.320891 0.3118 0.634702 -0.115356 -0.824216 -1.12936 -1.68566 -1.77303 -1.77942 -1.14484 -0.645801 0.465023 0.827876 0.989454 1.06197 1.09378 1.11281 1.13163 1.1288 1.09329 1.08106 1.0595 0.968148 -0.561043 -4.37589 -7.24934 -9999 -9999
-9999 -9999 -9999 -9999 4.29791 4.82298 4.95777 5.19536 5.68516 6.24948 7.05257 7.14742 7.58215 7.56831 6.65157 5.59019 6.48632 6.83343 7.19464 7.19302 7.06374 4.46403 3.10065 2.02724 0.0883319 0.789029 1.44967 1.49804 1.09605 -1.25444 -3.59604 -6.28874 -8.81422 -8.94263 -10.3047 -9.59657 -8.65736 -6.22592 -4.51927 -3.83573 -3.34858 -0.710941 -0.0329427 0.190035 0.856853 -0.0800163 -0.322192 -1.02789 -0.831097 -0.901926 -0.908028 -2.84523 -0.916572 -0.814804 0.431397 0.985961 1.10186 1.12131 1.14316 1.13402 1.12669 1.10686 1.10619 1.07427 1.03694 0.0378765 -4.78935 -7.22026 -9999 -9999
-9999 -9999 -9999 -9999 -9999 -9999 4.45391 4.85292 5.10633 5.54715 6.91063 7.27035 7.50478 7.51362 7.09641 6.0476 5.75937 5.93403 4.90914 5.74234 6.88826 6.85039 6.70287 4.41849 3.25434 4.38079 4.03599 2.32152 0.971883 -0.360516 -3.10085 -5.1012 -7.99418 -10.1696 -10.2605 -7.87884 -5.90183 -3.44147 -2.36417 -3.00027 -2.34143 -1.0385 0.444021 1.15469 0.972199 -0.014872 -0.159374 -1.24199 -0.197545 -0.116974 -0.617025 -1.05081 -0.886368 -0.275702 -0.0509647 0.920686 1.14515 1.17462 1.16672 1.15559 1.13663 1.11683 1.08912 1.06497 1.03788 0.980613 -3.98115 -7.84506 -9999 -9999
-9999 -9999 -9999 -9999 -9999 -9999 3.49855 3.74044 4.38072 6.03072 6.89155 7.23279 7.21043 7.36037 7.06221 6.13648 5.18621 4.28865 3.13672 3.77489 5.48562 6.49156 6.5998 4.59675 5.63796 5.24674 4.47817 2.23671 0.584534 -0.292215 -2.92274 -5.16907 -7.09546 -9.75468 -8.62939 -7.39079 -5.79838 -3.11159 -1.30472 -0.571247 -1.21386 -0.386051 1.32172 1.31861 0.365237 0.415176 -0.166241 -1.64204 -0.125482 0.294468 -0.0612807 0.0186954 -0.114732 0.105086 0.514817 0.905587 1.16036 1.18214 1.1718 1.14768 1.13229 1.11793 1.08441 1.07188 1.04454 1.00639 -2.20081 -7.92369 -9999 -9999
-9999 -9999 -9999 -9999 -9999 -9999 -9999 2.62598 4.09268 6.28487 6.82415 6.76552 7.20887 7.23608 6.78556 6.39168 5.24103 3.67428 0.67948 1.42622 3.00003 5.27611 6.46987 6.30236 5.63583 4.47324 1.66362 -0.795052 -1.09448 -1.49808 -3.4182 -5.14702 -7.2879 -6.05788 -4.71145 -3.23924 -2.47229 -2.68807 -1.14175 0.115949 -0.439044 0.579488 1.7707 1.21149 0.876284 0.593764 -0.0770436 -0.126839 -0.0670813 0.790244 0.181246 0.540202 0.545265 0.512742 0.70575 0.929162 1.1639 1.19018 1.17577 1.16464 1.12049 1.11561 1.08668 1.05844 1.03194 0.997124 0.695436 -2.39356 -4.24347 -9999
-9999 -9999 -9999 -9999 -9999 -9999 -9999 1.26469 1.99375 4.59091 5.38834 6.52954 7.12973 7.14599 6.39464 5.9697 4.26235 3.69845 0.926867 -0.333054 0.715543 0.301005 3.44022 6.21896 5.61452 -0.00800069 -2.04515 -3.49825 -3.12636 -3.12415 -3.65999 -6.60628 -7.42524 -4.78983 -3.13466 -1.85585 -0.889865 -0.699539 -0.747732 1.22751 1.47822 2.11064 1.95632 2.00324 0.986034 0.352638 0.887602 0.251184 0.134673 1.02063 0.129638 0.917693 0.819564 0.568651 0.543979 1.05646 1.14924 1.191 1.17912 1.14343 1.10133 1.0717 1.07398 1.05177 1.00889 0.997165 0.955899 0.576182 -1.0273 -1.59493
-9999 -9999 -9999 -9999 -9999 -9999 -9999 -9999 -0.437965 3.17344 4.81957 5.67898 6.89124 7.0269 6.62302 5.89686 4.15818 2.62751 0.148632 -2.67948 -4.17851 0.275082 4.15183 6.17334 5.90839 1.22742 -0.620817 -0.707893 0.378188 -0.541031 -1.23911 -3.4769 -4.15261 -5.09115 -4.52566 -2.73839 -1.28311 0.119363 1.13423 1.20295 1.85509 2.22756 2.2452 2.35223 2.22167 2.1136 1.13549 1.79551 1.21752 1.5099 1.3064 1.12169 0.967128 0.400877 0.780899 1.1154 1.19145 1.20314 1.16765 1.14758 1.11718 1.06859 1.04111 1.02438 1.00712 0.975888 0.962721 0.93144 0.741038 -0.228127
-9999 -9999 -9999 -9999 -9999 -9999 -9999 -9999 -2.24944 1.34386 3.0717 5.29554 6.43492 6.89156 6.81663 6.22581 4.90156 2.9157 1.2595 -1.89586 -5.17057 -0.49609 3.67428 5.91996 6.03469 2.10604 3.19368 2.31075 2.66426 1.04937 0.376797 -0.148034 -1.31174 -2.58514 -3.97813 -4.72191 -1.43861 0.240223 1.58755 2.21445 2.56172 2.72707 2.61837 2.36134 0.885383 1.98909 1.92098 1.79955 1.66224 1.59093 1.46585 1.32013 1.23625 1.19623 0.81581 1.21993 1.19432 1.18609 1.17347 1.14733 1.11081 1.07655 1.03786 1.02389 0.999072 0.970971 0.947847 0.928503 0.904348 0.839867
-9999 -9999 -9999 -9999 -9999 -9999 -9999 -9999 -7.31234 -2.08218 2.12108 4.30991 6.09155 6.57088 6.74135 5.9539 5.36124 3.9341 2.58237 0.505071 -2.5991 -4.51363 -1.01405 4.07645 5.95805 5.81385 5.69314 4.67182 3.75125 3.6325 3.69822 2.63461 1.07317 -0.968487 -1.61299 -2.33647 0.106034 0.425813 0.232285 2.9159 2.90655 2.73747 1.68938 0.524533 0.730136 0.00898048 0.548241 -0.315574 0.458321 1.12614 1.36934 1.33832 1.24494 1.22099 1.16827 1.22392 1.20949 1.18392 1.16041 1.14041 1.1146 1.06715 1.0331 1.02823 0.993547 0.962511 0.939376 0.922892 0.904361 0.853193
-9999 -9999 -9999 -9999 -9999 -9999 -9999 -9999 -7.09128 -2.69193 1.03589 3.2715 5.41496 5.90275 6.61698 6.44663 5.82694 4.58498 3.03711 1.32547 -1.33919 -3.32155 -0.985395 2.39372 4.81091 5.68198 5.67684 5.61478 5.38079 5.28228 5.01027 4.82413 3.701 1.77075 0.675625 -0.923941 1.79947 2.09328 1.6513 3.00162 2.91781 0.837857 -0.764836 -0.977634 -0.0160682 -0.950391 -1.12155 -1.69857 -1.06138 0.66474 0.145185 0.235076 1.01962 1.1375 1.20292 1.21256 1.19379 1.17616 1.14831 1.1353 1.12174 1.07501 1.04465 1.02152 0.975699 0.957853 0.92243 0.892275 0.872677 0.839169
-9999 -9999 -9999 -9999 -9999 -9999 -9999 -9999 -7.01121 -4.04968 -0.696281 2.5986 4.8884 5.80456 6.46771 6.44739 5.72966 5.10582 4.13087 2.62371 1.58682 -0.203885 -2.6565 1.43084 2.68292 3.80578 4.27133 5.43566 5.40315 4.86374 4.25359 4.82395 4.64603 3.11663 2.60675 1.75151 3.26085 3.25135 3.19518 3.099 1.33987 -1.09959 -3.05241 -1.67272 -1.97837 -1.34306 -3.33524 -1.71784 -0.41589 -0.00070706 -0.89494 -1.56787 0.477016 0.798119 0.987419 1.10383 1.17544 1.14113 1.14772 1.12086 1.0996 1.0774 1.04403 1.01754 0.984028 0.950398 0.921478 0.893549 0.856603 0.808077
-9999 -9999 -9999 -9999 -9999 -9999 -9999 -9999 -9999 -5.8084 -1.54939 2.2462 4.35409 5.67497 6.31188 6.28743 5.91434 5.48677 4.87749 3.78678 2.42045 0.268916 -1.33012 -0.330124 0.896597 1.0374 1.85044 4.21931 5.02531 3.87079 1.03424 2.70492 4.56777 4.52853 4.35907 4.16969 3.93129 3.71236 3.24801 2.02668 -1.6858 -2.43029 -3.89568 -3.74543 -4.5038 -2.88237 -3.49866 -1.84106 -1.12914 -0.867319 -2.42226 -2.09697 -0.300921 0.405219 0.273896 0.702157 1.11528 1.11545 1.11341 1.08799 1.08212 1.07022 1.04779 1.00772 0.978071 0.952369 0.906641 0.895143 0.743852 0.641424
-9999 -9999 -9999 -9999 -9999 -9999 -9999 -9999 -9999 -6.65607 -2.41184 2.05974 3.48774 4.91266 6.14043 6.15217 5.58911 5.05301 4.50139 3.87548 2.22079 0.616563 -0.914716 -1.4345 -1.1363 -1.15437 0.163657 3.25053 3.84346 3.58204 0.619575 -0.393005 2.09771 4.18886 4.34409 4.14264 1.65896 2.17288 0.82619 -0.996062 -1.50789 -2.31373 -4.00078 -3.20978 -4.44894 -3.93717 -4.07534 -3.13979 -2.6896 -1.57388 -2.93089 -2.92607 -1.16369 -0.277454 -0.267232 0.66312 0.986458 1.06132 1.06982 1.0716 1.06113 1.06112 1.03741 1.00845 0.975086 0.915296 0.793594 0.452938 -1.34951 -1.36033
-9999 -9999 -9999 -9999 -9999 -9999 -9999 -9999 -9999 -6.17044 -3.22867 0.737577 3.67229 3.84577 5.26604 5.99314 5.38219 4.6959 3.99421 3.68102 1.88128 -0.0939724 -1.6913 -3.57949 -3.27871 -1.9378 0.275451 2.2665 2.61703 2.19727 0.612129 1.3552 3.05058 3.94592 4.2024 3.98117 3.43099 3.10747 2.1125 1.67345 0.295887 -1.85047 -2.70437 -2.18634 -4.46388 -4.31911 -3.49509 -4.38051 -2.92667 -2.23705 -3.98652 -2.61382 -1.05131 -0.258567 0.432852 0.753351 0.8732 1.06358 1.05532 1.05845 1.05343 1.03584 1.02092 0.972989 0.93075 0.726036 0.431359 -1.25029 -1.95481 -1.83182
-9999 -9999 -9999 -9999 -9999 -9999 -9999 -9999 -9999 -5.67373 -3.02651 0.41078 2.49976 2.86384 4.4402 5.84043 5.6705 4.95712 4.73163 3.9932 2.46517 0.779047 -1.06237 -1.96224 -4.018 -2.01148 -0.410553 1.27386 2.05798 0.757551 0.0925515 1.24596 2.39209 2.84363 4.00014 3.97786 3.58571 1.93351 1.12107 1.44589 1.08888 0.473598 -1.00794 -1.087 -2.04345 -2.44736 -2.82936 -4.02349 -3.27161 -3.20743 -3.0173 -1.36383 -0.556947 -0.0262773 0.455155 0.571941 0.773674 1.03911 1.04995 1.04592 1.03033 1.02096 0.985676 0.891475 0.809724 0.412935 -0.277941 -1.5542 -3.60891 -2.18078
-9999 -9999 -9999 -9999 -9999 -9999 -9999 -9999 -9999 -6.13303 -3.32058 -0.384767 0.835834 1.03323 3.89582 5.64387 5.63481 5.29036 4.89024 3.08332 3.17753 2.8077 1.14548 -1.27056 -3.9226 -3.68365 -2.10794 0.123665 0.855073 -1.29974 -2.07243 -1.51995 0.217546 1.77134 3.39367 3.79717 3.30623 0.741256 -1.98417 -0.738955 0.592187 0.57134 0.163421 -1.21136 -1.65705 -2.06165 -3.06799 -4.75589 -4.51118 -4.05609 -2.18299 -1.60135 -0.695576 0.0544386 -0.246442 -0.0914267 0.625139 1.03036 1.03229 1.02564 1.02507 1.00088 0.96115 0.788383 0.606277 0.310743 -1.46706 -2.5779 -4.18657 -2.34097
-9999 -9999 -9999 -9999 -9999 -9999 -9999 -9999 -9999 -7.01355 -4.97598 -2.17068 -1.0472 0.75173 3.45614 4.78012 5.40851 5.38244 5.11185 4.29639 3.80184 2.83852 1.10966 -1.25008 -3.87165 -5.58128 -4.72581 -1.71243 -1.00555 -2.99664 -4.01965 -2.76688 -0.9149 1.83173 3.39606 3.59734 3.44299 2.90433 0.911145 -1.49468 -1.49963 -0.312679 -1.3302 -2.51069 -1.88207 -2.01412 -3.00799 -3.73438 -4.16449 -3.91023 -2.84146 -2.41174 -1.3637 0.18948 0.400396 0.342364 0.988228 1.00737 1.00874 1.0194 1.0042 0.983574 0.949074 0.805532 0.502248 -0.686071 -1.72415 -3.16248 -3.35298 -1.71051
-9999 -9999 -9999 -9999 -9999 -9999 -9999 -9999 -9999 -8.52497 -6.12603 -3.49913 -1.04035 1.28514 3.28485 3.42815 4.47711 4.46377 5.00791 4.83709 4.0806 3.26751 1.77642 -1.25217 -3.80009 -6.57762 -5.85709 -2.79007 -2.37717 -3.72211 -6.19919 -3.66137 -0.862006 1.67372 3.04104 1.94876 3.04437 2.94108 2.18637 0.749014 -1.47892 -1.45018 -3.12329 -3.20879 -2.36958 -2.1061 -2.26126 -2.80986 -3.67063 -3.53029 -2.88329 -2.73135 -1.76962 -0.568062 0.606261 0.792037 1.00469 1.00037 0.98988 0.994086 0.982025 0.942711 0.867284 0.717881 -0.280677 -1.46544 -2.20093 -3.2076 -3.34258 -1.44983
