Test_Spring_2018b/11_17/Temp/20171108_001.txt
ncols	170
nrows	115
xllcorner	350000.000000
yllcorner	4445000.000000
cellsize	1000.000000
nodata_value	-9999.000000
[rows 32 to 63 of 115, columns 72 to 143 of 170]
13.812 13.522 13.981 14.404 14.1529 13.9881 14.6819 14.6859 14.4553 13.9079 13.7097 13.5041 13.3797 12.6763 10.6954 8.90995 9.87306 9.9 9.24109 10.4343 9.81033 8.17591 5.86691 7.12828 6.80514 5.17088 4.77068 -9999 -9999 -9999 -9999 -9999 -9999 -9999 -9999 -9999 -9999 -9999 -9999 -9999 -9999 -9999 -9999 -9999 -9999 -9999 -9999 -9999 -9999 -9999 -9999 -9999 -9999 -9999 -9999 -9999 -9999 -9999 -9999 -9999 -9999 -9999 -9999 -9999 -9999 -9999 -9999 -9999 -9999 -9999 -9999 -9999
13.4195 13.2975 13.9776 13.9678 13.9293 14.1784 14.6115 14.7009 14.6135 14.3772 14.1732 13.9559 13.3981 12.5929 10.8981 8.86532 8.40751 9.40867 9.46068 9.62508 9.05676 8.34183 7.22103 8.1463 8.50809 7.43503 6.02875 5.12615 -9999 -9999 -9999 -9999 -9999 -9999 -9999 -9999 -9999 -9999 -9999 -9999 -9999 -9999 -9999 -9999 -9999 -9999 -9999 -9999 -9999 -9999 -9999 -9999 -9999 -9999 -9999 -9999 -9999 -9999 -9999 -9999 -9999 -9999 -9999 -9999 -9999 -9999 -9999 -9999 -9999 -9999 -9999 -9999
12.9512 12.3001 12.7118 13.022 13.5922 13.7464 13.8355 14.6459 14.6075 14.5745 14.2346 13.9636 13.5119 12.7371 11.6323 10.3012 7.98024 9.41814 10.545 10.5204 10.463 9.96336 8.88672 9.79491 9.84136 8.46918 6.90722 5.98925 5.61198 -9999 -9999 -9999 -9999 -9999 -9999 -9999 -9999 -9999 -9999 -9999 -9999 -9999 -9999 -9999 -9999 -9999 -9999 -9999 -9999 -9999 -9999 -9999 -9999 -9999 -9999 -9999 -9999 -9999 -9999 -9999 -9999 -9999 -9999 -9999 -9999 -9999 -9999 -9999 -9999 -9999 -9999 -9999
12.4186 11.6224 12.0366 12.5879 13.3641 13.7686 14.0781 14.3235 14.5737 14.549 14.2011 13.165 13.0207 12.98 12.2589 10.7408 9.22456 8.83487 10.5516 11.0459 10.9501 11.3366 10.4251 10.8617 10.6883 10.2046 8.70238 7.33221 6.76766 5.64805 -9999 -9999 -9999 -9999 -9999 -9999 -9999 -9999 -9999 -9999 -9999 -9999 -9999 -9999 -9999 -9999 -9999 -9999 -9999 -9999 -9999 -9999 -9999 -9999 -9999 -9999 -9999 -9999 -9999 -9999 -9999 -9999 -9999 -9999 -9999 -9999 -9999 -9999 -9999 -9999 -9999 -9999
-9999 -9999 11.1246 11.8735 12.4957 13.2542 13.9103 14.2411 14.5626 14.5415 13.8418 13.5018 13.4761 13.0051 12.172 11.6506 10.6976 9.70434 10.0894 11.554 10.9083 11.947 11.8634 12.0574 11.3696 10.0631 8.31763 7.30047 6.7958 5.88929 -9999 -9999 -9999 -9999 -9999 -9999 -9999 -9999 -9999 -9999 -9999 -9999 -9999 -9999 -9999 -9999 -9999 -9999 -9999 -9999 -9999 -9999 -9999 -9999 -9999 -9999 -9999 -9999 -9999 -9999 -9999 -9999 -9999 -9999 -9999 -9999 -9999 -9999 -9999 -9999 -9999 -9999
-9999 -9999 -9999 11.7384 12.2138 13.2272 13.7532 13.9695 14.4853 14.491 14.2288 14.0319 13.7441 13.3667 12.7416 12.0515 11.1554 11.0762 12.0145 12.03 11.8388 11.9961 12.4799 12.3572 11.2902 9.44748 8.47488 6.49536 5.6495 5.74065 5.14237 -9999 -9999 -9999 -9999 -9999 -9999 -9999 -9999 -9999 -9999 -9999 -9999 7.50752 -9999 -9999 -9999 -9999 -9999 -9999 -9999 -9999 -9999 -9999 -9999 -9999 -9999 -9999 -9999 -9999 -9999 -9999 -9999 -9999 3.98078 -9999 -9999 -9999 -9999 -9999 -9999 -9999
-9999 -9999 11.6444 12.2787 12.7739 13.4109 13.4766 13.8584 14.451 14.4642 14.2796 14.0703 13.5941 13.4795 13.1255 12.3759 12.2258 12.5356 12.6804 12.8439 12.9461 12.8703 12.6797 12.4322 11.7457 10.8925 10.3212 8.51291 7.60066 6.7276 5.40418 4.36984 -9999 -9999 -9999 -9999 -9999 -9999 -9999 6.7972 6.75259 6.78088 7.0768 7.8854 7.41774 -9999 -9999 -9999 -9999 -9999 -9999 -9999 -9999 -9999 -9999 -9999 -9999 -9999 -9999 -9999 -9999 -9999 -9999 -9999 4.70726 3.66645 -9999 -9999 -9999 -9999 -9999 -9999
-9999 -9999 11.816 12.4835 12.8194 13.4384 13.7947 14.0301 14.2387 14.4382 14.4101 14.1781 13.8227 13.8295 13.3379 13.0748 12.888 13.3055 13.3912 13.2294 13.0253 12.8453 12.3289 12.2725 12.1068 11.5667 10.6776 9.76134 8.43768 6.63953 4.87625 3.45487 -9999 -9999 -9999 -9999 -9999 -9999 6.94388 7.61637 8.02116 7.1753 7.9067 8.5756 8.47419 7.83494 -9999 -9999 -9999 -9999 -9999 -9999 -9999 -9999 -9999 -9999 -9999 -9999 -9999 -9999 9.64558 8.57843 6.418 5.31293 4.65184 3.70591 -9999 -9999 -9999 -9999 -9999 -9999
-9999 -9999 11.6851 12.4728 13.0081 13.4838 13.5643 14.0534 14.2676 14.377 14.3694 14.3272 14.2655 13.8371 13.6553 13.0053 13.6355 13.616 13.4616 12.8383 12.5704 11.4973 11.0272 10.9251 11.8346 11.169 9.77537 8.03222 5.93757 5.80533 5.11499 3.84505 -9999 -9999 -9999 -9999 -9999 -9999 7.15214 7.87111 8.472 8.56356 7.72282 8.90774 8.86724 8.21146 8.06611 8.61193 8.89078 8.69099 9.34308 9.53671 9.24935 9.57359 -9999 -9999 -9999 -9999 9.78555 9.83339 9.87068 9.42874 7.06812 5.45738 4.01143 3.88254 -9999 -9999 -9999 -9999 -9999 -9999
-9999 -9999 12.2274 12.7145 12.9635 13.0083 13.436 13.8644 14.1282 14.3232 14.2898 14.2791 14.2673 14.1238 13.7842 13.8504 13.8268 13.6301 12.4402 11.0505 11.662 10.8378 9.07072 10.5138 11.3081 10.5535 8.86382 6.90399 6.26575 6.29692 5.33517 4.09712 -9999 -9999 -9999 5.18751 6.21488 6.30866 6.61499 7.57239 8.30185 8.85233 9.22897 9.22243 8.83484 8.19343 7.49581 7.75043 9.01771 9.32998 9.59503 9.79544 9.5289 9.67423 10.0162 10.1949 10.2346 10.1595 10.1457 10.1778 10.142 9.72986 7.61939 6.41324 5.64545 4.09874 -9999 -9999 -9999 -9999 -9999 -9999
-9999 -9999 11.926 12.3503 12.695 13.2634 13.3284 13.6903 13.9083 14.227 14.2674 13.904 14.2129 14.1781 14.1257 14.0093 13.8367 12.8329 11.4477 10.0589 9.41989 9.69809 8.63653 9.1875 9.99235 9.70311 8.6687 6.92313 6.68054 6.27821 4.65806 3.09841 -9999 -9999 3.20067 5.16748 6.55382 7.27126 7.49684 7.52286 8.44069 8.51716 9.50486 9.2799 7.9847 8.13541 7.63359 7.96563 8.43284 8.56422 9.23459 9.88072 10.006 10.013 10.2322 10.2807 10.2963 10.295 10.1536 10.2248 10.2395 9.98433 8.45604 7.71324 6.89498 4.12005 -9999 -9999 -9999 -9999 -9999 -9999
-9999 -9999 12.1414 12.6152 13.1335 13.222 13.6075 13.5734 13.4718 14.0067 14.2048 13.9498 13.7674 14.1166 14.0971 14.0556 13.9843 13.0412 11.9491 10.2936 9.26643 8.63997 8.19595 7.60207 8.01723 7.89518 7.73034 7.92818 7.45066 6.49525 5.5483 3.77275 2.81424 -9999 3.30793 4.19799 5.84589 7.24711 8.13838 7.82441 8.86744 9.0648 9.66881 9.3219 8.53735 8.20224 8.17655 8.07736 8.78106 9.25544 9.59154 9.81765 10.099 10.1734 10.2481 10.2817 10.302 10.3225 10.3233 10.3222 10.2957 10.2026 9.50246 8.76161 7.15409 4.21326 -9999 -9999 -9999 -9999 -9999 -9999
-9999 10.772 12.0887 12.8796 13.1892 13.4142 13.6131 13.7586 13.9119 14.0541 14.1539 14.1177 13.4343 13.495 13.623 14.0178 13.994 13.9124 13.317 11.3018 10.6079 9.59209 8.27535 7.72716 8.00682 9.09315 9.04872 8.33582 7.54093 6.44054 5.74131 4.65396 2.56291 2.75557 3.70371 4.41045 5.53187 7.24362 8.44502 8.98375 9.1902 9.61574 9.8392 9.36148 8.90743 8.7191 8.3663 8.32043 8.32765 8.75457 9.08827 9.82587 10.0768 10.1942 10.2559 10.2911 10.3178 10.3442 10.3563 10.3466 10.3519 10.3507 10.3041 9.31564 6.83503 4.96895 -9999 -9999 -9999 -9999 -9999 -9999
-9999 -9999 11.8473 12.1983 12.2942 12.4579 12.7873 13.1663 13.7018 13.7751 14.0717 14.0751 13.4865 12.8062 13.4072 13.6483 13.8981 13.9094 13.8362 12.143 11.2592 10.5642 9.30178 9.76219 10.1999 10.2367 9.97884 8.44581 6.91905 5.15798 3.51309 3.4382 2.55454 3.02838 3.65614 5.2612 6.39216 6.85357 7.18633 8.92645 9.38266 9.54212 9.99103 9.38985 9.24129 8.7907 8.93071 8.89552 8.90275 7.64611 8.91569 8.99493 9.8236 10.1985 10.287 10.3141 10.3428 10.351 10.3602 10.3609 10.3738 10.3662 10.3572 9.71645 6.56981 4.9933 -9999 -9999 -9999 -9999 -9999 -9999
-9999 -9999 -9999 -9999 11.9693 12.2384 12.413 12.7109 13.6131 13.8597 14.0252 14.0439 13.7843 13.1108 12.9367 13.0652 12.4079 12.9653 13.7263 13.7113 13.6233 12.1355 11.3762 12.1189 11.8981 10.7807 9.9021 9.03504 7.24686 5.93883 4.05308 2.63803 2.58854 4.15859 5.46336 7.08747 7.80666 7.40448 7.84982 8.71639 9.70023 10.1784 10.0715 9.43753 9.35296 8.6556 9.35036 9.41415 9.09791 8.82516 8.94002 9.35221 9.51214 10.1613 10.3217 10.3537 10.3629 10.3699 10.3715 10.3723 10.369 10.367 10.3628 10.3386 7.10403 4.58952 -9999 -9999 -9999 -9999 -9999 -9999
-9999 -9999 -9999 -9999 11.3486 11.5148 11.9424 13.0318 13.6049 13.8393 13.8367 13.9477 13.7661 13.1742 12.5663 11.9932 11.2526 11.6827 12.8136 13.4819 13.5613 12.2576 12.9418 12.6909 12.1926 10.73 9.65311 9.08403 7.36745 5.89829 4.64499 2.9131 3.6595 4.48124 5.5357 7.30719 8.50402 8.99849 8.59201 9.14783 10.2793 10.2904 9.67901 9.7239 9.3534 8.39869 9.40243 9.68828 9.46638 9.52978 9.44967 9.60589 9.88676 10.1556 10.3357 10.3637 10.3707 10.3692 10.3732 10.3782 10.3704 10.3761 10.3719 10.3604 8.27442 4.54314 -9999 -9999 -9999 -9999 -9999 -9999
-9999 -9999 -9999 -9999 -9999 10.7898 11.7583 13.2025 13.5651 13.5378 13.84 13.8706 13.5892 13.3454 12.6065 11.5953 9.64855 10.1498 11.1911 12.6909 13.4809 13.3787 12.9452 12.1894 10.3551 8.75024 8.55875 8.29929 7.04758 5.91709 4.52327 5.33695 6.22799 7.20256 7.71666 7.58857 8.61474 9.45231 9.10334 9.78411 10.5775 10.2248 10.0182 9.84554 9.4166 9.39532 9.44552 10.0176 9.62992 9.87583 9.88633 9.87725 10.0161 10.1753 10.3422 10.3731 10.3776 10.3845 10.3699 10.381 10.3762 10.3718 10.3683 10.3592 10.1751 8.16795 6.9703 -9999 -9999 -9999 -9999 -9999
-9999 -9999 -9999 -9999 -9999 9.90307 10.3889 12.0982 12.6298 13.3878 13.7926 13.8159 13.3376 13.073 11.9698 11.6149 9.81457 9.00177 9.69941 9.43809 11.5016 13.3281 12.9353 9.26047 7.93195 6.98549 7.23355 7.2398 6.89425 4.96684 4.43828 6.17183 7.2649 8.1128 8.75711 8.89476 8.8772 10.1847 10.3625 10.7906 10.7034 10.7475 10.0946 9.69238 10.0527 9.64757 9.58246 10.1733 9.60106 10.1278 10.0707 9.91856 9.91486 10.2631 10.337 10.3779 10.3842 10.3749 10.3619 10.3565 10.3723 10.3719 10.3579 10.364 10.3506 10.1169 9.08063 8.7221 9.13117 -9999 -9999 -9999
-9999 -9999 -9999 -9999 -9999 -9999 8.80164 11.175 12.2621 12.8357 13.641 13.7425 13.4904 13.0292 11.9053 10.9174 9.30854 7.47041 6.49883 9.42408 11.9706 13.3017 13.1313 10.073 8.86853 8.81653 9.53236 8.93577 8.48427 7.02066 6.58596 5.98023 6.36005 7.54033 8.50516 9.43615 10.1143 10.1738 10.6156 10.8715 10.8969 10.9803 10.9079 10.8497 10.2197 10.6632 10.2962 10.4986 10.3764 10.2665 10.1723 9.8137 10.0748 10.3065 10.3694 10.3913 10.3816 10.3825 10.3771 10.3601 10.3552 10.3586 10.3614 10.355 10.3601 10.3546 10.2434 9.62211 8.78846 7.73373 -9999 -9999
-9999 -9999 -9999 -9999 -9999 -9999 7.62037 9.98204 11.1228 12.5895 13.3467 13.6568 13.6212 13.2483 12.3954 11.1094 10.0388 7.9863 5.85494 8.92507 11.6607 13.1388 13.2212 10.6518 11.3695 10.797 11.0338 9.98225 9.54783 9.20553 8.45163 7.62685 6.7242 6.24864 8.40964 9.52139 10.417 10.8416 11.0837 11.2068 11.1478 10.9908 10.0378 10.7728 10.7385 10.6707 10.5923 10.5568 10.486 10.4017 10.3537 10.3395 10.1029 10.3805 10.378 10.3856 10.3909 10.3877 10.3782 10.3706 10.3603 10.3649 10.3611 10.3568 10.3555 10.358 10.3557 10.3267 10.1656 8.74729 7.90103 7.6676
-9999 -9999 -9999 -9999 -9999 -9999 4.31087 7.7442 10.5051 11.9489 13.1248 13.4512 13.576 13.0741 12.6998 11.7792 10.9076 9.56065 7.54085 6.29891 8.59872 11.9399 13.1742 13.0823 13.0096 12.3471 11.7505 11.6788 11.7281 11.0333 10.0186 8.69118 8.27968 7.81701 9.42759 9.64963 9.53644 11.3071 11.3155 11.2195 10.5481 9.79619 9.94438 9.48153 9.8448 9.29121 9.80934 10.2578 10.4283 10.4192 10.3648 10.3621 10.3398 10.3909 10.394 10.3902 10.3883 10.3891 10.3866 10.3702 10.3629 10.3748 10.3652 10.3596 10.3553 10.3598 10.3613 10.3412 10.3233 10.1096 9.78569 9.16354
-9999 -9999 -9999 -9999 -9999 -9999 4.45993 7.34906 9.79965 11.2714 12.6864 13.0182 13.4986 13.4004 13.0081 12.2084 11.2083 10.1005 8.36826 7.08195 8.62155 10.8413 12.4321 13.0049 13.003 12.969 12.8224 12.7647 12.5932 12.4725 11.7457 10.4918 9.78508 8.74902 10.5434 10.7483 10.4723 11.37 11.3293 9.98229 8.94763 8.82255 9.46099 8.86262 8.76095 8.39104 8.81986 9.96127 9.63441 9.70443 10.2242 10.3133 10.3713 10.3899 10.3902 10.3917 10.3869 10.3923 10.3977 10.3817 10.3767 10.3765 10.3615 10.3623 10.3536 10.3495 10.3465 10.338 10.3221 10.265 10.2015 10.2783
-9999 -9999 -9999 -9999 -9999 -9999 4.52081 6.46502 8.67074 10.8355 12.3462 12.9583 13.4051 13.4048 12.948 12.5527 11.9273 10.9532 10.2864 9.12553 7.53076 10.216 11.0426 11.7804 12.094 12.8629 12.8483 12.5018 12.0979 12.4793 12.3718 11.3802 11.0567 10.5079 11.5076 11.5139 11.4902 11.4408 10.3033 8.72064 7.45655 8.37361 8.18728 8.61085 7.3171 8.3906 9.25469 9.53803 8.95947 8.53041 9.87506 10.1008 10.2369 10.3256 10.3851 10.3757 10.3935 10.3897 10.39 10.39 10.3829 10.3804 10.3734 10.3661 10.3591 10.3565 10.3464 10.3322 10.3362 10.309 10.301 10.2945
-9999 -9999 -9999 -9999 -9999 -9999 -9999 5.32251 8.11682 10.6125 12.0039 12.8805 13.3098 13.3064 13.0749 12.8077 12.4215 11.7198 10.8374 9.4404 8.40448 9.06912 9.87908 9.97375 10.5137 12.0717 12.6066 11.8581 10.0017 11.1032 12.3314 12.3152 12.2144 12.1012 11.9543 11.8234 11.5323 10.7462 8.32987 7.85882 6.91365 7.02591 6.54321 7.61156 7.21807 8.31543 8.79349 8.97666 7.97045 8.18872 9.38006 9.85426 9.7804 10.073 10.353 10.3662 10.3784 10.3755 10.3858 10.3925 10.3924 10.3842 10.3797 10.3778 10.3597 10.368 10.2831 10.2299 10.1166 10.2686 10.2879 10.3013
-9999 -9999 -9999 -9999 -9999 -9999 -9999 4.76761 7.55677 10.4951 11.4415 12.3862 13.2021 13.2222 12.8662 12.5278 12.1791 11.7815 10.7102 9.6715 8.68002 8.35007 8.55498 8.54314 9.41418 11.4427 11.8387 11.6755 9.73634 9.08245 10.7221 12.1006 12.2126 12.0917 10.4776 10.8261 9.95735 8.77771 8.45613 7.94231 6.85176 7.38317 6.58557 6.9338 6.84618 7.47104 7.77794 8.52024 7.64384 7.65243 8.82225 9.41461 9.43367 10.0552 10.2796 10.3416 10.3606 10.3756 10.3828 10.3972 10.3964 10.3922 10.3852 10.3608 10.2958 10.0842 8.91988 8.92669 9.25338 9.56286 10.1221 10.2832
-9999 -9999 -9999 -9999 -9999 -9999 -9999 5.08968 7.02653 9.63422 11.5669 11.6925 12.6344 13.1226 12.7351 12.2983 11.8512 11.6582 10.4919 9.21029 8.17566 6.95019 7.15704 8.04427 9.49209 10.8039 11.0417 10.7754 9.73798 10.2337 11.3531 11.9493 12.1278 11.9941 11.6456 11.4459 10.8072 10.5328 9.6443 8.25278 7.70732 8.05984 6.58239 6.69028 7.24254 6.6648 7.62879 8.09238 6.95932 7.86762 8.90288 9.43432 9.89951 10.1221 10.2135 10.3513 10.3594 10.3752 10.386 10.3888 10.3936 10.3768 10.3639 10.2445 10.0662 8.97976 8.53096 8.62546 9.13531 9.58244 10.0513 10.2457
-9999 -9999 -9999 -9999 -9999 -9999 -9999 5.41897 7.16326 9.42488 10.8041 11.0545 12.0985 13.0273 12.9284 12.4737 12.3382 11.8668 10.8783 9.78595 8.59162 8.01319 6.67779 8.00098 9.048 10.1595 10.6816 9.83013 9.40434 10.169 10.9293 11.2353 12.0031 11.9997 11.7547 10.6854 10.1661 10.3915 10.1708 9.78123 8.82475 8.78624 8.17337 7.92203 7.68486 6.90452 7.40918 7.46357 7.60394 8.69273 9.23366 9.59381 9.9218 10.0112 10.1564 10.3435 10.3642 10.3754 10.3792 10.3873 10.3786 10.3315 10.2926 10.0474 9.60961 8.78854 7.45584 8.40472 9.39673 9.69709 9.9899 10.1439
-9999 -9999 -9999 -9999 -9999 -9999 -9999 5.12252 6.97519 8.90873 9.71971 9.86106 11.747 12.9034 12.9098 12.6965 12.4466 11.2758 11.3491 11.1184 10.0414 8.47066 6.74513 6.91158 7.94582 9.41212 9.9001 8.48956 7.99362 8.36531 9.51292 10.5406 11.6135 11.889 11.5794 9.91262 8.1411 8.96882 9.85299 9.85236 9.59845 8.71168 8.43301 8.18115 7.53529 6.43901 6.60412 6.91454 8.15056 8.54429 9.15018 9.65414 9.4703 9.58497 10.0673 10.3461 10.361 10.3705 10.3842 10.3825 10.3709 10.2722 10.1675 9.98847 8.8392 8.12641 7.08836 8.30778 8.98558 9.35055 9.99609 10.1538
-9999 -9999 -9999 -9999 -9999 -9999 -9999 4.55041 5.89609 7.7444 8.49194 9.68168 11.4641 12.343 12.7666 12.7617 12.5966 12.0747 11.7626 11.1434 10.0229 8.48907 6.7836 5.67476 6.24469 8.21585 8.68589 7.38485 6.72534 7.55565 8.77844 10.5871 11.6222 11.7655 11.6763 11.3358 10.0435 8.4814 8.49094 9.28075 8.6277 7.868 8.29243 8.21891 7.58121 7.1185 6.83744 7.02009 7.72645 8.02094 8.72016 9.75006 9.90144 9.87686 10.3131 10.3393 10.354 10.3748 10.3789 10.3796 10.3713 10.2917 10.1075 9.34411 8.67899 7.75185 7.64139 8.72857 9.20754 9.65332 9.97248 10.0798
-9999 -9999 -9999 -9999 -9999 -9999 -9999 3.56541 5.14785 6.87956 8.5013 10.0358 11.3571 11.4633 12.1622 12.1656 12.5338 12.4338 11.9503 11.4294 10.4645 8.49297 6.83576 5.02802 5.50975 7.52004 7.78616 6.91595 5.30486 6.97649 8.81956 10.4904 11.3967 10.6933 11.4223 11.3669 10.8853 9.95701 8.51142 8.54305 7.4608 7.41776 7.97997 8.16531 8.07659 7.73028 7.17501 7.27537 7.70601 7.81885 8.46178 9.26173 10.0439 10.1791 10.332 10.3429 10.3499 10.3667 10.3728 10.3612 10.3261 10.2426 9.60328 8.84213 8.37506 7.73049 7.65645 8.90997 9.4128 9.69494 9.9713 10.0833
-9999 -9999 -9999 -9999 -9999 -9999 -9999 -9999 4.98621 6.7751 8.09996 8.45998 9.63492 10.2714 10.7648 10.8775 12.2774 12.3586 12.0535 11.5754 10.753 9.25788 8.21739 6.48354 5.2384 5.75464 5.99796 6.46094 6.32952 7.07722 8.84848 10.6937 10.8985 9.7329 9.91016 10.159 10.7115 10.4374 8.46614 7.46666 6.63773 7.23366 7.86035 8.01514 8.04945 7.93349 7.79945 7.56521 8.40225 9.02274 9.16997 9.7116 10.1127 10.2267 10.3137 10.3285 10.3434 10.3482 10.3297 10.3176 10.2227 10.0044 9.28868 7.56099 7.64655 7.46383 6.92962 8.15339 8.92858 9.62135 9.99171 10.0909
-9999 -9999 -9999 -9999 -9999 -9999 -9999 -9999 4.39228 6.46138 6.90201 6.8741 6.19502 6.51408 9.05242 9.56695 10.9096 12.1812 12.0923 11.6232 10.854 9.96515 8.58677 6.63624 5.08718 4.43705 6.111 7.75528 8.09809 8.62604 9.71293 9.92271 8.73131 7.61432 8.24774 8.63088 10.0794 10.3471 10.0704 8.8842 7.5274 6.82106 7.66361 7.77969 7.83401 7.84797 7.82601 7.79649 8.73981 9.26359 9.62827 9.82883 10.1738 10.2654 10.2978 10.3286 10.327 10.3141 10.2649 10.2084 9.94372 9.62234 8.44705 7.46796 6.85917 6.08514 7.84462 8.37051 9.09903 9.56947 9.93784 10.0222
