Test_Spring_2018b/11_17/Temp/20171109_023.txt
ncols	170
nrows	115
xllcorner	350000.000000
yllcorner	4445000.000000
cellsize	1000.000000
nodata_value	-9999.000000
[rows 32 to 63 of 115, columns 72 to 143 of 170]
10.5668 10.1604 10.77 11.3309 10.9937 10.771 11.6986 11.6934 11.3696 10.6161 10.3362 10.0462 9.86635 8.90128 6.20341 3.77105 5.06705 5.0937 4.19062 5.80031 4.94586 2.72153 -0.417116 1.28759 0.843601 -1.35361 -1.89863 -9999 -9999 -9999 -9999 -9999 -9999 -9999 -9999 -9999 -9999 -9999 -9999 -9999 -9999 -9999 -9999 -9999 -9999 -9999 -9999 -9999 -9999 -9999 -9999 -9999 -9999 -9999 -9999 -9999 -9999 -9999 -9999 -9999 -9999 -9999 -9999 -9999 -9999 -9999 -9999 -9999 -9999 -9999 -9999 -9999
10.0269 9.84817 10.7578 10.7316 10.6838 11.0214 11.5956 11.7059 11.5765 11.2449 10.957 10.6512 9.88342 8.78028 6.4707 3.70285 3.07164 4.41975 4.48098 4.6952 3.9162 2.93895 1.41178 2.66036 3.14511 1.69729 -0.200677 -1.41987 -9999 -9999 -9999 -9999 -9999 -9999 -9999 -9999 -9999 -9999 -9999 -9999 -9999 -9999 -9999 -9999 -9999 -9999 -9999 -9999 -9999 -9999 -9999 -9999 -9999 -9999 -9999 -9999 -9999 -9999 -9999 -9999 -9999 -9999 -9999 -9999 -9999 -9999 -9999 -9999 -9999 -9999 -9999 -9999
9.38365 8.48747 9.03293 9.44087 10.2304 10.425 10.5351 11.6233 11.5602 11.5043 11.0321 10.6534 10.0295 8.96762 7.45818 5.64206 2.48379 4.42432 5.94342 5.90134 5.81541 5.13014 3.66283 4.8882 4.94513 3.09524 0.993183 -0.258114 -0.776361 -9999 -9999 -9999 -9999 -9999 -9999 -9999 -9999 -9999 -9999 -9999 -9999 -9999 -9999 -9999 -9999 -9999 -9999 -9999 -9999 -9999 -9999 -9999 -9999 -9999 -9999 -9999 -9999 -9999 -9999 -9999 -9999 -9999 -9999 -9999 -9999 -9999 -9999 -9999 -9999 -9999 -9999 -9999
8.65295 7.56 8.10896 8.84393 9.89791 10.4478 10.8559 11.1778 11.5061 11.4614 10.9782 9.56155 9.35462 9.28824 8.29916 6.22932 4.16253 3.62418 5.94349 6.60527 6.46727 6.98401 5.74085 6.32667 6.08543 5.42861 3.40666 1.55469 0.782384 -0.743262 -9999 -9999 -9999 -9999 -9999 -9999 -9999 -9999 -9999 -9999 -9999 -9999 -9999 -9999 -9999 -9999 -9999 -9999 -9999 -9999 -9999 -9999 -9999 -9999 -9999 -9999 -9999 -9999 -9999 -9999 -9999 -9999 -9999 -9999 -9999 -9999 -9999 -9999 -9999 -9999 -9999 -9999
-9999 -9999 6.86355 7.88009 8.70854 9.74172 10.62 11.0577 11.4825 11.4426 10.4821 10.0094 9.96305 9.3129 8.17173 7.45382 6.15077 4.7938 5.30692 7.28481 6.40118 7.80276 7.68266 7.93968 7.00099 5.23721 2.87613 1.50313 0.812185 -0.42434 -9999 -9999 -9999 -9999 -9999 -9999 -9999 -9999 -9999 -9999 -9999 -9999 -9999 -9999 -9999 -9999 -9999 -9999 -9999 -9999 -9999 -9999 -9999 -9999 -9999 -9999 -9999 -9999 -9999 -9999 -9999 -9999 -9999 -9999 -9999 -9999 -9999 -9999 -9999 -9999 -9999 -9999
-9999 -9999 -9999 7.68852 8.31825 9.68134 10.3982 10.6806 11.3691 11.3653 10.998 10.7191 10.317 9.79355 8.93438 7.98732 6.76138 6.64414 7.90768 7.92036 7.65331 7.8597 8.50966 8.33744 6.89033 4.39379 3.0695 0.402876 -0.750534 -0.633624 -1.45254 -9999 -9999 -9999 -9999 -9999 -9999 -9999 -9999 -9999 -9999 -9999 -9999 1.60719 -9999 -9999 -9999 -9999 -9999 -9999 -9999 -9999 -9999 -9999 -9999 -9999 -9999 -9999 -9999 -9999 -9999 -9999 -9999 -9999 -3.44938 -9999 -9999 -9999 -9999 -9999 -9999 -9999
-9999 -9999 7.55149 8.40933 9.06989 9.92279 10.0154 10.5214 11.3137 11.3199 11.0576 10.7618 10.1038 9.93631 9.44459 8.41655 8.20242 8.61261 8.79993 9.01351 9.14472 9.0353 8.77098 8.43012 7.50715 6.34552 5.56616 3.11963 1.88856 0.69804 -1.10416 -2.5151 -9999 -9999 -9999 -9999 -9999 -9999 -9999 0.687898 0.614341 0.63952 1.02758 2.11093 1.4631 -9999 -9999 -9999 -9999 -9999 -9999 -9999 -9999 -9999 -9999 -9999 -9999 -9999 -9999 -9999 -9999 -9999 -9999 -9999 -2.47671 -3.90203 -9999 -9999 -9999 -9999 -9999 -9999
-9999 -9999 7.7839 8.67868 9.12352 9.95222 10.4243 10.7456 11.017 11.2757 11.2254 10.8983 10.4038 10.4006 9.72171 9.35325 9.08909 9.64533 9.75259 9.52502 9.24118 8.99088 8.2853 8.20432 7.98792 7.25176 6.04225 4.79562 3.01701 0.57223 -1.82617 -3.76181 -9999 -9999 -9999 -9999 -9999 -9999 0.892997 1.79197 2.32763 1.1668 2.14522 3.03879 2.88745 2.01493 -9999 -9999 -9999 -9999 -9999 -9999 -9999 -9999 -9999 -9999 -9999 -9999 -9999 -9999 4.26166 2.80097 -0.14246 -1.65441 -2.56426 -3.86065 -9999 -9999 -9999 -9999 -9999 -9999
-9999 -9999 7.59757 8.65573 9.37144 10.0061 10.1043 10.7549 11.0475 11.1838 11.1609 11.0907 10.994 10.4001 10.141 9.24736 10.0911 10.0544 9.83598 8.98279 8.61267 7.15171 6.50961 6.37875 7.60959 6.7044 4.81152 2.44429 -0.389429 -0.56493 -1.50752 -3.23741 -9999 -9999 -9999 -9999 -9999 -9999 1.16957 2.13116 2.93241 3.04268 1.88833 3.48148 3.42051 2.51658 2.30477 3.03021 3.39331 3.11824 3.99199 4.23798 3.83156 4.25477 -9999 -9999 -9999 -9999 4.46538 4.51651 4.55379 3.9414 0.726751 -1.47075 -3.44486 -3.63529 -9999 -9999 -9999 -9999 -9999 -9999
-9999 -9999 8.32432 8.97521 9.30298 9.35355 9.92291 10.4913 10.8499 11.1014 11.0431 11.0152 10.9856 10.7775 10.3037 10.3811 10.3375 10.0603 8.4371 6.54429 7.36697 6.246 3.85025 5.81074 6.88658 5.86166 3.56844 0.908432 0.0507366 0.096799 -1.21335 -2.89958 -9999 -9999 -9999 -1.46138 -0.0805136 0.0333919 0.435102 1.71957 2.69468 3.42777 3.92425 3.90916 3.36814 2.48347 1.52235 1.85259 3.5561 3.96403 4.32267 4.57745 4.19882 4.37564 4.82299 5.04945 5.08778 4.97098 4.93798 4.96769 4.90588 4.33396 1.46232 -0.186069 -1.24003 -3.36103 -9999 -9999 -9999 -9999 -9999 -9999
-9999 -9999 7.90673 8.47278 8.93062 9.69236 9.7699 10.2495 10.5322 10.9624 11.0036 10.4969 10.9017 10.8405 10.7557 10.5849 10.3389 8.9667 7.07863 5.18731 4.31432 4.69018 3.24734 3.99802 5.08862 4.70057 3.30024 0.931467 0.600562 0.0609312 -2.13548 -4.25773 -9999 -9999 -4.14766 -1.49193 0.3755 1.33491 1.62661 1.64728 2.87739 2.96621 4.291 3.978 2.2058 2.39527 1.70074 2.13574 2.74998 2.91246 3.81413 4.67841 4.8312 4.82375 5.10438 5.15382 5.1594 5.14269 4.93665 5.01951 5.02645 4.66759 2.58219 1.56222 0.437257 -3.34617 -9999 -9999 -9999 -9999 -9999 -9999
-9999 -9999 8.1914 8.82484 9.51839 9.62846 10.1407 10.084 9.93323 10.6465 10.9101 10.5497 10.2876 10.7466 10.7059 10.6362 10.5273 9.23723 7.74669 5.49374 4.09465 3.24352 2.63909 1.84206 2.40493 2.23945 2.0159 2.284 1.64122 0.351858 -0.93664 -3.3462 -4.65418 -9999 -4.00491 -2.80985 -0.587986 1.29844 2.49257 2.05157 3.45097 3.70326 4.5131 4.0276 2.94781 2.47453 2.42421 2.27411 3.21293 3.8413 4.28876 4.57819 4.94672 5.03037 5.1148 5.14401 5.15572 5.16854 5.15534 5.14034 5.09147 4.95277 3.99084 2.97143 0.778616 -3.22922 -9999 -9999 -9999 -9999 -9999 -9999
-9999 6.32533 8.1116 9.17574 9.58653 9.88198 10.1414 10.3277 10.5228 10.7039 10.826 10.7685 9.82626 9.89334 10.0522 10.5738 10.5289 10.4071 9.59035 6.84961 5.90479 4.52833 2.74117 2.00228 2.38245 3.85707 3.79799 2.83192 1.75403 0.268294 -0.677546 -2.15753 -4.99778 -4.74577 -3.47069 -2.52447 -1.01702 1.29017 2.90447 3.61953 3.88369 4.44966 4.73745 4.07109 3.43916 3.16803 2.6738 2.59583 2.58978 3.15291 3.59626 4.58008 4.90314 5.04842 5.11499 5.1461 5.16651 5.18734 5.18946 5.16295 5.15732 5.14346 5.06612 3.71327 0.327963 -2.22212 -9999 -9999 -9999 -9999 -9999 -9999
-9999 -9999 7.7763 8.24401 8.36526 8.57789 9.01458 9.5176 10.2312 10.3181 10.7071 10.6979 9.88819 8.94972 9.74953 10.0623 10.3881 10.3923 10.2836 7.98396 6.78119 5.83639 4.12363 4.75351 5.349 5.40109 5.05348 2.97601 0.906415 -1.47492 -3.70805 -3.81343 -5.01432 -4.37859 -3.53807 -1.37357 0.146545 0.757444 1.19311 3.53722 4.14296 4.34144 4.93421 4.10273 3.88489 3.25778 3.43177 3.36811 3.36195 1.64145 3.35363 3.44378 4.55051 5.04227 5.14755 5.16767 5.19064 5.18676 5.18503 5.17261 5.17744 5.15355 5.12363 4.24107 -0.0405298 -2.19761 -9999 -9999 -9999 -9999 -9999 -9999
-9999 -9999 -9999 -9999 7.91768 8.27348 8.50015 8.89337 10.1044 10.4263 10.6373 10.6483 10.2814 9.35419 9.10243 9.26209 8.35727 9.10322 10.1273 10.1009 9.97783 7.95814 6.9326 7.94162 7.64469 6.13193 4.9432 3.76983 1.34644 -0.419992 -2.97921 -4.90182 -4.97428 -2.85225 -1.09034 1.09988 2.06126 1.50052 2.08854 3.24834 4.56632 5.19838 5.0369 4.16062 4.0293 3.06726 3.99352 4.06398 3.61899 3.23296 3.37853 3.92025 4.11991 4.98341 5.18437 5.21261 5.20921 5.20366 5.19172 5.17947 5.15896 5.14248 5.12317 5.07677 0.675724 -2.75353 -9999 -9999 -9999 -9999 -9999 -9999
-9999 -9999 -9999 -9999 7.06916 7.2854 7.85544 9.32207 10.0868 10.3922 10.375 10.5112 10.2498 9.4317 8.5922 7.79991 6.7825 7.35507 8.88058 9.78108 9.88521 8.11546 9.04807 8.70983 8.03683 6.05635 4.59915 3.83042 1.50462 -0.480068 -2.18105 -4.53308 -3.52575 -2.41851 -0.997967 1.39327 3.00238 3.65745 3.09042 3.82781 5.34568 5.34393 4.49794 4.54218 4.02285 2.71155 4.05677 4.42835 4.11128 4.18119 4.06211 4.25667 4.62044 4.96813 5.19593 5.21781 5.21197 5.19494 5.18626 5.17828 5.15361 5.14747 5.12794 5.09851 2.25516 -2.82448 -9999 -9999 -9999 -9999 -9999 -9999
-9999 -9999 -9999 -9999 -9999 6.29555 7.59928 9.54724 10.0264 9.97673 10.373 10.4001 10.0034 9.65741 8.63995 7.25357 4.6 5.26899 6.67302 8.70125 9.76921 9.62918 9.04571 8.02272 5.53769 3.3644 3.1082 2.75955 1.06446 -0.46079 -2.35223 -1.25137 -0.047727 1.26688 1.95456 1.76885 3.14663 4.26731 3.77783 4.68453 5.74378 5.24831 4.9511 4.70014 4.10141 4.05609 4.10787 4.86769 4.32572 4.64325 4.64705 4.61752 4.78884 4.98791 5.19791 5.22377 5.21446 5.20891 5.17456 5.17527 5.15467 5.13456 5.11575 5.08924 4.82539 2.08414 0.444632 -9999 -9999 -9999 -9999 -9999
-9999 -9999 -9999 -9999 -9999 5.08659 5.73548 8.04301 8.75137 9.76691 10.3024 10.3198 9.65597 9.2827 7.77084 7.27475 4.81934 3.70691 4.64467 4.28415 7.07933 9.55502 9.02664 4.04402 2.24475 0.964154 1.30388 1.3154 0.849164 -1.7571 -2.47505 -0.126599 1.35102 2.49384 3.35814 3.53306 3.49516 5.25289 5.47874 6.04269 5.90742 5.95013 5.04751 4.48511 4.95693 4.39087 4.28623 5.07154 4.27927 4.97782 4.89006 4.6667 4.6448 5.10054 5.18452 5.22414 5.21682 5.18955 5.15706 5.13559 5.14263 5.12781 5.09438 5.0883 5.0556 4.71961 3.29886 2.79749 3.33748 -9999 -9999 -9999
-9999 -9999 -9999 -9999 -9999 -9999 3.57634 6.78443 8.24632 9.01174 10.0907 10.2141 9.85977 9.21845 7.67877 6.3244 4.12887 1.624 0.300179 4.26162 7.71154 9.51486 9.28772 5.14089 3.50918 3.44119 4.41478 3.60804 2.99754 1.02006 0.429038 -0.395732 0.114258 1.70952 3.00737 4.25809 5.16397 5.22909 5.81141 6.14462 6.16214 6.25836 6.14307 6.04723 5.17586 5.76099 5.24684 5.50534 5.32362 5.15871 5.02105 4.51787 4.85538 5.1532 5.22238 5.23442 5.20664 5.19317 5.17097 5.1329 5.11283 5.10276 5.09198 5.06848 5.06065 5.0339 4.86769 4.00985 2.8642 1.41901 -9999 -9999
-9999 -9999 -9999 -9999 -9999 -9999 1.96796 5.16015 6.69465 8.67154 9.68623 10.096 10.0325 9.51147 8.33978 6.58133 5.11622 2.3208 -0.579927 3.57719 7.28846 9.29065 9.40133 5.92118 6.89576 6.12093 6.44387 5.01919 4.43103 3.97401 2.94944 1.82708 0.600088 -0.0542774 2.86683 4.36283 5.56383 6.12453 6.43626 6.58579 6.49165 6.26443 4.95491 5.93517 5.87188 5.76353 5.64091 5.57682 5.465 5.33498 5.26037 5.22461 4.88718 5.24605 5.2241 5.21979 5.21225 5.19326 5.16548 5.13996 5.11059 5.10127 5.08404 5.06321 5.04646 5.03018 5.01157 4.95694 4.72344 2.78507 1.62301 1.29153
-9999 -9999 -9999 -9999 -9999 -9999 -2.52699 2.11864 5.85168 7.79749 9.38411 9.8125 9.96702 9.27151 8.74943 7.48708 6.29229 4.45396 1.70457 0.0119382 3.12642 7.654 9.33409 9.21344 9.11493 8.21692 7.40838 7.31165 7.37858 6.44285 5.06813 3.26289 2.69668 2.06088 4.23536 4.52467 4.35764 6.74435 6.73955 6.59231 5.66407 4.63191 4.81557 4.17553 4.6517 3.88461 4.57134 5.16381 5.37931 5.35146 5.2688 5.24631 5.20018 5.24894 5.23845 5.21872 5.20141 5.18773 5.16926 5.13182 5.10634 5.10669 5.07779 5.0541 5.03796 5.02406 5.01046 4.96769 4.92838 4.62387 4.1702 3.31125
-9999 -9999 -9999 -9999 -9999 -9999 -2.32956 1.57652 4.8887 6.87883 8.78465 9.22076 9.85823 9.71074 9.16479 8.06691 6.698 5.18426 2.82498 1.07197 3.15348 6.16136 8.31566 9.09597 9.10068 9.05396 8.8546 8.7796 8.54615 8.38891 7.39928 5.6915 4.72597 3.31215 5.73586 6.002 5.61435 6.81736 6.74655 4.90296 3.48255 3.29559 4.15101 3.32245 3.16792 2.65569 3.22145 4.7539 4.29142 4.37122 5.06839 5.17344 5.22958 5.23992 5.22562 5.21289 5.19162 5.18398 5.17618 5.13913 5.11669 5.1006 5.06418 5.04903 5.02106 4.99466 4.98119 4.95416 4.91738 4.82511 4.71838 4.80752
-9999 -9999 -9999 -9999 -9999 -9999 -2.25466 0.371404 3.35141 6.28253 8.31853 9.1352 9.72753 9.71341 9.08054 8.53151 7.67125 6.339 5.42477 3.84175 1.6715 5.30787 6.42757 7.43095 7.85649 8.89847 8.87779 8.40692 7.87335 8.38724 8.23515 6.88416 6.43795 5.68473 7.03039 7.02715 6.98198 6.90078 5.34269 3.18008 1.44904 2.67617 2.40661 2.97217 1.20113 2.63682 3.79282 4.16147 3.36824 2.77118 4.58775 4.86983 5.0393 5.14455 5.21052 5.18294 5.19215 5.17203 5.15718 5.14167 5.1163 5.09698 5.07128 5.04525 5.0192 4.99461 4.96455 4.92159 4.91157 4.86807 4.84311 4.81868
-9999 -9999 -9999 -9999 -9999 -9999 -9999 -1.18603 2.60127 5.97404 7.84859 9.02462 9.5937 9.57597 9.24913 8.87442 8.33888 7.37644 6.16979 4.26649 2.8541 3.74949 4.84695 4.97794 5.70766 7.81865 8.54203 7.52469 5.01398 6.50308 8.16387 8.13565 7.99148 7.82924 7.62294 7.43366 7.02606 5.94596 2.65373 1.99617 0.698014 0.833815 0.162511 1.60373 1.05418 2.52652 3.15911 3.39203 2.01202 2.30227 3.89276 4.5208 4.40575 4.78795 5.15829 5.16129 5.16272 5.14372 5.14232 5.13572 5.11981 5.08673 5.06411 5.04481 5.00287 4.99251 4.86084 4.77249 4.60331 4.79457 4.80645 4.79309
-9999 -9999 -9999 -9999 -9999 -9999 -9999 -1.93476 1.83658 5.80984 7.08108 8.34978 9.44368 9.45829 8.96294 8.49195 8.0076 7.45774 5.99494 4.57733 3.22483 2.77064 3.04289 3.03296 4.21065 6.95873 7.49259 7.26782 4.64351 3.75143 5.96936 7.83227 7.97613 7.80299 5.60331 6.06457 4.87357 3.25996 2.80937 2.09734 0.602572 1.30746 0.209577 0.665848 0.541044 1.37273 1.77335 2.76477 1.56087 1.56707 3.12742 3.91557 3.92633 4.75436 5.04386 5.11312 5.12378 5.12874 5.12301 5.12667 5.10931 5.08725 5.06115 5.01143 4.90656 4.60196 3.00112 2.99413 3.4215 3.82604 4.56647 4.75471
-9999 -9999 -9999 -9999 -9999 -9999 -9999 -1.50297 1.11235 4.63727 7.2465 7.40442 8.66947 9.31938 8.78165 8.17737 7.5598 7.28751 5.69579 3.94859 2.53722 0.867855 1.14209 2.33992 4.31051 6.08539 6.40373 6.03808 4.63619 5.30251 6.81408 7.61511 7.84866 7.6578 7.17458 6.89226 6.01349 5.62792 4.40877 2.50672 1.75178 2.21451 0.194963 0.325675 1.05917 0.27062 1.56264 2.1761 0.624119 1.8393 3.22779 3.93312 4.54879 4.83546 4.94431 5.11608 5.11175 5.11775 5.11668 5.10453 5.09477 5.05565 5.02149 4.84295 4.58439 3.0943 2.46249 2.5743 3.24988 3.84081 4.44061 4.68953
-9999 -9999 -9999 -9999 -9999 -9999 -9999 -1.0614 1.2927 4.3483 6.20694 6.53433 7.93818 9.18588 9.03982 8.41156 8.21677 7.56688 6.21628 4.7256 3.0973 2.30515 0.486958 2.27544 3.70214 5.2045 5.90753 4.75826 4.17443 5.20483 6.22856 6.63539 7.66784 7.65348 7.31046 5.84845 5.13169 5.4243 5.11125 4.56859 3.25654 3.18932 2.34284 1.98664 1.64966 0.587193 1.25629 1.31478 1.47907 2.9494 3.66723 4.14005 4.56941 4.67529 4.85684 5.0952 5.10774 5.10725 5.09663 5.09159 5.06356 4.98317 4.91376 4.56453 3.95408 2.82379 0.992719 2.26322 3.59252 3.96697 4.34319 4.53673
-9999 -9999 -9999 -9999 -9999 -9999 -9999 -1.46867 1.03239 3.64303 4.73096 4.91059 7.45657 9.01323 9.01011 8.70945 8.35961 6.76105 6.85061 6.52841 5.05903 2.92059 0.572792 0.791779 2.19474 4.18384 4.83986 2.93176 2.25212 2.74883 4.29742 5.6827 7.1286 7.49215 7.06134 4.7889 2.37375 3.48349 4.66924 4.65437 4.29558 3.07811 2.68523 2.32857 1.43747 -0.0628352 0.155824 0.56159 2.22097 2.73884 3.54463 4.21233 3.94723 4.0871 4.72575 5.08817 5.09272 5.0898 5.09236 5.07401 5.04185 4.89154 4.73286 4.47337 2.89778 1.91422 0.484803 2.11969 3.0225 3.47793 4.33717 4.53505
-9999 -9999 -9999 -9999 -9999 -9999 -9999 -2.24999 -0.436642 2.05836 3.06029 4.66199 7.0677 8.248 8.81091 8.79297 8.55814 7.83977 7.40652 6.5573 5.02862 2.94 0.61907 -0.892104 -0.125858 2.55431 3.18674 1.42541 0.523406 1.64171 3.29183 5.73604 7.13036 7.31431 7.18228 6.70879 4.94371 2.812 2.81155 3.86902 2.96905 1.92413 2.48512 2.37055 1.49064 0.848044 0.463786 0.684741 1.63654 2.01966 2.95188 4.33274 4.5221 4.47287 5.04876 5.06839 5.07239 5.08474 5.0742 5.05886 5.03119 4.90666 4.64023 3.58794 2.66893 1.39446 1.22774 2.67807 3.29329 3.87455 4.29053 4.41939
-9999 -9999 -9999 -9999 -9999 -9999 -9999 -3.59153 -1.45714 0.879682 3.0673 5.13667 6.91689 7.04908 7.98547 7.97886 8.46736 8.32128 7.65541 6.93948 5.62177 2.93921 0.683545 -1.77586 -1.12953 1.59677 1.96953 0.781712 -1.41133 0.847802 3.33897 5.59588 6.81526 5.85073 6.82841 6.74144 6.07586 4.80396 2.82991 2.85909 1.37709 1.30434 2.05232 2.28894 2.15371 1.66903 0.902989 1.02213 1.59959 1.73618 2.59186 3.66061 4.70536 4.87262 5.06391 5.0627 5.05613 5.06267 5.05482 5.02278 4.95863 4.82875 3.94488 2.89557 2.24503 1.35362 1.23601 2.91476 3.55839 3.91686 4.27422 4.40882
-9999 -9999 -9999 -9999 -9999 -9999 -9999 -9999 -1.68222 0.732056 2.51694 2.99317 4.57484 5.42623 6.08391 6.22546 8.11331 8.21286 7.78906 7.13101 6.00654 3.97017 2.5509 0.191621 -1.50446 -0.802804 -0.463224 0.157113 -0.0291085 0.976663 3.37025 5.86359 6.1314 4.5397 4.76887 5.09451 5.83165 5.44697 2.7599 1.39052 0.252145 1.04611 1.88156 2.07676 2.10838 1.93608 1.73103 1.4161 2.53474 3.35972 3.54286 4.26101 4.7886 4.92692 5.02871 5.03247 5.03652 5.02673 4.98536 4.95253 4.8073 4.49441 3.50682 1.1464 1.24524 0.980032 0.237917 1.86251 2.88151 3.80296 4.28718 4.40366
-9999 -9999 -9999 -9999 -9999 -9999 -9999 -9999 -2.49392 0.300301 0.885707 0.83565 -0.0975521 0.323261 3.75448 4.44098 6.25116 7.96529 7.8346 7.18886 6.13651 4.92247 3.04494 0.391785 -1.71647 -2.59341 -0.324691 1.90555 2.36257 3.07026 4.53556 4.81059 3.1845 1.65873 2.50655 3.01434 4.96663 5.31676 4.92806 3.30543 1.451 0.478553 1.60672 1.74933 1.808 1.81181 1.75596 1.71119 2.98345 3.67706 4.15493 4.41026 4.86154 4.96927 4.99677 5.02214 5.00365 4.96972 4.88663 4.79348 4.41787 3.96519 2.35409 1.00889 0.165701 -0.901844 1.46677 2.14435 3.10469 3.71863 4.1995 4.29529
